start_time,end_time,low_freq,high_freq,class,class_prob,det_prob,individual,event,input_file,Site name,Recover Folder,SD Card,File Duration
0.0015,0.0389,68437,80038,Rhinolophus ferrumequinum,0.056,0.057,-1,Echolocation,/mnt/ubna_data_02_mir/recover-20221013/UBNA_001/20221012_030000.WAV,Telephone Field,recover-20221013,001,1795
0.0015,0.0107,23750,32376,Nyctalus leisleri,0.01,0.03,-1,Echolocation,/mnt/ubna_data_02_mir/recover-20221013/UBNA_001/20221012_030000.WAV,Telephone Field,recover-20221013,001,1795
0.0085,0.0537,68437,82413,Rhinolophus ferrumequinum,0.031,0.031,-1,Echolocation,/mnt/ubna_data_02_mir/recover-20221013/UBNA_001/20221012_030000.WAV,Telephone Field,recover-20221013,001,1795
0.0785,0.0859,24609,33031,Plecotus austriacus,0.006,0.021,-1,Echolocation,/mnt/ubna_data_02_mir/recover-20221013/UBNA_001/20221012_030000.WAV,Telephone Field,recover-20221013,001,1795
0.0865,0.1241,68437,81431,Rhinolophus ferrumequinum,0.021,0.021,-1,Echolocation,/mnt/ubna_data_02_mir/recover-20221013/UBNA_001/20221012_030000.WAV,Telephone Field,recover-20221013,001,1795
0.0955,0.1338,68437,82248,Rhinolophus ferrumequinum,0.022,0.022,-1,Echolocation,/mnt/ubna_data_02_mir/recover-20221013/UBNA_001/20221012_030000.WAV,Telephone Field,recover-20221013,001,1795
0.1135,0.1529,68437,82709,Rhinolophus ferrumequinum,0.025,0.025,-1,Echolocation,/mnt/ubna_data_02_mir/recover-20221013/UBNA_001/20221012_030000.WAV,Telephone Field,recover-20221013,001,1795
0.1265,0.1341,28046,38839,Eptesicus serotinus,0.006,0.022,-1,Echolocation,/mnt/ubna_data_02_mir/recover-20221013/UBNA_001/20221012_030000.WAV,Telephone Field,recover-20221013,001,1795
0.1415,0.1783,68437,81847,Rhinolophus ferrumequinum,0.023,0.023,-1,Echolocation,/mnt/ubna_data_02_mir/recover-20221013/UBNA_001/20221012_030000.WAV,Telephone Field,recover-20221013,001,1795
0.1655,0.2048,68437,81709,Rhinolophus ferrumequinum,0.023,0.023,-1,Echolocation,/mnt/ubna_data_02_mir/recover-20221013/UBNA_001/20221012_030000.WAV,Telephone Field,recover-20221013,001,1795
0.1685,0.1883,17734,20972,Nyctalus noctula,0.012,0.022,-1,Echolocation,/mnt/ubna_data_02_mir/recover-20221013/UBNA_001/20221012_030000.WAV,Telephone Field,recover-20221013,001,1795
0.1795,0.1868,23750,32693,Plecotus austriacus,0.011,0.025,-1,Echolocation,/mnt/ubna_data_02_mir/recover-20221013/UBNA_001/20221012_030000.WAV,Telephone Field,recover-20221013,001,1795
0.2195,0.2587,68437,82214,Rhinolophus ferrumequinum,0.022,0.022,-1,Echolocation,/mnt/ubna_data_02_mir/recover-20221013/UBNA_001/20221012_030000.WAV,Telephone Field,recover-20221013,001,1795
0.2395,0.2804,68437,82666,Rhinolophus ferrumequinum,0.025,0.025,-1,Echolocation,/mnt/ubna_data_02_mir/recover-20221013/UBNA_001/20221012_030000.WAV,Telephone Field,recover-20221013,001,1795
0.2515,0.2565,42656,54277,Myotis nattereri,0.006,0.022,-1,Echolocation,/mnt/ubna_data_02_mir/recover-20221013/UBNA_001/20221012_030000.WAV,Telephone Field,recover-20221013,001,1795
0.2645,0.3076,68437,83140,Rhinolophus ferrumequinum,0.029,0.029,-1,Echolocation,/mnt/ubna_data_02_mir/recover-20221013/UBNA_001/20221012_030000.WAV,Telephone Field,recover-20221013,001,1795
0.2645,0.2739,28906,38240,Eptesicus serotinus,0.01,0.025,-1,Echolocation,/mnt/ubna_data_02_mir/recover-20221013/UBNA_001/20221012_030000.WAV,Telephone Field,recover-20221013,001,1795
0.3155,0.3553,68437,82503,Rhinolophus ferrumequinum,0.021,0.021,-1,Echolocation,/mnt/ubna_data_02_mir/recover-20221013/UBNA_001/20221012_030000.WAV,Telephone Field,recover-20221013,001,1795
0.3495,0.3871,68437,82025,Rhinolophus ferrumequinum,0.025,0.025,-1,Echolocation,/mnt/ubna_data_02_mir/recover-20221013/UBNA_001/20221012_030000.WAV,Telephone Field,recover-20221013,001,1795
0.3815,0.4212,68437,82418,Rhinolophus ferrumequinum,0.021,0.021,-1,Echolocation,/mnt/ubna_data_02_mir/recover-20221013/UBNA_001/20221012_030000.WAV,Telephone Field,recover-20221013,001,1795
0.3855,0.3954,24609,31406,Nyctalus leisleri,0.008,0.021,-1,Echolocation,/mnt/ubna_data_02_mir/recover-20221013/UBNA_001/20221012_030000.WAV,Telephone Field,recover-20221013,001,1795
0.4045,0.4145,22890,29381,Nyctalus leisleri,0.009,0.024,-1,Echolocation,/mnt/ubna_data_02_mir/recover-20221013/UBNA_001/20221012_030000.WAV,Telephone Field,recover-20221013,001,1795
0.4055,0.4427,68437,82441,Rhinolophus ferrumequinum,0.028,0.028,-1,Echolocation,/mnt/ubna_data_02_mir/recover-20221013/UBNA_001/20221012_030000.WAV,Telephone Field,recover-20221013,001,1795
0.4225,0.462,68437,82215,Rhinolophus ferrumequinum,0.022,0.022,-1,Echolocation,/mnt/ubna_data_02_mir/recover-20221013/UBNA_001/20221012_030000.WAV,Telephone Field,recover-20221013,001,1795
0.4635,0.4729,28906,37586,Eptesicus serotinus,0.008,0.021,-1,Echolocation,/mnt/ubna_data_02_mir/recover-20221013/UBNA_001/20221012_030000.WAV,Telephone Field,recover-20221013,001,1795
0.4695,0.5103,68437,82395,Rhinolophus ferrumequinum,0.024,0.024,-1,Echolocation,/mnt/ubna_data_02_mir/recover-20221013/UBNA_001/20221012_030000.WAV,Telephone Field,recover-20221013,001,1795
0.5145,0.5568,68437,82722,Rhinolophus ferrumequinum,0.031,0.031,-1,Echolocation,/mnt/ubna_data_02_mir/recover-20221013/UBNA_001/20221012_030000.WAV,Telephone Field,recover-20221013,001,1795
0.5425,0.5821,68437,83050,Rhinolophus ferrumequinum,0.025,0.025,-1,Echolocation,/mnt/ubna_data_02_mir/recover-20221013/UBNA_001/20221012_030000.WAV,Telephone Field,recover-20221013,001,1795
0.5445,0.5539,28906,39225,Eptesicus serotinus,0.008,0.023,-1,Echolocation,/mnt/ubna_data_02_mir/recover-20221013/UBNA_001/20221012_030000.WAV,Telephone Field,recover-20221013,001,1795
0.5685,0.5763,25468,34211,Eptesicus serotinus,0.006,0.021,-1,Echolocation,/mnt/ubna_data_02_mir/recover-20221013/UBNA_001/20221012_030000.WAV,Telephone Field,recover-20221013,001,1795
0.5845,0.6245,68437,82062,Rhinolophus ferrumequinum,0.023,0.023,-1,Echolocation,/mnt/ubna_data_02_mir/recover-20221013/UBNA_001/20221012_030000.WAV,Telephone Field,recover-20221013,001,1795
0.5945,0.6349,68437,82703,Rhinolophus ferrumequinum,0.023,0.023,-1,Echolocation,/mnt/ubna_data_02_mir/recover-20221013/UBNA_001/20221012_030000.WAV,Telephone Field,recover-20221013,001,1795
0.6075,0.6172,24609,30979,Nyctalus leisleri,0.008,0.023,-1,Echolocation,/mnt/ubna_data_02_mir/recover-20221013/UBNA_001/20221012_030000.WAV,Telephone Field,recover-20221013,001,1795
0.6435,0.651,27187,37528,Eptesicus serotinus,0.008,0.021,-1,Echolocation,/mnt/ubna_data_02_mir/recover-20221013/UBNA_001/20221012_030000.WAV,Telephone Field,recover-20221013,001,1795
0.6555,0.6942,68437,82449,Rhinolophus ferrumequinum,0.025,0.025,-1,Echolocation,/mnt/ubna_data_02_mir/recover-20221013/UBNA_001/20221012_030000.WAV,Telephone Field,recover-20221013,001,1795
0.6625,0.673,28906,35730,Eptesicus serotinus,0.014,0.028,-1,Echolocation,/mnt/ubna_data_02_mir/recover-20221013/UBNA_001/20221012_030000.WAV,Telephone Field,recover-20221013,001,1795
0.7005,0.7419,68437,82683,Rhinolophus ferrumequinum,0.025,0.025,-1,Echolocation,/mnt/ubna_data_02_mir/recover-20221013/UBNA_001/20221012_030000.WAV,Telephone Field,recover-20221013,001,1795
0.7105,0.7451,68437,80888,Rhinolophus ferrumequinum,0.022,0.022,-1,Echolocation,/mnt/ubna_data_02_mir/recover-20221013/UBNA_001/20221012_030000.WAV,Telephone Field,recover-20221013,001,1795
0.7495,0.784,68437,80942,Rhinolophus ferrumequinum,0.023,0.024,-1,Echolocation,/mnt/ubna_data_02_mir/recover-20221013/UBNA_001/20221012_030000.WAV,Telephone Field,recover-20221013,001,1795
0.7655,0.8032,68437,81822,Rhinolophus ferrumequinum,0.024,0.024,-1,Echolocation,/mnt/ubna_data_02_mir/recover-20221013/UBNA_001/20221012_030000.WAV,Telephone Field,recover-20221013,001,1795
0.7775,0.8164,68437,81764,Rhinolophus ferrumequinum,0.03,0.03,-1,Echolocation,/mnt/ubna_data_02_mir/recover-20221013/UBNA_001/20221012_030000.WAV,Telephone Field,recover-20221013,001,1795
0.7785,0.7865,28046,40783,Eptesicus serotinus,0.009,0.027,-1,Echolocation,/mnt/ubna_data_02_mir/recover-20221013/UBNA_001/20221012_030000.WAV,Telephone Field,recover-20221013,001,1795
0.8025,0.8124,28046,37425,Eptesicus serotinus,0.01,0.023,-1,Echolocation,/mnt/ubna_data_02_mir/recover-20221013/UBNA_001/20221012_030000.WAV,Telephone Field,recover-20221013,001,1795
0.8235,0.8288,28906,42844,Plecotus auritus,0.023,0.06,-1,Echolocation,/mnt/ubna_data_02_mir/recover-20221013/UBNA_001/20221012_030000.WAV,Telephone Field,recover-20221013,001,1795
0.8675,0.9048,68437,81769,Rhinolophus ferrumequinum,0.021,0.021,-1,Echolocation,/mnt/ubna_data_02_mir/recover-20221013/UBNA_001/20221012_030000.WAV,Telephone Field,recover-20221013,001,1795
0.8835,0.8914,28046,41125,Eptesicus serotinus,0.008,0.024,-1,Echolocation,/mnt/ubna_data_02_mir/recover-20221013/UBNA_001/20221012_030000.WAV,Telephone Field,recover-20221013,001,1795
0.8985,0.9355,68437,81884,Rhinolophus ferrumequinum,0.022,0.022,-1,Echolocation,/mnt/ubna_data_02_mir/recover-20221013/UBNA_001/20221012_030000.WAV,Telephone Field,recover-20221013,001,1795
0.9135,0.956,68437,82717,Rhinolophus ferrumequinum,0.022,0.022,-1,Echolocation,/mnt/ubna_data_02_mir/recover-20221013/UBNA_001/20221012_030000.WAV,Telephone Field,recover-20221013,001,1795
0.9225,0.9295,28906,40054,Eptesicus serotinus,0.006,0.021,-1,Echolocation,/mnt/ubna_data_02_mir/recover-20221013/UBNA_001/20221012_030000.WAV,Telephone Field,recover-20221013,001,1795
0.9555,0.9626,32343,44035,Myotis daubentonii,0.01,0.036,-1,Echolocation,/mnt/ubna_data_02_mir/recover-20221013/UBNA_001/20221012_030000.WAV,Telephone Field,recover-20221013,001,1795
0.9555,0.9902,68437,81530,Rhinolophus ferrumequinum,0.022,0.022,-1,Echolocation,/mnt/ubna_data_02_mir/recover-20221013/UBNA_001/20221012_030000.WAV,Telephone Field,recover-20221013,001,1795
1.0335,1.0692,68437,81880,Rhinolophus ferrumequinum,0.035,0.035,-1,Echolocation,/mnt/ubna_data_02_mir/recover-20221013/UBNA_001/20221012_030000.WAV,Telephone Field,recover-20221013,001,1795
1.0465,1.0861,68437,83220,Rhinolophus ferrumequinum,0.026,0.026,-1,Echolocation,/mnt/ubna_data_02_mir/recover-20221013/UBNA_001/20221012_030000.WAV,Telephone Field,recover-20221013,001,1795
1.1055,1.1133,27187,40627,Eptesicus serotinus,0.007,0.021,-1,Echolocation,/mnt/ubna_data_02_mir/recover-20221013/UBNA_001/20221012_030000.WAV,Telephone Field,recover-20221013,001,1795
1.1185,1.1554,68437,81442,Rhinolophus ferrumequinum,0.022,0.022,-1,Echolocation,/mnt/ubna_data_02_mir/recover-20221013/UBNA_001/20221012_030000.WAV,Telephone Field,recover-20221013,001,1795
1.1545,1.1957,68437,82720,Rhinolophus ferrumequinum,0.023,0.023,-1,Echolocation,/mnt/ubna_data_02_mir/recover-20221013/UBNA_001/20221012_030000.WAV,Telephone Field,recover-20221013,001,1795
1.2305,1.2404,45234,48707,Pipistrellus pipistrellus,0.043,0.045,-1,Echolocation,/mnt/ubna_data_02_mir/recover-20221013/UBNA_001/20221012_030000.WAV,Telephone Field,recover-20221013,001,1795
1.2315,1.2722,68437,81831,Rhinolophus ferrumequinum,0.025,0.025,-1,Echolocation,/mnt/ubna_data_02_mir/recover-20221013/UBNA_001/20221012_030000.WAV,Telephone Field,recover-20221013,001,1795
1.2525,1.2938,68437,82713,Rhinolophus ferrumequinum,0.025,0.025,-1,Echolocation,/mnt/ubna_data_02_mir/recover-20221013/UBNA_001/20221012_030000.WAV,Telephone Field,recover-20221013,001,1795
1.2625,1.3054,68437,83236,Rhinolophus ferrumequinum,0.025,0.025,-1,Echolocation,/mnt/ubna_data_02_mir/recover-20221013/UBNA_001/20221012_030000.WAV,Telephone Field,recover-20221013,001,1795
1.2965,1.3325,68437,81660,Rhinolophus ferrumequinum,0.022,0.022,-1,Echolocation,/mnt/ubna_data_02_mir/recover-20221013/UBNA_001/20221012_030000.WAV,Telephone Field,recover-20221013,001,1795
1.3135,1.3528,68437,82439,Rhinolophus ferrumequinum,0.024,0.024,-1,Echolocation,/mnt/ubna_data_02_mir/recover-20221013/UBNA_001/20221012_030000.WAV,Telephone Field,recover-20221013,001,1795
1.3135,1.322,28046,39754,Eptesicus serotinus,0.007,0.021,-1,Echolocation,/mnt/ubna_data_02_mir/recover-20221013/UBNA_001/20221012_030000.WAV,Telephone Field,recover-20221013,001,1795
1.3275,1.3677,68437,82370,Rhinolophus ferrumequinum,0.026,0.026,-1,Echolocation,/mnt/ubna_data_02_mir/recover-20221013/UBNA_001/20221012_030000.WAV,Telephone Field,recover-20221013,001,1795
1.3355,1.3753,68437,82530,Rhinolophus ferrumequinum,0.023,0.023,-1,Echolocation,/mnt/ubna_data_02_mir/recover-20221013/UBNA_001/20221012_030000.WAV,Telephone Field,recover-20221013,001,1795
1.3525,1.3915,68437,81954,Rhinolophus ferrumequinum,0.021,0.021,-1,Echolocation,/mnt/ubna_data_02_mir/recover-20221013/UBNA_001/20221012_030000.WAV,Telephone Field,recover-20221013,001,1795
1.3575,1.3935,68437,81665,Rhinolophus ferrumequinum,0.021,0.021,-1,Echolocation,/mnt/ubna_data_02_mir/recover-20221013/UBNA_001/20221012_030000.WAV,Telephone Field,recover-20221013,001,1795
1.3685,1.3774,22890,30701,Plecotus austriacus,0.018,0.055,-1,Echolocation,/mnt/ubna_data_02_mir/recover-20221013/UBNA_001/20221012_030000.WAV,Telephone Field,recover-20221013,001,1795
1.4045,1.4416,68437,81927,Rhinolophus ferrumequinum,0.021,0.021,-1,Echolocation,/mnt/ubna_data_02_mir/recover-20221013/UBNA_001/20221012_030000.WAV,Telephone Field,recover-20221013,001,1795
1.4055,1.4119,28046,40034,Eptesicus serotinus,0.006,0.024,-1,Echolocation,/mnt/ubna_data_02_mir/recover-20221013/UBNA_001/20221012_030000.WAV,Telephone Field,recover-20221013,001,1795
1.4305,1.4674,68437,81672,Rhinolophus ferrumequinum,0.024,0.024,-1,Echolocation,/mnt/ubna_data_02_mir/recover-20221013/UBNA_001/20221012_030000.WAV,Telephone Field,recover-20221013,001,1795
1.4515,1.4622,22890,27861,Nyctalus leisleri,0.011,0.022,-1,Echolocation,/mnt/ubna_data_02_mir/recover-20221013/UBNA_001/20221012_030000.WAV,Telephone Field,recover-20221013,001,1795
1.4675,1.4737,33203,45830,Myotis daubentonii,0.014,0.032,-1,Echolocation,/mnt/ubna_data_02_mir/recover-20221013/UBNA_001/20221012_030000.WAV,Telephone Field,recover-20221013,001,1795
1.4795,1.4867,50390,57839,Pipistrellus pipistrellus,0.017,0.021,-1,Echolocation,/mnt/ubna_data_02_mir/recover-20221013/UBNA_001/20221012_030000.WAV,Telephone Field,recover-20221013,001,1795
1.4805,1.4863,23750,41116,Plecotus austriacus,0.014,0.034,-1,Echolocation,/mnt/ubna_data_02_mir/recover-20221013/UBNA_001/20221012_030000.WAV,Telephone Field,recover-20221013,001,1795
1.4965,1.5354,68437,82127,Rhinolophus ferrumequinum,0.021,0.021,-1,Echolocation,/mnt/ubna_data_02_mir/recover-20221013/UBNA_001/20221012_030000.WAV,Telephone Field,recover-20221013,001,1795
1.5005,1.5092,46953,50970,Pipistrellus pipistrellus,0.021,0.022,-1,Echolocation,/mnt/ubna_data_02_mir/recover-20221013/UBNA_001/20221012_030000.WAV,Telephone Field,recover-20221013,001,1795
1.5545,1.5928,68437,82057,Rhinolophus ferrumequinum,0.022,0.022,-1,Echolocation,/mnt/ubna_data_02_mir/recover-20221013/UBNA_001/20221012_030000.WAV,Telephone Field,recover-20221013,001,1795
1.5565,1.5631,25468,39721,Plecotus austriacus,0.005,0.022,-1,Echolocation,/mnt/ubna_data_02_mir/recover-20221013/UBNA_001/20221012_030000.WAV,Telephone Field,recover-20221013,001,1795
1.5705,1.6089,68437,82333,Rhinolophus ferrumequinum,0.025,0.025,-1,Echolocation,/mnt/ubna_data_02_mir/recover-20221013/UBNA_001/20221012_030000.WAV,Telephone Field,recover-20221013,001,1795
1.6345,1.6764,68437,82351,Rhinolophus ferrumequinum,0.023,0.023,-1,Echolocation,/mnt/ubna_data_02_mir/recover-20221013/UBNA_001/20221012_030000.WAV,Telephone Field,recover-20221013,001,1795
1.6465,1.6568,29765,36433,Eptesicus serotinus,0.012,0.028,-1,Echolocation,/mnt/ubna_data_02_mir/recover-20221013/UBNA_001/20221012_030000.WAV,Telephone Field,recover-20221013,001,1795
1.6665,1.6755,22890,29962,Plecotus austriacus,0.008,0.022,-1,Echolocation,/mnt/ubna_data_02_mir/recover-20221013/UBNA_001/20221012_030000.WAV,Telephone Field,recover-20221013,001,1795
1.6715,1.7084,68437,81878,Rhinolophus ferrumequinum,0.025,0.025,-1,Echolocation,/mnt/ubna_data_02_mir/recover-20221013/UBNA_001/20221012_030000.WAV,Telephone Field,recover-20221013,001,1795
1.6935,1.7028,25468,34101,Eptesicus serotinus,0.014,0.034,-1,Echolocation,/mnt/ubna_data_02_mir/recover-20221013/UBNA_001/20221012_030000.WAV,Telephone Field,recover-20221013,001,1795
1.7025,1.7409,68437,81553,Rhinolophus ferrumequinum,0.022,0.022,-1,Echolocation,/mnt/ubna_data_02_mir/recover-20221013/UBNA_001/20221012_030000.WAV,Telephone Field,recover-20221013,001,1795
1.7395,1.747,28906,40943,Eptesicus serotinus,0.007,0.025,-1,Echolocation,/mnt/ubna_data_02_mir/recover-20221013/UBNA_001/20221012_030000.WAV,Telephone Field,recover-20221013,001,1795
1.7665,1.78,27187,32800,Eptesicus serotinus,0.017,0.035,-1,Echolocation,/mnt/ubna_data_02_mir/recover-20221013/UBNA_001/20221012_030000.WAV,Telephone Field,recover-20221013,001,1795
1.7695,1.7761,51250,57626,Pipistrellus pipistrellus,0.018,0.021,-1,Echolocation,/mnt/ubna_data_02_mir/recover-20221013/UBNA_001/20221012_030000.WAV,Telephone Field,recover-20221013,001,1795
1.7825,1.7904,27187,38986,Eptesicus serotinus,0.007,0.025,-1,Echolocation,/mnt/ubna_data_02_mir/recover-20221013/UBNA_001/20221012_030000.WAV,Telephone Field,recover-20221013,001,1795
1.8065,1.8458,68437,82146,Rhinolophus ferrumequinum,0.023,0.023,-1,Echolocation,/mnt/ubna_data_02_mir/recover-20221013/UBNA_001/20221012_030000.WAV,Telephone Field,recover-20221013,001,1795
1.8185,1.8589,68437,82397,Rhinolophus ferrumequinum,0.026,0.026,-1,Echolocation,/mnt/ubna_data_02_mir/recover-20221013/UBNA_001/20221012_030000.WAV,Telephone Field,recover-20221013,001,1795
1.8325,1.8723,68437,82425,Rhinolophus ferrumequinum,0.022,0.022,-1,Echolocation,/mnt/ubna_data_02_mir/recover-20221013/UBNA_001/20221012_030000.WAV,Telephone Field,recover-20221013,001,1795
1.8335,1.843,29765,37994,Eptesicus serotinus,0.009,0.025,-1,Echolocation,/mnt/ubna_data_02_mir/recover-20221013/UBNA_001/20221012_030000.WAV,Telephone Field,recover-20221013,001,1795
1.8425,1.8801,68437,81652,Rhinolophus ferrumequinum,0.023,0.023,-1,Echolocation,/mnt/ubna_data_02_mir/recover-20221013/UBNA_001/20221012_030000.WAV,Telephone Field,recover-20221013,001,1795
1.8805,1.9164,68437,81468,Rhinolophus ferrumequinum,0.022,0.022,-1,Echolocation,/mnt/ubna_data_02_mir/recover-20221013/UBNA_001/20221012_030000.WAV,Telephone Field,recover-20221013,001,1795
1.8915,1.9291,68437,81931,Rhinolophus ferrumequinum,0.022,0.022,-1,Echolocation,/mnt/ubna_data_02_mir/recover-20221013/UBNA_001/20221012_030000.WAV,Telephone Field,recover-20221013,001,1795
1.8915,1.9011,28906,38092,Eptesicus serotinus,0.01,0.026,-1,Echolocation,/mnt/ubna_data_02_mir/recover-20221013/UBNA_001/20221012_030000.WAV,Telephone Field,recover-20221013,001,1795
1.9155,1.9546,68437,82092,Rhinolophus ferrumequinum,0.026,0.026,-1,Echolocation,/mnt/ubna_data_02_mir/recover-20221013/UBNA_001/20221012_030000.WAV,Telephone Field,recover-20221013,001,1795
1.9425,1.9531,28906,35838,Eptesicus serotinus,0.015,0.029,-1,Echolocation,/mnt/ubna_data_02_mir/recover-20221013/UBNA_001/20221012_030000.WAV,Telephone Field,recover-20221013,001,1795
2.0015,2.0372,68437,80337,Rhinolophus ferrumequinum,0.062,0.062,-1,Echolocation,/mnt/ubna_data_02_mir/recover-20221013/UBNA_001/20221012_030000.WAV,Telephone Field,recover-20221013,001,1795
2.0015,2.0107,22890,30683,Nyctalus leisleri,0.009,0.025,-1,Echolocation,/mnt/ubna_data_02_mir/recover-20221013/UBNA_001/20221012_030000.WAV,Telephone Field,recover-20221013,001,1795
2.0075,2.0463,68437,81201,Rhinolophus ferrumequinum,0.026,0.026,-1,Echolocation,/mnt/ubna_data_02_mir/recover-20221013/UBNA_001/20221012_030000.WAV,Telephone Field,recover-20221013,001,1795
2.0235,2.0314,28046,40114,Eptesicus serotinus,0.007,0.021,-1,Echolocation,/mnt/ubna_data_02_mir/recover-20221013/UBNA_001/20221012_030000.WAV,Telephone Field,recover-20221013,001,1795
2.0245,2.0318,23750,32376,Plecotus austriacus,0.009,0.021,-1,Echolocation,/mnt/ubna_data_02_mir/recover-20221013/UBNA_001/20221012_030000.WAV,Telephone Field,recover-20221013,001,1795
2.0375,2.0771,68437,82215,Rhinolophus ferrumequinum,0.021,0.021,-1,Echolocation,/mnt/ubna_data_02_mir/recover-20221013/UBNA_001/20221012_030000.WAV,Telephone Field,recover-20221013,001,1795
2.0395,2.0471,24609,32653,Plecotus austriacus,0.006,0.022,-1,Echolocation,/mnt/ubna_data_02_mir/recover-20221013/UBNA_001/20221012_030000.WAV,Telephone Field,recover-20221013,001,1795
2.0595,2.1003,68437,81959,Rhinolophus ferrumequinum,0.025,0.025,-1,Echolocation,/mnt/ubna_data_02_mir/recover-20221013/UBNA_001/20221012_030000.WAV,Telephone Field,recover-20221013,001,1795
2.0705,2.1098,68437,82797,Rhinolophus ferrumequinum,0.025,0.025,-1,Echolocation,/mnt/ubna_data_02_mir/recover-20221013/UBNA_001/20221012_030000.WAV,Telephone Field,recover-20221013,001,1795
2.0795,2.1199,68437,82560,Rhinolophus ferrumequinum,0.021,0.021,-1,Echolocation,/mnt/ubna_data_02_mir/recover-20221013/UBNA_001/20221012_030000.WAV,Telephone Field,recover-20221013,001,1795
2.0945,2.1046,22031,27433,Nyctalus leisleri,0.008,0.02,-1,Echolocation,/mnt/ubna_data_02_mir/recover-20221013/UBNA_001/20221012_030000.WAV,Telephone Field,recover-20221013,001,1795
2.1835,2.2212,68437,81306,Rhinolophus ferrumequinum,0.023,0.023,-1,Echolocation,/mnt/ubna_data_02_mir/recover-20221013/UBNA_001/20221012_030000.WAV,Telephone Field,recover-20221013,001,1795
2.1885,2.2087,19453,21783,Nyctalus leisleri,0.012,0.025,-1,Echolocation,/mnt/ubna_data_02_mir/recover-20221013/UBNA_001/20221012_030000.WAV,Telephone Field,recover-20221013,001,1795
2.2035,2.2152,44375,51278,Pipistrellus pipistrellus,0.022,0.03,-1,Echolocation,/mnt/ubna_data_02_mir/recover-20221013/UBNA_001/20221012_030000.WAV,Telephone Field,recover-20221013,001,1795
2.2205,2.2295,25468,32833,Eptesicus serotinus,0.008,0.021,-1,Echolocation,/mnt/ubna_data_02_mir/recover-20221013/UBNA_001/20221012_030000.WAV,Telephone Field,recover-20221013,001,1795
2.2465,2.2531,50390,55653,Pipistrellus pipistrellus,0.029,0.035,-1,Echolocation,/mnt/ubna_data_02_mir/recover-20221013/UBNA_001/20221012_030000.WAV,Telephone Field,recover-20221013,001,1795
2.2495,2.257,24609,34906,Plecotus austriacus,0.008,0.022,-1,Echolocation,/mnt/ubna_data_02_mir/recover-20221013/UBNA_001/20221012_030000.WAV,Telephone Field,recover-20221013,001,1795
2.3015,2.3126,48671,52879,Pipistrellus pipistrellus,0.021,0.026,-1,Echolocation,/mnt/ubna_data_02_mir/recover-20221013/UBNA_001/20221012_030000.WAV,Telephone Field,recover-20221013,001,1795
2.3235,2.3337,24609,32363,Eptesicus serotinus,0.009,0.026,-1,Echolocation,/mnt/ubna_data_02_mir/recover-20221013/UBNA_001/20221012_030000.WAV,Telephone Field,recover-20221013,001,1795
2.3285,2.3661,68437,82674,Rhinolophus ferrumequinum,0.029,0.029,-1,Echolocation,/mnt/ubna_data_02_mir/recover-20221013/UBNA_001/20221012_030000.WAV,Telephone Field,recover-20221013,001,1795
2.3435,2.3504,27187,41024,Eptesicus serotinus,0.006,0.022,-1,Echolocation,/mnt/ubna_data_02_mir/recover-20221013/UBNA_001/20221012_030000.WAV,Telephone Field,recover-20221013,001,1795
2.3575,2.396,68437,82864,Rhinolophus ferrumequinum,0.022,0.022,-1,Echolocation,/mnt/ubna_data_02_mir/recover-20221013/UBNA_001/20221012_030000.WAV,Telephone Field,recover-20221013,001,1795
2.4465,2.4571,22890,29140,Nyctalus leisleri,0.011,0.029,-1,Echolocation,/mnt/ubna_data_02_mir/recover-20221013/UBNA_001/20221012_030000.WAV,Telephone Field,recover-20221013,001,1795
2.4465,2.4865,68437,82363,Rhinolophus ferrumequinum,0.021,0.021,-1,Echolocation,/mnt/ubna_data_02_mir/recover-20221013/UBNA_001/20221012_030000.WAV,Telephone Field,recover-20221013,001,1795
2.4725,2.48,28046,41945,Eptesicus serotinus,0.01,0.029,-1,Echolocation,/mnt/ubna_data_02_mir/recover-20221013/UBNA_001/20221012_030000.WAV,Telephone Field,recover-20221013,001,1795
2.4875,2.4998,22031,25827,Nyctalus leisleri,0.013,0.023,-1,Echolocation,/mnt/ubna_data_02_mir/recover-20221013/UBNA_001/20221012_030000.WAV,Telephone Field,recover-20221013,001,1795
2.5155,2.5579,68437,82934,Rhinolophus ferrumequinum,0.027,0.027,-1,Echolocation,/mnt/ubna_data_02_mir/recover-20221013/UBNA_001/20221012_030000.WAV,Telephone Field,recover-20221013,001,1795
2.5575,2.5672,23750,30432,Nyctalus leisleri,0.008,0.021,-1,Echolocation,/mnt/ubna_data_02_mir/recover-20221013/UBNA_001/20221012_030000.WAV,Telephone Field,recover-20221013,001,1795
2.6495,2.6665,21171,24674,Nyctalus leisleri,0.014,0.027,-1,Echolocation,/mnt/ubna_data_02_mir/recover-20221013/UBNA_001/20221012_030000.WAV,Telephone Field,recover-20221013,001,1795
2.6655,2.7072,68437,82800,Rhinolophus ferrumequinum,0.024,0.025,-1,Echolocation,/mnt/ubna_data_02_mir/recover-20221013/UBNA_001/20221012_030000.WAV,Telephone Field,recover-20221013,001,1795
2.6885,2.7025,25468,30275,Nyctalus leisleri,0.011,0.025,-1,Echolocation,/mnt/ubna_data_02_mir/recover-20221013/UBNA_001/20221012_030000.WAV,Telephone Field,recover-20221013,001,1795
2.6975,2.7089,23750,28356,Nyctalus leisleri,0.012,0.023,-1,Echolocation,/mnt/ubna_data_02_mir/recover-20221013/UBNA_001/20221012_030000.WAV,Telephone Field,recover-20221013,001,1795
2.7055,2.7453,68437,83041,Rhinolophus ferrumequinum,0.024,0.024,-1,Echolocation,/mnt/ubna_data_02_mir/recover-20221013/UBNA_001/20221012_030000.WAV,Telephone Field,recover-20221013,001,1795
2.7155,2.7234,28046,39303,Eptesicus serotinus,0.009,0.025,-1,Echolocation,/mnt/ubna_data_02_mir/recover-20221013/UBNA_001/20221012_030000.WAV,Telephone Field,recover-20221013,001,1795
2.7445,2.7584,50390,54118,Pipistrellus pipistrellus,0.018,0.027,-1,Echolocation,/mnt/ubna_data_02_mir/recover-20221013/UBNA_001/20221012_030000.WAV,Telephone Field,recover-20221013,001,1795
2.7455,2.7563,28906,37471,Eptesicus serotinus,0.011,0.022,-1,Echolocation,/mnt/ubna_data_02_mir/recover-20221013/UBNA_001/20221012_030000.WAV,Telephone Field,recover-20221013,001,1795
2.7665,2.8059,68437,82617,Rhinolophus ferrumequinum,0.022,0.022,-1,Echolocation,/mnt/ubna_data_02_mir/recover-20221013/UBNA_001/20221012_030000.WAV,Telephone Field,recover-20221013,001,1795
2.8105,2.8529,68437,83498,Rhinolophus ferrumequinum,0.032,0.032,-1,Echolocation,/mnt/ubna_data_02_mir/recover-20221013/UBNA_001/20221012_030000.WAV,Telephone Field,recover-20221013,001,1795
2.8465,2.8829,68437,80938,Rhinolophus ferrumequinum,0.021,0.021,-1,Echolocation,/mnt/ubna_data_02_mir/recover-20221013/UBNA_001/20221012_030000.WAV,Telephone Field,recover-20221013,001,1795
2.8575,2.8952,68437,82108,Rhinolophus ferrumequinum,0.024,0.024,-1,Echolocation,/mnt/ubna_data_02_mir/recover-20221013/UBNA_001/20221012_030000.WAV,Telephone Field,recover-20221013,001,1795
2.8815,2.9154,68437,81190,Rhinolophus ferrumequinum,0.021,0.021,-1,Echolocation,/mnt/ubna_data_02_mir/recover-20221013/UBNA_001/20221012_030000.WAV,Telephone Field,recover-20221013,001,1795
3.0015,3.0433,68437,82348,Rhinolophus ferrumequinum,0.021,0.021,-1,Echolocation,/mnt/ubna_data_02_mir/recover-20221013/UBNA_001/20221012_030000.WAV,Telephone Field,recover-20221013,001,1795
3.0105,3.0198,28906,38434,Eptesicus serotinus,0.013,0.034,-1,Echolocation,/mnt/ubna_data_02_mir/recover-20221013/UBNA_001/20221012_030000.WAV,Telephone Field,recover-20221013,001,1795
3.0235,3.0647,68437,82860,Rhinolophus ferrumequinum,0.021,0.021,-1,Echolocation,/mnt/ubna_data_02_mir/recover-20221013/UBNA_001/20221012_030000.WAV,Telephone Field,recover-20221013,001,1795
3.0355,3.0448,28046,37078,Eptesicus serotinus,0.011,0.026,-1,Echolocation,/mnt/ubna_data_02_mir/recover-20221013/UBNA_001/20221012_030000.WAV,Telephone Field,recover-20221013,001,1795
3.0575,3.0978,68437,82781,Rhinolophus ferrumequinum,0.021,0.021,-1,Echolocation,/mnt/ubna_data_02_mir/recover-20221013/UBNA_001/20221012_030000.WAV,Telephone Field,recover-20221013,001,1795
3.0715,3.1083,68437,81767,Rhinolophus ferrumequinum,0.021,0.021,-1,Echolocation,/mnt/ubna_data_02_mir/recover-20221013/UBNA_001/20221012_030000.WAV,Telephone Field,recover-20221013,001,1795
3.0715,3.0789,24609,32743,Plecotus austriacus,0.007,0.021,-1,Echolocation,/mnt/ubna_data_02_mir/recover-20221013/UBNA_001/20221012_030000.WAV,Telephone Field,recover-20221013,001,1795
3.1185,3.1282,22890,28988,Nyctalus leisleri,0.008,0.022,-1,Echolocation,/mnt/ubna_data_02_mir/recover-20221013/UBNA_001/20221012_030000.WAV,Telephone Field,recover-20221013,001,1795
3.1485,3.1555,23750,33900,Plecotus austriacus,0.01,0.023,-1,Echolocation,/mnt/ubna_data_02_mir/recover-20221013/UBNA_001/20221012_030000.WAV,Telephone Field,recover-20221013,001,1795
3.1615,3.1708,29765,36873,Eptesicus serotinus,0.008,0.024,-1,Echolocation,/mnt/ubna_data_02_mir/recover-20221013/UBNA_001/20221012_030000.WAV,Telephone Field,recover-20221013,001,1795
3.1975,3.2095,22031,26159,Nyctalus leisleri,0.012,0.021,-1,Echolocation,/mnt/ubna_data_02_mir/recover-20221013/UBNA_001/20221012_030000.WAV,Telephone Field,recover-20221013,001,1795
3.2165,3.2553,68437,81689,Rhinolophus ferrumequinum,0.023,0.024,-1,Echolocation,/mnt/ubna_data_02_mir/recover-20221013/UBNA_001/20221012_030000.WAV,Telephone Field,recover-20221013,001,1795
3.2315,3.2713,68437,82982,Rhinolophus ferrumequinum,0.022,0.022,-1,Echolocation,/mnt/ubna_data_02_mir/recover-20221013/UBNA_001/20221012_030000.WAV,Telephone Field,recover-20221013,001,1795
3.2615,3.2784,20312,23604,Nyctalus leisleri,0.013,0.021,-1,Echolocation,/mnt/ubna_data_02_mir/recover-20221013/UBNA_001/20221012_030000.WAV,Telephone Field,recover-20221013,001,1795
3.2675,3.2744,28046,40709,Eptesicus serotinus,0.007,0.023,-1,Echolocation,/mnt/ubna_data_02_mir/recover-20221013/UBNA_001/20221012_030000.WAV,Telephone Field,recover-20221013,001,1795
3.2815,3.3222,68437,82139,Rhinolophus ferrumequinum,0.02,0.02,-1,Echolocation,/mnt/ubna_data_02_mir/recover-20221013/UBNA_001/20221012_030000.WAV,Telephone Field,recover-20221013,001,1795
3.3165,3.3277,22890,29496,Nyctalus leisleri,0.013,0.033,-1,Echolocation,/mnt/ubna_data_02_mir/recover-20221013/UBNA_001/20221012_030000.WAV,Telephone Field,recover-20221013,001,1795
3.3215,3.3324,22890,28716,Nyctalus leisleri,0.014,0.033,-1,Echolocation,/mnt/ubna_data_02_mir/recover-20221013/UBNA_001/20221012_030000.WAV,Telephone Field,recover-20221013,001,1795
3.3505,3.3903,68437,81269,Rhinolophus ferrumequinum,0.025,0.025,-1,Echolocation,/mnt/ubna_data_02_mir/recover-20221013/UBNA_001/20221012_030000.WAV,Telephone Field,recover-20221013,001,1795
3.3585,3.3975,68437,81733,Rhinolophus ferrumequinum,0.021,0.021,-1,Echolocation,/mnt/ubna_data_02_mir/recover-20221013/UBNA_001/20221012_030000.WAV,Telephone Field,recover-20221013,001,1795
3.4035,3.4117,28046,39890,Eptesicus serotinus,0.011,0.03,-1,Echolocation,/mnt/ubna_data_02_mir/recover-20221013/UBNA_001/20221012_030000.WAV,Telephone Field,recover-20221013,001,1795
3.4135,3.4488,68437,81418,Rhinolophus ferrumequinum,0.021,0.021,-1,Echolocation,/mnt/ubna_data_02_mir/recover-20221013/UBNA_001/20221012_030000.WAV,Telephone Field,recover-20221013,001,1795
3.4625,3.5041,68437,82785,Rhinolophus ferrumequinum,0.025,0.025,-1,Echolocation,/mnt/ubna_data_02_mir/recover-20221013/UBNA_001/20221012_030000.WAV,Telephone Field,recover-20221013,001,1795
3.5035,3.5112,28906,39813,Eptesicus serotinus,0.006,0.021,-1,Echolocation,/mnt/ubna_data_02_mir/recover-20221013/UBNA_001/20221012_030000.WAV,Telephone Field,recover-20221013,001,1795
3.5125,3.5494,68437,81562,Rhinolophus ferrumequinum,0.021,0.021,-1,Echolocation,/mnt/ubna_data_02_mir/recover-20221013/UBNA_001/20221012_030000.WAV,Telephone Field,recover-20221013,001,1795
3.5355,3.5417,28906,40937,Eptesicus serotinus,0.006,0.029,-1,Echolocation,/mnt/ubna_data_02_mir/recover-20221013/UBNA_001/20221012_030000.WAV,Telephone Field,recover-20221013,001,1795
3.5615,3.5731,22031,26542,Nyctalus leisleri,0.014,0.027,-1,Echolocation,/mnt/ubna_data_02_mir/recover-20221013/UBNA_001/20221012_030000.WAV,Telephone Field,recover-20221013,001,1795
3.6375,3.6761,68437,81859,Rhinolophus ferrumequinum,0.021,0.021,-1,Echolocation,/mnt/ubna_data_02_mir/recover-20221013/UBNA_001/20221012_030000.WAV,Telephone Field,recover-20221013,001,1795
3.6415,3.6503,23750,31488,Plecotus austriacus,0.008,0.025,-1,Echolocation,/mnt/ubna_data_02_mir/recover-20221013/UBNA_001/20221012_030000.WAV,Telephone Field,recover-20221013,001,1795
3.7075,3.7156,28046,39465,Eptesicus serotinus,0.007,0.021,-1,Echolocation,/mnt/ubna_data_02_mir/recover-20221013/UBNA_001/20221012_030000.WAV,Telephone Field,recover-20221013,001,1795
3.7225,3.758,68437,81321,Rhinolophus ferrumequinum,0.026,0.026,-1,Echolocation,/mnt/ubna_data_02_mir/recover-20221013/UBNA_001/20221012_030000.WAV,Telephone Field,recover-20221013,001,1795
3.7295,3.7643,68437,81037,Rhinolophus ferrumequinum,0.025,0.026,-1,Echolocation,/mnt/ubna_data_02_mir/recover-20221013/UBNA_001/20221012_030000.WAV,Telephone Field,recover-20221013,001,1795
3.7375,3.7478,22890,28258,Nyctalus leisleri,0.009,0.021,-1,Echolocation,/mnt/ubna_data_02_mir/recover-20221013/UBNA_001/20221012_030000.WAV,Telephone Field,recover-20221013,001,1795
3.7905,3.7975,27187,36563,Eptesicus serotinus,0.005,0.023,-1,Echolocation,/mnt/ubna_data_02_mir/recover-20221013/UBNA_001/20221012_030000.WAV,Telephone Field,recover-20221013,001,1795
3.8055,3.8149,27187,36680,Eptesicus serotinus,0.009,0.022,-1,Echolocation,/mnt/ubna_data_02_mir/recover-20221013/UBNA_001/20221012_030000.WAV,Telephone Field,recover-20221013,001,1795
3.8185,3.8566,68437,81597,Rhinolophus ferrumequinum,0.021,0.021,-1,Echolocation,/mnt/ubna_data_02_mir/recover-20221013/UBNA_001/20221012_030000.WAV,Telephone Field,recover-20221013,001,1795
3.8775,3.8941,22890,26758,Nyctalus leisleri,0.02,0.035,-1,Echolocation,/mnt/ubna_data_02_mir/recover-20221013/UBNA_001/20221012_030000.WAV,Telephone Field,recover-20221013,001,1795
3.9875,3.998,23750,30483,Nyctalus leisleri,0.01,0.029,-1,Echolocation,/mnt/ubna_data_02_mir/recover-20221013/UBNA_001/20221012_030000.WAV,Telephone Field,recover-20221013,001,1795
4.0015,4.0156,18593,23042,Nyctalus noctula,0.016,0.037,-1,Echolocation,/mnt/ubna_data_02_mir/recover-20221013/UBNA_001/20221012_030000.WAV,Telephone Field,recover-20221013,001,1795
4.0015,4.033,68437,79752,Rhinolophus ferrumequinum,0.04,0.04,-1,Echolocation,/mnt/ubna_data_02_mir/recover-20221013/UBNA_001/20221012_030000.WAV,Telephone Field,recover-20221013,001,1795
4.0075,4.0495,68437,81336,Rhinolophus ferrumequinum,0.026,0.026,-1,Echolocation,/mnt/ubna_data_02_mir/recover-20221013/UBNA_001/20221012_030000.WAV,Telephone Field,recover-20221013,001,1795
4.0115,4.0219,23750,29565,Nyctalus leisleri,0.008,0.02,-1,Echolocation,/mnt/ubna_data_02_mir/recover-20221013/UBNA_001/20221012_030000.WAV,Telephone Field,recover-20221013,001,1795
4.0305,4.0378,28046,39805,Eptesicus serotinus,0.006,0.02,-1,Echolocation,/mnt/ubna_data_02_mir/recover-20221013/UBNA_001/20221012_030000.WAV,Telephone Field,recover-20221013,001,1795
4.0415,4.0783,68437,81924,Rhinolophus ferrumequinum,0.02,0.02,-1,Echolocation,/mnt/ubna_data_02_mir/recover-20221013/UBNA_001/20221012_030000.WAV,Telephone Field,recover-20221013,001,1795
4.0415,4.0486,28046,38155,Eptesicus serotinus,0.006,0.022,-1,Echolocation,/mnt/ubna_data_02_mir/recover-20221013/UBNA_001/20221012_030000.WAV,Telephone Field,recover-20221013,001,1795
4.0535,4.0669,22890,27366,Nyctalus leisleri,0.013,0.024,-1,Echolocation,/mnt/ubna_data_02_mir/recover-20221013/UBNA_001/20221012_030000.WAV,Telephone Field,recover-20221013,001,1795
4.0605,4.0806,21171,24223,Nyctalus leisleri,0.015,0.024,-1,Echolocation,/mnt/ubna_data_02_mir/recover-20221013/UBNA_001/20221012_030000.WAV,Telephone Field,recover-20221013,001,1795
4.0615,4.1024,68437,82738,Rhinolophus ferrumequinum,0.029,0.029,-1,Echolocation,/mnt/ubna_data_02_mir/recover-20221013/UBNA_001/20221012_030000.WAV,Telephone Field,recover-20221013,001,1795
4.0795,4.112,68437,80847,Rhinolophus ferrumequinum,0.023,0.024,-1,Echolocation,/mnt/ubna_data_02_mir/recover-20221013/UBNA_001/20221012_030000.WAV,Telephone Field,recover-20221013,001,1795
4.0955,4.1057,22031,26834,Nyctalus leisleri,0.009,0.021,-1,Echolocation,/mnt/ubna_data_02_mir/recover-20221013/UBNA_001/20221012_030000.WAV,Telephone Field,recover-20221013,001,1795
4.1075,4.1449,68437,82044,Rhinolophus ferrumequinum,0.02,0.02,-1,Echolocation,/mnt/ubna_data_02_mir/recover-20221013/UBNA_001/20221012_030000.WAV,Telephone Field,recover-20221013,001,1795
4.1215,4.1287,24609,34852,Plecotus austriacus,0.009,0.026,-1,Echolocation,/mnt/ubna_data_02_mir/recover-20221013/UBNA_001/20221012_030000.WAV,Telephone Field,recover-20221013,001,1795
4.1315,4.1713,68437,82348,Rhinolophus ferrumequinum,0.021,0.021,-1,Echolocation,/mnt/ubna_data_02_mir/recover-20221013/UBNA_001/20221012_030000.WAV,Telephone Field,recover-20221013,001,1795
4.1435,4.1826,68437,81889,Rhinolophus ferrumequinum,0.02,0.02,-1,Echolocation,/mnt/ubna_data_02_mir/recover-20221013/UBNA_001/20221012_030000.WAV,Telephone Field,recover-20221013,001,1795
4.1645,4.1743,27187,35763,Eptesicus serotinus,0.009,0.022,-1,Echolocation,/mnt/ubna_data_02_mir/recover-20221013/UBNA_001/20221012_030000.WAV,Telephone Field,recover-20221013,001,1795
4.1655,4.2027,68437,81809,Rhinolophus ferrumequinum,0.023,0.023,-1,Echolocation,/mnt/ubna_data_02_mir/recover-20221013/UBNA_001/20221012_030000.WAV,Telephone Field,recover-20221013,001,1795
4.1905,4.229,68437,82455,Rhinolophus ferrumequinum,0.021,0.021,-1,Echolocation,/mnt/ubna_data_02_mir/recover-20221013/UBNA_001/20221012_030000.WAV,Telephone Field,recover-20221013,001,1795
4.2275,4.2352,26328,35036,Eptesicus serotinus,0.007,0.023,-1,Echolocation,/mnt/ubna_data_02_mir/recover-20221013/UBNA_001/20221012_030000.WAV,Telephone Field,recover-20221013,001,1795
4.2445,4.2827,68437,82307,Rhinolophus ferrumequinum,0.022,0.022,-1,Echolocation,/mnt/ubna_data_02_mir/recover-20221013/UBNA_001/20221012_030000.WAV,Telephone Field,recover-20221013,001,1795
4.2725,4.3109,68437,82701,Rhinolophus ferrumequinum,0.022,0.022,-1,Echolocation,/mnt/ubna_data_02_mir/recover-20221013/UBNA_001/20221012_030000.WAV,Telephone Field,recover-20221013,001,1795
4.2975,4.3085,28046,34718,Eptesicus serotinus,0.021,0.038,-1,Echolocation,/mnt/ubna_data_02_mir/recover-20221013/UBNA_001/20221012_030000.WAV,Telephone Field,recover-20221013,001,1795
4.2995,4.3393,68437,82294,Rhinolophus ferrumequinum,0.021,0.021,-1,Echolocation,/mnt/ubna_data_02_mir/recover-20221013/UBNA_001/20221012_030000.WAV,Telephone Field,recover-20221013,001,1795
4.3135,4.3528,68437,82381,Rhinolophus ferrumequinum,0.021,0.021,-1,Echolocation,/mnt/ubna_data_02_mir/recover-20221013/UBNA_001/20221012_030000.WAV,Telephone Field,recover-20221013,001,1795
4.3315,4.3706,68437,82750,Rhinolophus ferrumequinum,0.026,0.026,-1,Echolocation,/mnt/ubna_data_02_mir/recover-20221013/UBNA_001/20221012_030000.WAV,Telephone Field,recover-20221013,001,1795
4.3455,4.3857,68437,82170,Rhinolophus ferrumequinum,0.023,0.023,-1,Echolocation,/mnt/ubna_data_02_mir/recover-20221013/UBNA_001/20221012_030000.WAV,Telephone Field,recover-20221013,001,1795
4.3475,4.3558,28046,40066,Eptesicus serotinus,0.007,0.021,-1,Echolocation,/mnt/ubna_data_02_mir/recover-20221013/UBNA_001/20221012_030000.WAV,Telephone Field,recover-20221013,001,1795
4.3845,4.3933,28046,37312,Eptesicus serotinus,0.008,0.022,-1,Echolocation,/mnt/ubna_data_02_mir/recover-20221013/UBNA_001/20221012_030000.WAV,Telephone Field,recover-20221013,001,1795
4.4375,4.472,68437,80832,Rhinolophus ferrumequinum,0.021,0.021,-1,Echolocation,/mnt/ubna_data_02_mir/recover-20221013/UBNA_001/20221012_030000.WAV,Telephone Field,recover-20221013,001,1795
4.4395,4.4489,30625,39873,Eptesicus serotinus,0.007,0.022,-1,Echolocation,/mnt/ubna_data_02_mir/recover-20221013/UBNA_001/20221012_030000.WAV,Telephone Field,recover-20221013,001,1795
4.4775,4.515,68437,81623,Rhinolophus ferrumequinum,0.023,0.023,-1,Echolocation,/mnt/ubna_data_02_mir/recover-20221013/UBNA_001/20221012_030000.WAV,Telephone Field,recover-20221013,001,1795
4.4875,4.4948,28046,39713,Eptesicus serotinus,0.006,0.023,-1,Echolocation,/mnt/ubna_data_02_mir/recover-20221013/UBNA_001/20221012_030000.WAV,Telephone Field,recover-20221013,001,1795
4.4875,4.4967,22031,27831,Plecotus austriacus,0.011,0.025,-1,Echolocation,/mnt/ubna_data_02_mir/recover-20221013/UBNA_001/20221012_030000.WAV,Telephone Field,recover-20221013,001,1795
4.4985,4.5073,28046,38665,Eptesicus serotinus,0.009,0.023,-1,Echolocation,/mnt/ubna_data_02_mir/recover-20221013/UBNA_001/20221012_030000.WAV,Telephone Field,recover-20221013,001,1795
4.5135,4.5231,26328,33503,Eptesicus serotinus,0.007,0.022,-1,Echolocation,/mnt/ubna_data_02_mir/recover-20221013/UBNA_001/20221012_030000.WAV,Telephone Field,recover-20221013,001,1795
4.5315,4.5702,68437,82770,Rhinolophus ferrumequinum,0.021,0.021,-1,Echolocation,/mnt/ubna_data_02_mir/recover-20221013/UBNA_001/20221012_030000.WAV,Telephone Field,recover-20221013,001,1795
4.5385,4.5464,27187,39316,Eptesicus serotinus,0.007,0.022,-1,Echolocation,/mnt/ubna_data_02_mir/recover-20221013/UBNA_001/20221012_030000.WAV,Telephone Field,recover-20221013,001,1795
4.5595,4.569,32343,40458,Myotis daubentonii,0.006,0.021,-1,Echolocation,/mnt/ubna_data_02_mir/recover-20221013/UBNA_001/20221012_030000.WAV,Telephone Field,recover-20221013,001,1795
4.5915,4.6043,28046,34902,Eptesicus serotinus,0.058,0.081,-1,Echolocation,/mnt/ubna_data_02_mir/recover-20221013/UBNA_001/20221012_030000.WAV,Telephone Field,recover-20221013,001,1795
4.6895,4.7002,38359,42749,Pipistrellus nathusii,0.012,0.022,-1,Echolocation,/mnt/ubna_data_02_mir/recover-20221013/UBNA_001/20221012_030000.WAV,Telephone Field,recover-20221013,001,1795
4.7305,4.7395,27187,36874,Eptesicus serotinus,0.008,0.02,-1,Echolocation,/mnt/ubna_data_02_mir/recover-20221013/UBNA_001/20221012_030000.WAV,Telephone Field,recover-20221013,001,1795
4.7905,4.798,28046,40503,Eptesicus serotinus,0.01,0.031,-1,Echolocation,/mnt/ubna_data_02_mir/recover-20221013/UBNA_001/20221012_030000.WAV,Telephone Field,recover-20221013,001,1795
4.8145,4.8216,27187,39119,Eptesicus serotinus,0.006,0.022,-1,Echolocation,/mnt/ubna_data_02_mir/recover-20221013/UBNA_001/20221012_030000.WAV,Telephone Field,recover-20221013,001,1795
4.8305,4.8672,68437,81534,Rhinolophus ferrumequinum,0.02,0.02,-1,Echolocation,/mnt/ubna_data_02_mir/recover-20221013/UBNA_001/20221012_030000.WAV,Telephone Field,recover-20221013,001,1795
4.8525,4.8584,24609,37761,Plecotus austriacus,0.025,0.051,-1,Echolocation,/mnt/ubna_data_02_mir/recover-20221013/UBNA_001/20221012_030000.WAV,Telephone Field,recover-20221013,001,1795
4.8885,4.8949,26328,39022,Eptesicus serotinus,0.004,0.022,-1,Echolocation,/mnt/ubna_data_02_mir/recover-20221013/UBNA_001/20221012_030000.WAV,Telephone Field,recover-20221013,001,1795
4.9125,4.9524,68437,82205,Rhinolophus ferrumequinum,0.021,0.021,-1,Echolocation,/mnt/ubna_data_02_mir/recover-20221013/UBNA_001/20221012_030000.WAV,Telephone Field,recover-20221013,001,1795
4.9215,4.9311,28046,38172,Eptesicus serotinus,0.009,0.022,-1,Echolocation,/mnt/ubna_data_02_mir/recover-20221013/UBNA_001/20221012_030000.WAV,Telephone Field,recover-20221013,001,1795
4.9235,4.9644,68437,82852,Rhinolophus ferrumequinum,0.023,0.023,-1,Echolocation,/mnt/ubna_data_02_mir/recover-20221013/UBNA_001/20221012_030000.WAV,Telephone Field,recover-20221013,001,1795
4.9285,4.9686,68437,82639,Rhinolophus ferrumequinum,0.023,0.023,-1,Echolocation,/mnt/ubna_data_02_mir/recover-20221013/UBNA_001/20221012_030000.WAV,Telephone Field,recover-20221013,001,1795
4.9505,4.9618,22890,27948,Nyctalus leisleri,0.011,0.023,-1,Echolocation,/mnt/ubna_data_02_mir/recover-20221013/UBNA_001/20221012_030000.WAV,Telephone Field,recover-20221013,001,1795
4.9635,5.0011,68437,82230,Rhinolophus ferrumequinum,0.021,0.021,-1,Echolocation,/mnt/ubna_data_02_mir/recover-20221013/UBNA_001/20221012_030000.WAV,Telephone Field,recover-20221013,001,1795
4.9825,5.0225,68437,82285,Rhinolophus ferrumequinum,0.022,0.022,-1,Echolocation,/mnt/ubna_data_02_mir/recover-20221013/UBNA_001/20221012_030000.WAV,Telephone Field,recover-20221013,001,1795
5.0255,5.0611,68437,81140,Rhinolophus ferrumequinum,0.021,0.021,-1,Echolocation,/mnt/ubna_data_02_mir/recover-20221013/UBNA_001/20221012_030000.WAV,Telephone Field,recover-20221013,001,1795
5.0425,5.0514,28046,39384,Eptesicus serotinus,0.008,0.022,-1,Echolocation,/mnt/ubna_data_02_mir/recover-20221013/UBNA_001/20221012_030000.WAV,Telephone Field,recover-20221013,001,1795
5.0445,5.0801,68437,81414,Rhinolophus ferrumequinum,0.022,0.022,-1,Echolocation,/mnt/ubna_data_02_mir/recover-20221013/UBNA_001/20221012_030000.WAV,Telephone Field,recover-20221013,001,1795
5.0705,5.1082,68437,81732,Rhinolophus ferrumequinum,0.021,0.021,-1,Echolocation,/mnt/ubna_data_02_mir/recover-20221013/UBNA_001/20221012_030000.WAV,Telephone Field,recover-20221013,001,1795
5.0965,5.1027,28046,39186,Eptesicus serotinus,0.005,0.025,-1,Echolocation,/mnt/ubna_data_02_mir/recover-20221013/UBNA_001/20221012_030000.WAV,Telephone Field,recover-20221013,001,1795
5.1225,5.1308,46093,50650,Pipistrellus pipistrellus,0.025,0.027,-1,Echolocation,/mnt/ubna_data_02_mir/recover-20221013/UBNA_001/20221012_030000.WAV,Telephone Field,recover-20221013,001,1795
5.1905,5.2251,68437,81908,Rhinolophus ferrumequinum,0.023,0.023,-1,Echolocation,/mnt/ubna_data_02_mir/recover-20221013/UBNA_001/20221012_030000.WAV,Telephone Field,recover-20221013,001,1795
5.1915,5.2001,28046,38069,Eptesicus serotinus,0.007,0.02,-1,Echolocation,/mnt/ubna_data_02_mir/recover-20221013/UBNA_001/20221012_030000.WAV,Telephone Field,recover-20221013,001,1795
5.1995,5.2103,26328,32740,Eptesicus serotinus,0.009,0.02,-1,Echolocation,/mnt/ubna_data_02_mir/recover-20221013/UBNA_001/20221012_030000.WAV,Telephone Field,recover-20221013,001,1795
5.1995,5.2357,68437,81894,Rhinolophus ferrumequinum,0.024,0.024,-1,Echolocation,/mnt/ubna_data_02_mir/recover-20221013/UBNA_001/20221012_030000.WAV,Telephone Field,recover-20221013,001,1795
5.2215,5.2605,68437,82684,Rhinolophus ferrumequinum,0.024,0.024,-1,Echolocation,/mnt/ubna_data_02_mir/recover-20221013/UBNA_001/20221012_030000.WAV,Telephone Field,recover-20221013,001,1795
5.2275,5.2356,26328,34726,Eptesicus serotinus,0.007,0.024,-1,Echolocation,/mnt/ubna_data_02_mir/recover-20221013/UBNA_001/20221012_030000.WAV,Telephone Field,recover-20221013,001,1795
5.2435,5.2803,68437,81876,Rhinolophus ferrumequinum,0.023,0.023,-1,Echolocation,/mnt/ubna_data_02_mir/recover-20221013/UBNA_001/20221012_030000.WAV,Telephone Field,recover-20221013,001,1795
5.2555,5.2915,68437,81075,Rhinolophus ferrumequinum,0.02,0.02,-1,Echolocation,/mnt/ubna_data_02_mir/recover-20221013/UBNA_001/20221012_030000.WAV,Telephone Field,recover-20221013,001,1795
5.2825,5.3215,68437,81903,Rhinolophus ferrumequinum,0.026,0.026,-1,Echolocation,/mnt/ubna_data_02_mir/recover-20221013/UBNA_001/20221012_030000.WAV,Telephone Field,recover-20221013,001,1795
5.3235,5.3619,68437,82147,Rhinolophus ferrumequinum,0.021,0.021,-1,Echolocation,/mnt/ubna_data_02_mir/recover-20221013/UBNA_001/20221012_030000.WAV,Telephone Field,recover-20221013,001,1795
5.3335,5.3713,68437,82052,Rhinolophus ferrumequinum,0.023,0.023,-1,Echolocation,/mnt/ubna_data_02_mir/recover-20221013/UBNA_001/20221012_030000.WAV,Telephone Field,recover-20221013,001,1795
5.3465,5.3539,28046,39792,Eptesicus serotinus,0.006,0.021,-1,Echolocation,/mnt/ubna_data_02_mir/recover-20221013/UBNA_001/20221012_030000.WAV,Telephone Field,recover-20221013,001,1795
5.3555,5.3634,23750,31201,Plecotus austriacus,0.01,0.023,-1,Echolocation,/mnt/ubna_data_02_mir/recover-20221013/UBNA_001/20221012_030000.WAV,Telephone Field,recover-20221013,001,1795
5.3585,5.3953,68437,82392,Rhinolophus ferrumequinum,0.02,0.02,-1,Echolocation,/mnt/ubna_data_02_mir/recover-20221013/UBNA_001/20221012_030000.WAV,Telephone Field,recover-20221013,001,1795
5.4085,5.4498,68437,82437,Rhinolophus ferrumequinum,0.025,0.025,-1,Echolocation,/mnt/ubna_data_02_mir/recover-20221013/UBNA_001/20221012_030000.WAV,Telephone Field,recover-20221013,001,1795
5.4465,5.4553,28906,37359,Eptesicus serotinus,0.009,0.025,-1,Echolocation,/mnt/ubna_data_02_mir/recover-20221013/UBNA_001/20221012_030000.WAV,Telephone Field,recover-20221013,001,1795
5.4845,5.4918,27187,37945,Eptesicus serotinus,0.007,0.024,-1,Echolocation,/mnt/ubna_data_02_mir/recover-20221013/UBNA_001/20221012_030000.WAV,Telephone Field,recover-20221013,001,1795
5.5185,5.5566,68437,81907,Rhinolophus ferrumequinum,0.021,0.021,-1,Echolocation,/mnt/ubna_data_02_mir/recover-20221013/UBNA_001/20221012_030000.WAV,Telephone Field,recover-20221013,001,1795
5.5445,5.5545,28906,36991,Eptesicus serotinus,0.01,0.023,-1,Echolocation,/mnt/ubna_data_02_mir/recover-20221013/UBNA_001/20221012_030000.WAV,Telephone Field,recover-20221013,001,1795
5.5755,5.583,28906,39419,Eptesicus serotinus,0.012,0.033,-1,Echolocation,/mnt/ubna_data_02_mir/recover-20221013/UBNA_001/20221012_030000.WAV,Telephone Field,recover-20221013,001,1795
5.5795,5.6172,68437,82148,Rhinolophus ferrumequinum,0.021,0.021,-1,Echolocation,/mnt/ubna_data_02_mir/recover-20221013/UBNA_001/20221012_030000.WAV,Telephone Field,recover-20221013,001,1795
5.5895,5.6272,68437,82231,Rhinolophus ferrumequinum,0.027,0.027,-1,Echolocation,/mnt/ubna_data_02_mir/recover-20221013/UBNA_001/20221012_030000.WAV,Telephone Field,recover-20221013,001,1795
5.6325,5.6707,68437,82175,Rhinolophus ferrumequinum,0.023,0.023,-1,Echolocation,/mnt/ubna_data_02_mir/recover-20221013/UBNA_001/20221012_030000.WAV,Telephone Field,recover-20221013,001,1795
5.7055,5.7488,68437,82698,Rhinolophus ferrumequinum,0.028,0.028,-1,Echolocation,/mnt/ubna_data_02_mir/recover-20221013/UBNA_001/20221012_030000.WAV,Telephone Field,recover-20221013,001,1795
5.7145,5.7242,22890,28734,Nyctalus leisleri,0.008,0.021,-1,Echolocation,/mnt/ubna_data_02_mir/recover-20221013/UBNA_001/20221012_030000.WAV,Telephone Field,recover-20221013,001,1795
5.7455,5.7519,23750,34062,Plecotus austriacus,0.016,0.032,-1,Echolocation,/mnt/ubna_data_02_mir/recover-20221013/UBNA_001/20221012_030000.WAV,Telephone Field,recover-20221013,001,1795
5.7725,5.8088,68437,81850,Rhinolophus ferrumequinum,0.02,0.02,-1,Echolocation,/mnt/ubna_data_02_mir/recover-20221013/UBNA_001/20221012_030000.WAV,Telephone Field,recover-20221013,001,1795
5.7795,5.7896,28906,38152,Eptesicus serotinus,0.009,0.021,-1,Echolocation,/mnt/ubna_data_02_mir/recover-20221013/UBNA_001/20221012_030000.WAV,Telephone Field,recover-20221013,001,1795
5.7835,5.7928,23750,30979,Nyctalus leisleri,0.007,0.021,-1,Echolocation,/mnt/ubna_data_02_mir/recover-20221013/UBNA_001/20221012_030000.WAV,Telephone Field,recover-20221013,001,1795
5.8005,5.8105,26328,34087,Eptesicus serotinus,0.009,0.022,-1,Echolocation,/mnt/ubna_data_02_mir/recover-20221013/UBNA_001/20221012_030000.WAV,Telephone Field,recover-20221013,001,1795
5.8215,5.8563,68437,82163,Rhinolophus ferrumequinum,0.021,0.021,-1,Echolocation,/mnt/ubna_data_02_mir/recover-20221013/UBNA_001/20221012_030000.WAV,Telephone Field,recover-20221013,001,1795
5.8295,5.868,68437,82222,Rhinolophus ferrumequinum,0.02,0.02,-1,Echolocation,/mnt/ubna_data_02_mir/recover-20221013/UBNA_001/20221012_030000.WAV,Telephone Field,recover-20221013,001,1795
5.8795,5.8893,28046,36386,Eptesicus serotinus,0.009,0.024,-1,Echolocation,/mnt/ubna_data_02_mir/recover-20221013/UBNA_001/20221012_030000.WAV,Telephone Field,recover-20221013,001,1795
5.8915,5.9006,28906,36658,Eptesicus serotinus,0.011,0.025,-1,Echolocation,/mnt/ubna_data_02_mir/recover-20221013/UBNA_001/20221012_030000.WAV,Telephone Field,recover-20221013,001,1795
5.9155,5.9226,28046,40170,Eptesicus serotinus,0.006,0.023,-1,Echolocation,/mnt/ubna_data_02_mir/recover-20221013/UBNA_001/20221012_030000.WAV,Telephone Field,recover-20221013,001,1795
5.9375,5.9568,19453,22670,Nyctalus leisleri,0.015,0.029,-1,Echolocation,/mnt/ubna_data_02_mir/recover-20221013/UBNA_001/20221012_030000.WAV,Telephone Field,recover-20221013,001,1795
5.9545,5.9647,24609,31035,Nyctalus leisleri,0.007,0.02,-1,Echolocation,/mnt/ubna_data_02_mir/recover-20221013/UBNA_001/20221012_030000.WAV,Telephone Field,recover-20221013,001,1795
6.0015,6.0106,24609,35627,Nyctalus leisleri,0.008,0.028,-1,Echolocation,/mnt/ubna_data_02_mir/recover-20221013/UBNA_001/20221012_030000.WAV,Telephone Field,recover-20221013,001,1795
6.0015,6.034,68437,79311,Rhinolophus ferrumequinum,0.039,0.039,-1,Echolocation,/mnt/ubna_data_02_mir/recover-20221013/UBNA_001/20221012_030000.WAV,Telephone Field,recover-20221013,001,1795
6.0095,6.0522,68437,82552,Rhinolophus ferrumequinum,0.022,0.022,-1,Echolocation,/mnt/ubna_data_02_mir/recover-20221013/UBNA_001/20221012_030000.WAV,Telephone Field,recover-20221013,001,1795
6.0115,6.0193,25468,34681,Eptesicus serotinus,0.008,0.026,-1,Echolocation,/mnt/ubna_data_02_mir/recover-20221013/UBNA_001/20221012_030000.WAV,Telephone Field,recover-20221013,001,1795
6.0835,6.1226,68437,81918,Rhinolophus ferrumequinum,0.022,0.022,-1,Echolocation,/mnt/ubna_data_02_mir/recover-20221013/UBNA_001/20221012_030000.WAV,Telephone Field,recover-20221013,001,1795
6.1005,6.142,68437,82868,Rhinolophus ferrumequinum,0.036,0.036,-1,Echolocation,/mnt/ubna_data_02_mir/recover-20221013/UBNA_001/20221012_030000.WAV,Telephone Field,recover-20221013,001,1795
6.1275,6.1644,68437,81754,Rhinolophus ferrumequinum,0.025,0.025,-1,Echolocation,/mnt/ubna_data_02_mir/recover-20221013/UBNA_001/20221012_030000.WAV,Telephone Field,recover-20221013,001,1795
6.1335,6.1727,68437,82862,Rhinolophus ferrumequinum,0.029,0.029,-1,Echolocation,/mnt/ubna_data_02_mir/recover-20221013/UBNA_001/20221012_030000.WAV,Telephone Field,recover-20221013,001,1795
6.1555,6.1624,28046,39177,Eptesicus serotinus,0.007,0.022,-1,Echolocation,/mnt/ubna_data_02_mir/recover-20221013/UBNA_001/20221012_030000.WAV,Telephone Field,recover-20221013,001,1795
6.1575,6.1976,68437,82718,Rhinolophus ferrumequinum,0.03,0.03,-1,Echolocation,/mnt/ubna_data_02_mir/recover-20221013/UBNA_001/20221012_030000.WAV,Telephone Field,recover-20221013,001,1795
6.1635,6.1714,28046,37920,Eptesicus serotinus,0.008,0.024,-1,Echolocation,/mnt/ubna_data_02_mir/recover-20221013/UBNA_001/20221012_030000.WAV,Telephone Field,recover-20221013,001,1795
6.1865,6.2252,68437,82759,Rhinolophus ferrumequinum,0.024,0.024,-1,Echolocation,/mnt/ubna_data_02_mir/recover-20221013/UBNA_001/20221012_030000.WAV,Telephone Field,recover-20221013,001,1795
6.2585,6.2996,68437,82983,Rhinolophus ferrumequinum,0.024,0.024,-1,Echolocation,/mnt/ubna_data_02_mir/recover-20221013/UBNA_001/20221012_030000.WAV,Telephone Field,recover-20221013,001,1795
6.2785,6.3176,68437,82692,Rhinolophus ferrumequinum,0.027,0.028,-1,Echolocation,/mnt/ubna_data_02_mir/recover-20221013/UBNA_001/20221012_030000.WAV,Telephone Field,recover-20221013,001,1795
6.3225,6.36,68437,81947,Rhinolophus ferrumequinum,0.022,0.022,-1,Echolocation,/mnt/ubna_data_02_mir/recover-20221013/UBNA_001/20221012_030000.WAV,Telephone Field,recover-20221013,001,1795
6.3725,6.4107,68437,82286,Rhinolophus ferrumequinum,0.028,0.028,-1,Echolocation,/mnt/ubna_data_02_mir/recover-20221013/UBNA_001/20221012_030000.WAV,Telephone Field,recover-20221013,001,1795
6.4085,6.4463,68437,81709,Rhinolophus ferrumequinum,0.022,0.022,-1,Echolocation,/mnt/ubna_data_02_mir/recover-20221013/UBNA_001/20221012_030000.WAV,Telephone Field,recover-20221013,001,1795
6.4175,6.426,23750,31437,Plecotus austriacus,0.009,0.024,-1,Echolocation,/mnt/ubna_data_02_mir/recover-20221013/UBNA_001/20221012_030000.WAV,Telephone Field,recover-20221013,001,1795
6.4365,6.4759,68437,82328,Rhinolophus ferrumequinum,0.024,0.024,-1,Echolocation,/mnt/ubna_data_02_mir/recover-20221013/UBNA_001/20221012_030000.WAV,Telephone Field,recover-20221013,001,1795
6.4655,6.5047,68437,81842,Rhinolophus ferrumequinum,0.023,0.023,-1,Echolocation,/mnt/ubna_data_02_mir/recover-20221013/UBNA_001/20221012_030000.WAV,Telephone Field,recover-20221013,001,1795
6.4845,6.5237,68437,82371,Rhinolophus ferrumequinum,0.023,0.023,-1,Echolocation,/mnt/ubna_data_02_mir/recover-20221013/UBNA_001/20221012_030000.WAV,Telephone Field,recover-20221013,001,1795
6.5135,6.5533,68437,82167,Rhinolophus ferrumequinum,0.028,0.028,-1,Echolocation,/mnt/ubna_data_02_mir/recover-20221013/UBNA_001/20221012_030000.WAV,Telephone Field,recover-20221013,001,1795
6.5505,6.5887,68437,82272,Rhinolophus ferrumequinum,0.037,0.037,-1,Echolocation,/mnt/ubna_data_02_mir/recover-20221013/UBNA_001/20221012_030000.WAV,Telephone Field,recover-20221013,001,1795
6.5865,6.6251,68437,82116,Rhinolophus ferrumequinum,0.024,0.024,-1,Echolocation,/mnt/ubna_data_02_mir/recover-20221013/UBNA_001/20221012_030000.WAV,Telephone Field,recover-20221013,001,1795
6.6365,6.6446,26328,34433,Eptesicus serotinus,0.025,0.057,-1,Echolocation,/mnt/ubna_data_02_mir/recover-20221013/UBNA_001/20221012_030000.WAV,Telephone Field,recover-20221013,001,1795
6.6495,6.6881,68437,81963,Rhinolophus ferrumequinum,0.022,0.022,-1,Echolocation,/mnt/ubna_data_02_mir/recover-20221013/UBNA_001/20221012_030000.WAV,Telephone Field,recover-20221013,001,1795
6.6695,6.6874,21171,24840,Nyctalus leisleri,0.02,0.044,-1,Echolocation,/mnt/ubna_data_02_mir/recover-20221013/UBNA_001/20221012_030000.WAV,Telephone Field,recover-20221013,001,1795
6.6815,6.6888,50390,56366,Pipistrellus pipistrellus,0.019,0.023,-1,Echolocation,/mnt/ubna_data_02_mir/recover-20221013/UBNA_001/20221012_030000.WAV,Telephone Field,recover-20221013,001,1795
6.6855,6.6944,23750,31257,Plecotus austriacus,0.009,0.025,-1,Echolocation,/mnt/ubna_data_02_mir/recover-20221013/UBNA_001/20221012_030000.WAV,Telephone Field,recover-20221013,001,1795
6.6905,6.6991,26328,35126,Eptesicus serotinus,0.008,0.024,-1,Echolocation,/mnt/ubna_data_02_mir/recover-20221013/UBNA_001/20221012_030000.WAV,Telephone Field,recover-20221013,001,1795
6.7665,6.7734,23750,33896,Plecotus austriacus,0.014,0.029,-1,Echolocation,/mnt/ubna_data_02_mir/recover-20221013/UBNA_001/20221012_030000.WAV,Telephone Field,recover-20221013,001,1795
6.8045,6.8451,68437,81921,Rhinolophus ferrumequinum,0.026,0.026,-1,Echolocation,/mnt/ubna_data_02_mir/recover-20221013/UBNA_001/20221012_030000.WAV,Telephone Field,recover-20221013,001,1795
6.8055,6.8151,35781,42773,Pipistrellus nathusii,0.009,0.028,-1,Echolocation,/mnt/ubna_data_02_mir/recover-20221013/UBNA_001/20221012_030000.WAV,Telephone Field,recover-20221013,001,1795
6.8405,6.848,28046,38067,Eptesicus serotinus,0.007,0.023,-1,Echolocation,/mnt/ubna_data_02_mir/recover-20221013/UBNA_001/20221012_030000.WAV,Telephone Field,recover-20221013,001,1795
6.8905,6.8986,27187,38754,Eptesicus serotinus,0.008,0.023,-1,Echolocation,/mnt/ubna_data_02_mir/recover-20221013/UBNA_001/20221012_030000.WAV,Telephone Field,recover-20221013,001,1795
6.9295,6.9383,25468,33048,Eptesicus serotinus,0.008,0.023,-1,Echolocation,/mnt/ubna_data_02_mir/recover-20221013/UBNA_001/20221012_030000.WAV,Telephone Field,recover-20221013,001,1795
6.9325,6.968,68437,80836,Rhinolophus ferrumequinum,0.023,0.023,-1,Echolocation,/mnt/ubna_data_02_mir/recover-20221013/UBNA_001/20221012_030000.WAV,Telephone Field,recover-20221013,001,1795
6.9415,6.9541,14296,19426,Nyctalus noctula,0.014,0.024,-1,Echolocation,/mnt/ubna_data_02_mir/recover-20221013/UBNA_001/20221012_030000.WAV,Telephone Field,recover-20221013,001,1795
6.9595,6.9662,28046,40636,Eptesicus serotinus,0.005,0.022,-1,Echolocation,/mnt/ubna_data_02_mir/recover-20221013/UBNA_001/20221012_030000.WAV,Telephone Field,recover-20221013,001,1795
7.0445,7.052,27187,41615,Eptesicus serotinus,0.007,0.023,-1,Echolocation,/mnt/ubna_data_02_mir/recover-20221013/UBNA_001/20221012_030000.WAV,Telephone Field,recover-20221013,001,1795
7.0555,7.0914,68437,81964,Rhinolophus ferrumequinum,0.026,0.026,-1,Echolocation,/mnt/ubna_data_02_mir/recover-20221013/UBNA_001/20221012_030000.WAV,Telephone Field,recover-20221013,001,1795
7.0815,7.1225,68437,82821,Rhinolophus ferrumequinum,0.027,0.027,-1,Echolocation,/mnt/ubna_data_02_mir/recover-20221013/UBNA_001/20221012_030000.WAV,Telephone Field,recover-20221013,001,1795
7.1155,7.1216,28046,39471,Eptesicus serotinus,0.006,0.028,-1,Echolocation,/mnt/ubna_data_02_mir/recover-20221013/UBNA_001/20221012_030000.WAV,Telephone Field,recover-20221013,001,1795
7.1275,7.135,27187,39075,Eptesicus serotinus,0.007,0.022,-1,Echolocation,/mnt/ubna_data_02_mir/recover-20221013/UBNA_001/20221012_030000.WAV,Telephone Field,recover-20221013,001,1795
7.1595,7.1691,28046,37590,Eptesicus serotinus,0.009,0.022,-1,Echolocation,/mnt/ubna_data_02_mir/recover-20221013/UBNA_001/20221012_030000.WAV,Telephone Field,recover-20221013,001,1795
7.1865,7.2262,68437,82488,Rhinolophus ferrumequinum,0.023,0.023,-1,Echolocation,/mnt/ubna_data_02_mir/recover-20221013/UBNA_001/20221012_030000.WAV,Telephone Field,recover-20221013,001,1795
7.1935,7.2007,35781,44010,Myotis daubentonii,0.007,0.022,-1,Echolocation,/mnt/ubna_data_02_mir/recover-20221013/UBNA_001/20221012_030000.WAV,Telephone Field,recover-20221013,001,1795
7.1955,7.2026,28046,41706,Eptesicus serotinus,0.007,0.024,-1,Echolocation,/mnt/ubna_data_02_mir/recover-20221013/UBNA_001/20221012_030000.WAV,Telephone Field,recover-20221013,001,1795
7.2235,7.2317,28046,40838,Eptesicus serotinus,0.009,0.031,-1,Echolocation,/mnt/ubna_data_02_mir/recover-20221013/UBNA_001/20221012_030000.WAV,Telephone Field,recover-20221013,001,1795
7.2485,7.2856,68437,82099,Rhinolophus ferrumequinum,0.022,0.022,-1,Echolocation,/mnt/ubna_data_02_mir/recover-20221013/UBNA_001/20221012_030000.WAV,Telephone Field,recover-20221013,001,1795
7.2755,7.2834,25468,34478,Plecotus austriacus,0.007,0.027,-1,Echolocation,/mnt/ubna_data_02_mir/recover-20221013/UBNA_001/20221012_030000.WAV,Telephone Field,recover-20221013,001,1795
7.2885,7.3001,28906,36867,Eptesicus serotinus,0.012,0.026,-1,Echolocation,/mnt/ubna_data_02_mir/recover-20221013/UBNA_001/20221012_030000.WAV,Telephone Field,recover-20221013,001,1795
7.3025,7.3423,68437,82679,Rhinolophus ferrumequinum,0.025,0.025,-1,Echolocation,/mnt/ubna_data_02_mir/recover-20221013/UBNA_001/20221012_030000.WAV,Telephone Field,recover-20221013,001,1795
7.3325,7.3414,27187,36793,Eptesicus serotinus,0.01,0.027,-1,Echolocation,/mnt/ubna_data_02_mir/recover-20221013/UBNA_001/20221012_030000.WAV,Telephone Field,recover-20221013,001,1795
7.3505,7.3919,68437,82369,Rhinolophus ferrumequinum,0.024,0.024,-1,Echolocation,/mnt/ubna_data_02_mir/recover-20221013/UBNA_001/20221012_030000.WAV,Telephone Field,recover-20221013,001,1795
7.3905,7.4017,23750,28913,Nyctalus leisleri,0.014,0.03,-1,Echolocation,/mnt/ubna_data_02_mir/recover-20221013/UBNA_001/20221012_030000.WAV,Telephone Field,recover-20221013,001,1795
7.4105,7.4524,68437,82764,Rhinolophus ferrumequinum,0.025,0.025,-1,Echolocation,/mnt/ubna_data_02_mir/recover-20221013/UBNA_001/20221012_030000.WAV,Telephone Field,recover-20221013,001,1795
7.4125,7.4261,33203,38566,Pipistrellus nathusii,0.009,0.031,-1,Echolocation,/mnt/ubna_data_02_mir/recover-20221013/UBNA_001/20221012_030000.WAV,Telephone Field,recover-20221013,001,1795
7.4225,7.4271,36640,47723,Barbastellus barbastellus,0.015,0.039,-1,Echolocation,/mnt/ubna_data_02_mir/recover-20221013/UBNA_001/20221012_030000.WAV,Telephone Field,recover-20221013,001,1795
7.4245,7.432,28046,41851,Eptesicus serotinus,0.01,0.03,-1,Echolocation,/mnt/ubna_data_02_mir/recover-20221013/UBNA_001/20221012_030000.WAV,Telephone Field,recover-20221013,001,1795
7.4275,7.4689,68437,83343,Rhinolophus ferrumequinum,0.035,0.035,-1,Echolocation,/mnt/ubna_data_02_mir/recover-20221013/UBNA_001/20221012_030000.WAV,Telephone Field,recover-20221013,001,1795
7.4875,7.5201,68437,80921,Rhinolophus ferrumequinum,0.04,0.04,-1,Echolocation,/mnt/ubna_data_02_mir/recover-20221013/UBNA_001/20221012_030000.WAV,Telephone Field,recover-20221013,001,1795
7.5065,7.5133,27187,39092,Eptesicus serotinus,0.005,0.022,-1,Echolocation,/mnt/ubna_data_02_mir/recover-20221013/UBNA_001/20221012_030000.WAV,Telephone Field,recover-20221013,001,1795
7.6895,7.7277,68437,82212,Rhinolophus ferrumequinum,0.023,0.023,-1,Echolocation,/mnt/ubna_data_02_mir/recover-20221013/UBNA_001/20221012_030000.WAV,Telephone Field,recover-20221013,001,1795
7.7105,7.7176,28046,38294,Eptesicus serotinus,0.007,0.025,-1,Echolocation,/mnt/ubna_data_02_mir/recover-20221013/UBNA_001/20221012_030000.WAV,Telephone Field,recover-20221013,001,1795
7.8755,7.8812,49531,54530,Pipistrellus pipistrellus,0.023,0.024,-1,Echolocation,/mnt/ubna_data_02_mir/recover-20221013/UBNA_001/20221012_030000.WAV,Telephone Field,recover-20221013,001,1795
7.9285,7.967,68437,82372,Rhinolophus ferrumequinum,0.022,0.022,-1,Echolocation,/mnt/ubna_data_02_mir/recover-20221013/UBNA_001/20221012_030000.WAV,Telephone Field,recover-20221013,001,1795
7.9355,7.9408,25468,40449,Plecotus austriacus,0.014,0.037,-1,Echolocation,/mnt/ubna_data_02_mir/recover-20221013/UBNA_001/20221012_030000.WAV,Telephone Field,recover-20221013,001,1795
7.9825,7.9888,26328,40226,Myotis nattereri,0.005,0.024,-1,Echolocation,/mnt/ubna_data_02_mir/recover-20221013/UBNA_001/20221012_030000.WAV,Telephone Field,recover-20221013,001,1795
8.0015,8.0079,45234,51755,Pipistrellus pipistrellus,0.017,0.021,-1,Echolocation,/mnt/ubna_data_02_mir/recover-20221013/UBNA_001/20221012_030000.WAV,Telephone Field,recover-20221013,001,1795
8.0015,8.0097,25468,34590,Nyctalus leisleri,0.006,0.024,-1,Echolocation,/mnt/ubna_data_02_mir/recover-20221013/UBNA_001/20221012_030000.WAV,Telephone Field,recover-20221013,001,1795
8.0015,8.0325,68437,80260,Rhinolophus ferrumequinum,0.023,0.024,-1,Echolocation,/mnt/ubna_data_02_mir/recover-20221013/UBNA_001/20221012_030000.WAV,Telephone Field,recover-20221013,001,1795
8.0015,8.0079,35781,45615,Myotis daubentonii,0.007,0.021,-1,Echolocation,/mnt/ubna_data_02_mir/recover-20221013/UBNA_001/20221012_030000.WAV,Telephone Field,recover-20221013,001,1795
8.0095,8.0492,68437,81925,Rhinolophus ferrumequinum,0.022,0.022,-1,Echolocation,/mnt/ubna_data_02_mir/recover-20221013/UBNA_001/20221012_030000.WAV,Telephone Field,recover-20221013,001,1795
8.0325,8.0404,28046,39253,Eptesicus serotinus,0.01,0.031,-1,Echolocation,/mnt/ubna_data_02_mir/recover-20221013/UBNA_001/20221012_030000.WAV,Telephone Field,recover-20221013,001,1795
8.0745,8.0834,23750,31566,Plecotus austriacus,0.009,0.025,-1,Echolocation,/mnt/ubna_data_02_mir/recover-20221013/UBNA_001/20221012_030000.WAV,Telephone Field,recover-20221013,001,1795
8.0805,8.1208,68437,82836,Rhinolophus ferrumequinum,0.032,0.032,-1,Echolocation,/mnt/ubna_data_02_mir/recover-20221013/UBNA_001/20221012_030000.WAV,Telephone Field,recover-20221013,001,1795
8.1065,8.1144,26328,34649,Eptesicus serotinus,0.007,0.022,-1,Echolocation,/mnt/ubna_data_02_mir/recover-20221013/UBNA_001/20221012_030000.WAV,Telephone Field,recover-20221013,001,1795
8.1765,8.1846,28046,37927,Eptesicus serotinus,0.007,0.023,-1,Echolocation,/mnt/ubna_data_02_mir/recover-20221013/UBNA_001/20221012_030000.WAV,Telephone Field,recover-20221013,001,1795
8.2205,8.2526,68437,80958,Rhinolophus ferrumequinum,0.021,0.022,-1,Echolocation,/mnt/ubna_data_02_mir/recover-20221013/UBNA_001/20221012_030000.WAV,Telephone Field,recover-20221013,001,1795
8.2795,8.3141,68437,81877,Rhinolophus ferrumequinum,0.022,0.023,-1,Echolocation,/mnt/ubna_data_02_mir/recover-20221013/UBNA_001/20221012_030000.WAV,Telephone Field,recover-20221013,001,1795
8.2845,8.3181,68437,81236,Rhinolophus ferrumequinum,0.023,0.023,-1,Echolocation,/mnt/ubna_data_02_mir/recover-20221013/UBNA_001/20221012_030000.WAV,Telephone Field,recover-20221013,001,1795
8.3015,8.3444,68437,83670,Rhinolophus ferrumequinum,0.048,0.048,-1,Echolocation,/mnt/ubna_data_02_mir/recover-20221013/UBNA_001/20221012_030000.WAV,Telephone Field,recover-20221013,001,1795
8.3465,8.3565,22890,28715,Nyctalus leisleri,0.008,0.021,-1,Echolocation,/mnt/ubna_data_02_mir/recover-20221013/UBNA_001/20221012_030000.WAV,Telephone Field,recover-20221013,001,1795
8.4995,8.5364,68437,81839,Rhinolophus ferrumequinum,0.025,0.025,-1,Echolocation,/mnt/ubna_data_02_mir/recover-20221013/UBNA_001/20221012_030000.WAV,Telephone Field,recover-20221013,001,1795
8.5055,8.545,68437,82404,Rhinolophus ferrumequinum,0.025,0.025,-1,Echolocation,/mnt/ubna_data_02_mir/recover-20221013/UBNA_001/20221012_030000.WAV,Telephone Field,recover-20221013,001,1795
8.5145,8.5216,26328,38766,Eptesicus serotinus,0.005,0.02,-1,Echolocation,/mnt/ubna_data_02_mir/recover-20221013/UBNA_001/20221012_030000.WAV,Telephone Field,recover-20221013,001,1795
8.5285,8.5652,68437,82080,Rhinolophus ferrumequinum,0.023,0.023,-1,Echolocation,/mnt/ubna_data_02_mir/recover-20221013/UBNA_001/20221012_030000.WAV,Telephone Field,recover-20221013,001,1795
8.5615,8.5681,27187,40023,Eptesicus serotinus,0.005,0.022,-1,Echolocation,/mnt/ubna_data_02_mir/recover-20221013/UBNA_001/20221012_030000.WAV,Telephone Field,recover-20221013,001,1795
8.5915,8.6313,68437,82579,Rhinolophus ferrumequinum,0.026,0.026,-1,Echolocation,/mnt/ubna_data_02_mir/recover-20221013/UBNA_001/20221012_030000.WAV,Telephone Field,recover-20221013,001,1795
8.6355,8.6418,27187,40320,Eptesicus serotinus,0.005,0.023,-1,Echolocation,/mnt/ubna_data_02_mir/recover-20221013/UBNA_001/20221012_030000.WAV,Telephone Field,recover-20221013,001,1795
8.6995,8.7062,25468,38974,Plecotus austriacus,0.006,0.022,-1,Echolocation,/mnt/ubna_data_02_mir/recover-20221013/UBNA_001/20221012_030000.WAV,Telephone Field,recover-20221013,001,1795
8.7135,8.7232,28046,36687,Eptesicus serotinus,0.009,0.023,-1,Echolocation,/mnt/ubna_data_02_mir/recover-20221013/UBNA_001/20221012_030000.WAV,Telephone Field,recover-20221013,001,1795
8.7205,8.7296,28046,36575,Eptesicus serotinus,0.008,0.021,-1,Echolocation,/mnt/ubna_data_02_mir/recover-20221013/UBNA_001/20221012_030000.WAV,Telephone Field,recover-20221013,001,1795
8.7575,8.7936,68437,82299,Rhinolophus ferrumequinum,0.026,0.026,-1,Echolocation,/mnt/ubna_data_02_mir/recover-20221013/UBNA_001/20221012_030000.WAV,Telephone Field,recover-20221013,001,1795
8.7585,8.7659,26328,37986,Eptesicus serotinus,0.005,0.021,-1,Echolocation,/mnt/ubna_data_02_mir/recover-20221013/UBNA_001/20221012_030000.WAV,Telephone Field,recover-20221013,001,1795
8.7665,8.7737,28046,37619,Eptesicus serotinus,0.005,0.02,-1,Echolocation,/mnt/ubna_data_02_mir/recover-20221013/UBNA_001/20221012_030000.WAV,Telephone Field,recover-20221013,001,1795
8.7675,8.7781,22031,26687,Nyctalus leisleri,0.01,0.021,-1,Echolocation,/mnt/ubna_data_02_mir/recover-20221013/UBNA_001/20221012_030000.WAV,Telephone Field,recover-20221013,001,1795
8.7755,8.7862,22890,27791,Nyctalus leisleri,0.01,0.021,-1,Echolocation,/mnt/ubna_data_02_mir/recover-20221013/UBNA_001/20221012_030000.WAV,Telephone Field,recover-20221013,001,1795
8.7905,8.7971,27187,41187,Eptesicus serotinus,0.006,0.026,-1,Echolocation,/mnt/ubna_data_02_mir/recover-20221013/UBNA_001/20221012_030000.WAV,Telephone Field,recover-20221013,001,1795
8.7995,8.8066,28906,38896,Eptesicus serotinus,0.008,0.028,-1,Echolocation,/mnt/ubna_data_02_mir/recover-20221013/UBNA_001/20221012_030000.WAV,Telephone Field,recover-20221013,001,1795
8.8355,8.8429,27187,38299,Eptesicus serotinus,0.006,0.023,-1,Echolocation,/mnt/ubna_data_02_mir/recover-20221013/UBNA_001/20221012_030000.WAV,Telephone Field,recover-20221013,001,1795
8.8645,8.9067,68437,82887,Rhinolophus ferrumequinum,0.025,0.025,-1,Echolocation,/mnt/ubna_data_02_mir/recover-20221013/UBNA_001/20221012_030000.WAV,Telephone Field,recover-20221013,001,1795
8.8645,8.8717,27187,39640,Eptesicus serotinus,0.006,0.023,-1,Echolocation,/mnt/ubna_data_02_mir/recover-20221013/UBNA_001/20221012_030000.WAV,Telephone Field,recover-20221013,001,1795
8.8805,8.9167,68437,81431,Rhinolophus ferrumequinum,0.02,0.02,-1,Echolocation,/mnt/ubna_data_02_mir/recover-20221013/UBNA_001/20221012_030000.WAV,Telephone Field,recover-20221013,001,1795
8.8925,8.933,68437,82493,Rhinolophus ferrumequinum,0.025,0.025,-1,Echolocation,/mnt/ubna_data_02_mir/recover-20221013/UBNA_001/20221012_030000.WAV,Telephone Field,recover-20221013,001,1795
8.9265,8.9629,68437,81729,Rhinolophus ferrumequinum,0.02,0.02,-1,Echolocation,/mnt/ubna_data_02_mir/recover-20221013/UBNA_001/20221012_030000.WAV,Telephone Field,recover-20221013,001,1795
8.9565,8.9943,68437,81892,Rhinolophus ferrumequinum,0.021,0.021,-1,Echolocation,/mnt/ubna_data_02_mir/recover-20221013/UBNA_001/20221012_030000.WAV,Telephone Field,recover-20221013,001,1795
8.9715,8.9793,23750,31235,Plecotus austriacus,0.009,0.022,-1,Echolocation,/mnt/ubna_data_02_mir/recover-20221013/UBNA_001/20221012_030000.WAV,Telephone Field,recover-20221013,001,1795
8.9835,9.0227,68437,81897,Rhinolophus ferrumequinum,0.024,0.024,-1,Echolocation,/mnt/ubna_data_02_mir/recover-20221013/UBNA_001/20221012_030000.WAV,Telephone Field,recover-20221013,001,1795
8.9985,9.0065,28046,37934,Eptesicus serotinus,0.007,0.021,-1,Echolocation,/mnt/ubna_data_02_mir/recover-20221013/UBNA_001/20221012_030000.WAV,Telephone Field,recover-20221013,001,1795
9.0135,9.0513,68437,81665,Rhinolophus ferrumequinum,0.025,0.025,-1,Echolocation,/mnt/ubna_data_02_mir/recover-20221013/UBNA_001/20221012_030000.WAV,Telephone Field,recover-20221013,001,1795
9.0275,9.0691,68437,82922,Rhinolophus ferrumequinum,0.028,0.028,-1,Echolocation,/mnt/ubna_data_02_mir/recover-20221013/UBNA_001/20221012_030000.WAV,Telephone Field,recover-20221013,001,1795
9.0395,9.0469,26328,35334,Eptesicus serotinus,0.008,0.026,-1,Echolocation,/mnt/ubna_data_02_mir/recover-20221013/UBNA_001/20221012_030000.WAV,Telephone Field,recover-20221013,001,1795
9.0515,9.0886,68437,82567,Rhinolophus ferrumequinum,0.021,0.021,-1,Echolocation,/mnt/ubna_data_02_mir/recover-20221013/UBNA_001/20221012_030000.WAV,Telephone Field,recover-20221013,001,1795
9.0685,9.0762,29765,39730,Myotis daubentonii,0.006,0.02,-1,Echolocation,/mnt/ubna_data_02_mir/recover-20221013/UBNA_001/20221012_030000.WAV,Telephone Field,recover-20221013,001,1795
9.0845,9.1213,68437,81456,Rhinolophus ferrumequinum,0.022,0.022,-1,Echolocation,/mnt/ubna_data_02_mir/recover-20221013/UBNA_001/20221012_030000.WAV,Telephone Field,recover-20221013,001,1795
9.0895,9.1252,68437,82208,Rhinolophus ferrumequinum,0.024,0.024,-1,Echolocation,/mnt/ubna_data_02_mir/recover-20221013/UBNA_001/20221012_030000.WAV,Telephone Field,recover-20221013,001,1795
9.1025,9.1398,68437,81657,Rhinolophus ferrumequinum,0.032,0.032,-1,Echolocation,/mnt/ubna_data_02_mir/recover-20221013/UBNA_001/20221012_030000.WAV,Telephone Field,recover-20221013,001,1795
9.1335,9.1426,28046,37219,Eptesicus serotinus,0.007,0.02,-1,Echolocation,/mnt/ubna_data_02_mir/recover-20221013/UBNA_001/20221012_030000.WAV,Telephone Field,recover-20221013,001,1795
9.1765,9.1962,16875,20272,Nyctalus noctula,0.016,0.025,-1,Echolocation,/mnt/ubna_data_02_mir/recover-20221013/UBNA_001/20221012_030000.WAV,Telephone Field,recover-20221013,001,1795
9.1945,9.2298,68437,81133,Rhinolophus ferrumequinum,0.021,0.021,-1,Echolocation,/mnt/ubna_data_02_mir/recover-20221013/UBNA_001/20221012_030000.WAV,Telephone Field,recover-20221013,001,1795
9.2005,9.2364,68437,81443,Rhinolophus ferrumequinum,0.022,0.022,-1,Echolocation,/mnt/ubna_data_02_mir/recover-20221013/UBNA_001/20221012_030000.WAV,Telephone Field,recover-20221013,001,1795
9.2125,9.2239,22890,28433,Nyctalus leisleri,0.011,0.024,-1,Echolocation,/mnt/ubna_data_02_mir/recover-20221013/UBNA_001/20221012_030000.WAV,Telephone Field,recover-20221013,001,1795
9.2375,9.2455,28046,40257,Eptesicus serotinus,0.008,0.02,-1,Echolocation,/mnt/ubna_data_02_mir/recover-20221013/UBNA_001/20221012_030000.WAV,Telephone Field,recover-20221013,001,1795
9.3095,9.3458,68437,81318,Rhinolophus ferrumequinum,0.031,0.031,-1,Echolocation,/mnt/ubna_data_02_mir/recover-20221013/UBNA_001/20221012_030000.WAV,Telephone Field,recover-20221013,001,1795
9.3335,9.3701,68437,82085,Rhinolophus ferrumequinum,0.022,0.022,-1,Echolocation,/mnt/ubna_data_02_mir/recover-20221013/UBNA_001/20221012_030000.WAV,Telephone Field,recover-20221013,001,1795
9.3505,9.3924,68437,82704,Rhinolophus ferrumequinum,0.026,0.026,-1,Echolocation,/mnt/ubna_data_02_mir/recover-20221013/UBNA_001/20221012_030000.WAV,Telephone Field,recover-20221013,001,1795
9.3565,9.3656,28906,38915,Eptesicus serotinus,0.01,0.027,-1,Echolocation,/mnt/ubna_data_02_mir/recover-20221013/UBNA_001/20221012_030000.WAV,Telephone Field,recover-20221013,001,1795
9.3825,9.4226,68437,82663,Rhinolophus ferrumequinum,0.024,0.024,-1,Echolocation,/mnt/ubna_data_02_mir/recover-20221013/UBNA_001/20221012_030000.WAV,Telephone Field,recover-20221013,001,1795
9.3995,9.4093,22031,27860,Nyctalus leisleri,0.007,0.02,-1,Echolocation,/mnt/ubna_data_02_mir/recover-20221013/UBNA_001/20221012_030000.WAV,Telephone Field,recover-20221013,001,1795
9.4475,9.4555,23750,31723,Plecotus austriacus,0.008,0.021,-1,Echolocation,/mnt/ubna_data_02_mir/recover-20221013/UBNA_001/20221012_030000.WAV,Telephone Field,recover-20221013,001,1795
9.4635,9.5009,68437,81854,Rhinolophus ferrumequinum,0.031,0.031,-1,Echolocation,/mnt/ubna_data_02_mir/recover-20221013/UBNA_001/20221012_030000.WAV,Telephone Field,recover-20221013,001,1795
9.4735,9.4831,24609,33411,Eptesicus serotinus,0.007,0.022,-1,Echolocation,/mnt/ubna_data_02_mir/recover-20221013/UBNA_001/20221012_030000.WAV,Telephone Field,recover-20221013,001,1795
9.4925,9.5316,68437,82759,Rhinolophus ferrumequinum,0.029,0.029,-1,Echolocation,/mnt/ubna_data_02_mir/recover-20221013/UBNA_001/20221012_030000.WAV,Telephone Field,recover-20221013,001,1795
9.5135,9.5249,23750,28277,Nyctalus leisleri,0.015,0.027,-1,Echolocation,/mnt/ubna_data_02_mir/recover-20221013/UBNA_001/20221012_030000.WAV,Telephone Field,recover-20221013,001,1795
9.5435,9.5879,68437,83109,Rhinolophus ferrumequinum,0.036,0.036,-1,Echolocation,/mnt/ubna_data_02_mir/recover-20221013/UBNA_001/20221012_030000.WAV,Telephone Field,recover-20221013,001,1795
9.5865,9.5965,22031,27349,Nyctalus leisleri,0.01,0.023,-1,Echolocation,/mnt/ubna_data_02_mir/recover-20221013/UBNA_001/20221012_030000.WAV,Telephone Field,recover-20221013,001,1795
9.5945,9.6367,68437,82034,Rhinolophus ferrumequinum,0.027,0.027,-1,Echolocation,/mnt/ubna_data_02_mir/recover-20221013/UBNA_001/20221012_030000.WAV,Telephone Field,recover-20221013,001,1795
9.5985,9.6091,22031,26479,Nyctalus leisleri,0.011,0.021,-1,Echolocation,/mnt/ubna_data_02_mir/recover-20221013/UBNA_001/20221012_030000.WAV,Telephone Field,recover-20221013,001,1795
9.6525,9.6607,27187,36253,Eptesicus serotinus,0.008,0.024,-1,Echolocation,/mnt/ubna_data_02_mir/recover-20221013/UBNA_001/20221012_030000.WAV,Telephone Field,recover-20221013,001,1795
9.6645,9.7077,68437,83241,Rhinolophus ferrumequinum,0.034,0.034,-1,Echolocation,/mnt/ubna_data_02_mir/recover-20221013/UBNA_001/20221012_030000.WAV,Telephone Field,recover-20221013,001,1795
9.6655,9.6765,23750,29485,Nyctalus leisleri,0.01,0.023,-1,Echolocation,/mnt/ubna_data_02_mir/recover-20221013/UBNA_001/20221012_030000.WAV,Telephone Field,recover-20221013,001,1795
9.6735,9.6854,22890,27300,Nyctalus leisleri,0.013,0.024,-1,Echolocation,/mnt/ubna_data_02_mir/recover-20221013/UBNA_001/20221012_030000.WAV,Telephone Field,recover-20221013,001,1795
9.7005,9.7095,29765,42322,Eptesicus serotinus,0.006,0.021,-1,Echolocation,/mnt/ubna_data_02_mir/recover-20221013/UBNA_001/20221012_030000.WAV,Telephone Field,recover-20221013,001,1795
9.7305,9.7667,68437,81595,Rhinolophus ferrumequinum,0.025,0.025,-1,Echolocation,/mnt/ubna_data_02_mir/recover-20221013/UBNA_001/20221012_030000.WAV,Telephone Field,recover-20221013,001,1795
9.7645,9.8049,68437,82354,Rhinolophus ferrumequinum,0.024,0.024,-1,Echolocation,/mnt/ubna_data_02_mir/recover-20221013/UBNA_001/20221012_030000.WAV,Telephone Field,recover-20221013,001,1795
9.7675,9.7826,18593,23353,Nyctalus noctula,0.011,0.022,-1,Echolocation,/mnt/ubna_data_02_mir/recover-20221013/UBNA_001/20221012_030000.WAV,Telephone Field,recover-20221013,001,1795
9.7815,9.8205,68437,82355,Rhinolophus ferrumequinum,0.023,0.023,-1,Echolocation,/mnt/ubna_data_02_mir/recover-20221013/UBNA_001/20221012_030000.WAV,Telephone Field,recover-20221013,001,1795
9.7885,9.7966,22031,30049,Plecotus austriacus,0.014,0.029,-1,Echolocation,/mnt/ubna_data_02_mir/recover-20221013/UBNA_001/20221012_030000.WAV,Telephone Field,recover-20221013,001,1795
9.8285,9.8651,68437,81704,Rhinolophus ferrumequinum,0.021,0.021,-1,Echolocation,/mnt/ubna_data_02_mir/recover-20221013/UBNA_001/20221012_030000.WAV,Telephone Field,recover-20221013,001,1795
9.8485,9.885,68437,81717,Rhinolophus ferrumequinum,0.021,0.021,-1,Echolocation,/mnt/ubna_data_02_mir/recover-20221013/UBNA_001/20221012_030000.WAV,Telephone Field,recover-20221013,001,1795
9.8815,9.9192,68437,81783,Rhinolophus ferrumequinum,0.021,0.021,-1,Echolocation,/mnt/ubna_data_02_mir/recover-20221013/UBNA_001/20221012_030000.WAV,Telephone Field,recover-20221013,001,1795
9.8995,9.9366,68437,82607,Rhinolophus ferrumequinum,0.022,0.022,-1,Echolocation,/mnt/ubna_data_02_mir/recover-20221013/UBNA_001/20221012_030000.WAV,Telephone Field,recover-20221013,001,1795
9.9095,9.9185,24609,33061,Nyctalus leisleri,0.006,0.022,-1,Echolocation,/mnt/ubna_data_02_mir/recover-20221013/UBNA_001/20221012_030000.WAV,Telephone Field,recover-20221013,001,1795
9.9555,9.9944,68437,82090,Rhinolophus ferrumequinum,0.023,0.023,-1,Echolocation,/mnt/ubna_data_02_mir/recover-20221013/UBNA_001/20221012_030000.WAV,Telephone Field,recover-20221013,001,1795
9.9775,9.9874,23750,29036,Nyctalus leisleri,0.01,0.021,-1,Echolocation,/mnt/ubna_data_02_mir/recover-20221013/UBNA_001/20221012_030000.WAV,Telephone Field,recover-20221013,001,1795
10.0015,10.0094,47812,53465,Pipistrellus pipistrellus,0.016,0.023,-1,Echolocation,/mnt/ubna_data_02_mir/recover-20221013/UBNA_001/20221012_030000.WAV,Telephone Field,recover-20221013,001,1795
10.0015,10.0314,69296,82055,Rhinolophus ferrumequinum,0.04,0.041,-1,Echolocation,/mnt/ubna_data_02_mir/recover-20221013/UBNA_001/20221012_030000.WAV,Telephone Field,recover-20221013,001,1795
10.0015,10.0098,31484,44479,Myotis daubentonii,0.008,0.021,-1,Echolocation,/mnt/ubna_data_02_mir/recover-20221013/UBNA_001/20221012_030000.WAV,Telephone Field,recover-20221013,001,1795
10.0255,10.0593,68437,81389,Rhinolophus ferrumequinum,0.022,0.022,-1,Echolocation,/mnt/ubna_data_02_mir/recover-20221013/UBNA_001/20221012_030000.WAV,Telephone Field,recover-20221013,001,1795
10.0405,10.0508,22031,27359,Nyctalus leisleri,0.009,0.021,-1,Echolocation,/mnt/ubna_data_02_mir/recover-20221013/UBNA_001/20221012_030000.WAV,Telephone Field,recover-20221013,001,1795
10.1085,10.1452,68437,81559,Rhinolophus ferrumequinum,0.024,0.024,-1,Echolocation,/mnt/ubna_data_02_mir/recover-20221013/UBNA_001/20221012_030000.WAV,Telephone Field,recover-20221013,001,1795
10.1155,10.1487,68437,81592,Rhinolophus ferrumequinum,0.023,0.023,-1,Echolocation,/mnt/ubna_data_02_mir/recover-20221013/UBNA_001/20221012_030000.WAV,Telephone Field,recover-20221013,001,1795
10.1585,10.1957,68437,81544,Rhinolophus ferrumequinum,0.023,0.023,-1,Echolocation,/mnt/ubna_data_02_mir/recover-20221013/UBNA_001/20221012_030000.WAV,Telephone Field,recover-20221013,001,1795
10.1775,10.2156,68437,82262,Rhinolophus ferrumequinum,0.024,0.024,-1,Echolocation,/mnt/ubna_data_02_mir/recover-20221013/UBNA_001/20221012_030000.WAV,Telephone Field,recover-20221013,001,1795
10.1845,10.1911,30625,45343,Myotis daubentonii,0.013,0.034,-1,Echolocation,/mnt/ubna_data_02_mir/recover-20221013/UBNA_001/20221012_030000.WAV,Telephone Field,recover-20221013,001,1795
10.2065,10.2455,68437,82152,Rhinolophus ferrumequinum,0.024,0.024,-1,Echolocation,/mnt/ubna_data_02_mir/recover-20221013/UBNA_001/20221012_030000.WAV,Telephone Field,recover-20221013,001,1795
10.2635,10.2751,26328,33325,Eptesicus serotinus,0.016,0.032,-1,Echolocation,/mnt/ubna_data_02_mir/recover-20221013/UBNA_001/20221012_030000.WAV,Telephone Field,recover-20221013,001,1795
10.2715,10.2873,22890,26475,Nyctalus leisleri,0.018,0.031,-1,Echolocation,/mnt/ubna_data_02_mir/recover-20221013/UBNA_001/20221012_030000.WAV,Telephone Field,recover-20221013,001,1795
10.2815,10.3208,68437,82538,Rhinolophus ferrumequinum,0.024,0.024,-1,Echolocation,/mnt/ubna_data_02_mir/recover-20221013/UBNA_001/20221012_030000.WAV,Telephone Field,recover-20221013,001,1795
10.2855,10.2951,22031,26946,Nyctalus leisleri,0.01,0.022,-1,Echolocation,/mnt/ubna_data_02_mir/recover-20221013/UBNA_001/20221012_030000.WAV,Telephone Field,recover-20221013,001,1795
10.2915,10.3304,68437,82131,Rhinolophus ferrumequinum,0.021,0.021,-1,Echolocation,/mnt/ubna_data_02_mir/recover-20221013/UBNA_001/20221012_030000.WAV,Telephone Field,recover-20221013,001,1795
10.3095,10.3461,68437,82002,Rhinolophus ferrumequinum,0.021,0.021,-1,Echolocation,/mnt/ubna_data_02_mir/recover-20221013/UBNA_001/20221012_030000.WAV,Telephone Field,recover-20221013,001,1795
10.3285,10.3649,68437,81665,Rhinolophus ferrumequinum,0.021,0.021,-1,Echolocation,/mnt/ubna_data_02_mir/recover-20221013/UBNA_001/20221012_030000.WAV,Telephone Field,recover-20221013,001,1795
10.3365,10.3469,22890,28185,Nyctalus leisleri,0.01,0.023,-1,Echolocation,/mnt/ubna_data_02_mir/recover-20221013/UBNA_001/20221012_030000.WAV,Telephone Field,recover-20221013,001,1795
10.3415,10.3522,24609,30661,Nyctalus leisleri,0.009,0.023,-1,Echolocation,/mnt/ubna_data_02_mir/recover-20221013/UBNA_001/20221012_030000.WAV,Telephone Field,recover-20221013,001,1795
10.3975,10.4102,22890,27568,Nyctalus leisleri,0.012,0.022,-1,Echolocation,/mnt/ubna_data_02_mir/recover-20221013/UBNA_001/20221012_030000.WAV,Telephone Field,recover-20221013,001,1795
10.4565,10.4637,28046,41679,Eptesicus serotinus,0.013,0.042,-1,Echolocation,/mnt/ubna_data_02_mir/recover-20221013/UBNA_001/20221012_030000.WAV,Telephone Field,recover-20221013,001,1795
10.4835,10.4939,43515,49457,Pipistrellus pipistrellus,0.043,0.054,-1,Echolocation,/mnt/ubna_data_02_mir/recover-20221013/UBNA_001/20221012_030000.WAV,Telephone Field,recover-20221013,001,1795
10.5175,10.551,68437,81289,Rhinolophus ferrumequinum,0.021,0.021,-1,Echolocation,/mnt/ubna_data_02_mir/recover-20221013/UBNA_001/20221012_030000.WAV,Telephone Field,recover-20221013,001,1795
10.5325,10.5416,23750,31759,Plecotus austriacus,0.014,0.047,-1,Echolocation,/mnt/ubna_data_02_mir/recover-20221013/UBNA_001/20221012_030000.WAV,Telephone Field,recover-20221013,001,1795
10.6025,10.6118,31484,41484,Eptesicus serotinus,0.007,0.026,-1,Echolocation,/mnt/ubna_data_02_mir/recover-20221013/UBNA_001/20221012_030000.WAV,Telephone Field,recover-20221013,001,1795
10.6155,10.6226,25468,39760,Eptesicus serotinus,0.005,0.023,-1,Echolocation,/mnt/ubna_data_02_mir/recover-20221013/UBNA_001/20221012_030000.WAV,Telephone Field,recover-20221013,001,1795
10.6505,10.6866,68437,81833,Rhinolophus ferrumequinum,0.022,0.022,-1,Echolocation,/mnt/ubna_data_02_mir/recover-20221013/UBNA_001/20221012_030000.WAV,Telephone Field,recover-20221013,001,1795
10.6765,10.7132,68437,81790,Rhinolophus ferrumequinum,0.026,0.026,-1,Echolocation,/mnt/ubna_data_02_mir/recover-20221013/UBNA_001/20221012_030000.WAV,Telephone Field,recover-20221013,001,1795
10.7185,10.7555,68437,81542,Rhinolophus ferrumequinum,0.023,0.023,-1,Echolocation,/mnt/ubna_data_02_mir/recover-20221013/UBNA_001/20221012_030000.WAV,Telephone Field,recover-20221013,001,1795
10.7875,10.8253,68437,81871,Rhinolophus ferrumequinum,0.027,0.027,-1,Echolocation,/mnt/ubna_data_02_mir/recover-20221013/UBNA_001/20221012_030000.WAV,Telephone Field,recover-20221013,001,1795
10.7935,10.801,27187,38840,Eptesicus serotinus,0.007,0.022,-1,Echolocation,/mnt/ubna_data_02_mir/recover-20221013/UBNA_001/20221012_030000.WAV,Telephone Field,recover-20221013,001,1795
10.8315,10.8706,68437,81938,Rhinolophus ferrumequinum,0.023,0.023,-1,Echolocation,/mnt/ubna_data_02_mir/recover-20221013/UBNA_001/20221012_030000.WAV,Telephone Field,recover-20221013,001,1795
10.8375,10.8772,68437,82097,Rhinolophus ferrumequinum,0.025,0.025,-1,Echolocation,/mnt/ubna_data_02_mir/recover-20221013/UBNA_001/20221012_030000.WAV,Telephone Field,recover-20221013,001,1795
10.8665,10.8765,28906,37313,Eptesicus serotinus,0.009,0.022,-1,Echolocation,/mnt/ubna_data_02_mir/recover-20221013/UBNA_001/20221012_030000.WAV,Telephone Field,recover-20221013,001,1795
10.8855,10.9251,68437,82622,Rhinolophus ferrumequinum,0.023,0.023,-1,Echolocation,/mnt/ubna_data_02_mir/recover-20221013/UBNA_001/20221012_030000.WAV,Telephone Field,recover-20221013,001,1795
10.9035,10.9206,15156,19623,Nyctalus noctula,0.016,0.023,-1,Echolocation,/mnt/ubna_data_02_mir/recover-20221013/UBNA_001/20221012_030000.WAV,Telephone Field,recover-20221013,001,1795
10.9135,10.9217,28046,42340,Eptesicus serotinus,0.007,0.021,-1,Echolocation,/mnt/ubna_data_02_mir/recover-20221013/UBNA_001/20221012_030000.WAV,Telephone Field,recover-20221013,001,1795
10.9195,10.9297,28906,36634,Eptesicus serotinus,0.009,0.022,-1,Echolocation,/mnt/ubna_data_02_mir/recover-20221013/UBNA_001/20221012_030000.WAV,Telephone Field,recover-20221013,001,1795
10.9365,10.9747,68437,81948,Rhinolophus ferrumequinum,0.022,0.022,-1,Echolocation,/mnt/ubna_data_02_mir/recover-20221013/UBNA_001/20221012_030000.WAV,Telephone Field,recover-20221013,001,1795
10.9615,10.969,23750,32680,Plecotus austriacus,0.008,0.022,-1,Echolocation,/mnt/ubna_data_02_mir/recover-20221013/UBNA_001/20221012_030000.WAV,Telephone Field,recover-20221013,001,1795
10.9955,11.0029,25468,35890,Eptesicus serotinus,0.006,0.025,-1,Echolocation,/mnt/ubna_data_02_mir/recover-20221013/UBNA_001/20221012_030000.WAV,Telephone Field,recover-20221013,001,1795
11.0045,11.0429,68437,82544,Rhinolophus ferrumequinum,0.023,0.023,-1,Echolocation,/mnt/ubna_data_02_mir/recover-20221013/UBNA_001/20221012_030000.WAV,Telephone Field,recover-20221013,001,1795
11.0505,11.0903,68437,82527,Rhinolophus ferrumequinum,0.025,0.025,-1,Echolocation,/mnt/ubna_data_02_mir/recover-20221013/UBNA_001/20221012_030000.WAV,Telephone Field,recover-20221013,001,1795
11.0705,11.0778,27187,39986,Eptesicus serotinus,0.006,0.022,-1,Echolocation,/mnt/ubna_data_02_mir/recover-20221013/UBNA_001/20221012_030000.WAV,Telephone Field,recover-20221013,001,1795
11.0815,11.1213,68437,82384,Rhinolophus ferrumequinum,0.023,0.023,-1,Echolocation,/mnt/ubna_data_02_mir/recover-20221013/UBNA_001/20221012_030000.WAV,Telephone Field,recover-20221013,001,1795
11.0815,11.0921,22031,26782,Nyctalus leisleri,0.011,0.023,-1,Echolocation,/mnt/ubna_data_02_mir/recover-20221013/UBNA_001/20221012_030000.WAV,Telephone Field,recover-20221013,001,1795
11.0915,11.1004,28906,41100,Eptesicus serotinus,0.008,0.022,-1,Echolocation,/mnt/ubna_data_02_mir/recover-20221013/UBNA_001/20221012_030000.WAV,Telephone Field,recover-20221013,001,1795
11.0915,11.1002,48671,52078,Pipistrellus pipistrellus,0.028,0.03,-1,Echolocation,/mnt/ubna_data_02_mir/recover-20221013/UBNA_001/20221012_030000.WAV,Telephone Field,recover-20221013,001,1795
11.0985,11.1305,67578,78524,Rhinolophus ferrumequinum,0.024,0.025,-1,Echolocation,/mnt/ubna_data_02_mir/recover-20221013/UBNA_001/20221012_030000.WAV,Telephone Field,recover-20221013,001,1795
11.1145,11.1354,18593,21426,Nyctalus noctula,0.012,0.024,-1,Echolocation,/mnt/ubna_data_02_mir/recover-20221013/UBNA_001/20221012_030000.WAV,Telephone Field,recover-20221013,001,1795
11.1175,11.1549,68437,81753,Rhinolophus ferrumequinum,0.021,0.021,-1,Echolocation,/mnt/ubna_data_02_mir/recover-20221013/UBNA_001/20221012_030000.WAV,Telephone Field,recover-20221013,001,1795
11.1725,11.2154,68437,82656,Rhinolophus ferrumequinum,0.029,0.029,-1,Echolocation,/mnt/ubna_data_02_mir/recover-20221013/UBNA_001/20221012_030000.WAV,Telephone Field,recover-20221013,001,1795
11.2365,11.2464,22031,26979,Nyctalus leisleri,0.01,0.022,-1,Echolocation,/mnt/ubna_data_02_mir/recover-20221013/UBNA_001/20221012_030000.WAV,Telephone Field,recover-20221013,001,1795
11.2455,11.2576,38359,42254,Pipistrellus nathusii,0.029,0.041,-1,Echolocation,/mnt/ubna_data_02_mir/recover-20221013/UBNA_001/20221012_030000.WAV,Telephone Field,recover-20221013,001,1795
11.2475,11.2853,68437,81871,Rhinolophus ferrumequinum,0.021,0.021,-1,Echolocation,/mnt/ubna_data_02_mir/recover-20221013/UBNA_001/20221012_030000.WAV,Telephone Field,recover-20221013,001,1795
11.2515,11.2584,28046,39188,Eptesicus serotinus,0.008,0.029,-1,Echolocation,/mnt/ubna_data_02_mir/recover-20221013/UBNA_001/20221012_030000.WAV,Telephone Field,recover-20221013,001,1795
11.2655,11.3074,68437,82876,Rhinolophus ferrumequinum,0.026,0.026,-1,Echolocation,/mnt/ubna_data_02_mir/recover-20221013/UBNA_001/20221012_030000.WAV,Telephone Field,recover-20221013,001,1795
11.2795,11.2896,22031,27096,Nyctalus leisleri,0.01,0.021,-1,Echolocation,/mnt/ubna_data_02_mir/recover-20221013/UBNA_001/20221012_030000.WAV,Telephone Field,recover-20221013,001,1795
11.2945,11.3352,68437,82840,Rhinolophus ferrumequinum,0.026,0.026,-1,Echolocation,/mnt/ubna_data_02_mir/recover-20221013/UBNA_001/20221012_030000.WAV,Telephone Field,recover-20221013,001,1795
11.3435,11.3643,19453,22190,Nyctalus noctula,0.015,0.03,-1,Echolocation,/mnt/ubna_data_02_mir/recover-20221013/UBNA_001/20221012_030000.WAV,Telephone Field,recover-20221013,001,1795
11.3785,11.3883,24609,32005,Eptesicus serotinus,0.008,0.022,-1,Echolocation,/mnt/ubna_data_02_mir/recover-20221013/UBNA_001/20221012_030000.WAV,Telephone Field,recover-20221013,001,1795
11.4375,11.4737,68437,81737,Rhinolophus ferrumequinum,0.024,0.024,-1,Echolocation,/mnt/ubna_data_02_mir/recover-20221013/UBNA_001/20221012_030000.WAV,Telephone Field,recover-20221013,001,1795
11.5025,11.542,68437,82527,Rhinolophus ferrumequinum,0.024,0.024,-1,Echolocation,/mnt/ubna_data_02_mir/recover-20221013/UBNA_001/20221012_030000.WAV,Telephone Field,recover-20221013,001,1795
11.5075,11.5151,26328,38167,Eptesicus serotinus,0.007,0.021,-1,Echolocation,/mnt/ubna_data_02_mir/recover-20221013/UBNA_001/20221012_030000.WAV,Telephone Field,recover-20221013,001,1795
11.5335,11.5722,68437,82338,Rhinolophus ferrumequinum,0.021,0.021,-1,Echolocation,/mnt/ubna_data_02_mir/recover-20221013/UBNA_001/20221012_030000.WAV,Telephone Field,recover-20221013,001,1795
11.5555,11.5964,68437,82308,Rhinolophus ferrumequinum,0.021,0.021,-1,Echolocation,/mnt/ubna_data_02_mir/recover-20221013/UBNA_001/20221012_030000.WAV,Telephone Field,recover-20221013,001,1795
11.5845,11.6234,68437,83473,Rhinolophus ferrumequinum,0.032,0.032,-1,Echolocation,/mnt/ubna_data_02_mir/recover-20221013/UBNA_001/20221012_030000.WAV,Telephone Field,recover-20221013,001,1795
11.6045,11.6149,27187,34568,Eptesicus serotinus,0.011,0.024,-1,Echolocation,/mnt/ubna_data_02_mir/recover-20221013/UBNA_001/20221012_030000.WAV,Telephone Field,recover-20221013,001,1795
11.6325,11.6484,21171,24719,Nyctalus leisleri,0.016,0.025,-1,Echolocation,/mnt/ubna_data_02_mir/recover-20221013/UBNA_001/20221012_030000.WAV,Telephone Field,recover-20221013,001,1795
11.6335,11.6761,68437,83218,Rhinolophus ferrumequinum,0.029,0.029,-1,Echolocation,/mnt/ubna_data_02_mir/recover-20221013/UBNA_001/20221012_030000.WAV,Telephone Field,recover-20221013,001,1795
11.6845,11.7234,68437,81808,Rhinolophus ferrumequinum,0.031,0.031,-1,Echolocation,/mnt/ubna_data_02_mir/recover-20221013/UBNA_001/20221012_030000.WAV,Telephone Field,recover-20221013,001,1795
11.6995,11.7064,28046,40587,Eptesicus serotinus,0.007,0.026,-1,Echolocation,/mnt/ubna_data_02_mir/recover-20221013/UBNA_001/20221012_030000.WAV,Telephone Field,recover-20221013,001,1795
11.7405,11.7491,25468,34658,Eptesicus serotinus,0.012,0.032,-1,Echolocation,/mnt/ubna_data_02_mir/recover-20221013/UBNA_001/20221012_030000.WAV,Telephone Field,recover-20221013,001,1795
11.7505,11.7875,68437,81891,Rhinolophus ferrumequinum,0.021,0.021,-1,Echolocation,/mnt/ubna_data_02_mir/recover-20221013/UBNA_001/20221012_030000.WAV,Telephone Field,recover-20221013,001,1795
11.7705,11.8113,68437,83126,Rhinolophus ferrumequinum,0.029,0.029,-1,Echolocation,/mnt/ubna_data_02_mir/recover-20221013/UBNA_001/20221012_030000.WAV,Telephone Field,recover-20221013,001,1795
11.7735,11.7842,22890,28794,Nyctalus leisleri,0.013,0.028,-1,Echolocation,/mnt/ubna_data_02_mir/recover-20221013/UBNA_001/20221012_030000.WAV,Telephone Field,recover-20221013,001,1795
11.8005,11.837,68437,82393,Rhinolophus ferrumequinum,0.024,0.024,-1,Echolocation,/mnt/ubna_data_02_mir/recover-20221013/UBNA_001/20221012_030000.WAV,Telephone Field,recover-20221013,001,1795
11.8405,11.8564,15156,20914,Nyctalus noctula,0.015,0.022,-1,Echolocation,/mnt/ubna_data_02_mir/recover-20221013/UBNA_001/20221012_030000.WAV,Telephone Field,recover-20221013,001,1795
11.8415,11.8821,68437,82577,Rhinolophus ferrumequinum,0.027,0.028,-1,Echolocation,/mnt/ubna_data_02_mir/recover-20221013/UBNA_001/20221012_030000.WAV,Telephone Field,recover-20221013,001,1795
11.9005,11.9419,68437,82793,Rhinolophus ferrumequinum,0.024,0.024,-1,Echolocation,/mnt/ubna_data_02_mir/recover-20221013/UBNA_001/20221012_030000.WAV,Telephone Field,recover-20221013,001,1795
11.9255,11.9633,68437,81794,Rhinolophus ferrumequinum,0.022,0.022,-1,Echolocation,/mnt/ubna_data_02_mir/recover-20221013/UBNA_001/20221012_030000.WAV,Telephone Field,recover-20221013,001,1795
11.9525,11.9934,68437,83280,Rhinolophus ferrumequinum,0.024,0.024,-1,Echolocation,/mnt/ubna_data_02_mir/recover-20221013/UBNA_001/20221012_030000.WAV,Telephone Field,recover-20221013,001,1795
12.0015,12.0107,29765,37445,Eptesicus serotinus,0.006,0.021,-1,Echolocation,/mnt/ubna_data_02_mir/recover-20221013/UBNA_001/20221012_030000.WAV,Telephone Field,recover-20221013,001,1795
12.0015,12.0105,22890,29707,Nyctalus leisleri,0.007,0.024,-1,Echolocation,/mnt/ubna_data_02_mir/recover-20221013/UBNA_001/20221012_030000.WAV,Telephone Field,recover-20221013,001,1795
12.0015,12.0355,68437,79883,Rhinolophus ferrumequinum,0.038,0.038,-1,Echolocation,/mnt/ubna_data_02_mir/recover-20221013/UBNA_001/20221012_030000.WAV,Telephone Field,recover-20221013,001,1795
12.0015,12.0117,47812,53632,Pipistrellus pipistrellus,0.021,0.027,-1,Echolocation,/mnt/ubna_data_02_mir/recover-20221013/UBNA_001/20221012_030000.WAV,Telephone Field,recover-20221013,001,1795
12.0125,12.0521,68437,82942,Rhinolophus ferrumequinum,0.022,0.022,-1,Echolocation,/mnt/ubna_data_02_mir/recover-20221013/UBNA_001/20221012_030000.WAV,Telephone Field,recover-20221013,001,1795
12.0175,12.0575,68437,82538,Rhinolophus ferrumequinum,0.022,0.022,-1,Echolocation,/mnt/ubna_data_02_mir/recover-20221013/UBNA_001/20221012_030000.WAV,Telephone Field,recover-20221013,001,1795
12.0275,12.07,68437,83282,Rhinolophus ferrumequinum,0.032,0.032,-1,Echolocation,/mnt/ubna_data_02_mir/recover-20221013/UBNA_001/20221012_030000.WAV,Telephone Field,recover-20221013,001,1795
12.0915,12.1296,68437,81854,Rhinolophus ferrumequinum,0.021,0.021,-1,Echolocation,/mnt/ubna_data_02_mir/recover-20221013/UBNA_001/20221012_030000.WAV,Telephone Field,recover-20221013,001,1795
12.0945,12.1081,21171,25066,Nyctalus leisleri,0.012,0.022,-1,Echolocation,/mnt/ubna_data_02_mir/recover-20221013/UBNA_001/20221012_030000.WAV,Telephone Field,recover-20221013,001,1795
12.1275,12.1676,68437,83157,Rhinolophus ferrumequinum,0.031,0.031,-1,Echolocation,/mnt/ubna_data_02_mir/recover-20221013/UBNA_001/20221012_030000.WAV,Telephone Field,recover-20221013,001,1795
12.2185,12.2242,27187,50053,Myotis nattereri,0.007,0.028,-1,Echolocation,/mnt/ubna_data_02_mir/recover-20221013/UBNA_001/20221012_030000.WAV,Telephone Field,recover-20221013,001,1795
12.2295,12.2694,68437,82297,Rhinolophus ferrumequinum,0.025,0.025,-1,Echolocation,/mnt/ubna_data_02_mir/recover-20221013/UBNA_001/20221012_030000.WAV,Telephone Field,recover-20221013,001,1795
12.2555,12.2642,28046,36858,Eptesicus serotinus,0.007,0.021,-1,Echolocation,/mnt/ubna_data_02_mir/recover-20221013/UBNA_001/20221012_030000.WAV,Telephone Field,recover-20221013,001,1795
12.2685,12.3093,68437,82083,Rhinolophus ferrumequinum,0.021,0.021,-1,Echolocation,/mnt/ubna_data_02_mir/recover-20221013/UBNA_001/20221012_030000.WAV,Telephone Field,recover-20221013,001,1795
12.2915,12.3025,23750,28528,Nyctalus leisleri,0.013,0.027,-1,Echolocation,/mnt/ubna_data_02_mir/recover-20221013/UBNA_001/20221012_030000.WAV,Telephone Field,recover-20221013,001,1795
12.3175,12.3553,68437,82301,Rhinolophus ferrumequinum,0.023,0.023,-1,Echolocation,/mnt/ubna_data_02_mir/recover-20221013/UBNA_001/20221012_030000.WAV,Telephone Field,recover-20221013,001,1795
12.3325,12.3701,68437,82077,Rhinolophus ferrumequinum,0.021,0.022,-1,Echolocation,/mnt/ubna_data_02_mir/recover-20221013/UBNA_001/20221012_030000.WAV,Telephone Field,recover-20221013,001,1795
12.3415,12.361,20312,22738,Nyctalus leisleri,0.021,0.034,-1,Echolocation,/mnt/ubna_data_02_mir/recover-20221013/UBNA_001/20221012_030000.WAV,Telephone Field,recover-20221013,001,1795
12.4325,12.4729,68437,82882,Rhinolophus ferrumequinum,0.024,0.024,-1,Echolocation,/mnt/ubna_data_02_mir/recover-20221013/UBNA_001/20221012_030000.WAV,Telephone Field,recover-20221013,001,1795
12.5055,12.5454,68437,82627,Rhinolophus ferrumequinum,0.023,0.023,-1,Echolocation,/mnt/ubna_data_02_mir/recover-20221013/UBNA_001/20221012_030000.WAV,Telephone Field,recover-20221013,001,1795
12.5575,12.5991,68437,82596,Rhinolophus ferrumequinum,0.027,0.027,-1,Echolocation,/mnt/ubna_data_02_mir/recover-20221013/UBNA_001/20221012_030000.WAV,Telephone Field,recover-20221013,001,1795
12.5575,12.5667,26328,34526,Eptesicus serotinus,0.013,0.029,-1,Echolocation,/mnt/ubna_data_02_mir/recover-20221013/UBNA_001/20221012_030000.WAV,Telephone Field,recover-20221013,001,1795
12.5745,12.5834,28046,39016,Eptesicus serotinus,0.01,0.023,-1,Echolocation,/mnt/ubna_data_02_mir/recover-20221013/UBNA_001/20221012_030000.WAV,Telephone Field,recover-20221013,001,1795
12.5935,12.6322,68437,82408,Rhinolophus ferrumequinum,0.023,0.023,-1,Echolocation,/mnt/ubna_data_02_mir/recover-20221013/UBNA_001/20221012_030000.WAV,Telephone Field,recover-20221013,001,1795
12.6265,12.6333,24609,34107,Plecotus austriacus,0.008,0.026,-1,Echolocation,/mnt/ubna_data_02_mir/recover-20221013/UBNA_001/20221012_030000.WAV,Telephone Field,recover-20221013,001,1795
12.6435,12.6511,25468,35678,Eptesicus serotinus,0.008,0.027,-1,Echolocation,/mnt/ubna_data_02_mir/recover-20221013/UBNA_001/20221012_030000.WAV,Telephone Field,recover-20221013,001,1795
12.6805,12.722,68437,83233,Rhinolophus ferrumequinum,0.027,0.027,-1,Echolocation,/mnt/ubna_data_02_mir/recover-20221013/UBNA_001/20221012_030000.WAV,Telephone Field,recover-20221013,001,1795
12.7035,12.7414,68437,81729,Rhinolophus ferrumequinum,0.021,0.021,-1,Echolocation,/mnt/ubna_data_02_mir/recover-20221013/UBNA_001/20221012_030000.WAV,Telephone Field,recover-20221013,001,1795
12.7265,12.7373,22890,28076,Nyctalus leisleri,0.009,0.022,-1,Echolocation,/mnt/ubna_data_02_mir/recover-20221013/UBNA_001/20221012_030000.WAV,Telephone Field,recover-20221013,001,1795
12.7505,12.7606,23750,29866,Nyctalus leisleri,0.009,0.024,-1,Echolocation,/mnt/ubna_data_02_mir/recover-20221013/UBNA_001/20221012_030000.WAV,Telephone Field,recover-20221013,001,1795
12.7865,12.7948,28046,40683,Eptesicus serotinus,0.012,0.03,-1,Echolocation,/mnt/ubna_data_02_mir/recover-20221013/UBNA_001/20221012_030000.WAV,Telephone Field,recover-20221013,001,1795
12.7955,12.8057,28046,35545,Eptesicus serotinus,0.012,0.024,-1,Echolocation,/mnt/ubna_data_02_mir/recover-20221013/UBNA_001/20221012_030000.WAV,Telephone Field,recover-20221013,001,1795
12.7955,12.8389,68437,83505,Rhinolophus ferrumequinum,0.028,0.028,-1,Echolocation,/mnt/ubna_data_02_mir/recover-20221013/UBNA_001/20221012_030000.WAV,Telephone Field,recover-20221013,001,1795
12.8125,12.8212,28046,40366,Eptesicus serotinus,0.009,0.022,-1,Echolocation,/mnt/ubna_data_02_mir/recover-20221013/UBNA_001/20221012_030000.WAV,Telephone Field,recover-20221013,001,1795
12.8225,12.8321,28046,37135,Eptesicus serotinus,0.012,0.026,-1,Echolocation,/mnt/ubna_data_02_mir/recover-20221013/UBNA_001/20221012_030000.WAV,Telephone Field,recover-20221013,001,1795
12.8485,12.8841,68437,81735,Rhinolophus ferrumequinum,0.022,0.022,-1,Echolocation,/mnt/ubna_data_02_mir/recover-20221013/UBNA_001/20221012_030000.WAV,Telephone Field,recover-20221013,001,1795
12.8665,12.874,28046,38974,Eptesicus serotinus,0.007,0.022,-1,Echolocation,/mnt/ubna_data_02_mir/recover-20221013/UBNA_001/20221012_030000.WAV,Telephone Field,recover-20221013,001,1795
12.8775,12.9165,68437,82599,Rhinolophus ferrumequinum,0.022,0.022,-1,Echolocation,/mnt/ubna_data_02_mir/recover-20221013/UBNA_001/20221012_030000.WAV,Telephone Field,recover-20221013,001,1795
12.9095,12.9456,68437,81184,Rhinolophus ferrumequinum,0.023,0.023,-1,Echolocation,/mnt/ubna_data_02_mir/recover-20221013/UBNA_001/20221012_030000.WAV,Telephone Field,recover-20221013,001,1795
12.9355,12.9462,23750,29953,Nyctalus leisleri,0.01,0.023,-1,Echolocation,/mnt/ubna_data_02_mir/recover-20221013/UBNA_001/20221012_030000.WAV,Telephone Field,recover-20221013,001,1795
12.9565,12.9962,68437,82758,Rhinolophus ferrumequinum,0.022,0.022,-1,Echolocation,/mnt/ubna_data_02_mir/recover-20221013/UBNA_001/20221012_030000.WAV,Telephone Field,recover-20221013,001,1795
12.9855,12.9959,22031,27574,Nyctalus leisleri,0.008,0.022,-1,Echolocation,/mnt/ubna_data_02_mir/recover-20221013/UBNA_001/20221012_030000.WAV,Telephone Field,recover-20221013,001,1795
13.0115,13.057,68437,83453,Rhinolophus ferrumequinum,0.031,0.031,-1,Echolocation,/mnt/ubna_data_02_mir/recover-20221013/UBNA_001/20221012_030000.WAV,Telephone Field,recover-20221013,001,1795
13.0205,13.0286,24609,33083,Plecotus austriacus,0.007,0.021,-1,Echolocation,/mnt/ubna_data_02_mir/recover-20221013/UBNA_001/20221012_030000.WAV,Telephone Field,recover-20221013,001,1795
13.0475,13.0583,22890,29020,Nyctalus leisleri,0.009,0.022,-1,Echolocation,/mnt/ubna_data_02_mir/recover-20221013/UBNA_001/20221012_030000.WAV,Telephone Field,recover-20221013,001,1795
13.0655,13.1076,68437,82805,Rhinolophus ferrumequinum,0.029,0.03,-1,Echolocation,/mnt/ubna_data_02_mir/recover-20221013/UBNA_001/20221012_030000.WAV,Telephone Field,recover-20221013,001,1795
13.0965,13.1364,68437,82144,Rhinolophus ferrumequinum,0.021,0.021,-1,Echolocation,/mnt/ubna_data_02_mir/recover-20221013/UBNA_001/20221012_030000.WAV,Telephone Field,recover-20221013,001,1795
13.1215,13.1281,27187,41680,Eptesicus serotinus,0.006,0.023,-1,Echolocation,/mnt/ubna_data_02_mir/recover-20221013/UBNA_001/20221012_030000.WAV,Telephone Field,recover-20221013,001,1795
13.1265,13.1466,19453,22477,Nyctalus noctula,0.02,0.039,-1,Echolocation,/mnt/ubna_data_02_mir/recover-20221013/UBNA_001/20221012_030000.WAV,Telephone Field,recover-20221013,001,1795
13.1615,13.2031,68437,82562,Rhinolophus ferrumequinum,0.024,0.024,-1,Echolocation,/mnt/ubna_data_02_mir/recover-20221013/UBNA_001/20221012_030000.WAV,Telephone Field,recover-20221013,001,1795
13.1665,13.2085,68437,82548,Rhinolophus ferrumequinum,0.024,0.024,-1,Echolocation,/mnt/ubna_data_02_mir/recover-20221013/UBNA_001/20221012_030000.WAV,Telephone Field,recover-20221013,001,1795
13.1835,13.2209,68437,82092,Rhinolophus ferrumequinum,0.025,0.025,-1,Echolocation,/mnt/ubna_data_02_mir/recover-20221013/UBNA_001/20221012_030000.WAV,Telephone Field,recover-20221013,001,1795
13.2125,13.2506,68437,81299,Rhinolophus ferrumequinum,0.023,0.023,-1,Echolocation,/mnt/ubna_data_02_mir/recover-20221013/UBNA_001/20221012_030000.WAV,Telephone Field,recover-20221013,001,1795
13.2995,13.3396,68437,82140,Rhinolophus ferrumequinum,0.024,0.024,-1,Echolocation,/mnt/ubna_data_02_mir/recover-20221013/UBNA_001/20221012_030000.WAV,Telephone Field,recover-20221013,001,1795
13.3555,13.3728,23750,27474,Nyctalus leisleri,0.066,0.117,-1,Echolocation,/mnt/ubna_data_02_mir/recover-20221013/UBNA_001/20221012_030000.WAV,Telephone Field,recover-20221013,001,1795
13.3655,13.4003,68437,81410,Rhinolophus ferrumequinum,0.021,0.021,-1,Echolocation,/mnt/ubna_data_02_mir/recover-20221013/UBNA_001/20221012_030000.WAV,Telephone Field,recover-20221013,001,1795
13.3895,13.4117,19453,22284,Nyctalus noctula,0.04,0.071,-1,Echolocation,/mnt/ubna_data_02_mir/recover-20221013/UBNA_001/20221012_030000.WAV,Telephone Field,recover-20221013,001,1795
13.4405,13.4487,24609,33087,Plecotus austriacus,0.005,0.021,-1,Echolocation,/mnt/ubna_data_02_mir/recover-20221013/UBNA_001/20221012_030000.WAV,Telephone Field,recover-20221013,001,1795
13.4585,13.4669,47812,56639,Pipistrellus pipistrellus,0.018,0.021,-1,Echolocation,/mnt/ubna_data_02_mir/recover-20221013/UBNA_001/20221012_030000.WAV,Telephone Field,recover-20221013,001,1795
13.5195,13.5571,68437,81877,Rhinolophus ferrumequinum,0.025,0.025,-1,Echolocation,/mnt/ubna_data_02_mir/recover-20221013/UBNA_001/20221012_030000.WAV,Telephone Field,recover-20221013,001,1795
13.5285,13.566,68437,82147,Rhinolophus ferrumequinum,0.021,0.021,-1,Echolocation,/mnt/ubna_data_02_mir/recover-20221013/UBNA_001/20221012_030000.WAV,Telephone Field,recover-20221013,001,1795
13.5815,13.619,68437,81879,Rhinolophus ferrumequinum,0.031,0.031,-1,Echolocation,/mnt/ubna_data_02_mir/recover-20221013/UBNA_001/20221012_030000.WAV,Telephone Field,recover-20221013,001,1795
13.6175,13.6566,68437,81885,Rhinolophus ferrumequinum,0.021,0.022,-1,Echolocation,/mnt/ubna_data_02_mir/recover-20221013/UBNA_001/20221012_030000.WAV,Telephone Field,recover-20221013,001,1795
13.6415,13.6803,68437,82021,Rhinolophus ferrumequinum,0.022,0.022,-1,Echolocation,/mnt/ubna_data_02_mir/recover-20221013/UBNA_001/20221012_030000.WAV,Telephone Field,recover-20221013,001,1795
13.6665,13.6767,36640,43923,Pipistrellus nathusii,0.008,0.025,-1,Echolocation,/mnt/ubna_data_02_mir/recover-20221013/UBNA_001/20221012_030000.WAV,Telephone Field,recover-20221013,001,1795
13.7545,13.7649,24609,30634,Nyctalus leisleri,0.01,0.028,-1,Echolocation,/mnt/ubna_data_02_mir/recover-20221013/UBNA_001/20221012_030000.WAV,Telephone Field,recover-20221013,001,1795
13.7865,13.7958,28046,37552,Eptesicus serotinus,0.008,0.021,-1,Echolocation,/mnt/ubna_data_02_mir/recover-20221013/UBNA_001/20221012_030000.WAV,Telephone Field,recover-20221013,001,1795
13.8475,13.8577,22890,28181,Nyctalus leisleri,0.011,0.023,-1,Echolocation,/mnt/ubna_data_02_mir/recover-20221013/UBNA_001/20221012_030000.WAV,Telephone Field,recover-20221013,001,1795
13.8775,13.8866,28906,47910,Eptesicus serotinus,0.008,0.022,-1,Echolocation,/mnt/ubna_data_02_mir/recover-20221013/UBNA_001/20221012_030000.WAV,Telephone Field,recover-20221013,001,1795
13.8785,13.9196,68437,82700,Rhinolophus ferrumequinum,0.022,0.022,-1,Echolocation,/mnt/ubna_data_02_mir/recover-20221013/UBNA_001/20221012_030000.WAV,Telephone Field,recover-20221013,001,1795
13.8985,13.9412,68437,82804,Rhinolophus ferrumequinum,0.03,0.03,-1,Echolocation,/mnt/ubna_data_02_mir/recover-20221013/UBNA_001/20221012_030000.WAV,Telephone Field,recover-20221013,001,1795
13.9275,13.9342,27187,39538,Eptesicus serotinus,0.005,0.021,-1,Echolocation,/mnt/ubna_data_02_mir/recover-20221013/UBNA_001/20221012_030000.WAV,Telephone Field,recover-20221013,001,1795
13.9535,13.9902,68437,81693,Rhinolophus ferrumequinum,0.021,0.021,-1,Echolocation,/mnt/ubna_data_02_mir/recover-20221013/UBNA_001/20221012_030000.WAV,Telephone Field,recover-20221013,001,1795
13.9565,13.9662,27187,36801,Eptesicus serotinus,0.008,0.022,-1,Echolocation,/mnt/ubna_data_02_mir/recover-20221013/UBNA_001/20221012_030000.WAV,Telephone Field,recover-20221013,001,1795
13.9625,13.9717,14296,23727,Nyctalus noctula,0.013,0.029,-1,Echolocation,/mnt/ubna_data_02_mir/recover-20221013/UBNA_001/20221012_030000.WAV,Telephone Field,recover-20221013,001,1795
13.9795,13.9867,26328,37188,Eptesicus serotinus,0.007,0.022,-1,Echolocation,/mnt/ubna_data_02_mir/recover-20221013/UBNA_001/20221012_030000.WAV,Telephone Field,recover-20221013,001,1795
14.0015,14.0113,47812,53019,Pipistrellus pipistrellus,0.015,0.021,-1,Echolocation,/mnt/ubna_data_02_mir/recover-20221013/UBNA_001/20221012_030000.WAV,Telephone Field,recover-20221013,001,1795
14.0015,14.0102,30625,41568,Myotis daubentonii,0.007,0.023,-1,Echolocation,/mnt/ubna_data_02_mir/recover-20221013/UBNA_001/20221012_030000.WAV,Telephone Field,recover-20221013,001,1795
14.0015,14.0369,68437,79676,Rhinolophus ferrumequinum,0.039,0.039,-1,Echolocation,/mnt/ubna_data_02_mir/recover-20221013/UBNA_001/20221012_030000.WAV,Telephone Field,recover-20221013,001,1795
14.0015,14.0102,37500,44517,Myotis daubentonii,0.007,0.023,-1,Echolocation,/mnt/ubna_data_02_mir/recover-20221013/UBNA_001/20221012_030000.WAV,Telephone Field,recover-20221013,001,1795
14.0015,14.0115,23750,30857,Nyctalus leisleri,0.011,0.033,-1,Echolocation,/mnt/ubna_data_02_mir/recover-20221013/UBNA_001/20221012_030000.WAV,Telephone Field,recover-20221013,001,1795
14.0075,14.0165,26328,36125,Eptesicus serotinus,0.01,0.024,-1,Echolocation,/mnt/ubna_data_02_mir/recover-20221013/UBNA_001/20221012_030000.WAV,Telephone Field,recover-20221013,001,1795
14.0085,14.0509,68437,82154,Rhinolophus ferrumequinum,0.021,0.021,-1,Echolocation,/mnt/ubna_data_02_mir/recover-20221013/UBNA_001/20221012_030000.WAV,Telephone Field,recover-20221013,001,1795
14.0155,14.0273,57265,63001,Pipistrellus pygmaeus,0.021,0.021,-1,Echolocation,/mnt/ubna_data_02_mir/recover-20221013/UBNA_001/20221012_030000.WAV,Telephone Field,recover-20221013,001,1795
14.0365,14.0793,68437,82789,Rhinolophus ferrumequinum,0.031,0.031,-1,Echolocation,/mnt/ubna_data_02_mir/recover-20221013/UBNA_001/20221012_030000.WAV,Telephone Field,recover-20221013,001,1795
14.0485,14.0551,27187,43687,Eptesicus serotinus,0.006,0.021,-1,Echolocation,/mnt/ubna_data_02_mir/recover-20221013/UBNA_001/20221012_030000.WAV,Telephone Field,recover-20221013,001,1795
14.0905,14.0975,24609,35646,Plecotus austriacus,0.007,0.023,-1,Echolocation,/mnt/ubna_data_02_mir/recover-20221013/UBNA_001/20221012_030000.WAV,Telephone Field,recover-20221013,001,1795
14.1415,14.1487,28046,39027,Eptesicus serotinus,0.007,0.027,-1,Echolocation,/mnt/ubna_data_02_mir/recover-20221013/UBNA_001/20221012_030000.WAV,Telephone Field,recover-20221013,001,1795
14.1575,14.1975,68437,81866,Rhinolophus ferrumequinum,0.023,0.023,-1,Echolocation,/mnt/ubna_data_02_mir/recover-20221013/UBNA_001/20221012_030000.WAV,Telephone Field,recover-20221013,001,1795
14.1655,14.2039,68437,82982,Rhinolophus ferrumequinum,0.026,0.026,-1,Echolocation,/mnt/ubna_data_02_mir/recover-20221013/UBNA_001/20221012_030000.WAV,Telephone Field,recover-20221013,001,1795
14.1885,14.1993,54687,58859,Pipistrellus pygmaeus,0.024,0.028,-1,Echolocation,/mnt/ubna_data_02_mir/recover-20221013/UBNA_001/20221012_030000.WAV,Telephone Field,recover-20221013,001,1795
14.1895,14.2298,68437,82596,Rhinolophus ferrumequinum,0.025,0.025,-1,Echolocation,/mnt/ubna_data_02_mir/recover-20221013/UBNA_001/20221012_030000.WAV,Telephone Field,recover-20221013,001,1795
14.2675,14.3059,68437,81735,Rhinolophus ferrumequinum,0.021,0.021,-1,Echolocation,/mnt/ubna_data_02_mir/recover-20221013/UBNA_001/20221012_030000.WAV,Telephone Field,recover-20221013,001,1795
14.2795,14.2904,22890,27798,Nyctalus leisleri,0.01,0.02,-1,Echolocation,/mnt/ubna_data_02_mir/recover-20221013/UBNA_001/20221012_030000.WAV,Telephone Field,recover-20221013,001,1795
14.2995,14.3088,27187,38261,Eptesicus serotinus,0.01,0.024,-1,Echolocation,/mnt/ubna_data_02_mir/recover-20221013/UBNA_001/20221012_030000.WAV,Telephone Field,recover-20221013,001,1795
14.3185,14.358,68437,82606,Rhinolophus ferrumequinum,0.025,0.025,-1,Echolocation,/mnt/ubna_data_02_mir/recover-20221013/UBNA_001/20221012_030000.WAV,Telephone Field,recover-20221013,001,1795
14.3285,14.367,68437,82562,Rhinolophus ferrumequinum,0.021,0.021,-1,Echolocation,/mnt/ubna_data_02_mir/recover-20221013/UBNA_001/20221012_030000.WAV,Telephone Field,recover-20221013,001,1795
14.3285,14.3364,27187,37145,Eptesicus serotinus,0.007,0.022,-1,Echolocation,/mnt/ubna_data_02_mir/recover-20221013/UBNA_001/20221012_030000.WAV,Telephone Field,recover-20221013,001,1795
14.3465,14.3574,38359,43174,Pipistrellus nathusii,0.049,0.063,-1,Echolocation,/mnt/ubna_data_02_mir/recover-20221013/UBNA_001/20221012_030000.WAV,Telephone Field,recover-20221013,001,1795
14.4145,14.4531,68437,81945,Rhinolophus ferrumequinum,0.023,0.023,-1,Echolocation,/mnt/ubna_data_02_mir/recover-20221013/UBNA_001/20221012_030000.WAV,Telephone Field,recover-20221013,001,1795
14.4435,14.4507,27187,38914,Eptesicus serotinus,0.007,0.022,-1,Echolocation,/mnt/ubna_data_02_mir/recover-20221013/UBNA_001/20221012_030000.WAV,Telephone Field,recover-20221013,001,1795
14.4595,14.497,68437,82283,Rhinolophus ferrumequinum,0.025,0.025,-1,Echolocation,/mnt/ubna_data_02_mir/recover-20221013/UBNA_001/20221012_030000.WAV,Telephone Field,recover-20221013,001,1795
14.4915,14.5295,68437,82234,Rhinolophus ferrumequinum,0.022,0.022,-1,Echolocation,/mnt/ubna_data_02_mir/recover-20221013/UBNA_001/20221012_030000.WAV,Telephone Field,recover-20221013,001,1795
14.5195,14.5267,36640,50009,Myotis brandtii,0.007,0.022,-1,Echolocation,/mnt/ubna_data_02_mir/recover-20221013/UBNA_001/20221012_030000.WAV,Telephone Field,recover-20221013,001,1795
14.5335,14.5714,68437,82745,Rhinolophus ferrumequinum,0.031,0.031,-1,Echolocation,/mnt/ubna_data_02_mir/recover-20221013/UBNA_001/20221012_030000.WAV,Telephone Field,recover-20221013,001,1795
14.5925,14.6337,68437,82651,Rhinolophus ferrumequinum,0.024,0.024,-1,Echolocation,/mnt/ubna_data_02_mir/recover-20221013/UBNA_001/20221012_030000.WAV,Telephone Field,recover-20221013,001,1795
14.5995,14.6399,68437,82597,Rhinolophus ferrumequinum,0.023,0.023,-1,Echolocation,/mnt/ubna_data_02_mir/recover-20221013/UBNA_001/20221012_030000.WAV,Telephone Field,recover-20221013,001,1795
14.6325,14.65,22890,26454,Nyctalus leisleri,0.027,0.046,-1,Echolocation,/mnt/ubna_data_02_mir/recover-20221013/UBNA_001/20221012_030000.WAV,Telephone Field,recover-20221013,001,1795
14.6745,14.6823,27187,37555,Eptesicus serotinus,0.007,0.02,-1,Echolocation,/mnt/ubna_data_02_mir/recover-20221013/UBNA_001/20221012_030000.WAV,Telephone Field,recover-20221013,001,1795
14.6965,14.7353,68437,81908,Rhinolophus ferrumequinum,0.02,0.02,-1,Echolocation,/mnt/ubna_data_02_mir/recover-20221013/UBNA_001/20221012_030000.WAV,Telephone Field,recover-20221013,001,1795
14.7135,14.7519,68437,81896,Rhinolophus ferrumequinum,0.021,0.022,-1,Echolocation,/mnt/ubna_data_02_mir/recover-20221013/UBNA_001/20221012_030000.WAV,Telephone Field,recover-20221013,001,1795
14.7335,14.7413,25468,34427,Eptesicus serotinus,0.008,0.023,-1,Echolocation,/mnt/ubna_data_02_mir/recover-20221013/UBNA_001/20221012_030000.WAV,Telephone Field,recover-20221013,001,1795
14.7485,14.7901,68437,82273,Rhinolophus ferrumequinum,0.021,0.021,-1,Echolocation,/mnt/ubna_data_02_mir/recover-20221013/UBNA_001/20221012_030000.WAV,Telephone Field,recover-20221013,001,1795
14.7515,14.7604,23750,31385,Nyctalus leisleri,0.006,0.024,-1,Echolocation,/mnt/ubna_data_02_mir/recover-20221013/UBNA_001/20221012_030000.WAV,Telephone Field,recover-20221013,001,1795
14.7575,14.7692,38359,42865,Pipistrellus nathusii,0.018,0.026,-1,Echolocation,/mnt/ubna_data_02_mir/recover-20221013/UBNA_001/20221012_030000.WAV,Telephone Field,recover-20221013,001,1795
14.7795,14.7994,16015,20955,Nyctalus noctula,0.022,0.029,-1,Echolocation,/mnt/ubna_data_02_mir/recover-20221013/UBNA_001/20221012_030000.WAV,Telephone Field,recover-20221013,001,1795
14.7835,14.7911,27187,39098,Eptesicus serotinus,0.009,0.027,-1,Echolocation,/mnt/ubna_data_02_mir/recover-20221013/UBNA_001/20221012_030000.WAV,Telephone Field,recover-20221013,001,1795
14.8095,14.8153,46093,62221,Pipistrellus pipistrellus,0.009,0.021,-1,Echolocation,/mnt/ubna_data_02_mir/recover-20221013/UBNA_001/20221012_030000.WAV,Telephone Field,recover-20221013,001,1795
14.8105,14.8461,68437,81559,Rhinolophus ferrumequinum,0.021,0.021,-1,Echolocation,/mnt/ubna_data_02_mir/recover-20221013/UBNA_001/20221012_030000.WAV,Telephone Field,recover-20221013,001,1795
14.8895,14.9279,68437,81956,Rhinolophus ferrumequinum,0.02,0.02,-1,Echolocation,/mnt/ubna_data_02_mir/recover-20221013/UBNA_001/20221012_030000.WAV,Telephone Field,recover-20221013,001,1795
14.9105,14.9473,68437,82007,Rhinolophus ferrumequinum,0.023,0.023,-1,Echolocation,/mnt/ubna_data_02_mir/recover-20221013/UBNA_001/20221012_030000.WAV,Telephone Field,recover-20221013,001,1795
14.9305,14.9712,68437,82326,Rhinolophus ferrumequinum,0.023,0.023,-1,Echolocation,/mnt/ubna_data_02_mir/recover-20221013/UBNA_001/20221012_030000.WAV,Telephone Field,recover-20221013,001,1795
14.9565,14.9654,25468,32676,Eptesicus serotinus,0.007,0.023,-1,Echolocation,/mnt/ubna_data_02_mir/recover-20221013/UBNA_001/20221012_030000.WAV,Telephone Field,recover-20221013,001,1795
14.9685,15.0076,68437,82754,Rhinolophus ferrumequinum,0.027,0.027,-1,Echolocation,/mnt/ubna_data_02_mir/recover-20221013/UBNA_001/20221012_030000.WAV,Telephone Field,recover-20221013,001,1795
14.9905,14.9985,27187,40894,Eptesicus serotinus,0.008,0.022,-1,Echolocation,/mnt/ubna_data_02_mir/recover-20221013/UBNA_001/20221012_030000.WAV,Telephone Field,recover-20221013,001,1795
15.0215,15.0423,19453,22540,Nyctalus leisleri,0.013,0.027,-1,Echolocation,/mnt/ubna_data_02_mir/recover-20221013/UBNA_001/20221012_030000.WAV,Telephone Field,recover-20221013,001,1795
15.0285,15.0493,18593,21142,Nyctalus noctula,0.015,0.029,-1,Echolocation,/mnt/ubna_data_02_mir/recover-20221013/UBNA_001/20221012_030000.WAV,Telephone Field,recover-20221013,001,1795
15.0345,15.0428,28906,37267,Eptesicus serotinus,0.007,0.021,-1,Echolocation,/mnt/ubna_data_02_mir/recover-20221013/UBNA_001/20221012_030000.WAV,Telephone Field,recover-20221013,001,1795
15.0435,15.0832,68437,82699,Rhinolophus ferrumequinum,0.023,0.023,-1,Echolocation,/mnt/ubna_data_02_mir/recover-20221013/UBNA_001/20221012_030000.WAV,Telephone Field,recover-20221013,001,1795
15.0675,15.1085,68437,83015,Rhinolophus ferrumequinum,0.047,0.047,-1,Echolocation,/mnt/ubna_data_02_mir/recover-20221013/UBNA_001/20221012_030000.WAV,Telephone Field,recover-20221013,001,1795
15.0885,15.1272,68437,82468,Rhinolophus ferrumequinum,0.022,0.022,-1,Echolocation,/mnt/ubna_data_02_mir/recover-20221013/UBNA_001/20221012_030000.WAV,Telephone Field,recover-20221013,001,1795
15.1035,15.1143,22031,26357,Nyctalus leisleri,0.012,0.022,-1,Echolocation,/mnt/ubna_data_02_mir/recover-20221013/UBNA_001/20221012_030000.WAV,Telephone Field,recover-20221013,001,1795
15.1115,15.151,68437,82921,Rhinolophus ferrumequinum,0.024,0.024,-1,Echolocation,/mnt/ubna_data_02_mir/recover-20221013/UBNA_001/20221012_030000.WAV,Telephone Field,recover-20221013,001,1795
15.1865,15.1994,15156,21708,Nyctalus noctula,0.014,0.021,-1,Echolocation,/mnt/ubna_data_02_mir/recover-20221013/UBNA_001/20221012_030000.WAV,Telephone Field,recover-20221013,001,1795
15.1905,15.1985,28046,38983,Eptesicus serotinus,0.007,0.022,-1,Echolocation,/mnt/ubna_data_02_mir/recover-20221013/UBNA_001/20221012_030000.WAV,Telephone Field,recover-20221013,001,1795
15.2035,15.2361,68437,80885,Rhinolophus ferrumequinum,0.021,0.021,-1,Echolocation,/mnt/ubna_data_02_mir/recover-20221013/UBNA_001/20221012_030000.WAV,Telephone Field,recover-20221013,001,1795
15.2085,15.2167,27187,37571,Eptesicus serotinus,0.007,0.021,-1,Echolocation,/mnt/ubna_data_02_mir/recover-20221013/UBNA_001/20221012_030000.WAV,Telephone Field,recover-20221013,001,1795
15.2185,15.226,27187,39033,Eptesicus serotinus,0.007,0.021,-1,Echolocation,/mnt/ubna_data_02_mir/recover-20221013/UBNA_001/20221012_030000.WAV,Telephone Field,recover-20221013,001,1795
15.2705,15.3105,68437,82964,Rhinolophus ferrumequinum,0.03,0.03,-1,Echolocation,/mnt/ubna_data_02_mir/recover-20221013/UBNA_001/20221012_030000.WAV,Telephone Field,recover-20221013,001,1795
15.2855,15.295,24609,31925,Eptesicus serotinus,0.008,0.024,-1,Echolocation,/mnt/ubna_data_02_mir/recover-20221013/UBNA_001/20221012_030000.WAV,Telephone Field,recover-20221013,001,1795
15.2975,15.3057,28046,40248,Eptesicus serotinus,0.009,0.024,-1,Echolocation,/mnt/ubna_data_02_mir/recover-20221013/UBNA_001/20221012_030000.WAV,Telephone Field,recover-20221013,001,1795
15.2995,15.3383,68437,81864,Rhinolophus ferrumequinum,0.022,0.022,-1,Echolocation,/mnt/ubna_data_02_mir/recover-20221013/UBNA_001/20221012_030000.WAV,Telephone Field,recover-20221013,001,1795
15.3095,15.3452,68437,81550,Rhinolophus ferrumequinum,0.021,0.021,-1,Echolocation,/mnt/ubna_data_02_mir/recover-20221013/UBNA_001/20221012_030000.WAV,Telephone Field,recover-20221013,001,1795
15.3175,15.3305,14296,20541,Nyctalus noctula,0.026,0.04,-1,Echolocation,/mnt/ubna_data_02_mir/recover-20221013/UBNA_001/20221012_030000.WAV,Telephone Field,recover-20221013,001,1795
15.3225,15.3569,68437,81417,Rhinolophus ferrumequinum,0.021,0.021,-1,Echolocation,/mnt/ubna_data_02_mir/recover-20221013/UBNA_001/20221012_030000.WAV,Telephone Field,recover-20221013,001,1795
15.3385,15.3458,26328,35927,Eptesicus serotinus,0.019,0.059,-1,Echolocation,/mnt/ubna_data_02_mir/recover-20221013/UBNA_001/20221012_030000.WAV,Telephone Field,recover-20221013,001,1795
15.3405,15.3826,68437,82546,Rhinolophus ferrumequinum,0.022,0.022,-1,Echolocation,/mnt/ubna_data_02_mir/recover-20221013/UBNA_001/20221012_030000.WAV,Telephone Field,recover-20221013,001,1795
15.3765,15.4153,68437,82274,Rhinolophus ferrumequinum,0.023,0.024,-1,Echolocation,/mnt/ubna_data_02_mir/recover-20221013/UBNA_001/20221012_030000.WAV,Telephone Field,recover-20221013,001,1795
15.4055,15.4117,36640,52006,Myotis daubentonii,0.008,0.024,-1,Echolocation,/mnt/ubna_data_02_mir/recover-20221013/UBNA_001/20221012_030000.WAV,Telephone Field,recover-20221013,001,1795
15.4075,15.4137,25468,42232,Myotis nattereri,0.006,0.023,-1,Echolocation,/mnt/ubna_data_02_mir/recover-20221013/UBNA_001/20221012_030000.WAV,Telephone Field,recover-20221013,001,1795
15.4415,15.4805,68437,81506,Rhinolophus ferrumequinum,0.021,0.021,-1,Echolocation,/mnt/ubna_data_02_mir/recover-20221013/UBNA_001/20221012_030000.WAV,Telephone Field,recover-20221013,001,1795
15.4435,15.4516,27187,38555,Eptesicus serotinus,0.007,0.022,-1,Echolocation,/mnt/ubna_data_02_mir/recover-20221013/UBNA_001/20221012_030000.WAV,Telephone Field,recover-20221013,001,1795
15.4585,15.4671,26328,35038,Eptesicus serotinus,0.01,0.025,-1,Echolocation,/mnt/ubna_data_02_mir/recover-20221013/UBNA_001/20221012_030000.WAV,Telephone Field,recover-20221013,001,1795
15.4785,15.5173,68437,81991,Rhinolophus ferrumequinum,0.026,0.026,-1,Echolocation,/mnt/ubna_data_02_mir/recover-20221013/UBNA_001/20221012_030000.WAV,Telephone Field,recover-20221013,001,1795
15.5085,15.5163,51250,57958,Pipistrellus pipistrellus,0.014,0.021,-1,Echolocation,/mnt/ubna_data_02_mir/recover-20221013/UBNA_001/20221012_030000.WAV,Telephone Field,recover-20221013,001,1795
15.5095,15.5185,28906,40500,Eptesicus serotinus,0.007,0.022,-1,Echolocation,/mnt/ubna_data_02_mir/recover-20221013/UBNA_001/20221012_030000.WAV,Telephone Field,recover-20221013,001,1795
15.5265,15.535,35781,44429,Myotis daubentonii,0.007,0.022,-1,Echolocation,/mnt/ubna_data_02_mir/recover-20221013/UBNA_001/20221012_030000.WAV,Telephone Field,recover-20221013,001,1795
15.5435,15.5518,28046,39745,Eptesicus serotinus,0.008,0.023,-1,Echolocation,/mnt/ubna_data_02_mir/recover-20221013/UBNA_001/20221012_030000.WAV,Telephone Field,recover-20221013,001,1795
15.5445,15.5855,68437,83203,Rhinolophus ferrumequinum,0.024,0.024,-1,Echolocation,/mnt/ubna_data_02_mir/recover-20221013/UBNA_001/20221012_030000.WAV,Telephone Field,recover-20221013,001,1795
15.5635,15.6036,68437,82937,Rhinolophus ferrumequinum,0.023,0.023,-1,Echolocation,/mnt/ubna_data_02_mir/recover-20221013/UBNA_001/20221012_030000.WAV,Telephone Field,recover-20221013,001,1795
15.5995,15.6077,25468,35459,Eptesicus serotinus,0.007,0.023,-1,Echolocation,/mnt/ubna_data_02_mir/recover-20221013/UBNA_001/20221012_030000.WAV,Telephone Field,recover-20221013,001,1795
15.6175,15.6567,68437,81657,Rhinolophus ferrumequinum,0.021,0.021,-1,Echolocation,/mnt/ubna_data_02_mir/recover-20221013/UBNA_001/20221012_030000.WAV,Telephone Field,recover-20221013,001,1795
15.6215,15.632,23750,30350,Nyctalus leisleri,0.011,0.028,-1,Echolocation,/mnt/ubna_data_02_mir/recover-20221013/UBNA_001/20221012_030000.WAV,Telephone Field,recover-20221013,001,1795
15.6425,15.6531,43515,47214,Pipistrellus pipistrellus,0.017,0.023,-1,Echolocation,/mnt/ubna_data_02_mir/recover-20221013/UBNA_001/20221012_030000.WAV,Telephone Field,recover-20221013,001,1795
15.6475,15.656,28046,37742,Eptesicus serotinus,0.007,0.021,-1,Echolocation,/mnt/ubna_data_02_mir/recover-20221013/UBNA_001/20221012_030000.WAV,Telephone Field,recover-20221013,001,1795
15.6655,15.7066,68437,82529,Rhinolophus ferrumequinum,0.024,0.024,-1,Echolocation,/mnt/ubna_data_02_mir/recover-20221013/UBNA_001/20221012_030000.WAV,Telephone Field,recover-20221013,001,1795
15.6795,15.7173,68437,81826,Rhinolophus ferrumequinum,0.021,0.021,-1,Echolocation,/mnt/ubna_data_02_mir/recover-20221013/UBNA_001/20221012_030000.WAV,Telephone Field,recover-20221013,001,1795
15.6865,15.6945,26328,37859,Eptesicus serotinus,0.007,0.021,-1,Echolocation,/mnt/ubna_data_02_mir/recover-20221013/UBNA_001/20221012_030000.WAV,Telephone Field,recover-20221013,001,1795
15.7115,15.7226,23750,29097,Nyctalus leisleri,0.011,0.024,-1,Echolocation,/mnt/ubna_data_02_mir/recover-20221013/UBNA_001/20221012_030000.WAV,Telephone Field,recover-20221013,001,1795
15.7145,15.7218,40937,54077,Myotis brandtii,0.005,0.021,-1,Echolocation,/mnt/ubna_data_02_mir/recover-20221013/UBNA_001/20221012_030000.WAV,Telephone Field,recover-20221013,001,1795
15.7505,15.7582,28046,38620,Eptesicus serotinus,0.007,0.023,-1,Echolocation,/mnt/ubna_data_02_mir/recover-20221013/UBNA_001/20221012_030000.WAV,Telephone Field,recover-20221013,001,1795
15.7535,15.7887,68437,81644,Rhinolophus ferrumequinum,0.021,0.021,-1,Echolocation,/mnt/ubna_data_02_mir/recover-20221013/UBNA_001/20221012_030000.WAV,Telephone Field,recover-20221013,001,1795
15.7875,15.8306,68437,83020,Rhinolophus ferrumequinum,0.026,0.026,-1,Echolocation,/mnt/ubna_data_02_mir/recover-20221013/UBNA_001/20221012_030000.WAV,Telephone Field,recover-20221013,001,1795
15.7905,15.801,22031,26059,Nyctalus leisleri,0.011,0.021,-1,Echolocation,/mnt/ubna_data_02_mir/recover-20221013/UBNA_001/20221012_030000.WAV,Telephone Field,recover-20221013,001,1795
15.8075,15.8155,28046,39772,Eptesicus serotinus,0.007,0.023,-1,Echolocation,/mnt/ubna_data_02_mir/recover-20221013/UBNA_001/20221012_030000.WAV,Telephone Field,recover-20221013,001,1795
15.8135,15.847,68437,81358,Rhinolophus ferrumequinum,0.025,0.025,-1,Echolocation,/mnt/ubna_data_02_mir/recover-20221013/UBNA_001/20221012_030000.WAV,Telephone Field,recover-20221013,001,1795
15.8285,15.8369,28046,36265,Eptesicus serotinus,0.008,0.02,-1,Echolocation,/mnt/ubna_data_02_mir/recover-20221013/UBNA_001/20221012_030000.WAV,Telephone Field,recover-20221013,001,1795
15.8435,15.8556,22890,27705,Nyctalus leisleri,0.011,0.022,-1,Echolocation,/mnt/ubna_data_02_mir/recover-20221013/UBNA_001/20221012_030000.WAV,Telephone Field,recover-20221013,001,1795
15.8675,15.9046,68437,81324,Rhinolophus ferrumequinum,0.025,0.025,-1,Echolocation,/mnt/ubna_data_02_mir/recover-20221013/UBNA_001/20221012_030000.WAV,Telephone Field,recover-20221013,001,1795
15.8675,15.879,28046,35820,Eptesicus serotinus,0.017,0.032,-1,Echolocation,/mnt/ubna_data_02_mir/recover-20221013/UBNA_001/20221012_030000.WAV,Telephone Field,recover-20221013,001,1795
15.8865,15.9233,68437,81839,Rhinolophus ferrumequinum,0.023,0.023,-1,Echolocation,/mnt/ubna_data_02_mir/recover-20221013/UBNA_001/20221012_030000.WAV,Telephone Field,recover-20221013,001,1795
15.8955,15.9039,26328,36701,Eptesicus serotinus,0.007,0.022,-1,Echolocation,/mnt/ubna_data_02_mir/recover-20221013/UBNA_001/20221012_030000.WAV,Telephone Field,recover-20221013,001,1795
15.9785,15.9851,27187,40617,Eptesicus serotinus,0.006,0.026,-1,Echolocation,/mnt/ubna_data_02_mir/recover-20221013/UBNA_001/20221012_030000.WAV,Telephone Field,recover-20221013,001,1795
16.0015,16.0318,68437,79392,Rhinolophus ferrumequinum,0.031,0.031,-1,Echolocation,/mnt/ubna_data_02_mir/recover-20221013/UBNA_001/20221012_030000.WAV,Telephone Field,recover-20221013,001,1795
16.0015,16.0103,46953,52949,Pipistrellus pipistrellus,0.019,0.024,-1,Echolocation,/mnt/ubna_data_02_mir/recover-20221013/UBNA_001/20221012_030000.WAV,Telephone Field,recover-20221013,001,1795
16.0275,16.0679,68437,83310,Rhinolophus ferrumequinum,0.034,0.034,-1,Echolocation,/mnt/ubna_data_02_mir/recover-20221013/UBNA_001/20221012_030000.WAV,Telephone Field,recover-20221013,001,1795
16.0335,16.044,23750,30102,Nyctalus leisleri,0.009,0.023,-1,Echolocation,/mnt/ubna_data_02_mir/recover-20221013/UBNA_001/20221012_030000.WAV,Telephone Field,recover-20221013,001,1795
16.0655,16.102,68437,81969,Rhinolophus ferrumequinum,0.022,0.022,-1,Echolocation,/mnt/ubna_data_02_mir/recover-20221013/UBNA_001/20221012_030000.WAV,Telephone Field,recover-20221013,001,1795
16.0855,16.1248,68437,82439,Rhinolophus ferrumequinum,0.022,0.022,-1,Echolocation,/mnt/ubna_data_02_mir/recover-20221013/UBNA_001/20221012_030000.WAV,Telephone Field,recover-20221013,001,1795
16.1025,16.1104,28046,39236,Eptesicus serotinus,0.008,0.021,-1,Echolocation,/mnt/ubna_data_02_mir/recover-20221013/UBNA_001/20221012_030000.WAV,Telephone Field,recover-20221013,001,1795
16.1345,16.1761,68437,82605,Rhinolophus ferrumequinum,0.03,0.03,-1,Echolocation,/mnt/ubna_data_02_mir/recover-20221013/UBNA_001/20221012_030000.WAV,Telephone Field,recover-20221013,001,1795
16.1355,16.1425,27187,41129,Eptesicus serotinus,0.006,0.022,-1,Echolocation,/mnt/ubna_data_02_mir/recover-20221013/UBNA_001/20221012_030000.WAV,Telephone Field,recover-20221013,001,1795
16.1855,16.2248,68437,82131,Rhinolophus ferrumequinum,0.022,0.022,-1,Echolocation,/mnt/ubna_data_02_mir/recover-20221013/UBNA_001/20221012_030000.WAV,Telephone Field,recover-20221013,001,1795
16.2185,16.2282,28906,38000,Eptesicus serotinus,0.012,0.027,-1,Echolocation,/mnt/ubna_data_02_mir/recover-20221013/UBNA_001/20221012_030000.WAV,Telephone Field,recover-20221013,001,1795
16.2295,16.2693,68437,82734,Rhinolophus ferrumequinum,0.024,0.024,-1,Echolocation,/mnt/ubna_data_02_mir/recover-20221013/UBNA_001/20221012_030000.WAV,Telephone Field,recover-20221013,001,1795
16.2415,16.2496,28046,39619,Eptesicus serotinus,0.007,0.021,-1,Echolocation,/mnt/ubna_data_02_mir/recover-20221013/UBNA_001/20221012_030000.WAV,Telephone Field,recover-20221013,001,1795
16.2725,16.2811,50390,56605,Pipistrellus pipistrellus,0.019,0.023,-1,Echolocation,/mnt/ubna_data_02_mir/recover-20221013/UBNA_001/20221012_030000.WAV,Telephone Field,recover-20221013,001,1795
16.2745,16.2836,22890,29447,Plecotus austriacus,0.009,0.029,-1,Echolocation,/mnt/ubna_data_02_mir/recover-20221013/UBNA_001/20221012_030000.WAV,Telephone Field,recover-20221013,001,1795
16.3095,16.317,29765,42825,Myotis daubentonii,0.008,0.023,-1,Echolocation,/mnt/ubna_data_02_mir/recover-20221013/UBNA_001/20221012_030000.WAV,Telephone Field,recover-20221013,001,1795
16.3775,16.3858,28046,40223,Eptesicus serotinus,0.008,0.021,-1,Echolocation,/mnt/ubna_data_02_mir/recover-20221013/UBNA_001/20221012_030000.WAV,Telephone Field,recover-20221013,001,1795
16.4295,16.4683,68437,81178,Rhinolophus ferrumequinum,0.021,0.021,-1,Echolocation,/mnt/ubna_data_02_mir/recover-20221013/UBNA_001/20221012_030000.WAV,Telephone Field,recover-20221013,001,1795
16.4345,16.4424,25468,34002,Eptesicus serotinus,0.006,0.021,-1,Echolocation,/mnt/ubna_data_02_mir/recover-20221013/UBNA_001/20221012_030000.WAV,Telephone Field,recover-20221013,001,1795
16.5035,16.5438,68437,82417,Rhinolophus ferrumequinum,0.021,0.021,-1,Echolocation,/mnt/ubna_data_02_mir/recover-20221013/UBNA_001/20221012_030000.WAV,Telephone Field,recover-20221013,001,1795
16.5275,16.5686,68437,82948,Rhinolophus ferrumequinum,0.022,0.022,-1,Echolocation,/mnt/ubna_data_02_mir/recover-20221013/UBNA_001/20221012_030000.WAV,Telephone Field,recover-20221013,001,1795
16.5345,16.5738,68437,82772,Rhinolophus ferrumequinum,0.021,0.021,-1,Echolocation,/mnt/ubna_data_02_mir/recover-20221013/UBNA_001/20221012_030000.WAV,Telephone Field,recover-20221013,001,1795
16.5435,16.5505,25468,35115,Plecotus austriacus,0.006,0.021,-1,Echolocation,/mnt/ubna_data_02_mir/recover-20221013/UBNA_001/20221012_030000.WAV,Telephone Field,recover-20221013,001,1795
16.5585,16.5969,68437,81688,Rhinolophus ferrumequinum,0.021,0.021,-1,Echolocation,/mnt/ubna_data_02_mir/recover-20221013/UBNA_001/20221012_030000.WAV,Telephone Field,recover-20221013,001,1795
16.5605,16.5698,22031,28313,Plecotus austriacus,0.01,0.024,-1,Echolocation,/mnt/ubna_data_02_mir/recover-20221013/UBNA_001/20221012_030000.WAV,Telephone Field,recover-20221013,001,1795
16.5665,16.6053,68437,81368,Rhinolophus ferrumequinum,0.021,0.021,-1,Echolocation,/mnt/ubna_data_02_mir/recover-20221013/UBNA_001/20221012_030000.WAV,Telephone Field,recover-20221013,001,1795
16.5865,16.5967,22031,26886,Nyctalus leisleri,0.011,0.021,-1,Echolocation,/mnt/ubna_data_02_mir/recover-20221013/UBNA_001/20221012_030000.WAV,Telephone Field,recover-20221013,001,1795
16.5975,16.6377,68437,82571,Rhinolophus ferrumequinum,0.023,0.023,-1,Echolocation,/mnt/ubna_data_02_mir/recover-20221013/UBNA_001/20221012_030000.WAV,Telephone Field,recover-20221013,001,1795
16.6275,16.6654,68437,82414,Rhinolophus ferrumequinum,0.021,0.021,-1,Echolocation,/mnt/ubna_data_02_mir/recover-20221013/UBNA_001/20221012_030000.WAV,Telephone Field,recover-20221013,001,1795
16.6365,16.6764,68437,82252,Rhinolophus ferrumequinum,0.021,0.021,-1,Echolocation,/mnt/ubna_data_02_mir/recover-20221013/UBNA_001/20221012_030000.WAV,Telephone Field,recover-20221013,001,1795
16.6385,16.6472,28046,39639,Eptesicus serotinus,0.008,0.021,-1,Echolocation,/mnt/ubna_data_02_mir/recover-20221013/UBNA_001/20221012_030000.WAV,Telephone Field,recover-20221013,001,1795
16.6725,16.7133,68437,82674,Rhinolophus ferrumequinum,0.028,0.028,-1,Echolocation,/mnt/ubna_data_02_mir/recover-20221013/UBNA_001/20221012_030000.WAV,Telephone Field,recover-20221013,001,1795
16.6995,16.7115,22890,27929,Nyctalus leisleri,0.011,0.022,-1,Echolocation,/mnt/ubna_data_02_mir/recover-20221013/UBNA_001/20221012_030000.WAV,Telephone Field,recover-20221013,001,1795
16.7285,16.7691,68437,82537,Rhinolophus ferrumequinum,0.022,0.022,-1,Echolocation,/mnt/ubna_data_02_mir/recover-20221013/UBNA_001/20221012_030000.WAV,Telephone Field,recover-20221013,001,1795
16.7475,16.7862,68437,82331,Rhinolophus ferrumequinum,0.023,0.023,-1,Echolocation,/mnt/ubna_data_02_mir/recover-20221013/UBNA_001/20221012_030000.WAV,Telephone Field,recover-20221013,001,1795
16.7665,16.8035,68437,81970,Rhinolophus ferrumequinum,0.022,0.022,-1,Echolocation,/mnt/ubna_data_02_mir/recover-20221013/UBNA_001/20221012_030000.WAV,Telephone Field,recover-20221013,001,1795
16.7775,16.7876,22890,27866,Nyctalus leisleri,0.009,0.021,-1,Echolocation,/mnt/ubna_data_02_mir/recover-20221013/UBNA_001/20221012_030000.WAV,Telephone Field,recover-20221013,001,1795
16.8325,16.8715,68437,82481,Rhinolophus ferrumequinum,0.023,0.023,-1,Echolocation,/mnt/ubna_data_02_mir/recover-20221013/UBNA_001/20221012_030000.WAV,Telephone Field,recover-20221013,001,1795
16.8445,16.8516,23750,32159,Plecotus austriacus,0.009,0.023,-1,Echolocation,/mnt/ubna_data_02_mir/recover-20221013/UBNA_001/20221012_030000.WAV,Telephone Field,recover-20221013,001,1795
16.8605,16.8994,68437,81959,Rhinolophus ferrumequinum,0.022,0.022,-1,Echolocation,/mnt/ubna_data_02_mir/recover-20221013/UBNA_001/20221012_030000.WAV,Telephone Field,recover-20221013,001,1795
16.8865,16.8943,27187,41089,Eptesicus serotinus,0.007,0.021,-1,Echolocation,/mnt/ubna_data_02_mir/recover-20221013/UBNA_001/20221012_030000.WAV,Telephone Field,recover-20221013,001,1795
16.9345,16.9402,51250,57308,Pipistrellus pipistrellus,0.03,0.034,-1,Echolocation,/mnt/ubna_data_02_mir/recover-20221013/UBNA_001/20221012_030000.WAV,Telephone Field,recover-20221013,001,1795
16.9875,17.0263,68437,82664,Rhinolophus ferrumequinum,0.024,0.024,-1,Echolocation,/mnt/ubna_data_02_mir/recover-20221013/UBNA_001/20221012_030000.WAV,Telephone Field,recover-20221013,001,1795
17.0235,17.062,68437,81980,Rhinolophus ferrumequinum,0.022,0.022,-1,Echolocation,/mnt/ubna_data_02_mir/recover-20221013/UBNA_001/20221012_030000.WAV,Telephone Field,recover-20221013,001,1795
17.0425,17.078,68437,81377,Rhinolophus ferrumequinum,0.021,0.021,-1,Echolocation,/mnt/ubna_data_02_mir/recover-20221013/UBNA_001/20221012_030000.WAV,Telephone Field,recover-20221013,001,1795
17.0835,17.0927,23750,30763,Eptesicus serotinus,0.006,0.021,-1,Echolocation,/mnt/ubna_data_02_mir/recover-20221013/UBNA_001/20221012_030000.WAV,Telephone Field,recover-20221013,001,1795
17.2175,17.2571,68437,82924,Rhinolophus ferrumequinum,0.024,0.024,-1,Echolocation,/mnt/ubna_data_02_mir/recover-20221013/UBNA_001/20221012_030000.WAV,Telephone Field,recover-20221013,001,1795
17.2235,17.234,22031,26856,Nyctalus leisleri,0.013,0.027,-1,Echolocation,/mnt/ubna_data_02_mir/recover-20221013/UBNA_001/20221012_030000.WAV,Telephone Field,recover-20221013,001,1795
17.2765,17.2837,23750,32084,Plecotus austriacus,0.012,0.026,-1,Echolocation,/mnt/ubna_data_02_mir/recover-20221013/UBNA_001/20221012_030000.WAV,Telephone Field,recover-20221013,001,1795
17.2855,17.3264,68437,82409,Rhinolophus ferrumequinum,0.041,0.041,-1,Echolocation,/mnt/ubna_data_02_mir/recover-20221013/UBNA_001/20221012_030000.WAV,Telephone Field,recover-20221013,001,1795
17.3145,17.3521,68437,82394,Rhinolophus ferrumequinum,0.021,0.021,-1,Echolocation,/mnt/ubna_data_02_mir/recover-20221013/UBNA_001/20221012_030000.WAV,Telephone Field,recover-20221013,001,1795
17.3345,17.3725,68437,82582,Rhinolophus ferrumequinum,0.023,0.023,-1,Echolocation,/mnt/ubna_data_02_mir/recover-20221013/UBNA_001/20221012_030000.WAV,Telephone Field,recover-20221013,001,1795
17.3515,17.3917,68437,83353,Rhinolophus ferrumequinum,0.025,0.025,-1,Echolocation,/mnt/ubna_data_02_mir/recover-20221013/UBNA_001/20221012_030000.WAV,Telephone Field,recover-20221013,001,1795
17.3615,17.4025,68437,82919,Rhinolophus ferrumequinum,0.024,0.024,-1,Echolocation,/mnt/ubna_data_02_mir/recover-20221013/UBNA_001/20221012_030000.WAV,Telephone Field,recover-20221013,001,1795
17.3775,17.3846,26328,42301,Eptesicus serotinus,0.006,0.023,-1,Echolocation,/mnt/ubna_data_02_mir/recover-20221013/UBNA_001/20221012_030000.WAV,Telephone Field,recover-20221013,001,1795
17.3935,17.4317,68437,81475,Rhinolophus ferrumequinum,0.022,0.022,-1,Echolocation,/mnt/ubna_data_02_mir/recover-20221013/UBNA_001/20221012_030000.WAV,Telephone Field,recover-20221013,001,1795
17.4145,17.4254,22031,26459,Nyctalus leisleri,0.012,0.023,-1,Echolocation,/mnt/ubna_data_02_mir/recover-20221013/UBNA_001/20221012_030000.WAV,Telephone Field,recover-20221013,001,1795
17.4145,17.4494,68437,80967,Rhinolophus ferrumequinum,0.022,0.022,-1,Echolocation,/mnt/ubna_data_02_mir/recover-20221013/UBNA_001/20221012_030000.WAV,Telephone Field,recover-20221013,001,1795
17.4345,17.4422,26328,37693,Eptesicus serotinus,0.008,0.021,-1,Echolocation,/mnt/ubna_data_02_mir/recover-20221013/UBNA_001/20221012_030000.WAV,Telephone Field,recover-20221013,001,1795
17.4885,17.4958,28906,39596,Eptesicus serotinus,0.007,0.022,-1,Echolocation,/mnt/ubna_data_02_mir/recover-20221013/UBNA_001/20221012_030000.WAV,Telephone Field,recover-20221013,001,1795
17.5085,17.5494,68437,82621,Rhinolophus ferrumequinum,0.023,0.023,-1,Echolocation,/mnt/ubna_data_02_mir/recover-20221013/UBNA_001/20221012_030000.WAV,Telephone Field,recover-20221013,001,1795
17.5785,17.5873,28046,38728,Eptesicus serotinus,0.011,0.027,-1,Echolocation,/mnt/ubna_data_02_mir/recover-20221013/UBNA_001/20221012_030000.WAV,Telephone Field,recover-20221013,001,1795
17.6195,17.6352,21171,24262,Nyctalus leisleri,0.014,0.022,-1,Echolocation,/mnt/ubna_data_02_mir/recover-20221013/UBNA_001/20221012_030000.WAV,Telephone Field,recover-20221013,001,1795
17.6435,17.6846,68437,82744,Rhinolophus ferrumequinum,0.026,0.026,-1,Echolocation,/mnt/ubna_data_02_mir/recover-20221013/UBNA_001/20221012_030000.WAV,Telephone Field,recover-20221013,001,1795
17.6805,17.7219,68437,82728,Rhinolophus ferrumequinum,0.025,0.025,-1,Echolocation,/mnt/ubna_data_02_mir/recover-20221013/UBNA_001/20221012_030000.WAV,Telephone Field,recover-20221013,001,1795
17.6825,17.6974,44375,49040,Pipistrellus pipistrellus,0.04,0.045,-1,Echolocation,/mnt/ubna_data_02_mir/recover-20221013/UBNA_001/20221012_030000.WAV,Telephone Field,recover-20221013,001,1795
17.6875,17.6931,24609,35021,Plecotus austriacus,0.014,0.036,-1,Echolocation,/mnt/ubna_data_02_mir/recover-20221013/UBNA_001/20221012_030000.WAV,Telephone Field,recover-20221013,001,1795
17.7465,17.7553,28046,39250,Eptesicus serotinus,0.01,0.026,-1,Echolocation,/mnt/ubna_data_02_mir/recover-20221013/UBNA_001/20221012_030000.WAV,Telephone Field,recover-20221013,001,1795
17.7485,17.7876,68437,81963,Rhinolophus ferrumequinum,0.031,0.031,-1,Echolocation,/mnt/ubna_data_02_mir/recover-20221013/UBNA_001/20221012_030000.WAV,Telephone Field,recover-20221013,001,1795
17.7795,17.7869,25468,35316,Plecotus austriacus,0.008,0.029,-1,Echolocation,/mnt/ubna_data_02_mir/recover-20221013/UBNA_001/20221012_030000.WAV,Telephone Field,recover-20221013,001,1795
17.7985,17.8069,28046,37415,Eptesicus serotinus,0.011,0.025,-1,Echolocation,/mnt/ubna_data_02_mir/recover-20221013/UBNA_001/20221012_030000.WAV,Telephone Field,recover-20221013,001,1795
17.8105,17.8205,25468,32231,Eptesicus serotinus,0.009,0.027,-1,Echolocation,/mnt/ubna_data_02_mir/recover-20221013/UBNA_001/20221012_030000.WAV,Telephone Field,recover-20221013,001,1795
17.8945,17.9358,68437,83213,Rhinolophus ferrumequinum,0.023,0.023,-1,Echolocation,/mnt/ubna_data_02_mir/recover-20221013/UBNA_001/20221012_030000.WAV,Telephone Field,recover-20221013,001,1795
17.9245,17.9649,68437,81956,Rhinolophus ferrumequinum,0.023,0.023,-1,Echolocation,/mnt/ubna_data_02_mir/recover-20221013/UBNA_001/20221012_030000.WAV,Telephone Field,recover-20221013,001,1795
17.9525,17.993,68437,82423,Rhinolophus ferrumequinum,0.022,0.022,-1,Echolocation,/mnt/ubna_data_02_mir/recover-20221013/UBNA_001/20221012_030000.WAV,Telephone Field,recover-20221013,001,1795
17.9565,17.9651,28906,37045,Eptesicus serotinus,0.007,0.023,-1,Echolocation,/mnt/ubna_data_02_mir/recover-20221013/UBNA_001/20221012_030000.WAV,Telephone Field,recover-20221013,001,1795
18.0015,18.0121,23750,29860,Nyctalus leisleri,0.013,0.031,-1,Echolocation,/mnt/ubna_data_02_mir/recover-20221013/UBNA_001/20221012_030000.WAV,Telephone Field,recover-20221013,001,1795
18.0015,18.016,46953,51379,Pipistrellus pipistrellus,0.045,0.053,-1,Echolocation,/mnt/ubna_data_02_mir/recover-20221013/UBNA_001/20221012_030000.WAV,Telephone Field,recover-20221013,001,1795
18.0015,18.0343,68437,79879,Rhinolophus ferrumequinum,0.024,0.024,-1,Echolocation,/mnt/ubna_data_02_mir/recover-20221013/UBNA_001/20221012_030000.WAV,Telephone Field,recover-20221013,001,1795
18.0135,18.0222,48671,53191,Pipistrellus pipistrellus,0.02,0.023,-1,Echolocation,/mnt/ubna_data_02_mir/recover-20221013/UBNA_001/20221012_030000.WAV,Telephone Field,recover-20221013,001,1795
18.0415,18.0509,25468,31976,Eptesicus serotinus,0.008,0.022,-1,Echolocation,/mnt/ubna_data_02_mir/recover-20221013/UBNA_001/20221012_030000.WAV,Telephone Field,recover-20221013,001,1795
18.0555,18.0973,68437,82897,Rhinolophus ferrumequinum,0.026,0.026,-1,Echolocation,/mnt/ubna_data_02_mir/recover-20221013/UBNA_001/20221012_030000.WAV,Telephone Field,recover-20221013,001,1795
18.0715,18.1103,68437,82294,Rhinolophus ferrumequinum,0.022,0.022,-1,Echolocation,/mnt/ubna_data_02_mir/recover-20221013/UBNA_001/20221012_030000.WAV,Telephone Field,recover-20221013,001,1795
18.0795,18.0942,22890,26948,Nyctalus leisleri,0.017,0.03,-1,Echolocation,/mnt/ubna_data_02_mir/recover-20221013/UBNA_001/20221012_030000.WAV,Telephone Field,recover-20221013,001,1795
18.1095,18.1505,68437,82789,Rhinolophus ferrumequinum,0.023,0.023,-1,Echolocation,/mnt/ubna_data_02_mir/recover-20221013/UBNA_001/20221012_030000.WAV,Telephone Field,recover-20221013,001,1795
18.1335,18.1703,68437,80975,Rhinolophus ferrumequinum,0.024,0.024,-1,Echolocation,/mnt/ubna_data_02_mir/recover-20221013/UBNA_001/20221012_030000.WAV,Telephone Field,recover-20221013,001,1795
18.1565,18.1913,68437,81228,Rhinolophus ferrumequinum,0.021,0.021,-1,Echolocation,/mnt/ubna_data_02_mir/recover-20221013/UBNA_001/20221012_030000.WAV,Telephone Field,recover-20221013,001,1795
18.1665,18.1745,23750,31313,Plecotus austriacus,0.008,0.023,-1,Echolocation,/mnt/ubna_data_02_mir/recover-20221013/UBNA_001/20221012_030000.WAV,Telephone Field,recover-20221013,001,1795
18.1685,18.1773,28046,37717,Eptesicus serotinus,0.009,0.023,-1,Echolocation,/mnt/ubna_data_02_mir/recover-20221013/UBNA_001/20221012_030000.WAV,Telephone Field,recover-20221013,001,1795
18.1775,18.1859,28046,37859,Eptesicus serotinus,0.009,0.022,-1,Echolocation,/mnt/ubna_data_02_mir/recover-20221013/UBNA_001/20221012_030000.WAV,Telephone Field,recover-20221013,001,1795
18.2085,18.2265,15156,19712,Nyctalus noctula,0.02,0.029,-1,Echolocation,/mnt/ubna_data_02_mir/recover-20221013/UBNA_001/20221012_030000.WAV,Telephone Field,recover-20221013,001,1795
18.2185,18.2627,68437,83622,Rhinolophus ferrumequinum,0.056,0.056,-1,Echolocation,/mnt/ubna_data_02_mir/recover-20221013/UBNA_001/20221012_030000.WAV,Telephone Field,recover-20221013,001,1795
18.2755,18.2846,43515,49659,Pipistrellus pipistrellus,0.034,0.037,-1,Echolocation,/mnt/ubna_data_02_mir/recover-20221013/UBNA_001/20221012_030000.WAV,Telephone Field,recover-20221013,001,1795
18.2785,18.2876,25468,31946,Nyctalus leisleri,0.008,0.023,-1,Echolocation,/mnt/ubna_data_02_mir/recover-20221013/UBNA_001/20221012_030000.WAV,Telephone Field,recover-20221013,001,1795
18.3065,18.3421,68437,80668,Rhinolophus ferrumequinum,0.021,0.021,-1,Echolocation,/mnt/ubna_data_02_mir/recover-20221013/UBNA_001/20221012_030000.WAV,Telephone Field,recover-20221013,001,1795
18.3115,18.3438,68437,80383,Rhinolophus ferrumequinum,0.021,0.021,-1,Echolocation,/mnt/ubna_data_02_mir/recover-20221013/UBNA_001/20221012_030000.WAV,Telephone Field,recover-20221013,001,1795
18.3205,18.358,68437,81562,Rhinolophus ferrumequinum,0.023,0.023,-1,Echolocation,/mnt/ubna_data_02_mir/recover-20221013/UBNA_001/20221012_030000.WAV,Telephone Field,recover-20221013,001,1795
18.3235,18.3352,28906,34860,Eptesicus serotinus,0.013,0.031,-1,Echolocation,/mnt/ubna_data_02_mir/recover-20221013/UBNA_001/20221012_030000.WAV,Telephone Field,recover-20221013,001,1795
18.3585,18.3959,68437,81799,Rhinolophus ferrumequinum,0.021,0.021,-1,Echolocation,/mnt/ubna_data_02_mir/recover-20221013/UBNA_001/20221012_030000.WAV,Telephone Field,recover-20221013,001,1795
18.3605,18.3724,23750,28625,Nyctalus leisleri,0.014,0.028,-1,Echolocation,/mnt/ubna_data_02_mir/recover-20221013/UBNA_001/20221012_030000.WAV,Telephone Field,recover-20221013,001,1795
18.3755,18.4125,68437,81531,Rhinolophus ferrumequinum,0.022,0.022,-1,Echolocation,/mnt/ubna_data_02_mir/recover-20221013/UBNA_001/20221012_030000.WAV,Telephone Field,recover-20221013,001,1795
18.4015,18.4111,28046,39876,Eptesicus serotinus,0.008,0.021,-1,Echolocation,/mnt/ubna_data_02_mir/recover-20221013/UBNA_001/20221012_030000.WAV,Telephone Field,recover-20221013,001,1795
18.4085,18.4166,29765,39418,Eptesicus serotinus,0.006,0.022,-1,Echolocation,/mnt/ubna_data_02_mir/recover-20221013/UBNA_001/20221012_030000.WAV,Telephone Field,recover-20221013,001,1795
18.4485,18.4699,20312,23476,Nyctalus leisleri,0.022,0.04,-1,Echolocation,/mnt/ubna_data_02_mir/recover-20221013/UBNA_001/20221012_030000.WAV,Telephone Field,recover-20221013,001,1795
18.4545,18.4626,28046,40515,Eptesicus serotinus,0.007,0.021,-1,Echolocation,/mnt/ubna_data_02_mir/recover-20221013/UBNA_001/20221012_030000.WAV,Telephone Field,recover-20221013,001,1795
18.4785,18.5153,68437,81372,Rhinolophus ferrumequinum,0.021,0.021,-1,Echolocation,/mnt/ubna_data_02_mir/recover-20221013/UBNA_001/20221012_030000.WAV,Telephone Field,recover-20221013,001,1795
18.4935,18.5331,68437,81836,Rhinolophus ferrumequinum,0.021,0.021,-1,Echolocation,/mnt/ubna_data_02_mir/recover-20221013/UBNA_001/20221012_030000.WAV,Telephone Field,recover-20221013,001,1795
18.5145,18.524,28906,37529,Eptesicus serotinus,0.011,0.025,-1,Echolocation,/mnt/ubna_data_02_mir/recover-20221013/UBNA_001/20221012_030000.WAV,Telephone Field,recover-20221013,001,1795
18.5545,18.5941,68437,82255,Rhinolophus ferrumequinum,0.022,0.022,-1,Echolocation,/mnt/ubna_data_02_mir/recover-20221013/UBNA_001/20221012_030000.WAV,Telephone Field,recover-20221013,001,1795
18.5575,18.569,35781,41564,Pipistrellus nathusii,0.01,0.024,-1,Echolocation,/mnt/ubna_data_02_mir/recover-20221013/UBNA_001/20221012_030000.WAV,Telephone Field,recover-20221013,001,1795
18.5835,18.625,68437,82436,Rhinolophus ferrumequinum,0.023,0.023,-1,Echolocation,/mnt/ubna_data_02_mir/recover-20221013/UBNA_001/20221012_030000.WAV,Telephone Field,recover-20221013,001,1795
18.6045,18.6444,68437,82601,Rhinolophus ferrumequinum,0.023,0.023,-1,Echolocation,/mnt/ubna_data_02_mir/recover-20221013/UBNA_001/20221012_030000.WAV,Telephone Field,recover-20221013,001,1795
18.6215,18.6284,23750,32426,Plecotus austriacus,0.015,0.028,-1,Echolocation,/mnt/ubna_data_02_mir/recover-20221013/UBNA_001/20221012_030000.WAV,Telephone Field,recover-20221013,001,1795
18.6635,18.6755,33203,37917,Eptesicus serotinus,0.006,0.023,-1,Echolocation,/mnt/ubna_data_02_mir/recover-20221013/UBNA_001/20221012_030000.WAV,Telephone Field,recover-20221013,001,1795
18.6635,18.6737,28906,35939,Eptesicus serotinus,0.009,0.022,-1,Echolocation,/mnt/ubna_data_02_mir/recover-20221013/UBNA_001/20221012_030000.WAV,Telephone Field,recover-20221013,001,1795
18.6675,18.7058,68437,81847,Rhinolophus ferrumequinum,0.022,0.022,-1,Echolocation,/mnt/ubna_data_02_mir/recover-20221013/UBNA_001/20221012_030000.WAV,Telephone Field,recover-20221013,001,1795
18.6865,18.7242,68437,81972,Rhinolophus ferrumequinum,0.024,0.024,-1,Echolocation,/mnt/ubna_data_02_mir/recover-20221013/UBNA_001/20221012_030000.WAV,Telephone Field,recover-20221013,001,1795
18.6895,18.7018,43515,49584,Pipistrellus pipistrellus,0.024,0.031,-1,Echolocation,/mnt/ubna_data_02_mir/recover-20221013/UBNA_001/20221012_030000.WAV,Telephone Field,recover-20221013,001,1795
18.7185,18.7572,68437,81353,Rhinolophus ferrumequinum,0.023,0.023,-1,Echolocation,/mnt/ubna_data_02_mir/recover-20221013/UBNA_001/20221012_030000.WAV,Telephone Field,recover-20221013,001,1795
18.7485,18.7558,45234,49397,Pipistrellus pipistrellus,0.023,0.024,-1,Echolocation,/mnt/ubna_data_02_mir/recover-20221013/UBNA_001/20221012_030000.WAV,Telephone Field,recover-20221013,001,1795
18.7595,18.7988,68437,82090,Rhinolophus ferrumequinum,0.023,0.023,-1,Echolocation,/mnt/ubna_data_02_mir/recover-20221013/UBNA_001/20221012_030000.WAV,Telephone Field,recover-20221013,001,1795
18.7895,18.8004,23750,29240,Nyctalus leisleri,0.011,0.021,-1,Echolocation,/mnt/ubna_data_02_mir/recover-20221013/UBNA_001/20221012_030000.WAV,Telephone Field,recover-20221013,001,1795
18.8205,18.8607,68437,82549,Rhinolophus ferrumequinum,0.029,0.029,-1,Echolocation,/mnt/ubna_data_02_mir/recover-20221013/UBNA_001/20221012_030000.WAV,Telephone Field,recover-20221013,001,1795
18.8655,18.9025,68437,81624,Rhinolophus ferrumequinum,0.021,0.021,-1,Echolocation,/mnt/ubna_data_02_mir/recover-20221013/UBNA_001/20221012_030000.WAV,Telephone Field,recover-20221013,001,1795
18.8745,18.9154,68437,82348,Rhinolophus ferrumequinum,0.021,0.021,-1,Echolocation,/mnt/ubna_data_02_mir/recover-20221013/UBNA_001/20221012_030000.WAV,Telephone Field,recover-20221013,001,1795
18.8845,18.8983,22031,25709,Nyctalus leisleri,0.014,0.023,-1,Echolocation,/mnt/ubna_data_02_mir/recover-20221013/UBNA_001/20221012_030000.WAV,Telephone Field,recover-20221013,001,1795
18.8865,18.9273,68437,82455,Rhinolophus ferrumequinum,0.022,0.022,-1,Echolocation,/mnt/ubna_data_02_mir/recover-20221013/UBNA_001/20221012_030000.WAV,Telephone Field,recover-20221013,001,1795
18.9045,18.9422,68437,82300,Rhinolophus ferrumequinum,0.021,0.021,-1,Echolocation,/mnt/ubna_data_02_mir/recover-20221013/UBNA_001/20221012_030000.WAV,Telephone Field,recover-20221013,001,1795
18.9515,18.993,68437,83143,Rhinolophus ferrumequinum,0.028,0.028,-1,Echolocation,/mnt/ubna_data_02_mir/recover-20221013/UBNA_001/20221012_030000.WAV,Telephone Field,recover-20221013,001,1795
18.9925,19.0049,28906,35603,Eptesicus serotinus,0.017,0.03,-1,Echolocation,/mnt/ubna_data_02_mir/recover-20221013/UBNA_001/20221012_030000.WAV,Telephone Field,recover-20221013,001,1795
19.0295,19.0722,68437,83287,Rhinolophus ferrumequinum,0.03,0.03,-1,Echolocation,/mnt/ubna_data_02_mir/recover-20221013/UBNA_001/20221012_030000.WAV,Telephone Field,recover-20221013,001,1795
19.0385,19.046,28046,40340,Eptesicus serotinus,0.006,0.021,-1,Echolocation,/mnt/ubna_data_02_mir/recover-20221013/UBNA_001/20221012_030000.WAV,Telephone Field,recover-20221013,001,1795
19.0795,19.0872,23750,31811,Plecotus austriacus,0.013,0.026,-1,Echolocation,/mnt/ubna_data_02_mir/recover-20221013/UBNA_001/20221012_030000.WAV,Telephone Field,recover-20221013,001,1795
19.0905,19.1289,68437,81770,Rhinolophus ferrumequinum,0.025,0.025,-1,Echolocation,/mnt/ubna_data_02_mir/recover-20221013/UBNA_001/20221012_030000.WAV,Telephone Field,recover-20221013,001,1795
19.2035,19.2445,68437,82236,Rhinolophus ferrumequinum,0.031,0.031,-1,Echolocation,/mnt/ubna_data_02_mir/recover-20221013/UBNA_001/20221012_030000.WAV,Telephone Field,recover-20221013,001,1795
19.2055,19.2151,42656,49707,Pipistrellus pipistrellus,0.078,0.141,-1,Echolocation,/mnt/ubna_data_02_mir/recover-20221013/UBNA_001/20221012_030000.WAV,Telephone Field,recover-20221013,001,1795
19.2215,19.2629,68437,83380,Rhinolophus ferrumequinum,0.025,0.025,-1,Echolocation,/mnt/ubna_data_02_mir/recover-20221013/UBNA_001/20221012_030000.WAV,Telephone Field,recover-20221013,001,1795
19.2395,19.2486,25468,33443,Eptesicus serotinus,0.007,0.023,-1,Echolocation,/mnt/ubna_data_02_mir/recover-20221013/UBNA_001/20221012_030000.WAV,Telephone Field,recover-20221013,001,1795
19.2505,19.2591,28906,36993,Eptesicus serotinus,0.009,0.023,-1,Echolocation,/mnt/ubna_data_02_mir/recover-20221013/UBNA_001/20221012_030000.WAV,Telephone Field,recover-20221013,001,1795
19.2725,19.3114,68437,82131,Rhinolophus ferrumequinum,0.024,0.024,-1,Echolocation,/mnt/ubna_data_02_mir/recover-20221013/UBNA_001/20221012_030000.WAV,Telephone Field,recover-20221013,001,1795
19.2825,19.321,68437,81613,Rhinolophus ferrumequinum,0.024,0.024,-1,Echolocation,/mnt/ubna_data_02_mir/recover-20221013/UBNA_001/20221012_030000.WAV,Telephone Field,recover-20221013,001,1795
19.2845,19.2949,22890,28360,Nyctalus leisleri,0.01,0.022,-1,Echolocation,/mnt/ubna_data_02_mir/recover-20221013/UBNA_001/20221012_030000.WAV,Telephone Field,recover-20221013,001,1795
19.2895,19.2971,28906,40794,Eptesicus serotinus,0.008,0.025,-1,Echolocation,/mnt/ubna_data_02_mir/recover-20221013/UBNA_001/20221012_030000.WAV,Telephone Field,recover-20221013,001,1795
19.3395,19.3519,15156,21219,Nyctalus noctula,0.015,0.024,-1,Echolocation,/mnt/ubna_data_02_mir/recover-20221013/UBNA_001/20221012_030000.WAV,Telephone Field,recover-20221013,001,1795
19.3565,19.3981,68437,82651,Rhinolophus ferrumequinum,0.026,0.026,-1,Echolocation,/mnt/ubna_data_02_mir/recover-20221013/UBNA_001/20221012_030000.WAV,Telephone Field,recover-20221013,001,1795
19.3665,19.3766,28906,36310,Eptesicus serotinus,0.015,0.03,-1,Echolocation,/mnt/ubna_data_02_mir/recover-20221013/UBNA_001/20221012_030000.WAV,Telephone Field,recover-20221013,001,1795
19.3805,19.4202,68437,82083,Rhinolophus ferrumequinum,0.022,0.022,-1,Echolocation,/mnt/ubna_data_02_mir/recover-20221013/UBNA_001/20221012_030000.WAV,Telephone Field,recover-20221013,001,1795
19.3875,19.4,45234,49810,Pipistrellus pipistrellus,0.071,0.078,-1,Echolocation,/mnt/ubna_data_02_mir/recover-20221013/UBNA_001/20221012_030000.WAV,Telephone Field,recover-20221013,001,1795
19.4275,19.4345,28046,40700,Eptesicus serotinus,0.006,0.023,-1,Echolocation,/mnt/ubna_data_02_mir/recover-20221013/UBNA_001/20221012_030000.WAV,Telephone Field,recover-20221013,001,1795
19.4455,19.4866,68437,82269,Rhinolophus ferrumequinum,0.027,0.027,-1,Echolocation,/mnt/ubna_data_02_mir/recover-20221013/UBNA_001/20221012_030000.WAV,Telephone Field,recover-20221013,001,1795
19.4555,19.4934,68437,82158,Rhinolophus ferrumequinum,0.025,0.025,-1,Echolocation,/mnt/ubna_data_02_mir/recover-20221013/UBNA_001/20221012_030000.WAV,Telephone Field,recover-20221013,001,1795
19.4915,19.5313,68437,82280,Rhinolophus ferrumequinum,0.024,0.024,-1,Echolocation,/mnt/ubna_data_02_mir/recover-20221013/UBNA_001/20221012_030000.WAV,Telephone Field,recover-20221013,001,1795
19.4985,19.5095,22890,26850,Nyctalus leisleri,0.012,0.023,-1,Echolocation,/mnt/ubna_data_02_mir/recover-20221013/UBNA_001/20221012_030000.WAV,Telephone Field,recover-20221013,001,1795
19.5035,19.5448,68437,82297,Rhinolophus ferrumequinum,0.025,0.025,-1,Echolocation,/mnt/ubna_data_02_mir/recover-20221013/UBNA_001/20221012_030000.WAV,Telephone Field,recover-20221013,001,1795
19.5275,19.5342,27187,38868,Eptesicus serotinus,0.006,0.023,-1,Echolocation,/mnt/ubna_data_02_mir/recover-20221013/UBNA_001/20221012_030000.WAV,Telephone Field,recover-20221013,001,1795
19.5355,19.5785,68437,83011,Rhinolophus ferrumequinum,0.029,0.029,-1,Echolocation,/mnt/ubna_data_02_mir/recover-20221013/UBNA_001/20221012_030000.WAV,Telephone Field,recover-20221013,001,1795
19.5565,19.5668,24609,31927,Eptesicus serotinus,0.007,0.022,-1,Echolocation,/mnt/ubna_data_02_mir/recover-20221013/UBNA_001/20221012_030000.WAV,Telephone Field,recover-20221013,001,1795
19.5575,19.5669,57265,62119,Pipistrellus pygmaeus,0.022,0.022,-1,Echolocation,/mnt/ubna_data_02_mir/recover-20221013/UBNA_001/20221012_030000.WAV,Telephone Field,recover-20221013,001,1795
19.5645,19.5756,22890,27021,Nyctalus leisleri,0.012,0.022,-1,Echolocation,/mnt/ubna_data_02_mir/recover-20221013/UBNA_001/20221012_030000.WAV,Telephone Field,recover-20221013,001,1795
19.5785,19.6162,68437,80955,Rhinolophus ferrumequinum,0.029,0.029,-1,Echolocation,/mnt/ubna_data_02_mir/recover-20221013/UBNA_001/20221012_030000.WAV,Telephone Field,recover-20221013,001,1795
19.5945,19.6018,24609,33508,Plecotus austriacus,0.008,0.023,-1,Echolocation,/mnt/ubna_data_02_mir/recover-20221013/UBNA_001/20221012_030000.WAV,Telephone Field,recover-20221013,001,1795
19.6125,19.6543,68437,83180,Rhinolophus ferrumequinum,0.031,0.031,-1,Echolocation,/mnt/ubna_data_02_mir/recover-20221013/UBNA_001/20221012_030000.WAV,Telephone Field,recover-20221013,001,1795
19.6265,19.6716,68437,83251,Rhinolophus ferrumequinum,0.052,0.052,-1,Echolocation,/mnt/ubna_data_02_mir/recover-20221013/UBNA_001/20221012_030000.WAV,Telephone Field,recover-20221013,001,1795
19.6305,19.6379,28046,39027,Eptesicus serotinus,0.008,0.022,-1,Echolocation,/mnt/ubna_data_02_mir/recover-20221013/UBNA_001/20221012_030000.WAV,Telephone Field,recover-20221013,001,1795
19.6575,19.6652,27187,36362,Eptesicus serotinus,0.012,0.033,-1,Echolocation,/mnt/ubna_data_02_mir/recover-20221013/UBNA_001/20221012_030000.WAV,Telephone Field,recover-20221013,001,1795
19.7185,19.7572,68437,81886,Rhinolophus ferrumequinum,0.021,0.021,-1,Echolocation,/mnt/ubna_data_02_mir/recover-20221013/UBNA_001/20221012_030000.WAV,Telephone Field,recover-20221013,001,1795
19.7305,19.7379,47812,53489,Pipistrellus pipistrellus,0.021,0.022,-1,Echolocation,/mnt/ubna_data_02_mir/recover-20221013/UBNA_001/20221012_030000.WAV,Telephone Field,recover-20221013,001,1795
19.7455,19.7545,28906,37733,Eptesicus serotinus,0.008,0.022,-1,Echolocation,/mnt/ubna_data_02_mir/recover-20221013/UBNA_001/20221012_030000.WAV,Telephone Field,recover-20221013,001,1795
19.7465,19.7864,68437,82592,Rhinolophus ferrumequinum,0.023,0.023,-1,Echolocation,/mnt/ubna_data_02_mir/recover-20221013/UBNA_001/20221012_030000.WAV,Telephone Field,recover-20221013,001,1795
19.7615,19.77,28046,38812,Eptesicus serotinus,0.008,0.022,-1,Echolocation,/mnt/ubna_data_02_mir/recover-20221013/UBNA_001/20221012_030000.WAV,Telephone Field,recover-20221013,001,1795
19.7745,19.7843,50390,55385,Pipistrellus pipistrellus,0.034,0.04,-1,Echolocation,/mnt/ubna_data_02_mir/recover-20221013/UBNA_001/20221012_030000.WAV,Telephone Field,recover-20221013,001,1795
19.8365,19.8759,68437,82054,Rhinolophus ferrumequinum,0.025,0.025,-1,Echolocation,/mnt/ubna_data_02_mir/recover-20221013/UBNA_001/20221012_030000.WAV,Telephone Field,recover-20221013,001,1795
19.8375,19.8491,23750,28917,Nyctalus leisleri,0.011,0.023,-1,Echolocation,/mnt/ubna_data_02_mir/recover-20221013/UBNA_001/20221012_030000.WAV,Telephone Field,recover-20221013,001,1795
19.8445,19.8811,68437,82250,Rhinolophus ferrumequinum,0.025,0.025,-1,Echolocation,/mnt/ubna_data_02_mir/recover-20221013/UBNA_001/20221012_030000.WAV,Telephone Field,recover-20221013,001,1795
19.8615,19.9036,68437,82985,Rhinolophus ferrumequinum,0.035,0.035,-1,Echolocation,/mnt/ubna_data_02_mir/recover-20221013/UBNA_001/20221012_030000.WAV,Telephone Field,recover-20221013,001,1795
19.8775,19.9194,68437,83260,Rhinolophus ferrumequinum,0.025,0.025,-1,Echolocation,/mnt/ubna_data_02_mir/recover-20221013/UBNA_001/20221012_030000.WAV,Telephone Field,recover-20221013,001,1795
19.8975,19.9383,68437,82327,Rhinolophus ferrumequinum,0.025,0.025,-1,Echolocation,/mnt/ubna_data_02_mir/recover-20221013/UBNA_001/20221012_030000.WAV,Telephone Field,recover-20221013,001,1795
19.9605,19.9974,68437,81988,Rhinolophus ferrumequinum,0.022,0.023,-1,Echolocation,/mnt/ubna_data_02_mir/recover-20221013/UBNA_001/20221012_030000.WAV,Telephone Field,recover-20221013,001,1795
19.9725,19.9834,22890,28411,Nyctalus leisleri,0.013,0.028,-1,Echolocation,/mnt/ubna_data_02_mir/recover-20221013/UBNA_001/20221012_030000.WAV,Telephone Field,recover-20221013,001,1795
20.0015,20.0099,26328,36646,Eptesicus serotinus,0.006,0.024,-1,Echolocation,/mnt/ubna_data_02_mir/recover-20221013/UBNA_001/20221012_030000.WAV,Telephone Field,recover-20221013,001,1795
20.0015,20.0097,22031,28920,Nyctalus leisleri,0.007,0.022,-1,Echolocation,/mnt/ubna_data_02_mir/recover-20221013/UBNA_001/20221012_030000.WAV,Telephone Field,recover-20221013,001,1795
20.0015,20.0355,68437,79952,Rhinolophus ferrumequinum,0.039,0.039,-1,Echolocation,/mnt/ubna_data_02_mir/recover-20221013/UBNA_001/20221012_030000.WAV,Telephone Field,recover-20221013,001,1795
20.0015,20.0144,37500,43952,Pipistrellus nathusii,0.02,0.03,-1,Echolocation,/mnt/ubna_data_02_mir/recover-20221013/UBNA_001/20221012_030000.WAV,Telephone Field,recover-20221013,001,1795
20.0085,20.0515,68437,82659,Rhinolophus ferrumequinum,0.039,0.039,-1,Echolocation,/mnt/ubna_data_02_mir/recover-20221013/UBNA_001/20221012_030000.WAV,Telephone Field,recover-20221013,001,1795
20.0395,20.0469,28046,40005,Eptesicus serotinus,0.007,0.022,-1,Echolocation,/mnt/ubna_data_02_mir/recover-20221013/UBNA_001/20221012_030000.WAV,Telephone Field,recover-20221013,001,1795
20.0795,20.1167,68437,81814,Rhinolophus ferrumequinum,0.021,0.021,-1,Echolocation,/mnt/ubna_data_02_mir/recover-20221013/UBNA_001/20221012_030000.WAV,Telephone Field,recover-20221013,001,1795
20.0995,20.1059,24609,34391,Plecotus austriacus,0.008,0.026,-1,Echolocation,/mnt/ubna_data_02_mir/recover-20221013/UBNA_001/20221012_030000.WAV,Telephone Field,recover-20221013,001,1795
20.1335,20.1739,68437,83075,Rhinolophus ferrumequinum,0.026,0.026,-1,Echolocation,/mnt/ubna_data_02_mir/recover-20221013/UBNA_001/20221012_030000.WAV,Telephone Field,recover-20221013,001,1795
20.1545,20.1929,68437,81934,Rhinolophus ferrumequinum,0.033,0.033,-1,Echolocation,/mnt/ubna_data_02_mir/recover-20221013/UBNA_001/20221012_030000.WAV,Telephone Field,recover-20221013,001,1795
20.1855,20.1934,26328,35814,Eptesicus serotinus,0.009,0.023,-1,Echolocation,/mnt/ubna_data_02_mir/recover-20221013/UBNA_001/20221012_030000.WAV,Telephone Field,recover-20221013,001,1795
20.2105,20.2202,28906,36789,Eptesicus serotinus,0.008,0.022,-1,Echolocation,/mnt/ubna_data_02_mir/recover-20221013/UBNA_001/20221012_030000.WAV,Telephone Field,recover-20221013,001,1795
20.2175,20.2581,68437,82910,Rhinolophus ferrumequinum,0.024,0.024,-1,Echolocation,/mnt/ubna_data_02_mir/recover-20221013/UBNA_001/20221012_030000.WAV,Telephone Field,recover-20221013,001,1795
20.2555,20.2947,68437,82273,Rhinolophus ferrumequinum,0.022,0.022,-1,Echolocation,/mnt/ubna_data_02_mir/recover-20221013/UBNA_001/20221012_030000.WAV,Telephone Field,recover-20221013,001,1795
20.2735,20.2845,24609,30239,Nyctalus leisleri,0.03,0.077,-1,Echolocation,/mnt/ubna_data_02_mir/recover-20221013/UBNA_001/20221012_030000.WAV,Telephone Field,recover-20221013,001,1795
20.2825,20.322,68437,82467,Rhinolophus ferrumequinum,0.021,0.021,-1,Echolocation,/mnt/ubna_data_02_mir/recover-20221013/UBNA_001/20221012_030000.WAV,Telephone Field,recover-20221013,001,1795
20.2955,20.3037,28046,39795,Eptesicus serotinus,0.01,0.027,-1,Echolocation,/mnt/ubna_data_02_mir/recover-20221013/UBNA_001/20221012_030000.WAV,Telephone Field,recover-20221013,001,1795
20.3085,20.343,68437,81359,Rhinolophus ferrumequinum,0.024,0.024,-1,Echolocation,/mnt/ubna_data_02_mir/recover-20221013/UBNA_001/20221012_030000.WAV,Telephone Field,recover-20221013,001,1795
20.3285,20.3643,68437,81676,Rhinolophus ferrumequinum,0.021,0.021,-1,Echolocation,/mnt/ubna_data_02_mir/recover-20221013/UBNA_001/20221012_030000.WAV,Telephone Field,recover-20221013,001,1795
20.3505,20.3872,68437,82384,Rhinolophus ferrumequinum,0.021,0.021,-1,Echolocation,/mnt/ubna_data_02_mir/recover-20221013/UBNA_001/20221012_030000.WAV,Telephone Field,recover-20221013,001,1795
20.3515,20.3599,25468,33721,Eptesicus serotinus,0.009,0.024,-1,Echolocation,/mnt/ubna_data_02_mir/recover-20221013/UBNA_001/20221012_030000.WAV,Telephone Field,recover-20221013,001,1795
20.4055,20.4434,68437,81906,Rhinolophus ferrumequinum,0.025,0.025,-1,Echolocation,/mnt/ubna_data_02_mir/recover-20221013/UBNA_001/20221012_030000.WAV,Telephone Field,recover-20221013,001,1795
20.4915,20.5003,28046,38276,Eptesicus serotinus,0.011,0.026,-1,Echolocation,/mnt/ubna_data_02_mir/recover-20221013/UBNA_001/20221012_030000.WAV,Telephone Field,recover-20221013,001,1795
20.4925,20.5347,68437,83445,Rhinolophus ferrumequinum,0.026,0.026,-1,Echolocation,/mnt/ubna_data_02_mir/recover-20221013/UBNA_001/20221012_030000.WAV,Telephone Field,recover-20221013,001,1795
20.5175,20.5262,28046,37291,Eptesicus serotinus,0.008,0.021,-1,Echolocation,/mnt/ubna_data_02_mir/recover-20221013/UBNA_001/20221012_030000.WAV,Telephone Field,recover-20221013,001,1795
20.5175,20.527,45234,50580,Pipistrellus pipistrellus,0.023,0.025,-1,Echolocation,/mnt/ubna_data_02_mir/recover-20221013/UBNA_001/20221012_030000.WAV,Telephone Field,recover-20221013,001,1795
20.5655,20.5797,23750,29949,Nyctalus leisleri,0.015,0.034,-1,Echolocation,/mnt/ubna_data_02_mir/recover-20221013/UBNA_001/20221012_030000.WAV,Telephone Field,recover-20221013,001,1795
20.5695,20.6105,68437,82579,Rhinolophus ferrumequinum,0.021,0.021,-1,Echolocation,/mnt/ubna_data_02_mir/recover-20221013/UBNA_001/20221012_030000.WAV,Telephone Field,recover-20221013,001,1795
20.5875,20.5953,28046,39385,Eptesicus serotinus,0.008,0.026,-1,Echolocation,/mnt/ubna_data_02_mir/recover-20221013/UBNA_001/20221012_030000.WAV,Telephone Field,recover-20221013,001,1795
20.6145,20.6555,68437,82777,Rhinolophus ferrumequinum,0.025,0.025,-1,Echolocation,/mnt/ubna_data_02_mir/recover-20221013/UBNA_001/20221012_030000.WAV,Telephone Field,recover-20221013,001,1795
20.6155,20.6291,28906,33299,Eptesicus serotinus,0.027,0.057,-1,Echolocation,/mnt/ubna_data_02_mir/recover-20221013/UBNA_001/20221012_030000.WAV,Telephone Field,recover-20221013,001,1795
20.6415,20.6786,68437,81823,Rhinolophus ferrumequinum,0.021,0.021,-1,Echolocation,/mnt/ubna_data_02_mir/recover-20221013/UBNA_001/20221012_030000.WAV,Telephone Field,recover-20221013,001,1795
20.6655,20.7056,68437,81855,Rhinolophus ferrumequinum,0.022,0.022,-1,Echolocation,/mnt/ubna_data_02_mir/recover-20221013/UBNA_001/20221012_030000.WAV,Telephone Field,recover-20221013,001,1795
20.6955,20.7348,68437,82304,Rhinolophus ferrumequinum,0.027,0.027,-1,Echolocation,/mnt/ubna_data_02_mir/recover-20221013/UBNA_001/20221012_030000.WAV,Telephone Field,recover-20221013,001,1795
20.7115,20.7189,24609,33405,Plecotus austriacus,0.006,0.022,-1,Echolocation,/mnt/ubna_data_02_mir/recover-20221013/UBNA_001/20221012_030000.WAV,Telephone Field,recover-20221013,001,1795
20.7235,20.7333,28906,37539,Eptesicus serotinus,0.011,0.024,-1,Echolocation,/mnt/ubna_data_02_mir/recover-20221013/UBNA_001/20221012_030000.WAV,Telephone Field,recover-20221013,001,1795
20.8295,20.8723,68437,82923,Rhinolophus ferrumequinum,0.024,0.024,-1,Echolocation,/mnt/ubna_data_02_mir/recover-20221013/UBNA_001/20221012_030000.WAV,Telephone Field,recover-20221013,001,1795
20.8605,20.8975,68437,81763,Rhinolophus ferrumequinum,0.022,0.023,-1,Echolocation,/mnt/ubna_data_02_mir/recover-20221013/UBNA_001/20221012_030000.WAV,Telephone Field,recover-20221013,001,1795
20.8615,20.8845,17734,21132,Nyctalus noctula,0.031,0.046,-1,Echolocation,/mnt/ubna_data_02_mir/recover-20221013/UBNA_001/20221012_030000.WAV,Telephone Field,recover-20221013,001,1795
20.8835,20.8952,23750,29238,Nyctalus leisleri,0.011,0.025,-1,Echolocation,/mnt/ubna_data_02_mir/recover-20221013/UBNA_001/20221012_030000.WAV,Telephone Field,recover-20221013,001,1795
20.8995,20.906,28046,39038,Eptesicus serotinus,0.007,0.024,-1,Echolocation,/mnt/ubna_data_02_mir/recover-20221013/UBNA_001/20221012_030000.WAV,Telephone Field,recover-20221013,001,1795
20.9345,20.9743,68437,82600,Rhinolophus ferrumequinum,0.03,0.03,-1,Echolocation,/mnt/ubna_data_02_mir/recover-20221013/UBNA_001/20221012_030000.WAV,Telephone Field,recover-20221013,001,1795
20.9675,21.0026,68437,81110,Rhinolophus ferrumequinum,0.028,0.028,-1,Echolocation,/mnt/ubna_data_02_mir/recover-20221013/UBNA_001/20221012_030000.WAV,Telephone Field,recover-20221013,001,1795
20.9915,21.032,68437,82314,Rhinolophus ferrumequinum,0.021,0.021,-1,Echolocation,/mnt/ubna_data_02_mir/recover-20221013/UBNA_001/20221012_030000.WAV,Telephone Field,recover-20221013,001,1795
21.0195,21.0568,68437,81863,Rhinolophus ferrumequinum,0.025,0.025,-1,Echolocation,/mnt/ubna_data_02_mir/recover-20221013/UBNA_001/20221012_030000.WAV,Telephone Field,recover-20221013,001,1795
21.0285,21.0634,68437,82069,Rhinolophus ferrumequinum,0.021,0.021,-1,Echolocation,/mnt/ubna_data_02_mir/recover-20221013/UBNA_001/20221012_030000.WAV,Telephone Field,recover-20221013,001,1795
21.0485,21.057,27187,36330,Eptesicus serotinus,0.008,0.022,-1,Echolocation,/mnt/ubna_data_02_mir/recover-20221013/UBNA_001/20221012_030000.WAV,Telephone Field,recover-20221013,001,1795
21.0605,21.0697,28046,41083,Eptesicus serotinus,0.008,0.022,-1,Echolocation,/mnt/ubna_data_02_mir/recover-20221013/UBNA_001/20221012_030000.WAV,Telephone Field,recover-20221013,001,1795
21.0735,21.1131,68437,82666,Rhinolophus ferrumequinum,0.022,0.022,-1,Echolocation,/mnt/ubna_data_02_mir/recover-20221013/UBNA_001/20221012_030000.WAV,Telephone Field,recover-20221013,001,1795
21.0875,21.1242,68437,81999,Rhinolophus ferrumequinum,0.023,0.023,-1,Echolocation,/mnt/ubna_data_02_mir/recover-20221013/UBNA_001/20221012_030000.WAV,Telephone Field,recover-20221013,001,1795
21.0895,21.0964,37500,44737,Myotis daubentonii,0.01,0.024,-1,Echolocation,/mnt/ubna_data_02_mir/recover-20221013/UBNA_001/20221012_030000.WAV,Telephone Field,recover-20221013,001,1795
21.0915,21.1001,27187,38791,Eptesicus serotinus,0.009,0.023,-1,Echolocation,/mnt/ubna_data_02_mir/recover-20221013/UBNA_001/20221012_030000.WAV,Telephone Field,recover-20221013,001,1795
21.1095,21.149,68437,82329,Rhinolophus ferrumequinum,0.022,0.022,-1,Echolocation,/mnt/ubna_data_02_mir/recover-20221013/UBNA_001/20221012_030000.WAV,Telephone Field,recover-20221013,001,1795
21.1365,21.1761,68437,81729,Rhinolophus ferrumequinum,0.022,0.022,-1,Echolocation,/mnt/ubna_data_02_mir/recover-20221013/UBNA_001/20221012_030000.WAV,Telephone Field,recover-20221013,001,1795
21.1885,21.1994,14296,19900,Nyctalus noctula,0.013,0.023,-1,Echolocation,/mnt/ubna_data_02_mir/recover-20221013/UBNA_001/20221012_030000.WAV,Telephone Field,recover-20221013,001,1795
21.2215,21.2298,28046,40424,Eptesicus serotinus,0.007,0.021,-1,Echolocation,/mnt/ubna_data_02_mir/recover-20221013/UBNA_001/20221012_030000.WAV,Telephone Field,recover-20221013,001,1795
21.2375,21.2762,68437,82036,Rhinolophus ferrumequinum,0.022,0.022,-1,Echolocation,/mnt/ubna_data_02_mir/recover-20221013/UBNA_001/20221012_030000.WAV,Telephone Field,recover-20221013,001,1795
21.2445,21.2566,22031,26470,Nyctalus leisleri,0.012,0.022,-1,Echolocation,/mnt/ubna_data_02_mir/recover-20221013/UBNA_001/20221012_030000.WAV,Telephone Field,recover-20221013,001,1795
21.2725,21.3097,68437,81740,Rhinolophus ferrumequinum,0.028,0.028,-1,Echolocation,/mnt/ubna_data_02_mir/recover-20221013/UBNA_001/20221012_030000.WAV,Telephone Field,recover-20221013,001,1795
21.2745,21.2829,28046,40587,Eptesicus serotinus,0.007,0.022,-1,Echolocation,/mnt/ubna_data_02_mir/recover-20221013/UBNA_001/20221012_030000.WAV,Telephone Field,recover-20221013,001,1795
21.3265,21.365,68437,82108,Rhinolophus ferrumequinum,0.021,0.021,-1,Echolocation,/mnt/ubna_data_02_mir/recover-20221013/UBNA_001/20221012_030000.WAV,Telephone Field,recover-20221013,001,1795
21.3635,21.4022,68437,82972,Rhinolophus ferrumequinum,0.027,0.027,-1,Echolocation,/mnt/ubna_data_02_mir/recover-20221013/UBNA_001/20221012_030000.WAV,Telephone Field,recover-20221013,001,1795
21.3775,21.416,68437,82035,Rhinolophus ferrumequinum,0.023,0.023,-1,Echolocation,/mnt/ubna_data_02_mir/recover-20221013/UBNA_001/20221012_030000.WAV,Telephone Field,recover-20221013,001,1795
21.4385,21.4806,68437,82789,Rhinolophus ferrumequinum,0.025,0.025,-1,Echolocation,/mnt/ubna_data_02_mir/recover-20221013/UBNA_001/20221012_030000.WAV,Telephone Field,recover-20221013,001,1795
21.4385,21.4507,28906,35283,Eptesicus serotinus,0.013,0.026,-1,Echolocation,/mnt/ubna_data_02_mir/recover-20221013/UBNA_001/20221012_030000.WAV,Telephone Field,recover-20221013,001,1795
21.4475,21.4564,28046,37877,Eptesicus serotinus,0.008,0.023,-1,Echolocation,/mnt/ubna_data_02_mir/recover-20221013/UBNA_001/20221012_030000.WAV,Telephone Field,recover-20221013,001,1795
21.4595,21.4982,68437,81889,Rhinolophus ferrumequinum,0.021,0.021,-1,Echolocation,/mnt/ubna_data_02_mir/recover-20221013/UBNA_001/20221012_030000.WAV,Telephone Field,recover-20221013,001,1795
21.4795,21.4905,22890,28477,Nyctalus leisleri,0.011,0.024,-1,Echolocation,/mnt/ubna_data_02_mir/recover-20221013/UBNA_001/20221012_030000.WAV,Telephone Field,recover-20221013,001,1795
21.5295,21.5374,30625,40237,Eptesicus serotinus,0.008,0.025,-1,Echolocation,/mnt/ubna_data_02_mir/recover-20221013/UBNA_001/20221012_030000.WAV,Telephone Field,recover-20221013,001,1795
21.5785,21.5891,47812,53110,Pipistrellus pipistrellus,0.023,0.029,-1,Echolocation,/mnt/ubna_data_02_mir/recover-20221013/UBNA_001/20221012_030000.WAV,Telephone Field,recover-20221013,001,1795
21.5805,21.6227,68437,83082,Rhinolophus ferrumequinum,0.023,0.023,-1,Echolocation,/mnt/ubna_data_02_mir/recover-20221013/UBNA_001/20221012_030000.WAV,Telephone Field,recover-20221013,001,1795
21.6165,21.6562,68437,82418,Rhinolophus ferrumequinum,0.024,0.024,-1,Echolocation,/mnt/ubna_data_02_mir/recover-20221013/UBNA_001/20221012_030000.WAV,Telephone Field,recover-20221013,001,1795
21.6315,21.6513,18593,22649,Nyctalus noctula,0.019,0.029,-1,Echolocation,/mnt/ubna_data_02_mir/recover-20221013/UBNA_001/20221012_030000.WAV,Telephone Field,recover-20221013,001,1795
21.6355,21.6756,68437,82824,Rhinolophus ferrumequinum,0.025,0.025,-1,Echolocation,/mnt/ubna_data_02_mir/recover-20221013/UBNA_001/20221012_030000.WAV,Telephone Field,recover-20221013,001,1795
21.6395,21.6478,26328,35347,Eptesicus serotinus,0.01,0.027,-1,Echolocation,/mnt/ubna_data_02_mir/recover-20221013/UBNA_001/20221012_030000.WAV,Telephone Field,recover-20221013,001,1795
21.6725,21.6831,23750,29618,Nyctalus leisleri,0.009,0.023,-1,Echolocation,/mnt/ubna_data_02_mir/recover-20221013/UBNA_001/20221012_030000.WAV,Telephone Field,recover-20221013,001,1795
21.6745,21.7113,68437,82065,Rhinolophus ferrumequinum,0.022,0.022,-1,Echolocation,/mnt/ubna_data_02_mir/recover-20221013/UBNA_001/20221012_030000.WAV,Telephone Field,recover-20221013,001,1795
21.6905,21.7011,52109,57541,Pipistrellus pipistrellus,0.022,0.031,-1,Echolocation,/mnt/ubna_data_02_mir/recover-20221013/UBNA_001/20221012_030000.WAV,Telephone Field,recover-20221013,001,1795
21.6925,21.7305,68437,82290,Rhinolophus ferrumequinum,0.021,0.021,-1,Echolocation,/mnt/ubna_data_02_mir/recover-20221013/UBNA_001/20221012_030000.WAV,Telephone Field,recover-20221013,001,1795
21.7105,21.721,46953,50102,Pipistrellus pipistrellus,0.032,0.038,-1,Echolocation,/mnt/ubna_data_02_mir/recover-20221013/UBNA_001/20221012_030000.WAV,Telephone Field,recover-20221013,001,1795
21.7225,21.7583,68437,81579,Rhinolophus ferrumequinum,0.022,0.022,-1,Echolocation,/mnt/ubna_data_02_mir/recover-20221013/UBNA_001/20221012_030000.WAV,Telephone Field,recover-20221013,001,1795
21.7235,21.7325,27187,39341,Eptesicus serotinus,0.011,0.029,-1,Echolocation,/mnt/ubna_data_02_mir/recover-20221013/UBNA_001/20221012_030000.WAV,Telephone Field,recover-20221013,001,1795
21.7305,21.7675,68437,81522,Rhinolophus ferrumequinum,0.025,0.025,-1,Echolocation,/mnt/ubna_data_02_mir/recover-20221013/UBNA_001/20221012_030000.WAV,Telephone Field,recover-20221013,001,1795
21.7625,21.7731,28046,35876,Eptesicus serotinus,0.012,0.024,-1,Echolocation,/mnt/ubna_data_02_mir/recover-20221013/UBNA_001/20221012_030000.WAV,Telephone Field,recover-20221013,001,1795
21.7845,21.8227,68437,81743,Rhinolophus ferrumequinum,0.022,0.022,-1,Echolocation,/mnt/ubna_data_02_mir/recover-20221013/UBNA_001/20221012_030000.WAV,Telephone Field,recover-20221013,001,1795
21.7845,21.7921,28046,40538,Eptesicus serotinus,0.007,0.021,-1,Echolocation,/mnt/ubna_data_02_mir/recover-20221013/UBNA_001/20221012_030000.WAV,Telephone Field,recover-20221013,001,1795
21.7865,21.7931,44375,53044,Pipistrellus pipistrellus,0.018,0.022,-1,Echolocation,/mnt/ubna_data_02_mir/recover-20221013/UBNA_001/20221012_030000.WAV,Telephone Field,recover-20221013,001,1795
21.8375,21.8757,68437,81801,Rhinolophus ferrumequinum,0.022,0.022,-1,Echolocation,/mnt/ubna_data_02_mir/recover-20221013/UBNA_001/20221012_030000.WAV,Telephone Field,recover-20221013,001,1795
21.8695,21.877,22890,31857,Plecotus austriacus,0.014,0.029,-1,Echolocation,/mnt/ubna_data_02_mir/recover-20221013/UBNA_001/20221012_030000.WAV,Telephone Field,recover-20221013,001,1795
21.8905,21.9001,27187,36480,Eptesicus serotinus,0.009,0.022,-1,Echolocation,/mnt/ubna_data_02_mir/recover-20221013/UBNA_001/20221012_030000.WAV,Telephone Field,recover-20221013,001,1795
21.9275,21.968,68437,82483,Rhinolophus ferrumequinum,0.023,0.023,-1,Echolocation,/mnt/ubna_data_02_mir/recover-20221013/UBNA_001/20221012_030000.WAV,Telephone Field,recover-20221013,001,1795
21.9345,21.9746,68437,82003,Rhinolophus ferrumequinum,0.022,0.022,-1,Echolocation,/mnt/ubna_data_02_mir/recover-20221013/UBNA_001/20221012_030000.WAV,Telephone Field,recover-20221013,001,1795
21.9505,21.9585,28046,40710,Eptesicus serotinus,0.009,0.024,-1,Echolocation,/mnt/ubna_data_02_mir/recover-20221013/UBNA_001/20221012_030000.WAV,Telephone Field,recover-20221013,001,1795
21.9555,21.9947,68437,82875,Rhinolophus ferrumequinum,0.025,0.025,-1,Echolocation,/mnt/ubna_data_02_mir/recover-20221013/UBNA_001/20221012_030000.WAV,Telephone Field,recover-20221013,001,1795
21.9765,21.9827,28046,41564,Eptesicus serotinus,0.005,0.026,-1,Echolocation,/mnt/ubna_data_02_mir/recover-20221013/UBNA_001/20221012_030000.WAV,Telephone Field,recover-20221013,001,1795
22.0015,22.0297,70156,82910,Rhinolophus ferrumequinum,0.029,0.029,-1,Echolocation,/mnt/ubna_data_02_mir/recover-20221013/UBNA_001/20221012_030000.WAV,Telephone Field,recover-20221013,001,1795
22.0015,22.0094,26328,35548,Nyctalus leisleri,0.007,0.026,-1,Echolocation,/mnt/ubna_data_02_mir/recover-20221013/UBNA_001/20221012_030000.WAV,Telephone Field,recover-20221013,001,1795
22.0685,22.08,23750,28892,Nyctalus leisleri,0.016,0.031,-1,Echolocation,/mnt/ubna_data_02_mir/recover-20221013/UBNA_001/20221012_030000.WAV,Telephone Field,recover-20221013,001,1795
22.0725,22.1135,68437,83033,Rhinolophus ferrumequinum,0.027,0.027,-1,Echolocation,/mnt/ubna_data_02_mir/recover-20221013/UBNA_001/20221012_030000.WAV,Telephone Field,recover-20221013,001,1795
22.0995,22.1394,68437,82898,Rhinolophus ferrumequinum,0.027,0.027,-1,Echolocation,/mnt/ubna_data_02_mir/recover-20221013/UBNA_001/20221012_030000.WAV,Telephone Field,recover-20221013,001,1795
22.1305,22.1386,28046,38456,Eptesicus serotinus,0.007,0.021,-1,Echolocation,/mnt/ubna_data_02_mir/recover-20221013/UBNA_001/20221012_030000.WAV,Telephone Field,recover-20221013,001,1795
22.1825,22.22,68437,82357,Rhinolophus ferrumequinum,0.026,0.026,-1,Echolocation,/mnt/ubna_data_02_mir/recover-20221013/UBNA_001/20221012_030000.WAV,Telephone Field,recover-20221013,001,1795
22.1875,22.2256,68437,82288,Rhinolophus ferrumequinum,0.026,0.026,-1,Echolocation,/mnt/ubna_data_02_mir/recover-20221013/UBNA_001/20221012_030000.WAV,Telephone Field,recover-20221013,001,1795
22.2255,22.2662,68437,82217,Rhinolophus ferrumequinum,0.023,0.023,-1,Echolocation,/mnt/ubna_data_02_mir/recover-20221013/UBNA_001/20221012_030000.WAV,Telephone Field,recover-20221013,001,1795
22.2725,22.2833,22890,28203,Nyctalus leisleri,0.011,0.021,-1,Echolocation,/mnt/ubna_data_02_mir/recover-20221013/UBNA_001/20221012_030000.WAV,Telephone Field,recover-20221013,001,1795
22.2785,22.3182,68437,82531,Rhinolophus ferrumequinum,0.022,0.022,-1,Echolocation,/mnt/ubna_data_02_mir/recover-20221013/UBNA_001/20221012_030000.WAV,Telephone Field,recover-20221013,001,1795
22.2945,22.3056,28906,35625,Eptesicus serotinus,0.012,0.025,-1,Echolocation,/mnt/ubna_data_02_mir/recover-20221013/UBNA_001/20221012_030000.WAV,Telephone Field,recover-20221013,001,1795
22.3295,22.3653,68437,81088,Rhinolophus ferrumequinum,0.022,0.022,-1,Echolocation,/mnt/ubna_data_02_mir/recover-20221013/UBNA_001/20221012_030000.WAV,Telephone Field,recover-20221013,001,1795
22.3355,22.3744,68437,81973,Rhinolophus ferrumequinum,0.023,0.023,-1,Echolocation,/mnt/ubna_data_02_mir/recover-20221013/UBNA_001/20221012_030000.WAV,Telephone Field,recover-20221013,001,1795
22.3465,22.3857,68437,82186,Rhinolophus ferrumequinum,0.023,0.023,-1,Echolocation,/mnt/ubna_data_02_mir/recover-20221013/UBNA_001/20221012_030000.WAV,Telephone Field,recover-20221013,001,1795
22.3765,22.3871,22031,26370,Nyctalus leisleri,0.011,0.022,-1,Echolocation,/mnt/ubna_data_02_mir/recover-20221013/UBNA_001/20221012_030000.WAV,Telephone Field,recover-20221013,001,1795
22.3965,22.4023,28906,41358,Plecotus auritus,0.008,0.034,-1,Echolocation,/mnt/ubna_data_02_mir/recover-20221013/UBNA_001/20221012_030000.WAV,Telephone Field,recover-20221013,001,1795
22.4125,22.4251,23750,28562,Nyctalus leisleri,0.013,0.026,-1,Echolocation,/mnt/ubna_data_02_mir/recover-20221013/UBNA_001/20221012_030000.WAV,Telephone Field,recover-20221013,001,1795
22.4155,22.4545,68437,82048,Rhinolophus ferrumequinum,0.025,0.025,-1,Echolocation,/mnt/ubna_data_02_mir/recover-20221013/UBNA_001/20221012_030000.WAV,Telephone Field,recover-20221013,001,1795
22.4565,22.4681,22890,27282,Nyctalus leisleri,0.011,0.021,-1,Echolocation,/mnt/ubna_data_02_mir/recover-20221013/UBNA_001/20221012_030000.WAV,Telephone Field,recover-20221013,001,1795
22.4745,22.5123,68437,81932,Rhinolophus ferrumequinum,0.022,0.022,-1,Echolocation,/mnt/ubna_data_02_mir/recover-20221013/UBNA_001/20221012_030000.WAV,Telephone Field,recover-20221013,001,1795
22.4775,22.4857,27187,37775,Eptesicus serotinus,0.006,0.023,-1,Echolocation,/mnt/ubna_data_02_mir/recover-20221013/UBNA_001/20221012_030000.WAV,Telephone Field,recover-20221013,001,1795
22.4935,22.5279,68437,81011,Rhinolophus ferrumequinum,0.021,0.021,-1,Echolocation,/mnt/ubna_data_02_mir/recover-20221013/UBNA_001/20221012_030000.WAV,Telephone Field,recover-20221013,001,1795
22.5235,22.5327,34062,39932,Barbastellus barbastellus,0.006,0.021,-1,Echolocation,/mnt/ubna_data_02_mir/recover-20221013/UBNA_001/20221012_030000.WAV,Telephone Field,recover-20221013,001,1795
22.5265,22.5657,68437,82314,Rhinolophus ferrumequinum,0.021,0.021,-1,Echolocation,/mnt/ubna_data_02_mir/recover-20221013/UBNA_001/20221012_030000.WAV,Telephone Field,recover-20221013,001,1795
22.5705,22.5777,24609,36063,Plecotus austriacus,0.011,0.028,-1,Echolocation,/mnt/ubna_data_02_mir/recover-20221013/UBNA_001/20221012_030000.WAV,Telephone Field,recover-20221013,001,1795
22.6015,22.636,68437,81233,Rhinolophus ferrumequinum,0.021,0.021,-1,Echolocation,/mnt/ubna_data_02_mir/recover-20221013/UBNA_001/20221012_030000.WAV,Telephone Field,recover-20221013,001,1795
22.6325,22.6727,68437,82714,Rhinolophus ferrumequinum,0.028,0.028,-1,Echolocation,/mnt/ubna_data_02_mir/recover-20221013/UBNA_001/20221012_030000.WAV,Telephone Field,recover-20221013,001,1795
22.6595,22.6982,68437,81778,Rhinolophus ferrumequinum,0.022,0.022,-1,Echolocation,/mnt/ubna_data_02_mir/recover-20221013/UBNA_001/20221012_030000.WAV,Telephone Field,recover-20221013,001,1795
22.6605,22.6681,28046,38808,Eptesicus serotinus,0.01,0.026,-1,Echolocation,/mnt/ubna_data_02_mir/recover-20221013/UBNA_001/20221012_030000.WAV,Telephone Field,recover-20221013,001,1795
22.6725,22.7142,68437,83065,Rhinolophus ferrumequinum,0.023,0.023,-1,Echolocation,/mnt/ubna_data_02_mir/recover-20221013/UBNA_001/20221012_030000.WAV,Telephone Field,recover-20221013,001,1795
22.7115,22.7482,68437,81172,Rhinolophus ferrumequinum,0.021,0.021,-1,Echolocation,/mnt/ubna_data_02_mir/recover-20221013/UBNA_001/20221012_030000.WAV,Telephone Field,recover-20221013,001,1795
22.7175,22.7279,22031,26681,Nyctalus leisleri,0.011,0.022,-1,Echolocation,/mnt/ubna_data_02_mir/recover-20221013/UBNA_001/20221012_030000.WAV,Telephone Field,recover-20221013,001,1795
22.7275,22.7654,68437,82672,Rhinolophus ferrumequinum,0.024,0.024,-1,Echolocation,/mnt/ubna_data_02_mir/recover-20221013/UBNA_001/20221012_030000.WAV,Telephone Field,recover-20221013,001,1795
22.7415,22.7865,68437,83452,Rhinolophus ferrumequinum,0.031,0.031,-1,Echolocation,/mnt/ubna_data_02_mir/recover-20221013/UBNA_001/20221012_030000.WAV,Telephone Field,recover-20221013,001,1795
22.7495,22.758,25468,33990,Eptesicus serotinus,0.007,0.021,-1,Echolocation,/mnt/ubna_data_02_mir/recover-20221013/UBNA_001/20221012_030000.WAV,Telephone Field,recover-20221013,001,1795
22.7745,22.7846,29765,37273,Eptesicus serotinus,0.009,0.024,-1,Echolocation,/mnt/ubna_data_02_mir/recover-20221013/UBNA_001/20221012_030000.WAV,Telephone Field,recover-20221013,001,1795
22.7785,22.8169,68437,82284,Rhinolophus ferrumequinum,0.022,0.022,-1,Echolocation,/mnt/ubna_data_02_mir/recover-20221013/UBNA_001/20221012_030000.WAV,Telephone Field,recover-20221013,001,1795
22.8405,22.879,68437,82251,Rhinolophus ferrumequinum,0.023,0.023,-1,Echolocation,/mnt/ubna_data_02_mir/recover-20221013/UBNA_001/20221012_030000.WAV,Telephone Field,recover-20221013,001,1795
22.8445,22.8524,23750,33012,Plecotus austriacus,0.012,0.026,-1,Echolocation,/mnt/ubna_data_02_mir/recover-20221013/UBNA_001/20221012_030000.WAV,Telephone Field,recover-20221013,001,1795
22.8785,22.9164,68437,81914,Rhinolophus ferrumequinum,0.022,0.022,-1,Echolocation,/mnt/ubna_data_02_mir/recover-20221013/UBNA_001/20221012_030000.WAV,Telephone Field,recover-20221013,001,1795
22.8845,22.896,22031,26557,Nyctalus leisleri,0.011,0.023,-1,Echolocation,/mnt/ubna_data_02_mir/recover-20221013/UBNA_001/20221012_030000.WAV,Telephone Field,recover-20221013,001,1795
22.8995,22.9064,27187,36459,Eptesicus serotinus,0.006,0.025,-1,Echolocation,/mnt/ubna_data_02_mir/recover-20221013/UBNA_001/20221012_030000.WAV,Telephone Field,recover-20221013,001,1795
22.9275,22.9654,68437,82094,Rhinolophus ferrumequinum,0.021,0.021,-1,Echolocation,/mnt/ubna_data_02_mir/recover-20221013/UBNA_001/20221012_030000.WAV,Telephone Field,recover-20221013,001,1795
22.9415,22.9505,28046,36954,Eptesicus serotinus,0.008,0.022,-1,Echolocation,/mnt/ubna_data_02_mir/recover-20221013/UBNA_001/20221012_030000.WAV,Telephone Field,recover-20221013,001,1795
23.0045,23.0426,68437,81565,Rhinolophus ferrumequinum,0.021,0.021,-1,Echolocation,/mnt/ubna_data_02_mir/recover-20221013/UBNA_001/20221012_030000.WAV,Telephone Field,recover-20221013,001,1795
23.0185,23.0611,68437,82918,Rhinolophus ferrumequinum,0.027,0.027,-1,Echolocation,/mnt/ubna_data_02_mir/recover-20221013/UBNA_001/20221012_030000.WAV,Telephone Field,recover-20221013,001,1795
23.0375,23.0509,23750,28941,Nyctalus leisleri,0.022,0.043,-1,Echolocation,/mnt/ubna_data_02_mir/recover-20221013/UBNA_001/20221012_030000.WAV,Telephone Field,recover-20221013,001,1795
23.0385,23.0709,68437,80768,Rhinolophus ferrumequinum,0.03,0.03,-1,Echolocation,/mnt/ubna_data_02_mir/recover-20221013/UBNA_001/20221012_030000.WAV,Telephone Field,recover-20221013,001,1795
23.0725,23.1172,68437,83204,Rhinolophus ferrumequinum,0.033,0.033,-1,Echolocation,/mnt/ubna_data_02_mir/recover-20221013/UBNA_001/20221012_030000.WAV,Telephone Field,recover-20221013,001,1795
23.0745,23.0853,28906,35490,Eptesicus serotinus,0.009,0.023,-1,Echolocation,/mnt/ubna_data_02_mir/recover-20221013/UBNA_001/20221012_030000.WAV,Telephone Field,recover-20221013,001,1795
23.1255,23.1658,68437,82860,Rhinolophus ferrumequinum,0.026,0.026,-1,Echolocation,/mnt/ubna_data_02_mir/recover-20221013/UBNA_001/20221012_030000.WAV,Telephone Field,recover-20221013,001,1795
23.1465,23.1877,68437,82221,Rhinolophus ferrumequinum,0.022,0.022,-1,Echolocation,/mnt/ubna_data_02_mir/recover-20221013/UBNA_001/20221012_030000.WAV,Telephone Field,recover-20221013,001,1795
23.1535,23.1931,68437,82185,Rhinolophus ferrumequinum,0.021,0.021,-1,Echolocation,/mnt/ubna_data_02_mir/recover-20221013/UBNA_001/20221012_030000.WAV,Telephone Field,recover-20221013,001,1795
23.1835,23.1906,27187,39503,Eptesicus serotinus,0.005,0.022,-1,Echolocation,/mnt/ubna_data_02_mir/recover-20221013/UBNA_001/20221012_030000.WAV,Telephone Field,recover-20221013,001,1795
23.2005,23.2393,68437,81737,Rhinolophus ferrumequinum,0.021,0.021,-1,Echolocation,/mnt/ubna_data_02_mir/recover-20221013/UBNA_001/20221012_030000.WAV,Telephone Field,recover-20221013,001,1795
23.2115,23.2248,24609,29422,Nyctalus leisleri,0.015,0.028,-1,Echolocation,/mnt/ubna_data_02_mir/recover-20221013/UBNA_001/20221012_030000.WAV,Telephone Field,recover-20221013,001,1795
23.2495,23.2918,68437,83059,Rhinolophus ferrumequinum,0.028,0.028,-1,Echolocation,/mnt/ubna_data_02_mir/recover-20221013/UBNA_001/20221012_030000.WAV,Telephone Field,recover-20221013,001,1795
23.2765,23.315,68437,82300,Rhinolophus ferrumequinum,0.022,0.022,-1,Echolocation,/mnt/ubna_data_02_mir/recover-20221013/UBNA_001/20221012_030000.WAV,Telephone Field,recover-20221013,001,1795
23.3095,23.3516,68437,82735,Rhinolophus ferrumequinum,0.027,0.027,-1,Echolocation,/mnt/ubna_data_02_mir/recover-20221013/UBNA_001/20221012_030000.WAV,Telephone Field,recover-20221013,001,1795
23.3165,23.3563,68437,82679,Rhinolophus ferrumequinum,0.024,0.024,-1,Echolocation,/mnt/ubna_data_02_mir/recover-20221013/UBNA_001/20221012_030000.WAV,Telephone Field,recover-20221013,001,1795
23.3185,23.3301,22031,26496,Nyctalus leisleri,0.011,0.022,-1,Echolocation,/mnt/ubna_data_02_mir/recover-20221013/UBNA_001/20221012_030000.WAV,Telephone Field,recover-20221013,001,1795
23.3295,23.3665,68437,81138,Rhinolophus ferrumequinum,0.021,0.021,-1,Echolocation,/mnt/ubna_data_02_mir/recover-20221013/UBNA_001/20221012_030000.WAV,Telephone Field,recover-20221013,001,1795
23.3495,23.3593,28046,35960,Eptesicus serotinus,0.009,0.021,-1,Echolocation,/mnt/ubna_data_02_mir/recover-20221013/UBNA_001/20221012_030000.WAV,Telephone Field,recover-20221013,001,1795
23.3735,23.4161,68437,82626,Rhinolophus ferrumequinum,0.021,0.021,-1,Echolocation,/mnt/ubna_data_02_mir/recover-20221013/UBNA_001/20221012_030000.WAV,Telephone Field,recover-20221013,001,1795
23.3975,23.4377,68437,82118,Rhinolophus ferrumequinum,0.021,0.021,-1,Echolocation,/mnt/ubna_data_02_mir/recover-20221013/UBNA_001/20221012_030000.WAV,Telephone Field,recover-20221013,001,1795
23.4025,23.4142,22890,27796,Nyctalus leisleri,0.014,0.027,-1,Echolocation,/mnt/ubna_data_02_mir/recover-20221013/UBNA_001/20221012_030000.WAV,Telephone Field,recover-20221013,001,1795
23.4085,23.4496,68437,82568,Rhinolophus ferrumequinum,0.023,0.023,-1,Echolocation,/mnt/ubna_data_02_mir/recover-20221013/UBNA_001/20221012_030000.WAV,Telephone Field,recover-20221013,001,1795
23.4285,23.4668,68437,82477,Rhinolophus ferrumequinum,0.021,0.021,-1,Echolocation,/mnt/ubna_data_02_mir/recover-20221013/UBNA_001/20221012_030000.WAV,Telephone Field,recover-20221013,001,1795
23.4415,23.4525,22890,28085,Nyctalus leisleri,0.01,0.021,-1,Echolocation,/mnt/ubna_data_02_mir/recover-20221013/UBNA_001/20221012_030000.WAV,Telephone Field,recover-20221013,001,1795
23.4585,23.5018,68437,83127,Rhinolophus ferrumequinum,0.031,0.031,-1,Echolocation,/mnt/ubna_data_02_mir/recover-20221013/UBNA_001/20221012_030000.WAV,Telephone Field,recover-20221013,001,1795
23.4855,23.4918,24609,34063,Plecotus austriacus,0.011,0.025,-1,Echolocation,/mnt/ubna_data_02_mir/recover-20221013/UBNA_001/20221012_030000.WAV,Telephone Field,recover-20221013,001,1795
23.5185,23.5292,28906,36444,Eptesicus serotinus,0.01,0.023,-1,Echolocation,/mnt/ubna_data_02_mir/recover-20221013/UBNA_001/20221012_030000.WAV,Telephone Field,recover-20221013,001,1795
23.5395,23.5783,68437,81696,Rhinolophus ferrumequinum,0.021,0.021,-1,Echolocation,/mnt/ubna_data_02_mir/recover-20221013/UBNA_001/20221012_030000.WAV,Telephone Field,recover-20221013,001,1795
23.5545,23.5911,68437,81590,Rhinolophus ferrumequinum,0.021,0.021,-1,Echolocation,/mnt/ubna_data_02_mir/recover-20221013/UBNA_001/20221012_030000.WAV,Telephone Field,recover-20221013,001,1795
23.5665,23.6053,68437,82575,Rhinolophus ferrumequinum,0.022,0.022,-1,Echolocation,/mnt/ubna_data_02_mir/recover-20221013/UBNA_001/20221012_030000.WAV,Telephone Field,recover-20221013,001,1795
23.5875,23.6248,68437,81096,Rhinolophus ferrumequinum,0.022,0.022,-1,Echolocation,/mnt/ubna_data_02_mir/recover-20221013/UBNA_001/20221012_030000.WAV,Telephone Field,recover-20221013,001,1795
23.6445,23.6818,68437,81637,Rhinolophus ferrumequinum,0.022,0.022,-1,Echolocation,/mnt/ubna_data_02_mir/recover-20221013/UBNA_001/20221012_030000.WAV,Telephone Field,recover-20221013,001,1795
23.6655,23.707,68437,82769,Rhinolophus ferrumequinum,0.022,0.022,-1,Echolocation,/mnt/ubna_data_02_mir/recover-20221013/UBNA_001/20221012_030000.WAV,Telephone Field,recover-20221013,001,1795
23.7285,23.7363,22890,30294,Plecotus austriacus,0.009,0.021,-1,Echolocation,/mnt/ubna_data_02_mir/recover-20221013/UBNA_001/20221012_030000.WAV,Telephone Field,recover-20221013,001,1795
23.7835,23.8242,68437,82675,Rhinolophus ferrumequinum,0.027,0.027,-1,Echolocation,/mnt/ubna_data_02_mir/recover-20221013/UBNA_001/20221012_030000.WAV,Telephone Field,recover-20221013,001,1795
23.7965,23.8402,68437,82955,Rhinolophus ferrumequinum,0.025,0.025,-1,Echolocation,/mnt/ubna_data_02_mir/recover-20221013/UBNA_001/20221012_030000.WAV,Telephone Field,recover-20221013,001,1795
23.8215,23.8411,22031,25092,Nyctalus leisleri,0.039,0.072,-1,Echolocation,/mnt/ubna_data_02_mir/recover-20221013/UBNA_001/20221012_030000.WAV,Telephone Field,recover-20221013,001,1795
23.8475,23.8883,68437,82603,Rhinolophus ferrumequinum,0.023,0.023,-1,Echolocation,/mnt/ubna_data_02_mir/recover-20221013/UBNA_001/20221012_030000.WAV,Telephone Field,recover-20221013,001,1795
23.8545,23.8652,23750,30263,Nyctalus leisleri,0.008,0.022,-1,Echolocation,/mnt/ubna_data_02_mir/recover-20221013/UBNA_001/20221012_030000.WAV,Telephone Field,recover-20221013,001,1795
23.8725,23.8845,22031,26084,Nyctalus leisleri,0.012,0.022,-1,Echolocation,/mnt/ubna_data_02_mir/recover-20221013/UBNA_001/20221012_030000.WAV,Telephone Field,recover-20221013,001,1795
23.8985,23.9363,68437,81986,Rhinolophus ferrumequinum,0.021,0.021,-1,Echolocation,/mnt/ubna_data_02_mir/recover-20221013/UBNA_001/20221012_030000.WAV,Telephone Field,recover-20221013,001,1795
23.9045,23.9137,47812,51476,Pipistrellus pipistrellus,0.025,0.027,-1,Echolocation,/mnt/ubna_data_02_mir/recover-20221013/UBNA_001/20221012_030000.WAV,Telephone Field,recover-20221013,001,1795
23.9285,23.9413,23750,28635,Nyctalus leisleri,0.012,0.023,-1,Echolocation,/mnt/ubna_data_02_mir/recover-20221013/UBNA_001/20221012_030000.WAV,Telephone Field,recover-20221013,001,1795
23.9845,23.9957,23750,28463,Nyctalus leisleri,0.021,0.039,-1,Echolocation,/mnt/ubna_data_02_mir/recover-20221013/UBNA_001/20221012_030000.WAV,Telephone Field,recover-20221013,001,1795
24.0015,24.035,68437,79646,Rhinolophus ferrumequinum,0.028,0.028,-1,Echolocation,/mnt/ubna_data_02_mir/recover-20221013/UBNA_001/20221012_030000.WAV,Telephone Field,recover-20221013,001,1795
24.0015,24.0117,46953,52689,Pipistrellus pipistrellus,0.02,0.026,-1,Echolocation,/mnt/ubna_data_02_mir/recover-20221013/UBNA_001/20221012_030000.WAV,Telephone Field,recover-20221013,001,1795
24.0015,24.0107,23750,30079,Nyctalus leisleri,0.013,0.031,-1,Echolocation,/mnt/ubna_data_02_mir/recover-20221013/UBNA_001/20221012_030000.WAV,Telephone Field,recover-20221013,001,1795
24.0495,24.0902,68437,83503,Rhinolophus ferrumequinum,0.031,0.031,-1,Echolocation,/mnt/ubna_data_02_mir/recover-20221013/UBNA_001/20221012_030000.WAV,Telephone Field,recover-20221013,001,1795
24.0545,24.0634,25468,33334,Eptesicus serotinus,0.007,0.021,-1,Echolocation,/mnt/ubna_data_02_mir/recover-20221013/UBNA_001/20221012_030000.WAV,Telephone Field,recover-20221013,001,1795
24.0695,24.0812,23750,28528,Nyctalus leisleri,0.014,0.027,-1,Echolocation,/mnt/ubna_data_02_mir/recover-20221013/UBNA_001/20221012_030000.WAV,Telephone Field,recover-20221013,001,1795
24.0725,24.1112,68437,82243,Rhinolophus ferrumequinum,0.027,0.027,-1,Echolocation,/mnt/ubna_data_02_mir/recover-20221013/UBNA_001/20221012_030000.WAV,Telephone Field,recover-20221013,001,1795
24.1035,24.1131,27187,35728,Eptesicus serotinus,0.013,0.028,-1,Echolocation,/mnt/ubna_data_02_mir/recover-20221013/UBNA_001/20221012_030000.WAV,Telephone Field,recover-20221013,001,1795
24.1105,24.1504,68437,82490,Rhinolophus ferrumequinum,0.022,0.022,-1,Echolocation,/mnt/ubna_data_02_mir/recover-20221013/UBNA_001/20221012_030000.WAV,Telephone Field,recover-20221013,001,1795
24.2125,24.2223,24609,32230,Eptesicus serotinus,0.008,0.025,-1,Echolocation,/mnt/ubna_data_02_mir/recover-20221013/UBNA_001/20221012_030000.WAV,Telephone Field,recover-20221013,001,1795
24.2355,24.2777,68437,83066,Rhinolophus ferrumequinum,0.027,0.027,-1,Echolocation,/mnt/ubna_data_02_mir/recover-20221013/UBNA_001/20221012_030000.WAV,Telephone Field,recover-20221013,001,1795
24.2625,24.3012,68437,82217,Rhinolophus ferrumequinum,0.022,0.022,-1,Echolocation,/mnt/ubna_data_02_mir/recover-20221013/UBNA_001/20221012_030000.WAV,Telephone Field,recover-20221013,001,1795
24.2695,24.287,19453,23041,Nyctalus noctula,0.01,0.022,-1,Echolocation,/mnt/ubna_data_02_mir/recover-20221013/UBNA_001/20221012_030000.WAV,Telephone Field,recover-20221013,001,1795
24.2715,24.2787,28046,40497,Eptesicus serotinus,0.006,0.022,-1,Echolocation,/mnt/ubna_data_02_mir/recover-20221013/UBNA_001/20221012_030000.WAV,Telephone Field,recover-20221013,001,1795
24.3905,24.4287,68437,81869,Rhinolophus ferrumequinum,0.024,0.024,-1,Echolocation,/mnt/ubna_data_02_mir/recover-20221013/UBNA_001/20221012_030000.WAV,Telephone Field,recover-20221013,001,1795
24.4135,24.4573,68437,83088,Rhinolophus ferrumequinum,0.041,0.041,-1,Echolocation,/mnt/ubna_data_02_mir/recover-20221013/UBNA_001/20221012_030000.WAV,Telephone Field,recover-20221013,001,1795
24.4735,24.4832,38359,45436,Pipistrellus nathusii,0.006,0.022,-1,Echolocation,/mnt/ubna_data_02_mir/recover-20221013/UBNA_001/20221012_030000.WAV,Telephone Field,recover-20221013,001,1795
24.4895,24.5009,22890,27526,Nyctalus leisleri,0.011,0.023,-1,Echolocation,/mnt/ubna_data_02_mir/recover-20221013/UBNA_001/20221012_030000.WAV,Telephone Field,recover-20221013,001,1795
24.5075,24.5459,68437,81614,Rhinolophus ferrumequinum,0.024,0.024,-1,Echolocation,/mnt/ubna_data_02_mir/recover-20221013/UBNA_001/20221012_030000.WAV,Telephone Field,recover-20221013,001,1795
24.5165,24.5555,68437,81635,Rhinolophus ferrumequinum,0.022,0.023,-1,Echolocation,/mnt/ubna_data_02_mir/recover-20221013/UBNA_001/20221012_030000.WAV,Telephone Field,recover-20221013,001,1795
24.5365,24.5784,68437,82595,Rhinolophus ferrumequinum,0.023,0.023,-1,Echolocation,/mnt/ubna_data_02_mir/recover-20221013/UBNA_001/20221012_030000.WAV,Telephone Field,recover-20221013,001,1795
24.5375,24.5479,25468,31588,Eptesicus serotinus,0.009,0.023,-1,Echolocation,/mnt/ubna_data_02_mir/recover-20221013/UBNA_001/20221012_030000.WAV,Telephone Field,recover-20221013,001,1795
24.5775,24.6156,68437,81345,Rhinolophus ferrumequinum,0.024,0.024,-1,Echolocation,/mnt/ubna_data_02_mir/recover-20221013/UBNA_001/20221012_030000.WAV,Telephone Field,recover-20221013,001,1795
24.6045,24.6433,68437,81707,Rhinolophus ferrumequinum,0.023,0.023,-1,Echolocation,/mnt/ubna_data_02_mir/recover-20221013/UBNA_001/20221012_030000.WAV,Telephone Field,recover-20221013,001,1795
24.6055,24.6132,28046,38513,Eptesicus serotinus,0.007,0.022,-1,Echolocation,/mnt/ubna_data_02_mir/recover-20221013/UBNA_001/20221012_030000.WAV,Telephone Field,recover-20221013,001,1795
24.6875,24.6973,23750,31029,Nyctalus leisleri,0.009,0.028,-1,Echolocation,/mnt/ubna_data_02_mir/recover-20221013/UBNA_001/20221012_030000.WAV,Telephone Field,recover-20221013,001,1795
24.7115,24.7482,68437,81297,Rhinolophus ferrumequinum,0.023,0.023,-1,Echolocation,/mnt/ubna_data_02_mir/recover-20221013/UBNA_001/20221012_030000.WAV,Telephone Field,recover-20221013,001,1795
24.7165,24.7295,33203,37119,Pipistrellus nathusii,0.01,0.031,-1,Echolocation,/mnt/ubna_data_02_mir/recover-20221013/UBNA_001/20221012_030000.WAV,Telephone Field,recover-20221013,001,1795
24.7165,24.7273,28046,34961,Eptesicus serotinus,0.012,0.024,-1,Echolocation,/mnt/ubna_data_02_mir/recover-20221013/UBNA_001/20221012_030000.WAV,Telephone Field,recover-20221013,001,1795
24.7445,24.7519,28046,41340,Eptesicus serotinus,0.009,0.028,-1,Echolocation,/mnt/ubna_data_02_mir/recover-20221013/UBNA_001/20221012_030000.WAV,Telephone Field,recover-20221013,001,1795
24.7525,24.7625,23750,28925,Nyctalus leisleri,0.011,0.024,-1,Echolocation,/mnt/ubna_data_02_mir/recover-20221013/UBNA_001/20221012_030000.WAV,Telephone Field,recover-20221013,001,1795
24.7765,24.8166,68437,82670,Rhinolophus ferrumequinum,0.024,0.024,-1,Echolocation,/mnt/ubna_data_02_mir/recover-20221013/UBNA_001/20221012_030000.WAV,Telephone Field,recover-20221013,001,1795
24.8195,24.8361,21171,24494,Nyctalus leisleri,0.013,0.022,-1,Echolocation,/mnt/ubna_data_02_mir/recover-20221013/UBNA_001/20221012_030000.WAV,Telephone Field,recover-20221013,001,1795
24.8365,24.8775,68437,82466,Rhinolophus ferrumequinum,0.025,0.025,-1,Echolocation,/mnt/ubna_data_02_mir/recover-20221013/UBNA_001/20221012_030000.WAV,Telephone Field,recover-20221013,001,1795
24.8515,24.8613,22031,27518,Nyctalus leisleri,0.01,0.024,-1,Echolocation,/mnt/ubna_data_02_mir/recover-20221013/UBNA_001/20221012_030000.WAV,Telephone Field,recover-20221013,001,1795
24.8645,24.8735,28906,38154,Eptesicus serotinus,0.007,0.022,-1,Echolocation,/mnt/ubna_data_02_mir/recover-20221013/UBNA_001/20221012_030000.WAV,Telephone Field,recover-20221013,001,1795
24.8905,24.8996,28906,37699,Eptesicus serotinus,0.012,0.03,-1,Echolocation,/mnt/ubna_data_02_mir/recover-20221013/UBNA_001/20221012_030000.WAV,Telephone Field,recover-20221013,001,1795
24.9375,24.9775,68437,82186,Rhinolophus ferrumequinum,0.03,0.03,-1,Echolocation,/mnt/ubna_data_02_mir/recover-20221013/UBNA_001/20221012_030000.WAV,Telephone Field,recover-20221013,001,1795
24.9435,24.9513,44375,49448,Pipistrellus pipistrellus,0.024,0.025,-1,Echolocation,/mnt/ubna_data_02_mir/recover-20221013/UBNA_001/20221012_030000.WAV,Telephone Field,recover-20221013,001,1795
24.9725,24.9805,27187,39145,Eptesicus serotinus,0.009,0.024,-1,Echolocation,/mnt/ubna_data_02_mir/recover-20221013/UBNA_001/20221012_030000.WAV,Telephone Field,recover-20221013,001,1795
25.0055,25.0159,22031,26951,Nyctalus leisleri,0.012,0.025,-1,Echolocation,/mnt/ubna_data_02_mir/recover-20221013/UBNA_001/20221012_030000.WAV,Telephone Field,recover-20221013,001,1795
25.0065,25.0456,68437,82237,Rhinolophus ferrumequinum,0.023,0.023,-1,Echolocation,/mnt/ubna_data_02_mir/recover-20221013/UBNA_001/20221012_030000.WAV,Telephone Field,recover-20221013,001,1795
25.0905,25.1334,68437,82612,Rhinolophus ferrumequinum,0.026,0.026,-1,Echolocation,/mnt/ubna_data_02_mir/recover-20221013/UBNA_001/20221012_030000.WAV,Telephone Field,recover-20221013,001,1795
25.0955,25.1063,22890,27416,Nyctalus leisleri,0.013,0.025,-1,Echolocation,/mnt/ubna_data_02_mir/recover-20221013/UBNA_001/20221012_030000.WAV,Telephone Field,recover-20221013,001,1795
25.1225,25.1615,68437,82915,Rhinolophus ferrumequinum,0.024,0.024,-1,Echolocation,/mnt/ubna_data_02_mir/recover-20221013/UBNA_001/20221012_030000.WAV,Telephone Field,recover-20221013,001,1795
25.1355,25.1721,68437,81670,Rhinolophus ferrumequinum,0.023,0.023,-1,Echolocation,/mnt/ubna_data_02_mir/recover-20221013/UBNA_001/20221012_030000.WAV,Telephone Field,recover-20221013,001,1795
25.1405,25.1509,34921,41135,Pipistrellus nathusii,0.01,0.028,-1,Echolocation,/mnt/ubna_data_02_mir/recover-20221013/UBNA_001/20221012_030000.WAV,Telephone Field,recover-20221013,001,1795
25.1685,25.1763,26328,34815,Eptesicus serotinus,0.008,0.022,-1,Echolocation,/mnt/ubna_data_02_mir/recover-20221013/UBNA_001/20221012_030000.WAV,Telephone Field,recover-20221013,001,1795
25.1855,25.2022,20312,24371,Nyctalus noctula,0.042,0.083,-1,Echolocation,/mnt/ubna_data_02_mir/recover-20221013/UBNA_001/20221012_030000.WAV,Telephone Field,recover-20221013,001,1795
25.2305,25.2686,68437,81962,Rhinolophus ferrumequinum,0.024,0.024,-1,Echolocation,/mnt/ubna_data_02_mir/recover-20221013/UBNA_001/20221012_030000.WAV,Telephone Field,recover-20221013,001,1795
25.2395,25.2484,27187,38949,Eptesicus serotinus,0.017,0.038,-1,Echolocation,/mnt/ubna_data_02_mir/recover-20221013/UBNA_001/20221012_030000.WAV,Telephone Field,recover-20221013,001,1795
25.2635,25.2737,26328,33406,Eptesicus serotinus,0.01,0.023,-1,Echolocation,/mnt/ubna_data_02_mir/recover-20221013/UBNA_001/20221012_030000.WAV,Telephone Field,recover-20221013,001,1795
25.2705,25.3092,68437,81884,Rhinolophus ferrumequinum,0.022,0.022,-1,Echolocation,/mnt/ubna_data_02_mir/recover-20221013/UBNA_001/20221012_030000.WAV,Telephone Field,recover-20221013,001,1795
25.2895,25.3012,52968,57309,Pipistrellus pygmaeus,0.025,0.037,-1,Echolocation,/mnt/ubna_data_02_mir/recover-20221013/UBNA_001/20221012_030000.WAV,Telephone Field,recover-20221013,001,1795
25.3125,25.3216,28906,38558,Eptesicus serotinus,0.009,0.026,-1,Echolocation,/mnt/ubna_data_02_mir/recover-20221013/UBNA_001/20221012_030000.WAV,Telephone Field,recover-20221013,001,1795
25.3155,25.3519,68437,81285,Rhinolophus ferrumequinum,0.022,0.022,-1,Echolocation,/mnt/ubna_data_02_mir/recover-20221013/UBNA_001/20221012_030000.WAV,Telephone Field,recover-20221013,001,1795
25.3375,25.3774,68437,82168,Rhinolophus ferrumequinum,0.022,0.022,-1,Echolocation,/mnt/ubna_data_02_mir/recover-20221013/UBNA_001/20221012_030000.WAV,Telephone Field,recover-20221013,001,1795
25.3415,25.3486,28046,41267,Eptesicus serotinus,0.007,0.022,-1,Echolocation,/mnt/ubna_data_02_mir/recover-20221013/UBNA_001/20221012_030000.WAV,Telephone Field,recover-20221013,001,1795
25.3635,25.4034,68437,82929,Rhinolophus ferrumequinum,0.022,0.022,-1,Echolocation,/mnt/ubna_data_02_mir/recover-20221013/UBNA_001/20221012_030000.WAV,Telephone Field,recover-20221013,001,1795
25.4225,25.4287,28046,41327,Eptesicus serotinus,0.006,0.024,-1,Echolocation,/mnt/ubna_data_02_mir/recover-20221013/UBNA_001/20221012_030000.WAV,Telephone Field,recover-20221013,001,1795
25.4335,25.4744,68437,82694,Rhinolophus ferrumequinum,0.024,0.024,-1,Echolocation,/mnt/ubna_data_02_mir/recover-20221013/UBNA_001/20221012_030000.WAV,Telephone Field,recover-20221013,001,1795
25.5305,25.5671,68437,81374,Rhinolophus ferrumequinum,0.023,0.023,-1,Echolocation,/mnt/ubna_data_02_mir/recover-20221013/UBNA_001/20221012_030000.WAV,Telephone Field,recover-20221013,001,1795
25.5395,25.5785,68437,81984,Rhinolophus ferrumequinum,0.022,0.022,-1,Echolocation,/mnt/ubna_data_02_mir/recover-20221013/UBNA_001/20221012_030000.WAV,Telephone Field,recover-20221013,001,1795
25.5555,25.5926,68437,82015,Rhinolophus ferrumequinum,0.023,0.023,-1,Echolocation,/mnt/ubna_data_02_mir/recover-20221013/UBNA_001/20221012_030000.WAV,Telephone Field,recover-20221013,001,1795
25.5985,25.6085,35781,41692,Pipistrellus nathusii,0.007,0.026,-1,Echolocation,/mnt/ubna_data_02_mir/recover-20221013/UBNA_001/20221012_030000.WAV,Telephone Field,recover-20221013,001,1795
25.6595,25.6718,38359,42119,Pipistrellus nathusii,0.034,0.044,-1,Echolocation,/mnt/ubna_data_02_mir/recover-20221013/UBNA_001/20221012_030000.WAV,Telephone Field,recover-20221013,001,1795
25.6885,25.6951,24609,33806,Plecotus austriacus,0.009,0.023,-1,Echolocation,/mnt/ubna_data_02_mir/recover-20221013/UBNA_001/20221012_030000.WAV,Telephone Field,recover-20221013,001,1795
25.7415,25.7836,68437,83004,Rhinolophus ferrumequinum,0.034,0.034,-1,Echolocation,/mnt/ubna_data_02_mir/recover-20221013/UBNA_001/20221012_030000.WAV,Telephone Field,recover-20221013,001,1795
25.7645,25.8029,68437,82983,Rhinolophus ferrumequinum,0.023,0.023,-1,Echolocation,/mnt/ubna_data_02_mir/recover-20221013/UBNA_001/20221012_030000.WAV,Telephone Field,recover-20221013,001,1795
25.8175,25.8306,24609,30581,Nyctalus leisleri,0.012,0.032,-1,Echolocation,/mnt/ubna_data_02_mir/recover-20221013/UBNA_001/20221012_030000.WAV,Telephone Field,recover-20221013,001,1795
25.8545,25.8918,68437,81645,Rhinolophus ferrumequinum,0.021,0.022,-1,Echolocation,/mnt/ubna_data_02_mir/recover-20221013/UBNA_001/20221012_030000.WAV,Telephone Field,recover-20221013,001,1795
25.8725,25.9149,68437,82993,Rhinolophus ferrumequinum,0.038,0.038,-1,Echolocation,/mnt/ubna_data_02_mir/recover-20221013/UBNA_001/20221012_030000.WAV,Telephone Field,recover-20221013,001,1795
25.8995,25.9394,68437,82308,Rhinolophus ferrumequinum,0.025,0.025,-1,Echolocation,/mnt/ubna_data_02_mir/recover-20221013/UBNA_001/20221012_030000.WAV,Telephone Field,recover-20221013,001,1795
25.9305,25.971,68437,82939,Rhinolophus ferrumequinum,0.026,0.026,-1,Echolocation,/mnt/ubna_data_02_mir/recover-20221013/UBNA_001/20221012_030000.WAV,Telephone Field,recover-20221013,001,1795
26.0015,26.0097,46953,52959,Pipistrellus pipistrellus,0.018,0.023,-1,Echolocation,/mnt/ubna_data_02_mir/recover-20221013/UBNA_001/20221012_030000.WAV,Telephone Field,recover-20221013,001,1795
26.0015,26.0077,23750,34261,Plecotus austriacus,0.011,0.035,-1,Echolocation,/mnt/ubna_data_02_mir/recover-20221013/UBNA_001/20221012_030000.WAV,Telephone Field,recover-20221013,001,1795
26.0015,26.0319,69296,81197,Rhinolophus ferrumequinum,0.023,0.023,-1,Echolocation,/mnt/ubna_data_02_mir/recover-20221013/UBNA_001/20221012_030000.WAV,Telephone Field,recover-20221013,001,1795
26.0085,26.046,68437,80931,Rhinolophus ferrumequinum,0.021,0.021,-1,Echolocation,/mnt/ubna_data_02_mir/recover-20221013/UBNA_001/20221012_030000.WAV,Telephone Field,recover-20221013,001,1795
26.0335,26.0745,68437,82464,Rhinolophus ferrumequinum,0.03,0.03,-1,Echolocation,/mnt/ubna_data_02_mir/recover-20221013/UBNA_001/20221012_030000.WAV,Telephone Field,recover-20221013,001,1795
26.0585,26.0973,68437,82152,Rhinolophus ferrumequinum,0.023,0.023,-1,Echolocation,/mnt/ubna_data_02_mir/recover-20221013/UBNA_001/20221012_030000.WAV,Telephone Field,recover-20221013,001,1795
26.0675,26.1062,68437,82622,Rhinolophus ferrumequinum,0.022,0.022,-1,Echolocation,/mnt/ubna_data_02_mir/recover-20221013/UBNA_001/20221012_030000.WAV,Telephone Field,recover-20221013,001,1795
26.1115,26.1516,68437,82598,Rhinolophus ferrumequinum,0.026,0.026,-1,Echolocation,/mnt/ubna_data_02_mir/recover-20221013/UBNA_001/20221012_030000.WAV,Telephone Field,recover-20221013,001,1795
26.1325,26.1733,68437,83129,Rhinolophus ferrumequinum,0.027,0.027,-1,Echolocation,/mnt/ubna_data_02_mir/recover-20221013/UBNA_001/20221012_030000.WAV,Telephone Field,recover-20221013,001,1795
26.1575,26.1674,28046,35344,Eptesicus serotinus,0.011,0.023,-1,Echolocation,/mnt/ubna_data_02_mir/recover-20221013/UBNA_001/20221012_030000.WAV,Telephone Field,recover-20221013,001,1795
26.1705,26.2107,68437,82314,Rhinolophus ferrumequinum,0.025,0.025,-1,Echolocation,/mnt/ubna_data_02_mir/recover-20221013/UBNA_001/20221012_030000.WAV,Telephone Field,recover-20221013,001,1795
26.1895,26.2294,68437,82814,Rhinolophus ferrumequinum,0.023,0.023,-1,Echolocation,/mnt/ubna_data_02_mir/recover-20221013/UBNA_001/20221012_030000.WAV,Telephone Field,recover-20221013,001,1795
26.1925,26.2032,23750,29899,Nyctalus leisleri,0.011,0.028,-1,Echolocation,/mnt/ubna_data_02_mir/recover-20221013/UBNA_001/20221012_030000.WAV,Telephone Field,recover-20221013,001,1795
26.2145,26.2341,18593,21993,Nyctalus noctula,0.026,0.044,-1,Echolocation,/mnt/ubna_data_02_mir/recover-20221013/UBNA_001/20221012_030000.WAV,Telephone Field,recover-20221013,001,1795
26.2155,26.2533,68437,82198,Rhinolophus ferrumequinum,0.026,0.026,-1,Echolocation,/mnt/ubna_data_02_mir/recover-20221013/UBNA_001/20221012_030000.WAV,Telephone Field,recover-20221013,001,1795
26.2165,26.2252,28906,37447,Eptesicus serotinus,0.008,0.022,-1,Echolocation,/mnt/ubna_data_02_mir/recover-20221013/UBNA_001/20221012_030000.WAV,Telephone Field,recover-20221013,001,1795
26.2265,26.234,28046,39091,Eptesicus serotinus,0.007,0.024,-1,Echolocation,/mnt/ubna_data_02_mir/recover-20221013/UBNA_001/20221012_030000.WAV,Telephone Field,recover-20221013,001,1795
26.2375,26.2784,68437,82306,Rhinolophus ferrumequinum,0.025,0.025,-1,Echolocation,/mnt/ubna_data_02_mir/recover-20221013/UBNA_001/20221012_030000.WAV,Telephone Field,recover-20221013,001,1795
26.2545,26.2925,68437,82052,Rhinolophus ferrumequinum,0.021,0.021,-1,Echolocation,/mnt/ubna_data_02_mir/recover-20221013/UBNA_001/20221012_030000.WAV,Telephone Field,recover-20221013,001,1795
26.2555,26.2655,22031,27546,Nyctalus leisleri,0.011,0.026,-1,Echolocation,/mnt/ubna_data_02_mir/recover-20221013/UBNA_001/20221012_030000.WAV,Telephone Field,recover-20221013,001,1795
26.2825,26.3185,68437,81672,Rhinolophus ferrumequinum,0.022,0.022,-1,Echolocation,/mnt/ubna_data_02_mir/recover-20221013/UBNA_001/20221012_030000.WAV,Telephone Field,recover-20221013,001,1795
26.3235,26.3308,27187,39041,Eptesicus serotinus,0.01,0.029,-1,Echolocation,/mnt/ubna_data_02_mir/recover-20221013/UBNA_001/20221012_030000.WAV,Telephone Field,recover-20221013,001,1795
26.3515,26.3892,68437,82059,Rhinolophus ferrumequinum,0.021,0.021,-1,Echolocation,/mnt/ubna_data_02_mir/recover-20221013/UBNA_001/20221012_030000.WAV,Telephone Field,recover-20221013,001,1795
26.3725,26.4104,68437,82070,Rhinolophus ferrumequinum,0.022,0.022,-1,Echolocation,/mnt/ubna_data_02_mir/recover-20221013/UBNA_001/20221012_030000.WAV,Telephone Field,recover-20221013,001,1795
26.3785,26.4175,68437,82455,Rhinolophus ferrumequinum,0.022,0.022,-1,Echolocation,/mnt/ubna_data_02_mir/recover-20221013/UBNA_001/20221012_030000.WAV,Telephone Field,recover-20221013,001,1795
26.3895,26.4297,68437,83005,Rhinolophus ferrumequinum,0.022,0.022,-1,Echolocation,/mnt/ubna_data_02_mir/recover-20221013/UBNA_001/20221012_030000.WAV,Telephone Field,recover-20221013,001,1795
26.3945,26.4028,25468,33906,Eptesicus serotinus,0.009,0.033,-1,Echolocation,/mnt/ubna_data_02_mir/recover-20221013/UBNA_001/20221012_030000.WAV,Telephone Field,recover-20221013,001,1795
26.4075,26.4173,22890,27854,Nyctalus leisleri,0.01,0.022,-1,Echolocation,/mnt/ubna_data_02_mir/recover-20221013/UBNA_001/20221012_030000.WAV,Telephone Field,recover-20221013,001,1795
26.4405,26.4494,43515,51456,Myotis daubentonii,0.004,0.022,-1,Echolocation,/mnt/ubna_data_02_mir/recover-20221013/UBNA_001/20221012_030000.WAV,Telephone Field,recover-20221013,001,1795
26.4415,26.4779,68437,81580,Rhinolophus ferrumequinum,0.024,0.024,-1,Echolocation,/mnt/ubna_data_02_mir/recover-20221013/UBNA_001/20221012_030000.WAV,Telephone Field,recover-20221013,001,1795
26.4675,26.4849,23750,27485,Nyctalus leisleri,0.015,0.028,-1,Echolocation,/mnt/ubna_data_02_mir/recover-20221013/UBNA_001/20221012_030000.WAV,Telephone Field,recover-20221013,001,1795
26.4835,26.5202,68437,81201,Rhinolophus ferrumequinum,0.022,0.022,-1,Echolocation,/mnt/ubna_data_02_mir/recover-20221013/UBNA_001/20221012_030000.WAV,Telephone Field,recover-20221013,001,1795
26.4925,26.5303,68437,81791,Rhinolophus ferrumequinum,0.024,0.024,-1,Echolocation,/mnt/ubna_data_02_mir/recover-20221013/UBNA_001/20221012_030000.WAV,Telephone Field,recover-20221013,001,1795
26.5055,26.5416,68437,81755,Rhinolophus ferrumequinum,0.027,0.027,-1,Echolocation,/mnt/ubna_data_02_mir/recover-20221013/UBNA_001/20221012_030000.WAV,Telephone Field,recover-20221013,001,1795
26.5135,26.5236,23750,30662,Nyctalus leisleri,0.007,0.024,-1,Echolocation,/mnt/ubna_data_02_mir/recover-20221013/UBNA_001/20221012_030000.WAV,Telephone Field,recover-20221013,001,1795
26.5415,26.5818,68437,82434,Rhinolophus ferrumequinum,0.027,0.027,-1,Echolocation,/mnt/ubna_data_02_mir/recover-20221013/UBNA_001/20221012_030000.WAV,Telephone Field,recover-20221013,001,1795
26.5545,26.5941,68437,81785,Rhinolophus ferrumequinum,0.024,0.024,-1,Echolocation,/mnt/ubna_data_02_mir/recover-20221013/UBNA_001/20221012_030000.WAV,Telephone Field,recover-20221013,001,1795
26.5635,26.6019,68437,82347,Rhinolophus ferrumequinum,0.024,0.024,-1,Echolocation,/mnt/ubna_data_02_mir/recover-20221013/UBNA_001/20221012_030000.WAV,Telephone Field,recover-20221013,001,1795
26.6175,26.6539,68437,81584,Rhinolophus ferrumequinum,0.021,0.021,-1,Echolocation,/mnt/ubna_data_02_mir/recover-20221013/UBNA_001/20221012_030000.WAV,Telephone Field,recover-20221013,001,1795
26.6385,26.6468,23750,31596,Plecotus austriacus,0.008,0.022,-1,Echolocation,/mnt/ubna_data_02_mir/recover-20221013/UBNA_001/20221012_030000.WAV,Telephone Field,recover-20221013,001,1795
26.6635,26.7012,68437,81047,Rhinolophus ferrumequinum,0.026,0.026,-1,Echolocation,/mnt/ubna_data_02_mir/recover-20221013/UBNA_001/20221012_030000.WAV,Telephone Field,recover-20221013,001,1795
26.6865,26.7251,68437,82215,Rhinolophus ferrumequinum,0.021,0.021,-1,Echolocation,/mnt/ubna_data_02_mir/recover-20221013/UBNA_001/20221012_030000.WAV,Telephone Field,recover-20221013,001,1795
26.6925,26.7308,68437,82354,Rhinolophus ferrumequinum,0.021,0.021,-1,Echolocation,/mnt/ubna_data_02_mir/recover-20221013/UBNA_001/20221012_030000.WAV,Telephone Field,recover-20221013,001,1795
26.6935,26.7017,46953,51657,Pipistrellus pipistrellus,0.051,0.053,-1,Echolocation,/mnt/ubna_data_02_mir/recover-20221013/UBNA_001/20221012_030000.WAV,Telephone Field,recover-20221013,001,1795
26.7385,26.7796,68437,82319,Rhinolophus ferrumequinum,0.024,0.024,-1,Echolocation,/mnt/ubna_data_02_mir/recover-20221013/UBNA_001/20221012_030000.WAV,Telephone Field,recover-20221013,001,1795
26.7585,26.7931,68437,81308,Rhinolophus ferrumequinum,0.021,0.021,-1,Echolocation,/mnt/ubna_data_02_mir/recover-20221013/UBNA_001/20221012_030000.WAV,Telephone Field,recover-20221013,001,1795
26.7915,26.8266,68437,81221,Rhinolophus ferrumequinum,0.021,0.021,-1,Echolocation,/mnt/ubna_data_02_mir/recover-20221013/UBNA_001/20221012_030000.WAV,Telephone Field,recover-20221013,001,1795
26.8285,26.8656,68437,82187,Rhinolophus ferrumequinum,0.024,0.024,-1,Echolocation,/mnt/ubna_data_02_mir/recover-20221013/UBNA_001/20221012_030000.WAV,Telephone Field,recover-20221013,001,1795
26.8385,26.8449,26328,38733,Eptesicus serotinus,0.005,0.022,-1,Echolocation,/mnt/ubna_data_02_mir/recover-20221013/UBNA_001/20221012_030000.WAV,Telephone Field,recover-20221013,001,1795
26.8995,26.9068,28046,39508,Eptesicus serotinus,0.008,0.028,-1,Echolocation,/mnt/ubna_data_02_mir/recover-20221013/UBNA_001/20221012_030000.WAV,Telephone Field,recover-20221013,001,1795
26.9095,26.9188,34062,40992,Barbastellus barbastellus,0.007,0.023,-1,Echolocation,/mnt/ubna_data_02_mir/recover-20221013/UBNA_001/20221012_030000.WAV,Telephone Field,recover-20221013,001,1795
26.9615,26.9737,21171,25512,Nyctalus leisleri,0.01,0.022,-1,Echolocation,/mnt/ubna_data_02_mir/recover-20221013/UBNA_001/20221012_030000.WAV,Telephone Field,recover-20221013,001,1795
26.9795,26.987,27187,38375,Eptesicus serotinus,0.006,0.022,-1,Echolocation,/mnt/ubna_data_02_mir/recover-20221013/UBNA_001/20221012_030000.WAV,Telephone Field,recover-20221013,001,1795
27.0165,27.0516,68437,81811,Rhinolophus ferrumequinum,0.021,0.021,-1,Echolocation,/mnt/ubna_data_02_mir/recover-20221013/UBNA_001/20221012_030000.WAV,Telephone Field,recover-20221013,001,1795
27.0485,27.0859,68437,81870,Rhinolophus ferrumequinum,0.021,0.021,-1,Echolocation,/mnt/ubna_data_02_mir/recover-20221013/UBNA_001/20221012_030000.WAV,Telephone Field,recover-20221013,001,1795
27.0705,27.1105,68437,82272,Rhinolophus ferrumequinum,0.023,0.023,-1,Echolocation,/mnt/ubna_data_02_mir/recover-20221013/UBNA_001/20221012_030000.WAV,Telephone Field,recover-20221013,001,1795
27.0785,27.0894,22890,27828,Nyctalus leisleri,0.014,0.026,-1,Echolocation,/mnt/ubna_data_02_mir/recover-20221013/UBNA_001/20221012_030000.WAV,Telephone Field,recover-20221013,001,1795
27.1565,27.1665,25468,33294,Eptesicus serotinus,0.01,0.025,-1,Echolocation,/mnt/ubna_data_02_mir/recover-20221013/UBNA_001/20221012_030000.WAV,Telephone Field,recover-20221013,001,1795
27.1595,27.1997,68437,82914,Rhinolophus ferrumequinum,0.023,0.023,-1,Echolocation,/mnt/ubna_data_02_mir/recover-20221013/UBNA_001/20221012_030000.WAV,Telephone Field,recover-20221013,001,1795
27.1635,27.1745,25468,32169,Eptesicus serotinus,0.01,0.025,-1,Echolocation,/mnt/ubna_data_02_mir/recover-20221013/UBNA_001/20221012_030000.WAV,Telephone Field,recover-20221013,001,1795
27.2175,27.2631,68437,83052,Rhinolophus ferrumequinum,0.037,0.037,-1,Echolocation,/mnt/ubna_data_02_mir/recover-20221013/UBNA_001/20221012_030000.WAV,Telephone Field,recover-20221013,001,1795
27.2425,27.2531,23750,29392,Nyctalus leisleri,0.011,0.026,-1,Echolocation,/mnt/ubna_data_02_mir/recover-20221013/UBNA_001/20221012_030000.WAV,Telephone Field,recover-20221013,001,1795
27.2575,27.2964,68437,82853,Rhinolophus ferrumequinum,0.025,0.025,-1,Echolocation,/mnt/ubna_data_02_mir/recover-20221013/UBNA_001/20221012_030000.WAV,Telephone Field,recover-20221013,001,1795
27.2875,27.3243,68437,81957,Rhinolophus ferrumequinum,0.023,0.023,-1,Echolocation,/mnt/ubna_data_02_mir/recover-20221013/UBNA_001/20221012_030000.WAV,Telephone Field,recover-20221013,001,1795
27.3225,27.3587,68437,81809,Rhinolophus ferrumequinum,0.022,0.022,-1,Echolocation,/mnt/ubna_data_02_mir/recover-20221013/UBNA_001/20221012_030000.WAV,Telephone Field,recover-20221013,001,1795
27.3385,27.3764,68437,81885,Rhinolophus ferrumequinum,0.023,0.023,-1,Echolocation,/mnt/ubna_data_02_mir/recover-20221013/UBNA_001/20221012_030000.WAV,Telephone Field,recover-20221013,001,1795
27.3455,27.3549,28906,38854,Eptesicus serotinus,0.009,0.022,-1,Echolocation,/mnt/ubna_data_02_mir/recover-20221013/UBNA_001/20221012_030000.WAV,Telephone Field,recover-20221013,001,1795
27.3665,27.376,28046,37811,Eptesicus serotinus,0.011,0.026,-1,Echolocation,/mnt/ubna_data_02_mir/recover-20221013/UBNA_001/20221012_030000.WAV,Telephone Field,recover-20221013,001,1795
27.3675,27.4077,68437,82271,Rhinolophus ferrumequinum,0.022,0.022,-1,Echolocation,/mnt/ubna_data_02_mir/recover-20221013/UBNA_001/20221012_030000.WAV,Telephone Field,recover-20221013,001,1795
27.3885,27.4289,68437,82481,Rhinolophus ferrumequinum,0.021,0.021,-1,Echolocation,/mnt/ubna_data_02_mir/recover-20221013/UBNA_001/20221012_030000.WAV,Telephone Field,recover-20221013,001,1795
27.4155,27.4267,27187,34114,Eptesicus serotinus,0.014,0.028,-1,Echolocation,/mnt/ubna_data_02_mir/recover-20221013/UBNA_001/20221012_030000.WAV,Telephone Field,recover-20221013,001,1795
27.4775,27.4963,19453,22838,Nyctalus leisleri,0.012,0.027,-1,Echolocation,/mnt/ubna_data_02_mir/recover-20221013/UBNA_001/20221012_030000.WAV,Telephone Field,recover-20221013,001,1795
27.4785,27.5172,68437,82385,Rhinolophus ferrumequinum,0.022,0.022,-1,Echolocation,/mnt/ubna_data_02_mir/recover-20221013/UBNA_001/20221012_030000.WAV,Telephone Field,recover-20221013,001,1795
27.5035,27.5461,68437,82712,Rhinolophus ferrumequinum,0.023,0.023,-1,Echolocation,/mnt/ubna_data_02_mir/recover-20221013/UBNA_001/20221012_030000.WAV,Telephone Field,recover-20221013,001,1795
27.5085,27.5152,24609,35949,Plecotus austriacus,0.007,0.024,-1,Echolocation,/mnt/ubna_data_02_mir/recover-20221013/UBNA_001/20221012_030000.WAV,Telephone Field,recover-20221013,001,1795
27.5155,27.5473,68437,80402,Rhinolophus ferrumequinum,0.023,0.023,-1,Echolocation,/mnt/ubna_data_02_mir/recover-20221013/UBNA_001/20221012_030000.WAV,Telephone Field,recover-20221013,001,1795
27.5605,27.5702,32343,40557,Myotis daubentonii,0.006,0.023,-1,Echolocation,/mnt/ubna_data_02_mir/recover-20221013/UBNA_001/20221012_030000.WAV,Telephone Field,recover-20221013,001,1795
27.5675,27.6028,68437,82069,Rhinolophus ferrumequinum,0.022,0.022,-1,Echolocation,/mnt/ubna_data_02_mir/recover-20221013/UBNA_001/20221012_030000.WAV,Telephone Field,recover-20221013,001,1795
27.5755,27.6111,68437,81587,Rhinolophus ferrumequinum,0.021,0.021,-1,Echolocation,/mnt/ubna_data_02_mir/recover-20221013/UBNA_001/20221012_030000.WAV,Telephone Field,recover-20221013,001,1795
27.6075,27.647,68437,83166,Rhinolophus ferrumequinum,0.027,0.027,-1,Echolocation,/mnt/ubna_data_02_mir/recover-20221013/UBNA_001/20221012_030000.WAV,Telephone Field,recover-20221013,001,1795
27.6555,27.6953,68437,82527,Rhinolophus ferrumequinum,0.026,0.027,-1,Echolocation,/mnt/ubna_data_02_mir/recover-20221013/UBNA_001/20221012_030000.WAV,Telephone Field,recover-20221013,001,1795
27.6715,27.6798,28906,39153,Eptesicus serotinus,0.009,0.025,-1,Echolocation,/mnt/ubna_data_02_mir/recover-20221013/UBNA_001/20221012_030000.WAV,Telephone Field,recover-20221013,001,1795
27.6885,27.7311,68437,82910,Rhinolophus ferrumequinum,0.03,0.03,-1,Echolocation,/mnt/ubna_data_02_mir/recover-20221013/UBNA_001/20221012_030000.WAV,Telephone Field,recover-20221013,001,1795
27.7265,27.7622,68437,81226,Rhinolophus ferrumequinum,0.023,0.023,-1,Echolocation,/mnt/ubna_data_02_mir/recover-20221013/UBNA_001/20221012_030000.WAV,Telephone Field,recover-20221013,001,1795
27.7365,27.7428,25468,39316,Myotis nattereri,0.007,0.024,-1,Echolocation,/mnt/ubna_data_02_mir/recover-20221013/UBNA_001/20221012_030000.WAV,Telephone Field,recover-20221013,001,1795
27.7365,27.7418,32343,46515,Myotis daubentonii,0.01,0.023,-1,Echolocation,/mnt/ubna_data_02_mir/recover-20221013/UBNA_001/20221012_030000.WAV,Telephone Field,recover-20221013,001,1795
27.7415,27.7772,68437,81698,Rhinolophus ferrumequinum,0.022,0.022,-1,Echolocation,/mnt/ubna_data_02_mir/recover-20221013/UBNA_001/20221012_030000.WAV,Telephone Field,recover-20221013,001,1795
27.7495,27.7883,68437,82010,Rhinolophus ferrumequinum,0.021,0.021,-1,Echolocation,/mnt/ubna_data_02_mir/recover-20221013/UBNA_001/20221012_030000.WAV,Telephone Field,recover-20221013,001,1795
27.7705,27.8074,68437,81303,Rhinolophus ferrumequinum,0.022,0.022,-1,Echolocation,/mnt/ubna_data_02_mir/recover-20221013/UBNA_001/20221012_030000.WAV,Telephone Field,recover-20221013,001,1795
27.8225,27.8625,68437,82414,Rhinolophus ferrumequinum,0.022,0.022,-1,Echolocation,/mnt/ubna_data_02_mir/recover-20221013/UBNA_001/20221012_030000.WAV,Telephone Field,recover-20221013,001,1795
27.8325,27.8735,68437,82768,Rhinolophus ferrumequinum,0.022,0.022,-1,Echolocation,/mnt/ubna_data_02_mir/recover-20221013/UBNA_001/20221012_030000.WAV,Telephone Field,recover-20221013,001,1795
27.8335,27.8422,28046,39830,Eptesicus serotinus,0.008,0.022,-1,Echolocation,/mnt/ubna_data_02_mir/recover-20221013/UBNA_001/20221012_030000.WAV,Telephone Field,recover-20221013,001,1795
27.8415,27.8818,68437,82570,Rhinolophus ferrumequinum,0.021,0.021,-1,Echolocation,/mnt/ubna_data_02_mir/recover-20221013/UBNA_001/20221012_030000.WAV,Telephone Field,recover-20221013,001,1795
27.8805,27.9211,68437,83028,Rhinolophus ferrumequinum,0.026,0.026,-1,Echolocation,/mnt/ubna_data_02_mir/recover-20221013/UBNA_001/20221012_030000.WAV,Telephone Field,recover-20221013,001,1795
27.8845,27.892,28046,38175,Eptesicus serotinus,0.007,0.022,-1,Echolocation,/mnt/ubna_data_02_mir/recover-20221013/UBNA_001/20221012_030000.WAV,Telephone Field,recover-20221013,001,1795
27.9105,27.9456,68437,81040,Rhinolophus ferrumequinum,0.021,0.021,-1,Echolocation,/mnt/ubna_data_02_mir/recover-20221013/UBNA_001/20221012_030000.WAV,Telephone Field,recover-20221013,001,1795
27.9335,27.9719,68437,81985,Rhinolophus ferrumequinum,0.025,0.025,-1,Echolocation,/mnt/ubna_data_02_mir/recover-20221013/UBNA_001/20221012_030000.WAV,Telephone Field,recover-20221013,001,1795
27.9475,27.9549,26328,35343,Eptesicus serotinus,0.008,0.023,-1,Echolocation,/mnt/ubna_data_02_mir/recover-20221013/UBNA_001/20221012_030000.WAV,Telephone Field,recover-20221013,001,1795
27.9565,27.9966,68437,82847,Rhinolophus ferrumequinum,0.025,0.025,-1,Echolocation,/mnt/ubna_data_02_mir/recover-20221013/UBNA_001/20221012_030000.WAV,Telephone Field,recover-20221013,001,1795
28.0015,28.0106,22890,30525,Nyctalus leisleri,0.011,0.03,-1,Echolocation,/mnt/ubna_data_02_mir/recover-20221013/UBNA_001/20221012_030000.WAV,Telephone Field,recover-20221013,001,1795
28.0015,28.0351,68437,80921,Rhinolophus ferrumequinum,0.037,0.037,-1,Echolocation,/mnt/ubna_data_02_mir/recover-20221013/UBNA_001/20221012_030000.WAV,Telephone Field,recover-20221013,001,1795
28.0125,28.0559,68437,83204,Rhinolophus ferrumequinum,0.028,0.028,-1,Echolocation,/mnt/ubna_data_02_mir/recover-20221013/UBNA_001/20221012_030000.WAV,Telephone Field,recover-20221013,001,1795
28.0205,28.0308,47812,51675,Pipistrellus pipistrellus,0.018,0.023,-1,Echolocation,/mnt/ubna_data_02_mir/recover-20221013/UBNA_001/20221012_030000.WAV,Telephone Field,recover-20221013,001,1795
28.0485,28.0884,68437,82476,Rhinolophus ferrumequinum,0.023,0.023,-1,Echolocation,/mnt/ubna_data_02_mir/recover-20221013/UBNA_001/20221012_030000.WAV,Telephone Field,recover-20221013,001,1795
28.0665,28.0766,21171,26259,Nyctalus leisleri,0.008,0.022,-1,Echolocation,/mnt/ubna_data_02_mir/recover-20221013/UBNA_001/20221012_030000.WAV,Telephone Field,recover-20221013,001,1795
28.0885,28.1001,22031,26503,Nyctalus leisleri,0.015,0.028,-1,Echolocation,/mnt/ubna_data_02_mir/recover-20221013/UBNA_001/20221012_030000.WAV,Telephone Field,recover-20221013,001,1795
28.1105,28.1501,68437,82546,Rhinolophus ferrumequinum,0.022,0.022,-1,Echolocation,/mnt/ubna_data_02_mir/recover-20221013/UBNA_001/20221012_030000.WAV,Telephone Field,recover-20221013,001,1795
28.1855,28.2221,68437,82510,Rhinolophus ferrumequinum,0.026,0.026,-1,Echolocation,/mnt/ubna_data_02_mir/recover-20221013/UBNA_001/20221012_030000.WAV,Telephone Field,recover-20221013,001,1795
28.1935,28.2338,68437,82741,Rhinolophus ferrumequinum,0.023,0.023,-1,Echolocation,/mnt/ubna_data_02_mir/recover-20221013/UBNA_001/20221012_030000.WAV,Telephone Field,recover-20221013,001,1795
28.2315,28.2677,68437,81756,Rhinolophus ferrumequinum,0.023,0.023,-1,Echolocation,/mnt/ubna_data_02_mir/recover-20221013/UBNA_001/20221012_030000.WAV,Telephone Field,recover-20221013,001,1795
28.2435,28.2518,28046,38554,Eptesicus serotinus,0.008,0.023,-1,Echolocation,/mnt/ubna_data_02_mir/recover-20221013/UBNA_001/20221012_030000.WAV,Telephone Field,recover-20221013,001,1795
28.2575,28.2953,68437,81218,Rhinolophus ferrumequinum,0.022,0.022,-1,Echolocation,/mnt/ubna_data_02_mir/recover-20221013/UBNA_001/20221012_030000.WAV,Telephone Field,recover-20221013,001,1795
28.2725,28.3108,68437,82482,Rhinolophus ferrumequinum,0.022,0.022,-1,Echolocation,/mnt/ubna_data_02_mir/recover-20221013/UBNA_001/20221012_030000.WAV,Telephone Field,recover-20221013,001,1795
28.2845,28.3262,68437,82577,Rhinolophus ferrumequinum,0.036,0.036,-1,Echolocation,/mnt/ubna_data_02_mir/recover-20221013/UBNA_001/20221012_030000.WAV,Telephone Field,recover-20221013,001,1795
28.3085,28.3503,68437,82813,Rhinolophus ferrumequinum,0.025,0.025,-1,Echolocation,/mnt/ubna_data_02_mir/recover-20221013/UBNA_001/20221012_030000.WAV,Telephone Field,recover-20221013,001,1795
28.3395,28.3465,22890,30886,Plecotus austriacus,0.01,0.023,-1,Echolocation,/mnt/ubna_data_02_mir/recover-20221013/UBNA_001/20221012_030000.WAV,Telephone Field,recover-20221013,001,1795
28.3475,28.3797,68437,80611,Rhinolophus ferrumequinum,0.022,0.023,-1,Echolocation,/mnt/ubna_data_02_mir/recover-20221013/UBNA_001/20221012_030000.WAV,Telephone Field,recover-20221013,001,1795
28.3875,28.3946,28046,38553,Eptesicus serotinus,0.007,0.025,-1,Echolocation,/mnt/ubna_data_02_mir/recover-20221013/UBNA_001/20221012_030000.WAV,Telephone Field,recover-20221013,001,1795
28.4055,28.4133,51250,57082,Pipistrellus pipistrellus,0.019,0.022,-1,Echolocation,/mnt/ubna_data_02_mir/recover-20221013/UBNA_001/20221012_030000.WAV,Telephone Field,recover-20221013,001,1795
28.4245,28.433,37500,42017,Barbastellus barbastellus,0.012,0.023,-1,Echolocation,/mnt/ubna_data_02_mir/recover-20221013/UBNA_001/20221012_030000.WAV,Telephone Field,recover-20221013,001,1795
28.4325,28.4714,68437,82431,Rhinolophus ferrumequinum,0.022,0.022,-1,Echolocation,/mnt/ubna_data_02_mir/recover-20221013/UBNA_001/20221012_030000.WAV,Telephone Field,recover-20221013,001,1795
28.4585,28.4996,68437,82706,Rhinolophus ferrumequinum,0.026,0.026,-1,Echolocation,/mnt/ubna_data_02_mir/recover-20221013/UBNA_001/20221012_030000.WAV,Telephone Field,recover-20221013,001,1795
28.4825,28.5253,68437,82971,Rhinolophus ferrumequinum,0.031,0.031,-1,Echolocation,/mnt/ubna_data_02_mir/recover-20221013/UBNA_001/20221012_030000.WAV,Telephone Field,recover-20221013,001,1795
28.6105,28.6471,68437,81657,Rhinolophus ferrumequinum,0.022,0.022,-1,Echolocation,/mnt/ubna_data_02_mir/recover-20221013/UBNA_001/20221012_030000.WAV,Telephone Field,recover-20221013,001,1795
28.6245,28.6316,27187,39921,Eptesicus serotinus,0.007,0.021,-1,Echolocation,/mnt/ubna_data_02_mir/recover-20221013/UBNA_001/20221012_030000.WAV,Telephone Field,recover-20221013,001,1795
28.6295,28.6685,68437,83156,Rhinolophus ferrumequinum,0.024,0.024,-1,Echolocation,/mnt/ubna_data_02_mir/recover-20221013/UBNA_001/20221012_030000.WAV,Telephone Field,recover-20221013,001,1795
28.6635,28.6791,30625,37316,Eptesicus serotinus,0.021,0.038,-1,Echolocation,/mnt/ubna_data_02_mir/recover-20221013/UBNA_001/20221012_030000.WAV,Telephone Field,recover-20221013,001,1795
28.6825,28.7185,68437,81413,Rhinolophus ferrumequinum,0.023,0.023,-1,Echolocation,/mnt/ubna_data_02_mir/recover-20221013/UBNA_001/20221012_030000.WAV,Telephone Field,recover-20221013,001,1795
28.6895,28.6971,28046,39754,Eptesicus serotinus,0.007,0.022,-1,Echolocation,/mnt/ubna_data_02_mir/recover-20221013/UBNA_001/20221012_030000.WAV,Telephone Field,recover-20221013,001,1795
28.6925,28.7273,68437,81504,Rhinolophus ferrumequinum,0.023,0.024,-1,Echolocation,/mnt/ubna_data_02_mir/recover-20221013/UBNA_001/20221012_030000.WAV,Telephone Field,recover-20221013,001,1795
28.7155,28.753,68437,82144,Rhinolophus ferrumequinum,0.022,0.022,-1,Echolocation,/mnt/ubna_data_02_mir/recover-20221013/UBNA_001/20221012_030000.WAV,Telephone Field,recover-20221013,001,1795
28.7415,28.7486,27187,41054,Eptesicus serotinus,0.006,0.021,-1,Echolocation,/mnt/ubna_data_02_mir/recover-20221013/UBNA_001/20221012_030000.WAV,Telephone Field,recover-20221013,001,1795
28.7595,28.7659,27187,41251,Eptesicus serotinus,0.006,0.023,-1,Echolocation,/mnt/ubna_data_02_mir/recover-20221013/UBNA_001/20221012_030000.WAV,Telephone Field,recover-20221013,001,1795
28.7595,28.7655,32343,43305,Myotis daubentonii,0.01,0.022,-1,Echolocation,/mnt/ubna_data_02_mir/recover-20221013/UBNA_001/20221012_030000.WAV,Telephone Field,recover-20221013,001,1795
28.7875,28.8278,68437,82792,Rhinolophus ferrumequinum,0.025,0.025,-1,Echolocation,/mnt/ubna_data_02_mir/recover-20221013/UBNA_001/20221012_030000.WAV,Telephone Field,recover-20221013,001,1795
28.7915,28.8,23750,31254,Plecotus austriacus,0.007,0.022,-1,Echolocation,/mnt/ubna_data_02_mir/recover-20221013/UBNA_001/20221012_030000.WAV,Telephone Field,recover-20221013,001,1795
28.8495,28.8906,68437,82435,Rhinolophus ferrumequinum,0.022,0.022,-1,Echolocation,/mnt/ubna_data_02_mir/recover-20221013/UBNA_001/20221012_030000.WAV,Telephone Field,recover-20221013,001,1795
28.8525,28.8624,27187,35722,Eptesicus serotinus,0.014,0.028,-1,Echolocation,/mnt/ubna_data_02_mir/recover-20221013/UBNA_001/20221012_030000.WAV,Telephone Field,recover-20221013,001,1795
28.8805,28.8882,25468,35992,Eptesicus serotinus,0.007,0.022,-1,Echolocation,/mnt/ubna_data_02_mir/recover-20221013/UBNA_001/20221012_030000.WAV,Telephone Field,recover-20221013,001,1795
28.9595,29.0021,68437,82711,Rhinolophus ferrumequinum,0.024,0.024,-1,Echolocation,/mnt/ubna_data_02_mir/recover-20221013/UBNA_001/20221012_030000.WAV,Telephone Field,recover-20221013,001,1795
28.9595,28.9689,44375,52906,Pipistrellus pipistrellus,0.016,0.023,-1,Echolocation,/mnt/ubna_data_02_mir/recover-20221013/UBNA_001/20221012_030000.WAV,Telephone Field,recover-20221013,001,1795
28.9665,28.9738,28046,39355,Eptesicus serotinus,0.009,0.024,-1,Echolocation,/mnt/ubna_data_02_mir/recover-20221013/UBNA_001/20221012_030000.WAV,Telephone Field,recover-20221013,001,1795
28.9845,29.0224,68437,82644,Rhinolophus ferrumequinum,0.023,0.023,-1,Echolocation,/mnt/ubna_data_02_mir/recover-20221013/UBNA_001/20221012_030000.WAV,Telephone Field,recover-20221013,001,1795
28.9965,29.034,68437,81790,Rhinolophus ferrumequinum,0.022,0.022,-1,Echolocation,/mnt/ubna_data_02_mir/recover-20221013/UBNA_001/20221012_030000.WAV,Telephone Field,recover-20221013,001,1795
29.0595,29.0963,68437,81716,Rhinolophus ferrumequinum,0.024,0.024,-1,Echolocation,/mnt/ubna_data_02_mir/recover-20221013/UBNA_001/20221012_030000.WAV,Telephone Field,recover-20221013,001,1795
29.0835,29.1229,68437,83041,Rhinolophus ferrumequinum,0.024,0.024,-1,Echolocation,/mnt/ubna_data_02_mir/recover-20221013/UBNA_001/20221012_030000.WAV,Telephone Field,recover-20221013,001,1795
29.1195,29.1556,68437,81717,Rhinolophus ferrumequinum,0.022,0.022,-1,Echolocation,/mnt/ubna_data_02_mir/recover-20221013/UBNA_001/20221012_030000.WAV,Telephone Field,recover-20221013,001,1795
29.1345,29.1429,28046,40723,Eptesicus serotinus,0.008,0.022,-1,Echolocation,/mnt/ubna_data_02_mir/recover-20221013/UBNA_001/20221012_030000.WAV,Telephone Field,recover-20221013,001,1795
29.1715,29.2099,68437,82328,Rhinolophus ferrumequinum,0.022,0.022,-1,Echolocation,/mnt/ubna_data_02_mir/recover-20221013/UBNA_001/20221012_030000.WAV,Telephone Field,recover-20221013,001,1795
29.2015,29.2401,68437,82510,Rhinolophus ferrumequinum,0.023,0.023,-1,Echolocation,/mnt/ubna_data_02_mir/recover-20221013/UBNA_001/20221012_030000.WAV,Telephone Field,recover-20221013,001,1795
29.2085,29.2193,26328,33816,Eptesicus serotinus,0.01,0.022,-1,Echolocation,/mnt/ubna_data_02_mir/recover-20221013/UBNA_001/20221012_030000.WAV,Telephone Field,recover-20221013,001,1795
29.2385,29.2783,68437,82728,Rhinolophus ferrumequinum,0.027,0.027,-1,Echolocation,/mnt/ubna_data_02_mir/recover-20221013/UBNA_001/20221012_030000.WAV,Telephone Field,recover-20221013,001,1795
29.3175,29.3287,24609,30859,Eptesicus serotinus,0.009,0.023,-1,Echolocation,/mnt/ubna_data_02_mir/recover-20221013/UBNA_001/20221012_030000.WAV,Telephone Field,recover-20221013,001,1795
29.3455,29.3847,68437,82294,Rhinolophus ferrumequinum,0.027,0.027,-1,Echolocation,/mnt/ubna_data_02_mir/recover-20221013/UBNA_001/20221012_030000.WAV,Telephone Field,recover-20221013,001,1795
29.3845,29.3923,27187,38402,Eptesicus serotinus,0.007,0.023,-1,Echolocation,/mnt/ubna_data_02_mir/recover-20221013/UBNA_001/20221012_030000.WAV,Telephone Field,recover-20221013,001,1795
29.3945,29.4025,28046,38147,Eptesicus serotinus,0.007,0.023,-1,Echolocation,/mnt/ubna_data_02_mir/recover-20221013/UBNA_001/20221012_030000.WAV,Telephone Field,recover-20221013,001,1795
29.3975,29.4334,68437,81954,Rhinolophus ferrumequinum,0.022,0.022,-1,Echolocation,/mnt/ubna_data_02_mir/recover-20221013/UBNA_001/20221012_030000.WAV,Telephone Field,recover-20221013,001,1795
29.4245,29.4619,68437,81134,Rhinolophus ferrumequinum,0.024,0.024,-1,Echolocation,/mnt/ubna_data_02_mir/recover-20221013/UBNA_001/20221012_030000.WAV,Telephone Field,recover-20221013,001,1795
29.4325,29.4734,68437,82591,Rhinolophus ferrumequinum,0.024,0.024,-1,Echolocation,/mnt/ubna_data_02_mir/recover-20221013/UBNA_001/20221012_030000.WAV,Telephone Field,recover-20221013,001,1795
29.4325,29.4418,22890,30381,Plecotus austriacus,0.007,0.022,-1,Echolocation,/mnt/ubna_data_02_mir/recover-20221013/UBNA_001/20221012_030000.WAV,Telephone Field,recover-20221013,001,1795
29.5035,29.538,68437,81833,Rhinolophus ferrumequinum,0.022,0.022,-1,Echolocation,/mnt/ubna_data_02_mir/recover-20221013/UBNA_001/20221012_030000.WAV,Telephone Field,recover-20221013,001,1795
29.5115,29.549,68437,81787,Rhinolophus ferrumequinum,0.022,0.023,-1,Echolocation,/mnt/ubna_data_02_mir/recover-20221013/UBNA_001/20221012_030000.WAV,Telephone Field,recover-20221013,001,1795
29.5125,29.5179,25468,40257,Plecotus auritus,0.024,0.055,-1,Echolocation,/mnt/ubna_data_02_mir/recover-20221013/UBNA_001/20221012_030000.WAV,Telephone Field,recover-20221013,001,1795
29.5385,29.5769,68437,82509,Rhinolophus ferrumequinum,0.022,0.022,-1,Echolocation,/mnt/ubna_data_02_mir/recover-20221013/UBNA_001/20221012_030000.WAV,Telephone Field,recover-20221013,001,1795
29.5405,29.5476,27187,43385,Eptesicus serotinus,0.008,0.023,-1,Echolocation,/mnt/ubna_data_02_mir/recover-20221013/UBNA_001/20221012_030000.WAV,Telephone Field,recover-20221013,001,1795
29.6075,29.6178,22031,27804,Nyctalus leisleri,0.009,0.023,-1,Echolocation,/mnt/ubna_data_02_mir/recover-20221013/UBNA_001/20221012_030000.WAV,Telephone Field,recover-20221013,001,1795
29.7065,29.7477,68437,82139,Rhinolophus ferrumequinum,0.023,0.023,-1,Echolocation,/mnt/ubna_data_02_mir/recover-20221013/UBNA_001/20221012_030000.WAV,Telephone Field,recover-20221013,001,1795
29.7135,29.7524,68437,82366,Rhinolophus ferrumequinum,0.024,0.024,-1,Echolocation,/mnt/ubna_data_02_mir/recover-20221013/UBNA_001/20221012_030000.WAV,Telephone Field,recover-20221013,001,1795
29.7605,29.7968,68437,81144,Rhinolophus ferrumequinum,0.021,0.021,-1,Echolocation,/mnt/ubna_data_02_mir/recover-20221013/UBNA_001/20221012_030000.WAV,Telephone Field,recover-20221013,001,1795
29.8405,29.8745,68437,81584,Rhinolophus ferrumequinum,0.023,0.023,-1,Echolocation,/mnt/ubna_data_02_mir/recover-20221013/UBNA_001/20221012_030000.WAV,Telephone Field,recover-20221013,001,1795
29.8525,29.8607,25468,34494,Eptesicus serotinus,0.01,0.026,-1,Echolocation,/mnt/ubna_data_02_mir/recover-20221013/UBNA_001/20221012_030000.WAV,Telephone Field,recover-20221013,001,1795
29.8885,29.9278,68437,82005,Rhinolophus ferrumequinum,0.021,0.022,-1,Echolocation,/mnt/ubna_data_02_mir/recover-20221013/UBNA_001/20221012_030000.WAV,Telephone Field,recover-20221013,001,1795
29.9105,29.9501,68437,83422,Rhinolophus ferrumequinum,0.025,0.026,-1,Echolocation,/mnt/ubna_data_02_mir/recover-20221013/UBNA_001/20221012_030000.WAV,Telephone Field,recover-20221013,001,1795
29.9235,29.9298,23750,37536,Plecotus austriacus,0.022,0.045,-1,Echolocation,/mnt/ubna_data_02_mir/recover-20221013/UBNA_001/20221012_030000.WAV,Telephone Field,recover-20221013,001,1795
29.9345,29.9724,68437,82064,Rhinolophus ferrumequinum,0.021,0.021,-1,Echolocation,/mnt/ubna_data_02_mir/recover-20221013/UBNA_001/20221012_030000.WAV,Telephone Field,recover-20221013,001,1795
29.9425,29.951,22890,30590,Plecotus austriacus,0.01,0.025,-1,Echolocation,/mnt/ubna_data_02_mir/recover-20221013/UBNA_001/20221012_030000.WAV,Telephone Field,recover-20221013,001,1795
29.9515,29.9632,51250,54860,Pipistrellus pipistrellus,0.013,0.024,-1,Echolocation,/mnt/ubna_data_02_mir/recover-20221013/UBNA_001/20221012_030000.WAV,Telephone Field,recover-20221013,001,1795
29.9575,29.9953,68437,82477,Rhinolophus ferrumequinum,0.022,0.022,-1,Echolocation,/mnt/ubna_data_02_mir/recover-20221013/UBNA_001/20221012_030000.WAV,Telephone Field,recover-20221013,001,1795
29.9855,29.997,22890,28782,Nyctalus leisleri,0.011,0.025,-1,Echolocation,/mnt/ubna_data_02_mir/recover-20221013/UBNA_001/20221012_030000.WAV,Telephone Field,recover-20221013,001,1795
30.0015,30.0119,25468,33472,Nyctalus leisleri,0.014,0.033,-1,Echolocation,/mnt/ubna_data_02_mir/recover-20221013/UBNA_001/20221012_030000.WAV,Telephone Field,recover-20221013,001,1795
30.0015,30.0336,69296,81141,Rhinolophus ferrumequinum,0.034,0.034,-1,Echolocation,/mnt/ubna_data_02_mir/recover-20221013/UBNA_001/20221012_030000.WAV,Telephone Field,recover-20221013,001,1795
30.0545,30.0683,15156,21059,Nyctalus noctula,0.015,0.024,-1,Echolocation,/mnt/ubna_data_02_mir/recover-20221013/UBNA_001/20221012_030000.WAV,Telephone Field,recover-20221013,001,1795
30.0595,30.0662,27187,42594,Eptesicus serotinus,0.007,0.026,-1,Echolocation,/mnt/ubna_data_02_mir/recover-20221013/UBNA_001/20221012_030000.WAV,Telephone Field,recover-20221013,001,1795
30.0835,30.124,68437,82827,Rhinolophus ferrumequinum,0.026,0.026,-1,Echolocation,/mnt/ubna_data_02_mir/recover-20221013/UBNA_001/20221012_030000.WAV,Telephone Field,recover-20221013,001,1795
30.0935,30.1322,68437,82438,Rhinolophus ferrumequinum,0.024,0.024,-1,Echolocation,/mnt/ubna_data_02_mir/recover-20221013/UBNA_001/20221012_030000.WAV,Telephone Field,recover-20221013,001,1795
30.0995,30.1062,27187,40453,Eptesicus serotinus,0.006,0.021,-1,Echolocation,/mnt/ubna_data_02_mir/recover-20221013/UBNA_001/20221012_030000.WAV,Telephone Field,recover-20221013,001,1795
30.1115,30.1509,68437,81697,Rhinolophus ferrumequinum,0.023,0.023,-1,Echolocation,/mnt/ubna_data_02_mir/recover-20221013/UBNA_001/20221012_030000.WAV,Telephone Field,recover-20221013,001,1795
30.1145,30.1255,22890,28446,Nyctalus leisleri,0.01,0.022,-1,Echolocation,/mnt/ubna_data_02_mir/recover-20221013/UBNA_001/20221012_030000.WAV,Telephone Field,recover-20221013,001,1795
30.1255,30.1337,25468,33714,Eptesicus serotinus,0.007,0.021,-1,Echolocation,/mnt/ubna_data_02_mir/recover-20221013/UBNA_001/20221012_030000.WAV,Telephone Field,recover-20221013,001,1795
30.1345,30.171,68437,81222,Rhinolophus ferrumequinum,0.021,0.021,-1,Echolocation,/mnt/ubna_data_02_mir/recover-20221013/UBNA_001/20221012_030000.WAV,Telephone Field,recover-20221013,001,1795
30.1445,30.1522,27187,40297,Eptesicus serotinus,0.007,0.02,-1,Echolocation,/mnt/ubna_data_02_mir/recover-20221013/UBNA_001/20221012_030000.WAV,Telephone Field,recover-20221013,001,1795
30.1535,30.1969,68437,83022,Rhinolophus ferrumequinum,0.025,0.025,-1,Echolocation,/mnt/ubna_data_02_mir/recover-20221013/UBNA_001/20221012_030000.WAV,Telephone Field,recover-20221013,001,1795
30.1665,30.1767,28906,35209,Eptesicus serotinus,0.008,0.021,-1,Echolocation,/mnt/ubna_data_02_mir/recover-20221013/UBNA_001/20221012_030000.WAV,Telephone Field,recover-20221013,001,1795
30.1675,30.2065,68437,82745,Rhinolophus ferrumequinum,0.021,0.021,-1,Echolocation,/mnt/ubna_data_02_mir/recover-20221013/UBNA_001/20221012_030000.WAV,Telephone Field,recover-20221013,001,1795
30.1805,30.1919,35781,41214,Pipistrellus nathusii,0.012,0.021,-1,Echolocation,/mnt/ubna_data_02_mir/recover-20221013/UBNA_001/20221012_030000.WAV,Telephone Field,recover-20221013,001,1795
30.2105,30.2208,22890,28172,Nyctalus leisleri,0.009,0.021,-1,Echolocation,/mnt/ubna_data_02_mir/recover-20221013/UBNA_001/20221012_030000.WAV,Telephone Field,recover-20221013,001,1795
30.2115,30.2507,68437,81720,Rhinolophus ferrumequinum,0.021,0.021,-1,Echolocation,/mnt/ubna_data_02_mir/recover-20221013/UBNA_001/20221012_030000.WAV,Telephone Field,recover-20221013,001,1795
30.2335,30.2749,68437,82686,Rhinolophus ferrumequinum,0.037,0.037,-1,Echolocation,/mnt/ubna_data_02_mir/recover-20221013/UBNA_001/20221012_030000.WAV,Telephone Field,recover-20221013,001,1795
30.2645,30.3076,68437,83126,Rhinolophus ferrumequinum,0.025,0.025,-1,Echolocation,/mnt/ubna_data_02_mir/recover-20221013/UBNA_001/20221012_030000.WAV,Telephone Field,recover-20221013,001,1795
30.2675,30.2827,22031,26383,Nyctalus leisleri,0.016,0.03,-1,Echolocation,/mnt/ubna_data_02_mir/recover-20221013/UBNA_001/20221012_030000.WAV,Telephone Field,recover-20221013,001,1795
30.2985,30.3358,68437,81335,Rhinolophus ferrumequinum,0.022,0.022,-1,Echolocation,/mnt/ubna_data_02_mir/recover-20221013/UBNA_001/20221012_030000.WAV,Telephone Field,recover-20221013,001,1795
30.3115,30.351,68437,82990,Rhinolophus ferrumequinum,0.028,0.028,-1,Echolocation,/mnt/ubna_data_02_mir/recover-20221013/UBNA_001/20221012_030000.WAV,Telephone Field,recover-20221013,001,1795
30.3115,30.3215,22890,27931,Nyctalus leisleri,0.009,0.02,-1,Echolocation,/mnt/ubna_data_02_mir/recover-20221013/UBNA_001/20221012_030000.WAV,Telephone Field,recover-20221013,001,1795
30.3345,30.373,68437,82039,Rhinolophus ferrumequinum,0.023,0.023,-1,Echolocation,/mnt/ubna_data_02_mir/recover-20221013/UBNA_001/20221012_030000.WAV,Telephone Field,recover-20221013,001,1795
30.3585,30.3962,68437,82079,Rhinolophus ferrumequinum,0.024,0.024,-1,Echolocation,/mnt/ubna_data_02_mir/recover-20221013/UBNA_001/20221012_030000.WAV,Telephone Field,recover-20221013,001,1795
30.3705,30.4086,68437,82347,Rhinolophus ferrumequinum,0.021,0.022,-1,Echolocation,/mnt/ubna_data_02_mir/recover-20221013/UBNA_001/20221012_030000.WAV,Telephone Field,recover-20221013,001,1795
30.4005,30.4095,28906,37516,Eptesicus serotinus,0.008,0.022,-1,Echolocation,/mnt/ubna_data_02_mir/recover-20221013/UBNA_001/20221012_030000.WAV,Telephone Field,recover-20221013,001,1795
30.4125,30.451,68437,81900,Rhinolophus ferrumequinum,0.022,0.022,-1,Echolocation,/mnt/ubna_data_02_mir/recover-20221013/UBNA_001/20221012_030000.WAV,Telephone Field,recover-20221013,001,1795
30.4275,30.4409,16015,22033,Nyctalus noctula,0.019,0.028,-1,Echolocation,/mnt/ubna_data_02_mir/recover-20221013/UBNA_001/20221012_030000.WAV,Telephone Field,recover-20221013,001,1795
30.4345,30.4723,68437,82344,Rhinolophus ferrumequinum,0.021,0.021,-1,Echolocation,/mnt/ubna_data_02_mir/recover-20221013/UBNA_001/20221012_030000.WAV,Telephone Field,recover-20221013,001,1795
30.4515,30.496,68437,83560,Rhinolophus ferrumequinum,0.036,0.036,-1,Echolocation,/mnt/ubna_data_02_mir/recover-20221013/UBNA_001/20221012_030000.WAV,Telephone Field,recover-20221013,001,1795
30.4715,30.5102,68437,81938,Rhinolophus ferrumequinum,0.022,0.022,-1,Echolocation,/mnt/ubna_data_02_mir/recover-20221013/UBNA_001/20221012_030000.WAV,Telephone Field,recover-20221013,001,1795
30.4805,30.5148,68437,80895,Rhinolophus ferrumequinum,0.02,0.021,-1,Echolocation,/mnt/ubna_data_02_mir/recover-20221013/UBNA_001/20221012_030000.WAV,Telephone Field,recover-20221013,001,1795
30.4945,30.5062,22890,27248,Nyctalus leisleri,0.011,0.021,-1,Echolocation,/mnt/ubna_data_02_mir/recover-20221013/UBNA_001/20221012_030000.WAV,Telephone Field,recover-20221013,001,1795
30.5275,30.535,25468,34638,Eptesicus serotinus,0.006,0.022,-1,Echolocation,/mnt/ubna_data_02_mir/recover-20221013/UBNA_001/20221012_030000.WAV,Telephone Field,recover-20221013,001,1795
30.5335,30.5733,68437,82620,Rhinolophus ferrumequinum,0.027,0.027,-1,Echolocation,/mnt/ubna_data_02_mir/recover-20221013/UBNA_001/20221012_030000.WAV,Telephone Field,recover-20221013,001,1795
30.5595,30.5995,68437,82365,Rhinolophus ferrumequinum,0.021,0.021,-1,Echolocation,/mnt/ubna_data_02_mir/recover-20221013/UBNA_001/20221012_030000.WAV,Telephone Field,recover-20221013,001,1795
30.5765,30.5863,28906,36801,Eptesicus serotinus,0.01,0.024,-1,Echolocation,/mnt/ubna_data_02_mir/recover-20221013/UBNA_001/20221012_030000.WAV,Telephone Field,recover-20221013,001,1795
30.5795,30.6111,68437,81079,Rhinolophus ferrumequinum,0.022,0.022,-1,Echolocation,/mnt/ubna_data_02_mir/recover-20221013/UBNA_001/20221012_030000.WAV,Telephone Field,recover-20221013,001,1795
30.5875,30.5992,22031,25034,Nyctalus leisleri,0.015,0.024,-1,Echolocation,/mnt/ubna_data_02_mir/recover-20221013/UBNA_001/20221012_030000.WAV,Telephone Field,recover-20221013,001,1795
30.5965,30.635,68437,81801,Rhinolophus ferrumequinum,0.022,0.022,-1,Echolocation,/mnt/ubna_data_02_mir/recover-20221013/UBNA_001/20221012_030000.WAV,Telephone Field,recover-20221013,001,1795
30.6345,30.6547,18593,22391,Nyctalus noctula,0.025,0.04,-1,Echolocation,/mnt/ubna_data_02_mir/recover-20221013/UBNA_001/20221012_030000.WAV,Telephone Field,recover-20221013,001,1795
30.6375,30.6787,68437,82505,Rhinolophus ferrumequinum,0.023,0.023,-1,Echolocation,/mnt/ubna_data_02_mir/recover-20221013/UBNA_001/20221012_030000.WAV,Telephone Field,recover-20221013,001,1795
30.6545,30.6651,22031,26562,Nyctalus leisleri,0.011,0.022,-1,Echolocation,/mnt/ubna_data_02_mir/recover-20221013/UBNA_001/20221012_030000.WAV,Telephone Field,recover-20221013,001,1795
30.6785,30.7187,68437,82257,Rhinolophus ferrumequinum,0.025,0.025,-1,Echolocation,/mnt/ubna_data_02_mir/recover-20221013/UBNA_001/20221012_030000.WAV,Telephone Field,recover-20221013,001,1795
30.7055,30.7422,68437,81006,Rhinolophus ferrumequinum,0.021,0.021,-1,Echolocation,/mnt/ubna_data_02_mir/recover-20221013/UBNA_001/20221012_030000.WAV,Telephone Field,recover-20221013,001,1795
30.7375,30.7779,68437,82673,Rhinolophus ferrumequinum,0.023,0.023,-1,Echolocation,/mnt/ubna_data_02_mir/recover-20221013/UBNA_001/20221012_030000.WAV,Telephone Field,recover-20221013,001,1795
30.7735,30.8113,68437,81459,Rhinolophus ferrumequinum,0.024,0.024,-1,Echolocation,/mnt/ubna_data_02_mir/recover-20221013/UBNA_001/20221012_030000.WAV,Telephone Field,recover-20221013,001,1795
30.7785,30.7889,22890,28068,Nyctalus leisleri,0.01,0.021,-1,Echolocation,/mnt/ubna_data_02_mir/recover-20221013/UBNA_001/20221012_030000.WAV,Telephone Field,recover-20221013,001,1795
30.8045,30.843,68437,82175,Rhinolophus ferrumequinum,0.025,0.025,-1,Echolocation,/mnt/ubna_data_02_mir/recover-20221013/UBNA_001/20221012_030000.WAV,Telephone Field,recover-20221013,001,1795
30.8405,30.8775,68437,81829,Rhinolophus ferrumequinum,0.022,0.022,-1,Echolocation,/mnt/ubna_data_02_mir/recover-20221013/UBNA_001/20221012_030000.WAV,Telephone Field,recover-20221013,001,1795
30.8455,30.853,31484,43686,Myotis daubentonii,0.009,0.028,-1,Echolocation,/mnt/ubna_data_02_mir/recover-20221013/UBNA_001/20221012_030000.WAV,Telephone Field,recover-20221013,001,1795
30.8645,30.9063,68437,82625,Rhinolophus ferrumequinum,0.022,0.022,-1,Echolocation,/mnt/ubna_data_02_mir/recover-20221013/UBNA_001/20221012_030000.WAV,Telephone Field,recover-20221013,001,1795
30.8715,30.9106,68437,82695,Rhinolophus ferrumequinum,0.023,0.023,-1,Echolocation,/mnt/ubna_data_02_mir/recover-20221013/UBNA_001/20221012_030000.WAV,Telephone Field,recover-20221013,001,1795
30.9315,30.9722,68437,82711,Rhinolophus ferrumequinum,0.026,0.026,-1,Echolocation,/mnt/ubna_data_02_mir/recover-20221013/UBNA_001/20221012_030000.WAV,Telephone Field,recover-20221013,001,1795
30.9395,30.9795,68437,82329,Rhinolophus ferrumequinum,0.021,0.021,-1,Echolocation,/mnt/ubna_data_02_mir/recover-20221013/UBNA_001/20221012_030000.WAV,Telephone Field,recover-20221013,001,1795
30.9685,30.9795,28906,36678,Eptesicus serotinus,0.012,0.027,-1,Echolocation,/mnt/ubna_data_02_mir/recover-20221013/UBNA_001/20221012_030000.WAV,Telephone Field,recover-20221013,001,1795
30.9865,31.0269,68437,82703,Rhinolophus ferrumequinum,0.026,0.026,-1,Echolocation,/mnt/ubna_data_02_mir/recover-20221013/UBNA_001/20221012_030000.WAV,Telephone Field,recover-20221013,001,1795
31.0015,31.04,68437,81487,Rhinolophus ferrumequinum,0.021,0.021,-1,Echolocation,/mnt/ubna_data_02_mir/recover-20221013/UBNA_001/20221012_030000.WAV,Telephone Field,recover-20221013,001,1795
31.0165,31.0547,68437,81358,Rhinolophus ferrumequinum,0.021,0.021,-1,Echolocation,/mnt/ubna_data_02_mir/recover-20221013/UBNA_001/20221012_030000.WAV,Telephone Field,recover-20221013,001,1795
31.0195,31.0283,28046,38416,Eptesicus serotinus,0.009,0.022,-1,Echolocation,/mnt/ubna_data_02_mir/recover-20221013/UBNA_001/20221012_030000.WAV,Telephone Field,recover-20221013,001,1795
31.0395,31.0471,28046,39947,Eptesicus serotinus,0.008,0.022,-1,Echolocation,/mnt/ubna_data_02_mir/recover-20221013/UBNA_001/20221012_030000.WAV,Telephone Field,recover-20221013,001,1795
31.0525,31.0954,68437,82683,Rhinolophus ferrumequinum,0.024,0.024,-1,Echolocation,/mnt/ubna_data_02_mir/recover-20221013/UBNA_001/20221012_030000.WAV,Telephone Field,recover-20221013,001,1795
31.0965,31.1071,28906,36228,Eptesicus serotinus,0.009,0.021,-1,Echolocation,/mnt/ubna_data_02_mir/recover-20221013/UBNA_001/20221012_030000.WAV,Telephone Field,recover-20221013,001,1795
31.1065,31.1148,28046,38814,Eptesicus serotinus,0.008,0.022,-1,Echolocation,/mnt/ubna_data_02_mir/recover-20221013/UBNA_001/20221012_030000.WAV,Telephone Field,recover-20221013,001,1795
31.1455,31.1892,68437,83592,Rhinolophus ferrumequinum,0.048,0.048,-1,Echolocation,/mnt/ubna_data_02_mir/recover-20221013/UBNA_001/20221012_030000.WAV,Telephone Field,recover-20221013,001,1795
31.1695,31.2091,68437,81702,Rhinolophus ferrumequinum,0.022,0.022,-1,Echolocation,/mnt/ubna_data_02_mir/recover-20221013/UBNA_001/20221012_030000.WAV,Telephone Field,recover-20221013,001,1795
31.1975,31.2314,68437,80566,Rhinolophus ferrumequinum,0.023,0.023,-1,Echolocation,/mnt/ubna_data_02_mir/recover-20221013/UBNA_001/20221012_030000.WAV,Telephone Field,recover-20221013,001,1795
31.2435,31.2789,68437,81347,Rhinolophus ferrumequinum,0.024,0.024,-1,Echolocation,/mnt/ubna_data_02_mir/recover-20221013/UBNA_001/20221012_030000.WAV,Telephone Field,recover-20221013,001,1795
31.2725,31.2817,35781,46433,Myotis daubentonii,0.009,0.026,-1,Echolocation,/mnt/ubna_data_02_mir/recover-20221013/UBNA_001/20221012_030000.WAV,Telephone Field,recover-20221013,001,1795
31.2745,31.2817,27187,42527,Eptesicus serotinus,0.007,0.02,-1,Echolocation,/mnt/ubna_data_02_mir/recover-20221013/UBNA_001/20221012_030000.WAV,Telephone Field,recover-20221013,001,1795
31.3005,31.3395,68437,81786,Rhinolophus ferrumequinum,0.026,0.026,-1,Echolocation,/mnt/ubna_data_02_mir/recover-20221013/UBNA_001/20221012_030000.WAV,Telephone Field,recover-20221013,001,1795
31.3095,31.345,68437,80925,Rhinolophus ferrumequinum,0.021,0.021,-1,Echolocation,/mnt/ubna_data_02_mir/recover-20221013/UBNA_001/20221012_030000.WAV,Telephone Field,recover-20221013,001,1795
31.3635,31.4053,68437,82561,Rhinolophus ferrumequinum,0.025,0.025,-1,Echolocation,/mnt/ubna_data_02_mir/recover-20221013/UBNA_001/20221012_030000.WAV,Telephone Field,recover-20221013,001,1795
31.3645,31.373,28046,36942,Eptesicus serotinus,0.007,0.02,-1,Echolocation,/mnt/ubna_data_02_mir/recover-20221013/UBNA_001/20221012_030000.WAV,Telephone Field,recover-20221013,001,1795
31.3765,31.4168,68437,82933,Rhinolophus ferrumequinum,0.025,0.025,-1,Echolocation,/mnt/ubna_data_02_mir/recover-20221013/UBNA_001/20221012_030000.WAV,Telephone Field,recover-20221013,001,1795
31.3835,31.4217,68437,82505,Rhinolophus ferrumequinum,0.028,0.028,-1,Echolocation,/mnt/ubna_data_02_mir/recover-20221013/UBNA_001/20221012_030000.WAV,Telephone Field,recover-20221013,001,1795
31.4225,31.4308,23750,31430,Plecotus austriacus,0.007,0.021,-1,Echolocation,/mnt/ubna_data_02_mir/recover-20221013/UBNA_001/20221012_030000.WAV,Telephone Field,recover-20221013,001,1795
31.4385,31.4784,68437,82679,Rhinolophus ferrumequinum,0.021,0.022,-1,Echolocation,/mnt/ubna_data_02_mir/recover-20221013/UBNA_001/20221012_030000.WAV,Telephone Field,recover-20221013,001,1795
31.4745,31.4824,28046,40027,Eptesicus serotinus,0.007,0.021,-1,Echolocation,/mnt/ubna_data_02_mir/recover-20221013/UBNA_001/20221012_030000.WAV,Telephone Field,recover-20221013,001,1795
31.4865,31.522,68437,81808,Rhinolophus ferrumequinum,0.021,0.021,-1,Echolocation,/mnt/ubna_data_02_mir/recover-20221013/UBNA_001/20221012_030000.WAV,Telephone Field,recover-20221013,001,1795
31.5065,31.514499999999998,27187,38994,Eptesicus serotinus,0.008,0.021,-1,Echolocation,/mnt/ubna_data_02_mir/recover-20221013/UBNA_001/20221012_030000.WAV,Telephone Field,recover-20221013,001,1795
31.5185,31.558,68437,82232,Rhinolophus ferrumequinum,0.029,0.029,-1,Echolocation,/mnt/ubna_data_02_mir/recover-20221013/UBNA_001/20221012_030000.WAV,Telephone Field,recover-20221013,001,1795
31.5315,31.5414,28046,35936,Eptesicus serotinus,0.01,0.022,-1,Echolocation,/mnt/ubna_data_02_mir/recover-20221013/UBNA_001/20221012_030000.WAV,Telephone Field,recover-20221013,001,1795
31.5385,31.5749,68437,81083,Rhinolophus ferrumequinum,0.022,0.023,-1,Echolocation,/mnt/ubna_data_02_mir/recover-20221013/UBNA_001/20221012_030000.WAV,Telephone Field,recover-20221013,001,1795
31.5665,31.6042,68437,81965,Rhinolophus ferrumequinum,0.023,0.023,-1,Echolocation,/mnt/ubna_data_02_mir/recover-20221013/UBNA_001/20221012_030000.WAV,Telephone Field,recover-20221013,001,1795
31.6185,31.6571,68437,82195,Rhinolophus ferrumequinum,0.023,0.023,-1,Echolocation,/mnt/ubna_data_02_mir/recover-20221013/UBNA_001/20221012_030000.WAV,Telephone Field,recover-20221013,001,1795
31.6245,31.6622,68437,82036,Rhinolophus ferrumequinum,0.023,0.023,-1,Echolocation,/mnt/ubna_data_02_mir/recover-20221013/UBNA_001/20221012_030000.WAV,Telephone Field,recover-20221013,001,1795
31.6325,31.6716,68437,82263,Rhinolophus ferrumequinum,0.025,0.025,-1,Echolocation,/mnt/ubna_data_02_mir/recover-20221013/UBNA_001/20221012_030000.WAV,Telephone Field,recover-20221013,001,1795
31.6565,31.6678,22890,28332,Nyctalus leisleri,0.013,0.028,-1,Echolocation,/mnt/ubna_data_02_mir/recover-20221013/UBNA_001/20221012_030000.WAV,Telephone Field,recover-20221013,001,1795
31.6585,31.6972,68437,82393,Rhinolophus ferrumequinum,0.023,0.023,-1,Echolocation,/mnt/ubna_data_02_mir/recover-20221013/UBNA_001/20221012_030000.WAV,Telephone Field,recover-20221013,001,1795
31.6685,31.7051,68437,81595,Rhinolophus ferrumequinum,0.021,0.022,-1,Echolocation,/mnt/ubna_data_02_mir/recover-20221013/UBNA_001/20221012_030000.WAV,Telephone Field,recover-20221013,001,1795
31.6825,31.7226,68437,82573,Rhinolophus ferrumequinum,0.026,0.026,-1,Echolocation,/mnt/ubna_data_02_mir/recover-20221013/UBNA_001/20221012_030000.WAV,Telephone Field,recover-20221013,001,1795
31.7185,31.7578,68437,82557,Rhinolophus ferrumequinum,0.024,0.024,-1,Echolocation,/mnt/ubna_data_02_mir/recover-20221013/UBNA_001/20221012_030000.WAV,Telephone Field,recover-20221013,001,1795
31.7245,31.764499999999998,68437,82701,Rhinolophus ferrumequinum,0.025,0.025,-1,Echolocation,/mnt/ubna_data_02_mir/recover-20221013/UBNA_001/20221012_030000.WAV,Telephone Field,recover-20221013,001,1795
31.7455,31.7854,68437,82026,Rhinolophus ferrumequinum,0.021,0.021,-1,Echolocation,/mnt/ubna_data_02_mir/recover-20221013/UBNA_001/20221012_030000.WAV,Telephone Field,recover-20221013,001,1795
31.7675,31.8052,68437,81421,Rhinolophus ferrumequinum,0.023,0.023,-1,Echolocation,/mnt/ubna_data_02_mir/recover-20221013/UBNA_001/20221012_030000.WAV,Telephone Field,recover-20221013,001,1795
31.7745,31.8106,68437,81681,Rhinolophus ferrumequinum,0.022,0.022,-1,Echolocation,/mnt/ubna_data_02_mir/recover-20221013/UBNA_001/20221012_030000.WAV,Telephone Field,recover-20221013,001,1795
31.7955,31.8147,21171,24627,Nyctalus leisleri,0.013,0.024,-1,Echolocation,/mnt/ubna_data_02_mir/recover-20221013/UBNA_001/20221012_030000.WAV,Telephone Field,recover-20221013,001,1795
31.8005,31.8372,68437,81780,Rhinolophus ferrumequinum,0.021,0.022,-1,Echolocation,/mnt/ubna_data_02_mir/recover-20221013/UBNA_001/20221012_030000.WAV,Telephone Field,recover-20221013,001,1795
31.8425,31.852,28046,38229,Eptesicus serotinus,0.01,0.022,-1,Echolocation,/mnt/ubna_data_02_mir/recover-20221013/UBNA_001/20221012_030000.WAV,Telephone Field,recover-20221013,001,1795
31.8675,31.8746,28906,40919,Eptesicus serotinus,0.006,0.021,-1,Echolocation,/mnt/ubna_data_02_mir/recover-20221013/UBNA_001/20221012_030000.WAV,Telephone Field,recover-20221013,001,1795
31.8825,31.8924,34921,42523,Barbastellus barbastellus,0.005,0.023,-1,Echolocation,/mnt/ubna_data_02_mir/recover-20221013/UBNA_001/20221012_030000.WAV,Telephone Field,recover-20221013,001,1795
31.8965,31.9093,22031,27054,Nyctalus leisleri,0.013,0.029,-1,Echolocation,/mnt/ubna_data_02_mir/recover-20221013/UBNA_001/20221012_030000.WAV,Telephone Field,recover-20221013,001,1795
31.9055,31.9151,28906,36895,Eptesicus serotinus,0.008,0.021,-1,Echolocation,/mnt/ubna_data_02_mir/recover-20221013/UBNA_001/20221012_030000.WAV,Telephone Field,recover-20221013,001,1795
31.9745,31.9819,23750,32207,Plecotus austriacus,0.008,0.023,-1,Echolocation,/mnt/ubna_data_02_mir/recover-20221013/UBNA_001/20221012_030000.WAV,Telephone Field,recover-20221013,001,1795
32.0015,32.01,26328,35533,Nyctalus leisleri,0.007,0.026,-1,Echolocation,/mnt/ubna_data_02_mir/recover-20221013/UBNA_001/20221012_030000.WAV,Telephone Field,recover-20221013,001,1795
32.0015,32.0103,19453,25135,Nyctalus leisleri,0.007,0.021,-1,Echolocation,/mnt/ubna_data_02_mir/recover-20221013/UBNA_001/20221012_030000.WAV,Telephone Field,recover-20221013,001,1795
32.0015,32.0081,49531,57694,Pipistrellus pipistrellus,0.016,0.022,-1,Echolocation,/mnt/ubna_data_02_mir/recover-20221013/UBNA_001/20221012_030000.WAV,Telephone Field,recover-20221013,001,1795
32.0285,32.0399,26328,32930,Eptesicus serotinus,0.013,0.028,-1,Echolocation,/mnt/ubna_data_02_mir/recover-20221013/UBNA_001/20221012_030000.WAV,Telephone Field,recover-20221013,001,1795
32.0585,32.0664,28046,38786,Eptesicus serotinus,0.007,0.02,-1,Echolocation,/mnt/ubna_data_02_mir/recover-20221013/UBNA_001/20221012_030000.WAV,Telephone Field,recover-20221013,001,1795
32.0695,32.1086,68437,82255,Rhinolophus ferrumequinum,0.027,0.027,-1,Echolocation,/mnt/ubna_data_02_mir/recover-20221013/UBNA_001/20221012_030000.WAV,Telephone Field,recover-20221013,001,1795
32.1075,32.1174,26328,34087,Eptesicus serotinus,0.017,0.037,-1,Echolocation,/mnt/ubna_data_02_mir/recover-20221013/UBNA_001/20221012_030000.WAV,Telephone Field,recover-20221013,001,1795
32.1235,32.161500000000004,68437,82138,Rhinolophus ferrumequinum,0.021,0.021,-1,Echolocation,/mnt/ubna_data_02_mir/recover-20221013/UBNA_001/20221012_030000.WAV,Telephone Field,recover-20221013,001,1795
32.1325,32.1741,68437,82280,Rhinolophus ferrumequinum,0.02,0.02,-1,Echolocation,/mnt/ubna_data_02_mir/recover-20221013/UBNA_001/20221012_030000.WAV,Telephone Field,recover-20221013,001,1795
32.1655,32.174,27187,39276,Eptesicus serotinus,0.01,0.024,-1,Echolocation,/mnt/ubna_data_02_mir/recover-20221013/UBNA_001/20221012_030000.WAV,Telephone Field,recover-20221013,001,1795
32.1705,32.207300000000004,68437,81524,Rhinolophus ferrumequinum,0.021,0.021,-1,Echolocation,/mnt/ubna_data_02_mir/recover-20221013/UBNA_001/20221012_030000.WAV,Telephone Field,recover-20221013,001,1795
32.1795,32.2166,68437,81334,Rhinolophus ferrumequinum,0.02,0.02,-1,Echolocation,/mnt/ubna_data_02_mir/recover-20221013/UBNA_001/20221012_030000.WAV,Telephone Field,recover-20221013,001,1795
32.2055,32.2123,27187,37278,Eptesicus serotinus,0.005,0.022,-1,Echolocation,/mnt/ubna_data_02_mir/recover-20221013/UBNA_001/20221012_030000.WAV,Telephone Field,recover-20221013,001,1795
32.2155,32.2574,68437,83168,Rhinolophus ferrumequinum,0.03,0.03,-1,Echolocation,/mnt/ubna_data_02_mir/recover-20221013/UBNA_001/20221012_030000.WAV,Telephone Field,recover-20221013,001,1795
32.2935,32.3036,30625,39039,Eptesicus serotinus,0.01,0.027,-1,Echolocation,/mnt/ubna_data_02_mir/recover-20221013/UBNA_001/20221012_030000.WAV,Telephone Field,recover-20221013,001,1795
32.2945,32.3358,68437,81803,Rhinolophus ferrumequinum,0.024,0.024,-1,Echolocation,/mnt/ubna_data_02_mir/recover-20221013/UBNA_001/20221012_030000.WAV,Telephone Field,recover-20221013,001,1795
32.3545,32.3625,28046,38260,Eptesicus serotinus,0.008,0.024,-1,Echolocation,/mnt/ubna_data_02_mir/recover-20221013/UBNA_001/20221012_030000.WAV,Telephone Field,recover-20221013,001,1795
32.3955,32.4332,68437,81882,Rhinolophus ferrumequinum,0.02,0.02,-1,Echolocation,/mnt/ubna_data_02_mir/recover-20221013/UBNA_001/20221012_030000.WAV,Telephone Field,recover-20221013,001,1795
32.4245,32.4349,22031,27064,Nyctalus leisleri,0.013,0.027,-1,Echolocation,/mnt/ubna_data_02_mir/recover-20221013/UBNA_001/20221012_030000.WAV,Telephone Field,recover-20221013,001,1795
32.4415,32.4785,68437,81221,Rhinolophus ferrumequinum,0.021,0.021,-1,Echolocation,/mnt/ubna_data_02_mir/recover-20221013/UBNA_001/20221012_030000.WAV,Telephone Field,recover-20221013,001,1795
32.4425,32.4539,23750,29945,Nyctalus leisleri,0.01,0.025,-1,Echolocation,/mnt/ubna_data_02_mir/recover-20221013/UBNA_001/20221012_030000.WAV,Telephone Field,recover-20221013,001,1795
32.4485,32.4876,68437,81894,Rhinolophus ferrumequinum,0.021,0.021,-1,Echolocation,/mnt/ubna_data_02_mir/recover-20221013/UBNA_001/20221012_030000.WAV,Telephone Field,recover-20221013,001,1795
32.4755,32.5182,68437,82715,Rhinolophus ferrumequinum,0.028,0.028,-1,Echolocation,/mnt/ubna_data_02_mir/recover-20221013/UBNA_001/20221012_030000.WAV,Telephone Field,recover-20221013,001,1795
32.4955,32.5064,23750,29088,Nyctalus leisleri,0.009,0.02,-1,Echolocation,/mnt/ubna_data_02_mir/recover-20221013/UBNA_001/20221012_030000.WAV,Telephone Field,recover-20221013,001,1795
32.4985,32.5412,68437,82966,Rhinolophus ferrumequinum,0.024,0.025,-1,Echolocation,/mnt/ubna_data_02_mir/recover-20221013/UBNA_001/20221012_030000.WAV,Telephone Field,recover-20221013,001,1795
32.5485,32.564099999999996,22031,25887,Nyctalus leisleri,0.013,0.022,-1,Echolocation,/mnt/ubna_data_02_mir/recover-20221013/UBNA_001/20221012_030000.WAV,Telephone Field,recover-20221013,001,1795
32.5605,32.5995,68437,82143,Rhinolophus ferrumequinum,0.025,0.025,-1,Echolocation,/mnt/ubna_data_02_mir/recover-20221013/UBNA_001/20221012_030000.WAV,Telephone Field,recover-20221013,001,1795
32.5605,32.5791,21171,24328,Nyctalus leisleri,0.024,0.04,-1,Echolocation,/mnt/ubna_data_02_mir/recover-20221013/UBNA_001/20221012_030000.WAV,Telephone Field,recover-20221013,001,1795
32.5625,32.571600000000004,28046,36038,Eptesicus serotinus,0.007,0.022,-1,Echolocation,/mnt/ubna_data_02_mir/recover-20221013/UBNA_001/20221012_030000.WAV,Telephone Field,recover-20221013,001,1795
32.5755,32.6163,68437,82298,Rhinolophus ferrumequinum,0.029,0.029,-1,Echolocation,/mnt/ubna_data_02_mir/recover-20221013/UBNA_001/20221012_030000.WAV,Telephone Field,recover-20221013,001,1795
32.6095,32.6504,68437,82146,Rhinolophus ferrumequinum,0.023,0.023,-1,Echolocation,/mnt/ubna_data_02_mir/recover-20221013/UBNA_001/20221012_030000.WAV,Telephone Field,recover-20221013,001,1795
32.6175,32.623,25468,40750,Plecotus austriacus,0.017,0.051,-1,Echolocation,/mnt/ubna_data_02_mir/recover-20221013/UBNA_001/20221012_030000.WAV,Telephone Field,recover-20221013,001,1795
32.6355,32.672200000000004,68437,81578,Rhinolophus ferrumequinum,0.023,0.023,-1,Echolocation,/mnt/ubna_data_02_mir/recover-20221013/UBNA_001/20221012_030000.WAV,Telephone Field,recover-20221013,001,1795
32.6575,32.6952,68437,82111,Rhinolophus ferrumequinum,0.022,0.022,-1,Echolocation,/mnt/ubna_data_02_mir/recover-20221013/UBNA_001/20221012_030000.WAV,Telephone Field,recover-20221013,001,1795
32.6635,32.7025,68437,81678,Rhinolophus ferrumequinum,0.021,0.021,-1,Echolocation,/mnt/ubna_data_02_mir/recover-20221013/UBNA_001/20221012_030000.WAV,Telephone Field,recover-20221013,001,1795
32.6665,32.6738,27187,39402,Eptesicus serotinus,0.006,0.021,-1,Echolocation,/mnt/ubna_data_02_mir/recover-20221013/UBNA_001/20221012_030000.WAV,Telephone Field,recover-20221013,001,1795
32.7015,32.7396,68437,82343,Rhinolophus ferrumequinum,0.024,0.024,-1,Echolocation,/mnt/ubna_data_02_mir/recover-20221013/UBNA_001/20221012_030000.WAV,Telephone Field,recover-20221013,001,1795
32.7035,32.7126,28046,36128,Eptesicus serotinus,0.008,0.023,-1,Echolocation,/mnt/ubna_data_02_mir/recover-20221013/UBNA_001/20221012_030000.WAV,Telephone Field,recover-20221013,001,1795
32.7515,32.7586,26328,36226,Eptesicus serotinus,0.005,0.02,-1,Echolocation,/mnt/ubna_data_02_mir/recover-20221013/UBNA_001/20221012_030000.WAV,Telephone Field,recover-20221013,001,1795
32.7575,32.7966,68437,82454,Rhinolophus ferrumequinum,0.021,0.021,-1,Echolocation,/mnt/ubna_data_02_mir/recover-20221013/UBNA_001/20221012_030000.WAV,Telephone Field,recover-20221013,001,1795
32.7855,32.8234,68437,81318,Rhinolophus ferrumequinum,0.024,0.024,-1,Echolocation,/mnt/ubna_data_02_mir/recover-20221013/UBNA_001/20221012_030000.WAV,Telephone Field,recover-20221013,001,1795
32.8355,32.8461,23750,29665,Nyctalus leisleri,0.011,0.025,-1,Echolocation,/mnt/ubna_data_02_mir/recover-20221013/UBNA_001/20221012_030000.WAV,Telephone Field,recover-20221013,001,1795
32.8475,32.8862,68437,82062,Rhinolophus ferrumequinum,0.022,0.022,-1,Echolocation,/mnt/ubna_data_02_mir/recover-20221013/UBNA_001/20221012_030000.WAV,Telephone Field,recover-20221013,001,1795
32.8595,32.899,68437,82138,Rhinolophus ferrumequinum,0.02,0.02,-1,Echolocation,/mnt/ubna_data_02_mir/recover-20221013/UBNA_001/20221012_030000.WAV,Telephone Field,recover-20221013,001,1795
32.9035,32.9371,68437,80753,Rhinolophus ferrumequinum,0.02,0.021,-1,Echolocation,/mnt/ubna_data_02_mir/recover-20221013/UBNA_001/20221012_030000.WAV,Telephone Field,recover-20221013,001,1795
32.9215,32.9325,45234,49058,Pipistrellus pipistrellus,0.021,0.024,-1,Echolocation,/mnt/ubna_data_02_mir/recover-20221013/UBNA_001/20221012_030000.WAV,Telephone Field,recover-20221013,001,1795
32.9915,33.0354,68437,83507,Rhinolophus ferrumequinum,0.039,0.039,-1,Echolocation,/mnt/ubna_data_02_mir/recover-20221013/UBNA_001/20221012_030000.WAV,Telephone Field,recover-20221013,001,1795
33.0185,33.0265,28046,38934,Eptesicus serotinus,0.007,0.021,-1,Echolocation,/mnt/ubna_data_02_mir/recover-20221013/UBNA_001/20221012_030000.WAV,Telephone Field,recover-20221013,001,1795
33.0425,33.0806,68437,81494,Rhinolophus ferrumequinum,0.022,0.022,-1,Echolocation,/mnt/ubna_data_02_mir/recover-20221013/UBNA_001/20221012_030000.WAV,Telephone Field,recover-20221013,001,1795
33.0505,33.0587,22890,30627,Plecotus austriacus,0.01,0.023,-1,Echolocation,/mnt/ubna_data_02_mir/recover-20221013/UBNA_001/20221012_030000.WAV,Telephone Field,recover-20221013,001,1795
33.0635,33.1006,68437,82080,Rhinolophus ferrumequinum,0.02,0.02,-1,Echolocation,/mnt/ubna_data_02_mir/recover-20221013/UBNA_001/20221012_030000.WAV,Telephone Field,recover-20221013,001,1795
33.1005,33.1094,27187,41921,Eptesicus serotinus,0.008,0.022,-1,Echolocation,/mnt/ubna_data_02_mir/recover-20221013/UBNA_001/20221012_030000.WAV,Telephone Field,recover-20221013,001,1795
33.1015,33.1401,68437,82279,Rhinolophus ferrumequinum,0.021,0.021,-1,Echolocation,/mnt/ubna_data_02_mir/recover-20221013/UBNA_001/20221012_030000.WAV,Telephone Field,recover-20221013,001,1795
33.1125,33.1483,68437,81666,Rhinolophus ferrumequinum,0.02,0.02,-1,Echolocation,/mnt/ubna_data_02_mir/recover-20221013/UBNA_001/20221012_030000.WAV,Telephone Field,recover-20221013,001,1795
33.1245,33.1658,68437,82348,Rhinolophus ferrumequinum,0.023,0.023,-1,Echolocation,/mnt/ubna_data_02_mir/recover-20221013/UBNA_001/20221012_030000.WAV,Telephone Field,recover-20221013,001,1795
33.1495,33.1884,68437,81653,Rhinolophus ferrumequinum,0.022,0.022,-1,Echolocation,/mnt/ubna_data_02_mir/recover-20221013/UBNA_001/20221012_030000.WAV,Telephone Field,recover-20221013,001,1795
33.1595,33.1666,28046,39076,Eptesicus serotinus,0.006,0.023,-1,Echolocation,/mnt/ubna_data_02_mir/recover-20221013/UBNA_001/20221012_030000.WAV,Telephone Field,recover-20221013,001,1795
33.1675,33.2021,68437,81421,Rhinolophus ferrumequinum,0.021,0.021,-1,Echolocation,/mnt/ubna_data_02_mir/recover-20221013/UBNA_001/20221012_030000.WAV,Telephone Field,recover-20221013,001,1795
33.1855,33.1932,28046,40439,Eptesicus serotinus,0.008,0.023,-1,Echolocation,/mnt/ubna_data_02_mir/recover-20221013/UBNA_001/20221012_030000.WAV,Telephone Field,recover-20221013,001,1795
33.1865,33.1942,34062,41950,Myotis daubentonii,0.008,0.026,-1,Echolocation,/mnt/ubna_data_02_mir/recover-20221013/UBNA_001/20221012_030000.WAV,Telephone Field,recover-20221013,001,1795
33.1985,33.2373,68437,82435,Rhinolophus ferrumequinum,0.022,0.022,-1,Echolocation,/mnt/ubna_data_02_mir/recover-20221013/UBNA_001/20221012_030000.WAV,Telephone Field,recover-20221013,001,1795
33.2375,33.2468,28046,38292,Eptesicus serotinus,0.009,0.022,-1,Echolocation,/mnt/ubna_data_02_mir/recover-20221013/UBNA_001/20221012_030000.WAV,Telephone Field,recover-20221013,001,1795
33.2425,33.283500000000004,68437,82414,Rhinolophus ferrumequinum,0.023,0.023,-1,Echolocation,/mnt/ubna_data_02_mir/recover-20221013/UBNA_001/20221012_030000.WAV,Telephone Field,recover-20221013,001,1795
33.2465,33.2548,38359,44073,Barbastellus barbastellus,0.01,0.024,-1,Echolocation,/mnt/ubna_data_02_mir/recover-20221013/UBNA_001/20221012_030000.WAV,Telephone Field,recover-20221013,001,1795
33.2495,33.2566,27187,40538,Eptesicus serotinus,0.006,0.021,-1,Echolocation,/mnt/ubna_data_02_mir/recover-20221013/UBNA_001/20221012_030000.WAV,Telephone Field,recover-20221013,001,1795
33.2675,33.3037,68437,81526,Rhinolophus ferrumequinum,0.021,0.021,-1,Echolocation,/mnt/ubna_data_02_mir/recover-20221013/UBNA_001/20221012_030000.WAV,Telephone Field,recover-20221013,001,1795
33.2745,33.2854,23750,30326,Nyctalus leisleri,0.009,0.023,-1,Echolocation,/mnt/ubna_data_02_mir/recover-20221013/UBNA_001/20221012_030000.WAV,Telephone Field,recover-20221013,001,1795
33.3015,33.3409,68437,82993,Rhinolophus ferrumequinum,0.024,0.024,-1,Echolocation,/mnt/ubna_data_02_mir/recover-20221013/UBNA_001/20221012_030000.WAV,Telephone Field,recover-20221013,001,1795
33.3105,33.3489,68437,82493,Rhinolophus ferrumequinum,0.022,0.022,-1,Echolocation,/mnt/ubna_data_02_mir/recover-20221013/UBNA_001/20221012_030000.WAV,Telephone Field,recover-20221013,001,1795
33.3295,33.3399,35781,41961,Pipistrellus nathusii,0.005,0.021,-1,Echolocation,/mnt/ubna_data_02_mir/recover-20221013/UBNA_001/20221012_030000.WAV,Telephone Field,recover-20221013,001,1795
33.3705,33.4094,68437,82027,Rhinolophus ferrumequinum,0.021,0.021,-1,Echolocation,/mnt/ubna_data_02_mir/recover-20221013/UBNA_001/20221012_030000.WAV,Telephone Field,recover-20221013,001,1795
33.3815,33.4204,68437,82075,Rhinolophus ferrumequinum,0.022,0.022,-1,Echolocation,/mnt/ubna_data_02_mir/recover-20221013/UBNA_001/20221012_030000.WAV,Telephone Field,recover-20221013,001,1795
33.3875,33.425,68437,81160,Rhinolophus ferrumequinum,0.022,0.022,-1,Echolocation,/mnt/ubna_data_02_mir/recover-20221013/UBNA_001/20221012_030000.WAV,Telephone Field,recover-20221013,001,1795
33.4255,33.4633,68437,81826,Rhinolophus ferrumequinum,0.024,0.024,-1,Echolocation,/mnt/ubna_data_02_mir/recover-20221013/UBNA_001/20221012_030000.WAV,Telephone Field,recover-20221013,001,1795
33.4275,33.4351,27187,37845,Eptesicus serotinus,0.006,0.021,-1,Echolocation,/mnt/ubna_data_02_mir/recover-20221013/UBNA_001/20221012_030000.WAV,Telephone Field,recover-20221013,001,1795
33.4695,33.479,22890,29735,Plecotus austriacus,0.008,0.024,-1,Echolocation,/mnt/ubna_data_02_mir/recover-20221013/UBNA_001/20221012_030000.WAV,Telephone Field,recover-20221013,001,1795
33.5035,33.5433,68437,82791,Rhinolophus ferrumequinum,0.023,0.023,-1,Echolocation,/mnt/ubna_data_02_mir/recover-20221013/UBNA_001/20221012_030000.WAV,Telephone Field,recover-20221013,001,1795
33.5035,33.5158,22890,28199,Nyctalus leisleri,0.016,0.031,-1,Echolocation,/mnt/ubna_data_02_mir/recover-20221013/UBNA_001/20221012_030000.WAV,Telephone Field,recover-20221013,001,1795
33.5445,33.582,68437,82146,Rhinolophus ferrumequinum,0.021,0.022,-1,Echolocation,/mnt/ubna_data_02_mir/recover-20221013/UBNA_001/20221012_030000.WAV,Telephone Field,recover-20221013,001,1795
33.5495,33.5896,68437,82384,Rhinolophus ferrumequinum,0.021,0.021,-1,Echolocation,/mnt/ubna_data_02_mir/recover-20221013/UBNA_001/20221012_030000.WAV,Telephone Field,recover-20221013,001,1795
33.5655,33.5704,34921,44802,Myotis daubentonii,0.008,0.026,-1,Echolocation,/mnt/ubna_data_02_mir/recover-20221013/UBNA_001/20221012_030000.WAV,Telephone Field,recover-20221013,001,1795
33.5655,33.5722,28906,42267,Eptesicus serotinus,0.008,0.029,-1,Echolocation,/mnt/ubna_data_02_mir/recover-20221013/UBNA_001/20221012_030000.WAV,Telephone Field,recover-20221013,001,1795
33.5715,33.6091,68437,81887,Rhinolophus ferrumequinum,0.021,0.021,-1,Echolocation,/mnt/ubna_data_02_mir/recover-20221013/UBNA_001/20221012_030000.WAV,Telephone Field,recover-20221013,001,1795
33.5965,33.6091,22890,27640,Nyctalus leisleri,0.011,0.022,-1,Echolocation,/mnt/ubna_data_02_mir/recover-20221013/UBNA_001/20221012_030000.WAV,Telephone Field,recover-20221013,001,1795
33.6105,33.6497,68437,81941,Rhinolophus ferrumequinum,0.022,0.022,-1,Echolocation,/mnt/ubna_data_02_mir/recover-20221013/UBNA_001/20221012_030000.WAV,Telephone Field,recover-20221013,001,1795
33.6105,33.6174,23750,32875,Plecotus austriacus,0.013,0.027,-1,Echolocation,/mnt/ubna_data_02_mir/recover-20221013/UBNA_001/20221012_030000.WAV,Telephone Field,recover-20221013,001,1795
33.6315,33.6417,14296,20075,Nyctalus noctula,0.01,0.02,-1,Echolocation,/mnt/ubna_data_02_mir/recover-20221013/UBNA_001/20221012_030000.WAV,Telephone Field,recover-20221013,001,1795
33.6355,33.6425,27187,36418,Eptesicus serotinus,0.008,0.025,-1,Echolocation,/mnt/ubna_data_02_mir/recover-20221013/UBNA_001/20221012_030000.WAV,Telephone Field,recover-20221013,001,1795
33.6495,33.6554,28046,43732,Eptesicus serotinus,0.005,0.026,-1,Echolocation,/mnt/ubna_data_02_mir/recover-20221013/UBNA_001/20221012_030000.WAV,Telephone Field,recover-20221013,001,1795
33.6755,33.7115,68437,81701,Rhinolophus ferrumequinum,0.028,0.028,-1,Echolocation,/mnt/ubna_data_02_mir/recover-20221013/UBNA_001/20221012_030000.WAV,Telephone Field,recover-20221013,001,1795
33.7205,33.7316,23750,30675,Nyctalus leisleri,0.011,0.031,-1,Echolocation,/mnt/ubna_data_02_mir/recover-20221013/UBNA_001/20221012_030000.WAV,Telephone Field,recover-20221013,001,1795
33.7335,33.7701,68437,81445,Rhinolophus ferrumequinum,0.02,0.02,-1,Echolocation,/mnt/ubna_data_02_mir/recover-20221013/UBNA_001/20221012_030000.WAV,Telephone Field,recover-20221013,001,1795
33.7385,33.7771,68437,81656,Rhinolophus ferrumequinum,0.02,0.02,-1,Echolocation,/mnt/ubna_data_02_mir/recover-20221013/UBNA_001/20221012_030000.WAV,Telephone Field,recover-20221013,001,1795
33.7475,33.7841,68437,81834,Rhinolophus ferrumequinum,0.021,0.021,-1,Echolocation,/mnt/ubna_data_02_mir/recover-20221013/UBNA_001/20221012_030000.WAV,Telephone Field,recover-20221013,001,1795
33.7635,33.7714,23750,31963,Plecotus austriacus,0.013,0.028,-1,Echolocation,/mnt/ubna_data_02_mir/recover-20221013/UBNA_001/20221012_030000.WAV,Telephone Field,recover-20221013,001,1795
33.7935,33.8043,23750,29221,Nyctalus leisleri,0.016,0.032,-1,Echolocation,/mnt/ubna_data_02_mir/recover-20221013/UBNA_001/20221012_030000.WAV,Telephone Field,recover-20221013,001,1795
33.8195,33.8306,28906,36970,Eptesicus serotinus,0.01,0.023,-1,Echolocation,/mnt/ubna_data_02_mir/recover-20221013/UBNA_001/20221012_030000.WAV,Telephone Field,recover-20221013,001,1795
33.8275,33.865899999999996,68437,82398,Rhinolophus ferrumequinum,0.02,0.02,-1,Echolocation,/mnt/ubna_data_02_mir/recover-20221013/UBNA_001/20221012_030000.WAV,Telephone Field,recover-20221013,001,1795
33.8275,33.8377,28046,35613,Eptesicus serotinus,0.01,0.023,-1,Echolocation,/mnt/ubna_data_02_mir/recover-20221013/UBNA_001/20221012_030000.WAV,Telephone Field,recover-20221013,001,1795
33.8505,33.8889,68437,82513,Rhinolophus ferrumequinum,0.02,0.02,-1,Echolocation,/mnt/ubna_data_02_mir/recover-20221013/UBNA_001/20221012_030000.WAV,Telephone Field,recover-20221013,001,1795
33.8685,33.9065,68437,81653,Rhinolophus ferrumequinum,0.021,0.021,-1,Echolocation,/mnt/ubna_data_02_mir/recover-20221013/UBNA_001/20221012_030000.WAV,Telephone Field,recover-20221013,001,1795
33.8955,33.907,22890,27118,Nyctalus leisleri,0.014,0.025,-1,Echolocation,/mnt/ubna_data_02_mir/recover-20221013/UBNA_001/20221012_030000.WAV,Telephone Field,recover-20221013,001,1795
33.908500000000004,33.9448,68437,81580,Rhinolophus ferrumequinum,0.022,0.023,-1,Echolocation,/mnt/ubna_data_02_mir/recover-20221013/UBNA_001/20221012_030000.WAV,Telephone Field,recover-20221013,001,1795
33.9205,33.9294,27187,39009,Eptesicus serotinus,0.008,0.022,-1,Echolocation,/mnt/ubna_data_02_mir/recover-20221013/UBNA_001/20221012_030000.WAV,Telephone Field,recover-20221013,001,1795
34.0015,34.0316,69296,81900,Rhinolophus ferrumequinum,0.047,0.047,-1,Echolocation,/mnt/ubna_data_02_mir/recover-20221013/UBNA_001/20221012_030000.WAV,Telephone Field,recover-20221013,001,1795
34.0015,34.014,21171,26445,Nyctalus leisleri,0.012,0.029,-1,Echolocation,/mnt/ubna_data_02_mir/recover-20221013/UBNA_001/20221012_030000.WAV,Telephone Field,recover-20221013,001,1795
34.0135,34.0533,68437,82422,Rhinolophus ferrumequinum,0.023,0.023,-1,Echolocation,/mnt/ubna_data_02_mir/recover-20221013/UBNA_001/20221012_030000.WAV,Telephone Field,recover-20221013,001,1795
34.0565,34.0676,46093,49109,Pipistrellus pipistrellus,0.019,0.021,-1,Echolocation,/mnt/ubna_data_02_mir/recover-20221013/UBNA_001/20221012_030000.WAV,Telephone Field,recover-20221013,001,1795
34.0765,34.0851,28046,37966,Eptesicus serotinus,0.009,0.023,-1,Echolocation,/mnt/ubna_data_02_mir/recover-20221013/UBNA_001/20221012_030000.WAV,Telephone Field,recover-20221013,001,1795
34.0765,34.1178,68437,82717,Rhinolophus ferrumequinum,0.031,0.031,-1,Echolocation,/mnt/ubna_data_02_mir/recover-20221013/UBNA_001/20221012_030000.WAV,Telephone Field,recover-20221013,001,1795
34.1105,34.1239,22031,25825,Nyctalus leisleri,0.013,0.022,-1,Echolocation,/mnt/ubna_data_02_mir/recover-20221013/UBNA_001/20221012_030000.WAV,Telephone Field,recover-20221013,001,1795
34.1335,34.1721,68437,81776,Rhinolophus ferrumequinum,0.024,0.024,-1,Echolocation,/mnt/ubna_data_02_mir/recover-20221013/UBNA_001/20221012_030000.WAV,Telephone Field,recover-20221013,001,1795
34.1845,34.2248,68437,82418,Rhinolophus ferrumequinum,0.029,0.029,-1,Echolocation,/mnt/ubna_data_02_mir/recover-20221013/UBNA_001/20221012_030000.WAV,Telephone Field,recover-20221013,001,1795
34.1905,34.2322,68437,82616,Rhinolophus ferrumequinum,0.029,0.029,-1,Echolocation,/mnt/ubna_data_02_mir/recover-20221013/UBNA_001/20221012_030000.WAV,Telephone Field,recover-20221013,001,1795
34.2115,34.2235,22890,27724,Nyctalus leisleri,0.011,0.023,-1,Echolocation,/mnt/ubna_data_02_mir/recover-20221013/UBNA_001/20221012_030000.WAV,Telephone Field,recover-20221013,001,1795
34.2355,34.2732,68437,81046,Rhinolophus ferrumequinum,0.023,0.024,-1,Echolocation,/mnt/ubna_data_02_mir/recover-20221013/UBNA_001/20221012_030000.WAV,Telephone Field,recover-20221013,001,1795
34.2485,34.2587,28906,37107,Eptesicus serotinus,0.012,0.026,-1,Echolocation,/mnt/ubna_data_02_mir/recover-20221013/UBNA_001/20221012_030000.WAV,Telephone Field,recover-20221013,001,1795
34.2705,34.308099999999996,68437,81756,Rhinolophus ferrumequinum,0.022,0.022,-1,Echolocation,/mnt/ubna_data_02_mir/recover-20221013/UBNA_001/20221012_030000.WAV,Telephone Field,recover-20221013,001,1795
34.2945,34.3368,68437,82674,Rhinolophus ferrumequinum,0.021,0.021,-1,Echolocation,/mnt/ubna_data_02_mir/recover-20221013/UBNA_001/20221012_030000.WAV,Telephone Field,recover-20221013,001,1795
34.3285,34.3648,68437,80769,Rhinolophus ferrumequinum,0.025,0.026,-1,Echolocation,/mnt/ubna_data_02_mir/recover-20221013/UBNA_001/20221012_030000.WAV,Telephone Field,recover-20221013,001,1795
34.3515,34.3615,28906,36342,Eptesicus serotinus,0.009,0.022,-1,Echolocation,/mnt/ubna_data_02_mir/recover-20221013/UBNA_001/20221012_030000.WAV,Telephone Field,recover-20221013,001,1795
34.4195,34.433,22890,27928,Nyctalus leisleri,0.01,0.021,-1,Echolocation,/mnt/ubna_data_02_mir/recover-20221013/UBNA_001/20221012_030000.WAV,Telephone Field,recover-20221013,001,1795
34.4215,34.4626,68437,82191,Rhinolophus ferrumequinum,0.025,0.025,-1,Echolocation,/mnt/ubna_data_02_mir/recover-20221013/UBNA_001/20221012_030000.WAV,Telephone Field,recover-20221013,001,1795
34.4325,34.4441,22890,27512,Nyctalus leisleri,0.014,0.026,-1,Echolocation,/mnt/ubna_data_02_mir/recover-20221013/UBNA_001/20221012_030000.WAV,Telephone Field,recover-20221013,001,1795
34.4515,34.462,26328,34572,Eptesicus serotinus,0.015,0.031,-1,Echolocation,/mnt/ubna_data_02_mir/recover-20221013/UBNA_001/20221012_030000.WAV,Telephone Field,recover-20221013,001,1795
34.4695,34.509,68437,82050,Rhinolophus ferrumequinum,0.023,0.023,-1,Echolocation,/mnt/ubna_data_02_mir/recover-20221013/UBNA_001/20221012_030000.WAV,Telephone Field,recover-20221013,001,1795
34.4755,34.4862,28906,35693,Eptesicus serotinus,0.013,0.029,-1,Echolocation,/mnt/ubna_data_02_mir/recover-20221013/UBNA_001/20221012_030000.WAV,Telephone Field,recover-20221013,001,1795
34.4945,34.502,28046,41048,Eptesicus serotinus,0.007,0.021,-1,Echolocation,/mnt/ubna_data_02_mir/recover-20221013/UBNA_001/20221012_030000.WAV,Telephone Field,recover-20221013,001,1795
34.5275,34.5701,68437,83296,Rhinolophus ferrumequinum,0.028,0.028,-1,Echolocation,/mnt/ubna_data_02_mir/recover-20221013/UBNA_001/20221012_030000.WAV,Telephone Field,recover-20221013,001,1795
34.5315,34.5479,44375,47102,Pipistrellus pipistrellus,0.05,0.055,-1,Echolocation,/mnt/ubna_data_02_mir/recover-20221013/UBNA_001/20221012_030000.WAV,Telephone Field,recover-20221013,001,1795
34.5415,34.5807,68437,81824,Rhinolophus ferrumequinum,0.022,0.022,-1,Echolocation,/mnt/ubna_data_02_mir/recover-20221013/UBNA_001/20221012_030000.WAV,Telephone Field,recover-20221013,001,1795
34.5585,34.5678,23750,30704,Nyctalus leisleri,0.008,0.024,-1,Echolocation,/mnt/ubna_data_02_mir/recover-20221013/UBNA_001/20221012_030000.WAV,Telephone Field,recover-20221013,001,1795
34.5815,34.6198,68437,82109,Rhinolophus ferrumequinum,0.022,0.022,-1,Echolocation,/mnt/ubna_data_02_mir/recover-20221013/UBNA_001/20221012_030000.WAV,Telephone Field,recover-20221013,001,1795
34.5935,34.602000000000004,28046,37601,Eptesicus serotinus,0.008,0.022,-1,Echolocation,/mnt/ubna_data_02_mir/recover-20221013/UBNA_001/20221012_030000.WAV,Telephone Field,recover-20221013,001,1795
34.6045,34.6402,68437,81172,Rhinolophus ferrumequinum,0.024,0.024,-1,Echolocation,/mnt/ubna_data_02_mir/recover-20221013/UBNA_001/20221012_030000.WAV,Telephone Field,recover-20221013,001,1795
34.6225,34.6573,68437,80693,Rhinolophus ferrumequinum,0.021,0.021,-1,Echolocation,/mnt/ubna_data_02_mir/recover-20221013/UBNA_001/20221012_030000.WAV,Telephone Field,recover-20221013,001,1795
34.6365,34.6458,25468,32406,Eptesicus serotinus,0.01,0.024,-1,Echolocation,/mnt/ubna_data_02_mir/recover-20221013/UBNA_001/20221012_030000.WAV,Telephone Field,recover-20221013,001,1795
34.6525,34.6927,68437,82388,Rhinolophus ferrumequinum,0.021,0.021,-1,Echolocation,/mnt/ubna_data_02_mir/recover-20221013/UBNA_001/20221012_030000.WAV,Telephone Field,recover-20221013,001,1795
34.6665,34.675,26328,35191,Eptesicus serotinus,0.012,0.027,-1,Echolocation,/mnt/ubna_data_02_mir/recover-20221013/UBNA_001/20221012_030000.WAV,Telephone Field,recover-20221013,001,1795
34.6815,34.7183,68437,81628,Rhinolophus ferrumequinum,0.025,0.025,-1,Echolocation,/mnt/ubna_data_02_mir/recover-20221013/UBNA_001/20221012_030000.WAV,Telephone Field,recover-20221013,001,1795
34.6925,34.7027,28906,36267,Eptesicus serotinus,0.009,0.023,-1,Echolocation,/mnt/ubna_data_02_mir/recover-20221013/UBNA_001/20221012_030000.WAV,Telephone Field,recover-20221013,001,1795
34.6955,34.7359,68437,82442,Rhinolophus ferrumequinum,0.023,0.023,-1,Echolocation,/mnt/ubna_data_02_mir/recover-20221013/UBNA_001/20221012_030000.WAV,Telephone Field,recover-20221013,001,1795
34.7045,34.7129,28906,40435,Eptesicus serotinus,0.008,0.022,-1,Echolocation,/mnt/ubna_data_02_mir/recover-20221013/UBNA_001/20221012_030000.WAV,Telephone Field,recover-20221013,001,1795
34.7265,34.7595,68437,80543,Rhinolophus ferrumequinum,0.027,0.027,-1,Echolocation,/mnt/ubna_data_02_mir/recover-20221013/UBNA_001/20221012_030000.WAV,Telephone Field,recover-20221013,001,1795
34.7515,34.7613,24609,32221,Eptesicus serotinus,0.008,0.022,-1,Echolocation,/mnt/ubna_data_02_mir/recover-20221013/UBNA_001/20221012_030000.WAV,Telephone Field,recover-20221013,001,1795
34.7565,34.7962,68437,82319,Rhinolophus ferrumequinum,0.03,0.03,-1,Echolocation,/mnt/ubna_data_02_mir/recover-20221013/UBNA_001/20221012_030000.WAV,Telephone Field,recover-20221013,001,1795
34.7755,34.8149,68437,81828,Rhinolophus ferrumequinum,0.022,0.022,-1,Echolocation,/mnt/ubna_data_02_mir/recover-20221013/UBNA_001/20221012_030000.WAV,Telephone Field,recover-20221013,001,1795
34.7965,34.835300000000004,68437,82351,Rhinolophus ferrumequinum,0.021,0.021,-1,Echolocation,/mnt/ubna_data_02_mir/recover-20221013/UBNA_001/20221012_030000.WAV,Telephone Field,recover-20221013,001,1795
34.9355,34.9728,68437,82136,Rhinolophus ferrumequinum,0.021,0.022,-1,Echolocation,/mnt/ubna_data_02_mir/recover-20221013/UBNA_001/20221012_030000.WAV,Telephone Field,recover-20221013,001,1795
34.9675,34.9768,22890,29471,Plecotus austriacus,0.008,0.022,-1,Echolocation,/mnt/ubna_data_02_mir/recover-20221013/UBNA_001/20221012_030000.WAV,Telephone Field,recover-20221013,001,1795
34.9895,35.0282,68437,82531,Rhinolophus ferrumequinum,0.025,0.025,-1,Echolocation,/mnt/ubna_data_02_mir/recover-20221013/UBNA_001/20221012_030000.WAV,Telephone Field,recover-20221013,001,1795
34.9925,35.0023,28906,36267,Eptesicus serotinus,0.008,0.024,-1,Echolocation,/mnt/ubna_data_02_mir/recover-20221013/UBNA_001/20221012_030000.WAV,Telephone Field,recover-20221013,001,1795
35.0095,35.0438,68437,80684,Rhinolophus ferrumequinum,0.022,0.023,-1,Echolocation,/mnt/ubna_data_02_mir/recover-20221013/UBNA_001/20221012_030000.WAV,Telephone Field,recover-20221013,001,1795
35.0745,35.0816,28046,39499,Eptesicus serotinus,0.006,0.023,-1,Echolocation,/mnt/ubna_data_02_mir/recover-20221013/UBNA_001/20221012_030000.WAV,Telephone Field,recover-20221013,001,1795
35.085499999999996,35.126400000000004,68437,82783,Rhinolophus ferrumequinum,0.024,0.024,-1,Echolocation,/mnt/ubna_data_02_mir/recover-20221013/UBNA_001/20221012_030000.WAV,Telephone Field,recover-20221013,001,1795
35.1075,35.1491,68437,82501,Rhinolophus ferrumequinum,0.023,0.023,-1,Echolocation,/mnt/ubna_data_02_mir/recover-20221013/UBNA_001/20221012_030000.WAV,Telephone Field,recover-20221013,001,1795
35.1435,35.1804,68437,81067,Rhinolophus ferrumequinum,0.021,0.021,-1,Echolocation,/mnt/ubna_data_02_mir/recover-20221013/UBNA_001/20221012_030000.WAV,Telephone Field,recover-20221013,001,1795
35.1525,35.1912,68437,81585,Rhinolophus ferrumequinum,0.024,0.024,-1,Echolocation,/mnt/ubna_data_02_mir/recover-20221013/UBNA_001/20221012_030000.WAV,Telephone Field,recover-20221013,001,1795
35.1805,35.2203,68437,82782,Rhinolophus ferrumequinum,0.024,0.024,-1,Echolocation,/mnt/ubna_data_02_mir/recover-20221013/UBNA_001/20221012_030000.WAV,Telephone Field,recover-20221013,001,1795
35.1935,35.2356,68437,82159,Rhinolophus ferrumequinum,0.028,0.028,-1,Echolocation,/mnt/ubna_data_02_mir/recover-20221013/UBNA_001/20221012_030000.WAV,Telephone Field,recover-20221013,001,1795
35.1985,35.2057,26328,34706,Eptesicus serotinus,0.006,0.022,-1,Echolocation,/mnt/ubna_data_02_mir/recover-20221013/UBNA_001/20221012_030000.WAV,Telephone Field,recover-20221013,001,1795
35.2025,35.2439,68437,82892,Rhinolophus ferrumequinum,0.032,0.032,-1,Echolocation,/mnt/ubna_data_02_mir/recover-20221013/UBNA_001/20221012_030000.WAV,Telephone Field,recover-20221013,001,1795
35.2265,35.238,26328,33469,Eptesicus serotinus,0.012,0.028,-1,Echolocation,/mnt/ubna_data_02_mir/recover-20221013/UBNA_001/20221012_030000.WAV,Telephone Field,recover-20221013,001,1795
35.2275,35.2639,68437,82009,Rhinolophus ferrumequinum,0.021,0.021,-1,Echolocation,/mnt/ubna_data_02_mir/recover-20221013/UBNA_001/20221012_030000.WAV,Telephone Field,recover-20221013,001,1795
35.2385,35.2498,24609,30372,Nyctalus leisleri,0.01,0.023,-1,Echolocation,/mnt/ubna_data_02_mir/recover-20221013/UBNA_001/20221012_030000.WAV,Telephone Field,recover-20221013,001,1795
35.2515,35.29,68437,82347,Rhinolophus ferrumequinum,0.022,0.022,-1,Echolocation,/mnt/ubna_data_02_mir/recover-20221013/UBNA_001/20221012_030000.WAV,Telephone Field,recover-20221013,001,1795
35.2745,35.284,28906,37235,Eptesicus serotinus,0.01,0.026,-1,Echolocation,/mnt/ubna_data_02_mir/recover-20221013/UBNA_001/20221012_030000.WAV,Telephone Field,recover-20221013,001,1795
35.2775,35.3195,68437,82688,Rhinolophus ferrumequinum,0.024,0.024,-1,Echolocation,/mnt/ubna_data_02_mir/recover-20221013/UBNA_001/20221012_030000.WAV,Telephone Field,recover-20221013,001,1795
35.2885,35.3302,68437,83230,Rhinolophus ferrumequinum,0.031,0.031,-1,Echolocation,/mnt/ubna_data_02_mir/recover-20221013/UBNA_001/20221012_030000.WAV,Telephone Field,recover-20221013,001,1795
35.2975,35.3088,26328,34749,Eptesicus serotinus,0.013,0.027,-1,Echolocation,/mnt/ubna_data_02_mir/recover-20221013/UBNA_001/20221012_030000.WAV,Telephone Field,recover-20221013,001,1795
35.3055,35.3425,68437,81882,Rhinolophus ferrumequinum,0.021,0.022,-1,Echolocation,/mnt/ubna_data_02_mir/recover-20221013/UBNA_001/20221012_030000.WAV,Telephone Field,recover-20221013,001,1795
35.3085,35.3161,28046,38899,Eptesicus serotinus,0.007,0.025,-1,Echolocation,/mnt/ubna_data_02_mir/recover-20221013/UBNA_001/20221012_030000.WAV,Telephone Field,recover-20221013,001,1795
35.3345,35.376400000000004,68437,82731,Rhinolophus ferrumequinum,0.022,0.022,-1,Echolocation,/mnt/ubna_data_02_mir/recover-20221013/UBNA_001/20221012_030000.WAV,Telephone Field,recover-20221013,001,1795
35.3585,35.3982,68437,82139,Rhinolophus ferrumequinum,0.022,0.022,-1,Echolocation,/mnt/ubna_data_02_mir/recover-20221013/UBNA_001/20221012_030000.WAV,Telephone Field,recover-20221013,001,1795
35.4015,35.4121,22890,29808,Nyctalus leisleri,0.013,0.033,-1,Echolocation,/mnt/ubna_data_02_mir/recover-20221013/UBNA_001/20221012_030000.WAV,Telephone Field,recover-20221013,001,1795
35.4035,35.446799999999996,68437,82717,Rhinolophus ferrumequinum,0.033,0.033,-1,Echolocation,/mnt/ubna_data_02_mir/recover-20221013/UBNA_001/20221012_030000.WAV,Telephone Field,recover-20221013,001,1795
35.4275,35.465,68437,81500,Rhinolophus ferrumequinum,0.028,0.028,-1,Echolocation,/mnt/ubna_data_02_mir/recover-20221013/UBNA_001/20221012_030000.WAV,Telephone Field,recover-20221013,001,1795
35.4355,35.4727,68437,81662,Rhinolophus ferrumequinum,0.022,0.022,-1,Echolocation,/mnt/ubna_data_02_mir/recover-20221013/UBNA_001/20221012_030000.WAV,Telephone Field,recover-20221013,001,1795
35.4585,35.4967,68437,82274,Rhinolophus ferrumequinum,0.025,0.025,-1,Echolocation,/mnt/ubna_data_02_mir/recover-20221013/UBNA_001/20221012_030000.WAV,Telephone Field,recover-20221013,001,1795
35.4655,35.4725,23750,32790,Plecotus austriacus,0.01,0.023,-1,Echolocation,/mnt/ubna_data_02_mir/recover-20221013/UBNA_001/20221012_030000.WAV,Telephone Field,recover-20221013,001,1795
35.4925,35.5314,68437,82265,Rhinolophus ferrumequinum,0.026,0.026,-1,Echolocation,/mnt/ubna_data_02_mir/recover-20221013/UBNA_001/20221012_030000.WAV,Telephone Field,recover-20221013,001,1795
35.6185,35.6534,68437,81369,Rhinolophus ferrumequinum,0.023,0.023,-1,Echolocation,/mnt/ubna_data_02_mir/recover-20221013/UBNA_001/20221012_030000.WAV,Telephone Field,recover-20221013,001,1795
35.6505,35.6933,68437,83315,Rhinolophus ferrumequinum,0.029,0.029,-1,Echolocation,/mnt/ubna_data_02_mir/recover-20221013/UBNA_001/20221012_030000.WAV,Telephone Field,recover-20221013,001,1795
35.658500000000004,35.6662,22031,30309,Plecotus austriacus,0.018,0.032,-1,Echolocation,/mnt/ubna_data_02_mir/recover-20221013/UBNA_001/20221012_030000.WAV,Telephone Field,recover-20221013,001,1795
35.664500000000004,35.6821,16015,19778,Nyctalus noctula,0.013,0.022,-1,Echolocation,/mnt/ubna_data_02_mir/recover-20221013/UBNA_001/20221012_030000.WAV,Telephone Field,recover-20221013,001,1795
35.6705,35.7063,68437,81065,Rhinolophus ferrumequinum,0.022,0.022,-1,Echolocation,/mnt/ubna_data_02_mir/recover-20221013/UBNA_001/20221012_030000.WAV,Telephone Field,recover-20221013,001,1795
35.6955,35.734899999999996,68437,82378,Rhinolophus ferrumequinum,0.023,0.023,-1,Echolocation,/mnt/ubna_data_02_mir/recover-20221013/UBNA_001/20221012_030000.WAV,Telephone Field,recover-20221013,001,1795
35.7485,35.7902,68437,82805,Rhinolophus ferrumequinum,0.033,0.033,-1,Echolocation,/mnt/ubna_data_02_mir/recover-20221013/UBNA_001/20221012_030000.WAV,Telephone Field,recover-20221013,001,1795
35.7685,35.8097,68437,82620,Rhinolophus ferrumequinum,0.026,0.026,-1,Echolocation,/mnt/ubna_data_02_mir/recover-20221013/UBNA_001/20221012_030000.WAV,Telephone Field,recover-20221013,001,1795
35.7725,35.7833,24609,31226,Eptesicus serotinus,0.008,0.022,-1,Echolocation,/mnt/ubna_data_02_mir/recover-20221013/UBNA_001/20221012_030000.WAV,Telephone Field,recover-20221013,001,1795
35.7965,35.835,68437,82108,Rhinolophus ferrumequinum,0.021,0.021,-1,Echolocation,/mnt/ubna_data_02_mir/recover-20221013/UBNA_001/20221012_030000.WAV,Telephone Field,recover-20221013,001,1795
35.7985,35.808,28046,36544,Eptesicus serotinus,0.01,0.024,-1,Echolocation,/mnt/ubna_data_02_mir/recover-20221013/UBNA_001/20221012_030000.WAV,Telephone Field,recover-20221013,001,1795
35.8275,35.8352,28046,38397,Eptesicus serotinus,0.008,0.025,-1,Echolocation,/mnt/ubna_data_02_mir/recover-20221013/UBNA_001/20221012_030000.WAV,Telephone Field,recover-20221013,001,1795
35.8455,35.8853,68437,82187,Rhinolophus ferrumequinum,0.023,0.023,-1,Echolocation,/mnt/ubna_data_02_mir/recover-20221013/UBNA_001/20221012_030000.WAV,Telephone Field,recover-20221013,001,1795
35.8745,35.9155,68437,82555,Rhinolophus ferrumequinum,0.023,0.023,-1,Echolocation,/mnt/ubna_data_02_mir/recover-20221013/UBNA_001/20221012_030000.WAV,Telephone Field,recover-20221013,001,1795
35.8755,35.8824,27187,39997,Eptesicus serotinus,0.006,0.021,-1,Echolocation,/mnt/ubna_data_02_mir/recover-20221013/UBNA_001/20221012_030000.WAV,Telephone Field,recover-20221013,001,1795
35.9045,35.946,68437,82164,Rhinolophus ferrumequinum,0.022,0.022,-1,Echolocation,/mnt/ubna_data_02_mir/recover-20221013/UBNA_001/20221012_030000.WAV,Telephone Field,recover-20221013,001,1795
35.9385,35.9482,25468,32918,Eptesicus serotinus,0.01,0.022,-1,Echolocation,/mnt/ubna_data_02_mir/recover-20221013/UBNA_001/20221012_030000.WAV,Telephone Field,recover-20221013,001,1795
35.9405,35.9804,68437,82624,Rhinolophus ferrumequinum,0.022,0.022,-1,Echolocation,/mnt/ubna_data_02_mir/recover-20221013/UBNA_001/20221012_030000.WAV,Telephone Field,recover-20221013,001,1795
35.9865,35.9999,23750,30051,Nyctalus leisleri,0.013,0.03,-1,Echolocation,/mnt/ubna_data_02_mir/recover-20221013/UBNA_001/20221012_030000.WAV,Telephone Field,recover-20221013,001,1795
36.0015,36.0333,68437,80180,Rhinolophus ferrumequinum,0.045,0.046,-1,Echolocation,/mnt/ubna_data_02_mir/recover-20221013/UBNA_001/20221012_030000.WAV,Telephone Field,recover-20221013,001,1795
36.0015,36.0104,25468,33775,Nyctalus leisleri,0.01,0.027,-1,Echolocation,/mnt/ubna_data_02_mir/recover-20221013/UBNA_001/20221012_030000.WAV,Telephone Field,recover-20221013,001,1795
36.0175,36.0317,22890,26462,Nyctalus leisleri,0.02,0.031,-1,Echolocation,/mnt/ubna_data_02_mir/recover-20221013/UBNA_001/20221012_030000.WAV,Telephone Field,recover-20221013,001,1795
36.0305,36.0377,28046,39257,Eptesicus serotinus,0.007,0.024,-1,Echolocation,/mnt/ubna_data_02_mir/recover-20221013/UBNA_001/20221012_030000.WAV,Telephone Field,recover-20221013,001,1795
36.0715,36.0795,24609,33011,Plecotus austriacus,0.007,0.024,-1,Echolocation,/mnt/ubna_data_02_mir/recover-20221013/UBNA_001/20221012_030000.WAV,Telephone Field,recover-20221013,001,1795
36.0795,36.0887,28046,38341,Eptesicus serotinus,0.009,0.022,-1,Echolocation,/mnt/ubna_data_02_mir/recover-20221013/UBNA_001/20221012_030000.WAV,Telephone Field,recover-20221013,001,1795
36.085499999999996,36.1231,68437,82025,Rhinolophus ferrumequinum,0.021,0.021,-1,Echolocation,/mnt/ubna_data_02_mir/recover-20221013/UBNA_001/20221012_030000.WAV,Telephone Field,recover-20221013,001,1795
36.1195,36.1265,24609,33913,Plecotus austriacus,0.009,0.023,-1,Echolocation,/mnt/ubna_data_02_mir/recover-20221013/UBNA_001/20221012_030000.WAV,Telephone Field,recover-20221013,001,1795
36.1355,36.1483,34062,39297,Pipistrellus nathusii,0.016,0.036,-1,Echolocation,/mnt/ubna_data_02_mir/recover-20221013/UBNA_001/20221012_030000.WAV,Telephone Field,recover-20221013,001,1795
36.164500000000004,36.1727,23750,32092,Plecotus austriacus,0.008,0.023,-1,Echolocation,/mnt/ubna_data_02_mir/recover-20221013/UBNA_001/20221012_030000.WAV,Telephone Field,recover-20221013,001,1795
36.2155,36.2536,68437,82400,Rhinolophus ferrumequinum,0.02,0.02,-1,Echolocation,/mnt/ubna_data_02_mir/recover-20221013/UBNA_001/20221012_030000.WAV,Telephone Field,recover-20221013,001,1795
36.2555,36.295,68437,82059,Rhinolophus ferrumequinum,0.022,0.022,-1,Echolocation,/mnt/ubna_data_02_mir/recover-20221013/UBNA_001/20221012_030000.WAV,Telephone Field,recover-20221013,001,1795
36.3555,36.37,56406,61357,Pipistrellus pygmaeus,0.023,0.026,-1,Echolocation,/mnt/ubna_data_02_mir/recover-20221013/UBNA_001/20221012_030000.WAV,Telephone Field,recover-20221013,001,1795
36.3715,36.3831,14296,20184,Nyctalus noctula,0.013,0.023,-1,Echolocation,/mnt/ubna_data_02_mir/recover-20221013/UBNA_001/20221012_030000.WAV,Telephone Field,recover-20221013,001,1795
36.3805,36.4195,68437,81832,Rhinolophus ferrumequinum,0.02,0.02,-1,Echolocation,/mnt/ubna_data_02_mir/recover-20221013/UBNA_001/20221012_030000.WAV,Telephone Field,recover-20221013,001,1795
36.411500000000004,36.4214,22890,28136,Nyctalus leisleri,0.01,0.024,-1,Echolocation,/mnt/ubna_data_02_mir/recover-20221013/UBNA_001/20221012_030000.WAV,Telephone Field,recover-20221013,001,1795
36.4295,36.4691,68437,82732,Rhinolophus ferrumequinum,0.023,0.023,-1,Echolocation,/mnt/ubna_data_02_mir/recover-20221013/UBNA_001/20221012_030000.WAV,Telephone Field,recover-20221013,001,1795
36.4595,36.4667,24609,33618,Plecotus austriacus,0.008,0.021,-1,Echolocation,/mnt/ubna_data_02_mir/recover-20221013/UBNA_001/20221012_030000.WAV,Telephone Field,recover-20221013,001,1795
36.4985,36.5081,28906,37936,Eptesicus serotinus,0.012,0.027,-1,Echolocation,/mnt/ubna_data_02_mir/recover-20221013/UBNA_001/20221012_030000.WAV,Telephone Field,recover-20221013,001,1795
36.5165,36.5561,68437,82383,Rhinolophus ferrumequinum,0.021,0.021,-1,Echolocation,/mnt/ubna_data_02_mir/recover-20221013/UBNA_001/20221012_030000.WAV,Telephone Field,recover-20221013,001,1795
36.5625,36.5721,35781,41707,Barbastellus barbastellus,0.013,0.033,-1,Echolocation,/mnt/ubna_data_02_mir/recover-20221013/UBNA_001/20221012_030000.WAV,Telephone Field,recover-20221013,001,1795
36.5635,36.5707,27187,42721,Eptesicus serotinus,0.007,0.025,-1,Echolocation,/mnt/ubna_data_02_mir/recover-20221013/UBNA_001/20221012_030000.WAV,Telephone Field,recover-20221013,001,1795
36.6085,36.6471,68437,82186,Rhinolophus ferrumequinum,0.02,0.02,-1,Echolocation,/mnt/ubna_data_02_mir/recover-20221013/UBNA_001/20221012_030000.WAV,Telephone Field,recover-20221013,001,1795
36.6445,36.6514,26328,36644,Plecotus austriacus,0.01,0.041,-1,Echolocation,/mnt/ubna_data_02_mir/recover-20221013/UBNA_001/20221012_030000.WAV,Telephone Field,recover-20221013,001,1795
36.667500000000004,36.7061,68437,82505,Rhinolophus ferrumequinum,0.021,0.021,-1,Echolocation,/mnt/ubna_data_02_mir/recover-20221013/UBNA_001/20221012_030000.WAV,Telephone Field,recover-20221013,001,1795
36.6885,36.7286,68437,82214,Rhinolophus ferrumequinum,0.023,0.023,-1,Echolocation,/mnt/ubna_data_02_mir/recover-20221013/UBNA_001/20221012_030000.WAV,Telephone Field,recover-20221013,001,1795
36.7795,36.7877,28046,41902,Eptesicus serotinus,0.008,0.022,-1,Echolocation,/mnt/ubna_data_02_mir/recover-20221013/UBNA_001/20221012_030000.WAV,Telephone Field,recover-20221013,001,1795
36.7935,36.8322,68437,82414,Rhinolophus ferrumequinum,0.025,0.025,-1,Echolocation,/mnt/ubna_data_02_mir/recover-20221013/UBNA_001/20221012_030000.WAV,Telephone Field,recover-20221013,001,1795
36.8165,36.8241,46953,50170,Pipistrellus pipistrellus,0.026,0.028,-1,Echolocation,/mnt/ubna_data_02_mir/recover-20221013/UBNA_001/20221012_030000.WAV,Telephone Field,recover-20221013,001,1795
36.8175,36.8565,68437,82436,Rhinolophus ferrumequinum,0.025,0.025,-1,Echolocation,/mnt/ubna_data_02_mir/recover-20221013/UBNA_001/20221012_030000.WAV,Telephone Field,recover-20221013,001,1795
36.8335,36.8531,21171,24489,Nyctalus leisleri,0.015,0.027,-1,Echolocation,/mnt/ubna_data_02_mir/recover-20221013/UBNA_001/20221012_030000.WAV,Telephone Field,recover-20221013,001,1795
36.8855,36.9238,68437,81688,Rhinolophus ferrumequinum,0.021,0.021,-1,Echolocation,/mnt/ubna_data_02_mir/recover-20221013/UBNA_001/20221012_030000.WAV,Telephone Field,recover-20221013,001,1795
36.9365,36.975,68437,81350,Rhinolophus ferrumequinum,0.021,0.021,-1,Echolocation,/mnt/ubna_data_02_mir/recover-20221013/UBNA_001/20221012_030000.WAV,Telephone Field,recover-20221013,001,1795
36.957499999999996,36.9934,68437,81529,Rhinolophus ferrumequinum,0.022,0.022,-1,Echolocation,/mnt/ubna_data_02_mir/recover-20221013/UBNA_001/20221012_030000.WAV,Telephone Field,recover-20221013,001,1795
36.9645,36.9838,20312,23171,Nyctalus leisleri,0.013,0.021,-1,Echolocation,/mnt/ubna_data_02_mir/recover-20221013/UBNA_001/20221012_030000.WAV,Telephone Field,recover-20221013,001,1795
36.9685,37.0037,68437,82051,Rhinolophus ferrumequinum,0.02,0.021,-1,Echolocation,/mnt/ubna_data_02_mir/recover-20221013/UBNA_001/20221012_030000.WAV,Telephone Field,recover-20221013,001,1795
36.9725,36.9846,22890,26765,Nyctalus leisleri,0.014,0.022,-1,Echolocation,/mnt/ubna_data_02_mir/recover-20221013/UBNA_001/20221012_030000.WAV,Telephone Field,recover-20221013,001,1795
36.9815,36.9892,28046,40394,Eptesicus serotinus,0.007,0.021,-1,Echolocation,/mnt/ubna_data_02_mir/recover-20221013/UBNA_001/20221012_030000.WAV,Telephone Field,recover-20221013,001,1795
37.0095,37.0496,68437,82200,Rhinolophus ferrumequinum,0.023,0.023,-1,Echolocation,/mnt/ubna_data_02_mir/recover-20221013/UBNA_001/20221012_030000.WAV,Telephone Field,recover-20221013,001,1795
37.0345,37.0728,68437,81701,Rhinolophus ferrumequinum,0.026,0.026,-1,Echolocation,/mnt/ubna_data_02_mir/recover-20221013/UBNA_001/20221012_030000.WAV,Telephone Field,recover-20221013,001,1795
37.0485,37.0846,68437,81741,Rhinolophus ferrumequinum,0.022,0.022,-1,Echolocation,/mnt/ubna_data_02_mir/recover-20221013/UBNA_001/20221012_030000.WAV,Telephone Field,recover-20221013,001,1795
37.1435,37.1836,68437,82580,Rhinolophus ferrumequinum,0.023,0.023,-1,Echolocation,/mnt/ubna_data_02_mir/recover-20221013/UBNA_001/20221012_030000.WAV,Telephone Field,recover-20221013,001,1795
37.1625,37.202799999999996,68437,83089,Rhinolophus ferrumequinum,0.024,0.024,-1,Echolocation,/mnt/ubna_data_02_mir/recover-20221013/UBNA_001/20221012_030000.WAV,Telephone Field,recover-20221013,001,1795
37.1745,37.1824,43515,49310,Pipistrellus pipistrellus,0.021,0.024,-1,Echolocation,/mnt/ubna_data_02_mir/recover-20221013/UBNA_001/20221012_030000.WAV,Telephone Field,recover-20221013,001,1795
37.2005,37.2124,24609,30028,Nyctalus leisleri,0.017,0.039,-1,Echolocation,/mnt/ubna_data_02_mir/recover-20221013/UBNA_001/20221012_030000.WAV,Telephone Field,recover-20221013,001,1795
37.2505,37.26,23750,30568,Nyctalus leisleri,0.007,0.021,-1,Echolocation,/mnt/ubna_data_02_mir/recover-20221013/UBNA_001/20221012_030000.WAV,Telephone Field,recover-20221013,001,1795
37.2675,37.275,27187,42129,Eptesicus serotinus,0.007,0.021,-1,Echolocation,/mnt/ubna_data_02_mir/recover-20221013/UBNA_001/20221012_030000.WAV,Telephone Field,recover-20221013,001,1795
37.2685,37.2743,33203,44936,Myotis daubentonii,0.01,0.021,-1,Echolocation,/mnt/ubna_data_02_mir/recover-20221013/UBNA_001/20221012_030000.WAV,Telephone Field,recover-20221013,001,1795
37.2855,37.295,28906,37159,Eptesicus serotinus,0.011,0.026,-1,Echolocation,/mnt/ubna_data_02_mir/recover-20221013/UBNA_001/20221012_030000.WAV,Telephone Field,recover-20221013,001,1795
37.2995,37.3395,68437,82002,Rhinolophus ferrumequinum,0.022,0.022,-1,Echolocation,/mnt/ubna_data_02_mir/recover-20221013/UBNA_001/20221012_030000.WAV,Telephone Field,recover-20221013,001,1795
37.3195,37.3591,68437,82647,Rhinolophus ferrumequinum,0.025,0.025,-1,Echolocation,/mnt/ubna_data_02_mir/recover-20221013/UBNA_001/20221012_030000.WAV,Telephone Field,recover-20221013,001,1795
37.3195,37.3309,25468,32310,Eptesicus serotinus,0.009,0.021,-1,Echolocation,/mnt/ubna_data_02_mir/recover-20221013/UBNA_001/20221012_030000.WAV,Telephone Field,recover-20221013,001,1795
37.3275,37.338,23750,28848,Nyctalus leisleri,0.01,0.021,-1,Echolocation,/mnt/ubna_data_02_mir/recover-20221013/UBNA_001/20221012_030000.WAV,Telephone Field,recover-20221013,001,1795
37.3455,37.3534,28046,38530,Eptesicus serotinus,0.008,0.023,-1,Echolocation,/mnt/ubna_data_02_mir/recover-20221013/UBNA_001/20221012_030000.WAV,Telephone Field,recover-20221013,001,1795
37.3715,37.4121,68437,82625,Rhinolophus ferrumequinum,0.026,0.026,-1,Echolocation,/mnt/ubna_data_02_mir/recover-20221013/UBNA_001/20221012_030000.WAV,Telephone Field,recover-20221013,001,1795
37.4165,37.4582,68437,82435,Rhinolophus ferrumequinum,0.023,0.023,-1,Echolocation,/mnt/ubna_data_02_mir/recover-20221013/UBNA_001/20221012_030000.WAV,Telephone Field,recover-20221013,001,1795
37.4315,37.442099999999996,32343,38003,Eptesicus serotinus,0.009,0.027,-1,Echolocation,/mnt/ubna_data_02_mir/recover-20221013/UBNA_001/20221012_030000.WAV,Telephone Field,recover-20221013,001,1795
37.4445,37.481,68437,82060,Rhinolophus ferrumequinum,0.023,0.023,-1,Echolocation,/mnt/ubna_data_02_mir/recover-20221013/UBNA_001/20221012_030000.WAV,Telephone Field,recover-20221013,001,1795
37.4545,37.4913,68437,81001,Rhinolophus ferrumequinum,0.021,0.021,-1,Echolocation,/mnt/ubna_data_02_mir/recover-20221013/UBNA_001/20221012_030000.WAV,Telephone Field,recover-20221013,001,1795
37.4915,37.5028,22890,27453,Nyctalus leisleri,0.012,0.024,-1,Echolocation,/mnt/ubna_data_02_mir/recover-20221013/UBNA_001/20221012_030000.WAV,Telephone Field,recover-20221013,001,1795
37.4935,37.5357,68437,82930,Rhinolophus ferrumequinum,0.029,0.029,-1,Echolocation,/mnt/ubna_data_02_mir/recover-20221013/UBNA_001/20221012_030000.WAV,Telephone Field,recover-20221013,001,1795
37.5195,37.5598,68437,82644,Rhinolophus ferrumequinum,0.023,0.023,-1,Echolocation,/mnt/ubna_data_02_mir/recover-20221013/UBNA_001/20221012_030000.WAV,Telephone Field,recover-20221013,001,1795
37.5685,37.6058,68437,81763,Rhinolophus ferrumequinum,0.021,0.021,-1,Echolocation,/mnt/ubna_data_02_mir/recover-20221013/UBNA_001/20221012_030000.WAV,Telephone Field,recover-20221013,001,1795
37.585499999999996,37.5974,27187,32821,Eptesicus serotinus,0.012,0.026,-1,Echolocation,/mnt/ubna_data_02_mir/recover-20221013/UBNA_001/20221012_030000.WAV,Telephone Field,recover-20221013,001,1795
37.6205,37.6603,68437,82310,Rhinolophus ferrumequinum,0.022,0.022,-1,Echolocation,/mnt/ubna_data_02_mir/recover-20221013/UBNA_001/20221012_030000.WAV,Telephone Field,recover-20221013,001,1795
37.6255,37.6469,17734,20430,Nyctalus noctula,0.011,0.02,-1,Echolocation,/mnt/ubna_data_02_mir/recover-20221013/UBNA_001/20221012_030000.WAV,Telephone Field,recover-20221013,001,1795
37.6685,37.6806,23750,29477,Nyctalus leisleri,0.012,0.026,-1,Echolocation,/mnt/ubna_data_02_mir/recover-20221013/UBNA_001/20221012_030000.WAV,Telephone Field,recover-20221013,001,1795
37.6695,37.7094,68437,82262,Rhinolophus ferrumequinum,0.022,0.022,-1,Echolocation,/mnt/ubna_data_02_mir/recover-20221013/UBNA_001/20221012_030000.WAV,Telephone Field,recover-20221013,001,1795
37.6805,37.6913,27187,35707,Eptesicus serotinus,0.011,0.024,-1,Echolocation,/mnt/ubna_data_02_mir/recover-20221013/UBNA_001/20221012_030000.WAV,Telephone Field,recover-20221013,001,1795
37.7095,37.7173,22890,31118,Plecotus austriacus,0.012,0.025,-1,Echolocation,/mnt/ubna_data_02_mir/recover-20221013/UBNA_001/20221012_030000.WAV,Telephone Field,recover-20221013,001,1795
37.7155,37.7521,68437,81184,Rhinolophus ferrumequinum,0.021,0.021,-1,Echolocation,/mnt/ubna_data_02_mir/recover-20221013/UBNA_001/20221012_030000.WAV,Telephone Field,recover-20221013,001,1795
37.7355,37.7701,68437,81055,Rhinolophus ferrumequinum,0.021,0.021,-1,Echolocation,/mnt/ubna_data_02_mir/recover-20221013/UBNA_001/20221012_030000.WAV,Telephone Field,recover-20221013,001,1795
37.7715,37.8127,68437,82804,Rhinolophus ferrumequinum,0.027,0.027,-1,Echolocation,/mnt/ubna_data_02_mir/recover-20221013/UBNA_001/20221012_030000.WAV,Telephone Field,recover-20221013,001,1795
37.8455,37.8559,28906,36605,Eptesicus serotinus,0.014,0.028,-1,Echolocation,/mnt/ubna_data_02_mir/recover-20221013/UBNA_001/20221012_030000.WAV,Telephone Field,recover-20221013,001,1795
37.8725,37.8823,25468,31344,Nyctalus leisleri,0.011,0.03,-1,Echolocation,/mnt/ubna_data_02_mir/recover-20221013/UBNA_001/20221012_030000.WAV,Telephone Field,recover-20221013,001,1795
37.8865,37.8946,28046,39555,Eptesicus serotinus,0.008,0.022,-1,Echolocation,/mnt/ubna_data_02_mir/recover-20221013/UBNA_001/20221012_030000.WAV,Telephone Field,recover-20221013,001,1795
37.9245,37.9659,68437,82041,Rhinolophus ferrumequinum,0.023,0.023,-1,Echolocation,/mnt/ubna_data_02_mir/recover-20221013/UBNA_001/20221012_030000.WAV,Telephone Field,recover-20221013,001,1795
37.9305,37.9424,23750,29359,Nyctalus leisleri,0.014,0.03,-1,Echolocation,/mnt/ubna_data_02_mir/recover-20221013/UBNA_001/20221012_030000.WAV,Telephone Field,recover-20221013,001,1795
37.9825,37.9945,24609,31570,Eptesicus serotinus,0.013,0.03,-1,Echolocation,/mnt/ubna_data_02_mir/recover-20221013/UBNA_001/20221012_030000.WAV,Telephone Field,recover-20221013,001,1795
38.0015,38.0087,48671,56265,Pipistrellus pipistrellus,0.018,0.023,-1,Echolocation,/mnt/ubna_data_02_mir/recover-20221013/UBNA_001/20221012_030000.WAV,Telephone Field,recover-20221013,001,1795
38.0015,38.012100000000004,23750,30114,Nyctalus leisleri,0.019,0.042,-1,Echolocation,/mnt/ubna_data_02_mir/recover-20221013/UBNA_001/20221012_030000.WAV,Telephone Field,recover-20221013,001,1795
38.0015,38.0332,69296,81417,Rhinolophus ferrumequinum,0.033,0.033,-1,Echolocation,/mnt/ubna_data_02_mir/recover-20221013/UBNA_001/20221012_030000.WAV,Telephone Field,recover-20221013,001,1795
38.0105,38.0533,68437,82744,Rhinolophus ferrumequinum,0.026,0.026,-1,Echolocation,/mnt/ubna_data_02_mir/recover-20221013/UBNA_001/20221012_030000.WAV,Telephone Field,recover-20221013,001,1795
38.0105,38.0252,21171,25256,Nyctalus leisleri,0.015,0.025,-1,Echolocation,/mnt/ubna_data_02_mir/recover-20221013/UBNA_001/20221012_030000.WAV,Telephone Field,recover-20221013,001,1795
38.0265,38.0347,26328,36118,Eptesicus serotinus,0.008,0.021,-1,Echolocation,/mnt/ubna_data_02_mir/recover-20221013/UBNA_001/20221012_030000.WAV,Telephone Field,recover-20221013,001,1795
38.0375,38.073499999999996,68437,80524,Rhinolophus ferrumequinum,0.022,0.022,-1,Echolocation,/mnt/ubna_data_02_mir/recover-20221013/UBNA_001/20221012_030000.WAV,Telephone Field,recover-20221013,001,1795
38.0495,38.059,28906,36709,Eptesicus serotinus,0.01,0.025,-1,Echolocation,/mnt/ubna_data_02_mir/recover-20221013/UBNA_001/20221012_030000.WAV,Telephone Field,recover-20221013,001,1795
38.0815,38.0893,25468,34010,Eptesicus serotinus,0.007,0.021,-1,Echolocation,/mnt/ubna_data_02_mir/recover-20221013/UBNA_001/20221012_030000.WAV,Telephone Field,recover-20221013,001,1795
38.1105,38.1215,23750,29720,Nyctalus leisleri,0.013,0.03,-1,Echolocation,/mnt/ubna_data_02_mir/recover-20221013/UBNA_001/20221012_030000.WAV,Telephone Field,recover-20221013,001,1795
38.1395,38.1821,68437,82939,Rhinolophus ferrumequinum,0.032,0.032,-1,Echolocation,/mnt/ubna_data_02_mir/recover-20221013/UBNA_001/20221012_030000.WAV,Telephone Field,recover-20221013,001,1795
38.158500000000004,38.1668,25468,33895,Eptesicus serotinus,0.007,0.022,-1,Echolocation,/mnt/ubna_data_02_mir/recover-20221013/UBNA_001/20221012_030000.WAV,Telephone Field,recover-20221013,001,1795
38.1605,38.201,68437,82124,Rhinolophus ferrumequinum,0.021,0.021,-1,Echolocation,/mnt/ubna_data_02_mir/recover-20221013/UBNA_001/20221012_030000.WAV,Telephone Field,recover-20221013,001,1795
38.1845,38.225,68437,82484,Rhinolophus ferrumequinum,0.02,0.02,-1,Echolocation,/mnt/ubna_data_02_mir/recover-20221013/UBNA_001/20221012_030000.WAV,Telephone Field,recover-20221013,001,1795
38.1885,38.2013,22890,27604,Nyctalus leisleri,0.012,0.022,-1,Echolocation,/mnt/ubna_data_02_mir/recover-20221013/UBNA_001/20221012_030000.WAV,Telephone Field,recover-20221013,001,1795
38.2355,38.274,68437,82243,Rhinolophus ferrumequinum,0.02,0.021,-1,Echolocation,/mnt/ubna_data_02_mir/recover-20221013/UBNA_001/20221012_030000.WAV,Telephone Field,recover-20221013,001,1795
38.2695,38.3078,68437,82062,Rhinolophus ferrumequinum,0.02,0.02,-1,Echolocation,/mnt/ubna_data_02_mir/recover-20221013/UBNA_001/20221012_030000.WAV,Telephone Field,recover-20221013,001,1795
38.3165,38.3573,68437,82489,Rhinolophus ferrumequinum,0.022,0.022,-1,Echolocation,/mnt/ubna_data_02_mir/recover-20221013/UBNA_001/20221012_030000.WAV,Telephone Field,recover-20221013,001,1795
38.3255,38.364599999999996,68437,82010,Rhinolophus ferrumequinum,0.021,0.021,-1,Echolocation,/mnt/ubna_data_02_mir/recover-20221013/UBNA_001/20221012_030000.WAV,Telephone Field,recover-20221013,001,1795
38.3315,38.342,23750,30522,Nyctalus leisleri,0.008,0.022,-1,Echolocation,/mnt/ubna_data_02_mir/recover-20221013/UBNA_001/20221012_030000.WAV,Telephone Field,recover-20221013,001,1795
38.3495,38.3881,68437,82072,Rhinolophus ferrumequinum,0.021,0.021,-1,Echolocation,/mnt/ubna_data_02_mir/recover-20221013/UBNA_001/20221012_030000.WAV,Telephone Field,recover-20221013,001,1795
38.3645,38.3752,23750,29591,Nyctalus leisleri,0.009,0.021,-1,Echolocation,/mnt/ubna_data_02_mir/recover-20221013/UBNA_001/20221012_030000.WAV,Telephone Field,recover-20221013,001,1795
38.3645,38.4035,68437,81836,Rhinolophus ferrumequinum,0.02,0.021,-1,Echolocation,/mnt/ubna_data_02_mir/recover-20221013/UBNA_001/20221012_030000.WAV,Telephone Field,recover-20221013,001,1795
38.3885,38.4268,68437,81620,Rhinolophus ferrumequinum,0.024,0.024,-1,Echolocation,/mnt/ubna_data_02_mir/recover-20221013/UBNA_001/20221012_030000.WAV,Telephone Field,recover-20221013,001,1795
38.4135,38.4514,68437,82348,Rhinolophus ferrumequinum,0.023,0.023,-1,Echolocation,/mnt/ubna_data_02_mir/recover-20221013/UBNA_001/20221012_030000.WAV,Telephone Field,recover-20221013,001,1795
38.4225,38.461600000000004,68437,82118,Rhinolophus ferrumequinum,0.02,0.02,-1,Echolocation,/mnt/ubna_data_02_mir/recover-20221013/UBNA_001/20221012_030000.WAV,Telephone Field,recover-20221013,001,1795
38.4325,38.4427,23750,29837,Nyctalus leisleri,0.009,0.021,-1,Echolocation,/mnt/ubna_data_02_mir/recover-20221013/UBNA_001/20221012_030000.WAV,Telephone Field,recover-20221013,001,1795
38.445499999999996,38.4824,68437,81862,Rhinolophus ferrumequinum,0.026,0.026,-1,Echolocation,/mnt/ubna_data_02_mir/recover-20221013/UBNA_001/20221012_030000.WAV,Telephone Field,recover-20221013,001,1795
38.5045,38.5154,27187,32674,Eptesicus serotinus,0.01,0.024,-1,Echolocation,/mnt/ubna_data_02_mir/recover-20221013/UBNA_001/20221012_030000.WAV,Telephone Field,recover-20221013,001,1795
38.5165,38.5547,68437,82581,Rhinolophus ferrumequinum,0.025,0.025,-1,Echolocation,/mnt/ubna_data_02_mir/recover-20221013/UBNA_001/20221012_030000.WAV,Telephone Field,recover-20221013,001,1795
38.536500000000004,38.5723,68437,81691,Rhinolophus ferrumequinum,0.021,0.021,-1,Echolocation,/mnt/ubna_data_02_mir/recover-20221013/UBNA_001/20221012_030000.WAV,Telephone Field,recover-20221013,001,1795
38.5635,38.600300000000004,68437,82011,Rhinolophus ferrumequinum,0.021,0.021,-1,Echolocation,/mnt/ubna_data_02_mir/recover-20221013/UBNA_001/20221012_030000.WAV,Telephone Field,recover-20221013,001,1795
38.570499999999996,38.5798,28046,37707,Eptesicus serotinus,0.009,0.022,-1,Echolocation,/mnt/ubna_data_02_mir/recover-20221013/UBNA_001/20221012_030000.WAV,Telephone Field,recover-20221013,001,1795
38.5955,38.609700000000004,45234,48728,Pipistrellus pipistrellus,0.031,0.036,-1,Echolocation,/mnt/ubna_data_02_mir/recover-20221013/UBNA_001/20221012_030000.WAV,Telephone Field,recover-20221013,001,1795
38.6435,38.6582,22031,26095,Nyctalus leisleri,0.014,0.024,-1,Echolocation,/mnt/ubna_data_02_mir/recover-20221013/UBNA_001/20221012_030000.WAV,Telephone Field,recover-20221013,001,1795
38.6525,38.69,68437,81611,Rhinolophus ferrumequinum,0.021,0.021,-1,Echolocation,/mnt/ubna_data_02_mir/recover-20221013/UBNA_001/20221012_030000.WAV,Telephone Field,recover-20221013,001,1795
38.673500000000004,38.7111,68437,82365,Rhinolophus ferrumequinum,0.02,0.02,-1,Echolocation,/mnt/ubna_data_02_mir/recover-20221013/UBNA_001/20221012_030000.WAV,Telephone Field,recover-20221013,001,1795
38.676500000000004,38.6852,49531,55753,Pipistrellus pipistrellus,0.04,0.044,-1,Echolocation,/mnt/ubna_data_02_mir/recover-20221013/UBNA_001/20221012_030000.WAV,Telephone Field,recover-20221013,001,1795
38.7125,38.753299999999996,68437,82539,Rhinolophus ferrumequinum,0.028,0.028,-1,Echolocation,/mnt/ubna_data_02_mir/recover-20221013/UBNA_001/20221012_030000.WAV,Telephone Field,recover-20221013,001,1795
38.716499999999996,38.727199999999996,22890,27857,Nyctalus leisleri,0.01,0.021,-1,Echolocation,/mnt/ubna_data_02_mir/recover-20221013/UBNA_001/20221012_030000.WAV,Telephone Field,recover-20221013,001,1795
38.7385,38.7772,68437,82970,Rhinolophus ferrumequinum,0.026,0.026,-1,Echolocation,/mnt/ubna_data_02_mir/recover-20221013/UBNA_001/20221012_030000.WAV,Telephone Field,recover-20221013,001,1795
38.7705,38.8102,68437,82164,Rhinolophus ferrumequinum,0.023,0.023,-1,Echolocation,/mnt/ubna_data_02_mir/recover-20221013/UBNA_001/20221012_030000.WAV,Telephone Field,recover-20221013,001,1795
38.7715,38.7809,22890,29210,Nyctalus leisleri,0.007,0.021,-1,Echolocation,/mnt/ubna_data_02_mir/recover-20221013/UBNA_001/20221012_030000.WAV,Telephone Field,recover-20221013,001,1795
38.7905,38.8261,68437,81114,Rhinolophus ferrumequinum,0.022,0.022,-1,Echolocation,/mnt/ubna_data_02_mir/recover-20221013/UBNA_001/20221012_030000.WAV,Telephone Field,recover-20221013,001,1795
38.8025,38.8408,68437,81937,Rhinolophus ferrumequinum,0.022,0.022,-1,Echolocation,/mnt/ubna_data_02_mir/recover-20221013/UBNA_001/20221012_030000.WAV,Telephone Field,recover-20221013,001,1795
38.823499999999996,38.8318,27187,38554,Eptesicus serotinus,0.008,0.021,-1,Echolocation,/mnt/ubna_data_02_mir/recover-20221013/UBNA_001/20221012_030000.WAV,Telephone Field,recover-20221013,001,1795
38.8715,38.906,68437,81294,Rhinolophus ferrumequinum,0.021,0.021,-1,Echolocation,/mnt/ubna_data_02_mir/recover-20221013/UBNA_001/20221012_030000.WAV,Telephone Field,recover-20221013,001,1795
38.8725,38.888999999999996,21171,24437,Nyctalus leisleri,0.013,0.02,-1,Echolocation,/mnt/ubna_data_02_mir/recover-20221013/UBNA_001/20221012_030000.WAV,Telephone Field,recover-20221013,001,1795
38.8945,38.935,68437,82118,Rhinolophus ferrumequinum,0.027,0.027,-1,Echolocation,/mnt/ubna_data_02_mir/recover-20221013/UBNA_001/20221012_030000.WAV,Telephone Field,recover-20221013,001,1795
38.9105,38.917,24609,39998,Plecotus austriacus,0.01,0.032,-1,Echolocation,/mnt/ubna_data_02_mir/recover-20221013/UBNA_001/20221012_030000.WAV,Telephone Field,recover-20221013,001,1795
38.9105,38.9162,34062,45215,Myotis daubentonii,0.011,0.025,-1,Echolocation,/mnt/ubna_data_02_mir/recover-20221013/UBNA_001/20221012_030000.WAV,Telephone Field,recover-20221013,001,1795
38.9195,38.9595,68437,82082,Rhinolophus ferrumequinum,0.02,0.02,-1,Echolocation,/mnt/ubna_data_02_mir/recover-20221013/UBNA_001/20221012_030000.WAV,Telephone Field,recover-20221013,001,1795
38.9245,38.934200000000004,27187,34753,Eptesicus serotinus,0.01,0.024,-1,Echolocation,/mnt/ubna_data_02_mir/recover-20221013/UBNA_001/20221012_030000.WAV,Telephone Field,recover-20221013,001,1795
38.9395,38.9801,68437,83263,Rhinolophus ferrumequinum,0.032,0.032,-1,Echolocation,/mnt/ubna_data_02_mir/recover-20221013/UBNA_001/20221012_030000.WAV,Telephone Field,recover-20221013,001,1795
38.963499999999996,38.9995,68437,81557,Rhinolophus ferrumequinum,0.021,0.021,-1,Echolocation,/mnt/ubna_data_02_mir/recover-20221013/UBNA_001/20221012_030000.WAV,Telephone Field,recover-20221013,001,1795
38.9735,38.9841,23750,30315,Nyctalus leisleri,0.008,0.023,-1,Echolocation,/mnt/ubna_data_02_mir/recover-20221013/UBNA_001/20221012_030000.WAV,Telephone Field,recover-20221013,001,1795
38.9785,39.0204,68437,82897,Rhinolophus ferrumequinum,0.03,0.03,-1,Echolocation,/mnt/ubna_data_02_mir/recover-20221013/UBNA_001/20221012_030000.WAV,Telephone Field,recover-20221013,001,1795
38.9905,39.031800000000004,68437,83004,Rhinolophus ferrumequinum,0.023,0.024,-1,Echolocation,/mnt/ubna_data_02_mir/recover-20221013/UBNA_001/20221012_030000.WAV,Telephone Field,recover-20221013,001,1795
38.9995,39.0385,68437,82773,Rhinolophus ferrumequinum,0.023,0.023,-1,Echolocation,/mnt/ubna_data_02_mir/recover-20221013/UBNA_001/20221012_030000.WAV,Telephone Field,recover-20221013,001,1795
39.0305,39.0723,68437,82555,Rhinolophus ferrumequinum,0.03,0.03,-1,Echolocation,/mnt/ubna_data_02_mir/recover-20221013/UBNA_001/20221012_030000.WAV,Telephone Field,recover-20221013,001,1795
39.0345,39.0451,22031,26592,Nyctalus leisleri,0.011,0.023,-1,Echolocation,/mnt/ubna_data_02_mir/recover-20221013/UBNA_001/20221012_030000.WAV,Telephone Field,recover-20221013,001,1795
39.0535,39.0917,68437,82383,Rhinolophus ferrumequinum,0.023,0.023,-1,Echolocation,/mnt/ubna_data_02_mir/recover-20221013/UBNA_001/20221012_030000.WAV,Telephone Field,recover-20221013,001,1795
39.0645,39.0747,28906,35641,Eptesicus serotinus,0.009,0.021,-1,Echolocation,/mnt/ubna_data_02_mir/recover-20221013/UBNA_001/20221012_030000.WAV,Telephone Field,recover-20221013,001,1795
39.0895,39.1279,68437,81952,Rhinolophus ferrumequinum,0.022,0.022,-1,Echolocation,/mnt/ubna_data_02_mir/recover-20221013/UBNA_001/20221012_030000.WAV,Telephone Field,recover-20221013,001,1795
39.1195,39.1322,23750,28965,Nyctalus leisleri,0.023,0.048,-1,Echolocation,/mnt/ubna_data_02_mir/recover-20221013/UBNA_001/20221012_030000.WAV,Telephone Field,recover-20221013,001,1795
39.1265,39.164,68437,82486,Rhinolophus ferrumequinum,0.03,0.03,-1,Echolocation,/mnt/ubna_data_02_mir/recover-20221013/UBNA_001/20221012_030000.WAV,Telephone Field,recover-20221013,001,1795
39.1635,39.203,68437,82342,Rhinolophus ferrumequinum,0.023,0.023,-1,Echolocation,/mnt/ubna_data_02_mir/recover-20221013/UBNA_001/20221012_030000.WAV,Telephone Field,recover-20221013,001,1795
39.1725,39.182900000000004,22890,27996,Nyctalus leisleri,0.009,0.021,-1,Echolocation,/mnt/ubna_data_02_mir/recover-20221013/UBNA_001/20221012_030000.WAV,Telephone Field,recover-20221013,001,1795
39.1755,39.2167,68437,82462,Rhinolophus ferrumequinum,0.024,0.024,-1,Echolocation,/mnt/ubna_data_02_mir/recover-20221013/UBNA_001/20221012_030000.WAV,Telephone Field,recover-20221013,001,1795
39.1975,39.2356,68437,82388,Rhinolophus ferrumequinum,0.021,0.021,-1,Echolocation,/mnt/ubna_data_02_mir/recover-20221013/UBNA_001/20221012_030000.WAV,Telephone Field,recover-20221013,001,1795
39.2375,39.2737,68437,81292,Rhinolophus ferrumequinum,0.023,0.023,-1,Echolocation,/mnt/ubna_data_02_mir/recover-20221013/UBNA_001/20221012_030000.WAV,Telephone Field,recover-20221013,001,1795
39.2425,39.2515,25468,36418,Eptesicus serotinus,0.01,0.024,-1,Echolocation,/mnt/ubna_data_02_mir/recover-20221013/UBNA_001/20221012_030000.WAV,Telephone Field,recover-20221013,001,1795
39.2615,39.301,68437,82001,Rhinolophus ferrumequinum,0.023,0.023,-1,Echolocation,/mnt/ubna_data_02_mir/recover-20221013/UBNA_001/20221012_030000.WAV,Telephone Field,recover-20221013,001,1795
39.2785,39.289699999999996,23750,28242,Nyctalus leisleri,0.015,0.026,-1,Echolocation,/mnt/ubna_data_02_mir/recover-20221013/UBNA_001/20221012_030000.WAV,Telephone Field,recover-20221013,001,1795
39.2845,39.3232,68437,82128,Rhinolophus ferrumequinum,0.022,0.022,-1,Echolocation,/mnt/ubna_data_02_mir/recover-20221013/UBNA_001/20221012_030000.WAV,Telephone Field,recover-20221013,001,1795
39.3075,39.346199999999996,68437,82147,Rhinolophus ferrumequinum,0.02,0.02,-1,Echolocation,/mnt/ubna_data_02_mir/recover-20221013/UBNA_001/20221012_030000.WAV,Telephone Field,recover-20221013,001,1795
39.3495,39.3909,68437,82918,Rhinolophus ferrumequinum,0.023,0.023,-1,Echolocation,/mnt/ubna_data_02_mir/recover-20221013/UBNA_001/20221012_030000.WAV,Telephone Field,recover-20221013,001,1795
39.3895,39.4257,68437,81759,Rhinolophus ferrumequinum,0.021,0.021,-1,Echolocation,/mnt/ubna_data_02_mir/recover-20221013/UBNA_001/20221012_030000.WAV,Telephone Field,recover-20221013,001,1795
39.4325,39.4707,68437,81983,Rhinolophus ferrumequinum,0.021,0.021,-1,Echolocation,/mnt/ubna_data_02_mir/recover-20221013/UBNA_001/20221012_030000.WAV,Telephone Field,recover-20221013,001,1795
39.4925,39.5306,68437,82034,Rhinolophus ferrumequinum,0.021,0.021,-1,Echolocation,/mnt/ubna_data_02_mir/recover-20221013/UBNA_001/20221012_030000.WAV,Telephone Field,recover-20221013,001,1795
39.5205,39.5291,26328,35140,Eptesicus serotinus,0.012,0.03,-1,Echolocation,/mnt/ubna_data_02_mir/recover-20221013/UBNA_001/20221012_030000.WAV,Telephone Field,recover-20221013,001,1795
39.545500000000004,39.5841,68437,82572,Rhinolophus ferrumequinum,0.028,0.028,-1,Echolocation,/mnt/ubna_data_02_mir/recover-20221013/UBNA_001/20221012_030000.WAV,Telephone Field,recover-20221013,001,1795
39.5605,39.5713,22890,27927,Nyctalus leisleri,0.012,0.024,-1,Echolocation,/mnt/ubna_data_02_mir/recover-20221013/UBNA_001/20221012_030000.WAV,Telephone Field,recover-20221013,001,1795
39.5815,39.6215,68437,82633,Rhinolophus ferrumequinum,0.022,0.022,-1,Echolocation,/mnt/ubna_data_02_mir/recover-20221013/UBNA_001/20221012_030000.WAV,Telephone Field,recover-20221013,001,1795
39.585499999999996,39.5989,15156,20746,Nyctalus noctula,0.026,0.042,-1,Echolocation,/mnt/ubna_data_02_mir/recover-20221013/UBNA_001/20221012_030000.WAV,Telephone Field,recover-20221013,001,1795
39.591499999999996,39.6312,68437,82037,Rhinolophus ferrumequinum,0.021,0.021,-1,Echolocation,/mnt/ubna_data_02_mir/recover-20221013/UBNA_001/20221012_030000.WAV,Telephone Field,recover-20221013,001,1795
39.6195,39.6579,68437,82420,Rhinolophus ferrumequinum,0.024,0.024,-1,Echolocation,/mnt/ubna_data_02_mir/recover-20221013/UBNA_001/20221012_030000.WAV,Telephone Field,recover-20221013,001,1795
39.6505,39.6869,68437,81710,Rhinolophus ferrumequinum,0.02,0.02,-1,Echolocation,/mnt/ubna_data_02_mir/recover-20221013/UBNA_001/20221012_030000.WAV,Telephone Field,recover-20221013,001,1795
39.661500000000004,39.673500000000004,22031,26394,Nyctalus leisleri,0.01,0.021,-1,Echolocation,/mnt/ubna_data_02_mir/recover-20221013/UBNA_001/20221012_030000.WAV,Telephone Field,recover-20221013,001,1795
39.667500000000004,39.7085,68437,83152,Rhinolophus ferrumequinum,0.027,0.027,-1,Echolocation,/mnt/ubna_data_02_mir/recover-20221013/UBNA_001/20221012_030000.WAV,Telephone Field,recover-20221013,001,1795
39.6775,39.716,68437,81963,Rhinolophus ferrumequinum,0.022,0.022,-1,Echolocation,/mnt/ubna_data_02_mir/recover-20221013/UBNA_001/20221012_030000.WAV,Telephone Field,recover-20221013,001,1795
39.6785,39.686099999999996,28046,40122,Eptesicus serotinus,0.007,0.021,-1,Echolocation,/mnt/ubna_data_02_mir/recover-20221013/UBNA_001/20221012_030000.WAV,Telephone Field,recover-20221013,001,1795
39.7575,39.7952,68437,82044,Rhinolophus ferrumequinum,0.022,0.022,-1,Echolocation,/mnt/ubna_data_02_mir/recover-20221013/UBNA_001/20221012_030000.WAV,Telephone Field,recover-20221013,001,1795
39.786500000000004,39.8266,68437,82216,Rhinolophus ferrumequinum,0.024,0.024,-1,Echolocation,/mnt/ubna_data_02_mir/recover-20221013/UBNA_001/20221012_030000.WAV,Telephone Field,recover-20221013,001,1795
39.829499999999996,39.841,22890,27757,Nyctalus leisleri,0.011,0.022,-1,Echolocation,/mnt/ubna_data_02_mir/recover-20221013/UBNA_001/20221012_030000.WAV,Telephone Field,recover-20221013,001,1795
39.8915,39.9318,68437,83142,Rhinolophus ferrumequinum,0.033,0.033,-1,Echolocation,/mnt/ubna_data_02_mir/recover-20221013/UBNA_001/20221012_030000.WAV,Telephone Field,recover-20221013,001,1795
39.917500000000004,39.9518,68437,81035,Rhinolophus ferrumequinum,0.02,0.02,-1,Echolocation,/mnt/ubna_data_02_mir/recover-20221013/UBNA_001/20221012_030000.WAV,Telephone Field,recover-20221013,001,1795
40.0015,40.031800000000004,68437,79539,Rhinolophus ferrumequinum,0.057,0.058,-1,Echolocation,/mnt/ubna_data_02_mir/recover-20221013/UBNA_001/20221012_030000.WAV,Telephone Field,recover-20221013,001,1795
40.0015,40.0108,27187,33860,Nyctalus leisleri,0.016,0.045,-1,Echolocation,/mnt/ubna_data_02_mir/recover-20221013/UBNA_001/20221012_030000.WAV,Telephone Field,recover-20221013,001,1795
40.0015,40.0133,48671,53117,Pipistrellus pipistrellus,0.019,0.027,-1,Echolocation,/mnt/ubna_data_02_mir/recover-20221013/UBNA_001/20221012_030000.WAV,Telephone Field,recover-20221013,001,1795
40.0135,40.0542,68437,82366,Rhinolophus ferrumequinum,0.024,0.024,-1,Echolocation,/mnt/ubna_data_02_mir/recover-20221013/UBNA_001/20221012_030000.WAV,Telephone Field,recover-20221013,001,1795
40.0375,40.0781,68437,82383,Rhinolophus ferrumequinum,0.038,0.038,-1,Echolocation,/mnt/ubna_data_02_mir/recover-20221013/UBNA_001/20221012_030000.WAV,Telephone Field,recover-20221013,001,1795
40.042500000000004,40.05,27187,38678,Eptesicus serotinus,0.01,0.026,-1,Echolocation,/mnt/ubna_data_02_mir/recover-20221013/UBNA_001/20221012_030000.WAV,Telephone Field,recover-20221013,001,1795
40.0505,40.061,22890,28408,Nyctalus leisleri,0.013,0.03,-1,Echolocation,/mnt/ubna_data_02_mir/recover-20221013/UBNA_001/20221012_030000.WAV,Telephone Field,recover-20221013,001,1795
40.0615,40.0978,68437,81300,Rhinolophus ferrumequinum,0.022,0.022,-1,Echolocation,/mnt/ubna_data_02_mir/recover-20221013/UBNA_001/20221012_030000.WAV,Telephone Field,recover-20221013,001,1795
40.1225,40.1657,68437,83427,Rhinolophus ferrumequinum,0.028,0.028,-1,Echolocation,/mnt/ubna_data_02_mir/recover-20221013/UBNA_001/20221012_030000.WAV,Telephone Field,recover-20221013,001,1795
40.1295,40.1743,68437,83594,Rhinolophus ferrumequinum,0.031,0.031,-1,Echolocation,/mnt/ubna_data_02_mir/recover-20221013/UBNA_001/20221012_030000.WAV,Telephone Field,recover-20221013,001,1795
40.1365,40.1446,27187,39460,Eptesicus serotinus,0.013,0.034,-1,Echolocation,/mnt/ubna_data_02_mir/recover-20221013/UBNA_001/20221012_030000.WAV,Telephone Field,recover-20221013,001,1795
40.1865,40.2257,68437,82659,Rhinolophus ferrumequinum,0.022,0.022,-1,Echolocation,/mnt/ubna_data_02_mir/recover-20221013/UBNA_001/20221012_030000.WAV,Telephone Field,recover-20221013,001,1795
40.1945,40.2303,68437,81480,Rhinolophus ferrumequinum,0.023,0.023,-1,Echolocation,/mnt/ubna_data_02_mir/recover-20221013/UBNA_001/20221012_030000.WAV,Telephone Field,recover-20221013,001,1795
40.2195,40.2602,68437,82027,Rhinolophus ferrumequinum,0.024,0.024,-1,Echolocation,/mnt/ubna_data_02_mir/recover-20221013/UBNA_001/20221012_030000.WAV,Telephone Field,recover-20221013,001,1795
40.2245,40.2326,28906,39380,Eptesicus serotinus,0.01,0.027,-1,Echolocation,/mnt/ubna_data_02_mir/recover-20221013/UBNA_001/20221012_030000.WAV,Telephone Field,recover-20221013,001,1795
40.2465,40.286699999999996,68437,82325,Rhinolophus ferrumequinum,0.025,0.025,-1,Echolocation,/mnt/ubna_data_02_mir/recover-20221013/UBNA_001/20221012_030000.WAV,Telephone Field,recover-20221013,001,1795
40.2595,40.2983,68437,82492,Rhinolophus ferrumequinum,0.024,0.024,-1,Echolocation,/mnt/ubna_data_02_mir/recover-20221013/UBNA_001/20221012_030000.WAV,Telephone Field,recover-20221013,001,1795
40.2605,40.2678,28906,42409,Eptesicus serotinus,0.009,0.032,-1,Echolocation,/mnt/ubna_data_02_mir/recover-20221013/UBNA_001/20221012_030000.WAV,Telephone Field,recover-20221013,001,1795
40.2965,40.3381,68437,82905,Rhinolophus ferrumequinum,0.024,0.024,-1,Echolocation,/mnt/ubna_data_02_mir/recover-20221013/UBNA_001/20221012_030000.WAV,Telephone Field,recover-20221013,001,1795
40.3055,40.3445,68437,82719,Rhinolophus ferrumequinum,0.025,0.025,-1,Echolocation,/mnt/ubna_data_02_mir/recover-20221013/UBNA_001/20221012_030000.WAV,Telephone Field,recover-20221013,001,1795
40.3165,40.3542,68437,82052,Rhinolophus ferrumequinum,0.023,0.023,-1,Echolocation,/mnt/ubna_data_02_mir/recover-20221013/UBNA_001/20221012_030000.WAV,Telephone Field,recover-20221013,001,1795
40.3375,40.3759,68437,82186,Rhinolophus ferrumequinum,0.022,0.022,-1,Echolocation,/mnt/ubna_data_02_mir/recover-20221013/UBNA_001/20221012_030000.WAV,Telephone Field,recover-20221013,001,1795
40.3405,40.347,27187,43557,Eptesicus serotinus,0.006,0.026,-1,Echolocation,/mnt/ubna_data_02_mir/recover-20221013/UBNA_001/20221012_030000.WAV,Telephone Field,recover-20221013,001,1795
40.3515,40.3622,37500,41463,Pipistrellus nathusii,0.021,0.035,-1,Echolocation,/mnt/ubna_data_02_mir/recover-20221013/UBNA_001/20221012_030000.WAV,Telephone Field,recover-20221013,001,1795
40.3995,40.438,68437,82403,Rhinolophus ferrumequinum,0.025,0.025,-1,Echolocation,/mnt/ubna_data_02_mir/recover-20221013/UBNA_001/20221012_030000.WAV,Telephone Field,recover-20221013,001,1795
40.4225,40.4625,68437,83124,Rhinolophus ferrumequinum,0.033,0.033,-1,Echolocation,/mnt/ubna_data_02_mir/recover-20221013/UBNA_001/20221012_030000.WAV,Telephone Field,recover-20221013,001,1795
40.4415,40.476,68437,81350,Rhinolophus ferrumequinum,0.024,0.024,-1,Echolocation,/mnt/ubna_data_02_mir/recover-20221013/UBNA_001/20221012_030000.WAV,Telephone Field,recover-20221013,001,1795
40.4835,40.5212,68437,81533,Rhinolophus ferrumequinum,0.023,0.023,-1,Echolocation,/mnt/ubna_data_02_mir/recover-20221013/UBNA_001/20221012_030000.WAV,Telephone Field,recover-20221013,001,1795
40.4835,40.4912,28906,38315,Eptesicus serotinus,0.008,0.023,-1,Echolocation,/mnt/ubna_data_02_mir/recover-20221013/UBNA_001/20221012_030000.WAV,Telephone Field,recover-20221013,001,1795
40.5085,40.544,68437,81891,Rhinolophus ferrumequinum,0.022,0.023,-1,Echolocation,/mnt/ubna_data_02_mir/recover-20221013/UBNA_001/20221012_030000.WAV,Telephone Field,recover-20221013,001,1795
40.5275,40.5672,68437,82853,Rhinolophus ferrumequinum,0.022,0.022,-1,Echolocation,/mnt/ubna_data_02_mir/recover-20221013/UBNA_001/20221012_030000.WAV,Telephone Field,recover-20221013,001,1795
40.5325,40.5405,22031,29245,Plecotus austriacus,0.014,0.026,-1,Echolocation,/mnt/ubna_data_02_mir/recover-20221013/UBNA_001/20221012_030000.WAV,Telephone Field,recover-20221013,001,1795
40.548500000000004,40.5584,26328,34540,Eptesicus serotinus,0.01,0.022,-1,Echolocation,/mnt/ubna_data_02_mir/recover-20221013/UBNA_001/20221012_030000.WAV,Telephone Field,recover-20221013,001,1795
40.588499999999996,40.5968,28046,44552,Eptesicus serotinus,0.009,0.024,-1,Echolocation,/mnt/ubna_data_02_mir/recover-20221013/UBNA_001/20221012_030000.WAV,Telephone Field,recover-20221013,001,1795
40.588499999999996,40.5953,34062,44196,Myotis daubentonii,0.01,0.024,-1,Echolocation,/mnt/ubna_data_02_mir/recover-20221013/UBNA_001/20221012_030000.WAV,Telephone Field,recover-20221013,001,1795
40.5985,40.6078,28046,36457,Eptesicus serotinus,0.009,0.023,-1,Echolocation,/mnt/ubna_data_02_mir/recover-20221013/UBNA_001/20221012_030000.WAV,Telephone Field,recover-20221013,001,1795
40.6815,40.6896,26328,37565,Eptesicus serotinus,0.01,0.025,-1,Echolocation,/mnt/ubna_data_02_mir/recover-20221013/UBNA_001/20221012_030000.WAV,Telephone Field,recover-20221013,001,1795
40.6865,40.7255,68437,81971,Rhinolophus ferrumequinum,0.027,0.027,-1,Echolocation,/mnt/ubna_data_02_mir/recover-20221013/UBNA_001/20221012_030000.WAV,Telephone Field,recover-20221013,001,1795
40.6875,40.6983,22031,27275,Nyctalus leisleri,0.012,0.026,-1,Echolocation,/mnt/ubna_data_02_mir/recover-20221013/UBNA_001/20221012_030000.WAV,Telephone Field,recover-20221013,001,1795
40.7155,40.754400000000004,68437,82027,Rhinolophus ferrumequinum,0.023,0.023,-1,Echolocation,/mnt/ubna_data_02_mir/recover-20221013/UBNA_001/20221012_030000.WAV,Telephone Field,recover-20221013,001,1795
40.7485,40.7606,21171,25294,Nyctalus leisleri,0.014,0.027,-1,Echolocation,/mnt/ubna_data_02_mir/recover-20221013/UBNA_001/20221012_030000.WAV,Telephone Field,recover-20221013,001,1795
40.7635,40.7976,68437,81508,Rhinolophus ferrumequinum,0.023,0.023,-1,Echolocation,/mnt/ubna_data_02_mir/recover-20221013/UBNA_001/20221012_030000.WAV,Telephone Field,recover-20221013,001,1795
40.7665,40.7826,22031,25435,Nyctalus leisleri,0.02,0.032,-1,Echolocation,/mnt/ubna_data_02_mir/recover-20221013/UBNA_001/20221012_030000.WAV,Telephone Field,recover-20221013,001,1795
40.7725,40.7913,20312,23303,Nyctalus leisleri,0.019,0.033,-1,Echolocation,/mnt/ubna_data_02_mir/recover-20221013/UBNA_001/20221012_030000.WAV,Telephone Field,recover-20221013,001,1795
40.7935,40.8344,68437,82421,Rhinolophus ferrumequinum,0.022,0.022,-1,Echolocation,/mnt/ubna_data_02_mir/recover-20221013/UBNA_001/20221012_030000.WAV,Telephone Field,recover-20221013,001,1795
40.8175,40.824600000000004,27187,41864,Eptesicus serotinus,0.008,0.025,-1,Echolocation,/mnt/ubna_data_02_mir/recover-20221013/UBNA_001/20221012_030000.WAV,Telephone Field,recover-20221013,001,1795
40.8175,40.8574,68437,81678,Rhinolophus ferrumequinum,0.024,0.024,-1,Echolocation,/mnt/ubna_data_02_mir/recover-20221013/UBNA_001/20221012_030000.WAV,Telephone Field,recover-20221013,001,1795
40.8565,40.8962,68437,81929,Rhinolophus ferrumequinum,0.03,0.03,-1,Echolocation,/mnt/ubna_data_02_mir/recover-20221013/UBNA_001/20221012_030000.WAV,Telephone Field,recover-20221013,001,1795
40.8825,40.8893,28046,39961,Eptesicus serotinus,0.007,0.025,-1,Echolocation,/mnt/ubna_data_02_mir/recover-20221013/UBNA_001/20221012_030000.WAV,Telephone Field,recover-20221013,001,1795
40.8905,40.9258,68437,81559,Rhinolophus ferrumequinum,0.022,0.022,-1,Echolocation,/mnt/ubna_data_02_mir/recover-20221013/UBNA_001/20221012_030000.WAV,Telephone Field,recover-20221013,001,1795
40.9095,40.9507,68437,82772,Rhinolophus ferrumequinum,0.029,0.029,-1,Echolocation,/mnt/ubna_data_02_mir/recover-20221013/UBNA_001/20221012_030000.WAV,Telephone Field,recover-20221013,001,1795
40.9165,40.9226,46953,51943,Pipistrellus pipistrellus,0.027,0.028,-1,Echolocation,/mnt/ubna_data_02_mir/recover-20221013/UBNA_001/20221012_030000.WAV,Telephone Field,recover-20221013,001,1795
40.9355,40.9744,68437,82201,Rhinolophus ferrumequinum,0.049,0.049,-1,Echolocation,/mnt/ubna_data_02_mir/recover-20221013/UBNA_001/20221012_030000.WAV,Telephone Field,recover-20221013,001,1795
40.948499999999996,40.985,68437,82272,Rhinolophus ferrumequinum,0.024,0.024,-1,Echolocation,/mnt/ubna_data_02_mir/recover-20221013/UBNA_001/20221012_030000.WAV,Telephone Field,recover-20221013,001,1795
40.9675,41.0066,68437,82265,Rhinolophus ferrumequinum,0.023,0.023,-1,Echolocation,/mnt/ubna_data_02_mir/recover-20221013/UBNA_001/20221012_030000.WAV,Telephone Field,recover-20221013,001,1795
40.9735,41.0095,68437,81921,Rhinolophus ferrumequinum,0.024,0.024,-1,Echolocation,/mnt/ubna_data_02_mir/recover-20221013/UBNA_001/20221012_030000.WAV,Telephone Field,recover-20221013,001,1795
41.0175,41.0574,68437,82074,Rhinolophus ferrumequinum,0.023,0.023,-1,Echolocation,/mnt/ubna_data_02_mir/recover-20221013/UBNA_001/20221012_030000.WAV,Telephone Field,recover-20221013,001,1795
41.039500000000004,41.046099999999996,47812,51924,Pipistrellus pipistrellus,0.024,0.025,-1,Echolocation,/mnt/ubna_data_02_mir/recover-20221013/UBNA_001/20221012_030000.WAV,Telephone Field,recover-20221013,001,1795
41.0465,41.0708,16875,20972,Nyctalus noctula,0.033,0.043,-1,Echolocation,/mnt/ubna_data_02_mir/recover-20221013/UBNA_001/20221012_030000.WAV,Telephone Field,recover-20221013,001,1795
41.0655,41.0747,24609,32191,Eptesicus serotinus,0.007,0.023,-1,Echolocation,/mnt/ubna_data_02_mir/recover-20221013/UBNA_001/20221012_030000.WAV,Telephone Field,recover-20221013,001,1795
41.0745,41.1172,68437,82969,Rhinolophus ferrumequinum,0.028,0.028,-1,Echolocation,/mnt/ubna_data_02_mir/recover-20221013/UBNA_001/20221012_030000.WAV,Telephone Field,recover-20221013,001,1795
41.1295,41.1394,25468,33407,Eptesicus serotinus,0.009,0.022,-1,Echolocation,/mnt/ubna_data_02_mir/recover-20221013/UBNA_001/20221012_030000.WAV,Telephone Field,recover-20221013,001,1795
41.2025,41.2429,68437,82523,Rhinolophus ferrumequinum,0.044,0.044,-1,Echolocation,/mnt/ubna_data_02_mir/recover-20221013/UBNA_001/20221012_030000.WAV,Telephone Field,recover-20221013,001,1795
41.2455,41.2853,68437,82812,Rhinolophus ferrumequinum,0.033,0.033,-1,Echolocation,/mnt/ubna_data_02_mir/recover-20221013/UBNA_001/20221012_030000.WAV,Telephone Field,recover-20221013,001,1795
41.2485,41.2626,22031,26159,Nyctalus leisleri,0.018,0.034,-1,Echolocation,/mnt/ubna_data_02_mir/recover-20221013/UBNA_001/20221012_030000.WAV,Telephone Field,recover-20221013,001,1795
41.2745,41.2825,26328,38658,Eptesicus serotinus,0.008,0.026,-1,Echolocation,/mnt/ubna_data_02_mir/recover-20221013/UBNA_001/20221012_030000.WAV,Telephone Field,recover-20221013,001,1795
41.2745,41.3105,68437,81222,Rhinolophus ferrumequinum,0.025,0.025,-1,Echolocation,/mnt/ubna_data_02_mir/recover-20221013/UBNA_001/20221012_030000.WAV,Telephone Field,recover-20221013,001,1795
41.286500000000004,41.3198,68437,80723,Rhinolophus ferrumequinum,0.022,0.022,-1,Echolocation,/mnt/ubna_data_02_mir/recover-20221013/UBNA_001/20221012_030000.WAV,Telephone Field,recover-20221013,001,1795
41.3285,41.339,24609,31580,Nyctalus leisleri,0.01,0.027,-1,Echolocation,/mnt/ubna_data_02_mir/recover-20221013/UBNA_001/20221012_030000.WAV,Telephone Field,recover-20221013,001,1795
41.3695,41.3798,28906,36103,Eptesicus serotinus,0.012,0.025,-1,Echolocation,/mnt/ubna_data_02_mir/recover-20221013/UBNA_001/20221012_030000.WAV,Telephone Field,recover-20221013,001,1795
41.3845,41.3977,23750,28673,Nyctalus leisleri,0.019,0.037,-1,Echolocation,/mnt/ubna_data_02_mir/recover-20221013/UBNA_001/20221012_030000.WAV,Telephone Field,recover-20221013,001,1795
41.4135,41.4202,26328,39334,Eptesicus serotinus,0.006,0.025,-1,Echolocation,/mnt/ubna_data_02_mir/recover-20221013/UBNA_001/20221012_030000.WAV,Telephone Field,recover-20221013,001,1795
41.417500000000004,41.427,22031,27907,Nyctalus leisleri,0.008,0.024,-1,Echolocation,/mnt/ubna_data_02_mir/recover-20221013/UBNA_001/20221012_030000.WAV,Telephone Field,recover-20221013,001,1795
41.4385,41.477000000000004,68437,81815,Rhinolophus ferrumequinum,0.023,0.023,-1,Echolocation,/mnt/ubna_data_02_mir/recover-20221013/UBNA_001/20221012_030000.WAV,Telephone Field,recover-20221013,001,1795
41.4595,41.498599999999996,68437,82183,Rhinolophus ferrumequinum,0.029,0.029,-1,Echolocation,/mnt/ubna_data_02_mir/recover-20221013/UBNA_001/20221012_030000.WAV,Telephone Field,recover-20221013,001,1795
41.4705,41.4777,28046,40278,Eptesicus serotinus,0.008,0.024,-1,Echolocation,/mnt/ubna_data_02_mir/recover-20221013/UBNA_001/20221012_030000.WAV,Telephone Field,recover-20221013,001,1795
41.5185,41.5257,27187,41116,Eptesicus serotinus,0.007,0.023,-1,Echolocation,/mnt/ubna_data_02_mir/recover-20221013/UBNA_001/20221012_030000.WAV,Telephone Field,recover-20221013,001,1795
41.5775,41.5827,47812,54371,Pipistrellus pipistrellus,0.036,0.037,-1,Echolocation,/mnt/ubna_data_02_mir/recover-20221013/UBNA_001/20221012_030000.WAV,Telephone Field,recover-20221013,001,1795
41.5905,41.6265,68437,81401,Rhinolophus ferrumequinum,0.022,0.022,-1,Echolocation,/mnt/ubna_data_02_mir/recover-20221013/UBNA_001/20221012_030000.WAV,Telephone Field,recover-20221013,001,1795
41.6075,41.6163,28046,38097,Eptesicus serotinus,0.008,0.022,-1,Echolocation,/mnt/ubna_data_02_mir/recover-20221013/UBNA_001/20221012_030000.WAV,Telephone Field,recover-20221013,001,1795
41.6145,41.656,68437,82783,Rhinolophus ferrumequinum,0.025,0.025,-1,Echolocation,/mnt/ubna_data_02_mir/recover-20221013/UBNA_001/20221012_030000.WAV,Telephone Field,recover-20221013,001,1795
41.6275,41.6342,35781,42910,Barbastellus barbastellus,0.017,0.031,-1,Echolocation,/mnt/ubna_data_02_mir/recover-20221013/UBNA_001/20221012_030000.WAV,Telephone Field,recover-20221013,001,1795
41.6295,41.6365,30625,42309,Myotis daubentonii,0.009,0.032,-1,Echolocation,/mnt/ubna_data_02_mir/recover-20221013/UBNA_001/20221012_030000.WAV,Telephone Field,recover-20221013,001,1795
41.6305,41.6368,24609,36436,Plecotus austriacus,0.014,0.033,-1,Echolocation,/mnt/ubna_data_02_mir/recover-20221013/UBNA_001/20221012_030000.WAV,Telephone Field,recover-20221013,001,1795
41.6345,41.6457,49531,55252,Pipistrellus pipistrellus,0.024,0.029,-1,Echolocation,/mnt/ubna_data_02_mir/recover-20221013/UBNA_001/20221012_030000.WAV,Telephone Field,recover-20221013,001,1795
41.6695,41.6761,28046,42102,Eptesicus serotinus,0.007,0.025,-1,Echolocation,/mnt/ubna_data_02_mir/recover-20221013/UBNA_001/20221012_030000.WAV,Telephone Field,recover-20221013,001,1795
41.6905,41.6977,28046,40473,Eptesicus serotinus,0.008,0.028,-1,Echolocation,/mnt/ubna_data_02_mir/recover-20221013/UBNA_001/20221012_030000.WAV,Telephone Field,recover-20221013,001,1795
41.7145,41.7522,68437,81859,Rhinolophus ferrumequinum,0.029,0.029,-1,Echolocation,/mnt/ubna_data_02_mir/recover-20221013/UBNA_001/20221012_030000.WAV,Telephone Field,recover-20221013,001,1795
41.7665,41.8055,68437,82001,Rhinolophus ferrumequinum,0.024,0.024,-1,Echolocation,/mnt/ubna_data_02_mir/recover-20221013/UBNA_001/20221012_030000.WAV,Telephone Field,recover-20221013,001,1795
41.7815,41.7907,28046,37586,Eptesicus serotinus,0.009,0.023,-1,Echolocation,/mnt/ubna_data_02_mir/recover-20221013/UBNA_001/20221012_030000.WAV,Telephone Field,recover-20221013,001,1795
41.8085,41.8467,68437,82101,Rhinolophus ferrumequinum,0.023,0.023,-1,Echolocation,/mnt/ubna_data_02_mir/recover-20221013/UBNA_001/20221012_030000.WAV,Telephone Field,recover-20221013,001,1795
41.8115,41.8197,28046,39617,Eptesicus serotinus,0.008,0.022,-1,Echolocation,/mnt/ubna_data_02_mir/recover-20221013/UBNA_001/20221012_030000.WAV,Telephone Field,recover-20221013,001,1795
41.8155,41.8547,68437,82721,Rhinolophus ferrumequinum,0.022,0.022,-1,Echolocation,/mnt/ubna_data_02_mir/recover-20221013/UBNA_001/20221012_030000.WAV,Telephone Field,recover-20221013,001,1795
41.8245,41.8642,68437,83057,Rhinolophus ferrumequinum,0.023,0.023,-1,Echolocation,/mnt/ubna_data_02_mir/recover-20221013/UBNA_001/20221012_030000.WAV,Telephone Field,recover-20221013,001,1795
41.835499999999996,41.8469,24609,29517,Nyctalus leisleri,0.012,0.026,-1,Echolocation,/mnt/ubna_data_02_mir/recover-20221013/UBNA_001/20221012_030000.WAV,Telephone Field,recover-20221013,001,1795
41.838499999999996,41.878299999999996,68437,82398,Rhinolophus ferrumequinum,0.027,0.027,-1,Echolocation,/mnt/ubna_data_02_mir/recover-20221013/UBNA_001/20221012_030000.WAV,Telephone Field,recover-20221013,001,1795
41.8635,41.8714,27187,42314,Eptesicus serotinus,0.008,0.023,-1,Echolocation,/mnt/ubna_data_02_mir/recover-20221013/UBNA_001/20221012_030000.WAV,Telephone Field,recover-20221013,001,1795
41.8845,41.9223,68437,82175,Rhinolophus ferrumequinum,0.026,0.026,-1,Echolocation,/mnt/ubna_data_02_mir/recover-20221013/UBNA_001/20221012_030000.WAV,Telephone Field,recover-20221013,001,1795
41.8905,41.9033,28906,35092,Eptesicus serotinus,0.017,0.029,-1,Echolocation,/mnt/ubna_data_02_mir/recover-20221013/UBNA_001/20221012_030000.WAV,Telephone Field,recover-20221013,001,1795
41.914500000000004,41.9522,68437,81441,Rhinolophus ferrumequinum,0.023,0.023,-1,Echolocation,/mnt/ubna_data_02_mir/recover-20221013/UBNA_001/20221012_030000.WAV,Telephone Field,recover-20221013,001,1795
41.9425,41.9834,68437,82705,Rhinolophus ferrumequinum,0.029,0.029,-1,Echolocation,/mnt/ubna_data_02_mir/recover-20221013/UBNA_001/20221012_030000.WAV,Telephone Field,recover-20221013,001,1795
41.9715,41.9792,28046,37341,Eptesicus serotinus,0.008,0.023,-1,Echolocation,/mnt/ubna_data_02_mir/recover-20221013/UBNA_001/20221012_030000.WAV,Telephone Field,recover-20221013,001,1795
41.9805,41.9894,28046,37071,Eptesicus serotinus,0.009,0.022,-1,Echolocation,/mnt/ubna_data_02_mir/recover-20221013/UBNA_001/20221012_030000.WAV,Telephone Field,recover-20221013,001,1795
42.0015,42.0361,68437,79408,Rhinolophus ferrumequinum,0.035,0.036,-1,Echolocation,/mnt/ubna_data_02_mir/recover-20221013/UBNA_001/20221012_030000.WAV,Telephone Field,recover-20221013,001,1795
42.0015,42.0097,26328,37013,Eptesicus serotinus,0.005,0.022,-1,Echolocation,/mnt/ubna_data_02_mir/recover-20221013/UBNA_001/20221012_030000.WAV,Telephone Field,recover-20221013,001,1795
42.0085,42.0476,68437,81704,Rhinolophus ferrumequinum,0.022,0.022,-1,Echolocation,/mnt/ubna_data_02_mir/recover-20221013/UBNA_001/20221012_030000.WAV,Telephone Field,recover-20221013,001,1795
42.0465,42.0558,26328,34682,Eptesicus serotinus,0.011,0.025,-1,Echolocation,/mnt/ubna_data_02_mir/recover-20221013/UBNA_001/20221012_030000.WAV,Telephone Field,recover-20221013,001,1795
42.1495,42.156800000000004,37500,45764,Myotis daubentonii,0.01,0.025,-1,Echolocation,/mnt/ubna_data_02_mir/recover-20221013/UBNA_001/20221012_030000.WAV,Telephone Field,recover-20221013,001,1795
42.210499999999996,42.2498,68437,82280,Rhinolophus ferrumequinum,0.023,0.023,-1,Echolocation,/mnt/ubna_data_02_mir/recover-20221013/UBNA_001/20221012_030000.WAV,Telephone Field,recover-20221013,001,1795
42.2345,42.2453,28046,36325,Eptesicus serotinus,0.013,0.031,-1,Echolocation,/mnt/ubna_data_02_mir/recover-20221013/UBNA_001/20221012_030000.WAV,Telephone Field,recover-20221013,001,1795
42.2555,42.2928,68437,82464,Rhinolophus ferrumequinum,0.023,0.023,-1,Echolocation,/mnt/ubna_data_02_mir/recover-20221013/UBNA_001/20221012_030000.WAV,Telephone Field,recover-20221013,001,1795
42.2855,42.3225,68437,81445,Rhinolophus ferrumequinum,0.021,0.021,-1,Echolocation,/mnt/ubna_data_02_mir/recover-20221013/UBNA_001/20221012_030000.WAV,Telephone Field,recover-20221013,001,1795
42.4355,42.4411,32343,48279,Myotis daubentonii,0.013,0.022,-1,Echolocation,/mnt/ubna_data_02_mir/recover-20221013/UBNA_001/20221012_030000.WAV,Telephone Field,recover-20221013,001,1795
42.4365,42.447,23750,30821,Nyctalus leisleri,0.009,0.024,-1,Echolocation,/mnt/ubna_data_02_mir/recover-20221013/UBNA_001/20221012_030000.WAV,Telephone Field,recover-20221013,001,1795
42.4375,42.4451,47812,55592,Pipistrellus pipistrellus,0.018,0.021,-1,Echolocation,/mnt/ubna_data_02_mir/recover-20221013/UBNA_001/20221012_030000.WAV,Telephone Field,recover-20221013,001,1795
42.4465,42.4577,22890,27786,Nyctalus leisleri,0.011,0.023,-1,Echolocation,/mnt/ubna_data_02_mir/recover-20221013/UBNA_001/20221012_030000.WAV,Telephone Field,recover-20221013,001,1795
42.4595,42.4992,68437,82593,Rhinolophus ferrumequinum,0.025,0.025,-1,Echolocation,/mnt/ubna_data_02_mir/recover-20221013/UBNA_001/20221012_030000.WAV,Telephone Field,recover-20221013,001,1795
42.4685,42.4794,28046,35379,Eptesicus serotinus,0.015,0.029,-1,Echolocation,/mnt/ubna_data_02_mir/recover-20221013/UBNA_001/20221012_030000.WAV,Telephone Field,recover-20221013,001,1795
42.5095,42.5471,68437,81834,Rhinolophus ferrumequinum,0.023,0.023,-1,Echolocation,/mnt/ubna_data_02_mir/recover-20221013/UBNA_001/20221012_030000.WAV,Telephone Field,recover-20221013,001,1795
42.5345,42.5697,68437,81592,Rhinolophus ferrumequinum,0.022,0.022,-1,Echolocation,/mnt/ubna_data_02_mir/recover-20221013/UBNA_001/20221012_030000.WAV,Telephone Field,recover-20221013,001,1795
42.5385,42.5466,28046,39760,Eptesicus serotinus,0.009,0.026,-1,Echolocation,/mnt/ubna_data_02_mir/recover-20221013/UBNA_001/20221012_030000.WAV,Telephone Field,recover-20221013,001,1795
42.545500000000004,42.5826,68437,82070,Rhinolophus ferrumequinum,0.021,0.021,-1,Echolocation,/mnt/ubna_data_02_mir/recover-20221013/UBNA_001/20221012_030000.WAV,Telephone Field,recover-20221013,001,1795
42.5995,42.6383,68437,82686,Rhinolophus ferrumequinum,0.029,0.029,-1,Echolocation,/mnt/ubna_data_02_mir/recover-20221013/UBNA_001/20221012_030000.WAV,Telephone Field,recover-20221013,001,1795
42.6225,42.6359,24609,30126,Nyctalus leisleri,0.015,0.037,-1,Echolocation,/mnt/ubna_data_02_mir/recover-20221013/UBNA_001/20221012_030000.WAV,Telephone Field,recover-20221013,001,1795
42.6525,42.6914,68437,81839,Rhinolophus ferrumequinum,0.023,0.023,-1,Echolocation,/mnt/ubna_data_02_mir/recover-20221013/UBNA_001/20221012_030000.WAV,Telephone Field,recover-20221013,001,1795
42.6635,42.6697,37500,44728,Myotis daubentonii,0.01,0.022,-1,Echolocation,/mnt/ubna_data_02_mir/recover-20221013/UBNA_001/20221012_030000.WAV,Telephone Field,recover-20221013,001,1795
42.6695,42.7071,68437,82024,Rhinolophus ferrumequinum,0.022,0.022,-1,Echolocation,/mnt/ubna_data_02_mir/recover-20221013/UBNA_001/20221012_030000.WAV,Telephone Field,recover-20221013,001,1795
42.7745,42.8129,68437,82726,Rhinolophus ferrumequinum,0.024,0.024,-1,Echolocation,/mnt/ubna_data_02_mir/recover-20221013/UBNA_001/20221012_030000.WAV,Telephone Field,recover-20221013,001,1795
42.8225,42.8318,46093,52933,Pipistrellus pipistrellus,0.028,0.031,-1,Echolocation,/mnt/ubna_data_02_mir/recover-20221013/UBNA_001/20221012_030000.WAV,Telephone Field,recover-20221013,001,1795
42.8445,42.882,68437,82325,Rhinolophus ferrumequinum,0.021,0.021,-1,Echolocation,/mnt/ubna_data_02_mir/recover-20221013/UBNA_001/20221012_030000.WAV,Telephone Field,recover-20221013,001,1795
42.8635,42.9018,68437,82347,Rhinolophus ferrumequinum,0.023,0.023,-1,Echolocation,/mnt/ubna_data_02_mir/recover-20221013/UBNA_001/20221012_030000.WAV,Telephone Field,recover-20221013,001,1795
42.8885,42.9268,68437,82119,Rhinolophus ferrumequinum,0.022,0.022,-1,Echolocation,/mnt/ubna_data_02_mir/recover-20221013/UBNA_001/20221012_030000.WAV,Telephone Field,recover-20221013,001,1795
42.8915,42.9023,22031,26497,Nyctalus leisleri,0.011,0.021,-1,Echolocation,/mnt/ubna_data_02_mir/recover-20221013/UBNA_001/20221012_030000.WAV,Telephone Field,recover-20221013,001,1795
42.929500000000004,42.938,25468,34077,Eptesicus serotinus,0.008,0.024,-1,Echolocation,/mnt/ubna_data_02_mir/recover-20221013/UBNA_001/20221012_030000.WAV,Telephone Field,recover-20221013,001,1795
42.9565,42.9943,68437,81803,Rhinolophus ferrumequinum,0.023,0.023,-1,Echolocation,/mnt/ubna_data_02_mir/recover-20221013/UBNA_001/20221012_030000.WAV,Telephone Field,recover-20221013,001,1795
42.9625,42.9697,27187,39680,Eptesicus serotinus,0.006,0.022,-1,Echolocation,/mnt/ubna_data_02_mir/recover-20221013/UBNA_001/20221012_030000.WAV,Telephone Field,recover-20221013,001,1795
42.9675,42.9853,20312,23422,Nyctalus leisleri,0.016,0.027,-1,Echolocation,/mnt/ubna_data_02_mir/recover-20221013/UBNA_001/20221012_030000.WAV,Telephone Field,recover-20221013,001,1795
43.0125,43.052099999999996,68437,82440,Rhinolophus ferrumequinum,0.029,0.029,-1,Echolocation,/mnt/ubna_data_02_mir/recover-20221013/UBNA_001/20221012_030000.WAV,Telephone Field,recover-20221013,001,1795
43.0205,43.0623,68437,82970,Rhinolophus ferrumequinum,0.03,0.03,-1,Echolocation,/mnt/ubna_data_02_mir/recover-20221013/UBNA_001/20221012_030000.WAV,Telephone Field,recover-20221013,001,1795
43.0345,43.0434,27187,35790,Eptesicus serotinus,0.008,0.021,-1,Echolocation,/mnt/ubna_data_02_mir/recover-20221013/UBNA_001/20221012_030000.WAV,Telephone Field,recover-20221013,001,1795
43.0775,43.118700000000004,68437,82885,Rhinolophus ferrumequinum,0.025,0.025,-1,Echolocation,/mnt/ubna_data_02_mir/recover-20221013/UBNA_001/20221012_030000.WAV,Telephone Field,recover-20221013,001,1795
43.0785,43.087199999999996,27187,37574,Eptesicus serotinus,0.008,0.022,-1,Echolocation,/mnt/ubna_data_02_mir/recover-20221013/UBNA_001/20221012_030000.WAV,Telephone Field,recover-20221013,001,1795
43.091499999999996,43.0987,28046,38239,Eptesicus serotinus,0.007,0.024,-1,Echolocation,/mnt/ubna_data_02_mir/recover-20221013/UBNA_001/20221012_030000.WAV,Telephone Field,recover-20221013,001,1795
43.1065,43.1153,27187,36663,Eptesicus serotinus,0.009,0.022,-1,Echolocation,/mnt/ubna_data_02_mir/recover-20221013/UBNA_001/20221012_030000.WAV,Telephone Field,recover-20221013,001,1795
43.1305,43.138400000000004,27187,43463,Eptesicus serotinus,0.008,0.023,-1,Echolocation,/mnt/ubna_data_02_mir/recover-20221013/UBNA_001/20221012_030000.WAV,Telephone Field,recover-20221013,001,1795
43.1455,43.1543,24609,32207,Nyctalus leisleri,0.007,0.026,-1,Echolocation,/mnt/ubna_data_02_mir/recover-20221013/UBNA_001/20221012_030000.WAV,Telephone Field,recover-20221013,001,1795
43.2115,43.2505,68437,82629,Rhinolophus ferrumequinum,0.022,0.022,-1,Echolocation,/mnt/ubna_data_02_mir/recover-20221013/UBNA_001/20221012_030000.WAV,Telephone Field,recover-20221013,001,1795
43.213499999999996,43.2215,27187,38497,Eptesicus serotinus,0.007,0.021,-1,Echolocation,/mnt/ubna_data_02_mir/recover-20221013/UBNA_001/20221012_030000.WAV,Telephone Field,recover-20221013,001,1795
43.2975,43.340199999999996,68437,82774,Rhinolophus ferrumequinum,0.028,0.028,-1,Echolocation,/mnt/ubna_data_02_mir/recover-20221013/UBNA_001/20221012_030000.WAV,Telephone Field,recover-20221013,001,1795
43.320499999999996,43.3563,68437,80795,Rhinolophus ferrumequinum,0.021,0.021,-1,Echolocation,/mnt/ubna_data_02_mir/recover-20221013/UBNA_001/20221012_030000.WAV,Telephone Field,recover-20221013,001,1795
43.3485,43.3882,68437,81653,Rhinolophus ferrumequinum,0.021,0.021,-1,Echolocation,/mnt/ubna_data_02_mir/recover-20221013/UBNA_001/20221012_030000.WAV,Telephone Field,recover-20221013,001,1795
43.3775,43.414699999999996,68437,82230,Rhinolophus ferrumequinum,0.021,0.021,-1,Echolocation,/mnt/ubna_data_02_mir/recover-20221013/UBNA_001/20221012_030000.WAV,Telephone Field,recover-20221013,001,1795
43.3785,43.384299999999996,27187,45647,Myotis daubentonii,0.007,0.028,-1,Echolocation,/mnt/ubna_data_02_mir/recover-20221013/UBNA_001/20221012_030000.WAV,Telephone Field,recover-20221013,001,1795
43.4675,43.5099,68437,83222,Rhinolophus ferrumequinum,0.027,0.027,-1,Echolocation,/mnt/ubna_data_02_mir/recover-20221013/UBNA_001/20221012_030000.WAV,Telephone Field,recover-20221013,001,1795
43.4875,43.5299,68437,82488,Rhinolophus ferrumequinum,0.023,0.023,-1,Echolocation,/mnt/ubna_data_02_mir/recover-20221013/UBNA_001/20221012_030000.WAV,Telephone Field,recover-20221013,001,1795
43.5085,43.5468,68437,81791,Rhinolophus ferrumequinum,0.022,0.022,-1,Echolocation,/mnt/ubna_data_02_mir/recover-20221013/UBNA_001/20221012_030000.WAV,Telephone Field,recover-20221013,001,1795
43.5155,43.5246,24609,32585,Eptesicus serotinus,0.007,0.021,-1,Echolocation,/mnt/ubna_data_02_mir/recover-20221013/UBNA_001/20221012_030000.WAV,Telephone Field,recover-20221013,001,1795
43.5325,43.5744,68437,82877,Rhinolophus ferrumequinum,0.021,0.021,-1,Echolocation,/mnt/ubna_data_02_mir/recover-20221013/UBNA_001/20221012_030000.WAV,Telephone Field,recover-20221013,001,1795
43.5755,43.6137,68437,82260,Rhinolophus ferrumequinum,0.022,0.022,-1,Echolocation,/mnt/ubna_data_02_mir/recover-20221013/UBNA_001/20221012_030000.WAV,Telephone Field,recover-20221013,001,1795
43.6055,43.6451,68437,82476,Rhinolophus ferrumequinum,0.029,0.029,-1,Echolocation,/mnt/ubna_data_02_mir/recover-20221013/UBNA_001/20221012_030000.WAV,Telephone Field,recover-20221013,001,1795
43.6235,43.664,68437,82849,Rhinolophus ferrumequinum,0.024,0.024,-1,Echolocation,/mnt/ubna_data_02_mir/recover-20221013/UBNA_001/20221012_030000.WAV,Telephone Field,recover-20221013,001,1795
43.6315,43.6386,26328,36959,Eptesicus serotinus,0.008,0.028,-1,Echolocation,/mnt/ubna_data_02_mir/recover-20221013/UBNA_001/20221012_030000.WAV,Telephone Field,recover-20221013,001,1795
43.6595,43.6971,68437,81799,Rhinolophus ferrumequinum,0.021,0.021,-1,Echolocation,/mnt/ubna_data_02_mir/recover-20221013/UBNA_001/20221012_030000.WAV,Telephone Field,recover-20221013,001,1795
43.676500000000004,43.7156,68437,82163,Rhinolophus ferrumequinum,0.022,0.022,-1,Echolocation,/mnt/ubna_data_02_mir/recover-20221013/UBNA_001/20221012_030000.WAV,Telephone Field,recover-20221013,001,1795
43.6815,43.6924,22031,28391,Nyctalus leisleri,0.011,0.035,-1,Echolocation,/mnt/ubna_data_02_mir/recover-20221013/UBNA_001/20221012_030000.WAV,Telephone Field,recover-20221013,001,1795
43.7355,43.7738,68437,82049,Rhinolophus ferrumequinum,0.021,0.021,-1,Echolocation,/mnt/ubna_data_02_mir/recover-20221013/UBNA_001/20221012_030000.WAV,Telephone Field,recover-20221013,001,1795
43.7575,43.797,68437,82722,Rhinolophus ferrumequinum,0.024,0.024,-1,Echolocation,/mnt/ubna_data_02_mir/recover-20221013/UBNA_001/20221012_030000.WAV,Telephone Field,recover-20221013,001,1795
43.7685,43.7812,22031,27076,Nyctalus leisleri,0.016,0.032,-1,Echolocation,/mnt/ubna_data_02_mir/recover-20221013/UBNA_001/20221012_030000.WAV,Telephone Field,recover-20221013,001,1795
43.7915,43.833,68437,82609,Rhinolophus ferrumequinum,0.025,0.025,-1,Echolocation,/mnt/ubna_data_02_mir/recover-20221013/UBNA_001/20221012_030000.WAV,Telephone Field,recover-20221013,001,1795
43.7975,43.8047,26328,40415,Eptesicus serotinus,0.006,0.021,-1,Echolocation,/mnt/ubna_data_02_mir/recover-20221013/UBNA_001/20221012_030000.WAV,Telephone Field,recover-20221013,001,1795
43.8125,43.8507,68437,82664,Rhinolophus ferrumequinum,0.022,0.022,-1,Echolocation,/mnt/ubna_data_02_mir/recover-20221013/UBNA_001/20221012_030000.WAV,Telephone Field,recover-20221013,001,1795
43.8545,43.8652,14296,19527,Nyctalus noctula,0.014,0.031,-1,Echolocation,/mnt/ubna_data_02_mir/recover-20221013/UBNA_001/20221012_030000.WAV,Telephone Field,recover-20221013,001,1795
43.8965,43.9363,68437,82401,Rhinolophus ferrumequinum,0.025,0.025,-1,Echolocation,/mnt/ubna_data_02_mir/recover-20221013/UBNA_001/20221012_030000.WAV,Telephone Field,recover-20221013,001,1795
43.917500000000004,43.9258,27187,39927,Eptesicus serotinus,0.013,0.034,-1,Echolocation,/mnt/ubna_data_02_mir/recover-20221013/UBNA_001/20221012_030000.WAV,Telephone Field,recover-20221013,001,1795
43.9195,43.959,68437,82296,Rhinolophus ferrumequinum,0.021,0.021,-1,Echolocation,/mnt/ubna_data_02_mir/recover-20221013/UBNA_001/20221012_030000.WAV,Telephone Field,recover-20221013,001,1795
43.9315,43.9698,68437,81925,Rhinolophus ferrumequinum,0.022,0.022,-1,Echolocation,/mnt/ubna_data_02_mir/recover-20221013/UBNA_001/20221012_030000.WAV,Telephone Field,recover-20221013,001,1795
43.9335,43.9427,28046,37628,Eptesicus serotinus,0.011,0.028,-1,Echolocation,/mnt/ubna_data_02_mir/recover-20221013/UBNA_001/20221012_030000.WAV,Telephone Field,recover-20221013,001,1795
43.9425,43.9773,68437,81371,Rhinolophus ferrumequinum,0.022,0.022,-1,Echolocation,/mnt/ubna_data_02_mir/recover-20221013/UBNA_001/20221012_030000.WAV,Telephone Field,recover-20221013,001,1795
43.9655,43.9743,28046,37165,Eptesicus serotinus,0.009,0.023,-1,Echolocation,/mnt/ubna_data_02_mir/recover-20221013/UBNA_001/20221012_030000.WAV,Telephone Field,recover-20221013,001,1795
44.0015,44.0131,23750,29134,Nyctalus leisleri,0.013,0.027,-1,Echolocation,/mnt/ubna_data_02_mir/recover-20221013/UBNA_001/20221012_030000.WAV,Telephone Field,recover-20221013,001,1795
44.0015,44.0332,69296,82011,Rhinolophus ferrumequinum,0.028,0.028,-1,Echolocation,/mnt/ubna_data_02_mir/recover-20221013/UBNA_001/20221012_030000.WAV,Telephone Field,recover-20221013,001,1795
44.0095,44.0536,68437,82037,Rhinolophus ferrumequinum,0.023,0.024,-1,Echolocation,/mnt/ubna_data_02_mir/recover-20221013/UBNA_001/20221012_030000.WAV,Telephone Field,recover-20221013,001,1795
44.039500000000004,44.049,28906,37132,Eptesicus serotinus,0.009,0.023,-1,Echolocation,/mnt/ubna_data_02_mir/recover-20221013/UBNA_001/20221012_030000.WAV,Telephone Field,recover-20221013,001,1795
44.045500000000004,44.0535,28906,37398,Eptesicus serotinus,0.007,0.022,-1,Echolocation,/mnt/ubna_data_02_mir/recover-20221013/UBNA_001/20221012_030000.WAV,Telephone Field,recover-20221013,001,1795
44.0465,44.0827,68437,81888,Rhinolophus ferrumequinum,0.022,0.022,-1,Echolocation,/mnt/ubna_data_02_mir/recover-20221013/UBNA_001/20221012_030000.WAV,Telephone Field,recover-20221013,001,1795
44.0555,44.0647,28906,35939,Eptesicus serotinus,0.008,0.021,-1,Echolocation,/mnt/ubna_data_02_mir/recover-20221013/UBNA_001/20221012_030000.WAV,Telephone Field,recover-20221013,001,1795
44.0625,44.1028,68437,82120,Rhinolophus ferrumequinum,0.024,0.024,-1,Echolocation,/mnt/ubna_data_02_mir/recover-20221013/UBNA_001/20221012_030000.WAV,Telephone Field,recover-20221013,001,1795
44.0945,44.1311,68437,82018,Rhinolophus ferrumequinum,0.022,0.022,-1,Echolocation,/mnt/ubna_data_02_mir/recover-20221013/UBNA_001/20221012_030000.WAV,Telephone Field,recover-20221013,001,1795
44.1495,44.19,68437,82992,Rhinolophus ferrumequinum,0.026,0.026,-1,Echolocation,/mnt/ubna_data_02_mir/recover-20221013/UBNA_001/20221012_030000.WAV,Telephone Field,recover-20221013,001,1795
44.1575,44.1678,24609,30884,Nyctalus leisleri,0.008,0.023,-1,Echolocation,/mnt/ubna_data_02_mir/recover-20221013/UBNA_001/20221012_030000.WAV,Telephone Field,recover-20221013,001,1795
44.170500000000004,44.1815,43515,50474,Pipistrellus pipistrellus,0.015,0.024,-1,Echolocation,/mnt/ubna_data_02_mir/recover-20221013/UBNA_001/20221012_030000.WAV,Telephone Field,recover-20221013,001,1795
44.1875,44.2285,68437,83044,Rhinolophus ferrumequinum,0.025,0.025,-1,Echolocation,/mnt/ubna_data_02_mir/recover-20221013/UBNA_001/20221012_030000.WAV,Telephone Field,recover-20221013,001,1795
44.1975,44.2321,68437,81273,Rhinolophus ferrumequinum,0.022,0.022,-1,Echolocation,/mnt/ubna_data_02_mir/recover-20221013/UBNA_001/20221012_030000.WAV,Telephone Field,recover-20221013,001,1795
44.2305,44.2718,68437,82950,Rhinolophus ferrumequinum,0.024,0.024,-1,Echolocation,/mnt/ubna_data_02_mir/recover-20221013/UBNA_001/20221012_030000.WAV,Telephone Field,recover-20221013,001,1795
44.2435,44.2868,68437,83276,Rhinolophus ferrumequinum,0.038,0.038,-1,Echolocation,/mnt/ubna_data_02_mir/recover-20221013/UBNA_001/20221012_030000.WAV,Telephone Field,recover-20221013,001,1795
44.2845,44.3219,68437,82071,Rhinolophus ferrumequinum,0.023,0.023,-1,Echolocation,/mnt/ubna_data_02_mir/recover-20221013/UBNA_001/20221012_030000.WAV,Telephone Field,recover-20221013,001,1795
44.2935,44.3035,22031,26779,Nyctalus leisleri,0.009,0.022,-1,Echolocation,/mnt/ubna_data_02_mir/recover-20221013/UBNA_001/20221012_030000.WAV,Telephone Field,recover-20221013,001,1795
44.3065,44.3408,68437,81287,Rhinolophus ferrumequinum,0.021,0.021,-1,Echolocation,/mnt/ubna_data_02_mir/recover-20221013/UBNA_001/20221012_030000.WAV,Telephone Field,recover-20221013,001,1795
44.3465,44.3859,68437,82818,Rhinolophus ferrumequinum,0.025,0.025,-1,Echolocation,/mnt/ubna_data_02_mir/recover-20221013/UBNA_001/20221012_030000.WAV,Telephone Field,recover-20221013,001,1795
44.3985,44.4067,28046,39712,Eptesicus serotinus,0.008,0.025,-1,Echolocation,/mnt/ubna_data_02_mir/recover-20221013/UBNA_001/20221012_030000.WAV,Telephone Field,recover-20221013,001,1795
44.3985,44.4379,68437,83011,Rhinolophus ferrumequinum,0.032,0.032,-1,Echolocation,/mnt/ubna_data_02_mir/recover-20221013/UBNA_001/20221012_030000.WAV,Telephone Field,recover-20221013,001,1795
44.4155,44.4524,68437,82108,Rhinolophus ferrumequinum,0.027,0.027,-1,Echolocation,/mnt/ubna_data_02_mir/recover-20221013/UBNA_001/20221012_030000.WAV,Telephone Field,recover-20221013,001,1795
44.4285,44.4672,68437,82427,Rhinolophus ferrumequinum,0.024,0.024,-1,Echolocation,/mnt/ubna_data_02_mir/recover-20221013/UBNA_001/20221012_030000.WAV,Telephone Field,recover-20221013,001,1795
44.4625,44.4988,68437,81437,Rhinolophus ferrumequinum,0.022,0.022,-1,Echolocation,/mnt/ubna_data_02_mir/recover-20221013/UBNA_001/20221012_030000.WAV,Telephone Field,recover-20221013,001,1795
44.4945,44.5345,68437,82564,Rhinolophus ferrumequinum,0.021,0.021,-1,Echolocation,/mnt/ubna_data_02_mir/recover-20221013/UBNA_001/20221012_030000.WAV,Telephone Field,recover-20221013,001,1795
44.5535,44.5933,68437,82479,Rhinolophus ferrumequinum,0.026,0.026,-1,Echolocation,/mnt/ubna_data_02_mir/recover-20221013/UBNA_001/20221012_030000.WAV,Telephone Field,recover-20221013,001,1795
44.5555,44.567099999999996,26328,34152,Eptesicus serotinus,0.015,0.028,-1,Echolocation,/mnt/ubna_data_02_mir/recover-20221013/UBNA_001/20221012_030000.WAV,Telephone Field,recover-20221013,001,1795
44.5685,44.5757,28046,40755,Eptesicus serotinus,0.008,0.028,-1,Echolocation,/mnt/ubna_data_02_mir/recover-20221013/UBNA_001/20221012_030000.WAV,Telephone Field,recover-20221013,001,1795
44.5905,44.6268,68437,82399,Rhinolophus ferrumequinum,0.028,0.028,-1,Echolocation,/mnt/ubna_data_02_mir/recover-20221013/UBNA_001/20221012_030000.WAV,Telephone Field,recover-20221013,001,1795
44.6035,44.6105,27187,38682,Eptesicus serotinus,0.006,0.023,-1,Echolocation,/mnt/ubna_data_02_mir/recover-20221013/UBNA_001/20221012_030000.WAV,Telephone Field,recover-20221013,001,1795
44.6045,44.638999999999996,68437,81555,Rhinolophus ferrumequinum,0.032,0.032,-1,Echolocation,/mnt/ubna_data_02_mir/recover-20221013/UBNA_001/20221012_030000.WAV,Telephone Field,recover-20221013,001,1795
44.6875,44.7234,68437,81861,Rhinolophus ferrumequinum,0.023,0.023,-1,Echolocation,/mnt/ubna_data_02_mir/recover-20221013/UBNA_001/20221012_030000.WAV,Telephone Field,recover-20221013,001,1795
44.695499999999996,44.7037,28046,37619,Eptesicus serotinus,0.007,0.021,-1,Echolocation,/mnt/ubna_data_02_mir/recover-20221013/UBNA_001/20221012_030000.WAV,Telephone Field,recover-20221013,001,1795
44.6995,44.7395,68437,82285,Rhinolophus ferrumequinum,0.029,0.029,-1,Echolocation,/mnt/ubna_data_02_mir/recover-20221013/UBNA_001/20221012_030000.WAV,Telephone Field,recover-20221013,001,1795
44.7115,44.7211,28046,36431,Eptesicus serotinus,0.01,0.022,-1,Echolocation,/mnt/ubna_data_02_mir/recover-20221013/UBNA_001/20221012_030000.WAV,Telephone Field,recover-20221013,001,1795
44.7445,44.7826,68437,82107,Rhinolophus ferrumequinum,0.023,0.023,-1,Echolocation,/mnt/ubna_data_02_mir/recover-20221013/UBNA_001/20221012_030000.WAV,Telephone Field,recover-20221013,001,1795
44.7495,44.7612,28906,35689,Eptesicus serotinus,0.012,0.025,-1,Echolocation,/mnt/ubna_data_02_mir/recover-20221013/UBNA_001/20221012_030000.WAV,Telephone Field,recover-20221013,001,1795
44.7765,44.814,68437,82519,Rhinolophus ferrumequinum,0.027,0.027,-1,Echolocation,/mnt/ubna_data_02_mir/recover-20221013/UBNA_001/20221012_030000.WAV,Telephone Field,recover-20221013,001,1795
44.7785,44.7912,22890,27603,Nyctalus leisleri,0.013,0.024,-1,Echolocation,/mnt/ubna_data_02_mir/recover-20221013/UBNA_001/20221012_030000.WAV,Telephone Field,recover-20221013,001,1795
44.8165,44.8377,19453,22590,Nyctalus leisleri,0.016,0.033,-1,Echolocation,/mnt/ubna_data_02_mir/recover-20221013/UBNA_001/20221012_030000.WAV,Telephone Field,recover-20221013,001,1795
44.8195,44.8588,68437,81860,Rhinolophus ferrumequinum,0.023,0.023,-1,Echolocation,/mnt/ubna_data_02_mir/recover-20221013/UBNA_001/20221012_030000.WAV,Telephone Field,recover-20221013,001,1795
44.8225,44.8302,28046,40411,Eptesicus serotinus,0.007,0.024,-1,Echolocation,/mnt/ubna_data_02_mir/recover-20221013/UBNA_001/20221012_030000.WAV,Telephone Field,recover-20221013,001,1795
44.8635,44.9009,68437,81800,Rhinolophus ferrumequinum,0.023,0.023,-1,Echolocation,/mnt/ubna_data_02_mir/recover-20221013/UBNA_001/20221012_030000.WAV,Telephone Field,recover-20221013,001,1795
44.8795,44.887100000000004,28046,40901,Eptesicus serotinus,0.007,0.022,-1,Echolocation,/mnt/ubna_data_02_mir/recover-20221013/UBNA_001/20221012_030000.WAV,Telephone Field,recover-20221013,001,1795
44.8825,44.9207,68437,82103,Rhinolophus ferrumequinum,0.023,0.023,-1,Echolocation,/mnt/ubna_data_02_mir/recover-20221013/UBNA_001/20221012_030000.WAV,Telephone Field,recover-20221013,001,1795
44.8895,44.9291,68437,82394,Rhinolophus ferrumequinum,0.022,0.022,-1,Echolocation,/mnt/ubna_data_02_mir/recover-20221013/UBNA_001/20221012_030000.WAV,Telephone Field,recover-20221013,001,1795
44.8945,44.9332,68437,82157,Rhinolophus ferrumequinum,0.022,0.022,-1,Echolocation,/mnt/ubna_data_02_mir/recover-20221013/UBNA_001/20221012_030000.WAV,Telephone Field,recover-20221013,001,1795
44.914500000000004,44.952,68437,81147,Rhinolophus ferrumequinum,0.025,0.025,-1,Echolocation,/mnt/ubna_data_02_mir/recover-20221013/UBNA_001/20221012_030000.WAV,Telephone Field,recover-20221013,001,1795
44.9345,44.941900000000004,51250,58397,Pipistrellus pipistrellus,0.018,0.022,-1,Echolocation,/mnt/ubna_data_02_mir/recover-20221013/UBNA_001/20221012_030000.WAV,Telephone Field,recover-20221013,001,1795
44.9505,44.9905,68437,83172,Rhinolophus ferrumequinum,0.052,0.052,-1,Echolocation,/mnt/ubna_data_02_mir/recover-20221013/UBNA_001/20221012_030000.WAV,Telephone Field,recover-20221013,001,1795
44.9815,45.019800000000004,68437,81944,Rhinolophus ferrumequinum,0.022,0.022,-1,Echolocation,/mnt/ubna_data_02_mir/recover-20221013/UBNA_001/20221012_030000.WAV,Telephone Field,recover-20221013,001,1795
45.0105,45.0184,28046,38912,Eptesicus serotinus,0.007,0.021,-1,Echolocation,/mnt/ubna_data_02_mir/recover-20221013/UBNA_001/20221012_030000.WAV,Telephone Field,recover-20221013,001,1795
45.0215,45.063,68437,82876,Rhinolophus ferrumequinum,0.025,0.025,-1,Echolocation,/mnt/ubna_data_02_mir/recover-20221013/UBNA_001/20221012_030000.WAV,Telephone Field,recover-20221013,001,1795
45.0655,45.1035,68437,81715,Rhinolophus ferrumequinum,0.023,0.023,-1,Echolocation,/mnt/ubna_data_02_mir/recover-20221013/UBNA_001/20221012_030000.WAV,Telephone Field,recover-20221013,001,1795
45.0695,45.0801,28046,36404,Eptesicus serotinus,0.011,0.025,-1,Echolocation,/mnt/ubna_data_02_mir/recover-20221013/UBNA_001/20221012_030000.WAV,Telephone Field,recover-20221013,001,1795
45.0775,45.1171,68437,82007,Rhinolophus ferrumequinum,0.021,0.021,-1,Echolocation,/mnt/ubna_data_02_mir/recover-20221013/UBNA_001/20221012_030000.WAV,Telephone Field,recover-20221013,001,1795
45.1155,45.1543,68437,81586,Rhinolophus ferrumequinum,0.022,0.022,-1,Echolocation,/mnt/ubna_data_02_mir/recover-20221013/UBNA_001/20221012_030000.WAV,Telephone Field,recover-20221013,001,1795
45.1235,45.1667,68437,83010,Rhinolophus ferrumequinum,0.029,0.029,-1,Echolocation,/mnt/ubna_data_02_mir/recover-20221013/UBNA_001/20221012_030000.WAV,Telephone Field,recover-20221013,001,1795
45.1455,45.182,68437,81653,Rhinolophus ferrumequinum,0.023,0.023,-1,Echolocation,/mnt/ubna_data_02_mir/recover-20221013/UBNA_001/20221012_030000.WAV,Telephone Field,recover-20221013,001,1795
45.210499999999996,45.2475,68437,82282,Rhinolophus ferrumequinum,0.023,0.023,-1,Echolocation,/mnt/ubna_data_02_mir/recover-20221013/UBNA_001/20221012_030000.WAV,Telephone Field,recover-20221013,001,1795
45.2275,45.2389,23750,28736,Nyctalus leisleri,0.012,0.023,-1,Echolocation,/mnt/ubna_data_02_mir/recover-20221013/UBNA_001/20221012_030000.WAV,Telephone Field,recover-20221013,001,1795
45.2665,45.2744,28046,38348,Eptesicus serotinus,0.007,0.021,-1,Echolocation,/mnt/ubna_data_02_mir/recover-20221013/UBNA_001/20221012_030000.WAV,Telephone Field,recover-20221013,001,1795
45.2735,45.3182,68437,82983,Rhinolophus ferrumequinum,0.036,0.036,-1,Echolocation,/mnt/ubna_data_02_mir/recover-20221013/UBNA_001/20221012_030000.WAV,Telephone Field,recover-20221013,001,1795
45.283500000000004,45.2909,28046,38525,Eptesicus serotinus,0.007,0.023,-1,Echolocation,/mnt/ubna_data_02_mir/recover-20221013/UBNA_001/20221012_030000.WAV,Telephone Field,recover-20221013,001,1795
45.3175,45.3284,22890,28205,Nyctalus leisleri,0.011,0.023,-1,Echolocation,/mnt/ubna_data_02_mir/recover-20221013/UBNA_001/20221012_030000.WAV,Telephone Field,recover-20221013,001,1795
45.3245,45.365899999999996,68437,82458,Rhinolophus ferrumequinum,0.027,0.027,-1,Echolocation,/mnt/ubna_data_02_mir/recover-20221013/UBNA_001/20221012_030000.WAV,Telephone Field,recover-20221013,001,1795
45.3315,45.370400000000004,68437,82629,Rhinolophus ferrumequinum,0.025,0.025,-1,Echolocation,/mnt/ubna_data_02_mir/recover-20221013/UBNA_001/20221012_030000.WAV,Telephone Field,recover-20221013,001,1795
45.3315,45.3414,22031,27534,Nyctalus leisleri,0.008,0.022,-1,Echolocation,/mnt/ubna_data_02_mir/recover-20221013/UBNA_001/20221012_030000.WAV,Telephone Field,recover-20221013,001,1795
45.3785,45.4172,68437,82150,Rhinolophus ferrumequinum,0.022,0.022,-1,Echolocation,/mnt/ubna_data_02_mir/recover-20221013/UBNA_001/20221012_030000.WAV,Telephone Field,recover-20221013,001,1795
45.3995,45.4076,28046,38667,Eptesicus serotinus,0.007,0.021,-1,Echolocation,/mnt/ubna_data_02_mir/recover-20221013/UBNA_001/20221012_030000.WAV,Telephone Field,recover-20221013,001,1795
45.4045,45.4405,68437,81943,Rhinolophus ferrumequinum,0.026,0.026,-1,Echolocation,/mnt/ubna_data_02_mir/recover-20221013/UBNA_001/20221012_030000.WAV,Telephone Field,recover-20221013,001,1795
45.4195,45.4574,68437,81536,Rhinolophus ferrumequinum,0.022,0.022,-1,Echolocation,/mnt/ubna_data_02_mir/recover-20221013/UBNA_001/20221012_030000.WAV,Telephone Field,recover-20221013,001,1795
45.4195,45.4294,27187,35957,Eptesicus serotinus,0.009,0.021,-1,Echolocation,/mnt/ubna_data_02_mir/recover-20221013/UBNA_001/20221012_030000.WAV,Telephone Field,recover-20221013,001,1795
45.4375,45.4725,68437,81074,Rhinolophus ferrumequinum,0.026,0.027,-1,Echolocation,/mnt/ubna_data_02_mir/recover-20221013/UBNA_001/20221012_030000.WAV,Telephone Field,recover-20221013,001,1795
45.466499999999996,45.5038,68437,82650,Rhinolophus ferrumequinum,0.031,0.031,-1,Echolocation,/mnt/ubna_data_02_mir/recover-20221013/UBNA_001/20221012_030000.WAV,Telephone Field,recover-20221013,001,1795
45.4795,45.5126,68437,80441,Rhinolophus ferrumequinum,0.021,0.021,-1,Echolocation,/mnt/ubna_data_02_mir/recover-20221013/UBNA_001/20221012_030000.WAV,Telephone Field,recover-20221013,001,1795
45.4885,45.5237,68437,80727,Rhinolophus ferrumequinum,0.021,0.021,-1,Echolocation,/mnt/ubna_data_02_mir/recover-20221013/UBNA_001/20221012_030000.WAV,Telephone Field,recover-20221013,001,1795
45.4885,45.4987,24609,30297,Nyctalus leisleri,0.009,0.022,-1,Echolocation,/mnt/ubna_data_02_mir/recover-20221013/UBNA_001/20221012_030000.WAV,Telephone Field,recover-20221013,001,1795
45.5055,45.512299999999996,27187,47514,Eptesicus serotinus,0.006,0.023,-1,Echolocation,/mnt/ubna_data_02_mir/recover-20221013/UBNA_001/20221012_030000.WAV,Telephone Field,recover-20221013,001,1795
45.5295,45.5685,68437,82044,Rhinolophus ferrumequinum,0.026,0.026,-1,Echolocation,/mnt/ubna_data_02_mir/recover-20221013/UBNA_001/20221012_030000.WAV,Telephone Field,recover-20221013,001,1795
45.5625,45.6013,68437,82395,Rhinolophus ferrumequinum,0.022,0.023,-1,Echolocation,/mnt/ubna_data_02_mir/recover-20221013/UBNA_001/20221012_030000.WAV,Telephone Field,recover-20221013,001,1795
45.5955,45.602000000000004,27187,40682,Eptesicus serotinus,0.005,0.021,-1,Echolocation,/mnt/ubna_data_02_mir/recover-20221013/UBNA_001/20221012_030000.WAV,Telephone Field,recover-20221013,001,1795
45.6625,45.7001,68437,82005,Rhinolophus ferrumequinum,0.023,0.023,-1,Echolocation,/mnt/ubna_data_02_mir/recover-20221013/UBNA_001/20221012_030000.WAV,Telephone Field,recover-20221013,001,1795
45.6715,45.7107,68437,82154,Rhinolophus ferrumequinum,0.021,0.021,-1,Echolocation,/mnt/ubna_data_02_mir/recover-20221013/UBNA_001/20221012_030000.WAV,Telephone Field,recover-20221013,001,1795
45.6895,45.699799999999996,25468,33517,Eptesicus serotinus,0.009,0.021,-1,Echolocation,/mnt/ubna_data_02_mir/recover-20221013/UBNA_001/20221012_030000.WAV,Telephone Field,recover-20221013,001,1795
45.7065,45.7422,68437,82070,Rhinolophus ferrumequinum,0.021,0.021,-1,Echolocation,/mnt/ubna_data_02_mir/recover-20221013/UBNA_001/20221012_030000.WAV,Telephone Field,recover-20221013,001,1795
45.7305,45.7744,68437,83494,Rhinolophus ferrumequinum,0.049,0.049,-1,Echolocation,/mnt/ubna_data_02_mir/recover-20221013/UBNA_001/20221012_030000.WAV,Telephone Field,recover-20221013,001,1795
45.7425,45.7526,22890,28617,Nyctalus leisleri,0.01,0.024,-1,Echolocation,/mnt/ubna_data_02_mir/recover-20221013/UBNA_001/20221012_030000.WAV,Telephone Field,recover-20221013,001,1795
45.7755,45.7838,28046,38983,Eptesicus serotinus,0.007,0.021,-1,Echolocation,/mnt/ubna_data_02_mir/recover-20221013/UBNA_001/20221012_030000.WAV,Telephone Field,recover-20221013,001,1795
45.786500000000004,45.7967,22890,28088,Nyctalus leisleri,0.01,0.023,-1,Echolocation,/mnt/ubna_data_02_mir/recover-20221013/UBNA_001/20221012_030000.WAV,Telephone Field,recover-20221013,001,1795
45.7975,45.832300000000004,68437,81292,Rhinolophus ferrumequinum,0.022,0.022,-1,Echolocation,/mnt/ubna_data_02_mir/recover-20221013/UBNA_001/20221012_030000.WAV,Telephone Field,recover-20221013,001,1795
45.8095,45.82,22031,27070,Nyctalus leisleri,0.011,0.023,-1,Echolocation,/mnt/ubna_data_02_mir/recover-20221013/UBNA_001/20221012_030000.WAV,Telephone Field,recover-20221013,001,1795
45.8175,45.8254,26328,35214,Eptesicus serotinus,0.007,0.022,-1,Echolocation,/mnt/ubna_data_02_mir/recover-20221013/UBNA_001/20221012_030000.WAV,Telephone Field,recover-20221013,001,1795
45.8625,45.87,28906,38826,Eptesicus serotinus,0.007,0.021,-1,Echolocation,/mnt/ubna_data_02_mir/recover-20221013/UBNA_001/20221012_030000.WAV,Telephone Field,recover-20221013,001,1795
45.8635,45.9011,68437,81881,Rhinolophus ferrumequinum,0.024,0.024,-1,Echolocation,/mnt/ubna_data_02_mir/recover-20221013/UBNA_001/20221012_030000.WAV,Telephone Field,recover-20221013,001,1795
45.8715,45.9091,68437,81254,Rhinolophus ferrumequinum,0.026,0.026,-1,Echolocation,/mnt/ubna_data_02_mir/recover-20221013/UBNA_001/20221012_030000.WAV,Telephone Field,recover-20221013,001,1795
45.8785,45.9129,68437,81375,Rhinolophus ferrumequinum,0.022,0.022,-1,Echolocation,/mnt/ubna_data_02_mir/recover-20221013/UBNA_001/20221012_030000.WAV,Telephone Field,recover-20221013,001,1795
45.9035,45.9385,68437,81506,Rhinolophus ferrumequinum,0.022,0.022,-1,Echolocation,/mnt/ubna_data_02_mir/recover-20221013/UBNA_001/20221012_030000.WAV,Telephone Field,recover-20221013,001,1795
45.9155,45.9511,68437,80592,Rhinolophus ferrumequinum,0.022,0.022,-1,Echolocation,/mnt/ubna_data_02_mir/recover-20221013/UBNA_001/20221012_030000.WAV,Telephone Field,recover-20221013,001,1795
45.9225,45.9609,68437,81846,Rhinolophus ferrumequinum,0.021,0.021,-1,Echolocation,/mnt/ubna_data_02_mir/recover-20221013/UBNA_001/20221012_030000.WAV,Telephone Field,recover-20221013,001,1795
45.9305,45.9407,23750,29974,Nyctalus leisleri,0.008,0.021,-1,Echolocation,/mnt/ubna_data_02_mir/recover-20221013/UBNA_001/20221012_030000.WAV,Telephone Field,recover-20221013,001,1795
45.9345,45.9787,68437,83622,Rhinolophus ferrumequinum,0.032,0.032,-1,Echolocation,/mnt/ubna_data_02_mir/recover-20221013/UBNA_001/20221012_030000.WAV,Telephone Field,recover-20221013,001,1795
45.9805,45.9917,28046,35882,Eptesicus serotinus,0.015,0.029,-1,Echolocation,/mnt/ubna_data_02_mir/recover-20221013/UBNA_001/20221012_030000.WAV,Telephone Field,recover-20221013,001,1795
46.0015,46.0099,26328,37185,Eptesicus serotinus,0.007,0.026,-1,Echolocation,/mnt/ubna_data_02_mir/recover-20221013/UBNA_001/20221012_030000.WAV,Telephone Field,recover-20221013,001,1795
46.0015,46.034,68437,79717,Rhinolophus ferrumequinum,0.03,0.03,-1,Echolocation,/mnt/ubna_data_02_mir/recover-20221013/UBNA_001/20221012_030000.WAV,Telephone Field,recover-20221013,001,1795
46.0015,46.0108,47812,55489,Pipistrellus pipistrellus,0.015,0.022,-1,Echolocation,/mnt/ubna_data_02_mir/recover-20221013/UBNA_001/20221012_030000.WAV,Telephone Field,recover-20221013,001,1795
46.0295,46.0376,28906,39515,Eptesicus serotinus,0.008,0.024,-1,Echolocation,/mnt/ubna_data_02_mir/recover-20221013/UBNA_001/20221012_030000.WAV,Telephone Field,recover-20221013,001,1795
46.064499999999995,46.0726,29765,39237,Eptesicus serotinus,0.008,0.024,-1,Echolocation,/mnt/ubna_data_02_mir/recover-20221013/UBNA_001/20221012_030000.WAV,Telephone Field,recover-20221013,001,1795
46.1635,46.1999,68437,81542,Rhinolophus ferrumequinum,0.021,0.021,-1,Echolocation,/mnt/ubna_data_02_mir/recover-20221013/UBNA_001/20221012_030000.WAV,Telephone Field,recover-20221013,001,1795
46.183499999999995,46.2226,68437,82020,Rhinolophus ferrumequinum,0.021,0.021,-1,Echolocation,/mnt/ubna_data_02_mir/recover-20221013/UBNA_001/20221012_030000.WAV,Telephone Field,recover-20221013,001,1795
46.2035,46.2137,28906,36417,Eptesicus serotinus,0.011,0.025,-1,Echolocation,/mnt/ubna_data_02_mir/recover-20221013/UBNA_001/20221012_030000.WAV,Telephone Field,recover-20221013,001,1795
46.2095,46.2465,68437,81575,Rhinolophus ferrumequinum,0.021,0.021,-1,Echolocation,/mnt/ubna_data_02_mir/recover-20221013/UBNA_001/20221012_030000.WAV,Telephone Field,recover-20221013,001,1795
46.2345,46.243700000000004,25468,33960,Eptesicus serotinus,0.008,0.022,-1,Echolocation,/mnt/ubna_data_02_mir/recover-20221013/UBNA_001/20221012_030000.WAV,Telephone Field,recover-20221013,001,1795
46.2365,46.274699999999996,68437,81960,Rhinolophus ferrumequinum,0.022,0.022,-1,Echolocation,/mnt/ubna_data_02_mir/recover-20221013/UBNA_001/20221012_030000.WAV,Telephone Field,recover-20221013,001,1795
46.2885,46.2962,28046,42086,Eptesicus serotinus,0.007,0.021,-1,Echolocation,/mnt/ubna_data_02_mir/recover-20221013/UBNA_001/20221012_030000.WAV,Telephone Field,recover-20221013,001,1795
46.323499999999996,46.360600000000005,68437,81716,Rhinolophus ferrumequinum,0.021,0.021,-1,Echolocation,/mnt/ubna_data_02_mir/recover-20221013/UBNA_001/20221012_030000.WAV,Telephone Field,recover-20221013,001,1795
46.3435,46.3548,22890,29074,Nyctalus leisleri,0.012,0.028,-1,Echolocation,/mnt/ubna_data_02_mir/recover-20221013/UBNA_001/20221012_030000.WAV,Telephone Field,recover-20221013,001,1795
46.3475,46.385400000000004,68437,82136,Rhinolophus ferrumequinum,0.021,0.021,-1,Echolocation,/mnt/ubna_data_02_mir/recover-20221013/UBNA_001/20221012_030000.WAV,Telephone Field,recover-20221013,001,1795
46.3675,46.403400000000005,68437,82265,Rhinolophus ferrumequinum,0.021,0.021,-1,Echolocation,/mnt/ubna_data_02_mir/recover-20221013/UBNA_001/20221012_030000.WAV,Telephone Field,recover-20221013,001,1795
46.3935,46.4002,28046,48288,Eptesicus serotinus,0.007,0.023,-1,Echolocation,/mnt/ubna_data_02_mir/recover-20221013/UBNA_001/20221012_030000.WAV,Telephone Field,recover-20221013,001,1795
46.432500000000005,46.439499999999995,28046,39072,Eptesicus serotinus,0.007,0.022,-1,Echolocation,/mnt/ubna_data_02_mir/recover-20221013/UBNA_001/20221012_030000.WAV,Telephone Field,recover-20221013,001,1795
46.433499999999995,46.4422,22890,30171,Plecotus austriacus,0.008,0.022,-1,Echolocation,/mnt/ubna_data_02_mir/recover-20221013/UBNA_001/20221012_030000.WAV,Telephone Field,recover-20221013,001,1795
46.4875,46.498400000000004,23750,29891,Nyctalus leisleri,0.011,0.025,-1,Echolocation,/mnt/ubna_data_02_mir/recover-20221013/UBNA_001/20221012_030000.WAV,Telephone Field,recover-20221013,001,1795
46.5185,46.5298,22031,26658,Nyctalus leisleri,0.012,0.024,-1,Echolocation,/mnt/ubna_data_02_mir/recover-20221013/UBNA_001/20221012_030000.WAV,Telephone Field,recover-20221013,001,1795
46.5625,46.600899999999996,68437,82094,Rhinolophus ferrumequinum,0.025,0.025,-1,Echolocation,/mnt/ubna_data_02_mir/recover-20221013/UBNA_001/20221012_030000.WAV,Telephone Field,recover-20221013,001,1795
46.6335,46.6704,68437,81906,Rhinolophus ferrumequinum,0.021,0.021,-1,Echolocation,/mnt/ubna_data_02_mir/recover-20221013/UBNA_001/20221012_030000.WAV,Telephone Field,recover-20221013,001,1795
46.6445,46.6533,22890,29709,Plecotus austriacus,0.007,0.022,-1,Echolocation,/mnt/ubna_data_02_mir/recover-20221013/UBNA_001/20221012_030000.WAV,Telephone Field,recover-20221013,001,1795
46.6665,46.7081,68437,82501,Rhinolophus ferrumequinum,0.024,0.024,-1,Echolocation,/mnt/ubna_data_02_mir/recover-20221013/UBNA_001/20221012_030000.WAV,Telephone Field,recover-20221013,001,1795
46.6715,46.678399999999996,27187,38770,Eptesicus serotinus,0.009,0.026,-1,Echolocation,/mnt/ubna_data_02_mir/recover-20221013/UBNA_001/20221012_030000.WAV,Telephone Field,recover-20221013,001,1795
46.7025,46.7097,27187,41912,Eptesicus serotinus,0.007,0.021,-1,Echolocation,/mnt/ubna_data_02_mir/recover-20221013/UBNA_001/20221012_030000.WAV,Telephone Field,recover-20221013,001,1795
46.7285,46.7381,28906,36287,Eptesicus serotinus,0.009,0.022,-1,Echolocation,/mnt/ubna_data_02_mir/recover-20221013/UBNA_001/20221012_030000.WAV,Telephone Field,recover-20221013,001,1795
46.7725,46.8097,68437,81805,Rhinolophus ferrumequinum,0.023,0.023,-1,Echolocation,/mnt/ubna_data_02_mir/recover-20221013/UBNA_001/20221012_030000.WAV,Telephone Field,recover-20221013,001,1795
46.786500000000004,46.825,68437,82247,Rhinolophus ferrumequinum,0.021,0.021,-1,Echolocation,/mnt/ubna_data_02_mir/recover-20221013/UBNA_001/20221012_030000.WAV,Telephone Field,recover-20221013,001,1795
46.804500000000004,46.8441,68437,82598,Rhinolophus ferrumequinum,0.025,0.025,-1,Echolocation,/mnt/ubna_data_02_mir/recover-20221013/UBNA_001/20221012_030000.WAV,Telephone Field,recover-20221013,001,1795
46.8625,46.9025,68437,82805,Rhinolophus ferrumequinum,0.023,0.023,-1,Echolocation,/mnt/ubna_data_02_mir/recover-20221013/UBNA_001/20221012_030000.WAV,Telephone Field,recover-20221013,001,1795
46.9895,46.9996,22890,28520,Nyctalus leisleri,0.011,0.026,-1,Echolocation,/mnt/ubna_data_02_mir/recover-20221013/UBNA_001/20221012_030000.WAV,Telephone Field,recover-20221013,001,1795
47.0005,47.0111,43515,47661,Pipistrellus pipistrellus,0.022,0.027,-1,Echolocation,/mnt/ubna_data_02_mir/recover-20221013/UBNA_001/20221012_030000.WAV,Telephone Field,recover-20221013,001,1795
47.0095,47.0196,28906,36009,Eptesicus serotinus,0.011,0.024,-1,Echolocation,/mnt/ubna_data_02_mir/recover-20221013/UBNA_001/20221012_030000.WAV,Telephone Field,recover-20221013,001,1795
47.0245,47.0678,68437,82478,Rhinolophus ferrumequinum,0.027,0.027,-1,Echolocation,/mnt/ubna_data_02_mir/recover-20221013/UBNA_001/20221012_030000.WAV,Telephone Field,recover-20221013,001,1795
47.073499999999996,47.093,19453,22045,Nyctalus leisleri,0.013,0.025,-1,Echolocation,/mnt/ubna_data_02_mir/recover-20221013/UBNA_001/20221012_030000.WAV,Telephone Field,recover-20221013,001,1795
47.0805,47.1185,68437,82391,Rhinolophus ferrumequinum,0.023,0.023,-1,Echolocation,/mnt/ubna_data_02_mir/recover-20221013/UBNA_001/20221012_030000.WAV,Telephone Field,recover-20221013,001,1795
47.0905,47.098299999999995,28046,39224,Eptesicus serotinus,0.007,0.022,-1,Echolocation,/mnt/ubna_data_02_mir/recover-20221013/UBNA_001/20221012_030000.WAV,Telephone Field,recover-20221013,001,1795
47.1155,47.158100000000005,68437,82118,Rhinolophus ferrumequinum,0.023,0.023,-1,Echolocation,/mnt/ubna_data_02_mir/recover-20221013/UBNA_001/20221012_030000.WAV,Telephone Field,recover-20221013,001,1795
47.1325,47.1725,68437,82915,Rhinolophus ferrumequinum,0.022,0.022,-1,Echolocation,/mnt/ubna_data_02_mir/recover-20221013/UBNA_001/20221012_030000.WAV,Telephone Field,recover-20221013,001,1795
47.1545,47.1947,68437,83196,Rhinolophus ferrumequinum,0.023,0.023,-1,Echolocation,/mnt/ubna_data_02_mir/recover-20221013/UBNA_001/20221012_030000.WAV,Telephone Field,recover-20221013,001,1795
47.1655,47.1742,28906,37881,Eptesicus serotinus,0.008,0.023,-1,Echolocation,/mnt/ubna_data_02_mir/recover-20221013/UBNA_001/20221012_030000.WAV,Telephone Field,recover-20221013,001,1795
47.197500000000005,47.2078,22890,28562,Nyctalus leisleri,0.009,0.024,-1,Echolocation,/mnt/ubna_data_02_mir/recover-20221013/UBNA_001/20221012_030000.WAV,Telephone Field,recover-20221013,001,1795
47.198499999999996,47.2394,68437,82535,Rhinolophus ferrumequinum,0.023,0.023,-1,Echolocation,/mnt/ubna_data_02_mir/recover-20221013/UBNA_001/20221012_030000.WAV,Telephone Field,recover-20221013,001,1795
47.207499999999996,47.2476,68437,82237,Rhinolophus ferrumequinum,0.021,0.021,-1,Echolocation,/mnt/ubna_data_02_mir/recover-20221013/UBNA_001/20221012_030000.WAV,Telephone Field,recover-20221013,001,1795
47.2275,47.238,35781,42815,Pipistrellus nathusii,0.01,0.026,-1,Echolocation,/mnt/ubna_data_02_mir/recover-20221013/UBNA_001/20221012_030000.WAV,Telephone Field,recover-20221013,001,1795
47.2345,47.269999999999996,68437,81677,Rhinolophus ferrumequinum,0.023,0.023,-1,Echolocation,/mnt/ubna_data_02_mir/recover-20221013/UBNA_001/20221012_030000.WAV,Telephone Field,recover-20221013,001,1795
47.2795,47.2893,22890,28406,Nyctalus leisleri,0.009,0.022,-1,Echolocation,/mnt/ubna_data_02_mir/recover-20221013/UBNA_001/20221012_030000.WAV,Telephone Field,recover-20221013,001,1795
47.2965,47.306799999999996,24609,30687,Eptesicus serotinus,0.008,0.021,-1,Echolocation,/mnt/ubna_data_02_mir/recover-20221013/UBNA_001/20221012_030000.WAV,Telephone Field,recover-20221013,001,1795
47.311499999999995,47.319199999999995,28046,43301,Eptesicus serotinus,0.008,0.024,-1,Echolocation,/mnt/ubna_data_02_mir/recover-20221013/UBNA_001/20221012_030000.WAV,Telephone Field,recover-20221013,001,1795
47.3125,47.3512,68437,82004,Rhinolophus ferrumequinum,0.022,0.022,-1,Echolocation,/mnt/ubna_data_02_mir/recover-20221013/UBNA_001/20221012_030000.WAV,Telephone Field,recover-20221013,001,1795
47.3285,47.3421,23750,29593,Nyctalus leisleri,0.033,0.085,-1,Echolocation,/mnt/ubna_data_02_mir/recover-20221013/UBNA_001/20221012_030000.WAV,Telephone Field,recover-20221013,001,1795
47.3315,47.372,68437,82482,Rhinolophus ferrumequinum,0.021,0.021,-1,Echolocation,/mnt/ubna_data_02_mir/recover-20221013/UBNA_001/20221012_030000.WAV,Telephone Field,recover-20221013,001,1795
47.3495,47.3913,68437,82843,Rhinolophus ferrumequinum,0.026,0.026,-1,Echolocation,/mnt/ubna_data_02_mir/recover-20221013/UBNA_001/20221012_030000.WAV,Telephone Field,recover-20221013,001,1795
47.3545,47.3966,68437,82865,Rhinolophus ferrumequinum,0.026,0.026,-1,Echolocation,/mnt/ubna_data_02_mir/recover-20221013/UBNA_001/20221012_030000.WAV,Telephone Field,recover-20221013,001,1795
47.3555,47.3677,28906,35364,Eptesicus serotinus,0.014,0.025,-1,Echolocation,/mnt/ubna_data_02_mir/recover-20221013/UBNA_001/20221012_030000.WAV,Telephone Field,recover-20221013,001,1795
47.3715,47.3784,28046,38836,Eptesicus serotinus,0.007,0.027,-1,Echolocation,/mnt/ubna_data_02_mir/recover-20221013/UBNA_001/20221012_030000.WAV,Telephone Field,recover-20221013,001,1795
47.3725,47.3795,33203,41335,Myotis daubentonii,0.01,0.023,-1,Echolocation,/mnt/ubna_data_02_mir/recover-20221013/UBNA_001/20221012_030000.WAV,Telephone Field,recover-20221013,001,1795
47.3775,47.4167,68437,82006,Rhinolophus ferrumequinum,0.021,0.021,-1,Echolocation,/mnt/ubna_data_02_mir/recover-20221013/UBNA_001/20221012_030000.WAV,Telephone Field,recover-20221013,001,1795
47.4035,47.4409,68437,82405,Rhinolophus ferrumequinum,0.024,0.024,-1,Echolocation,/mnt/ubna_data_02_mir/recover-20221013/UBNA_001/20221012_030000.WAV,Telephone Field,recover-20221013,001,1795
47.4065,47.414500000000004,26328,38979,Eptesicus serotinus,0.007,0.021,-1,Echolocation,/mnt/ubna_data_02_mir/recover-20221013/UBNA_001/20221012_030000.WAV,Telephone Field,recover-20221013,001,1795
47.429500000000004,47.4695,68437,81981,Rhinolophus ferrumequinum,0.029,0.029,-1,Echolocation,/mnt/ubna_data_02_mir/recover-20221013/UBNA_001/20221012_030000.WAV,Telephone Field,recover-20221013,001,1795
47.439499999999995,47.4447,31484,48834,Myotis daubentonii,0.013,0.033,-1,Echolocation,/mnt/ubna_data_02_mir/recover-20221013/UBNA_001/20221012_030000.WAV,Telephone Field,recover-20221013,001,1795
47.451499999999996,47.4894,68437,81332,Rhinolophus ferrumequinum,0.023,0.023,-1,Echolocation,/mnt/ubna_data_02_mir/recover-20221013/UBNA_001/20221012_030000.WAV,Telephone Field,recover-20221013,001,1795
47.460499999999996,47.468199999999996,28046,38751,Eptesicus serotinus,0.007,0.021,-1,Echolocation,/mnt/ubna_data_02_mir/recover-20221013/UBNA_001/20221012_030000.WAV,Telephone Field,recover-20221013,001,1795
47.4975,47.534800000000004,68437,81563,Rhinolophus ferrumequinum,0.023,0.023,-1,Echolocation,/mnt/ubna_data_02_mir/recover-20221013/UBNA_001/20221012_030000.WAV,Telephone Field,recover-20221013,001,1795
47.5185,47.5576,68437,82610,Rhinolophus ferrumequinum,0.025,0.025,-1,Echolocation,/mnt/ubna_data_02_mir/recover-20221013/UBNA_001/20221012_030000.WAV,Telephone Field,recover-20221013,001,1795
47.5185,47.5274,46093,53526,Pipistrellus pipistrellus,0.017,0.021,-1,Echolocation,/mnt/ubna_data_02_mir/recover-20221013/UBNA_001/20221012_030000.WAV,Telephone Field,recover-20221013,001,1795
47.5195,47.5276,27187,42152,Eptesicus serotinus,0.008,0.023,-1,Echolocation,/mnt/ubna_data_02_mir/recover-20221013/UBNA_001/20221012_030000.WAV,Telephone Field,recover-20221013,001,1795
47.561499999999995,47.5991,68437,81813,Rhinolophus ferrumequinum,0.022,0.022,-1,Echolocation,/mnt/ubna_data_02_mir/recover-20221013/UBNA_001/20221012_030000.WAV,Telephone Field,recover-20221013,001,1795
47.564499999999995,47.571799999999996,25468,34388,Eptesicus serotinus,0.005,0.021,-1,Echolocation,/mnt/ubna_data_02_mir/recover-20221013/UBNA_001/20221012_030000.WAV,Telephone Field,recover-20221013,001,1795
47.5775,47.5869,36640,44052,Pipistrellus nathusii,0.006,0.022,-1,Echolocation,/mnt/ubna_data_02_mir/recover-20221013/UBNA_001/20221012_030000.WAV,Telephone Field,recover-20221013,001,1795
47.5785,47.615300000000005,68437,82016,Rhinolophus ferrumequinum,0.027,0.027,-1,Echolocation,/mnt/ubna_data_02_mir/recover-20221013/UBNA_001/20221012_030000.WAV,Telephone Field,recover-20221013,001,1795
47.579499999999996,47.5867,27187,39048,Eptesicus serotinus,0.008,0.023,-1,Echolocation,/mnt/ubna_data_02_mir/recover-20221013/UBNA_001/20221012_030000.WAV,Telephone Field,recover-20221013,001,1795
47.6295,47.6387,25468,33153,Eptesicus serotinus,0.009,0.022,-1,Echolocation,/mnt/ubna_data_02_mir/recover-20221013/UBNA_001/20221012_030000.WAV,Telephone Field,recover-20221013,001,1795
47.6305,47.671099999999996,68437,82600,Rhinolophus ferrumequinum,0.024,0.024,-1,Echolocation,/mnt/ubna_data_02_mir/recover-20221013/UBNA_001/20221012_030000.WAV,Telephone Field,recover-20221013,001,1795
47.6445,47.6545,44375,50760,Pipistrellus pipistrellus,0.013,0.024,-1,Echolocation,/mnt/ubna_data_02_mir/recover-20221013/UBNA_001/20221012_030000.WAV,Telephone Field,recover-20221013,001,1795
47.6485,47.691900000000004,68437,82884,Rhinolophus ferrumequinum,0.04,0.04,-1,Echolocation,/mnt/ubna_data_02_mir/recover-20221013/UBNA_001/20221012_030000.WAV,Telephone Field,recover-20221013,001,1795
47.6495,47.6566,28046,48535,Eptesicus serotinus,0.007,0.021,-1,Echolocation,/mnt/ubna_data_02_mir/recover-20221013/UBNA_001/20221012_030000.WAV,Telephone Field,recover-20221013,001,1795
47.710499999999996,47.7222,29765,36166,Eptesicus serotinus,0.01,0.023,-1,Echolocation,/mnt/ubna_data_02_mir/recover-20221013/UBNA_001/20221012_030000.WAV,Telephone Field,recover-20221013,001,1795
47.829499999999996,47.8651,68437,81698,Rhinolophus ferrumequinum,0.021,0.021,-1,Echolocation,/mnt/ubna_data_02_mir/recover-20221013/UBNA_001/20221012_030000.WAV,Telephone Field,recover-20221013,001,1795
47.8475,47.8554,27187,36668,Eptesicus serotinus,0.01,0.026,-1,Echolocation,/mnt/ubna_data_02_mir/recover-20221013/UBNA_001/20221012_030000.WAV,Telephone Field,recover-20221013,001,1795
47.8575,47.8641,28046,39239,Eptesicus serotinus,0.006,0.023,-1,Echolocation,/mnt/ubna_data_02_mir/recover-20221013/UBNA_001/20221012_030000.WAV,Telephone Field,recover-20221013,001,1795
47.8735,47.9142,68437,82322,Rhinolophus ferrumequinum,0.022,0.022,-1,Echolocation,/mnt/ubna_data_02_mir/recover-20221013/UBNA_001/20221012_030000.WAV,Telephone Field,recover-20221013,001,1795
47.8865,47.927,68437,82297,Rhinolophus ferrumequinum,0.023,0.023,-1,Echolocation,/mnt/ubna_data_02_mir/recover-20221013/UBNA_001/20221012_030000.WAV,Telephone Field,recover-20221013,001,1795
47.9185,47.9392,19453,22508,Nyctalus leisleri,0.013,0.028,-1,Echolocation,/mnt/ubna_data_02_mir/recover-20221013/UBNA_001/20221012_030000.WAV,Telephone Field,recover-20221013,001,1795
48.0015,48.0353,68437,80368,Rhinolophus ferrumequinum,0.057,0.057,-1,Echolocation,/mnt/ubna_data_02_mir/recover-20221013/UBNA_001/20221012_030000.WAV,Telephone Field,recover-20221013,001,1795
48.0015,48.0111,26328,34295,Eptesicus serotinus,0.011,0.032,-1,Echolocation,/mnt/ubna_data_02_mir/recover-20221013/UBNA_001/20221012_030000.WAV,Telephone Field,recover-20221013,001,1795
48.0275,48.068,68437,82435,Rhinolophus ferrumequinum,0.021,0.021,-1,Echolocation,/mnt/ubna_data_02_mir/recover-20221013/UBNA_001/20221012_030000.WAV,Telephone Field,recover-20221013,001,1795
48.0295,48.036699999999996,47812,52253,Pipistrellus pipistrellus,0.029,0.031,-1,Echolocation,/mnt/ubna_data_02_mir/recover-20221013/UBNA_001/20221012_030000.WAV,Telephone Field,recover-20221013,001,1795
48.039500000000004,48.077,68437,82154,Rhinolophus ferrumequinum,0.021,0.021,-1,Echolocation,/mnt/ubna_data_02_mir/recover-20221013/UBNA_001/20221012_030000.WAV,Telephone Field,recover-20221013,001,1795
48.0715,48.078199999999995,28046,39759,Eptesicus serotinus,0.007,0.025,-1,Echolocation,/mnt/ubna_data_02_mir/recover-20221013/UBNA_001/20221012_030000.WAV,Telephone Field,recover-20221013,001,1795
48.0875,48.125,68437,82100,Rhinolophus ferrumequinum,0.027,0.027,-1,Echolocation,/mnt/ubna_data_02_mir/recover-20221013/UBNA_001/20221012_030000.WAV,Telephone Field,recover-20221013,001,1795
48.1235,48.1328,27187,35974,Eptesicus serotinus,0.01,0.022,-1,Echolocation,/mnt/ubna_data_02_mir/recover-20221013/UBNA_001/20221012_030000.WAV,Telephone Field,recover-20221013,001,1795
48.1515,48.190799999999996,68437,82130,Rhinolophus ferrumequinum,0.023,0.023,-1,Echolocation,/mnt/ubna_data_02_mir/recover-20221013/UBNA_001/20221012_030000.WAV,Telephone Field,recover-20221013,001,1795
48.197500000000005,48.208200000000005,24609,31577,Nyctalus leisleri,0.01,0.027,-1,Echolocation,/mnt/ubna_data_02_mir/recover-20221013/UBNA_001/20221012_030000.WAV,Telephone Field,recover-20221013,001,1795
48.2285,48.2652,68437,81656,Rhinolophus ferrumequinum,0.021,0.021,-1,Echolocation,/mnt/ubna_data_02_mir/recover-20221013/UBNA_001/20221012_030000.WAV,Telephone Field,recover-20221013,001,1795
48.2325,48.2411,23750,31992,Plecotus austriacus,0.007,0.023,-1,Echolocation,/mnt/ubna_data_02_mir/recover-20221013/UBNA_001/20221012_030000.WAV,Telephone Field,recover-20221013,001,1795
48.2875,48.3284,68437,82331,Rhinolophus ferrumequinum,0.023,0.023,-1,Echolocation,/mnt/ubna_data_02_mir/recover-20221013/UBNA_001/20221012_030000.WAV,Telephone Field,recover-20221013,001,1795
48.311499999999995,48.319199999999995,27187,40080,Eptesicus serotinus,0.007,0.022,-1,Echolocation,/mnt/ubna_data_02_mir/recover-20221013/UBNA_001/20221012_030000.WAV,Telephone Field,recover-20221013,001,1795
48.325500000000005,48.338,37500,43649,Pipistrellus nathusii,0.015,0.028,-1,Echolocation,/mnt/ubna_data_02_mir/recover-20221013/UBNA_001/20221012_030000.WAV,Telephone Field,recover-20221013,001,1795
48.3275,48.336200000000005,28046,41581,Eptesicus serotinus,0.008,0.022,-1,Echolocation,/mnt/ubna_data_02_mir/recover-20221013/UBNA_001/20221012_030000.WAV,Telephone Field,recover-20221013,001,1795
48.3825,48.389700000000005,27187,37654,Eptesicus serotinus,0.015,0.037,-1,Echolocation,/mnt/ubna_data_02_mir/recover-20221013/UBNA_001/20221012_030000.WAV,Telephone Field,recover-20221013,001,1795
48.3995,48.416399999999996,21171,24326,Nyctalus leisleri,0.014,0.023,-1,Echolocation,/mnt/ubna_data_02_mir/recover-20221013/UBNA_001/20221012_030000.WAV,Telephone Field,recover-20221013,001,1795
48.4525,48.4932,68437,82308,Rhinolophus ferrumequinum,0.023,0.023,-1,Echolocation,/mnt/ubna_data_02_mir/recover-20221013/UBNA_001/20221012_030000.WAV,Telephone Field,recover-20221013,001,1795
48.5655,48.573499999999996,26328,34990,Eptesicus serotinus,0.01,0.026,-1,Echolocation,/mnt/ubna_data_02_mir/recover-20221013/UBNA_001/20221012_030000.WAV,Telephone Field,recover-20221013,001,1795
48.6055,48.6158,27187,36103,Eptesicus serotinus,0.027,0.044,-1,Echolocation,/mnt/ubna_data_02_mir/recover-20221013/UBNA_001/20221012_030000.WAV,Telephone Field,recover-20221013,001,1795
48.6395,48.6797,68437,82415,Rhinolophus ferrumequinum,0.028,0.028,-1,Echolocation,/mnt/ubna_data_02_mir/recover-20221013/UBNA_001/20221012_030000.WAV,Telephone Field,recover-20221013,001,1795
48.6395,48.6505,23750,27824,Nyctalus leisleri,0.021,0.038,-1,Echolocation,/mnt/ubna_data_02_mir/recover-20221013/UBNA_001/20221012_030000.WAV,Telephone Field,recover-20221013,001,1795
48.6995,48.712199999999996,28906,35497,Eptesicus serotinus,0.018,0.033,-1,Echolocation,/mnt/ubna_data_02_mir/recover-20221013/UBNA_001/20221012_030000.WAV,Telephone Field,recover-20221013,001,1795
48.700500000000005,48.7392,68437,81840,Rhinolophus ferrumequinum,0.023,0.023,-1,Echolocation,/mnt/ubna_data_02_mir/recover-20221013/UBNA_001/20221012_030000.WAV,Telephone Field,recover-20221013,001,1795
48.7465,48.787800000000004,68437,82716,Rhinolophus ferrumequinum,0.022,0.022,-1,Echolocation,/mnt/ubna_data_02_mir/recover-20221013/UBNA_001/20221012_030000.WAV,Telephone Field,recover-20221013,001,1795
48.7635,48.800399999999996,68437,82346,Rhinolophus ferrumequinum,0.022,0.022,-1,Echolocation,/mnt/ubna_data_02_mir/recover-20221013/UBNA_001/20221012_030000.WAV,Telephone Field,recover-20221013,001,1795
48.8575,48.8947,68437,81270,Rhinolophus ferrumequinum,0.022,0.022,-1,Echolocation,/mnt/ubna_data_02_mir/recover-20221013/UBNA_001/20221012_030000.WAV,Telephone Field,recover-20221013,001,1795
48.8615,48.8719,22890,27890,Nyctalus leisleri,0.01,0.021,-1,Echolocation,/mnt/ubna_data_02_mir/recover-20221013/UBNA_001/20221012_030000.WAV,Telephone Field,recover-20221013,001,1795
48.8915,48.930800000000005,68437,82292,Rhinolophus ferrumequinum,0.025,0.025,-1,Echolocation,/mnt/ubna_data_02_mir/recover-20221013/UBNA_001/20221012_030000.WAV,Telephone Field,recover-20221013,001,1795
48.9005,48.9165,22031,26307,Nyctalus leisleri,0.02,0.037,-1,Echolocation,/mnt/ubna_data_02_mir/recover-20221013/UBNA_001/20221012_030000.WAV,Telephone Field,recover-20221013,001,1795
48.924499999999995,48.963899999999995,68437,82512,Rhinolophus ferrumequinum,0.025,0.025,-1,Echolocation,/mnt/ubna_data_02_mir/recover-20221013/UBNA_001/20221012_030000.WAV,Telephone Field,recover-20221013,001,1795
48.9725,49.0112,68437,81777,Rhinolophus ferrumequinum,0.021,0.021,-1,Echolocation,/mnt/ubna_data_02_mir/recover-20221013/UBNA_001/20221012_030000.WAV,Telephone Field,recover-20221013,001,1795
49.054500000000004,49.0934,68437,82419,Rhinolophus ferrumequinum,0.021,0.021,-1,Echolocation,/mnt/ubna_data_02_mir/recover-20221013/UBNA_001/20221012_030000.WAV,Telephone Field,recover-20221013,001,1795
49.066500000000005,49.074200000000005,27187,39767,Eptesicus serotinus,0.008,0.022,-1,Echolocation,/mnt/ubna_data_02_mir/recover-20221013/UBNA_001/20221012_030000.WAV,Telephone Field,recover-20221013,001,1795
49.082499999999996,49.1209,68437,81664,Rhinolophus ferrumequinum,0.021,0.021,-1,Echolocation,/mnt/ubna_data_02_mir/recover-20221013/UBNA_001/20221012_030000.WAV,Telephone Field,recover-20221013,001,1795
49.1255,49.1332,28046,38723,Eptesicus serotinus,0.007,0.021,-1,Echolocation,/mnt/ubna_data_02_mir/recover-20221013/UBNA_001/20221012_030000.WAV,Telephone Field,recover-20221013,001,1795
49.158500000000004,49.1684,28046,37660,Eptesicus serotinus,0.01,0.023,-1,Echolocation,/mnt/ubna_data_02_mir/recover-20221013/UBNA_001/20221012_030000.WAV,Telephone Field,recover-20221013,001,1795
49.173500000000004,49.2143,68437,83028,Rhinolophus ferrumequinum,0.025,0.025,-1,Echolocation,/mnt/ubna_data_02_mir/recover-20221013/UBNA_001/20221012_030000.WAV,Telephone Field,recover-20221013,001,1795
49.207499999999996,49.218,28906,36826,Eptesicus serotinus,0.012,0.026,-1,Echolocation,/mnt/ubna_data_02_mir/recover-20221013/UBNA_001/20221012_030000.WAV,Telephone Field,recover-20221013,001,1795
49.2175,49.2561,68437,82053,Rhinolophus ferrumequinum,0.022,0.022,-1,Echolocation,/mnt/ubna_data_02_mir/recover-20221013/UBNA_001/20221012_030000.WAV,Telephone Field,recover-20221013,001,1795
49.2215,49.232600000000005,22031,26283,Nyctalus leisleri,0.011,0.021,-1,Echolocation,/mnt/ubna_data_02_mir/recover-20221013/UBNA_001/20221012_030000.WAV,Telephone Field,recover-20221013,001,1795
49.2235,49.263999999999996,68437,82933,Rhinolophus ferrumequinum,0.023,0.023,-1,Echolocation,/mnt/ubna_data_02_mir/recover-20221013/UBNA_001/20221012_030000.WAV,Telephone Field,recover-20221013,001,1795
49.2855,49.2945,36640,41194,Barbastellus barbastellus,0.025,0.054,-1,Echolocation,/mnt/ubna_data_02_mir/recover-20221013/UBNA_001/20221012_030000.WAV,Telephone Field,recover-20221013,001,1795
49.2875,49.2935,31484,44687,Myotis daubentonii,0.02,0.043,-1,Echolocation,/mnt/ubna_data_02_mir/recover-20221013/UBNA_001/20221012_030000.WAV,Telephone Field,recover-20221013,001,1795
49.3525,49.3936,68437,81918,Rhinolophus ferrumequinum,0.022,0.022,-1,Echolocation,/mnt/ubna_data_02_mir/recover-20221013/UBNA_001/20221012_030000.WAV,Telephone Field,recover-20221013,001,1795
49.3565,49.366,27187,35620,Eptesicus serotinus,0.01,0.023,-1,Echolocation,/mnt/ubna_data_02_mir/recover-20221013/UBNA_001/20221012_030000.WAV,Telephone Field,recover-20221013,001,1795
49.439499999999995,49.474599999999995,68437,81453,Rhinolophus ferrumequinum,0.023,0.023,-1,Echolocation,/mnt/ubna_data_02_mir/recover-20221013/UBNA_001/20221012_030000.WAV,Telephone Field,recover-20221013,001,1795
49.4845,49.4946,22890,27499,Nyctalus leisleri,0.01,0.021,-1,Echolocation,/mnt/ubna_data_02_mir/recover-20221013/UBNA_001/20221012_030000.WAV,Telephone Field,recover-20221013,001,1795
49.5255,49.567,68437,82939,Rhinolophus ferrumequinum,0.031,0.031,-1,Echolocation,/mnt/ubna_data_02_mir/recover-20221013/UBNA_001/20221012_030000.WAV,Telephone Field,recover-20221013,001,1795
49.5565,49.5659,28906,37592,Eptesicus serotinus,0.01,0.024,-1,Echolocation,/mnt/ubna_data_02_mir/recover-20221013/UBNA_001/20221012_030000.WAV,Telephone Field,recover-20221013,001,1795
49.5715,49.5801,23750,31055,Plecotus austriacus,0.006,0.022,-1,Echolocation,/mnt/ubna_data_02_mir/recover-20221013/UBNA_001/20221012_030000.WAV,Telephone Field,recover-20221013,001,1795
49.585499999999996,49.6246,68437,81870,Rhinolophus ferrumequinum,0.021,0.021,-1,Echolocation,/mnt/ubna_data_02_mir/recover-20221013/UBNA_001/20221012_030000.WAV,Telephone Field,recover-20221013,001,1795
49.6055,49.6135,27187,39384,Eptesicus serotinus,0.007,0.021,-1,Echolocation,/mnt/ubna_data_02_mir/recover-20221013/UBNA_001/20221012_030000.WAV,Telephone Field,recover-20221013,001,1795
49.7235,49.7619,68437,81931,Rhinolophus ferrumequinum,0.022,0.022,-1,Echolocation,/mnt/ubna_data_02_mir/recover-20221013/UBNA_001/20221012_030000.WAV,Telephone Field,recover-20221013,001,1795
49.7655,49.8007,68437,81586,Rhinolophus ferrumequinum,0.021,0.022,-1,Echolocation,/mnt/ubna_data_02_mir/recover-20221013/UBNA_001/20221012_030000.WAV,Telephone Field,recover-20221013,001,1795
49.7755,49.8151,68437,82119,Rhinolophus ferrumequinum,0.021,0.021,-1,Echolocation,/mnt/ubna_data_02_mir/recover-20221013/UBNA_001/20221012_030000.WAV,Telephone Field,recover-20221013,001,1795
49.7825,49.7963,22031,26069,Nyctalus leisleri,0.017,0.028,-1,Echolocation,/mnt/ubna_data_02_mir/recover-20221013/UBNA_001/20221012_030000.WAV,Telephone Field,recover-20221013,001,1795
49.807500000000005,49.8172,22890,29089,Nyctalus leisleri,0.007,0.021,-1,Echolocation,/mnt/ubna_data_02_mir/recover-20221013/UBNA_001/20221012_030000.WAV,Telephone Field,recover-20221013,001,1795
49.811499999999995,49.8253,15156,21151,Nyctalus noctula,0.015,0.022,-1,Echolocation,/mnt/ubna_data_02_mir/recover-20221013/UBNA_001/20221012_030000.WAV,Telephone Field,recover-20221013,001,1795
49.826499999999996,49.8338,23750,32556,Plecotus austriacus,0.008,0.024,-1,Echolocation,/mnt/ubna_data_02_mir/recover-20221013/UBNA_001/20221012_030000.WAV,Telephone Field,recover-20221013,001,1795
49.8275,49.866,68437,82212,Rhinolophus ferrumequinum,0.027,0.027,-1,Echolocation,/mnt/ubna_data_02_mir/recover-20221013/UBNA_001/20221012_030000.WAV,Telephone Field,recover-20221013,001,1795
49.8675,49.9056,68437,82229,Rhinolophus ferrumequinum,0.022,0.022,-1,Echolocation,/mnt/ubna_data_02_mir/recover-20221013/UBNA_001/20221012_030000.WAV,Telephone Field,recover-20221013,001,1795
49.8845,49.8947,28906,36054,Eptesicus serotinus,0.01,0.023,-1,Echolocation,/mnt/ubna_data_02_mir/recover-20221013/UBNA_001/20221012_030000.WAV,Telephone Field,recover-20221013,001,1795
49.8865,49.93,68437,82892,Rhinolophus ferrumequinum,0.03,0.03,-1,Echolocation,/mnt/ubna_data_02_mir/recover-20221013/UBNA_001/20221012_030000.WAV,Telephone Field,recover-20221013,001,1795
49.9135,49.951899999999995,68437,82946,Rhinolophus ferrumequinum,0.024,0.024,-1,Echolocation,/mnt/ubna_data_02_mir/recover-20221013/UBNA_001/20221012_030000.WAV,Telephone Field,recover-20221013,001,1795
49.9655,49.9732,24609,33655,Plecotus austriacus,0.007,0.023,-1,Echolocation,/mnt/ubna_data_02_mir/recover-20221013/UBNA_001/20221012_030000.WAV,Telephone Field,recover-20221013,001,1795
50.0015,50.0078,46953,51928,Pipistrellus pipistrellus,0.021,0.024,-1,Echolocation,/mnt/ubna_data_02_mir/recover-20221013/UBNA_001/20221012_030000.WAV,Telephone Field,recover-20221013,001,1795
50.0015,50.0096,25468,35110,Nyctalus leisleri,0.005,0.022,-1,Echolocation,/mnt/ubna_data_02_mir/recover-20221013/UBNA_001/20221012_030000.WAV,Telephone Field,recover-20221013,001,1795
50.0015,50.0381,68437,80423,Rhinolophus ferrumequinum,0.035,0.035,-1,Echolocation,/mnt/ubna_data_02_mir/recover-20221013/UBNA_001/20221012_030000.WAV,Telephone Field,recover-20221013,001,1795
50.0085,50.055499999999995,68437,82659,Rhinolophus ferrumequinum,0.033,0.033,-1,Echolocation,/mnt/ubna_data_02_mir/recover-20221013/UBNA_001/20221012_030000.WAV,Telephone Field,recover-20221013,001,1795
50.0305,50.066900000000004,68437,81807,Rhinolophus ferrumequinum,0.021,0.022,-1,Echolocation,/mnt/ubna_data_02_mir/recover-20221013/UBNA_001/20221012_030000.WAV,Telephone Field,recover-20221013,001,1795
50.0305,50.0376,27187,43261,Eptesicus serotinus,0.006,0.023,-1,Echolocation,/mnt/ubna_data_02_mir/recover-20221013/UBNA_001/20221012_030000.WAV,Telephone Field,recover-20221013,001,1795
50.0315,50.0393,37500,47884,Myotis daubentonii,0.014,0.053,-1,Echolocation,/mnt/ubna_data_02_mir/recover-20221013/UBNA_001/20221012_030000.WAV,Telephone Field,recover-20221013,001,1795
50.1095,50.1185,23750,31068,Plecotus austriacus,0.008,0.024,-1,Echolocation,/mnt/ubna_data_02_mir/recover-20221013/UBNA_001/20221012_030000.WAV,Telephone Field,recover-20221013,001,1795
50.1125,50.1436,68437,78525,Rhinolophus ferrumequinum,0.022,0.023,-1,Echolocation,/mnt/ubna_data_02_mir/recover-20221013/UBNA_001/20221012_030000.WAV,Telephone Field,recover-20221013,001,1795
50.1275,50.1626,68437,80533,Rhinolophus ferrumequinum,0.022,0.022,-1,Echolocation,/mnt/ubna_data_02_mir/recover-20221013/UBNA_001/20221012_030000.WAV,Telephone Field,recover-20221013,001,1795
50.1335,50.1421,26328,35459,Eptesicus serotinus,0.009,0.027,-1,Echolocation,/mnt/ubna_data_02_mir/recover-20221013/UBNA_001/20221012_030000.WAV,Telephone Field,recover-20221013,001,1795
50.1385,50.1762,68437,81952,Rhinolophus ferrumequinum,0.029,0.029,-1,Echolocation,/mnt/ubna_data_02_mir/recover-20221013/UBNA_001/20221012_030000.WAV,Telephone Field,recover-20221013,001,1795
50.200500000000005,50.2421,68437,82785,Rhinolophus ferrumequinum,0.036,0.036,-1,Echolocation,/mnt/ubna_data_02_mir/recover-20221013/UBNA_001/20221012_030000.WAV,Telephone Field,recover-20221013,001,1795
50.200500000000005,50.2087,28046,37590,Eptesicus serotinus,0.008,0.024,-1,Echolocation,/mnt/ubna_data_02_mir/recover-20221013/UBNA_001/20221012_030000.WAV,Telephone Field,recover-20221013,001,1795
50.2235,50.230199999999996,28046,39758,Eptesicus serotinus,0.006,0.023,-1,Echolocation,/mnt/ubna_data_02_mir/recover-20221013/UBNA_001/20221012_030000.WAV,Telephone Field,recover-20221013,001,1795
50.2735,50.3123,68437,82483,Rhinolophus ferrumequinum,0.023,0.023,-1,Echolocation,/mnt/ubna_data_02_mir/recover-20221013/UBNA_001/20221012_030000.WAV,Telephone Field,recover-20221013,001,1795
50.2935,50.332,68437,81947,Rhinolophus ferrumequinum,0.022,0.022,-1,Echolocation,/mnt/ubna_data_02_mir/recover-20221013/UBNA_001/20221012_030000.WAV,Telephone Field,recover-20221013,001,1795
50.314499999999995,50.352000000000004,68437,81974,Rhinolophus ferrumequinum,0.024,0.024,-1,Echolocation,/mnt/ubna_data_02_mir/recover-20221013/UBNA_001/20221012_030000.WAV,Telephone Field,recover-20221013,001,1795
50.3285,50.338,23750,31181,Nyctalus leisleri,0.01,0.032,-1,Echolocation,/mnt/ubna_data_02_mir/recover-20221013/UBNA_001/20221012_030000.WAV,Telephone Field,recover-20221013,001,1795
50.3665,50.4046,68437,82598,Rhinolophus ferrumequinum,0.026,0.026,-1,Echolocation,/mnt/ubna_data_02_mir/recover-20221013/UBNA_001/20221012_030000.WAV,Telephone Field,recover-20221013,001,1795
50.3735,50.3822,28046,37267,Eptesicus serotinus,0.008,0.023,-1,Echolocation,/mnt/ubna_data_02_mir/recover-20221013/UBNA_001/20221012_030000.WAV,Telephone Field,recover-20221013,001,1795
50.3965,50.410799999999995,51250,54878,Pipistrellus pygmaeus,0.02,0.029,-1,Echolocation,/mnt/ubna_data_02_mir/recover-20221013/UBNA_001/20221012_030000.WAV,Telephone Field,recover-20221013,001,1795
50.4105,50.449200000000005,68437,80908,Rhinolophus ferrumequinum,0.024,0.024,-1,Echolocation,/mnt/ubna_data_02_mir/recover-20221013/UBNA_001/20221012_030000.WAV,Telephone Field,recover-20221013,001,1795
50.4155,50.4336,21171,24453,Nyctalus leisleri,0.013,0.022,-1,Echolocation,/mnt/ubna_data_02_mir/recover-20221013/UBNA_001/20221012_030000.WAV,Telephone Field,recover-20221013,001,1795
50.426500000000004,50.462599999999995,68437,81863,Rhinolophus ferrumequinum,0.023,0.023,-1,Echolocation,/mnt/ubna_data_02_mir/recover-20221013/UBNA_001/20221012_030000.WAV,Telephone Field,recover-20221013,001,1795
50.451499999999996,50.4597,28906,38622,Eptesicus serotinus,0.007,0.022,-1,Echolocation,/mnt/ubna_data_02_mir/recover-20221013/UBNA_001/20221012_030000.WAV,Telephone Field,recover-20221013,001,1795
50.4645,50.4754,25468,31947,Eptesicus serotinus,0.009,0.022,-1,Echolocation,/mnt/ubna_data_02_mir/recover-20221013/UBNA_001/20221012_030000.WAV,Telephone Field,recover-20221013,001,1795
50.4685,50.5061,68437,82355,Rhinolophus ferrumequinum,0.022,0.022,-1,Echolocation,/mnt/ubna_data_02_mir/recover-20221013/UBNA_001/20221012_030000.WAV,Telephone Field,recover-20221013,001,1795
50.5015,50.512,23750,29729,Nyctalus leisleri,0.009,0.022,-1,Echolocation,/mnt/ubna_data_02_mir/recover-20221013/UBNA_001/20221012_030000.WAV,Telephone Field,recover-20221013,001,1795
50.5125,50.549099999999996,68437,81926,Rhinolophus ferrumequinum,0.027,0.027,-1,Echolocation,/mnt/ubna_data_02_mir/recover-20221013/UBNA_001/20221012_030000.WAV,Telephone Field,recover-20221013,001,1795
50.5275,50.5368,23750,30635,Nyctalus leisleri,0.008,0.024,-1,Echolocation,/mnt/ubna_data_02_mir/recover-20221013/UBNA_001/20221012_030000.WAV,Telephone Field,recover-20221013,001,1795
50.5405,50.578199999999995,68437,82022,Rhinolophus ferrumequinum,0.021,0.022,-1,Echolocation,/mnt/ubna_data_02_mir/recover-20221013/UBNA_001/20221012_030000.WAV,Telephone Field,recover-20221013,001,1795
50.560500000000005,50.6021,68437,83169,Rhinolophus ferrumequinum,0.047,0.047,-1,Echolocation,/mnt/ubna_data_02_mir/recover-20221013/UBNA_001/20221012_030000.WAV,Telephone Field,recover-20221013,001,1795
50.5865,50.5941,27187,37897,Eptesicus serotinus,0.006,0.023,-1,Echolocation,/mnt/ubna_data_02_mir/recover-20221013/UBNA_001/20221012_030000.WAV,Telephone Field,recover-20221013,001,1795
50.6065,50.643299999999996,68437,81862,Rhinolophus ferrumequinum,0.023,0.023,-1,Echolocation,/mnt/ubna_data_02_mir/recover-20221013/UBNA_001/20221012_030000.WAV,Telephone Field,recover-20221013,001,1795
50.6105,50.6203,21171,26647,Plecotus austriacus,0.01,0.025,-1,Echolocation,/mnt/ubna_data_02_mir/recover-20221013/UBNA_001/20221012_030000.WAV,Telephone Field,recover-20221013,001,1795
50.6105,50.6172,28046,37065,Eptesicus serotinus,0.006,0.022,-1,Echolocation,/mnt/ubna_data_02_mir/recover-20221013/UBNA_001/20221012_030000.WAV,Telephone Field,recover-20221013,001,1795
50.6225,50.6399,19453,22438,Nyctalus leisleri,0.013,0.025,-1,Echolocation,/mnt/ubna_data_02_mir/recover-20221013/UBNA_001/20221012_030000.WAV,Telephone Field,recover-20221013,001,1795
50.6405,50.6806,68437,82763,Rhinolophus ferrumequinum,0.027,0.027,-1,Echolocation,/mnt/ubna_data_02_mir/recover-20221013/UBNA_001/20221012_030000.WAV,Telephone Field,recover-20221013,001,1795
50.6605,50.6742,23750,28012,Nyctalus leisleri,0.018,0.033,-1,Echolocation,/mnt/ubna_data_02_mir/recover-20221013/UBNA_001/20221012_030000.WAV,Telephone Field,recover-20221013,001,1795
50.6625,50.6687,45234,53425,Pipistrellus pipistrellus,0.02,0.023,-1,Echolocation,/mnt/ubna_data_02_mir/recover-20221013/UBNA_001/20221012_030000.WAV,Telephone Field,recover-20221013,001,1795
50.6785,50.716300000000004,68437,82029,Rhinolophus ferrumequinum,0.022,0.022,-1,Echolocation,/mnt/ubna_data_02_mir/recover-20221013/UBNA_001/20221012_030000.WAV,Telephone Field,recover-20221013,001,1795
50.7155,50.7541,68437,81941,Rhinolophus ferrumequinum,0.024,0.024,-1,Echolocation,/mnt/ubna_data_02_mir/recover-20221013/UBNA_001/20221012_030000.WAV,Telephone Field,recover-20221013,001,1795
50.7225,50.730599999999995,29765,39048,Myotis daubentonii,0.008,0.026,-1,Echolocation,/mnt/ubna_data_02_mir/recover-20221013/UBNA_001/20221012_030000.WAV,Telephone Field,recover-20221013,001,1795
50.7395,50.7768,68437,82139,Rhinolophus ferrumequinum,0.023,0.023,-1,Echolocation,/mnt/ubna_data_02_mir/recover-20221013/UBNA_001/20221012_030000.WAV,Telephone Field,recover-20221013,001,1795
50.7505,50.7596,27187,36443,Eptesicus serotinus,0.012,0.028,-1,Echolocation,/mnt/ubna_data_02_mir/recover-20221013/UBNA_001/20221012_030000.WAV,Telephone Field,recover-20221013,001,1795
50.7965,50.8337,68437,81789,Rhinolophus ferrumequinum,0.022,0.022,-1,Echolocation,/mnt/ubna_data_02_mir/recover-20221013/UBNA_001/20221012_030000.WAV,Telephone Field,recover-20221013,001,1795
50.807500000000005,50.8442,68437,82237,Rhinolophus ferrumequinum,0.024,0.024,-1,Echolocation,/mnt/ubna_data_02_mir/recover-20221013/UBNA_001/20221012_030000.WAV,Telephone Field,recover-20221013,001,1795
50.822500000000005,50.862300000000005,68437,82046,Rhinolophus ferrumequinum,0.026,0.026,-1,Echolocation,/mnt/ubna_data_02_mir/recover-20221013/UBNA_001/20221012_030000.WAV,Telephone Field,recover-20221013,001,1795
50.8435,50.8504,27187,41657,Eptesicus serotinus,0.006,0.023,-1,Echolocation,/mnt/ubna_data_02_mir/recover-20221013/UBNA_001/20221012_030000.WAV,Telephone Field,recover-20221013,001,1795
50.8475,50.887,68437,82178,Rhinolophus ferrumequinum,0.023,0.023,-1,Echolocation,/mnt/ubna_data_02_mir/recover-20221013/UBNA_001/20221012_030000.WAV,Telephone Field,recover-20221013,001,1795
50.8635,50.905699999999996,68437,82633,Rhinolophus ferrumequinum,0.025,0.025,-1,Echolocation,/mnt/ubna_data_02_mir/recover-20221013/UBNA_001/20221012_030000.WAV,Telephone Field,recover-20221013,001,1795
50.8705,50.8793,23750,31214,Plecotus austriacus,0.007,0.022,-1,Echolocation,/mnt/ubna_data_02_mir/recover-20221013/UBNA_001/20221012_030000.WAV,Telephone Field,recover-20221013,001,1795
50.8725,50.8818,15156,21409,Nyctalus noctula,0.011,0.023,-1,Echolocation,/mnt/ubna_data_02_mir/recover-20221013/UBNA_001/20221012_030000.WAV,Telephone Field,recover-20221013,001,1795
50.8895,50.927099999999996,68437,81932,Rhinolophus ferrumequinum,0.025,0.025,-1,Echolocation,/mnt/ubna_data_02_mir/recover-20221013/UBNA_001/20221012_030000.WAV,Telephone Field,recover-20221013,001,1795
50.9755,50.9889,22890,27169,Nyctalus leisleri,0.014,0.025,-1,Echolocation,/mnt/ubna_data_02_mir/recover-20221013/UBNA_001/20221012_030000.WAV,Telephone Field,recover-20221013,001,1795
50.9845,50.9905,27187,44953,Eptesicus serotinus,0.005,0.023,-1,Echolocation,/mnt/ubna_data_02_mir/recover-20221013/UBNA_001/20221012_030000.WAV,Telephone Field,recover-20221013,001,1795
50.9965,51.035399999999996,68437,82583,Rhinolophus ferrumequinum,0.025,0.025,-1,Echolocation,/mnt/ubna_data_02_mir/recover-20221013/UBNA_001/20221012_030000.WAV,Telephone Field,recover-20221013,001,1795
50.9985,51.0058,27187,38982,Eptesicus serotinus,0.006,0.023,-1,Echolocation,/mnt/ubna_data_02_mir/recover-20221013/UBNA_001/20221012_030000.WAV,Telephone Field,recover-20221013,001,1795
51.033500000000004,51.0435,24609,31102,Nyctalus leisleri,0.008,0.023,-1,Echolocation,/mnt/ubna_data_02_mir/recover-20221013/UBNA_001/20221012_030000.WAV,Telephone Field,recover-20221013,001,1795
51.0775,51.0877,28046,35893,Eptesicus serotinus,0.01,0.025,-1,Echolocation,/mnt/ubna_data_02_mir/recover-20221013/UBNA_001/20221012_030000.WAV,Telephone Field,recover-20221013,001,1795
51.0805,51.0899,48671,52845,Pipistrellus pipistrellus,0.02,0.023,-1,Echolocation,/mnt/ubna_data_02_mir/recover-20221013/UBNA_001/20221012_030000.WAV,Telephone Field,recover-20221013,001,1795
51.0995,51.143100000000004,68437,83550,Rhinolophus ferrumequinum,0.031,0.031,-1,Echolocation,/mnt/ubna_data_02_mir/recover-20221013/UBNA_001/20221012_030000.WAV,Telephone Field,recover-20221013,001,1795
51.1395,51.1774,68437,82067,Rhinolophus ferrumequinum,0.022,0.022,-1,Echolocation,/mnt/ubna_data_02_mir/recover-20221013/UBNA_001/20221012_030000.WAV,Telephone Field,recover-20221013,001,1795
51.1505,51.158100000000005,28046,38238,Eptesicus serotinus,0.009,0.025,-1,Echolocation,/mnt/ubna_data_02_mir/recover-20221013/UBNA_001/20221012_030000.WAV,Telephone Field,recover-20221013,001,1795
51.177499999999995,51.196200000000005,19453,23162,Nyctalus leisleri,0.015,0.032,-1,Echolocation,/mnt/ubna_data_02_mir/recover-20221013/UBNA_001/20221012_030000.WAV,Telephone Field,recover-20221013,001,1795
51.1815,51.1874,26328,37187,Plecotus austriacus,0.007,0.027,-1,Echolocation,/mnt/ubna_data_02_mir/recover-20221013/UBNA_001/20221012_030000.WAV,Telephone Field,recover-20221013,001,1795
51.210499999999996,51.246300000000005,68437,81812,Rhinolophus ferrumequinum,0.022,0.022,-1,Echolocation,/mnt/ubna_data_02_mir/recover-20221013/UBNA_001/20221012_030000.WAV,Telephone Field,recover-20221013,001,1795
51.2155,51.2234,49531,57293,Pipistrellus pipistrellus,0.021,0.023,-1,Echolocation,/mnt/ubna_data_02_mir/recover-20221013/UBNA_001/20221012_030000.WAV,Telephone Field,recover-20221013,001,1795
51.2205,51.2569,68437,81894,Rhinolophus ferrumequinum,0.022,0.022,-1,Echolocation,/mnt/ubna_data_02_mir/recover-20221013/UBNA_001/20221012_030000.WAV,Telephone Field,recover-20221013,001,1795
51.2245,51.235600000000005,23750,29436,Nyctalus leisleri,0.011,0.026,-1,Echolocation,/mnt/ubna_data_02_mir/recover-20221013/UBNA_001/20221012_030000.WAV,Telephone Field,recover-20221013,001,1795
51.2295,51.2666,68437,82058,Rhinolophus ferrumequinum,0.022,0.022,-1,Echolocation,/mnt/ubna_data_02_mir/recover-20221013/UBNA_001/20221012_030000.WAV,Telephone Field,recover-20221013,001,1795
51.2475,51.256299999999996,28906,37144,Eptesicus serotinus,0.01,0.026,-1,Echolocation,/mnt/ubna_data_02_mir/recover-20221013/UBNA_001/20221012_030000.WAV,Telephone Field,recover-20221013,001,1795
51.2975,51.3053,38359,49387,Myotis daubentonii,0.007,0.023,-1,Echolocation,/mnt/ubna_data_02_mir/recover-20221013/UBNA_001/20221012_030000.WAV,Telephone Field,recover-20221013,001,1795
51.298500000000004,51.3077,28046,38329,Eptesicus serotinus,0.009,0.025,-1,Echolocation,/mnt/ubna_data_02_mir/recover-20221013/UBNA_001/20221012_030000.WAV,Telephone Field,recover-20221013,001,1795
51.3365,51.3719,68437,81673,Rhinolophus ferrumequinum,0.022,0.022,-1,Echolocation,/mnt/ubna_data_02_mir/recover-20221013/UBNA_001/20221012_030000.WAV,Telephone Field,recover-20221013,001,1795
51.3425,51.353300000000004,48671,54244,Pipistrellus pipistrellus,0.022,0.026,-1,Echolocation,/mnt/ubna_data_02_mir/recover-20221013/UBNA_001/20221012_030000.WAV,Telephone Field,recover-20221013,001,1795
51.3675,51.4042,68437,81884,Rhinolophus ferrumequinum,0.022,0.022,-1,Echolocation,/mnt/ubna_data_02_mir/recover-20221013/UBNA_001/20221012_030000.WAV,Telephone Field,recover-20221013,001,1795
51.3715,51.379400000000004,28906,38720,Eptesicus serotinus,0.008,0.027,-1,Echolocation,/mnt/ubna_data_02_mir/recover-20221013/UBNA_001/20221012_030000.WAV,Telephone Field,recover-20221013,001,1795
51.3895,51.427,68437,82149,Rhinolophus ferrumequinum,0.024,0.024,-1,Echolocation,/mnt/ubna_data_02_mir/recover-20221013/UBNA_001/20221012_030000.WAV,Telephone Field,recover-20221013,001,1795
51.4055,51.444500000000005,68437,81782,Rhinolophus ferrumequinum,0.027,0.027,-1,Echolocation,/mnt/ubna_data_02_mir/recover-20221013/UBNA_001/20221012_030000.WAV,Telephone Field,recover-20221013,001,1795
51.4075,51.4131,40078,58143,Myotis mystacinus,0.008,0.022,-1,Echolocation,/mnt/ubna_data_02_mir/recover-20221013/UBNA_001/20221012_030000.WAV,Telephone Field,recover-20221013,001,1795
51.4135,51.4494,68437,81071,Rhinolophus ferrumequinum,0.022,0.022,-1,Echolocation,/mnt/ubna_data_02_mir/recover-20221013/UBNA_001/20221012_030000.WAV,Telephone Field,recover-20221013,001,1795
51.427499999999995,51.466,68437,82401,Rhinolophus ferrumequinum,0.023,0.023,-1,Echolocation,/mnt/ubna_data_02_mir/recover-20221013/UBNA_001/20221012_030000.WAV,Telephone Field,recover-20221013,001,1795
51.439499999999995,51.4808,68437,83382,Rhinolophus ferrumequinum,0.024,0.024,-1,Echolocation,/mnt/ubna_data_02_mir/recover-20221013/UBNA_001/20221012_030000.WAV,Telephone Field,recover-20221013,001,1795
51.441500000000005,51.457899999999995,21171,24418,Nyctalus leisleri,0.014,0.024,-1,Echolocation,/mnt/ubna_data_02_mir/recover-20221013/UBNA_001/20221012_030000.WAV,Telephone Field,recover-20221013,001,1795
51.463499999999996,51.4728,28906,37419,Eptesicus serotinus,0.008,0.022,-1,Echolocation,/mnt/ubna_data_02_mir/recover-20221013/UBNA_001/20221012_030000.WAV,Telephone Field,recover-20221013,001,1795
51.4645,51.4771,34062,39851,Pipistrellus nathusii,0.011,0.028,-1,Echolocation,/mnt/ubna_data_02_mir/recover-20221013/UBNA_001/20221012_030000.WAV,Telephone Field,recover-20221013,001,1795
51.4755,51.4829,28046,37929,Eptesicus serotinus,0.007,0.023,-1,Echolocation,/mnt/ubna_data_02_mir/recover-20221013/UBNA_001/20221012_030000.WAV,Telephone Field,recover-20221013,001,1795
51.4755,51.512299999999996,68437,81845,Rhinolophus ferrumequinum,0.024,0.024,-1,Echolocation,/mnt/ubna_data_02_mir/recover-20221013/UBNA_001/20221012_030000.WAV,Telephone Field,recover-20221013,001,1795
51.4915,51.509,20312,23395,Nyctalus leisleri,0.014,0.025,-1,Echolocation,/mnt/ubna_data_02_mir/recover-20221013/UBNA_001/20221012_030000.WAV,Telephone Field,recover-20221013,001,1795
51.5235,51.5608,68437,82166,Rhinolophus ferrumequinum,0.023,0.023,-1,Echolocation,/mnt/ubna_data_02_mir/recover-20221013/UBNA_001/20221012_030000.WAV,Telephone Field,recover-20221013,001,1795
51.569500000000005,51.605599999999995,68437,82200,Rhinolophus ferrumequinum,0.023,0.024,-1,Echolocation,/mnt/ubna_data_02_mir/recover-20221013/UBNA_001/20221012_030000.WAV,Telephone Field,recover-20221013,001,1795
51.5865,51.623599999999996,68437,81754,Rhinolophus ferrumequinum,0.022,0.022,-1,Echolocation,/mnt/ubna_data_02_mir/recover-20221013/UBNA_001/20221012_030000.WAV,Telephone Field,recover-20221013,001,1795
51.5875,51.5965,28906,37090,Eptesicus serotinus,0.009,0.023,-1,Echolocation,/mnt/ubna_data_02_mir/recover-20221013/UBNA_001/20221012_030000.WAV,Telephone Field,recover-20221013,001,1795
51.5965,51.6339,68437,82217,Rhinolophus ferrumequinum,0.023,0.023,-1,Echolocation,/mnt/ubna_data_02_mir/recover-20221013/UBNA_001/20221012_030000.WAV,Telephone Field,recover-20221013,001,1795
51.6195,51.6548,68437,82460,Rhinolophus ferrumequinum,0.026,0.026,-1,Echolocation,/mnt/ubna_data_02_mir/recover-20221013/UBNA_001/20221012_030000.WAV,Telephone Field,recover-20221013,001,1795
51.6475,51.683,68437,81292,Rhinolophus ferrumequinum,0.021,0.022,-1,Echolocation,/mnt/ubna_data_02_mir/recover-20221013/UBNA_001/20221012_030000.WAV,Telephone Field,recover-20221013,001,1795
51.6875,51.729,68437,82844,Rhinolophus ferrumequinum,0.039,0.039,-1,Echolocation,/mnt/ubna_data_02_mir/recover-20221013/UBNA_001/20221012_030000.WAV,Telephone Field,recover-20221013,001,1795
51.694500000000005,51.704499999999996,54687,59484,Pipistrellus pygmaeus,0.019,0.022,-1,Echolocation,/mnt/ubna_data_02_mir/recover-20221013/UBNA_001/20221012_030000.WAV,Telephone Field,recover-20221013,001,1795
51.6995,51.707899999999995,22890,29699,Plecotus austriacus,0.009,0.022,-1,Echolocation,/mnt/ubna_data_02_mir/recover-20221013/UBNA_001/20221012_030000.WAV,Telephone Field,recover-20221013,001,1795
51.7235,51.730199999999996,27187,39957,Eptesicus serotinus,0.006,0.021,-1,Echolocation,/mnt/ubna_data_02_mir/recover-20221013/UBNA_001/20221012_030000.WAV,Telephone Field,recover-20221013,001,1795
51.7445,51.7846,68437,83009,Rhinolophus ferrumequinum,0.035,0.035,-1,Echolocation,/mnt/ubna_data_02_mir/recover-20221013/UBNA_001/20221012_030000.WAV,Telephone Field,recover-20221013,001,1795
51.7535,51.7917,68437,82403,Rhinolophus ferrumequinum,0.022,0.022,-1,Echolocation,/mnt/ubna_data_02_mir/recover-20221013/UBNA_001/20221012_030000.WAV,Telephone Field,recover-20221013,001,1795
51.7555,51.7676,45234,49405,Pipistrellus pipistrellus,0.03,0.037,-1,Echolocation,/mnt/ubna_data_02_mir/recover-20221013/UBNA_001/20221012_030000.WAV,Telephone Field,recover-20221013,001,1795
51.7725,51.81,68437,81537,Rhinolophus ferrumequinum,0.022,0.022,-1,Echolocation,/mnt/ubna_data_02_mir/recover-20221013/UBNA_001/20221012_030000.WAV,Telephone Field,recover-20221013,001,1795
51.795500000000004,51.8026,27187,42333,Eptesicus serotinus,0.009,0.03,-1,Echolocation,/mnt/ubna_data_02_mir/recover-20221013/UBNA_001/20221012_030000.WAV,Telephone Field,recover-20221013,001,1795
51.813500000000005,51.857,68437,83585,Rhinolophus ferrumequinum,0.034,0.034,-1,Echolocation,/mnt/ubna_data_02_mir/recover-20221013/UBNA_001/20221012_030000.WAV,Telephone Field,recover-20221013,001,1795
51.8505,51.8909,68437,82617,Rhinolophus ferrumequinum,0.037,0.037,-1,Echolocation,/mnt/ubna_data_02_mir/recover-20221013/UBNA_001/20221012_030000.WAV,Telephone Field,recover-20221013,001,1795
51.8525,51.8614,26328,35049,Eptesicus serotinus,0.009,0.025,-1,Echolocation,/mnt/ubna_data_02_mir/recover-20221013/UBNA_001/20221012_030000.WAV,Telephone Field,recover-20221013,001,1795
51.8755,51.9135,68437,82303,Rhinolophus ferrumequinum,0.022,0.022,-1,Echolocation,/mnt/ubna_data_02_mir/recover-20221013/UBNA_001/20221012_030000.WAV,Telephone Field,recover-20221013,001,1795
51.8815,51.9189,68437,82413,Rhinolophus ferrumequinum,0.022,0.022,-1,Echolocation,/mnt/ubna_data_02_mir/recover-20221013/UBNA_001/20221012_030000.WAV,Telephone Field,recover-20221013,001,1795
51.9435,51.9868,68437,83446,Rhinolophus ferrumequinum,0.035,0.035,-1,Echolocation,/mnt/ubna_data_02_mir/recover-20221013/UBNA_001/20221012_030000.WAV,Telephone Field,recover-20221013,001,1795
51.9615,51.9841,19453,22417,Nyctalus noctula,0.027,0.056,-1,Echolocation,/mnt/ubna_data_02_mir/recover-20221013/UBNA_001/20221012_030000.WAV,Telephone Field,recover-20221013,001,1795
52.0015,52.034400000000005,68437,80339,Rhinolophus ferrumequinum,0.072,0.073,-1,Echolocation,/mnt/ubna_data_02_mir/recover-20221013/UBNA_001/20221012_030000.WAV,Telephone Field,recover-20221013,001,1795
52.0015,52.009299999999996,23750,32256,Nyctalus leisleri,0.007,0.025,-1,Echolocation,/mnt/ubna_data_02_mir/recover-20221013/UBNA_001/20221012_030000.WAV,Telephone Field,recover-20221013,001,1795
52.0015,52.009299999999996,47812,55214,Pipistrellus pipistrellus,0.018,0.023,-1,Echolocation,/mnt/ubna_data_02_mir/recover-20221013/UBNA_001/20221012_030000.WAV,Telephone Field,recover-20221013,001,1795
52.0085,52.0522,68437,83106,Rhinolophus ferrumequinum,0.024,0.024,-1,Echolocation,/mnt/ubna_data_02_mir/recover-20221013/UBNA_001/20221012_030000.WAV,Telephone Field,recover-20221013,001,1795
52.0145,52.0563,68437,83317,Rhinolophus ferrumequinum,0.022,0.022,-1,Echolocation,/mnt/ubna_data_02_mir/recover-20221013/UBNA_001/20221012_030000.WAV,Telephone Field,recover-20221013,001,1795
52.0275,52.0381,14296,20544,Nyctalus noctula,0.017,0.029,-1,Echolocation,/mnt/ubna_data_02_mir/recover-20221013/UBNA_001/20221012_030000.WAV,Telephone Field,recover-20221013,001,1795
52.0415,52.0522,45234,48434,Pipistrellus pipistrellus,0.019,0.022,-1,Echolocation,/mnt/ubna_data_02_mir/recover-20221013/UBNA_001/20221012_030000.WAV,Telephone Field,recover-20221013,001,1795
52.058499999999995,52.1014,68437,82440,Rhinolophus ferrumequinum,0.03,0.03,-1,Echolocation,/mnt/ubna_data_02_mir/recover-20221013/UBNA_001/20221012_030000.WAV,Telephone Field,recover-20221013,001,1795
52.0965,52.1357,68437,82412,Rhinolophus ferrumequinum,0.023,0.023,-1,Echolocation,/mnt/ubna_data_02_mir/recover-20221013/UBNA_001/20221012_030000.WAV,Telephone Field,recover-20221013,001,1795
52.1025,52.1194,21171,24671,Nyctalus leisleri,0.016,0.027,-1,Echolocation,/mnt/ubna_data_02_mir/recover-20221013/UBNA_001/20221012_030000.WAV,Telephone Field,recover-20221013,001,1795
52.1175,52.155,68437,81776,Rhinolophus ferrumequinum,0.023,0.023,-1,Echolocation,/mnt/ubna_data_02_mir/recover-20221013/UBNA_001/20221012_030000.WAV,Telephone Field,recover-20221013,001,1795
52.2125,52.2545,68437,82719,Rhinolophus ferrumequinum,0.033,0.033,-1,Echolocation,/mnt/ubna_data_02_mir/recover-20221013/UBNA_001/20221012_030000.WAV,Telephone Field,recover-20221013,001,1795
52.2575,52.296099999999996,68437,82939,Rhinolophus ferrumequinum,0.025,0.025,-1,Echolocation,/mnt/ubna_data_02_mir/recover-20221013/UBNA_001/20221012_030000.WAV,Telephone Field,recover-20221013,001,1795
52.301500000000004,52.337199999999996,68437,80902,Rhinolophus ferrumequinum,0.021,0.021,-1,Echolocation,/mnt/ubna_data_02_mir/recover-20221013/UBNA_001/20221012_030000.WAV,Telephone Field,recover-20221013,001,1795
52.3475,52.3882,68437,82426,Rhinolophus ferrumequinum,0.024,0.024,-1,Echolocation,/mnt/ubna_data_02_mir/recover-20221013/UBNA_001/20221012_030000.WAV,Telephone Field,recover-20221013,001,1795
52.3555,52.3947,68437,82529,Rhinolophus ferrumequinum,0.021,0.021,-1,Echolocation,/mnt/ubna_data_02_mir/recover-20221013/UBNA_001/20221012_030000.WAV,Telephone Field,recover-20221013,001,1795
52.3715,52.408699999999996,68437,81879,Rhinolophus ferrumequinum,0.021,0.021,-1,Echolocation,/mnt/ubna_data_02_mir/recover-20221013/UBNA_001/20221012_030000.WAV,Telephone Field,recover-20221013,001,1795
52.4155,52.4553,68437,82952,Rhinolophus ferrumequinum,0.024,0.024,-1,Echolocation,/mnt/ubna_data_02_mir/recover-20221013/UBNA_001/20221012_030000.WAV,Telephone Field,recover-20221013,001,1795
52.4255,52.4649,68437,82112,Rhinolophus ferrumequinum,0.021,0.022,-1,Echolocation,/mnt/ubna_data_02_mir/recover-20221013/UBNA_001/20221012_030000.WAV,Telephone Field,recover-20221013,001,1795
52.4585,52.4915,68437,80376,Rhinolophus ferrumequinum,0.021,0.021,-1,Echolocation,/mnt/ubna_data_02_mir/recover-20221013/UBNA_001/20221012_030000.WAV,Telephone Field,recover-20221013,001,1795
52.4845,52.5226,68437,82048,Rhinolophus ferrumequinum,0.022,0.022,-1,Echolocation,/mnt/ubna_data_02_mir/recover-20221013/UBNA_001/20221012_030000.WAV,Telephone Field,recover-20221013,001,1795
52.5155,52.5245,39218,43654,Pipistrellus nathusii,0.069,0.083,-1,Echolocation,/mnt/ubna_data_02_mir/recover-20221013/UBNA_001/20221012_030000.WAV,Telephone Field,recover-20221013,001,1795
52.5185,52.556799999999996,68437,82358,Rhinolophus ferrumequinum,0.022,0.022,-1,Echolocation,/mnt/ubna_data_02_mir/recover-20221013/UBNA_001/20221012_030000.WAV,Telephone Field,recover-20221013,001,1795
52.5415,52.5754,68437,80395,Rhinolophus ferrumequinum,0.021,0.021,-1,Echolocation,/mnt/ubna_data_02_mir/recover-20221013/UBNA_001/20221012_030000.WAV,Telephone Field,recover-20221013,001,1795
52.5535,52.5918,68437,82245,Rhinolophus ferrumequinum,0.024,0.024,-1,Echolocation,/mnt/ubna_data_02_mir/recover-20221013/UBNA_001/20221012_030000.WAV,Telephone Field,recover-20221013,001,1795
52.6465,52.664100000000005,16015,20258,Nyctalus noctula,0.018,0.026,-1,Echolocation,/mnt/ubna_data_02_mir/recover-20221013/UBNA_001/20221012_030000.WAV,Telephone Field,recover-20221013,001,1795
52.691500000000005,52.7269,68437,80894,Rhinolophus ferrumequinum,0.027,0.027,-1,Echolocation,/mnt/ubna_data_02_mir/recover-20221013/UBNA_001/20221012_030000.WAV,Telephone Field,recover-20221013,001,1795
52.7035,52.7399,68437,81581,Rhinolophus ferrumequinum,0.022,0.022,-1,Echolocation,/mnt/ubna_data_02_mir/recover-20221013/UBNA_001/20221012_030000.WAV,Telephone Field,recover-20221013,001,1795
52.7465,52.7873,68437,83133,Rhinolophus ferrumequinum,0.023,0.023,-1,Echolocation,/mnt/ubna_data_02_mir/recover-20221013/UBNA_001/20221012_030000.WAV,Telephone Field,recover-20221013,001,1795
52.7745,52.8167,68437,82995,Rhinolophus ferrumequinum,0.03,0.03,-1,Echolocation,/mnt/ubna_data_02_mir/recover-20221013/UBNA_001/20221012_030000.WAV,Telephone Field,recover-20221013,001,1795
52.7905,52.8298,68437,82607,Rhinolophus ferrumequinum,0.022,0.022,-1,Echolocation,/mnt/ubna_data_02_mir/recover-20221013/UBNA_001/20221012_030000.WAV,Telephone Field,recover-20221013,001,1795
52.799499999999995,52.8398,68437,82765,Rhinolophus ferrumequinum,0.022,0.022,-1,Echolocation,/mnt/ubna_data_02_mir/recover-20221013/UBNA_001/20221012_030000.WAV,Telephone Field,recover-20221013,001,1795
52.829499999999996,52.870999999999995,68437,82385,Rhinolophus ferrumequinum,0.022,0.022,-1,Echolocation,/mnt/ubna_data_02_mir/recover-20221013/UBNA_001/20221012_030000.WAV,Telephone Field,recover-20221013,001,1795
52.8405,52.8523,25468,30885,Nyctalus leisleri,0.015,0.036,-1,Echolocation,/mnt/ubna_data_02_mir/recover-20221013/UBNA_001/20221012_030000.WAV,Telephone Field,recover-20221013,001,1795
52.8735,52.9148,68437,83300,Rhinolophus ferrumequinum,0.038,0.038,-1,Echolocation,/mnt/ubna_data_02_mir/recover-20221013/UBNA_001/20221012_030000.WAV,Telephone Field,recover-20221013,001,1795
52.8745,52.884100000000004,23750,31058,Nyctalus leisleri,0.012,0.036,-1,Echolocation,/mnt/ubna_data_02_mir/recover-20221013/UBNA_001/20221012_030000.WAV,Telephone Field,recover-20221013,001,1795
52.8935,52.9333,68437,82530,Rhinolophus ferrumequinum,0.021,0.021,-1,Echolocation,/mnt/ubna_data_02_mir/recover-20221013/UBNA_001/20221012_030000.WAV,Telephone Field,recover-20221013,001,1795
52.9065,52.9143,26328,35432,Eptesicus serotinus,0.008,0.022,-1,Echolocation,/mnt/ubna_data_02_mir/recover-20221013/UBNA_001/20221012_030000.WAV,Telephone Field,recover-20221013,001,1795
52.9195,52.9593,68437,81729,Rhinolophus ferrumequinum,0.037,0.037,-1,Echolocation,/mnt/ubna_data_02_mir/recover-20221013/UBNA_001/20221012_030000.WAV,Telephone Field,recover-20221013,001,1795
52.920500000000004,52.9314,25468,32440,Eptesicus serotinus,0.02,0.051,-1,Echolocation,/mnt/ubna_data_02_mir/recover-20221013/UBNA_001/20221012_030000.WAV,Telephone Field,recover-20221013,001,1795
52.9625,52.9985,68437,81455,Rhinolophus ferrumequinum,0.021,0.021,-1,Echolocation,/mnt/ubna_data_02_mir/recover-20221013/UBNA_001/20221012_030000.WAV,Telephone Field,recover-20221013,001,1795
53.0065,53.0244,21171,24676,Nyctalus leisleri,0.017,0.032,-1,Echolocation,/mnt/ubna_data_02_mir/recover-20221013/UBNA_001/20221012_030000.WAV,Telephone Field,recover-20221013,001,1795
53.0315,53.0731,68437,82164,Rhinolophus ferrumequinum,0.023,0.023,-1,Echolocation,/mnt/ubna_data_02_mir/recover-20221013/UBNA_001/20221012_030000.WAV,Telephone Field,recover-20221013,001,1795
53.067499999999995,53.0793,26328,33090,Eptesicus serotinus,0.013,0.027,-1,Echolocation,/mnt/ubna_data_02_mir/recover-20221013/UBNA_001/20221012_030000.WAV,Telephone Field,recover-20221013,001,1795
53.0835,53.1184,68437,81426,Rhinolophus ferrumequinum,0.023,0.023,-1,Echolocation,/mnt/ubna_data_02_mir/recover-20221013/UBNA_001/20221012_030000.WAV,Telephone Field,recover-20221013,001,1795
53.0845,53.0938,22890,28545,Nyctalus leisleri,0.008,0.021,-1,Echolocation,/mnt/ubna_data_02_mir/recover-20221013/UBNA_001/20221012_030000.WAV,Telephone Field,recover-20221013,001,1795
53.1375,53.1796,68437,83101,Rhinolophus ferrumequinum,0.035,0.035,-1,Echolocation,/mnt/ubna_data_02_mir/recover-20221013/UBNA_001/20221012_030000.WAV,Telephone Field,recover-20221013,001,1795
53.1485,53.1614,44375,46926,Pipistrellus pipistrellus,0.037,0.043,-1,Echolocation,/mnt/ubna_data_02_mir/recover-20221013/UBNA_001/20221012_030000.WAV,Telephone Field,recover-20221013,001,1795
53.158500000000004,53.1679,28046,36996,Eptesicus serotinus,0.009,0.021,-1,Echolocation,/mnt/ubna_data_02_mir/recover-20221013/UBNA_001/20221012_030000.WAV,Telephone Field,recover-20221013,001,1795
53.197500000000005,53.237300000000005,68437,82318,Rhinolophus ferrumequinum,0.024,0.024,-1,Echolocation,/mnt/ubna_data_02_mir/recover-20221013/UBNA_001/20221012_030000.WAV,Telephone Field,recover-20221013,001,1795
53.2235,53.2613,68437,81816,Rhinolophus ferrumequinum,0.022,0.022,-1,Echolocation,/mnt/ubna_data_02_mir/recover-20221013/UBNA_001/20221012_030000.WAV,Telephone Field,recover-20221013,001,1795
53.2445,53.2851,68437,82800,Rhinolophus ferrumequinum,0.024,0.024,-1,Echolocation,/mnt/ubna_data_02_mir/recover-20221013/UBNA_001/20221012_030000.WAV,Telephone Field,recover-20221013,001,1795
53.2615,53.2697,49531,54164,Pipistrellus pipistrellus,0.02,0.024,-1,Echolocation,/mnt/ubna_data_02_mir/recover-20221013/UBNA_001/20221012_030000.WAV,Telephone Field,recover-20221013,001,1795
53.2685,53.2793,25468,31118,Eptesicus serotinus,0.012,0.033,-1,Echolocation,/mnt/ubna_data_02_mir/recover-20221013/UBNA_001/20221012_030000.WAV,Telephone Field,recover-20221013,001,1795
53.283500000000004,53.3176,68437,80833,Rhinolophus ferrumequinum,0.021,0.021,-1,Echolocation,/mnt/ubna_data_02_mir/recover-20221013/UBNA_001/20221012_030000.WAV,Telephone Field,recover-20221013,001,1795
53.2965,53.308099999999996,29765,36766,Eptesicus serotinus,0.016,0.031,-1,Echolocation,/mnt/ubna_data_02_mir/recover-20221013/UBNA_001/20221012_030000.WAV,Telephone Field,recover-20221013,001,1795
53.320499999999996,53.3316,43515,46748,Pipistrellus pipistrellus,0.026,0.028,-1,Echolocation,/mnt/ubna_data_02_mir/recover-20221013/UBNA_001/20221012_030000.WAV,Telephone Field,recover-20221013,001,1795
53.323499999999996,53.33,28046,40074,Eptesicus serotinus,0.007,0.024,-1,Echolocation,/mnt/ubna_data_02_mir/recover-20221013/UBNA_001/20221012_030000.WAV,Telephone Field,recover-20221013,001,1795
53.3495,53.3865,68437,82018,Rhinolophus ferrumequinum,0.023,0.023,-1,Echolocation,/mnt/ubna_data_02_mir/recover-20221013/UBNA_001/20221012_030000.WAV,Telephone Field,recover-20221013,001,1795
53.3625,53.401700000000005,68437,82362,Rhinolophus ferrumequinum,0.026,0.026,-1,Echolocation,/mnt/ubna_data_02_mir/recover-20221013/UBNA_001/20221012_030000.WAV,Telephone Field,recover-20221013,001,1795
53.3665,53.3758,28046,35541,Eptesicus serotinus,0.008,0.021,-1,Echolocation,/mnt/ubna_data_02_mir/recover-20221013/UBNA_001/20221012_030000.WAV,Telephone Field,recover-20221013,001,1795
53.4165,53.4567,68437,82274,Rhinolophus ferrumequinum,0.021,0.021,-1,Echolocation,/mnt/ubna_data_02_mir/recover-20221013/UBNA_001/20221012_030000.WAV,Telephone Field,recover-20221013,001,1795
53.4345,53.4727,68437,82321,Rhinolophus ferrumequinum,0.024,0.024,-1,Echolocation,/mnt/ubna_data_02_mir/recover-20221013/UBNA_001/20221012_030000.WAV,Telephone Field,recover-20221013,001,1795
53.4675,53.5056,68437,82130,Rhinolophus ferrumequinum,0.023,0.023,-1,Echolocation,/mnt/ubna_data_02_mir/recover-20221013/UBNA_001/20221012_030000.WAV,Telephone Field,recover-20221013,001,1795
53.4745,53.5126,68437,81689,Rhinolophus ferrumequinum,0.021,0.021,-1,Echolocation,/mnt/ubna_data_02_mir/recover-20221013/UBNA_001/20221012_030000.WAV,Telephone Field,recover-20221013,001,1795
53.4925,53.5317,68437,82353,Rhinolophus ferrumequinum,0.038,0.038,-1,Echolocation,/mnt/ubna_data_02_mir/recover-20221013/UBNA_001/20221012_030000.WAV,Telephone Field,recover-20221013,001,1795
53.5235,53.5342,28046,35813,Eptesicus serotinus,0.014,0.027,-1,Echolocation,/mnt/ubna_data_02_mir/recover-20221013/UBNA_001/20221012_030000.WAV,Telephone Field,recover-20221013,001,1795
53.5625,53.6005,68437,82125,Rhinolophus ferrumequinum,0.021,0.021,-1,Echolocation,/mnt/ubna_data_02_mir/recover-20221013/UBNA_001/20221012_030000.WAV,Telephone Field,recover-20221013,001,1795
53.569500000000005,53.6071,68437,82514,Rhinolophus ferrumequinum,0.022,0.023,-1,Echolocation,/mnt/ubna_data_02_mir/recover-20221013/UBNA_001/20221012_030000.WAV,Telephone Field,recover-20221013,001,1795
53.6235,53.6331,28906,36779,Eptesicus serotinus,0.008,0.021,-1,Echolocation,/mnt/ubna_data_02_mir/recover-20221013/UBNA_001/20221012_030000.WAV,Telephone Field,recover-20221013,001,1795
53.6655,53.7047,68437,82567,Rhinolophus ferrumequinum,0.025,0.025,-1,Echolocation,/mnt/ubna_data_02_mir/recover-20221013/UBNA_001/20221012_030000.WAV,Telephone Field,recover-20221013,001,1795
53.680499999999995,53.7207,68437,82437,Rhinolophus ferrumequinum,0.022,0.022,-1,Echolocation,/mnt/ubna_data_02_mir/recover-20221013/UBNA_001/20221012_030000.WAV,Telephone Field,recover-20221013,001,1795
53.686499999999995,53.7268,68437,82611,Rhinolophus ferrumequinum,0.023,0.023,-1,Echolocation,/mnt/ubna_data_02_mir/recover-20221013/UBNA_001/20221012_030000.WAV,Telephone Field,recover-20221013,001,1795
53.697500000000005,53.7368,68437,82143,Rhinolophus ferrumequinum,0.023,0.023,-1,Echolocation,/mnt/ubna_data_02_mir/recover-20221013/UBNA_001/20221012_030000.WAV,Telephone Field,recover-20221013,001,1795
53.7565,53.796,68437,82734,Rhinolophus ferrumequinum,0.023,0.023,-1,Echolocation,/mnt/ubna_data_02_mir/recover-20221013/UBNA_001/20221012_030000.WAV,Telephone Field,recover-20221013,001,1795
53.7715,53.8129,68437,82932,Rhinolophus ferrumequinum,0.023,0.023,-1,Echolocation,/mnt/ubna_data_02_mir/recover-20221013/UBNA_001/20221012_030000.WAV,Telephone Field,recover-20221013,001,1795
53.7725,53.7826,22890,28580,Nyctalus leisleri,0.009,0.024,-1,Echolocation,/mnt/ubna_data_02_mir/recover-20221013/UBNA_001/20221012_030000.WAV,Telephone Field,recover-20221013,001,1795
53.8665,53.9052,68437,82501,Rhinolophus ferrumequinum,0.021,0.021,-1,Echolocation,/mnt/ubna_data_02_mir/recover-20221013/UBNA_001/20221012_030000.WAV,Telephone Field,recover-20221013,001,1795
53.8815,53.888000000000005,23750,34095,Plecotus austriacus,0.014,0.027,-1,Echolocation,/mnt/ubna_data_02_mir/recover-20221013/UBNA_001/20221012_030000.WAV,Telephone Field,recover-20221013,001,1795
53.8985,53.939,68437,82391,Rhinolophus ferrumequinum,0.025,0.025,-1,Echolocation,/mnt/ubna_data_02_mir/recover-20221013/UBNA_001/20221012_030000.WAV,Telephone Field,recover-20221013,001,1795
53.9225,53.9601,68437,81686,Rhinolophus ferrumequinum,0.022,0.022,-1,Echolocation,/mnt/ubna_data_02_mir/recover-20221013/UBNA_001/20221012_030000.WAV,Telephone Field,recover-20221013,001,1795
53.923500000000004,53.9315,25468,34388,Plecotus austriacus,0.006,0.024,-1,Echolocation,/mnt/ubna_data_02_mir/recover-20221013/UBNA_001/20221012_030000.WAV,Telephone Field,recover-20221013,001,1795
53.935500000000005,53.9524,21171,24007,Nyctalus leisleri,0.015,0.024,-1,Echolocation,/mnt/ubna_data_02_mir/recover-20221013/UBNA_001/20221012_030000.WAV,Telephone Field,recover-20221013,001,1795
54.0015,54.0345,68437,81449,Rhinolophus ferrumequinum,0.057,0.057,-1,Echolocation,/mnt/ubna_data_02_mir/recover-20221013/UBNA_001/20221012_030000.WAV,Telephone Field,recover-20221013,001,1795
54.0015,54.0106,23750,31464,Nyctalus leisleri,0.007,0.023,-1,Echolocation,/mnt/ubna_data_02_mir/recover-20221013/UBNA_001/20221012_030000.WAV,Telephone Field,recover-20221013,001,1795
54.0085,54.0523,68437,82497,Rhinolophus ferrumequinum,0.027,0.027,-1,Echolocation,/mnt/ubna_data_02_mir/recover-20221013/UBNA_001/20221012_030000.WAV,Telephone Field,recover-20221013,001,1795
54.0445,54.0593,23750,28936,Nyctalus leisleri,0.016,0.036,-1,Echolocation,/mnt/ubna_data_02_mir/recover-20221013/UBNA_001/20221012_030000.WAV,Telephone Field,recover-20221013,001,1795
54.064499999999995,54.1028,68437,82075,Rhinolophus ferrumequinum,0.023,0.023,-1,Echolocation,/mnt/ubna_data_02_mir/recover-20221013/UBNA_001/20221012_030000.WAV,Telephone Field,recover-20221013,001,1795
54.1235,54.161100000000005,68437,82184,Rhinolophus ferrumequinum,0.03,0.03,-1,Echolocation,/mnt/ubna_data_02_mir/recover-20221013/UBNA_001/20221012_030000.WAV,Telephone Field,recover-20221013,001,1795
54.1355,54.142700000000005,23750,32421,Plecotus austriacus,0.008,0.02,-1,Echolocation,/mnt/ubna_data_02_mir/recover-20221013/UBNA_001/20221012_030000.WAV,Telephone Field,recover-20221013,001,1795
54.1565,54.1944,68437,81933,Rhinolophus ferrumequinum,0.02,0.02,-1,Echolocation,/mnt/ubna_data_02_mir/recover-20221013/UBNA_001/20221012_030000.WAV,Telephone Field,recover-20221013,001,1795
54.170500000000004,54.2085,68437,82101,Rhinolophus ferrumequinum,0.02,0.02,-1,Echolocation,/mnt/ubna_data_02_mir/recover-20221013/UBNA_001/20221012_030000.WAV,Telephone Field,recover-20221013,001,1795
54.183499999999995,54.1958,26328,31933,Eptesicus serotinus,0.034,0.067,-1,Echolocation,/mnt/ubna_data_02_mir/recover-20221013/UBNA_001/20221012_030000.WAV,Telephone Field,recover-20221013,001,1795
54.191500000000005,54.2297,68437,81499,Rhinolophus ferrumequinum,0.022,0.022,-1,Echolocation,/mnt/ubna_data_02_mir/recover-20221013/UBNA_001/20221012_030000.WAV,Telephone Field,recover-20221013,001,1795
54.2125,54.2232,22890,27336,Nyctalus leisleri,0.01,0.021,-1,Echolocation,/mnt/ubna_data_02_mir/recover-20221013/UBNA_001/20221012_030000.WAV,Telephone Field,recover-20221013,001,1795
54.2185,54.257400000000004,68437,82546,Rhinolophus ferrumequinum,0.023,0.023,-1,Echolocation,/mnt/ubna_data_02_mir/recover-20221013/UBNA_001/20221012_030000.WAV,Telephone Field,recover-20221013,001,1795
54.2275,54.267700000000005,68437,82626,Rhinolophus ferrumequinum,0.021,0.021,-1,Echolocation,/mnt/ubna_data_02_mir/recover-20221013/UBNA_001/20221012_030000.WAV,Telephone Field,recover-20221013,001,1795
54.2485,54.258700000000005,22031,27301,Nyctalus leisleri,0.009,0.022,-1,Echolocation,/mnt/ubna_data_02_mir/recover-20221013/UBNA_001/20221012_030000.WAV,Telephone Field,recover-20221013,001,1795
54.2715,54.3133,68437,82367,Rhinolophus ferrumequinum,0.028,0.028,-1,Echolocation,/mnt/ubna_data_02_mir/recover-20221013/UBNA_001/20221012_030000.WAV,Telephone Field,recover-20221013,001,1795
54.3035,54.3099,26328,40149,Eptesicus serotinus,0.006,0.026,-1,Echolocation,/mnt/ubna_data_02_mir/recover-20221013/UBNA_001/20221012_030000.WAV,Telephone Field,recover-20221013,001,1795
54.326499999999996,54.3358,24609,31887,Eptesicus serotinus,0.008,0.021,-1,Echolocation,/mnt/ubna_data_02_mir/recover-20221013/UBNA_001/20221012_030000.WAV,Telephone Field,recover-20221013,001,1795
54.3285,54.3668,68437,82758,Rhinolophus ferrumequinum,0.024,0.024,-1,Echolocation,/mnt/ubna_data_02_mir/recover-20221013/UBNA_001/20221012_030000.WAV,Telephone Field,recover-20221013,001,1795
54.3365,54.3778,68437,82337,Rhinolophus ferrumequinum,0.024,0.024,-1,Echolocation,/mnt/ubna_data_02_mir/recover-20221013/UBNA_001/20221012_030000.WAV,Telephone Field,recover-20221013,001,1795
54.4005,54.4371,68437,82514,Rhinolophus ferrumequinum,0.023,0.023,-1,Echolocation,/mnt/ubna_data_02_mir/recover-20221013/UBNA_001/20221012_030000.WAV,Telephone Field,recover-20221013,001,1795
54.408500000000004,54.4166,28906,37155,Eptesicus serotinus,0.007,0.021,-1,Echolocation,/mnt/ubna_data_02_mir/recover-20221013/UBNA_001/20221012_030000.WAV,Telephone Field,recover-20221013,001,1795
54.438500000000005,54.4756,68437,81810,Rhinolophus ferrumequinum,0.023,0.023,-1,Echolocation,/mnt/ubna_data_02_mir/recover-20221013/UBNA_001/20221012_030000.WAV,Telephone Field,recover-20221013,001,1795
54.451499999999996,54.4838,68437,80053,Rhinolophus ferrumequinum,0.021,0.022,-1,Echolocation,/mnt/ubna_data_02_mir/recover-20221013/UBNA_001/20221012_030000.WAV,Telephone Field,recover-20221013,001,1795
54.4775,54.5161,68437,82785,Rhinolophus ferrumequinum,0.022,0.022,-1,Echolocation,/mnt/ubna_data_02_mir/recover-20221013/UBNA_001/20221012_030000.WAV,Telephone Field,recover-20221013,001,1795
54.5295,54.5659,68437,81736,Rhinolophus ferrumequinum,0.028,0.028,-1,Echolocation,/mnt/ubna_data_02_mir/recover-20221013/UBNA_001/20221012_030000.WAV,Telephone Field,recover-20221013,001,1795
54.548500000000004,54.591499999999996,68437,82949,Rhinolophus ferrumequinum,0.037,0.037,-1,Echolocation,/mnt/ubna_data_02_mir/recover-20221013/UBNA_001/20221012_030000.WAV,Telephone Field,recover-20221013,001,1795
54.560500000000005,54.6005,68437,82467,Rhinolophus ferrumequinum,0.021,0.021,-1,Echolocation,/mnt/ubna_data_02_mir/recover-20221013/UBNA_001/20221012_030000.WAV,Telephone Field,recover-20221013,001,1795
54.5745,54.585499999999996,22031,26247,Nyctalus leisleri,0.012,0.022,-1,Echolocation,/mnt/ubna_data_02_mir/recover-20221013/UBNA_001/20221012_030000.WAV,Telephone Field,recover-20221013,001,1795
54.6095,54.6486,68437,82041,Rhinolophus ferrumequinum,0.026,0.026,-1,Echolocation,/mnt/ubna_data_02_mir/recover-20221013/UBNA_001/20221012_030000.WAV,Telephone Field,recover-20221013,001,1795
54.6525,54.6609,28046,39557,Eptesicus serotinus,0.009,0.021,-1,Echolocation,/mnt/ubna_data_02_mir/recover-20221013/UBNA_001/20221012_030000.WAV,Telephone Field,recover-20221013,001,1795
54.6595,54.6977,68437,81457,Rhinolophus ferrumequinum,0.023,0.023,-1,Echolocation,/mnt/ubna_data_02_mir/recover-20221013/UBNA_001/20221012_030000.WAV,Telephone Field,recover-20221013,001,1795
54.667500000000004,54.7093,68437,82837,Rhinolophus ferrumequinum,0.022,0.022,-1,Echolocation,/mnt/ubna_data_02_mir/recover-20221013/UBNA_001/20221012_030000.WAV,Telephone Field,recover-20221013,001,1795
54.691500000000005,54.699799999999996,28046,40457,Eptesicus serotinus,0.007,0.021,-1,Echolocation,/mnt/ubna_data_02_mir/recover-20221013/UBNA_001/20221012_030000.WAV,Telephone Field,recover-20221013,001,1795
54.700500000000005,54.7415,68437,82499,Rhinolophus ferrumequinum,0.027,0.027,-1,Echolocation,/mnt/ubna_data_02_mir/recover-20221013/UBNA_001/20221012_030000.WAV,Telephone Field,recover-20221013,001,1795
54.7115,54.7228,26328,33086,Eptesicus serotinus,0.011,0.022,-1,Echolocation,/mnt/ubna_data_02_mir/recover-20221013/UBNA_001/20221012_030000.WAV,Telephone Field,recover-20221013,001,1795
54.7125,54.748000000000005,68437,81450,Rhinolophus ferrumequinum,0.021,0.021,-1,Echolocation,/mnt/ubna_data_02_mir/recover-20221013/UBNA_001/20221012_030000.WAV,Telephone Field,recover-20221013,001,1795
54.7485,54.787,68437,81902,Rhinolophus ferrumequinum,0.023,0.023,-1,Echolocation,/mnt/ubna_data_02_mir/recover-20221013/UBNA_001/20221012_030000.WAV,Telephone Field,recover-20221013,001,1795
54.7495,54.7584,50390,54770,Pipistrellus pipistrellus,0.033,0.038,-1,Echolocation,/mnt/ubna_data_02_mir/recover-20221013/UBNA_001/20221012_030000.WAV,Telephone Field,recover-20221013,001,1795
54.7775,54.8155,68437,82301,Rhinolophus ferrumequinum,0.028,0.028,-1,Echolocation,/mnt/ubna_data_02_mir/recover-20221013/UBNA_001/20221012_030000.WAV,Telephone Field,recover-20221013,001,1795
54.7975,54.8059,43515,47149,Pipistrellus pipistrellus,0.02,0.023,-1,Echolocation,/mnt/ubna_data_02_mir/recover-20221013/UBNA_001/20221012_030000.WAV,Telephone Field,recover-20221013,001,1795
54.8275,54.870400000000004,68437,83099,Rhinolophus ferrumequinum,0.039,0.039,-1,Echolocation,/mnt/ubna_data_02_mir/recover-20221013/UBNA_001/20221012_030000.WAV,Telephone Field,recover-20221013,001,1795
54.8975,54.942099999999996,68437,83648,Rhinolophus ferrumequinum,0.04,0.04,-1,Echolocation,/mnt/ubna_data_02_mir/recover-20221013/UBNA_001/20221012_030000.WAV,Telephone Field,recover-20221013,001,1795
54.966499999999996,54.9727,23750,34242,Plecotus auritus,0.018,0.043,-1,Echolocation,/mnt/ubna_data_02_mir/recover-20221013/UBNA_001/20221012_030000.WAV,Telephone Field,recover-20221013,001,1795
54.9755,55.0141,68437,82379,Rhinolophus ferrumequinum,0.023,0.023,-1,Echolocation,/mnt/ubna_data_02_mir/recover-20221013/UBNA_001/20221012_030000.WAV,Telephone Field,recover-20221013,001,1795
54.9985,55.0379,68437,83225,Rhinolophus ferrumequinum,0.026,0.026,-1,Echolocation,/mnt/ubna_data_02_mir/recover-20221013/UBNA_001/20221012_030000.WAV,Telephone Field,recover-20221013,001,1795
55.0285,55.0667,68437,81338,Rhinolophus ferrumequinum,0.021,0.021,-1,Echolocation,/mnt/ubna_data_02_mir/recover-20221013/UBNA_001/20221012_030000.WAV,Telephone Field,recover-20221013,001,1795
55.0315,55.0416,27187,37849,Eptesicus serotinus,0.009,0.021,-1,Echolocation,/mnt/ubna_data_02_mir/recover-20221013/UBNA_001/20221012_030000.WAV,Telephone Field,recover-20221013,001,1795
55.0315,55.0411,45234,49606,Pipistrellus pipistrellus,0.038,0.041,-1,Echolocation,/mnt/ubna_data_02_mir/recover-20221013/UBNA_001/20221012_030000.WAV,Telephone Field,recover-20221013,001,1795
55.0595,55.0997,68437,83271,Rhinolophus ferrumequinum,0.023,0.023,-1,Echolocation,/mnt/ubna_data_02_mir/recover-20221013/UBNA_001/20221012_030000.WAV,Telephone Field,recover-20221013,001,1795
55.0655,55.1061,68437,82461,Rhinolophus ferrumequinum,0.022,0.022,-1,Echolocation,/mnt/ubna_data_02_mir/recover-20221013/UBNA_001/20221012_030000.WAV,Telephone Field,recover-20221013,001,1795
55.075500000000005,55.0882,28046,35091,Eptesicus serotinus,0.017,0.027,-1,Echolocation,/mnt/ubna_data_02_mir/recover-20221013/UBNA_001/20221012_030000.WAV,Telephone Field,recover-20221013,001,1795
55.0975,55.1391,68437,82951,Rhinolophus ferrumequinum,0.029,0.029,-1,Echolocation,/mnt/ubna_data_02_mir/recover-20221013/UBNA_001/20221012_030000.WAV,Telephone Field,recover-20221013,001,1795
55.1065,55.1481,68437,83140,Rhinolophus ferrumequinum,0.027,0.027,-1,Echolocation,/mnt/ubna_data_02_mir/recover-20221013/UBNA_001/20221012_030000.WAV,Telephone Field,recover-20221013,001,1795
55.1355,55.148399999999995,25468,30838,Nyctalus leisleri,0.014,0.036,-1,Echolocation,/mnt/ubna_data_02_mir/recover-20221013/UBNA_001/20221012_030000.WAV,Telephone Field,recover-20221013,001,1795
55.1515,55.187200000000004,68437,80552,Rhinolophus ferrumequinum,0.021,0.021,-1,Echolocation,/mnt/ubna_data_02_mir/recover-20221013/UBNA_001/20221012_030000.WAV,Telephone Field,recover-20221013,001,1795
55.1525,55.1616,28046,37806,Eptesicus serotinus,0.009,0.023,-1,Echolocation,/mnt/ubna_data_02_mir/recover-20221013/UBNA_001/20221012_030000.WAV,Telephone Field,recover-20221013,001,1795
55.177499999999995,55.2178,68437,82233,Rhinolophus ferrumequinum,0.021,0.021,-1,Echolocation,/mnt/ubna_data_02_mir/recover-20221013/UBNA_001/20221012_030000.WAV,Telephone Field,recover-20221013,001,1795
55.191500000000005,55.2364,68437,83485,Rhinolophus ferrumequinum,0.05,0.05,-1,Echolocation,/mnt/ubna_data_02_mir/recover-20221013/UBNA_001/20221012_030000.WAV,Telephone Field,recover-20221013,001,1795
55.2185,55.257400000000004,68437,83079,Rhinolophus ferrumequinum,0.021,0.021,-1,Echolocation,/mnt/ubna_data_02_mir/recover-20221013/UBNA_001/20221012_030000.WAV,Telephone Field,recover-20221013,001,1795
55.2295,55.2367,28906,39027,Eptesicus serotinus,0.007,0.021,-1,Echolocation,/mnt/ubna_data_02_mir/recover-20221013/UBNA_001/20221012_030000.WAV,Telephone Field,recover-20221013,001,1795
55.2325,55.271100000000004,68437,82259,Rhinolophus ferrumequinum,0.022,0.022,-1,Echolocation,/mnt/ubna_data_02_mir/recover-20221013/UBNA_001/20221012_030000.WAV,Telephone Field,recover-20221013,001,1795
55.2535,55.2638,27187,35107,Eptesicus serotinus,0.01,0.022,-1,Echolocation,/mnt/ubna_data_02_mir/recover-20221013/UBNA_001/20221012_030000.WAV,Telephone Field,recover-20221013,001,1795
55.2695,55.3107,68437,82426,Rhinolophus ferrumequinum,0.026,0.026,-1,Echolocation,/mnt/ubna_data_02_mir/recover-20221013/UBNA_001/20221012_030000.WAV,Telephone Field,recover-20221013,001,1795
55.2965,55.3321,68437,80988,Rhinolophus ferrumequinum,0.02,0.021,-1,Echolocation,/mnt/ubna_data_02_mir/recover-20221013/UBNA_001/20221012_030000.WAV,Telephone Field,recover-20221013,001,1795
55.3155,55.3547,68437,82459,Rhinolophus ferrumequinum,0.021,0.021,-1,Echolocation,/mnt/ubna_data_02_mir/recover-20221013/UBNA_001/20221012_030000.WAV,Telephone Field,recover-20221013,001,1795
55.326499999999996,55.3422,22890,27276,Nyctalus leisleri,0.016,0.029,-1,Echolocation,/mnt/ubna_data_02_mir/recover-20221013/UBNA_001/20221012_030000.WAV,Telephone Field,recover-20221013,001,1795
55.3365,55.372,68437,81457,Rhinolophus ferrumequinum,0.023,0.023,-1,Echolocation,/mnt/ubna_data_02_mir/recover-20221013/UBNA_001/20221012_030000.WAV,Telephone Field,recover-20221013,001,1795
55.3755,55.415800000000004,68437,83495,Rhinolophus ferrumequinum,0.036,0.036,-1,Echolocation,/mnt/ubna_data_02_mir/recover-20221013/UBNA_001/20221012_030000.WAV,Telephone Field,recover-20221013,001,1795
55.3845,55.424499999999995,68437,82074,Rhinolophus ferrumequinum,0.023,0.023,-1,Echolocation,/mnt/ubna_data_02_mir/recover-20221013/UBNA_001/20221012_030000.WAV,Telephone Field,recover-20221013,001,1795
55.4005,55.4401,68437,82428,Rhinolophus ferrumequinum,0.023,0.023,-1,Echolocation,/mnt/ubna_data_02_mir/recover-20221013/UBNA_001/20221012_030000.WAV,Telephone Field,recover-20221013,001,1795
55.435500000000005,55.4718,68437,81203,Rhinolophus ferrumequinum,0.021,0.021,-1,Echolocation,/mnt/ubna_data_02_mir/recover-20221013/UBNA_001/20221012_030000.WAV,Telephone Field,recover-20221013,001,1795
55.435500000000005,55.4423,50390,55459,Pipistrellus pipistrellus,0.023,0.026,-1,Echolocation,/mnt/ubna_data_02_mir/recover-20221013/UBNA_001/20221012_030000.WAV,Telephone Field,recover-20221013,001,1795
55.450500000000005,55.4602,28046,38768,Eptesicus serotinus,0.009,0.021,-1,Echolocation,/mnt/ubna_data_02_mir/recover-20221013/UBNA_001/20221012_030000.WAV,Telephone Field,recover-20221013,001,1795
55.450500000000005,55.4922,68437,82976,Rhinolophus ferrumequinum,0.027,0.027,-1,Echolocation,/mnt/ubna_data_02_mir/recover-20221013/UBNA_001/20221012_030000.WAV,Telephone Field,recover-20221013,001,1795
55.4685,55.5102,68437,82570,Rhinolophus ferrumequinum,0.022,0.022,-1,Echolocation,/mnt/ubna_data_02_mir/recover-20221013/UBNA_001/20221012_030000.WAV,Telephone Field,recover-20221013,001,1795
55.4795,55.4922,32343,37884,Eptesicus serotinus,0.011,0.028,-1,Echolocation,/mnt/ubna_data_02_mir/recover-20221013/UBNA_001/20221012_030000.WAV,Telephone Field,recover-20221013,001,1795
55.5045,55.5124,25468,34233,Eptesicus serotinus,0.007,0.023,-1,Echolocation,/mnt/ubna_data_02_mir/recover-20221013/UBNA_001/20221012_030000.WAV,Telephone Field,recover-20221013,001,1795
55.5105,55.5505,68437,81653,Rhinolophus ferrumequinum,0.022,0.022,-1,Echolocation,/mnt/ubna_data_02_mir/recover-20221013/UBNA_001/20221012_030000.WAV,Telephone Field,recover-20221013,001,1795
55.533500000000004,55.569900000000004,68437,81526,Rhinolophus ferrumequinum,0.021,0.021,-1,Echolocation,/mnt/ubna_data_02_mir/recover-20221013/UBNA_001/20221012_030000.WAV,Telephone Field,recover-20221013,001,1795
55.5835,55.6229,68437,81799,Rhinolophus ferrumequinum,0.022,0.022,-1,Echolocation,/mnt/ubna_data_02_mir/recover-20221013/UBNA_001/20221012_030000.WAV,Telephone Field,recover-20221013,001,1795
55.6225,55.6559,68437,80241,Rhinolophus ferrumequinum,0.021,0.022,-1,Echolocation,/mnt/ubna_data_02_mir/recover-20221013/UBNA_001/20221012_030000.WAV,Telephone Field,recover-20221013,001,1795
55.6425,55.6764,68437,80982,Rhinolophus ferrumequinum,0.021,0.021,-1,Echolocation,/mnt/ubna_data_02_mir/recover-20221013/UBNA_001/20221012_030000.WAV,Telephone Field,recover-20221013,001,1795
55.6545,55.665,22890,29295,Nyctalus leisleri,0.011,0.029,-1,Echolocation,/mnt/ubna_data_02_mir/recover-20221013/UBNA_001/20221012_030000.WAV,Telephone Field,recover-20221013,001,1795
55.6625,55.7051,68437,82802,Rhinolophus ferrumequinum,0.026,0.026,-1,Echolocation,/mnt/ubna_data_02_mir/recover-20221013/UBNA_001/20221012_030000.WAV,Telephone Field,recover-20221013,001,1795
55.7315,55.7684,68437,81380,Rhinolophus ferrumequinum,0.023,0.023,-1,Echolocation,/mnt/ubna_data_02_mir/recover-20221013/UBNA_001/20221012_030000.WAV,Telephone Field,recover-20221013,001,1795
55.813500000000005,55.827799999999996,22031,25826,Nyctalus leisleri,0.012,0.021,-1,Echolocation,/mnt/ubna_data_02_mir/recover-20221013/UBNA_001/20221012_030000.WAV,Telephone Field,recover-20221013,001,1795
55.825500000000005,55.8675,68437,82748,Rhinolophus ferrumequinum,0.022,0.022,-1,Echolocation,/mnt/ubna_data_02_mir/recover-20221013/UBNA_001/20221012_030000.WAV,Telephone Field,recover-20221013,001,1795
55.8615,55.8714,22031,27929,Nyctalus leisleri,0.008,0.021,-1,Echolocation,/mnt/ubna_data_02_mir/recover-20221013/UBNA_001/20221012_030000.WAV,Telephone Field,recover-20221013,001,1795
55.9005,55.9399,68437,82440,Rhinolophus ferrumequinum,0.021,0.022,-1,Echolocation,/mnt/ubna_data_02_mir/recover-20221013/UBNA_001/20221012_030000.WAV,Telephone Field,recover-20221013,001,1795
56.0015,56.0096,26328,36994,Eptesicus serotinus,0.007,0.03,-1,Echolocation,/mnt/ubna_data_02_mir/recover-20221013/UBNA_001/20221012_030000.WAV,Telephone Field,recover-20221013,001,1795
56.0015,56.0102,46093,52565,Pipistrellus pipistrellus,0.021,0.028,-1,Echolocation,/mnt/ubna_data_02_mir/recover-20221013/UBNA_001/20221012_030000.WAV,Telephone Field,recover-20221013,001,1795
56.0015,56.0333,68437,79677,Rhinolophus ferrumequinum,0.025,0.026,-1,Echolocation,/mnt/ubna_data_02_mir/recover-20221013/UBNA_001/20221012_030000.WAV,Telephone Field,recover-20221013,001,1795
56.0105,56.0185,24609,33143,Plecotus austriacus,0.007,0.024,-1,Echolocation,/mnt/ubna_data_02_mir/recover-20221013/UBNA_001/20221012_030000.WAV,Telephone Field,recover-20221013,001,1795
56.0125,56.022400000000005,40937,46900,Pipistrellus nathusii,0.011,0.024,-1,Echolocation,/mnt/ubna_data_02_mir/recover-20221013/UBNA_001/20221012_030000.WAV,Telephone Field,recover-20221013,001,1795
56.0305,56.0376,27187,36348,Eptesicus serotinus,0.008,0.024,-1,Echolocation,/mnt/ubna_data_02_mir/recover-20221013/UBNA_001/20221012_030000.WAV,Telephone Field,recover-20221013,001,1795
56.0625,56.1037,68437,82200,Rhinolophus ferrumequinum,0.02,0.021,-1,Echolocation,/mnt/ubna_data_02_mir/recover-20221013/UBNA_001/20221012_030000.WAV,Telephone Field,recover-20221013,001,1795
56.0685,56.1061,68437,82140,Rhinolophus ferrumequinum,0.021,0.021,-1,Echolocation,/mnt/ubna_data_02_mir/recover-20221013/UBNA_001/20221012_030000.WAV,Telephone Field,recover-20221013,001,1795
56.091499999999996,56.0991,28046,38314,Eptesicus serotinus,0.008,0.022,-1,Echolocation,/mnt/ubna_data_02_mir/recover-20221013/UBNA_001/20221012_030000.WAV,Telephone Field,recover-20221013,001,1795
56.1415,56.1781,68437,81813,Rhinolophus ferrumequinum,0.021,0.021,-1,Echolocation,/mnt/ubna_data_02_mir/recover-20221013/UBNA_001/20221012_030000.WAV,Telephone Field,recover-20221013,001,1795
56.1635,56.172200000000004,28906,38246,Eptesicus serotinus,0.009,0.024,-1,Echolocation,/mnt/ubna_data_02_mir/recover-20221013/UBNA_001/20221012_030000.WAV,Telephone Field,recover-20221013,001,1795
56.191500000000005,56.227000000000004,68437,81510,Rhinolophus ferrumequinum,0.022,0.022,-1,Echolocation,/mnt/ubna_data_02_mir/recover-20221013/UBNA_001/20221012_030000.WAV,Telephone Field,recover-20221013,001,1795
56.2275,56.2363,25468,33723,Eptesicus serotinus,0.01,0.023,-1,Echolocation,/mnt/ubna_data_02_mir/recover-20221013/UBNA_001/20221012_030000.WAV,Telephone Field,recover-20221013,001,1795
56.2445,56.2525,27187,37868,Eptesicus serotinus,0.007,0.021,-1,Echolocation,/mnt/ubna_data_02_mir/recover-20221013/UBNA_001/20221012_030000.WAV,Telephone Field,recover-20221013,001,1795
56.2645,56.2719,28046,40358,Eptesicus serotinus,0.007,0.024,-1,Echolocation,/mnt/ubna_data_02_mir/recover-20221013/UBNA_001/20221012_030000.WAV,Telephone Field,recover-20221013,001,1795
56.2655,56.303,68437,81564,Rhinolophus ferrumequinum,0.022,0.022,-1,Echolocation,/mnt/ubna_data_02_mir/recover-20221013/UBNA_001/20221012_030000.WAV,Telephone Field,recover-20221013,001,1795
56.292500000000004,56.3012,31484,40803,Myotis daubentonii,0.007,0.021,-1,Echolocation,/mnt/ubna_data_02_mir/recover-20221013/UBNA_001/20221012_030000.WAV,Telephone Field,recover-20221013,001,1795
56.302499999999995,56.3097,28046,39454,Eptesicus serotinus,0.006,0.022,-1,Echolocation,/mnt/ubna_data_02_mir/recover-20221013/UBNA_001/20221012_030000.WAV,Telephone Field,recover-20221013,001,1795
56.3515,56.3583,28046,37313,Eptesicus serotinus,0.006,0.022,-1,Echolocation,/mnt/ubna_data_02_mir/recover-20221013/UBNA_001/20221012_030000.WAV,Telephone Field,recover-20221013,001,1795
56.3625,56.3699,28906,39253,Eptesicus serotinus,0.007,0.026,-1,Echolocation,/mnt/ubna_data_02_mir/recover-20221013/UBNA_001/20221012_030000.WAV,Telephone Field,recover-20221013,001,1795
56.3955,56.4353,68437,82655,Rhinolophus ferrumequinum,0.023,0.023,-1,Echolocation,/mnt/ubna_data_02_mir/recover-20221013/UBNA_001/20221012_030000.WAV,Telephone Field,recover-20221013,001,1795
56.442499999999995,56.452600000000004,22890,29435,Nyctalus leisleri,0.007,0.022,-1,Echolocation,/mnt/ubna_data_02_mir/recover-20221013/UBNA_001/20221012_030000.WAV,Telephone Field,recover-20221013,001,1795
56.5035,56.5119,24609,32985,Plecotus austriacus,0.006,0.023,-1,Echolocation,/mnt/ubna_data_02_mir/recover-20221013/UBNA_001/20221012_030000.WAV,Telephone Field,recover-20221013,001,1795
56.5475,56.5561,57265,61695,Pipistrellus pygmaeus,0.025,0.025,-1,Echolocation,/mnt/ubna_data_02_mir/recover-20221013/UBNA_001/20221012_030000.WAV,Telephone Field,recover-20221013,001,1795
56.551500000000004,56.5619,27187,34826,Eptesicus serotinus,0.019,0.035,-1,Echolocation,/mnt/ubna_data_02_mir/recover-20221013/UBNA_001/20221012_030000.WAV,Telephone Field,recover-20221013,001,1795
56.5785,56.613,68437,80298,Rhinolophus ferrumequinum,0.022,0.022,-1,Echolocation,/mnt/ubna_data_02_mir/recover-20221013/UBNA_001/20221012_030000.WAV,Telephone Field,recover-20221013,001,1795
56.585499999999996,56.620000000000005,68437,81660,Rhinolophus ferrumequinum,0.025,0.025,-1,Echolocation,/mnt/ubna_data_02_mir/recover-20221013/UBNA_001/20221012_030000.WAV,Telephone Field,recover-20221013,001,1795
56.6075,56.6135,28046,42484,Eptesicus serotinus,0.005,0.025,-1,Echolocation,/mnt/ubna_data_02_mir/recover-20221013/UBNA_001/20221012_030000.WAV,Telephone Field,recover-20221013,001,1795
56.6225,56.6635,68437,83113,Rhinolophus ferrumequinum,0.023,0.023,-1,Echolocation,/mnt/ubna_data_02_mir/recover-20221013/UBNA_001/20221012_030000.WAV,Telephone Field,recover-20221013,001,1795
56.6445,56.6843,68437,82907,Rhinolophus ferrumequinum,0.021,0.021,-1,Echolocation,/mnt/ubna_data_02_mir/recover-20221013/UBNA_001/20221012_030000.WAV,Telephone Field,recover-20221013,001,1795
56.682500000000005,56.6931,28906,36974,Eptesicus serotinus,0.011,0.024,-1,Echolocation,/mnt/ubna_data_02_mir/recover-20221013/UBNA_001/20221012_030000.WAV,Telephone Field,recover-20221013,001,1795
56.692499999999995,56.733599999999996,68437,82525,Rhinolophus ferrumequinum,0.023,0.023,-1,Echolocation,/mnt/ubna_data_02_mir/recover-20221013/UBNA_001/20221012_030000.WAV,Telephone Field,recover-20221013,001,1795
56.7175,56.7536,68437,81999,Rhinolophus ferrumequinum,0.024,0.024,-1,Echolocation,/mnt/ubna_data_02_mir/recover-20221013/UBNA_001/20221012_030000.WAV,Telephone Field,recover-20221013,001,1795
56.7585,56.799499999999995,68437,83270,Rhinolophus ferrumequinum,0.025,0.025,-1,Echolocation,/mnt/ubna_data_02_mir/recover-20221013/UBNA_001/20221012_030000.WAV,Telephone Field,recover-20221013,001,1795
56.7805,56.789,28906,38274,Eptesicus serotinus,0.01,0.027,-1,Echolocation,/mnt/ubna_data_02_mir/recover-20221013/UBNA_001/20221012_030000.WAV,Telephone Field,recover-20221013,001,1795
56.802499999999995,56.838300000000004,68437,81509,Rhinolophus ferrumequinum,0.021,0.021,-1,Echolocation,/mnt/ubna_data_02_mir/recover-20221013/UBNA_001/20221012_030000.WAV,Telephone Field,recover-20221013,001,1795
56.817499999999995,56.851600000000005,68437,80516,Rhinolophus ferrumequinum,0.021,0.021,-1,Echolocation,/mnt/ubna_data_02_mir/recover-20221013/UBNA_001/20221012_030000.WAV,Telephone Field,recover-20221013,001,1795
56.8435,56.8832,68437,82959,Rhinolophus ferrumequinum,0.023,0.023,-1,Echolocation,/mnt/ubna_data_02_mir/recover-20221013/UBNA_001/20221012_030000.WAV,Telephone Field,recover-20221013,001,1795
56.8555,56.8618,27187,39449,Eptesicus serotinus,0.007,0.024,-1,Echolocation,/mnt/ubna_data_02_mir/recover-20221013/UBNA_001/20221012_030000.WAV,Telephone Field,recover-20221013,001,1795
56.8785,56.919,68437,82940,Rhinolophus ferrumequinum,0.022,0.022,-1,Echolocation,/mnt/ubna_data_02_mir/recover-20221013/UBNA_001/20221012_030000.WAV,Telephone Field,recover-20221013,001,1795
56.8815,56.8895,27187,37215,Eptesicus serotinus,0.021,0.041,-1,Echolocation,/mnt/ubna_data_02_mir/recover-20221013/UBNA_001/20221012_030000.WAV,Telephone Field,recover-20221013,001,1795
56.8925,56.9033,23750,30277,Nyctalus leisleri,0.008,0.023,-1,Echolocation,/mnt/ubna_data_02_mir/recover-20221013/UBNA_001/20221012_030000.WAV,Telephone Field,recover-20221013,001,1795
56.9895,57.0257,68437,81418,Rhinolophus ferrumequinum,0.023,0.023,-1,Echolocation,/mnt/ubna_data_02_mir/recover-20221013/UBNA_001/20221012_030000.WAV,Telephone Field,recover-20221013,001,1795
56.9995,57.0387,68437,82418,Rhinolophus ferrumequinum,0.023,0.023,-1,Echolocation,/mnt/ubna_data_02_mir/recover-20221013/UBNA_001/20221012_030000.WAV,Telephone Field,recover-20221013,001,1795
57.0055,57.0132,26328,38076,Eptesicus serotinus,0.007,0.022,-1,Echolocation,/mnt/ubna_data_02_mir/recover-20221013/UBNA_001/20221012_030000.WAV,Telephone Field,recover-20221013,001,1795
57.0155,57.0242,25468,33482,Eptesicus serotinus,0.009,0.024,-1,Echolocation,/mnt/ubna_data_02_mir/recover-20221013/UBNA_001/20221012_030000.WAV,Telephone Field,recover-20221013,001,1795
57.0375,57.0514,22890,27910,Nyctalus leisleri,0.013,0.026,-1,Echolocation,/mnt/ubna_data_02_mir/recover-20221013/UBNA_001/20221012_030000.WAV,Telephone Field,recover-20221013,001,1795
57.049499999999995,57.0606,40937,44373,Pipistrellus nathusii,0.012,0.027,-1,Echolocation,/mnt/ubna_data_02_mir/recover-20221013/UBNA_001/20221012_030000.WAV,Telephone Field,recover-20221013,001,1795
57.0815,57.091899999999995,22031,27094,Nyctalus leisleri,0.01,0.023,-1,Echolocation,/mnt/ubna_data_02_mir/recover-20221013/UBNA_001/20221012_030000.WAV,Telephone Field,recover-20221013,001,1795
57.1185,57.161,68437,83114,Rhinolophus ferrumequinum,0.027,0.027,-1,Echolocation,/mnt/ubna_data_02_mir/recover-20221013/UBNA_001/20221012_030000.WAV,Telephone Field,recover-20221013,001,1795
57.1325,57.1439,22890,28406,Nyctalus leisleri,0.011,0.025,-1,Echolocation,/mnt/ubna_data_02_mir/recover-20221013/UBNA_001/20221012_030000.WAV,Telephone Field,recover-20221013,001,1795
57.1725,57.2107,68437,81691,Rhinolophus ferrumequinum,0.02,0.021,-1,Echolocation,/mnt/ubna_data_02_mir/recover-20221013/UBNA_001/20221012_030000.WAV,Telephone Field,recover-20221013,001,1795
57.1725,57.1822,22031,27708,Nyctalus leisleri,0.007,0.021,-1,Echolocation,/mnt/ubna_data_02_mir/recover-20221013/UBNA_001/20221012_030000.WAV,Telephone Field,recover-20221013,001,1795
57.200500000000005,57.240899999999996,68437,82174,Rhinolophus ferrumequinum,0.031,0.032,-1,Echolocation,/mnt/ubna_data_02_mir/recover-20221013/UBNA_001/20221012_030000.WAV,Telephone Field,recover-20221013,001,1795
57.201499999999996,57.2081,26328,39965,Eptesicus serotinus,0.005,0.025,-1,Echolocation,/mnt/ubna_data_02_mir/recover-20221013/UBNA_001/20221012_030000.WAV,Telephone Field,recover-20221013,001,1795
57.216499999999996,57.254000000000005,68437,82159,Rhinolophus ferrumequinum,0.022,0.022,-1,Echolocation,/mnt/ubna_data_02_mir/recover-20221013/UBNA_001/20221012_030000.WAV,Telephone Field,recover-20221013,001,1795
57.2235,57.2636,68437,82041,Rhinolophus ferrumequinum,0.021,0.021,-1,Echolocation,/mnt/ubna_data_02_mir/recover-20221013/UBNA_001/20221012_030000.WAV,Telephone Field,recover-20221013,001,1795
57.2425,57.2803,68437,82285,Rhinolophus ferrumequinum,0.028,0.028,-1,Echolocation,/mnt/ubna_data_02_mir/recover-20221013/UBNA_001/20221012_030000.WAV,Telephone Field,recover-20221013,001,1795
57.2625,57.2726,46953,50928,Pipistrellus pipistrellus,0.026,0.029,-1,Echolocation,/mnt/ubna_data_02_mir/recover-20221013/UBNA_001/20221012_030000.WAV,Telephone Field,recover-20221013,001,1795
57.2765,57.316199999999995,68437,82469,Rhinolophus ferrumequinum,0.022,0.022,-1,Echolocation,/mnt/ubna_data_02_mir/recover-20221013/UBNA_001/20221012_030000.WAV,Telephone Field,recover-20221013,001,1795
57.310500000000005,57.3495,68437,82519,Rhinolophus ferrumequinum,0.023,0.023,-1,Echolocation,/mnt/ubna_data_02_mir/recover-20221013/UBNA_001/20221012_030000.WAV,Telephone Field,recover-20221013,001,1795
57.335499999999996,57.3768,68437,82366,Rhinolophus ferrumequinum,0.021,0.021,-1,Echolocation,/mnt/ubna_data_02_mir/recover-20221013/UBNA_001/20221012_030000.WAV,Telephone Field,recover-20221013,001,1795
57.3465,57.3848,68437,82549,Rhinolophus ferrumequinum,0.021,0.021,-1,Echolocation,/mnt/ubna_data_02_mir/recover-20221013/UBNA_001/20221012_030000.WAV,Telephone Field,recover-20221013,001,1795
57.3975,57.4341,68437,82317,Rhinolophus ferrumequinum,0.021,0.021,-1,Echolocation,/mnt/ubna_data_02_mir/recover-20221013/UBNA_001/20221012_030000.WAV,Telephone Field,recover-20221013,001,1795
57.442499999999995,57.481,68437,82314,Rhinolophus ferrumequinum,0.021,0.021,-1,Echolocation,/mnt/ubna_data_02_mir/recover-20221013/UBNA_001/20221012_030000.WAV,Telephone Field,recover-20221013,001,1795
57.445499999999996,57.4559,22890,28010,Nyctalus leisleri,0.01,0.022,-1,Echolocation,/mnt/ubna_data_02_mir/recover-20221013/UBNA_001/20221012_030000.WAV,Telephone Field,recover-20221013,001,1795
57.4895,57.5308,68437,82584,Rhinolophus ferrumequinum,0.024,0.024,-1,Echolocation,/mnt/ubna_data_02_mir/recover-20221013/UBNA_001/20221012_030000.WAV,Telephone Field,recover-20221013,001,1795
57.4965,57.5062,28046,37509,Eptesicus serotinus,0.008,0.022,-1,Echolocation,/mnt/ubna_data_02_mir/recover-20221013/UBNA_001/20221012_030000.WAV,Telephone Field,recover-20221013,001,1795
57.5215,57.56,68437,82262,Rhinolophus ferrumequinum,0.021,0.021,-1,Echolocation,/mnt/ubna_data_02_mir/recover-20221013/UBNA_001/20221012_030000.WAV,Telephone Field,recover-20221013,001,1795
57.5265,57.564099999999996,68437,82212,Rhinolophus ferrumequinum,0.021,0.021,-1,Echolocation,/mnt/ubna_data_02_mir/recover-20221013/UBNA_001/20221012_030000.WAV,Telephone Field,recover-20221013,001,1795
57.5405,57.5773,68437,81220,Rhinolophus ferrumequinum,0.021,0.021,-1,Echolocation,/mnt/ubna_data_02_mir/recover-20221013/UBNA_001/20221012_030000.WAV,Telephone Field,recover-20221013,001,1795
57.5865,57.596599999999995,28906,41217,Eptesicus serotinus,0.009,0.021,-1,Echolocation,/mnt/ubna_data_02_mir/recover-20221013/UBNA_001/20221012_030000.WAV,Telephone Field,recover-20221013,001,1795
57.6455,57.6542,23750,31140,Plecotus austriacus,0.006,0.021,-1,Echolocation,/mnt/ubna_data_02_mir/recover-20221013/UBNA_001/20221012_030000.WAV,Telephone Field,recover-20221013,001,1795
57.664500000000004,57.6714,27187,36921,Eptesicus serotinus,0.007,0.021,-1,Echolocation,/mnt/ubna_data_02_mir/recover-20221013/UBNA_001/20221012_030000.WAV,Telephone Field,recover-20221013,001,1795
57.676500000000004,57.7177,68437,82602,Rhinolophus ferrumequinum,0.031,0.031,-1,Echolocation,/mnt/ubna_data_02_mir/recover-20221013/UBNA_001/20221012_030000.WAV,Telephone Field,recover-20221013,001,1795
57.685500000000005,57.693200000000004,28046,38832,Eptesicus serotinus,0.007,0.022,-1,Echolocation,/mnt/ubna_data_02_mir/recover-20221013/UBNA_001/20221012_030000.WAV,Telephone Field,recover-20221013,001,1795
57.688500000000005,57.7286,68437,82490,Rhinolophus ferrumequinum,0.024,0.024,-1,Echolocation,/mnt/ubna_data_02_mir/recover-20221013/UBNA_001/20221012_030000.WAV,Telephone Field,recover-20221013,001,1795
57.7195,57.7271,26328,38964,Eptesicus serotinus,0.006,0.021,-1,Echolocation,/mnt/ubna_data_02_mir/recover-20221013/UBNA_001/20221012_030000.WAV,Telephone Field,recover-20221013,001,1795
57.7355,57.7422,27187,40816,Eptesicus serotinus,0.006,0.024,-1,Echolocation,/mnt/ubna_data_02_mir/recover-20221013/UBNA_001/20221012_030000.WAV,Telephone Field,recover-20221013,001,1795
57.7675,57.777100000000004,25468,33306,Nyctalus leisleri,0.011,0.035,-1,Echolocation,/mnt/ubna_data_02_mir/recover-20221013/UBNA_001/20221012_030000.WAV,Telephone Field,recover-20221013,001,1795
57.7775,57.8124,68437,81086,Rhinolophus ferrumequinum,0.024,0.024,-1,Echolocation,/mnt/ubna_data_02_mir/recover-20221013/UBNA_001/20221012_030000.WAV,Telephone Field,recover-20221013,001,1795
57.786500000000004,57.8244,68437,82537,Rhinolophus ferrumequinum,0.022,0.022,-1,Echolocation,/mnt/ubna_data_02_mir/recover-20221013/UBNA_001/20221012_030000.WAV,Telephone Field,recover-20221013,001,1795
57.786500000000004,57.7928,23750,39815,Myotis nattereri,0.008,0.025,-1,Echolocation,/mnt/ubna_data_02_mir/recover-20221013/UBNA_001/20221012_030000.WAV,Telephone Field,recover-20221013,001,1795
57.802499999999995,57.8425,68437,82325,Rhinolophus ferrumequinum,0.022,0.022,-1,Echolocation,/mnt/ubna_data_02_mir/recover-20221013/UBNA_001/20221012_030000.WAV,Telephone Field,recover-20221013,001,1795
57.8285,57.835499999999996,23750,33270,Plecotus austriacus,0.011,0.025,-1,Echolocation,/mnt/ubna_data_02_mir/recover-20221013/UBNA_001/20221012_030000.WAV,Telephone Field,recover-20221013,001,1795
57.9765,57.9863,22890,28946,Nyctalus leisleri,0.009,0.024,-1,Echolocation,/mnt/ubna_data_02_mir/recover-20221013/UBNA_001/20221012_030000.WAV,Telephone Field,recover-20221013,001,1795
58.0015,58.013000000000005,24609,31131,Nyctalus leisleri,0.021,0.047,-1,Echolocation,/mnt/ubna_data_02_mir/recover-20221013/UBNA_001/20221012_030000.WAV,Telephone Field,recover-20221013,001,1795
58.0015,58.0119,48671,53826,Pipistrellus pipistrellus,0.026,0.031,-1,Echolocation,/mnt/ubna_data_02_mir/recover-20221013/UBNA_001/20221012_030000.WAV,Telephone Field,recover-20221013,001,1795
58.0015,58.0343,69296,81363,Rhinolophus ferrumequinum,0.031,0.031,-1,Echolocation,/mnt/ubna_data_02_mir/recover-20221013/UBNA_001/20221012_030000.WAV,Telephone Field,recover-20221013,001,1795
58.0565,58.0961,68437,81500,Rhinolophus ferrumequinum,0.023,0.023,-1,Echolocation,/mnt/ubna_data_02_mir/recover-20221013/UBNA_001/20221012_030000.WAV,Telephone Field,recover-20221013,001,1795
58.0745,58.1112,68437,81722,Rhinolophus ferrumequinum,0.022,0.022,-1,Echolocation,/mnt/ubna_data_02_mir/recover-20221013/UBNA_001/20221012_030000.WAV,Telephone Field,recover-20221013,001,1795
58.1485,58.1577,28906,37220,Eptesicus serotinus,0.011,0.024,-1,Echolocation,/mnt/ubna_data_02_mir/recover-20221013/UBNA_001/20221012_030000.WAV,Telephone Field,recover-20221013,001,1795
58.1495,58.159099999999995,21171,26690,Plecotus austriacus,0.009,0.022,-1,Echolocation,/mnt/ubna_data_02_mir/recover-20221013/UBNA_001/20221012_030000.WAV,Telephone Field,recover-20221013,001,1795
58.1935,58.2367,68437,83161,Rhinolophus ferrumequinum,0.047,0.047,-1,Echolocation,/mnt/ubna_data_02_mir/recover-20221013/UBNA_001/20221012_030000.WAV,Telephone Field,recover-20221013,001,1795
58.2365,58.2759,68437,81983,Rhinolophus ferrumequinum,0.023,0.023,-1,Echolocation,/mnt/ubna_data_02_mir/recover-20221013/UBNA_001/20221012_030000.WAV,Telephone Field,recover-20221013,001,1795
58.2405,58.247,14296,31259,Plecotus auritus,0.046,0.074,-1,Echolocation,/mnt/ubna_data_02_mir/recover-20221013/UBNA_001/20221012_030000.WAV,Telephone Field,recover-20221013,001,1795
58.2715,58.281400000000005,21171,27492,Plecotus austriacus,0.011,0.031,-1,Echolocation,/mnt/ubna_data_02_mir/recover-20221013/UBNA_001/20221012_030000.WAV,Telephone Field,recover-20221013,001,1795
58.292500000000004,58.332499999999996,68437,82566,Rhinolophus ferrumequinum,0.025,0.025,-1,Echolocation,/mnt/ubna_data_02_mir/recover-20221013/UBNA_001/20221012_030000.WAV,Telephone Field,recover-20221013,001,1795
58.298500000000004,58.3086,22031,27188,Nyctalus leisleri,0.009,0.022,-1,Echolocation,/mnt/ubna_data_02_mir/recover-20221013/UBNA_001/20221012_030000.WAV,Telephone Field,recover-20221013,001,1795
58.299499999999995,58.3387,68437,82796,Rhinolophus ferrumequinum,0.024,0.024,-1,Echolocation,/mnt/ubna_data_02_mir/recover-20221013/UBNA_001/20221012_030000.WAV,Telephone Field,recover-20221013,001,1795
58.3495,58.3583,28046,39365,Eptesicus serotinus,0.009,0.025,-1,Echolocation,/mnt/ubna_data_02_mir/recover-20221013/UBNA_001/20221012_030000.WAV,Telephone Field,recover-20221013,001,1795
58.3705,58.4131,68437,82762,Rhinolophus ferrumequinum,0.032,0.032,-1,Echolocation,/mnt/ubna_data_02_mir/recover-20221013/UBNA_001/20221012_030000.WAV,Telephone Field,recover-20221013,001,1795
58.3885,58.426,68437,81907,Rhinolophus ferrumequinum,0.022,0.022,-1,Echolocation,/mnt/ubna_data_02_mir/recover-20221013/UBNA_001/20221012_030000.WAV,Telephone Field,recover-20221013,001,1795
58.4055,58.4443,68437,82368,Rhinolophus ferrumequinum,0.025,0.025,-1,Echolocation,/mnt/ubna_data_02_mir/recover-20221013/UBNA_001/20221012_030000.WAV,Telephone Field,recover-20221013,001,1795
58.411500000000004,58.4266,52968,56679,Pipistrellus pygmaeus,0.028,0.033,-1,Echolocation,/mnt/ubna_data_02_mir/recover-20221013/UBNA_001/20221012_030000.WAV,Telephone Field,recover-20221013,001,1795
58.435500000000005,58.471599999999995,68437,81367,Rhinolophus ferrumequinum,0.026,0.026,-1,Echolocation,/mnt/ubna_data_02_mir/recover-20221013/UBNA_001/20221012_030000.WAV,Telephone Field,recover-20221013,001,1795
58.4885,58.5287,68437,83124,Rhinolophus ferrumequinum,0.029,0.029,-1,Echolocation,/mnt/ubna_data_02_mir/recover-20221013/UBNA_001/20221012_030000.WAV,Telephone Field,recover-20221013,001,1795
58.5105,58.5161,34921,46197,Myotis daubentonii,0.01,0.023,-1,Echolocation,/mnt/ubna_data_02_mir/recover-20221013/UBNA_001/20221012_030000.WAV,Telephone Field,recover-20221013,001,1795
58.5195,58.5276,28906,39430,Eptesicus serotinus,0.008,0.022,-1,Echolocation,/mnt/ubna_data_02_mir/recover-20221013/UBNA_001/20221012_030000.WAV,Telephone Field,recover-20221013,001,1795
58.551500000000004,58.5928,68437,82872,Rhinolophus ferrumequinum,0.025,0.025,-1,Echolocation,/mnt/ubna_data_02_mir/recover-20221013/UBNA_001/20221012_030000.WAV,Telephone Field,recover-20221013,001,1795
58.6165,58.626599999999996,23750,29794,Nyctalus leisleri,0.011,0.027,-1,Echolocation,/mnt/ubna_data_02_mir/recover-20221013/UBNA_001/20221012_030000.WAV,Telephone Field,recover-20221013,001,1795
58.6485,58.6879,68437,82332,Rhinolophus ferrumequinum,0.026,0.026,-1,Echolocation,/mnt/ubna_data_02_mir/recover-20221013/UBNA_001/20221012_030000.WAV,Telephone Field,recover-20221013,001,1795
58.658500000000004,58.698499999999996,68437,81952,Rhinolophus ferrumequinum,0.026,0.026,-1,Echolocation,/mnt/ubna_data_02_mir/recover-20221013/UBNA_001/20221012_030000.WAV,Telephone Field,recover-20221013,001,1795
58.677499999999995,58.716499999999996,68437,82524,Rhinolophus ferrumequinum,0.026,0.026,-1,Echolocation,/mnt/ubna_data_02_mir/recover-20221013/UBNA_001/20221012_030000.WAV,Telephone Field,recover-20221013,001,1795
58.6905,58.699799999999996,35781,44104,Myotis daubentonii,0.008,0.026,-1,Echolocation,/mnt/ubna_data_02_mir/recover-20221013/UBNA_001/20221012_030000.WAV,Telephone Field,recover-20221013,001,1795
58.697500000000005,58.7065,28906,36725,Eptesicus serotinus,0.008,0.023,-1,Echolocation,/mnt/ubna_data_02_mir/recover-20221013/UBNA_001/20221012_030000.WAV,Telephone Field,recover-20221013,001,1795
58.7195,58.7309,34062,39672,Pipistrellus nathusii,0.009,0.023,-1,Echolocation,/mnt/ubna_data_02_mir/recover-20221013/UBNA_001/20221012_030000.WAV,Telephone Field,recover-20221013,001,1795
58.7205,58.7301,22890,28373,Nyctalus leisleri,0.009,0.022,-1,Echolocation,/mnt/ubna_data_02_mir/recover-20221013/UBNA_001/20221012_030000.WAV,Telephone Field,recover-20221013,001,1795
58.7385,58.7496,45234,48688,Pipistrellus pipistrellus,0.034,0.038,-1,Echolocation,/mnt/ubna_data_02_mir/recover-20221013/UBNA_001/20221012_030000.WAV,Telephone Field,recover-20221013,001,1795
58.7435,58.781800000000004,68437,82062,Rhinolophus ferrumequinum,0.023,0.023,-1,Echolocation,/mnt/ubna_data_02_mir/recover-20221013/UBNA_001/20221012_030000.WAV,Telephone Field,recover-20221013,001,1795
58.7585,58.7979,68437,83171,Rhinolophus ferrumequinum,0.024,0.024,-1,Echolocation,/mnt/ubna_data_02_mir/recover-20221013/UBNA_001/20221012_030000.WAV,Telephone Field,recover-20221013,001,1795
58.7725,58.780699999999996,28046,40396,Eptesicus serotinus,0.008,0.022,-1,Echolocation,/mnt/ubna_data_02_mir/recover-20221013/UBNA_001/20221012_030000.WAV,Telephone Field,recover-20221013,001,1795
58.783500000000004,58.7916,24609,33342,Plecotus austriacus,0.006,0.023,-1,Echolocation,/mnt/ubna_data_02_mir/recover-20221013/UBNA_001/20221012_030000.WAV,Telephone Field,recover-20221013,001,1795
58.7845,58.825500000000005,68437,83123,Rhinolophus ferrumequinum,0.024,0.024,-1,Echolocation,/mnt/ubna_data_02_mir/recover-20221013/UBNA_001/20221012_030000.WAV,Telephone Field,recover-20221013,001,1795
58.7915,58.8315,68437,82531,Rhinolophus ferrumequinum,0.022,0.022,-1,Echolocation,/mnt/ubna_data_02_mir/recover-20221013/UBNA_001/20221012_030000.WAV,Telephone Field,recover-20221013,001,1795
58.8455,58.8524,28046,41577,Eptesicus serotinus,0.007,0.025,-1,Echolocation,/mnt/ubna_data_02_mir/recover-20221013/UBNA_001/20221012_030000.WAV,Telephone Field,recover-20221013,001,1795
58.8795,58.8866,27187,38605,Eptesicus serotinus,0.01,0.031,-1,Echolocation,/mnt/ubna_data_02_mir/recover-20221013/UBNA_001/20221012_030000.WAV,Telephone Field,recover-20221013,001,1795
58.8815,58.9183,68437,82135,Rhinolophus ferrumequinum,0.022,0.022,-1,Echolocation,/mnt/ubna_data_02_mir/recover-20221013/UBNA_001/20221012_030000.WAV,Telephone Field,recover-20221013,001,1795
58.8935,58.931200000000004,68437,81883,Rhinolophus ferrumequinum,0.024,0.024,-1,Echolocation,/mnt/ubna_data_02_mir/recover-20221013/UBNA_001/20221012_030000.WAV,Telephone Field,recover-20221013,001,1795
58.914500000000004,58.954,68437,82353,Rhinolophus ferrumequinum,0.025,0.025,-1,Echolocation,/mnt/ubna_data_02_mir/recover-20221013/UBNA_001/20221012_030000.WAV,Telephone Field,recover-20221013,001,1795
58.936499999999995,58.9732,68437,82150,Rhinolophus ferrumequinum,0.024,0.024,-1,Echolocation,/mnt/ubna_data_02_mir/recover-20221013/UBNA_001/20221012_030000.WAV,Telephone Field,recover-20221013,001,1795
58.938500000000005,58.9504,36640,40938,Pipistrellus nathusii,0.02,0.036,-1,Echolocation,/mnt/ubna_data_02_mir/recover-20221013/UBNA_001/20221012_030000.WAV,Telephone Field,recover-20221013,001,1795
58.939499999999995,58.947500000000005,23750,32526,Plecotus austriacus,0.011,0.027,-1,Echolocation,/mnt/ubna_data_02_mir/recover-20221013/UBNA_001/20221012_030000.WAV,Telephone Field,recover-20221013,001,1795
58.939499999999995,58.946600000000004,28046,38213,Eptesicus serotinus,0.007,0.025,-1,Echolocation,/mnt/ubna_data_02_mir/recover-20221013/UBNA_001/20221012_030000.WAV,Telephone Field,recover-20221013,001,1795
58.9735,59.0115,68437,81745,Rhinolophus ferrumequinum,0.023,0.023,-1,Echolocation,/mnt/ubna_data_02_mir/recover-20221013/UBNA_001/20221012_030000.WAV,Telephone Field,recover-20221013,001,1795
59.0235,59.034099999999995,22031,26367,Nyctalus leisleri,0.012,0.022,-1,Echolocation,/mnt/ubna_data_02_mir/recover-20221013/UBNA_001/20221012_030000.WAV,Telephone Field,recover-20221013,001,1795
59.076499999999996,59.084599999999995,28046,37933,Eptesicus serotinus,0.007,0.022,-1,Echolocation,/mnt/ubna_data_02_mir/recover-20221013/UBNA_001/20221012_030000.WAV,Telephone Field,recover-20221013,001,1795
59.0925,59.130700000000004,68437,81695,Rhinolophus ferrumequinum,0.022,0.022,-1,Echolocation,/mnt/ubna_data_02_mir/recover-20221013/UBNA_001/20221012_030000.WAV,Telephone Field,recover-20221013,001,1795
59.1195,59.1592,68437,82595,Rhinolophus ferrumequinum,0.024,0.024,-1,Echolocation,/mnt/ubna_data_02_mir/recover-20221013/UBNA_001/20221012_030000.WAV,Telephone Field,recover-20221013,001,1795
59.1255,59.135400000000004,26328,35068,Eptesicus serotinus,0.009,0.023,-1,Echolocation,/mnt/ubna_data_02_mir/recover-20221013/UBNA_001/20221012_030000.WAV,Telephone Field,recover-20221013,001,1795
59.1305,59.1725,68437,83554,Rhinolophus ferrumequinum,0.028,0.028,-1,Echolocation,/mnt/ubna_data_02_mir/recover-20221013/UBNA_001/20221012_030000.WAV,Telephone Field,recover-20221013,001,1795
59.1485,59.1854,68437,81375,Rhinolophus ferrumequinum,0.021,0.021,-1,Echolocation,/mnt/ubna_data_02_mir/recover-20221013/UBNA_001/20221012_030000.WAV,Telephone Field,recover-20221013,001,1795
59.1715,59.1792,27187,39358,Eptesicus serotinus,0.007,0.024,-1,Echolocation,/mnt/ubna_data_02_mir/recover-20221013/UBNA_001/20221012_030000.WAV,Telephone Field,recover-20221013,001,1795
59.304500000000004,59.3475,68437,83345,Rhinolophus ferrumequinum,0.032,0.032,-1,Echolocation,/mnt/ubna_data_02_mir/recover-20221013/UBNA_001/20221012_030000.WAV,Telephone Field,recover-20221013,001,1795
59.3245,59.334900000000005,26328,33586,Eptesicus serotinus,0.01,0.022,-1,Echolocation,/mnt/ubna_data_02_mir/recover-20221013/UBNA_001/20221012_030000.WAV,Telephone Field,recover-20221013,001,1795
59.3935,59.4323,68437,82086,Rhinolophus ferrumequinum,0.022,0.022,-1,Echolocation,/mnt/ubna_data_02_mir/recover-20221013/UBNA_001/20221012_030000.WAV,Telephone Field,recover-20221013,001,1795
59.4225,59.4631,68437,82961,Rhinolophus ferrumequinum,0.029,0.029,-1,Echolocation,/mnt/ubna_data_02_mir/recover-20221013/UBNA_001/20221012_030000.WAV,Telephone Field,recover-20221013,001,1795
59.4345,59.445,22890,27757,Nyctalus leisleri,0.011,0.022,-1,Echolocation,/mnt/ubna_data_02_mir/recover-20221013/UBNA_001/20221012_030000.WAV,Telephone Field,recover-20221013,001,1795
59.441500000000005,59.4825,68437,83181,Rhinolophus ferrumequinum,0.027,0.027,-1,Echolocation,/mnt/ubna_data_02_mir/recover-20221013/UBNA_001/20221012_030000.WAV,Telephone Field,recover-20221013,001,1795
59.4675,59.4757,28046,42119,Eptesicus serotinus,0.008,0.024,-1,Echolocation,/mnt/ubna_data_02_mir/recover-20221013/UBNA_001/20221012_030000.WAV,Telephone Field,recover-20221013,001,1795
59.4695,59.507000000000005,68437,81980,Rhinolophus ferrumequinum,0.023,0.023,-1,Echolocation,/mnt/ubna_data_02_mir/recover-20221013/UBNA_001/20221012_030000.WAV,Telephone Field,recover-20221013,001,1795
59.4995,59.5433,68437,83338,Rhinolophus ferrumequinum,0.032,0.032,-1,Echolocation,/mnt/ubna_data_02_mir/recover-20221013/UBNA_001/20221012_030000.WAV,Telephone Field,recover-20221013,001,1795
59.5295,59.5405,22890,27685,Nyctalus leisleri,0.01,0.022,-1,Echolocation,/mnt/ubna_data_02_mir/recover-20221013/UBNA_001/20221012_030000.WAV,Telephone Field,recover-20221013,001,1795
59.5375,59.5556,19453,22810,Nyctalus leisleri,0.013,0.03,-1,Echolocation,/mnt/ubna_data_02_mir/recover-20221013/UBNA_001/20221012_030000.WAV,Telephone Field,recover-20221013,001,1795
59.5655,59.5767,25468,33414,Eptesicus serotinus,0.012,0.027,-1,Echolocation,/mnt/ubna_data_02_mir/recover-20221013/UBNA_001/20221012_030000.WAV,Telephone Field,recover-20221013,001,1795
59.6415,59.68,68437,82504,Rhinolophus ferrumequinum,0.022,0.022,-1,Echolocation,/mnt/ubna_data_02_mir/recover-20221013/UBNA_001/20221012_030000.WAV,Telephone Field,recover-20221013,001,1795
59.6665,59.6817,22031,25518,Nyctalus leisleri,0.014,0.024,-1,Echolocation,/mnt/ubna_data_02_mir/recover-20221013/UBNA_001/20221012_030000.WAV,Telephone Field,recover-20221013,001,1795
59.6755,59.6864,23750,29674,Nyctalus leisleri,0.012,0.026,-1,Echolocation,/mnt/ubna_data_02_mir/recover-20221013/UBNA_001/20221012_030000.WAV,Telephone Field,recover-20221013,001,1795
59.7145,59.7248,22031,26703,Nyctalus leisleri,0.012,0.026,-1,Echolocation,/mnt/ubna_data_02_mir/recover-20221013/UBNA_001/20221012_030000.WAV,Telephone Field,recover-20221013,001,1795
59.7155,59.7237,51250,57155,Pipistrellus pipistrellus,0.017,0.021,-1,Echolocation,/mnt/ubna_data_02_mir/recover-20221013/UBNA_001/20221012_030000.WAV,Telephone Field,recover-20221013,001,1795
59.7285,59.7695,68437,82554,Rhinolophus ferrumequinum,0.025,0.025,-1,Echolocation,/mnt/ubna_data_02_mir/recover-20221013/UBNA_001/20221012_030000.WAV,Telephone Field,recover-20221013,001,1795
59.7625,59.7702,28046,40315,Eptesicus serotinus,0.007,0.024,-1,Echolocation,/mnt/ubna_data_02_mir/recover-20221013/UBNA_001/20221012_030000.WAV,Telephone Field,recover-20221013,001,1795
59.7965,59.8328,68437,81668,Rhinolophus ferrumequinum,0.022,0.022,-1,Echolocation,/mnt/ubna_data_02_mir/recover-20221013/UBNA_001/20221012_030000.WAV,Telephone Field,recover-20221013,001,1795
59.798500000000004,59.809200000000004,26328,34771,Eptesicus serotinus,0.012,0.027,-1,Echolocation,/mnt/ubna_data_02_mir/recover-20221013/UBNA_001/20221012_030000.WAV,Telephone Field,recover-20221013,001,1795
59.826499999999996,59.8339,49531,59754,Pipistrellus pipistrellus,0.016,0.023,-1,Echolocation,/mnt/ubna_data_02_mir/recover-20221013/UBNA_001/20221012_030000.WAV,Telephone Field,recover-20221013,001,1795
59.8625,59.903400000000005,68437,82712,Rhinolophus ferrumequinum,0.022,0.022,-1,Echolocation,/mnt/ubna_data_02_mir/recover-20221013/UBNA_001/20221012_030000.WAV,Telephone Field,recover-20221013,001,1795
59.8725,59.8805,22890,30462,Plecotus austriacus,0.01,0.023,-1,Echolocation,/mnt/ubna_data_02_mir/recover-20221013/UBNA_001/20221012_030000.WAV,Telephone Field,recover-20221013,001,1795
59.8725,59.879400000000004,28906,39666,Eptesicus serotinus,0.006,0.022,-1,Echolocation,/mnt/ubna_data_02_mir/recover-20221013/UBNA_001/20221012_030000.WAV,Telephone Field,recover-20221013,001,1795
59.8845,59.8923,43515,48085,Pipistrellus pipistrellus,0.024,0.027,-1,Echolocation,/mnt/ubna_data_02_mir/recover-20221013/UBNA_001/20221012_030000.WAV,Telephone Field,recover-20221013,001,1795
59.8855,59.9217,68437,81783,Rhinolophus ferrumequinum,0.028,0.028,-1,Echolocation,/mnt/ubna_data_02_mir/recover-20221013/UBNA_001/20221012_030000.WAV,Telephone Field,recover-20221013,001,1795
59.8985,59.9082,28906,40888,Eptesicus serotinus,0.009,0.021,-1,Echolocation,/mnt/ubna_data_02_mir/recover-20221013/UBNA_001/20221012_030000.WAV,Telephone Field,recover-20221013,001,1795
59.9015,59.9423,68437,82408,Rhinolophus ferrumequinum,0.028,0.028,-1,Echolocation,/mnt/ubna_data_02_mir/recover-20221013/UBNA_001/20221012_030000.WAV,Telephone Field,recover-20221013,001,1795
59.923500000000004,59.9637,68437,82211,Rhinolophus ferrumequinum,0.038,0.038,-1,Echolocation,/mnt/ubna_data_02_mir/recover-20221013/UBNA_001/20221012_030000.WAV,Telephone Field,recover-20221013,001,1795
59.9655,59.9757,22890,28408,Nyctalus leisleri,0.01,0.023,-1,Echolocation,/mnt/ubna_data_02_mir/recover-20221013/UBNA_001/20221012_030000.WAV,Telephone Field,recover-20221013,001,1795
59.9735,59.983599999999996,43515,49402,Pipistrellus pipistrellus,0.028,0.031,-1,Echolocation,/mnt/ubna_data_02_mir/recover-20221013/UBNA_001/20221012_030000.WAV,Telephone Field,recover-20221013,001,1795
59.9845,59.999700000000004,21171,24544,Nyctalus leisleri,0.015,0.025,-1,Echolocation,/mnt/ubna_data_02_mir/recover-20221013/UBNA_001/20221012_030000.WAV,Telephone Field,recover-20221013,001,1795
60.0015,60.0316,69296,81006,Rhinolophus ferrumequinum,0.029,0.03,-1,Echolocation,/mnt/ubna_data_02_mir/recover-20221013/UBNA_001/20221012_030000.WAV,Telephone Field,recover-20221013,001,1795
60.0015,60.0098,25468,33992,Nyctalus leisleri,0.007,0.026,-1,Echolocation,/mnt/ubna_data_02_mir/recover-20221013/UBNA_001/20221012_030000.WAV,Telephone Field,recover-20221013,001,1795
60.0015,60.0112,48671,55563,Pipistrellus pipistrellus,0.014,0.021,-1,Echolocation,/mnt/ubna_data_02_mir/recover-20221013/UBNA_001/20221012_030000.WAV,Telephone Field,recover-20221013,001,1795
60.0175,60.0543,68437,81779,Rhinolophus ferrumequinum,0.021,0.021,-1,Echolocation,/mnt/ubna_data_02_mir/recover-20221013/UBNA_001/20221012_030000.WAV,Telephone Field,recover-20221013,001,1795
60.0525,60.0897,68437,82350,Rhinolophus ferrumequinum,0.025,0.025,-1,Echolocation,/mnt/ubna_data_02_mir/recover-20221013/UBNA_001/20221012_030000.WAV,Telephone Field,recover-20221013,001,1795
60.0845,60.1209,68437,82194,Rhinolophus ferrumequinum,0.022,0.022,-1,Echolocation,/mnt/ubna_data_02_mir/recover-20221013/UBNA_001/20221012_030000.WAV,Telephone Field,recover-20221013,001,1795
60.1035,60.1395,68437,81289,Rhinolophus ferrumequinum,0.024,0.024,-1,Echolocation,/mnt/ubna_data_02_mir/recover-20221013/UBNA_001/20221012_030000.WAV,Telephone Field,recover-20221013,001,1795
60.1255,60.1641,68437,82459,Rhinolophus ferrumequinum,0.021,0.021,-1,Echolocation,/mnt/ubna_data_02_mir/recover-20221013/UBNA_001/20221012_030000.WAV,Telephone Field,recover-20221013,001,1795
60.1375,60.1446,51250,57576,Pipistrellus pipistrellus,0.021,0.024,-1,Echolocation,/mnt/ubna_data_02_mir/recover-20221013/UBNA_001/20221012_030000.WAV,Telephone Field,recover-20221013,001,1795
60.1565,60.1941,68437,82109,Rhinolophus ferrumequinum,0.024,0.024,-1,Echolocation,/mnt/ubna_data_02_mir/recover-20221013/UBNA_001/20221012_030000.WAV,Telephone Field,recover-20221013,001,1795
60.1795,60.1885,28906,39110,Eptesicus serotinus,0.008,0.022,-1,Echolocation,/mnt/ubna_data_02_mir/recover-20221013/UBNA_001/20221012_030000.WAV,Telephone Field,recover-20221013,001,1795
60.1955,60.2363,68437,82402,Rhinolophus ferrumequinum,0.024,0.024,-1,Echolocation,/mnt/ubna_data_02_mir/recover-20221013/UBNA_001/20221012_030000.WAV,Telephone Field,recover-20221013,001,1795
60.2045,60.2449,68437,82245,Rhinolophus ferrumequinum,0.022,0.022,-1,Echolocation,/mnt/ubna_data_02_mir/recover-20221013/UBNA_001/20221012_030000.WAV,Telephone Field,recover-20221013,001,1795
60.2375,60.2452,46093,52771,Pipistrellus pipistrellus,0.017,0.027,-1,Echolocation,/mnt/ubna_data_02_mir/recover-20221013/UBNA_001/20221012_030000.WAV,Telephone Field,recover-20221013,001,1795
60.2395,60.2474,30625,48936,Myotis daubentonii,0.008,0.023,-1,Echolocation,/mnt/ubna_data_02_mir/recover-20221013/UBNA_001/20221012_030000.WAV,Telephone Field,recover-20221013,001,1795
60.2615,60.3041,68437,83304,Rhinolophus ferrumequinum,0.051,0.051,-1,Echolocation,/mnt/ubna_data_02_mir/recover-20221013/UBNA_001/20221012_030000.WAV,Telephone Field,recover-20221013,001,1795
60.3045,60.3404,68437,82562,Rhinolophus ferrumequinum,0.023,0.023,-1,Echolocation,/mnt/ubna_data_02_mir/recover-20221013/UBNA_001/20221012_030000.WAV,Telephone Field,recover-20221013,001,1795
60.3045,60.3162,28046,34041,Eptesicus serotinus,0.012,0.025,-1,Echolocation,/mnt/ubna_data_02_mir/recover-20221013/UBNA_001/20221012_030000.WAV,Telephone Field,recover-20221013,001,1795
60.3315,60.3707,68437,82784,Rhinolophus ferrumequinum,0.021,0.021,-1,Echolocation,/mnt/ubna_data_02_mir/recover-20221013/UBNA_001/20221012_030000.WAV,Telephone Field,recover-20221013,001,1795
60.3405,60.3491,25468,35040,Eptesicus serotinus,0.01,0.026,-1,Echolocation,/mnt/ubna_data_02_mir/recover-20221013/UBNA_001/20221012_030000.WAV,Telephone Field,recover-20221013,001,1795
60.3645,60.379,22890,27164,Nyctalus leisleri,0.021,0.038,-1,Echolocation,/mnt/ubna_data_02_mir/recover-20221013/UBNA_001/20221012_030000.WAV,Telephone Field,recover-20221013,001,1795
60.3895,60.4316,68437,82830,Rhinolophus ferrumequinum,0.023,0.023,-1,Echolocation,/mnt/ubna_data_02_mir/recover-20221013/UBNA_001/20221012_030000.WAV,Telephone Field,recover-20221013,001,1795
60.4015,60.4122,28046,35628,Eptesicus serotinus,0.015,0.028,-1,Echolocation,/mnt/ubna_data_02_mir/recover-20221013/UBNA_001/20221012_030000.WAV,Telephone Field,recover-20221013,001,1795
60.4455,60.4857,68437,82141,Rhinolophus ferrumequinum,0.03,0.03,-1,Echolocation,/mnt/ubna_data_02_mir/recover-20221013/UBNA_001/20221012_030000.WAV,Telephone Field,recover-20221013,001,1795
60.4955,60.5319,68437,81946,Rhinolophus ferrumequinum,0.022,0.022,-1,Echolocation,/mnt/ubna_data_02_mir/recover-20221013/UBNA_001/20221012_030000.WAV,Telephone Field,recover-20221013,001,1795
60.5125,60.5175,38359,56187,Myotis mystacinus,0.007,0.022,-1,Echolocation,/mnt/ubna_data_02_mir/recover-20221013/UBNA_001/20221012_030000.WAV,Telephone Field,recover-20221013,001,1795
60.5145,60.5218,26328,43508,Eptesicus serotinus,0.006,0.025,-1,Echolocation,/mnt/ubna_data_02_mir/recover-20221013/UBNA_001/20221012_030000.WAV,Telephone Field,recover-20221013,001,1795
60.5365,60.575,68437,82306,Rhinolophus ferrumequinum,0.025,0.025,-1,Echolocation,/mnt/ubna_data_02_mir/recover-20221013/UBNA_001/20221012_030000.WAV,Telephone Field,recover-20221013,001,1795
60.5385,60.5485,27187,36087,Eptesicus serotinus,0.011,0.023,-1,Echolocation,/mnt/ubna_data_02_mir/recover-20221013/UBNA_001/20221012_030000.WAV,Telephone Field,recover-20221013,001,1795
60.5505,60.5892,68437,82139,Rhinolophus ferrumequinum,0.021,0.021,-1,Echolocation,/mnt/ubna_data_02_mir/recover-20221013/UBNA_001/20221012_030000.WAV,Telephone Field,recover-20221013,001,1795
60.5605,60.6011,68437,82804,Rhinolophus ferrumequinum,0.023,0.023,-1,Echolocation,/mnt/ubna_data_02_mir/recover-20221013/UBNA_001/20221012_030000.WAV,Telephone Field,recover-20221013,001,1795
60.5605,60.5705,22890,28480,Nyctalus leisleri,0.01,0.023,-1,Echolocation,/mnt/ubna_data_02_mir/recover-20221013/UBNA_001/20221012_030000.WAV,Telephone Field,recover-20221013,001,1795
60.5785,60.6166,68437,81945,Rhinolophus ferrumequinum,0.021,0.021,-1,Echolocation,/mnt/ubna_data_02_mir/recover-20221013/UBNA_001/20221012_030000.WAV,Telephone Field,recover-20221013,001,1795
60.5875,60.6273,68437,82510,Rhinolophus ferrumequinum,0.024,0.024,-1,Echolocation,/mnt/ubna_data_02_mir/recover-20221013/UBNA_001/20221012_030000.WAV,Telephone Field,recover-20221013,001,1795
60.6105,60.6198,28906,37032,Eptesicus serotinus,0.008,0.021,-1,Echolocation,/mnt/ubna_data_02_mir/recover-20221013/UBNA_001/20221012_030000.WAV,Telephone Field,recover-20221013,001,1795
60.6425,60.6786,68437,82368,Rhinolophus ferrumequinum,0.022,0.022,-1,Echolocation,/mnt/ubna_data_02_mir/recover-20221013/UBNA_001/20221012_030000.WAV,Telephone Field,recover-20221013,001,1795
60.6575,60.6683,22031,26757,Nyctalus leisleri,0.012,0.023,-1,Echolocation,/mnt/ubna_data_02_mir/recover-20221013/UBNA_001/20221012_030000.WAV,Telephone Field,recover-20221013,001,1795
60.6705,60.7069,68437,82007,Rhinolophus ferrumequinum,0.021,0.021,-1,Echolocation,/mnt/ubna_data_02_mir/recover-20221013/UBNA_001/20221012_030000.WAV,Telephone Field,recover-20221013,001,1795
60.7085,60.7457,68437,81879,Rhinolophus ferrumequinum,0.021,0.021,-1,Echolocation,/mnt/ubna_data_02_mir/recover-20221013/UBNA_001/20221012_030000.WAV,Telephone Field,recover-20221013,001,1795
60.7225,60.7641,68437,82849,Rhinolophus ferrumequinum,0.028,0.028,-1,Echolocation,/mnt/ubna_data_02_mir/recover-20221013/UBNA_001/20221012_030000.WAV,Telephone Field,recover-20221013,001,1795
60.7445,60.7827,68437,82012,Rhinolophus ferrumequinum,0.025,0.025,-1,Echolocation,/mnt/ubna_data_02_mir/recover-20221013/UBNA_001/20221012_030000.WAV,Telephone Field,recover-20221013,001,1795
60.7515,60.7633,22890,27657,Nyctalus leisleri,0.011,0.022,-1,Echolocation,/mnt/ubna_data_02_mir/recover-20221013/UBNA_001/20221012_030000.WAV,Telephone Field,recover-20221013,001,1795
60.7695,60.8039,68437,80882,Rhinolophus ferrumequinum,0.025,0.025,-1,Echolocation,/mnt/ubna_data_02_mir/recover-20221013/UBNA_001/20221012_030000.WAV,Telephone Field,recover-20221013,001,1795
60.7765,60.7861,28046,36723,Eptesicus serotinus,0.009,0.023,-1,Echolocation,/mnt/ubna_data_02_mir/recover-20221013/UBNA_001/20221012_030000.WAV,Telephone Field,recover-20221013,001,1795
60.7845,60.7924,27187,39630,Eptesicus serotinus,0.007,0.023,-1,Echolocation,/mnt/ubna_data_02_mir/recover-20221013/UBNA_001/20221012_030000.WAV,Telephone Field,recover-20221013,001,1795
60.8005,60.8119,28906,35906,Eptesicus serotinus,0.012,0.024,-1,Echolocation,/mnt/ubna_data_02_mir/recover-20221013/UBNA_001/20221012_030000.WAV,Telephone Field,recover-20221013,001,1795
60.8205,60.8597,68437,82253,Rhinolophus ferrumequinum,0.027,0.027,-1,Echolocation,/mnt/ubna_data_02_mir/recover-20221013/UBNA_001/20221012_030000.WAV,Telephone Field,recover-20221013,001,1795
60.8375,60.8465,22890,30123,Plecotus austriacus,0.008,0.022,-1,Echolocation,/mnt/ubna_data_02_mir/recover-20221013/UBNA_001/20221012_030000.WAV,Telephone Field,recover-20221013,001,1795
60.8865,60.923,68437,81423,Rhinolophus ferrumequinum,0.023,0.023,-1,Echolocation,/mnt/ubna_data_02_mir/recover-20221013/UBNA_001/20221012_030000.WAV,Telephone Field,recover-20221013,001,1795
60.8925,60.9323,68437,82375,Rhinolophus ferrumequinum,0.022,0.022,-1,Echolocation,/mnt/ubna_data_02_mir/recover-20221013/UBNA_001/20221012_030000.WAV,Telephone Field,recover-20221013,001,1795
60.9115,60.9222,22031,27260,Nyctalus leisleri,0.013,0.029,-1,Echolocation,/mnt/ubna_data_02_mir/recover-20221013/UBNA_001/20221012_030000.WAV,Telephone Field,recover-20221013,001,1795
60.9525,60.9925,68437,81949,Rhinolophus ferrumequinum,0.022,0.022,-1,Echolocation,/mnt/ubna_data_02_mir/recover-20221013/UBNA_001/20221012_030000.WAV,Telephone Field,recover-20221013,001,1795
60.9725,61.0163,68437,83340,Rhinolophus ferrumequinum,0.075,0.075,-1,Echolocation,/mnt/ubna_data_02_mir/recover-20221013/UBNA_001/20221012_030000.WAV,Telephone Field,recover-20221013,001,1795
60.9955,61.0371,68437,82745,Rhinolophus ferrumequinum,0.03,0.03,-1,Echolocation,/mnt/ubna_data_02_mir/recover-20221013/UBNA_001/20221012_030000.WAV,Telephone Field,recover-20221013,001,1795
61.0015,61.0096,28046,39584,Eptesicus serotinus,0.008,0.021,-1,Echolocation,/mnt/ubna_data_02_mir/recover-20221013/UBNA_001/20221012_030000.WAV,Telephone Field,recover-20221013,001,1795
61.0195,61.0611,68437,83097,Rhinolophus ferrumequinum,0.046,0.046,-1,Echolocation,/mnt/ubna_data_02_mir/recover-20221013/UBNA_001/20221012_030000.WAV,Telephone Field,recover-20221013,001,1795
61.0515,61.0614,22890,28588,Nyctalus leisleri,0.009,0.021,-1,Echolocation,/mnt/ubna_data_02_mir/recover-20221013/UBNA_001/20221012_030000.WAV,Telephone Field,recover-20221013,001,1795
61.0775,61.1203,68437,83088,Rhinolophus ferrumequinum,0.031,0.031,-1,Echolocation,/mnt/ubna_data_02_mir/recover-20221013/UBNA_001/20221012_030000.WAV,Telephone Field,recover-20221013,001,1795
61.0875,61.1279,68437,82992,Rhinolophus ferrumequinum,0.037,0.037,-1,Echolocation,/mnt/ubna_data_02_mir/recover-20221013/UBNA_001/20221012_030000.WAV,Telephone Field,recover-20221013,001,1795
61.1665,61.1765,24609,31752,Eptesicus serotinus,0.009,0.024,-1,Echolocation,/mnt/ubna_data_02_mir/recover-20221013/UBNA_001/20221012_030000.WAV,Telephone Field,recover-20221013,001,1795
61.2105,61.2477,68437,81649,Rhinolophus ferrumequinum,0.023,0.023,-1,Echolocation,/mnt/ubna_data_02_mir/recover-20221013/UBNA_001/20221012_030000.WAV,Telephone Field,recover-20221013,001,1795
61.2245,61.2627,68437,82271,Rhinolophus ferrumequinum,0.026,0.026,-1,Echolocation,/mnt/ubna_data_02_mir/recover-20221013/UBNA_001/20221012_030000.WAV,Telephone Field,recover-20221013,001,1795
61.2315,61.2666,68437,82098,Rhinolophus ferrumequinum,0.021,0.021,-1,Echolocation,/mnt/ubna_data_02_mir/recover-20221013/UBNA_001/20221012_030000.WAV,Telephone Field,recover-20221013,001,1795
61.2335,61.2413,28046,39673,Eptesicus serotinus,0.007,0.022,-1,Echolocation,/mnt/ubna_data_02_mir/recover-20221013/UBNA_001/20221012_030000.WAV,Telephone Field,recover-20221013,001,1795
61.2415,61.2516,28906,36813,Eptesicus serotinus,0.008,0.021,-1,Echolocation,/mnt/ubna_data_02_mir/recover-20221013/UBNA_001/20221012_030000.WAV,Telephone Field,recover-20221013,001,1795
61.2505,61.2601,28046,36259,Eptesicus serotinus,0.01,0.025,-1,Echolocation,/mnt/ubna_data_02_mir/recover-20221013/UBNA_001/20221012_030000.WAV,Telephone Field,recover-20221013,001,1795
61.2795,61.2926,23750,28792,Nyctalus leisleri,0.016,0.034,-1,Echolocation,/mnt/ubna_data_02_mir/recover-20221013/UBNA_001/20221012_030000.WAV,Telephone Field,recover-20221013,001,1795
61.3245,61.3354,28046,36524,Eptesicus serotinus,0.015,0.031,-1,Echolocation,/mnt/ubna_data_02_mir/recover-20221013/UBNA_001/20221012_030000.WAV,Telephone Field,recover-20221013,001,1795
61.3255,61.3664,68437,82157,Rhinolophus ferrumequinum,0.021,0.021,-1,Echolocation,/mnt/ubna_data_02_mir/recover-20221013/UBNA_001/20221012_030000.WAV,Telephone Field,recover-20221013,001,1795
61.3385,61.3458,44375,47512,Pipistrellus pipistrellus,0.036,0.037,-1,Echolocation,/mnt/ubna_data_02_mir/recover-20221013/UBNA_001/20221012_030000.WAV,Telephone Field,recover-20221013,001,1795
61.3955,61.435,68437,82484,Rhinolophus ferrumequinum,0.027,0.027,-1,Echolocation,/mnt/ubna_data_02_mir/recover-20221013/UBNA_001/20221012_030000.WAV,Telephone Field,recover-20221013,001,1795
61.4145,61.4228,27187,38733,Eptesicus serotinus,0.008,0.022,-1,Echolocation,/mnt/ubna_data_02_mir/recover-20221013/UBNA_001/20221012_030000.WAV,Telephone Field,recover-20221013,001,1795
61.4435,61.4551,24609,30071,Nyctalus leisleri,0.01,0.023,-1,Echolocation,/mnt/ubna_data_02_mir/recover-20221013/UBNA_001/20221012_030000.WAV,Telephone Field,recover-20221013,001,1795
61.4595,61.4967,68437,81861,Rhinolophus ferrumequinum,0.024,0.024,-1,Echolocation,/mnt/ubna_data_02_mir/recover-20221013/UBNA_001/20221012_030000.WAV,Telephone Field,recover-20221013,001,1795
61.4645,61.5028,68437,82039,Rhinolophus ferrumequinum,0.024,0.024,-1,Echolocation,/mnt/ubna_data_02_mir/recover-20221013/UBNA_001/20221012_030000.WAV,Telephone Field,recover-20221013,001,1795
61.4815,61.4914,24609,31073,Nyctalus leisleri,0.012,0.037,-1,Echolocation,/mnt/ubna_data_02_mir/recover-20221013/UBNA_001/20221012_030000.WAV,Telephone Field,recover-20221013,001,1795
61.5145,61.5207,25468,41424,Plecotus auritus,0.008,0.03,-1,Echolocation,/mnt/ubna_data_02_mir/recover-20221013/UBNA_001/20221012_030000.WAV,Telephone Field,recover-20221013,001,1795
61.5545,61.576,19453,22885,Nyctalus noctula,0.022,0.044,-1,Echolocation,/mnt/ubna_data_02_mir/recover-20221013/UBNA_001/20221012_030000.WAV,Telephone Field,recover-20221013,001,1795
61.5595,61.5663,28046,39958,Eptesicus serotinus,0.006,0.021,-1,Echolocation,/mnt/ubna_data_02_mir/recover-20221013/UBNA_001/20221012_030000.WAV,Telephone Field,recover-20221013,001,1795
61.5705,61.5803,23750,30586,Nyctalus leisleri,0.008,0.025,-1,Echolocation,/mnt/ubna_data_02_mir/recover-20221013/UBNA_001/20221012_030000.WAV,Telephone Field,recover-20221013,001,1795
61.5705,61.6054,68437,82097,Rhinolophus ferrumequinum,0.023,0.023,-1,Echolocation,/mnt/ubna_data_02_mir/recover-20221013/UBNA_001/20221012_030000.WAV,Telephone Field,recover-20221013,001,1795
61.5855,61.6251,68437,82396,Rhinolophus ferrumequinum,0.028,0.028,-1,Echolocation,/mnt/ubna_data_02_mir/recover-20221013/UBNA_001/20221012_030000.WAV,Telephone Field,recover-20221013,001,1795
61.6195,61.6608,68437,82415,Rhinolophus ferrumequinum,0.023,0.023,-1,Echolocation,/mnt/ubna_data_02_mir/recover-20221013/UBNA_001/20221012_030000.WAV,Telephone Field,recover-20221013,001,1795
61.6385,61.6753,68437,82186,Rhinolophus ferrumequinum,0.022,0.022,-1,Echolocation,/mnt/ubna_data_02_mir/recover-20221013/UBNA_001/20221012_030000.WAV,Telephone Field,recover-20221013,001,1795
61.6515,61.6949,68437,82988,Rhinolophus ferrumequinum,0.028,0.028,-1,Echolocation,/mnt/ubna_data_02_mir/recover-20221013/UBNA_001/20221012_030000.WAV,Telephone Field,recover-20221013,001,1795
61.6685,61.7072,68437,82211,Rhinolophus ferrumequinum,0.021,0.021,-1,Echolocation,/mnt/ubna_data_02_mir/recover-20221013/UBNA_001/20221012_030000.WAV,Telephone Field,recover-20221013,001,1795
61.6935,61.7333,68437,82747,Rhinolophus ferrumequinum,0.024,0.024,-1,Echolocation,/mnt/ubna_data_02_mir/recover-20221013/UBNA_001/20221012_030000.WAV,Telephone Field,recover-20221013,001,1795
61.7095,61.7458,68437,81899,Rhinolophus ferrumequinum,0.021,0.021,-1,Echolocation,/mnt/ubna_data_02_mir/recover-20221013/UBNA_001/20221012_030000.WAV,Telephone Field,recover-20221013,001,1795
61.7215,61.7286,28046,39968,Eptesicus serotinus,0.007,0.025,-1,Echolocation,/mnt/ubna_data_02_mir/recover-20221013/UBNA_001/20221012_030000.WAV,Telephone Field,recover-20221013,001,1795
61.7435,61.7875,68437,83317,Rhinolophus ferrumequinum,0.034,0.034,-1,Echolocation,/mnt/ubna_data_02_mir/recover-20221013/UBNA_001/20221012_030000.WAV,Telephone Field,recover-20221013,001,1795
61.7615,61.7999,68437,82074,Rhinolophus ferrumequinum,0.024,0.024,-1,Echolocation,/mnt/ubna_data_02_mir/recover-20221013/UBNA_001/20221012_030000.WAV,Telephone Field,recover-20221013,001,1795
61.7715,61.7827,28906,35764,Eptesicus serotinus,0.02,0.036,-1,Echolocation,/mnt/ubna_data_02_mir/recover-20221013/UBNA_001/20221012_030000.WAV,Telephone Field,recover-20221013,001,1795
61.8275,61.8685,68437,83141,Rhinolophus ferrumequinum,0.033,0.033,-1,Echolocation,/mnt/ubna_data_02_mir/recover-20221013/UBNA_001/20221012_030000.WAV,Telephone Field,recover-20221013,001,1795
61.8725,61.9113,68437,82658,Rhinolophus ferrumequinum,0.037,0.037,-1,Echolocation,/mnt/ubna_data_02_mir/recover-20221013/UBNA_001/20221012_030000.WAV,Telephone Field,recover-20221013,001,1795
61.8865,61.9225,68437,82037,Rhinolophus ferrumequinum,0.022,0.022,-1,Echolocation,/mnt/ubna_data_02_mir/recover-20221013/UBNA_001/20221012_030000.WAV,Telephone Field,recover-20221013,001,1795
61.8975,61.9347,68437,82101,Rhinolophus ferrumequinum,0.022,0.022,-1,Echolocation,/mnt/ubna_data_02_mir/recover-20221013/UBNA_001/20221012_030000.WAV,Telephone Field,recover-20221013,001,1795
61.9045,61.9108,44375,49925,Pipistrellus pipistrellus,0.036,0.04,-1,Echolocation,/mnt/ubna_data_02_mir/recover-20221013/UBNA_001/20221012_030000.WAV,Telephone Field,recover-20221013,001,1795
61.9115,61.952,68437,82619,Rhinolophus ferrumequinum,0.028,0.028,-1,Echolocation,/mnt/ubna_data_02_mir/recover-20221013/UBNA_001/20221012_030000.WAV,Telephone Field,recover-20221013,001,1795
61.9275,61.9379,28046,35488,Eptesicus serotinus,0.015,0.028,-1,Echolocation,/mnt/ubna_data_02_mir/recover-20221013/UBNA_001/20221012_030000.WAV,Telephone Field,recover-20221013,001,1795
61.9315,61.9699,68437,82441,Rhinolophus ferrumequinum,0.022,0.022,-1,Echolocation,/mnt/ubna_data_02_mir/recover-20221013/UBNA_001/20221012_030000.WAV,Telephone Field,recover-20221013,001,1795
61.9465,61.9551,22890,29950,Plecotus austriacus,0.008,0.021,-1,Echolocation,/mnt/ubna_data_02_mir/recover-20221013/UBNA_001/20221012_030000.WAV,Telephone Field,recover-20221013,001,1795
61.9595,61.9953,68437,81962,Rhinolophus ferrumequinum,0.022,0.022,-1,Echolocation,/mnt/ubna_data_02_mir/recover-20221013/UBNA_001/20221012_030000.WAV,Telephone Field,recover-20221013,001,1795
61.9675,61.9772,47812,51668,Pipistrellus pipistrellus,0.02,0.022,-1,Echolocation,/mnt/ubna_data_02_mir/recover-20221013/UBNA_001/20221012_030000.WAV,Telephone Field,recover-20221013,001,1795
62.0015,62.0312,68437,79234,Rhinolophus ferrumequinum,0.029,0.03,-1,Echolocation,/mnt/ubna_data_02_mir/recover-20221013/UBNA_001/20221012_030000.WAV,Telephone Field,recover-20221013,001,1795
62.0015,62.0095,25468,34816,Eptesicus serotinus,0.008,0.03,-1,Echolocation,/mnt/ubna_data_02_mir/recover-20221013/UBNA_001/20221012_030000.WAV,Telephone Field,recover-20221013,001,1795
62.0815,62.1177,68437,81668,Rhinolophus ferrumequinum,0.022,0.022,-1,Echolocation,/mnt/ubna_data_02_mir/recover-20221013/UBNA_001/20221012_030000.WAV,Telephone Field,recover-20221013,001,1795
62.0995,62.1388,68437,82582,Rhinolophus ferrumequinum,0.023,0.023,-1,Echolocation,/mnt/ubna_data_02_mir/recover-20221013/UBNA_001/20221012_030000.WAV,Telephone Field,recover-20221013,001,1795
62.1085,62.1477,68437,82430,Rhinolophus ferrumequinum,0.022,0.022,-1,Echolocation,/mnt/ubna_data_02_mir/recover-20221013/UBNA_001/20221012_030000.WAV,Telephone Field,recover-20221013,001,1795
62.1325,62.1716,68437,82780,Rhinolophus ferrumequinum,0.026,0.026,-1,Echolocation,/mnt/ubna_data_02_mir/recover-20221013/UBNA_001/20221012_030000.WAV,Telephone Field,recover-20221013,001,1795
62.1565,62.1947,68437,81542,Rhinolophus ferrumequinum,0.023,0.023,-1,Echolocation,/mnt/ubna_data_02_mir/recover-20221013/UBNA_001/20221012_030000.WAV,Telephone Field,recover-20221013,001,1795
62.1675,62.2081,68437,82127,Rhinolophus ferrumequinum,0.023,0.023,-1,Echolocation,/mnt/ubna_data_02_mir/recover-20221013/UBNA_001/20221012_030000.WAV,Telephone Field,recover-20221013,001,1795
62.1895,62.1981,28046,37724,Eptesicus serotinus,0.008,0.022,-1,Echolocation,/mnt/ubna_data_02_mir/recover-20221013/UBNA_001/20221012_030000.WAV,Telephone Field,recover-20221013,001,1795
62.2005,62.2421,68437,82875,Rhinolophus ferrumequinum,0.028,0.029,-1,Echolocation,/mnt/ubna_data_02_mir/recover-20221013/UBNA_001/20221012_030000.WAV,Telephone Field,recover-20221013,001,1795
62.2105,62.2185,28906,38506,Eptesicus serotinus,0.007,0.022,-1,Echolocation,/mnt/ubna_data_02_mir/recover-20221013/UBNA_001/20221012_030000.WAV,Telephone Field,recover-20221013,001,1795
62.2375,62.2739,68437,82143,Rhinolophus ferrumequinum,0.023,0.023,-1,Echolocation,/mnt/ubna_data_02_mir/recover-20221013/UBNA_001/20221012_030000.WAV,Telephone Field,recover-20221013,001,1795
62.2635,62.3049,68437,83313,Rhinolophus ferrumequinum,0.038,0.038,-1,Echolocation,/mnt/ubna_data_02_mir/recover-20221013/UBNA_001/20221012_030000.WAV,Telephone Field,recover-20221013,001,1795
62.2935,62.327799999999996,68437,80721,Rhinolophus ferrumequinum,0.022,0.023,-1,Echolocation,/mnt/ubna_data_02_mir/recover-20221013/UBNA_001/20221012_030000.WAV,Telephone Field,recover-20221013,001,1795
62.2965,62.3041,28046,42060,Eptesicus serotinus,0.007,0.023,-1,Echolocation,/mnt/ubna_data_02_mir/recover-20221013/UBNA_001/20221012_030000.WAV,Telephone Field,recover-20221013,001,1795
62.3075,62.3479,68437,82480,Rhinolophus ferrumequinum,0.023,0.023,-1,Echolocation,/mnt/ubna_data_02_mir/recover-20221013/UBNA_001/20221012_030000.WAV,Telephone Field,recover-20221013,001,1795
62.3135,62.3244,25468,32622,Eptesicus serotinus,0.011,0.023,-1,Echolocation,/mnt/ubna_data_02_mir/recover-20221013/UBNA_001/20221012_030000.WAV,Telephone Field,recover-20221013,001,1795
62.3215,62.3615,68437,83410,Rhinolophus ferrumequinum,0.024,0.024,-1,Echolocation,/mnt/ubna_data_02_mir/recover-20221013/UBNA_001/20221012_030000.WAV,Telephone Field,recover-20221013,001,1795
62.3285,62.3384,14296,19659,Nyctalus noctula,0.013,0.029,-1,Echolocation,/mnt/ubna_data_02_mir/recover-20221013/UBNA_001/20221012_030000.WAV,Telephone Field,recover-20221013,001,1795
62.3495,62.3883,68437,82651,Rhinolophus ferrumequinum,0.025,0.025,-1,Echolocation,/mnt/ubna_data_02_mir/recover-20221013/UBNA_001/20221012_030000.WAV,Telephone Field,recover-20221013,001,1795
62.3955,62.4354,68437,82552,Rhinolophus ferrumequinum,0.023,0.023,-1,Echolocation,/mnt/ubna_data_02_mir/recover-20221013/UBNA_001/20221012_030000.WAV,Telephone Field,recover-20221013,001,1795
62.4205,62.4599,68437,82468,Rhinolophus ferrumequinum,0.024,0.024,-1,Echolocation,/mnt/ubna_data_02_mir/recover-20221013/UBNA_001/20221012_030000.WAV,Telephone Field,recover-20221013,001,1795
62.4215,62.4313,28046,39290,Eptesicus serotinus,0.01,0.024,-1,Echolocation,/mnt/ubna_data_02_mir/recover-20221013/UBNA_001/20221012_030000.WAV,Telephone Field,recover-20221013,001,1795
62.4465,62.4861,68437,81810,Rhinolophus ferrumequinum,0.024,0.024,-1,Echolocation,/mnt/ubna_data_02_mir/recover-20221013/UBNA_001/20221012_030000.WAV,Telephone Field,recover-20221013,001,1795
62.5075,62.545,68437,81651,Rhinolophus ferrumequinum,0.022,0.022,-1,Echolocation,/mnt/ubna_data_02_mir/recover-20221013/UBNA_001/20221012_030000.WAV,Telephone Field,recover-20221013,001,1795
62.5835,62.6016,15156,18745,Nyctalus noctula,0.04,0.056,-1,Echolocation,/mnt/ubna_data_02_mir/recover-20221013/UBNA_001/20221012_030000.WAV,Telephone Field,recover-20221013,001,1795
62.5875,62.6261,68437,82830,Rhinolophus ferrumequinum,0.03,0.03,-1,Echolocation,/mnt/ubna_data_02_mir/recover-20221013/UBNA_001/20221012_030000.WAV,Telephone Field,recover-20221013,001,1795
62.6345,62.6445,22890,27849,Nyctalus leisleri,0.009,0.023,-1,Echolocation,/mnt/ubna_data_02_mir/recover-20221013/UBNA_001/20221012_030000.WAV,Telephone Field,recover-20221013,001,1795
62.6465,62.6871,68437,83164,Rhinolophus ferrumequinum,0.035,0.035,-1,Echolocation,/mnt/ubna_data_02_mir/recover-20221013/UBNA_001/20221012_030000.WAV,Telephone Field,recover-20221013,001,1795
62.6825,62.7225,68437,82864,Rhinolophus ferrumequinum,0.03,0.03,-1,Echolocation,/mnt/ubna_data_02_mir/recover-20221013/UBNA_001/20221012_030000.WAV,Telephone Field,recover-20221013,001,1795
62.6835,62.6946,15156,22024,Nyctalus noctula,0.012,0.022,-1,Echolocation,/mnt/ubna_data_02_mir/recover-20221013/UBNA_001/20221012_030000.WAV,Telephone Field,recover-20221013,001,1795
62.7045,62.7114,28046,38741,Eptesicus serotinus,0.008,0.027,-1,Echolocation,/mnt/ubna_data_02_mir/recover-20221013/UBNA_001/20221012_030000.WAV,Telephone Field,recover-20221013,001,1795
62.7265,62.766,68437,82852,Rhinolophus ferrumequinum,0.029,0.029,-1,Echolocation,/mnt/ubna_data_02_mir/recover-20221013/UBNA_001/20221012_030000.WAV,Telephone Field,recover-20221013,001,1795
62.7325,62.7715,68437,82709,Rhinolophus ferrumequinum,0.024,0.024,-1,Echolocation,/mnt/ubna_data_02_mir/recover-20221013/UBNA_001/20221012_030000.WAV,Telephone Field,recover-20221013,001,1795
62.7545,62.7636,27187,35162,Eptesicus serotinus,0.01,0.023,-1,Echolocation,/mnt/ubna_data_02_mir/recover-20221013/UBNA_001/20221012_030000.WAV,Telephone Field,recover-20221013,001,1795
62.7595,62.7983,68437,82434,Rhinolophus ferrumequinum,0.022,0.022,-1,Echolocation,/mnt/ubna_data_02_mir/recover-20221013/UBNA_001/20221012_030000.WAV,Telephone Field,recover-20221013,001,1795
62.8025,62.8402,68437,81411,Rhinolophus ferrumequinum,0.023,0.023,-1,Echolocation,/mnt/ubna_data_02_mir/recover-20221013/UBNA_001/20221012_030000.WAV,Telephone Field,recover-20221013,001,1795
62.8085,62.8163,28906,39416,Eptesicus serotinus,0.011,0.029,-1,Echolocation,/mnt/ubna_data_02_mir/recover-20221013/UBNA_001/20221012_030000.WAV,Telephone Field,recover-20221013,001,1795
62.8335,62.8402,28906,40298,Eptesicus serotinus,0.006,0.024,-1,Echolocation,/mnt/ubna_data_02_mir/recover-20221013/UBNA_001/20221012_030000.WAV,Telephone Field,recover-20221013,001,1795
62.9295,62.9711,68437,82997,Rhinolophus ferrumequinum,0.026,0.026,-1,Echolocation,/mnt/ubna_data_02_mir/recover-20221013/UBNA_001/20221012_030000.WAV,Telephone Field,recover-20221013,001,1795
62.9425,62.9813,68437,82421,Rhinolophus ferrumequinum,0.023,0.023,-1,Echolocation,/mnt/ubna_data_02_mir/recover-20221013/UBNA_001/20221012_030000.WAV,Telephone Field,recover-20221013,001,1795
62.9505,62.9604,24609,31033,Nyctalus leisleri,0.01,0.029,-1,Echolocation,/mnt/ubna_data_02_mir/recover-20221013/UBNA_001/20221012_030000.WAV,Telephone Field,recover-20221013,001,1795
62.9795,63.0221,68437,82769,Rhinolophus ferrumequinum,0.031,0.031,-1,Echolocation,/mnt/ubna_data_02_mir/recover-20221013/UBNA_001/20221012_030000.WAV,Telephone Field,recover-20221013,001,1795
63.0215,63.0583,68437,81548,Rhinolophus ferrumequinum,0.022,0.022,-1,Echolocation,/mnt/ubna_data_02_mir/recover-20221013/UBNA_001/20221012_030000.WAV,Telephone Field,recover-20221013,001,1795
63.0615,63.0989,68437,82198,Rhinolophus ferrumequinum,0.024,0.024,-1,Echolocation,/mnt/ubna_data_02_mir/recover-20221013/UBNA_001/20221012_030000.WAV,Telephone Field,recover-20221013,001,1795
63.0995,63.1427,68437,83258,Rhinolophus ferrumequinum,0.068,0.068,-1,Echolocation,/mnt/ubna_data_02_mir/recover-20221013/UBNA_001/20221012_030000.WAV,Telephone Field,recover-20221013,001,1795
63.1115,63.1195,28046,43847,Eptesicus serotinus,0.01,0.025,-1,Echolocation,/mnt/ubna_data_02_mir/recover-20221013/UBNA_001/20221012_030000.WAV,Telephone Field,recover-20221013,001,1795
63.1525,63.1625,27187,36210,Eptesicus serotinus,0.011,0.023,-1,Echolocation,/mnt/ubna_data_02_mir/recover-20221013/UBNA_001/20221012_030000.WAV,Telephone Field,recover-20221013,001,1795
63.1725,63.1798,23750,33735,Plecotus austriacus,0.01,0.024,-1,Echolocation,/mnt/ubna_data_02_mir/recover-20221013/UBNA_001/20221012_030000.WAV,Telephone Field,recover-20221013,001,1795
63.2035,63.2423,68437,82527,Rhinolophus ferrumequinum,0.023,0.023,-1,Echolocation,/mnt/ubna_data_02_mir/recover-20221013/UBNA_001/20221012_030000.WAV,Telephone Field,recover-20221013,001,1795
63.2495,63.2866,68437,81678,Rhinolophus ferrumequinum,0.022,0.022,-1,Echolocation,/mnt/ubna_data_02_mir/recover-20221013/UBNA_001/20221012_030000.WAV,Telephone Field,recover-20221013,001,1795
63.2635,63.2694,28046,40187,Eptesicus serotinus,0.005,0.024,-1,Echolocation,/mnt/ubna_data_02_mir/recover-20221013/UBNA_001/20221012_030000.WAV,Telephone Field,recover-20221013,001,1795
63.3125,63.355,68437,82985,Rhinolophus ferrumequinum,0.038,0.038,-1,Echolocation,/mnt/ubna_data_02_mir/recover-20221013/UBNA_001/20221012_030000.WAV,Telephone Field,recover-20221013,001,1795
63.3355,63.3445,28046,39457,Eptesicus serotinus,0.01,0.023,-1,Echolocation,/mnt/ubna_data_02_mir/recover-20221013/UBNA_001/20221012_030000.WAV,Telephone Field,recover-20221013,001,1795
63.3395,63.3787,68437,82519,Rhinolophus ferrumequinum,0.025,0.025,-1,Echolocation,/mnt/ubna_data_02_mir/recover-20221013/UBNA_001/20221012_030000.WAV,Telephone Field,recover-20221013,001,1795
63.3455,63.3524,28046,41576,Eptesicus serotinus,0.006,0.023,-1,Echolocation,/mnt/ubna_data_02_mir/recover-20221013/UBNA_001/20221012_030000.WAV,Telephone Field,recover-20221013,001,1795
63.4025,63.4125,22890,28480,Nyctalus leisleri,0.009,0.022,-1,Echolocation,/mnt/ubna_data_02_mir/recover-20221013/UBNA_001/20221012_030000.WAV,Telephone Field,recover-20221013,001,1795
63.4345,63.4424,27187,38179,Eptesicus serotinus,0.01,0.025,-1,Echolocation,/mnt/ubna_data_02_mir/recover-20221013/UBNA_001/20221012_030000.WAV,Telephone Field,recover-20221013,001,1795
63.4495,63.4609,22890,27944,Nyctalus leisleri,0.014,0.028,-1,Echolocation,/mnt/ubna_data_02_mir/recover-20221013/UBNA_001/20221012_030000.WAV,Telephone Field,recover-20221013,001,1795
63.4565,63.4978,68437,82949,Rhinolophus ferrumequinum,0.034,0.034,-1,Echolocation,/mnt/ubna_data_02_mir/recover-20221013/UBNA_001/20221012_030000.WAV,Telephone Field,recover-20221013,001,1795
63.5535,63.5907,68437,81996,Rhinolophus ferrumequinum,0.022,0.022,-1,Echolocation,/mnt/ubna_data_02_mir/recover-20221013/UBNA_001/20221012_030000.WAV,Telephone Field,recover-20221013,001,1795
63.588499999999996,63.6287,68437,82717,Rhinolophus ferrumequinum,0.024,0.024,-1,Echolocation,/mnt/ubna_data_02_mir/recover-20221013/UBNA_001/20221012_030000.WAV,Telephone Field,recover-20221013,001,1795
63.6075,63.618,23750,29441,Nyctalus leisleri,0.011,0.026,-1,Echolocation,/mnt/ubna_data_02_mir/recover-20221013/UBNA_001/20221012_030000.WAV,Telephone Field,recover-20221013,001,1795
63.6455,63.685,68437,81933,Rhinolophus ferrumequinum,0.028,0.028,-1,Echolocation,/mnt/ubna_data_02_mir/recover-20221013/UBNA_001/20221012_030000.WAV,Telephone Field,recover-20221013,001,1795
63.6715,63.7101,68437,82504,Rhinolophus ferrumequinum,0.022,0.022,-1,Echolocation,/mnt/ubna_data_02_mir/recover-20221013/UBNA_001/20221012_030000.WAV,Telephone Field,recover-20221013,001,1795
63.6925,63.7357,68437,83397,Rhinolophus ferrumequinum,0.052,0.052,-1,Echolocation,/mnt/ubna_data_02_mir/recover-20221013/UBNA_001/20221012_030000.WAV,Telephone Field,recover-20221013,001,1795
63.6935,63.7029,28046,38908,Eptesicus serotinus,0.009,0.023,-1,Echolocation,/mnt/ubna_data_02_mir/recover-20221013/UBNA_001/20221012_030000.WAV,Telephone Field,recover-20221013,001,1795
63.713499999999996,63.7256,23750,29366,Nyctalus leisleri,0.012,0.026,-1,Echolocation,/mnt/ubna_data_02_mir/recover-20221013/UBNA_001/20221012_030000.WAV,Telephone Field,recover-20221013,001,1795
63.7515,63.7598,57265,64028,Pipistrellus pygmaeus,0.024,0.024,-1,Echolocation,/mnt/ubna_data_02_mir/recover-20221013/UBNA_001/20221012_030000.WAV,Telephone Field,recover-20221013,001,1795
63.7735,63.8139,68437,82743,Rhinolophus ferrumequinum,0.022,0.022,-1,Echolocation,/mnt/ubna_data_02_mir/recover-20221013/UBNA_001/20221012_030000.WAV,Telephone Field,recover-20221013,001,1795
63.7885,63.8288,68437,82308,Rhinolophus ferrumequinum,0.024,0.024,-1,Echolocation,/mnt/ubna_data_02_mir/recover-20221013/UBNA_001/20221012_030000.WAV,Telephone Field,recover-20221013,001,1795
63.7995,63.8355,68437,82209,Rhinolophus ferrumequinum,0.022,0.022,-1,Echolocation,/mnt/ubna_data_02_mir/recover-20221013/UBNA_001/20221012_030000.WAV,Telephone Field,recover-20221013,001,1795
63.8095,63.8208,28046,35869,Eptesicus serotinus,0.012,0.024,-1,Echolocation,/mnt/ubna_data_02_mir/recover-20221013/UBNA_001/20221012_030000.WAV,Telephone Field,recover-20221013,001,1795
63.8095,63.8445,68437,81855,Rhinolophus ferrumequinum,0.022,0.022,-1,Echolocation,/mnt/ubna_data_02_mir/recover-20221013/UBNA_001/20221012_030000.WAV,Telephone Field,recover-20221013,001,1795
63.8225,63.834,26328,31440,Nyctalus leisleri,0.013,0.034,-1,Echolocation,/mnt/ubna_data_02_mir/recover-20221013/UBNA_001/20221012_030000.WAV,Telephone Field,recover-20221013,001,1795
63.8335,63.8743,68437,82907,Rhinolophus ferrumequinum,0.027,0.027,-1,Echolocation,/mnt/ubna_data_02_mir/recover-20221013/UBNA_001/20221012_030000.WAV,Telephone Field,recover-20221013,001,1795
63.8675,63.9054,68437,82043,Rhinolophus ferrumequinum,0.022,0.022,-1,Echolocation,/mnt/ubna_data_02_mir/recover-20221013/UBNA_001/20221012_030000.WAV,Telephone Field,recover-20221013,001,1795
63.9035,63.9425,68437,81860,Rhinolophus ferrumequinum,0.037,0.037,-1,Echolocation,/mnt/ubna_data_02_mir/recover-20221013/UBNA_001/20221012_030000.WAV,Telephone Field,recover-20221013,001,1795
63.9235,63.9618,68437,82709,Rhinolophus ferrumequinum,0.023,0.023,-1,Echolocation,/mnt/ubna_data_02_mir/recover-20221013/UBNA_001/20221012_030000.WAV,Telephone Field,recover-20221013,001,1795
63.9365,63.9778,68437,82015,Rhinolophus ferrumequinum,0.023,0.023,-1,Echolocation,/mnt/ubna_data_02_mir/recover-20221013/UBNA_001/20221012_030000.WAV,Telephone Field,recover-20221013,001,1795
63.9825,63.9929,25468,33807,Eptesicus serotinus,0.011,0.026,-1,Echolocation,/mnt/ubna_data_02_mir/recover-20221013/UBNA_001/20221012_030000.WAV,Telephone Field,recover-20221013,001,1795
64.0015,64.0097,25468,36496,Nyctalus leisleri,0.007,0.03,-1,Echolocation,/mnt/ubna_data_02_mir/recover-20221013/UBNA_001/20221012_030000.WAV,Telephone Field,recover-20221013,001,1795
64.0015,64.0095,45234,50373,Pipistrellus pipistrellus,0.017,0.023,-1,Echolocation,/mnt/ubna_data_02_mir/recover-20221013/UBNA_001/20221012_030000.WAV,Telephone Field,recover-20221013,001,1795
64.0015,64.0315,68437,79751,Rhinolophus ferrumequinum,0.026,0.027,-1,Echolocation,/mnt/ubna_data_02_mir/recover-20221013/UBNA_001/20221012_030000.WAV,Telephone Field,recover-20221013,001,1795
64.0135,64.0578,68437,83121,Rhinolophus ferrumequinum,0.031,0.031,-1,Echolocation,/mnt/ubna_data_02_mir/recover-20221013/UBNA_001/20221012_030000.WAV,Telephone Field,recover-20221013,001,1795
64.0175,64.0264,25468,33553,Eptesicus serotinus,0.008,0.023,-1,Echolocation,/mnt/ubna_data_02_mir/recover-20221013/UBNA_001/20221012_030000.WAV,Telephone Field,recover-20221013,001,1795
64.0335,64.0397,27187,40779,Eptesicus serotinus,0.005,0.025,-1,Echolocation,/mnt/ubna_data_02_mir/recover-20221013/UBNA_001/20221012_030000.WAV,Telephone Field,recover-20221013,001,1795
64.0395,64.0782,68437,82002,Rhinolophus ferrumequinum,0.022,0.022,-1,Echolocation,/mnt/ubna_data_02_mir/recover-20221013/UBNA_001/20221012_030000.WAV,Telephone Field,recover-20221013,001,1795
64.0525,64.063,22031,26449,Nyctalus leisleri,0.012,0.023,-1,Echolocation,/mnt/ubna_data_02_mir/recover-20221013/UBNA_001/20221012_030000.WAV,Telephone Field,recover-20221013,001,1795
64.0555,64.0943,68437,81936,Rhinolophus ferrumequinum,0.021,0.021,-1,Echolocation,/mnt/ubna_data_02_mir/recover-20221013/UBNA_001/20221012_030000.WAV,Telephone Field,recover-20221013,001,1795
64.0795,64.1197,68437,82479,Rhinolophus ferrumequinum,0.022,0.022,-1,Echolocation,/mnt/ubna_data_02_mir/recover-20221013/UBNA_001/20221012_030000.WAV,Telephone Field,recover-20221013,001,1795
64.11449999999999,64.1234,28906,36919,Eptesicus serotinus,0.008,0.021,-1,Echolocation,/mnt/ubna_data_02_mir/recover-20221013/UBNA_001/20221012_030000.WAV,Telephone Field,recover-20221013,001,1795
64.1165,64.1548,68437,81913,Rhinolophus ferrumequinum,0.023,0.023,-1,Echolocation,/mnt/ubna_data_02_mir/recover-20221013/UBNA_001/20221012_030000.WAV,Telephone Field,recover-20221013,001,1795
64.1265,64.168,68437,82738,Rhinolophus ferrumequinum,0.028,0.028,-1,Echolocation,/mnt/ubna_data_02_mir/recover-20221013/UBNA_001/20221012_030000.WAV,Telephone Field,recover-20221013,001,1795
64.1655,64.1734,27187,39475,Eptesicus serotinus,0.008,0.022,-1,Echolocation,/mnt/ubna_data_02_mir/recover-20221013/UBNA_001/20221012_030000.WAV,Telephone Field,recover-20221013,001,1795
64.1665,64.1785,40937,44687,Pipistrellus nathusii,0.017,0.029,-1,Echolocation,/mnt/ubna_data_02_mir/recover-20221013/UBNA_001/20221012_030000.WAV,Telephone Field,recover-20221013,001,1795
64.1715,64.2121,68437,82656,Rhinolophus ferrumequinum,0.024,0.024,-1,Echolocation,/mnt/ubna_data_02_mir/recover-20221013/UBNA_001/20221012_030000.WAV,Telephone Field,recover-20221013,001,1795
64.1875,64.2292,68437,83043,Rhinolophus ferrumequinum,0.029,0.029,-1,Echolocation,/mnt/ubna_data_02_mir/recover-20221013/UBNA_001/20221012_030000.WAV,Telephone Field,recover-20221013,001,1795
64.2055,64.2126,24609,32927,Plecotus auritus,0.01,0.031,-1,Echolocation,/mnt/ubna_data_02_mir/recover-20221013/UBNA_001/20221012_030000.WAV,Telephone Field,recover-20221013,001,1795
64.2235,64.2323,28046,35700,Eptesicus serotinus,0.007,0.021,-1,Echolocation,/mnt/ubna_data_02_mir/recover-20221013/UBNA_001/20221012_030000.WAV,Telephone Field,recover-20221013,001,1795
64.2375,64.2794,68437,82838,Rhinolophus ferrumequinum,0.025,0.025,-1,Echolocation,/mnt/ubna_data_02_mir/recover-20221013/UBNA_001/20221012_030000.WAV,Telephone Field,recover-20221013,001,1795
64.2695,64.3112,68437,83157,Rhinolophus ferrumequinum,0.028,0.028,-1,Echolocation,/mnt/ubna_data_02_mir/recover-20221013/UBNA_001/20221012_030000.WAV,Telephone Field,recover-20221013,001,1795
64.2695,64.277,49531,57047,Pipistrellus pipistrellus,0.019,0.021,-1,Echolocation,/mnt/ubna_data_02_mir/recover-20221013/UBNA_001/20221012_030000.WAV,Telephone Field,recover-20221013,001,1795
64.2915,64.2991,23750,32696,Plecotus austriacus,0.008,0.023,-1,Echolocation,/mnt/ubna_data_02_mir/recover-20221013/UBNA_001/20221012_030000.WAV,Telephone Field,recover-20221013,001,1795
64.3015,64.3317,68437,80071,Rhinolophus ferrumequinum,0.021,0.021,-1,Echolocation,/mnt/ubna_data_02_mir/recover-20221013/UBNA_001/20221012_030000.WAV,Telephone Field,recover-20221013,001,1795
64.3095,64.3173,28046,38849,Eptesicus serotinus,0.007,0.023,-1,Echolocation,/mnt/ubna_data_02_mir/recover-20221013/UBNA_001/20221012_030000.WAV,Telephone Field,recover-20221013,001,1795
64.3195,64.3563,68437,81542,Rhinolophus ferrumequinum,0.022,0.022,-1,Echolocation,/mnt/ubna_data_02_mir/recover-20221013/UBNA_001/20221012_030000.WAV,Telephone Field,recover-20221013,001,1795
64.3405,64.377,68437,80490,Rhinolophus ferrumequinum,0.021,0.021,-1,Echolocation,/mnt/ubna_data_02_mir/recover-20221013/UBNA_001/20221012_030000.WAV,Telephone Field,recover-20221013,001,1795
64.3425,64.3504,28046,41541,Eptesicus serotinus,0.007,0.022,-1,Echolocation,/mnt/ubna_data_02_mir/recover-20221013/UBNA_001/20221012_030000.WAV,Telephone Field,recover-20221013,001,1795
64.3475,64.3569,39218,43991,Pipistrellus nathusii,0.022,0.034,-1,Echolocation,/mnt/ubna_data_02_mir/recover-20221013/UBNA_001/20221012_030000.WAV,Telephone Field,recover-20221013,001,1795
64.3785,64.4256,68437,83469,Rhinolophus ferrumequinum,0.052,0.052,-1,Echolocation,/mnt/ubna_data_02_mir/recover-20221013/UBNA_001/20221012_030000.WAV,Telephone Field,recover-20221013,001,1795
64.3975,64.4075,33203,40208,Eptesicus serotinus,0.006,0.026,-1,Echolocation,/mnt/ubna_data_02_mir/recover-20221013/UBNA_001/20221012_030000.WAV,Telephone Field,recover-20221013,001,1795
64.4015,64.4446,68437,82750,Rhinolophus ferrumequinum,0.026,0.026,-1,Echolocation,/mnt/ubna_data_02_mir/recover-20221013/UBNA_001/20221012_030000.WAV,Telephone Field,recover-20221013,001,1795
64.4055,64.4263,19453,23179,Nyctalus noctula,0.038,0.068,-1,Echolocation,/mnt/ubna_data_02_mir/recover-20221013/UBNA_001/20221012_030000.WAV,Telephone Field,recover-20221013,001,1795
64.4075,64.4483,68437,83072,Rhinolophus ferrumequinum,0.026,0.026,-1,Echolocation,/mnt/ubna_data_02_mir/recover-20221013/UBNA_001/20221012_030000.WAV,Telephone Field,recover-20221013,001,1795
64.4335,64.4411,28046,36586,Eptesicus serotinus,0.006,0.021,-1,Echolocation,/mnt/ubna_data_02_mir/recover-20221013/UBNA_001/20221012_030000.WAV,Telephone Field,recover-20221013,001,1795
64.4365,64.4498,22031,25978,Nyctalus leisleri,0.013,0.023,-1,Echolocation,/mnt/ubna_data_02_mir/recover-20221013/UBNA_001/20221012_030000.WAV,Telephone Field,recover-20221013,001,1795
64.4395,64.4783,68437,82219,Rhinolophus ferrumequinum,0.022,0.022,-1,Echolocation,/mnt/ubna_data_02_mir/recover-20221013/UBNA_001/20221012_030000.WAV,Telephone Field,recover-20221013,001,1795
64.4455,64.4658,20312,22867,Nyctalus leisleri,0.017,0.028,-1,Echolocation,/mnt/ubna_data_02_mir/recover-20221013/UBNA_001/20221012_030000.WAV,Telephone Field,recover-20221013,001,1795
64.4465,64.4849,68437,82142,Rhinolophus ferrumequinum,0.022,0.022,-1,Echolocation,/mnt/ubna_data_02_mir/recover-20221013/UBNA_001/20221012_030000.WAV,Telephone Field,recover-20221013,001,1795
64.4515,64.459,28046,40630,Eptesicus serotinus,0.007,0.023,-1,Echolocation,/mnt/ubna_data_02_mir/recover-20221013/UBNA_001/20221012_030000.WAV,Telephone Field,recover-20221013,001,1795
64.4975,64.5079,28906,36387,Eptesicus serotinus,0.01,0.026,-1,Echolocation,/mnt/ubna_data_02_mir/recover-20221013/UBNA_001/20221012_030000.WAV,Telephone Field,recover-20221013,001,1795
64.5445,64.5862,68437,82480,Rhinolophus ferrumequinum,0.023,0.023,-1,Echolocation,/mnt/ubna_data_02_mir/recover-20221013/UBNA_001/20221012_030000.WAV,Telephone Field,recover-20221013,001,1795
64.5715,64.6066,68437,81045,Rhinolophus ferrumequinum,0.026,0.026,-1,Echolocation,/mnt/ubna_data_02_mir/recover-20221013/UBNA_001/20221012_030000.WAV,Telephone Field,recover-20221013,001,1795
64.5905,64.6278,68437,81604,Rhinolophus ferrumequinum,0.026,0.026,-1,Echolocation,/mnt/ubna_data_02_mir/recover-20221013/UBNA_001/20221012_030000.WAV,Telephone Field,recover-20221013,001,1795
64.6235,64.6663,68437,83055,Rhinolophus ferrumequinum,0.022,0.022,-1,Echolocation,/mnt/ubna_data_02_mir/recover-20221013/UBNA_001/20221012_030000.WAV,Telephone Field,recover-20221013,001,1795
64.6465,64.6864,68437,82739,Rhinolophus ferrumequinum,0.022,0.022,-1,Echolocation,/mnt/ubna_data_02_mir/recover-20221013/UBNA_001/20221012_030000.WAV,Telephone Field,recover-20221013,001,1795
64.6635,64.6734,22890,28733,Nyctalus leisleri,0.008,0.022,-1,Echolocation,/mnt/ubna_data_02_mir/recover-20221013/UBNA_001/20221012_030000.WAV,Telephone Field,recover-20221013,001,1795
64.6655,64.705,68437,82439,Rhinolophus ferrumequinum,0.025,0.025,-1,Echolocation,/mnt/ubna_data_02_mir/recover-20221013/UBNA_001/20221012_030000.WAV,Telephone Field,recover-20221013,001,1795
64.6935,64.706,23750,29064,Nyctalus leisleri,0.013,0.029,-1,Echolocation,/mnt/ubna_data_02_mir/recover-20221013/UBNA_001/20221012_030000.WAV,Telephone Field,recover-20221013,001,1795
64.7155,64.7237,23750,32322,Plecotus austriacus,0.009,0.024,-1,Echolocation,/mnt/ubna_data_02_mir/recover-20221013/UBNA_001/20221012_030000.WAV,Telephone Field,recover-20221013,001,1795
64.7345,64.7752,68437,82009,Rhinolophus ferrumequinum,0.022,0.022,-1,Echolocation,/mnt/ubna_data_02_mir/recover-20221013/UBNA_001/20221012_030000.WAV,Telephone Field,recover-20221013,001,1795
64.7445,64.7874,68437,82809,Rhinolophus ferrumequinum,0.022,0.022,-1,Echolocation,/mnt/ubna_data_02_mir/recover-20221013/UBNA_001/20221012_030000.WAV,Telephone Field,recover-20221013,001,1795
64.7805,64.81700000000001,68437,81977,Rhinolophus ferrumequinum,0.022,0.022,-1,Echolocation,/mnt/ubna_data_02_mir/recover-20221013/UBNA_001/20221012_030000.WAV,Telephone Field,recover-20221013,001,1795
64.7885,64.7969,28046,39107,Eptesicus serotinus,0.008,0.021,-1,Echolocation,/mnt/ubna_data_02_mir/recover-20221013/UBNA_001/20221012_030000.WAV,Telephone Field,recover-20221013,001,1795
64.8155,64.8555,68437,82075,Rhinolophus ferrumequinum,0.027,0.027,-1,Echolocation,/mnt/ubna_data_02_mir/recover-20221013/UBNA_001/20221012_030000.WAV,Telephone Field,recover-20221013,001,1795
64.8235,64.8666,68437,82888,Rhinolophus ferrumequinum,0.028,0.028,-1,Echolocation,/mnt/ubna_data_02_mir/recover-20221013/UBNA_001/20221012_030000.WAV,Telephone Field,recover-20221013,001,1795
64.8475,64.8566,28046,36038,Eptesicus serotinus,0.01,0.024,-1,Echolocation,/mnt/ubna_data_02_mir/recover-20221013/UBNA_001/20221012_030000.WAV,Telephone Field,recover-20221013,001,1795
64.8625,64.8998,68437,82597,Rhinolophus ferrumequinum,0.025,0.025,-1,Echolocation,/mnt/ubna_data_02_mir/recover-20221013/UBNA_001/20221012_030000.WAV,Telephone Field,recover-20221013,001,1795
64.8775,64.8884,14296,22205,Nyctalus noctula,0.012,0.025,-1,Echolocation,/mnt/ubna_data_02_mir/recover-20221013/UBNA_001/20221012_030000.WAV,Telephone Field,recover-20221013,001,1795
64.9225,64.9665,68437,83486,Rhinolophus ferrumequinum,0.053,0.053,-1,Echolocation,/mnt/ubna_data_02_mir/recover-20221013/UBNA_001/20221012_030000.WAV,Telephone Field,recover-20221013,001,1795
64.9525,64.987,68437,81822,Rhinolophus ferrumequinum,0.034,0.034,-1,Echolocation,/mnt/ubna_data_02_mir/recover-20221013/UBNA_001/20221012_030000.WAV,Telephone Field,recover-20221013,001,1795
64.9665,64.9761,48671,52391,Pipistrellus pipistrellus,0.02,0.023,-1,Echolocation,/mnt/ubna_data_02_mir/recover-20221013/UBNA_001/20221012_030000.WAV,Telephone Field,recover-20221013,001,1795
64.9805,64.991,23750,29750,Nyctalus leisleri,0.01,0.024,-1,Echolocation,/mnt/ubna_data_02_mir/recover-20221013/UBNA_001/20221012_030000.WAV,Telephone Field,recover-20221013,001,1795
64.9855,64.9943,26328,34950,Eptesicus serotinus,0.008,0.023,-1,Echolocation,/mnt/ubna_data_02_mir/recover-20221013/UBNA_001/20221012_030000.WAV,Telephone Field,recover-20221013,001,1795
65.0305,65.0715,68437,82851,Rhinolophus ferrumequinum,0.026,0.026,-1,Echolocation,/mnt/ubna_data_02_mir/recover-20221013/UBNA_001/20221012_030000.WAV,Telephone Field,recover-20221013,001,1795
65.0465,65.0847,68437,82187,Rhinolophus ferrumequinum,0.022,0.022,-1,Echolocation,/mnt/ubna_data_02_mir/recover-20221013/UBNA_001/20221012_030000.WAV,Telephone Field,recover-20221013,001,1795
65.0605,65.099,68437,81633,Rhinolophus ferrumequinum,0.022,0.022,-1,Echolocation,/mnt/ubna_data_02_mir/recover-20221013/UBNA_001/20221012_030000.WAV,Telephone Field,recover-20221013,001,1795
65.0685,65.1066,68437,82157,Rhinolophus ferrumequinum,0.022,0.022,-1,Echolocation,/mnt/ubna_data_02_mir/recover-20221013/UBNA_001/20221012_030000.WAV,Telephone Field,recover-20221013,001,1795
65.0875,65.125,68437,82637,Rhinolophus ferrumequinum,0.024,0.024,-1,Echolocation,/mnt/ubna_data_02_mir/recover-20221013/UBNA_001/20221012_030000.WAV,Telephone Field,recover-20221013,001,1795
65.11449999999999,65.1217,28046,38440,Eptesicus serotinus,0.007,0.022,-1,Echolocation,/mnt/ubna_data_02_mir/recover-20221013/UBNA_001/20221012_030000.WAV,Telephone Field,recover-20221013,001,1795
65.1255,65.1443,18593,21429,Nyctalus noctula,0.011,0.021,-1,Echolocation,/mnt/ubna_data_02_mir/recover-20221013/UBNA_001/20221012_030000.WAV,Telephone Field,recover-20221013,001,1795
65.1615,65.19800000000001,68437,81570,Rhinolophus ferrumequinum,0.021,0.021,-1,Echolocation,/mnt/ubna_data_02_mir/recover-20221013/UBNA_001/20221012_030000.WAV,Telephone Field,recover-20221013,001,1795
65.1795,65.218,68437,81950,Rhinolophus ferrumequinum,0.022,0.022,-1,Echolocation,/mnt/ubna_data_02_mir/recover-20221013/UBNA_001/20221012_030000.WAV,Telephone Field,recover-20221013,001,1795
65.1935,65.2007,27187,37839,Eptesicus serotinus,0.007,0.026,-1,Echolocation,/mnt/ubna_data_02_mir/recover-20221013/UBNA_001/20221012_030000.WAV,Telephone Field,recover-20221013,001,1795
65.2035,65.21340000000001,23750,30339,Nyctalus leisleri,0.009,0.026,-1,Echolocation,/mnt/ubna_data_02_mir/recover-20221013/UBNA_001/20221012_030000.WAV,Telephone Field,recover-20221013,001,1795
65.2255,65.2426,20312,23379,Nyctalus leisleri,0.012,0.021,-1,Echolocation,/mnt/ubna_data_02_mir/recover-20221013/UBNA_001/20221012_030000.WAV,Telephone Field,recover-20221013,001,1795
65.2275,65.2681,68437,83368,Rhinolophus ferrumequinum,0.029,0.029,-1,Echolocation,/mnt/ubna_data_02_mir/recover-20221013/UBNA_001/20221012_030000.WAV,Telephone Field,recover-20221013,001,1795
65.2495,65.2916,68437,82852,Rhinolophus ferrumequinum,0.028,0.028,-1,Echolocation,/mnt/ubna_data_02_mir/recover-20221013/UBNA_001/20221012_030000.WAV,Telephone Field,recover-20221013,001,1795
65.25450000000001,65.2632,28046,40251,Eptesicus serotinus,0.008,0.022,-1,Echolocation,/mnt/ubna_data_02_mir/recover-20221013/UBNA_001/20221012_030000.WAV,Telephone Field,recover-20221013,001,1795
65.2885,65.3118,17734,20809,Nyctalus noctula,0.016,0.026,-1,Echolocation,/mnt/ubna_data_02_mir/recover-20221013/UBNA_001/20221012_030000.WAV,Telephone Field,recover-20221013,001,1795
65.2945,65.3361,68437,82677,Rhinolophus ferrumequinum,0.025,0.025,-1,Echolocation,/mnt/ubna_data_02_mir/recover-20221013/UBNA_001/20221012_030000.WAV,Telephone Field,recover-20221013,001,1795
65.3005,65.3419,68437,82898,Rhinolophus ferrumequinum,0.026,0.026,-1,Echolocation,/mnt/ubna_data_02_mir/recover-20221013/UBNA_001/20221012_030000.WAV,Telephone Field,recover-20221013,001,1795
65.3495,65.359,28046,38496,Eptesicus serotinus,0.01,0.023,-1,Echolocation,/mnt/ubna_data_02_mir/recover-20221013/UBNA_001/20221012_030000.WAV,Telephone Field,recover-20221013,001,1795
65.3555,65.3631,28046,39060,Eptesicus serotinus,0.007,0.022,-1,Echolocation,/mnt/ubna_data_02_mir/recover-20221013/UBNA_001/20221012_030000.WAV,Telephone Field,recover-20221013,001,1795
65.3765,65.4191,68437,82784,Rhinolophus ferrumequinum,0.027,0.027,-1,Echolocation,/mnt/ubna_data_02_mir/recover-20221013/UBNA_001/20221012_030000.WAV,Telephone Field,recover-20221013,001,1795
65.4225,65.4309,28046,39187,Eptesicus serotinus,0.011,0.029,-1,Echolocation,/mnt/ubna_data_02_mir/recover-20221013/UBNA_001/20221012_030000.WAV,Telephone Field,recover-20221013,001,1795
65.4735,65.5152,68437,82923,Rhinolophus ferrumequinum,0.025,0.025,-1,Echolocation,/mnt/ubna_data_02_mir/recover-20221013/UBNA_001/20221012_030000.WAV,Telephone Field,recover-20221013,001,1795
65.5155,65.5517,68437,81302,Rhinolophus ferrumequinum,0.022,0.022,-1,Echolocation,/mnt/ubna_data_02_mir/recover-20221013/UBNA_001/20221012_030000.WAV,Telephone Field,recover-20221013,001,1795
65.5255,65.5329,28046,40554,Eptesicus serotinus,0.007,0.023,-1,Echolocation,/mnt/ubna_data_02_mir/recover-20221013/UBNA_001/20221012_030000.WAV,Telephone Field,recover-20221013,001,1795
65.5515,65.5932,68437,82351,Rhinolophus ferrumequinum,0.024,0.024,-1,Echolocation,/mnt/ubna_data_02_mir/recover-20221013/UBNA_001/20221012_030000.WAV,Telephone Field,recover-20221013,001,1795
65.5775,65.6184,68437,83011,Rhinolophus ferrumequinum,0.03,0.03,-1,Echolocation,/mnt/ubna_data_02_mir/recover-20221013/UBNA_001/20221012_030000.WAV,Telephone Field,recover-20221013,001,1795
65.5785,65.5865,26328,39015,Eptesicus serotinus,0.007,0.022,-1,Echolocation,/mnt/ubna_data_02_mir/recover-20221013/UBNA_001/20221012_030000.WAV,Telephone Field,recover-20221013,001,1795
65.6305,65.6388,27187,38367,Eptesicus serotinus,0.007,0.023,-1,Echolocation,/mnt/ubna_data_02_mir/recover-20221013/UBNA_001/20221012_030000.WAV,Telephone Field,recover-20221013,001,1795
65.6465,65.65690000000001,38359,43150,Pipistrellus nathusii,0.009,0.021,-1,Echolocation,/mnt/ubna_data_02_mir/recover-20221013/UBNA_001/20221012_030000.WAV,Telephone Field,recover-20221013,001,1795
65.6615,65.6998,68437,82220,Rhinolophus ferrumequinum,0.032,0.032,-1,Echolocation,/mnt/ubna_data_02_mir/recover-20221013/UBNA_001/20221012_030000.WAV,Telephone Field,recover-20221013,001,1795
65.6985,65.7376,68437,82433,Rhinolophus ferrumequinum,0.023,0.023,-1,Echolocation,/mnt/ubna_data_02_mir/recover-20221013/UBNA_001/20221012_030000.WAV,Telephone Field,recover-20221013,001,1795
65.7385,65.7813,68437,82742,Rhinolophus ferrumequinum,0.03,0.03,-1,Echolocation,/mnt/ubna_data_02_mir/recover-20221013/UBNA_001/20221012_030000.WAV,Telephone Field,recover-20221013,001,1795
65.7415,65.7479,28046,42550,Eptesicus serotinus,0.006,0.023,-1,Echolocation,/mnt/ubna_data_02_mir/recover-20221013/UBNA_001/20221012_030000.WAV,Telephone Field,recover-20221013,001,1795
65.7525,65.7633,22031,26399,Nyctalus leisleri,0.011,0.021,-1,Echolocation,/mnt/ubna_data_02_mir/recover-20221013/UBNA_001/20221012_030000.WAV,Telephone Field,recover-20221013,001,1795
65.7765,65.7872,27187,35063,Eptesicus serotinus,0.014,0.028,-1,Echolocation,/mnt/ubna_data_02_mir/recover-20221013/UBNA_001/20221012_030000.WAV,Telephone Field,recover-20221013,001,1795
65.7965,65.8325,68437,81514,Rhinolophus ferrumequinum,0.021,0.021,-1,Echolocation,/mnt/ubna_data_02_mir/recover-20221013/UBNA_001/20221012_030000.WAV,Telephone Field,recover-20221013,001,1795
65.8145,65.851,68437,82321,Rhinolophus ferrumequinum,0.023,0.023,-1,Echolocation,/mnt/ubna_data_02_mir/recover-20221013/UBNA_001/20221012_030000.WAV,Telephone Field,recover-20221013,001,1795
65.8435,65.8532,28046,36186,Eptesicus serotinus,0.01,0.025,-1,Echolocation,/mnt/ubna_data_02_mir/recover-20221013/UBNA_001/20221012_030000.WAV,Telephone Field,recover-20221013,001,1795
65.8565,65.8688,23750,28464,Nyctalus leisleri,0.017,0.031,-1,Echolocation,/mnt/ubna_data_02_mir/recover-20221013/UBNA_001/20221012_030000.WAV,Telephone Field,recover-20221013,001,1795
65.8865,65.8953,25468,34300,Eptesicus serotinus,0.008,0.022,-1,Echolocation,/mnt/ubna_data_02_mir/recover-20221013/UBNA_001/20221012_030000.WAV,Telephone Field,recover-20221013,001,1795
65.8935,65.9342,68437,83190,Rhinolophus ferrumequinum,0.029,0.029,-1,Echolocation,/mnt/ubna_data_02_mir/recover-20221013/UBNA_001/20221012_030000.WAV,Telephone Field,recover-20221013,001,1795
65.8955,65.9039,28906,38288,Eptesicus serotinus,0.009,0.025,-1,Echolocation,/mnt/ubna_data_02_mir/recover-20221013/UBNA_001/20221012_030000.WAV,Telephone Field,recover-20221013,001,1795
65.9095,65.9479,68437,81698,Rhinolophus ferrumequinum,0.023,0.023,-1,Echolocation,/mnt/ubna_data_02_mir/recover-20221013/UBNA_001/20221012_030000.WAV,Telephone Field,recover-20221013,001,1795
65.9315,65.9701,68437,82247,Rhinolophus ferrumequinum,0.025,0.025,-1,Echolocation,/mnt/ubna_data_02_mir/recover-20221013/UBNA_001/20221012_030000.WAV,Telephone Field,recover-20221013,001,1795
65.9415,65.9486,28046,39003,Eptesicus serotinus,0.008,0.029,-1,Echolocation,/mnt/ubna_data_02_mir/recover-20221013/UBNA_001/20221012_030000.WAV,Telephone Field,recover-20221013,001,1795
65.9535,65.993,68437,82301,Rhinolophus ferrumequinum,0.024,0.024,-1,Echolocation,/mnt/ubna_data_02_mir/recover-20221013/UBNA_001/20221012_030000.WAV,Telephone Field,recover-20221013,001,1795
65.9835,65.9921,27187,38105,Eptesicus serotinus,0.008,0.022,-1,Echolocation,/mnt/ubna_data_02_mir/recover-20221013/UBNA_001/20221012_030000.WAV,Telephone Field,recover-20221013,001,1795
65.9885,65.9973,26328,36999,Eptesicus serotinus,0.008,0.022,-1,Echolocation,/mnt/ubna_data_02_mir/recover-20221013/UBNA_001/20221012_030000.WAV,Telephone Field,recover-20221013,001,1795
66.0015,66.0143,56406,62118,Pipistrellus pygmaeus,0.019,0.022,-1,Echolocation,/mnt/ubna_data_02_mir/recover-20221013/UBNA_001/20221012_030000.WAV,Telephone Field,recover-20221013,001,1795
66.0015,66.0343,69296,81396,Rhinolophus ferrumequinum,0.027,0.027,-1,Echolocation,/mnt/ubna_data_02_mir/recover-20221013/UBNA_001/20221012_030000.WAV,Telephone Field,recover-20221013,001,1795
66.0015,66.0103,26328,33898,Nyctalus leisleri,0.013,0.034,-1,Echolocation,/mnt/ubna_data_02_mir/recover-20221013/UBNA_001/20221012_030000.WAV,Telephone Field,recover-20221013,001,1795
66.0015,66.0113,46093,51885,Pipistrellus pipistrellus,0.019,0.025,-1,Echolocation,/mnt/ubna_data_02_mir/recover-20221013/UBNA_001/20221012_030000.WAV,Telephone Field,recover-20221013,001,1795
66.0225,66.0631,68437,82534,Rhinolophus ferrumequinum,0.025,0.025,-1,Echolocation,/mnt/ubna_data_02_mir/recover-20221013/UBNA_001/20221012_030000.WAV,Telephone Field,recover-20221013,001,1795
66.0715,66.0779,27187,41908,Eptesicus serotinus,0.005,0.021,-1,Echolocation,/mnt/ubna_data_02_mir/recover-20221013/UBNA_001/20221012_030000.WAV,Telephone Field,recover-20221013,001,1795
66.1095,66.1235,22890,27258,Nyctalus leisleri,0.018,0.029,-1,Echolocation,/mnt/ubna_data_02_mir/recover-20221013/UBNA_001/20221012_030000.WAV,Telephone Field,recover-20221013,001,1795
66.12950000000001,66.1697,68437,82622,Rhinolophus ferrumequinum,0.025,0.025,-1,Echolocation,/mnt/ubna_data_02_mir/recover-20221013/UBNA_001/20221012_030000.WAV,Telephone Field,recover-20221013,001,1795
66.1425,66.1816,68437,82696,Rhinolophus ferrumequinum,0.022,0.022,-1,Echolocation,/mnt/ubna_data_02_mir/recover-20221013/UBNA_001/20221012_030000.WAV,Telephone Field,recover-20221013,001,1795
66.1585,66.1671,28906,39084,Eptesicus serotinus,0.01,0.027,-1,Echolocation,/mnt/ubna_data_02_mir/recover-20221013/UBNA_001/20221012_030000.WAV,Telephone Field,recover-20221013,001,1795
66.1725,66.2071,68437,81411,Rhinolophus ferrumequinum,0.021,0.021,-1,Echolocation,/mnt/ubna_data_02_mir/recover-20221013/UBNA_001/20221012_030000.WAV,Telephone Field,recover-20221013,001,1795
66.1735,66.1816,28046,41258,Eptesicus serotinus,0.008,0.023,-1,Echolocation,/mnt/ubna_data_02_mir/recover-20221013/UBNA_001/20221012_030000.WAV,Telephone Field,recover-20221013,001,1795
66.1965,66.2371,68437,82737,Rhinolophus ferrumequinum,0.023,0.023,-1,Echolocation,/mnt/ubna_data_02_mir/recover-20221013/UBNA_001/20221012_030000.WAV,Telephone Field,recover-20221013,001,1795
66.2465,66.2838,68437,81106,Rhinolophus ferrumequinum,0.021,0.021,-1,Echolocation,/mnt/ubna_data_02_mir/recover-20221013/UBNA_001/20221012_030000.WAV,Telephone Field,recover-20221013,001,1795
66.2905,66.3305,68437,82431,Rhinolophus ferrumequinum,0.021,0.021,-1,Echolocation,/mnt/ubna_data_02_mir/recover-20221013/UBNA_001/20221012_030000.WAV,Telephone Field,recover-20221013,001,1795
66.3255,66.3343,22890,29291,Plecotus austriacus,0.007,0.021,-1,Echolocation,/mnt/ubna_data_02_mir/recover-20221013/UBNA_001/20221012_030000.WAV,Telephone Field,recover-20221013,001,1795
66.3285,66.3675,68437,82409,Rhinolophus ferrumequinum,0.026,0.026,-1,Echolocation,/mnt/ubna_data_02_mir/recover-20221013/UBNA_001/20221012_030000.WAV,Telephone Field,recover-20221013,001,1795
66.3455,66.3788,68437,80974,Rhinolophus ferrumequinum,0.022,0.022,-1,Echolocation,/mnt/ubna_data_02_mir/recover-20221013/UBNA_001/20221012_030000.WAV,Telephone Field,recover-20221013,001,1795
66.3755,66.3827,27187,37578,Eptesicus serotinus,0.008,0.023,-1,Echolocation,/mnt/ubna_data_02_mir/recover-20221013/UBNA_001/20221012_030000.WAV,Telephone Field,recover-20221013,001,1795
66.3815,66.4203,68437,82373,Rhinolophus ferrumequinum,0.021,0.021,-1,Echolocation,/mnt/ubna_data_02_mir/recover-20221013/UBNA_001/20221012_030000.WAV,Telephone Field,recover-20221013,001,1795
66.4865,66.5207,68437,81403,Rhinolophus ferrumequinum,0.021,0.021,-1,Echolocation,/mnt/ubna_data_02_mir/recover-20221013/UBNA_001/20221012_030000.WAV,Telephone Field,recover-20221013,001,1795
66.4915,66.4992,23750,32170,Plecotus austriacus,0.01,0.024,-1,Echolocation,/mnt/ubna_data_02_mir/recover-20221013/UBNA_001/20221012_030000.WAV,Telephone Field,recover-20221013,001,1795
66.4975,66.5322,68437,80796,Rhinolophus ferrumequinum,0.022,0.022,-1,Echolocation,/mnt/ubna_data_02_mir/recover-20221013/UBNA_001/20221012_030000.WAV,Telephone Field,recover-20221013,001,1795
66.5135,66.5503,68437,82357,Rhinolophus ferrumequinum,0.022,0.022,-1,Echolocation,/mnt/ubna_data_02_mir/recover-20221013/UBNA_001/20221012_030000.WAV,Telephone Field,recover-20221013,001,1795
66.5225,66.5618,68437,82394,Rhinolophus ferrumequinum,0.021,0.021,-1,Echolocation,/mnt/ubna_data_02_mir/recover-20221013/UBNA_001/20221012_030000.WAV,Telephone Field,recover-20221013,001,1795
66.5435,66.5816,68437,82023,Rhinolophus ferrumequinum,0.021,0.021,-1,Echolocation,/mnt/ubna_data_02_mir/recover-20221013/UBNA_001/20221012_030000.WAV,Telephone Field,recover-20221013,001,1795
66.5585,66.5969,68437,81872,Rhinolophus ferrumequinum,0.023,0.023,-1,Echolocation,/mnt/ubna_data_02_mir/recover-20221013/UBNA_001/20221012_030000.WAV,Telephone Field,recover-20221013,001,1795
66.5985,66.6073,28906,38573,Eptesicus serotinus,0.009,0.022,-1,Echolocation,/mnt/ubna_data_02_mir/recover-20221013/UBNA_001/20221012_030000.WAV,Telephone Field,recover-20221013,001,1795
66.6065,66.615,14296,22128,Plecotus auritus,0.018,0.027,-1,Echolocation,/mnt/ubna_data_02_mir/recover-20221013/UBNA_001/20221012_030000.WAV,Telephone Field,recover-20221013,001,1795
66.6665,66.7059,68437,81886,Rhinolophus ferrumequinum,0.021,0.021,-1,Echolocation,/mnt/ubna_data_02_mir/recover-20221013/UBNA_001/20221012_030000.WAV,Telephone Field,recover-20221013,001,1795
66.6895,66.6961,28046,42029,Eptesicus serotinus,0.007,0.025,-1,Echolocation,/mnt/ubna_data_02_mir/recover-20221013/UBNA_001/20221012_030000.WAV,Telephone Field,recover-20221013,001,1795
66.7235,66.7628,68437,81664,Rhinolophus ferrumequinum,0.022,0.022,-1,Echolocation,/mnt/ubna_data_02_mir/recover-20221013/UBNA_001/20221012_030000.WAV,Telephone Field,recover-20221013,001,1795
66.7305,66.7416,28906,35723,Eptesicus serotinus,0.01,0.022,-1,Echolocation,/mnt/ubna_data_02_mir/recover-20221013/UBNA_001/20221012_030000.WAV,Telephone Field,recover-20221013,001,1795
66.7415,66.7783,68437,82371,Rhinolophus ferrumequinum,0.023,0.023,-1,Echolocation,/mnt/ubna_data_02_mir/recover-20221013/UBNA_001/20221012_030000.WAV,Telephone Field,recover-20221013,001,1795
66.7495,66.7842,68437,81333,Rhinolophus ferrumequinum,0.022,0.022,-1,Echolocation,/mnt/ubna_data_02_mir/recover-20221013/UBNA_001/20221012_030000.WAV,Telephone Field,recover-20221013,001,1795
66.7765,66.7852,27187,37495,Eptesicus serotinus,0.008,0.021,-1,Echolocation,/mnt/ubna_data_02_mir/recover-20221013/UBNA_001/20221012_030000.WAV,Telephone Field,recover-20221013,001,1795
66.7795,66.7891,22031,27294,Nyctalus leisleri,0.008,0.021,-1,Echolocation,/mnt/ubna_data_02_mir/recover-20221013/UBNA_001/20221012_030000.WAV,Telephone Field,recover-20221013,001,1795
66.8325,66.8437,22890,28627,Nyctalus leisleri,0.012,0.026,-1,Echolocation,/mnt/ubna_data_02_mir/recover-20221013/UBNA_001/20221012_030000.WAV,Telephone Field,recover-20221013,001,1795
66.8455,66.8835,68437,81938,Rhinolophus ferrumequinum,0.024,0.024,-1,Echolocation,/mnt/ubna_data_02_mir/recover-20221013/UBNA_001/20221012_030000.WAV,Telephone Field,recover-20221013,001,1795
66.8695,66.9075,68437,82165,Rhinolophus ferrumequinum,0.022,0.022,-1,Echolocation,/mnt/ubna_data_02_mir/recover-20221013/UBNA_001/20221012_030000.WAV,Telephone Field,recover-20221013,001,1795
66.9315,66.9401,28046,40955,Eptesicus serotinus,0.009,0.024,-1,Echolocation,/mnt/ubna_data_02_mir/recover-20221013/UBNA_001/20221012_030000.WAV,Telephone Field,recover-20221013,001,1795
66.9445,66.9552,27187,34134,Eptesicus serotinus,0.011,0.023,-1,Echolocation,/mnt/ubna_data_02_mir/recover-20221013/UBNA_001/20221012_030000.WAV,Telephone Field,recover-20221013,001,1795
66.9645,67.0057,68437,82599,Rhinolophus ferrumequinum,0.022,0.022,-1,Echolocation,/mnt/ubna_data_02_mir/recover-20221013/UBNA_001/20221012_030000.WAV,Telephone Field,recover-20221013,001,1795
66.9705,67.0106,68437,82059,Rhinolophus ferrumequinum,0.021,0.021,-1,Echolocation,/mnt/ubna_data_02_mir/recover-20221013/UBNA_001/20221012_030000.WAV,Telephone Field,recover-20221013,001,1795
66.9715,66.9821,22031,26218,Nyctalus leisleri,0.011,0.021,-1,Echolocation,/mnt/ubna_data_02_mir/recover-20221013/UBNA_001/20221012_030000.WAV,Telephone Field,recover-20221013,001,1795
66.98949999999999,67.0287,68437,82290,Rhinolophus ferrumequinum,0.028,0.028,-1,Echolocation,/mnt/ubna_data_02_mir/recover-20221013/UBNA_001/20221012_030000.WAV,Telephone Field,recover-20221013,001,1795
67.0035,67.0108,23750,33196,Plecotus austriacus,0.011,0.025,-1,Echolocation,/mnt/ubna_data_02_mir/recover-20221013/UBNA_001/20221012_030000.WAV,Telephone Field,recover-20221013,001,1795
67.0145,67.0236,28906,37357,Eptesicus serotinus,0.009,0.022,-1,Echolocation,/mnt/ubna_data_02_mir/recover-20221013/UBNA_001/20221012_030000.WAV,Telephone Field,recover-20221013,001,1795
67.0395,67.0755,68437,81922,Rhinolophus ferrumequinum,0.022,0.022,-1,Echolocation,/mnt/ubna_data_02_mir/recover-20221013/UBNA_001/20221012_030000.WAV,Telephone Field,recover-20221013,001,1795
67.0485,67.0555,47812,52033,Pipistrellus pipistrellus,0.02,0.021,-1,Echolocation,/mnt/ubna_data_02_mir/recover-20221013/UBNA_001/20221012_030000.WAV,Telephone Field,recover-20221013,001,1795
67.0515,67.0601,27187,38152,Eptesicus serotinus,0.009,0.024,-1,Echolocation,/mnt/ubna_data_02_mir/recover-20221013/UBNA_001/20221012_030000.WAV,Telephone Field,recover-20221013,001,1795
67.0695,67.1076,68437,82033,Rhinolophus ferrumequinum,0.021,0.021,-1,Echolocation,/mnt/ubna_data_02_mir/recover-20221013/UBNA_001/20221012_030000.WAV,Telephone Field,recover-20221013,001,1795
67.1415,67.1485,28046,41029,Eptesicus serotinus,0.009,0.026,-1,Echolocation,/mnt/ubna_data_02_mir/recover-20221013/UBNA_001/20221012_030000.WAV,Telephone Field,recover-20221013,001,1795
67.1435,67.1863,68437,83400,Rhinolophus ferrumequinum,0.034,0.034,-1,Echolocation,/mnt/ubna_data_02_mir/recover-20221013/UBNA_001/20221012_030000.WAV,Telephone Field,recover-20221013,001,1795
67.1535,67.1647,36640,42306,Pipistrellus nathusii,0.007,0.021,-1,Echolocation,/mnt/ubna_data_02_mir/recover-20221013/UBNA_001/20221012_030000.WAV,Telephone Field,recover-20221013,001,1795
67.2015,67.2374,68437,81278,Rhinolophus ferrumequinum,0.021,0.021,-1,Echolocation,/mnt/ubna_data_02_mir/recover-20221013/UBNA_001/20221012_030000.WAV,Telephone Field,recover-20221013,001,1795
67.2245,67.2621,68437,81661,Rhinolophus ferrumequinum,0.025,0.025,-1,Echolocation,/mnt/ubna_data_02_mir/recover-20221013/UBNA_001/20221012_030000.WAV,Telephone Field,recover-20221013,001,1795
67.2445,67.2826,68437,82303,Rhinolophus ferrumequinum,0.023,0.023,-1,Echolocation,/mnt/ubna_data_02_mir/recover-20221013/UBNA_001/20221012_030000.WAV,Telephone Field,recover-20221013,001,1795
67.2635,67.2708,24609,32731,Plecotus austriacus,0.009,0.025,-1,Echolocation,/mnt/ubna_data_02_mir/recover-20221013/UBNA_001/20221012_030000.WAV,Telephone Field,recover-20221013,001,1795
67.2765,67.3167,68437,82525,Rhinolophus ferrumequinum,0.027,0.027,-1,Echolocation,/mnt/ubna_data_02_mir/recover-20221013/UBNA_001/20221012_030000.WAV,Telephone Field,recover-20221013,001,1795
67.2835,67.2913,28046,39833,Eptesicus serotinus,0.007,0.021,-1,Echolocation,/mnt/ubna_data_02_mir/recover-20221013/UBNA_001/20221012_030000.WAV,Telephone Field,recover-20221013,001,1795
67.3105,67.3483,68437,81999,Rhinolophus ferrumequinum,0.022,0.022,-1,Echolocation,/mnt/ubna_data_02_mir/recover-20221013/UBNA_001/20221012_030000.WAV,Telephone Field,recover-20221013,001,1795
67.3355,67.343,28906,38260,Eptesicus serotinus,0.008,0.023,-1,Echolocation,/mnt/ubna_data_02_mir/recover-20221013/UBNA_001/20221012_030000.WAV,Telephone Field,recover-20221013,001,1795
67.3475,67.3889,68437,82696,Rhinolophus ferrumequinum,0.029,0.029,-1,Echolocation,/mnt/ubna_data_02_mir/recover-20221013/UBNA_001/20221012_030000.WAV,Telephone Field,recover-20221013,001,1795
67.3895,67.4058,21171,24604,Nyctalus leisleri,0.013,0.022,-1,Echolocation,/mnt/ubna_data_02_mir/recover-20221013/UBNA_001/20221012_030000.WAV,Telephone Field,recover-20221013,001,1795
67.3955,67.412,21171,24428,Nyctalus leisleri,0.014,0.023,-1,Echolocation,/mnt/ubna_data_02_mir/recover-20221013/UBNA_001/20221012_030000.WAV,Telephone Field,recover-20221013,001,1795
67.4285,67.4409,27187,33554,Eptesicus serotinus,0.013,0.028,-1,Echolocation,/mnt/ubna_data_02_mir/recover-20221013/UBNA_001/20221012_030000.WAV,Telephone Field,recover-20221013,001,1795
67.4495,67.4859,68437,82258,Rhinolophus ferrumequinum,0.023,0.023,-1,Echolocation,/mnt/ubna_data_02_mir/recover-20221013/UBNA_001/20221012_030000.WAV,Telephone Field,recover-20221013,001,1795
67.4585,67.4661,28046,38696,Eptesicus serotinus,0.007,0.022,-1,Echolocation,/mnt/ubna_data_02_mir/recover-20221013/UBNA_001/20221012_030000.WAV,Telephone Field,recover-20221013,001,1795
67.4745,67.5127,68437,81703,Rhinolophus ferrumequinum,0.021,0.021,-1,Echolocation,/mnt/ubna_data_02_mir/recover-20221013/UBNA_001/20221012_030000.WAV,Telephone Field,recover-20221013,001,1795
67.4805,67.5165,68437,81905,Rhinolophus ferrumequinum,0.023,0.023,-1,Echolocation,/mnt/ubna_data_02_mir/recover-20221013/UBNA_001/20221012_030000.WAV,Telephone Field,recover-20221013,001,1795
67.4945,67.5304,68437,81372,Rhinolophus ferrumequinum,0.021,0.021,-1,Echolocation,/mnt/ubna_data_02_mir/recover-20221013/UBNA_001/20221012_030000.WAV,Telephone Field,recover-20221013,001,1795
67.51050000000001,67.5196,28906,37440,Eptesicus serotinus,0.008,0.021,-1,Echolocation,/mnt/ubna_data_02_mir/recover-20221013/UBNA_001/20221012_030000.WAV,Telephone Field,recover-20221013,001,1795
67.5215,67.5318,28046,36523,Eptesicus serotinus,0.01,0.022,-1,Echolocation,/mnt/ubna_data_02_mir/recover-20221013/UBNA_001/20221012_030000.WAV,Telephone Field,recover-20221013,001,1795
67.5395,67.5491,22890,28997,Nyctalus leisleri,0.008,0.021,-1,Echolocation,/mnt/ubna_data_02_mir/recover-20221013/UBNA_001/20221012_030000.WAV,Telephone Field,recover-20221013,001,1795
67.5625,67.5716,24609,31386,Nyctalus leisleri,0.007,0.022,-1,Echolocation,/mnt/ubna_data_02_mir/recover-20221013/UBNA_001/20221012_030000.WAV,Telephone Field,recover-20221013,001,1795
67.5785,67.6186,68437,81733,Rhinolophus ferrumequinum,0.021,0.021,-1,Echolocation,/mnt/ubna_data_02_mir/recover-20221013/UBNA_001/20221012_030000.WAV,Telephone Field,recover-20221013,001,1795
67.6225,67.6334,25468,31122,Nyctalus leisleri,0.009,0.024,-1,Echolocation,/mnt/ubna_data_02_mir/recover-20221013/UBNA_001/20221012_030000.WAV,Telephone Field,recover-20221013,001,1795
67.6445,67.6862,68437,82769,Rhinolophus ferrumequinum,0.025,0.025,-1,Echolocation,/mnt/ubna_data_02_mir/recover-20221013/UBNA_001/20221012_030000.WAV,Telephone Field,recover-20221013,001,1795
67.6815,67.6881,27187,40770,Eptesicus serotinus,0.006,0.025,-1,Echolocation,/mnt/ubna_data_02_mir/recover-20221013/UBNA_001/20221012_030000.WAV,Telephone Field,recover-20221013,001,1795
67.6905,67.7282,68437,81800,Rhinolophus ferrumequinum,0.022,0.022,-1,Echolocation,/mnt/ubna_data_02_mir/recover-20221013/UBNA_001/20221012_030000.WAV,Telephone Field,recover-20221013,001,1795
67.7025,67.7101,28906,38685,Eptesicus serotinus,0.008,0.023,-1,Echolocation,/mnt/ubna_data_02_mir/recover-20221013/UBNA_001/20221012_030000.WAV,Telephone Field,recover-20221013,001,1795
67.7385,67.7805,68437,82516,Rhinolophus ferrumequinum,0.023,0.023,-1,Echolocation,/mnt/ubna_data_02_mir/recover-20221013/UBNA_001/20221012_030000.WAV,Telephone Field,recover-20221013,001,1795
67.7615,67.7999,68437,81852,Rhinolophus ferrumequinum,0.021,0.021,-1,Echolocation,/mnt/ubna_data_02_mir/recover-20221013/UBNA_001/20221012_030000.WAV,Telephone Field,recover-20221013,001,1795
67.7835,67.7936,28046,35481,Eptesicus serotinus,0.01,0.021,-1,Echolocation,/mnt/ubna_data_02_mir/recover-20221013/UBNA_001/20221012_030000.WAV,Telephone Field,recover-20221013,001,1795
67.8015,67.8102,28046,37227,Eptesicus serotinus,0.008,0.022,-1,Echolocation,/mnt/ubna_data_02_mir/recover-20221013/UBNA_001/20221012_030000.WAV,Telephone Field,recover-20221013,001,1795
67.8045,67.8208,20312,24002,Nyctalus leisleri,0.011,0.022,-1,Echolocation,/mnt/ubna_data_02_mir/recover-20221013/UBNA_001/20221012_030000.WAV,Telephone Field,recover-20221013,001,1795
67.8155,67.8511,68437,81872,Rhinolophus ferrumequinum,0.021,0.021,-1,Echolocation,/mnt/ubna_data_02_mir/recover-20221013/UBNA_001/20221012_030000.WAV,Telephone Field,recover-20221013,001,1795
67.8215,67.8592,68437,82044,Rhinolophus ferrumequinum,0.021,0.021,-1,Echolocation,/mnt/ubna_data_02_mir/recover-20221013/UBNA_001/20221012_030000.WAV,Telephone Field,recover-20221013,001,1795
67.8395,67.847,23750,32663,Plecotus austriacus,0.01,0.024,-1,Echolocation,/mnt/ubna_data_02_mir/recover-20221013/UBNA_001/20221012_030000.WAV,Telephone Field,recover-20221013,001,1795
67.8965,67.9081,22890,29286,Nyctalus leisleri,0.039,0.113,-1,Echolocation,/mnt/ubna_data_02_mir/recover-20221013/UBNA_001/20221012_030000.WAV,Telephone Field,recover-20221013,001,1795
67.9245,67.9649,68437,82501,Rhinolophus ferrumequinum,0.021,0.021,-1,Echolocation,/mnt/ubna_data_02_mir/recover-20221013/UBNA_001/20221012_030000.WAV,Telephone Field,recover-20221013,001,1795
67.9365,67.973,68437,81928,Rhinolophus ferrumequinum,0.022,0.022,-1,Echolocation,/mnt/ubna_data_02_mir/recover-20221013/UBNA_001/20221012_030000.WAV,Telephone Field,recover-20221013,001,1795
67.9455,67.9549,28906,41059,Eptesicus serotinus,0.008,0.022,-1,Echolocation,/mnt/ubna_data_02_mir/recover-20221013/UBNA_001/20221012_030000.WAV,Telephone Field,recover-20221013,001,1795
67.9855,67.9949,22890,29902,Nyctalus leisleri,0.007,0.022,-1,Echolocation,/mnt/ubna_data_02_mir/recover-20221013/UBNA_001/20221012_030000.WAV,Telephone Field,recover-20221013,001,1795
68.0015,68.0359,68437,79684,Rhinolophus ferrumequinum,0.026,0.027,-1,Echolocation,/mnt/ubna_data_02_mir/recover-20221013/UBNA_001/20221012_030000.WAV,Telephone Field,recover-20221013,001,1795
68.0015,68.0116,27187,34868,Eptesicus serotinus,0.01,0.028,-1,Echolocation,/mnt/ubna_data_02_mir/recover-20221013/UBNA_001/20221012_030000.WAV,Telephone Field,recover-20221013,001,1795
68.0125,68.022,27187,38178,Eptesicus serotinus,0.01,0.023,-1,Echolocation,/mnt/ubna_data_02_mir/recover-20221013/UBNA_001/20221012_030000.WAV,Telephone Field,recover-20221013,001,1795
68.0235,68.0338,23750,29351,Nyctalus leisleri,0.01,0.023,-1,Echolocation,/mnt/ubna_data_02_mir/recover-20221013/UBNA_001/20221012_030000.WAV,Telephone Field,recover-20221013,001,1795
68.0525,68.0605,28046,40293,Eptesicus serotinus,0.007,0.022,-1,Echolocation,/mnt/ubna_data_02_mir/recover-20221013/UBNA_001/20221012_030000.WAV,Telephone Field,recover-20221013,001,1795
68.0635,68.0743,22890,28229,Nyctalus leisleri,0.01,0.022,-1,Echolocation,/mnt/ubna_data_02_mir/recover-20221013/UBNA_001/20221012_030000.WAV,Telephone Field,recover-20221013,001,1795
68.0945,68.1291,68437,82066,Rhinolophus ferrumequinum,0.022,0.022,-1,Echolocation,/mnt/ubna_data_02_mir/recover-20221013/UBNA_001/20221012_030000.WAV,Telephone Field,recover-20221013,001,1795
68.0965,68.1048,28046,37900,Eptesicus serotinus,0.008,0.021,-1,Echolocation,/mnt/ubna_data_02_mir/recover-20221013/UBNA_001/20221012_030000.WAV,Telephone Field,recover-20221013,001,1795
68.1525,68.1918,68437,82428,Rhinolophus ferrumequinum,0.024,0.024,-1,Echolocation,/mnt/ubna_data_02_mir/recover-20221013/UBNA_001/20221012_030000.WAV,Telephone Field,recover-20221013,001,1795
68.1975,68.2345,68437,81666,Rhinolophus ferrumequinum,0.022,0.022,-1,Echolocation,/mnt/ubna_data_02_mir/recover-20221013/UBNA_001/20221012_030000.WAV,Telephone Field,recover-20221013,001,1795
68.2095,68.2172,28906,39389,Eptesicus serotinus,0.008,0.024,-1,Echolocation,/mnt/ubna_data_02_mir/recover-20221013/UBNA_001/20221012_030000.WAV,Telephone Field,recover-20221013,001,1795
68.2215,68.2589,68437,81803,Rhinolophus ferrumequinum,0.021,0.022,-1,Echolocation,/mnt/ubna_data_02_mir/recover-20221013/UBNA_001/20221012_030000.WAV,Telephone Field,recover-20221013,001,1795
68.22749999999999,68.2433,21171,24436,Nyctalus leisleri,0.013,0.022,-1,Echolocation,/mnt/ubna_data_02_mir/recover-20221013/UBNA_001/20221012_030000.WAV,Telephone Field,recover-20221013,001,1795
68.2595,68.269,28046,35930,Eptesicus serotinus,0.008,0.021,-1,Echolocation,/mnt/ubna_data_02_mir/recover-20221013/UBNA_001/20221012_030000.WAV,Telephone Field,recover-20221013,001,1795
68.2615,68.3049,68437,82873,Rhinolophus ferrumequinum,0.034,0.035,-1,Echolocation,/mnt/ubna_data_02_mir/recover-20221013/UBNA_001/20221012_030000.WAV,Telephone Field,recover-20221013,001,1795
68.2735,68.3113,68437,81975,Rhinolophus ferrumequinum,0.033,0.033,-1,Echolocation,/mnt/ubna_data_02_mir/recover-20221013/UBNA_001/20221012_030000.WAV,Telephone Field,recover-20221013,001,1795
68.3105,68.3204,27187,39426,Eptesicus serotinus,0.011,0.024,-1,Echolocation,/mnt/ubna_data_02_mir/recover-20221013/UBNA_001/20221012_030000.WAV,Telephone Field,recover-20221013,001,1795
68.3305,68.3672,68437,82011,Rhinolophus ferrumequinum,0.025,0.025,-1,Echolocation,/mnt/ubna_data_02_mir/recover-20221013/UBNA_001/20221012_030000.WAV,Telephone Field,recover-20221013,001,1795
68.3425,68.3549,22031,26202,Nyctalus leisleri,0.012,0.022,-1,Echolocation,/mnt/ubna_data_02_mir/recover-20221013/UBNA_001/20221012_030000.WAV,Telephone Field,recover-20221013,001,1795
68.3905,68.4072,20312,23470,Nyctalus leisleri,0.014,0.024,-1,Echolocation,/mnt/ubna_data_02_mir/recover-20221013/UBNA_001/20221012_030000.WAV,Telephone Field,recover-20221013,001,1795
68.3995,68.4377,68437,81824,Rhinolophus ferrumequinum,0.021,0.021,-1,Echolocation,/mnt/ubna_data_02_mir/recover-20221013/UBNA_001/20221012_030000.WAV,Telephone Field,recover-20221013,001,1795
68.4195,68.4267,28046,40008,Eptesicus serotinus,0.006,0.021,-1,Echolocation,/mnt/ubna_data_02_mir/recover-20221013/UBNA_001/20221012_030000.WAV,Telephone Field,recover-20221013,001,1795
68.4325,68.4716,68437,81842,Rhinolophus ferrumequinum,0.022,0.022,-1,Echolocation,/mnt/ubna_data_02_mir/recover-20221013/UBNA_001/20221012_030000.WAV,Telephone Field,recover-20221013,001,1795
68.4685,68.4884,19453,22081,Nyctalus leisleri,0.012,0.023,-1,Echolocation,/mnt/ubna_data_02_mir/recover-20221013/UBNA_001/20221012_030000.WAV,Telephone Field,recover-20221013,001,1795
68.4825,68.4907,28046,37888,Eptesicus serotinus,0.007,0.023,-1,Echolocation,/mnt/ubna_data_02_mir/recover-20221013/UBNA_001/20221012_030000.WAV,Telephone Field,recover-20221013,001,1795
68.4995,68.5091,30625,38732,Eptesicus serotinus,0.011,0.031,-1,Echolocation,/mnt/ubna_data_02_mir/recover-20221013/UBNA_001/20221012_030000.WAV,Telephone Field,recover-20221013,001,1795
68.5285,68.5671,68437,81894,Rhinolophus ferrumequinum,0.022,0.022,-1,Echolocation,/mnt/ubna_data_02_mir/recover-20221013/UBNA_001/20221012_030000.WAV,Telephone Field,recover-20221013,001,1795
68.5375,68.5785,68437,83302,Rhinolophus ferrumequinum,0.03,0.03,-1,Echolocation,/mnt/ubna_data_02_mir/recover-20221013/UBNA_001/20221012_030000.WAV,Telephone Field,recover-20221013,001,1795
68.5705,68.5805,28046,35681,Eptesicus serotinus,0.01,0.025,-1,Echolocation,/mnt/ubna_data_02_mir/recover-20221013/UBNA_001/20221012_030000.WAV,Telephone Field,recover-20221013,001,1795
68.64750000000001,68.6554,32343,43839,Myotis daubentonii,0.008,0.021,-1,Echolocation,/mnt/ubna_data_02_mir/recover-20221013/UBNA_001/20221012_030000.WAV,Telephone Field,recover-20221013,001,1795
68.6485,68.65520000000001,27187,41846,Eptesicus serotinus,0.006,0.024,-1,Echolocation,/mnt/ubna_data_02_mir/recover-20221013/UBNA_001/20221012_030000.WAV,Telephone Field,recover-20221013,001,1795
68.6595,68.702,68437,83062,Rhinolophus ferrumequinum,0.025,0.025,-1,Echolocation,/mnt/ubna_data_02_mir/recover-20221013/UBNA_001/20221012_030000.WAV,Telephone Field,recover-20221013,001,1795
68.7085,68.7171,26328,34602,Eptesicus serotinus,0.009,0.022,-1,Echolocation,/mnt/ubna_data_02_mir/recover-20221013/UBNA_001/20221012_030000.WAV,Telephone Field,recover-20221013,001,1795
68.7655,68.7757,22890,28406,Nyctalus leisleri,0.01,0.025,-1,Echolocation,/mnt/ubna_data_02_mir/recover-20221013/UBNA_001/20221012_030000.WAV,Telephone Field,recover-20221013,001,1795
68.7765,68.8115,68437,81926,Rhinolophus ferrumequinum,0.027,0.027,-1,Echolocation,/mnt/ubna_data_02_mir/recover-20221013/UBNA_001/20221012_030000.WAV,Telephone Field,recover-20221013,001,1795
68.7845,68.7948,25468,32240,Eptesicus serotinus,0.013,0.03,-1,Echolocation,/mnt/ubna_data_02_mir/recover-20221013/UBNA_001/20221012_030000.WAV,Telephone Field,recover-20221013,001,1795
68.7845,68.8211,68437,81716,Rhinolophus ferrumequinum,0.023,0.023,-1,Echolocation,/mnt/ubna_data_02_mir/recover-20221013/UBNA_001/20221012_030000.WAV,Telephone Field,recover-20221013,001,1795
68.8065,68.8446,68437,82186,Rhinolophus ferrumequinum,0.023,0.023,-1,Echolocation,/mnt/ubna_data_02_mir/recover-20221013/UBNA_001/20221012_030000.WAV,Telephone Field,recover-20221013,001,1795
68.8325,68.84,34921,42368,Myotis daubentonii,0.011,0.026,-1,Echolocation,/mnt/ubna_data_02_mir/recover-20221013/UBNA_001/20221012_030000.WAV,Telephone Field,recover-20221013,001,1795
68.8345,68.8429,28046,37689,Eptesicus serotinus,0.009,0.023,-1,Echolocation,/mnt/ubna_data_02_mir/recover-20221013/UBNA_001/20221012_030000.WAV,Telephone Field,recover-20221013,001,1795
68.8425,68.8531,28046,35511,Eptesicus serotinus,0.012,0.024,-1,Echolocation,/mnt/ubna_data_02_mir/recover-20221013/UBNA_001/20221012_030000.WAV,Telephone Field,recover-20221013,001,1795
68.8445,68.85679999999999,22031,25787,Nyctalus leisleri,0.012,0.021,-1,Echolocation,/mnt/ubna_data_02_mir/recover-20221013/UBNA_001/20221012_030000.WAV,Telephone Field,recover-20221013,001,1795
68.8605,68.8725,22890,27616,Nyctalus leisleri,0.011,0.022,-1,Echolocation,/mnt/ubna_data_02_mir/recover-20221013/UBNA_001/20221012_030000.WAV,Telephone Field,recover-20221013,001,1795
68.8965,68.9382,68437,83061,Rhinolophus ferrumequinum,0.022,0.022,-1,Echolocation,/mnt/ubna_data_02_mir/recover-20221013/UBNA_001/20221012_030000.WAV,Telephone Field,recover-20221013,001,1795
68.9705,69.0112,68437,82639,Rhinolophus ferrumequinum,0.026,0.026,-1,Echolocation,/mnt/ubna_data_02_mir/recover-20221013/UBNA_001/20221012_030000.WAV,Telephone Field,recover-20221013,001,1795
69.0125,69.0524,68437,82132,Rhinolophus ferrumequinum,0.023,0.023,-1,Echolocation,/mnt/ubna_data_02_mir/recover-20221013/UBNA_001/20221012_030000.WAV,Telephone Field,recover-20221013,001,1795
69.0245,69.0329,24609,32883,Eptesicus serotinus,0.006,0.021,-1,Echolocation,/mnt/ubna_data_02_mir/recover-20221013/UBNA_001/20221012_030000.WAV,Telephone Field,recover-20221013,001,1795
69.0765,69.1182,68437,82694,Rhinolophus ferrumequinum,0.028,0.028,-1,Echolocation,/mnt/ubna_data_02_mir/recover-20221013/UBNA_001/20221012_030000.WAV,Telephone Field,recover-20221013,001,1795
69.0885,69.1013,22890,27605,Nyctalus leisleri,0.018,0.033,-1,Echolocation,/mnt/ubna_data_02_mir/recover-20221013/UBNA_001/20221012_030000.WAV,Telephone Field,recover-20221013,001,1795
69.1375,69.1483,14296,21027,Nyctalus noctula,0.014,0.027,-1,Echolocation,/mnt/ubna_data_02_mir/recover-20221013/UBNA_001/20221012_030000.WAV,Telephone Field,recover-20221013,001,1795
69.1665,69.2042,68437,82329,Rhinolophus ferrumequinum,0.022,0.022,-1,Echolocation,/mnt/ubna_data_02_mir/recover-20221013/UBNA_001/20221012_030000.WAV,Telephone Field,recover-20221013,001,1795
69.1875,69.2234,68437,81476,Rhinolophus ferrumequinum,0.021,0.021,-1,Echolocation,/mnt/ubna_data_02_mir/recover-20221013/UBNA_001/20221012_030000.WAV,Telephone Field,recover-20221013,001,1795
69.1915,69.1988,28046,40351,Eptesicus serotinus,0.009,0.026,-1,Echolocation,/mnt/ubna_data_02_mir/recover-20221013/UBNA_001/20221012_030000.WAV,Telephone Field,recover-20221013,001,1795
69.2085,69.2163,23750,32776,Plecotus austriacus,0.009,0.023,-1,Echolocation,/mnt/ubna_data_02_mir/recover-20221013/UBNA_001/20221012_030000.WAV,Telephone Field,recover-20221013,001,1795
69.2175,69.258,68437,82764,Rhinolophus ferrumequinum,0.033,0.033,-1,Echolocation,/mnt/ubna_data_02_mir/recover-20221013/UBNA_001/20221012_030000.WAV,Telephone Field,recover-20221013,001,1795
69.2675,69.2757,28046,38400,Eptesicus serotinus,0.008,0.022,-1,Echolocation,/mnt/ubna_data_02_mir/recover-20221013/UBNA_001/20221012_030000.WAV,Telephone Field,recover-20221013,001,1795
69.3085,69.3442,68437,81676,Rhinolophus ferrumequinum,0.021,0.021,-1,Echolocation,/mnt/ubna_data_02_mir/recover-20221013/UBNA_001/20221012_030000.WAV,Telephone Field,recover-20221013,001,1795
69.3475,69.3563,27187,36021,Eptesicus serotinus,0.008,0.021,-1,Echolocation,/mnt/ubna_data_02_mir/recover-20221013/UBNA_001/20221012_030000.WAV,Telephone Field,recover-20221013,001,1795
69.4005,69.438,68437,82159,Rhinolophus ferrumequinum,0.021,0.021,-1,Echolocation,/mnt/ubna_data_02_mir/recover-20221013/UBNA_001/20221012_030000.WAV,Telephone Field,recover-20221013,001,1795
69.4535,69.4925,68437,82136,Rhinolophus ferrumequinum,0.021,0.021,-1,Echolocation,/mnt/ubna_data_02_mir/recover-20221013/UBNA_001/20221012_030000.WAV,Telephone Field,recover-20221013,001,1795
69.4555,69.4633,26328,35826,Eptesicus serotinus,0.009,0.027,-1,Echolocation,/mnt/ubna_data_02_mir/recover-20221013/UBNA_001/20221012_030000.WAV,Telephone Field,recover-20221013,001,1795
69.4665,69.5043,68437,82185,Rhinolophus ferrumequinum,0.021,0.021,-1,Echolocation,/mnt/ubna_data_02_mir/recover-20221013/UBNA_001/20221012_030000.WAV,Telephone Field,recover-20221013,001,1795
69.4795,69.51820000000001,68437,82545,Rhinolophus ferrumequinum,0.022,0.022,-1,Echolocation,/mnt/ubna_data_02_mir/recover-20221013/UBNA_001/20221012_030000.WAV,Telephone Field,recover-20221013,001,1795
69.4915,69.499,28046,40417,Eptesicus serotinus,0.007,0.022,-1,Echolocation,/mnt/ubna_data_02_mir/recover-20221013/UBNA_001/20221012_030000.WAV,Telephone Field,recover-20221013,001,1795
69.4945,69.5326,68437,81937,Rhinolophus ferrumequinum,0.021,0.021,-1,Echolocation,/mnt/ubna_data_02_mir/recover-20221013/UBNA_001/20221012_030000.WAV,Telephone Field,recover-20221013,001,1795
69.5235,69.565,68437,82955,Rhinolophus ferrumequinum,0.026,0.026,-1,Echolocation,/mnt/ubna_data_02_mir/recover-20221013/UBNA_001/20221012_030000.WAV,Telephone Field,recover-20221013,001,1795
69.5335,69.5462,33203,37304,Eptesicus serotinus,0.007,0.026,-1,Echolocation,/mnt/ubna_data_02_mir/recover-20221013/UBNA_001/20221012_030000.WAV,Telephone Field,recover-20221013,001,1795
69.5365,69.5744,68437,82026,Rhinolophus ferrumequinum,0.021,0.021,-1,Echolocation,/mnt/ubna_data_02_mir/recover-20221013/UBNA_001/20221012_030000.WAV,Telephone Field,recover-20221013,001,1795
69.5985,69.6056,28046,38835,Eptesicus serotinus,0.006,0.021,-1,Echolocation,/mnt/ubna_data_02_mir/recover-20221013/UBNA_001/20221012_030000.WAV,Telephone Field,recover-20221013,001,1795
69.6055,69.6445,68437,82810,Rhinolophus ferrumequinum,0.025,0.025,-1,Echolocation,/mnt/ubna_data_02_mir/recover-20221013/UBNA_001/20221012_030000.WAV,Telephone Field,recover-20221013,001,1795
69.63550000000001,69.6454,23750,30601,Nyctalus leisleri,0.008,0.021,-1,Echolocation,/mnt/ubna_data_02_mir/recover-20221013/UBNA_001/20221012_030000.WAV,Telephone Field,recover-20221013,001,1795
69.6365,69.6698,68437,80228,Rhinolophus ferrumequinum,0.032,0.032,-1,Echolocation,/mnt/ubna_data_02_mir/recover-20221013/UBNA_001/20221012_030000.WAV,Telephone Field,recover-20221013,001,1795
69.6575,69.6929,68437,81611,Rhinolophus ferrumequinum,0.03,0.03,-1,Echolocation,/mnt/ubna_data_02_mir/recover-20221013/UBNA_001/20221012_030000.WAV,Telephone Field,recover-20221013,001,1795
69.6945,69.7333,68437,82343,Rhinolophus ferrumequinum,0.021,0.021,-1,Echolocation,/mnt/ubna_data_02_mir/recover-20221013/UBNA_001/20221012_030000.WAV,Telephone Field,recover-20221013,001,1795
69.7315,69.7712,68437,82258,Rhinolophus ferrumequinum,0.033,0.033,-1,Echolocation,/mnt/ubna_data_02_mir/recover-20221013/UBNA_001/20221012_030000.WAV,Telephone Field,recover-20221013,001,1795
69.7475,69.7577,23750,29918,Nyctalus leisleri,0.009,0.023,-1,Echolocation,/mnt/ubna_data_02_mir/recover-20221013/UBNA_001/20221012_030000.WAV,Telephone Field,recover-20221013,001,1795
69.75450000000001,69.7642,28046,37472,Eptesicus serotinus,0.013,0.027,-1,Echolocation,/mnt/ubna_data_02_mir/recover-20221013/UBNA_001/20221012_030000.WAV,Telephone Field,recover-20221013,001,1795
69.7565,69.7936,68437,82195,Rhinolophus ferrumequinum,0.025,0.025,-1,Echolocation,/mnt/ubna_data_02_mir/recover-20221013/UBNA_001/20221012_030000.WAV,Telephone Field,recover-20221013,001,1795
69.8485,69.8893,68437,82803,Rhinolophus ferrumequinum,0.024,0.024,-1,Echolocation,/mnt/ubna_data_02_mir/recover-20221013/UBNA_001/20221012_030000.WAV,Telephone Field,recover-20221013,001,1795
69.8495,69.8574,28046,40669,Eptesicus serotinus,0.008,0.025,-1,Echolocation,/mnt/ubna_data_02_mir/recover-20221013/UBNA_001/20221012_030000.WAV,Telephone Field,recover-20221013,001,1795
69.8545,69.8904,68437,82492,Rhinolophus ferrumequinum,0.024,0.024,-1,Echolocation,/mnt/ubna_data_02_mir/recover-20221013/UBNA_001/20221012_030000.WAV,Telephone Field,recover-20221013,001,1795
69.88550000000001,69.9071,18593,21541,Nyctalus noctula,0.019,0.037,-1,Echolocation,/mnt/ubna_data_02_mir/recover-20221013/UBNA_001/20221012_030000.WAV,Telephone Field,recover-20221013,001,1795
69.9025,69.9441,68437,82944,Rhinolophus ferrumequinum,0.028,0.028,-1,Echolocation,/mnt/ubna_data_02_mir/recover-20221013/UBNA_001/20221012_030000.WAV,Telephone Field,recover-20221013,001,1795
69.9255,69.9639,68437,82394,Rhinolophus ferrumequinum,0.022,0.022,-1,Echolocation,/mnt/ubna_data_02_mir/recover-20221013/UBNA_001/20221012_030000.WAV,Telephone Field,recover-20221013,001,1795
69.9475,69.9875,68437,82174,Rhinolophus ferrumequinum,0.022,0.022,-1,Echolocation,/mnt/ubna_data_02_mir/recover-20221013/UBNA_001/20221012_030000.WAV,Telephone Field,recover-20221013,001,1795
69.9855,69.9943,27187,38162,Eptesicus serotinus,0.01,0.027,-1,Echolocation,/mnt/ubna_data_02_mir/recover-20221013/UBNA_001/20221012_030000.WAV,Telephone Field,recover-20221013,001,1795
70.0015,70.0364,68437,80347,Rhinolophus ferrumequinum,0.032,0.032,-1,Echolocation,/mnt/ubna_data_02_mir/recover-20221013/UBNA_001/20221012_030000.WAV,Telephone Field,recover-20221013,001,1795
70.0015,70.0098,23750,30347,Nyctalus leisleri,0.009,0.025,-1,Echolocation,/mnt/ubna_data_02_mir/recover-20221013/UBNA_001/20221012_030000.WAV,Telephone Field,recover-20221013,001,1795
70.0075,70.0494,68437,82022,Rhinolophus ferrumequinum,0.023,0.023,-1,Echolocation,/mnt/ubna_data_02_mir/recover-20221013/UBNA_001/20221012_030000.WAV,Telephone Field,recover-20221013,001,1795
70.0155,70.0234,25468,34622,Eptesicus serotinus,0.007,0.023,-1,Echolocation,/mnt/ubna_data_02_mir/recover-20221013/UBNA_001/20221012_030000.WAV,Telephone Field,recover-20221013,001,1795
70.0265,70.0368,22890,28103,Nyctalus leisleri,0.01,0.023,-1,Echolocation,/mnt/ubna_data_02_mir/recover-20221013/UBNA_001/20221012_030000.WAV,Telephone Field,recover-20221013,001,1795
70.0535,70.0621,28046,39044,Eptesicus serotinus,0.009,0.023,-1,Echolocation,/mnt/ubna_data_02_mir/recover-20221013/UBNA_001/20221012_030000.WAV,Telephone Field,recover-20221013,001,1795
70.0695,70.1088,68437,82342,Rhinolophus ferrumequinum,0.022,0.022,-1,Echolocation,/mnt/ubna_data_02_mir/recover-20221013/UBNA_001/20221012_030000.WAV,Telephone Field,recover-20221013,001,1795
70.0825,70.0895,28046,37943,Eptesicus serotinus,0.007,0.023,-1,Echolocation,/mnt/ubna_data_02_mir/recover-20221013/UBNA_001/20221012_030000.WAV,Telephone Field,recover-20221013,001,1795
70.0875,70.1254,68437,82480,Rhinolophus ferrumequinum,0.021,0.021,-1,Echolocation,/mnt/ubna_data_02_mir/recover-20221013/UBNA_001/20221012_030000.WAV,Telephone Field,recover-20221013,001,1795
70.1065,70.1437,68437,81701,Rhinolophus ferrumequinum,0.022,0.022,-1,Echolocation,/mnt/ubna_data_02_mir/recover-20221013/UBNA_001/20221012_030000.WAV,Telephone Field,recover-20221013,001,1795
70.1405,70.1779,68437,81924,Rhinolophus ferrumequinum,0.023,0.023,-1,Echolocation,/mnt/ubna_data_02_mir/recover-20221013/UBNA_001/20221012_030000.WAV,Telephone Field,recover-20221013,001,1795
70.1445,70.1526,47812,55522,Pipistrellus pipistrellus,0.025,0.028,-1,Echolocation,/mnt/ubna_data_02_mir/recover-20221013/UBNA_001/20221012_030000.WAV,Telephone Field,recover-20221013,001,1795
70.1655,70.207,68437,82651,Rhinolophus ferrumequinum,0.028,0.028,-1,Echolocation,/mnt/ubna_data_02_mir/recover-20221013/UBNA_001/20221012_030000.WAV,Telephone Field,recover-20221013,001,1795
70.1915,70.236,68437,83460,Rhinolophus ferrumequinum,0.025,0.025,-1,Echolocation,/mnt/ubna_data_02_mir/recover-20221013/UBNA_001/20221012_030000.WAV,Telephone Field,recover-20221013,001,1795
70.1965,70.2058,58125,63536,Pipistrellus pygmaeus,0.021,0.022,-1,Echolocation,/mnt/ubna_data_02_mir/recover-20221013/UBNA_001/20221012_030000.WAV,Telephone Field,recover-20221013,001,1795
70.1985,70.2083,26328,33743,Eptesicus serotinus,0.016,0.035,-1,Echolocation,/mnt/ubna_data_02_mir/recover-20221013/UBNA_001/20221012_030000.WAV,Telephone Field,recover-20221013,001,1795
70.2325,70.2409,28046,38457,Eptesicus serotinus,0.008,0.022,-1,Echolocation,/mnt/ubna_data_02_mir/recover-20221013/UBNA_001/20221012_030000.WAV,Telephone Field,recover-20221013,001,1795
70.23949999999999,70.2797,68437,82342,Rhinolophus ferrumequinum,0.024,0.024,-1,Echolocation,/mnt/ubna_data_02_mir/recover-20221013/UBNA_001/20221012_030000.WAV,Telephone Field,recover-20221013,001,1795
70.26650000000001,70.2871,18593,22740,Nyctalus noctula,0.037,0.056,-1,Echolocation,/mnt/ubna_data_02_mir/recover-20221013/UBNA_001/20221012_030000.WAV,Telephone Field,recover-20221013,001,1795
70.27250000000001,70.3125,68437,82633,Rhinolophus ferrumequinum,0.024,0.024,-1,Echolocation,/mnt/ubna_data_02_mir/recover-20221013/UBNA_001/20221012_030000.WAV,Telephone Field,recover-20221013,001,1795
70.2835,70.3263,68437,83295,Rhinolophus ferrumequinum,0.023,0.023,-1,Echolocation,/mnt/ubna_data_02_mir/recover-20221013/UBNA_001/20221012_030000.WAV,Telephone Field,recover-20221013,001,1795
70.3095,70.3498,68437,82395,Rhinolophus ferrumequinum,0.022,0.022,-1,Echolocation,/mnt/ubna_data_02_mir/recover-20221013/UBNA_001/20221012_030000.WAV,Telephone Field,recover-20221013,001,1795
70.3105,70.3207,23750,30361,Nyctalus leisleri,0.008,0.022,-1,Echolocation,/mnt/ubna_data_02_mir/recover-20221013/UBNA_001/20221012_030000.WAV,Telephone Field,recover-20221013,001,1795
70.3245,70.3339,34921,40796,Barbastellus barbastellus,0.017,0.036,-1,Echolocation,/mnt/ubna_data_02_mir/recover-20221013/UBNA_001/20221012_030000.WAV,Telephone Field,recover-20221013,001,1795
70.3255,70.3346,28046,39828,Eptesicus serotinus,0.015,0.035,-1,Echolocation,/mnt/ubna_data_02_mir/recover-20221013/UBNA_001/20221012_030000.WAV,Telephone Field,recover-20221013,001,1795
70.3415,70.3813,68437,82983,Rhinolophus ferrumequinum,0.034,0.034,-1,Echolocation,/mnt/ubna_data_02_mir/recover-20221013/UBNA_001/20221012_030000.WAV,Telephone Field,recover-20221013,001,1795
70.3765,70.3854,26328,36146,Eptesicus serotinus,0.009,0.022,-1,Echolocation,/mnt/ubna_data_02_mir/recover-20221013/UBNA_001/20221012_030000.WAV,Telephone Field,recover-20221013,001,1795
70.39750000000001,70.406,23750,31626,Plecotus austriacus,0.007,0.023,-1,Echolocation,/mnt/ubna_data_02_mir/recover-20221013/UBNA_001/20221012_030000.WAV,Telephone Field,recover-20221013,001,1795
70.4235,70.465,68437,82182,Rhinolophus ferrumequinum,0.027,0.027,-1,Echolocation,/mnt/ubna_data_02_mir/recover-20221013/UBNA_001/20221012_030000.WAV,Telephone Field,recover-20221013,001,1795
70.4355,70.4432,28046,36960,Eptesicus serotinus,0.013,0.032,-1,Echolocation,/mnt/ubna_data_02_mir/recover-20221013/UBNA_001/20221012_030000.WAV,Telephone Field,recover-20221013,001,1795
70.4375,70.4805,68437,83313,Rhinolophus ferrumequinum,0.036,0.036,-1,Echolocation,/mnt/ubna_data_02_mir/recover-20221013/UBNA_001/20221012_030000.WAV,Telephone Field,recover-20221013,001,1795
70.4605,70.50319999999999,68437,83280,Rhinolophus ferrumequinum,0.029,0.029,-1,Echolocation,/mnt/ubna_data_02_mir/recover-20221013/UBNA_001/20221012_030000.WAV,Telephone Field,recover-20221013,001,1795
70.4645,70.4755,28046,37404,Eptesicus serotinus,0.016,0.032,-1,Echolocation,/mnt/ubna_data_02_mir/recover-20221013/UBNA_001/20221012_030000.WAV,Telephone Field,recover-20221013,001,1795
70.4915,70.4992,23750,32805,Plecotus austriacus,0.012,0.029,-1,Echolocation,/mnt/ubna_data_02_mir/recover-20221013/UBNA_001/20221012_030000.WAV,Telephone Field,recover-20221013,001,1795
70.5205,70.5595,68437,81990,Rhinolophus ferrumequinum,0.022,0.022,-1,Echolocation,/mnt/ubna_data_02_mir/recover-20221013/UBNA_001/20221012_030000.WAV,Telephone Field,recover-20221013,001,1795
70.5305,70.5435,22890,26861,Nyctalus leisleri,0.018,0.03,-1,Echolocation,/mnt/ubna_data_02_mir/recover-20221013/UBNA_001/20221012_030000.WAV,Telephone Field,recover-20221013,001,1795
70.5625,70.5723,28906,39563,Eptesicus serotinus,0.01,0.026,-1,Echolocation,/mnt/ubna_data_02_mir/recover-20221013/UBNA_001/20221012_030000.WAV,Telephone Field,recover-20221013,001,1795
70.5925,70.6335,68437,82134,Rhinolophus ferrumequinum,0.025,0.025,-1,Echolocation,/mnt/ubna_data_02_mir/recover-20221013/UBNA_001/20221012_030000.WAV,Telephone Field,recover-20221013,001,1795
70.5945,70.6041,22890,29610,Nyctalus leisleri,0.009,0.027,-1,Echolocation,/mnt/ubna_data_02_mir/recover-20221013/UBNA_001/20221012_030000.WAV,Telephone Field,recover-20221013,001,1795
70.6485,70.6895,68437,82704,Rhinolophus ferrumequinum,0.026,0.026,-1,Echolocation,/mnt/ubna_data_02_mir/recover-20221013/UBNA_001/20221012_030000.WAV,Telephone Field,recover-20221013,001,1795
70.6575,70.6968,68437,81757,Rhinolophus ferrumequinum,0.028,0.028,-1,Echolocation,/mnt/ubna_data_02_mir/recover-20221013/UBNA_001/20221012_030000.WAV,Telephone Field,recover-20221013,001,1795
70.6985,70.7375,68437,81799,Rhinolophus ferrumequinum,0.021,0.021,-1,Echolocation,/mnt/ubna_data_02_mir/recover-20221013/UBNA_001/20221012_030000.WAV,Telephone Field,recover-20221013,001,1795
70.7065,70.7467,68437,82106,Rhinolophus ferrumequinum,0.021,0.021,-1,Echolocation,/mnt/ubna_data_02_mir/recover-20221013/UBNA_001/20221012_030000.WAV,Telephone Field,recover-20221013,001,1795
70.7235,70.7342,24609,31299,Eptesicus serotinus,0.008,0.022,-1,Echolocation,/mnt/ubna_data_02_mir/recover-20221013/UBNA_001/20221012_030000.WAV,Telephone Field,recover-20221013,001,1795
70.7385,70.7477,28046,38263,Eptesicus serotinus,0.01,0.025,-1,Echolocation,/mnt/ubna_data_02_mir/recover-20221013/UBNA_001/20221012_030000.WAV,Telephone Field,recover-20221013,001,1795
70.7555,70.7966,68437,82568,Rhinolophus ferrumequinum,0.024,0.024,-1,Echolocation,/mnt/ubna_data_02_mir/recover-20221013/UBNA_001/20221012_030000.WAV,Telephone Field,recover-20221013,001,1795
70.7905,70.8262,68437,81225,Rhinolophus ferrumequinum,0.023,0.023,-1,Echolocation,/mnt/ubna_data_02_mir/recover-20221013/UBNA_001/20221012_030000.WAV,Telephone Field,recover-20221013,001,1795
70.8305,70.8666,68437,81894,Rhinolophus ferrumequinum,0.022,0.022,-1,Echolocation,/mnt/ubna_data_02_mir/recover-20221013/UBNA_001/20221012_030000.WAV,Telephone Field,recover-20221013,001,1795
70.8945,70.9319,68437,82086,Rhinolophus ferrumequinum,0.021,0.021,-1,Echolocation,/mnt/ubna_data_02_mir/recover-20221013/UBNA_001/20221012_030000.WAV,Telephone Field,recover-20221013,001,1795
70.9045,70.9123,27187,37759,Eptesicus serotinus,0.008,0.028,-1,Echolocation,/mnt/ubna_data_02_mir/recover-20221013/UBNA_001/20221012_030000.WAV,Telephone Field,recover-20221013,001,1795
70.9185,70.9531,68437,81514,Rhinolophus ferrumequinum,0.021,0.021,-1,Echolocation,/mnt/ubna_data_02_mir/recover-20221013/UBNA_001/20221012_030000.WAV,Telephone Field,recover-20221013,001,1795
70.9315,70.9434,22890,27699,Nyctalus leisleri,0.017,0.03,-1,Echolocation,/mnt/ubna_data_02_mir/recover-20221013/UBNA_001/20221012_030000.WAV,Telephone Field,recover-20221013,001,1795
70.9525,70.9883,68437,81879,Rhinolophus ferrumequinum,0.021,0.021,-1,Echolocation,/mnt/ubna_data_02_mir/recover-20221013/UBNA_001/20221012_030000.WAV,Telephone Field,recover-20221013,001,1795
70.9595,70.9957,68437,81715,Rhinolophus ferrumequinum,0.021,0.021,-1,Echolocation,/mnt/ubna_data_02_mir/recover-20221013/UBNA_001/20221012_030000.WAV,Telephone Field,recover-20221013,001,1795
70.9785,70.98349999999999,37500,50494,Myotis daubentonii,0.012,0.037,-1,Echolocation,/mnt/ubna_data_02_mir/recover-20221013/UBNA_001/20221012_030000.WAV,Telephone Field,recover-20221013,001,1795
70.9815,70.9892,26328,40233,Eptesicus serotinus,0.006,0.023,-1,Echolocation,/mnt/ubna_data_02_mir/recover-20221013/UBNA_001/20221012_030000.WAV,Telephone Field,recover-20221013,001,1795
70.98949999999999,71.001,28046,34453,Eptesicus serotinus,0.01,0.023,-1,Echolocation,/mnt/ubna_data_02_mir/recover-20221013/UBNA_001/20221012_030000.WAV,Telephone Field,recover-20221013,001,1795
71.0005,71.0128,25468,31357,Eptesicus serotinus,0.012,0.029,-1,Echolocation,/mnt/ubna_data_02_mir/recover-20221013/UBNA_001/20221012_030000.WAV,Telephone Field,recover-20221013,001,1795
71.01650000000001,71.0545,68437,82148,Rhinolophus ferrumequinum,0.021,0.021,-1,Echolocation,/mnt/ubna_data_02_mir/recover-20221013/UBNA_001/20221012_030000.WAV,Telephone Field,recover-20221013,001,1795
71.0435,71.0514,27187,38452,Eptesicus serotinus,0.007,0.022,-1,Echolocation,/mnt/ubna_data_02_mir/recover-20221013/UBNA_001/20221012_030000.WAV,Telephone Field,recover-20221013,001,1795
71.0485,71.0589,28906,36396,Eptesicus serotinus,0.009,0.022,-1,Echolocation,/mnt/ubna_data_02_mir/recover-20221013/UBNA_001/20221012_030000.WAV,Telephone Field,recover-20221013,001,1795
71.0505,71.0583,48671,53766,Pipistrellus pipistrellus,0.024,0.025,-1,Echolocation,/mnt/ubna_data_02_mir/recover-20221013/UBNA_001/20221012_030000.WAV,Telephone Field,recover-20221013,001,1795
71.0775,71.088,23750,30807,Nyctalus leisleri,0.011,0.03,-1,Echolocation,/mnt/ubna_data_02_mir/recover-20221013/UBNA_001/20221012_030000.WAV,Telephone Field,recover-20221013,001,1795
71.1345,71.1441,26328,37065,Eptesicus serotinus,0.011,0.027,-1,Echolocation,/mnt/ubna_data_02_mir/recover-20221013/UBNA_001/20221012_030000.WAV,Telephone Field,recover-20221013,001,1795
71.13550000000001,71.1765,68437,83233,Rhinolophus ferrumequinum,0.029,0.029,-1,Echolocation,/mnt/ubna_data_02_mir/recover-20221013/UBNA_001/20221012_030000.WAV,Telephone Field,recover-20221013,001,1795
71.1585,71.1699,22031,26745,Nyctalus leisleri,0.011,0.021,-1,Echolocation,/mnt/ubna_data_02_mir/recover-20221013/UBNA_001/20221012_030000.WAV,Telephone Field,recover-20221013,001,1795
71.1605,71.1965,68437,81733,Rhinolophus ferrumequinum,0.032,0.032,-1,Echolocation,/mnt/ubna_data_02_mir/recover-20221013/UBNA_001/20221012_030000.WAV,Telephone Field,recover-20221013,001,1795
71.1855,71.1932,28046,40438,Eptesicus serotinus,0.008,0.024,-1,Echolocation,/mnt/ubna_data_02_mir/recover-20221013/UBNA_001/20221012_030000.WAV,Telephone Field,recover-20221013,001,1795
71.2075,71.2458,68437,81210,Rhinolophus ferrumequinum,0.023,0.023,-1,Echolocation,/mnt/ubna_data_02_mir/recover-20221013/UBNA_001/20221012_030000.WAV,Telephone Field,recover-20221013,001,1795
71.2155,71.2238,24609,33066,Eptesicus serotinus,0.007,0.023,-1,Echolocation,/mnt/ubna_data_02_mir/recover-20221013/UBNA_001/20221012_030000.WAV,Telephone Field,recover-20221013,001,1795
71.2235,71.2656,68437,82853,Rhinolophus ferrumequinum,0.025,0.025,-1,Echolocation,/mnt/ubna_data_02_mir/recover-20221013/UBNA_001/20221012_030000.WAV,Telephone Field,recover-20221013,001,1795
71.2425,71.2512,28046,37085,Eptesicus serotinus,0.01,0.023,-1,Echolocation,/mnt/ubna_data_02_mir/recover-20221013/UBNA_001/20221012_030000.WAV,Telephone Field,recover-20221013,001,1795
71.2585,71.3019,68437,83317,Rhinolophus ferrumequinum,0.025,0.025,-1,Echolocation,/mnt/ubna_data_02_mir/recover-20221013/UBNA_001/20221012_030000.WAV,Telephone Field,recover-20221013,001,1795
71.2675,71.2865,19453,22392,Nyctalus leisleri,0.018,0.033,-1,Echolocation,/mnt/ubna_data_02_mir/recover-20221013/UBNA_001/20221012_030000.WAV,Telephone Field,recover-20221013,001,1795
71.2755,71.284,50390,56276,Pipistrellus pipistrellus,0.02,0.023,-1,Echolocation,/mnt/ubna_data_02_mir/recover-20221013/UBNA_001/20221012_030000.WAV,Telephone Field,recover-20221013,001,1795
71.2925,71.3326,68437,82613,Rhinolophus ferrumequinum,0.024,0.024,-1,Echolocation,/mnt/ubna_data_02_mir/recover-20221013/UBNA_001/20221012_030000.WAV,Telephone Field,recover-20221013,001,1795
71.3025,71.3103,24609,33323,Plecotus auritus,0.007,0.025,-1,Echolocation,/mnt/ubna_data_02_mir/recover-20221013/UBNA_001/20221012_030000.WAV,Telephone Field,recover-20221013,001,1795
71.3295,71.3408,46093,50032,Pipistrellus pipistrellus,0.034,0.037,-1,Echolocation,/mnt/ubna_data_02_mir/recover-20221013/UBNA_001/20221012_030000.WAV,Telephone Field,recover-20221013,001,1795
71.3605,71.3723,22890,27493,Nyctalus leisleri,0.014,0.025,-1,Echolocation,/mnt/ubna_data_02_mir/recover-20221013/UBNA_001/20221012_030000.WAV,Telephone Field,recover-20221013,001,1795
71.3755,71.4101,68437,80434,Rhinolophus ferrumequinum,0.022,0.022,-1,Echolocation,/mnt/ubna_data_02_mir/recover-20221013/UBNA_001/20221012_030000.WAV,Telephone Field,recover-20221013,001,1795
71.3985,71.4396,68437,82679,Rhinolophus ferrumequinum,0.028,0.028,-1,Echolocation,/mnt/ubna_data_02_mir/recover-20221013/UBNA_001/20221012_030000.WAV,Telephone Field,recover-20221013,001,1795
71.4025,71.4111,51250,56156,Pipistrellus pipistrellus,0.018,0.022,-1,Echolocation,/mnt/ubna_data_02_mir/recover-20221013/UBNA_001/20221012_030000.WAV,Telephone Field,recover-20221013,001,1795
71.4255,71.4641,68437,82366,Rhinolophus ferrumequinum,0.028,0.028,-1,Echolocation,/mnt/ubna_data_02_mir/recover-20221013/UBNA_001/20221012_030000.WAV,Telephone Field,recover-20221013,001,1795
71.4365,71.4714,68437,81039,Rhinolophus ferrumequinum,0.022,0.022,-1,Echolocation,/mnt/ubna_data_02_mir/recover-20221013/UBNA_001/20221012_030000.WAV,Telephone Field,recover-20221013,001,1795
71.4765,71.5178,68437,82523,Rhinolophus ferrumequinum,0.022,0.022,-1,Echolocation,/mnt/ubna_data_02_mir/recover-20221013/UBNA_001/20221012_030000.WAV,Telephone Field,recover-20221013,001,1795
71.5205,71.5314,22031,26119,Nyctalus leisleri,0.012,0.023,-1,Echolocation,/mnt/ubna_data_02_mir/recover-20221013/UBNA_001/20221012_030000.WAV,Telephone Field,recover-20221013,001,1795
71.5285,71.5679,68437,81494,Rhinolophus ferrumequinum,0.029,0.029,-1,Echolocation,/mnt/ubna_data_02_mir/recover-20221013/UBNA_001/20221012_030000.WAV,Telephone Field,recover-20221013,001,1795
71.5355,71.5749,68437,82531,Rhinolophus ferrumequinum,0.029,0.029,-1,Echolocation,/mnt/ubna_data_02_mir/recover-20221013/UBNA_001/20221012_030000.WAV,Telephone Field,recover-20221013,001,1795
71.5375,71.5454,27187,39916,Eptesicus serotinus,0.008,0.024,-1,Echolocation,/mnt/ubna_data_02_mir/recover-20221013/UBNA_001/20221012_030000.WAV,Telephone Field,recover-20221013,001,1795
71.5535,71.5617,42656,45732,Pipistrellus pipistrellus,0.031,0.035,-1,Echolocation,/mnt/ubna_data_02_mir/recover-20221013/UBNA_001/20221012_030000.WAV,Telephone Field,recover-20221013,001,1795
71.6105,71.6184,28906,39735,Eptesicus serotinus,0.009,0.025,-1,Echolocation,/mnt/ubna_data_02_mir/recover-20221013/UBNA_001/20221012_030000.WAV,Telephone Field,recover-20221013,001,1795
71.6345,71.6725,68437,82030,Rhinolophus ferrumequinum,0.024,0.024,-1,Echolocation,/mnt/ubna_data_02_mir/recover-20221013/UBNA_001/20221012_030000.WAV,Telephone Field,recover-20221013,001,1795
71.6765,71.68469999999999,23750,31996,Plecotus austriacus,0.007,0.023,-1,Echolocation,/mnt/ubna_data_02_mir/recover-20221013/UBNA_001/20221012_030000.WAV,Telephone Field,recover-20221013,001,1795
71.6905,71.7255,68437,81497,Rhinolophus ferrumequinum,0.021,0.021,-1,Echolocation,/mnt/ubna_data_02_mir/recover-20221013/UBNA_001/20221012_030000.WAV,Telephone Field,recover-20221013,001,1795
71.6955,71.7284,68437,81744,Rhinolophus ferrumequinum,0.021,0.022,-1,Echolocation,/mnt/ubna_data_02_mir/recover-20221013/UBNA_001/20221012_030000.WAV,Telephone Field,recover-20221013,001,1795
71.7345,71.74719999999999,24609,31248,Eptesicus serotinus,0.011,0.03,-1,Echolocation,/mnt/ubna_data_02_mir/recover-20221013/UBNA_001/20221012_030000.WAV,Telephone Field,recover-20221013,001,1795
71.7845,71.824,68437,81969,Rhinolophus ferrumequinum,0.023,0.023,-1,Echolocation,/mnt/ubna_data_02_mir/recover-20221013/UBNA_001/20221012_030000.WAV,Telephone Field,recover-20221013,001,1795
71.8265,71.8348,32343,52954,Myotis daubentonii,0.008,0.022,-1,Echolocation,/mnt/ubna_data_02_mir/recover-20221013/UBNA_001/20221012_030000.WAV,Telephone Field,recover-20221013,001,1795
71.8295,71.8634,68437,81087,Rhinolophus ferrumequinum,0.022,0.022,-1,Echolocation,/mnt/ubna_data_02_mir/recover-20221013/UBNA_001/20221012_030000.WAV,Telephone Field,recover-20221013,001,1795
71.8415,71.8803,68437,82482,Rhinolophus ferrumequinum,0.024,0.024,-1,Echolocation,/mnt/ubna_data_02_mir/recover-20221013/UBNA_001/20221012_030000.WAV,Telephone Field,recover-20221013,001,1795
71.8545,71.8962,68437,82708,Rhinolophus ferrumequinum,0.024,0.024,-1,Echolocation,/mnt/ubna_data_02_mir/recover-20221013/UBNA_001/20221012_030000.WAV,Telephone Field,recover-20221013,001,1795
71.8765,71.916,68437,82658,Rhinolophus ferrumequinum,0.022,0.022,-1,Echolocation,/mnt/ubna_data_02_mir/recover-20221013/UBNA_001/20221012_030000.WAV,Telephone Field,recover-20221013,001,1795
71.9525,71.999,68437,83960,Rhinolophus ferrumequinum,0.051,0.051,-1,Echolocation,/mnt/ubna_data_02_mir/recover-20221013/UBNA_001/20221012_030000.WAV,Telephone Field,recover-20221013,001,1795
71.9545,71.9637,24609,32940,Eptesicus serotinus,0.007,0.022,-1,Echolocation,/mnt/ubna_data_02_mir/recover-20221013/UBNA_001/20221012_030000.WAV,Telephone Field,recover-20221013,001,1795
71.9815,71.9904,47812,56226,Pipistrellus pipistrellus,0.021,0.023,-1,Echolocation,/mnt/ubna_data_02_mir/recover-20221013/UBNA_001/20221012_030000.WAV,Telephone Field,recover-20221013,001,1795
71.9825,71.9925,29765,37603,Eptesicus serotinus,0.071,0.115,-1,Echolocation,/mnt/ubna_data_02_mir/recover-20221013/UBNA_001/20221012_030000.WAV,Telephone Field,recover-20221013,001,1795
72.0015,72.0102,22031,28684,Nyctalus leisleri,0.009,0.029,-1,Echolocation,/mnt/ubna_data_02_mir/recover-20221013/UBNA_001/20221012_030000.WAV,Telephone Field,recover-20221013,001,1795
72.0015,72.0358,69296,81921,Rhinolophus ferrumequinum,0.021,0.022,-1,Echolocation,/mnt/ubna_data_02_mir/recover-20221013/UBNA_001/20221012_030000.WAV,Telephone Field,recover-20221013,001,1795
72.0135,72.0589,68437,83454,Rhinolophus ferrumequinum,0.022,0.022,-1,Echolocation,/mnt/ubna_data_02_mir/recover-20221013/UBNA_001/20221012_030000.WAV,Telephone Field,recover-20221013,001,1795
72.0205,72.0275,28046,41024,Eptesicus serotinus,0.009,0.028,-1,Echolocation,/mnt/ubna_data_02_mir/recover-20221013/UBNA_001/20221012_030000.WAV,Telephone Field,recover-20221013,001,1795
72.0675,72.0752,22890,30270,Plecotus austriacus,0.009,0.02,-1,Echolocation,/mnt/ubna_data_02_mir/recover-20221013/UBNA_001/20221012_030000.WAV,Telephone Field,recover-20221013,001,1795
72.0825,72.1229,68437,82880,Rhinolophus ferrumequinum,0.029,0.029,-1,Echolocation,/mnt/ubna_data_02_mir/recover-20221013/UBNA_001/20221012_030000.WAV,Telephone Field,recover-20221013,001,1795
72.0845,72.0932,28046,37815,Eptesicus serotinus,0.008,0.02,-1,Echolocation,/mnt/ubna_data_02_mir/recover-20221013/UBNA_001/20221012_030000.WAV,Telephone Field,recover-20221013,001,1795
72.1155,72.1264,22031,26673,Nyctalus leisleri,0.012,0.025,-1,Echolocation,/mnt/ubna_data_02_mir/recover-20221013/UBNA_001/20221012_030000.WAV,Telephone Field,recover-20221013,001,1795
72.1195,72.1563,68437,82248,Rhinolophus ferrumequinum,0.024,0.024,-1,Echolocation,/mnt/ubna_data_02_mir/recover-20221013/UBNA_001/20221012_030000.WAV,Telephone Field,recover-20221013,001,1795
72.1305,72.1393,28046,37357,Eptesicus serotinus,0.009,0.023,-1,Echolocation,/mnt/ubna_data_02_mir/recover-20221013/UBNA_001/20221012_030000.WAV,Telephone Field,recover-20221013,001,1795
72.1435,72.1861,68437,83545,Rhinolophus ferrumequinum,0.036,0.036,-1,Echolocation,/mnt/ubna_data_02_mir/recover-20221013/UBNA_001/20221012_030000.WAV,Telephone Field,recover-20221013,001,1795
72.1715,72.1818,22890,27919,Nyctalus leisleri,0.01,0.022,-1,Echolocation,/mnt/ubna_data_02_mir/recover-20221013/UBNA_001/20221012_030000.WAV,Telephone Field,recover-20221013,001,1795
72.2235,72.2634,68437,82360,Rhinolophus ferrumequinum,0.027,0.027,-1,Echolocation,/mnt/ubna_data_02_mir/recover-20221013/UBNA_001/20221012_030000.WAV,Telephone Field,recover-20221013,001,1795
72.2625,72.2747,28906,36152,Eptesicus serotinus,0.012,0.022,-1,Echolocation,/mnt/ubna_data_02_mir/recover-20221013/UBNA_001/20221012_030000.WAV,Telephone Field,recover-20221013,001,1795
72.26650000000001,72.3081,68437,82637,Rhinolophus ferrumequinum,0.029,0.029,-1,Echolocation,/mnt/ubna_data_02_mir/recover-20221013/UBNA_001/20221012_030000.WAV,Telephone Field,recover-20221013,001,1795
72.2755,72.2839,28046,38523,Eptesicus serotinus,0.009,0.025,-1,Echolocation,/mnt/ubna_data_02_mir/recover-20221013/UBNA_001/20221012_030000.WAV,Telephone Field,recover-20221013,001,1795
72.2875,72.2982,25468,32108,Eptesicus serotinus,0.01,0.026,-1,Echolocation,/mnt/ubna_data_02_mir/recover-20221013/UBNA_001/20221012_030000.WAV,Telephone Field,recover-20221013,001,1795
72.3335,72.3708,68437,82043,Rhinolophus ferrumequinum,0.023,0.023,-1,Echolocation,/mnt/ubna_data_02_mir/recover-20221013/UBNA_001/20221012_030000.WAV,Telephone Field,recover-20221013,001,1795
72.3455,72.3576,22890,27177,Nyctalus leisleri,0.011,0.02,-1,Echolocation,/mnt/ubna_data_02_mir/recover-20221013/UBNA_001/20221012_030000.WAV,Telephone Field,recover-20221013,001,1795
72.3565,72.3918,68437,82007,Rhinolophus ferrumequinum,0.023,0.023,-1,Echolocation,/mnt/ubna_data_02_mir/recover-20221013/UBNA_001/20221012_030000.WAV,Telephone Field,recover-20221013,001,1795
72.36449999999999,72.4029,68437,82830,Rhinolophus ferrumequinum,0.024,0.024,-1,Echolocation,/mnt/ubna_data_02_mir/recover-20221013/UBNA_001/20221012_030000.WAV,Telephone Field,recover-20221013,001,1795
72.3895,72.4285,68437,82582,Rhinolophus ferrumequinum,0.025,0.025,-1,Echolocation,/mnt/ubna_data_02_mir/recover-20221013/UBNA_001/20221012_030000.WAV,Telephone Field,recover-20221013,001,1795
72.4425,72.479,68437,81605,Rhinolophus ferrumequinum,0.02,0.02,-1,Echolocation,/mnt/ubna_data_02_mir/recover-20221013/UBNA_001/20221012_030000.WAV,Telephone Field,recover-20221013,001,1795
72.4595,72.501,68437,82514,Rhinolophus ferrumequinum,0.035,0.035,-1,Echolocation,/mnt/ubna_data_02_mir/recover-20221013/UBNA_001/20221012_030000.WAV,Telephone Field,recover-20221013,001,1795
72.4795,72.4875,28046,37469,Eptesicus serotinus,0.007,0.02,-1,Echolocation,/mnt/ubna_data_02_mir/recover-20221013/UBNA_001/20221012_030000.WAV,Telephone Field,recover-20221013,001,1795
72.4995,72.53829999999999,68437,81748,Rhinolophus ferrumequinum,0.023,0.023,-1,Echolocation,/mnt/ubna_data_02_mir/recover-20221013/UBNA_001/20221012_030000.WAV,Telephone Field,recover-20221013,001,1795
72.5185,72.5292,22890,28290,Nyctalus leisleri,0.009,0.021,-1,Echolocation,/mnt/ubna_data_02_mir/recover-20221013/UBNA_001/20221012_030000.WAV,Telephone Field,recover-20221013,001,1795
72.5435,72.5547,22031,26186,Nyctalus leisleri,0.012,0.023,-1,Echolocation,/mnt/ubna_data_02_mir/recover-20221013/UBNA_001/20221012_030000.WAV,Telephone Field,recover-20221013,001,1795
72.5735,72.6117,68437,81893,Rhinolophus ferrumequinum,0.023,0.023,-1,Echolocation,/mnt/ubna_data_02_mir/recover-20221013/UBNA_001/20221012_030000.WAV,Telephone Field,recover-20221013,001,1795
72.5855,72.5965,32343,38121,Eptesicus serotinus,0.012,0.033,-1,Echolocation,/mnt/ubna_data_02_mir/recover-20221013/UBNA_001/20221012_030000.WAV,Telephone Field,recover-20221013,001,1795
72.5985,72.6368,68437,81596,Rhinolophus ferrumequinum,0.02,0.02,-1,Echolocation,/mnt/ubna_data_02_mir/recover-20221013/UBNA_001/20221012_030000.WAV,Telephone Field,recover-20221013,001,1795
72.62950000000001,72.667,68437,81569,Rhinolophus ferrumequinum,0.021,0.021,-1,Echolocation,/mnt/ubna_data_02_mir/recover-20221013/UBNA_001/20221012_030000.WAV,Telephone Field,recover-20221013,001,1795
72.63550000000001,72.6465,25468,31890,Eptesicus serotinus,0.009,0.024,-1,Echolocation,/mnt/ubna_data_02_mir/recover-20221013/UBNA_001/20221012_030000.WAV,Telephone Field,recover-20221013,001,1795
72.6535,72.6607,28046,37650,Eptesicus serotinus,0.006,0.022,-1,Echolocation,/mnt/ubna_data_02_mir/recover-20221013/UBNA_001/20221012_030000.WAV,Telephone Field,recover-20221013,001,1795
72.6775,72.7169,68437,82085,Rhinolophus ferrumequinum,0.021,0.021,-1,Echolocation,/mnt/ubna_data_02_mir/recover-20221013/UBNA_001/20221012_030000.WAV,Telephone Field,recover-20221013,001,1795
72.6885,72.6949,28906,41539,Eptesicus serotinus,0.006,0.027,-1,Echolocation,/mnt/ubna_data_02_mir/recover-20221013/UBNA_001/20221012_030000.WAV,Telephone Field,recover-20221013,001,1795
72.6975,72.7397,68437,82310,Rhinolophus ferrumequinum,0.023,0.023,-1,Echolocation,/mnt/ubna_data_02_mir/recover-20221013/UBNA_001/20221012_030000.WAV,Telephone Field,recover-20221013,001,1795
72.7285,72.7706,68437,82636,Rhinolophus ferrumequinum,0.025,0.025,-1,Echolocation,/mnt/ubna_data_02_mir/recover-20221013/UBNA_001/20221012_030000.WAV,Telephone Field,recover-20221013,001,1795
72.7505,72.7579,26328,43727,Eptesicus serotinus,0.006,0.022,-1,Echolocation,/mnt/ubna_data_02_mir/recover-20221013/UBNA_001/20221012_030000.WAV,Telephone Field,recover-20221013,001,1795
72.7685,72.8029,68437,81603,Rhinolophus ferrumequinum,0.021,0.022,-1,Echolocation,/mnt/ubna_data_02_mir/recover-20221013/UBNA_001/20221012_030000.WAV,Telephone Field,recover-20221013,001,1795
72.7965,72.8069,22031,27534,Nyctalus leisleri,0.008,0.021,-1,Echolocation,/mnt/ubna_data_02_mir/recover-20221013/UBNA_001/20221012_030000.WAV,Telephone Field,recover-20221013,001,1795
72.8035,72.8387,68437,81902,Rhinolophus ferrumequinum,0.022,0.022,-1,Echolocation,/mnt/ubna_data_02_mir/recover-20221013/UBNA_001/20221012_030000.WAV,Telephone Field,recover-20221013,001,1795
72.8205,72.8301,14296,21868,Nyctalus noctula,0.014,0.027,-1,Echolocation,/mnt/ubna_data_02_mir/recover-20221013/UBNA_001/20221012_030000.WAV,Telephone Field,recover-20221013,001,1795
72.8265,72.8649,68437,81987,Rhinolophus ferrumequinum,0.02,0.02,-1,Echolocation,/mnt/ubna_data_02_mir/recover-20221013/UBNA_001/20221012_030000.WAV,Telephone Field,recover-20221013,001,1795
72.8335,72.8439,27187,35768,Eptesicus serotinus,0.036,0.06,-1,Echolocation,/mnt/ubna_data_02_mir/recover-20221013/UBNA_001/20221012_030000.WAV,Telephone Field,recover-20221013,001,1795
72.8515,72.89189999999999,68437,82640,Rhinolophus ferrumequinum,0.025,0.025,-1,Echolocation,/mnt/ubna_data_02_mir/recover-20221013/UBNA_001/20221012_030000.WAV,Telephone Field,recover-20221013,001,1795
72.8775,72.918,68437,82068,Rhinolophus ferrumequinum,0.021,0.021,-1,Echolocation,/mnt/ubna_data_02_mir/recover-20221013/UBNA_001/20221012_030000.WAV,Telephone Field,recover-20221013,001,1795
72.9435,72.9592,22031,25588,Nyctalus leisleri,0.014,0.023,-1,Echolocation,/mnt/ubna_data_02_mir/recover-20221013/UBNA_001/20221012_030000.WAV,Telephone Field,recover-20221013,001,1795
72.9545,72.9909,68437,81301,Rhinolophus ferrumequinum,0.026,0.026,-1,Echolocation,/mnt/ubna_data_02_mir/recover-20221013/UBNA_001/20221012_030000.WAV,Telephone Field,recover-20221013,001,1795
72.9925,73.0332,68437,83069,Rhinolophus ferrumequinum,0.028,0.028,-1,Echolocation,/mnt/ubna_data_02_mir/recover-20221013/UBNA_001/20221012_030000.WAV,Telephone Field,recover-20221013,001,1795
72.9985,73.0385,68437,82734,Rhinolophus ferrumequinum,0.024,0.024,-1,Echolocation,/mnt/ubna_data_02_mir/recover-20221013/UBNA_001/20221012_030000.WAV,Telephone Field,recover-20221013,001,1795
73.0025,73.0116,28046,38498,Eptesicus serotinus,0.008,0.02,-1,Echolocation,/mnt/ubna_data_02_mir/recover-20221013/UBNA_001/20221012_030000.WAV,Telephone Field,recover-20221013,001,1795
73.0175,73.0309,23750,28438,Nyctalus leisleri,0.012,0.022,-1,Echolocation,/mnt/ubna_data_02_mir/recover-20221013/UBNA_001/20221012_030000.WAV,Telephone Field,recover-20221013,001,1795
73.0435,73.05199999999999,22890,30001,Plecotus austriacus,0.009,0.022,-1,Echolocation,/mnt/ubna_data_02_mir/recover-20221013/UBNA_001/20221012_030000.WAV,Telephone Field,recover-20221013,001,1795
73.0485,73.083,68437,81283,Rhinolophus ferrumequinum,0.02,0.02,-1,Echolocation,/mnt/ubna_data_02_mir/recover-20221013/UBNA_001/20221012_030000.WAV,Telephone Field,recover-20221013,001,1795
73.0705,73.1113,68437,82482,Rhinolophus ferrumequinum,0.024,0.024,-1,Echolocation,/mnt/ubna_data_02_mir/recover-20221013/UBNA_001/20221012_030000.WAV,Telephone Field,recover-20221013,001,1795
73.0845,73.092,28906,37315,Eptesicus serotinus,0.006,0.022,-1,Echolocation,/mnt/ubna_data_02_mir/recover-20221013/UBNA_001/20221012_030000.WAV,Telephone Field,recover-20221013,001,1795
73.1195,73.1574,68437,81459,Rhinolophus ferrumequinum,0.021,0.021,-1,Echolocation,/mnt/ubna_data_02_mir/recover-20221013/UBNA_001/20221012_030000.WAV,Telephone Field,recover-20221013,001,1795
73.1595,73.1973,68437,82180,Rhinolophus ferrumequinum,0.021,0.021,-1,Echolocation,/mnt/ubna_data_02_mir/recover-20221013/UBNA_001/20221012_030000.WAV,Telephone Field,recover-20221013,001,1795
73.1725,73.2099,68437,81692,Rhinolophus ferrumequinum,0.022,0.022,-1,Echolocation,/mnt/ubna_data_02_mir/recover-20221013/UBNA_001/20221012_030000.WAV,Telephone Field,recover-20221013,001,1795
73.1795,73.2164,68437,80977,Rhinolophus ferrumequinum,0.02,0.021,-1,Echolocation,/mnt/ubna_data_02_mir/recover-20221013/UBNA_001/20221012_030000.WAV,Telephone Field,recover-20221013,001,1795
73.2105,73.2266,18593,23308,Nyctalus noctula,0.015,0.023,-1,Echolocation,/mnt/ubna_data_02_mir/recover-20221013/UBNA_001/20221012_030000.WAV,Telephone Field,recover-20221013,001,1795
73.2265,73.2655,68437,82198,Rhinolophus ferrumequinum,0.024,0.024,-1,Echolocation,/mnt/ubna_data_02_mir/recover-20221013/UBNA_001/20221012_030000.WAV,Telephone Field,recover-20221013,001,1795
73.26650000000001,73.2764,27187,35314,Eptesicus serotinus,0.011,0.025,-1,Echolocation,/mnt/ubna_data_02_mir/recover-20221013/UBNA_001/20221012_030000.WAV,Telephone Field,recover-20221013,001,1795
73.3055,73.3398,68437,80847,Rhinolophus ferrumequinum,0.021,0.022,-1,Echolocation,/mnt/ubna_data_02_mir/recover-20221013/UBNA_001/20221012_030000.WAV,Telephone Field,recover-20221013,001,1795
73.3185,73.3566,68437,82435,Rhinolophus ferrumequinum,0.022,0.022,-1,Echolocation,/mnt/ubna_data_02_mir/recover-20221013/UBNA_001/20221012_030000.WAV,Telephone Field,recover-20221013,001,1795
73.3345,73.3727,68437,82865,Rhinolophus ferrumequinum,0.021,0.021,-1,Echolocation,/mnt/ubna_data_02_mir/recover-20221013/UBNA_001/20221012_030000.WAV,Telephone Field,recover-20221013,001,1795
73.3715,73.4084,68437,82553,Rhinolophus ferrumequinum,0.024,0.024,-1,Echolocation,/mnt/ubna_data_02_mir/recover-20221013/UBNA_001/20221012_030000.WAV,Telephone Field,recover-20221013,001,1795
73.38550000000001,73.39359999999999,23750,31933,Plecotus austriacus,0.007,0.021,-1,Echolocation,/mnt/ubna_data_02_mir/recover-20221013/UBNA_001/20221012_030000.WAV,Telephone Field,recover-20221013,001,1795
73.3955,73.4346,68437,82389,Rhinolophus ferrumequinum,0.021,0.021,-1,Echolocation,/mnt/ubna_data_02_mir/recover-20221013/UBNA_001/20221012_030000.WAV,Telephone Field,recover-20221013,001,1795
73.4285,73.4402,22031,26730,Nyctalus leisleri,0.013,0.027,-1,Echolocation,/mnt/ubna_data_02_mir/recover-20221013/UBNA_001/20221012_030000.WAV,Telephone Field,recover-20221013,001,1795
73.4625,73.5017,68437,82196,Rhinolophus ferrumequinum,0.021,0.021,-1,Echolocation,/mnt/ubna_data_02_mir/recover-20221013/UBNA_001/20221012_030000.WAV,Telephone Field,recover-20221013,001,1795
73.4935,73.5357,68437,83710,Rhinolophus ferrumequinum,0.03,0.03,-1,Echolocation,/mnt/ubna_data_02_mir/recover-20221013/UBNA_001/20221012_030000.WAV,Telephone Field,recover-20221013,001,1795
73.49549999999999,73.5017,26328,39657,Plecotus auritus,0.008,0.033,-1,Echolocation,/mnt/ubna_data_02_mir/recover-20221013/UBNA_001/20221012_030000.WAV,Telephone Field,recover-20221013,001,1795
73.5285,73.5364,25468,34927,Eptesicus serotinus,0.008,0.025,-1,Echolocation,/mnt/ubna_data_02_mir/recover-20221013/UBNA_001/20221012_030000.WAV,Telephone Field,recover-20221013,001,1795
73.5505,73.5595,24609,32457,Eptesicus serotinus,0.006,0.025,-1,Echolocation,/mnt/ubna_data_02_mir/recover-20221013/UBNA_001/20221012_030000.WAV,Telephone Field,recover-20221013,001,1795
73.5585,73.5978,68437,82351,Rhinolophus ferrumequinum,0.022,0.022,-1,Echolocation,/mnt/ubna_data_02_mir/recover-20221013/UBNA_001/20221012_030000.WAV,Telephone Field,recover-20221013,001,1795
73.5815,73.5914,22031,27907,Plecotus austriacus,0.009,0.024,-1,Echolocation,/mnt/ubna_data_02_mir/recover-20221013/UBNA_001/20221012_030000.WAV,Telephone Field,recover-20221013,001,1795
73.5815,73.5889,28046,39830,Eptesicus serotinus,0.007,0.021,-1,Echolocation,/mnt/ubna_data_02_mir/recover-20221013/UBNA_001/20221012_030000.WAV,Telephone Field,recover-20221013,001,1795
73.6135,73.6499,68437,81497,Rhinolophus ferrumequinum,0.021,0.021,-1,Echolocation,/mnt/ubna_data_02_mir/recover-20221013/UBNA_001/20221012_030000.WAV,Telephone Field,recover-20221013,001,1795
73.6745,73.6812,27187,41623,Eptesicus serotinus,0.007,0.026,-1,Echolocation,/mnt/ubna_data_02_mir/recover-20221013/UBNA_001/20221012_030000.WAV,Telephone Field,recover-20221013,001,1795
73.6885,73.6969,25468,34019,Eptesicus serotinus,0.008,0.021,-1,Echolocation,/mnt/ubna_data_02_mir/recover-20221013/UBNA_001/20221012_030000.WAV,Telephone Field,recover-20221013,001,1795
73.7075,73.748,68437,82369,Rhinolophus ferrumequinum,0.023,0.023,-1,Echolocation,/mnt/ubna_data_02_mir/recover-20221013/UBNA_001/20221012_030000.WAV,Telephone Field,recover-20221013,001,1795
73.7265,73.7666,68437,82641,Rhinolophus ferrumequinum,0.023,0.023,-1,Echolocation,/mnt/ubna_data_02_mir/recover-20221013/UBNA_001/20221012_030000.WAV,Telephone Field,recover-20221013,001,1795
73.7775,73.8194,68437,82837,Rhinolophus ferrumequinum,0.033,0.033,-1,Echolocation,/mnt/ubna_data_02_mir/recover-20221013/UBNA_001/20221012_030000.WAV,Telephone Field,recover-20221013,001,1795
73.7925,73.8331,68437,82312,Rhinolophus ferrumequinum,0.021,0.021,-1,Echolocation,/mnt/ubna_data_02_mir/recover-20221013/UBNA_001/20221012_030000.WAV,Telephone Field,recover-20221013,001,1795
73.8015,73.8399,68437,82261,Rhinolophus ferrumequinum,0.02,0.02,-1,Echolocation,/mnt/ubna_data_02_mir/recover-20221013/UBNA_001/20221012_030000.WAV,Telephone Field,recover-20221013,001,1795
73.8105,73.8177,28046,38538,Eptesicus serotinus,0.006,0.02,-1,Echolocation,/mnt/ubna_data_02_mir/recover-20221013/UBNA_001/20221012_030000.WAV,Telephone Field,recover-20221013,001,1795
73.8335,73.8702,68437,81985,Rhinolophus ferrumequinum,0.021,0.021,-1,Echolocation,/mnt/ubna_data_02_mir/recover-20221013/UBNA_001/20221012_030000.WAV,Telephone Field,recover-20221013,001,1795
73.8485,73.858,26328,34630,Eptesicus serotinus,0.009,0.024,-1,Echolocation,/mnt/ubna_data_02_mir/recover-20221013/UBNA_001/20221012_030000.WAV,Telephone Field,recover-20221013,001,1795
73.9305,73.9688,68437,82120,Rhinolophus ferrumequinum,0.02,0.02,-1,Echolocation,/mnt/ubna_data_02_mir/recover-20221013/UBNA_001/20221012_030000.WAV,Telephone Field,recover-20221013,001,1795
73.9475,73.9829,68437,80709,Rhinolophus ferrumequinum,0.023,0.023,-1,Echolocation,/mnt/ubna_data_02_mir/recover-20221013/UBNA_001/20221012_030000.WAV,Telephone Field,recover-20221013,001,1795
73.9765,73.9871,28906,35998,Eptesicus serotinus,0.008,0.021,-1,Echolocation,/mnt/ubna_data_02_mir/recover-20221013/UBNA_001/20221012_030000.WAV,Telephone Field,recover-20221013,001,1795
74.0015,74.0333,68437,80339,Rhinolophus ferrumequinum,0.029,0.029,-1,Echolocation,/mnt/ubna_data_02_mir/recover-20221013/UBNA_001/20221012_030000.WAV,Telephone Field,recover-20221013,001,1795
74.0015,74.0102,27187,36720,Eptesicus serotinus,0.007,0.024,-1,Echolocation,/mnt/ubna_data_02_mir/recover-20221013/UBNA_001/20221012_030000.WAV,Telephone Field,recover-20221013,001,1795
74.0015,74.0107,21171,26799,Nyctalus leisleri,0.009,0.023,-1,Echolocation,/mnt/ubna_data_02_mir/recover-20221013/UBNA_001/20221012_030000.WAV,Telephone Field,recover-20221013,001,1795
74.02250000000001,74.0342,22031,25875,Nyctalus leisleri,0.014,0.024,-1,Echolocation,/mnt/ubna_data_02_mir/recover-20221013/UBNA_001/20221012_030000.WAV,Telephone Field,recover-20221013,001,1795
74.0895,74.0986,28906,39373,Eptesicus serotinus,0.011,0.029,-1,Echolocation,/mnt/ubna_data_02_mir/recover-20221013/UBNA_001/20221012_030000.WAV,Telephone Field,recover-20221013,001,1795
74.12049999999999,74.1281,28046,37175,Eptesicus serotinus,0.007,0.023,-1,Echolocation,/mnt/ubna_data_02_mir/recover-20221013/UBNA_001/20221012_030000.WAV,Telephone Field,recover-20221013,001,1795
74.1525,74.1892,68437,82008,Rhinolophus ferrumequinum,0.022,0.022,-1,Echolocation,/mnt/ubna_data_02_mir/recover-20221013/UBNA_001/20221012_030000.WAV,Telephone Field,recover-20221013,001,1795
74.1565,74.1643,24609,33545,Plecotus austriacus,0.006,0.022,-1,Echolocation,/mnt/ubna_data_02_mir/recover-20221013/UBNA_001/20221012_030000.WAV,Telephone Field,recover-20221013,001,1795
74.1865,74.2238,68437,81446,Rhinolophus ferrumequinum,0.027,0.027,-1,Echolocation,/mnt/ubna_data_02_mir/recover-20221013/UBNA_001/20221012_030000.WAV,Telephone Field,recover-20221013,001,1795
74.2125,74.2499,68437,81783,Rhinolophus ferrumequinum,0.025,0.025,-1,Echolocation,/mnt/ubna_data_02_mir/recover-20221013/UBNA_001/20221012_030000.WAV,Telephone Field,recover-20221013,001,1795
74.2195,74.2548,68437,81805,Rhinolophus ferrumequinum,0.023,0.023,-1,Echolocation,/mnt/ubna_data_02_mir/recover-20221013/UBNA_001/20221012_030000.WAV,Telephone Field,recover-20221013,001,1795
74.2425,74.2499,26328,35798,Eptesicus serotinus,0.008,0.023,-1,Echolocation,/mnt/ubna_data_02_mir/recover-20221013/UBNA_001/20221012_030000.WAV,Telephone Field,recover-20221013,001,1795
74.26650000000001,74.3061,68437,82423,Rhinolophus ferrumequinum,0.022,0.022,-1,Echolocation,/mnt/ubna_data_02_mir/recover-20221013/UBNA_001/20221012_030000.WAV,Telephone Field,recover-20221013,001,1795
74.2845,74.3238,68437,82510,Rhinolophus ferrumequinum,0.025,0.025,-1,Echolocation,/mnt/ubna_data_02_mir/recover-20221013/UBNA_001/20221012_030000.WAV,Telephone Field,recover-20221013,001,1795
74.3265,74.3608,68437,81084,Rhinolophus ferrumequinum,0.025,0.025,-1,Echolocation,/mnt/ubna_data_02_mir/recover-20221013/UBNA_001/20221012_030000.WAV,Telephone Field,recover-20221013,001,1795
74.3475,74.3866,68437,81833,Rhinolophus ferrumequinum,0.025,0.025,-1,Echolocation,/mnt/ubna_data_02_mir/recover-20221013/UBNA_001/20221012_030000.WAV,Telephone Field,recover-20221013,001,1795
74.3825,74.4217,68437,82229,Rhinolophus ferrumequinum,0.021,0.022,-1,Echolocation,/mnt/ubna_data_02_mir/recover-20221013/UBNA_001/20221012_030000.WAV,Telephone Field,recover-20221013,001,1795
74.3935,74.4335,68437,81869,Rhinolophus ferrumequinum,0.025,0.025,-1,Echolocation,/mnt/ubna_data_02_mir/recover-20221013/UBNA_001/20221012_030000.WAV,Telephone Field,recover-20221013,001,1795
74.4035,74.4383,68437,81353,Rhinolophus ferrumequinum,0.022,0.022,-1,Echolocation,/mnt/ubna_data_02_mir/recover-20221013/UBNA_001/20221012_030000.WAV,Telephone Field,recover-20221013,001,1795
74.4165,74.45400000000001,68437,82102,Rhinolophus ferrumequinum,0.023,0.023,-1,Echolocation,/mnt/ubna_data_02_mir/recover-20221013/UBNA_001/20221012_030000.WAV,Telephone Field,recover-20221013,001,1795
74.4235,74.4628,68437,82420,Rhinolophus ferrumequinum,0.022,0.022,-1,Echolocation,/mnt/ubna_data_02_mir/recover-20221013/UBNA_001/20221012_030000.WAV,Telephone Field,recover-20221013,001,1795
74.4525,74.4935,68437,82379,Rhinolophus ferrumequinum,0.03,0.03,-1,Echolocation,/mnt/ubna_data_02_mir/recover-20221013/UBNA_001/20221012_030000.WAV,Telephone Field,recover-20221013,001,1795
74.4765,74.484,28046,38713,Eptesicus serotinus,0.007,0.025,-1,Echolocation,/mnt/ubna_data_02_mir/recover-20221013/UBNA_001/20221012_030000.WAV,Telephone Field,recover-20221013,001,1795
74.4845,74.49510000000001,25468,31214,Nyctalus leisleri,0.011,0.026,-1,Echolocation,/mnt/ubna_data_02_mir/recover-20221013/UBNA_001/20221012_030000.WAV,Telephone Field,recover-20221013,001,1795
74.4985,74.5065,27187,40122,Eptesicus serotinus,0.008,0.022,-1,Echolocation,/mnt/ubna_data_02_mir/recover-20221013/UBNA_001/20221012_030000.WAV,Telephone Field,recover-20221013,001,1795
74.5055,74.5423,68437,81813,Rhinolophus ferrumequinum,0.023,0.023,-1,Echolocation,/mnt/ubna_data_02_mir/recover-20221013/UBNA_001/20221012_030000.WAV,Telephone Field,recover-20221013,001,1795
74.5195,74.5562,68437,81839,Rhinolophus ferrumequinum,0.025,0.025,-1,Echolocation,/mnt/ubna_data_02_mir/recover-20221013/UBNA_001/20221012_030000.WAV,Telephone Field,recover-20221013,001,1795
74.5515,74.5601,28046,37894,Eptesicus serotinus,0.011,0.025,-1,Echolocation,/mnt/ubna_data_02_mir/recover-20221013/UBNA_001/20221012_030000.WAV,Telephone Field,recover-20221013,001,1795
74.5955,74.6349,68437,82514,Rhinolophus ferrumequinum,0.024,0.024,-1,Echolocation,/mnt/ubna_data_02_mir/recover-20221013/UBNA_001/20221012_030000.WAV,Telephone Field,recover-20221013,001,1795
74.5985,74.6031,40078,55277,Myotis mystacinus,0.007,0.026,-1,Echolocation,/mnt/ubna_data_02_mir/recover-20221013/UBNA_001/20221012_030000.WAV,Telephone Field,recover-20221013,001,1795
74.60249999999999,74.613,28906,36688,Eptesicus serotinus,0.012,0.027,-1,Echolocation,/mnt/ubna_data_02_mir/recover-20221013/UBNA_001/20221012_030000.WAV,Telephone Field,recover-20221013,001,1795
74.6405,74.6769,68437,81115,Rhinolophus ferrumequinum,0.022,0.023,-1,Echolocation,/mnt/ubna_data_02_mir/recover-20221013/UBNA_001/20221012_030000.WAV,Telephone Field,recover-20221013,001,1795
74.6775,74.7187,68437,82837,Rhinolophus ferrumequinum,0.03,0.03,-1,Echolocation,/mnt/ubna_data_02_mir/recover-20221013/UBNA_001/20221012_030000.WAV,Telephone Field,recover-20221013,001,1795
74.6905,74.6996,26328,34283,Eptesicus serotinus,0.009,0.023,-1,Echolocation,/mnt/ubna_data_02_mir/recover-20221013/UBNA_001/20221012_030000.WAV,Telephone Field,recover-20221013,001,1795
74.6975,74.7067,28046,36052,Eptesicus serotinus,0.008,0.022,-1,Echolocation,/mnt/ubna_data_02_mir/recover-20221013/UBNA_001/20221012_030000.WAV,Telephone Field,recover-20221013,001,1795
74.7375,74.7491,24609,30452,Nyctalus leisleri,0.012,0.029,-1,Echolocation,/mnt/ubna_data_02_mir/recover-20221013/UBNA_001/20221012_030000.WAV,Telephone Field,recover-20221013,001,1795
74.76050000000001,74.7997,68437,81758,Rhinolophus ferrumequinum,0.025,0.025,-1,Echolocation,/mnt/ubna_data_02_mir/recover-20221013/UBNA_001/20221012_030000.WAV,Telephone Field,recover-20221013,001,1795
74.7735,74.7821,26328,40054,Eptesicus serotinus,0.009,0.024,-1,Echolocation,/mnt/ubna_data_02_mir/recover-20221013/UBNA_001/20221012_030000.WAV,Telephone Field,recover-20221013,001,1795
74.7745,74.7791,39218,53326,Myotis daubentonii,0.007,0.024,-1,Echolocation,/mnt/ubna_data_02_mir/recover-20221013/UBNA_001/20221012_030000.WAV,Telephone Field,recover-20221013,001,1795
74.7985,74.8062,28046,39742,Eptesicus serotinus,0.007,0.022,-1,Echolocation,/mnt/ubna_data_02_mir/recover-20221013/UBNA_001/20221012_030000.WAV,Telephone Field,recover-20221013,001,1795
74.8005,74.8402,68437,82278,Rhinolophus ferrumequinum,0.023,0.023,-1,Echolocation,/mnt/ubna_data_02_mir/recover-20221013/UBNA_001/20221012_030000.WAV,Telephone Field,recover-20221013,001,1795
74.8095,74.8166,45234,53617,Pipistrellus pipistrellus,0.016,0.022,-1,Echolocation,/mnt/ubna_data_02_mir/recover-20221013/UBNA_001/20221012_030000.WAV,Telephone Field,recover-20221013,001,1795
74.8785,74.9199,68437,82916,Rhinolophus ferrumequinum,0.029,0.029,-1,Echolocation,/mnt/ubna_data_02_mir/recover-20221013/UBNA_001/20221012_030000.WAV,Telephone Field,recover-20221013,001,1795
74.8935,74.9038,29765,37613,Eptesicus serotinus,0.011,0.026,-1,Echolocation,/mnt/ubna_data_02_mir/recover-20221013/UBNA_001/20221012_030000.WAV,Telephone Field,recover-20221013,001,1795
74.9275,74.9361,28046,36579,Eptesicus serotinus,0.01,0.024,-1,Echolocation,/mnt/ubna_data_02_mir/recover-20221013/UBNA_001/20221012_030000.WAV,Telephone Field,recover-20221013,001,1795
74.9595,74.9976,68437,81642,Rhinolophus ferrumequinum,0.026,0.026,-1,Echolocation,/mnt/ubna_data_02_mir/recover-20221013/UBNA_001/20221012_030000.WAV,Telephone Field,recover-20221013,001,1795
74.9705,75.007,68437,81489,Rhinolophus ferrumequinum,0.023,0.023,-1,Echolocation,/mnt/ubna_data_02_mir/recover-20221013/UBNA_001/20221012_030000.WAV,Telephone Field,recover-20221013,001,1795
74.9715,74.98,46953,50667,Pipistrellus pipistrellus,0.022,0.023,-1,Echolocation,/mnt/ubna_data_02_mir/recover-20221013/UBNA_001/20221012_030000.WAV,Telephone Field,recover-20221013,001,1795
74.9735,74.98140000000001,25468,33184,Eptesicus serotinus,0.007,0.024,-1,Echolocation,/mnt/ubna_data_02_mir/recover-20221013/UBNA_001/20221012_030000.WAV,Telephone Field,recover-20221013,001,1795
75.0195,75.0613,68437,82443,Rhinolophus ferrumequinum,0.029,0.029,-1,Echolocation,/mnt/ubna_data_02_mir/recover-20221013/UBNA_001/20221012_030000.WAV,Telephone Field,recover-20221013,001,1795
75.0395,75.0463,28046,39111,Eptesicus serotinus,0.007,0.026,-1,Echolocation,/mnt/ubna_data_02_mir/recover-20221013/UBNA_001/20221012_030000.WAV,Telephone Field,recover-20221013,001,1795
75.0545,75.0949,68437,82985,Rhinolophus ferrumequinum,0.023,0.023,-1,Echolocation,/mnt/ubna_data_02_mir/recover-20221013/UBNA_001/20221012_030000.WAV,Telephone Field,recover-20221013,001,1795
75.0645,75.0745,24609,32275,Eptesicus serotinus,0.009,0.024,-1,Echolocation,/mnt/ubna_data_02_mir/recover-20221013/UBNA_001/20221012_030000.WAV,Telephone Field,recover-20221013,001,1795
75.1005,75.1433,68437,83016,Rhinolophus ferrumequinum,0.022,0.022,-1,Echolocation,/mnt/ubna_data_02_mir/recover-20221013/UBNA_001/20221012_030000.WAV,Telephone Field,recover-20221013,001,1795
75.1685,75.1785,43515,49494,Pipistrellus pipistrellus,0.022,0.028,-1,Echolocation,/mnt/ubna_data_02_mir/recover-20221013/UBNA_001/20221012_030000.WAV,Telephone Field,recover-20221013,001,1795
75.1995,75.24,68437,82579,Rhinolophus ferrumequinum,0.031,0.031,-1,Echolocation,/mnt/ubna_data_02_mir/recover-20221013/UBNA_001/20221012_030000.WAV,Telephone Field,recover-20221013,001,1795
75.2115,75.2192,29765,36950,Eptesicus serotinus,0.025,0.052,-1,Echolocation,/mnt/ubna_data_02_mir/recover-20221013/UBNA_001/20221012_030000.WAV,Telephone Field,recover-20221013,001,1795
75.2315,75.2705,68437,82856,Rhinolophus ferrumequinum,0.023,0.023,-1,Echolocation,/mnt/ubna_data_02_mir/recover-20221013/UBNA_001/20221012_030000.WAV,Telephone Field,recover-20221013,001,1795
75.25450000000001,75.274,19453,22506,Nyctalus leisleri,0.011,0.022,-1,Echolocation,/mnt/ubna_data_02_mir/recover-20221013/UBNA_001/20221012_030000.WAV,Telephone Field,recover-20221013,001,1795
75.2565,75.3015,68437,83500,Rhinolophus ferrumequinum,0.039,0.039,-1,Echolocation,/mnt/ubna_data_02_mir/recover-20221013/UBNA_001/20221012_030000.WAV,Telephone Field,recover-20221013,001,1795
75.2625,75.2699,27187,39443,Eptesicus serotinus,0.008,0.024,-1,Echolocation,/mnt/ubna_data_02_mir/recover-20221013/UBNA_001/20221012_030000.WAV,Telephone Field,recover-20221013,001,1795
75.2675,75.27590000000001,34062,41932,Myotis daubentonii,0.007,0.021,-1,Echolocation,/mnt/ubna_data_02_mir/recover-20221013/UBNA_001/20221012_030000.WAV,Telephone Field,recover-20221013,001,1795
75.2795,75.3194,68437,82107,Rhinolophus ferrumequinum,0.023,0.024,-1,Echolocation,/mnt/ubna_data_02_mir/recover-20221013/UBNA_001/20221012_030000.WAV,Telephone Field,recover-20221013,001,1795
75.3095,75.3503,68437,82724,Rhinolophus ferrumequinum,0.027,0.027,-1,Echolocation,/mnt/ubna_data_02_mir/recover-20221013/UBNA_001/20221012_030000.WAV,Telephone Field,recover-20221013,001,1795
75.3135,75.3201,28046,38722,Eptesicus serotinus,0.006,0.022,-1,Echolocation,/mnt/ubna_data_02_mir/recover-20221013/UBNA_001/20221012_030000.WAV,Telephone Field,recover-20221013,001,1795
75.3845,75.4246,68437,82593,Rhinolophus ferrumequinum,0.023,0.023,-1,Echolocation,/mnt/ubna_data_02_mir/recover-20221013/UBNA_001/20221012_030000.WAV,Telephone Field,recover-20221013,001,1795
75.4025,75.4128,22890,28167,Nyctalus leisleri,0.011,0.025,-1,Echolocation,/mnt/ubna_data_02_mir/recover-20221013/UBNA_001/20221012_030000.WAV,Telephone Field,recover-20221013,001,1795
75.4345,75.4743,68437,82469,Rhinolophus ferrumequinum,0.023,0.023,-1,Echolocation,/mnt/ubna_data_02_mir/recover-20221013/UBNA_001/20221012_030000.WAV,Telephone Field,recover-20221013,001,1795
75.4345,75.444,25468,33838,Eptesicus serotinus,0.008,0.022,-1,Echolocation,/mnt/ubna_data_02_mir/recover-20221013/UBNA_001/20221012_030000.WAV,Telephone Field,recover-20221013,001,1795
75.4605,75.5031,68437,83117,Rhinolophus ferrumequinum,0.035,0.035,-1,Echolocation,/mnt/ubna_data_02_mir/recover-20221013/UBNA_001/20221012_030000.WAV,Telephone Field,recover-20221013,001,1795
75.4785,75.5168,68437,82098,Rhinolophus ferrumequinum,0.023,0.023,-1,Echolocation,/mnt/ubna_data_02_mir/recover-20221013/UBNA_001/20221012_030000.WAV,Telephone Field,recover-20221013,001,1795
75.5025,75.5133,25468,31696,Eptesicus serotinus,0.009,0.024,-1,Echolocation,/mnt/ubna_data_02_mir/recover-20221013/UBNA_001/20221012_030000.WAV,Telephone Field,recover-20221013,001,1795
75.5095,75.54560000000001,68437,81607,Rhinolophus ferrumequinum,0.031,0.031,-1,Echolocation,/mnt/ubna_data_02_mir/recover-20221013/UBNA_001/20221012_030000.WAV,Telephone Field,recover-20221013,001,1795
75.51050000000001,75.5213,23750,29318,Nyctalus leisleri,0.012,0.024,-1,Echolocation,/mnt/ubna_data_02_mir/recover-20221013/UBNA_001/20221012_030000.WAV,Telephone Field,recover-20221013,001,1795
75.5385,75.5447,50390,55311,Pipistrellus pipistrellus,0.024,0.027,-1,Echolocation,/mnt/ubna_data_02_mir/recover-20221013/UBNA_001/20221012_030000.WAV,Telephone Field,recover-20221013,001,1795
75.5485,75.5859,68437,81783,Rhinolophus ferrumequinum,0.023,0.023,-1,Echolocation,/mnt/ubna_data_02_mir/recover-20221013/UBNA_001/20221012_030000.WAV,Telephone Field,recover-20221013,001,1795
75.5635,75.5857,18593,21516,Nyctalus noctula,0.015,0.027,-1,Echolocation,/mnt/ubna_data_02_mir/recover-20221013/UBNA_001/20221012_030000.WAV,Telephone Field,recover-20221013,001,1795
75.5665,75.6058,68437,82172,Rhinolophus ferrumequinum,0.023,0.023,-1,Echolocation,/mnt/ubna_data_02_mir/recover-20221013/UBNA_001/20221012_030000.WAV,Telephone Field,recover-20221013,001,1795
75.5745,75.6152,68437,82302,Rhinolophus ferrumequinum,0.028,0.028,-1,Echolocation,/mnt/ubna_data_02_mir/recover-20221013/UBNA_001/20221012_030000.WAV,Telephone Field,recover-20221013,001,1795
75.5975,75.6048,28046,39089,Eptesicus serotinus,0.008,0.027,-1,Echolocation,/mnt/ubna_data_02_mir/recover-20221013/UBNA_001/20221012_030000.WAV,Telephone Field,recover-20221013,001,1795
75.6255,75.6357,28046,35805,Eptesicus serotinus,0.013,0.027,-1,Echolocation,/mnt/ubna_data_02_mir/recover-20221013/UBNA_001/20221012_030000.WAV,Telephone Field,recover-20221013,001,1795
75.63550000000001,75.6763,68437,82404,Rhinolophus ferrumequinum,0.023,0.023,-1,Echolocation,/mnt/ubna_data_02_mir/recover-20221013/UBNA_001/20221012_030000.WAV,Telephone Field,recover-20221013,001,1795
75.64150000000001,75.6804,68437,82360,Rhinolophus ferrumequinum,0.023,0.023,-1,Echolocation,/mnt/ubna_data_02_mir/recover-20221013/UBNA_001/20221012_030000.WAV,Telephone Field,recover-20221013,001,1795
75.7045,75.7409,68437,81702,Rhinolophus ferrumequinum,0.039,0.039,-1,Echolocation,/mnt/ubna_data_02_mir/recover-20221013/UBNA_001/20221012_030000.WAV,Telephone Field,recover-20221013,001,1795
75.7045,75.7122,22890,30863,Plecotus austriacus,0.017,0.032,-1,Echolocation,/mnt/ubna_data_02_mir/recover-20221013/UBNA_001/20221012_030000.WAV,Telephone Field,recover-20221013,001,1795
75.76650000000001,75.807,68437,82301,Rhinolophus ferrumequinum,0.03,0.03,-1,Echolocation,/mnt/ubna_data_02_mir/recover-20221013/UBNA_001/20221012_030000.WAV,Telephone Field,recover-20221013,001,1795
75.8195,75.8288,27187,35860,Eptesicus serotinus,0.008,0.023,-1,Echolocation,/mnt/ubna_data_02_mir/recover-20221013/UBNA_001/20221012_030000.WAV,Telephone Field,recover-20221013,001,1795
75.8265,75.8647,68437,81703,Rhinolophus ferrumequinum,0.023,0.023,-1,Echolocation,/mnt/ubna_data_02_mir/recover-20221013/UBNA_001/20221012_030000.WAV,Telephone Field,recover-20221013,001,1795
75.8735,75.8835,27187,34928,Eptesicus serotinus,0.011,0.023,-1,Echolocation,/mnt/ubna_data_02_mir/recover-20221013/UBNA_001/20221012_030000.WAV,Telephone Field,recover-20221013,001,1795
75.8865,75.9259,68437,82033,Rhinolophus ferrumequinum,0.022,0.022,-1,Echolocation,/mnt/ubna_data_02_mir/recover-20221013/UBNA_001/20221012_030000.WAV,Telephone Field,recover-20221013,001,1795
75.9365,75.9717,68437,81545,Rhinolophus ferrumequinum,0.022,0.022,-1,Echolocation,/mnt/ubna_data_02_mir/recover-20221013/UBNA_001/20221012_030000.WAV,Telephone Field,recover-20221013,001,1795
75.9395,75.9462,28046,39843,Eptesicus serotinus,0.006,0.024,-1,Echolocation,/mnt/ubna_data_02_mir/recover-20221013/UBNA_001/20221012_030000.WAV,Telephone Field,recover-20221013,001,1795
75.9505,75.9584,50390,55135,Pipistrellus pipistrellus,0.02,0.022,-1,Echolocation,/mnt/ubna_data_02_mir/recover-20221013/UBNA_001/20221012_030000.WAV,Telephone Field,recover-20221013,001,1795
75.9525,75.9944,68437,83120,Rhinolophus ferrumequinum,0.025,0.025,-1,Echolocation,/mnt/ubna_data_02_mir/recover-20221013/UBNA_001/20221012_030000.WAV,Telephone Field,recover-20221013,001,1795
76.0015,76.011,23750,30879,Nyctalus leisleri,0.014,0.033,-1,Echolocation,/mnt/ubna_data_02_mir/recover-20221013/UBNA_001/20221012_030000.WAV,Telephone Field,recover-20221013,001,1795
76.0015,76.0303,69296,81299,Rhinolophus ferrumequinum,0.038,0.038,-1,Echolocation,/mnt/ubna_data_02_mir/recover-20221013/UBNA_001/20221012_030000.WAV,Telephone Field,recover-20221013,001,1795
76.0175,76.0549,68437,82361,Rhinolophus ferrumequinum,0.024,0.024,-1,Echolocation,/mnt/ubna_data_02_mir/recover-20221013/UBNA_001/20221012_030000.WAV,Telephone Field,recover-20221013,001,1795
76.0355,76.0428,24609,35078,Plecotus austriacus,0.007,0.022,-1,Echolocation,/mnt/ubna_data_02_mir/recover-20221013/UBNA_001/20221012_030000.WAV,Telephone Field,recover-20221013,001,1795
76.0495,76.0564,28046,41292,Eptesicus serotinus,0.007,0.025,-1,Echolocation,/mnt/ubna_data_02_mir/recover-20221013/UBNA_001/20221012_030000.WAV,Telephone Field,recover-20221013,001,1795
76.0685,76.0849,22890,26733,Nyctalus leisleri,0.051,0.105,-1,Echolocation,/mnt/ubna_data_02_mir/recover-20221013/UBNA_001/20221012_030000.WAV,Telephone Field,recover-20221013,001,1795
76.0765,76.083,47812,52340,Pipistrellus pipistrellus,0.02,0.021,-1,Echolocation,/mnt/ubna_data_02_mir/recover-20221013/UBNA_001/20221012_030000.WAV,Telephone Field,recover-20221013,001,1795
76.12049999999999,76.12950000000001,22890,29818,Plecotus austriacus,0.008,0.023,-1,Echolocation,/mnt/ubna_data_02_mir/recover-20221013/UBNA_001/20221012_030000.WAV,Telephone Field,recover-20221013,001,1795
76.1345,76.1748,68437,82835,Rhinolophus ferrumequinum,0.029,0.029,-1,Echolocation,/mnt/ubna_data_02_mir/recover-20221013/UBNA_001/20221012_030000.WAV,Telephone Field,recover-20221013,001,1795
76.1555,76.19409999999999,68437,82407,Rhinolophus ferrumequinum,0.022,0.022,-1,Echolocation,/mnt/ubna_data_02_mir/recover-20221013/UBNA_001/20221012_030000.WAV,Telephone Field,recover-20221013,001,1795
76.1965,76.23740000000001,68437,82095,Rhinolophus ferrumequinum,0.023,0.023,-1,Echolocation,/mnt/ubna_data_02_mir/recover-20221013/UBNA_001/20221012_030000.WAV,Telephone Field,recover-20221013,001,1795
76.2195,76.257,68437,81792,Rhinolophus ferrumequinum,0.022,0.022,-1,Echolocation,/mnt/ubna_data_02_mir/recover-20221013/UBNA_001/20221012_030000.WAV,Telephone Field,recover-20221013,001,1795
76.2615,76.3023,68437,82288,Rhinolophus ferrumequinum,0.021,0.021,-1,Echolocation,/mnt/ubna_data_02_mir/recover-20221013/UBNA_001/20221012_030000.WAV,Telephone Field,recover-20221013,001,1795
76.2695,76.3113,68437,82727,Rhinolophus ferrumequinum,0.022,0.022,-1,Echolocation,/mnt/ubna_data_02_mir/recover-20221013/UBNA_001/20221012_030000.WAV,Telephone Field,recover-20221013,001,1795
76.2815,76.2881,24609,34835,Plecotus austriacus,0.015,0.034,-1,Echolocation,/mnt/ubna_data_02_mir/recover-20221013/UBNA_001/20221012_030000.WAV,Telephone Field,recover-20221013,001,1795
76.3235,76.3334,22890,28996,Nyctalus leisleri,0.008,0.021,-1,Echolocation,/mnt/ubna_data_02_mir/recover-20221013/UBNA_001/20221012_030000.WAV,Telephone Field,recover-20221013,001,1795
76.3265,76.3644,68437,82503,Rhinolophus ferrumequinum,0.024,0.024,-1,Echolocation,/mnt/ubna_data_02_mir/recover-20221013/UBNA_001/20221012_030000.WAV,Telephone Field,recover-20221013,001,1795
76.3665,76.3755,22890,29481,Plecotus austriacus,0.008,0.021,-1,Echolocation,/mnt/ubna_data_02_mir/recover-20221013/UBNA_001/20221012_030000.WAV,Telephone Field,recover-20221013,001,1795
76.3895,76.4285,68437,82031,Rhinolophus ferrumequinum,0.022,0.022,-1,Echolocation,/mnt/ubna_data_02_mir/recover-20221013/UBNA_001/20221012_030000.WAV,Telephone Field,recover-20221013,001,1795
76.3965,76.4351,68437,82415,Rhinolophus ferrumequinum,0.021,0.021,-1,Echolocation,/mnt/ubna_data_02_mir/recover-20221013/UBNA_001/20221012_030000.WAV,Telephone Field,recover-20221013,001,1795
76.4575,76.4662,27187,35168,Eptesicus serotinus,0.01,0.023,-1,Echolocation,/mnt/ubna_data_02_mir/recover-20221013/UBNA_001/20221012_030000.WAV,Telephone Field,recover-20221013,001,1795
76.4705,76.511,68437,82727,Rhinolophus ferrumequinum,0.022,0.022,-1,Echolocation,/mnt/ubna_data_02_mir/recover-20221013/UBNA_001/20221012_030000.WAV,Telephone Field,recover-20221013,001,1795
76.49549999999999,76.5038,28046,37699,Eptesicus serotinus,0.008,0.021,-1,Echolocation,/mnt/ubna_data_02_mir/recover-20221013/UBNA_001/20221012_030000.WAV,Telephone Field,recover-20221013,001,1795
76.5185,76.5574,68437,82545,Rhinolophus ferrumequinum,0.022,0.022,-1,Echolocation,/mnt/ubna_data_02_mir/recover-20221013/UBNA_001/20221012_030000.WAV,Telephone Field,recover-20221013,001,1795
76.5525,76.5933,68437,82483,Rhinolophus ferrumequinum,0.025,0.025,-1,Echolocation,/mnt/ubna_data_02_mir/recover-20221013/UBNA_001/20221012_030000.WAV,Telephone Field,recover-20221013,001,1795
76.5535,76.56309999999999,28046,38911,Eptesicus serotinus,0.008,0.021,-1,Echolocation,/mnt/ubna_data_02_mir/recover-20221013/UBNA_001/20221012_030000.WAV,Telephone Field,recover-20221013,001,1795
76.5585,76.5688,23750,29946,Nyctalus leisleri,0.008,0.021,-1,Echolocation,/mnt/ubna_data_02_mir/recover-20221013/UBNA_001/20221012_030000.WAV,Telephone Field,recover-20221013,001,1795
76.5835,76.61670000000001,68437,80120,Rhinolophus ferrumequinum,0.025,0.025,-1,Echolocation,/mnt/ubna_data_02_mir/recover-20221013/UBNA_001/20221012_030000.WAV,Telephone Field,recover-20221013,001,1795
76.5955,76.6324,68437,81528,Rhinolophus ferrumequinum,0.023,0.023,-1,Echolocation,/mnt/ubna_data_02_mir/recover-20221013/UBNA_001/20221012_030000.WAV,Telephone Field,recover-20221013,001,1795
76.6615,76.6702,28046,38329,Eptesicus serotinus,0.009,0.021,-1,Echolocation,/mnt/ubna_data_02_mir/recover-20221013/UBNA_001/20221012_030000.WAV,Telephone Field,recover-20221013,001,1795
76.6745,76.6839,28046,36453,Eptesicus serotinus,0.009,0.021,-1,Echolocation,/mnt/ubna_data_02_mir/recover-20221013/UBNA_001/20221012_030000.WAV,Telephone Field,recover-20221013,001,1795
76.7025,76.7123,28046,37353,Eptesicus serotinus,0.012,0.024,-1,Echolocation,/mnt/ubna_data_02_mir/recover-20221013/UBNA_001/20221012_030000.WAV,Telephone Field,recover-20221013,001,1795
76.7045,76.7457,68437,82540,Rhinolophus ferrumequinum,0.032,0.032,-1,Echolocation,/mnt/ubna_data_02_mir/recover-20221013/UBNA_001/20221012_030000.WAV,Telephone Field,recover-20221013,001,1795
76.7535,76.79339999999999,68437,82217,Rhinolophus ferrumequinum,0.021,0.021,-1,Echolocation,/mnt/ubna_data_02_mir/recover-20221013/UBNA_001/20221012_030000.WAV,Telephone Field,recover-20221013,001,1795
76.7765,76.7865,28046,36910,Eptesicus serotinus,0.013,0.026,-1,Echolocation,/mnt/ubna_data_02_mir/recover-20221013/UBNA_001/20221012_030000.WAV,Telephone Field,recover-20221013,001,1795
76.7875,76.8262,68437,82160,Rhinolophus ferrumequinum,0.021,0.021,-1,Echolocation,/mnt/ubna_data_02_mir/recover-20221013/UBNA_001/20221012_030000.WAV,Telephone Field,recover-20221013,001,1795
76.8375,76.8772,68437,82642,Rhinolophus ferrumequinum,0.022,0.022,-1,Echolocation,/mnt/ubna_data_02_mir/recover-20221013/UBNA_001/20221012_030000.WAV,Telephone Field,recover-20221013,001,1795
76.8425,76.85079999999999,25468,33541,Eptesicus serotinus,0.007,0.024,-1,Echolocation,/mnt/ubna_data_02_mir/recover-20221013/UBNA_001/20221012_030000.WAV,Telephone Field,recover-20221013,001,1795
76.8785,76.9213,68437,83021,Rhinolophus ferrumequinum,0.04,0.04,-1,Echolocation,/mnt/ubna_data_02_mir/recover-20221013/UBNA_001/20221012_030000.WAV,Telephone Field,recover-20221013,001,1795
76.8845,76.8926,28046,39290,Eptesicus serotinus,0.008,0.022,-1,Echolocation,/mnt/ubna_data_02_mir/recover-20221013/UBNA_001/20221012_030000.WAV,Telephone Field,recover-20221013,001,1795
76.9615,77.0001,68437,82635,Rhinolophus ferrumequinum,0.023,0.023,-1,Echolocation,/mnt/ubna_data_02_mir/recover-20221013/UBNA_001/20221012_030000.WAV,Telephone Field,recover-20221013,001,1795
77.0335,77.053,19453,22110,Nyctalus leisleri,0.015,0.029,-1,Echolocation,/mnt/ubna_data_02_mir/recover-20221013/UBNA_001/20221012_030000.WAV,Telephone Field,recover-20221013,001,1795
77.04050000000001,77.0781,68437,81649,Rhinolophus ferrumequinum,0.022,0.022,-1,Echolocation,/mnt/ubna_data_02_mir/recover-20221013/UBNA_001/20221012_030000.WAV,Telephone Field,recover-20221013,001,1795
77.04650000000001,77.0856,68437,82030,Rhinolophus ferrumequinum,0.022,0.022,-1,Echolocation,/mnt/ubna_data_02_mir/recover-20221013/UBNA_001/20221012_030000.WAV,Telephone Field,recover-20221013,001,1795
77.0645,77.1023,68437,82646,Rhinolophus ferrumequinum,0.032,0.032,-1,Echolocation,/mnt/ubna_data_02_mir/recover-20221013/UBNA_001/20221012_030000.WAV,Telephone Field,recover-20221013,001,1795
77.0935,77.1015,28046,40210,Eptesicus serotinus,0.007,0.022,-1,Echolocation,/mnt/ubna_data_02_mir/recover-20221013/UBNA_001/20221012_030000.WAV,Telephone Field,recover-20221013,001,1795
77.1105,77.1169,47812,55988,Pipistrellus pipistrellus,0.021,0.024,-1,Echolocation,/mnt/ubna_data_02_mir/recover-20221013/UBNA_001/20221012_030000.WAV,Telephone Field,recover-20221013,001,1795
77.1115,77.14699999999999,68437,81279,Rhinolophus ferrumequinum,0.021,0.022,-1,Echolocation,/mnt/ubna_data_02_mir/recover-20221013/UBNA_001/20221012_030000.WAV,Telephone Field,recover-20221013,001,1795
77.1225,77.1608,68437,81576,Rhinolophus ferrumequinum,0.021,0.021,-1,Echolocation,/mnt/ubna_data_02_mir/recover-20221013/UBNA_001/20221012_030000.WAV,Telephone Field,recover-20221013,001,1795
77.1435,77.1791,68437,81497,Rhinolophus ferrumequinum,0.023,0.024,-1,Echolocation,/mnt/ubna_data_02_mir/recover-20221013/UBNA_001/20221012_030000.WAV,Telephone Field,recover-20221013,001,1795
77.1625,77.1747,24609,30876,Nyctalus leisleri,0.017,0.042,-1,Echolocation,/mnt/ubna_data_02_mir/recover-20221013/UBNA_001/20221012_030000.WAV,Telephone Field,recover-20221013,001,1795
77.1775,77.2004,17734,21026,Nyctalus noctula,0.029,0.043,-1,Echolocation,/mnt/ubna_data_02_mir/recover-20221013/UBNA_001/20221012_030000.WAV,Telephone Field,recover-20221013,001,1795
77.2475,77.26,22890,26665,Nyctalus leisleri,0.02,0.035,-1,Echolocation,/mnt/ubna_data_02_mir/recover-20221013/UBNA_001/20221012_030000.WAV,Telephone Field,recover-20221013,001,1795
77.26050000000001,77.2998,68437,82388,Rhinolophus ferrumequinum,0.022,0.022,-1,Echolocation,/mnt/ubna_data_02_mir/recover-20221013/UBNA_001/20221012_030000.WAV,Telephone Field,recover-20221013,001,1795
77.2955,77.3346,68437,82914,Rhinolophus ferrumequinum,0.023,0.023,-1,Echolocation,/mnt/ubna_data_02_mir/recover-20221013/UBNA_001/20221012_030000.WAV,Telephone Field,recover-20221013,001,1795
77.3125,77.3202,27187,37469,Eptesicus serotinus,0.006,0.023,-1,Echolocation,/mnt/ubna_data_02_mir/recover-20221013/UBNA_001/20221012_030000.WAV,Telephone Field,recover-20221013,001,1795
77.3255,77.3666,68437,83070,Rhinolophus ferrumequinum,0.024,0.024,-1,Echolocation,/mnt/ubna_data_02_mir/recover-20221013/UBNA_001/20221012_030000.WAV,Telephone Field,recover-20221013,001,1795
77.3255,77.33539999999999,24609,31510,Eptesicus serotinus,0.007,0.021,-1,Echolocation,/mnt/ubna_data_02_mir/recover-20221013/UBNA_001/20221012_030000.WAV,Telephone Field,recover-20221013,001,1795
77.33449999999999,77.3736,68437,81902,Rhinolophus ferrumequinum,0.021,0.021,-1,Echolocation,/mnt/ubna_data_02_mir/recover-20221013/UBNA_001/20221012_030000.WAV,Telephone Field,recover-20221013,001,1795
77.3555,77.3903,68437,82136,Rhinolophus ferrumequinum,0.021,0.021,-1,Echolocation,/mnt/ubna_data_02_mir/recover-20221013/UBNA_001/20221012_030000.WAV,Telephone Field,recover-20221013,001,1795
77.3735,77.3868,22031,25872,Nyctalus leisleri,0.013,0.022,-1,Echolocation,/mnt/ubna_data_02_mir/recover-20221013/UBNA_001/20221012_030000.WAV,Telephone Field,recover-20221013,001,1795
77.3745,77.4062,68437,80555,Rhinolophus ferrumequinum,0.02,0.021,-1,Echolocation,/mnt/ubna_data_02_mir/recover-20221013/UBNA_001/20221012_030000.WAV,Telephone Field,recover-20221013,001,1795
77.3885,77.4218,68437,80803,Rhinolophus ferrumequinum,0.021,0.021,-1,Echolocation,/mnt/ubna_data_02_mir/recover-20221013/UBNA_001/20221012_030000.WAV,Telephone Field,recover-20221013,001,1795
77.4135,77.4537,68437,82599,Rhinolophus ferrumequinum,0.024,0.024,-1,Echolocation,/mnt/ubna_data_02_mir/recover-20221013/UBNA_001/20221012_030000.WAV,Telephone Field,recover-20221013,001,1795
77.4435,77.4519,25468,33480,Eptesicus serotinus,0.008,0.024,-1,Echolocation,/mnt/ubna_data_02_mir/recover-20221013/UBNA_001/20221012_030000.WAV,Telephone Field,recover-20221013,001,1795
77.4565,77.46430000000001,28906,38673,Eptesicus serotinus,0.007,0.022,-1,Echolocation,/mnt/ubna_data_02_mir/recover-20221013/UBNA_001/20221012_030000.WAV,Telephone Field,recover-20221013,001,1795
77.47749999999999,77.5178,68437,82380,Rhinolophus ferrumequinum,0.023,0.023,-1,Echolocation,/mnt/ubna_data_02_mir/recover-20221013/UBNA_001/20221012_030000.WAV,Telephone Field,recover-20221013,001,1795
77.5055,77.5145,22890,29461,Plecotus austriacus,0.007,0.021,-1,Echolocation,/mnt/ubna_data_02_mir/recover-20221013/UBNA_001/20221012_030000.WAV,Telephone Field,recover-20221013,001,1795
77.51650000000001,77.5548,68437,81499,Rhinolophus ferrumequinum,0.021,0.021,-1,Echolocation,/mnt/ubna_data_02_mir/recover-20221013/UBNA_001/20221012_030000.WAV,Telephone Field,recover-20221013,001,1795
77.5505,77.5911,68437,81292,Rhinolophus ferrumequinum,0.024,0.024,-1,Echolocation,/mnt/ubna_data_02_mir/recover-20221013/UBNA_001/20221012_030000.WAV,Telephone Field,recover-20221013,001,1795
77.5595,77.59819999999999,68437,82277,Rhinolophus ferrumequinum,0.024,0.024,-1,Echolocation,/mnt/ubna_data_02_mir/recover-20221013/UBNA_001/20221012_030000.WAV,Telephone Field,recover-20221013,001,1795
77.5665,77.5774,44375,48070,Pipistrellus pipistrellus,0.023,0.026,-1,Echolocation,/mnt/ubna_data_02_mir/recover-20221013/UBNA_001/20221012_030000.WAV,Telephone Field,recover-20221013,001,1795
77.6455,77.688,68437,83057,Rhinolophus ferrumequinum,0.035,0.035,-1,Echolocation,/mnt/ubna_data_02_mir/recover-20221013/UBNA_001/20221012_030000.WAV,Telephone Field,recover-20221013,001,1795
77.6465,77.6548,28046,38992,Eptesicus serotinus,0.008,0.022,-1,Echolocation,/mnt/ubna_data_02_mir/recover-20221013/UBNA_001/20221012_030000.WAV,Telephone Field,recover-20221013,001,1795
77.6725,77.6908,22031,25991,Nyctalus leisleri,0.022,0.046,-1,Echolocation,/mnt/ubna_data_02_mir/recover-20221013/UBNA_001/20221012_030000.WAV,Telephone Field,recover-20221013,001,1795
77.6995,77.70609999999999,34921,42928,Myotis daubentonii,0.007,0.022,-1,Echolocation,/mnt/ubna_data_02_mir/recover-20221013/UBNA_001/20221012_030000.WAV,Telephone Field,recover-20221013,001,1795
77.7005,77.7079,28046,38791,Eptesicus serotinus,0.007,0.022,-1,Echolocation,/mnt/ubna_data_02_mir/recover-20221013/UBNA_001/20221012_030000.WAV,Telephone Field,recover-20221013,001,1795
77.7065,77.7475,68437,83046,Rhinolophus ferrumequinum,0.024,0.024,-1,Echolocation,/mnt/ubna_data_02_mir/recover-20221013/UBNA_001/20221012_030000.WAV,Telephone Field,recover-20221013,001,1795
77.7125,77.7533,68437,82712,Rhinolophus ferrumequinum,0.023,0.023,-1,Echolocation,/mnt/ubna_data_02_mir/recover-20221013/UBNA_001/20221012_030000.WAV,Telephone Field,recover-20221013,001,1795
77.71549999999999,77.7262,22890,29142,Nyctalus leisleri,0.009,0.025,-1,Echolocation,/mnt/ubna_data_02_mir/recover-20221013/UBNA_001/20221012_030000.WAV,Telephone Field,recover-20221013,001,1795
77.7305,77.7443,51250,55798,Pipistrellus pipistrellus,0.034,0.047,-1,Echolocation,/mnt/ubna_data_02_mir/recover-20221013/UBNA_001/20221012_030000.WAV,Telephone Field,recover-20221013,001,1795
77.7355,77.7762,68437,81585,Rhinolophus ferrumequinum,0.021,0.021,-1,Echolocation,/mnt/ubna_data_02_mir/recover-20221013/UBNA_001/20221012_030000.WAV,Telephone Field,recover-20221013,001,1795
77.7405,77.7794,68437,81811,Rhinolophus ferrumequinum,0.021,0.021,-1,Echolocation,/mnt/ubna_data_02_mir/recover-20221013/UBNA_001/20221012_030000.WAV,Telephone Field,recover-20221013,001,1795
77.7405,77.7516,22890,27861,Nyctalus leisleri,0.012,0.024,-1,Echolocation,/mnt/ubna_data_02_mir/recover-20221013/UBNA_001/20221012_030000.WAV,Telephone Field,recover-20221013,001,1795
77.7815,77.78999999999999,23750,31374,Plecotus austriacus,0.006,0.021,-1,Echolocation,/mnt/ubna_data_02_mir/recover-20221013/UBNA_001/20221012_030000.WAV,Telephone Field,recover-20221013,001,1795
77.8225,77.8627,68437,82570,Rhinolophus ferrumequinum,0.032,0.032,-1,Echolocation,/mnt/ubna_data_02_mir/recover-20221013/UBNA_001/20221012_030000.WAV,Telephone Field,recover-20221013,001,1795
77.8245,77.8315,27187,42348,Eptesicus serotinus,0.006,0.021,-1,Echolocation,/mnt/ubna_data_02_mir/recover-20221013/UBNA_001/20221012_030000.WAV,Telephone Field,recover-20221013,001,1795
77.84649999999999,77.8874,68437,82709,Rhinolophus ferrumequinum,0.031,0.031,-1,Echolocation,/mnt/ubna_data_02_mir/recover-20221013/UBNA_001/20221012_030000.WAV,Telephone Field,recover-20221013,001,1795
77.8885,77.9253,68437,81189,Rhinolophus ferrumequinum,0.022,0.022,-1,Echolocation,/mnt/ubna_data_02_mir/recover-20221013/UBNA_001/20221012_030000.WAV,Telephone Field,recover-20221013,001,1795
77.9285,77.9608,68437,80004,Rhinolophus ferrumequinum,0.025,0.025,-1,Echolocation,/mnt/ubna_data_02_mir/recover-20221013/UBNA_001/20221012_030000.WAV,Telephone Field,recover-20221013,001,1795
77.9525,77.9598,27187,42077,Eptesicus serotinus,0.008,0.023,-1,Echolocation,/mnt/ubna_data_02_mir/recover-20221013/UBNA_001/20221012_030000.WAV,Telephone Field,recover-20221013,001,1795
78.0015,78.0339,69296,80745,Rhinolophus ferrumequinum,0.03,0.03,-1,Echolocation,/mnt/ubna_data_02_mir/recover-20221013/UBNA_001/20221012_030000.WAV,Telephone Field,recover-20221013,001,1795
78.0015,78.01,25468,32873,Nyctalus leisleri,0.012,0.03,-1,Echolocation,/mnt/ubna_data_02_mir/recover-20221013/UBNA_001/20221012_030000.WAV,Telephone Field,recover-20221013,001,1795
78.0265,78.0676,68437,82243,Rhinolophus ferrumequinum,0.021,0.021,-1,Echolocation,/mnt/ubna_data_02_mir/recover-20221013/UBNA_001/20221012_030000.WAV,Telephone Field,recover-20221013,001,1795
78.04050000000001,78.0769,68437,81240,Rhinolophus ferrumequinum,0.021,0.021,-1,Echolocation,/mnt/ubna_data_02_mir/recover-20221013/UBNA_001/20221012_030000.WAV,Telephone Field,recover-20221013,001,1795
78.0975,78.1051,28906,39150,Eptesicus serotinus,0.007,0.022,-1,Echolocation,/mnt/ubna_data_02_mir/recover-20221013/UBNA_001/20221012_030000.WAV,Telephone Field,recover-20221013,001,1795
78.1255,78.1654,68437,81938,Rhinolophus ferrumequinum,0.023,0.023,-1,Echolocation,/mnt/ubna_data_02_mir/recover-20221013/UBNA_001/20221012_030000.WAV,Telephone Field,recover-20221013,001,1795
78.1495,78.1583,28046,36139,Eptesicus serotinus,0.011,0.024,-1,Echolocation,/mnt/ubna_data_02_mir/recover-20221013/UBNA_001/20221012_030000.WAV,Telephone Field,recover-20221013,001,1795
78.17150000000001,78.2074,68437,81617,Rhinolophus ferrumequinum,0.021,0.021,-1,Echolocation,/mnt/ubna_data_02_mir/recover-20221013/UBNA_001/20221012_030000.WAV,Telephone Field,recover-20221013,001,1795
78.1775,78.1857,28906,40138,Eptesicus serotinus,0.008,0.024,-1,Echolocation,/mnt/ubna_data_02_mir/recover-20221013/UBNA_001/20221012_030000.WAV,Telephone Field,recover-20221013,001,1795
78.2015,78.2445,68437,82678,Rhinolophus ferrumequinum,0.027,0.027,-1,Echolocation,/mnt/ubna_data_02_mir/recover-20221013/UBNA_001/20221012_030000.WAV,Telephone Field,recover-20221013,001,1795
78.2115,78.2209,45234,48139,Pipistrellus pipistrellus,0.02,0.021,-1,Echolocation,/mnt/ubna_data_02_mir/recover-20221013/UBNA_001/20221012_030000.WAV,Telephone Field,recover-20221013,001,1795
78.23949999999999,78.2473,26328,35013,Eptesicus serotinus,0.007,0.022,-1,Echolocation,/mnt/ubna_data_02_mir/recover-20221013/UBNA_001/20221012_030000.WAV,Telephone Field,recover-20221013,001,1795
78.2435,78.286,68437,82772,Rhinolophus ferrumequinum,0.023,0.023,-1,Echolocation,/mnt/ubna_data_02_mir/recover-20221013/UBNA_001/20221012_030000.WAV,Telephone Field,recover-20221013,001,1795
78.2515,78.292,68437,82719,Rhinolophus ferrumequinum,0.023,0.023,-1,Echolocation,/mnt/ubna_data_02_mir/recover-20221013/UBNA_001/20221012_030000.WAV,Telephone Field,recover-20221013,001,1795
78.3045,78.34219999999999,68437,82077,Rhinolophus ferrumequinum,0.024,0.024,-1,Echolocation,/mnt/ubna_data_02_mir/recover-20221013/UBNA_001/20221012_030000.WAV,Telephone Field,recover-20221013,001,1795
78.3185,78.35810000000001,68437,82154,Rhinolophus ferrumequinum,0.022,0.022,-1,Echolocation,/mnt/ubna_data_02_mir/recover-20221013/UBNA_001/20221012_030000.WAV,Telephone Field,recover-20221013,001,1795
78.3455,78.3566,28046,35902,Eptesicus serotinus,0.011,0.022,-1,Echolocation,/mnt/ubna_data_02_mir/recover-20221013/UBNA_001/20221012_030000.WAV,Telephone Field,recover-20221013,001,1795
78.3625,78.40299999999999,68437,82854,Rhinolophus ferrumequinum,0.021,0.021,-1,Echolocation,/mnt/ubna_data_02_mir/recover-20221013/UBNA_001/20221012_030000.WAV,Telephone Field,recover-20221013,001,1795
78.4045,78.4126,26328,35435,Eptesicus serotinus,0.01,0.029,-1,Echolocation,/mnt/ubna_data_02_mir/recover-20221013/UBNA_001/20221012_030000.WAV,Telephone Field,recover-20221013,001,1795
78.4295,78.437,23750,31125,Plecotus austriacus,0.009,0.022,-1,Echolocation,/mnt/ubna_data_02_mir/recover-20221013/UBNA_001/20221012_030000.WAV,Telephone Field,recover-20221013,001,1795
78.45349999999999,78.4622,27187,38621,Eptesicus serotinus,0.008,0.021,-1,Echolocation,/mnt/ubna_data_02_mir/recover-20221013/UBNA_001/20221012_030000.WAV,Telephone Field,recover-20221013,001,1795
78.4555,78.4953,68437,81428,Rhinolophus ferrumequinum,0.025,0.025,-1,Echolocation,/mnt/ubna_data_02_mir/recover-20221013/UBNA_001/20221012_030000.WAV,Telephone Field,recover-20221013,001,1795
78.4675,78.50829999999999,68437,82829,Rhinolophus ferrumequinum,0.023,0.023,-1,Echolocation,/mnt/ubna_data_02_mir/recover-20221013/UBNA_001/20221012_030000.WAV,Telephone Field,recover-20221013,001,1795
78.5055,78.5438,68437,81810,Rhinolophus ferrumequinum,0.023,0.023,-1,Echolocation,/mnt/ubna_data_02_mir/recover-20221013/UBNA_001/20221012_030000.WAV,Telephone Field,recover-20221013,001,1795
78.5085,78.5188,22890,28742,Nyctalus leisleri,0.009,0.026,-1,Echolocation,/mnt/ubna_data_02_mir/recover-20221013/UBNA_001/20221012_030000.WAV,Telephone Field,recover-20221013,001,1795
78.5295,78.5694,68437,82400,Rhinolophus ferrumequinum,0.021,0.021,-1,Echolocation,/mnt/ubna_data_02_mir/recover-20221013/UBNA_001/20221012_030000.WAV,Telephone Field,recover-20221013,001,1795
78.5665,78.5772,22890,27139,Nyctalus leisleri,0.013,0.023,-1,Echolocation,/mnt/ubna_data_02_mir/recover-20221013/UBNA_001/20221012_030000.WAV,Telephone Field,recover-20221013,001,1795
78.5715,78.6129,68437,82680,Rhinolophus ferrumequinum,0.024,0.024,-1,Echolocation,/mnt/ubna_data_02_mir/recover-20221013/UBNA_001/20221012_030000.WAV,Telephone Field,recover-20221013,001,1795
78.5995,78.6077,26328,35162,Eptesicus serotinus,0.011,0.029,-1,Echolocation,/mnt/ubna_data_02_mir/recover-20221013/UBNA_001/20221012_030000.WAV,Telephone Field,recover-20221013,001,1795
78.6035,78.6445,68437,83091,Rhinolophus ferrumequinum,0.035,0.035,-1,Echolocation,/mnt/ubna_data_02_mir/recover-20221013/UBNA_001/20221012_030000.WAV,Telephone Field,recover-20221013,001,1795
78.6385,78.6507,23750,29232,Nyctalus leisleri,0.014,0.027,-1,Echolocation,/mnt/ubna_data_02_mir/recover-20221013/UBNA_001/20221012_030000.WAV,Telephone Field,recover-20221013,001,1795
78.6875,78.7286,68437,82489,Rhinolophus ferrumequinum,0.021,0.021,-1,Echolocation,/mnt/ubna_data_02_mir/recover-20221013/UBNA_001/20221012_030000.WAV,Telephone Field,recover-20221013,001,1795
78.6915,78.7009,27187,39196,Eptesicus serotinus,0.009,0.022,-1,Echolocation,/mnt/ubna_data_02_mir/recover-20221013/UBNA_001/20221012_030000.WAV,Telephone Field,recover-20221013,001,1795
78.70949999999999,78.7206,23750,29922,Nyctalus leisleri,0.012,0.027,-1,Echolocation,/mnt/ubna_data_02_mir/recover-20221013/UBNA_001/20221012_030000.WAV,Telephone Field,recover-20221013,001,1795
78.7375,78.7492,23750,30440,Nyctalus leisleri,0.011,0.028,-1,Echolocation,/mnt/ubna_data_02_mir/recover-20221013/UBNA_001/20221012_030000.WAV,Telephone Field,recover-20221013,001,1795
78.7675,78.77459999999999,14296,30691,Plecotus auritus,0.025,0.028,-1,Echolocation,/mnt/ubna_data_02_mir/recover-20221013/UBNA_001/20221012_030000.WAV,Telephone Field,recover-20221013,001,1795
78.7685,78.8103,68437,83081,Rhinolophus ferrumequinum,0.021,0.021,-1,Echolocation,/mnt/ubna_data_02_mir/recover-20221013/UBNA_001/20221012_030000.WAV,Telephone Field,recover-20221013,001,1795
78.8505,78.8601,28046,38996,Eptesicus serotinus,0.009,0.022,-1,Echolocation,/mnt/ubna_data_02_mir/recover-20221013/UBNA_001/20221012_030000.WAV,Telephone Field,recover-20221013,001,1795
78.8815,78.88810000000001,28046,44224,Eptesicus serotinus,0.006,0.022,-1,Echolocation,/mnt/ubna_data_02_mir/recover-20221013/UBNA_001/20221012_030000.WAV,Telephone Field,recover-20221013,001,1795
78.89750000000001,78.93690000000001,68437,82017,Rhinolophus ferrumequinum,0.034,0.034,-1,Echolocation,/mnt/ubna_data_02_mir/recover-20221013/UBNA_001/20221012_030000.WAV,Telephone Field,recover-20221013,001,1795
78.9115,78.9268,23750,28218,Nyctalus leisleri,0.016,0.03,-1,Echolocation,/mnt/ubna_data_02_mir/recover-20221013/UBNA_001/20221012_030000.WAV,Telephone Field,recover-20221013,001,1795
78.9555,78.9935,68437,81847,Rhinolophus ferrumequinum,0.022,0.022,-1,Echolocation,/mnt/ubna_data_02_mir/recover-20221013/UBNA_001/20221012_030000.WAV,Telephone Field,recover-20221013,001,1795
78.9625,78.97030000000001,28046,40050,Eptesicus serotinus,0.008,0.023,-1,Echolocation,/mnt/ubna_data_02_mir/recover-20221013/UBNA_001/20221012_030000.WAV,Telephone Field,recover-20221013,001,1795
79.0135,79.02629999999999,22031,26090,Nyctalus leisleri,0.019,0.034,-1,Echolocation,/mnt/ubna_data_02_mir/recover-20221013/UBNA_001/20221012_030000.WAV,Telephone Field,recover-20221013,001,1795
79.0265,79.0664,68437,82278,Rhinolophus ferrumequinum,0.021,0.021,-1,Echolocation,/mnt/ubna_data_02_mir/recover-20221013/UBNA_001/20221012_030000.WAV,Telephone Field,recover-20221013,001,1795
79.0685,79.1067,68437,82156,Rhinolophus ferrumequinum,0.022,0.022,-1,Echolocation,/mnt/ubna_data_02_mir/recover-20221013/UBNA_001/20221012_030000.WAV,Telephone Field,recover-20221013,001,1795
79.1035,79.1466,68437,83117,Rhinolophus ferrumequinum,0.035,0.035,-1,Echolocation,/mnt/ubna_data_02_mir/recover-20221013/UBNA_001/20221012_030000.WAV,Telephone Field,recover-20221013,001,1795
79.1275,79.1626,68437,81122,Rhinolophus ferrumequinum,0.022,0.022,-1,Echolocation,/mnt/ubna_data_02_mir/recover-20221013/UBNA_001/20221012_030000.WAV,Telephone Field,recover-20221013,001,1795
79.1285,79.1361,27187,41827,Eptesicus serotinus,0.008,0.024,-1,Echolocation,/mnt/ubna_data_02_mir/recover-20221013/UBNA_001/20221012_030000.WAV,Telephone Field,recover-20221013,001,1795
79.1785,79.18639999999999,49531,54767,Pipistrellus pipistrellus,0.033,0.035,-1,Echolocation,/mnt/ubna_data_02_mir/recover-20221013/UBNA_001/20221012_030000.WAV,Telephone Field,recover-20221013,001,1795
79.2005,79.21000000000001,22890,28840,Nyctalus leisleri,0.008,0.021,-1,Echolocation,/mnt/ubna_data_02_mir/recover-20221013/UBNA_001/20221012_030000.WAV,Telephone Field,recover-20221013,001,1795
79.2075,79.2436,68437,81029,Rhinolophus ferrumequinum,0.023,0.023,-1,Echolocation,/mnt/ubna_data_02_mir/recover-20221013/UBNA_001/20221012_030000.WAV,Telephone Field,recover-20221013,001,1795
79.2425,79.281,68437,81436,Rhinolophus ferrumequinum,0.024,0.024,-1,Echolocation,/mnt/ubna_data_02_mir/recover-20221013/UBNA_001/20221012_030000.WAV,Telephone Field,recover-20221013,001,1795
79.2575,79.267,24609,32130,Eptesicus serotinus,0.007,0.022,-1,Echolocation,/mnt/ubna_data_02_mir/recover-20221013/UBNA_001/20221012_030000.WAV,Telephone Field,recover-20221013,001,1795
79.2735,79.312,68437,81760,Rhinolophus ferrumequinum,0.022,0.022,-1,Echolocation,/mnt/ubna_data_02_mir/recover-20221013/UBNA_001/20221012_030000.WAV,Telephone Field,recover-20221013,001,1795
79.3095,79.3237,28906,33931,Eptesicus serotinus,0.019,0.032,-1,Echolocation,/mnt/ubna_data_02_mir/recover-20221013/UBNA_001/20221012_030000.WAV,Telephone Field,recover-20221013,001,1795
79.3335,79.376,68437,82959,Rhinolophus ferrumequinum,0.035,0.035,-1,Echolocation,/mnt/ubna_data_02_mir/recover-20221013/UBNA_001/20221012_030000.WAV,Telephone Field,recover-20221013,001,1795
79.3675,79.3793,28906,36283,Eptesicus serotinus,0.017,0.03,-1,Echolocation,/mnt/ubna_data_02_mir/recover-20221013/UBNA_001/20221012_030000.WAV,Telephone Field,recover-20221013,001,1795
79.4065,79.4438,68437,82398,Rhinolophus ferrumequinum,0.021,0.021,-1,Echolocation,/mnt/ubna_data_02_mir/recover-20221013/UBNA_001/20221012_030000.WAV,Telephone Field,recover-20221013,001,1795
79.48349999999999,79.4931,27187,35808,Eptesicus serotinus,0.01,0.022,-1,Echolocation,/mnt/ubna_data_02_mir/recover-20221013/UBNA_001/20221012_030000.WAV,Telephone Field,recover-20221013,001,1795
79.4865,79.5258,68437,81901,Rhinolophus ferrumequinum,0.022,0.022,-1,Echolocation,/mnt/ubna_data_02_mir/recover-20221013/UBNA_001/20221012_030000.WAV,Telephone Field,recover-20221013,001,1795
79.5305,79.5686,68437,81142,Rhinolophus ferrumequinum,0.021,0.021,-1,Echolocation,/mnt/ubna_data_02_mir/recover-20221013/UBNA_001/20221012_030000.WAV,Telephone Field,recover-20221013,001,1795
79.5365,79.5722,68437,81710,Rhinolophus ferrumequinum,0.025,0.025,-1,Echolocation,/mnt/ubna_data_02_mir/recover-20221013/UBNA_001/20221012_030000.WAV,Telephone Field,recover-20221013,001,1795
79.5735,79.5956,17734,20338,Nyctalus noctula,0.016,0.029,-1,Echolocation,/mnt/ubna_data_02_mir/recover-20221013/UBNA_001/20221012_030000.WAV,Telephone Field,recover-20221013,001,1795
79.5935,79.604,28906,36864,Eptesicus serotinus,0.013,0.026,-1,Echolocation,/mnt/ubna_data_02_mir/recover-20221013/UBNA_001/20221012_030000.WAV,Telephone Field,recover-20221013,001,1795
79.59649999999999,79.6317,68437,81771,Rhinolophus ferrumequinum,0.022,0.022,-1,Echolocation,/mnt/ubna_data_02_mir/recover-20221013/UBNA_001/20221012_030000.WAV,Telephone Field,recover-20221013,001,1795
79.6065,79.6135,27187,36076,Eptesicus serotinus,0.008,0.022,-1,Echolocation,/mnt/ubna_data_02_mir/recover-20221013/UBNA_001/20221012_030000.WAV,Telephone Field,recover-20221013,001,1795
79.6165,79.6577,68437,82574,Rhinolophus ferrumequinum,0.027,0.027,-1,Echolocation,/mnt/ubna_data_02_mir/recover-20221013/UBNA_001/20221012_030000.WAV,Telephone Field,recover-20221013,001,1795
79.6275,79.6664,68437,82695,Rhinolophus ferrumequinum,0.025,0.025,-1,Echolocation,/mnt/ubna_data_02_mir/recover-20221013/UBNA_001/20221012_030000.WAV,Telephone Field,recover-20221013,001,1795
79.64150000000001,79.6502,45234,54740,Pipistrellus pipistrellus,0.019,0.025,-1,Echolocation,/mnt/ubna_data_02_mir/recover-20221013/UBNA_001/20221012_030000.WAV,Telephone Field,recover-20221013,001,1795
79.6545,79.6628,28046,39544,Eptesicus serotinus,0.009,0.025,-1,Echolocation,/mnt/ubna_data_02_mir/recover-20221013/UBNA_001/20221012_030000.WAV,Telephone Field,recover-20221013,001,1795
79.6865,79.6986,22890,29511,Nyctalus leisleri,0.022,0.059,-1,Echolocation,/mnt/ubna_data_02_mir/recover-20221013/UBNA_001/20221012_030000.WAV,Telephone Field,recover-20221013,001,1795
79.7055,79.7453,68437,81960,Rhinolophus ferrumequinum,0.024,0.024,-1,Echolocation,/mnt/ubna_data_02_mir/recover-20221013/UBNA_001/20221012_030000.WAV,Telephone Field,recover-20221013,001,1795
79.7635,79.8027,68437,81878,Rhinolophus ferrumequinum,0.023,0.023,-1,Echolocation,/mnt/ubna_data_02_mir/recover-20221013/UBNA_001/20221012_030000.WAV,Telephone Field,recover-20221013,001,1795
79.7795,79.7928,24609,30641,Nyctalus leisleri,0.013,0.031,-1,Echolocation,/mnt/ubna_data_02_mir/recover-20221013/UBNA_001/20221012_030000.WAV,Telephone Field,recover-20221013,001,1795
79.7935,79.8038,28046,36522,Eptesicus serotinus,0.01,0.023,-1,Echolocation,/mnt/ubna_data_02_mir/recover-20221013/UBNA_001/20221012_030000.WAV,Telephone Field,recover-20221013,001,1795
79.79650000000001,79.8374,68437,82695,Rhinolophus ferrumequinum,0.027,0.027,-1,Echolocation,/mnt/ubna_data_02_mir/recover-20221013/UBNA_001/20221012_030000.WAV,Telephone Field,recover-20221013,001,1795
79.8945,79.9354,68437,83151,Rhinolophus ferrumequinum,0.026,0.026,-1,Echolocation,/mnt/ubna_data_02_mir/recover-20221013/UBNA_001/20221012_030000.WAV,Telephone Field,recover-20221013,001,1795
79.8995,79.9051,49531,57781,Pipistrellus pipistrellus,0.022,0.024,-1,Echolocation,/mnt/ubna_data_02_mir/recover-20221013/UBNA_001/20221012_030000.WAV,Telephone Field,recover-20221013,001,1795
79.9065,79.9493,68437,83596,Rhinolophus ferrumequinum,0.027,0.027,-1,Echolocation,/mnt/ubna_data_02_mir/recover-20221013/UBNA_001/20221012_030000.WAV,Telephone Field,recover-20221013,001,1795
79.9115,79.9236,23750,29300,Nyctalus leisleri,0.011,0.025,-1,Echolocation,/mnt/ubna_data_02_mir/recover-20221013/UBNA_001/20221012_030000.WAV,Telephone Field,recover-20221013,001,1795
79.9285,79.9359,28906,39301,Eptesicus serotinus,0.006,0.021,-1,Echolocation,/mnt/ubna_data_02_mir/recover-20221013/UBNA_001/20221012_030000.WAV,Telephone Field,recover-20221013,001,1795
79.9575,79.99719999999999,68437,82561,Rhinolophus ferrumequinum,0.024,0.024,-1,Echolocation,/mnt/ubna_data_02_mir/recover-20221013/UBNA_001/20221012_030000.WAV,Telephone Field,recover-20221013,001,1795
79.97749999999999,79.9879,28906,39843,Eptesicus serotinus,0.01,0.024,-1,Echolocation,/mnt/ubna_data_02_mir/recover-20221013/UBNA_001/20221012_030000.WAV,Telephone Field,recover-20221013,001,1795
79.9825,79.9914,28906,39627,Eptesicus serotinus,0.009,0.023,-1,Echolocation,/mnt/ubna_data_02_mir/recover-20221013/UBNA_001/20221012_030000.WAV,Telephone Field,recover-20221013,001,1795
80.0015,80.0343,68437,80146,Rhinolophus ferrumequinum,0.061,0.062,-1,Echolocation,/mnt/ubna_data_02_mir/recover-20221013/UBNA_001/20221012_030000.WAV,Telephone Field,recover-20221013,001,1795
80.0015,80.0137,22890,28508,Nyctalus leisleri,0.017,0.038,-1,Echolocation,/mnt/ubna_data_02_mir/recover-20221013/UBNA_001/20221012_030000.WAV,Telephone Field,recover-20221013,001,1795
80.0125,80.0227,24609,31460,Eptesicus serotinus,0.009,0.023,-1,Echolocation,/mnt/ubna_data_02_mir/recover-20221013/UBNA_001/20221012_030000.WAV,Telephone Field,recover-20221013,001,1795
80.0795,80.1165,68437,81759,Rhinolophus ferrumequinum,0.022,0.022,-1,Echolocation,/mnt/ubna_data_02_mir/recover-20221013/UBNA_001/20221012_030000.WAV,Telephone Field,recover-20221013,001,1795
80.13550000000001,80.14580000000001,22890,28685,Nyctalus leisleri,0.011,0.027,-1,Echolocation,/mnt/ubna_data_02_mir/recover-20221013/UBNA_001/20221012_030000.WAV,Telephone Field,recover-20221013,001,1795
80.1525,80.1627,23750,29993,Nyctalus leisleri,0.012,0.031,-1,Echolocation,/mnt/ubna_data_02_mir/recover-20221013/UBNA_001/20221012_030000.WAV,Telephone Field,recover-20221013,001,1795
80.15350000000001,80.1977,68437,82873,Rhinolophus ferrumequinum,0.041,0.041,-1,Echolocation,/mnt/ubna_data_02_mir/recover-20221013/UBNA_001/20221012_030000.WAV,Telephone Field,recover-20221013,001,1795
80.1905,80.2312,68437,82342,Rhinolophus ferrumequinum,0.023,0.023,-1,Echolocation,/mnt/ubna_data_02_mir/recover-20221013/UBNA_001/20221012_030000.WAV,Telephone Field,recover-20221013,001,1795
80.2285,80.26310000000001,68437,81089,Rhinolophus ferrumequinum,0.021,0.022,-1,Echolocation,/mnt/ubna_data_02_mir/recover-20221013/UBNA_001/20221012_030000.WAV,Telephone Field,recover-20221013,001,1795
80.2295,80.2368,28046,41236,Eptesicus serotinus,0.007,0.022,-1,Echolocation,/mnt/ubna_data_02_mir/recover-20221013/UBNA_001/20221012_030000.WAV,Telephone Field,recover-20221013,001,1795
80.28450000000001,80.3224,68437,82054,Rhinolophus ferrumequinum,0.028,0.028,-1,Echolocation,/mnt/ubna_data_02_mir/recover-20221013/UBNA_001/20221012_030000.WAV,Telephone Field,recover-20221013,001,1795
80.2985,80.306,31484,41402,Eptesicus serotinus,0.013,0.035,-1,Echolocation,/mnt/ubna_data_02_mir/recover-20221013/UBNA_001/20221012_030000.WAV,Telephone Field,recover-20221013,001,1795
80.3205,80.3587,68437,81896,Rhinolophus ferrumequinum,0.03,0.03,-1,Echolocation,/mnt/ubna_data_02_mir/recover-20221013/UBNA_001/20221012_030000.WAV,Telephone Field,recover-20221013,001,1795
80.3295,80.34049999999999,39218,43928,Pipistrellus nathusii,0.01,0.022,-1,Echolocation,/mnt/ubna_data_02_mir/recover-20221013/UBNA_001/20221012_030000.WAV,Telephone Field,recover-20221013,001,1795
80.3395,80.378,68437,82537,Rhinolophus ferrumequinum,0.022,0.022,-1,Echolocation,/mnt/ubna_data_02_mir/recover-20221013/UBNA_001/20221012_030000.WAV,Telephone Field,recover-20221013,001,1795
80.3625,80.3716,28046,36432,Eptesicus serotinus,0.014,0.028,-1,Echolocation,/mnt/ubna_data_02_mir/recover-20221013/UBNA_001/20221012_030000.WAV,Telephone Field,recover-20221013,001,1795
80.3825,80.39,27187,37728,Eptesicus serotinus,0.007,0.021,-1,Echolocation,/mnt/ubna_data_02_mir/recover-20221013/UBNA_001/20221012_030000.WAV,Telephone Field,recover-20221013,001,1795
80.3825,80.4173,68437,81328,Rhinolophus ferrumequinum,0.021,0.021,-1,Echolocation,/mnt/ubna_data_02_mir/recover-20221013/UBNA_001/20221012_030000.WAV,Telephone Field,recover-20221013,001,1795
80.4125,80.4225,22890,28230,Nyctalus leisleri,0.009,0.022,-1,Echolocation,/mnt/ubna_data_02_mir/recover-20221013/UBNA_001/20221012_030000.WAV,Telephone Field,recover-20221013,001,1795
80.4315,80.4714,68437,82457,Rhinolophus ferrumequinum,0.024,0.024,-1,Echolocation,/mnt/ubna_data_02_mir/recover-20221013/UBNA_001/20221012_030000.WAV,Telephone Field,recover-20221013,001,1795
80.4555,80.49340000000001,68437,82624,Rhinolophus ferrumequinum,0.027,0.027,-1,Echolocation,/mnt/ubna_data_02_mir/recover-20221013/UBNA_001/20221012_030000.WAV,Telephone Field,recover-20221013,001,1795
80.5125,80.5505,68437,82186,Rhinolophus ferrumequinum,0.022,0.022,-1,Echolocation,/mnt/ubna_data_02_mir/recover-20221013/UBNA_001/20221012_030000.WAV,Telephone Field,recover-20221013,001,1795
80.52850000000001,80.5407,41796,44653,Pipistrellus nathusii,0.035,0.057,-1,Echolocation,/mnt/ubna_data_02_mir/recover-20221013/UBNA_001/20221012_030000.WAV,Telephone Field,recover-20221013,001,1795
80.53450000000001,80.5529,16875,21028,Nyctalus noctula,0.028,0.038,-1,Echolocation,/mnt/ubna_data_02_mir/recover-20221013/UBNA_001/20221012_030000.WAV,Telephone Field,recover-20221013,001,1795
80.5545,80.592,68437,81889,Rhinolophus ferrumequinum,0.025,0.025,-1,Echolocation,/mnt/ubna_data_02_mir/recover-20221013/UBNA_001/20221012_030000.WAV,Telephone Field,recover-20221013,001,1795
80.5615,80.6007,68437,82719,Rhinolophus ferrumequinum,0.025,0.025,-1,Echolocation,/mnt/ubna_data_02_mir/recover-20221013/UBNA_001/20221012_030000.WAV,Telephone Field,recover-20221013,001,1795
80.5705,80.58279999999999,22031,27666,Nyctalus leisleri,0.014,0.036,-1,Echolocation,/mnt/ubna_data_02_mir/recover-20221013/UBNA_001/20221012_030000.WAV,Telephone Field,recover-20221013,001,1795
80.5875,80.59479999999999,28046,39277,Eptesicus serotinus,0.007,0.021,-1,Echolocation,/mnt/ubna_data_02_mir/recover-20221013/UBNA_001/20221012_030000.WAV,Telephone Field,recover-20221013,001,1795
80.59649999999999,80.638,68437,82454,Rhinolophus ferrumequinum,0.024,0.024,-1,Echolocation,/mnt/ubna_data_02_mir/recover-20221013/UBNA_001/20221012_030000.WAV,Telephone Field,recover-20221013,001,1795
80.6495,80.6879,68437,81783,Rhinolophus ferrumequinum,0.021,0.021,-1,Echolocation,/mnt/ubna_data_02_mir/recover-20221013/UBNA_001/20221012_030000.WAV,Telephone Field,recover-20221013,001,1795
80.6865,80.6976,29765,36533,Eptesicus serotinus,0.012,0.024,-1,Echolocation,/mnt/ubna_data_02_mir/recover-20221013/UBNA_001/20221012_030000.WAV,Telephone Field,recover-20221013,001,1795
80.7805,80.8199,68437,82641,Rhinolophus ferrumequinum,0.024,0.024,-1,Echolocation,/mnt/ubna_data_02_mir/recover-20221013/UBNA_001/20221012_030000.WAV,Telephone Field,recover-20221013,001,1795
80.8615,80.86959999999999,28906,38905,Eptesicus serotinus,0.008,0.023,-1,Echolocation,/mnt/ubna_data_02_mir/recover-20221013/UBNA_001/20221012_030000.WAV,Telephone Field,recover-20221013,001,1795
80.8935,80.9308,68437,81355,Rhinolophus ferrumequinum,0.023,0.023,-1,Echolocation,/mnt/ubna_data_02_mir/recover-20221013/UBNA_001/20221012_030000.WAV,Telephone Field,recover-20221013,001,1795
80.9045,80.91499999999999,36640,41413,Barbastellus barbastellus,0.008,0.025,-1,Echolocation,/mnt/ubna_data_02_mir/recover-20221013/UBNA_001/20221012_030000.WAV,Telephone Field,recover-20221013,001,1795
80.9265,80.9629,68437,81970,Rhinolophus ferrumequinum,0.021,0.021,-1,Echolocation,/mnt/ubna_data_02_mir/recover-20221013/UBNA_001/20221012_030000.WAV,Telephone Field,recover-20221013,001,1795
80.9315,80.9411,27187,36239,Eptesicus serotinus,0.009,0.021,-1,Echolocation,/mnt/ubna_data_02_mir/recover-20221013/UBNA_001/20221012_030000.WAV,Telephone Field,recover-20221013,001,1795
80.9365,80.94630000000001,27187,35021,Eptesicus serotinus,0.009,0.021,-1,Echolocation,/mnt/ubna_data_02_mir/recover-20221013/UBNA_001/20221012_030000.WAV,Telephone Field,recover-20221013,001,1795
80.9795,81.02029999999999,68437,82549,Rhinolophus ferrumequinum,0.026,0.026,-1,Echolocation,/mnt/ubna_data_02_mir/recover-20221013/UBNA_001/20221012_030000.WAV,Telephone Field,recover-20221013,001,1795
80.9825,80.994,22890,27602,Nyctalus leisleri,0.011,0.023,-1,Echolocation,/mnt/ubna_data_02_mir/recover-20221013/UBNA_001/20221012_030000.WAV,Telephone Field,recover-20221013,001,1795
80.98949999999999,81.0295,68437,82564,Rhinolophus ferrumequinum,0.026,0.026,-1,Echolocation,/mnt/ubna_data_02_mir/recover-20221013/UBNA_001/20221012_030000.WAV,Telephone Field,recover-20221013,001,1795
81.0485,81.0887,68437,82274,Rhinolophus ferrumequinum,0.023,0.023,-1,Echolocation,/mnt/ubna_data_02_mir/recover-20221013/UBNA_001/20221012_030000.WAV,Telephone Field,recover-20221013,001,1795
81.0555,81.071,22890,27184,Nyctalus leisleri,0.018,0.035,-1,Echolocation,/mnt/ubna_data_02_mir/recover-20221013/UBNA_001/20221012_030000.WAV,Telephone Field,recover-20221013,001,1795
81.0635,81.0703,28906,43693,Eptesicus serotinus,0.007,0.024,-1,Echolocation,/mnt/ubna_data_02_mir/recover-20221013/UBNA_001/20221012_030000.WAV,Telephone Field,recover-20221013,001,1795
81.0745,81.1137,68437,82402,Rhinolophus ferrumequinum,0.022,0.022,-1,Echolocation,/mnt/ubna_data_02_mir/recover-20221013/UBNA_001/20221012_030000.WAV,Telephone Field,recover-20221013,001,1795
81.0925,81.1045,22031,25843,Nyctalus leisleri,0.014,0.024,-1,Echolocation,/mnt/ubna_data_02_mir/recover-20221013/UBNA_001/20221012_030000.WAV,Telephone Field,recover-20221013,001,1795
81.1275,81.1653,68437,81877,Rhinolophus ferrumequinum,0.023,0.023,-1,Echolocation,/mnt/ubna_data_02_mir/recover-20221013/UBNA_001/20221012_030000.WAV,Telephone Field,recover-20221013,001,1795
81.1955,81.2014,50390,60276,Pipistrellus pipistrellus,0.017,0.023,-1,Echolocation,/mnt/ubna_data_02_mir/recover-20221013/UBNA_001/20221012_030000.WAV,Telephone Field,recover-20221013,001,1795
81.1965,81.23140000000001,68437,81311,Rhinolophus ferrumequinum,0.022,0.022,-1,Echolocation,/mnt/ubna_data_02_mir/recover-20221013/UBNA_001/20221012_030000.WAV,Telephone Field,recover-20221013,001,1795
81.20949999999999,81.24940000000001,68437,81931,Rhinolophus ferrumequinum,0.022,0.022,-1,Echolocation,/mnt/ubna_data_02_mir/recover-20221013/UBNA_001/20221012_030000.WAV,Telephone Field,recover-20221013,001,1795
81.2305,81.269,68437,82198,Rhinolophus ferrumequinum,0.022,0.022,-1,Echolocation,/mnt/ubna_data_02_mir/recover-20221013/UBNA_001/20221012_030000.WAV,Telephone Field,recover-20221013,001,1795
81.2535,81.2628,23750,31131,Eptesicus serotinus,0.005,0.021,-1,Echolocation,/mnt/ubna_data_02_mir/recover-20221013/UBNA_001/20221012_030000.WAV,Telephone Field,recover-20221013,001,1795
81.25450000000001,81.295,68437,82397,Rhinolophus ferrumequinum,0.026,0.026,-1,Echolocation,/mnt/ubna_data_02_mir/recover-20221013/UBNA_001/20221012_030000.WAV,Telephone Field,recover-20221013,001,1795
81.3205,81.36,68437,82475,Rhinolophus ferrumequinum,0.023,0.023,-1,Echolocation,/mnt/ubna_data_02_mir/recover-20221013/UBNA_001/20221012_030000.WAV,Telephone Field,recover-20221013,001,1795
81.3555,81.3653,22890,29589,Nyctalus leisleri,0.008,0.023,-1,Echolocation,/mnt/ubna_data_02_mir/recover-20221013/UBNA_001/20221012_030000.WAV,Telephone Field,recover-20221013,001,1795
81.3555,81.39359999999999,68437,82071,Rhinolophus ferrumequinum,0.023,0.023,-1,Echolocation,/mnt/ubna_data_02_mir/recover-20221013/UBNA_001/20221012_030000.WAV,Telephone Field,recover-20221013,001,1795
81.3665,81.3748,22890,30956,Plecotus austriacus,0.019,0.045,-1,Echolocation,/mnt/ubna_data_02_mir/recover-20221013/UBNA_001/20221012_030000.WAV,Telephone Field,recover-20221013,001,1795
81.3825,81.3911,28906,38727,Eptesicus serotinus,0.011,0.026,-1,Echolocation,/mnt/ubna_data_02_mir/recover-20221013/UBNA_001/20221012_030000.WAV,Telephone Field,recover-20221013,001,1795
81.4235,81.4306,28906,41025,Eptesicus serotinus,0.008,0.026,-1,Echolocation,/mnt/ubna_data_02_mir/recover-20221013/UBNA_001/20221012_030000.WAV,Telephone Field,recover-20221013,001,1795
81.4295,81.4668,68437,81645,Rhinolophus ferrumequinum,0.021,0.021,-1,Echolocation,/mnt/ubna_data_02_mir/recover-20221013/UBNA_001/20221012_030000.WAV,Telephone Field,recover-20221013,001,1795
81.4555,81.4635,36640,47973,Barbastellus barbastellus,0.007,0.025,-1,Echolocation,/mnt/ubna_data_02_mir/recover-20221013/UBNA_001/20221012_030000.WAV,Telephone Field,recover-20221013,001,1795
81.4565,81.4913,68437,81251,Rhinolophus ferrumequinum,0.026,0.026,-1,Echolocation,/mnt/ubna_data_02_mir/recover-20221013/UBNA_001/20221012_030000.WAV,Telephone Field,recover-20221013,001,1795
81.4615,81.4707,22890,29673,Nyctalus leisleri,0.007,0.021,-1,Echolocation,/mnt/ubna_data_02_mir/recover-20221013/UBNA_001/20221012_030000.WAV,Telephone Field,recover-20221013,001,1795
81.4685,81.5069,68437,82373,Rhinolophus ferrumequinum,0.025,0.025,-1,Echolocation,/mnt/ubna_data_02_mir/recover-20221013/UBNA_001/20221012_030000.WAV,Telephone Field,recover-20221013,001,1795
81.4995,81.5102,22890,27581,Nyctalus leisleri,0.012,0.024,-1,Echolocation,/mnt/ubna_data_02_mir/recover-20221013/UBNA_001/20221012_030000.WAV,Telephone Field,recover-20221013,001,1795
81.52850000000001,81.5671,68437,81528,Rhinolophus ferrumequinum,0.023,0.023,-1,Echolocation,/mnt/ubna_data_02_mir/recover-20221013/UBNA_001/20221012_030000.WAV,Telephone Field,recover-20221013,001,1795
81.5435,81.58109999999999,68437,80989,Rhinolophus ferrumequinum,0.022,0.022,-1,Echolocation,/mnt/ubna_data_02_mir/recover-20221013/UBNA_001/20221012_030000.WAV,Telephone Field,recover-20221013,001,1795
81.5815,81.6213,68437,82039,Rhinolophus ferrumequinum,0.021,0.021,-1,Echolocation,/mnt/ubna_data_02_mir/recover-20221013/UBNA_001/20221012_030000.WAV,Telephone Field,recover-20221013,001,1795
81.7165,81.7342,21171,24485,Nyctalus leisleri,0.017,0.028,-1,Echolocation,/mnt/ubna_data_02_mir/recover-20221013/UBNA_001/20221012_030000.WAV,Telephone Field,recover-20221013,001,1795
81.72749999999999,81.7696,68437,82826,Rhinolophus ferrumequinum,0.028,0.028,-1,Echolocation,/mnt/ubna_data_02_mir/recover-20221013/UBNA_001/20221012_030000.WAV,Telephone Field,recover-20221013,001,1795
81.7705,81.8085,68437,82141,Rhinolophus ferrumequinum,0.023,0.023,-1,Echolocation,/mnt/ubna_data_02_mir/recover-20221013/UBNA_001/20221012_030000.WAV,Telephone Field,recover-20221013,001,1795
81.8065,81.8461,68437,82905,Rhinolophus ferrumequinum,0.023,0.023,-1,Echolocation,/mnt/ubna_data_02_mir/recover-20221013/UBNA_001/20221012_030000.WAV,Telephone Field,recover-20221013,001,1795
81.8165,81.8229,28046,40701,Eptesicus serotinus,0.005,0.022,-1,Echolocation,/mnt/ubna_data_02_mir/recover-20221013/UBNA_001/20221012_030000.WAV,Telephone Field,recover-20221013,001,1795
81.8305,81.87,68437,82392,Rhinolophus ferrumequinum,0.022,0.022,-1,Echolocation,/mnt/ubna_data_02_mir/recover-20221013/UBNA_001/20221012_030000.WAV,Telephone Field,recover-20221013,001,1795
81.8675,81.9074,68437,82575,Rhinolophus ferrumequinum,0.022,0.022,-1,Echolocation,/mnt/ubna_data_02_mir/recover-20221013/UBNA_001/20221012_030000.WAV,Telephone Field,recover-20221013,001,1795
81.87049999999999,81.8826,22890,27429,Nyctalus leisleri,0.011,0.023,-1,Echolocation,/mnt/ubna_data_02_mir/recover-20221013/UBNA_001/20221012_030000.WAV,Telephone Field,recover-20221013,001,1795
81.9225,81.95779999999999,68437,81857,Rhinolophus ferrumequinum,0.023,0.023,-1,Echolocation,/mnt/ubna_data_02_mir/recover-20221013/UBNA_001/20221012_030000.WAV,Telephone Field,recover-20221013,001,1795
81.9345,81.9746,68437,82287,Rhinolophus ferrumequinum,0.022,0.022,-1,Echolocation,/mnt/ubna_data_02_mir/recover-20221013/UBNA_001/20221012_030000.WAV,Telephone Field,recover-20221013,001,1795
81.9355,81.9465,22890,28456,Nyctalus leisleri,0.01,0.023,-1,Echolocation,/mnt/ubna_data_02_mir/recover-20221013/UBNA_001/20221012_030000.WAV,Telephone Field,recover-20221013,001,1795
81.9635,81.998,68437,81337,Rhinolophus ferrumequinum,0.021,0.021,-1,Echolocation,/mnt/ubna_data_02_mir/recover-20221013/UBNA_001/20221012_030000.WAV,Telephone Field,recover-20221013,001,1795
81.9875,82.0,25468,31245,Eptesicus serotinus,0.011,0.027,-1,Echolocation,/mnt/ubna_data_02_mir/recover-20221013/UBNA_001/20221012_030000.WAV,Telephone Field,recover-20221013,001,1795
82.0015,82.0349,68437,80043,Rhinolophus ferrumequinum,0.043,0.043,-1,Echolocation,/mnt/ubna_data_02_mir/recover-20221013/UBNA_001/20221012_030000.WAV,Telephone Field,recover-20221013,001,1795
82.0015,82.0116,49531,56946,Pipistrellus pipistrellus,0.034,0.043,-1,Echolocation,/mnt/ubna_data_02_mir/recover-20221013/UBNA_001/20221012_030000.WAV,Telephone Field,recover-20221013,001,1795
82.0015,82.0099,27187,35399,Eptesicus serotinus,0.011,0.035,-1,Echolocation,/mnt/ubna_data_02_mir/recover-20221013/UBNA_001/20221012_030000.WAV,Telephone Field,recover-20221013,001,1795
82.0075,82.0493,68437,82533,Rhinolophus ferrumequinum,0.024,0.024,-1,Echolocation,/mnt/ubna_data_02_mir/recover-20221013/UBNA_001/20221012_030000.WAV,Telephone Field,recover-20221013,001,1795
82.0295,82.0407,55546,60262,Pipistrellus pygmaeus,0.02,0.021,-1,Echolocation,/mnt/ubna_data_02_mir/recover-20221013/UBNA_001/20221012_030000.WAV,Telephone Field,recover-20221013,001,1795
82.0575,82.0652,27187,38111,Eptesicus serotinus,0.007,0.022,-1,Echolocation,/mnt/ubna_data_02_mir/recover-20221013/UBNA_001/20221012_030000.WAV,Telephone Field,recover-20221013,001,1795
82.0635,82.0733,22031,28027,Nyctalus leisleri,0.008,0.022,-1,Echolocation,/mnt/ubna_data_02_mir/recover-20221013/UBNA_001/20221012_030000.WAV,Telephone Field,recover-20221013,001,1795
82.0925,82.12989999999999,68437,82379,Rhinolophus ferrumequinum,0.023,0.023,-1,Echolocation,/mnt/ubna_data_02_mir/recover-20221013/UBNA_001/20221012_030000.WAV,Telephone Field,recover-20221013,001,1795
82.0995,82.13810000000001,68437,82375,Rhinolophus ferrumequinum,0.022,0.022,-1,Echolocation,/mnt/ubna_data_02_mir/recover-20221013/UBNA_001/20221012_030000.WAV,Telephone Field,recover-20221013,001,1795
82.1305,82.1743,68437,83296,Rhinolophus ferrumequinum,0.032,0.032,-1,Echolocation,/mnt/ubna_data_02_mir/recover-20221013/UBNA_001/20221012_030000.WAV,Telephone Field,recover-20221013,001,1795
82.1325,82.1405,28046,39843,Eptesicus serotinus,0.008,0.026,-1,Echolocation,/mnt/ubna_data_02_mir/recover-20221013/UBNA_001/20221012_030000.WAV,Telephone Field,recover-20221013,001,1795
82.1755,82.18430000000001,22890,30024,Plecotus austriacus,0.01,0.025,-1,Echolocation,/mnt/ubna_data_02_mir/recover-20221013/UBNA_001/20221012_030000.WAV,Telephone Field,recover-20221013,001,1795
82.1965,82.2049,28046,38876,Eptesicus serotinus,0.009,0.025,-1,Echolocation,/mnt/ubna_data_02_mir/recover-20221013/UBNA_001/20221012_030000.WAV,Telephone Field,recover-20221013,001,1795
82.2575,82.29599999999999,68437,81965,Rhinolophus ferrumequinum,0.024,0.024,-1,Echolocation,/mnt/ubna_data_02_mir/recover-20221013/UBNA_001/20221012_030000.WAV,Telephone Field,recover-20221013,001,1795
82.26050000000001,82.2677,27187,39046,Eptesicus serotinus,0.007,0.024,-1,Echolocation,/mnt/ubna_data_02_mir/recover-20221013/UBNA_001/20221012_030000.WAV,Telephone Field,recover-20221013,001,1795
82.2805,82.3195,68437,82574,Rhinolophus ferrumequinum,0.023,0.023,-1,Echolocation,/mnt/ubna_data_02_mir/recover-20221013/UBNA_001/20221012_030000.WAV,Telephone Field,recover-20221013,001,1795
82.2835,82.2902,44375,48769,Pipistrellus pipistrellus,0.025,0.027,-1,Echolocation,/mnt/ubna_data_02_mir/recover-20221013/UBNA_001/20221012_030000.WAV,Telephone Field,recover-20221013,001,1795
82.2995,82.338,68437,82609,Rhinolophus ferrumequinum,0.023,0.023,-1,Echolocation,/mnt/ubna_data_02_mir/recover-20221013/UBNA_001/20221012_030000.WAV,Telephone Field,recover-20221013,001,1795
82.3085,82.3163,28046,39758,Eptesicus serotinus,0.007,0.021,-1,Echolocation,/mnt/ubna_data_02_mir/recover-20221013/UBNA_001/20221012_030000.WAV,Telephone Field,recover-20221013,001,1795
82.3655,82.4021,68437,81366,Rhinolophus ferrumequinum,0.023,0.023,-1,Echolocation,/mnt/ubna_data_02_mir/recover-20221013/UBNA_001/20221012_030000.WAV,Telephone Field,recover-20221013,001,1795
82.4005,82.407,24609,34334,Plecotus austriacus,0.016,0.035,-1,Echolocation,/mnt/ubna_data_02_mir/recover-20221013/UBNA_001/20221012_030000.WAV,Telephone Field,recover-20221013,001,1795
82.42150000000001,82.46170000000001,68437,82092,Rhinolophus ferrumequinum,0.025,0.025,-1,Echolocation,/mnt/ubna_data_02_mir/recover-20221013/UBNA_001/20221012_030000.WAV,Telephone Field,recover-20221013,001,1795
82.4805,82.4905,25468,32569,Eptesicus serotinus,0.011,0.029,-1,Echolocation,/mnt/ubna_data_02_mir/recover-20221013/UBNA_001/20221012_030000.WAV,Telephone Field,recover-20221013,001,1795
82.4995,82.5395,68437,82295,Rhinolophus ferrumequinum,0.026,0.027,-1,Echolocation,/mnt/ubna_data_02_mir/recover-20221013/UBNA_001/20221012_030000.WAV,Telephone Field,recover-20221013,001,1795
82.5075,82.5265,22031,25275,Nyctalus leisleri,0.023,0.036,-1,Echolocation,/mnt/ubna_data_02_mir/recover-20221013/UBNA_001/20221012_030000.WAV,Telephone Field,recover-20221013,001,1795
82.5245,82.562,68437,82518,Rhinolophus ferrumequinum,0.028,0.028,-1,Echolocation,/mnt/ubna_data_02_mir/recover-20221013/UBNA_001/20221012_030000.WAV,Telephone Field,recover-20221013,001,1795
82.54050000000001,82.548,28046,39817,Eptesicus serotinus,0.006,0.022,-1,Echolocation,/mnt/ubna_data_02_mir/recover-20221013/UBNA_001/20221012_030000.WAV,Telephone Field,recover-20221013,001,1795
82.5565,82.593,68437,82127,Rhinolophus ferrumequinum,0.022,0.022,-1,Echolocation,/mnt/ubna_data_02_mir/recover-20221013/UBNA_001/20221012_030000.WAV,Telephone Field,recover-20221013,001,1795
82.5885,82.59870000000001,22031,27483,Nyctalus leisleri,0.009,0.022,-1,Echolocation,/mnt/ubna_data_02_mir/recover-20221013/UBNA_001/20221012_030000.WAV,Telephone Field,recover-20221013,001,1795
82.6165,82.6593,68437,82601,Rhinolophus ferrumequinum,0.033,0.033,-1,Echolocation,/mnt/ubna_data_02_mir/recover-20221013/UBNA_001/20221012_030000.WAV,Telephone Field,recover-20221013,001,1795
82.6305,82.6411,28906,36059,Eptesicus serotinus,0.012,0.027,-1,Echolocation,/mnt/ubna_data_02_mir/recover-20221013/UBNA_001/20221012_030000.WAV,Telephone Field,recover-20221013,001,1795
82.6555,82.6652,23750,31768,Plecotus austriacus,0.007,0.023,-1,Echolocation,/mnt/ubna_data_02_mir/recover-20221013/UBNA_001/20221012_030000.WAV,Telephone Field,recover-20221013,001,1795
82.6735,82.7119,68437,82420,Rhinolophus ferrumequinum,0.023,0.023,-1,Echolocation,/mnt/ubna_data_02_mir/recover-20221013/UBNA_001/20221012_030000.WAV,Telephone Field,recover-20221013,001,1795
82.7175,82.756,68437,82125,Rhinolophus ferrumequinum,0.022,0.022,-1,Echolocation,/mnt/ubna_data_02_mir/recover-20221013/UBNA_001/20221012_030000.WAV,Telephone Field,recover-20221013,001,1795
82.7425,82.751,28046,37915,Eptesicus serotinus,0.008,0.024,-1,Echolocation,/mnt/ubna_data_02_mir/recover-20221013/UBNA_001/20221012_030000.WAV,Telephone Field,recover-20221013,001,1795
82.7445,82.7517,23750,32705,Plecotus austriacus,0.01,0.024,-1,Echolocation,/mnt/ubna_data_02_mir/recover-20221013/UBNA_001/20221012_030000.WAV,Telephone Field,recover-20221013,001,1795
82.7485,82.78790000000001,68437,82864,Rhinolophus ferrumequinum,0.027,0.027,-1,Echolocation,/mnt/ubna_data_02_mir/recover-20221013/UBNA_001/20221012_030000.WAV,Telephone Field,recover-20221013,001,1795
82.7705,82.7789,25468,34862,Eptesicus serotinus,0.007,0.025,-1,Echolocation,/mnt/ubna_data_02_mir/recover-20221013/UBNA_001/20221012_030000.WAV,Telephone Field,recover-20221013,001,1795
82.7895,82.8292,68437,82347,Rhinolophus ferrumequinum,0.024,0.024,-1,Echolocation,/mnt/ubna_data_02_mir/recover-20221013/UBNA_001/20221012_030000.WAV,Telephone Field,recover-20221013,001,1795
82.8115,82.8306,18593,22501,Nyctalus noctula,0.018,0.03,-1,Echolocation,/mnt/ubna_data_02_mir/recover-20221013/UBNA_001/20221012_030000.WAV,Telephone Field,recover-20221013,001,1795
82.8155,82.8503,68437,81726,Rhinolophus ferrumequinum,0.022,0.022,-1,Echolocation,/mnt/ubna_data_02_mir/recover-20221013/UBNA_001/20221012_030000.WAV,Telephone Field,recover-20221013,001,1795
82.8255,82.833,24609,33514,Plecotus austriacus,0.007,0.023,-1,Echolocation,/mnt/ubna_data_02_mir/recover-20221013/UBNA_001/20221012_030000.WAV,Telephone Field,recover-20221013,001,1795
82.8295,82.8655,68437,81648,Rhinolophus ferrumequinum,0.022,0.022,-1,Echolocation,/mnt/ubna_data_02_mir/recover-20221013/UBNA_001/20221012_030000.WAV,Telephone Field,recover-20221013,001,1795
82.8375,82.8472,28906,36668,Eptesicus serotinus,0.01,0.023,-1,Echolocation,/mnt/ubna_data_02_mir/recover-20221013/UBNA_001/20221012_030000.WAV,Telephone Field,recover-20221013,001,1795
82.8745,82.9166,68437,83169,Rhinolophus ferrumequinum,0.029,0.029,-1,Echolocation,/mnt/ubna_data_02_mir/recover-20221013/UBNA_001/20221012_030000.WAV,Telephone Field,recover-20221013,001,1795
82.8775,82.8852,28046,44037,Eptesicus serotinus,0.008,0.023,-1,Echolocation,/mnt/ubna_data_02_mir/recover-20221013/UBNA_001/20221012_030000.WAV,Telephone Field,recover-20221013,001,1795
82.8945,82.9049,57265,61950,Pipistrellus pygmaeus,0.022,0.023,-1,Echolocation,/mnt/ubna_data_02_mir/recover-20221013/UBNA_001/20221012_030000.WAV,Telephone Field,recover-20221013,001,1795
82.9005,82.9402,68437,82650,Rhinolophus ferrumequinum,0.023,0.023,-1,Echolocation,/mnt/ubna_data_02_mir/recover-20221013/UBNA_001/20221012_030000.WAV,Telephone Field,recover-20221013,001,1795
82.9105,82.9218,27187,33956,Eptesicus serotinus,0.017,0.034,-1,Echolocation,/mnt/ubna_data_02_mir/recover-20221013/UBNA_001/20221012_030000.WAV,Telephone Field,recover-20221013,001,1795
82.9565,82.9663,27187,36805,Eptesicus serotinus,0.009,0.022,-1,Echolocation,/mnt/ubna_data_02_mir/recover-20221013/UBNA_001/20221012_030000.WAV,Telephone Field,recover-20221013,001,1795
82.9645,82.9725,28046,38651,Eptesicus serotinus,0.008,0.025,-1,Echolocation,/mnt/ubna_data_02_mir/recover-20221013/UBNA_001/20221012_030000.WAV,Telephone Field,recover-20221013,001,1795
82.9805,82.9896,28046,38552,Eptesicus serotinus,0.01,0.024,-1,Echolocation,/mnt/ubna_data_02_mir/recover-20221013/UBNA_001/20221012_030000.WAV,Telephone Field,recover-20221013,001,1795
82.98349999999999,83.0207,68437,82126,Rhinolophus ferrumequinum,0.023,0.023,-1,Echolocation,/mnt/ubna_data_02_mir/recover-20221013/UBNA_001/20221012_030000.WAV,Telephone Field,recover-20221013,001,1795
83.0115,83.0493,68437,81149,Rhinolophus ferrumequinum,0.026,0.026,-1,Echolocation,/mnt/ubna_data_02_mir/recover-20221013/UBNA_001/20221012_030000.WAV,Telephone Field,recover-20221013,001,1795
83.0295,83.0398,27187,35279,Eptesicus serotinus,0.23,0.338,-1,Echolocation,/mnt/ubna_data_02_mir/recover-20221013/UBNA_001/20221012_030000.WAV,Telephone Field,recover-20221013,001,1795
83.0695,83.0774,28046,39037,Eptesicus serotinus,0.007,0.022,-1,Echolocation,/mnt/ubna_data_02_mir/recover-20221013/UBNA_001/20221012_030000.WAV,Telephone Field,recover-20221013,001,1795
83.0855,83.0915,26328,39511,Plecotus austriacus,0.005,0.025,-1,Echolocation,/mnt/ubna_data_02_mir/recover-20221013/UBNA_001/20221012_030000.WAV,Telephone Field,recover-20221013,001,1795
83.1155,83.1529,68437,81330,Rhinolophus ferrumequinum,0.022,0.022,-1,Echolocation,/mnt/ubna_data_02_mir/recover-20221013/UBNA_001/20221012_030000.WAV,Telephone Field,recover-20221013,001,1795
83.1165,83.1305,32343,37689,Eptesicus serotinus,0.008,0.028,-1,Echolocation,/mnt/ubna_data_02_mir/recover-20221013/UBNA_001/20221012_030000.WAV,Telephone Field,recover-20221013,001,1795
83.1465,83.1827,68437,81246,Rhinolophus ferrumequinum,0.022,0.022,-1,Echolocation,/mnt/ubna_data_02_mir/recover-20221013/UBNA_001/20221012_030000.WAV,Telephone Field,recover-20221013,001,1795
83.16550000000001,83.2015,68437,81736,Rhinolophus ferrumequinum,0.023,0.023,-1,Echolocation,/mnt/ubna_data_02_mir/recover-20221013/UBNA_001/20221012_030000.WAV,Telephone Field,recover-20221013,001,1795
83.1735,83.1815,28046,38841,Eptesicus serotinus,0.008,0.023,-1,Echolocation,/mnt/ubna_data_02_mir/recover-20221013/UBNA_001/20221012_030000.WAV,Telephone Field,recover-20221013,001,1795
83.1865,83.2216,68437,81759,Rhinolophus ferrumequinum,0.022,0.022,-1,Echolocation,/mnt/ubna_data_02_mir/recover-20221013/UBNA_001/20221012_030000.WAV,Telephone Field,recover-20221013,001,1795
83.2025,83.2439,68437,82347,Rhinolophus ferrumequinum,0.024,0.024,-1,Echolocation,/mnt/ubna_data_02_mir/recover-20221013/UBNA_001/20221012_030000.WAV,Telephone Field,recover-20221013,001,1795
83.2285,83.265,68437,81926,Rhinolophus ferrumequinum,0.028,0.028,-1,Echolocation,/mnt/ubna_data_02_mir/recover-20221013/UBNA_001/20221012_030000.WAV,Telephone Field,recover-20221013,001,1795
83.2425,83.2518,28906,37322,Eptesicus serotinus,0.008,0.021,-1,Echolocation,/mnt/ubna_data_02_mir/recover-20221013/UBNA_001/20221012_030000.WAV,Telephone Field,recover-20221013,001,1795
83.2685,83.3079,68437,81824,Rhinolophus ferrumequinum,0.022,0.022,-1,Echolocation,/mnt/ubna_data_02_mir/recover-20221013/UBNA_001/20221012_030000.WAV,Telephone Field,recover-20221013,001,1795
83.2775,83.2888,22031,26092,Nyctalus leisleri,0.011,0.021,-1,Echolocation,/mnt/ubna_data_02_mir/recover-20221013/UBNA_001/20221012_030000.WAV,Telephone Field,recover-20221013,001,1795
83.3135,83.3241,22031,26934,Nyctalus leisleri,0.01,0.021,-1,Echolocation,/mnt/ubna_data_02_mir/recover-20221013/UBNA_001/20221012_030000.WAV,Telephone Field,recover-20221013,001,1795
83.32849999999999,83.3398,22890,27476,Nyctalus leisleri,0.015,0.028,-1,Echolocation,/mnt/ubna_data_02_mir/recover-20221013/UBNA_001/20221012_030000.WAV,Telephone Field,recover-20221013,001,1795
83.35249999999999,83.35900000000001,27187,44868,Eptesicus serotinus,0.007,0.024,-1,Echolocation,/mnt/ubna_data_02_mir/recover-20221013/UBNA_001/20221012_030000.WAV,Telephone Field,recover-20221013,001,1795
83.3685,83.37989999999999,22031,26241,Nyctalus leisleri,0.011,0.021,-1,Echolocation,/mnt/ubna_data_02_mir/recover-20221013/UBNA_001/20221012_030000.WAV,Telephone Field,recover-20221013,001,1795
83.39150000000001,83.4308,68437,82646,Rhinolophus ferrumequinum,0.021,0.021,-1,Echolocation,/mnt/ubna_data_02_mir/recover-20221013/UBNA_001/20221012_030000.WAV,Telephone Field,recover-20221013,001,1795
83.4815,83.4915,24609,31843,Nyctalus leisleri,0.009,0.024,-1,Echolocation,/mnt/ubna_data_02_mir/recover-20221013/UBNA_001/20221012_030000.WAV,Telephone Field,recover-20221013,001,1795
83.5235,83.5651,68437,83064,Rhinolophus ferrumequinum,0.023,0.023,-1,Echolocation,/mnt/ubna_data_02_mir/recover-20221013/UBNA_001/20221012_030000.WAV,Telephone Field,recover-20221013,001,1795
83.5395,83.5795,68437,82302,Rhinolophus ferrumequinum,0.023,0.023,-1,Echolocation,/mnt/ubna_data_02_mir/recover-20221013/UBNA_001/20221012_030000.WAV,Telephone Field,recover-20221013,001,1795
83.5445,83.5549,23750,30364,Nyctalus leisleri,0.008,0.022,-1,Echolocation,/mnt/ubna_data_02_mir/recover-20221013/UBNA_001/20221012_030000.WAV,Telephone Field,recover-20221013,001,1795
83.5755,83.6117,68437,81850,Rhinolophus ferrumequinum,0.029,0.029,-1,Echolocation,/mnt/ubna_data_02_mir/recover-20221013/UBNA_001/20221012_030000.WAV,Telephone Field,recover-20221013,001,1795
83.6045,83.6416,68437,81515,Rhinolophus ferrumequinum,0.021,0.021,-1,Echolocation,/mnt/ubna_data_02_mir/recover-20221013/UBNA_001/20221012_030000.WAV,Telephone Field,recover-20221013,001,1795
83.6225,83.6601,68437,82143,Rhinolophus ferrumequinum,0.021,0.021,-1,Echolocation,/mnt/ubna_data_02_mir/recover-20221013/UBNA_001/20221012_030000.WAV,Telephone Field,recover-20221013,001,1795
83.6435,83.6834,68437,81793,Rhinolophus ferrumequinum,0.023,0.023,-1,Echolocation,/mnt/ubna_data_02_mir/recover-20221013/UBNA_001/20221012_030000.WAV,Telephone Field,recover-20221013,001,1795
83.6925,83.7287,68437,82302,Rhinolophus ferrumequinum,0.023,0.023,-1,Echolocation,/mnt/ubna_data_02_mir/recover-20221013/UBNA_001/20221012_030000.WAV,Telephone Field,recover-20221013,001,1795
83.6995,83.7099,22890,28275,Nyctalus leisleri,0.01,0.023,-1,Echolocation,/mnt/ubna_data_02_mir/recover-20221013/UBNA_001/20221012_030000.WAV,Telephone Field,recover-20221013,001,1795
83.7285,83.7683,68437,82877,Rhinolophus ferrumequinum,0.023,0.023,-1,Echolocation,/mnt/ubna_data_02_mir/recover-20221013/UBNA_001/20221012_030000.WAV,Telephone Field,recover-20221013,001,1795
83.7295,83.7364,27187,42804,Eptesicus serotinus,0.006,0.021,-1,Echolocation,/mnt/ubna_data_02_mir/recover-20221013/UBNA_001/20221012_030000.WAV,Telephone Field,recover-20221013,001,1795
83.7635,83.7777,22031,26708,Nyctalus leisleri,0.022,0.047,-1,Echolocation,/mnt/ubna_data_02_mir/recover-20221013/UBNA_001/20221012_030000.WAV,Telephone Field,recover-20221013,001,1795
83.7655,83.7724,29765,40999,Eptesicus serotinus,0.008,0.028,-1,Echolocation,/mnt/ubna_data_02_mir/recover-20221013/UBNA_001/20221012_030000.WAV,Telephone Field,recover-20221013,001,1795
83.7815,83.792,23750,29610,Nyctalus leisleri,0.009,0.021,-1,Echolocation,/mnt/ubna_data_02_mir/recover-20221013/UBNA_001/20221012_030000.WAV,Telephone Field,recover-20221013,001,1795
83.8095,83.8527,68437,83398,Rhinolophus ferrumequinum,0.036,0.036,-1,Echolocation,/mnt/ubna_data_02_mir/recover-20221013/UBNA_001/20221012_030000.WAV,Telephone Field,recover-20221013,001,1795
83.8455,83.8523,28046,39918,Eptesicus serotinus,0.007,0.027,-1,Echolocation,/mnt/ubna_data_02_mir/recover-20221013/UBNA_001/20221012_030000.WAV,Telephone Field,recover-20221013,001,1795
83.8725,83.8818,28906,38809,Eptesicus serotinus,0.008,0.022,-1,Echolocation,/mnt/ubna_data_02_mir/recover-20221013/UBNA_001/20221012_030000.WAV,Telephone Field,recover-20221013,001,1795
83.9075,83.9442,68437,81797,Rhinolophus ferrumequinum,0.021,0.021,-1,Echolocation,/mnt/ubna_data_02_mir/recover-20221013/UBNA_001/20221012_030000.WAV,Telephone Field,recover-20221013,001,1795
83.9355,83.9728,68437,82050,Rhinolophus ferrumequinum,0.023,0.023,-1,Echolocation,/mnt/ubna_data_02_mir/recover-20221013/UBNA_001/20221012_030000.WAV,Telephone Field,recover-20221013,001,1795
83.9485,83.9855,68437,81808,Rhinolophus ferrumequinum,0.025,0.025,-1,Echolocation,/mnt/ubna_data_02_mir/recover-20221013/UBNA_001/20221012_030000.WAV,Telephone Field,recover-20221013,001,1795
83.9665,83.9765,22031,27909,Nyctalus leisleri,0.008,0.025,-1,Echolocation,/mnt/ubna_data_02_mir/recover-20221013/UBNA_001/20221012_030000.WAV,Telephone Field,recover-20221013,001,1795
84.0015,84.0107,26328,34269,Nyctalus leisleri,0.009,0.027,-1,Echolocation,/mnt/ubna_data_02_mir/recover-20221013/UBNA_001/20221012_030000.WAV,Telephone Field,recover-20221013,001,1795
84.0015,84.0335,69296,81162,Rhinolophus ferrumequinum,0.036,0.036,-1,Echolocation,/mnt/ubna_data_02_mir/recover-20221013/UBNA_001/20221012_030000.WAV,Telephone Field,recover-20221013,001,1795
84.0115,84.0216,28046,38556,Eptesicus serotinus,0.009,0.022,-1,Echolocation,/mnt/ubna_data_02_mir/recover-20221013/UBNA_001/20221012_030000.WAV,Telephone Field,recover-20221013,001,1795
84.04050000000001,84.0788,68437,81869,Rhinolophus ferrumequinum,0.023,0.023,-1,Echolocation,/mnt/ubna_data_02_mir/recover-20221013/UBNA_001/20221012_030000.WAV,Telephone Field,recover-20221013,001,1795
84.0755,84.1139,68437,82324,Rhinolophus ferrumequinum,0.022,0.022,-1,Echolocation,/mnt/ubna_data_02_mir/recover-20221013/UBNA_001/20221012_030000.WAV,Telephone Field,recover-20221013,001,1795
84.1075,84.14789999999999,68437,82121,Rhinolophus ferrumequinum,0.024,0.024,-1,Echolocation,/mnt/ubna_data_02_mir/recover-20221013/UBNA_001/20221012_030000.WAV,Telephone Field,recover-20221013,001,1795
84.1745,84.2154,68437,82753,Rhinolophus ferrumequinum,0.023,0.023,-1,Echolocation,/mnt/ubna_data_02_mir/recover-20221013/UBNA_001/20221012_030000.WAV,Telephone Field,recover-20221013,001,1795
84.1885,84.2284,68437,82250,Rhinolophus ferrumequinum,0.022,0.022,-1,Echolocation,/mnt/ubna_data_02_mir/recover-20221013/UBNA_001/20221012_030000.WAV,Telephone Field,recover-20221013,001,1795
84.2065,84.2454,68437,81698,Rhinolophus ferrumequinum,0.022,0.022,-1,Echolocation,/mnt/ubna_data_02_mir/recover-20221013/UBNA_001/20221012_030000.WAV,Telephone Field,recover-20221013,001,1795
84.2405,84.27850000000001,68437,81880,Rhinolophus ferrumequinum,0.023,0.023,-1,Echolocation,/mnt/ubna_data_02_mir/recover-20221013/UBNA_001/20221012_030000.WAV,Telephone Field,recover-20221013,001,1795
84.2475,84.2871,68437,82149,Rhinolophus ferrumequinum,0.021,0.021,-1,Echolocation,/mnt/ubna_data_02_mir/recover-20221013/UBNA_001/20221012_030000.WAV,Telephone Field,recover-20221013,001,1795
84.2515,84.2567,40078,51478,Myotis daubentonii,0.008,0.023,-1,Echolocation,/mnt/ubna_data_02_mir/recover-20221013/UBNA_001/20221012_030000.WAV,Telephone Field,recover-20221013,001,1795
84.2515,84.2569,33203,58307,Myotis daubentonii,0.008,0.024,-1,Echolocation,/mnt/ubna_data_02_mir/recover-20221013/UBNA_001/20221012_030000.WAV,Telephone Field,recover-20221013,001,1795
84.2535,84.26089999999999,23750,35120,Plecotus austriacus,0.01,0.025,-1,Echolocation,/mnt/ubna_data_02_mir/recover-20221013/UBNA_001/20221012_030000.WAV,Telephone Field,recover-20221013,001,1795
84.34049999999999,84.3745,68437,81771,Rhinolophus ferrumequinum,0.026,0.027,-1,Echolocation,/mnt/ubna_data_02_mir/recover-20221013/UBNA_001/20221012_030000.WAV,Telephone Field,recover-20221013,001,1795
84.35249999999999,84.395,68437,82973,Rhinolophus ferrumequinum,0.025,0.025,-1,Echolocation,/mnt/ubna_data_02_mir/recover-20221013/UBNA_001/20221012_030000.WAV,Telephone Field,recover-20221013,001,1795
84.35249999999999,84.36,27187,39285,Eptesicus serotinus,0.006,0.022,-1,Echolocation,/mnt/ubna_data_02_mir/recover-20221013/UBNA_001/20221012_030000.WAV,Telephone Field,recover-20221013,001,1795
84.3925,84.4028,22890,29214,Nyctalus leisleri,0.01,0.026,-1,Echolocation,/mnt/ubna_data_02_mir/recover-20221013/UBNA_001/20221012_030000.WAV,Telephone Field,recover-20221013,001,1795
84.42150000000001,84.4625,68437,82259,Rhinolophus ferrumequinum,0.026,0.026,-1,Echolocation,/mnt/ubna_data_02_mir/recover-20221013/UBNA_001/20221012_030000.WAV,Telephone Field,recover-20221013,001,1795
84.4725,84.5112,68437,82328,Rhinolophus ferrumequinum,0.024,0.024,-1,Echolocation,/mnt/ubna_data_02_mir/recover-20221013/UBNA_001/20221012_030000.WAV,Telephone Field,recover-20221013,001,1795
84.4905,84.5,23750,30684,Nyctalus leisleri,0.008,0.024,-1,Echolocation,/mnt/ubna_data_02_mir/recover-20221013/UBNA_001/20221012_030000.WAV,Telephone Field,recover-20221013,001,1795
84.4985,84.5089,22031,26183,Nyctalus leisleri,0.012,0.023,-1,Echolocation,/mnt/ubna_data_02_mir/recover-20221013/UBNA_001/20221012_030000.WAV,Telephone Field,recover-20221013,001,1795
84.4995,84.5355,68437,82107,Rhinolophus ferrumequinum,0.023,0.023,-1,Echolocation,/mnt/ubna_data_02_mir/recover-20221013/UBNA_001/20221012_030000.WAV,Telephone Field,recover-20221013,001,1795
84.5485,84.55539999999999,30625,41108,Myotis daubentonii,0.01,0.026,-1,Echolocation,/mnt/ubna_data_02_mir/recover-20221013/UBNA_001/20221012_030000.WAV,Telephone Field,recover-20221013,001,1795
84.5805,84.6185,68437,81375,Rhinolophus ferrumequinum,0.022,0.022,-1,Echolocation,/mnt/ubna_data_02_mir/recover-20221013/UBNA_001/20221012_030000.WAV,Telephone Field,recover-20221013,001,1795
84.6045,84.6472,68437,82988,Rhinolophus ferrumequinum,0.032,0.032,-1,Echolocation,/mnt/ubna_data_02_mir/recover-20221013/UBNA_001/20221012_030000.WAV,Telephone Field,recover-20221013,001,1795
84.6305,84.6676,68437,81945,Rhinolophus ferrumequinum,0.022,0.022,-1,Echolocation,/mnt/ubna_data_02_mir/recover-20221013/UBNA_001/20221012_030000.WAV,Telephone Field,recover-20221013,001,1795
84.7015,84.7411,68437,82355,Rhinolophus ferrumequinum,0.022,0.022,-1,Echolocation,/mnt/ubna_data_02_mir/recover-20221013/UBNA_001/20221012_030000.WAV,Telephone Field,recover-20221013,001,1795
84.7235,84.7339,45234,48819,Pipistrellus pipistrellus,0.022,0.024,-1,Echolocation,/mnt/ubna_data_02_mir/recover-20221013/UBNA_001/20221012_030000.WAV,Telephone Field,recover-20221013,001,1795
84.7445,84.7541,22890,29132,Nyctalus leisleri,0.007,0.022,-1,Echolocation,/mnt/ubna_data_02_mir/recover-20221013/UBNA_001/20221012_030000.WAV,Telephone Field,recover-20221013,001,1795
84.7495,84.7903,68437,82655,Rhinolophus ferrumequinum,0.024,0.024,-1,Echolocation,/mnt/ubna_data_02_mir/recover-20221013/UBNA_001/20221012_030000.WAV,Telephone Field,recover-20221013,001,1795
84.7625,84.77,29765,40258,Myotis daubentonii,0.007,0.023,-1,Echolocation,/mnt/ubna_data_02_mir/recover-20221013/UBNA_001/20221012_030000.WAV,Telephone Field,recover-20221013,001,1795
84.8135,84.8244,28046,35899,Eptesicus serotinus,0.012,0.025,-1,Echolocation,/mnt/ubna_data_02_mir/recover-20221013/UBNA_001/20221012_030000.WAV,Telephone Field,recover-20221013,001,1795
84.8545,84.8651,23750,30253,Nyctalus leisleri,0.01,0.025,-1,Echolocation,/mnt/ubna_data_02_mir/recover-20221013/UBNA_001/20221012_030000.WAV,Telephone Field,recover-20221013,001,1795
84.8595,84.9002,68437,82289,Rhinolophus ferrumequinum,0.024,0.024,-1,Echolocation,/mnt/ubna_data_02_mir/recover-20221013/UBNA_001/20221012_030000.WAV,Telephone Field,recover-20221013,001,1795
84.87049999999999,84.9122,68437,83102,Rhinolophus ferrumequinum,0.026,0.026,-1,Echolocation,/mnt/ubna_data_02_mir/recover-20221013/UBNA_001/20221012_030000.WAV,Telephone Field,recover-20221013,001,1795
84.88550000000001,84.8961,23750,29411,Nyctalus leisleri,0.011,0.026,-1,Echolocation,/mnt/ubna_data_02_mir/recover-20221013/UBNA_001/20221012_030000.WAV,Telephone Field,recover-20221013,001,1795
84.9055,84.9394,68437,80619,Rhinolophus ferrumequinum,0.022,0.022,-1,Echolocation,/mnt/ubna_data_02_mir/recover-20221013/UBNA_001/20221012_030000.WAV,Telephone Field,recover-20221013,001,1795
84.9125,84.92099999999999,28046,39194,Eptesicus serotinus,0.008,0.022,-1,Echolocation,/mnt/ubna_data_02_mir/recover-20221013/UBNA_001/20221012_030000.WAV,Telephone Field,recover-20221013,001,1795
84.9235,84.9652,68437,82735,Rhinolophus ferrumequinum,0.024,0.024,-1,Echolocation,/mnt/ubna_data_02_mir/recover-20221013/UBNA_001/20221012_030000.WAV,Telephone Field,recover-20221013,001,1795
84.9325,84.97,68437,82510,Rhinolophus ferrumequinum,0.022,0.022,-1,Echolocation,/mnt/ubna_data_02_mir/recover-20221013/UBNA_001/20221012_030000.WAV,Telephone Field,recover-20221013,001,1795
84.9555,84.99510000000001,68437,82334,Rhinolophus ferrumequinum,0.023,0.023,-1,Echolocation,/mnt/ubna_data_02_mir/recover-20221013/UBNA_001/20221012_030000.WAV,Telephone Field,recover-20221013,001,1795
85.0115,85.05199999999999,68437,82885,Rhinolophus ferrumequinum,0.027,0.027,-1,Echolocation,/mnt/ubna_data_02_mir/recover-20221013/UBNA_001/20221012_030000.WAV,Telephone Field,recover-20221013,001,1795
85.0305,85.0442,23750,28538,Nyctalus leisleri,0.012,0.024,-1,Echolocation,/mnt/ubna_data_02_mir/recover-20221013/UBNA_001/20221012_030000.WAV,Telephone Field,recover-20221013,001,1795
85.0315,85.0723,68437,82299,Rhinolophus ferrumequinum,0.024,0.024,-1,Echolocation,/mnt/ubna_data_02_mir/recover-20221013/UBNA_001/20221012_030000.WAV,Telephone Field,recover-20221013,001,1795
85.0425,85.0812,68437,82303,Rhinolophus ferrumequinum,0.025,0.025,-1,Echolocation,/mnt/ubna_data_02_mir/recover-20221013/UBNA_001/20221012_030000.WAV,Telephone Field,recover-20221013,001,1795
85.0435,85.0506,28046,39188,Eptesicus serotinus,0.006,0.024,-1,Echolocation,/mnt/ubna_data_02_mir/recover-20221013/UBNA_001/20221012_030000.WAV,Telephone Field,recover-20221013,001,1795
85.0555,85.0626,49531,55651,Pipistrellus pipistrellus,0.022,0.024,-1,Echolocation,/mnt/ubna_data_02_mir/recover-20221013/UBNA_001/20221012_030000.WAV,Telephone Field,recover-20221013,001,1795
85.0555,85.0951,68437,82531,Rhinolophus ferrumequinum,0.023,0.023,-1,Echolocation,/mnt/ubna_data_02_mir/recover-20221013/UBNA_001/20221012_030000.WAV,Telephone Field,recover-20221013,001,1795
85.1895,85.2272,68437,81628,Rhinolophus ferrumequinum,0.022,0.022,-1,Echolocation,/mnt/ubna_data_02_mir/recover-20221013/UBNA_001/20221012_030000.WAV,Telephone Field,recover-20221013,001,1795
85.20349999999999,85.2126,22890,29387,Plecotus austriacus,0.008,0.022,-1,Echolocation,/mnt/ubna_data_02_mir/recover-20221013/UBNA_001/20221012_030000.WAV,Telephone Field,recover-20221013,001,1795
85.21549999999999,85.2242,28046,39097,Eptesicus serotinus,0.008,0.025,-1,Echolocation,/mnt/ubna_data_02_mir/recover-20221013/UBNA_001/20221012_030000.WAV,Telephone Field,recover-20221013,001,1795
85.2375,85.246,45234,49071,Pipistrellus pipistrellus,0.062,0.064,-1,Echolocation,/mnt/ubna_data_02_mir/recover-20221013/UBNA_001/20221012_030000.WAV,Telephone Field,recover-20221013,001,1795
85.23949999999999,85.2781,68437,81856,Rhinolophus ferrumequinum,0.022,0.022,-1,Echolocation,/mnt/ubna_data_02_mir/recover-20221013/UBNA_001/20221012_030000.WAV,Telephone Field,recover-20221013,001,1795
85.2575,85.2973,68437,82744,Rhinolophus ferrumequinum,0.024,0.024,-1,Echolocation,/mnt/ubna_data_02_mir/recover-20221013/UBNA_001/20221012_030000.WAV,Telephone Field,recover-20221013,001,1795
85.27850000000001,85.315,68437,81249,Rhinolophus ferrumequinum,0.023,0.023,-1,Echolocation,/mnt/ubna_data_02_mir/recover-20221013/UBNA_001/20221012_030000.WAV,Telephone Field,recover-20221013,001,1795
85.2975,85.3383,68437,82860,Rhinolophus ferrumequinum,0.029,0.029,-1,Echolocation,/mnt/ubna_data_02_mir/recover-20221013/UBNA_001/20221012_030000.WAV,Telephone Field,recover-20221013,001,1795
85.3085,85.3181,28906,38679,Eptesicus serotinus,0.008,0.022,-1,Echolocation,/mnt/ubna_data_02_mir/recover-20221013/UBNA_001/20221012_030000.WAV,Telephone Field,recover-20221013,001,1795
85.3335,85.3723,68437,82427,Rhinolophus ferrumequinum,0.027,0.027,-1,Echolocation,/mnt/ubna_data_02_mir/recover-20221013/UBNA_001/20221012_030000.WAV,Telephone Field,recover-20221013,001,1795
85.3545,85.3702,36640,41875,Pipistrellus nathusii,0.027,0.052,-1,Echolocation,/mnt/ubna_data_02_mir/recover-20221013/UBNA_001/20221012_030000.WAV,Telephone Field,recover-20221013,001,1795
85.3615,85.4041,68437,82792,Rhinolophus ferrumequinum,0.027,0.027,-1,Echolocation,/mnt/ubna_data_02_mir/recover-20221013/UBNA_001/20221012_030000.WAV,Telephone Field,recover-20221013,001,1795
85.42150000000001,85.4376,22031,25650,Nyctalus leisleri,0.018,0.031,-1,Echolocation,/mnt/ubna_data_02_mir/recover-20221013/UBNA_001/20221012_030000.WAV,Telephone Field,recover-20221013,001,1795
85.4255,85.4666,68437,82416,Rhinolophus ferrumequinum,0.026,0.026,-1,Echolocation,/mnt/ubna_data_02_mir/recover-20221013/UBNA_001/20221012_030000.WAV,Telephone Field,recover-20221013,001,1795
85.4505,85.491,68437,81268,Rhinolophus ferrumequinum,0.023,0.023,-1,Echolocation,/mnt/ubna_data_02_mir/recover-20221013/UBNA_001/20221012_030000.WAV,Telephone Field,recover-20221013,001,1795
85.4785,85.52080000000001,68437,83321,Rhinolophus ferrumequinum,0.03,0.03,-1,Echolocation,/mnt/ubna_data_02_mir/recover-20221013/UBNA_001/20221012_030000.WAV,Telephone Field,recover-20221013,001,1795
85.5075,85.5489,68437,82525,Rhinolophus ferrumequinum,0.023,0.023,-1,Echolocation,/mnt/ubna_data_02_mir/recover-20221013/UBNA_001/20221012_030000.WAV,Telephone Field,recover-20221013,001,1795
85.5155,85.5535,68437,82612,Rhinolophus ferrumequinum,0.023,0.023,-1,Echolocation,/mnt/ubna_data_02_mir/recover-20221013/UBNA_001/20221012_030000.WAV,Telephone Field,recover-20221013,001,1795
85.5435,85.551,28046,37400,Eptesicus serotinus,0.007,0.023,-1,Echolocation,/mnt/ubna_data_02_mir/recover-20221013/UBNA_001/20221012_030000.WAV,Telephone Field,recover-20221013,001,1795
85.5725,85.6106,68437,82313,Rhinolophus ferrumequinum,0.025,0.025,-1,Echolocation,/mnt/ubna_data_02_mir/recover-20221013/UBNA_001/20221012_030000.WAV,Telephone Field,recover-20221013,001,1795
85.5955,85.6062,26328,33570,Eptesicus serotinus,0.013,0.027,-1,Echolocation,/mnt/ubna_data_02_mir/recover-20221013/UBNA_001/20221012_030000.WAV,Telephone Field,recover-20221013,001,1795
85.6195,85.6581,68437,82088,Rhinolophus ferrumequinum,0.024,0.024,-1,Echolocation,/mnt/ubna_data_02_mir/recover-20221013/UBNA_001/20221012_030000.WAV,Telephone Field,recover-20221013,001,1795
85.7575,85.7652,24609,33231,Plecotus austriacus,0.008,0.024,-1,Echolocation,/mnt/ubna_data_02_mir/recover-20221013/UBNA_001/20221012_030000.WAV,Telephone Field,recover-20221013,001,1795
85.76650000000001,85.8056,68437,81649,Rhinolophus ferrumequinum,0.022,0.022,-1,Echolocation,/mnt/ubna_data_02_mir/recover-20221013/UBNA_001/20221012_030000.WAV,Telephone Field,recover-20221013,001,1795
85.7715,85.7822,27187,32915,Eptesicus serotinus,0.022,0.049,-1,Echolocation,/mnt/ubna_data_02_mir/recover-20221013/UBNA_001/20221012_030000.WAV,Telephone Field,recover-20221013,001,1795
85.7895,85.7972,27187,39156,Eptesicus serotinus,0.008,0.025,-1,Echolocation,/mnt/ubna_data_02_mir/recover-20221013/UBNA_001/20221012_030000.WAV,Telephone Field,recover-20221013,001,1795
85.8015,85.8133,22890,26501,Nyctalus leisleri,0.014,0.023,-1,Echolocation,/mnt/ubna_data_02_mir/recover-20221013/UBNA_001/20221012_030000.WAV,Telephone Field,recover-20221013,001,1795
85.8065,85.8466,68437,82634,Rhinolophus ferrumequinum,0.032,0.032,-1,Echolocation,/mnt/ubna_data_02_mir/recover-20221013/UBNA_001/20221012_030000.WAV,Telephone Field,recover-20221013,001,1795
85.8265,85.868,68437,82885,Rhinolophus ferrumequinum,0.025,0.025,-1,Echolocation,/mnt/ubna_data_02_mir/recover-20221013/UBNA_001/20221012_030000.WAV,Telephone Field,recover-20221013,001,1795
85.8545,85.863,51250,56862,Pipistrellus pipistrellus,0.026,0.029,-1,Echolocation,/mnt/ubna_data_02_mir/recover-20221013/UBNA_001/20221012_030000.WAV,Telephone Field,recover-20221013,001,1795
85.8575,85.8657,23750,31796,Plecotus austriacus,0.011,0.026,-1,Echolocation,/mnt/ubna_data_02_mir/recover-20221013/UBNA_001/20221012_030000.WAV,Telephone Field,recover-20221013,001,1795
85.8575,85.866,28906,37472,Eptesicus serotinus,0.007,0.024,-1,Echolocation,/mnt/ubna_data_02_mir/recover-20221013/UBNA_001/20221012_030000.WAV,Telephone Field,recover-20221013,001,1795
85.8725,85.88210000000001,45234,48854,Pipistrellus pipistrellus,0.026,0.027,-1,Echolocation,/mnt/ubna_data_02_mir/recover-20221013/UBNA_001/20221012_030000.WAV,Telephone Field,recover-20221013,001,1795
85.8735,85.9093,68437,80696,Rhinolophus ferrumequinum,0.025,0.025,-1,Echolocation,/mnt/ubna_data_02_mir/recover-20221013/UBNA_001/20221012_030000.WAV,Telephone Field,recover-20221013,001,1795
85.8925,85.9012,28906,37878,Eptesicus serotinus,0.008,0.024,-1,Echolocation,/mnt/ubna_data_02_mir/recover-20221013/UBNA_001/20221012_030000.WAV,Telephone Field,recover-20221013,001,1795
85.90350000000001,85.94200000000001,68437,82244,Rhinolophus ferrumequinum,0.029,0.029,-1,Echolocation,/mnt/ubna_data_02_mir/recover-20221013/UBNA_001/20221012_030000.WAV,Telephone Field,recover-20221013,001,1795
85.9205,85.96170000000001,68437,82951,Rhinolophus ferrumequinum,0.025,0.025,-1,Echolocation,/mnt/ubna_data_02_mir/recover-20221013/UBNA_001/20221012_030000.WAV,Telephone Field,recover-20221013,001,1795
85.9565,85.996,68437,82091,Rhinolophus ferrumequinum,0.024,0.024,-1,Echolocation,/mnt/ubna_data_02_mir/recover-20221013/UBNA_001/20221012_030000.WAV,Telephone Field,recover-20221013,001,1795
86.0015,86.0115,22890,28976,Nyctalus leisleri,0.014,0.03,-1,Echolocation,/mnt/ubna_data_02_mir/recover-20221013/UBNA_001/20221012_030000.WAV,Telephone Field,recover-20221013,001,1795
86.04050000000001,86.05,23750,31008,Nyctalus leisleri,0.008,0.024,-1,Echolocation,/mnt/ubna_data_02_mir/recover-20221013/UBNA_001/20221012_030000.WAV,Telephone Field,recover-20221013,001,1795
86.0565,86.09530000000001,68437,82029,Rhinolophus ferrumequinum,0.022,0.022,-1,Echolocation,/mnt/ubna_data_02_mir/recover-20221013/UBNA_001/20221012_030000.WAV,Telephone Field,recover-20221013,001,1795
86.0765,86.0974,16015,19910,Nyctalus noctula,0.016,0.023,-1,Echolocation,/mnt/ubna_data_02_mir/recover-20221013/UBNA_001/20221012_030000.WAV,Telephone Field,recover-20221013,001,1795
86.0825,86.1216,68437,81780,Rhinolophus ferrumequinum,0.024,0.024,-1,Echolocation,/mnt/ubna_data_02_mir/recover-20221013/UBNA_001/20221012_030000.WAV,Telephone Field,recover-20221013,001,1795
86.1125,86.1211,27187,37473,Eptesicus serotinus,0.035,0.062,-1,Echolocation,/mnt/ubna_data_02_mir/recover-20221013/UBNA_001/20221012_030000.WAV,Telephone Field,recover-20221013,001,1795
86.1425,86.18299999999999,68437,82210,Rhinolophus ferrumequinum,0.029,0.029,-1,Echolocation,/mnt/ubna_data_02_mir/recover-20221013/UBNA_001/20221012_030000.WAV,Telephone Field,recover-20221013,001,1795
86.1775,86.1862,28046,38983,Eptesicus serotinus,0.008,0.023,-1,Echolocation,/mnt/ubna_data_02_mir/recover-20221013/UBNA_001/20221012_030000.WAV,Telephone Field,recover-20221013,001,1795
86.2225,86.2646,68437,82444,Rhinolophus ferrumequinum,0.027,0.027,-1,Echolocation,/mnt/ubna_data_02_mir/recover-20221013/UBNA_001/20221012_030000.WAV,Telephone Field,recover-20221013,001,1795
86.26050000000001,86.3005,68437,82100,Rhinolophus ferrumequinum,0.024,0.024,-1,Echolocation,/mnt/ubna_data_02_mir/recover-20221013/UBNA_001/20221012_030000.WAV,Telephone Field,recover-20221013,001,1795
86.2655,86.2744,27187,37111,Eptesicus serotinus,0.01,0.024,-1,Echolocation,/mnt/ubna_data_02_mir/recover-20221013/UBNA_001/20221012_030000.WAV,Telephone Field,recover-20221013,001,1795
86.2705,86.2789,28046,38736,Eptesicus serotinus,0.008,0.024,-1,Echolocation,/mnt/ubna_data_02_mir/recover-20221013/UBNA_001/20221012_030000.WAV,Telephone Field,recover-20221013,001,1795
86.2745,86.2928,20312,23370,Nyctalus leisleri,0.013,0.024,-1,Echolocation,/mnt/ubna_data_02_mir/recover-20221013/UBNA_001/20221012_030000.WAV,Telephone Field,recover-20221013,001,1795
86.2775,86.3173,68437,82579,Rhinolophus ferrumequinum,0.026,0.026,-1,Echolocation,/mnt/ubna_data_02_mir/recover-20221013/UBNA_001/20221012_030000.WAV,Telephone Field,recover-20221013,001,1795
86.3005,86.3105,26328,33547,Eptesicus serotinus,0.013,0.027,-1,Echolocation,/mnt/ubna_data_02_mir/recover-20221013/UBNA_001/20221012_030000.WAV,Telephone Field,recover-20221013,001,1795
86.3625,86.3712,30625,39178,Eptesicus serotinus,0.007,0.022,-1,Echolocation,/mnt/ubna_data_02_mir/recover-20221013/UBNA_001/20221012_030000.WAV,Telephone Field,recover-20221013,001,1795
86.3785,86.4142,68437,81732,Rhinolophus ferrumequinum,0.021,0.021,-1,Echolocation,/mnt/ubna_data_02_mir/recover-20221013/UBNA_001/20221012_030000.WAV,Telephone Field,recover-20221013,001,1795
86.4375,86.47749999999999,68437,82826,Rhinolophus ferrumequinum,0.024,0.024,-1,Echolocation,/mnt/ubna_data_02_mir/recover-20221013/UBNA_001/20221012_030000.WAV,Telephone Field,recover-20221013,001,1795
86.4485,86.46170000000001,23750,29491,Nyctalus leisleri,0.013,0.027,-1,Echolocation,/mnt/ubna_data_02_mir/recover-20221013/UBNA_001/20221012_030000.WAV,Telephone Field,recover-20221013,001,1795
86.4625,86.4981,68437,81285,Rhinolophus ferrumequinum,0.022,0.022,-1,Echolocation,/mnt/ubna_data_02_mir/recover-20221013/UBNA_001/20221012_030000.WAV,Telephone Field,recover-20221013,001,1795
86.4795,86.5158,68437,81553,Rhinolophus ferrumequinum,0.028,0.028,-1,Echolocation,/mnt/ubna_data_02_mir/recover-20221013/UBNA_001/20221012_030000.WAV,Telephone Field,recover-20221013,001,1795
86.5035,86.54599999999999,68437,82768,Rhinolophus ferrumequinum,0.029,0.029,-1,Echolocation,/mnt/ubna_data_02_mir/recover-20221013/UBNA_001/20221012_030000.WAV,Telephone Field,recover-20221013,001,1795
86.5065,86.515,28046,38694,Eptesicus serotinus,0.008,0.021,-1,Echolocation,/mnt/ubna_data_02_mir/recover-20221013/UBNA_001/20221012_030000.WAV,Telephone Field,recover-20221013,001,1795
86.5505,86.5591,28046,38244,Eptesicus serotinus,0.008,0.022,-1,Echolocation,/mnt/ubna_data_02_mir/recover-20221013/UBNA_001/20221012_030000.WAV,Telephone Field,recover-20221013,001,1795
86.5595,86.5968,68437,82443,Rhinolophus ferrumequinum,0.022,0.022,-1,Echolocation,/mnt/ubna_data_02_mir/recover-20221013/UBNA_001/20221012_030000.WAV,Telephone Field,recover-20221013,001,1795
86.5815,86.6191,68437,81873,Rhinolophus ferrumequinum,0.024,0.024,-1,Echolocation,/mnt/ubna_data_02_mir/recover-20221013/UBNA_001/20221012_030000.WAV,Telephone Field,recover-20221013,001,1795
86.5895,86.5999,24609,30985,Eptesicus serotinus,0.009,0.024,-1,Echolocation,/mnt/ubna_data_02_mir/recover-20221013/UBNA_001/20221012_030000.WAV,Telephone Field,recover-20221013,001,1795
86.66550000000001,86.70439999999999,68437,82015,Rhinolophus ferrumequinum,0.021,0.021,-1,Echolocation,/mnt/ubna_data_02_mir/recover-20221013/UBNA_001/20221012_030000.WAV,Telephone Field,recover-20221013,001,1795
86.6955,86.7367,68437,83001,Rhinolophus ferrumequinum,0.034,0.034,-1,Echolocation,/mnt/ubna_data_02_mir/recover-20221013/UBNA_001/20221012_030000.WAV,Telephone Field,recover-20221013,001,1795
86.7185,86.7279,28906,38541,Eptesicus serotinus,0.009,0.021,-1,Echolocation,/mnt/ubna_data_02_mir/recover-20221013/UBNA_001/20221012_030000.WAV,Telephone Field,recover-20221013,001,1795
86.72749999999999,86.7647,68437,82052,Rhinolophus ferrumequinum,0.022,0.022,-1,Echolocation,/mnt/ubna_data_02_mir/recover-20221013/UBNA_001/20221012_030000.WAV,Telephone Field,recover-20221013,001,1795
86.7715,86.7837,22890,26205,Nyctalus leisleri,0.019,0.03,-1,Echolocation,/mnt/ubna_data_02_mir/recover-20221013/UBNA_001/20221012_030000.WAV,Telephone Field,recover-20221013,001,1795
86.7735,86.8078,68437,81205,Rhinolophus ferrumequinum,0.022,0.022,-1,Echolocation,/mnt/ubna_data_02_mir/recover-20221013/UBNA_001/20221012_030000.WAV,Telephone Field,recover-20221013,001,1795
86.7865,86.7963,37500,43658,Pipistrellus nathusii,0.006,0.023,-1,Echolocation,/mnt/ubna_data_02_mir/recover-20221013/UBNA_001/20221012_030000.WAV,Telephone Field,recover-20221013,001,1795
86.8065,86.84649999999999,68437,82479,Rhinolophus ferrumequinum,0.022,0.022,-1,Echolocation,/mnt/ubna_data_02_mir/recover-20221013/UBNA_001/20221012_030000.WAV,Telephone Field,recover-20221013,001,1795
86.8065,86.81360000000001,46093,51386,Pipistrellus pipistrellus,0.028,0.03,-1,Echolocation,/mnt/ubna_data_02_mir/recover-20221013/UBNA_001/20221012_030000.WAV,Telephone Field,recover-20221013,001,1795
86.8845,86.8939,25468,34684,Eptesicus serotinus,0.01,0.026,-1,Echolocation,/mnt/ubna_data_02_mir/recover-20221013/UBNA_001/20221012_030000.WAV,Telephone Field,recover-20221013,001,1795
86.9015,86.939,68437,82272,Rhinolophus ferrumequinum,0.021,0.021,-1,Echolocation,/mnt/ubna_data_02_mir/recover-20221013/UBNA_001/20221012_030000.WAV,Telephone Field,recover-20221013,001,1795
86.90950000000001,86.949,68437,82137,Rhinolophus ferrumequinum,0.022,0.022,-1,Echolocation,/mnt/ubna_data_02_mir/recover-20221013/UBNA_001/20221012_030000.WAV,Telephone Field,recover-20221013,001,1795
86.9295,86.9668,68437,82012,Rhinolophus ferrumequinum,0.026,0.026,-1,Echolocation,/mnt/ubna_data_02_mir/recover-20221013/UBNA_001/20221012_030000.WAV,Telephone Field,recover-20221013,001,1795
86.9885,87.0244,68437,81962,Rhinolophus ferrumequinum,0.022,0.022,-1,Echolocation,/mnt/ubna_data_02_mir/recover-20221013/UBNA_001/20221012_030000.WAV,Telephone Field,recover-20221013,001,1795
86.9985,87.0365,68437,81879,Rhinolophus ferrumequinum,0.021,0.021,-1,Echolocation,/mnt/ubna_data_02_mir/recover-20221013/UBNA_001/20221012_030000.WAV,Telephone Field,recover-20221013,001,1795
87.0245,87.0349,25468,32054,Nyctalus leisleri,0.009,0.024,-1,Echolocation,/mnt/ubna_data_02_mir/recover-20221013/UBNA_001/20221012_030000.WAV,Telephone Field,recover-20221013,001,1795
87.0335,87.0715,68437,81858,Rhinolophus ferrumequinum,0.025,0.025,-1,Echolocation,/mnt/ubna_data_02_mir/recover-20221013/UBNA_001/20221012_030000.WAV,Telephone Field,recover-20221013,001,1795
87.0605,87.0666,28046,44535,Eptesicus serotinus,0.007,0.029,-1,Echolocation,/mnt/ubna_data_02_mir/recover-20221013/UBNA_001/20221012_030000.WAV,Telephone Field,recover-20221013,001,1795
87.0775,87.1142,68437,81765,Rhinolophus ferrumequinum,0.021,0.021,-1,Echolocation,/mnt/ubna_data_02_mir/recover-20221013/UBNA_001/20221012_030000.WAV,Telephone Field,recover-20221013,001,1795
87.0935,87.1314,68437,82165,Rhinolophus ferrumequinum,0.022,0.022,-1,Echolocation,/mnt/ubna_data_02_mir/recover-20221013/UBNA_001/20221012_030000.WAV,Telephone Field,recover-20221013,001,1795
87.1165,87.15350000000001,68437,82270,Rhinolophus ferrumequinum,0.023,0.023,-1,Echolocation,/mnt/ubna_data_02_mir/recover-20221013/UBNA_001/20221012_030000.WAV,Telephone Field,recover-20221013,001,1795
87.1275,87.1678,68437,82750,Rhinolophus ferrumequinum,0.026,0.026,-1,Echolocation,/mnt/ubna_data_02_mir/recover-20221013/UBNA_001/20221012_030000.WAV,Telephone Field,recover-20221013,001,1795
87.1275,87.1356,28046,41252,Eptesicus serotinus,0.009,0.025,-1,Echolocation,/mnt/ubna_data_02_mir/recover-20221013/UBNA_001/20221012_030000.WAV,Telephone Field,recover-20221013,001,1795
87.1365,87.1455,24609,31977,Eptesicus serotinus,0.007,0.022,-1,Echolocation,/mnt/ubna_data_02_mir/recover-20221013/UBNA_001/20221012_030000.WAV,Telephone Field,recover-20221013,001,1795
87.1585,87.1668,30625,42718,Myotis daubentonii,0.01,0.029,-1,Echolocation,/mnt/ubna_data_02_mir/recover-20221013/UBNA_001/20221012_030000.WAV,Telephone Field,recover-20221013,001,1795
87.1995,87.2094,49531,54365,Pipistrellus pipistrellus,0.05,0.055,-1,Echolocation,/mnt/ubna_data_02_mir/recover-20221013/UBNA_001/20221012_030000.WAV,Telephone Field,recover-20221013,001,1795
87.2175,87.2573,68437,82776,Rhinolophus ferrumequinum,0.026,0.026,-1,Echolocation,/mnt/ubna_data_02_mir/recover-20221013/UBNA_001/20221012_030000.WAV,Telephone Field,recover-20221013,001,1795
87.2445,87.2853,68437,82100,Rhinolophus ferrumequinum,0.023,0.023,-1,Echolocation,/mnt/ubna_data_02_mir/recover-20221013/UBNA_001/20221012_030000.WAV,Telephone Field,recover-20221013,001,1795
87.2595,87.2673,27187,39933,Eptesicus serotinus,0.007,0.022,-1,Echolocation,/mnt/ubna_data_02_mir/recover-20221013/UBNA_001/20221012_030000.WAV,Telephone Field,recover-20221013,001,1795
87.3115,87.3181,27187,42091,Eptesicus serotinus,0.006,0.022,-1,Echolocation,/mnt/ubna_data_02_mir/recover-20221013/UBNA_001/20221012_030000.WAV,Telephone Field,recover-20221013,001,1795
87.3575,87.3647,49531,55231,Pipistrellus pipistrellus,0.021,0.024,-1,Echolocation,/mnt/ubna_data_02_mir/recover-20221013/UBNA_001/20221012_030000.WAV,Telephone Field,recover-20221013,001,1795
87.4335,87.47370000000001,68437,82392,Rhinolophus ferrumequinum,0.027,0.027,-1,Echolocation,/mnt/ubna_data_02_mir/recover-20221013/UBNA_001/20221012_030000.WAV,Telephone Field,recover-20221013,001,1795
87.4425,87.4838,68437,82669,Rhinolophus ferrumequinum,0.022,0.022,-1,Echolocation,/mnt/ubna_data_02_mir/recover-20221013/UBNA_001/20221012_030000.WAV,Telephone Field,recover-20221013,001,1795
87.4615,87.49889999999999,68437,81763,Rhinolophus ferrumequinum,0.021,0.021,-1,Echolocation,/mnt/ubna_data_02_mir/recover-20221013/UBNA_001/20221012_030000.WAV,Telephone Field,recover-20221013,001,1795
87.4695,87.4784,23750,31200,Plecotus austriacus,0.007,0.022,-1,Echolocation,/mnt/ubna_data_02_mir/recover-20221013/UBNA_001/20221012_030000.WAV,Telephone Field,recover-20221013,001,1795
87.5565,87.59049999999999,68437,80357,Rhinolophus ferrumequinum,0.022,0.022,-1,Echolocation,/mnt/ubna_data_02_mir/recover-20221013/UBNA_001/20221012_030000.WAV,Telephone Field,recover-20221013,001,1795
87.5685,87.6088,68437,82080,Rhinolophus ferrumequinum,0.03,0.03,-1,Echolocation,/mnt/ubna_data_02_mir/recover-20221013/UBNA_001/20221012_030000.WAV,Telephone Field,recover-20221013,001,1795
87.5805,87.62,68437,82167,Rhinolophus ferrumequinum,0.023,0.023,-1,Echolocation,/mnt/ubna_data_02_mir/recover-20221013/UBNA_001/20221012_030000.WAV,Telephone Field,recover-20221013,001,1795
87.5925,87.6031,23750,29508,Nyctalus leisleri,0.01,0.027,-1,Echolocation,/mnt/ubna_data_02_mir/recover-20221013/UBNA_001/20221012_030000.WAV,Telephone Field,recover-20221013,001,1795
87.60849999999999,87.6156,27187,43602,Eptesicus serotinus,0.006,0.021,-1,Echolocation,/mnt/ubna_data_02_mir/recover-20221013/UBNA_001/20221012_030000.WAV,Telephone Field,recover-20221013,001,1795
87.6095,87.6461,68437,82135,Rhinolophus ferrumequinum,0.023,0.023,-1,Echolocation,/mnt/ubna_data_02_mir/recover-20221013/UBNA_001/20221012_030000.WAV,Telephone Field,recover-20221013,001,1795
87.6155,87.655,68437,82555,Rhinolophus ferrumequinum,0.023,0.023,-1,Echolocation,/mnt/ubna_data_02_mir/recover-20221013/UBNA_001/20221012_030000.WAV,Telephone Field,recover-20221013,001,1795
87.6235,87.65950000000001,68437,82046,Rhinolophus ferrumequinum,0.022,0.022,-1,Echolocation,/mnt/ubna_data_02_mir/recover-20221013/UBNA_001/20221012_030000.WAV,Telephone Field,recover-20221013,001,1795
87.6235,87.633,28046,35704,Eptesicus serotinus,0.01,0.023,-1,Echolocation,/mnt/ubna_data_02_mir/recover-20221013/UBNA_001/20221012_030000.WAV,Telephone Field,recover-20221013,001,1795
87.6855,87.6964,22890,27171,Nyctalus leisleri,0.014,0.026,-1,Echolocation,/mnt/ubna_data_02_mir/recover-20221013/UBNA_001/20221012_030000.WAV,Telephone Field,recover-20221013,001,1795
87.7365,87.74719999999999,28906,37250,Eptesicus serotinus,0.013,0.026,-1,Echolocation,/mnt/ubna_data_02_mir/recover-20221013/UBNA_001/20221012_030000.WAV,Telephone Field,recover-20221013,001,1795
87.7555,87.7942,68437,81678,Rhinolophus ferrumequinum,0.025,0.025,-1,Echolocation,/mnt/ubna_data_02_mir/recover-20221013/UBNA_001/20221012_030000.WAV,Telephone Field,recover-20221013,001,1795
87.76050000000001,87.7704,28906,36125,Eptesicus serotinus,0.01,0.022,-1,Echolocation,/mnt/ubna_data_02_mir/recover-20221013/UBNA_001/20221012_030000.WAV,Telephone Field,recover-20221013,001,1795
87.8275,87.866,68437,82404,Rhinolophus ferrumequinum,0.022,0.022,-1,Echolocation,/mnt/ubna_data_02_mir/recover-20221013/UBNA_001/20221012_030000.WAV,Telephone Field,recover-20221013,001,1795
87.8425,87.8762,68437,81116,Rhinolophus ferrumequinum,0.022,0.022,-1,Echolocation,/mnt/ubna_data_02_mir/recover-20221013/UBNA_001/20221012_030000.WAV,Telephone Field,recover-20221013,001,1795
87.9165,87.9585,68437,82956,Rhinolophus ferrumequinum,0.038,0.038,-1,Echolocation,/mnt/ubna_data_02_mir/recover-20221013/UBNA_001/20221012_030000.WAV,Telephone Field,recover-20221013,001,1795
87.9475,87.991,68437,83034,Rhinolophus ferrumequinum,0.036,0.036,-1,Echolocation,/mnt/ubna_data_02_mir/recover-20221013/UBNA_001/20221012_030000.WAV,Telephone Field,recover-20221013,001,1795
87.97149999999999,87.9798,28046,41748,Eptesicus serotinus,0.008,0.022,-1,Echolocation,/mnt/ubna_data_02_mir/recover-20221013/UBNA_001/20221012_030000.WAV,Telephone Field,recover-20221013,001,1795
88.0015,88.031,68437,79836,Rhinolophus ferrumequinum,0.028,0.028,-1,Echolocation,/mnt/ubna_data_02_mir/recover-20221013/UBNA_001/20221012_030000.WAV,Telephone Field,recover-20221013,001,1795
88.0015,88.01,23750,32167,Nyctalus leisleri,0.008,0.028,-1,Echolocation,/mnt/ubna_data_02_mir/recover-20221013/UBNA_001/20221012_030000.WAV,Telephone Field,recover-20221013,001,1795
88.0015,88.0172,17734,22581,Nyctalus leisleri,0.015,0.034,-1,Echolocation,/mnt/ubna_data_02_mir/recover-20221013/UBNA_001/20221012_030000.WAV,Telephone Field,recover-20221013,001,1795
88.0015,88.0127,47812,53707,Pipistrellus pipistrellus,0.028,0.035,-1,Echolocation,/mnt/ubna_data_02_mir/recover-20221013/UBNA_001/20221012_030000.WAV,Telephone Field,recover-20221013,001,1795
88.0125,88.0228,22890,27753,Nyctalus leisleri,0.011,0.023,-1,Echolocation,/mnt/ubna_data_02_mir/recover-20221013/UBNA_001/20221012_030000.WAV,Telephone Field,recover-20221013,001,1795
88.02250000000001,88.0618,68437,81975,Rhinolophus ferrumequinum,0.022,0.022,-1,Echolocation,/mnt/ubna_data_02_mir/recover-20221013/UBNA_001/20221012_030000.WAV,Telephone Field,recover-20221013,001,1795
88.0275,88.035,28046,39023,Eptesicus serotinus,0.007,0.023,-1,Echolocation,/mnt/ubna_data_02_mir/recover-20221013/UBNA_001/20221012_030000.WAV,Telephone Field,recover-20221013,001,1795
88.0495,88.0602,23750,29432,Nyctalus leisleri,0.01,0.022,-1,Echolocation,/mnt/ubna_data_02_mir/recover-20221013/UBNA_001/20221012_030000.WAV,Telephone Field,recover-20221013,001,1795
88.0955,88.1029,28906,37965,Eptesicus serotinus,0.006,0.023,-1,Echolocation,/mnt/ubna_data_02_mir/recover-20221013/UBNA_001/20221012_030000.WAV,Telephone Field,recover-20221013,001,1795
88.1525,88.1604,22890,32692,Plecotus austriacus,0.014,0.03,-1,Echolocation,/mnt/ubna_data_02_mir/recover-20221013/UBNA_001/20221012_030000.WAV,Telephone Field,recover-20221013,001,1795
88.1545,88.1623,28906,40228,Eptesicus serotinus,0.009,0.027,-1,Echolocation,/mnt/ubna_data_02_mir/recover-20221013/UBNA_001/20221012_030000.WAV,Telephone Field,recover-20221013,001,1795
88.2745,88.3125,68437,82290,Rhinolophus ferrumequinum,0.023,0.023,-1,Echolocation,/mnt/ubna_data_02_mir/recover-20221013/UBNA_001/20221012_030000.WAV,Telephone Field,recover-20221013,001,1795
88.2745,88.2875,30625,36944,Eptesicus serotinus,0.013,0.028,-1,Echolocation,/mnt/ubna_data_02_mir/recover-20221013/UBNA_001/20221012_030000.WAV,Telephone Field,recover-20221013,001,1795
88.3115,88.35249999999999,68437,82351,Rhinolophus ferrumequinum,0.029,0.029,-1,Echolocation,/mnt/ubna_data_02_mir/recover-20221013/UBNA_001/20221012_030000.WAV,Telephone Field,recover-20221013,001,1795
88.3435,88.3798,68437,81865,Rhinolophus ferrumequinum,0.024,0.024,-1,Echolocation,/mnt/ubna_data_02_mir/recover-20221013/UBNA_001/20221012_030000.WAV,Telephone Field,recover-20221013,001,1795
88.3475,88.3569,22890,29935,Plecotus austriacus,0.007,0.022,-1,Echolocation,/mnt/ubna_data_02_mir/recover-20221013/UBNA_001/20221012_030000.WAV,Telephone Field,recover-20221013,001,1795
88.37950000000001,88.4264,68437,83748,Rhinolophus ferrumequinum,0.036,0.036,-1,Echolocation,/mnt/ubna_data_02_mir/recover-20221013/UBNA_001/20221012_030000.WAV,Telephone Field,recover-20221013,001,1795
88.3825,88.3912,28046,36060,Eptesicus serotinus,0.008,0.022,-1,Echolocation,/mnt/ubna_data_02_mir/recover-20221013/UBNA_001/20221012_030000.WAV,Telephone Field,recover-20221013,001,1795
88.4745,88.5128,68437,82410,Rhinolophus ferrumequinum,0.022,0.022,-1,Echolocation,/mnt/ubna_data_02_mir/recover-20221013/UBNA_001/20221012_030000.WAV,Telephone Field,recover-20221013,001,1795
88.4905,88.5296,68437,82577,Rhinolophus ferrumequinum,0.03,0.03,-1,Echolocation,/mnt/ubna_data_02_mir/recover-20221013/UBNA_001/20221012_030000.WAV,Telephone Field,recover-20221013,001,1795
88.5095,88.5171,58125,63334,Pipistrellus pygmaeus,0.025,0.025,-1,Echolocation,/mnt/ubna_data_02_mir/recover-20221013/UBNA_001/20221012_030000.WAV,Telephone Field,recover-20221013,001,1795
88.5115,88.5563,68437,83504,Rhinolophus ferrumequinum,0.04,0.04,-1,Echolocation,/mnt/ubna_data_02_mir/recover-20221013/UBNA_001/20221012_030000.WAV,Telephone Field,recover-20221013,001,1795
88.5335,88.57300000000001,68437,81973,Rhinolophus ferrumequinum,0.022,0.022,-1,Echolocation,/mnt/ubna_data_02_mir/recover-20221013/UBNA_001/20221012_030000.WAV,Telephone Field,recover-20221013,001,1795
88.5505,88.55930000000001,26328,34245,Eptesicus serotinus,0.008,0.021,-1,Echolocation,/mnt/ubna_data_02_mir/recover-20221013/UBNA_001/20221012_030000.WAV,Telephone Field,recover-20221013,001,1795
88.5745,88.60849999999999,68437,81024,Rhinolophus ferrumequinum,0.024,0.024,-1,Echolocation,/mnt/ubna_data_02_mir/recover-20221013/UBNA_001/20221012_030000.WAV,Telephone Field,recover-20221013,001,1795
88.5865,88.6273,68437,82338,Rhinolophus ferrumequinum,0.023,0.023,-1,Echolocation,/mnt/ubna_data_02_mir/recover-20221013/UBNA_001/20221012_030000.WAV,Telephone Field,recover-20221013,001,1795
88.59649999999999,88.6079,22031,26012,Nyctalus leisleri,0.014,0.025,-1,Echolocation,/mnt/ubna_data_02_mir/recover-20221013/UBNA_001/20221012_030000.WAV,Telephone Field,recover-20221013,001,1795
88.64150000000001,88.6488,48671,53651,Pipistrellus pipistrellus,0.023,0.025,-1,Echolocation,/mnt/ubna_data_02_mir/recover-20221013/UBNA_001/20221012_030000.WAV,Telephone Field,recover-20221013,001,1795
88.6615,88.7016,68437,82497,Rhinolophus ferrumequinum,0.024,0.024,-1,Echolocation,/mnt/ubna_data_02_mir/recover-20221013/UBNA_001/20221012_030000.WAV,Telephone Field,recover-20221013,001,1795
88.6675,88.678,27187,36359,Eptesicus serotinus,0.014,0.03,-1,Echolocation,/mnt/ubna_data_02_mir/recover-20221013/UBNA_001/20221012_030000.WAV,Telephone Field,recover-20221013,001,1795
88.6915,88.7332,68437,83038,Rhinolophus ferrumequinum,0.024,0.025,-1,Echolocation,/mnt/ubna_data_02_mir/recover-20221013/UBNA_001/20221012_030000.WAV,Telephone Field,recover-20221013,001,1795
88.7115,88.7176,28046,42069,Eptesicus serotinus,0.005,0.026,-1,Echolocation,/mnt/ubna_data_02_mir/recover-20221013/UBNA_001/20221012_030000.WAV,Telephone Field,recover-20221013,001,1795
88.7125,88.7217,22890,29592,Plecotus austriacus,0.009,0.026,-1,Echolocation,/mnt/ubna_data_02_mir/recover-20221013/UBNA_001/20221012_030000.WAV,Telephone Field,recover-20221013,001,1795
88.7175,88.75540000000001,68437,82306,Rhinolophus ferrumequinum,0.021,0.022,-1,Echolocation,/mnt/ubna_data_02_mir/recover-20221013/UBNA_001/20221012_030000.WAV,Telephone Field,recover-20221013,001,1795
88.7805,88.7903,45234,47931,Pipistrellus pipistrellus,0.024,0.026,-1,Echolocation,/mnt/ubna_data_02_mir/recover-20221013/UBNA_001/20221012_030000.WAV,Telephone Field,recover-20221013,001,1795
88.8045,88.8455,68437,82549,Rhinolophus ferrumequinum,0.039,0.039,-1,Echolocation,/mnt/ubna_data_02_mir/recover-20221013/UBNA_001/20221012_030000.WAV,Telephone Field,recover-20221013,001,1795
88.8085,88.8146,28046,44979,Eptesicus serotinus,0.006,0.025,-1,Echolocation,/mnt/ubna_data_02_mir/recover-20221013/UBNA_001/20221012_030000.WAV,Telephone Field,recover-20221013,001,1795
88.8275,88.8693,68437,82950,Rhinolophus ferrumequinum,0.022,0.022,-1,Echolocation,/mnt/ubna_data_02_mir/recover-20221013/UBNA_001/20221012_030000.WAV,Telephone Field,recover-20221013,001,1795
88.8355,88.8783,68437,83288,Rhinolophus ferrumequinum,0.023,0.023,-1,Echolocation,/mnt/ubna_data_02_mir/recover-20221013/UBNA_001/20221012_030000.WAV,Telephone Field,recover-20221013,001,1795
88.8595,88.86959999999999,28046,36245,Eptesicus serotinus,0.016,0.032,-1,Echolocation,/mnt/ubna_data_02_mir/recover-20221013/UBNA_001/20221012_030000.WAV,Telephone Field,recover-20221013,001,1795
88.8625,88.8999,68437,81742,Rhinolophus ferrumequinum,0.021,0.022,-1,Echolocation,/mnt/ubna_data_02_mir/recover-20221013/UBNA_001/20221012_030000.WAV,Telephone Field,recover-20221013,001,1795
88.92150000000001,88.961,68437,82015,Rhinolophus ferrumequinum,0.021,0.021,-1,Echolocation,/mnt/ubna_data_02_mir/recover-20221013/UBNA_001/20221012_030000.WAV,Telephone Field,recover-20221013,001,1795
88.9625,88.9719,25468,33483,Eptesicus serotinus,0.008,0.022,-1,Echolocation,/mnt/ubna_data_02_mir/recover-20221013/UBNA_001/20221012_030000.WAV,Telephone Field,recover-20221013,001,1795
88.9945,89.0373,68437,82650,Rhinolophus ferrumequinum,0.049,0.049,-1,Echolocation,/mnt/ubna_data_02_mir/recover-20221013/UBNA_001/20221012_030000.WAV,Telephone Field,recover-20221013,001,1795
89.0015,89.0094,28046,39316,Eptesicus serotinus,0.008,0.023,-1,Echolocation,/mnt/ubna_data_02_mir/recover-20221013/UBNA_001/20221012_030000.WAV,Telephone Field,recover-20221013,001,1795
89.04050000000001,89.0783,68437,82178,Rhinolophus ferrumequinum,0.023,0.024,-1,Echolocation,/mnt/ubna_data_02_mir/recover-20221013/UBNA_001/20221012_030000.WAV,Telephone Field,recover-20221013,001,1795
89.0945,89.1149,16875,21813,Nyctalus noctula,0.018,0.024,-1,Echolocation,/mnt/ubna_data_02_mir/recover-20221013/UBNA_001/20221012_030000.WAV,Telephone Field,recover-20221013,001,1795
89.1035,89.14320000000001,68437,82057,Rhinolophus ferrumequinum,0.033,0.033,-1,Echolocation,/mnt/ubna_data_02_mir/recover-20221013/UBNA_001/20221012_030000.WAV,Telephone Field,recover-20221013,001,1795
89.1315,89.1705,68437,82058,Rhinolophus ferrumequinum,0.025,0.025,-1,Echolocation,/mnt/ubna_data_02_mir/recover-20221013/UBNA_001/20221012_030000.WAV,Telephone Field,recover-20221013,001,1795
89.1875,89.226,68437,81925,Rhinolophus ferrumequinum,0.037,0.037,-1,Echolocation,/mnt/ubna_data_02_mir/recover-20221013/UBNA_001/20221012_030000.WAV,Telephone Field,recover-20221013,001,1795
89.1995,89.2074,24609,32952,Plecotus austriacus,0.007,0.022,-1,Echolocation,/mnt/ubna_data_02_mir/recover-20221013/UBNA_001/20221012_030000.WAV,Telephone Field,recover-20221013,001,1795
89.2075,89.2158,44375,55346,Pipistrellus pipistrellus,0.016,0.027,-1,Echolocation,/mnt/ubna_data_02_mir/recover-20221013/UBNA_001/20221012_030000.WAV,Telephone Field,recover-20221013,001,1795
89.2315,89.2657,68437,81017,Rhinolophus ferrumequinum,0.023,0.023,-1,Echolocation,/mnt/ubna_data_02_mir/recover-20221013/UBNA_001/20221012_030000.WAV,Telephone Field,recover-20221013,001,1795
89.2525,89.2926,68437,81982,Rhinolophus ferrumequinum,0.021,0.021,-1,Echolocation,/mnt/ubna_data_02_mir/recover-20221013/UBNA_001/20221012_030000.WAV,Telephone Field,recover-20221013,001,1795
89.2695,89.3094,68437,82238,Rhinolophus ferrumequinum,0.023,0.023,-1,Echolocation,/mnt/ubna_data_02_mir/recover-20221013/UBNA_001/20221012_030000.WAV,Telephone Field,recover-20221013,001,1795
89.3515,89.3596,22890,30801,Plecotus austriacus,0.011,0.024,-1,Echolocation,/mnt/ubna_data_02_mir/recover-20221013/UBNA_001/20221012_030000.WAV,Telephone Field,recover-20221013,001,1795
89.35249999999999,89.39,68437,82087,Rhinolophus ferrumequinum,0.022,0.022,-1,Echolocation,/mnt/ubna_data_02_mir/recover-20221013/UBNA_001/20221012_030000.WAV,Telephone Field,recover-20221013,001,1795
89.3755,89.3812,25468,40096,Plecotus austriacus,0.013,0.039,-1,Echolocation,/mnt/ubna_data_02_mir/recover-20221013/UBNA_001/20221012_030000.WAV,Telephone Field,recover-20221013,001,1795
89.3845,89.4205,68437,81594,Rhinolophus ferrumequinum,0.023,0.023,-1,Echolocation,/mnt/ubna_data_02_mir/recover-20221013/UBNA_001/20221012_030000.WAV,Telephone Field,recover-20221013,001,1795
89.39150000000001,89.4298,68437,81922,Rhinolophus ferrumequinum,0.023,0.023,-1,Echolocation,/mnt/ubna_data_02_mir/recover-20221013/UBNA_001/20221012_030000.WAV,Telephone Field,recover-20221013,001,1795
89.4185,89.4254,27187,39579,Eptesicus serotinus,0.005,0.022,-1,Echolocation,/mnt/ubna_data_02_mir/recover-20221013/UBNA_001/20221012_030000.WAV,Telephone Field,recover-20221013,001,1795
89.4485,89.4592,23750,28954,Nyctalus leisleri,0.011,0.022,-1,Echolocation,/mnt/ubna_data_02_mir/recover-20221013/UBNA_001/20221012_030000.WAV,Telephone Field,recover-20221013,001,1795
89.4545,89.4945,68437,81993,Rhinolophus ferrumequinum,0.021,0.021,-1,Echolocation,/mnt/ubna_data_02_mir/recover-20221013/UBNA_001/20221012_030000.WAV,Telephone Field,recover-20221013,001,1795
89.4915,89.5287,68437,81346,Rhinolophus ferrumequinum,0.021,0.021,-1,Echolocation,/mnt/ubna_data_02_mir/recover-20221013/UBNA_001/20221012_030000.WAV,Telephone Field,recover-20221013,001,1795
89.5185,89.5289,23750,29838,Nyctalus leisleri,0.011,0.026,-1,Echolocation,/mnt/ubna_data_02_mir/recover-20221013/UBNA_001/20221012_030000.WAV,Telephone Field,recover-20221013,001,1795
89.5635,89.60249999999999,68437,81965,Rhinolophus ferrumequinum,0.025,0.025,-1,Echolocation,/mnt/ubna_data_02_mir/recover-20221013/UBNA_001/20221012_030000.WAV,Telephone Field,recover-20221013,001,1795
89.5995,89.64150000000001,68437,83082,Rhinolophus ferrumequinum,0.031,0.031,-1,Echolocation,/mnt/ubna_data_02_mir/recover-20221013/UBNA_001/20221012_030000.WAV,Telephone Field,recover-20221013,001,1795
89.6345,89.6435,24609,32104,Eptesicus serotinus,0.007,0.023,-1,Echolocation,/mnt/ubna_data_02_mir/recover-20221013/UBNA_001/20221012_030000.WAV,Telephone Field,recover-20221013,001,1795
89.6385,89.6808,68437,83313,Rhinolophus ferrumequinum,0.026,0.026,-1,Echolocation,/mnt/ubna_data_02_mir/recover-20221013/UBNA_001/20221012_030000.WAV,Telephone Field,recover-20221013,001,1795
89.64750000000001,89.6559,28046,38835,Eptesicus serotinus,0.01,0.025,-1,Echolocation,/mnt/ubna_data_02_mir/recover-20221013/UBNA_001/20221012_030000.WAV,Telephone Field,recover-20221013,001,1795
89.6735,89.7149,68437,83253,Rhinolophus ferrumequinum,0.032,0.032,-1,Echolocation,/mnt/ubna_data_02_mir/recover-20221013/UBNA_001/20221012_030000.WAV,Telephone Field,recover-20221013,001,1795
89.7045,89.712,23750,32571,Plecotus austriacus,0.011,0.026,-1,Echolocation,/mnt/ubna_data_02_mir/recover-20221013/UBNA_001/20221012_030000.WAV,Telephone Field,recover-20221013,001,1795
89.7315,89.7727,68437,81801,Rhinolophus ferrumequinum,0.023,0.023,-1,Echolocation,/mnt/ubna_data_02_mir/recover-20221013/UBNA_001/20221012_030000.WAV,Telephone Field,recover-20221013,001,1795
89.7345,89.7442,22890,30103,Plecotus austriacus,0.009,0.027,-1,Echolocation,/mnt/ubna_data_02_mir/recover-20221013/UBNA_001/20221012_030000.WAV,Telephone Field,recover-20221013,001,1795
89.7405,89.7485,28906,38313,Eptesicus serotinus,0.008,0.022,-1,Echolocation,/mnt/ubna_data_02_mir/recover-20221013/UBNA_001/20221012_030000.WAV,Telephone Field,recover-20221013,001,1795
89.7765,89.8124,68437,81734,Rhinolophus ferrumequinum,0.021,0.021,-1,Echolocation,/mnt/ubna_data_02_mir/recover-20221013/UBNA_001/20221012_030000.WAV,Telephone Field,recover-20221013,001,1795
89.7835,89.7906,34062,41581,Myotis daubentonii,0.009,0.024,-1,Echolocation,/mnt/ubna_data_02_mir/recover-20221013/UBNA_001/20221012_030000.WAV,Telephone Field,recover-20221013,001,1795
89.8105,89.8523,68437,82338,Rhinolophus ferrumequinum,0.022,0.022,-1,Echolocation,/mnt/ubna_data_02_mir/recover-20221013/UBNA_001/20221012_030000.WAV,Telephone Field,recover-20221013,001,1795
89.8355,89.8729,68437,81537,Rhinolophus ferrumequinum,0.023,0.023,-1,Echolocation,/mnt/ubna_data_02_mir/recover-20221013/UBNA_001/20221012_030000.WAV,Telephone Field,recover-20221013,001,1795
89.85849999999999,89.8983,68437,82411,Rhinolophus ferrumequinum,0.027,0.027,-1,Echolocation,/mnt/ubna_data_02_mir/recover-20221013/UBNA_001/20221012_030000.WAV,Telephone Field,recover-20221013,001,1795
89.8965,89.9039,28906,38875,Eptesicus serotinus,0.009,0.026,-1,Echolocation,/mnt/ubna_data_02_mir/recover-20221013/UBNA_001/20221012_030000.WAV,Telephone Field,recover-20221013,001,1795
89.9085,89.9473,68437,81759,Rhinolophus ferrumequinum,0.022,0.022,-1,Echolocation,/mnt/ubna_data_02_mir/recover-20221013/UBNA_001/20221012_030000.WAV,Telephone Field,recover-20221013,001,1795
89.9165,89.953,68437,81650,Rhinolophus ferrumequinum,0.023,0.023,-1,Echolocation,/mnt/ubna_data_02_mir/recover-20221013/UBNA_001/20221012_030000.WAV,Telephone Field,recover-20221013,001,1795
89.9395,89.973,68437,80959,Rhinolophus ferrumequinum,0.043,0.044,-1,Echolocation,/mnt/ubna_data_02_mir/recover-20221013/UBNA_001/20221012_030000.WAV,Telephone Field,recover-20221013,001,1795
89.9395,89.9481,28046,37465,Eptesicus serotinus,0.009,0.025,-1,Echolocation,/mnt/ubna_data_02_mir/recover-20221013/UBNA_001/20221012_030000.WAV,Telephone Field,recover-20221013,001,1795
89.9795,89.987,29765,39889,Eptesicus serotinus,0.007,0.024,-1,Echolocation,/mnt/ubna_data_02_mir/recover-20221013/UBNA_001/20221012_030000.WAV,Telephone Field,recover-20221013,001,1795
89.9825,89.99,34062,41252,Myotis daubentonii,0.007,0.024,-1,Echolocation,/mnt/ubna_data_02_mir/recover-20221013/UBNA_001/20221012_030000.WAV,Telephone Field,recover-20221013,001,1795
90.0015,90.0086,45234,50424,Pipistrellus pipistrellus,0.019,0.024,-1,Echolocation,/mnt/ubna_data_02_mir/recover-20221013/UBNA_001/20221012_030000.WAV,Telephone Field,recover-20221013,001,1795
90.0015,90.0127,22031,27272,Nyctalus leisleri,0.019,0.04,-1,Echolocation,/mnt/ubna_data_02_mir/recover-20221013/UBNA_001/20221012_030000.WAV,Telephone Field,recover-20221013,001,1795
90.0595,90.0992,68437,82482,Rhinolophus ferrumequinum,0.038,0.038,-1,Echolocation,/mnt/ubna_data_02_mir/recover-20221013/UBNA_001/20221012_030000.WAV,Telephone Field,recover-20221013,001,1795
90.0685,90.0772,28046,39038,Eptesicus serotinus,0.008,0.021,-1,Echolocation,/mnt/ubna_data_02_mir/recover-20221013/UBNA_001/20221012_030000.WAV,Telephone Field,recover-20221013,001,1795
90.1015,90.1098,24609,33652,Plecotus austriacus,0.01,0.033,-1,Echolocation,/mnt/ubna_data_02_mir/recover-20221013/UBNA_001/20221012_030000.WAV,Telephone Field,recover-20221013,001,1795
90.1065,90.1466,68437,82608,Rhinolophus ferrumequinum,0.023,0.023,-1,Echolocation,/mnt/ubna_data_02_mir/recover-20221013/UBNA_001/20221012_030000.WAV,Telephone Field,recover-20221013,001,1795
90.1185,90.1593,68437,82800,Rhinolophus ferrumequinum,0.021,0.022,-1,Echolocation,/mnt/ubna_data_02_mir/recover-20221013/UBNA_001/20221012_030000.WAV,Telephone Field,recover-20221013,001,1795
90.1485,90.1568,26328,34980,Eptesicus serotinus,0.009,0.024,-1,Echolocation,/mnt/ubna_data_02_mir/recover-20221013/UBNA_001/20221012_030000.WAV,Telephone Field,recover-20221013,001,1795
90.1735,90.1868,14296,18726,Nyctalus noctula,0.037,0.058,-1,Echolocation,/mnt/ubna_data_02_mir/recover-20221013/UBNA_001/20221012_030000.WAV,Telephone Field,recover-20221013,001,1795
90.1955,90.2043,28046,37627,Eptesicus serotinus,0.008,0.023,-1,Echolocation,/mnt/ubna_data_02_mir/recover-20221013/UBNA_001/20221012_030000.WAV,Telephone Field,recover-20221013,001,1795
90.2305,90.2385,27187,38392,Eptesicus serotinus,0.01,0.028,-1,Echolocation,/mnt/ubna_data_02_mir/recover-20221013/UBNA_001/20221012_030000.WAV,Telephone Field,recover-20221013,001,1795
90.2315,90.2393,22890,31673,Plecotus austriacus,0.014,0.028,-1,Echolocation,/mnt/ubna_data_02_mir/recover-20221013/UBNA_001/20221012_030000.WAV,Telephone Field,recover-20221013,001,1795
90.2435,90.2834,68437,82074,Rhinolophus ferrumequinum,0.025,0.025,-1,Echolocation,/mnt/ubna_data_02_mir/recover-20221013/UBNA_001/20221012_030000.WAV,Telephone Field,recover-20221013,001,1795
90.2685,90.279,23750,29388,Nyctalus leisleri,0.012,0.026,-1,Echolocation,/mnt/ubna_data_02_mir/recover-20221013/UBNA_001/20221012_030000.WAV,Telephone Field,recover-20221013,001,1795
90.2855,90.3243,68437,82239,Rhinolophus ferrumequinum,0.021,0.021,-1,Echolocation,/mnt/ubna_data_02_mir/recover-20221013/UBNA_001/20221012_030000.WAV,Telephone Field,recover-20221013,001,1795
90.3145,90.352,68437,82394,Rhinolophus ferrumequinum,0.022,0.022,-1,Echolocation,/mnt/ubna_data_02_mir/recover-20221013/UBNA_001/20221012_030000.WAV,Telephone Field,recover-20221013,001,1795
90.3315,90.3722,68437,82776,Rhinolophus ferrumequinum,0.025,0.025,-1,Echolocation,/mnt/ubna_data_02_mir/recover-20221013/UBNA_001/20221012_030000.WAV,Telephone Field,recover-20221013,001,1795
90.3445,90.386,68437,82506,Rhinolophus ferrumequinum,0.03,0.03,-1,Echolocation,/mnt/ubna_data_02_mir/recover-20221013/UBNA_001/20221012_030000.WAV,Telephone Field,recover-20221013,001,1795
90.3685,90.4077,68437,81615,Rhinolophus ferrumequinum,0.021,0.021,-1,Echolocation,/mnt/ubna_data_02_mir/recover-20221013/UBNA_001/20221012_030000.WAV,Telephone Field,recover-20221013,001,1795
90.3735,90.384,22031,26675,Nyctalus leisleri,0.01,0.021,-1,Echolocation,/mnt/ubna_data_02_mir/recover-20221013/UBNA_001/20221012_030000.WAV,Telephone Field,recover-20221013,001,1795
90.3915,90.4278,68437,81993,Rhinolophus ferrumequinum,0.021,0.021,-1,Echolocation,/mnt/ubna_data_02_mir/recover-20221013/UBNA_001/20221012_030000.WAV,Telephone Field,recover-20221013,001,1795
90.3975,90.4062,23750,33594,Plecotus austriacus,0.008,0.025,-1,Echolocation,/mnt/ubna_data_02_mir/recover-20221013/UBNA_001/20221012_030000.WAV,Telephone Field,recover-20221013,001,1795
90.5115,90.5517,68437,82558,Rhinolophus ferrumequinum,0.023,0.023,-1,Echolocation,/mnt/ubna_data_02_mir/recover-20221013/UBNA_001/20221012_030000.WAV,Telephone Field,recover-20221013,001,1795
90.5485,90.5842,68437,81508,Rhinolophus ferrumequinum,0.023,0.023,-1,Echolocation,/mnt/ubna_data_02_mir/recover-20221013/UBNA_001/20221012_030000.WAV,Telephone Field,recover-20221013,001,1795
90.5595,90.5986,68437,82459,Rhinolophus ferrumequinum,0.025,0.025,-1,Echolocation,/mnt/ubna_data_02_mir/recover-20221013/UBNA_001/20221012_030000.WAV,Telephone Field,recover-20221013,001,1795
90.6115,90.6485,68437,82203,Rhinolophus ferrumequinum,0.023,0.023,-1,Echolocation,/mnt/ubna_data_02_mir/recover-20221013/UBNA_001/20221012_030000.WAV,Telephone Field,recover-20221013,001,1795
90.6515,90.696,68437,83078,Rhinolophus ferrumequinum,0.047,0.047,-1,Echolocation,/mnt/ubna_data_02_mir/recover-20221013/UBNA_001/20221012_030000.WAV,Telephone Field,recover-20221013,001,1795
90.7045,90.7198,28906,34466,Eptesicus serotinus,0.025,0.04,-1,Echolocation,/mnt/ubna_data_02_mir/recover-20221013/UBNA_001/20221012_030000.WAV,Telephone Field,recover-20221013,001,1795
90.7055,90.7437,68437,81943,Rhinolophus ferrumequinum,0.023,0.023,-1,Echolocation,/mnt/ubna_data_02_mir/recover-20221013/UBNA_001/20221012_030000.WAV,Telephone Field,recover-20221013,001,1795
90.7355,90.775,68437,81635,Rhinolophus ferrumequinum,0.023,0.023,-1,Echolocation,/mnt/ubna_data_02_mir/recover-20221013/UBNA_001/20221012_030000.WAV,Telephone Field,recover-20221013,001,1795
90.7615,90.8045,68437,81943,Rhinolophus ferrumequinum,0.05,0.05,-1,Echolocation,/mnt/ubna_data_02_mir/recover-20221013/UBNA_001/20221012_030000.WAV,Telephone Field,recover-20221013,001,1795
90.8095,90.8481,68437,82205,Rhinolophus ferrumequinum,0.024,0.024,-1,Echolocation,/mnt/ubna_data_02_mir/recover-20221013/UBNA_001/20221012_030000.WAV,Telephone Field,recover-20221013,001,1795
90.8105,90.8214,22890,27930,Nyctalus leisleri,0.013,0.026,-1,Echolocation,/mnt/ubna_data_02_mir/recover-20221013/UBNA_001/20221012_030000.WAV,Telephone Field,recover-20221013,001,1795
90.8305,90.8693,68437,82250,Rhinolophus ferrumequinum,0.021,0.021,-1,Echolocation,/mnt/ubna_data_02_mir/recover-20221013/UBNA_001/20221012_030000.WAV,Telephone Field,recover-20221013,001,1795
90.8355,90.8469,23750,28770,Nyctalus leisleri,0.013,0.025,-1,Echolocation,/mnt/ubna_data_02_mir/recover-20221013/UBNA_001/20221012_030000.WAV,Telephone Field,recover-20221013,001,1795
90.8485,90.8887,68437,82839,Rhinolophus ferrumequinum,0.029,0.029,-1,Echolocation,/mnt/ubna_data_02_mir/recover-20221013/UBNA_001/20221012_030000.WAV,Telephone Field,recover-20221013,001,1795
90.8915,90.9001,28906,37646,Eptesicus serotinus,0.007,0.021,-1,Echolocation,/mnt/ubna_data_02_mir/recover-20221013/UBNA_001/20221012_030000.WAV,Telephone Field,recover-20221013,001,1795
90.9445,90.9551,22890,29284,Nyctalus leisleri,0.008,0.021,-1,Echolocation,/mnt/ubna_data_02_mir/recover-20221013/UBNA_001/20221012_030000.WAV,Telephone Field,recover-20221013,001,1795
90.9585,91.0017,68437,83384,Rhinolophus ferrumequinum,0.032,0.032,-1,Echolocation,/mnt/ubna_data_02_mir/recover-20221013/UBNA_001/20221012_030000.WAV,Telephone Field,recover-20221013,001,1795
90.9685,90.9742,47812,52687,Pipistrellus pipistrellus,0.019,0.021,-1,Echolocation,/mnt/ubna_data_02_mir/recover-20221013/UBNA_001/20221012_030000.WAV,Telephone Field,recover-20221013,001,1795
90.9895,91.0002,28046,35999,Eptesicus serotinus,0.012,0.026,-1,Echolocation,/mnt/ubna_data_02_mir/recover-20221013/UBNA_001/20221012_030000.WAV,Telephone Field,recover-20221013,001,1795
91.0105,91.0448,68437,81350,Rhinolophus ferrumequinum,0.022,0.022,-1,Echolocation,/mnt/ubna_data_02_mir/recover-20221013/UBNA_001/20221012_030000.WAV,Telephone Field,recover-20221013,001,1795
91.0195,91.0573,68437,82098,Rhinolophus ferrumequinum,0.03,0.03,-1,Echolocation,/mnt/ubna_data_02_mir/recover-20221013/UBNA_001/20221012_030000.WAV,Telephone Field,recover-20221013,001,1795
91.0355,91.044,25468,33482,Eptesicus serotinus,0.008,0.022,-1,Echolocation,/mnt/ubna_data_02_mir/recover-20221013/UBNA_001/20221012_030000.WAV,Telephone Field,recover-20221013,001,1795
91.0525,91.0628,22890,27526,Nyctalus leisleri,0.014,0.029,-1,Echolocation,/mnt/ubna_data_02_mir/recover-20221013/UBNA_001/20221012_030000.WAV,Telephone Field,recover-20221013,001,1795
91.0795,91.1182,68437,82540,Rhinolophus ferrumequinum,0.022,0.022,-1,Echolocation,/mnt/ubna_data_02_mir/recover-20221013/UBNA_001/20221012_030000.WAV,Telephone Field,recover-20221013,001,1795
91.0845,91.0951,33203,40337,Eptesicus serotinus,0.007,0.025,-1,Echolocation,/mnt/ubna_data_02_mir/recover-20221013/UBNA_001/20221012_030000.WAV,Telephone Field,recover-20221013,001,1795
91.1155,91.1573,68437,82967,Rhinolophus ferrumequinum,0.026,0.026,-1,Echolocation,/mnt/ubna_data_02_mir/recover-20221013/UBNA_001/20221012_030000.WAV,Telephone Field,recover-20221013,001,1795
91.1285,91.1697,68437,82489,Rhinolophus ferrumequinum,0.023,0.023,-1,Echolocation,/mnt/ubna_data_02_mir/recover-20221013/UBNA_001/20221012_030000.WAV,Telephone Field,recover-20221013,001,1795
91.1525,91.1962,68437,83102,Rhinolophus ferrumequinum,0.034,0.034,-1,Echolocation,/mnt/ubna_data_02_mir/recover-20221013/UBNA_001/20221012_030000.WAV,Telephone Field,recover-20221013,001,1795
91.1635,91.1738,23750,29046,Nyctalus leisleri,0.01,0.022,-1,Echolocation,/mnt/ubna_data_02_mir/recover-20221013/UBNA_001/20221012_030000.WAV,Telephone Field,recover-20221013,001,1795
91.1945,91.2317,68437,81641,Rhinolophus ferrumequinum,0.025,0.025,-1,Echolocation,/mnt/ubna_data_02_mir/recover-20221013/UBNA_001/20221012_030000.WAV,Telephone Field,recover-20221013,001,1795
91.2025,91.212,24609,32088,Eptesicus serotinus,0.007,0.021,-1,Echolocation,/mnt/ubna_data_02_mir/recover-20221013/UBNA_001/20221012_030000.WAV,Telephone Field,recover-20221013,001,1795
91.2095,91.2527,68437,83004,Rhinolophus ferrumequinum,0.03,0.03,-1,Echolocation,/mnt/ubna_data_02_mir/recover-20221013/UBNA_001/20221012_030000.WAV,Telephone Field,recover-20221013,001,1795
91.2335,91.2714,68437,82131,Rhinolophus ferrumequinum,0.023,0.023,-1,Echolocation,/mnt/ubna_data_02_mir/recover-20221013/UBNA_001/20221012_030000.WAV,Telephone Field,recover-20221013,001,1795
91.2595,91.2982,68437,82201,Rhinolophus ferrumequinum,0.021,0.021,-1,Echolocation,/mnt/ubna_data_02_mir/recover-20221013/UBNA_001/20221012_030000.WAV,Telephone Field,recover-20221013,001,1795
91.2795,91.2899,22890,28834,Nyctalus leisleri,0.009,0.023,-1,Echolocation,/mnt/ubna_data_02_mir/recover-20221013/UBNA_001/20221012_030000.WAV,Telephone Field,recover-20221013,001,1795
91.2915,91.3294,68437,81726,Rhinolophus ferrumequinum,0.021,0.021,-1,Echolocation,/mnt/ubna_data_02_mir/recover-20221013/UBNA_001/20221012_030000.WAV,Telephone Field,recover-20221013,001,1795
91.3045,91.3466,68437,83073,Rhinolophus ferrumequinum,0.027,0.027,-1,Echolocation,/mnt/ubna_data_02_mir/recover-20221013/UBNA_001/20221012_030000.WAV,Telephone Field,recover-20221013,001,1795
91.3215,91.334,28906,35116,Eptesicus serotinus,0.017,0.031,-1,Echolocation,/mnt/ubna_data_02_mir/recover-20221013/UBNA_001/20221012_030000.WAV,Telephone Field,recover-20221013,001,1795
91.3435,91.3828,68437,82565,Rhinolophus ferrumequinum,0.024,0.024,-1,Echolocation,/mnt/ubna_data_02_mir/recover-20221013/UBNA_001/20221012_030000.WAV,Telephone Field,recover-20221013,001,1795
91.3675,91.4048,68437,82205,Rhinolophus ferrumequinum,0.021,0.021,-1,Echolocation,/mnt/ubna_data_02_mir/recover-20221013/UBNA_001/20221012_030000.WAV,Telephone Field,recover-20221013,001,1795
91.3835,91.4225,68437,82162,Rhinolophus ferrumequinum,0.021,0.021,-1,Echolocation,/mnt/ubna_data_02_mir/recover-20221013/UBNA_001/20221012_030000.WAV,Telephone Field,recover-20221013,001,1795
91.3945,91.4353,68437,82660,Rhinolophus ferrumequinum,0.022,0.022,-1,Echolocation,/mnt/ubna_data_02_mir/recover-20221013/UBNA_001/20221012_030000.WAV,Telephone Field,recover-20221013,001,1795
91.4085,91.4149,23750,33872,Plecotus austriacus,0.024,0.059,-1,Echolocation,/mnt/ubna_data_02_mir/recover-20221013/UBNA_001/20221012_030000.WAV,Telephone Field,recover-20221013,001,1795
91.4365,91.4776,68437,82444,Rhinolophus ferrumequinum,0.027,0.027,-1,Echolocation,/mnt/ubna_data_02_mir/recover-20221013/UBNA_001/20221012_030000.WAV,Telephone Field,recover-20221013,001,1795
91.4445,91.4524,25468,33454,Eptesicus serotinus,0.006,0.021,-1,Echolocation,/mnt/ubna_data_02_mir/recover-20221013/UBNA_001/20221012_030000.WAV,Telephone Field,recover-20221013,001,1795
91.5075,91.5156,27187,39404,Eptesicus serotinus,0.007,0.021,-1,Echolocation,/mnt/ubna_data_02_mir/recover-20221013/UBNA_001/20221012_030000.WAV,Telephone Field,recover-20221013,001,1795
91.5425,91.5839,68437,83078,Rhinolophus ferrumequinum,0.021,0.021,-1,Echolocation,/mnt/ubna_data_02_mir/recover-20221013/UBNA_001/20221012_030000.WAV,Telephone Field,recover-20221013,001,1795
91.5515,91.5927,68437,82231,Rhinolophus ferrumequinum,0.022,0.022,-1,Echolocation,/mnt/ubna_data_02_mir/recover-20221013/UBNA_001/20221012_030000.WAV,Telephone Field,recover-20221013,001,1795
91.5585,91.5692,28906,36001,Eptesicus serotinus,0.011,0.026,-1,Echolocation,/mnt/ubna_data_02_mir/recover-20221013/UBNA_001/20221012_030000.WAV,Telephone Field,recover-20221013,001,1795
91.5815,91.6242,68437,82498,Rhinolophus ferrumequinum,0.024,0.024,-1,Echolocation,/mnt/ubna_data_02_mir/recover-20221013/UBNA_001/20221012_030000.WAV,Telephone Field,recover-20221013,001,1795
91.5925,91.6317,68437,82478,Rhinolophus ferrumequinum,0.021,0.021,-1,Echolocation,/mnt/ubna_data_02_mir/recover-20221013/UBNA_001/20221012_030000.WAV,Telephone Field,recover-20221013,001,1795
91.6015,91.6418,68437,82573,Rhinolophus ferrumequinum,0.023,0.023,-1,Echolocation,/mnt/ubna_data_02_mir/recover-20221013/UBNA_001/20221012_030000.WAV,Telephone Field,recover-20221013,001,1795
91.6235,91.6624,68437,82141,Rhinolophus ferrumequinum,0.021,0.021,-1,Echolocation,/mnt/ubna_data_02_mir/recover-20221013/UBNA_001/20221012_030000.WAV,Telephone Field,recover-20221013,001,1795
91.6425,91.6503,28046,39565,Eptesicus serotinus,0.007,0.021,-1,Echolocation,/mnt/ubna_data_02_mir/recover-20221013/UBNA_001/20221012_030000.WAV,Telephone Field,recover-20221013,001,1795
91.6785,91.7157,68437,81127,Rhinolophus ferrumequinum,0.023,0.023,-1,Echolocation,/mnt/ubna_data_02_mir/recover-20221013/UBNA_001/20221012_030000.WAV,Telephone Field,recover-20221013,001,1795
91.7235,91.7615,68437,82234,Rhinolophus ferrumequinum,0.025,0.025,-1,Echolocation,/mnt/ubna_data_02_mir/recover-20221013/UBNA_001/20221012_030000.WAV,Telephone Field,recover-20221013,001,1795
91.7405,91.7777,68437,82655,Rhinolophus ferrumequinum,0.021,0.021,-1,Echolocation,/mnt/ubna_data_02_mir/recover-20221013/UBNA_001/20221012_030000.WAV,Telephone Field,recover-20221013,001,1795
91.7615,91.77,46953,57602,Pipistrellus pipistrellus,0.013,0.021,-1,Echolocation,/mnt/ubna_data_02_mir/recover-20221013/UBNA_001/20221012_030000.WAV,Telephone Field,recover-20221013,001,1795
91.7785,91.817,68437,81903,Rhinolophus ferrumequinum,0.023,0.023,-1,Echolocation,/mnt/ubna_data_02_mir/recover-20221013/UBNA_001/20221012_030000.WAV,Telephone Field,recover-20221013,001,1795
91.8025,91.8404,68437,81720,Rhinolophus ferrumequinum,0.023,0.023,-1,Echolocation,/mnt/ubna_data_02_mir/recover-20221013/UBNA_001/20221012_030000.WAV,Telephone Field,recover-20221013,001,1795
91.8035,91.8132,22890,29257,Nyctalus leisleri,0.008,0.022,-1,Echolocation,/mnt/ubna_data_02_mir/recover-20221013/UBNA_001/20221012_030000.WAV,Telephone Field,recover-20221013,001,1795
91.8525,91.889,68437,81429,Rhinolophus ferrumequinum,0.021,0.021,-1,Echolocation,/mnt/ubna_data_02_mir/recover-20221013/UBNA_001/20221012_030000.WAV,Telephone Field,recover-20221013,001,1795
91.8525,91.8614,43515,47439,Pipistrellus pipistrellus,0.023,0.025,-1,Echolocation,/mnt/ubna_data_02_mir/recover-20221013/UBNA_001/20221012_030000.WAV,Telephone Field,recover-20221013,001,1795
91.8715,91.9071,68437,81957,Rhinolophus ferrumequinum,0.022,0.023,-1,Echolocation,/mnt/ubna_data_02_mir/recover-20221013/UBNA_001/20221012_030000.WAV,Telephone Field,recover-20221013,001,1795
91.8865,91.9281,68437,82501,Rhinolophus ferrumequinum,0.022,0.022,-1,Echolocation,/mnt/ubna_data_02_mir/recover-20221013/UBNA_001/20221012_030000.WAV,Telephone Field,recover-20221013,001,1795
91.9175,91.956,68437,82261,Rhinolophus ferrumequinum,0.023,0.023,-1,Echolocation,/mnt/ubna_data_02_mir/recover-20221013/UBNA_001/20221012_030000.WAV,Telephone Field,recover-20221013,001,1795
91.9265,91.9649,68437,82125,Rhinolophus ferrumequinum,0.022,0.022,-1,Echolocation,/mnt/ubna_data_02_mir/recover-20221013/UBNA_001/20221012_030000.WAV,Telephone Field,recover-20221013,001,1795
91.9325,91.9419,26328,34891,Eptesicus serotinus,0.01,0.023,-1,Echolocation,/mnt/ubna_data_02_mir/recover-20221013/UBNA_001/20221012_030000.WAV,Telephone Field,recover-20221013,001,1795
91.9845,91.9951,27187,35974,Eptesicus serotinus,0.015,0.028,-1,Echolocation,/mnt/ubna_data_02_mir/recover-20221013/UBNA_001/20221012_030000.WAV,Telephone Field,recover-20221013,001,1795
92.0015,92.0338,68437,80741,Rhinolophus ferrumequinum,0.035,0.036,-1,Echolocation,/mnt/ubna_data_02_mir/recover-20221013/UBNA_001/20221012_030000.WAV,Telephone Field,recover-20221013,001,1795
92.0015,92.0095,24609,32842,Nyctalus leisleri,0.006,0.024,-1,Echolocation,/mnt/ubna_data_02_mir/recover-20221013/UBNA_001/20221012_030000.WAV,Telephone Field,recover-20221013,001,1795
92.0135,92.0539,68437,82856,Rhinolophus ferrumequinum,0.026,0.026,-1,Echolocation,/mnt/ubna_data_02_mir/recover-20221013/UBNA_001/20221012_030000.WAV,Telephone Field,recover-20221013,001,1795
92.0345,92.073,68437,81980,Rhinolophus ferrumequinum,0.023,0.023,-1,Echolocation,/mnt/ubna_data_02_mir/recover-20221013/UBNA_001/20221012_030000.WAV,Telephone Field,recover-20221013,001,1795
92.0405,92.0484,27187,38741,Eptesicus serotinus,0.007,0.022,-1,Echolocation,/mnt/ubna_data_02_mir/recover-20221013/UBNA_001/20221012_030000.WAV,Telephone Field,recover-20221013,001,1795
92.0435,92.0819,68437,81825,Rhinolophus ferrumequinum,0.024,0.024,-1,Echolocation,/mnt/ubna_data_02_mir/recover-20221013/UBNA_001/20221012_030000.WAV,Telephone Field,recover-20221013,001,1795
92.0725,92.1122,68437,81827,Rhinolophus ferrumequinum,0.024,0.024,-1,Echolocation,/mnt/ubna_data_02_mir/recover-20221013/UBNA_001/20221012_030000.WAV,Telephone Field,recover-20221013,001,1795
92.0865,92.1292,68437,82942,Rhinolophus ferrumequinum,0.04,0.04,-1,Echolocation,/mnt/ubna_data_02_mir/recover-20221013/UBNA_001/20221012_030000.WAV,Telephone Field,recover-20221013,001,1795
92.0885,92.0999,22031,25699,Nyctalus leisleri,0.013,0.022,-1,Echolocation,/mnt/ubna_data_02_mir/recover-20221013/UBNA_001/20221012_030000.WAV,Telephone Field,recover-20221013,001,1795
92.1065,92.1174,26328,33797,Eptesicus serotinus,0.011,0.023,-1,Echolocation,/mnt/ubna_data_02_mir/recover-20221013/UBNA_001/20221012_030000.WAV,Telephone Field,recover-20221013,001,1795
92.1165,92.126,28046,37590,Eptesicus serotinus,0.009,0.022,-1,Echolocation,/mnt/ubna_data_02_mir/recover-20221013/UBNA_001/20221012_030000.WAV,Telephone Field,recover-20221013,001,1795
92.1275,92.1375,28906,37757,Eptesicus serotinus,0.011,0.026,-1,Echolocation,/mnt/ubna_data_02_mir/recover-20221013/UBNA_001/20221012_030000.WAV,Telephone Field,recover-20221013,001,1795
92.1285,92.1656,68437,82318,Rhinolophus ferrumequinum,0.021,0.021,-1,Echolocation,/mnt/ubna_data_02_mir/recover-20221013/UBNA_001/20221012_030000.WAV,Telephone Field,recover-20221013,001,1795
92.1465,92.1856,68437,82169,Rhinolophus ferrumequinum,0.037,0.037,-1,Echolocation,/mnt/ubna_data_02_mir/recover-20221013/UBNA_001/20221012_030000.WAV,Telephone Field,recover-20221013,001,1795
92.1505,92.1701,18593,22467,Nyctalus noctula,0.015,0.024,-1,Echolocation,/mnt/ubna_data_02_mir/recover-20221013/UBNA_001/20221012_030000.WAV,Telephone Field,recover-20221013,001,1795
92.1675,92.1772,22890,29219,Nyctalus leisleri,0.008,0.025,-1,Echolocation,/mnt/ubna_data_02_mir/recover-20221013/UBNA_001/20221012_030000.WAV,Telephone Field,recover-20221013,001,1795
92.1685,92.2102,68437,82296,Rhinolophus ferrumequinum,0.029,0.029,-1,Echolocation,/mnt/ubna_data_02_mir/recover-20221013/UBNA_001/20221012_030000.WAV,Telephone Field,recover-20221013,001,1795
92.2295,92.2389,28046,39283,Eptesicus serotinus,0.01,0.023,-1,Echolocation,/mnt/ubna_data_02_mir/recover-20221013/UBNA_001/20221012_030000.WAV,Telephone Field,recover-20221013,001,1795
92.2315,92.274,68437,82797,Rhinolophus ferrumequinum,0.036,0.036,-1,Echolocation,/mnt/ubna_data_02_mir/recover-20221013/UBNA_001/20221012_030000.WAV,Telephone Field,recover-20221013,001,1795
92.2515,92.292,68437,82776,Rhinolophus ferrumequinum,0.028,0.028,-1,Echolocation,/mnt/ubna_data_02_mir/recover-20221013/UBNA_001/20221012_030000.WAV,Telephone Field,recover-20221013,001,1795
92.2525,92.2642,23750,29972,Nyctalus leisleri,0.013,0.031,-1,Echolocation,/mnt/ubna_data_02_mir/recover-20221013/UBNA_001/20221012_030000.WAV,Telephone Field,recover-20221013,001,1795
92.2865,92.2935,28046,37364,Eptesicus serotinus,0.008,0.023,-1,Echolocation,/mnt/ubna_data_02_mir/recover-20221013/UBNA_001/20221012_030000.WAV,Telephone Field,recover-20221013,001,1795
92.2975,92.3339,68437,81360,Rhinolophus ferrumequinum,0.022,0.022,-1,Echolocation,/mnt/ubna_data_02_mir/recover-20221013/UBNA_001/20221012_030000.WAV,Telephone Field,recover-20221013,001,1795
92.3025,92.3133,28906,36410,Eptesicus serotinus,0.009,0.021,-1,Echolocation,/mnt/ubna_data_02_mir/recover-20221013/UBNA_001/20221012_030000.WAV,Telephone Field,recover-20221013,001,1795
92.3085,92.3421,68437,81063,Rhinolophus ferrumequinum,0.021,0.021,-1,Echolocation,/mnt/ubna_data_02_mir/recover-20221013/UBNA_001/20221012_030000.WAV,Telephone Field,recover-20221013,001,1795
92.3425,92.3787,68437,81428,Rhinolophus ferrumequinum,0.023,0.023,-1,Echolocation,/mnt/ubna_data_02_mir/recover-20221013/UBNA_001/20221012_030000.WAV,Telephone Field,recover-20221013,001,1795
92.3755,92.414,68437,82147,Rhinolophus ferrumequinum,0.022,0.022,-1,Echolocation,/mnt/ubna_data_02_mir/recover-20221013/UBNA_001/20221012_030000.WAV,Telephone Field,recover-20221013,001,1795
92.4105,92.4197,28046,39158,Eptesicus serotinus,0.008,0.022,-1,Echolocation,/mnt/ubna_data_02_mir/recover-20221013/UBNA_001/20221012_030000.WAV,Telephone Field,recover-20221013,001,1795
92.4565,92.4919,68437,80544,Rhinolophus ferrumequinum,0.022,0.022,-1,Echolocation,/mnt/ubna_data_02_mir/recover-20221013/UBNA_001/20221012_030000.WAV,Telephone Field,recover-20221013,001,1795
92.4655,92.504,68437,81621,Rhinolophus ferrumequinum,0.022,0.022,-1,Echolocation,/mnt/ubna_data_02_mir/recover-20221013/UBNA_001/20221012_030000.WAV,Telephone Field,recover-20221013,001,1795
92.4775,92.515,68437,81807,Rhinolophus ferrumequinum,0.023,0.023,-1,Echolocation,/mnt/ubna_data_02_mir/recover-20221013/UBNA_001/20221012_030000.WAV,Telephone Field,recover-20221013,001,1795
92.5015,92.5394,68437,81761,Rhinolophus ferrumequinum,0.021,0.021,-1,Echolocation,/mnt/ubna_data_02_mir/recover-20221013/UBNA_001/20221012_030000.WAV,Telephone Field,recover-20221013,001,1795
92.5165,92.5526,68437,81831,Rhinolophus ferrumequinum,0.021,0.021,-1,Echolocation,/mnt/ubna_data_02_mir/recover-20221013/UBNA_001/20221012_030000.WAV,Telephone Field,recover-20221013,001,1795
92.5675,92.60679999999999,68437,82384,Rhinolophus ferrumequinum,0.024,0.024,-1,Echolocation,/mnt/ubna_data_02_mir/recover-20221013/UBNA_001/20221012_030000.WAV,Telephone Field,recover-20221013,001,1795
92.5735,92.6106,68437,82258,Rhinolophus ferrumequinum,0.025,0.025,-1,Echolocation,/mnt/ubna_data_02_mir/recover-20221013/UBNA_001/20221012_030000.WAV,Telephone Field,recover-20221013,001,1795
92.6025,92.613,23750,28906,Nyctalus leisleri,0.009,0.021,-1,Echolocation,/mnt/ubna_data_02_mir/recover-20221013/UBNA_001/20221012_030000.WAV,Telephone Field,recover-20221013,001,1795
92.6525,92.698,68437,83612,Rhinolophus ferrumequinum,0.05,0.05,-1,Echolocation,/mnt/ubna_data_02_mir/recover-20221013/UBNA_001/20221012_030000.WAV,Telephone Field,recover-20221013,001,1795
92.6685,92.6778,28906,35868,Eptesicus serotinus,0.014,0.03,-1,Echolocation,/mnt/ubna_data_02_mir/recover-20221013/UBNA_001/20221012_030000.WAV,Telephone Field,recover-20221013,001,1795
92.6875,92.73,68437,82888,Rhinolophus ferrumequinum,0.023,0.024,-1,Echolocation,/mnt/ubna_data_02_mir/recover-20221013/UBNA_001/20221012_030000.WAV,Telephone Field,recover-20221013,001,1795
92.6905,92.7007,22890,28326,Nyctalus leisleri,0.012,0.025,-1,Echolocation,/mnt/ubna_data_02_mir/recover-20221013/UBNA_001/20221012_030000.WAV,Telephone Field,recover-20221013,001,1795
92.6985,92.7376,68437,82505,Rhinolophus ferrumequinum,0.024,0.024,-1,Echolocation,/mnt/ubna_data_02_mir/recover-20221013/UBNA_001/20221012_030000.WAV,Telephone Field,recover-20221013,001,1795
92.7175,92.7558,68437,81884,Rhinolophus ferrumequinum,0.023,0.023,-1,Echolocation,/mnt/ubna_data_02_mir/recover-20221013/UBNA_001/20221012_030000.WAV,Telephone Field,recover-20221013,001,1795
92.75450000000001,92.7692,23750,27173,Nyctalus leisleri,0.015,0.025,-1,Echolocation,/mnt/ubna_data_02_mir/recover-20221013/UBNA_001/20221012_030000.WAV,Telephone Field,recover-20221013,001,1795
92.7715,92.8076,68437,81435,Rhinolophus ferrumequinum,0.023,0.023,-1,Echolocation,/mnt/ubna_data_02_mir/recover-20221013/UBNA_001/20221012_030000.WAV,Telephone Field,recover-20221013,001,1795
92.7725,92.783,27187,34359,Eptesicus serotinus,0.011,0.025,-1,Echolocation,/mnt/ubna_data_02_mir/recover-20221013/UBNA_001/20221012_030000.WAV,Telephone Field,recover-20221013,001,1795
92.7795,92.8163,68437,81590,Rhinolophus ferrumequinum,0.021,0.021,-1,Echolocation,/mnt/ubna_data_02_mir/recover-20221013/UBNA_001/20221012_030000.WAV,Telephone Field,recover-20221013,001,1795
92.8115,92.8506,68437,81907,Rhinolophus ferrumequinum,0.021,0.021,-1,Echolocation,/mnt/ubna_data_02_mir/recover-20221013/UBNA_001/20221012_030000.WAV,Telephone Field,recover-20221013,001,1795
92.8585,92.8951,68437,81276,Rhinolophus ferrumequinum,0.023,0.023,-1,Echolocation,/mnt/ubna_data_02_mir/recover-20221013/UBNA_001/20221012_030000.WAV,Telephone Field,recover-20221013,001,1795
92.87950000000001,92.8863,28046,38400,Eptesicus serotinus,0.006,0.024,-1,Echolocation,/mnt/ubna_data_02_mir/recover-20221013/UBNA_001/20221012_030000.WAV,Telephone Field,recover-20221013,001,1795
92.9085,92.9199,26328,32114,Nyctalus leisleri,0.009,0.025,-1,Echolocation,/mnt/ubna_data_02_mir/recover-20221013/UBNA_001/20221012_030000.WAV,Telephone Field,recover-20221013,001,1795
92.9355,92.9455,14296,22141,Nyctalus noctula,0.013,0.025,-1,Echolocation,/mnt/ubna_data_02_mir/recover-20221013/UBNA_001/20221012_030000.WAV,Telephone Field,recover-20221013,001,1795
92.9375,92.945,24609,33937,Plecotus austriacus,0.011,0.029,-1,Echolocation,/mnt/ubna_data_02_mir/recover-20221013/UBNA_001/20221012_030000.WAV,Telephone Field,recover-20221013,001,1795
92.9425,92.9519,47812,51819,Pipistrellus pipistrellus,0.028,0.03,-1,Echolocation,/mnt/ubna_data_02_mir/recover-20221013/UBNA_001/20221012_030000.WAV,Telephone Field,recover-20221013,001,1795
92.9645,93.0049,68437,81523,Rhinolophus ferrumequinum,0.022,0.022,-1,Echolocation,/mnt/ubna_data_02_mir/recover-20221013/UBNA_001/20221012_030000.WAV,Telephone Field,recover-20221013,001,1795
92.9865,92.9951,54687,61500,Pipistrellus pygmaeus,0.018,0.021,-1,Echolocation,/mnt/ubna_data_02_mir/recover-20221013/UBNA_001/20221012_030000.WAV,Telephone Field,recover-20221013,001,1795
92.9895,92.9997,28906,35902,Eptesicus serotinus,0.014,0.028,-1,Echolocation,/mnt/ubna_data_02_mir/recover-20221013/UBNA_001/20221012_030000.WAV,Telephone Field,recover-20221013,001,1795
93.0005,93.0373,68437,81207,Rhinolophus ferrumequinum,0.023,0.023,-1,Echolocation,/mnt/ubna_data_02_mir/recover-20221013/UBNA_001/20221012_030000.WAV,Telephone Field,recover-20221013,001,1795
93.0085,93.0459,68437,81580,Rhinolophus ferrumequinum,0.024,0.024,-1,Echolocation,/mnt/ubna_data_02_mir/recover-20221013/UBNA_001/20221012_030000.WAV,Telephone Field,recover-20221013,001,1795
93.0155,93.0567,68437,82192,Rhinolophus ferrumequinum,0.024,0.024,-1,Echolocation,/mnt/ubna_data_02_mir/recover-20221013/UBNA_001/20221012_030000.WAV,Telephone Field,recover-20221013,001,1795
93.0155,93.0362,19453,23038,Nyctalus noctula,0.019,0.039,-1,Echolocation,/mnt/ubna_data_02_mir/recover-20221013/UBNA_001/20221012_030000.WAV,Telephone Field,recover-20221013,001,1795
93.0565,93.0971,68437,82070,Rhinolophus ferrumequinum,0.021,0.022,-1,Echolocation,/mnt/ubna_data_02_mir/recover-20221013/UBNA_001/20221012_030000.WAV,Telephone Field,recover-20221013,001,1795
93.0635,93.0738,28906,36703,Eptesicus serotinus,0.02,0.036,-1,Echolocation,/mnt/ubna_data_02_mir/recover-20221013/UBNA_001/20221012_030000.WAV,Telephone Field,recover-20221013,001,1795
93.0835,93.1202,68437,81195,Rhinolophus ferrumequinum,0.022,0.022,-1,Echolocation,/mnt/ubna_data_02_mir/recover-20221013/UBNA_001/20221012_030000.WAV,Telephone Field,recover-20221013,001,1795
93.0835,93.0953,52968,57605,Pipistrellus pygmaeus,0.018,0.021,-1,Echolocation,/mnt/ubna_data_02_mir/recover-20221013/UBNA_001/20221012_030000.WAV,Telephone Field,recover-20221013,001,1795
93.1685,93.2111,68437,83317,Rhinolophus ferrumequinum,0.034,0.034,-1,Echolocation,/mnt/ubna_data_02_mir/recover-20221013/UBNA_001/20221012_030000.WAV,Telephone Field,recover-20221013,001,1795
93.1775,93.2154,68437,82292,Rhinolophus ferrumequinum,0.024,0.024,-1,Echolocation,/mnt/ubna_data_02_mir/recover-20221013/UBNA_001/20221012_030000.WAV,Telephone Field,recover-20221013,001,1795
93.1985,93.2184,18593,21023,Nyctalus noctula,0.016,0.032,-1,Echolocation,/mnt/ubna_data_02_mir/recover-20221013/UBNA_001/20221012_030000.WAV,Telephone Field,recover-20221013,001,1795
93.2075,93.2535,68437,83394,Rhinolophus ferrumequinum,0.041,0.041,-1,Echolocation,/mnt/ubna_data_02_mir/recover-20221013/UBNA_001/20221012_030000.WAV,Telephone Field,recover-20221013,001,1795
93.2155,93.2629,68437,83536,Rhinolophus ferrumequinum,0.05,0.05,-1,Echolocation,/mnt/ubna_data_02_mir/recover-20221013/UBNA_001/20221012_030000.WAV,Telephone Field,recover-20221013,001,1795
93.2215,93.2343,23750,28479,Nyctalus leisleri,0.013,0.027,-1,Echolocation,/mnt/ubna_data_02_mir/recover-20221013/UBNA_001/20221012_030000.WAV,Telephone Field,recover-20221013,001,1795
93.2435,93.2538,28906,35540,Eptesicus serotinus,0.009,0.022,-1,Echolocation,/mnt/ubna_data_02_mir/recover-20221013/UBNA_001/20221012_030000.WAV,Telephone Field,recover-20221013,001,1795
93.2765,93.2865,26328,34345,Eptesicus serotinus,0.023,0.042,-1,Echolocation,/mnt/ubna_data_02_mir/recover-20221013/UBNA_001/20221012_030000.WAV,Telephone Field,recover-20221013,001,1795
93.2905,93.3237,68437,80168,Rhinolophus ferrumequinum,0.021,0.021,-1,Echolocation,/mnt/ubna_data_02_mir/recover-20221013/UBNA_001/20221012_030000.WAV,Telephone Field,recover-20221013,001,1795
93.3085,93.3473,68437,82075,Rhinolophus ferrumequinum,0.022,0.022,-1,Echolocation,/mnt/ubna_data_02_mir/recover-20221013/UBNA_001/20221012_030000.WAV,Telephone Field,recover-20221013,001,1795
93.3155,93.35679999999999,68437,82026,Rhinolophus ferrumequinum,0.023,0.023,-1,Echolocation,/mnt/ubna_data_02_mir/recover-20221013/UBNA_001/20221012_030000.WAV,Telephone Field,recover-20221013,001,1795
93.3445,93.3871,68437,82916,Rhinolophus ferrumequinum,0.036,0.036,-1,Echolocation,/mnt/ubna_data_02_mir/recover-20221013/UBNA_001/20221012_030000.WAV,Telephone Field,recover-20221013,001,1795
93.3505,93.3605,23750,29294,Nyctalus leisleri,0.01,0.023,-1,Echolocation,/mnt/ubna_data_02_mir/recover-20221013/UBNA_001/20221012_030000.WAV,Telephone Field,recover-20221013,001,1795
93.3675,93.3991,68437,80776,Rhinolophus ferrumequinum,0.021,0.021,-1,Echolocation,/mnt/ubna_data_02_mir/recover-20221013/UBNA_001/20221012_030000.WAV,Telephone Field,recover-20221013,001,1795
93.37950000000001,93.4192,68437,82055,Rhinolophus ferrumequinum,0.022,0.022,-1,Echolocation,/mnt/ubna_data_02_mir/recover-20221013/UBNA_001/20221012_030000.WAV,Telephone Field,recover-20221013,001,1795
93.3815,93.3948,49531,53736,Pipistrellus pipistrellus,0.017,0.022,-1,Echolocation,/mnt/ubna_data_02_mir/recover-20221013/UBNA_001/20221012_030000.WAV,Telephone Field,recover-20221013,001,1795
93.3815,93.392,22890,28177,Nyctalus leisleri,0.011,0.022,-1,Echolocation,/mnt/ubna_data_02_mir/recover-20221013/UBNA_001/20221012_030000.WAV,Telephone Field,recover-20221013,001,1795
93.4565,93.4947,68437,82184,Rhinolophus ferrumequinum,0.026,0.026,-1,Echolocation,/mnt/ubna_data_02_mir/recover-20221013/UBNA_001/20221012_030000.WAV,Telephone Field,recover-20221013,001,1795
93.4665,93.4777,22890,27388,Nyctalus leisleri,0.012,0.022,-1,Echolocation,/mnt/ubna_data_02_mir/recover-20221013/UBNA_001/20221012_030000.WAV,Telephone Field,recover-20221013,001,1795
93.4675,93.5089,68437,82435,Rhinolophus ferrumequinum,0.032,0.032,-1,Echolocation,/mnt/ubna_data_02_mir/recover-20221013/UBNA_001/20221012_030000.WAV,Telephone Field,recover-20221013,001,1795
93.4925,93.5343,68437,83021,Rhinolophus ferrumequinum,0.033,0.033,-1,Echolocation,/mnt/ubna_data_02_mir/recover-20221013/UBNA_001/20221012_030000.WAV,Telephone Field,recover-20221013,001,1795
93.5085,93.5458,68437,81770,Rhinolophus ferrumequinum,0.021,0.021,-1,Echolocation,/mnt/ubna_data_02_mir/recover-20221013/UBNA_001/20221012_030000.WAV,Telephone Field,recover-20221013,001,1795
93.5275,93.5658,68437,82617,Rhinolophus ferrumequinum,0.027,0.027,-1,Echolocation,/mnt/ubna_data_02_mir/recover-20221013/UBNA_001/20221012_030000.WAV,Telephone Field,recover-20221013,001,1795
93.5525,93.5632,23750,30624,Nyctalus leisleri,0.013,0.035,-1,Echolocation,/mnt/ubna_data_02_mir/recover-20221013/UBNA_001/20221012_030000.WAV,Telephone Field,recover-20221013,001,1795
93.5555,93.5925,68437,81303,Rhinolophus ferrumequinum,0.022,0.022,-1,Echolocation,/mnt/ubna_data_02_mir/recover-20221013/UBNA_001/20221012_030000.WAV,Telephone Field,recover-20221013,001,1795
93.5995,93.6403,68437,82781,Rhinolophus ferrumequinum,0.029,0.029,-1,Echolocation,/mnt/ubna_data_02_mir/recover-20221013/UBNA_001/20221012_030000.WAV,Telephone Field,recover-20221013,001,1795
93.6455,93.6851,68437,82324,Rhinolophus ferrumequinum,0.024,0.024,-1,Echolocation,/mnt/ubna_data_02_mir/recover-20221013/UBNA_001/20221012_030000.WAV,Telephone Field,recover-20221013,001,1795
93.7025,93.7423,68437,82367,Rhinolophus ferrumequinum,0.023,0.023,-1,Echolocation,/mnt/ubna_data_02_mir/recover-20221013/UBNA_001/20221012_030000.WAV,Telephone Field,recover-20221013,001,1795
93.7225,93.7597,68437,81602,Rhinolophus ferrumequinum,0.034,0.034,-1,Echolocation,/mnt/ubna_data_02_mir/recover-20221013/UBNA_001/20221012_030000.WAV,Telephone Field,recover-20221013,001,1795
93.7375,93.7497,22890,27720,Nyctalus leisleri,0.013,0.025,-1,Echolocation,/mnt/ubna_data_02_mir/recover-20221013/UBNA_001/20221012_030000.WAV,Telephone Field,recover-20221013,001,1795
93.7465,93.7869,68437,83300,Rhinolophus ferrumequinum,0.029,0.029,-1,Echolocation,/mnt/ubna_data_02_mir/recover-20221013/UBNA_001/20221012_030000.WAV,Telephone Field,recover-20221013,001,1795
93.7875,93.8249,68437,81854,Rhinolophus ferrumequinum,0.024,0.024,-1,Echolocation,/mnt/ubna_data_02_mir/recover-20221013/UBNA_001/20221012_030000.WAV,Telephone Field,recover-20221013,001,1795
93.8015,93.8423,68437,82261,Rhinolophus ferrumequinum,0.022,0.022,-1,Echolocation,/mnt/ubna_data_02_mir/recover-20221013/UBNA_001/20221012_030000.WAV,Telephone Field,recover-20221013,001,1795
93.8485,93.8884,68437,82178,Rhinolophus ferrumequinum,0.026,0.026,-1,Echolocation,/mnt/ubna_data_02_mir/recover-20221013/UBNA_001/20221012_030000.WAV,Telephone Field,recover-20221013,001,1795
93.8575,93.8954,68437,81788,Rhinolophus ferrumequinum,0.021,0.021,-1,Echolocation,/mnt/ubna_data_02_mir/recover-20221013/UBNA_001/20221012_030000.WAV,Telephone Field,recover-20221013,001,1795
93.8945,93.903,28046,36662,Eptesicus serotinus,0.008,0.023,-1,Echolocation,/mnt/ubna_data_02_mir/recover-20221013/UBNA_001/20221012_030000.WAV,Telephone Field,recover-20221013,001,1795
93.9085,93.9499,68437,82165,Rhinolophus ferrumequinum,0.024,0.024,-1,Echolocation,/mnt/ubna_data_02_mir/recover-20221013/UBNA_001/20221012_030000.WAV,Telephone Field,recover-20221013,001,1795
93.9155,93.9563,68437,81980,Rhinolophus ferrumequinum,0.024,0.024,-1,Echolocation,/mnt/ubna_data_02_mir/recover-20221013/UBNA_001/20221012_030000.WAV,Telephone Field,recover-20221013,001,1795
93.9235,93.9608,68437,81895,Rhinolophus ferrumequinum,0.021,0.021,-1,Echolocation,/mnt/ubna_data_02_mir/recover-20221013/UBNA_001/20221012_030000.WAV,Telephone Field,recover-20221013,001,1795
93.9405,93.9789,68437,82242,Rhinolophus ferrumequinum,0.024,0.024,-1,Echolocation,/mnt/ubna_data_02_mir/recover-20221013/UBNA_001/20221012_030000.WAV,Telephone Field,recover-20221013,001,1795
93.9535,93.9643,22031,26429,Nyctalus leisleri,0.011,0.021,-1,Echolocation,/mnt/ubna_data_02_mir/recover-20221013/UBNA_001/20221012_030000.WAV,Telephone Field,recover-20221013,001,1795
93.9865,93.9978,23750,30227,Nyctalus leisleri,0.014,0.033,-1,Echolocation,/mnt/ubna_data_02_mir/recover-20221013/UBNA_001/20221012_030000.WAV,Telephone Field,recover-20221013,001,1795
94.0015,94.00919999999999,25468,36001,Nyctalus leisleri,0.006,0.025,-1,Echolocation,/mnt/ubna_data_02_mir/recover-20221013/UBNA_001/20221012_030000.WAV,Telephone Field,recover-20221013,001,1795
94.0015,94.03190000000001,68437,80831,Rhinolophus ferrumequinum,0.044,0.044,-1,Echolocation,/mnt/ubna_data_02_mir/recover-20221013/UBNA_001/20221012_030000.WAV,Telephone Field,recover-20221013,001,1795
94.0125,94.0209,27187,36819,Eptesicus serotinus,0.007,0.021,-1,Echolocation,/mnt/ubna_data_02_mir/recover-20221013/UBNA_001/20221012_030000.WAV,Telephone Field,recover-20221013,001,1795
94.0345,94.0774,68437,83148,Rhinolophus ferrumequinum,0.032,0.032,-1,Echolocation,/mnt/ubna_data_02_mir/recover-20221013/UBNA_001/20221012_030000.WAV,Telephone Field,recover-20221013,001,1795
94.0475,94.0861,68437,82248,Rhinolophus ferrumequinum,0.023,0.023,-1,Echolocation,/mnt/ubna_data_02_mir/recover-20221013/UBNA_001/20221012_030000.WAV,Telephone Field,recover-20221013,001,1795
94.0525,94.0915,68437,82028,Rhinolophus ferrumequinum,0.022,0.022,-1,Echolocation,/mnt/ubna_data_02_mir/recover-20221013/UBNA_001/20221012_030000.WAV,Telephone Field,recover-20221013,001,1795
94.0655,94.0739,28046,39563,Eptesicus serotinus,0.008,0.021,-1,Echolocation,/mnt/ubna_data_02_mir/recover-20221013/UBNA_001/20221012_030000.WAV,Telephone Field,recover-20221013,001,1795
94.1415,94.1491,33203,44537,Myotis daubentonii,0.01,0.023,-1,Echolocation,/mnt/ubna_data_02_mir/recover-20221013/UBNA_001/20221012_030000.WAV,Telephone Field,recover-20221013,001,1795
94.1435,94.151,28046,42249,Eptesicus serotinus,0.008,0.027,-1,Echolocation,/mnt/ubna_data_02_mir/recover-20221013/UBNA_001/20221012_030000.WAV,Telephone Field,recover-20221013,001,1795
94.1595,94.199,68437,82616,Rhinolophus ferrumequinum,0.031,0.031,-1,Echolocation,/mnt/ubna_data_02_mir/recover-20221013/UBNA_001/20221012_030000.WAV,Telephone Field,recover-20221013,001,1795
94.1845,94.225,68437,82585,Rhinolophus ferrumequinum,0.025,0.025,-1,Echolocation,/mnt/ubna_data_02_mir/recover-20221013/UBNA_001/20221012_030000.WAV,Telephone Field,recover-20221013,001,1795
94.1865,94.1959,27187,35892,Eptesicus serotinus,0.011,0.024,-1,Echolocation,/mnt/ubna_data_02_mir/recover-20221013/UBNA_001/20221012_030000.WAV,Telephone Field,recover-20221013,001,1795
94.2615,94.2708,46953,50477,Pipistrellus pipistrellus,0.048,0.051,-1,Echolocation,/mnt/ubna_data_02_mir/recover-20221013/UBNA_001/20221012_030000.WAV,Telephone Field,recover-20221013,001,1795
94.2665,94.3046,68437,82208,Rhinolophus ferrumequinum,0.022,0.022,-1,Echolocation,/mnt/ubna_data_02_mir/recover-20221013/UBNA_001/20221012_030000.WAV,Telephone Field,recover-20221013,001,1795
94.3195,94.3599,68437,82690,Rhinolophus ferrumequinum,0.036,0.036,-1,Echolocation,/mnt/ubna_data_02_mir/recover-20221013/UBNA_001/20221012_030000.WAV,Telephone Field,recover-20221013,001,1795
94.3485,94.3593,34921,40598,Pipistrellus nathusii,0.011,0.023,-1,Echolocation,/mnt/ubna_data_02_mir/recover-20221013/UBNA_001/20221012_030000.WAV,Telephone Field,recover-20221013,001,1795
94.3505,94.36,28046,36303,Eptesicus serotinus,0.009,0.022,-1,Echolocation,/mnt/ubna_data_02_mir/recover-20221013/UBNA_001/20221012_030000.WAV,Telephone Field,recover-20221013,001,1795
94.3565,94.3746,19453,22773,Nyctalus leisleri,0.015,0.028,-1,Echolocation,/mnt/ubna_data_02_mir/recover-20221013/UBNA_001/20221012_030000.WAV,Telephone Field,recover-20221013,001,1795
94.3685,94.4073,68437,81840,Rhinolophus ferrumequinum,0.021,0.021,-1,Echolocation,/mnt/ubna_data_02_mir/recover-20221013/UBNA_001/20221012_030000.WAV,Telephone Field,recover-20221013,001,1795
94.38550000000001,94.3962,26328,34651,Eptesicus serotinus,0.017,0.031,-1,Echolocation,/mnt/ubna_data_02_mir/recover-20221013/UBNA_001/20221012_030000.WAV,Telephone Field,recover-20221013,001,1795
94.3875,94.4326,68437,82710,Rhinolophus ferrumequinum,0.052,0.052,-1,Echolocation,/mnt/ubna_data_02_mir/recover-20221013/UBNA_001/20221012_030000.WAV,Telephone Field,recover-20221013,001,1795
94.4145,94.4531,68437,81774,Rhinolophus ferrumequinum,0.025,0.025,-1,Echolocation,/mnt/ubna_data_02_mir/recover-20221013/UBNA_001/20221012_030000.WAV,Telephone Field,recover-20221013,001,1795
94.5015,94.5395,68437,81920,Rhinolophus ferrumequinum,0.023,0.024,-1,Echolocation,/mnt/ubna_data_02_mir/recover-20221013/UBNA_001/20221012_030000.WAV,Telephone Field,recover-20221013,001,1795
94.50450000000001,94.5148,22890,28750,Nyctalus leisleri,0.011,0.03,-1,Echolocation,/mnt/ubna_data_02_mir/recover-20221013/UBNA_001/20221012_030000.WAV,Telephone Field,recover-20221013,001,1795
94.5255,94.5338,46953,53227,Pipistrellus pipistrellus,0.026,0.027,-1,Echolocation,/mnt/ubna_data_02_mir/recover-20221013/UBNA_001/20221012_030000.WAV,Telephone Field,recover-20221013,001,1795
94.5595,94.5977,68437,82031,Rhinolophus ferrumequinum,0.022,0.022,-1,Echolocation,/mnt/ubna_data_02_mir/recover-20221013/UBNA_001/20221012_030000.WAV,Telephone Field,recover-20221013,001,1795
94.5605,94.5676,48671,56681,Pipistrellus pipistrellus,0.021,0.023,-1,Echolocation,/mnt/ubna_data_02_mir/recover-20221013/UBNA_001/20221012_030000.WAV,Telephone Field,recover-20221013,001,1795
94.5615,94.5692,28046,37937,Eptesicus serotinus,0.009,0.026,-1,Echolocation,/mnt/ubna_data_02_mir/recover-20221013/UBNA_001/20221012_030000.WAV,Telephone Field,recover-20221013,001,1795
94.5695,94.6089,68437,82272,Rhinolophus ferrumequinum,0.022,0.022,-1,Echolocation,/mnt/ubna_data_02_mir/recover-20221013/UBNA_001/20221012_030000.WAV,Telephone Field,recover-20221013,001,1795
94.6085,94.647,68437,81951,Rhinolophus ferrumequinum,0.021,0.021,-1,Echolocation,/mnt/ubna_data_02_mir/recover-20221013/UBNA_001/20221012_030000.WAV,Telephone Field,recover-20221013,001,1795
94.63550000000001,94.6461,28046,36267,Eptesicus serotinus,0.013,0.027,-1,Echolocation,/mnt/ubna_data_02_mir/recover-20221013/UBNA_001/20221012_030000.WAV,Telephone Field,recover-20221013,001,1795
94.6395,94.6769,68437,81554,Rhinolophus ferrumequinum,0.076,0.076,-1,Echolocation,/mnt/ubna_data_02_mir/recover-20221013/UBNA_001/20221012_030000.WAV,Telephone Field,recover-20221013,001,1795
94.6445,94.6582,14296,19676,Nyctalus noctula,0.014,0.022,-1,Echolocation,/mnt/ubna_data_02_mir/recover-20221013/UBNA_001/20221012_030000.WAV,Telephone Field,recover-20221013,001,1795
94.6635,94.6969,68437,81423,Rhinolophus ferrumequinum,0.032,0.032,-1,Echolocation,/mnt/ubna_data_02_mir/recover-20221013/UBNA_001/20221012_030000.WAV,Telephone Field,recover-20221013,001,1795
94.7195,94.7273,28046,39686,Eptesicus serotinus,0.007,0.021,-1,Echolocation,/mnt/ubna_data_02_mir/recover-20221013/UBNA_001/20221012_030000.WAV,Telephone Field,recover-20221013,001,1795
94.7445,94.7845,68437,82137,Rhinolophus ferrumequinum,0.027,0.027,-1,Echolocation,/mnt/ubna_data_02_mir/recover-20221013/UBNA_001/20221012_030000.WAV,Telephone Field,recover-20221013,001,1795
94.7745,94.7929,21171,24575,Nyctalus leisleri,0.023,0.042,-1,Echolocation,/mnt/ubna_data_02_mir/recover-20221013/UBNA_001/20221012_030000.WAV,Telephone Field,recover-20221013,001,1795
94.7875,94.8251,68437,81995,Rhinolophus ferrumequinum,0.022,0.022,-1,Echolocation,/mnt/ubna_data_02_mir/recover-20221013/UBNA_001/20221012_030000.WAV,Telephone Field,recover-20221013,001,1795
94.8085,94.819,28046,39176,Eptesicus serotinus,0.016,0.032,-1,Echolocation,/mnt/ubna_data_02_mir/recover-20221013/UBNA_001/20221012_030000.WAV,Telephone Field,recover-20221013,001,1795
94.8295,94.8687,68437,82547,Rhinolophus ferrumequinum,0.025,0.025,-1,Echolocation,/mnt/ubna_data_02_mir/recover-20221013/UBNA_001/20221012_030000.WAV,Telephone Field,recover-20221013,001,1795
94.8515,94.8931,68437,82769,Rhinolophus ferrumequinum,0.026,0.026,-1,Echolocation,/mnt/ubna_data_02_mir/recover-20221013/UBNA_001/20221012_030000.WAV,Telephone Field,recover-20221013,001,1795
94.8525,94.8711,20312,24650,Nyctalus noctula,0.074,0.134,-1,Echolocation,/mnt/ubna_data_02_mir/recover-20221013/UBNA_001/20221012_030000.WAV,Telephone Field,recover-20221013,001,1795
94.87950000000001,94.9163,68437,81460,Rhinolophus ferrumequinum,0.022,0.023,-1,Echolocation,/mnt/ubna_data_02_mir/recover-20221013/UBNA_001/20221012_030000.WAV,Telephone Field,recover-20221013,001,1795
94.9035,94.9131,23750,29826,Nyctalus leisleri,0.013,0.034,-1,Echolocation,/mnt/ubna_data_02_mir/recover-20221013/UBNA_001/20221012_030000.WAV,Telephone Field,recover-20221013,001,1795
94.9385,94.9475,43515,51646,Pipistrellus pipistrellus,0.015,0.022,-1,Echolocation,/mnt/ubna_data_02_mir/recover-20221013/UBNA_001/20221012_030000.WAV,Telephone Field,recover-20221013,001,1795
94.9405,94.95,28046,42155,Eptesicus serotinus,0.009,0.022,-1,Echolocation,/mnt/ubna_data_02_mir/recover-20221013/UBNA_001/20221012_030000.WAV,Telephone Field,recover-20221013,001,1795
94.9405,94.9799,68437,82726,Rhinolophus ferrumequinum,0.024,0.024,-1,Echolocation,/mnt/ubna_data_02_mir/recover-20221013/UBNA_001/20221012_030000.WAV,Telephone Field,recover-20221013,001,1795
94.9615,95.002,68437,82515,Rhinolophus ferrumequinum,0.028,0.028,-1,Echolocation,/mnt/ubna_data_02_mir/recover-20221013/UBNA_001/20221012_030000.WAV,Telephone Field,recover-20221013,001,1795
94.9735,95.0111,68437,82007,Rhinolophus ferrumequinum,0.021,0.021,-1,Echolocation,/mnt/ubna_data_02_mir/recover-20221013/UBNA_001/20221012_030000.WAV,Telephone Field,recover-20221013,001,1795
94.9735,94.9843,29765,37113,Eptesicus serotinus,0.019,0.037,-1,Echolocation,/mnt/ubna_data_02_mir/recover-20221013/UBNA_001/20221012_030000.WAV,Telephone Field,recover-20221013,001,1795
94.9805,95.021,68437,82471,Rhinolophus ferrumequinum,0.024,0.024,-1,Echolocation,/mnt/ubna_data_02_mir/recover-20221013/UBNA_001/20221012_030000.WAV,Telephone Field,recover-20221013,001,1795
94.98949999999999,95.0279,68437,81699,Rhinolophus ferrumequinum,0.024,0.024,-1,Echolocation,/mnt/ubna_data_02_mir/recover-20221013/UBNA_001/20221012_030000.WAV,Telephone Field,recover-20221013,001,1795
95.0305,95.0718,68437,82686,Rhinolophus ferrumequinum,0.026,0.026,-1,Echolocation,/mnt/ubna_data_02_mir/recover-20221013/UBNA_001/20221012_030000.WAV,Telephone Field,recover-20221013,001,1795
95.0355,95.0436,28046,40130,Eptesicus serotinus,0.007,0.021,-1,Echolocation,/mnt/ubna_data_02_mir/recover-20221013/UBNA_001/20221012_030000.WAV,Telephone Field,recover-20221013,001,1795
95.0435,95.0853,68437,83026,Rhinolophus ferrumequinum,0.028,0.028,-1,Echolocation,/mnt/ubna_data_02_mir/recover-20221013/UBNA_001/20221012_030000.WAV,Telephone Field,recover-20221013,001,1795
95.0525,95.0622,24609,31425,Nyctalus leisleri,0.008,0.024,-1,Echolocation,/mnt/ubna_data_02_mir/recover-20221013/UBNA_001/20221012_030000.WAV,Telephone Field,recover-20221013,001,1795
95.0745,95.0841,28046,36420,Eptesicus serotinus,0.008,0.021,-1,Echolocation,/mnt/ubna_data_02_mir/recover-20221013/UBNA_001/20221012_030000.WAV,Telephone Field,recover-20221013,001,1795
95.0875,95.1264,68437,81724,Rhinolophus ferrumequinum,0.023,0.023,-1,Echolocation,/mnt/ubna_data_02_mir/recover-20221013/UBNA_001/20221012_030000.WAV,Telephone Field,recover-20221013,001,1795
95.1095,95.1457,68437,82313,Rhinolophus ferrumequinum,0.022,0.022,-1,Echolocation,/mnt/ubna_data_02_mir/recover-20221013/UBNA_001/20221012_030000.WAV,Telephone Field,recover-20221013,001,1795
95.13550000000001,95.1762,68437,82305,Rhinolophus ferrumequinum,0.024,0.024,-1,Echolocation,/mnt/ubna_data_02_mir/recover-20221013/UBNA_001/20221012_030000.WAV,Telephone Field,recover-20221013,001,1795
95.1395,95.1496,27187,35640,Eptesicus serotinus,0.008,0.021,-1,Echolocation,/mnt/ubna_data_02_mir/recover-20221013/UBNA_001/20221012_030000.WAV,Telephone Field,recover-20221013,001,1795
95.1525,95.161,28906,37917,Eptesicus serotinus,0.008,0.025,-1,Echolocation,/mnt/ubna_data_02_mir/recover-20221013/UBNA_001/20221012_030000.WAV,Telephone Field,recover-20221013,001,1795
95.1595,95.2,68437,82006,Rhinolophus ferrumequinum,0.021,0.022,-1,Echolocation,/mnt/ubna_data_02_mir/recover-20221013/UBNA_001/20221012_030000.WAV,Telephone Field,recover-20221013,001,1795
95.1765,95.2132,68437,81344,Rhinolophus ferrumequinum,0.022,0.022,-1,Echolocation,/mnt/ubna_data_02_mir/recover-20221013/UBNA_001/20221012_030000.WAV,Telephone Field,recover-20221013,001,1795
95.1815,95.1905,28046,38605,Eptesicus serotinus,0.009,0.024,-1,Echolocation,/mnt/ubna_data_02_mir/recover-20221013/UBNA_001/20221012_030000.WAV,Telephone Field,recover-20221013,001,1795
95.1985,95.2364,68437,82219,Rhinolophus ferrumequinum,0.024,0.024,-1,Echolocation,/mnt/ubna_data_02_mir/recover-20221013/UBNA_001/20221012_030000.WAV,Telephone Field,recover-20221013,001,1795
95.2015,95.2094,28046,41469,Eptesicus serotinus,0.007,0.021,-1,Echolocation,/mnt/ubna_data_02_mir/recover-20221013/UBNA_001/20221012_030000.WAV,Telephone Field,recover-20221013,001,1795
95.2585,95.294,68437,80653,Rhinolophus ferrumequinum,0.022,0.023,-1,Echolocation,/mnt/ubna_data_02_mir/recover-20221013/UBNA_001/20221012_030000.WAV,Telephone Field,recover-20221013,001,1795
95.2795,95.2895,28046,36701,Eptesicus serotinus,0.008,0.021,-1,Echolocation,/mnt/ubna_data_02_mir/recover-20221013/UBNA_001/20221012_030000.WAV,Telephone Field,recover-20221013,001,1795
95.3085,95.3205,36640,42330,Pipistrellus nathusii,0.013,0.041,-1,Echolocation,/mnt/ubna_data_02_mir/recover-20221013/UBNA_001/20221012_030000.WAV,Telephone Field,recover-20221013,001,1795
95.3365,95.3477,23750,29192,Nyctalus leisleri,0.014,0.029,-1,Echolocation,/mnt/ubna_data_02_mir/recover-20221013/UBNA_001/20221012_030000.WAV,Telephone Field,recover-20221013,001,1795
95.3425,95.3505,48671,52898,Pipistrellus pipistrellus,0.021,0.023,-1,Echolocation,/mnt/ubna_data_02_mir/recover-20221013/UBNA_001/20221012_030000.WAV,Telephone Field,recover-20221013,001,1795
95.3515,95.388,68437,81633,Rhinolophus ferrumequinum,0.024,0.025,-1,Echolocation,/mnt/ubna_data_02_mir/recover-20221013/UBNA_001/20221012_030000.WAV,Telephone Field,recover-20221013,001,1795
95.3765,95.3844,50390,55947,Pipistrellus pipistrellus,0.023,0.025,-1,Echolocation,/mnt/ubna_data_02_mir/recover-20221013/UBNA_001/20221012_030000.WAV,Telephone Field,recover-20221013,001,1795
95.3785,95.4128,68437,80639,Rhinolophus ferrumequinum,0.025,0.025,-1,Echolocation,/mnt/ubna_data_02_mir/recover-20221013/UBNA_001/20221012_030000.WAV,Telephone Field,recover-20221013,001,1795
95.4405,95.4509,26328,34381,Eptesicus serotinus,0.008,0.021,-1,Echolocation,/mnt/ubna_data_02_mir/recover-20221013/UBNA_001/20221012_030000.WAV,Telephone Field,recover-20221013,001,1795
95.4655,95.4727,25468,35292,Eptesicus serotinus,0.005,0.021,-1,Echolocation,/mnt/ubna_data_02_mir/recover-20221013/UBNA_001/20221012_030000.WAV,Telephone Field,recover-20221013,001,1795
95.4695,95.5127,68437,82487,Rhinolophus ferrumequinum,0.026,0.026,-1,Echolocation,/mnt/ubna_data_02_mir/recover-20221013/UBNA_001/20221012_030000.WAV,Telephone Field,recover-20221013,001,1795
95.4775,95.5203,68437,82731,Rhinolophus ferrumequinum,0.025,0.025,-1,Echolocation,/mnt/ubna_data_02_mir/recover-20221013/UBNA_001/20221012_030000.WAV,Telephone Field,recover-20221013,001,1795
95.5015,95.5087,47812,52234,Pipistrellus pipistrellus,0.053,0.054,-1,Echolocation,/mnt/ubna_data_02_mir/recover-20221013/UBNA_001/20221012_030000.WAV,Telephone Field,recover-20221013,001,1795
95.5095,95.521,22031,26700,Nyctalus leisleri,0.013,0.023,-1,Echolocation,/mnt/ubna_data_02_mir/recover-20221013/UBNA_001/20221012_030000.WAV,Telephone Field,recover-20221013,001,1795
95.5165,95.5268,23750,30283,Nyctalus leisleri,0.009,0.023,-1,Echolocation,/mnt/ubna_data_02_mir/recover-20221013/UBNA_001/20221012_030000.WAV,Telephone Field,recover-20221013,001,1795
95.5435,95.5809,68437,81802,Rhinolophus ferrumequinum,0.021,0.021,-1,Echolocation,/mnt/ubna_data_02_mir/recover-20221013/UBNA_001/20221012_030000.WAV,Telephone Field,recover-20221013,001,1795
95.5685,95.5878,18593,21984,Nyctalus noctula,0.013,0.022,-1,Echolocation,/mnt/ubna_data_02_mir/recover-20221013/UBNA_001/20221012_030000.WAV,Telephone Field,recover-20221013,001,1795
95.5685,95.6067,68437,81563,Rhinolophus ferrumequinum,0.023,0.023,-1,Echolocation,/mnt/ubna_data_02_mir/recover-20221013/UBNA_001/20221012_030000.WAV,Telephone Field,recover-20221013,001,1795
95.5965,95.6358,68437,81958,Rhinolophus ferrumequinum,0.022,0.022,-1,Echolocation,/mnt/ubna_data_02_mir/recover-20221013/UBNA_001/20221012_030000.WAV,Telephone Field,recover-20221013,001,1795
95.6135,95.6544,68437,82604,Rhinolophus ferrumequinum,0.03,0.03,-1,Echolocation,/mnt/ubna_data_02_mir/recover-20221013/UBNA_001/20221012_030000.WAV,Telephone Field,recover-20221013,001,1795
95.6215,95.6322,23750,29708,Nyctalus leisleri,0.01,0.024,-1,Echolocation,/mnt/ubna_data_02_mir/recover-20221013/UBNA_001/20221012_030000.WAV,Telephone Field,recover-20221013,001,1795
95.6305,95.6397,28046,37318,Eptesicus serotinus,0.009,0.023,-1,Echolocation,/mnt/ubna_data_02_mir/recover-20221013/UBNA_001/20221012_030000.WAV,Telephone Field,recover-20221013,001,1795
95.6505,95.6871,68437,81639,Rhinolophus ferrumequinum,0.021,0.021,-1,Echolocation,/mnt/ubna_data_02_mir/recover-20221013/UBNA_001/20221012_030000.WAV,Telephone Field,recover-20221013,001,1795
95.6635,95.6999,68437,81717,Rhinolophus ferrumequinum,0.021,0.021,-1,Echolocation,/mnt/ubna_data_02_mir/recover-20221013/UBNA_001/20221012_030000.WAV,Telephone Field,recover-20221013,001,1795
95.6855,95.7266,68437,82405,Rhinolophus ferrumequinum,0.023,0.023,-1,Echolocation,/mnt/ubna_data_02_mir/recover-20221013/UBNA_001/20221012_030000.WAV,Telephone Field,recover-20221013,001,1795
95.7105,95.7195,43515,48237,Pipistrellus pipistrellus,0.018,0.022,-1,Echolocation,/mnt/ubna_data_02_mir/recover-20221013/UBNA_001/20221012_030000.WAV,Telephone Field,recover-20221013,001,1795
95.7295,95.7689,68437,81991,Rhinolophus ferrumequinum,0.023,0.023,-1,Echolocation,/mnt/ubna_data_02_mir/recover-20221013/UBNA_001/20221012_030000.WAV,Telephone Field,recover-20221013,001,1795
95.7565,95.7937,68437,81271,Rhinolophus ferrumequinum,0.026,0.026,-1,Echolocation,/mnt/ubna_data_02_mir/recover-20221013/UBNA_001/20221012_030000.WAV,Telephone Field,recover-20221013,001,1795
95.7705,95.8086,68437,82047,Rhinolophus ferrumequinum,0.025,0.025,-1,Echolocation,/mnt/ubna_data_02_mir/recover-20221013/UBNA_001/20221012_030000.WAV,Telephone Field,recover-20221013,001,1795
95.7935,95.8031,27187,34601,Eptesicus serotinus,0.019,0.039,-1,Echolocation,/mnt/ubna_data_02_mir/recover-20221013/UBNA_001/20221012_030000.WAV,Telephone Field,recover-20221013,001,1795
95.8015,95.8382,68437,81879,Rhinolophus ferrumequinum,0.022,0.022,-1,Echolocation,/mnt/ubna_data_02_mir/recover-20221013/UBNA_001/20221012_030000.WAV,Telephone Field,recover-20221013,001,1795
95.8125,95.8223,28046,37592,Eptesicus serotinus,0.009,0.022,-1,Echolocation,/mnt/ubna_data_02_mir/recover-20221013/UBNA_001/20221012_030000.WAV,Telephone Field,recover-20221013,001,1795
95.8415,95.8808,68437,81799,Rhinolophus ferrumequinum,0.022,0.022,-1,Echolocation,/mnt/ubna_data_02_mir/recover-20221013/UBNA_001/20221012_030000.WAV,Telephone Field,recover-20221013,001,1795
95.8475,95.8867,68437,81815,Rhinolophus ferrumequinum,0.022,0.022,-1,Echolocation,/mnt/ubna_data_02_mir/recover-20221013/UBNA_001/20221012_030000.WAV,Telephone Field,recover-20221013,001,1795
95.9085,95.9158,23750,32141,Plecotus austriacus,0.009,0.021,-1,Echolocation,/mnt/ubna_data_02_mir/recover-20221013/UBNA_001/20221012_030000.WAV,Telephone Field,recover-20221013,001,1795
95.9385,95.9799,68437,82828,Rhinolophus ferrumequinum,0.034,0.034,-1,Echolocation,/mnt/ubna_data_02_mir/recover-20221013/UBNA_001/20221012_030000.WAV,Telephone Field,recover-20221013,001,1795
95.9435,95.9516,27187,38157,Eptesicus serotinus,0.006,0.021,-1,Echolocation,/mnt/ubna_data_02_mir/recover-20221013/UBNA_001/20221012_030000.WAV,Telephone Field,recover-20221013,001,1795
96.0015,96.011,27187,35881,Eptesicus serotinus,0.027,0.059,-1,Echolocation,/mnt/ubna_data_02_mir/recover-20221013/UBNA_001/20221012_030000.WAV,Telephone Field,recover-20221013,001,1795
96.0015,96.034,69296,81634,Rhinolophus ferrumequinum,0.036,0.036,-1,Echolocation,/mnt/ubna_data_02_mir/recover-20221013/UBNA_001/20221012_030000.WAV,Telephone Field,recover-20221013,001,1795
96.0245,96.0672,68437,82868,Rhinolophus ferrumequinum,0.027,0.027,-1,Echolocation,/mnt/ubna_data_02_mir/recover-20221013/UBNA_001/20221012_030000.WAV,Telephone Field,recover-20221013,001,1795
96.0355,96.0738,68437,82419,Rhinolophus ferrumequinum,0.021,0.021,-1,Echolocation,/mnt/ubna_data_02_mir/recover-20221013/UBNA_001/20221012_030000.WAV,Telephone Field,recover-20221013,001,1795
96.0465,96.0567,28906,36471,Eptesicus serotinus,0.007,0.022,-1,Echolocation,/mnt/ubna_data_02_mir/recover-20221013/UBNA_001/20221012_030000.WAV,Telephone Field,recover-20221013,001,1795
96.0575,96.0668,51250,56347,Pipistrellus pipistrellus,0.013,0.024,-1,Echolocation,/mnt/ubna_data_02_mir/recover-20221013/UBNA_001/20221012_030000.WAV,Telephone Field,recover-20221013,001,1795
96.0855,96.1234,68437,82460,Rhinolophus ferrumequinum,0.022,0.022,-1,Echolocation,/mnt/ubna_data_02_mir/recover-20221013/UBNA_001/20221012_030000.WAV,Telephone Field,recover-20221013,001,1795
96.0875,96.0961,22890,30085,Plecotus austriacus,0.007,0.022,-1,Echolocation,/mnt/ubna_data_02_mir/recover-20221013/UBNA_001/20221012_030000.WAV,Telephone Field,recover-20221013,001,1795
96.1025,96.1413,68437,82459,Rhinolophus ferrumequinum,0.027,0.027,-1,Echolocation,/mnt/ubna_data_02_mir/recover-20221013/UBNA_001/20221012_030000.WAV,Telephone Field,recover-20221013,001,1795
96.1525,96.162,28046,37578,Eptesicus serotinus,0.009,0.023,-1,Echolocation,/mnt/ubna_data_02_mir/recover-20221013/UBNA_001/20221012_030000.WAV,Telephone Field,recover-20221013,001,1795
96.1805,96.2206,68437,82155,Rhinolophus ferrumequinum,0.027,0.027,-1,Echolocation,/mnt/ubna_data_02_mir/recover-20221013/UBNA_001/20221012_030000.WAV,Telephone Field,recover-20221013,001,1795
96.1945,96.2364,68437,83660,Rhinolophus ferrumequinum,0.035,0.035,-1,Echolocation,/mnt/ubna_data_02_mir/recover-20221013/UBNA_001/20221012_030000.WAV,Telephone Field,recover-20221013,001,1795
96.2005,96.2072,28046,40367,Eptesicus serotinus,0.006,0.024,-1,Echolocation,/mnt/ubna_data_02_mir/recover-20221013/UBNA_001/20221012_030000.WAV,Telephone Field,recover-20221013,001,1795
96.2115,96.2196,24609,32222,Plecotus austriacus,0.006,0.022,-1,Echolocation,/mnt/ubna_data_02_mir/recover-20221013/UBNA_001/20221012_030000.WAV,Telephone Field,recover-20221013,001,1795
96.2325,96.2696,68437,82235,Rhinolophus ferrumequinum,0.023,0.023,-1,Echolocation,/mnt/ubna_data_02_mir/recover-20221013/UBNA_001/20221012_030000.WAV,Telephone Field,recover-20221013,001,1795
96.2565,96.2639,47812,54911,Pipistrellus pipistrellus,0.02,0.021,-1,Echolocation,/mnt/ubna_data_02_mir/recover-20221013/UBNA_001/20221012_030000.WAV,Telephone Field,recover-20221013,001,1795
96.2635,96.3047,68437,82981,Rhinolophus ferrumequinum,0.025,0.025,-1,Echolocation,/mnt/ubna_data_02_mir/recover-20221013/UBNA_001/20221012_030000.WAV,Telephone Field,recover-20221013,001,1795
96.2665,96.2753,27187,37747,Eptesicus serotinus,0.009,0.023,-1,Echolocation,/mnt/ubna_data_02_mir/recover-20221013/UBNA_001/20221012_030000.WAV,Telephone Field,recover-20221013,001,1795
96.3065,96.3146,27187,37757,Eptesicus serotinus,0.008,0.021,-1,Echolocation,/mnt/ubna_data_02_mir/recover-20221013/UBNA_001/20221012_030000.WAV,Telephone Field,recover-20221013,001,1795
96.3205,96.3549,68437,81725,Rhinolophus ferrumequinum,0.024,0.024,-1,Echolocation,/mnt/ubna_data_02_mir/recover-20221013/UBNA_001/20221012_030000.WAV,Telephone Field,recover-20221013,001,1795
96.3295,96.3693,68437,82604,Rhinolophus ferrumequinum,0.023,0.023,-1,Echolocation,/mnt/ubna_data_02_mir/recover-20221013/UBNA_001/20221012_030000.WAV,Telephone Field,recover-20221013,001,1795
96.3945,96.4041,28046,37481,Eptesicus serotinus,0.01,0.025,-1,Echolocation,/mnt/ubna_data_02_mir/recover-20221013/UBNA_001/20221012_030000.WAV,Telephone Field,recover-20221013,001,1795
96.4385,96.44669999999999,28046,39070,Eptesicus serotinus,0.007,0.022,-1,Echolocation,/mnt/ubna_data_02_mir/recover-20221013/UBNA_001/20221012_030000.WAV,Telephone Field,recover-20221013,001,1795
96.48949999999999,96.5241,68437,80839,Rhinolophus ferrumequinum,0.029,0.029,-1,Echolocation,/mnt/ubna_data_02_mir/recover-20221013/UBNA_001/20221012_030000.WAV,Telephone Field,recover-20221013,001,1795
96.5315,96.5392,28046,38212,Eptesicus serotinus,0.009,0.026,-1,Echolocation,/mnt/ubna_data_02_mir/recover-20221013/UBNA_001/20221012_030000.WAV,Telephone Field,recover-20221013,001,1795
96.5535,96.592,68437,82182,Rhinolophus ferrumequinum,0.022,0.022,-1,Echolocation,/mnt/ubna_data_02_mir/recover-20221013/UBNA_001/20221012_030000.WAV,Telephone Field,recover-20221013,001,1795
96.5915,96.6311,68437,82856,Rhinolophus ferrumequinum,0.024,0.024,-1,Echolocation,/mnt/ubna_data_02_mir/recover-20221013/UBNA_001/20221012_030000.WAV,Telephone Field,recover-20221013,001,1795
96.6515,96.6933,68437,83206,Rhinolophus ferrumequinum,0.028,0.028,-1,Echolocation,/mnt/ubna_data_02_mir/recover-20221013/UBNA_001/20221012_030000.WAV,Telephone Field,recover-20221013,001,1795
96.6715,96.7074,68437,81436,Rhinolophus ferrumequinum,0.024,0.024,-1,Echolocation,/mnt/ubna_data_02_mir/recover-20221013/UBNA_001/20221012_030000.WAV,Telephone Field,recover-20221013,001,1795
96.6865,96.7277,68437,83201,Rhinolophus ferrumequinum,0.038,0.038,-1,Echolocation,/mnt/ubna_data_02_mir/recover-20221013/UBNA_001/20221012_030000.WAV,Telephone Field,recover-20221013,001,1795
96.6985,96.7052,26328,36405,Eptesicus serotinus,0.01,0.038,-1,Echolocation,/mnt/ubna_data_02_mir/recover-20221013/UBNA_001/20221012_030000.WAV,Telephone Field,recover-20221013,001,1795
96.7075,96.7174,22890,28094,Nyctalus leisleri,0.01,0.023,-1,Echolocation,/mnt/ubna_data_02_mir/recover-20221013/UBNA_001/20221012_030000.WAV,Telephone Field,recover-20221013,001,1795
96.7085,96.7447,68437,82194,Rhinolophus ferrumequinum,0.022,0.022,-1,Echolocation,/mnt/ubna_data_02_mir/recover-20221013/UBNA_001/20221012_030000.WAV,Telephone Field,recover-20221013,001,1795
96.7155,96.7509,68437,81797,Rhinolophus ferrumequinum,0.023,0.023,-1,Echolocation,/mnt/ubna_data_02_mir/recover-20221013/UBNA_001/20221012_030000.WAV,Telephone Field,recover-20221013,001,1795
96.7305,96.7683,68437,82175,Rhinolophus ferrumequinum,0.023,0.023,-1,Echolocation,/mnt/ubna_data_02_mir/recover-20221013/UBNA_001/20221012_030000.WAV,Telephone Field,recover-20221013,001,1795
96.7555,96.7653,28906,37417,Eptesicus serotinus,0.012,0.028,-1,Echolocation,/mnt/ubna_data_02_mir/recover-20221013/UBNA_001/20221012_030000.WAV,Telephone Field,recover-20221013,001,1795
96.7975,96.8341,68437,81496,Rhinolophus ferrumequinum,0.021,0.021,-1,Echolocation,/mnt/ubna_data_02_mir/recover-20221013/UBNA_001/20221012_030000.WAV,Telephone Field,recover-20221013,001,1795
96.8365,96.8471,23750,30018,Nyctalus leisleri,0.011,0.026,-1,Echolocation,/mnt/ubna_data_02_mir/recover-20221013/UBNA_001/20221012_030000.WAV,Telephone Field,recover-20221013,001,1795
96.8525,96.86449999999999,23750,28737,Nyctalus leisleri,0.015,0.028,-1,Echolocation,/mnt/ubna_data_02_mir/recover-20221013/UBNA_001/20221012_030000.WAV,Telephone Field,recover-20221013,001,1795
96.8665,96.9072,68437,82115,Rhinolophus ferrumequinum,0.021,0.021,-1,Echolocation,/mnt/ubna_data_02_mir/recover-20221013/UBNA_001/20221012_030000.WAV,Telephone Field,recover-20221013,001,1795
96.8815,96.9207,68437,82156,Rhinolophus ferrumequinum,0.022,0.022,-1,Echolocation,/mnt/ubna_data_02_mir/recover-20221013/UBNA_001/20221012_030000.WAV,Telephone Field,recover-20221013,001,1795
96.8865,96.9261,68437,82338,Rhinolophus ferrumequinum,0.021,0.021,-1,Echolocation,/mnt/ubna_data_02_mir/recover-20221013/UBNA_001/20221012_030000.WAV,Telephone Field,recover-20221013,001,1795
96.9885,97.025,68437,81320,Rhinolophus ferrumequinum,0.023,0.023,-1,Echolocation,/mnt/ubna_data_02_mir/recover-20221013/UBNA_001/20221012_030000.WAV,Telephone Field,recover-20221013,001,1795
97.0055,97.0439,68437,82328,Rhinolophus ferrumequinum,0.022,0.022,-1,Echolocation,/mnt/ubna_data_02_mir/recover-20221013/UBNA_001/20221012_030000.WAV,Telephone Field,recover-20221013,001,1795
97.0095,97.019,28906,38315,Eptesicus serotinus,0.008,0.023,-1,Echolocation,/mnt/ubna_data_02_mir/recover-20221013/UBNA_001/20221012_030000.WAV,Telephone Field,recover-20221013,001,1795
97.0275,97.0679,68437,82767,Rhinolophus ferrumequinum,0.037,0.037,-1,Echolocation,/mnt/ubna_data_02_mir/recover-20221013/UBNA_001/20221012_030000.WAV,Telephone Field,recover-20221013,001,1795
97.0555,97.0947,68437,82659,Rhinolophus ferrumequinum,0.026,0.026,-1,Echolocation,/mnt/ubna_data_02_mir/recover-20221013/UBNA_001/20221012_030000.WAV,Telephone Field,recover-20221013,001,1795
97.0615,97.0737,22890,27895,Nyctalus leisleri,0.012,0.024,-1,Echolocation,/mnt/ubna_data_02_mir/recover-20221013/UBNA_001/20221012_030000.WAV,Telephone Field,recover-20221013,001,1795
97.0915,97.1348,68437,82997,Rhinolophus ferrumequinum,0.037,0.037,-1,Echolocation,/mnt/ubna_data_02_mir/recover-20221013/UBNA_001/20221012_030000.WAV,Telephone Field,recover-20221013,001,1795
97.0955,97.1042,28046,38180,Eptesicus serotinus,0.009,0.027,-1,Echolocation,/mnt/ubna_data_02_mir/recover-20221013/UBNA_001/20221012_030000.WAV,Telephone Field,recover-20221013,001,1795
97.1095,97.1467,68437,81729,Rhinolophus ferrumequinum,0.021,0.021,-1,Echolocation,/mnt/ubna_data_02_mir/recover-20221013/UBNA_001/20221012_030000.WAV,Telephone Field,recover-20221013,001,1795
97.1325,97.141,28046,38122,Eptesicus serotinus,0.008,0.022,-1,Echolocation,/mnt/ubna_data_02_mir/recover-20221013/UBNA_001/20221012_030000.WAV,Telephone Field,recover-20221013,001,1795
97.1505,97.187,68437,81220,Rhinolophus ferrumequinum,0.024,0.024,-1,Echolocation,/mnt/ubna_data_02_mir/recover-20221013/UBNA_001/20221012_030000.WAV,Telephone Field,recover-20221013,001,1795
97.1785,97.2164,68437,81658,Rhinolophus ferrumequinum,0.022,0.022,-1,Echolocation,/mnt/ubna_data_02_mir/recover-20221013/UBNA_001/20221012_030000.WAV,Telephone Field,recover-20221013,001,1795
97.2245,97.2354,28906,36688,Eptesicus serotinus,0.01,0.022,-1,Echolocation,/mnt/ubna_data_02_mir/recover-20221013/UBNA_001/20221012_030000.WAV,Telephone Field,recover-20221013,001,1795
97.2295,97.2388,28906,37351,Eptesicus serotinus,0.008,0.022,-1,Echolocation,/mnt/ubna_data_02_mir/recover-20221013/UBNA_001/20221012_030000.WAV,Telephone Field,recover-20221013,001,1795
97.2415,97.2522,23750,29611,Nyctalus leisleri,0.01,0.022,-1,Echolocation,/mnt/ubna_data_02_mir/recover-20221013/UBNA_001/20221012_030000.WAV,Telephone Field,recover-20221013,001,1795
97.2445,97.28059999999999,68437,81847,Rhinolophus ferrumequinum,0.024,0.024,-1,Echolocation,/mnt/ubna_data_02_mir/recover-20221013/UBNA_001/20221012_030000.WAV,Telephone Field,recover-20221013,001,1795
97.3105,97.3487,68437,82196,Rhinolophus ferrumequinum,0.022,0.022,-1,Echolocation,/mnt/ubna_data_02_mir/recover-20221013/UBNA_001/20221012_030000.WAV,Telephone Field,recover-20221013,001,1795
97.3245,97.3382,22031,25756,Nyctalus leisleri,0.017,0.029,-1,Echolocation,/mnt/ubna_data_02_mir/recover-20221013/UBNA_001/20221012_030000.WAV,Telephone Field,recover-20221013,001,1795
97.3875,97.3982,44375,50853,Pipistrellus pipistrellus,0.02,0.025,-1,Echolocation,/mnt/ubna_data_02_mir/recover-20221013/UBNA_001/20221012_030000.WAV,Telephone Field,recover-20221013,001,1795
97.4305,97.4677,68437,81503,Rhinolophus ferrumequinum,0.022,0.022,-1,Echolocation,/mnt/ubna_data_02_mir/recover-20221013/UBNA_001/20221012_030000.WAV,Telephone Field,recover-20221013,001,1795
97.4395,97.4588,18593,22277,Nyctalus noctula,0.016,0.032,-1,Echolocation,/mnt/ubna_data_02_mir/recover-20221013/UBNA_001/20221012_030000.WAV,Telephone Field,recover-20221013,001,1795
97.4565,97.4638,28046,38931,Eptesicus serotinus,0.008,0.027,-1,Echolocation,/mnt/ubna_data_02_mir/recover-20221013/UBNA_001/20221012_030000.WAV,Telephone Field,recover-20221013,001,1795
97.4815,97.5206,68437,82360,Rhinolophus ferrumequinum,0.023,0.023,-1,Echolocation,/mnt/ubna_data_02_mir/recover-20221013/UBNA_001/20221012_030000.WAV,Telephone Field,recover-20221013,001,1795
97.5585,97.5656,28046,40159,Eptesicus serotinus,0.007,0.021,-1,Echolocation,/mnt/ubna_data_02_mir/recover-20221013/UBNA_001/20221012_030000.WAV,Telephone Field,recover-20221013,001,1795
97.5655,97.6027,68437,81945,Rhinolophus ferrumequinum,0.021,0.021,-1,Echolocation,/mnt/ubna_data_02_mir/recover-20221013/UBNA_001/20221012_030000.WAV,Telephone Field,recover-20221013,001,1795
97.5815,97.6249,68437,83435,Rhinolophus ferrumequinum,0.03,0.03,-1,Echolocation,/mnt/ubna_data_02_mir/recover-20221013/UBNA_001/20221012_030000.WAV,Telephone Field,recover-20221013,001,1795
97.6155,97.6528,68437,82212,Rhinolophus ferrumequinum,0.027,0.027,-1,Echolocation,/mnt/ubna_data_02_mir/recover-20221013/UBNA_001/20221012_030000.WAV,Telephone Field,recover-20221013,001,1795
97.6285,97.6677,68437,82607,Rhinolophus ferrumequinum,0.024,0.024,-1,Echolocation,/mnt/ubna_data_02_mir/recover-20221013/UBNA_001/20221012_030000.WAV,Telephone Field,recover-20221013,001,1795
97.6315,97.6424,24609,32460,Eptesicus serotinus,0.009,0.023,-1,Echolocation,/mnt/ubna_data_02_mir/recover-20221013/UBNA_001/20221012_030000.WAV,Telephone Field,recover-20221013,001,1795
97.6845,97.7243,68437,82676,Rhinolophus ferrumequinum,0.026,0.026,-1,Echolocation,/mnt/ubna_data_02_mir/recover-20221013/UBNA_001/20221012_030000.WAV,Telephone Field,recover-20221013,001,1795
97.7775,97.8144,68437,81575,Rhinolophus ferrumequinum,0.021,0.021,-1,Echolocation,/mnt/ubna_data_02_mir/recover-20221013/UBNA_001/20221012_030000.WAV,Telephone Field,recover-20221013,001,1795
97.7915,97.8044,25468,31162,Nyctalus leisleri,0.016,0.037,-1,Echolocation,/mnt/ubna_data_02_mir/recover-20221013/UBNA_001/20221012_030000.WAV,Telephone Field,recover-20221013,001,1795
97.8365,97.8462,22890,29483,Nyctalus leisleri,0.008,0.025,-1,Echolocation,/mnt/ubna_data_02_mir/recover-20221013/UBNA_001/20221012_030000.WAV,Telephone Field,recover-20221013,001,1795
97.8585,97.8683,27187,35821,Eptesicus serotinus,0.014,0.029,-1,Echolocation,/mnt/ubna_data_02_mir/recover-20221013/UBNA_001/20221012_030000.WAV,Telephone Field,recover-20221013,001,1795
97.8775,97.9134,68437,81880,Rhinolophus ferrumequinum,0.021,0.021,-1,Echolocation,/mnt/ubna_data_02_mir/recover-20221013/UBNA_001/20221012_030000.WAV,Telephone Field,recover-20221013,001,1795
97.8885,97.9256,68437,81317,Rhinolophus ferrumequinum,0.023,0.023,-1,Echolocation,/mnt/ubna_data_02_mir/recover-20221013/UBNA_001/20221012_030000.WAV,Telephone Field,recover-20221013,001,1795
97.9085,97.9171,26328,35737,Eptesicus serotinus,0.011,0.025,-1,Echolocation,/mnt/ubna_data_02_mir/recover-20221013/UBNA_001/20221012_030000.WAV,Telephone Field,recover-20221013,001,1795
98.0015,98.0331,69296,80767,Rhinolophus ferrumequinum,0.026,0.027,-1,Echolocation,/mnt/ubna_data_02_mir/recover-20221013/UBNA_001/20221012_030000.WAV,Telephone Field,recover-20221013,001,1795
98.0015,98.0108,23750,30166,Nyctalus leisleri,0.011,0.028,-1,Echolocation,/mnt/ubna_data_02_mir/recover-20221013/UBNA_001/20221012_030000.WAV,Telephone Field,recover-20221013,001,1795
98.0205,98.0296,27187,38732,Eptesicus serotinus,0.009,0.023,-1,Echolocation,/mnt/ubna_data_02_mir/recover-20221013/UBNA_001/20221012_030000.WAV,Telephone Field,recover-20221013,001,1795
98.0475,98.0841,68437,81518,Rhinolophus ferrumequinum,0.02,0.021,-1,Echolocation,/mnt/ubna_data_02_mir/recover-20221013/UBNA_001/20221012_030000.WAV,Telephone Field,recover-20221013,001,1795
98.0505,98.0588,27187,36307,Eptesicus serotinus,0.022,0.052,-1,Echolocation,/mnt/ubna_data_02_mir/recover-20221013/UBNA_001/20221012_030000.WAV,Telephone Field,recover-20221013,001,1795
98.0775,98.0888,22890,27766,Nyctalus leisleri,0.012,0.025,-1,Echolocation,/mnt/ubna_data_02_mir/recover-20221013/UBNA_001/20221012_030000.WAV,Telephone Field,recover-20221013,001,1795
98.0855,98.1242,68437,82200,Rhinolophus ferrumequinum,0.025,0.025,-1,Echolocation,/mnt/ubna_data_02_mir/recover-20221013/UBNA_001/20221012_030000.WAV,Telephone Field,recover-20221013,001,1795
98.12950000000001,98.169,68437,81991,Rhinolophus ferrumequinum,0.023,0.023,-1,Echolocation,/mnt/ubna_data_02_mir/recover-20221013/UBNA_001/20221012_030000.WAV,Telephone Field,recover-20221013,001,1795
98.1365,98.1751,68437,82196,Rhinolophus ferrumequinum,0.022,0.022,-1,Echolocation,/mnt/ubna_data_02_mir/recover-20221013/UBNA_001/20221012_030000.WAV,Telephone Field,recover-20221013,001,1795
98.1725,98.21209999999999,68437,82381,Rhinolophus ferrumequinum,0.023,0.023,-1,Echolocation,/mnt/ubna_data_02_mir/recover-20221013/UBNA_001/20221012_030000.WAV,Telephone Field,recover-20221013,001,1795
98.1805,98.2215,68437,82473,Rhinolophus ferrumequinum,0.024,0.024,-1,Echolocation,/mnt/ubna_data_02_mir/recover-20221013/UBNA_001/20221012_030000.WAV,Telephone Field,recover-20221013,001,1795
98.1935,98.2333,68437,82513,Rhinolophus ferrumequinum,0.021,0.021,-1,Echolocation,/mnt/ubna_data_02_mir/recover-20221013/UBNA_001/20221012_030000.WAV,Telephone Field,recover-20221013,001,1795
98.2325,98.2403,28046,39244,Eptesicus serotinus,0.007,0.021,-1,Echolocation,/mnt/ubna_data_02_mir/recover-20221013/UBNA_001/20221012_030000.WAV,Telephone Field,recover-20221013,001,1795
98.2325,98.27250000000001,68437,82100,Rhinolophus ferrumequinum,0.029,0.029,-1,Echolocation,/mnt/ubna_data_02_mir/recover-20221013/UBNA_001/20221012_030000.WAV,Telephone Field,recover-20221013,001,1795
98.2485,98.2581,28906,37108,Eptesicus serotinus,0.009,0.023,-1,Echolocation,/mnt/ubna_data_02_mir/recover-20221013/UBNA_001/20221012_030000.WAV,Telephone Field,recover-20221013,001,1795
98.2765,98.3202,68437,83053,Rhinolophus ferrumequinum,0.027,0.027,-1,Echolocation,/mnt/ubna_data_02_mir/recover-20221013/UBNA_001/20221012_030000.WAV,Telephone Field,recover-20221013,001,1795
98.2885,98.3007,22890,28155,Nyctalus leisleri,0.013,0.026,-1,Echolocation,/mnt/ubna_data_02_mir/recover-20221013/UBNA_001/20221012_030000.WAV,Telephone Field,recover-20221013,001,1795
98.2995,98.3123,23750,28451,Nyctalus leisleri,0.028,0.056,-1,Echolocation,/mnt/ubna_data_02_mir/recover-20221013/UBNA_001/20221012_030000.WAV,Telephone Field,recover-20221013,001,1795
98.3135,98.3507,68437,81876,Rhinolophus ferrumequinum,0.022,0.022,-1,Echolocation,/mnt/ubna_data_02_mir/recover-20221013/UBNA_001/20221012_030000.WAV,Telephone Field,recover-20221013,001,1795
98.3375,98.377,68437,82570,Rhinolophus ferrumequinum,0.028,0.028,-1,Echolocation,/mnt/ubna_data_02_mir/recover-20221013/UBNA_001/20221012_030000.WAV,Telephone Field,recover-20221013,001,1795
98.3725,98.4123,68437,82689,Rhinolophus ferrumequinum,0.023,0.023,-1,Echolocation,/mnt/ubna_data_02_mir/recover-20221013/UBNA_001/20221012_030000.WAV,Telephone Field,recover-20221013,001,1795
98.4425,98.4541,22031,26565,Nyctalus leisleri,0.01,0.021,-1,Echolocation,/mnt/ubna_data_02_mir/recover-20221013/UBNA_001/20221012_030000.WAV,Telephone Field,recover-20221013,001,1795
98.4615,98.5021,68437,82917,Rhinolophus ferrumequinum,0.022,0.022,-1,Echolocation,/mnt/ubna_data_02_mir/recover-20221013/UBNA_001/20221012_030000.WAV,Telephone Field,recover-20221013,001,1795
98.4845,98.4942,28906,37408,Eptesicus serotinus,0.008,0.021,-1,Echolocation,/mnt/ubna_data_02_mir/recover-20221013/UBNA_001/20221012_030000.WAV,Telephone Field,recover-20221013,001,1795
98.4945,98.5321,68437,82034,Rhinolophus ferrumequinum,0.024,0.024,-1,Echolocation,/mnt/ubna_data_02_mir/recover-20221013/UBNA_001/20221012_030000.WAV,Telephone Field,recover-20221013,001,1795
98.5145,98.5556,68437,82371,Rhinolophus ferrumequinum,0.027,0.027,-1,Echolocation,/mnt/ubna_data_02_mir/recover-20221013/UBNA_001/20221012_030000.WAV,Telephone Field,recover-20221013,001,1795
98.5365,98.5775,68437,82596,Rhinolophus ferrumequinum,0.027,0.027,-1,Echolocation,/mnt/ubna_data_02_mir/recover-20221013/UBNA_001/20221012_030000.WAV,Telephone Field,recover-20221013,001,1795
98.5755,98.6146,68437,82499,Rhinolophus ferrumequinum,0.025,0.025,-1,Echolocation,/mnt/ubna_data_02_mir/recover-20221013/UBNA_001/20221012_030000.WAV,Telephone Field,recover-20221013,001,1795
98.5835,98.5916,28046,41101,Eptesicus serotinus,0.007,0.022,-1,Echolocation,/mnt/ubna_data_02_mir/recover-20221013/UBNA_001/20221012_030000.WAV,Telephone Field,recover-20221013,001,1795
98.5885,98.6254,68437,81066,Rhinolophus ferrumequinum,0.022,0.022,-1,Echolocation,/mnt/ubna_data_02_mir/recover-20221013/UBNA_001/20221012_030000.WAV,Telephone Field,recover-20221013,001,1795
98.6455,98.6827,68437,81838,Rhinolophus ferrumequinum,0.02,0.02,-1,Echolocation,/mnt/ubna_data_02_mir/recover-20221013/UBNA_001/20221012_030000.WAV,Telephone Field,recover-20221013,001,1795
98.6715,98.7086,68437,81721,Rhinolophus ferrumequinum,0.02,0.02,-1,Echolocation,/mnt/ubna_data_02_mir/recover-20221013/UBNA_001/20221012_030000.WAV,Telephone Field,recover-20221013,001,1795
98.6725,98.6827,28906,36203,Eptesicus serotinus,0.008,0.021,-1,Echolocation,/mnt/ubna_data_02_mir/recover-20221013/UBNA_001/20221012_030000.WAV,Telephone Field,recover-20221013,001,1795
98.7075,98.7443,68437,81393,Rhinolophus ferrumequinum,0.02,0.02,-1,Echolocation,/mnt/ubna_data_02_mir/recover-20221013/UBNA_001/20221012_030000.WAV,Telephone Field,recover-20221013,001,1795
98.7355,98.7454,28046,36943,Eptesicus serotinus,0.01,0.027,-1,Echolocation,/mnt/ubna_data_02_mir/recover-20221013/UBNA_001/20221012_030000.WAV,Telephone Field,recover-20221013,001,1795
98.7565,98.7628,26328,38343,Plecotus austriacus,0.005,0.024,-1,Echolocation,/mnt/ubna_data_02_mir/recover-20221013/UBNA_001/20221012_030000.WAV,Telephone Field,recover-20221013,001,1795
98.7785,98.8209,68437,82680,Rhinolophus ferrumequinum,0.034,0.034,-1,Echolocation,/mnt/ubna_data_02_mir/recover-20221013/UBNA_001/20221012_030000.WAV,Telephone Field,recover-20221013,001,1795
98.7815,98.7934,23750,29150,Nyctalus leisleri,0.012,0.024,-1,Echolocation,/mnt/ubna_data_02_mir/recover-20221013/UBNA_001/20221012_030000.WAV,Telephone Field,recover-20221013,001,1795
98.8115,98.8498,68437,81809,Rhinolophus ferrumequinum,0.02,0.02,-1,Echolocation,/mnt/ubna_data_02_mir/recover-20221013/UBNA_001/20221012_030000.WAV,Telephone Field,recover-20221013,001,1795
98.8275,98.8655,68437,82334,Rhinolophus ferrumequinum,0.021,0.021,-1,Echolocation,/mnt/ubna_data_02_mir/recover-20221013/UBNA_001/20221012_030000.WAV,Telephone Field,recover-20221013,001,1795
98.8475,98.8557,28046,39112,Eptesicus serotinus,0.007,0.021,-1,Echolocation,/mnt/ubna_data_02_mir/recover-20221013/UBNA_001/20221012_030000.WAV,Telephone Field,recover-20221013,001,1795
98.8695,98.8816,22890,27137,Nyctalus leisleri,0.012,0.021,-1,Echolocation,/mnt/ubna_data_02_mir/recover-20221013/UBNA_001/20221012_030000.WAV,Telephone Field,recover-20221013,001,1795
98.87950000000001,98.9174,68437,81707,Rhinolophus ferrumequinum,0.021,0.021,-1,Echolocation,/mnt/ubna_data_02_mir/recover-20221013/UBNA_001/20221012_030000.WAV,Telephone Field,recover-20221013,001,1795
98.89150000000001,98.9304,68437,81898,Rhinolophus ferrumequinum,0.023,0.023,-1,Echolocation,/mnt/ubna_data_02_mir/recover-20221013/UBNA_001/20221012_030000.WAV,Telephone Field,recover-20221013,001,1795
98.89750000000001,98.9044,23750,32776,Plecotus austriacus,0.016,0.031,-1,Echolocation,/mnt/ubna_data_02_mir/recover-20221013/UBNA_001/20221012_030000.WAV,Telephone Field,recover-20221013,001,1795
98.9375,98.9765,68437,82008,Rhinolophus ferrumequinum,0.021,0.021,-1,Echolocation,/mnt/ubna_data_02_mir/recover-20221013/UBNA_001/20221012_030000.WAV,Telephone Field,recover-20221013,001,1795
98.9615,98.9707,26328,37178,Eptesicus serotinus,0.008,0.023,-1,Echolocation,/mnt/ubna_data_02_mir/recover-20221013/UBNA_001/20221012_030000.WAV,Telephone Field,recover-20221013,001,1795
98.9625,98.9706,32343,43941,Myotis daubentonii,0.007,0.021,-1,Echolocation,/mnt/ubna_data_02_mir/recover-20221013/UBNA_001/20221012_030000.WAV,Telephone Field,recover-20221013,001,1795
99.0175,99.0572,68437,82518,Rhinolophus ferrumequinum,0.032,0.032,-1,Echolocation,/mnt/ubna_data_02_mir/recover-20221013/UBNA_001/20221012_030000.WAV,Telephone Field,recover-20221013,001,1795
99.0275,99.0707,68437,83409,Rhinolophus ferrumequinum,0.026,0.026,-1,Echolocation,/mnt/ubna_data_02_mir/recover-20221013/UBNA_001/20221012_030000.WAV,Telephone Field,recover-20221013,001,1795
99.0425,99.0793,68437,82334,Rhinolophus ferrumequinum,0.021,0.021,-1,Echolocation,/mnt/ubna_data_02_mir/recover-20221013/UBNA_001/20221012_030000.WAV,Telephone Field,recover-20221013,001,1795
99.0605,99.099,68437,81798,Rhinolophus ferrumequinum,0.021,0.021,-1,Echolocation,/mnt/ubna_data_02_mir/recover-20221013/UBNA_001/20221012_030000.WAV,Telephone Field,recover-20221013,001,1795
99.0875,99.128,68437,83279,Rhinolophus ferrumequinum,0.037,0.037,-1,Echolocation,/mnt/ubna_data_02_mir/recover-20221013/UBNA_001/20221012_030000.WAV,Telephone Field,recover-20221013,001,1795
99.11449999999999,99.1249,23750,29881,Nyctalus leisleri,0.01,0.023,-1,Echolocation,/mnt/ubna_data_02_mir/recover-20221013/UBNA_001/20221012_030000.WAV,Telephone Field,recover-20221013,001,1795
99.1255,99.1642,68437,82072,Rhinolophus ferrumequinum,0.025,0.025,-1,Echolocation,/mnt/ubna_data_02_mir/recover-20221013/UBNA_001/20221012_030000.WAV,Telephone Field,recover-20221013,001,1795
99.12950000000001,99.1387,28046,39627,Eptesicus serotinus,0.012,0.027,-1,Echolocation,/mnt/ubna_data_02_mir/recover-20221013/UBNA_001/20221012_030000.WAV,Telephone Field,recover-20221013,001,1795
99.1315,99.1405,46953,52068,Pipistrellus pipistrellus,0.023,0.026,-1,Echolocation,/mnt/ubna_data_02_mir/recover-20221013/UBNA_001/20221012_030000.WAV,Telephone Field,recover-20221013,001,1795
99.1345,99.1433,32343,39950,Myotis daubentonii,0.007,0.025,-1,Echolocation,/mnt/ubna_data_02_mir/recover-20221013/UBNA_001/20221012_030000.WAV,Telephone Field,recover-20221013,001,1795
99.14750000000001,99.1881,68437,82426,Rhinolophus ferrumequinum,0.025,0.025,-1,Echolocation,/mnt/ubna_data_02_mir/recover-20221013/UBNA_001/20221012_030000.WAV,Telephone Field,recover-20221013,001,1795
99.1585,99.16890000000001,22890,29439,Nyctalus leisleri,0.012,0.03,-1,Echolocation,/mnt/ubna_data_02_mir/recover-20221013/UBNA_001/20221012_030000.WAV,Telephone Field,recover-20221013,001,1795
99.1795,99.187,28046,39093,Eptesicus serotinus,0.007,0.024,-1,Echolocation,/mnt/ubna_data_02_mir/recover-20221013/UBNA_001/20221012_030000.WAV,Telephone Field,recover-20221013,001,1795
99.1865,99.2228,68437,81327,Rhinolophus ferrumequinum,0.021,0.021,-1,Echolocation,/mnt/ubna_data_02_mir/recover-20221013/UBNA_001/20221012_030000.WAV,Telephone Field,recover-20221013,001,1795
99.2035,99.2433,68437,82061,Rhinolophus ferrumequinum,0.024,0.024,-1,Echolocation,/mnt/ubna_data_02_mir/recover-20221013/UBNA_001/20221012_030000.WAV,Telephone Field,recover-20221013,001,1795
99.2245,99.2625,68437,81897,Rhinolophus ferrumequinum,0.02,0.02,-1,Echolocation,/mnt/ubna_data_02_mir/recover-20221013/UBNA_001/20221012_030000.WAV,Telephone Field,recover-20221013,001,1795
99.2445,99.28020000000001,68437,81001,Rhinolophus ferrumequinum,0.023,0.023,-1,Echolocation,/mnt/ubna_data_02_mir/recover-20221013/UBNA_001/20221012_030000.WAV,Telephone Field,recover-20221013,001,1795
99.2475,99.2572,28906,36398,Eptesicus serotinus,0.008,0.021,-1,Echolocation,/mnt/ubna_data_02_mir/recover-20221013/UBNA_001/20221012_030000.WAV,Telephone Field,recover-20221013,001,1795
99.2755,99.284,28906,38408,Eptesicus serotinus,0.007,0.022,-1,Echolocation,/mnt/ubna_data_02_mir/recover-20221013/UBNA_001/20221012_030000.WAV,Telephone Field,recover-20221013,001,1795
99.2945,99.3069,58984,64807,Pipistrellus pygmaeus,0.022,0.022,-1,Echolocation,/mnt/ubna_data_02_mir/recover-20221013/UBNA_001/20221012_030000.WAV,Telephone Field,recover-20221013,001,1795
99.3295,99.369,68437,82690,Rhinolophus ferrumequinum,0.026,0.026,-1,Echolocation,/mnt/ubna_data_02_mir/recover-20221013/UBNA_001/20221012_030000.WAV,Telephone Field,recover-20221013,001,1795
99.3515,99.3904,68437,82816,Rhinolophus ferrumequinum,0.039,0.039,-1,Echolocation,/mnt/ubna_data_02_mir/recover-20221013/UBNA_001/20221012_030000.WAV,Telephone Field,recover-20221013,001,1795
99.3625,99.3708,28046,36634,Eptesicus serotinus,0.006,0.021,-1,Echolocation,/mnt/ubna_data_02_mir/recover-20221013/UBNA_001/20221012_030000.WAV,Telephone Field,recover-20221013,001,1795
99.3695,99.3754,45234,51685,Pipistrellus pipistrellus,0.02,0.024,-1,Echolocation,/mnt/ubna_data_02_mir/recover-20221013/UBNA_001/20221012_030000.WAV,Telephone Field,recover-20221013,001,1795
99.3745,99.3833,28046,40358,Eptesicus serotinus,0.007,0.02,-1,Echolocation,/mnt/ubna_data_02_mir/recover-20221013/UBNA_001/20221012_030000.WAV,Telephone Field,recover-20221013,001,1795
99.3845,99.4244,68437,82752,Rhinolophus ferrumequinum,0.022,0.022,-1,Echolocation,/mnt/ubna_data_02_mir/recover-20221013/UBNA_001/20221012_030000.WAV,Telephone Field,recover-20221013,001,1795
99.3965,99.4369,68437,82533,Rhinolophus ferrumequinum,0.021,0.021,-1,Echolocation,/mnt/ubna_data_02_mir/recover-20221013/UBNA_001/20221012_030000.WAV,Telephone Field,recover-20221013,001,1795
99.4025,99.4117,24609,31768,Nyctalus leisleri,0.007,0.021,-1,Echolocation,/mnt/ubna_data_02_mir/recover-20221013/UBNA_001/20221012_030000.WAV,Telephone Field,recover-20221013,001,1795
99.4165,99.4556,68437,82421,Rhinolophus ferrumequinum,0.022,0.022,-1,Echolocation,/mnt/ubna_data_02_mir/recover-20221013/UBNA_001/20221012_030000.WAV,Telephone Field,recover-20221013,001,1795
99.4265,99.4616,68437,81179,Rhinolophus ferrumequinum,0.023,0.023,-1,Echolocation,/mnt/ubna_data_02_mir/recover-20221013/UBNA_001/20221012_030000.WAV,Telephone Field,recover-20221013,001,1795
99.4335,99.4529,18593,22265,Nyctalus noctula,0.015,0.026,-1,Echolocation,/mnt/ubna_data_02_mir/recover-20221013/UBNA_001/20221012_030000.WAV,Telephone Field,recover-20221013,001,1795
99.4425,99.4809,68437,82062,Rhinolophus ferrumequinum,0.023,0.023,-1,Echolocation,/mnt/ubna_data_02_mir/recover-20221013/UBNA_001/20221012_030000.WAV,Telephone Field,recover-20221013,001,1795
99.4885,99.506,21171,24342,Nyctalus leisleri,0.019,0.031,-1,Echolocation,/mnt/ubna_data_02_mir/recover-20221013/UBNA_001/20221012_030000.WAV,Telephone Field,recover-20221013,001,1795
99.4885,99.5288,68437,82198,Rhinolophus ferrumequinum,0.021,0.021,-1,Echolocation,/mnt/ubna_data_02_mir/recover-20221013/UBNA_001/20221012_030000.WAV,Telephone Field,recover-20221013,001,1795
99.5285,99.5682,68437,82259,Rhinolophus ferrumequinum,0.02,0.02,-1,Echolocation,/mnt/ubna_data_02_mir/recover-20221013/UBNA_001/20221012_030000.WAV,Telephone Field,recover-20221013,001,1795
99.5735,99.6155,68437,83443,Rhinolophus ferrumequinum,0.032,0.032,-1,Echolocation,/mnt/ubna_data_02_mir/recover-20221013/UBNA_001/20221012_030000.WAV,Telephone Field,recover-20221013,001,1795
99.6115,99.6528,68437,81530,Rhinolophus ferrumequinum,0.025,0.025,-1,Echolocation,/mnt/ubna_data_02_mir/recover-20221013/UBNA_001/20221012_030000.WAV,Telephone Field,recover-20221013,001,1795
99.6195,99.6597,68437,82700,Rhinolophus ferrumequinum,0.022,0.022,-1,Echolocation,/mnt/ubna_data_02_mir/recover-20221013/UBNA_001/20221012_030000.WAV,Telephone Field,recover-20221013,001,1795
99.6995,99.7074,28046,37874,Eptesicus serotinus,0.008,0.023,-1,Echolocation,/mnt/ubna_data_02_mir/recover-20221013/UBNA_001/20221012_030000.WAV,Telephone Field,recover-20221013,001,1795
99.7085,99.7457,68437,81735,Rhinolophus ferrumequinum,0.022,0.022,-1,Echolocation,/mnt/ubna_data_02_mir/recover-20221013/UBNA_001/20221012_030000.WAV,Telephone Field,recover-20221013,001,1795
99.7365,99.7804,68437,83562,Rhinolophus ferrumequinum,0.032,0.032,-1,Echolocation,/mnt/ubna_data_02_mir/recover-20221013/UBNA_001/20221012_030000.WAV,Telephone Field,recover-20221013,001,1795
99.7635,99.8025,68437,81738,Rhinolophus ferrumequinum,0.023,0.023,-1,Echolocation,/mnt/ubna_data_02_mir/recover-20221013/UBNA_001/20221012_030000.WAV,Telephone Field,recover-20221013,001,1795
99.7745,99.7816,28906,40757,Eptesicus serotinus,0.006,0.023,-1,Echolocation,/mnt/ubna_data_02_mir/recover-20221013/UBNA_001/20221012_030000.WAV,Telephone Field,recover-20221013,001,1795
99.7805,99.8142,68437,80914,Rhinolophus ferrumequinum,0.02,0.02,-1,Echolocation,/mnt/ubna_data_02_mir/recover-20221013/UBNA_001/20221012_030000.WAV,Telephone Field,recover-20221013,001,1795
99.8125,99.8487,68437,81266,Rhinolophus ferrumequinum,0.021,0.021,-1,Echolocation,/mnt/ubna_data_02_mir/recover-20221013/UBNA_001/20221012_030000.WAV,Telephone Field,recover-20221013,001,1795
99.8195,99.8575,68437,81866,Rhinolophus ferrumequinum,0.021,0.021,-1,Echolocation,/mnt/ubna_data_02_mir/recover-20221013/UBNA_001/20221012_030000.WAV,Telephone Field,recover-20221013,001,1795
99.8555,99.8648,28046,36904,Eptesicus serotinus,0.009,0.022,-1,Echolocation,/mnt/ubna_data_02_mir/recover-20221013/UBNA_001/20221012_030000.WAV,Telephone Field,recover-20221013,001,1795
99.8615,99.8997,68437,81993,Rhinolophus ferrumequinum,0.023,0.023,-1,Echolocation,/mnt/ubna_data_02_mir/recover-20221013/UBNA_001/20221012_030000.WAV,Telephone Field,recover-20221013,001,1795
99.8765,99.91,68437,82294,Rhinolophus ferrumequinum,0.021,0.021,-1,Echolocation,/mnt/ubna_data_02_mir/recover-20221013/UBNA_001/20221012_030000.WAV,Telephone Field,recover-20221013,001,1795
99.87950000000001,99.898,22031,25584,Nyctalus leisleri,0.018,0.028,-1,Echolocation,/mnt/ubna_data_02_mir/recover-20221013/UBNA_001/20221012_030000.WAV,Telephone Field,recover-20221013,001,1795
99.8875,99.9254,68437,81553,Rhinolophus ferrumequinum,0.021,0.021,-1,Echolocation,/mnt/ubna_data_02_mir/recover-20221013/UBNA_001/20221012_030000.WAV,Telephone Field,recover-20221013,001,1795
99.9065,99.9422,68437,81362,Rhinolophus ferrumequinum,0.021,0.021,-1,Echolocation,/mnt/ubna_data_02_mir/recover-20221013/UBNA_001/20221012_030000.WAV,Telephone Field,recover-20221013,001,1795
99.9195,99.9591,68437,82446,Rhinolophus ferrumequinum,0.026,0.026,-1,Echolocation,/mnt/ubna_data_02_mir/recover-20221013/UBNA_001/20221012_030000.WAV,Telephone Field,recover-20221013,001,1795
99.9355,99.9451,24609,31320,Eptesicus serotinus,0.008,0.022,-1,Echolocation,/mnt/ubna_data_02_mir/recover-20221013/UBNA_001/20221012_030000.WAV,Telephone Field,recover-20221013,001,1795
100.0015,100.0102,25468,36522,Nyctalus leisleri,0.006,0.025,-1,Echolocation,/mnt/ubna_data_02_mir/recover-20221013/UBNA_001/20221012_030000.WAV,Telephone Field,recover-20221013,001,1795
100.0015,100.0339,68437,79571,Rhinolophus ferrumequinum,0.029,0.03,-1,Echolocation,/mnt/ubna_data_02_mir/recover-20221013/UBNA_001/20221012_030000.WAV,Telephone Field,recover-20221013,001,1795
100.0015,100.01089999999999,49531,56556,Pipistrellus pipistrellus,0.012,0.023,-1,Echolocation,/mnt/ubna_data_02_mir/recover-20221013/UBNA_001/20221012_030000.WAV,Telephone Field,recover-20221013,001,1795
100.0185,100.028,27187,35424,Eptesicus serotinus,0.008,0.021,-1,Echolocation,/mnt/ubna_data_02_mir/recover-20221013/UBNA_001/20221012_030000.WAV,Telephone Field,recover-20221013,001,1795
100.0355,100.0764,68437,82806,Rhinolophus ferrumequinum,0.021,0.021,-1,Echolocation,/mnt/ubna_data_02_mir/recover-20221013/UBNA_001/20221012_030000.WAV,Telephone Field,recover-20221013,001,1795
100.0675,100.07900000000001,22031,26684,Nyctalus leisleri,0.01,0.022,-1,Echolocation,/mnt/ubna_data_02_mir/recover-20221013/UBNA_001/20221012_030000.WAV,Telephone Field,recover-20221013,001,1795
100.0935,100.102,27187,35502,Eptesicus serotinus,0.009,0.023,-1,Echolocation,/mnt/ubna_data_02_mir/recover-20221013/UBNA_001/20221012_030000.WAV,Telephone Field,recover-20221013,001,1795
100.1075,100.1169,27187,36523,Eptesicus serotinus,0.013,0.032,-1,Echolocation,/mnt/ubna_data_02_mir/recover-20221013/UBNA_001/20221012_030000.WAV,Telephone Field,recover-20221013,001,1795
100.1545,100.1958,68437,82519,Rhinolophus ferrumequinum,0.024,0.024,-1,Echolocation,/mnt/ubna_data_02_mir/recover-20221013/UBNA_001/20221012_030000.WAV,Telephone Field,recover-20221013,001,1795
100.1685,100.2098,68437,83914,Rhinolophus ferrumequinum,0.027,0.027,-1,Echolocation,/mnt/ubna_data_02_mir/recover-20221013/UBNA_001/20221012_030000.WAV,Telephone Field,recover-20221013,001,1795
100.2005,100.2387,68437,81984,Rhinolophus ferrumequinum,0.025,0.025,-1,Echolocation,/mnt/ubna_data_02_mir/recover-20221013/UBNA_001/20221012_030000.WAV,Telephone Field,recover-20221013,001,1795
100.2025,100.2119,22031,27967,Nyctalus leisleri,0.008,0.022,-1,Echolocation,/mnt/ubna_data_02_mir/recover-20221013/UBNA_001/20221012_030000.WAV,Telephone Field,recover-20221013,001,1795
100.2365,100.2734,68437,81533,Rhinolophus ferrumequinum,0.023,0.023,-1,Echolocation,/mnt/ubna_data_02_mir/recover-20221013/UBNA_001/20221012_030000.WAV,Telephone Field,recover-20221013,001,1795
100.2595,100.2693,22031,27603,Nyctalus leisleri,0.008,0.021,-1,Echolocation,/mnt/ubna_data_02_mir/recover-20221013/UBNA_001/20221012_030000.WAV,Telephone Field,recover-20221013,001,1795
100.2805,100.3147,68437,81462,Rhinolophus ferrumequinum,0.022,0.022,-1,Echolocation,/mnt/ubna_data_02_mir/recover-20221013/UBNA_001/20221012_030000.WAV,Telephone Field,recover-20221013,001,1795
100.3135,100.3518,68437,81970,Rhinolophus ferrumequinum,0.023,0.023,-1,Echolocation,/mnt/ubna_data_02_mir/recover-20221013/UBNA_001/20221012_030000.WAV,Telephone Field,recover-20221013,001,1795
100.3275,100.3684,68437,82746,Rhinolophus ferrumequinum,0.029,0.029,-1,Echolocation,/mnt/ubna_data_02_mir/recover-20221013/UBNA_001/20221012_030000.WAV,Telephone Field,recover-20221013,001,1795
100.3375,100.3477,28046,37767,Eptesicus serotinus,0.01,0.026,-1,Echolocation,/mnt/ubna_data_02_mir/recover-20221013/UBNA_001/20221012_030000.WAV,Telephone Field,recover-20221013,001,1795
100.3435,100.354,28906,36318,Eptesicus serotinus,0.01,0.026,-1,Echolocation,/mnt/ubna_data_02_mir/recover-20221013/UBNA_001/20221012_030000.WAV,Telephone Field,recover-20221013,001,1795
100.3995,100.4381,68437,82023,Rhinolophus ferrumequinum,0.021,0.021,-1,Echolocation,/mnt/ubna_data_02_mir/recover-20221013/UBNA_001/20221012_030000.WAV,Telephone Field,recover-20221013,001,1795
100.4255,100.4639,68437,82284,Rhinolophus ferrumequinum,0.021,0.022,-1,Echolocation,/mnt/ubna_data_02_mir/recover-20221013/UBNA_001/20221012_030000.WAV,Telephone Field,recover-20221013,001,1795
100.4595,100.49680000000001,68437,82217,Rhinolophus ferrumequinum,0.021,0.021,-1,Echolocation,/mnt/ubna_data_02_mir/recover-20221013/UBNA_001/20221012_030000.WAV,Telephone Field,recover-20221013,001,1795
100.4605,100.4699,25468,34152,Eptesicus serotinus,0.011,0.029,-1,Echolocation,/mnt/ubna_data_02_mir/recover-20221013/UBNA_001/20221012_030000.WAV,Telephone Field,recover-20221013,001,1795
100.4985,100.5048,33203,58840,Myotis brandtii,0.007,0.02,-1,Echolocation,/mnt/ubna_data_02_mir/recover-20221013/UBNA_001/20221012_030000.WAV,Telephone Field,recover-20221013,001,1795
100.50450000000001,100.5423,68437,82567,Rhinolophus ferrumequinum,0.027,0.027,-1,Echolocation,/mnt/ubna_data_02_mir/recover-20221013/UBNA_001/20221012_030000.WAV,Telephone Field,recover-20221013,001,1795
100.5195,100.5582,68437,82555,Rhinolophus ferrumequinum,0.021,0.021,-1,Echolocation,/mnt/ubna_data_02_mir/recover-20221013/UBNA_001/20221012_030000.WAV,Telephone Field,recover-20221013,001,1795
100.5475,100.5875,68437,82634,Rhinolophus ferrumequinum,0.025,0.025,-1,Echolocation,/mnt/ubna_data_02_mir/recover-20221013/UBNA_001/20221012_030000.WAV,Telephone Field,recover-20221013,001,1795
100.5525,100.5662,24609,29864,Nyctalus leisleri,0.031,0.074,-1,Echolocation,/mnt/ubna_data_02_mir/recover-20221013/UBNA_001/20221012_030000.WAV,Telephone Field,recover-20221013,001,1795
100.5705,100.5776,28906,39478,Eptesicus serotinus,0.006,0.026,-1,Echolocation,/mnt/ubna_data_02_mir/recover-20221013/UBNA_001/20221012_030000.WAV,Telephone Field,recover-20221013,001,1795
100.5945,100.602,28046,37122,Eptesicus serotinus,0.007,0.022,-1,Echolocation,/mnt/ubna_data_02_mir/recover-20221013/UBNA_001/20221012_030000.WAV,Telephone Field,recover-20221013,001,1795
100.6115,100.6497,68437,81199,Rhinolophus ferrumequinum,0.023,0.023,-1,Echolocation,/mnt/ubna_data_02_mir/recover-20221013/UBNA_001/20221012_030000.WAV,Telephone Field,recover-20221013,001,1795
100.61449999999999,100.6248,27187,35631,Eptesicus serotinus,0.015,0.029,-1,Echolocation,/mnt/ubna_data_02_mir/recover-20221013/UBNA_001/20221012_030000.WAV,Telephone Field,recover-20221013,001,1795
100.6455,100.6561,28906,35484,Eptesicus serotinus,0.009,0.024,-1,Echolocation,/mnt/ubna_data_02_mir/recover-20221013/UBNA_001/20221012_030000.WAV,Telephone Field,recover-20221013,001,1795
100.6535,100.6938,68437,82414,Rhinolophus ferrumequinum,0.033,0.033,-1,Echolocation,/mnt/ubna_data_02_mir/recover-20221013/UBNA_001/20221012_030000.WAV,Telephone Field,recover-20221013,001,1795
100.6695,100.678,26328,37238,Eptesicus serotinus,0.009,0.027,-1,Echolocation,/mnt/ubna_data_02_mir/recover-20221013/UBNA_001/20221012_030000.WAV,Telephone Field,recover-20221013,001,1795
100.6805,100.7187,68437,82082,Rhinolophus ferrumequinum,0.021,0.021,-1,Echolocation,/mnt/ubna_data_02_mir/recover-20221013/UBNA_001/20221012_030000.WAV,Telephone Field,recover-20221013,001,1795
100.7115,100.7497,68437,82492,Rhinolophus ferrumequinum,0.027,0.027,-1,Echolocation,/mnt/ubna_data_02_mir/recover-20221013/UBNA_001/20221012_030000.WAV,Telephone Field,recover-20221013,001,1795
100.7185,100.72540000000001,35781,57087,Myotis brandtii,0.009,0.025,-1,Echolocation,/mnt/ubna_data_02_mir/recover-20221013/UBNA_001/20221012_030000.WAV,Telephone Field,recover-20221013,001,1795
100.7495,100.7606,28046,35619,Eptesicus serotinus,0.01,0.025,-1,Echolocation,/mnt/ubna_data_02_mir/recover-20221013/UBNA_001/20221012_030000.WAV,Telephone Field,recover-20221013,001,1795
100.7735,100.8101,68437,81642,Rhinolophus ferrumequinum,0.021,0.021,-1,Echolocation,/mnt/ubna_data_02_mir/recover-20221013/UBNA_001/20221012_030000.WAV,Telephone Field,recover-20221013,001,1795
100.7805,100.8175,68437,81096,Rhinolophus ferrumequinum,0.022,0.022,-1,Echolocation,/mnt/ubna_data_02_mir/recover-20221013/UBNA_001/20221012_030000.WAV,Telephone Field,recover-20221013,001,1795
100.7875,100.8211,68437,80393,Rhinolophus ferrumequinum,0.022,0.022,-1,Echolocation,/mnt/ubna_data_02_mir/recover-20221013/UBNA_001/20221012_030000.WAV,Telephone Field,recover-20221013,001,1795
100.8065,100.8413,68437,81222,Rhinolophus ferrumequinum,0.022,0.022,-1,Echolocation,/mnt/ubna_data_02_mir/recover-20221013/UBNA_001/20221012_030000.WAV,Telephone Field,recover-20221013,001,1795
100.8295,100.8719,68437,83023,Rhinolophus ferrumequinum,0.027,0.027,-1,Echolocation,/mnt/ubna_data_02_mir/recover-20221013/UBNA_001/20221012_030000.WAV,Telephone Field,recover-20221013,001,1795
100.8745,100.8821,27187,36451,Eptesicus serotinus,0.006,0.022,-1,Echolocation,/mnt/ubna_data_02_mir/recover-20221013/UBNA_001/20221012_030000.WAV,Telephone Field,recover-20221013,001,1795
100.9015,100.938,68437,81462,Rhinolophus ferrumequinum,0.021,0.021,-1,Echolocation,/mnt/ubna_data_02_mir/recover-20221013/UBNA_001/20221012_030000.WAV,Telephone Field,recover-20221013,001,1795
100.9245,100.96209999999999,68437,81950,Rhinolophus ferrumequinum,0.021,0.021,-1,Echolocation,/mnt/ubna_data_02_mir/recover-20221013/UBNA_001/20221012_030000.WAV,Telephone Field,recover-20221013,001,1795
100.9265,100.9359,28046,36528,Eptesicus serotinus,0.008,0.022,-1,Echolocation,/mnt/ubna_data_02_mir/recover-20221013/UBNA_001/20221012_030000.WAV,Telephone Field,recover-20221013,001,1795
100.9335,100.9711,68437,81953,Rhinolophus ferrumequinum,0.025,0.025,-1,Echolocation,/mnt/ubna_data_02_mir/recover-20221013/UBNA_001/20221012_030000.WAV,Telephone Field,recover-20221013,001,1795
100.9555,100.9646,28046,36490,Eptesicus serotinus,0.009,0.023,-1,Echolocation,/mnt/ubna_data_02_mir/recover-20221013/UBNA_001/20221012_030000.WAV,Telephone Field,recover-20221013,001,1795
101.0115,101.0245,25468,31747,Eptesicus serotinus,0.013,0.029,-1,Echolocation,/mnt/ubna_data_02_mir/recover-20221013/UBNA_001/20221012_030000.WAV,Telephone Field,recover-20221013,001,1795
101.0625,101.1006,68437,82145,Rhinolophus ferrumequinum,0.026,0.026,-1,Echolocation,/mnt/ubna_data_02_mir/recover-20221013/UBNA_001/20221012_030000.WAV,Telephone Field,recover-20221013,001,1795
101.0745,101.1137,68437,82382,Rhinolophus ferrumequinum,0.021,0.021,-1,Echolocation,/mnt/ubna_data_02_mir/recover-20221013/UBNA_001/20221012_030000.WAV,Telephone Field,recover-20221013,001,1795
101.0765,101.0836,26328,39054,Eptesicus serotinus,0.008,0.031,-1,Echolocation,/mnt/ubna_data_02_mir/recover-20221013/UBNA_001/20221012_030000.WAV,Telephone Field,recover-20221013,001,1795
101.0905,101.1303,68437,82036,Rhinolophus ferrumequinum,0.022,0.022,-1,Echolocation,/mnt/ubna_data_02_mir/recover-20221013/UBNA_001/20221012_030000.WAV,Telephone Field,recover-20221013,001,1795
101.0915,101.1023,22890,28362,Nyctalus leisleri,0.009,0.02,-1,Echolocation,/mnt/ubna_data_02_mir/recover-20221013/UBNA_001/20221012_030000.WAV,Telephone Field,recover-20221013,001,1795
101.1185,101.127,28046,38763,Eptesicus serotinus,0.007,0.022,-1,Echolocation,/mnt/ubna_data_02_mir/recover-20221013/UBNA_001/20221012_030000.WAV,Telephone Field,recover-20221013,001,1795
101.1485,101.1541,38359,56673,Myotis mystacinus,0.008,0.027,-1,Echolocation,/mnt/ubna_data_02_mir/recover-20221013/UBNA_001/20221012_030000.WAV,Telephone Field,recover-20221013,001,1795
101.1955,101.2328,68437,82196,Rhinolophus ferrumequinum,0.023,0.024,-1,Echolocation,/mnt/ubna_data_02_mir/recover-20221013/UBNA_001/20221012_030000.WAV,Telephone Field,recover-20221013,001,1795
101.2495,101.2582,28046,39525,Eptesicus serotinus,0.008,0.022,-1,Echolocation,/mnt/ubna_data_02_mir/recover-20221013/UBNA_001/20221012_030000.WAV,Telephone Field,recover-20221013,001,1795
101.2795,101.2919,34921,40289,Pipistrellus nathusii,0.011,0.025,-1,Echolocation,/mnt/ubna_data_02_mir/recover-20221013/UBNA_001/20221012_030000.WAV,Telephone Field,recover-20221013,001,1795
101.3125,101.3506,68437,82144,Rhinolophus ferrumequinum,0.026,0.026,-1,Echolocation,/mnt/ubna_data_02_mir/recover-20221013/UBNA_001/20221012_030000.WAV,Telephone Field,recover-20221013,001,1795
101.3215,101.3293,26328,38385,Eptesicus serotinus,0.006,0.022,-1,Echolocation,/mnt/ubna_data_02_mir/recover-20221013/UBNA_001/20221012_030000.WAV,Telephone Field,recover-20221013,001,1795
101.3415,101.3515,22890,29472,Nyctalus leisleri,0.009,0.026,-1,Echolocation,/mnt/ubna_data_02_mir/recover-20221013/UBNA_001/20221012_030000.WAV,Telephone Field,recover-20221013,001,1795
101.3565,101.3957,68437,82379,Rhinolophus ferrumequinum,0.023,0.023,-1,Echolocation,/mnt/ubna_data_02_mir/recover-20221013/UBNA_001/20221012_030000.WAV,Telephone Field,recover-20221013,001,1795
101.3595,101.3703,25468,31960,Eptesicus serotinus,0.009,0.025,-1,Echolocation,/mnt/ubna_data_02_mir/recover-20221013/UBNA_001/20221012_030000.WAV,Telephone Field,recover-20221013,001,1795
101.3695,101.4071,68437,81550,Rhinolophus ferrumequinum,0.021,0.021,-1,Echolocation,/mnt/ubna_data_02_mir/recover-20221013/UBNA_001/20221012_030000.WAV,Telephone Field,recover-20221013,001,1795
101.3715,101.3817,27187,35553,Eptesicus serotinus,0.013,0.027,-1,Echolocation,/mnt/ubna_data_02_mir/recover-20221013/UBNA_001/20221012_030000.WAV,Telephone Field,recover-20221013,001,1795
101.4125,101.4489,68437,82198,Rhinolophus ferrumequinum,0.024,0.024,-1,Echolocation,/mnt/ubna_data_02_mir/recover-20221013/UBNA_001/20221012_030000.WAV,Telephone Field,recover-20221013,001,1795
101.4135,101.4228,25468,33194,Nyctalus leisleri,0.006,0.022,-1,Echolocation,/mnt/ubna_data_02_mir/recover-20221013/UBNA_001/20221012_030000.WAV,Telephone Field,recover-20221013,001,1795
101.4215,101.4608,68437,82409,Rhinolophus ferrumequinum,0.021,0.021,-1,Echolocation,/mnt/ubna_data_02_mir/recover-20221013/UBNA_001/20221012_030000.WAV,Telephone Field,recover-20221013,001,1795
101.4385,101.4756,68437,81412,Rhinolophus ferrumequinum,0.021,0.021,-1,Echolocation,/mnt/ubna_data_02_mir/recover-20221013/UBNA_001/20221012_030000.WAV,Telephone Field,recover-20221013,001,1795
101.4505,101.4594,28046,37576,Eptesicus serotinus,0.009,0.026,-1,Echolocation,/mnt/ubna_data_02_mir/recover-20221013/UBNA_001/20221012_030000.WAV,Telephone Field,recover-20221013,001,1795
101.4675,101.5062,68437,82325,Rhinolophus ferrumequinum,0.021,0.021,-1,Echolocation,/mnt/ubna_data_02_mir/recover-20221013/UBNA_001/20221012_030000.WAV,Telephone Field,recover-20221013,001,1795
101.47749999999999,101.4876,28046,36779,Eptesicus serotinus,0.009,0.021,-1,Echolocation,/mnt/ubna_data_02_mir/recover-20221013/UBNA_001/20221012_030000.WAV,Telephone Field,recover-20221013,001,1795
101.4875,101.5276,68437,82867,Rhinolophus ferrumequinum,0.033,0.033,-1,Echolocation,/mnt/ubna_data_02_mir/recover-20221013/UBNA_001/20221012_030000.WAV,Telephone Field,recover-20221013,001,1795
101.5175,101.5515,68437,81482,Rhinolophus ferrumequinum,0.022,0.022,-1,Echolocation,/mnt/ubna_data_02_mir/recover-20221013/UBNA_001/20221012_030000.WAV,Telephone Field,recover-20221013,001,1795
101.5185,101.5286,22031,28361,Plecotus austriacus,0.008,0.024,-1,Echolocation,/mnt/ubna_data_02_mir/recover-20221013/UBNA_001/20221012_030000.WAV,Telephone Field,recover-20221013,001,1795
101.5205,101.5265,46093,56696,Pipistrellus pipistrellus,0.013,0.023,-1,Echolocation,/mnt/ubna_data_02_mir/recover-20221013/UBNA_001/20221012_030000.WAV,Telephone Field,recover-20221013,001,1795
101.5295,101.5414,22031,26338,Nyctalus leisleri,0.011,0.021,-1,Echolocation,/mnt/ubna_data_02_mir/recover-20221013/UBNA_001/20221012_030000.WAV,Telephone Field,recover-20221013,001,1795
101.5305,101.5387,28046,38935,Eptesicus serotinus,0.008,0.023,-1,Echolocation,/mnt/ubna_data_02_mir/recover-20221013/UBNA_001/20221012_030000.WAV,Telephone Field,recover-20221013,001,1795
101.5365,101.5468,22031,26140,Nyctalus leisleri,0.011,0.02,-1,Echolocation,/mnt/ubna_data_02_mir/recover-20221013/UBNA_001/20221012_030000.WAV,Telephone Field,recover-20221013,001,1795
101.5625,101.5706,27187,39645,Eptesicus serotinus,0.008,0.025,-1,Echolocation,/mnt/ubna_data_02_mir/recover-20221013/UBNA_001/20221012_030000.WAV,Telephone Field,recover-20221013,001,1795
101.5755,101.613,68437,81873,Rhinolophus ferrumequinum,0.022,0.022,-1,Echolocation,/mnt/ubna_data_02_mir/recover-20221013/UBNA_001/20221012_030000.WAV,Telephone Field,recover-20221013,001,1795
101.5955,101.6015,40078,57521,Myotis mystacinus,0.007,0.021,-1,Echolocation,/mnt/ubna_data_02_mir/recover-20221013/UBNA_001/20221012_030000.WAV,Telephone Field,recover-20221013,001,1795
101.5955,101.6019,25468,38330,Myotis nattereri,0.005,0.023,-1,Echolocation,/mnt/ubna_data_02_mir/recover-20221013/UBNA_001/20221012_030000.WAV,Telephone Field,recover-20221013,001,1795
101.6055,101.6454,68437,82457,Rhinolophus ferrumequinum,0.023,0.023,-1,Echolocation,/mnt/ubna_data_02_mir/recover-20221013/UBNA_001/20221012_030000.WAV,Telephone Field,recover-20221013,001,1795
101.60849999999999,101.6237,50390,54168,Pipistrellus pygmaeus,0.013,0.022,-1,Echolocation,/mnt/ubna_data_02_mir/recover-20221013/UBNA_001/20221012_030000.WAV,Telephone Field,recover-20221013,001,1795
101.6195,101.6284,27187,36060,Eptesicus serotinus,0.009,0.023,-1,Echolocation,/mnt/ubna_data_02_mir/recover-20221013/UBNA_001/20221012_030000.WAV,Telephone Field,recover-20221013,001,1795
101.6235,101.6639,68437,82159,Rhinolophus ferrumequinum,0.021,0.021,-1,Echolocation,/mnt/ubna_data_02_mir/recover-20221013/UBNA_001/20221012_030000.WAV,Telephone Field,recover-20221013,001,1795
101.6585,101.6663,27187,37175,Eptesicus serotinus,0.007,0.022,-1,Echolocation,/mnt/ubna_data_02_mir/recover-20221013/UBNA_001/20221012_030000.WAV,Telephone Field,recover-20221013,001,1795
101.6605,101.6979,68437,82304,Rhinolophus ferrumequinum,0.022,0.022,-1,Echolocation,/mnt/ubna_data_02_mir/recover-20221013/UBNA_001/20221012_030000.WAV,Telephone Field,recover-20221013,001,1795
101.6855,101.72540000000001,68437,83051,Rhinolophus ferrumequinum,0.024,0.024,-1,Echolocation,/mnt/ubna_data_02_mir/recover-20221013/UBNA_001/20221012_030000.WAV,Telephone Field,recover-20221013,001,1795
101.7065,101.7195,22031,26763,Nyctalus leisleri,0.012,0.023,-1,Echolocation,/mnt/ubna_data_02_mir/recover-20221013/UBNA_001/20221012_030000.WAV,Telephone Field,recover-20221013,001,1795
101.7065,101.712,47812,57536,Pipistrellus pipistrellus,0.013,0.021,-1,Echolocation,/mnt/ubna_data_02_mir/recover-20221013/UBNA_001/20221012_030000.WAV,Telephone Field,recover-20221013,001,1795
101.7235,101.763,68437,82101,Rhinolophus ferrumequinum,0.023,0.023,-1,Echolocation,/mnt/ubna_data_02_mir/recover-20221013/UBNA_001/20221012_030000.WAV,Telephone Field,recover-20221013,001,1795
101.7565,101.7984,68437,82687,Rhinolophus ferrumequinum,0.026,0.026,-1,Echolocation,/mnt/ubna_data_02_mir/recover-20221013/UBNA_001/20221012_030000.WAV,Telephone Field,recover-20221013,001,1795
101.7785,101.8168,68437,82161,Rhinolophus ferrumequinum,0.022,0.022,-1,Echolocation,/mnt/ubna_data_02_mir/recover-20221013/UBNA_001/20221012_030000.WAV,Telephone Field,recover-20221013,001,1795
101.7875,101.7948,27187,41308,Eptesicus serotinus,0.008,0.026,-1,Echolocation,/mnt/ubna_data_02_mir/recover-20221013/UBNA_001/20221012_030000.WAV,Telephone Field,recover-20221013,001,1795
101.8305,101.8713,68437,82953,Rhinolophus ferrumequinum,0.034,0.034,-1,Echolocation,/mnt/ubna_data_02_mir/recover-20221013/UBNA_001/20221012_030000.WAV,Telephone Field,recover-20221013,001,1795
101.8615,101.8692,27187,38824,Eptesicus serotinus,0.009,0.026,-1,Echolocation,/mnt/ubna_data_02_mir/recover-20221013/UBNA_001/20221012_030000.WAV,Telephone Field,recover-20221013,001,1795
101.8635,101.9032,68437,82487,Rhinolophus ferrumequinum,0.023,0.023,-1,Echolocation,/mnt/ubna_data_02_mir/recover-20221013/UBNA_001/20221012_030000.WAV,Telephone Field,recover-20221013,001,1795
101.8865,101.92060000000001,68437,80634,Rhinolophus ferrumequinum,0.021,0.021,-1,Echolocation,/mnt/ubna_data_02_mir/recover-20221013/UBNA_001/20221012_030000.WAV,Telephone Field,recover-20221013,001,1795
101.8905,101.8982,26328,37650,Eptesicus serotinus,0.006,0.02,-1,Echolocation,/mnt/ubna_data_02_mir/recover-20221013/UBNA_001/20221012_030000.WAV,Telephone Field,recover-20221013,001,1795
101.9045,101.9142,23750,30593,Nyctalus leisleri,0.007,0.023,-1,Echolocation,/mnt/ubna_data_02_mir/recover-20221013/UBNA_001/20221012_030000.WAV,Telephone Field,recover-20221013,001,1795
101.9105,101.9464,68437,81917,Rhinolophus ferrumequinum,0.021,0.021,-1,Echolocation,/mnt/ubna_data_02_mir/recover-20221013/UBNA_001/20221012_030000.WAV,Telephone Field,recover-20221013,001,1795
101.9515,101.9882,68437,82283,Rhinolophus ferrumequinum,0.021,0.021,-1,Echolocation,/mnt/ubna_data_02_mir/recover-20221013/UBNA_001/20221012_030000.WAV,Telephone Field,recover-20221013,001,1795
101.98349999999999,101.992,28046,40909,Eptesicus serotinus,0.008,0.021,-1,Echolocation,/mnt/ubna_data_02_mir/recover-20221013/UBNA_001/20221012_030000.WAV,Telephone Field,recover-20221013,001,1795
102.0015,102.0106,47812,54617,Pipistrellus pipistrellus,0.02,0.025,-1,Echolocation,/mnt/ubna_data_02_mir/recover-20221013/UBNA_001/20221012_030000.WAV,Telephone Field,recover-20221013,001,1795
102.0015,102.0095,22890,31158,Nyctalus leisleri,0.008,0.026,-1,Echolocation,/mnt/ubna_data_02_mir/recover-20221013/UBNA_001/20221012_030000.WAV,Telephone Field,recover-20221013,001,1795
102.0075,102.0519,68437,82267,Rhinolophus ferrumequinum,0.044,0.044,-1,Echolocation,/mnt/ubna_data_02_mir/recover-20221013/UBNA_001/20221012_030000.WAV,Telephone Field,recover-20221013,001,1795
102.0295,102.0665,68437,81723,Rhinolophus ferrumequinum,0.023,0.023,-1,Echolocation,/mnt/ubna_data_02_mir/recover-20221013/UBNA_001/20221012_030000.WAV,Telephone Field,recover-20221013,001,1795
102.0315,102.0388,27187,39940,Eptesicus serotinus,0.007,0.025,-1,Echolocation,/mnt/ubna_data_02_mir/recover-20221013/UBNA_001/20221012_030000.WAV,Telephone Field,recover-20221013,001,1795
102.0625,102.0714,29765,38075,Eptesicus serotinus,0.009,0.027,-1,Echolocation,/mnt/ubna_data_02_mir/recover-20221013/UBNA_001/20221012_030000.WAV,Telephone Field,recover-20221013,001,1795
102.1095,102.1544,68437,83512,Rhinolophus ferrumequinum,0.028,0.028,-1,Echolocation,/mnt/ubna_data_02_mir/recover-20221013/UBNA_001/20221012_030000.WAV,Telephone Field,recover-20221013,001,1795
102.1225,102.1306,28906,37865,Eptesicus serotinus,0.007,0.021,-1,Echolocation,/mnt/ubna_data_02_mir/recover-20221013/UBNA_001/20221012_030000.WAV,Telephone Field,recover-20221013,001,1795
102.1455,102.1827,68437,81874,Rhinolophus ferrumequinum,0.022,0.022,-1,Echolocation,/mnt/ubna_data_02_mir/recover-20221013/UBNA_001/20221012_030000.WAV,Telephone Field,recover-20221013,001,1795
102.1545,102.1615,28046,39793,Eptesicus serotinus,0.007,0.023,-1,Echolocation,/mnt/ubna_data_02_mir/recover-20221013/UBNA_001/20221012_030000.WAV,Telephone Field,recover-20221013,001,1795
102.1565,102.1663,22890,28928,Nyctalus leisleri,0.01,0.024,-1,Echolocation,/mnt/ubna_data_02_mir/recover-20221013/UBNA_001/20221012_030000.WAV,Telephone Field,recover-20221013,001,1795
102.2105,102.2196,25468,32976,Eptesicus serotinus,0.009,0.025,-1,Echolocation,/mnt/ubna_data_02_mir/recover-20221013/UBNA_001/20221012_030000.WAV,Telephone Field,recover-20221013,001,1795
102.2235,102.2636,68437,82414,Rhinolophus ferrumequinum,0.023,0.023,-1,Echolocation,/mnt/ubna_data_02_mir/recover-20221013/UBNA_001/20221012_030000.WAV,Telephone Field,recover-20221013,001,1795
102.2435,102.2832,68437,82702,Rhinolophus ferrumequinum,0.022,0.022,-1,Echolocation,/mnt/ubna_data_02_mir/recover-20221013/UBNA_001/20221012_030000.WAV,Telephone Field,recover-20221013,001,1795
102.2445,102.2542,24609,31890,Nyctalus leisleri,0.012,0.033,-1,Echolocation,/mnt/ubna_data_02_mir/recover-20221013/UBNA_001/20221012_030000.WAV,Telephone Field,recover-20221013,001,1795
102.2565,102.29599999999999,68437,82450,Rhinolophus ferrumequinum,0.022,0.022,-1,Echolocation,/mnt/ubna_data_02_mir/recover-20221013/UBNA_001/20221012_030000.WAV,Telephone Field,recover-20221013,001,1795
102.2895,102.2982,27187,38246,Eptesicus serotinus,0.008,0.023,-1,Echolocation,/mnt/ubna_data_02_mir/recover-20221013/UBNA_001/20221012_030000.WAV,Telephone Field,recover-20221013,001,1795
102.2965,102.3056,28906,37072,Eptesicus serotinus,0.008,0.022,-1,Echolocation,/mnt/ubna_data_02_mir/recover-20221013/UBNA_001/20221012_030000.WAV,Telephone Field,recover-20221013,001,1795
102.3535,102.3941,68437,81827,Rhinolophus ferrumequinum,0.023,0.023,-1,Echolocation,/mnt/ubna_data_02_mir/recover-20221013/UBNA_001/20221012_030000.WAV,Telephone Field,recover-20221013,001,1795
102.3635,102.4039,68437,82190,Rhinolophus ferrumequinum,0.039,0.039,-1,Echolocation,/mnt/ubna_data_02_mir/recover-20221013/UBNA_001/20221012_030000.WAV,Telephone Field,recover-20221013,001,1795
102.3755,102.3832,28046,39411,Eptesicus serotinus,0.007,0.022,-1,Echolocation,/mnt/ubna_data_02_mir/recover-20221013/UBNA_001/20221012_030000.WAV,Telephone Field,recover-20221013,001,1795
102.4235,102.4635,68437,82239,Rhinolophus ferrumequinum,0.021,0.021,-1,Echolocation,/mnt/ubna_data_02_mir/recover-20221013/UBNA_001/20221012_030000.WAV,Telephone Field,recover-20221013,001,1795
102.4695,102.5111,68437,82697,Rhinolophus ferrumequinum,0.026,0.026,-1,Echolocation,/mnt/ubna_data_02_mir/recover-20221013/UBNA_001/20221012_030000.WAV,Telephone Field,recover-20221013,001,1795
102.5055,102.5141,28046,39505,Eptesicus serotinus,0.009,0.024,-1,Echolocation,/mnt/ubna_data_02_mir/recover-20221013/UBNA_001/20221012_030000.WAV,Telephone Field,recover-20221013,001,1795
102.5205,102.531,50390,54020,Pipistrellus pipistrellus,0.023,0.03,-1,Echolocation,/mnt/ubna_data_02_mir/recover-20221013/UBNA_001/20221012_030000.WAV,Telephone Field,recover-20221013,001,1795
102.5245,102.5602,68437,82119,Rhinolophus ferrumequinum,0.021,0.021,-1,Echolocation,/mnt/ubna_data_02_mir/recover-20221013/UBNA_001/20221012_030000.WAV,Telephone Field,recover-20221013,001,1795
102.5265,102.53659999999999,24609,31255,Eptesicus serotinus,0.008,0.021,-1,Echolocation,/mnt/ubna_data_02_mir/recover-20221013/UBNA_001/20221012_030000.WAV,Telephone Field,recover-20221013,001,1795
102.5765,102.5893,23750,27857,Nyctalus leisleri,0.035,0.061,-1,Echolocation,/mnt/ubna_data_02_mir/recover-20221013/UBNA_001/20221012_030000.WAV,Telephone Field,recover-20221013,001,1795
102.5785,102.6197,68437,81953,Rhinolophus ferrumequinum,0.021,0.021,-1,Echolocation,/mnt/ubna_data_02_mir/recover-20221013/UBNA_001/20221012_030000.WAV,Telephone Field,recover-20221013,001,1795
102.5855,102.6253,68437,82841,Rhinolophus ferrumequinum,0.023,0.023,-1,Echolocation,/mnt/ubna_data_02_mir/recover-20221013/UBNA_001/20221012_030000.WAV,Telephone Field,recover-20221013,001,1795
102.5995,102.6067,28046,39157,Eptesicus serotinus,0.005,0.02,-1,Echolocation,/mnt/ubna_data_02_mir/recover-20221013/UBNA_001/20221012_030000.WAV,Telephone Field,recover-20221013,001,1795
102.6005,102.6376,68437,81751,Rhinolophus ferrumequinum,0.021,0.021,-1,Echolocation,/mnt/ubna_data_02_mir/recover-20221013/UBNA_001/20221012_030000.WAV,Telephone Field,recover-20221013,001,1795
102.6165,102.6534,68437,81396,Rhinolophus ferrumequinum,0.021,0.021,-1,Echolocation,/mnt/ubna_data_02_mir/recover-20221013/UBNA_001/20221012_030000.WAV,Telephone Field,recover-20221013,001,1795
102.6265,102.6625,68437,81912,Rhinolophus ferrumequinum,0.025,0.025,-1,Echolocation,/mnt/ubna_data_02_mir/recover-20221013/UBNA_001/20221012_030000.WAV,Telephone Field,recover-20221013,001,1795
102.6405,102.6859,68437,83424,Rhinolophus ferrumequinum,0.037,0.037,-1,Echolocation,/mnt/ubna_data_02_mir/recover-20221013/UBNA_001/20221012_030000.WAV,Telephone Field,recover-20221013,001,1795
102.6825,102.72,68437,81091,Rhinolophus ferrumequinum,0.021,0.021,-1,Echolocation,/mnt/ubna_data_02_mir/recover-20221013/UBNA_001/20221012_030000.WAV,Telephone Field,recover-20221013,001,1795
102.7065,102.7156,30625,40607,Myotis daubentonii,0.007,0.022,-1,Echolocation,/mnt/ubna_data_02_mir/recover-20221013/UBNA_001/20221012_030000.WAV,Telephone Field,recover-20221013,001,1795
102.7105,102.7485,68437,82923,Rhinolophus ferrumequinum,0.031,0.031,-1,Echolocation,/mnt/ubna_data_02_mir/recover-20221013/UBNA_001/20221012_030000.WAV,Telephone Field,recover-20221013,001,1795
102.77250000000001,102.7864,45234,48747,Pipistrellus pipistrellus,0.046,0.049,-1,Echolocation,/mnt/ubna_data_02_mir/recover-20221013/UBNA_001/20221012_030000.WAV,Telephone Field,recover-20221013,001,1795
102.77250000000001,102.8134,68437,82780,Rhinolophus ferrumequinum,0.034,0.034,-1,Echolocation,/mnt/ubna_data_02_mir/recover-20221013/UBNA_001/20221012_030000.WAV,Telephone Field,recover-20221013,001,1795
102.7885,102.83,68437,82010,Rhinolophus ferrumequinum,0.022,0.022,-1,Echolocation,/mnt/ubna_data_02_mir/recover-20221013/UBNA_001/20221012_030000.WAV,Telephone Field,recover-20221013,001,1795
102.7885,102.7997,23750,29483,Nyctalus leisleri,0.009,0.02,-1,Echolocation,/mnt/ubna_data_02_mir/recover-20221013/UBNA_001/20221012_030000.WAV,Telephone Field,recover-20221013,001,1795
102.8155,102.8552,68437,82128,Rhinolophus ferrumequinum,0.024,0.024,-1,Echolocation,/mnt/ubna_data_02_mir/recover-20221013/UBNA_001/20221012_030000.WAV,Telephone Field,recover-20221013,001,1795
102.8455,102.8834,68437,81519,Rhinolophus ferrumequinum,0.021,0.021,-1,Echolocation,/mnt/ubna_data_02_mir/recover-20221013/UBNA_001/20221012_030000.WAV,Telephone Field,recover-20221013,001,1795
102.87950000000001,102.9153,68437,81185,Rhinolophus ferrumequinum,0.021,0.021,-1,Echolocation,/mnt/ubna_data_02_mir/recover-20221013/UBNA_001/20221012_030000.WAV,Telephone Field,recover-20221013,001,1795
102.9075,102.9446,68437,81591,Rhinolophus ferrumequinum,0.024,0.024,-1,Echolocation,/mnt/ubna_data_02_mir/recover-20221013/UBNA_001/20221012_030000.WAV,Telephone Field,recover-20221013,001,1795
102.9165,102.9522,68437,81002,Rhinolophus ferrumequinum,0.021,0.021,-1,Echolocation,/mnt/ubna_data_02_mir/recover-20221013/UBNA_001/20221012_030000.WAV,Telephone Field,recover-20221013,001,1795
102.9275,102.9357,27187,38697,Eptesicus serotinus,0.008,0.022,-1,Echolocation,/mnt/ubna_data_02_mir/recover-20221013/UBNA_001/20221012_030000.WAV,Telephone Field,recover-20221013,001,1795
102.9635,102.9725,23750,32027,Plecotus austriacus,0.007,0.024,-1,Echolocation,/mnt/ubna_data_02_mir/recover-20221013/UBNA_001/20221012_030000.WAV,Telephone Field,recover-20221013,001,1795
102.9965,103.0063,22031,27576,Nyctalus leisleri,0.009,0.022,-1,Echolocation,/mnt/ubna_data_02_mir/recover-20221013/UBNA_001/20221012_030000.WAV,Telephone Field,recover-20221013,001,1795
103.0005,103.0392,68437,82257,Rhinolophus ferrumequinum,0.021,0.021,-1,Echolocation,/mnt/ubna_data_02_mir/recover-20221013/UBNA_001/20221012_030000.WAV,Telephone Field,recover-20221013,001,1795
103.0355,103.0454,24609,32049,Eptesicus serotinus,0.007,0.022,-1,Echolocation,/mnt/ubna_data_02_mir/recover-20221013/UBNA_001/20221012_030000.WAV,Telephone Field,recover-20221013,001,1795
103.0485,103.0861,68437,82099,Rhinolophus ferrumequinum,0.023,0.023,-1,Echolocation,/mnt/ubna_data_02_mir/recover-20221013/UBNA_001/20221012_030000.WAV,Telephone Field,recover-20221013,001,1795
103.0625,103.103,68437,82792,Rhinolophus ferrumequinum,0.021,0.021,-1,Echolocation,/mnt/ubna_data_02_mir/recover-20221013/UBNA_001/20221012_030000.WAV,Telephone Field,recover-20221013,001,1795
103.0795,103.0905,27187,34351,Eptesicus serotinus,0.011,0.023,-1,Echolocation,/mnt/ubna_data_02_mir/recover-20221013/UBNA_001/20221012_030000.WAV,Telephone Field,recover-20221013,001,1795
103.0875,103.1232,68437,81135,Rhinolophus ferrumequinum,0.023,0.023,-1,Echolocation,/mnt/ubna_data_02_mir/recover-20221013/UBNA_001/20221012_030000.WAV,Telephone Field,recover-20221013,001,1795
103.1225,103.1324,30625,37440,Eptesicus serotinus,0.039,0.085,-1,Echolocation,/mnt/ubna_data_02_mir/recover-20221013/UBNA_001/20221012_030000.WAV,Telephone Field,recover-20221013,001,1795
103.1255,103.1672,68437,82830,Rhinolophus ferrumequinum,0.029,0.029,-1,Echolocation,/mnt/ubna_data_02_mir/recover-20221013/UBNA_001/20221012_030000.WAV,Telephone Field,recover-20221013,001,1795
103.1825,103.2245,68437,82545,Rhinolophus ferrumequinum,0.023,0.023,-1,Echolocation,/mnt/ubna_data_02_mir/recover-20221013/UBNA_001/20221012_030000.WAV,Telephone Field,recover-20221013,001,1795
103.2505,103.2887,68437,81805,Rhinolophus ferrumequinum,0.022,0.023,-1,Echolocation,/mnt/ubna_data_02_mir/recover-20221013/UBNA_001/20221012_030000.WAV,Telephone Field,recover-20221013,001,1795
103.2515,103.26,28046,39131,Eptesicus serotinus,0.007,0.021,-1,Echolocation,/mnt/ubna_data_02_mir/recover-20221013/UBNA_001/20221012_030000.WAV,Telephone Field,recover-20221013,001,1795
103.2565,103.2929,68437,80850,Rhinolophus ferrumequinum,0.022,0.023,-1,Echolocation,/mnt/ubna_data_02_mir/recover-20221013/UBNA_001/20221012_030000.WAV,Telephone Field,recover-20221013,001,1795
103.2645,103.2715,28046,41389,Eptesicus serotinus,0.006,0.023,-1,Echolocation,/mnt/ubna_data_02_mir/recover-20221013/UBNA_001/20221012_030000.WAV,Telephone Field,recover-20221013,001,1795
103.2795,103.3132,68437,80651,Rhinolophus ferrumequinum,0.022,0.022,-1,Echolocation,/mnt/ubna_data_02_mir/recover-20221013/UBNA_001/20221012_030000.WAV,Telephone Field,recover-20221013,001,1795
103.2805,103.2898,38359,42883,Barbastellus barbastellus,0.013,0.027,-1,Echolocation,/mnt/ubna_data_02_mir/recover-20221013/UBNA_001/20221012_030000.WAV,Telephone Field,recover-20221013,001,1795
103.3005,103.3101,22031,26989,Nyctalus leisleri,0.008,0.021,-1,Echolocation,/mnt/ubna_data_02_mir/recover-20221013/UBNA_001/20221012_030000.WAV,Telephone Field,recover-20221013,001,1795
103.3085,103.3462,68437,81051,Rhinolophus ferrumequinum,0.021,0.021,-1,Echolocation,/mnt/ubna_data_02_mir/recover-20221013/UBNA_001/20221012_030000.WAV,Telephone Field,recover-20221013,001,1795
103.3135,103.3229,28046,38674,Eptesicus serotinus,0.009,0.022,-1,Echolocation,/mnt/ubna_data_02_mir/recover-20221013/UBNA_001/20221012_030000.WAV,Telephone Field,recover-20221013,001,1795
103.3195,103.328,28046,38159,Eptesicus serotinus,0.008,0.023,-1,Echolocation,/mnt/ubna_data_02_mir/recover-20221013/UBNA_001/20221012_030000.WAV,Telephone Field,recover-20221013,001,1795
103.3505,103.3865,68437,81496,Rhinolophus ferrumequinum,0.02,0.021,-1,Echolocation,/mnt/ubna_data_02_mir/recover-20221013/UBNA_001/20221012_030000.WAV,Telephone Field,recover-20221013,001,1795
103.3595,103.3671,28906,39085,Eptesicus serotinus,0.006,0.021,-1,Echolocation,/mnt/ubna_data_02_mir/recover-20221013/UBNA_001/20221012_030000.WAV,Telephone Field,recover-20221013,001,1795
103.3715,103.381,28906,35954,Eptesicus serotinus,0.016,0.032,-1,Echolocation,/mnt/ubna_data_02_mir/recover-20221013/UBNA_001/20221012_030000.WAV,Telephone Field,recover-20221013,001,1795
103.3755,103.4163,68437,82582,Rhinolophus ferrumequinum,0.022,0.022,-1,Echolocation,/mnt/ubna_data_02_mir/recover-20221013/UBNA_001/20221012_030000.WAV,Telephone Field,recover-20221013,001,1795
103.3835,103.3899,25468,36090,Plecotus austriacus,0.011,0.03,-1,Echolocation,/mnt/ubna_data_02_mir/recover-20221013/UBNA_001/20221012_030000.WAV,Telephone Field,recover-20221013,001,1795
103.4725,103.5103,68437,82038,Rhinolophus ferrumequinum,0.022,0.022,-1,Echolocation,/mnt/ubna_data_02_mir/recover-20221013/UBNA_001/20221012_030000.WAV,Telephone Field,recover-20221013,001,1795
103.5065,103.5481,68437,82980,Rhinolophus ferrumequinum,0.025,0.025,-1,Echolocation,/mnt/ubna_data_02_mir/recover-20221013/UBNA_001/20221012_030000.WAV,Telephone Field,recover-20221013,001,1795
103.5305,103.5698,68437,81937,Rhinolophus ferrumequinum,0.023,0.023,-1,Echolocation,/mnt/ubna_data_02_mir/recover-20221013/UBNA_001/20221012_030000.WAV,Telephone Field,recover-20221013,001,1795
103.5625,103.6015,68437,82093,Rhinolophus ferrumequinum,0.024,0.024,-1,Echolocation,/mnt/ubna_data_02_mir/recover-20221013/UBNA_001/20221012_030000.WAV,Telephone Field,recover-20221013,001,1795
103.5645,103.5752,22890,27930,Nyctalus leisleri,0.011,0.022,-1,Echolocation,/mnt/ubna_data_02_mir/recover-20221013/UBNA_001/20221012_030000.WAV,Telephone Field,recover-20221013,001,1795
103.5875,103.5982,26328,33268,Eptesicus serotinus,0.01,0.025,-1,Echolocation,/mnt/ubna_data_02_mir/recover-20221013/UBNA_001/20221012_030000.WAV,Telephone Field,recover-20221013,001,1795
103.6045,103.6429,68437,81270,Rhinolophus ferrumequinum,0.021,0.021,-1,Echolocation,/mnt/ubna_data_02_mir/recover-20221013/UBNA_001/20221012_030000.WAV,Telephone Field,recover-20221013,001,1795
103.6285,103.6678,68437,82396,Rhinolophus ferrumequinum,0.022,0.022,-1,Echolocation,/mnt/ubna_data_02_mir/recover-20221013/UBNA_001/20221012_030000.WAV,Telephone Field,recover-20221013,001,1795
103.6735,103.6836,27187,34513,Eptesicus serotinus,0.012,0.023,-1,Echolocation,/mnt/ubna_data_02_mir/recover-20221013/UBNA_001/20221012_030000.WAV,Telephone Field,recover-20221013,001,1795
103.7045,103.7449,68437,82409,Rhinolophus ferrumequinum,0.02,0.02,-1,Echolocation,/mnt/ubna_data_02_mir/recover-20221013/UBNA_001/20221012_030000.WAV,Telephone Field,recover-20221013,001,1795
103.7085,103.7153,47812,51738,Pipistrellus pipistrellus,0.026,0.027,-1,Echolocation,/mnt/ubna_data_02_mir/recover-20221013/UBNA_001/20221012_030000.WAV,Telephone Field,recover-20221013,001,1795
103.73949999999999,103.7476,23750,31886,Plecotus austriacus,0.012,0.03,-1,Echolocation,/mnt/ubna_data_02_mir/recover-20221013/UBNA_001/20221012_030000.WAV,Telephone Field,recover-20221013,001,1795
103.7475,103.787,68437,82428,Rhinolophus ferrumequinum,0.021,0.021,-1,Echolocation,/mnt/ubna_data_02_mir/recover-20221013/UBNA_001/20221012_030000.WAV,Telephone Field,recover-20221013,001,1795
103.7685,103.7768,28906,38107,Eptesicus serotinus,0.009,0.023,-1,Echolocation,/mnt/ubna_data_02_mir/recover-20221013/UBNA_001/20221012_030000.WAV,Telephone Field,recover-20221013,001,1795
103.8165,103.854,68437,81749,Rhinolophus ferrumequinum,0.02,0.02,-1,Echolocation,/mnt/ubna_data_02_mir/recover-20221013/UBNA_001/20221012_030000.WAV,Telephone Field,recover-20221013,001,1795
103.8955,103.9038,28906,39633,Eptesicus serotinus,0.008,0.022,-1,Echolocation,/mnt/ubna_data_02_mir/recover-20221013/UBNA_001/20221012_030000.WAV,Telephone Field,recover-20221013,001,1795
103.8985,103.9404,68437,82889,Rhinolophus ferrumequinum,0.021,0.021,-1,Echolocation,/mnt/ubna_data_02_mir/recover-20221013/UBNA_001/20221012_030000.WAV,Telephone Field,recover-20221013,001,1795
103.9005,103.9083,26328,35014,Eptesicus serotinus,0.007,0.023,-1,Echolocation,/mnt/ubna_data_02_mir/recover-20221013/UBNA_001/20221012_030000.WAV,Telephone Field,recover-20221013,001,1795
103.9355,103.9416,28046,40739,Eptesicus serotinus,0.006,0.026,-1,Echolocation,/mnt/ubna_data_02_mir/recover-20221013/UBNA_001/20221012_030000.WAV,Telephone Field,recover-20221013,001,1795
103.9545,103.9944,68437,81818,Rhinolophus ferrumequinum,0.023,0.023,-1,Echolocation,/mnt/ubna_data_02_mir/recover-20221013/UBNA_001/20221012_030000.WAV,Telephone Field,recover-20221013,001,1795
103.9885,103.9974,28046,40534,Eptesicus serotinus,0.008,0.021,-1,Echolocation,/mnt/ubna_data_02_mir/recover-20221013/UBNA_001/20221012_030000.WAV,Telephone Field,recover-20221013,001,1795
104.0015,104.0098,27187,34708,Nyctalus leisleri,0.012,0.034,-1,Echolocation,/mnt/ubna_data_02_mir/recover-20221013/UBNA_001/20221012_030000.WAV,Telephone Field,recover-20221013,001,1795
104.0015,104.0104,47812,53924,Pipistrellus pipistrellus,0.019,0.026,-1,Echolocation,/mnt/ubna_data_02_mir/recover-20221013/UBNA_001/20221012_030000.WAV,Telephone Field,recover-20221013,001,1795
104.0015,104.0332,69296,81229,Rhinolophus ferrumequinum,0.027,0.027,-1,Echolocation,/mnt/ubna_data_02_mir/recover-20221013/UBNA_001/20221012_030000.WAV,Telephone Field,recover-20221013,001,1795
104.0085,104.0468,68437,81774,Rhinolophus ferrumequinum,0.028,0.028,-1,Echolocation,/mnt/ubna_data_02_mir/recover-20221013/UBNA_001/20221012_030000.WAV,Telephone Field,recover-20221013,001,1795
104.02250000000001,104.0304,23750,32006,Plecotus austriacus,0.008,0.022,-1,Echolocation,/mnt/ubna_data_02_mir/recover-20221013/UBNA_001/20221012_030000.WAV,Telephone Field,recover-20221013,001,1795
104.0255,104.0641,68437,81428,Rhinolophus ferrumequinum,0.026,0.026,-1,Echolocation,/mnt/ubna_data_02_mir/recover-20221013/UBNA_001/20221012_030000.WAV,Telephone Field,recover-20221013,001,1795
104.0365,104.0452,28046,36104,Eptesicus serotinus,0.011,0.024,-1,Echolocation,/mnt/ubna_data_02_mir/recover-20221013/UBNA_001/20221012_030000.WAV,Telephone Field,recover-20221013,001,1795
104.0415,104.0761,68437,81673,Rhinolophus ferrumequinum,0.022,0.022,-1,Echolocation,/mnt/ubna_data_02_mir/recover-20221013/UBNA_001/20221012_030000.WAV,Telephone Field,recover-20221013,001,1795
104.0675,104.0759,26328,35684,Eptesicus serotinus,0.008,0.022,-1,Echolocation,/mnt/ubna_data_02_mir/recover-20221013/UBNA_001/20221012_030000.WAV,Telephone Field,recover-20221013,001,1795
104.0805,104.092,23750,29372,Nyctalus leisleri,0.011,0.028,-1,Echolocation,/mnt/ubna_data_02_mir/recover-20221013/UBNA_001/20221012_030000.WAV,Telephone Field,recover-20221013,001,1795
104.0825,104.1207,68437,82271,Rhinolophus ferrumequinum,0.021,0.021,-1,Echolocation,/mnt/ubna_data_02_mir/recover-20221013/UBNA_001/20221012_030000.WAV,Telephone Field,recover-20221013,001,1795
104.1065,104.1132,23750,35962,Plecotus austriacus,0.014,0.029,-1,Echolocation,/mnt/ubna_data_02_mir/recover-20221013/UBNA_001/20221012_030000.WAV,Telephone Field,recover-20221013,001,1795
104.1245,104.1658,68437,82884,Rhinolophus ferrumequinum,0.038,0.038,-1,Echolocation,/mnt/ubna_data_02_mir/recover-20221013/UBNA_001/20221012_030000.WAV,Telephone Field,recover-20221013,001,1795
104.1265,104.1366,22890,28136,Nyctalus leisleri,0.009,0.022,-1,Echolocation,/mnt/ubna_data_02_mir/recover-20221013/UBNA_001/20221012_030000.WAV,Telephone Field,recover-20221013,001,1795
104.1815,104.1893,28046,38987,Eptesicus serotinus,0.007,0.023,-1,Echolocation,/mnt/ubna_data_02_mir/recover-20221013/UBNA_001/20221012_030000.WAV,Telephone Field,recover-20221013,001,1795
104.1995,104.2109,22890,27686,Nyctalus leisleri,0.013,0.026,-1,Echolocation,/mnt/ubna_data_02_mir/recover-20221013/UBNA_001/20221012_030000.WAV,Telephone Field,recover-20221013,001,1795
104.2305,104.2418,24609,31328,Nyctalus leisleri,0.009,0.023,-1,Echolocation,/mnt/ubna_data_02_mir/recover-20221013/UBNA_001/20221012_030000.WAV,Telephone Field,recover-20221013,001,1795
104.2555,104.2947,68437,82726,Rhinolophus ferrumequinum,0.027,0.027,-1,Echolocation,/mnt/ubna_data_02_mir/recover-20221013/UBNA_001/20221012_030000.WAV,Telephone Field,recover-20221013,001,1795
104.26050000000001,104.2711,28046,35416,Eptesicus serotinus,0.022,0.038,-1,Echolocation,/mnt/ubna_data_02_mir/recover-20221013/UBNA_001/20221012_030000.WAV,Telephone Field,recover-20221013,001,1795
104.2815,104.3208,68437,82201,Rhinolophus ferrumequinum,0.023,0.023,-1,Echolocation,/mnt/ubna_data_02_mir/recover-20221013/UBNA_001/20221012_030000.WAV,Telephone Field,recover-20221013,001,1795
104.3075,104.3155,28906,38339,Eptesicus serotinus,0.047,0.085,-1,Echolocation,/mnt/ubna_data_02_mir/recover-20221013/UBNA_001/20221012_030000.WAV,Telephone Field,recover-20221013,001,1795
104.36449999999999,104.4044,68437,82773,Rhinolophus ferrumequinum,0.024,0.024,-1,Echolocation,/mnt/ubna_data_02_mir/recover-20221013/UBNA_001/20221012_030000.WAV,Telephone Field,recover-20221013,001,1795
104.3685,104.3755,26328,40800,Eptesicus serotinus,0.005,0.023,-1,Echolocation,/mnt/ubna_data_02_mir/recover-20221013/UBNA_001/20221012_030000.WAV,Telephone Field,recover-20221013,001,1795
104.3885,104.3959,46953,50983,Pipistrellus pipistrellus,0.024,0.025,-1,Echolocation,/mnt/ubna_data_02_mir/recover-20221013/UBNA_001/20221012_030000.WAV,Telephone Field,recover-20221013,001,1795
104.3925,104.4353,68437,82947,Rhinolophus ferrumequinum,0.022,0.022,-1,Echolocation,/mnt/ubna_data_02_mir/recover-20221013/UBNA_001/20221012_030000.WAV,Telephone Field,recover-20221013,001,1795
104.4085,104.4157,28046,40964,Eptesicus serotinus,0.006,0.021,-1,Echolocation,/mnt/ubna_data_02_mir/recover-20221013/UBNA_001/20221012_030000.WAV,Telephone Field,recover-20221013,001,1795
104.4195,104.4575,68437,82103,Rhinolophus ferrumequinum,0.022,0.022,-1,Echolocation,/mnt/ubna_data_02_mir/recover-20221013/UBNA_001/20221012_030000.WAV,Telephone Field,recover-20221013,001,1795
104.4625,104.5008,68437,82116,Rhinolophus ferrumequinum,0.022,0.022,-1,Echolocation,/mnt/ubna_data_02_mir/recover-20221013/UBNA_001/20221012_030000.WAV,Telephone Field,recover-20221013,001,1795
104.4795,104.5173,68437,82291,Rhinolophus ferrumequinum,0.023,0.023,-1,Echolocation,/mnt/ubna_data_02_mir/recover-20221013/UBNA_001/20221012_030000.WAV,Telephone Field,recover-20221013,001,1795
104.4985,104.5064,28046,36604,Eptesicus serotinus,0.009,0.023,-1,Echolocation,/mnt/ubna_data_02_mir/recover-20221013/UBNA_001/20221012_030000.WAV,Telephone Field,recover-20221013,001,1795
104.5075,104.5451,68437,81930,Rhinolophus ferrumequinum,0.022,0.022,-1,Echolocation,/mnt/ubna_data_02_mir/recover-20221013/UBNA_001/20221012_030000.WAV,Telephone Field,recover-20221013,001,1795
104.5405,104.5526,22031,25847,Nyctalus leisleri,0.012,0.021,-1,Echolocation,/mnt/ubna_data_02_mir/recover-20221013/UBNA_001/20221012_030000.WAV,Telephone Field,recover-20221013,001,1795
104.6185,104.626,27187,39674,Eptesicus serotinus,0.006,0.021,-1,Echolocation,/mnt/ubna_data_02_mir/recover-20221013/UBNA_001/20221012_030000.WAV,Telephone Field,recover-20221013,001,1795
104.6745,104.7133,68437,82292,Rhinolophus ferrumequinum,0.045,0.045,-1,Echolocation,/mnt/ubna_data_02_mir/recover-20221013/UBNA_001/20221012_030000.WAV,Telephone Field,recover-20221013,001,1795
104.6795,104.6897,26328,33649,Eptesicus serotinus,0.009,0.021,-1,Echolocation,/mnt/ubna_data_02_mir/recover-20221013/UBNA_001/20221012_030000.WAV,Telephone Field,recover-20221013,001,1795
104.7325,104.7736,68437,82167,Rhinolophus ferrumequinum,0.026,0.026,-1,Echolocation,/mnt/ubna_data_02_mir/recover-20221013/UBNA_001/20221012_030000.WAV,Telephone Field,recover-20221013,001,1795
104.7355,104.7425,27187,40532,Eptesicus serotinus,0.006,0.022,-1,Echolocation,/mnt/ubna_data_02_mir/recover-20221013/UBNA_001/20221012_030000.WAV,Telephone Field,recover-20221013,001,1795
104.7645,104.8043,68437,82149,Rhinolophus ferrumequinum,0.023,0.023,-1,Echolocation,/mnt/ubna_data_02_mir/recover-20221013/UBNA_001/20221012_030000.WAV,Telephone Field,recover-20221013,001,1795
104.7685,104.7754,51250,55807,Pipistrellus pipistrellus,0.018,0.021,-1,Echolocation,/mnt/ubna_data_02_mir/recover-20221013/UBNA_001/20221012_030000.WAV,Telephone Field,recover-20221013,001,1795
104.7835,104.7913,28046,40289,Eptesicus serotinus,0.01,0.026,-1,Echolocation,/mnt/ubna_data_02_mir/recover-20221013/UBNA_001/20221012_030000.WAV,Telephone Field,recover-20221013,001,1795
104.8125,104.8512,68437,81977,Rhinolophus ferrumequinum,0.024,0.024,-1,Echolocation,/mnt/ubna_data_02_mir/recover-20221013/UBNA_001/20221012_030000.WAV,Telephone Field,recover-20221013,001,1795
104.8165,104.8249,36640,45139,Myotis daubentonii,0.015,0.05,-1,Echolocation,/mnt/ubna_data_02_mir/recover-20221013/UBNA_001/20221012_030000.WAV,Telephone Field,recover-20221013,001,1795
104.8185,104.8252,27187,46116,Eptesicus serotinus,0.006,0.024,-1,Echolocation,/mnt/ubna_data_02_mir/recover-20221013/UBNA_001/20221012_030000.WAV,Telephone Field,recover-20221013,001,1795
104.8495,104.8867,68437,82055,Rhinolophus ferrumequinum,0.023,0.023,-1,Echolocation,/mnt/ubna_data_02_mir/recover-20221013/UBNA_001/20221012_030000.WAV,Telephone Field,recover-20221013,001,1795
104.8675,104.9081,68437,82542,Rhinolophus ferrumequinum,0.024,0.024,-1,Echolocation,/mnt/ubna_data_02_mir/recover-20221013/UBNA_001/20221012_030000.WAV,Telephone Field,recover-20221013,001,1795
104.8755,104.9151,68437,82443,Rhinolophus ferrumequinum,0.025,0.025,-1,Echolocation,/mnt/ubna_data_02_mir/recover-20221013/UBNA_001/20221012_030000.WAV,Telephone Field,recover-20221013,001,1795
104.9095,104.9161,28046,40558,Eptesicus serotinus,0.006,0.025,-1,Echolocation,/mnt/ubna_data_02_mir/recover-20221013/UBNA_001/20221012_030000.WAV,Telephone Field,recover-20221013,001,1795
104.9105,104.9179,23750,32122,Plecotus austriacus,0.01,0.023,-1,Echolocation,/mnt/ubna_data_02_mir/recover-20221013/UBNA_001/20221012_030000.WAV,Telephone Field,recover-20221013,001,1795
104.9945,105.0322,68437,81482,Rhinolophus ferrumequinum,0.021,0.021,-1,Echolocation,/mnt/ubna_data_02_mir/recover-20221013/UBNA_001/20221012_030000.WAV,Telephone Field,recover-20221013,001,1795
105.02250000000001,105.0347,22890,28396,Nyctalus leisleri,0.01,0.022,-1,Echolocation,/mnt/ubna_data_02_mir/recover-20221013/UBNA_001/20221012_030000.WAV,Telephone Field,recover-20221013,001,1795
105.0365,105.0791,68437,83026,Rhinolophus ferrumequinum,0.038,0.038,-1,Echolocation,/mnt/ubna_data_02_mir/recover-20221013/UBNA_001/20221012_030000.WAV,Telephone Field,recover-20221013,001,1795
105.0495,105.0632,21171,24715,Nyctalus leisleri,0.013,0.022,-1,Echolocation,/mnt/ubna_data_02_mir/recover-20221013/UBNA_001/20221012_030000.WAV,Telephone Field,recover-20221013,001,1795
105.10849999999999,105.1505,68437,82656,Rhinolophus ferrumequinum,0.026,0.026,-1,Echolocation,/mnt/ubna_data_02_mir/recover-20221013/UBNA_001/20221012_030000.WAV,Telephone Field,recover-20221013,001,1795
105.1285,105.1473,16875,21594,Nyctalus noctula,0.016,0.022,-1,Echolocation,/mnt/ubna_data_02_mir/recover-20221013/UBNA_001/20221012_030000.WAV,Telephone Field,recover-20221013,001,1795
105.1305,105.141,27187,34804,Eptesicus serotinus,0.012,0.024,-1,Echolocation,/mnt/ubna_data_02_mir/recover-20221013/UBNA_001/20221012_030000.WAV,Telephone Field,recover-20221013,001,1795
105.1465,105.1856,68437,82307,Rhinolophus ferrumequinum,0.021,0.021,-1,Echolocation,/mnt/ubna_data_02_mir/recover-20221013/UBNA_001/20221012_030000.WAV,Telephone Field,recover-20221013,001,1795
105.1635,105.169,36640,60482,Myotis brandtii,0.007,0.022,-1,Echolocation,/mnt/ubna_data_02_mir/recover-20221013/UBNA_001/20221012_030000.WAV,Telephone Field,recover-20221013,001,1795
105.2085,105.2512,68437,82702,Rhinolophus ferrumequinum,0.033,0.033,-1,Echolocation,/mnt/ubna_data_02_mir/recover-20221013/UBNA_001/20221012_030000.WAV,Telephone Field,recover-20221013,001,1795
105.2175,105.2283,26328,32810,Eptesicus serotinus,0.013,0.028,-1,Echolocation,/mnt/ubna_data_02_mir/recover-20221013/UBNA_001/20221012_030000.WAV,Telephone Field,recover-20221013,001,1795
105.2555,105.2955,68437,82346,Rhinolophus ferrumequinum,0.022,0.022,-1,Echolocation,/mnt/ubna_data_02_mir/recover-20221013/UBNA_001/20221012_030000.WAV,Telephone Field,recover-20221013,001,1795
105.26050000000001,105.2668,48671,53427,Pipistrellus pipistrellus,0.021,0.022,-1,Echolocation,/mnt/ubna_data_02_mir/recover-20221013/UBNA_001/20221012_030000.WAV,Telephone Field,recover-20221013,001,1795
105.2635,105.3043,68437,82733,Rhinolophus ferrumequinum,0.026,0.026,-1,Echolocation,/mnt/ubna_data_02_mir/recover-20221013/UBNA_001/20221012_030000.WAV,Telephone Field,recover-20221013,001,1795
105.3385,105.3482,23750,29627,Nyctalus leisleri,0.011,0.024,-1,Echolocation,/mnt/ubna_data_02_mir/recover-20221013/UBNA_001/20221012_030000.WAV,Telephone Field,recover-20221013,001,1795
105.3555,105.3639,28046,37703,Eptesicus serotinus,0.008,0.021,-1,Echolocation,/mnt/ubna_data_02_mir/recover-20221013/UBNA_001/20221012_030000.WAV,Telephone Field,recover-20221013,001,1795
105.3735,105.41,68437,81725,Rhinolophus ferrumequinum,0.021,0.022,-1,Echolocation,/mnt/ubna_data_02_mir/recover-20221013/UBNA_001/20221012_030000.WAV,Telephone Field,recover-20221013,001,1795
105.3805,105.4194,68437,82325,Rhinolophus ferrumequinum,0.022,0.022,-1,Echolocation,/mnt/ubna_data_02_mir/recover-20221013/UBNA_001/20221012_030000.WAV,Telephone Field,recover-20221013,001,1795
105.3885,105.4289,68437,81903,Rhinolophus ferrumequinum,0.022,0.022,-1,Echolocation,/mnt/ubna_data_02_mir/recover-20221013/UBNA_001/20221012_030000.WAV,Telephone Field,recover-20221013,001,1795
105.4485,105.4572,28906,40119,Eptesicus serotinus,0.008,0.021,-1,Echolocation,/mnt/ubna_data_02_mir/recover-20221013/UBNA_001/20221012_030000.WAV,Telephone Field,recover-20221013,001,1795
105.4535,105.4977,68437,83099,Rhinolophus ferrumequinum,0.047,0.047,-1,Echolocation,/mnt/ubna_data_02_mir/recover-20221013/UBNA_001/20221012_030000.WAV,Telephone Field,recover-20221013,001,1795
105.4615,105.4785,40937,43601,Pipistrellus nathusii,0.032,0.042,-1,Echolocation,/mnt/ubna_data_02_mir/recover-20221013/UBNA_001/20221012_030000.WAV,Telephone Field,recover-20221013,001,1795
105.4795,105.4876,28046,41904,Eptesicus serotinus,0.009,0.024,-1,Echolocation,/mnt/ubna_data_02_mir/recover-20221013/UBNA_001/20221012_030000.WAV,Telephone Field,recover-20221013,001,1795
105.4855,105.5264,68437,83190,Rhinolophus ferrumequinum,0.024,0.024,-1,Echolocation,/mnt/ubna_data_02_mir/recover-20221013/UBNA_001/20221012_030000.WAV,Telephone Field,recover-20221013,001,1795
105.5555,105.5941,68437,81905,Rhinolophus ferrumequinum,0.021,0.021,-1,Echolocation,/mnt/ubna_data_02_mir/recover-20221013/UBNA_001/20221012_030000.WAV,Telephone Field,recover-20221013,001,1795
105.5815,105.6196,68437,82196,Rhinolophus ferrumequinum,0.023,0.023,-1,Echolocation,/mnt/ubna_data_02_mir/recover-20221013/UBNA_001/20221012_030000.WAV,Telephone Field,recover-20221013,001,1795
105.5855,105.6045,20312,23285,Nyctalus leisleri,0.013,0.022,-1,Echolocation,/mnt/ubna_data_02_mir/recover-20221013/UBNA_001/20221012_030000.WAV,Telephone Field,recover-20221013,001,1795
105.6135,105.64959999999999,68437,81666,Rhinolophus ferrumequinum,0.025,0.026,-1,Echolocation,/mnt/ubna_data_02_mir/recover-20221013/UBNA_001/20221012_030000.WAV,Telephone Field,recover-20221013,001,1795
105.6405,105.68,68437,82003,Rhinolophus ferrumequinum,0.025,0.025,-1,Echolocation,/mnt/ubna_data_02_mir/recover-20221013/UBNA_001/20221012_030000.WAV,Telephone Field,recover-20221013,001,1795
105.64750000000001,105.6559,22890,30923,Plecotus austriacus,0.011,0.024,-1,Echolocation,/mnt/ubna_data_02_mir/recover-20221013/UBNA_001/20221012_030000.WAV,Telephone Field,recover-20221013,001,1795
105.6735,105.7129,68437,82288,Rhinolophus ferrumequinum,0.021,0.021,-1,Echolocation,/mnt/ubna_data_02_mir/recover-20221013/UBNA_001/20221012_030000.WAV,Telephone Field,recover-20221013,001,1795
105.6815,105.719,68437,82369,Rhinolophus ferrumequinum,0.026,0.026,-1,Echolocation,/mnt/ubna_data_02_mir/recover-20221013/UBNA_001/20221012_030000.WAV,Telephone Field,recover-20221013,001,1795
105.6885,105.7305,68437,82622,Rhinolophus ferrumequinum,0.025,0.025,-1,Echolocation,/mnt/ubna_data_02_mir/recover-20221013/UBNA_001/20221012_030000.WAV,Telephone Field,recover-20221013,001,1795
105.6995,105.707,28046,37725,Eptesicus serotinus,0.01,0.027,-1,Echolocation,/mnt/ubna_data_02_mir/recover-20221013/UBNA_001/20221012_030000.WAV,Telephone Field,recover-20221013,001,1795
105.7225,105.7599,68437,81539,Rhinolophus ferrumequinum,0.021,0.021,-1,Echolocation,/mnt/ubna_data_02_mir/recover-20221013/UBNA_001/20221012_030000.WAV,Telephone Field,recover-20221013,001,1795
105.7345,105.7421,28046,38663,Eptesicus serotinus,0.007,0.021,-1,Echolocation,/mnt/ubna_data_02_mir/recover-20221013/UBNA_001/20221012_030000.WAV,Telephone Field,recover-20221013,001,1795
105.7755,105.7835,25468,35625,Eptesicus serotinus,0.007,0.023,-1,Echolocation,/mnt/ubna_data_02_mir/recover-20221013/UBNA_001/20221012_030000.WAV,Telephone Field,recover-20221013,001,1795
105.7885,105.8265,68437,81770,Rhinolophus ferrumequinum,0.022,0.022,-1,Echolocation,/mnt/ubna_data_02_mir/recover-20221013/UBNA_001/20221012_030000.WAV,Telephone Field,recover-20221013,001,1795
105.8135,105.8501,68437,81023,Rhinolophus ferrumequinum,0.021,0.022,-1,Echolocation,/mnt/ubna_data_02_mir/recover-20221013/UBNA_001/20221012_030000.WAV,Telephone Field,recover-20221013,001,1795
105.8295,105.8434,14296,19478,Nyctalus noctula,0.018,0.027,-1,Echolocation,/mnt/ubna_data_02_mir/recover-20221013/UBNA_001/20221012_030000.WAV,Telephone Field,recover-20221013,001,1795
105.8425,105.8813,68437,82251,Rhinolophus ferrumequinum,0.022,0.022,-1,Echolocation,/mnt/ubna_data_02_mir/recover-20221013/UBNA_001/20221012_030000.WAV,Telephone Field,recover-20221013,001,1795
105.8425,105.8512,28046,38591,Eptesicus serotinus,0.008,0.021,-1,Echolocation,/mnt/ubna_data_02_mir/recover-20221013/UBNA_001/20221012_030000.WAV,Telephone Field,recover-20221013,001,1795
105.9205,105.9583,68437,81743,Rhinolophus ferrumequinum,0.022,0.022,-1,Echolocation,/mnt/ubna_data_02_mir/recover-20221013/UBNA_001/20221012_030000.WAV,Telephone Field,recover-20221013,001,1795
105.9535,105.9942,68437,82164,Rhinolophus ferrumequinum,0.021,0.021,-1,Echolocation,/mnt/ubna_data_02_mir/recover-20221013/UBNA_001/20221012_030000.WAV,Telephone Field,recover-20221013,001,1795
105.9745,105.9807,49531,53602,Pipistrellus pipistrellus,0.024,0.025,-1,Echolocation,/mnt/ubna_data_02_mir/recover-20221013/UBNA_001/20221012_030000.WAV,Telephone Field,recover-20221013,001,1795
106.0015,106.03450000000001,68437,79219,Rhinolophus ferrumequinum,0.021,0.022,-1,Echolocation,/mnt/ubna_data_02_mir/recover-20221013/UBNA_001/20221012_030000.WAV,Telephone Field,recover-20221013,001,1795
106.0015,106.0097,24609,35760,Nyctalus leisleri,0.004,0.022,-1,Echolocation,/mnt/ubna_data_02_mir/recover-20221013/UBNA_001/20221012_030000.WAV,Telephone Field,recover-20221013,001,1795
106.0015,106.0112,45234,51305,Pipistrellus pipistrellus,0.035,0.045,-1,Echolocation,/mnt/ubna_data_02_mir/recover-20221013/UBNA_001/20221012_030000.WAV,Telephone Field,recover-20221013,001,1795
106.0015,106.0089,30625,46916,Myotis daubentonii,0.008,0.021,-1,Echolocation,/mnt/ubna_data_02_mir/recover-20221013/UBNA_001/20221012_030000.WAV,Telephone Field,recover-20221013,001,1795
106.0015,106.0119,40937,48236,Pipistrellus nathusii,0.026,0.041,-1,Echolocation,/mnt/ubna_data_02_mir/recover-20221013/UBNA_001/20221012_030000.WAV,Telephone Field,recover-20221013,001,1795
106.0075,106.018,46953,52042,Pipistrellus pipistrellus,0.028,0.032,-1,Echolocation,/mnt/ubna_data_02_mir/recover-20221013/UBNA_001/20221012_030000.WAV,Telephone Field,recover-20221013,001,1795
106.0335,106.0433,28906,36449,Eptesicus serotinus,0.01,0.022,-1,Echolocation,/mnt/ubna_data_02_mir/recover-20221013/UBNA_001/20221012_030000.WAV,Telephone Field,recover-20221013,001,1795
106.0365,106.07730000000001,68437,83060,Rhinolophus ferrumequinum,0.022,0.022,-1,Echolocation,/mnt/ubna_data_02_mir/recover-20221013/UBNA_001/20221012_030000.WAV,Telephone Field,recover-20221013,001,1795
106.0635,106.1002,68437,81864,Rhinolophus ferrumequinum,0.022,0.022,-1,Echolocation,/mnt/ubna_data_02_mir/recover-20221013/UBNA_001/20221012_030000.WAV,Telephone Field,recover-20221013,001,1795
106.0715,106.0818,23750,29664,Nyctalus leisleri,0.008,0.021,-1,Echolocation,/mnt/ubna_data_02_mir/recover-20221013/UBNA_001/20221012_030000.WAV,Telephone Field,recover-20221013,001,1795
106.0915,106.0996,27187,38454,Eptesicus serotinus,0.008,0.022,-1,Echolocation,/mnt/ubna_data_02_mir/recover-20221013/UBNA_001/20221012_030000.WAV,Telephone Field,recover-20221013,001,1795
106.11449999999999,106.1536,68437,82314,Rhinolophus ferrumequinum,0.025,0.025,-1,Echolocation,/mnt/ubna_data_02_mir/recover-20221013/UBNA_001/20221012_030000.WAV,Telephone Field,recover-20221013,001,1795
106.1375,106.1785,68437,82913,Rhinolophus ferrumequinum,0.024,0.024,-1,Echolocation,/mnt/ubna_data_02_mir/recover-20221013/UBNA_001/20221012_030000.WAV,Telephone Field,recover-20221013,001,1795
106.1455,106.1841,68437,82378,Rhinolophus ferrumequinum,0.024,0.024,-1,Echolocation,/mnt/ubna_data_02_mir/recover-20221013/UBNA_001/20221012_030000.WAV,Telephone Field,recover-20221013,001,1795
106.15950000000001,106.19839999999999,68437,82254,Rhinolophus ferrumequinum,0.023,0.023,-1,Echolocation,/mnt/ubna_data_02_mir/recover-20221013/UBNA_001/20221012_030000.WAV,Telephone Field,recover-20221013,001,1795
106.1885,106.2294,68437,82180,Rhinolophus ferrumequinum,0.024,0.024,-1,Echolocation,/mnt/ubna_data_02_mir/recover-20221013/UBNA_001/20221012_030000.WAV,Telephone Field,recover-20221013,001,1795
106.2135,106.2503,68437,81793,Rhinolophus ferrumequinum,0.022,0.022,-1,Echolocation,/mnt/ubna_data_02_mir/recover-20221013/UBNA_001/20221012_030000.WAV,Telephone Field,recover-20221013,001,1795
106.2325,106.2683,68437,81873,Rhinolophus ferrumequinum,0.021,0.022,-1,Echolocation,/mnt/ubna_data_02_mir/recover-20221013/UBNA_001/20221012_030000.WAV,Telephone Field,recover-20221013,001,1795
106.2415,106.2535,22031,27127,Nyctalus leisleri,0.011,0.025,-1,Echolocation,/mnt/ubna_data_02_mir/recover-20221013/UBNA_001/20221012_030000.WAV,Telephone Field,recover-20221013,001,1795
106.25450000000001,106.2649,22890,27075,Nyctalus leisleri,0.012,0.022,-1,Echolocation,/mnt/ubna_data_02_mir/recover-20221013/UBNA_001/20221012_030000.WAV,Telephone Field,recover-20221013,001,1795
106.2655,106.3027,68437,81681,Rhinolophus ferrumequinum,0.023,0.023,-1,Echolocation,/mnt/ubna_data_02_mir/recover-20221013/UBNA_001/20221012_030000.WAV,Telephone Field,recover-20221013,001,1795
106.27250000000001,106.3123,68437,82273,Rhinolophus ferrumequinum,0.023,0.023,-1,Echolocation,/mnt/ubna_data_02_mir/recover-20221013/UBNA_001/20221012_030000.WAV,Telephone Field,recover-20221013,001,1795
106.3145,106.3496,68437,81466,Rhinolophus ferrumequinum,0.021,0.021,-1,Echolocation,/mnt/ubna_data_02_mir/recover-20221013/UBNA_001/20221012_030000.WAV,Telephone Field,recover-20221013,001,1795
106.3495,106.3887,68437,82487,Rhinolophus ferrumequinum,0.025,0.025,-1,Echolocation,/mnt/ubna_data_02_mir/recover-20221013/UBNA_001/20221012_030000.WAV,Telephone Field,recover-20221013,001,1795
106.3655,106.3754,23750,30617,Nyctalus leisleri,0.009,0.024,-1,Echolocation,/mnt/ubna_data_02_mir/recover-20221013/UBNA_001/20221012_030000.WAV,Telephone Field,recover-20221013,001,1795
106.3875,106.39529999999999,28046,41610,Eptesicus serotinus,0.007,0.023,-1,Echolocation,/mnt/ubna_data_02_mir/recover-20221013/UBNA_001/20221012_030000.WAV,Telephone Field,recover-20221013,001,1795
106.41550000000001,106.4559,68437,82358,Rhinolophus ferrumequinum,0.023,0.023,-1,Echolocation,/mnt/ubna_data_02_mir/recover-20221013/UBNA_001/20221012_030000.WAV,Telephone Field,recover-20221013,001,1795
106.4195,106.4314,22031,26750,Nyctalus leisleri,0.014,0.026,-1,Echolocation,/mnt/ubna_data_02_mir/recover-20221013/UBNA_001/20221012_030000.WAV,Telephone Field,recover-20221013,001,1795
106.4365,106.47710000000001,68437,82751,Rhinolophus ferrumequinum,0.022,0.022,-1,Echolocation,/mnt/ubna_data_02_mir/recover-20221013/UBNA_001/20221012_030000.WAV,Telephone Field,recover-20221013,001,1795
106.4565,106.4941,68437,81448,Rhinolophus ferrumequinum,0.022,0.022,-1,Echolocation,/mnt/ubna_data_02_mir/recover-20221013/UBNA_001/20221012_030000.WAV,Telephone Field,recover-20221013,001,1795
106.4605,106.4739,24609,30275,Nyctalus leisleri,0.025,0.059,-1,Echolocation,/mnt/ubna_data_02_mir/recover-20221013/UBNA_001/20221012_030000.WAV,Telephone Field,recover-20221013,001,1795
106.4935,106.5303,68437,81739,Rhinolophus ferrumequinum,0.023,0.023,-1,Echolocation,/mnt/ubna_data_02_mir/recover-20221013/UBNA_001/20221012_030000.WAV,Telephone Field,recover-20221013,001,1795
106.51650000000001,106.5539,68437,81834,Rhinolophus ferrumequinum,0.024,0.024,-1,Echolocation,/mnt/ubna_data_02_mir/recover-20221013/UBNA_001/20221012_030000.WAV,Telephone Field,recover-20221013,001,1795
106.5375,106.5752,68437,81711,Rhinolophus ferrumequinum,0.024,0.024,-1,Echolocation,/mnt/ubna_data_02_mir/recover-20221013/UBNA_001/20221012_030000.WAV,Telephone Field,recover-20221013,001,1795
106.5805,106.5914,28906,36963,Eptesicus serotinus,0.012,0.026,-1,Echolocation,/mnt/ubna_data_02_mir/recover-20221013/UBNA_001/20221012_030000.WAV,Telephone Field,recover-20221013,001,1795
106.5985,106.63929999999999,68437,82882,Rhinolophus ferrumequinum,0.031,0.031,-1,Echolocation,/mnt/ubna_data_02_mir/recover-20221013/UBNA_001/20221012_030000.WAV,Telephone Field,recover-20221013,001,1795
106.6115,106.6197,31484,41415,Myotis daubentonii,0.008,0.021,-1,Echolocation,/mnt/ubna_data_02_mir/recover-20221013/UBNA_001/20221012_030000.WAV,Telephone Field,recover-20221013,001,1795
106.62049999999999,106.631,23750,29510,Nyctalus leisleri,0.01,0.023,-1,Echolocation,/mnt/ubna_data_02_mir/recover-20221013/UBNA_001/20221012_030000.WAV,Telephone Field,recover-20221013,001,1795
106.6305,106.6708,68437,82316,Rhinolophus ferrumequinum,0.022,0.022,-1,Echolocation,/mnt/ubna_data_02_mir/recover-20221013/UBNA_001/20221012_030000.WAV,Telephone Field,recover-20221013,001,1795
106.65950000000001,106.6704,28906,36319,Eptesicus serotinus,0.011,0.023,-1,Echolocation,/mnt/ubna_data_02_mir/recover-20221013/UBNA_001/20221012_030000.WAV,Telephone Field,recover-20221013,001,1795
106.6635,106.6999,68437,80598,Rhinolophus ferrumequinum,0.022,0.023,-1,Echolocation,/mnt/ubna_data_02_mir/recover-20221013/UBNA_001/20221012_030000.WAV,Telephone Field,recover-20221013,001,1795
106.67150000000001,106.6781,29765,42329,Eptesicus serotinus,0.016,0.044,-1,Echolocation,/mnt/ubna_data_02_mir/recover-20221013/UBNA_001/20221012_030000.WAV,Telephone Field,recover-20221013,001,1795
106.7225,106.7668,68437,83835,Rhinolophus ferrumequinum,0.034,0.034,-1,Echolocation,/mnt/ubna_data_02_mir/recover-20221013/UBNA_001/20221012_030000.WAV,Telephone Field,recover-20221013,001,1795
106.76050000000001,106.7998,68437,82149,Rhinolophus ferrumequinum,0.021,0.021,-1,Echolocation,/mnt/ubna_data_02_mir/recover-20221013/UBNA_001/20221012_030000.WAV,Telephone Field,recover-20221013,001,1795
106.7875,106.7993,22890,28197,Nyctalus leisleri,0.011,0.022,-1,Echolocation,/mnt/ubna_data_02_mir/recover-20221013/UBNA_001/20221012_030000.WAV,Telephone Field,recover-20221013,001,1795
106.7885,106.82849999999999,68437,82241,Rhinolophus ferrumequinum,0.021,0.021,-1,Echolocation,/mnt/ubna_data_02_mir/recover-20221013/UBNA_001/20221012_030000.WAV,Telephone Field,recover-20221013,001,1795
106.8155,106.8558,68437,81526,Rhinolophus ferrumequinum,0.024,0.024,-1,Echolocation,/mnt/ubna_data_02_mir/recover-20221013/UBNA_001/20221012_030000.WAV,Telephone Field,recover-20221013,001,1795
106.8265,106.8613,68437,80904,Rhinolophus ferrumequinum,0.024,0.024,-1,Echolocation,/mnt/ubna_data_02_mir/recover-20221013/UBNA_001/20221012_030000.WAV,Telephone Field,recover-20221013,001,1795
106.82849999999999,106.8365,26328,37915,Eptesicus serotinus,0.007,0.021,-1,Echolocation,/mnt/ubna_data_02_mir/recover-20221013/UBNA_001/20221012_030000.WAV,Telephone Field,recover-20221013,001,1795
106.8385,106.8787,68437,82042,Rhinolophus ferrumequinum,0.023,0.023,-1,Echolocation,/mnt/ubna_data_02_mir/recover-20221013/UBNA_001/20221012_030000.WAV,Telephone Field,recover-20221013,001,1795
106.8625,106.9029,68437,82722,Rhinolophus ferrumequinum,0.023,0.023,-1,Echolocation,/mnt/ubna_data_02_mir/recover-20221013/UBNA_001/20221012_030000.WAV,Telephone Field,recover-20221013,001,1795
106.8635,106.8734,22890,29380,Nyctalus leisleri,0.008,0.023,-1,Echolocation,/mnt/ubna_data_02_mir/recover-20221013/UBNA_001/20221012_030000.WAV,Telephone Field,recover-20221013,001,1795
106.8895,106.8981,28906,38936,Eptesicus serotinus,0.008,0.023,-1,Echolocation,/mnt/ubna_data_02_mir/recover-20221013/UBNA_001/20221012_030000.WAV,Telephone Field,recover-20221013,001,1795
106.9275,106.9373,22890,29260,Nyctalus leisleri,0.008,0.021,-1,Echolocation,/mnt/ubna_data_02_mir/recover-20221013/UBNA_001/20221012_030000.WAV,Telephone Field,recover-20221013,001,1795
106.9415,106.98089999999999,68437,82965,Rhinolophus ferrumequinum,0.024,0.024,-1,Echolocation,/mnt/ubna_data_02_mir/recover-20221013/UBNA_001/20221012_030000.WAV,Telephone Field,recover-20221013,001,1795
106.9575,107.0009,68437,83088,Rhinolophus ferrumequinum,0.034,0.034,-1,Echolocation,/mnt/ubna_data_02_mir/recover-20221013/UBNA_001/20221012_030000.WAV,Telephone Field,recover-20221013,001,1795
106.9645,106.9731,27187,39320,Eptesicus serotinus,0.009,0.022,-1,Echolocation,/mnt/ubna_data_02_mir/recover-20221013/UBNA_001/20221012_030000.WAV,Telephone Field,recover-20221013,001,1795
106.97149999999999,107.007,68437,81346,Rhinolophus ferrumequinum,0.023,0.023,-1,Echolocation,/mnt/ubna_data_02_mir/recover-20221013/UBNA_001/20221012_030000.WAV,Telephone Field,recover-20221013,001,1795
107.0075,107.0151,26328,35590,Eptesicus serotinus,0.008,0.022,-1,Echolocation,/mnt/ubna_data_02_mir/recover-20221013/UBNA_001/20221012_030000.WAV,Telephone Field,recover-20221013,001,1795
107.0595,107.0989,68437,82561,Rhinolophus ferrumequinum,0.034,0.034,-1,Echolocation,/mnt/ubna_data_02_mir/recover-20221013/UBNA_001/20221012_030000.WAV,Telephone Field,recover-20221013,001,1795
107.0815,107.1168,68437,80532,Rhinolophus ferrumequinum,0.021,0.021,-1,Echolocation,/mnt/ubna_data_02_mir/recover-20221013/UBNA_001/20221012_030000.WAV,Telephone Field,recover-20221013,001,1795
107.0975,107.1336,68437,81218,Rhinolophus ferrumequinum,0.022,0.022,-1,Echolocation,/mnt/ubna_data_02_mir/recover-20221013/UBNA_001/20221012_030000.WAV,Telephone Field,recover-20221013,001,1795
107.1385,107.1757,68437,82433,Rhinolophus ferrumequinum,0.021,0.021,-1,Echolocation,/mnt/ubna_data_02_mir/recover-20221013/UBNA_001/20221012_030000.WAV,Telephone Field,recover-20221013,001,1795
107.1625,107.2021,68437,82315,Rhinolophus ferrumequinum,0.025,0.025,-1,Echolocation,/mnt/ubna_data_02_mir/recover-20221013/UBNA_001/20221012_030000.WAV,Telephone Field,recover-20221013,001,1795
107.1705,107.1802,28906,36759,Eptesicus serotinus,0.009,0.022,-1,Echolocation,/mnt/ubna_data_02_mir/recover-20221013/UBNA_001/20221012_030000.WAV,Telephone Field,recover-20221013,001,1795
107.2345,107.2466,55546,60206,Pipistrellus pygmaeus,0.023,0.026,-1,Echolocation,/mnt/ubna_data_02_mir/recover-20221013/UBNA_001/20221012_030000.WAV,Telephone Field,recover-20221013,001,1795
107.2565,107.2966,68437,82059,Rhinolophus ferrumequinum,0.024,0.024,-1,Echolocation,/mnt/ubna_data_02_mir/recover-20221013/UBNA_001/20221012_030000.WAV,Telephone Field,recover-20221013,001,1795
107.2585,107.2697,28906,35194,Eptesicus serotinus,0.012,0.024,-1,Echolocation,/mnt/ubna_data_02_mir/recover-20221013/UBNA_001/20221012_030000.WAV,Telephone Field,recover-20221013,001,1795
107.2745,107.316,68437,83146,Rhinolophus ferrumequinum,0.024,0.024,-1,Echolocation,/mnt/ubna_data_02_mir/recover-20221013/UBNA_001/20221012_030000.WAV,Telephone Field,recover-20221013,001,1795
107.2795,107.28960000000001,24609,30957,Nyctalus leisleri,0.009,0.026,-1,Echolocation,/mnt/ubna_data_02_mir/recover-20221013/UBNA_001/20221012_030000.WAV,Telephone Field,recover-20221013,001,1795
107.35849999999999,107.3931,68437,81289,Rhinolophus ferrumequinum,0.024,0.024,-1,Echolocation,/mnt/ubna_data_02_mir/recover-20221013/UBNA_001/20221012_030000.WAV,Telephone Field,recover-20221013,001,1795
107.3655,107.3987,68437,80901,Rhinolophus ferrumequinum,0.022,0.022,-1,Echolocation,/mnt/ubna_data_02_mir/recover-20221013/UBNA_001/20221012_030000.WAV,Telephone Field,recover-20221013,001,1795
107.3695,107.3763,28046,41724,Eptesicus serotinus,0.006,0.021,-1,Echolocation,/mnt/ubna_data_02_mir/recover-20221013/UBNA_001/20221012_030000.WAV,Telephone Field,recover-20221013,001,1795
107.3885,107.4268,68437,82115,Rhinolophus ferrumequinum,0.022,0.022,-1,Echolocation,/mnt/ubna_data_02_mir/recover-20221013/UBNA_001/20221012_030000.WAV,Telephone Field,recover-20221013,001,1795
107.3965,107.4059,23750,30215,Nyctalus leisleri,0.008,0.022,-1,Echolocation,/mnt/ubna_data_02_mir/recover-20221013/UBNA_001/20221012_030000.WAV,Telephone Field,recover-20221013,001,1795
107.4135,107.4239,43515,49663,Pipistrellus pipistrellus,0.049,0.067,-1,Echolocation,/mnt/ubna_data_02_mir/recover-20221013/UBNA_001/20221012_030000.WAV,Telephone Field,recover-20221013,001,1795
107.41550000000001,107.4272,25468,30803,Eptesicus serotinus,0.08,0.179,-1,Echolocation,/mnt/ubna_data_02_mir/recover-20221013/UBNA_001/20221012_030000.WAV,Telephone Field,recover-20221013,001,1795
107.4165,107.4553,68437,82846,Rhinolophus ferrumequinum,0.023,0.023,-1,Echolocation,/mnt/ubna_data_02_mir/recover-20221013/UBNA_001/20221012_030000.WAV,Telephone Field,recover-20221013,001,1795
107.4245,107.4667,68437,82906,Rhinolophus ferrumequinum,0.029,0.029,-1,Echolocation,/mnt/ubna_data_02_mir/recover-20221013/UBNA_001/20221012_030000.WAV,Telephone Field,recover-20221013,001,1795
107.4325,107.4422,22890,28963,Nyctalus leisleri,0.008,0.022,-1,Echolocation,/mnt/ubna_data_02_mir/recover-20221013/UBNA_001/20221012_030000.WAV,Telephone Field,recover-20221013,001,1795
107.4505,107.4603,14296,19957,Nyctalus noctula,0.009,0.021,-1,Echolocation,/mnt/ubna_data_02_mir/recover-20221013/UBNA_001/20221012_030000.WAV,Telephone Field,recover-20221013,001,1795
107.4515,107.49080000000001,68437,82416,Rhinolophus ferrumequinum,0.021,0.021,-1,Echolocation,/mnt/ubna_data_02_mir/recover-20221013/UBNA_001/20221012_030000.WAV,Telephone Field,recover-20221013,001,1795
107.4675,107.4781,28906,35533,Eptesicus serotinus,0.009,0.022,-1,Echolocation,/mnt/ubna_data_02_mir/recover-20221013/UBNA_001/20221012_030000.WAV,Telephone Field,recover-20221013,001,1795
107.4685,107.5101,68437,82506,Rhinolophus ferrumequinum,0.022,0.022,-1,Echolocation,/mnt/ubna_data_02_mir/recover-20221013/UBNA_001/20221012_030000.WAV,Telephone Field,recover-20221013,001,1795
107.4765,107.5156,68437,82486,Rhinolophus ferrumequinum,0.021,0.021,-1,Echolocation,/mnt/ubna_data_02_mir/recover-20221013/UBNA_001/20221012_030000.WAV,Telephone Field,recover-20221013,001,1795
107.5115,107.5487,68437,81671,Rhinolophus ferrumequinum,0.021,0.021,-1,Echolocation,/mnt/ubna_data_02_mir/recover-20221013/UBNA_001/20221012_030000.WAV,Telephone Field,recover-20221013,001,1795
107.5265,107.5596,68437,81117,Rhinolophus ferrumequinum,0.021,0.021,-1,Echolocation,/mnt/ubna_data_02_mir/recover-20221013/UBNA_001/20221012_030000.WAV,Telephone Field,recover-20221013,001,1795
107.5685,107.6092,68437,82038,Rhinolophus ferrumequinum,0.024,0.024,-1,Echolocation,/mnt/ubna_data_02_mir/recover-20221013/UBNA_001/20221012_030000.WAV,Telephone Field,recover-20221013,001,1795
107.5915,107.6332,68437,82337,Rhinolophus ferrumequinum,0.025,0.025,-1,Echolocation,/mnt/ubna_data_02_mir/recover-20221013/UBNA_001/20221012_030000.WAV,Telephone Field,recover-20221013,001,1795
107.5925,107.6026,50390,57309,Pipistrellus pipistrellus,0.021,0.025,-1,Echolocation,/mnt/ubna_data_02_mir/recover-20221013/UBNA_001/20221012_030000.WAV,Telephone Field,recover-20221013,001,1795
107.5945,107.6014,23750,33311,Plecotus austriacus,0.011,0.025,-1,Echolocation,/mnt/ubna_data_02_mir/recover-20221013/UBNA_001/20221012_030000.WAV,Telephone Field,recover-20221013,001,1795
107.62049999999999,107.6603,68437,82007,Rhinolophus ferrumequinum,0.021,0.021,-1,Echolocation,/mnt/ubna_data_02_mir/recover-20221013/UBNA_001/20221012_030000.WAV,Telephone Field,recover-20221013,001,1795
107.6425,107.6508,28906,39514,Eptesicus serotinus,0.009,0.022,-1,Echolocation,/mnt/ubna_data_02_mir/recover-20221013/UBNA_001/20221012_030000.WAV,Telephone Field,recover-20221013,001,1795
107.6525,107.6914,68437,82213,Rhinolophus ferrumequinum,0.023,0.023,-1,Echolocation,/mnt/ubna_data_02_mir/recover-20221013/UBNA_001/20221012_030000.WAV,Telephone Field,recover-20221013,001,1795
107.6745,107.7168,68437,83202,Rhinolophus ferrumequinum,0.024,0.024,-1,Echolocation,/mnt/ubna_data_02_mir/recover-20221013/UBNA_001/20221012_030000.WAV,Telephone Field,recover-20221013,001,1795
107.6925,107.7307,68437,81844,Rhinolophus ferrumequinum,0.022,0.022,-1,Echolocation,/mnt/ubna_data_02_mir/recover-20221013/UBNA_001/20221012_030000.WAV,Telephone Field,recover-20221013,001,1795
107.7115,107.723,23750,29348,Nyctalus leisleri,0.013,0.027,-1,Echolocation,/mnt/ubna_data_02_mir/recover-20221013/UBNA_001/20221012_030000.WAV,Telephone Field,recover-20221013,001,1795
107.7355,107.7724,68437,81394,Rhinolophus ferrumequinum,0.026,0.026,-1,Echolocation,/mnt/ubna_data_02_mir/recover-20221013/UBNA_001/20221012_030000.WAV,Telephone Field,recover-20221013,001,1795
107.7375,107.7564,20312,23993,Nyctalus leisleri,0.012,0.026,-1,Echolocation,/mnt/ubna_data_02_mir/recover-20221013/UBNA_001/20221012_030000.WAV,Telephone Field,recover-20221013,001,1795
107.7615,107.8053,68437,82995,Rhinolophus ferrumequinum,0.032,0.032,-1,Echolocation,/mnt/ubna_data_02_mir/recover-20221013/UBNA_001/20221012_030000.WAV,Telephone Field,recover-20221013,001,1795
107.8175,107.8595,68437,82841,Rhinolophus ferrumequinum,0.024,0.024,-1,Echolocation,/mnt/ubna_data_02_mir/recover-20221013/UBNA_001/20221012_030000.WAV,Telephone Field,recover-20221013,001,1795
107.8895,107.9271,68437,82350,Rhinolophus ferrumequinum,0.021,0.021,-1,Echolocation,/mnt/ubna_data_02_mir/recover-20221013/UBNA_001/20221012_030000.WAV,Telephone Field,recover-20221013,001,1795
107.90950000000001,107.92269999999999,56406,62332,Pipistrellus pygmaeus,0.018,0.022,-1,Echolocation,/mnt/ubna_data_02_mir/recover-20221013/UBNA_001/20221012_030000.WAV,Telephone Field,recover-20221013,001,1795
107.90950000000001,107.9214,28046,35555,Eptesicus serotinus,0.027,0.042,-1,Echolocation,/mnt/ubna_data_02_mir/recover-20221013/UBNA_001/20221012_030000.WAV,Telephone Field,recover-20221013,001,1795
107.9315,107.97370000000001,68437,82692,Rhinolophus ferrumequinum,0.048,0.048,-1,Echolocation,/mnt/ubna_data_02_mir/recover-20221013/UBNA_001/20221012_030000.WAV,Telephone Field,recover-20221013,001,1795
107.9395,107.9481,27187,39303,Eptesicus serotinus,0.009,0.022,-1,Echolocation,/mnt/ubna_data_02_mir/recover-20221013/UBNA_001/20221012_030000.WAV,Telephone Field,recover-20221013,001,1795
108.0015,108.0142,55546,62011,Pipistrellus pygmaeus,0.024,0.026,-1,Echolocation,/mnt/ubna_data_02_mir/recover-20221013/UBNA_001/20221012_030000.WAV,Telephone Field,recover-20221013,001,1795
108.0015,108.009,26328,38521,Eptesicus serotinus,0.005,0.027,-1,Echolocation,/mnt/ubna_data_02_mir/recover-20221013/UBNA_001/20221012_030000.WAV,Telephone Field,recover-20221013,001,1795
108.0015,108.0127,20312,25101,Nyctalus leisleri,0.013,0.03,-1,Echolocation,/mnt/ubna_data_02_mir/recover-20221013/UBNA_001/20221012_030000.WAV,Telephone Field,recover-20221013,001,1795
108.0015,108.037,68437,80785,Rhinolophus ferrumequinum,0.033,0.034,-1,Echolocation,/mnt/ubna_data_02_mir/recover-20221013/UBNA_001/20221012_030000.WAV,Telephone Field,recover-20221013,001,1795
108.0115,108.0525,68437,82748,Rhinolophus ferrumequinum,0.022,0.022,-1,Echolocation,/mnt/ubna_data_02_mir/recover-20221013/UBNA_001/20221012_030000.WAV,Telephone Field,recover-20221013,001,1795
108.0125,108.0202,28046,39775,Eptesicus serotinus,0.007,0.022,-1,Echolocation,/mnt/ubna_data_02_mir/recover-20221013/UBNA_001/20221012_030000.WAV,Telephone Field,recover-20221013,001,1795
108.0275,108.0399,15156,21109,Nyctalus noctula,0.013,0.022,-1,Echolocation,/mnt/ubna_data_02_mir/recover-20221013/UBNA_001/20221012_030000.WAV,Telephone Field,recover-20221013,001,1795
108.0305,108.0707,68437,82672,Rhinolophus ferrumequinum,0.024,0.024,-1,Echolocation,/mnt/ubna_data_02_mir/recover-20221013/UBNA_001/20221012_030000.WAV,Telephone Field,recover-20221013,001,1795
108.0685,108.0757,27187,38048,Eptesicus serotinus,0.006,0.021,-1,Echolocation,/mnt/ubna_data_02_mir/recover-20221013/UBNA_001/20221012_030000.WAV,Telephone Field,recover-20221013,001,1795
108.0935,108.13159999999999,68437,82467,Rhinolophus ferrumequinum,0.023,0.023,-1,Echolocation,/mnt/ubna_data_02_mir/recover-20221013/UBNA_001/20221012_030000.WAV,Telephone Field,recover-20221013,001,1795
108.1225,108.131,28046,38820,Eptesicus serotinus,0.007,0.021,-1,Echolocation,/mnt/ubna_data_02_mir/recover-20221013/UBNA_001/20221012_030000.WAV,Telephone Field,recover-20221013,001,1795
108.1485,108.1557,28906,40046,Eptesicus serotinus,0.007,0.026,-1,Echolocation,/mnt/ubna_data_02_mir/recover-20221013/UBNA_001/20221012_030000.WAV,Telephone Field,recover-20221013,001,1795
108.1835,108.1922,28906,39247,Eptesicus serotinus,0.016,0.04,-1,Echolocation,/mnt/ubna_data_02_mir/recover-20221013/UBNA_001/20221012_030000.WAV,Telephone Field,recover-20221013,001,1795
108.1975,108.2373,68437,82468,Rhinolophus ferrumequinum,0.023,0.023,-1,Echolocation,/mnt/ubna_data_02_mir/recover-20221013/UBNA_001/20221012_030000.WAV,Telephone Field,recover-20221013,001,1795
108.2115,108.2516,68437,82981,Rhinolophus ferrumequinum,0.021,0.021,-1,Echolocation,/mnt/ubna_data_02_mir/recover-20221013/UBNA_001/20221012_030000.WAV,Telephone Field,recover-20221013,001,1795
108.2315,108.2392,26328,38469,Eptesicus serotinus,0.006,0.021,-1,Echolocation,/mnt/ubna_data_02_mir/recover-20221013/UBNA_001/20221012_030000.WAV,Telephone Field,recover-20221013,001,1795
108.2745,108.3123,68437,82444,Rhinolophus ferrumequinum,0.022,0.022,-1,Echolocation,/mnt/ubna_data_02_mir/recover-20221013/UBNA_001/20221012_030000.WAV,Telephone Field,recover-20221013,001,1795
108.2745,108.2849,28906,36671,Eptesicus serotinus,0.015,0.031,-1,Echolocation,/mnt/ubna_data_02_mir/recover-20221013/UBNA_001/20221012_030000.WAV,Telephone Field,recover-20221013,001,1795
108.2935,108.3335,68437,82963,Rhinolophus ferrumequinum,0.026,0.026,-1,Echolocation,/mnt/ubna_data_02_mir/recover-20221013/UBNA_001/20221012_030000.WAV,Telephone Field,recover-20221013,001,1795
108.2995,108.3078,25468,34226,Eptesicus serotinus,0.007,0.021,-1,Echolocation,/mnt/ubna_data_02_mir/recover-20221013/UBNA_001/20221012_030000.WAV,Telephone Field,recover-20221013,001,1795
108.3425,108.3787,68437,81782,Rhinolophus ferrumequinum,0.022,0.022,-1,Echolocation,/mnt/ubna_data_02_mir/recover-20221013/UBNA_001/20221012_030000.WAV,Telephone Field,recover-20221013,001,1795
108.3595,108.4032,68437,83055,Rhinolophus ferrumequinum,0.034,0.034,-1,Echolocation,/mnt/ubna_data_02_mir/recover-20221013/UBNA_001/20221012_030000.WAV,Telephone Field,recover-20221013,001,1795
108.3745,108.4106,68437,81917,Rhinolophus ferrumequinum,0.026,0.026,-1,Echolocation,/mnt/ubna_data_02_mir/recover-20221013/UBNA_001/20221012_030000.WAV,Telephone Field,recover-20221013,001,1795
108.3765,108.3844,28046,38778,Eptesicus serotinus,0.007,0.021,-1,Echolocation,/mnt/ubna_data_02_mir/recover-20221013/UBNA_001/20221012_030000.WAV,Telephone Field,recover-20221013,001,1795
108.3825,108.3904,23750,31561,Plecotus austriacus,0.009,0.022,-1,Echolocation,/mnt/ubna_data_02_mir/recover-20221013/UBNA_001/20221012_030000.WAV,Telephone Field,recover-20221013,001,1795
108.3995,108.4067,26328,35372,Eptesicus serotinus,0.005,0.021,-1,Echolocation,/mnt/ubna_data_02_mir/recover-20221013/UBNA_001/20221012_030000.WAV,Telephone Field,recover-20221013,001,1795
108.5235,108.562,68437,82329,Rhinolophus ferrumequinum,0.023,0.023,-1,Echolocation,/mnt/ubna_data_02_mir/recover-20221013/UBNA_001/20221012_030000.WAV,Telephone Field,recover-20221013,001,1795
108.5255,108.5334,27187,39051,Eptesicus serotinus,0.007,0.022,-1,Echolocation,/mnt/ubna_data_02_mir/recover-20221013/UBNA_001/20221012_030000.WAV,Telephone Field,recover-20221013,001,1795
108.5475,108.5578,30625,42746,Eptesicus serotinus,0.009,0.025,-1,Echolocation,/mnt/ubna_data_02_mir/recover-20221013/UBNA_001/20221012_030000.WAV,Telephone Field,recover-20221013,001,1795
108.6335,108.6726,68437,81934,Rhinolophus ferrumequinum,0.022,0.023,-1,Echolocation,/mnt/ubna_data_02_mir/recover-20221013/UBNA_001/20221012_030000.WAV,Telephone Field,recover-20221013,001,1795
108.6745,108.6852,22890,28136,Nyctalus leisleri,0.011,0.023,-1,Echolocation,/mnt/ubna_data_02_mir/recover-20221013/UBNA_001/20221012_030000.WAV,Telephone Field,recover-20221013,001,1795
108.6815,108.72149999999999,68437,82459,Rhinolophus ferrumequinum,0.034,0.034,-1,Echolocation,/mnt/ubna_data_02_mir/recover-20221013/UBNA_001/20221012_030000.WAV,Telephone Field,recover-20221013,001,1795
108.7145,108.7529,68437,81850,Rhinolophus ferrumequinum,0.021,0.021,-1,Echolocation,/mnt/ubna_data_02_mir/recover-20221013/UBNA_001/20221012_030000.WAV,Telephone Field,recover-20221013,001,1795
108.7925,108.7991,24609,33892,Plecotus austriacus,0.008,0.022,-1,Echolocation,/mnt/ubna_data_02_mir/recover-20221013/UBNA_001/20221012_030000.WAV,Telephone Field,recover-20221013,001,1795
108.8015,108.8394,68437,82228,Rhinolophus ferrumequinum,0.022,0.022,-1,Echolocation,/mnt/ubna_data_02_mir/recover-20221013/UBNA_001/20221012_030000.WAV,Telephone Field,recover-20221013,001,1795
108.8075,108.8164,47812,55403,Pipistrellus pipistrellus,0.022,0.024,-1,Echolocation,/mnt/ubna_data_02_mir/recover-20221013/UBNA_001/20221012_030000.WAV,Telephone Field,recover-20221013,001,1795
108.8195,108.855,68437,81482,Rhinolophus ferrumequinum,0.023,0.023,-1,Echolocation,/mnt/ubna_data_02_mir/recover-20221013/UBNA_001/20221012_030000.WAV,Telephone Field,recover-20221013,001,1795
108.8225,108.832,23750,29932,Nyctalus leisleri,0.008,0.024,-1,Echolocation,/mnt/ubna_data_02_mir/recover-20221013/UBNA_001/20221012_030000.WAV,Telephone Field,recover-20221013,001,1795
108.8395,108.87819999999999,68437,82297,Rhinolophus ferrumequinum,0.022,0.022,-1,Echolocation,/mnt/ubna_data_02_mir/recover-20221013/UBNA_001/20221012_030000.WAV,Telephone Field,recover-20221013,001,1795
108.8535,108.86840000000001,14296,19640,Nyctalus noctula,0.021,0.029,-1,Echolocation,/mnt/ubna_data_02_mir/recover-20221013/UBNA_001/20221012_030000.WAV,Telephone Field,recover-20221013,001,1795
108.9135,108.95349999999999,68437,82493,Rhinolophus ferrumequinum,0.022,0.022,-1,Echolocation,/mnt/ubna_data_02_mir/recover-20221013/UBNA_001/20221012_030000.WAV,Telephone Field,recover-20221013,001,1795
108.91550000000001,108.9228,27187,40902,Eptesicus serotinus,0.007,0.024,-1,Echolocation,/mnt/ubna_data_02_mir/recover-20221013/UBNA_001/20221012_030000.WAV,Telephone Field,recover-20221013,001,1795
108.9825,109.0194,68437,82185,Rhinolophus ferrumequinum,0.022,0.022,-1,Echolocation,/mnt/ubna_data_02_mir/recover-20221013/UBNA_001/20221012_030000.WAV,Telephone Field,recover-20221013,001,1795
108.9935,109.0363,68437,82675,Rhinolophus ferrumequinum,0.024,0.024,-1,Echolocation,/mnt/ubna_data_02_mir/recover-20221013/UBNA_001/20221012_030000.WAV,Telephone Field,recover-20221013,001,1795
109.03450000000001,109.0739,68437,82497,Rhinolophus ferrumequinum,0.022,0.022,-1,Echolocation,/mnt/ubna_data_02_mir/recover-20221013/UBNA_001/20221012_030000.WAV,Telephone Field,recover-20221013,001,1795
109.0485,109.08539999999999,68437,81802,Rhinolophus ferrumequinum,0.021,0.021,-1,Echolocation,/mnt/ubna_data_02_mir/recover-20221013/UBNA_001/20221012_030000.WAV,Telephone Field,recover-20221013,001,1795
109.0725,109.1073,68437,81588,Rhinolophus ferrumequinum,0.036,0.036,-1,Echolocation,/mnt/ubna_data_02_mir/recover-20221013/UBNA_001/20221012_030000.WAV,Telephone Field,recover-20221013,001,1795
109.12049999999999,109.13210000000001,23750,30071,Nyctalus leisleri,0.01,0.025,-1,Echolocation,/mnt/ubna_data_02_mir/recover-20221013/UBNA_001/20221012_030000.WAV,Telephone Field,recover-20221013,001,1795
109.1395,109.14789999999999,27187,35335,Eptesicus serotinus,0.009,0.026,-1,Echolocation,/mnt/ubna_data_02_mir/recover-20221013/UBNA_001/20221012_030000.WAV,Telephone Field,recover-20221013,001,1795
109.15950000000001,109.1661,28046,41335,Myotis daubentonii,0.008,0.031,-1,Echolocation,/mnt/ubna_data_02_mir/recover-20221013/UBNA_001/20221012_030000.WAV,Telephone Field,recover-20221013,001,1795
109.1745,109.1842,28046,35483,Eptesicus serotinus,0.012,0.025,-1,Echolocation,/mnt/ubna_data_02_mir/recover-20221013/UBNA_001/20221012_030000.WAV,Telephone Field,recover-20221013,001,1795
109.21549999999999,109.2223,23750,32868,Plecotus austriacus,0.011,0.026,-1,Echolocation,/mnt/ubna_data_02_mir/recover-20221013/UBNA_001/20221012_030000.WAV,Telephone Field,recover-20221013,001,1795
109.2475,109.2594,22031,25920,Nyctalus leisleri,0.013,0.022,-1,Echolocation,/mnt/ubna_data_02_mir/recover-20221013/UBNA_001/20221012_030000.WAV,Telephone Field,recover-20221013,001,1795
109.2475,109.2522,39218,59739,Myotis mystacinus,0.017,0.055,-1,Echolocation,/mnt/ubna_data_02_mir/recover-20221013/UBNA_001/20221012_030000.WAV,Telephone Field,recover-20221013,001,1795
109.2895,109.2985,24609,32702,Nyctalus leisleri,0.006,0.022,-1,Echolocation,/mnt/ubna_data_02_mir/recover-20221013/UBNA_001/20221012_030000.WAV,Telephone Field,recover-20221013,001,1795
109.2915,109.3315,68437,82780,Rhinolophus ferrumequinum,0.023,0.023,-1,Echolocation,/mnt/ubna_data_02_mir/recover-20221013/UBNA_001/20221012_030000.WAV,Telephone Field,recover-20221013,001,1795
109.3375,109.3452,45234,54401,Pipistrellus pipistrellus,0.018,0.027,-1,Echolocation,/mnt/ubna_data_02_mir/recover-20221013/UBNA_001/20221012_030000.WAV,Telephone Field,recover-20221013,001,1795
109.34049999999999,109.37819999999999,68437,82090,Rhinolophus ferrumequinum,0.024,0.024,-1,Echolocation,/mnt/ubna_data_02_mir/recover-20221013/UBNA_001/20221012_030000.WAV,Telephone Field,recover-20221013,001,1795
109.3635,109.3982,68437,81351,Rhinolophus ferrumequinum,0.025,0.025,-1,Echolocation,/mnt/ubna_data_02_mir/recover-20221013/UBNA_001/20221012_030000.WAV,Telephone Field,recover-20221013,001,1795
109.3885,109.39529999999999,28906,40062,Eptesicus serotinus,0.007,0.026,-1,Echolocation,/mnt/ubna_data_02_mir/recover-20221013/UBNA_001/20221012_030000.WAV,Telephone Field,recover-20221013,001,1795
109.3965,109.4357,68437,82330,Rhinolophus ferrumequinum,0.024,0.024,-1,Echolocation,/mnt/ubna_data_02_mir/recover-20221013/UBNA_001/20221012_030000.WAV,Telephone Field,recover-20221013,001,1795
109.4065,109.4141,28046,38735,Eptesicus serotinus,0.007,0.022,-1,Echolocation,/mnt/ubna_data_02_mir/recover-20221013/UBNA_001/20221012_030000.WAV,Telephone Field,recover-20221013,001,1795
109.4225,109.4593,68437,82408,Rhinolophus ferrumequinum,0.022,0.022,-1,Echolocation,/mnt/ubna_data_02_mir/recover-20221013/UBNA_001/20221012_030000.WAV,Telephone Field,recover-20221013,001,1795
109.4345,109.4453,22031,27394,Nyctalus leisleri,0.011,0.026,-1,Echolocation,/mnt/ubna_data_02_mir/recover-20221013/UBNA_001/20221012_030000.WAV,Telephone Field,recover-20221013,001,1795
109.4465,109.4815,68437,81474,Rhinolophus ferrumequinum,0.021,0.021,-1,Echolocation,/mnt/ubna_data_02_mir/recover-20221013/UBNA_001/20221012_030000.WAV,Telephone Field,recover-20221013,001,1795
109.45949999999999,109.4668,28906,38424,Eptesicus serotinus,0.007,0.021,-1,Echolocation,/mnt/ubna_data_02_mir/recover-20221013/UBNA_001/20221012_030000.WAV,Telephone Field,recover-20221013,001,1795
109.4875,109.5279,68437,82297,Rhinolophus ferrumequinum,0.024,0.024,-1,Echolocation,/mnt/ubna_data_02_mir/recover-20221013/UBNA_001/20221012_030000.WAV,Telephone Field,recover-20221013,001,1795
109.4945,109.5329,68437,82416,Rhinolophus ferrumequinum,0.023,0.023,-1,Echolocation,/mnt/ubna_data_02_mir/recover-20221013/UBNA_001/20221012_030000.WAV,Telephone Field,recover-20221013,001,1795
109.4945,109.5013,28906,40944,Eptesicus serotinus,0.008,0.027,-1,Echolocation,/mnt/ubna_data_02_mir/recover-20221013/UBNA_001/20221012_030000.WAV,Telephone Field,recover-20221013,001,1795
109.49549999999999,109.5036,23750,32451,Plecotus austriacus,0.009,0.025,-1,Echolocation,/mnt/ubna_data_02_mir/recover-20221013/UBNA_001/20221012_030000.WAV,Telephone Field,recover-20221013,001,1795
109.5115,109.5519,68437,82059,Rhinolophus ferrumequinum,0.023,0.023,-1,Echolocation,/mnt/ubna_data_02_mir/recover-20221013/UBNA_001/20221012_030000.WAV,Telephone Field,recover-20221013,001,1795
109.5305,109.5704,68437,82439,Rhinolophus ferrumequinum,0.021,0.021,-1,Echolocation,/mnt/ubna_data_02_mir/recover-20221013/UBNA_001/20221012_030000.WAV,Telephone Field,recover-20221013,001,1795
109.5525,109.5581,30625,43019,Myotis daubentonii,0.027,0.056,-1,Echolocation,/mnt/ubna_data_02_mir/recover-20221013/UBNA_001/20221012_030000.WAV,Telephone Field,recover-20221013,001,1795
109.5735,109.5896,22031,25754,Nyctalus leisleri,0.019,0.031,-1,Echolocation,/mnt/ubna_data_02_mir/recover-20221013/UBNA_001/20221012_030000.WAV,Telephone Field,recover-20221013,001,1795
109.57849999999999,109.6151,68437,81247,Rhinolophus ferrumequinum,0.021,0.021,-1,Echolocation,/mnt/ubna_data_02_mir/recover-20221013/UBNA_001/20221012_030000.WAV,Telephone Field,recover-20221013,001,1795
109.5915,109.6289,68437,82610,Rhinolophus ferrumequinum,0.021,0.021,-1,Echolocation,/mnt/ubna_data_02_mir/recover-20221013/UBNA_001/20221012_030000.WAV,Telephone Field,recover-20221013,001,1795
109.6005,109.6409,68437,82553,Rhinolophus ferrumequinum,0.022,0.022,-1,Echolocation,/mnt/ubna_data_02_mir/recover-20221013/UBNA_001/20221012_030000.WAV,Telephone Field,recover-20221013,001,1795
109.6225,109.6307,23750,31255,Plecotus austriacus,0.008,0.023,-1,Echolocation,/mnt/ubna_data_02_mir/recover-20221013/UBNA_001/20221012_030000.WAV,Telephone Field,recover-20221013,001,1795
109.7085,109.7165,28906,38338,Eptesicus serotinus,0.006,0.021,-1,Echolocation,/mnt/ubna_data_02_mir/recover-20221013/UBNA_001/20221012_030000.WAV,Telephone Field,recover-20221013,001,1795
109.7245,109.7633,68437,82898,Rhinolophus ferrumequinum,0.023,0.023,-1,Echolocation,/mnt/ubna_data_02_mir/recover-20221013/UBNA_001/20221012_030000.WAV,Telephone Field,recover-20221013,001,1795
109.7675,109.80590000000001,68437,82713,Rhinolophus ferrumequinum,0.024,0.024,-1,Echolocation,/mnt/ubna_data_02_mir/recover-20221013/UBNA_001/20221012_030000.WAV,Telephone Field,recover-20221013,001,1795
109.8125,109.8523,68437,82134,Rhinolophus ferrumequinum,0.026,0.026,-1,Echolocation,/mnt/ubna_data_02_mir/recover-20221013/UBNA_001/20221012_030000.WAV,Telephone Field,recover-20221013,001,1795
109.84649999999999,109.8848,68437,82267,Rhinolophus ferrumequinum,0.023,0.023,-1,Echolocation,/mnt/ubna_data_02_mir/recover-20221013/UBNA_001/20221012_030000.WAV,Telephone Field,recover-20221013,001,1795
109.8765,109.9144,68437,82213,Rhinolophus ferrumequinum,0.023,0.023,-1,Echolocation,/mnt/ubna_data_02_mir/recover-20221013/UBNA_001/20221012_030000.WAV,Telephone Field,recover-20221013,001,1795
109.8895,109.899,25468,32838,Eptesicus serotinus,0.012,0.029,-1,Echolocation,/mnt/ubna_data_02_mir/recover-20221013/UBNA_001/20221012_030000.WAV,Telephone Field,recover-20221013,001,1795
109.9075,109.9145,28046,40489,Eptesicus serotinus,0.008,0.025,-1,Echolocation,/mnt/ubna_data_02_mir/recover-20221013/UBNA_001/20221012_030000.WAV,Telephone Field,recover-20221013,001,1795
109.9745,109.9816,28046,39888,Eptesicus serotinus,0.01,0.031,-1,Echolocation,/mnt/ubna_data_02_mir/recover-20221013/UBNA_001/20221012_030000.WAV,Telephone Field,recover-20221013,001,1795
110.0015,110.03399999999999,68437,80302,Rhinolophus ferrumequinum,0.048,0.048,-1,Echolocation,/mnt/ubna_data_02_mir/recover-20221013/UBNA_001/20221012_030000.WAV,Telephone Field,recover-20221013,001,1795
110.0015,110.01429999999999,20312,25228,Nyctalus noctula,0.014,0.036,-1,Echolocation,/mnt/ubna_data_02_mir/recover-20221013/UBNA_001/20221012_030000.WAV,Telephone Field,recover-20221013,001,1795
110.0025,110.0157,59843,67223,Pipistrellus pygmaeus,0.026,0.026,-1,Echolocation,/mnt/ubna_data_02_mir/recover-20221013/UBNA_001/20221012_030000.WAV,Telephone Field,recover-20221013,001,1795
110.01050000000001,110.0552,68437,82115,Rhinolophus ferrumequinum,0.022,0.022,-1,Echolocation,/mnt/ubna_data_02_mir/recover-20221013/UBNA_001/20221012_030000.WAV,Telephone Field,recover-20221013,001,1795
110.04050000000001,110.0782,68437,81967,Rhinolophus ferrumequinum,0.021,0.021,-1,Echolocation,/mnt/ubna_data_02_mir/recover-20221013/UBNA_001/20221012_030000.WAV,Telephone Field,recover-20221013,001,1795
110.07849999999999,110.1182,68437,82806,Rhinolophus ferrumequinum,0.024,0.024,-1,Echolocation,/mnt/ubna_data_02_mir/recover-20221013/UBNA_001/20221012_030000.WAV,Telephone Field,recover-20221013,001,1795
110.1165,110.157,68437,82840,Rhinolophus ferrumequinum,0.025,0.025,-1,Echolocation,/mnt/ubna_data_02_mir/recover-20221013/UBNA_001/20221012_030000.WAV,Telephone Field,recover-20221013,001,1795
110.1325,110.1425,22890,28747,Nyctalus leisleri,0.008,0.021,-1,Echolocation,/mnt/ubna_data_02_mir/recover-20221013/UBNA_001/20221012_030000.WAV,Telephone Field,recover-20221013,001,1795
110.1425,110.1494,25468,34641,Plecotus austriacus,0.008,0.026,-1,Echolocation,/mnt/ubna_data_02_mir/recover-20221013/UBNA_001/20221012_030000.WAV,Telephone Field,recover-20221013,001,1795
110.1935,110.2361,68437,82638,Rhinolophus ferrumequinum,0.034,0.034,-1,Echolocation,/mnt/ubna_data_02_mir/recover-20221013/UBNA_001/20221012_030000.WAV,Telephone Field,recover-20221013,001,1795
110.2645,110.3073,68437,83334,Rhinolophus ferrumequinum,0.043,0.043,-1,Echolocation,/mnt/ubna_data_02_mir/recover-20221013/UBNA_001/20221012_030000.WAV,Telephone Field,recover-20221013,001,1795
110.2805,110.3184,68437,82557,Rhinolophus ferrumequinum,0.025,0.025,-1,Echolocation,/mnt/ubna_data_02_mir/recover-20221013/UBNA_001/20221012_030000.WAV,Telephone Field,recover-20221013,001,1795
110.3235,110.3623,68437,83008,Rhinolophus ferrumequinum,0.024,0.024,-1,Echolocation,/mnt/ubna_data_02_mir/recover-20221013/UBNA_001/20221012_030000.WAV,Telephone Field,recover-20221013,001,1795
110.35849999999999,110.3972,68437,81771,Rhinolophus ferrumequinum,0.023,0.023,-1,Echolocation,/mnt/ubna_data_02_mir/recover-20221013/UBNA_001/20221012_030000.WAV,Telephone Field,recover-20221013,001,1795
110.3825,110.4145,68437,80326,Rhinolophus ferrumequinum,0.021,0.022,-1,Echolocation,/mnt/ubna_data_02_mir/recover-20221013/UBNA_001/20221012_030000.WAV,Telephone Field,recover-20221013,001,1795
110.3905,110.39789999999999,28046,38842,Eptesicus serotinus,0.006,0.021,-1,Echolocation,/mnt/ubna_data_02_mir/recover-20221013/UBNA_001/20221012_030000.WAV,Telephone Field,recover-20221013,001,1795
110.4265,110.4654,68437,82128,Rhinolophus ferrumequinum,0.021,0.021,-1,Echolocation,/mnt/ubna_data_02_mir/recover-20221013/UBNA_001/20221012_030000.WAV,Telephone Field,recover-20221013,001,1795
110.4485,110.4591,37500,42716,Barbastellus barbastellus,0.007,0.025,-1,Echolocation,/mnt/ubna_data_02_mir/recover-20221013/UBNA_001/20221012_030000.WAV,Telephone Field,recover-20221013,001,1795
110.4505,110.4587,28046,39667,Eptesicus serotinus,0.007,0.021,-1,Echolocation,/mnt/ubna_data_02_mir/recover-20221013/UBNA_001/20221012_030000.WAV,Telephone Field,recover-20221013,001,1795
110.4615,110.5058,68437,83380,Rhinolophus ferrumequinum,0.031,0.031,-1,Echolocation,/mnt/ubna_data_02_mir/recover-20221013/UBNA_001/20221012_030000.WAV,Telephone Field,recover-20221013,001,1795
110.4915,110.5336,68437,83353,Rhinolophus ferrumequinum,0.053,0.053,-1,Echolocation,/mnt/ubna_data_02_mir/recover-20221013/UBNA_001/20221012_030000.WAV,Telephone Field,recover-20221013,001,1795
110.5235,110.5664,68437,83581,Rhinolophus ferrumequinum,0.03,0.03,-1,Echolocation,/mnt/ubna_data_02_mir/recover-20221013/UBNA_001/20221012_030000.WAV,Telephone Field,recover-20221013,001,1795
110.5655,110.5761,23750,30553,Nyctalus leisleri,0.009,0.025,-1,Echolocation,/mnt/ubna_data_02_mir/recover-20221013/UBNA_001/20221012_030000.WAV,Telephone Field,recover-20221013,001,1795
110.5775,110.61619999999999,68437,82725,Rhinolophus ferrumequinum,0.023,0.023,-1,Echolocation,/mnt/ubna_data_02_mir/recover-20221013/UBNA_001/20221012_030000.WAV,Telephone Field,recover-20221013,001,1795
110.6165,110.6267,22031,27108,Nyctalus leisleri,0.009,0.022,-1,Echolocation,/mnt/ubna_data_02_mir/recover-20221013/UBNA_001/20221012_030000.WAV,Telephone Field,recover-20221013,001,1795
110.6395,110.6798,68437,82354,Rhinolophus ferrumequinum,0.026,0.026,-1,Echolocation,/mnt/ubna_data_02_mir/recover-20221013/UBNA_001/20221012_030000.WAV,Telephone Field,recover-20221013,001,1795
110.6645,110.7019,68437,81121,Rhinolophus ferrumequinum,0.022,0.022,-1,Echolocation,/mnt/ubna_data_02_mir/recover-20221013/UBNA_001/20221012_030000.WAV,Telephone Field,recover-20221013,001,1795
110.6735,110.7129,68437,81882,Rhinolophus ferrumequinum,0.03,0.03,-1,Echolocation,/mnt/ubna_data_02_mir/recover-20221013/UBNA_001/20221012_030000.WAV,Telephone Field,recover-20221013,001,1795
110.7005,110.7343,68437,81350,Rhinolophus ferrumequinum,0.021,0.021,-1,Echolocation,/mnt/ubna_data_02_mir/recover-20221013/UBNA_001/20221012_030000.WAV,Telephone Field,recover-20221013,001,1795
110.7205,110.7613,68437,82543,Rhinolophus ferrumequinum,0.029,0.029,-1,Echolocation,/mnt/ubna_data_02_mir/recover-20221013/UBNA_001/20221012_030000.WAV,Telephone Field,recover-20221013,001,1795
110.7315,110.7717,68437,81955,Rhinolophus ferrumequinum,0.025,0.025,-1,Echolocation,/mnt/ubna_data_02_mir/recover-20221013/UBNA_001/20221012_030000.WAV,Telephone Field,recover-20221013,001,1795
110.7565,110.80160000000001,68437,83276,Rhinolophus ferrumequinum,0.039,0.039,-1,Echolocation,/mnt/ubna_data_02_mir/recover-20221013/UBNA_001/20221012_030000.WAV,Telephone Field,recover-20221013,001,1795
110.76050000000001,110.77199999999999,46093,49769,Pipistrellus pipistrellus,0.029,0.032,-1,Echolocation,/mnt/ubna_data_02_mir/recover-20221013/UBNA_001/20221012_030000.WAV,Telephone Field,recover-20221013,001,1795
110.7745,110.7831,28046,38899,Eptesicus serotinus,0.007,0.021,-1,Echolocation,/mnt/ubna_data_02_mir/recover-20221013/UBNA_001/20221012_030000.WAV,Telephone Field,recover-20221013,001,1795
110.8105,110.82169999999999,22890,27816,Nyctalus leisleri,0.014,0.027,-1,Echolocation,/mnt/ubna_data_02_mir/recover-20221013/UBNA_001/20221012_030000.WAV,Telephone Field,recover-20221013,001,1795
110.8275,110.8687,68437,82201,Rhinolophus ferrumequinum,0.028,0.028,-1,Echolocation,/mnt/ubna_data_02_mir/recover-20221013/UBNA_001/20221012_030000.WAV,Telephone Field,recover-20221013,001,1795
110.8455,110.8532,28046,39442,Eptesicus serotinus,0.007,0.021,-1,Echolocation,/mnt/ubna_data_02_mir/recover-20221013/UBNA_001/20221012_030000.WAV,Telephone Field,recover-20221013,001,1795
110.85849999999999,110.8982,68437,82259,Rhinolophus ferrumequinum,0.022,0.022,-1,Echolocation,/mnt/ubna_data_02_mir/recover-20221013/UBNA_001/20221012_030000.WAV,Telephone Field,recover-20221013,001,1795
110.9075,110.9466,68437,81898,Rhinolophus ferrumequinum,0.022,0.022,-1,Echolocation,/mnt/ubna_data_02_mir/recover-20221013/UBNA_001/20221012_030000.WAV,Telephone Field,recover-20221013,001,1795
110.9175,110.9582,68437,82675,Rhinolophus ferrumequinum,0.021,0.021,-1,Echolocation,/mnt/ubna_data_02_mir/recover-20221013/UBNA_001/20221012_030000.WAV,Telephone Field,recover-20221013,001,1795
110.9255,110.936,28906,36628,Eptesicus serotinus,0.009,0.022,-1,Echolocation,/mnt/ubna_data_02_mir/recover-20221013/UBNA_001/20221012_030000.WAV,Telephone Field,recover-20221013,001,1795
110.9485,110.9894,68437,82857,Rhinolophus ferrumequinum,0.027,0.027,-1,Echolocation,/mnt/ubna_data_02_mir/recover-20221013/UBNA_001/20221012_030000.WAV,Telephone Field,recover-20221013,001,1795
110.95349999999999,110.9611,28046,39916,Eptesicus serotinus,0.009,0.027,-1,Echolocation,/mnt/ubna_data_02_mir/recover-20221013/UBNA_001/20221012_030000.WAV,Telephone Field,recover-20221013,001,1795
110.96549999999999,111.0065,68437,82948,Rhinolophus ferrumequinum,0.034,0.034,-1,Echolocation,/mnt/ubna_data_02_mir/recover-20221013/UBNA_001/20221012_030000.WAV,Telephone Field,recover-20221013,001,1795
110.9685,110.97579999999999,28046,43375,Eptesicus serotinus,0.009,0.026,-1,Echolocation,/mnt/ubna_data_02_mir/recover-20221013/UBNA_001/20221012_030000.WAV,Telephone Field,recover-20221013,001,1795
111.00450000000001,111.0426,68437,81687,Rhinolophus ferrumequinum,0.022,0.022,-1,Echolocation,/mnt/ubna_data_02_mir/recover-20221013/UBNA_001/20221012_030000.WAV,Telephone Field,recover-20221013,001,1795
111.01650000000001,111.0568,68437,82246,Rhinolophus ferrumequinum,0.021,0.021,-1,Echolocation,/mnt/ubna_data_02_mir/recover-20221013/UBNA_001/20221012_030000.WAV,Telephone Field,recover-20221013,001,1795
111.0245,111.0656,68437,82642,Rhinolophus ferrumequinum,0.022,0.022,-1,Echolocation,/mnt/ubna_data_02_mir/recover-20221013/UBNA_001/20221012_030000.WAV,Telephone Field,recover-20221013,001,1795
111.0435,111.0551,23750,29249,Nyctalus leisleri,0.01,0.023,-1,Echolocation,/mnt/ubna_data_02_mir/recover-20221013/UBNA_001/20221012_030000.WAV,Telephone Field,recover-20221013,001,1795
111.08449999999999,111.0924,26328,38551,Eptesicus serotinus,0.007,0.021,-1,Echolocation,/mnt/ubna_data_02_mir/recover-20221013/UBNA_001/20221012_030000.WAV,Telephone Field,recover-20221013,001,1795
111.1215,111.1309,22890,29495,Nyctalus leisleri,0.007,0.021,-1,Echolocation,/mnt/ubna_data_02_mir/recover-20221013/UBNA_001/20221012_030000.WAV,Telephone Field,recover-20221013,001,1795
111.1425,111.15180000000001,28046,37704,Eptesicus serotinus,0.013,0.026,-1,Echolocation,/mnt/ubna_data_02_mir/recover-20221013/UBNA_001/20221012_030000.WAV,Telephone Field,recover-20221013,001,1795
111.1555,111.1919,68437,81700,Rhinolophus ferrumequinum,0.022,0.022,-1,Echolocation,/mnt/ubna_data_02_mir/recover-20221013/UBNA_001/20221012_030000.WAV,Telephone Field,recover-20221013,001,1795
111.16550000000001,111.2047,68437,82398,Rhinolophus ferrumequinum,0.022,0.022,-1,Echolocation,/mnt/ubna_data_02_mir/recover-20221013/UBNA_001/20221012_030000.WAV,Telephone Field,recover-20221013,001,1795
111.1745,111.1818,27187,39902,Eptesicus serotinus,0.006,0.021,-1,Echolocation,/mnt/ubna_data_02_mir/recover-20221013/UBNA_001/20221012_030000.WAV,Telephone Field,recover-20221013,001,1795
111.1835,111.2221,68437,82358,Rhinolophus ferrumequinum,0.022,0.022,-1,Echolocation,/mnt/ubna_data_02_mir/recover-20221013/UBNA_001/20221012_030000.WAV,Telephone Field,recover-20221013,001,1795
111.2105,111.21770000000001,28046,42261,Eptesicus serotinus,0.008,0.026,-1,Echolocation,/mnt/ubna_data_02_mir/recover-20221013/UBNA_001/20221012_030000.WAV,Telephone Field,recover-20221013,001,1795
111.2375,111.2757,68437,82201,Rhinolophus ferrumequinum,0.021,0.021,-1,Echolocation,/mnt/ubna_data_02_mir/recover-20221013/UBNA_001/20221012_030000.WAV,Telephone Field,recover-20221013,001,1795
111.2405,111.247,23750,33087,Plecotus austriacus,0.014,0.027,-1,Echolocation,/mnt/ubna_data_02_mir/recover-20221013/UBNA_001/20221012_030000.WAV,Telephone Field,recover-20221013,001,1795
111.2485,111.2873,68437,81829,Rhinolophus ferrumequinum,0.021,0.021,-1,Echolocation,/mnt/ubna_data_02_mir/recover-20221013/UBNA_001/20221012_030000.WAV,Telephone Field,recover-20221013,001,1795
111.2555,111.2652,27187,35578,Eptesicus serotinus,0.012,0.024,-1,Echolocation,/mnt/ubna_data_02_mir/recover-20221013/UBNA_001/20221012_030000.WAV,Telephone Field,recover-20221013,001,1795
111.2715,111.3113,68437,81897,Rhinolophus ferrumequinum,0.025,0.025,-1,Echolocation,/mnt/ubna_data_02_mir/recover-20221013/UBNA_001/20221012_030000.WAV,Telephone Field,recover-20221013,001,1795
111.27850000000001,111.3168,68437,82254,Rhinolophus ferrumequinum,0.021,0.021,-1,Echolocation,/mnt/ubna_data_02_mir/recover-20221013/UBNA_001/20221012_030000.WAV,Telephone Field,recover-20221013,001,1795
111.2855,111.29220000000001,23750,33174,Plecotus austriacus,0.012,0.026,-1,Echolocation,/mnt/ubna_data_02_mir/recover-20221013/UBNA_001/20221012_030000.WAV,Telephone Field,recover-20221013,001,1795
111.3265,111.36619999999999,68437,82104,Rhinolophus ferrumequinum,0.025,0.025,-1,Echolocation,/mnt/ubna_data_02_mir/recover-20221013/UBNA_001/20221012_030000.WAV,Telephone Field,recover-20221013,001,1795
111.3355,111.3749,68437,82331,Rhinolophus ferrumequinum,0.023,0.023,-1,Echolocation,/mnt/ubna_data_02_mir/recover-20221013/UBNA_001/20221012_030000.WAV,Telephone Field,recover-20221013,001,1795
111.3425,111.3811,68437,82298,Rhinolophus ferrumequinum,0.023,0.023,-1,Echolocation,/mnt/ubna_data_02_mir/recover-20221013/UBNA_001/20221012_030000.WAV,Telephone Field,recover-20221013,001,1795
111.3755,111.3857,28046,36838,Eptesicus serotinus,0.009,0.021,-1,Echolocation,/mnt/ubna_data_02_mir/recover-20221013/UBNA_001/20221012_030000.WAV,Telephone Field,recover-20221013,001,1795
111.4145,111.424,27187,35792,Eptesicus serotinus,0.011,0.026,-1,Echolocation,/mnt/ubna_data_02_mir/recover-20221013/UBNA_001/20221012_030000.WAV,Telephone Field,recover-20221013,001,1795
111.4305,111.4692,68437,82004,Rhinolophus ferrumequinum,0.022,0.022,-1,Echolocation,/mnt/ubna_data_02_mir/recover-20221013/UBNA_001/20221012_030000.WAV,Telephone Field,recover-20221013,001,1795
111.4395,111.4772,68437,81985,Rhinolophus ferrumequinum,0.022,0.022,-1,Echolocation,/mnt/ubna_data_02_mir/recover-20221013/UBNA_001/20221012_030000.WAV,Telephone Field,recover-20221013,001,1795
111.4435,111.4502,28046,39510,Eptesicus serotinus,0.008,0.029,-1,Echolocation,/mnt/ubna_data_02_mir/recover-20221013/UBNA_001/20221012_030000.WAV,Telephone Field,recover-20221013,001,1795
111.4495,111.489,68437,82756,Rhinolophus ferrumequinum,0.023,0.023,-1,Echolocation,/mnt/ubna_data_02_mir/recover-20221013/UBNA_001/20221012_030000.WAV,Telephone Field,recover-20221013,001,1795
111.4745,111.5163,68437,83129,Rhinolophus ferrumequinum,0.024,0.024,-1,Echolocation,/mnt/ubna_data_02_mir/recover-20221013/UBNA_001/20221012_030000.WAV,Telephone Field,recover-20221013,001,1795
111.4885,111.5249,68437,82195,Rhinolophus ferrumequinum,0.025,0.025,-1,Echolocation,/mnt/ubna_data_02_mir/recover-20221013/UBNA_001/20221012_030000.WAV,Telephone Field,recover-20221013,001,1795
111.4965,111.5074,23750,29201,Nyctalus leisleri,0.009,0.021,-1,Echolocation,/mnt/ubna_data_02_mir/recover-20221013/UBNA_001/20221012_030000.WAV,Telephone Field,recover-20221013,001,1795
111.5625,111.5829,18593,21959,Nyctalus noctula,0.012,0.021,-1,Echolocation,/mnt/ubna_data_02_mir/recover-20221013/UBNA_001/20221012_030000.WAV,Telephone Field,recover-20221013,001,1795
111.5915,111.5992,25468,36699,Eptesicus serotinus,0.007,0.023,-1,Echolocation,/mnt/ubna_data_02_mir/recover-20221013/UBNA_001/20221012_030000.WAV,Telephone Field,recover-20221013,001,1795
111.6425,111.6791,68437,81487,Rhinolophus ferrumequinum,0.03,0.03,-1,Echolocation,/mnt/ubna_data_02_mir/recover-20221013/UBNA_001/20221012_030000.WAV,Telephone Field,recover-20221013,001,1795
111.6635,111.6705,27187,36796,Eptesicus serotinus,0.01,0.028,-1,Echolocation,/mnt/ubna_data_02_mir/recover-20221013/UBNA_001/20221012_030000.WAV,Telephone Field,recover-20221013,001,1795
111.66550000000001,111.70570000000001,68437,82317,Rhinolophus ferrumequinum,0.021,0.021,-1,Echolocation,/mnt/ubna_data_02_mir/recover-20221013/UBNA_001/20221012_030000.WAV,Telephone Field,recover-20221013,001,1795
111.6805,111.7222,68437,82512,Rhinolophus ferrumequinum,0.023,0.023,-1,Echolocation,/mnt/ubna_data_02_mir/recover-20221013/UBNA_001/20221012_030000.WAV,Telephone Field,recover-20221013,001,1795
111.6885,111.7262,68437,81917,Rhinolophus ferrumequinum,0.021,0.021,-1,Echolocation,/mnt/ubna_data_02_mir/recover-20221013/UBNA_001/20221012_030000.WAV,Telephone Field,recover-20221013,001,1795
111.7045,111.7144,48671,52534,Pipistrellus pipistrellus,0.032,0.035,-1,Echolocation,/mnt/ubna_data_02_mir/recover-20221013/UBNA_001/20221012_030000.WAV,Telephone Field,recover-20221013,001,1795
111.7325,111.746,22031,25885,Nyctalus leisleri,0.014,0.023,-1,Echolocation,/mnt/ubna_data_02_mir/recover-20221013/UBNA_001/20221012_030000.WAV,Telephone Field,recover-20221013,001,1795
111.7875,111.8264,68437,81571,Rhinolophus ferrumequinum,0.024,0.024,-1,Echolocation,/mnt/ubna_data_02_mir/recover-20221013/UBNA_001/20221012_030000.WAV,Telephone Field,recover-20221013,001,1795
111.8075,111.8155,28046,39043,Eptesicus serotinus,0.007,0.022,-1,Echolocation,/mnt/ubna_data_02_mir/recover-20221013/UBNA_001/20221012_030000.WAV,Telephone Field,recover-20221013,001,1795
111.8075,111.8194,22031,26868,Nyctalus leisleri,0.012,0.025,-1,Echolocation,/mnt/ubna_data_02_mir/recover-20221013/UBNA_001/20221012_030000.WAV,Telephone Field,recover-20221013,001,1795
111.8105,111.8528,68437,83190,Rhinolophus ferrumequinum,0.025,0.025,-1,Echolocation,/mnt/ubna_data_02_mir/recover-20221013/UBNA_001/20221012_030000.WAV,Telephone Field,recover-20221013,001,1795
111.8195,111.8552,68437,82348,Rhinolophus ferrumequinum,0.023,0.023,-1,Echolocation,/mnt/ubna_data_02_mir/recover-20221013/UBNA_001/20221012_030000.WAV,Telephone Field,recover-20221013,001,1795
111.83449999999999,111.8731,68437,82043,Rhinolophus ferrumequinum,0.021,0.021,-1,Echolocation,/mnt/ubna_data_02_mir/recover-20221013/UBNA_001/20221012_030000.WAV,Telephone Field,recover-20221013,001,1795
111.84049999999999,111.87819999999999,68437,82189,Rhinolophus ferrumequinum,0.021,0.021,-1,Echolocation,/mnt/ubna_data_02_mir/recover-20221013/UBNA_001/20221012_030000.WAV,Telephone Field,recover-20221013,001,1795
111.8425,111.8533,27187,36207,Eptesicus serotinus,0.011,0.025,-1,Echolocation,/mnt/ubna_data_02_mir/recover-20221013/UBNA_001/20221012_030000.WAV,Telephone Field,recover-20221013,001,1795
111.8665,111.90520000000001,68437,81929,Rhinolophus ferrumequinum,0.023,0.023,-1,Echolocation,/mnt/ubna_data_02_mir/recover-20221013/UBNA_001/20221012_030000.WAV,Telephone Field,recover-20221013,001,1795
111.8765,111.8872,22890,27889,Nyctalus leisleri,0.01,0.021,-1,Echolocation,/mnt/ubna_data_02_mir/recover-20221013/UBNA_001/20221012_030000.WAV,Telephone Field,recover-20221013,001,1795
111.8945,111.9357,68437,82815,Rhinolophus ferrumequinum,0.024,0.024,-1,Echolocation,/mnt/ubna_data_02_mir/recover-20221013/UBNA_001/20221012_030000.WAV,Telephone Field,recover-20221013,001,1795
111.9055,111.94409999999999,68437,81854,Rhinolophus ferrumequinum,0.021,0.021,-1,Echolocation,/mnt/ubna_data_02_mir/recover-20221013/UBNA_001/20221012_030000.WAV,Telephone Field,recover-20221013,001,1795
111.9185,111.9547,68437,81509,Rhinolophus ferrumequinum,0.022,0.022,-1,Echolocation,/mnt/ubna_data_02_mir/recover-20221013/UBNA_001/20221012_030000.WAV,Telephone Field,recover-20221013,001,1795
111.9255,111.9606,68437,81249,Rhinolophus ferrumequinum,0.023,0.023,-1,Echolocation,/mnt/ubna_data_02_mir/recover-20221013/UBNA_001/20221012_030000.WAV,Telephone Field,recover-20221013,001,1795
111.9255,111.9353,26328,34832,Eptesicus serotinus,0.011,0.022,-1,Echolocation,/mnt/ubna_data_02_mir/recover-20221013/UBNA_001/20221012_030000.WAV,Telephone Field,recover-20221013,001,1795
111.9305,111.9644,68437,81377,Rhinolophus ferrumequinum,0.022,0.022,-1,Echolocation,/mnt/ubna_data_02_mir/recover-20221013/UBNA_001/20221012_030000.WAV,Telephone Field,recover-20221013,001,1795
111.9885,111.9977,27187,40863,Eptesicus serotinus,0.009,0.022,-1,Echolocation,/mnt/ubna_data_02_mir/recover-20221013/UBNA_001/20221012_030000.WAV,Telephone Field,recover-20221013,001,1795
112.0015,112.0349,69296,81626,Rhinolophus ferrumequinum,0.028,0.028,-1,Echolocation,/mnt/ubna_data_02_mir/recover-20221013/UBNA_001/20221012_030000.WAV,Telephone Field,recover-20221013,001,1795
112.0015,112.0112,24609,31579,Nyctalus leisleri,0.011,0.032,-1,Echolocation,/mnt/ubna_data_02_mir/recover-20221013/UBNA_001/20221012_030000.WAV,Telephone Field,recover-20221013,001,1795
112.0075,112.0157,26328,37232,Eptesicus serotinus,0.007,0.022,-1,Echolocation,/mnt/ubna_data_02_mir/recover-20221013/UBNA_001/20221012_030000.WAV,Telephone Field,recover-20221013,001,1795
112.0235,112.0318,27187,38778,Eptesicus serotinus,0.008,0.021,-1,Echolocation,/mnt/ubna_data_02_mir/recover-20221013/UBNA_001/20221012_030000.WAV,Telephone Field,recover-20221013,001,1795
112.0555,112.096,68437,81924,Rhinolophus ferrumequinum,0.024,0.024,-1,Echolocation,/mnt/ubna_data_02_mir/recover-20221013/UBNA_001/20221012_030000.WAV,Telephone Field,recover-20221013,001,1795
112.0625,112.1029,68437,82206,Rhinolophus ferrumequinum,0.025,0.025,-1,Echolocation,/mnt/ubna_data_02_mir/recover-20221013/UBNA_001/20221012_030000.WAV,Telephone Field,recover-20221013,001,1795
112.0685,112.10900000000001,68437,82793,Rhinolophus ferrumequinum,0.025,0.025,-1,Echolocation,/mnt/ubna_data_02_mir/recover-20221013/UBNA_001/20221012_030000.WAV,Telephone Field,recover-20221013,001,1795
112.0795,112.0863,28046,41280,Eptesicus serotinus,0.007,0.023,-1,Echolocation,/mnt/ubna_data_02_mir/recover-20221013/UBNA_001/20221012_030000.WAV,Telephone Field,recover-20221013,001,1795
112.0925,112.1312,68437,81979,Rhinolophus ferrumequinum,0.021,0.021,-1,Echolocation,/mnt/ubna_data_02_mir/recover-20221013/UBNA_001/20221012_030000.WAV,Telephone Field,recover-20221013,001,1795
112.1125,112.1232,32343,39447,Eptesicus serotinus,0.007,0.023,-1,Echolocation,/mnt/ubna_data_02_mir/recover-20221013/UBNA_001/20221012_030000.WAV,Telephone Field,recover-20221013,001,1795
112.1245,112.1618,68437,81779,Rhinolophus ferrumequinum,0.021,0.021,-1,Echolocation,/mnt/ubna_data_02_mir/recover-20221013/UBNA_001/20221012_030000.WAV,Telephone Field,recover-20221013,001,1795
112.1705,112.178,28046,41415,Eptesicus serotinus,0.008,0.024,-1,Echolocation,/mnt/ubna_data_02_mir/recover-20221013/UBNA_001/20221012_030000.WAV,Telephone Field,recover-20221013,001,1795
112.1905,112.2295,68437,82854,Rhinolophus ferrumequinum,0.023,0.023,-1,Echolocation,/mnt/ubna_data_02_mir/recover-20221013/UBNA_001/20221012_030000.WAV,Telephone Field,recover-20221013,001,1795
112.2055,112.24340000000001,68437,81530,Rhinolophus ferrumequinum,0.022,0.022,-1,Echolocation,/mnt/ubna_data_02_mir/recover-20221013/UBNA_001/20221012_030000.WAV,Telephone Field,recover-20221013,001,1795
112.2135,112.2507,68437,81508,Rhinolophus ferrumequinum,0.021,0.022,-1,Echolocation,/mnt/ubna_data_02_mir/recover-20221013/UBNA_001/20221012_030000.WAV,Telephone Field,recover-20221013,001,1795
112.2315,112.27250000000001,68437,82668,Rhinolophus ferrumequinum,0.023,0.023,-1,Echolocation,/mnt/ubna_data_02_mir/recover-20221013/UBNA_001/20221012_030000.WAV,Telephone Field,recover-20221013,001,1795
112.23949999999999,112.2479,26328,34675,Eptesicus serotinus,0.009,0.021,-1,Echolocation,/mnt/ubna_data_02_mir/recover-20221013/UBNA_001/20221012_030000.WAV,Telephone Field,recover-20221013,001,1795
112.2755,112.2839,28046,37896,Eptesicus serotinus,0.009,0.024,-1,Echolocation,/mnt/ubna_data_02_mir/recover-20221013/UBNA_001/20221012_030000.WAV,Telephone Field,recover-20221013,001,1795
112.28450000000001,112.3244,68437,82633,Rhinolophus ferrumequinum,0.03,0.03,-1,Echolocation,/mnt/ubna_data_02_mir/recover-20221013/UBNA_001/20221012_030000.WAV,Telephone Field,recover-20221013,001,1795
112.3095,112.3214,22890,28065,Nyctalus leisleri,0.011,0.024,-1,Echolocation,/mnt/ubna_data_02_mir/recover-20221013/UBNA_001/20221012_030000.WAV,Telephone Field,recover-20221013,001,1795
112.3105,112.3485,68437,81915,Rhinolophus ferrumequinum,0.025,0.025,-1,Echolocation,/mnt/ubna_data_02_mir/recover-20221013/UBNA_001/20221012_030000.WAV,Telephone Field,recover-20221013,001,1795
112.3435,112.3849,68437,82984,Rhinolophus ferrumequinum,0.023,0.023,-1,Echolocation,/mnt/ubna_data_02_mir/recover-20221013/UBNA_001/20221012_030000.WAV,Telephone Field,recover-20221013,001,1795
112.36449999999999,112.4065,68437,82597,Rhinolophus ferrumequinum,0.028,0.028,-1,Echolocation,/mnt/ubna_data_02_mir/recover-20221013/UBNA_001/20221012_030000.WAV,Telephone Field,recover-20221013,001,1795
112.3825,112.4191,68437,81467,Rhinolophus ferrumequinum,0.023,0.023,-1,Echolocation,/mnt/ubna_data_02_mir/recover-20221013/UBNA_001/20221012_030000.WAV,Telephone Field,recover-20221013,001,1795
112.4345,112.4733,68437,82020,Rhinolophus ferrumequinum,0.023,0.023,-1,Echolocation,/mnt/ubna_data_02_mir/recover-20221013/UBNA_001/20221012_030000.WAV,Telephone Field,recover-20221013,001,1795
112.4425,112.4554,23750,28729,Nyctalus leisleri,0.01,0.022,-1,Echolocation,/mnt/ubna_data_02_mir/recover-20221013/UBNA_001/20221012_030000.WAV,Telephone Field,recover-20221013,001,1795
112.4545,112.4926,68437,81833,Rhinolophus ferrumequinum,0.022,0.022,-1,Echolocation,/mnt/ubna_data_02_mir/recover-20221013/UBNA_001/20221012_030000.WAV,Telephone Field,recover-20221013,001,1795
112.4635,112.499,68437,81087,Rhinolophus ferrumequinum,0.028,0.029,-1,Echolocation,/mnt/ubna_data_02_mir/recover-20221013/UBNA_001/20221012_030000.WAV,Telephone Field,recover-20221013,001,1795
112.4785,112.5168,68437,81134,Rhinolophus ferrumequinum,0.022,0.022,-1,Echolocation,/mnt/ubna_data_02_mir/recover-20221013/UBNA_001/20221012_030000.WAV,Telephone Field,recover-20221013,001,1795
112.4815,112.4899,24609,34482,Plecotus austriacus,0.006,0.024,-1,Echolocation,/mnt/ubna_data_02_mir/recover-20221013/UBNA_001/20221012_030000.WAV,Telephone Field,recover-20221013,001,1795
112.4985,112.5389,68437,82159,Rhinolophus ferrumequinum,0.022,0.022,-1,Echolocation,/mnt/ubna_data_02_mir/recover-20221013/UBNA_001/20221012_030000.WAV,Telephone Field,recover-20221013,001,1795
112.5595,112.5985,68437,81551,Rhinolophus ferrumequinum,0.021,0.022,-1,Echolocation,/mnt/ubna_data_02_mir/recover-20221013/UBNA_001/20221012_030000.WAV,Telephone Field,recover-20221013,001,1795
112.5615,112.5699,27187,38011,Eptesicus serotinus,0.008,0.022,-1,Echolocation,/mnt/ubna_data_02_mir/recover-20221013/UBNA_001/20221012_030000.WAV,Telephone Field,recover-20221013,001,1795
112.5655,112.6018,68437,81130,Rhinolophus ferrumequinum,0.023,0.023,-1,Echolocation,/mnt/ubna_data_02_mir/recover-20221013/UBNA_001/20221012_030000.WAV,Telephone Field,recover-20221013,001,1795
112.6175,112.6557,68437,82294,Rhinolophus ferrumequinum,0.023,0.024,-1,Echolocation,/mnt/ubna_data_02_mir/recover-20221013/UBNA_001/20221012_030000.WAV,Telephone Field,recover-20221013,001,1795
112.6525,112.65950000000001,24609,33024,Plecotus austriacus,0.01,0.023,-1,Echolocation,/mnt/ubna_data_02_mir/recover-20221013/UBNA_001/20221012_030000.WAV,Telephone Field,recover-20221013,001,1795
112.6725,112.7118,68437,82608,Rhinolophus ferrumequinum,0.023,0.023,-1,Echolocation,/mnt/ubna_data_02_mir/recover-20221013/UBNA_001/20221012_030000.WAV,Telephone Field,recover-20221013,001,1795
112.7015,112.7405,68437,81941,Rhinolophus ferrumequinum,0.03,0.03,-1,Echolocation,/mnt/ubna_data_02_mir/recover-20221013/UBNA_001/20221012_030000.WAV,Telephone Field,recover-20221013,001,1795
112.8035,112.8144,42656,50817,Pipistrellus nathusii,0.013,0.033,-1,Echolocation,/mnt/ubna_data_02_mir/recover-20221013/UBNA_001/20221012_030000.WAV,Telephone Field,recover-20221013,001,1795
112.8085,112.85079999999999,68437,83191,Rhinolophus ferrumequinum,0.026,0.026,-1,Echolocation,/mnt/ubna_data_02_mir/recover-20221013/UBNA_001/20221012_030000.WAV,Telephone Field,recover-20221013,001,1795
112.8475,112.8566,28906,38093,Eptesicus serotinus,0.008,0.022,-1,Echolocation,/mnt/ubna_data_02_mir/recover-20221013/UBNA_001/20221012_030000.WAV,Telephone Field,recover-20221013,001,1795
112.8565,112.8977,68437,83135,Rhinolophus ferrumequinum,0.031,0.031,-1,Echolocation,/mnt/ubna_data_02_mir/recover-20221013/UBNA_001/20221012_030000.WAV,Telephone Field,recover-20221013,001,1795
112.8825,112.9226,68437,82624,Rhinolophus ferrumequinum,0.022,0.022,-1,Echolocation,/mnt/ubna_data_02_mir/recover-20221013/UBNA_001/20221012_030000.WAV,Telephone Field,recover-20221013,001,1795
112.9045,112.9149,26328,35188,Eptesicus serotinus,0.011,0.023,-1,Echolocation,/mnt/ubna_data_02_mir/recover-20221013/UBNA_001/20221012_030000.WAV,Telephone Field,recover-20221013,001,1795
112.9075,112.94460000000001,68437,81022,Rhinolophus ferrumequinum,0.023,0.023,-1,Echolocation,/mnt/ubna_data_02_mir/recover-20221013/UBNA_001/20221012_030000.WAV,Telephone Field,recover-20221013,001,1795
112.9135,112.9493,68437,80822,Rhinolophus ferrumequinum,0.023,0.024,-1,Echolocation,/mnt/ubna_data_02_mir/recover-20221013/UBNA_001/20221012_030000.WAV,Telephone Field,recover-20221013,001,1795
112.9495,112.9565,34921,43656,Myotis daubentonii,0.008,0.022,-1,Echolocation,/mnt/ubna_data_02_mir/recover-20221013/UBNA_001/20221012_030000.WAV,Telephone Field,recover-20221013,001,1795
112.9525,112.9937,68437,82935,Rhinolophus ferrumequinum,0.032,0.032,-1,Echolocation,/mnt/ubna_data_02_mir/recover-20221013/UBNA_001/20221012_030000.WAV,Telephone Field,recover-20221013,001,1795
112.97749999999999,112.98519999999999,23750,32314,Plecotus austriacus,0.011,0.026,-1,Echolocation,/mnt/ubna_data_02_mir/recover-20221013/UBNA_001/20221012_030000.WAV,Telephone Field,recover-20221013,001,1795
113.0015,113.0416,68437,82797,Rhinolophus ferrumequinum,0.025,0.025,-1,Echolocation,/mnt/ubna_data_02_mir/recover-20221013/UBNA_001/20221012_030000.WAV,Telephone Field,recover-20221013,001,1795
113.0015,113.0137,28906,34912,Eptesicus serotinus,0.027,0.043,-1,Echolocation,/mnt/ubna_data_02_mir/recover-20221013/UBNA_001/20221012_030000.WAV,Telephone Field,recover-20221013,001,1795
113.0145,113.0558,68437,82244,Rhinolophus ferrumequinum,0.023,0.023,-1,Echolocation,/mnt/ubna_data_02_mir/recover-20221013/UBNA_001/20221012_030000.WAV,Telephone Field,recover-20221013,001,1795
113.0415,113.0844,68437,82844,Rhinolophus ferrumequinum,0.032,0.032,-1,Echolocation,/mnt/ubna_data_02_mir/recover-20221013/UBNA_001/20221012_030000.WAV,Telephone Field,recover-20221013,001,1795
113.0595,113.099,68437,82700,Rhinolophus ferrumequinum,0.021,0.021,-1,Echolocation,/mnt/ubna_data_02_mir/recover-20221013/UBNA_001/20221012_030000.WAV,Telephone Field,recover-20221013,001,1795
113.0975,113.112,16015,21728,Nyctalus noctula,0.023,0.032,-1,Echolocation,/mnt/ubna_data_02_mir/recover-20221013/UBNA_001/20221012_030000.WAV,Telephone Field,recover-20221013,001,1795
113.1165,113.15469999999999,68437,81984,Rhinolophus ferrumequinum,0.024,0.024,-1,Echolocation,/mnt/ubna_data_02_mir/recover-20221013/UBNA_001/20221012_030000.WAV,Telephone Field,recover-20221013,001,1795
113.1165,113.12559999999999,47812,55210,Pipistrellus pipistrellus,0.02,0.024,-1,Echolocation,/mnt/ubna_data_02_mir/recover-20221013/UBNA_001/20221012_030000.WAV,Telephone Field,recover-20221013,001,1795
113.2165,113.2242,28046,38633,Eptesicus serotinus,0.009,0.023,-1,Echolocation,/mnt/ubna_data_02_mir/recover-20221013/UBNA_001/20221012_030000.WAV,Telephone Field,recover-20221013,001,1795
113.2575,113.29560000000001,68437,81638,Rhinolophus ferrumequinum,0.021,0.021,-1,Echolocation,/mnt/ubna_data_02_mir/recover-20221013/UBNA_001/20221012_030000.WAV,Telephone Field,recover-20221013,001,1795
113.29650000000001,113.30539999999999,28046,38811,Eptesicus serotinus,0.01,0.025,-1,Echolocation,/mnt/ubna_data_02_mir/recover-20221013/UBNA_001/20221012_030000.WAV,Telephone Field,recover-20221013,001,1795
113.3485,113.3888,68437,82310,Rhinolophus ferrumequinum,0.021,0.021,-1,Echolocation,/mnt/ubna_data_02_mir/recover-20221013/UBNA_001/20221012_030000.WAV,Telephone Field,recover-20221013,001,1795
113.3635,113.404,68437,82481,Rhinolophus ferrumequinum,0.022,0.022,-1,Echolocation,/mnt/ubna_data_02_mir/recover-20221013/UBNA_001/20221012_030000.WAV,Telephone Field,recover-20221013,001,1795
113.4135,113.4519,68437,82084,Rhinolophus ferrumequinum,0.023,0.023,-1,Echolocation,/mnt/ubna_data_02_mir/recover-20221013/UBNA_001/20221012_030000.WAV,Telephone Field,recover-20221013,001,1795
113.4275,113.4455,20312,23489,Nyctalus leisleri,0.014,0.026,-1,Echolocation,/mnt/ubna_data_02_mir/recover-20221013/UBNA_001/20221012_030000.WAV,Telephone Field,recover-20221013,001,1795
113.4345,113.4692,68437,80940,Rhinolophus ferrumequinum,0.021,0.021,-1,Echolocation,/mnt/ubna_data_02_mir/recover-20221013/UBNA_001/20221012_030000.WAV,Telephone Field,recover-20221013,001,1795
113.4405,113.44669999999999,24609,34756,Plecotus austriacus,0.017,0.036,-1,Echolocation,/mnt/ubna_data_02_mir/recover-20221013/UBNA_001/20221012_030000.WAV,Telephone Field,recover-20221013,001,1795
113.4645,113.47319999999999,43515,54055,Pipistrellus pipistrellus,0.014,0.023,-1,Echolocation,/mnt/ubna_data_02_mir/recover-20221013/UBNA_001/20221012_030000.WAV,Telephone Field,recover-20221013,001,1795
113.46549999999999,113.505,68437,81750,Rhinolophus ferrumequinum,0.022,0.022,-1,Echolocation,/mnt/ubna_data_02_mir/recover-20221013/UBNA_001/20221012_030000.WAV,Telephone Field,recover-20221013,001,1795
113.5415,113.5805,68437,82069,Rhinolophus ferrumequinum,0.022,0.022,-1,Echolocation,/mnt/ubna_data_02_mir/recover-20221013/UBNA_001/20221012_030000.WAV,Telephone Field,recover-20221013,001,1795
113.5615,113.6063,68437,83570,Rhinolophus ferrumequinum,0.033,0.033,-1,Echolocation,/mnt/ubna_data_02_mir/recover-20221013/UBNA_001/20221012_030000.WAV,Telephone Field,recover-20221013,001,1795
113.5675,113.5747,26328,38279,Eptesicus serotinus,0.006,0.022,-1,Echolocation,/mnt/ubna_data_02_mir/recover-20221013/UBNA_001/20221012_030000.WAV,Telephone Field,recover-20221013,001,1795
113.59049999999999,113.6293,68437,81862,Rhinolophus ferrumequinum,0.023,0.023,-1,Echolocation,/mnt/ubna_data_02_mir/recover-20221013/UBNA_001/20221012_030000.WAV,Telephone Field,recover-20221013,001,1795
113.6005,113.6075,28046,39788,Eptesicus serotinus,0.006,0.021,-1,Echolocation,/mnt/ubna_data_02_mir/recover-20221013/UBNA_001/20221012_030000.WAV,Telephone Field,recover-20221013,001,1795
113.6395,113.6803,68437,82351,Rhinolophus ferrumequinum,0.024,0.024,-1,Echolocation,/mnt/ubna_data_02_mir/recover-20221013/UBNA_001/20221012_030000.WAV,Telephone Field,recover-20221013,001,1795
113.6635,113.6726,29765,39554,Eptesicus serotinus,0.009,0.023,-1,Echolocation,/mnt/ubna_data_02_mir/recover-20221013/UBNA_001/20221012_030000.WAV,Telephone Field,recover-20221013,001,1795
113.6695,113.7069,68437,81522,Rhinolophus ferrumequinum,0.023,0.023,-1,Echolocation,/mnt/ubna_data_02_mir/recover-20221013/UBNA_001/20221012_030000.WAV,Telephone Field,recover-20221013,001,1795
113.6785,113.71600000000001,68437,81885,Rhinolophus ferrumequinum,0.026,0.026,-1,Echolocation,/mnt/ubna_data_02_mir/recover-20221013/UBNA_001/20221012_030000.WAV,Telephone Field,recover-20221013,001,1795
113.7025,113.7115,25468,33986,Eptesicus serotinus,0.012,0.029,-1,Echolocation,/mnt/ubna_data_02_mir/recover-20221013/UBNA_001/20221012_030000.WAV,Telephone Field,recover-20221013,001,1795
113.7255,113.7323,28906,40031,Eptesicus serotinus,0.007,0.028,-1,Echolocation,/mnt/ubna_data_02_mir/recover-20221013/UBNA_001/20221012_030000.WAV,Telephone Field,recover-20221013,001,1795
113.7305,113.7673,68437,81675,Rhinolophus ferrumequinum,0.023,0.023,-1,Echolocation,/mnt/ubna_data_02_mir/recover-20221013/UBNA_001/20221012_030000.WAV,Telephone Field,recover-20221013,001,1795
113.7415,113.77969999999999,68437,82374,Rhinolophus ferrumequinum,0.025,0.025,-1,Echolocation,/mnt/ubna_data_02_mir/recover-20221013/UBNA_001/20221012_030000.WAV,Telephone Field,recover-20221013,001,1795
113.7495,113.7579,47812,53147,Pipistrellus pipistrellus,0.028,0.031,-1,Echolocation,/mnt/ubna_data_02_mir/recover-20221013/UBNA_001/20221012_030000.WAV,Telephone Field,recover-20221013,001,1795
113.7495,113.7623,22890,27019,Nyctalus leisleri,0.016,0.027,-1,Echolocation,/mnt/ubna_data_02_mir/recover-20221013/UBNA_001/20221012_030000.WAV,Telephone Field,recover-20221013,001,1795
113.7595,113.7997,68437,82974,Rhinolophus ferrumequinum,0.024,0.024,-1,Echolocation,/mnt/ubna_data_02_mir/recover-20221013/UBNA_001/20221012_030000.WAV,Telephone Field,recover-20221013,001,1795
113.7745,113.7835,28906,38519,Eptesicus serotinus,0.011,0.027,-1,Echolocation,/mnt/ubna_data_02_mir/recover-20221013/UBNA_001/20221012_030000.WAV,Telephone Field,recover-20221013,001,1795
113.8005,113.8396,68437,81778,Rhinolophus ferrumequinum,0.021,0.022,-1,Echolocation,/mnt/ubna_data_02_mir/recover-20221013/UBNA_001/20221012_030000.WAV,Telephone Field,recover-20221013,001,1795
113.83449999999999,113.8735,68437,82418,Rhinolophus ferrumequinum,0.031,0.031,-1,Echolocation,/mnt/ubna_data_02_mir/recover-20221013/UBNA_001/20221012_030000.WAV,Telephone Field,recover-20221013,001,1795
113.86449999999999,113.901,68437,81490,Rhinolophus ferrumequinum,0.022,0.023,-1,Echolocation,/mnt/ubna_data_02_mir/recover-20221013/UBNA_001/20221012_030000.WAV,Telephone Field,recover-20221013,001,1795
113.8735,113.9148,68437,82690,Rhinolophus ferrumequinum,0.022,0.022,-1,Echolocation,/mnt/ubna_data_02_mir/recover-20221013/UBNA_001/20221012_030000.WAV,Telephone Field,recover-20221013,001,1795
113.8935,113.9377,68437,83322,Rhinolophus ferrumequinum,0.025,0.025,-1,Echolocation,/mnt/ubna_data_02_mir/recover-20221013/UBNA_001/20221012_030000.WAV,Telephone Field,recover-20221013,001,1795
113.9005,113.90780000000001,28046,39328,Eptesicus serotinus,0.007,0.024,-1,Echolocation,/mnt/ubna_data_02_mir/recover-20221013/UBNA_001/20221012_030000.WAV,Telephone Field,recover-20221013,001,1795
113.9235,113.9631,68437,81948,Rhinolophus ferrumequinum,0.022,0.022,-1,Echolocation,/mnt/ubna_data_02_mir/recover-20221013/UBNA_001/20221012_030000.WAV,Telephone Field,recover-20221013,001,1795
113.9395,113.9746,68437,82015,Rhinolophus ferrumequinum,0.028,0.028,-1,Echolocation,/mnt/ubna_data_02_mir/recover-20221013/UBNA_001/20221012_030000.WAV,Telephone Field,recover-20221013,001,1795
113.9805,113.99119999999999,23750,30854,Nyctalus leisleri,0.011,0.031,-1,Echolocation,/mnt/ubna_data_02_mir/recover-20221013/UBNA_001/20221012_030000.WAV,Telephone Field,recover-20221013,001,1795
114.0015,114.0087,47812,53432,Pipistrellus pipistrellus,0.016,0.021,-1,Echolocation,/mnt/ubna_data_02_mir/recover-20221013/UBNA_001/20221012_030000.WAV,Telephone Field,recover-20221013,001,1795
114.0015,114.0094,28046,41737,Eptesicus serotinus,0.007,0.025,-1,Echolocation,/mnt/ubna_data_02_mir/recover-20221013/UBNA_001/20221012_030000.WAV,Telephone Field,recover-20221013,001,1795
114.0015,114.0322,69296,81381,Rhinolophus ferrumequinum,0.028,0.028,-1,Echolocation,/mnt/ubna_data_02_mir/recover-20221013/UBNA_001/20221012_030000.WAV,Telephone Field,recover-20221013,001,1795
114.0015,114.0162,18593,23911,Nyctalus noctula,0.011,0.025,-1,Echolocation,/mnt/ubna_data_02_mir/recover-20221013/UBNA_001/20221012_030000.WAV,Telephone Field,recover-20221013,001,1795
114.0075,114.0431,68437,80796,Rhinolophus ferrumequinum,0.026,0.027,-1,Echolocation,/mnt/ubna_data_02_mir/recover-20221013/UBNA_001/20221012_030000.WAV,Telephone Field,recover-20221013,001,1795
114.0155,114.051,68437,81154,Rhinolophus ferrumequinum,0.021,0.021,-1,Echolocation,/mnt/ubna_data_02_mir/recover-20221013/UBNA_001/20221012_030000.WAV,Telephone Field,recover-20221013,001,1795
114.0335,114.0714,68437,82149,Rhinolophus ferrumequinum,0.032,0.032,-1,Echolocation,/mnt/ubna_data_02_mir/recover-20221013/UBNA_001/20221012_030000.WAV,Telephone Field,recover-20221013,001,1795
114.0605,114.0996,68437,82480,Rhinolophus ferrumequinum,0.022,0.022,-1,Echolocation,/mnt/ubna_data_02_mir/recover-20221013/UBNA_001/20221012_030000.WAV,Telephone Field,recover-20221013,001,1795
114.10849999999999,114.1472,68437,82105,Rhinolophus ferrumequinum,0.024,0.024,-1,Echolocation,/mnt/ubna_data_02_mir/recover-20221013/UBNA_001/20221012_030000.WAV,Telephone Field,recover-20221013,001,1795
114.11449999999999,114.1257,23750,29727,Nyctalus leisleri,0.011,0.026,-1,Echolocation,/mnt/ubna_data_02_mir/recover-20221013/UBNA_001/20221012_030000.WAV,Telephone Field,recover-20221013,001,1795
114.12950000000001,114.17150000000001,68437,82452,Rhinolophus ferrumequinum,0.041,0.041,-1,Echolocation,/mnt/ubna_data_02_mir/recover-20221013/UBNA_001/20221012_030000.WAV,Telephone Field,recover-20221013,001,1795
114.1405,114.17869999999999,68437,81653,Rhinolophus ferrumequinum,0.022,0.022,-1,Echolocation,/mnt/ubna_data_02_mir/recover-20221013/UBNA_001/20221012_030000.WAV,Telephone Field,recover-20221013,001,1795
114.17150000000001,114.17869999999999,27187,39227,Eptesicus serotinus,0.006,0.023,-1,Echolocation,/mnt/ubna_data_02_mir/recover-20221013/UBNA_001/20221012_030000.WAV,Telephone Field,recover-20221013,001,1795
114.1915,114.2334,68437,82222,Rhinolophus ferrumequinum,0.029,0.029,-1,Echolocation,/mnt/ubna_data_02_mir/recover-20221013/UBNA_001/20221012_030000.WAV,Telephone Field,recover-20221013,001,1795
114.2045,114.2145,27187,35936,Eptesicus serotinus,0.009,0.027,-1,Echolocation,/mnt/ubna_data_02_mir/recover-20221013/UBNA_001/20221012_030000.WAV,Telephone Field,recover-20221013,001,1795
114.2685,114.3058,68437,81417,Rhinolophus ferrumequinum,0.021,0.021,-1,Echolocation,/mnt/ubna_data_02_mir/recover-20221013/UBNA_001/20221012_030000.WAV,Telephone Field,recover-20221013,001,1795
114.2985,114.3349,68437,80681,Rhinolophus ferrumequinum,0.023,0.024,-1,Echolocation,/mnt/ubna_data_02_mir/recover-20221013/UBNA_001/20221012_030000.WAV,Telephone Field,recover-20221013,001,1795
114.3475,114.3857,68437,81891,Rhinolophus ferrumequinum,0.021,0.021,-1,Echolocation,/mnt/ubna_data_02_mir/recover-20221013/UBNA_001/20221012_030000.WAV,Telephone Field,recover-20221013,001,1795
114.3695,114.4103,68437,82479,Rhinolophus ferrumequinum,0.025,0.025,-1,Echolocation,/mnt/ubna_data_02_mir/recover-20221013/UBNA_001/20221012_030000.WAV,Telephone Field,recover-20221013,001,1795
114.3785,114.4157,68437,82427,Rhinolophus ferrumequinum,0.023,0.023,-1,Echolocation,/mnt/ubna_data_02_mir/recover-20221013/UBNA_001/20221012_030000.WAV,Telephone Field,recover-20221013,001,1795
114.4405,114.4806,68437,82316,Rhinolophus ferrumequinum,0.027,0.027,-1,Echolocation,/mnt/ubna_data_02_mir/recover-20221013/UBNA_001/20221012_030000.WAV,Telephone Field,recover-20221013,001,1795
114.4455,114.488,68437,82612,Rhinolophus ferrumequinum,0.025,0.025,-1,Echolocation,/mnt/ubna_data_02_mir/recover-20221013/UBNA_001/20221012_030000.WAV,Telephone Field,recover-20221013,001,1795
114.47149999999999,114.5138,68437,82971,Rhinolophus ferrumequinum,0.027,0.027,-1,Echolocation,/mnt/ubna_data_02_mir/recover-20221013/UBNA_001/20221012_030000.WAV,Telephone Field,recover-20221013,001,1795
114.4975,114.5356,68437,81659,Rhinolophus ferrumequinum,0.023,0.023,-1,Echolocation,/mnt/ubna_data_02_mir/recover-20221013/UBNA_001/20221012_030000.WAV,Telephone Field,recover-20221013,001,1795
114.5065,114.539,68437,80884,Rhinolophus ferrumequinum,0.021,0.021,-1,Echolocation,/mnt/ubna_data_02_mir/recover-20221013/UBNA_001/20221012_030000.WAV,Telephone Field,recover-20221013,001,1795
114.5205,114.5575,68437,82024,Rhinolophus ferrumequinum,0.021,0.021,-1,Echolocation,/mnt/ubna_data_02_mir/recover-20221013/UBNA_001/20221012_030000.WAV,Telephone Field,recover-20221013,001,1795
114.5765,114.58500000000001,42656,46908,Pipistrellus pipistrellus,0.018,0.021,-1,Echolocation,/mnt/ubna_data_02_mir/recover-20221013/UBNA_001/20221012_030000.WAV,Telephone Field,recover-20221013,001,1795
114.60249999999999,114.6409,68437,81723,Rhinolophus ferrumequinum,0.023,0.023,-1,Echolocation,/mnt/ubna_data_02_mir/recover-20221013/UBNA_001/20221012_030000.WAV,Telephone Field,recover-20221013,001,1795
114.6275,114.6656,68437,82433,Rhinolophus ferrumequinum,0.022,0.022,-1,Echolocation,/mnt/ubna_data_02_mir/recover-20221013/UBNA_001/20221012_030000.WAV,Telephone Field,recover-20221013,001,1795
114.6325,114.6433,22890,28064,Nyctalus leisleri,0.012,0.026,-1,Echolocation,/mnt/ubna_data_02_mir/recover-20221013/UBNA_001/20221012_030000.WAV,Telephone Field,recover-20221013,001,1795
114.6495,114.6883,68437,82195,Rhinolophus ferrumequinum,0.022,0.022,-1,Echolocation,/mnt/ubna_data_02_mir/recover-20221013/UBNA_001/20221012_030000.WAV,Telephone Field,recover-20221013,001,1795
114.6645,114.6734,28046,37079,Eptesicus serotinus,0.009,0.025,-1,Echolocation,/mnt/ubna_data_02_mir/recover-20221013/UBNA_001/20221012_030000.WAV,Telephone Field,recover-20221013,001,1795
114.6875,114.7264,68437,81997,Rhinolophus ferrumequinum,0.021,0.021,-1,Echolocation,/mnt/ubna_data_02_mir/recover-20221013/UBNA_001/20221012_030000.WAV,Telephone Field,recover-20221013,001,1795
114.7065,114.74549999999999,68437,82210,Rhinolophus ferrumequinum,0.022,0.022,-1,Echolocation,/mnt/ubna_data_02_mir/recover-20221013/UBNA_001/20221012_030000.WAV,Telephone Field,recover-20221013,001,1795
114.7135,114.7234,26328,34342,Eptesicus serotinus,0.01,0.022,-1,Echolocation,/mnt/ubna_data_02_mir/recover-20221013/UBNA_001/20221012_030000.WAV,Telephone Field,recover-20221013,001,1795
114.7245,114.765,68437,82361,Rhinolophus ferrumequinum,0.022,0.022,-1,Echolocation,/mnt/ubna_data_02_mir/recover-20221013/UBNA_001/20221012_030000.WAV,Telephone Field,recover-20221013,001,1795
114.7585,114.8047,68437,83344,Rhinolophus ferrumequinum,0.047,0.047,-1,Echolocation,/mnt/ubna_data_02_mir/recover-20221013/UBNA_001/20221012_030000.WAV,Telephone Field,recover-20221013,001,1795
114.7875,114.7938,25468,39156,Plecotus austriacus,0.011,0.034,-1,Echolocation,/mnt/ubna_data_02_mir/recover-20221013/UBNA_001/20221012_030000.WAV,Telephone Field,recover-20221013,001,1795
114.8085,114.8489,68437,82725,Rhinolophus ferrumequinum,0.023,0.023,-1,Echolocation,/mnt/ubna_data_02_mir/recover-20221013/UBNA_001/20221012_030000.WAV,Telephone Field,recover-20221013,001,1795
114.8145,114.8555,68437,82959,Rhinolophus ferrumequinum,0.022,0.022,-1,Echolocation,/mnt/ubna_data_02_mir/recover-20221013/UBNA_001/20221012_030000.WAV,Telephone Field,recover-20221013,001,1795
114.8215,114.8321,23750,29026,Nyctalus leisleri,0.011,0.023,-1,Echolocation,/mnt/ubna_data_02_mir/recover-20221013/UBNA_001/20221012_030000.WAV,Telephone Field,recover-20221013,001,1795
114.9165,114.9588,68437,82806,Rhinolophus ferrumequinum,0.024,0.024,-1,Echolocation,/mnt/ubna_data_02_mir/recover-20221013/UBNA_001/20221012_030000.WAV,Telephone Field,recover-20221013,001,1795
114.9305,114.9729,68437,83269,Rhinolophus ferrumequinum,0.028,0.028,-1,Echolocation,/mnt/ubna_data_02_mir/recover-20221013/UBNA_001/20221012_030000.WAV,Telephone Field,recover-20221013,001,1795
114.95949999999999,114.9986,68437,82057,Rhinolophus ferrumequinum,0.021,0.021,-1,Echolocation,/mnt/ubna_data_02_mir/recover-20221013/UBNA_001/20221012_030000.WAV,Telephone Field,recover-20221013,001,1795
115.0435,115.0493,24609,37941,Plecotus austriacus,0.012,0.03,-1,Echolocation,/mnt/ubna_data_02_mir/recover-20221013/UBNA_001/20221012_030000.WAV,Telephone Field,recover-20221013,001,1795
115.0435,115.0501,28906,39099,Myotis daubentonii,0.007,0.029,-1,Echolocation,/mnt/ubna_data_02_mir/recover-20221013/UBNA_001/20221012_030000.WAV,Telephone Field,recover-20221013,001,1795
115.0495,115.088,68437,82266,Rhinolophus ferrumequinum,0.022,0.022,-1,Echolocation,/mnt/ubna_data_02_mir/recover-20221013/UBNA_001/20221012_030000.WAV,Telephone Field,recover-20221013,001,1795
115.0885,115.13040000000001,68437,82665,Rhinolophus ferrumequinum,0.025,0.025,-1,Echolocation,/mnt/ubna_data_02_mir/recover-20221013/UBNA_001/20221012_030000.WAV,Telephone Field,recover-20221013,001,1795
115.09049999999999,115.0984,28046,42929,Eptesicus serotinus,0.008,0.025,-1,Echolocation,/mnt/ubna_data_02_mir/recover-20221013/UBNA_001/20221012_030000.WAV,Telephone Field,recover-20221013,001,1795
115.1345,115.1695,68437,80729,Rhinolophus ferrumequinum,0.022,0.022,-1,Echolocation,/mnt/ubna_data_02_mir/recover-20221013/UBNA_001/20221012_030000.WAV,Telephone Field,recover-20221013,001,1795
115.1575,115.1939,68437,81867,Rhinolophus ferrumequinum,0.024,0.024,-1,Echolocation,/mnt/ubna_data_02_mir/recover-20221013/UBNA_001/20221012_030000.WAV,Telephone Field,recover-20221013,001,1795
115.1835,115.2217,68437,81922,Rhinolophus ferrumequinum,0.022,0.022,-1,Echolocation,/mnt/ubna_data_02_mir/recover-20221013/UBNA_001/20221012_030000.WAV,Telephone Field,recover-20221013,001,1795
115.1905,115.1995,27187,39192,Eptesicus serotinus,0.008,0.022,-1,Echolocation,/mnt/ubna_data_02_mir/recover-20221013/UBNA_001/20221012_030000.WAV,Telephone Field,recover-20221013,001,1795
115.2005,115.2393,68437,82432,Rhinolophus ferrumequinum,0.021,0.021,-1,Echolocation,/mnt/ubna_data_02_mir/recover-20221013/UBNA_001/20221012_030000.WAV,Telephone Field,recover-20221013,001,1795
115.2065,115.2439,68437,81920,Rhinolophus ferrumequinum,0.021,0.021,-1,Echolocation,/mnt/ubna_data_02_mir/recover-20221013/UBNA_001/20221012_030000.WAV,Telephone Field,recover-20221013,001,1795
115.21549999999999,115.2505,68437,81568,Rhinolophus ferrumequinum,0.021,0.021,-1,Echolocation,/mnt/ubna_data_02_mir/recover-20221013/UBNA_001/20221012_030000.WAV,Telephone Field,recover-20221013,001,1795
115.2465,115.2852,68437,82237,Rhinolophus ferrumequinum,0.023,0.023,-1,Echolocation,/mnt/ubna_data_02_mir/recover-20221013/UBNA_001/20221012_030000.WAV,Telephone Field,recover-20221013,001,1795
115.2565,115.2974,68437,82498,Rhinolophus ferrumequinum,0.023,0.023,-1,Echolocation,/mnt/ubna_data_02_mir/recover-20221013/UBNA_001/20221012_030000.WAV,Telephone Field,recover-20221013,001,1795
115.2615,115.30330000000001,68437,82681,Rhinolophus ferrumequinum,0.023,0.023,-1,Echolocation,/mnt/ubna_data_02_mir/recover-20221013/UBNA_001/20221012_030000.WAV,Telephone Field,recover-20221013,001,1795
115.2635,115.2714,27187,36944,Eptesicus serotinus,0.006,0.022,-1,Echolocation,/mnt/ubna_data_02_mir/recover-20221013/UBNA_001/20221012_030000.WAV,Telephone Field,recover-20221013,001,1795
115.2835,115.3222,68437,81868,Rhinolophus ferrumequinum,0.023,0.023,-1,Echolocation,/mnt/ubna_data_02_mir/recover-20221013/UBNA_001/20221012_030000.WAV,Telephone Field,recover-20221013,001,1795
115.2875,115.294,28046,38134,Eptesicus serotinus,0.008,0.029,-1,Echolocation,/mnt/ubna_data_02_mir/recover-20221013/UBNA_001/20221012_030000.WAV,Telephone Field,recover-20221013,001,1795
115.2945,115.3324,68437,83067,Rhinolophus ferrumequinum,0.021,0.021,-1,Echolocation,/mnt/ubna_data_02_mir/recover-20221013/UBNA_001/20221012_030000.WAV,Telephone Field,recover-20221013,001,1795
115.3015,115.3118,44375,48377,Pipistrellus pipistrellus,0.021,0.023,-1,Echolocation,/mnt/ubna_data_02_mir/recover-20221013/UBNA_001/20221012_030000.WAV,Telephone Field,recover-20221013,001,1795
115.3265,115.3665,68437,81980,Rhinolophus ferrumequinum,0.021,0.021,-1,Echolocation,/mnt/ubna_data_02_mir/recover-20221013/UBNA_001/20221012_030000.WAV,Telephone Field,recover-20221013,001,1795
115.3555,115.393,68437,81250,Rhinolophus ferrumequinum,0.021,0.022,-1,Echolocation,/mnt/ubna_data_02_mir/recover-20221013/UBNA_001/20221012_030000.WAV,Telephone Field,recover-20221013,001,1795
115.3625,115.40350000000001,68437,82288,Rhinolophus ferrumequinum,0.024,0.024,-1,Echolocation,/mnt/ubna_data_02_mir/recover-20221013/UBNA_001/20221012_030000.WAV,Telephone Field,recover-20221013,001,1795
115.3905,115.4325,68437,82732,Rhinolophus ferrumequinum,0.026,0.026,-1,Echolocation,/mnt/ubna_data_02_mir/recover-20221013/UBNA_001/20221012_030000.WAV,Telephone Field,recover-20221013,001,1795
115.4355,115.4462,28046,35611,Eptesicus serotinus,0.014,0.028,-1,Echolocation,/mnt/ubna_data_02_mir/recover-20221013/UBNA_001/20221012_030000.WAV,Telephone Field,recover-20221013,001,1795
115.4385,115.4747,68437,81604,Rhinolophus ferrumequinum,0.022,0.022,-1,Echolocation,/mnt/ubna_data_02_mir/recover-20221013/UBNA_001/20221012_030000.WAV,Telephone Field,recover-20221013,001,1795
115.4465,115.4576,23750,28901,Nyctalus leisleri,0.01,0.021,-1,Echolocation,/mnt/ubna_data_02_mir/recover-20221013/UBNA_001/20221012_030000.WAV,Telephone Field,recover-20221013,001,1795
115.4475,115.4832,68437,80845,Rhinolophus ferrumequinum,0.022,0.022,-1,Echolocation,/mnt/ubna_data_02_mir/recover-20221013/UBNA_001/20221012_030000.WAV,Telephone Field,recover-20221013,001,1795
115.4555,115.4967,68437,82679,Rhinolophus ferrumequinum,0.022,0.022,-1,Echolocation,/mnt/ubna_data_02_mir/recover-20221013/UBNA_001/20221012_030000.WAV,Telephone Field,recover-20221013,001,1795
115.4845,115.501,22031,25442,Nyctalus leisleri,0.014,0.023,-1,Echolocation,/mnt/ubna_data_02_mir/recover-20221013/UBNA_001/20221012_030000.WAV,Telephone Field,recover-20221013,001,1795
115.5005,115.5103,26328,33896,Eptesicus serotinus,0.016,0.036,-1,Echolocation,/mnt/ubna_data_02_mir/recover-20221013/UBNA_001/20221012_030000.WAV,Telephone Field,recover-20221013,001,1795
115.5455,115.5818,68437,81669,Rhinolophus ferrumequinum,0.022,0.022,-1,Echolocation,/mnt/ubna_data_02_mir/recover-20221013/UBNA_001/20221012_030000.WAV,Telephone Field,recover-20221013,001,1795
115.5575,115.5955,68437,81992,Rhinolophus ferrumequinum,0.021,0.021,-1,Echolocation,/mnt/ubna_data_02_mir/recover-20221013/UBNA_001/20221012_030000.WAV,Telephone Field,recover-20221013,001,1795
115.5695,115.6075,68437,81636,Rhinolophus ferrumequinum,0.021,0.021,-1,Echolocation,/mnt/ubna_data_02_mir/recover-20221013/UBNA_001/20221012_030000.WAV,Telephone Field,recover-20221013,001,1795
115.5705,115.5787,28906,43280,Eptesicus serotinus,0.007,0.022,-1,Echolocation,/mnt/ubna_data_02_mir/recover-20221013/UBNA_001/20221012_030000.WAV,Telephone Field,recover-20221013,001,1795
115.58449999999999,115.624,68437,82653,Rhinolophus ferrumequinum,0.024,0.024,-1,Echolocation,/mnt/ubna_data_02_mir/recover-20221013/UBNA_001/20221012_030000.WAV,Telephone Field,recover-20221013,001,1795
115.5895,115.6009,22890,28116,Nyctalus leisleri,0.01,0.022,-1,Echolocation,/mnt/ubna_data_02_mir/recover-20221013/UBNA_001/20221012_030000.WAV,Telephone Field,recover-20221013,001,1795
115.5915,115.6317,68437,82753,Rhinolophus ferrumequinum,0.025,0.025,-1,Echolocation,/mnt/ubna_data_02_mir/recover-20221013/UBNA_001/20221012_030000.WAV,Telephone Field,recover-20221013,001,1795
115.6165,115.6583,68437,82707,Rhinolophus ferrumequinum,0.024,0.024,-1,Echolocation,/mnt/ubna_data_02_mir/recover-20221013/UBNA_001/20221012_030000.WAV,Telephone Field,recover-20221013,001,1795
115.62950000000001,115.6378,23750,30724,Plecotus austriacus,0.008,0.021,-1,Echolocation,/mnt/ubna_data_02_mir/recover-20221013/UBNA_001/20221012_030000.WAV,Telephone Field,recover-20221013,001,1795
115.6335,115.6741,68437,82576,Rhinolophus ferrumequinum,0.025,0.025,-1,Echolocation,/mnt/ubna_data_02_mir/recover-20221013/UBNA_001/20221012_030000.WAV,Telephone Field,recover-20221013,001,1795
115.64150000000001,115.6795,68437,82363,Rhinolophus ferrumequinum,0.025,0.025,-1,Echolocation,/mnt/ubna_data_02_mir/recover-20221013/UBNA_001/20221012_030000.WAV,Telephone Field,recover-20221013,001,1795
115.6625,115.69839999999999,68437,81018,Rhinolophus ferrumequinum,0.022,0.022,-1,Echolocation,/mnt/ubna_data_02_mir/recover-20221013/UBNA_001/20221012_030000.WAV,Telephone Field,recover-20221013,001,1795
115.6835,115.7238,68437,82404,Rhinolophus ferrumequinum,0.023,0.023,-1,Echolocation,/mnt/ubna_data_02_mir/recover-20221013/UBNA_001/20221012_030000.WAV,Telephone Field,recover-20221013,001,1795
115.6905,115.7308,68437,82323,Rhinolophus ferrumequinum,0.023,0.023,-1,Echolocation,/mnt/ubna_data_02_mir/recover-20221013/UBNA_001/20221012_030000.WAV,Telephone Field,recover-20221013,001,1795
115.7435,115.74940000000001,28046,39375,Eptesicus serotinus,0.004,0.024,-1,Echolocation,/mnt/ubna_data_02_mir/recover-20221013/UBNA_001/20221012_030000.WAV,Telephone Field,recover-20221013,001,1795
115.8095,115.8481,68437,82206,Rhinolophus ferrumequinum,0.022,0.022,-1,Echolocation,/mnt/ubna_data_02_mir/recover-20221013/UBNA_001/20221012_030000.WAV,Telephone Field,recover-20221013,001,1795
115.8315,115.87440000000001,68437,82627,Rhinolophus ferrumequinum,0.024,0.024,-1,Echolocation,/mnt/ubna_data_02_mir/recover-20221013/UBNA_001/20221012_030000.WAV,Telephone Field,recover-20221013,001,1795
115.84649999999999,115.8572,22890,27456,Nyctalus leisleri,0.011,0.021,-1,Echolocation,/mnt/ubna_data_02_mir/recover-20221013/UBNA_001/20221012_030000.WAV,Telephone Field,recover-20221013,001,1795
115.8595,115.8991,68437,82631,Rhinolophus ferrumequinum,0.021,0.021,-1,Echolocation,/mnt/ubna_data_02_mir/recover-20221013/UBNA_001/20221012_030000.WAV,Telephone Field,recover-20221013,001,1795
115.9005,115.9393,68437,81623,Rhinolophus ferrumequinum,0.022,0.022,-1,Echolocation,/mnt/ubna_data_02_mir/recover-20221013/UBNA_001/20221012_030000.WAV,Telephone Field,recover-20221013,001,1795
115.9285,115.938,28046,40407,Eptesicus serotinus,0.009,0.021,-1,Echolocation,/mnt/ubna_data_02_mir/recover-20221013/UBNA_001/20221012_030000.WAV,Telephone Field,recover-20221013,001,1795
115.9345,115.9451,23750,29881,Nyctalus leisleri,0.008,0.021,-1,Echolocation,/mnt/ubna_data_02_mir/recover-20221013/UBNA_001/20221012_030000.WAV,Telephone Field,recover-20221013,001,1795
115.9405,115.9762,68437,81206,Rhinolophus ferrumequinum,0.022,0.022,-1,Echolocation,/mnt/ubna_data_02_mir/recover-20221013/UBNA_001/20221012_030000.WAV,Telephone Field,recover-20221013,001,1795
115.9585,115.9987,68437,82538,Rhinolophus ferrumequinum,0.024,0.024,-1,Echolocation,/mnt/ubna_data_02_mir/recover-20221013/UBNA_001/20221012_030000.WAV,Telephone Field,recover-20221013,001,1795
116.0015,116.0313,69296,80979,Rhinolophus ferrumequinum,0.033,0.033,-1,Echolocation,/mnt/ubna_data_02_mir/recover-20221013/UBNA_001/20221012_030000.WAV,Telephone Field,recover-20221013,001,1795
116.0015,116.0101,25468,32963,Nyctalus leisleri,0.009,0.025,-1,Echolocation,/mnt/ubna_data_02_mir/recover-20221013/UBNA_001/20221012_030000.WAV,Telephone Field,recover-20221013,001,1795
116.0655,116.1036,68437,83183,Rhinolophus ferrumequinum,0.057,0.057,-1,Echolocation,/mnt/ubna_data_02_mir/recover-20221013/UBNA_001/20221012_030000.WAV,Telephone Field,recover-20221013,001,1795
116.0735,116.0813,27187,36832,Eptesicus serotinus,0.007,0.022,-1,Echolocation,/mnt/ubna_data_02_mir/recover-20221013/UBNA_001/20221012_030000.WAV,Telephone Field,recover-20221013,001,1795
116.1115,116.1476,68437,81490,Rhinolophus ferrumequinum,0.022,0.023,-1,Echolocation,/mnt/ubna_data_02_mir/recover-20221013/UBNA_001/20221012_030000.WAV,Telephone Field,recover-20221013,001,1795
116.1255,116.1621,68437,81952,Rhinolophus ferrumequinum,0.025,0.025,-1,Echolocation,/mnt/ubna_data_02_mir/recover-20221013/UBNA_001/20221012_030000.WAV,Telephone Field,recover-20221013,001,1795
116.1325,116.1725,68437,82266,Rhinolophus ferrumequinum,0.025,0.025,-1,Echolocation,/mnt/ubna_data_02_mir/recover-20221013/UBNA_001/20221012_030000.WAV,Telephone Field,recover-20221013,001,1795
116.1865,116.1965,27187,35480,Eptesicus serotinus,0.009,0.022,-1,Echolocation,/mnt/ubna_data_02_mir/recover-20221013/UBNA_001/20221012_030000.WAV,Telephone Field,recover-20221013,001,1795
116.2185,116.2574,68437,82269,Rhinolophus ferrumequinum,0.031,0.031,-1,Echolocation,/mnt/ubna_data_02_mir/recover-20221013/UBNA_001/20221012_030000.WAV,Telephone Field,recover-20221013,001,1795
116.2445,116.2822,68437,82191,Rhinolophus ferrumequinum,0.026,0.026,-1,Echolocation,/mnt/ubna_data_02_mir/recover-20221013/UBNA_001/20221012_030000.WAV,Telephone Field,recover-20221013,001,1795
116.2645,116.2718,23750,32146,Plecotus austriacus,0.011,0.026,-1,Echolocation,/mnt/ubna_data_02_mir/recover-20221013/UBNA_001/20221012_030000.WAV,Telephone Field,recover-20221013,001,1795
116.2925,116.3312,68437,82093,Rhinolophus ferrumequinum,0.029,0.029,-1,Echolocation,/mnt/ubna_data_02_mir/recover-20221013/UBNA_001/20221012_030000.WAV,Telephone Field,recover-20221013,001,1795
116.3375,116.34479999999999,28046,43518,Eptesicus serotinus,0.007,0.024,-1,Echolocation,/mnt/ubna_data_02_mir/recover-20221013/UBNA_001/20221012_030000.WAV,Telephone Field,recover-20221013,001,1795
116.3655,116.4048,68437,82142,Rhinolophus ferrumequinum,0.023,0.023,-1,Echolocation,/mnt/ubna_data_02_mir/recover-20221013/UBNA_001/20221012_030000.WAV,Telephone Field,recover-20221013,001,1795
116.4085,116.44630000000001,68437,82441,Rhinolophus ferrumequinum,0.022,0.022,-1,Echolocation,/mnt/ubna_data_02_mir/recover-20221013/UBNA_001/20221012_030000.WAV,Telephone Field,recover-20221013,001,1795
116.4425,116.4776,68437,81484,Rhinolophus ferrumequinum,0.023,0.023,-1,Echolocation,/mnt/ubna_data_02_mir/recover-20221013/UBNA_001/20221012_030000.WAV,Telephone Field,recover-20221013,001,1795
116.4525,116.46209999999999,28046,34506,Eptesicus serotinus,0.012,0.026,-1,Echolocation,/mnt/ubna_data_02_mir/recover-20221013/UBNA_001/20221012_030000.WAV,Telephone Field,recover-20221013,001,1795
116.45349999999999,116.4898,68437,81961,Rhinolophus ferrumequinum,0.022,0.022,-1,Echolocation,/mnt/ubna_data_02_mir/recover-20221013/UBNA_001/20221012_030000.WAV,Telephone Field,recover-20221013,001,1795
116.50450000000001,116.5451,68437,82217,Rhinolophus ferrumequinum,0.028,0.028,-1,Echolocation,/mnt/ubna_data_02_mir/recover-20221013/UBNA_001/20221012_030000.WAV,Telephone Field,recover-20221013,001,1795
116.5245,116.55930000000001,68437,81301,Rhinolophus ferrumequinum,0.024,0.024,-1,Echolocation,/mnt/ubna_data_02_mir/recover-20221013/UBNA_001/20221012_030000.WAV,Telephone Field,recover-20221013,001,1795
116.5705,116.6094,68437,82239,Rhinolophus ferrumequinum,0.022,0.022,-1,Echolocation,/mnt/ubna_data_02_mir/recover-20221013/UBNA_001/20221012_030000.WAV,Telephone Field,recover-20221013,001,1795
116.5875,116.6271,68437,82379,Rhinolophus ferrumequinum,0.024,0.024,-1,Echolocation,/mnt/ubna_data_02_mir/recover-20221013/UBNA_001/20221012_030000.WAV,Telephone Field,recover-20221013,001,1795
116.5935,116.6003,27187,40049,Eptesicus serotinus,0.007,0.026,-1,Echolocation,/mnt/ubna_data_02_mir/recover-20221013/UBNA_001/20221012_030000.WAV,Telephone Field,recover-20221013,001,1795
116.6165,116.6251,28046,38888,Eptesicus serotinus,0.009,0.023,-1,Echolocation,/mnt/ubna_data_02_mir/recover-20221013/UBNA_001/20221012_030000.WAV,Telephone Field,recover-20221013,001,1795
116.6485,116.6884,68437,82574,Rhinolophus ferrumequinum,0.028,0.028,-1,Echolocation,/mnt/ubna_data_02_mir/recover-20221013/UBNA_001/20221012_030000.WAV,Telephone Field,recover-20221013,001,1795
116.6545,116.6897,67578,80122,Rhinolophus ferrumequinum,0.028,0.028,-1,Echolocation,/mnt/ubna_data_02_mir/recover-20221013/UBNA_001/20221012_030000.WAV,Telephone Field,recover-20221013,001,1795
116.6885,116.6945,27187,39074,Plecotus austriacus,0.006,0.025,-1,Echolocation,/mnt/ubna_data_02_mir/recover-20221013/UBNA_001/20221012_030000.WAV,Telephone Field,recover-20221013,001,1795
116.7115,116.748,68437,82011,Rhinolophus ferrumequinum,0.024,0.024,-1,Echolocation,/mnt/ubna_data_02_mir/recover-20221013/UBNA_001/20221012_030000.WAV,Telephone Field,recover-20221013,001,1795
116.7235,116.7304,27187,40990,Eptesicus serotinus,0.007,0.023,-1,Echolocation,/mnt/ubna_data_02_mir/recover-20221013/UBNA_001/20221012_030000.WAV,Telephone Field,recover-20221013,001,1795
116.7375,116.7775,68437,82007,Rhinolophus ferrumequinum,0.026,0.026,-1,Echolocation,/mnt/ubna_data_02_mir/recover-20221013/UBNA_001/20221012_030000.WAV,Telephone Field,recover-20221013,001,1795
116.7515,116.7915,68437,81690,Rhinolophus ferrumequinum,0.023,0.023,-1,Echolocation,/mnt/ubna_data_02_mir/recover-20221013/UBNA_001/20221012_030000.WAV,Telephone Field,recover-20221013,001,1795
116.8155,116.8263,28046,34456,Eptesicus serotinus,0.099,0.156,-1,Echolocation,/mnt/ubna_data_02_mir/recover-20221013/UBNA_001/20221012_030000.WAV,Telephone Field,recover-20221013,001,1795
116.8545,116.8938,68437,82343,Rhinolophus ferrumequinum,0.029,0.029,-1,Echolocation,/mnt/ubna_data_02_mir/recover-20221013/UBNA_001/20221012_030000.WAV,Telephone Field,recover-20221013,001,1795
116.90950000000001,116.9496,68437,82659,Rhinolophus ferrumequinum,0.026,0.026,-1,Echolocation,/mnt/ubna_data_02_mir/recover-20221013/UBNA_001/20221012_030000.WAV,Telephone Field,recover-20221013,001,1795
116.9415,116.9834,68437,83056,Rhinolophus ferrumequinum,0.026,0.026,-1,Echolocation,/mnt/ubna_data_02_mir/recover-20221013/UBNA_001/20221012_030000.WAV,Telephone Field,recover-20221013,001,1795
116.98949999999999,116.9966,28046,37825,Eptesicus serotinus,0.007,0.024,-1,Echolocation,/mnt/ubna_data_02_mir/recover-20221013/UBNA_001/20221012_030000.WAV,Telephone Field,recover-20221013,001,1795
117.0175,117.0563,68437,81262,Rhinolophus ferrumequinum,0.025,0.025,-1,Echolocation,/mnt/ubna_data_02_mir/recover-20221013/UBNA_001/20221012_030000.WAV,Telephone Field,recover-20221013,001,1795
117.0365,117.0767,68437,83156,Rhinolophus ferrumequinum,0.036,0.036,-1,Echolocation,/mnt/ubna_data_02_mir/recover-20221013/UBNA_001/20221012_030000.WAV,Telephone Field,recover-20221013,001,1795
117.04050000000001,117.0486,28906,38663,Eptesicus serotinus,0.008,0.024,-1,Echolocation,/mnt/ubna_data_02_mir/recover-20221013/UBNA_001/20221012_030000.WAV,Telephone Field,recover-20221013,001,1795
117.0505,117.0897,68437,82647,Rhinolophus ferrumequinum,0.024,0.024,-1,Echolocation,/mnt/ubna_data_02_mir/recover-20221013/UBNA_001/20221012_030000.WAV,Telephone Field,recover-20221013,001,1795
117.0555,117.0627,28046,39860,Eptesicus serotinus,0.006,0.023,-1,Echolocation,/mnt/ubna_data_02_mir/recover-20221013/UBNA_001/20221012_030000.WAV,Telephone Field,recover-20221013,001,1795
117.0585,117.09440000000001,68437,82324,Rhinolophus ferrumequinum,0.024,0.024,-1,Echolocation,/mnt/ubna_data_02_mir/recover-20221013/UBNA_001/20221012_030000.WAV,Telephone Field,recover-20221013,001,1795
117.1045,117.1409,68437,82051,Rhinolophus ferrumequinum,0.025,0.025,-1,Echolocation,/mnt/ubna_data_02_mir/recover-20221013/UBNA_001/20221012_030000.WAV,Telephone Field,recover-20221013,001,1795
117.1115,117.1516,68437,82586,Rhinolophus ferrumequinum,0.027,0.027,-1,Echolocation,/mnt/ubna_data_02_mir/recover-20221013/UBNA_001/20221012_030000.WAV,Telephone Field,recover-20221013,001,1795
117.14150000000001,117.1808,68437,82596,Rhinolophus ferrumequinum,0.023,0.023,-1,Echolocation,/mnt/ubna_data_02_mir/recover-20221013/UBNA_001/20221012_030000.WAV,Telephone Field,recover-20221013,001,1795
117.1435,117.1516,27187,39225,Eptesicus serotinus,0.007,0.023,-1,Echolocation,/mnt/ubna_data_02_mir/recover-20221013/UBNA_001/20221012_030000.WAV,Telephone Field,recover-20221013,001,1795
117.1705,117.1813,28906,36072,Eptesicus serotinus,0.012,0.026,-1,Echolocation,/mnt/ubna_data_02_mir/recover-20221013/UBNA_001/20221012_030000.WAV,Telephone Field,recover-20221013,001,1795
117.1845,117.2255,68437,82139,Rhinolophus ferrumequinum,0.031,0.031,-1,Echolocation,/mnt/ubna_data_02_mir/recover-20221013/UBNA_001/20221012_030000.WAV,Telephone Field,recover-20221013,001,1795
117.1885,117.1998,26328,33162,Eptesicus serotinus,0.012,0.027,-1,Echolocation,/mnt/ubna_data_02_mir/recover-20221013/UBNA_001/20221012_030000.WAV,Telephone Field,recover-20221013,001,1795
117.2185,117.2565,68437,81941,Rhinolophus ferrumequinum,0.023,0.023,-1,Echolocation,/mnt/ubna_data_02_mir/recover-20221013/UBNA_001/20221012_030000.WAV,Telephone Field,recover-20221013,001,1795
117.2355,117.276,68437,82503,Rhinolophus ferrumequinum,0.023,0.023,-1,Echolocation,/mnt/ubna_data_02_mir/recover-20221013/UBNA_001/20221012_030000.WAV,Telephone Field,recover-20221013,001,1795
117.2385,117.2492,22890,28204,Nyctalus leisleri,0.012,0.025,-1,Echolocation,/mnt/ubna_data_02_mir/recover-20221013/UBNA_001/20221012_030000.WAV,Telephone Field,recover-20221013,001,1795
117.2575,117.2954,68437,82524,Rhinolophus ferrumequinum,0.023,0.023,-1,Echolocation,/mnt/ubna_data_02_mir/recover-20221013/UBNA_001/20221012_030000.WAV,Telephone Field,recover-20221013,001,1795
117.2575,117.268,25468,31313,Eptesicus serotinus,0.015,0.04,-1,Echolocation,/mnt/ubna_data_02_mir/recover-20221013/UBNA_001/20221012_030000.WAV,Telephone Field,recover-20221013,001,1795
117.2895,117.2997,22031,27655,Nyctalus leisleri,0.009,0.022,-1,Echolocation,/mnt/ubna_data_02_mir/recover-20221013/UBNA_001/20221012_030000.WAV,Telephone Field,recover-20221013,001,1795
117.3035,117.3425,68437,82144,Rhinolophus ferrumequinum,0.023,0.023,-1,Echolocation,/mnt/ubna_data_02_mir/recover-20221013/UBNA_001/20221012_030000.WAV,Telephone Field,recover-20221013,001,1795
117.3275,117.33539999999999,28046,40870,Eptesicus serotinus,0.008,0.024,-1,Echolocation,/mnt/ubna_data_02_mir/recover-20221013/UBNA_001/20221012_030000.WAV,Telephone Field,recover-20221013,001,1795
117.3545,117.3626,28046,40573,Eptesicus serotinus,0.008,0.022,-1,Echolocation,/mnt/ubna_data_02_mir/recover-20221013/UBNA_001/20221012_030000.WAV,Telephone Field,recover-20221013,001,1795
117.3565,117.3629,48671,54838,Pipistrellus pipistrellus,0.022,0.024,-1,Echolocation,/mnt/ubna_data_02_mir/recover-20221013/UBNA_001/20221012_030000.WAV,Telephone Field,recover-20221013,001,1795
117.3715,117.4102,68437,81828,Rhinolophus ferrumequinum,0.026,0.026,-1,Echolocation,/mnt/ubna_data_02_mir/recover-20221013/UBNA_001/20221012_030000.WAV,Telephone Field,recover-20221013,001,1795
117.4195,117.4575,68437,82296,Rhinolophus ferrumequinum,0.024,0.024,-1,Echolocation,/mnt/ubna_data_02_mir/recover-20221013/UBNA_001/20221012_030000.WAV,Telephone Field,recover-20221013,001,1795
117.4265,117.464,68437,81952,Rhinolophus ferrumequinum,0.024,0.024,-1,Echolocation,/mnt/ubna_data_02_mir/recover-20221013/UBNA_001/20221012_030000.WAV,Telephone Field,recover-20221013,001,1795
117.4565,117.46430000000001,28906,38359,Eptesicus serotinus,0.011,0.033,-1,Echolocation,/mnt/ubna_data_02_mir/recover-20221013/UBNA_001/20221012_030000.WAV,Telephone Field,recover-20221013,001,1795
117.5125,117.5235,22890,27090,Nyctalus leisleri,0.012,0.022,-1,Echolocation,/mnt/ubna_data_02_mir/recover-20221013/UBNA_001/20221012_030000.WAV,Telephone Field,recover-20221013,001,1795
117.5185,117.5581,68437,82814,Rhinolophus ferrumequinum,0.025,0.025,-1,Echolocation,/mnt/ubna_data_02_mir/recover-20221013/UBNA_001/20221012_030000.WAV,Telephone Field,recover-20221013,001,1795
117.5265,117.5664,68437,82045,Rhinolophus ferrumequinum,0.023,0.023,-1,Echolocation,/mnt/ubna_data_02_mir/recover-20221013/UBNA_001/20221012_030000.WAV,Telephone Field,recover-20221013,001,1795
117.5315,117.5391,22890,31122,Plecotus austriacus,0.01,0.022,-1,Echolocation,/mnt/ubna_data_02_mir/recover-20221013/UBNA_001/20221012_030000.WAV,Telephone Field,recover-20221013,001,1795
117.5385,117.581,68437,83076,Rhinolophus ferrumequinum,0.024,0.024,-1,Echolocation,/mnt/ubna_data_02_mir/recover-20221013/UBNA_001/20221012_030000.WAV,Telephone Field,recover-20221013,001,1795
117.5415,117.54939999999999,46093,55084,Pipistrellus pipistrellus,0.02,0.025,-1,Echolocation,/mnt/ubna_data_02_mir/recover-20221013/UBNA_001/20221012_030000.WAV,Telephone Field,recover-20221013,001,1795
117.5485,117.5865,68437,81893,Rhinolophus ferrumequinum,0.023,0.023,-1,Echolocation,/mnt/ubna_data_02_mir/recover-20221013/UBNA_001/20221012_030000.WAV,Telephone Field,recover-20221013,001,1795
117.5915,117.60300000000001,24609,31229,Nyctalus leisleri,0.022,0.053,-1,Echolocation,/mnt/ubna_data_02_mir/recover-20221013/UBNA_001/20221012_030000.WAV,Telephone Field,recover-20221013,001,1795
117.6075,117.6452,68437,81936,Rhinolophus ferrumequinum,0.022,0.022,-1,Echolocation,/mnt/ubna_data_02_mir/recover-20221013/UBNA_001/20221012_030000.WAV,Telephone Field,recover-20221013,001,1795
117.6165,117.6238,23750,33152,Plecotus austriacus,0.01,0.023,-1,Echolocation,/mnt/ubna_data_02_mir/recover-20221013/UBNA_001/20221012_030000.WAV,Telephone Field,recover-20221013,001,1795
117.65350000000001,117.6921,68437,81528,Rhinolophus ferrumequinum,0.026,0.026,-1,Echolocation,/mnt/ubna_data_02_mir/recover-20221013/UBNA_001/20221012_030000.WAV,Telephone Field,recover-20221013,001,1795
117.6565,117.6641,28046,39938,Eptesicus serotinus,0.007,0.025,-1,Echolocation,/mnt/ubna_data_02_mir/recover-20221013/UBNA_001/20221012_030000.WAV,Telephone Field,recover-20221013,001,1795
117.72749999999999,117.7659,68437,81724,Rhinolophus ferrumequinum,0.023,0.023,-1,Echolocation,/mnt/ubna_data_02_mir/recover-20221013/UBNA_001/20221012_030000.WAV,Telephone Field,recover-20221013,001,1795
117.7585,117.7654,34921,42356,Myotis daubentonii,0.009,0.025,-1,Echolocation,/mnt/ubna_data_02_mir/recover-20221013/UBNA_001/20221012_030000.WAV,Telephone Field,recover-20221013,001,1795
117.7745,117.7832,28046,37642,Eptesicus serotinus,0.009,0.023,-1,Echolocation,/mnt/ubna_data_02_mir/recover-20221013/UBNA_001/20221012_030000.WAV,Telephone Field,recover-20221013,001,1795
117.7865,117.8302,68437,83759,Rhinolophus ferrumequinum,0.046,0.046,-1,Echolocation,/mnt/ubna_data_02_mir/recover-20221013/UBNA_001/20221012_030000.WAV,Telephone Field,recover-20221013,001,1795
117.8155,117.8546,68437,82207,Rhinolophus ferrumequinum,0.034,0.034,-1,Echolocation,/mnt/ubna_data_02_mir/recover-20221013/UBNA_001/20221012_030000.WAV,Telephone Field,recover-20221013,001,1795
117.8305,117.8382,28046,38131,Eptesicus serotinus,0.008,0.023,-1,Echolocation,/mnt/ubna_data_02_mir/recover-20221013/UBNA_001/20221012_030000.WAV,Telephone Field,recover-20221013,001,1795
117.83449999999999,117.8746,68437,82132,Rhinolophus ferrumequinum,0.027,0.027,-1,Echolocation,/mnt/ubna_data_02_mir/recover-20221013/UBNA_001/20221012_030000.WAV,Telephone Field,recover-20221013,001,1795
117.8555,117.894,68437,82582,Rhinolophus ferrumequinum,0.04,0.04,-1,Echolocation,/mnt/ubna_data_02_mir/recover-20221013/UBNA_001/20221012_030000.WAV,Telephone Field,recover-20221013,001,1795
117.9055,117.9438,68437,82159,Rhinolophus ferrumequinum,0.025,0.025,-1,Echolocation,/mnt/ubna_data_02_mir/recover-20221013/UBNA_001/20221012_030000.WAV,Telephone Field,recover-20221013,001,1795
117.9125,117.9222,28046,36356,Eptesicus serotinus,0.009,0.023,-1,Echolocation,/mnt/ubna_data_02_mir/recover-20221013/UBNA_001/20221012_030000.WAV,Telephone Field,recover-20221013,001,1795
117.9245,117.9624,68437,81537,Rhinolophus ferrumequinum,0.022,0.022,-1,Echolocation,/mnt/ubna_data_02_mir/recover-20221013/UBNA_001/20221012_030000.WAV,Telephone Field,recover-20221013,001,1795
117.9285,117.9389,23750,30185,Nyctalus leisleri,0.01,0.026,-1,Echolocation,/mnt/ubna_data_02_mir/recover-20221013/UBNA_001/20221012_030000.WAV,Telephone Field,recover-20221013,001,1795
117.9465,117.9555,28046,38818,Eptesicus serotinus,0.009,0.023,-1,Echolocation,/mnt/ubna_data_02_mir/recover-20221013/UBNA_001/20221012_030000.WAV,Telephone Field,recover-20221013,001,1795
117.9485,117.9834,68437,81704,Rhinolophus ferrumequinum,0.022,0.022,-1,Echolocation,/mnt/ubna_data_02_mir/recover-20221013/UBNA_001/20221012_030000.WAV,Telephone Field,recover-20221013,001,1795
117.97749999999999,117.9865,20312,26310,Plecotus austriacus,0.011,0.029,-1,Echolocation,/mnt/ubna_data_02_mir/recover-20221013/UBNA_001/20221012_030000.WAV,Telephone Field,recover-20221013,001,1795
117.9785,117.9872,15156,27227,Plecotus auritus,0.013,0.03,-1,Echolocation,/mnt/ubna_data_02_mir/recover-20221013/UBNA_001/20221012_030000.WAV,Telephone Field,recover-20221013,001,1795
118.0015,118.0344,68437,80395,Rhinolophus ferrumequinum,0.042,0.043,-1,Echolocation,/mnt/ubna_data_02_mir/recover-20221013/UBNA_001/20221012_030000.WAV,Telephone Field,recover-20221013,001,1795
118.0015,118.0089,47812,55176,Pipistrellus pipistrellus,0.016,0.022,-1,Echolocation,/mnt/ubna_data_02_mir/recover-20221013/UBNA_001/20221012_030000.WAV,Telephone Field,recover-20221013,001,1795
118.0015,118.0113,26328,35397,Eptesicus serotinus,0.01,0.029,-1,Echolocation,/mnt/ubna_data_02_mir/recover-20221013/UBNA_001/20221012_030000.WAV,Telephone Field,recover-20221013,001,1795
118.0135,118.0241,22031,25957,Nyctalus leisleri,0.011,0.021,-1,Echolocation,/mnt/ubna_data_02_mir/recover-20221013/UBNA_001/20221012_030000.WAV,Telephone Field,recover-20221013,001,1795
118.0245,118.0346,22890,29568,Nyctalus leisleri,0.011,0.034,-1,Echolocation,/mnt/ubna_data_02_mir/recover-20221013/UBNA_001/20221012_030000.WAV,Telephone Field,recover-20221013,001,1795
118.04650000000001,118.0569,22890,27126,Nyctalus leisleri,0.011,0.021,-1,Echolocation,/mnt/ubna_data_02_mir/recover-20221013/UBNA_001/20221012_030000.WAV,Telephone Field,recover-20221013,001,1795
118.0715,118.11189999999999,68437,82367,Rhinolophus ferrumequinum,0.022,0.022,-1,Echolocation,/mnt/ubna_data_02_mir/recover-20221013/UBNA_001/20221012_030000.WAV,Telephone Field,recover-20221013,001,1795
118.1185,118.1621,68437,83520,Rhinolophus ferrumequinum,0.025,0.025,-1,Echolocation,/mnt/ubna_data_02_mir/recover-20221013/UBNA_001/20221012_030000.WAV,Telephone Field,recover-20221013,001,1795
118.1435,118.1794,68437,80553,Rhinolophus ferrumequinum,0.022,0.022,-1,Echolocation,/mnt/ubna_data_02_mir/recover-20221013/UBNA_001/20221012_030000.WAV,Telephone Field,recover-20221013,001,1795
118.1665,118.1767,22890,27786,Nyctalus leisleri,0.01,0.021,-1,Echolocation,/mnt/ubna_data_02_mir/recover-20221013/UBNA_001/20221012_030000.WAV,Telephone Field,recover-20221013,001,1795
118.2625,118.27080000000001,27187,41481,Eptesicus serotinus,0.008,0.021,-1,Echolocation,/mnt/ubna_data_02_mir/recover-20221013/UBNA_001/20221012_030000.WAV,Telephone Field,recover-20221013,001,1795
118.2675,118.3074,68437,82270,Rhinolophus ferrumequinum,0.021,0.021,-1,Echolocation,/mnt/ubna_data_02_mir/recover-20221013/UBNA_001/20221012_030000.WAV,Telephone Field,recover-20221013,001,1795
118.2685,118.2777,27187,37840,Eptesicus serotinus,0.009,0.022,-1,Echolocation,/mnt/ubna_data_02_mir/recover-20221013/UBNA_001/20221012_030000.WAV,Telephone Field,recover-20221013,001,1795
118.3115,118.3242,22890,27722,Nyctalus leisleri,0.012,0.023,-1,Echolocation,/mnt/ubna_data_02_mir/recover-20221013/UBNA_001/20221012_030000.WAV,Telephone Field,recover-20221013,001,1795
118.3195,118.3284,26328,36527,Eptesicus serotinus,0.007,0.023,-1,Echolocation,/mnt/ubna_data_02_mir/recover-20221013/UBNA_001/20221012_030000.WAV,Telephone Field,recover-20221013,001,1795
118.3195,118.36019999999999,68437,82644,Rhinolophus ferrumequinum,0.023,0.023,-1,Echolocation,/mnt/ubna_data_02_mir/recover-20221013/UBNA_001/20221012_030000.WAV,Telephone Field,recover-20221013,001,1795
118.33449999999999,118.3759,68437,82534,Rhinolophus ferrumequinum,0.022,0.022,-1,Echolocation,/mnt/ubna_data_02_mir/recover-20221013/UBNA_001/20221012_030000.WAV,Telephone Field,recover-20221013,001,1795
118.3845,118.3918,26328,38194,Eptesicus serotinus,0.006,0.021,-1,Echolocation,/mnt/ubna_data_02_mir/recover-20221013/UBNA_001/20221012_030000.WAV,Telephone Field,recover-20221013,001,1795
118.3965,118.4336,68437,81280,Rhinolophus ferrumequinum,0.021,0.022,-1,Echolocation,/mnt/ubna_data_02_mir/recover-20221013/UBNA_001/20221012_030000.WAV,Telephone Field,recover-20221013,001,1795
118.4185,118.4276,28046,38180,Eptesicus serotinus,0.008,0.021,-1,Echolocation,/mnt/ubna_data_02_mir/recover-20221013/UBNA_001/20221012_030000.WAV,Telephone Field,recover-20221013,001,1795
118.4355,118.4742,68437,81905,Rhinolophus ferrumequinum,0.021,0.021,-1,Echolocation,/mnt/ubna_data_02_mir/recover-20221013/UBNA_001/20221012_030000.WAV,Telephone Field,recover-20221013,001,1795
118.4695,118.4793,24609,32099,Eptesicus serotinus,0.007,0.021,-1,Echolocation,/mnt/ubna_data_02_mir/recover-20221013/UBNA_001/20221012_030000.WAV,Telephone Field,recover-20221013,001,1795
118.4805,118.4905,28046,35946,Eptesicus serotinus,0.009,0.022,-1,Echolocation,/mnt/ubna_data_02_mir/recover-20221013/UBNA_001/20221012_030000.WAV,Telephone Field,recover-20221013,001,1795
118.4915,118.5267,68437,80832,Rhinolophus ferrumequinum,0.021,0.021,-1,Echolocation,/mnt/ubna_data_02_mir/recover-20221013/UBNA_001/20221012_030000.WAV,Telephone Field,recover-20221013,001,1795
118.51050000000001,118.5514,68437,82455,Rhinolophus ferrumequinum,0.044,0.044,-1,Echolocation,/mnt/ubna_data_02_mir/recover-20221013/UBNA_001/20221012_030000.WAV,Telephone Field,recover-20221013,001,1795
118.5355,118.5451,27187,35196,Eptesicus serotinus,0.008,0.022,-1,Echolocation,/mnt/ubna_data_02_mir/recover-20221013/UBNA_001/20221012_030000.WAV,Telephone Field,recover-20221013,001,1795
118.5515,118.59270000000001,68437,82778,Rhinolophus ferrumequinum,0.025,0.025,-1,Echolocation,/mnt/ubna_data_02_mir/recover-20221013/UBNA_001/20221012_030000.WAV,Telephone Field,recover-20221013,001,1795
118.5615,118.5689,28046,39247,Eptesicus serotinus,0.007,0.024,-1,Echolocation,/mnt/ubna_data_02_mir/recover-20221013/UBNA_001/20221012_030000.WAV,Telephone Field,recover-20221013,001,1795
118.5955,118.6302,68437,81161,Rhinolophus ferrumequinum,0.02,0.02,-1,Echolocation,/mnt/ubna_data_02_mir/recover-20221013/UBNA_001/20221012_030000.WAV,Telephone Field,recover-20221013,001,1795
118.5985,118.6091,23750,29806,Nyctalus leisleri,0.013,0.031,-1,Echolocation,/mnt/ubna_data_02_mir/recover-20221013/UBNA_001/20221012_030000.WAV,Telephone Field,recover-20221013,001,1795
118.6215,118.6609,68437,82647,Rhinolophus ferrumequinum,0.024,0.024,-1,Echolocation,/mnt/ubna_data_02_mir/recover-20221013/UBNA_001/20221012_030000.WAV,Telephone Field,recover-20221013,001,1795
118.6495,118.6839,68437,80421,Rhinolophus ferrumequinum,0.024,0.025,-1,Echolocation,/mnt/ubna_data_02_mir/recover-20221013/UBNA_001/20221012_030000.WAV,Telephone Field,recover-20221013,001,1795
118.6625,118.6719,27187,37479,Eptesicus serotinus,0.009,0.022,-1,Echolocation,/mnt/ubna_data_02_mir/recover-20221013/UBNA_001/20221012_030000.WAV,Telephone Field,recover-20221013,001,1795
118.7135,118.7536,68437,82499,Rhinolophus ferrumequinum,0.021,0.021,-1,Echolocation,/mnt/ubna_data_02_mir/recover-20221013/UBNA_001/20221012_030000.WAV,Telephone Field,recover-20221013,001,1795
118.7285,118.7378,28046,36288,Eptesicus serotinus,0.01,0.023,-1,Echolocation,/mnt/ubna_data_02_mir/recover-20221013/UBNA_001/20221012_030000.WAV,Telephone Field,recover-20221013,001,1795
118.7355,118.7718,68437,81150,Rhinolophus ferrumequinum,0.022,0.022,-1,Echolocation,/mnt/ubna_data_02_mir/recover-20221013/UBNA_001/20221012_030000.WAV,Telephone Field,recover-20221013,001,1795
118.7595,118.7996,68437,82271,Rhinolophus ferrumequinum,0.024,0.024,-1,Echolocation,/mnt/ubna_data_02_mir/recover-20221013/UBNA_001/20221012_030000.WAV,Telephone Field,recover-20221013,001,1795
118.7645,118.7718,28046,39258,Eptesicus serotinus,0.006,0.022,-1,Echolocation,/mnt/ubna_data_02_mir/recover-20221013/UBNA_001/20221012_030000.WAV,Telephone Field,recover-20221013,001,1795
118.8035,118.8137,25468,32998,Eptesicus serotinus,0.017,0.042,-1,Echolocation,/mnt/ubna_data_02_mir/recover-20221013/UBNA_001/20221012_030000.WAV,Telephone Field,recover-20221013,001,1795
118.8195,118.86189999999999,68437,82935,Rhinolophus ferrumequinum,0.021,0.021,-1,Echolocation,/mnt/ubna_data_02_mir/recover-20221013/UBNA_001/20221012_030000.WAV,Telephone Field,recover-20221013,001,1795
118.85249999999999,118.8626,28046,34773,Eptesicus serotinus,0.012,0.027,-1,Echolocation,/mnt/ubna_data_02_mir/recover-20221013/UBNA_001/20221012_030000.WAV,Telephone Field,recover-20221013,001,1795
118.8605,118.86959999999999,28046,36316,Eptesicus serotinus,0.007,0.02,-1,Echolocation,/mnt/ubna_data_02_mir/recover-20221013/UBNA_001/20221012_030000.WAV,Telephone Field,recover-20221013,001,1795
118.9165,118.9528,68437,81360,Rhinolophus ferrumequinum,0.021,0.021,-1,Echolocation,/mnt/ubna_data_02_mir/recover-20221013/UBNA_001/20221012_030000.WAV,Telephone Field,recover-20221013,001,1795
118.9205,118.9299,28046,36056,Eptesicus serotinus,0.008,0.022,-1,Echolocation,/mnt/ubna_data_02_mir/recover-20221013/UBNA_001/20221012_030000.WAV,Telephone Field,recover-20221013,001,1795
118.9875,118.99719999999999,24609,31732,Nyctalus leisleri,0.007,0.022,-1,Echolocation,/mnt/ubna_data_02_mir/recover-20221013/UBNA_001/20221012_030000.WAV,Telephone Field,recover-20221013,001,1795
119.0315,119.0722,68437,82324,Rhinolophus ferrumequinum,0.022,0.022,-1,Echolocation,/mnt/ubna_data_02_mir/recover-20221013/UBNA_001/20221012_030000.WAV,Telephone Field,recover-20221013,001,1795
119.0425,119.0528,22890,28915,Nyctalus leisleri,0.009,0.022,-1,Echolocation,/mnt/ubna_data_02_mir/recover-20221013/UBNA_001/20221012_030000.WAV,Telephone Field,recover-20221013,001,1795
119.0565,119.0918,68437,80967,Rhinolophus ferrumequinum,0.021,0.021,-1,Echolocation,/mnt/ubna_data_02_mir/recover-20221013/UBNA_001/20221012_030000.WAV,Telephone Field,recover-20221013,001,1795
119.0595,119.0693,28046,37033,Eptesicus serotinus,0.017,0.033,-1,Echolocation,/mnt/ubna_data_02_mir/recover-20221013/UBNA_001/20221012_030000.WAV,Telephone Field,recover-20221013,001,1795
119.0815,119.0938,27187,32698,Eptesicus serotinus,0.012,0.028,-1,Echolocation,/mnt/ubna_data_02_mir/recover-20221013/UBNA_001/20221012_030000.WAV,Telephone Field,recover-20221013,001,1795
119.1045,119.14150000000001,68437,81486,Rhinolophus ferrumequinum,0.02,0.02,-1,Echolocation,/mnt/ubna_data_02_mir/recover-20221013/UBNA_001/20221012_030000.WAV,Telephone Field,recover-20221013,001,1795
119.1115,119.1465,68437,81853,Rhinolophus ferrumequinum,0.021,0.021,-1,Echolocation,/mnt/ubna_data_02_mir/recover-20221013/UBNA_001/20221012_030000.WAV,Telephone Field,recover-20221013,001,1795
119.1245,119.1642,68437,82209,Rhinolophus ferrumequinum,0.022,0.022,-1,Echolocation,/mnt/ubna_data_02_mir/recover-20221013/UBNA_001/20221012_030000.WAV,Telephone Field,recover-20221013,001,1795
119.1425,119.179,68437,81532,Rhinolophus ferrumequinum,0.021,0.021,-1,Echolocation,/mnt/ubna_data_02_mir/recover-20221013/UBNA_001/20221012_030000.WAV,Telephone Field,recover-20221013,001,1795
119.1545,119.1644,15156,21541,Nyctalus noctula,0.01,0.023,-1,Echolocation,/mnt/ubna_data_02_mir/recover-20221013/UBNA_001/20221012_030000.WAV,Telephone Field,recover-20221013,001,1795
119.1645,119.2014,68437,81802,Rhinolophus ferrumequinum,0.021,0.021,-1,Echolocation,/mnt/ubna_data_02_mir/recover-20221013/UBNA_001/20221012_030000.WAV,Telephone Field,recover-20221013,001,1795
119.2075,119.2469,68437,82322,Rhinolophus ferrumequinum,0.022,0.022,-1,Echolocation,/mnt/ubna_data_02_mir/recover-20221013/UBNA_001/20221012_030000.WAV,Telephone Field,recover-20221013,001,1795
119.2185,119.2272,28046,36542,Eptesicus serotinus,0.008,0.021,-1,Echolocation,/mnt/ubna_data_02_mir/recover-20221013/UBNA_001/20221012_030000.WAV,Telephone Field,recover-20221013,001,1795
119.2205,119.2378,19453,23506,Nyctalus noctula,0.02,0.044,-1,Echolocation,/mnt/ubna_data_02_mir/recover-20221013/UBNA_001/20221012_030000.WAV,Telephone Field,recover-20221013,001,1795
119.2465,119.2804,68437,81230,Rhinolophus ferrumequinum,0.021,0.021,-1,Echolocation,/mnt/ubna_data_02_mir/recover-20221013/UBNA_001/20221012_030000.WAV,Telephone Field,recover-20221013,001,1795
119.2585,119.2662,23750,32010,Plecotus austriacus,0.009,0.023,-1,Echolocation,/mnt/ubna_data_02_mir/recover-20221013/UBNA_001/20221012_030000.WAV,Telephone Field,recover-20221013,001,1795
119.2765,119.3154,68437,82187,Rhinolophus ferrumequinum,0.022,0.022,-1,Echolocation,/mnt/ubna_data_02_mir/recover-20221013/UBNA_001/20221012_030000.WAV,Telephone Field,recover-20221013,001,1795
119.3125,119.3492,68437,81239,Rhinolophus ferrumequinum,0.021,0.021,-1,Echolocation,/mnt/ubna_data_02_mir/recover-20221013/UBNA_001/20221012_030000.WAV,Telephone Field,recover-20221013,001,1795
119.3195,119.32730000000001,28046,39778,Eptesicus serotinus,0.01,0.031,-1,Echolocation,/mnt/ubna_data_02_mir/recover-20221013/UBNA_001/20221012_030000.WAV,Telephone Field,recover-20221013,001,1795
119.40950000000001,119.4495,68437,82867,Rhinolophus ferrumequinum,0.023,0.023,-1,Echolocation,/mnt/ubna_data_02_mir/recover-20221013/UBNA_001/20221012_030000.WAV,Telephone Field,recover-20221013,001,1795
119.4735,119.5149,68437,83096,Rhinolophus ferrumequinum,0.023,0.023,-1,Echolocation,/mnt/ubna_data_02_mir/recover-20221013/UBNA_001/20221012_030000.WAV,Telephone Field,recover-20221013,001,1795
119.4745,119.4832,27187,37670,Eptesicus serotinus,0.008,0.022,-1,Echolocation,/mnt/ubna_data_02_mir/recover-20221013/UBNA_001/20221012_030000.WAV,Telephone Field,recover-20221013,001,1795
119.5115,119.5491,68437,82203,Rhinolophus ferrumequinum,0.024,0.024,-1,Echolocation,/mnt/ubna_data_02_mir/recover-20221013/UBNA_001/20221012_030000.WAV,Telephone Field,recover-20221013,001,1795
119.5305,119.5421,23750,28860,Nyctalus leisleri,0.01,0.022,-1,Echolocation,/mnt/ubna_data_02_mir/recover-20221013/UBNA_001/20221012_030000.WAV,Telephone Field,recover-20221013,001,1795
119.5595,119.56739999999999,27187,39428,Eptesicus serotinus,0.007,0.021,-1,Echolocation,/mnt/ubna_data_02_mir/recover-20221013/UBNA_001/20221012_030000.WAV,Telephone Field,recover-20221013,001,1795
119.5855,119.5952,28046,37886,Eptesicus serotinus,0.012,0.028,-1,Echolocation,/mnt/ubna_data_02_mir/recover-20221013/UBNA_001/20221012_030000.WAV,Telephone Field,recover-20221013,001,1795
119.6115,119.6234,22031,25836,Nyctalus leisleri,0.012,0.021,-1,Echolocation,/mnt/ubna_data_02_mir/recover-20221013/UBNA_001/20221012_030000.WAV,Telephone Field,recover-20221013,001,1795
119.62950000000001,119.6708,68437,82099,Rhinolophus ferrumequinum,0.024,0.024,-1,Echolocation,/mnt/ubna_data_02_mir/recover-20221013/UBNA_001/20221012_030000.WAV,Telephone Field,recover-20221013,001,1795
119.67150000000001,119.7116,68437,82308,Rhinolophus ferrumequinum,0.021,0.021,-1,Echolocation,/mnt/ubna_data_02_mir/recover-20221013/UBNA_001/20221012_030000.WAV,Telephone Field,recover-20221013,001,1795
119.6815,119.6914,28906,37396,Eptesicus serotinus,0.009,0.022,-1,Echolocation,/mnt/ubna_data_02_mir/recover-20221013/UBNA_001/20221012_030000.WAV,Telephone Field,recover-20221013,001,1795
119.7065,119.7169,27187,34621,Eptesicus serotinus,0.011,0.023,-1,Echolocation,/mnt/ubna_data_02_mir/recover-20221013/UBNA_001/20221012_030000.WAV,Telephone Field,recover-20221013,001,1795
119.7105,119.74510000000001,68437,81171,Rhinolophus ferrumequinum,0.023,0.023,-1,Echolocation,/mnt/ubna_data_02_mir/recover-20221013/UBNA_001/20221012_030000.WAV,Telephone Field,recover-20221013,001,1795
119.7195,119.7601,68437,83319,Rhinolophus ferrumequinum,0.035,0.035,-1,Echolocation,/mnt/ubna_data_02_mir/recover-20221013/UBNA_001/20221012_030000.WAV,Telephone Field,recover-20221013,001,1795
119.7345,119.7498,40078,43790,Pipistrellus nathusii,0.231,0.248,-1,Echolocation,/mnt/ubna_data_02_mir/recover-20221013/UBNA_001/20221012_030000.WAV,Telephone Field,recover-20221013,001,1795
119.7355,119.7438,28046,38114,Eptesicus serotinus,0.009,0.026,-1,Echolocation,/mnt/ubna_data_02_mir/recover-20221013/UBNA_001/20221012_030000.WAV,Telephone Field,recover-20221013,001,1795
119.7465,119.7871,68437,82925,Rhinolophus ferrumequinum,0.024,0.024,-1,Echolocation,/mnt/ubna_data_02_mir/recover-20221013/UBNA_001/20221012_030000.WAV,Telephone Field,recover-20221013,001,1795
119.8045,119.8151,40078,44031,Pipistrellus nathusii,0.017,0.03,-1,Echolocation,/mnt/ubna_data_02_mir/recover-20221013/UBNA_001/20221012_030000.WAV,Telephone Field,recover-20221013,001,1795
119.8055,119.8447,68437,82108,Rhinolophus ferrumequinum,0.021,0.021,-1,Echolocation,/mnt/ubna_data_02_mir/recover-20221013/UBNA_001/20221012_030000.WAV,Telephone Field,recover-20221013,001,1795
119.8755,119.9166,68437,83168,Rhinolophus ferrumequinum,0.024,0.024,-1,Echolocation,/mnt/ubna_data_02_mir/recover-20221013/UBNA_001/20221012_030000.WAV,Telephone Field,recover-20221013,001,1795
119.92150000000001,119.9331,29765,36336,Eptesicus serotinus,0.018,0.032,-1,Echolocation,/mnt/ubna_data_02_mir/recover-20221013/UBNA_001/20221012_030000.WAV,Telephone Field,recover-20221013,001,1795
119.9235,119.96000000000001,68437,81608,Rhinolophus ferrumequinum,0.021,0.021,-1,Echolocation,/mnt/ubna_data_02_mir/recover-20221013/UBNA_001/20221012_030000.WAV,Telephone Field,recover-20221013,001,1795
119.95949999999999,119.968,28046,39557,Eptesicus serotinus,0.01,0.025,-1,Echolocation,/mnt/ubna_data_02_mir/recover-20221013/UBNA_001/20221012_030000.WAV,Telephone Field,recover-20221013,001,1795
119.9785,119.9847,33203,44370,Myotis daubentonii,0.011,0.024,-1,Echolocation,/mnt/ubna_data_02_mir/recover-20221013/UBNA_001/20221012_030000.WAV,Telephone Field,recover-20221013,001,1795
119.9795,119.9865,27187,39439,Eptesicus serotinus,0.008,0.027,-1,Echolocation,/mnt/ubna_data_02_mir/recover-20221013/UBNA_001/20221012_030000.WAV,Telephone Field,recover-20221013,001,1795
120.0015,120.0112,48671,55675,Pipistrellus pipistrellus,0.017,0.022,-1,Echolocation,/mnt/ubna_data_02_mir/recover-20221013/UBNA_001/20221012_030000.WAV,Telephone Field,recover-20221013,001,1795
120.0015,120.0084,23750,36700,Plecotus austriacus,0.007,0.025,-1,Echolocation,/mnt/ubna_data_02_mir/recover-20221013/UBNA_001/20221012_030000.WAV,Telephone Field,recover-20221013,001,1795
120.0015,120.0334,69296,81233,Rhinolophus ferrumequinum,0.033,0.033,-1,Echolocation,/mnt/ubna_data_02_mir/recover-20221013/UBNA_001/20221012_030000.WAV,Telephone Field,recover-20221013,001,1795
120.0015,120.0092,32343,44355,Myotis daubentonii,0.007,0.021,-1,Echolocation,/mnt/ubna_data_02_mir/recover-20221013/UBNA_001/20221012_030000.WAV,Telephone Field,recover-20221013,001,1795
120.0075,120.0487,68437,82003,Rhinolophus ferrumequinum,0.022,0.022,-1,Echolocation,/mnt/ubna_data_02_mir/recover-20221013/UBNA_001/20221012_030000.WAV,Telephone Field,recover-20221013,001,1795
120.0295,120.0411,22890,27337,Nyctalus leisleri,0.012,0.022,-1,Echolocation,/mnt/ubna_data_02_mir/recover-20221013/UBNA_001/20221012_030000.WAV,Telephone Field,recover-20221013,001,1795
120.0815,120.0887,24609,33790,Plecotus austriacus,0.007,0.022,-1,Echolocation,/mnt/ubna_data_02_mir/recover-20221013/UBNA_001/20221012_030000.WAV,Telephone Field,recover-20221013,001,1795
120.0925,120.1335,68437,81416,Rhinolophus ferrumequinum,0.025,0.025,-1,Echolocation,/mnt/ubna_data_02_mir/recover-20221013/UBNA_001/20221012_030000.WAV,Telephone Field,recover-20221013,001,1795
120.1635,120.1971,68437,80854,Rhinolophus ferrumequinum,0.02,0.02,-1,Echolocation,/mnt/ubna_data_02_mir/recover-20221013/UBNA_001/20221012_030000.WAV,Telephone Field,recover-20221013,001,1795
120.1875,120.2057,20312,23582,Nyctalus leisleri,0.021,0.037,-1,Echolocation,/mnt/ubna_data_02_mir/recover-20221013/UBNA_001/20221012_030000.WAV,Telephone Field,recover-20221013,001,1795
120.2355,120.245,23750,31021,Nyctalus leisleri,0.008,0.025,-1,Echolocation,/mnt/ubna_data_02_mir/recover-20221013/UBNA_001/20221012_030000.WAV,Telephone Field,recover-20221013,001,1795
120.2755,120.2862,27187,34319,Eptesicus serotinus,0.011,0.022,-1,Echolocation,/mnt/ubna_data_02_mir/recover-20221013/UBNA_001/20221012_030000.WAV,Telephone Field,recover-20221013,001,1795
120.2915,120.33,68437,81500,Rhinolophus ferrumequinum,0.028,0.028,-1,Echolocation,/mnt/ubna_data_02_mir/recover-20221013/UBNA_001/20221012_030000.WAV,Telephone Field,recover-20221013,001,1795
120.3195,120.3578,68437,82561,Rhinolophus ferrumequinum,0.03,0.03,-1,Echolocation,/mnt/ubna_data_02_mir/recover-20221013/UBNA_001/20221012_030000.WAV,Telephone Field,recover-20221013,001,1795
120.3205,120.3333,23750,29731,Nyctalus leisleri,0.013,0.031,-1,Echolocation,/mnt/ubna_data_02_mir/recover-20221013/UBNA_001/20221012_030000.WAV,Telephone Field,recover-20221013,001,1795
120.3275,120.3664,68437,82278,Rhinolophus ferrumequinum,0.022,0.022,-1,Echolocation,/mnt/ubna_data_02_mir/recover-20221013/UBNA_001/20221012_030000.WAV,Telephone Field,recover-20221013,001,1795
120.3625,120.3714,28046,40206,Eptesicus serotinus,0.008,0.021,-1,Echolocation,/mnt/ubna_data_02_mir/recover-20221013/UBNA_001/20221012_030000.WAV,Telephone Field,recover-20221013,001,1795
120.3755,120.3841,28906,38812,Eptesicus serotinus,0.008,0.022,-1,Echolocation,/mnt/ubna_data_02_mir/recover-20221013/UBNA_001/20221012_030000.WAV,Telephone Field,recover-20221013,001,1795
120.4175,120.4254,25468,34725,Eptesicus serotinus,0.008,0.024,-1,Echolocation,/mnt/ubna_data_02_mir/recover-20221013/UBNA_001/20221012_030000.WAV,Telephone Field,recover-20221013,001,1795
120.4395,120.4764,68437,81800,Rhinolophus ferrumequinum,0.022,0.022,-1,Echolocation,/mnt/ubna_data_02_mir/recover-20221013/UBNA_001/20221012_030000.WAV,Telephone Field,recover-20221013,001,1795
120.4465,120.4544,27187,38585,Eptesicus serotinus,0.007,0.023,-1,Echolocation,/mnt/ubna_data_02_mir/recover-20221013/UBNA_001/20221012_030000.WAV,Telephone Field,recover-20221013,001,1795
120.4895,120.5295,68437,82280,Rhinolophus ferrumequinum,0.023,0.023,-1,Echolocation,/mnt/ubna_data_02_mir/recover-20221013/UBNA_001/20221012_030000.WAV,Telephone Field,recover-20221013,001,1795
120.4915,120.5021,28906,36329,Eptesicus serotinus,0.015,0.03,-1,Echolocation,/mnt/ubna_data_02_mir/recover-20221013/UBNA_001/20221012_030000.WAV,Telephone Field,recover-20221013,001,1795
120.5175,120.5585,68437,82465,Rhinolophus ferrumequinum,0.028,0.028,-1,Echolocation,/mnt/ubna_data_02_mir/recover-20221013/UBNA_001/20221012_030000.WAV,Telephone Field,recover-20221013,001,1795
120.5355,120.5463,43515,47802,Pipistrellus pipistrellus,0.021,0.024,-1,Echolocation,/mnt/ubna_data_02_mir/recover-20221013/UBNA_001/20221012_030000.WAV,Telephone Field,recover-20221013,001,1795
120.5695,120.6083,68437,82104,Rhinolophus ferrumequinum,0.021,0.021,-1,Echolocation,/mnt/ubna_data_02_mir/recover-20221013/UBNA_001/20221012_030000.WAV,Telephone Field,recover-20221013,001,1795
120.5985,120.6353,68437,81280,Rhinolophus ferrumequinum,0.022,0.022,-1,Echolocation,/mnt/ubna_data_02_mir/recover-20221013/UBNA_001/20221012_030000.WAV,Telephone Field,recover-20221013,001,1795
120.6365,120.6553,19453,22167,Nyctalus leisleri,0.014,0.023,-1,Echolocation,/mnt/ubna_data_02_mir/recover-20221013/UBNA_001/20221012_030000.WAV,Telephone Field,recover-20221013,001,1795
120.6425,120.6809,68437,81981,Rhinolophus ferrumequinum,0.023,0.023,-1,Echolocation,/mnt/ubna_data_02_mir/recover-20221013/UBNA_001/20221012_030000.WAV,Telephone Field,recover-20221013,001,1795
120.6875,120.6966,28906,38159,Eptesicus serotinus,0.009,0.024,-1,Echolocation,/mnt/ubna_data_02_mir/recover-20221013/UBNA_001/20221012_030000.WAV,Telephone Field,recover-20221013,001,1795
120.6875,120.7283,68437,82515,Rhinolophus ferrumequinum,0.03,0.03,-1,Echolocation,/mnt/ubna_data_02_mir/recover-20221013/UBNA_001/20221012_030000.WAV,Telephone Field,recover-20221013,001,1795
120.6965,120.7049,28046,38530,Eptesicus serotinus,0.007,0.02,-1,Echolocation,/mnt/ubna_data_02_mir/recover-20221013/UBNA_001/20221012_030000.WAV,Telephone Field,recover-20221013,001,1795
120.7035,120.7393,68437,81634,Rhinolophus ferrumequinum,0.023,0.024,-1,Echolocation,/mnt/ubna_data_02_mir/recover-20221013/UBNA_001/20221012_030000.WAV,Telephone Field,recover-20221013,001,1795
120.7315,120.7651,68437,81178,Rhinolophus ferrumequinum,0.022,0.022,-1,Echolocation,/mnt/ubna_data_02_mir/recover-20221013/UBNA_001/20221012_030000.WAV,Telephone Field,recover-20221013,001,1795
120.7485,120.7565,28906,39208,Eptesicus serotinus,0.009,0.026,-1,Echolocation,/mnt/ubna_data_02_mir/recover-20221013/UBNA_001/20221012_030000.WAV,Telephone Field,recover-20221013,001,1795
120.7715,120.7824,28046,36313,Eptesicus serotinus,0.012,0.024,-1,Echolocation,/mnt/ubna_data_02_mir/recover-20221013/UBNA_001/20221012_030000.WAV,Telephone Field,recover-20221013,001,1795
120.7825,120.8241,68437,82750,Rhinolophus ferrumequinum,0.03,0.03,-1,Echolocation,/mnt/ubna_data_02_mir/recover-20221013/UBNA_001/20221012_030000.WAV,Telephone Field,recover-20221013,001,1795
120.8355,120.8716,68437,81820,Rhinolophus ferrumequinum,0.024,0.024,-1,Echolocation,/mnt/ubna_data_02_mir/recover-20221013/UBNA_001/20221012_030000.WAV,Telephone Field,recover-20221013,001,1795
120.8875,120.8973,23750,29695,Nyctalus leisleri,0.009,0.024,-1,Echolocation,/mnt/ubna_data_02_mir/recover-20221013/UBNA_001/20221012_030000.WAV,Telephone Field,recover-20221013,001,1795
120.9105,120.9203,28906,37122,Eptesicus serotinus,0.01,0.025,-1,Echolocation,/mnt/ubna_data_02_mir/recover-20221013/UBNA_001/20221012_030000.WAV,Telephone Field,recover-20221013,001,1795
120.9375,120.9457,27187,40034,Eptesicus serotinus,0.008,0.023,-1,Echolocation,/mnt/ubna_data_02_mir/recover-20221013/UBNA_001/20221012_030000.WAV,Telephone Field,recover-20221013,001,1795
120.9675,121.0059,68437,82567,Rhinolophus ferrumequinum,0.022,0.022,-1,Echolocation,/mnt/ubna_data_02_mir/recover-20221013/UBNA_001/20221012_030000.WAV,Telephone Field,recover-20221013,001,1795
120.9795,121.0184,68437,82127,Rhinolophus ferrumequinum,0.02,0.02,-1,Echolocation,/mnt/ubna_data_02_mir/recover-20221013/UBNA_001/20221012_030000.WAV,Telephone Field,recover-20221013,001,1795
120.9865,120.9973,22890,27090,Nyctalus leisleri,0.012,0.021,-1,Echolocation,/mnt/ubna_data_02_mir/recover-20221013/UBNA_001/20221012_030000.WAV,Telephone Field,recover-20221013,001,1795
121.0075,121.0166,28906,36039,Eptesicus serotinus,0.008,0.021,-1,Echolocation,/mnt/ubna_data_02_mir/recover-20221013/UBNA_001/20221012_030000.WAV,Telephone Field,recover-20221013,001,1795
121.0205,121.06,68437,81416,Rhinolophus ferrumequinum,0.021,0.021,-1,Echolocation,/mnt/ubna_data_02_mir/recover-20221013/UBNA_001/20221012_030000.WAV,Telephone Field,recover-20221013,001,1795
121.0315,121.0689,68437,81648,Rhinolophus ferrumequinum,0.021,0.021,-1,Echolocation,/mnt/ubna_data_02_mir/recover-20221013/UBNA_001/20221012_030000.WAV,Telephone Field,recover-20221013,001,1795
121.0445,121.0553,28046,37446,Eptesicus serotinus,0.013,0.027,-1,Echolocation,/mnt/ubna_data_02_mir/recover-20221013/UBNA_001/20221012_030000.WAV,Telephone Field,recover-20221013,001,1795
121.0675,121.1078,68437,82357,Rhinolophus ferrumequinum,0.029,0.029,-1,Echolocation,/mnt/ubna_data_02_mir/recover-20221013/UBNA_001/20221012_030000.WAV,Telephone Field,recover-20221013,001,1795
121.0925,121.1319,68437,82043,Rhinolophus ferrumequinum,0.025,0.025,-1,Echolocation,/mnt/ubna_data_02_mir/recover-20221013/UBNA_001/20221012_030000.WAV,Telephone Field,recover-20221013,001,1795
121.0935,121.1049,28046,34831,Eptesicus serotinus,0.015,0.029,-1,Echolocation,/mnt/ubna_data_02_mir/recover-20221013/UBNA_001/20221012_030000.WAV,Telephone Field,recover-20221013,001,1795
121.1125,121.1513,68437,82023,Rhinolophus ferrumequinum,0.02,0.02,-1,Echolocation,/mnt/ubna_data_02_mir/recover-20221013/UBNA_001/20221012_030000.WAV,Telephone Field,recover-20221013,001,1795
121.1275,121.1649,68437,81408,Rhinolophus ferrumequinum,0.021,0.021,-1,Echolocation,/mnt/ubna_data_02_mir/recover-20221013/UBNA_001/20221012_030000.WAV,Telephone Field,recover-20221013,001,1795
121.1545,121.1936,68437,81845,Rhinolophus ferrumequinum,0.021,0.021,-1,Echolocation,/mnt/ubna_data_02_mir/recover-20221013/UBNA_001/20221012_030000.WAV,Telephone Field,recover-20221013,001,1795
121.1895,121.1989,28046,38981,Eptesicus serotinus,0.009,0.02,-1,Echolocation,/mnt/ubna_data_02_mir/recover-20221013/UBNA_001/20221012_030000.WAV,Telephone Field,recover-20221013,001,1795
121.1975,121.2061,28046,39128,Eptesicus serotinus,0.007,0.021,-1,Echolocation,/mnt/ubna_data_02_mir/recover-20221013/UBNA_001/20221012_030000.WAV,Telephone Field,recover-20221013,001,1795
121.2065,121.2474,68437,82806,Rhinolophus ferrumequinum,0.027,0.027,-1,Echolocation,/mnt/ubna_data_02_mir/recover-20221013/UBNA_001/20221012_030000.WAV,Telephone Field,recover-20221013,001,1795
121.2145,121.2268,23750,29425,Nyctalus leisleri,0.01,0.023,-1,Echolocation,/mnt/ubna_data_02_mir/recover-20221013/UBNA_001/20221012_030000.WAV,Telephone Field,recover-20221013,001,1795
121.2305,121.2671,68437,81916,Rhinolophus ferrumequinum,0.021,0.021,-1,Echolocation,/mnt/ubna_data_02_mir/recover-20221013/UBNA_001/20221012_030000.WAV,Telephone Field,recover-20221013,001,1795
121.2765,121.3147,68437,81570,Rhinolophus ferrumequinum,0.021,0.021,-1,Echolocation,/mnt/ubna_data_02_mir/recover-20221013/UBNA_001/20221012_030000.WAV,Telephone Field,recover-20221013,001,1795
121.3025,121.3162,22031,26105,Nyctalus leisleri,0.018,0.032,-1,Echolocation,/mnt/ubna_data_02_mir/recover-20221013/UBNA_001/20221012_030000.WAV,Telephone Field,recover-20221013,001,1795
121.3265,121.3353,28046,38883,Eptesicus serotinus,0.009,0.024,-1,Echolocation,/mnt/ubna_data_02_mir/recover-20221013/UBNA_001/20221012_030000.WAV,Telephone Field,recover-20221013,001,1795
121.3275,121.3681,68437,82822,Rhinolophus ferrumequinum,0.023,0.023,-1,Echolocation,/mnt/ubna_data_02_mir/recover-20221013/UBNA_001/20221012_030000.WAV,Telephone Field,recover-20221013,001,1795
121.3315,121.3408,23750,30902,Nyctalus leisleri,0.008,0.023,-1,Echolocation,/mnt/ubna_data_02_mir/recover-20221013/UBNA_001/20221012_030000.WAV,Telephone Field,recover-20221013,001,1795
121.3475,121.3615,24609,29867,Nyctalus leisleri,0.023,0.053,-1,Echolocation,/mnt/ubna_data_02_mir/recover-20221013/UBNA_001/20221012_030000.WAV,Telephone Field,recover-20221013,001,1795
121.3715,121.3794,27187,38497,Eptesicus serotinus,0.007,0.023,-1,Echolocation,/mnt/ubna_data_02_mir/recover-20221013/UBNA_001/20221012_030000.WAV,Telephone Field,recover-20221013,001,1795
121.3745,121.4128,68437,82083,Rhinolophus ferrumequinum,0.024,0.024,-1,Echolocation,/mnt/ubna_data_02_mir/recover-20221013/UBNA_001/20221012_030000.WAV,Telephone Field,recover-20221013,001,1795
121.3965,121.4344,68437,82098,Rhinolophus ferrumequinum,0.021,0.021,-1,Echolocation,/mnt/ubna_data_02_mir/recover-20221013/UBNA_001/20221012_030000.WAV,Telephone Field,recover-20221013,001,1795
121.4045,121.4129,28046,38682,Eptesicus serotinus,0.008,0.021,-1,Echolocation,/mnt/ubna_data_02_mir/recover-20221013/UBNA_001/20221012_030000.WAV,Telephone Field,recover-20221013,001,1795
121.4155,121.4537,68437,82296,Rhinolophus ferrumequinum,0.021,0.021,-1,Echolocation,/mnt/ubna_data_02_mir/recover-20221013/UBNA_001/20221012_030000.WAV,Telephone Field,recover-20221013,001,1795
121.4525,121.4919,68437,82317,Rhinolophus ferrumequinum,0.024,0.024,-1,Echolocation,/mnt/ubna_data_02_mir/recover-20221013/UBNA_001/20221012_030000.WAV,Telephone Field,recover-20221013,001,1795
121.4575,121.4657,28046,37454,Eptesicus serotinus,0.007,0.021,-1,Echolocation,/mnt/ubna_data_02_mir/recover-20221013/UBNA_001/20221012_030000.WAV,Telephone Field,recover-20221013,001,1795
121.4875,121.4959,50390,57159,Pipistrellus pipistrellus,0.018,0.02,-1,Echolocation,/mnt/ubna_data_02_mir/recover-20221013/UBNA_001/20221012_030000.WAV,Telephone Field,recover-20221013,001,1795
121.4885,121.4981,25468,35282,Eptesicus serotinus,0.009,0.021,-1,Echolocation,/mnt/ubna_data_02_mir/recover-20221013/UBNA_001/20221012_030000.WAV,Telephone Field,recover-20221013,001,1795
121.4975,121.5083,27187,34818,Eptesicus serotinus,0.012,0.024,-1,Echolocation,/mnt/ubna_data_02_mir/recover-20221013/UBNA_001/20221012_030000.WAV,Telephone Field,recover-20221013,001,1795
121.5175,121.528,23750,30706,Nyctalus leisleri,0.009,0.026,-1,Echolocation,/mnt/ubna_data_02_mir/recover-20221013/UBNA_001/20221012_030000.WAV,Telephone Field,recover-20221013,001,1795
121.5225,121.5302,28906,39407,Eptesicus serotinus,0.008,0.028,-1,Echolocation,/mnt/ubna_data_02_mir/recover-20221013/UBNA_001/20221012_030000.WAV,Telephone Field,recover-20221013,001,1795
121.5495,121.58539999999999,68437,81599,Rhinolophus ferrumequinum,0.021,0.021,-1,Echolocation,/mnt/ubna_data_02_mir/recover-20221013/UBNA_001/20221012_030000.WAV,Telephone Field,recover-20221013,001,1795
121.5775,121.5851,33203,41395,Myotis daubentonii,0.009,0.021,-1,Echolocation,/mnt/ubna_data_02_mir/recover-20221013/UBNA_001/20221012_030000.WAV,Telephone Field,recover-20221013,001,1795
121.5975,121.6354,68437,81635,Rhinolophus ferrumequinum,0.02,0.02,-1,Echolocation,/mnt/ubna_data_02_mir/recover-20221013/UBNA_001/20221012_030000.WAV,Telephone Field,recover-20221013,001,1795
121.6075,121.6137,28906,40883,Myotis daubentonii,0.009,0.036,-1,Echolocation,/mnt/ubna_data_02_mir/recover-20221013/UBNA_001/20221012_030000.WAV,Telephone Field,recover-20221013,001,1795
121.6255,121.6622,68437,82374,Rhinolophus ferrumequinum,0.023,0.023,-1,Echolocation,/mnt/ubna_data_02_mir/recover-20221013/UBNA_001/20221012_030000.WAV,Telephone Field,recover-20221013,001,1795
121.6325,121.6398,25468,34221,Eptesicus serotinus,0.006,0.021,-1,Echolocation,/mnt/ubna_data_02_mir/recover-20221013/UBNA_001/20221012_030000.WAV,Telephone Field,recover-20221013,001,1795
121.6765,121.6848,26328,35062,Eptesicus serotinus,0.009,0.024,-1,Echolocation,/mnt/ubna_data_02_mir/recover-20221013/UBNA_001/20221012_030000.WAV,Telephone Field,recover-20221013,001,1795
121.6965,121.7397,68437,82476,Rhinolophus ferrumequinum,0.029,0.029,-1,Echolocation,/mnt/ubna_data_02_mir/recover-20221013/UBNA_001/20221012_030000.WAV,Telephone Field,recover-20221013,001,1795
121.7195,121.7542,68437,82054,Rhinolophus ferrumequinum,0.024,0.024,-1,Echolocation,/mnt/ubna_data_02_mir/recover-20221013/UBNA_001/20221012_030000.WAV,Telephone Field,recover-20221013,001,1795
121.7285,121.7678,68437,82297,Rhinolophus ferrumequinum,0.023,0.023,-1,Echolocation,/mnt/ubna_data_02_mir/recover-20221013/UBNA_001/20221012_030000.WAV,Telephone Field,recover-20221013,001,1795
121.7355,121.7746,68437,82356,Rhinolophus ferrumequinum,0.022,0.022,-1,Echolocation,/mnt/ubna_data_02_mir/recover-20221013/UBNA_001/20221012_030000.WAV,Telephone Field,recover-20221013,001,1795
121.7605,121.771,24609,31439,Nyctalus leisleri,0.01,0.026,-1,Echolocation,/mnt/ubna_data_02_mir/recover-20221013/UBNA_001/20221012_030000.WAV,Telephone Field,recover-20221013,001,1795
121.7735,121.8108,68437,82160,Rhinolophus ferrumequinum,0.022,0.022,-1,Echolocation,/mnt/ubna_data_02_mir/recover-20221013/UBNA_001/20221012_030000.WAV,Telephone Field,recover-20221013,001,1795
121.7935,121.8375,68437,83434,Rhinolophus ferrumequinum,0.041,0.041,-1,Echolocation,/mnt/ubna_data_02_mir/recover-20221013/UBNA_001/20221012_030000.WAV,Telephone Field,recover-20221013,001,1795
121.8285,121.8382,28906,36896,Eptesicus serotinus,0.008,0.021,-1,Echolocation,/mnt/ubna_data_02_mir/recover-20221013/UBNA_001/20221012_030000.WAV,Telephone Field,recover-20221013,001,1795
121.8355,121.875,68437,82210,Rhinolophus ferrumequinum,0.021,0.021,-1,Echolocation,/mnt/ubna_data_02_mir/recover-20221013/UBNA_001/20221012_030000.WAV,Telephone Field,recover-20221013,001,1795
121.8475,121.8561,28046,39180,Eptesicus serotinus,0.009,0.021,-1,Echolocation,/mnt/ubna_data_02_mir/recover-20221013/UBNA_001/20221012_030000.WAV,Telephone Field,recover-20221013,001,1795
121.8555,121.8667,26328,33243,Eptesicus serotinus,0.011,0.026,-1,Echolocation,/mnt/ubna_data_02_mir/recover-20221013/UBNA_001/20221012_030000.WAV,Telephone Field,recover-20221013,001,1795
121.8665,121.8754,28046,38672,Eptesicus serotinus,0.008,0.021,-1,Echolocation,/mnt/ubna_data_02_mir/recover-20221013/UBNA_001/20221012_030000.WAV,Telephone Field,recover-20221013,001,1795
121.8755,121.8844,23750,30364,Nyctalus leisleri,0.007,0.021,-1,Echolocation,/mnt/ubna_data_02_mir/recover-20221013/UBNA_001/20221012_030000.WAV,Telephone Field,recover-20221013,001,1795
121.8905,121.9323,68437,82830,Rhinolophus ferrumequinum,0.025,0.025,-1,Echolocation,/mnt/ubna_data_02_mir/recover-20221013/UBNA_001/20221012_030000.WAV,Telephone Field,recover-20221013,001,1795
121.9125,121.9227,25468,32326,Eptesicus serotinus,0.022,0.05,-1,Echolocation,/mnt/ubna_data_02_mir/recover-20221013/UBNA_001/20221012_030000.WAV,Telephone Field,recover-20221013,001,1795
121.9155,121.9561,68437,82483,Rhinolophus ferrumequinum,0.021,0.021,-1,Echolocation,/mnt/ubna_data_02_mir/recover-20221013/UBNA_001/20221012_030000.WAV,Telephone Field,recover-20221013,001,1795
121.9205,121.9324,47812,52446,Pipistrellus pipistrellus,0.031,0.035,-1,Echolocation,/mnt/ubna_data_02_mir/recover-20221013/UBNA_001/20221012_030000.WAV,Telephone Field,recover-20221013,001,1795
121.9455,121.9816,68437,81196,Rhinolophus ferrumequinum,0.021,0.022,-1,Echolocation,/mnt/ubna_data_02_mir/recover-20221013/UBNA_001/20221012_030000.WAV,Telephone Field,recover-20221013,001,1795
121.9835,121.9948,22890,28018,Nyctalus leisleri,0.014,0.027,-1,Echolocation,/mnt/ubna_data_02_mir/recover-20221013/UBNA_001/20221012_030000.WAV,Telephone Field,recover-20221013,001,1795
121.9855,121.9958,49531,54920,Pipistrellus pipistrellus,0.018,0.021,-1,Echolocation,/mnt/ubna_data_02_mir/recover-20221013/UBNA_001/20221012_030000.WAV,Telephone Field,recover-20221013,001,1795
122.0015,122.0356,68437,79879,Rhinolophus ferrumequinum,0.047,0.048,-1,Echolocation,/mnt/ubna_data_02_mir/recover-20221013/UBNA_001/20221012_030000.WAV,Telephone Field,recover-20221013,001,1795
122.0015,122.0125,21171,25881,Nyctalus leisleri,0.011,0.023,-1,Echolocation,/mnt/ubna_data_02_mir/recover-20221013/UBNA_001/20221012_030000.WAV,Telephone Field,recover-20221013,001,1795
122.0015,122.0102,26328,36022,Nyctalus leisleri,0.006,0.023,-1,Echolocation,/mnt/ubna_data_02_mir/recover-20221013/UBNA_001/20221012_030000.WAV,Telephone Field,recover-20221013,001,1795
122.0145,122.0233,28046,37734,Eptesicus serotinus,0.008,0.021,-1,Echolocation,/mnt/ubna_data_02_mir/recover-20221013/UBNA_001/20221012_030000.WAV,Telephone Field,recover-20221013,001,1795
122.0335,122.0736,68437,82598,Rhinolophus ferrumequinum,0.023,0.023,-1,Echolocation,/mnt/ubna_data_02_mir/recover-20221013/UBNA_001/20221012_030000.WAV,Telephone Field,recover-20221013,001,1795
122.0405,122.051,22890,29107,Nyctalus leisleri,0.012,0.03,-1,Echolocation,/mnt/ubna_data_02_mir/recover-20221013/UBNA_001/20221012_030000.WAV,Telephone Field,recover-20221013,001,1795
122.0485,122.0874,68437,82181,Rhinolophus ferrumequinum,0.025,0.025,-1,Echolocation,/mnt/ubna_data_02_mir/recover-20221013/UBNA_001/20221012_030000.WAV,Telephone Field,recover-20221013,001,1795
122.0775,122.0845,50390,55165,Pipistrellus pipistrellus,0.021,0.024,-1,Echolocation,/mnt/ubna_data_02_mir/recover-20221013/UBNA_001/20221012_030000.WAV,Telephone Field,recover-20221013,001,1795
122.12049999999999,122.12950000000001,45234,48412,Pipistrellus pipistrellus,0.021,0.022,-1,Echolocation,/mnt/ubna_data_02_mir/recover-20221013/UBNA_001/20221012_030000.WAV,Telephone Field,recover-20221013,001,1795
122.1845,122.228,68437,82656,Rhinolophus ferrumequinum,0.027,0.027,-1,Echolocation,/mnt/ubna_data_02_mir/recover-20221013/UBNA_001/20221012_030000.WAV,Telephone Field,recover-20221013,001,1795
122.1875,122.1951,28906,40823,Eptesicus serotinus,0.006,0.021,-1,Echolocation,/mnt/ubna_data_02_mir/recover-20221013/UBNA_001/20221012_030000.WAV,Telephone Field,recover-20221013,001,1795
122.2165,122.2267,23750,30700,Nyctalus leisleri,0.01,0.03,-1,Echolocation,/mnt/ubna_data_02_mir/recover-20221013/UBNA_001/20221012_030000.WAV,Telephone Field,recover-20221013,001,1795
122.25450000000001,122.2985,68437,83718,Rhinolophus ferrumequinum,0.054,0.054,-1,Echolocation,/mnt/ubna_data_02_mir/recover-20221013/UBNA_001/20221012_030000.WAV,Telephone Field,recover-20221013,001,1795
122.2875,122.3258,68437,82628,Rhinolophus ferrumequinum,0.023,0.023,-1,Echolocation,/mnt/ubna_data_02_mir/recover-20221013/UBNA_001/20221012_030000.WAV,Telephone Field,recover-20221013,001,1795
122.3065,122.3181,23750,27978,Nyctalus leisleri,0.017,0.03,-1,Echolocation,/mnt/ubna_data_02_mir/recover-20221013/UBNA_001/20221012_030000.WAV,Telephone Field,recover-20221013,001,1795
122.3385,122.3762,68437,82401,Rhinolophus ferrumequinum,0.022,0.022,-1,Echolocation,/mnt/ubna_data_02_mir/recover-20221013/UBNA_001/20221012_030000.WAV,Telephone Field,recover-20221013,001,1795
122.3475,122.3883,68437,82756,Rhinolophus ferrumequinum,0.024,0.024,-1,Echolocation,/mnt/ubna_data_02_mir/recover-20221013/UBNA_001/20221012_030000.WAV,Telephone Field,recover-20221013,001,1795
122.3555,122.364,27187,36062,Eptesicus serotinus,0.017,0.035,-1,Echolocation,/mnt/ubna_data_02_mir/recover-20221013/UBNA_001/20221012_030000.WAV,Telephone Field,recover-20221013,001,1795
122.3685,122.3792,23750,29776,Nyctalus leisleri,0.009,0.022,-1,Echolocation,/mnt/ubna_data_02_mir/recover-20221013/UBNA_001/20221012_030000.WAV,Telephone Field,recover-20221013,001,1795
122.4175,122.4542,68437,81707,Rhinolophus ferrumequinum,0.022,0.022,-1,Echolocation,/mnt/ubna_data_02_mir/recover-20221013/UBNA_001/20221012_030000.WAV,Telephone Field,recover-20221013,001,1795
122.4705,122.5129,68437,82665,Rhinolophus ferrumequinum,0.029,0.029,-1,Echolocation,/mnt/ubna_data_02_mir/recover-20221013/UBNA_001/20221012_030000.WAV,Telephone Field,recover-20221013,001,1795
122.5085,122.5452,68437,82134,Rhinolophus ferrumequinum,0.023,0.023,-1,Echolocation,/mnt/ubna_data_02_mir/recover-20221013/UBNA_001/20221012_030000.WAV,Telephone Field,recover-20221013,001,1795
122.5205,122.562,68437,82951,Rhinolophus ferrumequinum,0.025,0.025,-1,Echolocation,/mnt/ubna_data_02_mir/recover-20221013/UBNA_001/20221012_030000.WAV,Telephone Field,recover-20221013,001,1795
122.5845,122.6217,68437,82342,Rhinolophus ferrumequinum,0.022,0.022,-1,Echolocation,/mnt/ubna_data_02_mir/recover-20221013/UBNA_001/20221012_030000.WAV,Telephone Field,recover-20221013,001,1795
122.5945,122.6036,22031,28354,Plecotus austriacus,0.009,0.023,-1,Echolocation,/mnt/ubna_data_02_mir/recover-20221013/UBNA_001/20221012_030000.WAV,Telephone Field,recover-20221013,001,1795
122.6075,122.6472,68437,81813,Rhinolophus ferrumequinum,0.021,0.021,-1,Echolocation,/mnt/ubna_data_02_mir/recover-20221013/UBNA_001/20221012_030000.WAV,Telephone Field,recover-20221013,001,1795
122.62950000000001,122.6407,23750,28647,Nyctalus leisleri,0.014,0.026,-1,Echolocation,/mnt/ubna_data_02_mir/recover-20221013/UBNA_001/20221012_030000.WAV,Telephone Field,recover-20221013,001,1795
122.7535,122.7908,68437,81426,Rhinolophus ferrumequinum,0.021,0.022,-1,Echolocation,/mnt/ubna_data_02_mir/recover-20221013/UBNA_001/20221012_030000.WAV,Telephone Field,recover-20221013,001,1795
122.7715,122.7796,28906,36769,Eptesicus serotinus,0.012,0.028,-1,Echolocation,/mnt/ubna_data_02_mir/recover-20221013/UBNA_001/20221012_030000.WAV,Telephone Field,recover-20221013,001,1795
122.7895,122.7961,33203,45912,Myotis daubentonii,0.008,0.022,-1,Echolocation,/mnt/ubna_data_02_mir/recover-20221013/UBNA_001/20221012_030000.WAV,Telephone Field,recover-20221013,001,1795
122.8005,122.83840000000001,68437,81975,Rhinolophus ferrumequinum,0.021,0.021,-1,Echolocation,/mnt/ubna_data_02_mir/recover-20221013/UBNA_001/20221012_030000.WAV,Telephone Field,recover-20221013,001,1795
122.8425,122.8517,27187,37661,Eptesicus serotinus,0.008,0.022,-1,Echolocation,/mnt/ubna_data_02_mir/recover-20221013/UBNA_001/20221012_030000.WAV,Telephone Field,recover-20221013,001,1795
122.8555,122.8654,28906,37269,Eptesicus serotinus,0.009,0.022,-1,Echolocation,/mnt/ubna_data_02_mir/recover-20221013/UBNA_001/20221012_030000.WAV,Telephone Field,recover-20221013,001,1795
122.8585,122.896,68437,81374,Rhinolophus ferrumequinum,0.022,0.022,-1,Echolocation,/mnt/ubna_data_02_mir/recover-20221013/UBNA_001/20221012_030000.WAV,Telephone Field,recover-20221013,001,1795
122.8655,122.9025,68437,81878,Rhinolophus ferrumequinum,0.021,0.021,-1,Echolocation,/mnt/ubna_data_02_mir/recover-20221013/UBNA_001/20221012_030000.WAV,Telephone Field,recover-20221013,001,1795
122.8725,122.8866,28906,34312,Eptesicus serotinus,0.023,0.049,-1,Echolocation,/mnt/ubna_data_02_mir/recover-20221013/UBNA_001/20221012_030000.WAV,Telephone Field,recover-20221013,001,1795
122.9175,122.9512,68437,80982,Rhinolophus ferrumequinum,0.028,0.028,-1,Echolocation,/mnt/ubna_data_02_mir/recover-20221013/UBNA_001/20221012_030000.WAV,Telephone Field,recover-20221013,001,1795
122.9465,122.9886,68437,83291,Rhinolophus ferrumequinum,0.043,0.043,-1,Echolocation,/mnt/ubna_data_02_mir/recover-20221013/UBNA_001/20221012_030000.WAV,Telephone Field,recover-20221013,001,1795
122.9815,122.9913,27187,33965,Eptesicus serotinus,0.013,0.03,-1,Echolocation,/mnt/ubna_data_02_mir/recover-20221013/UBNA_001/20221012_030000.WAV,Telephone Field,recover-20221013,001,1795
122.9875,123.022,68437,81279,Rhinolophus ferrumequinum,0.028,0.028,-1,Echolocation,/mnt/ubna_data_02_mir/recover-20221013/UBNA_001/20221012_030000.WAV,Telephone Field,recover-20221013,001,1795
123.0125,123.045,68437,81334,Rhinolophus ferrumequinum,0.022,0.022,-1,Echolocation,/mnt/ubna_data_02_mir/recover-20221013/UBNA_001/20221012_030000.WAV,Telephone Field,recover-20221013,001,1795
123.0405,123.0478,51250,58768,Pipistrellus pipistrellus,0.019,0.023,-1,Echolocation,/mnt/ubna_data_02_mir/recover-20221013/UBNA_001/20221012_030000.WAV,Telephone Field,recover-20221013,001,1795
123.0435,123.05,28046,41618,Eptesicus serotinus,0.006,0.023,-1,Echolocation,/mnt/ubna_data_02_mir/recover-20221013/UBNA_001/20221012_030000.WAV,Telephone Field,recover-20221013,001,1795
123.0725,123.1106,68437,81723,Rhinolophus ferrumequinum,0.027,0.027,-1,Echolocation,/mnt/ubna_data_02_mir/recover-20221013/UBNA_001/20221012_030000.WAV,Telephone Field,recover-20221013,001,1795
123.0745,123.0864,41796,47830,Pipistrellus pipistrellus,0.009,0.022,-1,Echolocation,/mnt/ubna_data_02_mir/recover-20221013/UBNA_001/20221012_030000.WAV,Telephone Field,recover-20221013,001,1795
123.0995,123.1078,28046,39413,Eptesicus serotinus,0.009,0.025,-1,Echolocation,/mnt/ubna_data_02_mir/recover-20221013/UBNA_001/20221012_030000.WAV,Telephone Field,recover-20221013,001,1795
123.1745,123.2069,68437,81011,Rhinolophus ferrumequinum,0.023,0.023,-1,Echolocation,/mnt/ubna_data_02_mir/recover-20221013/UBNA_001/20221012_030000.WAV,Telephone Field,recover-20221013,001,1795
123.2145,123.2585,68437,83023,Rhinolophus ferrumequinum,0.022,0.022,-1,Echolocation,/mnt/ubna_data_02_mir/recover-20221013/UBNA_001/20221012_030000.WAV,Telephone Field,recover-20221013,001,1795
123.2145,123.2203,48671,57152,Pipistrellus pipistrellus,0.02,0.022,-1,Echolocation,/mnt/ubna_data_02_mir/recover-20221013/UBNA_001/20221012_030000.WAV,Telephone Field,recover-20221013,001,1795
123.2325,123.2735,68437,82269,Rhinolophus ferrumequinum,0.022,0.022,-1,Echolocation,/mnt/ubna_data_02_mir/recover-20221013/UBNA_001/20221012_030000.WAV,Telephone Field,recover-20221013,001,1795
123.2385,123.2784,68437,82375,Rhinolophus ferrumequinum,0.023,0.023,-1,Echolocation,/mnt/ubna_data_02_mir/recover-20221013/UBNA_001/20221012_030000.WAV,Telephone Field,recover-20221013,001,1795
123.2965,123.3349,68437,81841,Rhinolophus ferrumequinum,0.026,0.026,-1,Echolocation,/mnt/ubna_data_02_mir/recover-20221013/UBNA_001/20221012_030000.WAV,Telephone Field,recover-20221013,001,1795
123.3205,123.3642,68437,82353,Rhinolophus ferrumequinum,0.044,0.044,-1,Echolocation,/mnt/ubna_data_02_mir/recover-20221013/UBNA_001/20221012_030000.WAV,Telephone Field,recover-20221013,001,1795
123.3525,123.3918,68437,82482,Rhinolophus ferrumequinum,0.024,0.024,-1,Echolocation,/mnt/ubna_data_02_mir/recover-20221013/UBNA_001/20221012_030000.WAV,Telephone Field,recover-20221013,001,1795
123.3555,123.3634,29765,39407,Eptesicus serotinus,0.014,0.032,-1,Echolocation,/mnt/ubna_data_02_mir/recover-20221013/UBNA_001/20221012_030000.WAV,Telephone Field,recover-20221013,001,1795
123.3855,123.4224,68437,82218,Rhinolophus ferrumequinum,0.023,0.023,-1,Echolocation,/mnt/ubna_data_02_mir/recover-20221013/UBNA_001/20221012_030000.WAV,Telephone Field,recover-20221013,001,1795
123.3885,123.3965,37500,46429,Myotis daubentonii,0.007,0.022,-1,Echolocation,/mnt/ubna_data_02_mir/recover-20221013/UBNA_001/20221012_030000.WAV,Telephone Field,recover-20221013,001,1795
123.4235,123.4602,68437,81588,Rhinolophus ferrumequinum,0.024,0.024,-1,Echolocation,/mnt/ubna_data_02_mir/recover-20221013/UBNA_001/20221012_030000.WAV,Telephone Field,recover-20221013,001,1795
123.4425,123.4495,33203,42297,Barbastellus barbastellus,0.022,0.041,-1,Echolocation,/mnt/ubna_data_02_mir/recover-20221013/UBNA_001/20221012_030000.WAV,Telephone Field,recover-20221013,001,1795
123.4915,123.5287,68437,82147,Rhinolophus ferrumequinum,0.022,0.022,-1,Echolocation,/mnt/ubna_data_02_mir/recover-20221013/UBNA_001/20221012_030000.WAV,Telephone Field,recover-20221013,001,1795
123.5735,123.5818,28046,38764,Eptesicus serotinus,0.008,0.022,-1,Echolocation,/mnt/ubna_data_02_mir/recover-20221013/UBNA_001/20221012_030000.WAV,Telephone Field,recover-20221013,001,1795
123.6215,123.62950000000001,28046,40968,Eptesicus serotinus,0.009,0.026,-1,Echolocation,/mnt/ubna_data_02_mir/recover-20221013/UBNA_001/20221012_030000.WAV,Telephone Field,recover-20221013,001,1795
123.6515,123.6926,68437,82449,Rhinolophus ferrumequinum,0.027,0.027,-1,Echolocation,/mnt/ubna_data_02_mir/recover-20221013/UBNA_001/20221012_030000.WAV,Telephone Field,recover-20221013,001,1795
123.6555,123.6621,47812,54137,Pipistrellus pipistrellus,0.025,0.026,-1,Echolocation,/mnt/ubna_data_02_mir/recover-20221013/UBNA_001/20221012_030000.WAV,Telephone Field,recover-20221013,001,1795
123.6795,123.7166,68437,82136,Rhinolophus ferrumequinum,0.022,0.022,-1,Echolocation,/mnt/ubna_data_02_mir/recover-20221013/UBNA_001/20221012_030000.WAV,Telephone Field,recover-20221013,001,1795
123.7125,123.7218,24609,32076,Nyctalus leisleri,0.007,0.023,-1,Echolocation,/mnt/ubna_data_02_mir/recover-20221013/UBNA_001/20221012_030000.WAV,Telephone Field,recover-20221013,001,1795
123.7405,123.7768,68437,82132,Rhinolophus ferrumequinum,0.029,0.029,-1,Echolocation,/mnt/ubna_data_02_mir/recover-20221013/UBNA_001/20221012_030000.WAV,Telephone Field,recover-20221013,001,1795
123.7435,123.7553,22031,26666,Nyctalus leisleri,0.016,0.03,-1,Echolocation,/mnt/ubna_data_02_mir/recover-20221013/UBNA_001/20221012_030000.WAV,Telephone Field,recover-20221013,001,1795
123.7565,123.7981,68437,83078,Rhinolophus ferrumequinum,0.027,0.027,-1,Echolocation,/mnt/ubna_data_02_mir/recover-20221013/UBNA_001/20221012_030000.WAV,Telephone Field,recover-20221013,001,1795
123.7875,123.8266,68437,82273,Rhinolophus ferrumequinum,0.023,0.023,-1,Echolocation,/mnt/ubna_data_02_mir/recover-20221013/UBNA_001/20221012_030000.WAV,Telephone Field,recover-20221013,001,1795
123.8055,123.8135,15156,21574,Plecotus auritus,0.027,0.036,-1,Echolocation,/mnt/ubna_data_02_mir/recover-20221013/UBNA_001/20221012_030000.WAV,Telephone Field,recover-20221013,001,1795
123.8185,123.8254,27187,42479,Eptesicus serotinus,0.007,0.022,-1,Echolocation,/mnt/ubna_data_02_mir/recover-20221013/UBNA_001/20221012_030000.WAV,Telephone Field,recover-20221013,001,1795
123.9485,123.9871,68437,81879,Rhinolophus ferrumequinum,0.022,0.022,-1,Echolocation,/mnt/ubna_data_02_mir/recover-20221013/UBNA_001/20221012_030000.WAV,Telephone Field,recover-20221013,001,1795
123.9765,123.9868,24609,31058,Nyctalus leisleri,0.011,0.029,-1,Echolocation,/mnt/ubna_data_02_mir/recover-20221013/UBNA_001/20221012_030000.WAV,Telephone Field,recover-20221013,001,1795
124.0015,124.0101,24609,32697,Nyctalus leisleri,0.008,0.03,-1,Echolocation,/mnt/ubna_data_02_mir/recover-20221013/UBNA_001/20221012_030000.WAV,Telephone Field,recover-20221013,001,1795
124.0015,124.0361,68437,80310,Rhinolophus ferrumequinum,0.045,0.045,-1,Echolocation,/mnt/ubna_data_02_mir/recover-20221013/UBNA_001/20221012_030000.WAV,Telephone Field,recover-20221013,001,1795
124.0015,124.0143,19453,24691,Nyctalus leisleri,0.014,0.033,-1,Echolocation,/mnt/ubna_data_02_mir/recover-20221013/UBNA_001/20221012_030000.WAV,Telephone Field,recover-20221013,001,1795
124.0185,124.027,55546,60164,Pipistrellus pygmaeus,0.021,0.023,-1,Echolocation,/mnt/ubna_data_02_mir/recover-20221013/UBNA_001/20221012_030000.WAV,Telephone Field,recover-20221013,001,1795
124.0445,124.0848,68437,82358,Rhinolophus ferrumequinum,0.023,0.023,-1,Echolocation,/mnt/ubna_data_02_mir/recover-20221013/UBNA_001/20221012_030000.WAV,Telephone Field,recover-20221013,001,1795
124.1025,124.1381,68437,81120,Rhinolophus ferrumequinum,0.022,0.022,-1,Echolocation,/mnt/ubna_data_02_mir/recover-20221013/UBNA_001/20221012_030000.WAV,Telephone Field,recover-20221013,001,1795
124.1125,124.1499,68437,81538,Rhinolophus ferrumequinum,0.022,0.022,-1,Echolocation,/mnt/ubna_data_02_mir/recover-20221013/UBNA_001/20221012_030000.WAV,Telephone Field,recover-20221013,001,1795
124.12049999999999,124.1613,68437,82201,Rhinolophus ferrumequinum,0.025,0.025,-1,Echolocation,/mnt/ubna_data_02_mir/recover-20221013/UBNA_001/20221012_030000.WAV,Telephone Field,recover-20221013,001,1795
124.3455,124.3856,68437,82186,Rhinolophus ferrumequinum,0.024,0.024,-1,Echolocation,/mnt/ubna_data_02_mir/recover-20221013/UBNA_001/20221012_030000.WAV,Telephone Field,recover-20221013,001,1795
124.3715,124.4097,68437,82118,Rhinolophus ferrumequinum,0.022,0.022,-1,Echolocation,/mnt/ubna_data_02_mir/recover-20221013/UBNA_001/20221012_030000.WAV,Telephone Field,recover-20221013,001,1795
124.4095,124.4436,68437,80078,Rhinolophus ferrumequinum,0.023,0.023,-1,Echolocation,/mnt/ubna_data_02_mir/recover-20221013/UBNA_001/20221012_030000.WAV,Telephone Field,recover-20221013,001,1795
124.4535,124.4915,68437,82418,Rhinolophus ferrumequinum,0.024,0.025,-1,Echolocation,/mnt/ubna_data_02_mir/recover-20221013/UBNA_001/20221012_030000.WAV,Telephone Field,recover-20221013,001,1795
124.4795,124.485,29765,41443,Myotis daubentonii,0.027,0.054,-1,Echolocation,/mnt/ubna_data_02_mir/recover-20221013/UBNA_001/20221012_030000.WAV,Telephone Field,recover-20221013,001,1795
124.5115,124.5519,68437,81822,Rhinolophus ferrumequinum,0.022,0.022,-1,Echolocation,/mnt/ubna_data_02_mir/recover-20221013/UBNA_001/20221012_030000.WAV,Telephone Field,recover-20221013,001,1795
124.5155,124.5243,28046,38989,Eptesicus serotinus,0.009,0.024,-1,Echolocation,/mnt/ubna_data_02_mir/recover-20221013/UBNA_001/20221012_030000.WAV,Telephone Field,recover-20221013,001,1795
124.5525,124.5659,22890,27884,Nyctalus leisleri,0.015,0.03,-1,Echolocation,/mnt/ubna_data_02_mir/recover-20221013/UBNA_001/20221012_030000.WAV,Telephone Field,recover-20221013,001,1795
124.5635,124.6013,68437,81706,Rhinolophus ferrumequinum,0.024,0.024,-1,Echolocation,/mnt/ubna_data_02_mir/recover-20221013/UBNA_001/20221012_030000.WAV,Telephone Field,recover-20221013,001,1795
124.5955,124.6119,22031,25617,Nyctalus leisleri,0.012,0.022,-1,Echolocation,/mnt/ubna_data_02_mir/recover-20221013/UBNA_001/20221012_030000.WAV,Telephone Field,recover-20221013,001,1795
124.5995,124.6373,68437,82425,Rhinolophus ferrumequinum,0.023,0.023,-1,Echolocation,/mnt/ubna_data_02_mir/recover-20221013/UBNA_001/20221012_030000.WAV,Telephone Field,recover-20221013,001,1795
124.6035,124.6142,23750,29587,Nyctalus leisleri,0.011,0.025,-1,Echolocation,/mnt/ubna_data_02_mir/recover-20221013/UBNA_001/20221012_030000.WAV,Telephone Field,recover-20221013,001,1795
124.6675,124.7087,68437,82794,Rhinolophus ferrumequinum,0.025,0.025,-1,Echolocation,/mnt/ubna_data_02_mir/recover-20221013/UBNA_001/20221012_030000.WAV,Telephone Field,recover-20221013,001,1795
124.6835,124.6936,42656,45577,Pipistrellus pipistrellus,0.027,0.03,-1,Echolocation,/mnt/ubna_data_02_mir/recover-20221013/UBNA_001/20221012_030000.WAV,Telephone Field,recover-20221013,001,1795
124.6945,124.7068,24609,30779,Eptesicus serotinus,0.01,0.024,-1,Echolocation,/mnt/ubna_data_02_mir/recover-20221013/UBNA_001/20221012_030000.WAV,Telephone Field,recover-20221013,001,1795
124.7055,124.7142,27187,38103,Eptesicus serotinus,0.008,0.022,-1,Echolocation,/mnt/ubna_data_02_mir/recover-20221013/UBNA_001/20221012_030000.WAV,Telephone Field,recover-20221013,001,1795
124.7245,124.7305,34062,45311,Myotis daubentonii,0.011,0.024,-1,Echolocation,/mnt/ubna_data_02_mir/recover-20221013/UBNA_001/20221012_030000.WAV,Telephone Field,recover-20221013,001,1795
124.7265,124.7334,27187,41448,Eptesicus serotinus,0.006,0.023,-1,Echolocation,/mnt/ubna_data_02_mir/recover-20221013/UBNA_001/20221012_030000.WAV,Telephone Field,recover-20221013,001,1795
124.7475,124.7853,68437,81838,Rhinolophus ferrumequinum,0.023,0.023,-1,Echolocation,/mnt/ubna_data_02_mir/recover-20221013/UBNA_001/20221012_030000.WAV,Telephone Field,recover-20221013,001,1795
124.7645,124.8031,68437,82258,Rhinolophus ferrumequinum,0.023,0.023,-1,Echolocation,/mnt/ubna_data_02_mir/recover-20221013/UBNA_001/20221012_030000.WAV,Telephone Field,recover-20221013,001,1795
124.7645,124.7728,27187,37230,Eptesicus serotinus,0.011,0.027,-1,Echolocation,/mnt/ubna_data_02_mir/recover-20221013/UBNA_001/20221012_030000.WAV,Telephone Field,recover-20221013,001,1795
124.7925,124.8348,68437,83176,Rhinolophus ferrumequinum,0.025,0.025,-1,Echolocation,/mnt/ubna_data_02_mir/recover-20221013/UBNA_001/20221012_030000.WAV,Telephone Field,recover-20221013,001,1795
124.8045,124.8406,68437,82248,Rhinolophus ferrumequinum,0.022,0.022,-1,Echolocation,/mnt/ubna_data_02_mir/recover-20221013/UBNA_001/20221012_030000.WAV,Telephone Field,recover-20221013,001,1795
124.8165,124.8554,68437,82007,Rhinolophus ferrumequinum,0.022,0.022,-1,Echolocation,/mnt/ubna_data_02_mir/recover-20221013/UBNA_001/20221012_030000.WAV,Telephone Field,recover-20221013,001,1795
124.8205,124.8295,28046,37485,Eptesicus serotinus,0.008,0.022,-1,Echolocation,/mnt/ubna_data_02_mir/recover-20221013/UBNA_001/20221012_030000.WAV,Telephone Field,recover-20221013,001,1795
124.8285,124.868,68437,82461,Rhinolophus ferrumequinum,0.026,0.026,-1,Echolocation,/mnt/ubna_data_02_mir/recover-20221013/UBNA_001/20221012_030000.WAV,Telephone Field,recover-20221013,001,1795
124.8465,124.8544,27187,37301,Eptesicus serotinus,0.007,0.024,-1,Echolocation,/mnt/ubna_data_02_mir/recover-20221013/UBNA_001/20221012_030000.WAV,Telephone Field,recover-20221013,001,1795
124.8555,124.892,68437,81116,Rhinolophus ferrumequinum,0.022,0.022,-1,Echolocation,/mnt/ubna_data_02_mir/recover-20221013/UBNA_001/20221012_030000.WAV,Telephone Field,recover-20221013,001,1795
124.8985,124.9386,68437,82035,Rhinolophus ferrumequinum,0.024,0.024,-1,Echolocation,/mnt/ubna_data_02_mir/recover-20221013/UBNA_001/20221012_030000.WAV,Telephone Field,recover-20221013,001,1795
124.9055,124.912,27187,39873,Eptesicus serotinus,0.006,0.026,-1,Echolocation,/mnt/ubna_data_02_mir/recover-20221013/UBNA_001/20221012_030000.WAV,Telephone Field,recover-20221013,001,1795
124.9435,124.9547,22890,28464,Nyctalus leisleri,0.012,0.025,-1,Echolocation,/mnt/ubna_data_02_mir/recover-20221013/UBNA_001/20221012_030000.WAV,Telephone Field,recover-20221013,001,1795
124.9655,125.0019,68437,81415,Rhinolophus ferrumequinum,0.022,0.022,-1,Echolocation,/mnt/ubna_data_02_mir/recover-20221013/UBNA_001/20221012_030000.WAV,Telephone Field,recover-20221013,001,1795
124.9745,125.0123,68437,81978,Rhinolophus ferrumequinum,0.027,0.027,-1,Echolocation,/mnt/ubna_data_02_mir/recover-20221013/UBNA_001/20221012_030000.WAV,Telephone Field,recover-20221013,001,1795
124.9795,125.0151,68437,81988,Rhinolophus ferrumequinum,0.028,0.028,-1,Echolocation,/mnt/ubna_data_02_mir/recover-20221013/UBNA_001/20221012_030000.WAV,Telephone Field,recover-20221013,001,1795
125.0075,125.0484,68437,82953,Rhinolophus ferrumequinum,0.056,0.056,-1,Echolocation,/mnt/ubna_data_02_mir/recover-20221013/UBNA_001/20221012_030000.WAV,Telephone Field,recover-20221013,001,1795
125.0645,125.0727,27187,37267,Eptesicus serotinus,0.007,0.023,-1,Echolocation,/mnt/ubna_data_02_mir/recover-20221013/UBNA_001/20221012_030000.WAV,Telephone Field,recover-20221013,001,1795
125.0915,125.12950000000001,68437,82061,Rhinolophus ferrumequinum,0.024,0.024,-1,Echolocation,/mnt/ubna_data_02_mir/recover-20221013/UBNA_001/20221012_030000.WAV,Telephone Field,recover-20221013,001,1795
125.1325,125.1422,22031,27512,Nyctalus leisleri,0.009,0.023,-1,Echolocation,/mnt/ubna_data_02_mir/recover-20221013/UBNA_001/20221012_030000.WAV,Telephone Field,recover-20221013,001,1795
125.1525,125.187,68437,80625,Rhinolophus ferrumequinum,0.025,0.025,-1,Echolocation,/mnt/ubna_data_02_mir/recover-20221013/UBNA_001/20221012_030000.WAV,Telephone Field,recover-20221013,001,1795
125.1755,125.2135,68437,81548,Rhinolophus ferrumequinum,0.022,0.022,-1,Echolocation,/mnt/ubna_data_02_mir/recover-20221013/UBNA_001/20221012_030000.WAV,Telephone Field,recover-20221013,001,1795
125.1815,125.2166,68437,81302,Rhinolophus ferrumequinum,0.022,0.022,-1,Echolocation,/mnt/ubna_data_02_mir/recover-20221013/UBNA_001/20221012_030000.WAV,Telephone Field,recover-20221013,001,1795
125.1945,125.2321,68437,82074,Rhinolophus ferrumequinum,0.025,0.025,-1,Echolocation,/mnt/ubna_data_02_mir/recover-20221013/UBNA_001/20221012_030000.WAV,Telephone Field,recover-20221013,001,1795
125.2055,125.2441,68437,81945,Rhinolophus ferrumequinum,0.023,0.023,-1,Echolocation,/mnt/ubna_data_02_mir/recover-20221013/UBNA_001/20221012_030000.WAV,Telephone Field,recover-20221013,001,1795
125.23949999999999,125.282,68437,82924,Rhinolophus ferrumequinum,0.039,0.039,-1,Echolocation,/mnt/ubna_data_02_mir/recover-20221013/UBNA_001/20221012_030000.WAV,Telephone Field,recover-20221013,001,1795
125.2865,125.3225,68437,81618,Rhinolophus ferrumequinum,0.022,0.022,-1,Echolocation,/mnt/ubna_data_02_mir/recover-20221013/UBNA_001/20221012_030000.WAV,Telephone Field,recover-20221013,001,1795
125.2925,125.3289,68437,81656,Rhinolophus ferrumequinum,0.022,0.022,-1,Echolocation,/mnt/ubna_data_02_mir/recover-20221013/UBNA_001/20221012_030000.WAV,Telephone Field,recover-20221013,001,1795
125.2975,125.305,27187,37771,Eptesicus serotinus,0.008,0.022,-1,Echolocation,/mnt/ubna_data_02_mir/recover-20221013/UBNA_001/20221012_030000.WAV,Telephone Field,recover-20221013,001,1795
125.3165,125.3267,14296,20385,Nyctalus noctula,0.019,0.036,-1,Echolocation,/mnt/ubna_data_02_mir/recover-20221013/UBNA_001/20221012_030000.WAV,Telephone Field,recover-20221013,001,1795
125.3305,125.3711,68437,82266,Rhinolophus ferrumequinum,0.023,0.023,-1,Echolocation,/mnt/ubna_data_02_mir/recover-20221013/UBNA_001/20221012_030000.WAV,Telephone Field,recover-20221013,001,1795
125.3475,125.3863,68437,82262,Rhinolophus ferrumequinum,0.024,0.024,-1,Echolocation,/mnt/ubna_data_02_mir/recover-20221013/UBNA_001/20221012_030000.WAV,Telephone Field,recover-20221013,001,1795
125.3505,125.35679999999999,33203,45803,Myotis daubentonii,0.015,0.025,-1,Echolocation,/mnt/ubna_data_02_mir/recover-20221013/UBNA_001/20221012_030000.WAV,Telephone Field,recover-20221013,001,1795
125.3835,125.4221,68437,82415,Rhinolophus ferrumequinum,0.023,0.023,-1,Echolocation,/mnt/ubna_data_02_mir/recover-20221013/UBNA_001/20221012_030000.WAV,Telephone Field,recover-20221013,001,1795
125.4595,125.4674,27187,37955,Eptesicus serotinus,0.011,0.028,-1,Echolocation,/mnt/ubna_data_02_mir/recover-20221013/UBNA_001/20221012_030000.WAV,Telephone Field,recover-20221013,001,1795
125.4975,125.5337,68437,81816,Rhinolophus ferrumequinum,0.022,0.022,-1,Echolocation,/mnt/ubna_data_02_mir/recover-20221013/UBNA_001/20221012_030000.WAV,Telephone Field,recover-20221013,001,1795
125.5065,125.5462,68437,81864,Rhinolophus ferrumequinum,0.024,0.024,-1,Echolocation,/mnt/ubna_data_02_mir/recover-20221013/UBNA_001/20221012_030000.WAV,Telephone Field,recover-20221013,001,1795
125.5155,125.522,40937,53509,Myotis daubentonii,0.008,0.023,-1,Echolocation,/mnt/ubna_data_02_mir/recover-20221013/UBNA_001/20221012_030000.WAV,Telephone Field,recover-20221013,001,1795
125.5505,125.5607,27187,34200,Eptesicus serotinus,0.011,0.023,-1,Echolocation,/mnt/ubna_data_02_mir/recover-20221013/UBNA_001/20221012_030000.WAV,Telephone Field,recover-20221013,001,1795
125.5545,125.5926,68437,81986,Rhinolophus ferrumequinum,0.025,0.025,-1,Echolocation,/mnt/ubna_data_02_mir/recover-20221013/UBNA_001/20221012_030000.WAV,Telephone Field,recover-20221013,001,1795
125.5605,125.5768,20312,23784,Nyctalus leisleri,0.014,0.023,-1,Echolocation,/mnt/ubna_data_02_mir/recover-20221013/UBNA_001/20221012_030000.WAV,Telephone Field,recover-20221013,001,1795
125.5845,125.6238,68437,82158,Rhinolophus ferrumequinum,0.022,0.022,-1,Echolocation,/mnt/ubna_data_02_mir/recover-20221013/UBNA_001/20221012_030000.WAV,Telephone Field,recover-20221013,001,1795
125.5855,125.5979,23750,29172,Nyctalus leisleri,0.011,0.023,-1,Echolocation,/mnt/ubna_data_02_mir/recover-20221013/UBNA_001/20221012_030000.WAV,Telephone Field,recover-20221013,001,1795
125.6065,125.6464,68437,82624,Rhinolophus ferrumequinum,0.028,0.028,-1,Echolocation,/mnt/ubna_data_02_mir/recover-20221013/UBNA_001/20221012_030000.WAV,Telephone Field,recover-20221013,001,1795
125.6395,125.6469,27187,40804,Eptesicus serotinus,0.009,0.026,-1,Echolocation,/mnt/ubna_data_02_mir/recover-20221013/UBNA_001/20221012_030000.WAV,Telephone Field,recover-20221013,001,1795
125.6465,125.6868,68437,82767,Rhinolophus ferrumequinum,0.023,0.023,-1,Echolocation,/mnt/ubna_data_02_mir/recover-20221013/UBNA_001/20221012_030000.WAV,Telephone Field,recover-20221013,001,1795
125.6565,125.6978,68437,82442,Rhinolophus ferrumequinum,0.023,0.023,-1,Echolocation,/mnt/ubna_data_02_mir/recover-20221013/UBNA_001/20221012_030000.WAV,Telephone Field,recover-20221013,001,1795
125.6905,125.7001,28046,35463,Eptesicus serotinus,0.01,0.023,-1,Echolocation,/mnt/ubna_data_02_mir/recover-20221013/UBNA_001/20221012_030000.WAV,Telephone Field,recover-20221013,001,1795
125.7515,125.7623,26328,34435,Eptesicus serotinus,0.011,0.028,-1,Echolocation,/mnt/ubna_data_02_mir/recover-20221013/UBNA_001/20221012_030000.WAV,Telephone Field,recover-20221013,001,1795
125.8025,125.8387,68437,81596,Rhinolophus ferrumequinum,0.022,0.022,-1,Echolocation,/mnt/ubna_data_02_mir/recover-20221013/UBNA_001/20221012_030000.WAV,Telephone Field,recover-20221013,001,1795
125.8245,125.8626,68437,81958,Rhinolophus ferrumequinum,0.026,0.026,-1,Echolocation,/mnt/ubna_data_02_mir/recover-20221013/UBNA_001/20221012_030000.WAV,Telephone Field,recover-20221013,001,1795
125.8395,125.851,28046,34514,Eptesicus serotinus,0.014,0.027,-1,Echolocation,/mnt/ubna_data_02_mir/recover-20221013/UBNA_001/20221012_030000.WAV,Telephone Field,recover-20221013,001,1795
125.8725,125.908,68437,81366,Rhinolophus ferrumequinum,0.022,0.022,-1,Echolocation,/mnt/ubna_data_02_mir/recover-20221013/UBNA_001/20221012_030000.WAV,Telephone Field,recover-20221013,001,1795
125.9335,125.9699,68437,81968,Rhinolophus ferrumequinum,0.023,0.023,-1,Echolocation,/mnt/ubna_data_02_mir/recover-20221013/UBNA_001/20221012_030000.WAV,Telephone Field,recover-20221013,001,1795
125.9355,125.94669999999999,23750,29601,Nyctalus leisleri,0.009,0.023,-1,Echolocation,/mnt/ubna_data_02_mir/recover-20221013/UBNA_001/20221012_030000.WAV,Telephone Field,recover-20221013,001,1795
126.0015,126.0338,68437,79611,Rhinolophus ferrumequinum,0.026,0.026,-1,Echolocation,/mnt/ubna_data_02_mir/recover-20221013/UBNA_001/20221012_030000.WAV,Telephone Field,recover-20221013,001,1795
126.0015,126.01050000000001,23750,32980,Nyctalus leisleri,0.009,0.029,-1,Echolocation,/mnt/ubna_data_02_mir/recover-20221013/UBNA_001/20221012_030000.WAV,Telephone Field,recover-20221013,001,1795
126.0095,126.0487,68437,82423,Rhinolophus ferrumequinum,0.02,0.02,-1,Echolocation,/mnt/ubna_data_02_mir/recover-20221013/UBNA_001/20221012_030000.WAV,Telephone Field,recover-20221013,001,1795
126.0245,126.0674,68437,83562,Rhinolophus ferrumequinum,0.03,0.03,-1,Echolocation,/mnt/ubna_data_02_mir/recover-20221013/UBNA_001/20221012_030000.WAV,Telephone Field,recover-20221013,001,1795
126.0395,126.0474,25468,34494,Eptesicus serotinus,0.008,0.023,-1,Echolocation,/mnt/ubna_data_02_mir/recover-20221013/UBNA_001/20221012_030000.WAV,Telephone Field,recover-20221013,001,1795
126.0645,126.0726,28046,37430,Eptesicus serotinus,0.008,0.022,-1,Echolocation,/mnt/ubna_data_02_mir/recover-20221013/UBNA_001/20221012_030000.WAV,Telephone Field,recover-20221013,001,1795
126.0705,126.11449999999999,68437,83481,Rhinolophus ferrumequinum,0.042,0.042,-1,Echolocation,/mnt/ubna_data_02_mir/recover-20221013/UBNA_001/20221012_030000.WAV,Telephone Field,recover-20221013,001,1795
126.0715,126.0811,46953,50493,Pipistrellus pipistrellus,0.037,0.042,-1,Echolocation,/mnt/ubna_data_02_mir/recover-20221013/UBNA_001/20221012_030000.WAV,Telephone Field,recover-20221013,001,1795
126.0875,126.1263,68437,81968,Rhinolophus ferrumequinum,0.025,0.025,-1,Echolocation,/mnt/ubna_data_02_mir/recover-20221013/UBNA_001/20221012_030000.WAV,Telephone Field,recover-20221013,001,1795
126.1055,126.1439,68437,82311,Rhinolophus ferrumequinum,0.024,0.024,-1,Echolocation,/mnt/ubna_data_02_mir/recover-20221013/UBNA_001/20221012_030000.WAV,Telephone Field,recover-20221013,001,1795
126.1285,126.1641,68437,81308,Rhinolophus ferrumequinum,0.021,0.021,-1,Echolocation,/mnt/ubna_data_02_mir/recover-20221013/UBNA_001/20221012_030000.WAV,Telephone Field,recover-20221013,001,1795
126.1405,126.1512,24609,29887,Nyctalus leisleri,0.016,0.035,-1,Echolocation,/mnt/ubna_data_02_mir/recover-20221013/UBNA_001/20221012_030000.WAV,Telephone Field,recover-20221013,001,1795
126.1585,126.197,68437,81814,Rhinolophus ferrumequinum,0.02,0.02,-1,Echolocation,/mnt/ubna_data_02_mir/recover-20221013/UBNA_001/20221012_030000.WAV,Telephone Field,recover-20221013,001,1795
126.1675,126.21,68437,82691,Rhinolophus ferrumequinum,0.022,0.022,-1,Echolocation,/mnt/ubna_data_02_mir/recover-20221013/UBNA_001/20221012_030000.WAV,Telephone Field,recover-20221013,001,1795
126.1695,126.1791,45234,55398,Pipistrellus pipistrellus,0.018,0.024,-1,Echolocation,/mnt/ubna_data_02_mir/recover-20221013/UBNA_001/20221012_030000.WAV,Telephone Field,recover-20221013,001,1795
126.1815,126.2211,68437,82817,Rhinolophus ferrumequinum,0.025,0.025,-1,Echolocation,/mnt/ubna_data_02_mir/recover-20221013/UBNA_001/20221012_030000.WAV,Telephone Field,recover-20221013,001,1795
126.1955,126.2016,49531,53761,Pipistrellus pipistrellus,0.024,0.026,-1,Echolocation,/mnt/ubna_data_02_mir/recover-20221013/UBNA_001/20221012_030000.WAV,Telephone Field,recover-20221013,001,1795
126.2075,126.2435,68437,82118,Rhinolophus ferrumequinum,0.023,0.023,-1,Echolocation,/mnt/ubna_data_02_mir/recover-20221013/UBNA_001/20221012_030000.WAV,Telephone Field,recover-20221013,001,1795
126.2205,126.2584,68437,80658,Rhinolophus ferrumequinum,0.044,0.044,-1,Echolocation,/mnt/ubna_data_02_mir/recover-20221013/UBNA_001/20221012_030000.WAV,Telephone Field,recover-20221013,001,1795
126.2475,126.255,49531,55729,Pipistrellus pipistrellus,0.019,0.022,-1,Echolocation,/mnt/ubna_data_02_mir/recover-20221013/UBNA_001/20221012_030000.WAV,Telephone Field,recover-20221013,001,1795
126.2485,126.2865,68437,81809,Rhinolophus ferrumequinum,0.023,0.023,-1,Echolocation,/mnt/ubna_data_02_mir/recover-20221013/UBNA_001/20221012_030000.WAV,Telephone Field,recover-20221013,001,1795
126.25450000000001,126.2933,68437,82093,Rhinolophus ferrumequinum,0.021,0.021,-1,Echolocation,/mnt/ubna_data_02_mir/recover-20221013/UBNA_001/20221012_030000.WAV,Telephone Field,recover-20221013,001,1795
126.2645,126.3039,68437,81849,Rhinolophus ferrumequinum,0.025,0.025,-1,Echolocation,/mnt/ubna_data_02_mir/recover-20221013/UBNA_001/20221012_030000.WAV,Telephone Field,recover-20221013,001,1795
126.2755,126.2858,22890,27995,Nyctalus leisleri,0.011,0.025,-1,Echolocation,/mnt/ubna_data_02_mir/recover-20221013/UBNA_001/20221012_030000.WAV,Telephone Field,recover-20221013,001,1795
126.2855,126.3218,68437,81592,Rhinolophus ferrumequinum,0.021,0.021,-1,Echolocation,/mnt/ubna_data_02_mir/recover-20221013/UBNA_001/20221012_030000.WAV,Telephone Field,recover-20221013,001,1795
126.2995,126.3065,23750,33437,Plecotus austriacus,0.008,0.02,-1,Echolocation,/mnt/ubna_data_02_mir/recover-20221013/UBNA_001/20221012_030000.WAV,Telephone Field,recover-20221013,001,1795
126.3135,126.3215,26328,37561,Eptesicus serotinus,0.007,0.02,-1,Echolocation,/mnt/ubna_data_02_mir/recover-20221013/UBNA_001/20221012_030000.WAV,Telephone Field,recover-20221013,001,1795
126.3195,126.3565,68437,81890,Rhinolophus ferrumequinum,0.024,0.024,-1,Echolocation,/mnt/ubna_data_02_mir/recover-20221013/UBNA_001/20221012_030000.WAV,Telephone Field,recover-20221013,001,1795
126.3365,126.3734,68437,82127,Rhinolophus ferrumequinum,0.027,0.027,-1,Echolocation,/mnt/ubna_data_02_mir/recover-20221013/UBNA_001/20221012_030000.WAV,Telephone Field,recover-20221013,001,1795
126.3765,126.4154,68437,82398,Rhinolophus ferrumequinum,0.022,0.022,-1,Echolocation,/mnt/ubna_data_02_mir/recover-20221013/UBNA_001/20221012_030000.WAV,Telephone Field,recover-20221013,001,1795
126.3895,126.4288,68437,82488,Rhinolophus ferrumequinum,0.025,0.025,-1,Echolocation,/mnt/ubna_data_02_mir/recover-20221013/UBNA_001/20221012_030000.WAV,Telephone Field,recover-20221013,001,1795
126.3945,126.4041,38359,46095,Pipistrellus nathusii,0.007,0.021,-1,Echolocation,/mnt/ubna_data_02_mir/recover-20221013/UBNA_001/20221012_030000.WAV,Telephone Field,recover-20221013,001,1795
126.3945,126.4026,27187,39332,Eptesicus serotinus,0.008,0.023,-1,Echolocation,/mnt/ubna_data_02_mir/recover-20221013/UBNA_001/20221012_030000.WAV,Telephone Field,recover-20221013,001,1795
126.4015,126.4422,68437,82567,Rhinolophus ferrumequinum,0.021,0.021,-1,Echolocation,/mnt/ubna_data_02_mir/recover-20221013/UBNA_001/20221012_030000.WAV,Telephone Field,recover-20221013,001,1795
126.4235,126.4606,68437,81483,Rhinolophus ferrumequinum,0.021,0.021,-1,Echolocation,/mnt/ubna_data_02_mir/recover-20221013/UBNA_001/20221012_030000.WAV,Telephone Field,recover-20221013,001,1795
126.4425,126.4569,22890,26707,Nyctalus leisleri,0.014,0.024,-1,Echolocation,/mnt/ubna_data_02_mir/recover-20221013/UBNA_001/20221012_030000.WAV,Telephone Field,recover-20221013,001,1795
126.4445,126.4853,68437,82511,Rhinolophus ferrumequinum,0.024,0.024,-1,Echolocation,/mnt/ubna_data_02_mir/recover-20221013/UBNA_001/20221012_030000.WAV,Telephone Field,recover-20221013,001,1795
126.4565,126.4938,68437,81987,Rhinolophus ferrumequinum,0.021,0.021,-1,Echolocation,/mnt/ubna_data_02_mir/recover-20221013/UBNA_001/20221012_030000.WAV,Telephone Field,recover-20221013,001,1795
126.5205,126.562,68437,82629,Rhinolophus ferrumequinum,0.024,0.024,-1,Echolocation,/mnt/ubna_data_02_mir/recover-20221013/UBNA_001/20221012_030000.WAV,Telephone Field,recover-20221013,001,1795
126.5635,126.6002,68437,81940,Rhinolophus ferrumequinum,0.021,0.021,-1,Echolocation,/mnt/ubna_data_02_mir/recover-20221013/UBNA_001/20221012_030000.WAV,Telephone Field,recover-20221013,001,1795
126.5665,126.5765,35781,42347,Myotis daubentonii,0.005,0.021,-1,Echolocation,/mnt/ubna_data_02_mir/recover-20221013/UBNA_001/20221012_030000.WAV,Telephone Field,recover-20221013,001,1795
126.5855,126.6256,68437,82554,Rhinolophus ferrumequinum,0.022,0.022,-1,Echolocation,/mnt/ubna_data_02_mir/recover-20221013/UBNA_001/20221012_030000.WAV,Telephone Field,recover-20221013,001,1795
126.6065,126.6458,68437,82107,Rhinolophus ferrumequinum,0.021,0.021,-1,Echolocation,/mnt/ubna_data_02_mir/recover-20221013/UBNA_001/20221012_030000.WAV,Telephone Field,recover-20221013,001,1795
126.61449999999999,126.6522,68437,82143,Rhinolophus ferrumequinum,0.021,0.021,-1,Echolocation,/mnt/ubna_data_02_mir/recover-20221013/UBNA_001/20221012_030000.WAV,Telephone Field,recover-20221013,001,1795
126.6305,126.6724,68437,83081,Rhinolophus ferrumequinum,0.034,0.034,-1,Echolocation,/mnt/ubna_data_02_mir/recover-20221013/UBNA_001/20221012_030000.WAV,Telephone Field,recover-20221013,001,1795
126.6315,126.6395,27187,38760,Eptesicus serotinus,0.007,0.021,-1,Echolocation,/mnt/ubna_data_02_mir/recover-20221013/UBNA_001/20221012_030000.WAV,Telephone Field,recover-20221013,001,1795
126.6485,126.6593,22890,27553,Nyctalus leisleri,0.01,0.021,-1,Echolocation,/mnt/ubna_data_02_mir/recover-20221013/UBNA_001/20221012_030000.WAV,Telephone Field,recover-20221013,001,1795
126.6495,126.69200000000001,68437,83523,Rhinolophus ferrumequinum,0.032,0.032,-1,Echolocation,/mnt/ubna_data_02_mir/recover-20221013/UBNA_001/20221012_030000.WAV,Telephone Field,recover-20221013,001,1795
126.6665,126.67699999999999,22890,29039,Nyctalus leisleri,0.011,0.028,-1,Echolocation,/mnt/ubna_data_02_mir/recover-20221013/UBNA_001/20221012_030000.WAV,Telephone Field,recover-20221013,001,1795
126.6675,126.7049,68437,81899,Rhinolophus ferrumequinum,0.022,0.022,-1,Echolocation,/mnt/ubna_data_02_mir/recover-20221013/UBNA_001/20221012_030000.WAV,Telephone Field,recover-20221013,001,1795
126.6755,126.7155,68437,82455,Rhinolophus ferrumequinum,0.022,0.022,-1,Echolocation,/mnt/ubna_data_02_mir/recover-20221013/UBNA_001/20221012_030000.WAV,Telephone Field,recover-20221013,001,1795
126.7075,126.745,68437,81785,Rhinolophus ferrumequinum,0.023,0.023,-1,Echolocation,/mnt/ubna_data_02_mir/recover-20221013/UBNA_001/20221012_030000.WAV,Telephone Field,recover-20221013,001,1795
126.7175,126.7567,68437,81956,Rhinolophus ferrumequinum,0.023,0.023,-1,Echolocation,/mnt/ubna_data_02_mir/recover-20221013/UBNA_001/20221012_030000.WAV,Telephone Field,recover-20221013,001,1795
126.8115,126.8503,68437,82427,Rhinolophus ferrumequinum,0.025,0.025,-1,Echolocation,/mnt/ubna_data_02_mir/recover-20221013/UBNA_001/20221012_030000.WAV,Telephone Field,recover-20221013,001,1795
126.8185,126.8565,68437,82371,Rhinolophus ferrumequinum,0.023,0.023,-1,Echolocation,/mnt/ubna_data_02_mir/recover-20221013/UBNA_001/20221012_030000.WAV,Telephone Field,recover-20221013,001,1795
126.8395,126.8804,68437,82622,Rhinolophus ferrumequinum,0.021,0.021,-1,Echolocation,/mnt/ubna_data_02_mir/recover-20221013/UBNA_001/20221012_030000.WAV,Telephone Field,recover-20221013,001,1795
126.8715,126.8781,51250,57638,Pipistrellus pipistrellus,0.016,0.02,-1,Echolocation,/mnt/ubna_data_02_mir/recover-20221013/UBNA_001/20221012_030000.WAV,Telephone Field,recover-20221013,001,1795
126.8755,126.9128,68437,81993,Rhinolophus ferrumequinum,0.021,0.021,-1,Echolocation,/mnt/ubna_data_02_mir/recover-20221013/UBNA_001/20221012_030000.WAV,Telephone Field,recover-20221013,001,1795
126.8895,126.9004,22890,28766,Nyctalus leisleri,0.014,0.034,-1,Echolocation,/mnt/ubna_data_02_mir/recover-20221013/UBNA_001/20221012_030000.WAV,Telephone Field,recover-20221013,001,1795
126.9195,126.9298,25468,32611,Eptesicus serotinus,0.01,0.025,-1,Echolocation,/mnt/ubna_data_02_mir/recover-20221013/UBNA_001/20221012_030000.WAV,Telephone Field,recover-20221013,001,1795
126.9465,126.9874,68437,82494,Rhinolophus ferrumequinum,0.024,0.024,-1,Echolocation,/mnt/ubna_data_02_mir/recover-20221013/UBNA_001/20221012_030000.WAV,Telephone Field,recover-20221013,001,1795
126.9555,126.9963,68437,82000,Rhinolophus ferrumequinum,0.022,0.022,-1,Echolocation,/mnt/ubna_data_02_mir/recover-20221013/UBNA_001/20221012_030000.WAV,Telephone Field,recover-20221013,001,1795
126.9645,127.0016,68437,81741,Rhinolophus ferrumequinum,0.021,0.021,-1,Echolocation,/mnt/ubna_data_02_mir/recover-20221013/UBNA_001/20221012_030000.WAV,Telephone Field,recover-20221013,001,1795
126.9785,126.9863,28046,38634,Eptesicus serotinus,0.008,0.022,-1,Echolocation,/mnt/ubna_data_02_mir/recover-20221013/UBNA_001/20221012_030000.WAV,Telephone Field,recover-20221013,001,1795
126.9885,127.028,68437,82300,Rhinolophus ferrumequinum,0.023,0.024,-1,Echolocation,/mnt/ubna_data_02_mir/recover-20221013/UBNA_001/20221012_030000.WAV,Telephone Field,recover-20221013,001,1795
127.0025,127.0113,28046,37180,Eptesicus serotinus,0.008,0.021,-1,Echolocation,/mnt/ubna_data_02_mir/recover-20221013/UBNA_001/20221012_030000.WAV,Telephone Field,recover-20221013,001,1795
127.0355,127.078,68437,83287,Rhinolophus ferrumequinum,0.029,0.029,-1,Echolocation,/mnt/ubna_data_02_mir/recover-20221013/UBNA_001/20221012_030000.WAV,Telephone Field,recover-20221013,001,1795
127.0565,127.0892,68437,80558,Rhinolophus ferrumequinum,0.021,0.021,-1,Echolocation,/mnt/ubna_data_02_mir/recover-20221013/UBNA_001/20221012_030000.WAV,Telephone Field,recover-20221013,001,1795
127.0975,127.1353,68437,81526,Rhinolophus ferrumequinum,0.021,0.021,-1,Echolocation,/mnt/ubna_data_02_mir/recover-20221013/UBNA_001/20221012_030000.WAV,Telephone Field,recover-20221013,001,1795
127.1005,127.1073,28046,38314,Eptesicus serotinus,0.008,0.026,-1,Echolocation,/mnt/ubna_data_02_mir/recover-20221013/UBNA_001/20221012_030000.WAV,Telephone Field,recover-20221013,001,1795
127.12049999999999,127.1298,22890,29393,Nyctalus leisleri,0.008,0.023,-1,Echolocation,/mnt/ubna_data_02_mir/recover-20221013/UBNA_001/20221012_030000.WAV,Telephone Field,recover-20221013,001,1795
127.1325,127.1394,49531,53843,Pipistrellus pipistrellus,0.021,0.022,-1,Echolocation,/mnt/ubna_data_02_mir/recover-20221013/UBNA_001/20221012_030000.WAV,Telephone Field,recover-20221013,001,1795
127.1415,127.1829,68437,82669,Rhinolophus ferrumequinum,0.034,0.034,-1,Echolocation,/mnt/ubna_data_02_mir/recover-20221013/UBNA_001/20221012_030000.WAV,Telephone Field,recover-20221013,001,1795
127.1645,127.203,68437,82773,Rhinolophus ferrumequinum,0.026,0.026,-1,Echolocation,/mnt/ubna_data_02_mir/recover-20221013/UBNA_001/20221012_030000.WAV,Telephone Field,recover-20221013,001,1795
127.2025,127.2412,68437,82205,Rhinolophus ferrumequinum,0.022,0.022,-1,Echolocation,/mnt/ubna_data_02_mir/recover-20221013/UBNA_001/20221012_030000.WAV,Telephone Field,recover-20221013,001,1795
127.2135,127.257,68437,82711,Rhinolophus ferrumequinum,0.023,0.023,-1,Echolocation,/mnt/ubna_data_02_mir/recover-20221013/UBNA_001/20221012_030000.WAV,Telephone Field,recover-20221013,001,1795
127.2225,127.2633,68437,82751,Rhinolophus ferrumequinum,0.021,0.021,-1,Echolocation,/mnt/ubna_data_02_mir/recover-20221013/UBNA_001/20221012_030000.WAV,Telephone Field,recover-20221013,001,1795
127.2595,127.2951,68437,81646,Rhinolophus ferrumequinum,0.02,0.02,-1,Echolocation,/mnt/ubna_data_02_mir/recover-20221013/UBNA_001/20221012_030000.WAV,Telephone Field,recover-20221013,001,1795
127.2735,127.3124,68437,82366,Rhinolophus ferrumequinum,0.023,0.023,-1,Echolocation,/mnt/ubna_data_02_mir/recover-20221013/UBNA_001/20221012_030000.WAV,Telephone Field,recover-20221013,001,1795
127.2815,127.3235,68437,82633,Rhinolophus ferrumequinum,0.022,0.022,-1,Echolocation,/mnt/ubna_data_02_mir/recover-20221013/UBNA_001/20221012_030000.WAV,Telephone Field,recover-20221013,001,1795
127.3075,127.3144,27187,40041,Eptesicus serotinus,0.006,0.021,-1,Echolocation,/mnt/ubna_data_02_mir/recover-20221013/UBNA_001/20221012_030000.WAV,Telephone Field,recover-20221013,001,1795
127.3265,127.367,68437,83068,Rhinolophus ferrumequinum,0.029,0.029,-1,Echolocation,/mnt/ubna_data_02_mir/recover-20221013/UBNA_001/20221012_030000.WAV,Telephone Field,recover-20221013,001,1795
127.3605,127.3991,68437,82474,Rhinolophus ferrumequinum,0.021,0.021,-1,Echolocation,/mnt/ubna_data_02_mir/recover-20221013/UBNA_001/20221012_030000.WAV,Telephone Field,recover-20221013,001,1795
127.3815,127.41929999999999,68437,82158,Rhinolophus ferrumequinum,0.021,0.021,-1,Echolocation,/mnt/ubna_data_02_mir/recover-20221013/UBNA_001/20221012_030000.WAV,Telephone Field,recover-20221013,001,1795
127.3935,127.4338,68437,82399,Rhinolophus ferrumequinum,0.021,0.021,-1,Echolocation,/mnt/ubna_data_02_mir/recover-20221013/UBNA_001/20221012_030000.WAV,Telephone Field,recover-20221013,001,1795
127.4025,127.4104,27187,38237,Eptesicus serotinus,0.008,0.022,-1,Echolocation,/mnt/ubna_data_02_mir/recover-20221013/UBNA_001/20221012_030000.WAV,Telephone Field,recover-20221013,001,1795
127.4165,127.4266,28046,35713,Eptesicus serotinus,0.008,0.021,-1,Echolocation,/mnt/ubna_data_02_mir/recover-20221013/UBNA_001/20221012_030000.WAV,Telephone Field,recover-20221013,001,1795
127.4255,127.4349,28046,36818,Eptesicus serotinus,0.009,0.025,-1,Echolocation,/mnt/ubna_data_02_mir/recover-20221013/UBNA_001/20221012_030000.WAV,Telephone Field,recover-20221013,001,1795
127.4385,127.475,68437,81754,Rhinolophus ferrumequinum,0.024,0.024,-1,Echolocation,/mnt/ubna_data_02_mir/recover-20221013/UBNA_001/20221012_030000.WAV,Telephone Field,recover-20221013,001,1795
127.4755,127.5147,68437,82226,Rhinolophus ferrumequinum,0.021,0.021,-1,Echolocation,/mnt/ubna_data_02_mir/recover-20221013/UBNA_001/20221012_030000.WAV,Telephone Field,recover-20221013,001,1795
127.5245,127.5628,68437,82585,Rhinolophus ferrumequinum,0.022,0.022,-1,Echolocation,/mnt/ubna_data_02_mir/recover-20221013/UBNA_001/20221012_030000.WAV,Telephone Field,recover-20221013,001,1795
127.5415,127.583,68437,83023,Rhinolophus ferrumequinum,0.029,0.029,-1,Echolocation,/mnt/ubna_data_02_mir/recover-20221013/UBNA_001/20221012_030000.WAV,Telephone Field,recover-20221013,001,1795
127.5575,127.5656,27187,38607,Eptesicus serotinus,0.008,0.023,-1,Echolocation,/mnt/ubna_data_02_mir/recover-20221013/UBNA_001/20221012_030000.WAV,Telephone Field,recover-20221013,001,1795
127.5665,127.6026,68437,81976,Rhinolophus ferrumequinum,0.024,0.024,-1,Echolocation,/mnt/ubna_data_02_mir/recover-20221013/UBNA_001/20221012_030000.WAV,Telephone Field,recover-20221013,001,1795
127.5745,127.6129,68437,82718,Rhinolophus ferrumequinum,0.023,0.023,-1,Echolocation,/mnt/ubna_data_02_mir/recover-20221013/UBNA_001/20221012_030000.WAV,Telephone Field,recover-20221013,001,1795
127.5915,127.6268,68437,81179,Rhinolophus ferrumequinum,0.022,0.022,-1,Echolocation,/mnt/ubna_data_02_mir/recover-20221013/UBNA_001/20221012_030000.WAV,Telephone Field,recover-20221013,001,1795
127.6315,127.6709,68437,82506,Rhinolophus ferrumequinum,0.023,0.023,-1,Echolocation,/mnt/ubna_data_02_mir/recover-20221013/UBNA_001/20221012_030000.WAV,Telephone Field,recover-20221013,001,1795
127.6345,127.6425,37500,44276,Pipistrellus nathusii,0.009,0.025,-1,Echolocation,/mnt/ubna_data_02_mir/recover-20221013/UBNA_001/20221012_030000.WAV,Telephone Field,recover-20221013,001,1795
127.6735,127.7108,68437,81810,Rhinolophus ferrumequinum,0.021,0.021,-1,Echolocation,/mnt/ubna_data_02_mir/recover-20221013/UBNA_001/20221012_030000.WAV,Telephone Field,recover-20221013,001,1795
127.7155,127.7608,68437,83627,Rhinolophus ferrumequinum,0.05,0.05,-1,Echolocation,/mnt/ubna_data_02_mir/recover-20221013/UBNA_001/20221012_030000.WAV,Telephone Field,recover-20221013,001,1795
127.7285,127.772,68437,83594,Rhinolophus ferrumequinum,0.034,0.034,-1,Echolocation,/mnt/ubna_data_02_mir/recover-20221013/UBNA_001/20221012_030000.WAV,Telephone Field,recover-20221013,001,1795
127.76050000000001,127.8,68437,82488,Rhinolophus ferrumequinum,0.029,0.029,-1,Echolocation,/mnt/ubna_data_02_mir/recover-20221013/UBNA_001/20221012_030000.WAV,Telephone Field,recover-20221013,001,1795
127.7835,127.8236,68437,82553,Rhinolophus ferrumequinum,0.025,0.025,-1,Echolocation,/mnt/ubna_data_02_mir/recover-20221013/UBNA_001/20221012_030000.WAV,Telephone Field,recover-20221013,001,1795
127.8155,127.8527,68437,81827,Rhinolophus ferrumequinum,0.028,0.028,-1,Echolocation,/mnt/ubna_data_02_mir/recover-20221013/UBNA_001/20221012_030000.WAV,Telephone Field,recover-20221013,001,1795
127.8315,127.8701,68437,82594,Rhinolophus ferrumequinum,0.026,0.026,-1,Echolocation,/mnt/ubna_data_02_mir/recover-20221013/UBNA_001/20221012_030000.WAV,Telephone Field,recover-20221013,001,1795
127.8575,127.8999,68437,82801,Rhinolophus ferrumequinum,0.032,0.032,-1,Echolocation,/mnt/ubna_data_02_mir/recover-20221013/UBNA_001/20221012_030000.WAV,Telephone Field,recover-20221013,001,1795
127.8685,127.9063,68437,82458,Rhinolophus ferrumequinum,0.022,0.022,-1,Echolocation,/mnt/ubna_data_02_mir/recover-20221013/UBNA_001/20221012_030000.WAV,Telephone Field,recover-20221013,001,1795
127.8935,127.9051,34062,38577,Pipistrellus nathusii,0.009,0.026,-1,Echolocation,/mnt/ubna_data_02_mir/recover-20221013/UBNA_001/20221012_030000.WAV,Telephone Field,recover-20221013,001,1795
127.9055,127.9436,68437,82121,Rhinolophus ferrumequinum,0.02,0.02,-1,Echolocation,/mnt/ubna_data_02_mir/recover-20221013/UBNA_001/20221012_030000.WAV,Telephone Field,recover-20221013,001,1795
127.9115,127.9479,68437,82103,Rhinolophus ferrumequinum,0.021,0.022,-1,Echolocation,/mnt/ubna_data_02_mir/recover-20221013/UBNA_001/20221012_030000.WAV,Telephone Field,recover-20221013,001,1795
127.9195,127.9582,68437,81955,Rhinolophus ferrumequinum,0.021,0.021,-1,Echolocation,/mnt/ubna_data_02_mir/recover-20221013/UBNA_001/20221012_030000.WAV,Telephone Field,recover-20221013,001,1795
127.9295,127.9691,68437,82303,Rhinolophus ferrumequinum,0.022,0.022,-1,Echolocation,/mnt/ubna_data_02_mir/recover-20221013/UBNA_001/20221012_030000.WAV,Telephone Field,recover-20221013,001,1795
127.9415,127.9789,68437,81796,Rhinolophus ferrumequinum,0.021,0.021,-1,Echolocation,/mnt/ubna_data_02_mir/recover-20221013/UBNA_001/20221012_030000.WAV,Telephone Field,recover-20221013,001,1795
127.9685,127.9766,23750,34240,Plecotus austriacus,0.011,0.027,-1,Echolocation,/mnt/ubna_data_02_mir/recover-20221013/UBNA_001/20221012_030000.WAV,Telephone Field,recover-20221013,001,1795
128.0015,128.0113,22890,28625,Nyctalus leisleri,0.023,0.049,-1,Echolocation,/mnt/ubna_data_02_mir/recover-20221013/UBNA_001/20221012_030000.WAV,Telephone Field,recover-20221013,001,1795
128.0015,128.0384,68437,80876,Rhinolophus ferrumequinum,0.043,0.043,-1,Echolocation,/mnt/ubna_data_02_mir/recover-20221013/UBNA_001/20221012_030000.WAV,Telephone Field,recover-20221013,001,1795
128.0015,128.0085,47812,53045,Pipistrellus pipistrellus,0.018,0.022,-1,Echolocation,/mnt/ubna_data_02_mir/recover-20221013/UBNA_001/20221012_030000.WAV,Telephone Field,recover-20221013,001,1795
128.0075,128.0527,68437,83046,Rhinolophus ferrumequinum,0.043,0.043,-1,Echolocation,/mnt/ubna_data_02_mir/recover-20221013/UBNA_001/20221012_030000.WAV,Telephone Field,recover-20221013,001,1795
128.0255,128.0337,23750,31617,Plecotus austriacus,0.009,0.023,-1,Echolocation,/mnt/ubna_data_02_mir/recover-20221013/UBNA_001/20221012_030000.WAV,Telephone Field,recover-20221013,001,1795
128.0545,128.0917,68437,82251,Rhinolophus ferrumequinum,0.022,0.022,-1,Echolocation,/mnt/ubna_data_02_mir/recover-20221013/UBNA_001/20221012_030000.WAV,Telephone Field,recover-20221013,001,1795
128.0685,128.0765,27187,37748,Eptesicus serotinus,0.007,0.022,-1,Echolocation,/mnt/ubna_data_02_mir/recover-20221013/UBNA_001/20221012_030000.WAV,Telephone Field,recover-20221013,001,1795
128.0875,128.1232,68437,81449,Rhinolophus ferrumequinum,0.024,0.024,-1,Echolocation,/mnt/ubna_data_02_mir/recover-20221013/UBNA_001/20221012_030000.WAV,Telephone Field,recover-20221013,001,1795
128.1325,128.142,22890,30213,Plecotus austriacus,0.01,0.027,-1,Echolocation,/mnt/ubna_data_02_mir/recover-20221013/UBNA_001/20221012_030000.WAV,Telephone Field,recover-20221013,001,1795
128.1505,128.1601,28046,36764,Eptesicus serotinus,0.012,0.026,-1,Echolocation,/mnt/ubna_data_02_mir/recover-20221013/UBNA_001/20221012_030000.WAV,Telephone Field,recover-20221013,001,1795
128.1635,128.2031,68437,82247,Rhinolophus ferrumequinum,0.021,0.021,-1,Echolocation,/mnt/ubna_data_02_mir/recover-20221013/UBNA_001/20221012_030000.WAV,Telephone Field,recover-20221013,001,1795
128.1715,128.17849999999999,24609,33699,Plecotus austriacus,0.008,0.024,-1,Echolocation,/mnt/ubna_data_02_mir/recover-20221013/UBNA_001/20221012_030000.WAV,Telephone Field,recover-20221013,001,1795
128.1905,128.228,68437,82219,Rhinolophus ferrumequinum,0.021,0.021,-1,Echolocation,/mnt/ubna_data_02_mir/recover-20221013/UBNA_001/20221012_030000.WAV,Telephone Field,recover-20221013,001,1795
128.2265,128.2612,68437,80522,Rhinolophus ferrumequinum,0.022,0.023,-1,Echolocation,/mnt/ubna_data_02_mir/recover-20221013/UBNA_001/20221012_030000.WAV,Telephone Field,recover-20221013,001,1795
128.2315,128.2406,28046,39409,Eptesicus serotinus,0.008,0.022,-1,Echolocation,/mnt/ubna_data_02_mir/recover-20221013/UBNA_001/20221012_030000.WAV,Telephone Field,recover-20221013,001,1795
128.2735,128.3081,68437,80746,Rhinolophus ferrumequinum,0.024,0.024,-1,Echolocation,/mnt/ubna_data_02_mir/recover-20221013/UBNA_001/20221012_030000.WAV,Telephone Field,recover-20221013,001,1795
128.2835,128.293,28046,36669,Eptesicus serotinus,0.009,0.024,-1,Echolocation,/mnt/ubna_data_02_mir/recover-20221013/UBNA_001/20221012_030000.WAV,Telephone Field,recover-20221013,001,1795
128.3095,128.3178,28906,37380,Eptesicus serotinus,0.008,0.024,-1,Echolocation,/mnt/ubna_data_02_mir/recover-20221013/UBNA_001/20221012_030000.WAV,Telephone Field,recover-20221013,001,1795
128.3315,128.3711,68437,82592,Rhinolophus ferrumequinum,0.024,0.024,-1,Echolocation,/mnt/ubna_data_02_mir/recover-20221013/UBNA_001/20221012_030000.WAV,Telephone Field,recover-20221013,001,1795
128.3515,128.3603,27187,35079,Eptesicus serotinus,0.009,0.023,-1,Echolocation,/mnt/ubna_data_02_mir/recover-20221013/UBNA_001/20221012_030000.WAV,Telephone Field,recover-20221013,001,1795
128.3905,128.4276,68437,81223,Rhinolophus ferrumequinum,0.022,0.022,-1,Echolocation,/mnt/ubna_data_02_mir/recover-20221013/UBNA_001/20221012_030000.WAV,Telephone Field,recover-20221013,001,1795
128.4075,128.4463,68437,81973,Rhinolophus ferrumequinum,0.025,0.025,-1,Echolocation,/mnt/ubna_data_02_mir/recover-20221013/UBNA_001/20221012_030000.WAV,Telephone Field,recover-20221013,001,1795
128.4155,128.4257,22890,28667,Nyctalus leisleri,0.009,0.022,-1,Echolocation,/mnt/ubna_data_02_mir/recover-20221013/UBNA_001/20221012_030000.WAV,Telephone Field,recover-20221013,001,1795
128.4315,128.467,68437,81230,Rhinolophus ferrumequinum,0.027,0.027,-1,Echolocation,/mnt/ubna_data_02_mir/recover-20221013/UBNA_001/20221012_030000.WAV,Telephone Field,recover-20221013,001,1795
128.4415,128.4814,68437,82058,Rhinolophus ferrumequinum,0.021,0.021,-1,Echolocation,/mnt/ubna_data_02_mir/recover-20221013/UBNA_001/20221012_030000.WAV,Telephone Field,recover-20221013,001,1795
128.4605,128.4981,68437,82364,Rhinolophus ferrumequinum,0.024,0.024,-1,Echolocation,/mnt/ubna_data_02_mir/recover-20221013/UBNA_001/20221012_030000.WAV,Telephone Field,recover-20221013,001,1795
128.4715,128.478,32343,43441,Eptesicus serotinus,0.014,0.052,-1,Echolocation,/mnt/ubna_data_02_mir/recover-20221013/UBNA_001/20221012_030000.WAV,Telephone Field,recover-20221013,001,1795
128.4725,128.4792,23750,37400,Plecotus austriacus,0.023,0.048,-1,Echolocation,/mnt/ubna_data_02_mir/recover-20221013/UBNA_001/20221012_030000.WAV,Telephone Field,recover-20221013,001,1795
128.4875,128.5246,68437,81445,Rhinolophus ferrumequinum,0.022,0.022,-1,Echolocation,/mnt/ubna_data_02_mir/recover-20221013/UBNA_001/20221012_030000.WAV,Telephone Field,recover-20221013,001,1795
128.4995,128.5363,68437,82249,Rhinolophus ferrumequinum,0.023,0.023,-1,Echolocation,/mnt/ubna_data_02_mir/recover-20221013/UBNA_001/20221012_030000.WAV,Telephone Field,recover-20221013,001,1795
128.5165,128.5258,37500,43335,Barbastellus barbastellus,0.006,0.023,-1,Echolocation,/mnt/ubna_data_02_mir/recover-20221013/UBNA_001/20221012_030000.WAV,Telephone Field,recover-20221013,001,1795
128.5185,128.5264,25468,34368,Eptesicus serotinus,0.007,0.022,-1,Echolocation,/mnt/ubna_data_02_mir/recover-20221013/UBNA_001/20221012_030000.WAV,Telephone Field,recover-20221013,001,1795
128.5615,128.5716,22031,26616,Nyctalus leisleri,0.01,0.022,-1,Echolocation,/mnt/ubna_data_02_mir/recover-20221013/UBNA_001/20221012_030000.WAV,Telephone Field,recover-20221013,001,1795
128.6275,128.6629,68437,81612,Rhinolophus ferrumequinum,0.025,0.025,-1,Echolocation,/mnt/ubna_data_02_mir/recover-20221013/UBNA_001/20221012_030000.WAV,Telephone Field,recover-20221013,001,1795
128.6495,128.6601,28906,35695,Eptesicus serotinus,0.009,0.022,-1,Echolocation,/mnt/ubna_data_02_mir/recover-20221013/UBNA_001/20221012_030000.WAV,Telephone Field,recover-20221013,001,1795
128.6655,128.67340000000002,27187,40276,Eptesicus serotinus,0.008,0.022,-1,Echolocation,/mnt/ubna_data_02_mir/recover-20221013/UBNA_001/20221012_030000.WAV,Telephone Field,recover-20221013,001,1795
128.6805,128.7189,68437,81725,Rhinolophus ferrumequinum,0.022,0.022,-1,Echolocation,/mnt/ubna_data_02_mir/recover-20221013/UBNA_001/20221012_030000.WAV,Telephone Field,recover-20221013,001,1795
128.6845,128.6942,27187,35182,Eptesicus serotinus,0.013,0.026,-1,Echolocation,/mnt/ubna_data_02_mir/recover-20221013/UBNA_001/20221012_030000.WAV,Telephone Field,recover-20221013,001,1795
128.6935,128.7341,68437,82620,Rhinolophus ferrumequinum,0.03,0.03,-1,Echolocation,/mnt/ubna_data_02_mir/recover-20221013/UBNA_001/20221012_030000.WAV,Telephone Field,recover-20221013,001,1795
128.7175,128.754,68437,81377,Rhinolophus ferrumequinum,0.021,0.021,-1,Echolocation,/mnt/ubna_data_02_mir/recover-20221013/UBNA_001/20221012_030000.WAV,Telephone Field,recover-20221013,001,1795
128.7545,128.79149999999998,68437,81886,Rhinolophus ferrumequinum,0.022,0.022,-1,Echolocation,/mnt/ubna_data_02_mir/recover-20221013/UBNA_001/20221012_030000.WAV,Telephone Field,recover-20221013,001,1795
128.7635,128.7719,28906,37486,Eptesicus serotinus,0.008,0.022,-1,Echolocation,/mnt/ubna_data_02_mir/recover-20221013/UBNA_001/20221012_030000.WAV,Telephone Field,recover-20221013,001,1795
128.7955,128.8036,28046,40524,Eptesicus serotinus,0.008,0.022,-1,Echolocation,/mnt/ubna_data_02_mir/recover-20221013/UBNA_001/20221012_030000.WAV,Telephone Field,recover-20221013,001,1795
128.8185,128.8577,68437,82000,Rhinolophus ferrumequinum,0.025,0.025,-1,Echolocation,/mnt/ubna_data_02_mir/recover-20221013/UBNA_001/20221012_030000.WAV,Telephone Field,recover-20221013,001,1795
128.8395,128.8804,68437,82741,Rhinolophus ferrumequinum,0.025,0.025,-1,Echolocation,/mnt/ubna_data_02_mir/recover-20221013/UBNA_001/20221012_030000.WAV,Telephone Field,recover-20221013,001,1795
128.8785,128.9146,68437,81193,Rhinolophus ferrumequinum,0.023,0.023,-1,Echolocation,/mnt/ubna_data_02_mir/recover-20221013/UBNA_001/20221012_030000.WAV,Telephone Field,recover-20221013,001,1795
128.9155,128.9244,46953,51282,Pipistrellus pipistrellus,0.034,0.035,-1,Echolocation,/mnt/ubna_data_02_mir/recover-20221013/UBNA_001/20221012_030000.WAV,Telephone Field,recover-20221013,001,1795
128.91649999999998,128.9277,22890,28393,Nyctalus leisleri,0.012,0.025,-1,Echolocation,/mnt/ubna_data_02_mir/recover-20221013/UBNA_001/20221012_030000.WAV,Telephone Field,recover-20221013,001,1795
128.9265,128.9462,19453,22050,Nyctalus leisleri,0.015,0.026,-1,Echolocation,/mnt/ubna_data_02_mir/recover-20221013/UBNA_001/20221012_030000.WAV,Telephone Field,recover-20221013,001,1795
128.9355,128.9721,68437,81570,Rhinolophus ferrumequinum,0.021,0.021,-1,Echolocation,/mnt/ubna_data_02_mir/recover-20221013/UBNA_001/20221012_030000.WAV,Telephone Field,recover-20221013,001,1795
128.9355,128.9438,28906,37369,Eptesicus serotinus,0.008,0.024,-1,Echolocation,/mnt/ubna_data_02_mir/recover-20221013/UBNA_001/20221012_030000.WAV,Telephone Field,recover-20221013,001,1795
128.9645,128.975,34921,41495,Barbastellus barbastellus,0.007,0.028,-1,Echolocation,/mnt/ubna_data_02_mir/recover-20221013/UBNA_001/20221012_030000.WAV,Telephone Field,recover-20221013,001,1795
128.9745,128.9869,51250,54696,Pipistrellus pipistrellus,0.015,0.022,-1,Echolocation,/mnt/ubna_data_02_mir/recover-20221013/UBNA_001/20221012_030000.WAV,Telephone Field,recover-20221013,001,1795
128.9865,129.0273,68437,82592,Rhinolophus ferrumequinum,0.027,0.027,-1,Echolocation,/mnt/ubna_data_02_mir/recover-20221013/UBNA_001/20221012_030000.WAV,Telephone Field,recover-20221013,001,1795
129.0175,129.0553,68437,81373,Rhinolophus ferrumequinum,0.023,0.023,-1,Echolocation,/mnt/ubna_data_02_mir/recover-20221013/UBNA_001/20221012_030000.WAV,Telephone Field,recover-20221013,001,1795
129.0895,129.1235,68437,81440,Rhinolophus ferrumequinum,0.024,0.024,-1,Echolocation,/mnt/ubna_data_02_mir/recover-20221013/UBNA_001/20221012_030000.WAV,Telephone Field,recover-20221013,001,1795
129.1045,129.1169,24609,30576,Nyctalus leisleri,0.012,0.028,-1,Echolocation,/mnt/ubna_data_02_mir/recover-20221013/UBNA_001/20221012_030000.WAV,Telephone Field,recover-20221013,001,1795
129.1175,129.12630000000001,28906,39130,Eptesicus serotinus,0.008,0.024,-1,Echolocation,/mnt/ubna_data_02_mir/recover-20221013/UBNA_001/20221012_030000.WAV,Telephone Field,recover-20221013,001,1795
129.1675,129.2044,68437,81956,Rhinolophus ferrumequinum,0.022,0.022,-1,Echolocation,/mnt/ubna_data_02_mir/recover-20221013/UBNA_001/20221012_030000.WAV,Telephone Field,recover-20221013,001,1795
129.1685,129.1793,14296,19442,Nyctalus noctula,0.023,0.045,-1,Echolocation,/mnt/ubna_data_02_mir/recover-20221013/UBNA_001/20221012_030000.WAV,Telephone Field,recover-20221013,001,1795
129.1805,129.2178,68437,81952,Rhinolophus ferrumequinum,0.022,0.022,-1,Echolocation,/mnt/ubna_data_02_mir/recover-20221013/UBNA_001/20221012_030000.WAV,Telephone Field,recover-20221013,001,1795
129.1865,129.195,27187,37724,Eptesicus serotinus,0.008,0.022,-1,Echolocation,/mnt/ubna_data_02_mir/recover-20221013/UBNA_001/20221012_030000.WAV,Telephone Field,recover-20221013,001,1795
129.2005,129.2092,46953,53241,Pipistrellus pipistrellus,0.023,0.024,-1,Echolocation,/mnt/ubna_data_02_mir/recover-20221013/UBNA_001/20221012_030000.WAV,Telephone Field,recover-20221013,001,1795
129.2315,129.2697,68437,82270,Rhinolophus ferrumequinum,0.023,0.023,-1,Echolocation,/mnt/ubna_data_02_mir/recover-20221013/UBNA_001/20221012_030000.WAV,Telephone Field,recover-20221013,001,1795
129.2345,129.2455,23750,28792,Nyctalus leisleri,0.024,0.052,-1,Echolocation,/mnt/ubna_data_02_mir/recover-20221013/UBNA_001/20221012_030000.WAV,Telephone Field,recover-20221013,001,1795
129.2725,129.2805,48671,54114,Pipistrellus pipistrellus,0.021,0.023,-1,Echolocation,/mnt/ubna_data_02_mir/recover-20221013/UBNA_001/20221012_030000.WAV,Telephone Field,recover-20221013,001,1795
129.2815,129.3188,68437,81643,Rhinolophus ferrumequinum,0.021,0.021,-1,Echolocation,/mnt/ubna_data_02_mir/recover-20221013/UBNA_001/20221012_030000.WAV,Telephone Field,recover-20221013,001,1795
129.2845,129.2951,28046,35671,Eptesicus serotinus,0.012,0.027,-1,Echolocation,/mnt/ubna_data_02_mir/recover-20221013/UBNA_001/20221012_030000.WAV,Telephone Field,recover-20221013,001,1795
129.3175,129.3594,68437,83256,Rhinolophus ferrumequinum,0.039,0.039,-1,Echolocation,/mnt/ubna_data_02_mir/recover-20221013/UBNA_001/20221012_030000.WAV,Telephone Field,recover-20221013,001,1795
129.3365,129.3744,68437,81932,Rhinolophus ferrumequinum,0.022,0.022,-1,Echolocation,/mnt/ubna_data_02_mir/recover-20221013/UBNA_001/20221012_030000.WAV,Telephone Field,recover-20221013,001,1795
129.3655,129.4032,68437,81731,Rhinolophus ferrumequinum,0.022,0.022,-1,Echolocation,/mnt/ubna_data_02_mir/recover-20221013/UBNA_001/20221012_030000.WAV,Telephone Field,recover-20221013,001,1795
129.3815,129.3878,23750,33940,Plecotus austriacus,0.018,0.037,-1,Echolocation,/mnt/ubna_data_02_mir/recover-20221013/UBNA_001/20221012_030000.WAV,Telephone Field,recover-20221013,001,1795
129.3965,129.434,68437,81976,Rhinolophus ferrumequinum,0.022,0.022,-1,Echolocation,/mnt/ubna_data_02_mir/recover-20221013/UBNA_001/20221012_030000.WAV,Telephone Field,recover-20221013,001,1795
129.4105,129.4199,47812,52371,Pipistrellus pipistrellus,0.02,0.021,-1,Echolocation,/mnt/ubna_data_02_mir/recover-20221013/UBNA_001/20221012_030000.WAV,Telephone Field,recover-20221013,001,1795
129.4435,129.4829,68437,81902,Rhinolophus ferrumequinum,0.025,0.025,-1,Echolocation,/mnt/ubna_data_02_mir/recover-20221013/UBNA_001/20221012_030000.WAV,Telephone Field,recover-20221013,001,1795
129.4505,129.45850000000002,29765,40695,Myotis daubentonii,0.009,0.033,-1,Echolocation,/mnt/ubna_data_02_mir/recover-20221013/UBNA_001/20221012_030000.WAV,Telephone Field,recover-20221013,001,1795
129.4685,129.5046,68437,81755,Rhinolophus ferrumequinum,0.021,0.021,-1,Echolocation,/mnt/ubna_data_02_mir/recover-20221013/UBNA_001/20221012_030000.WAV,Telephone Field,recover-20221013,001,1795
129.4715,129.4823,51250,55998,Pipistrellus pipistrellus,0.02,0.024,-1,Echolocation,/mnt/ubna_data_02_mir/recover-20221013/UBNA_001/20221012_030000.WAV,Telephone Field,recover-20221013,001,1795
129.4995,129.5099,23750,29235,Nyctalus leisleri,0.012,0.026,-1,Echolocation,/mnt/ubna_data_02_mir/recover-20221013/UBNA_001/20221012_030000.WAV,Telephone Field,recover-20221013,001,1795
129.5175,129.5552,68437,81673,Rhinolophus ferrumequinum,0.022,0.022,-1,Echolocation,/mnt/ubna_data_02_mir/recover-20221013/UBNA_001/20221012_030000.WAV,Telephone Field,recover-20221013,001,1795
129.5275,129.5626,68437,81645,Rhinolophus ferrumequinum,0.021,0.021,-1,Echolocation,/mnt/ubna_data_02_mir/recover-20221013/UBNA_001/20221012_030000.WAV,Telephone Field,recover-20221013,001,1795
129.5465,129.5844,68437,82109,Rhinolophus ferrumequinum,0.025,0.025,-1,Echolocation,/mnt/ubna_data_02_mir/recover-20221013/UBNA_001/20221012_030000.WAV,Telephone Field,recover-20221013,001,1795
129.5665,129.5745,28046,38913,Eptesicus serotinus,0.01,0.027,-1,Echolocation,/mnt/ubna_data_02_mir/recover-20221013/UBNA_001/20221012_030000.WAV,Telephone Field,recover-20221013,001,1795
129.5795,129.6183,68437,82382,Rhinolophus ferrumequinum,0.022,0.022,-1,Echolocation,/mnt/ubna_data_02_mir/recover-20221013/UBNA_001/20221012_030000.WAV,Telephone Field,recover-20221013,001,1795
129.6085,129.6485,68437,82360,Rhinolophus ferrumequinum,0.024,0.024,-1,Echolocation,/mnt/ubna_data_02_mir/recover-20221013/UBNA_001/20221012_030000.WAV,Telephone Field,recover-20221013,001,1795
129.6185,129.6264,28046,38027,Eptesicus serotinus,0.009,0.025,-1,Echolocation,/mnt/ubna_data_02_mir/recover-20221013/UBNA_001/20221012_030000.WAV,Telephone Field,recover-20221013,001,1795
129.6275,129.6642,68437,81165,Rhinolophus ferrumequinum,0.023,0.023,-1,Echolocation,/mnt/ubna_data_02_mir/recover-20221013/UBNA_001/20221012_030000.WAV,Telephone Field,recover-20221013,001,1795
129.6485,129.6871,68437,82136,Rhinolophus ferrumequinum,0.022,0.022,-1,Echolocation,/mnt/ubna_data_02_mir/recover-20221013/UBNA_001/20221012_030000.WAV,Telephone Field,recover-20221013,001,1795
129.6905,129.7299,68437,82446,Rhinolophus ferrumequinum,0.022,0.022,-1,Echolocation,/mnt/ubna_data_02_mir/recover-20221013/UBNA_001/20221012_030000.WAV,Telephone Field,recover-20221013,001,1795
129.7155,129.7257,22890,28151,Nyctalus leisleri,0.009,0.021,-1,Echolocation,/mnt/ubna_data_02_mir/recover-20221013/UBNA_001/20221012_030000.WAV,Telephone Field,recover-20221013,001,1795
129.7205,129.7563,68437,81873,Rhinolophus ferrumequinum,0.022,0.022,-1,Echolocation,/mnt/ubna_data_02_mir/recover-20221013/UBNA_001/20221012_030000.WAV,Telephone Field,recover-20221013,001,1795
129.7615,129.7987,68437,81989,Rhinolophus ferrumequinum,0.022,0.022,-1,Echolocation,/mnt/ubna_data_02_mir/recover-20221013/UBNA_001/20221012_030000.WAV,Telephone Field,recover-20221013,001,1795
129.7775,129.7859,28046,38923,Eptesicus serotinus,0.007,0.022,-1,Echolocation,/mnt/ubna_data_02_mir/recover-20221013/UBNA_001/20221012_030000.WAV,Telephone Field,recover-20221013,001,1795
129.7865,129.828,68437,82791,Rhinolophus ferrumequinum,0.028,0.028,-1,Echolocation,/mnt/ubna_data_02_mir/recover-20221013/UBNA_001/20221012_030000.WAV,Telephone Field,recover-20221013,001,1795
129.7955,129.8377,68437,83267,Rhinolophus ferrumequinum,0.028,0.028,-1,Echolocation,/mnt/ubna_data_02_mir/recover-20221013/UBNA_001/20221012_030000.WAV,Telephone Field,recover-20221013,001,1795
129.8265,129.8665,68437,82008,Rhinolophus ferrumequinum,0.035,0.035,-1,Echolocation,/mnt/ubna_data_02_mir/recover-20221013/UBNA_001/20221012_030000.WAV,Telephone Field,recover-20221013,001,1795
129.8485,129.8894,68437,82653,Rhinolophus ferrumequinum,0.028,0.028,-1,Echolocation,/mnt/ubna_data_02_mir/recover-20221013/UBNA_001/20221012_030000.WAV,Telephone Field,recover-20221013,001,1795
129.8575,129.8961,68437,82759,Rhinolophus ferrumequinum,0.027,0.027,-1,Echolocation,/mnt/ubna_data_02_mir/recover-20221013/UBNA_001/20221012_030000.WAV,Telephone Field,recover-20221013,001,1795
129.8665,129.9057,68437,82001,Rhinolophus ferrumequinum,0.024,0.024,-1,Echolocation,/mnt/ubna_data_02_mir/recover-20221013/UBNA_001/20221012_030000.WAV,Telephone Field,recover-20221013,001,1795
129.8915,129.9241,68437,80720,Rhinolophus ferrumequinum,0.027,0.027,-1,Echolocation,/mnt/ubna_data_02_mir/recover-20221013/UBNA_001/20221012_030000.WAV,Telephone Field,recover-20221013,001,1795
129.9195,129.9592,68437,82579,Rhinolophus ferrumequinum,0.025,0.025,-1,Echolocation,/mnt/ubna_data_02_mir/recover-20221013/UBNA_001/20221012_030000.WAV,Telephone Field,recover-20221013,001,1795
129.94650000000001,129.9864,68437,82286,Rhinolophus ferrumequinum,0.022,0.022,-1,Echolocation,/mnt/ubna_data_02_mir/recover-20221013/UBNA_001/20221012_030000.WAV,Telephone Field,recover-20221013,001,1795
130.0015,130.0117,47812,52546,Pipistrellus pipistrellus,0.048,0.057,-1,Echolocation,/mnt/ubna_data_02_mir/recover-20221013/UBNA_001/20221012_030000.WAV,Telephone Field,recover-20221013,001,1795
130.0015,130.0092,22031,28397,Nyctalus leisleri,0.012,0.032,-1,Echolocation,/mnt/ubna_data_02_mir/recover-20221013/UBNA_001/20221012_030000.WAV,Telephone Field,recover-20221013,001,1795
130.0015,130.034,68437,79833,Rhinolophus ferrumequinum,0.025,0.025,-1,Echolocation,/mnt/ubna_data_02_mir/recover-20221013/UBNA_001/20221012_030000.WAV,Telephone Field,recover-20221013,001,1795
130.0285,130.03640000000001,27187,36110,Eptesicus serotinus,0.012,0.03,-1,Echolocation,/mnt/ubna_data_02_mir/recover-20221013/UBNA_001/20221012_030000.WAV,Telephone Field,recover-20221013,001,1795
130.0785,130.1168,68437,82458,Rhinolophus ferrumequinum,0.026,0.026,-1,Echolocation,/mnt/ubna_data_02_mir/recover-20221013/UBNA_001/20221012_030000.WAV,Telephone Field,recover-20221013,001,1795
130.0965,130.1056,45234,48104,Pipistrellus pipistrellus,0.021,0.022,-1,Echolocation,/mnt/ubna_data_02_mir/recover-20221013/UBNA_001/20221012_030000.WAV,Telephone Field,recover-20221013,001,1795
130.0975,130.1049,23750,32240,Plecotus austriacus,0.01,0.026,-1,Echolocation,/mnt/ubna_data_02_mir/recover-20221013/UBNA_001/20221012_030000.WAV,Telephone Field,recover-20221013,001,1795
130.1105,130.1515,68437,82409,Rhinolophus ferrumequinum,0.023,0.023,-1,Echolocation,/mnt/ubna_data_02_mir/recover-20221013/UBNA_001/20221012_030000.WAV,Telephone Field,recover-20221013,001,1795
130.1575,130.1932,68437,80719,Rhinolophus ferrumequinum,0.023,0.023,-1,Echolocation,/mnt/ubna_data_02_mir/recover-20221013/UBNA_001/20221012_030000.WAV,Telephone Field,recover-20221013,001,1795
130.1895,130.1981,47812,52567,Pipistrellus pipistrellus,0.032,0.035,-1,Echolocation,/mnt/ubna_data_02_mir/recover-20221013/UBNA_001/20221012_030000.WAV,Telephone Field,recover-20221013,001,1795
130.1895,130.2262,68437,81689,Rhinolophus ferrumequinum,0.022,0.022,-1,Echolocation,/mnt/ubna_data_02_mir/recover-20221013/UBNA_001/20221012_030000.WAV,Telephone Field,recover-20221013,001,1795
130.1995,130.2078,48671,56067,Pipistrellus pipistrellus,0.024,0.027,-1,Echolocation,/mnt/ubna_data_02_mir/recover-20221013/UBNA_001/20221012_030000.WAV,Telephone Field,recover-20221013,001,1795
130.2045,130.215,28046,36234,Eptesicus serotinus,0.014,0.029,-1,Echolocation,/mnt/ubna_data_02_mir/recover-20221013/UBNA_001/20221012_030000.WAV,Telephone Field,recover-20221013,001,1795
130.2135,130.2489,68437,81933,Rhinolophus ferrumequinum,0.022,0.022,-1,Echolocation,/mnt/ubna_data_02_mir/recover-20221013/UBNA_001/20221012_030000.WAV,Telephone Field,recover-20221013,001,1795
130.2695,130.3078,68437,81385,Rhinolophus ferrumequinum,0.036,0.036,-1,Echolocation,/mnt/ubna_data_02_mir/recover-20221013/UBNA_001/20221012_030000.WAV,Telephone Field,recover-20221013,001,1795
130.29149999999998,130.32920000000001,68437,82128,Rhinolophus ferrumequinum,0.023,0.023,-1,Echolocation,/mnt/ubna_data_02_mir/recover-20221013/UBNA_001/20221012_030000.WAV,Telephone Field,recover-20221013,001,1795
130.3245,130.3664,68437,82760,Rhinolophus ferrumequinum,0.039,0.039,-1,Echolocation,/mnt/ubna_data_02_mir/recover-20221013/UBNA_001/20221012_030000.WAV,Telephone Field,recover-20221013,001,1795
130.3395,130.3508,28906,36237,Eptesicus serotinus,0.013,0.028,-1,Echolocation,/mnt/ubna_data_02_mir/recover-20221013/UBNA_001/20221012_030000.WAV,Telephone Field,recover-20221013,001,1795
130.3585,130.3946,68437,81863,Rhinolophus ferrumequinum,0.021,0.021,-1,Echolocation,/mnt/ubna_data_02_mir/recover-20221013/UBNA_001/20221012_030000.WAV,Telephone Field,recover-20221013,001,1795
130.3765,130.3872,22890,28078,Nyctalus leisleri,0.012,0.024,-1,Echolocation,/mnt/ubna_data_02_mir/recover-20221013/UBNA_001/20221012_030000.WAV,Telephone Field,recover-20221013,001,1795
130.4005,130.4392,68437,82515,Rhinolophus ferrumequinum,0.023,0.023,-1,Echolocation,/mnt/ubna_data_02_mir/recover-20221013/UBNA_001/20221012_030000.WAV,Telephone Field,recover-20221013,001,1795
130.4005,130.4091,28046,39964,Eptesicus serotinus,0.008,0.022,-1,Echolocation,/mnt/ubna_data_02_mir/recover-20221013/UBNA_001/20221012_030000.WAV,Telephone Field,recover-20221013,001,1795
130.4105,130.4493,68437,82427,Rhinolophus ferrumequinum,0.023,0.023,-1,Echolocation,/mnt/ubna_data_02_mir/recover-20221013/UBNA_001/20221012_030000.WAV,Telephone Field,recover-20221013,001,1795
130.42849999999999,130.4672,68437,82394,Rhinolophus ferrumequinum,0.022,0.022,-1,Echolocation,/mnt/ubna_data_02_mir/recover-20221013/UBNA_001/20221012_030000.WAV,Telephone Field,recover-20221013,001,1795
130.4345,130.448,22031,26131,Nyctalus leisleri,0.02,0.036,-1,Echolocation,/mnt/ubna_data_02_mir/recover-20221013/UBNA_001/20221012_030000.WAV,Telephone Field,recover-20221013,001,1795
130.4595,130.5023,68437,82924,Rhinolophus ferrumequinum,0.036,0.036,-1,Echolocation,/mnt/ubna_data_02_mir/recover-20221013/UBNA_001/20221012_030000.WAV,Telephone Field,recover-20221013,001,1795
130.5015,130.5109,28906,36952,Eptesicus serotinus,0.007,0.021,-1,Echolocation,/mnt/ubna_data_02_mir/recover-20221013/UBNA_001/20221012_030000.WAV,Telephone Field,recover-20221013,001,1795
130.5035,130.51409999999998,33203,39330,Eptesicus serotinus,0.006,0.022,-1,Echolocation,/mnt/ubna_data_02_mir/recover-20221013/UBNA_001/20221012_030000.WAV,Telephone Field,recover-20221013,001,1795
130.5315,130.5438,32343,38003,Eptesicus serotinus,0.009,0.029,-1,Echolocation,/mnt/ubna_data_02_mir/recover-20221013/UBNA_001/20221012_030000.WAV,Telephone Field,recover-20221013,001,1795
130.5325,130.5717,68437,82010,Rhinolophus ferrumequinum,0.025,0.025,-1,Echolocation,/mnt/ubna_data_02_mir/recover-20221013/UBNA_001/20221012_030000.WAV,Telephone Field,recover-20221013,001,1795
130.5905,130.6287,68437,81727,Rhinolophus ferrumequinum,0.021,0.021,-1,Echolocation,/mnt/ubna_data_02_mir/recover-20221013/UBNA_001/20221012_030000.WAV,Telephone Field,recover-20221013,001,1795
130.5995,130.6058,24609,35071,Plecotus austriacus,0.018,0.037,-1,Echolocation,/mnt/ubna_data_02_mir/recover-20221013/UBNA_001/20221012_030000.WAV,Telephone Field,recover-20221013,001,1795
130.6415,130.6766,68437,81991,Rhinolophus ferrumequinum,0.022,0.022,-1,Echolocation,/mnt/ubna_data_02_mir/recover-20221013/UBNA_001/20221012_030000.WAV,Telephone Field,recover-20221013,001,1795
130.6655,130.7046,68437,82602,Rhinolophus ferrumequinum,0.03,0.03,-1,Echolocation,/mnt/ubna_data_02_mir/recover-20221013/UBNA_001/20221012_030000.WAV,Telephone Field,recover-20221013,001,1795
130.6755,130.6874,28906,36168,Eptesicus serotinus,0.014,0.025,-1,Echolocation,/mnt/ubna_data_02_mir/recover-20221013/UBNA_001/20221012_030000.WAV,Telephone Field,recover-20221013,001,1795
130.6845,130.6934,28046,36898,Eptesicus serotinus,0.009,0.024,-1,Echolocation,/mnt/ubna_data_02_mir/recover-20221013/UBNA_001/20221012_030000.WAV,Telephone Field,recover-20221013,001,1795
130.70850000000002,130.7182,28906,37053,Eptesicus serotinus,0.009,0.021,-1,Echolocation,/mnt/ubna_data_02_mir/recover-20221013/UBNA_001/20221012_030000.WAV,Telephone Field,recover-20221013,001,1795
130.7305,130.7691,68437,82406,Rhinolophus ferrumequinum,0.026,0.026,-1,Echolocation,/mnt/ubna_data_02_mir/recover-20221013/UBNA_001/20221012_030000.WAV,Telephone Field,recover-20221013,001,1795
130.7605,130.7673,23750,33437,Plecotus austriacus,0.016,0.032,-1,Echolocation,/mnt/ubna_data_02_mir/recover-20221013/UBNA_001/20221012_030000.WAV,Telephone Field,recover-20221013,001,1795
130.7955,130.8341,68437,82485,Rhinolophus ferrumequinum,0.024,0.024,-1,Echolocation,/mnt/ubna_data_02_mir/recover-20221013/UBNA_001/20221012_030000.WAV,Telephone Field,recover-20221013,001,1795
130.8195,130.8556,68437,81403,Rhinolophus ferrumequinum,0.021,0.021,-1,Echolocation,/mnt/ubna_data_02_mir/recover-20221013/UBNA_001/20221012_030000.WAV,Telephone Field,recover-20221013,001,1795
130.8195,130.8276,25468,33718,Eptesicus serotinus,0.007,0.022,-1,Echolocation,/mnt/ubna_data_02_mir/recover-20221013/UBNA_001/20221012_030000.WAV,Telephone Field,recover-20221013,001,1795
130.8305,130.8699,68437,81757,Rhinolophus ferrumequinum,0.021,0.021,-1,Echolocation,/mnt/ubna_data_02_mir/recover-20221013/UBNA_001/20221012_030000.WAV,Telephone Field,recover-20221013,001,1795
130.8885,130.9272,68437,81814,Rhinolophus ferrumequinum,0.046,0.046,-1,Echolocation,/mnt/ubna_data_02_mir/recover-20221013/UBNA_001/20221012_030000.WAV,Telephone Field,recover-20221013,001,1795
130.9005,130.94,68437,82007,Rhinolophus ferrumequinum,0.022,0.022,-1,Echolocation,/mnt/ubna_data_02_mir/recover-20221013/UBNA_001/20221012_030000.WAV,Telephone Field,recover-20221013,001,1795
130.9075,130.9478,68437,82312,Rhinolophus ferrumequinum,0.025,0.025,-1,Echolocation,/mnt/ubna_data_02_mir/recover-20221013/UBNA_001/20221012_030000.WAV,Telephone Field,recover-20221013,001,1795
130.9085,130.9199,28046,34629,Eptesicus serotinus,0.03,0.052,-1,Echolocation,/mnt/ubna_data_02_mir/recover-20221013/UBNA_001/20221012_030000.WAV,Telephone Field,recover-20221013,001,1795
130.9315,130.9413,22031,27654,Nyctalus leisleri,0.008,0.022,-1,Echolocation,/mnt/ubna_data_02_mir/recover-20221013/UBNA_001/20221012_030000.WAV,Telephone Field,recover-20221013,001,1795
130.9345,130.9698,68437,81757,Rhinolophus ferrumequinum,0.021,0.021,-1,Echolocation,/mnt/ubna_data_02_mir/recover-20221013/UBNA_001/20221012_030000.WAV,Telephone Field,recover-20221013,001,1795
130.9575,131.0012,68437,83500,Rhinolophus ferrumequinum,0.058,0.058,-1,Echolocation,/mnt/ubna_data_02_mir/recover-20221013/UBNA_001/20221012_030000.WAV,Telephone Field,recover-20221013,001,1795
130.9755,131.01409999999998,68437,82063,Rhinolophus ferrumequinum,0.024,0.024,-1,Echolocation,/mnt/ubna_data_02_mir/recover-20221013/UBNA_001/20221012_030000.WAV,Telephone Field,recover-20221013,001,1795
130.9985,131.0055,27187,41652,Eptesicus serotinus,0.006,0.023,-1,Echolocation,/mnt/ubna_data_02_mir/recover-20221013/UBNA_001/20221012_030000.WAV,Telephone Field,recover-20221013,001,1795
131.0515,131.0615,26328,34150,Eptesicus serotinus,0.011,0.027,-1,Echolocation,/mnt/ubna_data_02_mir/recover-20221013/UBNA_001/20221012_030000.WAV,Telephone Field,recover-20221013,001,1795
131.1265,131.1689,68437,83046,Rhinolophus ferrumequinum,0.038,0.038,-1,Echolocation,/mnt/ubna_data_02_mir/recover-20221013/UBNA_001/20221012_030000.WAV,Telephone Field,recover-20221013,001,1795
131.1265,131.1354,24609,32189,Nyctalus leisleri,0.011,0.036,-1,Echolocation,/mnt/ubna_data_02_mir/recover-20221013/UBNA_001/20221012_030000.WAV,Telephone Field,recover-20221013,001,1795
131.1565,131.1669,28906,35995,Eptesicus serotinus,0.013,0.026,-1,Echolocation,/mnt/ubna_data_02_mir/recover-20221013/UBNA_001/20221012_030000.WAV,Telephone Field,recover-20221013,001,1795
131.2215,131.2603,68437,82726,Rhinolophus ferrumequinum,0.022,0.022,-1,Echolocation,/mnt/ubna_data_02_mir/recover-20221013/UBNA_001/20221012_030000.WAV,Telephone Field,recover-20221013,001,1795
131.2965,131.3376,68437,83052,Rhinolophus ferrumequinum,0.028,0.028,-1,Echolocation,/mnt/ubna_data_02_mir/recover-20221013/UBNA_001/20221012_030000.WAV,Telephone Field,recover-20221013,001,1795
131.3125,131.3522,68437,81956,Rhinolophus ferrumequinum,0.028,0.028,-1,Echolocation,/mnt/ubna_data_02_mir/recover-20221013/UBNA_001/20221012_030000.WAV,Telephone Field,recover-20221013,001,1795
131.3385,131.3472,24609,32826,Nyctalus leisleri,0.012,0.039,-1,Echolocation,/mnt/ubna_data_02_mir/recover-20221013/UBNA_001/20221012_030000.WAV,Telephone Field,recover-20221013,001,1795
131.3625,131.3995,68437,81125,Rhinolophus ferrumequinum,0.022,0.022,-1,Echolocation,/mnt/ubna_data_02_mir/recover-20221013/UBNA_001/20221012_030000.WAV,Telephone Field,recover-20221013,001,1795
131.3785,131.413,68437,81468,Rhinolophus ferrumequinum,0.021,0.021,-1,Echolocation,/mnt/ubna_data_02_mir/recover-20221013/UBNA_001/20221012_030000.WAV,Telephone Field,recover-20221013,001,1795
131.3885,131.4247,68437,81014,Rhinolophus ferrumequinum,0.023,0.023,-1,Echolocation,/mnt/ubna_data_02_mir/recover-20221013/UBNA_001/20221012_030000.WAV,Telephone Field,recover-20221013,001,1795
131.3995,131.4092,22031,27506,Nyctalus leisleri,0.009,0.023,-1,Echolocation,/mnt/ubna_data_02_mir/recover-20221013/UBNA_001/20221012_030000.WAV,Telephone Field,recover-20221013,001,1795
131.4185,131.4556,68437,81340,Rhinolophus ferrumequinum,0.025,0.025,-1,Echolocation,/mnt/ubna_data_02_mir/recover-20221013/UBNA_001/20221012_030000.WAV,Telephone Field,recover-20221013,001,1795
131.4275,131.4355,26328,35499,Eptesicus serotinus,0.01,0.028,-1,Echolocation,/mnt/ubna_data_02_mir/recover-20221013/UBNA_001/20221012_030000.WAV,Telephone Field,recover-20221013,001,1795
131.4875,131.5062,22031,26297,Nyctalus leisleri,0.024,0.046,-1,Echolocation,/mnt/ubna_data_02_mir/recover-20221013/UBNA_001/20221012_030000.WAV,Telephone Field,recover-20221013,001,1795
131.5065,131.5433,68437,81657,Rhinolophus ferrumequinum,0.022,0.022,-1,Echolocation,/mnt/ubna_data_02_mir/recover-20221013/UBNA_001/20221012_030000.WAV,Telephone Field,recover-20221013,001,1795
131.5385,131.5485,24609,31715,Eptesicus serotinus,0.008,0.025,-1,Echolocation,/mnt/ubna_data_02_mir/recover-20221013/UBNA_001/20221012_030000.WAV,Telephone Field,recover-20221013,001,1795
131.58350000000002,131.6232,68437,81970,Rhinolophus ferrumequinum,0.031,0.031,-1,Echolocation,/mnt/ubna_data_02_mir/recover-20221013/UBNA_001/20221012_030000.WAV,Telephone Field,recover-20221013,001,1795
131.6345,131.6742,68437,82388,Rhinolophus ferrumequinum,0.022,0.022,-1,Echolocation,/mnt/ubna_data_02_mir/recover-20221013/UBNA_001/20221012_030000.WAV,Telephone Field,recover-20221013,001,1795
131.6675,131.7082,68437,82412,Rhinolophus ferrumequinum,0.033,0.033,-1,Echolocation,/mnt/ubna_data_02_mir/recover-20221013/UBNA_001/20221012_030000.WAV,Telephone Field,recover-20221013,001,1795
131.7025,131.7407,68437,82197,Rhinolophus ferrumequinum,0.023,0.023,-1,Echolocation,/mnt/ubna_data_02_mir/recover-20221013/UBNA_001/20221012_030000.WAV,Telephone Field,recover-20221013,001,1795
131.7095,131.7177,28046,40204,Eptesicus serotinus,0.009,0.027,-1,Echolocation,/mnt/ubna_data_02_mir/recover-20221013/UBNA_001/20221012_030000.WAV,Telephone Field,recover-20221013,001,1795
131.7645,131.7721,26328,36679,Eptesicus serotinus,0.007,0.022,-1,Echolocation,/mnt/ubna_data_02_mir/recover-20221013/UBNA_001/20221012_030000.WAV,Telephone Field,recover-20221013,001,1795
131.7785,131.7858,26328,40634,Eptesicus serotinus,0.006,0.023,-1,Echolocation,/mnt/ubna_data_02_mir/recover-20221013/UBNA_001/20221012_030000.WAV,Telephone Field,recover-20221013,001,1795
131.7865,131.8249,68437,82503,Rhinolophus ferrumequinum,0.028,0.028,-1,Echolocation,/mnt/ubna_data_02_mir/recover-20221013/UBNA_001/20221012_030000.WAV,Telephone Field,recover-20221013,001,1795
131.7885,131.7965,22890,30376,Plecotus austriacus,0.011,0.025,-1,Echolocation,/mnt/ubna_data_02_mir/recover-20221013/UBNA_001/20221012_030000.WAV,Telephone Field,recover-20221013,001,1795
131.8265,131.8341,28906,40231,Eptesicus serotinus,0.01,0.031,-1,Echolocation,/mnt/ubna_data_02_mir/recover-20221013/UBNA_001/20221012_030000.WAV,Telephone Field,recover-20221013,001,1795
131.8675,131.8783,22031,27386,Nyctalus leisleri,0.01,0.023,-1,Echolocation,/mnt/ubna_data_02_mir/recover-20221013/UBNA_001/20221012_030000.WAV,Telephone Field,recover-20221013,001,1795
131.8785,131.9152,68437,81723,Rhinolophus ferrumequinum,0.024,0.024,-1,Echolocation,/mnt/ubna_data_02_mir/recover-20221013/UBNA_001/20221012_030000.WAV,Telephone Field,recover-20221013,001,1795
131.8835,131.8927,23750,31332,Plecotus austriacus,0.007,0.026,-1,Echolocation,/mnt/ubna_data_02_mir/recover-20221013/UBNA_001/20221012_030000.WAV,Telephone Field,recover-20221013,001,1795
131.8965,131.9049,28046,38172,Eptesicus serotinus,0.009,0.025,-1,Echolocation,/mnt/ubna_data_02_mir/recover-20221013/UBNA_001/20221012_030000.WAV,Telephone Field,recover-20221013,001,1795
131.9065,131.9428,68437,81342,Rhinolophus ferrumequinum,0.024,0.024,-1,Echolocation,/mnt/ubna_data_02_mir/recover-20221013/UBNA_001/20221012_030000.WAV,Telephone Field,recover-20221013,001,1795
131.9445,131.9534,27187,36988,Eptesicus serotinus,0.008,0.022,-1,Echolocation,/mnt/ubna_data_02_mir/recover-20221013/UBNA_001/20221012_030000.WAV,Telephone Field,recover-20221013,001,1795
131.9745,131.98590000000002,24609,31356,Nyctalus leisleri,0.015,0.04,-1,Echolocation,/mnt/ubna_data_02_mir/recover-20221013/UBNA_001/20221012_030000.WAV,Telephone Field,recover-20221013,001,1795
131.9845,131.9957,22031,27482,Nyctalus leisleri,0.01,0.022,-1,Echolocation,/mnt/ubna_data_02_mir/recover-20221013/UBNA_001/20221012_030000.WAV,Telephone Field,recover-20221013,001,1795
132.0015,132.0093,22890,29926,Nyctalus leisleri,0.008,0.026,-1,Echolocation,/mnt/ubna_data_02_mir/recover-20221013/UBNA_001/20221012_030000.WAV,Telephone Field,recover-20221013,001,1795
132.0015,132.0092,46953,54105,Pipistrellus pipistrellus,0.02,0.028,-1,Echolocation,/mnt/ubna_data_02_mir/recover-20221013/UBNA_001/20221012_030000.WAV,Telephone Field,recover-20221013,001,1795
132.0015,132.0366,68437,79676,Rhinolophus ferrumequinum,0.039,0.039,-1,Echolocation,/mnt/ubna_data_02_mir/recover-20221013/UBNA_001/20221012_030000.WAV,Telephone Field,recover-20221013,001,1795
132.0075,132.0483,68437,82351,Rhinolophus ferrumequinum,0.024,0.024,-1,Echolocation,/mnt/ubna_data_02_mir/recover-20221013/UBNA_001/20221012_030000.WAV,Telephone Field,recover-20221013,001,1795
132.0445,132.0553,23750,29591,Nyctalus leisleri,0.009,0.022,-1,Echolocation,/mnt/ubna_data_02_mir/recover-20221013/UBNA_001/20221012_030000.WAV,Telephone Field,recover-20221013,001,1795
132.0555,132.064,25468,33724,Eptesicus serotinus,0.006,0.021,-1,Echolocation,/mnt/ubna_data_02_mir/recover-20221013/UBNA_001/20221012_030000.WAV,Telephone Field,recover-20221013,001,1795
132.1055,132.1431,68437,82153,Rhinolophus ferrumequinum,0.024,0.024,-1,Echolocation,/mnt/ubna_data_02_mir/recover-20221013/UBNA_001/20221012_030000.WAV,Telephone Field,recover-20221013,001,1795
132.1165,132.127,23750,30743,Nyctalus leisleri,0.01,0.033,-1,Echolocation,/mnt/ubna_data_02_mir/recover-20221013/UBNA_001/20221012_030000.WAV,Telephone Field,recover-20221013,001,1795
132.1195,132.1605,68437,82225,Rhinolophus ferrumequinum,0.024,0.024,-1,Echolocation,/mnt/ubna_data_02_mir/recover-20221013/UBNA_001/20221012_030000.WAV,Telephone Field,recover-20221013,001,1795
132.1325,132.1726,68437,82475,Rhinolophus ferrumequinum,0.023,0.023,-1,Echolocation,/mnt/ubna_data_02_mir/recover-20221013/UBNA_001/20221012_030000.WAV,Telephone Field,recover-20221013,001,1795
132.1395,132.1496,25468,32763,Eptesicus serotinus,0.011,0.025,-1,Echolocation,/mnt/ubna_data_02_mir/recover-20221013/UBNA_001/20221012_030000.WAV,Telephone Field,recover-20221013,001,1795
132.1405,132.1792,68437,81857,Rhinolophus ferrumequinum,0.023,0.023,-1,Echolocation,/mnt/ubna_data_02_mir/recover-20221013/UBNA_001/20221012_030000.WAV,Telephone Field,recover-20221013,001,1795
132.1745,132.2144,68437,82744,Rhinolophus ferrumequinum,0.024,0.024,-1,Echolocation,/mnt/ubna_data_02_mir/recover-20221013/UBNA_001/20221012_030000.WAV,Telephone Field,recover-20221013,001,1795
132.1995,132.2097,23750,29677,Nyctalus leisleri,0.01,0.025,-1,Echolocation,/mnt/ubna_data_02_mir/recover-20221013/UBNA_001/20221012_030000.WAV,Telephone Field,recover-20221013,001,1795
132.2495,132.2907,68437,82419,Rhinolophus ferrumequinum,0.026,0.026,-1,Echolocation,/mnt/ubna_data_02_mir/recover-20221013/UBNA_001/20221012_030000.WAV,Telephone Field,recover-20221013,001,1795
132.3445,132.3515,22890,33218,Plecotus austriacus,0.016,0.03,-1,Echolocation,/mnt/ubna_data_02_mir/recover-20221013/UBNA_001/20221012_030000.WAV,Telephone Field,recover-20221013,001,1795
132.3825,132.3945,22890,27621,Nyctalus leisleri,0.019,0.037,-1,Echolocation,/mnt/ubna_data_02_mir/recover-20221013/UBNA_001/20221012_030000.WAV,Telephone Field,recover-20221013,001,1795
132.4185,132.4277,23750,30018,Nyctalus leisleri,0.008,0.022,-1,Echolocation,/mnt/ubna_data_02_mir/recover-20221013/UBNA_001/20221012_030000.WAV,Telephone Field,recover-20221013,001,1795
132.4425,132.4813,68437,82213,Rhinolophus ferrumequinum,0.023,0.023,-1,Echolocation,/mnt/ubna_data_02_mir/recover-20221013/UBNA_001/20221012_030000.WAV,Telephone Field,recover-20221013,001,1795
132.4775,132.5129,68437,81034,Rhinolophus ferrumequinum,0.023,0.023,-1,Echolocation,/mnt/ubna_data_02_mir/recover-20221013/UBNA_001/20221012_030000.WAV,Telephone Field,recover-20221013,001,1795
132.5175,132.5532,68437,81923,Rhinolophus ferrumequinum,0.021,0.021,-1,Echolocation,/mnt/ubna_data_02_mir/recover-20221013/UBNA_001/20221012_030000.WAV,Telephone Field,recover-20221013,001,1795
132.5305,132.5394,28046,42680,Eptesicus serotinus,0.01,0.024,-1,Echolocation,/mnt/ubna_data_02_mir/recover-20221013/UBNA_001/20221012_030000.WAV,Telephone Field,recover-20221013,001,1795
132.5495,132.5874,68437,81831,Rhinolophus ferrumequinum,0.023,0.024,-1,Echolocation,/mnt/ubna_data_02_mir/recover-20221013/UBNA_001/20221012_030000.WAV,Telephone Field,recover-20221013,001,1795
132.55349999999999,132.56380000000001,23750,29650,Nyctalus leisleri,0.009,0.023,-1,Echolocation,/mnt/ubna_data_02_mir/recover-20221013/UBNA_001/20221012_030000.WAV,Telephone Field,recover-20221013,001,1795
132.6095,132.6279,16015,19345,Nyctalus noctula,0.023,0.034,-1,Echolocation,/mnt/ubna_data_02_mir/recover-20221013/UBNA_001/20221012_030000.WAV,Telephone Field,recover-20221013,001,1795
132.6335,132.6711,68437,81596,Rhinolophus ferrumequinum,0.021,0.021,-1,Echolocation,/mnt/ubna_data_02_mir/recover-20221013/UBNA_001/20221012_030000.WAV,Telephone Field,recover-20221013,001,1795
132.6485,132.6573,28046,41206,Eptesicus serotinus,0.014,0.031,-1,Echolocation,/mnt/ubna_data_02_mir/recover-20221013/UBNA_001/20221012_030000.WAV,Telephone Field,recover-20221013,001,1795
132.6495,132.6867,68437,82331,Rhinolophus ferrumequinum,0.025,0.025,-1,Echolocation,/mnt/ubna_data_02_mir/recover-20221013/UBNA_001/20221012_030000.WAV,Telephone Field,recover-20221013,001,1795
132.6735,132.6855,22890,27867,Nyctalus leisleri,0.011,0.023,-1,Echolocation,/mnt/ubna_data_02_mir/recover-20221013/UBNA_001/20221012_030000.WAV,Telephone Field,recover-20221013,001,1795
132.6915,132.7273,68437,81638,Rhinolophus ferrumequinum,0.023,0.023,-1,Echolocation,/mnt/ubna_data_02_mir/recover-20221013/UBNA_001/20221012_030000.WAV,Telephone Field,recover-20221013,001,1795
132.7185,132.7524,68437,81357,Rhinolophus ferrumequinum,0.021,0.021,-1,Echolocation,/mnt/ubna_data_02_mir/recover-20221013/UBNA_001/20221012_030000.WAV,Telephone Field,recover-20221013,001,1795
132.7405,132.7781,68437,81651,Rhinolophus ferrumequinum,0.022,0.022,-1,Echolocation,/mnt/ubna_data_02_mir/recover-20221013/UBNA_001/20221012_030000.WAV,Telephone Field,recover-20221013,001,1795
132.8195,132.8616,68437,83115,Rhinolophus ferrumequinum,0.022,0.022,-1,Echolocation,/mnt/ubna_data_02_mir/recover-20221013/UBNA_001/20221012_030000.WAV,Telephone Field,recover-20221013,001,1795
132.8475,132.8547,27187,42570,Eptesicus serotinus,0.008,0.025,-1,Echolocation,/mnt/ubna_data_02_mir/recover-20221013/UBNA_001/20221012_030000.WAV,Telephone Field,recover-20221013,001,1795
132.8745,132.9147,68437,81801,Rhinolophus ferrumequinum,0.033,0.033,-1,Echolocation,/mnt/ubna_data_02_mir/recover-20221013/UBNA_001/20221012_030000.WAV,Telephone Field,recover-20221013,001,1795
132.8755,132.8852,22031,27087,Nyctalus leisleri,0.009,0.021,-1,Echolocation,/mnt/ubna_data_02_mir/recover-20221013/UBNA_001/20221012_030000.WAV,Telephone Field,recover-20221013,001,1795
132.8865,132.9239,68437,81918,Rhinolophus ferrumequinum,0.023,0.023,-1,Echolocation,/mnt/ubna_data_02_mir/recover-20221013/UBNA_001/20221012_030000.WAV,Telephone Field,recover-20221013,001,1795
132.8965,132.9048,28046,37615,Eptesicus serotinus,0.008,0.022,-1,Echolocation,/mnt/ubna_data_02_mir/recover-20221013/UBNA_001/20221012_030000.WAV,Telephone Field,recover-20221013,001,1795
132.9495,132.9586,28906,38244,Eptesicus serotinus,0.009,0.022,-1,Echolocation,/mnt/ubna_data_02_mir/recover-20221013/UBNA_001/20221012_030000.WAV,Telephone Field,recover-20221013,001,1795
133.0335,133.0428,28906,38748,Eptesicus serotinus,0.009,0.022,-1,Echolocation,/mnt/ubna_data_02_mir/recover-20221013/UBNA_001/20221012_030000.WAV,Telephone Field,recover-20221013,001,1795
133.0465,133.0843,68437,82260,Rhinolophus ferrumequinum,0.023,0.023,-1,Echolocation,/mnt/ubna_data_02_mir/recover-20221013/UBNA_001/20221012_030000.WAV,Telephone Field,recover-20221013,001,1795
133.0665,133.1052,68437,82141,Rhinolophus ferrumequinum,0.022,0.023,-1,Echolocation,/mnt/ubna_data_02_mir/recover-20221013/UBNA_001/20221012_030000.WAV,Telephone Field,recover-20221013,001,1795
133.0725,133.1126,68437,82755,Rhinolophus ferrumequinum,0.022,0.022,-1,Echolocation,/mnt/ubna_data_02_mir/recover-20221013/UBNA_001/20221012_030000.WAV,Telephone Field,recover-20221013,001,1795
133.0865,133.0959,26328,34090,Eptesicus serotinus,0.009,0.023,-1,Echolocation,/mnt/ubna_data_02_mir/recover-20221013/UBNA_001/20221012_030000.WAV,Telephone Field,recover-20221013,001,1795
133.0875,133.1231,68437,81884,Rhinolophus ferrumequinum,0.025,0.025,-1,Echolocation,/mnt/ubna_data_02_mir/recover-20221013/UBNA_001/20221012_030000.WAV,Telephone Field,recover-20221013,001,1795
133.1125,133.1502,68437,81875,Rhinolophus ferrumequinum,0.023,0.023,-1,Echolocation,/mnt/ubna_data_02_mir/recover-20221013/UBNA_001/20221012_030000.WAV,Telephone Field,recover-20221013,001,1795
133.1395,133.149,14296,22801,Nyctalus noctula,0.013,0.03,-1,Echolocation,/mnt/ubna_data_02_mir/recover-20221013/UBNA_001/20221012_030000.WAV,Telephone Field,recover-20221013,001,1795
133.1715,133.1824,23750,30157,Nyctalus leisleri,0.01,0.024,-1,Echolocation,/mnt/ubna_data_02_mir/recover-20221013/UBNA_001/20221012_030000.WAV,Telephone Field,recover-20221013,001,1795
133.2665,133.3074,68437,82604,Rhinolophus ferrumequinum,0.025,0.025,-1,Echolocation,/mnt/ubna_data_02_mir/recover-20221013/UBNA_001/20221012_030000.WAV,Telephone Field,recover-20221013,001,1795
133.3475,133.3582,23750,29239,Nyctalus leisleri,0.009,0.021,-1,Echolocation,/mnt/ubna_data_02_mir/recover-20221013/UBNA_001/20221012_030000.WAV,Telephone Field,recover-20221013,001,1795
133.3515,133.3913,68437,81885,Rhinolophus ferrumequinum,0.023,0.023,-1,Echolocation,/mnt/ubna_data_02_mir/recover-20221013/UBNA_001/20221012_030000.WAV,Telephone Field,recover-20221013,001,1795
133.3575,133.36860000000001,27187,34549,Eptesicus serotinus,0.01,0.025,-1,Echolocation,/mnt/ubna_data_02_mir/recover-20221013/UBNA_001/20221012_030000.WAV,Telephone Field,recover-20221013,001,1795
133.3985,133.4378,68437,82125,Rhinolophus ferrumequinum,0.024,0.024,-1,Echolocation,/mnt/ubna_data_02_mir/recover-20221013/UBNA_001/20221012_030000.WAV,Telephone Field,recover-20221013,001,1795
133.4035,133.4116,28046,42185,Eptesicus serotinus,0.009,0.027,-1,Echolocation,/mnt/ubna_data_02_mir/recover-20221013/UBNA_001/20221012_030000.WAV,Telephone Field,recover-20221013,001,1795
133.4155,133.4324,19453,22396,Nyctalus leisleri,0.014,0.027,-1,Echolocation,/mnt/ubna_data_02_mir/recover-20221013/UBNA_001/20221012_030000.WAV,Telephone Field,recover-20221013,001,1795
133.4865,133.499,28906,36125,Eptesicus serotinus,0.014,0.027,-1,Echolocation,/mnt/ubna_data_02_mir/recover-20221013/UBNA_001/20221012_030000.WAV,Telephone Field,recover-20221013,001,1795
133.5295,133.5663,68437,80663,Rhinolophus ferrumequinum,0.023,0.023,-1,Echolocation,/mnt/ubna_data_02_mir/recover-20221013/UBNA_001/20221012_030000.WAV,Telephone Field,recover-20221013,001,1795
133.5635,133.6033,68437,82196,Rhinolophus ferrumequinum,0.025,0.025,-1,Echolocation,/mnt/ubna_data_02_mir/recover-20221013/UBNA_001/20221012_030000.WAV,Telephone Field,recover-20221013,001,1795
133.5675,133.5745,28046,44954,Eptesicus serotinus,0.008,0.025,-1,Echolocation,/mnt/ubna_data_02_mir/recover-20221013/UBNA_001/20221012_030000.WAV,Telephone Field,recover-20221013,001,1795
133.5915,133.6007,14296,22631,Nyctalus noctula,0.013,0.027,-1,Echolocation,/mnt/ubna_data_02_mir/recover-20221013/UBNA_001/20221012_030000.WAV,Telephone Field,recover-20221013,001,1795
133.6295,133.6679,68437,81791,Rhinolophus ferrumequinum,0.023,0.023,-1,Echolocation,/mnt/ubna_data_02_mir/recover-20221013/UBNA_001/20221012_030000.WAV,Telephone Field,recover-20221013,001,1795
133.6535,133.6619,28046,36517,Eptesicus serotinus,0.007,0.021,-1,Echolocation,/mnt/ubna_data_02_mir/recover-20221013/UBNA_001/20221012_030000.WAV,Telephone Field,recover-20221013,001,1795
133.6545,133.6668,34062,38883,Eptesicus serotinus,0.007,0.023,-1,Echolocation,/mnt/ubna_data_02_mir/recover-20221013/UBNA_001/20221012_030000.WAV,Telephone Field,recover-20221013,001,1795
133.7025,133.7422,68437,82449,Rhinolophus ferrumequinum,0.023,0.023,-1,Echolocation,/mnt/ubna_data_02_mir/recover-20221013/UBNA_001/20221012_030000.WAV,Telephone Field,recover-20221013,001,1795
133.7385,133.775,68437,81410,Rhinolophus ferrumequinum,0.021,0.021,-1,Echolocation,/mnt/ubna_data_02_mir/recover-20221013/UBNA_001/20221012_030000.WAV,Telephone Field,recover-20221013,001,1795
133.8315,133.8746,68437,83021,Rhinolophus ferrumequinum,0.024,0.024,-1,Echolocation,/mnt/ubna_data_02_mir/recover-20221013/UBNA_001/20221012_030000.WAV,Telephone Field,recover-20221013,001,1795
133.9115,133.919,28046,45117,Eptesicus serotinus,0.007,0.022,-1,Echolocation,/mnt/ubna_data_02_mir/recover-20221013/UBNA_001/20221012_030000.WAV,Telephone Field,recover-20221013,001,1795
133.9275,133.9358,26328,36573,Eptesicus serotinus,0.01,0.026,-1,Echolocation,/mnt/ubna_data_02_mir/recover-20221013/UBNA_001/20221012_030000.WAV,Telephone Field,recover-20221013,001,1795
133.9425,133.9513,28046,38884,Eptesicus serotinus,0.01,0.023,-1,Echolocation,/mnt/ubna_data_02_mir/recover-20221013/UBNA_001/20221012_030000.WAV,Telephone Field,recover-20221013,001,1795
134.0015,134.0103,24609,31812,Nyctalus leisleri,0.01,0.03,-1,Echolocation,/mnt/ubna_data_02_mir/recover-20221013/UBNA_001/20221012_030000.WAV,Telephone Field,recover-20221013,001,1795
134.0015,134.015,51250,56588,Pipistrellus pipistrellus,0.015,0.023,-1,Echolocation,/mnt/ubna_data_02_mir/recover-20221013/UBNA_001/20221012_030000.WAV,Telephone Field,recover-20221013,001,1795
134.0015,134.0346,68437,79342,Rhinolophus ferrumequinum,0.036,0.036,-1,Echolocation,/mnt/ubna_data_02_mir/recover-20221013/UBNA_001/20221012_030000.WAV,Telephone Field,recover-20221013,001,1795
134.0085,134.0498,68437,81868,Rhinolophus ferrumequinum,0.022,0.022,-1,Echolocation,/mnt/ubna_data_02_mir/recover-20221013/UBNA_001/20221012_030000.WAV,Telephone Field,recover-20221013,001,1795
134.0185,134.0275,28046,38749,Eptesicus serotinus,0.01,0.026,-1,Echolocation,/mnt/ubna_data_02_mir/recover-20221013/UBNA_001/20221012_030000.WAV,Telephone Field,recover-20221013,001,1795
134.0435,134.0811,68437,81595,Rhinolophus ferrumequinum,0.025,0.025,-1,Echolocation,/mnt/ubna_data_02_mir/recover-20221013/UBNA_001/20221012_030000.WAV,Telephone Field,recover-20221013,001,1795
134.0765,134.0965,19453,22207,Nyctalus leisleri,0.021,0.041,-1,Echolocation,/mnt/ubna_data_02_mir/recover-20221013/UBNA_001/20221012_030000.WAV,Telephone Field,recover-20221013,001,1795
134.0845,134.0946,28046,35890,Eptesicus serotinus,0.012,0.025,-1,Echolocation,/mnt/ubna_data_02_mir/recover-20221013/UBNA_001/20221012_030000.WAV,Telephone Field,recover-20221013,001,1795
134.0865,134.1247,68437,82068,Rhinolophus ferrumequinum,0.024,0.024,-1,Echolocation,/mnt/ubna_data_02_mir/recover-20221013/UBNA_001/20221012_030000.WAV,Telephone Field,recover-20221013,001,1795
134.1265,134.1661,68437,82521,Rhinolophus ferrumequinum,0.023,0.023,-1,Echolocation,/mnt/ubna_data_02_mir/recover-20221013/UBNA_001/20221012_030000.WAV,Telephone Field,recover-20221013,001,1795
134.1425,134.1545,28046,34771,Eptesicus serotinus,0.02,0.034,-1,Echolocation,/mnt/ubna_data_02_mir/recover-20221013/UBNA_001/20221012_030000.WAV,Telephone Field,recover-20221013,001,1795
134.1435,134.1841,68437,82143,Rhinolophus ferrumequinum,0.023,0.023,-1,Echolocation,/mnt/ubna_data_02_mir/recover-20221013/UBNA_001/20221012_030000.WAV,Telephone Field,recover-20221013,001,1795
134.1565,134.19389999999999,68437,81726,Rhinolophus ferrumequinum,0.024,0.024,-1,Echolocation,/mnt/ubna_data_02_mir/recover-20221013/UBNA_001/20221012_030000.WAV,Telephone Field,recover-20221013,001,1795
134.1655,134.2046,68437,82714,Rhinolophus ferrumequinum,0.025,0.025,-1,Echolocation,/mnt/ubna_data_02_mir/recover-20221013/UBNA_001/20221012_030000.WAV,Telephone Field,recover-20221013,001,1795
134.1825,134.2223,68437,82426,Rhinolophus ferrumequinum,0.023,0.023,-1,Echolocation,/mnt/ubna_data_02_mir/recover-20221013/UBNA_001/20221012_030000.WAV,Telephone Field,recover-20221013,001,1795
134.2315,134.2716,68437,82609,Rhinolophus ferrumequinum,0.03,0.03,-1,Echolocation,/mnt/ubna_data_02_mir/recover-20221013/UBNA_001/20221012_030000.WAV,Telephone Field,recover-20221013,001,1795
134.2345,134.2463,26328,34034,Eptesicus serotinus,0.013,0.028,-1,Echolocation,/mnt/ubna_data_02_mir/recover-20221013/UBNA_001/20221012_030000.WAV,Telephone Field,recover-20221013,001,1795
134.2405,134.2543,28906,33773,Eptesicus serotinus,0.013,0.028,-1,Echolocation,/mnt/ubna_data_02_mir/recover-20221013/UBNA_001/20221012_030000.WAV,Telephone Field,recover-20221013,001,1795
134.2805,134.2956,20312,23844,Nyctalus leisleri,0.013,0.024,-1,Echolocation,/mnt/ubna_data_02_mir/recover-20221013/UBNA_001/20221012_030000.WAV,Telephone Field,recover-20221013,001,1795
134.3165,134.3554,68437,82417,Rhinolophus ferrumequinum,0.025,0.025,-1,Echolocation,/mnt/ubna_data_02_mir/recover-20221013/UBNA_001/20221012_030000.WAV,Telephone Field,recover-20221013,001,1795
134.3225,134.3307,28906,39075,Eptesicus serotinus,0.008,0.024,-1,Echolocation,/mnt/ubna_data_02_mir/recover-20221013/UBNA_001/20221012_030000.WAV,Telephone Field,recover-20221013,001,1795
134.3255,134.3645,68437,82321,Rhinolophus ferrumequinum,0.023,0.023,-1,Echolocation,/mnt/ubna_data_02_mir/recover-20221013/UBNA_001/20221012_030000.WAV,Telephone Field,recover-20221013,001,1795
134.3495,134.3703,17734,21105,Nyctalus noctula,0.013,0.022,-1,Echolocation,/mnt/ubna_data_02_mir/recover-20221013/UBNA_001/20221012_030000.WAV,Telephone Field,recover-20221013,001,1795
134.3535,134.3956,68437,82484,Rhinolophus ferrumequinum,0.027,0.027,-1,Echolocation,/mnt/ubna_data_02_mir/recover-20221013/UBNA_001/20221012_030000.WAV,Telephone Field,recover-20221013,001,1795
134.3915,134.4315,68437,82401,Rhinolophus ferrumequinum,0.023,0.023,-1,Echolocation,/mnt/ubna_data_02_mir/recover-20221013/UBNA_001/20221012_030000.WAV,Telephone Field,recover-20221013,001,1795
134.3985,134.4357,68437,81419,Rhinolophus ferrumequinum,0.023,0.023,-1,Echolocation,/mnt/ubna_data_02_mir/recover-20221013/UBNA_001/20221012_030000.WAV,Telephone Field,recover-20221013,001,1795
134.3995,134.4108,22031,26828,Nyctalus leisleri,0.016,0.03,-1,Echolocation,/mnt/ubna_data_02_mir/recover-20221013/UBNA_001/20221012_030000.WAV,Telephone Field,recover-20221013,001,1795
134.4345,134.4438,28046,38448,Eptesicus serotinus,0.009,0.022,-1,Echolocation,/mnt/ubna_data_02_mir/recover-20221013/UBNA_001/20221012_030000.WAV,Telephone Field,recover-20221013,001,1795
134.4425,134.4832,68437,82799,Rhinolophus ferrumequinum,0.032,0.032,-1,Echolocation,/mnt/ubna_data_02_mir/recover-20221013/UBNA_001/20221012_030000.WAV,Telephone Field,recover-20221013,001,1795
134.4675,134.4796,22890,28152,Nyctalus leisleri,0.012,0.025,-1,Echolocation,/mnt/ubna_data_02_mir/recover-20221013/UBNA_001/20221012_030000.WAV,Telephone Field,recover-20221013,001,1795
134.4855,134.5227,68437,81985,Rhinolophus ferrumequinum,0.023,0.023,-1,Echolocation,/mnt/ubna_data_02_mir/recover-20221013/UBNA_001/20221012_030000.WAV,Telephone Field,recover-20221013,001,1795
134.5105,134.546,68437,81817,Rhinolophus ferrumequinum,0.022,0.022,-1,Echolocation,/mnt/ubna_data_02_mir/recover-20221013/UBNA_001/20221012_030000.WAV,Telephone Field,recover-20221013,001,1795
134.6275,134.6662,68437,82328,Rhinolophus ferrumequinum,0.023,0.023,-1,Echolocation,/mnt/ubna_data_02_mir/recover-20221013/UBNA_001/20221012_030000.WAV,Telephone Field,recover-20221013,001,1795
134.6445,134.6557,22890,27376,Nyctalus leisleri,0.012,0.023,-1,Echolocation,/mnt/ubna_data_02_mir/recover-20221013/UBNA_001/20221012_030000.WAV,Telephone Field,recover-20221013,001,1795
134.6635,134.7007,68437,82289,Rhinolophus ferrumequinum,0.024,0.024,-1,Echolocation,/mnt/ubna_data_02_mir/recover-20221013/UBNA_001/20221012_030000.WAV,Telephone Field,recover-20221013,001,1795
134.7045,134.7391,68437,80223,Rhinolophus ferrumequinum,0.023,0.023,-1,Echolocation,/mnt/ubna_data_02_mir/recover-20221013/UBNA_001/20221012_030000.WAV,Telephone Field,recover-20221013,001,1795
134.7475,134.7806,68437,81169,Rhinolophus ferrumequinum,0.022,0.022,-1,Echolocation,/mnt/ubna_data_02_mir/recover-20221013/UBNA_001/20221012_030000.WAV,Telephone Field,recover-20221013,001,1795
134.7675,134.7762,28906,40697,Eptesicus serotinus,0.008,0.023,-1,Echolocation,/mnt/ubna_data_02_mir/recover-20221013/UBNA_001/20221012_030000.WAV,Telephone Field,recover-20221013,001,1795
134.7685,134.8091,68437,82501,Rhinolophus ferrumequinum,0.03,0.03,-1,Echolocation,/mnt/ubna_data_02_mir/recover-20221013/UBNA_001/20221012_030000.WAV,Telephone Field,recover-20221013,001,1795
134.80349999999999,134.8416,68437,82436,Rhinolophus ferrumequinum,0.028,0.028,-1,Echolocation,/mnt/ubna_data_02_mir/recover-20221013/UBNA_001/20221012_030000.WAV,Telephone Field,recover-20221013,001,1795
134.80349999999999,134.811,28046,38712,Eptesicus serotinus,0.008,0.027,-1,Echolocation,/mnt/ubna_data_02_mir/recover-20221013/UBNA_001/20221012_030000.WAV,Telephone Field,recover-20221013,001,1795
134.8745,134.9131,68437,81684,Rhinolophus ferrumequinum,0.027,0.027,-1,Echolocation,/mnt/ubna_data_02_mir/recover-20221013/UBNA_001/20221012_030000.WAV,Telephone Field,recover-20221013,001,1795
134.8905,134.9024,28906,35079,Eptesicus serotinus,0.015,0.03,-1,Echolocation,/mnt/ubna_data_02_mir/recover-20221013/UBNA_001/20221012_030000.WAV,Telephone Field,recover-20221013,001,1795
134.9105,134.9499,68437,82451,Rhinolophus ferrumequinum,0.022,0.022,-1,Echolocation,/mnt/ubna_data_02_mir/recover-20221013/UBNA_001/20221012_030000.WAV,Telephone Field,recover-20221013,001,1795
134.9155,134.9258,24609,31643,Eptesicus serotinus,0.012,0.031,-1,Echolocation,/mnt/ubna_data_02_mir/recover-20221013/UBNA_001/20221012_030000.WAV,Telephone Field,recover-20221013,001,1795
134.9505,134.9608,22031,27816,Nyctalus leisleri,0.011,0.025,-1,Echolocation,/mnt/ubna_data_02_mir/recover-20221013/UBNA_001/20221012_030000.WAV,Telephone Field,recover-20221013,001,1795
134.9655,135.0035,68437,82770,Rhinolophus ferrumequinum,0.023,0.023,-1,Echolocation,/mnt/ubna_data_02_mir/recover-20221013/UBNA_001/20221012_030000.WAV,Telephone Field,recover-20221013,001,1795
134.9775,135.0153,68437,82251,Rhinolophus ferrumequinum,0.022,0.022,-1,Echolocation,/mnt/ubna_data_02_mir/recover-20221013/UBNA_001/20221012_030000.WAV,Telephone Field,recover-20221013,001,1795
135.0255,135.0656,68437,82232,Rhinolophus ferrumequinum,0.022,0.022,-1,Echolocation,/mnt/ubna_data_02_mir/recover-20221013/UBNA_001/20221012_030000.WAV,Telephone Field,recover-20221013,001,1795
135.0265,135.03379999999999,27187,38541,Eptesicus serotinus,0.008,0.026,-1,Echolocation,/mnt/ubna_data_02_mir/recover-20221013/UBNA_001/20221012_030000.WAV,Telephone Field,recover-20221013,001,1795
135.0335,135.0724,68437,82238,Rhinolophus ferrumequinum,0.022,0.022,-1,Echolocation,/mnt/ubna_data_02_mir/recover-20221013/UBNA_001/20221012_030000.WAV,Telephone Field,recover-20221013,001,1795
135.0585,135.0668,28046,38590,Eptesicus serotinus,0.009,0.025,-1,Echolocation,/mnt/ubna_data_02_mir/recover-20221013/UBNA_001/20221012_030000.WAV,Telephone Field,recover-20221013,001,1795
135.0965,135.1096,32343,36810,Eptesicus serotinus,0.007,0.024,-1,Echolocation,/mnt/ubna_data_02_mir/recover-20221013/UBNA_001/20221012_030000.WAV,Telephone Field,recover-20221013,001,1795
135.0995,135.1375,68437,81578,Rhinolophus ferrumequinum,0.022,0.022,-1,Echolocation,/mnt/ubna_data_02_mir/recover-20221013/UBNA_001/20221012_030000.WAV,Telephone Field,recover-20221013,001,1795
135.1255,135.1642,68437,82233,Rhinolophus ferrumequinum,0.022,0.022,-1,Echolocation,/mnt/ubna_data_02_mir/recover-20221013/UBNA_001/20221012_030000.WAV,Telephone Field,recover-20221013,001,1795
135.1685,135.2091,68437,82622,Rhinolophus ferrumequinum,0.022,0.022,-1,Echolocation,/mnt/ubna_data_02_mir/recover-20221013/UBNA_001/20221012_030000.WAV,Telephone Field,recover-20221013,001,1795
135.17849999999999,135.2183,68437,82558,Rhinolophus ferrumequinum,0.022,0.022,-1,Echolocation,/mnt/ubna_data_02_mir/recover-20221013/UBNA_001/20221012_030000.WAV,Telephone Field,recover-20221013,001,1795
135.2115,135.2516,68437,81907,Rhinolophus ferrumequinum,0.023,0.023,-1,Echolocation,/mnt/ubna_data_02_mir/recover-20221013/UBNA_001/20221012_030000.WAV,Telephone Field,recover-20221013,001,1795
135.2505,135.2929,68437,82946,Rhinolophus ferrumequinum,0.033,0.033,-1,Echolocation,/mnt/ubna_data_02_mir/recover-20221013/UBNA_001/20221012_030000.WAV,Telephone Field,recover-20221013,001,1795
135.2615,135.2791,19453,22490,Nyctalus leisleri,0.016,0.028,-1,Echolocation,/mnt/ubna_data_02_mir/recover-20221013/UBNA_001/20221012_030000.WAV,Telephone Field,recover-20221013,001,1795
135.2855,135.3265,68437,82481,Rhinolophus ferrumequinum,0.025,0.025,-1,Echolocation,/mnt/ubna_data_02_mir/recover-20221013/UBNA_001/20221012_030000.WAV,Telephone Field,recover-20221013,001,1795
135.3195,135.3584,68437,81835,Rhinolophus ferrumequinum,0.025,0.025,-1,Echolocation,/mnt/ubna_data_02_mir/recover-20221013/UBNA_001/20221012_030000.WAV,Telephone Field,recover-20221013,001,1795
135.3205,135.3294,28046,39672,Eptesicus serotinus,0.01,0.027,-1,Echolocation,/mnt/ubna_data_02_mir/recover-20221013/UBNA_001/20221012_030000.WAV,Telephone Field,recover-20221013,001,1795
135.3435,135.3783,68437,80803,Rhinolophus ferrumequinum,0.031,0.031,-1,Echolocation,/mnt/ubna_data_02_mir/recover-20221013/UBNA_001/20221012_030000.WAV,Telephone Field,recover-20221013,001,1795
135.3775,135.4143,68437,81936,Rhinolophus ferrumequinum,0.022,0.023,-1,Echolocation,/mnt/ubna_data_02_mir/recover-20221013/UBNA_001/20221012_030000.WAV,Telephone Field,recover-20221013,001,1795
135.4325,135.4698,68437,81675,Rhinolophus ferrumequinum,0.022,0.022,-1,Echolocation,/mnt/ubna_data_02_mir/recover-20221013/UBNA_001/20221012_030000.WAV,Telephone Field,recover-20221013,001,1795
135.4665,135.4742,28046,40730,Eptesicus serotinus,0.008,0.024,-1,Echolocation,/mnt/ubna_data_02_mir/recover-20221013/UBNA_001/20221012_030000.WAV,Telephone Field,recover-20221013,001,1795
135.4695,135.508,68437,81792,Rhinolophus ferrumequinum,0.022,0.022,-1,Echolocation,/mnt/ubna_data_02_mir/recover-20221013/UBNA_001/20221012_030000.WAV,Telephone Field,recover-20221013,001,1795
135.4775,135.4845,34062,41938,Myotis daubentonii,0.008,0.022,-1,Echolocation,/mnt/ubna_data_02_mir/recover-20221013/UBNA_001/20221012_030000.WAV,Telephone Field,recover-20221013,001,1795
135.4805,135.4866,25468,35857,Plecotus austriacus,0.011,0.03,-1,Echolocation,/mnt/ubna_data_02_mir/recover-20221013/UBNA_001/20221012_030000.WAV,Telephone Field,recover-20221013,001,1795
135.5335,135.54579999999999,38359,45837,Pipistrellus nathusii,0.013,0.023,-1,Echolocation,/mnt/ubna_data_02_mir/recover-20221013/UBNA_001/20221012_030000.WAV,Telephone Field,recover-20221013,001,1795
135.5355,135.5825,68437,83438,Rhinolophus ferrumequinum,0.07,0.07,-1,Echolocation,/mnt/ubna_data_02_mir/recover-20221013/UBNA_001/20221012_030000.WAV,Telephone Field,recover-20221013,001,1795
135.5705,135.5796,26328,34604,Eptesicus serotinus,0.01,0.025,-1,Echolocation,/mnt/ubna_data_02_mir/recover-20221013/UBNA_001/20221012_030000.WAV,Telephone Field,recover-20221013,001,1795
135.5845,135.6247,68437,82647,Rhinolophus ferrumequinum,0.026,0.026,-1,Echolocation,/mnt/ubna_data_02_mir/recover-20221013/UBNA_001/20221012_030000.WAV,Telephone Field,recover-20221013,001,1795
135.5955,135.633,68437,81840,Rhinolophus ferrumequinum,0.022,0.022,-1,Echolocation,/mnt/ubna_data_02_mir/recover-20221013/UBNA_001/20221012_030000.WAV,Telephone Field,recover-20221013,001,1795
135.6055,135.643,68437,82346,Rhinolophus ferrumequinum,0.023,0.023,-1,Echolocation,/mnt/ubna_data_02_mir/recover-20221013/UBNA_001/20221012_030000.WAV,Telephone Field,recover-20221013,001,1795
135.6225,135.6343,58984,64599,Pipistrellus pygmaeus,0.022,0.022,-1,Echolocation,/mnt/ubna_data_02_mir/recover-20221013/UBNA_001/20221012_030000.WAV,Telephone Field,recover-20221013,001,1795
135.6595,135.6978,68437,81739,Rhinolophus ferrumequinum,0.022,0.022,-1,Echolocation,/mnt/ubna_data_02_mir/recover-20221013/UBNA_001/20221012_030000.WAV,Telephone Field,recover-20221013,001,1795
135.6655,135.7071,68437,82039,Rhinolophus ferrumequinum,0.022,0.022,-1,Echolocation,/mnt/ubna_data_02_mir/recover-20221013/UBNA_001/20221012_030000.WAV,Telephone Field,recover-20221013,001,1795
135.6705,135.681,28046,35528,Eptesicus serotinus,0.01,0.023,-1,Echolocation,/mnt/ubna_data_02_mir/recover-20221013/UBNA_001/20221012_030000.WAV,Telephone Field,recover-20221013,001,1795
135.7065,135.7452,68437,81749,Rhinolophus ferrumequinum,0.026,0.026,-1,Echolocation,/mnt/ubna_data_02_mir/recover-20221013/UBNA_001/20221012_030000.WAV,Telephone Field,recover-20221013,001,1795
135.7395,135.7471,28046,40270,Eptesicus serotinus,0.007,0.024,-1,Echolocation,/mnt/ubna_data_02_mir/recover-20221013/UBNA_001/20221012_030000.WAV,Telephone Field,recover-20221013,001,1795
135.7585,135.7969,68437,81061,Rhinolophus ferrumequinum,0.024,0.024,-1,Echolocation,/mnt/ubna_data_02_mir/recover-20221013/UBNA_001/20221012_030000.WAV,Telephone Field,recover-20221013,001,1795
135.8445,135.8535,22890,29797,Plecotus austriacus,0.007,0.022,-1,Echolocation,/mnt/ubna_data_02_mir/recover-20221013/UBNA_001/20221012_030000.WAV,Telephone Field,recover-20221013,001,1795
135.8585,135.8674,28046,37875,Eptesicus serotinus,0.008,0.022,-1,Echolocation,/mnt/ubna_data_02_mir/recover-20221013/UBNA_001/20221012_030000.WAV,Telephone Field,recover-20221013,001,1795
135.8715,135.9115,68437,82723,Rhinolophus ferrumequinum,0.024,0.024,-1,Echolocation,/mnt/ubna_data_02_mir/recover-20221013/UBNA_001/20221012_030000.WAV,Telephone Field,recover-20221013,001,1795
135.8895,135.9329,68437,83305,Rhinolophus ferrumequinum,0.03,0.03,-1,Echolocation,/mnt/ubna_data_02_mir/recover-20221013/UBNA_001/20221012_030000.WAV,Telephone Field,recover-20221013,001,1795
135.9095,135.9478,68437,82050,Rhinolophus ferrumequinum,0.022,0.022,-1,Echolocation,/mnt/ubna_data_02_mir/recover-20221013/UBNA_001/20221012_030000.WAV,Telephone Field,recover-20221013,001,1795
135.9275,135.9386,23750,29873,Nyctalus leisleri,0.013,0.028,-1,Echolocation,/mnt/ubna_data_02_mir/recover-20221013/UBNA_001/20221012_030000.WAV,Telephone Field,recover-20221013,001,1795
135.9425,135.9808,68437,82337,Rhinolophus ferrumequinum,0.023,0.023,-1,Echolocation,/mnt/ubna_data_02_mir/recover-20221013/UBNA_001/20221012_030000.WAV,Telephone Field,recover-20221013,001,1795
136.0015,136.0097,45234,48536,Pipistrellus pipistrellus,0.021,0.027,-1,Echolocation,/mnt/ubna_data_02_mir/recover-20221013/UBNA_001/20221012_030000.WAV,Telephone Field,recover-20221013,001,1795
136.0015,136.0113,22031,28341,Nyctalus leisleri,0.014,0.032,-1,Echolocation,/mnt/ubna_data_02_mir/recover-20221013/UBNA_001/20221012_030000.WAV,Telephone Field,recover-20221013,001,1795
136.0015,136.0309,69296,81580,Rhinolophus ferrumequinum,0.024,0.024,-1,Echolocation,/mnt/ubna_data_02_mir/recover-20221013/UBNA_001/20221012_030000.WAV,Telephone Field,recover-20221013,001,1795
136.0135,136.0237,25468,33666,Eptesicus serotinus,0.012,0.028,-1,Echolocation,/mnt/ubna_data_02_mir/recover-20221013/UBNA_001/20221012_030000.WAV,Telephone Field,recover-20221013,001,1795
136.0145,136.0524,68437,82164,Rhinolophus ferrumequinum,0.02,0.02,-1,Echolocation,/mnt/ubna_data_02_mir/recover-20221013/UBNA_001/20221012_030000.WAV,Telephone Field,recover-20221013,001,1795
136.0355,136.0439,28906,38370,Eptesicus serotinus,0.007,0.02,-1,Echolocation,/mnt/ubna_data_02_mir/recover-20221013/UBNA_001/20221012_030000.WAV,Telephone Field,recover-20221013,001,1795
136.0615,136.1006,68437,82764,Rhinolophus ferrumequinum,0.021,0.021,-1,Echolocation,/mnt/ubna_data_02_mir/recover-20221013/UBNA_001/20221012_030000.WAV,Telephone Field,recover-20221013,001,1795
136.08350000000002,136.1244,68437,82792,Rhinolophus ferrumequinum,0.026,0.026,-1,Echolocation,/mnt/ubna_data_02_mir/recover-20221013/UBNA_001/20221012_030000.WAV,Telephone Field,recover-20221013,001,1795
136.1085,136.1444,68437,81196,Rhinolophus ferrumequinum,0.023,0.023,-1,Echolocation,/mnt/ubna_data_02_mir/recover-20221013/UBNA_001/20221012_030000.WAV,Telephone Field,recover-20221013,001,1795
136.14249999999998,136.1494,28046,44094,Eptesicus serotinus,0.006,0.021,-1,Echolocation,/mnt/ubna_data_02_mir/recover-20221013/UBNA_001/20221012_030000.WAV,Telephone Field,recover-20221013,001,1795
136.15449999999998,136.1638,24609,32093,Eptesicus serotinus,0.006,0.021,-1,Echolocation,/mnt/ubna_data_02_mir/recover-20221013/UBNA_001/20221012_030000.WAV,Telephone Field,recover-20221013,001,1795
136.1805,136.1887,25468,33581,Eptesicus serotinus,0.006,0.021,-1,Echolocation,/mnt/ubna_data_02_mir/recover-20221013/UBNA_001/20221012_030000.WAV,Telephone Field,recover-20221013,001,1795
136.1835,136.2246,68437,83327,Rhinolophus ferrumequinum,0.024,0.024,-1,Echolocation,/mnt/ubna_data_02_mir/recover-20221013/UBNA_001/20221012_030000.WAV,Telephone Field,recover-20221013,001,1795
136.1985,136.2094,27187,34821,Eptesicus serotinus,0.016,0.029,-1,Echolocation,/mnt/ubna_data_02_mir/recover-20221013/UBNA_001/20221012_030000.WAV,Telephone Field,recover-20221013,001,1795
136.1995,136.2354,68437,82157,Rhinolophus ferrumequinum,0.02,0.02,-1,Echolocation,/mnt/ubna_data_02_mir/recover-20221013/UBNA_001/20221012_030000.WAV,Telephone Field,recover-20221013,001,1795
136.2095,136.2471,68437,81974,Rhinolophus ferrumequinum,0.021,0.021,-1,Echolocation,/mnt/ubna_data_02_mir/recover-20221013/UBNA_001/20221012_030000.WAV,Telephone Field,recover-20221013,001,1795
136.2375,136.275,68437,81662,Rhinolophus ferrumequinum,0.022,0.022,-1,Echolocation,/mnt/ubna_data_02_mir/recover-20221013/UBNA_001/20221012_030000.WAV,Telephone Field,recover-20221013,001,1795
136.2625,136.2713,24609,32596,Eptesicus serotinus,0.006,0.021,-1,Echolocation,/mnt/ubna_data_02_mir/recover-20221013/UBNA_001/20221012_030000.WAV,Telephone Field,recover-20221013,001,1795
136.2745,136.2816,28046,46950,Eptesicus serotinus,0.007,0.02,-1,Echolocation,/mnt/ubna_data_02_mir/recover-20221013/UBNA_001/20221012_030000.WAV,Telephone Field,recover-20221013,001,1795
136.3115,136.327,21171,24678,Nyctalus leisleri,0.013,0.023,-1,Echolocation,/mnt/ubna_data_02_mir/recover-20221013/UBNA_001/20221012_030000.WAV,Telephone Field,recover-20221013,001,1795
136.3585,136.3667,25468,33401,Eptesicus serotinus,0.007,0.021,-1,Echolocation,/mnt/ubna_data_02_mir/recover-20221013/UBNA_001/20221012_030000.WAV,Telephone Field,recover-20221013,001,1795
136.4525,136.4881,68437,81828,Rhinolophus ferrumequinum,0.022,0.022,-1,Echolocation,/mnt/ubna_data_02_mir/recover-20221013/UBNA_001/20221012_030000.WAV,Telephone Field,recover-20221013,001,1795
136.4775,136.5142,68437,82143,Rhinolophus ferrumequinum,0.023,0.023,-1,Echolocation,/mnt/ubna_data_02_mir/recover-20221013/UBNA_001/20221012_030000.WAV,Telephone Field,recover-20221013,001,1795
136.4865,136.49360000000001,26328,36446,Eptesicus serotinus,0.011,0.037,-1,Echolocation,/mnt/ubna_data_02_mir/recover-20221013/UBNA_001/20221012_030000.WAV,Telephone Field,recover-20221013,001,1795
136.5135,136.55180000000001,68437,82259,Rhinolophus ferrumequinum,0.022,0.022,-1,Echolocation,/mnt/ubna_data_02_mir/recover-20221013/UBNA_001/20221012_030000.WAV,Telephone Field,recover-20221013,001,1795
136.5705,136.6088,68437,82151,Rhinolophus ferrumequinum,0.021,0.021,-1,Echolocation,/mnt/ubna_data_02_mir/recover-20221013/UBNA_001/20221012_030000.WAV,Telephone Field,recover-20221013,001,1795
136.5775,136.5864,28906,37793,Eptesicus serotinus,0.009,0.022,-1,Echolocation,/mnt/ubna_data_02_mir/recover-20221013/UBNA_001/20221012_030000.WAV,Telephone Field,recover-20221013,001,1795
136.5915,136.6094,19453,23548,Nyctalus noctula,0.042,0.072,-1,Echolocation,/mnt/ubna_data_02_mir/recover-20221013/UBNA_001/20221012_030000.WAV,Telephone Field,recover-20221013,001,1795
136.6005,136.6073,26328,41908,Eptesicus serotinus,0.005,0.02,-1,Echolocation,/mnt/ubna_data_02_mir/recover-20221013/UBNA_001/20221012_030000.WAV,Telephone Field,recover-20221013,001,1795
136.6185,136.6554,68437,82003,Rhinolophus ferrumequinum,0.023,0.023,-1,Echolocation,/mnt/ubna_data_02_mir/recover-20221013/UBNA_001/20221012_030000.WAV,Telephone Field,recover-20221013,001,1795
136.6205,136.6279,23750,32623,Plecotus austriacus,0.01,0.023,-1,Echolocation,/mnt/ubna_data_02_mir/recover-20221013/UBNA_001/20221012_030000.WAV,Telephone Field,recover-20221013,001,1795
136.6265,136.6629,68437,82426,Rhinolophus ferrumequinum,0.022,0.022,-1,Echolocation,/mnt/ubna_data_02_mir/recover-20221013/UBNA_001/20221012_030000.WAV,Telephone Field,recover-20221013,001,1795
136.6405,136.67849999999999,68437,81708,Rhinolophus ferrumequinum,0.02,0.021,-1,Echolocation,/mnt/ubna_data_02_mir/recover-20221013/UBNA_001/20221012_030000.WAV,Telephone Field,recover-20221013,001,1795
136.66649999999998,136.6732,28046,39049,Eptesicus serotinus,0.007,0.022,-1,Echolocation,/mnt/ubna_data_02_mir/recover-20221013/UBNA_001/20221012_030000.WAV,Telephone Field,recover-20221013,001,1795
136.6775,136.7149,68437,81900,Rhinolophus ferrumequinum,0.02,0.021,-1,Echolocation,/mnt/ubna_data_02_mir/recover-20221013/UBNA_001/20221012_030000.WAV,Telephone Field,recover-20221013,001,1795
136.6995,136.7066,27187,42326,Eptesicus serotinus,0.006,0.021,-1,Echolocation,/mnt/ubna_data_02_mir/recover-20221013/UBNA_001/20221012_030000.WAV,Telephone Field,recover-20221013,001,1795
136.7125,136.7188,25468,35484,Plecotus austriacus,0.01,0.029,-1,Echolocation,/mnt/ubna_data_02_mir/recover-20221013/UBNA_001/20221012_030000.WAV,Telephone Field,recover-20221013,001,1795
136.7445,136.7526,28046,38579,Eptesicus serotinus,0.007,0.021,-1,Echolocation,/mnt/ubna_data_02_mir/recover-20221013/UBNA_001/20221012_030000.WAV,Telephone Field,recover-20221013,001,1795
136.7545,136.7613,28046,41344,Eptesicus serotinus,0.006,0.023,-1,Echolocation,/mnt/ubna_data_02_mir/recover-20221013/UBNA_001/20221012_030000.WAV,Telephone Field,recover-20221013,001,1795
136.7645,136.7724,27187,35522,Eptesicus serotinus,0.008,0.021,-1,Echolocation,/mnt/ubna_data_02_mir/recover-20221013/UBNA_001/20221012_030000.WAV,Telephone Field,recover-20221013,001,1795
136.7805,136.8204,68437,82496,Rhinolophus ferrumequinum,0.022,0.022,-1,Echolocation,/mnt/ubna_data_02_mir/recover-20221013/UBNA_001/20221012_030000.WAV,Telephone Field,recover-20221013,001,1795
136.8085,136.8454,68437,82125,Rhinolophus ferrumequinum,0.022,0.022,-1,Echolocation,/mnt/ubna_data_02_mir/recover-20221013/UBNA_001/20221012_030000.WAV,Telephone Field,recover-20221013,001,1795
136.8505,136.8578,15156,28085,Plecotus auritus,0.016,0.022,-1,Echolocation,/mnt/ubna_data_02_mir/recover-20221013/UBNA_001/20221012_030000.WAV,Telephone Field,recover-20221013,001,1795
136.8605,136.8975,68437,81706,Rhinolophus ferrumequinum,0.02,0.021,-1,Echolocation,/mnt/ubna_data_02_mir/recover-20221013/UBNA_001/20221012_030000.WAV,Telephone Field,recover-20221013,001,1795
136.8845,136.9214,68437,81614,Rhinolophus ferrumequinum,0.02,0.02,-1,Echolocation,/mnt/ubna_data_02_mir/recover-20221013/UBNA_001/20221012_030000.WAV,Telephone Field,recover-20221013,001,1795
136.9075,136.947,68437,82513,Rhinolophus ferrumequinum,0.021,0.021,-1,Echolocation,/mnt/ubna_data_02_mir/recover-20221013/UBNA_001/20221012_030000.WAV,Telephone Field,recover-20221013,001,1795
136.92849999999999,136.93880000000001,28046,36206,Eptesicus serotinus,0.01,0.023,-1,Echolocation,/mnt/ubna_data_02_mir/recover-20221013/UBNA_001/20221012_030000.WAV,Telephone Field,recover-20221013,001,1795
136.9485,136.9879,68437,81854,Rhinolophus ferrumequinum,0.03,0.03,-1,Echolocation,/mnt/ubna_data_02_mir/recover-20221013/UBNA_001/20221012_030000.WAV,Telephone Field,recover-20221013,001,1795
136.9675,137.0073,68437,82529,Rhinolophus ferrumequinum,0.022,0.022,-1,Echolocation,/mnt/ubna_data_02_mir/recover-20221013/UBNA_001/20221012_030000.WAV,Telephone Field,recover-20221013,001,1795
136.9925,137.0031,29765,37730,Eptesicus serotinus,0.012,0.025,-1,Echolocation,/mnt/ubna_data_02_mir/recover-20221013/UBNA_001/20221012_030000.WAV,Telephone Field,recover-20221013,001,1795
137.0195,137.0273,27187,36678,Eptesicus serotinus,0.008,0.022,-1,Echolocation,/mnt/ubna_data_02_mir/recover-20221013/UBNA_001/20221012_030000.WAV,Telephone Field,recover-20221013,001,1795
137.0405,137.0789,68437,81754,Rhinolophus ferrumequinum,0.02,0.02,-1,Echolocation,/mnt/ubna_data_02_mir/recover-20221013/UBNA_001/20221012_030000.WAV,Telephone Field,recover-20221013,001,1795
137.0785,137.1175,68437,82661,Rhinolophus ferrumequinum,0.023,0.023,-1,Echolocation,/mnt/ubna_data_02_mir/recover-20221013/UBNA_001/20221012_030000.WAV,Telephone Field,recover-20221013,001,1795
137.0795,137.0902,22890,28299,Nyctalus leisleri,0.009,0.021,-1,Echolocation,/mnt/ubna_data_02_mir/recover-20221013/UBNA_001/20221012_030000.WAV,Telephone Field,recover-20221013,001,1795
137.0885,137.1244,68437,81801,Rhinolophus ferrumequinum,0.021,0.022,-1,Echolocation,/mnt/ubna_data_02_mir/recover-20221013/UBNA_001/20221012_030000.WAV,Telephone Field,recover-20221013,001,1795
137.1215,137.1612,68437,82389,Rhinolophus ferrumequinum,0.021,0.021,-1,Echolocation,/mnt/ubna_data_02_mir/recover-20221013/UBNA_001/20221012_030000.WAV,Telephone Field,recover-20221013,001,1795
137.1625,137.17419999999998,29765,36487,Eptesicus serotinus,0.019,0.032,-1,Echolocation,/mnt/ubna_data_02_mir/recover-20221013/UBNA_001/20221012_030000.WAV,Telephone Field,recover-20221013,001,1795
137.1745,137.1835,28046,41377,Eptesicus serotinus,0.015,0.028,-1,Echolocation,/mnt/ubna_data_02_mir/recover-20221013/UBNA_001/20221012_030000.WAV,Telephone Field,recover-20221013,001,1795
137.1935,137.232,68437,82406,Rhinolophus ferrumequinum,0.022,0.022,-1,Echolocation,/mnt/ubna_data_02_mir/recover-20221013/UBNA_001/20221012_030000.WAV,Telephone Field,recover-20221013,001,1795
137.2255,137.2351,24609,31566,Nyctalus leisleri,0.008,0.023,-1,Echolocation,/mnt/ubna_data_02_mir/recover-20221013/UBNA_001/20221012_030000.WAV,Telephone Field,recover-20221013,001,1795
137.2545,137.2612,27187,41366,Eptesicus serotinus,0.006,0.021,-1,Echolocation,/mnt/ubna_data_02_mir/recover-20221013/UBNA_001/20221012_030000.WAV,Telephone Field,recover-20221013,001,1795
137.3355,137.3706,68437,82129,Rhinolophus ferrumequinum,0.021,0.021,-1,Echolocation,/mnt/ubna_data_02_mir/recover-20221013/UBNA_001/20221012_030000.WAV,Telephone Field,recover-20221013,001,1795
137.4215,137.4609,68437,82760,Rhinolophus ferrumequinum,0.021,0.021,-1,Echolocation,/mnt/ubna_data_02_mir/recover-20221013/UBNA_001/20221012_030000.WAV,Telephone Field,recover-20221013,001,1795
137.4325,137.474,68437,83273,Rhinolophus ferrumequinum,0.024,0.024,-1,Echolocation,/mnt/ubna_data_02_mir/recover-20221013/UBNA_001/20221012_030000.WAV,Telephone Field,recover-20221013,001,1795
137.4715,137.5135,68437,82720,Rhinolophus ferrumequinum,0.024,0.024,-1,Echolocation,/mnt/ubna_data_02_mir/recover-20221013/UBNA_001/20221012_030000.WAV,Telephone Field,recover-20221013,001,1795
137.5045,137.5454,68437,83037,Rhinolophus ferrumequinum,0.022,0.022,-1,Echolocation,/mnt/ubna_data_02_mir/recover-20221013/UBNA_001/20221012_030000.WAV,Telephone Field,recover-20221013,001,1795
137.5285,137.5383,23750,30089,Nyctalus leisleri,0.008,0.023,-1,Echolocation,/mnt/ubna_data_02_mir/recover-20221013/UBNA_001/20221012_030000.WAV,Telephone Field,recover-20221013,001,1795
137.5435,137.5845,68437,82454,Rhinolophus ferrumequinum,0.023,0.023,-1,Echolocation,/mnt/ubna_data_02_mir/recover-20221013/UBNA_001/20221012_030000.WAV,Telephone Field,recover-20221013,001,1795
137.57150000000001,137.5797,27187,40276,Eptesicus serotinus,0.008,0.022,-1,Echolocation,/mnt/ubna_data_02_mir/recover-20221013/UBNA_001/20221012_030000.WAV,Telephone Field,recover-20221013,001,1795
137.6135,137.6232,22890,28844,Nyctalus leisleri,0.008,0.02,-1,Echolocation,/mnt/ubna_data_02_mir/recover-20221013/UBNA_001/20221012_030000.WAV,Telephone Field,recover-20221013,001,1795
137.6225,137.6576,68437,81920,Rhinolophus ferrumequinum,0.021,0.021,-1,Echolocation,/mnt/ubna_data_02_mir/recover-20221013/UBNA_001/20221012_030000.WAV,Telephone Field,recover-20221013,001,1795
137.6505,137.6866,68437,81850,Rhinolophus ferrumequinum,0.021,0.021,-1,Echolocation,/mnt/ubna_data_02_mir/recover-20221013/UBNA_001/20221012_030000.WAV,Telephone Field,recover-20221013,001,1795
137.6595,137.6667,23750,32800,Plecotus austriacus,0.012,0.025,-1,Echolocation,/mnt/ubna_data_02_mir/recover-20221013/UBNA_001/20221012_030000.WAV,Telephone Field,recover-20221013,001,1795
137.7075,137.7155,27187,34594,Eptesicus serotinus,0.01,0.026,-1,Echolocation,/mnt/ubna_data_02_mir/recover-20221013/UBNA_001/20221012_030000.WAV,Telephone Field,recover-20221013,001,1795
137.7115,137.7485,68437,82580,Rhinolophus ferrumequinum,0.02,0.02,-1,Echolocation,/mnt/ubna_data_02_mir/recover-20221013/UBNA_001/20221012_030000.WAV,Telephone Field,recover-20221013,001,1795
137.7175,137.727,43515,47290,Pipistrellus pipistrellus,0.021,0.024,-1,Echolocation,/mnt/ubna_data_02_mir/recover-20221013/UBNA_001/20221012_030000.WAV,Telephone Field,recover-20221013,001,1795
137.7565,137.76749999999998,26328,33140,Eptesicus serotinus,0.015,0.032,-1,Echolocation,/mnt/ubna_data_02_mir/recover-20221013/UBNA_001/20221012_030000.WAV,Telephone Field,recover-20221013,001,1795
137.7585,137.7996,68437,83211,Rhinolophus ferrumequinum,0.024,0.024,-1,Echolocation,/mnt/ubna_data_02_mir/recover-20221013/UBNA_001/20221012_030000.WAV,Telephone Field,recover-20221013,001,1795
137.8015,137.8116,22890,27860,Nyctalus leisleri,0.009,0.02,-1,Echolocation,/mnt/ubna_data_02_mir/recover-20221013/UBNA_001/20221012_030000.WAV,Telephone Field,recover-20221013,001,1795
137.80349999999999,137.8473,68437,83107,Rhinolophus ferrumequinum,0.035,0.035,-1,Echolocation,/mnt/ubna_data_02_mir/recover-20221013/UBNA_001/20221012_030000.WAV,Telephone Field,recover-20221013,001,1795
137.8355,137.84890000000001,23750,29283,Nyctalus leisleri,0.026,0.055,-1,Echolocation,/mnt/ubna_data_02_mir/recover-20221013/UBNA_001/20221012_030000.WAV,Telephone Field,recover-20221013,001,1795
137.8375,137.8742,68437,82445,Rhinolophus ferrumequinum,0.023,0.023,-1,Echolocation,/mnt/ubna_data_02_mir/recover-20221013/UBNA_001/20221012_030000.WAV,Telephone Field,recover-20221013,001,1795
137.8465,137.8865,68437,81991,Rhinolophus ferrumequinum,0.02,0.02,-1,Echolocation,/mnt/ubna_data_02_mir/recover-20221013/UBNA_001/20221012_030000.WAV,Telephone Field,recover-20221013,001,1795
137.9075,137.915,27187,39357,Eptesicus serotinus,0.007,0.02,-1,Echolocation,/mnt/ubna_data_02_mir/recover-20221013/UBNA_001/20221012_030000.WAV,Telephone Field,recover-20221013,001,1795
137.9425,137.9494,49531,54656,Pipistrellus pipistrellus,0.021,0.023,-1,Echolocation,/mnt/ubna_data_02_mir/recover-20221013/UBNA_001/20221012_030000.WAV,Telephone Field,recover-20221013,001,1795
137.9425,137.9791,68437,82302,Rhinolophus ferrumequinum,0.023,0.024,-1,Echolocation,/mnt/ubna_data_02_mir/recover-20221013/UBNA_001/20221012_030000.WAV,Telephone Field,recover-20221013,001,1795
137.9755,137.98239999999998,27187,40296,Eptesicus serotinus,0.006,0.022,-1,Echolocation,/mnt/ubna_data_02_mir/recover-20221013/UBNA_001/20221012_030000.WAV,Telephone Field,recover-20221013,001,1795
137.9865,137.9965,24609,33059,Eptesicus serotinus,0.009,0.022,-1,Echolocation,/mnt/ubna_data_02_mir/recover-20221013/UBNA_001/20221012_030000.WAV,Telephone Field,recover-20221013,001,1795
138.0015,138.0096,22890,30372,Plecotus austriacus,0.009,0.029,-1,Echolocation,/mnt/ubna_data_02_mir/recover-20221013/UBNA_001/20221012_030000.WAV,Telephone Field,recover-20221013,001,1795
138.0015,138.0362,68437,80670,Rhinolophus ferrumequinum,0.034,0.034,-1,Echolocation,/mnt/ubna_data_02_mir/recover-20221013/UBNA_001/20221012_030000.WAV,Telephone Field,recover-20221013,001,1795
138.0015,138.0101,47812,53809,Pipistrellus pipistrellus,0.017,0.023,-1,Echolocation,/mnt/ubna_data_02_mir/recover-20221013/UBNA_001/20221012_030000.WAV,Telephone Field,recover-20221013,001,1795
138.0015,138.0089,43515,50014,Pipistrellus nathusii,0.007,0.023,-1,Echolocation,/mnt/ubna_data_02_mir/recover-20221013/UBNA_001/20221012_030000.WAV,Telephone Field,recover-20221013,001,1795
138.0115,138.0582,68437,83914,Rhinolophus ferrumequinum,0.028,0.028,-1,Echolocation,/mnt/ubna_data_02_mir/recover-20221013/UBNA_001/20221012_030000.WAV,Telephone Field,recover-20221013,001,1795
138.0495,138.089,68437,82606,Rhinolophus ferrumequinum,0.021,0.021,-1,Echolocation,/mnt/ubna_data_02_mir/recover-20221013/UBNA_001/20221012_030000.WAV,Telephone Field,recover-20221013,001,1795
138.0635,138.1057,68437,82711,Rhinolophus ferrumequinum,0.022,0.022,-1,Echolocation,/mnt/ubna_data_02_mir/recover-20221013/UBNA_001/20221012_030000.WAV,Telephone Field,recover-20221013,001,1795
138.0705,138.0815,23750,30322,Nyctalus leisleri,0.012,0.028,-1,Echolocation,/mnt/ubna_data_02_mir/recover-20221013/UBNA_001/20221012_030000.WAV,Telephone Field,recover-20221013,001,1795
138.0855,138.0965,28906,35256,Eptesicus serotinus,0.021,0.039,-1,Echolocation,/mnt/ubna_data_02_mir/recover-20221013/UBNA_001/20221012_030000.WAV,Telephone Field,recover-20221013,001,1795
138.1335,138.17340000000002,68437,82444,Rhinolophus ferrumequinum,0.023,0.023,-1,Echolocation,/mnt/ubna_data_02_mir/recover-20221013/UBNA_001/20221012_030000.WAV,Telephone Field,recover-20221013,001,1795
138.1435,138.1505,23750,32798,Plecotus austriacus,0.014,0.03,-1,Echolocation,/mnt/ubna_data_02_mir/recover-20221013/UBNA_001/20221012_030000.WAV,Telephone Field,recover-20221013,001,1795
138.1595,138.1979,68437,82543,Rhinolophus ferrumequinum,0.024,0.024,-1,Echolocation,/mnt/ubna_data_02_mir/recover-20221013/UBNA_001/20221012_030000.WAV,Telephone Field,recover-20221013,001,1795
138.2305,138.2723,68437,83302,Rhinolophus ferrumequinum,0.027,0.027,-1,Echolocation,/mnt/ubna_data_02_mir/recover-20221013/UBNA_001/20221012_030000.WAV,Telephone Field,recover-20221013,001,1795
138.2355,138.2441,28046,37442,Eptesicus serotinus,0.008,0.023,-1,Echolocation,/mnt/ubna_data_02_mir/recover-20221013/UBNA_001/20221012_030000.WAV,Telephone Field,recover-20221013,001,1795
138.2815,138.3214,68437,82070,Rhinolophus ferrumequinum,0.022,0.022,-1,Echolocation,/mnt/ubna_data_02_mir/recover-20221013/UBNA_001/20221012_030000.WAV,Telephone Field,recover-20221013,001,1795
138.3275,138.3659,68437,82317,Rhinolophus ferrumequinum,0.023,0.023,-1,Echolocation,/mnt/ubna_data_02_mir/recover-20221013/UBNA_001/20221012_030000.WAV,Telephone Field,recover-20221013,001,1795
138.3595,138.3698,28046,36283,Eptesicus serotinus,0.01,0.021,-1,Echolocation,/mnt/ubna_data_02_mir/recover-20221013/UBNA_001/20221012_030000.WAV,Telephone Field,recover-20221013,001,1795
138.3705,138.3804,23750,30993,Nyctalus leisleri,0.008,0.023,-1,Echolocation,/mnt/ubna_data_02_mir/recover-20221013/UBNA_001/20221012_030000.WAV,Telephone Field,recover-20221013,001,1795
138.4025,138.41,27187,40159,Eptesicus serotinus,0.008,0.027,-1,Echolocation,/mnt/ubna_data_02_mir/recover-20221013/UBNA_001/20221012_030000.WAV,Telephone Field,recover-20221013,001,1795
138.4035,138.4426,68437,81790,Rhinolophus ferrumequinum,0.024,0.024,-1,Echolocation,/mnt/ubna_data_02_mir/recover-20221013/UBNA_001/20221012_030000.WAV,Telephone Field,recover-20221013,001,1795
138.4155,138.4322,20312,23422,Nyctalus leisleri,0.015,0.026,-1,Echolocation,/mnt/ubna_data_02_mir/recover-20221013/UBNA_001/20221012_030000.WAV,Telephone Field,recover-20221013,001,1795
138.4375,138.4743,68437,82033,Rhinolophus ferrumequinum,0.021,0.021,-1,Echolocation,/mnt/ubna_data_02_mir/recover-20221013/UBNA_001/20221012_030000.WAV,Telephone Field,recover-20221013,001,1795
138.4665,138.5034,68437,81561,Rhinolophus ferrumequinum,0.022,0.022,-1,Echolocation,/mnt/ubna_data_02_mir/recover-20221013/UBNA_001/20221012_030000.WAV,Telephone Field,recover-20221013,001,1795
138.4695,138.477,28046,39604,Eptesicus serotinus,0.006,0.022,-1,Echolocation,/mnt/ubna_data_02_mir/recover-20221013/UBNA_001/20221012_030000.WAV,Telephone Field,recover-20221013,001,1795
138.48250000000002,138.5006,18593,21814,Nyctalus noctula,0.012,0.021,-1,Echolocation,/mnt/ubna_data_02_mir/recover-20221013/UBNA_001/20221012_030000.WAV,Telephone Field,recover-20221013,001,1795
138.5505,138.5583,50390,56140,Pipistrellus pipistrellus,0.018,0.021,-1,Echolocation,/mnt/ubna_data_02_mir/recover-20221013/UBNA_001/20221012_030000.WAV,Telephone Field,recover-20221013,001,1795
138.5855,138.5935,28046,38476,Eptesicus serotinus,0.008,0.025,-1,Echolocation,/mnt/ubna_data_02_mir/recover-20221013/UBNA_001/20221012_030000.WAV,Telephone Field,recover-20221013,001,1795
138.6145,138.6542,68437,82505,Rhinolophus ferrumequinum,0.024,0.024,-1,Echolocation,/mnt/ubna_data_02_mir/recover-20221013/UBNA_001/20221012_030000.WAV,Telephone Field,recover-20221013,001,1795
138.7245,138.7348,23750,30489,Nyctalus leisleri,0.008,0.021,-1,Echolocation,/mnt/ubna_data_02_mir/recover-20221013/UBNA_001/20221012_030000.WAV,Telephone Field,recover-20221013,001,1795
138.7345,138.7712,68437,81429,Rhinolophus ferrumequinum,0.021,0.021,-1,Echolocation,/mnt/ubna_data_02_mir/recover-20221013/UBNA_001/20221012_030000.WAV,Telephone Field,recover-20221013,001,1795
138.7595,138.7986,68437,81996,Rhinolophus ferrumequinum,0.024,0.024,-1,Echolocation,/mnt/ubna_data_02_mir/recover-20221013/UBNA_001/20221012_030000.WAV,Telephone Field,recover-20221013,001,1795
138.7865,138.8271,68437,82648,Rhinolophus ferrumequinum,0.021,0.021,-1,Echolocation,/mnt/ubna_data_02_mir/recover-20221013/UBNA_001/20221012_030000.WAV,Telephone Field,recover-20221013,001,1795
138.8075,138.8153,28906,38985,Eptesicus serotinus,0.008,0.026,-1,Echolocation,/mnt/ubna_data_02_mir/recover-20221013/UBNA_001/20221012_030000.WAV,Telephone Field,recover-20221013,001,1795
138.8445,138.8884,68437,83797,Rhinolophus ferrumequinum,0.057,0.057,-1,Echolocation,/mnt/ubna_data_02_mir/recover-20221013/UBNA_001/20221012_030000.WAV,Telephone Field,recover-20221013,001,1795
138.8885,138.8993,28046,35253,Eptesicus serotinus,0.016,0.029,-1,Echolocation,/mnt/ubna_data_02_mir/recover-20221013/UBNA_001/20221012_030000.WAV,Telephone Field,recover-20221013,001,1795
138.8895,138.9298,68437,82348,Rhinolophus ferrumequinum,0.025,0.025,-1,Echolocation,/mnt/ubna_data_02_mir/recover-20221013/UBNA_001/20221012_030000.WAV,Telephone Field,recover-20221013,001,1795
138.9525,138.9588,28046,40536,Eptesicus serotinus,0.006,0.027,-1,Echolocation,/mnt/ubna_data_02_mir/recover-20221013/UBNA_001/20221012_030000.WAV,Telephone Field,recover-20221013,001,1795
138.9895,138.9948,48671,54487,Pipistrellus pipistrellus,0.019,0.022,-1,Echolocation,/mnt/ubna_data_02_mir/recover-20221013/UBNA_001/20221012_030000.WAV,Telephone Field,recover-20221013,001,1795
138.9975,139.0387,68437,82317,Rhinolophus ferrumequinum,0.021,0.021,-1,Echolocation,/mnt/ubna_data_02_mir/recover-20221013/UBNA_001/20221012_030000.WAV,Telephone Field,recover-20221013,001,1795
139.0025,139.0134,23750,29390,Nyctalus leisleri,0.009,0.021,-1,Echolocation,/mnt/ubna_data_02_mir/recover-20221013/UBNA_001/20221012_030000.WAV,Telephone Field,recover-20221013,001,1795
139.0565,139.0888,68437,80113,Rhinolophus ferrumequinum,0.021,0.021,-1,Echolocation,/mnt/ubna_data_02_mir/recover-20221013/UBNA_001/20221012_030000.WAV,Telephone Field,recover-20221013,001,1795
139.0735,139.1095,68437,81754,Rhinolophus ferrumequinum,0.021,0.021,-1,Echolocation,/mnt/ubna_data_02_mir/recover-20221013/UBNA_001/20221012_030000.WAV,Telephone Field,recover-20221013,001,1795
139.1255,139.1624,68437,81484,Rhinolophus ferrumequinum,0.022,0.022,-1,Echolocation,/mnt/ubna_data_02_mir/recover-20221013/UBNA_001/20221012_030000.WAV,Telephone Field,recover-20221013,001,1795
139.1645,139.2045,68437,82262,Rhinolophus ferrumequinum,0.021,0.021,-1,Echolocation,/mnt/ubna_data_02_mir/recover-20221013/UBNA_001/20221012_030000.WAV,Telephone Field,recover-20221013,001,1795
139.1865,139.1943,28906,39556,Eptesicus serotinus,0.007,0.025,-1,Echolocation,/mnt/ubna_data_02_mir/recover-20221013/UBNA_001/20221012_030000.WAV,Telephone Field,recover-20221013,001,1795
139.19650000000001,139.2143,20312,23157,Nyctalus leisleri,0.019,0.03,-1,Echolocation,/mnt/ubna_data_02_mir/recover-20221013/UBNA_001/20221012_030000.WAV,Telephone Field,recover-20221013,001,1795
139.1995,139.24439999999998,68437,83291,Rhinolophus ferrumequinum,0.031,0.031,-1,Echolocation,/mnt/ubna_data_02_mir/recover-20221013/UBNA_001/20221012_030000.WAV,Telephone Field,recover-20221013,001,1795
139.2545,139.2951,68437,82971,Rhinolophus ferrumequinum,0.025,0.025,-1,Echolocation,/mnt/ubna_data_02_mir/recover-20221013/UBNA_001/20221012_030000.WAV,Telephone Field,recover-20221013,001,1795
139.2935,139.3015,27187,44494,Eptesicus serotinus,0.007,0.021,-1,Echolocation,/mnt/ubna_data_02_mir/recover-20221013/UBNA_001/20221012_030000.WAV,Telephone Field,recover-20221013,001,1795
139.2935,139.3331,68437,82450,Rhinolophus ferrumequinum,0.022,0.022,-1,Echolocation,/mnt/ubna_data_02_mir/recover-20221013/UBNA_001/20221012_030000.WAV,Telephone Field,recover-20221013,001,1795
139.3015,139.3388,68437,81669,Rhinolophus ferrumequinum,0.022,0.022,-1,Echolocation,/mnt/ubna_data_02_mir/recover-20221013/UBNA_001/20221012_030000.WAV,Telephone Field,recover-20221013,001,1795
139.3275,139.3473,18593,21764,Nyctalus noctula,0.011,0.021,-1,Echolocation,/mnt/ubna_data_02_mir/recover-20221013/UBNA_001/20221012_030000.WAV,Telephone Field,recover-20221013,001,1795
139.3395,139.3465,27187,39131,Eptesicus serotinus,0.005,0.021,-1,Echolocation,/mnt/ubna_data_02_mir/recover-20221013/UBNA_001/20221012_030000.WAV,Telephone Field,recover-20221013,001,1795
139.4335,139.4732,68437,83272,Rhinolophus ferrumequinum,0.024,0.024,-1,Echolocation,/mnt/ubna_data_02_mir/recover-20221013/UBNA_001/20221012_030000.WAV,Telephone Field,recover-20221013,001,1795
139.4405,139.4533,22890,28372,Nyctalus leisleri,0.012,0.027,-1,Echolocation,/mnt/ubna_data_02_mir/recover-20221013/UBNA_001/20221012_030000.WAV,Telephone Field,recover-20221013,001,1795
139.4525,139.4899,68437,82026,Rhinolophus ferrumequinum,0.021,0.021,-1,Echolocation,/mnt/ubna_data_02_mir/recover-20221013/UBNA_001/20221012_030000.WAV,Telephone Field,recover-20221013,001,1795
139.4615,139.5019,68437,82881,Rhinolophus ferrumequinum,0.024,0.024,-1,Echolocation,/mnt/ubna_data_02_mir/recover-20221013/UBNA_001/20221012_030000.WAV,Telephone Field,recover-20221013,001,1795
139.4655,139.4754,22031,27535,Nyctalus leisleri,0.009,0.022,-1,Echolocation,/mnt/ubna_data_02_mir/recover-20221013/UBNA_001/20221012_030000.WAV,Telephone Field,recover-20221013,001,1795
139.5275,139.5667,68437,82515,Rhinolophus ferrumequinum,0.023,0.023,-1,Echolocation,/mnt/ubna_data_02_mir/recover-20221013/UBNA_001/20221012_030000.WAV,Telephone Field,recover-20221013,001,1795
139.5405,139.5755,68437,81740,Rhinolophus ferrumequinum,0.022,0.022,-1,Echolocation,/mnt/ubna_data_02_mir/recover-20221013/UBNA_001/20221012_030000.WAV,Telephone Field,recover-20221013,001,1795
139.5505,139.5899,68437,82367,Rhinolophus ferrumequinum,0.022,0.022,-1,Echolocation,/mnt/ubna_data_02_mir/recover-20221013/UBNA_001/20221012_030000.WAV,Telephone Field,recover-20221013,001,1795
139.5515,139.5598,27187,39106,Eptesicus serotinus,0.009,0.026,-1,Echolocation,/mnt/ubna_data_02_mir/recover-20221013/UBNA_001/20221012_030000.WAV,Telephone Field,recover-20221013,001,1795
139.5885,139.5967,23750,31497,Plecotus austriacus,0.008,0.022,-1,Echolocation,/mnt/ubna_data_02_mir/recover-20221013/UBNA_001/20221012_030000.WAV,Telephone Field,recover-20221013,001,1795
139.6005,139.6107,28906,39792,Eptesicus serotinus,0.01,0.023,-1,Echolocation,/mnt/ubna_data_02_mir/recover-20221013/UBNA_001/20221012_030000.WAV,Telephone Field,recover-20221013,001,1795
139.6275,139.6687,68437,82286,Rhinolophus ferrumequinum,0.022,0.022,-1,Echolocation,/mnt/ubna_data_02_mir/recover-20221013/UBNA_001/20221012_030000.WAV,Telephone Field,recover-20221013,001,1795
139.6615,139.6722,22890,26994,Nyctalus leisleri,0.014,0.025,-1,Echolocation,/mnt/ubna_data_02_mir/recover-20221013/UBNA_001/20221012_030000.WAV,Telephone Field,recover-20221013,001,1795
139.7015,139.7357,68437,81555,Rhinolophus ferrumequinum,0.022,0.022,-1,Echolocation,/mnt/ubna_data_02_mir/recover-20221013/UBNA_001/20221012_030000.WAV,Telephone Field,recover-20221013,001,1795
139.7035,139.7133,24609,31509,Nyctalus leisleri,0.007,0.021,-1,Echolocation,/mnt/ubna_data_02_mir/recover-20221013/UBNA_001/20221012_030000.WAV,Telephone Field,recover-20221013,001,1795
139.7145,139.7245,28046,36003,Eptesicus serotinus,0.011,0.024,-1,Echolocation,/mnt/ubna_data_02_mir/recover-20221013/UBNA_001/20221012_030000.WAV,Telephone Field,recover-20221013,001,1795
139.7415,139.7808,68437,82098,Rhinolophus ferrumequinum,0.021,0.021,-1,Echolocation,/mnt/ubna_data_02_mir/recover-20221013/UBNA_001/20221012_030000.WAV,Telephone Field,recover-20221013,001,1795
139.7875,139.8274,68437,82697,Rhinolophus ferrumequinum,0.025,0.025,-1,Echolocation,/mnt/ubna_data_02_mir/recover-20221013/UBNA_001/20221012_030000.WAV,Telephone Field,recover-20221013,001,1795
139.8115,139.8298,20312,23401,Nyctalus leisleri,0.011,0.024,-1,Echolocation,/mnt/ubna_data_02_mir/recover-20221013/UBNA_001/20221012_030000.WAV,Telephone Field,recover-20221013,001,1795
139.8185,139.8285,22031,27844,Plecotus austriacus,0.008,0.023,-1,Echolocation,/mnt/ubna_data_02_mir/recover-20221013/UBNA_001/20221012_030000.WAV,Telephone Field,recover-20221013,001,1795
139.8515,139.8897,68437,82398,Rhinolophus ferrumequinum,0.026,0.026,-1,Echolocation,/mnt/ubna_data_02_mir/recover-20221013/UBNA_001/20221012_030000.WAV,Telephone Field,recover-20221013,001,1795
139.8815,139.9212,68437,82719,Rhinolophus ferrumequinum,0.022,0.022,-1,Echolocation,/mnt/ubna_data_02_mir/recover-20221013/UBNA_001/20221012_030000.WAV,Telephone Field,recover-20221013,001,1795
139.92849999999999,139.9654,68437,82122,Rhinolophus ferrumequinum,0.022,0.022,-1,Echolocation,/mnt/ubna_data_02_mir/recover-20221013/UBNA_001/20221012_030000.WAV,Telephone Field,recover-20221013,001,1795
139.9485,139.9578,28046,37852,Eptesicus serotinus,0.008,0.021,-1,Echolocation,/mnt/ubna_data_02_mir/recover-20221013/UBNA_001/20221012_030000.WAV,Telephone Field,recover-20221013,001,1795
139.9525,139.9619,40937,48221,Pipistrellus nathusii,0.007,0.021,-1,Echolocation,/mnt/ubna_data_02_mir/recover-20221013/UBNA_001/20221012_030000.WAV,Telephone Field,recover-20221013,001,1795
139.9765,139.9853,27187,36597,Eptesicus serotinus,0.008,0.024,-1,Echolocation,/mnt/ubna_data_02_mir/recover-20221013/UBNA_001/20221012_030000.WAV,Telephone Field,recover-20221013,001,1795
140.0015,140.0127,46953,52251,Pipistrellus pipistrellus,0.037,0.044,-1,Echolocation,/mnt/ubna_data_02_mir/recover-20221013/UBNA_001/20221012_030000.WAV,Telephone Field,recover-20221013,001,1795
140.0015,140.0106,22890,28515,Nyctalus leisleri,0.013,0.031,-1,Echolocation,/mnt/ubna_data_02_mir/recover-20221013/UBNA_001/20221012_030000.WAV,Telephone Field,recover-20221013,001,1795
140.0015,140.0345,68437,79841,Rhinolophus ferrumequinum,0.036,0.036,-1,Echolocation,/mnt/ubna_data_02_mir/recover-20221013/UBNA_001/20221012_030000.WAV,Telephone Field,recover-20221013,001,1795
140.0095,140.0476,68437,82101,Rhinolophus ferrumequinum,0.02,0.02,-1,Echolocation,/mnt/ubna_data_02_mir/recover-20221013/UBNA_001/20221012_030000.WAV,Telephone Field,recover-20221013,001,1795
140.0355,140.0431,23750,32865,Plecotus austriacus,0.01,0.025,-1,Echolocation,/mnt/ubna_data_02_mir/recover-20221013/UBNA_001/20221012_030000.WAV,Telephone Field,recover-20221013,001,1795
140.0575,140.06459999999998,27187,39965,Eptesicus serotinus,0.006,0.021,-1,Echolocation,/mnt/ubna_data_02_mir/recover-20221013/UBNA_001/20221012_030000.WAV,Telephone Field,recover-20221013,001,1795
140.0605,140.1005,68437,82203,Rhinolophus ferrumequinum,0.024,0.024,-1,Echolocation,/mnt/ubna_data_02_mir/recover-20221013/UBNA_001/20221012_030000.WAV,Telephone Field,recover-20221013,001,1795
140.0945,140.1371,68437,82705,Rhinolophus ferrumequinum,0.022,0.022,-1,Echolocation,/mnt/ubna_data_02_mir/recover-20221013/UBNA_001/20221012_030000.WAV,Telephone Field,recover-20221013,001,1795
140.1775,140.2159,68437,81770,Rhinolophus ferrumequinum,0.02,0.02,-1,Echolocation,/mnt/ubna_data_02_mir/recover-20221013/UBNA_001/20221012_030000.WAV,Telephone Field,recover-20221013,001,1795
140.1815,140.1906,26328,34267,Eptesicus serotinus,0.009,0.022,-1,Echolocation,/mnt/ubna_data_02_mir/recover-20221013/UBNA_001/20221012_030000.WAV,Telephone Field,recover-20221013,001,1795
140.2125,140.2502,68437,81574,Rhinolophus ferrumequinum,0.021,0.021,-1,Echolocation,/mnt/ubna_data_02_mir/recover-20221013/UBNA_001/20221012_030000.WAV,Telephone Field,recover-20221013,001,1795
140.2475,140.289,68437,83167,Rhinolophus ferrumequinum,0.043,0.043,-1,Echolocation,/mnt/ubna_data_02_mir/recover-20221013/UBNA_001/20221012_030000.WAV,Telephone Field,recover-20221013,001,1795
140.2825,140.2921,26328,35330,Eptesicus serotinus,0.009,0.022,-1,Echolocation,/mnt/ubna_data_02_mir/recover-20221013/UBNA_001/20221012_030000.WAV,Telephone Field,recover-20221013,001,1795
140.2885,140.2981,28046,38332,Eptesicus serotinus,0.007,0.022,-1,Echolocation,/mnt/ubna_data_02_mir/recover-20221013/UBNA_001/20221012_030000.WAV,Telephone Field,recover-20221013,001,1795
140.3065,140.34550000000002,68437,81945,Rhinolophus ferrumequinum,0.02,0.02,-1,Echolocation,/mnt/ubna_data_02_mir/recover-20221013/UBNA_001/20221012_030000.WAV,Telephone Field,recover-20221013,001,1795
140.3355,140.3444,25468,34413,Eptesicus serotinus,0.01,0.025,-1,Echolocation,/mnt/ubna_data_02_mir/recover-20221013/UBNA_001/20221012_030000.WAV,Telephone Field,recover-20221013,001,1795
140.3555,140.3962,68437,82470,Rhinolophus ferrumequinum,0.026,0.026,-1,Echolocation,/mnt/ubna_data_02_mir/recover-20221013/UBNA_001/20221012_030000.WAV,Telephone Field,recover-20221013,001,1795
140.3765,140.414,68437,82225,Rhinolophus ferrumequinum,0.02,0.02,-1,Echolocation,/mnt/ubna_data_02_mir/recover-20221013/UBNA_001/20221012_030000.WAV,Telephone Field,recover-20221013,001,1795
140.3775,140.3859,28046,38859,Eptesicus serotinus,0.007,0.021,-1,Echolocation,/mnt/ubna_data_02_mir/recover-20221013/UBNA_001/20221012_030000.WAV,Telephone Field,recover-20221013,001,1795
140.39249999999998,140.4028,22890,28725,Nyctalus leisleri,0.01,0.026,-1,Echolocation,/mnt/ubna_data_02_mir/recover-20221013/UBNA_001/20221012_030000.WAV,Telephone Field,recover-20221013,001,1795
140.4245,140.4638,68437,81918,Rhinolophus ferrumequinum,0.02,0.02,-1,Echolocation,/mnt/ubna_data_02_mir/recover-20221013/UBNA_001/20221012_030000.WAV,Telephone Field,recover-20221013,001,1795
140.4365,140.4458,28906,36948,Eptesicus serotinus,0.008,0.021,-1,Echolocation,/mnt/ubna_data_02_mir/recover-20221013/UBNA_001/20221012_030000.WAV,Telephone Field,recover-20221013,001,1795
140.4675,140.4781,25468,32269,Eptesicus serotinus,0.008,0.023,-1,Echolocation,/mnt/ubna_data_02_mir/recover-20221013/UBNA_001/20221012_030000.WAV,Telephone Field,recover-20221013,001,1795
140.4805,140.4891,28046,38125,Eptesicus serotinus,0.008,0.02,-1,Echolocation,/mnt/ubna_data_02_mir/recover-20221013/UBNA_001/20221012_030000.WAV,Telephone Field,recover-20221013,001,1795
140.4975,140.5366,68437,82590,Rhinolophus ferrumequinum,0.022,0.022,-1,Echolocation,/mnt/ubna_data_02_mir/recover-20221013/UBNA_001/20221012_030000.WAV,Telephone Field,recover-20221013,001,1795
140.5245,140.5343,24609,31595,Eptesicus serotinus,0.009,0.029,-1,Echolocation,/mnt/ubna_data_02_mir/recover-20221013/UBNA_001/20221012_030000.WAV,Telephone Field,recover-20221013,001,1795
140.5255,140.5653,68437,82399,Rhinolophus ferrumequinum,0.021,0.021,-1,Echolocation,/mnt/ubna_data_02_mir/recover-20221013/UBNA_001/20221012_030000.WAV,Telephone Field,recover-20221013,001,1795
140.5745,140.588,22890,27253,Nyctalus leisleri,0.015,0.027,-1,Echolocation,/mnt/ubna_data_02_mir/recover-20221013/UBNA_001/20221012_030000.WAV,Telephone Field,recover-20221013,001,1795
140.5875,140.5936,29765,43798,Myotis daubentonii,0.008,0.025,-1,Echolocation,/mnt/ubna_data_02_mir/recover-20221013/UBNA_001/20221012_030000.WAV,Telephone Field,recover-20221013,001,1795
140.5945,140.6345,68437,82826,Rhinolophus ferrumequinum,0.023,0.023,-1,Echolocation,/mnt/ubna_data_02_mir/recover-20221013/UBNA_001/20221012_030000.WAV,Telephone Field,recover-20221013,001,1795
140.6165,140.6298,22890,27352,Nyctalus leisleri,0.015,0.028,-1,Echolocation,/mnt/ubna_data_02_mir/recover-20221013/UBNA_001/20221012_030000.WAV,Telephone Field,recover-20221013,001,1795
140.6175,140.6572,68437,82137,Rhinolophus ferrumequinum,0.021,0.021,-1,Echolocation,/mnt/ubna_data_02_mir/recover-20221013/UBNA_001/20221012_030000.WAV,Telephone Field,recover-20221013,001,1795
140.6455,140.6563,24609,30477,Eptesicus serotinus,0.009,0.023,-1,Echolocation,/mnt/ubna_data_02_mir/recover-20221013/UBNA_001/20221012_030000.WAV,Telephone Field,recover-20221013,001,1795
140.6855,140.7251,68437,82299,Rhinolophus ferrumequinum,0.025,0.025,-1,Echolocation,/mnt/ubna_data_02_mir/recover-20221013/UBNA_001/20221012_030000.WAV,Telephone Field,recover-20221013,001,1795
140.7125,140.7209,28046,38488,Eptesicus serotinus,0.007,0.02,-1,Echolocation,/mnt/ubna_data_02_mir/recover-20221013/UBNA_001/20221012_030000.WAV,Telephone Field,recover-20221013,001,1795
140.7505,140.7876,68437,81231,Rhinolophus ferrumequinum,0.025,0.025,-1,Echolocation,/mnt/ubna_data_02_mir/recover-20221013/UBNA_001/20221012_030000.WAV,Telephone Field,recover-20221013,001,1795
140.7635,140.7714,28046,38648,Eptesicus serotinus,0.007,0.023,-1,Echolocation,/mnt/ubna_data_02_mir/recover-20221013/UBNA_001/20221012_030000.WAV,Telephone Field,recover-20221013,001,1795
140.7855,140.824,68437,82704,Rhinolophus ferrumequinum,0.022,0.023,-1,Echolocation,/mnt/ubna_data_02_mir/recover-20221013/UBNA_001/20221012_030000.WAV,Telephone Field,recover-20221013,001,1795
140.7905,140.8303,68437,82369,Rhinolophus ferrumequinum,0.023,0.023,-1,Echolocation,/mnt/ubna_data_02_mir/recover-20221013/UBNA_001/20221012_030000.WAV,Telephone Field,recover-20221013,001,1795
140.7985,140.8391,68437,82182,Rhinolophus ferrumequinum,0.023,0.023,-1,Echolocation,/mnt/ubna_data_02_mir/recover-20221013/UBNA_001/20221012_030000.WAV,Telephone Field,recover-20221013,001,1795
140.8125,140.8202,28046,39821,Eptesicus serotinus,0.006,0.02,-1,Echolocation,/mnt/ubna_data_02_mir/recover-20221013/UBNA_001/20221012_030000.WAV,Telephone Field,recover-20221013,001,1795
140.82150000000001,140.85750000000002,68437,81688,Rhinolophus ferrumequinum,0.021,0.021,-1,Echolocation,/mnt/ubna_data_02_mir/recover-20221013/UBNA_001/20221012_030000.WAV,Telephone Field,recover-20221013,001,1795
140.8525,140.8899,68437,81685,Rhinolophus ferrumequinum,0.024,0.024,-1,Echolocation,/mnt/ubna_data_02_mir/recover-20221013/UBNA_001/20221012_030000.WAV,Telephone Field,recover-20221013,001,1795
140.8935,140.9333,68437,82390,Rhinolophus ferrumequinum,0.024,0.024,-1,Echolocation,/mnt/ubna_data_02_mir/recover-20221013/UBNA_001/20221012_030000.WAV,Telephone Field,recover-20221013,001,1795
140.9515,140.9898,68437,82373,Rhinolophus ferrumequinum,0.02,0.02,-1,Echolocation,/mnt/ubna_data_02_mir/recover-20221013/UBNA_001/20221012_030000.WAV,Telephone Field,recover-20221013,001,1795
140.9725,140.9808,28046,37696,Eptesicus serotinus,0.007,0.021,-1,Echolocation,/mnt/ubna_data_02_mir/recover-20221013/UBNA_001/20221012_030000.WAV,Telephone Field,recover-20221013,001,1795
140.9985,141.038,68437,82532,Rhinolophus ferrumequinum,0.021,0.021,-1,Echolocation,/mnt/ubna_data_02_mir/recover-20221013/UBNA_001/20221012_030000.WAV,Telephone Field,recover-20221013,001,1795
141.0105,141.0431,68437,81323,Rhinolophus ferrumequinum,0.024,0.024,-1,Echolocation,/mnt/ubna_data_02_mir/recover-20221013/UBNA_001/20221012_030000.WAV,Telephone Field,recover-20221013,001,1795
141.0195,141.0286,22890,29098,Nyctalus leisleri,0.007,0.02,-1,Echolocation,/mnt/ubna_data_02_mir/recover-20221013/UBNA_001/20221012_030000.WAV,Telephone Field,recover-20221013,001,1795
141.0435,141.0823,68437,82223,Rhinolophus ferrumequinum,0.021,0.021,-1,Echolocation,/mnt/ubna_data_02_mir/recover-20221013/UBNA_001/20221012_030000.WAV,Telephone Field,recover-20221013,001,1795
141.0645,141.1028,68437,82866,Rhinolophus ferrumequinum,0.022,0.022,-1,Echolocation,/mnt/ubna_data_02_mir/recover-20221013/UBNA_001/20221012_030000.WAV,Telephone Field,recover-20221013,001,1795
141.1055,141.1436,68437,82319,Rhinolophus ferrumequinum,0.02,0.02,-1,Echolocation,/mnt/ubna_data_02_mir/recover-20221013/UBNA_001/20221012_030000.WAV,Telephone Field,recover-20221013,001,1795
141.1315,141.13909999999998,23750,33118,Plecotus austriacus,0.012,0.027,-1,Echolocation,/mnt/ubna_data_02_mir/recover-20221013/UBNA_001/20221012_030000.WAV,Telephone Field,recover-20221013,001,1795
141.1435,141.1833,68437,82751,Rhinolophus ferrumequinum,0.021,0.021,-1,Echolocation,/mnt/ubna_data_02_mir/recover-20221013/UBNA_001/20221012_030000.WAV,Telephone Field,recover-20221013,001,1795
141.1505,141.1632,38359,42596,Pipistrellus nathusii,0.011,0.02,-1,Echolocation,/mnt/ubna_data_02_mir/recover-20221013/UBNA_001/20221012_030000.WAV,Telephone Field,recover-20221013,001,1795
141.1915,141.1989,27187,41087,Eptesicus serotinus,0.006,0.021,-1,Echolocation,/mnt/ubna_data_02_mir/recover-20221013/UBNA_001/20221012_030000.WAV,Telephone Field,recover-20221013,001,1795
141.2025,141.2113,25468,32732,Eptesicus serotinus,0.008,0.022,-1,Echolocation,/mnt/ubna_data_02_mir/recover-20221013/UBNA_001/20221012_030000.WAV,Telephone Field,recover-20221013,001,1795
141.2195,141.2272,27187,36113,Eptesicus serotinus,0.007,0.024,-1,Echolocation,/mnt/ubna_data_02_mir/recover-20221013/UBNA_001/20221012_030000.WAV,Telephone Field,recover-20221013,001,1795
141.2495,141.2595,46093,54196,Pipistrellus pipistrellus,0.017,0.021,-1,Echolocation,/mnt/ubna_data_02_mir/recover-20221013/UBNA_001/20221012_030000.WAV,Telephone Field,recover-20221013,001,1795
141.2705,141.3052,68437,80677,Rhinolophus ferrumequinum,0.022,0.022,-1,Echolocation,/mnt/ubna_data_02_mir/recover-20221013/UBNA_001/20221012_030000.WAV,Telephone Field,recover-20221013,001,1795
141.30349999999999,141.31380000000001,22890,29003,Nyctalus leisleri,0.01,0.024,-1,Echolocation,/mnt/ubna_data_02_mir/recover-20221013/UBNA_001/20221012_030000.WAV,Telephone Field,recover-20221013,001,1795
141.3165,141.3273,28046,35277,Eptesicus serotinus,0.012,0.027,-1,Echolocation,/mnt/ubna_data_02_mir/recover-20221013/UBNA_001/20221012_030000.WAV,Telephone Field,recover-20221013,001,1795
141.3385,141.3483,24609,31797,Nyctalus leisleri,0.007,0.02,-1,Echolocation,/mnt/ubna_data_02_mir/recover-20221013/UBNA_001/20221012_030000.WAV,Telephone Field,recover-20221013,001,1795
141.3595,141.3691,28906,37447,Eptesicus serotinus,0.011,0.026,-1,Echolocation,/mnt/ubna_data_02_mir/recover-20221013/UBNA_001/20221012_030000.WAV,Telephone Field,recover-20221013,001,1795
141.3615,141.397,68437,81156,Rhinolophus ferrumequinum,0.02,0.02,-1,Echolocation,/mnt/ubna_data_02_mir/recover-20221013/UBNA_001/20221012_030000.WAV,Telephone Field,recover-20221013,001,1795
141.5025,141.5105,28046,37497,Eptesicus serotinus,0.008,0.022,-1,Echolocation,/mnt/ubna_data_02_mir/recover-20221013/UBNA_001/20221012_030000.WAV,Telephone Field,recover-20221013,001,1795
141.5045,141.54500000000002,68437,83185,Rhinolophus ferrumequinum,0.026,0.026,-1,Echolocation,/mnt/ubna_data_02_mir/recover-20221013/UBNA_001/20221012_030000.WAV,Telephone Field,recover-20221013,001,1795
141.5345,141.5472,37500,42770,Pipistrellus nathusii,0.014,0.026,-1,Echolocation,/mnt/ubna_data_02_mir/recover-20221013/UBNA_001/20221012_030000.WAV,Telephone Field,recover-20221013,001,1795
141.5365,141.5746,68437,81865,Rhinolophus ferrumequinum,0.02,0.02,-1,Echolocation,/mnt/ubna_data_02_mir/recover-20221013/UBNA_001/20221012_030000.WAV,Telephone Field,recover-20221013,001,1795
141.5445,141.5525,22890,30993,Plecotus austriacus,0.01,0.023,-1,Echolocation,/mnt/ubna_data_02_mir/recover-20221013/UBNA_001/20221012_030000.WAV,Telephone Field,recover-20221013,001,1795
141.5815,141.5911,23750,30156,Nyctalus leisleri,0.008,0.02,-1,Echolocation,/mnt/ubna_data_02_mir/recover-20221013/UBNA_001/20221012_030000.WAV,Telephone Field,recover-20221013,001,1795
141.6025,141.64,68437,82278,Rhinolophus ferrumequinum,0.023,0.023,-1,Echolocation,/mnt/ubna_data_02_mir/recover-20221013/UBNA_001/20221012_030000.WAV,Telephone Field,recover-20221013,001,1795
141.6325,141.6396,28046,38456,Eptesicus serotinus,0.009,0.028,-1,Echolocation,/mnt/ubna_data_02_mir/recover-20221013/UBNA_001/20221012_030000.WAV,Telephone Field,recover-20221013,001,1795
141.6745,141.712,68437,81694,Rhinolophus ferrumequinum,0.021,0.021,-1,Echolocation,/mnt/ubna_data_02_mir/recover-20221013/UBNA_001/20221012_030000.WAV,Telephone Field,recover-20221013,001,1795
141.6865,141.725,68437,82174,Rhinolophus ferrumequinum,0.02,0.02,-1,Echolocation,/mnt/ubna_data_02_mir/recover-20221013/UBNA_001/20221012_030000.WAV,Telephone Field,recover-20221013,001,1795
141.70850000000002,141.7409,68437,79908,Rhinolophus ferrumequinum,0.019,0.02,-1,Echolocation,/mnt/ubna_data_02_mir/recover-20221013/UBNA_001/20221012_030000.WAV,Telephone Field,recover-20221013,001,1795
141.7145,141.7484,68437,80078,Rhinolophus ferrumequinum,0.02,0.02,-1,Echolocation,/mnt/ubna_data_02_mir/recover-20221013/UBNA_001/20221012_030000.WAV,Telephone Field,recover-20221013,001,1795
141.7545,141.7903,68437,81201,Rhinolophus ferrumequinum,0.02,0.02,-1,Echolocation,/mnt/ubna_data_02_mir/recover-20221013/UBNA_001/20221012_030000.WAV,Telephone Field,recover-20221013,001,1795
141.7735,141.7842,28906,36254,Eptesicus serotinus,0.01,0.022,-1,Echolocation,/mnt/ubna_data_02_mir/recover-20221013/UBNA_001/20221012_030000.WAV,Telephone Field,recover-20221013,001,1795
141.7995,141.8403,68437,82900,Rhinolophus ferrumequinum,0.028,0.028,-1,Echolocation,/mnt/ubna_data_02_mir/recover-20221013/UBNA_001/20221012_030000.WAV,Telephone Field,recover-20221013,001,1795
141.8155,141.8539,68437,81901,Rhinolophus ferrumequinum,0.025,0.025,-1,Echolocation,/mnt/ubna_data_02_mir/recover-20221013/UBNA_001/20221012_030000.WAV,Telephone Field,recover-20221013,001,1795
141.8225,141.8308,27187,42831,Eptesicus serotinus,0.007,0.022,-1,Echolocation,/mnt/ubna_data_02_mir/recover-20221013/UBNA_001/20221012_030000.WAV,Telephone Field,recover-20221013,001,1795
141.8255,141.8313,37500,46735,Myotis daubentonii,0.007,0.021,-1,Echolocation,/mnt/ubna_data_02_mir/recover-20221013/UBNA_001/20221012_030000.WAV,Telephone Field,recover-20221013,001,1795
141.8475,141.8571,43515,50765,Pipistrellus pipistrellus,0.014,0.02,-1,Echolocation,/mnt/ubna_data_02_mir/recover-20221013/UBNA_001/20221012_030000.WAV,Telephone Field,recover-20221013,001,1795
141.8555,141.8904,68437,80803,Rhinolophus ferrumequinum,0.023,0.023,-1,Echolocation,/mnt/ubna_data_02_mir/recover-20221013/UBNA_001/20221012_030000.WAV,Telephone Field,recover-20221013,001,1795
141.8635,141.9026,68437,82172,Rhinolophus ferrumequinum,0.028,0.028,-1,Echolocation,/mnt/ubna_data_02_mir/recover-20221013/UBNA_001/20221012_030000.WAV,Telephone Field,recover-20221013,001,1795
141.8945,141.9335,68437,82500,Rhinolophus ferrumequinum,0.026,0.026,-1,Echolocation,/mnt/ubna_data_02_mir/recover-20221013/UBNA_001/20221012_030000.WAV,Telephone Field,recover-20221013,001,1795
141.9475,141.9569,48671,52689,Pipistrellus pipistrellus,0.018,0.021,-1,Echolocation,/mnt/ubna_data_02_mir/recover-20221013/UBNA_001/20221012_030000.WAV,Telephone Field,recover-20221013,001,1795
141.9645,141.9741,23750,31186,Nyctalus leisleri,0.007,0.022,-1,Echolocation,/mnt/ubna_data_02_mir/recover-20221013/UBNA_001/20221012_030000.WAV,Telephone Field,recover-20221013,001,1795
142.0015,142.0112,47812,53963,Pipistrellus pipistrellus,0.018,0.025,-1,Echolocation,/mnt/ubna_data_02_mir/recover-20221013/UBNA_001/20221012_030000.WAV,Telephone Field,recover-20221013,001,1795
142.0015,142.0109,22890,29130,Nyctalus leisleri,0.014,0.033,-1,Echolocation,/mnt/ubna_data_02_mir/recover-20221013/UBNA_001/20221012_030000.WAV,Telephone Field,recover-20221013,001,1795
142.0015,142.0123,39218,44574,Pipistrellus nathusii,0.011,0.021,-1,Echolocation,/mnt/ubna_data_02_mir/recover-20221013/UBNA_001/20221012_030000.WAV,Telephone Field,recover-20221013,001,1795
142.0015,142.0322,69296,81570,Rhinolophus ferrumequinum,0.057,0.057,-1,Echolocation,/mnt/ubna_data_02_mir/recover-20221013/UBNA_001/20221012_030000.WAV,Telephone Field,recover-20221013,001,1795
142.0195,142.0298,22890,27548,Nyctalus leisleri,0.011,0.022,-1,Echolocation,/mnt/ubna_data_02_mir/recover-20221013/UBNA_001/20221012_030000.WAV,Telephone Field,recover-20221013,001,1795
142.0965,142.1387,68437,82556,Rhinolophus ferrumequinum,0.024,0.024,-1,Echolocation,/mnt/ubna_data_02_mir/recover-20221013/UBNA_001/20221012_030000.WAV,Telephone Field,recover-20221013,001,1795
142.2405,142.2588,19453,22730,Nyctalus leisleri,0.011,0.022,-1,Echolocation,/mnt/ubna_data_02_mir/recover-20221013/UBNA_001/20221012_030000.WAV,Telephone Field,recover-20221013,001,1795
142.2895,142.3277,68437,81972,Rhinolophus ferrumequinum,0.022,0.022,-1,Echolocation,/mnt/ubna_data_02_mir/recover-20221013/UBNA_001/20221012_030000.WAV,Telephone Field,recover-20221013,001,1795
142.3125,142.3209,28046,39852,Eptesicus serotinus,0.009,0.024,-1,Echolocation,/mnt/ubna_data_02_mir/recover-20221013/UBNA_001/20221012_030000.WAV,Telephone Field,recover-20221013,001,1795
142.3435,142.3529,28046,36756,Eptesicus serotinus,0.033,0.049,-1,Echolocation,/mnt/ubna_data_02_mir/recover-20221013/UBNA_001/20221012_030000.WAV,Telephone Field,recover-20221013,001,1795
142.3635,142.372,27187,35043,Eptesicus serotinus,0.008,0.021,-1,Echolocation,/mnt/ubna_data_02_mir/recover-20221013/UBNA_001/20221012_030000.WAV,Telephone Field,recover-20221013,001,1795
142.4015,142.4399,68437,82054,Rhinolophus ferrumequinum,0.022,0.022,-1,Echolocation,/mnt/ubna_data_02_mir/recover-20221013/UBNA_001/20221012_030000.WAV,Telephone Field,recover-20221013,001,1795
142.4265,142.4657,68437,82623,Rhinolophus ferrumequinum,0.026,0.026,-1,Echolocation,/mnt/ubna_data_02_mir/recover-20221013/UBNA_001/20221012_030000.WAV,Telephone Field,recover-20221013,001,1795
142.4375,142.44650000000001,28046,36803,Eptesicus serotinus,0.008,0.022,-1,Echolocation,/mnt/ubna_data_02_mir/recover-20221013/UBNA_001/20221012_030000.WAV,Telephone Field,recover-20221013,001,1795
142.4785,142.4882,27187,35350,Eptesicus serotinus,0.015,0.029,-1,Echolocation,/mnt/ubna_data_02_mir/recover-20221013/UBNA_001/20221012_030000.WAV,Telephone Field,recover-20221013,001,1795
142.4925,142.5315,68437,82593,Rhinolophus ferrumequinum,0.022,0.022,-1,Echolocation,/mnt/ubna_data_02_mir/recover-20221013/UBNA_001/20221012_030000.WAV,Telephone Field,recover-20221013,001,1795
142.4955,142.5154,18593,21528,Nyctalus noctula,0.015,0.028,-1,Echolocation,/mnt/ubna_data_02_mir/recover-20221013/UBNA_001/20221012_030000.WAV,Telephone Field,recover-20221013,001,1795
142.5095,142.5506,68437,82380,Rhinolophus ferrumequinum,0.021,0.021,-1,Echolocation,/mnt/ubna_data_02_mir/recover-20221013/UBNA_001/20221012_030000.WAV,Telephone Field,recover-20221013,001,1795
142.5185,142.5278,28046,38001,Eptesicus serotinus,0.013,0.03,-1,Echolocation,/mnt/ubna_data_02_mir/recover-20221013/UBNA_001/20221012_030000.WAV,Telephone Field,recover-20221013,001,1795
142.5895,142.6003,28906,37367,Eptesicus serotinus,0.01,0.022,-1,Echolocation,/mnt/ubna_data_02_mir/recover-20221013/UBNA_001/20221012_030000.WAV,Telephone Field,recover-20221013,001,1795
142.5995,142.6433,68437,83678,Rhinolophus ferrumequinum,0.042,0.042,-1,Echolocation,/mnt/ubna_data_02_mir/recover-20221013/UBNA_001/20221012_030000.WAV,Telephone Field,recover-20221013,001,1795
142.6335,142.6453,22890,27690,Nyctalus leisleri,0.012,0.023,-1,Echolocation,/mnt/ubna_data_02_mir/recover-20221013/UBNA_001/20221012_030000.WAV,Telephone Field,recover-20221013,001,1795
142.6355,142.6729,68437,82087,Rhinolophus ferrumequinum,0.021,0.021,-1,Echolocation,/mnt/ubna_data_02_mir/recover-20221013/UBNA_001/20221012_030000.WAV,Telephone Field,recover-20221013,001,1795
142.6735,142.7137,68437,82182,Rhinolophus ferrumequinum,0.023,0.023,-1,Echolocation,/mnt/ubna_data_02_mir/recover-20221013/UBNA_001/20221012_030000.WAV,Telephone Field,recover-20221013,001,1795
142.6875,142.7015,22031,25810,Nyctalus leisleri,0.017,0.029,-1,Echolocation,/mnt/ubna_data_02_mir/recover-20221013/UBNA_001/20221012_030000.WAV,Telephone Field,recover-20221013,001,1795
142.7235,142.7617,68437,82296,Rhinolophus ferrumequinum,0.023,0.023,-1,Echolocation,/mnt/ubna_data_02_mir/recover-20221013/UBNA_001/20221012_030000.WAV,Telephone Field,recover-20221013,001,1795
142.7235,142.7338,28046,35906,Eptesicus serotinus,0.01,0.022,-1,Echolocation,/mnt/ubna_data_02_mir/recover-20221013/UBNA_001/20221012_030000.WAV,Telephone Field,recover-20221013,001,1795
142.7395,142.7506,22890,28502,Nyctalus leisleri,0.01,0.022,-1,Echolocation,/mnt/ubna_data_02_mir/recover-20221013/UBNA_001/20221012_030000.WAV,Telephone Field,recover-20221013,001,1795
142.7585,142.7989,68437,82220,Rhinolophus ferrumequinum,0.022,0.022,-1,Echolocation,/mnt/ubna_data_02_mir/recover-20221013/UBNA_001/20221012_030000.WAV,Telephone Field,recover-20221013,001,1795
142.8145,142.8571,68437,83205,Rhinolophus ferrumequinum,0.027,0.027,-1,Echolocation,/mnt/ubna_data_02_mir/recover-20221013/UBNA_001/20221012_030000.WAV,Telephone Field,recover-20221013,001,1795
142.8445,142.8604,22031,25417,Nyctalus leisleri,0.037,0.062,-1,Echolocation,/mnt/ubna_data_02_mir/recover-20221013/UBNA_001/20221012_030000.WAV,Telephone Field,recover-20221013,001,1795
142.8625,142.8994,68437,81828,Rhinolophus ferrumequinum,0.022,0.022,-1,Echolocation,/mnt/ubna_data_02_mir/recover-20221013/UBNA_001/20221012_030000.WAV,Telephone Field,recover-20221013,001,1795
142.8825,142.9216,68437,82304,Rhinolophus ferrumequinum,0.024,0.025,-1,Echolocation,/mnt/ubna_data_02_mir/recover-20221013/UBNA_001/20221012_030000.WAV,Telephone Field,recover-20221013,001,1795
142.9245,142.96,68437,81657,Rhinolophus ferrumequinum,0.022,0.022,-1,Echolocation,/mnt/ubna_data_02_mir/recover-20221013/UBNA_001/20221012_030000.WAV,Telephone Field,recover-20221013,001,1795
142.9655,143.005,68437,81819,Rhinolophus ferrumequinum,0.022,0.022,-1,Echolocation,/mnt/ubna_data_02_mir/recover-20221013/UBNA_001/20221012_030000.WAV,Telephone Field,recover-20221013,001,1795
142.9805,142.9943,22890,26655,Nyctalus leisleri,0.015,0.024,-1,Echolocation,/mnt/ubna_data_02_mir/recover-20221013/UBNA_001/20221012_030000.WAV,Telephone Field,recover-20221013,001,1795
142.9945,143.0346,68437,82598,Rhinolophus ferrumequinum,0.033,0.033,-1,Echolocation,/mnt/ubna_data_02_mir/recover-20221013/UBNA_001/20221012_030000.WAV,Telephone Field,recover-20221013,001,1795
142.9985,143.0085,26328,34939,Eptesicus serotinus,0.011,0.025,-1,Echolocation,/mnt/ubna_data_02_mir/recover-20221013/UBNA_001/20221012_030000.WAV,Telephone Field,recover-20221013,001,1795
143.0205,143.0618,68437,83062,Rhinolophus ferrumequinum,0.031,0.031,-1,Echolocation,/mnt/ubna_data_02_mir/recover-20221013/UBNA_001/20221012_030000.WAV,Telephone Field,recover-20221013,001,1795
143.0605,143.0998,68437,82068,Rhinolophus ferrumequinum,0.023,0.023,-1,Echolocation,/mnt/ubna_data_02_mir/recover-20221013/UBNA_001/20221012_030000.WAV,Telephone Field,recover-20221013,001,1795
143.07150000000001,143.1112,68437,82745,Rhinolophus ferrumequinum,0.024,0.024,-1,Echolocation,/mnt/ubna_data_02_mir/recover-20221013/UBNA_001/20221012_030000.WAV,Telephone Field,recover-20221013,001,1795
143.1015,143.1114,26328,35156,Eptesicus serotinus,0.021,0.039,-1,Echolocation,/mnt/ubna_data_02_mir/recover-20221013/UBNA_001/20221012_030000.WAV,Telephone Field,recover-20221013,001,1795
143.1205,143.1277,28046,39478,Eptesicus serotinus,0.006,0.021,-1,Echolocation,/mnt/ubna_data_02_mir/recover-20221013/UBNA_001/20221012_030000.WAV,Telephone Field,recover-20221013,001,1795
143.1645,143.1826,19453,22610,Nyctalus leisleri,0.012,0.023,-1,Echolocation,/mnt/ubna_data_02_mir/recover-20221013/UBNA_001/20221012_030000.WAV,Telephone Field,recover-20221013,001,1795
143.1645,143.206,68437,82536,Rhinolophus ferrumequinum,0.025,0.025,-1,Echolocation,/mnt/ubna_data_02_mir/recover-20221013/UBNA_001/20221012_030000.WAV,Telephone Field,recover-20221013,001,1795
143.1825,143.1913,28046,38687,Eptesicus serotinus,0.022,0.042,-1,Echolocation,/mnt/ubna_data_02_mir/recover-20221013/UBNA_001/20221012_030000.WAV,Telephone Field,recover-20221013,001,1795
143.1845,143.2248,68437,82239,Rhinolophus ferrumequinum,0.022,0.022,-1,Echolocation,/mnt/ubna_data_02_mir/recover-20221013/UBNA_001/20221012_030000.WAV,Telephone Field,recover-20221013,001,1795
143.2195,143.2557,68437,80800,Rhinolophus ferrumequinum,0.027,0.027,-1,Echolocation,/mnt/ubna_data_02_mir/recover-20221013/UBNA_001/20221012_030000.WAV,Telephone Field,recover-20221013,001,1795
143.2405,143.2486,28046,39467,Eptesicus serotinus,0.008,0.023,-1,Echolocation,/mnt/ubna_data_02_mir/recover-20221013/UBNA_001/20221012_030000.WAV,Telephone Field,recover-20221013,001,1795
143.2605,143.2677,27187,38639,Eptesicus serotinus,0.006,0.022,-1,Echolocation,/mnt/ubna_data_02_mir/recover-20221013/UBNA_001/20221012_030000.WAV,Telephone Field,recover-20221013,001,1795
143.2625,143.3058,68437,83768,Rhinolophus ferrumequinum,0.043,0.043,-1,Echolocation,/mnt/ubna_data_02_mir/recover-20221013/UBNA_001/20221012_030000.WAV,Telephone Field,recover-20221013,001,1795
143.3125,143.35,68437,81424,Rhinolophus ferrumequinum,0.021,0.021,-1,Echolocation,/mnt/ubna_data_02_mir/recover-20221013/UBNA_001/20221012_030000.WAV,Telephone Field,recover-20221013,001,1795
143.3145,143.3214,28046,38829,Eptesicus serotinus,0.006,0.023,-1,Echolocation,/mnt/ubna_data_02_mir/recover-20221013/UBNA_001/20221012_030000.WAV,Telephone Field,recover-20221013,001,1795
143.3295,143.3687,68437,82540,Rhinolophus ferrumequinum,0.023,0.023,-1,Echolocation,/mnt/ubna_data_02_mir/recover-20221013/UBNA_001/20221012_030000.WAV,Telephone Field,recover-20221013,001,1795
143.3475,143.3858,68437,81871,Rhinolophus ferrumequinum,0.024,0.024,-1,Echolocation,/mnt/ubna_data_02_mir/recover-20221013/UBNA_001/20221012_030000.WAV,Telephone Field,recover-20221013,001,1795
143.4055,143.442,68437,82367,Rhinolophus ferrumequinum,0.022,0.022,-1,Echolocation,/mnt/ubna_data_02_mir/recover-20221013/UBNA_001/20221012_030000.WAV,Telephone Field,recover-20221013,001,1795
143.4235,143.4316,27187,36321,Eptesicus serotinus,0.008,0.022,-1,Echolocation,/mnt/ubna_data_02_mir/recover-20221013/UBNA_001/20221012_030000.WAV,Telephone Field,recover-20221013,001,1795
143.4445,143.4522,28046,42235,Eptesicus serotinus,0.007,0.021,-1,Echolocation,/mnt/ubna_data_02_mir/recover-20221013/UBNA_001/20221012_030000.WAV,Telephone Field,recover-20221013,001,1795
143.4475,143.4846,68437,81666,Rhinolophus ferrumequinum,0.023,0.023,-1,Echolocation,/mnt/ubna_data_02_mir/recover-20221013/UBNA_001/20221012_030000.WAV,Telephone Field,recover-20221013,001,1795
143.45850000000002,143.4976,68437,82405,Rhinolophus ferrumequinum,0.031,0.031,-1,Echolocation,/mnt/ubna_data_02_mir/recover-20221013/UBNA_001/20221012_030000.WAV,Telephone Field,recover-20221013,001,1795
143.4675,143.5055,68437,81644,Rhinolophus ferrumequinum,0.024,0.024,-1,Echolocation,/mnt/ubna_data_02_mir/recover-20221013/UBNA_001/20221012_030000.WAV,Telephone Field,recover-20221013,001,1795
143.5065,143.5493,68437,83572,Rhinolophus ferrumequinum,0.036,0.036,-1,Echolocation,/mnt/ubna_data_02_mir/recover-20221013/UBNA_001/20221012_030000.WAV,Telephone Field,recover-20221013,001,1795
143.5245,143.5327,28046,37660,Eptesicus serotinus,0.009,0.024,-1,Echolocation,/mnt/ubna_data_02_mir/recover-20221013/UBNA_001/20221012_030000.WAV,Telephone Field,recover-20221013,001,1795
143.5865,143.6219,68437,81820,Rhinolophus ferrumequinum,0.022,0.022,-1,Echolocation,/mnt/ubna_data_02_mir/recover-20221013/UBNA_001/20221012_030000.WAV,Telephone Field,recover-20221013,001,1795
143.5975,143.6338,68437,82532,Rhinolophus ferrumequinum,0.024,0.024,-1,Echolocation,/mnt/ubna_data_02_mir/recover-20221013/UBNA_001/20221012_030000.WAV,Telephone Field,recover-20221013,001,1795
143.7005,143.7411,68437,83262,Rhinolophus ferrumequinum,0.025,0.025,-1,Echolocation,/mnt/ubna_data_02_mir/recover-20221013/UBNA_001/20221012_030000.WAV,Telephone Field,recover-20221013,001,1795
143.7105,143.718,46093,50151,Pipistrellus pipistrellus,0.027,0.028,-1,Echolocation,/mnt/ubna_data_02_mir/recover-20221013/UBNA_001/20221012_030000.WAV,Telephone Field,recover-20221013,001,1795
143.72050000000002,143.7335,23750,28637,Nyctalus leisleri,0.018,0.034,-1,Echolocation,/mnt/ubna_data_02_mir/recover-20221013/UBNA_001/20221012_030000.WAV,Telephone Field,recover-20221013,001,1795
143.7235,143.7611,68437,82262,Rhinolophus ferrumequinum,0.021,0.021,-1,Echolocation,/mnt/ubna_data_02_mir/recover-20221013/UBNA_001/20221012_030000.WAV,Telephone Field,recover-20221013,001,1795
143.8075,143.84890000000001,68437,82700,Rhinolophus ferrumequinum,0.027,0.027,-1,Echolocation,/mnt/ubna_data_02_mir/recover-20221013/UBNA_001/20221012_030000.WAV,Telephone Field,recover-20221013,001,1795
143.8295,143.8713,68437,82998,Rhinolophus ferrumequinum,0.022,0.022,-1,Echolocation,/mnt/ubna_data_02_mir/recover-20221013/UBNA_001/20221012_030000.WAV,Telephone Field,recover-20221013,001,1795
143.8385,143.8781,68437,82211,Rhinolophus ferrumequinum,0.022,0.022,-1,Echolocation,/mnt/ubna_data_02_mir/recover-20221013/UBNA_001/20221012_030000.WAV,Telephone Field,recover-20221013,001,1795
143.8475,143.8875,68437,82498,Rhinolophus ferrumequinum,0.021,0.021,-1,Echolocation,/mnt/ubna_data_02_mir/recover-20221013/UBNA_001/20221012_030000.WAV,Telephone Field,recover-20221013,001,1795
143.8735,143.9115,68437,81888,Rhinolophus ferrumequinum,0.021,0.021,-1,Echolocation,/mnt/ubna_data_02_mir/recover-20221013/UBNA_001/20221012_030000.WAV,Telephone Field,recover-20221013,001,1795
143.8995,143.9064,25468,35460,Eptesicus serotinus,0.006,0.024,-1,Echolocation,/mnt/ubna_data_02_mir/recover-20221013/UBNA_001/20221012_030000.WAV,Telephone Field,recover-20221013,001,1795
143.9245,143.96359999999999,68437,82835,Rhinolophus ferrumequinum,0.021,0.021,-1,Echolocation,/mnt/ubna_data_02_mir/recover-20221013/UBNA_001/20221012_030000.WAV,Telephone Field,recover-20221013,001,1795
143.9555,143.9921,68437,81884,Rhinolophus ferrumequinum,0.021,0.021,-1,Echolocation,/mnt/ubna_data_02_mir/recover-20221013/UBNA_001/20221012_030000.WAV,Telephone Field,recover-20221013,001,1795
143.9815,143.9919,23750,30334,Nyctalus leisleri,0.009,0.023,-1,Echolocation,/mnt/ubna_data_02_mir/recover-20221013/UBNA_001/20221012_030000.WAV,Telephone Field,recover-20221013,001,1795
144.0015,144.0097,25468,33721,Nyctalus leisleri,0.007,0.024,-1,Echolocation,/mnt/ubna_data_02_mir/recover-20221013/UBNA_001/20221012_030000.WAV,Telephone Field,recover-20221013,001,1795
144.0085,144.0519,68437,83044,Rhinolophus ferrumequinum,0.033,0.033,-1,Echolocation,/mnt/ubna_data_02_mir/recover-20221013/UBNA_001/20221012_030000.WAV,Telephone Field,recover-20221013,001,1795
144.0165,144.0606,68437,83040,Rhinolophus ferrumequinum,0.026,0.026,-1,Echolocation,/mnt/ubna_data_02_mir/recover-20221013/UBNA_001/20221012_030000.WAV,Telephone Field,recover-20221013,001,1795
144.0605,144.0992,68437,82274,Rhinolophus ferrumequinum,0.034,0.034,-1,Echolocation,/mnt/ubna_data_02_mir/recover-20221013/UBNA_001/20221012_030000.WAV,Telephone Field,recover-20221013,001,1795
144.0885,144.0987,22890,28602,Nyctalus leisleri,0.01,0.024,-1,Echolocation,/mnt/ubna_data_02_mir/recover-20221013/UBNA_001/20221012_030000.WAV,Telephone Field,recover-20221013,001,1795
144.0895,144.1262,68437,81517,Rhinolophus ferrumequinum,0.023,0.023,-1,Echolocation,/mnt/ubna_data_02_mir/recover-20221013/UBNA_001/20221012_030000.WAV,Telephone Field,recover-20221013,001,1795
144.1065,144.1449,68437,81713,Rhinolophus ferrumequinum,0.028,0.028,-1,Echolocation,/mnt/ubna_data_02_mir/recover-20221013/UBNA_001/20221012_030000.WAV,Telephone Field,recover-20221013,001,1795
144.1475,144.1898,68437,82713,Rhinolophus ferrumequinum,0.031,0.031,-1,Echolocation,/mnt/ubna_data_02_mir/recover-20221013/UBNA_001/20221012_030000.WAV,Telephone Field,recover-20221013,001,1795
144.1715,144.2079,68437,81882,Rhinolophus ferrumequinum,0.022,0.022,-1,Echolocation,/mnt/ubna_data_02_mir/recover-20221013/UBNA_001/20221012_030000.WAV,Telephone Field,recover-20221013,001,1795
144.2045,144.2423,68437,81368,Rhinolophus ferrumequinum,0.022,0.022,-1,Echolocation,/mnt/ubna_data_02_mir/recover-20221013/UBNA_001/20221012_030000.WAV,Telephone Field,recover-20221013,001,1795
144.2305,144.2693,68437,82546,Rhinolophus ferrumequinum,0.023,0.023,-1,Echolocation,/mnt/ubna_data_02_mir/recover-20221013/UBNA_001/20221012_030000.WAV,Telephone Field,recover-20221013,001,1795
144.2455,144.2552,24609,32942,Eptesicus serotinus,0.01,0.025,-1,Echolocation,/mnt/ubna_data_02_mir/recover-20221013/UBNA_001/20221012_030000.WAV,Telephone Field,recover-20221013,001,1795
144.2595,144.2998,68437,82722,Rhinolophus ferrumequinum,0.022,0.022,-1,Echolocation,/mnt/ubna_data_02_mir/recover-20221013/UBNA_001/20221012_030000.WAV,Telephone Field,recover-20221013,001,1795
144.2615,144.2715,28906,36865,Eptesicus serotinus,0.011,0.024,-1,Echolocation,/mnt/ubna_data_02_mir/recover-20221013/UBNA_001/20221012_030000.WAV,Telephone Field,recover-20221013,001,1795
144.3085,144.34969999999998,68437,82850,Rhinolophus ferrumequinum,0.024,0.024,-1,Echolocation,/mnt/ubna_data_02_mir/recover-20221013/UBNA_001/20221012_030000.WAV,Telephone Field,recover-20221013,001,1795
144.3085,144.3169,28046,37948,Eptesicus serotinus,0.007,0.022,-1,Echolocation,/mnt/ubna_data_02_mir/recover-20221013/UBNA_001/20221012_030000.WAV,Telephone Field,recover-20221013,001,1795
144.3145,144.3529,68437,82272,Rhinolophus ferrumequinum,0.024,0.024,-1,Echolocation,/mnt/ubna_data_02_mir/recover-20221013/UBNA_001/20221012_030000.WAV,Telephone Field,recover-20221013,001,1795
144.3255,144.3332,49531,56761,Pipistrellus pipistrellus,0.021,0.024,-1,Echolocation,/mnt/ubna_data_02_mir/recover-20221013/UBNA_001/20221012_030000.WAV,Telephone Field,recover-20221013,001,1795
144.3465,144.3851,68437,82068,Rhinolophus ferrumequinum,0.025,0.025,-1,Echolocation,/mnt/ubna_data_02_mir/recover-20221013/UBNA_001/20221012_030000.WAV,Telephone Field,recover-20221013,001,1795
144.3495,144.3567,28046,38298,Eptesicus serotinus,0.007,0.025,-1,Echolocation,/mnt/ubna_data_02_mir/recover-20221013/UBNA_001/20221012_030000.WAV,Telephone Field,recover-20221013,001,1795
144.3855,144.3948,22890,30246,Plecotus austriacus,0.011,0.03,-1,Echolocation,/mnt/ubna_data_02_mir/recover-20221013/UBNA_001/20221012_030000.WAV,Telephone Field,recover-20221013,001,1795
144.4115,144.4214,28046,36253,Eptesicus serotinus,0.007,0.021,-1,Echolocation,/mnt/ubna_data_02_mir/recover-20221013/UBNA_001/20221012_030000.WAV,Telephone Field,recover-20221013,001,1795
144.4575,144.4986,68437,82418,Rhinolophus ferrumequinum,0.037,0.037,-1,Echolocation,/mnt/ubna_data_02_mir/recover-20221013/UBNA_001/20221012_030000.WAV,Telephone Field,recover-20221013,001,1795
144.4685,144.5072,68437,82573,Rhinolophus ferrumequinum,0.026,0.026,-1,Echolocation,/mnt/ubna_data_02_mir/recover-20221013/UBNA_001/20221012_030000.WAV,Telephone Field,recover-20221013,001,1795
144.4835,144.5255,68437,82450,Rhinolophus ferrumequinum,0.021,0.021,-1,Echolocation,/mnt/ubna_data_02_mir/recover-20221013/UBNA_001/20221012_030000.WAV,Telephone Field,recover-20221013,001,1795
144.5105,144.5228,22890,27744,Nyctalus leisleri,0.011,0.023,-1,Echolocation,/mnt/ubna_data_02_mir/recover-20221013/UBNA_001/20221012_030000.WAV,Telephone Field,recover-20221013,001,1795
144.5135,144.551,68437,81545,Rhinolophus ferrumequinum,0.025,0.025,-1,Echolocation,/mnt/ubna_data_02_mir/recover-20221013/UBNA_001/20221012_030000.WAV,Telephone Field,recover-20221013,001,1795
144.5395,144.5794,68437,82426,Rhinolophus ferrumequinum,0.021,0.021,-1,Echolocation,/mnt/ubna_data_02_mir/recover-20221013/UBNA_001/20221012_030000.WAV,Telephone Field,recover-20221013,001,1795
144.5505,144.5861,68437,82166,Rhinolophus ferrumequinum,0.021,0.021,-1,Echolocation,/mnt/ubna_data_02_mir/recover-20221013/UBNA_001/20221012_030000.WAV,Telephone Field,recover-20221013,001,1795
144.5675,144.6052,68437,81801,Rhinolophus ferrumequinum,0.023,0.023,-1,Echolocation,/mnt/ubna_data_02_mir/recover-20221013/UBNA_001/20221012_030000.WAV,Telephone Field,recover-20221013,001,1795
144.5905,144.6316,68437,83128,Rhinolophus ferrumequinum,0.036,0.036,-1,Echolocation,/mnt/ubna_data_02_mir/recover-20221013/UBNA_001/20221012_030000.WAV,Telephone Field,recover-20221013,001,1795
144.5985,144.6054,26328,37244,Plecotus auritus,0.01,0.036,-1,Echolocation,/mnt/ubna_data_02_mir/recover-20221013/UBNA_001/20221012_030000.WAV,Telephone Field,recover-20221013,001,1795
144.6325,144.6717,68437,82013,Rhinolophus ferrumequinum,0.024,0.024,-1,Echolocation,/mnt/ubna_data_02_mir/recover-20221013/UBNA_001/20221012_030000.WAV,Telephone Field,recover-20221013,001,1795
144.6775,144.6853,28046,43018,Eptesicus serotinus,0.008,0.024,-1,Echolocation,/mnt/ubna_data_02_mir/recover-20221013/UBNA_001/20221012_030000.WAV,Telephone Field,recover-20221013,001,1795
144.6815,144.6917,46953,51439,Pipistrellus pipistrellus,0.029,0.031,-1,Echolocation,/mnt/ubna_data_02_mir/recover-20221013/UBNA_001/20221012_030000.WAV,Telephone Field,recover-20221013,001,1795
144.7125,144.751,68437,81896,Rhinolophus ferrumequinum,0.021,0.021,-1,Echolocation,/mnt/ubna_data_02_mir/recover-20221013/UBNA_001/20221012_030000.WAV,Telephone Field,recover-20221013,001,1795
144.7335,144.7447,23750,29988,Nyctalus leisleri,0.013,0.029,-1,Echolocation,/mnt/ubna_data_02_mir/recover-20221013/UBNA_001/20221012_030000.WAV,Telephone Field,recover-20221013,001,1795
144.7335,144.7431,47812,52681,Pipistrellus pipistrellus,0.031,0.033,-1,Echolocation,/mnt/ubna_data_02_mir/recover-20221013/UBNA_001/20221012_030000.WAV,Telephone Field,recover-20221013,001,1795
144.7355,144.7735,68437,81715,Rhinolophus ferrumequinum,0.021,0.021,-1,Echolocation,/mnt/ubna_data_02_mir/recover-20221013/UBNA_001/20221012_030000.WAV,Telephone Field,recover-20221013,001,1795
144.7465,144.7868,68437,82142,Rhinolophus ferrumequinum,0.022,0.023,-1,Echolocation,/mnt/ubna_data_02_mir/recover-20221013/UBNA_001/20221012_030000.WAV,Telephone Field,recover-20221013,001,1795
144.7995,144.8368,68437,81855,Rhinolophus ferrumequinum,0.022,0.022,-1,Echolocation,/mnt/ubna_data_02_mir/recover-20221013/UBNA_001/20221012_030000.WAV,Telephone Field,recover-20221013,001,1795
144.8175,144.8578,68437,82610,Rhinolophus ferrumequinum,0.024,0.024,-1,Echolocation,/mnt/ubna_data_02_mir/recover-20221013/UBNA_001/20221012_030000.WAV,Telephone Field,recover-20221013,001,1795
144.8255,144.8368,22890,28045,Nyctalus leisleri,0.011,0.023,-1,Echolocation,/mnt/ubna_data_02_mir/recover-20221013/UBNA_001/20221012_030000.WAV,Telephone Field,recover-20221013,001,1795
144.8395,144.8808,68437,82458,Rhinolophus ferrumequinum,0.023,0.023,-1,Echolocation,/mnt/ubna_data_02_mir/recover-20221013/UBNA_001/20221012_030000.WAV,Telephone Field,recover-20221013,001,1795
144.8795,144.9171,68437,81850,Rhinolophus ferrumequinum,0.021,0.021,-1,Echolocation,/mnt/ubna_data_02_mir/recover-20221013/UBNA_001/20221012_030000.WAV,Telephone Field,recover-20221013,001,1795
144.91649999999998,144.9547,68437,81695,Rhinolophus ferrumequinum,0.023,0.023,-1,Echolocation,/mnt/ubna_data_02_mir/recover-20221013/UBNA_001/20221012_030000.WAV,Telephone Field,recover-20221013,001,1795
144.9185,144.9258,28906,39258,Eptesicus serotinus,0.008,0.024,-1,Echolocation,/mnt/ubna_data_02_mir/recover-20221013/UBNA_001/20221012_030000.WAV,Telephone Field,recover-20221013,001,1795
144.9325,144.9726,68437,82789,Rhinolophus ferrumequinum,0.024,0.024,-1,Echolocation,/mnt/ubna_data_02_mir/recover-20221013/UBNA_001/20221012_030000.WAV,Telephone Field,recover-20221013,001,1795
144.9835,145.0202,68437,81776,Rhinolophus ferrumequinum,0.024,0.024,-1,Echolocation,/mnt/ubna_data_02_mir/recover-20221013/UBNA_001/20221012_030000.WAV,Telephone Field,recover-20221013,001,1795
145.0015,145.0405,68437,82719,Rhinolophus ferrumequinum,0.023,0.023,-1,Echolocation,/mnt/ubna_data_02_mir/recover-20221013/UBNA_001/20221012_030000.WAV,Telephone Field,recover-20221013,001,1795
145.0015,145.0096,28046,39173,Eptesicus serotinus,0.007,0.022,-1,Echolocation,/mnt/ubna_data_02_mir/recover-20221013/UBNA_001/20221012_030000.WAV,Telephone Field,recover-20221013,001,1795
145.0305,145.0713,68437,82438,Rhinolophus ferrumequinum,0.021,0.021,-1,Echolocation,/mnt/ubna_data_02_mir/recover-20221013/UBNA_001/20221012_030000.WAV,Telephone Field,recover-20221013,001,1795
145.0675,145.1073,68437,82370,Rhinolophus ferrumequinum,0.023,0.023,-1,Echolocation,/mnt/ubna_data_02_mir/recover-20221013/UBNA_001/20221012_030000.WAV,Telephone Field,recover-20221013,001,1795
145.0875,145.1276,68437,82905,Rhinolophus ferrumequinum,0.023,0.023,-1,Echolocation,/mnt/ubna_data_02_mir/recover-20221013/UBNA_001/20221012_030000.WAV,Telephone Field,recover-20221013,001,1795
145.1015,145.14249999999998,68437,83090,Rhinolophus ferrumequinum,0.027,0.027,-1,Echolocation,/mnt/ubna_data_02_mir/recover-20221013/UBNA_001/20221012_030000.WAV,Telephone Field,recover-20221013,001,1795
145.1355,145.1732,68437,81665,Rhinolophus ferrumequinum,0.022,0.022,-1,Echolocation,/mnt/ubna_data_02_mir/recover-20221013/UBNA_001/20221012_030000.WAV,Telephone Field,recover-20221013,001,1795
145.1465,145.1863,68437,82808,Rhinolophus ferrumequinum,0.026,0.026,-1,Echolocation,/mnt/ubna_data_02_mir/recover-20221013/UBNA_001/20221012_030000.WAV,Telephone Field,recover-20221013,001,1795
145.1735,145.2131,68437,81951,Rhinolophus ferrumequinum,0.023,0.023,-1,Echolocation,/mnt/ubna_data_02_mir/recover-20221013/UBNA_001/20221012_030000.WAV,Telephone Field,recover-20221013,001,1795
145.1775,145.185,28046,38963,Eptesicus serotinus,0.007,0.024,-1,Echolocation,/mnt/ubna_data_02_mir/recover-20221013/UBNA_001/20221012_030000.WAV,Telephone Field,recover-20221013,001,1795
145.2215,145.2604,68437,82594,Rhinolophus ferrumequinum,0.027,0.027,-1,Echolocation,/mnt/ubna_data_02_mir/recover-20221013/UBNA_001/20221012_030000.WAV,Telephone Field,recover-20221013,001,1795
145.2645,145.2723,28906,39379,Eptesicus serotinus,0.006,0.022,-1,Echolocation,/mnt/ubna_data_02_mir/recover-20221013/UBNA_001/20221012_030000.WAV,Telephone Field,recover-20221013,001,1795
145.2845,145.3264,68437,82733,Rhinolophus ferrumequinum,0.027,0.027,-1,Echolocation,/mnt/ubna_data_02_mir/recover-20221013/UBNA_001/20221012_030000.WAV,Telephone Field,recover-20221013,001,1795
145.29149999999998,145.2998,28046,38521,Eptesicus serotinus,0.007,0.021,-1,Echolocation,/mnt/ubna_data_02_mir/recover-20221013/UBNA_001/20221012_030000.WAV,Telephone Field,recover-20221013,001,1795
145.3145,145.3559,68437,82799,Rhinolophus ferrumequinum,0.03,0.03,-1,Echolocation,/mnt/ubna_data_02_mir/recover-20221013/UBNA_001/20221012_030000.WAV,Telephone Field,recover-20221013,001,1795
145.3325,145.3769,68437,82637,Rhinolophus ferrumequinum,0.069,0.069,-1,Echolocation,/mnt/ubna_data_02_mir/recover-20221013/UBNA_001/20221012_030000.WAV,Telephone Field,recover-20221013,001,1795
145.3485,145.3876,68437,82505,Rhinolophus ferrumequinum,0.026,0.026,-1,Echolocation,/mnt/ubna_data_02_mir/recover-20221013/UBNA_001/20221012_030000.WAV,Telephone Field,recover-20221013,001,1795
145.3525,145.3597,28046,40890,Eptesicus serotinus,0.007,0.024,-1,Echolocation,/mnt/ubna_data_02_mir/recover-20221013/UBNA_001/20221012_030000.WAV,Telephone Field,recover-20221013,001,1795
145.3695,145.4062,68437,81424,Rhinolophus ferrumequinum,0.022,0.022,-1,Echolocation,/mnt/ubna_data_02_mir/recover-20221013/UBNA_001/20221012_030000.WAV,Telephone Field,recover-20221013,001,1795
145.3835,145.4179,68437,80879,Rhinolophus ferrumequinum,0.024,0.024,-1,Echolocation,/mnt/ubna_data_02_mir/recover-20221013/UBNA_001/20221012_030000.WAV,Telephone Field,recover-20221013,001,1795
145.3945,145.4312,68437,81916,Rhinolophus ferrumequinum,0.022,0.022,-1,Echolocation,/mnt/ubna_data_02_mir/recover-20221013/UBNA_001/20221012_030000.WAV,Telephone Field,recover-20221013,001,1795
145.4185,145.4588,68437,82466,Rhinolophus ferrumequinum,0.023,0.023,-1,Echolocation,/mnt/ubna_data_02_mir/recover-20221013/UBNA_001/20221012_030000.WAV,Telephone Field,recover-20221013,001,1795
145.42849999999999,145.4711,68437,83107,Rhinolophus ferrumequinum,0.036,0.036,-1,Echolocation,/mnt/ubna_data_02_mir/recover-20221013/UBNA_001/20221012_030000.WAV,Telephone Field,recover-20221013,001,1795
145.4595,145.4943,68437,81787,Rhinolophus ferrumequinum,0.021,0.021,-1,Echolocation,/mnt/ubna_data_02_mir/recover-20221013/UBNA_001/20221012_030000.WAV,Telephone Field,recover-20221013,001,1795
145.5065,145.54500000000002,68437,81948,Rhinolophus ferrumequinum,0.023,0.023,-1,Echolocation,/mnt/ubna_data_02_mir/recover-20221013/UBNA_001/20221012_030000.WAV,Telephone Field,recover-20221013,001,1795
145.5085,145.5157,23750,34680,Plecotus austriacus,0.016,0.032,-1,Echolocation,/mnt/ubna_data_02_mir/recover-20221013/UBNA_001/20221012_030000.WAV,Telephone Field,recover-20221013,001,1795
145.5125,145.5208,28906,38397,Eptesicus serotinus,0.009,0.031,-1,Echolocation,/mnt/ubna_data_02_mir/recover-20221013/UBNA_001/20221012_030000.WAV,Telephone Field,recover-20221013,001,1795
145.5225,145.5614,68437,81745,Rhinolophus ferrumequinum,0.021,0.021,-1,Echolocation,/mnt/ubna_data_02_mir/recover-20221013/UBNA_001/20221012_030000.WAV,Telephone Field,recover-20221013,001,1795
145.5465,145.5841,68437,81600,Rhinolophus ferrumequinum,0.024,0.024,-1,Echolocation,/mnt/ubna_data_02_mir/recover-20221013/UBNA_001/20221012_030000.WAV,Telephone Field,recover-20221013,001,1795
145.5625,145.5728,28906,36010,Eptesicus serotinus,0.012,0.027,-1,Echolocation,/mnt/ubna_data_02_mir/recover-20221013/UBNA_001/20221012_030000.WAV,Telephone Field,recover-20221013,001,1795
145.5755,145.6187,68437,83055,Rhinolophus ferrumequinum,0.028,0.028,-1,Echolocation,/mnt/ubna_data_02_mir/recover-20221013/UBNA_001/20221012_030000.WAV,Telephone Field,recover-20221013,001,1795
145.5795,145.5879,27187,39197,Eptesicus serotinus,0.008,0.021,-1,Echolocation,/mnt/ubna_data_02_mir/recover-20221013/UBNA_001/20221012_030000.WAV,Telephone Field,recover-20221013,001,1795
145.58350000000002,145.6234,68437,82385,Rhinolophus ferrumequinum,0.022,0.022,-1,Echolocation,/mnt/ubna_data_02_mir/recover-20221013/UBNA_001/20221012_030000.WAV,Telephone Field,recover-20221013,001,1795
145.5995,145.6375,68437,82062,Rhinolophus ferrumequinum,0.027,0.027,-1,Echolocation,/mnt/ubna_data_02_mir/recover-20221013/UBNA_001/20221012_030000.WAV,Telephone Field,recover-20221013,001,1795
145.6085,145.6455,68437,82162,Rhinolophus ferrumequinum,0.025,0.025,-1,Echolocation,/mnt/ubna_data_02_mir/recover-20221013/UBNA_001/20221012_030000.WAV,Telephone Field,recover-20221013,001,1795
145.6135,145.624,22890,27932,Nyctalus leisleri,0.011,0.021,-1,Echolocation,/mnt/ubna_data_02_mir/recover-20221013/UBNA_001/20221012_030000.WAV,Telephone Field,recover-20221013,001,1795
145.6275,145.6369,47812,55246,Pipistrellus pipistrellus,0.018,0.021,-1,Echolocation,/mnt/ubna_data_02_mir/recover-20221013/UBNA_001/20221012_030000.WAV,Telephone Field,recover-20221013,001,1795
145.6285,145.6669,68437,82344,Rhinolophus ferrumequinum,0.025,0.025,-1,Echolocation,/mnt/ubna_data_02_mir/recover-20221013/UBNA_001/20221012_030000.WAV,Telephone Field,recover-20221013,001,1795
145.65449999999998,145.6914,68437,82164,Rhinolophus ferrumequinum,0.023,0.023,-1,Echolocation,/mnt/ubna_data_02_mir/recover-20221013/UBNA_001/20221012_030000.WAV,Telephone Field,recover-20221013,001,1795
145.6555,145.6651,43515,47294,Pipistrellus pipistrellus,0.019,0.021,-1,Echolocation,/mnt/ubna_data_02_mir/recover-20221013/UBNA_001/20221012_030000.WAV,Telephone Field,recover-20221013,001,1795
145.6655,145.7001,68437,80962,Rhinolophus ferrumequinum,0.021,0.021,-1,Echolocation,/mnt/ubna_data_02_mir/recover-20221013/UBNA_001/20221012_030000.WAV,Telephone Field,recover-20221013,001,1795
145.6755,145.6853,28046,36505,Eptesicus serotinus,0.012,0.025,-1,Echolocation,/mnt/ubna_data_02_mir/recover-20221013/UBNA_001/20221012_030000.WAV,Telephone Field,recover-20221013,001,1795
145.70850000000002,145.7158,27187,36754,Eptesicus serotinus,0.01,0.029,-1,Echolocation,/mnt/ubna_data_02_mir/recover-20221013/UBNA_001/20221012_030000.WAV,Telephone Field,recover-20221013,001,1795
145.7385,145.7491,28906,35745,Eptesicus serotinus,0.016,0.03,-1,Echolocation,/mnt/ubna_data_02_mir/recover-20221013/UBNA_001/20221012_030000.WAV,Telephone Field,recover-20221013,001,1795
145.7715,145.8152,68437,83460,Rhinolophus ferrumequinum,0.049,0.049,-1,Echolocation,/mnt/ubna_data_02_mir/recover-20221013/UBNA_001/20221012_030000.WAV,Telephone Field,recover-20221013,001,1795
145.7725,145.7796,28046,41852,Eptesicus serotinus,0.007,0.026,-1,Echolocation,/mnt/ubna_data_02_mir/recover-20221013/UBNA_001/20221012_030000.WAV,Telephone Field,recover-20221013,001,1795
145.7995,145.8385,68437,82504,Rhinolophus ferrumequinum,0.024,0.024,-1,Echolocation,/mnt/ubna_data_02_mir/recover-20221013/UBNA_001/20221012_030000.WAV,Telephone Field,recover-20221013,001,1795
145.8235,145.8631,68437,81696,Rhinolophus ferrumequinum,0.022,0.022,-1,Echolocation,/mnt/ubna_data_02_mir/recover-20221013/UBNA_001/20221012_030000.WAV,Telephone Field,recover-20221013,001,1795
145.8305,145.8387,27187,36934,Eptesicus serotinus,0.006,0.021,-1,Echolocation,/mnt/ubna_data_02_mir/recover-20221013/UBNA_001/20221012_030000.WAV,Telephone Field,recover-20221013,001,1795
145.8635,145.90109999999999,68437,81885,Rhinolophus ferrumequinum,0.022,0.022,-1,Echolocation,/mnt/ubna_data_02_mir/recover-20221013/UBNA_001/20221012_030000.WAV,Telephone Field,recover-20221013,001,1795
145.8795,145.8898,22031,26532,Nyctalus leisleri,0.01,0.022,-1,Echolocation,/mnt/ubna_data_02_mir/recover-20221013/UBNA_001/20221012_030000.WAV,Telephone Field,recover-20221013,001,1795
145.9085,145.9425,68437,80867,Rhinolophus ferrumequinum,0.021,0.021,-1,Echolocation,/mnt/ubna_data_02_mir/recover-20221013/UBNA_001/20221012_030000.WAV,Telephone Field,recover-20221013,001,1795
145.92849999999999,145.9454,20312,24172,Nyctalus leisleri,0.013,0.028,-1,Echolocation,/mnt/ubna_data_02_mir/recover-20221013/UBNA_001/20221012_030000.WAV,Telephone Field,recover-20221013,001,1795
145.9345,145.9697,68437,81497,Rhinolophus ferrumequinum,0.022,0.022,-1,Echolocation,/mnt/ubna_data_02_mir/recover-20221013/UBNA_001/20221012_030000.WAV,Telephone Field,recover-20221013,001,1795
146.0015,146.0131,18593,24090,Nyctalus noctula,0.008,0.022,-1,Echolocation,/mnt/ubna_data_02_mir/recover-20221013/UBNA_001/20221012_030000.WAV,Telephone Field,recover-20221013,001,1795
146.0015,146.0164,57265,62662,Pipistrellus pygmaeus,0.025,0.028,-1,Echolocation,/mnt/ubna_data_02_mir/recover-20221013/UBNA_001/20221012_030000.WAV,Telephone Field,recover-20221013,001,1795
146.0015,146.0376,68437,79798,Rhinolophus ferrumequinum,0.035,0.035,-1,Echolocation,/mnt/ubna_data_02_mir/recover-20221013/UBNA_001/20221012_030000.WAV,Telephone Field,recover-20221013,001,1795
146.0015,146.0095,25468,36652,Eptesicus serotinus,0.006,0.026,-1,Echolocation,/mnt/ubna_data_02_mir/recover-20221013/UBNA_001/20221012_030000.WAV,Telephone Field,recover-20221013,001,1795
146.0015,146.0115,34921,41302,Pipistrellus nathusii,0.01,0.027,-1,Echolocation,/mnt/ubna_data_02_mir/recover-20221013/UBNA_001/20221012_030000.WAV,Telephone Field,recover-20221013,001,1795
146.0075,146.0526,68437,82508,Rhinolophus ferrumequinum,0.027,0.027,-1,Echolocation,/mnt/ubna_data_02_mir/recover-20221013/UBNA_001/20221012_030000.WAV,Telephone Field,recover-20221013,001,1795
146.0425,146.0502,28046,40164,Eptesicus serotinus,0.008,0.023,-1,Echolocation,/mnt/ubna_data_02_mir/recover-20221013/UBNA_001/20221012_030000.WAV,Telephone Field,recover-20221013,001,1795
146.0425,146.08010000000002,68437,82030,Rhinolophus ferrumequinum,0.021,0.021,-1,Echolocation,/mnt/ubna_data_02_mir/recover-20221013/UBNA_001/20221012_030000.WAV,Telephone Field,recover-20221013,001,1795
146.0545,146.08859999999999,68437,81009,Rhinolophus ferrumequinum,0.021,0.021,-1,Echolocation,/mnt/ubna_data_02_mir/recover-20221013/UBNA_001/20221012_030000.WAV,Telephone Field,recover-20221013,001,1795
146.0905,146.0978,27187,37345,Eptesicus serotinus,0.006,0.021,-1,Echolocation,/mnt/ubna_data_02_mir/recover-20221013/UBNA_001/20221012_030000.WAV,Telephone Field,recover-20221013,001,1795
146.0985,146.107,21171,28088,Plecotus austriacus,0.011,0.024,-1,Echolocation,/mnt/ubna_data_02_mir/recover-20221013/UBNA_001/20221012_030000.WAV,Telephone Field,recover-20221013,001,1795
146.1085,146.1475,68437,82352,Rhinolophus ferrumequinum,0.021,0.021,-1,Echolocation,/mnt/ubna_data_02_mir/recover-20221013/UBNA_001/20221012_030000.WAV,Telephone Field,recover-20221013,001,1795
146.1685,146.2074,68437,82254,Rhinolophus ferrumequinum,0.02,0.021,-1,Echolocation,/mnt/ubna_data_02_mir/recover-20221013/UBNA_001/20221012_030000.WAV,Telephone Field,recover-20221013,001,1795
146.1755,146.1844,27187,37197,Eptesicus serotinus,0.008,0.022,-1,Echolocation,/mnt/ubna_data_02_mir/recover-20221013/UBNA_001/20221012_030000.WAV,Telephone Field,recover-20221013,001,1795
146.2015,146.2107,22890,29491,Plecotus austriacus,0.007,0.022,-1,Echolocation,/mnt/ubna_data_02_mir/recover-20221013/UBNA_001/20221012_030000.WAV,Telephone Field,recover-20221013,001,1795
146.2535,146.2626,28046,37028,Eptesicus serotinus,0.01,0.024,-1,Echolocation,/mnt/ubna_data_02_mir/recover-20221013/UBNA_001/20221012_030000.WAV,Telephone Field,recover-20221013,001,1795
146.2955,146.3049,27187,36112,Eptesicus serotinus,0.009,0.021,-1,Echolocation,/mnt/ubna_data_02_mir/recover-20221013/UBNA_001/20221012_030000.WAV,Telephone Field,recover-20221013,001,1795
146.3155,146.3533,68437,82258,Rhinolophus ferrumequinum,0.023,0.023,-1,Echolocation,/mnt/ubna_data_02_mir/recover-20221013/UBNA_001/20221012_030000.WAV,Telephone Field,recover-20221013,001,1795
146.3155,146.3241,24609,32907,Eptesicus serotinus,0.006,0.021,-1,Echolocation,/mnt/ubna_data_02_mir/recover-20221013/UBNA_001/20221012_030000.WAV,Telephone Field,recover-20221013,001,1795
146.3535,146.3901,68437,81817,Rhinolophus ferrumequinum,0.021,0.021,-1,Echolocation,/mnt/ubna_data_02_mir/recover-20221013/UBNA_001/20221012_030000.WAV,Telephone Field,recover-20221013,001,1795
146.4105,146.4494,68437,82613,Rhinolophus ferrumequinum,0.021,0.021,-1,Echolocation,/mnt/ubna_data_02_mir/recover-20221013/UBNA_001/20221012_030000.WAV,Telephone Field,recover-20221013,001,1795
146.4245,146.4647,68437,82328,Rhinolophus ferrumequinum,0.022,0.022,-1,Echolocation,/mnt/ubna_data_02_mir/recover-20221013/UBNA_001/20221012_030000.WAV,Telephone Field,recover-20221013,001,1795
146.4405,146.4525,24609,30403,Nyctalus leisleri,0.008,0.022,-1,Echolocation,/mnt/ubna_data_02_mir/recover-20221013/UBNA_001/20221012_030000.WAV,Telephone Field,recover-20221013,001,1795
146.4915,146.5288,68437,81672,Rhinolophus ferrumequinum,0.021,0.021,-1,Echolocation,/mnt/ubna_data_02_mir/recover-20221013/UBNA_001/20221012_030000.WAV,Telephone Field,recover-20221013,001,1795
146.5375,146.5748,68437,81738,Rhinolophus ferrumequinum,0.02,0.02,-1,Echolocation,/mnt/ubna_data_02_mir/recover-20221013/UBNA_001/20221012_030000.WAV,Telephone Field,recover-20221013,001,1795
146.55349999999999,146.5628,24609,31886,Eptesicus serotinus,0.009,0.023,-1,Echolocation,/mnt/ubna_data_02_mir/recover-20221013/UBNA_001/20221012_030000.WAV,Telephone Field,recover-20221013,001,1795
146.5705,146.61169999999998,68437,83107,Rhinolophus ferrumequinum,0.041,0.041,-1,Echolocation,/mnt/ubna_data_02_mir/recover-20221013/UBNA_001/20221012_030000.WAV,Telephone Field,recover-20221013,001,1795
146.6385,146.6515,31484,37144,Eptesicus serotinus,0.057,0.155,-1,Echolocation,/mnt/ubna_data_02_mir/recover-20221013/UBNA_001/20221012_030000.WAV,Telephone Field,recover-20221013,001,1795
146.7425,146.7849,68437,82946,Rhinolophus ferrumequinum,0.024,0.024,-1,Echolocation,/mnt/ubna_data_02_mir/recover-20221013/UBNA_001/20221012_030000.WAV,Telephone Field,recover-20221013,001,1795
146.7645,146.78300000000002,16015,20295,Nyctalus noctula,0.06,0.08,-1,Echolocation,/mnt/ubna_data_02_mir/recover-20221013/UBNA_001/20221012_030000.WAV,Telephone Field,recover-20221013,001,1795
146.7755,146.7824,28046,42422,Eptesicus serotinus,0.014,0.041,-1,Echolocation,/mnt/ubna_data_02_mir/recover-20221013/UBNA_001/20221012_030000.WAV,Telephone Field,recover-20221013,001,1795
146.80349999999999,146.8106,28046,40462,Eptesicus serotinus,0.007,0.022,-1,Echolocation,/mnt/ubna_data_02_mir/recover-20221013/UBNA_001/20221012_030000.WAV,Telephone Field,recover-20221013,001,1795
146.8145,146.8507,68437,81217,Rhinolophus ferrumequinum,0.02,0.02,-1,Echolocation,/mnt/ubna_data_02_mir/recover-20221013/UBNA_001/20221012_030000.WAV,Telephone Field,recover-20221013,001,1795
146.8345,146.8448,23750,29835,Nyctalus leisleri,0.008,0.022,-1,Echolocation,/mnt/ubna_data_02_mir/recover-20221013/UBNA_001/20221012_030000.WAV,Telephone Field,recover-20221013,001,1795
146.8475,146.88400000000001,68437,81804,Rhinolophus ferrumequinum,0.026,0.026,-1,Echolocation,/mnt/ubna_data_02_mir/recover-20221013/UBNA_001/20221012_030000.WAV,Telephone Field,recover-20221013,001,1795
146.8615,146.8704,27187,36901,Eptesicus serotinus,0.012,0.029,-1,Echolocation,/mnt/ubna_data_02_mir/recover-20221013/UBNA_001/20221012_030000.WAV,Telephone Field,recover-20221013,001,1795
146.9245,146.933,23750,31592,Plecotus austriacus,0.008,0.022,-1,Echolocation,/mnt/ubna_data_02_mir/recover-20221013/UBNA_001/20221012_030000.WAV,Telephone Field,recover-20221013,001,1795
146.9495,146.9555,40937,54082,Myotis daubentonii,0.009,0.024,-1,Echolocation,/mnt/ubna_data_02_mir/recover-20221013/UBNA_001/20221012_030000.WAV,Telephone Field,recover-20221013,001,1795
146.9685,147.0091,68437,82443,Rhinolophus ferrumequinum,0.023,0.023,-1,Echolocation,/mnt/ubna_data_02_mir/recover-20221013/UBNA_001/20221012_030000.WAV,Telephone Field,recover-20221013,001,1795
146.9985,147.0061,24609,33086,Plecotus austriacus,0.015,0.038,-1,Echolocation,/mnt/ubna_data_02_mir/recover-20221013/UBNA_001/20221012_030000.WAV,Telephone Field,recover-20221013,001,1795
147.01749999999998,147.0545,68437,81763,Rhinolophus ferrumequinum,0.021,0.021,-1,Echolocation,/mnt/ubna_data_02_mir/recover-20221013/UBNA_001/20221012_030000.WAV,Telephone Field,recover-20221013,001,1795
147.0265,147.0639,68437,82079,Rhinolophus ferrumequinum,0.022,0.022,-1,Echolocation,/mnt/ubna_data_02_mir/recover-20221013/UBNA_001/20221012_030000.WAV,Telephone Field,recover-20221013,001,1795
147.0635,147.1041,68437,82031,Rhinolophus ferrumequinum,0.021,0.021,-1,Echolocation,/mnt/ubna_data_02_mir/recover-20221013/UBNA_001/20221012_030000.WAV,Telephone Field,recover-20221013,001,1795
147.0745,147.1155,68437,83202,Rhinolophus ferrumequinum,0.028,0.028,-1,Echolocation,/mnt/ubna_data_02_mir/recover-20221013/UBNA_001/20221012_030000.WAV,Telephone Field,recover-20221013,001,1795
147.1585,147.1686,23750,29836,Nyctalus leisleri,0.009,0.023,-1,Echolocation,/mnt/ubna_data_02_mir/recover-20221013/UBNA_001/20221012_030000.WAV,Telephone Field,recover-20221013,001,1795
147.16649999999998,147.1818,22890,27500,Nyctalus leisleri,0.012,0.023,-1,Echolocation,/mnt/ubna_data_02_mir/recover-20221013/UBNA_001/20221012_030000.WAV,Telephone Field,recover-20221013,001,1795
147.1715,147.2127,68437,82415,Rhinolophus ferrumequinum,0.022,0.022,-1,Echolocation,/mnt/ubna_data_02_mir/recover-20221013/UBNA_001/20221012_030000.WAV,Telephone Field,recover-20221013,001,1795
147.2065,147.2149,27187,38866,Eptesicus serotinus,0.008,0.021,-1,Echolocation,/mnt/ubna_data_02_mir/recover-20221013/UBNA_001/20221012_030000.WAV,Telephone Field,recover-20221013,001,1795
147.2465,147.2555,28046,36255,Eptesicus serotinus,0.011,0.025,-1,Echolocation,/mnt/ubna_data_02_mir/recover-20221013/UBNA_001/20221012_030000.WAV,Telephone Field,recover-20221013,001,1795
147.2855,147.3233,68437,81339,Rhinolophus ferrumequinum,0.021,0.021,-1,Echolocation,/mnt/ubna_data_02_mir/recover-20221013/UBNA_001/20221012_030000.WAV,Telephone Field,recover-20221013,001,1795
147.2925,147.3317,68437,82520,Rhinolophus ferrumequinum,0.021,0.021,-1,Echolocation,/mnt/ubna_data_02_mir/recover-20221013/UBNA_001/20221012_030000.WAV,Telephone Field,recover-20221013,001,1795
147.2955,147.3058,25468,33014,Eptesicus serotinus,0.009,0.022,-1,Echolocation,/mnt/ubna_data_02_mir/recover-20221013/UBNA_001/20221012_030000.WAV,Telephone Field,recover-20221013,001,1795
147.32150000000001,147.3623,68437,82955,Rhinolophus ferrumequinum,0.032,0.032,-1,Echolocation,/mnt/ubna_data_02_mir/recover-20221013/UBNA_001/20221012_030000.WAV,Telephone Field,recover-20221013,001,1795
147.3245,147.335,27187,33522,Eptesicus serotinus,0.042,0.078,-1,Echolocation,/mnt/ubna_data_02_mir/recover-20221013/UBNA_001/20221012_030000.WAV,Telephone Field,recover-20221013,001,1795
147.3565,147.3626,28046,44852,Eptesicus serotinus,0.007,0.026,-1,Echolocation,/mnt/ubna_data_02_mir/recover-20221013/UBNA_001/20221012_030000.WAV,Telephone Field,recover-20221013,001,1795
147.3765,147.3837,28046,39641,Eptesicus serotinus,0.007,0.023,-1,Echolocation,/mnt/ubna_data_02_mir/recover-20221013/UBNA_001/20221012_030000.WAV,Telephone Field,recover-20221013,001,1795
147.4005,147.4075,26328,41689,Eptesicus serotinus,0.007,0.023,-1,Echolocation,/mnt/ubna_data_02_mir/recover-20221013/UBNA_001/20221012_030000.WAV,Telephone Field,recover-20221013,001,1795
147.4175,147.4557,68437,81950,Rhinolophus ferrumequinum,0.021,0.021,-1,Echolocation,/mnt/ubna_data_02_mir/recover-20221013/UBNA_001/20221012_030000.WAV,Telephone Field,recover-20221013,001,1795
147.4225,147.4596,68437,81751,Rhinolophus ferrumequinum,0.02,0.02,-1,Echolocation,/mnt/ubna_data_02_mir/recover-20221013/UBNA_001/20221012_030000.WAV,Telephone Field,recover-20221013,001,1795
147.44650000000001,147.456,28906,38506,Eptesicus serotinus,0.015,0.03,-1,Echolocation,/mnt/ubna_data_02_mir/recover-20221013/UBNA_001/20221012_030000.WAV,Telephone Field,recover-20221013,001,1795
147.4755,147.5164,68437,82741,Rhinolophus ferrumequinum,0.021,0.021,-1,Echolocation,/mnt/ubna_data_02_mir/recover-20221013/UBNA_001/20221012_030000.WAV,Telephone Field,recover-20221013,001,1795
147.5145,147.5317,15156,18693,Nyctalus noctula,0.023,0.034,-1,Echolocation,/mnt/ubna_data_02_mir/recover-20221013/UBNA_001/20221012_030000.WAV,Telephone Field,recover-20221013,001,1795
147.5495,147.5573,25468,34032,Eptesicus serotinus,0.006,0.021,-1,Echolocation,/mnt/ubna_data_02_mir/recover-20221013/UBNA_001/20221012_030000.WAV,Telephone Field,recover-20221013,001,1795
147.5745,147.6136,68437,82373,Rhinolophus ferrumequinum,0.024,0.024,-1,Echolocation,/mnt/ubna_data_02_mir/recover-20221013/UBNA_001/20221012_030000.WAV,Telephone Field,recover-20221013,001,1795
147.5845,147.6254,68437,82893,Rhinolophus ferrumequinum,0.023,0.023,-1,Echolocation,/mnt/ubna_data_02_mir/recover-20221013/UBNA_001/20221012_030000.WAV,Telephone Field,recover-20221013,001,1795
147.5905,147.6328,68437,82967,Rhinolophus ferrumequinum,0.023,0.023,-1,Echolocation,/mnt/ubna_data_02_mir/recover-20221013/UBNA_001/20221012_030000.WAV,Telephone Field,recover-20221013,001,1795
147.5915,147.6046,22890,27786,Nyctalus leisleri,0.016,0.029,-1,Echolocation,/mnt/ubna_data_02_mir/recover-20221013/UBNA_001/20221012_030000.WAV,Telephone Field,recover-20221013,001,1795
147.6165,147.6523,68437,81416,Rhinolophus ferrumequinum,0.021,0.021,-1,Echolocation,/mnt/ubna_data_02_mir/recover-20221013/UBNA_001/20221012_030000.WAV,Telephone Field,recover-20221013,001,1795
147.6315,147.6408,28046,37624,Eptesicus serotinus,0.009,0.023,-1,Echolocation,/mnt/ubna_data_02_mir/recover-20221013/UBNA_001/20221012_030000.WAV,Telephone Field,recover-20221013,001,1795
147.6535,147.6643,23750,30563,Nyctalus leisleri,0.01,0.025,-1,Echolocation,/mnt/ubna_data_02_mir/recover-20221013/UBNA_001/20221012_030000.WAV,Telephone Field,recover-20221013,001,1795
147.6935,147.7312,68437,81398,Rhinolophus ferrumequinum,0.022,0.022,-1,Echolocation,/mnt/ubna_data_02_mir/recover-20221013/UBNA_001/20221012_030000.WAV,Telephone Field,recover-20221013,001,1795
147.7075,147.7432,68437,81057,Rhinolophus ferrumequinum,0.02,0.021,-1,Echolocation,/mnt/ubna_data_02_mir/recover-20221013/UBNA_001/20221012_030000.WAV,Telephone Field,recover-20221013,001,1795
147.7245,147.7341,22890,28972,Nyctalus leisleri,0.009,0.023,-1,Echolocation,/mnt/ubna_data_02_mir/recover-20221013/UBNA_001/20221012_030000.WAV,Telephone Field,recover-20221013,001,1795
147.7275,147.7375,28906,35428,Eptesicus serotinus,0.008,0.02,-1,Echolocation,/mnt/ubna_data_02_mir/recover-20221013/UBNA_001/20221012_030000.WAV,Telephone Field,recover-20221013,001,1795
147.7285,147.7696,68437,82817,Rhinolophus ferrumequinum,0.028,0.028,-1,Echolocation,/mnt/ubna_data_02_mir/recover-20221013/UBNA_001/20221012_030000.WAV,Telephone Field,recover-20221013,001,1795
147.7485,147.7843,68437,81236,Rhinolophus ferrumequinum,0.021,0.021,-1,Echolocation,/mnt/ubna_data_02_mir/recover-20221013/UBNA_001/20221012_030000.WAV,Telephone Field,recover-20221013,001,1795
147.7565,147.764,28046,37444,Eptesicus serotinus,0.009,0.025,-1,Echolocation,/mnt/ubna_data_02_mir/recover-20221013/UBNA_001/20221012_030000.WAV,Telephone Field,recover-20221013,001,1795
147.7745,147.81119999999999,68437,81385,Rhinolophus ferrumequinum,0.021,0.021,-1,Echolocation,/mnt/ubna_data_02_mir/recover-20221013/UBNA_001/20221012_030000.WAV,Telephone Field,recover-20221013,001,1795
147.7835,147.7934,25468,33088,Eptesicus serotinus,0.008,0.025,-1,Echolocation,/mnt/ubna_data_02_mir/recover-20221013/UBNA_001/20221012_030000.WAV,Telephone Field,recover-20221013,001,1795
147.7845,147.8246,68437,81972,Rhinolophus ferrumequinum,0.022,0.022,-1,Echolocation,/mnt/ubna_data_02_mir/recover-20221013/UBNA_001/20221012_030000.WAV,Telephone Field,recover-20221013,001,1795
147.8005,147.808,28046,39462,Eptesicus serotinus,0.008,0.023,-1,Echolocation,/mnt/ubna_data_02_mir/recover-20221013/UBNA_001/20221012_030000.WAV,Telephone Field,recover-20221013,001,1795
147.83350000000002,147.8421,28046,37122,Eptesicus serotinus,0.007,0.021,-1,Echolocation,/mnt/ubna_data_02_mir/recover-20221013/UBNA_001/20221012_030000.WAV,Telephone Field,recover-20221013,001,1795
147.8735,147.9121,68437,82041,Rhinolophus ferrumequinum,0.021,0.021,-1,Echolocation,/mnt/ubna_data_02_mir/recover-20221013/UBNA_001/20221012_030000.WAV,Telephone Field,recover-20221013,001,1795
147.8985,147.90800000000002,28906,37085,Eptesicus serotinus,0.008,0.022,-1,Echolocation,/mnt/ubna_data_02_mir/recover-20221013/UBNA_001/20221012_030000.WAV,Telephone Field,recover-20221013,001,1795
147.9125,147.9518,68437,81519,Rhinolophus ferrumequinum,0.024,0.024,-1,Echolocation,/mnt/ubna_data_02_mir/recover-20221013/UBNA_001/20221012_030000.WAV,Telephone Field,recover-20221013,001,1795
147.9145,147.9252,23750,29801,Nyctalus leisleri,0.009,0.022,-1,Echolocation,/mnt/ubna_data_02_mir/recover-20221013/UBNA_001/20221012_030000.WAV,Telephone Field,recover-20221013,001,1795
147.9185,147.9592,68437,83330,Rhinolophus ferrumequinum,0.025,0.025,-1,Echolocation,/mnt/ubna_data_02_mir/recover-20221013/UBNA_001/20221012_030000.WAV,Telephone Field,recover-20221013,001,1795
147.9675,147.9759,28046,39413,Eptesicus serotinus,0.008,0.021,-1,Echolocation,/mnt/ubna_data_02_mir/recover-20221013/UBNA_001/20221012_030000.WAV,Telephone Field,recover-20221013,001,1795
148.0015,148.0108,22890,28765,Nyctalus leisleri,0.015,0.036,-1,Echolocation,/mnt/ubna_data_02_mir/recover-20221013/UBNA_001/20221012_030000.WAV,Telephone Field,recover-20221013,001,1795
148.0015,148.0333,69296,81421,Rhinolophus ferrumequinum,0.024,0.024,-1,Echolocation,/mnt/ubna_data_02_mir/recover-20221013/UBNA_001/20221012_030000.WAV,Telephone Field,recover-20221013,001,1795
148.0095,148.0528,68437,82869,Rhinolophus ferrumequinum,0.026,0.026,-1,Echolocation,/mnt/ubna_data_02_mir/recover-20221013/UBNA_001/20221012_030000.WAV,Telephone Field,recover-20221013,001,1795
148.0325,148.0402,28046,37894,Eptesicus serotinus,0.008,0.023,-1,Echolocation,/mnt/ubna_data_02_mir/recover-20221013/UBNA_001/20221012_030000.WAV,Telephone Field,recover-20221013,001,1795
148.0505,148.0899,68437,82072,Rhinolophus ferrumequinum,0.021,0.021,-1,Echolocation,/mnt/ubna_data_02_mir/recover-20221013/UBNA_001/20221012_030000.WAV,Telephone Field,recover-20221013,001,1795
148.0915,148.1015,22890,28766,Nyctalus leisleri,0.008,0.021,-1,Echolocation,/mnt/ubna_data_02_mir/recover-20221013/UBNA_001/20221012_030000.WAV,Telephone Field,recover-20221013,001,1795
148.0965,148.1305,68437,81418,Rhinolophus ferrumequinum,0.023,0.023,-1,Echolocation,/mnt/ubna_data_02_mir/recover-20221013/UBNA_001/20221012_030000.WAV,Telephone Field,recover-20221013,001,1795
148.1115,148.1298,16015,20633,Nyctalus noctula,0.017,0.024,-1,Echolocation,/mnt/ubna_data_02_mir/recover-20221013/UBNA_001/20221012_030000.WAV,Telephone Field,recover-20221013,001,1795
148.1195,148.1551,68437,80975,Rhinolophus ferrumequinum,0.029,0.029,-1,Echolocation,/mnt/ubna_data_02_mir/recover-20221013/UBNA_001/20221012_030000.WAV,Telephone Field,recover-20221013,001,1795
148.1375,148.1488,28906,35171,Eptesicus serotinus,0.014,0.03,-1,Echolocation,/mnt/ubna_data_02_mir/recover-20221013/UBNA_001/20221012_030000.WAV,Telephone Field,recover-20221013,001,1795
148.1685,148.1794,22031,26205,Nyctalus leisleri,0.012,0.022,-1,Echolocation,/mnt/ubna_data_02_mir/recover-20221013/UBNA_001/20221012_030000.WAV,Telephone Field,recover-20221013,001,1795
148.2245,148.2672,68437,82826,Rhinolophus ferrumequinum,0.022,0.022,-1,Echolocation,/mnt/ubna_data_02_mir/recover-20221013/UBNA_001/20221012_030000.WAV,Telephone Field,recover-20221013,001,1795
148.2275,148.2371,22031,27977,Nyctalus leisleri,0.008,0.023,-1,Echolocation,/mnt/ubna_data_02_mir/recover-20221013/UBNA_001/20221012_030000.WAV,Telephone Field,recover-20221013,001,1795
148.2655,148.3033,68437,82361,Rhinolophus ferrumequinum,0.021,0.021,-1,Echolocation,/mnt/ubna_data_02_mir/recover-20221013/UBNA_001/20221012_030000.WAV,Telephone Field,recover-20221013,001,1795
148.2735,148.3149,68437,83031,Rhinolophus ferrumequinum,0.023,0.023,-1,Echolocation,/mnt/ubna_data_02_mir/recover-20221013/UBNA_001/20221012_030000.WAV,Telephone Field,recover-20221013,001,1795
148.3005,148.31119999999999,22031,27139,Nyctalus leisleri,0.01,0.022,-1,Echolocation,/mnt/ubna_data_02_mir/recover-20221013/UBNA_001/20221012_030000.WAV,Telephone Field,recover-20221013,001,1795
148.3055,148.3444,68437,82308,Rhinolophus ferrumequinum,0.024,0.024,-1,Echolocation,/mnt/ubna_data_02_mir/recover-20221013/UBNA_001/20221012_030000.WAV,Telephone Field,recover-20221013,001,1795
148.3515,148.3932,68437,82552,Rhinolophus ferrumequinum,0.026,0.026,-1,Echolocation,/mnt/ubna_data_02_mir/recover-20221013/UBNA_001/20221012_030000.WAV,Telephone Field,recover-20221013,001,1795
148.3715,148.4099,68437,81663,Rhinolophus ferrumequinum,0.023,0.023,-1,Echolocation,/mnt/ubna_data_02_mir/recover-20221013/UBNA_001/20221012_030000.WAV,Telephone Field,recover-20221013,001,1795
148.3895,148.4279,68437,82001,Rhinolophus ferrumequinum,0.021,0.021,-1,Echolocation,/mnt/ubna_data_02_mir/recover-20221013/UBNA_001/20221012_030000.WAV,Telephone Field,recover-20221013,001,1795
148.4035,148.4151,23750,30081,Nyctalus leisleri,0.011,0.027,-1,Echolocation,/mnt/ubna_data_02_mir/recover-20221013/UBNA_001/20221012_030000.WAV,Telephone Field,recover-20221013,001,1795
148.4225,148.4613,68437,82147,Rhinolophus ferrumequinum,0.022,0.022,-1,Echolocation,/mnt/ubna_data_02_mir/recover-20221013/UBNA_001/20221012_030000.WAV,Telephone Field,recover-20221013,001,1795
148.4275,148.4356,26328,35612,Eptesicus serotinus,0.008,0.022,-1,Echolocation,/mnt/ubna_data_02_mir/recover-20221013/UBNA_001/20221012_030000.WAV,Telephone Field,recover-20221013,001,1795
148.4385,148.449,28046,34911,Eptesicus serotinus,0.012,0.024,-1,Echolocation,/mnt/ubna_data_02_mir/recover-20221013/UBNA_001/20221012_030000.WAV,Telephone Field,recover-20221013,001,1795
148.44650000000001,148.4864,68437,82294,Rhinolophus ferrumequinum,0.024,0.024,-1,Echolocation,/mnt/ubna_data_02_mir/recover-20221013/UBNA_001/20221012_030000.WAV,Telephone Field,recover-20221013,001,1795
148.4855,148.4926,28046,38114,Eptesicus serotinus,0.006,0.022,-1,Echolocation,/mnt/ubna_data_02_mir/recover-20221013/UBNA_001/20221012_030000.WAV,Telephone Field,recover-20221013,001,1795
148.5015,148.5408,68437,81854,Rhinolophus ferrumequinum,0.022,0.022,-1,Echolocation,/mnt/ubna_data_02_mir/recover-20221013/UBNA_001/20221012_030000.WAV,Telephone Field,recover-20221013,001,1795
148.5055,148.5138,28046,37537,Eptesicus serotinus,0.007,0.021,-1,Echolocation,/mnt/ubna_data_02_mir/recover-20221013/UBNA_001/20221012_030000.WAV,Telephone Field,recover-20221013,001,1795
148.5575,148.59199999999998,68437,81148,Rhinolophus ferrumequinum,0.022,0.022,-1,Echolocation,/mnt/ubna_data_02_mir/recover-20221013/UBNA_001/20221012_030000.WAV,Telephone Field,recover-20221013,001,1795
148.5605,148.5711,22890,27926,Nyctalus leisleri,0.012,0.023,-1,Echolocation,/mnt/ubna_data_02_mir/recover-20221013/UBNA_001/20221012_030000.WAV,Telephone Field,recover-20221013,001,1795
148.5905,148.6303,68437,82651,Rhinolophus ferrumequinum,0.025,0.025,-1,Echolocation,/mnt/ubna_data_02_mir/recover-20221013/UBNA_001/20221012_030000.WAV,Telephone Field,recover-20221013,001,1795
148.6255,148.6359,24609,30531,Nyctalus leisleri,0.011,0.025,-1,Echolocation,/mnt/ubna_data_02_mir/recover-20221013/UBNA_001/20221012_030000.WAV,Telephone Field,recover-20221013,001,1795
148.6355,148.6774,68437,83155,Rhinolophus ferrumequinum,0.025,0.025,-1,Echolocation,/mnt/ubna_data_02_mir/recover-20221013/UBNA_001/20221012_030000.WAV,Telephone Field,recover-20221013,001,1795
148.64249999999998,148.6529,22031,26870,Nyctalus leisleri,0.009,0.021,-1,Echolocation,/mnt/ubna_data_02_mir/recover-20221013/UBNA_001/20221012_030000.WAV,Telephone Field,recover-20221013,001,1795
148.6565,148.6956,68437,82278,Rhinolophus ferrumequinum,0.022,0.022,-1,Echolocation,/mnt/ubna_data_02_mir/recover-20221013/UBNA_001/20221012_030000.WAV,Telephone Field,recover-20221013,001,1795
148.6645,148.7005,68437,81649,Rhinolophus ferrumequinum,0.024,0.024,-1,Echolocation,/mnt/ubna_data_02_mir/recover-20221013/UBNA_001/20221012_030000.WAV,Telephone Field,recover-20221013,001,1795
148.6765,148.7131,68437,81726,Rhinolophus ferrumequinum,0.022,0.022,-1,Echolocation,/mnt/ubna_data_02_mir/recover-20221013/UBNA_001/20221012_030000.WAV,Telephone Field,recover-20221013,001,1795
148.7015,148.7127,48671,53101,Pipistrellus pipistrellus,0.03,0.035,-1,Echolocation,/mnt/ubna_data_02_mir/recover-20221013/UBNA_001/20221012_030000.WAV,Telephone Field,recover-20221013,001,1795
148.7285,148.7685,68437,81992,Rhinolophus ferrumequinum,0.023,0.023,-1,Echolocation,/mnt/ubna_data_02_mir/recover-20221013/UBNA_001/20221012_030000.WAV,Telephone Field,recover-20221013,001,1795
148.7515,148.761,24609,32244,Nyctalus leisleri,0.008,0.028,-1,Echolocation,/mnt/ubna_data_02_mir/recover-20221013/UBNA_001/20221012_030000.WAV,Telephone Field,recover-20221013,001,1795
148.7635,148.7734,28046,38117,Eptesicus serotinus,0.009,0.021,-1,Echolocation,/mnt/ubna_data_02_mir/recover-20221013/UBNA_001/20221012_030000.WAV,Telephone Field,recover-20221013,001,1795
148.7645,148.8052,68437,83011,Rhinolophus ferrumequinum,0.028,0.028,-1,Echolocation,/mnt/ubna_data_02_mir/recover-20221013/UBNA_001/20221012_030000.WAV,Telephone Field,recover-20221013,001,1795
148.7775,148.7868,26328,35158,Eptesicus serotinus,0.012,0.025,-1,Echolocation,/mnt/ubna_data_02_mir/recover-20221013/UBNA_001/20221012_030000.WAV,Telephone Field,recover-20221013,001,1795
148.7895,148.8243,68437,81552,Rhinolophus ferrumequinum,0.021,0.021,-1,Echolocation,/mnt/ubna_data_02_mir/recover-20221013/UBNA_001/20221012_030000.WAV,Telephone Field,recover-20221013,001,1795
148.8445,148.88400000000001,68437,82132,Rhinolophus ferrumequinum,0.023,0.023,-1,Echolocation,/mnt/ubna_data_02_mir/recover-20221013/UBNA_001/20221012_030000.WAV,Telephone Field,recover-20221013,001,1795
148.8585,148.8653,26328,40434,Eptesicus serotinus,0.006,0.023,-1,Echolocation,/mnt/ubna_data_02_mir/recover-20221013/UBNA_001/20221012_030000.WAV,Telephone Field,recover-20221013,001,1795
148.8655,148.906,68437,82475,Rhinolophus ferrumequinum,0.023,0.023,-1,Echolocation,/mnt/ubna_data_02_mir/recover-20221013/UBNA_001/20221012_030000.WAV,Telephone Field,recover-20221013,001,1795
148.8945,148.9338,68437,82244,Rhinolophus ferrumequinum,0.022,0.022,-1,Echolocation,/mnt/ubna_data_02_mir/recover-20221013/UBNA_001/20221012_030000.WAV,Telephone Field,recover-20221013,001,1795
148.8945,148.9033,28046,36657,Eptesicus serotinus,0.009,0.021,-1,Echolocation,/mnt/ubna_data_02_mir/recover-20221013/UBNA_001/20221012_030000.WAV,Telephone Field,recover-20221013,001,1795
148.9235,148.9323,25468,34581,Eptesicus serotinus,0.008,0.025,-1,Echolocation,/mnt/ubna_data_02_mir/recover-20221013/UBNA_001/20221012_030000.WAV,Telephone Field,recover-20221013,001,1795
148.9265,148.9343,29765,38974,Eptesicus serotinus,0.007,0.025,-1,Echolocation,/mnt/ubna_data_02_mir/recover-20221013/UBNA_001/20221012_030000.WAV,Telephone Field,recover-20221013,001,1795
148.9345,148.973,68437,81538,Rhinolophus ferrumequinum,0.023,0.023,-1,Echolocation,/mnt/ubna_data_02_mir/recover-20221013/UBNA_001/20221012_030000.WAV,Telephone Field,recover-20221013,001,1795
148.9445,148.9554,28906,35783,Eptesicus serotinus,0.015,0.028,-1,Echolocation,/mnt/ubna_data_02_mir/recover-20221013/UBNA_001/20221012_030000.WAV,Telephone Field,recover-20221013,001,1795
149.0025,149.0412,68437,81979,Rhinolophus ferrumequinum,0.021,0.021,-1,Echolocation,/mnt/ubna_data_02_mir/recover-20221013/UBNA_001/20221012_030000.WAV,Telephone Field,recover-20221013,001,1795
149.0185,149.02609999999999,28046,38117,Eptesicus serotinus,0.008,0.025,-1,Echolocation,/mnt/ubna_data_02_mir/recover-20221013/UBNA_001/20221012_030000.WAV,Telephone Field,recover-20221013,001,1795
149.0255,149.0631,68437,81898,Rhinolophus ferrumequinum,0.021,0.021,-1,Echolocation,/mnt/ubna_data_02_mir/recover-20221013/UBNA_001/20221012_030000.WAV,Telephone Field,recover-20221013,001,1795
149.0435,149.08429999999998,68437,83098,Rhinolophus ferrumequinum,0.036,0.036,-1,Echolocation,/mnt/ubna_data_02_mir/recover-20221013/UBNA_001/20221012_030000.WAV,Telephone Field,recover-20221013,001,1795
149.0615,149.1017,68437,82126,Rhinolophus ferrumequinum,0.021,0.021,-1,Echolocation,/mnt/ubna_data_02_mir/recover-20221013/UBNA_001/20221012_030000.WAV,Telephone Field,recover-20221013,001,1795
149.0705,149.1081,68437,81994,Rhinolophus ferrumequinum,0.022,0.022,-1,Echolocation,/mnt/ubna_data_02_mir/recover-20221013/UBNA_001/20221012_030000.WAV,Telephone Field,recover-20221013,001,1795
149.0815,149.12369999999999,68437,83085,Rhinolophus ferrumequinum,0.026,0.026,-1,Echolocation,/mnt/ubna_data_02_mir/recover-20221013/UBNA_001/20221012_030000.WAV,Telephone Field,recover-20221013,001,1795
149.08350000000002,149.0898,28046,41925,Eptesicus serotinus,0.006,0.025,-1,Echolocation,/mnt/ubna_data_02_mir/recover-20221013/UBNA_001/20221012_030000.WAV,Telephone Field,recover-20221013,001,1795
149.0915,149.1326,68437,83097,Rhinolophus ferrumequinum,0.022,0.022,-1,Echolocation,/mnt/ubna_data_02_mir/recover-20221013/UBNA_001/20221012_030000.WAV,Telephone Field,recover-20221013,001,1795
149.1025,149.1436,68437,82457,Rhinolophus ferrumequinum,0.021,0.021,-1,Echolocation,/mnt/ubna_data_02_mir/recover-20221013/UBNA_001/20221012_030000.WAV,Telephone Field,recover-20221013,001,1795
149.1095,149.147,68437,82300,Rhinolophus ferrumequinum,0.021,0.021,-1,Echolocation,/mnt/ubna_data_02_mir/recover-20221013/UBNA_001/20221012_030000.WAV,Telephone Field,recover-20221013,001,1795
149.1375,149.1758,68437,82427,Rhinolophus ferrumequinum,0.028,0.028,-1,Echolocation,/mnt/ubna_data_02_mir/recover-20221013/UBNA_001/20221012_030000.WAV,Telephone Field,recover-20221013,001,1795
149.1565,149.1945,68437,82223,Rhinolophus ferrumequinum,0.026,0.026,-1,Echolocation,/mnt/ubna_data_02_mir/recover-20221013/UBNA_001/20221012_030000.WAV,Telephone Field,recover-20221013,001,1795
149.17849999999999,149.2182,68437,82372,Rhinolophus ferrumequinum,0.022,0.022,-1,Echolocation,/mnt/ubna_data_02_mir/recover-20221013/UBNA_001/20221012_030000.WAV,Telephone Field,recover-20221013,001,1795
149.2005,149.2383,68437,81825,Rhinolophus ferrumequinum,0.025,0.025,-1,Echolocation,/mnt/ubna_data_02_mir/recover-20221013/UBNA_001/20221012_030000.WAV,Telephone Field,recover-20221013,001,1795
149.2195,149.2268,28046,41378,Eptesicus serotinus,0.008,0.027,-1,Echolocation,/mnt/ubna_data_02_mir/recover-20221013/UBNA_001/20221012_030000.WAV,Telephone Field,recover-20221013,001,1795
149.2335,149.2692,68437,81437,Rhinolophus ferrumequinum,0.021,0.021,-1,Echolocation,/mnt/ubna_data_02_mir/recover-20221013/UBNA_001/20221012_030000.WAV,Telephone Field,recover-20221013,001,1795
149.2415,149.2486,49531,55614,Pipistrellus pipistrellus,0.023,0.025,-1,Echolocation,/mnt/ubna_data_02_mir/recover-20221013/UBNA_001/20221012_030000.WAV,Telephone Field,recover-20221013,001,1795
149.2435,149.2823,68437,81578,Rhinolophus ferrumequinum,0.023,0.023,-1,Echolocation,/mnt/ubna_data_02_mir/recover-20221013/UBNA_001/20221012_030000.WAV,Telephone Field,recover-20221013,001,1795
149.2555,149.2946,68437,81865,Rhinolophus ferrumequinum,0.029,0.029,-1,Echolocation,/mnt/ubna_data_02_mir/recover-20221013/UBNA_001/20221012_030000.WAV,Telephone Field,recover-20221013,001,1795
149.2585,149.2677,25468,34212,Eptesicus serotinus,0.008,0.022,-1,Echolocation,/mnt/ubna_data_02_mir/recover-20221013/UBNA_001/20221012_030000.WAV,Telephone Field,recover-20221013,001,1795
149.2655,149.2943,68437,79594,Rhinolophus ferrumequinum,0.024,0.026,-1,Echolocation,/mnt/ubna_data_02_mir/recover-20221013/UBNA_001/20221012_030000.WAV,Telephone Field,recover-20221013,001,1795
149.2715,149.3065,68437,80623,Rhinolophus ferrumequinum,0.02,0.021,-1,Echolocation,/mnt/ubna_data_02_mir/recover-20221013/UBNA_001/20221012_030000.WAV,Telephone Field,recover-20221013,001,1795
149.3605,149.3972,68437,81485,Rhinolophus ferrumequinum,0.021,0.021,-1,Echolocation,/mnt/ubna_data_02_mir/recover-20221013/UBNA_001/20221012_030000.WAV,Telephone Field,recover-20221013,001,1795
149.3825,149.4264,68437,83597,Rhinolophus ferrumequinum,0.029,0.029,-1,Echolocation,/mnt/ubna_data_02_mir/recover-20221013/UBNA_001/20221012_030000.WAV,Telephone Field,recover-20221013,001,1795
149.4265,149.4667,68437,82889,Rhinolophus ferrumequinum,0.03,0.03,-1,Echolocation,/mnt/ubna_data_02_mir/recover-20221013/UBNA_001/20221012_030000.WAV,Telephone Field,recover-20221013,001,1795
149.4595,149.5039,68437,82843,Rhinolophus ferrumequinum,0.041,0.041,-1,Echolocation,/mnt/ubna_data_02_mir/recover-20221013/UBNA_001/20221012_030000.WAV,Telephone Field,recover-20221013,001,1795
149.4685,149.4774,22890,29605,Plecotus austriacus,0.009,0.024,-1,Echolocation,/mnt/ubna_data_02_mir/recover-20221013/UBNA_001/20221012_030000.WAV,Telephone Field,recover-20221013,001,1795
149.4735,149.4836,22031,27165,Nyctalus leisleri,0.01,0.024,-1,Echolocation,/mnt/ubna_data_02_mir/recover-20221013/UBNA_001/20221012_030000.WAV,Telephone Field,recover-20221013,001,1795
149.5185,149.5599,68437,83133,Rhinolophus ferrumequinum,0.032,0.032,-1,Echolocation,/mnt/ubna_data_02_mir/recover-20221013/UBNA_001/20221012_030000.WAV,Telephone Field,recover-20221013,001,1795
149.5355,149.5744,68437,82243,Rhinolophus ferrumequinum,0.024,0.024,-1,Echolocation,/mnt/ubna_data_02_mir/recover-20221013/UBNA_001/20221012_030000.WAV,Telephone Field,recover-20221013,001,1795
149.58350000000002,149.6238,68437,82916,Rhinolophus ferrumequinum,0.027,0.027,-1,Echolocation,/mnt/ubna_data_02_mir/recover-20221013/UBNA_001/20221012_030000.WAV,Telephone Field,recover-20221013,001,1795
149.5935,149.6029,22031,27526,Nyctalus leisleri,0.008,0.021,-1,Echolocation,/mnt/ubna_data_02_mir/recover-20221013/UBNA_001/20221012_030000.WAV,Telephone Field,recover-20221013,001,1795
149.6275,149.6653,68437,82058,Rhinolophus ferrumequinum,0.023,0.024,-1,Echolocation,/mnt/ubna_data_02_mir/recover-20221013/UBNA_001/20221012_030000.WAV,Telephone Field,recover-20221013,001,1795
149.6275,149.6364,25468,34459,Eptesicus serotinus,0.01,0.027,-1,Echolocation,/mnt/ubna_data_02_mir/recover-20221013/UBNA_001/20221012_030000.WAV,Telephone Field,recover-20221013,001,1795
149.6515,149.68959999999998,68437,82346,Rhinolophus ferrumequinum,0.021,0.021,-1,Echolocation,/mnt/ubna_data_02_mir/recover-20221013/UBNA_001/20221012_030000.WAV,Telephone Field,recover-20221013,001,1795
149.6745,149.68619999999999,22890,27940,Nyctalus leisleri,0.013,0.028,-1,Echolocation,/mnt/ubna_data_02_mir/recover-20221013/UBNA_001/20221012_030000.WAV,Telephone Field,recover-20221013,001,1795
149.6765,149.714,68437,81873,Rhinolophus ferrumequinum,0.021,0.021,-1,Echolocation,/mnt/ubna_data_02_mir/recover-20221013/UBNA_001/20221012_030000.WAV,Telephone Field,recover-20221013,001,1795
149.6945,149.7023,47812,53325,Pipistrellus pipistrellus,0.02,0.021,-1,Echolocation,/mnt/ubna_data_02_mir/recover-20221013/UBNA_001/20221012_030000.WAV,Telephone Field,recover-20221013,001,1795
149.70850000000002,149.7464,68437,82143,Rhinolophus ferrumequinum,0.021,0.022,-1,Echolocation,/mnt/ubna_data_02_mir/recover-20221013/UBNA_001/20221012_030000.WAV,Telephone Field,recover-20221013,001,1795
149.7125,149.723,22890,28033,Nyctalus leisleri,0.011,0.023,-1,Echolocation,/mnt/ubna_data_02_mir/recover-20221013/UBNA_001/20221012_030000.WAV,Telephone Field,recover-20221013,001,1795
149.7405,149.7494,28046,39168,Eptesicus serotinus,0.008,0.023,-1,Echolocation,/mnt/ubna_data_02_mir/recover-20221013/UBNA_001/20221012_030000.WAV,Telephone Field,recover-20221013,001,1795
149.7435,149.7799,68437,81346,Rhinolophus ferrumequinum,0.024,0.024,-1,Echolocation,/mnt/ubna_data_02_mir/recover-20221013/UBNA_001/20221012_030000.WAV,Telephone Field,recover-20221013,001,1795
149.7665,149.775,29765,42143,Myotis daubentonii,0.006,0.022,-1,Echolocation,/mnt/ubna_data_02_mir/recover-20221013/UBNA_001/20221012_030000.WAV,Telephone Field,recover-20221013,001,1795
149.7735,149.8123,68437,81915,Rhinolophus ferrumequinum,0.023,0.023,-1,Echolocation,/mnt/ubna_data_02_mir/recover-20221013/UBNA_001/20221012_030000.WAV,Telephone Field,recover-20221013,001,1795
149.7865,149.7972,24609,30604,Nyctalus leisleri,0.01,0.025,-1,Echolocation,/mnt/ubna_data_02_mir/recover-20221013/UBNA_001/20221012_030000.WAV,Telephone Field,recover-20221013,001,1795
149.7875,149.8235,68437,81354,Rhinolophus ferrumequinum,0.022,0.022,-1,Echolocation,/mnt/ubna_data_02_mir/recover-20221013/UBNA_001/20221012_030000.WAV,Telephone Field,recover-20221013,001,1795
149.80349999999999,149.8444,68437,82732,Rhinolophus ferrumequinum,0.027,0.027,-1,Echolocation,/mnt/ubna_data_02_mir/recover-20221013/UBNA_001/20221012_030000.WAV,Telephone Field,recover-20221013,001,1795
149.8235,149.8621,68437,81988,Rhinolophus ferrumequinum,0.021,0.021,-1,Echolocation,/mnt/ubna_data_02_mir/recover-20221013/UBNA_001/20221012_030000.WAV,Telephone Field,recover-20221013,001,1795
149.8295,149.8387,26328,35173,Eptesicus serotinus,0.012,0.034,-1,Echolocation,/mnt/ubna_data_02_mir/recover-20221013/UBNA_001/20221012_030000.WAV,Telephone Field,recover-20221013,001,1795
149.8315,149.8418,42656,46716,Pipistrellus pipistrellus,0.017,0.022,-1,Echolocation,/mnt/ubna_data_02_mir/recover-20221013/UBNA_001/20221012_030000.WAV,Telephone Field,recover-20221013,001,1795
149.8795,149.9212,68437,83007,Rhinolophus ferrumequinum,0.024,0.024,-1,Echolocation,/mnt/ubna_data_02_mir/recover-20221013/UBNA_001/20221012_030000.WAV,Telephone Field,recover-20221013,001,1795
149.8815,149.8888,27187,37308,Eptesicus serotinus,0.008,0.023,-1,Echolocation,/mnt/ubna_data_02_mir/recover-20221013/UBNA_001/20221012_030000.WAV,Telephone Field,recover-20221013,001,1795
149.9175,149.9562,68437,81901,Rhinolophus ferrumequinum,0.024,0.024,-1,Echolocation,/mnt/ubna_data_02_mir/recover-20221013/UBNA_001/20221012_030000.WAV,Telephone Field,recover-20221013,001,1795
149.9295,149.93880000000001,14296,21047,Nyctalus noctula,0.012,0.025,-1,Echolocation,/mnt/ubna_data_02_mir/recover-20221013/UBNA_001/20221012_030000.WAV,Telephone Field,recover-20221013,001,1795
149.9545,149.9633,28046,38358,Eptesicus serotinus,0.008,0.021,-1,Echolocation,/mnt/ubna_data_02_mir/recover-20221013/UBNA_001/20221012_030000.WAV,Telephone Field,recover-20221013,001,1795
150.0015,150.0099,24609,31796,Nyctalus leisleri,0.011,0.029,-1,Echolocation,/mnt/ubna_data_02_mir/recover-20221013/UBNA_001/20221012_030000.WAV,Telephone Field,recover-20221013,001,1795
150.0025,150.0406,68437,81322,Rhinolophus ferrumequinum,0.023,0.025,-1,Echolocation,/mnt/ubna_data_02_mir/recover-20221013/UBNA_001/20221012_030000.WAV,Telephone Field,recover-20221013,001,1795
150.0425,150.0813,68437,82149,Rhinolophus ferrumequinum,0.021,0.021,-1,Echolocation,/mnt/ubna_data_02_mir/recover-20221013/UBNA_001/20221012_030000.WAV,Telephone Field,recover-20221013,001,1795
150.1265,150.1654,68437,82023,Rhinolophus ferrumequinum,0.023,0.023,-1,Echolocation,/mnt/ubna_data_02_mir/recover-20221013/UBNA_001/20221012_030000.WAV,Telephone Field,recover-20221013,001,1795
150.1425,150.1799,68437,81462,Rhinolophus ferrumequinum,0.027,0.027,-1,Echolocation,/mnt/ubna_data_02_mir/recover-20221013/UBNA_001/20221012_030000.WAV,Telephone Field,recover-20221013,001,1795
150.1915,150.2013,28046,36824,Eptesicus serotinus,0.013,0.026,-1,Echolocation,/mnt/ubna_data_02_mir/recover-20221013/UBNA_001/20221012_030000.WAV,Telephone Field,recover-20221013,001,1795
150.1935,150.2321,68437,82154,Rhinolophus ferrumequinum,0.023,0.023,-1,Echolocation,/mnt/ubna_data_02_mir/recover-20221013/UBNA_001/20221012_030000.WAV,Telephone Field,recover-20221013,001,1795
150.2055,150.2449,68437,81857,Rhinolophus ferrumequinum,0.023,0.023,-1,Echolocation,/mnt/ubna_data_02_mir/recover-20221013/UBNA_001/20221012_030000.WAV,Telephone Field,recover-20221013,001,1795
150.2305,150.2425,22890,28224,Nyctalus leisleri,0.011,0.021,-1,Echolocation,/mnt/ubna_data_02_mir/recover-20221013/UBNA_001/20221012_030000.WAV,Telephone Field,recover-20221013,001,1795
150.2375,150.2781,68437,82471,Rhinolophus ferrumequinum,0.023,0.023,-1,Echolocation,/mnt/ubna_data_02_mir/recover-20221013/UBNA_001/20221012_030000.WAV,Telephone Field,recover-20221013,001,1795
150.2405,150.2524,23750,28436,Nyctalus leisleri,0.011,0.021,-1,Echolocation,/mnt/ubna_data_02_mir/recover-20221013/UBNA_001/20221012_030000.WAV,Telephone Field,recover-20221013,001,1795
150.2655,150.2731,28046,40129,Eptesicus serotinus,0.007,0.021,-1,Echolocation,/mnt/ubna_data_02_mir/recover-20221013/UBNA_001/20221012_030000.WAV,Telephone Field,recover-20221013,001,1795
150.2675,150.3057,68437,82100,Rhinolophus ferrumequinum,0.022,0.022,-1,Echolocation,/mnt/ubna_data_02_mir/recover-20221013/UBNA_001/20221012_030000.WAV,Telephone Field,recover-20221013,001,1795
150.3015,150.3093,26328,39920,Eptesicus serotinus,0.011,0.03,-1,Echolocation,/mnt/ubna_data_02_mir/recover-20221013/UBNA_001/20221012_030000.WAV,Telephone Field,recover-20221013,001,1795
150.3265,150.3675,68437,82208,Rhinolophus ferrumequinum,0.021,0.021,-1,Echolocation,/mnt/ubna_data_02_mir/recover-20221013/UBNA_001/20221012_030000.WAV,Telephone Field,recover-20221013,001,1795
150.3585,150.367,27187,40788,Eptesicus serotinus,0.009,0.024,-1,Echolocation,/mnt/ubna_data_02_mir/recover-20221013/UBNA_001/20221012_030000.WAV,Telephone Field,recover-20221013,001,1795
150.3715,150.3802,28046,37093,Eptesicus serotinus,0.007,0.021,-1,Echolocation,/mnt/ubna_data_02_mir/recover-20221013/UBNA_001/20221012_030000.WAV,Telephone Field,recover-20221013,001,1795
150.3785,150.4167,68437,82194,Rhinolophus ferrumequinum,0.026,0.026,-1,Echolocation,/mnt/ubna_data_02_mir/recover-20221013/UBNA_001/20221012_030000.WAV,Telephone Field,recover-20221013,001,1795
150.3855,150.3915,45234,52016,Pipistrellus pipistrellus,0.019,0.022,-1,Echolocation,/mnt/ubna_data_02_mir/recover-20221013/UBNA_001/20221012_030000.WAV,Telephone Field,recover-20221013,001,1795
150.3855,150.3904,39218,54093,Myotis daubentonii,0.008,0.032,-1,Echolocation,/mnt/ubna_data_02_mir/recover-20221013/UBNA_001/20221012_030000.WAV,Telephone Field,recover-20221013,001,1795
150.4245,150.4308,31484,49256,Myotis daubentonii,0.013,0.027,-1,Echolocation,/mnt/ubna_data_02_mir/recover-20221013/UBNA_001/20221012_030000.WAV,Telephone Field,recover-20221013,001,1795
150.4255,150.4332,24609,36243,Plecotus austriacus,0.007,0.024,-1,Echolocation,/mnt/ubna_data_02_mir/recover-20221013/UBNA_001/20221012_030000.WAV,Telephone Field,recover-20221013,001,1795
150.4455,150.485,68437,82454,Rhinolophus ferrumequinum,0.023,0.023,-1,Echolocation,/mnt/ubna_data_02_mir/recover-20221013/UBNA_001/20221012_030000.WAV,Telephone Field,recover-20221013,001,1795
150.4545,150.4935,68437,81492,Rhinolophus ferrumequinum,0.022,0.022,-1,Echolocation,/mnt/ubna_data_02_mir/recover-20221013/UBNA_001/20221012_030000.WAV,Telephone Field,recover-20221013,001,1795
150.5405,150.5817,68437,82331,Rhinolophus ferrumequinum,0.024,0.024,-1,Echolocation,/mnt/ubna_data_02_mir/recover-20221013/UBNA_001/20221012_030000.WAV,Telephone Field,recover-20221013,001,1795
150.5555,150.5994,68437,83224,Rhinolophus ferrumequinum,0.033,0.033,-1,Echolocation,/mnt/ubna_data_02_mir/recover-20221013/UBNA_001/20221012_030000.WAV,Telephone Field,recover-20221013,001,1795
150.5865,150.6271,68437,82546,Rhinolophus ferrumequinum,0.022,0.022,-1,Echolocation,/mnt/ubna_data_02_mir/recover-20221013/UBNA_001/20221012_030000.WAV,Telephone Field,recover-20221013,001,1795
150.5945,150.6346,68437,82785,Rhinolophus ferrumequinum,0.021,0.021,-1,Echolocation,/mnt/ubna_data_02_mir/recover-20221013/UBNA_001/20221012_030000.WAV,Telephone Field,recover-20221013,001,1795
150.6375,150.6476,14296,20103,Nyctalus noctula,0.023,0.042,-1,Echolocation,/mnt/ubna_data_02_mir/recover-20221013/UBNA_001/20221012_030000.WAV,Telephone Field,recover-20221013,001,1795
150.6665,150.7064,68437,82794,Rhinolophus ferrumequinum,0.022,0.022,-1,Echolocation,/mnt/ubna_data_02_mir/recover-20221013/UBNA_001/20221012_030000.WAV,Telephone Field,recover-20221013,001,1795
150.6895,150.7285,68437,81892,Rhinolophus ferrumequinum,0.021,0.022,-1,Echolocation,/mnt/ubna_data_02_mir/recover-20221013/UBNA_001/20221012_030000.WAV,Telephone Field,recover-20221013,001,1795
150.7675,150.7768,28046,36400,Eptesicus serotinus,0.009,0.022,-1,Echolocation,/mnt/ubna_data_02_mir/recover-20221013/UBNA_001/20221012_030000.WAV,Telephone Field,recover-20221013,001,1795
150.7855,150.8229,68437,82499,Rhinolophus ferrumequinum,0.022,0.022,-1,Echolocation,/mnt/ubna_data_02_mir/recover-20221013/UBNA_001/20221012_030000.WAV,Telephone Field,recover-20221013,001,1795
150.7925,150.8294,68437,81772,Rhinolophus ferrumequinum,0.021,0.021,-1,Echolocation,/mnt/ubna_data_02_mir/recover-20221013/UBNA_001/20221012_030000.WAV,Telephone Field,recover-20221013,001,1795
150.8025,150.8127,38359,43896,Pipistrellus nathusii,0.006,0.021,-1,Echolocation,/mnt/ubna_data_02_mir/recover-20221013/UBNA_001/20221012_030000.WAV,Telephone Field,recover-20221013,001,1795
150.8245,150.8633,68437,81587,Rhinolophus ferrumequinum,0.021,0.021,-1,Echolocation,/mnt/ubna_data_02_mir/recover-20221013/UBNA_001/20221012_030000.WAV,Telephone Field,recover-20221013,001,1795
150.8325,150.8697,68437,80976,Rhinolophus ferrumequinum,0.021,0.021,-1,Echolocation,/mnt/ubna_data_02_mir/recover-20221013/UBNA_001/20221012_030000.WAV,Telephone Field,recover-20221013,001,1795
150.8415,150.8491,28906,38845,Eptesicus serotinus,0.009,0.03,-1,Echolocation,/mnt/ubna_data_02_mir/recover-20221013/UBNA_001/20221012_030000.WAV,Telephone Field,recover-20221013,001,1795
150.8655,150.9029,68437,81305,Rhinolophus ferrumequinum,0.022,0.022,-1,Echolocation,/mnt/ubna_data_02_mir/recover-20221013/UBNA_001/20221012_030000.WAV,Telephone Field,recover-20221013,001,1795
150.8835,150.8952,22890,26748,Nyctalus leisleri,0.015,0.025,-1,Echolocation,/mnt/ubna_data_02_mir/recover-20221013/UBNA_001/20221012_030000.WAV,Telephone Field,recover-20221013,001,1795
150.8855,150.9262,68437,82604,Rhinolophus ferrumequinum,0.021,0.021,-1,Echolocation,/mnt/ubna_data_02_mir/recover-20221013/UBNA_001/20221012_030000.WAV,Telephone Field,recover-20221013,001,1795
150.9055,150.9436,68437,81606,Rhinolophus ferrumequinum,0.024,0.024,-1,Echolocation,/mnt/ubna_data_02_mir/recover-20221013/UBNA_001/20221012_030000.WAV,Telephone Field,recover-20221013,001,1795
150.9275,150.9364,46953,53208,Pipistrellus pipistrellus,0.019,0.021,-1,Echolocation,/mnt/ubna_data_02_mir/recover-20221013/UBNA_001/20221012_030000.WAV,Telephone Field,recover-20221013,001,1795
150.9345,150.9727,68437,81156,Rhinolophus ferrumequinum,0.021,0.021,-1,Echolocation,/mnt/ubna_data_02_mir/recover-20221013/UBNA_001/20221012_030000.WAV,Telephone Field,recover-20221013,001,1795
150.9495,150.9908,68437,82580,Rhinolophus ferrumequinum,0.027,0.027,-1,Echolocation,/mnt/ubna_data_02_mir/recover-20221013/UBNA_001/20221012_030000.WAV,Telephone Field,recover-20221013,001,1795
150.9635,151.0053,68437,82672,Rhinolophus ferrumequinum,0.026,0.026,-1,Echolocation,/mnt/ubna_data_02_mir/recover-20221013/UBNA_001/20221012_030000.WAV,Telephone Field,recover-20221013,001,1795
150.9875,151.0243,68437,81078,Rhinolophus ferrumequinum,0.023,0.023,-1,Echolocation,/mnt/ubna_data_02_mir/recover-20221013/UBNA_001/20221012_030000.WAV,Telephone Field,recover-20221013,001,1795
151.0175,151.0238,24609,37300,Plecotus austriacus,0.019,0.046,-1,Echolocation,/mnt/ubna_data_02_mir/recover-20221013/UBNA_001/20221012_030000.WAV,Telephone Field,recover-20221013,001,1795
151.0195,151.0591,68437,82175,Rhinolophus ferrumequinum,0.023,0.023,-1,Echolocation,/mnt/ubna_data_02_mir/recover-20221013/UBNA_001/20221012_030000.WAV,Telephone Field,recover-20221013,001,1795
151.0245,151.0341,28906,36751,Eptesicus serotinus,0.01,0.025,-1,Echolocation,/mnt/ubna_data_02_mir/recover-20221013/UBNA_001/20221012_030000.WAV,Telephone Field,recover-20221013,001,1795
151.0485,151.0882,68437,82103,Rhinolophus ferrumequinum,0.023,0.023,-1,Echolocation,/mnt/ubna_data_02_mir/recover-20221013/UBNA_001/20221012_030000.WAV,Telephone Field,recover-20221013,001,1795
151.0885,151.1332,68437,83698,Rhinolophus ferrumequinum,0.036,0.036,-1,Echolocation,/mnt/ubna_data_02_mir/recover-20221013/UBNA_001/20221012_030000.WAV,Telephone Field,recover-20221013,001,1795
151.1025,151.1425,68437,82226,Rhinolophus ferrumequinum,0.021,0.021,-1,Echolocation,/mnt/ubna_data_02_mir/recover-20221013/UBNA_001/20221012_030000.WAV,Telephone Field,recover-20221013,001,1795
151.1175,151.1537,68437,81275,Rhinolophus ferrumequinum,0.022,0.022,-1,Echolocation,/mnt/ubna_data_02_mir/recover-20221013/UBNA_001/20221012_030000.WAV,Telephone Field,recover-20221013,001,1795
151.1815,151.192,22890,28209,Nyctalus leisleri,0.012,0.024,-1,Echolocation,/mnt/ubna_data_02_mir/recover-20221013/UBNA_001/20221012_030000.WAV,Telephone Field,recover-20221013,001,1795
151.2265,151.2357,50390,56704,Pipistrellus pipistrellus,0.015,0.021,-1,Echolocation,/mnt/ubna_data_02_mir/recover-20221013/UBNA_001/20221012_030000.WAV,Telephone Field,recover-20221013,001,1795
151.2755,151.3168,68437,82943,Rhinolophus ferrumequinum,0.028,0.028,-1,Echolocation,/mnt/ubna_data_02_mir/recover-20221013/UBNA_001/20221012_030000.WAV,Telephone Field,recover-20221013,001,1795
151.3075,151.3175,28906,36626,Eptesicus serotinus,0.009,0.024,-1,Echolocation,/mnt/ubna_data_02_mir/recover-20221013/UBNA_001/20221012_030000.WAV,Telephone Field,recover-20221013,001,1795
151.3075,151.3506,68437,82927,Rhinolophus ferrumequinum,0.022,0.022,-1,Echolocation,/mnt/ubna_data_02_mir/recover-20221013/UBNA_001/20221012_030000.WAV,Telephone Field,recover-20221013,001,1795
151.3325,151.3714,68437,81913,Rhinolophus ferrumequinum,0.022,0.022,-1,Echolocation,/mnt/ubna_data_02_mir/recover-20221013/UBNA_001/20221012_030000.WAV,Telephone Field,recover-20221013,001,1795
151.3465,151.389,68437,82444,Rhinolophus ferrumequinum,0.024,0.024,-1,Echolocation,/mnt/ubna_data_02_mir/recover-20221013/UBNA_001/20221012_030000.WAV,Telephone Field,recover-20221013,001,1795
151.3715,151.4082,68437,81985,Rhinolophus ferrumequinum,0.021,0.021,-1,Echolocation,/mnt/ubna_data_02_mir/recover-20221013/UBNA_001/20221012_030000.WAV,Telephone Field,recover-20221013,001,1795
151.3965,151.4349,68437,81396,Rhinolophus ferrumequinum,0.023,0.023,-1,Echolocation,/mnt/ubna_data_02_mir/recover-20221013/UBNA_001/20221012_030000.WAV,Telephone Field,recover-20221013,001,1795
151.4125,151.4244,22890,27549,Nyctalus leisleri,0.011,0.021,-1,Echolocation,/mnt/ubna_data_02_mir/recover-20221013/UBNA_001/20221012_030000.WAV,Telephone Field,recover-20221013,001,1795
151.4225,151.4307,25468,34112,Eptesicus serotinus,0.007,0.023,-1,Echolocation,/mnt/ubna_data_02_mir/recover-20221013/UBNA_001/20221012_030000.WAV,Telephone Field,recover-20221013,001,1795
151.4475,151.484,68437,81640,Rhinolophus ferrumequinum,0.021,0.021,-1,Echolocation,/mnt/ubna_data_02_mir/recover-20221013/UBNA_001/20221012_030000.WAV,Telephone Field,recover-20221013,001,1795
151.4655,151.4771,23750,29469,Nyctalus leisleri,0.012,0.027,-1,Echolocation,/mnt/ubna_data_02_mir/recover-20221013/UBNA_001/20221012_030000.WAV,Telephone Field,recover-20221013,001,1795
151.4945,151.5041,25468,33706,Nyctalus leisleri,0.008,0.027,-1,Echolocation,/mnt/ubna_data_02_mir/recover-20221013/UBNA_001/20221012_030000.WAV,Telephone Field,recover-20221013,001,1795
151.4945,151.5307,68437,81914,Rhinolophus ferrumequinum,0.021,0.021,-1,Echolocation,/mnt/ubna_data_02_mir/recover-20221013/UBNA_001/20221012_030000.WAV,Telephone Field,recover-20221013,001,1795
151.5115,151.5205,28046,38091,Eptesicus serotinus,0.008,0.021,-1,Echolocation,/mnt/ubna_data_02_mir/recover-20221013/UBNA_001/20221012_030000.WAV,Telephone Field,recover-20221013,001,1795
151.5415,151.5806,68437,81692,Rhinolophus ferrumequinum,0.022,0.022,-1,Echolocation,/mnt/ubna_data_02_mir/recover-20221013/UBNA_001/20221012_030000.WAV,Telephone Field,recover-20221013,001,1795
151.5455,151.5609,32343,37383,Pipistrellus nathusii,0.017,0.053,-1,Echolocation,/mnt/ubna_data_02_mir/recover-20221013/UBNA_001/20221012_030000.WAV,Telephone Field,recover-20221013,001,1795
151.5625,151.5991,68437,81844,Rhinolophus ferrumequinum,0.022,0.022,-1,Echolocation,/mnt/ubna_data_02_mir/recover-20221013/UBNA_001/20221012_030000.WAV,Telephone Field,recover-20221013,001,1795
151.5825,151.6215,68437,82559,Rhinolophus ferrumequinum,0.032,0.032,-1,Echolocation,/mnt/ubna_data_02_mir/recover-20221013/UBNA_001/20221012_030000.WAV,Telephone Field,recover-20221013,001,1795
151.5925,151.5993,28046,39516,Eptesicus serotinus,0.007,0.026,-1,Echolocation,/mnt/ubna_data_02_mir/recover-20221013/UBNA_001/20221012_030000.WAV,Telephone Field,recover-20221013,001,1795
151.6145,151.6258,28906,34611,Eptesicus serotinus,0.015,0.029,-1,Echolocation,/mnt/ubna_data_02_mir/recover-20221013/UBNA_001/20221012_030000.WAV,Telephone Field,recover-20221013,001,1795
151.6205,151.6415,18593,21987,Nyctalus noctula,0.023,0.041,-1,Echolocation,/mnt/ubna_data_02_mir/recover-20221013/UBNA_001/20221012_030000.WAV,Telephone Field,recover-20221013,001,1795
151.6295,151.6638,68437,81889,Rhinolophus ferrumequinum,0.021,0.021,-1,Echolocation,/mnt/ubna_data_02_mir/recover-20221013/UBNA_001/20221012_030000.WAV,Telephone Field,recover-20221013,001,1795
151.6525,151.6922,68437,82891,Rhinolophus ferrumequinum,0.023,0.023,-1,Echolocation,/mnt/ubna_data_02_mir/recover-20221013/UBNA_001/20221012_030000.WAV,Telephone Field,recover-20221013,001,1795
151.6755,151.6831,50390,55397,Pipistrellus pipistrellus,0.029,0.031,-1,Echolocation,/mnt/ubna_data_02_mir/recover-20221013/UBNA_001/20221012_030000.WAV,Telephone Field,recover-20221013,001,1795
151.6805,151.7166,68437,81634,Rhinolophus ferrumequinum,0.021,0.021,-1,Echolocation,/mnt/ubna_data_02_mir/recover-20221013/UBNA_001/20221012_030000.WAV,Telephone Field,recover-20221013,001,1795
151.7015,151.7425,68437,82518,Rhinolophus ferrumequinum,0.025,0.025,-1,Echolocation,/mnt/ubna_data_02_mir/recover-20221013/UBNA_001/20221012_030000.WAV,Telephone Field,recover-20221013,001,1795
151.7045,151.7131,28046,38418,Eptesicus serotinus,0.009,0.025,-1,Echolocation,/mnt/ubna_data_02_mir/recover-20221013/UBNA_001/20221012_030000.WAV,Telephone Field,recover-20221013,001,1795
151.7185,151.7591,68437,82761,Rhinolophus ferrumequinum,0.021,0.021,-1,Echolocation,/mnt/ubna_data_02_mir/recover-20221013/UBNA_001/20221012_030000.WAV,Telephone Field,recover-20221013,001,1795
151.7575,151.7953,68437,81848,Rhinolophus ferrumequinum,0.024,0.024,-1,Echolocation,/mnt/ubna_data_02_mir/recover-20221013/UBNA_001/20221012_030000.WAV,Telephone Field,recover-20221013,001,1795
151.7765,151.8172,68437,82543,Rhinolophus ferrumequinum,0.021,0.021,-1,Echolocation,/mnt/ubna_data_02_mir/recover-20221013/UBNA_001/20221012_030000.WAV,Telephone Field,recover-20221013,001,1795
151.7925,151.8336,68437,82647,Rhinolophus ferrumequinum,0.024,0.024,-1,Echolocation,/mnt/ubna_data_02_mir/recover-20221013/UBNA_001/20221012_030000.WAV,Telephone Field,recover-20221013,001,1795
151.8035,151.8416,68437,81931,Rhinolophus ferrumequinum,0.022,0.022,-1,Echolocation,/mnt/ubna_data_02_mir/recover-20221013/UBNA_001/20221012_030000.WAV,Telephone Field,recover-20221013,001,1795
151.8055,151.8137,23750,31468,Plecotus austriacus,0.007,0.021,-1,Echolocation,/mnt/ubna_data_02_mir/recover-20221013/UBNA_001/20221012_030000.WAV,Telephone Field,recover-20221013,001,1795
151.8115,151.8522,68437,82340,Rhinolophus ferrumequinum,0.023,0.023,-1,Echolocation,/mnt/ubna_data_02_mir/recover-20221013/UBNA_001/20221012_030000.WAV,Telephone Field,recover-20221013,001,1795
151.8175,151.857,68437,81699,Rhinolophus ferrumequinum,0.023,0.024,-1,Echolocation,/mnt/ubna_data_02_mir/recover-20221013/UBNA_001/20221012_030000.WAV,Telephone Field,recover-20221013,001,1795
151.8335,151.8675,68437,79783,Rhinolophus ferrumequinum,0.029,0.03,-1,Echolocation,/mnt/ubna_data_02_mir/recover-20221013/UBNA_001/20221012_030000.WAV,Telephone Field,recover-20221013,001,1795
151.8865,151.9025,22031,25915,Nyctalus leisleri,0.015,0.025,-1,Echolocation,/mnt/ubna_data_02_mir/recover-20221013/UBNA_001/20221012_030000.WAV,Telephone Field,recover-20221013,001,1795
151.8865,151.9281,68437,82478,Rhinolophus ferrumequinum,0.041,0.041,-1,Echolocation,/mnt/ubna_data_02_mir/recover-20221013/UBNA_001/20221012_030000.WAV,Telephone Field,recover-20221013,001,1795
151.9005,151.9116,23750,29500,Nyctalus leisleri,0.011,0.027,-1,Echolocation,/mnt/ubna_data_02_mir/recover-20221013/UBNA_001/20221012_030000.WAV,Telephone Field,recover-20221013,001,1795
151.9625,151.9707,28046,39085,Eptesicus serotinus,0.007,0.021,-1,Echolocation,/mnt/ubna_data_02_mir/recover-20221013/UBNA_001/20221012_030000.WAV,Telephone Field,recover-20221013,001,1795
151.9835,151.9916,26328,36520,Eptesicus serotinus,0.01,0.027,-1,Echolocation,/mnt/ubna_data_02_mir/recover-20221013/UBNA_001/20221012_030000.WAV,Telephone Field,recover-20221013,001,1795
152.0015,152.0395,68437,80237,Rhinolophus ferrumequinum,0.057,0.057,-1,Echolocation,/mnt/ubna_data_02_mir/recover-20221013/UBNA_001/20221012_030000.WAV,Telephone Field,recover-20221013,001,1795
152.0015,152.015,20312,24496,Nyctalus leisleri,0.014,0.027,-1,Echolocation,/mnt/ubna_data_02_mir/recover-20221013/UBNA_001/20221012_030000.WAV,Telephone Field,recover-20221013,001,1795
152.0075,152.0551,68437,83339,Rhinolophus ferrumequinum,0.033,0.033,-1,Echolocation,/mnt/ubna_data_02_mir/recover-20221013/UBNA_001/20221012_030000.WAV,Telephone Field,recover-20221013,001,1795
152.0275,152.0343,25468,35300,Plecotus austriacus,0.006,0.023,-1,Echolocation,/mnt/ubna_data_02_mir/recover-20221013/UBNA_001/20221012_030000.WAV,Telephone Field,recover-20221013,001,1795
152.0345,152.0452,22890,27227,Nyctalus leisleri,0.012,0.023,-1,Echolocation,/mnt/ubna_data_02_mir/recover-20221013/UBNA_001/20221012_030000.WAV,Telephone Field,recover-20221013,001,1795
152.0555,152.0938,68437,82529,Rhinolophus ferrumequinum,0.023,0.023,-1,Echolocation,/mnt/ubna_data_02_mir/recover-20221013/UBNA_001/20221012_030000.WAV,Telephone Field,recover-20221013,001,1795
152.0825,152.1247,68437,82435,Rhinolophus ferrumequinum,0.025,0.025,-1,Echolocation,/mnt/ubna_data_02_mir/recover-20221013/UBNA_001/20221012_030000.WAV,Telephone Field,recover-20221013,001,1795
152.0855,152.0956,57265,62367,Pipistrellus pygmaeus,0.025,0.026,-1,Echolocation,/mnt/ubna_data_02_mir/recover-20221013/UBNA_001/20221012_030000.WAV,Telephone Field,recover-20221013,001,1795
152.0915,152.0987,28906,41790,Eptesicus serotinus,0.007,0.024,-1,Echolocation,/mnt/ubna_data_02_mir/recover-20221013/UBNA_001/20221012_030000.WAV,Telephone Field,recover-20221013,001,1795
152.1155,152.1568,68437,82670,Rhinolophus ferrumequinum,0.022,0.022,-1,Echolocation,/mnt/ubna_data_02_mir/recover-20221013/UBNA_001/20221012_030000.WAV,Telephone Field,recover-20221013,001,1795
152.1205,152.1305,28046,39079,Eptesicus serotinus,0.01,0.023,-1,Echolocation,/mnt/ubna_data_02_mir/recover-20221013/UBNA_001/20221012_030000.WAV,Telephone Field,recover-20221013,001,1795
152.1415,152.151,23750,31031,Nyctalus leisleri,0.007,0.022,-1,Echolocation,/mnt/ubna_data_02_mir/recover-20221013/UBNA_001/20221012_030000.WAV,Telephone Field,recover-20221013,001,1795
152.1435,152.151,29765,40788,Eptesicus serotinus,0.006,0.022,-1,Echolocation,/mnt/ubna_data_02_mir/recover-20221013/UBNA_001/20221012_030000.WAV,Telephone Field,recover-20221013,001,1795
152.1595,152.19819999999999,68437,82195,Rhinolophus ferrumequinum,0.022,0.022,-1,Echolocation,/mnt/ubna_data_02_mir/recover-20221013/UBNA_001/20221012_030000.WAV,Telephone Field,recover-20221013,001,1795
152.1755,152.1905,22031,25474,Nyctalus leisleri,0.015,0.025,-1,Echolocation,/mnt/ubna_data_02_mir/recover-20221013/UBNA_001/20221012_030000.WAV,Telephone Field,recover-20221013,001,1795
152.1895,152.1958,51250,55983,Pipistrellus pipistrellus,0.023,0.025,-1,Echolocation,/mnt/ubna_data_02_mir/recover-20221013/UBNA_001/20221012_030000.WAV,Telephone Field,recover-20221013,001,1795
152.2285,152.2695,68437,82459,Rhinolophus ferrumequinum,0.024,0.024,-1,Echolocation,/mnt/ubna_data_02_mir/recover-20221013/UBNA_001/20221012_030000.WAV,Telephone Field,recover-20221013,001,1795
152.2435,152.2532,23750,30505,Nyctalus leisleri,0.007,0.022,-1,Echolocation,/mnt/ubna_data_02_mir/recover-20221013/UBNA_001/20221012_030000.WAV,Telephone Field,recover-20221013,001,1795
152.2495,152.2602,23750,29461,Nyctalus leisleri,0.01,0.024,-1,Echolocation,/mnt/ubna_data_02_mir/recover-20221013/UBNA_001/20221012_030000.WAV,Telephone Field,recover-20221013,001,1795
152.2605,152.2965,68437,81184,Rhinolophus ferrumequinum,0.022,0.022,-1,Echolocation,/mnt/ubna_data_02_mir/recover-20221013/UBNA_001/20221012_030000.WAV,Telephone Field,recover-20221013,001,1795
152.2825,152.3205,68437,81925,Rhinolophus ferrumequinum,0.022,0.022,-1,Echolocation,/mnt/ubna_data_02_mir/recover-20221013/UBNA_001/20221012_030000.WAV,Telephone Field,recover-20221013,001,1795
152.3165,152.3255,27187,37698,Eptesicus serotinus,0.008,0.022,-1,Echolocation,/mnt/ubna_data_02_mir/recover-20221013/UBNA_001/20221012_030000.WAV,Telephone Field,recover-20221013,001,1795
152.3525,152.3911,68437,82192,Rhinolophus ferrumequinum,0.022,0.022,-1,Echolocation,/mnt/ubna_data_02_mir/recover-20221013/UBNA_001/20221012_030000.WAV,Telephone Field,recover-20221013,001,1795
152.3525,152.3601,28046,39365,Eptesicus serotinus,0.008,0.023,-1,Echolocation,/mnt/ubna_data_02_mir/recover-20221013/UBNA_001/20221012_030000.WAV,Telephone Field,recover-20221013,001,1795
152.3665,152.4063,68437,82115,Rhinolophus ferrumequinum,0.021,0.021,-1,Echolocation,/mnt/ubna_data_02_mir/recover-20221013/UBNA_001/20221012_030000.WAV,Telephone Field,recover-20221013,001,1795
152.4025,152.4447,68437,82981,Rhinolophus ferrumequinum,0.024,0.024,-1,Echolocation,/mnt/ubna_data_02_mir/recover-20221013/UBNA_001/20221012_030000.WAV,Telephone Field,recover-20221013,001,1795
152.4185,152.458,68437,82338,Rhinolophus ferrumequinum,0.024,0.024,-1,Echolocation,/mnt/ubna_data_02_mir/recover-20221013/UBNA_001/20221012_030000.WAV,Telephone Field,recover-20221013,001,1795
152.4625,152.4698,28046,40881,Eptesicus serotinus,0.007,0.022,-1,Echolocation,/mnt/ubna_data_02_mir/recover-20221013/UBNA_001/20221012_030000.WAV,Telephone Field,recover-20221013,001,1795
152.4635,152.5004,68437,81973,Rhinolophus ferrumequinum,0.022,0.022,-1,Echolocation,/mnt/ubna_data_02_mir/recover-20221013/UBNA_001/20221012_030000.WAV,Telephone Field,recover-20221013,001,1795
152.4755,152.5143,68437,82429,Rhinolophus ferrumequinum,0.022,0.022,-1,Echolocation,/mnt/ubna_data_02_mir/recover-20221013/UBNA_001/20221012_030000.WAV,Telephone Field,recover-20221013,001,1795
152.4815,152.4912,28046,35822,Eptesicus serotinus,0.012,0.025,-1,Echolocation,/mnt/ubna_data_02_mir/recover-20221013/UBNA_001/20221012_030000.WAV,Telephone Field,recover-20221013,001,1795
152.5235,152.5303,46093,53236,Pipistrellus pipistrellus,0.027,0.028,-1,Echolocation,/mnt/ubna_data_02_mir/recover-20221013/UBNA_001/20221012_030000.WAV,Telephone Field,recover-20221013,001,1795
152.5255,152.5634,68437,81927,Rhinolophus ferrumequinum,0.025,0.025,-1,Echolocation,/mnt/ubna_data_02_mir/recover-20221013/UBNA_001/20221012_030000.WAV,Telephone Field,recover-20221013,001,1795
152.5355,152.5455,22890,29301,Nyctalus leisleri,0.007,0.021,-1,Echolocation,/mnt/ubna_data_02_mir/recover-20221013/UBNA_001/20221012_030000.WAV,Telephone Field,recover-20221013,001,1795
152.5475,152.5552,28906,39056,Eptesicus serotinus,0.009,0.026,-1,Echolocation,/mnt/ubna_data_02_mir/recover-20221013/UBNA_001/20221012_030000.WAV,Telephone Field,recover-20221013,001,1795
152.5645,152.6066,68437,82768,Rhinolophus ferrumequinum,0.024,0.024,-1,Echolocation,/mnt/ubna_data_02_mir/recover-20221013/UBNA_001/20221012_030000.WAV,Telephone Field,recover-20221013,001,1795
152.6175,152.6582,68437,82599,Rhinolophus ferrumequinum,0.023,0.023,-1,Echolocation,/mnt/ubna_data_02_mir/recover-20221013/UBNA_001/20221012_030000.WAV,Telephone Field,recover-20221013,001,1795
152.6255,152.667,68437,82348,Rhinolophus ferrumequinum,0.022,0.022,-1,Echolocation,/mnt/ubna_data_02_mir/recover-20221013/UBNA_001/20221012_030000.WAV,Telephone Field,recover-20221013,001,1795
152.6285,152.6367,28906,38612,Eptesicus serotinus,0.007,0.021,-1,Echolocation,/mnt/ubna_data_02_mir/recover-20221013/UBNA_001/20221012_030000.WAV,Telephone Field,recover-20221013,001,1795
152.6355,152.6438,28906,39188,Eptesicus serotinus,0.008,0.021,-1,Echolocation,/mnt/ubna_data_02_mir/recover-20221013/UBNA_001/20221012_030000.WAV,Telephone Field,recover-20221013,001,1795
152.6585,152.6957,68437,81763,Rhinolophus ferrumequinum,0.022,0.022,-1,Echolocation,/mnt/ubna_data_02_mir/recover-20221013/UBNA_001/20221012_030000.WAV,Telephone Field,recover-20221013,001,1795
152.6855,152.7257,68437,82225,Rhinolophus ferrumequinum,0.025,0.025,-1,Echolocation,/mnt/ubna_data_02_mir/recover-20221013/UBNA_001/20221012_030000.WAV,Telephone Field,recover-20221013,001,1795
152.7095,152.7465,68437,82146,Rhinolophus ferrumequinum,0.022,0.022,-1,Echolocation,/mnt/ubna_data_02_mir/recover-20221013/UBNA_001/20221012_030000.WAV,Telephone Field,recover-20221013,001,1795
152.7265,152.7679,68437,82549,Rhinolophus ferrumequinum,0.027,0.027,-1,Echolocation,/mnt/ubna_data_02_mir/recover-20221013/UBNA_001/20221012_030000.WAV,Telephone Field,recover-20221013,001,1795
152.7415,152.7513,44375,47342,Pipistrellus pipistrellus,0.041,0.045,-1,Echolocation,/mnt/ubna_data_02_mir/recover-20221013/UBNA_001/20221012_030000.WAV,Telephone Field,recover-20221013,001,1795
152.7425,152.7787,68437,81897,Rhinolophus ferrumequinum,0.023,0.023,-1,Echolocation,/mnt/ubna_data_02_mir/recover-20221013/UBNA_001/20221012_030000.WAV,Telephone Field,recover-20221013,001,1795
152.7745,152.8138,68437,82076,Rhinolophus ferrumequinum,0.022,0.022,-1,Echolocation,/mnt/ubna_data_02_mir/recover-20221013/UBNA_001/20221012_030000.WAV,Telephone Field,recover-20221013,001,1795
152.8945,152.9327,68437,81918,Rhinolophus ferrumequinum,0.023,0.023,-1,Echolocation,/mnt/ubna_data_02_mir/recover-20221013/UBNA_001/20221012_030000.WAV,Telephone Field,recover-20221013,001,1795
152.9355,152.9435,29765,39785,Eptesicus serotinus,0.008,0.024,-1,Echolocation,/mnt/ubna_data_02_mir/recover-20221013/UBNA_001/20221012_030000.WAV,Telephone Field,recover-20221013,001,1795
152.9455,152.95420000000001,26328,34202,Eptesicus serotinus,0.01,0.026,-1,Echolocation,/mnt/ubna_data_02_mir/recover-20221013/UBNA_001/20221012_030000.WAV,Telephone Field,recover-20221013,001,1795
152.9705,152.9781,28906,41704,Eptesicus serotinus,0.006,0.021,-1,Echolocation,/mnt/ubna_data_02_mir/recover-20221013/UBNA_001/20221012_030000.WAV,Telephone Field,recover-20221013,001,1795
152.9875,153.0221,68437,81126,Rhinolophus ferrumequinum,0.026,0.026,-1,Echolocation,/mnt/ubna_data_02_mir/recover-20221013/UBNA_001/20221012_030000.WAV,Telephone Field,recover-20221013,001,1795
153.0005,153.0362,68437,81615,Rhinolophus ferrumequinum,0.024,0.024,-1,Echolocation,/mnt/ubna_data_02_mir/recover-20221013/UBNA_001/20221012_030000.WAV,Telephone Field,recover-20221013,001,1795
153.0095,153.0497,68437,82449,Rhinolophus ferrumequinum,0.021,0.021,-1,Echolocation,/mnt/ubna_data_02_mir/recover-20221013/UBNA_001/20221012_030000.WAV,Telephone Field,recover-20221013,001,1795
153.0485,153.0893,68437,82917,Rhinolophus ferrumequinum,0.028,0.028,-1,Echolocation,/mnt/ubna_data_02_mir/recover-20221013/UBNA_001/20221012_030000.WAV,Telephone Field,recover-20221013,001,1795
153.0675,153.1071,68437,82571,Rhinolophus ferrumequinum,0.023,0.023,-1,Echolocation,/mnt/ubna_data_02_mir/recover-20221013/UBNA_001/20221012_030000.WAV,Telephone Field,recover-20221013,001,1795
153.0715,153.0787,23750,32228,Plecotus austriacus,0.011,0.028,-1,Echolocation,/mnt/ubna_data_02_mir/recover-20221013/UBNA_001/20221012_030000.WAV,Telephone Field,recover-20221013,001,1795
153.1105,153.1197,29765,38042,Eptesicus serotinus,0.008,0.022,-1,Echolocation,/mnt/ubna_data_02_mir/recover-20221013/UBNA_001/20221012_030000.WAV,Telephone Field,recover-20221013,001,1795
153.1685,153.1809,22890,27715,Nyctalus leisleri,0.013,0.026,-1,Echolocation,/mnt/ubna_data_02_mir/recover-20221013/UBNA_001/20221012_030000.WAV,Telephone Field,recover-20221013,001,1795
153.1735,153.2172,68437,83097,Rhinolophus ferrumequinum,0.022,0.022,-1,Echolocation,/mnt/ubna_data_02_mir/recover-20221013/UBNA_001/20221012_030000.WAV,Telephone Field,recover-20221013,001,1795
153.2075,153.2152,28046,38849,Eptesicus serotinus,0.009,0.024,-1,Echolocation,/mnt/ubna_data_02_mir/recover-20221013/UBNA_001/20221012_030000.WAV,Telephone Field,recover-20221013,001,1795
153.2115,153.2497,68437,82361,Rhinolophus ferrumequinum,0.022,0.022,-1,Echolocation,/mnt/ubna_data_02_mir/recover-20221013/UBNA_001/20221012_030000.WAV,Telephone Field,recover-20221013,001,1795
153.2365,153.2758,68437,82342,Rhinolophus ferrumequinum,0.022,0.022,-1,Echolocation,/mnt/ubna_data_02_mir/recover-20221013/UBNA_001/20221012_030000.WAV,Telephone Field,recover-20221013,001,1795
153.2505,153.2963,68437,83050,Rhinolophus ferrumequinum,0.024,0.024,-1,Echolocation,/mnt/ubna_data_02_mir/recover-20221013/UBNA_001/20221012_030000.WAV,Telephone Field,recover-20221013,001,1795
153.2555,153.2991,68437,83321,Rhinolophus ferrumequinum,0.025,0.025,-1,Echolocation,/mnt/ubna_data_02_mir/recover-20221013/UBNA_001/20221012_030000.WAV,Telephone Field,recover-20221013,001,1795
153.2865,153.295,55546,59514,Pipistrellus pygmaeus,0.021,0.023,-1,Echolocation,/mnt/ubna_data_02_mir/recover-20221013/UBNA_001/20221012_030000.WAV,Telephone Field,recover-20221013,001,1795
153.2985,153.309,28906,36522,Eptesicus serotinus,0.01,0.021,-1,Echolocation,/mnt/ubna_data_02_mir/recover-20221013/UBNA_001/20221012_030000.WAV,Telephone Field,recover-20221013,001,1795
153.2995,153.3399,68437,82639,Rhinolophus ferrumequinum,0.032,0.032,-1,Echolocation,/mnt/ubna_data_02_mir/recover-20221013/UBNA_001/20221012_030000.WAV,Telephone Field,recover-20221013,001,1795
153.3125,153.32319999999999,14296,19804,Nyctalus noctula,0.022,0.037,-1,Echolocation,/mnt/ubna_data_02_mir/recover-20221013/UBNA_001/20221012_030000.WAV,Telephone Field,recover-20221013,001,1795
153.3445,153.3838,68437,82126,Rhinolophus ferrumequinum,0.024,0.024,-1,Echolocation,/mnt/ubna_data_02_mir/recover-20221013/UBNA_001/20221012_030000.WAV,Telephone Field,recover-20221013,001,1795
153.3645,153.3734,28906,39250,Eptesicus serotinus,0.009,0.023,-1,Echolocation,/mnt/ubna_data_02_mir/recover-20221013/UBNA_001/20221012_030000.WAV,Telephone Field,recover-20221013,001,1795
153.3905,153.4306,68437,82646,Rhinolophus ferrumequinum,0.024,0.024,-1,Echolocation,/mnt/ubna_data_02_mir/recover-20221013/UBNA_001/20221012_030000.WAV,Telephone Field,recover-20221013,001,1795
153.3975,153.4363,68437,83040,Rhinolophus ferrumequinum,0.026,0.026,-1,Echolocation,/mnt/ubna_data_02_mir/recover-20221013/UBNA_001/20221012_030000.WAV,Telephone Field,recover-20221013,001,1795
153.4185,153.4574,68437,82596,Rhinolophus ferrumequinum,0.033,0.033,-1,Echolocation,/mnt/ubna_data_02_mir/recover-20221013/UBNA_001/20221012_030000.WAV,Telephone Field,recover-20221013,001,1795
153.4235,153.4317,28906,39124,Eptesicus serotinus,0.009,0.026,-1,Echolocation,/mnt/ubna_data_02_mir/recover-20221013/UBNA_001/20221012_030000.WAV,Telephone Field,recover-20221013,001,1795
153.4405,153.4765,68437,81652,Rhinolophus ferrumequinum,0.021,0.021,-1,Echolocation,/mnt/ubna_data_02_mir/recover-20221013/UBNA_001/20221012_030000.WAV,Telephone Field,recover-20221013,001,1795
153.4505,153.4638,24609,30287,Nyctalus leisleri,0.014,0.03,-1,Echolocation,/mnt/ubna_data_02_mir/recover-20221013/UBNA_001/20221012_030000.WAV,Telephone Field,recover-20221013,001,1795
153.4675,153.508,68437,82369,Rhinolophus ferrumequinum,0.021,0.021,-1,Echolocation,/mnt/ubna_data_02_mir/recover-20221013/UBNA_001/20221012_030000.WAV,Telephone Field,recover-20221013,001,1795
153.5005,153.5108,22890,27601,Nyctalus leisleri,0.01,0.022,-1,Echolocation,/mnt/ubna_data_02_mir/recover-20221013/UBNA_001/20221012_030000.WAV,Telephone Field,recover-20221013,001,1795
153.5355,153.5728,68437,82077,Rhinolophus ferrumequinum,0.031,0.031,-1,Echolocation,/mnt/ubna_data_02_mir/recover-20221013/UBNA_001/20221012_030000.WAV,Telephone Field,recover-20221013,001,1795
153.5515,153.5877,68437,81052,Rhinolophus ferrumequinum,0.022,0.022,-1,Echolocation,/mnt/ubna_data_02_mir/recover-20221013/UBNA_001/20221012_030000.WAV,Telephone Field,recover-20221013,001,1795
153.5515,153.5599,26328,34671,Eptesicus serotinus,0.008,0.022,-1,Echolocation,/mnt/ubna_data_02_mir/recover-20221013/UBNA_001/20221012_030000.WAV,Telephone Field,recover-20221013,001,1795
153.5675,153.6077,68437,82520,Rhinolophus ferrumequinum,0.022,0.022,-1,Echolocation,/mnt/ubna_data_02_mir/recover-20221013/UBNA_001/20221012_030000.WAV,Telephone Field,recover-20221013,001,1795
153.6265,153.6644,68437,81830,Rhinolophus ferrumequinum,0.022,0.022,-1,Echolocation,/mnt/ubna_data_02_mir/recover-20221013/UBNA_001/20221012_030000.WAV,Telephone Field,recover-20221013,001,1795
153.6515,153.6877,68437,82293,Rhinolophus ferrumequinum,0.022,0.022,-1,Echolocation,/mnt/ubna_data_02_mir/recover-20221013/UBNA_001/20221012_030000.WAV,Telephone Field,recover-20221013,001,1795
153.6585,153.6967,68437,82026,Rhinolophus ferrumequinum,0.021,0.021,-1,Echolocation,/mnt/ubna_data_02_mir/recover-20221013/UBNA_001/20221012_030000.WAV,Telephone Field,recover-20221013,001,1795
153.6945,153.7321,68437,81802,Rhinolophus ferrumequinum,0.025,0.025,-1,Echolocation,/mnt/ubna_data_02_mir/recover-20221013/UBNA_001/20221012_030000.WAV,Telephone Field,recover-20221013,001,1795
153.7065,153.7149,28046,39272,Eptesicus serotinus,0.007,0.021,-1,Echolocation,/mnt/ubna_data_02_mir/recover-20221013/UBNA_001/20221012_030000.WAV,Telephone Field,recover-20221013,001,1795
153.7445,153.7852,68437,82738,Rhinolophus ferrumequinum,0.022,0.022,-1,Echolocation,/mnt/ubna_data_02_mir/recover-20221013/UBNA_001/20221012_030000.WAV,Telephone Field,recover-20221013,001,1795
153.7465,153.7564,23750,29920,Nyctalus leisleri,0.01,0.027,-1,Echolocation,/mnt/ubna_data_02_mir/recover-20221013/UBNA_001/20221012_030000.WAV,Telephone Field,recover-20221013,001,1795
153.7645,153.8045,68437,82268,Rhinolophus ferrumequinum,0.03,0.03,-1,Echolocation,/mnt/ubna_data_02_mir/recover-20221013/UBNA_001/20221012_030000.WAV,Telephone Field,recover-20221013,001,1795
153.8215,153.8612,68437,81866,Rhinolophus ferrumequinum,0.025,0.025,-1,Echolocation,/mnt/ubna_data_02_mir/recover-20221013/UBNA_001/20221012_030000.WAV,Telephone Field,recover-20221013,001,1795
153.8245,153.835,22890,29093,Nyctalus leisleri,0.014,0.04,-1,Echolocation,/mnt/ubna_data_02_mir/recover-20221013/UBNA_001/20221012_030000.WAV,Telephone Field,recover-20221013,001,1795
153.8425,153.8815,68437,82007,Rhinolophus ferrumequinum,0.032,0.032,-1,Echolocation,/mnt/ubna_data_02_mir/recover-20221013/UBNA_001/20221012_030000.WAV,Telephone Field,recover-20221013,001,1795
153.8625,153.8699,27187,41066,Eptesicus serotinus,0.006,0.021,-1,Echolocation,/mnt/ubna_data_02_mir/recover-20221013/UBNA_001/20221012_030000.WAV,Telephone Field,recover-20221013,001,1795
153.8865,153.8943,27187,38743,Eptesicus serotinus,0.007,0.021,-1,Echolocation,/mnt/ubna_data_02_mir/recover-20221013/UBNA_001/20221012_030000.WAV,Telephone Field,recover-20221013,001,1795
153.8965,153.9064,26328,34883,Eptesicus serotinus,0.01,0.022,-1,Echolocation,/mnt/ubna_data_02_mir/recover-20221013/UBNA_001/20221012_030000.WAV,Telephone Field,recover-20221013,001,1795
153.9195,153.9589,68437,81939,Rhinolophus ferrumequinum,0.024,0.024,-1,Echolocation,/mnt/ubna_data_02_mir/recover-20221013/UBNA_001/20221012_030000.WAV,Telephone Field,recover-20221013,001,1795
153.9825,153.9911,28046,38933,Eptesicus serotinus,0.009,0.026,-1,Echolocation,/mnt/ubna_data_02_mir/recover-20221013/UBNA_001/20221012_030000.WAV,Telephone Field,recover-20221013,001,1795
154.0015,154.0327,69296,81447,Rhinolophus ferrumequinum,0.056,0.056,-1,Echolocation,/mnt/ubna_data_02_mir/recover-20221013/UBNA_001/20221012_030000.WAV,Telephone Field,recover-20221013,001,1795
154.0015,154.0098,26328,37542,Eptesicus serotinus,0.007,0.027,-1,Echolocation,/mnt/ubna_data_02_mir/recover-20221013/UBNA_001/20221012_030000.WAV,Telephone Field,recover-20221013,001,1795
154.0015,154.0102,21171,26924,Nyctalus leisleri,0.009,0.026,-1,Echolocation,/mnt/ubna_data_02_mir/recover-20221013/UBNA_001/20221012_030000.WAV,Telephone Field,recover-20221013,001,1795
154.0585,154.0982,68437,82298,Rhinolophus ferrumequinum,0.022,0.023,-1,Echolocation,/mnt/ubna_data_02_mir/recover-20221013/UBNA_001/20221012_030000.WAV,Telephone Field,recover-20221013,001,1795
154.0895,154.127,68437,82645,Rhinolophus ferrumequinum,0.029,0.029,-1,Echolocation,/mnt/ubna_data_02_mir/recover-20221013/UBNA_001/20221012_030000.WAV,Telephone Field,recover-20221013,001,1795
154.1295,154.1662,68437,81552,Rhinolophus ferrumequinum,0.022,0.022,-1,Echolocation,/mnt/ubna_data_02_mir/recover-20221013/UBNA_001/20221012_030000.WAV,Telephone Field,recover-20221013,001,1795
154.1435,154.1566,22031,25863,Nyctalus leisleri,0.012,0.021,-1,Echolocation,/mnt/ubna_data_02_mir/recover-20221013/UBNA_001/20221012_030000.WAV,Telephone Field,recover-20221013,001,1795
154.1675,154.2048,68437,82066,Rhinolophus ferrumequinum,0.024,0.024,-1,Echolocation,/mnt/ubna_data_02_mir/recover-20221013/UBNA_001/20221012_030000.WAV,Telephone Field,recover-20221013,001,1795
154.1715,154.1872,23750,28879,Nyctalus leisleri,0.011,0.022,-1,Echolocation,/mnt/ubna_data_02_mir/recover-20221013/UBNA_001/20221012_030000.WAV,Telephone Field,recover-20221013,001,1795
154.1775,154.2182,68437,82762,Rhinolophus ferrumequinum,0.027,0.027,-1,Echolocation,/mnt/ubna_data_02_mir/recover-20221013/UBNA_001/20221012_030000.WAV,Telephone Field,recover-20221013,001,1795
154.1775,154.1895,23750,28679,Nyctalus leisleri,0.01,0.021,-1,Echolocation,/mnt/ubna_data_02_mir/recover-20221013/UBNA_001/20221012_030000.WAV,Telephone Field,recover-20221013,001,1795
154.1985,154.2386,68437,81697,Rhinolophus ferrumequinum,0.024,0.024,-1,Echolocation,/mnt/ubna_data_02_mir/recover-20221013/UBNA_001/20221012_030000.WAV,Telephone Field,recover-20221013,001,1795
154.1985,154.2087,28046,36282,Eptesicus serotinus,0.009,0.022,-1,Echolocation,/mnt/ubna_data_02_mir/recover-20221013/UBNA_001/20221012_030000.WAV,Telephone Field,recover-20221013,001,1795
154.2055,154.2478,68437,82874,Rhinolophus ferrumequinum,0.026,0.026,-1,Echolocation,/mnt/ubna_data_02_mir/recover-20221013/UBNA_001/20221012_030000.WAV,Telephone Field,recover-20221013,001,1795
154.2715,154.3114,68437,82282,Rhinolophus ferrumequinum,0.021,0.021,-1,Echolocation,/mnt/ubna_data_02_mir/recover-20221013/UBNA_001/20221012_030000.WAV,Telephone Field,recover-20221013,001,1795
154.2815,154.32150000000001,68437,81951,Rhinolophus ferrumequinum,0.021,0.021,-1,Echolocation,/mnt/ubna_data_02_mir/recover-20221013/UBNA_001/20221012_030000.WAV,Telephone Field,recover-20221013,001,1795
154.30349999999999,154.3395,68437,81496,Rhinolophus ferrumequinum,0.021,0.021,-1,Echolocation,/mnt/ubna_data_02_mir/recover-20221013/UBNA_001/20221012_030000.WAV,Telephone Field,recover-20221013,001,1795
154.3235,154.3306,27187,38465,Eptesicus serotinus,0.006,0.021,-1,Echolocation,/mnt/ubna_data_02_mir/recover-20221013/UBNA_001/20221012_030000.WAV,Telephone Field,recover-20221013,001,1795
154.3295,154.3374,58125,63519,Pipistrellus pygmaeus,0.021,0.022,-1,Echolocation,/mnt/ubna_data_02_mir/recover-20221013/UBNA_001/20221012_030000.WAV,Telephone Field,recover-20221013,001,1795
154.3345,154.375,68437,81989,Rhinolophus ferrumequinum,0.021,0.021,-1,Echolocation,/mnt/ubna_data_02_mir/recover-20221013/UBNA_001/20221012_030000.WAV,Telephone Field,recover-20221013,001,1795
154.3395,154.3768,68437,81546,Rhinolophus ferrumequinum,0.021,0.021,-1,Echolocation,/mnt/ubna_data_02_mir/recover-20221013/UBNA_001/20221012_030000.WAV,Telephone Field,recover-20221013,001,1795
154.3475,154.3574,24609,30933,Nyctalus leisleri,0.007,0.021,-1,Echolocation,/mnt/ubna_data_02_mir/recover-20221013/UBNA_001/20221012_030000.WAV,Telephone Field,recover-20221013,001,1795
154.3835,154.4222,68437,81778,Rhinolophus ferrumequinum,0.022,0.022,-1,Echolocation,/mnt/ubna_data_02_mir/recover-20221013/UBNA_001/20221012_030000.WAV,Telephone Field,recover-20221013,001,1795
154.4885,154.5288,68437,82742,Rhinolophus ferrumequinum,0.031,0.031,-1,Echolocation,/mnt/ubna_data_02_mir/recover-20221013/UBNA_001/20221012_030000.WAV,Telephone Field,recover-20221013,001,1795
154.4985,154.5073,27187,37379,Eptesicus serotinus,0.008,0.022,-1,Echolocation,/mnt/ubna_data_02_mir/recover-20221013/UBNA_001/20221012_030000.WAV,Telephone Field,recover-20221013,001,1795
154.5475,154.5591,22890,27552,Nyctalus leisleri,0.012,0.023,-1,Echolocation,/mnt/ubna_data_02_mir/recover-20221013/UBNA_001/20221012_030000.WAV,Telephone Field,recover-20221013,001,1795
154.5615,154.6043,68437,82867,Rhinolophus ferrumequinum,0.035,0.035,-1,Echolocation,/mnt/ubna_data_02_mir/recover-20221013/UBNA_001/20221012_030000.WAV,Telephone Field,recover-20221013,001,1795
154.5775,154.5848,28046,37466,Eptesicus serotinus,0.008,0.024,-1,Echolocation,/mnt/ubna_data_02_mir/recover-20221013/UBNA_001/20221012_030000.WAV,Telephone Field,recover-20221013,001,1795
154.6015,154.6415,68437,82660,Rhinolophus ferrumequinum,0.027,0.027,-1,Echolocation,/mnt/ubna_data_02_mir/recover-20221013/UBNA_001/20221012_030000.WAV,Telephone Field,recover-20221013,001,1795
154.6065,154.6135,28046,38454,Eptesicus serotinus,0.006,0.021,-1,Echolocation,/mnt/ubna_data_02_mir/recover-20221013/UBNA_001/20221012_030000.WAV,Telephone Field,recover-20221013,001,1795
154.6225,154.6619,68437,82383,Rhinolophus ferrumequinum,0.022,0.022,-1,Echolocation,/mnt/ubna_data_02_mir/recover-20221013/UBNA_001/20221012_030000.WAV,Telephone Field,recover-20221013,001,1795
154.6245,154.6324,26328,36447,Eptesicus serotinus,0.007,0.024,-1,Echolocation,/mnt/ubna_data_02_mir/recover-20221013/UBNA_001/20221012_030000.WAV,Telephone Field,recover-20221013,001,1795
154.6605,154.6971,68437,81633,Rhinolophus ferrumequinum,0.021,0.021,-1,Echolocation,/mnt/ubna_data_02_mir/recover-20221013/UBNA_001/20221012_030000.WAV,Telephone Field,recover-20221013,001,1795
154.6655,154.6736,28046,39295,Eptesicus serotinus,0.007,0.021,-1,Echolocation,/mnt/ubna_data_02_mir/recover-20221013/UBNA_001/20221012_030000.WAV,Telephone Field,recover-20221013,001,1795
154.7045,154.7448,68437,82938,Rhinolophus ferrumequinum,0.028,0.028,-1,Echolocation,/mnt/ubna_data_02_mir/recover-20221013/UBNA_001/20221012_030000.WAV,Telephone Field,recover-20221013,001,1795
154.7365,154.7427,25468,40930,Myotis nattereri,0.005,0.021,-1,Echolocation,/mnt/ubna_data_02_mir/recover-20221013/UBNA_001/20221012_030000.WAV,Telephone Field,recover-20221013,001,1795
154.7375,154.7752,68437,82485,Rhinolophus ferrumequinum,0.024,0.024,-1,Echolocation,/mnt/ubna_data_02_mir/recover-20221013/UBNA_001/20221012_030000.WAV,Telephone Field,recover-20221013,001,1795
154.7515,154.7617,51250,56167,Pipistrellus pipistrellus,0.018,0.025,-1,Echolocation,/mnt/ubna_data_02_mir/recover-20221013/UBNA_001/20221012_030000.WAV,Telephone Field,recover-20221013,001,1795
154.7565,154.7631,27187,42520,Eptesicus serotinus,0.006,0.023,-1,Echolocation,/mnt/ubna_data_02_mir/recover-20221013/UBNA_001/20221012_030000.WAV,Telephone Field,recover-20221013,001,1795
154.7605,154.7685,37500,45915,Myotis daubentonii,0.007,0.023,-1,Echolocation,/mnt/ubna_data_02_mir/recover-20221013/UBNA_001/20221012_030000.WAV,Telephone Field,recover-20221013,001,1795
154.7775,154.8152,68437,81823,Rhinolophus ferrumequinum,0.021,0.021,-1,Echolocation,/mnt/ubna_data_02_mir/recover-20221013/UBNA_001/20221012_030000.WAV,Telephone Field,recover-20221013,001,1795
154.7965,154.8335,68437,81718,Rhinolophus ferrumequinum,0.023,0.023,-1,Echolocation,/mnt/ubna_data_02_mir/recover-20221013/UBNA_001/20221012_030000.WAV,Telephone Field,recover-20221013,001,1795
154.8205,154.8602,68437,82813,Rhinolophus ferrumequinum,0.026,0.026,-1,Echolocation,/mnt/ubna_data_02_mir/recover-20221013/UBNA_001/20221012_030000.WAV,Telephone Field,recover-20221013,001,1795
154.8465,154.8853,68437,82081,Rhinolophus ferrumequinum,0.021,0.021,-1,Echolocation,/mnt/ubna_data_02_mir/recover-20221013/UBNA_001/20221012_030000.WAV,Telephone Field,recover-20221013,001,1795
154.8705,154.9088,68437,82387,Rhinolophus ferrumequinum,0.022,0.022,-1,Echolocation,/mnt/ubna_data_02_mir/recover-20221013/UBNA_001/20221012_030000.WAV,Telephone Field,recover-20221013,001,1795
154.8735,154.8835,28046,36766,Eptesicus serotinus,0.017,0.032,-1,Echolocation,/mnt/ubna_data_02_mir/recover-20221013/UBNA_001/20221012_030000.WAV,Telephone Field,recover-20221013,001,1795
154.8875,154.8968,22890,29897,Plecotus austriacus,0.009,0.025,-1,Echolocation,/mnt/ubna_data_02_mir/recover-20221013/UBNA_001/20221012_030000.WAV,Telephone Field,recover-20221013,001,1795
154.9025,154.9105,45234,56508,Pipistrellus pipistrellus,0.01,0.024,-1,Echolocation,/mnt/ubna_data_02_mir/recover-20221013/UBNA_001/20221012_030000.WAV,Telephone Field,recover-20221013,001,1795
154.9135,154.953,68437,82015,Rhinolophus ferrumequinum,0.021,0.021,-1,Echolocation,/mnt/ubna_data_02_mir/recover-20221013/UBNA_001/20221012_030000.WAV,Telephone Field,recover-20221013,001,1795
154.9315,154.9707,68437,82147,Rhinolophus ferrumequinum,0.021,0.021,-1,Echolocation,/mnt/ubna_data_02_mir/recover-20221013/UBNA_001/20221012_030000.WAV,Telephone Field,recover-20221013,001,1795
154.9355,154.9424,27187,41014,Eptesicus serotinus,0.006,0.021,-1,Echolocation,/mnt/ubna_data_02_mir/recover-20221013/UBNA_001/20221012_030000.WAV,Telephone Field,recover-20221013,001,1795
154.9395,154.975,68437,81760,Rhinolophus ferrumequinum,0.021,0.021,-1,Echolocation,/mnt/ubna_data_02_mir/recover-20221013/UBNA_001/20221012_030000.WAV,Telephone Field,recover-20221013,001,1795
154.9555,154.9638,22890,30498,Plecotus austriacus,0.009,0.022,-1,Echolocation,/mnt/ubna_data_02_mir/recover-20221013/UBNA_001/20221012_030000.WAV,Telephone Field,recover-20221013,001,1795
154.9675,154.9783,28046,36340,Eptesicus serotinus,0.016,0.029,-1,Echolocation,/mnt/ubna_data_02_mir/recover-20221013/UBNA_001/20221012_030000.WAV,Telephone Field,recover-20221013,001,1795
155.0455,155.0563,27187,34955,Eptesicus serotinus,0.011,0.023,-1,Echolocation,/mnt/ubna_data_02_mir/recover-20221013/UBNA_001/20221012_030000.WAV,Telephone Field,recover-20221013,001,1795
155.0465,155.0838,68437,81840,Rhinolophus ferrumequinum,0.022,0.022,-1,Echolocation,/mnt/ubna_data_02_mir/recover-20221013/UBNA_001/20221012_030000.WAV,Telephone Field,recover-20221013,001,1795
155.0995,155.1408,68437,82507,Rhinolophus ferrumequinum,0.022,0.022,-1,Echolocation,/mnt/ubna_data_02_mir/recover-20221013/UBNA_001/20221012_030000.WAV,Telephone Field,recover-20221013,001,1795
155.1255,155.1676,68437,83196,Rhinolophus ferrumequinum,0.027,0.027,-1,Echolocation,/mnt/ubna_data_02_mir/recover-20221013/UBNA_001/20221012_030000.WAV,Telephone Field,recover-20221013,001,1795
155.19650000000001,155.2383,68437,83604,Rhinolophus ferrumequinum,0.028,0.028,-1,Echolocation,/mnt/ubna_data_02_mir/recover-20221013/UBNA_001/20221012_030000.WAV,Telephone Field,recover-20221013,001,1795
155.2125,155.2515,68437,82853,Rhinolophus ferrumequinum,0.025,0.025,-1,Echolocation,/mnt/ubna_data_02_mir/recover-20221013/UBNA_001/20221012_030000.WAV,Telephone Field,recover-20221013,001,1795
155.2255,155.2685,68437,82517,Rhinolophus ferrumequinum,0.024,0.024,-1,Echolocation,/mnt/ubna_data_02_mir/recover-20221013/UBNA_001/20221012_030000.WAV,Telephone Field,recover-20221013,001,1795
155.2355,155.2434,28046,38583,Eptesicus serotinus,0.007,0.022,-1,Echolocation,/mnt/ubna_data_02_mir/recover-20221013/UBNA_001/20221012_030000.WAV,Telephone Field,recover-20221013,001,1795
155.2425,155.2498,28046,36570,Eptesicus serotinus,0.007,0.021,-1,Echolocation,/mnt/ubna_data_02_mir/recover-20221013/UBNA_001/20221012_030000.WAV,Telephone Field,recover-20221013,001,1795
155.2795,155.3204,68437,82782,Rhinolophus ferrumequinum,0.022,0.022,-1,Echolocation,/mnt/ubna_data_02_mir/recover-20221013/UBNA_001/20221012_030000.WAV,Telephone Field,recover-20221013,001,1795
155.2955,155.3307,68437,81156,Rhinolophus ferrumequinum,0.022,0.022,-1,Echolocation,/mnt/ubna_data_02_mir/recover-20221013/UBNA_001/20221012_030000.WAV,Telephone Field,recover-20221013,001,1795
155.3065,155.3167,23750,30480,Nyctalus leisleri,0.009,0.026,-1,Echolocation,/mnt/ubna_data_02_mir/recover-20221013/UBNA_001/20221012_030000.WAV,Telephone Field,recover-20221013,001,1795
155.3385,155.375,68437,81206,Rhinolophus ferrumequinum,0.022,0.022,-1,Echolocation,/mnt/ubna_data_02_mir/recover-20221013/UBNA_001/20221012_030000.WAV,Telephone Field,recover-20221013,001,1795
155.3645,155.4043,68437,82434,Rhinolophus ferrumequinum,0.021,0.021,-1,Echolocation,/mnt/ubna_data_02_mir/recover-20221013/UBNA_001/20221012_030000.WAV,Telephone Field,recover-20221013,001,1795
155.4015,155.4383,68437,82096,Rhinolophus ferrumequinum,0.024,0.024,-1,Echolocation,/mnt/ubna_data_02_mir/recover-20221013/UBNA_001/20221012_030000.WAV,Telephone Field,recover-20221013,001,1795
155.4335,155.4708,68437,81642,Rhinolophus ferrumequinum,0.022,0.022,-1,Echolocation,/mnt/ubna_data_02_mir/recover-20221013/UBNA_001/20221012_030000.WAV,Telephone Field,recover-20221013,001,1795
155.5025,155.5409,68437,82252,Rhinolophus ferrumequinum,0.024,0.024,-1,Echolocation,/mnt/ubna_data_02_mir/recover-20221013/UBNA_001/20221012_030000.WAV,Telephone Field,recover-20221013,001,1795
155.5415,155.5488,47812,51227,Pipistrellus pipistrellus,0.029,0.031,-1,Echolocation,/mnt/ubna_data_02_mir/recover-20221013/UBNA_001/20221012_030000.WAV,Telephone Field,recover-20221013,001,1795
155.5505,155.58859999999999,68437,82129,Rhinolophus ferrumequinum,0.021,0.021,-1,Echolocation,/mnt/ubna_data_02_mir/recover-20221013/UBNA_001/20221012_030000.WAV,Telephone Field,recover-20221013,001,1795
155.5685,155.5833,22890,27269,Nyctalus leisleri,0.018,0.034,-1,Echolocation,/mnt/ubna_data_02_mir/recover-20221013/UBNA_001/20221012_030000.WAV,Telephone Field,recover-20221013,001,1795
155.5765,155.6088,68437,80134,Rhinolophus ferrumequinum,0.022,0.022,-1,Echolocation,/mnt/ubna_data_02_mir/recover-20221013/UBNA_001/20221012_030000.WAV,Telephone Field,recover-20221013,001,1795
155.5805,155.5874,28046,38219,Eptesicus serotinus,0.006,0.021,-1,Echolocation,/mnt/ubna_data_02_mir/recover-20221013/UBNA_001/20221012_030000.WAV,Telephone Field,recover-20221013,001,1795
155.5885,155.5944,51250,57095,Pipistrellus pipistrellus,0.017,0.021,-1,Echolocation,/mnt/ubna_data_02_mir/recover-20221013/UBNA_001/20221012_030000.WAV,Telephone Field,recover-20221013,001,1795
155.6005,155.6091,27187,37320,Eptesicus serotinus,0.008,0.021,-1,Echolocation,/mnt/ubna_data_02_mir/recover-20221013/UBNA_001/20221012_030000.WAV,Telephone Field,recover-20221013,001,1795
155.6015,155.639,68437,81301,Rhinolophus ferrumequinum,0.022,0.022,-1,Echolocation,/mnt/ubna_data_02_mir/recover-20221013/UBNA_001/20221012_030000.WAV,Telephone Field,recover-20221013,001,1795
155.6465,155.6558,27187,38245,Eptesicus serotinus,0.008,0.022,-1,Echolocation,/mnt/ubna_data_02_mir/recover-20221013/UBNA_001/20221012_030000.WAV,Telephone Field,recover-20221013,001,1795
155.6695,155.6822,23750,29196,Nyctalus leisleri,0.012,0.025,-1,Echolocation,/mnt/ubna_data_02_mir/recover-20221013/UBNA_001/20221012_030000.WAV,Telephone Field,recover-20221013,001,1795
155.7045,155.74,68437,81411,Rhinolophus ferrumequinum,0.021,0.021,-1,Echolocation,/mnt/ubna_data_02_mir/recover-20221013/UBNA_001/20221012_030000.WAV,Telephone Field,recover-20221013,001,1795
155.7135,155.7202,26328,40966,Eptesicus serotinus,0.005,0.021,-1,Echolocation,/mnt/ubna_data_02_mir/recover-20221013/UBNA_001/20221012_030000.WAV,Telephone Field,recover-20221013,001,1795
155.7135,155.719,38359,51385,Myotis daubentonii,0.008,0.026,-1,Echolocation,/mnt/ubna_data_02_mir/recover-20221013/UBNA_001/20221012_030000.WAV,Telephone Field,recover-20221013,001,1795
155.7265,155.7652,68437,82615,Rhinolophus ferrumequinum,0.022,0.022,-1,Echolocation,/mnt/ubna_data_02_mir/recover-20221013/UBNA_001/20221012_030000.WAV,Telephone Field,recover-20221013,001,1795
155.7425,155.7497,28046,39883,Eptesicus serotinus,0.006,0.022,-1,Echolocation,/mnt/ubna_data_02_mir/recover-20221013/UBNA_001/20221012_030000.WAV,Telephone Field,recover-20221013,001,1795
155.7565,155.7935,68437,82128,Rhinolophus ferrumequinum,0.023,0.023,-1,Echolocation,/mnt/ubna_data_02_mir/recover-20221013/UBNA_001/20221012_030000.WAV,Telephone Field,recover-20221013,001,1795
155.7845,155.8264,68437,82504,Rhinolophus ferrumequinum,0.032,0.032,-1,Echolocation,/mnt/ubna_data_02_mir/recover-20221013/UBNA_001/20221012_030000.WAV,Telephone Field,recover-20221013,001,1795
155.8105,155.8522,68437,82681,Rhinolophus ferrumequinum,0.03,0.03,-1,Echolocation,/mnt/ubna_data_02_mir/recover-20221013/UBNA_001/20221012_030000.WAV,Telephone Field,recover-20221013,001,1795
155.8265,155.8682,68437,83345,Rhinolophus ferrumequinum,0.028,0.028,-1,Echolocation,/mnt/ubna_data_02_mir/recover-20221013/UBNA_001/20221012_030000.WAV,Telephone Field,recover-20221013,001,1795
155.8385,155.8462,26328,36704,Eptesicus serotinus,0.007,0.021,-1,Echolocation,/mnt/ubna_data_02_mir/recover-20221013/UBNA_001/20221012_030000.WAV,Telephone Field,recover-20221013,001,1795
155.8455,155.8541,51250,58047,Pipistrellus pipistrellus,0.02,0.026,-1,Echolocation,/mnt/ubna_data_02_mir/recover-20221013/UBNA_001/20221012_030000.WAV,Telephone Field,recover-20221013,001,1795
155.8595,155.8685,27187,35549,Eptesicus serotinus,0.027,0.051,-1,Echolocation,/mnt/ubna_data_02_mir/recover-20221013/UBNA_001/20221012_030000.WAV,Telephone Field,recover-20221013,001,1795
155.8715,155.9119,68437,82180,Rhinolophus ferrumequinum,0.024,0.024,-1,Echolocation,/mnt/ubna_data_02_mir/recover-20221013/UBNA_001/20221012_030000.WAV,Telephone Field,recover-20221013,001,1795
155.9255,155.9372,23750,30126,Eptesicus serotinus,0.028,0.071,-1,Echolocation,/mnt/ubna_data_02_mir/recover-20221013/UBNA_001/20221012_030000.WAV,Telephone Field,recover-20221013,001,1795
155.9515,155.9914,68437,82297,Rhinolophus ferrumequinum,0.021,0.021,-1,Echolocation,/mnt/ubna_data_02_mir/recover-20221013/UBNA_001/20221012_030000.WAV,Telephone Field,recover-20221013,001,1795
155.9845,155.993,28046,40190,Eptesicus serotinus,0.008,0.022,-1,Echolocation,/mnt/ubna_data_02_mir/recover-20221013/UBNA_001/20221012_030000.WAV,Telephone Field,recover-20221013,001,1795
156.0015,156.0126,46953,51580,Pipistrellus pipistrellus,0.018,0.023,-1,Echolocation,/mnt/ubna_data_02_mir/recover-20221013/UBNA_001/20221012_030000.WAV,Telephone Field,recover-20221013,001,1795
156.0015,156.0092,24609,34641,Nyctalus leisleri,0.006,0.023,-1,Echolocation,/mnt/ubna_data_02_mir/recover-20221013/UBNA_001/20221012_030000.WAV,Telephone Field,recover-20221013,001,1795
156.0025,156.0425,68437,81673,Rhinolophus ferrumequinum,0.021,0.022,-1,Echolocation,/mnt/ubna_data_02_mir/recover-20221013/UBNA_001/20221012_030000.WAV,Telephone Field,recover-20221013,001,1795
156.0205,156.0603,68437,81899,Rhinolophus ferrumequinum,0.027,0.027,-1,Echolocation,/mnt/ubna_data_02_mir/recover-20221013/UBNA_001/20221012_030000.WAV,Telephone Field,recover-20221013,001,1795
156.0445,156.0833,68437,82408,Rhinolophus ferrumequinum,0.027,0.027,-1,Echolocation,/mnt/ubna_data_02_mir/recover-20221013/UBNA_001/20221012_030000.WAV,Telephone Field,recover-20221013,001,1795
156.0775,156.0879,23750,30036,Nyctalus leisleri,0.008,0.022,-1,Echolocation,/mnt/ubna_data_02_mir/recover-20221013/UBNA_001/20221012_030000.WAV,Telephone Field,recover-20221013,001,1795
156.0875,156.1287,68437,82507,Rhinolophus ferrumequinum,0.025,0.025,-1,Echolocation,/mnt/ubna_data_02_mir/recover-20221013/UBNA_001/20221012_030000.WAV,Telephone Field,recover-20221013,001,1795
156.1295,156.1683,68437,81957,Rhinolophus ferrumequinum,0.023,0.023,-1,Echolocation,/mnt/ubna_data_02_mir/recover-20221013/UBNA_001/20221012_030000.WAV,Telephone Field,recover-20221013,001,1795
156.1465,156.1846,68437,81883,Rhinolophus ferrumequinum,0.023,0.023,-1,Echolocation,/mnt/ubna_data_02_mir/recover-20221013/UBNA_001/20221012_030000.WAV,Telephone Field,recover-20221013,001,1795
156.1685,156.2077,68437,82081,Rhinolophus ferrumequinum,0.023,0.023,-1,Echolocation,/mnt/ubna_data_02_mir/recover-20221013/UBNA_001/20221012_030000.WAV,Telephone Field,recover-20221013,001,1795
156.1975,156.2397,68437,82720,Rhinolophus ferrumequinum,0.05,0.05,-1,Echolocation,/mnt/ubna_data_02_mir/recover-20221013/UBNA_001/20221012_030000.WAV,Telephone Field,recover-20221013,001,1795
156.2285,156.2366,55546,60501,Pipistrellus pygmaeus,0.02,0.021,-1,Echolocation,/mnt/ubna_data_02_mir/recover-20221013/UBNA_001/20221012_030000.WAV,Telephone Field,recover-20221013,001,1795
156.2605,156.3015,68437,82108,Rhinolophus ferrumequinum,0.025,0.025,-1,Echolocation,/mnt/ubna_data_02_mir/recover-20221013/UBNA_001/20221012_030000.WAV,Telephone Field,recover-20221013,001,1795
156.2875,156.3256,68437,81954,Rhinolophus ferrumequinum,0.024,0.024,-1,Echolocation,/mnt/ubna_data_02_mir/recover-20221013/UBNA_001/20221012_030000.WAV,Telephone Field,recover-20221013,001,1795
156.3195,156.3279,26328,35652,Eptesicus serotinus,0.01,0.025,-1,Echolocation,/mnt/ubna_data_02_mir/recover-20221013/UBNA_001/20221012_030000.WAV,Telephone Field,recover-20221013,001,1795
156.3235,156.3641,68437,82919,Rhinolophus ferrumequinum,0.021,0.021,-1,Echolocation,/mnt/ubna_data_02_mir/recover-20221013/UBNA_001/20221012_030000.WAV,Telephone Field,recover-20221013,001,1795
156.3495,156.3887,68437,81883,Rhinolophus ferrumequinum,0.022,0.022,-1,Echolocation,/mnt/ubna_data_02_mir/recover-20221013/UBNA_001/20221012_030000.WAV,Telephone Field,recover-20221013,001,1795
156.3515,156.3598,28046,37835,Eptesicus serotinus,0.007,0.021,-1,Echolocation,/mnt/ubna_data_02_mir/recover-20221013/UBNA_001/20221012_030000.WAV,Telephone Field,recover-20221013,001,1795
156.3595,156.3999,68437,82402,Rhinolophus ferrumequinum,0.022,0.022,-1,Echolocation,/mnt/ubna_data_02_mir/recover-20221013/UBNA_001/20221012_030000.WAV,Telephone Field,recover-20221013,001,1795
156.3755,156.414,68437,82038,Rhinolophus ferrumequinum,0.022,0.022,-1,Echolocation,/mnt/ubna_data_02_mir/recover-20221013/UBNA_001/20221012_030000.WAV,Telephone Field,recover-20221013,001,1795
156.4495,156.4609,40078,44319,Pipistrellus nathusii,0.017,0.03,-1,Echolocation,/mnt/ubna_data_02_mir/recover-20221013/UBNA_001/20221012_030000.WAV,Telephone Field,recover-20221013,001,1795
156.4625,156.499,68437,81872,Rhinolophus ferrumequinum,0.021,0.021,-1,Echolocation,/mnt/ubna_data_02_mir/recover-20221013/UBNA_001/20221012_030000.WAV,Telephone Field,recover-20221013,001,1795
156.5115,156.5505,68437,82762,Rhinolophus ferrumequinum,0.02,0.021,-1,Echolocation,/mnt/ubna_data_02_mir/recover-20221013/UBNA_001/20221012_030000.WAV,Telephone Field,recover-20221013,001,1795
156.5785,156.5867,50390,56775,Pipistrellus pipistrellus,0.023,0.026,-1,Echolocation,/mnt/ubna_data_02_mir/recover-20221013/UBNA_001/20221012_030000.WAV,Telephone Field,recover-20221013,001,1795
156.5795,156.617,68437,81727,Rhinolophus ferrumequinum,0.022,0.022,-1,Echolocation,/mnt/ubna_data_02_mir/recover-20221013/UBNA_001/20221012_030000.WAV,Telephone Field,recover-20221013,001,1795
156.6055,156.6431,68437,81561,Rhinolophus ferrumequinum,0.023,0.023,-1,Echolocation,/mnt/ubna_data_02_mir/recover-20221013/UBNA_001/20221012_030000.WAV,Telephone Field,recover-20221013,001,1795
156.6185,156.6574,68437,82643,Rhinolophus ferrumequinum,0.025,0.025,-1,Echolocation,/mnt/ubna_data_02_mir/recover-20221013/UBNA_001/20221012_030000.WAV,Telephone Field,recover-20221013,001,1795
156.6655,156.67680000000001,56406,61255,Pipistrellus pygmaeus,0.028,0.029,-1,Echolocation,/mnt/ubna_data_02_mir/recover-20221013/UBNA_001/20221012_030000.WAV,Telephone Field,recover-20221013,001,1795
156.6825,156.69,24609,33556,Plecotus austriacus,0.008,0.022,-1,Echolocation,/mnt/ubna_data_02_mir/recover-20221013/UBNA_001/20221012_030000.WAV,Telephone Field,recover-20221013,001,1795
156.7295,156.7714,68437,83196,Rhinolophus ferrumequinum,0.027,0.027,-1,Echolocation,/mnt/ubna_data_02_mir/recover-20221013/UBNA_001/20221012_030000.WAV,Telephone Field,recover-20221013,001,1795
156.7385,156.7457,28046,44574,Eptesicus serotinus,0.007,0.023,-1,Echolocation,/mnt/ubna_data_02_mir/recover-20221013/UBNA_001/20221012_030000.WAV,Telephone Field,recover-20221013,001,1795
156.7455,156.7871,68437,82238,Rhinolophus ferrumequinum,0.022,0.022,-1,Echolocation,/mnt/ubna_data_02_mir/recover-20221013/UBNA_001/20221012_030000.WAV,Telephone Field,recover-20221013,001,1795
156.7655,156.8069,68437,82517,Rhinolophus ferrumequinum,0.029,0.029,-1,Echolocation,/mnt/ubna_data_02_mir/recover-20221013/UBNA_001/20221012_030000.WAV,Telephone Field,recover-20221013,001,1795
156.7795,156.8173,68437,81954,Rhinolophus ferrumequinum,0.024,0.024,-1,Echolocation,/mnt/ubna_data_02_mir/recover-20221013/UBNA_001/20221012_030000.WAV,Telephone Field,recover-20221013,001,1795
156.7985,156.8088,23750,29260,Nyctalus leisleri,0.009,0.022,-1,Echolocation,/mnt/ubna_data_02_mir/recover-20221013/UBNA_001/20221012_030000.WAV,Telephone Field,recover-20221013,001,1795
156.8065,156.8417,68437,81227,Rhinolophus ferrumequinum,0.021,0.021,-1,Echolocation,/mnt/ubna_data_02_mir/recover-20221013/UBNA_001/20221012_030000.WAV,Telephone Field,recover-20221013,001,1795
156.8775,156.8846,51250,57932,Pipistrellus pipistrellus,0.022,0.027,-1,Echolocation,/mnt/ubna_data_02_mir/recover-20221013/UBNA_001/20221012_030000.WAV,Telephone Field,recover-20221013,001,1795
156.8925,156.9337,68437,83283,Rhinolophus ferrumequinum,0.029,0.029,-1,Echolocation,/mnt/ubna_data_02_mir/recover-20221013/UBNA_001/20221012_030000.WAV,Telephone Field,recover-20221013,001,1795
156.9155,156.9368,16875,20632,Nyctalus noctula,0.02,0.03,-1,Echolocation,/mnt/ubna_data_02_mir/recover-20221013/UBNA_001/20221012_030000.WAV,Telephone Field,recover-20221013,001,1795
156.9175,156.955,68437,81384,Rhinolophus ferrumequinum,0.023,0.023,-1,Echolocation,/mnt/ubna_data_02_mir/recover-20221013/UBNA_001/20221012_030000.WAV,Telephone Field,recover-20221013,001,1795
157.0045,157.0111,28046,37031,Eptesicus serotinus,0.006,0.023,-1,Echolocation,/mnt/ubna_data_02_mir/recover-20221013/UBNA_001/20221012_030000.WAV,Telephone Field,recover-20221013,001,1795
157.0185,157.0579,68437,82667,Rhinolophus ferrumequinum,0.021,0.021,-1,Echolocation,/mnt/ubna_data_02_mir/recover-20221013/UBNA_001/20221012_030000.WAV,Telephone Field,recover-20221013,001,1795
157.0725,157.1071,68437,81039,Rhinolophus ferrumequinum,0.021,0.021,-1,Echolocation,/mnt/ubna_data_02_mir/recover-20221013/UBNA_001/20221012_030000.WAV,Telephone Field,recover-20221013,001,1795
157.0755,157.0839,28046,38120,Eptesicus serotinus,0.007,0.021,-1,Echolocation,/mnt/ubna_data_02_mir/recover-20221013/UBNA_001/20221012_030000.WAV,Telephone Field,recover-20221013,001,1795
157.0885,157.1243,68437,81457,Rhinolophus ferrumequinum,0.024,0.024,-1,Echolocation,/mnt/ubna_data_02_mir/recover-20221013/UBNA_001/20221012_030000.WAV,Telephone Field,recover-20221013,001,1795
157.1255,157.1653,68437,82810,Rhinolophus ferrumequinum,0.027,0.027,-1,Echolocation,/mnt/ubna_data_02_mir/recover-20221013/UBNA_001/20221012_030000.WAV,Telephone Field,recover-20221013,001,1795
157.1325,157.14170000000001,22890,28871,Nyctalus leisleri,0.008,0.022,-1,Echolocation,/mnt/ubna_data_02_mir/recover-20221013/UBNA_001/20221012_030000.WAV,Telephone Field,recover-20221013,001,1795
157.1575,157.1962,68437,82337,Rhinolophus ferrumequinum,0.021,0.021,-1,Echolocation,/mnt/ubna_data_02_mir/recover-20221013/UBNA_001/20221012_030000.WAV,Telephone Field,recover-20221013,001,1795
157.1605,157.1688,28046,38626,Eptesicus serotinus,0.007,0.021,-1,Echolocation,/mnt/ubna_data_02_mir/recover-20221013/UBNA_001/20221012_030000.WAV,Telephone Field,recover-20221013,001,1795
157.1685,157.1766,27187,35971,Eptesicus serotinus,0.007,0.02,-1,Echolocation,/mnt/ubna_data_02_mir/recover-20221013/UBNA_001/20221012_030000.WAV,Telephone Field,recover-20221013,001,1795
157.2055,157.2437,68437,82436,Rhinolophus ferrumequinum,0.022,0.022,-1,Echolocation,/mnt/ubna_data_02_mir/recover-20221013/UBNA_001/20221012_030000.WAV,Telephone Field,recover-20221013,001,1795
157.2335,157.2523,19453,22879,Nyctalus noctula,0.012,0.025,-1,Echolocation,/mnt/ubna_data_02_mir/recover-20221013/UBNA_001/20221012_030000.WAV,Telephone Field,recover-20221013,001,1795
157.2765,157.283,31484,41380,Myotis daubentonii,0.017,0.036,-1,Echolocation,/mnt/ubna_data_02_mir/recover-20221013/UBNA_001/20221012_030000.WAV,Telephone Field,recover-20221013,001,1795
157.2845,157.3202,68437,81609,Rhinolophus ferrumequinum,0.02,0.02,-1,Echolocation,/mnt/ubna_data_02_mir/recover-20221013/UBNA_001/20221012_030000.WAV,Telephone Field,recover-20221013,001,1795
157.3145,157.3562,68437,82976,Rhinolophus ferrumequinum,0.023,0.023,-1,Echolocation,/mnt/ubna_data_02_mir/recover-20221013/UBNA_001/20221012_030000.WAV,Telephone Field,recover-20221013,001,1795
157.32150000000001,157.3316,28046,36656,Eptesicus serotinus,0.017,0.031,-1,Echolocation,/mnt/ubna_data_02_mir/recover-20221013/UBNA_001/20221012_030000.WAV,Telephone Field,recover-20221013,001,1795
157.3835,157.3912,26328,34856,Eptesicus serotinus,0.006,0.021,-1,Echolocation,/mnt/ubna_data_02_mir/recover-20221013/UBNA_001/20221012_030000.WAV,Telephone Field,recover-20221013,001,1795
157.4005,157.4406,68437,82494,Rhinolophus ferrumequinum,0.022,0.022,-1,Echolocation,/mnt/ubna_data_02_mir/recover-20221013/UBNA_001/20221012_030000.WAV,Telephone Field,recover-20221013,001,1795
157.4065,157.4484,68437,82683,Rhinolophus ferrumequinum,0.022,0.022,-1,Echolocation,/mnt/ubna_data_02_mir/recover-20221013/UBNA_001/20221012_030000.WAV,Telephone Field,recover-20221013,001,1795
157.4185,157.4564,68437,82333,Rhinolophus ferrumequinum,0.021,0.022,-1,Echolocation,/mnt/ubna_data_02_mir/recover-20221013/UBNA_001/20221012_030000.WAV,Telephone Field,recover-20221013,001,1795
157.4255,157.4357,28906,37231,Eptesicus serotinus,0.009,0.022,-1,Echolocation,/mnt/ubna_data_02_mir/recover-20221013/UBNA_001/20221012_030000.WAV,Telephone Field,recover-20221013,001,1795
157.4305,157.4401,28906,37632,Eptesicus serotinus,0.009,0.023,-1,Echolocation,/mnt/ubna_data_02_mir/recover-20221013/UBNA_001/20221012_030000.WAV,Telephone Field,recover-20221013,001,1795
157.4305,157.4644,68437,80698,Rhinolophus ferrumequinum,0.021,0.021,-1,Echolocation,/mnt/ubna_data_02_mir/recover-20221013/UBNA_001/20221012_030000.WAV,Telephone Field,recover-20221013,001,1795
157.4475,157.4868,68437,81872,Rhinolophus ferrumequinum,0.021,0.021,-1,Echolocation,/mnt/ubna_data_02_mir/recover-20221013/UBNA_001/20221012_030000.WAV,Telephone Field,recover-20221013,001,1795
157.4945,157.5335,68437,82224,Rhinolophus ferrumequinum,0.021,0.021,-1,Echolocation,/mnt/ubna_data_02_mir/recover-20221013/UBNA_001/20221012_030000.WAV,Telephone Field,recover-20221013,001,1795
157.5165,157.5553,68437,82107,Rhinolophus ferrumequinum,0.021,0.021,-1,Echolocation,/mnt/ubna_data_02_mir/recover-20221013/UBNA_001/20221012_030000.WAV,Telephone Field,recover-20221013,001,1795
157.5225,157.5636,68437,82338,Rhinolophus ferrumequinum,0.022,0.022,-1,Echolocation,/mnt/ubna_data_02_mir/recover-20221013/UBNA_001/20221012_030000.WAV,Telephone Field,recover-20221013,001,1795
157.5285,157.5669,68437,82334,Rhinolophus ferrumequinum,0.023,0.023,-1,Echolocation,/mnt/ubna_data_02_mir/recover-20221013/UBNA_001/20221012_030000.WAV,Telephone Field,recover-20221013,001,1795
157.5305,157.5398,22890,29058,Nyctalus leisleri,0.007,0.021,-1,Echolocation,/mnt/ubna_data_02_mir/recover-20221013/UBNA_001/20221012_030000.WAV,Telephone Field,recover-20221013,001,1795
157.5365,157.5764,68437,82719,Rhinolophus ferrumequinum,0.022,0.022,-1,Echolocation,/mnt/ubna_data_02_mir/recover-20221013/UBNA_001/20221012_030000.WAV,Telephone Field,recover-20221013,001,1795
157.5575,157.6,68437,83316,Rhinolophus ferrumequinum,0.034,0.034,-1,Echolocation,/mnt/ubna_data_02_mir/recover-20221013/UBNA_001/20221012_030000.WAV,Telephone Field,recover-20221013,001,1795
157.5635,157.6088,68437,83454,Rhinolophus ferrumequinum,0.036,0.036,-1,Echolocation,/mnt/ubna_data_02_mir/recover-20221013/UBNA_001/20221012_030000.WAV,Telephone Field,recover-20221013,001,1795
157.5925,157.6297,68437,81495,Rhinolophus ferrumequinum,0.021,0.021,-1,Echolocation,/mnt/ubna_data_02_mir/recover-20221013/UBNA_001/20221012_030000.WAV,Telephone Field,recover-20221013,001,1795
157.6205,157.6322,27187,34005,Eptesicus serotinus,0.013,0.027,-1,Echolocation,/mnt/ubna_data_02_mir/recover-20221013/UBNA_001/20221012_030000.WAV,Telephone Field,recover-20221013,001,1795
157.6445,157.6813,68437,81988,Rhinolophus ferrumequinum,0.024,0.024,-1,Echolocation,/mnt/ubna_data_02_mir/recover-20221013/UBNA_001/20221012_030000.WAV,Telephone Field,recover-20221013,001,1795
157.6585,157.6659,27187,41649,Eptesicus serotinus,0.006,0.022,-1,Echolocation,/mnt/ubna_data_02_mir/recover-20221013/UBNA_001/20221012_030000.WAV,Telephone Field,recover-20221013,001,1795
157.6775,157.719,68437,82651,Rhinolophus ferrumequinum,0.023,0.023,-1,Echolocation,/mnt/ubna_data_02_mir/recover-20221013/UBNA_001/20221012_030000.WAV,Telephone Field,recover-20221013,001,1795
157.7235,157.7616,68437,82236,Rhinolophus ferrumequinum,0.021,0.021,-1,Echolocation,/mnt/ubna_data_02_mir/recover-20221013/UBNA_001/20221012_030000.WAV,Telephone Field,recover-20221013,001,1795
157.7245,157.7328,28046,37701,Eptesicus serotinus,0.007,0.022,-1,Echolocation,/mnt/ubna_data_02_mir/recover-20221013/UBNA_001/20221012_030000.WAV,Telephone Field,recover-20221013,001,1795
157.7295,157.7691,68437,82046,Rhinolophus ferrumequinum,0.021,0.022,-1,Echolocation,/mnt/ubna_data_02_mir/recover-20221013/UBNA_001/20221012_030000.WAV,Telephone Field,recover-20221013,001,1795
157.7305,157.73930000000001,28046,38251,Eptesicus serotinus,0.007,0.021,-1,Echolocation,/mnt/ubna_data_02_mir/recover-20221013/UBNA_001/20221012_030000.WAV,Telephone Field,recover-20221013,001,1795
157.7635,157.7725,22890,29329,Plecotus austriacus,0.008,0.023,-1,Echolocation,/mnt/ubna_data_02_mir/recover-20221013/UBNA_001/20221012_030000.WAV,Telephone Field,recover-20221013,001,1795
157.7745,157.8135,68437,81928,Rhinolophus ferrumequinum,0.029,0.029,-1,Echolocation,/mnt/ubna_data_02_mir/recover-20221013/UBNA_001/20221012_030000.WAV,Telephone Field,recover-20221013,001,1795
157.7755,157.7837,45234,55689,Pipistrellus pipistrellus,0.013,0.022,-1,Echolocation,/mnt/ubna_data_02_mir/recover-20221013/UBNA_001/20221012_030000.WAV,Telephone Field,recover-20221013,001,1795
157.7825,157.7897,27187,40064,Eptesicus serotinus,0.007,0.022,-1,Echolocation,/mnt/ubna_data_02_mir/recover-20221013/UBNA_001/20221012_030000.WAV,Telephone Field,recover-20221013,001,1795
157.8005,157.8127,22890,27557,Nyctalus leisleri,0.013,0.024,-1,Echolocation,/mnt/ubna_data_02_mir/recover-20221013/UBNA_001/20221012_030000.WAV,Telephone Field,recover-20221013,001,1795
157.8255,157.8367,23750,28881,Nyctalus leisleri,0.016,0.032,-1,Echolocation,/mnt/ubna_data_02_mir/recover-20221013/UBNA_001/20221012_030000.WAV,Telephone Field,recover-20221013,001,1795
157.8635,157.8734,28906,36078,Eptesicus serotinus,0.009,0.021,-1,Echolocation,/mnt/ubna_data_02_mir/recover-20221013/UBNA_001/20221012_030000.WAV,Telephone Field,recover-20221013,001,1795
157.8705,157.8799,28046,37094,Eptesicus serotinus,0.008,0.021,-1,Echolocation,/mnt/ubna_data_02_mir/recover-20221013/UBNA_001/20221012_030000.WAV,Telephone Field,recover-20221013,001,1795
157.8805,157.9168,68437,82199,Rhinolophus ferrumequinum,0.021,0.021,-1,Echolocation,/mnt/ubna_data_02_mir/recover-20221013/UBNA_001/20221012_030000.WAV,Telephone Field,recover-20221013,001,1795
157.8965,157.9037,28046,42731,Eptesicus serotinus,0.007,0.025,-1,Echolocation,/mnt/ubna_data_02_mir/recover-20221013/UBNA_001/20221012_030000.WAV,Telephone Field,recover-20221013,001,1795
157.9455,157.9578,22031,26174,Nyctalus leisleri,0.012,0.022,-1,Echolocation,/mnt/ubna_data_02_mir/recover-20221013/UBNA_001/20221012_030000.WAV,Telephone Field,recover-20221013,001,1795
157.9555,157.9658,28906,37314,Eptesicus serotinus,0.013,0.027,-1,Echolocation,/mnt/ubna_data_02_mir/recover-20221013/UBNA_001/20221012_030000.WAV,Telephone Field,recover-20221013,001,1795
158.0015,158.0319,68437,81985,Rhinolophus ferrumequinum,0.031,0.031,-1,Echolocation,/mnt/ubna_data_02_mir/recover-20221013/UBNA_001/20221012_030000.WAV,Telephone Field,recover-20221013,001,1795
158.0015,158.0093,45234,49789,Pipistrellus pipistrellus,0.018,0.022,-1,Echolocation,/mnt/ubna_data_02_mir/recover-20221013/UBNA_001/20221012_030000.WAV,Telephone Field,recover-20221013,001,1795
158.0015,158.0085,26328,38013,Eptesicus serotinus,0.005,0.026,-1,Echolocation,/mnt/ubna_data_02_mir/recover-20221013/UBNA_001/20221012_030000.WAV,Telephone Field,recover-20221013,001,1795
158.0605,158.0951,68437,81205,Rhinolophus ferrumequinum,0.022,0.022,-1,Echolocation,/mnt/ubna_data_02_mir/recover-20221013/UBNA_001/20221012_030000.WAV,Telephone Field,recover-20221013,001,1795
158.0725,158.08089999999999,27187,39946,Eptesicus serotinus,0.008,0.02,-1,Echolocation,/mnt/ubna_data_02_mir/recover-20221013/UBNA_001/20221012_030000.WAV,Telephone Field,recover-20221013,001,1795
158.1105,158.1477,68437,81988,Rhinolophus ferrumequinum,0.022,0.022,-1,Echolocation,/mnt/ubna_data_02_mir/recover-20221013/UBNA_001/20221012_030000.WAV,Telephone Field,recover-20221013,001,1795
158.1575,158.196,68437,82059,Rhinolophus ferrumequinum,0.025,0.025,-1,Echolocation,/mnt/ubna_data_02_mir/recover-20221013/UBNA_001/20221012_030000.WAV,Telephone Field,recover-20221013,001,1795
158.1655,158.1767,40078,44038,Pipistrellus nathusii,0.019,0.027,-1,Echolocation,/mnt/ubna_data_02_mir/recover-20221013/UBNA_001/20221012_030000.WAV,Telephone Field,recover-20221013,001,1795
158.1955,158.235,68437,82328,Rhinolophus ferrumequinum,0.021,0.021,-1,Echolocation,/mnt/ubna_data_02_mir/recover-20221013/UBNA_001/20221012_030000.WAV,Telephone Field,recover-20221013,001,1795
158.2025,158.2433,68437,82468,Rhinolophus ferrumequinum,0.021,0.021,-1,Echolocation,/mnt/ubna_data_02_mir/recover-20221013/UBNA_001/20221012_030000.WAV,Telephone Field,recover-20221013,001,1795
158.2275,158.2387,28906,36308,Eptesicus serotinus,0.012,0.026,-1,Echolocation,/mnt/ubna_data_02_mir/recover-20221013/UBNA_001/20221012_030000.WAV,Telephone Field,recover-20221013,001,1795
158.2335,158.2731,68437,82368,Rhinolophus ferrumequinum,0.021,0.021,-1,Echolocation,/mnt/ubna_data_02_mir/recover-20221013/UBNA_001/20221012_030000.WAV,Telephone Field,recover-20221013,001,1795
158.2875,158.3262,68437,82201,Rhinolophus ferrumequinum,0.023,0.023,-1,Echolocation,/mnt/ubna_data_02_mir/recover-20221013/UBNA_001/20221012_030000.WAV,Telephone Field,recover-20221013,001,1795
158.3205,158.3564,68437,82043,Rhinolophus ferrumequinum,0.02,0.021,-1,Echolocation,/mnt/ubna_data_02_mir/recover-20221013/UBNA_001/20221012_030000.WAV,Telephone Field,recover-20221013,001,1795
158.3315,158.3465,26328,30801,Nyctalus leisleri,0.052,0.114,-1,Echolocation,/mnt/ubna_data_02_mir/recover-20221013/UBNA_001/20221012_030000.WAV,Telephone Field,recover-20221013,001,1795
158.3505,158.3855,68437,81806,Rhinolophus ferrumequinum,0.021,0.021,-1,Echolocation,/mnt/ubna_data_02_mir/recover-20221013/UBNA_001/20221012_030000.WAV,Telephone Field,recover-20221013,001,1795
158.3625,158.4002,68437,81926,Rhinolophus ferrumequinum,0.021,0.021,-1,Echolocation,/mnt/ubna_data_02_mir/recover-20221013/UBNA_001/20221012_030000.WAV,Telephone Field,recover-20221013,001,1795
158.3755,158.3844,25468,32694,Eptesicus serotinus,0.009,0.021,-1,Echolocation,/mnt/ubna_data_02_mir/recover-20221013/UBNA_001/20221012_030000.WAV,Telephone Field,recover-20221013,001,1795
158.4075,158.4472,68437,82555,Rhinolophus ferrumequinum,0.021,0.021,-1,Echolocation,/mnt/ubna_data_02_mir/recover-20221013/UBNA_001/20221012_030000.WAV,Telephone Field,recover-20221013,001,1795
158.4435,158.4843,68437,82827,Rhinolophus ferrumequinum,0.026,0.026,-1,Echolocation,/mnt/ubna_data_02_mir/recover-20221013/UBNA_001/20221012_030000.WAV,Telephone Field,recover-20221013,001,1795
158.4645,158.4743,28046,38237,Eptesicus serotinus,0.009,0.021,-1,Echolocation,/mnt/ubna_data_02_mir/recover-20221013/UBNA_001/20221012_030000.WAV,Telephone Field,recover-20221013,001,1795
158.4735,158.514,68437,82532,Rhinolophus ferrumequinum,0.024,0.024,-1,Echolocation,/mnt/ubna_data_02_mir/recover-20221013/UBNA_001/20221012_030000.WAV,Telephone Field,recover-20221013,001,1795
158.5035,158.5396,68437,81647,Rhinolophus ferrumequinum,0.021,0.021,-1,Echolocation,/mnt/ubna_data_02_mir/recover-20221013/UBNA_001/20221012_030000.WAV,Telephone Field,recover-20221013,001,1795
158.5805,158.591,22890,28763,Nyctalus leisleri,0.011,0.027,-1,Echolocation,/mnt/ubna_data_02_mir/recover-20221013/UBNA_001/20221012_030000.WAV,Telephone Field,recover-20221013,001,1795
158.5985,158.64,68437,82812,Rhinolophus ferrumequinum,0.047,0.047,-1,Echolocation,/mnt/ubna_data_02_mir/recover-20221013/UBNA_001/20221012_030000.WAV,Telephone Field,recover-20221013,001,1795
158.6545,158.6632,29765,39157,Eptesicus serotinus,0.008,0.022,-1,Echolocation,/mnt/ubna_data_02_mir/recover-20221013/UBNA_001/20221012_030000.WAV,Telephone Field,recover-20221013,001,1795
158.6635,158.7048,68437,82903,Rhinolophus ferrumequinum,0.033,0.033,-1,Echolocation,/mnt/ubna_data_02_mir/recover-20221013/UBNA_001/20221012_030000.WAV,Telephone Field,recover-20221013,001,1795
158.6765,158.6839,57265,62114,Pipistrellus pygmaeus,0.03,0.03,-1,Echolocation,/mnt/ubna_data_02_mir/recover-20221013/UBNA_001/20221012_030000.WAV,Telephone Field,recover-20221013,001,1795
158.6945,158.7327,68437,82181,Rhinolophus ferrumequinum,0.023,0.023,-1,Echolocation,/mnt/ubna_data_02_mir/recover-20221013/UBNA_001/20221012_030000.WAV,Telephone Field,recover-20221013,001,1795
158.7005,158.7082,28046,37573,Eptesicus serotinus,0.006,0.02,-1,Echolocation,/mnt/ubna_data_02_mir/recover-20221013/UBNA_001/20221012_030000.WAV,Telephone Field,recover-20221013,001,1795
158.7025,158.7427,68437,82500,Rhinolophus ferrumequinum,0.022,0.022,-1,Echolocation,/mnt/ubna_data_02_mir/recover-20221013/UBNA_001/20221012_030000.WAV,Telephone Field,recover-20221013,001,1795
158.7295,158.7676,68437,81762,Rhinolophus ferrumequinum,0.021,0.021,-1,Echolocation,/mnt/ubna_data_02_mir/recover-20221013/UBNA_001/20221012_030000.WAV,Telephone Field,recover-20221013,001,1795
158.7575,158.7658,28046,36633,Eptesicus serotinus,0.007,0.021,-1,Echolocation,/mnt/ubna_data_02_mir/recover-20221013/UBNA_001/20221012_030000.WAV,Telephone Field,recover-20221013,001,1795
158.7695,158.8082,68437,81816,Rhinolophus ferrumequinum,0.022,0.022,-1,Echolocation,/mnt/ubna_data_02_mir/recover-20221013/UBNA_001/20221012_030000.WAV,Telephone Field,recover-20221013,001,1795
158.7705,158.77870000000001,25468,33709,Eptesicus serotinus,0.01,0.028,-1,Echolocation,/mnt/ubna_data_02_mir/recover-20221013/UBNA_001/20221012_030000.WAV,Telephone Field,recover-20221013,001,1795
158.7995,158.8357,68437,81862,Rhinolophus ferrumequinum,0.023,0.023,-1,Echolocation,/mnt/ubna_data_02_mir/recover-20221013/UBNA_001/20221012_030000.WAV,Telephone Field,recover-20221013,001,1795
158.8005,158.8087,26328,37057,Eptesicus serotinus,0.007,0.021,-1,Echolocation,/mnt/ubna_data_02_mir/recover-20221013/UBNA_001/20221012_030000.WAV,Telephone Field,recover-20221013,001,1795
158.8055,158.8421,68437,82203,Rhinolophus ferrumequinum,0.021,0.021,-1,Echolocation,/mnt/ubna_data_02_mir/recover-20221013/UBNA_001/20221012_030000.WAV,Telephone Field,recover-20221013,001,1795
158.8615,158.8995,68437,82453,Rhinolophus ferrumequinum,0.021,0.021,-1,Echolocation,/mnt/ubna_data_02_mir/recover-20221013/UBNA_001/20221012_030000.WAV,Telephone Field,recover-20221013,001,1795
158.8925,158.9329,68437,82934,Rhinolophus ferrumequinum,0.027,0.027,-1,Echolocation,/mnt/ubna_data_02_mir/recover-20221013/UBNA_001/20221012_030000.WAV,Telephone Field,recover-20221013,001,1795
158.9045,158.9151,22890,28041,Nyctalus leisleri,0.01,0.022,-1,Echolocation,/mnt/ubna_data_02_mir/recover-20221013/UBNA_001/20221012_030000.WAV,Telephone Field,recover-20221013,001,1795
158.9255,158.9647,68437,82349,Rhinolophus ferrumequinum,0.023,0.023,-1,Echolocation,/mnt/ubna_data_02_mir/recover-20221013/UBNA_001/20221012_030000.WAV,Telephone Field,recover-20221013,001,1795
158.9375,158.9472,23750,31009,Nyctalus leisleri,0.007,0.022,-1,Echolocation,/mnt/ubna_data_02_mir/recover-20221013/UBNA_001/20221012_030000.WAV,Telephone Field,recover-20221013,001,1795
158.9565,158.9945,68437,82064,Rhinolophus ferrumequinum,0.024,0.024,-1,Echolocation,/mnt/ubna_data_02_mir/recover-20221013/UBNA_001/20221012_030000.WAV,Telephone Field,recover-20221013,001,1795
158.9575,158.9685,28046,34915,Eptesicus serotinus,0.018,0.032,-1,Echolocation,/mnt/ubna_data_02_mir/recover-20221013/UBNA_001/20221012_030000.WAV,Telephone Field,recover-20221013,001,1795
159.0365,159.0767,68437,82483,Rhinolophus ferrumequinum,0.021,0.021,-1,Echolocation,/mnt/ubna_data_02_mir/recover-20221013/UBNA_001/20221012_030000.WAV,Telephone Field,recover-20221013,001,1795
159.0905,159.1002,28046,36274,Eptesicus serotinus,0.01,0.022,-1,Echolocation,/mnt/ubna_data_02_mir/recover-20221013/UBNA_001/20221012_030000.WAV,Telephone Field,recover-20221013,001,1795
159.1085,159.1461,68437,81962,Rhinolophus ferrumequinum,0.024,0.024,-1,Echolocation,/mnt/ubna_data_02_mir/recover-20221013/UBNA_001/20221012_030000.WAV,Telephone Field,recover-20221013,001,1795
159.1155,159.1253,24609,31474,Eptesicus serotinus,0.007,0.021,-1,Echolocation,/mnt/ubna_data_02_mir/recover-20221013/UBNA_001/20221012_030000.WAV,Telephone Field,recover-20221013,001,1795
159.1365,159.17849999999999,68437,82550,Rhinolophus ferrumequinum,0.021,0.021,-1,Echolocation,/mnt/ubna_data_02_mir/recover-20221013/UBNA_001/20221012_030000.WAV,Telephone Field,recover-20221013,001,1795
159.1435,159.1847,68437,82737,Rhinolophus ferrumequinum,0.023,0.023,-1,Echolocation,/mnt/ubna_data_02_mir/recover-20221013/UBNA_001/20221012_030000.WAV,Telephone Field,recover-20221013,001,1795
159.1735,159.1792,33203,44976,Myotis daubentonii,0.01,0.027,-1,Echolocation,/mnt/ubna_data_02_mir/recover-20221013/UBNA_001/20221012_030000.WAV,Telephone Field,recover-20221013,001,1795
159.1745,159.181,28046,44325,Eptesicus serotinus,0.007,0.025,-1,Echolocation,/mnt/ubna_data_02_mir/recover-20221013/UBNA_001/20221012_030000.WAV,Telephone Field,recover-20221013,001,1795
159.2015,159.2407,68437,82548,Rhinolophus ferrumequinum,0.027,0.027,-1,Echolocation,/mnt/ubna_data_02_mir/recover-20221013/UBNA_001/20221012_030000.WAV,Telephone Field,recover-20221013,001,1795
159.2235,159.2638,68437,82277,Rhinolophus ferrumequinum,0.021,0.021,-1,Echolocation,/mnt/ubna_data_02_mir/recover-20221013/UBNA_001/20221012_030000.WAV,Telephone Field,recover-20221013,001,1795
159.2685,159.3058,68437,81642,Rhinolophus ferrumequinum,0.022,0.022,-1,Echolocation,/mnt/ubna_data_02_mir/recover-20221013/UBNA_001/20221012_030000.WAV,Telephone Field,recover-20221013,001,1795
159.2715,159.2805,28046,35156,Eptesicus serotinus,0.04,0.065,-1,Echolocation,/mnt/ubna_data_02_mir/recover-20221013/UBNA_001/20221012_030000.WAV,Telephone Field,recover-20221013,001,1795
159.2975,159.3415,68437,83320,Rhinolophus ferrumequinum,0.023,0.023,-1,Echolocation,/mnt/ubna_data_02_mir/recover-20221013/UBNA_001/20221012_030000.WAV,Telephone Field,recover-20221013,001,1795
159.33350000000002,159.3405,28046,38436,Eptesicus serotinus,0.007,0.024,-1,Echolocation,/mnt/ubna_data_02_mir/recover-20221013/UBNA_001/20221012_030000.WAV,Telephone Field,recover-20221013,001,1795
159.3505,159.3743,18593,21775,Nyctalus noctula,0.043,0.064,-1,Echolocation,/mnt/ubna_data_02_mir/recover-20221013/UBNA_001/20221012_030000.WAV,Telephone Field,recover-20221013,001,1795
159.3565,159.3971,68437,81984,Rhinolophus ferrumequinum,0.023,0.023,-1,Echolocation,/mnt/ubna_data_02_mir/recover-20221013/UBNA_001/20221012_030000.WAV,Telephone Field,recover-20221013,001,1795
159.3655,159.3757,24609,31066,Nyctalus leisleri,0.007,0.021,-1,Echolocation,/mnt/ubna_data_02_mir/recover-20221013/UBNA_001/20221012_030000.WAV,Telephone Field,recover-20221013,001,1795
159.4225,159.4584,68437,81945,Rhinolophus ferrumequinum,0.024,0.024,-1,Echolocation,/mnt/ubna_data_02_mir/recover-20221013/UBNA_001/20221012_030000.WAV,Telephone Field,recover-20221013,001,1795
159.4315,159.4436,51250,55352,Pipistrellus pygmaeus,0.012,0.021,-1,Echolocation,/mnt/ubna_data_02_mir/recover-20221013/UBNA_001/20221012_030000.WAV,Telephone Field,recover-20221013,001,1795
159.4385,159.4758,68437,81583,Rhinolophus ferrumequinum,0.026,0.026,-1,Echolocation,/mnt/ubna_data_02_mir/recover-20221013/UBNA_001/20221012_030000.WAV,Telephone Field,recover-20221013,001,1795
159.4495,159.458,23750,32296,Plecotus austriacus,0.01,0.03,-1,Echolocation,/mnt/ubna_data_02_mir/recover-20221013/UBNA_001/20221012_030000.WAV,Telephone Field,recover-20221013,001,1795
159.4875,159.4951,24609,33572,Plecotus austriacus,0.007,0.02,-1,Echolocation,/mnt/ubna_data_02_mir/recover-20221013/UBNA_001/20221012_030000.WAV,Telephone Field,recover-20221013,001,1795
159.4965,159.5065,27187,35264,Eptesicus serotinus,0.01,0.023,-1,Echolocation,/mnt/ubna_data_02_mir/recover-20221013/UBNA_001/20221012_030000.WAV,Telephone Field,recover-20221013,001,1795
159.4985,159.5388,68437,81992,Rhinolophus ferrumequinum,0.022,0.022,-1,Echolocation,/mnt/ubna_data_02_mir/recover-20221013/UBNA_001/20221012_030000.WAV,Telephone Field,recover-20221013,001,1795
159.5265,159.5343,27187,40391,Eptesicus serotinus,0.008,0.022,-1,Echolocation,/mnt/ubna_data_02_mir/recover-20221013/UBNA_001/20221012_030000.WAV,Telephone Field,recover-20221013,001,1795
159.5565,159.5667,22031,27316,Nyctalus leisleri,0.009,0.02,-1,Echolocation,/mnt/ubna_data_02_mir/recover-20221013/UBNA_001/20221012_030000.WAV,Telephone Field,recover-20221013,001,1795
159.6085,159.649,68437,82405,Rhinolophus ferrumequinum,0.022,0.022,-1,Echolocation,/mnt/ubna_data_02_mir/recover-20221013/UBNA_001/20221012_030000.WAV,Telephone Field,recover-20221013,001,1795
159.6095,159.6188,47812,53940,Pipistrellus pipistrellus,0.021,0.023,-1,Echolocation,/mnt/ubna_data_02_mir/recover-20221013/UBNA_001/20221012_030000.WAV,Telephone Field,recover-20221013,001,1795
159.6725,159.682,22031,27153,Nyctalus leisleri,0.008,0.021,-1,Echolocation,/mnt/ubna_data_02_mir/recover-20221013/UBNA_001/20221012_030000.WAV,Telephone Field,recover-20221013,001,1795
159.7465,159.78379999999999,68437,81208,Rhinolophus ferrumequinum,0.021,0.021,-1,Echolocation,/mnt/ubna_data_02_mir/recover-20221013/UBNA_001/20221012_030000.WAV,Telephone Field,recover-20221013,001,1795
159.7575,159.7993,68437,82653,Rhinolophus ferrumequinum,0.025,0.025,-1,Echolocation,/mnt/ubna_data_02_mir/recover-20221013/UBNA_001/20221012_030000.WAV,Telephone Field,recover-20221013,001,1795
159.7615,159.7811,17734,21606,Nyctalus noctula,0.021,0.032,-1,Echolocation,/mnt/ubna_data_02_mir/recover-20221013/UBNA_001/20221012_030000.WAV,Telephone Field,recover-20221013,001,1795
159.7695,159.8054,68437,81658,Rhinolophus ferrumequinum,0.02,0.02,-1,Echolocation,/mnt/ubna_data_02_mir/recover-20221013/UBNA_001/20221012_030000.WAV,Telephone Field,recover-20221013,001,1795
159.7825,159.8216,68437,82354,Rhinolophus ferrumequinum,0.021,0.021,-1,Echolocation,/mnt/ubna_data_02_mir/recover-20221013/UBNA_001/20221012_030000.WAV,Telephone Field,recover-20221013,001,1795
159.8075,159.8481,68437,82676,Rhinolophus ferrumequinum,0.02,0.02,-1,Echolocation,/mnt/ubna_data_02_mir/recover-20221013/UBNA_001/20221012_030000.WAV,Telephone Field,recover-20221013,001,1795
159.82150000000001,159.8601,68437,82037,Rhinolophus ferrumequinum,0.022,0.022,-1,Echolocation,/mnt/ubna_data_02_mir/recover-20221013/UBNA_001/20221012_030000.WAV,Telephone Field,recover-20221013,001,1795
159.8435,159.8832,68437,82238,Rhinolophus ferrumequinum,0.023,0.023,-1,Echolocation,/mnt/ubna_data_02_mir/recover-20221013/UBNA_001/20221012_030000.WAV,Telephone Field,recover-20221013,001,1795
159.8665,159.9052,68437,83142,Rhinolophus ferrumequinum,0.022,0.022,-1,Echolocation,/mnt/ubna_data_02_mir/recover-20221013/UBNA_001/20221012_030000.WAV,Telephone Field,recover-20221013,001,1795
159.8795,159.918,68437,81359,Rhinolophus ferrumequinum,0.021,0.021,-1,Echolocation,/mnt/ubna_data_02_mir/recover-20221013/UBNA_001/20221012_030000.WAV,Telephone Field,recover-20221013,001,1795
159.9025,159.9379,68437,81680,Rhinolophus ferrumequinum,0.021,0.021,-1,Echolocation,/mnt/ubna_data_02_mir/recover-20221013/UBNA_001/20221012_030000.WAV,Telephone Field,recover-20221013,001,1795
159.9325,159.9398,28046,38447,Eptesicus serotinus,0.006,0.021,-1,Echolocation,/mnt/ubna_data_02_mir/recover-20221013/UBNA_001/20221012_030000.WAV,Telephone Field,recover-20221013,001,1795
159.9415,159.9797,68437,82046,Rhinolophus ferrumequinum,0.023,0.023,-1,Echolocation,/mnt/ubna_data_02_mir/recover-20221013/UBNA_001/20221012_030000.WAV,Telephone Field,recover-20221013,001,1795
160.0015,160.0074,45234,52234,Pipistrellus pipistrellus,0.042,0.048,-1,Echolocation,/mnt/ubna_data_02_mir/recover-20221013/UBNA_001/20221012_030000.WAV,Telephone Field,recover-20221013,001,1795
160.0015,160.0081,25468,38179,Myotis nattereri,0.007,0.031,-1,Echolocation,/mnt/ubna_data_02_mir/recover-20221013/UBNA_001/20221012_030000.WAV,Telephone Field,recover-20221013,001,1795
160.0015,160.0324,68437,80260,Rhinolophus ferrumequinum,0.038,0.038,-1,Echolocation,/mnt/ubna_data_02_mir/recover-20221013/UBNA_001/20221012_030000.WAV,Telephone Field,recover-20221013,001,1795
160.0115,160.05180000000001,68437,82178,Rhinolophus ferrumequinum,0.022,0.022,-1,Echolocation,/mnt/ubna_data_02_mir/recover-20221013/UBNA_001/20221012_030000.WAV,Telephone Field,recover-20221013,001,1795
160.0275,160.0357,27187,39325,Eptesicus serotinus,0.009,0.023,-1,Echolocation,/mnt/ubna_data_02_mir/recover-20221013/UBNA_001/20221012_030000.WAV,Telephone Field,recover-20221013,001,1795
160.0315,160.0407,47812,55237,Pipistrellus pipistrellus,0.019,0.023,-1,Echolocation,/mnt/ubna_data_02_mir/recover-20221013/UBNA_001/20221012_030000.WAV,Telephone Field,recover-20221013,001,1795
160.0375,160.0459,48671,53335,Pipistrellus pipistrellus,0.019,0.022,-1,Echolocation,/mnt/ubna_data_02_mir/recover-20221013/UBNA_001/20221012_030000.WAV,Telephone Field,recover-20221013,001,1795
160.0395,160.047,26328,41840,Eptesicus serotinus,0.006,0.021,-1,Echolocation,/mnt/ubna_data_02_mir/recover-20221013/UBNA_001/20221012_030000.WAV,Telephone Field,recover-20221013,001,1795
160.0525,160.0623,28046,36475,Eptesicus serotinus,0.008,0.022,-1,Echolocation,/mnt/ubna_data_02_mir/recover-20221013/UBNA_001/20221012_030000.WAV,Telephone Field,recover-20221013,001,1795
160.0765,160.0847,28046,39864,Eptesicus serotinus,0.007,0.021,-1,Echolocation,/mnt/ubna_data_02_mir/recover-20221013/UBNA_001/20221012_030000.WAV,Telephone Field,recover-20221013,001,1795
160.1005,160.1079,27187,38784,Eptesicus serotinus,0.007,0.025,-1,Echolocation,/mnt/ubna_data_02_mir/recover-20221013/UBNA_001/20221012_030000.WAV,Telephone Field,recover-20221013,001,1795
160.1105,160.152,68437,82983,Rhinolophus ferrumequinum,0.039,0.039,-1,Echolocation,/mnt/ubna_data_02_mir/recover-20221013/UBNA_001/20221012_030000.WAV,Telephone Field,recover-20221013,001,1795
160.1145,160.1229,25468,35233,Eptesicus serotinus,0.008,0.026,-1,Echolocation,/mnt/ubna_data_02_mir/recover-20221013/UBNA_001/20221012_030000.WAV,Telephone Field,recover-20221013,001,1795
160.1235,160.1311,23750,32397,Plecotus austriacus,0.012,0.034,-1,Echolocation,/mnt/ubna_data_02_mir/recover-20221013/UBNA_001/20221012_030000.WAV,Telephone Field,recover-20221013,001,1795
160.1315,160.1389,23750,33171,Plecotus austriacus,0.02,0.041,-1,Echolocation,/mnt/ubna_data_02_mir/recover-20221013/UBNA_001/20221012_030000.WAV,Telephone Field,recover-20221013,001,1795
160.1425,160.18,68437,81549,Rhinolophus ferrumequinum,0.021,0.022,-1,Echolocation,/mnt/ubna_data_02_mir/recover-20221013/UBNA_001/20221012_030000.WAV,Telephone Field,recover-20221013,001,1795
160.1465,160.1566,54687,58696,Pipistrellus pygmaeus,0.045,0.047,-1,Echolocation,/mnt/ubna_data_02_mir/recover-20221013/UBNA_001/20221012_030000.WAV,Telephone Field,recover-20221013,001,1795
160.1705,160.2088,68437,82126,Rhinolophus ferrumequinum,0.026,0.026,-1,Echolocation,/mnt/ubna_data_02_mir/recover-20221013/UBNA_001/20221012_030000.WAV,Telephone Field,recover-20221013,001,1795
160.1835,160.194,22031,26286,Nyctalus leisleri,0.011,0.021,-1,Echolocation,/mnt/ubna_data_02_mir/recover-20221013/UBNA_001/20221012_030000.WAV,Telephone Field,recover-20221013,001,1795
160.1985,160.237,68437,82627,Rhinolophus ferrumequinum,0.026,0.026,-1,Echolocation,/mnt/ubna_data_02_mir/recover-20221013/UBNA_001/20221012_030000.WAV,Telephone Field,recover-20221013,001,1795
160.20850000000002,160.2195,22890,28138,Nyctalus leisleri,0.011,0.023,-1,Echolocation,/mnt/ubna_data_02_mir/recover-20221013/UBNA_001/20221012_030000.WAV,Telephone Field,recover-20221013,001,1795
160.2825,160.319,68437,81431,Rhinolophus ferrumequinum,0.021,0.021,-1,Echolocation,/mnt/ubna_data_02_mir/recover-20221013/UBNA_001/20221012_030000.WAV,Telephone Field,recover-20221013,001,1795
160.2995,160.3094,28906,36213,Eptesicus serotinus,0.021,0.041,-1,Echolocation,/mnt/ubna_data_02_mir/recover-20221013/UBNA_001/20221012_030000.WAV,Telephone Field,recover-20221013,001,1795
160.3165,160.3235,23750,37551,Plecotus austriacus,0.017,0.036,-1,Echolocation,/mnt/ubna_data_02_mir/recover-20221013/UBNA_001/20221012_030000.WAV,Telephone Field,recover-20221013,001,1795
160.32150000000001,160.3579,68437,81566,Rhinolophus ferrumequinum,0.021,0.021,-1,Echolocation,/mnt/ubna_data_02_mir/recover-20221013/UBNA_001/20221012_030000.WAV,Telephone Field,recover-20221013,001,1795
160.3455,160.3827,68437,82080,Rhinolophus ferrumequinum,0.024,0.024,-1,Echolocation,/mnt/ubna_data_02_mir/recover-20221013/UBNA_001/20221012_030000.WAV,Telephone Field,recover-20221013,001,1795
160.3525,160.3631,22890,28629,Nyctalus leisleri,0.009,0.023,-1,Echolocation,/mnt/ubna_data_02_mir/recover-20221013/UBNA_001/20221012_030000.WAV,Telephone Field,recover-20221013,001,1795
160.3565,160.3925,68437,81803,Rhinolophus ferrumequinum,0.023,0.023,-1,Echolocation,/mnt/ubna_data_02_mir/recover-20221013/UBNA_001/20221012_030000.WAV,Telephone Field,recover-20221013,001,1795
160.3785,160.3873,28906,36600,Eptesicus serotinus,0.007,0.02,-1,Echolocation,/mnt/ubna_data_02_mir/recover-20221013/UBNA_001/20221012_030000.WAV,Telephone Field,recover-20221013,001,1795
160.4075,160.447,68437,82905,Rhinolophus ferrumequinum,0.029,0.029,-1,Echolocation,/mnt/ubna_data_02_mir/recover-20221013/UBNA_001/20221012_030000.WAV,Telephone Field,recover-20221013,001,1795
160.4095,160.4164,28046,38885,Eptesicus serotinus,0.007,0.022,-1,Echolocation,/mnt/ubna_data_02_mir/recover-20221013/UBNA_001/20221012_030000.WAV,Telephone Field,recover-20221013,001,1795
160.4115,160.4192,23750,31955,Plecotus austriacus,0.008,0.022,-1,Echolocation,/mnt/ubna_data_02_mir/recover-20221013/UBNA_001/20221012_030000.WAV,Telephone Field,recover-20221013,001,1795
160.4355,160.4749,68437,82240,Rhinolophus ferrumequinum,0.024,0.024,-1,Echolocation,/mnt/ubna_data_02_mir/recover-20221013/UBNA_001/20221012_030000.WAV,Telephone Field,recover-20221013,001,1795
160.4515,160.4935,68437,83559,Rhinolophus ferrumequinum,0.045,0.045,-1,Echolocation,/mnt/ubna_data_02_mir/recover-20221013/UBNA_001/20221012_030000.WAV,Telephone Field,recover-20221013,001,1795
160.4625,160.47129999999999,22890,29699,Plecotus austriacus,0.008,0.022,-1,Echolocation,/mnt/ubna_data_02_mir/recover-20221013/UBNA_001/20221012_030000.WAV,Telephone Field,recover-20221013,001,1795
160.4815,160.493,48671,52364,Pipistrellus pipistrellus,0.023,0.027,-1,Echolocation,/mnt/ubna_data_02_mir/recover-20221013/UBNA_001/20221012_030000.WAV,Telephone Field,recover-20221013,001,1795
160.4825,160.5208,68437,82421,Rhinolophus ferrumequinum,0.023,0.023,-1,Echolocation,/mnt/ubna_data_02_mir/recover-20221013/UBNA_001/20221012_030000.WAV,Telephone Field,recover-20221013,001,1795
160.4895,160.4978,25468,34898,Eptesicus serotinus,0.011,0.035,-1,Echolocation,/mnt/ubna_data_02_mir/recover-20221013/UBNA_001/20221012_030000.WAV,Telephone Field,recover-20221013,001,1795
160.5035,160.5382,68437,81098,Rhinolophus ferrumequinum,0.021,0.021,-1,Echolocation,/mnt/ubna_data_02_mir/recover-20221013/UBNA_001/20221012_030000.WAV,Telephone Field,recover-20221013,001,1795
160.5305,160.5714,68437,82607,Rhinolophus ferrumequinum,0.028,0.028,-1,Echolocation,/mnt/ubna_data_02_mir/recover-20221013/UBNA_001/20221012_030000.WAV,Telephone Field,recover-20221013,001,1795
160.5745,160.6101,68437,81176,Rhinolophus ferrumequinum,0.021,0.021,-1,Echolocation,/mnt/ubna_data_02_mir/recover-20221013/UBNA_001/20221012_030000.WAV,Telephone Field,recover-20221013,001,1795
160.5775,160.5882,23750,30227,Nyctalus leisleri,0.008,0.022,-1,Echolocation,/mnt/ubna_data_02_mir/recover-20221013/UBNA_001/20221012_030000.WAV,Telephone Field,recover-20221013,001,1795
160.5785,160.5889,28906,36113,Eptesicus serotinus,0.008,0.022,-1,Echolocation,/mnt/ubna_data_02_mir/recover-20221013/UBNA_001/20221012_030000.WAV,Telephone Field,recover-20221013,001,1795
160.6555,160.6929,68437,81568,Rhinolophus ferrumequinum,0.024,0.024,-1,Echolocation,/mnt/ubna_data_02_mir/recover-20221013/UBNA_001/20221012_030000.WAV,Telephone Field,recover-20221013,001,1795
160.6805,160.7218,68437,82948,Rhinolophus ferrumequinum,0.029,0.029,-1,Echolocation,/mnt/ubna_data_02_mir/recover-20221013/UBNA_001/20221012_030000.WAV,Telephone Field,recover-20221013,001,1795
160.6915,160.70159999999998,24609,30274,Nyctalus leisleri,0.01,0.026,-1,Echolocation,/mnt/ubna_data_02_mir/recover-20221013/UBNA_001/20221012_030000.WAV,Telephone Field,recover-20221013,001,1795
160.6955,160.7369,68437,82640,Rhinolophus ferrumequinum,0.023,0.023,-1,Echolocation,/mnt/ubna_data_02_mir/recover-20221013/UBNA_001/20221012_030000.WAV,Telephone Field,recover-20221013,001,1795
160.7235,160.7417,18593,22943,Nyctalus noctula,0.02,0.034,-1,Echolocation,/mnt/ubna_data_02_mir/recover-20221013/UBNA_001/20221012_030000.WAV,Telephone Field,recover-20221013,001,1795
160.7965,160.8339,68437,82279,Rhinolophus ferrumequinum,0.021,0.021,-1,Echolocation,/mnt/ubna_data_02_mir/recover-20221013/UBNA_001/20221012_030000.WAV,Telephone Field,recover-20221013,001,1795
160.8115,160.8478,68437,82121,Rhinolophus ferrumequinum,0.021,0.021,-1,Echolocation,/mnt/ubna_data_02_mir/recover-20221013/UBNA_001/20221012_030000.WAV,Telephone Field,recover-20221013,001,1795
160.8245,160.8626,68437,82019,Rhinolophus ferrumequinum,0.021,0.021,-1,Echolocation,/mnt/ubna_data_02_mir/recover-20221013/UBNA_001/20221012_030000.WAV,Telephone Field,recover-20221013,001,1795
160.8565,160.8958,68437,81625,Rhinolophus ferrumequinum,0.024,0.024,-1,Echolocation,/mnt/ubna_data_02_mir/recover-20221013/UBNA_001/20221012_030000.WAV,Telephone Field,recover-20221013,001,1795
160.8665,160.9024,68437,81092,Rhinolophus ferrumequinum,0.023,0.023,-1,Echolocation,/mnt/ubna_data_02_mir/recover-20221013/UBNA_001/20221012_030000.WAV,Telephone Field,recover-20221013,001,1795
160.8745,160.9115,68437,82054,Rhinolophus ferrumequinum,0.026,0.027,-1,Echolocation,/mnt/ubna_data_02_mir/recover-20221013/UBNA_001/20221012_030000.WAV,Telephone Field,recover-20221013,001,1795
160.9145,160.95420000000001,68437,82686,Rhinolophus ferrumequinum,0.025,0.025,-1,Echolocation,/mnt/ubna_data_02_mir/recover-20221013/UBNA_001/20221012_030000.WAV,Telephone Field,recover-20221013,001,1795
160.9295,160.9665,68437,81072,Rhinolophus ferrumequinum,0.021,0.021,-1,Echolocation,/mnt/ubna_data_02_mir/recover-20221013/UBNA_001/20221012_030000.WAV,Telephone Field,recover-20221013,001,1795
161.0035,161.0396,68437,81624,Rhinolophus ferrumequinum,0.021,0.021,-1,Echolocation,/mnt/ubna_data_02_mir/recover-20221013/UBNA_001/20221012_030000.WAV,Telephone Field,recover-20221013,001,1795
161.0055,161.014,28906,39611,Eptesicus serotinus,0.007,0.021,-1,Echolocation,/mnt/ubna_data_02_mir/recover-20221013/UBNA_001/20221012_030000.WAV,Telephone Field,recover-20221013,001,1795
161.0245,161.0627,68437,82285,Rhinolophus ferrumequinum,0.031,0.031,-1,Echolocation,/mnt/ubna_data_02_mir/recover-20221013/UBNA_001/20221012_030000.WAV,Telephone Field,recover-20221013,001,1795
161.0375,161.0467,27187,35347,Eptesicus serotinus,0.008,0.021,-1,Echolocation,/mnt/ubna_data_02_mir/recover-20221013/UBNA_001/20221012_030000.WAV,Telephone Field,recover-20221013,001,1795
161.0405,161.0779,68437,82051,Rhinolophus ferrumequinum,0.021,0.021,-1,Echolocation,/mnt/ubna_data_02_mir/recover-20221013/UBNA_001/20221012_030000.WAV,Telephone Field,recover-20221013,001,1795
161.0545,161.0649,22890,28948,Nyctalus leisleri,0.01,0.024,-1,Echolocation,/mnt/ubna_data_02_mir/recover-20221013/UBNA_001/20221012_030000.WAV,Telephone Field,recover-20221013,001,1795
161.0685,161.0783,28046,37414,Eptesicus serotinus,0.009,0.022,-1,Echolocation,/mnt/ubna_data_02_mir/recover-20221013/UBNA_001/20221012_030000.WAV,Telephone Field,recover-20221013,001,1795
161.0805,161.0878,28046,45614,Eptesicus serotinus,0.007,0.023,-1,Echolocation,/mnt/ubna_data_02_mir/recover-20221013/UBNA_001/20221012_030000.WAV,Telephone Field,recover-20221013,001,1795
161.1255,161.1624,68437,82246,Rhinolophus ferrumequinum,0.025,0.025,-1,Echolocation,/mnt/ubna_data_02_mir/recover-20221013/UBNA_001/20221012_030000.WAV,Telephone Field,recover-20221013,001,1795
161.1425,161.18110000000001,68437,82070,Rhinolophus ferrumequinum,0.026,0.026,-1,Echolocation,/mnt/ubna_data_02_mir/recover-20221013/UBNA_001/20221012_030000.WAV,Telephone Field,recover-20221013,001,1795
161.1805,161.1925,30625,36281,Eptesicus serotinus,0.027,0.053,-1,Echolocation,/mnt/ubna_data_02_mir/recover-20221013/UBNA_001/20221012_030000.WAV,Telephone Field,recover-20221013,001,1795
161.1955,161.2332,68437,81466,Rhinolophus ferrumequinum,0.021,0.022,-1,Echolocation,/mnt/ubna_data_02_mir/recover-20221013/UBNA_001/20221012_030000.WAV,Telephone Field,recover-20221013,001,1795
161.2545,161.2947,68437,82716,Rhinolophus ferrumequinum,0.021,0.021,-1,Echolocation,/mnt/ubna_data_02_mir/recover-20221013/UBNA_001/20221012_030000.WAV,Telephone Field,recover-20221013,001,1795
161.2725,161.2824,28906,38854,Eptesicus serotinus,0.011,0.024,-1,Echolocation,/mnt/ubna_data_02_mir/recover-20221013/UBNA_001/20221012_030000.WAV,Telephone Field,recover-20221013,001,1795
161.3095,161.3194,22890,29231,Nyctalus leisleri,0.01,0.026,-1,Echolocation,/mnt/ubna_data_02_mir/recover-20221013/UBNA_001/20221012_030000.WAV,Telephone Field,recover-20221013,001,1795
161.3125,161.3523,68437,83255,Rhinolophus ferrumequinum,0.027,0.027,-1,Echolocation,/mnt/ubna_data_02_mir/recover-20221013/UBNA_001/20221012_030000.WAV,Telephone Field,recover-20221013,001,1795
161.3755,161.4127,68437,81826,Rhinolophus ferrumequinum,0.026,0.026,-1,Echolocation,/mnt/ubna_data_02_mir/recover-20221013/UBNA_001/20221012_030000.WAV,Telephone Field,recover-20221013,001,1795
161.3835,161.3916,26328,35388,Eptesicus serotinus,0.008,0.024,-1,Echolocation,/mnt/ubna_data_02_mir/recover-20221013/UBNA_001/20221012_030000.WAV,Telephone Field,recover-20221013,001,1795
161.3995,161.4055,39218,67960,Myotis brandtii,0.009,0.024,-1,Echolocation,/mnt/ubna_data_02_mir/recover-20221013/UBNA_001/20221012_030000.WAV,Telephone Field,recover-20221013,001,1795
161.3995,161.4064,45234,63037,Myotis mystacinus,0.01,0.023,-1,Echolocation,/mnt/ubna_data_02_mir/recover-20221013/UBNA_001/20221012_030000.WAV,Telephone Field,recover-20221013,001,1795
161.4055,161.4146,28046,38923,Eptesicus serotinus,0.009,0.022,-1,Echolocation,/mnt/ubna_data_02_mir/recover-20221013/UBNA_001/20221012_030000.WAV,Telephone Field,recover-20221013,001,1795
161.4155,161.45589999999999,68437,82115,Rhinolophus ferrumequinum,0.023,0.023,-1,Echolocation,/mnt/ubna_data_02_mir/recover-20221013/UBNA_001/20221012_030000.WAV,Telephone Field,recover-20221013,001,1795
161.41649999999998,161.4253,28906,38172,Eptesicus serotinus,0.008,0.022,-1,Echolocation,/mnt/ubna_data_02_mir/recover-20221013/UBNA_001/20221012_030000.WAV,Telephone Field,recover-20221013,001,1795
161.4245,161.4627,68437,82725,Rhinolophus ferrumequinum,0.022,0.022,-1,Echolocation,/mnt/ubna_data_02_mir/recover-20221013/UBNA_001/20221012_030000.WAV,Telephone Field,recover-20221013,001,1795
161.4355,161.446,24609,31321,Eptesicus serotinus,0.008,0.021,-1,Echolocation,/mnt/ubna_data_02_mir/recover-20221013/UBNA_001/20221012_030000.WAV,Telephone Field,recover-20221013,001,1795
161.4365,161.4754,68437,82333,Rhinolophus ferrumequinum,0.022,0.022,-1,Echolocation,/mnt/ubna_data_02_mir/recover-20221013/UBNA_001/20221012_030000.WAV,Telephone Field,recover-20221013,001,1795
161.4695,161.5095,68437,82377,Rhinolophus ferrumequinum,0.024,0.024,-1,Echolocation,/mnt/ubna_data_02_mir/recover-20221013/UBNA_001/20221012_030000.WAV,Telephone Field,recover-20221013,001,1795
161.4915,161.5312,68437,82572,Rhinolophus ferrumequinum,0.021,0.021,-1,Echolocation,/mnt/ubna_data_02_mir/recover-20221013/UBNA_001/20221012_030000.WAV,Telephone Field,recover-20221013,001,1795
161.5135,161.5203,27187,40143,Eptesicus serotinus,0.005,0.021,-1,Echolocation,/mnt/ubna_data_02_mir/recover-20221013/UBNA_001/20221012_030000.WAV,Telephone Field,recover-20221013,001,1795
161.5185,161.5597,68437,82508,Rhinolophus ferrumequinum,0.026,0.026,-1,Echolocation,/mnt/ubna_data_02_mir/recover-20221013/UBNA_001/20221012_030000.WAV,Telephone Field,recover-20221013,001,1795
161.5245,161.5669,68437,83127,Rhinolophus ferrumequinum,0.029,0.029,-1,Echolocation,/mnt/ubna_data_02_mir/recover-20221013/UBNA_001/20221012_030000.WAV,Telephone Field,recover-20221013,001,1795
161.5265,161.5357,28046,37894,Eptesicus serotinus,0.009,0.024,-1,Echolocation,/mnt/ubna_data_02_mir/recover-20221013/UBNA_001/20221012_030000.WAV,Telephone Field,recover-20221013,001,1795
161.5575,161.5942,68437,81933,Rhinolophus ferrumequinum,0.024,0.024,-1,Echolocation,/mnt/ubna_data_02_mir/recover-20221013/UBNA_001/20221012_030000.WAV,Telephone Field,recover-20221013,001,1795
161.5845,161.6253,68437,82492,Rhinolophus ferrumequinum,0.025,0.025,-1,Echolocation,/mnt/ubna_data_02_mir/recover-20221013/UBNA_001/20221012_030000.WAV,Telephone Field,recover-20221013,001,1795
161.5995,161.6071,27187,38111,Eptesicus serotinus,0.007,0.022,-1,Echolocation,/mnt/ubna_data_02_mir/recover-20221013/UBNA_001/20221012_030000.WAV,Telephone Field,recover-20221013,001,1795
161.6215,161.6293,51250,56957,Pipistrellus pipistrellus,0.016,0.021,-1,Echolocation,/mnt/ubna_data_02_mir/recover-20221013/UBNA_001/20221012_030000.WAV,Telephone Field,recover-20221013,001,1795
161.6435,161.6813,68437,81756,Rhinolophus ferrumequinum,0.021,0.021,-1,Echolocation,/mnt/ubna_data_02_mir/recover-20221013/UBNA_001/20221012_030000.WAV,Telephone Field,recover-20221013,001,1795
161.6485,161.6584,47812,51103,Pipistrellus pipistrellus,0.021,0.024,-1,Echolocation,/mnt/ubna_data_02_mir/recover-20221013/UBNA_001/20221012_030000.WAV,Telephone Field,recover-20221013,001,1795
161.6655,161.707,68437,82974,Rhinolophus ferrumequinum,0.025,0.025,-1,Echolocation,/mnt/ubna_data_02_mir/recover-20221013/UBNA_001/20221012_030000.WAV,Telephone Field,recover-20221013,001,1795
161.6735,161.7141,68437,82351,Rhinolophus ferrumequinum,0.025,0.025,-1,Echolocation,/mnt/ubna_data_02_mir/recover-20221013/UBNA_001/20221012_030000.WAV,Telephone Field,recover-20221013,001,1795
161.70850000000002,161.7445,68437,82252,Rhinolophus ferrumequinum,0.023,0.023,-1,Echolocation,/mnt/ubna_data_02_mir/recover-20221013/UBNA_001/20221012_030000.WAV,Telephone Field,recover-20221013,001,1795
161.7255,161.7643,68437,82248,Rhinolophus ferrumequinum,0.022,0.022,-1,Echolocation,/mnt/ubna_data_02_mir/recover-20221013/UBNA_001/20221012_030000.WAV,Telephone Field,recover-20221013,001,1795
161.7285,161.7377,26328,33390,Eptesicus serotinus,0.011,0.033,-1,Echolocation,/mnt/ubna_data_02_mir/recover-20221013/UBNA_001/20221012_030000.WAV,Telephone Field,recover-20221013,001,1795
161.7495,161.7858,68437,82360,Rhinolophus ferrumequinum,0.022,0.022,-1,Echolocation,/mnt/ubna_data_02_mir/recover-20221013/UBNA_001/20221012_030000.WAV,Telephone Field,recover-20221013,001,1795
161.7525,161.7611,27187,37364,Eptesicus serotinus,0.007,0.021,-1,Echolocation,/mnt/ubna_data_02_mir/recover-20221013/UBNA_001/20221012_030000.WAV,Telephone Field,recover-20221013,001,1795
161.7585,161.7981,68437,81908,Rhinolophus ferrumequinum,0.021,0.021,-1,Echolocation,/mnt/ubna_data_02_mir/recover-20221013/UBNA_001/20221012_030000.WAV,Telephone Field,recover-20221013,001,1795
161.7745,161.812,68437,81570,Rhinolophus ferrumequinum,0.021,0.021,-1,Echolocation,/mnt/ubna_data_02_mir/recover-20221013/UBNA_001/20221012_030000.WAV,Telephone Field,recover-20221013,001,1795
161.7995,161.8378,68437,81497,Rhinolophus ferrumequinum,0.021,0.021,-1,Echolocation,/mnt/ubna_data_02_mir/recover-20221013/UBNA_001/20221012_030000.WAV,Telephone Field,recover-20221013,001,1795
161.82150000000001,161.8563,68437,80860,Rhinolophus ferrumequinum,0.02,0.02,-1,Echolocation,/mnt/ubna_data_02_mir/recover-20221013/UBNA_001/20221012_030000.WAV,Telephone Field,recover-20221013,001,1795
161.8465,161.8544,28046,40142,Eptesicus serotinus,0.01,0.027,-1,Echolocation,/mnt/ubna_data_02_mir/recover-20221013/UBNA_001/20221012_030000.WAV,Telephone Field,recover-20221013,001,1795
161.8675,161.9054,68437,82560,Rhinolophus ferrumequinum,0.023,0.023,-1,Echolocation,/mnt/ubna_data_02_mir/recover-20221013/UBNA_001/20221012_030000.WAV,Telephone Field,recover-20221013,001,1795
161.9035,161.9131,25468,32781,Nyctalus leisleri,0.008,0.025,-1,Echolocation,/mnt/ubna_data_02_mir/recover-20221013/UBNA_001/20221012_030000.WAV,Telephone Field,recover-20221013,001,1795
161.9045,161.9433,68437,82189,Rhinolophus ferrumequinum,0.021,0.021,-1,Echolocation,/mnt/ubna_data_02_mir/recover-20221013/UBNA_001/20221012_030000.WAV,Telephone Field,recover-20221013,001,1795
161.9545,161.961,48671,53947,Pipistrellus pipistrellus,0.019,0.02,-1,Echolocation,/mnt/ubna_data_02_mir/recover-20221013/UBNA_001/20221012_030000.WAV,Telephone Field,recover-20221013,001,1795
161.9775,161.9887,22890,27143,Nyctalus leisleri,0.011,0.022,-1,Echolocation,/mnt/ubna_data_02_mir/recover-20221013/UBNA_001/20221012_030000.WAV,Telephone Field,recover-20221013,001,1795
162.0015,162.0084,24609,34267,Plecotus austriacus,0.005,0.023,-1,Echolocation,/mnt/ubna_data_02_mir/recover-20221013/UBNA_001/20221012_030000.WAV,Telephone Field,recover-20221013,001,1795
162.0015,162.0352,69296,81299,Rhinolophus ferrumequinum,0.034,0.034,-1,Echolocation,/mnt/ubna_data_02_mir/recover-20221013/UBNA_001/20221012_030000.WAV,Telephone Field,recover-20221013,001,1795
162.0075,162.0496,68437,82085,Rhinolophus ferrumequinum,0.022,0.022,-1,Echolocation,/mnt/ubna_data_02_mir/recover-20221013/UBNA_001/20221012_030000.WAV,Telephone Field,recover-20221013,001,1795
162.0175,162.0382,18593,21706,Nyctalus noctula,0.012,0.023,-1,Echolocation,/mnt/ubna_data_02_mir/recover-20221013/UBNA_001/20221012_030000.WAV,Telephone Field,recover-20221013,001,1795
162.0225,162.0296,28046,38601,Eptesicus serotinus,0.006,0.022,-1,Echolocation,/mnt/ubna_data_02_mir/recover-20221013/UBNA_001/20221012_030000.WAV,Telephone Field,recover-20221013,001,1795
162.0815,162.0908,26328,34651,Eptesicus serotinus,0.009,0.022,-1,Echolocation,/mnt/ubna_data_02_mir/recover-20221013/UBNA_001/20221012_030000.WAV,Telephone Field,recover-20221013,001,1795
162.1015,162.141,68437,82240,Rhinolophus ferrumequinum,0.028,0.028,-1,Echolocation,/mnt/ubna_data_02_mir/recover-20221013/UBNA_001/20221012_030000.WAV,Telephone Field,recover-20221013,001,1795
162.1255,162.1645,68437,82500,Rhinolophus ferrumequinum,0.024,0.024,-1,Echolocation,/mnt/ubna_data_02_mir/recover-20221013/UBNA_001/20221012_030000.WAV,Telephone Field,recover-20221013,001,1795
162.1275,162.1371,25468,32714,Eptesicus serotinus,0.012,0.033,-1,Echolocation,/mnt/ubna_data_02_mir/recover-20221013/UBNA_001/20221012_030000.WAV,Telephone Field,recover-20221013,001,1795
162.1415,162.1491,28046,44249,Eptesicus serotinus,0.006,0.02,-1,Echolocation,/mnt/ubna_data_02_mir/recover-20221013/UBNA_001/20221012_030000.WAV,Telephone Field,recover-20221013,001,1795
162.1485,162.1572,27187,38655,Eptesicus serotinus,0.007,0.02,-1,Echolocation,/mnt/ubna_data_02_mir/recover-20221013/UBNA_001/20221012_030000.WAV,Telephone Field,recover-20221013,001,1795
162.16649999999998,162.2064,68437,82958,Rhinolophus ferrumequinum,0.021,0.021,-1,Echolocation,/mnt/ubna_data_02_mir/recover-20221013/UBNA_001/20221012_030000.WAV,Telephone Field,recover-20221013,001,1795
162.2025,162.2442,68437,82775,Rhinolophus ferrumequinum,0.029,0.029,-1,Echolocation,/mnt/ubna_data_02_mir/recover-20221013/UBNA_001/20221012_030000.WAV,Telephone Field,recover-20221013,001,1795
162.2035,162.2114,28046,38581,Eptesicus serotinus,0.007,0.022,-1,Echolocation,/mnt/ubna_data_02_mir/recover-20221013/UBNA_001/20221012_030000.WAV,Telephone Field,recover-20221013,001,1795
162.2345,162.2717,68437,81471,Rhinolophus ferrumequinum,0.022,0.022,-1,Echolocation,/mnt/ubna_data_02_mir/recover-20221013/UBNA_001/20221012_030000.WAV,Telephone Field,recover-20221013,001,1795
162.2445,162.2541,25468,32862,Eptesicus serotinus,0.009,0.027,-1,Echolocation,/mnt/ubna_data_02_mir/recover-20221013/UBNA_001/20221012_030000.WAV,Telephone Field,recover-20221013,001,1795
162.2875,162.32659999999998,68437,82624,Rhinolophus ferrumequinum,0.021,0.021,-1,Echolocation,/mnt/ubna_data_02_mir/recover-20221013/UBNA_001/20221012_030000.WAV,Telephone Field,recover-20221013,001,1795
162.3065,162.3472,68437,82350,Rhinolophus ferrumequinum,0.024,0.024,-1,Echolocation,/mnt/ubna_data_02_mir/recover-20221013/UBNA_001/20221012_030000.WAV,Telephone Field,recover-20221013,001,1795
162.3305,162.3736,68437,83105,Rhinolophus ferrumequinum,0.026,0.026,-1,Echolocation,/mnt/ubna_data_02_mir/recover-20221013/UBNA_001/20221012_030000.WAV,Telephone Field,recover-20221013,001,1795
162.3385,162.3779,68437,82191,Rhinolophus ferrumequinum,0.021,0.021,-1,Echolocation,/mnt/ubna_data_02_mir/recover-20221013/UBNA_001/20221012_030000.WAV,Telephone Field,recover-20221013,001,1795
162.3475,162.3546,23750,36581,Plecotus austriacus,0.007,0.021,-1,Echolocation,/mnt/ubna_data_02_mir/recover-20221013/UBNA_001/20221012_030000.WAV,Telephone Field,recover-20221013,001,1795
162.3665,162.4061,68437,81908,Rhinolophus ferrumequinum,0.021,0.021,-1,Echolocation,/mnt/ubna_data_02_mir/recover-20221013/UBNA_001/20221012_030000.WAV,Telephone Field,recover-20221013,001,1795
162.3705,162.382,22890,28547,Nyctalus leisleri,0.013,0.028,-1,Echolocation,/mnt/ubna_data_02_mir/recover-20221013/UBNA_001/20221012_030000.WAV,Telephone Field,recover-20221013,001,1795
162.3905,162.4292,68437,82150,Rhinolophus ferrumequinum,0.022,0.022,-1,Echolocation,/mnt/ubna_data_02_mir/recover-20221013/UBNA_001/20221012_030000.WAV,Telephone Field,recover-20221013,001,1795
162.4195,162.4263,28046,39857,Eptesicus serotinus,0.007,0.027,-1,Echolocation,/mnt/ubna_data_02_mir/recover-20221013/UBNA_001/20221012_030000.WAV,Telephone Field,recover-20221013,001,1795
162.4345,162.446,22890,27847,Nyctalus leisleri,0.011,0.023,-1,Echolocation,/mnt/ubna_data_02_mir/recover-20221013/UBNA_001/20221012_030000.WAV,Telephone Field,recover-20221013,001,1795
162.4415,162.4546,22031,26481,Nyctalus leisleri,0.012,0.022,-1,Echolocation,/mnt/ubna_data_02_mir/recover-20221013/UBNA_001/20221012_030000.WAV,Telephone Field,recover-20221013,001,1795
162.4455,162.4851,68437,82441,Rhinolophus ferrumequinum,0.024,0.024,-1,Echolocation,/mnt/ubna_data_02_mir/recover-20221013/UBNA_001/20221012_030000.WAV,Telephone Field,recover-20221013,001,1795
162.4915,162.535,68437,83455,Rhinolophus ferrumequinum,0.035,0.035,-1,Echolocation,/mnt/ubna_data_02_mir/recover-20221013/UBNA_001/20221012_030000.WAV,Telephone Field,recover-20221013,001,1795
162.5275,162.5362,22890,29610,Plecotus austriacus,0.008,0.021,-1,Echolocation,/mnt/ubna_data_02_mir/recover-20221013/UBNA_001/20221012_030000.WAV,Telephone Field,recover-20221013,001,1795
162.5695,162.5804,28046,35481,Eptesicus serotinus,0.021,0.038,-1,Echolocation,/mnt/ubna_data_02_mir/recover-20221013/UBNA_001/20221012_030000.WAV,Telephone Field,recover-20221013,001,1795
162.6195,162.6283,22890,29503,Plecotus austriacus,0.008,0.021,-1,Echolocation,/mnt/ubna_data_02_mir/recover-20221013/UBNA_001/20221012_030000.WAV,Telephone Field,recover-20221013,001,1795
162.6325,162.6689,68437,81497,Rhinolophus ferrumequinum,0.022,0.022,-1,Echolocation,/mnt/ubna_data_02_mir/recover-20221013/UBNA_001/20221012_030000.WAV,Telephone Field,recover-20221013,001,1795
162.7145,162.7204,32343,43780,Myotis daubentonii,0.01,0.024,-1,Echolocation,/mnt/ubna_data_02_mir/recover-20221013/UBNA_001/20221012_030000.WAV,Telephone Field,recover-20221013,001,1795
162.7295,162.7401,23750,30225,Nyctalus leisleri,0.008,0.022,-1,Echolocation,/mnt/ubna_data_02_mir/recover-20221013/UBNA_001/20221012_030000.WAV,Telephone Field,recover-20221013,001,1795
162.8005,162.8409,68437,81974,Rhinolophus ferrumequinum,0.023,0.023,-1,Echolocation,/mnt/ubna_data_02_mir/recover-20221013/UBNA_001/20221012_030000.WAV,Telephone Field,recover-20221013,001,1795
162.8365,162.8455,27187,39677,Eptesicus serotinus,0.012,0.028,-1,Echolocation,/mnt/ubna_data_02_mir/recover-20221013/UBNA_001/20221012_030000.WAV,Telephone Field,recover-20221013,001,1795
162.8515,162.8633,22890,27057,Nyctalus leisleri,0.014,0.025,-1,Echolocation,/mnt/ubna_data_02_mir/recover-20221013/UBNA_001/20221012_030000.WAV,Telephone Field,recover-20221013,001,1795
162.8565,162.89600000000002,68437,81543,Rhinolophus ferrumequinum,0.023,0.023,-1,Echolocation,/mnt/ubna_data_02_mir/recover-20221013/UBNA_001/20221012_030000.WAV,Telephone Field,recover-20221013,001,1795
162.8635,162.8687,37500,54399,Myotis daubentonii,0.006,0.024,-1,Echolocation,/mnt/ubna_data_02_mir/recover-20221013/UBNA_001/20221012_030000.WAV,Telephone Field,recover-20221013,001,1795
162.8665,162.9053,68437,82440,Rhinolophus ferrumequinum,0.024,0.024,-1,Echolocation,/mnt/ubna_data_02_mir/recover-20221013/UBNA_001/20221012_030000.WAV,Telephone Field,recover-20221013,001,1795
162.8895,162.9063,57265,63128,Pipistrellus pygmaeus,0.02,0.021,-1,Echolocation,/mnt/ubna_data_02_mir/recover-20221013/UBNA_001/20221012_030000.WAV,Telephone Field,recover-20221013,001,1795
162.9255,162.9619,68437,81020,Rhinolophus ferrumequinum,0.02,0.02,-1,Echolocation,/mnt/ubna_data_02_mir/recover-20221013/UBNA_001/20221012_030000.WAV,Telephone Field,recover-20221013,001,1795
162.9505,162.9583,28046,38441,Eptesicus serotinus,0.008,0.022,-1,Echolocation,/mnt/ubna_data_02_mir/recover-20221013/UBNA_001/20221012_030000.WAV,Telephone Field,recover-20221013,001,1795
162.9605,162.9667,24609,34657,Plecotus austriacus,0.012,0.028,-1,Echolocation,/mnt/ubna_data_02_mir/recover-20221013/UBNA_001/20221012_030000.WAV,Telephone Field,recover-20221013,001,1795
162.9775,162.9848,27187,38218,Eptesicus serotinus,0.008,0.023,-1,Echolocation,/mnt/ubna_data_02_mir/recover-20221013/UBNA_001/20221012_030000.WAV,Telephone Field,recover-20221013,001,1795
162.9825,163.0177,68437,80890,Rhinolophus ferrumequinum,0.02,0.021,-1,Echolocation,/mnt/ubna_data_02_mir/recover-20221013/UBNA_001/20221012_030000.WAV,Telephone Field,recover-20221013,001,1795
163.0125,163.0528,68437,82339,Rhinolophus ferrumequinum,0.022,0.022,-1,Echolocation,/mnt/ubna_data_02_mir/recover-20221013/UBNA_001/20221012_030000.WAV,Telephone Field,recover-20221013,001,1795
163.0335,163.0672,68437,80866,Rhinolophus ferrumequinum,0.021,0.021,-1,Echolocation,/mnt/ubna_data_02_mir/recover-20221013/UBNA_001/20221012_030000.WAV,Telephone Field,recover-20221013,001,1795
163.0555,163.0633,27187,43111,Eptesicus serotinus,0.006,0.021,-1,Echolocation,/mnt/ubna_data_02_mir/recover-20221013/UBNA_001/20221012_030000.WAV,Telephone Field,recover-20221013,001,1795
163.0695,163.0779,28046,38725,Eptesicus serotinus,0.007,0.021,-1,Echolocation,/mnt/ubna_data_02_mir/recover-20221013/UBNA_001/20221012_030000.WAV,Telephone Field,recover-20221013,001,1795
163.0815,163.125,68437,83526,Rhinolophus ferrumequinum,0.033,0.033,-1,Echolocation,/mnt/ubna_data_02_mir/recover-20221013/UBNA_001/20221012_030000.WAV,Telephone Field,recover-20221013,001,1795
163.0845,163.0941,25468,33359,Eptesicus serotinus,0.01,0.031,-1,Echolocation,/mnt/ubna_data_02_mir/recover-20221013/UBNA_001/20221012_030000.WAV,Telephone Field,recover-20221013,001,1795
163.1215,163.1611,68437,82013,Rhinolophus ferrumequinum,0.027,0.027,-1,Echolocation,/mnt/ubna_data_02_mir/recover-20221013/UBNA_001/20221012_030000.WAV,Telephone Field,recover-20221013,001,1795
163.1315,163.1419,24609,31287,Nyctalus leisleri,0.01,0.03,-1,Echolocation,/mnt/ubna_data_02_mir/recover-20221013/UBNA_001/20221012_030000.WAV,Telephone Field,recover-20221013,001,1795
163.1775,163.1896,22890,27779,Nyctalus leisleri,0.014,0.026,-1,Echolocation,/mnt/ubna_data_02_mir/recover-20221013/UBNA_001/20221012_030000.WAV,Telephone Field,recover-20221013,001,1795
163.2395,163.2485,28906,39043,Eptesicus serotinus,0.009,0.024,-1,Echolocation,/mnt/ubna_data_02_mir/recover-20221013/UBNA_001/20221012_030000.WAV,Telephone Field,recover-20221013,001,1795
163.2545,163.296,68437,82416,Rhinolophus ferrumequinum,0.021,0.021,-1,Echolocation,/mnt/ubna_data_02_mir/recover-20221013/UBNA_001/20221012_030000.WAV,Telephone Field,recover-20221013,001,1795
163.2665,163.2758,28046,37123,Eptesicus serotinus,0.009,0.023,-1,Echolocation,/mnt/ubna_data_02_mir/recover-20221013/UBNA_001/20221012_030000.WAV,Telephone Field,recover-20221013,001,1795
163.2905,163.2968,27187,48757,Eptesicus serotinus,0.006,0.024,-1,Echolocation,/mnt/ubna_data_02_mir/recover-20221013/UBNA_001/20221012_030000.WAV,Telephone Field,recover-20221013,001,1795
163.3415,163.3812,68437,82207,Rhinolophus ferrumequinum,0.025,0.025,-1,Echolocation,/mnt/ubna_data_02_mir/recover-20221013/UBNA_001/20221012_030000.WAV,Telephone Field,recover-20221013,001,1795
163.3465,163.3538,29765,50611,Myotis daubentonii,0.013,0.031,-1,Echolocation,/mnt/ubna_data_02_mir/recover-20221013/UBNA_001/20221012_030000.WAV,Telephone Field,recover-20221013,001,1795
163.3515,163.3614,22890,30096,Nyctalus leisleri,0.008,0.027,-1,Echolocation,/mnt/ubna_data_02_mir/recover-20221013/UBNA_001/20221012_030000.WAV,Telephone Field,recover-20221013,001,1795
163.3995,163.4403,68437,82502,Rhinolophus ferrumequinum,0.023,0.023,-1,Echolocation,/mnt/ubna_data_02_mir/recover-20221013/UBNA_001/20221012_030000.WAV,Telephone Field,recover-20221013,001,1795
163.4045,163.4113,27187,41664,Eptesicus serotinus,0.007,0.023,-1,Echolocation,/mnt/ubna_data_02_mir/recover-20221013/UBNA_001/20221012_030000.WAV,Telephone Field,recover-20221013,001,1795
163.4655,163.5018,68437,81738,Rhinolophus ferrumequinum,0.023,0.023,-1,Echolocation,/mnt/ubna_data_02_mir/recover-20221013/UBNA_001/20221012_030000.WAV,Telephone Field,recover-20221013,001,1795
163.4795,163.4869,31484,45509,Myotis daubentonii,0.01,0.022,-1,Echolocation,/mnt/ubna_data_02_mir/recover-20221013/UBNA_001/20221012_030000.WAV,Telephone Field,recover-20221013,001,1795
163.5095,163.5495,68437,81839,Rhinolophus ferrumequinum,0.023,0.023,-1,Echolocation,/mnt/ubna_data_02_mir/recover-20221013/UBNA_001/20221012_030000.WAV,Telephone Field,recover-20221013,001,1795
163.5345,163.542,27187,40749,Eptesicus serotinus,0.007,0.022,-1,Echolocation,/mnt/ubna_data_02_mir/recover-20221013/UBNA_001/20221012_030000.WAV,Telephone Field,recover-20221013,001,1795
163.5555,163.5916,68437,81139,Rhinolophus ferrumequinum,0.021,0.021,-1,Echolocation,/mnt/ubna_data_02_mir/recover-20221013/UBNA_001/20221012_030000.WAV,Telephone Field,recover-20221013,001,1795
163.5745,163.61430000000001,68437,82643,Rhinolophus ferrumequinum,0.021,0.021,-1,Echolocation,/mnt/ubna_data_02_mir/recover-20221013/UBNA_001/20221012_030000.WAV,Telephone Field,recover-20221013,001,1795
163.6225,163.6304,28046,39189,Eptesicus serotinus,0.008,0.025,-1,Echolocation,/mnt/ubna_data_02_mir/recover-20221013/UBNA_001/20221012_030000.WAV,Telephone Field,recover-20221013,001,1795
163.6435,163.6625,21171,24522,Nyctalus leisleri,0.015,0.025,-1,Echolocation,/mnt/ubna_data_02_mir/recover-20221013/UBNA_001/20221012_030000.WAV,Telephone Field,recover-20221013,001,1795
163.6575,163.6956,68437,81884,Rhinolophus ferrumequinum,0.022,0.022,-1,Echolocation,/mnt/ubna_data_02_mir/recover-20221013/UBNA_001/20221012_030000.WAV,Telephone Field,recover-20221013,001,1795
163.6985,163.7035,27187,51961,Myotis nattereri,0.009,0.037,-1,Echolocation,/mnt/ubna_data_02_mir/recover-20221013/UBNA_001/20221012_030000.WAV,Telephone Field,recover-20221013,001,1795
163.6985,163.7031,38359,57726,Myotis mystacinus,0.008,0.029,-1,Echolocation,/mnt/ubna_data_02_mir/recover-20221013/UBNA_001/20221012_030000.WAV,Telephone Field,recover-20221013,001,1795
163.7135,163.7273,22890,28048,Nyctalus leisleri,0.016,0.034,-1,Echolocation,/mnt/ubna_data_02_mir/recover-20221013/UBNA_001/20221012_030000.WAV,Telephone Field,recover-20221013,001,1795
163.7455,163.786,68437,82905,Rhinolophus ferrumequinum,0.029,0.029,-1,Echolocation,/mnt/ubna_data_02_mir/recover-20221013/UBNA_001/20221012_030000.WAV,Telephone Field,recover-20221013,001,1795
163.7555,163.7671,24609,30633,Nyctalus leisleri,0.013,0.031,-1,Echolocation,/mnt/ubna_data_02_mir/recover-20221013/UBNA_001/20221012_030000.WAV,Telephone Field,recover-20221013,001,1795
163.7785,163.8171,68437,82142,Rhinolophus ferrumequinum,0.021,0.021,-1,Echolocation,/mnt/ubna_data_02_mir/recover-20221013/UBNA_001/20221012_030000.WAV,Telephone Field,recover-20221013,001,1795
163.8105,163.8479,68437,81757,Rhinolophus ferrumequinum,0.023,0.023,-1,Echolocation,/mnt/ubna_data_02_mir/recover-20221013/UBNA_001/20221012_030000.WAV,Telephone Field,recover-20221013,001,1795
163.8525,163.892,68437,82810,Rhinolophus ferrumequinum,0.021,0.021,-1,Echolocation,/mnt/ubna_data_02_mir/recover-20221013/UBNA_001/20221012_030000.WAV,Telephone Field,recover-20221013,001,1795
163.8745,163.8824,29765,38100,Eptesicus serotinus,0.009,0.026,-1,Echolocation,/mnt/ubna_data_02_mir/recover-20221013/UBNA_001/20221012_030000.WAV,Telephone Field,recover-20221013,001,1795
163.9025,163.9419,68437,81961,Rhinolophus ferrumequinum,0.02,0.02,-1,Echolocation,/mnt/ubna_data_02_mir/recover-20221013/UBNA_001/20221012_030000.WAV,Telephone Field,recover-20221013,001,1795
163.9055,163.9123,23750,36381,Plecotus austriacus,0.017,0.038,-1,Echolocation,/mnt/ubna_data_02_mir/recover-20221013/UBNA_001/20221012_030000.WAV,Telephone Field,recover-20221013,001,1795
163.9615,163.9681,25468,39704,Myotis nattereri,0.005,0.023,-1,Echolocation,/mnt/ubna_data_02_mir/recover-20221013/UBNA_001/20221012_030000.WAV,Telephone Field,recover-20221013,001,1795
163.9755,163.984,23750,31943,Plecotus austriacus,0.006,0.021,-1,Echolocation,/mnt/ubna_data_02_mir/recover-20221013/UBNA_001/20221012_030000.WAV,Telephone Field,recover-20221013,001,1795
163.9815,163.9896,28906,39118,Eptesicus serotinus,0.009,0.023,-1,Echolocation,/mnt/ubna_data_02_mir/recover-20221013/UBNA_001/20221012_030000.WAV,Telephone Field,recover-20221013,001,1795
163.9825,163.99099999999999,23750,31811,Plecotus austriacus,0.006,0.023,-1,Echolocation,/mnt/ubna_data_02_mir/recover-20221013/UBNA_001/20221012_030000.WAV,Telephone Field,recover-20221013,001,1795
164.0015,164.0342,68437,79565,Rhinolophus ferrumequinum,0.027,0.027,-1,Echolocation,/mnt/ubna_data_02_mir/recover-20221013/UBNA_001/20221012_030000.WAV,Telephone Field,recover-20221013,001,1795
164.0015,164.0112,21171,25741,Nyctalus leisleri,0.014,0.026,-1,Echolocation,/mnt/ubna_data_02_mir/recover-20221013/UBNA_001/20221012_030000.WAV,Telephone Field,recover-20221013,001,1795
164.0075,164.0459,68437,81866,Rhinolophus ferrumequinum,0.026,0.026,-1,Echolocation,/mnt/ubna_data_02_mir/recover-20221013/UBNA_001/20221012_030000.WAV,Telephone Field,recover-20221013,001,1795
164.0365,164.0726,68437,82151,Rhinolophus ferrumequinum,0.021,0.021,-1,Echolocation,/mnt/ubna_data_02_mir/recover-20221013/UBNA_001/20221012_030000.WAV,Telephone Field,recover-20221013,001,1795
164.0475,164.056,28906,37138,Eptesicus serotinus,0.007,0.021,-1,Echolocation,/mnt/ubna_data_02_mir/recover-20221013/UBNA_001/20221012_030000.WAV,Telephone Field,recover-20221013,001,1795
164.16649999999998,164.205,68437,81472,Rhinolophus ferrumequinum,0.022,0.022,-1,Echolocation,/mnt/ubna_data_02_mir/recover-20221013/UBNA_001/20221012_030000.WAV,Telephone Field,recover-20221013,001,1795
164.1835,164.1947,22890,28095,Nyctalus leisleri,0.01,0.021,-1,Echolocation,/mnt/ubna_data_02_mir/recover-20221013/UBNA_001/20221012_030000.WAV,Telephone Field,recover-20221013,001,1795
164.2075,164.2457,68437,82206,Rhinolophus ferrumequinum,0.021,0.021,-1,Echolocation,/mnt/ubna_data_02_mir/recover-20221013/UBNA_001/20221012_030000.WAV,Telephone Field,recover-20221013,001,1795
164.2265,164.2369,49531,53447,Pipistrellus pipistrellus,0.032,0.037,-1,Echolocation,/mnt/ubna_data_02_mir/recover-20221013/UBNA_001/20221012_030000.WAV,Telephone Field,recover-20221013,001,1795
164.2365,164.276,68437,82294,Rhinolophus ferrumequinum,0.021,0.021,-1,Echolocation,/mnt/ubna_data_02_mir/recover-20221013/UBNA_001/20221012_030000.WAV,Telephone Field,recover-20221013,001,1795
164.2545,164.2646,28046,35608,Eptesicus serotinus,0.013,0.026,-1,Echolocation,/mnt/ubna_data_02_mir/recover-20221013/UBNA_001/20221012_030000.WAV,Telephone Field,recover-20221013,001,1795
164.3005,164.3115,28906,35665,Eptesicus serotinus,0.015,0.028,-1,Echolocation,/mnt/ubna_data_02_mir/recover-20221013/UBNA_001/20221012_030000.WAV,Telephone Field,recover-20221013,001,1795
164.3055,164.3154,40937,48974,Pipistrellus nathusii,0.007,0.021,-1,Echolocation,/mnt/ubna_data_02_mir/recover-20221013/UBNA_001/20221012_030000.WAV,Telephone Field,recover-20221013,001,1795
164.3235,164.3631,68437,81987,Rhinolophus ferrumequinum,0.022,0.022,-1,Echolocation,/mnt/ubna_data_02_mir/recover-20221013/UBNA_001/20221012_030000.WAV,Telephone Field,recover-20221013,001,1795
164.3755,164.4157,68437,82498,Rhinolophus ferrumequinum,0.021,0.021,-1,Echolocation,/mnt/ubna_data_02_mir/recover-20221013/UBNA_001/20221012_030000.WAV,Telephone Field,recover-20221013,001,1795
164.4185,164.4592,68437,82532,Rhinolophus ferrumequinum,0.029,0.029,-1,Echolocation,/mnt/ubna_data_02_mir/recover-20221013/UBNA_001/20221012_030000.WAV,Telephone Field,recover-20221013,001,1795
164.4535,164.4638,23750,29473,Nyctalus leisleri,0.01,0.022,-1,Echolocation,/mnt/ubna_data_02_mir/recover-20221013/UBNA_001/20221012_030000.WAV,Telephone Field,recover-20221013,001,1795
164.4555,164.4956,68437,82194,Rhinolophus ferrumequinum,0.027,0.027,-1,Echolocation,/mnt/ubna_data_02_mir/recover-20221013/UBNA_001/20221012_030000.WAV,Telephone Field,recover-20221013,001,1795
164.4645,164.4731,56406,62348,Pipistrellus pygmaeus,0.02,0.021,-1,Echolocation,/mnt/ubna_data_02_mir/recover-20221013/UBNA_001/20221012_030000.WAV,Telephone Field,recover-20221013,001,1795
164.4755,164.4864,22890,27640,Nyctalus leisleri,0.01,0.021,-1,Echolocation,/mnt/ubna_data_02_mir/recover-20221013/UBNA_001/20221012_030000.WAV,Telephone Field,recover-20221013,001,1795
164.4945,164.5344,68437,82443,Rhinolophus ferrumequinum,0.021,0.021,-1,Echolocation,/mnt/ubna_data_02_mir/recover-20221013/UBNA_001/20221012_030000.WAV,Telephone Field,recover-20221013,001,1795
164.5075,164.5171,28046,35792,Eptesicus serotinus,0.008,0.021,-1,Echolocation,/mnt/ubna_data_02_mir/recover-20221013/UBNA_001/20221012_030000.WAV,Telephone Field,recover-20221013,001,1795
164.5095,164.5491,68437,82453,Rhinolophus ferrumequinum,0.025,0.025,-1,Echolocation,/mnt/ubna_data_02_mir/recover-20221013/UBNA_001/20221012_030000.WAV,Telephone Field,recover-20221013,001,1795
164.5325,164.5727,68437,82129,Rhinolophus ferrumequinum,0.021,0.021,-1,Echolocation,/mnt/ubna_data_02_mir/recover-20221013/UBNA_001/20221012_030000.WAV,Telephone Field,recover-20221013,001,1795
164.5345,164.5425,26328,36044,Eptesicus serotinus,0.007,0.021,-1,Echolocation,/mnt/ubna_data_02_mir/recover-20221013/UBNA_001/20221012_030000.WAV,Telephone Field,recover-20221013,001,1795
164.5495,164.5881,68437,82308,Rhinolophus ferrumequinum,0.034,0.034,-1,Echolocation,/mnt/ubna_data_02_mir/recover-20221013/UBNA_001/20221012_030000.WAV,Telephone Field,recover-20221013,001,1795
164.5525,164.5617,28046,41936,Eptesicus serotinus,0.009,0.021,-1,Echolocation,/mnt/ubna_data_02_mir/recover-20221013/UBNA_001/20221012_030000.WAV,Telephone Field,recover-20221013,001,1795
164.5585,164.5676,28046,37451,Eptesicus serotinus,0.009,0.022,-1,Echolocation,/mnt/ubna_data_02_mir/recover-20221013/UBNA_001/20221012_030000.WAV,Telephone Field,recover-20221013,001,1795
164.5745,164.6149,68437,82930,Rhinolophus ferrumequinum,0.024,0.024,-1,Echolocation,/mnt/ubna_data_02_mir/recover-20221013/UBNA_001/20221012_030000.WAV,Telephone Field,recover-20221013,001,1795
164.7425,164.7805,68437,81578,Rhinolophus ferrumequinum,0.027,0.027,-1,Echolocation,/mnt/ubna_data_02_mir/recover-20221013/UBNA_001/20221012_030000.WAV,Telephone Field,recover-20221013,001,1795
164.7645,164.7751,23750,28926,Nyctalus leisleri,0.011,0.023,-1,Echolocation,/mnt/ubna_data_02_mir/recover-20221013/UBNA_001/20221012_030000.WAV,Telephone Field,recover-20221013,001,1795
164.7975,164.8064,23750,30552,Plecotus austriacus,0.006,0.022,-1,Echolocation,/mnt/ubna_data_02_mir/recover-20221013/UBNA_001/20221012_030000.WAV,Telephone Field,recover-20221013,001,1795
164.8045,164.8134,25468,32529,Eptesicus serotinus,0.008,0.021,-1,Echolocation,/mnt/ubna_data_02_mir/recover-20221013/UBNA_001/20221012_030000.WAV,Telephone Field,recover-20221013,001,1795
164.8275,164.8388,22031,26132,Nyctalus leisleri,0.014,0.025,-1,Echolocation,/mnt/ubna_data_02_mir/recover-20221013/UBNA_001/20221012_030000.WAV,Telephone Field,recover-20221013,001,1795
164.83350000000002,164.8732,68437,81715,Rhinolophus ferrumequinum,0.021,0.021,-1,Echolocation,/mnt/ubna_data_02_mir/recover-20221013/UBNA_001/20221012_030000.WAV,Telephone Field,recover-20221013,001,1795
164.8405,164.8471,24609,34557,Plecotus austriacus,0.014,0.031,-1,Echolocation,/mnt/ubna_data_02_mir/recover-20221013/UBNA_001/20221012_030000.WAV,Telephone Field,recover-20221013,001,1795
164.8525,164.8911,68437,82576,Rhinolophus ferrumequinum,0.021,0.021,-1,Echolocation,/mnt/ubna_data_02_mir/recover-20221013/UBNA_001/20221012_030000.WAV,Telephone Field,recover-20221013,001,1795
164.8925,164.9304,68437,81769,Rhinolophus ferrumequinum,0.027,0.027,-1,Echolocation,/mnt/ubna_data_02_mir/recover-20221013/UBNA_001/20221012_030000.WAV,Telephone Field,recover-20221013,001,1795
164.9205,164.9572,68437,81896,Rhinolophus ferrumequinum,0.023,0.023,-1,Echolocation,/mnt/ubna_data_02_mir/recover-20221013/UBNA_001/20221012_030000.WAV,Telephone Field,recover-20221013,001,1795
164.9335,164.9694,68437,81304,Rhinolophus ferrumequinum,0.021,0.021,-1,Echolocation,/mnt/ubna_data_02_mir/recover-20221013/UBNA_001/20221012_030000.WAV,Telephone Field,recover-20221013,001,1795
164.9425,164.9511,28046,39341,Eptesicus serotinus,0.008,0.022,-1,Echolocation,/mnt/ubna_data_02_mir/recover-20221013/UBNA_001/20221012_030000.WAV,Telephone Field,recover-20221013,001,1795
164.9635,164.9723,28046,35724,Eptesicus serotinus,0.008,0.021,-1,Echolocation,/mnt/ubna_data_02_mir/recover-20221013/UBNA_001/20221012_030000.WAV,Telephone Field,recover-20221013,001,1795
165.0185,165.059,68437,82423,Rhinolophus ferrumequinum,0.023,0.023,-1,Echolocation,/mnt/ubna_data_02_mir/recover-20221013/UBNA_001/20221012_030000.WAV,Telephone Field,recover-20221013,001,1795
165.0455,165.0551,22031,27493,Nyctalus leisleri,0.008,0.021,-1,Echolocation,/mnt/ubna_data_02_mir/recover-20221013/UBNA_001/20221012_030000.WAV,Telephone Field,recover-20221013,001,1795
165.0875,165.1279,68437,82853,Rhinolophus ferrumequinum,0.025,0.025,-1,Echolocation,/mnt/ubna_data_02_mir/recover-20221013/UBNA_001/20221012_030000.WAV,Telephone Field,recover-20221013,001,1795
165.1645,165.2043,68437,82480,Rhinolophus ferrumequinum,0.027,0.027,-1,Echolocation,/mnt/ubna_data_02_mir/recover-20221013/UBNA_001/20221012_030000.WAV,Telephone Field,recover-20221013,001,1795
165.1695,165.1773,28046,39296,Eptesicus serotinus,0.009,0.023,-1,Echolocation,/mnt/ubna_data_02_mir/recover-20221013/UBNA_001/20221012_030000.WAV,Telephone Field,recover-20221013,001,1795
165.1835,165.2212,68437,81615,Rhinolophus ferrumequinum,0.022,0.022,-1,Echolocation,/mnt/ubna_data_02_mir/recover-20221013/UBNA_001/20221012_030000.WAV,Telephone Field,recover-20221013,001,1795
165.1855,165.1921,28046,38135,Eptesicus serotinus,0.025,0.064,-1,Echolocation,/mnt/ubna_data_02_mir/recover-20221013/UBNA_001/20221012_030000.WAV,Telephone Field,recover-20221013,001,1795
165.2195,165.2311,15156,21280,Nyctalus noctula,0.013,0.023,-1,Echolocation,/mnt/ubna_data_02_mir/recover-20221013/UBNA_001/20221012_030000.WAV,Telephone Field,recover-20221013,001,1795
165.2435,165.28,68437,81474,Rhinolophus ferrumequinum,0.022,0.022,-1,Echolocation,/mnt/ubna_data_02_mir/recover-20221013/UBNA_001/20221012_030000.WAV,Telephone Field,recover-20221013,001,1795
165.2645,165.2794,22031,26324,Nyctalus leisleri,0.014,0.027,-1,Echolocation,/mnt/ubna_data_02_mir/recover-20221013/UBNA_001/20221012_030000.WAV,Telephone Field,recover-20221013,001,1795
165.2655,165.3077,68437,82555,Rhinolophus ferrumequinum,0.023,0.023,-1,Echolocation,/mnt/ubna_data_02_mir/recover-20221013/UBNA_001/20221012_030000.WAV,Telephone Field,recover-20221013,001,1795
165.3105,165.3453,68437,80852,Rhinolophus ferrumequinum,0.024,0.024,-1,Echolocation,/mnt/ubna_data_02_mir/recover-20221013/UBNA_001/20221012_030000.WAV,Telephone Field,recover-20221013,001,1795
165.3145,165.3233,49531,54358,Pipistrellus pipistrellus,0.018,0.021,-1,Echolocation,/mnt/ubna_data_02_mir/recover-20221013/UBNA_001/20221012_030000.WAV,Telephone Field,recover-20221013,001,1795
165.3155,165.327,23750,28294,Nyctalus leisleri,0.012,0.023,-1,Echolocation,/mnt/ubna_data_02_mir/recover-20221013/UBNA_001/20221012_030000.WAV,Telephone Field,recover-20221013,001,1795
165.3235,165.334,22890,27450,Nyctalus leisleri,0.013,0.025,-1,Echolocation,/mnt/ubna_data_02_mir/recover-20221013/UBNA_001/20221012_030000.WAV,Telephone Field,recover-20221013,001,1795
165.3565,165.3952,68437,82513,Rhinolophus ferrumequinum,0.024,0.024,-1,Echolocation,/mnt/ubna_data_02_mir/recover-20221013/UBNA_001/20221012_030000.WAV,Telephone Field,recover-20221013,001,1795
165.4085,165.4501,68437,82173,Rhinolophus ferrumequinum,0.021,0.021,-1,Echolocation,/mnt/ubna_data_02_mir/recover-20221013/UBNA_001/20221012_030000.WAV,Telephone Field,recover-20221013,001,1795
165.4235,165.4335,28906,35964,Eptesicus serotinus,0.008,0.021,-1,Echolocation,/mnt/ubna_data_02_mir/recover-20221013/UBNA_001/20221012_030000.WAV,Telephone Field,recover-20221013,001,1795
165.4275,165.4693,68437,83248,Rhinolophus ferrumequinum,0.03,0.03,-1,Echolocation,/mnt/ubna_data_02_mir/recover-20221013/UBNA_001/20221012_030000.WAV,Telephone Field,recover-20221013,001,1795
165.4415,165.4817,68437,82740,Rhinolophus ferrumequinum,0.024,0.024,-1,Echolocation,/mnt/ubna_data_02_mir/recover-20221013/UBNA_001/20221012_030000.WAV,Telephone Field,recover-20221013,001,1795
165.4755,165.5178,68437,82887,Rhinolophus ferrumequinum,0.023,0.023,-1,Echolocation,/mnt/ubna_data_02_mir/recover-20221013/UBNA_001/20221012_030000.WAV,Telephone Field,recover-20221013,001,1795
165.4845,165.49360000000001,28906,40119,Eptesicus serotinus,0.011,0.026,-1,Echolocation,/mnt/ubna_data_02_mir/recover-20221013/UBNA_001/20221012_030000.WAV,Telephone Field,recover-20221013,001,1795
165.4905,165.5088,19453,23201,Nyctalus noctula,0.014,0.029,-1,Echolocation,/mnt/ubna_data_02_mir/recover-20221013/UBNA_001/20221012_030000.WAV,Telephone Field,recover-20221013,001,1795
165.4955,165.5324,68437,81433,Rhinolophus ferrumequinum,0.021,0.021,-1,Echolocation,/mnt/ubna_data_02_mir/recover-20221013/UBNA_001/20221012_030000.WAV,Telephone Field,recover-20221013,001,1795
165.5025,165.5374,68437,81232,Rhinolophus ferrumequinum,0.021,0.021,-1,Echolocation,/mnt/ubna_data_02_mir/recover-20221013/UBNA_001/20221012_030000.WAV,Telephone Field,recover-20221013,001,1795
165.5265,165.53640000000001,27187,35721,Eptesicus serotinus,0.009,0.021,-1,Echolocation,/mnt/ubna_data_02_mir/recover-20221013/UBNA_001/20221012_030000.WAV,Telephone Field,recover-20221013,001,1795
165.5375,165.5767,68437,82480,Rhinolophus ferrumequinum,0.021,0.021,-1,Echolocation,/mnt/ubna_data_02_mir/recover-20221013/UBNA_001/20221012_030000.WAV,Telephone Field,recover-20221013,001,1795
165.5565,165.5969,68437,82250,Rhinolophus ferrumequinum,0.022,0.022,-1,Echolocation,/mnt/ubna_data_02_mir/recover-20221013/UBNA_001/20221012_030000.WAV,Telephone Field,recover-20221013,001,1795
165.5685,165.6084,68437,82270,Rhinolophus ferrumequinum,0.021,0.021,-1,Echolocation,/mnt/ubna_data_02_mir/recover-20221013/UBNA_001/20221012_030000.WAV,Telephone Field,recover-20221013,001,1795
165.57150000000001,165.578,27187,41526,Eptesicus serotinus,0.005,0.022,-1,Echolocation,/mnt/ubna_data_02_mir/recover-20221013/UBNA_001/20221012_030000.WAV,Telephone Field,recover-20221013,001,1795
165.5775,165.5882,35781,41055,Barbastellus barbastellus,0.005,0.023,-1,Echolocation,/mnt/ubna_data_02_mir/recover-20221013/UBNA_001/20221012_030000.WAV,Telephone Field,recover-20221013,001,1795
165.5775,165.6183,68437,82334,Rhinolophus ferrumequinum,0.021,0.021,-1,Echolocation,/mnt/ubna_data_02_mir/recover-20221013/UBNA_001/20221012_030000.WAV,Telephone Field,recover-20221013,001,1795
165.6275,165.6644,68437,81299,Rhinolophus ferrumequinum,0.021,0.021,-1,Echolocation,/mnt/ubna_data_02_mir/recover-20221013/UBNA_001/20221012_030000.WAV,Telephone Field,recover-20221013,001,1795
165.6285,165.6372,28906,38233,Eptesicus serotinus,0.008,0.021,-1,Echolocation,/mnt/ubna_data_02_mir/recover-20221013/UBNA_001/20221012_030000.WAV,Telephone Field,recover-20221013,001,1795
165.6465,165.6566,24609,31091,Nyctalus leisleri,0.008,0.022,-1,Echolocation,/mnt/ubna_data_02_mir/recover-20221013/UBNA_001/20221012_030000.WAV,Telephone Field,recover-20221013,001,1795
165.6585,165.7001,68437,82376,Rhinolophus ferrumequinum,0.021,0.021,-1,Echolocation,/mnt/ubna_data_02_mir/recover-20221013/UBNA_001/20221012_030000.WAV,Telephone Field,recover-20221013,001,1795
165.6815,165.6921,23750,29068,Nyctalus leisleri,0.01,0.022,-1,Echolocation,/mnt/ubna_data_02_mir/recover-20221013/UBNA_001/20221012_030000.WAV,Telephone Field,recover-20221013,001,1795
165.7075,165.71620000000001,27187,37795,Eptesicus serotinus,0.008,0.022,-1,Echolocation,/mnt/ubna_data_02_mir/recover-20221013/UBNA_001/20221012_030000.WAV,Telephone Field,recover-20221013,001,1795
165.7095,165.7476,68437,82334,Rhinolophus ferrumequinum,0.021,0.021,-1,Echolocation,/mnt/ubna_data_02_mir/recover-20221013/UBNA_001/20221012_030000.WAV,Telephone Field,recover-20221013,001,1795
165.7395,165.7486,25468,34757,Eptesicus serotinus,0.008,0.022,-1,Echolocation,/mnt/ubna_data_02_mir/recover-20221013/UBNA_001/20221012_030000.WAV,Telephone Field,recover-20221013,001,1795
165.7455,165.7539,27187,38523,Eptesicus serotinus,0.009,0.022,-1,Echolocation,/mnt/ubna_data_02_mir/recover-20221013/UBNA_001/20221012_030000.WAV,Telephone Field,recover-20221013,001,1795
165.7825,165.792,47812,53443,Pipistrellus pipistrellus,0.023,0.025,-1,Echolocation,/mnt/ubna_data_02_mir/recover-20221013/UBNA_001/20221012_030000.WAV,Telephone Field,recover-20221013,001,1795
165.8015,165.84,68437,81859,Rhinolophus ferrumequinum,0.021,0.021,-1,Echolocation,/mnt/ubna_data_02_mir/recover-20221013/UBNA_001/20221012_030000.WAV,Telephone Field,recover-20221013,001,1795
165.8275,165.87,68437,82980,Rhinolophus ferrumequinum,0.028,0.028,-1,Echolocation,/mnt/ubna_data_02_mir/recover-20221013/UBNA_001/20221012_030000.WAV,Telephone Field,recover-20221013,001,1795
165.8285,165.8406,24609,30249,Nyctalus leisleri,0.043,0.112,-1,Echolocation,/mnt/ubna_data_02_mir/recover-20221013/UBNA_001/20221012_030000.WAV,Telephone Field,recover-20221013,001,1795
165.8595,165.86860000000001,25468,33494,Eptesicus serotinus,0.009,0.021,-1,Echolocation,/mnt/ubna_data_02_mir/recover-20221013/UBNA_001/20221012_030000.WAV,Telephone Field,recover-20221013,001,1795
165.8675,165.877,24609,31006,Nyctalus leisleri,0.007,0.021,-1,Echolocation,/mnt/ubna_data_02_mir/recover-20221013/UBNA_001/20221012_030000.WAV,Telephone Field,recover-20221013,001,1795
165.8875,165.8956,27187,37388,Eptesicus serotinus,0.006,0.022,-1,Echolocation,/mnt/ubna_data_02_mir/recover-20221013/UBNA_001/20221012_030000.WAV,Telephone Field,recover-20221013,001,1795
165.8995,165.9367,68437,80865,Rhinolophus ferrumequinum,0.023,0.023,-1,Echolocation,/mnt/ubna_data_02_mir/recover-20221013/UBNA_001/20221012_030000.WAV,Telephone Field,recover-20221013,001,1795
165.9085,165.9177,24609,31958,Eptesicus serotinus,0.007,0.023,-1,Echolocation,/mnt/ubna_data_02_mir/recover-20221013/UBNA_001/20221012_030000.WAV,Telephone Field,recover-20221013,001,1795
165.9105,165.9471,68437,81573,Rhinolophus ferrumequinum,0.021,0.021,-1,Echolocation,/mnt/ubna_data_02_mir/recover-20221013/UBNA_001/20221012_030000.WAV,Telephone Field,recover-20221013,001,1795
165.9185,165.9558,68437,81317,Rhinolophus ferrumequinum,0.022,0.022,-1,Echolocation,/mnt/ubna_data_02_mir/recover-20221013/UBNA_001/20221012_030000.WAV,Telephone Field,recover-20221013,001,1795
165.9575,165.9666,23750,31534,Plecotus austriacus,0.01,0.028,-1,Echolocation,/mnt/ubna_data_02_mir/recover-20221013/UBNA_001/20221012_030000.WAV,Telephone Field,recover-20221013,001,1795
165.9855,165.9941,25468,36314,Eptesicus serotinus,0.007,0.022,-1,Echolocation,/mnt/ubna_data_02_mir/recover-20221013/UBNA_001/20221012_030000.WAV,Telephone Field,recover-20221013,001,1795
166.0015,166.0094,25468,36295,Nyctalus leisleri,0.008,0.027,-1,Echolocation,/mnt/ubna_data_02_mir/recover-20221013/UBNA_001/20221012_030000.WAV,Telephone Field,recover-20221013,001,1795
166.0015,166.0333,69296,80822,Rhinolophus ferrumequinum,0.047,0.047,-1,Echolocation,/mnt/ubna_data_02_mir/recover-20221013/UBNA_001/20221012_030000.WAV,Telephone Field,recover-20221013,001,1795
166.0015,166.0091,47812,53915,Pipistrellus pipistrellus,0.017,0.023,-1,Echolocation,/mnt/ubna_data_02_mir/recover-20221013/UBNA_001/20221012_030000.WAV,Telephone Field,recover-20221013,001,1795
166.0015,166.0177,58125,66824,Pipistrellus pygmaeus,0.019,0.022,-1,Echolocation,/mnt/ubna_data_02_mir/recover-20221013/UBNA_001/20221012_030000.WAV,Telephone Field,recover-20221013,001,1795
166.0015,166.01749999999998,16875,22337,Nyctalus noctula,0.011,0.026,-1,Echolocation,/mnt/ubna_data_02_mir/recover-20221013/UBNA_001/20221012_030000.WAV,Telephone Field,recover-20221013,001,1795
166.0255,166.0623,68437,81185,Rhinolophus ferrumequinum,0.022,0.022,-1,Echolocation,/mnt/ubna_data_02_mir/recover-20221013/UBNA_001/20221012_030000.WAV,Telephone Field,recover-20221013,001,1795
166.1185,166.1251,27187,40444,Eptesicus serotinus,0.006,0.022,-1,Echolocation,/mnt/ubna_data_02_mir/recover-20221013/UBNA_001/20221012_030000.WAV,Telephone Field,recover-20221013,001,1795
166.1335,166.1704,68437,81436,Rhinolophus ferrumequinum,0.022,0.022,-1,Echolocation,/mnt/ubna_data_02_mir/recover-20221013/UBNA_001/20221012_030000.WAV,Telephone Field,recover-20221013,001,1795
166.1675,166.2099,68437,83503,Rhinolophus ferrumequinum,0.042,0.042,-1,Echolocation,/mnt/ubna_data_02_mir/recover-20221013/UBNA_001/20221012_030000.WAV,Telephone Field,recover-20221013,001,1795
166.1975,166.2336,68437,80839,Rhinolophus ferrumequinum,0.023,0.023,-1,Echolocation,/mnt/ubna_data_02_mir/recover-20221013/UBNA_001/20221012_030000.WAV,Telephone Field,recover-20221013,001,1795
166.2185,166.2567,68437,82221,Rhinolophus ferrumequinum,0.024,0.024,-1,Echolocation,/mnt/ubna_data_02_mir/recover-20221013/UBNA_001/20221012_030000.WAV,Telephone Field,recover-20221013,001,1795
166.2235,166.2317,27187,37913,Eptesicus serotinus,0.008,0.022,-1,Echolocation,/mnt/ubna_data_02_mir/recover-20221013/UBNA_001/20221012_030000.WAV,Telephone Field,recover-20221013,001,1795
166.2315,166.2401,22890,30376,Plecotus austriacus,0.009,0.023,-1,Echolocation,/mnt/ubna_data_02_mir/recover-20221013/UBNA_001/20221012_030000.WAV,Telephone Field,recover-20221013,001,1795
166.2585,166.2687,28046,35503,Eptesicus serotinus,0.011,0.023,-1,Echolocation,/mnt/ubna_data_02_mir/recover-20221013/UBNA_001/20221012_030000.WAV,Telephone Field,recover-20221013,001,1795
166.2695,166.3045,68437,81239,Rhinolophus ferrumequinum,0.022,0.022,-1,Echolocation,/mnt/ubna_data_02_mir/recover-20221013/UBNA_001/20221012_030000.WAV,Telephone Field,recover-20221013,001,1795
166.2825,166.3221,68437,82437,Rhinolophus ferrumequinum,0.023,0.023,-1,Echolocation,/mnt/ubna_data_02_mir/recover-20221013/UBNA_001/20221012_030000.WAV,Telephone Field,recover-20221013,001,1795
166.2905,166.29840000000002,23750,31832,Plecotus austriacus,0.009,0.022,-1,Echolocation,/mnt/ubna_data_02_mir/recover-20221013/UBNA_001/20221012_030000.WAV,Telephone Field,recover-20221013,001,1795
166.3015,166.3363,68437,81276,Rhinolophus ferrumequinum,0.023,0.023,-1,Echolocation,/mnt/ubna_data_02_mir/recover-20221013/UBNA_001/20221012_030000.WAV,Telephone Field,recover-20221013,001,1795
166.3025,166.3098,26328,37784,Eptesicus serotinus,0.007,0.022,-1,Echolocation,/mnt/ubna_data_02_mir/recover-20221013/UBNA_001/20221012_030000.WAV,Telephone Field,recover-20221013,001,1795
166.3555,166.395,68437,82476,Rhinolophus ferrumequinum,0.024,0.024,-1,Echolocation,/mnt/ubna_data_02_mir/recover-20221013/UBNA_001/20221012_030000.WAV,Telephone Field,recover-20221013,001,1795
166.3615,166.3712,28906,38901,Eptesicus serotinus,0.009,0.023,-1,Echolocation,/mnt/ubna_data_02_mir/recover-20221013/UBNA_001/20221012_030000.WAV,Telephone Field,recover-20221013,001,1795
166.3875,166.3957,25468,34557,Eptesicus serotinus,0.007,0.022,-1,Echolocation,/mnt/ubna_data_02_mir/recover-20221013/UBNA_001/20221012_030000.WAV,Telephone Field,recover-20221013,001,1795
166.4125,166.4501,68437,81894,Rhinolophus ferrumequinum,0.021,0.021,-1,Echolocation,/mnt/ubna_data_02_mir/recover-20221013/UBNA_001/20221012_030000.WAV,Telephone Field,recover-20221013,001,1795
166.4125,166.4218,22890,29022,Nyctalus leisleri,0.007,0.021,-1,Echolocation,/mnt/ubna_data_02_mir/recover-20221013/UBNA_001/20221012_030000.WAV,Telephone Field,recover-20221013,001,1795
166.4325,166.4711,68437,82286,Rhinolophus ferrumequinum,0.023,0.023,-1,Echolocation,/mnt/ubna_data_02_mir/recover-20221013/UBNA_001/20221012_030000.WAV,Telephone Field,recover-20221013,001,1795
166.4815,166.5237,68437,82662,Rhinolophus ferrumequinum,0.023,0.023,-1,Echolocation,/mnt/ubna_data_02_mir/recover-20221013/UBNA_001/20221012_030000.WAV,Telephone Field,recover-20221013,001,1795
166.4835,166.4912,28046,39292,Eptesicus serotinus,0.007,0.022,-1,Echolocation,/mnt/ubna_data_02_mir/recover-20221013/UBNA_001/20221012_030000.WAV,Telephone Field,recover-20221013,001,1795
166.4945,166.534,68437,82618,Rhinolophus ferrumequinum,0.023,0.023,-1,Echolocation,/mnt/ubna_data_02_mir/recover-20221013/UBNA_001/20221012_030000.WAV,Telephone Field,recover-20221013,001,1795
166.5085,166.5476,68437,82315,Rhinolophus ferrumequinum,0.024,0.024,-1,Echolocation,/mnt/ubna_data_02_mir/recover-20221013/UBNA_001/20221012_030000.WAV,Telephone Field,recover-20221013,001,1795
166.5285,166.5684,68437,82392,Rhinolophus ferrumequinum,0.021,0.021,-1,Echolocation,/mnt/ubna_data_02_mir/recover-20221013/UBNA_001/20221012_030000.WAV,Telephone Field,recover-20221013,001,1795
166.5435,166.5526,46953,50750,Pipistrellus pipistrellus,0.022,0.023,-1,Echolocation,/mnt/ubna_data_02_mir/recover-20221013/UBNA_001/20221012_030000.WAV,Telephone Field,recover-20221013,001,1795
166.5605,166.6003,68437,82516,Rhinolophus ferrumequinum,0.024,0.024,-1,Echolocation,/mnt/ubna_data_02_mir/recover-20221013/UBNA_001/20221012_030000.WAV,Telephone Field,recover-20221013,001,1795
166.57150000000001,166.61169999999998,68437,82525,Rhinolophus ferrumequinum,0.023,0.023,-1,Echolocation,/mnt/ubna_data_02_mir/recover-20221013/UBNA_001/20221012_030000.WAV,Telephone Field,recover-20221013,001,1795
166.5725,166.5779,28906,42344,Myotis daubentonii,0.008,0.041,-1,Echolocation,/mnt/ubna_data_02_mir/recover-20221013/UBNA_001/20221012_030000.WAV,Telephone Field,recover-20221013,001,1795
166.6125,166.6224,28046,35469,Eptesicus serotinus,0.014,0.028,-1,Echolocation,/mnt/ubna_data_02_mir/recover-20221013/UBNA_001/20221012_030000.WAV,Telephone Field,recover-20221013,001,1795
166.6165,166.6555,68437,82087,Rhinolophus ferrumequinum,0.021,0.021,-1,Echolocation,/mnt/ubna_data_02_mir/recover-20221013/UBNA_001/20221012_030000.WAV,Telephone Field,recover-20221013,001,1795
166.6275,166.6681,68437,83081,Rhinolophus ferrumequinum,0.022,0.022,-1,Echolocation,/mnt/ubna_data_02_mir/recover-20221013/UBNA_001/20221012_030000.WAV,Telephone Field,recover-20221013,001,1795
166.6315,166.6496,19453,22594,Nyctalus leisleri,0.011,0.021,-1,Echolocation,/mnt/ubna_data_02_mir/recover-20221013/UBNA_001/20221012_030000.WAV,Telephone Field,recover-20221013,001,1795
166.6335,166.6416,28046,38643,Eptesicus serotinus,0.007,0.021,-1,Echolocation,/mnt/ubna_data_02_mir/recover-20221013/UBNA_001/20221012_030000.WAV,Telephone Field,recover-20221013,001,1795
166.6875,166.7259,68437,81650,Rhinolophus ferrumequinum,0.021,0.021,-1,Echolocation,/mnt/ubna_data_02_mir/recover-20221013/UBNA_001/20221012_030000.WAV,Telephone Field,recover-20221013,001,1795
166.7425,166.753,22890,28222,Nyctalus leisleri,0.01,0.022,-1,Echolocation,/mnt/ubna_data_02_mir/recover-20221013/UBNA_001/20221012_030000.WAV,Telephone Field,recover-20221013,001,1795
166.7975,166.8359,68437,82644,Rhinolophus ferrumequinum,0.021,0.021,-1,Echolocation,/mnt/ubna_data_02_mir/recover-20221013/UBNA_001/20221012_030000.WAV,Telephone Field,recover-20221013,001,1795
166.8275,166.8671,68437,82826,Rhinolophus ferrumequinum,0.032,0.032,-1,Echolocation,/mnt/ubna_data_02_mir/recover-20221013/UBNA_001/20221012_030000.WAV,Telephone Field,recover-20221013,001,1795
166.8505,166.8919,68437,83033,Rhinolophus ferrumequinum,0.032,0.032,-1,Echolocation,/mnt/ubna_data_02_mir/recover-20221013/UBNA_001/20221012_030000.WAV,Telephone Field,recover-20221013,001,1795
166.8665,166.9036,68437,81758,Rhinolophus ferrumequinum,0.025,0.026,-1,Echolocation,/mnt/ubna_data_02_mir/recover-20221013/UBNA_001/20221012_030000.WAV,Telephone Field,recover-20221013,001,1795
166.8865,166.8946,27187,39513,Eptesicus serotinus,0.008,0.022,-1,Echolocation,/mnt/ubna_data_02_mir/recover-20221013/UBNA_001/20221012_030000.WAV,Telephone Field,recover-20221013,001,1795
166.8995,166.9106,56406,61834,Pipistrellus pygmaeus,0.021,0.021,-1,Echolocation,/mnt/ubna_data_02_mir/recover-20221013/UBNA_001/20221012_030000.WAV,Telephone Field,recover-20221013,001,1795
166.9135,166.9595,68437,83487,Rhinolophus ferrumequinum,0.049,0.049,-1,Echolocation,/mnt/ubna_data_02_mir/recover-20221013/UBNA_001/20221012_030000.WAV,Telephone Field,recover-20221013,001,1795
166.9185,166.963,68437,83346,Rhinolophus ferrumequinum,0.049,0.049,-1,Echolocation,/mnt/ubna_data_02_mir/recover-20221013/UBNA_001/20221012_030000.WAV,Telephone Field,recover-20221013,001,1795
166.9535,166.963,24609,32240,Eptesicus serotinus,0.009,0.023,-1,Echolocation,/mnt/ubna_data_02_mir/recover-20221013/UBNA_001/20221012_030000.WAV,Telephone Field,recover-20221013,001,1795
166.9575,166.9949,68437,80714,Rhinolophus ferrumequinum,0.022,0.022,-1,Echolocation,/mnt/ubna_data_02_mir/recover-20221013/UBNA_001/20221012_030000.WAV,Telephone Field,recover-20221013,001,1795
166.9605,166.9686,26328,34441,Eptesicus serotinus,0.008,0.022,-1,Echolocation,/mnt/ubna_data_02_mir/recover-20221013/UBNA_001/20221012_030000.WAV,Telephone Field,recover-20221013,001,1795
166.9785,167.0185,68437,82385,Rhinolophus ferrumequinum,0.023,0.023,-1,Echolocation,/mnt/ubna_data_02_mir/recover-20221013/UBNA_001/20221012_030000.WAV,Telephone Field,recover-20221013,001,1795
167.0355,167.0725,68437,81494,Rhinolophus ferrumequinum,0.022,0.022,-1,Echolocation,/mnt/ubna_data_02_mir/recover-20221013/UBNA_001/20221012_030000.WAV,Telephone Field,recover-20221013,001,1795
167.0365,167.0443,27187,39150,Eptesicus serotinus,0.008,0.022,-1,Echolocation,/mnt/ubna_data_02_mir/recover-20221013/UBNA_001/20221012_030000.WAV,Telephone Field,recover-20221013,001,1795
167.0735,167.1158,68437,83197,Rhinolophus ferrumequinum,0.036,0.036,-1,Echolocation,/mnt/ubna_data_02_mir/recover-20221013/UBNA_001/20221012_030000.WAV,Telephone Field,recover-20221013,001,1795
167.1115,167.1508,68437,82730,Rhinolophus ferrumequinum,0.023,0.024,-1,Echolocation,/mnt/ubna_data_02_mir/recover-20221013/UBNA_001/20221012_030000.WAV,Telephone Field,recover-20221013,001,1795
167.1845,167.2256,68437,82869,Rhinolophus ferrumequinum,0.028,0.028,-1,Echolocation,/mnt/ubna_data_02_mir/recover-20221013/UBNA_001/20221012_030000.WAV,Telephone Field,recover-20221013,001,1795
167.1935,167.2354,68437,82565,Rhinolophus ferrumequinum,0.022,0.022,-1,Echolocation,/mnt/ubna_data_02_mir/recover-20221013/UBNA_001/20221012_030000.WAV,Telephone Field,recover-20221013,001,1795
167.2065,167.2502,68437,83559,Rhinolophus ferrumequinum,0.03,0.03,-1,Echolocation,/mnt/ubna_data_02_mir/recover-20221013/UBNA_001/20221012_030000.WAV,Telephone Field,recover-20221013,001,1795
167.2455,167.2859,68437,82215,Rhinolophus ferrumequinum,0.022,0.022,-1,Echolocation,/mnt/ubna_data_02_mir/recover-20221013/UBNA_001/20221012_030000.WAV,Telephone Field,recover-20221013,001,1795
167.2645,167.2758,22890,28029,Nyctalus leisleri,0.011,0.023,-1,Echolocation,/mnt/ubna_data_02_mir/recover-20221013/UBNA_001/20221012_030000.WAV,Telephone Field,recover-20221013,001,1795
167.2865,167.3263,68437,82253,Rhinolophus ferrumequinum,0.033,0.033,-1,Echolocation,/mnt/ubna_data_02_mir/recover-20221013/UBNA_001/20221012_030000.WAV,Telephone Field,recover-20221013,001,1795
167.2905,167.3032,23750,29806,Nyctalus leisleri,0.016,0.035,-1,Echolocation,/mnt/ubna_data_02_mir/recover-20221013/UBNA_001/20221012_030000.WAV,Telephone Field,recover-20221013,001,1795
167.3045,167.3107,27187,41571,Eptesicus serotinus,0.006,0.026,-1,Echolocation,/mnt/ubna_data_02_mir/recover-20221013/UBNA_001/20221012_030000.WAV,Telephone Field,recover-20221013,001,1795
167.3595,167.3981,68437,81824,Rhinolophus ferrumequinum,0.024,0.024,-1,Echolocation,/mnt/ubna_data_02_mir/recover-20221013/UBNA_001/20221012_030000.WAV,Telephone Field,recover-20221013,001,1795
167.3765,167.413,68437,81180,Rhinolophus ferrumequinum,0.024,0.024,-1,Echolocation,/mnt/ubna_data_02_mir/recover-20221013/UBNA_001/20221012_030000.WAV,Telephone Field,recover-20221013,001,1795
167.3935,167.4292,68437,81612,Rhinolophus ferrumequinum,0.024,0.024,-1,Echolocation,/mnt/ubna_data_02_mir/recover-20221013/UBNA_001/20221012_030000.WAV,Telephone Field,recover-20221013,001,1795
167.41649999999998,167.427,28046,36864,Eptesicus serotinus,0.013,0.029,-1,Echolocation,/mnt/ubna_data_02_mir/recover-20221013/UBNA_001/20221012_030000.WAV,Telephone Field,recover-20221013,001,1795
167.4375,167.44650000000001,28906,38600,Eptesicus serotinus,0.008,0.022,-1,Echolocation,/mnt/ubna_data_02_mir/recover-20221013/UBNA_001/20221012_030000.WAV,Telephone Field,recover-20221013,001,1795
167.5105,167.5495,68437,82369,Rhinolophus ferrumequinum,0.025,0.025,-1,Echolocation,/mnt/ubna_data_02_mir/recover-20221013/UBNA_001/20221012_030000.WAV,Telephone Field,recover-20221013,001,1795
167.5185,167.5289,23750,29054,Nyctalus leisleri,0.01,0.022,-1,Echolocation,/mnt/ubna_data_02_mir/recover-20221013/UBNA_001/20221012_030000.WAV,Telephone Field,recover-20221013,001,1795
167.5275,167.5655,68437,82495,Rhinolophus ferrumequinum,0.021,0.022,-1,Echolocation,/mnt/ubna_data_02_mir/recover-20221013/UBNA_001/20221012_030000.WAV,Telephone Field,recover-20221013,001,1795
167.5375,167.5457,28046,39086,Eptesicus serotinus,0.007,0.022,-1,Echolocation,/mnt/ubna_data_02_mir/recover-20221013/UBNA_001/20221012_030000.WAV,Telephone Field,recover-20221013,001,1795
167.5595,167.5968,68437,81119,Rhinolophus ferrumequinum,0.021,0.021,-1,Echolocation,/mnt/ubna_data_02_mir/recover-20221013/UBNA_001/20221012_030000.WAV,Telephone Field,recover-20221013,001,1795
167.5705,167.5776,28046,39218,Eptesicus serotinus,0.007,0.023,-1,Echolocation,/mnt/ubna_data_02_mir/recover-20221013/UBNA_001/20221012_030000.WAV,Telephone Field,recover-20221013,001,1795
167.6345,167.6397,34921,44771,Myotis daubentonii,0.011,0.026,-1,Echolocation,/mnt/ubna_data_02_mir/recover-20221013/UBNA_001/20221012_030000.WAV,Telephone Field,recover-20221013,001,1795
167.6345,167.6414,28046,41688,Eptesicus serotinus,0.008,0.028,-1,Echolocation,/mnt/ubna_data_02_mir/recover-20221013/UBNA_001/20221012_030000.WAV,Telephone Field,recover-20221013,001,1795
167.6505,167.6883,68437,81452,Rhinolophus ferrumequinum,0.023,0.023,-1,Echolocation,/mnt/ubna_data_02_mir/recover-20221013/UBNA_001/20221012_030000.WAV,Telephone Field,recover-20221013,001,1795
167.6565,167.6681,22031,25777,Nyctalus leisleri,0.013,0.023,-1,Echolocation,/mnt/ubna_data_02_mir/recover-20221013/UBNA_001/20221012_030000.WAV,Telephone Field,recover-20221013,001,1795
167.6945,167.7322,68437,81366,Rhinolophus ferrumequinum,0.021,0.021,-1,Echolocation,/mnt/ubna_data_02_mir/recover-20221013/UBNA_001/20221012_030000.WAV,Telephone Field,recover-20221013,001,1795
167.7055,167.746,68437,82751,Rhinolophus ferrumequinum,0.021,0.021,-1,Echolocation,/mnt/ubna_data_02_mir/recover-20221013/UBNA_001/20221012_030000.WAV,Telephone Field,recover-20221013,001,1795
167.7375,167.7796,68437,83150,Rhinolophus ferrumequinum,0.026,0.026,-1,Echolocation,/mnt/ubna_data_02_mir/recover-20221013/UBNA_001/20221012_030000.WAV,Telephone Field,recover-20221013,001,1795
167.7705,167.8093,68437,82873,Rhinolophus ferrumequinum,0.032,0.032,-1,Echolocation,/mnt/ubna_data_02_mir/recover-20221013/UBNA_001/20221012_030000.WAV,Telephone Field,recover-20221013,001,1795
167.7905,167.7966,27187,44241,Eptesicus serotinus,0.006,0.027,-1,Echolocation,/mnt/ubna_data_02_mir/recover-20221013/UBNA_001/20221012_030000.WAV,Telephone Field,recover-20221013,001,1795
167.7925,167.799,36640,46090,Myotis daubentonii,0.013,0.027,-1,Echolocation,/mnt/ubna_data_02_mir/recover-20221013/UBNA_001/20221012_030000.WAV,Telephone Field,recover-20221013,001,1795
167.82150000000001,167.8561,68437,81261,Rhinolophus ferrumequinum,0.023,0.024,-1,Echolocation,/mnt/ubna_data_02_mir/recover-20221013/UBNA_001/20221012_030000.WAV,Telephone Field,recover-20221013,001,1795
167.8445,167.8525,28046,37803,Eptesicus serotinus,0.008,0.024,-1,Echolocation,/mnt/ubna_data_02_mir/recover-20221013/UBNA_001/20221012_030000.WAV,Telephone Field,recover-20221013,001,1795
167.8635,167.9026,68437,82185,Rhinolophus ferrumequinum,0.021,0.021,-1,Echolocation,/mnt/ubna_data_02_mir/recover-20221013/UBNA_001/20221012_030000.WAV,Telephone Field,recover-20221013,001,1795
167.9005,167.9405,68437,82639,Rhinolophus ferrumequinum,0.023,0.023,-1,Echolocation,/mnt/ubna_data_02_mir/recover-20221013/UBNA_001/20221012_030000.WAV,Telephone Field,recover-20221013,001,1795
167.9025,167.9124,23750,30899,Nyctalus leisleri,0.008,0.022,-1,Echolocation,/mnt/ubna_data_02_mir/recover-20221013/UBNA_001/20221012_030000.WAV,Telephone Field,recover-20221013,001,1795
167.9215,167.964,68437,82745,Rhinolophus ferrumequinum,0.027,0.027,-1,Echolocation,/mnt/ubna_data_02_mir/recover-20221013/UBNA_001/20221012_030000.WAV,Telephone Field,recover-20221013,001,1795
167.9445,167.9548,24609,32216,Eptesicus serotinus,0.015,0.044,-1,Echolocation,/mnt/ubna_data_02_mir/recover-20221013/UBNA_001/20221012_030000.WAV,Telephone Field,recover-20221013,001,1795
167.9665,167.9765,28046,37276,Eptesicus serotinus,0.01,0.023,-1,Echolocation,/mnt/ubna_data_02_mir/recover-20221013/UBNA_001/20221012_030000.WAV,Telephone Field,recover-20221013,001,1795
168.0015,168.0103,24609,31693,Nyctalus leisleri,0.012,0.033,-1,Echolocation,/mnt/ubna_data_02_mir/recover-20221013/UBNA_001/20221012_030000.WAV,Telephone Field,recover-20221013,001,1795
168.0015,168.031,68437,81667,Rhinolophus ferrumequinum,0.028,0.028,-1,Echolocation,/mnt/ubna_data_02_mir/recover-20221013/UBNA_001/20221012_030000.WAV,Telephone Field,recover-20221013,001,1795
168.0035,168.0126,42656,47346,Pipistrellus nathusii,0.01,0.029,-1,Echolocation,/mnt/ubna_data_02_mir/recover-20221013/UBNA_001/20221012_030000.WAV,Telephone Field,recover-20221013,001,1795
168.0155,168.058,68437,82940,Rhinolophus ferrumequinum,0.035,0.035,-1,Echolocation,/mnt/ubna_data_02_mir/recover-20221013/UBNA_001/20221012_030000.WAV,Telephone Field,recover-20221013,001,1795
168.0325,168.0562,16875,20360,Nyctalus noctula,0.023,0.034,-1,Echolocation,/mnt/ubna_data_02_mir/recover-20221013/UBNA_001/20221012_030000.WAV,Telephone Field,recover-20221013,001,1795
168.0435,168.0509,27187,37460,Eptesicus serotinus,0.006,0.021,-1,Echolocation,/mnt/ubna_data_02_mir/recover-20221013/UBNA_001/20221012_030000.WAV,Telephone Field,recover-20221013,001,1795
168.05349999999999,168.0925,68437,82479,Rhinolophus ferrumequinum,0.022,0.022,-1,Echolocation,/mnt/ubna_data_02_mir/recover-20221013/UBNA_001/20221012_030000.WAV,Telephone Field,recover-20221013,001,1795
168.1245,168.1418,20312,23480,Nyctalus leisleri,0.013,0.023,-1,Echolocation,/mnt/ubna_data_02_mir/recover-20221013/UBNA_001/20221012_030000.WAV,Telephone Field,recover-20221013,001,1795
168.1255,168.1678,68437,83182,Rhinolophus ferrumequinum,0.026,0.026,-1,Echolocation,/mnt/ubna_data_02_mir/recover-20221013/UBNA_001/20221012_030000.WAV,Telephone Field,recover-20221013,001,1795
168.1495,168.1578,47812,52121,Pipistrellus pipistrellus,0.023,0.024,-1,Echolocation,/mnt/ubna_data_02_mir/recover-20221013/UBNA_001/20221012_030000.WAV,Telephone Field,recover-20221013,001,1795
168.1585,168.1678,28046,37422,Eptesicus serotinus,0.007,0.021,-1,Echolocation,/mnt/ubna_data_02_mir/recover-20221013/UBNA_001/20221012_030000.WAV,Telephone Field,recover-20221013,001,1795
168.1775,168.2155,68437,81849,Rhinolophus ferrumequinum,0.023,0.023,-1,Echolocation,/mnt/ubna_data_02_mir/recover-20221013/UBNA_001/20221012_030000.WAV,Telephone Field,recover-20221013,001,1795
168.2105,168.2532,68437,83472,Rhinolophus ferrumequinum,0.057,0.057,-1,Echolocation,/mnt/ubna_data_02_mir/recover-20221013/UBNA_001/20221012_030000.WAV,Telephone Field,recover-20221013,001,1795
168.2355,168.2442,28046,38599,Eptesicus serotinus,0.008,0.023,-1,Echolocation,/mnt/ubna_data_02_mir/recover-20221013/UBNA_001/20221012_030000.WAV,Telephone Field,recover-20221013,001,1795
168.26749999999998,168.3049,68437,81943,Rhinolophus ferrumequinum,0.023,0.023,-1,Echolocation,/mnt/ubna_data_02_mir/recover-20221013/UBNA_001/20221012_030000.WAV,Telephone Field,recover-20221013,001,1795
168.3045,168.3457,68437,82629,Rhinolophus ferrumequinum,0.022,0.022,-1,Echolocation,/mnt/ubna_data_02_mir/recover-20221013/UBNA_001/20221012_030000.WAV,Telephone Field,recover-20221013,001,1795
168.3525,168.3913,68437,81675,Rhinolophus ferrumequinum,0.023,0.023,-1,Echolocation,/mnt/ubna_data_02_mir/recover-20221013/UBNA_001/20221012_030000.WAV,Telephone Field,recover-20221013,001,1795
168.3725,168.4083,68437,81879,Rhinolophus ferrumequinum,0.022,0.022,-1,Echolocation,/mnt/ubna_data_02_mir/recover-20221013/UBNA_001/20221012_030000.WAV,Telephone Field,recover-20221013,001,1795
168.3745,168.3822,35781,42469,Myotis daubentonii,0.008,0.025,-1,Echolocation,/mnt/ubna_data_02_mir/recover-20221013/UBNA_001/20221012_030000.WAV,Telephone Field,recover-20221013,001,1795
168.3755,168.3821,27187,42939,Eptesicus serotinus,0.007,0.025,-1,Echolocation,/mnt/ubna_data_02_mir/recover-20221013/UBNA_001/20221012_030000.WAV,Telephone Field,recover-20221013,001,1795
168.3855,168.4228,68437,81951,Rhinolophus ferrumequinum,0.022,0.022,-1,Echolocation,/mnt/ubna_data_02_mir/recover-20221013/UBNA_001/20221012_030000.WAV,Telephone Field,recover-20221013,001,1795
168.4025,168.4422,68437,81816,Rhinolophus ferrumequinum,0.021,0.021,-1,Echolocation,/mnt/ubna_data_02_mir/recover-20221013/UBNA_001/20221012_030000.WAV,Telephone Field,recover-20221013,001,1795
168.4095,168.4475,68437,81933,Rhinolophus ferrumequinum,0.021,0.021,-1,Echolocation,/mnt/ubna_data_02_mir/recover-20221013/UBNA_001/20221012_030000.WAV,Telephone Field,recover-20221013,001,1795
168.4355,168.4426,28046,39471,Eptesicus serotinus,0.007,0.022,-1,Echolocation,/mnt/ubna_data_02_mir/recover-20221013/UBNA_001/20221012_030000.WAV,Telephone Field,recover-20221013,001,1795
168.4515,168.4919,68437,82394,Rhinolophus ferrumequinum,0.033,0.033,-1,Echolocation,/mnt/ubna_data_02_mir/recover-20221013/UBNA_001/20221012_030000.WAV,Telephone Field,recover-20221013,001,1795
168.45850000000002,168.4968,68437,82275,Rhinolophus ferrumequinum,0.039,0.039,-1,Echolocation,/mnt/ubna_data_02_mir/recover-20221013/UBNA_001/20221012_030000.WAV,Telephone Field,recover-20221013,001,1795
168.5185,168.5586,68437,82239,Rhinolophus ferrumequinum,0.026,0.026,-1,Echolocation,/mnt/ubna_data_02_mir/recover-20221013/UBNA_001/20221012_030000.WAV,Telephone Field,recover-20221013,001,1795
168.5215,168.5297,28046,38458,Eptesicus serotinus,0.008,0.024,-1,Echolocation,/mnt/ubna_data_02_mir/recover-20221013/UBNA_001/20221012_030000.WAV,Telephone Field,recover-20221013,001,1795
168.5275,168.5687,68437,82757,Rhinolophus ferrumequinum,0.022,0.022,-1,Echolocation,/mnt/ubna_data_02_mir/recover-20221013/UBNA_001/20221012_030000.WAV,Telephone Field,recover-20221013,001,1795
168.5345,168.5736,68437,82539,Rhinolophus ferrumequinum,0.021,0.021,-1,Echolocation,/mnt/ubna_data_02_mir/recover-20221013/UBNA_001/20221012_030000.WAV,Telephone Field,recover-20221013,001,1795
168.58350000000002,168.5945,23750,28879,Nyctalus leisleri,0.016,0.032,-1,Echolocation,/mnt/ubna_data_02_mir/recover-20221013/UBNA_001/20221012_030000.WAV,Telephone Field,recover-20221013,001,1795
168.58350000000002,168.5959,43515,47689,Pipistrellus pipistrellus,0.021,0.032,-1,Echolocation,/mnt/ubna_data_02_mir/recover-20221013/UBNA_001/20221012_030000.WAV,Telephone Field,recover-20221013,001,1795
168.5875,168.6222,68437,81106,Rhinolophus ferrumequinum,0.022,0.022,-1,Echolocation,/mnt/ubna_data_02_mir/recover-20221013/UBNA_001/20221012_030000.WAV,Telephone Field,recover-20221013,001,1795
168.6105,168.6452,68437,81458,Rhinolophus ferrumequinum,0.021,0.021,-1,Echolocation,/mnt/ubna_data_02_mir/recover-20221013/UBNA_001/20221012_030000.WAV,Telephone Field,recover-20221013,001,1795
168.6375,168.6452,50390,54514,Pipistrellus pipistrellus,0.023,0.025,-1,Echolocation,/mnt/ubna_data_02_mir/recover-20221013/UBNA_001/20221012_030000.WAV,Telephone Field,recover-20221013,001,1795
168.6535,168.6915,68437,81320,Rhinolophus ferrumequinum,0.024,0.024,-1,Echolocation,/mnt/ubna_data_02_mir/recover-20221013/UBNA_001/20221012_030000.WAV,Telephone Field,recover-20221013,001,1795
168.6805,168.7192,68437,82082,Rhinolophus ferrumequinum,0.029,0.029,-1,Echolocation,/mnt/ubna_data_02_mir/recover-20221013/UBNA_001/20221012_030000.WAV,Telephone Field,recover-20221013,001,1795
168.7005,168.7379,68437,81746,Rhinolophus ferrumequinum,0.022,0.022,-1,Echolocation,/mnt/ubna_data_02_mir/recover-20221013/UBNA_001/20221012_030000.WAV,Telephone Field,recover-20221013,001,1795
168.7175,168.755,68437,82229,Rhinolophus ferrumequinum,0.022,0.022,-1,Echolocation,/mnt/ubna_data_02_mir/recover-20221013/UBNA_001/20221012_030000.WAV,Telephone Field,recover-20221013,001,1795
168.7385,168.7785,68437,82241,Rhinolophus ferrumequinum,0.027,0.027,-1,Echolocation,/mnt/ubna_data_02_mir/recover-20221013/UBNA_001/20221012_030000.WAV,Telephone Field,recover-20221013,001,1795
168.7485,168.7895,68437,82507,Rhinolophus ferrumequinum,0.022,0.023,-1,Echolocation,/mnt/ubna_data_02_mir/recover-20221013/UBNA_001/20221012_030000.WAV,Telephone Field,recover-20221013,001,1795
168.7615,168.7991,68437,82510,Rhinolophus ferrumequinum,0.024,0.024,-1,Echolocation,/mnt/ubna_data_02_mir/recover-20221013/UBNA_001/20221012_030000.WAV,Telephone Field,recover-20221013,001,1795
168.7645,168.7751,23750,29178,Nyctalus leisleri,0.011,0.024,-1,Echolocation,/mnt/ubna_data_02_mir/recover-20221013/UBNA_001/20221012_030000.WAV,Telephone Field,recover-20221013,001,1795
168.7745,168.7826,49531,53923,Pipistrellus pipistrellus,0.02,0.022,-1,Echolocation,/mnt/ubna_data_02_mir/recover-20221013/UBNA_001/20221012_030000.WAV,Telephone Field,recover-20221013,001,1795
168.7885,168.8319,68437,83319,Rhinolophus ferrumequinum,0.032,0.032,-1,Echolocation,/mnt/ubna_data_02_mir/recover-20221013/UBNA_001/20221012_030000.WAV,Telephone Field,recover-20221013,001,1795
168.8125,168.8503,68437,82397,Rhinolophus ferrumequinum,0.021,0.021,-1,Echolocation,/mnt/ubna_data_02_mir/recover-20221013/UBNA_001/20221012_030000.WAV,Telephone Field,recover-20221013,001,1795
168.8285,168.8624,68437,80224,Rhinolophus ferrumequinum,0.025,0.025,-1,Echolocation,/mnt/ubna_data_02_mir/recover-20221013/UBNA_001/20221012_030000.WAV,Telephone Field,recover-20221013,001,1795
168.8305,168.8382,25468,37817,Eptesicus serotinus,0.005,0.021,-1,Echolocation,/mnt/ubna_data_02_mir/recover-20221013/UBNA_001/20221012_030000.WAV,Telephone Field,recover-20221013,001,1795
168.8775,168.9187,68437,82792,Rhinolophus ferrumequinum,0.031,0.031,-1,Echolocation,/mnt/ubna_data_02_mir/recover-20221013/UBNA_001/20221012_030000.WAV,Telephone Field,recover-20221013,001,1795
168.9075,168.9168,28906,37192,Eptesicus serotinus,0.01,0.027,-1,Echolocation,/mnt/ubna_data_02_mir/recover-20221013/UBNA_001/20221012_030000.WAV,Telephone Field,recover-20221013,001,1795
168.9255,168.9633,68437,81401,Rhinolophus ferrumequinum,0.023,0.023,-1,Echolocation,/mnt/ubna_data_02_mir/recover-20221013/UBNA_001/20221012_030000.WAV,Telephone Field,recover-20221013,001,1795
168.9965,169.0323,68437,81686,Rhinolophus ferrumequinum,0.021,0.021,-1,Echolocation,/mnt/ubna_data_02_mir/recover-20221013/UBNA_001/20221012_030000.WAV,Telephone Field,recover-20221013,001,1795
169.0405,169.0588,19453,22163,Nyctalus leisleri,0.013,0.021,-1,Echolocation,/mnt/ubna_data_02_mir/recover-20221013/UBNA_001/20221012_030000.WAV,Telephone Field,recover-20221013,001,1795
169.0795,169.11939999999998,68437,82434,Rhinolophus ferrumequinum,0.028,0.028,-1,Echolocation,/mnt/ubna_data_02_mir/recover-20221013/UBNA_001/20221012_030000.WAV,Telephone Field,recover-20221013,001,1795
169.1195,169.1597,68437,82111,Rhinolophus ferrumequinum,0.023,0.023,-1,Echolocation,/mnt/ubna_data_02_mir/recover-20221013/UBNA_001/20221012_030000.WAV,Telephone Field,recover-20221013,001,1795
169.1335,169.1722,68437,82695,Rhinolophus ferrumequinum,0.024,0.024,-1,Echolocation,/mnt/ubna_data_02_mir/recover-20221013/UBNA_001/20221012_030000.WAV,Telephone Field,recover-20221013,001,1795
169.1655,169.2078,68437,82919,Rhinolophus ferrumequinum,0.035,0.035,-1,Echolocation,/mnt/ubna_data_02_mir/recover-20221013/UBNA_001/20221012_030000.WAV,Telephone Field,recover-20221013,001,1795
169.2035,169.2449,68437,82560,Rhinolophus ferrumequinum,0.034,0.034,-1,Echolocation,/mnt/ubna_data_02_mir/recover-20221013/UBNA_001/20221012_030000.WAV,Telephone Field,recover-20221013,001,1795
169.2395,169.2542,21171,24810,Nyctalus leisleri,0.014,0.024,-1,Echolocation,/mnt/ubna_data_02_mir/recover-20221013/UBNA_001/20221012_030000.WAV,Telephone Field,recover-20221013,001,1795
169.2405,169.27949999999998,68437,81993,Rhinolophus ferrumequinum,0.021,0.021,-1,Echolocation,/mnt/ubna_data_02_mir/recover-20221013/UBNA_001/20221012_030000.WAV,Telephone Field,recover-20221013,001,1795
169.2585,169.2987,68437,82130,Rhinolophus ferrumequinum,0.026,0.026,-1,Echolocation,/mnt/ubna_data_02_mir/recover-20221013/UBNA_001/20221012_030000.WAV,Telephone Field,recover-20221013,001,1795
169.2615,169.2709,28046,38086,Eptesicus serotinus,0.009,0.022,-1,Echolocation,/mnt/ubna_data_02_mir/recover-20221013/UBNA_001/20221012_030000.WAV,Telephone Field,recover-20221013,001,1795
169.2985,169.3399,68437,82769,Rhinolophus ferrumequinum,0.024,0.024,-1,Echolocation,/mnt/ubna_data_02_mir/recover-20221013/UBNA_001/20221012_030000.WAV,Telephone Field,recover-20221013,001,1795
169.3085,169.3179,22890,29529,Nyctalus leisleri,0.007,0.022,-1,Echolocation,/mnt/ubna_data_02_mir/recover-20221013/UBNA_001/20221012_030000.WAV,Telephone Field,recover-20221013,001,1795
169.3245,169.3621,68437,82053,Rhinolophus ferrumequinum,0.022,0.022,-1,Echolocation,/mnt/ubna_data_02_mir/recover-20221013/UBNA_001/20221012_030000.WAV,Telephone Field,recover-20221013,001,1795
169.3345,169.3429,28046,38697,Eptesicus serotinus,0.009,0.025,-1,Echolocation,/mnt/ubna_data_02_mir/recover-20221013/UBNA_001/20221012_030000.WAV,Telephone Field,recover-20221013,001,1795
169.3535,169.3932,68437,82530,Rhinolophus ferrumequinum,0.029,0.029,-1,Echolocation,/mnt/ubna_data_02_mir/recover-20221013/UBNA_001/20221012_030000.WAV,Telephone Field,recover-20221013,001,1795
169.3585,169.3698,22890,27465,Nyctalus leisleri,0.013,0.025,-1,Echolocation,/mnt/ubna_data_02_mir/recover-20221013/UBNA_001/20221012_030000.WAV,Telephone Field,recover-20221013,001,1795
169.4185,169.4298,22890,27953,Nyctalus leisleri,0.017,0.031,-1,Echolocation,/mnt/ubna_data_02_mir/recover-20221013/UBNA_001/20221012_030000.WAV,Telephone Field,recover-20221013,001,1795
169.4445,169.48669999999998,68437,82768,Rhinolophus ferrumequinum,0.039,0.039,-1,Echolocation,/mnt/ubna_data_02_mir/recover-20221013/UBNA_001/20221012_030000.WAV,Telephone Field,recover-20221013,001,1795
169.4625,169.47129999999999,28046,39976,Eptesicus serotinus,0.01,0.026,-1,Echolocation,/mnt/ubna_data_02_mir/recover-20221013/UBNA_001/20221012_030000.WAV,Telephone Field,recover-20221013,001,1795
169.4655,169.5062,68437,82646,Rhinolophus ferrumequinum,0.023,0.024,-1,Echolocation,/mnt/ubna_data_02_mir/recover-20221013/UBNA_001/20221012_030000.WAV,Telephone Field,recover-20221013,001,1795
169.5025,169.5115,24609,31783,Eptesicus serotinus,0.007,0.021,-1,Echolocation,/mnt/ubna_data_02_mir/recover-20221013/UBNA_001/20221012_030000.WAV,Telephone Field,recover-20221013,001,1795
169.5085,169.5489,68437,82056,Rhinolophus ferrumequinum,0.026,0.026,-1,Echolocation,/mnt/ubna_data_02_mir/recover-20221013/UBNA_001/20221012_030000.WAV,Telephone Field,recover-20221013,001,1795
169.5315,169.5682,68437,81950,Rhinolophus ferrumequinum,0.025,0.025,-1,Echolocation,/mnt/ubna_data_02_mir/recover-20221013/UBNA_001/20221012_030000.WAV,Telephone Field,recover-20221013,001,1795
169.5335,169.5511,19453,22891,Nyctalus leisleri,0.013,0.029,-1,Echolocation,/mnt/ubna_data_02_mir/recover-20221013/UBNA_001/20221012_030000.WAV,Telephone Field,recover-20221013,001,1795
169.5525,169.5925,68437,82296,Rhinolophus ferrumequinum,0.021,0.022,-1,Echolocation,/mnt/ubna_data_02_mir/recover-20221013/UBNA_001/20221012_030000.WAV,Telephone Field,recover-20221013,001,1795
169.5885,169.6328,68437,83345,Rhinolophus ferrumequinum,0.041,0.041,-1,Echolocation,/mnt/ubna_data_02_mir/recover-20221013/UBNA_001/20221012_030000.WAV,Telephone Field,recover-20221013,001,1795
169.6025,169.6427,68437,82688,Rhinolophus ferrumequinum,0.022,0.022,-1,Echolocation,/mnt/ubna_data_02_mir/recover-20221013/UBNA_001/20221012_030000.WAV,Telephone Field,recover-20221013,001,1795
169.6225,169.6282,32343,44780,Myotis daubentonii,0.012,0.026,-1,Echolocation,/mnt/ubna_data_02_mir/recover-20221013/UBNA_001/20221012_030000.WAV,Telephone Field,recover-20221013,001,1795
169.6225,169.6292,27187,41577,Eptesicus serotinus,0.007,0.025,-1,Echolocation,/mnt/ubna_data_02_mir/recover-20221013/UBNA_001/20221012_030000.WAV,Telephone Field,recover-20221013,001,1795
169.6485,169.6612,22031,26296,Nyctalus leisleri,0.015,0.027,-1,Echolocation,/mnt/ubna_data_02_mir/recover-20221013/UBNA_001/20221012_030000.WAV,Telephone Field,recover-20221013,001,1795
169.6575,169.6986,68437,82894,Rhinolophus ferrumequinum,0.029,0.029,-1,Echolocation,/mnt/ubna_data_02_mir/recover-20221013/UBNA_001/20221012_030000.WAV,Telephone Field,recover-20221013,001,1795
169.6705,169.6772,30625,41939,Myotis daubentonii,0.012,0.025,-1,Echolocation,/mnt/ubna_data_02_mir/recover-20221013/UBNA_001/20221012_030000.WAV,Telephone Field,recover-20221013,001,1795
169.67849999999999,169.7163,68437,81826,Rhinolophus ferrumequinum,0.023,0.023,-1,Echolocation,/mnt/ubna_data_02_mir/recover-20221013/UBNA_001/20221012_030000.WAV,Telephone Field,recover-20221013,001,1795
169.67849999999999,169.6911,22890,27878,Nyctalus leisleri,0.012,0.023,-1,Echolocation,/mnt/ubna_data_02_mir/recover-20221013/UBNA_001/20221012_030000.WAV,Telephone Field,recover-20221013,001,1795
169.7025,169.7335,68437,81097,Rhinolophus ferrumequinum,0.029,0.029,-1,Echolocation,/mnt/ubna_data_02_mir/recover-20221013/UBNA_001/20221012_030000.WAV,Telephone Field,recover-20221013,001,1795
169.7185,169.757,68437,82002,Rhinolophus ferrumequinum,0.028,0.028,-1,Echolocation,/mnt/ubna_data_02_mir/recover-20221013/UBNA_001/20221012_030000.WAV,Telephone Field,recover-20221013,001,1795
169.7445,169.7509,25468,37068,Plecotus austriacus,0.017,0.043,-1,Echolocation,/mnt/ubna_data_02_mir/recover-20221013/UBNA_001/20221012_030000.WAV,Telephone Field,recover-20221013,001,1795
169.7535,169.7891,68437,81347,Rhinolophus ferrumequinum,0.021,0.021,-1,Echolocation,/mnt/ubna_data_02_mir/recover-20221013/UBNA_001/20221012_030000.WAV,Telephone Field,recover-20221013,001,1795
169.76749999999998,169.8066,68437,82182,Rhinolophus ferrumequinum,0.029,0.03,-1,Echolocation,/mnt/ubna_data_02_mir/recover-20221013/UBNA_001/20221012_030000.WAV,Telephone Field,recover-20221013,001,1795
169.8025,169.8415,68437,82228,Rhinolophus ferrumequinum,0.021,0.021,-1,Echolocation,/mnt/ubna_data_02_mir/recover-20221013/UBNA_001/20221012_030000.WAV,Telephone Field,recover-20221013,001,1795
169.8045,169.8152,28046,35731,Eptesicus serotinus,0.012,0.026,-1,Echolocation,/mnt/ubna_data_02_mir/recover-20221013/UBNA_001/20221012_030000.WAV,Telephone Field,recover-20221013,001,1795
169.8625,169.9056,68437,82680,Rhinolophus ferrumequinum,0.027,0.027,-1,Echolocation,/mnt/ubna_data_02_mir/recover-20221013/UBNA_001/20221012_030000.WAV,Telephone Field,recover-20221013,001,1795
169.8945,169.9304,68437,81707,Rhinolophus ferrumequinum,0.023,0.023,-1,Echolocation,/mnt/ubna_data_02_mir/recover-20221013/UBNA_001/20221012_030000.WAV,Telephone Field,recover-20221013,001,1795
169.8975,169.9043,26328,39409,Eptesicus serotinus,0.005,0.021,-1,Echolocation,/mnt/ubna_data_02_mir/recover-20221013/UBNA_001/20221012_030000.WAV,Telephone Field,recover-20221013,001,1795
169.9115,169.9185,28046,39495,Eptesicus serotinus,0.005,0.022,-1,Echolocation,/mnt/ubna_data_02_mir/recover-20221013/UBNA_001/20221012_030000.WAV,Telephone Field,recover-20221013,001,1795
169.9125,169.9196,23750,31810,Plecotus austriacus,0.01,0.022,-1,Echolocation,/mnt/ubna_data_02_mir/recover-20221013/UBNA_001/20221012_030000.WAV,Telephone Field,recover-20221013,001,1795
169.9225,169.9606,68437,82102,Rhinolophus ferrumequinum,0.022,0.022,-1,Echolocation,/mnt/ubna_data_02_mir/recover-20221013/UBNA_001/20221012_030000.WAV,Telephone Field,recover-20221013,001,1795
170.0015,170.0334,68437,79827,Rhinolophus ferrumequinum,0.028,0.028,-1,Echolocation,/mnt/ubna_data_02_mir/recover-20221013/UBNA_001/20221012_030000.WAV,Telephone Field,recover-20221013,001,1795
170.0015,170.0092,24609,36234,Plecotus austriacus,0.006,0.026,-1,Echolocation,/mnt/ubna_data_02_mir/recover-20221013/UBNA_001/20221012_030000.WAV,Telephone Field,recover-20221013,001,1795
170.0125,170.0215,29765,38172,Eptesicus serotinus,0.007,0.02,-1,Echolocation,/mnt/ubna_data_02_mir/recover-20221013/UBNA_001/20221012_030000.WAV,Telephone Field,recover-20221013,001,1795
170.0135,170.0531,68437,82023,Rhinolophus ferrumequinum,0.022,0.022,-1,Echolocation,/mnt/ubna_data_02_mir/recover-20221013/UBNA_001/20221012_030000.WAV,Telephone Field,recover-20221013,001,1795
170.0395,170.0799,68437,81906,Rhinolophus ferrumequinum,0.027,0.027,-1,Echolocation,/mnt/ubna_data_02_mir/recover-20221013/UBNA_001/20221012_030000.WAV,Telephone Field,recover-20221013,001,1795
170.0765,170.0876,24609,31211,Nyctalus leisleri,0.008,0.022,-1,Echolocation,/mnt/ubna_data_02_mir/recover-20221013/UBNA_001/20221012_030000.WAV,Telephone Field,recover-20221013,001,1795
170.0885,170.1025,23750,28411,Nyctalus leisleri,0.013,0.026,-1,Echolocation,/mnt/ubna_data_02_mir/recover-20221013/UBNA_001/20221012_030000.WAV,Telephone Field,recover-20221013,001,1795
170.0885,170.1335,68437,83217,Rhinolophus ferrumequinum,0.045,0.045,-1,Echolocation,/mnt/ubna_data_02_mir/recover-20221013/UBNA_001/20221012_030000.WAV,Telephone Field,recover-20221013,001,1795
170.1125,170.1199,25468,34366,Eptesicus serotinus,0.006,0.022,-1,Echolocation,/mnt/ubna_data_02_mir/recover-20221013/UBNA_001/20221012_030000.WAV,Telephone Field,recover-20221013,001,1795
170.1595,170.1675,29765,39408,Eptesicus serotinus,0.006,0.02,-1,Echolocation,/mnt/ubna_data_02_mir/recover-20221013/UBNA_001/20221012_030000.WAV,Telephone Field,recover-20221013,001,1795
170.2265,170.2681,68437,82481,Rhinolophus ferrumequinum,0.026,0.026,-1,Echolocation,/mnt/ubna_data_02_mir/recover-20221013/UBNA_001/20221012_030000.WAV,Telephone Field,recover-20221013,001,1795
170.2345,170.2453,23750,29237,Nyctalus leisleri,0.009,0.021,-1,Echolocation,/mnt/ubna_data_02_mir/recover-20221013/UBNA_001/20221012_030000.WAV,Telephone Field,recover-20221013,001,1795
170.2375,170.247,51250,55615,Pipistrellus pipistrellus,0.034,0.039,-1,Echolocation,/mnt/ubna_data_02_mir/recover-20221013/UBNA_001/20221012_030000.WAV,Telephone Field,recover-20221013,001,1795
170.2585,170.2977,68437,82680,Rhinolophus ferrumequinum,0.023,0.023,-1,Echolocation,/mnt/ubna_data_02_mir/recover-20221013/UBNA_001/20221012_030000.WAV,Telephone Field,recover-20221013,001,1795
170.2695,170.3079,68437,81717,Rhinolophus ferrumequinum,0.02,0.02,-1,Echolocation,/mnt/ubna_data_02_mir/recover-20221013/UBNA_001/20221012_030000.WAV,Telephone Field,recover-20221013,001,1795
170.2695,170.2798,22031,26188,Nyctalus leisleri,0.01,0.02,-1,Echolocation,/mnt/ubna_data_02_mir/recover-20221013/UBNA_001/20221012_030000.WAV,Telephone Field,recover-20221013,001,1795
170.3225,170.3648,68437,82960,Rhinolophus ferrumequinum,0.023,0.023,-1,Echolocation,/mnt/ubna_data_02_mir/recover-20221013/UBNA_001/20221012_030000.WAV,Telephone Field,recover-20221013,001,1795
170.3545,170.3928,68437,82081,Rhinolophus ferrumequinum,0.021,0.021,-1,Echolocation,/mnt/ubna_data_02_mir/recover-20221013/UBNA_001/20221012_030000.WAV,Telephone Field,recover-20221013,001,1795
170.3845,170.4241,68437,82826,Rhinolophus ferrumequinum,0.02,0.02,-1,Echolocation,/mnt/ubna_data_02_mir/recover-20221013/UBNA_001/20221012_030000.WAV,Telephone Field,recover-20221013,001,1795
170.4205,170.4642,68437,83298,Rhinolophus ferrumequinum,0.027,0.027,-1,Echolocation,/mnt/ubna_data_02_mir/recover-20221013/UBNA_001/20221012_030000.WAV,Telephone Field,recover-20221013,001,1795
170.4365,170.4763,68437,82072,Rhinolophus ferrumequinum,0.021,0.021,-1,Echolocation,/mnt/ubna_data_02_mir/recover-20221013/UBNA_001/20221012_030000.WAV,Telephone Field,recover-20221013,001,1795
170.4445,170.48590000000002,68437,82767,Rhinolophus ferrumequinum,0.022,0.022,-1,Echolocation,/mnt/ubna_data_02_mir/recover-20221013/UBNA_001/20221012_030000.WAV,Telephone Field,recover-20221013,001,1795
170.4765,170.4845,49531,55302,Pipistrellus pipistrellus,0.024,0.028,-1,Echolocation,/mnt/ubna_data_02_mir/recover-20221013/UBNA_001/20221012_030000.WAV,Telephone Field,recover-20221013,001,1795
170.4965,170.5033,23750,32952,Plecotus austriacus,0.009,0.021,-1,Echolocation,/mnt/ubna_data_02_mir/recover-20221013/UBNA_001/20221012_030000.WAV,Telephone Field,recover-20221013,001,1795
170.5045,170.5409,68437,81571,Rhinolophus ferrumequinum,0.021,0.021,-1,Echolocation,/mnt/ubna_data_02_mir/recover-20221013/UBNA_001/20221012_030000.WAV,Telephone Field,recover-20221013,001,1795
170.5285,170.5672,68437,81320,Rhinolophus ferrumequinum,0.02,0.02,-1,Echolocation,/mnt/ubna_data_02_mir/recover-20221013/UBNA_001/20221012_030000.WAV,Telephone Field,recover-20221013,001,1795
170.5365,170.5767,68437,82257,Rhinolophus ferrumequinum,0.02,0.02,-1,Echolocation,/mnt/ubna_data_02_mir/recover-20221013/UBNA_001/20221012_030000.WAV,Telephone Field,recover-20221013,001,1795
170.5735,170.58429999999998,27187,34520,Eptesicus serotinus,0.049,0.077,-1,Echolocation,/mnt/ubna_data_02_mir/recover-20221013/UBNA_001/20221012_030000.WAV,Telephone Field,recover-20221013,001,1795
170.5755,170.6115,68437,81809,Rhinolophus ferrumequinum,0.021,0.021,-1,Echolocation,/mnt/ubna_data_02_mir/recover-20221013/UBNA_001/20221012_030000.WAV,Telephone Field,recover-20221013,001,1795
170.5915,170.6317,68437,82468,Rhinolophus ferrumequinum,0.023,0.023,-1,Echolocation,/mnt/ubna_data_02_mir/recover-20221013/UBNA_001/20221012_030000.WAV,Telephone Field,recover-20221013,001,1795
170.6015,170.6378,68437,81866,Rhinolophus ferrumequinum,0.023,0.023,-1,Echolocation,/mnt/ubna_data_02_mir/recover-20221013/UBNA_001/20221012_030000.WAV,Telephone Field,recover-20221013,001,1795
170.60750000000002,170.6474,68437,81981,Rhinolophus ferrumequinum,0.022,0.022,-1,Echolocation,/mnt/ubna_data_02_mir/recover-20221013/UBNA_001/20221012_030000.WAV,Telephone Field,recover-20221013,001,1795
170.6295,170.6743,68437,83546,Rhinolophus ferrumequinum,0.045,0.045,-1,Echolocation,/mnt/ubna_data_02_mir/recover-20221013/UBNA_001/20221012_030000.WAV,Telephone Field,recover-20221013,001,1795
170.6345,170.6435,45234,49121,Pipistrellus pipistrellus,0.021,0.022,-1,Echolocation,/mnt/ubna_data_02_mir/recover-20221013/UBNA_001/20221012_030000.WAV,Telephone Field,recover-20221013,001,1795
170.6355,170.6465,28906,35837,Eptesicus serotinus,0.012,0.025,-1,Echolocation,/mnt/ubna_data_02_mir/recover-20221013/UBNA_001/20221012_030000.WAV,Telephone Field,recover-20221013,001,1795
170.6625,170.68189999999998,20312,23001,Nyctalus leisleri,0.013,0.022,-1,Echolocation,/mnt/ubna_data_02_mir/recover-20221013/UBNA_001/20221012_030000.WAV,Telephone Field,recover-20221013,001,1795
170.6755,170.7115,68437,81507,Rhinolophus ferrumequinum,0.025,0.025,-1,Echolocation,/mnt/ubna_data_02_mir/recover-20221013/UBNA_001/20221012_030000.WAV,Telephone Field,recover-20221013,001,1795
170.6815,170.7184,68437,81974,Rhinolophus ferrumequinum,0.025,0.025,-1,Echolocation,/mnt/ubna_data_02_mir/recover-20221013/UBNA_001/20221012_030000.WAV,Telephone Field,recover-20221013,001,1795
170.6885,170.7006,22890,27409,Nyctalus leisleri,0.011,0.021,-1,Echolocation,/mnt/ubna_data_02_mir/recover-20221013/UBNA_001/20221012_030000.WAV,Telephone Field,recover-20221013,001,1795
170.7125,170.7194,25468,35732,Plecotus austriacus,0.008,0.027,-1,Echolocation,/mnt/ubna_data_02_mir/recover-20221013/UBNA_001/20221012_030000.WAV,Telephone Field,recover-20221013,001,1795
170.7195,170.761,68437,82933,Rhinolophus ferrumequinum,0.024,0.024,-1,Echolocation,/mnt/ubna_data_02_mir/recover-20221013/UBNA_001/20221012_030000.WAV,Telephone Field,recover-20221013,001,1795
170.7435,170.7537,55546,60380,Pipistrellus pygmaeus,0.025,0.027,-1,Echolocation,/mnt/ubna_data_02_mir/recover-20221013/UBNA_001/20221012_030000.WAV,Telephone Field,recover-20221013,001,1795
170.7455,170.7541,28906,42684,Eptesicus serotinus,0.01,0.025,-1,Echolocation,/mnt/ubna_data_02_mir/recover-20221013/UBNA_001/20221012_030000.WAV,Telephone Field,recover-20221013,001,1795
170.7525,170.7905,68437,82303,Rhinolophus ferrumequinum,0.023,0.023,-1,Echolocation,/mnt/ubna_data_02_mir/recover-20221013/UBNA_001/20221012_030000.WAV,Telephone Field,recover-20221013,001,1795
170.7725,170.7835,22890,28414,Nyctalus leisleri,0.012,0.026,-1,Echolocation,/mnt/ubna_data_02_mir/recover-20221013/UBNA_001/20221012_030000.WAV,Telephone Field,recover-20221013,001,1795
170.7945,170.8341,68437,82220,Rhinolophus ferrumequinum,0.021,0.021,-1,Echolocation,/mnt/ubna_data_02_mir/recover-20221013/UBNA_001/20221012_030000.WAV,Telephone Field,recover-20221013,001,1795
170.8145,170.8538,68437,82007,Rhinolophus ferrumequinum,0.021,0.021,-1,Echolocation,/mnt/ubna_data_02_mir/recover-20221013/UBNA_001/20221012_030000.WAV,Telephone Field,recover-20221013,001,1795
170.8445,170.8555,23750,29387,Nyctalus leisleri,0.009,0.02,-1,Echolocation,/mnt/ubna_data_02_mir/recover-20221013/UBNA_001/20221012_030000.WAV,Telephone Field,recover-20221013,001,1795
170.8915,170.8998,26328,35098,Eptesicus serotinus,0.009,0.023,-1,Echolocation,/mnt/ubna_data_02_mir/recover-20221013/UBNA_001/20221012_030000.WAV,Telephone Field,recover-20221013,001,1795
170.9535,170.9905,68437,81715,Rhinolophus ferrumequinum,0.022,0.022,-1,Echolocation,/mnt/ubna_data_02_mir/recover-20221013/UBNA_001/20221012_030000.WAV,Telephone Field,recover-20221013,001,1795
170.9665,171.0054,68437,82035,Rhinolophus ferrumequinum,0.021,0.021,-1,Echolocation,/mnt/ubna_data_02_mir/recover-20221013/UBNA_001/20221012_030000.WAV,Telephone Field,recover-20221013,001,1795
171.02949999999998,171.0724,68437,82751,Rhinolophus ferrumequinum,0.04,0.04,-1,Echolocation,/mnt/ubna_data_02_mir/recover-20221013/UBNA_001/20221012_030000.WAV,Telephone Field,recover-20221013,001,1795
171.0575,171.09890000000001,68437,82697,Rhinolophus ferrumequinum,0.023,0.023,-1,Echolocation,/mnt/ubna_data_02_mir/recover-20221013/UBNA_001/20221012_030000.WAV,Telephone Field,recover-20221013,001,1795
171.0815,171.12290000000002,68437,82382,Rhinolophus ferrumequinum,0.03,0.03,-1,Echolocation,/mnt/ubna_data_02_mir/recover-20221013/UBNA_001/20221012_030000.WAV,Telephone Field,recover-20221013,001,1795
171.1125,171.1269,22890,27022,Nyctalus leisleri,0.023,0.04,-1,Echolocation,/mnt/ubna_data_02_mir/recover-20221013/UBNA_001/20221012_030000.WAV,Telephone Field,recover-20221013,001,1795
171.14249999999998,171.1497,57265,64141,Pipistrellus pygmaeus,0.027,0.028,-1,Echolocation,/mnt/ubna_data_02_mir/recover-20221013/UBNA_001/20221012_030000.WAV,Telephone Field,recover-20221013,001,1795
171.1445,171.15449999999998,28906,36728,Eptesicus serotinus,0.015,0.029,-1,Echolocation,/mnt/ubna_data_02_mir/recover-20221013/UBNA_001/20221012_030000.WAV,Telephone Field,recover-20221013,001,1795
171.1555,171.1949,68437,83179,Rhinolophus ferrumequinum,0.028,0.028,-1,Echolocation,/mnt/ubna_data_02_mir/recover-20221013/UBNA_001/20221012_030000.WAV,Telephone Field,recover-20221013,001,1795
171.2155,171.2244,28906,37023,Eptesicus serotinus,0.008,0.021,-1,Echolocation,/mnt/ubna_data_02_mir/recover-20221013/UBNA_001/20221012_030000.WAV,Telephone Field,recover-20221013,001,1795
171.2185,171.2266,24609,32129,Plecotus austriacus,0.006,0.022,-1,Echolocation,/mnt/ubna_data_02_mir/recover-20221013/UBNA_001/20221012_030000.WAV,Telephone Field,recover-20221013,001,1795
171.2615,171.2702,28046,38999,Eptesicus serotinus,0.01,0.026,-1,Echolocation,/mnt/ubna_data_02_mir/recover-20221013/UBNA_001/20221012_030000.WAV,Telephone Field,recover-20221013,001,1795
171.2835,171.3237,68437,81963,Rhinolophus ferrumequinum,0.023,0.023,-1,Echolocation,/mnt/ubna_data_02_mir/recover-20221013/UBNA_001/20221012_030000.WAV,Telephone Field,recover-20221013,001,1795
171.29149999999998,171.2981,37500,46781,Myotis daubentonii,0.008,0.022,-1,Echolocation,/mnt/ubna_data_02_mir/recover-20221013/UBNA_001/20221012_030000.WAV,Telephone Field,recover-20221013,001,1795
171.3045,171.3443,68437,82579,Rhinolophus ferrumequinum,0.022,0.022,-1,Echolocation,/mnt/ubna_data_02_mir/recover-20221013/UBNA_001/20221012_030000.WAV,Telephone Field,recover-20221013,001,1795
171.3275,171.339,63281,69376,Pipistrellus pygmaeus,0.021,0.022,-1,Echolocation,/mnt/ubna_data_02_mir/recover-20221013/UBNA_001/20221012_030000.WAV,Telephone Field,recover-20221013,001,1795
171.3305,171.3668,68437,81577,Rhinolophus ferrumequinum,0.022,0.022,-1,Echolocation,/mnt/ubna_data_02_mir/recover-20221013/UBNA_001/20221012_030000.WAV,Telephone Field,recover-20221013,001,1795
171.3405,171.3496,26328,35424,Eptesicus serotinus,0.009,0.02,-1,Echolocation,/mnt/ubna_data_02_mir/recover-20221013/UBNA_001/20221012_030000.WAV,Telephone Field,recover-20221013,001,1795
171.3545,171.3907,68437,81547,Rhinolophus ferrumequinum,0.024,0.024,-1,Echolocation,/mnt/ubna_data_02_mir/recover-20221013/UBNA_001/20221012_030000.WAV,Telephone Field,recover-20221013,001,1795
171.3715,171.3777,50390,56253,Pipistrellus pipistrellus,0.02,0.022,-1,Echolocation,/mnt/ubna_data_02_mir/recover-20221013/UBNA_001/20221012_030000.WAV,Telephone Field,recover-20221013,001,1795
171.4095,171.4483,68437,82460,Rhinolophus ferrumequinum,0.023,0.023,-1,Echolocation,/mnt/ubna_data_02_mir/recover-20221013/UBNA_001/20221012_030000.WAV,Telephone Field,recover-20221013,001,1795
171.4545,171.4939,68437,82440,Rhinolophus ferrumequinum,0.025,0.025,-1,Echolocation,/mnt/ubna_data_02_mir/recover-20221013/UBNA_001/20221012_030000.WAV,Telephone Field,recover-20221013,001,1795
171.5085,171.5182,28046,39964,Eptesicus serotinus,0.009,0.021,-1,Echolocation,/mnt/ubna_data_02_mir/recover-20221013/UBNA_001/20221012_030000.WAV,Telephone Field,recover-20221013,001,1795
171.5205,171.5598,68437,82300,Rhinolophus ferrumequinum,0.02,0.02,-1,Echolocation,/mnt/ubna_data_02_mir/recover-20221013/UBNA_001/20221012_030000.WAV,Telephone Field,recover-20221013,001,1795
171.5685,171.6034,68437,81213,Rhinolophus ferrumequinum,0.02,0.02,-1,Echolocation,/mnt/ubna_data_02_mir/recover-20221013/UBNA_001/20221012_030000.WAV,Telephone Field,recover-20221013,001,1795
171.5785,171.6176,68437,82050,Rhinolophus ferrumequinum,0.02,0.02,-1,Echolocation,/mnt/ubna_data_02_mir/recover-20221013/UBNA_001/20221012_030000.WAV,Telephone Field,recover-20221013,001,1795
171.6015,171.6341,68437,80906,Rhinolophus ferrumequinum,0.028,0.028,-1,Echolocation,/mnt/ubna_data_02_mir/recover-20221013/UBNA_001/20221012_030000.WAV,Telephone Field,recover-20221013,001,1795
171.6035,171.61430000000001,25468,33721,Eptesicus serotinus,0.016,0.037,-1,Echolocation,/mnt/ubna_data_02_mir/recover-20221013/UBNA_001/20221012_030000.WAV,Telephone Field,recover-20221013,001,1795
171.6285,171.67079999999999,68437,82979,Rhinolophus ferrumequinum,0.021,0.021,-1,Echolocation,/mnt/ubna_data_02_mir/recover-20221013/UBNA_001/20221012_030000.WAV,Telephone Field,recover-20221013,001,1795
171.6675,171.7084,68437,82698,Rhinolophus ferrumequinum,0.026,0.026,-1,Echolocation,/mnt/ubna_data_02_mir/recover-20221013/UBNA_001/20221012_030000.WAV,Telephone Field,recover-20221013,001,1795
171.7015,171.7151,22890,26849,Nyctalus leisleri,0.015,0.026,-1,Echolocation,/mnt/ubna_data_02_mir/recover-20221013/UBNA_001/20221012_030000.WAV,Telephone Field,recover-20221013,001,1795
171.7455,171.7816,68437,81172,Rhinolophus ferrumequinum,0.022,0.022,-1,Echolocation,/mnt/ubna_data_02_mir/recover-20221013/UBNA_001/20221012_030000.WAV,Telephone Field,recover-20221013,001,1795
171.7775,171.815,68437,81610,Rhinolophus ferrumequinum,0.025,0.025,-1,Echolocation,/mnt/ubna_data_02_mir/recover-20221013/UBNA_001/20221012_030000.WAV,Telephone Field,recover-20221013,001,1795
171.8205,171.8587,68437,81903,Rhinolophus ferrumequinum,0.02,0.02,-1,Echolocation,/mnt/ubna_data_02_mir/recover-20221013/UBNA_001/20221012_030000.WAV,Telephone Field,recover-20221013,001,1795
171.8435,171.8773,68437,81325,Rhinolophus ferrumequinum,0.023,0.023,-1,Echolocation,/mnt/ubna_data_02_mir/recover-20221013/UBNA_001/20221012_030000.WAV,Telephone Field,recover-20221013,001,1795
171.8565,171.8953,68437,82605,Rhinolophus ferrumequinum,0.022,0.022,-1,Echolocation,/mnt/ubna_data_02_mir/recover-20221013/UBNA_001/20221012_030000.WAV,Telephone Field,recover-20221013,001,1795
171.8875,171.927,68437,82338,Rhinolophus ferrumequinum,0.023,0.023,-1,Echolocation,/mnt/ubna_data_02_mir/recover-20221013/UBNA_001/20221012_030000.WAV,Telephone Field,recover-20221013,001,1795
171.9105,171.9477,68437,81617,Rhinolophus ferrumequinum,0.025,0.025,-1,Echolocation,/mnt/ubna_data_02_mir/recover-20221013/UBNA_001/20221012_030000.WAV,Telephone Field,recover-20221013,001,1795
171.9335,171.9721,68437,81759,Rhinolophus ferrumequinum,0.023,0.023,-1,Echolocation,/mnt/ubna_data_02_mir/recover-20221013/UBNA_001/20221012_030000.WAV,Telephone Field,recover-20221013,001,1795
172.0015,172.0371,68437,80747,Rhinolophus ferrumequinum,0.054,0.054,-1,Echolocation,/mnt/ubna_data_02_mir/recover-20221013/UBNA_001/20221012_030000.WAV,Telephone Field,recover-20221013,001,1795
172.0015,172.0085,25468,38074,Plecotus austriacus,0.005,0.024,-1,Echolocation,/mnt/ubna_data_02_mir/recover-20221013/UBNA_001/20221012_030000.WAV,Telephone Field,recover-20221013,001,1795
172.0085,172.054,68437,83370,Rhinolophus ferrumequinum,0.024,0.024,-1,Echolocation,/mnt/ubna_data_02_mir/recover-20221013/UBNA_001/20221012_030000.WAV,Telephone Field,recover-20221013,001,1795
172.02949999999998,172.0392,47812,51725,Pipistrellus pipistrellus,0.04,0.042,-1,Echolocation,/mnt/ubna_data_02_mir/recover-20221013/UBNA_001/20221012_030000.WAV,Telephone Field,recover-20221013,001,1795
172.0515,172.0591,25468,34194,Eptesicus serotinus,0.006,0.022,-1,Echolocation,/mnt/ubna_data_02_mir/recover-20221013/UBNA_001/20221012_030000.WAV,Telephone Field,recover-20221013,001,1795
172.0525,172.0642,40078,45039,Pipistrellus nathusii,0.025,0.037,-1,Echolocation,/mnt/ubna_data_02_mir/recover-20221013/UBNA_001/20221012_030000.WAV,Telephone Field,recover-20221013,001,1795
172.0585,172.0712,40937,44070,Pipistrellus nathusii,0.018,0.04,-1,Echolocation,/mnt/ubna_data_02_mir/recover-20221013/UBNA_001/20221012_030000.WAV,Telephone Field,recover-20221013,001,1795
172.0605,172.0956,68437,81611,Rhinolophus ferrumequinum,0.021,0.021,-1,Echolocation,/mnt/ubna_data_02_mir/recover-20221013/UBNA_001/20221012_030000.WAV,Telephone Field,recover-20221013,001,1795
172.0635,172.0705,27187,42296,Eptesicus serotinus,0.007,0.022,-1,Echolocation,/mnt/ubna_data_02_mir/recover-20221013/UBNA_001/20221012_030000.WAV,Telephone Field,recover-20221013,001,1795
172.0795,172.1184,68437,82163,Rhinolophus ferrumequinum,0.027,0.027,-1,Echolocation,/mnt/ubna_data_02_mir/recover-20221013/UBNA_001/20221012_030000.WAV,Telephone Field,recover-20221013,001,1795
172.0995,172.1381,68437,82245,Rhinolophus ferrumequinum,0.023,0.023,-1,Echolocation,/mnt/ubna_data_02_mir/recover-20221013/UBNA_001/20221012_030000.WAV,Telephone Field,recover-20221013,001,1795
172.1165,172.1248,28046,37856,Eptesicus serotinus,0.009,0.025,-1,Echolocation,/mnt/ubna_data_02_mir/recover-20221013/UBNA_001/20221012_030000.WAV,Telephone Field,recover-20221013,001,1795
172.1525,172.1938,68437,82367,Rhinolophus ferrumequinum,0.023,0.023,-1,Echolocation,/mnt/ubna_data_02_mir/recover-20221013/UBNA_001/20221012_030000.WAV,Telephone Field,recover-20221013,001,1795
172.1595,172.1667,26328,36808,Eptesicus serotinus,0.007,0.022,-1,Echolocation,/mnt/ubna_data_02_mir/recover-20221013/UBNA_001/20221012_030000.WAV,Telephone Field,recover-20221013,001,1795
172.1845,172.1951,22890,28634,Nyctalus leisleri,0.01,0.023,-1,Echolocation,/mnt/ubna_data_02_mir/recover-20221013/UBNA_001/20221012_030000.WAV,Telephone Field,recover-20221013,001,1795
172.1885,172.2261,68437,81955,Rhinolophus ferrumequinum,0.025,0.025,-1,Echolocation,/mnt/ubna_data_02_mir/recover-20221013/UBNA_001/20221012_030000.WAV,Telephone Field,recover-20221013,001,1795
172.2095,172.2514,68437,82003,Rhinolophus ferrumequinum,0.023,0.023,-1,Echolocation,/mnt/ubna_data_02_mir/recover-20221013/UBNA_001/20221012_030000.WAV,Telephone Field,recover-20221013,001,1795
172.2285,172.2379,23750,31065,Nyctalus leisleri,0.007,0.024,-1,Echolocation,/mnt/ubna_data_02_mir/recover-20221013/UBNA_001/20221012_030000.WAV,Telephone Field,recover-20221013,001,1795
172.2575,172.2981,68437,82580,Rhinolophus ferrumequinum,0.025,0.025,-1,Echolocation,/mnt/ubna_data_02_mir/recover-20221013/UBNA_001/20221012_030000.WAV,Telephone Field,recover-20221013,001,1795
172.2875,172.2965,28046,39165,Eptesicus serotinus,0.009,0.023,-1,Echolocation,/mnt/ubna_data_02_mir/recover-20221013/UBNA_001/20221012_030000.WAV,Telephone Field,recover-20221013,001,1795
172.2885,172.2963,44375,53551,Pipistrellus pipistrellus,0.022,0.03,-1,Echolocation,/mnt/ubna_data_02_mir/recover-20221013/UBNA_001/20221012_030000.WAV,Telephone Field,recover-20221013,001,1795
172.3095,172.3163,27187,37364,Eptesicus serotinus,0.011,0.034,-1,Echolocation,/mnt/ubna_data_02_mir/recover-20221013/UBNA_001/20221012_030000.WAV,Telephone Field,recover-20221013,001,1795
172.3285,172.3681,68437,82340,Rhinolophus ferrumequinum,0.022,0.022,-1,Echolocation,/mnt/ubna_data_02_mir/recover-20221013/UBNA_001/20221012_030000.WAV,Telephone Field,recover-20221013,001,1795
172.3435,172.3804,68437,81906,Rhinolophus ferrumequinum,0.022,0.022,-1,Echolocation,/mnt/ubna_data_02_mir/recover-20221013/UBNA_001/20221012_030000.WAV,Telephone Field,recover-20221013,001,1795
172.3695,172.4076,68437,81418,Rhinolophus ferrumequinum,0.021,0.021,-1,Echolocation,/mnt/ubna_data_02_mir/recover-20221013/UBNA_001/20221012_030000.WAV,Telephone Field,recover-20221013,001,1795
172.3735,172.3831,24609,32492,Eptesicus serotinus,0.006,0.021,-1,Echolocation,/mnt/ubna_data_02_mir/recover-20221013/UBNA_001/20221012_030000.WAV,Telephone Field,recover-20221013,001,1795
172.3945,172.4338,68437,82847,Rhinolophus ferrumequinum,0.037,0.037,-1,Echolocation,/mnt/ubna_data_02_mir/recover-20221013/UBNA_001/20221012_030000.WAV,Telephone Field,recover-20221013,001,1795
172.3995,172.4116,37500,42540,Pipistrellus nathusii,0.016,0.029,-1,Echolocation,/mnt/ubna_data_02_mir/recover-20221013/UBNA_001/20221012_030000.WAV,Telephone Field,recover-20221013,001,1795
172.4335,172.4449,25468,32251,Eptesicus serotinus,0.01,0.025,-1,Echolocation,/mnt/ubna_data_02_mir/recover-20221013/UBNA_001/20221012_030000.WAV,Telephone Field,recover-20221013,001,1795
172.4615,172.5023,68437,82381,Rhinolophus ferrumequinum,0.023,0.023,-1,Echolocation,/mnt/ubna_data_02_mir/recover-20221013/UBNA_001/20221012_030000.WAV,Telephone Field,recover-20221013,001,1795
172.4685,172.4764,48671,52573,Pipistrellus pipistrellus,0.023,0.026,-1,Echolocation,/mnt/ubna_data_02_mir/recover-20221013/UBNA_001/20221012_030000.WAV,Telephone Field,recover-20221013,001,1795
172.4805,172.5185,68437,81867,Rhinolophus ferrumequinum,0.022,0.022,-1,Echolocation,/mnt/ubna_data_02_mir/recover-20221013/UBNA_001/20221012_030000.WAV,Telephone Field,recover-20221013,001,1795
172.5255,172.5642,68437,82451,Rhinolophus ferrumequinum,0.03,0.03,-1,Echolocation,/mnt/ubna_data_02_mir/recover-20221013/UBNA_001/20221012_030000.WAV,Telephone Field,recover-20221013,001,1795
172.5355,172.5757,68437,82728,Rhinolophus ferrumequinum,0.025,0.025,-1,Echolocation,/mnt/ubna_data_02_mir/recover-20221013/UBNA_001/20221012_030000.WAV,Telephone Field,recover-20221013,001,1795
172.5575,172.5669,22890,29252,Nyctalus leisleri,0.008,0.024,-1,Echolocation,/mnt/ubna_data_02_mir/recover-20221013/UBNA_001/20221012_030000.WAV,Telephone Field,recover-20221013,001,1795
172.5635,172.6037,68437,82492,Rhinolophus ferrumequinum,0.024,0.024,-1,Echolocation,/mnt/ubna_data_02_mir/recover-20221013/UBNA_001/20221012_030000.WAV,Telephone Field,recover-20221013,001,1795
172.5945,172.6024,28046,39438,Eptesicus serotinus,0.008,0.022,-1,Echolocation,/mnt/ubna_data_02_mir/recover-20221013/UBNA_001/20221012_030000.WAV,Telephone Field,recover-20221013,001,1795
172.6345,172.6735,68437,82062,Rhinolophus ferrumequinum,0.023,0.023,-1,Echolocation,/mnt/ubna_data_02_mir/recover-20221013/UBNA_001/20221012_030000.WAV,Telephone Field,recover-20221013,001,1795
172.6475,172.6875,68437,82020,Rhinolophus ferrumequinum,0.021,0.021,-1,Echolocation,/mnt/ubna_data_02_mir/recover-20221013/UBNA_001/20221012_030000.WAV,Telephone Field,recover-20221013,001,1795
172.6635,172.7019,68437,81972,Rhinolophus ferrumequinum,0.023,0.023,-1,Echolocation,/mnt/ubna_data_02_mir/recover-20221013/UBNA_001/20221012_030000.WAV,Telephone Field,recover-20221013,001,1795
172.6705,172.7074,68437,82021,Rhinolophus ferrumequinum,0.024,0.024,-1,Echolocation,/mnt/ubna_data_02_mir/recover-20221013/UBNA_001/20221012_030000.WAV,Telephone Field,recover-20221013,001,1795
172.6815,172.6876,28046,44773,Myotis daubentonii,0.006,0.026,-1,Echolocation,/mnt/ubna_data_02_mir/recover-20221013/UBNA_001/20221012_030000.WAV,Telephone Field,recover-20221013,001,1795
172.6875,172.6991,51250,55494,Pipistrellus pygmaeus,0.019,0.033,-1,Echolocation,/mnt/ubna_data_02_mir/recover-20221013/UBNA_001/20221012_030000.WAV,Telephone Field,recover-20221013,001,1795
172.7145,172.7536,68437,81438,Rhinolophus ferrumequinum,0.021,0.021,-1,Echolocation,/mnt/ubna_data_02_mir/recover-20221013/UBNA_001/20221012_030000.WAV,Telephone Field,recover-20221013,001,1795
172.7595,172.766,27187,41436,Eptesicus serotinus,0.006,0.021,-1,Echolocation,/mnt/ubna_data_02_mir/recover-20221013/UBNA_001/20221012_030000.WAV,Telephone Field,recover-20221013,001,1795
172.7765,172.7848,28046,35545,Eptesicus serotinus,0.02,0.04,-1,Echolocation,/mnt/ubna_data_02_mir/recover-20221013/UBNA_001/20221012_030000.WAV,Telephone Field,recover-20221013,001,1795
172.7995,172.8392,68437,81974,Rhinolophus ferrumequinum,0.027,0.027,-1,Echolocation,/mnt/ubna_data_02_mir/recover-20221013/UBNA_001/20221012_030000.WAV,Telephone Field,recover-20221013,001,1795
172.8095,172.8203,21171,25755,Nyctalus leisleri,0.011,0.025,-1,Echolocation,/mnt/ubna_data_02_mir/recover-20221013/UBNA_001/20221012_030000.WAV,Telephone Field,recover-20221013,001,1795
172.8515,172.8933,68437,82493,Rhinolophus ferrumequinum,0.029,0.029,-1,Echolocation,/mnt/ubna_data_02_mir/recover-20221013/UBNA_001/20221012_030000.WAV,Telephone Field,recover-20221013,001,1795
172.8625,172.904,68437,82017,Rhinolophus ferrumequinum,0.022,0.022,-1,Echolocation,/mnt/ubna_data_02_mir/recover-20221013/UBNA_001/20221012_030000.WAV,Telephone Field,recover-20221013,001,1795
172.8635,172.8712,28906,39551,Eptesicus serotinus,0.007,0.021,-1,Echolocation,/mnt/ubna_data_02_mir/recover-20221013/UBNA_001/20221012_030000.WAV,Telephone Field,recover-20221013,001,1795
172.9015,172.9447,68437,83213,Rhinolophus ferrumequinum,0.027,0.027,-1,Echolocation,/mnt/ubna_data_02_mir/recover-20221013/UBNA_001/20221012_030000.WAV,Telephone Field,recover-20221013,001,1795
172.9065,172.915,51250,60100,Pipistrellus pipistrellus,0.019,0.026,-1,Echolocation,/mnt/ubna_data_02_mir/recover-20221013/UBNA_001/20221012_030000.WAV,Telephone Field,recover-20221013,001,1795
172.9145,172.9195,36640,50735,Myotis daubentonii,0.007,0.028,-1,Echolocation,/mnt/ubna_data_02_mir/recover-20221013/UBNA_001/20221012_030000.WAV,Telephone Field,recover-20221013,001,1795
172.9155,172.9219,23750,40516,Plecotus austriacus,0.011,0.029,-1,Echolocation,/mnt/ubna_data_02_mir/recover-20221013/UBNA_001/20221012_030000.WAV,Telephone Field,recover-20221013,001,1795
172.9355,172.9749,68437,81762,Rhinolophus ferrumequinum,0.022,0.022,-1,Echolocation,/mnt/ubna_data_02_mir/recover-20221013/UBNA_001/20221012_030000.WAV,Telephone Field,recover-20221013,001,1795
172.9575,172.99439999999998,68437,82159,Rhinolophus ferrumequinum,0.021,0.021,-1,Echolocation,/mnt/ubna_data_02_mir/recover-20221013/UBNA_001/20221012_030000.WAV,Telephone Field,recover-20221013,001,1795
172.9755,172.9876,22031,26013,Nyctalus leisleri,0.012,0.022,-1,Echolocation,/mnt/ubna_data_02_mir/recover-20221013/UBNA_001/20221012_030000.WAV,Telephone Field,recover-20221013,001,1795
172.9955,173.0357,68437,82660,Rhinolophus ferrumequinum,0.031,0.031,-1,Echolocation,/mnt/ubna_data_02_mir/recover-20221013/UBNA_001/20221012_030000.WAV,Telephone Field,recover-20221013,001,1795
172.9965,173.0077,22890,28767,Nyctalus leisleri,0.013,0.031,-1,Echolocation,/mnt/ubna_data_02_mir/recover-20221013/UBNA_001/20221012_030000.WAV,Telephone Field,recover-20221013,001,1795
173.0235,173.0301,28046,39604,Eptesicus serotinus,0.006,0.023,-1,Echolocation,/mnt/ubna_data_02_mir/recover-20221013/UBNA_001/20221012_030000.WAV,Telephone Field,recover-20221013,001,1795
173.0465,173.0565,25468,32821,Eptesicus serotinus,0.01,0.022,-1,Echolocation,/mnt/ubna_data_02_mir/recover-20221013/UBNA_001/20221012_030000.WAV,Telephone Field,recover-20221013,001,1795
173.0545,173.0642,28046,36427,Eptesicus serotinus,0.01,0.024,-1,Echolocation,/mnt/ubna_data_02_mir/recover-20221013/UBNA_001/20221012_030000.WAV,Telephone Field,recover-20221013,001,1795
173.0575,173.097,68437,82528,Rhinolophus ferrumequinum,0.038,0.038,-1,Echolocation,/mnt/ubna_data_02_mir/recover-20221013/UBNA_001/20221012_030000.WAV,Telephone Field,recover-20221013,001,1795
173.0765,173.0964,18593,22590,Nyctalus noctula,0.016,0.024,-1,Echolocation,/mnt/ubna_data_02_mir/recover-20221013/UBNA_001/20221012_030000.WAV,Telephone Field,recover-20221013,001,1795
173.0785,173.119,68437,82402,Rhinolophus ferrumequinum,0.026,0.026,-1,Echolocation,/mnt/ubna_data_02_mir/recover-20221013/UBNA_001/20221012_030000.WAV,Telephone Field,recover-20221013,001,1795
173.1115,173.1456,68437,81802,Rhinolophus ferrumequinum,0.027,0.027,-1,Echolocation,/mnt/ubna_data_02_mir/recover-20221013/UBNA_001/20221012_030000.WAV,Telephone Field,recover-20221013,001,1795
173.1645,173.1769,23750,27597,Nyctalus leisleri,0.017,0.03,-1,Echolocation,/mnt/ubna_data_02_mir/recover-20221013/UBNA_001/20221012_030000.WAV,Telephone Field,recover-20221013,001,1795
173.1725,173.2094,68437,81909,Rhinolophus ferrumequinum,0.021,0.022,-1,Echolocation,/mnt/ubna_data_02_mir/recover-20221013/UBNA_001/20221012_030000.WAV,Telephone Field,recover-20221013,001,1795
173.1955,173.23590000000002,68437,82044,Rhinolophus ferrumequinum,0.022,0.022,-1,Echolocation,/mnt/ubna_data_02_mir/recover-20221013/UBNA_001/20221012_030000.WAV,Telephone Field,recover-20221013,001,1795
173.1985,173.2067,28906,37262,Eptesicus serotinus,0.008,0.023,-1,Echolocation,/mnt/ubna_data_02_mir/recover-20221013/UBNA_001/20221012_030000.WAV,Telephone Field,recover-20221013,001,1795
173.2105,173.2493,68437,82606,Rhinolophus ferrumequinum,0.024,0.024,-1,Echolocation,/mnt/ubna_data_02_mir/recover-20221013/UBNA_001/20221012_030000.WAV,Telephone Field,recover-20221013,001,1795
173.2315,173.2416,24609,31941,Nyctalus leisleri,0.012,0.037,-1,Echolocation,/mnt/ubna_data_02_mir/recover-20221013/UBNA_001/20221012_030000.WAV,Telephone Field,recover-20221013,001,1795
173.2355,173.2704,68437,81770,Rhinolophus ferrumequinum,0.021,0.022,-1,Echolocation,/mnt/ubna_data_02_mir/recover-20221013/UBNA_001/20221012_030000.WAV,Telephone Field,recover-20221013,001,1795
173.3025,173.311,26328,35647,Eptesicus serotinus,0.012,0.026,-1,Echolocation,/mnt/ubna_data_02_mir/recover-20221013/UBNA_001/20221012_030000.WAV,Telephone Field,recover-20221013,001,1795
173.3175,173.36090000000002,68437,83128,Rhinolophus ferrumequinum,0.034,0.034,-1,Echolocation,/mnt/ubna_data_02_mir/recover-20221013/UBNA_001/20221012_030000.WAV,Telephone Field,recover-20221013,001,1795
173.3635,173.4051,68437,83076,Rhinolophus ferrumequinum,0.025,0.025,-1,Echolocation,/mnt/ubna_data_02_mir/recover-20221013/UBNA_001/20221012_030000.WAV,Telephone Field,recover-20221013,001,1795
173.39249999999998,173.43189999999998,68437,82115,Rhinolophus ferrumequinum,0.025,0.025,-1,Echolocation,/mnt/ubna_data_02_mir/recover-20221013/UBNA_001/20221012_030000.WAV,Telephone Field,recover-20221013,001,1795
173.3985,173.407,28046,37220,Eptesicus serotinus,0.008,0.022,-1,Echolocation,/mnt/ubna_data_02_mir/recover-20221013/UBNA_001/20221012_030000.WAV,Telephone Field,recover-20221013,001,1795
173.4245,173.4656,68437,82486,Rhinolophus ferrumequinum,0.033,0.033,-1,Echolocation,/mnt/ubna_data_02_mir/recover-20221013/UBNA_001/20221012_030000.WAV,Telephone Field,recover-20221013,001,1795
173.4905,173.5267,68437,81871,Rhinolophus ferrumequinum,0.021,0.021,-1,Echolocation,/mnt/ubna_data_02_mir/recover-20221013/UBNA_001/20221012_030000.WAV,Telephone Field,recover-20221013,001,1795
173.4915,173.503,22890,27586,Nyctalus leisleri,0.012,0.023,-1,Echolocation,/mnt/ubna_data_02_mir/recover-20221013/UBNA_001/20221012_030000.WAV,Telephone Field,recover-20221013,001,1795
173.4955,173.5317,68437,81600,Rhinolophus ferrumequinum,0.021,0.021,-1,Echolocation,/mnt/ubna_data_02_mir/recover-20221013/UBNA_001/20221012_030000.WAV,Telephone Field,recover-20221013,001,1795
173.5195,173.5278,25468,34351,Eptesicus serotinus,0.008,0.021,-1,Echolocation,/mnt/ubna_data_02_mir/recover-20221013/UBNA_001/20221012_030000.WAV,Telephone Field,recover-20221013,001,1795
173.5275,173.5629,68437,81427,Rhinolophus ferrumequinum,0.023,0.023,-1,Echolocation,/mnt/ubna_data_02_mir/recover-20221013/UBNA_001/20221012_030000.WAV,Telephone Field,recover-20221013,001,1795
173.5495,173.5572,26328,35526,Eptesicus serotinus,0.008,0.023,-1,Echolocation,/mnt/ubna_data_02_mir/recover-20221013/UBNA_001/20221012_030000.WAV,Telephone Field,recover-20221013,001,1795
173.5575,173.5643,27187,36863,Eptesicus serotinus,0.007,0.022,-1,Echolocation,/mnt/ubna_data_02_mir/recover-20221013/UBNA_001/20221012_030000.WAV,Telephone Field,recover-20221013,001,1795
173.5665,173.6047,68437,82173,Rhinolophus ferrumequinum,0.023,0.023,-1,Echolocation,/mnt/ubna_data_02_mir/recover-20221013/UBNA_001/20221012_030000.WAV,Telephone Field,recover-20221013,001,1795
173.5935,173.6026,22890,29164,Plecotus austriacus,0.007,0.021,-1,Echolocation,/mnt/ubna_data_02_mir/recover-20221013/UBNA_001/20221012_030000.WAV,Telephone Field,recover-20221013,001,1795
173.5945,173.632,68437,81084,Rhinolophus ferrumequinum,0.023,0.023,-1,Echolocation,/mnt/ubna_data_02_mir/recover-20221013/UBNA_001/20221012_030000.WAV,Telephone Field,recover-20221013,001,1795
173.6315,173.671,68437,82400,Rhinolophus ferrumequinum,0.028,0.028,-1,Echolocation,/mnt/ubna_data_02_mir/recover-20221013/UBNA_001/20221012_030000.WAV,Telephone Field,recover-20221013,001,1795
173.6995,173.70929999999998,28046,36149,Eptesicus serotinus,0.074,0.104,-1,Echolocation,/mnt/ubna_data_02_mir/recover-20221013/UBNA_001/20221012_030000.WAV,Telephone Field,recover-20221013,001,1795
173.7195,173.7267,28046,40276,Eptesicus serotinus,0.007,0.022,-1,Echolocation,/mnt/ubna_data_02_mir/recover-20221013/UBNA_001/20221012_030000.WAV,Telephone Field,recover-20221013,001,1795
173.7345,173.7724,68437,81717,Rhinolophus ferrumequinum,0.023,0.023,-1,Echolocation,/mnt/ubna_data_02_mir/recover-20221013/UBNA_001/20221012_030000.WAV,Telephone Field,recover-20221013,001,1795
173.7355,173.7459,23750,30167,Eptesicus serotinus,0.007,0.021,-1,Echolocation,/mnt/ubna_data_02_mir/recover-20221013/UBNA_001/20221012_030000.WAV,Telephone Field,recover-20221013,001,1795
173.7665,173.8052,68437,82218,Rhinolophus ferrumequinum,0.024,0.024,-1,Echolocation,/mnt/ubna_data_02_mir/recover-20221013/UBNA_001/20221012_030000.WAV,Telephone Field,recover-20221013,001,1795
173.7825,173.7932,55546,60818,Pipistrellus pygmaeus,0.023,0.026,-1,Echolocation,/mnt/ubna_data_02_mir/recover-20221013/UBNA_001/20221012_030000.WAV,Telephone Field,recover-20221013,001,1795
173.8615,173.9064,68437,83686,Rhinolophus ferrumequinum,0.035,0.035,-1,Echolocation,/mnt/ubna_data_02_mir/recover-20221013/UBNA_001/20221012_030000.WAV,Telephone Field,recover-20221013,001,1795
173.8715,173.9113,68437,82434,Rhinolophus ferrumequinum,0.021,0.021,-1,Echolocation,/mnt/ubna_data_02_mir/recover-20221013/UBNA_001/20221012_030000.WAV,Telephone Field,recover-20221013,001,1795
173.8775,173.8859,22031,30323,Plecotus austriacus,0.02,0.039,-1,Echolocation,/mnt/ubna_data_02_mir/recover-20221013/UBNA_001/20221012_030000.WAV,Telephone Field,recover-20221013,001,1795
173.9205,173.962,68437,82450,Rhinolophus ferrumequinum,0.026,0.026,-1,Echolocation,/mnt/ubna_data_02_mir/recover-20221013/UBNA_001/20221012_030000.WAV,Telephone Field,recover-20221013,001,1795
173.9845,173.9919,27187,41282,Eptesicus serotinus,0.008,0.026,-1,Echolocation,/mnt/ubna_data_02_mir/recover-20221013/UBNA_001/20221012_030000.WAV,Telephone Field,recover-20221013,001,1795
174.0015,174.00979999999998,22890,30912,Nyctalus leisleri,0.008,0.028,-1,Echolocation,/mnt/ubna_data_02_mir/recover-20221013/UBNA_001/20221012_030000.WAV,Telephone Field,recover-20221013,001,1795
174.0015,174.0342,68437,79419,Rhinolophus ferrumequinum,0.037,0.038,-1,Echolocation,/mnt/ubna_data_02_mir/recover-20221013/UBNA_001/20221012_030000.WAV,Telephone Field,recover-20221013,001,1795
174.0085,174.0473,68437,82149,Rhinolophus ferrumequinum,0.021,0.021,-1,Echolocation,/mnt/ubna_data_02_mir/recover-20221013/UBNA_001/20221012_030000.WAV,Telephone Field,recover-20221013,001,1795
174.05349999999999,174.0613,28046,37823,Eptesicus serotinus,0.009,0.027,-1,Echolocation,/mnt/ubna_data_02_mir/recover-20221013/UBNA_001/20221012_030000.WAV,Telephone Field,recover-20221013,001,1795
174.0645,174.1069,68437,82750,Rhinolophus ferrumequinum,0.025,0.025,-1,Echolocation,/mnt/ubna_data_02_mir/recover-20221013/UBNA_001/20221012_030000.WAV,Telephone Field,recover-20221013,001,1795
174.0785,174.0901,22031,26264,Nyctalus leisleri,0.011,0.021,-1,Echolocation,/mnt/ubna_data_02_mir/recover-20221013/UBNA_001/20221012_030000.WAV,Telephone Field,recover-20221013,001,1795
174.1205,174.1305,28906,36017,Eptesicus serotinus,0.009,0.023,-1,Echolocation,/mnt/ubna_data_02_mir/recover-20221013/UBNA_001/20221012_030000.WAV,Telephone Field,recover-20221013,001,1795
174.1275,174.171,68437,82876,Rhinolophus ferrumequinum,0.03,0.03,-1,Echolocation,/mnt/ubna_data_02_mir/recover-20221013/UBNA_001/20221012_030000.WAV,Telephone Field,recover-20221013,001,1795
174.1525,174.1616,27187,36125,Eptesicus serotinus,0.009,0.022,-1,Echolocation,/mnt/ubna_data_02_mir/recover-20221013/UBNA_001/20221012_030000.WAV,Telephone Field,recover-20221013,001,1795
174.1555,174.1954,68437,82481,Rhinolophus ferrumequinum,0.023,0.023,-1,Echolocation,/mnt/ubna_data_02_mir/recover-20221013/UBNA_001/20221012_030000.WAV,Telephone Field,recover-20221013,001,1795
174.1835,174.225,68437,82637,Rhinolophus ferrumequinum,0.022,0.022,-1,Echolocation,/mnt/ubna_data_02_mir/recover-20221013/UBNA_001/20221012_030000.WAV,Telephone Field,recover-20221013,001,1795
174.1875,174.196,28046,38600,Eptesicus serotinus,0.008,0.022,-1,Echolocation,/mnt/ubna_data_02_mir/recover-20221013/UBNA_001/20221012_030000.WAV,Telephone Field,recover-20221013,001,1795
174.2055,174.2165,22031,26595,Nyctalus leisleri,0.012,0.024,-1,Echolocation,/mnt/ubna_data_02_mir/recover-20221013/UBNA_001/20221012_030000.WAV,Telephone Field,recover-20221013,001,1795
174.2305,174.2404,28046,36223,Eptesicus serotinus,0.008,0.022,-1,Echolocation,/mnt/ubna_data_02_mir/recover-20221013/UBNA_001/20221012_030000.WAV,Telephone Field,recover-20221013,001,1795
174.2465,174.2835,68437,81945,Rhinolophus ferrumequinum,0.022,0.022,-1,Echolocation,/mnt/ubna_data_02_mir/recover-20221013/UBNA_001/20221012_030000.WAV,Telephone Field,recover-20221013,001,1795
174.2905,174.3051,14296,18974,Nyctalus noctula,0.017,0.027,-1,Echolocation,/mnt/ubna_data_02_mir/recover-20221013/UBNA_001/20221012_030000.WAV,Telephone Field,recover-20221013,001,1795
174.3095,174.3196,22890,29643,Nyctalus leisleri,0.01,0.027,-1,Echolocation,/mnt/ubna_data_02_mir/recover-20221013/UBNA_001/20221012_030000.WAV,Telephone Field,recover-20221013,001,1795
174.3495,174.3884,68437,81764,Rhinolophus ferrumequinum,0.022,0.022,-1,Echolocation,/mnt/ubna_data_02_mir/recover-20221013/UBNA_001/20221012_030000.WAV,Telephone Field,recover-20221013,001,1795
174.3565,174.3669,28046,35200,Eptesicus serotinus,0.009,0.023,-1,Echolocation,/mnt/ubna_data_02_mir/recover-20221013/UBNA_001/20221012_030000.WAV,Telephone Field,recover-20221013,001,1795
174.4075,174.4448,68437,81865,Rhinolophus ferrumequinum,0.021,0.022,-1,Echolocation,/mnt/ubna_data_02_mir/recover-20221013/UBNA_001/20221012_030000.WAV,Telephone Field,recover-20221013,001,1795
174.4375,174.4461,28906,37291,Eptesicus serotinus,0.008,0.024,-1,Echolocation,/mnt/ubna_data_02_mir/recover-20221013/UBNA_001/20221012_030000.WAV,Telephone Field,recover-20221013,001,1795
174.4545,174.4958,68437,82879,Rhinolophus ferrumequinum,0.025,0.025,-1,Echolocation,/mnt/ubna_data_02_mir/recover-20221013/UBNA_001/20221012_030000.WAV,Telephone Field,recover-20221013,001,1795
174.4785,174.4997,19453,21845,Nyctalus leisleri,0.013,0.025,-1,Echolocation,/mnt/ubna_data_02_mir/recover-20221013/UBNA_001/20221012_030000.WAV,Telephone Field,recover-20221013,001,1795
174.4785,174.5155,68437,82355,Rhinolophus ferrumequinum,0.024,0.024,-1,Echolocation,/mnt/ubna_data_02_mir/recover-20221013/UBNA_001/20221012_030000.WAV,Telephone Field,recover-20221013,001,1795
174.4895,174.4958,27187,40721,Eptesicus serotinus,0.006,0.032,-1,Echolocation,/mnt/ubna_data_02_mir/recover-20221013/UBNA_001/20221012_030000.WAV,Telephone Field,recover-20221013,001,1795
174.5025,174.5124,27187,35961,Eptesicus serotinus,0.009,0.021,-1,Echolocation,/mnt/ubna_data_02_mir/recover-20221013/UBNA_001/20221012_030000.WAV,Telephone Field,recover-20221013,001,1795
174.5035,174.5427,68437,82195,Rhinolophus ferrumequinum,0.023,0.023,-1,Echolocation,/mnt/ubna_data_02_mir/recover-20221013/UBNA_001/20221012_030000.WAV,Telephone Field,recover-20221013,001,1795
174.5255,174.5626,68437,82513,Rhinolophus ferrumequinum,0.027,0.027,-1,Echolocation,/mnt/ubna_data_02_mir/recover-20221013/UBNA_001/20221012_030000.WAV,Telephone Field,recover-20221013,001,1795
174.5625,174.6017,68437,82479,Rhinolophus ferrumequinum,0.023,0.023,-1,Echolocation,/mnt/ubna_data_02_mir/recover-20221013/UBNA_001/20221012_030000.WAV,Telephone Field,recover-20221013,001,1795
174.5645,174.5747,28046,36869,Eptesicus serotinus,0.009,0.023,-1,Echolocation,/mnt/ubna_data_02_mir/recover-20221013/UBNA_001/20221012_030000.WAV,Telephone Field,recover-20221013,001,1795
174.5745,174.6158,68437,82856,Rhinolophus ferrumequinum,0.024,0.024,-1,Echolocation,/mnt/ubna_data_02_mir/recover-20221013/UBNA_001/20221012_030000.WAV,Telephone Field,recover-20221013,001,1795
174.5765,174.5872,28046,36688,Eptesicus serotinus,0.02,0.035,-1,Echolocation,/mnt/ubna_data_02_mir/recover-20221013/UBNA_001/20221012_030000.WAV,Telephone Field,recover-20221013,001,1795
174.6155,174.6573,68437,82966,Rhinolophus ferrumequinum,0.023,0.023,-1,Echolocation,/mnt/ubna_data_02_mir/recover-20221013/UBNA_001/20221012_030000.WAV,Telephone Field,recover-20221013,001,1795
174.6825,174.7207,68437,81954,Rhinolophus ferrumequinum,0.021,0.021,-1,Echolocation,/mnt/ubna_data_02_mir/recover-20221013/UBNA_001/20221012_030000.WAV,Telephone Field,recover-20221013,001,1795
174.7495,174.7702,17734,20534,Nyctalus noctula,0.011,0.021,-1,Echolocation,/mnt/ubna_data_02_mir/recover-20221013/UBNA_001/20221012_030000.WAV,Telephone Field,recover-20221013,001,1795
174.7735,174.8107,68437,82099,Rhinolophus ferrumequinum,0.027,0.027,-1,Echolocation,/mnt/ubna_data_02_mir/recover-20221013/UBNA_001/20221012_030000.WAV,Telephone Field,recover-20221013,001,1795
174.7785,174.7959,21171,24562,Nyctalus leisleri,0.014,0.025,-1,Echolocation,/mnt/ubna_data_02_mir/recover-20221013/UBNA_001/20221012_030000.WAV,Telephone Field,recover-20221013,001,1795
174.7955,174.8307,68437,81547,Rhinolophus ferrumequinum,0.025,0.025,-1,Echolocation,/mnt/ubna_data_02_mir/recover-20221013/UBNA_001/20221012_030000.WAV,Telephone Field,recover-20221013,001,1795
174.8025,174.8107,28046,38072,Eptesicus serotinus,0.007,0.023,-1,Echolocation,/mnt/ubna_data_02_mir/recover-20221013/UBNA_001/20221012_030000.WAV,Telephone Field,recover-20221013,001,1795
174.8265,174.8676,68437,83206,Rhinolophus ferrumequinum,0.024,0.024,-1,Echolocation,/mnt/ubna_data_02_mir/recover-20221013/UBNA_001/20221012_030000.WAV,Telephone Field,recover-20221013,001,1795
174.8535,174.8654,22890,27347,Nyctalus leisleri,0.014,0.024,-1,Echolocation,/mnt/ubna_data_02_mir/recover-20221013/UBNA_001/20221012_030000.WAV,Telephone Field,recover-20221013,001,1795
174.8705,174.9085,68437,82061,Rhinolophus ferrumequinum,0.023,0.023,-1,Echolocation,/mnt/ubna_data_02_mir/recover-20221013/UBNA_001/20221012_030000.WAV,Telephone Field,recover-20221013,001,1795
174.8805,174.9202,68437,82354,Rhinolophus ferrumequinum,0.029,0.029,-1,Echolocation,/mnt/ubna_data_02_mir/recover-20221013/UBNA_001/20221012_030000.WAV,Telephone Field,recover-20221013,001,1795
174.8835,174.891,28046,40003,Eptesicus serotinus,0.007,0.023,-1,Echolocation,/mnt/ubna_data_02_mir/recover-20221013/UBNA_001/20221012_030000.WAV,Telephone Field,recover-20221013,001,1795
174.8935,174.9012,28046,36101,Eptesicus serotinus,0.01,0.027,-1,Echolocation,/mnt/ubna_data_02_mir/recover-20221013/UBNA_001/20221012_030000.WAV,Telephone Field,recover-20221013,001,1795
174.9095,174.9476,68437,82011,Rhinolophus ferrumequinum,0.023,0.023,-1,Echolocation,/mnt/ubna_data_02_mir/recover-20221013/UBNA_001/20221012_030000.WAV,Telephone Field,recover-20221013,001,1795
174.9125,174.9207,27187,40014,Eptesicus serotinus,0.007,0.021,-1,Echolocation,/mnt/ubna_data_02_mir/recover-20221013/UBNA_001/20221012_030000.WAV,Telephone Field,recover-20221013,001,1795
174.9215,174.9308,28906,36477,Eptesicus serotinus,0.01,0.024,-1,Echolocation,/mnt/ubna_data_02_mir/recover-20221013/UBNA_001/20221012_030000.WAV,Telephone Field,recover-20221013,001,1795
174.9335,174.9737,68437,82675,Rhinolophus ferrumequinum,0.022,0.022,-1,Echolocation,/mnt/ubna_data_02_mir/recover-20221013/UBNA_001/20221012_030000.WAV,Telephone Field,recover-20221013,001,1795
174.9955,175.0345,68437,82431,Rhinolophus ferrumequinum,0.025,0.025,-1,Echolocation,/mnt/ubna_data_02_mir/recover-20221013/UBNA_001/20221012_030000.WAV,Telephone Field,recover-20221013,001,1795
174.9985,175.0081,26328,34492,Eptesicus serotinus,0.01,0.028,-1,Echolocation,/mnt/ubna_data_02_mir/recover-20221013/UBNA_001/20221012_030000.WAV,Telephone Field,recover-20221013,001,1795
175.0095,175.0195,28046,37077,Eptesicus serotinus,0.009,0.023,-1,Echolocation,/mnt/ubna_data_02_mir/recover-20221013/UBNA_001/20221012_030000.WAV,Telephone Field,recover-20221013,001,1795
175.0465,175.0547,27187,37192,Eptesicus serotinus,0.007,0.021,-1,Echolocation,/mnt/ubna_data_02_mir/recover-20221013/UBNA_001/20221012_030000.WAV,Telephone Field,recover-20221013,001,1795
175.0605,175.0713,28046,36139,Eptesicus serotinus,0.013,0.028,-1,Echolocation,/mnt/ubna_data_02_mir/recover-20221013/UBNA_001/20221012_030000.WAV,Telephone Field,recover-20221013,001,1795
175.0795,175.1149,68437,81314,Rhinolophus ferrumequinum,0.022,0.022,-1,Echolocation,/mnt/ubna_data_02_mir/recover-20221013/UBNA_001/20221012_030000.WAV,Telephone Field,recover-20221013,001,1795
175.0865,175.0934,26328,41868,Eptesicus serotinus,0.006,0.022,-1,Echolocation,/mnt/ubna_data_02_mir/recover-20221013/UBNA_001/20221012_030000.WAV,Telephone Field,recover-20221013,001,1795
175.0885,175.1291,68437,82185,Rhinolophus ferrumequinum,0.021,0.021,-1,Echolocation,/mnt/ubna_data_02_mir/recover-20221013/UBNA_001/20221012_030000.WAV,Telephone Field,recover-20221013,001,1795
175.0975,175.1369,68437,82734,Rhinolophus ferrumequinum,0.024,0.024,-1,Echolocation,/mnt/ubna_data_02_mir/recover-20221013/UBNA_001/20221012_030000.WAV,Telephone Field,recover-20221013,001,1795
175.1145,175.1525,68437,81240,Rhinolophus ferrumequinum,0.024,0.024,-1,Echolocation,/mnt/ubna_data_02_mir/recover-20221013/UBNA_001/20221012_030000.WAV,Telephone Field,recover-20221013,001,1795
175.1255,175.1336,23750,32143,Plecotus austriacus,0.011,0.025,-1,Echolocation,/mnt/ubna_data_02_mir/recover-20221013/UBNA_001/20221012_030000.WAV,Telephone Field,recover-20221013,001,1795
175.1385,175.175,68437,81436,Rhinolophus ferrumequinum,0.021,0.022,-1,Echolocation,/mnt/ubna_data_02_mir/recover-20221013/UBNA_001/20221012_030000.WAV,Telephone Field,recover-20221013,001,1795
175.1815,175.2197,68437,82304,Rhinolophus ferrumequinum,0.023,0.023,-1,Echolocation,/mnt/ubna_data_02_mir/recover-20221013/UBNA_001/20221012_030000.WAV,Telephone Field,recover-20221013,001,1795
175.1865,175.1936,27187,38657,Eptesicus serotinus,0.006,0.022,-1,Echolocation,/mnt/ubna_data_02_mir/recover-20221013/UBNA_001/20221012_030000.WAV,Telephone Field,recover-20221013,001,1795
175.1995,175.2373,68437,82008,Rhinolophus ferrumequinum,0.025,0.025,-1,Echolocation,/mnt/ubna_data_02_mir/recover-20221013/UBNA_001/20221012_030000.WAV,Telephone Field,recover-20221013,001,1795
175.2195,175.2572,68437,81836,Rhinolophus ferrumequinum,0.026,0.026,-1,Echolocation,/mnt/ubna_data_02_mir/recover-20221013/UBNA_001/20221012_030000.WAV,Telephone Field,recover-20221013,001,1795
175.2255,175.2318,28046,41126,Myotis daubentonii,0.008,0.03,-1,Echolocation,/mnt/ubna_data_02_mir/recover-20221013/UBNA_001/20221012_030000.WAV,Telephone Field,recover-20221013,001,1795
175.2595,175.2997,68437,82349,Rhinolophus ferrumequinum,0.025,0.025,-1,Echolocation,/mnt/ubna_data_02_mir/recover-20221013/UBNA_001/20221012_030000.WAV,Telephone Field,recover-20221013,001,1795
175.2955,175.3049,26328,33086,Eptesicus serotinus,0.018,0.045,-1,Echolocation,/mnt/ubna_data_02_mir/recover-20221013/UBNA_001/20221012_030000.WAV,Telephone Field,recover-20221013,001,1795
175.2985,175.3361,68437,81401,Rhinolophus ferrumequinum,0.022,0.022,-1,Echolocation,/mnt/ubna_data_02_mir/recover-20221013/UBNA_001/20221012_030000.WAV,Telephone Field,recover-20221013,001,1795
175.3525,175.391,68437,82525,Rhinolophus ferrumequinum,0.023,0.023,-1,Echolocation,/mnt/ubna_data_02_mir/recover-20221013/UBNA_001/20221012_030000.WAV,Telephone Field,recover-20221013,001,1795
175.3985,175.4054,26328,45966,Eptesicus serotinus,0.006,0.022,-1,Echolocation,/mnt/ubna_data_02_mir/recover-20221013/UBNA_001/20221012_030000.WAV,Telephone Field,recover-20221013,001,1795
175.4235,175.4637,68437,82516,Rhinolophus ferrumequinum,0.022,0.022,-1,Echolocation,/mnt/ubna_data_02_mir/recover-20221013/UBNA_001/20221012_030000.WAV,Telephone Field,recover-20221013,001,1795
175.4315,175.4737,68437,82960,Rhinolophus ferrumequinum,0.023,0.023,-1,Echolocation,/mnt/ubna_data_02_mir/recover-20221013/UBNA_001/20221012_030000.WAV,Telephone Field,recover-20221013,001,1795
175.4925,175.5326,68437,82541,Rhinolophus ferrumequinum,0.025,0.025,-1,Echolocation,/mnt/ubna_data_02_mir/recover-20221013/UBNA_001/20221012_030000.WAV,Telephone Field,recover-20221013,001,1795
175.5015,175.5424,68437,82829,Rhinolophus ferrumequinum,0.024,0.024,-1,Echolocation,/mnt/ubna_data_02_mir/recover-20221013/UBNA_001/20221012_030000.WAV,Telephone Field,recover-20221013,001,1795
175.5085,175.5502,68437,82407,Rhinolophus ferrumequinum,0.025,0.025,-1,Echolocation,/mnt/ubna_data_02_mir/recover-20221013/UBNA_001/20221012_030000.WAV,Telephone Field,recover-20221013,001,1795
175.5395,175.5506,22031,27153,Nyctalus leisleri,0.01,0.023,-1,Echolocation,/mnt/ubna_data_02_mir/recover-20221013/UBNA_001/20221012_030000.WAV,Telephone Field,recover-20221013,001,1795
175.5445,175.5564,50390,54731,Pipistrellus pipistrellus,0.044,0.05,-1,Echolocation,/mnt/ubna_data_02_mir/recover-20221013/UBNA_001/20221012_030000.WAV,Telephone Field,recover-20221013,001,1795
175.5455,175.5832,68437,81379,Rhinolophus ferrumequinum,0.024,0.024,-1,Echolocation,/mnt/ubna_data_02_mir/recover-20221013/UBNA_001/20221012_030000.WAV,Telephone Field,recover-20221013,001,1795
175.5625,175.5737,22890,27936,Nyctalus leisleri,0.013,0.026,-1,Echolocation,/mnt/ubna_data_02_mir/recover-20221013/UBNA_001/20221012_030000.WAV,Telephone Field,recover-20221013,001,1795
175.5855,175.6254,68437,82366,Rhinolophus ferrumequinum,0.025,0.025,-1,Echolocation,/mnt/ubna_data_02_mir/recover-20221013/UBNA_001/20221012_030000.WAV,Telephone Field,recover-20221013,001,1795
175.6175,175.6256,27187,38553,Eptesicus serotinus,0.007,0.022,-1,Echolocation,/mnt/ubna_data_02_mir/recover-20221013/UBNA_001/20221012_030000.WAV,Telephone Field,recover-20221013,001,1795
175.6315,175.6429,28906,34741,Eptesicus serotinus,0.01,0.022,-1,Echolocation,/mnt/ubna_data_02_mir/recover-20221013/UBNA_001/20221012_030000.WAV,Telephone Field,recover-20221013,001,1795
175.6435,175.6499,51250,57784,Pipistrellus pipistrellus,0.029,0.032,-1,Echolocation,/mnt/ubna_data_02_mir/recover-20221013/UBNA_001/20221012_030000.WAV,Telephone Field,recover-20221013,001,1795
175.6445,175.6795,68437,80640,Rhinolophus ferrumequinum,0.022,0.023,-1,Echolocation,/mnt/ubna_data_02_mir/recover-20221013/UBNA_001/20221012_030000.WAV,Telephone Field,recover-20221013,001,1795
175.6465,175.656,22890,30013,Plecotus austriacus,0.011,0.029,-1,Echolocation,/mnt/ubna_data_02_mir/recover-20221013/UBNA_001/20221012_030000.WAV,Telephone Field,recover-20221013,001,1795
175.6705,175.7114,68437,83248,Rhinolophus ferrumequinum,0.027,0.027,-1,Echolocation,/mnt/ubna_data_02_mir/recover-20221013/UBNA_001/20221012_030000.WAV,Telephone Field,recover-20221013,001,1795
175.7055,175.714,27187,38302,Eptesicus serotinus,0.008,0.022,-1,Echolocation,/mnt/ubna_data_02_mir/recover-20221013/UBNA_001/20221012_030000.WAV,Telephone Field,recover-20221013,001,1795
175.7065,175.7143,51250,56353,Pipistrellus pipistrellus,0.022,0.024,-1,Echolocation,/mnt/ubna_data_02_mir/recover-20221013/UBNA_001/20221012_030000.WAV,Telephone Field,recover-20221013,001,1795
175.7135,175.7222,22031,29409,Plecotus austriacus,0.009,0.023,-1,Echolocation,/mnt/ubna_data_02_mir/recover-20221013/UBNA_001/20221012_030000.WAV,Telephone Field,recover-20221013,001,1795
175.7505,175.78640000000001,68437,81619,Rhinolophus ferrumequinum,0.023,0.023,-1,Echolocation,/mnt/ubna_data_02_mir/recover-20221013/UBNA_001/20221012_030000.WAV,Telephone Field,recover-20221013,001,1795
175.7975,175.8347,68437,81121,Rhinolophus ferrumequinum,0.027,0.027,-1,Echolocation,/mnt/ubna_data_02_mir/recover-20221013/UBNA_001/20221012_030000.WAV,Telephone Field,recover-20221013,001,1795
175.8435,175.8856,68437,82521,Rhinolophus ferrumequinum,0.025,0.025,-1,Echolocation,/mnt/ubna_data_02_mir/recover-20221013/UBNA_001/20221012_030000.WAV,Telephone Field,recover-20221013,001,1795
175.84550000000002,175.8528,47812,52327,Pipistrellus pipistrellus,0.029,0.03,-1,Echolocation,/mnt/ubna_data_02_mir/recover-20221013/UBNA_001/20221012_030000.WAV,Telephone Field,recover-20221013,001,1795
175.8605,175.8768,22890,27533,Nyctalus leisleri,0.04,0.075,-1,Echolocation,/mnt/ubna_data_02_mir/recover-20221013/UBNA_001/20221012_030000.WAV,Telephone Field,recover-20221013,001,1795
175.8865,175.92770000000002,68437,82230,Rhinolophus ferrumequinum,0.022,0.022,-1,Echolocation,/mnt/ubna_data_02_mir/recover-20221013/UBNA_001/20221012_030000.WAV,Telephone Field,recover-20221013,001,1795
175.89249999999998,175.8997,26328,40345,Eptesicus serotinus,0.006,0.025,-1,Echolocation,/mnt/ubna_data_02_mir/recover-20221013/UBNA_001/20221012_030000.WAV,Telephone Field,recover-20221013,001,1795
175.8995,175.9379,68437,82628,Rhinolophus ferrumequinum,0.022,0.022,-1,Echolocation,/mnt/ubna_data_02_mir/recover-20221013/UBNA_001/20221012_030000.WAV,Telephone Field,recover-20221013,001,1795
175.9115,175.9553,68437,82775,Rhinolophus ferrumequinum,0.029,0.029,-1,Echolocation,/mnt/ubna_data_02_mir/recover-20221013/UBNA_001/20221012_030000.WAV,Telephone Field,recover-20221013,001,1795
175.9125,175.9214,44375,51092,Pipistrellus pipistrellus,0.028,0.031,-1,Echolocation,/mnt/ubna_data_02_mir/recover-20221013/UBNA_001/20221012_030000.WAV,Telephone Field,recover-20221013,001,1795
175.9605,175.9706,24609,33200,Nyctalus leisleri,0.009,0.029,-1,Echolocation,/mnt/ubna_data_02_mir/recover-20221013/UBNA_001/20221012_030000.WAV,Telephone Field,recover-20221013,001,1795
176.0015,176.0122,22031,27346,Nyctalus leisleri,0.019,0.039,-1,Echolocation,/mnt/ubna_data_02_mir/recover-20221013/UBNA_001/20221012_030000.WAV,Telephone Field,recover-20221013,001,1795
176.0025,176.0393,68437,81198,Rhinolophus ferrumequinum,0.021,0.022,-1,Echolocation,/mnt/ubna_data_02_mir/recover-20221013/UBNA_001/20221012_030000.WAV,Telephone Field,recover-20221013,001,1795
176.0105,176.054,68437,82522,Rhinolophus ferrumequinum,0.024,0.024,-1,Echolocation,/mnt/ubna_data_02_mir/recover-20221013/UBNA_001/20221012_030000.WAV,Telephone Field,recover-20221013,001,1795
176.0125,176.0217,28906,37392,Eptesicus serotinus,0.009,0.026,-1,Echolocation,/mnt/ubna_data_02_mir/recover-20221013/UBNA_001/20221012_030000.WAV,Telephone Field,recover-20221013,001,1795
176.0225,176.0333,28046,35630,Eptesicus serotinus,0.016,0.029,-1,Echolocation,/mnt/ubna_data_02_mir/recover-20221013/UBNA_001/20221012_030000.WAV,Telephone Field,recover-20221013,001,1795
176.0495,176.0859,68437,82500,Rhinolophus ferrumequinum,0.023,0.023,-1,Echolocation,/mnt/ubna_data_02_mir/recover-20221013/UBNA_001/20221012_030000.WAV,Telephone Field,recover-20221013,001,1795
176.0855,176.1261,68437,82772,Rhinolophus ferrumequinum,0.028,0.028,-1,Echolocation,/mnt/ubna_data_02_mir/recover-20221013/UBNA_001/20221012_030000.WAV,Telephone Field,recover-20221013,001,1795
176.0995,176.1365,68437,81823,Rhinolophus ferrumequinum,0.023,0.023,-1,Echolocation,/mnt/ubna_data_02_mir/recover-20221013/UBNA_001/20221012_030000.WAV,Telephone Field,recover-20221013,001,1795
176.1085,176.1155,28046,39446,Eptesicus serotinus,0.006,0.023,-1,Echolocation,/mnt/ubna_data_02_mir/recover-20221013/UBNA_001/20221012_030000.WAV,Telephone Field,recover-20221013,001,1795
176.1375,176.1445,26328,38648,Eptesicus serotinus,0.005,0.023,-1,Echolocation,/mnt/ubna_data_02_mir/recover-20221013/UBNA_001/20221012_030000.WAV,Telephone Field,recover-20221013,001,1795
176.1805,176.2211,68437,82472,Rhinolophus ferrumequinum,0.022,0.022,-1,Echolocation,/mnt/ubna_data_02_mir/recover-20221013/UBNA_001/20221012_030000.WAV,Telephone Field,recover-20221013,001,1795
176.2495,176.2897,68437,82449,Rhinolophus ferrumequinum,0.028,0.028,-1,Echolocation,/mnt/ubna_data_02_mir/recover-20221013/UBNA_001/20221012_030000.WAV,Telephone Field,recover-20221013,001,1795
176.2695,176.2779,28906,40512,Eptesicus serotinus,0.016,0.032,-1,Echolocation,/mnt/ubna_data_02_mir/recover-20221013/UBNA_001/20221012_030000.WAV,Telephone Field,recover-20221013,001,1795
176.2865,176.2945,23750,32018,Plecotus austriacus,0.009,0.023,-1,Echolocation,/mnt/ubna_data_02_mir/recover-20221013/UBNA_001/20221012_030000.WAV,Telephone Field,recover-20221013,001,1795
176.2865,176.3263,68437,82569,Rhinolophus ferrumequinum,0.024,0.024,-1,Echolocation,/mnt/ubna_data_02_mir/recover-20221013/UBNA_001/20221012_030000.WAV,Telephone Field,recover-20221013,001,1795
176.2865,176.29410000000001,28046,39159,Eptesicus serotinus,0.007,0.023,-1,Echolocation,/mnt/ubna_data_02_mir/recover-20221013/UBNA_001/20221012_030000.WAV,Telephone Field,recover-20221013,001,1795
176.2955,176.3366,68437,83103,Rhinolophus ferrumequinum,0.023,0.023,-1,Echolocation,/mnt/ubna_data_02_mir/recover-20221013/UBNA_001/20221012_030000.WAV,Telephone Field,recover-20221013,001,1795
176.3065,176.3167,50390,54498,Pipistrellus pipistrellus,0.022,0.031,-1,Echolocation,/mnt/ubna_data_02_mir/recover-20221013/UBNA_001/20221012_030000.WAV,Telephone Field,recover-20221013,001,1795
176.3465,176.386,68437,82305,Rhinolophus ferrumequinum,0.023,0.023,-1,Echolocation,/mnt/ubna_data_02_mir/recover-20221013/UBNA_001/20221012_030000.WAV,Telephone Field,recover-20221013,001,1795
176.3695,176.4087,68437,82352,Rhinolophus ferrumequinum,0.024,0.024,-1,Echolocation,/mnt/ubna_data_02_mir/recover-20221013/UBNA_001/20221012_030000.WAV,Telephone Field,recover-20221013,001,1795
176.3725,176.3835,22890,27533,Nyctalus leisleri,0.016,0.028,-1,Echolocation,/mnt/ubna_data_02_mir/recover-20221013/UBNA_001/20221012_030000.WAV,Telephone Field,recover-20221013,001,1795
176.3815,176.4231,68437,82626,Rhinolophus ferrumequinum,0.025,0.025,-1,Echolocation,/mnt/ubna_data_02_mir/recover-20221013/UBNA_001/20221012_030000.WAV,Telephone Field,recover-20221013,001,1795
176.3875,176.3969,55546,60019,Pipistrellus pygmaeus,0.028,0.029,-1,Echolocation,/mnt/ubna_data_02_mir/recover-20221013/UBNA_001/20221012_030000.WAV,Telephone Field,recover-20221013,001,1795
176.3895,176.4263,68437,81966,Rhinolophus ferrumequinum,0.026,0.026,-1,Echolocation,/mnt/ubna_data_02_mir/recover-20221013/UBNA_001/20221012_030000.WAV,Telephone Field,recover-20221013,001,1795
176.3995,176.4383,68437,81923,Rhinolophus ferrumequinum,0.023,0.023,-1,Echolocation,/mnt/ubna_data_02_mir/recover-20221013/UBNA_001/20221012_030000.WAV,Telephone Field,recover-20221013,001,1795
176.4085,176.4166,24609,33129,Plecotus austriacus,0.007,0.022,-1,Echolocation,/mnt/ubna_data_02_mir/recover-20221013/UBNA_001/20221012_030000.WAV,Telephone Field,recover-20221013,001,1795
176.44650000000001,176.4843,68437,82057,Rhinolophus ferrumequinum,0.022,0.022,-1,Echolocation,/mnt/ubna_data_02_mir/recover-20221013/UBNA_001/20221012_030000.WAV,Telephone Field,recover-20221013,001,1795
176.4535,176.4638,28906,36614,Eptesicus serotinus,0.011,0.027,-1,Echolocation,/mnt/ubna_data_02_mir/recover-20221013/UBNA_001/20221012_030000.WAV,Telephone Field,recover-20221013,001,1795
176.4695,176.5066,68437,81718,Rhinolophus ferrumequinum,0.022,0.022,-1,Echolocation,/mnt/ubna_data_02_mir/recover-20221013/UBNA_001/20221012_030000.WAV,Telephone Field,recover-20221013,001,1795
176.5045,176.5406,68437,81311,Rhinolophus ferrumequinum,0.023,0.023,-1,Echolocation,/mnt/ubna_data_02_mir/recover-20221013/UBNA_001/20221012_030000.WAV,Telephone Field,recover-20221013,001,1795
176.5435,176.5846,68437,82380,Rhinolophus ferrumequinum,0.023,0.023,-1,Echolocation,/mnt/ubna_data_02_mir/recover-20221013/UBNA_001/20221012_030000.WAV,Telephone Field,recover-20221013,001,1795
176.5565,176.596,68437,82496,Rhinolophus ferrumequinum,0.025,0.025,-1,Echolocation,/mnt/ubna_data_02_mir/recover-20221013/UBNA_001/20221012_030000.WAV,Telephone Field,recover-20221013,001,1795
176.5735,176.612,68437,82458,Rhinolophus ferrumequinum,0.021,0.022,-1,Echolocation,/mnt/ubna_data_02_mir/recover-20221013/UBNA_001/20221012_030000.WAV,Telephone Field,recover-20221013,001,1795
176.5765,176.5867,34062,40548,Eptesicus serotinus,0.012,0.036,-1,Echolocation,/mnt/ubna_data_02_mir/recover-20221013/UBNA_001/20221012_030000.WAV,Telephone Field,recover-20221013,001,1795
176.5975,176.6355,68437,82653,Rhinolophus ferrumequinum,0.029,0.029,-1,Echolocation,/mnt/ubna_data_02_mir/recover-20221013/UBNA_001/20221012_030000.WAV,Telephone Field,recover-20221013,001,1795
176.6105,176.6467,68437,81843,Rhinolophus ferrumequinum,0.024,0.024,-1,Echolocation,/mnt/ubna_data_02_mir/recover-20221013/UBNA_001/20221012_030000.WAV,Telephone Field,recover-20221013,001,1795
176.6315,176.67000000000002,68437,82096,Rhinolophus ferrumequinum,0.022,0.023,-1,Echolocation,/mnt/ubna_data_02_mir/recover-20221013/UBNA_001/20221012_030000.WAV,Telephone Field,recover-20221013,001,1795
176.64249999999998,176.68110000000001,68437,82072,Rhinolophus ferrumequinum,0.022,0.022,-1,Echolocation,/mnt/ubna_data_02_mir/recover-20221013/UBNA_001/20221012_030000.WAV,Telephone Field,recover-20221013,001,1795
176.6535,176.6898,68437,81213,Rhinolophus ferrumequinum,0.021,0.021,-1,Echolocation,/mnt/ubna_data_02_mir/recover-20221013/UBNA_001/20221012_030000.WAV,Telephone Field,recover-20221013,001,1795
176.6865,176.7246,68437,81709,Rhinolophus ferrumequinum,0.024,0.024,-1,Echolocation,/mnt/ubna_data_02_mir/recover-20221013/UBNA_001/20221012_030000.WAV,Telephone Field,recover-20221013,001,1795
176.7045,176.7433,68437,81663,Rhinolophus ferrumequinum,0.021,0.021,-1,Echolocation,/mnt/ubna_data_02_mir/recover-20221013/UBNA_001/20221012_030000.WAV,Telephone Field,recover-20221013,001,1795
176.7605,176.77100000000002,22031,26649,Nyctalus leisleri,0.01,0.022,-1,Echolocation,/mnt/ubna_data_02_mir/recover-20221013/UBNA_001/20221012_030000.WAV,Telephone Field,recover-20221013,001,1795
176.7665,176.8067,68437,82581,Rhinolophus ferrumequinum,0.024,0.024,-1,Echolocation,/mnt/ubna_data_02_mir/recover-20221013/UBNA_001/20221012_030000.WAV,Telephone Field,recover-20221013,001,1795
176.7835,176.7908,28906,37881,Eptesicus serotinus,0.008,0.025,-1,Echolocation,/mnt/ubna_data_02_mir/recover-20221013/UBNA_001/20221012_030000.WAV,Telephone Field,recover-20221013,001,1795
176.7945,176.8381,68437,83234,Rhinolophus ferrumequinum,0.026,0.026,-1,Echolocation,/mnt/ubna_data_02_mir/recover-20221013/UBNA_001/20221012_030000.WAV,Telephone Field,recover-20221013,001,1795
176.80349999999999,176.81459999999998,28046,35713,Eptesicus serotinus,0.013,0.026,-1,Echolocation,/mnt/ubna_data_02_mir/recover-20221013/UBNA_001/20221012_030000.WAV,Telephone Field,recover-20221013,001,1795
176.8185,176.8571,68437,82165,Rhinolophus ferrumequinum,0.025,0.025,-1,Echolocation,/mnt/ubna_data_02_mir/recover-20221013/UBNA_001/20221012_030000.WAV,Telephone Field,recover-20221013,001,1795
176.8375,176.8767,68437,81980,Rhinolophus ferrumequinum,0.024,0.024,-1,Echolocation,/mnt/ubna_data_02_mir/recover-20221013/UBNA_001/20221012_030000.WAV,Telephone Field,recover-20221013,001,1795
176.8585,176.8963,68437,82016,Rhinolophus ferrumequinum,0.021,0.021,-1,Echolocation,/mnt/ubna_data_02_mir/recover-20221013/UBNA_001/20221012_030000.WAV,Telephone Field,recover-20221013,001,1795
176.8805,176.89,50390,57978,Pipistrellus pipistrellus,0.021,0.027,-1,Echolocation,/mnt/ubna_data_02_mir/recover-20221013/UBNA_001/20221012_030000.WAV,Telephone Field,recover-20221013,001,1795
176.9025,176.9135,22890,28052,Nyctalus leisleri,0.012,0.024,-1,Echolocation,/mnt/ubna_data_02_mir/recover-20221013/UBNA_001/20221012_030000.WAV,Telephone Field,recover-20221013,001,1795
176.9035,176.9461,68437,83128,Rhinolophus ferrumequinum,0.046,0.046,-1,Echolocation,/mnt/ubna_data_02_mir/recover-20221013/UBNA_001/20221012_030000.WAV,Telephone Field,recover-20221013,001,1795
176.9095,176.9201,28046,36120,Eptesicus serotinus,0.019,0.033,-1,Echolocation,/mnt/ubna_data_02_mir/recover-20221013/UBNA_001/20221012_030000.WAV,Telephone Field,recover-20221013,001,1795
176.9365,176.9741,68437,81315,Rhinolophus ferrumequinum,0.022,0.022,-1,Echolocation,/mnt/ubna_data_02_mir/recover-20221013/UBNA_001/20221012_030000.WAV,Telephone Field,recover-20221013,001,1795
176.9375,176.9458,28906,39843,Eptesicus serotinus,0.009,0.023,-1,Echolocation,/mnt/ubna_data_02_mir/recover-20221013/UBNA_001/20221012_030000.WAV,Telephone Field,recover-20221013,001,1795
176.9425,176.95080000000002,28906,38104,Eptesicus serotinus,0.009,0.024,-1,Echolocation,/mnt/ubna_data_02_mir/recover-20221013/UBNA_001/20221012_030000.WAV,Telephone Field,recover-20221013,001,1795
176.9525,176.9955,68437,82891,Rhinolophus ferrumequinum,0.031,0.032,-1,Echolocation,/mnt/ubna_data_02_mir/recover-20221013/UBNA_001/20221012_030000.WAV,Telephone Field,recover-20221013,001,1795
176.9555,176.96359999999999,27187,38912,Eptesicus serotinus,0.007,0.021,-1,Echolocation,/mnt/ubna_data_02_mir/recover-20221013/UBNA_001/20221012_030000.WAV,Telephone Field,recover-20221013,001,1795
176.9565,176.9681,53828,58418,Pipistrellus pygmaeus,0.02,0.023,-1,Echolocation,/mnt/ubna_data_02_mir/recover-20221013/UBNA_001/20221012_030000.WAV,Telephone Field,recover-20221013,001,1795
176.9795,176.9883,28906,39644,Eptesicus serotinus,0.013,0.028,-1,Echolocation,/mnt/ubna_data_02_mir/recover-20221013/UBNA_001/20221012_030000.WAV,Telephone Field,recover-20221013,001,1795
177.0045,177.0428,68437,82474,Rhinolophus ferrumequinum,0.023,0.023,-1,Echolocation,/mnt/ubna_data_02_mir/recover-20221013/UBNA_001/20221012_030000.WAV,Telephone Field,recover-20221013,001,1795
177.0185,177.0265,28046,39540,Eptesicus serotinus,0.009,0.024,-1,Echolocation,/mnt/ubna_data_02_mir/recover-20221013/UBNA_001/20221012_030000.WAV,Telephone Field,recover-20221013,001,1795
177.0205,177.0594,68437,82584,Rhinolophus ferrumequinum,0.024,0.024,-1,Echolocation,/mnt/ubna_data_02_mir/recover-20221013/UBNA_001/20221012_030000.WAV,Telephone Field,recover-20221013,001,1795
177.0365,177.0752,68437,82794,Rhinolophus ferrumequinum,0.022,0.022,-1,Echolocation,/mnt/ubna_data_02_mir/recover-20221013/UBNA_001/20221012_030000.WAV,Telephone Field,recover-20221013,001,1795
177.04149999999998,177.0522,22890,27251,Nyctalus leisleri,0.013,0.023,-1,Echolocation,/mnt/ubna_data_02_mir/recover-20221013/UBNA_001/20221012_030000.WAV,Telephone Field,recover-20221013,001,1795
177.0475,177.0666,20312,23759,Nyctalus leisleri,0.013,0.026,-1,Echolocation,/mnt/ubna_data_02_mir/recover-20221013/UBNA_001/20221012_030000.WAV,Telephone Field,recover-20221013,001,1795
177.0655,177.1034,68437,81916,Rhinolophus ferrumequinum,0.023,0.023,-1,Echolocation,/mnt/ubna_data_02_mir/recover-20221013/UBNA_001/20221012_030000.WAV,Telephone Field,recover-20221013,001,1795
177.0745,177.0852,28906,36137,Eptesicus serotinus,0.009,0.022,-1,Echolocation,/mnt/ubna_data_02_mir/recover-20221013/UBNA_001/20221012_030000.WAV,Telephone Field,recover-20221013,001,1795
177.0895,177.1298,68437,82295,Rhinolophus ferrumequinum,0.022,0.022,-1,Echolocation,/mnt/ubna_data_02_mir/recover-20221013/UBNA_001/20221012_030000.WAV,Telephone Field,recover-20221013,001,1795
177.09550000000002,177.1025,28046,39916,Eptesicus serotinus,0.008,0.028,-1,Echolocation,/mnt/ubna_data_02_mir/recover-20221013/UBNA_001/20221012_030000.WAV,Telephone Field,recover-20221013,001,1795
177.0975,177.1037,23750,34102,Plecotus austriacus,0.014,0.029,-1,Echolocation,/mnt/ubna_data_02_mir/recover-20221013/UBNA_001/20221012_030000.WAV,Telephone Field,recover-20221013,001,1795
177.1535,177.1923,68437,82809,Rhinolophus ferrumequinum,0.024,0.024,-1,Echolocation,/mnt/ubna_data_02_mir/recover-20221013/UBNA_001/20221012_030000.WAV,Telephone Field,recover-20221013,001,1795
177.1555,177.1643,22031,28043,Plecotus austriacus,0.009,0.021,-1,Echolocation,/mnt/ubna_data_02_mir/recover-20221013/UBNA_001/20221012_030000.WAV,Telephone Field,recover-20221013,001,1795
177.1795,177.2177,68437,82194,Rhinolophus ferrumequinum,0.023,0.023,-1,Echolocation,/mnt/ubna_data_02_mir/recover-20221013/UBNA_001/20221012_030000.WAV,Telephone Field,recover-20221013,001,1795
177.2305,177.2727,68437,83132,Rhinolophus ferrumequinum,0.026,0.026,-1,Echolocation,/mnt/ubna_data_02_mir/recover-20221013/UBNA_001/20221012_030000.WAV,Telephone Field,recover-20221013,001,1795
177.2335,177.2406,28046,37894,Eptesicus serotinus,0.008,0.026,-1,Echolocation,/mnt/ubna_data_02_mir/recover-20221013/UBNA_001/20221012_030000.WAV,Telephone Field,recover-20221013,001,1795
177.2565,177.2966,68437,82049,Rhinolophus ferrumequinum,0.023,0.023,-1,Echolocation,/mnt/ubna_data_02_mir/recover-20221013/UBNA_001/20221012_030000.WAV,Telephone Field,recover-20221013,001,1795
177.2565,177.2662,28906,36618,Eptesicus serotinus,0.011,0.026,-1,Echolocation,/mnt/ubna_data_02_mir/recover-20221013/UBNA_001/20221012_030000.WAV,Telephone Field,recover-20221013,001,1795
177.2645,177.2755,22890,27457,Nyctalus leisleri,0.014,0.025,-1,Echolocation,/mnt/ubna_data_02_mir/recover-20221013/UBNA_001/20221012_030000.WAV,Telephone Field,recover-20221013,001,1795
177.27949999999998,177.2928,28906,36217,Eptesicus serotinus,0.016,0.026,-1,Echolocation,/mnt/ubna_data_02_mir/recover-20221013/UBNA_001/20221012_030000.WAV,Telephone Field,recover-20221013,001,1795
177.3285,177.3417,23750,28617,Nyctalus leisleri,0.014,0.028,-1,Echolocation,/mnt/ubna_data_02_mir/recover-20221013/UBNA_001/20221012_030000.WAV,Telephone Field,recover-20221013,001,1795
177.3385,177.374,68437,81686,Rhinolophus ferrumequinum,0.022,0.022,-1,Echolocation,/mnt/ubna_data_02_mir/recover-20221013/UBNA_001/20221012_030000.WAV,Telephone Field,recover-20221013,001,1795
177.3395,177.3468,49531,57581,Pipistrellus pipistrellus,0.021,0.024,-1,Echolocation,/mnt/ubna_data_02_mir/recover-20221013/UBNA_001/20221012_030000.WAV,Telephone Field,recover-20221013,001,1795
177.34550000000002,177.3531,28906,39836,Eptesicus serotinus,0.007,0.024,-1,Echolocation,/mnt/ubna_data_02_mir/recover-20221013/UBNA_001/20221012_030000.WAV,Telephone Field,recover-20221013,001,1795
177.3685,177.4058,68437,81955,Rhinolophus ferrumequinum,0.023,0.023,-1,Echolocation,/mnt/ubna_data_02_mir/recover-20221013/UBNA_001/20221012_030000.WAV,Telephone Field,recover-20221013,001,1795
177.3755,177.3835,28906,37567,Eptesicus serotinus,0.007,0.021,-1,Echolocation,/mnt/ubna_data_02_mir/recover-20221013/UBNA_001/20221012_030000.WAV,Telephone Field,recover-20221013,001,1795
177.4015,177.4408,68437,81737,Rhinolophus ferrumequinum,0.023,0.023,-1,Echolocation,/mnt/ubna_data_02_mir/recover-20221013/UBNA_001/20221012_030000.WAV,Telephone Field,recover-20221013,001,1795
177.41649999999998,177.4545,68437,81595,Rhinolophus ferrumequinum,0.029,0.029,-1,Echolocation,/mnt/ubna_data_02_mir/recover-20221013/UBNA_001/20221012_030000.WAV,Telephone Field,recover-20221013,001,1795
177.4525,177.4885,68437,81408,Rhinolophus ferrumequinum,0.03,0.03,-1,Echolocation,/mnt/ubna_data_02_mir/recover-20221013/UBNA_001/20221012_030000.WAV,Telephone Field,recover-20221013,001,1795
177.47050000000002,177.5046,68437,81537,Rhinolophus ferrumequinum,0.023,0.023,-1,Echolocation,/mnt/ubna_data_02_mir/recover-20221013/UBNA_001/20221012_030000.WAV,Telephone Field,recover-20221013,001,1795
177.5085,177.5508,68437,82922,Rhinolophus ferrumequinum,0.025,0.025,-1,Echolocation,/mnt/ubna_data_02_mir/recover-20221013/UBNA_001/20221012_030000.WAV,Telephone Field,recover-20221013,001,1795
177.5195,177.5298,54687,59401,Pipistrellus pygmaeus,0.032,0.033,-1,Echolocation,/mnt/ubna_data_02_mir/recover-20221013/UBNA_001/20221012_030000.WAV,Telephone Field,recover-20221013,001,1795
177.5445,177.5859,68437,82418,Rhinolophus ferrumequinum,0.031,0.031,-1,Echolocation,/mnt/ubna_data_02_mir/recover-20221013/UBNA_001/20221012_030000.WAV,Telephone Field,recover-20221013,001,1795
177.5475,177.5592,28046,34836,Eptesicus serotinus,0.013,0.025,-1,Echolocation,/mnt/ubna_data_02_mir/recover-20221013/UBNA_001/20221012_030000.WAV,Telephone Field,recover-20221013,001,1795
177.5555,177.5648,23750,30446,Nyctalus leisleri,0.007,0.022,-1,Echolocation,/mnt/ubna_data_02_mir/recover-20221013/UBNA_001/20221012_030000.WAV,Telephone Field,recover-20221013,001,1795
177.5705,177.5818,44375,47655,Pipistrellus pipistrellus,0.022,0.025,-1,Echolocation,/mnt/ubna_data_02_mir/recover-20221013/UBNA_001/20221012_030000.WAV,Telephone Field,recover-20221013,001,1795
177.5745,177.61599999999999,68437,83193,Rhinolophus ferrumequinum,0.024,0.024,-1,Echolocation,/mnt/ubna_data_02_mir/recover-20221013/UBNA_001/20221012_030000.WAV,Telephone Field,recover-20221013,001,1795
177.5815,177.5943,22890,27738,Nyctalus leisleri,0.016,0.031,-1,Echolocation,/mnt/ubna_data_02_mir/recover-20221013/UBNA_001/20221012_030000.WAV,Telephone Field,recover-20221013,001,1795
177.6115,177.65030000000002,68437,81954,Rhinolophus ferrumequinum,0.022,0.022,-1,Echolocation,/mnt/ubna_data_02_mir/recover-20221013/UBNA_001/20221012_030000.WAV,Telephone Field,recover-20221013,001,1795
177.65449999999998,177.6627,46953,53236,Pipistrellus pipistrellus,0.021,0.023,-1,Echolocation,/mnt/ubna_data_02_mir/recover-20221013/UBNA_001/20221012_030000.WAV,Telephone Field,recover-20221013,001,1795
177.6555,177.6946,68437,82724,Rhinolophus ferrumequinum,0.027,0.027,-1,Echolocation,/mnt/ubna_data_02_mir/recover-20221013/UBNA_001/20221012_030000.WAV,Telephone Field,recover-20221013,001,1795
177.67849999999999,177.7161,68437,82221,Rhinolophus ferrumequinum,0.025,0.025,-1,Echolocation,/mnt/ubna_data_02_mir/recover-20221013/UBNA_001/20221012_030000.WAV,Telephone Field,recover-20221013,001,1795
177.6875,177.695,23750,32907,Plecotus austriacus,0.014,0.029,-1,Echolocation,/mnt/ubna_data_02_mir/recover-20221013/UBNA_001/20221012_030000.WAV,Telephone Field,recover-20221013,001,1795
177.6985,177.70510000000002,47812,52200,Pipistrellus pipistrellus,0.039,0.04,-1,Echolocation,/mnt/ubna_data_02_mir/recover-20221013/UBNA_001/20221012_030000.WAV,Telephone Field,recover-20221013,001,1795
177.7525,177.75979999999998,36640,43035,Barbastellus barbastellus,0.007,0.022,-1,Echolocation,/mnt/ubna_data_02_mir/recover-20221013/UBNA_001/20221012_030000.WAV,Telephone Field,recover-20221013,001,1795
177.7535,177.7615,28906,39453,Eptesicus serotinus,0.007,0.022,-1,Echolocation,/mnt/ubna_data_02_mir/recover-20221013/UBNA_001/20221012_030000.WAV,Telephone Field,recover-20221013,001,1795
177.7545,177.7931,68437,82870,Rhinolophus ferrumequinum,0.023,0.023,-1,Echolocation,/mnt/ubna_data_02_mir/recover-20221013/UBNA_001/20221012_030000.WAV,Telephone Field,recover-20221013,001,1795
177.79149999999998,177.8007,28906,36566,Eptesicus serotinus,0.008,0.022,-1,Echolocation,/mnt/ubna_data_02_mir/recover-20221013/UBNA_001/20221012_030000.WAV,Telephone Field,recover-20221013,001,1795
177.8195,177.8263,24609,34334,Plecotus austriacus,0.009,0.025,-1,Echolocation,/mnt/ubna_data_02_mir/recover-20221013/UBNA_001/20221012_030000.WAV,Telephone Field,recover-20221013,001,1795
177.8295,177.8639,68437,81403,Rhinolophus ferrumequinum,0.021,0.022,-1,Echolocation,/mnt/ubna_data_02_mir/recover-20221013/UBNA_001/20221012_030000.WAV,Telephone Field,recover-20221013,001,1795
177.8605,177.904,68437,83099,Rhinolophus ferrumequinum,0.047,0.047,-1,Echolocation,/mnt/ubna_data_02_mir/recover-20221013/UBNA_001/20221012_030000.WAV,Telephone Field,recover-20221013,001,1795
177.8855,177.8921,28906,38685,Eptesicus serotinus,0.006,0.023,-1,Echolocation,/mnt/ubna_data_02_mir/recover-20221013/UBNA_001/20221012_030000.WAV,Telephone Field,recover-20221013,001,1795
177.8865,177.895,24609,32724,Plecotus austriacus,0.007,0.023,-1,Echolocation,/mnt/ubna_data_02_mir/recover-20221013/UBNA_001/20221012_030000.WAV,Telephone Field,recover-20221013,001,1795
177.8885,177.92770000000002,68437,82136,Rhinolophus ferrumequinum,0.029,0.029,-1,Echolocation,/mnt/ubna_data_02_mir/recover-20221013/UBNA_001/20221012_030000.WAV,Telephone Field,recover-20221013,001,1795
177.9115,177.9477,68437,81114,Rhinolophus ferrumequinum,0.023,0.023,-1,Echolocation,/mnt/ubna_data_02_mir/recover-20221013/UBNA_001/20221012_030000.WAV,Telephone Field,recover-20221013,001,1795
177.91649999999998,177.9262,28046,38409,Eptesicus serotinus,0.01,0.023,-1,Echolocation,/mnt/ubna_data_02_mir/recover-20221013/UBNA_001/20221012_030000.WAV,Telephone Field,recover-20221013,001,1795
177.9215,177.9576,68437,81602,Rhinolophus ferrumequinum,0.022,0.022,-1,Echolocation,/mnt/ubna_data_02_mir/recover-20221013/UBNA_001/20221012_030000.WAV,Telephone Field,recover-20221013,001,1795
177.9395,177.9793,68437,83056,Rhinolophus ferrumequinum,0.026,0.026,-1,Echolocation,/mnt/ubna_data_02_mir/recover-20221013/UBNA_001/20221012_030000.WAV,Telephone Field,recover-20221013,001,1795
177.9515,177.9927,68437,82597,Rhinolophus ferrumequinum,0.026,0.026,-1,Echolocation,/mnt/ubna_data_02_mir/recover-20221013/UBNA_001/20221012_030000.WAV,Telephone Field,recover-20221013,001,1795
177.9635,177.9711,27187,38723,Eptesicus serotinus,0.007,0.022,-1,Echolocation,/mnt/ubna_data_02_mir/recover-20221013/UBNA_001/20221012_030000.WAV,Telephone Field,recover-20221013,001,1795
178.0015,178.0101,23750,30552,Nyctalus leisleri,0.01,0.029,-1,Echolocation,/mnt/ubna_data_02_mir/recover-20221013/UBNA_001/20221012_030000.WAV,Telephone Field,recover-20221013,001,1795
178.0015,178.0305,67578,78936,Rhinolophus ferrumequinum,0.03,0.031,-1,Echolocation,/mnt/ubna_data_02_mir/recover-20221013/UBNA_001/20221012_030000.WAV,Telephone Field,recover-20221013,001,1795
178.0285,178.0667,68437,82302,Rhinolophus ferrumequinum,0.021,0.021,-1,Echolocation,/mnt/ubna_data_02_mir/recover-20221013/UBNA_001/20221012_030000.WAV,Telephone Field,recover-20221013,001,1795
178.05349999999999,178.0741,18593,20950,Nyctalus leisleri,0.01,0.021,-1,Echolocation,/mnt/ubna_data_02_mir/recover-20221013/UBNA_001/20221012_030000.WAV,Telephone Field,recover-20221013,001,1795
178.0555,178.0956,68437,82596,Rhinolophus ferrumequinum,0.024,0.024,-1,Echolocation,/mnt/ubna_data_02_mir/recover-20221013/UBNA_001/20221012_030000.WAV,Telephone Field,recover-20221013,001,1795
178.0625,178.1022,68437,83001,Rhinolophus ferrumequinum,0.025,0.025,-1,Echolocation,/mnt/ubna_data_02_mir/recover-20221013/UBNA_001/20221012_030000.WAV,Telephone Field,recover-20221013,001,1795
178.07150000000001,178.1118,68437,82879,Rhinolophus ferrumequinum,0.025,0.025,-1,Echolocation,/mnt/ubna_data_02_mir/recover-20221013/UBNA_001/20221012_030000.WAV,Telephone Field,recover-20221013,001,1795
178.0905,178.1287,68437,82576,Rhinolophus ferrumequinum,0.021,0.021,-1,Echolocation,/mnt/ubna_data_02_mir/recover-20221013/UBNA_001/20221012_030000.WAV,Telephone Field,recover-20221013,001,1795
178.1175,178.1596,68437,82754,Rhinolophus ferrumequinum,0.029,0.029,-1,Echolocation,/mnt/ubna_data_02_mir/recover-20221013/UBNA_001/20221012_030000.WAV,Telephone Field,recover-20221013,001,1795
178.1245,178.1414,22031,26136,Nyctalus leisleri,0.041,0.08,-1,Echolocation,/mnt/ubna_data_02_mir/recover-20221013/UBNA_001/20221012_030000.WAV,Telephone Field,recover-20221013,001,1795
178.1575,178.1643,28046,38375,Eptesicus serotinus,0.006,0.023,-1,Echolocation,/mnt/ubna_data_02_mir/recover-20221013/UBNA_001/20221012_030000.WAV,Telephone Field,recover-20221013,001,1795
178.1805,178.2234,68437,82936,Rhinolophus ferrumequinum,0.024,0.024,-1,Echolocation,/mnt/ubna_data_02_mir/recover-20221013/UBNA_001/20221012_030000.WAV,Telephone Field,recover-20221013,001,1795
178.1905,178.2065,14296,18470,Nyctalus noctula,0.019,0.03,-1,Echolocation,/mnt/ubna_data_02_mir/recover-20221013/UBNA_001/20221012_030000.WAV,Telephone Field,recover-20221013,001,1795
178.1985,178.2358,68437,81925,Rhinolophus ferrumequinum,0.022,0.022,-1,Echolocation,/mnt/ubna_data_02_mir/recover-20221013/UBNA_001/20221012_030000.WAV,Telephone Field,recover-20221013,001,1795
178.2075,178.2139,28046,36699,Eptesicus serotinus,0.007,0.023,-1,Echolocation,/mnt/ubna_data_02_mir/recover-20221013/UBNA_001/20221012_030000.WAV,Telephone Field,recover-20221013,001,1795
178.2225,178.263,68437,82038,Rhinolophus ferrumequinum,0.021,0.021,-1,Echolocation,/mnt/ubna_data_02_mir/recover-20221013/UBNA_001/20221012_030000.WAV,Telephone Field,recover-20221013,001,1795
178.2715,178.3121,68437,82709,Rhinolophus ferrumequinum,0.021,0.021,-1,Echolocation,/mnt/ubna_data_02_mir/recover-20221013/UBNA_001/20221012_030000.WAV,Telephone Field,recover-20221013,001,1795
178.2925,178.3278,68437,81051,Rhinolophus ferrumequinum,0.021,0.021,-1,Echolocation,/mnt/ubna_data_02_mir/recover-20221013/UBNA_001/20221012_030000.WAV,Telephone Field,recover-20221013,001,1795
178.3005,178.3367,68437,82087,Rhinolophus ferrumequinum,0.022,0.022,-1,Echolocation,/mnt/ubna_data_02_mir/recover-20221013/UBNA_001/20221012_030000.WAV,Telephone Field,recover-20221013,001,1795
178.33350000000002,178.3751,68437,82845,Rhinolophus ferrumequinum,0.038,0.038,-1,Echolocation,/mnt/ubna_data_02_mir/recover-20221013/UBNA_001/20221012_030000.WAV,Telephone Field,recover-20221013,001,1795
178.3415,178.3508,28046,37505,Eptesicus serotinus,0.01,0.024,-1,Echolocation,/mnt/ubna_data_02_mir/recover-20221013/UBNA_001/20221012_030000.WAV,Telephone Field,recover-20221013,001,1795
178.3545,178.395,68437,82943,Rhinolophus ferrumequinum,0.025,0.025,-1,Echolocation,/mnt/ubna_data_02_mir/recover-20221013/UBNA_001/20221012_030000.WAV,Telephone Field,recover-20221013,001,1795
178.3885,178.4221,68437,81552,Rhinolophus ferrumequinum,0.021,0.021,-1,Echolocation,/mnt/ubna_data_02_mir/recover-20221013/UBNA_001/20221012_030000.WAV,Telephone Field,recover-20221013,001,1795
178.3995,178.4073,28046,38537,Eptesicus serotinus,0.007,0.021,-1,Echolocation,/mnt/ubna_data_02_mir/recover-20221013/UBNA_001/20221012_030000.WAV,Telephone Field,recover-20221013,001,1795
178.4135,178.4507,68437,81168,Rhinolophus ferrumequinum,0.021,0.021,-1,Echolocation,/mnt/ubna_data_02_mir/recover-20221013/UBNA_001/20221012_030000.WAV,Telephone Field,recover-20221013,001,1795
178.4265,178.4658,68437,82156,Rhinolophus ferrumequinum,0.031,0.031,-1,Echolocation,/mnt/ubna_data_02_mir/recover-20221013/UBNA_001/20221012_030000.WAV,Telephone Field,recover-20221013,001,1795
178.4385,178.4461,27187,36359,Eptesicus serotinus,0.009,0.025,-1,Echolocation,/mnt/ubna_data_02_mir/recover-20221013/UBNA_001/20221012_030000.WAV,Telephone Field,recover-20221013,001,1795
178.4525,178.4905,68437,81652,Rhinolophus ferrumequinum,0.023,0.023,-1,Echolocation,/mnt/ubna_data_02_mir/recover-20221013/UBNA_001/20221012_030000.WAV,Telephone Field,recover-20221013,001,1795
178.4965,178.5366,68437,81859,Rhinolophus ferrumequinum,0.022,0.022,-1,Echolocation,/mnt/ubna_data_02_mir/recover-20221013/UBNA_001/20221012_030000.WAV,Telephone Field,recover-20221013,001,1795
178.5095,178.5466,68437,81655,Rhinolophus ferrumequinum,0.024,0.024,-1,Echolocation,/mnt/ubna_data_02_mir/recover-20221013/UBNA_001/20221012_030000.WAV,Telephone Field,recover-20221013,001,1795
178.5095,178.5202,22890,27072,Nyctalus leisleri,0.013,0.023,-1,Echolocation,/mnt/ubna_data_02_mir/recover-20221013/UBNA_001/20221012_030000.WAV,Telephone Field,recover-20221013,001,1795
178.5305,178.5716,68437,82342,Rhinolophus ferrumequinum,0.025,0.025,-1,Echolocation,/mnt/ubna_data_02_mir/recover-20221013/UBNA_001/20221012_030000.WAV,Telephone Field,recover-20221013,001,1795
178.5545,178.5938,68437,82263,Rhinolophus ferrumequinum,0.023,0.024,-1,Echolocation,/mnt/ubna_data_02_mir/recover-20221013/UBNA_001/20221012_030000.WAV,Telephone Field,recover-20221013,001,1795
178.5825,178.5979,21171,24253,Nyctalus leisleri,0.013,0.02,-1,Echolocation,/mnt/ubna_data_02_mir/recover-20221013/UBNA_001/20221012_030000.WAV,Telephone Field,recover-20221013,001,1795
178.60750000000002,178.6456,68437,81551,Rhinolophus ferrumequinum,0.021,0.021,-1,Echolocation,/mnt/ubna_data_02_mir/recover-20221013/UBNA_001/20221012_030000.WAV,Telephone Field,recover-20221013,001,1795
178.6085,178.6196,24609,31011,Eptesicus serotinus,0.007,0.021,-1,Echolocation,/mnt/ubna_data_02_mir/recover-20221013/UBNA_001/20221012_030000.WAV,Telephone Field,recover-20221013,001,1795
178.6305,178.6662,68437,81889,Rhinolophus ferrumequinum,0.029,0.029,-1,Echolocation,/mnt/ubna_data_02_mir/recover-20221013/UBNA_001/20221012_030000.WAV,Telephone Field,recover-20221013,001,1795
178.7385,178.7483,28906,36161,Eptesicus serotinus,0.008,0.02,-1,Echolocation,/mnt/ubna_data_02_mir/recover-20221013/UBNA_001/20221012_030000.WAV,Telephone Field,recover-20221013,001,1795
178.7535,178.79410000000001,68437,82915,Rhinolophus ferrumequinum,0.038,0.038,-1,Echolocation,/mnt/ubna_data_02_mir/recover-20221013/UBNA_001/20221012_030000.WAV,Telephone Field,recover-20221013,001,1795
178.7765,178.8145,68437,81954,Rhinolophus ferrumequinum,0.026,0.026,-1,Echolocation,/mnt/ubna_data_02_mir/recover-20221013/UBNA_001/20221012_030000.WAV,Telephone Field,recover-20221013,001,1795
178.8475,178.88479999999998,68437,81780,Rhinolophus ferrumequinum,0.022,0.022,-1,Echolocation,/mnt/ubna_data_02_mir/recover-20221013/UBNA_001/20221012_030000.WAV,Telephone Field,recover-20221013,001,1795
178.8535,178.89249999999998,68437,82246,Rhinolophus ferrumequinum,0.021,0.021,-1,Echolocation,/mnt/ubna_data_02_mir/recover-20221013/UBNA_001/20221012_030000.WAV,Telephone Field,recover-20221013,001,1795
178.8875,178.9101,17734,21688,Nyctalus noctula,0.024,0.035,-1,Echolocation,/mnt/ubna_data_02_mir/recover-20221013/UBNA_001/20221012_030000.WAV,Telephone Field,recover-20221013,001,1795
178.8895,178.89600000000002,26328,42546,Myotis nattereri,0.005,0.021,-1,Echolocation,/mnt/ubna_data_02_mir/recover-20221013/UBNA_001/20221012_030000.WAV,Telephone Field,recover-20221013,001,1795
178.91649999999998,178.92680000000001,28046,35901,Eptesicus serotinus,0.01,0.021,-1,Echolocation,/mnt/ubna_data_02_mir/recover-20221013/UBNA_001/20221012_030000.WAV,Telephone Field,recover-20221013,001,1795
178.9225,178.962,68437,82154,Rhinolophus ferrumequinum,0.023,0.023,-1,Echolocation,/mnt/ubna_data_02_mir/recover-20221013/UBNA_001/20221012_030000.WAV,Telephone Field,recover-20221013,001,1795
178.9395,178.9769,68437,82232,Rhinolophus ferrumequinum,0.024,0.025,-1,Echolocation,/mnt/ubna_data_02_mir/recover-20221013/UBNA_001/20221012_030000.WAV,Telephone Field,recover-20221013,001,1795
178.9565,178.9654,28046,39066,Eptesicus serotinus,0.008,0.021,-1,Echolocation,/mnt/ubna_data_02_mir/recover-20221013/UBNA_001/20221012_030000.WAV,Telephone Field,recover-20221013,001,1795
178.9755,179.0161,68437,82333,Rhinolophus ferrumequinum,0.031,0.031,-1,Echolocation,/mnt/ubna_data_02_mir/recover-20221013/UBNA_001/20221012_030000.WAV,Telephone Field,recover-20221013,001,1795
179.0025,179.0148,23750,29208,Nyctalus leisleri,0.011,0.025,-1,Echolocation,/mnt/ubna_data_02_mir/recover-20221013/UBNA_001/20221012_030000.WAV,Telephone Field,recover-20221013,001,1795
179.0055,179.0404,68437,81597,Rhinolophus ferrumequinum,0.022,0.022,-1,Echolocation,/mnt/ubna_data_02_mir/recover-20221013/UBNA_001/20221012_030000.WAV,Telephone Field,recover-20221013,001,1795
179.0265,179.0656,68437,82111,Rhinolophus ferrumequinum,0.021,0.021,-1,Echolocation,/mnt/ubna_data_02_mir/recover-20221013/UBNA_001/20221012_030000.WAV,Telephone Field,recover-20221013,001,1795
179.04149999999998,179.0511,33203,40352,Barbastellus barbastellus,0.005,0.021,-1,Echolocation,/mnt/ubna_data_02_mir/recover-20221013/UBNA_001/20221012_030000.WAV,Telephone Field,recover-20221013,001,1795
179.0805,179.1211,68437,82653,Rhinolophus ferrumequinum,0.026,0.026,-1,Echolocation,/mnt/ubna_data_02_mir/recover-20221013/UBNA_001/20221012_030000.WAV,Telephone Field,recover-20221013,001,1795
179.0925,179.1302,68437,82164,Rhinolophus ferrumequinum,0.023,0.023,-1,Echolocation,/mnt/ubna_data_02_mir/recover-20221013/UBNA_001/20221012_030000.WAV,Telephone Field,recover-20221013,001,1795
179.1165,179.12290000000002,27187,40621,Eptesicus serotinus,0.006,0.024,-1,Echolocation,/mnt/ubna_data_02_mir/recover-20221013/UBNA_001/20221012_030000.WAV,Telephone Field,recover-20221013,001,1795
179.1285,179.1405,27187,33551,Eptesicus serotinus,0.013,0.025,-1,Echolocation,/mnt/ubna_data_02_mir/recover-20221013/UBNA_001/20221012_030000.WAV,Telephone Field,recover-20221013,001,1795
179.1995,179.2094,22890,28427,Nyctalus leisleri,0.008,0.02,-1,Echolocation,/mnt/ubna_data_02_mir/recover-20221013/UBNA_001/20221012_030000.WAV,Telephone Field,recover-20221013,001,1795
179.2485,179.2883,68437,82714,Rhinolophus ferrumequinum,0.023,0.023,-1,Echolocation,/mnt/ubna_data_02_mir/recover-20221013/UBNA_001/20221012_030000.WAV,Telephone Field,recover-20221013,001,1795
179.2575,179.297,68437,82666,Rhinolophus ferrumequinum,0.02,0.02,-1,Echolocation,/mnt/ubna_data_02_mir/recover-20221013/UBNA_001/20221012_030000.WAV,Telephone Field,recover-20221013,001,1795
179.2825,179.3242,68437,82506,Rhinolophus ferrumequinum,0.026,0.026,-1,Echolocation,/mnt/ubna_data_02_mir/recover-20221013/UBNA_001/20221012_030000.WAV,Telephone Field,recover-20221013,001,1795
179.2845,179.2912,28046,40209,Eptesicus serotinus,0.006,0.021,-1,Echolocation,/mnt/ubna_data_02_mir/recover-20221013/UBNA_001/20221012_030000.WAV,Telephone Field,recover-20221013,001,1795
179.3135,179.3212,27187,40734,Eptesicus serotinus,0.008,0.024,-1,Echolocation,/mnt/ubna_data_02_mir/recover-20221013/UBNA_001/20221012_030000.WAV,Telephone Field,recover-20221013,001,1795
179.3135,179.3541,68437,82305,Rhinolophus ferrumequinum,0.021,0.021,-1,Echolocation,/mnt/ubna_data_02_mir/recover-20221013/UBNA_001/20221012_030000.WAV,Telephone Field,recover-20221013,001,1795
179.3205,179.3596,68437,82095,Rhinolophus ferrumequinum,0.022,0.022,-1,Echolocation,/mnt/ubna_data_02_mir/recover-20221013/UBNA_001/20221012_030000.WAV,Telephone Field,recover-20221013,001,1795
179.3295,179.3375,24609,32741,Plecotus austriacus,0.006,0.021,-1,Echolocation,/mnt/ubna_data_02_mir/recover-20221013/UBNA_001/20221012_030000.WAV,Telephone Field,recover-20221013,001,1795
179.3665,179.4059,68437,82153,Rhinolophus ferrumequinum,0.026,0.026,-1,Echolocation,/mnt/ubna_data_02_mir/recover-20221013/UBNA_001/20221012_030000.WAV,Telephone Field,recover-20221013,001,1795
179.3975,179.4346,68437,81801,Rhinolophus ferrumequinum,0.021,0.021,-1,Echolocation,/mnt/ubna_data_02_mir/recover-20221013/UBNA_001/20221012_030000.WAV,Telephone Field,recover-20221013,001,1795
179.4245,179.46359999999999,68437,82164,Rhinolophus ferrumequinum,0.021,0.021,-1,Echolocation,/mnt/ubna_data_02_mir/recover-20221013/UBNA_001/20221012_030000.WAV,Telephone Field,recover-20221013,001,1795
179.4265,179.434,27187,42339,Eptesicus serotinus,0.006,0.02,-1,Echolocation,/mnt/ubna_data_02_mir/recover-20221013/UBNA_001/20221012_030000.WAV,Telephone Field,recover-20221013,001,1795
179.4355,179.47469999999998,68437,82082,Rhinolophus ferrumequinum,0.021,0.021,-1,Echolocation,/mnt/ubna_data_02_mir/recover-20221013/UBNA_001/20221012_030000.WAV,Telephone Field,recover-20221013,001,1795
179.4395,179.4466,28046,39890,Eptesicus serotinus,0.006,0.02,-1,Echolocation,/mnt/ubna_data_02_mir/recover-20221013/UBNA_001/20221012_030000.WAV,Telephone Field,recover-20221013,001,1795
179.4485,179.459,22890,27613,Nyctalus leisleri,0.011,0.023,-1,Echolocation,/mnt/ubna_data_02_mir/recover-20221013/UBNA_001/20221012_030000.WAV,Telephone Field,recover-20221013,001,1795
179.4785,179.4876,28906,36497,Eptesicus serotinus,0.009,0.023,-1,Echolocation,/mnt/ubna_data_02_mir/recover-20221013/UBNA_001/20221012_030000.WAV,Telephone Field,recover-20221013,001,1795
179.5365,179.5752,68437,82427,Rhinolophus ferrumequinum,0.022,0.022,-1,Echolocation,/mnt/ubna_data_02_mir/recover-20221013/UBNA_001/20221012_030000.WAV,Telephone Field,recover-20221013,001,1795
179.5505,179.588,68437,82163,Rhinolophus ferrumequinum,0.022,0.022,-1,Echolocation,/mnt/ubna_data_02_mir/recover-20221013/UBNA_001/20221012_030000.WAV,Telephone Field,recover-20221013,001,1795
179.5775,179.6221,68437,83337,Rhinolophus ferrumequinum,0.025,0.025,-1,Echolocation,/mnt/ubna_data_02_mir/recover-20221013/UBNA_001/20221012_030000.WAV,Telephone Field,recover-20221013,001,1795
179.5945,179.6389,68437,83572,Rhinolophus ferrumequinum,0.033,0.033,-1,Echolocation,/mnt/ubna_data_02_mir/recover-20221013/UBNA_001/20221012_030000.WAV,Telephone Field,recover-20221013,001,1795
179.6255,179.6605,68437,82265,Rhinolophus ferrumequinum,0.027,0.027,-1,Echolocation,/mnt/ubna_data_02_mir/recover-20221013/UBNA_001/20221012_030000.WAV,Telephone Field,recover-20221013,001,1795
179.6365,179.6739,68437,82094,Rhinolophus ferrumequinum,0.022,0.022,-1,Echolocation,/mnt/ubna_data_02_mir/recover-20221013/UBNA_001/20221012_030000.WAV,Telephone Field,recover-20221013,001,1795
179.6525,179.6631,22890,28045,Nyctalus leisleri,0.01,0.021,-1,Echolocation,/mnt/ubna_data_02_mir/recover-20221013/UBNA_001/20221012_030000.WAV,Telephone Field,recover-20221013,001,1795
179.6805,179.7187,68437,82186,Rhinolophus ferrumequinum,0.02,0.02,-1,Echolocation,/mnt/ubna_data_02_mir/recover-20221013/UBNA_001/20221012_030000.WAV,Telephone Field,recover-20221013,001,1795
179.7045,179.745,68437,82379,Rhinolophus ferrumequinum,0.021,0.021,-1,Echolocation,/mnt/ubna_data_02_mir/recover-20221013/UBNA_001/20221012_030000.WAV,Telephone Field,recover-20221013,001,1795
179.7075,179.7146,27187,41060,Eptesicus serotinus,0.007,0.023,-1,Echolocation,/mnt/ubna_data_02_mir/recover-20221013/UBNA_001/20221012_030000.WAV,Telephone Field,recover-20221013,001,1795
179.7225,179.7606,68437,82127,Rhinolophus ferrumequinum,0.022,0.022,-1,Echolocation,/mnt/ubna_data_02_mir/recover-20221013/UBNA_001/20221012_030000.WAV,Telephone Field,recover-20221013,001,1795
179.7475,179.7855,68437,81845,Rhinolophus ferrumequinum,0.023,0.023,-1,Echolocation,/mnt/ubna_data_02_mir/recover-20221013/UBNA_001/20221012_030000.WAV,Telephone Field,recover-20221013,001,1795
179.7555,179.7655,23750,30190,Nyctalus leisleri,0.008,0.022,-1,Echolocation,/mnt/ubna_data_02_mir/recover-20221013/UBNA_001/20221012_030000.WAV,Telephone Field,recover-20221013,001,1795
179.7645,179.8033,68437,82230,Rhinolophus ferrumequinum,0.021,0.021,-1,Echolocation,/mnt/ubna_data_02_mir/recover-20221013/UBNA_001/20221012_030000.WAV,Telephone Field,recover-20221013,001,1795
179.7765,179.814,68437,81720,Rhinolophus ferrumequinum,0.021,0.021,-1,Echolocation,/mnt/ubna_data_02_mir/recover-20221013/UBNA_001/20221012_030000.WAV,Telephone Field,recover-20221013,001,1795
179.8045,179.8432,68437,81918,Rhinolophus ferrumequinum,0.029,0.029,-1,Echolocation,/mnt/ubna_data_02_mir/recover-20221013/UBNA_001/20221012_030000.WAV,Telephone Field,recover-20221013,001,1795
179.8145,179.8529,68437,82210,Rhinolophus ferrumequinum,0.02,0.021,-1,Echolocation,/mnt/ubna_data_02_mir/recover-20221013/UBNA_001/20221012_030000.WAV,Telephone Field,recover-20221013,001,1795
179.8305,179.83780000000002,24609,33570,Plecotus austriacus,0.007,0.022,-1,Echolocation,/mnt/ubna_data_02_mir/recover-20221013/UBNA_001/20221012_030000.WAV,Telephone Field,recover-20221013,001,1795
179.8515,179.8626,22890,28038,Nyctalus leisleri,0.011,0.022,-1,Echolocation,/mnt/ubna_data_02_mir/recover-20221013/UBNA_001/20221012_030000.WAV,Telephone Field,recover-20221013,001,1795
179.8635,179.90449999999998,68437,82698,Rhinolophus ferrumequinum,0.023,0.023,-1,Echolocation,/mnt/ubna_data_02_mir/recover-20221013/UBNA_001/20221012_030000.WAV,Telephone Field,recover-20221013,001,1795
179.8835,179.9196,68437,81533,Rhinolophus ferrumequinum,0.021,0.021,-1,Echolocation,/mnt/ubna_data_02_mir/recover-20221013/UBNA_001/20221012_030000.WAV,Telephone Field,recover-20221013,001,1795
179.8915,179.9287,68437,82215,Rhinolophus ferrumequinum,0.021,0.021,-1,Echolocation,/mnt/ubna_data_02_mir/recover-20221013/UBNA_001/20221012_030000.WAV,Telephone Field,recover-20221013,001,1795
179.9215,179.9624,68437,82617,Rhinolophus ferrumequinum,0.024,0.024,-1,Echolocation,/mnt/ubna_data_02_mir/recover-20221013/UBNA_001/20221012_030000.WAV,Telephone Field,recover-20221013,001,1795
179.9245,179.936,24609,29736,Nyctalus leisleri,0.015,0.029,-1,Echolocation,/mnt/ubna_data_02_mir/recover-20221013/UBNA_001/20221012_030000.WAV,Telephone Field,recover-20221013,001,1795
179.9745,179.9813,27187,38859,Eptesicus serotinus,0.005,0.02,-1,Echolocation,/mnt/ubna_data_02_mir/recover-20221013/UBNA_001/20221012_030000.WAV,Telephone Field,recover-20221013,001,1795
180.0015,180.0143,49531,54178,Pipistrellus pipistrellus,0.02,0.027,-1,Echolocation,/mnt/ubna_data_02_mir/recover-20221013/UBNA_001/20221012_030000.WAV,Telephone Field,recover-20221013,001,1795
180.0015,180.0341,69296,81313,Rhinolophus ferrumequinum,0.045,0.045,-1,Echolocation,/mnt/ubna_data_02_mir/recover-20221013/UBNA_001/20221012_030000.WAV,Telephone Field,recover-20221013,001,1795
180.0015,180.0137,21171,26632,Nyctalus leisleri,0.014,0.029,-1,Echolocation,/mnt/ubna_data_02_mir/recover-20221013/UBNA_001/20221012_030000.WAV,Telephone Field,recover-20221013,001,1795
180.0115,180.0193,28046,38825,Eptesicus serotinus,0.009,0.027,-1,Echolocation,/mnt/ubna_data_02_mir/recover-20221013/UBNA_001/20221012_030000.WAV,Telephone Field,recover-20221013,001,1795
180.0845,180.1242,68437,82033,Rhinolophus ferrumequinum,0.025,0.025,-1,Echolocation,/mnt/ubna_data_02_mir/recover-20221013/UBNA_001/20221012_030000.WAV,Telephone Field,recover-20221013,001,1795
180.0905,180.1281,68437,81908,Rhinolophus ferrumequinum,0.026,0.026,-1,Echolocation,/mnt/ubna_data_02_mir/recover-20221013/UBNA_001/20221012_030000.WAV,Telephone Field,recover-20221013,001,1795
180.0935,180.1023,26328,34719,Eptesicus serotinus,0.01,0.025,-1,Echolocation,/mnt/ubna_data_02_mir/recover-20221013/UBNA_001/20221012_030000.WAV,Telephone Field,recover-20221013,001,1795
180.1205,180.1291,28906,38726,Eptesicus serotinus,0.008,0.023,-1,Echolocation,/mnt/ubna_data_02_mir/recover-20221013/UBNA_001/20221012_030000.WAV,Telephone Field,recover-20221013,001,1795
180.1635,180.1713,27187,38858,Eptesicus serotinus,0.007,0.022,-1,Echolocation,/mnt/ubna_data_02_mir/recover-20221013/UBNA_001/20221012_030000.WAV,Telephone Field,recover-20221013,001,1795
180.1705,180.2107,68437,83023,Rhinolophus ferrumequinum,0.025,0.025,-1,Echolocation,/mnt/ubna_data_02_mir/recover-20221013/UBNA_001/20221012_030000.WAV,Telephone Field,recover-20221013,001,1795
180.1785,180.2192,68437,82616,Rhinolophus ferrumequinum,0.025,0.025,-1,Echolocation,/mnt/ubna_data_02_mir/recover-20221013/UBNA_001/20221012_030000.WAV,Telephone Field,recover-20221013,001,1795
180.1845,180.1946,23750,30097,Nyctalus leisleri,0.009,0.023,-1,Echolocation,/mnt/ubna_data_02_mir/recover-20221013/UBNA_001/20221012_030000.WAV,Telephone Field,recover-20221013,001,1795
180.2085,180.2183,28906,36866,Eptesicus serotinus,0.014,0.03,-1,Echolocation,/mnt/ubna_data_02_mir/recover-20221013/UBNA_001/20221012_030000.WAV,Telephone Field,recover-20221013,001,1795
180.2085,180.2483,68437,82495,Rhinolophus ferrumequinum,0.026,0.026,-1,Echolocation,/mnt/ubna_data_02_mir/recover-20221013/UBNA_001/20221012_030000.WAV,Telephone Field,recover-20221013,001,1795
180.2205,180.2587,68437,81631,Rhinolophus ferrumequinum,0.026,0.027,-1,Echolocation,/mnt/ubna_data_02_mir/recover-20221013/UBNA_001/20221012_030000.WAV,Telephone Field,recover-20221013,001,1795
180.2325,180.2752,68437,82855,Rhinolophus ferrumequinum,0.036,0.036,-1,Echolocation,/mnt/ubna_data_02_mir/recover-20221013/UBNA_001/20221012_030000.WAV,Telephone Field,recover-20221013,001,1795
180.2355,180.242,27187,39465,Eptesicus serotinus,0.005,0.021,-1,Echolocation,/mnt/ubna_data_02_mir/recover-20221013/UBNA_001/20221012_030000.WAV,Telephone Field,recover-20221013,001,1795
180.2545,180.2637,22031,29476,Plecotus austriacus,0.011,0.03,-1,Echolocation,/mnt/ubna_data_02_mir/recover-20221013/UBNA_001/20221012_030000.WAV,Telephone Field,recover-20221013,001,1795
180.2885,180.3238,68437,81496,Rhinolophus ferrumequinum,0.023,0.023,-1,Echolocation,/mnt/ubna_data_02_mir/recover-20221013/UBNA_001/20221012_030000.WAV,Telephone Field,recover-20221013,001,1795
180.3005,180.3354,68437,81253,Rhinolophus ferrumequinum,0.033,0.033,-1,Echolocation,/mnt/ubna_data_02_mir/recover-20221013/UBNA_001/20221012_030000.WAV,Telephone Field,recover-20221013,001,1795
180.3035,180.3162,28046,34597,Eptesicus serotinus,0.019,0.031,-1,Echolocation,/mnt/ubna_data_02_mir/recover-20221013/UBNA_001/20221012_030000.WAV,Telephone Field,recover-20221013,001,1795
180.3205,180.3292,28906,39841,Eptesicus serotinus,0.01,0.026,-1,Echolocation,/mnt/ubna_data_02_mir/recover-20221013/UBNA_001/20221012_030000.WAV,Telephone Field,recover-20221013,001,1795
180.3375,180.3781,68437,82702,Rhinolophus ferrumequinum,0.024,0.024,-1,Echolocation,/mnt/ubna_data_02_mir/recover-20221013/UBNA_001/20221012_030000.WAV,Telephone Field,recover-20221013,001,1795
180.3665,180.4044,68437,82293,Rhinolophus ferrumequinum,0.023,0.023,-1,Echolocation,/mnt/ubna_data_02_mir/recover-20221013/UBNA_001/20221012_030000.WAV,Telephone Field,recover-20221013,001,1795
180.3915,180.4291,68437,81736,Rhinolophus ferrumequinum,0.025,0.025,-1,Echolocation,/mnt/ubna_data_02_mir/recover-20221013/UBNA_001/20221012_030000.WAV,Telephone Field,recover-20221013,001,1795
180.4085,180.4445,68437,81465,Rhinolophus ferrumequinum,0.021,0.022,-1,Echolocation,/mnt/ubna_data_02_mir/recover-20221013/UBNA_001/20221012_030000.WAV,Telephone Field,recover-20221013,001,1795
180.4385,180.4467,27187,39311,Eptesicus serotinus,0.009,0.025,-1,Echolocation,/mnt/ubna_data_02_mir/recover-20221013/UBNA_001/20221012_030000.WAV,Telephone Field,recover-20221013,001,1795
180.4605,180.4705,45234,50611,Pipistrellus pipistrellus,0.025,0.029,-1,Echolocation,/mnt/ubna_data_02_mir/recover-20221013/UBNA_001/20221012_030000.WAV,Telephone Field,recover-20221013,001,1795
180.4785,180.5155,68437,82206,Rhinolophus ferrumequinum,0.025,0.025,-1,Echolocation,/mnt/ubna_data_02_mir/recover-20221013/UBNA_001/20221012_030000.WAV,Telephone Field,recover-20221013,001,1795
180.4955,180.5343,68437,82411,Rhinolophus ferrumequinum,0.026,0.026,-1,Echolocation,/mnt/ubna_data_02_mir/recover-20221013/UBNA_001/20221012_030000.WAV,Telephone Field,recover-20221013,001,1795
180.5245,180.5633,68437,82680,Rhinolophus ferrumequinum,0.026,0.026,-1,Echolocation,/mnt/ubna_data_02_mir/recover-20221013/UBNA_001/20221012_030000.WAV,Telephone Field,recover-20221013,001,1795
180.5785,180.6213,68437,83075,Rhinolophus ferrumequinum,0.051,0.051,-1,Echolocation,/mnt/ubna_data_02_mir/recover-20221013/UBNA_001/20221012_030000.WAV,Telephone Field,recover-20221013,001,1795
180.5845,180.5966,23750,29443,Nyctalus leisleri,0.015,0.035,-1,Echolocation,/mnt/ubna_data_02_mir/recover-20221013/UBNA_001/20221012_030000.WAV,Telephone Field,recover-20221013,001,1795
180.5915,180.6233,68437,80067,Rhinolophus ferrumequinum,0.029,0.029,-1,Echolocation,/mnt/ubna_data_02_mir/recover-20221013/UBNA_001/20221012_030000.WAV,Telephone Field,recover-20221013,001,1795
180.6095,180.6217,23750,28091,Nyctalus leisleri,0.02,0.036,-1,Echolocation,/mnt/ubna_data_02_mir/recover-20221013/UBNA_001/20221012_030000.WAV,Telephone Field,recover-20221013,001,1795
180.6325,180.6749,68437,83467,Rhinolophus ferrumequinum,0.03,0.03,-1,Echolocation,/mnt/ubna_data_02_mir/recover-20221013/UBNA_001/20221012_030000.WAV,Telephone Field,recover-20221013,001,1795
180.6495,180.6598,23750,30169,Nyctalus leisleri,0.009,0.022,-1,Echolocation,/mnt/ubna_data_02_mir/recover-20221013/UBNA_001/20221012_030000.WAV,Telephone Field,recover-20221013,001,1795
180.6595,180.7015,68437,82982,Rhinolophus ferrumequinum,0.024,0.024,-1,Echolocation,/mnt/ubna_data_02_mir/recover-20221013/UBNA_001/20221012_030000.WAV,Telephone Field,recover-20221013,001,1795
180.6825,180.691,23750,30811,Plecotus austriacus,0.007,0.021,-1,Echolocation,/mnt/ubna_data_02_mir/recover-20221013/UBNA_001/20221012_030000.WAV,Telephone Field,recover-20221013,001,1795
180.7085,180.7451,68437,81753,Rhinolophus ferrumequinum,0.022,0.022,-1,Echolocation,/mnt/ubna_data_02_mir/recover-20221013/UBNA_001/20221012_030000.WAV,Telephone Field,recover-20221013,001,1795
180.7365,180.7756,68437,82467,Rhinolophus ferrumequinum,0.023,0.023,-1,Echolocation,/mnt/ubna_data_02_mir/recover-20221013/UBNA_001/20221012_030000.WAV,Telephone Field,recover-20221013,001,1795
180.7405,180.7468,26328,37849,Plecotus austriacus,0.007,0.028,-1,Echolocation,/mnt/ubna_data_02_mir/recover-20221013/UBNA_001/20221012_030000.WAV,Telephone Field,recover-20221013,001,1795
180.7775,180.8198,68437,83433,Rhinolophus ferrumequinum,0.026,0.026,-1,Echolocation,/mnt/ubna_data_02_mir/recover-20221013/UBNA_001/20221012_030000.WAV,Telephone Field,recover-20221013,001,1795
180.8245,180.8345,27187,35436,Eptesicus serotinus,0.01,0.021,-1,Echolocation,/mnt/ubna_data_02_mir/recover-20221013/UBNA_001/20221012_030000.WAV,Telephone Field,recover-20221013,001,1795
180.8485,180.8894,68437,83142,Rhinolophus ferrumequinum,0.025,0.025,-1,Echolocation,/mnt/ubna_data_02_mir/recover-20221013/UBNA_001/20221012_030000.WAV,Telephone Field,recover-20221013,001,1795
180.8575,180.8937,68437,82094,Rhinolophus ferrumequinum,0.022,0.022,-1,Echolocation,/mnt/ubna_data_02_mir/recover-20221013/UBNA_001/20221012_030000.WAV,Telephone Field,recover-20221013,001,1795
180.8725,180.9089,68437,82095,Rhinolophus ferrumequinum,0.022,0.022,-1,Echolocation,/mnt/ubna_data_02_mir/recover-20221013/UBNA_001/20221012_030000.WAV,Telephone Field,recover-20221013,001,1795
180.9285,180.9693,68437,82729,Rhinolophus ferrumequinum,0.024,0.024,-1,Echolocation,/mnt/ubna_data_02_mir/recover-20221013/UBNA_001/20221012_030000.WAV,Telephone Field,recover-20221013,001,1795
180.9745,181.012,68437,81856,Rhinolophus ferrumequinum,0.022,0.022,-1,Echolocation,/mnt/ubna_data_02_mir/recover-20221013/UBNA_001/20221012_030000.WAV,Telephone Field,recover-20221013,001,1795
180.9925,181.0304,68437,81805,Rhinolophus ferrumequinum,0.021,0.021,-1,Echolocation,/mnt/ubna_data_02_mir/recover-20221013/UBNA_001/20221012_030000.WAV,Telephone Field,recover-20221013,001,1795
180.9925,181.0059,28906,33600,Eptesicus serotinus,0.015,0.028,-1,Echolocation,/mnt/ubna_data_02_mir/recover-20221013/UBNA_001/20221012_030000.WAV,Telephone Field,recover-20221013,001,1795
180.9995,181.0367,68437,81685,Rhinolophus ferrumequinum,0.022,0.022,-1,Echolocation,/mnt/ubna_data_02_mir/recover-20221013/UBNA_001/20221012_030000.WAV,Telephone Field,recover-20221013,001,1795
181.0075,181.0455,68437,82037,Rhinolophus ferrumequinum,0.025,0.025,-1,Echolocation,/mnt/ubna_data_02_mir/recover-20221013/UBNA_001/20221012_030000.WAV,Telephone Field,recover-20221013,001,1795
181.0325,181.0713,68437,81842,Rhinolophus ferrumequinum,0.023,0.023,-1,Echolocation,/mnt/ubna_data_02_mir/recover-20221013/UBNA_001/20221012_030000.WAV,Telephone Field,recover-20221013,001,1795
181.0765,181.1162,68437,82717,Rhinolophus ferrumequinum,0.022,0.022,-1,Echolocation,/mnt/ubna_data_02_mir/recover-20221013/UBNA_001/20221012_030000.WAV,Telephone Field,recover-20221013,001,1795
181.1315,181.1704,68437,82419,Rhinolophus ferrumequinum,0.024,0.024,-1,Echolocation,/mnt/ubna_data_02_mir/recover-20221013/UBNA_001/20221012_030000.WAV,Telephone Field,recover-20221013,001,1795
181.1645,181.2033,68437,82452,Rhinolophus ferrumequinum,0.027,0.027,-1,Echolocation,/mnt/ubna_data_02_mir/recover-20221013/UBNA_001/20221012_030000.WAV,Telephone Field,recover-20221013,001,1795
181.1785,181.1868,51250,58205,Pipistrellus pipistrellus,0.017,0.022,-1,Echolocation,/mnt/ubna_data_02_mir/recover-20221013/UBNA_001/20221012_030000.WAV,Telephone Field,recover-20221013,001,1795
181.2215,181.2286,28906,40665,Eptesicus serotinus,0.01,0.033,-1,Echolocation,/mnt/ubna_data_02_mir/recover-20221013/UBNA_001/20221012_030000.WAV,Telephone Field,recover-20221013,001,1795
181.2585,181.2687,22031,28020,Nyctalus leisleri,0.008,0.025,-1,Echolocation,/mnt/ubna_data_02_mir/recover-20221013/UBNA_001/20221012_030000.WAV,Telephone Field,recover-20221013,001,1795
181.2805,181.319,68437,82147,Rhinolophus ferrumequinum,0.023,0.023,-1,Echolocation,/mnt/ubna_data_02_mir/recover-20221013/UBNA_001/20221012_030000.WAV,Telephone Field,recover-20221013,001,1795
181.2875,181.2978,22031,27302,Nyctalus leisleri,0.011,0.023,-1,Echolocation,/mnt/ubna_data_02_mir/recover-20221013/UBNA_001/20221012_030000.WAV,Telephone Field,recover-20221013,001,1795
181.3065,181.3433,68437,82134,Rhinolophus ferrumequinum,0.022,0.022,-1,Echolocation,/mnt/ubna_data_02_mir/recover-20221013/UBNA_001/20221012_030000.WAV,Telephone Field,recover-20221013,001,1795
181.3415,181.3842,68437,82982,Rhinolophus ferrumequinum,0.025,0.025,-1,Echolocation,/mnt/ubna_data_02_mir/recover-20221013/UBNA_001/20221012_030000.WAV,Telephone Field,recover-20221013,001,1795
181.3575,181.3956,68437,81635,Rhinolophus ferrumequinum,0.023,0.023,-1,Echolocation,/mnt/ubna_data_02_mir/recover-20221013/UBNA_001/20221012_030000.WAV,Telephone Field,recover-20221013,001,1795
181.3705,181.3785,22890,30982,Plecotus austriacus,0.011,0.025,-1,Echolocation,/mnt/ubna_data_02_mir/recover-20221013/UBNA_001/20221012_030000.WAV,Telephone Field,recover-20221013,001,1795
181.3835,181.4236,68437,81937,Rhinolophus ferrumequinum,0.029,0.029,-1,Echolocation,/mnt/ubna_data_02_mir/recover-20221013/UBNA_001/20221012_030000.WAV,Telephone Field,recover-20221013,001,1795
181.3935,181.4304,68437,81551,Rhinolophus ferrumequinum,0.023,0.023,-1,Echolocation,/mnt/ubna_data_02_mir/recover-20221013/UBNA_001/20221012_030000.WAV,Telephone Field,recover-20221013,001,1795
181.4185,181.4279,28046,37660,Eptesicus serotinus,0.009,0.022,-1,Echolocation,/mnt/ubna_data_02_mir/recover-20221013/UBNA_001/20221012_030000.WAV,Telephone Field,recover-20221013,001,1795
181.4415,181.4508,28906,39706,Eptesicus serotinus,0.009,0.024,-1,Echolocation,/mnt/ubna_data_02_mir/recover-20221013/UBNA_001/20221012_030000.WAV,Telephone Field,recover-20221013,001,1795
181.4415,181.4849,68437,83128,Rhinolophus ferrumequinum,0.027,0.027,-1,Echolocation,/mnt/ubna_data_02_mir/recover-20221013/UBNA_001/20221012_030000.WAV,Telephone Field,recover-20221013,001,1795
181.4615,181.4706,25468,33779,Eptesicus serotinus,0.008,0.022,-1,Echolocation,/mnt/ubna_data_02_mir/recover-20221013/UBNA_001/20221012_030000.WAV,Telephone Field,recover-20221013,001,1795
181.4905,181.5342,68437,83059,Rhinolophus ferrumequinum,0.041,0.041,-1,Echolocation,/mnt/ubna_data_02_mir/recover-20221013/UBNA_001/20221012_030000.WAV,Telephone Field,recover-20221013,001,1795
181.5155,181.5317,23750,29130,Nyctalus leisleri,0.015,0.034,-1,Echolocation,/mnt/ubna_data_02_mir/recover-20221013/UBNA_001/20221012_030000.WAV,Telephone Field,recover-20221013,001,1795
181.5785,181.5891,22031,28093,Nyctalus leisleri,0.019,0.049,-1,Echolocation,/mnt/ubna_data_02_mir/recover-20221013/UBNA_001/20221012_030000.WAV,Telephone Field,recover-20221013,001,1795
181.5905,181.6302,68437,82099,Rhinolophus ferrumequinum,0.023,0.023,-1,Echolocation,/mnt/ubna_data_02_mir/recover-20221013/UBNA_001/20221012_030000.WAV,Telephone Field,recover-20221013,001,1795
181.6115,181.6205,28046,38101,Eptesicus serotinus,0.008,0.022,-1,Echolocation,/mnt/ubna_data_02_mir/recover-20221013/UBNA_001/20221012_030000.WAV,Telephone Field,recover-20221013,001,1795
181.6315,181.6621,68437,80200,Rhinolophus ferrumequinum,0.021,0.021,-1,Echolocation,/mnt/ubna_data_02_mir/recover-20221013/UBNA_001/20221012_030000.WAV,Telephone Field,recover-20221013,001,1795
181.6445,181.6852,68437,82481,Rhinolophus ferrumequinum,0.025,0.025,-1,Echolocation,/mnt/ubna_data_02_mir/recover-20221013/UBNA_001/20221012_030000.WAV,Telephone Field,recover-20221013,001,1795
181.6505,181.6618,22031,26127,Nyctalus leisleri,0.013,0.023,-1,Echolocation,/mnt/ubna_data_02_mir/recover-20221013/UBNA_001/20221012_030000.WAV,Telephone Field,recover-20221013,001,1795
181.6515,181.691,68437,82713,Rhinolophus ferrumequinum,0.024,0.024,-1,Echolocation,/mnt/ubna_data_02_mir/recover-20221013/UBNA_001/20221012_030000.WAV,Telephone Field,recover-20221013,001,1795
181.6865,181.7232,68437,81288,Rhinolophus ferrumequinum,0.023,0.024,-1,Echolocation,/mnt/ubna_data_02_mir/recover-20221013/UBNA_001/20221012_030000.WAV,Telephone Field,recover-20221013,001,1795
181.6955,181.7372,68437,82878,Rhinolophus ferrumequinum,0.025,0.025,-1,Echolocation,/mnt/ubna_data_02_mir/recover-20221013/UBNA_001/20221012_030000.WAV,Telephone Field,recover-20221013,001,1795
181.7155,181.7247,28046,37707,Eptesicus serotinus,0.009,0.022,-1,Echolocation,/mnt/ubna_data_02_mir/recover-20221013/UBNA_001/20221012_030000.WAV,Telephone Field,recover-20221013,001,1795
181.7165,181.7544,68437,81855,Rhinolophus ferrumequinum,0.022,0.022,-1,Echolocation,/mnt/ubna_data_02_mir/recover-20221013/UBNA_001/20221012_030000.WAV,Telephone Field,recover-20221013,001,1795
181.7305,181.7412,28906,36518,Eptesicus serotinus,0.012,0.027,-1,Echolocation,/mnt/ubna_data_02_mir/recover-20221013/UBNA_001/20221012_030000.WAV,Telephone Field,recover-20221013,001,1795
181.7775,181.7944,20312,23487,Nyctalus leisleri,0.015,0.025,-1,Echolocation,/mnt/ubna_data_02_mir/recover-20221013/UBNA_001/20221012_030000.WAV,Telephone Field,recover-20221013,001,1795
181.8025,181.8418,68437,82390,Rhinolophus ferrumequinum,0.042,0.042,-1,Echolocation,/mnt/ubna_data_02_mir/recover-20221013/UBNA_001/20221012_030000.WAV,Telephone Field,recover-20221013,001,1795
181.8025,181.8135,22031,26769,Nyctalus leisleri,0.011,0.022,-1,Echolocation,/mnt/ubna_data_02_mir/recover-20221013/UBNA_001/20221012_030000.WAV,Telephone Field,recover-20221013,001,1795
181.8155,181.824,28046,38329,Eptesicus serotinus,0.008,0.023,-1,Echolocation,/mnt/ubna_data_02_mir/recover-20221013/UBNA_001/20221012_030000.WAV,Telephone Field,recover-20221013,001,1795
181.8165,181.8606,68437,83424,Rhinolophus ferrumequinum,0.051,0.051,-1,Echolocation,/mnt/ubna_data_02_mir/recover-20221013/UBNA_001/20221012_030000.WAV,Telephone Field,recover-20221013,001,1795
181.8395,181.881,68437,83158,Rhinolophus ferrumequinum,0.032,0.032,-1,Echolocation,/mnt/ubna_data_02_mir/recover-20221013/UBNA_001/20221012_030000.WAV,Telephone Field,recover-20221013,001,1795
181.8625,181.8742,22890,27284,Nyctalus leisleri,0.013,0.023,-1,Echolocation,/mnt/ubna_data_02_mir/recover-20221013/UBNA_001/20221012_030000.WAV,Telephone Field,recover-20221013,001,1795
181.9155,181.9523,68437,81844,Rhinolophus ferrumequinum,0.021,0.021,-1,Echolocation,/mnt/ubna_data_02_mir/recover-20221013/UBNA_001/20221012_030000.WAV,Telephone Field,recover-20221013,001,1795
181.9295,181.9654,68437,81590,Rhinolophus ferrumequinum,0.022,0.022,-1,Echolocation,/mnt/ubna_data_02_mir/recover-20221013/UBNA_001/20221012_030000.WAV,Telephone Field,recover-20221013,001,1795
181.9825,181.9943,15156,20792,Nyctalus noctula,0.025,0.04,-1,Echolocation,/mnt/ubna_data_02_mir/recover-20221013/UBNA_001/20221012_030000.WAV,Telephone Field,recover-20221013,001,1795
181.9885,181.9989,21171,26959,Nyctalus leisleri,0.01,0.033,-1,Echolocation,/mnt/ubna_data_02_mir/recover-20221013/UBNA_001/20221012_030000.WAV,Telephone Field,recover-20221013,001,1795
182.0015,182.0091,30625,40459,Myotis daubentonii,0.009,0.023,-1,Echolocation,/mnt/ubna_data_02_mir/recover-20221013/UBNA_001/20221012_030000.WAV,Telephone Field,recover-20221013,001,1795
182.0015,182.0084,25468,37342,Nyctalus leisleri,0.006,0.027,-1,Echolocation,/mnt/ubna_data_02_mir/recover-20221013/UBNA_001/20221012_030000.WAV,Telephone Field,recover-20221013,001,1795
182.0015,182.0151,57265,63371,Pipistrellus pygmaeus,0.029,0.031,-1,Echolocation,/mnt/ubna_data_02_mir/recover-20221013/UBNA_001/20221012_030000.WAV,Telephone Field,recover-20221013,001,1795
182.0015,182.0354,68437,80681,Rhinolophus ferrumequinum,0.039,0.039,-1,Echolocation,/mnt/ubna_data_02_mir/recover-20221013/UBNA_001/20221012_030000.WAV,Telephone Field,recover-20221013,001,1795
182.0075,182.0522,68437,82861,Rhinolophus ferrumequinum,0.025,0.025,-1,Echolocation,/mnt/ubna_data_02_mir/recover-20221013/UBNA_001/20221012_030000.WAV,Telephone Field,recover-20221013,001,1795
182.0465,182.0531,26328,40174,Eptesicus serotinus,0.005,0.023,-1,Echolocation,/mnt/ubna_data_02_mir/recover-20221013/UBNA_001/20221012_030000.WAV,Telephone Field,recover-20221013,001,1795
182.0655,182.1029,68437,81434,Rhinolophus ferrumequinum,0.021,0.021,-1,Echolocation,/mnt/ubna_data_02_mir/recover-20221013/UBNA_001/20221012_030000.WAV,Telephone Field,recover-20221013,001,1795
182.0665,182.075,28046,40720,Eptesicus serotinus,0.008,0.023,-1,Echolocation,/mnt/ubna_data_02_mir/recover-20221013/UBNA_001/20221012_030000.WAV,Telephone Field,recover-20221013,001,1795
182.0875,182.1228,68437,81237,Rhinolophus ferrumequinum,0.022,0.022,-1,Echolocation,/mnt/ubna_data_02_mir/recover-20221013/UBNA_001/20221012_030000.WAV,Telephone Field,recover-20221013,001,1795
182.1925,182.2029,40937,44893,Pipistrellus nathusii,0.015,0.027,-1,Echolocation,/mnt/ubna_data_02_mir/recover-20221013/UBNA_001/20221012_030000.WAV,Telephone Field,recover-20221013,001,1795
182.1945,182.2024,23750,32350,Plecotus austriacus,0.009,0.023,-1,Echolocation,/mnt/ubna_data_02_mir/recover-20221013/UBNA_001/20221012_030000.WAV,Telephone Field,recover-20221013,001,1795
182.2565,182.2661,43515,47337,Pipistrellus pipistrellus,0.022,0.026,-1,Echolocation,/mnt/ubna_data_02_mir/recover-20221013/UBNA_001/20221012_030000.WAV,Telephone Field,recover-20221013,001,1795
182.2565,182.2966,68437,82201,Rhinolophus ferrumequinum,0.022,0.022,-1,Echolocation,/mnt/ubna_data_02_mir/recover-20221013/UBNA_001/20221012_030000.WAV,Telephone Field,recover-20221013,001,1795
182.2605,182.2703,24609,32685,Nyctalus leisleri,0.008,0.026,-1,Echolocation,/mnt/ubna_data_02_mir/recover-20221013/UBNA_001/20221012_030000.WAV,Telephone Field,recover-20221013,001,1795
182.2845,182.3251,68437,82216,Rhinolophus ferrumequinum,0.033,0.033,-1,Echolocation,/mnt/ubna_data_02_mir/recover-20221013/UBNA_001/20221012_030000.WAV,Telephone Field,recover-20221013,001,1795
182.2955,182.3028,28906,38705,Eptesicus serotinus,0.007,0.022,-1,Echolocation,/mnt/ubna_data_02_mir/recover-20221013/UBNA_001/20221012_030000.WAV,Telephone Field,recover-20221013,001,1795
182.3245,182.3341,48671,52975,Pipistrellus pipistrellus,0.037,0.041,-1,Echolocation,/mnt/ubna_data_02_mir/recover-20221013/UBNA_001/20221012_030000.WAV,Telephone Field,recover-20221013,001,1795
182.3445,182.3812,68437,81324,Rhinolophus ferrumequinum,0.024,0.024,-1,Echolocation,/mnt/ubna_data_02_mir/recover-20221013/UBNA_001/20221012_030000.WAV,Telephone Field,recover-20221013,001,1795
182.3665,182.4067,68437,82449,Rhinolophus ferrumequinum,0.022,0.022,-1,Echolocation,/mnt/ubna_data_02_mir/recover-20221013/UBNA_001/20221012_030000.WAV,Telephone Field,recover-20221013,001,1795
182.3995,182.4413,68437,83224,Rhinolophus ferrumequinum,0.04,0.04,-1,Echolocation,/mnt/ubna_data_02_mir/recover-20221013/UBNA_001/20221012_030000.WAV,Telephone Field,recover-20221013,001,1795
182.4055,182.4159,22890,28780,Nyctalus leisleri,0.01,0.024,-1,Echolocation,/mnt/ubna_data_02_mir/recover-20221013/UBNA_001/20221012_030000.WAV,Telephone Field,recover-20221013,001,1795
182.4315,182.4676,68437,81714,Rhinolophus ferrumequinum,0.024,0.024,-1,Echolocation,/mnt/ubna_data_02_mir/recover-20221013/UBNA_001/20221012_030000.WAV,Telephone Field,recover-20221013,001,1795
182.4485,182.4583,23750,31143,Nyctalus leisleri,0.007,0.022,-1,Echolocation,/mnt/ubna_data_02_mir/recover-20221013/UBNA_001/20221012_030000.WAV,Telephone Field,recover-20221013,001,1795
182.4555,182.4654,23750,30404,Nyctalus leisleri,0.008,0.024,-1,Echolocation,/mnt/ubna_data_02_mir/recover-20221013/UBNA_001/20221012_030000.WAV,Telephone Field,recover-20221013,001,1795
182.4565,182.4981,68437,82654,Rhinolophus ferrumequinum,0.022,0.022,-1,Echolocation,/mnt/ubna_data_02_mir/recover-20221013/UBNA_001/20221012_030000.WAV,Telephone Field,recover-20221013,001,1795
182.4865,182.5262,68437,82256,Rhinolophus ferrumequinum,0.022,0.022,-1,Echolocation,/mnt/ubna_data_02_mir/recover-20221013/UBNA_001/20221012_030000.WAV,Telephone Field,recover-20221013,001,1795
182.5105,182.5173,27187,38688,Eptesicus serotinus,0.007,0.023,-1,Echolocation,/mnt/ubna_data_02_mir/recover-20221013/UBNA_001/20221012_030000.WAV,Telephone Field,recover-20221013,001,1795
182.5385,182.5801,68437,82728,Rhinolophus ferrumequinum,0.03,0.03,-1,Echolocation,/mnt/ubna_data_02_mir/recover-20221013/UBNA_001/20221012_030000.WAV,Telephone Field,recover-20221013,001,1795
182.5415,182.5525,26328,33146,Eptesicus serotinus,0.012,0.024,-1,Echolocation,/mnt/ubna_data_02_mir/recover-20221013/UBNA_001/20221012_030000.WAV,Telephone Field,recover-20221013,001,1795
182.5955,182.6069,27187,34643,Eptesicus serotinus,0.011,0.024,-1,Echolocation,/mnt/ubna_data_02_mir/recover-20221013/UBNA_001/20221012_030000.WAV,Telephone Field,recover-20221013,001,1795
182.6005,182.6356,68437,81304,Rhinolophus ferrumequinum,0.028,0.028,-1,Echolocation,/mnt/ubna_data_02_mir/recover-20221013/UBNA_001/20221012_030000.WAV,Telephone Field,recover-20221013,001,1795
182.6165,182.6289,50390,54779,Pipistrellus pipistrellus,0.018,0.029,-1,Echolocation,/mnt/ubna_data_02_mir/recover-20221013/UBNA_001/20221012_030000.WAV,Telephone Field,recover-20221013,001,1795
182.6225,182.6639,68437,83181,Rhinolophus ferrumequinum,0.036,0.036,-1,Echolocation,/mnt/ubna_data_02_mir/recover-20221013/UBNA_001/20221012_030000.WAV,Telephone Field,recover-20221013,001,1795
182.6505,182.6893,68437,81491,Rhinolophus ferrumequinum,0.03,0.03,-1,Echolocation,/mnt/ubna_data_02_mir/recover-20221013/UBNA_001/20221012_030000.WAV,Telephone Field,recover-20221013,001,1795
182.6665,182.6816,15156,20613,Nyctalus noctula,0.026,0.035,-1,Echolocation,/mnt/ubna_data_02_mir/recover-20221013/UBNA_001/20221012_030000.WAV,Telephone Field,recover-20221013,001,1795
182.7005,182.7394,68437,82265,Rhinolophus ferrumequinum,0.024,0.024,-1,Echolocation,/mnt/ubna_data_02_mir/recover-20221013/UBNA_001/20221012_030000.WAV,Telephone Field,recover-20221013,001,1795
182.7205,182.7319,22890,27948,Nyctalus leisleri,0.011,0.022,-1,Echolocation,/mnt/ubna_data_02_mir/recover-20221013/UBNA_001/20221012_030000.WAV,Telephone Field,recover-20221013,001,1795
182.7645,182.8012,68437,81526,Rhinolophus ferrumequinum,0.024,0.024,-1,Echolocation,/mnt/ubna_data_02_mir/recover-20221013/UBNA_001/20221012_030000.WAV,Telephone Field,recover-20221013,001,1795
182.7765,182.8159,68437,81806,Rhinolophus ferrumequinum,0.023,0.023,-1,Echolocation,/mnt/ubna_data_02_mir/recover-20221013/UBNA_001/20221012_030000.WAV,Telephone Field,recover-20221013,001,1795
182.7775,182.7857,27187,37419,Eptesicus serotinus,0.008,0.023,-1,Echolocation,/mnt/ubna_data_02_mir/recover-20221013/UBNA_001/20221012_030000.WAV,Telephone Field,recover-20221013,001,1795
182.7925,182.8013,48671,52502,Pipistrellus pipistrellus,0.02,0.024,-1,Echolocation,/mnt/ubna_data_02_mir/recover-20221013/UBNA_001/20221012_030000.WAV,Telephone Field,recover-20221013,001,1795
182.8175,182.8552,68437,82073,Rhinolophus ferrumequinum,0.022,0.022,-1,Echolocation,/mnt/ubna_data_02_mir/recover-20221013/UBNA_001/20221012_030000.WAV,Telephone Field,recover-20221013,001,1795
182.8195,182.8294,44375,47116,Pipistrellus pipistrellus,0.025,0.032,-1,Echolocation,/mnt/ubna_data_02_mir/recover-20221013/UBNA_001/20221012_030000.WAV,Telephone Field,recover-20221013,001,1795
182.8235,182.8599,68437,81870,Rhinolophus ferrumequinum,0.022,0.022,-1,Echolocation,/mnt/ubna_data_02_mir/recover-20221013/UBNA_001/20221012_030000.WAV,Telephone Field,recover-20221013,001,1795
182.8755,182.9179,68437,82814,Rhinolophus ferrumequinum,0.026,0.027,-1,Echolocation,/mnt/ubna_data_02_mir/recover-20221013/UBNA_001/20221012_030000.WAV,Telephone Field,recover-20221013,001,1795
182.8795,182.8888,43515,50991,Pipistrellus pipistrellus,0.018,0.03,-1,Echolocation,/mnt/ubna_data_02_mir/recover-20221013/UBNA_001/20221012_030000.WAV,Telephone Field,recover-20221013,001,1795
182.9085,182.9476,68437,82285,Rhinolophus ferrumequinum,0.027,0.027,-1,Echolocation,/mnt/ubna_data_02_mir/recover-20221013/UBNA_001/20221012_030000.WAV,Telephone Field,recover-20221013,001,1795
182.9215,182.9587,68437,82212,Rhinolophus ferrumequinum,0.024,0.024,-1,Echolocation,/mnt/ubna_data_02_mir/recover-20221013/UBNA_001/20221012_030000.WAV,Telephone Field,recover-20221013,001,1795
182.9555,182.9948,68437,81852,Rhinolophus ferrumequinum,0.024,0.024,-1,Echolocation,/mnt/ubna_data_02_mir/recover-20221013/UBNA_001/20221012_030000.WAV,Telephone Field,recover-20221013,001,1795
183.0255,183.0598,68437,81450,Rhinolophus ferrumequinum,0.023,0.023,-1,Echolocation,/mnt/ubna_data_02_mir/recover-20221013/UBNA_001/20221012_030000.WAV,Telephone Field,recover-20221013,001,1795
183.0815,183.0917,24609,31920,Nyctalus leisleri,0.008,0.023,-1,Echolocation,/mnt/ubna_data_02_mir/recover-20221013/UBNA_001/20221012_030000.WAV,Telephone Field,recover-20221013,001,1795
183.1535,183.1655,37500,41104,Pipistrellus nathusii,0.015,0.028,-1,Echolocation,/mnt/ubna_data_02_mir/recover-20221013/UBNA_001/20221012_030000.WAV,Telephone Field,recover-20221013,001,1795
183.1915,183.19819999999999,28906,38829,Eptesicus serotinus,0.009,0.03,-1,Echolocation,/mnt/ubna_data_02_mir/recover-20221013/UBNA_001/20221012_030000.WAV,Telephone Field,recover-20221013,001,1795
183.2075,183.2163,28046,39671,Eptesicus serotinus,0.008,0.022,-1,Echolocation,/mnt/ubna_data_02_mir/recover-20221013/UBNA_001/20221012_030000.WAV,Telephone Field,recover-20221013,001,1795
183.2215,183.2602,68437,82247,Rhinolophus ferrumequinum,0.025,0.025,-1,Echolocation,/mnt/ubna_data_02_mir/recover-20221013/UBNA_001/20221012_030000.WAV,Telephone Field,recover-20221013,001,1795
183.2235,183.2344,22890,29484,Nyctalus leisleri,0.01,0.028,-1,Echolocation,/mnt/ubna_data_02_mir/recover-20221013/UBNA_001/20221012_030000.WAV,Telephone Field,recover-20221013,001,1795
183.2375,183.2771,68437,82936,Rhinolophus ferrumequinum,0.022,0.022,-1,Echolocation,/mnt/ubna_data_02_mir/recover-20221013/UBNA_001/20221012_030000.WAV,Telephone Field,recover-20221013,001,1795
183.3315,183.372,68437,82625,Rhinolophus ferrumequinum,0.021,0.021,-1,Echolocation,/mnt/ubna_data_02_mir/recover-20221013/UBNA_001/20221012_030000.WAV,Telephone Field,recover-20221013,001,1795
183.3555,183.3896,68437,81807,Rhinolophus ferrumequinum,0.021,0.021,-1,Echolocation,/mnt/ubna_data_02_mir/recover-20221013/UBNA_001/20221012_030000.WAV,Telephone Field,recover-20221013,001,1795
183.3905,183.426,68437,81506,Rhinolophus ferrumequinum,0.023,0.023,-1,Echolocation,/mnt/ubna_data_02_mir/recover-20221013/UBNA_001/20221012_030000.WAV,Telephone Field,recover-20221013,001,1795
183.4025,183.4122,24609,31704,Nyctalus leisleri,0.008,0.022,-1,Echolocation,/mnt/ubna_data_02_mir/recover-20221013/UBNA_001/20221012_030000.WAV,Telephone Field,recover-20221013,001,1795
183.4095,183.4218,22890,27186,Nyctalus leisleri,0.012,0.023,-1,Echolocation,/mnt/ubna_data_02_mir/recover-20221013/UBNA_001/20221012_030000.WAV,Telephone Field,recover-20221013,001,1795
183.4115,183.4481,68437,81873,Rhinolophus ferrumequinum,0.023,0.023,-1,Echolocation,/mnt/ubna_data_02_mir/recover-20221013/UBNA_001/20221012_030000.WAV,Telephone Field,recover-20221013,001,1795
183.4625,183.4705,26328,36002,Eptesicus serotinus,0.007,0.023,-1,Echolocation,/mnt/ubna_data_02_mir/recover-20221013/UBNA_001/20221012_030000.WAV,Telephone Field,recover-20221013,001,1795
183.4625,183.4741,40078,42856,Pipistrellus nathusii,0.027,0.036,-1,Echolocation,/mnt/ubna_data_02_mir/recover-20221013/UBNA_001/20221012_030000.WAV,Telephone Field,recover-20221013,001,1795
183.4875,183.4952,22890,31087,Plecotus austriacus,0.01,0.023,-1,Echolocation,/mnt/ubna_data_02_mir/recover-20221013/UBNA_001/20221012_030000.WAV,Telephone Field,recover-20221013,001,1795
183.5065,183.513,46093,49776,Pipistrellus pipistrellus,0.032,0.034,-1,Echolocation,/mnt/ubna_data_02_mir/recover-20221013/UBNA_001/20221012_030000.WAV,Telephone Field,recover-20221013,001,1795
183.5135,183.5286,22890,26615,Nyctalus leisleri,0.023,0.037,-1,Echolocation,/mnt/ubna_data_02_mir/recover-20221013/UBNA_001/20221012_030000.WAV,Telephone Field,recover-20221013,001,1795
183.5345,183.573,68437,81665,Rhinolophus ferrumequinum,0.023,0.023,-1,Echolocation,/mnt/ubna_data_02_mir/recover-20221013/UBNA_001/20221012_030000.WAV,Telephone Field,recover-20221013,001,1795
183.5515,183.5598,26328,34826,Eptesicus serotinus,0.01,0.025,-1,Echolocation,/mnt/ubna_data_02_mir/recover-20221013/UBNA_001/20221012_030000.WAV,Telephone Field,recover-20221013,001,1795
183.5595,183.601,68437,82515,Rhinolophus ferrumequinum,0.022,0.022,-1,Echolocation,/mnt/ubna_data_02_mir/recover-20221013/UBNA_001/20221012_030000.WAV,Telephone Field,recover-20221013,001,1795
183.6105,183.6485,68437,81255,Rhinolophus ferrumequinum,0.026,0.027,-1,Echolocation,/mnt/ubna_data_02_mir/recover-20221013/UBNA_001/20221012_030000.WAV,Telephone Field,recover-20221013,001,1795
183.6275,183.666,68437,81962,Rhinolophus ferrumequinum,0.022,0.022,-1,Echolocation,/mnt/ubna_data_02_mir/recover-20221013/UBNA_001/20221012_030000.WAV,Telephone Field,recover-20221013,001,1795
183.6515,183.6572,24609,35575,Plecotus austriacus,0.02,0.039,-1,Echolocation,/mnt/ubna_data_02_mir/recover-20221013/UBNA_001/20221012_030000.WAV,Telephone Field,recover-20221013,001,1795
183.6765,183.683,28046,41836,Eptesicus serotinus,0.006,0.023,-1,Echolocation,/mnt/ubna_data_02_mir/recover-20221013/UBNA_001/20221012_030000.WAV,Telephone Field,recover-20221013,001,1795
183.6855,183.7219,68437,82281,Rhinolophus ferrumequinum,0.023,0.024,-1,Echolocation,/mnt/ubna_data_02_mir/recover-20221013/UBNA_001/20221012_030000.WAV,Telephone Field,recover-20221013,001,1795
183.7265,183.7354,44375,48153,Pipistrellus pipistrellus,0.02,0.022,-1,Echolocation,/mnt/ubna_data_02_mir/recover-20221013/UBNA_001/20221012_030000.WAV,Telephone Field,recover-20221013,001,1795
183.7505,183.7897,68437,82407,Rhinolophus ferrumequinum,0.024,0.024,-1,Echolocation,/mnt/ubna_data_02_mir/recover-20221013/UBNA_001/20221012_030000.WAV,Telephone Field,recover-20221013,001,1795
183.7745,183.7905,19453,23801,Nyctalus noctula,0.012,0.026,-1,Echolocation,/mnt/ubna_data_02_mir/recover-20221013/UBNA_001/20221012_030000.WAV,Telephone Field,recover-20221013,001,1795
183.8135,183.8537,68437,82392,Rhinolophus ferrumequinum,0.025,0.025,-1,Echolocation,/mnt/ubna_data_02_mir/recover-20221013/UBNA_001/20221012_030000.WAV,Telephone Field,recover-20221013,001,1795
183.8545,183.8656,28906,36720,Eptesicus serotinus,0.013,0.027,-1,Echolocation,/mnt/ubna_data_02_mir/recover-20221013/UBNA_001/20221012_030000.WAV,Telephone Field,recover-20221013,001,1795
183.8925,183.934,68437,82628,Rhinolophus ferrumequinum,0.025,0.025,-1,Echolocation,/mnt/ubna_data_02_mir/recover-20221013/UBNA_001/20221012_030000.WAV,Telephone Field,recover-20221013,001,1795
183.9015,183.9411,68437,82333,Rhinolophus ferrumequinum,0.022,0.022,-1,Echolocation,/mnt/ubna_data_02_mir/recover-20221013/UBNA_001/20221012_030000.WAV,Telephone Field,recover-20221013,001,1795
183.9285,183.938,22890,30160,Plecotus austriacus,0.008,0.025,-1,Echolocation,/mnt/ubna_data_02_mir/recover-20221013/UBNA_001/20221012_030000.WAV,Telephone Field,recover-20221013,001,1795
184.0015,184.0127,20312,25678,Nyctalus leisleri,0.013,0.03,-1,Echolocation,/mnt/ubna_data_02_mir/recover-20221013/UBNA_001/20221012_030000.WAV,Telephone Field,recover-20221013,001,1795
184.0015,184.0113,12578,21538,Nyctalus leisleri,0.013,0.022,-1,Echolocation,/mnt/ubna_data_02_mir/recover-20221013/UBNA_001/20221012_030000.WAV,Telephone Field,recover-20221013,001,1795
184.0015,184.0362,68437,80290,Rhinolophus ferrumequinum,0.035,0.035,-1,Echolocation,/mnt/ubna_data_02_mir/recover-20221013/UBNA_001/20221012_030000.WAV,Telephone Field,recover-20221013,001,1795
184.0095,184.0505,68437,82046,Rhinolophus ferrumequinum,0.024,0.024,-1,Echolocation,/mnt/ubna_data_02_mir/recover-20221013/UBNA_001/20221012_030000.WAV,Telephone Field,recover-20221013,001,1795
184.0555,184.0628,28046,40002,Eptesicus serotinus,0.006,0.021,-1,Echolocation,/mnt/ubna_data_02_mir/recover-20221013/UBNA_001/20221012_030000.WAV,Telephone Field,recover-20221013,001,1795
184.0935,184.131,68437,81811,Rhinolophus ferrumequinum,0.026,0.026,-1,Echolocation,/mnt/ubna_data_02_mir/recover-20221013/UBNA_001/20221012_030000.WAV,Telephone Field,recover-20221013,001,1795
184.1185,184.1276,28046,36904,Eptesicus serotinus,0.008,0.022,-1,Echolocation,/mnt/ubna_data_02_mir/recover-20221013/UBNA_001/20221012_030000.WAV,Telephone Field,recover-20221013,001,1795
184.1305,184.14170000000001,23750,30672,Nyctalus leisleri,0.007,0.021,-1,Echolocation,/mnt/ubna_data_02_mir/recover-20221013/UBNA_001/20221012_030000.WAV,Telephone Field,recover-20221013,001,1795
184.1375,184.1792,68437,82547,Rhinolophus ferrumequinum,0.033,0.033,-1,Echolocation,/mnt/ubna_data_02_mir/recover-20221013/UBNA_001/20221012_030000.WAV,Telephone Field,recover-20221013,001,1795
184.1495,184.1865,68437,81274,Rhinolophus ferrumequinum,0.023,0.023,-1,Echolocation,/mnt/ubna_data_02_mir/recover-20221013/UBNA_001/20221012_030000.WAV,Telephone Field,recover-20221013,001,1795
184.1585,184.1961,68437,81646,Rhinolophus ferrumequinum,0.022,0.022,-1,Echolocation,/mnt/ubna_data_02_mir/recover-20221013/UBNA_001/20221012_030000.WAV,Telephone Field,recover-20221013,001,1795
184.1735,184.2087,68437,81629,Rhinolophus ferrumequinum,0.022,0.022,-1,Echolocation,/mnt/ubna_data_02_mir/recover-20221013/UBNA_001/20221012_030000.WAV,Telephone Field,recover-20221013,001,1795
184.1845,184.1946,28046,36954,Eptesicus serotinus,0.012,0.026,-1,Echolocation,/mnt/ubna_data_02_mir/recover-20221013/UBNA_001/20221012_030000.WAV,Telephone Field,recover-20221013,001,1795
184.2025,184.2129,22890,28808,Nyctalus leisleri,0.009,0.022,-1,Echolocation,/mnt/ubna_data_02_mir/recover-20221013/UBNA_001/20221012_030000.WAV,Telephone Field,recover-20221013,001,1795
184.2035,184.2376,68437,81393,Rhinolophus ferrumequinum,0.02,0.02,-1,Echolocation,/mnt/ubna_data_02_mir/recover-20221013/UBNA_001/20221012_030000.WAV,Telephone Field,recover-20221013,001,1795
184.2145,184.2558,68437,83026,Rhinolophus ferrumequinum,0.025,0.025,-1,Echolocation,/mnt/ubna_data_02_mir/recover-20221013/UBNA_001/20221012_030000.WAV,Telephone Field,recover-20221013,001,1795
184.2315,184.2704,68437,82164,Rhinolophus ferrumequinum,0.025,0.026,-1,Echolocation,/mnt/ubna_data_02_mir/recover-20221013/UBNA_001/20221012_030000.WAV,Telephone Field,recover-20221013,001,1795
184.2345,184.2444,28046,36027,Eptesicus serotinus,0.01,0.022,-1,Echolocation,/mnt/ubna_data_02_mir/recover-20221013/UBNA_001/20221012_030000.WAV,Telephone Field,recover-20221013,001,1795
184.2605,184.2702,22890,29390,Nyctalus leisleri,0.007,0.023,-1,Echolocation,/mnt/ubna_data_02_mir/recover-20221013/UBNA_001/20221012_030000.WAV,Telephone Field,recover-20221013,001,1795
184.2645,184.3072,68437,82193,Rhinolophus ferrumequinum,0.032,0.032,-1,Echolocation,/mnt/ubna_data_02_mir/recover-20221013/UBNA_001/20221012_030000.WAV,Telephone Field,recover-20221013,001,1795
184.2825,184.2905,26328,35050,Eptesicus serotinus,0.009,0.024,-1,Echolocation,/mnt/ubna_data_02_mir/recover-20221013/UBNA_001/20221012_030000.WAV,Telephone Field,recover-20221013,001,1795
184.2905,184.3277,68437,81930,Rhinolophus ferrumequinum,0.024,0.025,-1,Echolocation,/mnt/ubna_data_02_mir/recover-20221013/UBNA_001/20221012_030000.WAV,Telephone Field,recover-20221013,001,1795
184.2925,184.2991,41796,55894,Myotis brandtii,0.008,0.035,-1,Echolocation,/mnt/ubna_data_02_mir/recover-20221013/UBNA_001/20221012_030000.WAV,Telephone Field,recover-20221013,001,1795
184.3315,184.3697,68437,81909,Rhinolophus ferrumequinum,0.024,0.024,-1,Echolocation,/mnt/ubna_data_02_mir/recover-20221013/UBNA_001/20221012_030000.WAV,Telephone Field,recover-20221013,001,1795
184.3385,184.3488,27187,35399,Eptesicus serotinus,0.011,0.023,-1,Echolocation,/mnt/ubna_data_02_mir/recover-20221013/UBNA_001/20221012_030000.WAV,Telephone Field,recover-20221013,001,1795
184.3735,184.3865,49531,53832,Pipistrellus pipistrellus,0.036,0.041,-1,Echolocation,/mnt/ubna_data_02_mir/recover-20221013/UBNA_001/20221012_030000.WAV,Telephone Field,recover-20221013,001,1795
184.3735,184.4159,68437,82636,Rhinolophus ferrumequinum,0.023,0.023,-1,Echolocation,/mnt/ubna_data_02_mir/recover-20221013/UBNA_001/20221012_030000.WAV,Telephone Field,recover-20221013,001,1795
184.3935,184.4336,68437,82699,Rhinolophus ferrumequinum,0.025,0.025,-1,Echolocation,/mnt/ubna_data_02_mir/recover-20221013/UBNA_001/20221012_030000.WAV,Telephone Field,recover-20221013,001,1795
184.4325,184.4737,68437,82734,Rhinolophus ferrumequinum,0.027,0.027,-1,Echolocation,/mnt/ubna_data_02_mir/recover-20221013/UBNA_001/20221012_030000.WAV,Telephone Field,recover-20221013,001,1795
184.4575,184.4752,20312,23412,Nyctalus leisleri,0.014,0.024,-1,Echolocation,/mnt/ubna_data_02_mir/recover-20221013/UBNA_001/20221012_030000.WAV,Telephone Field,recover-20221013,001,1795
184.4725,184.5121,68437,81919,Rhinolophus ferrumequinum,0.022,0.022,-1,Echolocation,/mnt/ubna_data_02_mir/recover-20221013/UBNA_001/20221012_030000.WAV,Telephone Field,recover-20221013,001,1795
184.4805,184.519,68437,82094,Rhinolophus ferrumequinum,0.023,0.023,-1,Echolocation,/mnt/ubna_data_02_mir/recover-20221013/UBNA_001/20221012_030000.WAV,Telephone Field,recover-20221013,001,1795
184.4955,184.5337,68437,82318,Rhinolophus ferrumequinum,0.022,0.022,-1,Echolocation,/mnt/ubna_data_02_mir/recover-20221013/UBNA_001/20221012_030000.WAV,Telephone Field,recover-20221013,001,1795
184.4995,184.5091,27187,35431,Eptesicus serotinus,0.009,0.02,-1,Echolocation,/mnt/ubna_data_02_mir/recover-20221013/UBNA_001/20221012_030000.WAV,Telephone Field,recover-20221013,001,1795
184.5185,184.5593,68437,82480,Rhinolophus ferrumequinum,0.024,0.024,-1,Echolocation,/mnt/ubna_data_02_mir/recover-20221013/UBNA_001/20221012_030000.WAV,Telephone Field,recover-20221013,001,1795
184.5435,184.5857,68437,83275,Rhinolophus ferrumequinum,0.05,0.05,-1,Echolocation,/mnt/ubna_data_02_mir/recover-20221013/UBNA_001/20221012_030000.WAV,Telephone Field,recover-20221013,001,1795
184.5805,184.5898,49531,55034,Pipistrellus pipistrellus,0.026,0.031,-1,Echolocation,/mnt/ubna_data_02_mir/recover-20221013/UBNA_001/20221012_030000.WAV,Telephone Field,recover-20221013,001,1795
184.5875,184.5962,27187,38106,Eptesicus serotinus,0.008,0.02,-1,Echolocation,/mnt/ubna_data_02_mir/recover-20221013/UBNA_001/20221012_030000.WAV,Telephone Field,recover-20221013,001,1795
184.6035,184.6418,68437,81862,Rhinolophus ferrumequinum,0.024,0.024,-1,Echolocation,/mnt/ubna_data_02_mir/recover-20221013/UBNA_001/20221012_030000.WAV,Telephone Field,recover-20221013,001,1795
184.6215,184.6601,68437,82062,Rhinolophus ferrumequinum,0.023,0.023,-1,Echolocation,/mnt/ubna_data_02_mir/recover-20221013/UBNA_001/20221012_030000.WAV,Telephone Field,recover-20221013,001,1795
184.6775,184.7158,68437,82112,Rhinolophus ferrumequinum,0.021,0.021,-1,Echolocation,/mnt/ubna_data_02_mir/recover-20221013/UBNA_001/20221012_030000.WAV,Telephone Field,recover-20221013,001,1795
184.6835,184.7219,68437,82354,Rhinolophus ferrumequinum,0.021,0.021,-1,Echolocation,/mnt/ubna_data_02_mir/recover-20221013/UBNA_001/20221012_030000.WAV,Telephone Field,recover-20221013,001,1795
184.6895,184.7,35781,41496,Pipistrellus nathusii,0.022,0.056,-1,Echolocation,/mnt/ubna_data_02_mir/recover-20221013/UBNA_001/20221012_030000.WAV,Telephone Field,recover-20221013,001,1795
184.7085,184.7537,68437,83664,Rhinolophus ferrumequinum,0.059,0.059,-1,Echolocation,/mnt/ubna_data_02_mir/recover-20221013/UBNA_001/20221012_030000.WAV,Telephone Field,recover-20221013,001,1795
184.7315,184.7395,28046,40120,Eptesicus serotinus,0.007,0.021,-1,Echolocation,/mnt/ubna_data_02_mir/recover-20221013/UBNA_001/20221012_030000.WAV,Telephone Field,recover-20221013,001,1795
184.7395,184.7498,22890,28130,Nyctalus leisleri,0.01,0.021,-1,Echolocation,/mnt/ubna_data_02_mir/recover-20221013/UBNA_001/20221012_030000.WAV,Telephone Field,recover-20221013,001,1795
184.7695,184.8095,68437,82246,Rhinolophus ferrumequinum,0.021,0.021,-1,Echolocation,/mnt/ubna_data_02_mir/recover-20221013/UBNA_001/20221012_030000.WAV,Telephone Field,recover-20221013,001,1795
184.7755,184.8135,68437,82176,Rhinolophus ferrumequinum,0.022,0.022,-1,Echolocation,/mnt/ubna_data_02_mir/recover-20221013/UBNA_001/20221012_030000.WAV,Telephone Field,recover-20221013,001,1795
184.7775,184.7907,22031,25847,Nyctalus leisleri,0.016,0.027,-1,Echolocation,/mnt/ubna_data_02_mir/recover-20221013/UBNA_001/20221012_030000.WAV,Telephone Field,recover-20221013,001,1795
184.7815,184.8176,68437,81788,Rhinolophus ferrumequinum,0.021,0.021,-1,Echolocation,/mnt/ubna_data_02_mir/recover-20221013/UBNA_001/20221012_030000.WAV,Telephone Field,recover-20221013,001,1795
184.7925,184.8301,68437,82154,Rhinolophus ferrumequinum,0.021,0.021,-1,Echolocation,/mnt/ubna_data_02_mir/recover-20221013/UBNA_001/20221012_030000.WAV,Telephone Field,recover-20221013,001,1795
184.7985,184.8064,26328,35646,Eptesicus serotinus,0.009,0.026,-1,Echolocation,/mnt/ubna_data_02_mir/recover-20221013/UBNA_001/20221012_030000.WAV,Telephone Field,recover-20221013,001,1795
184.8385,184.8764,68437,82413,Rhinolophus ferrumequinum,0.026,0.026,-1,Echolocation,/mnt/ubna_data_02_mir/recover-20221013/UBNA_001/20221012_030000.WAV,Telephone Field,recover-20221013,001,1795
184.8595,184.868,28046,40526,Eptesicus serotinus,0.007,0.021,-1,Echolocation,/mnt/ubna_data_02_mir/recover-20221013/UBNA_001/20221012_030000.WAV,Telephone Field,recover-20221013,001,1795
184.8765,184.9143,68437,81869,Rhinolophus ferrumequinum,0.024,0.024,-1,Echolocation,/mnt/ubna_data_02_mir/recover-20221013/UBNA_001/20221012_030000.WAV,Telephone Field,recover-20221013,001,1795
184.9005,184.9365,68437,81918,Rhinolophus ferrumequinum,0.021,0.021,-1,Echolocation,/mnt/ubna_data_02_mir/recover-20221013/UBNA_001/20221012_030000.WAV,Telephone Field,recover-20221013,001,1795
184.9025,184.9107,28046,38430,Eptesicus serotinus,0.007,0.021,-1,Echolocation,/mnt/ubna_data_02_mir/recover-20221013/UBNA_001/20221012_030000.WAV,Telephone Field,recover-20221013,001,1795
184.9085,184.9187,22890,28317,Nyctalus leisleri,0.009,0.02,-1,Echolocation,/mnt/ubna_data_02_mir/recover-20221013/UBNA_001/20221012_030000.WAV,Telephone Field,recover-20221013,001,1795
184.9165,184.9544,68437,82164,Rhinolophus ferrumequinum,0.021,0.021,-1,Echolocation,/mnt/ubna_data_02_mir/recover-20221013/UBNA_001/20221012_030000.WAV,Telephone Field,recover-20221013,001,1795
184.9345,184.9427,28046,42058,Eptesicus serotinus,0.007,0.021,-1,Echolocation,/mnt/ubna_data_02_mir/recover-20221013/UBNA_001/20221012_030000.WAV,Telephone Field,recover-20221013,001,1795
184.9595,185.0018,68437,83727,Rhinolophus ferrumequinum,0.038,0.038,-1,Echolocation,/mnt/ubna_data_02_mir/recover-20221013/UBNA_001/20221012_030000.WAV,Telephone Field,recover-20221013,001,1795
184.9855,184.9953,22890,28873,Nyctalus leisleri,0.01,0.025,-1,Echolocation,/mnt/ubna_data_02_mir/recover-20221013/UBNA_001/20221012_030000.WAV,Telephone Field,recover-20221013,001,1795
185.0085,185.0481,68437,82245,Rhinolophus ferrumequinum,0.025,0.025,-1,Echolocation,/mnt/ubna_data_02_mir/recover-20221013/UBNA_001/20221012_030000.WAV,Telephone Field,recover-20221013,001,1795
185.0305,185.0679,68437,81907,Rhinolophus ferrumequinum,0.02,0.02,-1,Echolocation,/mnt/ubna_data_02_mir/recover-20221013/UBNA_001/20221012_030000.WAV,Telephone Field,recover-20221013,001,1795
185.0335,185.0438,24609,31996,Eptesicus serotinus,0.011,0.029,-1,Echolocation,/mnt/ubna_data_02_mir/recover-20221013/UBNA_001/20221012_030000.WAV,Telephone Field,recover-20221013,001,1795
185.0875,185.0991,23750,28650,Nyctalus leisleri,0.012,0.024,-1,Echolocation,/mnt/ubna_data_02_mir/recover-20221013/UBNA_001/20221012_030000.WAV,Telephone Field,recover-20221013,001,1795
185.1115,185.1535,68437,82328,Rhinolophus ferrumequinum,0.031,0.031,-1,Echolocation,/mnt/ubna_data_02_mir/recover-20221013/UBNA_001/20221012_030000.WAV,Telephone Field,recover-20221013,001,1795
185.1375,185.1744,68437,81541,Rhinolophus ferrumequinum,0.022,0.022,-1,Echolocation,/mnt/ubna_data_02_mir/recover-20221013/UBNA_001/20221012_030000.WAV,Telephone Field,recover-20221013,001,1795
185.1475,185.1569,28046,38459,Eptesicus serotinus,0.009,0.023,-1,Echolocation,/mnt/ubna_data_02_mir/recover-20221013/UBNA_001/20221012_030000.WAV,Telephone Field,recover-20221013,001,1795
185.1605,185.1967,68437,82444,Rhinolophus ferrumequinum,0.027,0.027,-1,Echolocation,/mnt/ubna_data_02_mir/recover-20221013/UBNA_001/20221012_030000.WAV,Telephone Field,recover-20221013,001,1795
185.1905,185.2289,68437,82458,Rhinolophus ferrumequinum,0.023,0.024,-1,Echolocation,/mnt/ubna_data_02_mir/recover-20221013/UBNA_001/20221012_030000.WAV,Telephone Field,recover-20221013,001,1795
185.1995,185.211,25468,31845,Eptesicus serotinus,0.014,0.037,-1,Echolocation,/mnt/ubna_data_02_mir/recover-20221013/UBNA_001/20221012_030000.WAV,Telephone Field,recover-20221013,001,1795
185.2235,185.2623,68437,81574,Rhinolophus ferrumequinum,0.021,0.021,-1,Echolocation,/mnt/ubna_data_02_mir/recover-20221013/UBNA_001/20221012_030000.WAV,Telephone Field,recover-20221013,001,1795
185.2615,185.3012,68437,82598,Rhinolophus ferrumequinum,0.021,0.021,-1,Echolocation,/mnt/ubna_data_02_mir/recover-20221013/UBNA_001/20221012_030000.WAV,Telephone Field,recover-20221013,001,1795
185.2935,185.3028,28046,36651,Eptesicus serotinus,0.015,0.033,-1,Echolocation,/mnt/ubna_data_02_mir/recover-20221013/UBNA_001/20221012_030000.WAV,Telephone Field,recover-20221013,001,1795
185.3055,185.3471,68437,82593,Rhinolophus ferrumequinum,0.029,0.029,-1,Echolocation,/mnt/ubna_data_02_mir/recover-20221013/UBNA_001/20221012_030000.WAV,Telephone Field,recover-20221013,001,1795
185.3365,185.3718,68437,81451,Rhinolophus ferrumequinum,0.022,0.022,-1,Echolocation,/mnt/ubna_data_02_mir/recover-20221013/UBNA_001/20221012_030000.WAV,Telephone Field,recover-20221013,001,1795
185.3435,185.3814,68437,81788,Rhinolophus ferrumequinum,0.024,0.024,-1,Echolocation,/mnt/ubna_data_02_mir/recover-20221013/UBNA_001/20221012_030000.WAV,Telephone Field,recover-20221013,001,1795
185.4215,185.4299,28046,38863,Eptesicus serotinus,0.007,0.021,-1,Echolocation,/mnt/ubna_data_02_mir/recover-20221013/UBNA_001/20221012_030000.WAV,Telephone Field,recover-20221013,001,1795
185.4225,185.4618,68437,82358,Rhinolophus ferrumequinum,0.024,0.024,-1,Echolocation,/mnt/ubna_data_02_mir/recover-20221013/UBNA_001/20221012_030000.WAV,Telephone Field,recover-20221013,001,1795
185.4305,185.4696,68437,82412,Rhinolophus ferrumequinum,0.023,0.023,-1,Echolocation,/mnt/ubna_data_02_mir/recover-20221013/UBNA_001/20221012_030000.WAV,Telephone Field,recover-20221013,001,1795
185.4475,185.4551,27187,37791,Eptesicus serotinus,0.007,0.023,-1,Echolocation,/mnt/ubna_data_02_mir/recover-20221013/UBNA_001/20221012_030000.WAV,Telephone Field,recover-20221013,001,1795
185.4555,185.4929,68437,80533,Rhinolophus ferrumequinum,0.022,0.022,-1,Echolocation,/mnt/ubna_data_02_mir/recover-20221013/UBNA_001/20221012_030000.WAV,Telephone Field,recover-20221013,001,1795
185.4785,185.4882,28046,36205,Eptesicus serotinus,0.009,0.024,-1,Echolocation,/mnt/ubna_data_02_mir/recover-20221013/UBNA_001/20221012_030000.WAV,Telephone Field,recover-20221013,001,1795
185.4875,185.5272,68437,82393,Rhinolophus ferrumequinum,0.021,0.021,-1,Echolocation,/mnt/ubna_data_02_mir/recover-20221013/UBNA_001/20221012_030000.WAV,Telephone Field,recover-20221013,001,1795
185.5235,185.5329,27187,36243,Eptesicus serotinus,0.009,0.021,-1,Echolocation,/mnt/ubna_data_02_mir/recover-20221013/UBNA_001/20221012_030000.WAV,Telephone Field,recover-20221013,001,1795
185.5325,185.541,27187,37315,Eptesicus serotinus,0.007,0.02,-1,Echolocation,/mnt/ubna_data_02_mir/recover-20221013/UBNA_001/20221012_030000.WAV,Telephone Field,recover-20221013,001,1795
185.5355,185.5742,68437,81537,Rhinolophus ferrumequinum,0.022,0.022,-1,Echolocation,/mnt/ubna_data_02_mir/recover-20221013/UBNA_001/20221012_030000.WAV,Telephone Field,recover-20221013,001,1795
185.5395,185.5495,23750,29875,Nyctalus leisleri,0.008,0.021,-1,Echolocation,/mnt/ubna_data_02_mir/recover-20221013/UBNA_001/20221012_030000.WAV,Telephone Field,recover-20221013,001,1795
185.5395,185.5498,38359,46700,Pipistrellus nathusii,0.007,0.022,-1,Echolocation,/mnt/ubna_data_02_mir/recover-20221013/UBNA_001/20221012_030000.WAV,Telephone Field,recover-20221013,001,1795
185.57150000000001,185.6131,68437,82974,Rhinolophus ferrumequinum,0.034,0.034,-1,Echolocation,/mnt/ubna_data_02_mir/recover-20221013/UBNA_001/20221012_030000.WAV,Telephone Field,recover-20221013,001,1795
185.5845,185.5931,27187,35994,Eptesicus serotinus,0.013,0.027,-1,Echolocation,/mnt/ubna_data_02_mir/recover-20221013/UBNA_001/20221012_030000.WAV,Telephone Field,recover-20221013,001,1795
185.6025,185.6401,68437,82248,Rhinolophus ferrumequinum,0.024,0.024,-1,Echolocation,/mnt/ubna_data_02_mir/recover-20221013/UBNA_001/20221012_030000.WAV,Telephone Field,recover-20221013,001,1795
185.6085,185.65,68437,82460,Rhinolophus ferrumequinum,0.025,0.025,-1,Echolocation,/mnt/ubna_data_02_mir/recover-20221013/UBNA_001/20221012_030000.WAV,Telephone Field,recover-20221013,001,1795
185.6335,185.6411,25468,35559,Plecotus austriacus,0.007,0.026,-1,Echolocation,/mnt/ubna_data_02_mir/recover-20221013/UBNA_001/20221012_030000.WAV,Telephone Field,recover-20221013,001,1795
185.6475,185.6814,68437,81406,Rhinolophus ferrumequinum,0.021,0.021,-1,Echolocation,/mnt/ubna_data_02_mir/recover-20221013/UBNA_001/20221012_030000.WAV,Telephone Field,recover-20221013,001,1795
185.6585,185.6657,28046,38831,Eptesicus serotinus,0.006,0.023,-1,Echolocation,/mnt/ubna_data_02_mir/recover-20221013/UBNA_001/20221012_030000.WAV,Telephone Field,recover-20221013,001,1795
185.6595,185.701,68437,82808,Rhinolophus ferrumequinum,0.034,0.034,-1,Echolocation,/mnt/ubna_data_02_mir/recover-20221013/UBNA_001/20221012_030000.WAV,Telephone Field,recover-20221013,001,1795
185.6825,185.7196,68437,81499,Rhinolophus ferrumequinum,0.021,0.021,-1,Echolocation,/mnt/ubna_data_02_mir/recover-20221013/UBNA_001/20221012_030000.WAV,Telephone Field,recover-20221013,001,1795
185.6955,185.7058,23750,29501,Nyctalus leisleri,0.009,0.021,-1,Echolocation,/mnt/ubna_data_02_mir/recover-20221013/UBNA_001/20221012_030000.WAV,Telephone Field,recover-20221013,001,1795
185.7235,185.7317,30625,39997,Myotis daubentonii,0.009,0.029,-1,Echolocation,/mnt/ubna_data_02_mir/recover-20221013/UBNA_001/20221012_030000.WAV,Telephone Field,recover-20221013,001,1795
185.7385,185.7764,68437,81267,Rhinolophus ferrumequinum,0.023,0.023,-1,Echolocation,/mnt/ubna_data_02_mir/recover-20221013/UBNA_001/20221012_030000.WAV,Telephone Field,recover-20221013,001,1795
185.7625,185.7721,27187,39660,Eptesicus serotinus,0.009,0.021,-1,Echolocation,/mnt/ubna_data_02_mir/recover-20221013/UBNA_001/20221012_030000.WAV,Telephone Field,recover-20221013,001,1795
185.7645,185.7721,34062,43652,Myotis daubentonii,0.008,0.022,-1,Echolocation,/mnt/ubna_data_02_mir/recover-20221013/UBNA_001/20221012_030000.WAV,Telephone Field,recover-20221013,001,1795
185.8055,185.8453,68437,82490,Rhinolophus ferrumequinum,0.023,0.023,-1,Echolocation,/mnt/ubna_data_02_mir/recover-20221013/UBNA_001/20221012_030000.WAV,Telephone Field,recover-20221013,001,1795
185.8455,185.8902,68437,84002,Rhinolophus ferrumequinum,0.033,0.033,-1,Echolocation,/mnt/ubna_data_02_mir/recover-20221013/UBNA_001/20221012_030000.WAV,Telephone Field,recover-20221013,001,1795
185.8825,185.8939,24609,30968,Eptesicus serotinus,0.009,0.024,-1,Echolocation,/mnt/ubna_data_02_mir/recover-20221013/UBNA_001/20221012_030000.WAV,Telephone Field,recover-20221013,001,1795
185.8835,185.9226,68437,81946,Rhinolophus ferrumequinum,0.021,0.021,-1,Echolocation,/mnt/ubna_data_02_mir/recover-20221013/UBNA_001/20221012_030000.WAV,Telephone Field,recover-20221013,001,1795
185.9265,185.9623,68437,81309,Rhinolophus ferrumequinum,0.021,0.021,-1,Echolocation,/mnt/ubna_data_02_mir/recover-20221013/UBNA_001/20221012_030000.WAV,Telephone Field,recover-20221013,001,1795
185.9305,185.9396,28046,39917,Eptesicus serotinus,0.01,0.024,-1,Echolocation,/mnt/ubna_data_02_mir/recover-20221013/UBNA_001/20221012_030000.WAV,Telephone Field,recover-20221013,001,1795
185.9505,185.9624,23750,29018,Nyctalus leisleri,0.014,0.031,-1,Echolocation,/mnt/ubna_data_02_mir/recover-20221013/UBNA_001/20221012_030000.WAV,Telephone Field,recover-20221013,001,1795
185.9675,185.9783,25468,32154,Eptesicus serotinus,0.008,0.02,-1,Echolocation,/mnt/ubna_data_02_mir/recover-20221013/UBNA_001/20221012_030000.WAV,Telephone Field,recover-20221013,001,1795
185.9905,185.9999,28046,39685,Eptesicus serotinus,0.009,0.021,-1,Echolocation,/mnt/ubna_data_02_mir/recover-20221013/UBNA_001/20221012_030000.WAV,Telephone Field,recover-20221013,001,1795
186.0015,186.0101,22031,27895,Nyctalus leisleri,0.009,0.025,-1,Echolocation,/mnt/ubna_data_02_mir/recover-20221013/UBNA_001/20221012_030000.WAV,Telephone Field,recover-20221013,001,1795
186.0015,186.0339,69296,82068,Rhinolophus ferrumequinum,0.033,0.034,-1,Echolocation,/mnt/ubna_data_02_mir/recover-20221013/UBNA_001/20221012_030000.WAV,Telephone Field,recover-20221013,001,1795
186.0115,186.0522,68437,82473,Rhinolophus ferrumequinum,0.022,0.022,-1,Echolocation,/mnt/ubna_data_02_mir/recover-20221013/UBNA_001/20221012_030000.WAV,Telephone Field,recover-20221013,001,1795
186.0415,186.0819,68437,82600,Rhinolophus ferrumequinum,0.024,0.024,-1,Echolocation,/mnt/ubna_data_02_mir/recover-20221013/UBNA_001/20221012_030000.WAV,Telephone Field,recover-20221013,001,1795
186.0575,186.0997,68437,83079,Rhinolophus ferrumequinum,0.026,0.026,-1,Echolocation,/mnt/ubna_data_02_mir/recover-20221013/UBNA_001/20221012_030000.WAV,Telephone Field,recover-20221013,001,1795
186.1315,186.1407,37500,42663,Barbastellus barbastellus,0.009,0.024,-1,Echolocation,/mnt/ubna_data_02_mir/recover-20221013/UBNA_001/20221012_030000.WAV,Telephone Field,recover-20221013,001,1795
186.1325,186.1722,68437,82384,Rhinolophus ferrumequinum,0.022,0.022,-1,Echolocation,/mnt/ubna_data_02_mir/recover-20221013/UBNA_001/20221012_030000.WAV,Telephone Field,recover-20221013,001,1795
186.1595,186.1987,68437,82620,Rhinolophus ferrumequinum,0.022,0.022,-1,Echolocation,/mnt/ubna_data_02_mir/recover-20221013/UBNA_001/20221012_030000.WAV,Telephone Field,recover-20221013,001,1795
186.1735,186.1818,24609,33350,Plecotus austriacus,0.007,0.025,-1,Echolocation,/mnt/ubna_data_02_mir/recover-20221013/UBNA_001/20221012_030000.WAV,Telephone Field,recover-20221013,001,1795
186.2165,186.2528,68437,82484,Rhinolophus ferrumequinum,0.031,0.031,-1,Echolocation,/mnt/ubna_data_02_mir/recover-20221013/UBNA_001/20221012_030000.WAV,Telephone Field,recover-20221013,001,1795
186.2445,186.2782,68437,81185,Rhinolophus ferrumequinum,0.022,0.022,-1,Echolocation,/mnt/ubna_data_02_mir/recover-20221013/UBNA_001/20221012_030000.WAV,Telephone Field,recover-20221013,001,1795
186.2595,186.2716,25468,31499,Eptesicus serotinus,0.012,0.025,-1,Echolocation,/mnt/ubna_data_02_mir/recover-20221013/UBNA_001/20221012_030000.WAV,Telephone Field,recover-20221013,001,1795
186.2685,186.2793,23750,30135,Nyctalus leisleri,0.009,0.024,-1,Echolocation,/mnt/ubna_data_02_mir/recover-20221013/UBNA_001/20221012_030000.WAV,Telephone Field,recover-20221013,001,1795
186.3015,186.3399,68437,82783,Rhinolophus ferrumequinum,0.027,0.027,-1,Echolocation,/mnt/ubna_data_02_mir/recover-20221013/UBNA_001/20221012_030000.WAV,Telephone Field,recover-20221013,001,1795
186.3275,186.3669,68437,81944,Rhinolophus ferrumequinum,0.022,0.022,-1,Echolocation,/mnt/ubna_data_02_mir/recover-20221013/UBNA_001/20221012_030000.WAV,Telephone Field,recover-20221013,001,1795
186.3495,186.3584,28046,40346,Eptesicus serotinus,0.012,0.027,-1,Echolocation,/mnt/ubna_data_02_mir/recover-20221013/UBNA_001/20221012_030000.WAV,Telephone Field,recover-20221013,001,1795
186.3985,186.4375,68437,82816,Rhinolophus ferrumequinum,0.023,0.023,-1,Echolocation,/mnt/ubna_data_02_mir/recover-20221013/UBNA_001/20221012_030000.WAV,Telephone Field,recover-20221013,001,1795
186.4105,186.4524,68437,82892,Rhinolophus ferrumequinum,0.023,0.023,-1,Echolocation,/mnt/ubna_data_02_mir/recover-20221013/UBNA_001/20221012_030000.WAV,Telephone Field,recover-20221013,001,1795
186.4125,186.419,51250,57633,Pipistrellus pipistrellus,0.025,0.029,-1,Echolocation,/mnt/ubna_data_02_mir/recover-20221013/UBNA_001/20221012_030000.WAV,Telephone Field,recover-20221013,001,1795
186.4305,186.4414,28046,35387,Eptesicus serotinus,0.012,0.024,-1,Echolocation,/mnt/ubna_data_02_mir/recover-20221013/UBNA_001/20221012_030000.WAV,Telephone Field,recover-20221013,001,1795
186.4925,186.5298,68437,82048,Rhinolophus ferrumequinum,0.022,0.022,-1,Echolocation,/mnt/ubna_data_02_mir/recover-20221013/UBNA_001/20221012_030000.WAV,Telephone Field,recover-20221013,001,1795
186.5235,186.5307,27187,36859,Eptesicus serotinus,0.008,0.022,-1,Echolocation,/mnt/ubna_data_02_mir/recover-20221013/UBNA_001/20221012_030000.WAV,Telephone Field,recover-20221013,001,1795
186.5515,186.5877,68437,81476,Rhinolophus ferrumequinum,0.023,0.024,-1,Echolocation,/mnt/ubna_data_02_mir/recover-20221013/UBNA_001/20221012_030000.WAV,Telephone Field,recover-20221013,001,1795
186.5865,186.6266,68437,82052,Rhinolophus ferrumequinum,0.028,0.028,-1,Echolocation,/mnt/ubna_data_02_mir/recover-20221013/UBNA_001/20221012_030000.WAV,Telephone Field,recover-20221013,001,1795
186.5895,186.5996,23750,30592,Nyctalus leisleri,0.008,0.023,-1,Echolocation,/mnt/ubna_data_02_mir/recover-20221013/UBNA_001/20221012_030000.WAV,Telephone Field,recover-20221013,001,1795
186.6365,186.6758,68437,82530,Rhinolophus ferrumequinum,0.022,0.022,-1,Echolocation,/mnt/ubna_data_02_mir/recover-20221013/UBNA_001/20221012_030000.WAV,Telephone Field,recover-20221013,001,1795
186.6395,186.6475,28046,39870,Eptesicus serotinus,0.01,0.029,-1,Echolocation,/mnt/ubna_data_02_mir/recover-20221013/UBNA_001/20221012_030000.WAV,Telephone Field,recover-20221013,001,1795
186.6475,186.6587,24609,30412,Nyctalus leisleri,0.01,0.024,-1,Echolocation,/mnt/ubna_data_02_mir/recover-20221013/UBNA_001/20221012_030000.WAV,Telephone Field,recover-20221013,001,1795
186.6595,186.703,68437,82987,Rhinolophus ferrumequinum,0.034,0.034,-1,Echolocation,/mnt/ubna_data_02_mir/recover-20221013/UBNA_001/20221012_030000.WAV,Telephone Field,recover-20221013,001,1795
186.6725,186.7122,68437,82418,Rhinolophus ferrumequinum,0.022,0.022,-1,Echolocation,/mnt/ubna_data_02_mir/recover-20221013/UBNA_001/20221012_030000.WAV,Telephone Field,recover-20221013,001,1795
186.6925,186.7326,68437,81905,Rhinolophus ferrumequinum,0.027,0.027,-1,Echolocation,/mnt/ubna_data_02_mir/recover-20221013/UBNA_001/20221012_030000.WAV,Telephone Field,recover-20221013,001,1795
186.6945,186.704,45234,48930,Pipistrellus pipistrellus,0.039,0.041,-1,Echolocation,/mnt/ubna_data_02_mir/recover-20221013/UBNA_001/20221012_030000.WAV,Telephone Field,recover-20221013,001,1795
186.7725,186.8112,68437,82778,Rhinolophus ferrumequinum,0.027,0.027,-1,Echolocation,/mnt/ubna_data_02_mir/recover-20221013/UBNA_001/20221012_030000.WAV,Telephone Field,recover-20221013,001,1795
186.8085,186.847,68437,82309,Rhinolophus ferrumequinum,0.024,0.024,-1,Echolocation,/mnt/ubna_data_02_mir/recover-20221013/UBNA_001/20221012_030000.WAV,Telephone Field,recover-20221013,001,1795
186.8395,186.8798,68437,82100,Rhinolophus ferrumequinum,0.022,0.022,-1,Echolocation,/mnt/ubna_data_02_mir/recover-20221013/UBNA_001/20221012_030000.WAV,Telephone Field,recover-20221013,001,1795
186.8485,186.8575,28906,38807,Eptesicus serotinus,0.009,0.022,-1,Echolocation,/mnt/ubna_data_02_mir/recover-20221013/UBNA_001/20221012_030000.WAV,Telephone Field,recover-20221013,001,1795
186.8625,186.9066,68437,83629,Rhinolophus ferrumequinum,0.039,0.039,-1,Echolocation,/mnt/ubna_data_02_mir/recover-20221013/UBNA_001/20221012_030000.WAV,Telephone Field,recover-20221013,001,1795
186.8755,186.8849,28906,39667,Eptesicus serotinus,0.011,0.024,-1,Echolocation,/mnt/ubna_data_02_mir/recover-20221013/UBNA_001/20221012_030000.WAV,Telephone Field,recover-20221013,001,1795
186.9495,186.9576,28046,40799,Eptesicus serotinus,0.008,0.022,-1,Echolocation,/mnt/ubna_data_02_mir/recover-20221013/UBNA_001/20221012_030000.WAV,Telephone Field,recover-20221013,001,1795
186.9835,187.0215,68437,82149,Rhinolophus ferrumequinum,0.026,0.026,-1,Echolocation,/mnt/ubna_data_02_mir/recover-20221013/UBNA_001/20221012_030000.WAV,Telephone Field,recover-20221013,001,1795
187.0475,187.086,68437,81945,Rhinolophus ferrumequinum,0.029,0.029,-1,Echolocation,/mnt/ubna_data_02_mir/recover-20221013/UBNA_001/20221012_030000.WAV,Telephone Field,recover-20221013,001,1795
187.0865,187.126,68437,82600,Rhinolophus ferrumequinum,0.039,0.039,-1,Echolocation,/mnt/ubna_data_02_mir/recover-20221013/UBNA_001/20221012_030000.WAV,Telephone Field,recover-20221013,001,1795
187.1325,187.1445,15156,20651,Nyctalus noctula,0.021,0.033,-1,Echolocation,/mnt/ubna_data_02_mir/recover-20221013/UBNA_001/20221012_030000.WAV,Telephone Field,recover-20221013,001,1795
187.1525,187.1927,68437,82344,Rhinolophus ferrumequinum,0.022,0.022,-1,Echolocation,/mnt/ubna_data_02_mir/recover-20221013/UBNA_001/20221012_030000.WAV,Telephone Field,recover-20221013,001,1795
187.1805,187.188,23750,31867,Plecotus austriacus,0.008,0.022,-1,Echolocation,/mnt/ubna_data_02_mir/recover-20221013/UBNA_001/20221012_030000.WAV,Telephone Field,recover-20221013,001,1795
187.2235,187.2617,68437,82739,Rhinolophus ferrumequinum,0.025,0.025,-1,Echolocation,/mnt/ubna_data_02_mir/recover-20221013/UBNA_001/20221012_030000.WAV,Telephone Field,recover-20221013,001,1795
187.2405,187.2578,21171,24970,Nyctalus leisleri,0.017,0.032,-1,Echolocation,/mnt/ubna_data_02_mir/recover-20221013/UBNA_001/20221012_030000.WAV,Telephone Field,recover-20221013,001,1795
187.3055,187.316,25468,32628,Eptesicus serotinus,0.012,0.026,-1,Echolocation,/mnt/ubna_data_02_mir/recover-20221013/UBNA_001/20221012_030000.WAV,Telephone Field,recover-20221013,001,1795
187.3705,187.4125,68437,82947,Rhinolophus ferrumequinum,0.032,0.032,-1,Echolocation,/mnt/ubna_data_02_mir/recover-20221013/UBNA_001/20221012_030000.WAV,Telephone Field,recover-20221013,001,1795
187.3725,187.3825,24609,31417,Eptesicus serotinus,0.01,0.028,-1,Echolocation,/mnt/ubna_data_02_mir/recover-20221013/UBNA_001/20221012_030000.WAV,Telephone Field,recover-20221013,001,1795
187.3865,187.4276,68437,82315,Rhinolophus ferrumequinum,0.022,0.022,-1,Echolocation,/mnt/ubna_data_02_mir/recover-20221013/UBNA_001/20221012_030000.WAV,Telephone Field,recover-20221013,001,1795
187.3925,187.4034,23750,30241,Nyctalus leisleri,0.011,0.029,-1,Echolocation,/mnt/ubna_data_02_mir/recover-20221013/UBNA_001/20221012_030000.WAV,Telephone Field,recover-20221013,001,1795
187.4065,187.445,68437,81685,Rhinolophus ferrumequinum,0.022,0.022,-1,Echolocation,/mnt/ubna_data_02_mir/recover-20221013/UBNA_001/20221012_030000.WAV,Telephone Field,recover-20221013,001,1795
187.4205,187.4579,68437,81985,Rhinolophus ferrumequinum,0.022,0.022,-1,Echolocation,/mnt/ubna_data_02_mir/recover-20221013/UBNA_001/20221012_030000.WAV,Telephone Field,recover-20221013,001,1795
187.4475,187.4866,68437,82536,Rhinolophus ferrumequinum,0.026,0.026,-1,Echolocation,/mnt/ubna_data_02_mir/recover-20221013/UBNA_001/20221012_030000.WAV,Telephone Field,recover-20221013,001,1795
187.4665,187.4746,28046,39752,Eptesicus serotinus,0.008,0.024,-1,Echolocation,/mnt/ubna_data_02_mir/recover-20221013/UBNA_001/20221012_030000.WAV,Telephone Field,recover-20221013,001,1795
187.4955,187.5043,25468,33545,Eptesicus serotinus,0.009,0.022,-1,Echolocation,/mnt/ubna_data_02_mir/recover-20221013/UBNA_001/20221012_030000.WAV,Telephone Field,recover-20221013,001,1795
187.5045,187.512,28046,39967,Eptesicus serotinus,0.009,0.025,-1,Echolocation,/mnt/ubna_data_02_mir/recover-20221013/UBNA_001/20221012_030000.WAV,Telephone Field,recover-20221013,001,1795
187.5375,187.5756,68437,82261,Rhinolophus ferrumequinum,0.022,0.022,-1,Echolocation,/mnt/ubna_data_02_mir/recover-20221013/UBNA_001/20221012_030000.WAV,Telephone Field,recover-20221013,001,1795
187.5545,187.5651,23750,30334,Nyctalus leisleri,0.009,0.023,-1,Echolocation,/mnt/ubna_data_02_mir/recover-20221013/UBNA_001/20221012_030000.WAV,Telephone Field,recover-20221013,001,1795
187.5605,187.57150000000001,23750,29537,Nyctalus leisleri,0.01,0.023,-1,Echolocation,/mnt/ubna_data_02_mir/recover-20221013/UBNA_001/20221012_030000.WAV,Telephone Field,recover-20221013,001,1795
187.6025,187.6421,68437,81965,Rhinolophus ferrumequinum,0.022,0.023,-1,Echolocation,/mnt/ubna_data_02_mir/recover-20221013/UBNA_001/20221012_030000.WAV,Telephone Field,recover-20221013,001,1795
187.6225,187.6328,22890,28791,Nyctalus leisleri,0.01,0.025,-1,Echolocation,/mnt/ubna_data_02_mir/recover-20221013/UBNA_001/20221012_030000.WAV,Telephone Field,recover-20221013,001,1795
187.6595,187.7003,68437,82935,Rhinolophus ferrumequinum,0.025,0.026,-1,Echolocation,/mnt/ubna_data_02_mir/recover-20221013/UBNA_001/20221012_030000.WAV,Telephone Field,recover-20221013,001,1795
187.7085,187.7449,68437,81574,Rhinolophus ferrumequinum,0.026,0.026,-1,Echolocation,/mnt/ubna_data_02_mir/recover-20221013/UBNA_001/20221012_030000.WAV,Telephone Field,recover-20221013,001,1795
187.7095,187.7168,28046,40102,Eptesicus serotinus,0.007,0.025,-1,Echolocation,/mnt/ubna_data_02_mir/recover-20221013/UBNA_001/20221012_030000.WAV,Telephone Field,recover-20221013,001,1795
187.7335,187.7714,68437,82210,Rhinolophus ferrumequinum,0.024,0.024,-1,Echolocation,/mnt/ubna_data_02_mir/recover-20221013/UBNA_001/20221012_030000.WAV,Telephone Field,recover-20221013,001,1795
187.7475,187.7577,24609,32155,Nyctalus leisleri,0.009,0.025,-1,Echolocation,/mnt/ubna_data_02_mir/recover-20221013/UBNA_001/20221012_030000.WAV,Telephone Field,recover-20221013,001,1795
187.7525,187.7918,68437,82084,Rhinolophus ferrumequinum,0.022,0.022,-1,Echolocation,/mnt/ubna_data_02_mir/recover-20221013/UBNA_001/20221012_030000.WAV,Telephone Field,recover-20221013,001,1795
187.7785,187.8125,68437,81459,Rhinolophus ferrumequinum,0.023,0.023,-1,Echolocation,/mnt/ubna_data_02_mir/recover-20221013/UBNA_001/20221012_030000.WAV,Telephone Field,recover-20221013,001,1795
187.8065,187.8454,68437,82561,Rhinolophus ferrumequinum,0.022,0.022,-1,Echolocation,/mnt/ubna_data_02_mir/recover-20221013/UBNA_001/20221012_030000.WAV,Telephone Field,recover-20221013,001,1795
187.8155,187.8564,68437,82351,Rhinolophus ferrumequinum,0.023,0.023,-1,Echolocation,/mnt/ubna_data_02_mir/recover-20221013/UBNA_001/20221012_030000.WAV,Telephone Field,recover-20221013,001,1795
187.8405,187.8477,23750,32214,Plecotus austriacus,0.01,0.024,-1,Echolocation,/mnt/ubna_data_02_mir/recover-20221013/UBNA_001/20221012_030000.WAV,Telephone Field,recover-20221013,001,1795
187.8665,187.9047,68437,82397,Rhinolophus ferrumequinum,0.023,0.023,-1,Echolocation,/mnt/ubna_data_02_mir/recover-20221013/UBNA_001/20221012_030000.WAV,Telephone Field,recover-20221013,001,1795
187.9045,187.9449,68437,82602,Rhinolophus ferrumequinum,0.027,0.027,-1,Echolocation,/mnt/ubna_data_02_mir/recover-20221013/UBNA_001/20221012_030000.WAV,Telephone Field,recover-20221013,001,1795
187.9075,187.9167,45234,54391,Pipistrellus pipistrellus,0.021,0.027,-1,Echolocation,/mnt/ubna_data_02_mir/recover-20221013/UBNA_001/20221012_030000.WAV,Telephone Field,recover-20221013,001,1795
187.9085,187.9187,22031,27291,Nyctalus leisleri,0.01,0.024,-1,Echolocation,/mnt/ubna_data_02_mir/recover-20221013/UBNA_001/20221012_030000.WAV,Telephone Field,recover-20221013,001,1795
187.9725,187.9811,29765,44076,Myotis daubentonii,0.007,0.022,-1,Echolocation,/mnt/ubna_data_02_mir/recover-20221013/UBNA_001/20221012_030000.WAV,Telephone Field,recover-20221013,001,1795
187.9855,187.993,23750,33154,Plecotus austriacus,0.013,0.028,-1,Echolocation,/mnt/ubna_data_02_mir/recover-20221013/UBNA_001/20221012_030000.WAV,Telephone Field,recover-20221013,001,1795
188.0015,188.0106,23750,29932,Nyctalus leisleri,0.012,0.03,-1,Echolocation,/mnt/ubna_data_02_mir/recover-20221013/UBNA_001/20221012_030000.WAV,Telephone Field,recover-20221013,001,1795
188.0015,188.0353,68437,79928,Rhinolophus ferrumequinum,0.032,0.033,-1,Echolocation,/mnt/ubna_data_02_mir/recover-20221013/UBNA_001/20221012_030000.WAV,Telephone Field,recover-20221013,001,1795
188.0095,188.0539,68437,82618,Rhinolophus ferrumequinum,0.022,0.022,-1,Echolocation,/mnt/ubna_data_02_mir/recover-20221013/UBNA_001/20221012_030000.WAV,Telephone Field,recover-20221013,001,1795
188.0165,188.0584,68437,83208,Rhinolophus ferrumequinum,0.021,0.021,-1,Echolocation,/mnt/ubna_data_02_mir/recover-20221013/UBNA_001/20221012_030000.WAV,Telephone Field,recover-20221013,001,1795
188.0435,188.0504,28906,39633,Eptesicus serotinus,0.007,0.028,-1,Echolocation,/mnt/ubna_data_02_mir/recover-20221013/UBNA_001/20221012_030000.WAV,Telephone Field,recover-20221013,001,1795
188.05349999999999,188.0915,68437,81349,Rhinolophus ferrumequinum,0.024,0.024,-1,Echolocation,/mnt/ubna_data_02_mir/recover-20221013/UBNA_001/20221012_030000.WAV,Telephone Field,recover-20221013,001,1795
188.0645,188.0772,22031,26065,Nyctalus leisleri,0.013,0.022,-1,Echolocation,/mnt/ubna_data_02_mir/recover-20221013/UBNA_001/20221012_030000.WAV,Telephone Field,recover-20221013,001,1795
188.0705,188.0784,26328,35798,Eptesicus serotinus,0.007,0.022,-1,Echolocation,/mnt/ubna_data_02_mir/recover-20221013/UBNA_001/20221012_030000.WAV,Telephone Field,recover-20221013,001,1795
188.0855,188.1234,68437,82010,Rhinolophus ferrumequinum,0.022,0.022,-1,Echolocation,/mnt/ubna_data_02_mir/recover-20221013/UBNA_001/20221012_030000.WAV,Telephone Field,recover-20221013,001,1795
188.1065,188.1482,68437,82918,Rhinolophus ferrumequinum,0.026,0.026,-1,Echolocation,/mnt/ubna_data_02_mir/recover-20221013/UBNA_001/20221012_030000.WAV,Telephone Field,recover-20221013,001,1795
188.1125,188.1239,23750,29715,Nyctalus leisleri,0.009,0.023,-1,Echolocation,/mnt/ubna_data_02_mir/recover-20221013/UBNA_001/20221012_030000.WAV,Telephone Field,recover-20221013,001,1795
188.1195,188.1283,28906,40863,Eptesicus serotinus,0.008,0.024,-1,Echolocation,/mnt/ubna_data_02_mir/recover-20221013/UBNA_001/20221012_030000.WAV,Telephone Field,recover-20221013,001,1795
188.1295,188.1672,68437,81847,Rhinolophus ferrumequinum,0.021,0.021,-1,Echolocation,/mnt/ubna_data_02_mir/recover-20221013/UBNA_001/20221012_030000.WAV,Telephone Field,recover-20221013,001,1795
188.1585,188.1656,24609,34058,Plecotus austriacus,0.016,0.034,-1,Echolocation,/mnt/ubna_data_02_mir/recover-20221013/UBNA_001/20221012_030000.WAV,Telephone Field,recover-20221013,001,1795
188.16649999999998,188.2063,68437,82326,Rhinolophus ferrumequinum,0.022,0.022,-1,Echolocation,/mnt/ubna_data_02_mir/recover-20221013/UBNA_001/20221012_030000.WAV,Telephone Field,recover-20221013,001,1795
188.2025,188.2103,26328,39024,Eptesicus serotinus,0.007,0.021,-1,Echolocation,/mnt/ubna_data_02_mir/recover-20221013/UBNA_001/20221012_030000.WAV,Telephone Field,recover-20221013,001,1795
188.2135,188.2281,27187,33641,Eptesicus serotinus,0.02,0.035,-1,Echolocation,/mnt/ubna_data_02_mir/recover-20221013/UBNA_001/20221012_030000.WAV,Telephone Field,recover-20221013,001,1795
188.2275,188.236,23750,31872,Plecotus austriacus,0.009,0.025,-1,Echolocation,/mnt/ubna_data_02_mir/recover-20221013/UBNA_001/20221012_030000.WAV,Telephone Field,recover-20221013,001,1795
188.2295,188.2372,29765,38513,Eptesicus serotinus,0.007,0.022,-1,Echolocation,/mnt/ubna_data_02_mir/recover-20221013/UBNA_001/20221012_030000.WAV,Telephone Field,recover-20221013,001,1795
188.2575,188.2659,28046,40230,Eptesicus serotinus,0.008,0.022,-1,Echolocation,/mnt/ubna_data_02_mir/recover-20221013/UBNA_001/20221012_030000.WAV,Telephone Field,recover-20221013,001,1795
188.2585,188.3005,68437,83252,Rhinolophus ferrumequinum,0.032,0.032,-1,Echolocation,/mnt/ubna_data_02_mir/recover-20221013/UBNA_001/20221012_030000.WAV,Telephone Field,recover-20221013,001,1795
188.2785,188.2948,41796,45996,Pipistrellus pipistrellus,0.027,0.036,-1,Echolocation,/mnt/ubna_data_02_mir/recover-20221013/UBNA_001/20221012_030000.WAV,Telephone Field,recover-20221013,001,1795
188.2795,188.3176,68437,82067,Rhinolophus ferrumequinum,0.022,0.022,-1,Echolocation,/mnt/ubna_data_02_mir/recover-20221013/UBNA_001/20221012_030000.WAV,Telephone Field,recover-20221013,001,1795
188.3175,188.3282,23750,30380,Nyctalus leisleri,0.026,0.077,-1,Echolocation,/mnt/ubna_data_02_mir/recover-20221013/UBNA_001/20221012_030000.WAV,Telephone Field,recover-20221013,001,1795
188.3175,188.3539,68437,81778,Rhinolophus ferrumequinum,0.02,0.02,-1,Echolocation,/mnt/ubna_data_02_mir/recover-20221013/UBNA_001/20221012_030000.WAV,Telephone Field,recover-20221013,001,1795
188.3475,188.3565,25468,33598,Eptesicus serotinus,0.006,0.021,-1,Echolocation,/mnt/ubna_data_02_mir/recover-20221013/UBNA_001/20221012_030000.WAV,Telephone Field,recover-20221013,001,1795
188.3545,188.3961,68437,82214,Rhinolophus ferrumequinum,0.023,0.023,-1,Echolocation,/mnt/ubna_data_02_mir/recover-20221013/UBNA_001/20221012_030000.WAV,Telephone Field,recover-20221013,001,1795
188.3935,188.4031,22031,27982,Plecotus austriacus,0.008,0.024,-1,Echolocation,/mnt/ubna_data_02_mir/recover-20221013/UBNA_001/20221012_030000.WAV,Telephone Field,recover-20221013,001,1795
188.4125,188.4209,28046,38898,Eptesicus serotinus,0.008,0.021,-1,Echolocation,/mnt/ubna_data_02_mir/recover-20221013/UBNA_001/20221012_030000.WAV,Telephone Field,recover-20221013,001,1795
188.4425,188.4831,68437,82426,Rhinolophus ferrumequinum,0.02,0.02,-1,Echolocation,/mnt/ubna_data_02_mir/recover-20221013/UBNA_001/20221012_030000.WAV,Telephone Field,recover-20221013,001,1795
188.4735,188.5101,68437,82186,Rhinolophus ferrumequinum,0.021,0.021,-1,Echolocation,/mnt/ubna_data_02_mir/recover-20221013/UBNA_001/20221012_030000.WAV,Telephone Field,recover-20221013,001,1795
188.4825,188.5207,68437,81335,Rhinolophus ferrumequinum,0.021,0.021,-1,Echolocation,/mnt/ubna_data_02_mir/recover-20221013/UBNA_001/20221012_030000.WAV,Telephone Field,recover-20221013,001,1795
188.4965,188.5042,26328,39723,Eptesicus serotinus,0.006,0.021,-1,Echolocation,/mnt/ubna_data_02_mir/recover-20221013/UBNA_001/20221012_030000.WAV,Telephone Field,recover-20221013,001,1795
188.5225,188.5639,68437,82865,Rhinolophus ferrumequinum,0.03,0.03,-1,Echolocation,/mnt/ubna_data_02_mir/recover-20221013/UBNA_001/20221012_030000.WAV,Telephone Field,recover-20221013,001,1795
188.5275,188.5352,27187,36690,Eptesicus serotinus,0.006,0.021,-1,Echolocation,/mnt/ubna_data_02_mir/recover-20221013/UBNA_001/20221012_030000.WAV,Telephone Field,recover-20221013,001,1795
188.5605,188.6003,68437,82976,Rhinolophus ferrumequinum,0.024,0.024,-1,Echolocation,/mnt/ubna_data_02_mir/recover-20221013/UBNA_001/20221012_030000.WAV,Telephone Field,recover-20221013,001,1795
188.5665,188.576,24609,32688,Eptesicus serotinus,0.008,0.023,-1,Echolocation,/mnt/ubna_data_02_mir/recover-20221013/UBNA_001/20221012_030000.WAV,Telephone Field,recover-20221013,001,1795
188.5745,188.5834,23750,31801,Plecotus austriacus,0.006,0.022,-1,Echolocation,/mnt/ubna_data_02_mir/recover-20221013/UBNA_001/20221012_030000.WAV,Telephone Field,recover-20221013,001,1795
188.6005,188.6093,28906,36117,Eptesicus serotinus,0.007,0.021,-1,Echolocation,/mnt/ubna_data_02_mir/recover-20221013/UBNA_001/20221012_030000.WAV,Telephone Field,recover-20221013,001,1795
188.6255,188.6367,28046,35106,Eptesicus serotinus,0.01,0.021,-1,Echolocation,/mnt/ubna_data_02_mir/recover-20221013/UBNA_001/20221012_030000.WAV,Telephone Field,recover-20221013,001,1795
188.6345,188.6431,28906,39542,Eptesicus serotinus,0.011,0.031,-1,Echolocation,/mnt/ubna_data_02_mir/recover-20221013/UBNA_001/20221012_030000.WAV,Telephone Field,recover-20221013,001,1795
188.6435,188.6777,68437,81633,Rhinolophus ferrumequinum,0.02,0.021,-1,Echolocation,/mnt/ubna_data_02_mir/recover-20221013/UBNA_001/20221012_030000.WAV,Telephone Field,recover-20221013,001,1795
188.6595,188.6976,68437,82333,Rhinolophus ferrumequinum,0.02,0.02,-1,Echolocation,/mnt/ubna_data_02_mir/recover-20221013/UBNA_001/20221012_030000.WAV,Telephone Field,recover-20221013,001,1795
188.6875,188.733,68437,83435,Rhinolophus ferrumequinum,0.043,0.043,-1,Echolocation,/mnt/ubna_data_02_mir/recover-20221013/UBNA_001/20221012_030000.WAV,Telephone Field,recover-20221013,001,1795
188.6885,188.6988,23750,30114,Nyctalus leisleri,0.009,0.022,-1,Echolocation,/mnt/ubna_data_02_mir/recover-20221013/UBNA_001/20221012_030000.WAV,Telephone Field,recover-20221013,001,1795
188.7175,188.7294,22031,27010,Nyctalus leisleri,0.014,0.03,-1,Echolocation,/mnt/ubna_data_02_mir/recover-20221013/UBNA_001/20221012_030000.WAV,Telephone Field,recover-20221013,001,1795
188.7195,188.7579,68437,81603,Rhinolophus ferrumequinum,0.021,0.021,-1,Echolocation,/mnt/ubna_data_02_mir/recover-20221013/UBNA_001/20221012_030000.WAV,Telephone Field,recover-20221013,001,1795
188.8255,188.8324,28906,38384,Eptesicus serotinus,0.007,0.024,-1,Echolocation,/mnt/ubna_data_02_mir/recover-20221013/UBNA_001/20221012_030000.WAV,Telephone Field,recover-20221013,001,1795
188.8425,188.8544,23750,29075,Nyctalus leisleri,0.009,0.02,-1,Echolocation,/mnt/ubna_data_02_mir/recover-20221013/UBNA_001/20221012_030000.WAV,Telephone Field,recover-20221013,001,1795
188.8455,188.8855,68437,82364,Rhinolophus ferrumequinum,0.026,0.026,-1,Echolocation,/mnt/ubna_data_02_mir/recover-20221013/UBNA_001/20221012_030000.WAV,Telephone Field,recover-20221013,001,1795
188.8535,188.865,15156,21524,Nyctalus noctula,0.013,0.023,-1,Echolocation,/mnt/ubna_data_02_mir/recover-20221013/UBNA_001/20221012_030000.WAV,Telephone Field,recover-20221013,001,1795
188.8755,188.9144,68437,82703,Rhinolophus ferrumequinum,0.024,0.024,-1,Echolocation,/mnt/ubna_data_02_mir/recover-20221013/UBNA_001/20221012_030000.WAV,Telephone Field,recover-20221013,001,1795
188.92849999999999,188.9366,26328,36725,Eptesicus serotinus,0.008,0.022,-1,Echolocation,/mnt/ubna_data_02_mir/recover-20221013/UBNA_001/20221012_030000.WAV,Telephone Field,recover-20221013,001,1795
188.9565,188.9949,68437,82183,Rhinolophus ferrumequinum,0.023,0.023,-1,Echolocation,/mnt/ubna_data_02_mir/recover-20221013/UBNA_001/20221012_030000.WAV,Telephone Field,recover-20221013,001,1795
188.9635,189.0014,68437,81953,Rhinolophus ferrumequinum,0.021,0.021,-1,Echolocation,/mnt/ubna_data_02_mir/recover-20221013/UBNA_001/20221012_030000.WAV,Telephone Field,recover-20221013,001,1795
188.9825,189.0213,68437,82460,Rhinolophus ferrumequinum,0.022,0.022,-1,Echolocation,/mnt/ubna_data_02_mir/recover-20221013/UBNA_001/20221012_030000.WAV,Telephone Field,recover-20221013,001,1795
188.9845,188.9962,26328,31521,Eptesicus serotinus,0.035,0.076,-1,Echolocation,/mnt/ubna_data_02_mir/recover-20221013/UBNA_001/20221012_030000.WAV,Telephone Field,recover-20221013,001,1795
188.9935,189.0335,68437,81673,Rhinolophus ferrumequinum,0.021,0.021,-1,Echolocation,/mnt/ubna_data_02_mir/recover-20221013/UBNA_001/20221012_030000.WAV,Telephone Field,recover-20221013,001,1795
189.0085,189.04840000000002,68437,82209,Rhinolophus ferrumequinum,0.021,0.021,-1,Echolocation,/mnt/ubna_data_02_mir/recover-20221013/UBNA_001/20221012_030000.WAV,Telephone Field,recover-20221013,001,1795
189.0285,189.0667,68437,81639,Rhinolophus ferrumequinum,0.02,0.021,-1,Echolocation,/mnt/ubna_data_02_mir/recover-20221013/UBNA_001/20221012_030000.WAV,Telephone Field,recover-20221013,001,1795
189.0735,189.0838,28906,38516,Eptesicus serotinus,0.013,0.029,-1,Echolocation,/mnt/ubna_data_02_mir/recover-20221013/UBNA_001/20221012_030000.WAV,Telephone Field,recover-20221013,001,1795
189.0885,189.09890000000001,23750,29834,Nyctalus leisleri,0.011,0.025,-1,Echolocation,/mnt/ubna_data_02_mir/recover-20221013/UBNA_001/20221012_030000.WAV,Telephone Field,recover-20221013,001,1795
189.0905,189.1308,68437,82397,Rhinolophus ferrumequinum,0.022,0.022,-1,Echolocation,/mnt/ubna_data_02_mir/recover-20221013/UBNA_001/20221012_030000.WAV,Telephone Field,recover-20221013,001,1795
189.1045,189.1173,22031,25852,Nyctalus leisleri,0.013,0.022,-1,Echolocation,/mnt/ubna_data_02_mir/recover-20221013/UBNA_001/20221012_030000.WAV,Telephone Field,recover-20221013,001,1795
189.1095,189.11599999999999,44375,53347,Pipistrellus pipistrellus,0.015,0.02,-1,Echolocation,/mnt/ubna_data_02_mir/recover-20221013/UBNA_001/20221012_030000.WAV,Telephone Field,recover-20221013,001,1795
189.1215,189.1615,68437,82736,Rhinolophus ferrumequinum,0.026,0.026,-1,Echolocation,/mnt/ubna_data_02_mir/recover-20221013/UBNA_001/20221012_030000.WAV,Telephone Field,recover-20221013,001,1795
189.1405,189.1507,23750,30876,Nyctalus leisleri,0.007,0.021,-1,Echolocation,/mnt/ubna_data_02_mir/recover-20221013/UBNA_001/20221012_030000.WAV,Telephone Field,recover-20221013,001,1795
189.1415,189.183,68437,82372,Rhinolophus ferrumequinum,0.023,0.023,-1,Echolocation,/mnt/ubna_data_02_mir/recover-20221013/UBNA_001/20221012_030000.WAV,Telephone Field,recover-20221013,001,1795
189.1445,189.1532,28046,38052,Eptesicus serotinus,0.008,0.022,-1,Echolocation,/mnt/ubna_data_02_mir/recover-20221013/UBNA_001/20221012_030000.WAV,Telephone Field,recover-20221013,001,1795
189.1515,189.1902,68437,82721,Rhinolophus ferrumequinum,0.022,0.022,-1,Echolocation,/mnt/ubna_data_02_mir/recover-20221013/UBNA_001/20221012_030000.WAV,Telephone Field,recover-20221013,001,1795
189.1585,189.1988,68437,82797,Rhinolophus ferrumequinum,0.023,0.023,-1,Echolocation,/mnt/ubna_data_02_mir/recover-20221013/UBNA_001/20221012_030000.WAV,Telephone Field,recover-20221013,001,1795
189.16649999999998,189.1749,23750,31690,Plecotus austriacus,0.009,0.027,-1,Echolocation,/mnt/ubna_data_02_mir/recover-20221013/UBNA_001/20221012_030000.WAV,Telephone Field,recover-20221013,001,1795
189.1805,189.2205,68437,82377,Rhinolophus ferrumequinum,0.034,0.034,-1,Echolocation,/mnt/ubna_data_02_mir/recover-20221013/UBNA_001/20221012_030000.WAV,Telephone Field,recover-20221013,001,1795
189.1975,189.2371,68437,82161,Rhinolophus ferrumequinum,0.023,0.023,-1,Echolocation,/mnt/ubna_data_02_mir/recover-20221013/UBNA_001/20221012_030000.WAV,Telephone Field,recover-20221013,001,1795
189.1975,189.2068,26328,33607,Eptesicus serotinus,0.025,0.057,-1,Echolocation,/mnt/ubna_data_02_mir/recover-20221013/UBNA_001/20221012_030000.WAV,Telephone Field,recover-20221013,001,1795
189.2025,189.213,53828,58013,Pipistrellus pygmaeus,0.027,0.03,-1,Echolocation,/mnt/ubna_data_02_mir/recover-20221013/UBNA_001/20221012_030000.WAV,Telephone Field,recover-20221013,001,1795
189.2035,189.2443,68437,82653,Rhinolophus ferrumequinum,0.022,0.022,-1,Echolocation,/mnt/ubna_data_02_mir/recover-20221013/UBNA_001/20221012_030000.WAV,Telephone Field,recover-20221013,001,1795
189.2375,189.244,46093,56206,Pipistrellus pipistrellus,0.015,0.023,-1,Echolocation,/mnt/ubna_data_02_mir/recover-20221013/UBNA_001/20221012_030000.WAV,Telephone Field,recover-20221013,001,1795
189.2845,189.2962,23750,29598,Nyctalus leisleri,0.014,0.031,-1,Echolocation,/mnt/ubna_data_02_mir/recover-20221013/UBNA_001/20221012_030000.WAV,Telephone Field,recover-20221013,001,1795
189.3385,189.3485,24609,31192,Nyctalus leisleri,0.008,0.021,-1,Echolocation,/mnt/ubna_data_02_mir/recover-20221013/UBNA_001/20221012_030000.WAV,Telephone Field,recover-20221013,001,1795
189.3595,189.3677,27187,39573,Eptesicus serotinus,0.008,0.022,-1,Echolocation,/mnt/ubna_data_02_mir/recover-20221013/UBNA_001/20221012_030000.WAV,Telephone Field,recover-20221013,001,1795
189.3625,189.3972,68437,80839,Rhinolophus ferrumequinum,0.022,0.022,-1,Echolocation,/mnt/ubna_data_02_mir/recover-20221013/UBNA_001/20221012_030000.WAV,Telephone Field,recover-20221013,001,1795
189.3845,189.3949,24609,30016,Nyctalus leisleri,0.009,0.025,-1,Echolocation,/mnt/ubna_data_02_mir/recover-20221013/UBNA_001/20221012_030000.WAV,Telephone Field,recover-20221013,001,1795
189.4155,189.4236,28046,41462,Eptesicus serotinus,0.008,0.022,-1,Echolocation,/mnt/ubna_data_02_mir/recover-20221013/UBNA_001/20221012_030000.WAV,Telephone Field,recover-20221013,001,1795
189.4155,189.4529,68437,82346,Rhinolophus ferrumequinum,0.025,0.025,-1,Echolocation,/mnt/ubna_data_02_mir/recover-20221013/UBNA_001/20221012_030000.WAV,Telephone Field,recover-20221013,001,1795
189.4425,189.4829,68437,81977,Rhinolophus ferrumequinum,0.023,0.023,-1,Echolocation,/mnt/ubna_data_02_mir/recover-20221013/UBNA_001/20221012_030000.WAV,Telephone Field,recover-20221013,001,1795
189.4655,189.5058,68437,82538,Rhinolophus ferrumequinum,0.022,0.022,-1,Echolocation,/mnt/ubna_data_02_mir/recover-20221013/UBNA_001/20221012_030000.WAV,Telephone Field,recover-20221013,001,1795
189.4685,189.476,27187,40672,Eptesicus serotinus,0.007,0.023,-1,Echolocation,/mnt/ubna_data_02_mir/recover-20221013/UBNA_001/20221012_030000.WAV,Telephone Field,recover-20221013,001,1795
189.4825,189.5188,68437,81664,Rhinolophus ferrumequinum,0.022,0.022,-1,Echolocation,/mnt/ubna_data_02_mir/recover-20221013/UBNA_001/20221012_030000.WAV,Telephone Field,recover-20221013,001,1795
189.5045,189.5209,20312,25003,Nyctalus noctula,0.023,0.048,-1,Echolocation,/mnt/ubna_data_02_mir/recover-20221013/UBNA_001/20221012_030000.WAV,Telephone Field,recover-20221013,001,1795
189.5475,189.55610000000001,25468,34876,Eptesicus serotinus,0.008,0.021,-1,Echolocation,/mnt/ubna_data_02_mir/recover-20221013/UBNA_001/20221012_030000.WAV,Telephone Field,recover-20221013,001,1795
189.5475,189.5592,37500,42352,Pipistrellus nathusii,0.007,0.024,-1,Echolocation,/mnt/ubna_data_02_mir/recover-20221013/UBNA_001/20221012_030000.WAV,Telephone Field,recover-20221013,001,1795
189.5485,189.589,68437,82503,Rhinolophus ferrumequinum,0.029,0.029,-1,Echolocation,/mnt/ubna_data_02_mir/recover-20221013/UBNA_001/20221012_030000.WAV,Telephone Field,recover-20221013,001,1795
189.5545,189.5642,22890,28816,Nyctalus leisleri,0.009,0.022,-1,Echolocation,/mnt/ubna_data_02_mir/recover-20221013/UBNA_001/20221012_030000.WAV,Telephone Field,recover-20221013,001,1795
189.5825,189.5911,27187,38350,Eptesicus serotinus,0.007,0.02,-1,Echolocation,/mnt/ubna_data_02_mir/recover-20221013/UBNA_001/20221012_030000.WAV,Telephone Field,recover-20221013,001,1795
189.5855,189.6255,68437,82431,Rhinolophus ferrumequinum,0.028,0.028,-1,Echolocation,/mnt/ubna_data_02_mir/recover-20221013/UBNA_001/20221012_030000.WAV,Telephone Field,recover-20221013,001,1795
189.6075,189.6162,28906,36664,Eptesicus serotinus,0.007,0.022,-1,Echolocation,/mnt/ubna_data_02_mir/recover-20221013/UBNA_001/20221012_030000.WAV,Telephone Field,recover-20221013,001,1795
189.6115,189.6184,22890,31046,Plecotus austriacus,0.014,0.026,-1,Echolocation,/mnt/ubna_data_02_mir/recover-20221013/UBNA_001/20221012_030000.WAV,Telephone Field,recover-20221013,001,1795
189.6345,189.653,19453,22954,Nyctalus leisleri,0.012,0.024,-1,Echolocation,/mnt/ubna_data_02_mir/recover-20221013/UBNA_001/20221012_030000.WAV,Telephone Field,recover-20221013,001,1795
189.6535,189.6947,68437,82824,Rhinolophus ferrumequinum,0.025,0.025,-1,Echolocation,/mnt/ubna_data_02_mir/recover-20221013/UBNA_001/20221012_030000.WAV,Telephone Field,recover-20221013,001,1795
189.6685,189.7101,68437,82868,Rhinolophus ferrumequinum,0.034,0.034,-1,Echolocation,/mnt/ubna_data_02_mir/recover-20221013/UBNA_001/20221012_030000.WAV,Telephone Field,recover-20221013,001,1795
189.6795,189.6893,22890,29992,Nyctalus leisleri,0.007,0.022,-1,Echolocation,/mnt/ubna_data_02_mir/recover-20221013/UBNA_001/20221012_030000.WAV,Telephone Field,recover-20221013,001,1795
189.6855,189.6961,23750,29301,Nyctalus leisleri,0.01,0.023,-1,Echolocation,/mnt/ubna_data_02_mir/recover-20221013/UBNA_001/20221012_030000.WAV,Telephone Field,recover-20221013,001,1795
189.7195,189.7295,26328,33125,Eptesicus serotinus,0.012,0.031,-1,Echolocation,/mnt/ubna_data_02_mir/recover-20221013/UBNA_001/20221012_030000.WAV,Telephone Field,recover-20221013,001,1795
189.7275,189.7411,35781,40797,Pipistrellus nathusii,0.016,0.038,-1,Echolocation,/mnt/ubna_data_02_mir/recover-20221013/UBNA_001/20221012_030000.WAV,Telephone Field,recover-20221013,001,1795
189.7485,189.7875,68437,82080,Rhinolophus ferrumequinum,0.021,0.021,-1,Echolocation,/mnt/ubna_data_02_mir/recover-20221013/UBNA_001/20221012_030000.WAV,Telephone Field,recover-20221013,001,1795
189.7935,189.832,68437,81529,Rhinolophus ferrumequinum,0.021,0.021,-1,Echolocation,/mnt/ubna_data_02_mir/recover-20221013/UBNA_001/20221012_030000.WAV,Telephone Field,recover-20221013,001,1795
189.8775,189.916,68437,82851,Rhinolophus ferrumequinum,0.026,0.026,-1,Echolocation,/mnt/ubna_data_02_mir/recover-20221013/UBNA_001/20221012_030000.WAV,Telephone Field,recover-20221013,001,1795
189.8825,189.8932,22890,28698,Nyctalus leisleri,0.011,0.026,-1,Echolocation,/mnt/ubna_data_02_mir/recover-20221013/UBNA_001/20221012_030000.WAV,Telephone Field,recover-20221013,001,1795
189.8865,189.9258,68437,82054,Rhinolophus ferrumequinum,0.022,0.022,-1,Echolocation,/mnt/ubna_data_02_mir/recover-20221013/UBNA_001/20221012_030000.WAV,Telephone Field,recover-20221013,001,1795
189.9015,189.9455,68437,83651,Rhinolophus ferrumequinum,0.036,0.036,-1,Echolocation,/mnt/ubna_data_02_mir/recover-20221013/UBNA_001/20221012_030000.WAV,Telephone Field,recover-20221013,001,1795
189.9345,189.97390000000001,68437,81577,Rhinolophus ferrumequinum,0.021,0.021,-1,Echolocation,/mnt/ubna_data_02_mir/recover-20221013/UBNA_001/20221012_030000.WAV,Telephone Field,recover-20221013,001,1795
189.9805,189.9905,22031,27021,Nyctalus leisleri,0.01,0.022,-1,Echolocation,/mnt/ubna_data_02_mir/recover-20221013/UBNA_001/20221012_030000.WAV,Telephone Field,recover-20221013,001,1795
190.0015,190.0306,69296,81169,Rhinolophus ferrumequinum,0.034,0.034,-1,Echolocation,/mnt/ubna_data_02_mir/recover-20221013/UBNA_001/20221012_030000.WAV,Telephone Field,recover-20221013,001,1795
190.0015,190.0088,45234,50016,Pipistrellus pipistrellus,0.016,0.021,-1,Echolocation,/mnt/ubna_data_02_mir/recover-20221013/UBNA_001/20221012_030000.WAV,Telephone Field,recover-20221013,001,1795
190.0015,190.0094,25468,38033,Eptesicus serotinus,0.009,0.04,-1,Echolocation,/mnt/ubna_data_02_mir/recover-20221013/UBNA_001/20221012_030000.WAV,Telephone Field,recover-20221013,001,1795
190.0225,190.0329,23750,29907,Nyctalus leisleri,0.009,0.023,-1,Echolocation,/mnt/ubna_data_02_mir/recover-20221013/UBNA_001/20221012_030000.WAV,Telephone Field,recover-20221013,001,1795
190.0265,190.0666,68437,82436,Rhinolophus ferrumequinum,0.027,0.027,-1,Echolocation,/mnt/ubna_data_02_mir/recover-20221013/UBNA_001/20221012_030000.WAV,Telephone Field,recover-20221013,001,1795
190.0555,190.0634,32343,47668,Myotis daubentonii,0.01,0.022,-1,Echolocation,/mnt/ubna_data_02_mir/recover-20221013/UBNA_001/20221012_030000.WAV,Telephone Field,recover-20221013,001,1795
190.0555,190.0621,26328,39033,Eptesicus serotinus,0.005,0.021,-1,Echolocation,/mnt/ubna_data_02_mir/recover-20221013/UBNA_001/20221012_030000.WAV,Telephone Field,recover-20221013,001,1795
190.0915,190.1331,68437,82586,Rhinolophus ferrumequinum,0.028,0.028,-1,Echolocation,/mnt/ubna_data_02_mir/recover-20221013/UBNA_001/20221012_030000.WAV,Telephone Field,recover-20221013,001,1795
190.1075,190.148,68437,82822,Rhinolophus ferrumequinum,0.022,0.022,-1,Echolocation,/mnt/ubna_data_02_mir/recover-20221013/UBNA_001/20221012_030000.WAV,Telephone Field,recover-20221013,001,1795
190.1265,190.1376,22890,28152,Nyctalus leisleri,0.011,0.023,-1,Echolocation,/mnt/ubna_data_02_mir/recover-20221013/UBNA_001/20221012_030000.WAV,Telephone Field,recover-20221013,001,1795
190.1305,190.1718,68437,82365,Rhinolophus ferrumequinum,0.023,0.023,-1,Echolocation,/mnt/ubna_data_02_mir/recover-20221013/UBNA_001/20221012_030000.WAV,Telephone Field,recover-20221013,001,1795
190.1905,190.2282,68437,81698,Rhinolophus ferrumequinum,0.024,0.024,-1,Echolocation,/mnt/ubna_data_02_mir/recover-20221013/UBNA_001/20221012_030000.WAV,Telephone Field,recover-20221013,001,1795
190.2045,190.2167,23750,29129,Nyctalus leisleri,0.01,0.022,-1,Echolocation,/mnt/ubna_data_02_mir/recover-20221013/UBNA_001/20221012_030000.WAV,Telephone Field,recover-20221013,001,1795
190.2145,190.225,43515,47667,Pipistrellus pipistrellus,0.023,0.027,-1,Echolocation,/mnt/ubna_data_02_mir/recover-20221013/UBNA_001/20221012_030000.WAV,Telephone Field,recover-20221013,001,1795
190.2165,190.2506,68437,81044,Rhinolophus ferrumequinum,0.021,0.021,-1,Echolocation,/mnt/ubna_data_02_mir/recover-20221013/UBNA_001/20221012_030000.WAV,Telephone Field,recover-20221013,001,1795
190.2185,190.226,27187,39049,Eptesicus serotinus,0.009,0.029,-1,Echolocation,/mnt/ubna_data_02_mir/recover-20221013/UBNA_001/20221012_030000.WAV,Telephone Field,recover-20221013,001,1795
190.2335,190.2443,23750,30008,Nyctalus leisleri,0.009,0.023,-1,Echolocation,/mnt/ubna_data_02_mir/recover-20221013/UBNA_001/20221012_030000.WAV,Telephone Field,recover-20221013,001,1795
190.2455,190.2536,27187,37495,Eptesicus serotinus,0.006,0.021,-1,Echolocation,/mnt/ubna_data_02_mir/recover-20221013/UBNA_001/20221012_030000.WAV,Telephone Field,recover-20221013,001,1795
190.2635,190.2987,68437,81901,Rhinolophus ferrumequinum,0.021,0.021,-1,Echolocation,/mnt/ubna_data_02_mir/recover-20221013/UBNA_001/20221012_030000.WAV,Telephone Field,recover-20221013,001,1795
190.2945,190.3338,68437,82373,Rhinolophus ferrumequinum,0.026,0.026,-1,Echolocation,/mnt/ubna_data_02_mir/recover-20221013/UBNA_001/20221012_030000.WAV,Telephone Field,recover-20221013,001,1795
190.3175,190.3614,68437,82833,Rhinolophus ferrumequinum,0.037,0.037,-1,Echolocation,/mnt/ubna_data_02_mir/recover-20221013/UBNA_001/20221012_030000.WAV,Telephone Field,recover-20221013,001,1795
190.3725,190.4093,68437,81746,Rhinolophus ferrumequinum,0.022,0.022,-1,Echolocation,/mnt/ubna_data_02_mir/recover-20221013/UBNA_001/20221012_030000.WAV,Telephone Field,recover-20221013,001,1795
190.3815,190.4196,68437,82244,Rhinolophus ferrumequinum,0.021,0.021,-1,Echolocation,/mnt/ubna_data_02_mir/recover-20221013/UBNA_001/20221012_030000.WAV,Telephone Field,recover-20221013,001,1795
190.4215,190.458,68437,81934,Rhinolophus ferrumequinum,0.021,0.021,-1,Echolocation,/mnt/ubna_data_02_mir/recover-20221013/UBNA_001/20221012_030000.WAV,Telephone Field,recover-20221013,001,1795
190.4275,190.4337,28046,50056,Myotis daubentonii,0.006,0.023,-1,Echolocation,/mnt/ubna_data_02_mir/recover-20221013/UBNA_001/20221012_030000.WAV,Telephone Field,recover-20221013,001,1795
190.4305,190.4675,68437,81541,Rhinolophus ferrumequinum,0.021,0.022,-1,Echolocation,/mnt/ubna_data_02_mir/recover-20221013/UBNA_001/20221012_030000.WAV,Telephone Field,recover-20221013,001,1795
190.4385,190.4755,68437,81980,Rhinolophus ferrumequinum,0.022,0.022,-1,Echolocation,/mnt/ubna_data_02_mir/recover-20221013/UBNA_001/20221012_030000.WAV,Telephone Field,recover-20221013,001,1795
190.4505,190.4571,34062,44941,Myotis daubentonii,0.009,0.021,-1,Echolocation,/mnt/ubna_data_02_mir/recover-20221013/UBNA_001/20221012_030000.WAV,Telephone Field,recover-20221013,001,1795
190.4875,190.5033,16015,21632,Nyctalus noctula,0.016,0.022,-1,Echolocation,/mnt/ubna_data_02_mir/recover-20221013/UBNA_001/20221012_030000.WAV,Telephone Field,recover-20221013,001,1795
190.4885,190.5358,68437,83558,Rhinolophus ferrumequinum,0.051,0.051,-1,Echolocation,/mnt/ubna_data_02_mir/recover-20221013/UBNA_001/20221012_030000.WAV,Telephone Field,recover-20221013,001,1795
190.5065,190.5174,23750,28743,Nyctalus leisleri,0.013,0.027,-1,Echolocation,/mnt/ubna_data_02_mir/recover-20221013/UBNA_001/20221012_030000.WAV,Telephone Field,recover-20221013,001,1795
190.5555,190.5648,28906,36655,Eptesicus serotinus,0.009,0.022,-1,Echolocation,/mnt/ubna_data_02_mir/recover-20221013/UBNA_001/20221012_030000.WAV,Telephone Field,recover-20221013,001,1795
190.5575,190.5654,23750,32272,Plecotus austriacus,0.008,0.022,-1,Echolocation,/mnt/ubna_data_02_mir/recover-20221013/UBNA_001/20221012_030000.WAV,Telephone Field,recover-20221013,001,1795
190.5825,190.5958,42656,46071,Pipistrellus pipistrellus,0.026,0.032,-1,Echolocation,/mnt/ubna_data_02_mir/recover-20221013/UBNA_001/20221012_030000.WAV,Telephone Field,recover-20221013,001,1795
190.5825,190.624,68437,81958,Rhinolophus ferrumequinum,0.032,0.032,-1,Echolocation,/mnt/ubna_data_02_mir/recover-20221013/UBNA_001/20221012_030000.WAV,Telephone Field,recover-20221013,001,1795
190.6195,190.659,68437,82339,Rhinolophus ferrumequinum,0.04,0.04,-1,Echolocation,/mnt/ubna_data_02_mir/recover-20221013/UBNA_001/20221012_030000.WAV,Telephone Field,recover-20221013,001,1795
190.6745,190.6853,23750,28810,Nyctalus leisleri,0.01,0.021,-1,Echolocation,/mnt/ubna_data_02_mir/recover-20221013/UBNA_001/20221012_030000.WAV,Telephone Field,recover-20221013,001,1795
190.7005,190.7371,68437,82225,Rhinolophus ferrumequinum,0.021,0.021,-1,Echolocation,/mnt/ubna_data_02_mir/recover-20221013/UBNA_001/20221012_030000.WAV,Telephone Field,recover-20221013,001,1795
190.70850000000002,190.7191,23750,28945,Nyctalus leisleri,0.014,0.029,-1,Echolocation,/mnt/ubna_data_02_mir/recover-20221013/UBNA_001/20221012_030000.WAV,Telephone Field,recover-20221013,001,1795
190.7415,190.75130000000001,28046,36476,Eptesicus serotinus,0.01,0.024,-1,Echolocation,/mnt/ubna_data_02_mir/recover-20221013/UBNA_001/20221012_030000.WAV,Telephone Field,recover-20221013,001,1795
190.7445,190.784,68437,82311,Rhinolophus ferrumequinum,0.021,0.021,-1,Echolocation,/mnt/ubna_data_02_mir/recover-20221013/UBNA_001/20221012_030000.WAV,Telephone Field,recover-20221013,001,1795
190.7615,190.8038,68437,83055,Rhinolophus ferrumequinum,0.025,0.025,-1,Echolocation,/mnt/ubna_data_02_mir/recover-20221013/UBNA_001/20221012_030000.WAV,Telephone Field,recover-20221013,001,1795
190.7895,190.8307,68437,82999,Rhinolophus ferrumequinum,0.037,0.037,-1,Echolocation,/mnt/ubna_data_02_mir/recover-20221013/UBNA_001/20221012_030000.WAV,Telephone Field,recover-20221013,001,1795
190.8205,190.8313,23750,28790,Nyctalus leisleri,0.011,0.022,-1,Echolocation,/mnt/ubna_data_02_mir/recover-20221013/UBNA_001/20221012_030000.WAV,Telephone Field,recover-20221013,001,1795
190.8245,190.8646,68437,81780,Rhinolophus ferrumequinum,0.024,0.024,-1,Echolocation,/mnt/ubna_data_02_mir/recover-20221013/UBNA_001/20221012_030000.WAV,Telephone Field,recover-20221013,001,1795
190.8515,190.8605,25468,33439,Eptesicus serotinus,0.007,0.023,-1,Echolocation,/mnt/ubna_data_02_mir/recover-20221013/UBNA_001/20221012_030000.WAV,Telephone Field,recover-20221013,001,1795
190.8945,190.9334,68437,82526,Rhinolophus ferrumequinum,0.023,0.023,-1,Echolocation,/mnt/ubna_data_02_mir/recover-20221013/UBNA_001/20221012_030000.WAV,Telephone Field,recover-20221013,001,1795
190.9015,190.9126,14296,19927,Nyctalus noctula,0.015,0.025,-1,Echolocation,/mnt/ubna_data_02_mir/recover-20221013/UBNA_001/20221012_030000.WAV,Telephone Field,recover-20221013,001,1795
190.9635,191.0009,68437,82670,Rhinolophus ferrumequinum,0.024,0.024,-1,Echolocation,/mnt/ubna_data_02_mir/recover-20221013/UBNA_001/20221012_030000.WAV,Telephone Field,recover-20221013,001,1795
190.9885,191.0279,68437,82453,Rhinolophus ferrumequinum,0.021,0.021,-1,Echolocation,/mnt/ubna_data_02_mir/recover-20221013/UBNA_001/20221012_030000.WAV,Telephone Field,recover-20221013,001,1795
190.9935,191.0038,28046,36188,Eptesicus serotinus,0.01,0.024,-1,Echolocation,/mnt/ubna_data_02_mir/recover-20221013/UBNA_001/20221012_030000.WAV,Telephone Field,recover-20221013,001,1795
190.9995,191.0074,28906,37760,Eptesicus serotinus,0.007,0.023,-1,Echolocation,/mnt/ubna_data_02_mir/recover-20221013/UBNA_001/20221012_030000.WAV,Telephone Field,recover-20221013,001,1795
191.0645,191.0991,68437,81588,Rhinolophus ferrumequinum,0.023,0.023,-1,Echolocation,/mnt/ubna_data_02_mir/recover-20221013/UBNA_001/20221012_030000.WAV,Telephone Field,recover-20221013,001,1795
191.1375,191.1774,68437,82268,Rhinolophus ferrumequinum,0.024,0.024,-1,Echolocation,/mnt/ubna_data_02_mir/recover-20221013/UBNA_001/20221012_030000.WAV,Telephone Field,recover-20221013,001,1795
191.1495,191.1568,25468,37882,Eptesicus serotinus,0.005,0.021,-1,Echolocation,/mnt/ubna_data_02_mir/recover-20221013/UBNA_001/20221012_030000.WAV,Telephone Field,recover-20221013,001,1795
191.1725,191.2151,68437,82932,Rhinolophus ferrumequinum,0.03,0.03,-1,Echolocation,/mnt/ubna_data_02_mir/recover-20221013/UBNA_001/20221012_030000.WAV,Telephone Field,recover-20221013,001,1795
191.2165,191.2576,68437,82846,Rhinolophus ferrumequinum,0.032,0.032,-1,Echolocation,/mnt/ubna_data_02_mir/recover-20221013/UBNA_001/20221012_030000.WAV,Telephone Field,recover-20221013,001,1795
191.2165,191.2255,28046,37837,Eptesicus serotinus,0.008,0.022,-1,Echolocation,/mnt/ubna_data_02_mir/recover-20221013/UBNA_001/20221012_030000.WAV,Telephone Field,recover-20221013,001,1795
191.2215,191.2291,28046,40487,Eptesicus serotinus,0.007,0.021,-1,Echolocation,/mnt/ubna_data_02_mir/recover-20221013/UBNA_001/20221012_030000.WAV,Telephone Field,recover-20221013,001,1795
191.2365,191.2447,29765,38920,Eptesicus serotinus,0.008,0.026,-1,Echolocation,/mnt/ubna_data_02_mir/recover-20221013/UBNA_001/20221012_030000.WAV,Telephone Field,recover-20221013,001,1795
191.2375,191.2754,68437,82228,Rhinolophus ferrumequinum,0.025,0.025,-1,Echolocation,/mnt/ubna_data_02_mir/recover-20221013/UBNA_001/20221012_030000.WAV,Telephone Field,recover-20221013,001,1795
191.2605,191.3021,68437,83018,Rhinolophus ferrumequinum,0.022,0.022,-1,Echolocation,/mnt/ubna_data_02_mir/recover-20221013/UBNA_001/20221012_030000.WAV,Telephone Field,recover-20221013,001,1795
191.2755,191.2856,28906,35669,Eptesicus serotinus,0.018,0.035,-1,Echolocation,/mnt/ubna_data_02_mir/recover-20221013/UBNA_001/20221012_030000.WAV,Telephone Field,recover-20221013,001,1795
191.2895,191.3276,68437,82154,Rhinolophus ferrumequinum,0.021,0.021,-1,Echolocation,/mnt/ubna_data_02_mir/recover-20221013/UBNA_001/20221012_030000.WAV,Telephone Field,recover-20221013,001,1795
191.3045,191.3413,68437,81976,Rhinolophus ferrumequinum,0.022,0.022,-1,Echolocation,/mnt/ubna_data_02_mir/recover-20221013/UBNA_001/20221012_030000.WAV,Telephone Field,recover-20221013,001,1795
191.3145,191.3218,46953,50758,Pipistrellus pipistrellus,0.024,0.025,-1,Echolocation,/mnt/ubna_data_02_mir/recover-20221013/UBNA_001/20221012_030000.WAV,Telephone Field,recover-20221013,001,1795
191.3385,191.3769,68437,82258,Rhinolophus ferrumequinum,0.033,0.033,-1,Echolocation,/mnt/ubna_data_02_mir/recover-20221013/UBNA_001/20221012_030000.WAV,Telephone Field,recover-20221013,001,1795
191.3425,191.3522,22890,28860,Nyctalus leisleri,0.009,0.023,-1,Echolocation,/mnt/ubna_data_02_mir/recover-20221013/UBNA_001/20221012_030000.WAV,Telephone Field,recover-20221013,001,1795
191.3465,191.3822,68437,81488,Rhinolophus ferrumequinum,0.021,0.021,-1,Echolocation,/mnt/ubna_data_02_mir/recover-20221013/UBNA_001/20221012_030000.WAV,Telephone Field,recover-20221013,001,1795
191.3645,191.3982,68437,81091,Rhinolophus ferrumequinum,0.022,0.022,-1,Echolocation,/mnt/ubna_data_02_mir/recover-20221013/UBNA_001/20221012_030000.WAV,Telephone Field,recover-20221013,001,1795
191.3645,191.3748,28906,35327,Eptesicus serotinus,0.008,0.021,-1,Echolocation,/mnt/ubna_data_02_mir/recover-20221013/UBNA_001/20221012_030000.WAV,Telephone Field,recover-20221013,001,1795
191.3805,191.42,68437,82505,Rhinolophus ferrumequinum,0.023,0.023,-1,Echolocation,/mnt/ubna_data_02_mir/recover-20221013/UBNA_001/20221012_030000.WAV,Telephone Field,recover-20221013,001,1795
191.4145,191.4532,68437,82395,Rhinolophus ferrumequinum,0.026,0.026,-1,Echolocation,/mnt/ubna_data_02_mir/recover-20221013/UBNA_001/20221012_030000.WAV,Telephone Field,recover-20221013,001,1795
191.4455,191.4822,68437,81567,Rhinolophus ferrumequinum,0.022,0.022,-1,Echolocation,/mnt/ubna_data_02_mir/recover-20221013/UBNA_001/20221012_030000.WAV,Telephone Field,recover-20221013,001,1795
191.44650000000001,191.4575,27187,35282,Eptesicus serotinus,0.017,0.046,-1,Echolocation,/mnt/ubna_data_02_mir/recover-20221013/UBNA_001/20221012_030000.WAV,Telephone Field,recover-20221013,001,1795
191.4515,191.4623,42656,46395,Pipistrellus pipistrellus,0.019,0.024,-1,Echolocation,/mnt/ubna_data_02_mir/recover-20221013/UBNA_001/20221012_030000.WAV,Telephone Field,recover-20221013,001,1795
191.4855,191.4948,45234,48384,Pipistrellus pipistrellus,0.04,0.042,-1,Echolocation,/mnt/ubna_data_02_mir/recover-20221013/UBNA_001/20221012_030000.WAV,Telephone Field,recover-20221013,001,1795
191.4965,191.5068,26328,33241,Eptesicus serotinus,0.008,0.021,-1,Echolocation,/mnt/ubna_data_02_mir/recover-20221013/UBNA_001/20221012_030000.WAV,Telephone Field,recover-20221013,001,1795
191.5165,191.5559,68437,82442,Rhinolophus ferrumequinum,0.024,0.024,-1,Echolocation,/mnt/ubna_data_02_mir/recover-20221013/UBNA_001/20221012_030000.WAV,Telephone Field,recover-20221013,001,1795
191.5345,191.5728,68437,82281,Rhinolophus ferrumequinum,0.021,0.021,-1,Echolocation,/mnt/ubna_data_02_mir/recover-20221013/UBNA_001/20221012_030000.WAV,Telephone Field,recover-20221013,001,1795
191.5985,191.6067,28046,37232,Eptesicus serotinus,0.008,0.022,-1,Echolocation,/mnt/ubna_data_02_mir/recover-20221013/UBNA_001/20221012_030000.WAV,Telephone Field,recover-20221013,001,1795
191.6415,191.6803,68437,81758,Rhinolophus ferrumequinum,0.026,0.026,-1,Echolocation,/mnt/ubna_data_02_mir/recover-20221013/UBNA_001/20221012_030000.WAV,Telephone Field,recover-20221013,001,1795
191.6755,191.7123,68437,81210,Rhinolophus ferrumequinum,0.021,0.021,-1,Echolocation,/mnt/ubna_data_02_mir/recover-20221013/UBNA_001/20221012_030000.WAV,Telephone Field,recover-20221013,001,1795
191.6775,191.6872,28906,37212,Eptesicus serotinus,0.01,0.022,-1,Echolocation,/mnt/ubna_data_02_mir/recover-20221013/UBNA_001/20221012_030000.WAV,Telephone Field,recover-20221013,001,1795
191.6865,191.6941,28046,39459,Eptesicus serotinus,0.006,0.021,-1,Echolocation,/mnt/ubna_data_02_mir/recover-20221013/UBNA_001/20221012_030000.WAV,Telephone Field,recover-20221013,001,1795
191.6995,191.737,68437,81660,Rhinolophus ferrumequinum,0.023,0.023,-1,Echolocation,/mnt/ubna_data_02_mir/recover-20221013/UBNA_001/20221012_030000.WAV,Telephone Field,recover-20221013,001,1795
191.7095,191.7443,68437,81623,Rhinolophus ferrumequinum,0.024,0.024,-1,Echolocation,/mnt/ubna_data_02_mir/recover-20221013/UBNA_001/20221012_030000.WAV,Telephone Field,recover-20221013,001,1795
191.7275,191.7634,68437,81545,Rhinolophus ferrumequinum,0.021,0.021,-1,Echolocation,/mnt/ubna_data_02_mir/recover-20221013/UBNA_001/20221012_030000.WAV,Telephone Field,recover-20221013,001,1795
191.7435,191.7542,22890,27943,Nyctalus leisleri,0.011,0.023,-1,Echolocation,/mnt/ubna_data_02_mir/recover-20221013/UBNA_001/20221012_030000.WAV,Telephone Field,recover-20221013,001,1795
191.7485,191.7596,35781,41541,Myotis daubentonii,0.005,0.024,-1,Echolocation,/mnt/ubna_data_02_mir/recover-20221013/UBNA_001/20221012_030000.WAV,Telephone Field,recover-20221013,001,1795
191.7495,191.7565,28046,39970,Eptesicus serotinus,0.006,0.022,-1,Echolocation,/mnt/ubna_data_02_mir/recover-20221013/UBNA_001/20221012_030000.WAV,Telephone Field,recover-20221013,001,1795
191.7635,191.8024,68437,81975,Rhinolophus ferrumequinum,0.022,0.022,-1,Echolocation,/mnt/ubna_data_02_mir/recover-20221013/UBNA_001/20221012_030000.WAV,Telephone Field,recover-20221013,001,1795
191.8095,191.8483,68437,82436,Rhinolophus ferrumequinum,0.027,0.027,-1,Echolocation,/mnt/ubna_data_02_mir/recover-20221013/UBNA_001/20221012_030000.WAV,Telephone Field,recover-20221013,001,1795
191.8235,191.832,49531,53163,Pipistrellus pipistrellus,0.03,0.034,-1,Echolocation,/mnt/ubna_data_02_mir/recover-20221013/UBNA_001/20221012_030000.WAV,Telephone Field,recover-20221013,001,1795
191.8375,191.8776,68437,82921,Rhinolophus ferrumequinum,0.027,0.027,-1,Echolocation,/mnt/ubna_data_02_mir/recover-20221013/UBNA_001/20221012_030000.WAV,Telephone Field,recover-20221013,001,1795
191.8555,191.8662,25468,31473,Eptesicus serotinus,0.008,0.021,-1,Echolocation,/mnt/ubna_data_02_mir/recover-20221013/UBNA_001/20221012_030000.WAV,Telephone Field,recover-20221013,001,1795
191.8595,191.8985,68437,82816,Rhinolophus ferrumequinum,0.023,0.023,-1,Echolocation,/mnt/ubna_data_02_mir/recover-20221013/UBNA_001/20221012_030000.WAV,Telephone Field,recover-20221013,001,1795
191.8775,191.9152,68437,82094,Rhinolophus ferrumequinum,0.024,0.024,-1,Echolocation,/mnt/ubna_data_02_mir/recover-20221013/UBNA_001/20221012_030000.WAV,Telephone Field,recover-20221013,001,1795
191.8835,191.8948,24609,30251,Nyctalus leisleri,0.012,0.028,-1,Echolocation,/mnt/ubna_data_02_mir/recover-20221013/UBNA_001/20221012_030000.WAV,Telephone Field,recover-20221013,001,1795
191.8855,191.926,68437,82668,Rhinolophus ferrumequinum,0.021,0.021,-1,Echolocation,/mnt/ubna_data_02_mir/recover-20221013/UBNA_001/20221012_030000.WAV,Telephone Field,recover-20221013,001,1795
191.9085,191.9194,22031,25573,Nyctalus leisleri,0.013,0.021,-1,Echolocation,/mnt/ubna_data_02_mir/recover-20221013/UBNA_001/20221012_030000.WAV,Telephone Field,recover-20221013,001,1795
191.9105,191.9497,68437,82181,Rhinolophus ferrumequinum,0.025,0.026,-1,Echolocation,/mnt/ubna_data_02_mir/recover-20221013/UBNA_001/20221012_030000.WAV,Telephone Field,recover-20221013,001,1795
191.9755,191.9865,23750,28311,Nyctalus leisleri,0.012,0.023,-1,Echolocation,/mnt/ubna_data_02_mir/recover-20221013/UBNA_001/20221012_030000.WAV,Telephone Field,recover-20221013,001,1795
191.9905,191.9998,26328,38580,Eptesicus serotinus,0.009,0.021,-1,Echolocation,/mnt/ubna_data_02_mir/recover-20221013/UBNA_001/20221012_030000.WAV,Telephone Field,recover-20221013,001,1795
192.0015,192.014,22890,29317,Nyctalus leisleri,0.015,0.039,-1,Echolocation,/mnt/ubna_data_02_mir/recover-20221013/UBNA_001/20221012_030000.WAV,Telephone Field,recover-20221013,001,1795
192.0015,192.0323,69296,81225,Rhinolophus ferrumequinum,0.027,0.028,-1,Echolocation,/mnt/ubna_data_02_mir/recover-20221013/UBNA_001/20221012_030000.WAV,Telephone Field,recover-20221013,001,1795
192.0015,192.0096,45234,51200,Pipistrellus pipistrellus,0.023,0.03,-1,Echolocation,/mnt/ubna_data_02_mir/recover-20221013/UBNA_001/20221012_030000.WAV,Telephone Field,recover-20221013,001,1795
192.0275,192.0658,68437,82271,Rhinolophus ferrumequinum,0.026,0.026,-1,Echolocation,/mnt/ubna_data_02_mir/recover-20221013/UBNA_001/20221012_030000.WAV,Telephone Field,recover-20221013,001,1795
192.0335,192.0748,68437,82490,Rhinolophus ferrumequinum,0.024,0.024,-1,Echolocation,/mnt/ubna_data_02_mir/recover-20221013/UBNA_001/20221012_030000.WAV,Telephone Field,recover-20221013,001,1795
192.0425,192.0814,68437,82618,Rhinolophus ferrumequinum,0.022,0.022,-1,Echolocation,/mnt/ubna_data_02_mir/recover-20221013/UBNA_001/20221012_030000.WAV,Telephone Field,recover-20221013,001,1795
192.0775,192.1153,68437,82195,Rhinolophus ferrumequinum,0.022,0.022,-1,Echolocation,/mnt/ubna_data_02_mir/recover-20221013/UBNA_001/20221012_030000.WAV,Telephone Field,recover-20221013,001,1795
192.1205,192.1592,68437,82123,Rhinolophus ferrumequinum,0.022,0.022,-1,Echolocation,/mnt/ubna_data_02_mir/recover-20221013/UBNA_001/20221012_030000.WAV,Telephone Field,recover-20221013,001,1795
192.1255,192.1385,23750,28839,Nyctalus leisleri,0.012,0.024,-1,Echolocation,/mnt/ubna_data_02_mir/recover-20221013/UBNA_001/20221012_030000.WAV,Telephone Field,recover-20221013,001,1795
192.2005,192.2079,28046,37654,Eptesicus serotinus,0.007,0.022,-1,Echolocation,/mnt/ubna_data_02_mir/recover-20221013/UBNA_001/20221012_030000.WAV,Telephone Field,recover-20221013,001,1795
192.20850000000002,192.2489,68437,82679,Rhinolophus ferrumequinum,0.025,0.025,-1,Echolocation,/mnt/ubna_data_02_mir/recover-20221013/UBNA_001/20221012_030000.WAV,Telephone Field,recover-20221013,001,1795
192.2395,192.2471,27187,35640,Eptesicus serotinus,0.009,0.026,-1,Echolocation,/mnt/ubna_data_02_mir/recover-20221013/UBNA_001/20221012_030000.WAV,Telephone Field,recover-20221013,001,1795
192.2585,192.2993,68437,82717,Rhinolophus ferrumequinum,0.024,0.024,-1,Echolocation,/mnt/ubna_data_02_mir/recover-20221013/UBNA_001/20221012_030000.WAV,Telephone Field,recover-20221013,001,1795
192.2685,192.2759,22890,30784,Plecotus austriacus,0.01,0.022,-1,Echolocation,/mnt/ubna_data_02_mir/recover-20221013/UBNA_001/20221012_030000.WAV,Telephone Field,recover-20221013,001,1795
192.2895,192.2988,23750,30555,Nyctalus leisleri,0.008,0.022,-1,Echolocation,/mnt/ubna_data_02_mir/recover-20221013/UBNA_001/20221012_030000.WAV,Telephone Field,recover-20221013,001,1795
192.3325,192.3449,22890,27406,Nyctalus leisleri,0.014,0.025,-1,Echolocation,/mnt/ubna_data_02_mir/recover-20221013/UBNA_001/20221012_030000.WAV,Telephone Field,recover-20221013,001,1795
192.3385,192.3776,68437,82218,Rhinolophus ferrumequinum,0.022,0.022,-1,Echolocation,/mnt/ubna_data_02_mir/recover-20221013/UBNA_001/20221012_030000.WAV,Telephone Field,recover-20221013,001,1795
192.3555,192.3662,22890,28161,Nyctalus leisleri,0.01,0.022,-1,Echolocation,/mnt/ubna_data_02_mir/recover-20221013/UBNA_001/20221012_030000.WAV,Telephone Field,recover-20221013,001,1795
192.3765,192.4142,68437,81562,Rhinolophus ferrumequinum,0.022,0.022,-1,Echolocation,/mnt/ubna_data_02_mir/recover-20221013/UBNA_001/20221012_030000.WAV,Telephone Field,recover-20221013,001,1795
192.4195,192.4309,23750,28564,Nyctalus leisleri,0.012,0.022,-1,Echolocation,/mnt/ubna_data_02_mir/recover-20221013/UBNA_001/20221012_030000.WAV,Telephone Field,recover-20221013,001,1795
192.42849999999999,192.4643,68437,81966,Rhinolophus ferrumequinum,0.024,0.024,-1,Echolocation,/mnt/ubna_data_02_mir/recover-20221013/UBNA_001/20221012_030000.WAV,Telephone Field,recover-20221013,001,1795
192.4445,192.4827,68437,81932,Rhinolophus ferrumequinum,0.022,0.022,-1,Echolocation,/mnt/ubna_data_02_mir/recover-20221013/UBNA_001/20221012_030000.WAV,Telephone Field,recover-20221013,001,1795
192.4485,192.4574,27187,36153,Eptesicus serotinus,0.008,0.023,-1,Echolocation,/mnt/ubna_data_02_mir/recover-20221013/UBNA_001/20221012_030000.WAV,Telephone Field,recover-20221013,001,1795
192.4695,192.5102,68437,82414,Rhinolophus ferrumequinum,0.023,0.023,-1,Echolocation,/mnt/ubna_data_02_mir/recover-20221013/UBNA_001/20221012_030000.WAV,Telephone Field,recover-20221013,001,1795
192.5125,192.5213,27187,39016,Eptesicus serotinus,0.009,0.026,-1,Echolocation,/mnt/ubna_data_02_mir/recover-20221013/UBNA_001/20221012_030000.WAV,Telephone Field,recover-20221013,001,1795
192.5155,192.526,22890,29471,Nyctalus leisleri,0.011,0.027,-1,Echolocation,/mnt/ubna_data_02_mir/recover-20221013/UBNA_001/20221012_030000.WAV,Telephone Field,recover-20221013,001,1795
192.5355,192.5761,68437,82894,Rhinolophus ferrumequinum,0.032,0.032,-1,Echolocation,/mnt/ubna_data_02_mir/recover-20221013/UBNA_001/20221012_030000.WAV,Telephone Field,recover-20221013,001,1795
192.5545,192.5916,68437,82098,Rhinolophus ferrumequinum,0.024,0.024,-1,Echolocation,/mnt/ubna_data_02_mir/recover-20221013/UBNA_001/20221012_030000.WAV,Telephone Field,recover-20221013,001,1795
192.5555,192.564,45234,55141,Pipistrellus pipistrellus,0.018,0.031,-1,Echolocation,/mnt/ubna_data_02_mir/recover-20221013/UBNA_001/20221012_030000.WAV,Telephone Field,recover-20221013,001,1795
192.5615,192.5679,27187,41667,Eptesicus serotinus,0.006,0.026,-1,Echolocation,/mnt/ubna_data_02_mir/recover-20221013/UBNA_001/20221012_030000.WAV,Telephone Field,recover-20221013,001,1795
192.5635,192.6014,68437,82392,Rhinolophus ferrumequinum,0.023,0.023,-1,Echolocation,/mnt/ubna_data_02_mir/recover-20221013/UBNA_001/20221012_030000.WAV,Telephone Field,recover-20221013,001,1795
192.5795,192.6218,68437,83213,Rhinolophus ferrumequinum,0.042,0.042,-1,Echolocation,/mnt/ubna_data_02_mir/recover-20221013/UBNA_001/20221012_030000.WAV,Telephone Field,recover-20221013,001,1795
192.6005,192.6103,15156,21364,Nyctalus noctula,0.016,0.033,-1,Echolocation,/mnt/ubna_data_02_mir/recover-20221013/UBNA_001/20221012_030000.WAV,Telephone Field,recover-20221013,001,1795
192.6025,192.6454,68437,82909,Rhinolophus ferrumequinum,0.023,0.023,-1,Echolocation,/mnt/ubna_data_02_mir/recover-20221013/UBNA_001/20221012_030000.WAV,Telephone Field,recover-20221013,001,1795
192.6335,192.6732,68437,82434,Rhinolophus ferrumequinum,0.022,0.022,-1,Echolocation,/mnt/ubna_data_02_mir/recover-20221013/UBNA_001/20221012_030000.WAV,Telephone Field,recover-20221013,001,1795
192.6605,192.7022,68437,82600,Rhinolophus ferrumequinum,0.029,0.029,-1,Echolocation,/mnt/ubna_data_02_mir/recover-20221013/UBNA_001/20221012_030000.WAV,Telephone Field,recover-20221013,001,1795
192.6765,192.6871,23750,29527,Nyctalus leisleri,0.013,0.029,-1,Echolocation,/mnt/ubna_data_02_mir/recover-20221013/UBNA_001/20221012_030000.WAV,Telephone Field,recover-20221013,001,1795
192.6855,192.726,68437,82603,Rhinolophus ferrumequinum,0.032,0.032,-1,Echolocation,/mnt/ubna_data_02_mir/recover-20221013/UBNA_001/20221012_030000.WAV,Telephone Field,recover-20221013,001,1795
192.7175,192.7565,68437,81721,Rhinolophus ferrumequinum,0.023,0.023,-1,Echolocation,/mnt/ubna_data_02_mir/recover-20221013/UBNA_001/20221012_030000.WAV,Telephone Field,recover-20221013,001,1795
192.7465,192.7551,27187,37925,Eptesicus serotinus,0.008,0.024,-1,Echolocation,/mnt/ubna_data_02_mir/recover-20221013/UBNA_001/20221012_030000.WAV,Telephone Field,recover-20221013,001,1795
192.7675,192.8079,68437,82676,Rhinolophus ferrumequinum,0.023,0.023,-1,Echolocation,/mnt/ubna_data_02_mir/recover-20221013/UBNA_001/20221012_030000.WAV,Telephone Field,recover-20221013,001,1795
192.7805,192.8234,68437,83328,Rhinolophus ferrumequinum,0.03,0.031,-1,Echolocation,/mnt/ubna_data_02_mir/recover-20221013/UBNA_001/20221012_030000.WAV,Telephone Field,recover-20221013,001,1795
192.8115,192.8485,68437,81767,Rhinolophus ferrumequinum,0.023,0.023,-1,Echolocation,/mnt/ubna_data_02_mir/recover-20221013/UBNA_001/20221012_030000.WAV,Telephone Field,recover-20221013,001,1795
192.8355,192.8411,28046,41882,Myotis daubentonii,0.008,0.033,-1,Echolocation,/mnt/ubna_data_02_mir/recover-20221013/UBNA_001/20221012_030000.WAV,Telephone Field,recover-20221013,001,1795
192.8485,192.8871,68437,82137,Rhinolophus ferrumequinum,0.022,0.022,-1,Echolocation,/mnt/ubna_data_02_mir/recover-20221013/UBNA_001/20221012_030000.WAV,Telephone Field,recover-20221013,001,1795
192.8635,192.8702,27187,41188,Eptesicus serotinus,0.007,0.027,-1,Echolocation,/mnt/ubna_data_02_mir/recover-20221013/UBNA_001/20221012_030000.WAV,Telephone Field,recover-20221013,001,1795
192.8645,192.8705,31484,45844,Myotis daubentonii,0.014,0.026,-1,Echolocation,/mnt/ubna_data_02_mir/recover-20221013/UBNA_001/20221012_030000.WAV,Telephone Field,recover-20221013,001,1795
192.8715,192.9116,68437,82471,Rhinolophus ferrumequinum,0.028,0.028,-1,Echolocation,/mnt/ubna_data_02_mir/recover-20221013/UBNA_001/20221012_030000.WAV,Telephone Field,recover-20221013,001,1795
192.8825,192.891,25468,33715,Eptesicus serotinus,0.008,0.026,-1,Echolocation,/mnt/ubna_data_02_mir/recover-20221013/UBNA_001/20221012_030000.WAV,Telephone Field,recover-20221013,001,1795
192.9175,192.9251,28046,37809,Myotis daubentonii,0.007,0.024,-1,Echolocation,/mnt/ubna_data_02_mir/recover-20221013/UBNA_001/20221012_030000.WAV,Telephone Field,recover-20221013,001,1795
192.9245,192.9629,68437,81846,Rhinolophus ferrumequinum,0.028,0.028,-1,Echolocation,/mnt/ubna_data_02_mir/recover-20221013/UBNA_001/20221012_030000.WAV,Telephone Field,recover-20221013,001,1795
192.9795,193.0133,68437,81137,Rhinolophus ferrumequinum,0.027,0.027,-1,Echolocation,/mnt/ubna_data_02_mir/recover-20221013/UBNA_001/20221012_030000.WAV,Telephone Field,recover-20221013,001,1795
193.0085,193.0417,68437,80765,Rhinolophus ferrumequinum,0.025,0.025,-1,Echolocation,/mnt/ubna_data_02_mir/recover-20221013/UBNA_001/20221012_030000.WAV,Telephone Field,recover-20221013,001,1795
193.0175,193.0558,68437,82378,Rhinolophus ferrumequinum,0.054,0.055,-1,Echolocation,/mnt/ubna_data_02_mir/recover-20221013/UBNA_001/20221012_030000.WAV,Telephone Field,recover-20221013,001,1795
193.0235,193.0308,28046,38566,Eptesicus serotinus,0.006,0.022,-1,Echolocation,/mnt/ubna_data_02_mir/recover-20221013/UBNA_001/20221012_030000.WAV,Telephone Field,recover-20221013,001,1795
193.0435,193.0823,68437,82611,Rhinolophus ferrumequinum,0.022,0.022,-1,Echolocation,/mnt/ubna_data_02_mir/recover-20221013/UBNA_001/20221012_030000.WAV,Telephone Field,recover-20221013,001,1795
193.0905,193.1322,68437,82779,Rhinolophus ferrumequinum,0.025,0.025,-1,Echolocation,/mnt/ubna_data_02_mir/recover-20221013/UBNA_001/20221012_030000.WAV,Telephone Field,recover-20221013,001,1795
193.1265,193.1341,28046,39775,Eptesicus serotinus,0.007,0.023,-1,Echolocation,/mnt/ubna_data_02_mir/recover-20221013/UBNA_001/20221012_030000.WAV,Telephone Field,recover-20221013,001,1795
193.1275,193.1642,68437,82181,Rhinolophus ferrumequinum,0.022,0.022,-1,Echolocation,/mnt/ubna_data_02_mir/recover-20221013/UBNA_001/20221012_030000.WAV,Telephone Field,recover-20221013,001,1795
193.1415,193.1772,68437,81920,Rhinolophus ferrumequinum,0.024,0.024,-1,Echolocation,/mnt/ubna_data_02_mir/recover-20221013/UBNA_001/20221012_030000.WAV,Telephone Field,recover-20221013,001,1795
193.1545,193.1914,68437,81619,Rhinolophus ferrumequinum,0.024,0.024,-1,Echolocation,/mnt/ubna_data_02_mir/recover-20221013/UBNA_001/20221012_030000.WAV,Telephone Field,recover-20221013,001,1795
193.1685,193.2066,68437,82133,Rhinolophus ferrumequinum,0.023,0.023,-1,Echolocation,/mnt/ubna_data_02_mir/recover-20221013/UBNA_001/20221012_030000.WAV,Telephone Field,recover-20221013,001,1795
193.1765,193.1871,56406,61108,Pipistrellus pygmaeus,0.023,0.023,-1,Echolocation,/mnt/ubna_data_02_mir/recover-20221013/UBNA_001/20221012_030000.WAV,Telephone Field,recover-20221013,001,1795
193.2115,193.219,28046,37558,Eptesicus serotinus,0.008,0.027,-1,Echolocation,/mnt/ubna_data_02_mir/recover-20221013/UBNA_001/20221012_030000.WAV,Telephone Field,recover-20221013,001,1795
193.2245,193.2321,28046,37827,Eptesicus serotinus,0.007,0.023,-1,Echolocation,/mnt/ubna_data_02_mir/recover-20221013/UBNA_001/20221012_030000.WAV,Telephone Field,recover-20221013,001,1795
193.2275,193.238,22890,28134,Nyctalus leisleri,0.011,0.022,-1,Echolocation,/mnt/ubna_data_02_mir/recover-20221013/UBNA_001/20221012_030000.WAV,Telephone Field,recover-20221013,001,1795
193.2425,193.2519,27187,36029,Eptesicus serotinus,0.009,0.024,-1,Echolocation,/mnt/ubna_data_02_mir/recover-20221013/UBNA_001/20221012_030000.WAV,Telephone Field,recover-20221013,001,1795
193.2775,193.2881,22031,25516,Nyctalus leisleri,0.013,0.022,-1,Echolocation,/mnt/ubna_data_02_mir/recover-20221013/UBNA_001/20221012_030000.WAV,Telephone Field,recover-20221013,001,1795
193.2935,193.3338,68437,82592,Rhinolophus ferrumequinum,0.024,0.024,-1,Echolocation,/mnt/ubna_data_02_mir/recover-20221013/UBNA_001/20221012_030000.WAV,Telephone Field,recover-20221013,001,1795
193.3085,193.3171,27187,36336,Eptesicus serotinus,0.008,0.023,-1,Echolocation,/mnt/ubna_data_02_mir/recover-20221013/UBNA_001/20221012_030000.WAV,Telephone Field,recover-20221013,001,1795
193.3235,193.3644,68437,82401,Rhinolophus ferrumequinum,0.022,0.022,-1,Echolocation,/mnt/ubna_data_02_mir/recover-20221013/UBNA_001/20221012_030000.WAV,Telephone Field,recover-20221013,001,1795
193.33350000000002,193.3724,68437,82132,Rhinolophus ferrumequinum,0.022,0.022,-1,Echolocation,/mnt/ubna_data_02_mir/recover-20221013/UBNA_001/20221012_030000.WAV,Telephone Field,recover-20221013,001,1795
193.3505,193.35829999999999,27187,40408,Eptesicus serotinus,0.008,0.023,-1,Echolocation,/mnt/ubna_data_02_mir/recover-20221013/UBNA_001/20221012_030000.WAV,Telephone Field,recover-20221013,001,1795
193.3525,193.3597,33203,42181,Myotis daubentonii,0.011,0.024,-1,Echolocation,/mnt/ubna_data_02_mir/recover-20221013/UBNA_001/20221012_030000.WAV,Telephone Field,recover-20221013,001,1795
193.3535,193.3922,68437,81646,Rhinolophus ferrumequinum,0.029,0.029,-1,Echolocation,/mnt/ubna_data_02_mir/recover-20221013/UBNA_001/20221012_030000.WAV,Telephone Field,recover-20221013,001,1795
193.4275,193.465,68437,81518,Rhinolophus ferrumequinum,0.024,0.024,-1,Echolocation,/mnt/ubna_data_02_mir/recover-20221013/UBNA_001/20221012_030000.WAV,Telephone Field,recover-20221013,001,1795
193.4435,193.4845,68437,82771,Rhinolophus ferrumequinum,0.029,0.029,-1,Echolocation,/mnt/ubna_data_02_mir/recover-20221013/UBNA_001/20221012_030000.WAV,Telephone Field,recover-20221013,001,1795
193.44650000000001,193.4563,24609,32530,Eptesicus serotinus,0.009,0.027,-1,Echolocation,/mnt/ubna_data_02_mir/recover-20221013/UBNA_001/20221012_030000.WAV,Telephone Field,recover-20221013,001,1795
193.4725,193.4818,27187,35305,Eptesicus serotinus,0.013,0.028,-1,Echolocation,/mnt/ubna_data_02_mir/recover-20221013/UBNA_001/20221012_030000.WAV,Telephone Field,recover-20221013,001,1795
193.4905,193.5253,68437,81215,Rhinolophus ferrumequinum,0.022,0.022,-1,Echolocation,/mnt/ubna_data_02_mir/recover-20221013/UBNA_001/20221012_030000.WAV,Telephone Field,recover-20221013,001,1795
193.5255,193.564,68437,82104,Rhinolophus ferrumequinum,0.028,0.028,-1,Echolocation,/mnt/ubna_data_02_mir/recover-20221013/UBNA_001/20221012_030000.WAV,Telephone Field,recover-20221013,001,1795
193.55349999999999,193.5935,68437,82532,Rhinolophus ferrumequinum,0.031,0.031,-1,Echolocation,/mnt/ubna_data_02_mir/recover-20221013/UBNA_001/20221012_030000.WAV,Telephone Field,recover-20221013,001,1795
193.5705,193.6081,68437,81955,Rhinolophus ferrumequinum,0.034,0.034,-1,Echolocation,/mnt/ubna_data_02_mir/recover-20221013/UBNA_001/20221012_030000.WAV,Telephone Field,recover-20221013,001,1795
193.6005,193.6134,53828,57479,Pipistrellus pygmaeus,0.026,0.029,-1,Echolocation,/mnt/ubna_data_02_mir/recover-20221013/UBNA_001/20221012_030000.WAV,Telephone Field,recover-20221013,001,1795
193.6185,193.6566,68437,81709,Rhinolophus ferrumequinum,0.023,0.023,-1,Echolocation,/mnt/ubna_data_02_mir/recover-20221013/UBNA_001/20221012_030000.WAV,Telephone Field,recover-20221013,001,1795
193.6475,193.655,28046,37805,Eptesicus serotinus,0.007,0.026,-1,Echolocation,/mnt/ubna_data_02_mir/recover-20221013/UBNA_001/20221012_030000.WAV,Telephone Field,recover-20221013,001,1795
193.6655,193.70850000000002,68437,82941,Rhinolophus ferrumequinum,0.028,0.028,-1,Echolocation,/mnt/ubna_data_02_mir/recover-20221013/UBNA_001/20221012_030000.WAV,Telephone Field,recover-20221013,001,1795
193.69650000000001,193.7051,28046,37972,Eptesicus serotinus,0.008,0.024,-1,Echolocation,/mnt/ubna_data_02_mir/recover-20221013/UBNA_001/20221012_030000.WAV,Telephone Field,recover-20221013,001,1795
193.7385,193.7764,68437,82350,Rhinolophus ferrumequinum,0.025,0.025,-1,Echolocation,/mnt/ubna_data_02_mir/recover-20221013/UBNA_001/20221012_030000.WAV,Telephone Field,recover-20221013,001,1795
193.7435,193.7544,23750,29233,Nyctalus leisleri,0.016,0.032,-1,Echolocation,/mnt/ubna_data_02_mir/recover-20221013/UBNA_001/20221012_030000.WAV,Telephone Field,recover-20221013,001,1795
193.7725,193.8158,68437,83383,Rhinolophus ferrumequinum,0.043,0.043,-1,Echolocation,/mnt/ubna_data_02_mir/recover-20221013/UBNA_001/20221012_030000.WAV,Telephone Field,recover-20221013,001,1795
193.8095,193.8505,68437,82857,Rhinolophus ferrumequinum,0.027,0.027,-1,Echolocation,/mnt/ubna_data_02_mir/recover-20221013/UBNA_001/20221012_030000.WAV,Telephone Field,recover-20221013,001,1795
193.8145,193.8264,40078,44453,Pipistrellus nathusii,0.02,0.027,-1,Echolocation,/mnt/ubna_data_02_mir/recover-20221013/UBNA_001/20221012_030000.WAV,Telephone Field,recover-20221013,001,1795
193.8385,193.8762,68437,81977,Rhinolophus ferrumequinum,0.023,0.023,-1,Echolocation,/mnt/ubna_data_02_mir/recover-20221013/UBNA_001/20221012_030000.WAV,Telephone Field,recover-20221013,001,1795
193.8495,193.8889,68437,82421,Rhinolophus ferrumequinum,0.027,0.027,-1,Echolocation,/mnt/ubna_data_02_mir/recover-20221013/UBNA_001/20221012_030000.WAV,Telephone Field,recover-20221013,001,1795
193.9105,193.9196,57265,62084,Pipistrellus pygmaeus,0.022,0.022,-1,Echolocation,/mnt/ubna_data_02_mir/recover-20221013/UBNA_001/20221012_030000.WAV,Telephone Field,recover-20221013,001,1795
193.9175,193.9539,68437,81821,Rhinolophus ferrumequinum,0.026,0.026,-1,Echolocation,/mnt/ubna_data_02_mir/recover-20221013/UBNA_001/20221012_030000.WAV,Telephone Field,recover-20221013,001,1795
193.9265,193.9371,28046,35756,Eptesicus serotinus,0.009,0.022,-1,Echolocation,/mnt/ubna_data_02_mir/recover-20221013/UBNA_001/20221012_030000.WAV,Telephone Field,recover-20221013,001,1795
193.9445,193.9841,68437,82091,Rhinolophus ferrumequinum,0.023,0.023,-1,Echolocation,/mnt/ubna_data_02_mir/recover-20221013/UBNA_001/20221012_030000.WAV,Telephone Field,recover-20221013,001,1795
193.9505,193.99,68437,82172,Rhinolophus ferrumequinum,0.024,0.024,-1,Echolocation,/mnt/ubna_data_02_mir/recover-20221013/UBNA_001/20221012_030000.WAV,Telephone Field,recover-20221013,001,1795
193.9535,193.9653,25468,31655,Eptesicus serotinus,0.013,0.03,-1,Echolocation,/mnt/ubna_data_02_mir/recover-20221013/UBNA_001/20221012_030000.WAV,Telephone Field,recover-20221013,001,1795
194.0015,194.0099,43515,49634,Pipistrellus pipistrellus,0.025,0.034,-1,Echolocation,/mnt/ubna_data_02_mir/recover-20221013/UBNA_001/20221012_030000.WAV,Telephone Field,recover-20221013,001,1795
194.0015,194.0106,22890,29503,Nyctalus leisleri,0.013,0.031,-1,Echolocation,/mnt/ubna_data_02_mir/recover-20221013/UBNA_001/20221012_030000.WAV,Telephone Field,recover-20221013,001,1795
194.0025,194.043,68437,82115,Rhinolophus ferrumequinum,0.025,0.026,-1,Echolocation,/mnt/ubna_data_02_mir/recover-20221013/UBNA_001/20221012_030000.WAV,Telephone Field,recover-20221013,001,1795
194.0075,194.05,68437,81516,Rhinolophus ferrumequinum,0.023,0.023,-1,Echolocation,/mnt/ubna_data_02_mir/recover-20221013/UBNA_001/20221012_030000.WAV,Telephone Field,recover-20221013,001,1795
194.0115,194.0219,22890,28635,Nyctalus leisleri,0.01,0.023,-1,Echolocation,/mnt/ubna_data_02_mir/recover-20221013/UBNA_001/20221012_030000.WAV,Telephone Field,recover-20221013,001,1795
194.0285,194.0698,68437,83130,Rhinolophus ferrumequinum,0.029,0.029,-1,Echolocation,/mnt/ubna_data_02_mir/recover-20221013/UBNA_001/20221012_030000.WAV,Telephone Field,recover-20221013,001,1795
194.0355,194.0772,68437,82803,Rhinolophus ferrumequinum,0.025,0.025,-1,Echolocation,/mnt/ubna_data_02_mir/recover-20221013/UBNA_001/20221012_030000.WAV,Telephone Field,recover-20221013,001,1795
194.0605,194.0993,68437,82088,Rhinolophus ferrumequinum,0.022,0.022,-1,Echolocation,/mnt/ubna_data_02_mir/recover-20221013/UBNA_001/20221012_030000.WAV,Telephone Field,recover-20221013,001,1795
194.0685,194.0773,26328,35937,Eptesicus serotinus,0.008,0.021,-1,Echolocation,/mnt/ubna_data_02_mir/recover-20221013/UBNA_001/20221012_030000.WAV,Telephone Field,recover-20221013,001,1795
194.07150000000001,194.0823,33203,39134,Barbastellus barbastellus,0.012,0.04,-1,Echolocation,/mnt/ubna_data_02_mir/recover-20221013/UBNA_001/20221012_030000.WAV,Telephone Field,recover-20221013,001,1795
194.0795,194.1244,68437,83539,Rhinolophus ferrumequinum,0.041,0.041,-1,Echolocation,/mnt/ubna_data_02_mir/recover-20221013/UBNA_001/20221012_030000.WAV,Telephone Field,recover-20221013,001,1795
194.1085,194.1495,68437,82337,Rhinolophus ferrumequinum,0.021,0.021,-1,Echolocation,/mnt/ubna_data_02_mir/recover-20221013/UBNA_001/20221012_030000.WAV,Telephone Field,recover-20221013,001,1795
194.1305,194.1706,68437,82046,Rhinolophus ferrumequinum,0.022,0.022,-1,Echolocation,/mnt/ubna_data_02_mir/recover-20221013/UBNA_001/20221012_030000.WAV,Telephone Field,recover-20221013,001,1795
194.1365,194.17680000000001,68437,82113,Rhinolophus ferrumequinum,0.021,0.021,-1,Echolocation,/mnt/ubna_data_02_mir/recover-20221013/UBNA_001/20221012_030000.WAV,Telephone Field,recover-20221013,001,1795
194.1555,194.1932,68437,81802,Rhinolophus ferrumequinum,0.028,0.028,-1,Echolocation,/mnt/ubna_data_02_mir/recover-20221013/UBNA_001/20221012_030000.WAV,Telephone Field,recover-20221013,001,1795
194.2155,194.2552,68437,81822,Rhinolophus ferrumequinum,0.025,0.025,-1,Echolocation,/mnt/ubna_data_02_mir/recover-20221013/UBNA_001/20221012_030000.WAV,Telephone Field,recover-20221013,001,1795
194.2345,194.2756,68437,82239,Rhinolophus ferrumequinum,0.024,0.024,-1,Echolocation,/mnt/ubna_data_02_mir/recover-20221013/UBNA_001/20221012_030000.WAV,Telephone Field,recover-20221013,001,1795
194.2625,194.3009,68437,81646,Rhinolophus ferrumequinum,0.021,0.021,-1,Echolocation,/mnt/ubna_data_02_mir/recover-20221013/UBNA_001/20221012_030000.WAV,Telephone Field,recover-20221013,001,1795
194.2705,194.3093,68437,82000,Rhinolophus ferrumequinum,0.024,0.024,-1,Echolocation,/mnt/ubna_data_02_mir/recover-20221013/UBNA_001/20221012_030000.WAV,Telephone Field,recover-20221013,001,1795
194.3105,194.3517,68437,83131,Rhinolophus ferrumequinum,0.024,0.024,-1,Echolocation,/mnt/ubna_data_02_mir/recover-20221013/UBNA_001/20221012_030000.WAV,Telephone Field,recover-20221013,001,1795
194.3175,194.3581,68437,82722,Rhinolophus ferrumequinum,0.024,0.024,-1,Echolocation,/mnt/ubna_data_02_mir/recover-20221013/UBNA_001/20221012_030000.WAV,Telephone Field,recover-20221013,001,1795
194.3465,194.3544,28046,39660,Eptesicus serotinus,0.009,0.022,-1,Echolocation,/mnt/ubna_data_02_mir/recover-20221013/UBNA_001/20221012_030000.WAV,Telephone Field,recover-20221013,001,1795
194.3615,194.3988,68437,81655,Rhinolophus ferrumequinum,0.021,0.021,-1,Echolocation,/mnt/ubna_data_02_mir/recover-20221013/UBNA_001/20221012_030000.WAV,Telephone Field,recover-20221013,001,1795
194.3835,194.4248,68437,82374,Rhinolophus ferrumequinum,0.022,0.022,-1,Echolocation,/mnt/ubna_data_02_mir/recover-20221013/UBNA_001/20221012_030000.WAV,Telephone Field,recover-20221013,001,1795
194.4195,194.4608,68437,82700,Rhinolophus ferrumequinum,0.024,0.024,-1,Echolocation,/mnt/ubna_data_02_mir/recover-20221013/UBNA_001/20221012_030000.WAV,Telephone Field,recover-20221013,001,1795
194.4255,194.4395,26328,31699,Eptesicus serotinus,0.023,0.048,-1,Echolocation,/mnt/ubna_data_02_mir/recover-20221013/UBNA_001/20221012_030000.WAV,Telephone Field,recover-20221013,001,1795
194.5105,194.551,68437,82724,Rhinolophus ferrumequinum,0.024,0.024,-1,Echolocation,/mnt/ubna_data_02_mir/recover-20221013/UBNA_001/20221012_030000.WAV,Telephone Field,recover-20221013,001,1795
194.5235,194.565,68437,82430,Rhinolophus ferrumequinum,0.023,0.023,-1,Echolocation,/mnt/ubna_data_02_mir/recover-20221013/UBNA_001/20221012_030000.WAV,Telephone Field,recover-20221013,001,1795
194.57150000000001,194.5806,44375,52321,Pipistrellus pipistrellus,0.016,0.022,-1,Echolocation,/mnt/ubna_data_02_mir/recover-20221013/UBNA_001/20221012_030000.WAV,Telephone Field,recover-20221013,001,1795
194.6065,194.642,68437,80633,Rhinolophus ferrumequinum,0.022,0.022,-1,Echolocation,/mnt/ubna_data_02_mir/recover-20221013/UBNA_001/20221012_030000.WAV,Telephone Field,recover-20221013,001,1795
194.6355,194.6454,28906,37508,Eptesicus serotinus,0.009,0.023,-1,Echolocation,/mnt/ubna_data_02_mir/recover-20221013/UBNA_001/20221012_030000.WAV,Telephone Field,recover-20221013,001,1795
194.6375,194.6764,68437,82243,Rhinolophus ferrumequinum,0.023,0.023,-1,Echolocation,/mnt/ubna_data_02_mir/recover-20221013/UBNA_001/20221012_030000.WAV,Telephone Field,recover-20221013,001,1795
194.6545,194.6629,28046,38152,Eptesicus serotinus,0.008,0.021,-1,Echolocation,/mnt/ubna_data_02_mir/recover-20221013/UBNA_001/20221012_030000.WAV,Telephone Field,recover-20221013,001,1795
194.6615,194.6974,68437,81397,Rhinolophus ferrumequinum,0.021,0.022,-1,Echolocation,/mnt/ubna_data_02_mir/recover-20221013/UBNA_001/20221012_030000.WAV,Telephone Field,recover-20221013,001,1795
194.6795,194.719,68437,82402,Rhinolophus ferrumequinum,0.031,0.031,-1,Echolocation,/mnt/ubna_data_02_mir/recover-20221013/UBNA_001/20221012_030000.WAV,Telephone Field,recover-20221013,001,1795
194.6915,194.7314,68437,82420,Rhinolophus ferrumequinum,0.025,0.025,-1,Echolocation,/mnt/ubna_data_02_mir/recover-20221013/UBNA_001/20221012_030000.WAV,Telephone Field,recover-20221013,001,1795
194.7025,194.7413,68437,82182,Rhinolophus ferrumequinum,0.022,0.022,-1,Echolocation,/mnt/ubna_data_02_mir/recover-20221013/UBNA_001/20221012_030000.WAV,Telephone Field,recover-20221013,001,1795
194.7105,194.721,28906,38781,Eptesicus serotinus,0.013,0.027,-1,Echolocation,/mnt/ubna_data_02_mir/recover-20221013/UBNA_001/20221012_030000.WAV,Telephone Field,recover-20221013,001,1795
194.7125,194.7507,68437,82141,Rhinolophus ferrumequinum,0.022,0.022,-1,Echolocation,/mnt/ubna_data_02_mir/recover-20221013/UBNA_001/20221012_030000.WAV,Telephone Field,recover-20221013,001,1795
194.7145,194.7253,35781,40391,Barbastellus barbastellus,0.005,0.021,-1,Echolocation,/mnt/ubna_data_02_mir/recover-20221013/UBNA_001/20221012_030000.WAV,Telephone Field,recover-20221013,001,1795
194.7325,194.7715,68437,82220,Rhinolophus ferrumequinum,0.023,0.023,-1,Echolocation,/mnt/ubna_data_02_mir/recover-20221013/UBNA_001/20221012_030000.WAV,Telephone Field,recover-20221013,001,1795
194.7395,194.7791,68437,82059,Rhinolophus ferrumequinum,0.021,0.021,-1,Echolocation,/mnt/ubna_data_02_mir/recover-20221013/UBNA_001/20221012_030000.WAV,Telephone Field,recover-20221013,001,1795
194.7475,194.7547,23750,32298,Plecotus austriacus,0.01,0.023,-1,Echolocation,/mnt/ubna_data_02_mir/recover-20221013/UBNA_001/20221012_030000.WAV,Telephone Field,recover-20221013,001,1795
194.7515,194.7906,68437,82913,Rhinolophus ferrumequinum,0.022,0.022,-1,Echolocation,/mnt/ubna_data_02_mir/recover-20221013/UBNA_001/20221012_030000.WAV,Telephone Field,recover-20221013,001,1795
194.7615,194.79840000000002,68437,81566,Rhinolophus ferrumequinum,0.023,0.023,-1,Echolocation,/mnt/ubna_data_02_mir/recover-20221013/UBNA_001/20221012_030000.WAV,Telephone Field,recover-20221013,001,1795
194.7775,194.7847,25468,34832,Plecotus austriacus,0.005,0.021,-1,Echolocation,/mnt/ubna_data_02_mir/recover-20221013/UBNA_001/20221012_030000.WAV,Telephone Field,recover-20221013,001,1795
194.7875,194.8265,68437,82410,Rhinolophus ferrumequinum,0.025,0.025,-1,Echolocation,/mnt/ubna_data_02_mir/recover-20221013/UBNA_001/20221012_030000.WAV,Telephone Field,recover-20221013,001,1795
194.8075,194.8485,68437,82496,Rhinolophus ferrumequinum,0.024,0.024,-1,Echolocation,/mnt/ubna_data_02_mir/recover-20221013/UBNA_001/20221012_030000.WAV,Telephone Field,recover-20221013,001,1795
194.8175,194.8532,68437,82356,Rhinolophus ferrumequinum,0.023,0.023,-1,Echolocation,/mnt/ubna_data_02_mir/recover-20221013/UBNA_001/20221012_030000.WAV,Telephone Field,recover-20221013,001,1795
194.8245,194.8378,14296,20351,Nyctalus noctula,0.015,0.024,-1,Echolocation,/mnt/ubna_data_02_mir/recover-20221013/UBNA_001/20221012_030000.WAV,Telephone Field,recover-20221013,001,1795
194.8305,194.8401,26328,33690,Eptesicus serotinus,0.01,0.022,-1,Echolocation,/mnt/ubna_data_02_mir/recover-20221013/UBNA_001/20221012_030000.WAV,Telephone Field,recover-20221013,001,1795
194.8625,194.9073,68437,83679,Rhinolophus ferrumequinum,0.036,0.036,-1,Echolocation,/mnt/ubna_data_02_mir/recover-20221013/UBNA_001/20221012_030000.WAV,Telephone Field,recover-20221013,001,1795
194.8865,194.925,68437,82146,Rhinolophus ferrumequinum,0.026,0.026,-1,Echolocation,/mnt/ubna_data_02_mir/recover-20221013/UBNA_001/20221012_030000.WAV,Telephone Field,recover-20221013,001,1795
194.8875,194.8974,23750,30374,Nyctalus leisleri,0.008,0.021,-1,Echolocation,/mnt/ubna_data_02_mir/recover-20221013/UBNA_001/20221012_030000.WAV,Telephone Field,recover-20221013,001,1795
194.9155,194.9557,68437,81984,Rhinolophus ferrumequinum,0.024,0.024,-1,Echolocation,/mnt/ubna_data_02_mir/recover-20221013/UBNA_001/20221012_030000.WAV,Telephone Field,recover-20221013,001,1795
194.94650000000001,194.9874,68437,82546,Rhinolophus ferrumequinum,0.022,0.022,-1,Echolocation,/mnt/ubna_data_02_mir/recover-20221013/UBNA_001/20221012_030000.WAV,Telephone Field,recover-20221013,001,1795
194.9515,194.9583,28046,40908,Eptesicus serotinus,0.007,0.023,-1,Echolocation,/mnt/ubna_data_02_mir/recover-20221013/UBNA_001/20221012_030000.WAV,Telephone Field,recover-20221013,001,1795
194.9675,194.9784,34062,39679,Barbastellus barbastellus,0.006,0.026,-1,Echolocation,/mnt/ubna_data_02_mir/recover-20221013/UBNA_001/20221012_030000.WAV,Telephone Field,recover-20221013,001,1795
194.9955,195.031,68437,80903,Rhinolophus ferrumequinum,0.027,0.027,-1,Echolocation,/mnt/ubna_data_02_mir/recover-20221013/UBNA_001/20221012_030000.WAV,Telephone Field,recover-20221013,001,1795
195.0155,195.0582,68437,83225,Rhinolophus ferrumequinum,0.043,0.043,-1,Echolocation,/mnt/ubna_data_02_mir/recover-20221013/UBNA_001/20221012_030000.WAV,Telephone Field,recover-20221013,001,1795
195.0565,195.1022,68437,83502,Rhinolophus ferrumequinum,0.06,0.06,-1,Echolocation,/mnt/ubna_data_02_mir/recover-20221013/UBNA_001/20221012_030000.WAV,Telephone Field,recover-20221013,001,1795
195.0805,195.0913,23750,29457,Nyctalus leisleri,0.01,0.022,-1,Echolocation,/mnt/ubna_data_02_mir/recover-20221013/UBNA_001/20221012_030000.WAV,Telephone Field,recover-20221013,001,1795
195.0815,195.1204,68437,81605,Rhinolophus ferrumequinum,0.022,0.022,-1,Echolocation,/mnt/ubna_data_02_mir/recover-20221013/UBNA_001/20221012_030000.WAV,Telephone Field,recover-20221013,001,1795
195.0935,195.1023,22031,28319,Plecotus austriacus,0.009,0.021,-1,Echolocation,/mnt/ubna_data_02_mir/recover-20221013/UBNA_001/20221012_030000.WAV,Telephone Field,recover-20221013,001,1795
195.1015,195.1413,68437,82129,Rhinolophus ferrumequinum,0.029,0.029,-1,Echolocation,/mnt/ubna_data_02_mir/recover-20221013/UBNA_001/20221012_030000.WAV,Telephone Field,recover-20221013,001,1795
195.1735,195.2124,68437,82180,Rhinolophus ferrumequinum,0.022,0.022,-1,Echolocation,/mnt/ubna_data_02_mir/recover-20221013/UBNA_001/20221012_030000.WAV,Telephone Field,recover-20221013,001,1795
195.2365,195.2753,68437,82370,Rhinolophus ferrumequinum,0.021,0.022,-1,Echolocation,/mnt/ubna_data_02_mir/recover-20221013/UBNA_001/20221012_030000.WAV,Telephone Field,recover-20221013,001,1795
195.2415,195.2536,23750,28736,Nyctalus leisleri,0.036,0.068,-1,Echolocation,/mnt/ubna_data_02_mir/recover-20221013/UBNA_001/20221012_030000.WAV,Telephone Field,recover-20221013,001,1795
195.2555,195.2643,28046,39795,Eptesicus serotinus,0.009,0.022,-1,Echolocation,/mnt/ubna_data_02_mir/recover-20221013/UBNA_001/20221012_030000.WAV,Telephone Field,recover-20221013,001,1795
195.2765,195.2896,22031,25832,Nyctalus leisleri,0.013,0.021,-1,Echolocation,/mnt/ubna_data_02_mir/recover-20221013/UBNA_001/20221012_030000.WAV,Telephone Field,recover-20221013,001,1795
195.2865,195.2977,22890,28107,Nyctalus leisleri,0.011,0.022,-1,Echolocation,/mnt/ubna_data_02_mir/recover-20221013/UBNA_001/20221012_030000.WAV,Telephone Field,recover-20221013,001,1795
195.3005,195.3109,26328,33392,Eptesicus serotinus,0.01,0.022,-1,Echolocation,/mnt/ubna_data_02_mir/recover-20221013/UBNA_001/20221012_030000.WAV,Telephone Field,recover-20221013,001,1795
195.3115,195.32,27187,37261,Eptesicus serotinus,0.007,0.021,-1,Echolocation,/mnt/ubna_data_02_mir/recover-20221013/UBNA_001/20221012_030000.WAV,Telephone Field,recover-20221013,001,1795
195.3155,195.3529,68437,81476,Rhinolophus ferrumequinum,0.024,0.024,-1,Echolocation,/mnt/ubna_data_02_mir/recover-20221013/UBNA_001/20221012_030000.WAV,Telephone Field,recover-20221013,001,1795
195.3275,195.3653,68437,82555,Rhinolophus ferrumequinum,0.021,0.021,-1,Echolocation,/mnt/ubna_data_02_mir/recover-20221013/UBNA_001/20221012_030000.WAV,Telephone Field,recover-20221013,001,1795
195.3515,195.3945,68437,83188,Rhinolophus ferrumequinum,0.037,0.037,-1,Echolocation,/mnt/ubna_data_02_mir/recover-20221013/UBNA_001/20221012_030000.WAV,Telephone Field,recover-20221013,001,1795
195.3575,195.3668,22890,30312,Plecotus austriacus,0.009,0.029,-1,Echolocation,/mnt/ubna_data_02_mir/recover-20221013/UBNA_001/20221012_030000.WAV,Telephone Field,recover-20221013,001,1795
195.3755,195.4177,68437,82991,Rhinolophus ferrumequinum,0.025,0.025,-1,Echolocation,/mnt/ubna_data_02_mir/recover-20221013/UBNA_001/20221012_030000.WAV,Telephone Field,recover-20221013,001,1795
195.3935,195.4323,68437,81943,Rhinolophus ferrumequinum,0.022,0.022,-1,Echolocation,/mnt/ubna_data_02_mir/recover-20221013/UBNA_001/20221012_030000.WAV,Telephone Field,recover-20221013,001,1795
195.3965,195.4048,27187,36078,Eptesicus serotinus,0.008,0.023,-1,Echolocation,/mnt/ubna_data_02_mir/recover-20221013/UBNA_001/20221012_030000.WAV,Telephone Field,recover-20221013,001,1795
195.4135,195.4533,68437,81512,Rhinolophus ferrumequinum,0.029,0.029,-1,Echolocation,/mnt/ubna_data_02_mir/recover-20221013/UBNA_001/20221012_030000.WAV,Telephone Field,recover-20221013,001,1795
195.4195,195.4615,68437,82462,Rhinolophus ferrumequinum,0.028,0.028,-1,Echolocation,/mnt/ubna_data_02_mir/recover-20221013/UBNA_001/20221012_030000.WAV,Telephone Field,recover-20221013,001,1795
195.4415,195.4818,68437,82448,Rhinolophus ferrumequinum,0.021,0.021,-1,Echolocation,/mnt/ubna_data_02_mir/recover-20221013/UBNA_001/20221012_030000.WAV,Telephone Field,recover-20221013,001,1795
195.5305,195.5378,28046,39433,Eptesicus serotinus,0.007,0.023,-1,Echolocation,/mnt/ubna_data_02_mir/recover-20221013/UBNA_001/20221012_030000.WAV,Telephone Field,recover-20221013,001,1795
195.5405,195.5761,68437,81047,Rhinolophus ferrumequinum,0.021,0.021,-1,Echolocation,/mnt/ubna_data_02_mir/recover-20221013/UBNA_001/20221012_030000.WAV,Telephone Field,recover-20221013,001,1795
195.5555,195.5979,68437,82748,Rhinolophus ferrumequinum,0.031,0.031,-1,Echolocation,/mnt/ubna_data_02_mir/recover-20221013/UBNA_001/20221012_030000.WAV,Telephone Field,recover-20221013,001,1795
195.5575,195.5658,28046,38428,Eptesicus serotinus,0.008,0.022,-1,Echolocation,/mnt/ubna_data_02_mir/recover-20221013/UBNA_001/20221012_030000.WAV,Telephone Field,recover-20221013,001,1795
195.5755,195.5833,42656,46597,Pipistrellus pipistrellus,0.024,0.028,-1,Echolocation,/mnt/ubna_data_02_mir/recover-20221013/UBNA_001/20221012_030000.WAV,Telephone Field,recover-20221013,001,1795
195.5775,195.5874,22890,29531,Nyctalus leisleri,0.008,0.022,-1,Echolocation,/mnt/ubna_data_02_mir/recover-20221013/UBNA_001/20221012_030000.WAV,Telephone Field,recover-20221013,001,1795
195.5945,195.6341,68437,82384,Rhinolophus ferrumequinum,0.022,0.022,-1,Echolocation,/mnt/ubna_data_02_mir/recover-20221013/UBNA_001/20221012_030000.WAV,Telephone Field,recover-20221013,001,1795
195.6215,195.6633,68437,82247,Rhinolophus ferrumequinum,0.023,0.023,-1,Echolocation,/mnt/ubna_data_02_mir/recover-20221013/UBNA_001/20221012_030000.WAV,Telephone Field,recover-20221013,001,1795
195.6255,195.6464,20312,23759,Nyctalus leisleri,0.019,0.04,-1,Echolocation,/mnt/ubna_data_02_mir/recover-20221013/UBNA_001/20221012_030000.WAV,Telephone Field,recover-20221013,001,1795
195.6475,195.6881,68437,82030,Rhinolophus ferrumequinum,0.021,0.021,-1,Echolocation,/mnt/ubna_data_02_mir/recover-20221013/UBNA_001/20221012_030000.WAV,Telephone Field,recover-20221013,001,1795
195.6885,195.73,68437,83179,Rhinolophus ferrumequinum,0.026,0.026,-1,Echolocation,/mnt/ubna_data_02_mir/recover-20221013/UBNA_001/20221012_030000.WAV,Telephone Field,recover-20221013,001,1795
195.7285,195.7673,68437,81214,Rhinolophus ferrumequinum,0.025,0.025,-1,Echolocation,/mnt/ubna_data_02_mir/recover-20221013/UBNA_001/20221012_030000.WAV,Telephone Field,recover-20221013,001,1795
195.7425,195.7859,68437,82980,Rhinolophus ferrumequinum,0.043,0.043,-1,Echolocation,/mnt/ubna_data_02_mir/recover-20221013/UBNA_001/20221012_030000.WAV,Telephone Field,recover-20221013,001,1795
195.7465,195.7547,28046,40433,Eptesicus serotinus,0.008,0.022,-1,Echolocation,/mnt/ubna_data_02_mir/recover-20221013/UBNA_001/20221012_030000.WAV,Telephone Field,recover-20221013,001,1795
195.7795,195.8186,68437,81597,Rhinolophus ferrumequinum,0.022,0.022,-1,Echolocation,/mnt/ubna_data_02_mir/recover-20221013/UBNA_001/20221012_030000.WAV,Telephone Field,recover-20221013,001,1795
195.8045,195.8443,68437,82420,Rhinolophus ferrumequinum,0.022,0.022,-1,Echolocation,/mnt/ubna_data_02_mir/recover-20221013/UBNA_001/20221012_030000.WAV,Telephone Field,recover-20221013,001,1795
195.8055,195.8145,28046,39259,Eptesicus serotinus,0.009,0.024,-1,Echolocation,/mnt/ubna_data_02_mir/recover-20221013/UBNA_001/20221012_030000.WAV,Telephone Field,recover-20221013,001,1795
195.8095,195.8474,68437,82087,Rhinolophus ferrumequinum,0.022,0.022,-1,Echolocation,/mnt/ubna_data_02_mir/recover-20221013/UBNA_001/20221012_030000.WAV,Telephone Field,recover-20221013,001,1795
195.82150000000001,195.8375,42656,46383,Pipistrellus pipistrellus,0.034,0.045,-1,Echolocation,/mnt/ubna_data_02_mir/recover-20221013/UBNA_001/20221012_030000.WAV,Telephone Field,recover-20221013,001,1795
195.8245,195.8707,68437,83881,Rhinolophus ferrumequinum,0.037,0.037,-1,Echolocation,/mnt/ubna_data_02_mir/recover-20221013/UBNA_001/20221012_030000.WAV,Telephone Field,recover-20221013,001,1795
195.8325,195.8397,23750,32088,Plecotus austriacus,0.008,0.021,-1,Echolocation,/mnt/ubna_data_02_mir/recover-20221013/UBNA_001/20221012_030000.WAV,Telephone Field,recover-20221013,001,1795
195.8665,195.8768,24609,30834,Nyctalus leisleri,0.011,0.028,-1,Echolocation,/mnt/ubna_data_02_mir/recover-20221013/UBNA_001/20221012_030000.WAV,Telephone Field,recover-20221013,001,1795
195.8945,195.9334,68437,82097,Rhinolophus ferrumequinum,0.029,0.029,-1,Echolocation,/mnt/ubna_data_02_mir/recover-20221013/UBNA_001/20221012_030000.WAV,Telephone Field,recover-20221013,001,1795
195.9025,195.9424,68437,82013,Rhinolophus ferrumequinum,0.023,0.023,-1,Echolocation,/mnt/ubna_data_02_mir/recover-20221013/UBNA_001/20221012_030000.WAV,Telephone Field,recover-20221013,001,1795
195.9255,195.9649,68437,82163,Rhinolophus ferrumequinum,0.021,0.021,-1,Echolocation,/mnt/ubna_data_02_mir/recover-20221013/UBNA_001/20221012_030000.WAV,Telephone Field,recover-20221013,001,1795
195.9685,195.9813,32343,38145,Eptesicus serotinus,0.008,0.024,-1,Echolocation,/mnt/ubna_data_02_mir/recover-20221013/UBNA_001/20221012_030000.WAV,Telephone Field,recover-20221013,001,1795
196.0015,196.0088,25468,37179,Myotis nattereri,0.005,0.024,-1,Echolocation,/mnt/ubna_data_02_mir/recover-20221013/UBNA_001/20221012_030000.WAV,Telephone Field,recover-20221013,001,1795
196.0015,196.0375,68437,80474,Rhinolophus ferrumequinum,0.027,0.027,-1,Echolocation,/mnt/ubna_data_02_mir/recover-20221013/UBNA_001/20221012_030000.WAV,Telephone Field,recover-20221013,001,1795
196.0255,196.0637,68437,81888,Rhinolophus ferrumequinum,0.022,0.022,-1,Echolocation,/mnt/ubna_data_02_mir/recover-20221013/UBNA_001/20221012_030000.WAV,Telephone Field,recover-20221013,001,1795
196.0385,196.0744,68437,81678,Rhinolophus ferrumequinum,0.021,0.022,-1,Echolocation,/mnt/ubna_data_02_mir/recover-20221013/UBNA_001/20221012_030000.WAV,Telephone Field,recover-20221013,001,1795
196.1185,196.1275,28046,38051,Eptesicus serotinus,0.008,0.022,-1,Echolocation,/mnt/ubna_data_02_mir/recover-20221013/UBNA_001/20221012_030000.WAV,Telephone Field,recover-20221013,001,1795
196.1195,196.16140000000001,68437,82634,Rhinolophus ferrumequinum,0.027,0.027,-1,Echolocation,/mnt/ubna_data_02_mir/recover-20221013/UBNA_001/20221012_030000.WAV,Telephone Field,recover-20221013,001,1795
196.1275,196.1358,28046,38646,Eptesicus serotinus,0.008,0.025,-1,Echolocation,/mnt/ubna_data_02_mir/recover-20221013/UBNA_001/20221012_030000.WAV,Telephone Field,recover-20221013,001,1795
196.2095,196.2498,68437,82811,Rhinolophus ferrumequinum,0.029,0.029,-1,Echolocation,/mnt/ubna_data_02_mir/recover-20221013/UBNA_001/20221012_030000.WAV,Telephone Field,recover-20221013,001,1795
196.2165,196.225,28046,38465,Eptesicus serotinus,0.009,0.024,-1,Echolocation,/mnt/ubna_data_02_mir/recover-20221013/UBNA_001/20221012_030000.WAV,Telephone Field,recover-20221013,001,1795
196.2395,196.2816,68437,82953,Rhinolophus ferrumequinum,0.031,0.031,-1,Echolocation,/mnt/ubna_data_02_mir/recover-20221013/UBNA_001/20221012_030000.WAV,Telephone Field,recover-20221013,001,1795
196.2425,196.2494,27187,37441,Eptesicus serotinus,0.015,0.04,-1,Echolocation,/mnt/ubna_data_02_mir/recover-20221013/UBNA_001/20221012_030000.WAV,Telephone Field,recover-20221013,001,1795
196.2835,196.3213,68437,82121,Rhinolophus ferrumequinum,0.03,0.03,-1,Echolocation,/mnt/ubna_data_02_mir/recover-20221013/UBNA_001/20221012_030000.WAV,Telephone Field,recover-20221013,001,1795
196.2985,196.3329,68437,80426,Rhinolophus ferrumequinum,0.022,0.023,-1,Echolocation,/mnt/ubna_data_02_mir/recover-20221013/UBNA_001/20221012_030000.WAV,Telephone Field,recover-20221013,001,1795
196.3395,196.3506,23750,30512,Nyctalus leisleri,0.011,0.026,-1,Echolocation,/mnt/ubna_data_02_mir/recover-20221013/UBNA_001/20221012_030000.WAV,Telephone Field,recover-20221013,001,1795
196.3715,196.40879999999999,68437,81824,Rhinolophus ferrumequinum,0.022,0.022,-1,Echolocation,/mnt/ubna_data_02_mir/recover-20221013/UBNA_001/20221012_030000.WAV,Telephone Field,recover-20221013,001,1795
196.3905,196.3969,26328,39101,Plecotus austriacus,0.008,0.035,-1,Echolocation,/mnt/ubna_data_02_mir/recover-20221013/UBNA_001/20221012_030000.WAV,Telephone Field,recover-20221013,001,1795
196.4025,196.4104,27187,37110,Eptesicus serotinus,0.007,0.022,-1,Echolocation,/mnt/ubna_data_02_mir/recover-20221013/UBNA_001/20221012_030000.WAV,Telephone Field,recover-20221013,001,1795
196.4365,196.4801,68437,83143,Rhinolophus ferrumequinum,0.029,0.029,-1,Echolocation,/mnt/ubna_data_02_mir/recover-20221013/UBNA_001/20221012_030000.WAV,Telephone Field,recover-20221013,001,1795
196.4375,196.4444,51250,57009,Pipistrellus pipistrellus,0.018,0.021,-1,Echolocation,/mnt/ubna_data_02_mir/recover-20221013/UBNA_001/20221012_030000.WAV,Telephone Field,recover-20221013,001,1795
196.4395,196.4613,17734,21748,Nyctalus noctula,0.025,0.037,-1,Echolocation,/mnt/ubna_data_02_mir/recover-20221013/UBNA_001/20221012_030000.WAV,Telephone Field,recover-20221013,001,1795
196.4935,196.5326,68437,81805,Rhinolophus ferrumequinum,0.021,0.021,-1,Echolocation,/mnt/ubna_data_02_mir/recover-20221013/UBNA_001/20221012_030000.WAV,Telephone Field,recover-20221013,001,1795
196.5285,196.53640000000001,28046,39386,Eptesicus serotinus,0.007,0.022,-1,Echolocation,/mnt/ubna_data_02_mir/recover-20221013/UBNA_001/20221012_030000.WAV,Telephone Field,recover-20221013,001,1795
196.5965,196.6079,22890,29045,Nyctalus leisleri,0.013,0.032,-1,Echolocation,/mnt/ubna_data_02_mir/recover-20221013/UBNA_001/20221012_030000.WAV,Telephone Field,recover-20221013,001,1795
196.6195,196.6601,68437,81956,Rhinolophus ferrumequinum,0.023,0.023,-1,Echolocation,/mnt/ubna_data_02_mir/recover-20221013/UBNA_001/20221012_030000.WAV,Telephone Field,recover-20221013,001,1795
196.6225,196.6346,22890,27826,Nyctalus leisleri,0.033,0.061,-1,Echolocation,/mnt/ubna_data_02_mir/recover-20221013/UBNA_001/20221012_030000.WAV,Telephone Field,recover-20221013,001,1795
196.6445,196.6835,68437,82472,Rhinolophus ferrumequinum,0.024,0.024,-1,Echolocation,/mnt/ubna_data_02_mir/recover-20221013/UBNA_001/20221012_030000.WAV,Telephone Field,recover-20221013,001,1795
196.6515,196.6618,24609,31878,Nyctalus leisleri,0.008,0.024,-1,Echolocation,/mnt/ubna_data_02_mir/recover-20221013/UBNA_001/20221012_030000.WAV,Telephone Field,recover-20221013,001,1795
196.6655,196.6748,26328,34138,Eptesicus serotinus,0.011,0.031,-1,Echolocation,/mnt/ubna_data_02_mir/recover-20221013/UBNA_001/20221012_030000.WAV,Telephone Field,recover-20221013,001,1795
196.6685,196.707,68437,82064,Rhinolophus ferrumequinum,0.022,0.022,-1,Echolocation,/mnt/ubna_data_02_mir/recover-20221013/UBNA_001/20221012_030000.WAV,Telephone Field,recover-20221013,001,1795
196.6745,196.7139,68437,82249,Rhinolophus ferrumequinum,0.023,0.023,-1,Echolocation,/mnt/ubna_data_02_mir/recover-20221013/UBNA_001/20221012_030000.WAV,Telephone Field,recover-20221013,001,1795
196.7195,196.7587,68437,82311,Rhinolophus ferrumequinum,0.023,0.024,-1,Echolocation,/mnt/ubna_data_02_mir/recover-20221013/UBNA_001/20221012_030000.WAV,Telephone Field,recover-20221013,001,1795
196.7225,196.7351,23750,29490,Nyctalus leisleri,0.011,0.025,-1,Echolocation,/mnt/ubna_data_02_mir/recover-20221013/UBNA_001/20221012_030000.WAV,Telephone Field,recover-20221013,001,1795
196.7615,196.7704,28046,39460,Eptesicus serotinus,0.008,0.024,-1,Echolocation,/mnt/ubna_data_02_mir/recover-20221013/UBNA_001/20221012_030000.WAV,Telephone Field,recover-20221013,001,1795
196.7855,196.7942,47812,52358,Pipistrellus pipistrellus,0.029,0.031,-1,Echolocation,/mnt/ubna_data_02_mir/recover-20221013/UBNA_001/20221012_030000.WAV,Telephone Field,recover-20221013,001,1795
196.8025,196.812,22890,29893,Nyctalus leisleri,0.006,0.023,-1,Echolocation,/mnt/ubna_data_02_mir/recover-20221013/UBNA_001/20221012_030000.WAV,Telephone Field,recover-20221013,001,1795
196.8205,196.8599,68437,82685,Rhinolophus ferrumequinum,0.023,0.024,-1,Echolocation,/mnt/ubna_data_02_mir/recover-20221013/UBNA_001/20221012_030000.WAV,Telephone Field,recover-20221013,001,1795
196.8635,196.9001,68437,81349,Rhinolophus ferrumequinum,0.022,0.022,-1,Echolocation,/mnt/ubna_data_02_mir/recover-20221013/UBNA_001/20221012_030000.WAV,Telephone Field,recover-20221013,001,1795
196.8905,196.9318,68437,82566,Rhinolophus ferrumequinum,0.031,0.031,-1,Echolocation,/mnt/ubna_data_02_mir/recover-20221013/UBNA_001/20221012_030000.WAV,Telephone Field,recover-20221013,001,1795
196.91649999999998,196.9238,27187,39532,Eptesicus serotinus,0.006,0.021,-1,Echolocation,/mnt/ubna_data_02_mir/recover-20221013/UBNA_001/20221012_030000.WAV,Telephone Field,recover-20221013,001,1795
196.9355,196.9759,68437,82647,Rhinolophus ferrumequinum,0.024,0.024,-1,Echolocation,/mnt/ubna_data_02_mir/recover-20221013/UBNA_001/20221012_030000.WAV,Telephone Field,recover-20221013,001,1795
196.9595,196.9673,31484,45381,Myotis daubentonii,0.009,0.024,-1,Echolocation,/mnt/ubna_data_02_mir/recover-20221013/UBNA_001/20221012_030000.WAV,Telephone Field,recover-20221013,001,1795
196.9735,197.0101,68437,81184,Rhinolophus ferrumequinum,0.022,0.022,-1,Echolocation,/mnt/ubna_data_02_mir/recover-20221013/UBNA_001/20221012_030000.WAV,Telephone Field,recover-20221013,001,1795
197.0185,197.0623,68437,83088,Rhinolophus ferrumequinum,0.043,0.043,-1,Echolocation,/mnt/ubna_data_02_mir/recover-20221013/UBNA_001/20221012_030000.WAV,Telephone Field,recover-20221013,001,1795
197.0465,197.0892,68437,82832,Rhinolophus ferrumequinum,0.025,0.025,-1,Echolocation,/mnt/ubna_data_02_mir/recover-20221013/UBNA_001/20221012_030000.WAV,Telephone Field,recover-20221013,001,1795
197.0655,197.0767,23750,30136,Nyctalus leisleri,0.011,0.028,-1,Echolocation,/mnt/ubna_data_02_mir/recover-20221013/UBNA_001/20221012_030000.WAV,Telephone Field,recover-20221013,001,1795
197.0885,197.0959,28046,39159,Eptesicus serotinus,0.006,0.023,-1,Echolocation,/mnt/ubna_data_02_mir/recover-20221013/UBNA_001/20221012_030000.WAV,Telephone Field,recover-20221013,001,1795
197.0925,197.13479999999998,68437,82854,Rhinolophus ferrumequinum,0.023,0.023,-1,Echolocation,/mnt/ubna_data_02_mir/recover-20221013/UBNA_001/20221012_030000.WAV,Telephone Field,recover-20221013,001,1795
197.0995,197.14,68437,82842,Rhinolophus ferrumequinum,0.022,0.022,-1,Echolocation,/mnt/ubna_data_02_mir/recover-20221013/UBNA_001/20221012_030000.WAV,Telephone Field,recover-20221013,001,1795
197.15449999999998,197.1631,28046,37574,Eptesicus serotinus,0.007,0.021,-1,Echolocation,/mnt/ubna_data_02_mir/recover-20221013/UBNA_001/20221012_030000.WAV,Telephone Field,recover-20221013,001,1795
197.1805,197.1884,28046,41043,Eptesicus serotinus,0.006,0.022,-1,Echolocation,/mnt/ubna_data_02_mir/recover-20221013/UBNA_001/20221012_030000.WAV,Telephone Field,recover-20221013,001,1795
197.2685,197.3059,68437,81436,Rhinolophus ferrumequinum,0.022,0.022,-1,Echolocation,/mnt/ubna_data_02_mir/recover-20221013/UBNA_001/20221012_030000.WAV,Telephone Field,recover-20221013,001,1795
197.3055,197.34550000000002,68437,82652,Rhinolophus ferrumequinum,0.027,0.027,-1,Echolocation,/mnt/ubna_data_02_mir/recover-20221013/UBNA_001/20221012_030000.WAV,Telephone Field,recover-20221013,001,1795
197.3115,197.3231,47812,51794,Pipistrellus pipistrellus,0.039,0.042,-1,Echolocation,/mnt/ubna_data_02_mir/recover-20221013/UBNA_001/20221012_030000.WAV,Telephone Field,recover-20221013,001,1795
197.3355,197.3456,28906,35900,Eptesicus serotinus,0.012,0.025,-1,Echolocation,/mnt/ubna_data_02_mir/recover-20221013/UBNA_001/20221012_030000.WAV,Telephone Field,recover-20221013,001,1795
197.3385,197.3777,68437,81758,Rhinolophus ferrumequinum,0.023,0.023,-1,Echolocation,/mnt/ubna_data_02_mir/recover-20221013/UBNA_001/20221012_030000.WAV,Telephone Field,recover-20221013,001,1795
197.3515,197.3927,68437,83109,Rhinolophus ferrumequinum,0.025,0.025,-1,Echolocation,/mnt/ubna_data_02_mir/recover-20221013/UBNA_001/20221012_030000.WAV,Telephone Field,recover-20221013,001,1795
197.3675,197.3748,27187,40566,Eptesicus serotinus,0.009,0.027,-1,Echolocation,/mnt/ubna_data_02_mir/recover-20221013/UBNA_001/20221012_030000.WAV,Telephone Field,recover-20221013,001,1795
197.4255,197.4371,22031,26384,Nyctalus leisleri,0.012,0.022,-1,Echolocation,/mnt/ubna_data_02_mir/recover-20221013/UBNA_001/20221012_030000.WAV,Telephone Field,recover-20221013,001,1795
197.44650000000001,197.4851,68437,82578,Rhinolophus ferrumequinum,0.021,0.022,-1,Echolocation,/mnt/ubna_data_02_mir/recover-20221013/UBNA_001/20221012_030000.WAV,Telephone Field,recover-20221013,001,1795
197.4495,197.458,27187,37065,Eptesicus serotinus,0.007,0.022,-1,Echolocation,/mnt/ubna_data_02_mir/recover-20221013/UBNA_001/20221012_030000.WAV,Telephone Field,recover-20221013,001,1795
197.4745,197.51749999999998,68437,82618,Rhinolophus ferrumequinum,0.038,0.038,-1,Echolocation,/mnt/ubna_data_02_mir/recover-20221013/UBNA_001/20221012_030000.WAV,Telephone Field,recover-20221013,001,1795
197.5025,197.51069999999999,27187,36672,Eptesicus serotinus,0.014,0.033,-1,Echolocation,/mnt/ubna_data_02_mir/recover-20221013/UBNA_001/20221012_030000.WAV,Telephone Field,recover-20221013,001,1795
197.5025,197.5373,68437,81195,Rhinolophus ferrumequinum,0.022,0.022,-1,Echolocation,/mnt/ubna_data_02_mir/recover-20221013/UBNA_001/20221012_030000.WAV,Telephone Field,recover-20221013,001,1795
197.5515,197.5603,28046,37131,Eptesicus serotinus,0.008,0.022,-1,Echolocation,/mnt/ubna_data_02_mir/recover-20221013/UBNA_001/20221012_030000.WAV,Telephone Field,recover-20221013,001,1795
197.5965,197.635,68437,81799,Rhinolophus ferrumequinum,0.024,0.024,-1,Echolocation,/mnt/ubna_data_02_mir/recover-20221013/UBNA_001/20221012_030000.WAV,Telephone Field,recover-20221013,001,1795
197.6595,197.6974,68437,82455,Rhinolophus ferrumequinum,0.022,0.022,-1,Echolocation,/mnt/ubna_data_02_mir/recover-20221013/UBNA_001/20221012_030000.WAV,Telephone Field,recover-20221013,001,1795
197.7165,197.7577,68437,82642,Rhinolophus ferrumequinum,0.023,0.023,-1,Echolocation,/mnt/ubna_data_02_mir/recover-20221013/UBNA_001/20221012_030000.WAV,Telephone Field,recover-20221013,001,1795
197.7385,197.7804,68437,82443,Rhinolophus ferrumequinum,0.024,0.024,-1,Echolocation,/mnt/ubna_data_02_mir/recover-20221013/UBNA_001/20221012_030000.WAV,Telephone Field,recover-20221013,001,1795
197.7445,197.753,29765,38990,Eptesicus serotinus,0.01,0.026,-1,Echolocation,/mnt/ubna_data_02_mir/recover-20221013/UBNA_001/20221012_030000.WAV,Telephone Field,recover-20221013,001,1795
197.7995,197.8115,45234,49208,Pipistrellus pipistrellus,0.02,0.022,-1,Echolocation,/mnt/ubna_data_02_mir/recover-20221013/UBNA_001/20221012_030000.WAV,Telephone Field,recover-20221013,001,1795
197.8195,197.856,68437,81412,Rhinolophus ferrumequinum,0.024,0.024,-1,Echolocation,/mnt/ubna_data_02_mir/recover-20221013/UBNA_001/20221012_030000.WAV,Telephone Field,recover-20221013,001,1795
197.8565,197.8674,23750,29207,Nyctalus leisleri,0.01,0.023,-1,Echolocation,/mnt/ubna_data_02_mir/recover-20221013/UBNA_001/20221012_030000.WAV,Telephone Field,recover-20221013,001,1795
197.8745,197.8853,23750,30507,Nyctalus leisleri,0.01,0.026,-1,Echolocation,/mnt/ubna_data_02_mir/recover-20221013/UBNA_001/20221012_030000.WAV,Telephone Field,recover-20221013,001,1795
197.8955,197.9329,68437,81120,Rhinolophus ferrumequinum,0.037,0.037,-1,Echolocation,/mnt/ubna_data_02_mir/recover-20221013/UBNA_001/20221012_030000.WAV,Telephone Field,recover-20221013,001,1795
197.8975,197.9098,22031,26721,Nyctalus leisleri,0.011,0.022,-1,Echolocation,/mnt/ubna_data_02_mir/recover-20221013/UBNA_001/20221012_030000.WAV,Telephone Field,recover-20221013,001,1795
197.90449999999998,197.9212,20312,23366,Nyctalus leisleri,0.013,0.022,-1,Echolocation,/mnt/ubna_data_02_mir/recover-20221013/UBNA_001/20221012_030000.WAV,Telephone Field,recover-20221013,001,1795
197.9455,197.9539,26328,38622,Eptesicus serotinus,0.008,0.022,-1,Echolocation,/mnt/ubna_data_02_mir/recover-20221013/UBNA_001/20221012_030000.WAV,Telephone Field,recover-20221013,001,1795
197.9505,197.9596,23750,31410,Nyctalus leisleri,0.006,0.022,-1,Echolocation,/mnt/ubna_data_02_mir/recover-20221013/UBNA_001/20221012_030000.WAV,Telephone Field,recover-20221013,001,1795
197.9565,197.9911,68437,81231,Rhinolophus ferrumequinum,0.022,0.022,-1,Echolocation,/mnt/ubna_data_02_mir/recover-20221013/UBNA_001/20221012_030000.WAV,Telephone Field,recover-20221013,001,1795
197.9635,197.9726,23750,30890,Nyctalus leisleri,0.009,0.025,-1,Echolocation,/mnt/ubna_data_02_mir/recover-20221013/UBNA_001/20221012_030000.WAV,Telephone Field,recover-20221013,001,1795
197.9795,197.99020000000002,22031,26897,Nyctalus leisleri,0.013,0.024,-1,Echolocation,/mnt/ubna_data_02_mir/recover-20221013/UBNA_001/20221012_030000.WAV,Telephone Field,recover-20221013,001,1795
198.0015,198.0347,68437,79833,Rhinolophus ferrumequinum,0.042,0.042,-1,Echolocation,/mnt/ubna_data_02_mir/recover-20221013/UBNA_001/20221012_030000.WAV,Telephone Field,recover-20221013,001,1795
198.0015,198.0099,47812,55964,Pipistrellus pipistrellus,0.012,0.02,-1,Echolocation,/mnt/ubna_data_02_mir/recover-20221013/UBNA_001/20221012_030000.WAV,Telephone Field,recover-20221013,001,1795
198.0015,198.0139,21171,26088,Nyctalus leisleri,0.013,0.028,-1,Echolocation,/mnt/ubna_data_02_mir/recover-20221013/UBNA_001/20221012_030000.WAV,Telephone Field,recover-20221013,001,1795
198.0135,198.0522,68437,81668,Rhinolophus ferrumequinum,0.02,0.021,-1,Echolocation,/mnt/ubna_data_02_mir/recover-20221013/UBNA_001/20221012_030000.WAV,Telephone Field,recover-20221013,001,1795
198.0465,198.0866,68437,83145,Rhinolophus ferrumequinum,0.026,0.026,-1,Echolocation,/mnt/ubna_data_02_mir/recover-20221013/UBNA_001/20221012_030000.WAV,Telephone Field,recover-20221013,001,1795
198.0555,198.0953,68437,82230,Rhinolophus ferrumequinum,0.022,0.022,-1,Echolocation,/mnt/ubna_data_02_mir/recover-20221013/UBNA_001/20221012_030000.WAV,Telephone Field,recover-20221013,001,1795
198.0635,198.0746,23750,29759,Nyctalus leisleri,0.009,0.021,-1,Echolocation,/mnt/ubna_data_02_mir/recover-20221013/UBNA_001/20221012_030000.WAV,Telephone Field,recover-20221013,001,1795
198.0695,198.1097,68437,82076,Rhinolophus ferrumequinum,0.03,0.03,-1,Echolocation,/mnt/ubna_data_02_mir/recover-20221013/UBNA_001/20221012_030000.WAV,Telephone Field,recover-20221013,001,1795
198.0755,198.08859999999999,25468,30067,Nyctalus leisleri,0.012,0.025,-1,Echolocation,/mnt/ubna_data_02_mir/recover-20221013/UBNA_001/20221012_030000.WAV,Telephone Field,recover-20221013,001,1795
198.1095,198.1499,68437,82075,Rhinolophus ferrumequinum,0.024,0.024,-1,Echolocation,/mnt/ubna_data_02_mir/recover-20221013/UBNA_001/20221012_030000.WAV,Telephone Field,recover-20221013,001,1795
198.1465,198.1855,68437,81864,Rhinolophus ferrumequinum,0.023,0.023,-1,Echolocation,/mnt/ubna_data_02_mir/recover-20221013/UBNA_001/20221012_030000.WAV,Telephone Field,recover-20221013,001,1795
198.1555,198.1902,68437,80918,Rhinolophus ferrumequinum,0.021,0.021,-1,Echolocation,/mnt/ubna_data_02_mir/recover-20221013/UBNA_001/20221012_030000.WAV,Telephone Field,recover-20221013,001,1795
198.1555,198.1623,28046,39446,Eptesicus serotinus,0.007,0.024,-1,Echolocation,/mnt/ubna_data_02_mir/recover-20221013/UBNA_001/20221012_030000.WAV,Telephone Field,recover-20221013,001,1795
198.1775,198.2157,68437,82322,Rhinolophus ferrumequinum,0.022,0.022,-1,Echolocation,/mnt/ubna_data_02_mir/recover-20221013/UBNA_001/20221012_030000.WAV,Telephone Field,recover-20221013,001,1795
198.1855,198.2241,68437,82111,Rhinolophus ferrumequinum,0.02,0.02,-1,Echolocation,/mnt/ubna_data_02_mir/recover-20221013/UBNA_001/20221012_030000.WAV,Telephone Field,recover-20221013,001,1795
198.2395,198.2742,68437,80940,Rhinolophus ferrumequinum,0.022,0.022,-1,Echolocation,/mnt/ubna_data_02_mir/recover-20221013/UBNA_001/20221012_030000.WAV,Telephone Field,recover-20221013,001,1795
198.2435,198.252,28906,36922,Eptesicus serotinus,0.007,0.02,-1,Echolocation,/mnt/ubna_data_02_mir/recover-20221013/UBNA_001/20221012_030000.WAV,Telephone Field,recover-20221013,001,1795
198.2545,198.2936,68437,82337,Rhinolophus ferrumequinum,0.023,0.023,-1,Echolocation,/mnt/ubna_data_02_mir/recover-20221013/UBNA_001/20221012_030000.WAV,Telephone Field,recover-20221013,001,1795
198.2665,198.3071,68437,82365,Rhinolophus ferrumequinum,0.027,0.027,-1,Echolocation,/mnt/ubna_data_02_mir/recover-20221013/UBNA_001/20221012_030000.WAV,Telephone Field,recover-20221013,001,1795
198.27949999999998,198.2886,28906,38164,Eptesicus serotinus,0.009,0.024,-1,Echolocation,/mnt/ubna_data_02_mir/recover-20221013/UBNA_001/20221012_030000.WAV,Telephone Field,recover-20221013,001,1795
198.2855,198.2952,28906,37473,Eptesicus serotinus,0.01,0.024,-1,Echolocation,/mnt/ubna_data_02_mir/recover-20221013/UBNA_001/20221012_030000.WAV,Telephone Field,recover-20221013,001,1795
198.3045,198.3472,68437,82738,Rhinolophus ferrumequinum,0.023,0.023,-1,Echolocation,/mnt/ubna_data_02_mir/recover-20221013/UBNA_001/20221012_030000.WAV,Telephone Field,recover-20221013,001,1795
198.3245,198.3626,68437,82453,Rhinolophus ferrumequinum,0.022,0.022,-1,Echolocation,/mnt/ubna_data_02_mir/recover-20221013/UBNA_001/20221012_030000.WAV,Telephone Field,recover-20221013,001,1795
198.3345,198.3762,68437,82749,Rhinolophus ferrumequinum,0.021,0.021,-1,Echolocation,/mnt/ubna_data_02_mir/recover-20221013/UBNA_001/20221012_030000.WAV,Telephone Field,recover-20221013,001,1795
198.34550000000002,198.3551,27187,35473,Eptesicus serotinus,0.023,0.04,-1,Echolocation,/mnt/ubna_data_02_mir/recover-20221013/UBNA_001/20221012_030000.WAV,Telephone Field,recover-20221013,001,1795
198.3615,198.4017,68437,82430,Rhinolophus ferrumequinum,0.024,0.024,-1,Echolocation,/mnt/ubna_data_02_mir/recover-20221013/UBNA_001/20221012_030000.WAV,Telephone Field,recover-20221013,001,1795
198.3655,198.3744,28906,38921,Eptesicus serotinus,0.007,0.02,-1,Echolocation,/mnt/ubna_data_02_mir/recover-20221013/UBNA_001/20221012_030000.WAV,Telephone Field,recover-20221013,001,1795
198.3785,198.4123,68437,80202,Rhinolophus ferrumequinum,0.021,0.021,-1,Echolocation,/mnt/ubna_data_02_mir/recover-20221013/UBNA_001/20221012_030000.WAV,Telephone Field,recover-20221013,001,1795
198.3795,198.3904,24609,32546,Eptesicus serotinus,0.011,0.026,-1,Echolocation,/mnt/ubna_data_02_mir/recover-20221013/UBNA_001/20221012_030000.WAV,Telephone Field,recover-20221013,001,1795
198.3975,198.4098,22890,26938,Nyctalus leisleri,0.014,0.024,-1,Echolocation,/mnt/ubna_data_02_mir/recover-20221013/UBNA_001/20221012_030000.WAV,Telephone Field,recover-20221013,001,1795
198.4025,198.4442,68437,82620,Rhinolophus ferrumequinum,0.023,0.023,-1,Echolocation,/mnt/ubna_data_02_mir/recover-20221013/UBNA_001/20221012_030000.WAV,Telephone Field,recover-20221013,001,1795
198.4205,198.4287,50390,54330,Pipistrellus pipistrellus,0.031,0.037,-1,Echolocation,/mnt/ubna_data_02_mir/recover-20221013/UBNA_001/20221012_030000.WAV,Telephone Field,recover-20221013,001,1795
198.4275,198.4657,68437,81833,Rhinolophus ferrumequinum,0.02,0.02,-1,Echolocation,/mnt/ubna_data_02_mir/recover-20221013/UBNA_001/20221012_030000.WAV,Telephone Field,recover-20221013,001,1795
198.4635,198.5062,68437,82891,Rhinolophus ferrumequinum,0.031,0.031,-1,Echolocation,/mnt/ubna_data_02_mir/recover-20221013/UBNA_001/20221012_030000.WAV,Telephone Field,recover-20221013,001,1795
198.4725,198.4796,24609,34519,Plecotus austriacus,0.009,0.023,-1,Echolocation,/mnt/ubna_data_02_mir/recover-20221013/UBNA_001/20221012_030000.WAV,Telephone Field,recover-20221013,001,1795
198.4805,198.5182,68437,81340,Rhinolophus ferrumequinum,0.021,0.021,-1,Echolocation,/mnt/ubna_data_02_mir/recover-20221013/UBNA_001/20221012_030000.WAV,Telephone Field,recover-20221013,001,1795
198.4865,198.5242,68437,81935,Rhinolophus ferrumequinum,0.022,0.022,-1,Echolocation,/mnt/ubna_data_02_mir/recover-20221013/UBNA_001/20221012_030000.WAV,Telephone Field,recover-20221013,001,1795
198.4905,198.4993,28046,38314,Eptesicus serotinus,0.008,0.023,-1,Echolocation,/mnt/ubna_data_02_mir/recover-20221013/UBNA_001/20221012_030000.WAV,Telephone Field,recover-20221013,001,1795
198.4925,198.5038,33203,40449,Eptesicus serotinus,0.005,0.021,-1,Echolocation,/mnt/ubna_data_02_mir/recover-20221013/UBNA_001/20221012_030000.WAV,Telephone Field,recover-20221013,001,1795
198.5345,198.57580000000002,68437,82731,Rhinolophus ferrumequinum,0.029,0.029,-1,Echolocation,/mnt/ubna_data_02_mir/recover-20221013/UBNA_001/20221012_030000.WAV,Telephone Field,recover-20221013,001,1795
198.5655,198.6057,68437,82137,Rhinolophus ferrumequinum,0.023,0.023,-1,Echolocation,/mnt/ubna_data_02_mir/recover-20221013/UBNA_001/20221012_030000.WAV,Telephone Field,recover-20221013,001,1795
198.5685,198.5771,28046,37227,Eptesicus serotinus,0.009,0.025,-1,Echolocation,/mnt/ubna_data_02_mir/recover-20221013/UBNA_001/20221012_030000.WAV,Telephone Field,recover-20221013,001,1795
198.5695,198.5817,34062,39002,Eptesicus serotinus,0.008,0.029,-1,Echolocation,/mnt/ubna_data_02_mir/recover-20221013/UBNA_001/20221012_030000.WAV,Telephone Field,recover-20221013,001,1795
198.5785,198.6182,68437,83131,Rhinolophus ferrumequinum,0.026,0.026,-1,Echolocation,/mnt/ubna_data_02_mir/recover-20221013/UBNA_001/20221012_030000.WAV,Telephone Field,recover-20221013,001,1795
198.6175,198.6343,21171,24226,Nyctalus leisleri,0.014,0.024,-1,Echolocation,/mnt/ubna_data_02_mir/recover-20221013/UBNA_001/20221012_030000.WAV,Telephone Field,recover-20221013,001,1795
198.6395,198.6477,48671,55532,Pipistrellus pipistrellus,0.022,0.024,-1,Echolocation,/mnt/ubna_data_02_mir/recover-20221013/UBNA_001/20221012_030000.WAV,Telephone Field,recover-20221013,001,1795
198.6625,198.7043,68437,82566,Rhinolophus ferrumequinum,0.028,0.028,-1,Echolocation,/mnt/ubna_data_02_mir/recover-20221013/UBNA_001/20221012_030000.WAV,Telephone Field,recover-20221013,001,1795
198.6735,198.6806,27187,38901,Eptesicus serotinus,0.007,0.028,-1,Echolocation,/mnt/ubna_data_02_mir/recover-20221013/UBNA_001/20221012_030000.WAV,Telephone Field,recover-20221013,001,1795
198.7075,198.716,29765,38033,Eptesicus serotinus,0.008,0.024,-1,Echolocation,/mnt/ubna_data_02_mir/recover-20221013/UBNA_001/20221012_030000.WAV,Telephone Field,recover-20221013,001,1795
198.7265,198.7637,68437,81946,Rhinolophus ferrumequinum,0.021,0.021,-1,Echolocation,/mnt/ubna_data_02_mir/recover-20221013/UBNA_001/20221012_030000.WAV,Telephone Field,recover-20221013,001,1795
198.7395,198.7478,28046,37902,Eptesicus serotinus,0.008,0.022,-1,Echolocation,/mnt/ubna_data_02_mir/recover-20221013/UBNA_001/20221012_030000.WAV,Telephone Field,recover-20221013,001,1795
198.7485,198.7877,68437,82109,Rhinolophus ferrumequinum,0.022,0.022,-1,Echolocation,/mnt/ubna_data_02_mir/recover-20221013/UBNA_001/20221012_030000.WAV,Telephone Field,recover-20221013,001,1795
198.7905,198.80270000000002,37500,41047,Pipistrellus nathusii,0.021,0.034,-1,Echolocation,/mnt/ubna_data_02_mir/recover-20221013/UBNA_001/20221012_030000.WAV,Telephone Field,recover-20221013,001,1795
198.7945,198.8021,26328,35474,Eptesicus serotinus,0.009,0.027,-1,Echolocation,/mnt/ubna_data_02_mir/recover-20221013/UBNA_001/20221012_030000.WAV,Telephone Field,recover-20221013,001,1795
198.8155,198.8537,68437,81172,Rhinolophus ferrumequinum,0.023,0.023,-1,Echolocation,/mnt/ubna_data_02_mir/recover-20221013/UBNA_001/20221012_030000.WAV,Telephone Field,recover-20221013,001,1795
198.8285,198.86520000000002,68437,81419,Rhinolophus ferrumequinum,0.023,0.023,-1,Echolocation,/mnt/ubna_data_02_mir/recover-20221013/UBNA_001/20221012_030000.WAV,Telephone Field,recover-20221013,001,1795
198.8375,198.8779,68437,82613,Rhinolophus ferrumequinum,0.024,0.024,-1,Echolocation,/mnt/ubna_data_02_mir/recover-20221013/UBNA_001/20221012_030000.WAV,Telephone Field,recover-20221013,001,1795
198.8755,198.9159,68437,82603,Rhinolophus ferrumequinum,0.024,0.024,-1,Echolocation,/mnt/ubna_data_02_mir/recover-20221013/UBNA_001/20221012_030000.WAV,Telephone Field,recover-20221013,001,1795
198.8775,198.8855,28046,39485,Eptesicus serotinus,0.007,0.02,-1,Echolocation,/mnt/ubna_data_02_mir/recover-20221013/UBNA_001/20221012_030000.WAV,Telephone Field,recover-20221013,001,1795
198.8895,198.9269,68437,81962,Rhinolophus ferrumequinum,0.022,0.022,-1,Echolocation,/mnt/ubna_data_02_mir/recover-20221013/UBNA_001/20221012_030000.WAV,Telephone Field,recover-20221013,001,1795
198.9005,198.9093,36640,43039,Barbastellus barbastellus,0.007,0.022,-1,Echolocation,/mnt/ubna_data_02_mir/recover-20221013/UBNA_001/20221012_030000.WAV,Telephone Field,recover-20221013,001,1795
198.9225,198.9333,27187,34762,Eptesicus serotinus,0.013,0.027,-1,Echolocation,/mnt/ubna_data_02_mir/recover-20221013/UBNA_001/20221012_030000.WAV,Telephone Field,recover-20221013,001,1795
198.9265,198.9679,68437,82806,Rhinolophus ferrumequinum,0.026,0.026,-1,Echolocation,/mnt/ubna_data_02_mir/recover-20221013/UBNA_001/20221012_030000.WAV,Telephone Field,recover-20221013,001,1795
198.9335,198.9732,68437,82748,Rhinolophus ferrumequinum,0.023,0.023,-1,Echolocation,/mnt/ubna_data_02_mir/recover-20221013/UBNA_001/20221012_030000.WAV,Telephone Field,recover-20221013,001,1795
198.9695,199.0075,68437,81920,Rhinolophus ferrumequinum,0.023,0.023,-1,Echolocation,/mnt/ubna_data_02_mir/recover-20221013/UBNA_001/20221012_030000.WAV,Telephone Field,recover-20221013,001,1795
198.9775,198.9877,23750,29499,Nyctalus leisleri,0.008,0.021,-1,Echolocation,/mnt/ubna_data_02_mir/recover-20221013/UBNA_001/20221012_030000.WAV,Telephone Field,recover-20221013,001,1795
198.9845,199.0238,68437,81772,Rhinolophus ferrumequinum,0.022,0.022,-1,Echolocation,/mnt/ubna_data_02_mir/recover-20221013/UBNA_001/20221012_030000.WAV,Telephone Field,recover-20221013,001,1795
198.9855,198.9945,28906,36944,Eptesicus serotinus,0.009,0.023,-1,Echolocation,/mnt/ubna_data_02_mir/recover-20221013/UBNA_001/20221012_030000.WAV,Telephone Field,recover-20221013,001,1795
199.0075,199.0503,68437,82374,Rhinolophus ferrumequinum,0.033,0.033,-1,Echolocation,/mnt/ubna_data_02_mir/recover-20221013/UBNA_001/20221012_030000.WAV,Telephone Field,recover-20221013,001,1795
199.0625,199.0717,26328,33002,Eptesicus serotinus,0.009,0.023,-1,Echolocation,/mnt/ubna_data_02_mir/recover-20221013/UBNA_001/20221012_030000.WAV,Telephone Field,recover-20221013,001,1795
199.0745,199.1102,68437,81300,Rhinolophus ferrumequinum,0.021,0.021,-1,Echolocation,/mnt/ubna_data_02_mir/recover-20221013/UBNA_001/20221012_030000.WAV,Telephone Field,recover-20221013,001,1795
199.1175,199.1549,68437,81869,Rhinolophus ferrumequinum,0.021,0.021,-1,Echolocation,/mnt/ubna_data_02_mir/recover-20221013/UBNA_001/20221012_030000.WAV,Telephone Field,recover-20221013,001,1795
199.1355,199.1738,68437,81492,Rhinolophus ferrumequinum,0.02,0.02,-1,Echolocation,/mnt/ubna_data_02_mir/recover-20221013/UBNA_001/20221012_030000.WAV,Telephone Field,recover-20221013,001,1795
199.1535,199.1963,68437,82591,Rhinolophus ferrumequinum,0.025,0.025,-1,Echolocation,/mnt/ubna_data_02_mir/recover-20221013/UBNA_001/20221012_030000.WAV,Telephone Field,recover-20221013,001,1795
199.1925,199.2298,68437,81454,Rhinolophus ferrumequinum,0.022,0.022,-1,Echolocation,/mnt/ubna_data_02_mir/recover-20221013/UBNA_001/20221012_030000.WAV,Telephone Field,recover-20221013,001,1795
199.2175,199.2571,68437,81665,Rhinolophus ferrumequinum,0.022,0.022,-1,Echolocation,/mnt/ubna_data_02_mir/recover-20221013/UBNA_001/20221012_030000.WAV,Telephone Field,recover-20221013,001,1795
199.2345,199.242,28046,38692,Eptesicus serotinus,0.006,0.021,-1,Echolocation,/mnt/ubna_data_02_mir/recover-20221013/UBNA_001/20221012_030000.WAV,Telephone Field,recover-20221013,001,1795
199.2575,199.29579999999999,68437,81492,Rhinolophus ferrumequinum,0.023,0.023,-1,Echolocation,/mnt/ubna_data_02_mir/recover-20221013/UBNA_001/20221012_030000.WAV,Telephone Field,recover-20221013,001,1795
199.2845,199.2942,22890,28782,Nyctalus leisleri,0.007,0.02,-1,Echolocation,/mnt/ubna_data_02_mir/recover-20221013/UBNA_001/20221012_030000.WAV,Telephone Field,recover-20221013,001,1795
199.2895,199.2978,46093,52360,Pipistrellus pipistrellus,0.025,0.028,-1,Echolocation,/mnt/ubna_data_02_mir/recover-20221013/UBNA_001/20221012_030000.WAV,Telephone Field,recover-20221013,001,1795
199.2945,199.3364,68437,82729,Rhinolophus ferrumequinum,0.023,0.024,-1,Echolocation,/mnt/ubna_data_02_mir/recover-20221013/UBNA_001/20221012_030000.WAV,Telephone Field,recover-20221013,001,1795
199.2995,199.3094,28906,36815,Eptesicus serotinus,0.012,0.026,-1,Echolocation,/mnt/ubna_data_02_mir/recover-20221013/UBNA_001/20221012_030000.WAV,Telephone Field,recover-20221013,001,1795
199.3775,199.3847,27187,39119,Eptesicus serotinus,0.006,0.02,-1,Echolocation,/mnt/ubna_data_02_mir/recover-20221013/UBNA_001/20221012_030000.WAV,Telephone Field,recover-20221013,001,1795
199.3865,199.4231,68437,81772,Rhinolophus ferrumequinum,0.02,0.02,-1,Echolocation,/mnt/ubna_data_02_mir/recover-20221013/UBNA_001/20221012_030000.WAV,Telephone Field,recover-20221013,001,1795
199.4425,199.48239999999998,68437,82372,Rhinolophus ferrumequinum,0.022,0.023,-1,Echolocation,/mnt/ubna_data_02_mir/recover-20221013/UBNA_001/20221012_030000.WAV,Telephone Field,recover-20221013,001,1795
199.4565,199.4959,68437,82437,Rhinolophus ferrumequinum,0.026,0.026,-1,Echolocation,/mnt/ubna_data_02_mir/recover-20221013/UBNA_001/20221012_030000.WAV,Telephone Field,recover-20221013,001,1795
199.4715,199.4796,28046,45752,Eptesicus serotinus,0.007,0.02,-1,Echolocation,/mnt/ubna_data_02_mir/recover-20221013/UBNA_001/20221012_030000.WAV,Telephone Field,recover-20221013,001,1795
199.4915,199.5025,23750,30150,Nyctalus leisleri,0.016,0.04,-1,Echolocation,/mnt/ubna_data_02_mir/recover-20221013/UBNA_001/20221012_030000.WAV,Telephone Field,recover-20221013,001,1795
199.4965,199.5346,68437,81649,Rhinolophus ferrumequinum,0.022,0.022,-1,Echolocation,/mnt/ubna_data_02_mir/recover-20221013/UBNA_001/20221012_030000.WAV,Telephone Field,recover-20221013,001,1795
199.5315,199.5726,68437,82268,Rhinolophus ferrumequinum,0.021,0.021,-1,Echolocation,/mnt/ubna_data_02_mir/recover-20221013/UBNA_001/20221012_030000.WAV,Telephone Field,recover-20221013,001,1795
199.5555,199.5672,28906,36142,Eptesicus serotinus,0.013,0.027,-1,Echolocation,/mnt/ubna_data_02_mir/recover-20221013/UBNA_001/20221012_030000.WAV,Telephone Field,recover-20221013,001,1795
199.5785,199.6165,68437,81750,Rhinolophus ferrumequinum,0.025,0.025,-1,Echolocation,/mnt/ubna_data_02_mir/recover-20221013/UBNA_001/20221012_030000.WAV,Telephone Field,recover-20221013,001,1795
199.5895,199.5977,28046,38589,Eptesicus serotinus,0.007,0.021,-1,Echolocation,/mnt/ubna_data_02_mir/recover-20221013/UBNA_001/20221012_030000.WAV,Telephone Field,recover-20221013,001,1795
199.6045,199.6151,28046,33933,Eptesicus serotinus,0.01,0.021,-1,Echolocation,/mnt/ubna_data_02_mir/recover-20221013/UBNA_001/20221012_030000.WAV,Telephone Field,recover-20221013,001,1795
199.6115,199.6507,68437,82059,Rhinolophus ferrumequinum,0.021,0.021,-1,Echolocation,/mnt/ubna_data_02_mir/recover-20221013/UBNA_001/20221012_030000.WAV,Telephone Field,recover-20221013,001,1795
199.6265,199.6363,28046,37407,Eptesicus serotinus,0.009,0.02,-1,Echolocation,/mnt/ubna_data_02_mir/recover-20221013/UBNA_001/20221012_030000.WAV,Telephone Field,recover-20221013,001,1795
199.6595,199.6682,28906,38378,Eptesicus serotinus,0.008,0.02,-1,Echolocation,/mnt/ubna_data_02_mir/recover-20221013/UBNA_001/20221012_030000.WAV,Telephone Field,recover-20221013,001,1795
199.6685,199.6781,28906,36906,Eptesicus serotinus,0.008,0.021,-1,Echolocation,/mnt/ubna_data_02_mir/recover-20221013/UBNA_001/20221012_030000.WAV,Telephone Field,recover-20221013,001,1795
199.6725,199.6838,22890,27759,Nyctalus leisleri,0.013,0.026,-1,Echolocation,/mnt/ubna_data_02_mir/recover-20221013/UBNA_001/20221012_030000.WAV,Telephone Field,recover-20221013,001,1795
199.7135,199.7243,22890,27622,Nyctalus leisleri,0.011,0.022,-1,Echolocation,/mnt/ubna_data_02_mir/recover-20221013/UBNA_001/20221012_030000.WAV,Telephone Field,recover-20221013,001,1795
199.7245,199.7329,28906,41033,Eptesicus serotinus,0.008,0.023,-1,Echolocation,/mnt/ubna_data_02_mir/recover-20221013/UBNA_001/20221012_030000.WAV,Telephone Field,recover-20221013,001,1795
199.7385,199.7799,68437,82598,Rhinolophus ferrumequinum,0.02,0.02,-1,Echolocation,/mnt/ubna_data_02_mir/recover-20221013/UBNA_001/20221012_030000.WAV,Telephone Field,recover-20221013,001,1795
199.7455,199.7869,68437,82736,Rhinolophus ferrumequinum,0.022,0.022,-1,Echolocation,/mnt/ubna_data_02_mir/recover-20221013/UBNA_001/20221012_030000.WAV,Telephone Field,recover-20221013,001,1795
199.7465,199.7547,28906,41083,Eptesicus serotinus,0.008,0.023,-1,Echolocation,/mnt/ubna_data_02_mir/recover-20221013/UBNA_001/20221012_030000.WAV,Telephone Field,recover-20221013,001,1795
199.7555,199.7957,68437,82635,Rhinolophus ferrumequinum,0.022,0.022,-1,Echolocation,/mnt/ubna_data_02_mir/recover-20221013/UBNA_001/20221012_030000.WAV,Telephone Field,recover-20221013,001,1795
199.7635,199.8021,68437,81907,Rhinolophus ferrumequinum,0.02,0.02,-1,Echolocation,/mnt/ubna_data_02_mir/recover-20221013/UBNA_001/20221012_030000.WAV,Telephone Field,recover-20221013,001,1795
199.7755,199.8139,68437,81647,Rhinolophus ferrumequinum,0.028,0.028,-1,Echolocation,/mnt/ubna_data_02_mir/recover-20221013/UBNA_001/20221012_030000.WAV,Telephone Field,recover-20221013,001,1795
199.7835,199.7922,26328,34193,Eptesicus serotinus,0.008,0.024,-1,Echolocation,/mnt/ubna_data_02_mir/recover-20221013/UBNA_001/20221012_030000.WAV,Telephone Field,recover-20221013,001,1795
199.7965,199.8349,68437,81982,Rhinolophus ferrumequinum,0.024,0.024,-1,Echolocation,/mnt/ubna_data_02_mir/recover-20221013/UBNA_001/20221012_030000.WAV,Telephone Field,recover-20221013,001,1795
199.8045,199.8149,23750,29733,Nyctalus leisleri,0.009,0.023,-1,Echolocation,/mnt/ubna_data_02_mir/recover-20221013/UBNA_001/20221012_030000.WAV,Telephone Field,recover-20221013,001,1795
199.8095,199.8479,68437,82156,Rhinolophus ferrumequinum,0.024,0.024,-1,Echolocation,/mnt/ubna_data_02_mir/recover-20221013/UBNA_001/20221012_030000.WAV,Telephone Field,recover-20221013,001,1795
199.8285,199.8644,68437,81304,Rhinolophus ferrumequinum,0.024,0.024,-1,Echolocation,/mnt/ubna_data_02_mir/recover-20221013/UBNA_001/20221012_030000.WAV,Telephone Field,recover-20221013,001,1795
199.8645,199.9015,68437,82212,Rhinolophus ferrumequinum,0.022,0.023,-1,Echolocation,/mnt/ubna_data_02_mir/recover-20221013/UBNA_001/20221012_030000.WAV,Telephone Field,recover-20221013,001,1795
199.8735,199.9144,68437,83004,Rhinolophus ferrumequinum,0.026,0.026,-1,Echolocation,/mnt/ubna_data_02_mir/recover-20221013/UBNA_001/20221012_030000.WAV,Telephone Field,recover-20221013,001,1795
199.8905,199.9352,68437,83391,Rhinolophus ferrumequinum,0.038,0.038,-1,Echolocation,/mnt/ubna_data_02_mir/recover-20221013/UBNA_001/20221012_030000.WAV,Telephone Field,recover-20221013,001,1795
199.9845,199.9939,27187,39215,Eptesicus serotinus,0.01,0.023,-1,Echolocation,/mnt/ubna_data_02_mir/recover-20221013/UBNA_001/20221012_030000.WAV,Telephone Field,recover-20221013,001,1795
200.0015,200.0349,68437,80279,Rhinolophus ferrumequinum,0.03,0.03,-1,Echolocation,/mnt/ubna_data_02_mir/recover-20221013/UBNA_001/20221012_030000.WAV,Telephone Field,recover-20221013,001,1795
200.0015,200.01069999999999,29765,39357,Eptesicus serotinus,0.006,0.022,-1,Echolocation,/mnt/ubna_data_02_mir/recover-20221013/UBNA_001/20221012_030000.WAV,Telephone Field,recover-20221013,001,1795
200.0085,200.0525,68437,82706,Rhinolophus ferrumequinum,0.027,0.027,-1,Echolocation,/mnt/ubna_data_02_mir/recover-20221013/UBNA_001/20221012_030000.WAV,Telephone Field,recover-20221013,001,1795
200.0345,200.0735,68437,81780,Rhinolophus ferrumequinum,0.027,0.027,-1,Echolocation,/mnt/ubna_data_02_mir/recover-20221013/UBNA_001/20221012_030000.WAV,Telephone Field,recover-20221013,001,1795
200.0795,200.1177,68437,81552,Rhinolophus ferrumequinum,0.021,0.021,-1,Echolocation,/mnt/ubna_data_02_mir/recover-20221013/UBNA_001/20221012_030000.WAV,Telephone Field,recover-20221013,001,1795
200.1005,200.138,68437,81692,Rhinolophus ferrumequinum,0.022,0.022,-1,Echolocation,/mnt/ubna_data_02_mir/recover-20221013/UBNA_001/20221012_030000.WAV,Telephone Field,recover-20221013,001,1795
200.1045,200.1146,28046,37311,Eptesicus serotinus,0.013,0.03,-1,Echolocation,/mnt/ubna_data_02_mir/recover-20221013/UBNA_001/20221012_030000.WAV,Telephone Field,recover-20221013,001,1795
200.1325,200.14170000000001,28906,37155,Eptesicus serotinus,0.008,0.022,-1,Echolocation,/mnt/ubna_data_02_mir/recover-20221013/UBNA_001/20221012_030000.WAV,Telephone Field,recover-20221013,001,1795
200.1355,200.1803,68437,83843,Rhinolophus ferrumequinum,0.042,0.042,-1,Echolocation,/mnt/ubna_data_02_mir/recover-20221013/UBNA_001/20221012_030000.WAV,Telephone Field,recover-20221013,001,1795
200.1595,200.1991,68437,82081,Rhinolophus ferrumequinum,0.024,0.024,-1,Echolocation,/mnt/ubna_data_02_mir/recover-20221013/UBNA_001/20221012_030000.WAV,Telephone Field,recover-20221013,001,1795
200.1915,200.2277,68437,81665,Rhinolophus ferrumequinum,0.021,0.021,-1,Echolocation,/mnt/ubna_data_02_mir/recover-20221013/UBNA_001/20221012_030000.WAV,Telephone Field,recover-20221013,001,1795
200.1975,200.2049,26328,40137,Eptesicus serotinus,0.007,0.023,-1,Echolocation,/mnt/ubna_data_02_mir/recover-20221013/UBNA_001/20221012_030000.WAV,Telephone Field,recover-20221013,001,1795
200.1995,200.238,68437,81968,Rhinolophus ferrumequinum,0.022,0.022,-1,Echolocation,/mnt/ubna_data_02_mir/recover-20221013/UBNA_001/20221012_030000.WAV,Telephone Field,recover-20221013,001,1795
200.2175,200.2584,68437,81942,Rhinolophus ferrumequinum,0.022,0.022,-1,Echolocation,/mnt/ubna_data_02_mir/recover-20221013/UBNA_001/20221012_030000.WAV,Telephone Field,recover-20221013,001,1795
200.2215,200.2268,51250,59576,Pipistrellus pipistrellus,0.022,0.025,-1,Echolocation,/mnt/ubna_data_02_mir/recover-20221013/UBNA_001/20221012_030000.WAV,Telephone Field,recover-20221013,001,1795
200.2555,200.265,28906,36585,Eptesicus serotinus,0.007,0.021,-1,Echolocation,/mnt/ubna_data_02_mir/recover-20221013/UBNA_001/20221012_030000.WAV,Telephone Field,recover-20221013,001,1795
200.2885,200.3275,68437,82015,Rhinolophus ferrumequinum,0.021,0.021,-1,Echolocation,/mnt/ubna_data_02_mir/recover-20221013/UBNA_001/20221012_030000.WAV,Telephone Field,recover-20221013,001,1795
200.3065,200.3154,29765,37616,Eptesicus serotinus,0.007,0.021,-1,Echolocation,/mnt/ubna_data_02_mir/recover-20221013/UBNA_001/20221012_030000.WAV,Telephone Field,recover-20221013,001,1795
200.3395,200.3479,24609,33136,Plecotus austriacus,0.012,0.034,-1,Echolocation,/mnt/ubna_data_02_mir/recover-20221013/UBNA_001/20221012_030000.WAV,Telephone Field,recover-20221013,001,1795
200.3445,200.3842,68437,82389,Rhinolophus ferrumequinum,0.024,0.024,-1,Echolocation,/mnt/ubna_data_02_mir/recover-20221013/UBNA_001/20221012_030000.WAV,Telephone Field,recover-20221013,001,1795
200.4545,200.4934,68437,82074,Rhinolophus ferrumequinum,0.025,0.025,-1,Echolocation,/mnt/ubna_data_02_mir/recover-20221013/UBNA_001/20221012_030000.WAV,Telephone Field,recover-20221013,001,1795
200.4815,200.5206,68437,81851,Rhinolophus ferrumequinum,0.023,0.023,-1,Echolocation,/mnt/ubna_data_02_mir/recover-20221013/UBNA_001/20221012_030000.WAV,Telephone Field,recover-20221013,001,1795
200.5015,200.5452,68437,83569,Rhinolophus ferrumequinum,0.041,0.041,-1,Echolocation,/mnt/ubna_data_02_mir/recover-20221013/UBNA_001/20221012_030000.WAV,Telephone Field,recover-20221013,001,1795
200.5375,200.5752,68437,81672,Rhinolophus ferrumequinum,0.027,0.027,-1,Echolocation,/mnt/ubna_data_02_mir/recover-20221013/UBNA_001/20221012_030000.WAV,Telephone Field,recover-20221013,001,1795
200.5635,200.5697,28046,38921,Myotis daubentonii,0.007,0.03,-1,Echolocation,/mnt/ubna_data_02_mir/recover-20221013/UBNA_001/20221012_030000.WAV,Telephone Field,recover-20221013,001,1795
200.5765,200.6167,68437,82376,Rhinolophus ferrumequinum,0.023,0.023,-1,Echolocation,/mnt/ubna_data_02_mir/recover-20221013/UBNA_001/20221012_030000.WAV,Telephone Field,recover-20221013,001,1795
200.6035,200.6395,68437,81349,Rhinolophus ferrumequinum,0.021,0.021,-1,Echolocation,/mnt/ubna_data_02_mir/recover-20221013/UBNA_001/20221012_030000.WAV,Telephone Field,recover-20221013,001,1795
200.6185,200.63569999999999,20312,23400,Nyctalus leisleri,0.012,0.021,-1,Echolocation,/mnt/ubna_data_02_mir/recover-20221013/UBNA_001/20221012_030000.WAV,Telephone Field,recover-20221013,001,1795
200.6305,200.6687,68437,82321,Rhinolophus ferrumequinum,0.022,0.022,-1,Echolocation,/mnt/ubna_data_02_mir/recover-20221013/UBNA_001/20221012_030000.WAV,Telephone Field,recover-20221013,001,1795
200.6865,200.7264,68437,82162,Rhinolophus ferrumequinum,0.023,0.023,-1,Echolocation,/mnt/ubna_data_02_mir/recover-20221013/UBNA_001/20221012_030000.WAV,Telephone Field,recover-20221013,001,1795
200.6985,200.7069,28046,37277,Eptesicus serotinus,0.007,0.024,-1,Echolocation,/mnt/ubna_data_02_mir/recover-20221013/UBNA_001/20221012_030000.WAV,Telephone Field,recover-20221013,001,1795
200.7345,200.7731,68437,81854,Rhinolophus ferrumequinum,0.021,0.021,-1,Echolocation,/mnt/ubna_data_02_mir/recover-20221013/UBNA_001/20221012_030000.WAV,Telephone Field,recover-20221013,001,1795
200.7405,200.7776,68437,81621,Rhinolophus ferrumequinum,0.021,0.021,-1,Echolocation,/mnt/ubna_data_02_mir/recover-20221013/UBNA_001/20221012_030000.WAV,Telephone Field,recover-20221013,001,1795
200.7545,200.7934,68437,82992,Rhinolophus ferrumequinum,0.038,0.038,-1,Echolocation,/mnt/ubna_data_02_mir/recover-20221013/UBNA_001/20221012_030000.WAV,Telephone Field,recover-20221013,001,1795
200.7605,200.7707,22890,28326,Nyctalus leisleri,0.01,0.023,-1,Echolocation,/mnt/ubna_data_02_mir/recover-20221013/UBNA_001/20221012_030000.WAV,Telephone Field,recover-20221013,001,1795
200.7805,200.8186,68437,81582,Rhinolophus ferrumequinum,0.025,0.025,-1,Echolocation,/mnt/ubna_data_02_mir/recover-20221013/UBNA_001/20221012_030000.WAV,Telephone Field,recover-20221013,001,1795
200.8105,200.8174,25468,38036,Plecotus austriacus,0.006,0.024,-1,Echolocation,/mnt/ubna_data_02_mir/recover-20221013/UBNA_001/20221012_030000.WAV,Telephone Field,recover-20221013,001,1795
200.8445,200.8539,24609,31020,Nyctalus leisleri,0.009,0.023,-1,Echolocation,/mnt/ubna_data_02_mir/recover-20221013/UBNA_001/20221012_030000.WAV,Telephone Field,recover-20221013,001,1795
200.8625,200.9023,68437,82641,Rhinolophus ferrumequinum,0.022,0.022,-1,Echolocation,/mnt/ubna_data_02_mir/recover-20221013/UBNA_001/20221012_030000.WAV,Telephone Field,recover-20221013,001,1795
200.8915,200.9329,68437,83319,Rhinolophus ferrumequinum,0.03,0.03,-1,Echolocation,/mnt/ubna_data_02_mir/recover-20221013/UBNA_001/20221012_030000.WAV,Telephone Field,recover-20221013,001,1795
200.9145,200.9515,68437,81933,Rhinolophus ferrumequinum,0.021,0.021,-1,Echolocation,/mnt/ubna_data_02_mir/recover-20221013/UBNA_001/20221012_030000.WAV,Telephone Field,recover-20221013,001,1795
200.9315,200.9379,28046,39036,Eptesicus serotinus,0.005,0.022,-1,Echolocation,/mnt/ubna_data_02_mir/recover-20221013/UBNA_001/20221012_030000.WAV,Telephone Field,recover-20221013,001,1795
200.9965,201.0319,68437,81547,Rhinolophus ferrumequinum,0.022,0.022,-1,Echolocation,/mnt/ubna_data_02_mir/recover-20221013/UBNA_001/20221012_030000.WAV,Telephone Field,recover-20221013,001,1795
201.0125,201.05,68437,81247,Rhinolophus ferrumequinum,0.022,0.022,-1,Echolocation,/mnt/ubna_data_02_mir/recover-20221013/UBNA_001/20221012_030000.WAV,Telephone Field,recover-20221013,001,1795
201.0455,201.0533,28046,39385,Eptesicus serotinus,0.007,0.021,-1,Echolocation,/mnt/ubna_data_02_mir/recover-20221013/UBNA_001/20221012_030000.WAV,Telephone Field,recover-20221013,001,1795
201.0815,201.1,19453,22041,Nyctalus leisleri,0.013,0.023,-1,Echolocation,/mnt/ubna_data_02_mir/recover-20221013/UBNA_001/20221012_030000.WAV,Telephone Field,recover-20221013,001,1795
201.10750000000002,201.1487,68437,81913,Rhinolophus ferrumequinum,0.025,0.025,-1,Echolocation,/mnt/ubna_data_02_mir/recover-20221013/UBNA_001/20221012_030000.WAV,Telephone Field,recover-20221013,001,1795
201.1155,201.154,68437,82136,Rhinolophus ferrumequinum,0.024,0.024,-1,Echolocation,/mnt/ubna_data_02_mir/recover-20221013/UBNA_001/20221012_030000.WAV,Telephone Field,recover-20221013,001,1795
201.1305,201.1377,28046,40566,Eptesicus serotinus,0.007,0.024,-1,Echolocation,/mnt/ubna_data_02_mir/recover-20221013/UBNA_001/20221012_030000.WAV,Telephone Field,recover-20221013,001,1795
201.1405,201.1778,68437,81741,Rhinolophus ferrumequinum,0.024,0.024,-1,Echolocation,/mnt/ubna_data_02_mir/recover-20221013/UBNA_001/20221012_030000.WAV,Telephone Field,recover-20221013,001,1795
201.16649999999998,201.20589999999999,68437,82277,Rhinolophus ferrumequinum,0.022,0.022,-1,Echolocation,/mnt/ubna_data_02_mir/recover-20221013/UBNA_001/20221012_030000.WAV,Telephone Field,recover-20221013,001,1795
201.17849999999999,201.2196,68437,82326,Rhinolophus ferrumequinum,0.025,0.025,-1,Echolocation,/mnt/ubna_data_02_mir/recover-20221013/UBNA_001/20221012_030000.WAV,Telephone Field,recover-20221013,001,1795
201.2195,201.2587,68437,82180,Rhinolophus ferrumequinum,0.031,0.031,-1,Echolocation,/mnt/ubna_data_02_mir/recover-20221013/UBNA_001/20221012_030000.WAV,Telephone Field,recover-20221013,001,1795
201.3135,201.3544,68437,82749,Rhinolophus ferrumequinum,0.025,0.025,-1,Echolocation,/mnt/ubna_data_02_mir/recover-20221013/UBNA_001/20221012_030000.WAV,Telephone Field,recover-20221013,001,1795
201.3785,201.4155,68437,81458,Rhinolophus ferrumequinum,0.021,0.021,-1,Echolocation,/mnt/ubna_data_02_mir/recover-20221013/UBNA_001/20221012_030000.WAV,Telephone Field,recover-20221013,001,1795
201.3945,201.4316,68437,81716,Rhinolophus ferrumequinum,0.021,0.021,-1,Echolocation,/mnt/ubna_data_02_mir/recover-20221013/UBNA_001/20221012_030000.WAV,Telephone Field,recover-20221013,001,1795
201.4355,201.4769,68437,82661,Rhinolophus ferrumequinum,0.031,0.031,-1,Echolocation,/mnt/ubna_data_02_mir/recover-20221013/UBNA_001/20221012_030000.WAV,Telephone Field,recover-20221013,001,1795
201.4375,201.4509,23750,28097,Nyctalus leisleri,0.02,0.035,-1,Echolocation,/mnt/ubna_data_02_mir/recover-20221013/UBNA_001/20221012_030000.WAV,Telephone Field,recover-20221013,001,1795
201.4725,201.4813,23750,31519,Plecotus austriacus,0.008,0.023,-1,Echolocation,/mnt/ubna_data_02_mir/recover-20221013/UBNA_001/20221012_030000.WAV,Telephone Field,recover-20221013,001,1795
201.5745,201.5822,28046,38549,Eptesicus serotinus,0.007,0.024,-1,Echolocation,/mnt/ubna_data_02_mir/recover-20221013/UBNA_001/20221012_030000.WAV,Telephone Field,recover-20221013,001,1795
201.5755,201.6123,68437,81997,Rhinolophus ferrumequinum,0.022,0.022,-1,Echolocation,/mnt/ubna_data_02_mir/recover-20221013/UBNA_001/20221012_030000.WAV,Telephone Field,recover-20221013,001,1795
201.5875,201.624,68437,81387,Rhinolophus ferrumequinum,0.022,0.022,-1,Echolocation,/mnt/ubna_data_02_mir/recover-20221013/UBNA_001/20221012_030000.WAV,Telephone Field,recover-20221013,001,1795
201.6155,201.6534,68437,82095,Rhinolophus ferrumequinum,0.022,0.022,-1,Echolocation,/mnt/ubna_data_02_mir/recover-20221013/UBNA_001/20221012_030000.WAV,Telephone Field,recover-20221013,001,1795
201.6395,201.6798,68437,82157,Rhinolophus ferrumequinum,0.025,0.025,-1,Echolocation,/mnt/ubna_data_02_mir/recover-20221013/UBNA_001/20221012_030000.WAV,Telephone Field,recover-20221013,001,1795
201.6435,201.6518,23750,31661,Plecotus austriacus,0.006,0.021,-1,Echolocation,/mnt/ubna_data_02_mir/recover-20221013/UBNA_001/20221012_030000.WAV,Telephone Field,recover-20221013,001,1795
201.6625,201.706,68437,83338,Rhinolophus ferrumequinum,0.026,0.026,-1,Echolocation,/mnt/ubna_data_02_mir/recover-20221013/UBNA_001/20221012_030000.WAV,Telephone Field,recover-20221013,001,1795
201.6945,201.7323,68437,81242,Rhinolophus ferrumequinum,0.021,0.021,-1,Echolocation,/mnt/ubna_data_02_mir/recover-20221013/UBNA_001/20221012_030000.WAV,Telephone Field,recover-20221013,001,1795
201.7145,201.7526,68437,81731,Rhinolophus ferrumequinum,0.022,0.022,-1,Echolocation,/mnt/ubna_data_02_mir/recover-20221013/UBNA_001/20221012_030000.WAV,Telephone Field,recover-20221013,001,1795
201.7405,201.7806,68437,82216,Rhinolophus ferrumequinum,0.026,0.026,-1,Echolocation,/mnt/ubna_data_02_mir/recover-20221013/UBNA_001/20221012_030000.WAV,Telephone Field,recover-20221013,001,1795
201.8375,201.8444,35781,42979,Myotis daubentonii,0.009,0.022,-1,Echolocation,/mnt/ubna_data_02_mir/recover-20221013/UBNA_001/20221012_030000.WAV,Telephone Field,recover-20221013,001,1795
201.8405,201.8477,27187,38539,Eptesicus serotinus,0.006,0.024,-1,Echolocation,/mnt/ubna_data_02_mir/recover-20221013/UBNA_001/20221012_030000.WAV,Telephone Field,recover-20221013,001,1795
201.85750000000002,201.897,68437,82301,Rhinolophus ferrumequinum,0.021,0.021,-1,Echolocation,/mnt/ubna_data_02_mir/recover-20221013/UBNA_001/20221012_030000.WAV,Telephone Field,recover-20221013,001,1795
201.8645,201.9049,68437,82572,Rhinolophus ferrumequinum,0.023,0.023,-1,Echolocation,/mnt/ubna_data_02_mir/recover-20221013/UBNA_001/20221012_030000.WAV,Telephone Field,recover-20221013,001,1795
201.8665,201.8733,28906,39092,Eptesicus serotinus,0.006,0.026,-1,Echolocation,/mnt/ubna_data_02_mir/recover-20221013/UBNA_001/20221012_030000.WAV,Telephone Field,recover-20221013,001,1795
201.8975,201.9393,68437,82951,Rhinolophus ferrumequinum,0.033,0.033,-1,Echolocation,/mnt/ubna_data_02_mir/recover-20221013/UBNA_001/20221012_030000.WAV,Telephone Field,recover-20221013,001,1795
201.9245,201.9619,68437,81987,Rhinolophus ferrumequinum,0.024,0.024,-1,Echolocation,/mnt/ubna_data_02_mir/recover-20221013/UBNA_001/20221012_030000.WAV,Telephone Field,recover-20221013,001,1795
201.94650000000001,201.9537,46953,51581,Pipistrellus pipistrellus,0.025,0.026,-1,Echolocation,/mnt/ubna_data_02_mir/recover-20221013/UBNA_001/20221012_030000.WAV,Telephone Field,recover-20221013,001,1795
201.9565,201.99790000000002,68437,82530,Rhinolophus ferrumequinum,0.022,0.022,-1,Echolocation,/mnt/ubna_data_02_mir/recover-20221013/UBNA_001/20221012_030000.WAV,Telephone Field,recover-20221013,001,1795
202.0015,202.01,47812,54345,Pipistrellus pipistrellus,0.014,0.023,-1,Echolocation,/mnt/ubna_data_02_mir/recover-20221013/UBNA_001/20221012_030000.WAV,Telephone Field,recover-20221013,001,1795
202.0015,202.0292,69296,80397,Rhinolophus ferrumequinum,0.031,0.031,-1,Echolocation,/mnt/ubna_data_02_mir/recover-20221013/UBNA_001/20221012_030000.WAV,Telephone Field,recover-20221013,001,1795
202.0015,202.0106,21171,27170,Nyctalus leisleri,0.013,0.037,-1,Echolocation,/mnt/ubna_data_02_mir/recover-20221013/UBNA_001/20221012_030000.WAV,Telephone Field,recover-20221013,001,1795
202.0155,202.0229,25468,34354,Plecotus austriacus,0.008,0.028,-1,Echolocation,/mnt/ubna_data_02_mir/recover-20221013/UBNA_001/20221012_030000.WAV,Telephone Field,recover-20221013,001,1795
202.0315,202.0685,68437,81303,Rhinolophus ferrumequinum,0.022,0.022,-1,Echolocation,/mnt/ubna_data_02_mir/recover-20221013/UBNA_001/20221012_030000.WAV,Telephone Field,recover-20221013,001,1795
202.0365,202.0748,68437,81600,Rhinolophus ferrumequinum,0.021,0.021,-1,Echolocation,/mnt/ubna_data_02_mir/recover-20221013/UBNA_001/20221012_030000.WAV,Telephone Field,recover-20221013,001,1795
202.0525,202.0931,68437,82826,Rhinolophus ferrumequinum,0.022,0.022,-1,Echolocation,/mnt/ubna_data_02_mir/recover-20221013/UBNA_001/20221012_030000.WAV,Telephone Field,recover-20221013,001,1795
202.07150000000001,202.0804,26328,36646,Eptesicus serotinus,0.008,0.022,-1,Echolocation,/mnt/ubna_data_02_mir/recover-20221013/UBNA_001/20221012_030000.WAV,Telephone Field,recover-20221013,001,1795
202.0895,202.13060000000002,68437,81866,Rhinolophus ferrumequinum,0.022,0.022,-1,Echolocation,/mnt/ubna_data_02_mir/recover-20221013/UBNA_001/20221012_030000.WAV,Telephone Field,recover-20221013,001,1795
202.0995,202.1369,68437,82321,Rhinolophus ferrumequinum,0.025,0.025,-1,Echolocation,/mnt/ubna_data_02_mir/recover-20221013/UBNA_001/20221012_030000.WAV,Telephone Field,recover-20221013,001,1795
202.1715,202.2089,68437,81858,Rhinolophus ferrumequinum,0.022,0.022,-1,Echolocation,/mnt/ubna_data_02_mir/recover-20221013/UBNA_001/20221012_030000.WAV,Telephone Field,recover-20221013,001,1795
202.1985,202.2375,68437,82374,Rhinolophus ferrumequinum,0.021,0.021,-1,Echolocation,/mnt/ubna_data_02_mir/recover-20221013/UBNA_001/20221012_030000.WAV,Telephone Field,recover-20221013,001,1795
202.2485,202.2914,68437,83139,Rhinolophus ferrumequinum,0.027,0.027,-1,Echolocation,/mnt/ubna_data_02_mir/recover-20221013/UBNA_001/20221012_030000.WAV,Telephone Field,recover-20221013,001,1795
202.2625,202.3053,68437,83470,Rhinolophus ferrumequinum,0.03,0.03,-1,Echolocation,/mnt/ubna_data_02_mir/recover-20221013/UBNA_001/20221012_030000.WAV,Telephone Field,recover-20221013,001,1795
202.2655,202.2728,27187,38507,Eptesicus serotinus,0.007,0.027,-1,Echolocation,/mnt/ubna_data_02_mir/recover-20221013/UBNA_001/20221012_030000.WAV,Telephone Field,recover-20221013,001,1795
202.29149999999998,202.3306,68437,82352,Rhinolophus ferrumequinum,0.023,0.023,-1,Echolocation,/mnt/ubna_data_02_mir/recover-20221013/UBNA_001/20221012_030000.WAV,Telephone Field,recover-20221013,001,1795
202.3585,202.3995,68437,82892,Rhinolophus ferrumequinum,0.028,0.028,-1,Echolocation,/mnt/ubna_data_02_mir/recover-20221013/UBNA_001/20221012_030000.WAV,Telephone Field,recover-20221013,001,1795
202.3735,202.4192,68437,83819,Rhinolophus ferrumequinum,0.038,0.038,-1,Echolocation,/mnt/ubna_data_02_mir/recover-20221013/UBNA_001/20221012_030000.WAV,Telephone Field,recover-20221013,001,1795
202.4255,202.4616,68437,81963,Rhinolophus ferrumequinum,0.021,0.021,-1,Echolocation,/mnt/ubna_data_02_mir/recover-20221013/UBNA_001/20221012_030000.WAV,Telephone Field,recover-20221013,001,1795
202.4785,202.515,68437,80750,Rhinolophus ferrumequinum,0.024,0.024,-1,Echolocation,/mnt/ubna_data_02_mir/recover-20221013/UBNA_001/20221012_030000.WAV,Telephone Field,recover-20221013,001,1795
202.5365,202.5752,68437,82392,Rhinolophus ferrumequinum,0.028,0.028,-1,Echolocation,/mnt/ubna_data_02_mir/recover-20221013/UBNA_001/20221012_030000.WAV,Telephone Field,recover-20221013,001,1795
202.6085,202.6436,68437,82144,Rhinolophus ferrumequinum,0.022,0.022,-1,Echolocation,/mnt/ubna_data_02_mir/recover-20221013/UBNA_001/20221012_030000.WAV,Telephone Field,recover-20221013,001,1795
202.6175,202.6553,68437,81801,Rhinolophus ferrumequinum,0.022,0.022,-1,Echolocation,/mnt/ubna_data_02_mir/recover-20221013/UBNA_001/20221012_030000.WAV,Telephone Field,recover-20221013,001,1795
202.6565,202.6942,68437,82282,Rhinolophus ferrumequinum,0.021,0.021,-1,Echolocation,/mnt/ubna_data_02_mir/recover-20221013/UBNA_001/20221012_030000.WAV,Telephone Field,recover-20221013,001,1795
202.6645,202.7007,68437,82138,Rhinolophus ferrumequinum,0.025,0.025,-1,Echolocation,/mnt/ubna_data_02_mir/recover-20221013/UBNA_001/20221012_030000.WAV,Telephone Field,recover-20221013,001,1795
202.6645,202.6739,25468,33965,Eptesicus serotinus,0.008,0.021,-1,Echolocation,/mnt/ubna_data_02_mir/recover-20221013/UBNA_001/20221012_030000.WAV,Telephone Field,recover-20221013,001,1795
202.6925,202.6999,25468,34202,Plecotus austriacus,0.006,0.021,-1,Echolocation,/mnt/ubna_data_02_mir/recover-20221013/UBNA_001/20221012_030000.WAV,Telephone Field,recover-20221013,001,1795
202.6995,202.7403,68437,82739,Rhinolophus ferrumequinum,0.024,0.024,-1,Echolocation,/mnt/ubna_data_02_mir/recover-20221013/UBNA_001/20221012_030000.WAV,Telephone Field,recover-20221013,001,1795
202.7265,202.7345,25468,34097,Eptesicus serotinus,0.007,0.021,-1,Echolocation,/mnt/ubna_data_02_mir/recover-20221013/UBNA_001/20221012_030000.WAV,Telephone Field,recover-20221013,001,1795
202.7625,202.7985,68437,80861,Rhinolophus ferrumequinum,0.022,0.022,-1,Echolocation,/mnt/ubna_data_02_mir/recover-20221013/UBNA_001/20221012_030000.WAV,Telephone Field,recover-20221013,001,1795
202.7635,202.7738,22890,29639,Nyctalus leisleri,0.012,0.034,-1,Echolocation,/mnt/ubna_data_02_mir/recover-20221013/UBNA_001/20221012_030000.WAV,Telephone Field,recover-20221013,001,1795
202.7705,202.7802,28906,36255,Eptesicus serotinus,0.009,0.022,-1,Echolocation,/mnt/ubna_data_02_mir/recover-20221013/UBNA_001/20221012_030000.WAV,Telephone Field,recover-20221013,001,1795
202.7845,202.8269,68437,83388,Rhinolophus ferrumequinum,0.034,0.034,-1,Echolocation,/mnt/ubna_data_02_mir/recover-20221013/UBNA_001/20221012_030000.WAV,Telephone Field,recover-20221013,001,1795
202.8125,202.8546,68437,82271,Rhinolophus ferrumequinum,0.034,0.034,-1,Echolocation,/mnt/ubna_data_02_mir/recover-20221013/UBNA_001/20221012_030000.WAV,Telephone Field,recover-20221013,001,1795
202.8245,202.8623,68437,82590,Rhinolophus ferrumequinum,0.023,0.023,-1,Echolocation,/mnt/ubna_data_02_mir/recover-20221013/UBNA_001/20221012_030000.WAV,Telephone Field,recover-20221013,001,1795
202.8345,202.8683,68437,81339,Rhinolophus ferrumequinum,0.025,0.025,-1,Echolocation,/mnt/ubna_data_02_mir/recover-20221013/UBNA_001/20221012_030000.WAV,Telephone Field,recover-20221013,001,1795
202.8465,202.8626,23750,28417,Nyctalus leisleri,0.014,0.029,-1,Echolocation,/mnt/ubna_data_02_mir/recover-20221013/UBNA_001/20221012_030000.WAV,Telephone Field,recover-20221013,001,1795
202.8795,202.9222,68437,83413,Rhinolophus ferrumequinum,0.036,0.036,-1,Echolocation,/mnt/ubna_data_02_mir/recover-20221013/UBNA_001/20221012_030000.WAV,Telephone Field,recover-20221013,001,1795
202.9025,202.9468,68437,82710,Rhinolophus ferrumequinum,0.029,0.029,-1,Echolocation,/mnt/ubna_data_02_mir/recover-20221013/UBNA_001/20221012_030000.WAV,Telephone Field,recover-20221013,001,1795
202.9055,202.9166,22031,25961,Nyctalus leisleri,0.012,0.022,-1,Echolocation,/mnt/ubna_data_02_mir/recover-20221013/UBNA_001/20221012_030000.WAV,Telephone Field,recover-20221013,001,1795
202.9155,202.9547,68437,81842,Rhinolophus ferrumequinum,0.021,0.021,-1,Echolocation,/mnt/ubna_data_02_mir/recover-20221013/UBNA_001/20221012_030000.WAV,Telephone Field,recover-20221013,001,1795
202.9415,202.9802,68437,82121,Rhinolophus ferrumequinum,0.023,0.023,-1,Echolocation,/mnt/ubna_data_02_mir/recover-20221013/UBNA_001/20221012_030000.WAV,Telephone Field,recover-20221013,001,1795
202.9795,203.0245,68437,83729,Rhinolophus ferrumequinum,0.038,0.038,-1,Echolocation,/mnt/ubna_data_02_mir/recover-20221013/UBNA_001/20221012_030000.WAV,Telephone Field,recover-20221013,001,1795
203.0085,203.047,68437,82172,Rhinolophus ferrumequinum,0.028,0.028,-1,Echolocation,/mnt/ubna_data_02_mir/recover-20221013/UBNA_001/20221012_030000.WAV,Telephone Field,recover-20221013,001,1795
203.0665,203.0778,22890,27477,Nyctalus leisleri,0.013,0.025,-1,Echolocation,/mnt/ubna_data_02_mir/recover-20221013/UBNA_001/20221012_030000.WAV,Telephone Field,recover-20221013,001,1795
203.1035,203.1148,22890,27522,Nyctalus leisleri,0.015,0.028,-1,Echolocation,/mnt/ubna_data_02_mir/recover-20221013/UBNA_001/20221012_030000.WAV,Telephone Field,recover-20221013,001,1795
203.1215,203.15800000000002,68437,82124,Rhinolophus ferrumequinum,0.024,0.024,-1,Echolocation,/mnt/ubna_data_02_mir/recover-20221013/UBNA_001/20221012_030000.WAV,Telephone Field,recover-20221013,001,1795
203.1315,203.17340000000002,68437,82715,Rhinolophus ferrumequinum,0.022,0.022,-1,Echolocation,/mnt/ubna_data_02_mir/recover-20221013/UBNA_001/20221012_030000.WAV,Telephone Field,recover-20221013,001,1795
203.1745,203.2142,68437,81975,Rhinolophus ferrumequinum,0.021,0.021,-1,Echolocation,/mnt/ubna_data_02_mir/recover-20221013/UBNA_001/20221012_030000.WAV,Telephone Field,recover-20221013,001,1795
203.1895,203.1967,50390,55204,Pipistrellus pipistrellus,0.019,0.022,-1,Echolocation,/mnt/ubna_data_02_mir/recover-20221013/UBNA_001/20221012_030000.WAV,Telephone Field,recover-20221013,001,1795
203.2065,203.2133,25468,39484,Myotis nattereri,0.005,0.023,-1,Echolocation,/mnt/ubna_data_02_mir/recover-20221013/UBNA_001/20221012_030000.WAV,Telephone Field,recover-20221013,001,1795
203.2145,203.2565,68437,83244,Rhinolophus ferrumequinum,0.037,0.037,-1,Echolocation,/mnt/ubna_data_02_mir/recover-20221013/UBNA_001/20221012_030000.WAV,Telephone Field,recover-20221013,001,1795
203.2295,203.2722,68437,83264,Rhinolophus ferrumequinum,0.027,0.027,-1,Echolocation,/mnt/ubna_data_02_mir/recover-20221013/UBNA_001/20221012_030000.WAV,Telephone Field,recover-20221013,001,1795
203.2525,203.2634,22890,28162,Nyctalus leisleri,0.011,0.023,-1,Echolocation,/mnt/ubna_data_02_mir/recover-20221013/UBNA_001/20221012_030000.WAV,Telephone Field,recover-20221013,001,1795
203.3175,203.328,29765,36635,Eptesicus serotinus,0.01,0.023,-1,Echolocation,/mnt/ubna_data_02_mir/recover-20221013/UBNA_001/20221012_030000.WAV,Telephone Field,recover-20221013,001,1795
203.3245,203.363,68437,82120,Rhinolophus ferrumequinum,0.023,0.024,-1,Echolocation,/mnt/ubna_data_02_mir/recover-20221013/UBNA_001/20221012_030000.WAV,Telephone Field,recover-20221013,001,1795
203.3555,203.3929,68437,82079,Rhinolophus ferrumequinum,0.028,0.028,-1,Echolocation,/mnt/ubna_data_02_mir/recover-20221013/UBNA_001/20221012_030000.WAV,Telephone Field,recover-20221013,001,1795
203.3695,203.3766,25468,38884,Eptesicus serotinus,0.005,0.023,-1,Echolocation,/mnt/ubna_data_02_mir/recover-20221013/UBNA_001/20221012_030000.WAV,Telephone Field,recover-20221013,001,1795
203.4275,203.4665,68437,82168,Rhinolophus ferrumequinum,0.022,0.022,-1,Echolocation,/mnt/ubna_data_02_mir/recover-20221013/UBNA_001/20221012_030000.WAV,Telephone Field,recover-20221013,001,1795
203.4395,203.4501,22890,27687,Nyctalus leisleri,0.014,0.028,-1,Echolocation,/mnt/ubna_data_02_mir/recover-20221013/UBNA_001/20221012_030000.WAV,Telephone Field,recover-20221013,001,1795
203.4505,203.4861,68437,80840,Rhinolophus ferrumequinum,0.03,0.03,-1,Echolocation,/mnt/ubna_data_02_mir/recover-20221013/UBNA_001/20221012_030000.WAV,Telephone Field,recover-20221013,001,1795
203.4885,203.5274,68437,82187,Rhinolophus ferrumequinum,0.024,0.024,-1,Echolocation,/mnt/ubna_data_02_mir/recover-20221013/UBNA_001/20221012_030000.WAV,Telephone Field,recover-20221013,001,1795
203.5145,203.5501,68437,81797,Rhinolophus ferrumequinum,0.027,0.027,-1,Echolocation,/mnt/ubna_data_02_mir/recover-20221013/UBNA_001/20221012_030000.WAV,Telephone Field,recover-20221013,001,1795
203.5205,203.5605,68437,83243,Rhinolophus ferrumequinum,0.026,0.026,-1,Echolocation,/mnt/ubna_data_02_mir/recover-20221013/UBNA_001/20221012_030000.WAV,Telephone Field,recover-20221013,001,1795
203.5275,203.5685,68437,83024,Rhinolophus ferrumequinum,0.028,0.028,-1,Echolocation,/mnt/ubna_data_02_mir/recover-20221013/UBNA_001/20221012_030000.WAV,Telephone Field,recover-20221013,001,1795
203.52949999999998,203.5391,28906,38082,Eptesicus serotinus,0.009,0.026,-1,Echolocation,/mnt/ubna_data_02_mir/recover-20221013/UBNA_001/20221012_030000.WAV,Telephone Field,recover-20221013,001,1795
203.5565,203.5957,68437,82069,Rhinolophus ferrumequinum,0.022,0.022,-1,Echolocation,/mnt/ubna_data_02_mir/recover-20221013/UBNA_001/20221012_030000.WAV,Telephone Field,recover-20221013,001,1795
203.5605,203.5688,22890,31055,Plecotus austriacus,0.016,0.032,-1,Echolocation,/mnt/ubna_data_02_mir/recover-20221013/UBNA_001/20221012_030000.WAV,Telephone Field,recover-20221013,001,1795
203.5805,203.62630000000001,68437,83351,Rhinolophus ferrumequinum,0.051,0.051,-1,Echolocation,/mnt/ubna_data_02_mir/recover-20221013/UBNA_001/20221012_030000.WAV,Telephone Field,recover-20221013,001,1795
203.5965,203.6382,68437,82746,Rhinolophus ferrumequinum,0.024,0.024,-1,Echolocation,/mnt/ubna_data_02_mir/recover-20221013/UBNA_001/20221012_030000.WAV,Telephone Field,recover-20221013,001,1795
203.6035,203.6451,68437,83484,Rhinolophus ferrumequinum,0.026,0.026,-1,Echolocation,/mnt/ubna_data_02_mir/recover-20221013/UBNA_001/20221012_030000.WAV,Telephone Field,recover-20221013,001,1795
203.6255,203.664,68437,82034,Rhinolophus ferrumequinum,0.026,0.026,-1,Echolocation,/mnt/ubna_data_02_mir/recover-20221013/UBNA_001/20221012_030000.WAV,Telephone Field,recover-20221013,001,1795
203.6315,203.642,22890,29331,Nyctalus leisleri,0.009,0.023,-1,Echolocation,/mnt/ubna_data_02_mir/recover-20221013/UBNA_001/20221012_030000.WAV,Telephone Field,recover-20221013,001,1795
203.6315,203.6404,27187,38175,Eptesicus serotinus,0.008,0.023,-1,Echolocation,/mnt/ubna_data_02_mir/recover-20221013/UBNA_001/20221012_030000.WAV,Telephone Field,recover-20221013,001,1795
203.6495,203.6882,68437,82237,Rhinolophus ferrumequinum,0.028,0.028,-1,Echolocation,/mnt/ubna_data_02_mir/recover-20221013/UBNA_001/20221012_030000.WAV,Telephone Field,recover-20221013,001,1795
203.7035,203.7424,68437,81826,Rhinolophus ferrumequinum,0.022,0.022,-1,Echolocation,/mnt/ubna_data_02_mir/recover-20221013/UBNA_001/20221012_030000.WAV,Telephone Field,recover-20221013,001,1795
203.7035,203.70929999999998,40078,55780,Myotis daubentonii,0.007,0.021,-1,Echolocation,/mnt/ubna_data_02_mir/recover-20221013/UBNA_001/20221012_030000.WAV,Telephone Field,recover-20221013,001,1795
203.7395,203.7805,68437,82536,Rhinolophus ferrumequinum,0.025,0.025,-1,Echolocation,/mnt/ubna_data_02_mir/recover-20221013/UBNA_001/20221012_030000.WAV,Telephone Field,recover-20221013,001,1795
203.7595,203.7666,28906,39114,Eptesicus serotinus,0.008,0.028,-1,Echolocation,/mnt/ubna_data_02_mir/recover-20221013/UBNA_001/20221012_030000.WAV,Telephone Field,recover-20221013,001,1795
203.7955,203.8368,68437,82309,Rhinolophus ferrumequinum,0.023,0.023,-1,Echolocation,/mnt/ubna_data_02_mir/recover-20221013/UBNA_001/20221012_030000.WAV,Telephone Field,recover-20221013,001,1795
203.8605,203.8695,28906,38049,Eptesicus serotinus,0.008,0.022,-1,Echolocation,/mnt/ubna_data_02_mir/recover-20221013/UBNA_001/20221012_030000.WAV,Telephone Field,recover-20221013,001,1795
203.8735,203.9175,68437,83414,Rhinolophus ferrumequinum,0.038,0.038,-1,Echolocation,/mnt/ubna_data_02_mir/recover-20221013/UBNA_001/20221012_030000.WAV,Telephone Field,recover-20221013,001,1795
203.9065,203.9455,68437,82745,Rhinolophus ferrumequinum,0.038,0.038,-1,Echolocation,/mnt/ubna_data_02_mir/recover-20221013/UBNA_001/20221012_030000.WAV,Telephone Field,recover-20221013,001,1795
203.9215,203.9591,68437,82166,Rhinolophus ferrumequinum,0.022,0.022,-1,Echolocation,/mnt/ubna_data_02_mir/recover-20221013/UBNA_001/20221012_030000.WAV,Telephone Field,recover-20221013,001,1795
203.9275,203.9671,68437,82645,Rhinolophus ferrumequinum,0.021,0.021,-1,Echolocation,/mnt/ubna_data_02_mir/recover-20221013/UBNA_001/20221012_030000.WAV,Telephone Field,recover-20221013,001,1795
203.9735,203.98239999999998,27187,37809,Eptesicus serotinus,0.008,0.023,-1,Echolocation,/mnt/ubna_data_02_mir/recover-20221013/UBNA_001/20221012_030000.WAV,Telephone Field,recover-20221013,001,1795
203.9855,203.9967,22890,28908,Nyctalus leisleri,0.014,0.034,-1,Echolocation,/mnt/ubna_data_02_mir/recover-20221013/UBNA_001/20221012_030000.WAV,Telephone Field,recover-20221013,001,1795
204.0015,204.0356,69296,81090,Rhinolophus ferrumequinum,0.036,0.036,-1,Echolocation,/mnt/ubna_data_02_mir/recover-20221013/UBNA_001/20221012_030000.WAV,Telephone Field,recover-20221013,001,1795
204.0015,204.0155,20312,25647,Nyctalus leisleri,0.015,0.038,-1,Echolocation,/mnt/ubna_data_02_mir/recover-20221013/UBNA_001/20221012_030000.WAV,Telephone Field,recover-20221013,001,1795
204.0015,204.0117,45234,50906,Pipistrellus pipistrellus,0.017,0.023,-1,Echolocation,/mnt/ubna_data_02_mir/recover-20221013/UBNA_001/20221012_030000.WAV,Telephone Field,recover-20221013,001,1795
204.0095,204.0268,20312,22974,Nyctalus leisleri,0.019,0.03,-1,Echolocation,/mnt/ubna_data_02_mir/recover-20221013/UBNA_001/20221012_030000.WAV,Telephone Field,recover-20221013,001,1795
204.0095,204.0505,68437,80977,Rhinolophus ferrumequinum,0.021,0.021,-1,Echolocation,/mnt/ubna_data_02_mir/recover-20221013/UBNA_001/20221012_030000.WAV,Telephone Field,recover-20221013,001,1795
204.01749999999998,204.058,68437,82307,Rhinolophus ferrumequinum,0.022,0.022,-1,Echolocation,/mnt/ubna_data_02_mir/recover-20221013/UBNA_001/20221012_030000.WAV,Telephone Field,recover-20221013,001,1795
204.0315,204.0717,68437,82683,Rhinolophus ferrumequinum,0.028,0.028,-1,Echolocation,/mnt/ubna_data_02_mir/recover-20221013/UBNA_001/20221012_030000.WAV,Telephone Field,recover-20221013,001,1795
204.0555,204.0634,26328,35030,Eptesicus serotinus,0.007,0.022,-1,Echolocation,/mnt/ubna_data_02_mir/recover-20221013/UBNA_001/20221012_030000.WAV,Telephone Field,recover-20221013,001,1795
204.0685,204.0794,27187,34381,Eptesicus serotinus,0.01,0.023,-1,Echolocation,/mnt/ubna_data_02_mir/recover-20221013/UBNA_001/20221012_030000.WAV,Telephone Field,recover-20221013,001,1795
204.0805,204.1193,68437,82463,Rhinolophus ferrumequinum,0.024,0.024,-1,Echolocation,/mnt/ubna_data_02_mir/recover-20221013/UBNA_001/20221012_030000.WAV,Telephone Field,recover-20221013,001,1795
204.0845,204.0958,23750,30663,Nyctalus leisleri,0.008,0.023,-1,Echolocation,/mnt/ubna_data_02_mir/recover-20221013/UBNA_001/20221012_030000.WAV,Telephone Field,recover-20221013,001,1795
204.1145,204.1557,68437,82826,Rhinolophus ferrumequinum,0.029,0.029,-1,Echolocation,/mnt/ubna_data_02_mir/recover-20221013/UBNA_001/20221012_030000.WAV,Telephone Field,recover-20221013,001,1795
204.1165,204.1289,41796,44929,Pipistrellus pipistrellus,0.014,0.023,-1,Echolocation,/mnt/ubna_data_02_mir/recover-20221013/UBNA_001/20221012_030000.WAV,Telephone Field,recover-20221013,001,1795
204.1375,204.1813,68437,83705,Rhinolophus ferrumequinum,0.049,0.049,-1,Echolocation,/mnt/ubna_data_02_mir/recover-20221013/UBNA_001/20221012_030000.WAV,Telephone Field,recover-20221013,001,1795
204.1755,204.2125,68437,81700,Rhinolophus ferrumequinum,0.022,0.022,-1,Echolocation,/mnt/ubna_data_02_mir/recover-20221013/UBNA_001/20221012_030000.WAV,Telephone Field,recover-20221013,001,1795
204.1885,204.1991,23750,29162,Nyctalus leisleri,0.013,0.028,-1,Echolocation,/mnt/ubna_data_02_mir/recover-20221013/UBNA_001/20221012_030000.WAV,Telephone Field,recover-20221013,001,1795
204.20850000000002,204.2458,68437,81469,Rhinolophus ferrumequinum,0.022,0.022,-1,Echolocation,/mnt/ubna_data_02_mir/recover-20221013/UBNA_001/20221012_030000.WAV,Telephone Field,recover-20221013,001,1795
204.2195,204.257,68437,82192,Rhinolophus ferrumequinum,0.023,0.023,-1,Echolocation,/mnt/ubna_data_02_mir/recover-20221013/UBNA_001/20221012_030000.WAV,Telephone Field,recover-20221013,001,1795
204.22050000000002,204.2308,28046,35427,Eptesicus serotinus,0.012,0.025,-1,Echolocation,/mnt/ubna_data_02_mir/recover-20221013/UBNA_001/20221012_030000.WAV,Telephone Field,recover-20221013,001,1795
204.2235,204.23329999999999,22031,28092,Nyctalus leisleri,0.008,0.022,-1,Echolocation,/mnt/ubna_data_02_mir/recover-20221013/UBNA_001/20221012_030000.WAV,Telephone Field,recover-20221013,001,1795
204.2315,204.2707,68437,81648,Rhinolophus ferrumequinum,0.023,0.023,-1,Echolocation,/mnt/ubna_data_02_mir/recover-20221013/UBNA_001/20221012_030000.WAV,Telephone Field,recover-20221013,001,1795
204.2365,204.2754,68437,81695,Rhinolophus ferrumequinum,0.022,0.023,-1,Echolocation,/mnt/ubna_data_02_mir/recover-20221013/UBNA_001/20221012_030000.WAV,Telephone Field,recover-20221013,001,1795
204.2485,204.2856,68437,81380,Rhinolophus ferrumequinum,0.021,0.021,-1,Echolocation,/mnt/ubna_data_02_mir/recover-20221013/UBNA_001/20221012_030000.WAV,Telephone Field,recover-20221013,001,1795
204.2565,204.2921,68437,80712,Rhinolophus ferrumequinum,0.024,0.024,-1,Echolocation,/mnt/ubna_data_02_mir/recover-20221013/UBNA_001/20221012_030000.WAV,Telephone Field,recover-20221013,001,1795
204.2845,204.3255,68437,82811,Rhinolophus ferrumequinum,0.021,0.021,-1,Echolocation,/mnt/ubna_data_02_mir/recover-20221013/UBNA_001/20221012_030000.WAV,Telephone Field,recover-20221013,001,1795
204.3025,204.3173,22890,26319,Nyctalus leisleri,0.016,0.026,-1,Echolocation,/mnt/ubna_data_02_mir/recover-20221013/UBNA_001/20221012_030000.WAV,Telephone Field,recover-20221013,001,1795
204.3055,204.3449,68437,82006,Rhinolophus ferrumequinum,0.022,0.022,-1,Echolocation,/mnt/ubna_data_02_mir/recover-20221013/UBNA_001/20221012_030000.WAV,Telephone Field,recover-20221013,001,1795
204.3545,204.3941,68437,82452,Rhinolophus ferrumequinum,0.028,0.028,-1,Echolocation,/mnt/ubna_data_02_mir/recover-20221013/UBNA_001/20221012_030000.WAV,Telephone Field,recover-20221013,001,1795
204.3585,204.3673,22890,29835,Nyctalus leisleri,0.007,0.022,-1,Echolocation,/mnt/ubna_data_02_mir/recover-20221013/UBNA_001/20221012_030000.WAV,Telephone Field,recover-20221013,001,1795
204.3805,204.4216,68437,83049,Rhinolophus ferrumequinum,0.028,0.028,-1,Echolocation,/mnt/ubna_data_02_mir/recover-20221013/UBNA_001/20221012_030000.WAV,Telephone Field,recover-20221013,001,1795
204.4065,204.4477,68437,82612,Rhinolophus ferrumequinum,0.026,0.026,-1,Echolocation,/mnt/ubna_data_02_mir/recover-20221013/UBNA_001/20221012_030000.WAV,Telephone Field,recover-20221013,001,1795
204.4085,204.415,28046,42709,Eptesicus serotinus,0.006,0.024,-1,Echolocation,/mnt/ubna_data_02_mir/recover-20221013/UBNA_001/20221012_030000.WAV,Telephone Field,recover-20221013,001,1795
204.4315,204.4679,68437,81611,Rhinolophus ferrumequinum,0.023,0.023,-1,Echolocation,/mnt/ubna_data_02_mir/recover-20221013/UBNA_001/20221012_030000.WAV,Telephone Field,recover-20221013,001,1795
204.4375,204.4451,23750,32488,Plecotus austriacus,0.009,0.022,-1,Echolocation,/mnt/ubna_data_02_mir/recover-20221013/UBNA_001/20221012_030000.WAV,Telephone Field,recover-20221013,001,1795
204.4715,204.4827,28046,34224,Eptesicus serotinus,0.014,0.026,-1,Echolocation,/mnt/ubna_data_02_mir/recover-20221013/UBNA_001/20221012_030000.WAV,Telephone Field,recover-20221013,001,1795
204.4855,204.529,68437,83002,Rhinolophus ferrumequinum,0.058,0.058,-1,Echolocation,/mnt/ubna_data_02_mir/recover-20221013/UBNA_001/20221012_030000.WAV,Telephone Field,recover-20221013,001,1795
204.5155,204.5571,68437,83349,Rhinolophus ferrumequinum,0.034,0.034,-1,Echolocation,/mnt/ubna_data_02_mir/recover-20221013/UBNA_001/20221012_030000.WAV,Telephone Field,recover-20221013,001,1795
204.52949999999998,204.572,68437,82785,Rhinolophus ferrumequinum,0.027,0.027,-1,Echolocation,/mnt/ubna_data_02_mir/recover-20221013/UBNA_001/20221012_030000.WAV,Telephone Field,recover-20221013,001,1795
204.5645,204.6031,68437,82845,Rhinolophus ferrumequinum,0.024,0.024,-1,Echolocation,/mnt/ubna_data_02_mir/recover-20221013/UBNA_001/20221012_030000.WAV,Telephone Field,recover-20221013,001,1795
204.57150000000001,204.6136,68437,82304,Rhinolophus ferrumequinum,0.025,0.025,-1,Echolocation,/mnt/ubna_data_02_mir/recover-20221013/UBNA_001/20221012_030000.WAV,Telephone Field,recover-20221013,001,1795
204.5785,204.61860000000001,68437,82214,Rhinolophus ferrumequinum,0.025,0.025,-1,Echolocation,/mnt/ubna_data_02_mir/recover-20221013/UBNA_001/20221012_030000.WAV,Telephone Field,recover-20221013,001,1795
204.6015,204.6095,28046,38274,Eptesicus serotinus,0.007,0.022,-1,Echolocation,/mnt/ubna_data_02_mir/recover-20221013/UBNA_001/20221012_030000.WAV,Telephone Field,recover-20221013,001,1795
204.6165,204.6278,25468,30795,Nyctalus leisleri,0.009,0.023,-1,Echolocation,/mnt/ubna_data_02_mir/recover-20221013/UBNA_001/20221012_030000.WAV,Telephone Field,recover-20221013,001,1795
204.6495,204.6815,68437,80946,Rhinolophus ferrumequinum,0.021,0.021,-1,Echolocation,/mnt/ubna_data_02_mir/recover-20221013/UBNA_001/20221012_030000.WAV,Telephone Field,recover-20221013,001,1795
204.6565,204.6941,68437,81964,Rhinolophus ferrumequinum,0.022,0.022,-1,Echolocation,/mnt/ubna_data_02_mir/recover-20221013/UBNA_001/20221012_030000.WAV,Telephone Field,recover-20221013,001,1795
204.6635,204.7035,68437,82533,Rhinolophus ferrumequinum,0.022,0.022,-1,Echolocation,/mnt/ubna_data_02_mir/recover-20221013/UBNA_001/20221012_030000.WAV,Telephone Field,recover-20221013,001,1795
204.6675,204.6775,14296,21234,Nyctalus noctula,0.011,0.024,-1,Echolocation,/mnt/ubna_data_02_mir/recover-20221013/UBNA_001/20221012_030000.WAV,Telephone Field,recover-20221013,001,1795
204.67849999999999,204.6867,28046,37463,Eptesicus serotinus,0.008,0.022,-1,Echolocation,/mnt/ubna_data_02_mir/recover-20221013/UBNA_001/20221012_030000.WAV,Telephone Field,recover-20221013,001,1795
204.6855,204.72469999999998,68437,82097,Rhinolophus ferrumequinum,0.025,0.025,-1,Echolocation,/mnt/ubna_data_02_mir/recover-20221013/UBNA_001/20221012_030000.WAV,Telephone Field,recover-20221013,001,1795
204.7045,204.715,31484,36832,Eptesicus serotinus,0.018,0.045,-1,Echolocation,/mnt/ubna_data_02_mir/recover-20221013/UBNA_001/20221012_030000.WAV,Telephone Field,recover-20221013,001,1795
204.7415,204.7488,28046,40381,Eptesicus serotinus,0.008,0.027,-1,Echolocation,/mnt/ubna_data_02_mir/recover-20221013/UBNA_001/20221012_030000.WAV,Telephone Field,recover-20221013,001,1795
204.7535,204.7628,25468,33713,Eptesicus serotinus,0.008,0.022,-1,Echolocation,/mnt/ubna_data_02_mir/recover-20221013/UBNA_001/20221012_030000.WAV,Telephone Field,recover-20221013,001,1795
204.7615,204.7981,68437,81561,Rhinolophus ferrumequinum,0.022,0.022,-1,Echolocation,/mnt/ubna_data_02_mir/recover-20221013/UBNA_001/20221012_030000.WAV,Telephone Field,recover-20221013,001,1795
204.8085,204.845,68437,81459,Rhinolophus ferrumequinum,0.025,0.025,-1,Echolocation,/mnt/ubna_data_02_mir/recover-20221013/UBNA_001/20221012_030000.WAV,Telephone Field,recover-20221013,001,1795
204.8305,204.8709,68437,82612,Rhinolophus ferrumequinum,0.038,0.038,-1,Echolocation,/mnt/ubna_data_02_mir/recover-20221013/UBNA_001/20221012_030000.WAV,Telephone Field,recover-20221013,001,1795
204.8325,204.8411,28046,38891,Eptesicus serotinus,0.008,0.022,-1,Echolocation,/mnt/ubna_data_02_mir/recover-20221013/UBNA_001/20221012_030000.WAV,Telephone Field,recover-20221013,001,1795
204.83350000000002,204.843,48671,54879,Pipistrellus pipistrellus,0.022,0.026,-1,Echolocation,/mnt/ubna_data_02_mir/recover-20221013/UBNA_001/20221012_030000.WAV,Telephone Field,recover-20221013,001,1795
204.8585,204.8978,68437,82155,Rhinolophus ferrumequinum,0.024,0.024,-1,Echolocation,/mnt/ubna_data_02_mir/recover-20221013/UBNA_001/20221012_030000.WAV,Telephone Field,recover-20221013,001,1795
204.8955,204.9046,30625,38185,Eptesicus serotinus,0.011,0.029,-1,Echolocation,/mnt/ubna_data_02_mir/recover-20221013/UBNA_001/20221012_030000.WAV,Telephone Field,recover-20221013,001,1795
204.8975,204.934,68437,81491,Rhinolophus ferrumequinum,0.025,0.025,-1,Echolocation,/mnt/ubna_data_02_mir/recover-20221013/UBNA_001/20221012_030000.WAV,Telephone Field,recover-20221013,001,1795
204.9525,204.9909,68437,82442,Rhinolophus ferrumequinum,0.022,0.022,-1,Echolocation,/mnt/ubna_data_02_mir/recover-20221013/UBNA_001/20221012_030000.WAV,Telephone Field,recover-20221013,001,1795
204.9975,205.0041,46953,52923,Pipistrellus pipistrellus,0.023,0.024,-1,Echolocation,/mnt/ubna_data_02_mir/recover-20221013/UBNA_001/20221012_030000.WAV,Telephone Field,recover-20221013,001,1795
205.0015,205.0386,68437,81926,Rhinolophus ferrumequinum,0.022,0.022,-1,Echolocation,/mnt/ubna_data_02_mir/recover-20221013/UBNA_001/20221012_030000.WAV,Telephone Field,recover-20221013,001,1795
205.0225,205.0664,68437,83813,Rhinolophus ferrumequinum,0.028,0.028,-1,Echolocation,/mnt/ubna_data_02_mir/recover-20221013/UBNA_001/20221012_030000.WAV,Telephone Field,recover-20221013,001,1795
205.05349999999999,205.0593,34921,44946,Myotis daubentonii,0.008,0.022,-1,Echolocation,/mnt/ubna_data_02_mir/recover-20221013/UBNA_001/20221012_030000.WAV,Telephone Field,recover-20221013,001,1795
205.0555,205.0964,68437,82740,Rhinolophus ferrumequinum,0.039,0.039,-1,Echolocation,/mnt/ubna_data_02_mir/recover-20221013/UBNA_001/20221012_030000.WAV,Telephone Field,recover-20221013,001,1795
205.0815,205.1196,68437,82318,Rhinolophus ferrumequinum,0.023,0.023,-1,Echolocation,/mnt/ubna_data_02_mir/recover-20221013/UBNA_001/20221012_030000.WAV,Telephone Field,recover-20221013,001,1795
205.10750000000002,205.1475,68437,82381,Rhinolophus ferrumequinum,0.035,0.035,-1,Echolocation,/mnt/ubna_data_02_mir/recover-20221013/UBNA_001/20221012_030000.WAV,Telephone Field,recover-20221013,001,1795
205.1315,205.1395,28906,38711,Eptesicus serotinus,0.007,0.022,-1,Echolocation,/mnt/ubna_data_02_mir/recover-20221013/UBNA_001/20221012_030000.WAV,Telephone Field,recover-20221013,001,1795
205.1605,205.1671,28046,38517,Eptesicus serotinus,0.013,0.035,-1,Echolocation,/mnt/ubna_data_02_mir/recover-20221013/UBNA_001/20221012_030000.WAV,Telephone Field,recover-20221013,001,1795
205.1605,205.2,68437,82179,Rhinolophus ferrumequinum,0.023,0.023,-1,Echolocation,/mnt/ubna_data_02_mir/recover-20221013/UBNA_001/20221012_030000.WAV,Telephone Field,recover-20221013,001,1795
205.1755,205.2122,68437,81156,Rhinolophus ferrumequinum,0.022,0.022,-1,Echolocation,/mnt/ubna_data_02_mir/recover-20221013/UBNA_001/20221012_030000.WAV,Telephone Field,recover-20221013,001,1795
205.2005,205.2413,68437,82301,Rhinolophus ferrumequinum,0.024,0.024,-1,Echolocation,/mnt/ubna_data_02_mir/recover-20221013/UBNA_001/20221012_030000.WAV,Telephone Field,recover-20221013,001,1795
205.2125,205.2507,68437,82118,Rhinolophus ferrumequinum,0.024,0.024,-1,Echolocation,/mnt/ubna_data_02_mir/recover-20221013/UBNA_001/20221012_030000.WAV,Telephone Field,recover-20221013,001,1795
205.2235,205.2314,26328,40206,Eptesicus serotinus,0.007,0.022,-1,Echolocation,/mnt/ubna_data_02_mir/recover-20221013/UBNA_001/20221012_030000.WAV,Telephone Field,recover-20221013,001,1795
205.2315,205.2732,68437,83094,Rhinolophus ferrumequinum,0.024,0.024,-1,Echolocation,/mnt/ubna_data_02_mir/recover-20221013/UBNA_001/20221012_030000.WAV,Telephone Field,recover-20221013,001,1795
205.2375,205.2805,68437,82637,Rhinolophus ferrumequinum,0.024,0.024,-1,Echolocation,/mnt/ubna_data_02_mir/recover-20221013/UBNA_001/20221012_030000.WAV,Telephone Field,recover-20221013,001,1795
205.2505,205.2842,68437,81091,Rhinolophus ferrumequinum,0.022,0.022,-1,Echolocation,/mnt/ubna_data_02_mir/recover-20221013/UBNA_001/20221012_030000.WAV,Telephone Field,recover-20221013,001,1795
205.3045,205.3437,68437,82269,Rhinolophus ferrumequinum,0.022,0.022,-1,Echolocation,/mnt/ubna_data_02_mir/recover-20221013/UBNA_001/20221012_030000.WAV,Telephone Field,recover-20221013,001,1795
205.3265,205.336,28906,36140,Eptesicus serotinus,0.019,0.036,-1,Echolocation,/mnt/ubna_data_02_mir/recover-20221013/UBNA_001/20221012_030000.WAV,Telephone Field,recover-20221013,001,1795
205.3445,205.3564,22890,27211,Nyctalus leisleri,0.012,0.022,-1,Echolocation,/mnt/ubna_data_02_mir/recover-20221013/UBNA_001/20221012_030000.WAV,Telephone Field,recover-20221013,001,1795
205.3735,205.4141,68437,83077,Rhinolophus ferrumequinum,0.025,0.025,-1,Echolocation,/mnt/ubna_data_02_mir/recover-20221013/UBNA_001/20221012_030000.WAV,Telephone Field,recover-20221013,001,1795
205.3745,205.3851,22890,27676,Nyctalus leisleri,0.011,0.021,-1,Echolocation,/mnt/ubna_data_02_mir/recover-20221013/UBNA_001/20221012_030000.WAV,Telephone Field,recover-20221013,001,1795
205.3845,205.425,68437,82321,Rhinolophus ferrumequinum,0.021,0.021,-1,Echolocation,/mnt/ubna_data_02_mir/recover-20221013/UBNA_001/20221012_030000.WAV,Telephone Field,recover-20221013,001,1795
205.3965,205.4358,68437,82251,Rhinolophus ferrumequinum,0.022,0.022,-1,Echolocation,/mnt/ubna_data_02_mir/recover-20221013/UBNA_001/20221012_030000.WAV,Telephone Field,recover-20221013,001,1795
205.4265,205.4371,23750,29916,Nyctalus leisleri,0.009,0.023,-1,Echolocation,/mnt/ubna_data_02_mir/recover-20221013/UBNA_001/20221012_030000.WAV,Telephone Field,recover-20221013,001,1795
205.4695,205.5046,68437,81907,Rhinolophus ferrumequinum,0.025,0.025,-1,Echolocation,/mnt/ubna_data_02_mir/recover-20221013/UBNA_001/20221012_030000.WAV,Telephone Field,recover-20221013,001,1795
205.4715,205.4838,22890,27055,Nyctalus leisleri,0.016,0.027,-1,Echolocation,/mnt/ubna_data_02_mir/recover-20221013/UBNA_001/20221012_030000.WAV,Telephone Field,recover-20221013,001,1795
205.4855,205.506,20312,23232,Nyctalus leisleri,0.014,0.025,-1,Echolocation,/mnt/ubna_data_02_mir/recover-20221013/UBNA_001/20221012_030000.WAV,Telephone Field,recover-20221013,001,1795
205.4915,205.5303,68437,82627,Rhinolophus ferrumequinum,0.026,0.026,-1,Echolocation,/mnt/ubna_data_02_mir/recover-20221013/UBNA_001/20221012_030000.WAV,Telephone Field,recover-20221013,001,1795
205.5105,205.5478,68437,81939,Rhinolophus ferrumequinum,0.022,0.022,-1,Echolocation,/mnt/ubna_data_02_mir/recover-20221013/UBNA_001/20221012_030000.WAV,Telephone Field,recover-20221013,001,1795
205.5475,205.5833,68437,81105,Rhinolophus ferrumequinum,0.022,0.022,-1,Echolocation,/mnt/ubna_data_02_mir/recover-20221013/UBNA_001/20221012_030000.WAV,Telephone Field,recover-20221013,001,1795
205.5625,205.6047,68437,83103,Rhinolophus ferrumequinum,0.03,0.03,-1,Echolocation,/mnt/ubna_data_02_mir/recover-20221013/UBNA_001/20221012_030000.WAV,Telephone Field,recover-20221013,001,1795
205.5825,205.6242,68437,82935,Rhinolophus ferrumequinum,0.029,0.029,-1,Echolocation,/mnt/ubna_data_02_mir/recover-20221013/UBNA_001/20221012_030000.WAV,Telephone Field,recover-20221013,001,1795
205.5965,205.6328,68437,82189,Rhinolophus ferrumequinum,0.022,0.022,-1,Echolocation,/mnt/ubna_data_02_mir/recover-20221013/UBNA_001/20221012_030000.WAV,Telephone Field,recover-20221013,001,1795
205.6245,205.63479999999998,28046,35697,Eptesicus serotinus,0.013,0.026,-1,Echolocation,/mnt/ubna_data_02_mir/recover-20221013/UBNA_001/20221012_030000.WAV,Telephone Field,recover-20221013,001,1795
205.6475,205.6882,68437,83073,Rhinolophus ferrumequinum,0.043,0.043,-1,Echolocation,/mnt/ubna_data_02_mir/recover-20221013/UBNA_001/20221012_030000.WAV,Telephone Field,recover-20221013,001,1795
205.6705,205.71,68437,81905,Rhinolophus ferrumequinum,0.022,0.022,-1,Echolocation,/mnt/ubna_data_02_mir/recover-20221013/UBNA_001/20221012_030000.WAV,Telephone Field,recover-20221013,001,1795
205.6895,205.7275,68437,81589,Rhinolophus ferrumequinum,0.022,0.022,-1,Echolocation,/mnt/ubna_data_02_mir/recover-20221013/UBNA_001/20221012_030000.WAV,Telephone Field,recover-20221013,001,1795
205.7015,205.7352,68437,80036,Rhinolophus ferrumequinum,0.021,0.022,-1,Echolocation,/mnt/ubna_data_02_mir/recover-20221013/UBNA_001/20221012_030000.WAV,Telephone Field,recover-20221013,001,1795
205.7135,205.7251,23750,29031,Nyctalus leisleri,0.009,0.025,-1,Echolocation,/mnt/ubna_data_02_mir/recover-20221013/UBNA_001/20221012_030000.WAV,Telephone Field,recover-20221013,001,1795
205.7155,205.7519,68437,80953,Rhinolophus ferrumequinum,0.025,0.025,-1,Echolocation,/mnt/ubna_data_02_mir/recover-20221013/UBNA_001/20221012_030000.WAV,Telephone Field,recover-20221013,001,1795
205.73250000000002,205.7423,22890,29074,Nyctalus leisleri,0.009,0.024,-1,Echolocation,/mnt/ubna_data_02_mir/recover-20221013/UBNA_001/20221012_030000.WAV,Telephone Field,recover-20221013,001,1795
205.7635,205.8008,68437,82781,Rhinolophus ferrumequinum,0.024,0.024,-1,Echolocation,/mnt/ubna_data_02_mir/recover-20221013/UBNA_001/20221012_030000.WAV,Telephone Field,recover-20221013,001,1795
205.7775,205.8144,68437,80858,Rhinolophus ferrumequinum,0.028,0.028,-1,Echolocation,/mnt/ubna_data_02_mir/recover-20221013/UBNA_001/20221012_030000.WAV,Telephone Field,recover-20221013,001,1795
205.7905,205.8005,24609,31560,Nyctalus leisleri,0.008,0.023,-1,Echolocation,/mnt/ubna_data_02_mir/recover-20221013/UBNA_001/20221012_030000.WAV,Telephone Field,recover-20221013,001,1795
205.84550000000002,205.8844,68437,82357,Rhinolophus ferrumequinum,0.022,0.022,-1,Echolocation,/mnt/ubna_data_02_mir/recover-20221013/UBNA_001/20221012_030000.WAV,Telephone Field,recover-20221013,001,1795
205.8565,205.90030000000002,68437,83121,Rhinolophus ferrumequinum,0.049,0.049,-1,Echolocation,/mnt/ubna_data_02_mir/recover-20221013/UBNA_001/20221012_030000.WAV,Telephone Field,recover-20221013,001,1795
205.8745,205.8825,28046,38815,Eptesicus serotinus,0.008,0.023,-1,Echolocation,/mnt/ubna_data_02_mir/recover-20221013/UBNA_001/20221012_030000.WAV,Telephone Field,recover-20221013,001,1795
205.8895,205.8979,23750,31137,Plecotus austriacus,0.007,0.022,-1,Echolocation,/mnt/ubna_data_02_mir/recover-20221013/UBNA_001/20221012_030000.WAV,Telephone Field,recover-20221013,001,1795
205.90449999999998,205.91140000000001,51250,55911,Pipistrellus pipistrellus,0.021,0.023,-1,Echolocation,/mnt/ubna_data_02_mir/recover-20221013/UBNA_001/20221012_030000.WAV,Telephone Field,recover-20221013,001,1795
205.9065,205.9474,68437,83054,Rhinolophus ferrumequinum,0.029,0.029,-1,Echolocation,/mnt/ubna_data_02_mir/recover-20221013/UBNA_001/20221012_030000.WAV,Telephone Field,recover-20221013,001,1795
205.9505,205.9877,68437,80989,Rhinolophus ferrumequinum,0.026,0.026,-1,Echolocation,/mnt/ubna_data_02_mir/recover-20221013/UBNA_001/20221012_030000.WAV,Telephone Field,recover-20221013,001,1795
206.0015,206.0112,25468,32951,Nyctalus leisleri,0.011,0.033,-1,Echolocation,/mnt/ubna_data_02_mir/recover-20221013/UBNA_001/20221012_030000.WAV,Telephone Field,recover-20221013,001,1795
206.0015,206.0339,68437,79833,Rhinolophus ferrumequinum,0.038,0.038,-1,Echolocation,/mnt/ubna_data_02_mir/recover-20221013/UBNA_001/20221012_030000.WAV,Telephone Field,recover-20221013,001,1795
206.0185,206.0299,52109,55341,Pipistrellus pygmaeus,0.02,0.027,-1,Echolocation,/mnt/ubna_data_02_mir/recover-20221013/UBNA_001/20221012_030000.WAV,Telephone Field,recover-20221013,001,1795
206.0265,206.0658,68437,82373,Rhinolophus ferrumequinum,0.022,0.022,-1,Echolocation,/mnt/ubna_data_02_mir/recover-20221013/UBNA_001/20221012_030000.WAV,Telephone Field,recover-20221013,001,1795
206.0505,206.0653,22031,25813,Nyctalus leisleri,0.035,0.058,-1,Echolocation,/mnt/ubna_data_02_mir/recover-20221013/UBNA_001/20221012_030000.WAV,Telephone Field,recover-20221013,001,1795
206.0635,206.0704,33203,42704,Myotis daubentonii,0.012,0.028,-1,Echolocation,/mnt/ubna_data_02_mir/recover-20221013/UBNA_001/20221012_030000.WAV,Telephone Field,recover-20221013,001,1795
206.08350000000002,206.1305,68437,84287,Rhinolophus ferrumequinum,0.038,0.038,-1,Echolocation,/mnt/ubna_data_02_mir/recover-20221013/UBNA_001/20221012_030000.WAV,Telephone Field,recover-20221013,001,1795
206.1155,206.1592,68437,83494,Rhinolophus ferrumequinum,0.042,0.042,-1,Echolocation,/mnt/ubna_data_02_mir/recover-20221013/UBNA_001/20221012_030000.WAV,Telephone Field,recover-20221013,001,1795
206.1325,206.14260000000002,22890,28655,Nyctalus leisleri,0.009,0.023,-1,Echolocation,/mnt/ubna_data_02_mir/recover-20221013/UBNA_001/20221012_030000.WAV,Telephone Field,recover-20221013,001,1795
206.1515,206.1885,68437,81931,Rhinolophus ferrumequinum,0.022,0.022,-1,Echolocation,/mnt/ubna_data_02_mir/recover-20221013/UBNA_001/20221012_030000.WAV,Telephone Field,recover-20221013,001,1795
206.1795,206.221,68437,82898,Rhinolophus ferrumequinum,0.029,0.029,-1,Echolocation,/mnt/ubna_data_02_mir/recover-20221013/UBNA_001/20221012_030000.WAV,Telephone Field,recover-20221013,001,1795
206.2065,206.2139,24609,33461,Plecotus austriacus,0.008,0.024,-1,Echolocation,/mnt/ubna_data_02_mir/recover-20221013/UBNA_001/20221012_030000.WAV,Telephone Field,recover-20221013,001,1795
206.2425,206.2809,68437,82323,Rhinolophus ferrumequinum,0.023,0.023,-1,Echolocation,/mnt/ubna_data_02_mir/recover-20221013/UBNA_001/20221012_030000.WAV,Telephone Field,recover-20221013,001,1795
206.2505,206.2576,28906,42524,Eptesicus serotinus,0.008,0.031,-1,Echolocation,/mnt/ubna_data_02_mir/recover-20221013/UBNA_001/20221012_030000.WAV,Telephone Field,recover-20221013,001,1795
206.2565,206.29500000000002,68437,81957,Rhinolophus ferrumequinum,0.024,0.024,-1,Echolocation,/mnt/ubna_data_02_mir/recover-20221013/UBNA_001/20221012_030000.WAV,Telephone Field,recover-20221013,001,1795
206.3145,206.3311,22031,26463,Nyctalus leisleri,0.015,0.028,-1,Echolocation,/mnt/ubna_data_02_mir/recover-20221013/UBNA_001/20221012_030000.WAV,Telephone Field,recover-20221013,001,1795
206.3255,206.36599999999999,68437,83158,Rhinolophus ferrumequinum,0.025,0.025,-1,Echolocation,/mnt/ubna_data_02_mir/recover-20221013/UBNA_001/20221012_030000.WAV,Telephone Field,recover-20221013,001,1795
206.3905,206.3972,28046,37398,Eptesicus serotinus,0.005,0.023,-1,Echolocation,/mnt/ubna_data_02_mir/recover-20221013/UBNA_001/20221012_030000.WAV,Telephone Field,recover-20221013,001,1795
206.4075,206.4155,27187,38248,Eptesicus serotinus,0.007,0.026,-1,Echolocation,/mnt/ubna_data_02_mir/recover-20221013/UBNA_001/20221012_030000.WAV,Telephone Field,recover-20221013,001,1795
206.4245,206.4641,68437,83018,Rhinolophus ferrumequinum,0.034,0.034,-1,Echolocation,/mnt/ubna_data_02_mir/recover-20221013/UBNA_001/20221012_030000.WAV,Telephone Field,recover-20221013,001,1795
206.4405,206.4479,24609,34023,Plecotus austriacus,0.012,0.028,-1,Echolocation,/mnt/ubna_data_02_mir/recover-20221013/UBNA_001/20221012_030000.WAV,Telephone Field,recover-20221013,001,1795
206.4425,206.453,42656,45539,Pipistrellus pipistrellus,0.022,0.028,-1,Echolocation,/mnt/ubna_data_02_mir/recover-20221013/UBNA_001/20221012_030000.WAV,Telephone Field,recover-20221013,001,1795
206.4655,206.49869999999999,68437,80442,Rhinolophus ferrumequinum,0.023,0.024,-1,Echolocation,/mnt/ubna_data_02_mir/recover-20221013/UBNA_001/20221012_030000.WAV,Telephone Field,recover-20221013,001,1795
206.4935,206.5011,48671,53972,Pipistrellus pipistrellus,0.021,0.024,-1,Echolocation,/mnt/ubna_data_02_mir/recover-20221013/UBNA_001/20221012_030000.WAV,Telephone Field,recover-20221013,001,1795
206.5085,206.5187,23750,30124,Nyctalus leisleri,0.009,0.022,-1,Echolocation,/mnt/ubna_data_02_mir/recover-20221013/UBNA_001/20221012_030000.WAV,Telephone Field,recover-20221013,001,1795
206.5155,206.5252,26328,34548,Eptesicus serotinus,0.01,0.025,-1,Echolocation,/mnt/ubna_data_02_mir/recover-20221013/UBNA_001/20221012_030000.WAV,Telephone Field,recover-20221013,001,1795
206.5265,206.5369,50390,54973,Pipistrellus pipistrellus,0.023,0.029,-1,Echolocation,/mnt/ubna_data_02_mir/recover-20221013/UBNA_001/20221012_030000.WAV,Telephone Field,recover-20221013,001,1795
206.5325,206.5714,68437,82448,Rhinolophus ferrumequinum,0.023,0.023,-1,Echolocation,/mnt/ubna_data_02_mir/recover-20221013/UBNA_001/20221012_030000.WAV,Telephone Field,recover-20221013,001,1795
206.5485,206.5856,68437,82216,Rhinolophus ferrumequinum,0.028,0.028,-1,Echolocation,/mnt/ubna_data_02_mir/recover-20221013/UBNA_001/20221012_030000.WAV,Telephone Field,recover-20221013,001,1795
206.5595,206.5684,25468,33999,Eptesicus serotinus,0.008,0.024,-1,Echolocation,/mnt/ubna_data_02_mir/recover-20221013/UBNA_001/20221012_030000.WAV,Telephone Field,recover-20221013,001,1795
206.5685,206.57920000000001,25468,32254,Eptesicus serotinus,0.009,0.024,-1,Echolocation,/mnt/ubna_data_02_mir/recover-20221013/UBNA_001/20221012_030000.WAV,Telephone Field,recover-20221013,001,1795
206.5905,206.6311,68437,82364,Rhinolophus ferrumequinum,0.027,0.027,-1,Echolocation,/mnt/ubna_data_02_mir/recover-20221013/UBNA_001/20221012_030000.WAV,Telephone Field,recover-20221013,001,1795
206.6225,206.6321,14296,20515,Nyctalus noctula,0.011,0.024,-1,Echolocation,/mnt/ubna_data_02_mir/recover-20221013/UBNA_001/20221012_030000.WAV,Telephone Field,recover-20221013,001,1795
206.6265,206.6654,68437,81786,Rhinolophus ferrumequinum,0.023,0.023,-1,Echolocation,/mnt/ubna_data_02_mir/recover-20221013/UBNA_001/20221012_030000.WAV,Telephone Field,recover-20221013,001,1795
206.6385,206.6772,68437,82058,Rhinolophus ferrumequinum,0.025,0.025,-1,Echolocation,/mnt/ubna_data_02_mir/recover-20221013/UBNA_001/20221012_030000.WAV,Telephone Field,recover-20221013,001,1795
206.6445,206.6557,28906,36941,Eptesicus serotinus,0.011,0.023,-1,Echolocation,/mnt/ubna_data_02_mir/recover-20221013/UBNA_001/20221012_030000.WAV,Telephone Field,recover-20221013,001,1795
206.6885,206.7293,68437,83032,Rhinolophus ferrumequinum,0.022,0.022,-1,Echolocation,/mnt/ubna_data_02_mir/recover-20221013/UBNA_001/20221012_030000.WAV,Telephone Field,recover-20221013,001,1795
206.6985,206.70850000000002,58125,63400,Pipistrellus pygmaeus,0.025,0.025,-1,Echolocation,/mnt/ubna_data_02_mir/recover-20221013/UBNA_001/20221012_030000.WAV,Telephone Field,recover-20221013,001,1795
206.7285,206.76749999999998,68437,82931,Rhinolophus ferrumequinum,0.022,0.022,-1,Echolocation,/mnt/ubna_data_02_mir/recover-20221013/UBNA_001/20221012_030000.WAV,Telephone Field,recover-20221013,001,1795
206.7615,206.7702,23750,31063,Plecotus austriacus,0.009,0.027,-1,Echolocation,/mnt/ubna_data_02_mir/recover-20221013/UBNA_001/20221012_030000.WAV,Telephone Field,recover-20221013,001,1795
206.8205,206.8273,28046,38843,Eptesicus serotinus,0.009,0.026,-1,Echolocation,/mnt/ubna_data_02_mir/recover-20221013/UBNA_001/20221012_030000.WAV,Telephone Field,recover-20221013,001,1795
206.8375,206.8752,68437,82580,Rhinolophus ferrumequinum,0.024,0.024,-1,Echolocation,/mnt/ubna_data_02_mir/recover-20221013/UBNA_001/20221012_030000.WAV,Telephone Field,recover-20221013,001,1795
206.8525,206.8906,68437,81465,Rhinolophus ferrumequinum,0.022,0.022,-1,Echolocation,/mnt/ubna_data_02_mir/recover-20221013/UBNA_001/20221012_030000.WAV,Telephone Field,recover-20221013,001,1795
206.9075,206.9461,68437,82265,Rhinolophus ferrumequinum,0.025,0.025,-1,Echolocation,/mnt/ubna_data_02_mir/recover-20221013/UBNA_001/20221012_030000.WAV,Telephone Field,recover-20221013,001,1795
206.9075,206.9156,27187,37386,Eptesicus serotinus,0.009,0.026,-1,Echolocation,/mnt/ubna_data_02_mir/recover-20221013/UBNA_001/20221012_030000.WAV,Telephone Field,recover-20221013,001,1795
206.9225,206.9647,68437,82845,Rhinolophus ferrumequinum,0.026,0.026,-1,Echolocation,/mnt/ubna_data_02_mir/recover-20221013/UBNA_001/20221012_030000.WAV,Telephone Field,recover-20221013,001,1795
206.9225,206.9338,25468,32420,Nyctalus leisleri,0.01,0.026,-1,Echolocation,/mnt/ubna_data_02_mir/recover-20221013/UBNA_001/20221012_030000.WAV,Telephone Field,recover-20221013,001,1795
207.0685,207.1097,68437,82787,Rhinolophus ferrumequinum,0.038,0.038,-1,Echolocation,/mnt/ubna_data_02_mir/recover-20221013/UBNA_001/20221012_030000.WAV,Telephone Field,recover-20221013,001,1795
207.1205,207.1268,28046,39571,Eptesicus serotinus,0.01,0.041,-1,Echolocation,/mnt/ubna_data_02_mir/recover-20221013/UBNA_001/20221012_030000.WAV,Telephone Field,recover-20221013,001,1795
207.1285,207.1694,68437,82257,Rhinolophus ferrumequinum,0.022,0.022,-1,Echolocation,/mnt/ubna_data_02_mir/recover-20221013/UBNA_001/20221012_030000.WAV,Telephone Field,recover-20221013,001,1795
207.1365,207.1762,68437,82888,Rhinolophus ferrumequinum,0.024,0.024,-1,Echolocation,/mnt/ubna_data_02_mir/recover-20221013/UBNA_001/20221012_030000.WAV,Telephone Field,recover-20221013,001,1795
207.1715,207.209,68437,82382,Rhinolophus ferrumequinum,0.026,0.026,-1,Echolocation,/mnt/ubna_data_02_mir/recover-20221013/UBNA_001/20221012_030000.WAV,Telephone Field,recover-20221013,001,1795
207.1855,207.1961,22890,27677,Nyctalus leisleri,0.011,0.022,-1,Echolocation,/mnt/ubna_data_02_mir/recover-20221013/UBNA_001/20221012_030000.WAV,Telephone Field,recover-20221013,001,1795
207.2245,207.2329,43515,49391,Pipistrellus pipistrellus,0.023,0.026,-1,Echolocation,/mnt/ubna_data_02_mir/recover-20221013/UBNA_001/20221012_030000.WAV,Telephone Field,recover-20221013,001,1795
207.2625,207.2686,34921,42507,Myotis daubentonii,0.013,0.03,-1,Echolocation,/mnt/ubna_data_02_mir/recover-20221013/UBNA_001/20221012_030000.WAV,Telephone Field,recover-20221013,001,1795
207.2625,207.2693,27187,40878,Eptesicus serotinus,0.008,0.032,-1,Echolocation,/mnt/ubna_data_02_mir/recover-20221013/UBNA_001/20221012_030000.WAV,Telephone Field,recover-20221013,001,1795
207.2785,207.2866,49531,54877,Pipistrellus pipistrellus,0.025,0.028,-1,Echolocation,/mnt/ubna_data_02_mir/recover-20221013/UBNA_001/20221012_030000.WAV,Telephone Field,recover-20221013,001,1795
207.3005,207.3398,68437,82357,Rhinolophus ferrumequinum,0.022,0.022,-1,Echolocation,/mnt/ubna_data_02_mir/recover-20221013/UBNA_001/20221012_030000.WAV,Telephone Field,recover-20221013,001,1795
207.3145,207.3254,24609,30974,Nyctalus leisleri,0.009,0.025,-1,Echolocation,/mnt/ubna_data_02_mir/recover-20221013/UBNA_001/20221012_030000.WAV,Telephone Field,recover-20221013,001,1795
207.3175,207.3549,68437,81769,Rhinolophus ferrumequinum,0.024,0.024,-1,Echolocation,/mnt/ubna_data_02_mir/recover-20221013/UBNA_001/20221012_030000.WAV,Telephone Field,recover-20221013,001,1795
207.3285,207.3358,24609,34223,Plecotus austriacus,0.009,0.026,-1,Echolocation,/mnt/ubna_data_02_mir/recover-20221013/UBNA_001/20221012_030000.WAV,Telephone Field,recover-20221013,001,1795
207.3325,207.3403,28906,38212,Eptesicus serotinus,0.009,0.027,-1,Echolocation,/mnt/ubna_data_02_mir/recover-20221013/UBNA_001/20221012_030000.WAV,Telephone Field,recover-20221013,001,1795
207.3835,207.4229,68437,82008,Rhinolophus ferrumequinum,0.022,0.022,-1,Echolocation,/mnt/ubna_data_02_mir/recover-20221013/UBNA_001/20221012_030000.WAV,Telephone Field,recover-20221013,001,1795
207.4025,207.4427,68437,82356,Rhinolophus ferrumequinum,0.022,0.022,-1,Echolocation,/mnt/ubna_data_02_mir/recover-20221013/UBNA_001/20221012_030000.WAV,Telephone Field,recover-20221013,001,1795
207.4105,207.4218,23750,29216,Nyctalus leisleri,0.014,0.028,-1,Echolocation,/mnt/ubna_data_02_mir/recover-20221013/UBNA_001/20221012_030000.WAV,Telephone Field,recover-20221013,001,1795
207.4275,207.4371,28046,37031,Eptesicus serotinus,0.011,0.025,-1,Echolocation,/mnt/ubna_data_02_mir/recover-20221013/UBNA_001/20221012_030000.WAV,Telephone Field,recover-20221013,001,1795
207.45850000000002,207.497,68437,81980,Rhinolophus ferrumequinum,0.022,0.022,-1,Echolocation,/mnt/ubna_data_02_mir/recover-20221013/UBNA_001/20221012_030000.WAV,Telephone Field,recover-20221013,001,1795
207.4675,207.4759,46953,53173,Pipistrellus pipistrellus,0.023,0.025,-1,Echolocation,/mnt/ubna_data_02_mir/recover-20221013/UBNA_001/20221012_030000.WAV,Telephone Field,recover-20221013,001,1795
207.4715,207.4831,22031,26182,Nyctalus leisleri,0.013,0.022,-1,Echolocation,/mnt/ubna_data_02_mir/recover-20221013/UBNA_001/20221012_030000.WAV,Telephone Field,recover-20221013,001,1795
207.48250000000002,207.5202,68437,81948,Rhinolophus ferrumequinum,0.024,0.024,-1,Echolocation,/mnt/ubna_data_02_mir/recover-20221013/UBNA_001/20221012_030000.WAV,Telephone Field,recover-20221013,001,1795
207.4955,207.5325,68437,81597,Rhinolophus ferrumequinum,0.024,0.024,-1,Echolocation,/mnt/ubna_data_02_mir/recover-20221013/UBNA_001/20221012_030000.WAV,Telephone Field,recover-20221013,001,1795
207.4965,207.5071,23750,29758,Nyctalus leisleri,0.01,0.025,-1,Echolocation,/mnt/ubna_data_02_mir/recover-20221013/UBNA_001/20221012_030000.WAV,Telephone Field,recover-20221013,001,1795
207.5545,207.5942,68437,82509,Rhinolophus ferrumequinum,0.023,0.023,-1,Echolocation,/mnt/ubna_data_02_mir/recover-20221013/UBNA_001/20221012_030000.WAV,Telephone Field,recover-20221013,001,1795
207.5745,207.5845,23750,31218,Nyctalus leisleri,0.011,0.029,-1,Echolocation,/mnt/ubna_data_02_mir/recover-20221013/UBNA_001/20221012_030000.WAV,Telephone Field,recover-20221013,001,1795
207.5845,207.5949,24609,31117,Nyctalus leisleri,0.01,0.027,-1,Echolocation,/mnt/ubna_data_02_mir/recover-20221013/UBNA_001/20221012_030000.WAV,Telephone Field,recover-20221013,001,1795
207.6015,207.6112,28906,37019,Eptesicus serotinus,0.008,0.022,-1,Echolocation,/mnt/ubna_data_02_mir/recover-20221013/UBNA_001/20221012_030000.WAV,Telephone Field,recover-20221013,001,1795
207.6045,207.6111,52109,58051,Pipistrellus pipistrellus,0.022,0.028,-1,Echolocation,/mnt/ubna_data_02_mir/recover-20221013/UBNA_001/20221012_030000.WAV,Telephone Field,recover-20221013,001,1795
207.6135,207.6212,27187,41741,Eptesicus serotinus,0.008,0.025,-1,Echolocation,/mnt/ubna_data_02_mir/recover-20221013/UBNA_001/20221012_030000.WAV,Telephone Field,recover-20221013,001,1795
207.6235,207.6617,68437,82172,Rhinolophus ferrumequinum,0.022,0.022,-1,Echolocation,/mnt/ubna_data_02_mir/recover-20221013/UBNA_001/20221012_030000.WAV,Telephone Field,recover-20221013,001,1795
207.6555,207.6656,22031,27526,Nyctalus leisleri,0.011,0.029,-1,Echolocation,/mnt/ubna_data_02_mir/recover-20221013/UBNA_001/20221012_030000.WAV,Telephone Field,recover-20221013,001,1795
207.6735,207.683,28046,36985,Eptesicus serotinus,0.008,0.023,-1,Echolocation,/mnt/ubna_data_02_mir/recover-20221013/UBNA_001/20221012_030000.WAV,Telephone Field,recover-20221013,001,1795
207.6765,207.7153,68437,81895,Rhinolophus ferrumequinum,0.022,0.022,-1,Echolocation,/mnt/ubna_data_02_mir/recover-20221013/UBNA_001/20221012_030000.WAV,Telephone Field,recover-20221013,001,1795
207.7435,207.7807,68437,81602,Rhinolophus ferrumequinum,0.022,0.022,-1,Echolocation,/mnt/ubna_data_02_mir/recover-20221013/UBNA_001/20221012_030000.WAV,Telephone Field,recover-20221013,001,1795
207.8045,207.8149,23750,30002,Nyctalus leisleri,0.011,0.025,-1,Echolocation,/mnt/ubna_data_02_mir/recover-20221013/UBNA_001/20221012_030000.WAV,Telephone Field,recover-20221013,001,1795
207.8975,207.9358,68437,81554,Rhinolophus ferrumequinum,0.025,0.025,-1,Echolocation,/mnt/ubna_data_02_mir/recover-20221013/UBNA_001/20221012_030000.WAV,Telephone Field,recover-20221013,001,1795
207.9015,207.9083,30625,52976,Myotis daubentonii,0.012,0.023,-1,Echolocation,/mnt/ubna_data_02_mir/recover-20221013/UBNA_001/20221012_030000.WAV,Telephone Field,recover-20221013,001,1795
207.9335,207.9745,68437,82860,Rhinolophus ferrumequinum,0.026,0.026,-1,Echolocation,/mnt/ubna_data_02_mir/recover-20221013/UBNA_001/20221012_030000.WAV,Telephone Field,recover-20221013,001,1795
207.9525,207.9675,20312,24394,Nyctalus leisleri,0.011,0.023,-1,Echolocation,/mnt/ubna_data_02_mir/recover-20221013/UBNA_001/20221012_030000.WAV,Telephone Field,recover-20221013,001,1795
207.9595,207.9657,28046,40056,Eptesicus serotinus,0.005,0.022,-1,Echolocation,/mnt/ubna_data_02_mir/recover-20221013/UBNA_001/20221012_030000.WAV,Telephone Field,recover-20221013,001,1795
207.9595,207.9999,68437,82641,Rhinolophus ferrumequinum,0.024,0.024,-1,Echolocation,/mnt/ubna_data_02_mir/recover-20221013/UBNA_001/20221012_030000.WAV,Telephone Field,recover-20221013,001,1795
207.9605,207.9671,23750,32814,Plecotus austriacus,0.01,0.023,-1,Echolocation,/mnt/ubna_data_02_mir/recover-20221013/UBNA_001/20221012_030000.WAV,Telephone Field,recover-20221013,001,1795
208.0015,208.008,48671,55403,Pipistrellus pipistrellus,0.019,0.025,-1,Echolocation,/mnt/ubna_data_02_mir/recover-20221013/UBNA_001/20221012_030000.WAV,Telephone Field,recover-20221013,001,1795
208.0015,208.0106,22031,28563,Nyctalus leisleri,0.009,0.028,-1,Echolocation,/mnt/ubna_data_02_mir/recover-20221013/UBNA_001/20221012_030000.WAV,Telephone Field,recover-20221013,001,1795
208.0015,208.0328,68437,79907,Rhinolophus ferrumequinum,0.037,0.037,-1,Echolocation,/mnt/ubna_data_02_mir/recover-20221013/UBNA_001/20221012_030000.WAV,Telephone Field,recover-20221013,001,1795
208.0095,208.0488,68437,82483,Rhinolophus ferrumequinum,0.022,0.022,-1,Echolocation,/mnt/ubna_data_02_mir/recover-20221013/UBNA_001/20221012_030000.WAV,Telephone Field,recover-20221013,001,1795
208.0185,208.0274,28046,36619,Eptesicus serotinus,0.007,0.021,-1,Echolocation,/mnt/ubna_data_02_mir/recover-20221013/UBNA_001/20221012_030000.WAV,Telephone Field,recover-20221013,001,1795
208.0385,208.046,51250,56715,Pipistrellus pipistrellus,0.018,0.022,-1,Echolocation,/mnt/ubna_data_02_mir/recover-20221013/UBNA_001/20221012_030000.WAV,Telephone Field,recover-20221013,001,1795
208.0475,208.0872,68437,82246,Rhinolophus ferrumequinum,0.022,0.022,-1,Echolocation,/mnt/ubna_data_02_mir/recover-20221013/UBNA_001/20221012_030000.WAV,Telephone Field,recover-20221013,001,1795
208.0805,208.09120000000001,26328,34826,Eptesicus serotinus,0.011,0.023,-1,Echolocation,/mnt/ubna_data_02_mir/recover-20221013/UBNA_001/20221012_030000.WAV,Telephone Field,recover-20221013,001,1795
208.0815,208.1189,68437,81870,Rhinolophus ferrumequinum,0.021,0.021,-1,Echolocation,/mnt/ubna_data_02_mir/recover-20221013/UBNA_001/20221012_030000.WAV,Telephone Field,recover-20221013,001,1795
208.1115,208.1514,68437,81751,Rhinolophus ferrumequinum,0.027,0.027,-1,Echolocation,/mnt/ubna_data_02_mir/recover-20221013/UBNA_001/20221012_030000.WAV,Telephone Field,recover-20221013,001,1795
208.1485,208.1863,68437,82466,Rhinolophus ferrumequinum,0.023,0.023,-1,Echolocation,/mnt/ubna_data_02_mir/recover-20221013/UBNA_001/20221012_030000.WAV,Telephone Field,recover-20221013,001,1795
208.1755,208.1834,27187,37820,Eptesicus serotinus,0.007,0.023,-1,Echolocation,/mnt/ubna_data_02_mir/recover-20221013/UBNA_001/20221012_030000.WAV,Telephone Field,recover-20221013,001,1795
208.1915,208.2002,28046,38767,Eptesicus serotinus,0.008,0.022,-1,Echolocation,/mnt/ubna_data_02_mir/recover-20221013/UBNA_001/20221012_030000.WAV,Telephone Field,recover-20221013,001,1795
208.1935,208.2337,68437,82788,Rhinolophus ferrumequinum,0.021,0.021,-1,Echolocation,/mnt/ubna_data_02_mir/recover-20221013/UBNA_001/20221012_030000.WAV,Telephone Field,recover-20221013,001,1795
208.2365,208.2482,56406,62334,Pipistrellus pygmaeus,0.021,0.022,-1,Echolocation,/mnt/ubna_data_02_mir/recover-20221013/UBNA_001/20221012_030000.WAV,Telephone Field,recover-20221013,001,1795
208.2395,208.2818,68437,83127,Rhinolophus ferrumequinum,0.029,0.029,-1,Echolocation,/mnt/ubna_data_02_mir/recover-20221013/UBNA_001/20221012_030000.WAV,Telephone Field,recover-20221013,001,1795
208.2415,208.25,37500,46414,Pipistrellus nathusii,0.006,0.024,-1,Echolocation,/mnt/ubna_data_02_mir/recover-20221013/UBNA_001/20221012_030000.WAV,Telephone Field,recover-20221013,001,1795
208.2825,208.3221,68437,82103,Rhinolophus ferrumequinum,0.021,0.022,-1,Echolocation,/mnt/ubna_data_02_mir/recover-20221013/UBNA_001/20221012_030000.WAV,Telephone Field,recover-20221013,001,1795
208.2875,208.2972,22031,28743,Plecotus austriacus,0.008,0.022,-1,Echolocation,/mnt/ubna_data_02_mir/recover-20221013/UBNA_001/20221012_030000.WAV,Telephone Field,recover-20221013,001,1795
208.2995,208.3397,68437,82873,Rhinolophus ferrumequinum,0.023,0.023,-1,Echolocation,/mnt/ubna_data_02_mir/recover-20221013/UBNA_001/20221012_030000.WAV,Telephone Field,recover-20221013,001,1795
208.3445,208.3846,68437,82262,Rhinolophus ferrumequinum,0.023,0.023,-1,Echolocation,/mnt/ubna_data_02_mir/recover-20221013/UBNA_001/20221012_030000.WAV,Telephone Field,recover-20221013,001,1795
208.3555,208.3918,68437,81605,Rhinolophus ferrumequinum,0.026,0.026,-1,Echolocation,/mnt/ubna_data_02_mir/recover-20221013/UBNA_001/20221012_030000.WAV,Telephone Field,recover-20221013,001,1795
208.3715,208.3792,28046,39685,Eptesicus serotinus,0.007,0.023,-1,Echolocation,/mnt/ubna_data_02_mir/recover-20221013/UBNA_001/20221012_030000.WAV,Telephone Field,recover-20221013,001,1795
208.3865,208.3927,33203,44177,Myotis daubentonii,0.014,0.03,-1,Echolocation,/mnt/ubna_data_02_mir/recover-20221013/UBNA_001/20221012_030000.WAV,Telephone Field,recover-20221013,001,1795
208.3935,208.4303,68437,81983,Rhinolophus ferrumequinum,0.021,0.021,-1,Echolocation,/mnt/ubna_data_02_mir/recover-20221013/UBNA_001/20221012_030000.WAV,Telephone Field,recover-20221013,001,1795
208.4145,208.4229,26328,38669,Eptesicus serotinus,0.007,0.022,-1,Echolocation,/mnt/ubna_data_02_mir/recover-20221013/UBNA_001/20221012_030000.WAV,Telephone Field,recover-20221013,001,1795
208.4245,208.4358,28046,35479,Eptesicus serotinus,0.012,0.025,-1,Echolocation,/mnt/ubna_data_02_mir/recover-20221013/UBNA_001/20221012_030000.WAV,Telephone Field,recover-20221013,001,1795
208.4555,208.5001,68437,83072,Rhinolophus ferrumequinum,0.031,0.031,-1,Echolocation,/mnt/ubna_data_02_mir/recover-20221013/UBNA_001/20221012_030000.WAV,Telephone Field,recover-20221013,001,1795
208.5335,208.546,22031,26388,Nyctalus leisleri,0.011,0.022,-1,Echolocation,/mnt/ubna_data_02_mir/recover-20221013/UBNA_001/20221012_030000.WAV,Telephone Field,recover-20221013,001,1795
208.5425,208.5537,22890,27643,Nyctalus leisleri,0.01,0.022,-1,Echolocation,/mnt/ubna_data_02_mir/recover-20221013/UBNA_001/20221012_030000.WAV,Telephone Field,recover-20221013,001,1795
208.5515,208.5588,27187,45066,Eptesicus serotinus,0.008,0.021,-1,Echolocation,/mnt/ubna_data_02_mir/recover-20221013/UBNA_001/20221012_030000.WAV,Telephone Field,recover-20221013,001,1795
208.5595,208.5999,68437,82549,Rhinolophus ferrumequinum,0.023,0.023,-1,Echolocation,/mnt/ubna_data_02_mir/recover-20221013/UBNA_001/20221012_030000.WAV,Telephone Field,recover-20221013,001,1795
208.5995,208.6107,28046,35330,Eptesicus serotinus,0.012,0.025,-1,Echolocation,/mnt/ubna_data_02_mir/recover-20221013/UBNA_001/20221012_030000.WAV,Telephone Field,recover-20221013,001,1795
208.6085,208.6495,68437,82742,Rhinolophus ferrumequinum,0.022,0.022,-1,Echolocation,/mnt/ubna_data_02_mir/recover-20221013/UBNA_001/20221012_030000.WAV,Telephone Field,recover-20221013,001,1795
208.6175,208.6282,28906,37065,Eptesicus serotinus,0.012,0.026,-1,Echolocation,/mnt/ubna_data_02_mir/recover-20221013/UBNA_001/20221012_030000.WAV,Telephone Field,recover-20221013,001,1795
208.6905,208.7314,68437,82534,Rhinolophus ferrumequinum,0.023,0.023,-1,Echolocation,/mnt/ubna_data_02_mir/recover-20221013/UBNA_001/20221012_030000.WAV,Telephone Field,recover-20221013,001,1795
208.7075,208.74869999999999,68437,82495,Rhinolophus ferrumequinum,0.022,0.022,-1,Echolocation,/mnt/ubna_data_02_mir/recover-20221013/UBNA_001/20221012_030000.WAV,Telephone Field,recover-20221013,001,1795
208.7635,208.7995,68437,81824,Rhinolophus ferrumequinum,0.032,0.032,-1,Echolocation,/mnt/ubna_data_02_mir/recover-20221013/UBNA_001/20221012_030000.WAV,Telephone Field,recover-20221013,001,1795
208.76749999999998,208.7775,28046,40289,Eptesicus serotinus,0.011,0.026,-1,Echolocation,/mnt/ubna_data_02_mir/recover-20221013/UBNA_001/20221012_030000.WAV,Telephone Field,recover-20221013,001,1795
208.7945,208.8328,68437,81983,Rhinolophus ferrumequinum,0.023,0.023,-1,Echolocation,/mnt/ubna_data_02_mir/recover-20221013/UBNA_001/20221012_030000.WAV,Telephone Field,recover-20221013,001,1795
208.8345,208.8736,68437,81983,Rhinolophus ferrumequinum,0.022,0.022,-1,Echolocation,/mnt/ubna_data_02_mir/recover-20221013/UBNA_001/20221012_030000.WAV,Telephone Field,recover-20221013,001,1795
208.8625,208.8723,22890,28802,Nyctalus leisleri,0.008,0.022,-1,Echolocation,/mnt/ubna_data_02_mir/recover-20221013/UBNA_001/20221012_030000.WAV,Telephone Field,recover-20221013,001,1795
208.8765,208.8845,26328,34962,Eptesicus serotinus,0.008,0.024,-1,Echolocation,/mnt/ubna_data_02_mir/recover-20221013/UBNA_001/20221012_030000.WAV,Telephone Field,recover-20221013,001,1795
208.9205,208.9276,27187,37879,Eptesicus serotinus,0.006,0.022,-1,Echolocation,/mnt/ubna_data_02_mir/recover-20221013/UBNA_001/20221012_030000.WAV,Telephone Field,recover-20221013,001,1795
208.9375,208.9779,68437,82170,Rhinolophus ferrumequinum,0.025,0.025,-1,Echolocation,/mnt/ubna_data_02_mir/recover-20221013/UBNA_001/20221012_030000.WAV,Telephone Field,recover-20221013,001,1795
208.9545,208.9622,28906,38122,Eptesicus serotinus,0.007,0.022,-1,Echolocation,/mnt/ubna_data_02_mir/recover-20221013/UBNA_001/20221012_030000.WAV,Telephone Field,recover-20221013,001,1795
208.9695,209.0094,68437,81634,Rhinolophus ferrumequinum,0.023,0.023,-1,Echolocation,/mnt/ubna_data_02_mir/recover-20221013/UBNA_001/20221012_030000.WAV,Telephone Field,recover-20221013,001,1795
209.0035,209.0463,68437,83251,Rhinolophus ferrumequinum,0.029,0.029,-1,Echolocation,/mnt/ubna_data_02_mir/recover-20221013/UBNA_001/20221012_030000.WAV,Telephone Field,recover-20221013,001,1795
209.0155,209.0221,28046,41813,Eptesicus serotinus,0.007,0.028,-1,Echolocation,/mnt/ubna_data_02_mir/recover-20221013/UBNA_001/20221012_030000.WAV,Telephone Field,recover-20221013,001,1795
209.0355,209.0406,40078,53587,Myotis daubentonii,0.005,0.021,-1,Echolocation,/mnt/ubna_data_02_mir/recover-20221013/UBNA_001/20221012_030000.WAV,Telephone Field,recover-20221013,001,1795
209.0395,209.0465,28046,39363,Eptesicus serotinus,0.006,0.023,-1,Echolocation,/mnt/ubna_data_02_mir/recover-20221013/UBNA_001/20221012_030000.WAV,Telephone Field,recover-20221013,001,1795
209.0525,209.0908,68437,82639,Rhinolophus ferrumequinum,0.023,0.023,-1,Echolocation,/mnt/ubna_data_02_mir/recover-20221013/UBNA_001/20221012_030000.WAV,Telephone Field,recover-20221013,001,1795
209.0925,209.1013,22890,28913,Plecotus austriacus,0.007,0.021,-1,Echolocation,/mnt/ubna_data_02_mir/recover-20221013/UBNA_001/20221012_030000.WAV,Telephone Field,recover-20221013,001,1795
209.0965,209.1344,68437,81899,Rhinolophus ferrumequinum,0.023,0.023,-1,Echolocation,/mnt/ubna_data_02_mir/recover-20221013/UBNA_001/20221012_030000.WAV,Telephone Field,recover-20221013,001,1795
209.1235,209.1594,68437,81223,Rhinolophus ferrumequinum,0.032,0.032,-1,Echolocation,/mnt/ubna_data_02_mir/recover-20221013/UBNA_001/20221012_030000.WAV,Telephone Field,recover-20221013,001,1795
209.1315,209.16910000000001,68437,81976,Rhinolophus ferrumequinum,0.021,0.021,-1,Echolocation,/mnt/ubna_data_02_mir/recover-20221013/UBNA_001/20221012_030000.WAV,Telephone Field,recover-20221013,001,1795
209.1495,209.1872,68437,82227,Rhinolophus ferrumequinum,0.023,0.023,-1,Echolocation,/mnt/ubna_data_02_mir/recover-20221013/UBNA_001/20221012_030000.WAV,Telephone Field,recover-20221013,001,1795
209.16649999999998,209.2082,68437,82878,Rhinolophus ferrumequinum,0.028,0.028,-1,Echolocation,/mnt/ubna_data_02_mir/recover-20221013/UBNA_001/20221012_030000.WAV,Telephone Field,recover-20221013,001,1795
209.2335,209.2721,68437,82366,Rhinolophus ferrumequinum,0.022,0.022,-1,Echolocation,/mnt/ubna_data_02_mir/recover-20221013/UBNA_001/20221012_030000.WAV,Telephone Field,recover-20221013,001,1795
209.2985,209.3333,68437,81410,Rhinolophus ferrumequinum,0.023,0.023,-1,Echolocation,/mnt/ubna_data_02_mir/recover-20221013/UBNA_001/20221012_030000.WAV,Telephone Field,recover-20221013,001,1795
209.3255,209.3668,68437,82493,Rhinolophus ferrumequinum,0.027,0.027,-1,Echolocation,/mnt/ubna_data_02_mir/recover-20221013/UBNA_001/20221012_030000.WAV,Telephone Field,recover-20221013,001,1795
209.3315,209.3405,27187,35660,Eptesicus serotinus,0.009,0.022,-1,Echolocation,/mnt/ubna_data_02_mir/recover-20221013/UBNA_001/20221012_030000.WAV,Telephone Field,recover-20221013,001,1795
209.3795,209.4186,68437,82093,Rhinolophus ferrumequinum,0.021,0.022,-1,Echolocation,/mnt/ubna_data_02_mir/recover-20221013/UBNA_001/20221012_030000.WAV,Telephone Field,recover-20221013,001,1795
209.4695,209.4789,26328,38389,Eptesicus serotinus,0.007,0.021,-1,Echolocation,/mnt/ubna_data_02_mir/recover-20221013/UBNA_001/20221012_030000.WAV,Telephone Field,recover-20221013,001,1795
209.4955,209.5376,68437,82835,Rhinolophus ferrumequinum,0.021,0.021,-1,Echolocation,/mnt/ubna_data_02_mir/recover-20221013/UBNA_001/20221012_030000.WAV,Telephone Field,recover-20221013,001,1795
209.5085,209.5148,27187,38408,Eptesicus serotinus,0.017,0.062,-1,Echolocation,/mnt/ubna_data_02_mir/recover-20221013/UBNA_001/20221012_030000.WAV,Telephone Field,recover-20221013,001,1795
209.5265,209.5351,27187,40261,Eptesicus serotinus,0.008,0.021,-1,Echolocation,/mnt/ubna_data_02_mir/recover-20221013/UBNA_001/20221012_030000.WAV,Telephone Field,recover-20221013,001,1795
209.5465,209.5863,68437,81958,Rhinolophus ferrumequinum,0.024,0.024,-1,Echolocation,/mnt/ubna_data_02_mir/recover-20221013/UBNA_001/20221012_030000.WAV,Telephone Field,recover-20221013,001,1795
209.5825,209.5903,46953,52120,Pipistrellus pipistrellus,0.022,0.025,-1,Echolocation,/mnt/ubna_data_02_mir/recover-20221013/UBNA_001/20221012_030000.WAV,Telephone Field,recover-20221013,001,1795
209.5985,209.6377,68437,81951,Rhinolophus ferrumequinum,0.022,0.022,-1,Echolocation,/mnt/ubna_data_02_mir/recover-20221013/UBNA_001/20221012_030000.WAV,Telephone Field,recover-20221013,001,1795
209.6055,209.6136,23750,31594,Plecotus austriacus,0.009,0.022,-1,Echolocation,/mnt/ubna_data_02_mir/recover-20221013/UBNA_001/20221012_030000.WAV,Telephone Field,recover-20221013,001,1795
209.6235,209.6654,68437,82217,Rhinolophus ferrumequinum,0.023,0.023,-1,Echolocation,/mnt/ubna_data_02_mir/recover-20221013/UBNA_001/20221012_030000.WAV,Telephone Field,recover-20221013,001,1795
209.6305,209.671,68437,82555,Rhinolophus ferrumequinum,0.021,0.021,-1,Echolocation,/mnt/ubna_data_02_mir/recover-20221013/UBNA_001/20221012_030000.WAV,Telephone Field,recover-20221013,001,1795
209.65449999999998,209.6926,68437,81717,Rhinolophus ferrumequinum,0.022,0.023,-1,Echolocation,/mnt/ubna_data_02_mir/recover-20221013/UBNA_001/20221012_030000.WAV,Telephone Field,recover-20221013,001,1795
209.6845,209.7193,68437,81100,Rhinolophus ferrumequinum,0.024,0.024,-1,Echolocation,/mnt/ubna_data_02_mir/recover-20221013/UBNA_001/20221012_030000.WAV,Telephone Field,recover-20221013,001,1795
209.6935,209.7277,68437,80478,Rhinolophus ferrumequinum,0.022,0.022,-1,Echolocation,/mnt/ubna_data_02_mir/recover-20221013/UBNA_001/20221012_030000.WAV,Telephone Field,recover-20221013,001,1795
209.7005,209.7079,23750,31816,Plecotus austriacus,0.012,0.027,-1,Echolocation,/mnt/ubna_data_02_mir/recover-20221013/UBNA_001/20221012_030000.WAV,Telephone Field,recover-20221013,001,1795
209.7115,209.7524,68437,82762,Rhinolophus ferrumequinum,0.025,0.025,-1,Echolocation,/mnt/ubna_data_02_mir/recover-20221013/UBNA_001/20221012_030000.WAV,Telephone Field,recover-20221013,001,1795
209.7355,209.7763,68437,82622,Rhinolophus ferrumequinum,0.026,0.026,-1,Echolocation,/mnt/ubna_data_02_mir/recover-20221013/UBNA_001/20221012_030000.WAV,Telephone Field,recover-20221013,001,1795
209.7375,209.7446,27187,39710,Eptesicus serotinus,0.006,0.021,-1,Echolocation,/mnt/ubna_data_02_mir/recover-20221013/UBNA_001/20221012_030000.WAV,Telephone Field,recover-20221013,001,1795
209.8075,209.8519,68437,83150,Rhinolophus ferrumequinum,0.034,0.034,-1,Echolocation,/mnt/ubna_data_02_mir/recover-20221013/UBNA_001/20221012_030000.WAV,Telephone Field,recover-20221013,001,1795
209.8635,209.9018,68437,81850,Rhinolophus ferrumequinum,0.023,0.023,-1,Echolocation,/mnt/ubna_data_02_mir/recover-20221013/UBNA_001/20221012_030000.WAV,Telephone Field,recover-20221013,001,1795
209.8805,209.8898,45234,51632,Pipistrellus pipistrellus,0.02,0.024,-1,Echolocation,/mnt/ubna_data_02_mir/recover-20221013/UBNA_001/20221012_030000.WAV,Telephone Field,recover-20221013,001,1795
209.9085,209.949,68437,81926,Rhinolophus ferrumequinum,0.021,0.021,-1,Echolocation,/mnt/ubna_data_02_mir/recover-20221013/UBNA_001/20221012_030000.WAV,Telephone Field,recover-20221013,001,1795
209.9155,209.9578,68437,82769,Rhinolophus ferrumequinum,0.023,0.023,-1,Echolocation,/mnt/ubna_data_02_mir/recover-20221013/UBNA_001/20221012_030000.WAV,Telephone Field,recover-20221013,001,1795
209.9215,209.9337,22031,28440,Nyctalus noctula,0.016,0.044,-1,Echolocation,/mnt/ubna_data_02_mir/recover-20221013/UBNA_001/20221012_030000.WAV,Telephone Field,recover-20221013,001,1795
209.9455,209.9856,68437,82671,Rhinolophus ferrumequinum,0.031,0.031,-1,Echolocation,/mnt/ubna_data_02_mir/recover-20221013/UBNA_001/20221012_030000.WAV,Telephone Field,recover-20221013,001,1795
209.9815,209.9924,22890,28017,Nyctalus leisleri,0.014,0.027,-1,Echolocation,/mnt/ubna_data_02_mir/recover-20221013/UBNA_001/20221012_030000.WAV,Telephone Field,recover-20221013,001,1795
210.0015,210.0085,26328,40386,Myotis nattereri,0.005,0.025,-1,Echolocation,/mnt/ubna_data_02_mir/recover-20221013/UBNA_001/20221012_030000.WAV,Telephone Field,recover-20221013,001,1795
210.0015,210.0329,69296,81641,Rhinolophus ferrumequinum,0.03,0.03,-1,Echolocation,/mnt/ubna_data_02_mir/recover-20221013/UBNA_001/20221012_030000.WAV,Telephone Field,recover-20221013,001,1795
210.0015,210.0074,37500,50767,Myotis daubentonii,0.008,0.023,-1,Echolocation,/mnt/ubna_data_02_mir/recover-20221013/UBNA_001/20221012_030000.WAV,Telephone Field,recover-20221013,001,1795
210.0125,210.0225,28046,36417,Eptesicus serotinus,0.011,0.025,-1,Echolocation,/mnt/ubna_data_02_mir/recover-20221013/UBNA_001/20221012_030000.WAV,Telephone Field,recover-20221013,001,1795
210.0425,210.0761,68437,81678,Rhinolophus ferrumequinum,0.022,0.022,-1,Echolocation,/mnt/ubna_data_02_mir/recover-20221013/UBNA_001/20221012_030000.WAV,Telephone Field,recover-20221013,001,1795
210.0615,210.099,68437,82022,Rhinolophus ferrumequinum,0.025,0.025,-1,Echolocation,/mnt/ubna_data_02_mir/recover-20221013/UBNA_001/20221012_030000.WAV,Telephone Field,recover-20221013,001,1795
210.0815,210.1245,68437,83585,Rhinolophus ferrumequinum,0.024,0.024,-1,Echolocation,/mnt/ubna_data_02_mir/recover-20221013/UBNA_001/20221012_030000.WAV,Telephone Field,recover-20221013,001,1795
210.1065,210.1446,68437,82445,Rhinolophus ferrumequinum,0.023,0.023,-1,Echolocation,/mnt/ubna_data_02_mir/recover-20221013/UBNA_001/20221012_030000.WAV,Telephone Field,recover-20221013,001,1795
210.1235,210.131,28046,39930,Eptesicus serotinus,0.008,0.024,-1,Echolocation,/mnt/ubna_data_02_mir/recover-20221013/UBNA_001/20221012_030000.WAV,Telephone Field,recover-20221013,001,1795
210.1455,210.1836,68437,82151,Rhinolophus ferrumequinum,0.024,0.024,-1,Echolocation,/mnt/ubna_data_02_mir/recover-20221013/UBNA_001/20221012_030000.WAV,Telephone Field,recover-20221013,001,1795
210.1685,210.2083,68437,82627,Rhinolophus ferrumequinum,0.028,0.028,-1,Echolocation,/mnt/ubna_data_02_mir/recover-20221013/UBNA_001/20221012_030000.WAV,Telephone Field,recover-20221013,001,1795
210.2075,210.2472,68437,82315,Rhinolophus ferrumequinum,0.025,0.025,-1,Echolocation,/mnt/ubna_data_02_mir/recover-20221013/UBNA_001/20221012_030000.WAV,Telephone Field,recover-20221013,001,1795
210.2295,210.267,68437,82185,Rhinolophus ferrumequinum,0.023,0.023,-1,Echolocation,/mnt/ubna_data_02_mir/recover-20221013/UBNA_001/20221012_030000.WAV,Telephone Field,recover-20221013,001,1795
210.2505,210.2907,68437,82303,Rhinolophus ferrumequinum,0.026,0.026,-1,Echolocation,/mnt/ubna_data_02_mir/recover-20221013/UBNA_001/20221012_030000.WAV,Telephone Field,recover-20221013,001,1795
210.2565,210.2668,23750,29767,Nyctalus leisleri,0.01,0.023,-1,Echolocation,/mnt/ubna_data_02_mir/recover-20221013/UBNA_001/20221012_030000.WAV,Telephone Field,recover-20221013,001,1795
210.2665,210.3051,68437,82790,Rhinolophus ferrumequinum,0.026,0.026,-1,Echolocation,/mnt/ubna_data_02_mir/recover-20221013/UBNA_001/20221012_030000.WAV,Telephone Field,recover-20221013,001,1795
210.2675,210.2777,23750,29528,Nyctalus leisleri,0.009,0.022,-1,Echolocation,/mnt/ubna_data_02_mir/recover-20221013/UBNA_001/20221012_030000.WAV,Telephone Field,recover-20221013,001,1795
210.2775,210.3177,68437,82438,Rhinolophus ferrumequinum,0.026,0.026,-1,Echolocation,/mnt/ubna_data_02_mir/recover-20221013/UBNA_001/20221012_030000.WAV,Telephone Field,recover-20221013,001,1795
210.3165,210.3251,27187,38160,Eptesicus serotinus,0.008,0.024,-1,Echolocation,/mnt/ubna_data_02_mir/recover-20221013/UBNA_001/20221012_030000.WAV,Telephone Field,recover-20221013,001,1795
210.3365,210.3444,28906,38981,Eptesicus serotinus,0.009,0.025,-1,Echolocation,/mnt/ubna_data_02_mir/recover-20221013/UBNA_001/20221012_030000.WAV,Telephone Field,recover-20221013,001,1795
210.3455,210.3797,68437,81051,Rhinolophus ferrumequinum,0.03,0.03,-1,Echolocation,/mnt/ubna_data_02_mir/recover-20221013/UBNA_001/20221012_030000.WAV,Telephone Field,recover-20221013,001,1795
210.3685,210.4077,68437,82533,Rhinolophus ferrumequinum,0.028,0.028,-1,Echolocation,/mnt/ubna_data_02_mir/recover-20221013/UBNA_001/20221012_030000.WAV,Telephone Field,recover-20221013,001,1795
210.3755,210.4156,68437,82722,Rhinolophus ferrumequinum,0.024,0.024,-1,Echolocation,/mnt/ubna_data_02_mir/recover-20221013/UBNA_001/20221012_030000.WAV,Telephone Field,recover-20221013,001,1795
210.3835,210.3918,28906,40773,Eptesicus serotinus,0.009,0.025,-1,Echolocation,/mnt/ubna_data_02_mir/recover-20221013/UBNA_001/20221012_030000.WAV,Telephone Field,recover-20221013,001,1795
210.3875,210.4267,68437,82249,Rhinolophus ferrumequinum,0.027,0.027,-1,Echolocation,/mnt/ubna_data_02_mir/recover-20221013/UBNA_001/20221012_030000.WAV,Telephone Field,recover-20221013,001,1795
210.3955,210.4338,68437,82230,Rhinolophus ferrumequinum,0.023,0.023,-1,Echolocation,/mnt/ubna_data_02_mir/recover-20221013/UBNA_001/20221012_030000.WAV,Telephone Field,recover-20221013,001,1795
210.4215,210.4614,68437,81699,Rhinolophus ferrumequinum,0.022,0.022,-1,Echolocation,/mnt/ubna_data_02_mir/recover-20221013/UBNA_001/20221012_030000.WAV,Telephone Field,recover-20221013,001,1795
210.4425,210.4525,22031,27475,Nyctalus leisleri,0.008,0.023,-1,Echolocation,/mnt/ubna_data_02_mir/recover-20221013/UBNA_001/20221012_030000.WAV,Telephone Field,recover-20221013,001,1795
210.4435,210.4827,68437,82724,Rhinolophus ferrumequinum,0.027,0.027,-1,Echolocation,/mnt/ubna_data_02_mir/recover-20221013/UBNA_001/20221012_030000.WAV,Telephone Field,recover-20221013,001,1795
210.4855,210.5234,68437,82064,Rhinolophus ferrumequinum,0.024,0.024,-1,Echolocation,/mnt/ubna_data_02_mir/recover-20221013/UBNA_001/20221012_030000.WAV,Telephone Field,recover-20221013,001,1795
210.4915,210.5026,22890,27979,Nyctalus leisleri,0.012,0.024,-1,Echolocation,/mnt/ubna_data_02_mir/recover-20221013/UBNA_001/20221012_030000.WAV,Telephone Field,recover-20221013,001,1795
210.4995,210.536,68437,82009,Rhinolophus ferrumequinum,0.022,0.022,-1,Echolocation,/mnt/ubna_data_02_mir/recover-20221013/UBNA_001/20221012_030000.WAV,Telephone Field,recover-20221013,001,1795
210.5065,210.5134,28046,38475,Eptesicus serotinus,0.008,0.025,-1,Echolocation,/mnt/ubna_data_02_mir/recover-20221013/UBNA_001/20221012_030000.WAV,Telephone Field,recover-20221013,001,1795
210.5115,210.55,68437,82308,Rhinolophus ferrumequinum,0.023,0.023,-1,Echolocation,/mnt/ubna_data_02_mir/recover-20221013/UBNA_001/20221012_030000.WAV,Telephone Field,recover-20221013,001,1795
210.5215,210.5621,68437,82028,Rhinolophus ferrumequinum,0.022,0.022,-1,Echolocation,/mnt/ubna_data_02_mir/recover-20221013/UBNA_001/20221012_030000.WAV,Telephone Field,recover-20221013,001,1795
210.5445,210.5521,23750,32317,Plecotus austriacus,0.009,0.023,-1,Echolocation,/mnt/ubna_data_02_mir/recover-20221013/UBNA_001/20221012_030000.WAV,Telephone Field,recover-20221013,001,1795
210.5625,210.5984,68437,81533,Rhinolophus ferrumequinum,0.022,0.022,-1,Echolocation,/mnt/ubna_data_02_mir/recover-20221013/UBNA_001/20221012_030000.WAV,Telephone Field,recover-20221013,001,1795
210.5895,210.6001,22031,26994,Nyctalus leisleri,0.01,0.023,-1,Echolocation,/mnt/ubna_data_02_mir/recover-20221013/UBNA_001/20221012_030000.WAV,Telephone Field,recover-20221013,001,1795
210.6045,210.6426,68437,81870,Rhinolophus ferrumequinum,0.023,0.023,-1,Echolocation,/mnt/ubna_data_02_mir/recover-20221013/UBNA_001/20221012_030000.WAV,Telephone Field,recover-20221013,001,1795
210.6555,210.6943,68437,81625,Rhinolophus ferrumequinum,0.023,0.023,-1,Echolocation,/mnt/ubna_data_02_mir/recover-20221013/UBNA_001/20221012_030000.WAV,Telephone Field,recover-20221013,001,1795
210.6595,210.6706,28046,35980,Eptesicus serotinus,0.012,0.028,-1,Echolocation,/mnt/ubna_data_02_mir/recover-20221013/UBNA_001/20221012_030000.WAV,Telephone Field,recover-20221013,001,1795
210.7025,210.7395,68437,81445,Rhinolophus ferrumequinum,0.023,0.023,-1,Echolocation,/mnt/ubna_data_02_mir/recover-20221013/UBNA_001/20221012_030000.WAV,Telephone Field,recover-20221013,001,1795
210.7075,210.7172,22890,29410,Nyctalus leisleri,0.009,0.025,-1,Echolocation,/mnt/ubna_data_02_mir/recover-20221013/UBNA_001/20221012_030000.WAV,Telephone Field,recover-20221013,001,1795
210.7635,210.773,28046,38647,Eptesicus serotinus,0.011,0.023,-1,Echolocation,/mnt/ubna_data_02_mir/recover-20221013/UBNA_001/20221012_030000.WAV,Telephone Field,recover-20221013,001,1795
210.7795,210.7886,47812,51530,Pipistrellus pipistrellus,0.024,0.027,-1,Echolocation,/mnt/ubna_data_02_mir/recover-20221013/UBNA_001/20221012_030000.WAV,Telephone Field,recover-20221013,001,1795
210.8035,210.8418,68437,82085,Rhinolophus ferrumequinum,0.022,0.022,-1,Echolocation,/mnt/ubna_data_02_mir/recover-20221013/UBNA_001/20221012_030000.WAV,Telephone Field,recover-20221013,001,1795
210.8325,210.873,68437,82275,Rhinolophus ferrumequinum,0.023,0.023,-1,Echolocation,/mnt/ubna_data_02_mir/recover-20221013/UBNA_001/20221012_030000.WAV,Telephone Field,recover-20221013,001,1795
210.8555,210.8984,68437,83480,Rhinolophus ferrumequinum,0.025,0.025,-1,Echolocation,/mnt/ubna_data_02_mir/recover-20221013/UBNA_001/20221012_030000.WAV,Telephone Field,recover-20221013,001,1795
210.8835,210.9232,68437,82237,Rhinolophus ferrumequinum,0.022,0.022,-1,Echolocation,/mnt/ubna_data_02_mir/recover-20221013/UBNA_001/20221012_030000.WAV,Telephone Field,recover-20221013,001,1795
210.8895,210.9294,68437,81966,Rhinolophus ferrumequinum,0.022,0.022,-1,Echolocation,/mnt/ubna_data_02_mir/recover-20221013/UBNA_001/20221012_030000.WAV,Telephone Field,recover-20221013,001,1795
210.9265,210.9669,68437,82444,Rhinolophus ferrumequinum,0.027,0.027,-1,Echolocation,/mnt/ubna_data_02_mir/recover-20221013/UBNA_001/20221012_030000.WAV,Telephone Field,recover-20221013,001,1795
210.9445,210.9827,68437,82283,Rhinolophus ferrumequinum,0.022,0.022,-1,Echolocation,/mnt/ubna_data_02_mir/recover-20221013/UBNA_001/20221012_030000.WAV,Telephone Field,recover-20221013,001,1795
210.9595,210.9695,22890,29335,Nyctalus leisleri,0.011,0.029,-1,Echolocation,/mnt/ubna_data_02_mir/recover-20221013/UBNA_001/20221012_030000.WAV,Telephone Field,recover-20221013,001,1795
210.9595,210.9961,68437,81868,Rhinolophus ferrumequinum,0.024,0.024,-1,Echolocation,/mnt/ubna_data_02_mir/recover-20221013/UBNA_001/20221012_030000.WAV,Telephone Field,recover-20221013,001,1795
210.9715,210.9799,23750,31683,Plecotus austriacus,0.008,0.023,-1,Echolocation,/mnt/ubna_data_02_mir/recover-20221013/UBNA_001/20221012_030000.WAV,Telephone Field,recover-20221013,001,1795
210.9775,211.0181,68437,82899,Rhinolophus ferrumequinum,0.029,0.029,-1,Echolocation,/mnt/ubna_data_02_mir/recover-20221013/UBNA_001/20221012_030000.WAV,Telephone Field,recover-20221013,001,1795
211.0245,211.0618,68437,82051,Rhinolophus ferrumequinum,0.023,0.023,-1,Echolocation,/mnt/ubna_data_02_mir/recover-20221013/UBNA_001/20221012_030000.WAV,Telephone Field,recover-20221013,001,1795
211.0545,211.0893,68437,81111,Rhinolophus ferrumequinum,0.022,0.022,-1,Echolocation,/mnt/ubna_data_02_mir/recover-20221013/UBNA_001/20221012_030000.WAV,Telephone Field,recover-20221013,001,1795
211.1005,211.1409,68437,82687,Rhinolophus ferrumequinum,0.024,0.024,-1,Echolocation,/mnt/ubna_data_02_mir/recover-20221013/UBNA_001/20221012_030000.WAV,Telephone Field,recover-20221013,001,1795
211.1025,211.1101,28906,41233,Eptesicus serotinus,0.008,0.028,-1,Echolocation,/mnt/ubna_data_02_mir/recover-20221013/UBNA_001/20221012_030000.WAV,Telephone Field,recover-20221013,001,1795
211.1265,211.1349,28906,37943,Eptesicus serotinus,0.008,0.025,-1,Echolocation,/mnt/ubna_data_02_mir/recover-20221013/UBNA_001/20221012_030000.WAV,Telephone Field,recover-20221013,001,1795
211.1335,211.1415,56406,61836,Pipistrellus pygmaeus,0.027,0.027,-1,Echolocation,/mnt/ubna_data_02_mir/recover-20221013/UBNA_001/20221012_030000.WAV,Telephone Field,recover-20221013,001,1795
211.1535,211.191,68437,81678,Rhinolophus ferrumequinum,0.022,0.022,-1,Echolocation,/mnt/ubna_data_02_mir/recover-20221013/UBNA_001/20221012_030000.WAV,Telephone Field,recover-20221013,001,1795
211.1715,211.1781,23750,33004,Plecotus austriacus,0.016,0.03,-1,Echolocation,/mnt/ubna_data_02_mir/recover-20221013/UBNA_001/20221012_030000.WAV,Telephone Field,recover-20221013,001,1795
211.1875,211.2276,68437,82023,Rhinolophus ferrumequinum,0.023,0.023,-1,Echolocation,/mnt/ubna_data_02_mir/recover-20221013/UBNA_001/20221012_030000.WAV,Telephone Field,recover-20221013,001,1795
211.1905,211.197,28046,41528,Eptesicus serotinus,0.005,0.024,-1,Echolocation,/mnt/ubna_data_02_mir/recover-20221013/UBNA_001/20221012_030000.WAV,Telephone Field,recover-20221013,001,1795
211.2045,211.2374,68437,80157,Rhinolophus ferrumequinum,0.021,0.022,-1,Echolocation,/mnt/ubna_data_02_mir/recover-20221013/UBNA_001/20221012_030000.WAV,Telephone Field,recover-20221013,001,1795
211.2355,211.2784,68437,83064,Rhinolophus ferrumequinum,0.036,0.036,-1,Echolocation,/mnt/ubna_data_02_mir/recover-20221013/UBNA_001/20221012_030000.WAV,Telephone Field,recover-20221013,001,1795
211.2775,211.3153,68437,81959,Rhinolophus ferrumequinum,0.022,0.022,-1,Echolocation,/mnt/ubna_data_02_mir/recover-20221013/UBNA_001/20221012_030000.WAV,Telephone Field,recover-20221013,001,1795
211.3035,211.3443,68437,82270,Rhinolophus ferrumequinum,0.026,0.026,-1,Echolocation,/mnt/ubna_data_02_mir/recover-20221013/UBNA_001/20221012_030000.WAV,Telephone Field,recover-20221013,001,1795
211.3125,211.3235,28906,36444,Eptesicus serotinus,0.013,0.027,-1,Echolocation,/mnt/ubna_data_02_mir/recover-20221013/UBNA_001/20221012_030000.WAV,Telephone Field,recover-20221013,001,1795
211.3595,211.3999,68437,82287,Rhinolophus ferrumequinum,0.023,0.023,-1,Echolocation,/mnt/ubna_data_02_mir/recover-20221013/UBNA_001/20221012_030000.WAV,Telephone Field,recover-20221013,001,1795
211.3755,211.3867,23750,29775,Nyctalus leisleri,0.018,0.042,-1,Echolocation,/mnt/ubna_data_02_mir/recover-20221013/UBNA_001/20221012_030000.WAV,Telephone Field,recover-20221013,001,1795
211.3755,211.3836,50390,56665,Pipistrellus pipistrellus,0.018,0.023,-1,Echolocation,/mnt/ubna_data_02_mir/recover-20221013/UBNA_001/20221012_030000.WAV,Telephone Field,recover-20221013,001,1795
211.3895,211.4085,20312,23145,Nyctalus leisleri,0.021,0.037,-1,Echolocation,/mnt/ubna_data_02_mir/recover-20221013/UBNA_001/20221012_030000.WAV,Telephone Field,recover-20221013,001,1795
211.4045,211.4154,41796,47607,Pipistrellus pipistrellus,0.02,0.031,-1,Echolocation,/mnt/ubna_data_02_mir/recover-20221013/UBNA_001/20221012_030000.WAV,Telephone Field,recover-20221013,001,1795
211.4125,211.45,68437,82072,Rhinolophus ferrumequinum,0.023,0.023,-1,Echolocation,/mnt/ubna_data_02_mir/recover-20221013/UBNA_001/20221012_030000.WAV,Telephone Field,recover-20221013,001,1795
211.4505,211.489,68437,81575,Rhinolophus ferrumequinum,0.032,0.032,-1,Echolocation,/mnt/ubna_data_02_mir/recover-20221013/UBNA_001/20221012_030000.WAV,Telephone Field,recover-20221013,001,1795
211.4685,211.5029,68437,81315,Rhinolophus ferrumequinum,0.022,0.022,-1,Echolocation,/mnt/ubna_data_02_mir/recover-20221013/UBNA_001/20221012_030000.WAV,Telephone Field,recover-20221013,001,1795
211.4885,211.526,68437,81864,Rhinolophus ferrumequinum,0.022,0.022,-1,Echolocation,/mnt/ubna_data_02_mir/recover-20221013/UBNA_001/20221012_030000.WAV,Telephone Field,recover-20221013,001,1795
211.5155,211.5539,68437,82264,Rhinolophus ferrumequinum,0.022,0.022,-1,Echolocation,/mnt/ubna_data_02_mir/recover-20221013/UBNA_001/20221012_030000.WAV,Telephone Field,recover-20221013,001,1795
211.5205,211.5605,68437,82790,Rhinolophus ferrumequinum,0.022,0.022,-1,Echolocation,/mnt/ubna_data_02_mir/recover-20221013/UBNA_001/20221012_030000.WAV,Telephone Field,recover-20221013,001,1795
211.5435,211.5563,23750,27981,Nyctalus leisleri,0.026,0.051,-1,Echolocation,/mnt/ubna_data_02_mir/recover-20221013/UBNA_001/20221012_030000.WAV,Telephone Field,recover-20221013,001,1795
211.5645,211.6047,68437,82667,Rhinolophus ferrumequinum,0.027,0.027,-1,Echolocation,/mnt/ubna_data_02_mir/recover-20221013/UBNA_001/20221012_030000.WAV,Telephone Field,recover-20221013,001,1795
211.5765,211.5851,28046,37060,Eptesicus serotinus,0.008,0.024,-1,Echolocation,/mnt/ubna_data_02_mir/recover-20221013/UBNA_001/20221012_030000.WAV,Telephone Field,recover-20221013,001,1795
211.5855,211.6251,68437,83093,Rhinolophus ferrumequinum,0.03,0.03,-1,Echolocation,/mnt/ubna_data_02_mir/recover-20221013/UBNA_001/20221012_030000.WAV,Telephone Field,recover-20221013,001,1795
211.5985,211.6389,68437,82256,Rhinolophus ferrumequinum,0.038,0.038,-1,Echolocation,/mnt/ubna_data_02_mir/recover-20221013/UBNA_001/20221012_030000.WAV,Telephone Field,recover-20221013,001,1795
211.6185,211.6303,42656,47614,Pipistrellus pipistrellus,0.022,0.039,-1,Echolocation,/mnt/ubna_data_02_mir/recover-20221013/UBNA_001/20221012_030000.WAV,Telephone Field,recover-20221013,001,1795
211.6405,211.6777,68437,82074,Rhinolophus ferrumequinum,0.024,0.024,-1,Echolocation,/mnt/ubna_data_02_mir/recover-20221013/UBNA_001/20221012_030000.WAV,Telephone Field,recover-20221013,001,1795
211.6595,211.7031,68437,83734,Rhinolophus ferrumequinum,0.06,0.06,-1,Echolocation,/mnt/ubna_data_02_mir/recover-20221013/UBNA_001/20221012_030000.WAV,Telephone Field,recover-20221013,001,1795
211.6715,211.6796,28046,37298,Eptesicus serotinus,0.008,0.024,-1,Echolocation,/mnt/ubna_data_02_mir/recover-20221013/UBNA_001/20221012_030000.WAV,Telephone Field,recover-20221013,001,1795
211.6785,211.6875,28046,36226,Eptesicus serotinus,0.007,0.022,-1,Echolocation,/mnt/ubna_data_02_mir/recover-20221013/UBNA_001/20221012_030000.WAV,Telephone Field,recover-20221013,001,1795
211.6795,211.7219,68437,83223,Rhinolophus ferrumequinum,0.026,0.026,-1,Echolocation,/mnt/ubna_data_02_mir/recover-20221013/UBNA_001/20221012_030000.WAV,Telephone Field,recover-20221013,001,1795
211.6875,211.7265,68437,82230,Rhinolophus ferrumequinum,0.023,0.023,-1,Echolocation,/mnt/ubna_data_02_mir/recover-20221013/UBNA_001/20221012_030000.WAV,Telephone Field,recover-20221013,001,1795
211.6965,211.7348,68437,81576,Rhinolophus ferrumequinum,0.022,0.022,-1,Echolocation,/mnt/ubna_data_02_mir/recover-20221013/UBNA_001/20221012_030000.WAV,Telephone Field,recover-20221013,001,1795
211.7145,211.7234,47812,53395,Pipistrellus pipistrellus,0.027,0.03,-1,Echolocation,/mnt/ubna_data_02_mir/recover-20221013/UBNA_001/20221012_030000.WAV,Telephone Field,recover-20221013,001,1795
211.7205,211.733,28046,35005,Eptesicus serotinus,0.03,0.052,-1,Echolocation,/mnt/ubna_data_02_mir/recover-20221013/UBNA_001/20221012_030000.WAV,Telephone Field,recover-20221013,001,1795
211.7365,211.7781,68437,82820,Rhinolophus ferrumequinum,0.026,0.026,-1,Echolocation,/mnt/ubna_data_02_mir/recover-20221013/UBNA_001/20221012_030000.WAV,Telephone Field,recover-20221013,001,1795
211.7425,211.7498,28906,37545,Eptesicus serotinus,0.006,0.022,-1,Echolocation,/mnt/ubna_data_02_mir/recover-20221013/UBNA_001/20221012_030000.WAV,Telephone Field,recover-20221013,001,1795
211.7455,211.7827,68437,82010,Rhinolophus ferrumequinum,0.023,0.023,-1,Echolocation,/mnt/ubna_data_02_mir/recover-20221013/UBNA_001/20221012_030000.WAV,Telephone Field,recover-20221013,001,1795
211.7515,211.7582,28046,37698,Eptesicus serotinus,0.005,0.022,-1,Echolocation,/mnt/ubna_data_02_mir/recover-20221013/UBNA_001/20221012_030000.WAV,Telephone Field,recover-20221013,001,1795
211.7575,211.7638,47812,52530,Pipistrellus pipistrellus,0.026,0.027,-1,Echolocation,/mnt/ubna_data_02_mir/recover-20221013/UBNA_001/20221012_030000.WAV,Telephone Field,recover-20221013,001,1795
211.7825,211.8181,68437,81723,Rhinolophus ferrumequinum,0.024,0.024,-1,Echolocation,/mnt/ubna_data_02_mir/recover-20221013/UBNA_001/20221012_030000.WAV,Telephone Field,recover-20221013,001,1795
211.8085,211.8476,68437,81788,Rhinolophus ferrumequinum,0.022,0.022,-1,Echolocation,/mnt/ubna_data_02_mir/recover-20221013/UBNA_001/20221012_030000.WAV,Telephone Field,recover-20221013,001,1795
211.8265,211.8623,68437,81650,Rhinolophus ferrumequinum,0.027,0.027,-1,Echolocation,/mnt/ubna_data_02_mir/recover-20221013/UBNA_001/20221012_030000.WAV,Telephone Field,recover-20221013,001,1795
211.8595,211.8687,25468,34790,Eptesicus serotinus,0.008,0.023,-1,Echolocation,/mnt/ubna_data_02_mir/recover-20221013/UBNA_001/20221012_030000.WAV,Telephone Field,recover-20221013,001,1795
211.8605,211.9067,68437,83799,Rhinolophus ferrumequinum,0.062,0.062,-1,Echolocation,/mnt/ubna_data_02_mir/recover-20221013/UBNA_001/20221012_030000.WAV,Telephone Field,recover-20221013,001,1795
211.9095,211.9469,68437,81036,Rhinolophus ferrumequinum,0.024,0.024,-1,Echolocation,/mnt/ubna_data_02_mir/recover-20221013/UBNA_001/20221012_030000.WAV,Telephone Field,recover-20221013,001,1795
211.9235,211.959,68437,81317,Rhinolophus ferrumequinum,0.022,0.022,-1,Echolocation,/mnt/ubna_data_02_mir/recover-20221013/UBNA_001/20221012_030000.WAV,Telephone Field,recover-20221013,001,1795
212.0015,212.033,68437,79447,Rhinolophus ferrumequinum,0.046,0.047,-1,Echolocation,/mnt/ubna_data_02_mir/recover-20221013/UBNA_001/20221012_030000.WAV,Telephone Field,recover-20221013,001,1795
212.0015,212.01069999999999,23750,31024,Nyctalus leisleri,0.013,0.033,-1,Echolocation,/mnt/ubna_data_02_mir/recover-20221013/UBNA_001/20221012_030000.WAV,Telephone Field,recover-20221013,001,1795
212.0075,212.0499,68437,81286,Rhinolophus ferrumequinum,0.032,0.032,-1,Echolocation,/mnt/ubna_data_02_mir/recover-20221013/UBNA_001/20221012_030000.WAV,Telephone Field,recover-20221013,001,1795
212.0475,212.0563,22890,30009,Plecotus austriacus,0.011,0.026,-1,Echolocation,/mnt/ubna_data_02_mir/recover-20221013/UBNA_001/20221012_030000.WAV,Telephone Field,recover-20221013,001,1795
212.0715,212.0825,22890,28545,Nyctalus leisleri,0.011,0.025,-1,Echolocation,/mnt/ubna_data_02_mir/recover-20221013/UBNA_001/20221012_030000.WAV,Telephone Field,recover-20221013,001,1795
212.0765,212.1206,68437,83306,Rhinolophus ferrumequinum,0.029,0.029,-1,Echolocation,/mnt/ubna_data_02_mir/recover-20221013/UBNA_001/20221012_030000.WAV,Telephone Field,recover-20221013,001,1795
212.1155,212.1249,27187,35337,Eptesicus serotinus,0.01,0.023,-1,Echolocation,/mnt/ubna_data_02_mir/recover-20221013/UBNA_001/20221012_030000.WAV,Telephone Field,recover-20221013,001,1795
212.1315,212.1406,22890,29803,Plecotus austriacus,0.009,0.024,-1,Echolocation,/mnt/ubna_data_02_mir/recover-20221013/UBNA_001/20221012_030000.WAV,Telephone Field,recover-20221013,001,1795
212.1695,212.2088,68437,82338,Rhinolophus ferrumequinum,0.025,0.025,-1,Echolocation,/mnt/ubna_data_02_mir/recover-20221013/UBNA_001/20221012_030000.WAV,Telephone Field,recover-20221013,001,1795
212.1815,212.2181,68437,81774,Rhinolophus ferrumequinum,0.022,0.022,-1,Echolocation,/mnt/ubna_data_02_mir/recover-20221013/UBNA_001/20221012_030000.WAV,Telephone Field,recover-20221013,001,1795
212.2115,212.251,68437,81512,Rhinolophus ferrumequinum,0.021,0.021,-1,Echolocation,/mnt/ubna_data_02_mir/recover-20221013/UBNA_001/20221012_030000.WAV,Telephone Field,recover-20221013,001,1795
212.2375,212.2518,22031,26029,Nyctalus leisleri,0.016,0.026,-1,Echolocation,/mnt/ubna_data_02_mir/recover-20221013/UBNA_001/20221012_030000.WAV,Telephone Field,recover-20221013,001,1795
212.2985,212.3353,68437,82040,Rhinolophus ferrumequinum,0.021,0.021,-1,Echolocation,/mnt/ubna_data_02_mir/recover-20221013/UBNA_001/20221012_030000.WAV,Telephone Field,recover-20221013,001,1795
212.3005,212.3079,24609,34394,Plecotus austriacus,0.01,0.029,-1,Echolocation,/mnt/ubna_data_02_mir/recover-20221013/UBNA_001/20221012_030000.WAV,Telephone Field,recover-20221013,001,1795
212.3295,212.3653,68437,81617,Rhinolophus ferrumequinum,0.024,0.024,-1,Echolocation,/mnt/ubna_data_02_mir/recover-20221013/UBNA_001/20221012_030000.WAV,Telephone Field,recover-20221013,001,1795
212.3365,212.3484,38359,41940,Pipistrellus nathusii,0.016,0.029,-1,Echolocation,/mnt/ubna_data_02_mir/recover-20221013/UBNA_001/20221012_030000.WAV,Telephone Field,recover-20221013,001,1795
212.3785,212.4201,68437,82576,Rhinolophus ferrumequinum,0.023,0.023,-1,Echolocation,/mnt/ubna_data_02_mir/recover-20221013/UBNA_001/20221012_030000.WAV,Telephone Field,recover-20221013,001,1795
212.3945,212.4042,23750,29917,Nyctalus leisleri,0.008,0.022,-1,Echolocation,/mnt/ubna_data_02_mir/recover-20221013/UBNA_001/20221012_030000.WAV,Telephone Field,recover-20221013,001,1795
212.4225,212.4637,68437,82675,Rhinolophus ferrumequinum,0.024,0.024,-1,Echolocation,/mnt/ubna_data_02_mir/recover-20221013/UBNA_001/20221012_030000.WAV,Telephone Field,recover-20221013,001,1795
212.4485,212.4849,68437,81281,Rhinolophus ferrumequinum,0.022,0.022,-1,Echolocation,/mnt/ubna_data_02_mir/recover-20221013/UBNA_001/20221012_030000.WAV,Telephone Field,recover-20221013,001,1795
212.4545,212.4626,22890,30443,Plecotus austriacus,0.009,0.021,-1,Echolocation,/mnt/ubna_data_02_mir/recover-20221013/UBNA_001/20221012_030000.WAV,Telephone Field,recover-20221013,001,1795
212.4755,212.4847,28906,37623,Eptesicus serotinus,0.01,0.024,-1,Echolocation,/mnt/ubna_data_02_mir/recover-20221013/UBNA_001/20221012_030000.WAV,Telephone Field,recover-20221013,001,1795
212.4775,212.5162,68437,82845,Rhinolophus ferrumequinum,0.025,0.025,-1,Echolocation,/mnt/ubna_data_02_mir/recover-20221013/UBNA_001/20221012_030000.WAV,Telephone Field,recover-20221013,001,1795
212.5115,212.5219,15156,21680,Nyctalus noctula,0.011,0.024,-1,Echolocation,/mnt/ubna_data_02_mir/recover-20221013/UBNA_001/20221012_030000.WAV,Telephone Field,recover-20221013,001,1795
212.5205,212.5282,28046,36556,Eptesicus serotinus,0.03,0.058,-1,Echolocation,/mnt/ubna_data_02_mir/recover-20221013/UBNA_001/20221012_030000.WAV,Telephone Field,recover-20221013,001,1795
212.5345,212.5756,68437,82578,Rhinolophus ferrumequinum,0.033,0.033,-1,Echolocation,/mnt/ubna_data_02_mir/recover-20221013/UBNA_001/20221012_030000.WAV,Telephone Field,recover-20221013,001,1795
212.5595,212.5665,28046,39895,Eptesicus serotinus,0.007,0.023,-1,Echolocation,/mnt/ubna_data_02_mir/recover-20221013/UBNA_001/20221012_030000.WAV,Telephone Field,recover-20221013,001,1795
212.5765,212.6164,68437,83336,Rhinolophus ferrumequinum,0.027,0.027,-1,Echolocation,/mnt/ubna_data_02_mir/recover-20221013/UBNA_001/20221012_030000.WAV,Telephone Field,recover-20221013,001,1795
212.5785,212.5879,25468,33019,Eptesicus serotinus,0.007,0.022,-1,Echolocation,/mnt/ubna_data_02_mir/recover-20221013/UBNA_001/20221012_030000.WAV,Telephone Field,recover-20221013,001,1795
212.5965,212.6156,16015,19997,Nyctalus noctula,0.03,0.041,-1,Echolocation,/mnt/ubna_data_02_mir/recover-20221013/UBNA_001/20221012_030000.WAV,Telephone Field,recover-20221013,001,1795
212.6145,212.6583,68437,83342,Rhinolophus ferrumequinum,0.027,0.027,-1,Echolocation,/mnt/ubna_data_02_mir/recover-20221013/UBNA_001/20221012_030000.WAV,Telephone Field,recover-20221013,001,1795
212.6215,212.6306,28046,37587,Eptesicus serotinus,0.008,0.022,-1,Echolocation,/mnt/ubna_data_02_mir/recover-20221013/UBNA_001/20221012_030000.WAV,Telephone Field,recover-20221013,001,1795
212.6485,212.6877,68437,82005,Rhinolophus ferrumequinum,0.024,0.024,-1,Echolocation,/mnt/ubna_data_02_mir/recover-20221013/UBNA_001/20221012_030000.WAV,Telephone Field,recover-20221013,001,1795
212.6585,212.6661,30625,39064,Myotis daubentonii,0.01,0.028,-1,Echolocation,/mnt/ubna_data_02_mir/recover-20221013/UBNA_001/20221012_030000.WAV,Telephone Field,recover-20221013,001,1795
212.6685,212.68,22890,27543,Nyctalus leisleri,0.011,0.022,-1,Echolocation,/mnt/ubna_data_02_mir/recover-20221013/UBNA_001/20221012_030000.WAV,Telephone Field,recover-20221013,001,1795
212.6735,212.6851,22031,25914,Nyctalus leisleri,0.013,0.022,-1,Echolocation,/mnt/ubna_data_02_mir/recover-20221013/UBNA_001/20221012_030000.WAV,Telephone Field,recover-20221013,001,1795
212.6865,212.7265,68437,82039,Rhinolophus ferrumequinum,0.023,0.023,-1,Echolocation,/mnt/ubna_data_02_mir/recover-20221013/UBNA_001/20221012_030000.WAV,Telephone Field,recover-20221013,001,1795
212.7045,212.7139,28046,35745,Eptesicus serotinus,0.008,0.022,-1,Echolocation,/mnt/ubna_data_02_mir/recover-20221013/UBNA_001/20221012_030000.WAV,Telephone Field,recover-20221013,001,1795
212.7295,212.7394,24609,31638,Nyctalus leisleri,0.007,0.022,-1,Echolocation,/mnt/ubna_data_02_mir/recover-20221013/UBNA_001/20221012_030000.WAV,Telephone Field,recover-20221013,001,1795
212.7575,212.7675,27187,35596,Eptesicus serotinus,0.011,0.025,-1,Echolocation,/mnt/ubna_data_02_mir/recover-20221013/UBNA_001/20221012_030000.WAV,Telephone Field,recover-20221013,001,1795
212.7605,212.7972,68437,80917,Rhinolophus ferrumequinum,0.024,0.024,-1,Echolocation,/mnt/ubna_data_02_mir/recover-20221013/UBNA_001/20221012_030000.WAV,Telephone Field,recover-20221013,001,1795
212.8115,212.8181,45234,49093,Pipistrellus pipistrellus,0.022,0.024,-1,Echolocation,/mnt/ubna_data_02_mir/recover-20221013/UBNA_001/20221012_030000.WAV,Telephone Field,recover-20221013,001,1795
212.8375,212.8447,28046,39182,Eptesicus serotinus,0.007,0.025,-1,Echolocation,/mnt/ubna_data_02_mir/recover-20221013/UBNA_001/20221012_030000.WAV,Telephone Field,recover-20221013,001,1795
212.8495,212.8834,68437,80803,Rhinolophus ferrumequinum,0.022,0.022,-1,Echolocation,/mnt/ubna_data_02_mir/recover-20221013/UBNA_001/20221012_030000.WAV,Telephone Field,recover-20221013,001,1795
212.9105,212.9476,68437,82014,Rhinolophus ferrumequinum,0.024,0.024,-1,Echolocation,/mnt/ubna_data_02_mir/recover-20221013/UBNA_001/20221012_030000.WAV,Telephone Field,recover-20221013,001,1795
212.9115,212.92079999999999,26328,33882,Eptesicus serotinus,0.009,0.025,-1,Echolocation,/mnt/ubna_data_02_mir/recover-20221013/UBNA_001/20221012_030000.WAV,Telephone Field,recover-20221013,001,1795
212.9355,212.9447,28046,38490,Eptesicus serotinus,0.008,0.022,-1,Echolocation,/mnt/ubna_data_02_mir/recover-20221013/UBNA_001/20221012_030000.WAV,Telephone Field,recover-20221013,001,1795
212.9475,212.9859,68437,82003,Rhinolophus ferrumequinum,0.023,0.023,-1,Echolocation,/mnt/ubna_data_02_mir/recover-20221013/UBNA_001/20221012_030000.WAV,Telephone Field,recover-20221013,001,1795
212.9485,212.9572,27187,38096,Eptesicus serotinus,0.008,0.022,-1,Echolocation,/mnt/ubna_data_02_mir/recover-20221013/UBNA_001/20221012_030000.WAV,Telephone Field,recover-20221013,001,1795
212.9555,212.9654,24609,31397,Nyctalus leisleri,0.009,0.024,-1,Echolocation,/mnt/ubna_data_02_mir/recover-20221013/UBNA_001/20221012_030000.WAV,Telephone Field,recover-20221013,001,1795
212.9655,213.0035,68437,82077,Rhinolophus ferrumequinum,0.021,0.022,-1,Echolocation,/mnt/ubna_data_02_mir/recover-20221013/UBNA_001/20221012_030000.WAV,Telephone Field,recover-20221013,001,1795
212.9905,212.9995,26328,34812,Eptesicus serotinus,0.011,0.028,-1,Echolocation,/mnt/ubna_data_02_mir/recover-20221013/UBNA_001/20221012_030000.WAV,Telephone Field,recover-20221013,001,1795
213.0195,213.0266,27187,42146,Eptesicus serotinus,0.007,0.022,-1,Echolocation,/mnt/ubna_data_02_mir/recover-20221013/UBNA_001/20221012_030000.WAV,Telephone Field,recover-20221013,001,1795
213.0765,213.0875,32343,39820,Eptesicus serotinus,0.009,0.032,-1,Echolocation,/mnt/ubna_data_02_mir/recover-20221013/UBNA_001/20221012_030000.WAV,Telephone Field,recover-20221013,001,1795
213.0815,213.0891,48671,53146,Pipistrellus pipistrellus,0.029,0.031,-1,Echolocation,/mnt/ubna_data_02_mir/recover-20221013/UBNA_001/20221012_030000.WAV,Telephone Field,recover-20221013,001,1795
213.1085,213.1489,68437,82734,Rhinolophus ferrumequinum,0.024,0.024,-1,Echolocation,/mnt/ubna_data_02_mir/recover-20221013/UBNA_001/20221012_030000.WAV,Telephone Field,recover-20221013,001,1795
213.1135,213.1212,31484,45280,Myotis daubentonii,0.008,0.023,-1,Echolocation,/mnt/ubna_data_02_mir/recover-20221013/UBNA_001/20221012_030000.WAV,Telephone Field,recover-20221013,001,1795
213.1385,213.1771,68437,81610,Rhinolophus ferrumequinum,0.021,0.022,-1,Echolocation,/mnt/ubna_data_02_mir/recover-20221013/UBNA_001/20221012_030000.WAV,Telephone Field,recover-20221013,001,1795
213.1435,213.1526,27187,36164,Eptesicus serotinus,0.008,0.022,-1,Echolocation,/mnt/ubna_data_02_mir/recover-20221013/UBNA_001/20221012_030000.WAV,Telephone Field,recover-20221013,001,1795
213.1755,213.2145,68437,82482,Rhinolophus ferrumequinum,0.024,0.024,-1,Echolocation,/mnt/ubna_data_02_mir/recover-20221013/UBNA_001/20221012_030000.WAV,Telephone Field,recover-20221013,001,1795
213.2115,213.2319,19453,22639,Nyctalus leisleri,0.016,0.033,-1,Echolocation,/mnt/ubna_data_02_mir/recover-20221013/UBNA_001/20221012_030000.WAV,Telephone Field,recover-20221013,001,1795
213.2175,213.2581,68437,82689,Rhinolophus ferrumequinum,0.027,0.027,-1,Echolocation,/mnt/ubna_data_02_mir/recover-20221013/UBNA_001/20221012_030000.WAV,Telephone Field,recover-20221013,001,1795
213.2615,213.3021,68437,82265,Rhinolophus ferrumequinum,0.039,0.039,-1,Echolocation,/mnt/ubna_data_02_mir/recover-20221013/UBNA_001/20221012_030000.WAV,Telephone Field,recover-20221013,001,1795
213.2655,213.2757,22890,28680,Nyctalus leisleri,0.012,0.028,-1,Echolocation,/mnt/ubna_data_02_mir/recover-20221013/UBNA_001/20221012_030000.WAV,Telephone Field,recover-20221013,001,1795
213.3475,213.3542,28046,40970,Eptesicus serotinus,0.005,0.022,-1,Echolocation,/mnt/ubna_data_02_mir/recover-20221013/UBNA_001/20221012_030000.WAV,Telephone Field,recover-20221013,001,1795
213.3615,213.3697,28046,40400,Eptesicus serotinus,0.008,0.023,-1,Echolocation,/mnt/ubna_data_02_mir/recover-20221013/UBNA_001/20221012_030000.WAV,Telephone Field,recover-20221013,001,1795
213.3705,213.3805,28906,36604,Eptesicus serotinus,0.009,0.022,-1,Echolocation,/mnt/ubna_data_02_mir/recover-20221013/UBNA_001/20221012_030000.WAV,Telephone Field,recover-20221013,001,1795
213.3915,213.4332,68437,83224,Rhinolophus ferrumequinum,0.04,0.04,-1,Echolocation,/mnt/ubna_data_02_mir/recover-20221013/UBNA_001/20221012_030000.WAV,Telephone Field,recover-20221013,001,1795
213.3955,213.4035,27187,39701,Eptesicus serotinus,0.007,0.022,-1,Echolocation,/mnt/ubna_data_02_mir/recover-20221013/UBNA_001/20221012_030000.WAV,Telephone Field,recover-20221013,001,1795
213.4295,213.4689,68437,82689,Rhinolophus ferrumequinum,0.027,0.027,-1,Echolocation,/mnt/ubna_data_02_mir/recover-20221013/UBNA_001/20221012_030000.WAV,Telephone Field,recover-20221013,001,1795
213.4425,213.4797,68437,81428,Rhinolophus ferrumequinum,0.026,0.026,-1,Echolocation,/mnt/ubna_data_02_mir/recover-20221013/UBNA_001/20221012_030000.WAV,Telephone Field,recover-20221013,001,1795
213.4675,213.4747,28046,40519,Eptesicus serotinus,0.008,0.027,-1,Echolocation,/mnt/ubna_data_02_mir/recover-20221013/UBNA_001/20221012_030000.WAV,Telephone Field,recover-20221013,001,1795
213.4795,213.5187,68437,82077,Rhinolophus ferrumequinum,0.023,0.023,-1,Echolocation,/mnt/ubna_data_02_mir/recover-20221013/UBNA_001/20221012_030000.WAV,Telephone Field,recover-20221013,001,1795
213.5025,213.5416,68437,82699,Rhinolophus ferrumequinum,0.026,0.026,-1,Echolocation,/mnt/ubna_data_02_mir/recover-20221013/UBNA_001/20221012_030000.WAV,Telephone Field,recover-20221013,001,1795
213.6105,213.6499,68437,82298,Rhinolophus ferrumequinum,0.024,0.024,-1,Echolocation,/mnt/ubna_data_02_mir/recover-20221013/UBNA_001/20221012_030000.WAV,Telephone Field,recover-20221013,001,1795
213.6105,213.6208,24609,31265,Nyctalus leisleri,0.012,0.034,-1,Echolocation,/mnt/ubna_data_02_mir/recover-20221013/UBNA_001/20221012_030000.WAV,Telephone Field,recover-20221013,001,1795
213.6185,213.6283,28046,36238,Eptesicus serotinus,0.009,0.024,-1,Echolocation,/mnt/ubna_data_02_mir/recover-20221013/UBNA_001/20221012_030000.WAV,Telephone Field,recover-20221013,001,1795
213.6195,213.6528,68437,80905,Rhinolophus ferrumequinum,0.022,0.022,-1,Echolocation,/mnt/ubna_data_02_mir/recover-20221013/UBNA_001/20221012_030000.WAV,Telephone Field,recover-20221013,001,1795
213.6445,213.6842,68437,82930,Rhinolophus ferrumequinum,0.024,0.024,-1,Echolocation,/mnt/ubna_data_02_mir/recover-20221013/UBNA_001/20221012_030000.WAV,Telephone Field,recover-20221013,001,1795
213.6575,213.6983,68437,82990,Rhinolophus ferrumequinum,0.023,0.023,-1,Echolocation,/mnt/ubna_data_02_mir/recover-20221013/UBNA_001/20221012_030000.WAV,Telephone Field,recover-20221013,001,1795
213.6715,213.7077,68437,82047,Rhinolophus ferrumequinum,0.022,0.022,-1,Echolocation,/mnt/ubna_data_02_mir/recover-20221013/UBNA_001/20221012_030000.WAV,Telephone Field,recover-20221013,001,1795
213.7175,213.7579,68437,82219,Rhinolophus ferrumequinum,0.033,0.033,-1,Echolocation,/mnt/ubna_data_02_mir/recover-20221013/UBNA_001/20221012_030000.WAV,Telephone Field,recover-20221013,001,1795
213.7195,213.7298,15156,21606,Nyctalus noctula,0.021,0.038,-1,Echolocation,/mnt/ubna_data_02_mir/recover-20221013/UBNA_001/20221012_030000.WAV,Telephone Field,recover-20221013,001,1795
213.7205,213.7289,46093,50511,Pipistrellus pipistrellus,0.02,0.022,-1,Echolocation,/mnt/ubna_data_02_mir/recover-20221013/UBNA_001/20221012_030000.WAV,Telephone Field,recover-20221013,001,1795
213.7625,213.7732,28046,36301,Eptesicus serotinus,0.011,0.024,-1,Echolocation,/mnt/ubna_data_02_mir/recover-20221013/UBNA_001/20221012_030000.WAV,Telephone Field,recover-20221013,001,1795
213.7685,213.7797,28046,35658,Eptesicus serotinus,0.013,0.026,-1,Echolocation,/mnt/ubna_data_02_mir/recover-20221013/UBNA_001/20221012_030000.WAV,Telephone Field,recover-20221013,001,1795
213.7775,213.7861,29765,40544,Eptesicus serotinus,0.007,0.022,-1,Echolocation,/mnt/ubna_data_02_mir/recover-20221013/UBNA_001/20221012_030000.WAV,Telephone Field,recover-20221013,001,1795
213.7865,213.824,68437,81452,Rhinolophus ferrumequinum,0.023,0.023,-1,Echolocation,/mnt/ubna_data_02_mir/recover-20221013/UBNA_001/20221012_030000.WAV,Telephone Field,recover-20221013,001,1795
213.8585,213.8967,68437,81478,Rhinolophus ferrumequinum,0.023,0.023,-1,Echolocation,/mnt/ubna_data_02_mir/recover-20221013/UBNA_001/20221012_030000.WAV,Telephone Field,recover-20221013,001,1795
213.9045,213.9501,68437,83901,Rhinolophus ferrumequinum,0.07,0.07,-1,Echolocation,/mnt/ubna_data_02_mir/recover-20221013/UBNA_001/20221012_030000.WAV,Telephone Field,recover-20221013,001,1795
213.9305,213.9384,28046,41844,Eptesicus serotinus,0.008,0.024,-1,Echolocation,/mnt/ubna_data_02_mir/recover-20221013/UBNA_001/20221012_030000.WAV,Telephone Field,recover-20221013,001,1795
213.9315,213.9706,68437,81687,Rhinolophus ferrumequinum,0.021,0.022,-1,Echolocation,/mnt/ubna_data_02_mir/recover-20221013/UBNA_001/20221012_030000.WAV,Telephone Field,recover-20221013,001,1795
213.9415,213.95,25468,34121,Eptesicus serotinus,0.007,0.022,-1,Echolocation,/mnt/ubna_data_02_mir/recover-20221013/UBNA_001/20221012_030000.WAV,Telephone Field,recover-20221013,001,1795
214.0015,214.0089,46093,54953,Pipistrellus pipistrellus,0.015,0.022,-1,Echolocation,/mnt/ubna_data_02_mir/recover-20221013/UBNA_001/20221012_030000.WAV,Telephone Field,recover-20221013,001,1795
214.0015,214.0358,68437,79912,Rhinolophus ferrumequinum,0.041,0.041,-1,Echolocation,/mnt/ubna_data_02_mir/recover-20221013/UBNA_001/20221012_030000.WAV,Telephone Field,recover-20221013,001,1795
214.0015,214.0111,23750,30301,Nyctalus leisleri,0.017,0.045,-1,Echolocation,/mnt/ubna_data_02_mir/recover-20221013/UBNA_001/20221012_030000.WAV,Telephone Field,recover-20221013,001,1795
214.0085,214.0486,68437,82199,Rhinolophus ferrumequinum,0.027,0.027,-1,Echolocation,/mnt/ubna_data_02_mir/recover-20221013/UBNA_001/20221012_030000.WAV,Telephone Field,recover-20221013,001,1795
214.0285,214.0661,68437,81823,Rhinolophus ferrumequinum,0.022,0.022,-1,Echolocation,/mnt/ubna_data_02_mir/recover-20221013/UBNA_001/20221012_030000.WAV,Telephone Field,recover-20221013,001,1795
214.0365,214.0735,68437,82345,Rhinolophus ferrumequinum,0.025,0.025,-1,Echolocation,/mnt/ubna_data_02_mir/recover-20221013/UBNA_001/20221012_030000.WAV,Telephone Field,recover-20221013,001,1795
214.0665,214.0787,22031,25527,Nyctalus leisleri,0.014,0.022,-1,Echolocation,/mnt/ubna_data_02_mir/recover-20221013/UBNA_001/20221012_030000.WAV,Telephone Field,recover-20221013,001,1795
214.0825,214.1196,68437,81777,Rhinolophus ferrumequinum,0.023,0.023,-1,Echolocation,/mnt/ubna_data_02_mir/recover-20221013/UBNA_001/20221012_030000.WAV,Telephone Field,recover-20221013,001,1795
214.1285,214.1701,68437,83288,Rhinolophus ferrumequinum,0.034,0.034,-1,Echolocation,/mnt/ubna_data_02_mir/recover-20221013/UBNA_001/20221012_030000.WAV,Telephone Field,recover-20221013,001,1795
214.2195,214.2573,68437,82066,Rhinolophus ferrumequinum,0.022,0.022,-1,Echolocation,/mnt/ubna_data_02_mir/recover-20221013/UBNA_001/20221012_030000.WAV,Telephone Field,recover-20221013,001,1795
214.2575,214.2951,68437,82371,Rhinolophus ferrumequinum,0.022,0.022,-1,Echolocation,/mnt/ubna_data_02_mir/recover-20221013/UBNA_001/20221012_030000.WAV,Telephone Field,recover-20221013,001,1795
214.3145,214.354,68437,82642,Rhinolophus ferrumequinum,0.022,0.022,-1,Echolocation,/mnt/ubna_data_02_mir/recover-20221013/UBNA_001/20221012_030000.WAV,Telephone Field,recover-20221013,001,1795
214.3505,214.3897,68437,82145,Rhinolophus ferrumequinum,0.026,0.026,-1,Echolocation,/mnt/ubna_data_02_mir/recover-20221013/UBNA_001/20221012_030000.WAV,Telephone Field,recover-20221013,001,1795
214.3595,214.3965,68437,82027,Rhinolophus ferrumequinum,0.022,0.022,-1,Echolocation,/mnt/ubna_data_02_mir/recover-20221013/UBNA_001/20221012_030000.WAV,Telephone Field,recover-20221013,001,1795
214.3715,214.3853,15156,19375,Nyctalus noctula,0.029,0.042,-1,Echolocation,/mnt/ubna_data_02_mir/recover-20221013/UBNA_001/20221012_030000.WAV,Telephone Field,recover-20221013,001,1795
214.3845,214.3932,27187,38457,Eptesicus serotinus,0.009,0.023,-1,Echolocation,/mnt/ubna_data_02_mir/recover-20221013/UBNA_001/20221012_030000.WAV,Telephone Field,recover-20221013,001,1795
214.4195,214.44,18593,21529,Nyctalus noctula,0.017,0.029,-1,Echolocation,/mnt/ubna_data_02_mir/recover-20221013/UBNA_001/20221012_030000.WAV,Telephone Field,recover-20221013,001,1795
214.4665,214.4733,28046,41338,Eptesicus serotinus,0.006,0.023,-1,Echolocation,/mnt/ubna_data_02_mir/recover-20221013/UBNA_001/20221012_030000.WAV,Telephone Field,recover-20221013,001,1795
214.5175,214.525,33203,43532,Myotis daubentonii,0.009,0.021,-1,Echolocation,/mnt/ubna_data_02_mir/recover-20221013/UBNA_001/20221012_030000.WAV,Telephone Field,recover-20221013,001,1795
214.5375,214.5796,68437,83033,Rhinolophus ferrumequinum,0.048,0.048,-1,Echolocation,/mnt/ubna_data_02_mir/recover-20221013/UBNA_001/20221012_030000.WAV,Telephone Field,recover-20221013,001,1795
214.5435,214.5547,22031,26628,Nyctalus leisleri,0.011,0.022,-1,Echolocation,/mnt/ubna_data_02_mir/recover-20221013/UBNA_001/20221012_030000.WAV,Telephone Field,recover-20221013,001,1795
214.5865,214.6283,68437,82433,Rhinolophus ferrumequinum,0.023,0.023,-1,Echolocation,/mnt/ubna_data_02_mir/recover-20221013/UBNA_001/20221012_030000.WAV,Telephone Field,recover-20221013,001,1795
214.6655,214.7049,68437,82621,Rhinolophus ferrumequinum,0.022,0.022,-1,Echolocation,/mnt/ubna_data_02_mir/recover-20221013/UBNA_001/20221012_030000.WAV,Telephone Field,recover-20221013,001,1795
214.6935,214.7337,68437,82067,Rhinolophus ferrumequinum,0.023,0.023,-1,Echolocation,/mnt/ubna_data_02_mir/recover-20221013/UBNA_001/20221012_030000.WAV,Telephone Field,recover-20221013,001,1795
214.7095,214.7467,68437,82440,Rhinolophus ferrumequinum,0.023,0.024,-1,Echolocation,/mnt/ubna_data_02_mir/recover-20221013/UBNA_001/20221012_030000.WAV,Telephone Field,recover-20221013,001,1795
214.7095,214.7189,24609,31520,Nyctalus leisleri,0.009,0.025,-1,Echolocation,/mnt/ubna_data_02_mir/recover-20221013/UBNA_001/20221012_030000.WAV,Telephone Field,recover-20221013,001,1795
214.7255,214.7637,68437,81925,Rhinolophus ferrumequinum,0.024,0.024,-1,Echolocation,/mnt/ubna_data_02_mir/recover-20221013/UBNA_001/20221012_030000.WAV,Telephone Field,recover-20221013,001,1795
214.7355,214.7701,68437,81754,Rhinolophus ferrumequinum,0.021,0.021,-1,Echolocation,/mnt/ubna_data_02_mir/recover-20221013/UBNA_001/20221012_030000.WAV,Telephone Field,recover-20221013,001,1795
214.7515,214.7908,68437,82530,Rhinolophus ferrumequinum,0.023,0.023,-1,Echolocation,/mnt/ubna_data_02_mir/recover-20221013/UBNA_001/20221012_030000.WAV,Telephone Field,recover-20221013,001,1795
214.8065,214.8261,19453,22617,Nyctalus noctula,0.017,0.033,-1,Echolocation,/mnt/ubna_data_02_mir/recover-20221013/UBNA_001/20221012_030000.WAV,Telephone Field,recover-20221013,001,1795
214.8505,214.8864,68437,81355,Rhinolophus ferrumequinum,0.022,0.022,-1,Echolocation,/mnt/ubna_data_02_mir/recover-20221013/UBNA_001/20221012_030000.WAV,Telephone Field,recover-20221013,001,1795
214.8925,214.9012,28906,38872,Eptesicus serotinus,0.008,0.023,-1,Echolocation,/mnt/ubna_data_02_mir/recover-20221013/UBNA_001/20221012_030000.WAV,Telephone Field,recover-20221013,001,1795
214.9335,214.972,68437,81992,Rhinolophus ferrumequinum,0.021,0.021,-1,Echolocation,/mnt/ubna_data_02_mir/recover-20221013/UBNA_001/20221012_030000.WAV,Telephone Field,recover-20221013,001,1795
214.9545,214.9935,68437,82070,Rhinolophus ferrumequinum,0.022,0.022,-1,Echolocation,/mnt/ubna_data_02_mir/recover-20221013/UBNA_001/20221012_030000.WAV,Telephone Field,recover-20221013,001,1795
214.9985,215.0319,68437,80402,Rhinolophus ferrumequinum,0.021,0.022,-1,Echolocation,/mnt/ubna_data_02_mir/recover-20221013/UBNA_001/20221012_030000.WAV,Telephone Field,recover-20221013,001,1795
215.0245,215.0667,68437,82215,Rhinolophus ferrumequinum,0.023,0.023,-1,Echolocation,/mnt/ubna_data_02_mir/recover-20221013/UBNA_001/20221012_030000.WAV,Telephone Field,recover-20221013,001,1795
215.0375,215.0456,24609,32273,Nyctalus leisleri,0.006,0.023,-1,Echolocation,/mnt/ubna_data_02_mir/recover-20221013/UBNA_001/20221012_030000.WAV,Telephone Field,recover-20221013,001,1795
215.0455,215.0804,68437,81039,Rhinolophus ferrumequinum,0.022,0.022,-1,Echolocation,/mnt/ubna_data_02_mir/recover-20221013/UBNA_001/20221012_030000.WAV,Telephone Field,recover-20221013,001,1795
215.0655,215.102,68437,81922,Rhinolophus ferrumequinum,0.022,0.022,-1,Echolocation,/mnt/ubna_data_02_mir/recover-20221013/UBNA_001/20221012_030000.WAV,Telephone Field,recover-20221013,001,1795
215.0845,215.0954,24609,30660,Nyctalus leisleri,0.024,0.056,-1,Echolocation,/mnt/ubna_data_02_mir/recover-20221013/UBNA_001/20221012_030000.WAV,Telephone Field,recover-20221013,001,1795
215.1095,215.1179,28906,37384,Eptesicus serotinus,0.008,0.022,-1,Echolocation,/mnt/ubna_data_02_mir/recover-20221013/UBNA_001/20221012_030000.WAV,Telephone Field,recover-20221013,001,1795
215.1215,215.1427,19453,22089,Nyctalus leisleri,0.011,0.022,-1,Echolocation,/mnt/ubna_data_02_mir/recover-20221013/UBNA_001/20221012_030000.WAV,Telephone Field,recover-20221013,001,1795
215.1505,215.1585,28046,39084,Eptesicus serotinus,0.008,0.025,-1,Echolocation,/mnt/ubna_data_02_mir/recover-20221013/UBNA_001/20221012_030000.WAV,Telephone Field,recover-20221013,001,1795
215.1985,215.2187,18593,22178,Nyctalus noctula,0.035,0.057,-1,Echolocation,/mnt/ubna_data_02_mir/recover-20221013/UBNA_001/20221012_030000.WAV,Telephone Field,recover-20221013,001,1795
215.2065,215.2466,68437,82619,Rhinolophus ferrumequinum,0.023,0.023,-1,Echolocation,/mnt/ubna_data_02_mir/recover-20221013/UBNA_001/20221012_030000.WAV,Telephone Field,recover-20221013,001,1795
215.2125,215.223,22890,27733,Nyctalus leisleri,0.01,0.022,-1,Echolocation,/mnt/ubna_data_02_mir/recover-20221013/UBNA_001/20221012_030000.WAV,Telephone Field,recover-20221013,001,1795
215.2235,215.2305,28046,39967,Eptesicus serotinus,0.006,0.025,-1,Echolocation,/mnt/ubna_data_02_mir/recover-20221013/UBNA_001/20221012_030000.WAV,Telephone Field,recover-20221013,001,1795
215.2475,215.2626,41796,45234,Pipistrellus nathusii,0.019,0.036,-1,Echolocation,/mnt/ubna_data_02_mir/recover-20221013/UBNA_001/20221012_030000.WAV,Telephone Field,recover-20221013,001,1795
215.2505,215.2595,27187,36209,Eptesicus serotinus,0.008,0.022,-1,Echolocation,/mnt/ubna_data_02_mir/recover-20221013/UBNA_001/20221012_030000.WAV,Telephone Field,recover-20221013,001,1795
215.2595,215.2676,28906,37545,Eptesicus serotinus,0.007,0.022,-1,Echolocation,/mnt/ubna_data_02_mir/recover-20221013/UBNA_001/20221012_030000.WAV,Telephone Field,recover-20221013,001,1795
215.2615,215.2995,68437,82105,Rhinolophus ferrumequinum,0.022,0.022,-1,Echolocation,/mnt/ubna_data_02_mir/recover-20221013/UBNA_001/20221012_030000.WAV,Telephone Field,recover-20221013,001,1795
215.2885,215.299,22890,29193,Nyctalus leisleri,0.009,0.022,-1,Echolocation,/mnt/ubna_data_02_mir/recover-20221013/UBNA_001/20221012_030000.WAV,Telephone Field,recover-20221013,001,1795
215.3445,215.3822,68437,82123,Rhinolophus ferrumequinum,0.024,0.024,-1,Echolocation,/mnt/ubna_data_02_mir/recover-20221013/UBNA_001/20221012_030000.WAV,Telephone Field,recover-20221013,001,1795
215.3515,215.3885,68437,82004,Rhinolophus ferrumequinum,0.022,0.022,-1,Echolocation,/mnt/ubna_data_02_mir/recover-20221013/UBNA_001/20221012_030000.WAV,Telephone Field,recover-20221013,001,1795
215.3705,215.3904,20312,23131,Nyctalus leisleri,0.014,0.027,-1,Echolocation,/mnt/ubna_data_02_mir/recover-20221013/UBNA_001/20221012_030000.WAV,Telephone Field,recover-20221013,001,1795
215.3775,215.3854,28046,38658,Eptesicus serotinus,0.008,0.022,-1,Echolocation,/mnt/ubna_data_02_mir/recover-20221013/UBNA_001/20221012_030000.WAV,Telephone Field,recover-20221013,001,1795
215.4105,215.449,68437,82143,Rhinolophus ferrumequinum,0.023,0.023,-1,Echolocation,/mnt/ubna_data_02_mir/recover-20221013/UBNA_001/20221012_030000.WAV,Telephone Field,recover-20221013,001,1795
215.4115,215.4228,31484,38854,Eptesicus serotinus,0.015,0.037,-1,Echolocation,/mnt/ubna_data_02_mir/recover-20221013/UBNA_001/20221012_030000.WAV,Telephone Field,recover-20221013,001,1795
215.4165,215.4549,68437,82189,Rhinolophus ferrumequinum,0.023,0.023,-1,Echolocation,/mnt/ubna_data_02_mir/recover-20221013/UBNA_001/20221012_030000.WAV,Telephone Field,recover-20221013,001,1795
215.4555,215.4938,68437,81917,Rhinolophus ferrumequinum,0.022,0.022,-1,Echolocation,/mnt/ubna_data_02_mir/recover-20221013/UBNA_001/20221012_030000.WAV,Telephone Field,recover-20221013,001,1795
215.4585,215.466,46953,55838,Pipistrellus pipistrellus,0.02,0.024,-1,Echolocation,/mnt/ubna_data_02_mir/recover-20221013/UBNA_001/20221012_030000.WAV,Telephone Field,recover-20221013,001,1795
215.4785,215.5189,68437,82311,Rhinolophus ferrumequinum,0.035,0.035,-1,Echolocation,/mnt/ubna_data_02_mir/recover-20221013/UBNA_001/20221012_030000.WAV,Telephone Field,recover-20221013,001,1795
215.5085,215.526,18593,22284,Nyctalus noctula,0.012,0.022,-1,Echolocation,/mnt/ubna_data_02_mir/recover-20221013/UBNA_001/20221012_030000.WAV,Telephone Field,recover-20221013,001,1795
215.5285,215.5398,26328,33579,Eptesicus serotinus,0.012,0.024,-1,Echolocation,/mnt/ubna_data_02_mir/recover-20221013/UBNA_001/20221012_030000.WAV,Telephone Field,recover-20221013,001,1795
215.5505,215.5901,68437,82137,Rhinolophus ferrumequinum,0.034,0.035,-1,Echolocation,/mnt/ubna_data_02_mir/recover-20221013/UBNA_001/20221012_030000.WAV,Telephone Field,recover-20221013,001,1795
215.5675,215.577,24609,32360,Nyctalus leisleri,0.008,0.025,-1,Echolocation,/mnt/ubna_data_02_mir/recover-20221013/UBNA_001/20221012_030000.WAV,Telephone Field,recover-20221013,001,1795
215.5795,215.5924,22890,27754,Nyctalus leisleri,0.012,0.025,-1,Echolocation,/mnt/ubna_data_02_mir/recover-20221013/UBNA_001/20221012_030000.WAV,Telephone Field,recover-20221013,001,1795
215.5905,215.5985,27187,37916,Eptesicus serotinus,0.01,0.025,-1,Echolocation,/mnt/ubna_data_02_mir/recover-20221013/UBNA_001/20221012_030000.WAV,Telephone Field,recover-20221013,001,1795
215.6025,215.6394,68437,81440,Rhinolophus ferrumequinum,0.023,0.023,-1,Echolocation,/mnt/ubna_data_02_mir/recover-20221013/UBNA_001/20221012_030000.WAV,Telephone Field,recover-20221013,001,1795
215.6235,215.6605,68437,81979,Rhinolophus ferrumequinum,0.024,0.024,-1,Echolocation,/mnt/ubna_data_02_mir/recover-20221013/UBNA_001/20221012_030000.WAV,Telephone Field,recover-20221013,001,1795
215.6545,215.6653,46093,49808,Pipistrellus pipistrellus,0.029,0.032,-1,Echolocation,/mnt/ubna_data_02_mir/recover-20221013/UBNA_001/20221012_030000.WAV,Telephone Field,recover-20221013,001,1795
215.6555,215.6947,68437,82385,Rhinolophus ferrumequinum,0.024,0.024,-1,Echolocation,/mnt/ubna_data_02_mir/recover-20221013/UBNA_001/20221012_030000.WAV,Telephone Field,recover-20221013,001,1795
215.7125,215.7532,68437,82054,Rhinolophus ferrumequinum,0.021,0.021,-1,Echolocation,/mnt/ubna_data_02_mir/recover-20221013/UBNA_001/20221012_030000.WAV,Telephone Field,recover-20221013,001,1795
215.7345,215.7445,23750,30424,Nyctalus leisleri,0.009,0.025,-1,Echolocation,/mnt/ubna_data_02_mir/recover-20221013/UBNA_001/20221012_030000.WAV,Telephone Field,recover-20221013,001,1795
215.7605,215.7986,68437,81960,Rhinolophus ferrumequinum,0.022,0.022,-1,Echolocation,/mnt/ubna_data_02_mir/recover-20221013/UBNA_001/20221012_030000.WAV,Telephone Field,recover-20221013,001,1795
215.7615,215.7727,37500,42391,Pipistrellus nathusii,0.015,0.025,-1,Echolocation,/mnt/ubna_data_02_mir/recover-20221013/UBNA_001/20221012_030000.WAV,Telephone Field,recover-20221013,001,1795
215.7775,215.8157,68437,82300,Rhinolophus ferrumequinum,0.021,0.021,-1,Echolocation,/mnt/ubna_data_02_mir/recover-20221013/UBNA_001/20221012_030000.WAV,Telephone Field,recover-20221013,001,1795
215.7805,215.7903,24609,31251,Eptesicus serotinus,0.008,0.024,-1,Echolocation,/mnt/ubna_data_02_mir/recover-20221013/UBNA_001/20221012_030000.WAV,Telephone Field,recover-20221013,001,1795
215.7995,215.8086,28046,35642,Eptesicus serotinus,0.02,0.04,-1,Echolocation,/mnt/ubna_data_02_mir/recover-20221013/UBNA_001/20221012_030000.WAV,Telephone Field,recover-20221013,001,1795
215.8565,215.8671,23750,29671,Nyctalus leisleri,0.011,0.026,-1,Echolocation,/mnt/ubna_data_02_mir/recover-20221013/UBNA_001/20221012_030000.WAV,Telephone Field,recover-20221013,001,1795
215.8615,215.9007,68437,82329,Rhinolophus ferrumequinum,0.024,0.024,-1,Echolocation,/mnt/ubna_data_02_mir/recover-20221013/UBNA_001/20221012_030000.WAV,Telephone Field,recover-20221013,001,1795
215.8965,215.9373,68437,82072,Rhinolophus ferrumequinum,0.026,0.026,-1,Echolocation,/mnt/ubna_data_02_mir/recover-20221013/UBNA_001/20221012_030000.WAV,Telephone Field,recover-20221013,001,1795
215.9525,215.9911,68437,82095,Rhinolophus ferrumequinum,0.024,0.024,-1,Echolocation,/mnt/ubna_data_02_mir/recover-20221013/UBNA_001/20221012_030000.WAV,Telephone Field,recover-20221013,001,1795
215.9765,215.9877,23750,30121,Nyctalus leisleri,0.011,0.026,-1,Echolocation,/mnt/ubna_data_02_mir/recover-20221013/UBNA_001/20221012_030000.WAV,Telephone Field,recover-20221013,001,1795
216.0015,216.0162,21171,24586,Nyctalus leisleri,0.047,0.073,-1,Echolocation,/mnt/ubna_data_02_mir/recover-20221013/UBNA_001/20221012_030000.WAV,Telephone Field,recover-20221013,001,1795
216.0015,216.0125,48671,53057,Pipistrellus pipistrellus,0.018,0.024,-1,Echolocation,/mnt/ubna_data_02_mir/recover-20221013/UBNA_001/20221012_030000.WAV,Telephone Field,recover-20221013,001,1795
216.0015,216.0316,69296,81453,Rhinolophus ferrumequinum,0.031,0.031,-1,Echolocation,/mnt/ubna_data_02_mir/recover-20221013/UBNA_001/20221012_030000.WAV,Telephone Field,recover-20221013,001,1795
216.0155,216.0593,68437,83258,Rhinolophus ferrumequinum,0.023,0.023,-1,Echolocation,/mnt/ubna_data_02_mir/recover-20221013/UBNA_001/20221012_030000.WAV,Telephone Field,recover-20221013,001,1795
216.0585,216.0968,68437,82684,Rhinolophus ferrumequinum,0.024,0.024,-1,Echolocation,/mnt/ubna_data_02_mir/recover-20221013/UBNA_001/20221012_030000.WAV,Telephone Field,recover-20221013,001,1795
216.0655,216.0784,24609,29128,Nyctalus leisleri,0.018,0.032,-1,Echolocation,/mnt/ubna_data_02_mir/recover-20221013/UBNA_001/20221012_030000.WAV,Telephone Field,recover-20221013,001,1795
216.0705,216.1102,68437,82361,Rhinolophus ferrumequinum,0.022,0.022,-1,Echolocation,/mnt/ubna_data_02_mir/recover-20221013/UBNA_001/20221012_030000.WAV,Telephone Field,recover-20221013,001,1795
216.1065,216.1427,68437,80868,Rhinolophus ferrumequinum,0.022,0.022,-1,Echolocation,/mnt/ubna_data_02_mir/recover-20221013/UBNA_001/20221012_030000.WAV,Telephone Field,recover-20221013,001,1795
216.1135,216.1472,68437,80394,Rhinolophus ferrumequinum,0.029,0.03,-1,Echolocation,/mnt/ubna_data_02_mir/recover-20221013/UBNA_001/20221012_030000.WAV,Telephone Field,recover-20221013,001,1795
216.1335,216.1423,47812,53647,Pipistrellus pipistrellus,0.02,0.022,-1,Echolocation,/mnt/ubna_data_02_mir/recover-20221013/UBNA_001/20221012_030000.WAV,Telephone Field,recover-20221013,001,1795
216.1355,216.1792,68437,83106,Rhinolophus ferrumequinum,0.042,0.042,-1,Echolocation,/mnt/ubna_data_02_mir/recover-20221013/UBNA_001/20221012_030000.WAV,Telephone Field,recover-20221013,001,1795
216.1645,216.1737,23750,31752,Plecotus austriacus,0.009,0.027,-1,Echolocation,/mnt/ubna_data_02_mir/recover-20221013/UBNA_001/20221012_030000.WAV,Telephone Field,recover-20221013,001,1795
216.1925,216.2301,68437,81319,Rhinolophus ferrumequinum,0.024,0.024,-1,Echolocation,/mnt/ubna_data_02_mir/recover-20221013/UBNA_001/20221012_030000.WAV,Telephone Field,recover-20221013,001,1795
216.2075,216.2429,68437,81737,Rhinolophus ferrumequinum,0.027,0.028,-1,Echolocation,/mnt/ubna_data_02_mir/recover-20221013/UBNA_001/20221012_030000.WAV,Telephone Field,recover-20221013,001,1795
216.2115,216.2186,27187,39851,Eptesicus serotinus,0.007,0.026,-1,Echolocation,/mnt/ubna_data_02_mir/recover-20221013/UBNA_001/20221012_030000.WAV,Telephone Field,recover-20221013,001,1795
216.2235,216.2325,28906,37221,Eptesicus serotinus,0.009,0.028,-1,Echolocation,/mnt/ubna_data_02_mir/recover-20221013/UBNA_001/20221012_030000.WAV,Telephone Field,recover-20221013,001,1795
216.2355,216.2738,68437,81634,Rhinolophus ferrumequinum,0.024,0.024,-1,Echolocation,/mnt/ubna_data_02_mir/recover-20221013/UBNA_001/20221012_030000.WAV,Telephone Field,recover-20221013,001,1795
216.2545,216.2915,68437,81229,Rhinolophus ferrumequinum,0.022,0.022,-1,Echolocation,/mnt/ubna_data_02_mir/recover-20221013/UBNA_001/20221012_030000.WAV,Telephone Field,recover-20221013,001,1795
216.2635,216.303,68437,82558,Rhinolophus ferrumequinum,0.029,0.029,-1,Echolocation,/mnt/ubna_data_02_mir/recover-20221013/UBNA_001/20221012_030000.WAV,Telephone Field,recover-20221013,001,1795
216.2745,216.2821,28046,38505,Eptesicus serotinus,0.007,0.023,-1,Echolocation,/mnt/ubna_data_02_mir/recover-20221013/UBNA_001/20221012_030000.WAV,Telephone Field,recover-20221013,001,1795
216.2805,216.3193,68437,82396,Rhinolophus ferrumequinum,0.024,0.024,-1,Echolocation,/mnt/ubna_data_02_mir/recover-20221013/UBNA_001/20221012_030000.WAV,Telephone Field,recover-20221013,001,1795
216.2875,216.3262,68437,82213,Rhinolophus ferrumequinum,0.023,0.023,-1,Echolocation,/mnt/ubna_data_02_mir/recover-20221013/UBNA_001/20221012_030000.WAV,Telephone Field,recover-20221013,001,1795
216.3075,216.3472,68437,82277,Rhinolophus ferrumequinum,0.029,0.029,-1,Echolocation,/mnt/ubna_data_02_mir/recover-20221013/UBNA_001/20221012_030000.WAV,Telephone Field,recover-20221013,001,1795
216.3185,216.3558,68437,82340,Rhinolophus ferrumequinum,0.023,0.023,-1,Echolocation,/mnt/ubna_data_02_mir/recover-20221013/UBNA_001/20221012_030000.WAV,Telephone Field,recover-20221013,001,1795
216.3445,216.386,68437,82476,Rhinolophus ferrumequinum,0.022,0.022,-1,Echolocation,/mnt/ubna_data_02_mir/recover-20221013/UBNA_001/20221012_030000.WAV,Telephone Field,recover-20221013,001,1795
216.3635,216.4036,68437,82416,Rhinolophus ferrumequinum,0.022,0.022,-1,Echolocation,/mnt/ubna_data_02_mir/recover-20221013/UBNA_001/20221012_030000.WAV,Telephone Field,recover-20221013,001,1795
216.3865,216.4217,68437,81239,Rhinolophus ferrumequinum,0.022,0.022,-1,Echolocation,/mnt/ubna_data_02_mir/recover-20221013/UBNA_001/20221012_030000.WAV,Telephone Field,recover-20221013,001,1795
216.3955,216.4022,28046,38658,Eptesicus serotinus,0.006,0.023,-1,Echolocation,/mnt/ubna_data_02_mir/recover-20221013/UBNA_001/20221012_030000.WAV,Telephone Field,recover-20221013,001,1795
216.4065,216.4152,44375,55003,Pipistrellus pipistrellus,0.014,0.023,-1,Echolocation,/mnt/ubna_data_02_mir/recover-20221013/UBNA_001/20221012_030000.WAV,Telephone Field,recover-20221013,001,1795
216.4365,216.4774,68437,82496,Rhinolophus ferrumequinum,0.026,0.026,-1,Echolocation,/mnt/ubna_data_02_mir/recover-20221013/UBNA_001/20221012_030000.WAV,Telephone Field,recover-20221013,001,1795
216.4625,216.4735,22890,28282,Nyctalus leisleri,0.012,0.025,-1,Echolocation,/mnt/ubna_data_02_mir/recover-20221013/UBNA_001/20221012_030000.WAV,Telephone Field,recover-20221013,001,1795
216.5065,216.5473,68437,82383,Rhinolophus ferrumequinum,0.022,0.022,-1,Echolocation,/mnt/ubna_data_02_mir/recover-20221013/UBNA_001/20221012_030000.WAV,Telephone Field,recover-20221013,001,1795
216.5575,216.5946,68437,81646,Rhinolophus ferrumequinum,0.023,0.023,-1,Echolocation,/mnt/ubna_data_02_mir/recover-20221013/UBNA_001/20221012_030000.WAV,Telephone Field,recover-20221013,001,1795
216.5845,216.5974,23750,28056,Nyctalus leisleri,0.017,0.034,-1,Echolocation,/mnt/ubna_data_02_mir/recover-20221013/UBNA_001/20221012_030000.WAV,Telephone Field,recover-20221013,001,1795
216.5995,216.6095,37500,44600,Barbastellus barbastellus,0.005,0.022,-1,Echolocation,/mnt/ubna_data_02_mir/recover-20221013/UBNA_001/20221012_030000.WAV,Telephone Field,recover-20221013,001,1795
216.6535,216.6928,68437,81926,Rhinolophus ferrumequinum,0.022,0.022,-1,Echolocation,/mnt/ubna_data_02_mir/recover-20221013/UBNA_001/20221012_030000.WAV,Telephone Field,recover-20221013,001,1795
216.6595,216.7,68437,82564,Rhinolophus ferrumequinum,0.023,0.023,-1,Echolocation,/mnt/ubna_data_02_mir/recover-20221013/UBNA_001/20221012_030000.WAV,Telephone Field,recover-20221013,001,1795
216.6805,216.687,27187,37149,Eptesicus serotinus,0.008,0.03,-1,Echolocation,/mnt/ubna_data_02_mir/recover-20221013/UBNA_001/20221012_030000.WAV,Telephone Field,recover-20221013,001,1795
216.7055,216.7472,68437,82937,Rhinolophus ferrumequinum,0.031,0.031,-1,Echolocation,/mnt/ubna_data_02_mir/recover-20221013/UBNA_001/20221012_030000.WAV,Telephone Field,recover-20221013,001,1795
216.7305,216.7709,68437,82626,Rhinolophus ferrumequinum,0.023,0.023,-1,Echolocation,/mnt/ubna_data_02_mir/recover-20221013/UBNA_001/20221012_030000.WAV,Telephone Field,recover-20221013,001,1795
216.7315,216.7387,27187,41374,Eptesicus serotinus,0.006,0.022,-1,Echolocation,/mnt/ubna_data_02_mir/recover-20221013/UBNA_001/20221012_030000.WAV,Telephone Field,recover-20221013,001,1795
216.7595,216.7678,25468,34725,Eptesicus serotinus,0.007,0.026,-1,Echolocation,/mnt/ubna_data_02_mir/recover-20221013/UBNA_001/20221012_030000.WAV,Telephone Field,recover-20221013,001,1795
216.7755,216.7831,28046,39422,Eptesicus serotinus,0.011,0.035,-1,Echolocation,/mnt/ubna_data_02_mir/recover-20221013/UBNA_001/20221012_030000.WAV,Telephone Field,recover-20221013,001,1795
216.8145,216.8231,27187,37123,Eptesicus serotinus,0.008,0.024,-1,Echolocation,/mnt/ubna_data_02_mir/recover-20221013/UBNA_001/20221012_030000.WAV,Telephone Field,recover-20221013,001,1795
216.8265,216.8657,68437,82522,Rhinolophus ferrumequinum,0.029,0.029,-1,Echolocation,/mnt/ubna_data_02_mir/recover-20221013/UBNA_001/20221012_030000.WAV,Telephone Field,recover-20221013,001,1795
216.8365,216.8483,22890,27853,Nyctalus leisleri,0.015,0.03,-1,Echolocation,/mnt/ubna_data_02_mir/recover-20221013/UBNA_001/20221012_030000.WAV,Telephone Field,recover-20221013,001,1795
216.8425,216.8485,46953,52263,Pipistrellus pipistrellus,0.02,0.022,-1,Echolocation,/mnt/ubna_data_02_mir/recover-20221013/UBNA_001/20221012_030000.WAV,Telephone Field,recover-20221013,001,1795
216.8585,216.8686,30625,39569,Eptesicus serotinus,0.012,0.032,-1,Echolocation,/mnt/ubna_data_02_mir/recover-20221013/UBNA_001/20221012_030000.WAV,Telephone Field,recover-20221013,001,1795
216.9155,216.9551,68437,82704,Rhinolophus ferrumequinum,0.024,0.024,-1,Echolocation,/mnt/ubna_data_02_mir/recover-20221013/UBNA_001/20221012_030000.WAV,Telephone Field,recover-20221013,001,1795
216.9475,216.9649,18593,22070,Nyctalus noctula,0.01,0.022,-1,Echolocation,/mnt/ubna_data_02_mir/recover-20221013/UBNA_001/20221012_030000.WAV,Telephone Field,recover-20221013,001,1795
216.9525,216.9935,68437,82537,Rhinolophus ferrumequinum,0.025,0.025,-1,Echolocation,/mnt/ubna_data_02_mir/recover-20221013/UBNA_001/20221012_030000.WAV,Telephone Field,recover-20221013,001,1795
216.9765,216.9869,28906,36660,Eptesicus serotinus,0.01,0.026,-1,Echolocation,/mnt/ubna_data_02_mir/recover-20221013/UBNA_001/20221012_030000.WAV,Telephone Field,recover-20221013,001,1795
216.9945,217.0036,26328,32979,Eptesicus serotinus,0.009,0.026,-1,Echolocation,/mnt/ubna_data_02_mir/recover-20221013/UBNA_001/20221012_030000.WAV,Telephone Field,recover-20221013,001,1795
217.0155,217.0547,68437,82098,Rhinolophus ferrumequinum,0.023,0.023,-1,Echolocation,/mnt/ubna_data_02_mir/recover-20221013/UBNA_001/20221012_030000.WAV,Telephone Field,recover-20221013,001,1795
217.0475,217.0864,68437,81755,Rhinolophus ferrumequinum,0.033,0.033,-1,Echolocation,/mnt/ubna_data_02_mir/recover-20221013/UBNA_001/20221012_030000.WAV,Telephone Field,recover-20221013,001,1795
217.05349999999999,217.0948,68437,82702,Rhinolophus ferrumequinum,0.029,0.029,-1,Echolocation,/mnt/ubna_data_02_mir/recover-20221013/UBNA_001/20221012_030000.WAV,Telephone Field,recover-20221013,001,1795
217.0675,217.0772,24609,32549,Eptesicus serotinus,0.01,0.025,-1,Echolocation,/mnt/ubna_data_02_mir/recover-20221013/UBNA_001/20221012_030000.WAV,Telephone Field,recover-20221013,001,1795
217.0735,217.0808,24609,33671,Plecotus austriacus,0.009,0.025,-1,Echolocation,/mnt/ubna_data_02_mir/recover-20221013/UBNA_001/20221012_030000.WAV,Telephone Field,recover-20221013,001,1795
217.0855,217.1277,68437,82692,Rhinolophus ferrumequinum,0.041,0.041,-1,Echolocation,/mnt/ubna_data_02_mir/recover-20221013/UBNA_001/20221012_030000.WAV,Telephone Field,recover-20221013,001,1795
217.1105,217.1186,28046,37779,Eptesicus serotinus,0.011,0.026,-1,Echolocation,/mnt/ubna_data_02_mir/recover-20221013/UBNA_001/20221012_030000.WAV,Telephone Field,recover-20221013,001,1795
217.1375,217.1763,68437,81761,Rhinolophus ferrumequinum,0.024,0.024,-1,Echolocation,/mnt/ubna_data_02_mir/recover-20221013/UBNA_001/20221012_030000.WAV,Telephone Field,recover-20221013,001,1795
217.1555,217.1941,68437,82424,Rhinolophus ferrumequinum,0.023,0.023,-1,Echolocation,/mnt/ubna_data_02_mir/recover-20221013/UBNA_001/20221012_030000.WAV,Telephone Field,recover-20221013,001,1795
217.1595,217.1663,24609,35753,Plecotus austriacus,0.009,0.026,-1,Echolocation,/mnt/ubna_data_02_mir/recover-20221013/UBNA_001/20221012_030000.WAV,Telephone Field,recover-20221013,001,1795
217.1755,217.1814,40078,59341,Myotis mystacinus,0.009,0.025,-1,Echolocation,/mnt/ubna_data_02_mir/recover-20221013/UBNA_001/20221012_030000.WAV,Telephone Field,recover-20221013,001,1795
217.1885,217.2248,68437,82147,Rhinolophus ferrumequinum,0.023,0.023,-1,Echolocation,/mnt/ubna_data_02_mir/recover-20221013/UBNA_001/20221012_030000.WAV,Telephone Field,recover-20221013,001,1795
217.2025,217.2426,68437,82619,Rhinolophus ferrumequinum,0.03,0.03,-1,Echolocation,/mnt/ubna_data_02_mir/recover-20221013/UBNA_001/20221012_030000.WAV,Telephone Field,recover-20221013,001,1795
217.2045,217.2156,22031,26991,Nyctalus leisleri,0.012,0.025,-1,Echolocation,/mnt/ubna_data_02_mir/recover-20221013/UBNA_001/20221012_030000.WAV,Telephone Field,recover-20221013,001,1795
217.2155,217.2534,68437,82368,Rhinolophus ferrumequinum,0.023,0.023,-1,Echolocation,/mnt/ubna_data_02_mir/recover-20221013/UBNA_001/20221012_030000.WAV,Telephone Field,recover-20221013,001,1795
217.2205,217.2603,68437,82494,Rhinolophus ferrumequinum,0.024,0.024,-1,Echolocation,/mnt/ubna_data_02_mir/recover-20221013/UBNA_001/20221012_030000.WAV,Telephone Field,recover-20221013,001,1795
217.2465,217.2871,68437,82327,Rhinolophus ferrumequinum,0.027,0.027,-1,Echolocation,/mnt/ubna_data_02_mir/recover-20221013/UBNA_001/20221012_030000.WAV,Telephone Field,recover-20221013,001,1795
217.2585,217.297,68437,82328,Rhinolophus ferrumequinum,0.024,0.024,-1,Echolocation,/mnt/ubna_data_02_mir/recover-20221013/UBNA_001/20221012_030000.WAV,Telephone Field,recover-20221013,001,1795
217.2965,217.3083,15156,21607,Nyctalus noctula,0.02,0.032,-1,Echolocation,/mnt/ubna_data_02_mir/recover-20221013/UBNA_001/20221012_030000.WAV,Telephone Field,recover-20221013,001,1795
217.3285,217.336,27187,38598,Eptesicus serotinus,0.006,0.022,-1,Echolocation,/mnt/ubna_data_02_mir/recover-20221013/UBNA_001/20221012_030000.WAV,Telephone Field,recover-20221013,001,1795
217.3295,217.3673,68437,81926,Rhinolophus ferrumequinum,0.023,0.023,-1,Echolocation,/mnt/ubna_data_02_mir/recover-20221013/UBNA_001/20221012_030000.WAV,Telephone Field,recover-20221013,001,1795
217.3655,217.4078,68437,83388,Rhinolophus ferrumequinum,0.048,0.048,-1,Echolocation,/mnt/ubna_data_02_mir/recover-20221013/UBNA_001/20221012_030000.WAV,Telephone Field,recover-20221013,001,1795
217.4115,217.422,22890,27659,Nyctalus leisleri,0.011,0.022,-1,Echolocation,/mnt/ubna_data_02_mir/recover-20221013/UBNA_001/20221012_030000.WAV,Telephone Field,recover-20221013,001,1795
217.4375,217.4753,68437,81135,Rhinolophus ferrumequinum,0.022,0.023,-1,Echolocation,/mnt/ubna_data_02_mir/recover-20221013/UBNA_001/20221012_030000.WAV,Telephone Field,recover-20221013,001,1795
217.4525,217.492,68437,82573,Rhinolophus ferrumequinum,0.025,0.025,-1,Echolocation,/mnt/ubna_data_02_mir/recover-20221013/UBNA_001/20221012_030000.WAV,Telephone Field,recover-20221013,001,1795
217.4845,217.4969,23750,28153,Nyctalus leisleri,0.013,0.024,-1,Echolocation,/mnt/ubna_data_02_mir/recover-20221013/UBNA_001/20221012_030000.WAV,Telephone Field,recover-20221013,001,1795
217.4965,217.5351,68437,82154,Rhinolophus ferrumequinum,0.027,0.027,-1,Echolocation,/mnt/ubna_data_02_mir/recover-20221013/UBNA_001/20221012_030000.WAV,Telephone Field,recover-20221013,001,1795
217.5195,217.5578,68437,81855,Rhinolophus ferrumequinum,0.027,0.027,-1,Echolocation,/mnt/ubna_data_02_mir/recover-20221013/UBNA_001/20221012_030000.WAV,Telephone Field,recover-20221013,001,1795
217.5375,217.5451,26328,37241,Eptesicus serotinus,0.006,0.022,-1,Echolocation,/mnt/ubna_data_02_mir/recover-20221013/UBNA_001/20221012_030000.WAV,Telephone Field,recover-20221013,001,1795
217.5505,217.5891,68437,82065,Rhinolophus ferrumequinum,0.024,0.024,-1,Echolocation,/mnt/ubna_data_02_mir/recover-20221013/UBNA_001/20221012_030000.WAV,Telephone Field,recover-20221013,001,1795
217.5595,217.6004,68437,82174,Rhinolophus ferrumequinum,0.022,0.022,-1,Echolocation,/mnt/ubna_data_02_mir/recover-20221013/UBNA_001/20221012_030000.WAV,Telephone Field,recover-20221013,001,1795
217.5885,217.5992,22890,27845,Nyctalus leisleri,0.012,0.025,-1,Echolocation,/mnt/ubna_data_02_mir/recover-20221013/UBNA_001/20221012_030000.WAV,Telephone Field,recover-20221013,001,1795
217.5905,217.629,68437,82449,Rhinolophus ferrumequinum,0.031,0.031,-1,Echolocation,/mnt/ubna_data_02_mir/recover-20221013/UBNA_001/20221012_030000.WAV,Telephone Field,recover-20221013,001,1795
217.6535,217.6937,68437,82717,Rhinolophus ferrumequinum,0.035,0.035,-1,Echolocation,/mnt/ubna_data_02_mir/recover-20221013/UBNA_001/20221012_030000.WAV,Telephone Field,recover-20221013,001,1795
217.6735,217.6845,36640,42604,Pipistrellus nathusii,0.008,0.022,-1,Echolocation,/mnt/ubna_data_02_mir/recover-20221013/UBNA_001/20221012_030000.WAV,Telephone Field,recover-20221013,001,1795
217.6755,217.7132,68437,81540,Rhinolophus ferrumequinum,0.022,0.022,-1,Echolocation,/mnt/ubna_data_02_mir/recover-20221013/UBNA_001/20221012_030000.WAV,Telephone Field,recover-20221013,001,1795
217.6805,217.6894,28906,38317,Eptesicus serotinus,0.009,0.028,-1,Echolocation,/mnt/ubna_data_02_mir/recover-20221013/UBNA_001/20221012_030000.WAV,Telephone Field,recover-20221013,001,1795
217.6895,217.7261,68437,82368,Rhinolophus ferrumequinum,0.023,0.023,-1,Echolocation,/mnt/ubna_data_02_mir/recover-20221013/UBNA_001/20221012_030000.WAV,Telephone Field,recover-20221013,001,1795
217.7085,217.746,68437,81778,Rhinolophus ferrumequinum,0.022,0.022,-1,Echolocation,/mnt/ubna_data_02_mir/recover-20221013/UBNA_001/20221012_030000.WAV,Telephone Field,recover-20221013,001,1795
217.7085,217.7214,14296,21001,Nyctalus noctula,0.024,0.039,-1,Echolocation,/mnt/ubna_data_02_mir/recover-20221013/UBNA_001/20221012_030000.WAV,Telephone Field,recover-20221013,001,1795
217.7235,217.7301,28906,38598,Eptesicus serotinus,0.006,0.026,-1,Echolocation,/mnt/ubna_data_02_mir/recover-20221013/UBNA_001/20221012_030000.WAV,Telephone Field,recover-20221013,001,1795
217.7265,217.7652,68437,82639,Rhinolophus ferrumequinum,0.026,0.026,-1,Echolocation,/mnt/ubna_data_02_mir/recover-20221013/UBNA_001/20221012_030000.WAV,Telephone Field,recover-20221013,001,1795
217.7355,217.7434,27187,40842,Eptesicus serotinus,0.007,0.022,-1,Echolocation,/mnt/ubna_data_02_mir/recover-20221013/UBNA_001/20221012_030000.WAV,Telephone Field,recover-20221013,001,1795
217.7555,217.7626,24609,34638,Plecotus austriacus,0.017,0.037,-1,Echolocation,/mnt/ubna_data_02_mir/recover-20221013/UBNA_001/20221012_030000.WAV,Telephone Field,recover-20221013,001,1795
217.7635,217.8034,68437,82246,Rhinolophus ferrumequinum,0.023,0.023,-1,Echolocation,/mnt/ubna_data_02_mir/recover-20221013/UBNA_001/20221012_030000.WAV,Telephone Field,recover-20221013,001,1795
217.7875,217.7977,28906,37389,Eptesicus serotinus,0.01,0.024,-1,Echolocation,/mnt/ubna_data_02_mir/recover-20221013/UBNA_001/20221012_030000.WAV,Telephone Field,recover-20221013,001,1795
217.7875,217.8304,68437,83172,Rhinolophus ferrumequinum,0.034,0.034,-1,Echolocation,/mnt/ubna_data_02_mir/recover-20221013/UBNA_001/20221012_030000.WAV,Telephone Field,recover-20221013,001,1795
217.80349999999999,217.8109,27187,41001,Eptesicus serotinus,0.009,0.028,-1,Echolocation,/mnt/ubna_data_02_mir/recover-20221013/UBNA_001/20221012_030000.WAV,Telephone Field,recover-20221013,001,1795
217.8045,217.8104,34921,42930,Myotis daubentonii,0.012,0.026,-1,Echolocation,/mnt/ubna_data_02_mir/recover-20221013/UBNA_001/20221012_030000.WAV,Telephone Field,recover-20221013,001,1795
217.8145,217.8507,68437,81777,Rhinolophus ferrumequinum,0.023,0.023,-1,Echolocation,/mnt/ubna_data_02_mir/recover-20221013/UBNA_001/20221012_030000.WAV,Telephone Field,recover-20221013,001,1795
217.8465,217.8854,68437,82651,Rhinolophus ferrumequinum,0.029,0.029,-1,Echolocation,/mnt/ubna_data_02_mir/recover-20221013/UBNA_001/20221012_030000.WAV,Telephone Field,recover-20221013,001,1795
217.8605,217.8999,68437,82049,Rhinolophus ferrumequinum,0.022,0.022,-1,Echolocation,/mnt/ubna_data_02_mir/recover-20221013/UBNA_001/20221012_030000.WAV,Telephone Field,recover-20221013,001,1795
217.8615,217.8716,22890,29643,Nyctalus leisleri,0.009,0.024,-1,Echolocation,/mnt/ubna_data_02_mir/recover-20221013/UBNA_001/20221012_030000.WAV,Telephone Field,recover-20221013,001,1795
217.8685,217.9085,68437,82100,Rhinolophus ferrumequinum,0.023,0.023,-1,Echolocation,/mnt/ubna_data_02_mir/recover-20221013/UBNA_001/20221012_030000.WAV,Telephone Field,recover-20221013,001,1795
217.8785,217.9167,68437,82778,Rhinolophus ferrumequinum,0.028,0.029,-1,Echolocation,/mnt/ubna_data_02_mir/recover-20221013/UBNA_001/20221012_030000.WAV,Telephone Field,recover-20221013,001,1795
217.8935,217.9336,68437,81989,Rhinolophus ferrumequinum,0.03,0.03,-1,Echolocation,/mnt/ubna_data_02_mir/recover-20221013/UBNA_001/20221012_030000.WAV,Telephone Field,recover-20221013,001,1795
217.9335,217.9745,68437,82533,Rhinolophus ferrumequinum,0.028,0.028,-1,Echolocation,/mnt/ubna_data_02_mir/recover-20221013/UBNA_001/20221012_030000.WAV,Telephone Field,recover-20221013,001,1795
217.9415,217.9526,22890,27453,Nyctalus leisleri,0.012,0.024,-1,Echolocation,/mnt/ubna_data_02_mir/recover-20221013/UBNA_001/20221012_030000.WAV,Telephone Field,recover-20221013,001,1795
217.9525,217.9899,68437,81609,Rhinolophus ferrumequinum,0.024,0.024,-1,Echolocation,/mnt/ubna_data_02_mir/recover-20221013/UBNA_001/20221012_030000.WAV,Telephone Field,recover-20221013,001,1795
217.9595,217.9925,68437,80669,Rhinolophus ferrumequinum,0.022,0.023,-1,Echolocation,/mnt/ubna_data_02_mir/recover-20221013/UBNA_001/20221012_030000.WAV,Telephone Field,recover-20221013,001,1795
217.9755,217.9838,27187,38534,Eptesicus serotinus,0.008,0.027,-1,Echolocation,/mnt/ubna_data_02_mir/recover-20221013/UBNA_001/20221012_030000.WAV,Telephone Field,recover-20221013,001,1795
218.0015,218.0166,18593,23960,Nyctalus noctula,0.014,0.029,-1,Echolocation,/mnt/ubna_data_02_mir/recover-20221013/UBNA_001/20221012_030000.WAV,Telephone Field,recover-20221013,001,1795
218.0015,218.0096,30625,40638,Myotis daubentonii,0.005,0.022,-1,Echolocation,/mnt/ubna_data_02_mir/recover-20221013/UBNA_001/20221012_030000.WAV,Telephone Field,recover-20221013,001,1795
218.0015,218.0335,69296,81341,Rhinolophus ferrumequinum,0.022,0.022,-1,Echolocation,/mnt/ubna_data_02_mir/recover-20221013/UBNA_001/20221012_030000.WAV,Telephone Field,recover-20221013,001,1795
218.0135,218.0226,28906,39118,Eptesicus serotinus,0.012,0.028,-1,Echolocation,/mnt/ubna_data_02_mir/recover-20221013/UBNA_001/20221012_030000.WAV,Telephone Field,recover-20221013,001,1795
218.0345,218.0435,28046,40162,Eptesicus serotinus,0.01,0.025,-1,Echolocation,/mnt/ubna_data_02_mir/recover-20221013/UBNA_001/20221012_030000.WAV,Telephone Field,recover-20221013,001,1795
218.0765,218.1102,68437,80687,Rhinolophus ferrumequinum,0.024,0.024,-1,Echolocation,/mnt/ubna_data_02_mir/recover-20221013/UBNA_001/20221012_030000.WAV,Telephone Field,recover-20221013,001,1795
218.0865,218.0984,14296,19513,Nyctalus noctula,0.016,0.027,-1,Echolocation,/mnt/ubna_data_02_mir/recover-20221013/UBNA_001/20221012_030000.WAV,Telephone Field,recover-20221013,001,1795
218.1045,218.1441,68437,81966,Rhinolophus ferrumequinum,0.024,0.024,-1,Echolocation,/mnt/ubna_data_02_mir/recover-20221013/UBNA_001/20221012_030000.WAV,Telephone Field,recover-20221013,001,1795
218.1275,218.1699,68437,82928,Rhinolophus ferrumequinum,0.033,0.033,-1,Echolocation,/mnt/ubna_data_02_mir/recover-20221013/UBNA_001/20221012_030000.WAV,Telephone Field,recover-20221013,001,1795
218.1395,218.1488,23750,31054,Nyctalus leisleri,0.007,0.022,-1,Echolocation,/mnt/ubna_data_02_mir/recover-20221013/UBNA_001/20221012_030000.WAV,Telephone Field,recover-20221013,001,1795
218.1605,218.1993,68437,82497,Rhinolophus ferrumequinum,0.023,0.024,-1,Echolocation,/mnt/ubna_data_02_mir/recover-20221013/UBNA_001/20221012_030000.WAV,Telephone Field,recover-20221013,001,1795
218.1685,218.1795,23750,29242,Nyctalus leisleri,0.011,0.024,-1,Echolocation,/mnt/ubna_data_02_mir/recover-20221013/UBNA_001/20221012_030000.WAV,Telephone Field,recover-20221013,001,1795
218.1815,218.2201,68437,81960,Rhinolophus ferrumequinum,0.023,0.023,-1,Echolocation,/mnt/ubna_data_02_mir/recover-20221013/UBNA_001/20221012_030000.WAV,Telephone Field,recover-20221013,001,1795
218.2255,218.2486,17734,20788,Nyctalus noctula,0.023,0.037,-1,Echolocation,/mnt/ubna_data_02_mir/recover-20221013/UBNA_001/20221012_030000.WAV,Telephone Field,recover-20221013,001,1795
218.2295,218.2661,68437,81938,Rhinolophus ferrumequinum,0.024,0.024,-1,Echolocation,/mnt/ubna_data_02_mir/recover-20221013/UBNA_001/20221012_030000.WAV,Telephone Field,recover-20221013,001,1795
218.2545,218.2931,68437,82311,Rhinolophus ferrumequinum,0.025,0.025,-1,Echolocation,/mnt/ubna_data_02_mir/recover-20221013/UBNA_001/20221012_030000.WAV,Telephone Field,recover-20221013,001,1795
218.2835,218.2912,28906,39165,Eptesicus serotinus,0.007,0.021,-1,Echolocation,/mnt/ubna_data_02_mir/recover-20221013/UBNA_001/20221012_030000.WAV,Telephone Field,recover-20221013,001,1795
218.2935,218.3307,68437,81657,Rhinolophus ferrumequinum,0.024,0.024,-1,Echolocation,/mnt/ubna_data_02_mir/recover-20221013/UBNA_001/20221012_030000.WAV,Telephone Field,recover-20221013,001,1795
218.3985,218.4347,68437,80706,Rhinolophus ferrumequinum,0.021,0.021,-1,Echolocation,/mnt/ubna_data_02_mir/recover-20221013/UBNA_001/20221012_030000.WAV,Telephone Field,recover-20221013,001,1795
218.4255,218.4359,22890,27462,Nyctalus leisleri,0.011,0.021,-1,Echolocation,/mnt/ubna_data_02_mir/recover-20221013/UBNA_001/20221012_030000.WAV,Telephone Field,recover-20221013,001,1795
218.42849999999999,218.4698,68437,83055,Rhinolophus ferrumequinum,0.029,0.029,-1,Echolocation,/mnt/ubna_data_02_mir/recover-20221013/UBNA_001/20221012_030000.WAV,Telephone Field,recover-20221013,001,1795
218.45850000000002,218.5009,68437,82766,Rhinolophus ferrumequinum,0.022,0.022,-1,Echolocation,/mnt/ubna_data_02_mir/recover-20221013/UBNA_001/20221012_030000.WAV,Telephone Field,recover-20221013,001,1795
218.4785,218.5183,68437,82734,Rhinolophus ferrumequinum,0.023,0.023,-1,Echolocation,/mnt/ubna_data_02_mir/recover-20221013/UBNA_001/20221012_030000.WAV,Telephone Field,recover-20221013,001,1795
218.4825,218.4901,28046,39826,Eptesicus serotinus,0.007,0.024,-1,Echolocation,/mnt/ubna_data_02_mir/recover-20221013/UBNA_001/20221012_030000.WAV,Telephone Field,recover-20221013,001,1795
218.4965,218.506,24609,33101,Nyctalus leisleri,0.007,0.025,-1,Echolocation,/mnt/ubna_data_02_mir/recover-20221013/UBNA_001/20221012_030000.WAV,Telephone Field,recover-20221013,001,1795
218.5135,218.5543,68437,82491,Rhinolophus ferrumequinum,0.022,0.022,-1,Echolocation,/mnt/ubna_data_02_mir/recover-20221013/UBNA_001/20221012_030000.WAV,Telephone Field,recover-20221013,001,1795
218.5195,218.5594,68437,82805,Rhinolophus ferrumequinum,0.022,0.022,-1,Echolocation,/mnt/ubna_data_02_mir/recover-20221013/UBNA_001/20221012_030000.WAV,Telephone Field,recover-20221013,001,1795
218.5655,218.6059,68437,82150,Rhinolophus ferrumequinum,0.024,0.024,-1,Echolocation,/mnt/ubna_data_02_mir/recover-20221013/UBNA_001/20221012_030000.WAV,Telephone Field,recover-20221013,001,1795
218.5705,218.6118,68437,82505,Rhinolophus ferrumequinum,0.023,0.023,-1,Echolocation,/mnt/ubna_data_02_mir/recover-20221013/UBNA_001/20221012_030000.WAV,Telephone Field,recover-20221013,001,1795
218.5895,218.6248,68437,81201,Rhinolophus ferrumequinum,0.023,0.023,-1,Echolocation,/mnt/ubna_data_02_mir/recover-20221013/UBNA_001/20221012_030000.WAV,Telephone Field,recover-20221013,001,1795
218.6045,218.6458,68437,82166,Rhinolophus ferrumequinum,0.023,0.023,-1,Echolocation,/mnt/ubna_data_02_mir/recover-20221013/UBNA_001/20221012_030000.WAV,Telephone Field,recover-20221013,001,1795
218.67849999999999,218.7174,68437,81990,Rhinolophus ferrumequinum,0.023,0.023,-1,Echolocation,/mnt/ubna_data_02_mir/recover-20221013/UBNA_001/20221012_030000.WAV,Telephone Field,recover-20221013,001,1795
218.6975,218.7144,21171,23860,Nyctalus leisleri,0.022,0.036,-1,Echolocation,/mnt/ubna_data_02_mir/recover-20221013/UBNA_001/20221012_030000.WAV,Telephone Field,recover-20221013,001,1795
218.7105,218.7471,68437,82462,Rhinolophus ferrumequinum,0.025,0.025,-1,Echolocation,/mnt/ubna_data_02_mir/recover-20221013/UBNA_001/20221012_030000.WAV,Telephone Field,recover-20221013,001,1795
218.7135,218.7243,22031,26451,Nyctalus leisleri,0.012,0.022,-1,Echolocation,/mnt/ubna_data_02_mir/recover-20221013/UBNA_001/20221012_030000.WAV,Telephone Field,recover-20221013,001,1795
218.7505,218.7889,68437,81632,Rhinolophus ferrumequinum,0.025,0.025,-1,Echolocation,/mnt/ubna_data_02_mir/recover-20221013/UBNA_001/20221012_030000.WAV,Telephone Field,recover-20221013,001,1795
218.7585,218.7999,68437,82301,Rhinolophus ferrumequinum,0.021,0.021,-1,Echolocation,/mnt/ubna_data_02_mir/recover-20221013/UBNA_001/20221012_030000.WAV,Telephone Field,recover-20221013,001,1795
218.7825,218.8174,68437,81341,Rhinolophus ferrumequinum,0.023,0.023,-1,Echolocation,/mnt/ubna_data_02_mir/recover-20221013/UBNA_001/20221012_030000.WAV,Telephone Field,recover-20221013,001,1795
218.7875,218.7963,29765,40004,Eptesicus serotinus,0.008,0.025,-1,Echolocation,/mnt/ubna_data_02_mir/recover-20221013/UBNA_001/20221012_030000.WAV,Telephone Field,recover-20221013,001,1795
218.7895,218.8269,68437,81474,Rhinolophus ferrumequinum,0.021,0.021,-1,Echolocation,/mnt/ubna_data_02_mir/recover-20221013/UBNA_001/20221012_030000.WAV,Telephone Field,recover-20221013,001,1795
218.80349999999999,218.8404,68437,81910,Rhinolophus ferrumequinum,0.022,0.022,-1,Echolocation,/mnt/ubna_data_02_mir/recover-20221013/UBNA_001/20221012_030000.WAV,Telephone Field,recover-20221013,001,1795
218.8355,218.8776,68437,83302,Rhinolophus ferrumequinum,0.038,0.038,-1,Echolocation,/mnt/ubna_data_02_mir/recover-20221013/UBNA_001/20221012_030000.WAV,Telephone Field,recover-20221013,001,1795
218.8515,218.861,28906,36540,Eptesicus serotinus,0.009,0.022,-1,Echolocation,/mnt/ubna_data_02_mir/recover-20221013/UBNA_001/20221012_030000.WAV,Telephone Field,recover-20221013,001,1795
218.8635,218.8714,23750,31582,Plecotus austriacus,0.009,0.024,-1,Echolocation,/mnt/ubna_data_02_mir/recover-20221013/UBNA_001/20221012_030000.WAV,Telephone Field,recover-20221013,001,1795
218.8715,218.9092,68437,81820,Rhinolophus ferrumequinum,0.023,0.023,-1,Echolocation,/mnt/ubna_data_02_mir/recover-20221013/UBNA_001/20221012_030000.WAV,Telephone Field,recover-20221013,001,1795
218.9265,218.9628,68437,82091,Rhinolophus ferrumequinum,0.022,0.022,-1,Echolocation,/mnt/ubna_data_02_mir/recover-20221013/UBNA_001/20221012_030000.WAV,Telephone Field,recover-20221013,001,1795
218.9415,218.9785,68437,81786,Rhinolophus ferrumequinum,0.021,0.021,-1,Echolocation,/mnt/ubna_data_02_mir/recover-20221013/UBNA_001/20221012_030000.WAV,Telephone Field,recover-20221013,001,1795
218.9615,218.9972,68437,81938,Rhinolophus ferrumequinum,0.022,0.022,-1,Echolocation,/mnt/ubna_data_02_mir/recover-20221013/UBNA_001/20221012_030000.WAV,Telephone Field,recover-20221013,001,1795
218.9805,219.0199,68437,82562,Rhinolophus ferrumequinum,0.024,0.024,-1,Echolocation,/mnt/ubna_data_02_mir/recover-20221013/UBNA_001/20221012_030000.WAV,Telephone Field,recover-20221013,001,1795
218.9945,219.0027,27187,38171,Eptesicus serotinus,0.008,0.025,-1,Echolocation,/mnt/ubna_data_02_mir/recover-20221013/UBNA_001/20221012_030000.WAV,Telephone Field,recover-20221013,001,1795
219.0235,219.0319,28906,36170,Eptesicus serotinus,0.009,0.025,-1,Echolocation,/mnt/ubna_data_02_mir/recover-20221013/UBNA_001/20221012_030000.WAV,Telephone Field,recover-20221013,001,1795
219.0585,219.06889999999999,27187,33534,Eptesicus serotinus,0.05,0.089,-1,Echolocation,/mnt/ubna_data_02_mir/recover-20221013/UBNA_001/20221012_030000.WAV,Telephone Field,recover-20221013,001,1795
219.0815,219.1213,68437,81863,Rhinolophus ferrumequinum,0.024,0.024,-1,Echolocation,/mnt/ubna_data_02_mir/recover-20221013/UBNA_001/20221012_030000.WAV,Telephone Field,recover-20221013,001,1795
219.0985,219.1396,68437,82623,Rhinolophus ferrumequinum,0.023,0.023,-1,Echolocation,/mnt/ubna_data_02_mir/recover-20221013/UBNA_001/20221012_030000.WAV,Telephone Field,recover-20221013,001,1795
219.1085,219.118,23750,31483,Nyctalus leisleri,0.008,0.025,-1,Echolocation,/mnt/ubna_data_02_mir/recover-20221013/UBNA_001/20221012_030000.WAV,Telephone Field,recover-20221013,001,1795
219.1185,219.1611,68437,83566,Rhinolophus ferrumequinum,0.032,0.032,-1,Echolocation,/mnt/ubna_data_02_mir/recover-20221013/UBNA_001/20221012_030000.WAV,Telephone Field,recover-20221013,001,1795
219.1585,219.1978,68437,81826,Rhinolophus ferrumequinum,0.023,0.023,-1,Echolocation,/mnt/ubna_data_02_mir/recover-20221013/UBNA_001/20221012_030000.WAV,Telephone Field,recover-20221013,001,1795
219.2035,219.2112,47812,54155,Pipistrellus pipistrellus,0.024,0.026,-1,Echolocation,/mnt/ubna_data_02_mir/recover-20221013/UBNA_001/20221012_030000.WAV,Telephone Field,recover-20221013,001,1795
219.2035,219.2426,68437,82288,Rhinolophus ferrumequinum,0.021,0.021,-1,Echolocation,/mnt/ubna_data_02_mir/recover-20221013/UBNA_001/20221012_030000.WAV,Telephone Field,recover-20221013,001,1795
219.2345,219.242,28046,37834,Eptesicus serotinus,0.012,0.031,-1,Echolocation,/mnt/ubna_data_02_mir/recover-20221013/UBNA_001/20221012_030000.WAV,Telephone Field,recover-20221013,001,1795
219.2635,219.2982,68437,81105,Rhinolophus ferrumequinum,0.023,0.024,-1,Echolocation,/mnt/ubna_data_02_mir/recover-20221013/UBNA_001/20221012_030000.WAV,Telephone Field,recover-20221013,001,1795
219.2735,219.3162,68437,82358,Rhinolophus ferrumequinum,0.029,0.029,-1,Echolocation,/mnt/ubna_data_02_mir/recover-20221013/UBNA_001/20221012_030000.WAV,Telephone Field,recover-20221013,001,1795
219.3005,219.3116,23750,28408,Nyctalus leisleri,0.013,0.024,-1,Echolocation,/mnt/ubna_data_02_mir/recover-20221013/UBNA_001/20221012_030000.WAV,Telephone Field,recover-20221013,001,1795
219.3195,219.3296,28046,36065,Eptesicus serotinus,0.009,0.021,-1,Echolocation,/mnt/ubna_data_02_mir/recover-20221013/UBNA_001/20221012_030000.WAV,Telephone Field,recover-20221013,001,1795
219.3365,219.3774,68437,82707,Rhinolophus ferrumequinum,0.022,0.022,-1,Echolocation,/mnt/ubna_data_02_mir/recover-20221013/UBNA_001/20221012_030000.WAV,Telephone Field,recover-20221013,001,1795
219.3495,219.3883,68437,82313,Rhinolophus ferrumequinum,0.024,0.024,-1,Echolocation,/mnt/ubna_data_02_mir/recover-20221013/UBNA_001/20221012_030000.WAV,Telephone Field,recover-20221013,001,1795
219.3825,219.419,68437,81388,Rhinolophus ferrumequinum,0.024,0.024,-1,Echolocation,/mnt/ubna_data_02_mir/recover-20221013/UBNA_001/20221012_030000.WAV,Telephone Field,recover-20221013,001,1795
219.3855,219.394,28046,38201,Eptesicus serotinus,0.008,0.022,-1,Echolocation,/mnt/ubna_data_02_mir/recover-20221013/UBNA_001/20221012_030000.WAV,Telephone Field,recover-20221013,001,1795
219.3935,219.4074,21171,24216,Nyctalus leisleri,0.013,0.021,-1,Echolocation,/mnt/ubna_data_02_mir/recover-20221013/UBNA_001/20221012_030000.WAV,Telephone Field,recover-20221013,001,1795
219.4035,219.4107,46953,51675,Pipistrellus pipistrellus,0.021,0.022,-1,Echolocation,/mnt/ubna_data_02_mir/recover-20221013/UBNA_001/20221012_030000.WAV,Telephone Field,recover-20221013,001,1795
219.41649999999998,219.4257,26328,34260,Eptesicus serotinus,0.033,0.068,-1,Echolocation,/mnt/ubna_data_02_mir/recover-20221013/UBNA_001/20221012_030000.WAV,Telephone Field,recover-20221013,001,1795
219.4185,219.4583,68437,82702,Rhinolophus ferrumequinum,0.025,0.025,-1,Echolocation,/mnt/ubna_data_02_mir/recover-20221013/UBNA_001/20221012_030000.WAV,Telephone Field,recover-20221013,001,1795
219.4475,219.4862,68437,82360,Rhinolophus ferrumequinum,0.026,0.026,-1,Echolocation,/mnt/ubna_data_02_mir/recover-20221013/UBNA_001/20221012_030000.WAV,Telephone Field,recover-20221013,001,1795
219.45850000000002,219.4686,25468,32892,Nyctalus leisleri,0.008,0.025,-1,Echolocation,/mnt/ubna_data_02_mir/recover-20221013/UBNA_001/20221012_030000.WAV,Telephone Field,recover-20221013,001,1795
219.5105,219.5482,68437,81716,Rhinolophus ferrumequinum,0.024,0.024,-1,Echolocation,/mnt/ubna_data_02_mir/recover-20221013/UBNA_001/20221012_030000.WAV,Telephone Field,recover-20221013,001,1795
219.5315,219.569,68437,81956,Rhinolophus ferrumequinum,0.024,0.024,-1,Echolocation,/mnt/ubna_data_02_mir/recover-20221013/UBNA_001/20221012_030000.WAV,Telephone Field,recover-20221013,001,1795
219.5375,219.5747,68437,81580,Rhinolophus ferrumequinum,0.023,0.023,-1,Echolocation,/mnt/ubna_data_02_mir/recover-20221013/UBNA_001/20221012_030000.WAV,Telephone Field,recover-20221013,001,1795
219.5565,219.5944,68437,82190,Rhinolophus ferrumequinum,0.025,0.025,-1,Echolocation,/mnt/ubna_data_02_mir/recover-20221013/UBNA_001/20221012_030000.WAV,Telephone Field,recover-20221013,001,1795
219.57150000000001,219.5817,24609,31084,Nyctalus leisleri,0.011,0.028,-1,Echolocation,/mnt/ubna_data_02_mir/recover-20221013/UBNA_001/20221012_030000.WAV,Telephone Field,recover-20221013,001,1795
219.5805,219.5984,21171,24486,Nyctalus leisleri,0.013,0.022,-1,Echolocation,/mnt/ubna_data_02_mir/recover-20221013/UBNA_001/20221012_030000.WAV,Telephone Field,recover-20221013,001,1795
219.5805,219.6228,68437,82675,Rhinolophus ferrumequinum,0.024,0.024,-1,Echolocation,/mnt/ubna_data_02_mir/recover-20221013/UBNA_001/20221012_030000.WAV,Telephone Field,recover-20221013,001,1795
219.5955,219.6343,68437,81200,Rhinolophus ferrumequinum,0.023,0.024,-1,Echolocation,/mnt/ubna_data_02_mir/recover-20221013/UBNA_001/20221012_030000.WAV,Telephone Field,recover-20221013,001,1795
219.6415,219.6519,22890,27644,Nyctalus leisleri,0.011,0.021,-1,Echolocation,/mnt/ubna_data_02_mir/recover-20221013/UBNA_001/20221012_030000.WAV,Telephone Field,recover-20221013,001,1795
219.6805,219.6875,23750,32551,Plecotus austriacus,0.014,0.029,-1,Echolocation,/mnt/ubna_data_02_mir/recover-20221013/UBNA_001/20221012_030000.WAV,Telephone Field,recover-20221013,001,1795
219.6975,219.7073,28046,35756,Eptesicus serotinus,0.009,0.024,-1,Echolocation,/mnt/ubna_data_02_mir/recover-20221013/UBNA_001/20221012_030000.WAV,Telephone Field,recover-20221013,001,1795
219.7065,219.7257,20312,23259,Nyctalus leisleri,0.014,0.023,-1,Echolocation,/mnt/ubna_data_02_mir/recover-20221013/UBNA_001/20221012_030000.WAV,Telephone Field,recover-20221013,001,1795
219.7235,219.7312,23750,31879,Plecotus austriacus,0.006,0.022,-1,Echolocation,/mnt/ubna_data_02_mir/recover-20221013/UBNA_001/20221012_030000.WAV,Telephone Field,recover-20221013,001,1795
219.8005,219.839,68437,82055,Rhinolophus ferrumequinum,0.021,0.021,-1,Echolocation,/mnt/ubna_data_02_mir/recover-20221013/UBNA_001/20221012_030000.WAV,Telephone Field,recover-20221013,001,1795
219.8065,219.8456,68437,82332,Rhinolophus ferrumequinum,0.022,0.022,-1,Echolocation,/mnt/ubna_data_02_mir/recover-20221013/UBNA_001/20221012_030000.WAV,Telephone Field,recover-20221013,001,1795
219.8285,219.8692,68437,83121,Rhinolophus ferrumequinum,0.037,0.037,-1,Echolocation,/mnt/ubna_data_02_mir/recover-20221013/UBNA_001/20221012_030000.WAV,Telephone Field,recover-20221013,001,1795
219.8315,219.8402,27187,36689,Eptesicus serotinus,0.007,0.021,-1,Echolocation,/mnt/ubna_data_02_mir/recover-20221013/UBNA_001/20221012_030000.WAV,Telephone Field,recover-20221013,001,1795
219.8665,219.9049,68437,81977,Rhinolophus ferrumequinum,0.021,0.021,-1,Echolocation,/mnt/ubna_data_02_mir/recover-20221013/UBNA_001/20221012_030000.WAV,Telephone Field,recover-20221013,001,1795
219.8795,219.8887,46953,51014,Pipistrellus pipistrellus,0.026,0.028,-1,Echolocation,/mnt/ubna_data_02_mir/recover-20221013/UBNA_001/20221012_030000.WAV,Telephone Field,recover-20221013,001,1795
219.8815,219.8893,28046,43938,Eptesicus serotinus,0.007,0.022,-1,Echolocation,/mnt/ubna_data_02_mir/recover-20221013/UBNA_001/20221012_030000.WAV,Telephone Field,recover-20221013,001,1795
219.8995,219.9352,68437,81443,Rhinolophus ferrumequinum,0.021,0.021,-1,Echolocation,/mnt/ubna_data_02_mir/recover-20221013/UBNA_001/20221012_030000.WAV,Telephone Field,recover-20221013,001,1795
219.9295,219.9695,68437,82521,Rhinolophus ferrumequinum,0.027,0.027,-1,Echolocation,/mnt/ubna_data_02_mir/recover-20221013/UBNA_001/20221012_030000.WAV,Telephone Field,recover-20221013,001,1795
219.9305,219.9394,28046,37447,Eptesicus serotinus,0.009,0.024,-1,Echolocation,/mnt/ubna_data_02_mir/recover-20221013/UBNA_001/20221012_030000.WAV,Telephone Field,recover-20221013,001,1795
219.9325,219.9417,41796,51595,Pipistrellus nathusii,0.008,0.024,-1,Echolocation,/mnt/ubna_data_02_mir/recover-20221013/UBNA_001/20221012_030000.WAV,Telephone Field,recover-20221013,001,1795
219.9445,219.9848,68437,82268,Rhinolophus ferrumequinum,0.022,0.022,-1,Echolocation,/mnt/ubna_data_02_mir/recover-20221013/UBNA_001/20221012_030000.WAV,Telephone Field,recover-20221013,001,1795
219.9515,219.9912,68437,82193,Rhinolophus ferrumequinum,0.022,0.022,-1,Echolocation,/mnt/ubna_data_02_mir/recover-20221013/UBNA_001/20221012_030000.WAV,Telephone Field,recover-20221013,001,1795
220.0015,220.0348,68437,80675,Rhinolophus ferrumequinum,0.04,0.041,-1,Echolocation,/mnt/ubna_data_02_mir/recover-20221013/UBNA_001/20221012_030000.WAV,Telephone Field,recover-20221013,001,1795
220.0015,220.0116,30625,37681,Eptesicus serotinus,0.008,0.022,-1,Echolocation,/mnt/ubna_data_02_mir/recover-20221013/UBNA_001/20221012_030000.WAV,Telephone Field,recover-20221013,001,1795
220.0105,220.0549,68437,82303,Rhinolophus ferrumequinum,0.035,0.035,-1,Echolocation,/mnt/ubna_data_02_mir/recover-20221013/UBNA_001/20221012_030000.WAV,Telephone Field,recover-20221013,001,1795
220.0175,220.0246,24609,35823,Plecotus austriacus,0.01,0.028,-1,Echolocation,/mnt/ubna_data_02_mir/recover-20221013/UBNA_001/20221012_030000.WAV,Telephone Field,recover-20221013,001,1795
220.0515,220.0946,68437,83065,Rhinolophus ferrumequinum,0.029,0.029,-1,Echolocation,/mnt/ubna_data_02_mir/recover-20221013/UBNA_001/20221012_030000.WAV,Telephone Field,recover-20221013,001,1795
220.0585,220.0988,68437,82608,Rhinolophus ferrumequinum,0.03,0.03,-1,Echolocation,/mnt/ubna_data_02_mir/recover-20221013/UBNA_001/20221012_030000.WAV,Telephone Field,recover-20221013,001,1795
220.0785,220.11860000000001,68437,82312,Rhinolophus ferrumequinum,0.023,0.023,-1,Echolocation,/mnt/ubna_data_02_mir/recover-20221013/UBNA_001/20221012_030000.WAV,Telephone Field,recover-20221013,001,1795
220.0795,220.08859999999999,28906,37664,Eptesicus serotinus,0.008,0.025,-1,Echolocation,/mnt/ubna_data_02_mir/recover-20221013/UBNA_001/20221012_030000.WAV,Telephone Field,recover-20221013,001,1795
220.0945,220.105,28906,36277,Eptesicus serotinus,0.011,0.027,-1,Echolocation,/mnt/ubna_data_02_mir/recover-20221013/UBNA_001/20221012_030000.WAV,Telephone Field,recover-20221013,001,1795
220.1105,220.1497,68437,82612,Rhinolophus ferrumequinum,0.026,0.026,-1,Echolocation,/mnt/ubna_data_02_mir/recover-20221013/UBNA_001/20221012_030000.WAV,Telephone Field,recover-20221013,001,1795
220.1425,220.1817,68437,81937,Rhinolophus ferrumequinum,0.023,0.023,-1,Echolocation,/mnt/ubna_data_02_mir/recover-20221013/UBNA_001/20221012_030000.WAV,Telephone Field,recover-20221013,001,1795
220.1675,220.1745,50390,57932,Pipistrellus pipistrellus,0.019,0.022,-1,Echolocation,/mnt/ubna_data_02_mir/recover-20221013/UBNA_001/20221012_030000.WAV,Telephone Field,recover-20221013,001,1795
220.1795,220.2194,68437,82573,Rhinolophus ferrumequinum,0.024,0.024,-1,Echolocation,/mnt/ubna_data_02_mir/recover-20221013/UBNA_001/20221012_030000.WAV,Telephone Field,recover-20221013,001,1795
220.2175,220.2264,25468,33318,Eptesicus serotinus,0.01,0.024,-1,Echolocation,/mnt/ubna_data_02_mir/recover-20221013/UBNA_001/20221012_030000.WAV,Telephone Field,recover-20221013,001,1795
220.2215,220.2606,68437,82303,Rhinolophus ferrumequinum,0.022,0.022,-1,Echolocation,/mnt/ubna_data_02_mir/recover-20221013/UBNA_001/20221012_030000.WAV,Telephone Field,recover-20221013,001,1795
220.2335,220.2739,68437,83204,Rhinolophus ferrumequinum,0.026,0.026,-1,Echolocation,/mnt/ubna_data_02_mir/recover-20221013/UBNA_001/20221012_030000.WAV,Telephone Field,recover-20221013,001,1795
220.2755,220.3166,68437,82974,Rhinolophus ferrumequinum,0.025,0.025,-1,Echolocation,/mnt/ubna_data_02_mir/recover-20221013/UBNA_001/20221012_030000.WAV,Telephone Field,recover-20221013,001,1795
220.2985,220.3066,27187,37548,Eptesicus serotinus,0.007,0.023,-1,Echolocation,/mnt/ubna_data_02_mir/recover-20221013/UBNA_001/20221012_030000.WAV,Telephone Field,recover-20221013,001,1795
220.3165,220.3542,68437,81056,Rhinolophus ferrumequinum,0.025,0.026,-1,Echolocation,/mnt/ubna_data_02_mir/recover-20221013/UBNA_001/20221012_030000.WAV,Telephone Field,recover-20221013,001,1795
220.3185,220.3275,28046,37339,Eptesicus serotinus,0.009,0.023,-1,Echolocation,/mnt/ubna_data_02_mir/recover-20221013/UBNA_001/20221012_030000.WAV,Telephone Field,recover-20221013,001,1795
220.3315,220.3684,68437,82177,Rhinolophus ferrumequinum,0.023,0.023,-1,Echolocation,/mnt/ubna_data_02_mir/recover-20221013/UBNA_001/20221012_030000.WAV,Telephone Field,recover-20221013,001,1795
220.3405,220.3794,68437,82556,Rhinolophus ferrumequinum,0.024,0.024,-1,Echolocation,/mnt/ubna_data_02_mir/recover-20221013/UBNA_001/20221012_030000.WAV,Telephone Field,recover-20221013,001,1795
220.3415,220.3508,25468,33869,Eptesicus serotinus,0.01,0.026,-1,Echolocation,/mnt/ubna_data_02_mir/recover-20221013/UBNA_001/20221012_030000.WAV,Telephone Field,recover-20221013,001,1795
220.3475,220.3839,68437,81065,Rhinolophus ferrumequinum,0.026,0.026,-1,Echolocation,/mnt/ubna_data_02_mir/recover-20221013/UBNA_001/20221012_030000.WAV,Telephone Field,recover-20221013,001,1795
220.4085,220.4487,68437,81958,Rhinolophus ferrumequinum,0.023,0.023,-1,Echolocation,/mnt/ubna_data_02_mir/recover-20221013/UBNA_001/20221012_030000.WAV,Telephone Field,recover-20221013,001,1795
220.4125,220.4229,27187,35320,Eptesicus serotinus,0.011,0.024,-1,Echolocation,/mnt/ubna_data_02_mir/recover-20221013/UBNA_001/20221012_030000.WAV,Telephone Field,recover-20221013,001,1795
220.4415,220.4518,28046,35907,Eptesicus serotinus,0.009,0.024,-1,Echolocation,/mnt/ubna_data_02_mir/recover-20221013/UBNA_001/20221012_030000.WAV,Telephone Field,recover-20221013,001,1795
220.4725,220.5126,68437,82693,Rhinolophus ferrumequinum,0.025,0.025,-1,Echolocation,/mnt/ubna_data_02_mir/recover-20221013/UBNA_001/20221012_030000.WAV,Telephone Field,recover-20221013,001,1795
220.4865,220.5274,68437,82907,Rhinolophus ferrumequinum,0.022,0.022,-1,Echolocation,/mnt/ubna_data_02_mir/recover-20221013/UBNA_001/20221012_030000.WAV,Telephone Field,recover-20221013,001,1795
220.54149999999998,220.5828,68437,82120,Rhinolophus ferrumequinum,0.024,0.024,-1,Echolocation,/mnt/ubna_data_02_mir/recover-20221013/UBNA_001/20221012_030000.WAV,Telephone Field,recover-20221013,001,1795
220.5935,220.6294,68437,80806,Rhinolophus ferrumequinum,0.024,0.024,-1,Echolocation,/mnt/ubna_data_02_mir/recover-20221013/UBNA_001/20221012_030000.WAV,Telephone Field,recover-20221013,001,1795
220.6205,220.6619,68437,82270,Rhinolophus ferrumequinum,0.024,0.024,-1,Echolocation,/mnt/ubna_data_02_mir/recover-20221013/UBNA_001/20221012_030000.WAV,Telephone Field,recover-20221013,001,1795
220.6225,220.6326,58125,63569,Pipistrellus pygmaeus,0.022,0.022,-1,Echolocation,/mnt/ubna_data_02_mir/recover-20221013/UBNA_001/20221012_030000.WAV,Telephone Field,recover-20221013,001,1795
220.6615,220.6981,68437,81006,Rhinolophus ferrumequinum,0.027,0.027,-1,Echolocation,/mnt/ubna_data_02_mir/recover-20221013/UBNA_001/20221012_030000.WAV,Telephone Field,recover-20221013,001,1795
220.6755,220.6843,27187,36069,Eptesicus serotinus,0.01,0.023,-1,Echolocation,/mnt/ubna_data_02_mir/recover-20221013/UBNA_001/20221012_030000.WAV,Telephone Field,recover-20221013,001,1795
220.6935,220.7303,68437,82019,Rhinolophus ferrumequinum,0.042,0.042,-1,Echolocation,/mnt/ubna_data_02_mir/recover-20221013/UBNA_001/20221012_030000.WAV,Telephone Field,recover-20221013,001,1795
220.7275,220.7369,44375,55191,Pipistrellus pipistrellus,0.025,0.038,-1,Echolocation,/mnt/ubna_data_02_mir/recover-20221013/UBNA_001/20221012_030000.WAV,Telephone Field,recover-20221013,001,1795
220.7495,220.7599,28906,36545,Eptesicus serotinus,0.01,0.023,-1,Echolocation,/mnt/ubna_data_02_mir/recover-20221013/UBNA_001/20221012_030000.WAV,Telephone Field,recover-20221013,001,1795
220.7735,220.8143,68437,83337,Rhinolophus ferrumequinum,0.025,0.025,-1,Echolocation,/mnt/ubna_data_02_mir/recover-20221013/UBNA_001/20221012_030000.WAV,Telephone Field,recover-20221013,001,1795
220.7845,220.8261,68437,82632,Rhinolophus ferrumequinum,0.024,0.024,-1,Echolocation,/mnt/ubna_data_02_mir/recover-20221013/UBNA_001/20221012_030000.WAV,Telephone Field,recover-20221013,001,1795
220.7865,220.7979,23750,29895,Nyctalus leisleri,0.015,0.035,-1,Echolocation,/mnt/ubna_data_02_mir/recover-20221013/UBNA_001/20221012_030000.WAV,Telephone Field,recover-20221013,001,1795
220.8365,220.8434,28046,38664,Eptesicus serotinus,0.006,0.025,-1,Echolocation,/mnt/ubna_data_02_mir/recover-20221013/UBNA_001/20221012_030000.WAV,Telephone Field,recover-20221013,001,1795
220.8455,220.8819,68437,81742,Rhinolophus ferrumequinum,0.022,0.022,-1,Echolocation,/mnt/ubna_data_02_mir/recover-20221013/UBNA_001/20221012_030000.WAV,Telephone Field,recover-20221013,001,1795
220.8565,220.8955,68437,81894,Rhinolophus ferrumequinum,0.024,0.024,-1,Echolocation,/mnt/ubna_data_02_mir/recover-20221013/UBNA_001/20221012_030000.WAV,Telephone Field,recover-20221013,001,1795
220.8565,220.865,46093,54954,Pipistrellus pipistrellus,0.017,0.027,-1,Echolocation,/mnt/ubna_data_02_mir/recover-20221013/UBNA_001/20221012_030000.WAV,Telephone Field,recover-20221013,001,1795
220.8815,220.8896,28046,37850,Eptesicus serotinus,0.009,0.023,-1,Echolocation,/mnt/ubna_data_02_mir/recover-20221013/UBNA_001/20221012_030000.WAV,Telephone Field,recover-20221013,001,1795
220.9245,220.9689,68437,83421,Rhinolophus ferrumequinum,0.028,0.028,-1,Echolocation,/mnt/ubna_data_02_mir/recover-20221013/UBNA_001/20221012_030000.WAV,Telephone Field,recover-20221013,001,1795
220.9355,220.9795,68437,83247,Rhinolophus ferrumequinum,0.04,0.04,-1,Echolocation,/mnt/ubna_data_02_mir/recover-20221013/UBNA_001/20221012_030000.WAV,Telephone Field,recover-20221013,001,1795
220.9695,220.9785,25468,33205,Eptesicus serotinus,0.007,0.023,-1,Echolocation,/mnt/ubna_data_02_mir/recover-20221013/UBNA_001/20221012_030000.WAV,Telephone Field,recover-20221013,001,1795
220.9975,221.0094,25468,32014,Eptesicus serotinus,0.01,0.027,-1,Echolocation,/mnt/ubna_data_02_mir/recover-20221013/UBNA_001/20221012_030000.WAV,Telephone Field,recover-20221013,001,1795
221.0315,221.043,22890,27922,Nyctalus leisleri,0.012,0.024,-1,Echolocation,/mnt/ubna_data_02_mir/recover-20221013/UBNA_001/20221012_030000.WAV,Telephone Field,recover-20221013,001,1795
221.0315,221.0713,68437,81959,Rhinolophus ferrumequinum,0.03,0.03,-1,Echolocation,/mnt/ubna_data_02_mir/recover-20221013/UBNA_001/20221012_030000.WAV,Telephone Field,recover-20221013,001,1795
221.0375,221.0778,68437,82773,Rhinolophus ferrumequinum,0.029,0.029,-1,Echolocation,/mnt/ubna_data_02_mir/recover-20221013/UBNA_001/20221012_030000.WAV,Telephone Field,recover-20221013,001,1795
221.0445,221.0567,41796,46451,Pipistrellus nathusii,0.023,0.037,-1,Echolocation,/mnt/ubna_data_02_mir/recover-20221013/UBNA_001/20221012_030000.WAV,Telephone Field,recover-20221013,001,1795
221.0685,221.108,68437,82944,Rhinolophus ferrumequinum,0.023,0.023,-1,Echolocation,/mnt/ubna_data_02_mir/recover-20221013/UBNA_001/20221012_030000.WAV,Telephone Field,recover-20221013,001,1795
221.0845,221.1262,68437,82893,Rhinolophus ferrumequinum,0.026,0.026,-1,Echolocation,/mnt/ubna_data_02_mir/recover-20221013/UBNA_001/20221012_030000.WAV,Telephone Field,recover-20221013,001,1795
221.0875,221.0932,51250,57837,Pipistrellus pipistrellus,0.021,0.023,-1,Echolocation,/mnt/ubna_data_02_mir/recover-20221013/UBNA_001/20221012_030000.WAV,Telephone Field,recover-20221013,001,1795
221.0965,221.1091,35781,39997,Pipistrellus nathusii,0.028,0.095,-1,Echolocation,/mnt/ubna_data_02_mir/recover-20221013/UBNA_001/20221012_030000.WAV,Telephone Field,recover-20221013,001,1795
221.1015,221.1084,24609,34067,Plecotus austriacus,0.017,0.046,-1,Echolocation,/mnt/ubna_data_02_mir/recover-20221013/UBNA_001/20221012_030000.WAV,Telephone Field,recover-20221013,001,1795
221.1025,221.1443,68437,83163,Rhinolophus ferrumequinum,0.03,0.03,-1,Echolocation,/mnt/ubna_data_02_mir/recover-20221013/UBNA_001/20221012_030000.WAV,Telephone Field,recover-20221013,001,1795
221.1595,221.1998,68437,82056,Rhinolophus ferrumequinum,0.022,0.022,-1,Echolocation,/mnt/ubna_data_02_mir/recover-20221013/UBNA_001/20221012_030000.WAV,Telephone Field,recover-20221013,001,1795
221.1645,221.2048,68437,82283,Rhinolophus ferrumequinum,0.023,0.023,-1,Echolocation,/mnt/ubna_data_02_mir/recover-20221013/UBNA_001/20221012_030000.WAV,Telephone Field,recover-20221013,001,1795
221.1895,221.233,68437,83059,Rhinolophus ferrumequinum,0.039,0.039,-1,Echolocation,/mnt/ubna_data_02_mir/recover-20221013/UBNA_001/20221012_030000.WAV,Telephone Field,recover-20221013,001,1795
221.1895,221.1996,22031,27553,Nyctalus leisleri,0.01,0.024,-1,Echolocation,/mnt/ubna_data_02_mir/recover-20221013/UBNA_001/20221012_030000.WAV,Telephone Field,recover-20221013,001,1795
221.2135,221.2549,68437,82341,Rhinolophus ferrumequinum,0.031,0.031,-1,Echolocation,/mnt/ubna_data_02_mir/recover-20221013/UBNA_001/20221012_030000.WAV,Telephone Field,recover-20221013,001,1795
221.2235,221.2353,24609,31299,Eptesicus serotinus,0.013,0.038,-1,Echolocation,/mnt/ubna_data_02_mir/recover-20221013/UBNA_001/20221012_030000.WAV,Telephone Field,recover-20221013,001,1795
221.2405,221.2754,68437,81681,Rhinolophus ferrumequinum,0.023,0.023,-1,Echolocation,/mnt/ubna_data_02_mir/recover-20221013/UBNA_001/20221012_030000.WAV,Telephone Field,recover-20221013,001,1795
221.2545,221.2944,68437,81761,Rhinolophus ferrumequinum,0.026,0.026,-1,Echolocation,/mnt/ubna_data_02_mir/recover-20221013/UBNA_001/20221012_030000.WAV,Telephone Field,recover-20221013,001,1795
221.2575,221.2686,41796,49828,Pipistrellus nathusii,0.009,0.026,-1,Echolocation,/mnt/ubna_data_02_mir/recover-20221013/UBNA_001/20221012_030000.WAV,Telephone Field,recover-20221013,001,1795
221.2855,221.2952,28046,35574,Eptesicus serotinus,0.029,0.05,-1,Echolocation,/mnt/ubna_data_02_mir/recover-20221013/UBNA_001/20221012_030000.WAV,Telephone Field,recover-20221013,001,1795
221.3295,221.3684,68437,82365,Rhinolophus ferrumequinum,0.023,0.023,-1,Echolocation,/mnt/ubna_data_02_mir/recover-20221013/UBNA_001/20221012_030000.WAV,Telephone Field,recover-20221013,001,1795
221.3515,221.361,26328,35034,Eptesicus serotinus,0.011,0.024,-1,Echolocation,/mnt/ubna_data_02_mir/recover-20221013/UBNA_001/20221012_030000.WAV,Telephone Field,recover-20221013,001,1795
221.3785,221.4166,68437,81923,Rhinolophus ferrumequinum,0.023,0.023,-1,Echolocation,/mnt/ubna_data_02_mir/recover-20221013/UBNA_001/20221012_030000.WAV,Telephone Field,recover-20221013,001,1795
221.4115,221.4512,68437,82318,Rhinolophus ferrumequinum,0.029,0.029,-1,Echolocation,/mnt/ubna_data_02_mir/recover-20221013/UBNA_001/20221012_030000.WAV,Telephone Field,recover-20221013,001,1795
221.4355,221.4461,28046,35401,Eptesicus serotinus,0.011,0.025,-1,Echolocation,/mnt/ubna_data_02_mir/recover-20221013/UBNA_001/20221012_030000.WAV,Telephone Field,recover-20221013,001,1795
221.4395,221.4802,68437,82305,Rhinolophus ferrumequinum,0.027,0.027,-1,Echolocation,/mnt/ubna_data_02_mir/recover-20221013/UBNA_001/20221012_030000.WAV,Telephone Field,recover-20221013,001,1795
221.4515,221.4918,68437,82445,Rhinolophus ferrumequinum,0.029,0.029,-1,Echolocation,/mnt/ubna_data_02_mir/recover-20221013/UBNA_001/20221012_030000.WAV,Telephone Field,recover-20221013,001,1795
221.4845,221.5045,19453,22431,Nyctalus leisleri,0.012,0.023,-1,Echolocation,/mnt/ubna_data_02_mir/recover-20221013/UBNA_001/20221012_030000.WAV,Telephone Field,recover-20221013,001,1795
221.5015,221.5397,68437,81698,Rhinolophus ferrumequinum,0.024,0.024,-1,Echolocation,/mnt/ubna_data_02_mir/recover-20221013/UBNA_001/20221012_030000.WAV,Telephone Field,recover-20221013,001,1795
221.5095,221.5472,68437,81870,Rhinolophus ferrumequinum,0.023,0.023,-1,Echolocation,/mnt/ubna_data_02_mir/recover-20221013/UBNA_001/20221012_030000.WAV,Telephone Field,recover-20221013,001,1795
221.5125,221.5224,24609,31499,Eptesicus serotinus,0.009,0.027,-1,Echolocation,/mnt/ubna_data_02_mir/recover-20221013/UBNA_001/20221012_030000.WAV,Telephone Field,recover-20221013,001,1795
221.5205,221.5589,68437,82350,Rhinolophus ferrumequinum,0.022,0.023,-1,Echolocation,/mnt/ubna_data_02_mir/recover-20221013/UBNA_001/20221012_030000.WAV,Telephone Field,recover-20221013,001,1795
221.5285,221.5662,68437,81756,Rhinolophus ferrumequinum,0.026,0.026,-1,Echolocation,/mnt/ubna_data_02_mir/recover-20221013/UBNA_001/20221012_030000.WAV,Telephone Field,recover-20221013,001,1795
221.5555,221.5914,68437,80279,Rhinolophus ferrumequinum,0.024,0.024,-1,Echolocation,/mnt/ubna_data_02_mir/recover-20221013/UBNA_001/20221012_030000.WAV,Telephone Field,recover-20221013,001,1795
221.5635,221.5742,22890,29266,Nyctalus leisleri,0.012,0.029,-1,Echolocation,/mnt/ubna_data_02_mir/recover-20221013/UBNA_001/20221012_030000.WAV,Telephone Field,recover-20221013,001,1795
221.5755,221.5869,23750,28090,Nyctalus leisleri,0.015,0.026,-1,Echolocation,/mnt/ubna_data_02_mir/recover-20221013/UBNA_001/20221012_030000.WAV,Telephone Field,recover-20221013,001,1795
221.6625,221.7001,68437,81708,Rhinolophus ferrumequinum,0.023,0.023,-1,Echolocation,/mnt/ubna_data_02_mir/recover-20221013/UBNA_001/20221012_030000.WAV,Telephone Field,recover-20221013,001,1795
221.7145,221.757,68437,82596,Rhinolophus ferrumequinum,0.029,0.029,-1,Echolocation,/mnt/ubna_data_02_mir/recover-20221013/UBNA_001/20221012_030000.WAV,Telephone Field,recover-20221013,001,1795
221.7385,221.7786,68437,82509,Rhinolophus ferrumequinum,0.024,0.024,-1,Echolocation,/mnt/ubna_data_02_mir/recover-20221013/UBNA_001/20221012_030000.WAV,Telephone Field,recover-20221013,001,1795
221.7475,221.7552,28046,39965,Eptesicus serotinus,0.007,0.023,-1,Echolocation,/mnt/ubna_data_02_mir/recover-20221013/UBNA_001/20221012_030000.WAV,Telephone Field,recover-20221013,001,1795
221.7575,221.7668,45234,48533,Pipistrellus pipistrellus,0.027,0.028,-1,Echolocation,/mnt/ubna_data_02_mir/recover-20221013/UBNA_001/20221012_030000.WAV,Telephone Field,recover-20221013,001,1795
221.7655,221.804,68437,82271,Rhinolophus ferrumequinum,0.026,0.026,-1,Echolocation,/mnt/ubna_data_02_mir/recover-20221013/UBNA_001/20221012_030000.WAV,Telephone Field,recover-20221013,001,1795
221.7845,221.7953,23750,29012,Nyctalus leisleri,0.011,0.023,-1,Echolocation,/mnt/ubna_data_02_mir/recover-20221013/UBNA_001/20221012_030000.WAV,Telephone Field,recover-20221013,001,1795
221.8115,221.8221,45234,48840,Pipistrellus pipistrellus,0.027,0.029,-1,Echolocation,/mnt/ubna_data_02_mir/recover-20221013/UBNA_001/20221012_030000.WAV,Telephone Field,recover-20221013,001,1795
221.8195,221.8639,68437,83915,Rhinolophus ferrumequinum,0.04,0.04,-1,Echolocation,/mnt/ubna_data_02_mir/recover-20221013/UBNA_001/20221012_030000.WAV,Telephone Field,recover-20221013,001,1795
221.8395,221.8477,28046,38561,Eptesicus serotinus,0.008,0.023,-1,Echolocation,/mnt/ubna_data_02_mir/recover-20221013/UBNA_001/20221012_030000.WAV,Telephone Field,recover-20221013,001,1795
221.8475,221.8887,68437,82983,Rhinolophus ferrumequinum,0.026,0.027,-1,Echolocation,/mnt/ubna_data_02_mir/recover-20221013/UBNA_001/20221012_030000.WAV,Telephone Field,recover-20221013,001,1795
221.9185,221.959,68437,82996,Rhinolophus ferrumequinum,0.025,0.025,-1,Echolocation,/mnt/ubna_data_02_mir/recover-20221013/UBNA_001/20221012_030000.WAV,Telephone Field,recover-20221013,001,1795
221.9255,221.9339,28906,41179,Eptesicus serotinus,0.009,0.024,-1,Echolocation,/mnt/ubna_data_02_mir/recover-20221013/UBNA_001/20221012_030000.WAV,Telephone Field,recover-20221013,001,1795
222.0015,222.01839999999999,17734,22085,Nyctalus leisleri,0.013,0.031,-1,Echolocation,/mnt/ubna_data_02_mir/recover-20221013/UBNA_001/20221012_030000.WAV,Telephone Field,recover-20221013,001,1795
222.0015,222.0096,24609,34551,Nyctalus leisleri,0.01,0.032,-1,Echolocation,/mnt/ubna_data_02_mir/recover-20221013/UBNA_001/20221012_030000.WAV,Telephone Field,recover-20221013,001,1795
222.0015,222.0319,69296,81157,Rhinolophus ferrumequinum,0.033,0.033,-1,Echolocation,/mnt/ubna_data_02_mir/recover-20221013/UBNA_001/20221012_030000.WAV,Telephone Field,recover-20221013,001,1795
222.0165,222.0246,28046,37077,Eptesicus serotinus,0.008,0.022,-1,Echolocation,/mnt/ubna_data_02_mir/recover-20221013/UBNA_001/20221012_030000.WAV,Telephone Field,recover-20221013,001,1795
222.0675,222.073,36640,48119,Myotis daubentonii,0.009,0.021,-1,Echolocation,/mnt/ubna_data_02_mir/recover-20221013/UBNA_001/20221012_030000.WAV,Telephone Field,recover-20221013,001,1795
222.1085,222.147,68437,82329,Rhinolophus ferrumequinum,0.023,0.023,-1,Echolocation,/mnt/ubna_data_02_mir/recover-20221013/UBNA_001/20221012_030000.WAV,Telephone Field,recover-20221013,001,1795
222.1425,222.1791,68437,81187,Rhinolophus ferrumequinum,0.02,0.02,-1,Echolocation,/mnt/ubna_data_02_mir/recover-20221013/UBNA_001/20221012_030000.WAV,Telephone Field,recover-20221013,001,1795
222.2045,222.2152,28046,36438,Eptesicus serotinus,0.012,0.025,-1,Echolocation,/mnt/ubna_data_02_mir/recover-20221013/UBNA_001/20221012_030000.WAV,Telephone Field,recover-20221013,001,1795
222.2435,222.285,68437,83015,Rhinolophus ferrumequinum,0.029,0.029,-1,Echolocation,/mnt/ubna_data_02_mir/recover-20221013/UBNA_001/20221012_030000.WAV,Telephone Field,recover-20221013,001,1795
222.2725,222.3153,68437,83067,Rhinolophus ferrumequinum,0.033,0.033,-1,Echolocation,/mnt/ubna_data_02_mir/recover-20221013/UBNA_001/20221012_030000.WAV,Telephone Field,recover-20221013,001,1795
222.3165,222.3235,28046,40584,Eptesicus serotinus,0.007,0.022,-1,Echolocation,/mnt/ubna_data_02_mir/recover-20221013/UBNA_001/20221012_030000.WAV,Telephone Field,recover-20221013,001,1795
222.3185,222.3301,39218,42617,Pipistrellus nathusii,0.045,0.065,-1,Echolocation,/mnt/ubna_data_02_mir/recover-20221013/UBNA_001/20221012_030000.WAV,Telephone Field,recover-20221013,001,1795
222.3375,222.3726,68437,80705,Rhinolophus ferrumequinum,0.021,0.021,-1,Echolocation,/mnt/ubna_data_02_mir/recover-20221013/UBNA_001/20221012_030000.WAV,Telephone Field,recover-20221013,001,1795
222.3755,222.3851,28906,36234,Eptesicus serotinus,0.01,0.022,-1,Echolocation,/mnt/ubna_data_02_mir/recover-20221013/UBNA_001/20221012_030000.WAV,Telephone Field,recover-20221013,001,1795
222.4075,222.4461,68437,81830,Rhinolophus ferrumequinum,0.021,0.021,-1,Echolocation,/mnt/ubna_data_02_mir/recover-20221013/UBNA_001/20221012_030000.WAV,Telephone Field,recover-20221013,001,1795
222.4295,222.4374,44375,47921,Pipistrellus pipistrellus,0.026,0.027,-1,Echolocation,/mnt/ubna_data_02_mir/recover-20221013/UBNA_001/20221012_030000.WAV,Telephone Field,recover-20221013,001,1795
222.4445,222.4823,68437,81967,Rhinolophus ferrumequinum,0.021,0.021,-1,Echolocation,/mnt/ubna_data_02_mir/recover-20221013/UBNA_001/20221012_030000.WAV,Telephone Field,recover-20221013,001,1795
222.4615,222.4969,68437,81276,Rhinolophus ferrumequinum,0.022,0.022,-1,Echolocation,/mnt/ubna_data_02_mir/recover-20221013/UBNA_001/20221012_030000.WAV,Telephone Field,recover-20221013,001,1795
222.4725,222.5094,68437,81857,Rhinolophus ferrumequinum,0.031,0.031,-1,Echolocation,/mnt/ubna_data_02_mir/recover-20221013/UBNA_001/20221012_030000.WAV,Telephone Field,recover-20221013,001,1795
222.4965,222.5359,68437,82499,Rhinolophus ferrumequinum,0.022,0.022,-1,Echolocation,/mnt/ubna_data_02_mir/recover-20221013/UBNA_001/20221012_030000.WAV,Telephone Field,recover-20221013,001,1795
222.5325,222.5686,68437,81382,Rhinolophus ferrumequinum,0.02,0.021,-1,Echolocation,/mnt/ubna_data_02_mir/recover-20221013/UBNA_001/20221012_030000.WAV,Telephone Field,recover-20221013,001,1795
222.5615,222.5717,26328,34099,Eptesicus serotinus,0.01,0.021,-1,Echolocation,/mnt/ubna_data_02_mir/recover-20221013/UBNA_001/20221012_030000.WAV,Telephone Field,recover-20221013,001,1795
222.6025,222.6117,44375,53045,Pipistrellus pipistrellus,0.011,0.021,-1,Echolocation,/mnt/ubna_data_02_mir/recover-20221013/UBNA_001/20221012_030000.WAV,Telephone Field,recover-20221013,001,1795
222.6185,222.6539,68437,81313,Rhinolophus ferrumequinum,0.021,0.021,-1,Echolocation,/mnt/ubna_data_02_mir/recover-20221013/UBNA_001/20221012_030000.WAV,Telephone Field,recover-20221013,001,1795
222.6275,222.6458,20312,23582,Nyctalus leisleri,0.011,0.021,-1,Echolocation,/mnt/ubna_data_02_mir/recover-20221013/UBNA_001/20221012_030000.WAV,Telephone Field,recover-20221013,001,1795
222.6465,222.6552,28906,37265,Eptesicus serotinus,0.01,0.025,-1,Echolocation,/mnt/ubna_data_02_mir/recover-20221013/UBNA_001/20221012_030000.WAV,Telephone Field,recover-20221013,001,1795
222.6715,222.679,28046,39586,Eptesicus serotinus,0.007,0.022,-1,Echolocation,/mnt/ubna_data_02_mir/recover-20221013/UBNA_001/20221012_030000.WAV,Telephone Field,recover-20221013,001,1795
222.6875,222.695,28046,40989,Eptesicus serotinus,0.007,0.021,-1,Echolocation,/mnt/ubna_data_02_mir/recover-20221013/UBNA_001/20221012_030000.WAV,Telephone Field,recover-20221013,001,1795
222.7065,222.7458,68437,81656,Rhinolophus ferrumequinum,0.022,0.022,-1,Echolocation,/mnt/ubna_data_02_mir/recover-20221013/UBNA_001/20221012_030000.WAV,Telephone Field,recover-20221013,001,1795
222.7325,222.7441,22890,27397,Nyctalus leisleri,0.015,0.028,-1,Echolocation,/mnt/ubna_data_02_mir/recover-20221013/UBNA_001/20221012_030000.WAV,Telephone Field,recover-20221013,001,1795
222.7455,222.75900000000001,23750,28641,Nyctalus leisleri,0.016,0.032,-1,Echolocation,/mnt/ubna_data_02_mir/recover-20221013/UBNA_001/20221012_030000.WAV,Telephone Field,recover-20221013,001,1795
222.7675,222.8067,68437,81679,Rhinolophus ferrumequinum,0.021,0.021,-1,Echolocation,/mnt/ubna_data_02_mir/recover-20221013/UBNA_001/20221012_030000.WAV,Telephone Field,recover-20221013,001,1795
222.7675,222.7763,28906,39271,Eptesicus serotinus,0.029,0.048,-1,Echolocation,/mnt/ubna_data_02_mir/recover-20221013/UBNA_001/20221012_030000.WAV,Telephone Field,recover-20221013,001,1795
222.7855,222.8234,68437,81376,Rhinolophus ferrumequinum,0.02,0.02,-1,Echolocation,/mnt/ubna_data_02_mir/recover-20221013/UBNA_001/20221012_030000.WAV,Telephone Field,recover-20221013,001,1795
222.8885,222.9199,68437,79485,Rhinolophus ferrumequinum,0.024,0.025,-1,Echolocation,/mnt/ubna_data_02_mir/recover-20221013/UBNA_001/20221012_030000.WAV,Telephone Field,recover-20221013,001,1795
222.8945,222.902,28906,38180,Eptesicus serotinus,0.01,0.025,-1,Echolocation,/mnt/ubna_data_02_mir/recover-20221013/UBNA_001/20221012_030000.WAV,Telephone Field,recover-20221013,001,1795
222.9205,222.9561,68437,81336,Rhinolophus ferrumequinum,0.022,0.022,-1,Echolocation,/mnt/ubna_data_02_mir/recover-20221013/UBNA_001/20221012_030000.WAV,Telephone Field,recover-20221013,001,1795
222.9405,222.9797,68437,82545,Rhinolophus ferrumequinum,0.021,0.021,-1,Echolocation,/mnt/ubna_data_02_mir/recover-20221013/UBNA_001/20221012_030000.WAV,Telephone Field,recover-20221013,001,1795
222.9695,223.0066,68437,81411,Rhinolophus ferrumequinum,0.022,0.022,-1,Echolocation,/mnt/ubna_data_02_mir/recover-20221013/UBNA_001/20221012_030000.WAV,Telephone Field,recover-20221013,001,1795
222.9845,223.0012,21171,24382,Nyctalus leisleri,0.013,0.021,-1,Echolocation,/mnt/ubna_data_02_mir/recover-20221013/UBNA_001/20221012_030000.WAV,Telephone Field,recover-20221013,001,1795
222.9885,223.02870000000001,68437,81944,Rhinolophus ferrumequinum,0.022,0.022,-1,Echolocation,/mnt/ubna_data_02_mir/recover-20221013/UBNA_001/20221012_030000.WAV,Telephone Field,recover-20221013,001,1795
222.9895,222.9976,47812,54807,Pipistrellus pipistrellus,0.076,0.081,-1,Echolocation,/mnt/ubna_data_02_mir/recover-20221013/UBNA_001/20221012_030000.WAV,Telephone Field,recover-20221013,001,1795
223.0425,223.0807,68437,82003,Rhinolophus ferrumequinum,0.023,0.023,-1,Echolocation,/mnt/ubna_data_02_mir/recover-20221013/UBNA_001/20221012_030000.WAV,Telephone Field,recover-20221013,001,1795
223.0435,223.0528,28046,37901,Eptesicus serotinus,0.011,0.025,-1,Echolocation,/mnt/ubna_data_02_mir/recover-20221013/UBNA_001/20221012_030000.WAV,Telephone Field,recover-20221013,001,1795
223.0725,223.11430000000001,68437,82608,Rhinolophus ferrumequinum,0.022,0.022,-1,Echolocation,/mnt/ubna_data_02_mir/recover-20221013/UBNA_001/20221012_030000.WAV,Telephone Field,recover-20221013,001,1795
223.0735,223.0811,31484,43178,Myotis daubentonii,0.007,0.02,-1,Echolocation,/mnt/ubna_data_02_mir/recover-20221013/UBNA_001/20221012_030000.WAV,Telephone Field,recover-20221013,001,1795
223.0935,223.1327,68437,81859,Rhinolophus ferrumequinum,0.021,0.021,-1,Echolocation,/mnt/ubna_data_02_mir/recover-20221013/UBNA_001/20221012_030000.WAV,Telephone Field,recover-20221013,001,1795
223.1165,223.1234,27187,39160,Eptesicus serotinus,0.006,0.021,-1,Echolocation,/mnt/ubna_data_02_mir/recover-20221013/UBNA_001/20221012_030000.WAV,Telephone Field,recover-20221013,001,1795
223.1845,223.193,28046,38185,Eptesicus serotinus,0.012,0.028,-1,Echolocation,/mnt/ubna_data_02_mir/recover-20221013/UBNA_001/20221012_030000.WAV,Telephone Field,recover-20221013,001,1795
223.1945,223.2345,68437,82028,Rhinolophus ferrumequinum,0.021,0.021,-1,Echolocation,/mnt/ubna_data_02_mir/recover-20221013/UBNA_001/20221012_030000.WAV,Telephone Field,recover-20221013,001,1795
223.2355,223.2452,29765,38301,Eptesicus serotinus,0.012,0.025,-1,Echolocation,/mnt/ubna_data_02_mir/recover-20221013/UBNA_001/20221012_030000.WAV,Telephone Field,recover-20221013,001,1795
223.29149999999998,223.3332,68437,82691,Rhinolophus ferrumequinum,0.023,0.023,-1,Echolocation,/mnt/ubna_data_02_mir/recover-20221013/UBNA_001/20221012_030000.WAV,Telephone Field,recover-20221013,001,1795
223.3105,223.318,28046,40520,Eptesicus serotinus,0.008,0.025,-1,Echolocation,/mnt/ubna_data_02_mir/recover-20221013/UBNA_001/20221012_030000.WAV,Telephone Field,recover-20221013,001,1795
223.3125,223.3197,34062,41997,Myotis daubentonii,0.009,0.025,-1,Echolocation,/mnt/ubna_data_02_mir/recover-20221013/UBNA_001/20221012_030000.WAV,Telephone Field,recover-20221013,001,1795
223.32150000000001,223.3601,68437,82129,Rhinolophus ferrumequinum,0.02,0.02,-1,Echolocation,/mnt/ubna_data_02_mir/recover-20221013/UBNA_001/20221012_030000.WAV,Telephone Field,recover-20221013,001,1795
223.3465,223.3548,28046,39506,Eptesicus serotinus,0.008,0.023,-1,Echolocation,/mnt/ubna_data_02_mir/recover-20221013/UBNA_001/20221012_030000.WAV,Telephone Field,recover-20221013,001,1795
223.3585,223.3976,68437,82262,Rhinolophus ferrumequinum,0.021,0.021,-1,Echolocation,/mnt/ubna_data_02_mir/recover-20221013/UBNA_001/20221012_030000.WAV,Telephone Field,recover-20221013,001,1795
223.3815,223.3963,22890,27692,Nyctalus leisleri,0.021,0.041,-1,Echolocation,/mnt/ubna_data_02_mir/recover-20221013/UBNA_001/20221012_030000.WAV,Telephone Field,recover-20221013,001,1795
223.3865,223.4235,68437,82259,Rhinolophus ferrumequinum,0.021,0.021,-1,Echolocation,/mnt/ubna_data_02_mir/recover-20221013/UBNA_001/20221012_030000.WAV,Telephone Field,recover-20221013,001,1795
223.4095,223.4521,68437,82677,Rhinolophus ferrumequinum,0.023,0.023,-1,Echolocation,/mnt/ubna_data_02_mir/recover-20221013/UBNA_001/20221012_030000.WAV,Telephone Field,recover-20221013,001,1795
223.4305,223.4433,26328,33233,Eptesicus serotinus,0.022,0.038,-1,Echolocation,/mnt/ubna_data_02_mir/recover-20221013/UBNA_001/20221012_030000.WAV,Telephone Field,recover-20221013,001,1795
223.4485,223.4881,68437,82014,Rhinolophus ferrumequinum,0.022,0.022,-1,Echolocation,/mnt/ubna_data_02_mir/recover-20221013/UBNA_001/20221012_030000.WAV,Telephone Field,recover-20221013,001,1795
223.4555,223.4908,68437,81629,Rhinolophus ferrumequinum,0.02,0.021,-1,Echolocation,/mnt/ubna_data_02_mir/recover-20221013/UBNA_001/20221012_030000.WAV,Telephone Field,recover-20221013,001,1795
223.4675,223.4772,24609,31629,Eptesicus serotinus,0.008,0.024,-1,Echolocation,/mnt/ubna_data_02_mir/recover-20221013/UBNA_001/20221012_030000.WAV,Telephone Field,recover-20221013,001,1795
223.4895,223.4975,28046,38499,Eptesicus serotinus,0.01,0.025,-1,Echolocation,/mnt/ubna_data_02_mir/recover-20221013/UBNA_001/20221012_030000.WAV,Telephone Field,recover-20221013,001,1795
223.5205,223.5301,26328,34480,Eptesicus serotinus,0.008,0.022,-1,Echolocation,/mnt/ubna_data_02_mir/recover-20221013/UBNA_001/20221012_030000.WAV,Telephone Field,recover-20221013,001,1795
223.5295,223.5385,28906,38538,Eptesicus serotinus,0.01,0.024,-1,Echolocation,/mnt/ubna_data_02_mir/recover-20221013/UBNA_001/20221012_030000.WAV,Telephone Field,recover-20221013,001,1795
223.5345,223.5428,27187,36088,Eptesicus serotinus,0.009,0.024,-1,Echolocation,/mnt/ubna_data_02_mir/recover-20221013/UBNA_001/20221012_030000.WAV,Telephone Field,recover-20221013,001,1795
223.5425,223.5806,68437,82001,Rhinolophus ferrumequinum,0.022,0.022,-1,Echolocation,/mnt/ubna_data_02_mir/recover-20221013/UBNA_001/20221012_030000.WAV,Telephone Field,recover-20221013,001,1795
223.5705,223.6076,68437,81672,Rhinolophus ferrumequinum,0.02,0.02,-1,Echolocation,/mnt/ubna_data_02_mir/recover-20221013/UBNA_001/20221012_030000.WAV,Telephone Field,recover-20221013,001,1795
223.5725,223.5803,28046,38516,Eptesicus serotinus,0.008,0.024,-1,Echolocation,/mnt/ubna_data_02_mir/recover-20221013/UBNA_001/20221012_030000.WAV,Telephone Field,recover-20221013,001,1795
223.5815,223.6222,68437,82434,Rhinolophus ferrumequinum,0.023,0.023,-1,Echolocation,/mnt/ubna_data_02_mir/recover-20221013/UBNA_001/20221012_030000.WAV,Telephone Field,recover-20221013,001,1795
223.5845,223.5937,15156,23693,Nyctalus noctula,0.009,0.021,-1,Echolocation,/mnt/ubna_data_02_mir/recover-20221013/UBNA_001/20221012_030000.WAV,Telephone Field,recover-20221013,001,1795
223.6065,223.6443,68437,81898,Rhinolophus ferrumequinum,0.022,0.022,-1,Echolocation,/mnt/ubna_data_02_mir/recover-20221013/UBNA_001/20221012_030000.WAV,Telephone Field,recover-20221013,001,1795
223.6325,223.6692,68437,82341,Rhinolophus ferrumequinum,0.023,0.023,-1,Echolocation,/mnt/ubna_data_02_mir/recover-20221013/UBNA_001/20221012_030000.WAV,Telephone Field,recover-20221013,001,1795
223.6605,223.6701,25468,33574,Eptesicus serotinus,0.008,0.022,-1,Echolocation,/mnt/ubna_data_02_mir/recover-20221013/UBNA_001/20221012_030000.WAV,Telephone Field,recover-20221013,001,1795
223.6865,223.725,68437,81623,Rhinolophus ferrumequinum,0.02,0.02,-1,Echolocation,/mnt/ubna_data_02_mir/recover-20221013/UBNA_001/20221012_030000.WAV,Telephone Field,recover-20221013,001,1795
223.7115,223.7204,28046,37353,Eptesicus serotinus,0.008,0.022,-1,Echolocation,/mnt/ubna_data_02_mir/recover-20221013/UBNA_001/20221012_030000.WAV,Telephone Field,recover-20221013,001,1795
223.7545,223.7981,68437,83275,Rhinolophus ferrumequinum,0.025,0.025,-1,Echolocation,/mnt/ubna_data_02_mir/recover-20221013/UBNA_001/20221012_030000.WAV,Telephone Field,recover-20221013,001,1795
223.7755,223.7857,23750,29940,Nyctalus leisleri,0.01,0.025,-1,Echolocation,/mnt/ubna_data_02_mir/recover-20221013/UBNA_001/20221012_030000.WAV,Telephone Field,recover-20221013,001,1795
223.7875,223.8013,26328,31575,Eptesicus serotinus,0.03,0.067,-1,Echolocation,/mnt/ubna_data_02_mir/recover-20221013/UBNA_001/20221012_030000.WAV,Telephone Field,recover-20221013,001,1795
223.8425,223.8782,68437,81173,Rhinolophus ferrumequinum,0.022,0.022,-1,Echolocation,/mnt/ubna_data_02_mir/recover-20221013/UBNA_001/20221012_030000.WAV,Telephone Field,recover-20221013,001,1795
223.9125,223.9534,68437,81857,Rhinolophus ferrumequinum,0.021,0.021,-1,Echolocation,/mnt/ubna_data_02_mir/recover-20221013/UBNA_001/20221012_030000.WAV,Telephone Field,recover-20221013,001,1795
223.92849999999999,223.9361,28906,37910,Eptesicus serotinus,0.007,0.022,-1,Echolocation,/mnt/ubna_data_02_mir/recover-20221013/UBNA_001/20221012_030000.WAV,Telephone Field,recover-20221013,001,1795
223.9335,223.9446,51250,55798,Pipistrellus pipistrellus,0.024,0.03,-1,Echolocation,/mnt/ubna_data_02_mir/recover-20221013/UBNA_001/20221012_030000.WAV,Telephone Field,recover-20221013,001,1795
223.9565,223.9935,68437,81672,Rhinolophus ferrumequinum,0.02,0.02,-1,Echolocation,/mnt/ubna_data_02_mir/recover-20221013/UBNA_001/20221012_030000.WAV,Telephone Field,recover-20221013,001,1795
223.9865,223.9951,27187,38080,Eptesicus serotinus,0.009,0.024,-1,Echolocation,/mnt/ubna_data_02_mir/recover-20221013/UBNA_001/20221012_030000.WAV,Telephone Field,recover-20221013,001,1795
224.0015,224.0348,68437,79689,Rhinolophus ferrumequinum,0.043,0.043,-1,Echolocation,/mnt/ubna_data_02_mir/recover-20221013/UBNA_001/20221012_030000.WAV,Telephone Field,recover-20221013,001,1795
224.0015,224.0108,23750,30651,Nyctalus leisleri,0.01,0.029,-1,Echolocation,/mnt/ubna_data_02_mir/recover-20221013/UBNA_001/20221012_030000.WAV,Telephone Field,recover-20221013,001,1795
224.0015,224.0106,48671,53791,Pipistrellus pipistrellus,0.019,0.025,-1,Echolocation,/mnt/ubna_data_02_mir/recover-20221013/UBNA_001/20221012_030000.WAV,Telephone Field,recover-20221013,001,1795
224.0125,224.053,68437,82482,Rhinolophus ferrumequinum,0.021,0.021,-1,Echolocation,/mnt/ubna_data_02_mir/recover-20221013/UBNA_001/20221012_030000.WAV,Telephone Field,recover-20221013,001,1795
224.0265,224.0354,28046,36458,Eptesicus serotinus,0.007,0.02,-1,Echolocation,/mnt/ubna_data_02_mir/recover-20221013/UBNA_001/20221012_030000.WAV,Telephone Field,recover-20221013,001,1795
224.0395,224.0797,68437,82385,Rhinolophus ferrumequinum,0.022,0.022,-1,Echolocation,/mnt/ubna_data_02_mir/recover-20221013/UBNA_001/20221012_030000.WAV,Telephone Field,recover-20221013,001,1795
224.0735,224.0826,28906,38419,Eptesicus serotinus,0.007,0.021,-1,Echolocation,/mnt/ubna_data_02_mir/recover-20221013/UBNA_001/20221012_030000.WAV,Telephone Field,recover-20221013,001,1795
224.1155,224.1221,27187,42066,Eptesicus serotinus,0.006,0.021,-1,Echolocation,/mnt/ubna_data_02_mir/recover-20221013/UBNA_001/20221012_030000.WAV,Telephone Field,recover-20221013,001,1795
224.1225,224.1573,68437,80935,Rhinolophus ferrumequinum,0.021,0.021,-1,Echolocation,/mnt/ubna_data_02_mir/recover-20221013/UBNA_001/20221012_030000.WAV,Telephone Field,recover-20221013,001,1795
224.1315,224.1488,15156,19829,Nyctalus noctula,0.022,0.031,-1,Echolocation,/mnt/ubna_data_02_mir/recover-20221013/UBNA_001/20221012_030000.WAV,Telephone Field,recover-20221013,001,1795
224.1925,224.1996,24609,33795,Plecotus austriacus,0.008,0.021,-1,Echolocation,/mnt/ubna_data_02_mir/recover-20221013/UBNA_001/20221012_030000.WAV,Telephone Field,recover-20221013,001,1795
224.2145,224.2225,33203,45768,Myotis daubentonii,0.008,0.02,-1,Echolocation,/mnt/ubna_data_02_mir/recover-20221013/UBNA_001/20221012_030000.WAV,Telephone Field,recover-20221013,001,1795
224.2305,224.2704,68437,82553,Rhinolophus ferrumequinum,0.024,0.024,-1,Echolocation,/mnt/ubna_data_02_mir/recover-20221013/UBNA_001/20221012_030000.WAV,Telephone Field,recover-20221013,001,1795
224.2315,224.2389,32343,40840,Myotis daubentonii,0.01,0.023,-1,Echolocation,/mnt/ubna_data_02_mir/recover-20221013/UBNA_001/20221012_030000.WAV,Telephone Field,recover-20221013,001,1795
224.2645,224.2738,28906,38510,Eptesicus serotinus,0.009,0.024,-1,Echolocation,/mnt/ubna_data_02_mir/recover-20221013/UBNA_001/20221012_030000.WAV,Telephone Field,recover-20221013,001,1795
224.2945,224.3343,68437,82023,Rhinolophus ferrumequinum,0.027,0.027,-1,Echolocation,/mnt/ubna_data_02_mir/recover-20221013/UBNA_001/20221012_030000.WAV,Telephone Field,recover-20221013,001,1795
224.3095,224.3497,68437,81929,Rhinolophus ferrumequinum,0.023,0.023,-1,Echolocation,/mnt/ubna_data_02_mir/recover-20221013/UBNA_001/20221012_030000.WAV,Telephone Field,recover-20221013,001,1795
224.3275,224.334,28046,39473,Eptesicus serotinus,0.006,0.026,-1,Echolocation,/mnt/ubna_data_02_mir/recover-20221013/UBNA_001/20221012_030000.WAV,Telephone Field,recover-20221013,001,1795
224.3535,224.3646,29765,36583,Eptesicus serotinus,0.013,0.03,-1,Echolocation,/mnt/ubna_data_02_mir/recover-20221013/UBNA_001/20221012_030000.WAV,Telephone Field,recover-20221013,001,1795
224.3805,224.4225,68437,82469,Rhinolophus ferrumequinum,0.041,0.041,-1,Echolocation,/mnt/ubna_data_02_mir/recover-20221013/UBNA_001/20221012_030000.WAV,Telephone Field,recover-20221013,001,1795
224.4025,224.411,22890,29654,Plecotus austriacus,0.008,0.02,-1,Echolocation,/mnt/ubna_data_02_mir/recover-20221013/UBNA_001/20221012_030000.WAV,Telephone Field,recover-20221013,001,1795
224.4205,224.4581,68437,81477,Rhinolophus ferrumequinum,0.022,0.023,-1,Echolocation,/mnt/ubna_data_02_mir/recover-20221013/UBNA_001/20221012_030000.WAV,Telephone Field,recover-20221013,001,1795
224.4295,224.468,68437,81849,Rhinolophus ferrumequinum,0.023,0.023,-1,Echolocation,/mnt/ubna_data_02_mir/recover-20221013/UBNA_001/20221012_030000.WAV,Telephone Field,recover-20221013,001,1795
224.4295,224.4391,44375,52711,Pipistrellus pipistrellus,0.016,0.022,-1,Echolocation,/mnt/ubna_data_02_mir/recover-20221013/UBNA_001/20221012_030000.WAV,Telephone Field,recover-20221013,001,1795
224.45850000000002,224.4685,22890,30124,Nyctalus leisleri,0.009,0.028,-1,Echolocation,/mnt/ubna_data_02_mir/recover-20221013/UBNA_001/20221012_030000.WAV,Telephone Field,recover-20221013,001,1795
224.4825,224.5206,68437,81805,Rhinolophus ferrumequinum,0.021,0.021,-1,Echolocation,/mnt/ubna_data_02_mir/recover-20221013/UBNA_001/20221012_030000.WAV,Telephone Field,recover-20221013,001,1795
224.5215,224.5628,68437,81906,Rhinolophus ferrumequinum,0.024,0.024,-1,Echolocation,/mnt/ubna_data_02_mir/recover-20221013/UBNA_001/20221012_030000.WAV,Telephone Field,recover-20221013,001,1795
224.5465,224.5543,28046,39273,Eptesicus serotinus,0.008,0.025,-1,Echolocation,/mnt/ubna_data_02_mir/recover-20221013/UBNA_001/20221012_030000.WAV,Telephone Field,recover-20221013,001,1795
224.5555,224.5933,68437,81961,Rhinolophus ferrumequinum,0.026,0.026,-1,Echolocation,/mnt/ubna_data_02_mir/recover-20221013/UBNA_001/20221012_030000.WAV,Telephone Field,recover-20221013,001,1795
224.5645,224.6028,68437,82331,Rhinolophus ferrumequinum,0.027,0.027,-1,Echolocation,/mnt/ubna_data_02_mir/recover-20221013/UBNA_001/20221012_030000.WAV,Telephone Field,recover-20221013,001,1795
224.5675,224.5784,28046,35251,Eptesicus serotinus,0.009,0.022,-1,Echolocation,/mnt/ubna_data_02_mir/recover-20221013/UBNA_001/20221012_030000.WAV,Telephone Field,recover-20221013,001,1795
224.5865,224.6267,68437,83004,Rhinolophus ferrumequinum,0.026,0.026,-1,Echolocation,/mnt/ubna_data_02_mir/recover-20221013/UBNA_001/20221012_030000.WAV,Telephone Field,recover-20221013,001,1795
224.6375,224.6453,27187,40283,Eptesicus serotinus,0.006,0.021,-1,Echolocation,/mnt/ubna_data_02_mir/recover-20221013/UBNA_001/20221012_030000.WAV,Telephone Field,recover-20221013,001,1795
224.6555,224.6634,24609,32994,Plecotus austriacus,0.006,0.021,-1,Echolocation,/mnt/ubna_data_02_mir/recover-20221013/UBNA_001/20221012_030000.WAV,Telephone Field,recover-20221013,001,1795
224.6985,224.7061,27187,41587,Eptesicus serotinus,0.006,0.023,-1,Echolocation,/mnt/ubna_data_02_mir/recover-20221013/UBNA_001/20221012_030000.WAV,Telephone Field,recover-20221013,001,1795
224.7025,224.7426,68437,82288,Rhinolophus ferrumequinum,0.025,0.025,-1,Echolocation,/mnt/ubna_data_02_mir/recover-20221013/UBNA_001/20221012_030000.WAV,Telephone Field,recover-20221013,001,1795
224.7175,224.7574,68437,82257,Rhinolophus ferrumequinum,0.022,0.022,-1,Echolocation,/mnt/ubna_data_02_mir/recover-20221013/UBNA_001/20221012_030000.WAV,Telephone Field,recover-20221013,001,1795
224.7195,224.7307,23750,29295,Nyctalus leisleri,0.012,0.026,-1,Echolocation,/mnt/ubna_data_02_mir/recover-20221013/UBNA_001/20221012_030000.WAV,Telephone Field,recover-20221013,001,1795
224.7355,224.7459,22031,26434,Nyctalus leisleri,0.01,0.021,-1,Echolocation,/mnt/ubna_data_02_mir/recover-20221013/UBNA_001/20221012_030000.WAV,Telephone Field,recover-20221013,001,1795
224.7375,224.7463,28046,37063,Eptesicus serotinus,0.007,0.021,-1,Echolocation,/mnt/ubna_data_02_mir/recover-20221013/UBNA_001/20221012_030000.WAV,Telephone Field,recover-20221013,001,1795
224.7575,224.7937,68437,81846,Rhinolophus ferrumequinum,0.02,0.02,-1,Echolocation,/mnt/ubna_data_02_mir/recover-20221013/UBNA_001/20221012_030000.WAV,Telephone Field,recover-20221013,001,1795
224.7715,224.8128,68437,81770,Rhinolophus ferrumequinum,0.023,0.023,-1,Echolocation,/mnt/ubna_data_02_mir/recover-20221013/UBNA_001/20221012_030000.WAV,Telephone Field,recover-20221013,001,1795
224.7785,224.7861,28046,38501,Eptesicus serotinus,0.008,0.022,-1,Echolocation,/mnt/ubna_data_02_mir/recover-20221013/UBNA_001/20221012_030000.WAV,Telephone Field,recover-20221013,001,1795
224.8135,224.8204,26328,36526,Eptesicus serotinus,0.005,0.021,-1,Echolocation,/mnt/ubna_data_02_mir/recover-20221013/UBNA_001/20221012_030000.WAV,Telephone Field,recover-20221013,001,1795
224.8265,224.8399,56406,61279,Pipistrellus pygmaeus,0.033,0.034,-1,Echolocation,/mnt/ubna_data_02_mir/recover-20221013/UBNA_001/20221012_030000.WAV,Telephone Field,recover-20221013,001,1795
224.8525,224.8614,28906,38125,Eptesicus serotinus,0.008,0.021,-1,Echolocation,/mnt/ubna_data_02_mir/recover-20221013/UBNA_001/20221012_030000.WAV,Telephone Field,recover-20221013,001,1795
224.8565,224.8933,68437,81400,Rhinolophus ferrumequinum,0.021,0.021,-1,Echolocation,/mnt/ubna_data_02_mir/recover-20221013/UBNA_001/20221012_030000.WAV,Telephone Field,recover-20221013,001,1795
224.8605,224.8695,28046,36530,Eptesicus serotinus,0.007,0.021,-1,Echolocation,/mnt/ubna_data_02_mir/recover-20221013/UBNA_001/20221012_030000.WAV,Telephone Field,recover-20221013,001,1795
224.8985,224.9113,22890,27533,Nyctalus leisleri,0.014,0.026,-1,Echolocation,/mnt/ubna_data_02_mir/recover-20221013/UBNA_001/20221012_030000.WAV,Telephone Field,recover-20221013,001,1795
224.9425,224.9827,68437,82014,Rhinolophus ferrumequinum,0.02,0.02,-1,Echolocation,/mnt/ubna_data_02_mir/recover-20221013/UBNA_001/20221012_030000.WAV,Telephone Field,recover-20221013,001,1795
224.95850000000002,224.9961,68437,81761,Rhinolophus ferrumequinum,0.021,0.021,-1,Echolocation,/mnt/ubna_data_02_mir/recover-20221013/UBNA_001/20221012_030000.WAV,Telephone Field,recover-20221013,001,1795
224.9605,224.9693,27187,37754,Eptesicus serotinus,0.01,0.024,-1,Echolocation,/mnt/ubna_data_02_mir/recover-20221013/UBNA_001/20221012_030000.WAV,Telephone Field,recover-20221013,001,1795
224.9675,225.0008,68437,81338,Rhinolophus ferrumequinum,0.021,0.021,-1,Echolocation,/mnt/ubna_data_02_mir/recover-20221013/UBNA_001/20221012_030000.WAV,Telephone Field,recover-20221013,001,1795
224.9865,224.9948,50390,56001,Pipistrellus pipistrellus,0.026,0.03,-1,Echolocation,/mnt/ubna_data_02_mir/recover-20221013/UBNA_001/20221012_030000.WAV,Telephone Field,recover-20221013,001,1795
224.9885,225.0289,68437,81553,Rhinolophus ferrumequinum,0.022,0.022,-1,Echolocation,/mnt/ubna_data_02_mir/recover-20221013/UBNA_001/20221012_030000.WAV,Telephone Field,recover-20221013,001,1795
225.0115,225.0549,68437,82779,Rhinolophus ferrumequinum,0.022,0.022,-1,Echolocation,/mnt/ubna_data_02_mir/recover-20221013/UBNA_001/20221012_030000.WAV,Telephone Field,recover-20221013,001,1795
225.0165,225.0246,28046,39947,Eptesicus serotinus,0.008,0.023,-1,Echolocation,/mnt/ubna_data_02_mir/recover-20221013/UBNA_001/20221012_030000.WAV,Telephone Field,recover-20221013,001,1795
225.0615,225.069,48671,55670,Pipistrellus pipistrellus,0.019,0.022,-1,Echolocation,/mnt/ubna_data_02_mir/recover-20221013/UBNA_001/20221012_030000.WAV,Telephone Field,recover-20221013,001,1795
225.0965,225.1089,23750,29901,Nyctalus leisleri,0.011,0.027,-1,Echolocation,/mnt/ubna_data_02_mir/recover-20221013/UBNA_001/20221012_030000.WAV,Telephone Field,recover-20221013,001,1795
225.1045,225.14,68437,81532,Rhinolophus ferrumequinum,0.021,0.021,-1,Echolocation,/mnt/ubna_data_02_mir/recover-20221013/UBNA_001/20221012_030000.WAV,Telephone Field,recover-20221013,001,1795
225.1295,225.1707,68437,83079,Rhinolophus ferrumequinum,0.028,0.028,-1,Echolocation,/mnt/ubna_data_02_mir/recover-20221013/UBNA_001/20221012_030000.WAV,Telephone Field,recover-20221013,001,1795
225.1625,225.2013,68437,81420,Rhinolophus ferrumequinum,0.021,0.021,-1,Echolocation,/mnt/ubna_data_02_mir/recover-20221013/UBNA_001/20221012_030000.WAV,Telephone Field,recover-20221013,001,1795
225.1705,225.2101,68437,82289,Rhinolophus ferrumequinum,0.02,0.02,-1,Echolocation,/mnt/ubna_data_02_mir/recover-20221013/UBNA_001/20221012_030000.WAV,Telephone Field,recover-20221013,001,1795
225.2275,225.2419,15156,20965,Nyctalus noctula,0.016,0.023,-1,Echolocation,/mnt/ubna_data_02_mir/recover-20221013/UBNA_001/20221012_030000.WAV,Telephone Field,recover-20221013,001,1795
225.2595,225.2981,68437,81670,Rhinolophus ferrumequinum,0.021,0.021,-1,Echolocation,/mnt/ubna_data_02_mir/recover-20221013/UBNA_001/20221012_030000.WAV,Telephone Field,recover-20221013,001,1795
225.2655,225.2757,14296,23355,Nyctalus noctula,0.011,0.024,-1,Echolocation,/mnt/ubna_data_02_mir/recover-20221013/UBNA_001/20221012_030000.WAV,Telephone Field,recover-20221013,001,1795
225.2945,225.3348,68437,82677,Rhinolophus ferrumequinum,0.027,0.027,-1,Echolocation,/mnt/ubna_data_02_mir/recover-20221013/UBNA_001/20221012_030000.WAV,Telephone Field,recover-20221013,001,1795
225.2945,225.3037,27187,37067,Eptesicus serotinus,0.009,0.022,-1,Echolocation,/mnt/ubna_data_02_mir/recover-20221013/UBNA_001/20221012_030000.WAV,Telephone Field,recover-20221013,001,1795
225.3285,225.33859999999999,25468,32208,Eptesicus serotinus,0.01,0.027,-1,Echolocation,/mnt/ubna_data_02_mir/recover-20221013/UBNA_001/20221012_030000.WAV,Telephone Field,recover-20221013,001,1795
225.3805,225.419,68437,81641,Rhinolophus ferrumequinum,0.023,0.023,-1,Echolocation,/mnt/ubna_data_02_mir/recover-20221013/UBNA_001/20221012_030000.WAV,Telephone Field,recover-20221013,001,1795
225.4045,225.441,68437,82171,Rhinolophus ferrumequinum,0.021,0.021,-1,Echolocation,/mnt/ubna_data_02_mir/recover-20221013/UBNA_001/20221012_030000.WAV,Telephone Field,recover-20221013,001,1795
225.4355,225.4771,68437,82623,Rhinolophus ferrumequinum,0.023,0.024,-1,Echolocation,/mnt/ubna_data_02_mir/recover-20221013/UBNA_001/20221012_030000.WAV,Telephone Field,recover-20221013,001,1795
225.4995,225.5079,27187,36185,Eptesicus serotinus,0.008,0.02,-1,Echolocation,/mnt/ubna_data_02_mir/recover-20221013/UBNA_001/20221012_030000.WAV,Telephone Field,recover-20221013,001,1795
225.5385,225.5763,68437,81540,Rhinolophus ferrumequinum,0.022,0.022,-1,Echolocation,/mnt/ubna_data_02_mir/recover-20221013/UBNA_001/20221012_030000.WAV,Telephone Field,recover-20221013,001,1795
225.5615,225.6009,68437,81992,Rhinolophus ferrumequinum,0.021,0.021,-1,Echolocation,/mnt/ubna_data_02_mir/recover-20221013/UBNA_001/20221012_030000.WAV,Telephone Field,recover-20221013,001,1795
225.5915,225.6269,68437,81350,Rhinolophus ferrumequinum,0.023,0.023,-1,Echolocation,/mnt/ubna_data_02_mir/recover-20221013/UBNA_001/20221012_030000.WAV,Telephone Field,recover-20221013,001,1795
225.5935,225.6033,24609,31658,Eptesicus serotinus,0.008,0.023,-1,Echolocation,/mnt/ubna_data_02_mir/recover-20221013/UBNA_001/20221012_030000.WAV,Telephone Field,recover-20221013,001,1795
225.6075,225.6448,68437,81532,Rhinolophus ferrumequinum,0.022,0.022,-1,Echolocation,/mnt/ubna_data_02_mir/recover-20221013/UBNA_001/20221012_030000.WAV,Telephone Field,recover-20221013,001,1795
225.6295,225.6711,68437,82857,Rhinolophus ferrumequinum,0.027,0.027,-1,Echolocation,/mnt/ubna_data_02_mir/recover-20221013/UBNA_001/20221012_030000.WAV,Telephone Field,recover-20221013,001,1795
225.6375,225.6804,68437,82518,Rhinolophus ferrumequinum,0.024,0.024,-1,Echolocation,/mnt/ubna_data_02_mir/recover-20221013/UBNA_001/20221012_030000.WAV,Telephone Field,recover-20221013,001,1795
225.6715,225.7084,68437,81430,Rhinolophus ferrumequinum,0.02,0.021,-1,Echolocation,/mnt/ubna_data_02_mir/recover-20221013/UBNA_001/20221012_030000.WAV,Telephone Field,recover-20221013,001,1795
225.7155,225.7274,48671,52979,Pipistrellus pipistrellus,0.024,0.029,-1,Echolocation,/mnt/ubna_data_02_mir/recover-20221013/UBNA_001/20221012_030000.WAV,Telephone Field,recover-20221013,001,1795
225.7335,225.7437,22031,26557,Nyctalus leisleri,0.01,0.021,-1,Echolocation,/mnt/ubna_data_02_mir/recover-20221013/UBNA_001/20221012_030000.WAV,Telephone Field,recover-20221013,001,1795
225.7385,225.7798,68437,82547,Rhinolophus ferrumequinum,0.021,0.021,-1,Echolocation,/mnt/ubna_data_02_mir/recover-20221013/UBNA_001/20221012_030000.WAV,Telephone Field,recover-20221013,001,1795
225.8085,225.847,68437,82162,Rhinolophus ferrumequinum,0.021,0.021,-1,Echolocation,/mnt/ubna_data_02_mir/recover-20221013/UBNA_001/20221012_030000.WAV,Telephone Field,recover-20221013,001,1795
225.8295,225.8703,68437,82978,Rhinolophus ferrumequinum,0.029,0.029,-1,Echolocation,/mnt/ubna_data_02_mir/recover-20221013/UBNA_001/20221012_030000.WAV,Telephone Field,recover-20221013,001,1795
225.9075,225.9491,68437,82063,Rhinolophus ferrumequinum,0.021,0.021,-1,Echolocation,/mnt/ubna_data_02_mir/recover-20221013/UBNA_001/20221012_030000.WAV,Telephone Field,recover-20221013,001,1795
225.9125,225.92079999999999,28046,37918,Eptesicus serotinus,0.007,0.022,-1,Echolocation,/mnt/ubna_data_02_mir/recover-20221013/UBNA_001/20221012_030000.WAV,Telephone Field,recover-20221013,001,1795
225.9135,225.9529,68437,82407,Rhinolophus ferrumequinum,0.021,0.021,-1,Echolocation,/mnt/ubna_data_02_mir/recover-20221013/UBNA_001/20221012_030000.WAV,Telephone Field,recover-20221013,001,1795
225.9395,225.9466,28046,40235,Eptesicus serotinus,0.013,0.035,-1,Echolocation,/mnt/ubna_data_02_mir/recover-20221013/UBNA_001/20221012_030000.WAV,Telephone Field,recover-20221013,001,1795
225.9515,225.989,68437,82058,Rhinolophus ferrumequinum,0.02,0.02,-1,Echolocation,/mnt/ubna_data_02_mir/recover-20221013/UBNA_001/20221012_030000.WAV,Telephone Field,recover-20221013,001,1795
226.0015,226.0177,20312,24884,Nyctalus leisleri,0.016,0.035,-1,Echolocation,/mnt/ubna_data_02_mir/recover-20221013/UBNA_001/20221012_030000.WAV,Telephone Field,recover-20221013,001,1795
226.0015,226.0307,69296,80489,Rhinolophus ferrumequinum,0.035,0.035,-1,Echolocation,/mnt/ubna_data_02_mir/recover-20221013/UBNA_001/20221012_030000.WAV,Telephone Field,recover-20221013,001,1795
226.0135,226.0499,68437,81314,Rhinolophus ferrumequinum,0.024,0.024,-1,Echolocation,/mnt/ubna_data_02_mir/recover-20221013/UBNA_001/20221012_030000.WAV,Telephone Field,recover-20221013,001,1795
226.0455,226.0563,26328,33173,Eptesicus serotinus,0.015,0.03,-1,Echolocation,/mnt/ubna_data_02_mir/recover-20221013/UBNA_001/20221012_030000.WAV,Telephone Field,recover-20221013,001,1795
226.0505,226.0595,47812,51710,Pipistrellus pipistrellus,0.033,0.035,-1,Echolocation,/mnt/ubna_data_02_mir/recover-20221013/UBNA_001/20221012_030000.WAV,Telephone Field,recover-20221013,001,1795
226.0975,226.1339,68437,81633,Rhinolophus ferrumequinum,0.022,0.022,-1,Echolocation,/mnt/ubna_data_02_mir/recover-20221013/UBNA_001/20221012_030000.WAV,Telephone Field,recover-20221013,001,1795
226.1035,226.1209,22031,25717,Nyctalus leisleri,0.029,0.049,-1,Echolocation,/mnt/ubna_data_02_mir/recover-20221013/UBNA_001/20221012_030000.WAV,Telephone Field,recover-20221013,001,1795
226.1165,226.1235,27187,43559,Eptesicus serotinus,0.006,0.022,-1,Echolocation,/mnt/ubna_data_02_mir/recover-20221013/UBNA_001/20221012_030000.WAV,Telephone Field,recover-20221013,001,1795
226.1245,226.16219999999998,68437,82439,Rhinolophus ferrumequinum,0.024,0.024,-1,Echolocation,/mnt/ubna_data_02_mir/recover-20221013/UBNA_001/20221012_030000.WAV,Telephone Field,recover-20221013,001,1795
226.1335,226.1703,68437,81376,Rhinolophus ferrumequinum,0.022,0.022,-1,Echolocation,/mnt/ubna_data_02_mir/recover-20221013/UBNA_001/20221012_030000.WAV,Telephone Field,recover-20221013,001,1795
226.1375,226.15,22890,27783,Nyctalus leisleri,0.016,0.033,-1,Echolocation,/mnt/ubna_data_02_mir/recover-20221013/UBNA_001/20221012_030000.WAV,Telephone Field,recover-20221013,001,1795
226.1755,226.2169,68437,82812,Rhinolophus ferrumequinum,0.025,0.025,-1,Echolocation,/mnt/ubna_data_02_mir/recover-20221013/UBNA_001/20221012_030000.WAV,Telephone Field,recover-20221013,001,1795
226.1985,226.2354,68437,81603,Rhinolophus ferrumequinum,0.027,0.027,-1,Echolocation,/mnt/ubna_data_02_mir/recover-20221013/UBNA_001/20221012_030000.WAV,Telephone Field,recover-20221013,001,1795
226.2045,226.215,24609,31827,Eptesicus serotinus,0.009,0.024,-1,Echolocation,/mnt/ubna_data_02_mir/recover-20221013/UBNA_001/20221012_030000.WAV,Telephone Field,recover-20221013,001,1795
226.2165,226.2258,22890,28876,Nyctalus leisleri,0.009,0.024,-1,Echolocation,/mnt/ubna_data_02_mir/recover-20221013/UBNA_001/20221012_030000.WAV,Telephone Field,recover-20221013,001,1795
226.22050000000002,226.2609,68437,82957,Rhinolophus ferrumequinum,0.025,0.025,-1,Echolocation,/mnt/ubna_data_02_mir/recover-20221013/UBNA_001/20221012_030000.WAV,Telephone Field,recover-20221013,001,1795
226.2335,226.2409,27187,39304,Eptesicus serotinus,0.006,0.023,-1,Echolocation,/mnt/ubna_data_02_mir/recover-20221013/UBNA_001/20221012_030000.WAV,Telephone Field,recover-20221013,001,1795
226.3165,226.3276,22890,27644,Nyctalus leisleri,0.011,0.022,-1,Echolocation,/mnt/ubna_data_02_mir/recover-20221013/UBNA_001/20221012_030000.WAV,Telephone Field,recover-20221013,001,1795
226.3165,226.3557,68437,82269,Rhinolophus ferrumequinum,0.028,0.028,-1,Echolocation,/mnt/ubna_data_02_mir/recover-20221013/UBNA_001/20221012_030000.WAV,Telephone Field,recover-20221013,001,1795
226.3385,226.3448,28906,39635,Eptesicus serotinus,0.006,0.027,-1,Echolocation,/mnt/ubna_data_02_mir/recover-20221013/UBNA_001/20221012_030000.WAV,Telephone Field,recover-20221013,001,1795
226.3495,226.3881,68437,81906,Rhinolophus ferrumequinum,0.026,0.026,-1,Echolocation,/mnt/ubna_data_02_mir/recover-20221013/UBNA_001/20221012_030000.WAV,Telephone Field,recover-20221013,001,1795
226.35750000000002,226.3944,68437,81533,Rhinolophus ferrumequinum,0.024,0.024,-1,Echolocation,/mnt/ubna_data_02_mir/recover-20221013/UBNA_001/20221012_030000.WAV,Telephone Field,recover-20221013,001,1795
226.4025,226.444,68437,82678,Rhinolophus ferrumequinum,0.031,0.031,-1,Echolocation,/mnt/ubna_data_02_mir/recover-20221013/UBNA_001/20221012_030000.WAV,Telephone Field,recover-20221013,001,1795
226.4115,226.4217,22890,28955,Nyctalus leisleri,0.009,0.024,-1,Echolocation,/mnt/ubna_data_02_mir/recover-20221013/UBNA_001/20221012_030000.WAV,Telephone Field,recover-20221013,001,1795
226.4295,226.4374,28046,38135,Eptesicus serotinus,0.008,0.024,-1,Echolocation,/mnt/ubna_data_02_mir/recover-20221013/UBNA_001/20221012_030000.WAV,Telephone Field,recover-20221013,001,1795
226.4405,226.4836,68437,83148,Rhinolophus ferrumequinum,0.03,0.03,-1,Echolocation,/mnt/ubna_data_02_mir/recover-20221013/UBNA_001/20221012_030000.WAV,Telephone Field,recover-20221013,001,1795
226.4605,226.4988,68437,81873,Rhinolophus ferrumequinum,0.024,0.024,-1,Echolocation,/mnt/ubna_data_02_mir/recover-20221013/UBNA_001/20221012_030000.WAV,Telephone Field,recover-20221013,001,1795
226.4865,226.5219,68437,80750,Rhinolophus ferrumequinum,0.023,0.023,-1,Echolocation,/mnt/ubna_data_02_mir/recover-20221013/UBNA_001/20221012_030000.WAV,Telephone Field,recover-20221013,001,1795
226.5165,226.5277,28046,36836,Eptesicus serotinus,0.014,0.028,-1,Echolocation,/mnt/ubna_data_02_mir/recover-20221013/UBNA_001/20221012_030000.WAV,Telephone Field,recover-20221013,001,1795
226.5315,226.5684,68437,82048,Rhinolophus ferrumequinum,0.022,0.022,-1,Echolocation,/mnt/ubna_data_02_mir/recover-20221013/UBNA_001/20221012_030000.WAV,Telephone Field,recover-20221013,001,1795
226.5455,226.587,68437,82572,Rhinolophus ferrumequinum,0.026,0.026,-1,Echolocation,/mnt/ubna_data_02_mir/recover-20221013/UBNA_001/20221012_030000.WAV,Telephone Field,recover-20221013,001,1795
226.5725,226.5814,28046,37612,Eptesicus serotinus,0.009,0.023,-1,Echolocation,/mnt/ubna_data_02_mir/recover-20221013/UBNA_001/20221012_030000.WAV,Telephone Field,recover-20221013,001,1795
226.5795,226.6151,68437,81474,Rhinolophus ferrumequinum,0.028,0.028,-1,Echolocation,/mnt/ubna_data_02_mir/recover-20221013/UBNA_001/20221012_030000.WAV,Telephone Field,recover-20221013,001,1795
226.6155,226.6546,68437,81655,Rhinolophus ferrumequinum,0.029,0.03,-1,Echolocation,/mnt/ubna_data_02_mir/recover-20221013/UBNA_001/20221012_030000.WAV,Telephone Field,recover-20221013,001,1795
226.6205,226.6562,68437,82013,Rhinolophus ferrumequinum,0.026,0.026,-1,Echolocation,/mnt/ubna_data_02_mir/recover-20221013/UBNA_001/20221012_030000.WAV,Telephone Field,recover-20221013,001,1795
226.6365,226.6478,39218,45293,Pipistrellus nathusii,0.009,0.023,-1,Echolocation,/mnt/ubna_data_02_mir/recover-20221013/UBNA_001/20221012_030000.WAV,Telephone Field,recover-20221013,001,1795
226.6405,226.6499,28046,37818,Eptesicus serotinus,0.018,0.037,-1,Echolocation,/mnt/ubna_data_02_mir/recover-20221013/UBNA_001/20221012_030000.WAV,Telephone Field,recover-20221013,001,1795
226.6435,226.6799,68437,82100,Rhinolophus ferrumequinum,0.023,0.023,-1,Echolocation,/mnt/ubna_data_02_mir/recover-20221013/UBNA_001/20221012_030000.WAV,Telephone Field,recover-20221013,001,1795
226.6565,226.66649999999998,26328,35403,Eptesicus serotinus,0.011,0.022,-1,Echolocation,/mnt/ubna_data_02_mir/recover-20221013/UBNA_001/20221012_030000.WAV,Telephone Field,recover-20221013,001,1795
226.6725,226.7096,68437,81963,Rhinolophus ferrumequinum,0.024,0.024,-1,Echolocation,/mnt/ubna_data_02_mir/recover-20221013/UBNA_001/20221012_030000.WAV,Telephone Field,recover-20221013,001,1795
226.6915,226.7009,28046,36616,Eptesicus serotinus,0.009,0.023,-1,Echolocation,/mnt/ubna_data_02_mir/recover-20221013/UBNA_001/20221012_030000.WAV,Telephone Field,recover-20221013,001,1795
226.70850000000002,226.75130000000001,68437,82988,Rhinolophus ferrumequinum,0.046,0.046,-1,Echolocation,/mnt/ubna_data_02_mir/recover-20221013/UBNA_001/20221012_030000.WAV,Telephone Field,recover-20221013,001,1795
226.73250000000002,226.7489,14296,17935,Nyctalus noctula,0.024,0.041,-1,Echolocation,/mnt/ubna_data_02_mir/recover-20221013/UBNA_001/20221012_030000.WAV,Telephone Field,recover-20221013,001,1795
226.7535,226.79149999999998,68437,82541,Rhinolophus ferrumequinum,0.026,0.026,-1,Echolocation,/mnt/ubna_data_02_mir/recover-20221013/UBNA_001/20221012_030000.WAV,Telephone Field,recover-20221013,001,1795
226.7635,226.8026,68437,81676,Rhinolophus ferrumequinum,0.023,0.023,-1,Echolocation,/mnt/ubna_data_02_mir/recover-20221013/UBNA_001/20221012_030000.WAV,Telephone Field,recover-20221013,001,1795
226.7835,226.79579999999999,38359,42826,Pipistrellus nathusii,0.017,0.032,-1,Echolocation,/mnt/ubna_data_02_mir/recover-20221013/UBNA_001/20221012_030000.WAV,Telephone Field,recover-20221013,001,1795
226.7945,226.8046,22890,28797,Nyctalus leisleri,0.009,0.022,-1,Echolocation,/mnt/ubna_data_02_mir/recover-20221013/UBNA_001/20221012_030000.WAV,Telephone Field,recover-20221013,001,1795
226.7985,226.8355,68437,82405,Rhinolophus ferrumequinum,0.025,0.025,-1,Echolocation,/mnt/ubna_data_02_mir/recover-20221013/UBNA_001/20221012_030000.WAV,Telephone Field,recover-20221013,001,1795
226.8285,226.8651,68437,81949,Rhinolophus ferrumequinum,0.023,0.023,-1,Echolocation,/mnt/ubna_data_02_mir/recover-20221013/UBNA_001/20221012_030000.WAV,Telephone Field,recover-20221013,001,1795
226.8405,226.8792,68437,82107,Rhinolophus ferrumequinum,0.023,0.023,-1,Echolocation,/mnt/ubna_data_02_mir/recover-20221013/UBNA_001/20221012_030000.WAV,Telephone Field,recover-20221013,001,1795
226.8415,226.8481,47812,53358,Pipistrellus pipistrellus,0.027,0.029,-1,Echolocation,/mnt/ubna_data_02_mir/recover-20221013/UBNA_001/20221012_030000.WAV,Telephone Field,recover-20221013,001,1795
226.8525,226.8871,68437,81298,Rhinolophus ferrumequinum,0.028,0.028,-1,Echolocation,/mnt/ubna_data_02_mir/recover-20221013/UBNA_001/20221012_030000.WAV,Telephone Field,recover-20221013,001,1795
226.8595,226.8961,68437,82110,Rhinolophus ferrumequinum,0.025,0.025,-1,Echolocation,/mnt/ubna_data_02_mir/recover-20221013/UBNA_001/20221012_030000.WAV,Telephone Field,recover-20221013,001,1795
226.8685,226.8759,26328,35563,Eptesicus serotinus,0.009,0.029,-1,Echolocation,/mnt/ubna_data_02_mir/recover-20221013/UBNA_001/20221012_030000.WAV,Telephone Field,recover-20221013,001,1795
226.8895,226.8979,23750,32356,Plecotus austriacus,0.008,0.022,-1,Echolocation,/mnt/ubna_data_02_mir/recover-20221013/UBNA_001/20221012_030000.WAV,Telephone Field,recover-20221013,001,1795
226.8895,226.9303,68437,82333,Rhinolophus ferrumequinum,0.027,0.027,-1,Echolocation,/mnt/ubna_data_02_mir/recover-20221013/UBNA_001/20221012_030000.WAV,Telephone Field,recover-20221013,001,1795
226.9135,226.9232,26328,35141,Eptesicus serotinus,0.01,0.024,-1,Echolocation,/mnt/ubna_data_02_mir/recover-20221013/UBNA_001/20221012_030000.WAV,Telephone Field,recover-20221013,001,1795
226.9235,226.9308,28046,38779,Eptesicus serotinus,0.007,0.025,-1,Echolocation,/mnt/ubna_data_02_mir/recover-20221013/UBNA_001/20221012_030000.WAV,Telephone Field,recover-20221013,001,1795
226.9535,226.9907,68437,82165,Rhinolophus ferrumequinum,0.05,0.05,-1,Echolocation,/mnt/ubna_data_02_mir/recover-20221013/UBNA_001/20221012_030000.WAV,Telephone Field,recover-20221013,001,1795
226.97050000000002,227.0121,68437,82910,Rhinolophus ferrumequinum,0.025,0.025,-1,Echolocation,/mnt/ubna_data_02_mir/recover-20221013/UBNA_001/20221012_030000.WAV,Telephone Field,recover-20221013,001,1795
226.9745,226.9865,22031,26365,Nyctalus leisleri,0.013,0.024,-1,Echolocation,/mnt/ubna_data_02_mir/recover-20221013/UBNA_001/20221012_030000.WAV,Telephone Field,recover-20221013,001,1795
227.0085,227.0185,23750,29580,Nyctalus leisleri,0.009,0.023,-1,Echolocation,/mnt/ubna_data_02_mir/recover-20221013/UBNA_001/20221012_030000.WAV,Telephone Field,recover-20221013,001,1795
227.0095,227.0476,68437,81977,Rhinolophus ferrumequinum,0.022,0.022,-1,Echolocation,/mnt/ubna_data_02_mir/recover-20221013/UBNA_001/20221012_030000.WAV,Telephone Field,recover-20221013,001,1795
227.0245,227.0352,51250,57403,Pipistrellus pipistrellus,0.017,0.023,-1,Echolocation,/mnt/ubna_data_02_mir/recover-20221013/UBNA_001/20221012_030000.WAV,Telephone Field,recover-20221013,001,1795
227.0365,227.0751,68437,82218,Rhinolophus ferrumequinum,0.024,0.024,-1,Echolocation,/mnt/ubna_data_02_mir/recover-20221013/UBNA_001/20221012_030000.WAV,Telephone Field,recover-20221013,001,1795
227.0875,227.124,68437,81253,Rhinolophus ferrumequinum,0.024,0.024,-1,Echolocation,/mnt/ubna_data_02_mir/recover-20221013/UBNA_001/20221012_030000.WAV,Telephone Field,recover-20221013,001,1795
227.0875,227.0951,28906,40363,Eptesicus serotinus,0.008,0.026,-1,Echolocation,/mnt/ubna_data_02_mir/recover-20221013/UBNA_001/20221012_030000.WAV,Telephone Field,recover-20221013,001,1795
227.0915,227.1023,42656,51275,Pipistrellus pipistrellus,0.012,0.029,-1,Echolocation,/mnt/ubna_data_02_mir/recover-20221013/UBNA_001/20221012_030000.WAV,Telephone Field,recover-20221013,001,1795
227.1275,227.1687,68437,82325,Rhinolophus ferrumequinum,0.031,0.031,-1,Echolocation,/mnt/ubna_data_02_mir/recover-20221013/UBNA_001/20221012_030000.WAV,Telephone Field,recover-20221013,001,1795
227.1385,227.1755,68437,81945,Rhinolophus ferrumequinum,0.029,0.029,-1,Echolocation,/mnt/ubna_data_02_mir/recover-20221013/UBNA_001/20221012_030000.WAV,Telephone Field,recover-20221013,001,1795
227.1635,227.1988,68437,82150,Rhinolophus ferrumequinum,0.023,0.023,-1,Echolocation,/mnt/ubna_data_02_mir/recover-20221013/UBNA_001/20221012_030000.WAV,Telephone Field,recover-20221013,001,1795
227.1845,227.195,23750,30363,Nyctalus leisleri,0.01,0.025,-1,Echolocation,/mnt/ubna_data_02_mir/recover-20221013/UBNA_001/20221012_030000.WAV,Telephone Field,recover-20221013,001,1795
227.2235,227.2309,27187,39090,Eptesicus serotinus,0.007,0.023,-1,Echolocation,/mnt/ubna_data_02_mir/recover-20221013/UBNA_001/20221012_030000.WAV,Telephone Field,recover-20221013,001,1795
227.2285,227.24099999999999,14296,20451,Nyctalus noctula,0.018,0.029,-1,Echolocation,/mnt/ubna_data_02_mir/recover-20221013/UBNA_001/20221012_030000.WAV,Telephone Field,recover-20221013,001,1795
227.2475,227.2884,68437,82865,Rhinolophus ferrumequinum,0.031,0.031,-1,Echolocation,/mnt/ubna_data_02_mir/recover-20221013/UBNA_001/20221012_030000.WAV,Telephone Field,recover-20221013,001,1795
227.2595,227.2715,28906,35536,Eptesicus serotinus,0.016,0.031,-1,Echolocation,/mnt/ubna_data_02_mir/recover-20221013/UBNA_001/20221012_030000.WAV,Telephone Field,recover-20221013,001,1795
227.2735,227.2803,28046,40779,Eptesicus serotinus,0.006,0.023,-1,Echolocation,/mnt/ubna_data_02_mir/recover-20221013/UBNA_001/20221012_030000.WAV,Telephone Field,recover-20221013,001,1795
227.3235,227.335,39218,44805,Pipistrellus nathusii,0.013,0.026,-1,Echolocation,/mnt/ubna_data_02_mir/recover-20221013/UBNA_001/20221012_030000.WAV,Telephone Field,recover-20221013,001,1795
227.3375,227.3816,68437,82648,Rhinolophus ferrumequinum,0.041,0.041,-1,Echolocation,/mnt/ubna_data_02_mir/recover-20221013/UBNA_001/20221012_030000.WAV,Telephone Field,recover-20221013,001,1795
227.3655,227.4059,68437,82517,Rhinolophus ferrumequinum,0.024,0.024,-1,Echolocation,/mnt/ubna_data_02_mir/recover-20221013/UBNA_001/20221012_030000.WAV,Telephone Field,recover-20221013,001,1795
227.3655,227.3747,27187,37216,Eptesicus serotinus,0.01,0.023,-1,Echolocation,/mnt/ubna_data_02_mir/recover-20221013/UBNA_001/20221012_030000.WAV,Telephone Field,recover-20221013,001,1795
227.3705,227.4081,68437,81861,Rhinolophus ferrumequinum,0.023,0.023,-1,Echolocation,/mnt/ubna_data_02_mir/recover-20221013/UBNA_001/20221012_030000.WAV,Telephone Field,recover-20221013,001,1795
227.3825,227.4196,68437,82008,Rhinolophus ferrumequinum,0.023,0.023,-1,Echolocation,/mnt/ubna_data_02_mir/recover-20221013/UBNA_001/20221012_030000.WAV,Telephone Field,recover-20221013,001,1795
227.4485,227.4562,28046,38036,Eptesicus serotinus,0.008,0.024,-1,Echolocation,/mnt/ubna_data_02_mir/recover-20221013/UBNA_001/20221012_030000.WAV,Telephone Field,recover-20221013,001,1795
227.4645,227.5049,68437,82985,Rhinolophus ferrumequinum,0.027,0.027,-1,Echolocation,/mnt/ubna_data_02_mir/recover-20221013/UBNA_001/20221012_030000.WAV,Telephone Field,recover-20221013,001,1795
227.4745,227.482,23750,33088,Plecotus austriacus,0.008,0.022,-1,Echolocation,/mnt/ubna_data_02_mir/recover-20221013/UBNA_001/20221012_030000.WAV,Telephone Field,recover-20221013,001,1795
227.4975,227.5349,68437,81974,Rhinolophus ferrumequinum,0.022,0.022,-1,Echolocation,/mnt/ubna_data_02_mir/recover-20221013/UBNA_001/20221012_030000.WAV,Telephone Field,recover-20221013,001,1795
227.5125,227.5488,68437,81844,Rhinolophus ferrumequinum,0.024,0.024,-1,Echolocation,/mnt/ubna_data_02_mir/recover-20221013/UBNA_001/20221012_030000.WAV,Telephone Field,recover-20221013,001,1795
227.5195,227.5605,68437,82790,Rhinolophus ferrumequinum,0.03,0.03,-1,Echolocation,/mnt/ubna_data_02_mir/recover-20221013/UBNA_001/20221012_030000.WAV,Telephone Field,recover-20221013,001,1795
227.6095,227.6477,68437,82307,Rhinolophus ferrumequinum,0.027,0.027,-1,Echolocation,/mnt/ubna_data_02_mir/recover-20221013/UBNA_001/20221012_030000.WAV,Telephone Field,recover-20221013,001,1795
227.6565,227.667,27187,34194,Eptesicus serotinus,0.013,0.026,-1,Echolocation,/mnt/ubna_data_02_mir/recover-20221013/UBNA_001/20221012_030000.WAV,Telephone Field,recover-20221013,001,1795
227.7045,227.7409,68437,81801,Rhinolophus ferrumequinum,0.023,0.023,-1,Echolocation,/mnt/ubna_data_02_mir/recover-20221013/UBNA_001/20221012_030000.WAV,Telephone Field,recover-20221013,001,1795
227.70850000000002,227.7152,28046,41036,Eptesicus serotinus,0.006,0.024,-1,Echolocation,/mnt/ubna_data_02_mir/recover-20221013/UBNA_001/20221012_030000.WAV,Telephone Field,recover-20221013,001,1795
227.8255,227.8625,68437,80591,Rhinolophus ferrumequinum,0.034,0.034,-1,Echolocation,/mnt/ubna_data_02_mir/recover-20221013/UBNA_001/20221012_030000.WAV,Telephone Field,recover-20221013,001,1795
227.8545,227.8639,23750,30721,Nyctalus leisleri,0.008,0.022,-1,Echolocation,/mnt/ubna_data_02_mir/recover-20221013/UBNA_001/20221012_030000.WAV,Telephone Field,recover-20221013,001,1795
227.8685,227.9044,68437,81804,Rhinolophus ferrumequinum,0.022,0.022,-1,Echolocation,/mnt/ubna_data_02_mir/recover-20221013/UBNA_001/20221012_030000.WAV,Telephone Field,recover-20221013,001,1795
227.8735,227.9093,68437,82175,Rhinolophus ferrumequinum,0.022,0.022,-1,Echolocation,/mnt/ubna_data_02_mir/recover-20221013/UBNA_001/20221012_030000.WAV,Telephone Field,recover-20221013,001,1795
227.89249999999998,227.934,68437,83245,Rhinolophus ferrumequinum,0.027,0.027,-1,Echolocation,/mnt/ubna_data_02_mir/recover-20221013/UBNA_001/20221012_030000.WAV,Telephone Field,recover-20221013,001,1795
227.8935,227.8997,27187,39125,Eptesicus serotinus,0.012,0.045,-1,Echolocation,/mnt/ubna_data_02_mir/recover-20221013/UBNA_001/20221012_030000.WAV,Telephone Field,recover-20221013,001,1795
227.9235,227.9338,26328,33942,Eptesicus serotinus,0.019,0.038,-1,Echolocation,/mnt/ubna_data_02_mir/recover-20221013/UBNA_001/20221012_030000.WAV,Telephone Field,recover-20221013,001,1795
227.9305,227.9694,68437,82526,Rhinolophus ferrumequinum,0.023,0.023,-1,Echolocation,/mnt/ubna_data_02_mir/recover-20221013/UBNA_001/20221012_030000.WAV,Telephone Field,recover-20221013,001,1795
227.9385,227.9803,68437,82640,Rhinolophus ferrumequinum,0.024,0.024,-1,Echolocation,/mnt/ubna_data_02_mir/recover-20221013/UBNA_001/20221012_030000.WAV,Telephone Field,recover-20221013,001,1795
227.9495,227.9878,68437,83275,Rhinolophus ferrumequinum,0.031,0.031,-1,Echolocation,/mnt/ubna_data_02_mir/recover-20221013/UBNA_001/20221012_030000.WAV,Telephone Field,recover-20221013,001,1795
227.9875,227.9988,22031,26818,Nyctalus leisleri,0.012,0.024,-1,Echolocation,/mnt/ubna_data_02_mir/recover-20221013/UBNA_001/20221012_030000.WAV,Telephone Field,recover-20221013,001,1795
228.0015,228.0349,68437,80868,Rhinolophus ferrumequinum,0.067,0.067,-1,Echolocation,/mnt/ubna_data_02_mir/recover-20221013/UBNA_001/20221012_030000.WAV,Telephone Field,recover-20221013,001,1795
228.0015,228.0106,21171,27718,Nyctalus leisleri,0.009,0.031,-1,Echolocation,/mnt/ubna_data_02_mir/recover-20221013/UBNA_001/20221012_030000.WAV,Telephone Field,recover-20221013,001,1795
228.0145,228.057,68437,82634,Rhinolophus ferrumequinum,0.03,0.03,-1,Echolocation,/mnt/ubna_data_02_mir/recover-20221013/UBNA_001/20221012_030000.WAV,Telephone Field,recover-20221013,001,1795
228.0165,228.0244,26328,35334,Eptesicus serotinus,0.008,0.022,-1,Echolocation,/mnt/ubna_data_02_mir/recover-20221013/UBNA_001/20221012_030000.WAV,Telephone Field,recover-20221013,001,1795
228.0385,228.0775,68437,82293,Rhinolophus ferrumequinum,0.026,0.026,-1,Echolocation,/mnt/ubna_data_02_mir/recover-20221013/UBNA_001/20221012_030000.WAV,Telephone Field,recover-20221013,001,1795
228.0525,228.0925,68437,82131,Rhinolophus ferrumequinum,0.021,0.021,-1,Echolocation,/mnt/ubna_data_02_mir/recover-20221013/UBNA_001/20221012_030000.WAV,Telephone Field,recover-20221013,001,1795
228.0585,228.0959,68437,81773,Rhinolophus ferrumequinum,0.021,0.021,-1,Echolocation,/mnt/ubna_data_02_mir/recover-20221013/UBNA_001/20221012_030000.WAV,Telephone Field,recover-20221013,001,1795
228.0745,228.1114,68437,82168,Rhinolophus ferrumequinum,0.022,0.022,-1,Echolocation,/mnt/ubna_data_02_mir/recover-20221013/UBNA_001/20221012_030000.WAV,Telephone Field,recover-20221013,001,1795
228.0995,228.1381,68437,82119,Rhinolophus ferrumequinum,0.023,0.023,-1,Echolocation,/mnt/ubna_data_02_mir/recover-20221013/UBNA_001/20221012_030000.WAV,Telephone Field,recover-20221013,001,1795
228.1215,228.1581,68437,81600,Rhinolophus ferrumequinum,0.022,0.022,-1,Echolocation,/mnt/ubna_data_02_mir/recover-20221013/UBNA_001/20221012_030000.WAV,Telephone Field,recover-20221013,001,1795
228.1615,228.172,28906,36276,Eptesicus serotinus,0.008,0.021,-1,Echolocation,/mnt/ubna_data_02_mir/recover-20221013/UBNA_001/20221012_030000.WAV,Telephone Field,recover-20221013,001,1795
228.1805,228.2223,68437,83051,Rhinolophus ferrumequinum,0.024,0.024,-1,Echolocation,/mnt/ubna_data_02_mir/recover-20221013/UBNA_001/20221012_030000.WAV,Telephone Field,recover-20221013,001,1795
228.1905,228.2298,68437,82147,Rhinolophus ferrumequinum,0.021,0.021,-1,Echolocation,/mnt/ubna_data_02_mir/recover-20221013/UBNA_001/20221012_030000.WAV,Telephone Field,recover-20221013,001,1795
228.19650000000001,228.2362,68437,82203,Rhinolophus ferrumequinum,0.021,0.021,-1,Echolocation,/mnt/ubna_data_02_mir/recover-20221013/UBNA_001/20221012_030000.WAV,Telephone Field,recover-20221013,001,1795
228.2625,228.2979,68437,80993,Rhinolophus ferrumequinum,0.022,0.023,-1,Echolocation,/mnt/ubna_data_02_mir/recover-20221013/UBNA_001/20221012_030000.WAV,Telephone Field,recover-20221013,001,1795
228.26749999999998,228.2852,16875,21221,Nyctalus noctula,0.014,0.022,-1,Echolocation,/mnt/ubna_data_02_mir/recover-20221013/UBNA_001/20221012_030000.WAV,Telephone Field,recover-20221013,001,1795
228.2815,228.3265,68437,83857,Rhinolophus ferrumequinum,0.037,0.037,-1,Echolocation,/mnt/ubna_data_02_mir/recover-20221013/UBNA_001/20221012_030000.WAV,Telephone Field,recover-20221013,001,1795
228.3075,228.3445,68437,81940,Rhinolophus ferrumequinum,0.023,0.023,-1,Echolocation,/mnt/ubna_data_02_mir/recover-20221013/UBNA_001/20221012_030000.WAV,Telephone Field,recover-20221013,001,1795
228.3325,228.3424,24609,31906,Eptesicus serotinus,0.008,0.025,-1,Echolocation,/mnt/ubna_data_02_mir/recover-20221013/UBNA_001/20221012_030000.WAV,Telephone Field,recover-20221013,001,1795
228.33350000000002,228.3701,68437,82011,Rhinolophus ferrumequinum,0.021,0.021,-1,Echolocation,/mnt/ubna_data_02_mir/recover-20221013/UBNA_001/20221012_030000.WAV,Telephone Field,recover-20221013,001,1795
228.3565,228.3952,68437,82330,Rhinolophus ferrumequinum,0.032,0.032,-1,Echolocation,/mnt/ubna_data_02_mir/recover-20221013/UBNA_001/20221012_030000.WAV,Telephone Field,recover-20221013,001,1795
228.3835,228.429,68437,82782,Rhinolophus ferrumequinum,0.034,0.034,-1,Echolocation,/mnt/ubna_data_02_mir/recover-20221013/UBNA_001/20221012_030000.WAV,Telephone Field,recover-20221013,001,1795
228.3905,228.4327,68437,82778,Rhinolophus ferrumequinum,0.036,0.036,-1,Echolocation,/mnt/ubna_data_02_mir/recover-20221013/UBNA_001/20221012_030000.WAV,Telephone Field,recover-20221013,001,1795
228.4205,228.4357,22890,26912,Nyctalus leisleri,0.032,0.057,-1,Echolocation,/mnt/ubna_data_02_mir/recover-20221013/UBNA_001/20221012_030000.WAV,Telephone Field,recover-20221013,001,1795
228.4355,228.4784,68437,82796,Rhinolophus ferrumequinum,0.026,0.026,-1,Echolocation,/mnt/ubna_data_02_mir/recover-20221013/UBNA_001/20221012_030000.WAV,Telephone Field,recover-20221013,001,1795
228.4405,228.452,22031,27328,Nyctalus leisleri,0.015,0.032,-1,Echolocation,/mnt/ubna_data_02_mir/recover-20221013/UBNA_001/20221012_030000.WAV,Telephone Field,recover-20221013,001,1795
228.4605,228.4982,68437,82147,Rhinolophus ferrumequinum,0.021,0.022,-1,Echolocation,/mnt/ubna_data_02_mir/recover-20221013/UBNA_001/20221012_030000.WAV,Telephone Field,recover-20221013,001,1795
228.4745,228.4869,22890,27472,Nyctalus leisleri,0.017,0.029,-1,Echolocation,/mnt/ubna_data_02_mir/recover-20221013/UBNA_001/20221012_030000.WAV,Telephone Field,recover-20221013,001,1795
228.4885,228.5244,68437,81759,Rhinolophus ferrumequinum,0.021,0.021,-1,Echolocation,/mnt/ubna_data_02_mir/recover-20221013/UBNA_001/20221012_030000.WAV,Telephone Field,recover-20221013,001,1795
228.4995,228.5375,68437,81507,Rhinolophus ferrumequinum,0.022,0.022,-1,Echolocation,/mnt/ubna_data_02_mir/recover-20221013/UBNA_001/20221012_030000.WAV,Telephone Field,recover-20221013,001,1795
228.5205,228.5598,68437,81845,Rhinolophus ferrumequinum,0.024,0.024,-1,Echolocation,/mnt/ubna_data_02_mir/recover-20221013/UBNA_001/20221012_030000.WAV,Telephone Field,recover-20221013,001,1795
228.5255,228.534,27187,37288,Eptesicus serotinus,0.007,0.021,-1,Echolocation,/mnt/ubna_data_02_mir/recover-20221013/UBNA_001/20221012_030000.WAV,Telephone Field,recover-20221013,001,1795
228.5395,228.5776,68437,82681,Rhinolophus ferrumequinum,0.045,0.045,-1,Echolocation,/mnt/ubna_data_02_mir/recover-20221013/UBNA_001/20221012_030000.WAV,Telephone Field,recover-20221013,001,1795
228.5705,228.6095,68437,82078,Rhinolophus ferrumequinum,0.021,0.021,-1,Echolocation,/mnt/ubna_data_02_mir/recover-20221013/UBNA_001/20221012_030000.WAV,Telephone Field,recover-20221013,001,1795
228.5875,228.6296,68437,83024,Rhinolophus ferrumequinum,0.03,0.03,-1,Echolocation,/mnt/ubna_data_02_mir/recover-20221013/UBNA_001/20221012_030000.WAV,Telephone Field,recover-20221013,001,1795
228.5985,228.60739999999998,28046,36359,Eptesicus serotinus,0.008,0.022,-1,Echolocation,/mnt/ubna_data_02_mir/recover-20221013/UBNA_001/20221012_030000.WAV,Telephone Field,recover-20221013,001,1795
228.6145,228.6549,68437,82360,Rhinolophus ferrumequinum,0.02,0.021,-1,Echolocation,/mnt/ubna_data_02_mir/recover-20221013/UBNA_001/20221012_030000.WAV,Telephone Field,recover-20221013,001,1795
228.6155,228.6258,24609,30317,Nyctalus leisleri,0.009,0.022,-1,Echolocation,/mnt/ubna_data_02_mir/recover-20221013/UBNA_001/20221012_030000.WAV,Telephone Field,recover-20221013,001,1795
228.6385,228.6756,68437,81487,Rhinolophus ferrumequinum,0.024,0.024,-1,Echolocation,/mnt/ubna_data_02_mir/recover-20221013/UBNA_001/20221012_030000.WAV,Telephone Field,recover-20221013,001,1795
228.6525,228.6923,68437,83072,Rhinolophus ferrumequinum,0.029,0.029,-1,Echolocation,/mnt/ubna_data_02_mir/recover-20221013/UBNA_001/20221012_030000.WAV,Telephone Field,recover-20221013,001,1795
228.6765,228.7164,68437,82551,Rhinolophus ferrumequinum,0.023,0.023,-1,Echolocation,/mnt/ubna_data_02_mir/recover-20221013/UBNA_001/20221012_030000.WAV,Telephone Field,recover-20221013,001,1795
228.6865,228.7258,68437,82320,Rhinolophus ferrumequinum,0.025,0.025,-1,Echolocation,/mnt/ubna_data_02_mir/recover-20221013/UBNA_001/20221012_030000.WAV,Telephone Field,recover-20221013,001,1795
228.69650000000001,228.7365,68437,82322,Rhinolophus ferrumequinum,0.026,0.026,-1,Echolocation,/mnt/ubna_data_02_mir/recover-20221013/UBNA_001/20221012_030000.WAV,Telephone Field,recover-20221013,001,1795
228.7075,228.7137,28046,38717,Myotis daubentonii,0.007,0.033,-1,Echolocation,/mnt/ubna_data_02_mir/recover-20221013/UBNA_001/20221012_030000.WAV,Telephone Field,recover-20221013,001,1795
228.7165,228.7522,68437,81446,Rhinolophus ferrumequinum,0.022,0.022,-1,Echolocation,/mnt/ubna_data_02_mir/recover-20221013/UBNA_001/20221012_030000.WAV,Telephone Field,recover-20221013,001,1795
228.7215,228.7576,68437,81693,Rhinolophus ferrumequinum,0.021,0.021,-1,Echolocation,/mnt/ubna_data_02_mir/recover-20221013/UBNA_001/20221012_030000.WAV,Telephone Field,recover-20221013,001,1795
228.7555,228.7664,22890,27838,Nyctalus leisleri,0.011,0.023,-1,Echolocation,/mnt/ubna_data_02_mir/recover-20221013/UBNA_001/20221012_030000.WAV,Telephone Field,recover-20221013,001,1795
228.7585,228.7954,68437,80981,Rhinolophus ferrumequinum,0.028,0.028,-1,Echolocation,/mnt/ubna_data_02_mir/recover-20221013/UBNA_001/20221012_030000.WAV,Telephone Field,recover-20221013,001,1795
228.76749999999998,228.7997,68437,81144,Rhinolophus ferrumequinum,0.022,0.022,-1,Echolocation,/mnt/ubna_data_02_mir/recover-20221013/UBNA_001/20221012_030000.WAV,Telephone Field,recover-20221013,001,1795
228.7905,228.827,68437,81003,Rhinolophus ferrumequinum,0.021,0.021,-1,Echolocation,/mnt/ubna_data_02_mir/recover-20221013/UBNA_001/20221012_030000.WAV,Telephone Field,recover-20221013,001,1795
228.7985,228.8355,68437,82117,Rhinolophus ferrumequinum,0.023,0.023,-1,Echolocation,/mnt/ubna_data_02_mir/recover-20221013/UBNA_001/20221012_030000.WAV,Telephone Field,recover-20221013,001,1795
228.8085,228.8173,23750,31548,Plecotus austriacus,0.006,0.021,-1,Echolocation,/mnt/ubna_data_02_mir/recover-20221013/UBNA_001/20221012_030000.WAV,Telephone Field,recover-20221013,001,1795
228.8465,228.8864,68437,82002,Rhinolophus ferrumequinum,0.024,0.024,-1,Echolocation,/mnt/ubna_data_02_mir/recover-20221013/UBNA_001/20221012_030000.WAV,Telephone Field,recover-20221013,001,1795
228.8625,228.8726,26328,35276,Eptesicus serotinus,0.01,0.024,-1,Echolocation,/mnt/ubna_data_02_mir/recover-20221013/UBNA_001/20221012_030000.WAV,Telephone Field,recover-20221013,001,1795
228.8875,228.8961,27187,36626,Eptesicus serotinus,0.011,0.025,-1,Echolocation,/mnt/ubna_data_02_mir/recover-20221013/UBNA_001/20221012_030000.WAV,Telephone Field,recover-20221013,001,1795
228.9205,228.92849999999999,25468,34053,Eptesicus serotinus,0.006,0.021,-1,Echolocation,/mnt/ubna_data_02_mir/recover-20221013/UBNA_001/20221012_030000.WAV,Telephone Field,recover-20221013,001,1795
228.9695,229.0079,68437,81784,Rhinolophus ferrumequinum,0.021,0.022,-1,Echolocation,/mnt/ubna_data_02_mir/recover-20221013/UBNA_001/20221012_030000.WAV,Telephone Field,recover-20221013,001,1795
228.97050000000002,228.9793,30625,40410,Myotis daubentonii,0.007,0.022,-1,Echolocation,/mnt/ubna_data_02_mir/recover-20221013/UBNA_001/20221012_030000.WAV,Telephone Field,recover-20221013,001,1795
228.9795,229.01760000000002,68437,82217,Rhinolophus ferrumequinum,0.022,0.023,-1,Echolocation,/mnt/ubna_data_02_mir/recover-20221013/UBNA_001/20221012_030000.WAV,Telephone Field,recover-20221013,001,1795
229.0215,229.061,68437,82411,Rhinolophus ferrumequinum,0.025,0.025,-1,Echolocation,/mnt/ubna_data_02_mir/recover-20221013/UBNA_001/20221012_030000.WAV,Telephone Field,recover-20221013,001,1795
229.0475,229.0859,68437,81817,Rhinolophus ferrumequinum,0.023,0.023,-1,Echolocation,/mnt/ubna_data_02_mir/recover-20221013/UBNA_001/20221012_030000.WAV,Telephone Field,recover-20221013,001,1795
229.0605,229.1014,68437,82593,Rhinolophus ferrumequinum,0.029,0.029,-1,Echolocation,/mnt/ubna_data_02_mir/recover-20221013/UBNA_001/20221012_030000.WAV,Telephone Field,recover-20221013,001,1795
229.0665,229.11090000000002,68437,84036,Rhinolophus ferrumequinum,0.035,0.035,-1,Echolocation,/mnt/ubna_data_02_mir/recover-20221013/UBNA_001/20221012_030000.WAV,Telephone Field,recover-20221013,001,1795
229.09550000000002,229.1335,68437,81865,Rhinolophus ferrumequinum,0.024,0.024,-1,Echolocation,/mnt/ubna_data_02_mir/recover-20221013/UBNA_001/20221012_030000.WAV,Telephone Field,recover-20221013,001,1795
229.1395,229.1497,24609,32028,Nyctalus leisleri,0.007,0.021,-1,Echolocation,/mnt/ubna_data_02_mir/recover-20221013/UBNA_001/20221012_030000.WAV,Telephone Field,recover-20221013,001,1795
229.1465,229.1897,68437,83342,Rhinolophus ferrumequinum,0.035,0.035,-1,Echolocation,/mnt/ubna_data_02_mir/recover-20221013/UBNA_001/20221012_030000.WAV,Telephone Field,recover-20221013,001,1795
229.2245,229.2635,68437,82248,Rhinolophus ferrumequinum,0.021,0.021,-1,Echolocation,/mnt/ubna_data_02_mir/recover-20221013/UBNA_001/20221012_030000.WAV,Telephone Field,recover-20221013,001,1795
229.2335,229.2458,37500,42703,Pipistrellus nathusii,0.042,0.056,-1,Echolocation,/mnt/ubna_data_02_mir/recover-20221013/UBNA_001/20221012_030000.WAV,Telephone Field,recover-20221013,001,1795
229.2345,229.2431,28046,39854,Eptesicus serotinus,0.008,0.021,-1,Echolocation,/mnt/ubna_data_02_mir/recover-20221013/UBNA_001/20221012_030000.WAV,Telephone Field,recover-20221013,001,1795
229.2465,229.2842,68437,82283,Rhinolophus ferrumequinum,0.022,0.022,-1,Echolocation,/mnt/ubna_data_02_mir/recover-20221013/UBNA_001/20221012_030000.WAV,Telephone Field,recover-20221013,001,1795
229.3015,229.3406,68437,81780,Rhinolophus ferrumequinum,0.022,0.022,-1,Echolocation,/mnt/ubna_data_02_mir/recover-20221013/UBNA_001/20221012_030000.WAV,Telephone Field,recover-20221013,001,1795
229.3095,229.32,27187,34724,Eptesicus serotinus,0.011,0.023,-1,Echolocation,/mnt/ubna_data_02_mir/recover-20221013/UBNA_001/20221012_030000.WAV,Telephone Field,recover-20221013,001,1795
229.3245,229.3688,68437,83208,Rhinolophus ferrumequinum,0.044,0.044,-1,Echolocation,/mnt/ubna_data_02_mir/recover-20221013/UBNA_001/20221012_030000.WAV,Telephone Field,recover-20221013,001,1795
229.3305,229.374,68437,83244,Rhinolophus ferrumequinum,0.039,0.039,-1,Echolocation,/mnt/ubna_data_02_mir/recover-20221013/UBNA_001/20221012_030000.WAV,Telephone Field,recover-20221013,001,1795
229.3715,229.4104,68437,82343,Rhinolophus ferrumequinum,0.024,0.025,-1,Echolocation,/mnt/ubna_data_02_mir/recover-20221013/UBNA_001/20221012_030000.WAV,Telephone Field,recover-20221013,001,1795
229.3875,229.426,68437,82160,Rhinolophus ferrumequinum,0.022,0.022,-1,Echolocation,/mnt/ubna_data_02_mir/recover-20221013/UBNA_001/20221012_030000.WAV,Telephone Field,recover-20221013,001,1795
229.4155,229.4218,34062,46337,Myotis daubentonii,0.012,0.022,-1,Echolocation,/mnt/ubna_data_02_mir/recover-20221013/UBNA_001/20221012_030000.WAV,Telephone Field,recover-20221013,001,1795
229.4335,229.4732,68437,82577,Rhinolophus ferrumequinum,0.027,0.027,-1,Echolocation,/mnt/ubna_data_02_mir/recover-20221013/UBNA_001/20221012_030000.WAV,Telephone Field,recover-20221013,001,1795
229.4775,229.4862,28906,40217,Eptesicus serotinus,0.008,0.023,-1,Echolocation,/mnt/ubna_data_02_mir/recover-20221013/UBNA_001/20221012_030000.WAV,Telephone Field,recover-20221013,001,1795
229.4805,229.4912,45234,50606,Pipistrellus pipistrellus,0.02,0.024,-1,Echolocation,/mnt/ubna_data_02_mir/recover-20221013/UBNA_001/20221012_030000.WAV,Telephone Field,recover-20221013,001,1795
229.5005,229.5413,68437,82649,Rhinolophus ferrumequinum,0.025,0.025,-1,Echolocation,/mnt/ubna_data_02_mir/recover-20221013/UBNA_001/20221012_030000.WAV,Telephone Field,recover-20221013,001,1795
229.5275,229.5678,68437,82314,Rhinolophus ferrumequinum,0.034,0.034,-1,Echolocation,/mnt/ubna_data_02_mir/recover-20221013/UBNA_001/20221012_030000.WAV,Telephone Field,recover-20221013,001,1795
229.5895,229.6304,68437,83052,Rhinolophus ferrumequinum,0.028,0.028,-1,Echolocation,/mnt/ubna_data_02_mir/recover-20221013/UBNA_001/20221012_030000.WAV,Telephone Field,recover-20221013,001,1795
229.6225,229.6608,68437,81695,Rhinolophus ferrumequinum,0.023,0.023,-1,Echolocation,/mnt/ubna_data_02_mir/recover-20221013/UBNA_001/20221012_030000.WAV,Telephone Field,recover-20221013,001,1795
229.6495,229.6873,68437,82177,Rhinolophus ferrumequinum,0.023,0.023,-1,Echolocation,/mnt/ubna_data_02_mir/recover-20221013/UBNA_001/20221012_030000.WAV,Telephone Field,recover-20221013,001,1795
229.6715,229.7104,68437,81695,Rhinolophus ferrumequinum,0.022,0.022,-1,Echolocation,/mnt/ubna_data_02_mir/recover-20221013/UBNA_001/20221012_030000.WAV,Telephone Field,recover-20221013,001,1795
229.67849999999999,229.6867,27187,39168,Eptesicus serotinus,0.007,0.021,-1,Echolocation,/mnt/ubna_data_02_mir/recover-20221013/UBNA_001/20221012_030000.WAV,Telephone Field,recover-20221013,001,1795
229.67849999999999,229.7169,68437,81632,Rhinolophus ferrumequinum,0.025,0.025,-1,Echolocation,/mnt/ubna_data_02_mir/recover-20221013/UBNA_001/20221012_030000.WAV,Telephone Field,recover-20221013,001,1795
229.7105,229.7517,68437,82771,Rhinolophus ferrumequinum,0.025,0.025,-1,Echolocation,/mnt/ubna_data_02_mir/recover-20221013/UBNA_001/20221012_030000.WAV,Telephone Field,recover-20221013,001,1795
229.7335,229.7731,68437,82878,Rhinolophus ferrumequinum,0.029,0.029,-1,Echolocation,/mnt/ubna_data_02_mir/recover-20221013/UBNA_001/20221012_030000.WAV,Telephone Field,recover-20221013,001,1795
229.7435,229.7832,68437,82162,Rhinolophus ferrumequinum,0.021,0.021,-1,Echolocation,/mnt/ubna_data_02_mir/recover-20221013/UBNA_001/20221012_030000.WAV,Telephone Field,recover-20221013,001,1795
229.7495,229.7841,68437,81385,Rhinolophus ferrumequinum,0.021,0.021,-1,Echolocation,/mnt/ubna_data_02_mir/recover-20221013/UBNA_001/20221012_030000.WAV,Telephone Field,recover-20221013,001,1795
229.7505,229.7581,27187,36914,Eptesicus serotinus,0.007,0.021,-1,Echolocation,/mnt/ubna_data_02_mir/recover-20221013/UBNA_001/20221012_030000.WAV,Telephone Field,recover-20221013,001,1795
229.8235,229.8307,28046,37017,Eptesicus serotinus,0.008,0.023,-1,Echolocation,/mnt/ubna_data_02_mir/recover-20221013/UBNA_001/20221012_030000.WAV,Telephone Field,recover-20221013,001,1795
229.8485,229.8898,68437,82319,Rhinolophus ferrumequinum,0.024,0.024,-1,Echolocation,/mnt/ubna_data_02_mir/recover-20221013/UBNA_001/20221012_030000.WAV,Telephone Field,recover-20221013,001,1795
229.8545,229.8936,68437,81965,Rhinolophus ferrumequinum,0.024,0.024,-1,Echolocation,/mnt/ubna_data_02_mir/recover-20221013/UBNA_001/20221012_030000.WAV,Telephone Field,recover-20221013,001,1795
229.8795,229.9166,68437,82372,Rhinolophus ferrumequinum,0.025,0.025,-1,Echolocation,/mnt/ubna_data_02_mir/recover-20221013/UBNA_001/20221012_030000.WAV,Telephone Field,recover-20221013,001,1795
229.9025,229.9382,68437,80968,Rhinolophus ferrumequinum,0.023,0.023,-1,Echolocation,/mnt/ubna_data_02_mir/recover-20221013/UBNA_001/20221012_030000.WAV,Telephone Field,recover-20221013,001,1795
229.9075,229.9161,28046,36360,Eptesicus serotinus,0.008,0.023,-1,Echolocation,/mnt/ubna_data_02_mir/recover-20221013/UBNA_001/20221012_030000.WAV,Telephone Field,recover-20221013,001,1795
229.9145,229.9528,68437,82124,Rhinolophus ferrumequinum,0.022,0.022,-1,Echolocation,/mnt/ubna_data_02_mir/recover-20221013/UBNA_001/20221012_030000.WAV,Telephone Field,recover-20221013,001,1795
229.9175,229.9284,23750,29305,Nyctalus leisleri,0.01,0.023,-1,Echolocation,/mnt/ubna_data_02_mir/recover-20221013/UBNA_001/20221012_030000.WAV,Telephone Field,recover-20221013,001,1795
229.9385,229.9778,68437,82438,Rhinolophus ferrumequinum,0.023,0.023,-1,Echolocation,/mnt/ubna_data_02_mir/recover-20221013/UBNA_001/20221012_030000.WAV,Telephone Field,recover-20221013,001,1795
229.9445,229.9561,24609,30258,Nyctalus leisleri,0.012,0.029,-1,Echolocation,/mnt/ubna_data_02_mir/recover-20221013/UBNA_001/20221012_030000.WAV,Telephone Field,recover-20221013,001,1795
229.9555,229.9971,68437,83051,Rhinolophus ferrumequinum,0.045,0.045,-1,Echolocation,/mnt/ubna_data_02_mir/recover-20221013/UBNA_001/20221012_030000.WAV,Telephone Field,recover-20221013,001,1795
229.98250000000002,229.9934,22031,26486,Nyctalus leisleri,0.012,0.023,-1,Echolocation,/mnt/ubna_data_02_mir/recover-20221013/UBNA_001/20221012_030000.WAV,Telephone Field,recover-20221013,001,1795
230.0015,230.01,24609,31610,Nyctalus leisleri,0.011,0.032,-1,Echolocation,/mnt/ubna_data_02_mir/recover-20221013/UBNA_001/20221012_030000.WAV,Telephone Field,recover-20221013,001,1795
230.0015,230.0347,68437,80040,Rhinolophus ferrumequinum,0.039,0.04,-1,Echolocation,/mnt/ubna_data_02_mir/recover-20221013/UBNA_001/20221012_030000.WAV,Telephone Field,recover-20221013,001,1795
230.0095,230.051,68437,82907,Rhinolophus ferrumequinum,0.022,0.022,-1,Echolocation,/mnt/ubna_data_02_mir/recover-20221013/UBNA_001/20221012_030000.WAV,Telephone Field,recover-20221013,001,1795
230.0495,230.0889,68437,81620,Rhinolophus ferrumequinum,0.022,0.022,-1,Echolocation,/mnt/ubna_data_02_mir/recover-20221013/UBNA_001/20221012_030000.WAV,Telephone Field,recover-20221013,001,1795
230.0565,230.0635,32343,44341,Myotis daubentonii,0.009,0.021,-1,Echolocation,/mnt/ubna_data_02_mir/recover-20221013/UBNA_001/20221012_030000.WAV,Telephone Field,recover-20221013,001,1795
230.0635,230.0991,68437,82480,Rhinolophus ferrumequinum,0.023,0.023,-1,Echolocation,/mnt/ubna_data_02_mir/recover-20221013/UBNA_001/20221012_030000.WAV,Telephone Field,recover-20221013,001,1795
230.1085,230.1456,68437,81697,Rhinolophus ferrumequinum,0.021,0.021,-1,Echolocation,/mnt/ubna_data_02_mir/recover-20221013/UBNA_001/20221012_030000.WAV,Telephone Field,recover-20221013,001,1795
230.1585,230.1998,68437,82729,Rhinolophus ferrumequinum,0.027,0.027,-1,Echolocation,/mnt/ubna_data_02_mir/recover-20221013/UBNA_001/20221012_030000.WAV,Telephone Field,recover-20221013,001,1795
230.1765,230.2145,68437,81813,Rhinolophus ferrumequinum,0.022,0.022,-1,Echolocation,/mnt/ubna_data_02_mir/recover-20221013/UBNA_001/20221012_030000.WAV,Telephone Field,recover-20221013,001,1795
230.1875,230.20420000000001,22031,25525,Nyctalus leisleri,0.038,0.067,-1,Echolocation,/mnt/ubna_data_02_mir/recover-20221013/UBNA_001/20221012_030000.WAV,Telephone Field,recover-20221013,001,1795
230.1905,230.2291,68437,82049,Rhinolophus ferrumequinum,0.021,0.021,-1,Echolocation,/mnt/ubna_data_02_mir/recover-20221013/UBNA_001/20221012_030000.WAV,Telephone Field,recover-20221013,001,1795
230.19650000000001,230.233,68437,82271,Rhinolophus ferrumequinum,0.022,0.022,-1,Echolocation,/mnt/ubna_data_02_mir/recover-20221013/UBNA_001/20221012_030000.WAV,Telephone Field,recover-20221013,001,1795
230.2225,230.2603,68437,81792,Rhinolophus ferrumequinum,0.023,0.024,-1,Echolocation,/mnt/ubna_data_02_mir/recover-20221013/UBNA_001/20221012_030000.WAV,Telephone Field,recover-20221013,001,1795
230.23250000000002,230.2733,68437,82256,Rhinolophus ferrumequinum,0.044,0.044,-1,Echolocation,/mnt/ubna_data_02_mir/recover-20221013/UBNA_001/20221012_030000.WAV,Telephone Field,recover-20221013,001,1795
230.2735,230.3136,68437,82976,Rhinolophus ferrumequinum,0.027,0.027,-1,Echolocation,/mnt/ubna_data_02_mir/recover-20221013/UBNA_001/20221012_030000.WAV,Telephone Field,recover-20221013,001,1795
230.3125,230.353,68437,82654,Rhinolophus ferrumequinum,0.023,0.023,-1,Echolocation,/mnt/ubna_data_02_mir/recover-20221013/UBNA_001/20221012_030000.WAV,Telephone Field,recover-20221013,001,1795
230.3295,230.3696,68437,82613,Rhinolophus ferrumequinum,0.031,0.031,-1,Echolocation,/mnt/ubna_data_02_mir/recover-20221013/UBNA_001/20221012_030000.WAV,Telephone Field,recover-20221013,001,1795
230.3415,230.3488,24609,33353,Plecotus austriacus,0.006,0.021,-1,Echolocation,/mnt/ubna_data_02_mir/recover-20221013/UBNA_001/20221012_030000.WAV,Telephone Field,recover-20221013,001,1795
230.3615,230.401,68437,82266,Rhinolophus ferrumequinum,0.023,0.023,-1,Echolocation,/mnt/ubna_data_02_mir/recover-20221013/UBNA_001/20221012_030000.WAV,Telephone Field,recover-20221013,001,1795
230.3815,230.4193,68437,82527,Rhinolophus ferrumequinum,0.027,0.027,-1,Echolocation,/mnt/ubna_data_02_mir/recover-20221013/UBNA_001/20221012_030000.WAV,Telephone Field,recover-20221013,001,1795
230.4155,230.42680000000001,24609,30656,Nyctalus leisleri,0.013,0.031,-1,Echolocation,/mnt/ubna_data_02_mir/recover-20221013/UBNA_001/20221012_030000.WAV,Telephone Field,recover-20221013,001,1795
230.4305,230.43880000000001,28046,37476,Eptesicus serotinus,0.007,0.021,-1,Echolocation,/mnt/ubna_data_02_mir/recover-20221013/UBNA_001/20221012_030000.WAV,Telephone Field,recover-20221013,001,1795
230.4345,230.4744,68437,81930,Rhinolophus ferrumequinum,0.025,0.025,-1,Echolocation,/mnt/ubna_data_02_mir/recover-20221013/UBNA_001/20221012_030000.WAV,Telephone Field,recover-20221013,001,1795
230.4645,230.5037,68437,82848,Rhinolophus ferrumequinum,0.024,0.024,-1,Echolocation,/mnt/ubna_data_02_mir/recover-20221013/UBNA_001/20221012_030000.WAV,Telephone Field,recover-20221013,001,1795
230.4885,230.5271,68437,81797,Rhinolophus ferrumequinum,0.021,0.021,-1,Echolocation,/mnt/ubna_data_02_mir/recover-20221013/UBNA_001/20221012_030000.WAV,Telephone Field,recover-20221013,001,1795
230.5095,230.522,51250,55877,Pipistrellus pipistrellus,0.018,0.029,-1,Echolocation,/mnt/ubna_data_02_mir/recover-20221013/UBNA_001/20221012_030000.WAV,Telephone Field,recover-20221013,001,1795
230.5335,230.5454,23750,30057,Nyctalus leisleri,0.012,0.03,-1,Echolocation,/mnt/ubna_data_02_mir/recover-20221013/UBNA_001/20221012_030000.WAV,Telephone Field,recover-20221013,001,1795
230.5515,230.5911,68437,82740,Rhinolophus ferrumequinum,0.036,0.036,-1,Echolocation,/mnt/ubna_data_02_mir/recover-20221013/UBNA_001/20221012_030000.WAV,Telephone Field,recover-20221013,001,1795
230.6095,230.6495,68437,81965,Rhinolophus ferrumequinum,0.026,0.026,-1,Echolocation,/mnt/ubna_data_02_mir/recover-20221013/UBNA_001/20221012_030000.WAV,Telephone Field,recover-20221013,001,1795
230.6335,230.6731,68437,81872,Rhinolophus ferrumequinum,0.022,0.023,-1,Echolocation,/mnt/ubna_data_02_mir/recover-20221013/UBNA_001/20221012_030000.WAV,Telephone Field,recover-20221013,001,1795
230.69650000000001,230.7076,45234,47704,Pipistrellus pipistrellus,0.036,0.041,-1,Echolocation,/mnt/ubna_data_02_mir/recover-20221013/UBNA_001/20221012_030000.WAV,Telephone Field,recover-20221013,001,1795
230.7165,230.7297,22031,26245,Nyctalus leisleri,0.015,0.027,-1,Echolocation,/mnt/ubna_data_02_mir/recover-20221013/UBNA_001/20221012_030000.WAV,Telephone Field,recover-20221013,001,1795
230.7425,230.78300000000002,68437,82864,Rhinolophus ferrumequinum,0.023,0.023,-1,Echolocation,/mnt/ubna_data_02_mir/recover-20221013/UBNA_001/20221012_030000.WAV,Telephone Field,recover-20221013,001,1795
230.7495,230.7917,68437,82848,Rhinolophus ferrumequinum,0.024,0.024,-1,Echolocation,/mnt/ubna_data_02_mir/recover-20221013/UBNA_001/20221012_030000.WAV,Telephone Field,recover-20221013,001,1795
230.7605,230.8034,68437,83466,Rhinolophus ferrumequinum,0.032,0.032,-1,Echolocation,/mnt/ubna_data_02_mir/recover-20221013/UBNA_001/20221012_030000.WAV,Telephone Field,recover-20221013,001,1795
230.7885,230.83089999999999,68437,82661,Rhinolophus ferrumequinum,0.028,0.028,-1,Echolocation,/mnt/ubna_data_02_mir/recover-20221013/UBNA_001/20221012_030000.WAV,Telephone Field,recover-20221013,001,1795
230.7905,230.7991,27187,38306,Eptesicus serotinus,0.008,0.022,-1,Echolocation,/mnt/ubna_data_02_mir/recover-20221013/UBNA_001/20221012_030000.WAV,Telephone Field,recover-20221013,001,1795
230.8045,230.8409,68437,81965,Rhinolophus ferrumequinum,0.021,0.021,-1,Echolocation,/mnt/ubna_data_02_mir/recover-20221013/UBNA_001/20221012_030000.WAV,Telephone Field,recover-20221013,001,1795
230.8365,230.8733,68437,81944,Rhinolophus ferrumequinum,0.022,0.022,-1,Echolocation,/mnt/ubna_data_02_mir/recover-20221013/UBNA_001/20221012_030000.WAV,Telephone Field,recover-20221013,001,1795
230.85750000000002,230.8931,68437,81399,Rhinolophus ferrumequinum,0.029,0.029,-1,Echolocation,/mnt/ubna_data_02_mir/recover-20221013/UBNA_001/20221012_030000.WAV,Telephone Field,recover-20221013,001,1795
230.8765,230.9173,68437,82668,Rhinolophus ferrumequinum,0.031,0.031,-1,Echolocation,/mnt/ubna_data_02_mir/recover-20221013/UBNA_001/20221012_030000.WAV,Telephone Field,recover-20221013,001,1795
230.8885,230.9313,68437,82810,Rhinolophus ferrumequinum,0.028,0.028,-1,Echolocation,/mnt/ubna_data_02_mir/recover-20221013/UBNA_001/20221012_030000.WAV,Telephone Field,recover-20221013,001,1795
230.9225,230.9312,27187,36373,Eptesicus serotinus,0.008,0.022,-1,Echolocation,/mnt/ubna_data_02_mir/recover-20221013/UBNA_001/20221012_030000.WAV,Telephone Field,recover-20221013,001,1795
230.9325,230.9421,27187,36771,Eptesicus serotinus,0.008,0.021,-1,Echolocation,/mnt/ubna_data_02_mir/recover-20221013/UBNA_001/20221012_030000.WAV,Telephone Field,recover-20221013,001,1795
230.9415,230.9794,68437,81273,Rhinolophus ferrumequinum,0.021,0.021,-1,Echolocation,/mnt/ubna_data_02_mir/recover-20221013/UBNA_001/20221012_030000.WAV,Telephone Field,recover-20221013,001,1795
230.9635,231.005,68437,82288,Rhinolophus ferrumequinum,0.025,0.025,-1,Echolocation,/mnt/ubna_data_02_mir/recover-20221013/UBNA_001/20221012_030000.WAV,Telephone Field,recover-20221013,001,1795
231.0015,231.011,28046,37160,Eptesicus serotinus,0.012,0.029,-1,Echolocation,/mnt/ubna_data_02_mir/recover-20221013/UBNA_001/20221012_030000.WAV,Telephone Field,recover-20221013,001,1795
231.0075,231.0494,68437,82997,Rhinolophus ferrumequinum,0.023,0.023,-1,Echolocation,/mnt/ubna_data_02_mir/recover-20221013/UBNA_001/20221012_030000.WAV,Telephone Field,recover-20221013,001,1795
231.02949999999998,231.0369,45234,53277,Pipistrellus pipistrellus,0.018,0.024,-1,Echolocation,/mnt/ubna_data_02_mir/recover-20221013/UBNA_001/20221012_030000.WAV,Telephone Field,recover-20221013,001,1795
231.0305,231.0714,68437,82593,Rhinolophus ferrumequinum,0.023,0.023,-1,Echolocation,/mnt/ubna_data_02_mir/recover-20221013/UBNA_001/20221012_030000.WAV,Telephone Field,recover-20221013,001,1795
231.0575,231.0679,22031,26294,Nyctalus leisleri,0.013,0.025,-1,Echolocation,/mnt/ubna_data_02_mir/recover-20221013/UBNA_001/20221012_030000.WAV,Telephone Field,recover-20221013,001,1795
231.0725,231.1102,68437,82621,Rhinolophus ferrumequinum,0.022,0.022,-1,Echolocation,/mnt/ubna_data_02_mir/recover-20221013/UBNA_001/20221012_030000.WAV,Telephone Field,recover-20221013,001,1795
231.1125,231.123,22890,28679,Nyctalus leisleri,0.01,0.022,-1,Echolocation,/mnt/ubna_data_02_mir/recover-20221013/UBNA_001/20221012_030000.WAV,Telephone Field,recover-20221013,001,1795
231.1195,231.1551,68437,80753,Rhinolophus ferrumequinum,0.023,0.023,-1,Echolocation,/mnt/ubna_data_02_mir/recover-20221013/UBNA_001/20221012_030000.WAV,Telephone Field,recover-20221013,001,1795
231.1565,231.1938,68437,82383,Rhinolophus ferrumequinum,0.034,0.034,-1,Echolocation,/mnt/ubna_data_02_mir/recover-20221013/UBNA_001/20221012_030000.WAV,Telephone Field,recover-20221013,001,1795
231.1585,231.1702,22890,26644,Nyctalus leisleri,0.013,0.021,-1,Echolocation,/mnt/ubna_data_02_mir/recover-20221013/UBNA_001/20221012_030000.WAV,Telephone Field,recover-20221013,001,1795
231.1915,231.2283,68437,81476,Rhinolophus ferrumequinum,0.021,0.021,-1,Echolocation,/mnt/ubna_data_02_mir/recover-20221013/UBNA_001/20221012_030000.WAV,Telephone Field,recover-20221013,001,1795
231.2095,231.2477,68437,81681,Rhinolophus ferrumequinum,0.022,0.022,-1,Echolocation,/mnt/ubna_data_02_mir/recover-20221013/UBNA_001/20221012_030000.WAV,Telephone Field,recover-20221013,001,1795
231.2105,231.2211,43515,49450,Pipistrellus pipistrellus,0.017,0.022,-1,Echolocation,/mnt/ubna_data_02_mir/recover-20221013/UBNA_001/20221012_030000.WAV,Telephone Field,recover-20221013,001,1795
231.2135,231.2211,27187,40127,Eptesicus serotinus,0.007,0.024,-1,Echolocation,/mnt/ubna_data_02_mir/recover-20221013/UBNA_001/20221012_030000.WAV,Telephone Field,recover-20221013,001,1795
231.2375,231.2769,68437,82221,Rhinolophus ferrumequinum,0.024,0.025,-1,Echolocation,/mnt/ubna_data_02_mir/recover-20221013/UBNA_001/20221012_030000.WAV,Telephone Field,recover-20221013,001,1795
231.2715,231.2813,28906,36723,Eptesicus serotinus,0.01,0.025,-1,Echolocation,/mnt/ubna_data_02_mir/recover-20221013/UBNA_001/20221012_030000.WAV,Telephone Field,recover-20221013,001,1795
231.2905,231.3304,68437,81848,Rhinolophus ferrumequinum,0.021,0.021,-1,Echolocation,/mnt/ubna_data_02_mir/recover-20221013/UBNA_001/20221012_030000.WAV,Telephone Field,recover-20221013,001,1795
231.2995,231.3398,68437,82314,Rhinolophus ferrumequinum,0.022,0.022,-1,Echolocation,/mnt/ubna_data_02_mir/recover-20221013/UBNA_001/20221012_030000.WAV,Telephone Field,recover-20221013,001,1795
231.3075,231.3482,68437,82699,Rhinolophus ferrumequinum,0.021,0.021,-1,Echolocation,/mnt/ubna_data_02_mir/recover-20221013/UBNA_001/20221012_030000.WAV,Telephone Field,recover-20221013,001,1795
231.3075,231.31380000000001,28906,38999,Eptesicus serotinus,0.01,0.041,-1,Echolocation,/mnt/ubna_data_02_mir/recover-20221013/UBNA_001/20221012_030000.WAV,Telephone Field,recover-20221013,001,1795
231.3255,231.3661,68437,82428,Rhinolophus ferrumequinum,0.025,0.025,-1,Echolocation,/mnt/ubna_data_02_mir/recover-20221013/UBNA_001/20221012_030000.WAV,Telephone Field,recover-20221013,001,1795
231.3425,231.3811,68437,82145,Rhinolophus ferrumequinum,0.022,0.022,-1,Echolocation,/mnt/ubna_data_02_mir/recover-20221013/UBNA_001/20221012_030000.WAV,Telephone Field,recover-20221013,001,1795
231.35750000000002,231.3959,68437,82273,Rhinolophus ferrumequinum,0.025,0.025,-1,Echolocation,/mnt/ubna_data_02_mir/recover-20221013/UBNA_001/20221012_030000.WAV,Telephone Field,recover-20221013,001,1795
231.3895,231.4256,68437,81725,Rhinolophus ferrumequinum,0.021,0.021,-1,Echolocation,/mnt/ubna_data_02_mir/recover-20221013/UBNA_001/20221012_030000.WAV,Telephone Field,recover-20221013,001,1795
231.3935,231.4039,27187,35191,Eptesicus serotinus,0.009,0.022,-1,Echolocation,/mnt/ubna_data_02_mir/recover-20221013/UBNA_001/20221012_030000.WAV,Telephone Field,recover-20221013,001,1795
231.4155,231.4546,68437,81996,Rhinolophus ferrumequinum,0.024,0.024,-1,Echolocation,/mnt/ubna_data_02_mir/recover-20221013/UBNA_001/20221012_030000.WAV,Telephone Field,recover-20221013,001,1795
231.4205,231.4308,23750,30110,Nyctalus leisleri,0.01,0.024,-1,Echolocation,/mnt/ubna_data_02_mir/recover-20221013/UBNA_001/20221012_030000.WAV,Telephone Field,recover-20221013,001,1795
231.4385,231.4761,68437,81495,Rhinolophus ferrumequinum,0.022,0.022,-1,Echolocation,/mnt/ubna_data_02_mir/recover-20221013/UBNA_001/20221012_030000.WAV,Telephone Field,recover-20221013,001,1795
231.4495,231.4582,28046,37150,Eptesicus serotinus,0.008,0.022,-1,Echolocation,/mnt/ubna_data_02_mir/recover-20221013/UBNA_001/20221012_030000.WAV,Telephone Field,recover-20221013,001,1795
231.4575,231.4973,68437,82538,Rhinolophus ferrumequinum,0.023,0.023,-1,Echolocation,/mnt/ubna_data_02_mir/recover-20221013/UBNA_001/20221012_030000.WAV,Telephone Field,recover-20221013,001,1795
231.4695,231.5077,68437,81558,Rhinolophus ferrumequinum,0.024,0.024,-1,Echolocation,/mnt/ubna_data_02_mir/recover-20221013/UBNA_001/20221012_030000.WAV,Telephone Field,recover-20221013,001,1795
231.4905,231.505,24609,29719,Nyctalus leisleri,0.018,0.036,-1,Echolocation,/mnt/ubna_data_02_mir/recover-20221013/UBNA_001/20221012_030000.WAV,Telephone Field,recover-20221013,001,1795
231.5195,231.532,51250,56521,Pipistrellus pipistrellus,0.039,0.047,-1,Echolocation,/mnt/ubna_data_02_mir/recover-20221013/UBNA_001/20221012_030000.WAV,Telephone Field,recover-20221013,001,1795
231.5215,231.5353,22031,26226,Nyctalus leisleri,0.014,0.024,-1,Echolocation,/mnt/ubna_data_02_mir/recover-20221013/UBNA_001/20221012_030000.WAV,Telephone Field,recover-20221013,001,1795
231.5605,231.6002,68437,82687,Rhinolophus ferrumequinum,0.021,0.021,-1,Echolocation,/mnt/ubna_data_02_mir/recover-20221013/UBNA_001/20221012_030000.WAV,Telephone Field,recover-20221013,001,1795
231.5755,231.58350000000002,28046,37489,Eptesicus serotinus,0.007,0.023,-1,Echolocation,/mnt/ubna_data_02_mir/recover-20221013/UBNA_001/20221012_030000.WAV,Telephone Field,recover-20221013,001,1795
231.5995,231.6397,68437,82432,Rhinolophus ferrumequinum,0.022,0.022,-1,Echolocation,/mnt/ubna_data_02_mir/recover-20221013/UBNA_001/20221012_030000.WAV,Telephone Field,recover-20221013,001,1795
231.6175,231.6277,46093,49685,Pipistrellus pipistrellus,0.023,0.025,-1,Echolocation,/mnt/ubna_data_02_mir/recover-20221013/UBNA_001/20221012_030000.WAV,Telephone Field,recover-20221013,001,1795
231.6265,231.6358,24609,32185,Eptesicus serotinus,0.008,0.026,-1,Echolocation,/mnt/ubna_data_02_mir/recover-20221013/UBNA_001/20221012_030000.WAV,Telephone Field,recover-20221013,001,1795
231.6465,231.6904,68437,83137,Rhinolophus ferrumequinum,0.041,0.041,-1,Echolocation,/mnt/ubna_data_02_mir/recover-20221013/UBNA_001/20221012_030000.WAV,Telephone Field,recover-20221013,001,1795
231.6475,231.6562,27187,37657,Eptesicus serotinus,0.007,0.022,-1,Echolocation,/mnt/ubna_data_02_mir/recover-20221013/UBNA_001/20221012_030000.WAV,Telephone Field,recover-20221013,001,1795
231.6635,231.6751,22890,27743,Nyctalus leisleri,0.012,0.024,-1,Echolocation,/mnt/ubna_data_02_mir/recover-20221013/UBNA_001/20221012_030000.WAV,Telephone Field,recover-20221013,001,1795
231.6705,231.6817,22890,28331,Nyctalus leisleri,0.011,0.023,-1,Echolocation,/mnt/ubna_data_02_mir/recover-20221013/UBNA_001/20221012_030000.WAV,Telephone Field,recover-20221013,001,1795
231.6955,231.7342,68437,81570,Rhinolophus ferrumequinum,0.025,0.025,-1,Echolocation,/mnt/ubna_data_02_mir/recover-20221013/UBNA_001/20221012_030000.WAV,Telephone Field,recover-20221013,001,1795
231.7225,231.7642,68437,83103,Rhinolophus ferrumequinum,0.027,0.027,-1,Echolocation,/mnt/ubna_data_02_mir/recover-20221013/UBNA_001/20221012_030000.WAV,Telephone Field,recover-20221013,001,1795
231.7465,231.7855,68437,82198,Rhinolophus ferrumequinum,0.028,0.028,-1,Echolocation,/mnt/ubna_data_02_mir/recover-20221013/UBNA_001/20221012_030000.WAV,Telephone Field,recover-20221013,001,1795
231.7925,231.8325,68437,82413,Rhinolophus ferrumequinum,0.021,0.022,-1,Echolocation,/mnt/ubna_data_02_mir/recover-20221013/UBNA_001/20221012_030000.WAV,Telephone Field,recover-20221013,001,1795
231.8105,231.8513,68437,83001,Rhinolophus ferrumequinum,0.025,0.025,-1,Echolocation,/mnt/ubna_data_02_mir/recover-20221013/UBNA_001/20221012_030000.WAV,Telephone Field,recover-20221013,001,1795
231.8495,231.8878,68437,82501,Rhinolophus ferrumequinum,0.027,0.027,-1,Echolocation,/mnt/ubna_data_02_mir/recover-20221013/UBNA_001/20221012_030000.WAV,Telephone Field,recover-20221013,001,1795
231.8605,231.8732,33203,38572,Pipistrellus nathusii,0.015,0.033,-1,Echolocation,/mnt/ubna_data_02_mir/recover-20221013/UBNA_001/20221012_030000.WAV,Telephone Field,recover-20221013,001,1795
231.8895,231.9297,68437,82272,Rhinolophus ferrumequinum,0.022,0.022,-1,Echolocation,/mnt/ubna_data_02_mir/recover-20221013/UBNA_001/20221012_030000.WAV,Telephone Field,recover-20221013,001,1795
231.8975,231.9365,68437,82326,Rhinolophus ferrumequinum,0.022,0.022,-1,Echolocation,/mnt/ubna_data_02_mir/recover-20221013/UBNA_001/20221012_030000.WAV,Telephone Field,recover-20221013,001,1795
231.9515,231.9591,28046,39128,Eptesicus serotinus,0.007,0.021,-1,Echolocation,/mnt/ubna_data_02_mir/recover-20221013/UBNA_001/20221012_030000.WAV,Telephone Field,recover-20221013,001,1795
231.95850000000002,231.9973,68437,81713,Rhinolophus ferrumequinum,0.022,0.022,-1,Echolocation,/mnt/ubna_data_02_mir/recover-20221013/UBNA_001/20221012_030000.WAV,Telephone Field,recover-20221013,001,1795
232.0015,232.0094,25468,36142,Nyctalus leisleri,0.007,0.026,-1,Echolocation,/mnt/ubna_data_02_mir/recover-20221013/UBNA_001/20221012_030000.WAV,Telephone Field,recover-20221013,001,1795
232.0015,232.0139,48671,54723,Pipistrellus pipistrellus,0.025,0.033,-1,Echolocation,/mnt/ubna_data_02_mir/recover-20221013/UBNA_001/20221012_030000.WAV,Telephone Field,recover-20221013,001,1795
232.0025,232.0418,68437,81281,Rhinolophus ferrumequinum,0.021,0.021,-1,Echolocation,/mnt/ubna_data_02_mir/recover-20221013/UBNA_001/20221012_030000.WAV,Telephone Field,recover-20221013,001,1795
232.0575,232.0673,22031,27509,Nyctalus leisleri,0.007,0.022,-1,Echolocation,/mnt/ubna_data_02_mir/recover-20221013/UBNA_001/20221012_030000.WAV,Telephone Field,recover-20221013,001,1795
232.0625,232.1029,68437,82336,Rhinolophus ferrumequinum,0.021,0.021,-1,Echolocation,/mnt/ubna_data_02_mir/recover-20221013/UBNA_001/20221012_030000.WAV,Telephone Field,recover-20221013,001,1795
232.0695,232.11169999999998,68437,82275,Rhinolophus ferrumequinum,0.02,0.02,-1,Echolocation,/mnt/ubna_data_02_mir/recover-20221013/UBNA_001/20221012_030000.WAV,Telephone Field,recover-20221013,001,1795
232.0985,232.1371,68437,82016,Rhinolophus ferrumequinum,0.023,0.023,-1,Echolocation,/mnt/ubna_data_02_mir/recover-20221013/UBNA_001/20221012_030000.WAV,Telephone Field,recover-20221013,001,1795
232.1195,232.1586,68437,82191,Rhinolophus ferrumequinum,0.021,0.021,-1,Echolocation,/mnt/ubna_data_02_mir/recover-20221013/UBNA_001/20221012_030000.WAV,Telephone Field,recover-20221013,001,1795
232.1205,232.1403,20312,23298,Nyctalus leisleri,0.016,0.026,-1,Echolocation,/mnt/ubna_data_02_mir/recover-20221013/UBNA_001/20221012_030000.WAV,Telephone Field,recover-20221013,001,1795
232.1405,232.1797,68437,82295,Rhinolophus ferrumequinum,0.021,0.021,-1,Echolocation,/mnt/ubna_data_02_mir/recover-20221013/UBNA_001/20221012_030000.WAV,Telephone Field,recover-20221013,001,1795
232.1825,232.222,68437,82591,Rhinolophus ferrumequinum,0.02,0.02,-1,Echolocation,/mnt/ubna_data_02_mir/recover-20221013/UBNA_001/20221012_030000.WAV,Telephone Field,recover-20221013,001,1795
232.2115,232.218,26328,39521,Myotis nattereri,0.005,0.022,-1,Echolocation,/mnt/ubna_data_02_mir/recover-20221013/UBNA_001/20221012_030000.WAV,Telephone Field,recover-20221013,001,1795
232.2395,232.2509,22890,27133,Nyctalus leisleri,0.013,0.024,-1,Echolocation,/mnt/ubna_data_02_mir/recover-20221013/UBNA_001/20221012_030000.WAV,Telephone Field,recover-20221013,001,1795
232.2985,232.3367,68437,82271,Rhinolophus ferrumequinum,0.022,0.023,-1,Echolocation,/mnt/ubna_data_02_mir/recover-20221013/UBNA_001/20221012_030000.WAV,Telephone Field,recover-20221013,001,1795
232.3355,232.3425,27187,38832,Eptesicus serotinus,0.006,0.021,-1,Echolocation,/mnt/ubna_data_02_mir/recover-20221013/UBNA_001/20221012_030000.WAV,Telephone Field,recover-20221013,001,1795
232.3415,232.3807,68437,82634,Rhinolophus ferrumequinum,0.025,0.025,-1,Echolocation,/mnt/ubna_data_02_mir/recover-20221013/UBNA_001/20221012_030000.WAV,Telephone Field,recover-20221013,001,1795
232.3535,232.3636,22890,29172,Nyctalus leisleri,0.01,0.026,-1,Echolocation,/mnt/ubna_data_02_mir/recover-20221013/UBNA_001/20221012_030000.WAV,Telephone Field,recover-20221013,001,1795
232.41649999999998,232.4265,22890,29540,Nyctalus leisleri,0.01,0.03,-1,Echolocation,/mnt/ubna_data_02_mir/recover-20221013/UBNA_001/20221012_030000.WAV,Telephone Field,recover-20221013,001,1795
232.4355,232.4443,28046,40370,Eptesicus serotinus,0.007,0.02,-1,Echolocation,/mnt/ubna_data_02_mir/recover-20221013/UBNA_001/20221012_030000.WAV,Telephone Field,recover-20221013,001,1795
232.4885,232.5272,68437,81931,Rhinolophus ferrumequinum,0.021,0.021,-1,Echolocation,/mnt/ubna_data_02_mir/recover-20221013/UBNA_001/20221012_030000.WAV,Telephone Field,recover-20221013,001,1795
232.52949999999998,232.5379,28046,37816,Eptesicus serotinus,0.007,0.021,-1,Echolocation,/mnt/ubna_data_02_mir/recover-20221013/UBNA_001/20221012_030000.WAV,Telephone Field,recover-20221013,001,1795
232.5635,232.6006,68437,81462,Rhinolophus ferrumequinum,0.021,0.021,-1,Echolocation,/mnt/ubna_data_02_mir/recover-20221013/UBNA_001/20221012_030000.WAV,Telephone Field,recover-20221013,001,1795
232.6025,232.6458,68437,82660,Rhinolophus ferrumequinum,0.022,0.022,-1,Echolocation,/mnt/ubna_data_02_mir/recover-20221013/UBNA_001/20221012_030000.WAV,Telephone Field,recover-20221013,001,1795
232.6465,232.6851,68437,81523,Rhinolophus ferrumequinum,0.02,0.02,-1,Echolocation,/mnt/ubna_data_02_mir/recover-20221013/UBNA_001/20221012_030000.WAV,Telephone Field,recover-20221013,001,1795
232.6485,232.6569,28046,37981,Eptesicus serotinus,0.009,0.024,-1,Echolocation,/mnt/ubna_data_02_mir/recover-20221013/UBNA_001/20221012_030000.WAV,Telephone Field,recover-20221013,001,1795
232.6565,232.69310000000002,68437,80130,Rhinolophus ferrumequinum,0.022,0.022,-1,Echolocation,/mnt/ubna_data_02_mir/recover-20221013/UBNA_001/20221012_030000.WAV,Telephone Field,recover-20221013,001,1795
232.6855,232.7267,68437,82912,Rhinolophus ferrumequinum,0.024,0.024,-1,Echolocation,/mnt/ubna_data_02_mir/recover-20221013/UBNA_001/20221012_030000.WAV,Telephone Field,recover-20221013,001,1795
232.6905,232.7011,23750,30003,Nyctalus leisleri,0.008,0.021,-1,Echolocation,/mnt/ubna_data_02_mir/recover-20221013/UBNA_001/20221012_030000.WAV,Telephone Field,recover-20221013,001,1795
232.7215,232.7289,28046,41676,Eptesicus serotinus,0.007,0.024,-1,Echolocation,/mnt/ubna_data_02_mir/recover-20221013/UBNA_001/20221012_030000.WAV,Telephone Field,recover-20221013,001,1795
232.7535,232.7624,26328,36776,Eptesicus serotinus,0.008,0.022,-1,Echolocation,/mnt/ubna_data_02_mir/recover-20221013/UBNA_001/20221012_030000.WAV,Telephone Field,recover-20221013,001,1795
232.7905,232.8279,68437,82208,Rhinolophus ferrumequinum,0.021,0.022,-1,Echolocation,/mnt/ubna_data_02_mir/recover-20221013/UBNA_001/20221012_030000.WAV,Telephone Field,recover-20221013,001,1795
232.8085,232.8509,68437,82907,Rhinolophus ferrumequinum,0.021,0.021,-1,Echolocation,/mnt/ubna_data_02_mir/recover-20221013/UBNA_001/20221012_030000.WAV,Telephone Field,recover-20221013,001,1795
232.8185,232.8305,22031,26730,Nyctalus leisleri,0.013,0.026,-1,Echolocation,/mnt/ubna_data_02_mir/recover-20221013/UBNA_001/20221012_030000.WAV,Telephone Field,recover-20221013,001,1795
232.8605,232.8996,68437,82034,Rhinolophus ferrumequinum,0.023,0.023,-1,Echolocation,/mnt/ubna_data_02_mir/recover-20221013/UBNA_001/20221012_030000.WAV,Telephone Field,recover-20221013,001,1795
232.9065,232.9132,28906,41716,Eptesicus serotinus,0.007,0.026,-1,Echolocation,/mnt/ubna_data_02_mir/recover-20221013/UBNA_001/20221012_030000.WAV,Telephone Field,recover-20221013,001,1795
232.9215,232.9644,68437,83407,Rhinolophus ferrumequinum,0.025,0.025,-1,Echolocation,/mnt/ubna_data_02_mir/recover-20221013/UBNA_001/20221012_030000.WAV,Telephone Field,recover-20221013,001,1795
232.9225,232.931,25468,33850,Eptesicus serotinus,0.007,0.021,-1,Echolocation,/mnt/ubna_data_02_mir/recover-20221013/UBNA_001/20221012_030000.WAV,Telephone Field,recover-20221013,001,1795
232.9615,233.0015,68437,82783,Rhinolophus ferrumequinum,0.022,0.022,-1,Echolocation,/mnt/ubna_data_02_mir/recover-20221013/UBNA_001/20221012_030000.WAV,Telephone Field,recover-20221013,001,1795
233.0075,233.0169,28046,36893,Eptesicus serotinus,0.008,0.021,-1,Echolocation,/mnt/ubna_data_02_mir/recover-20221013/UBNA_001/20221012_030000.WAV,Telephone Field,recover-20221013,001,1795
233.0085,233.0519,68437,83620,Rhinolophus ferrumequinum,0.034,0.034,-1,Echolocation,/mnt/ubna_data_02_mir/recover-20221013/UBNA_001/20221012_030000.WAV,Telephone Field,recover-20221013,001,1795
233.05349999999999,233.065,23750,30087,Nyctalus leisleri,0.01,0.024,-1,Echolocation,/mnt/ubna_data_02_mir/recover-20221013/UBNA_001/20221012_030000.WAV,Telephone Field,recover-20221013,001,1795
233.0665,233.0788,22031,25782,Nyctalus leisleri,0.012,0.02,-1,Echolocation,/mnt/ubna_data_02_mir/recover-20221013/UBNA_001/20221012_030000.WAV,Telephone Field,recover-20221013,001,1795
233.0795,233.0929,53828,58357,Pipistrellus pygmaeus,0.025,0.03,-1,Echolocation,/mnt/ubna_data_02_mir/recover-20221013/UBNA_001/20221012_030000.WAV,Telephone Field,recover-20221013,001,1795
233.1305,233.1716,68437,82807,Rhinolophus ferrumequinum,0.025,0.025,-1,Echolocation,/mnt/ubna_data_02_mir/recover-20221013/UBNA_001/20221012_030000.WAV,Telephone Field,recover-20221013,001,1795
233.1315,233.1454,48671,52675,Pipistrellus pipistrellus,0.034,0.04,-1,Echolocation,/mnt/ubna_data_02_mir/recover-20221013/UBNA_001/20221012_030000.WAV,Telephone Field,recover-20221013,001,1795
233.1495,233.1882,68437,82682,Rhinolophus ferrumequinum,0.023,0.023,-1,Echolocation,/mnt/ubna_data_02_mir/recover-20221013/UBNA_001/20221012_030000.WAV,Telephone Field,recover-20221013,001,1795
233.1975,233.2377,68437,82060,Rhinolophus ferrumequinum,0.022,0.022,-1,Echolocation,/mnt/ubna_data_02_mir/recover-20221013/UBNA_001/20221012_030000.WAV,Telephone Field,recover-20221013,001,1795
233.2315,233.2722,68437,82616,Rhinolophus ferrumequinum,0.022,0.022,-1,Echolocation,/mnt/ubna_data_02_mir/recover-20221013/UBNA_001/20221012_030000.WAV,Telephone Field,recover-20221013,001,1795
233.2395,233.2484,24609,34983,Eptesicus serotinus,0.006,0.02,-1,Echolocation,/mnt/ubna_data_02_mir/recover-20221013/UBNA_001/20221012_030000.WAV,Telephone Field,recover-20221013,001,1795
233.2635,233.3025,68437,82758,Rhinolophus ferrumequinum,0.024,0.024,-1,Echolocation,/mnt/ubna_data_02_mir/recover-20221013/UBNA_001/20221012_030000.WAV,Telephone Field,recover-20221013,001,1795
233.2975,233.3373,68437,82373,Rhinolophus ferrumequinum,0.025,0.025,-1,Echolocation,/mnt/ubna_data_02_mir/recover-20221013/UBNA_001/20221012_030000.WAV,Telephone Field,recover-20221013,001,1795
233.3225,233.3325,22031,27118,Nyctalus leisleri,0.008,0.02,-1,Echolocation,/mnt/ubna_data_02_mir/recover-20221013/UBNA_001/20221012_030000.WAV,Telephone Field,recover-20221013,001,1795
233.3385,233.3483,28046,36948,Eptesicus serotinus,0.011,0.024,-1,Echolocation,/mnt/ubna_data_02_mir/recover-20221013/UBNA_001/20221012_030000.WAV,Telephone Field,recover-20221013,001,1795
233.3475,233.3839,68437,82120,Rhinolophus ferrumequinum,0.02,0.02,-1,Echolocation,/mnt/ubna_data_02_mir/recover-20221013/UBNA_001/20221012_030000.WAV,Telephone Field,recover-20221013,001,1795
233.3635,233.405,68437,82896,Rhinolophus ferrumequinum,0.027,0.027,-1,Echolocation,/mnt/ubna_data_02_mir/recover-20221013/UBNA_001/20221012_030000.WAV,Telephone Field,recover-20221013,001,1795
233.4085,233.4472,68437,82086,Rhinolophus ferrumequinum,0.022,0.022,-1,Echolocation,/mnt/ubna_data_02_mir/recover-20221013/UBNA_001/20221012_030000.WAV,Telephone Field,recover-20221013,001,1795
233.4185,233.4578,68437,81955,Rhinolophus ferrumequinum,0.021,0.021,-1,Echolocation,/mnt/ubna_data_02_mir/recover-20221013/UBNA_001/20221012_030000.WAV,Telephone Field,recover-20221013,001,1795
233.4275,233.4646,68437,81559,Rhinolophus ferrumequinum,0.021,0.021,-1,Echolocation,/mnt/ubna_data_02_mir/recover-20221013/UBNA_001/20221012_030000.WAV,Telephone Field,recover-20221013,001,1795
233.4475,233.4866,68437,82161,Rhinolophus ferrumequinum,0.02,0.02,-1,Echolocation,/mnt/ubna_data_02_mir/recover-20221013/UBNA_001/20221012_030000.WAV,Telephone Field,recover-20221013,001,1795
233.4925,233.5311,68437,82132,Rhinolophus ferrumequinum,0.021,0.021,-1,Echolocation,/mnt/ubna_data_02_mir/recover-20221013/UBNA_001/20221012_030000.WAV,Telephone Field,recover-20221013,001,1795
233.4945,233.5043,22890,29469,Nyctalus leisleri,0.008,0.023,-1,Echolocation,/mnt/ubna_data_02_mir/recover-20221013/UBNA_001/20221012_030000.WAV,Telephone Field,recover-20221013,001,1795
233.5035,233.5143,28906,36788,Eptesicus serotinus,0.012,0.027,-1,Echolocation,/mnt/ubna_data_02_mir/recover-20221013/UBNA_001/20221012_030000.WAV,Telephone Field,recover-20221013,001,1795
233.5035,233.542,68437,82136,Rhinolophus ferrumequinum,0.022,0.022,-1,Echolocation,/mnt/ubna_data_02_mir/recover-20221013/UBNA_001/20221012_030000.WAV,Telephone Field,recover-20221013,001,1795
233.5185,233.5266,28046,37656,Eptesicus serotinus,0.007,0.021,-1,Echolocation,/mnt/ubna_data_02_mir/recover-20221013/UBNA_001/20221012_030000.WAV,Telephone Field,recover-20221013,001,1795
233.5285,233.565,68437,80987,Rhinolophus ferrumequinum,0.024,0.024,-1,Echolocation,/mnt/ubna_data_02_mir/recover-20221013/UBNA_001/20221012_030000.WAV,Telephone Field,recover-20221013,001,1795
233.5385,233.5462,28046,39906,Eptesicus serotinus,0.007,0.021,-1,Echolocation,/mnt/ubna_data_02_mir/recover-20221013/UBNA_001/20221012_030000.WAV,Telephone Field,recover-20221013,001,1795
233.54149999999998,233.5516,22890,28182,Nyctalus leisleri,0.01,0.021,-1,Echolocation,/mnt/ubna_data_02_mir/recover-20221013/UBNA_001/20221012_030000.WAV,Telephone Field,recover-20221013,001,1795
233.5665,233.575,25468,33094,Eptesicus serotinus,0.006,0.02,-1,Echolocation,/mnt/ubna_data_02_mir/recover-20221013/UBNA_001/20221012_030000.WAV,Telephone Field,recover-20221013,001,1795
233.5815,233.589,46093,52022,Pipistrellus pipistrellus,0.02,0.021,-1,Echolocation,/mnt/ubna_data_02_mir/recover-20221013/UBNA_001/20221012_030000.WAV,Telephone Field,recover-20221013,001,1795
233.58350000000002,233.61939999999998,68437,81039,Rhinolophus ferrumequinum,0.024,0.024,-1,Echolocation,/mnt/ubna_data_02_mir/recover-20221013/UBNA_001/20221012_030000.WAV,Telephone Field,recover-20221013,001,1795
233.5975,233.6377,68437,82383,Rhinolophus ferrumequinum,0.021,0.021,-1,Echolocation,/mnt/ubna_data_02_mir/recover-20221013/UBNA_001/20221012_030000.WAV,Telephone Field,recover-20221013,001,1795
233.70850000000002,233.7165,27187,37834,Eptesicus serotinus,0.007,0.02,-1,Echolocation,/mnt/ubna_data_02_mir/recover-20221013/UBNA_001/20221012_030000.WAV,Telephone Field,recover-20221013,001,1795
233.7165,233.7269,24609,30871,Nyctalus leisleri,0.009,0.023,-1,Echolocation,/mnt/ubna_data_02_mir/recover-20221013/UBNA_001/20221012_030000.WAV,Telephone Field,recover-20221013,001,1795
233.7165,233.75560000000002,68437,81583,Rhinolophus ferrumequinum,0.026,0.026,-1,Echolocation,/mnt/ubna_data_02_mir/recover-20221013/UBNA_001/20221012_030000.WAV,Telephone Field,recover-20221013,001,1795
233.7665,233.8059,68437,81853,Rhinolophus ferrumequinum,0.02,0.02,-1,Echolocation,/mnt/ubna_data_02_mir/recover-20221013/UBNA_001/20221012_030000.WAV,Telephone Field,recover-20221013,001,1795
233.7785,233.7887,28046,36092,Eptesicus serotinus,0.009,0.021,-1,Echolocation,/mnt/ubna_data_02_mir/recover-20221013/UBNA_001/20221012_030000.WAV,Telephone Field,recover-20221013,001,1795
233.7935,233.83350000000002,68437,82242,Rhinolophus ferrumequinum,0.02,0.021,-1,Echolocation,/mnt/ubna_data_02_mir/recover-20221013/UBNA_001/20221012_030000.WAV,Telephone Field,recover-20221013,001,1795
233.8005,233.83859999999999,68437,82398,Rhinolophus ferrumequinum,0.022,0.022,-1,Echolocation,/mnt/ubna_data_02_mir/recover-20221013/UBNA_001/20221012_030000.WAV,Telephone Field,recover-20221013,001,1795
233.8075,233.8477,68437,82162,Rhinolophus ferrumequinum,0.022,0.022,-1,Echolocation,/mnt/ubna_data_02_mir/recover-20221013/UBNA_001/20221012_030000.WAV,Telephone Field,recover-20221013,001,1795
233.8345,233.8754,68437,82160,Rhinolophus ferrumequinum,0.025,0.025,-1,Echolocation,/mnt/ubna_data_02_mir/recover-20221013/UBNA_001/20221012_030000.WAV,Telephone Field,recover-20221013,001,1795
233.94650000000001,233.9828,68437,81602,Rhinolophus ferrumequinum,0.022,0.022,-1,Echolocation,/mnt/ubna_data_02_mir/recover-20221013/UBNA_001/20221012_030000.WAV,Telephone Field,recover-20221013,001,1795
233.9575,233.9954,68437,81940,Rhinolophus ferrumequinum,0.023,0.023,-1,Echolocation,/mnt/ubna_data_02_mir/recover-20221013/UBNA_001/20221012_030000.WAV,Telephone Field,recover-20221013,001,1795
233.9805,233.9899,28046,36483,Eptesicus serotinus,0.008,0.021,-1,Echolocation,/mnt/ubna_data_02_mir/recover-20221013/UBNA_001/20221012_030000.WAV,Telephone Field,recover-20221013,001,1795
234.0015,234.0343,68437,79881,Rhinolophus ferrumequinum,0.028,0.028,-1,Echolocation,/mnt/ubna_data_02_mir/recover-20221013/UBNA_001/20221012_030000.WAV,Telephone Field,recover-20221013,001,1795
234.0015,234.0123,25468,31951,Nyctalus leisleri,0.017,0.039,-1,Echolocation,/mnt/ubna_data_02_mir/recover-20221013/UBNA_001/20221012_030000.WAV,Telephone Field,recover-20221013,001,1795
234.0015,234.0103,47812,53694,Pipistrellus pipistrellus,0.015,0.021,-1,Echolocation,/mnt/ubna_data_02_mir/recover-20221013/UBNA_001/20221012_030000.WAV,Telephone Field,recover-20221013,001,1795
234.0155,234.0264,45234,49267,Pipistrellus pipistrellus,0.023,0.027,-1,Echolocation,/mnt/ubna_data_02_mir/recover-20221013/UBNA_001/20221012_030000.WAV,Telephone Field,recover-20221013,001,1795
234.0375,234.0512,22890,27294,Nyctalus leisleri,0.015,0.026,-1,Echolocation,/mnt/ubna_data_02_mir/recover-20221013/UBNA_001/20221012_030000.WAV,Telephone Field,recover-20221013,001,1795
234.04149999999998,234.0821,68437,81674,Rhinolophus ferrumequinum,0.021,0.021,-1,Echolocation,/mnt/ubna_data_02_mir/recover-20221013/UBNA_001/20221012_030000.WAV,Telephone Field,recover-20221013,001,1795
234.0575,234.0682,24609,31322,Nyctalus leisleri,0.011,0.032,-1,Echolocation,/mnt/ubna_data_02_mir/recover-20221013/UBNA_001/20221012_030000.WAV,Telephone Field,recover-20221013,001,1795
234.0645,234.09890000000001,68437,80964,Rhinolophus ferrumequinum,0.023,0.023,-1,Echolocation,/mnt/ubna_data_02_mir/recover-20221013/UBNA_001/20221012_030000.WAV,Telephone Field,recover-20221013,001,1795
234.0845,234.1172,68437,81017,Rhinolophus ferrumequinum,0.032,0.032,-1,Echolocation,/mnt/ubna_data_02_mir/recover-20221013/UBNA_001/20221012_030000.WAV,Telephone Field,recover-20221013,001,1795
234.09550000000002,234.108,27187,33246,Eptesicus serotinus,0.02,0.037,-1,Echolocation,/mnt/ubna_data_02_mir/recover-20221013/UBNA_001/20221012_030000.WAV,Telephone Field,recover-20221013,001,1795
234.1255,234.1644,68437,81843,Rhinolophus ferrumequinum,0.023,0.023,-1,Echolocation,/mnt/ubna_data_02_mir/recover-20221013/UBNA_001/20221012_030000.WAV,Telephone Field,recover-20221013,001,1795
234.1385,234.1772,68437,81915,Rhinolophus ferrumequinum,0.022,0.022,-1,Echolocation,/mnt/ubna_data_02_mir/recover-20221013/UBNA_001/20221012_030000.WAV,Telephone Field,recover-20221013,001,1795
234.1695,234.1784,28046,37354,Eptesicus serotinus,0.01,0.024,-1,Echolocation,/mnt/ubna_data_02_mir/recover-20221013/UBNA_001/20221012_030000.WAV,Telephone Field,recover-20221013,001,1795
234.2125,234.2483,68437,81415,Rhinolophus ferrumequinum,0.022,0.022,-1,Echolocation,/mnt/ubna_data_02_mir/recover-20221013/UBNA_001/20221012_030000.WAV,Telephone Field,recover-20221013,001,1795
234.2615,234.3014,68437,81669,Rhinolophus ferrumequinum,0.022,0.022,-1,Echolocation,/mnt/ubna_data_02_mir/recover-20221013/UBNA_001/20221012_030000.WAV,Telephone Field,recover-20221013,001,1795
234.2645,234.2744,27187,37630,Eptesicus serotinus,0.01,0.022,-1,Echolocation,/mnt/ubna_data_02_mir/recover-20221013/UBNA_001/20221012_030000.WAV,Telephone Field,recover-20221013,001,1795
234.2715,234.2796,28046,37888,Eptesicus serotinus,0.007,0.023,-1,Echolocation,/mnt/ubna_data_02_mir/recover-20221013/UBNA_001/20221012_030000.WAV,Telephone Field,recover-20221013,001,1795
234.2845,234.3213,68437,81334,Rhinolophus ferrumequinum,0.022,0.022,-1,Echolocation,/mnt/ubna_data_02_mir/recover-20221013/UBNA_001/20221012_030000.WAV,Telephone Field,recover-20221013,001,1795
234.3085,234.3513,68437,83401,Rhinolophus ferrumequinum,0.024,0.024,-1,Echolocation,/mnt/ubna_data_02_mir/recover-20221013/UBNA_001/20221012_030000.WAV,Telephone Field,recover-20221013,001,1795
234.3295,234.3486,20312,23640,Nyctalus leisleri,0.014,0.024,-1,Echolocation,/mnt/ubna_data_02_mir/recover-20221013/UBNA_001/20221012_030000.WAV,Telephone Field,recover-20221013,001,1795
234.3375,234.3478,22031,27295,Nyctalus leisleri,0.01,0.022,-1,Echolocation,/mnt/ubna_data_02_mir/recover-20221013/UBNA_001/20221012_030000.WAV,Telephone Field,recover-20221013,001,1795
234.3375,234.3769,68437,82310,Rhinolophus ferrumequinum,0.028,0.028,-1,Echolocation,/mnt/ubna_data_02_mir/recover-20221013/UBNA_001/20221012_030000.WAV,Telephone Field,recover-20221013,001,1795
234.3475,234.3885,68437,82445,Rhinolophus ferrumequinum,0.024,0.024,-1,Echolocation,/mnt/ubna_data_02_mir/recover-20221013/UBNA_001/20221012_030000.WAV,Telephone Field,recover-20221013,001,1795
234.3755,234.3825,28046,41494,Eptesicus serotinus,0.006,0.021,-1,Echolocation,/mnt/ubna_data_02_mir/recover-20221013/UBNA_001/20221012_030000.WAV,Telephone Field,recover-20221013,001,1795
234.3905,234.4293,68437,82586,Rhinolophus ferrumequinum,0.024,0.024,-1,Echolocation,/mnt/ubna_data_02_mir/recover-20221013/UBNA_001/20221012_030000.WAV,Telephone Field,recover-20221013,001,1795
234.4135,234.4244,22890,28490,Nyctalus leisleri,0.011,0.026,-1,Echolocation,/mnt/ubna_data_02_mir/recover-20221013/UBNA_001/20221012_030000.WAV,Telephone Field,recover-20221013,001,1795
234.4435,234.45080000000002,28046,39855,Eptesicus serotinus,0.007,0.024,-1,Echolocation,/mnt/ubna_data_02_mir/recover-20221013/UBNA_001/20221012_030000.WAV,Telephone Field,recover-20221013,001,1795
234.5135,234.5284,51250,55396,Pipistrellus pipistrellus,0.034,0.051,-1,Echolocation,/mnt/ubna_data_02_mir/recover-20221013/UBNA_001/20221012_030000.WAV,Telephone Field,recover-20221013,001,1795
234.5275,234.5674,68437,82497,Rhinolophus ferrumequinum,0.023,0.023,-1,Echolocation,/mnt/ubna_data_02_mir/recover-20221013/UBNA_001/20221012_030000.WAV,Telephone Field,recover-20221013,001,1795
234.5805,234.5889,27187,39139,Eptesicus serotinus,0.009,0.024,-1,Echolocation,/mnt/ubna_data_02_mir/recover-20221013/UBNA_001/20221012_030000.WAV,Telephone Field,recover-20221013,001,1795
234.5895,234.6272,68437,82051,Rhinolophus ferrumequinum,0.031,0.031,-1,Echolocation,/mnt/ubna_data_02_mir/recover-20221013/UBNA_001/20221012_030000.WAV,Telephone Field,recover-20221013,001,1795
234.6335,234.6453,22890,28054,Nyctalus leisleri,0.012,0.024,-1,Echolocation,/mnt/ubna_data_02_mir/recover-20221013/UBNA_001/20221012_030000.WAV,Telephone Field,recover-20221013,001,1795
234.6445,234.6839,68437,82518,Rhinolophus ferrumequinum,0.025,0.025,-1,Echolocation,/mnt/ubna_data_02_mir/recover-20221013/UBNA_001/20221012_030000.WAV,Telephone Field,recover-20221013,001,1795
234.6625,234.6773,22890,27462,Nyctalus leisleri,0.014,0.025,-1,Echolocation,/mnt/ubna_data_02_mir/recover-20221013/UBNA_001/20221012_030000.WAV,Telephone Field,recover-20221013,001,1795
234.6975,234.7067,28046,39155,Eptesicus serotinus,0.007,0.021,-1,Echolocation,/mnt/ubna_data_02_mir/recover-20221013/UBNA_001/20221012_030000.WAV,Telephone Field,recover-20221013,001,1795
234.7065,234.7166,28906,35996,Eptesicus serotinus,0.008,0.021,-1,Echolocation,/mnt/ubna_data_02_mir/recover-20221013/UBNA_001/20221012_030000.WAV,Telephone Field,recover-20221013,001,1795
234.7305,234.7683,68437,82205,Rhinolophus ferrumequinum,0.021,0.021,-1,Echolocation,/mnt/ubna_data_02_mir/recover-20221013/UBNA_001/20221012_030000.WAV,Telephone Field,recover-20221013,001,1795
234.7515,234.7922,68437,82418,Rhinolophus ferrumequinum,0.025,0.025,-1,Echolocation,/mnt/ubna_data_02_mir/recover-20221013/UBNA_001/20221012_030000.WAV,Telephone Field,recover-20221013,001,1795
234.8105,234.8211,24609,31272,Eptesicus serotinus,0.009,0.023,-1,Echolocation,/mnt/ubna_data_02_mir/recover-20221013/UBNA_001/20221012_030000.WAV,Telephone Field,recover-20221013,001,1795
234.8155,234.8247,26328,35485,Eptesicus serotinus,0.009,0.022,-1,Echolocation,/mnt/ubna_data_02_mir/recover-20221013/UBNA_001/20221012_030000.WAV,Telephone Field,recover-20221013,001,1795
234.8675,234.8765,28046,38930,Eptesicus serotinus,0.009,0.023,-1,Echolocation,/mnt/ubna_data_02_mir/recover-20221013/UBNA_001/20221012_030000.WAV,Telephone Field,recover-20221013,001,1795
234.8695,234.8779,47812,51833,Pipistrellus pipistrellus,0.024,0.026,-1,Echolocation,/mnt/ubna_data_02_mir/recover-20221013/UBNA_001/20221012_030000.WAV,Telephone Field,recover-20221013,001,1795
234.8805,234.9212,68437,83160,Rhinolophus ferrumequinum,0.022,0.022,-1,Echolocation,/mnt/ubna_data_02_mir/recover-20221013/UBNA_001/20221012_030000.WAV,Telephone Field,recover-20221013,001,1795
234.8875,234.9282,68437,82684,Rhinolophus ferrumequinum,0.021,0.021,-1,Echolocation,/mnt/ubna_data_02_mir/recover-20221013/UBNA_001/20221012_030000.WAV,Telephone Field,recover-20221013,001,1795
234.9185,234.9263,26328,36671,Eptesicus serotinus,0.007,0.021,-1,Echolocation,/mnt/ubna_data_02_mir/recover-20221013/UBNA_001/20221012_030000.WAV,Telephone Field,recover-20221013,001,1795
234.9435,234.9822,68437,82172,Rhinolophus ferrumequinum,0.026,0.026,-1,Echolocation,/mnt/ubna_data_02_mir/recover-20221013/UBNA_001/20221012_030000.WAV,Telephone Field,recover-20221013,001,1795
234.9535,234.962,47812,51687,Pipistrellus pipistrellus,0.041,0.043,-1,Echolocation,/mnt/ubna_data_02_mir/recover-20221013/UBNA_001/20221012_030000.WAV,Telephone Field,recover-20221013,001,1795
234.9885,235.02609999999999,68437,81757,Rhinolophus ferrumequinum,0.021,0.021,-1,Echolocation,/mnt/ubna_data_02_mir/recover-20221013/UBNA_001/20221012_030000.WAV,Telephone Field,recover-20221013,001,1795
235.0195,235.0555,68437,81664,Rhinolophus ferrumequinum,0.024,0.024,-1,Echolocation,/mnt/ubna_data_02_mir/recover-20221013/UBNA_001/20221012_030000.WAV,Telephone Field,recover-20221013,001,1795
235.0385,235.0796,68437,82548,Rhinolophus ferrumequinum,0.022,0.022,-1,Echolocation,/mnt/ubna_data_02_mir/recover-20221013/UBNA_001/20221012_030000.WAV,Telephone Field,recover-20221013,001,1795
235.0735,235.1158,68437,83023,Rhinolophus ferrumequinum,0.037,0.037,-1,Echolocation,/mnt/ubna_data_02_mir/recover-20221013/UBNA_001/20221012_030000.WAV,Telephone Field,recover-20221013,001,1795
235.0875,235.0973,22890,29022,Nyctalus leisleri,0.008,0.022,-1,Echolocation,/mnt/ubna_data_02_mir/recover-20221013/UBNA_001/20221012_030000.WAV,Telephone Field,recover-20221013,001,1795
235.0975,235.1377,68437,82432,Rhinolophus ferrumequinum,0.022,0.022,-1,Echolocation,/mnt/ubna_data_02_mir/recover-20221013/UBNA_001/20221012_030000.WAV,Telephone Field,recover-20221013,001,1795
235.0985,235.1086,28906,36030,Eptesicus serotinus,0.009,0.021,-1,Echolocation,/mnt/ubna_data_02_mir/recover-20221013/UBNA_001/20221012_030000.WAV,Telephone Field,recover-20221013,001,1795
235.1315,235.1524,18593,21206,Nyctalus noctula,0.01,0.022,-1,Echolocation,/mnt/ubna_data_02_mir/recover-20221013/UBNA_001/20221012_030000.WAV,Telephone Field,recover-20221013,001,1795
235.1635,235.2037,68437,81915,Rhinolophus ferrumequinum,0.022,0.022,-1,Echolocation,/mnt/ubna_data_02_mir/recover-20221013/UBNA_001/20221012_030000.WAV,Telephone Field,recover-20221013,001,1795
235.1765,235.2106,68437,81482,Rhinolophus ferrumequinum,0.023,0.023,-1,Echolocation,/mnt/ubna_data_02_mir/recover-20221013/UBNA_001/20221012_030000.WAV,Telephone Field,recover-20221013,001,1795
235.1855,235.1936,47812,53704,Pipistrellus pipistrellus,0.019,0.022,-1,Echolocation,/mnt/ubna_data_02_mir/recover-20221013/UBNA_001/20221012_030000.WAV,Telephone Field,recover-20221013,001,1795
235.1995,235.2077,32343,43313,Myotis daubentonii,0.007,0.021,-1,Echolocation,/mnt/ubna_data_02_mir/recover-20221013/UBNA_001/20221012_030000.WAV,Telephone Field,recover-20221013,001,1795
235.2165,235.2543,68437,82258,Rhinolophus ferrumequinum,0.022,0.022,-1,Echolocation,/mnt/ubna_data_02_mir/recover-20221013/UBNA_001/20221012_030000.WAV,Telephone Field,recover-20221013,001,1795
235.2405,235.2814,68437,82289,Rhinolophus ferrumequinum,0.027,0.027,-1,Echolocation,/mnt/ubna_data_02_mir/recover-20221013/UBNA_001/20221012_030000.WAV,Telephone Field,recover-20221013,001,1795
235.2945,235.3014,28046,39947,Eptesicus serotinus,0.006,0.022,-1,Echolocation,/mnt/ubna_data_02_mir/recover-20221013/UBNA_001/20221012_030000.WAV,Telephone Field,recover-20221013,001,1795
235.2965,235.3045,23750,32362,Plecotus austriacus,0.007,0.022,-1,Echolocation,/mnt/ubna_data_02_mir/recover-20221013/UBNA_001/20221012_030000.WAV,Telephone Field,recover-20221013,001,1795
235.3075,235.3459,68437,81823,Rhinolophus ferrumequinum,0.039,0.039,-1,Echolocation,/mnt/ubna_data_02_mir/recover-20221013/UBNA_001/20221012_030000.WAV,Telephone Field,recover-20221013,001,1795
235.3835,235.4227,68437,82309,Rhinolophus ferrumequinum,0.022,0.022,-1,Echolocation,/mnt/ubna_data_02_mir/recover-20221013/UBNA_001/20221012_030000.WAV,Telephone Field,recover-20221013,001,1795
235.4305,235.4708,68437,82533,Rhinolophus ferrumequinum,0.022,0.022,-1,Echolocation,/mnt/ubna_data_02_mir/recover-20221013/UBNA_001/20221012_030000.WAV,Telephone Field,recover-20221013,001,1795
235.4625,235.505,68437,83348,Rhinolophus ferrumequinum,0.048,0.048,-1,Echolocation,/mnt/ubna_data_02_mir/recover-20221013/UBNA_001/20221012_030000.WAV,Telephone Field,recover-20221013,001,1795
235.4715,235.4819,36640,42497,Pipistrellus nathusii,0.006,0.024,-1,Echolocation,/mnt/ubna_data_02_mir/recover-20221013/UBNA_001/20221012_030000.WAV,Telephone Field,recover-20221013,001,1795
235.4725,235.4905,21171,24494,Nyctalus leisleri,0.014,0.022,-1,Echolocation,/mnt/ubna_data_02_mir/recover-20221013/UBNA_001/20221012_030000.WAV,Telephone Field,recover-20221013,001,1795
235.5795,235.6167,68437,81845,Rhinolophus ferrumequinum,0.023,0.023,-1,Echolocation,/mnt/ubna_data_02_mir/recover-20221013/UBNA_001/20221012_030000.WAV,Telephone Field,recover-20221013,001,1795
235.6045,235.64339999999999,68437,82687,Rhinolophus ferrumequinum,0.022,0.022,-1,Echolocation,/mnt/ubna_data_02_mir/recover-20221013/UBNA_001/20221012_030000.WAV,Telephone Field,recover-20221013,001,1795
235.6205,235.6605,68437,82399,Rhinolophus ferrumequinum,0.024,0.024,-1,Echolocation,/mnt/ubna_data_02_mir/recover-20221013/UBNA_001/20221012_030000.WAV,Telephone Field,recover-20221013,001,1795
235.6585,235.69819999999999,68437,82521,Rhinolophus ferrumequinum,0.023,0.023,-1,Echolocation,/mnt/ubna_data_02_mir/recover-20221013/UBNA_001/20221012_030000.WAV,Telephone Field,recover-20221013,001,1795
235.7285,235.7643,68437,81518,Rhinolophus ferrumequinum,0.024,0.024,-1,Echolocation,/mnt/ubna_data_02_mir/recover-20221013/UBNA_001/20221012_030000.WAV,Telephone Field,recover-20221013,001,1795
235.7405,235.7483,27187,38733,Eptesicus serotinus,0.007,0.021,-1,Echolocation,/mnt/ubna_data_02_mir/recover-20221013/UBNA_001/20221012_030000.WAV,Telephone Field,recover-20221013,001,1795
235.76749999999998,235.7806,22890,27234,Nyctalus leisleri,0.012,0.023,-1,Echolocation,/mnt/ubna_data_02_mir/recover-20221013/UBNA_001/20221012_030000.WAV,Telephone Field,recover-20221013,001,1795
235.8075,235.8164,28046,38312,Eptesicus serotinus,0.008,0.022,-1,Echolocation,/mnt/ubna_data_02_mir/recover-20221013/UBNA_001/20221012_030000.WAV,Telephone Field,recover-20221013,001,1795
235.9025,235.9405,68437,82035,Rhinolophus ferrumequinum,0.022,0.022,-1,Echolocation,/mnt/ubna_data_02_mir/recover-20221013/UBNA_001/20221012_030000.WAV,Telephone Field,recover-20221013,001,1795
235.91649999999998,235.9573,68437,82620,Rhinolophus ferrumequinum,0.021,0.021,-1,Echolocation,/mnt/ubna_data_02_mir/recover-20221013/UBNA_001/20221012_030000.WAV,Telephone Field,recover-20221013,001,1795
235.9475,235.986,68437,82409,Rhinolophus ferrumequinum,0.022,0.022,-1,Echolocation,/mnt/ubna_data_02_mir/recover-20221013/UBNA_001/20221012_030000.WAV,Telephone Field,recover-20221013,001,1795
235.98250000000002,235.9913,47812,52567,Pipistrellus pipistrellus,0.018,0.023,-1,Echolocation,/mnt/ubna_data_02_mir/recover-20221013/UBNA_001/20221012_030000.WAV,Telephone Field,recover-20221013,001,1795
235.9835,235.992,40937,52222,Pipistrellus nathusii,0.016,0.037,-1,Echolocation,/mnt/ubna_data_02_mir/recover-20221013/UBNA_001/20221012_030000.WAV,Telephone Field,recover-20221013,001,1795
236.0015,236.0318,69296,82625,Rhinolophus ferrumequinum,0.03,0.03,-1,Echolocation,/mnt/ubna_data_02_mir/recover-20221013/UBNA_001/20221012_030000.WAV,Telephone Field,recover-20221013,001,1795
236.0015,236.0093,24609,36555,Plecotus austriacus,0.008,0.033,-1,Echolocation,/mnt/ubna_data_02_mir/recover-20221013/UBNA_001/20221012_030000.WAV,Telephone Field,recover-20221013,001,1795
236.0205,236.0343,15156,20988,Nyctalus noctula,0.014,0.022,-1,Echolocation,/mnt/ubna_data_02_mir/recover-20221013/UBNA_001/20221012_030000.WAV,Telephone Field,recover-20221013,001,1795
236.0405,236.0505,28906,36885,Eptesicus serotinus,0.01,0.025,-1,Echolocation,/mnt/ubna_data_02_mir/recover-20221013/UBNA_001/20221012_030000.WAV,Telephone Field,recover-20221013,001,1795
236.0455,236.0585,33203,37626,Eptesicus serotinus,0.008,0.03,-1,Echolocation,/mnt/ubna_data_02_mir/recover-20221013/UBNA_001/20221012_030000.WAV,Telephone Field,recover-20221013,001,1795
236.0655,236.1045,68437,82555,Rhinolophus ferrumequinum,0.023,0.023,-1,Echolocation,/mnt/ubna_data_02_mir/recover-20221013/UBNA_001/20221012_030000.WAV,Telephone Field,recover-20221013,001,1795
236.0825,236.1203,68437,82151,Rhinolophus ferrumequinum,0.021,0.021,-1,Echolocation,/mnt/ubna_data_02_mir/recover-20221013/UBNA_001/20221012_030000.WAV,Telephone Field,recover-20221013,001,1795
236.0985,236.1366,68437,82225,Rhinolophus ferrumequinum,0.021,0.021,-1,Echolocation,/mnt/ubna_data_02_mir/recover-20221013/UBNA_001/20221012_030000.WAV,Telephone Field,recover-20221013,001,1795
236.1035,236.1097,48671,54577,Pipistrellus pipistrellus,0.025,0.027,-1,Echolocation,/mnt/ubna_data_02_mir/recover-20221013/UBNA_001/20221012_030000.WAV,Telephone Field,recover-20221013,001,1795
236.1205,236.1309,56406,61068,Pipistrellus pygmaeus,0.02,0.021,-1,Echolocation,/mnt/ubna_data_02_mir/recover-20221013/UBNA_001/20221012_030000.WAV,Telephone Field,recover-20221013,001,1795
236.1335,236.1732,68437,82353,Rhinolophus ferrumequinum,0.028,0.028,-1,Echolocation,/mnt/ubna_data_02_mir/recover-20221013/UBNA_001/20221012_030000.WAV,Telephone Field,recover-20221013,001,1795
236.1485,236.1866,68437,81464,Rhinolophus ferrumequinum,0.023,0.024,-1,Echolocation,/mnt/ubna_data_02_mir/recover-20221013/UBNA_001/20221012_030000.WAV,Telephone Field,recover-20221013,001,1795
236.2015,236.2131,22890,27864,Nyctalus leisleri,0.012,0.025,-1,Echolocation,/mnt/ubna_data_02_mir/recover-20221013/UBNA_001/20221012_030000.WAV,Telephone Field,recover-20221013,001,1795
236.2225,236.2619,68437,82749,Rhinolophus ferrumequinum,0.021,0.021,-1,Echolocation,/mnt/ubna_data_02_mir/recover-20221013/UBNA_001/20221012_030000.WAV,Telephone Field,recover-20221013,001,1795
236.2665,236.2746,56406,61167,Pipistrellus pygmaeus,0.049,0.05,-1,Echolocation,/mnt/ubna_data_02_mir/recover-20221013/UBNA_001/20221012_030000.WAV,Telephone Field,recover-20221013,001,1795
236.2715,236.3113,68437,82060,Rhinolophus ferrumequinum,0.021,0.021,-1,Echolocation,/mnt/ubna_data_02_mir/recover-20221013/UBNA_001/20221012_030000.WAV,Telephone Field,recover-20221013,001,1795
236.2815,236.2889,27187,38837,Eptesicus serotinus,0.006,0.021,-1,Echolocation,/mnt/ubna_data_02_mir/recover-20221013/UBNA_001/20221012_030000.WAV,Telephone Field,recover-20221013,001,1795
236.29149999999998,236.3293,68437,81768,Rhinolophus ferrumequinum,0.021,0.021,-1,Echolocation,/mnt/ubna_data_02_mir/recover-20221013/UBNA_001/20221012_030000.WAV,Telephone Field,recover-20221013,001,1795
236.32150000000001,236.363,68437,83224,Rhinolophus ferrumequinum,0.029,0.029,-1,Echolocation,/mnt/ubna_data_02_mir/recover-20221013/UBNA_001/20221012_030000.WAV,Telephone Field,recover-20221013,001,1795
236.3355,236.3452,28046,35195,Eptesicus serotinus,0.008,0.022,-1,Echolocation,/mnt/ubna_data_02_mir/recover-20221013/UBNA_001/20221012_030000.WAV,Telephone Field,recover-20221013,001,1795
236.3495,236.3885,68437,82089,Rhinolophus ferrumequinum,0.026,0.026,-1,Echolocation,/mnt/ubna_data_02_mir/recover-20221013/UBNA_001/20221012_030000.WAV,Telephone Field,recover-20221013,001,1795
236.4145,236.4518,68437,81766,Rhinolophus ferrumequinum,0.021,0.021,-1,Echolocation,/mnt/ubna_data_02_mir/recover-20221013/UBNA_001/20221012_030000.WAV,Telephone Field,recover-20221013,001,1795
236.4205,236.4264,26328,38549,Eptesicus serotinus,0.005,0.025,-1,Echolocation,/mnt/ubna_data_02_mir/recover-20221013/UBNA_001/20221012_030000.WAV,Telephone Field,recover-20221013,001,1795
236.4315,236.472,68437,83220,Rhinolophus ferrumequinum,0.025,0.025,-1,Echolocation,/mnt/ubna_data_02_mir/recover-20221013/UBNA_001/20221012_030000.WAV,Telephone Field,recover-20221013,001,1795
236.4355,236.4421,47812,57576,Pipistrellus pipistrellus,0.016,0.021,-1,Echolocation,/mnt/ubna_data_02_mir/recover-20221013/UBNA_001/20221012_030000.WAV,Telephone Field,recover-20221013,001,1795
236.4525,236.4894,68437,81229,Rhinolophus ferrumequinum,0.021,0.021,-1,Echolocation,/mnt/ubna_data_02_mir/recover-20221013/UBNA_001/20221012_030000.WAV,Telephone Field,recover-20221013,001,1795
236.4725,236.5125,68437,82318,Rhinolophus ferrumequinum,0.031,0.031,-1,Echolocation,/mnt/ubna_data_02_mir/recover-20221013/UBNA_001/20221012_030000.WAV,Telephone Field,recover-20221013,001,1795
236.5075,236.5485,68437,82720,Rhinolophus ferrumequinum,0.022,0.022,-1,Echolocation,/mnt/ubna_data_02_mir/recover-20221013/UBNA_001/20221012_030000.WAV,Telephone Field,recover-20221013,001,1795
236.52949999999998,236.571,68437,83001,Rhinolophus ferrumequinum,0.027,0.027,-1,Echolocation,/mnt/ubna_data_02_mir/recover-20221013/UBNA_001/20221012_030000.WAV,Telephone Field,recover-20221013,001,1795
236.54149999999998,236.5827,68437,82712,Rhinolophus ferrumequinum,0.028,0.028,-1,Echolocation,/mnt/ubna_data_02_mir/recover-20221013/UBNA_001/20221012_030000.WAV,Telephone Field,recover-20221013,001,1795
236.5495,236.5587,28046,36086,Eptesicus serotinus,0.008,0.022,-1,Echolocation,/mnt/ubna_data_02_mir/recover-20221013/UBNA_001/20221012_030000.WAV,Telephone Field,recover-20221013,001,1795
236.5865,236.6257,68437,82297,Rhinolophus ferrumequinum,0.029,0.029,-1,Echolocation,/mnt/ubna_data_02_mir/recover-20221013/UBNA_001/20221012_030000.WAV,Telephone Field,recover-20221013,001,1795
236.6245,236.664,68437,82392,Rhinolophus ferrumequinum,0.028,0.028,-1,Echolocation,/mnt/ubna_data_02_mir/recover-20221013/UBNA_001/20221012_030000.WAV,Telephone Field,recover-20221013,001,1795
236.6345,236.6431,26328,35380,Eptesicus serotinus,0.007,0.022,-1,Echolocation,/mnt/ubna_data_02_mir/recover-20221013/UBNA_001/20221012_030000.WAV,Telephone Field,recover-20221013,001,1795
236.6515,236.6884,68437,81481,Rhinolophus ferrumequinum,0.022,0.022,-1,Echolocation,/mnt/ubna_data_02_mir/recover-20221013/UBNA_001/20221012_030000.WAV,Telephone Field,recover-20221013,001,1795
236.6855,236.7258,68437,82600,Rhinolophus ferrumequinum,0.024,0.024,-1,Echolocation,/mnt/ubna_data_02_mir/recover-20221013/UBNA_001/20221012_030000.WAV,Telephone Field,recover-20221013,001,1795
236.7165,236.7579,68437,83353,Rhinolophus ferrumequinum,0.031,0.031,-1,Echolocation,/mnt/ubna_data_02_mir/recover-20221013/UBNA_001/20221012_030000.WAV,Telephone Field,recover-20221013,001,1795
236.7245,236.7341,28906,37142,Eptesicus serotinus,0.008,0.022,-1,Echolocation,/mnt/ubna_data_02_mir/recover-20221013/UBNA_001/20221012_030000.WAV,Telephone Field,recover-20221013,001,1795
236.7305,236.7717,68437,82529,Rhinolophus ferrumequinum,0.022,0.022,-1,Echolocation,/mnt/ubna_data_02_mir/recover-20221013/UBNA_001/20221012_030000.WAV,Telephone Field,recover-20221013,001,1795
236.7425,236.7502,27187,37740,Eptesicus serotinus,0.007,0.022,-1,Echolocation,/mnt/ubna_data_02_mir/recover-20221013/UBNA_001/20221012_030000.WAV,Telephone Field,recover-20221013,001,1795
236.7645,236.776,23750,29397,Nyctalus leisleri,0.012,0.026,-1,Echolocation,/mnt/ubna_data_02_mir/recover-20221013/UBNA_001/20221012_030000.WAV,Telephone Field,recover-20221013,001,1795
236.7895,236.7985,28046,36293,Eptesicus serotinus,0.009,0.021,-1,Echolocation,/mnt/ubna_data_02_mir/recover-20221013/UBNA_001/20221012_030000.WAV,Telephone Field,recover-20221013,001,1795
236.8385,236.8775,68437,82602,Rhinolophus ferrumequinum,0.023,0.023,-1,Echolocation,/mnt/ubna_data_02_mir/recover-20221013/UBNA_001/20221012_030000.WAV,Telephone Field,recover-20221013,001,1795
236.8685,236.9042,68437,81216,Rhinolophus ferrumequinum,0.021,0.021,-1,Echolocation,/mnt/ubna_data_02_mir/recover-20221013/UBNA_001/20221012_030000.WAV,Telephone Field,recover-20221013,001,1795
236.8815,236.9212,68437,81583,Rhinolophus ferrumequinum,0.022,0.022,-1,Echolocation,/mnt/ubna_data_02_mir/recover-20221013/UBNA_001/20221012_030000.WAV,Telephone Field,recover-20221013,001,1795
236.8905,236.9326,68437,83060,Rhinolophus ferrumequinum,0.025,0.025,-1,Echolocation,/mnt/ubna_data_02_mir/recover-20221013/UBNA_001/20221012_030000.WAV,Telephone Field,recover-20221013,001,1795
236.9305,236.9372,27187,38954,Eptesicus serotinus,0.006,0.024,-1,Echolocation,/mnt/ubna_data_02_mir/recover-20221013/UBNA_001/20221012_030000.WAV,Telephone Field,recover-20221013,001,1795
236.9435,236.9797,68437,81404,Rhinolophus ferrumequinum,0.026,0.026,-1,Echolocation,/mnt/ubna_data_02_mir/recover-20221013/UBNA_001/20221012_030000.WAV,Telephone Field,recover-20221013,001,1795
236.9595,236.9681,28906,39519,Eptesicus serotinus,0.008,0.023,-1,Echolocation,/mnt/ubna_data_02_mir/recover-20221013/UBNA_001/20221012_030000.WAV,Telephone Field,recover-20221013,001,1795
236.9835,236.9904,26328,39928,Eptesicus serotinus,0.005,0.021,-1,Echolocation,/mnt/ubna_data_02_mir/recover-20221013/UBNA_001/20221012_030000.WAV,Telephone Field,recover-20221013,001,1795
237.01749999999998,237.0241,51250,57140,Pipistrellus pipistrellus,0.025,0.028,-1,Echolocation,/mnt/ubna_data_02_mir/recover-20221013/UBNA_001/20221012_030000.WAV,Telephone Field,recover-20221013,001,1795
237.01749999999998,237.0582,68437,82496,Rhinolophus ferrumequinum,0.024,0.024,-1,Echolocation,/mnt/ubna_data_02_mir/recover-20221013/UBNA_001/20221012_030000.WAV,Telephone Field,recover-20221013,001,1795
237.0995,237.1398,68437,82388,Rhinolophus ferrumequinum,0.034,0.034,-1,Echolocation,/mnt/ubna_data_02_mir/recover-20221013/UBNA_001/20221012_030000.WAV,Telephone Field,recover-20221013,001,1795
237.1115,237.1498,68437,82261,Rhinolophus ferrumequinum,0.021,0.021,-1,Echolocation,/mnt/ubna_data_02_mir/recover-20221013/UBNA_001/20221012_030000.WAV,Telephone Field,recover-20221013,001,1795
237.1315,237.1688,68437,82152,Rhinolophus ferrumequinum,0.022,0.022,-1,Echolocation,/mnt/ubna_data_02_mir/recover-20221013/UBNA_001/20221012_030000.WAV,Telephone Field,recover-20221013,001,1795
237.1475,237.1554,27187,35923,Eptesicus serotinus,0.006,0.023,-1,Echolocation,/mnt/ubna_data_02_mir/recover-20221013/UBNA_001/20221012_030000.WAV,Telephone Field,recover-20221013,001,1795
237.1525,237.19,68437,81963,Rhinolophus ferrumequinum,0.021,0.021,-1,Echolocation,/mnt/ubna_data_02_mir/recover-20221013/UBNA_001/20221012_030000.WAV,Telephone Field,recover-20221013,001,1795
237.16649999999998,237.2075,68437,82694,Rhinolophus ferrumequinum,0.022,0.022,-1,Echolocation,/mnt/ubna_data_02_mir/recover-20221013/UBNA_001/20221012_030000.WAV,Telephone Field,recover-20221013,001,1795
237.1885,237.2013,23750,28682,Nyctalus leisleri,0.015,0.028,-1,Echolocation,/mnt/ubna_data_02_mir/recover-20221013/UBNA_001/20221012_030000.WAV,Telephone Field,recover-20221013,001,1795
237.1945,237.234,68437,82274,Rhinolophus ferrumequinum,0.022,0.022,-1,Echolocation,/mnt/ubna_data_02_mir/recover-20221013/UBNA_001/20221012_030000.WAV,Telephone Field,recover-20221013,001,1795
237.2365,237.2465,23750,29592,Nyctalus leisleri,0.011,0.027,-1,Echolocation,/mnt/ubna_data_02_mir/recover-20221013/UBNA_001/20221012_030000.WAV,Telephone Field,recover-20221013,001,1795
237.2615,237.2678,37500,44099,Barbastellus barbastellus,0.02,0.036,-1,Echolocation,/mnt/ubna_data_02_mir/recover-20221013/UBNA_001/20221012_030000.WAV,Telephone Field,recover-20221013,001,1795
237.2635,237.2696,26328,41819,Myotis nattereri,0.006,0.028,-1,Echolocation,/mnt/ubna_data_02_mir/recover-20221013/UBNA_001/20221012_030000.WAV,Telephone Field,recover-20221013,001,1795
237.2715,237.279,45234,53588,Pipistrellus pipistrellus,0.016,0.021,-1,Echolocation,/mnt/ubna_data_02_mir/recover-20221013/UBNA_001/20221012_030000.WAV,Telephone Field,recover-20221013,001,1795
237.3005,237.3393,68437,81850,Rhinolophus ferrumequinum,0.023,0.023,-1,Echolocation,/mnt/ubna_data_02_mir/recover-20221013/UBNA_001/20221012_030000.WAV,Telephone Field,recover-20221013,001,1795
237.3025,237.313,22031,26616,Nyctalus leisleri,0.012,0.023,-1,Echolocation,/mnt/ubna_data_02_mir/recover-20221013/UBNA_001/20221012_030000.WAV,Telephone Field,recover-20221013,001,1795
237.3285,237.3651,68437,81854,Rhinolophus ferrumequinum,0.025,0.025,-1,Echolocation,/mnt/ubna_data_02_mir/recover-20221013/UBNA_001/20221012_030000.WAV,Telephone Field,recover-20221013,001,1795
237.3345,237.3728,68437,82054,Rhinolophus ferrumequinum,0.022,0.022,-1,Echolocation,/mnt/ubna_data_02_mir/recover-20221013/UBNA_001/20221012_030000.WAV,Telephone Field,recover-20221013,001,1795
237.3495,237.3592,23750,30569,Nyctalus leisleri,0.007,0.021,-1,Echolocation,/mnt/ubna_data_02_mir/recover-20221013/UBNA_001/20221012_030000.WAV,Telephone Field,recover-20221013,001,1795
237.3705,237.4119,68437,82615,Rhinolophus ferrumequinum,0.031,0.031,-1,Echolocation,/mnt/ubna_data_02_mir/recover-20221013/UBNA_001/20221012_030000.WAV,Telephone Field,recover-20221013,001,1795
237.3745,237.3846,23750,30015,Nyctalus leisleri,0.009,0.023,-1,Echolocation,/mnt/ubna_data_02_mir/recover-20221013/UBNA_001/20221012_030000.WAV,Telephone Field,recover-20221013,001,1795
237.3965,237.4041,28046,41935,Eptesicus serotinus,0.006,0.021,-1,Echolocation,/mnt/ubna_data_02_mir/recover-20221013/UBNA_001/20221012_030000.WAV,Telephone Field,recover-20221013,001,1795
237.4325,237.4735,68437,82520,Rhinolophus ferrumequinum,0.025,0.025,-1,Echolocation,/mnt/ubna_data_02_mir/recover-20221013/UBNA_001/20221012_030000.WAV,Telephone Field,recover-20221013,001,1795
237.4415,237.48,68437,82272,Rhinolophus ferrumequinum,0.024,0.024,-1,Echolocation,/mnt/ubna_data_02_mir/recover-20221013/UBNA_001/20221012_030000.WAV,Telephone Field,recover-20221013,001,1795
237.4715,237.51069999999999,68437,82425,Rhinolophus ferrumequinum,0.022,0.022,-1,Echolocation,/mnt/ubna_data_02_mir/recover-20221013/UBNA_001/20221012_030000.WAV,Telephone Field,recover-20221013,001,1795
237.4745,237.485,28906,37240,Eptesicus serotinus,0.011,0.025,-1,Echolocation,/mnt/ubna_data_02_mir/recover-20221013/UBNA_001/20221012_030000.WAV,Telephone Field,recover-20221013,001,1795
237.4955,237.5359,68437,82856,Rhinolophus ferrumequinum,0.024,0.024,-1,Echolocation,/mnt/ubna_data_02_mir/recover-20221013/UBNA_001/20221012_030000.WAV,Telephone Field,recover-20221013,001,1795
237.52949999999998,237.5477,19453,22196,Nyctalus leisleri,0.015,0.027,-1,Echolocation,/mnt/ubna_data_02_mir/recover-20221013/UBNA_001/20221012_030000.WAV,Telephone Field,recover-20221013,001,1795
237.5555,237.5645,47812,51450,Pipistrellus pipistrellus,0.028,0.03,-1,Echolocation,/mnt/ubna_data_02_mir/recover-20221013/UBNA_001/20221012_030000.WAV,Telephone Field,recover-20221013,001,1795
237.5595,237.6013,68437,83011,Rhinolophus ferrumequinum,0.023,0.023,-1,Echolocation,/mnt/ubna_data_02_mir/recover-20221013/UBNA_001/20221012_030000.WAV,Telephone Field,recover-20221013,001,1795
237.6105,237.619,22890,30178,Plecotus austriacus,0.009,0.021,-1,Echolocation,/mnt/ubna_data_02_mir/recover-20221013/UBNA_001/20221012_030000.WAV,Telephone Field,recover-20221013,001,1795
237.6415,237.6836,68437,82964,Rhinolophus ferrumequinum,0.027,0.027,-1,Echolocation,/mnt/ubna_data_02_mir/recover-20221013/UBNA_001/20221012_030000.WAV,Telephone Field,recover-20221013,001,1795
237.69650000000001,237.73250000000002,68437,81735,Rhinolophus ferrumequinum,0.024,0.024,-1,Echolocation,/mnt/ubna_data_02_mir/recover-20221013/UBNA_001/20221012_030000.WAV,Telephone Field,recover-20221013,001,1795
237.70850000000002,237.716,50390,57553,Pipistrellus pipistrellus,0.018,0.021,-1,Echolocation,/mnt/ubna_data_02_mir/recover-20221013/UBNA_001/20221012_030000.WAV,Telephone Field,recover-20221013,001,1795
237.70850000000002,237.715,25468,37976,Plecotus austriacus,0.005,0.022,-1,Echolocation,/mnt/ubna_data_02_mir/recover-20221013/UBNA_001/20221012_030000.WAV,Telephone Field,recover-20221013,001,1795
237.7165,237.7526,68437,81805,Rhinolophus ferrumequinum,0.021,0.021,-1,Echolocation,/mnt/ubna_data_02_mir/recover-20221013/UBNA_001/20221012_030000.WAV,Telephone Field,recover-20221013,001,1795
237.7295,237.7673,68437,81245,Rhinolophus ferrumequinum,0.021,0.021,-1,Echolocation,/mnt/ubna_data_02_mir/recover-20221013/UBNA_001/20221012_030000.WAV,Telephone Field,recover-20221013,001,1795
237.7615,237.8014,68437,82198,Rhinolophus ferrumequinum,0.023,0.023,-1,Echolocation,/mnt/ubna_data_02_mir/recover-20221013/UBNA_001/20221012_030000.WAV,Telephone Field,recover-20221013,001,1795
237.7695,237.8082,68437,81586,Rhinolophus ferrumequinum,0.022,0.022,-1,Echolocation,/mnt/ubna_data_02_mir/recover-20221013/UBNA_001/20221012_030000.WAV,Telephone Field,recover-20221013,001,1795
237.7765,237.7902,22031,26507,Nyctalus leisleri,0.016,0.029,-1,Echolocation,/mnt/ubna_data_02_mir/recover-20221013/UBNA_001/20221012_030000.WAV,Telephone Field,recover-20221013,001,1795
237.7845,237.8212,68437,82500,Rhinolophus ferrumequinum,0.021,0.021,-1,Echolocation,/mnt/ubna_data_02_mir/recover-20221013/UBNA_001/20221012_030000.WAV,Telephone Field,recover-20221013,001,1795
237.8005,237.8398,68437,82596,Rhinolophus ferrumequinum,0.025,0.025,-1,Echolocation,/mnt/ubna_data_02_mir/recover-20221013/UBNA_001/20221012_030000.WAV,Telephone Field,recover-20221013,001,1795
237.8175,237.825,27187,35507,Eptesicus serotinus,0.008,0.023,-1,Echolocation,/mnt/ubna_data_02_mir/recover-20221013/UBNA_001/20221012_030000.WAV,Telephone Field,recover-20221013,001,1795
237.8265,237.8619,68437,80995,Rhinolophus ferrumequinum,0.022,0.022,-1,Echolocation,/mnt/ubna_data_02_mir/recover-20221013/UBNA_001/20221012_030000.WAV,Telephone Field,recover-20221013,001,1795
237.8435,237.8811,68437,81759,Rhinolophus ferrumequinum,0.021,0.021,-1,Echolocation,/mnt/ubna_data_02_mir/recover-20221013/UBNA_001/20221012_030000.WAV,Telephone Field,recover-20221013,001,1795
237.8515,237.8914,68437,81823,Rhinolophus ferrumequinum,0.021,0.021,-1,Echolocation,/mnt/ubna_data_02_mir/recover-20221013/UBNA_001/20221012_030000.WAV,Telephone Field,recover-20221013,001,1795
237.8855,237.9221,68437,81672,Rhinolophus ferrumequinum,0.021,0.021,-1,Echolocation,/mnt/ubna_data_02_mir/recover-20221013/UBNA_001/20221012_030000.WAV,Telephone Field,recover-20221013,001,1795
237.8975,237.935,68437,81851,Rhinolophus ferrumequinum,0.022,0.022,-1,Echolocation,/mnt/ubna_data_02_mir/recover-20221013/UBNA_001/20221012_030000.WAV,Telephone Field,recover-20221013,001,1795
237.9295,237.9643,68437,81842,Rhinolophus ferrumequinum,0.021,0.021,-1,Echolocation,/mnt/ubna_data_02_mir/recover-20221013/UBNA_001/20221012_030000.WAV,Telephone Field,recover-20221013,001,1795
237.9455,237.9852,68437,82011,Rhinolophus ferrumequinum,0.024,0.024,-1,Echolocation,/mnt/ubna_data_02_mir/recover-20221013/UBNA_001/20221012_030000.WAV,Telephone Field,recover-20221013,001,1795
237.9475,237.9563,27187,35920,Eptesicus serotinus,0.007,0.022,-1,Echolocation,/mnt/ubna_data_02_mir/recover-20221013/UBNA_001/20221012_030000.WAV,Telephone Field,recover-20221013,001,1795
237.9745,237.9831,28046,37426,Eptesicus serotinus,0.01,0.026,-1,Echolocation,/mnt/ubna_data_02_mir/recover-20221013/UBNA_001/20221012_030000.WAV,Telephone Field,recover-20221013,001,1795
238.0015,238.0346,68437,81200,Rhinolophus ferrumequinum,0.06,0.061,-1,Echolocation,/mnt/ubna_data_02_mir/recover-20221013/UBNA_001/20221012_030000.WAV,Telephone Field,recover-20221013,001,1795
238.0015,238.0092,22890,31843,Plecotus austriacus,0.007,0.022,-1,Echolocation,/mnt/ubna_data_02_mir/recover-20221013/UBNA_001/20221012_030000.WAV,Telephone Field,recover-20221013,001,1795
238.0015,238.0091,28046,37731,Eptesicus serotinus,0.006,0.023,-1,Echolocation,/mnt/ubna_data_02_mir/recover-20221013/UBNA_001/20221012_030000.WAV,Telephone Field,recover-20221013,001,1795
238.0075,238.0196,54687,57817,Pipistrellus pygmaeus,0.031,0.033,-1,Echolocation,/mnt/ubna_data_02_mir/recover-20221013/UBNA_001/20221012_030000.WAV,Telephone Field,recover-20221013,001,1795
238.0085,238.0538,68437,83023,Rhinolophus ferrumequinum,0.023,0.023,-1,Echolocation,/mnt/ubna_data_02_mir/recover-20221013/UBNA_001/20221012_030000.WAV,Telephone Field,recover-20221013,001,1795
238.0285,238.0675,68437,82311,Rhinolophus ferrumequinum,0.022,0.022,-1,Echolocation,/mnt/ubna_data_02_mir/recover-20221013/UBNA_001/20221012_030000.WAV,Telephone Field,recover-20221013,001,1795
238.0595,238.0659,28906,39993,Myotis daubentonii,0.007,0.029,-1,Echolocation,/mnt/ubna_data_02_mir/recover-20221013/UBNA_001/20221012_030000.WAV,Telephone Field,recover-20221013,001,1795
238.0675,238.1044,68437,81513,Rhinolophus ferrumequinum,0.026,0.026,-1,Echolocation,/mnt/ubna_data_02_mir/recover-20221013/UBNA_001/20221012_030000.WAV,Telephone Field,recover-20221013,001,1795
238.1495,238.1869,68437,81770,Rhinolophus ferrumequinum,0.023,0.023,-1,Echolocation,/mnt/ubna_data_02_mir/recover-20221013/UBNA_001/20221012_030000.WAV,Telephone Field,recover-20221013,001,1795
238.1605,238.1716,23750,28167,Nyctalus leisleri,0.019,0.034,-1,Echolocation,/mnt/ubna_data_02_mir/recover-20221013/UBNA_001/20221012_030000.WAV,Telephone Field,recover-20221013,001,1795
238.1915,238.2001,28046,40946,Eptesicus serotinus,0.009,0.023,-1,Echolocation,/mnt/ubna_data_02_mir/recover-20221013/UBNA_001/20221012_030000.WAV,Telephone Field,recover-20221013,001,1795
238.1915,238.2242,68437,80871,Rhinolophus ferrumequinum,0.024,0.024,-1,Echolocation,/mnt/ubna_data_02_mir/recover-20221013/UBNA_001/20221012_030000.WAV,Telephone Field,recover-20221013,001,1795
238.2155,238.2529,68437,82013,Rhinolophus ferrumequinum,0.024,0.024,-1,Echolocation,/mnt/ubna_data_02_mir/recover-20221013/UBNA_001/20221012_030000.WAV,Telephone Field,recover-20221013,001,1795
238.2365,238.2445,22890,30853,Plecotus austriacus,0.012,0.025,-1,Echolocation,/mnt/ubna_data_02_mir/recover-20221013/UBNA_001/20221012_030000.WAV,Telephone Field,recover-20221013,001,1795
238.2385,238.2476,39218,43933,Pipistrellus nathusii,0.02,0.03,-1,Echolocation,/mnt/ubna_data_02_mir/recover-20221013/UBNA_001/20221012_030000.WAV,Telephone Field,recover-20221013,001,1795
238.2515,238.2588,28906,37765,Eptesicus serotinus,0.014,0.041,-1,Echolocation,/mnt/ubna_data_02_mir/recover-20221013/UBNA_001/20221012_030000.WAV,Telephone Field,recover-20221013,001,1795
238.2645,238.3064,68437,83374,Rhinolophus ferrumequinum,0.029,0.029,-1,Echolocation,/mnt/ubna_data_02_mir/recover-20221013/UBNA_001/20221012_030000.WAV,Telephone Field,recover-20221013,001,1795
238.2875,238.3261,68437,81785,Rhinolophus ferrumequinum,0.025,0.025,-1,Echolocation,/mnt/ubna_data_02_mir/recover-20221013/UBNA_001/20221012_030000.WAV,Telephone Field,recover-20221013,001,1795
238.3275,238.3667,68437,82348,Rhinolophus ferrumequinum,0.025,0.025,-1,Echolocation,/mnt/ubna_data_02_mir/recover-20221013/UBNA_001/20221012_030000.WAV,Telephone Field,recover-20221013,001,1795
238.3755,238.3867,28906,35755,Eptesicus serotinus,0.013,0.026,-1,Echolocation,/mnt/ubna_data_02_mir/recover-20221013/UBNA_001/20221012_030000.WAV,Telephone Field,recover-20221013,001,1795
238.3855,238.4278,68437,83022,Rhinolophus ferrumequinum,0.026,0.026,-1,Echolocation,/mnt/ubna_data_02_mir/recover-20221013/UBNA_001/20221012_030000.WAV,Telephone Field,recover-20221013,001,1795
238.4075,238.4459,68437,82152,Rhinolophus ferrumequinum,0.026,0.026,-1,Echolocation,/mnt/ubna_data_02_mir/recover-20221013/UBNA_001/20221012_030000.WAV,Telephone Field,recover-20221013,001,1795
238.4935,238.5361,68437,82637,Rhinolophus ferrumequinum,0.022,0.022,-1,Echolocation,/mnt/ubna_data_02_mir/recover-20221013/UBNA_001/20221012_030000.WAV,Telephone Field,recover-20221013,001,1795
238.4965,238.5062,28046,37804,Eptesicus serotinus,0.011,0.024,-1,Echolocation,/mnt/ubna_data_02_mir/recover-20221013/UBNA_001/20221012_030000.WAV,Telephone Field,recover-20221013,001,1795
238.4985,238.5192,16875,20905,Nyctalus noctula,0.025,0.035,-1,Echolocation,/mnt/ubna_data_02_mir/recover-20221013/UBNA_001/20221012_030000.WAV,Telephone Field,recover-20221013,001,1795
238.5225,238.5336,23750,30636,Eptesicus serotinus,0.009,0.024,-1,Echolocation,/mnt/ubna_data_02_mir/recover-20221013/UBNA_001/20221012_030000.WAV,Telephone Field,recover-20221013,001,1795
238.5575,238.5941,68437,81768,Rhinolophus ferrumequinum,0.023,0.023,-1,Echolocation,/mnt/ubna_data_02_mir/recover-20221013/UBNA_001/20221012_030000.WAV,Telephone Field,recover-20221013,001,1795
238.5635,238.5996,68437,81391,Rhinolophus ferrumequinum,0.022,0.022,-1,Echolocation,/mnt/ubna_data_02_mir/recover-20221013/UBNA_001/20221012_030000.WAV,Telephone Field,recover-20221013,001,1795
238.6515,238.6617,50390,54849,Pipistrellus pipistrellus,0.027,0.033,-1,Echolocation,/mnt/ubna_data_02_mir/recover-20221013/UBNA_001/20221012_030000.WAV,Telephone Field,recover-20221013,001,1795
238.6535,238.6692,15156,20979,Nyctalus noctula,0.019,0.027,-1,Echolocation,/mnt/ubna_data_02_mir/recover-20221013/UBNA_001/20221012_030000.WAV,Telephone Field,recover-20221013,001,1795
238.6675,238.7033,68437,80045,Rhinolophus ferrumequinum,0.027,0.027,-1,Echolocation,/mnt/ubna_data_02_mir/recover-20221013/UBNA_001/20221012_030000.WAV,Telephone Field,recover-20221013,001,1795
238.6875,238.7249,68437,81379,Rhinolophus ferrumequinum,0.025,0.025,-1,Echolocation,/mnt/ubna_data_02_mir/recover-20221013/UBNA_001/20221012_030000.WAV,Telephone Field,recover-20221013,001,1795
238.6925,238.7317,68437,81870,Rhinolophus ferrumequinum,0.025,0.025,-1,Echolocation,/mnt/ubna_data_02_mir/recover-20221013/UBNA_001/20221012_030000.WAV,Telephone Field,recover-20221013,001,1795
238.7025,238.7454,68437,82675,Rhinolophus ferrumequinum,0.029,0.029,-1,Echolocation,/mnt/ubna_data_02_mir/recover-20221013/UBNA_001/20221012_030000.WAV,Telephone Field,recover-20221013,001,1795
238.7335,238.7423,22031,29147,Plecotus austriacus,0.014,0.028,-1,Echolocation,/mnt/ubna_data_02_mir/recover-20221013/UBNA_001/20221012_030000.WAV,Telephone Field,recover-20221013,001,1795
238.7895,238.8044,37500,40940,Pipistrellus nathusii,0.093,0.111,-1,Echolocation,/mnt/ubna_data_02_mir/recover-20221013/UBNA_001/20221012_030000.WAV,Telephone Field,recover-20221013,001,1795
238.7935,238.8334,68437,82137,Rhinolophus ferrumequinum,0.023,0.023,-1,Echolocation,/mnt/ubna_data_02_mir/recover-20221013/UBNA_001/20221012_030000.WAV,Telephone Field,recover-20221013,001,1795
238.8285,238.845,20312,23739,Nyctalus leisleri,0.015,0.028,-1,Echolocation,/mnt/ubna_data_02_mir/recover-20221013/UBNA_001/20221012_030000.WAV,Telephone Field,recover-20221013,001,1795
238.8715,238.8799,23750,31385,Plecotus austriacus,0.007,0.023,-1,Echolocation,/mnt/ubna_data_02_mir/recover-20221013/UBNA_001/20221012_030000.WAV,Telephone Field,recover-20221013,001,1795
238.8715,238.9092,68437,81860,Rhinolophus ferrumequinum,0.023,0.023,-1,Echolocation,/mnt/ubna_data_02_mir/recover-20221013/UBNA_001/20221012_030000.WAV,Telephone Field,recover-20221013,001,1795
238.8895,238.9289,68437,82014,Rhinolophus ferrumequinum,0.022,0.022,-1,Echolocation,/mnt/ubna_data_02_mir/recover-20221013/UBNA_001/20221012_030000.WAV,Telephone Field,recover-20221013,001,1795
238.9075,238.9237,21171,24548,Nyctalus leisleri,0.016,0.026,-1,Echolocation,/mnt/ubna_data_02_mir/recover-20221013/UBNA_001/20221012_030000.WAV,Telephone Field,recover-20221013,001,1795
238.9085,238.9448,68437,81754,Rhinolophus ferrumequinum,0.023,0.023,-1,Echolocation,/mnt/ubna_data_02_mir/recover-20221013/UBNA_001/20221012_030000.WAV,Telephone Field,recover-20221013,001,1795
238.9245,238.96359999999999,68437,82604,Rhinolophus ferrumequinum,0.028,0.028,-1,Echolocation,/mnt/ubna_data_02_mir/recover-20221013/UBNA_001/20221012_030000.WAV,Telephone Field,recover-20221013,001,1795
238.9915,239.0308,68437,82743,Rhinolophus ferrumequinum,0.028,0.028,-1,Echolocation,/mnt/ubna_data_02_mir/recover-20221013/UBNA_001/20221012_030000.WAV,Telephone Field,recover-20221013,001,1795
239.0855,239.0918,50390,59890,Pipistrellus pipistrellus,0.018,0.026,-1,Echolocation,/mnt/ubna_data_02_mir/recover-20221013/UBNA_001/20221012_030000.WAV,Telephone Field,recover-20221013,001,1795
239.0985,239.11939999999998,18593,21706,Nyctalus noctula,0.016,0.028,-1,Echolocation,/mnt/ubna_data_02_mir/recover-20221013/UBNA_001/20221012_030000.WAV,Telephone Field,recover-20221013,001,1795
239.1025,239.14170000000001,68437,82864,Rhinolophus ferrumequinum,0.022,0.022,-1,Echolocation,/mnt/ubna_data_02_mir/recover-20221013/UBNA_001/20221012_030000.WAV,Telephone Field,recover-20221013,001,1795
239.1295,239.1393,24609,31598,Nyctalus leisleri,0.009,0.027,-1,Echolocation,/mnt/ubna_data_02_mir/recover-20221013/UBNA_001/20221012_030000.WAV,Telephone Field,recover-20221013,001,1795
239.1305,239.1693,68437,82222,Rhinolophus ferrumequinum,0.022,0.022,-1,Echolocation,/mnt/ubna_data_02_mir/recover-20221013/UBNA_001/20221012_030000.WAV,Telephone Field,recover-20221013,001,1795
239.1515,239.1897,68437,82415,Rhinolophus ferrumequinum,0.026,0.026,-1,Echolocation,/mnt/ubna_data_02_mir/recover-20221013/UBNA_001/20221012_030000.WAV,Telephone Field,recover-20221013,001,1795
239.1835,239.2242,68437,82897,Rhinolophus ferrumequinum,0.024,0.024,-1,Echolocation,/mnt/ubna_data_02_mir/recover-20221013/UBNA_001/20221012_030000.WAV,Telephone Field,recover-20221013,001,1795
239.2265,239.26749999999998,68437,82683,Rhinolophus ferrumequinum,0.029,0.029,-1,Echolocation,/mnt/ubna_data_02_mir/recover-20221013/UBNA_001/20221012_030000.WAV,Telephone Field,recover-20221013,001,1795
239.2575,239.2653,27187,37837,Eptesicus serotinus,0.006,0.022,-1,Echolocation,/mnt/ubna_data_02_mir/recover-20221013/UBNA_001/20221012_030000.WAV,Telephone Field,recover-20221013,001,1795
239.2645,239.3026,68437,81380,Rhinolophus ferrumequinum,0.026,0.026,-1,Echolocation,/mnt/ubna_data_02_mir/recover-20221013/UBNA_001/20221012_030000.WAV,Telephone Field,recover-20221013,001,1795
239.2695,239.2803,28906,37691,Eptesicus serotinus,0.018,0.035,-1,Echolocation,/mnt/ubna_data_02_mir/recover-20221013/UBNA_001/20221012_030000.WAV,Telephone Field,recover-20221013,001,1795
239.2895,239.2985,46953,56171,Pipistrellus pipistrellus,0.017,0.023,-1,Echolocation,/mnt/ubna_data_02_mir/recover-20221013/UBNA_001/20221012_030000.WAV,Telephone Field,recover-20221013,001,1795
239.3095,239.3178,28046,41360,Eptesicus serotinus,0.009,0.026,-1,Echolocation,/mnt/ubna_data_02_mir/recover-20221013/UBNA_001/20221012_030000.WAV,Telephone Field,recover-20221013,001,1795
239.3095,239.34890000000001,68437,82217,Rhinolophus ferrumequinum,0.027,0.027,-1,Echolocation,/mnt/ubna_data_02_mir/recover-20221013/UBNA_001/20221012_030000.WAV,Telephone Field,recover-20221013,001,1795
239.3345,239.3753,68437,82811,Rhinolophus ferrumequinum,0.022,0.022,-1,Echolocation,/mnt/ubna_data_02_mir/recover-20221013/UBNA_001/20221012_030000.WAV,Telephone Field,recover-20221013,001,1795
239.3825,239.4185,68437,81852,Rhinolophus ferrumequinum,0.023,0.023,-1,Echolocation,/mnt/ubna_data_02_mir/recover-20221013/UBNA_001/20221012_030000.WAV,Telephone Field,recover-20221013,001,1795
239.4085,239.4467,68437,81973,Rhinolophus ferrumequinum,0.022,0.022,-1,Echolocation,/mnt/ubna_data_02_mir/recover-20221013/UBNA_001/20221012_030000.WAV,Telephone Field,recover-20221013,001,1795
239.4155,239.4574,68437,82651,Rhinolophus ferrumequinum,0.024,0.024,-1,Echolocation,/mnt/ubna_data_02_mir/recover-20221013/UBNA_001/20221012_030000.WAV,Telephone Field,recover-20221013,001,1795
239.4245,239.4659,68437,82948,Rhinolophus ferrumequinum,0.024,0.024,-1,Echolocation,/mnt/ubna_data_02_mir/recover-20221013/UBNA_001/20221012_030000.WAV,Telephone Field,recover-20221013,001,1795
239.4315,239.4404,25468,33298,Eptesicus serotinus,0.009,0.025,-1,Echolocation,/mnt/ubna_data_02_mir/recover-20221013/UBNA_001/20221012_030000.WAV,Telephone Field,recover-20221013,001,1795
239.4945,239.532,68437,81960,Rhinolophus ferrumequinum,0.028,0.028,-1,Echolocation,/mnt/ubna_data_02_mir/recover-20221013/UBNA_001/20221012_030000.WAV,Telephone Field,recover-20221013,001,1795
239.57150000000001,239.5799,27187,37769,Eptesicus serotinus,0.007,0.022,-1,Echolocation,/mnt/ubna_data_02_mir/recover-20221013/UBNA_001/20221012_030000.WAV,Telephone Field,recover-20221013,001,1795
239.5855,239.6246,68437,82469,Rhinolophus ferrumequinum,0.022,0.022,-1,Echolocation,/mnt/ubna_data_02_mir/recover-20221013/UBNA_001/20221012_030000.WAV,Telephone Field,recover-20221013,001,1795
239.5965,239.6356,68437,82969,Rhinolophus ferrumequinum,0.024,0.024,-1,Echolocation,/mnt/ubna_data_02_mir/recover-20221013/UBNA_001/20221012_030000.WAV,Telephone Field,recover-20221013,001,1795
239.6275,239.6375,27187,35362,Eptesicus serotinus,0.011,0.025,-1,Echolocation,/mnt/ubna_data_02_mir/recover-20221013/UBNA_001/20221012_030000.WAV,Telephone Field,recover-20221013,001,1795
239.6495,239.6848,68437,81835,Rhinolophus ferrumequinum,0.023,0.024,-1,Echolocation,/mnt/ubna_data_02_mir/recover-20221013/UBNA_001/20221012_030000.WAV,Telephone Field,recover-20221013,001,1795
239.6755,239.686,23750,30153,Nyctalus leisleri,0.009,0.023,-1,Echolocation,/mnt/ubna_data_02_mir/recover-20221013/UBNA_001/20221012_030000.WAV,Telephone Field,recover-20221013,001,1795
239.7015,239.7395,68437,81832,Rhinolophus ferrumequinum,0.028,0.028,-1,Echolocation,/mnt/ubna_data_02_mir/recover-20221013/UBNA_001/20221012_030000.WAV,Telephone Field,recover-20221013,001,1795
239.7405,239.7821,68437,82746,Rhinolophus ferrumequinum,0.022,0.022,-1,Echolocation,/mnt/ubna_data_02_mir/recover-20221013/UBNA_001/20221012_030000.WAV,Telephone Field,recover-20221013,001,1795
239.7445,239.7555,51250,58003,Pipistrellus pipistrellus,0.028,0.035,-1,Echolocation,/mnt/ubna_data_02_mir/recover-20221013/UBNA_001/20221012_030000.WAV,Telephone Field,recover-20221013,001,1795
239.8255,239.8332,23750,34140,Plecotus austriacus,0.012,0.026,-1,Echolocation,/mnt/ubna_data_02_mir/recover-20221013/UBNA_001/20221012_030000.WAV,Telephone Field,recover-20221013,001,1795
239.8295,239.8702,68437,82300,Rhinolophus ferrumequinum,0.023,0.023,-1,Echolocation,/mnt/ubna_data_02_mir/recover-20221013/UBNA_001/20221012_030000.WAV,Telephone Field,recover-20221013,001,1795
239.8375,239.8801,68437,82712,Rhinolophus ferrumequinum,0.023,0.023,-1,Echolocation,/mnt/ubna_data_02_mir/recover-20221013/UBNA_001/20221012_030000.WAV,Telephone Field,recover-20221013,001,1795
239.8705,239.9098,68437,83254,Rhinolophus ferrumequinum,0.031,0.032,-1,Echolocation,/mnt/ubna_data_02_mir/recover-20221013/UBNA_001/20221012_030000.WAV,Telephone Field,recover-20221013,001,1795
239.9015,239.9083,28906,42295,Eptesicus serotinus,0.008,0.032,-1,Echolocation,/mnt/ubna_data_02_mir/recover-20221013/UBNA_001/20221012_030000.WAV,Telephone Field,recover-20221013,001,1795
239.9015,239.945,68437,83085,Rhinolophus ferrumequinum,0.025,0.025,-1,Echolocation,/mnt/ubna_data_02_mir/recover-20221013/UBNA_001/20221012_030000.WAV,Telephone Field,recover-20221013,001,1795
239.9035,239.9147,22031,26730,Nyctalus leisleri,0.014,0.028,-1,Echolocation,/mnt/ubna_data_02_mir/recover-20221013/UBNA_001/20221012_030000.WAV,Telephone Field,recover-20221013,001,1795
239.94650000000001,239.9531,27187,51022,Myotis daubentonii,0.007,0.023,-1,Echolocation,/mnt/ubna_data_02_mir/recover-20221013/UBNA_001/20221012_030000.WAV,Telephone Field,recover-20221013,001,1795
239.9735,239.9823,22890,29712,Plecotus austriacus,0.009,0.024,-1,Echolocation,/mnt/ubna_data_02_mir/recover-20221013/UBNA_001/20221012_030000.WAV,Telephone Field,recover-20221013,001,1795
240.0015,240.0329,68437,79796,Rhinolophus ferrumequinum,0.059,0.06,-1,Echolocation,/mnt/ubna_data_02_mir/recover-20221013/UBNA_001/20221012_030000.WAV,Telephone Field,recover-20221013,001,1795
240.0015,240.0109,46093,49658,Pipistrellus pipistrellus,0.037,0.044,-1,Echolocation,/mnt/ubna_data_02_mir/recover-20221013/UBNA_001/20221012_030000.WAV,Telephone Field,recover-20221013,001,1795
240.0015,240.0123,22890,28404,Nyctalus leisleri,0.016,0.035,-1,Echolocation,/mnt/ubna_data_02_mir/recover-20221013/UBNA_001/20221012_030000.WAV,Telephone Field,recover-20221013,001,1795
240.0115,240.0187,28046,39172,Eptesicus serotinus,0.006,0.021,-1,Echolocation,/mnt/ubna_data_02_mir/recover-20221013/UBNA_001/20221012_030000.WAV,Telephone Field,recover-20221013,001,1795
240.0475,240.0857,68437,82489,Rhinolophus ferrumequinum,0.021,0.021,-1,Echolocation,/mnt/ubna_data_02_mir/recover-20221013/UBNA_001/20221012_030000.WAV,Telephone Field,recover-20221013,001,1795
240.0765,240.1182,68437,83321,Rhinolophus ferrumequinum,0.037,0.037,-1,Echolocation,/mnt/ubna_data_02_mir/recover-20221013/UBNA_001/20221012_030000.WAV,Telephone Field,recover-20221013,001,1795
240.0935,240.1032,27187,35464,Eptesicus serotinus,0.009,0.021,-1,Echolocation,/mnt/ubna_data_02_mir/recover-20221013/UBNA_001/20221012_030000.WAV,Telephone Field,recover-20221013,001,1795
240.1005,240.1402,68437,83035,Rhinolophus ferrumequinum,0.025,0.025,-1,Echolocation,/mnt/ubna_data_02_mir/recover-20221013/UBNA_001/20221012_030000.WAV,Telephone Field,recover-20221013,001,1795
240.1635,240.203,68437,82329,Rhinolophus ferrumequinum,0.021,0.021,-1,Echolocation,/mnt/ubna_data_02_mir/recover-20221013/UBNA_001/20221012_030000.WAV,Telephone Field,recover-20221013,001,1795
240.1925,240.2329,68437,83038,Rhinolophus ferrumequinum,0.03,0.03,-1,Echolocation,/mnt/ubna_data_02_mir/recover-20221013/UBNA_001/20221012_030000.WAV,Telephone Field,recover-20221013,001,1795
240.2065,240.2179,22031,26116,Nyctalus leisleri,0.012,0.022,-1,Echolocation,/mnt/ubna_data_02_mir/recover-20221013/UBNA_001/20221012_030000.WAV,Telephone Field,recover-20221013,001,1795
240.2075,240.2455,68437,81290,Rhinolophus ferrumequinum,0.022,0.022,-1,Echolocation,/mnt/ubna_data_02_mir/recover-20221013/UBNA_001/20221012_030000.WAV,Telephone Field,recover-20221013,001,1795
240.2485,240.261,23750,28696,Nyctalus leisleri,0.012,0.026,-1,Echolocation,/mnt/ubna_data_02_mir/recover-20221013/UBNA_001/20221012_030000.WAV,Telephone Field,recover-20221013,001,1795
240.2585,240.2954,68437,81565,Rhinolophus ferrumequinum,0.023,0.023,-1,Echolocation,/mnt/ubna_data_02_mir/recover-20221013/UBNA_001/20221012_030000.WAV,Telephone Field,recover-20221013,001,1795
240.2995,240.3414,68437,83360,Rhinolophus ferrumequinum,0.027,0.027,-1,Echolocation,/mnt/ubna_data_02_mir/recover-20221013/UBNA_001/20221012_030000.WAV,Telephone Field,recover-20221013,001,1795
240.3065,240.3155,49531,55538,Pipistrellus pipistrellus,0.019,0.023,-1,Echolocation,/mnt/ubna_data_02_mir/recover-20221013/UBNA_001/20221012_030000.WAV,Telephone Field,recover-20221013,001,1795
240.3125,240.3262,23750,29097,Nyctalus leisleri,0.014,0.03,-1,Echolocation,/mnt/ubna_data_02_mir/recover-20221013/UBNA_001/20221012_030000.WAV,Telephone Field,recover-20221013,001,1795
240.3665,240.4059,68437,82917,Rhinolophus ferrumequinum,0.032,0.032,-1,Echolocation,/mnt/ubna_data_02_mir/recover-20221013/UBNA_001/20221012_030000.WAV,Telephone Field,recover-20221013,001,1795
240.3845,240.3985,23750,29115,Nyctalus leisleri,0.012,0.026,-1,Echolocation,/mnt/ubna_data_02_mir/recover-20221013/UBNA_001/20221012_030000.WAV,Telephone Field,recover-20221013,001,1795
240.4065,240.449,68437,82967,Rhinolophus ferrumequinum,0.032,0.032,-1,Echolocation,/mnt/ubna_data_02_mir/recover-20221013/UBNA_001/20221012_030000.WAV,Telephone Field,recover-20221013,001,1795
240.4065,240.4244,22031,25703,Nyctalus leisleri,0.017,0.028,-1,Echolocation,/mnt/ubna_data_02_mir/recover-20221013/UBNA_001/20221012_030000.WAV,Telephone Field,recover-20221013,001,1795
240.4285,240.4407,53828,57820,Pipistrellus pygmaeus,0.024,0.026,-1,Echolocation,/mnt/ubna_data_02_mir/recover-20221013/UBNA_001/20221012_030000.WAV,Telephone Field,recover-20221013,001,1795
240.4485,240.4887,68437,82050,Rhinolophus ferrumequinum,0.023,0.023,-1,Echolocation,/mnt/ubna_data_02_mir/recover-20221013/UBNA_001/20221012_030000.WAV,Telephone Field,recover-20221013,001,1795
240.4565,240.4926,68437,81219,Rhinolophus ferrumequinum,0.024,0.024,-1,Echolocation,/mnt/ubna_data_02_mir/recover-20221013/UBNA_001/20221012_030000.WAV,Telephone Field,recover-20221013,001,1795
240.5245,240.5623,68437,81990,Rhinolophus ferrumequinum,0.022,0.022,-1,Echolocation,/mnt/ubna_data_02_mir/recover-20221013/UBNA_001/20221012_030000.WAV,Telephone Field,recover-20221013,001,1795
240.5315,240.5702,68437,82185,Rhinolophus ferrumequinum,0.022,0.022,-1,Echolocation,/mnt/ubna_data_02_mir/recover-20221013/UBNA_001/20221012_030000.WAV,Telephone Field,recover-20221013,001,1795
240.5435,240.5815,68437,81839,Rhinolophus ferrumequinum,0.022,0.022,-1,Echolocation,/mnt/ubna_data_02_mir/recover-20221013/UBNA_001/20221012_030000.WAV,Telephone Field,recover-20221013,001,1795
240.5465,240.5546,29765,40303,Eptesicus serotinus,0.007,0.025,-1,Echolocation,/mnt/ubna_data_02_mir/recover-20221013/UBNA_001/20221012_030000.WAV,Telephone Field,recover-20221013,001,1795
240.5675,240.6102,68437,83424,Rhinolophus ferrumequinum,0.036,0.036,-1,Echolocation,/mnt/ubna_data_02_mir/recover-20221013/UBNA_001/20221012_030000.WAV,Telephone Field,recover-20221013,001,1795
240.5925,240.633,68437,82582,Rhinolophus ferrumequinum,0.021,0.022,-1,Echolocation,/mnt/ubna_data_02_mir/recover-20221013/UBNA_001/20221012_030000.WAV,Telephone Field,recover-20221013,001,1795
240.6055,240.6442,68437,82347,Rhinolophus ferrumequinum,0.022,0.023,-1,Echolocation,/mnt/ubna_data_02_mir/recover-20221013/UBNA_001/20221012_030000.WAV,Telephone Field,recover-20221013,001,1795
240.6245,240.6361,22890,28360,Nyctalus leisleri,0.011,0.023,-1,Echolocation,/mnt/ubna_data_02_mir/recover-20221013/UBNA_001/20221012_030000.WAV,Telephone Field,recover-20221013,001,1795
240.6315,240.6389,27187,36377,Eptesicus serotinus,0.008,0.027,-1,Echolocation,/mnt/ubna_data_02_mir/recover-20221013/UBNA_001/20221012_030000.WAV,Telephone Field,recover-20221013,001,1795
240.6565,240.696,68437,82367,Rhinolophus ferrumequinum,0.025,0.025,-1,Echolocation,/mnt/ubna_data_02_mir/recover-20221013/UBNA_001/20221012_030000.WAV,Telephone Field,recover-20221013,001,1795
240.7285,240.7665,68437,82251,Rhinolophus ferrumequinum,0.025,0.025,-1,Echolocation,/mnt/ubna_data_02_mir/recover-20221013/UBNA_001/20221012_030000.WAV,Telephone Field,recover-20221013,001,1795
240.7495,240.7881,68437,82274,Rhinolophus ferrumequinum,0.022,0.022,-1,Echolocation,/mnt/ubna_data_02_mir/recover-20221013/UBNA_001/20221012_030000.WAV,Telephone Field,recover-20221013,001,1795
240.7645,240.7826,23750,28021,Nyctalus leisleri,0.019,0.037,-1,Echolocation,/mnt/ubna_data_02_mir/recover-20221013/UBNA_001/20221012_030000.WAV,Telephone Field,recover-20221013,001,1795
240.7695,240.8116,68437,82935,Rhinolophus ferrumequinum,0.024,0.024,-1,Echolocation,/mnt/ubna_data_02_mir/recover-20221013/UBNA_001/20221012_030000.WAV,Telephone Field,recover-20221013,001,1795
240.8015,240.8084,48671,52237,Pipistrellus pipistrellus,0.02,0.022,-1,Echolocation,/mnt/ubna_data_02_mir/recover-20221013/UBNA_001/20221012_030000.WAV,Telephone Field,recover-20221013,001,1795
240.8035,240.843,68437,81688,Rhinolophus ferrumequinum,0.022,0.022,-1,Echolocation,/mnt/ubna_data_02_mir/recover-20221013/UBNA_001/20221012_030000.WAV,Telephone Field,recover-20221013,001,1795
240.8285,240.8393,22890,28244,Nyctalus leisleri,0.01,0.023,-1,Echolocation,/mnt/ubna_data_02_mir/recover-20221013/UBNA_001/20221012_030000.WAV,Telephone Field,recover-20221013,001,1795
240.8445,240.8881,68437,83565,Rhinolophus ferrumequinum,0.026,0.026,-1,Echolocation,/mnt/ubna_data_02_mir/recover-20221013/UBNA_001/20221012_030000.WAV,Telephone Field,recover-20221013,001,1795
240.9035,240.9362,68437,80711,Rhinolophus ferrumequinum,0.022,0.022,-1,Echolocation,/mnt/ubna_data_02_mir/recover-20221013/UBNA_001/20221012_030000.WAV,Telephone Field,recover-20221013,001,1795
240.9265,240.9362,23750,30787,Nyctalus leisleri,0.008,0.022,-1,Echolocation,/mnt/ubna_data_02_mir/recover-20221013/UBNA_001/20221012_030000.WAV,Telephone Field,recover-20221013,001,1795
240.9345,240.9735,68437,82550,Rhinolophus ferrumequinum,0.023,0.023,-1,Echolocation,/mnt/ubna_data_02_mir/recover-20221013/UBNA_001/20221012_030000.WAV,Telephone Field,recover-20221013,001,1795
240.9365,240.9439,23750,32386,Plecotus austriacus,0.012,0.025,-1,Echolocation,/mnt/ubna_data_02_mir/recover-20221013/UBNA_001/20221012_030000.WAV,Telephone Field,recover-20221013,001,1795
240.9475,240.9857,68437,82064,Rhinolophus ferrumequinum,0.022,0.023,-1,Echolocation,/mnt/ubna_data_02_mir/recover-20221013/UBNA_001/20221012_030000.WAV,Telephone Field,recover-20221013,001,1795
241.0135,241.0487,68437,80944,Rhinolophus ferrumequinum,0.027,0.027,-1,Echolocation,/mnt/ubna_data_02_mir/recover-20221013/UBNA_001/20221012_030000.WAV,Telephone Field,recover-20221013,001,1795
241.0145,241.0227,28906,38109,Eptesicus serotinus,0.007,0.022,-1,Echolocation,/mnt/ubna_data_02_mir/recover-20221013/UBNA_001/20221012_030000.WAV,Telephone Field,recover-20221013,001,1795
241.0785,241.1182,68437,82634,Rhinolophus ferrumequinum,0.022,0.022,-1,Echolocation,/mnt/ubna_data_02_mir/recover-20221013/UBNA_001/20221012_030000.WAV,Telephone Field,recover-20221013,001,1795
241.0985,241.1069,28046,38295,Eptesicus serotinus,0.008,0.022,-1,Echolocation,/mnt/ubna_data_02_mir/recover-20221013/UBNA_001/20221012_030000.WAV,Telephone Field,recover-20221013,001,1795
241.1165,241.1524,68437,81062,Rhinolophus ferrumequinum,0.029,0.029,-1,Echolocation,/mnt/ubna_data_02_mir/recover-20221013/UBNA_001/20221012_030000.WAV,Telephone Field,recover-20221013,001,1795
241.1555,241.1969,68437,82739,Rhinolophus ferrumequinum,0.029,0.029,-1,Echolocation,/mnt/ubna_data_02_mir/recover-20221013/UBNA_001/20221012_030000.WAV,Telephone Field,recover-20221013,001,1795
241.1815,241.2237,68437,83022,Rhinolophus ferrumequinum,0.027,0.027,-1,Echolocation,/mnt/ubna_data_02_mir/recover-20221013/UBNA_001/20221012_030000.WAV,Telephone Field,recover-20221013,001,1795
241.2145,241.2571,68437,83093,Rhinolophus ferrumequinum,0.025,0.025,-1,Echolocation,/mnt/ubna_data_02_mir/recover-20221013/UBNA_001/20221012_030000.WAV,Telephone Field,recover-20221013,001,1795
241.2365,241.2437,28046,43573,Eptesicus serotinus,0.007,0.025,-1,Echolocation,/mnt/ubna_data_02_mir/recover-20221013/UBNA_001/20221012_030000.WAV,Telephone Field,recover-20221013,001,1795
241.2385,241.2809,68437,82884,Rhinolophus ferrumequinum,0.029,0.029,-1,Echolocation,/mnt/ubna_data_02_mir/recover-20221013/UBNA_001/20221012_030000.WAV,Telephone Field,recover-20221013,001,1795
241.2515,241.2872,68437,82038,Rhinolophus ferrumequinum,0.023,0.023,-1,Echolocation,/mnt/ubna_data_02_mir/recover-20221013/UBNA_001/20221012_030000.WAV,Telephone Field,recover-20221013,001,1795
241.2645,241.3007,68437,82345,Rhinolophus ferrumequinum,0.023,0.023,-1,Echolocation,/mnt/ubna_data_02_mir/recover-20221013/UBNA_001/20221012_030000.WAV,Telephone Field,recover-20221013,001,1795
241.2775,241.3163,68437,82205,Rhinolophus ferrumequinum,0.024,0.024,-1,Echolocation,/mnt/ubna_data_02_mir/recover-20221013/UBNA_001/20221012_030000.WAV,Telephone Field,recover-20221013,001,1795
241.2955,241.3365,68437,82920,Rhinolophus ferrumequinum,0.031,0.031,-1,Echolocation,/mnt/ubna_data_02_mir/recover-20221013/UBNA_001/20221012_030000.WAV,Telephone Field,recover-20221013,001,1795
241.3155,241.3541,68437,82525,Rhinolophus ferrumequinum,0.022,0.023,-1,Echolocation,/mnt/ubna_data_02_mir/recover-20221013/UBNA_001/20221012_030000.WAV,Telephone Field,recover-20221013,001,1795
241.3255,241.3356,23750,30323,Nyctalus leisleri,0.008,0.024,-1,Echolocation,/mnt/ubna_data_02_mir/recover-20221013/UBNA_001/20221012_030000.WAV,Telephone Field,recover-20221013,001,1795
241.3395,241.3495,40937,46784,Pipistrellus nathusii,0.006,0.024,-1,Echolocation,/mnt/ubna_data_02_mir/recover-20221013/UBNA_001/20221012_030000.WAV,Telephone Field,recover-20221013,001,1795
241.3435,241.351,28046,42607,Eptesicus serotinus,0.007,0.021,-1,Echolocation,/mnt/ubna_data_02_mir/recover-20221013/UBNA_001/20221012_030000.WAV,Telephone Field,recover-20221013,001,1795
241.3995,241.4359,68437,81932,Rhinolophus ferrumequinum,0.022,0.022,-1,Echolocation,/mnt/ubna_data_02_mir/recover-20221013/UBNA_001/20221012_030000.WAV,Telephone Field,recover-20221013,001,1795
241.4075,241.4132,28906,41540,Myotis daubentonii,0.007,0.032,-1,Echolocation,/mnt/ubna_data_02_mir/recover-20221013/UBNA_001/20221012_030000.WAV,Telephone Field,recover-20221013,001,1795
241.4305,241.4685,68437,82121,Rhinolophus ferrumequinum,0.022,0.022,-1,Echolocation,/mnt/ubna_data_02_mir/recover-20221013/UBNA_001/20221012_030000.WAV,Telephone Field,recover-20221013,001,1795
241.4335,241.4427,22890,30143,Plecotus austriacus,0.008,0.023,-1,Echolocation,/mnt/ubna_data_02_mir/recover-20221013/UBNA_001/20221012_030000.WAV,Telephone Field,recover-20221013,001,1795
241.4505,241.4614,23750,29762,Nyctalus leisleri,0.008,0.022,-1,Echolocation,/mnt/ubna_data_02_mir/recover-20221013/UBNA_001/20221012_030000.WAV,Telephone Field,recover-20221013,001,1795
241.4555,241.4947,68437,82797,Rhinolophus ferrumequinum,0.029,0.029,-1,Echolocation,/mnt/ubna_data_02_mir/recover-20221013/UBNA_001/20221012_030000.WAV,Telephone Field,recover-20221013,001,1795
241.5235,241.5346,23750,29550,Nyctalus leisleri,0.011,0.025,-1,Echolocation,/mnt/ubna_data_02_mir/recover-20221013/UBNA_001/20221012_030000.WAV,Telephone Field,recover-20221013,001,1795
241.5235,241.5297,32343,45496,Myotis daubentonii,0.011,0.022,-1,Echolocation,/mnt/ubna_data_02_mir/recover-20221013/UBNA_001/20221012_030000.WAV,Telephone Field,recover-20221013,001,1795
241.5415,241.5489,22890,32039,Plecotus austriacus,0.026,0.053,-1,Echolocation,/mnt/ubna_data_02_mir/recover-20221013/UBNA_001/20221012_030000.WAV,Telephone Field,recover-20221013,001,1795
241.5515,241.5878,68437,81974,Rhinolophus ferrumequinum,0.026,0.026,-1,Echolocation,/mnt/ubna_data_02_mir/recover-20221013/UBNA_001/20221012_030000.WAV,Telephone Field,recover-20221013,001,1795
241.5585,241.5683,28906,36963,Eptesicus serotinus,0.014,0.027,-1,Echolocation,/mnt/ubna_data_02_mir/recover-20221013/UBNA_001/20221012_030000.WAV,Telephone Field,recover-20221013,001,1795
241.5685,241.609,68437,82136,Rhinolophus ferrumequinum,0.022,0.023,-1,Echolocation,/mnt/ubna_data_02_mir/recover-20221013/UBNA_001/20221012_030000.WAV,Telephone Field,recover-20221013,001,1795
241.5835,241.5908,28906,37206,Eptesicus serotinus,0.007,0.022,-1,Echolocation,/mnt/ubna_data_02_mir/recover-20221013/UBNA_001/20221012_030000.WAV,Telephone Field,recover-20221013,001,1795
241.5885,241.6006,22031,26486,Nyctalus leisleri,0.014,0.024,-1,Echolocation,/mnt/ubna_data_02_mir/recover-20221013/UBNA_001/20221012_030000.WAV,Telephone Field,recover-20221013,001,1795
241.5955,241.6141,21171,24415,Nyctalus leisleri,0.015,0.024,-1,Echolocation,/mnt/ubna_data_02_mir/recover-20221013/UBNA_001/20221012_030000.WAV,Telephone Field,recover-20221013,001,1795
241.6295,241.665,68437,81582,Rhinolophus ferrumequinum,0.023,0.023,-1,Echolocation,/mnt/ubna_data_02_mir/recover-20221013/UBNA_001/20221012_030000.WAV,Telephone Field,recover-20221013,001,1795
241.6715,241.6836,22890,27278,Nyctalus leisleri,0.012,0.023,-1,Echolocation,/mnt/ubna_data_02_mir/recover-20221013/UBNA_001/20221012_030000.WAV,Telephone Field,recover-20221013,001,1795
241.6725,241.6846,51250,56671,Pipistrellus pipistrellus,0.038,0.045,-1,Echolocation,/mnt/ubna_data_02_mir/recover-20221013/UBNA_001/20221012_030000.WAV,Telephone Field,recover-20221013,001,1795
241.7405,241.7828,68437,83087,Rhinolophus ferrumequinum,0.033,0.033,-1,Echolocation,/mnt/ubna_data_02_mir/recover-20221013/UBNA_001/20221012_030000.WAV,Telephone Field,recover-20221013,001,1795
241.7635,241.776,25468,30563,Nyctalus leisleri,0.016,0.038,-1,Echolocation,/mnt/ubna_data_02_mir/recover-20221013/UBNA_001/20221012_030000.WAV,Telephone Field,recover-20221013,001,1795
241.7765,241.7907,22031,25401,Nyctalus leisleri,0.014,0.022,-1,Echolocation,/mnt/ubna_data_02_mir/recover-20221013/UBNA_001/20221012_030000.WAV,Telephone Field,recover-20221013,001,1795
241.7835,241.826,68437,82770,Rhinolophus ferrumequinum,0.031,0.031,-1,Echolocation,/mnt/ubna_data_02_mir/recover-20221013/UBNA_001/20221012_030000.WAV,Telephone Field,recover-20221013,001,1795
241.8095,241.8451,68437,81350,Rhinolophus ferrumequinum,0.024,0.024,-1,Echolocation,/mnt/ubna_data_02_mir/recover-20221013/UBNA_001/20221012_030000.WAV,Telephone Field,recover-20221013,001,1795
241.8165,241.825,27187,37071,Eptesicus serotinus,0.008,0.023,-1,Echolocation,/mnt/ubna_data_02_mir/recover-20221013/UBNA_001/20221012_030000.WAV,Telephone Field,recover-20221013,001,1795
241.8435,241.8565,25468,30219,Nyctalus leisleri,0.02,0.043,-1,Echolocation,/mnt/ubna_data_02_mir/recover-20221013/UBNA_001/20221012_030000.WAV,Telephone Field,recover-20221013,001,1795
241.8635,241.8723,28906,39085,Eptesicus serotinus,0.007,0.022,-1,Echolocation,/mnt/ubna_data_02_mir/recover-20221013/UBNA_001/20221012_030000.WAV,Telephone Field,recover-20221013,001,1795
241.8855,241.9238,68437,81966,Rhinolophus ferrumequinum,0.025,0.025,-1,Echolocation,/mnt/ubna_data_02_mir/recover-20221013/UBNA_001/20221012_030000.WAV,Telephone Field,recover-20221013,001,1795
241.9245,241.9662,68437,83072,Rhinolophus ferrumequinum,0.036,0.036,-1,Echolocation,/mnt/ubna_data_02_mir/recover-20221013/UBNA_001/20221012_030000.WAV,Telephone Field,recover-20221013,001,1795
241.9645,241.9748,22890,28719,Nyctalus leisleri,0.01,0.023,-1,Echolocation,/mnt/ubna_data_02_mir/recover-20221013/UBNA_001/20221012_030000.WAV,Telephone Field,recover-20221013,001,1795
242.0015,242.0318,68437,79169,Rhinolophus ferrumequinum,0.043,0.043,-1,Echolocation,/mnt/ubna_data_02_mir/recover-20221013/UBNA_001/20221012_030000.WAV,Telephone Field,recover-20221013,001,1795
242.0015,242.0138,19453,24428,Nyctalus leisleri,0.01,0.026,-1,Echolocation,/mnt/ubna_data_02_mir/recover-20221013/UBNA_001/20221012_030000.WAV,Telephone Field,recover-20221013,001,1795
242.0015,242.009,25468,35671,Nyctalus leisleri,0.005,0.021,-1,Echolocation,/mnt/ubna_data_02_mir/recover-20221013/UBNA_001/20221012_030000.WAV,Telephone Field,recover-20221013,001,1795
242.0125,242.0539,68437,82385,Rhinolophus ferrumequinum,0.023,0.023,-1,Echolocation,/mnt/ubna_data_02_mir/recover-20221013/UBNA_001/20221012_030000.WAV,Telephone Field,recover-20221013,001,1795
242.0165,242.0225,39218,56106,Myotis daubentonii,0.01,0.036,-1,Echolocation,/mnt/ubna_data_02_mir/recover-20221013/UBNA_001/20221012_030000.WAV,Telephone Field,recover-20221013,001,1795
242.0205,242.0274,27187,42228,Eptesicus serotinus,0.007,0.024,-1,Echolocation,/mnt/ubna_data_02_mir/recover-20221013/UBNA_001/20221012_030000.WAV,Telephone Field,recover-20221013,001,1795
242.0305,242.0415,37500,42568,Barbastellus barbastellus,0.004,0.024,-1,Echolocation,/mnt/ubna_data_02_mir/recover-20221013/UBNA_001/20221012_030000.WAV,Telephone Field,recover-20221013,001,1795
242.0335,242.0718,68437,82178,Rhinolophus ferrumequinum,0.023,0.023,-1,Echolocation,/mnt/ubna_data_02_mir/recover-20221013/UBNA_001/20221012_030000.WAV,Telephone Field,recover-20221013,001,1795
242.0605,242.0997,68437,81789,Rhinolophus ferrumequinum,0.026,0.026,-1,Echolocation,/mnt/ubna_data_02_mir/recover-20221013/UBNA_001/20221012_030000.WAV,Telephone Field,recover-20221013,001,1795
242.0635,242.0708,28046,38512,Eptesicus serotinus,0.007,0.023,-1,Echolocation,/mnt/ubna_data_02_mir/recover-20221013/UBNA_001/20221012_030000.WAV,Telephone Field,recover-20221013,001,1795
242.0805,242.1156,68437,81166,Rhinolophus ferrumequinum,0.021,0.021,-1,Echolocation,/mnt/ubna_data_02_mir/recover-20221013/UBNA_001/20221012_030000.WAV,Telephone Field,recover-20221013,001,1795
242.1065,242.1474,68437,82326,Rhinolophus ferrumequinum,0.022,0.022,-1,Echolocation,/mnt/ubna_data_02_mir/recover-20221013/UBNA_001/20221012_030000.WAV,Telephone Field,recover-20221013,001,1795
242.1275,242.1643,68437,81647,Rhinolophus ferrumequinum,0.021,0.021,-1,Echolocation,/mnt/ubna_data_02_mir/recover-20221013/UBNA_001/20221012_030000.WAV,Telephone Field,recover-20221013,001,1795
242.1345,242.14,46953,52222,Pipistrellus pipistrellus,0.021,0.023,-1,Echolocation,/mnt/ubna_data_02_mir/recover-20221013/UBNA_001/20221012_030000.WAV,Telephone Field,recover-20221013,001,1795
242.1345,242.1723,68437,81936,Rhinolophus ferrumequinum,0.023,0.023,-1,Echolocation,/mnt/ubna_data_02_mir/recover-20221013/UBNA_001/20221012_030000.WAV,Telephone Field,recover-20221013,001,1795
242.1645,242.1852,20312,23402,Nyctalus leisleri,0.017,0.029,-1,Echolocation,/mnt/ubna_data_02_mir/recover-20221013/UBNA_001/20221012_030000.WAV,Telephone Field,recover-20221013,001,1795
242.1805,242.2147,68437,80972,Rhinolophus ferrumequinum,0.022,0.022,-1,Echolocation,/mnt/ubna_data_02_mir/recover-20221013/UBNA_001/20221012_030000.WAV,Telephone Field,recover-20221013,001,1795
242.1975,242.2062,27187,36125,Eptesicus serotinus,0.007,0.021,-1,Echolocation,/mnt/ubna_data_02_mir/recover-20221013/UBNA_001/20221012_030000.WAV,Telephone Field,recover-20221013,001,1795
242.2045,242.2151,22890,28083,Nyctalus leisleri,0.011,0.022,-1,Echolocation,/mnt/ubna_data_02_mir/recover-20221013/UBNA_001/20221012_030000.WAV,Telephone Field,recover-20221013,001,1795
242.2095,242.2196,22890,28114,Nyctalus leisleri,0.01,0.022,-1,Echolocation,/mnt/ubna_data_02_mir/recover-20221013/UBNA_001/20221012_030000.WAV,Telephone Field,recover-20221013,001,1795
242.2365,242.276,68437,82294,Rhinolophus ferrumequinum,0.028,0.028,-1,Echolocation,/mnt/ubna_data_02_mir/recover-20221013/UBNA_001/20221012_030000.WAV,Telephone Field,recover-20221013,001,1795
242.2505,242.2896,68437,81968,Rhinolophus ferrumequinum,0.024,0.024,-1,Echolocation,/mnt/ubna_data_02_mir/recover-20221013/UBNA_001/20221012_030000.WAV,Telephone Field,recover-20221013,001,1795
242.3085,242.3195,28046,34734,Eptesicus serotinus,0.014,0.028,-1,Echolocation,/mnt/ubna_data_02_mir/recover-20221013/UBNA_001/20221012_030000.WAV,Telephone Field,recover-20221013,001,1795
242.3685,242.408,68437,81891,Rhinolophus ferrumequinum,0.021,0.021,-1,Echolocation,/mnt/ubna_data_02_mir/recover-20221013/UBNA_001/20221012_030000.WAV,Telephone Field,recover-20221013,001,1795
242.3865,242.4309,68437,83990,Rhinolophus ferrumequinum,0.041,0.041,-1,Echolocation,/mnt/ubna_data_02_mir/recover-20221013/UBNA_001/20221012_030000.WAV,Telephone Field,recover-20221013,001,1795
242.4255,242.4643,68437,81841,Rhinolophus ferrumequinum,0.023,0.023,-1,Echolocation,/mnt/ubna_data_02_mir/recover-20221013/UBNA_001/20221012_030000.WAV,Telephone Field,recover-20221013,001,1795
242.4445,242.4859,68437,82810,Rhinolophus ferrumequinum,0.022,0.022,-1,Echolocation,/mnt/ubna_data_02_mir/recover-20221013/UBNA_001/20221012_030000.WAV,Telephone Field,recover-20221013,001,1795
242.4585,242.468,26328,33980,Eptesicus serotinus,0.016,0.037,-1,Echolocation,/mnt/ubna_data_02_mir/recover-20221013/UBNA_001/20221012_030000.WAV,Telephone Field,recover-20221013,001,1795
242.4955,242.5327,68437,81881,Rhinolophus ferrumequinum,0.022,0.022,-1,Echolocation,/mnt/ubna_data_02_mir/recover-20221013/UBNA_001/20221012_030000.WAV,Telephone Field,recover-20221013,001,1795
242.5285,242.5365,27187,40880,Eptesicus serotinus,0.007,0.022,-1,Echolocation,/mnt/ubna_data_02_mir/recover-20221013/UBNA_001/20221012_030000.WAV,Telephone Field,recover-20221013,001,1795
242.5565,242.5926,68437,81715,Rhinolophus ferrumequinum,0.021,0.021,-1,Echolocation,/mnt/ubna_data_02_mir/recover-20221013/UBNA_001/20221012_030000.WAV,Telephone Field,recover-20221013,001,1795
242.5665,242.6043,68437,81761,Rhinolophus ferrumequinum,0.022,0.023,-1,Echolocation,/mnt/ubna_data_02_mir/recover-20221013/UBNA_001/20221012_030000.WAV,Telephone Field,recover-20221013,001,1795
242.5725,242.5826,22031,27144,Nyctalus leisleri,0.009,0.021,-1,Echolocation,/mnt/ubna_data_02_mir/recover-20221013/UBNA_001/20221012_030000.WAV,Telephone Field,recover-20221013,001,1795
242.5855,242.624,68437,82442,Rhinolophus ferrumequinum,0.022,0.022,-1,Echolocation,/mnt/ubna_data_02_mir/recover-20221013/UBNA_001/20221012_030000.WAV,Telephone Field,recover-20221013,001,1795
242.6135,242.6472,67578,79728,Rhinolophus ferrumequinum,0.021,0.021,-1,Echolocation,/mnt/ubna_data_02_mir/recover-20221013/UBNA_001/20221012_030000.WAV,Telephone Field,recover-20221013,001,1795
242.6345,242.6714,68437,81917,Rhinolophus ferrumequinum,0.021,0.021,-1,Echolocation,/mnt/ubna_data_02_mir/recover-20221013/UBNA_001/20221012_030000.WAV,Telephone Field,recover-20221013,001,1795
242.6875,242.7208,68437,80722,Rhinolophus ferrumequinum,0.026,0.026,-1,Echolocation,/mnt/ubna_data_02_mir/recover-20221013/UBNA_001/20221012_030000.WAV,Telephone Field,recover-20221013,001,1795
242.7355,242.7421,49531,53991,Pipistrellus pipistrellus,0.035,0.037,-1,Echolocation,/mnt/ubna_data_02_mir/recover-20221013/UBNA_001/20221012_030000.WAV,Telephone Field,recover-20221013,001,1795
242.7425,242.7765,68437,80520,Rhinolophus ferrumequinum,0.023,0.023,-1,Echolocation,/mnt/ubna_data_02_mir/recover-20221013/UBNA_001/20221012_030000.WAV,Telephone Field,recover-20221013,001,1795
242.7545,242.7643,24609,31280,Nyctalus leisleri,0.009,0.025,-1,Echolocation,/mnt/ubna_data_02_mir/recover-20221013/UBNA_001/20221012_030000.WAV,Telephone Field,recover-20221013,001,1795
242.7595,242.7996,68437,82826,Rhinolophus ferrumequinum,0.026,0.026,-1,Echolocation,/mnt/ubna_data_02_mir/recover-20221013/UBNA_001/20221012_030000.WAV,Telephone Field,recover-20221013,001,1795
242.7675,242.8086,68437,82198,Rhinolophus ferrumequinum,0.026,0.026,-1,Echolocation,/mnt/ubna_data_02_mir/recover-20221013/UBNA_001/20221012_030000.WAV,Telephone Field,recover-20221013,001,1795
242.8165,242.8247,28046,40697,Eptesicus serotinus,0.008,0.023,-1,Echolocation,/mnt/ubna_data_02_mir/recover-20221013/UBNA_001/20221012_030000.WAV,Telephone Field,recover-20221013,001,1795
242.8365,242.8759,68437,81972,Rhinolophus ferrumequinum,0.021,0.021,-1,Echolocation,/mnt/ubna_data_02_mir/recover-20221013/UBNA_001/20221012_030000.WAV,Telephone Field,recover-20221013,001,1795
242.8555,242.8979,68437,82499,Rhinolophus ferrumequinum,0.027,0.027,-1,Echolocation,/mnt/ubna_data_02_mir/recover-20221013/UBNA_001/20221012_030000.WAV,Telephone Field,recover-20221013,001,1795
242.8655,242.8788,14296,19225,Nyctalus noctula,0.021,0.032,-1,Echolocation,/mnt/ubna_data_02_mir/recover-20221013/UBNA_001/20221012_030000.WAV,Telephone Field,recover-20221013,001,1795
242.8775,242.9136,68437,81093,Rhinolophus ferrumequinum,0.021,0.021,-1,Echolocation,/mnt/ubna_data_02_mir/recover-20221013/UBNA_001/20221012_030000.WAV,Telephone Field,recover-20221013,001,1795
242.9065,242.9484,68437,83538,Rhinolophus ferrumequinum,0.026,0.026,-1,Echolocation,/mnt/ubna_data_02_mir/recover-20221013/UBNA_001/20221012_030000.WAV,Telephone Field,recover-20221013,001,1795
242.9115,242.9184,27187,40241,Eptesicus serotinus,0.006,0.021,-1,Echolocation,/mnt/ubna_data_02_mir/recover-20221013/UBNA_001/20221012_030000.WAV,Telephone Field,recover-20221013,001,1795
242.9265,242.9662,68437,82391,Rhinolophus ferrumequinum,0.021,0.021,-1,Echolocation,/mnt/ubna_data_02_mir/recover-20221013/UBNA_001/20221012_030000.WAV,Telephone Field,recover-20221013,001,1795
242.9415,242.9515,38359,44062,Pipistrellus nathusii,0.012,0.024,-1,Echolocation,/mnt/ubna_data_02_mir/recover-20221013/UBNA_001/20221012_030000.WAV,Telephone Field,recover-20221013,001,1795
242.9425,242.9806,68437,82278,Rhinolophus ferrumequinum,0.022,0.022,-1,Echolocation,/mnt/ubna_data_02_mir/recover-20221013/UBNA_001/20221012_030000.WAV,Telephone Field,recover-20221013,001,1795
242.9715,243.0013,68437,79847,Rhinolophus ferrumequinum,0.027,0.027,-1,Echolocation,/mnt/ubna_data_02_mir/recover-20221013/UBNA_001/20221012_030000.WAV,Telephone Field,recover-20221013,001,1795
242.9835,242.9951,27187,33909,Eptesicus serotinus,0.012,0.03,-1,Echolocation,/mnt/ubna_data_02_mir/recover-20221013/UBNA_001/20221012_030000.WAV,Telephone Field,recover-20221013,001,1795
242.9835,243.0238,68437,82810,Rhinolophus ferrumequinum,0.03,0.03,-1,Echolocation,/mnt/ubna_data_02_mir/recover-20221013/UBNA_001/20221012_030000.WAV,Telephone Field,recover-20221013,001,1795
243.0515,243.0597,28046,38366,Eptesicus serotinus,0.009,0.025,-1,Echolocation,/mnt/ubna_data_02_mir/recover-20221013/UBNA_001/20221012_030000.WAV,Telephone Field,recover-20221013,001,1795
243.1025,243.1137,23750,29377,Nyctalus leisleri,0.013,0.029,-1,Echolocation,/mnt/ubna_data_02_mir/recover-20221013/UBNA_001/20221012_030000.WAV,Telephone Field,recover-20221013,001,1795
243.1425,243.1514,28046,37726,Eptesicus serotinus,0.008,0.022,-1,Echolocation,/mnt/ubna_data_02_mir/recover-20221013/UBNA_001/20221012_030000.WAV,Telephone Field,recover-20221013,001,1795
243.1485,243.1873,68437,82402,Rhinolophus ferrumequinum,0.029,0.029,-1,Echolocation,/mnt/ubna_data_02_mir/recover-20221013/UBNA_001/20221012_030000.WAV,Telephone Field,recover-20221013,001,1795
243.2225,243.2611,68437,82440,Rhinolophus ferrumequinum,0.027,0.027,-1,Echolocation,/mnt/ubna_data_02_mir/recover-20221013/UBNA_001/20221012_030000.WAV,Telephone Field,recover-20221013,001,1795
243.2285,243.2401,22890,27086,Nyctalus leisleri,0.014,0.025,-1,Echolocation,/mnt/ubna_data_02_mir/recover-20221013/UBNA_001/20221012_030000.WAV,Telephone Field,recover-20221013,001,1795
243.2515,243.2608,28906,37306,Eptesicus serotinus,0.012,0.028,-1,Echolocation,/mnt/ubna_data_02_mir/recover-20221013/UBNA_001/20221012_030000.WAV,Telephone Field,recover-20221013,001,1795
243.2815,243.2921,46953,50405,Pipistrellus pipistrellus,0.022,0.025,-1,Echolocation,/mnt/ubna_data_02_mir/recover-20221013/UBNA_001/20221012_030000.WAV,Telephone Field,recover-20221013,001,1795
243.2825,243.3226,68437,82307,Rhinolophus ferrumequinum,0.022,0.022,-1,Echolocation,/mnt/ubna_data_02_mir/recover-20221013/UBNA_001/20221012_030000.WAV,Telephone Field,recover-20221013,001,1795
243.3415,243.3485,48671,55895,Pipistrellus pipistrellus,0.025,0.027,-1,Echolocation,/mnt/ubna_data_02_mir/recover-20221013/UBNA_001/20221012_030000.WAV,Telephone Field,recover-20221013,001,1795
243.3685,243.4045,68437,81257,Rhinolophus ferrumequinum,0.021,0.021,-1,Echolocation,/mnt/ubna_data_02_mir/recover-20221013/UBNA_001/20221012_030000.WAV,Telephone Field,recover-20221013,001,1795
243.3765,243.3841,22890,30806,Plecotus austriacus,0.011,0.024,-1,Echolocation,/mnt/ubna_data_02_mir/recover-20221013/UBNA_001/20221012_030000.WAV,Telephone Field,recover-20221013,001,1795
243.4435,243.4816,68437,82715,Rhinolophus ferrumequinum,0.023,0.023,-1,Echolocation,/mnt/ubna_data_02_mir/recover-20221013/UBNA_001/20221012_030000.WAV,Telephone Field,recover-20221013,001,1795
243.4605,243.4973,68437,81611,Rhinolophus ferrumequinum,0.021,0.021,-1,Echolocation,/mnt/ubna_data_02_mir/recover-20221013/UBNA_001/20221012_030000.WAV,Telephone Field,recover-20221013,001,1795
243.4675,243.4756,46953,50848,Pipistrellus pipistrellus,0.02,0.021,-1,Echolocation,/mnt/ubna_data_02_mir/recover-20221013/UBNA_001/20221012_030000.WAV,Telephone Field,recover-20221013,001,1795
243.4715,243.479,27187,39929,Eptesicus serotinus,0.007,0.026,-1,Echolocation,/mnt/ubna_data_02_mir/recover-20221013/UBNA_001/20221012_030000.WAV,Telephone Field,recover-20221013,001,1795
243.5385,243.5795,68437,82635,Rhinolophus ferrumequinum,0.023,0.023,-1,Echolocation,/mnt/ubna_data_02_mir/recover-20221013/UBNA_001/20221012_030000.WAV,Telephone Field,recover-20221013,001,1795
243.5745,243.5839,23750,30585,Nyctalus leisleri,0.007,0.022,-1,Echolocation,/mnt/ubna_data_02_mir/recover-20221013/UBNA_001/20221012_030000.WAV,Telephone Field,recover-20221013,001,1795
243.5875,243.5936,57265,64244,Pipistrellus pygmaeus,0.024,0.025,-1,Echolocation,/mnt/ubna_data_02_mir/recover-20221013/UBNA_001/20221012_030000.WAV,Telephone Field,recover-20221013,001,1795
243.6465,243.6563,24609,31897,Eptesicus serotinus,0.008,0.024,-1,Echolocation,/mnt/ubna_data_02_mir/recover-20221013/UBNA_001/20221012_030000.WAV,Telephone Field,recover-20221013,001,1795
243.6485,243.6868,68437,82074,Rhinolophus ferrumequinum,0.021,0.021,-1,Echolocation,/mnt/ubna_data_02_mir/recover-20221013/UBNA_001/20221012_030000.WAV,Telephone Field,recover-20221013,001,1795
243.6545,243.6925,68437,81894,Rhinolophus ferrumequinum,0.021,0.021,-1,Echolocation,/mnt/ubna_data_02_mir/recover-20221013/UBNA_001/20221012_030000.WAV,Telephone Field,recover-20221013,001,1795
243.6665,243.7044,68437,82143,Rhinolophus ferrumequinum,0.023,0.023,-1,Echolocation,/mnt/ubna_data_02_mir/recover-20221013/UBNA_001/20221012_030000.WAV,Telephone Field,recover-20221013,001,1795
243.7215,243.7325,28046,36885,Eptesicus serotinus,0.013,0.028,-1,Echolocation,/mnt/ubna_data_02_mir/recover-20221013/UBNA_001/20221012_030000.WAV,Telephone Field,recover-20221013,001,1795
243.7405,243.7503,22031,27299,Nyctalus leisleri,0.009,0.024,-1,Echolocation,/mnt/ubna_data_02_mir/recover-20221013/UBNA_001/20221012_030000.WAV,Telephone Field,recover-20221013,001,1795
243.7605,243.801,68437,82966,Rhinolophus ferrumequinum,0.025,0.025,-1,Echolocation,/mnt/ubna_data_02_mir/recover-20221013/UBNA_001/20221012_030000.WAV,Telephone Field,recover-20221013,001,1795
243.7615,243.7726,37500,43177,Pipistrellus nathusii,0.01,0.022,-1,Echolocation,/mnt/ubna_data_02_mir/recover-20221013/UBNA_001/20221012_030000.WAV,Telephone Field,recover-20221013,001,1795
243.7705,243.7782,27187,38435,Eptesicus serotinus,0.008,0.024,-1,Echolocation,/mnt/ubna_data_02_mir/recover-20221013/UBNA_001/20221012_030000.WAV,Telephone Field,recover-20221013,001,1795
243.7795,243.8157,68437,81398,Rhinolophus ferrumequinum,0.021,0.021,-1,Echolocation,/mnt/ubna_data_02_mir/recover-20221013/UBNA_001/20221012_030000.WAV,Telephone Field,recover-20221013,001,1795
243.7945,243.8361,68437,82627,Rhinolophus ferrumequinum,0.023,0.023,-1,Echolocation,/mnt/ubna_data_02_mir/recover-20221013/UBNA_001/20221012_030000.WAV,Telephone Field,recover-20221013,001,1795
243.8315,243.8701,68437,82307,Rhinolophus ferrumequinum,0.025,0.025,-1,Echolocation,/mnt/ubna_data_02_mir/recover-20221013/UBNA_001/20221012_030000.WAV,Telephone Field,recover-20221013,001,1795
243.8315,243.8408,25468,33375,Nyctalus leisleri,0.008,0.024,-1,Echolocation,/mnt/ubna_data_02_mir/recover-20221013/UBNA_001/20221012_030000.WAV,Telephone Field,recover-20221013,001,1795
243.8425,243.8618,20312,23442,Nyctalus leisleri,0.014,0.024,-1,Echolocation,/mnt/ubna_data_02_mir/recover-20221013/UBNA_001/20221012_030000.WAV,Telephone Field,recover-20221013,001,1795
243.8465,243.8863,68437,82497,Rhinolophus ferrumequinum,0.021,0.021,-1,Echolocation,/mnt/ubna_data_02_mir/recover-20221013/UBNA_001/20221012_030000.WAV,Telephone Field,recover-20221013,001,1795
243.8845,243.8924,23750,32430,Plecotus austriacus,0.008,0.021,-1,Echolocation,/mnt/ubna_data_02_mir/recover-20221013/UBNA_001/20221012_030000.WAV,Telephone Field,recover-20221013,001,1795
243.8865,243.9265,68437,82583,Rhinolophus ferrumequinum,0.029,0.029,-1,Echolocation,/mnt/ubna_data_02_mir/recover-20221013/UBNA_001/20221012_030000.WAV,Telephone Field,recover-20221013,001,1795
243.8955,243.9316,68437,81850,Rhinolophus ferrumequinum,0.025,0.025,-1,Echolocation,/mnt/ubna_data_02_mir/recover-20221013/UBNA_001/20221012_030000.WAV,Telephone Field,recover-20221013,001,1795
243.9175,243.9248,28046,38713,Eptesicus serotinus,0.008,0.025,-1,Echolocation,/mnt/ubna_data_02_mir/recover-20221013/UBNA_001/20221012_030000.WAV,Telephone Field,recover-20221013,001,1795
244.0015,244.0355,68437,79720,Rhinolophus ferrumequinum,0.064,0.064,-1,Echolocation,/mnt/ubna_data_02_mir/recover-20221013/UBNA_001/20221012_030000.WAV,Telephone Field,recover-20221013,001,1795
244.0015,244.0102,25468,35379,Nyctalus leisleri,0.007,0.031,-1,Echolocation,/mnt/ubna_data_02_mir/recover-20221013/UBNA_001/20221012_030000.WAV,Telephone Field,recover-20221013,001,1795
244.0085,244.0505,68437,82471,Rhinolophus ferrumequinum,0.022,0.022,-1,Echolocation,/mnt/ubna_data_02_mir/recover-20221013/UBNA_001/20221012_030000.WAV,Telephone Field,recover-20221013,001,1795
244.0145,244.0579,68437,83130,Rhinolophus ferrumequinum,0.023,0.023,-1,Echolocation,/mnt/ubna_data_02_mir/recover-20221013/UBNA_001/20221012_030000.WAV,Telephone Field,recover-20221013,001,1795
244.0155,244.0251,29765,37522,Eptesicus serotinus,0.01,0.026,-1,Echolocation,/mnt/ubna_data_02_mir/recover-20221013/UBNA_001/20221012_030000.WAV,Telephone Field,recover-20221013,001,1795
244.0235,244.0629,68437,82445,Rhinolophus ferrumequinum,0.022,0.022,-1,Echolocation,/mnt/ubna_data_02_mir/recover-20221013/UBNA_001/20221012_030000.WAV,Telephone Field,recover-20221013,001,1795
244.07150000000001,244.1124,68437,83044,Rhinolophus ferrumequinum,0.03,0.03,-1,Echolocation,/mnt/ubna_data_02_mir/recover-20221013/UBNA_001/20221012_030000.WAV,Telephone Field,recover-20221013,001,1795
244.0985,244.10829999999999,28906,36887,Eptesicus serotinus,0.011,0.026,-1,Echolocation,/mnt/ubna_data_02_mir/recover-20221013/UBNA_001/20221012_030000.WAV,Telephone Field,recover-20221013,001,1795
244.1605,244.2037,68437,82948,Rhinolophus ferrumequinum,0.029,0.029,-1,Echolocation,/mnt/ubna_data_02_mir/recover-20221013/UBNA_001/20221012_030000.WAV,Telephone Field,recover-20221013,001,1795
244.1735,244.178,40078,52155,Myotis nattereri,0.006,0.024,-1,Echolocation,/mnt/ubna_data_02_mir/recover-20221013/UBNA_001/20221012_030000.WAV,Telephone Field,recover-20221013,001,1795
244.2055,244.2433,68437,82326,Rhinolophus ferrumequinum,0.022,0.022,-1,Echolocation,/mnt/ubna_data_02_mir/recover-20221013/UBNA_001/20221012_030000.WAV,Telephone Field,recover-20221013,001,1795
244.2415,244.2803,68437,82286,Rhinolophus ferrumequinum,0.025,0.025,-1,Echolocation,/mnt/ubna_data_02_mir/recover-20221013/UBNA_001/20221012_030000.WAV,Telephone Field,recover-20221013,001,1795
244.2555,244.2948,68437,82524,Rhinolophus ferrumequinum,0.024,0.024,-1,Echolocation,/mnt/ubna_data_02_mir/recover-20221013/UBNA_001/20221012_030000.WAV,Telephone Field,recover-20221013,001,1795
244.2635,244.3052,68437,82885,Rhinolophus ferrumequinum,0.024,0.024,-1,Echolocation,/mnt/ubna_data_02_mir/recover-20221013/UBNA_001/20221012_030000.WAV,Telephone Field,recover-20221013,001,1795
244.2955,244.3367,68437,83015,Rhinolophus ferrumequinum,0.03,0.03,-1,Echolocation,/mnt/ubna_data_02_mir/recover-20221013/UBNA_001/20221012_030000.WAV,Telephone Field,recover-20221013,001,1795
244.3065,244.3479,68437,83319,Rhinolophus ferrumequinum,0.033,0.033,-1,Echolocation,/mnt/ubna_data_02_mir/recover-20221013/UBNA_001/20221012_030000.WAV,Telephone Field,recover-20221013,001,1795
244.3125,244.3196,28046,40604,Eptesicus serotinus,0.006,0.021,-1,Echolocation,/mnt/ubna_data_02_mir/recover-20221013/UBNA_001/20221012_030000.WAV,Telephone Field,recover-20221013,001,1795
244.3335,244.3456,22031,27106,Nyctalus leisleri,0.013,0.03,-1,Echolocation,/mnt/ubna_data_02_mir/recover-20221013/UBNA_001/20221012_030000.WAV,Telephone Field,recover-20221013,001,1795
244.3615,244.3993,68437,81789,Rhinolophus ferrumequinum,0.024,0.024,-1,Echolocation,/mnt/ubna_data_02_mir/recover-20221013/UBNA_001/20221012_030000.WAV,Telephone Field,recover-20221013,001,1795
244.3735,244.3817,26328,34868,Eptesicus serotinus,0.009,0.024,-1,Echolocation,/mnt/ubna_data_02_mir/recover-20221013/UBNA_001/20221012_030000.WAV,Telephone Field,recover-20221013,001,1795
244.3835,244.4231,68437,82480,Rhinolophus ferrumequinum,0.022,0.022,-1,Echolocation,/mnt/ubna_data_02_mir/recover-20221013/UBNA_001/20221012_030000.WAV,Telephone Field,recover-20221013,001,1795
244.4265,244.4673,68437,81786,Rhinolophus ferrumequinum,0.04,0.04,-1,Echolocation,/mnt/ubna_data_02_mir/recover-20221013/UBNA_001/20221012_030000.WAV,Telephone Field,recover-20221013,001,1795
244.4315,244.4412,46093,53997,Pipistrellus pipistrellus,0.018,0.024,-1,Echolocation,/mnt/ubna_data_02_mir/recover-20221013/UBNA_001/20221012_030000.WAV,Telephone Field,recover-20221013,001,1795
244.4905,244.4998,28046,35133,Eptesicus serotinus,0.009,0.022,-1,Echolocation,/mnt/ubna_data_02_mir/recover-20221013/UBNA_001/20221012_030000.WAV,Telephone Field,recover-20221013,001,1795
244.5185,244.529,28046,35613,Eptesicus serotinus,0.03,0.051,-1,Echolocation,/mnt/ubna_data_02_mir/recover-20221013/UBNA_001/20221012_030000.WAV,Telephone Field,recover-20221013,001,1795
244.5415,244.58089999999999,68437,82174,Rhinolophus ferrumequinum,0.025,0.025,-1,Echolocation,/mnt/ubna_data_02_mir/recover-20221013/UBNA_001/20221012_030000.WAV,Telephone Field,recover-20221013,001,1795
244.5675,244.5751,27187,36075,Eptesicus serotinus,0.009,0.023,-1,Echolocation,/mnt/ubna_data_02_mir/recover-20221013/UBNA_001/20221012_030000.WAV,Telephone Field,recover-20221013,001,1795
244.5965,244.635,68437,81685,Rhinolophus ferrumequinum,0.021,0.021,-1,Echolocation,/mnt/ubna_data_02_mir/recover-20221013/UBNA_001/20221012_030000.WAV,Telephone Field,recover-20221013,001,1795
244.6005,244.6094,28906,38881,Eptesicus serotinus,0.009,0.024,-1,Echolocation,/mnt/ubna_data_02_mir/recover-20221013/UBNA_001/20221012_030000.WAV,Telephone Field,recover-20221013,001,1795
244.6165,244.6532,68437,81583,Rhinolophus ferrumequinum,0.022,0.022,-1,Echolocation,/mnt/ubna_data_02_mir/recover-20221013/UBNA_001/20221012_030000.WAV,Telephone Field,recover-20221013,001,1795
244.6595,244.696,68437,81213,Rhinolophus ferrumequinum,0.022,0.022,-1,Echolocation,/mnt/ubna_data_02_mir/recover-20221013/UBNA_001/20221012_030000.WAV,Telephone Field,recover-20221013,001,1795
244.6695,244.6794,25468,33724,Eptesicus serotinus,0.009,0.028,-1,Echolocation,/mnt/ubna_data_02_mir/recover-20221013/UBNA_001/20221012_030000.WAV,Telephone Field,recover-20221013,001,1795
244.6935,244.7354,68437,83227,Rhinolophus ferrumequinum,0.028,0.028,-1,Echolocation,/mnt/ubna_data_02_mir/recover-20221013/UBNA_001/20221012_030000.WAV,Telephone Field,recover-20221013,001,1795
244.7275,244.7413,22890,26502,Nyctalus leisleri,0.022,0.037,-1,Echolocation,/mnt/ubna_data_02_mir/recover-20221013/UBNA_001/20221012_030000.WAV,Telephone Field,recover-20221013,001,1795
244.7405,244.75,28046,40048,Eptesicus serotinus,0.011,0.024,-1,Echolocation,/mnt/ubna_data_02_mir/recover-20221013/UBNA_001/20221012_030000.WAV,Telephone Field,recover-20221013,001,1795
244.7915,244.8034,22890,27952,Nyctalus leisleri,0.011,0.023,-1,Echolocation,/mnt/ubna_data_02_mir/recover-20221013/UBNA_001/20221012_030000.WAV,Telephone Field,recover-20221013,001,1795
244.8145,244.8528,68437,82043,Rhinolophus ferrumequinum,0.021,0.021,-1,Echolocation,/mnt/ubna_data_02_mir/recover-20221013/UBNA_001/20221012_030000.WAV,Telephone Field,recover-20221013,001,1795
244.8355,244.8722,68437,81959,Rhinolophus ferrumequinum,0.022,0.022,-1,Echolocation,/mnt/ubna_data_02_mir/recover-20221013/UBNA_001/20221012_030000.WAV,Telephone Field,recover-20221013,001,1795
244.8665,244.8787,23750,30243,Nyctalus leisleri,0.016,0.042,-1,Echolocation,/mnt/ubna_data_02_mir/recover-20221013/UBNA_001/20221012_030000.WAV,Telephone Field,recover-20221013,001,1795
244.9365,244.9768,68437,82602,Rhinolophus ferrumequinum,0.024,0.024,-1,Echolocation,/mnt/ubna_data_02_mir/recover-20221013/UBNA_001/20221012_030000.WAV,Telephone Field,recover-20221013,001,1795
244.9395,244.9571,20312,23310,Nyctalus leisleri,0.016,0.027,-1,Echolocation,/mnt/ubna_data_02_mir/recover-20221013/UBNA_001/20221012_030000.WAV,Telephone Field,recover-20221013,001,1795
244.9595,244.967,28046,36881,Eptesicus serotinus,0.007,0.022,-1,Echolocation,/mnt/ubna_data_02_mir/recover-20221013/UBNA_001/20221012_030000.WAV,Telephone Field,recover-20221013,001,1795
244.9785,245.0175,68437,82480,Rhinolophus ferrumequinum,0.022,0.022,-1,Echolocation,/mnt/ubna_data_02_mir/recover-20221013/UBNA_001/20221012_030000.WAV,Telephone Field,recover-20221013,001,1795
244.9915,244.9992,26328,34521,Eptesicus serotinus,0.007,0.022,-1,Echolocation,/mnt/ubna_data_02_mir/recover-20221013/UBNA_001/20221012_030000.WAV,Telephone Field,recover-20221013,001,1795
244.9935,245.0368,68437,83044,Rhinolophus ferrumequinum,0.039,0.039,-1,Echolocation,/mnt/ubna_data_02_mir/recover-20221013/UBNA_001/20221012_030000.WAV,Telephone Field,recover-20221013,001,1795
245.0385,245.0807,68437,82803,Rhinolophus ferrumequinum,0.023,0.023,-1,Echolocation,/mnt/ubna_data_02_mir/recover-20221013/UBNA_001/20221012_030000.WAV,Telephone Field,recover-20221013,001,1795
245.0525,245.0606,28046,41129,Eptesicus serotinus,0.009,0.023,-1,Echolocation,/mnt/ubna_data_02_mir/recover-20221013/UBNA_001/20221012_030000.WAV,Telephone Field,recover-20221013,001,1795
245.0605,245.1003,68437,82444,Rhinolophus ferrumequinum,0.025,0.025,-1,Echolocation,/mnt/ubna_data_02_mir/recover-20221013/UBNA_001/20221012_030000.WAV,Telephone Field,recover-20221013,001,1795
245.0795,245.1231,68437,83653,Rhinolophus ferrumequinum,0.046,0.046,-1,Echolocation,/mnt/ubna_data_02_mir/recover-20221013/UBNA_001/20221012_030000.WAV,Telephone Field,recover-20221013,001,1795
245.0915,245.1294,68437,82237,Rhinolophus ferrumequinum,0.021,0.021,-1,Echolocation,/mnt/ubna_data_02_mir/recover-20221013/UBNA_001/20221012_030000.WAV,Telephone Field,recover-20221013,001,1795
245.1255,245.1351,28046,38659,Eptesicus serotinus,0.01,0.024,-1,Echolocation,/mnt/ubna_data_02_mir/recover-20221013/UBNA_001/20221012_030000.WAV,Telephone Field,recover-20221013,001,1795
245.1515,245.1897,68437,81669,Rhinolophus ferrumequinum,0.021,0.021,-1,Echolocation,/mnt/ubna_data_02_mir/recover-20221013/UBNA_001/20221012_030000.WAV,Telephone Field,recover-20221013,001,1795
245.1885,245.2315,68437,83193,Rhinolophus ferrumequinum,0.023,0.023,-1,Echolocation,/mnt/ubna_data_02_mir/recover-20221013/UBNA_001/20221012_030000.WAV,Telephone Field,recover-20221013,001,1795
245.1945,245.2367,68437,82841,Rhinolophus ferrumequinum,0.021,0.021,-1,Echolocation,/mnt/ubna_data_02_mir/recover-20221013/UBNA_001/20221012_030000.WAV,Telephone Field,recover-20221013,001,1795
245.2165,245.2549,68437,81728,Rhinolophus ferrumequinum,0.022,0.022,-1,Echolocation,/mnt/ubna_data_02_mir/recover-20221013/UBNA_001/20221012_030000.WAV,Telephone Field,recover-20221013,001,1795
245.2585,245.2983,68437,82140,Rhinolophus ferrumequinum,0.024,0.024,-1,Echolocation,/mnt/ubna_data_02_mir/recover-20221013/UBNA_001/20221012_030000.WAV,Telephone Field,recover-20221013,001,1795
245.2965,245.3363,68437,82582,Rhinolophus ferrumequinum,0.027,0.027,-1,Echolocation,/mnt/ubna_data_02_mir/recover-20221013/UBNA_001/20221012_030000.WAV,Telephone Field,recover-20221013,001,1795
245.2985,245.3052,32343,44363,Myotis daubentonii,0.009,0.024,-1,Echolocation,/mnt/ubna_data_02_mir/recover-20221013/UBNA_001/20221012_030000.WAV,Telephone Field,recover-20221013,001,1795
245.3025,245.3218,20312,23350,Nyctalus leisleri,0.02,0.038,-1,Echolocation,/mnt/ubna_data_02_mir/recover-20221013/UBNA_001/20221012_030000.WAV,Telephone Field,recover-20221013,001,1795
245.3315,245.3675,68437,81778,Rhinolophus ferrumequinum,0.029,0.029,-1,Echolocation,/mnt/ubna_data_02_mir/recover-20221013/UBNA_001/20221012_030000.WAV,Telephone Field,recover-20221013,001,1795
245.3535,245.3911,68437,81921,Rhinolophus ferrumequinum,0.024,0.024,-1,Echolocation,/mnt/ubna_data_02_mir/recover-20221013/UBNA_001/20221012_030000.WAV,Telephone Field,recover-20221013,001,1795
245.3545,245.3622,27187,38132,Eptesicus serotinus,0.007,0.022,-1,Echolocation,/mnt/ubna_data_02_mir/recover-20221013/UBNA_001/20221012_030000.WAV,Telephone Field,recover-20221013,001,1795
245.3585,245.3692,22031,26711,Nyctalus leisleri,0.011,0.022,-1,Echolocation,/mnt/ubna_data_02_mir/recover-20221013/UBNA_001/20221012_030000.WAV,Telephone Field,recover-20221013,001,1795
245.3865,245.3965,22890,27919,Nyctalus leisleri,0.009,0.022,-1,Echolocation,/mnt/ubna_data_02_mir/recover-20221013/UBNA_001/20221012_030000.WAV,Telephone Field,recover-20221013,001,1795
245.4025,245.4423,68437,81801,Rhinolophus ferrumequinum,0.024,0.024,-1,Echolocation,/mnt/ubna_data_02_mir/recover-20221013/UBNA_001/20221012_030000.WAV,Telephone Field,recover-20221013,001,1795
245.4525,245.4928,68437,82575,Rhinolophus ferrumequinum,0.022,0.022,-1,Echolocation,/mnt/ubna_data_02_mir/recover-20221013/UBNA_001/20221012_030000.WAV,Telephone Field,recover-20221013,001,1795
245.4655,245.5046,68437,82366,Rhinolophus ferrumequinum,0.021,0.022,-1,Echolocation,/mnt/ubna_data_02_mir/recover-20221013/UBNA_001/20221012_030000.WAV,Telephone Field,recover-20221013,001,1795
245.4885,245.499,23750,29421,Nyctalus leisleri,0.01,0.023,-1,Echolocation,/mnt/ubna_data_02_mir/recover-20221013/UBNA_001/20221012_030000.WAV,Telephone Field,recover-20221013,001,1795
245.4935,245.5018,45234,52857,Pipistrellus pipistrellus,0.021,0.025,-1,Echolocation,/mnt/ubna_data_02_mir/recover-20221013/UBNA_001/20221012_030000.WAV,Telephone Field,recover-20221013,001,1795
245.5035,245.5115,26328,37026,Eptesicus serotinus,0.008,0.021,-1,Echolocation,/mnt/ubna_data_02_mir/recover-20221013/UBNA_001/20221012_030000.WAV,Telephone Field,recover-20221013,001,1795
245.5215,245.5628,68437,82974,Rhinolophus ferrumequinum,0.023,0.023,-1,Echolocation,/mnt/ubna_data_02_mir/recover-20221013/UBNA_001/20221012_030000.WAV,Telephone Field,recover-20221013,001,1795
245.5465,245.5572,24609,31009,Nyctalus leisleri,0.008,0.022,-1,Echolocation,/mnt/ubna_data_02_mir/recover-20221013/UBNA_001/20221012_030000.WAV,Telephone Field,recover-20221013,001,1795
245.5625,245.601,68437,82722,Rhinolophus ferrumequinum,0.028,0.028,-1,Echolocation,/mnt/ubna_data_02_mir/recover-20221013/UBNA_001/20221012_030000.WAV,Telephone Field,recover-20221013,001,1795
245.5885,245.5982,28046,40288,Eptesicus serotinus,0.012,0.026,-1,Echolocation,/mnt/ubna_data_02_mir/recover-20221013/UBNA_001/20221012_030000.WAV,Telephone Field,recover-20221013,001,1795
245.6015,245.6413,68437,82534,Rhinolophus ferrumequinum,0.023,0.023,-1,Echolocation,/mnt/ubna_data_02_mir/recover-20221013/UBNA_001/20221012_030000.WAV,Telephone Field,recover-20221013,001,1795
245.6085,245.618,48671,53926,Pipistrellus pipistrellus,0.023,0.027,-1,Echolocation,/mnt/ubna_data_02_mir/recover-20221013/UBNA_001/20221012_030000.WAV,Telephone Field,recover-20221013,001,1795
245.6265,245.6645,68437,81976,Rhinolophus ferrumequinum,0.025,0.025,-1,Echolocation,/mnt/ubna_data_02_mir/recover-20221013/UBNA_001/20221012_030000.WAV,Telephone Field,recover-20221013,001,1795
245.6355,245.6766,68437,82948,Rhinolophus ferrumequinum,0.03,0.03,-1,Echolocation,/mnt/ubna_data_02_mir/recover-20221013/UBNA_001/20221012_030000.WAV,Telephone Field,recover-20221013,001,1795
245.6745,245.716,68437,83131,Rhinolophus ferrumequinum,0.027,0.027,-1,Echolocation,/mnt/ubna_data_02_mir/recover-20221013/UBNA_001/20221012_030000.WAV,Telephone Field,recover-20221013,001,1795
245.69650000000001,245.7349,68437,82084,Rhinolophus ferrumequinum,0.022,0.023,-1,Echolocation,/mnt/ubna_data_02_mir/recover-20221013/UBNA_001/20221012_030000.WAV,Telephone Field,recover-20221013,001,1795
245.7065,245.7134,28046,40222,Eptesicus serotinus,0.013,0.033,-1,Echolocation,/mnt/ubna_data_02_mir/recover-20221013/UBNA_001/20221012_030000.WAV,Telephone Field,recover-20221013,001,1795
245.7255,245.7335,26328,35411,Eptesicus serotinus,0.008,0.024,-1,Echolocation,/mnt/ubna_data_02_mir/recover-20221013/UBNA_001/20221012_030000.WAV,Telephone Field,recover-20221013,001,1795
245.7685,245.7754,27187,39946,Eptesicus serotinus,0.007,0.024,-1,Echolocation,/mnt/ubna_data_02_mir/recover-20221013/UBNA_001/20221012_030000.WAV,Telephone Field,recover-20221013,001,1795
245.8195,245.827,24609,33332,Plecotus austriacus,0.006,0.022,-1,Echolocation,/mnt/ubna_data_02_mir/recover-20221013/UBNA_001/20221012_030000.WAV,Telephone Field,recover-20221013,001,1795
245.8555,245.8968,68437,82881,Rhinolophus ferrumequinum,0.025,0.025,-1,Echolocation,/mnt/ubna_data_02_mir/recover-20221013/UBNA_001/20221012_030000.WAV,Telephone Field,recover-20221013,001,1795
245.8775,245.9166,68437,81567,Rhinolophus ferrumequinum,0.024,0.024,-1,Echolocation,/mnt/ubna_data_02_mir/recover-20221013/UBNA_001/20221012_030000.WAV,Telephone Field,recover-20221013,001,1795
245.9165,245.9369,20312,23808,Nyctalus leisleri,0.026,0.055,-1,Echolocation,/mnt/ubna_data_02_mir/recover-20221013/UBNA_001/20221012_030000.WAV,Telephone Field,recover-20221013,001,1795
245.9225,245.9592,68437,82750,Rhinolophus ferrumequinum,0.023,0.023,-1,Echolocation,/mnt/ubna_data_02_mir/recover-20221013/UBNA_001/20221012_030000.WAV,Telephone Field,recover-20221013,001,1795
245.9445,245.9568,23750,28710,Nyctalus leisleri,0.011,0.024,-1,Echolocation,/mnt/ubna_data_02_mir/recover-20221013/UBNA_001/20221012_030000.WAV,Telephone Field,recover-20221013,001,1795
245.9595,245.9977,68437,82070,Rhinolophus ferrumequinum,0.023,0.023,-1,Echolocation,/mnt/ubna_data_02_mir/recover-20221013/UBNA_001/20221012_030000.WAV,Telephone Field,recover-20221013,001,1795
245.9905,245.9984,27187,39975,Eptesicus serotinus,0.01,0.026,-1,Echolocation,/mnt/ubna_data_02_mir/recover-20221013/UBNA_001/20221012_030000.WAV,Telephone Field,recover-20221013,001,1795
246.0015,246.0322,68437,79771,Rhinolophus ferrumequinum,0.061,0.062,-1,Echolocation,/mnt/ubna_data_02_mir/recover-20221013/UBNA_001/20221012_030000.WAV,Telephone Field,recover-20221013,001,1795
246.0015,246.0099,28046,38022,Eptesicus serotinus,0.008,0.027,-1,Echolocation,/mnt/ubna_data_02_mir/recover-20221013/UBNA_001/20221012_030000.WAV,Telephone Field,recover-20221013,001,1795
246.0015,246.01,22031,28102,Nyctalus leisleri,0.008,0.022,-1,Echolocation,/mnt/ubna_data_02_mir/recover-20221013/UBNA_001/20221012_030000.WAV,Telephone Field,recover-20221013,001,1795
246.0115,246.0489,67578,79271,Rhinolophus ferrumequinum,0.024,0.025,-1,Echolocation,/mnt/ubna_data_02_mir/recover-20221013/UBNA_001/20221012_030000.WAV,Telephone Field,recover-20221013,001,1795
246.0575,246.0966,68437,81743,Rhinolophus ferrumequinum,0.022,0.022,-1,Echolocation,/mnt/ubna_data_02_mir/recover-20221013/UBNA_001/20221012_030000.WAV,Telephone Field,recover-20221013,001,1795
246.0645,246.1021,68437,81758,Rhinolophus ferrumequinum,0.021,0.021,-1,Echolocation,/mnt/ubna_data_02_mir/recover-20221013/UBNA_001/20221012_030000.WAV,Telephone Field,recover-20221013,001,1795
246.1495,246.1903,68437,82846,Rhinolophus ferrumequinum,0.026,0.026,-1,Echolocation,/mnt/ubna_data_02_mir/recover-20221013/UBNA_001/20221012_030000.WAV,Telephone Field,recover-20221013,001,1795
246.1505,246.161,28046,34949,Eptesicus serotinus,0.01,0.022,-1,Echolocation,/mnt/ubna_data_02_mir/recover-20221013/UBNA_001/20221012_030000.WAV,Telephone Field,recover-20221013,001,1795
246.19650000000001,246.2072,28046,35552,Eptesicus serotinus,0.013,0.026,-1,Echolocation,/mnt/ubna_data_02_mir/recover-20221013/UBNA_001/20221012_030000.WAV,Telephone Field,recover-20221013,001,1795
246.2215,246.2614,68437,82402,Rhinolophus ferrumequinum,0.024,0.024,-1,Echolocation,/mnt/ubna_data_02_mir/recover-20221013/UBNA_001/20221012_030000.WAV,Telephone Field,recover-20221013,001,1795
246.2535,246.2922,68437,82697,Rhinolophus ferrumequinum,0.025,0.025,-1,Echolocation,/mnt/ubna_data_02_mir/recover-20221013/UBNA_001/20221012_030000.WAV,Telephone Field,recover-20221013,001,1795
246.2695,246.27609999999999,48671,57902,Pipistrellus pipistrellus,0.016,0.023,-1,Echolocation,/mnt/ubna_data_02_mir/recover-20221013/UBNA_001/20221012_030000.WAV,Telephone Field,recover-20221013,001,1795
246.2755,246.3152,68437,82067,Rhinolophus ferrumequinum,0.022,0.022,-1,Echolocation,/mnt/ubna_data_02_mir/recover-20221013/UBNA_001/20221012_030000.WAV,Telephone Field,recover-20221013,001,1795
246.3865,246.4282,68437,82925,Rhinolophus ferrumequinum,0.032,0.032,-1,Echolocation,/mnt/ubna_data_02_mir/recover-20221013/UBNA_001/20221012_030000.WAV,Telephone Field,recover-20221013,001,1795
246.4185,246.4546,68437,81115,Rhinolophus ferrumequinum,0.021,0.021,-1,Echolocation,/mnt/ubna_data_02_mir/recover-20221013/UBNA_001/20221012_030000.WAV,Telephone Field,recover-20221013,001,1795
246.4225,246.4449,19453,22211,Nyctalus noctula,0.01,0.021,-1,Echolocation,/mnt/ubna_data_02_mir/recover-20221013/UBNA_001/20221012_030000.WAV,Telephone Field,recover-20221013,001,1795
246.4595,246.4689,24609,32140,Nyctalus leisleri,0.007,0.024,-1,Echolocation,/mnt/ubna_data_02_mir/recover-20221013/UBNA_001/20221012_030000.WAV,Telephone Field,recover-20221013,001,1795
246.4905,246.5304,68437,82289,Rhinolophus ferrumequinum,0.025,0.025,-1,Echolocation,/mnt/ubna_data_02_mir/recover-20221013/UBNA_001/20221012_030000.WAV,Telephone Field,recover-20221013,001,1795
246.5125,246.5233,25468,33214,Eptesicus serotinus,0.011,0.027,-1,Echolocation,/mnt/ubna_data_02_mir/recover-20221013/UBNA_001/20221012_030000.WAV,Telephone Field,recover-20221013,001,1795
246.5265,246.5661,68437,81910,Rhinolophus ferrumequinum,0.024,0.024,-1,Echolocation,/mnt/ubna_data_02_mir/recover-20221013/UBNA_001/20221012_030000.WAV,Telephone Field,recover-20221013,001,1795
246.5835,246.6243,68437,82356,Rhinolophus ferrumequinum,0.021,0.021,-1,Echolocation,/mnt/ubna_data_02_mir/recover-20221013/UBNA_001/20221012_030000.WAV,Telephone Field,recover-20221013,001,1795
246.5845,246.5938,14296,20125,Nyctalus noctula,0.008,0.025,-1,Echolocation,/mnt/ubna_data_02_mir/recover-20221013/UBNA_001/20221012_030000.WAV,Telephone Field,recover-20221013,001,1795
246.5935,246.6019,27187,37745,Eptesicus serotinus,0.008,0.023,-1,Echolocation,/mnt/ubna_data_02_mir/recover-20221013/UBNA_001/20221012_030000.WAV,Telephone Field,recover-20221013,001,1795
246.6225,246.6594,68437,82003,Rhinolophus ferrumequinum,0.021,0.021,-1,Echolocation,/mnt/ubna_data_02_mir/recover-20221013/UBNA_001/20221012_030000.WAV,Telephone Field,recover-20221013,001,1795
246.6435,246.6584,19453,23230,Nyctalus leisleri,0.009,0.022,-1,Echolocation,/mnt/ubna_data_02_mir/recover-20221013/UBNA_001/20221012_030000.WAV,Telephone Field,recover-20221013,001,1795
246.6665,246.7044,68437,81619,Rhinolophus ferrumequinum,0.023,0.023,-1,Echolocation,/mnt/ubna_data_02_mir/recover-20221013/UBNA_001/20221012_030000.WAV,Telephone Field,recover-20221013,001,1795
246.6975,246.735,68437,81567,Rhinolophus ferrumequinum,0.022,0.022,-1,Echolocation,/mnt/ubna_data_02_mir/recover-20221013/UBNA_001/20221012_030000.WAV,Telephone Field,recover-20221013,001,1795
246.7015,246.7096,22890,30765,Plecotus austriacus,0.01,0.023,-1,Echolocation,/mnt/ubna_data_02_mir/recover-20221013/UBNA_001/20221012_030000.WAV,Telephone Field,recover-20221013,001,1795
246.7065,246.7421,68437,81406,Rhinolophus ferrumequinum,0.023,0.023,-1,Echolocation,/mnt/ubna_data_02_mir/recover-20221013/UBNA_001/20221012_030000.WAV,Telephone Field,recover-20221013,001,1795
246.7115,246.7444,68437,80760,Rhinolophus ferrumequinum,0.022,0.022,-1,Echolocation,/mnt/ubna_data_02_mir/recover-20221013/UBNA_001/20221012_030000.WAV,Telephone Field,recover-20221013,001,1795
246.7285,246.7661,68437,81881,Rhinolophus ferrumequinum,0.022,0.022,-1,Echolocation,/mnt/ubna_data_02_mir/recover-20221013/UBNA_001/20221012_030000.WAV,Telephone Field,recover-20221013,001,1795
246.7325,246.7431,27187,33558,Eptesicus serotinus,0.013,0.028,-1,Echolocation,/mnt/ubna_data_02_mir/recover-20221013/UBNA_001/20221012_030000.WAV,Telephone Field,recover-20221013,001,1795
246.7635,246.8037,68437,82306,Rhinolophus ferrumequinum,0.025,0.025,-1,Echolocation,/mnt/ubna_data_02_mir/recover-20221013/UBNA_001/20221012_030000.WAV,Telephone Field,recover-20221013,001,1795
246.7765,246.785,28906,37157,Eptesicus serotinus,0.008,0.023,-1,Echolocation,/mnt/ubna_data_02_mir/recover-20221013/UBNA_001/20221012_030000.WAV,Telephone Field,recover-20221013,001,1795
246.8025,246.8425,68437,81822,Rhinolophus ferrumequinum,0.021,0.021,-1,Echolocation,/mnt/ubna_data_02_mir/recover-20221013/UBNA_001/20221012_030000.WAV,Telephone Field,recover-20221013,001,1795
246.8665,246.9067,68437,82696,Rhinolophus ferrumequinum,0.032,0.033,-1,Echolocation,/mnt/ubna_data_02_mir/recover-20221013/UBNA_001/20221012_030000.WAV,Telephone Field,recover-20221013,001,1795
246.8985,246.9382,68437,82088,Rhinolophus ferrumequinum,0.021,0.021,-1,Echolocation,/mnt/ubna_data_02_mir/recover-20221013/UBNA_001/20221012_030000.WAV,Telephone Field,recover-20221013,001,1795
246.9155,246.9554,68437,82823,Rhinolophus ferrumequinum,0.024,0.024,-1,Echolocation,/mnt/ubna_data_02_mir/recover-20221013/UBNA_001/20221012_030000.WAV,Telephone Field,recover-20221013,001,1795
246.9175,246.9256,24609,32839,Plecotus austriacus,0.007,0.022,-1,Echolocation,/mnt/ubna_data_02_mir/recover-20221013/UBNA_001/20221012_030000.WAV,Telephone Field,recover-20221013,001,1795
246.9585,246.9958,68437,81929,Rhinolophus ferrumequinum,0.022,0.022,-1,Echolocation,/mnt/ubna_data_02_mir/recover-20221013/UBNA_001/20221012_030000.WAV,Telephone Field,recover-20221013,001,1795
246.9785,246.9915,51250,56105,Pipistrellus pipistrellus,0.02,0.027,-1,Echolocation,/mnt/ubna_data_02_mir/recover-20221013/UBNA_001/20221012_030000.WAV,Telephone Field,recover-20221013,001,1795
246.9985,247.0127,44375,47544,Pipistrellus pipistrellus,0.03,0.033,-1,Echolocation,/mnt/ubna_data_02_mir/recover-20221013/UBNA_001/20221012_030000.WAV,Telephone Field,recover-20221013,001,1795
247.0505,247.0875,68437,81555,Rhinolophus ferrumequinum,0.021,0.021,-1,Echolocation,/mnt/ubna_data_02_mir/recover-20221013/UBNA_001/20221012_030000.WAV,Telephone Field,recover-20221013,001,1795
247.0675,247.1086,68437,82454,Rhinolophus ferrumequinum,0.023,0.023,-1,Echolocation,/mnt/ubna_data_02_mir/recover-20221013/UBNA_001/20221012_030000.WAV,Telephone Field,recover-20221013,001,1795
247.0855,247.1247,68437,82173,Rhinolophus ferrumequinum,0.022,0.022,-1,Echolocation,/mnt/ubna_data_02_mir/recover-20221013/UBNA_001/20221012_030000.WAV,Telephone Field,recover-20221013,001,1795
247.1105,247.1174,28906,41067,Eptesicus serotinus,0.008,0.024,-1,Echolocation,/mnt/ubna_data_02_mir/recover-20221013/UBNA_001/20221012_030000.WAV,Telephone Field,recover-20221013,001,1795
247.1265,247.1692,68437,83476,Rhinolophus ferrumequinum,0.038,0.038,-1,Echolocation,/mnt/ubna_data_02_mir/recover-20221013/UBNA_001/20221012_030000.WAV,Telephone Field,recover-20221013,001,1795
247.1755,247.2161,68437,82507,Rhinolophus ferrumequinum,0.023,0.023,-1,Echolocation,/mnt/ubna_data_02_mir/recover-20221013/UBNA_001/20221012_030000.WAV,Telephone Field,recover-20221013,001,1795
247.1855,247.1964,24609,31266,Nyctalus leisleri,0.013,0.034,-1,Echolocation,/mnt/ubna_data_02_mir/recover-20221013/UBNA_001/20221012_030000.WAV,Telephone Field,recover-20221013,001,1795
247.2155,247.2513,68437,81081,Rhinolophus ferrumequinum,0.022,0.022,-1,Echolocation,/mnt/ubna_data_02_mir/recover-20221013/UBNA_001/20221012_030000.WAV,Telephone Field,recover-20221013,001,1795
247.2785,247.289,23750,30023,Nyctalus leisleri,0.011,0.026,-1,Echolocation,/mnt/ubna_data_02_mir/recover-20221013/UBNA_001/20221012_030000.WAV,Telephone Field,recover-20221013,001,1795
247.2785,247.3177,68437,82739,Rhinolophus ferrumequinum,0.031,0.031,-1,Echolocation,/mnt/ubna_data_02_mir/recover-20221013/UBNA_001/20221012_030000.WAV,Telephone Field,recover-20221013,001,1795
247.3285,247.3699,68437,83039,Rhinolophus ferrumequinum,0.026,0.026,-1,Echolocation,/mnt/ubna_data_02_mir/recover-20221013/UBNA_001/20221012_030000.WAV,Telephone Field,recover-20221013,001,1795
247.3345,247.3775,68437,82535,Rhinolophus ferrumequinum,0.026,0.026,-1,Echolocation,/mnt/ubna_data_02_mir/recover-20221013/UBNA_001/20221012_030000.WAV,Telephone Field,recover-20221013,001,1795
247.3355,247.3454,22890,28877,Nyctalus leisleri,0.01,0.026,-1,Echolocation,/mnt/ubna_data_02_mir/recover-20221013/UBNA_001/20221012_030000.WAV,Telephone Field,recover-20221013,001,1795
247.3735,247.3843,22890,27587,Nyctalus leisleri,0.011,0.023,-1,Echolocation,/mnt/ubna_data_02_mir/recover-20221013/UBNA_001/20221012_030000.WAV,Telephone Field,recover-20221013,001,1795
247.4485,247.4585,14296,20475,Nyctalus noctula,0.014,0.026,-1,Echolocation,/mnt/ubna_data_02_mir/recover-20221013/UBNA_001/20221012_030000.WAV,Telephone Field,recover-20221013,001,1795
247.4495,247.4894,68437,81950,Rhinolophus ferrumequinum,0.022,0.022,-1,Echolocation,/mnt/ubna_data_02_mir/recover-20221013/UBNA_001/20221012_030000.WAV,Telephone Field,recover-20221013,001,1795
247.4805,247.4897,46953,50341,Pipistrellus pipistrellus,0.021,0.022,-1,Echolocation,/mnt/ubna_data_02_mir/recover-20221013/UBNA_001/20221012_030000.WAV,Telephone Field,recover-20221013,001,1795
247.5005,247.5436,68437,82564,Rhinolophus ferrumequinum,0.023,0.023,-1,Echolocation,/mnt/ubna_data_02_mir/recover-20221013/UBNA_001/20221012_030000.WAV,Telephone Field,recover-20221013,001,1795
247.5125,247.5512,68437,82364,Rhinolophus ferrumequinum,0.022,0.022,-1,Echolocation,/mnt/ubna_data_02_mir/recover-20221013/UBNA_001/20221012_030000.WAV,Telephone Field,recover-20221013,001,1795
247.5845,247.6225,68437,82429,Rhinolophus ferrumequinum,0.025,0.025,-1,Echolocation,/mnt/ubna_data_02_mir/recover-20221013/UBNA_001/20221012_030000.WAV,Telephone Field,recover-20221013,001,1795
247.5945,247.6328,68437,81797,Rhinolophus ferrumequinum,0.023,0.023,-1,Echolocation,/mnt/ubna_data_02_mir/recover-20221013/UBNA_001/20221012_030000.WAV,Telephone Field,recover-20221013,001,1795
247.6015,247.6384,68437,82215,Rhinolophus ferrumequinum,0.024,0.024,-1,Echolocation,/mnt/ubna_data_02_mir/recover-20221013/UBNA_001/20221012_030000.WAV,Telephone Field,recover-20221013,001,1795
247.6175,247.6272,24609,32322,Eptesicus serotinus,0.007,0.022,-1,Echolocation,/mnt/ubna_data_02_mir/recover-20221013/UBNA_001/20221012_030000.WAV,Telephone Field,recover-20221013,001,1795
247.6395,247.6487,26328,35265,Eptesicus serotinus,0.007,0.021,-1,Echolocation,/mnt/ubna_data_02_mir/recover-20221013/UBNA_001/20221012_030000.WAV,Telephone Field,recover-20221013,001,1795
247.6485,247.6567,26328,38050,Eptesicus serotinus,0.007,0.024,-1,Echolocation,/mnt/ubna_data_02_mir/recover-20221013/UBNA_001/20221012_030000.WAV,Telephone Field,recover-20221013,001,1795
247.6565,247.694,68437,82179,Rhinolophus ferrumequinum,0.023,0.023,-1,Echolocation,/mnt/ubna_data_02_mir/recover-20221013/UBNA_001/20221012_030000.WAV,Telephone Field,recover-20221013,001,1795
247.6855,247.7219,68437,81669,Rhinolophus ferrumequinum,0.021,0.021,-1,Echolocation,/mnt/ubna_data_02_mir/recover-20221013/UBNA_001/20221012_030000.WAV,Telephone Field,recover-20221013,001,1795
247.6975,247.7047,25468,34502,Plecotus austriacus,0.006,0.022,-1,Echolocation,/mnt/ubna_data_02_mir/recover-20221013/UBNA_001/20221012_030000.WAV,Telephone Field,recover-20221013,001,1795
247.7065,247.7456,68437,82193,Rhinolophus ferrumequinum,0.025,0.025,-1,Echolocation,/mnt/ubna_data_02_mir/recover-20221013/UBNA_001/20221012_030000.WAV,Telephone Field,recover-20221013,001,1795
247.7435,247.7781,68437,81440,Rhinolophus ferrumequinum,0.021,0.021,-1,Echolocation,/mnt/ubna_data_02_mir/recover-20221013/UBNA_001/20221012_030000.WAV,Telephone Field,recover-20221013,001,1795
247.7795,247.8207,68437,82889,Rhinolophus ferrumequinum,0.021,0.021,-1,Echolocation,/mnt/ubna_data_02_mir/recover-20221013/UBNA_001/20221012_030000.WAV,Telephone Field,recover-20221013,001,1795
247.7905,247.7992,28046,39171,Eptesicus serotinus,0.011,0.027,-1,Echolocation,/mnt/ubna_data_02_mir/recover-20221013/UBNA_001/20221012_030000.WAV,Telephone Field,recover-20221013,001,1795
247.8185,247.8573,68437,81562,Rhinolophus ferrumequinum,0.022,0.022,-1,Echolocation,/mnt/ubna_data_02_mir/recover-20221013/UBNA_001/20221012_030000.WAV,Telephone Field,recover-20221013,001,1795
247.8275,247.8672,68437,82066,Rhinolophus ferrumequinum,0.03,0.03,-1,Echolocation,/mnt/ubna_data_02_mir/recover-20221013/UBNA_001/20221012_030000.WAV,Telephone Field,recover-20221013,001,1795
247.8905,247.8985,27187,38656,Eptesicus serotinus,0.008,0.023,-1,Echolocation,/mnt/ubna_data_02_mir/recover-20221013/UBNA_001/20221012_030000.WAV,Telephone Field,recover-20221013,001,1795
247.8965,247.9339,68437,81981,Rhinolophus ferrumequinum,0.021,0.021,-1,Echolocation,/mnt/ubna_data_02_mir/recover-20221013/UBNA_001/20221012_030000.WAV,Telephone Field,recover-20221013,001,1795
247.9585,247.9965,68437,81982,Rhinolophus ferrumequinum,0.022,0.022,-1,Echolocation,/mnt/ubna_data_02_mir/recover-20221013/UBNA_001/20221012_030000.WAV,Telephone Field,recover-20221013,001,1795
248.0015,248.0351,68437,79919,Rhinolophus ferrumequinum,0.039,0.04,-1,Echolocation,/mnt/ubna_data_02_mir/recover-20221013/UBNA_001/20221012_030000.WAV,Telephone Field,recover-20221013,001,1795
248.0015,248.0098,26328,36092,Eptesicus serotinus,0.005,0.023,-1,Echolocation,/mnt/ubna_data_02_mir/recover-20221013/UBNA_001/20221012_030000.WAV,Telephone Field,recover-20221013,001,1795
248.0075,248.0515,68437,81832,Rhinolophus ferrumequinum,0.021,0.021,-1,Echolocation,/mnt/ubna_data_02_mir/recover-20221013/UBNA_001/20221012_030000.WAV,Telephone Field,recover-20221013,001,1795
248.0235,248.03379999999999,23750,29644,Nyctalus leisleri,0.009,0.023,-1,Echolocation,/mnt/ubna_data_02_mir/recover-20221013/UBNA_001/20221012_030000.WAV,Telephone Field,recover-20221013,001,1795
248.0425,248.0795,68437,81490,Rhinolophus ferrumequinum,0.025,0.026,-1,Echolocation,/mnt/ubna_data_02_mir/recover-20221013/UBNA_001/20221012_030000.WAV,Telephone Field,recover-20221013,001,1795
248.0645,248.0701,35781,45482,Myotis daubentonii,0.014,0.035,-1,Echolocation,/mnt/ubna_data_02_mir/recover-20221013/UBNA_001/20221012_030000.WAV,Telephone Field,recover-20221013,001,1795
248.0655,248.0721,24609,39708,Plecotus austriacus,0.007,0.023,-1,Echolocation,/mnt/ubna_data_02_mir/recover-20221013/UBNA_001/20221012_030000.WAV,Telephone Field,recover-20221013,001,1795
248.1235,248.1641,68437,82868,Rhinolophus ferrumequinum,0.023,0.023,-1,Echolocation,/mnt/ubna_data_02_mir/recover-20221013/UBNA_001/20221012_030000.WAV,Telephone Field,recover-20221013,001,1795
248.1315,248.1395,27187,39667,Eptesicus serotinus,0.007,0.021,-1,Echolocation,/mnt/ubna_data_02_mir/recover-20221013/UBNA_001/20221012_030000.WAV,Telephone Field,recover-20221013,001,1795
248.1855,248.2257,68437,82330,Rhinolophus ferrumequinum,0.023,0.023,-1,Echolocation,/mnt/ubna_data_02_mir/recover-20221013/UBNA_001/20221012_030000.WAV,Telephone Field,recover-20221013,001,1795
248.2015,248.2125,23750,29368,Nyctalus leisleri,0.009,0.021,-1,Echolocation,/mnt/ubna_data_02_mir/recover-20221013/UBNA_001/20221012_030000.WAV,Telephone Field,recover-20221013,001,1795
248.2055,248.2423,68437,82119,Rhinolophus ferrumequinum,0.023,0.023,-1,Echolocation,/mnt/ubna_data_02_mir/recover-20221013/UBNA_001/20221012_030000.WAV,Telephone Field,recover-20221013,001,1795
248.2215,248.2623,68437,82754,Rhinolophus ferrumequinum,0.024,0.024,-1,Echolocation,/mnt/ubna_data_02_mir/recover-20221013/UBNA_001/20221012_030000.WAV,Telephone Field,recover-20221013,001,1795
248.2295,248.2366,28046,38530,Eptesicus serotinus,0.006,0.023,-1,Echolocation,/mnt/ubna_data_02_mir/recover-20221013/UBNA_001/20221012_030000.WAV,Telephone Field,recover-20221013,001,1795
248.3005,248.3423,68437,82509,Rhinolophus ferrumequinum,0.029,0.029,-1,Echolocation,/mnt/ubna_data_02_mir/recover-20221013/UBNA_001/20221012_030000.WAV,Telephone Field,recover-20221013,001,1795
248.3715,248.4097,68437,82098,Rhinolophus ferrumequinum,0.029,0.029,-1,Echolocation,/mnt/ubna_data_02_mir/recover-20221013/UBNA_001/20221012_030000.WAV,Telephone Field,recover-20221013,001,1795
248.4145,248.45420000000001,68437,82537,Rhinolophus ferrumequinum,0.021,0.021,-1,Echolocation,/mnt/ubna_data_02_mir/recover-20221013/UBNA_001/20221012_030000.WAV,Telephone Field,recover-20221013,001,1795
248.4355,248.4723,68437,81343,Rhinolophus ferrumequinum,0.023,0.024,-1,Echolocation,/mnt/ubna_data_02_mir/recover-20221013/UBNA_001/20221012_030000.WAV,Telephone Field,recover-20221013,001,1795
248.4735,248.5133,68437,82290,Rhinolophus ferrumequinum,0.021,0.021,-1,Echolocation,/mnt/ubna_data_02_mir/recover-20221013/UBNA_001/20221012_030000.WAV,Telephone Field,recover-20221013,001,1795
248.4885,248.4975,28046,39031,Eptesicus serotinus,0.008,0.022,-1,Echolocation,/mnt/ubna_data_02_mir/recover-20221013/UBNA_001/20221012_030000.WAV,Telephone Field,recover-20221013,001,1795
248.4935,248.5324,68437,81689,Rhinolophus ferrumequinum,0.029,0.029,-1,Echolocation,/mnt/ubna_data_02_mir/recover-20221013/UBNA_001/20221012_030000.WAV,Telephone Field,recover-20221013,001,1795
248.4945,248.5032,28046,39910,Eptesicus serotinus,0.007,0.021,-1,Echolocation,/mnt/ubna_data_02_mir/recover-20221013/UBNA_001/20221012_030000.WAV,Telephone Field,recover-20221013,001,1795
248.5335,248.5748,68437,82729,Rhinolophus ferrumequinum,0.024,0.024,-1,Echolocation,/mnt/ubna_data_02_mir/recover-20221013/UBNA_001/20221012_030000.WAV,Telephone Field,recover-20221013,001,1795
248.5355,248.544,25468,33037,Eptesicus serotinus,0.01,0.03,-1,Echolocation,/mnt/ubna_data_02_mir/recover-20221013/UBNA_001/20221012_030000.WAV,Telephone Field,recover-20221013,001,1795
248.5635,248.57319999999999,24609,31676,Nyctalus leisleri,0.007,0.022,-1,Echolocation,/mnt/ubna_data_02_mir/recover-20221013/UBNA_001/20221012_030000.WAV,Telephone Field,recover-20221013,001,1795
248.5865,248.5954,28046,38122,Eptesicus serotinus,0.01,0.024,-1,Echolocation,/mnt/ubna_data_02_mir/recover-20221013/UBNA_001/20221012_030000.WAV,Telephone Field,recover-20221013,001,1795
248.6005,248.6133,22031,25779,Nyctalus leisleri,0.013,0.023,-1,Echolocation,/mnt/ubna_data_02_mir/recover-20221013/UBNA_001/20221012_030000.WAV,Telephone Field,recover-20221013,001,1795
248.6255,248.67,68437,83378,Rhinolophus ferrumequinum,0.03,0.03,-1,Echolocation,/mnt/ubna_data_02_mir/recover-20221013/UBNA_001/20221012_030000.WAV,Telephone Field,recover-20221013,001,1795
248.6425,248.6491,27187,38387,Eptesicus serotinus,0.005,0.023,-1,Echolocation,/mnt/ubna_data_02_mir/recover-20221013/UBNA_001/20221012_030000.WAV,Telephone Field,recover-20221013,001,1795
248.6575,248.6989,68437,82374,Rhinolophus ferrumequinum,0.024,0.024,-1,Echolocation,/mnt/ubna_data_02_mir/recover-20221013/UBNA_001/20221012_030000.WAV,Telephone Field,recover-20221013,001,1795
248.6585,248.6668,27187,36858,Eptesicus serotinus,0.011,0.027,-1,Echolocation,/mnt/ubna_data_02_mir/recover-20221013/UBNA_001/20221012_030000.WAV,Telephone Field,recover-20221013,001,1795
248.6925,248.7329,68437,82722,Rhinolophus ferrumequinum,0.027,0.027,-1,Echolocation,/mnt/ubna_data_02_mir/recover-20221013/UBNA_001/20221012_030000.WAV,Telephone Field,recover-20221013,001,1795
248.7205,248.7308,23750,30165,Nyctalus leisleri,0.011,0.027,-1,Echolocation,/mnt/ubna_data_02_mir/recover-20221013/UBNA_001/20221012_030000.WAV,Telephone Field,recover-20221013,001,1795
248.7295,248.752,16015,20492,Nyctalus noctula,0.023,0.031,-1,Echolocation,/mnt/ubna_data_02_mir/recover-20221013/UBNA_001/20221012_030000.WAV,Telephone Field,recover-20221013,001,1795
248.7345,248.7433,51250,55965,Pipistrellus pipistrellus,0.025,0.031,-1,Echolocation,/mnt/ubna_data_02_mir/recover-20221013/UBNA_001/20221012_030000.WAV,Telephone Field,recover-20221013,001,1795
248.7405,248.7484,28046,38745,Eptesicus serotinus,0.007,0.022,-1,Echolocation,/mnt/ubna_data_02_mir/recover-20221013/UBNA_001/20221012_030000.WAV,Telephone Field,recover-20221013,001,1795
248.7455,248.7896,68437,83107,Rhinolophus ferrumequinum,0.026,0.026,-1,Echolocation,/mnt/ubna_data_02_mir/recover-20221013/UBNA_001/20221012_030000.WAV,Telephone Field,recover-20221013,001,1795
248.7995,248.8081,28046,38833,Eptesicus serotinus,0.011,0.028,-1,Echolocation,/mnt/ubna_data_02_mir/recover-20221013/UBNA_001/20221012_030000.WAV,Telephone Field,recover-20221013,001,1795
248.8425,248.8497,26328,41462,Eptesicus serotinus,0.006,0.024,-1,Echolocation,/mnt/ubna_data_02_mir/recover-20221013/UBNA_001/20221012_030000.WAV,Telephone Field,recover-20221013,001,1795
248.8455,248.8847,68437,82885,Rhinolophus ferrumequinum,0.022,0.022,-1,Echolocation,/mnt/ubna_data_02_mir/recover-20221013/UBNA_001/20221012_030000.WAV,Telephone Field,recover-20221013,001,1795
248.8525,248.8902,68437,82257,Rhinolophus ferrumequinum,0.024,0.024,-1,Echolocation,/mnt/ubna_data_02_mir/recover-20221013/UBNA_001/20221012_030000.WAV,Telephone Field,recover-20221013,001,1795
248.8825,248.8935,29765,37568,Eptesicus serotinus,0.026,0.045,-1,Echolocation,/mnt/ubna_data_02_mir/recover-20221013/UBNA_001/20221012_030000.WAV,Telephone Field,recover-20221013,001,1795
248.9095,248.9198,14296,21233,Nyctalus noctula,0.025,0.045,-1,Echolocation,/mnt/ubna_data_02_mir/recover-20221013/UBNA_001/20221012_030000.WAV,Telephone Field,recover-20221013,001,1795
248.92849999999999,248.9358,28046,38472,Eptesicus serotinus,0.007,0.024,-1,Echolocation,/mnt/ubna_data_02_mir/recover-20221013/UBNA_001/20221012_030000.WAV,Telephone Field,recover-20221013,001,1795
248.9395,248.9781,68437,82308,Rhinolophus ferrumequinum,0.021,0.021,-1,Echolocation,/mnt/ubna_data_02_mir/recover-20221013/UBNA_001/20221012_030000.WAV,Telephone Field,recover-20221013,001,1795
248.9775,249.0166,68437,82383,Rhinolophus ferrumequinum,0.023,0.023,-1,Echolocation,/mnt/ubna_data_02_mir/recover-20221013/UBNA_001/20221012_030000.WAV,Telephone Field,recover-20221013,001,1795
248.9845,249.0254,68437,83246,Rhinolophus ferrumequinum,0.027,0.027,-1,Echolocation,/mnt/ubna_data_02_mir/recover-20221013/UBNA_001/20221012_030000.WAV,Telephone Field,recover-20221013,001,1795
249.0285,249.0389,23750,29635,Nyctalus leisleri,0.009,0.022,-1,Echolocation,/mnt/ubna_data_02_mir/recover-20221013/UBNA_001/20221012_030000.WAV,Telephone Field,recover-20221013,001,1795
249.0335,249.04410000000001,22890,27375,Nyctalus leisleri,0.011,0.022,-1,Echolocation,/mnt/ubna_data_02_mir/recover-20221013/UBNA_001/20221012_030000.WAV,Telephone Field,recover-20221013,001,1795
249.0465,249.08859999999999,68437,82663,Rhinolophus ferrumequinum,0.023,0.023,-1,Echolocation,/mnt/ubna_data_02_mir/recover-20221013/UBNA_001/20221012_030000.WAV,Telephone Field,recover-20221013,001,1795
249.0865,249.128,68437,82526,Rhinolophus ferrumequinum,0.022,0.022,-1,Echolocation,/mnt/ubna_data_02_mir/recover-20221013/UBNA_001/20221012_030000.WAV,Telephone Field,recover-20221013,001,1795
249.1345,249.1741,68437,82296,Rhinolophus ferrumequinum,0.022,0.022,-1,Echolocation,/mnt/ubna_data_02_mir/recover-20221013/UBNA_001/20221012_030000.WAV,Telephone Field,recover-20221013,001,1795
249.1355,249.1438,28046,37939,Eptesicus serotinus,0.007,0.021,-1,Echolocation,/mnt/ubna_data_02_mir/recover-20221013/UBNA_001/20221012_030000.WAV,Telephone Field,recover-20221013,001,1795
249.1655,249.207,68437,82448,Rhinolophus ferrumequinum,0.026,0.026,-1,Echolocation,/mnt/ubna_data_02_mir/recover-20221013/UBNA_001/20221012_030000.WAV,Telephone Field,recover-20221013,001,1795
249.2225,249.2326,22890,28541,Nyctalus leisleri,0.01,0.027,-1,Echolocation,/mnt/ubna_data_02_mir/recover-20221013/UBNA_001/20221012_030000.WAV,Telephone Field,recover-20221013,001,1795
249.2445,249.2518,28046,37757,Eptesicus serotinus,0.007,0.024,-1,Echolocation,/mnt/ubna_data_02_mir/recover-20221013/UBNA_001/20221012_030000.WAV,Telephone Field,recover-20221013,001,1795
249.2475,249.2881,68437,82981,Rhinolophus ferrumequinum,0.025,0.025,-1,Echolocation,/mnt/ubna_data_02_mir/recover-20221013/UBNA_001/20221012_030000.WAV,Telephone Field,recover-20221013,001,1795
249.30349999999999,249.3436,68437,82151,Rhinolophus ferrumequinum,0.022,0.022,-1,Echolocation,/mnt/ubna_data_02_mir/recover-20221013/UBNA_001/20221012_030000.WAV,Telephone Field,recover-20221013,001,1795
249.3095,249.3502,68437,82279,Rhinolophus ferrumequinum,0.021,0.021,-1,Echolocation,/mnt/ubna_data_02_mir/recover-20221013/UBNA_001/20221012_030000.WAV,Telephone Field,recover-20221013,001,1795
249.3585,249.4033,68437,83235,Rhinolophus ferrumequinum,0.035,0.035,-1,Echolocation,/mnt/ubna_data_02_mir/recover-20221013/UBNA_001/20221012_030000.WAV,Telephone Field,recover-20221013,001,1795
249.3955,249.4367,68437,82654,Rhinolophus ferrumequinum,0.034,0.034,-1,Echolocation,/mnt/ubna_data_02_mir/recover-20221013/UBNA_001/20221012_030000.WAV,Telephone Field,recover-20221013,001,1795
249.3975,249.4058,27187,37710,Eptesicus serotinus,0.007,0.021,-1,Echolocation,/mnt/ubna_data_02_mir/recover-20221013/UBNA_001/20221012_030000.WAV,Telephone Field,recover-20221013,001,1795
249.3995,249.4106,22031,26780,Nyctalus leisleri,0.01,0.021,-1,Echolocation,/mnt/ubna_data_02_mir/recover-20221013/UBNA_001/20221012_030000.WAV,Telephone Field,recover-20221013,001,1795
249.4035,249.4463,68437,83163,Rhinolophus ferrumequinum,0.03,0.03,-1,Echolocation,/mnt/ubna_data_02_mir/recover-20221013/UBNA_001/20221012_030000.WAV,Telephone Field,recover-20221013,001,1795
249.4205,249.4614,68437,82249,Rhinolophus ferrumequinum,0.023,0.023,-1,Echolocation,/mnt/ubna_data_02_mir/recover-20221013/UBNA_001/20221012_030000.WAV,Telephone Field,recover-20221013,001,1795
249.4405,249.4809,68437,82639,Rhinolophus ferrumequinum,0.024,0.024,-1,Echolocation,/mnt/ubna_data_02_mir/recover-20221013/UBNA_001/20221012_030000.WAV,Telephone Field,recover-20221013,001,1795
249.4715,249.5144,68437,82778,Rhinolophus ferrumequinum,0.023,0.023,-1,Echolocation,/mnt/ubna_data_02_mir/recover-20221013/UBNA_001/20221012_030000.WAV,Telephone Field,recover-20221013,001,1795
249.4915,249.4996,28046,38939,Eptesicus serotinus,0.007,0.023,-1,Echolocation,/mnt/ubna_data_02_mir/recover-20221013/UBNA_001/20221012_030000.WAV,Telephone Field,recover-20221013,001,1795
249.5175,249.5547,68437,82180,Rhinolophus ferrumequinum,0.026,0.026,-1,Echolocation,/mnt/ubna_data_02_mir/recover-20221013/UBNA_001/20221012_030000.WAV,Telephone Field,recover-20221013,001,1795
249.5435,249.5804,68437,82286,Rhinolophus ferrumequinum,0.021,0.021,-1,Echolocation,/mnt/ubna_data_02_mir/recover-20221013/UBNA_001/20221012_030000.WAV,Telephone Field,recover-20221013,001,1795
249.5545,249.5934,68437,81961,Rhinolophus ferrumequinum,0.021,0.021,-1,Echolocation,/mnt/ubna_data_02_mir/recover-20221013/UBNA_001/20221012_030000.WAV,Telephone Field,recover-20221013,001,1795
249.5945,249.6356,68437,82184,Rhinolophus ferrumequinum,0.021,0.021,-1,Echolocation,/mnt/ubna_data_02_mir/recover-20221013/UBNA_001/20221012_030000.WAV,Telephone Field,recover-20221013,001,1795
249.6085,249.6221,21171,24942,Nyctalus leisleri,0.012,0.022,-1,Echolocation,/mnt/ubna_data_02_mir/recover-20221013/UBNA_001/20221012_030000.WAV,Telephone Field,recover-20221013,001,1795
249.6165,249.6552,68437,82209,Rhinolophus ferrumequinum,0.021,0.021,-1,Echolocation,/mnt/ubna_data_02_mir/recover-20221013/UBNA_001/20221012_030000.WAV,Telephone Field,recover-20221013,001,1795
249.6415,249.6512,28046,36280,Eptesicus serotinus,0.01,0.022,-1,Echolocation,/mnt/ubna_data_02_mir/recover-20221013/UBNA_001/20221012_030000.WAV,Telephone Field,recover-20221013,001,1795
249.6705,249.6914,18593,21477,Nyctalus noctula,0.014,0.026,-1,Echolocation,/mnt/ubna_data_02_mir/recover-20221013/UBNA_001/20221012_030000.WAV,Telephone Field,recover-20221013,001,1795
249.7165,249.7554,68437,82179,Rhinolophus ferrumequinum,0.023,0.023,-1,Echolocation,/mnt/ubna_data_02_mir/recover-20221013/UBNA_001/20221012_030000.WAV,Telephone Field,recover-20221013,001,1795
249.7275,249.7362,25468,32919,Eptesicus serotinus,0.007,0.022,-1,Echolocation,/mnt/ubna_data_02_mir/recover-20221013/UBNA_001/20221012_030000.WAV,Telephone Field,recover-20221013,001,1795
249.7525,249.7599,23750,37714,Myotis nattereri,0.007,0.023,-1,Echolocation,/mnt/ubna_data_02_mir/recover-20221013/UBNA_001/20221012_030000.WAV,Telephone Field,recover-20221013,001,1795
249.7675,249.8058,68437,81589,Rhinolophus ferrumequinum,0.021,0.021,-1,Echolocation,/mnt/ubna_data_02_mir/recover-20221013/UBNA_001/20221012_030000.WAV,Telephone Field,recover-20221013,001,1795
249.7685,249.7765,26328,34733,Eptesicus serotinus,0.008,0.027,-1,Echolocation,/mnt/ubna_data_02_mir/recover-20221013/UBNA_001/20221012_030000.WAV,Telephone Field,recover-20221013,001,1795
249.7895,249.8263,68437,81578,Rhinolophus ferrumequinum,0.021,0.022,-1,Echolocation,/mnt/ubna_data_02_mir/recover-20221013/UBNA_001/20221012_030000.WAV,Telephone Field,recover-20221013,001,1795
249.8105,249.8212,23750,28648,Nyctalus leisleri,0.01,0.021,-1,Echolocation,/mnt/ubna_data_02_mir/recover-20221013/UBNA_001/20221012_030000.WAV,Telephone Field,recover-20221013,001,1795
249.8105,249.84890000000001,68437,81895,Rhinolophus ferrumequinum,0.021,0.021,-1,Echolocation,/mnt/ubna_data_02_mir/recover-20221013/UBNA_001/20221012_030000.WAV,Telephone Field,recover-20221013,001,1795
249.8255,249.8332,28046,40916,Eptesicus serotinus,0.008,0.023,-1,Echolocation,/mnt/ubna_data_02_mir/recover-20221013/UBNA_001/20221012_030000.WAV,Telephone Field,recover-20221013,001,1795
249.8415,249.8528,23750,28885,Nyctalus leisleri,0.011,0.023,-1,Echolocation,/mnt/ubna_data_02_mir/recover-20221013/UBNA_001/20221012_030000.WAV,Telephone Field,recover-20221013,001,1795
249.8505,249.8896,68437,82655,Rhinolophus ferrumequinum,0.022,0.022,-1,Echolocation,/mnt/ubna_data_02_mir/recover-20221013/UBNA_001/20221012_030000.WAV,Telephone Field,recover-20221013,001,1795
249.8595,249.9,68437,82604,Rhinolophus ferrumequinum,0.022,0.022,-1,Echolocation,/mnt/ubna_data_02_mir/recover-20221013/UBNA_001/20221012_030000.WAV,Telephone Field,recover-20221013,001,1795
249.8765,249.9162,68437,82705,Rhinolophus ferrumequinum,0.025,0.025,-1,Echolocation,/mnt/ubna_data_02_mir/recover-20221013/UBNA_001/20221012_030000.WAV,Telephone Field,recover-20221013,001,1795
249.8945,249.9328,68437,81718,Rhinolophus ferrumequinum,0.021,0.021,-1,Echolocation,/mnt/ubna_data_02_mir/recover-20221013/UBNA_001/20221012_030000.WAV,Telephone Field,recover-20221013,001,1795
249.9185,249.9587,68437,82651,Rhinolophus ferrumequinum,0.023,0.023,-1,Echolocation,/mnt/ubna_data_02_mir/recover-20221013/UBNA_001/20221012_030000.WAV,Telephone Field,recover-20221013,001,1795
249.9435,249.9777,68437,80696,Rhinolophus ferrumequinum,0.021,0.021,-1,Echolocation,/mnt/ubna_data_02_mir/recover-20221013/UBNA_001/20221012_030000.WAV,Telephone Field,recover-20221013,001,1795
249.9485,249.95850000000002,22890,28110,Nyctalus leisleri,0.01,0.022,-1,Echolocation,/mnt/ubna_data_02_mir/recover-20221013/UBNA_001/20221012_030000.WAV,Telephone Field,recover-20221013,001,1795
249.9785,249.9882,28046,35942,Eptesicus serotinus,0.012,0.026,-1,Echolocation,/mnt/ubna_data_02_mir/recover-20221013/UBNA_001/20221012_030000.WAV,Telephone Field,recover-20221013,001,1795
250.0015,250.0102,22031,28787,Nyctalus leisleri,0.01,0.029,-1,Echolocation,/mnt/ubna_data_02_mir/recover-20221013/UBNA_001/20221012_030000.WAV,Telephone Field,recover-20221013,001,1795
250.0015,250.0356,68437,79571,Rhinolophus ferrumequinum,0.045,0.045,-1,Echolocation,/mnt/ubna_data_02_mir/recover-20221013/UBNA_001/20221012_030000.WAV,Telephone Field,recover-20221013,001,1795
250.0085,250.0445,68437,80838,Rhinolophus ferrumequinum,0.022,0.022,-1,Echolocation,/mnt/ubna_data_02_mir/recover-20221013/UBNA_001/20221012_030000.WAV,Telephone Field,recover-20221013,001,1795
250.0365,250.0443,28046,39288,Eptesicus serotinus,0.007,0.025,-1,Echolocation,/mnt/ubna_data_02_mir/recover-20221013/UBNA_001/20221012_030000.WAV,Telephone Field,recover-20221013,001,1795
250.08350000000002,250.1178,68437,81506,Rhinolophus ferrumequinum,0.024,0.024,-1,Echolocation,/mnt/ubna_data_02_mir/recover-20221013/UBNA_001/20221012_030000.WAV,Telephone Field,recover-20221013,001,1795
250.0985,250.1404,68437,83043,Rhinolophus ferrumequinum,0.026,0.026,-1,Echolocation,/mnt/ubna_data_02_mir/recover-20221013/UBNA_001/20221012_030000.WAV,Telephone Field,recover-20221013,001,1795
250.1255,250.1359,27187,33295,Eptesicus serotinus,0.01,0.022,-1,Echolocation,/mnt/ubna_data_02_mir/recover-20221013/UBNA_001/20221012_030000.WAV,Telephone Field,recover-20221013,001,1795
250.1355,250.1743,68437,82648,Rhinolophus ferrumequinum,0.029,0.029,-1,Echolocation,/mnt/ubna_data_02_mir/recover-20221013/UBNA_001/20221012_030000.WAV,Telephone Field,recover-20221013,001,1795
250.1365,250.1444,22890,31288,Plecotus austriacus,0.013,0.026,-1,Echolocation,/mnt/ubna_data_02_mir/recover-20221013/UBNA_001/20221012_030000.WAV,Telephone Field,recover-20221013,001,1795
250.1365,250.1451,46093,51631,Pipistrellus pipistrellus,0.023,0.03,-1,Echolocation,/mnt/ubna_data_02_mir/recover-20221013/UBNA_001/20221012_030000.WAV,Telephone Field,recover-20221013,001,1795
250.1525,250.1618,28046,38805,Eptesicus serotinus,0.01,0.025,-1,Echolocation,/mnt/ubna_data_02_mir/recover-20221013/UBNA_001/20221012_030000.WAV,Telephone Field,recover-20221013,001,1795
250.1555,250.19650000000001,68437,83134,Rhinolophus ferrumequinum,0.025,0.026,-1,Echolocation,/mnt/ubna_data_02_mir/recover-20221013/UBNA_001/20221012_030000.WAV,Telephone Field,recover-20221013,001,1795
250.1905,250.2299,68437,82808,Rhinolophus ferrumequinum,0.031,0.031,-1,Echolocation,/mnt/ubna_data_02_mir/recover-20221013/UBNA_001/20221012_030000.WAV,Telephone Field,recover-20221013,001,1795
250.2405,250.2495,28046,37072,Eptesicus serotinus,0.008,0.023,-1,Echolocation,/mnt/ubna_data_02_mir/recover-20221013/UBNA_001/20221012_030000.WAV,Telephone Field,recover-20221013,001,1795
250.2435,250.2893,68437,83485,Rhinolophus ferrumequinum,0.036,0.036,-1,Echolocation,/mnt/ubna_data_02_mir/recover-20221013/UBNA_001/20221012_030000.WAV,Telephone Field,recover-20221013,001,1795
250.2585,250.2682,24609,32129,Nyctalus leisleri,0.008,0.024,-1,Echolocation,/mnt/ubna_data_02_mir/recover-20221013/UBNA_001/20221012_030000.WAV,Telephone Field,recover-20221013,001,1795
250.2715,250.3076,68437,81204,Rhinolophus ferrumequinum,0.023,0.023,-1,Echolocation,/mnt/ubna_data_02_mir/recover-20221013/UBNA_001/20221012_030000.WAV,Telephone Field,recover-20221013,001,1795
250.2855,250.3251,68437,82599,Rhinolophus ferrumequinum,0.025,0.025,-1,Echolocation,/mnt/ubna_data_02_mir/recover-20221013/UBNA_001/20221012_030000.WAV,Telephone Field,recover-20221013,001,1795
250.29149999999998,250.3327,68437,82748,Rhinolophus ferrumequinum,0.026,0.026,-1,Echolocation,/mnt/ubna_data_02_mir/recover-20221013/UBNA_001/20221012_030000.WAV,Telephone Field,recover-20221013,001,1795
250.3165,250.3295,14296,19451,Nyctalus noctula,0.018,0.029,-1,Echolocation,/mnt/ubna_data_02_mir/recover-20221013/UBNA_001/20221012_030000.WAV,Telephone Field,recover-20221013,001,1795
250.3235,250.3718,68437,83689,Rhinolophus ferrumequinum,0.134,0.134,-1,Echolocation,/mnt/ubna_data_02_mir/recover-20221013/UBNA_001/20221012_030000.WAV,Telephone Field,recover-20221013,001,1795
250.3495,250.3568,27187,39710,Eptesicus serotinus,0.008,0.03,-1,Echolocation,/mnt/ubna_data_02_mir/recover-20221013/UBNA_001/20221012_030000.WAV,Telephone Field,recover-20221013,001,1795
250.3685,250.407,68437,82678,Rhinolophus ferrumequinum,0.023,0.023,-1,Echolocation,/mnt/ubna_data_02_mir/recover-20221013/UBNA_001/20221012_030000.WAV,Telephone Field,recover-20221013,001,1795
250.3815,250.3889,28906,38969,Myotis daubentonii,0.007,0.026,-1,Echolocation,/mnt/ubna_data_02_mir/recover-20221013/UBNA_001/20221012_030000.WAV,Telephone Field,recover-20221013,001,1795
250.4635,250.4742,23750,29407,Nyctalus leisleri,0.009,0.023,-1,Echolocation,/mnt/ubna_data_02_mir/recover-20221013/UBNA_001/20221012_030000.WAV,Telephone Field,recover-20221013,001,1795
250.4855,250.4943,27187,36409,Eptesicus serotinus,0.01,0.029,-1,Echolocation,/mnt/ubna_data_02_mir/recover-20221013/UBNA_001/20221012_030000.WAV,Telephone Field,recover-20221013,001,1795
250.5345,250.5735,68437,82855,Rhinolophus ferrumequinum,0.025,0.025,-1,Echolocation,/mnt/ubna_data_02_mir/recover-20221013/UBNA_001/20221012_030000.WAV,Telephone Field,recover-20221013,001,1795
250.5525,250.5911,68437,82766,Rhinolophus ferrumequinum,0.023,0.023,-1,Echolocation,/mnt/ubna_data_02_mir/recover-20221013/UBNA_001/20221012_030000.WAV,Telephone Field,recover-20221013,001,1795
250.5905,250.6271,68437,81884,Rhinolophus ferrumequinum,0.024,0.024,-1,Echolocation,/mnt/ubna_data_02_mir/recover-20221013/UBNA_001/20221012_030000.WAV,Telephone Field,recover-20221013,001,1795
250.6315,250.6418,22031,27507,Nyctalus leisleri,0.01,0.023,-1,Echolocation,/mnt/ubna_data_02_mir/recover-20221013/UBNA_001/20221012_030000.WAV,Telephone Field,recover-20221013,001,1795
250.6375,250.6732,68437,80753,Rhinolophus ferrumequinum,0.022,0.022,-1,Echolocation,/mnt/ubna_data_02_mir/recover-20221013/UBNA_001/20221012_030000.WAV,Telephone Field,recover-20221013,001,1795
250.6635,250.7068,68437,83241,Rhinolophus ferrumequinum,0.031,0.031,-1,Echolocation,/mnt/ubna_data_02_mir/recover-20221013/UBNA_001/20221012_030000.WAV,Telephone Field,recover-20221013,001,1795
250.6945,250.7335,68437,82204,Rhinolophus ferrumequinum,0.03,0.03,-1,Echolocation,/mnt/ubna_data_02_mir/recover-20221013/UBNA_001/20221012_030000.WAV,Telephone Field,recover-20221013,001,1795
250.7075,250.7144,28046,40109,Eptesicus serotinus,0.006,0.022,-1,Echolocation,/mnt/ubna_data_02_mir/recover-20221013/UBNA_001/20221012_030000.WAV,Telephone Field,recover-20221013,001,1795
250.7515,250.7893,68437,82022,Rhinolophus ferrumequinum,0.023,0.023,-1,Echolocation,/mnt/ubna_data_02_mir/recover-20221013/UBNA_001/20221012_030000.WAV,Telephone Field,recover-20221013,001,1795
250.7575,250.7974,68437,82547,Rhinolophus ferrumequinum,0.023,0.023,-1,Echolocation,/mnt/ubna_data_02_mir/recover-20221013/UBNA_001/20221012_030000.WAV,Telephone Field,recover-20221013,001,1795
250.7685,250.8103,68437,82209,Rhinolophus ferrumequinum,0.023,0.023,-1,Echolocation,/mnt/ubna_data_02_mir/recover-20221013/UBNA_001/20221012_030000.WAV,Telephone Field,recover-20221013,001,1795
250.8005,250.8408,68437,82495,Rhinolophus ferrumequinum,0.027,0.027,-1,Echolocation,/mnt/ubna_data_02_mir/recover-20221013/UBNA_001/20221012_030000.WAV,Telephone Field,recover-20221013,001,1795
250.8435,250.88139999999999,68437,82476,Rhinolophus ferrumequinum,0.024,0.024,-1,Echolocation,/mnt/ubna_data_02_mir/recover-20221013/UBNA_001/20221012_030000.WAV,Telephone Field,recover-20221013,001,1795
250.8495,250.8862,68437,82189,Rhinolophus ferrumequinum,0.024,0.024,-1,Echolocation,/mnt/ubna_data_02_mir/recover-20221013/UBNA_001/20221012_030000.WAV,Telephone Field,recover-20221013,001,1795
250.8675,250.874,25468,38169,Plecotus austriacus,0.016,0.041,-1,Echolocation,/mnt/ubna_data_02_mir/recover-20221013/UBNA_001/20221012_030000.WAV,Telephone Field,recover-20221013,001,1795
250.8825,250.9232,68437,82226,Rhinolophus ferrumequinum,0.023,0.023,-1,Echolocation,/mnt/ubna_data_02_mir/recover-20221013/UBNA_001/20221012_030000.WAV,Telephone Field,recover-20221013,001,1795
250.9045,250.9106,23750,34543,Plecotus austriacus,0.02,0.036,-1,Echolocation,/mnt/ubna_data_02_mir/recover-20221013/UBNA_001/20221012_030000.WAV,Telephone Field,recover-20221013,001,1795
250.91649999999998,250.9534,68437,82117,Rhinolophus ferrumequinum,0.023,0.023,-1,Echolocation,/mnt/ubna_data_02_mir/recover-20221013/UBNA_001/20221012_030000.WAV,Telephone Field,recover-20221013,001,1795
250.94650000000001,250.959,53828,58005,Pipistrellus pygmaeus,0.034,0.036,-1,Echolocation,/mnt/ubna_data_02_mir/recover-20221013/UBNA_001/20221012_030000.WAV,Telephone Field,recover-20221013,001,1795
250.9835,250.9938,27187,34715,Eptesicus serotinus,0.01,0.023,-1,Echolocation,/mnt/ubna_data_02_mir/recover-20221013/UBNA_001/20221012_030000.WAV,Telephone Field,recover-20221013,001,1795
250.9905,250.9989,27187,37702,Eptesicus serotinus,0.007,0.023,-1,Echolocation,/mnt/ubna_data_02_mir/recover-20221013/UBNA_001/20221012_030000.WAV,Telephone Field,recover-20221013,001,1795
251.0165,251.0558,68437,82451,Rhinolophus ferrumequinum,0.026,0.026,-1,Echolocation,/mnt/ubna_data_02_mir/recover-20221013/UBNA_001/20221012_030000.WAV,Telephone Field,recover-20221013,001,1795
251.0185,251.0288,22031,27938,Nyctalus leisleri,0.009,0.025,-1,Echolocation,/mnt/ubna_data_02_mir/recover-20221013/UBNA_001/20221012_030000.WAV,Telephone Field,recover-20221013,001,1795
251.0345,251.074,68437,82428,Rhinolophus ferrumequinum,0.023,0.023,-1,Echolocation,/mnt/ubna_data_02_mir/recover-20221013/UBNA_001/20221012_030000.WAV,Telephone Field,recover-20221013,001,1795
251.0355,251.0479,57265,61651,Pipistrellus pygmaeus,0.034,0.035,-1,Echolocation,/mnt/ubna_data_02_mir/recover-20221013/UBNA_001/20221012_030000.WAV,Telephone Field,recover-20221013,001,1795
251.05349999999999,251.0931,68437,82332,Rhinolophus ferrumequinum,0.027,0.027,-1,Echolocation,/mnt/ubna_data_02_mir/recover-20221013/UBNA_001/20221012_030000.WAV,Telephone Field,recover-20221013,001,1795
251.0925,251.1294,68437,81973,Rhinolophus ferrumequinum,0.022,0.022,-1,Echolocation,/mnt/ubna_data_02_mir/recover-20221013/UBNA_001/20221012_030000.WAV,Telephone Field,recover-20221013,001,1795
251.1005,251.14,68437,82223,Rhinolophus ferrumequinum,0.023,0.023,-1,Echolocation,/mnt/ubna_data_02_mir/recover-20221013/UBNA_001/20221012_030000.WAV,Telephone Field,recover-20221013,001,1795
251.1085,251.1181,34921,41357,Myotis daubentonii,0.007,0.027,-1,Echolocation,/mnt/ubna_data_02_mir/recover-20221013/UBNA_001/20221012_030000.WAV,Telephone Field,recover-20221013,001,1795
251.1435,251.1804,68437,82106,Rhinolophus ferrumequinum,0.03,0.03,-1,Echolocation,/mnt/ubna_data_02_mir/recover-20221013/UBNA_001/20221012_030000.WAV,Telephone Field,recover-20221013,001,1795
251.17849999999999,251.2194,68437,83115,Rhinolophus ferrumequinum,0.03,0.03,-1,Echolocation,/mnt/ubna_data_02_mir/recover-20221013/UBNA_001/20221012_030000.WAV,Telephone Field,recover-20221013,001,1795
251.1795,251.1891,28906,37441,Eptesicus serotinus,0.01,0.025,-1,Echolocation,/mnt/ubna_data_02_mir/recover-20221013/UBNA_001/20221012_030000.WAV,Telephone Field,recover-20221013,001,1795
251.1915,251.2297,68437,82989,Rhinolophus ferrumequinum,0.024,0.024,-1,Echolocation,/mnt/ubna_data_02_mir/recover-20221013/UBNA_001/20221012_030000.WAV,Telephone Field,recover-20221013,001,1795
251.2275,251.2381,22890,27756,Nyctalus leisleri,0.014,0.027,-1,Echolocation,/mnt/ubna_data_02_mir/recover-20221013/UBNA_001/20221012_030000.WAV,Telephone Field,recover-20221013,001,1795
251.2305,251.2682,68437,81939,Rhinolophus ferrumequinum,0.024,0.024,-1,Echolocation,/mnt/ubna_data_02_mir/recover-20221013/UBNA_001/20221012_030000.WAV,Telephone Field,recover-20221013,001,1795
251.2725,251.3129,68437,83066,Rhinolophus ferrumequinum,0.033,0.034,-1,Echolocation,/mnt/ubna_data_02_mir/recover-20221013/UBNA_001/20221012_030000.WAV,Telephone Field,recover-20221013,001,1795
251.2795,251.2863,27187,38904,Eptesicus serotinus,0.007,0.028,-1,Echolocation,/mnt/ubna_data_02_mir/recover-20221013/UBNA_001/20221012_030000.WAV,Telephone Field,recover-20221013,001,1795
251.2925,251.3318,68437,82322,Rhinolophus ferrumequinum,0.025,0.025,-1,Echolocation,/mnt/ubna_data_02_mir/recover-20221013/UBNA_001/20221012_030000.WAV,Telephone Field,recover-20221013,001,1795
251.3055,251.3439,68437,81936,Rhinolophus ferrumequinum,0.023,0.023,-1,Echolocation,/mnt/ubna_data_02_mir/recover-20221013/UBNA_001/20221012_030000.WAV,Telephone Field,recover-20221013,001,1795
251.3105,251.3451,67578,79657,Rhinolophus ferrumequinum,0.024,0.024,-1,Echolocation,/mnt/ubna_data_02_mir/recover-20221013/UBNA_001/20221012_030000.WAV,Telephone Field,recover-20221013,001,1795
251.3105,251.3219,22890,28180,Nyctalus leisleri,0.012,0.027,-1,Echolocation,/mnt/ubna_data_02_mir/recover-20221013/UBNA_001/20221012_030000.WAV,Telephone Field,recover-20221013,001,1795
251.3405,251.379,68437,82636,Rhinolophus ferrumequinum,0.055,0.055,-1,Echolocation,/mnt/ubna_data_02_mir/recover-20221013/UBNA_001/20221012_030000.WAV,Telephone Field,recover-20221013,001,1795
251.3905,251.4335,68437,83061,Rhinolophus ferrumequinum,0.033,0.033,-1,Echolocation,/mnt/ubna_data_02_mir/recover-20221013/UBNA_001/20221012_030000.WAV,Telephone Field,recover-20221013,001,1795
251.4155,251.4556,68437,82329,Rhinolophus ferrumequinum,0.025,0.025,-1,Echolocation,/mnt/ubna_data_02_mir/recover-20221013/UBNA_001/20221012_030000.WAV,Telephone Field,recover-20221013,001,1795
251.4215,251.4306,28906,36322,Eptesicus serotinus,0.023,0.044,-1,Echolocation,/mnt/ubna_data_02_mir/recover-20221013/UBNA_001/20221012_030000.WAV,Telephone Field,recover-20221013,001,1795
251.4635,251.5021,68437,81869,Rhinolophus ferrumequinum,0.023,0.023,-1,Echolocation,/mnt/ubna_data_02_mir/recover-20221013/UBNA_001/20221012_030000.WAV,Telephone Field,recover-20221013,001,1795
251.4665,251.4741,47812,53606,Pipistrellus pipistrellus,0.03,0.032,-1,Echolocation,/mnt/ubna_data_02_mir/recover-20221013/UBNA_001/20221012_030000.WAV,Telephone Field,recover-20221013,001,1795
251.4935,251.5006,25468,38856,Myotis nattereri,0.005,0.023,-1,Echolocation,/mnt/ubna_data_02_mir/recover-20221013/UBNA_001/20221012_030000.WAV,Telephone Field,recover-20221013,001,1795
251.5175,251.5567,68437,82223,Rhinolophus ferrumequinum,0.03,0.03,-1,Echolocation,/mnt/ubna_data_02_mir/recover-20221013/UBNA_001/20221012_030000.WAV,Telephone Field,recover-20221013,001,1795
251.54149999999998,251.5483,23750,32448,Plecotus austriacus,0.009,0.022,-1,Echolocation,/mnt/ubna_data_02_mir/recover-20221013/UBNA_001/20221012_030000.WAV,Telephone Field,recover-20221013,001,1795
251.5475,251.5879,68437,82063,Rhinolophus ferrumequinum,0.027,0.027,-1,Echolocation,/mnt/ubna_data_02_mir/recover-20221013/UBNA_001/20221012_030000.WAV,Telephone Field,recover-20221013,001,1795
251.5755,251.6142,68437,81580,Rhinolophus ferrumequinum,0.022,0.022,-1,Echolocation,/mnt/ubna_data_02_mir/recover-20221013/UBNA_001/20221012_030000.WAV,Telephone Field,recover-20221013,001,1795
251.5795,251.5903,26328,33584,Eptesicus serotinus,0.016,0.034,-1,Echolocation,/mnt/ubna_data_02_mir/recover-20221013/UBNA_001/20221012_030000.WAV,Telephone Field,recover-20221013,001,1795
251.5815,251.6184,68437,81724,Rhinolophus ferrumequinum,0.023,0.023,-1,Echolocation,/mnt/ubna_data_02_mir/recover-20221013/UBNA_001/20221012_030000.WAV,Telephone Field,recover-20221013,001,1795
251.6245,251.6304,28046,41094,Myotis daubentonii,0.007,0.031,-1,Echolocation,/mnt/ubna_data_02_mir/recover-20221013/UBNA_001/20221012_030000.WAV,Telephone Field,recover-20221013,001,1795
251.6535,251.6961,68437,82271,Rhinolophus ferrumequinum,0.032,0.032,-1,Echolocation,/mnt/ubna_data_02_mir/recover-20221013/UBNA_001/20221012_030000.WAV,Telephone Field,recover-20221013,001,1795
251.7015,251.7412,68437,82158,Rhinolophus ferrumequinum,0.029,0.029,-1,Echolocation,/mnt/ubna_data_02_mir/recover-20221013/UBNA_001/20221012_030000.WAV,Telephone Field,recover-20221013,001,1795
251.70850000000002,251.7507,68437,82576,Rhinolophus ferrumequinum,0.029,0.029,-1,Echolocation,/mnt/ubna_data_02_mir/recover-20221013/UBNA_001/20221012_030000.WAV,Telephone Field,recover-20221013,001,1795
251.7105,251.7183,28046,38801,Eptesicus serotinus,0.007,0.024,-1,Echolocation,/mnt/ubna_data_02_mir/recover-20221013/UBNA_001/20221012_030000.WAV,Telephone Field,recover-20221013,001,1795
251.7535,251.7928,68437,82309,Rhinolophus ferrumequinum,0.037,0.037,-1,Echolocation,/mnt/ubna_data_02_mir/recover-20221013/UBNA_001/20221012_030000.WAV,Telephone Field,recover-20221013,001,1795
251.7625,251.7994,68437,81456,Rhinolophus ferrumequinum,0.023,0.023,-1,Echolocation,/mnt/ubna_data_02_mir/recover-20221013/UBNA_001/20221012_030000.WAV,Telephone Field,recover-20221013,001,1795
251.7835,251.8251,68437,83209,Rhinolophus ferrumequinum,0.03,0.03,-1,Echolocation,/mnt/ubna_data_02_mir/recover-20221013/UBNA_001/20221012_030000.WAV,Telephone Field,recover-20221013,001,1795
251.8475,251.8828,68437,81127,Rhinolophus ferrumequinum,0.028,0.028,-1,Echolocation,/mnt/ubna_data_02_mir/recover-20221013/UBNA_001/20221012_030000.WAV,Telephone Field,recover-20221013,001,1795
251.8485,251.8598,23750,30067,Nyctalus leisleri,0.011,0.026,-1,Echolocation,/mnt/ubna_data_02_mir/recover-20221013/UBNA_001/20221012_030000.WAV,Telephone Field,recover-20221013,001,1795
251.8675,251.9058,68437,81692,Rhinolophus ferrumequinum,0.023,0.023,-1,Echolocation,/mnt/ubna_data_02_mir/recover-20221013/UBNA_001/20221012_030000.WAV,Telephone Field,recover-20221013,001,1795
251.8855,251.8928,49531,54098,Pipistrellus pipistrellus,0.024,0.026,-1,Echolocation,/mnt/ubna_data_02_mir/recover-20221013/UBNA_001/20221012_030000.WAV,Telephone Field,recover-20221013,001,1795
251.8925,251.9309,68437,82200,Rhinolophus ferrumequinum,0.026,0.026,-1,Echolocation,/mnt/ubna_data_02_mir/recover-20221013/UBNA_001/20221012_030000.WAV,Telephone Field,recover-20221013,001,1795
251.8945,251.9084,22890,27246,Nyctalus leisleri,0.023,0.039,-1,Echolocation,/mnt/ubna_data_02_mir/recover-20221013/UBNA_001/20221012_030000.WAV,Telephone Field,recover-20221013,001,1795
251.9005,251.9407,68437,82331,Rhinolophus ferrumequinum,0.026,0.026,-1,Echolocation,/mnt/ubna_data_02_mir/recover-20221013/UBNA_001/20221012_030000.WAV,Telephone Field,recover-20221013,001,1795
251.9125,251.9292,23750,28222,Nyctalus leisleri,0.039,0.075,-1,Echolocation,/mnt/ubna_data_02_mir/recover-20221013/UBNA_001/20221012_030000.WAV,Telephone Field,recover-20221013,001,1795
251.9445,251.9815,68437,82050,Rhinolophus ferrumequinum,0.022,0.022,-1,Echolocation,/mnt/ubna_data_02_mir/recover-20221013/UBNA_001/20221012_030000.WAV,Telephone Field,recover-20221013,001,1795
252.0015,252.0128,26328,34015,Nyctalus leisleri,0.012,0.031,-1,Echolocation,/mnt/ubna_data_02_mir/recover-20221013/UBNA_001/20221012_030000.WAV,Telephone Field,recover-20221013,001,1795
252.0015,252.0121,48671,55011,Pipistrellus pipistrellus,0.021,0.028,-1,Echolocation,/mnt/ubna_data_02_mir/recover-20221013/UBNA_001/20221012_030000.WAV,Telephone Field,recover-20221013,001,1795
252.0065,252.018,25468,32245,Eptesicus serotinus,0.015,0.031,-1,Echolocation,/mnt/ubna_data_02_mir/recover-20221013/UBNA_001/20221012_030000.WAV,Telephone Field,recover-20221013,001,1795
252.0285,252.0367,29765,38467,Eptesicus serotinus,0.009,0.025,-1,Echolocation,/mnt/ubna_data_02_mir/recover-20221013/UBNA_001/20221012_030000.WAV,Telephone Field,recover-20221013,001,1795
252.0605,252.0985,68437,81655,Rhinolophus ferrumequinum,0.022,0.022,-1,Echolocation,/mnt/ubna_data_02_mir/recover-20221013/UBNA_001/20221012_030000.WAV,Telephone Field,recover-20221013,001,1795
252.1355,252.1732,68437,81946,Rhinolophus ferrumequinum,0.025,0.025,-1,Echolocation,/mnt/ubna_data_02_mir/recover-20221013/UBNA_001/20221012_030000.WAV,Telephone Field,recover-20221013,001,1795
252.1705,252.1798,23750,30724,Nyctalus leisleri,0.006,0.022,-1,Echolocation,/mnt/ubna_data_02_mir/recover-20221013/UBNA_001/20221012_030000.WAV,Telephone Field,recover-20221013,001,1795
252.1745,252.1814,47812,52988,Pipistrellus pipistrellus,0.045,0.047,-1,Echolocation,/mnt/ubna_data_02_mir/recover-20221013/UBNA_001/20221012_030000.WAV,Telephone Field,recover-20221013,001,1795
252.1835,252.2243,68437,82903,Rhinolophus ferrumequinum,0.025,0.025,-1,Echolocation,/mnt/ubna_data_02_mir/recover-20221013/UBNA_001/20221012_030000.WAV,Telephone Field,recover-20221013,001,1795
252.2065,252.2252,22031,25445,Nyctalus leisleri,0.015,0.023,-1,Echolocation,/mnt/ubna_data_02_mir/recover-20221013/UBNA_001/20221012_030000.WAV,Telephone Field,recover-20221013,001,1795
252.2105,252.2516,68437,82094,Rhinolophus ferrumequinum,0.029,0.029,-1,Echolocation,/mnt/ubna_data_02_mir/recover-20221013/UBNA_001/20221012_030000.WAV,Telephone Field,recover-20221013,001,1795
252.2155,252.2263,23750,28990,Nyctalus leisleri,0.01,0.021,-1,Echolocation,/mnt/ubna_data_02_mir/recover-20221013/UBNA_001/20221012_030000.WAV,Telephone Field,recover-20221013,001,1795
252.2375,252.2765,68437,82338,Rhinolophus ferrumequinum,0.041,0.041,-1,Echolocation,/mnt/ubna_data_02_mir/recover-20221013/UBNA_001/20221012_030000.WAV,Telephone Field,recover-20221013,001,1795
252.2525,252.2635,31484,38075,Eptesicus serotinus,0.008,0.025,-1,Echolocation,/mnt/ubna_data_02_mir/recover-20221013/UBNA_001/20221012_030000.WAV,Telephone Field,recover-20221013,001,1795
252.2795,252.2886,28906,36674,Eptesicus serotinus,0.009,0.024,-1,Echolocation,/mnt/ubna_data_02_mir/recover-20221013/UBNA_001/20221012_030000.WAV,Telephone Field,recover-20221013,001,1795
252.29149999999998,252.3334,68437,83197,Rhinolophus ferrumequinum,0.029,0.029,-1,Echolocation,/mnt/ubna_data_02_mir/recover-20221013/UBNA_001/20221012_030000.WAV,Telephone Field,recover-20221013,001,1795
252.3345,252.3432,22890,29997,Plecotus austriacus,0.008,0.022,-1,Echolocation,/mnt/ubna_data_02_mir/recover-20221013/UBNA_001/20221012_030000.WAV,Telephone Field,recover-20221013,001,1795
252.3415,252.3533,21171,24822,Nyctalus leisleri,0.013,0.022,-1,Echolocation,/mnt/ubna_data_02_mir/recover-20221013/UBNA_001/20221012_030000.WAV,Telephone Field,recover-20221013,001,1795
252.3765,252.4102,68437,81097,Rhinolophus ferrumequinum,0.022,0.022,-1,Echolocation,/mnt/ubna_data_02_mir/recover-20221013/UBNA_001/20221012_030000.WAV,Telephone Field,recover-20221013,001,1795
252.4025,252.4119,34921,44645,Myotis daubentonii,0.006,0.025,-1,Echolocation,/mnt/ubna_data_02_mir/recover-20221013/UBNA_001/20221012_030000.WAV,Telephone Field,recover-20221013,001,1795
252.4375,252.4787,68437,82381,Rhinolophus ferrumequinum,0.026,0.026,-1,Echolocation,/mnt/ubna_data_02_mir/recover-20221013/UBNA_001/20221012_030000.WAV,Telephone Field,recover-20221013,001,1795
252.5025,252.5096,47812,55251,Pipistrellus pipistrellus,0.019,0.021,-1,Echolocation,/mnt/ubna_data_02_mir/recover-20221013/UBNA_001/20221012_030000.WAV,Telephone Field,recover-20221013,001,1795
252.5435,252.5819,68437,81846,Rhinolophus ferrumequinum,0.035,0.035,-1,Echolocation,/mnt/ubna_data_02_mir/recover-20221013/UBNA_001/20221012_030000.WAV,Telephone Field,recover-20221013,001,1795
252.6035,252.6113,28046,39322,Eptesicus serotinus,0.007,0.022,-1,Echolocation,/mnt/ubna_data_02_mir/recover-20221013/UBNA_001/20221012_030000.WAV,Telephone Field,recover-20221013,001,1795
252.6035,252.6119,22890,30858,Plecotus austriacus,0.008,0.021,-1,Echolocation,/mnt/ubna_data_02_mir/recover-20221013/UBNA_001/20221012_030000.WAV,Telephone Field,recover-20221013,001,1795
252.6095,252.6464,68437,81851,Rhinolophus ferrumequinum,0.025,0.025,-1,Echolocation,/mnt/ubna_data_02_mir/recover-20221013/UBNA_001/20221012_030000.WAV,Telephone Field,recover-20221013,001,1795
252.6235,252.6309,28906,39083,Eptesicus serotinus,0.007,0.022,-1,Echolocation,/mnt/ubna_data_02_mir/recover-20221013/UBNA_001/20221012_030000.WAV,Telephone Field,recover-20221013,001,1795
252.6245,252.6304,50390,58229,Pipistrellus pipistrellus,0.019,0.022,-1,Echolocation,/mnt/ubna_data_02_mir/recover-20221013/UBNA_001/20221012_030000.WAV,Telephone Field,recover-20221013,001,1795
252.6415,252.6781,68437,81678,Rhinolophus ferrumequinum,0.023,0.023,-1,Echolocation,/mnt/ubna_data_02_mir/recover-20221013/UBNA_001/20221012_030000.WAV,Telephone Field,recover-20221013,001,1795
252.6645,252.7027,68437,82314,Rhinolophus ferrumequinum,0.026,0.026,-1,Echolocation,/mnt/ubna_data_02_mir/recover-20221013/UBNA_001/20221012_030000.WAV,Telephone Field,recover-20221013,001,1795
252.6855,252.7227,68437,81481,Rhinolophus ferrumequinum,0.021,0.021,-1,Echolocation,/mnt/ubna_data_02_mir/recover-20221013/UBNA_001/20221012_030000.WAV,Telephone Field,recover-20221013,001,1795
252.6865,252.6952,25468,33649,Eptesicus serotinus,0.008,0.025,-1,Echolocation,/mnt/ubna_data_02_mir/recover-20221013/UBNA_001/20221012_030000.WAV,Telephone Field,recover-20221013,001,1795
252.6945,252.7048,23750,30115,Nyctalus leisleri,0.009,0.023,-1,Echolocation,/mnt/ubna_data_02_mir/recover-20221013/UBNA_001/20221012_030000.WAV,Telephone Field,recover-20221013,001,1795
252.6995,252.7407,68437,82655,Rhinolophus ferrumequinum,0.028,0.028,-1,Echolocation,/mnt/ubna_data_02_mir/recover-20221013/UBNA_001/20221012_030000.WAV,Telephone Field,recover-20221013,001,1795
252.7235,252.7642,68437,82548,Rhinolophus ferrumequinum,0.032,0.032,-1,Echolocation,/mnt/ubna_data_02_mir/recover-20221013/UBNA_001/20221012_030000.WAV,Telephone Field,recover-20221013,001,1795
252.7575,252.799,68437,83245,Rhinolophus ferrumequinum,0.039,0.039,-1,Echolocation,/mnt/ubna_data_02_mir/recover-20221013/UBNA_001/20221012_030000.WAV,Telephone Field,recover-20221013,001,1795
252.8055,252.8458,68437,82013,Rhinolophus ferrumequinum,0.022,0.022,-1,Echolocation,/mnt/ubna_data_02_mir/recover-20221013/UBNA_001/20221012_030000.WAV,Telephone Field,recover-20221013,001,1795
252.8205,252.8586,68437,82405,Rhinolophus ferrumequinum,0.025,0.025,-1,Echolocation,/mnt/ubna_data_02_mir/recover-20221013/UBNA_001/20221012_030000.WAV,Telephone Field,recover-20221013,001,1795
252.8255,252.8333,34921,42622,Myotis daubentonii,0.008,0.023,-1,Echolocation,/mnt/ubna_data_02_mir/recover-20221013/UBNA_001/20221012_030000.WAV,Telephone Field,recover-20221013,001,1795
252.8555,252.867,24609,30435,Nyctalus leisleri,0.01,0.025,-1,Echolocation,/mnt/ubna_data_02_mir/recover-20221013/UBNA_001/20221012_030000.WAV,Telephone Field,recover-20221013,001,1795
252.8695,252.8786,28906,39199,Eptesicus serotinus,0.01,0.024,-1,Echolocation,/mnt/ubna_data_02_mir/recover-20221013/UBNA_001/20221012_030000.WAV,Telephone Field,recover-20221013,001,1795
252.8895,252.9332,68437,83305,Rhinolophus ferrumequinum,0.032,0.032,-1,Echolocation,/mnt/ubna_data_02_mir/recover-20221013/UBNA_001/20221012_030000.WAV,Telephone Field,recover-20221013,001,1795
252.9065,252.916,25468,34218,Eptesicus serotinus,0.011,0.025,-1,Echolocation,/mnt/ubna_data_02_mir/recover-20221013/UBNA_001/20221012_030000.WAV,Telephone Field,recover-20221013,001,1795
252.9095,252.9483,68437,81976,Rhinolophus ferrumequinum,0.023,0.023,-1,Echolocation,/mnt/ubna_data_02_mir/recover-20221013/UBNA_001/20221012_030000.WAV,Telephone Field,recover-20221013,001,1795
252.9355,252.9427,28906,42307,Eptesicus serotinus,0.007,0.023,-1,Echolocation,/mnt/ubna_data_02_mir/recover-20221013/UBNA_001/20221012_030000.WAV,Telephone Field,recover-20221013,001,1795
252.9695,253.0117,68437,82014,Rhinolophus ferrumequinum,0.024,0.024,-1,Echolocation,/mnt/ubna_data_02_mir/recover-20221013/UBNA_001/20221012_030000.WAV,Telephone Field,recover-20221013,001,1795
252.9715,252.9808,25468,33549,Eptesicus serotinus,0.007,0.022,-1,Echolocation,/mnt/ubna_data_02_mir/recover-20221013/UBNA_001/20221012_030000.WAV,Telephone Field,recover-20221013,001,1795
252.9765,253.0183,68437,82636,Rhinolophus ferrumequinum,0.025,0.025,-1,Echolocation,/mnt/ubna_data_02_mir/recover-20221013/UBNA_001/20221012_030000.WAV,Telephone Field,recover-20221013,001,1795
253.0065,253.0434,68437,81707,Rhinolophus ferrumequinum,0.024,0.024,-1,Echolocation,/mnt/ubna_data_02_mir/recover-20221013/UBNA_001/20221012_030000.WAV,Telephone Field,recover-20221013,001,1795
253.0425,253.0823,68437,82279,Rhinolophus ferrumequinum,0.021,0.021,-1,Echolocation,/mnt/ubna_data_02_mir/recover-20221013/UBNA_001/20221012_030000.WAV,Telephone Field,recover-20221013,001,1795
253.0555,253.0646,24609,32483,Nyctalus leisleri,0.006,0.024,-1,Echolocation,/mnt/ubna_data_02_mir/recover-20221013/UBNA_001/20221012_030000.WAV,Telephone Field,recover-20221013,001,1795
253.0655,253.1059,68437,82351,Rhinolophus ferrumequinum,0.028,0.028,-1,Echolocation,/mnt/ubna_data_02_mir/recover-20221013/UBNA_001/20221012_030000.WAV,Telephone Field,recover-20221013,001,1795
253.0905,253.1294,68437,81658,Rhinolophus ferrumequinum,0.021,0.021,-1,Echolocation,/mnt/ubna_data_02_mir/recover-20221013/UBNA_001/20221012_030000.WAV,Telephone Field,recover-20221013,001,1795
253.0965,253.1364,68437,81853,Rhinolophus ferrumequinum,0.021,0.021,-1,Echolocation,/mnt/ubna_data_02_mir/recover-20221013/UBNA_001/20221012_030000.WAV,Telephone Field,recover-20221013,001,1795
253.1105,253.1467,68437,81337,Rhinolophus ferrumequinum,0.021,0.021,-1,Echolocation,/mnt/ubna_data_02_mir/recover-20221013/UBNA_001/20221012_030000.WAV,Telephone Field,recover-20221013,001,1795
253.1265,253.163,68437,81291,Rhinolophus ferrumequinum,0.023,0.023,-1,Echolocation,/mnt/ubna_data_02_mir/recover-20221013/UBNA_001/20221012_030000.WAV,Telephone Field,recover-20221013,001,1795
253.1265,253.1351,28906,39282,Eptesicus serotinus,0.008,0.023,-1,Echolocation,/mnt/ubna_data_02_mir/recover-20221013/UBNA_001/20221012_030000.WAV,Telephone Field,recover-20221013,001,1795
253.1345,253.1724,68437,82023,Rhinolophus ferrumequinum,0.024,0.024,-1,Echolocation,/mnt/ubna_data_02_mir/recover-20221013/UBNA_001/20221012_030000.WAV,Telephone Field,recover-20221013,001,1795
253.1415,253.1816,68437,82223,Rhinolophus ferrumequinum,0.022,0.022,-1,Echolocation,/mnt/ubna_data_02_mir/recover-20221013/UBNA_001/20221012_030000.WAV,Telephone Field,recover-20221013,001,1795
253.1935,253.2322,68437,82008,Rhinolophus ferrumequinum,0.023,0.023,-1,Echolocation,/mnt/ubna_data_02_mir/recover-20221013/UBNA_001/20221012_030000.WAV,Telephone Field,recover-20221013,001,1795
253.2045,253.2407,68437,81563,Rhinolophus ferrumequinum,0.022,0.022,-1,Echolocation,/mnt/ubna_data_02_mir/recover-20221013/UBNA_001/20221012_030000.WAV,Telephone Field,recover-20221013,001,1795
253.2115,253.2463,68437,81333,Rhinolophus ferrumequinum,0.021,0.021,-1,Echolocation,/mnt/ubna_data_02_mir/recover-20221013/UBNA_001/20221012_030000.WAV,Telephone Field,recover-20221013,001,1795
253.2635,253.3011,68437,81982,Rhinolophus ferrumequinum,0.026,0.026,-1,Echolocation,/mnt/ubna_data_02_mir/recover-20221013/UBNA_001/20221012_030000.WAV,Telephone Field,recover-20221013,001,1795
253.2795,253.2882,27187,39320,Eptesicus serotinus,0.006,0.024,-1,Echolocation,/mnt/ubna_data_02_mir/recover-20221013/UBNA_001/20221012_030000.WAV,Telephone Field,recover-20221013,001,1795
253.2975,253.3384,68437,82342,Rhinolophus ferrumequinum,0.027,0.027,-1,Echolocation,/mnt/ubna_data_02_mir/recover-20221013/UBNA_001/20221012_030000.WAV,Telephone Field,recover-20221013,001,1795
253.3025,253.3127,23750,30797,Nyctalus leisleri,0.008,0.022,-1,Echolocation,/mnt/ubna_data_02_mir/recover-20221013/UBNA_001/20221012_030000.WAV,Telephone Field,recover-20221013,001,1795
253.3075,253.3167,28906,37939,Eptesicus serotinus,0.009,0.023,-1,Echolocation,/mnt/ubna_data_02_mir/recover-20221013/UBNA_001/20221012_030000.WAV,Telephone Field,recover-20221013,001,1795
253.32150000000001,253.3312,28046,37579,Eptesicus serotinus,0.01,0.022,-1,Echolocation,/mnt/ubna_data_02_mir/recover-20221013/UBNA_001/20221012_030000.WAV,Telephone Field,recover-20221013,001,1795
253.3265,253.3668,68437,82670,Rhinolophus ferrumequinum,0.051,0.051,-1,Echolocation,/mnt/ubna_data_02_mir/recover-20221013/UBNA_001/20221012_030000.WAV,Telephone Field,recover-20221013,001,1795
253.3395,253.3774,68437,81663,Rhinolophus ferrumequinum,0.023,0.023,-1,Echolocation,/mnt/ubna_data_02_mir/recover-20221013/UBNA_001/20221012_030000.WAV,Telephone Field,recover-20221013,001,1795
253.3535,253.3959,68437,83212,Rhinolophus ferrumequinum,0.028,0.028,-1,Echolocation,/mnt/ubna_data_02_mir/recover-20221013/UBNA_001/20221012_030000.WAV,Telephone Field,recover-20221013,001,1795
253.3745,253.4139,68437,81606,Rhinolophus ferrumequinum,0.021,0.021,-1,Echolocation,/mnt/ubna_data_02_mir/recover-20221013/UBNA_001/20221012_030000.WAV,Telephone Field,recover-20221013,001,1795
253.4005,253.4409,68437,82327,Rhinolophus ferrumequinum,0.028,0.028,-1,Echolocation,/mnt/ubna_data_02_mir/recover-20221013/UBNA_001/20221012_030000.WAV,Telephone Field,recover-20221013,001,1795
253.4025,253.4099,28906,42743,Eptesicus serotinus,0.01,0.025,-1,Echolocation,/mnt/ubna_data_02_mir/recover-20221013/UBNA_001/20221012_030000.WAV,Telephone Field,recover-20221013,001,1795
253.4345,253.4731,68437,81151,Rhinolophus ferrumequinum,0.031,0.031,-1,Echolocation,/mnt/ubna_data_02_mir/recover-20221013/UBNA_001/20221012_030000.WAV,Telephone Field,recover-20221013,001,1795
253.4645,253.5046,68437,82514,Rhinolophus ferrumequinum,0.025,0.025,-1,Echolocation,/mnt/ubna_data_02_mir/recover-20221013/UBNA_001/20221012_030000.WAV,Telephone Field,recover-20221013,001,1795
253.4865,253.5266,68437,82281,Rhinolophus ferrumequinum,0.036,0.036,-1,Echolocation,/mnt/ubna_data_02_mir/recover-20221013/UBNA_001/20221012_030000.WAV,Telephone Field,recover-20221013,001,1795
253.4985,253.5373,68437,81281,Rhinolophus ferrumequinum,0.022,0.023,-1,Echolocation,/mnt/ubna_data_02_mir/recover-20221013/UBNA_001/20221012_030000.WAV,Telephone Field,recover-20221013,001,1795
253.5155,253.5579,68437,82928,Rhinolophus ferrumequinum,0.036,0.036,-1,Echolocation,/mnt/ubna_data_02_mir/recover-20221013/UBNA_001/20221012_030000.WAV,Telephone Field,recover-20221013,001,1795
253.54149999999998,253.5489,28046,40086,Eptesicus serotinus,0.007,0.021,-1,Echolocation,/mnt/ubna_data_02_mir/recover-20221013/UBNA_001/20221012_030000.WAV,Telephone Field,recover-20221013,001,1795
253.5505,253.5902,68437,82259,Rhinolophus ferrumequinum,0.025,0.025,-1,Echolocation,/mnt/ubna_data_02_mir/recover-20221013/UBNA_001/20221012_030000.WAV,Telephone Field,recover-20221013,001,1795
253.5585,253.5964,68437,81988,Rhinolophus ferrumequinum,0.021,0.021,-1,Echolocation,/mnt/ubna_data_02_mir/recover-20221013/UBNA_001/20221012_030000.WAV,Telephone Field,recover-20221013,001,1795
253.5795,253.6185,68437,82059,Rhinolophus ferrumequinum,0.023,0.023,-1,Echolocation,/mnt/ubna_data_02_mir/recover-20221013/UBNA_001/20221012_030000.WAV,Telephone Field,recover-20221013,001,1795
253.6175,253.6568,68437,82269,Rhinolophus ferrumequinum,0.023,0.023,-1,Echolocation,/mnt/ubna_data_02_mir/recover-20221013/UBNA_001/20221012_030000.WAV,Telephone Field,recover-20221013,001,1795
253.6275,253.6418,22031,26430,Nyctalus leisleri,0.025,0.048,-1,Echolocation,/mnt/ubna_data_02_mir/recover-20221013/UBNA_001/20221012_030000.WAV,Telephone Field,recover-20221013,001,1795
253.6495,253.6948,68437,83313,Rhinolophus ferrumequinum,0.042,0.042,-1,Echolocation,/mnt/ubna_data_02_mir/recover-20221013/UBNA_001/20221012_030000.WAV,Telephone Field,recover-20221013,001,1795
253.6945,253.7347,68437,81801,Rhinolophus ferrumequinum,0.025,0.025,-1,Echolocation,/mnt/ubna_data_02_mir/recover-20221013/UBNA_001/20221012_030000.WAV,Telephone Field,recover-20221013,001,1795
253.7035,253.7119,23750,31118,Plecotus austriacus,0.007,0.022,-1,Echolocation,/mnt/ubna_data_02_mir/recover-20221013/UBNA_001/20221012_030000.WAV,Telephone Field,recover-20221013,001,1795
253.7365,253.7717,68437,80807,Rhinolophus ferrumequinum,0.022,0.022,-1,Echolocation,/mnt/ubna_data_02_mir/recover-20221013/UBNA_001/20221012_030000.WAV,Telephone Field,recover-20221013,001,1795
253.7595,253.7695,28046,35749,Eptesicus serotinus,0.013,0.025,-1,Echolocation,/mnt/ubna_data_02_mir/recover-20221013/UBNA_001/20221012_030000.WAV,Telephone Field,recover-20221013,001,1795
253.7925,253.83350000000002,68437,82519,Rhinolophus ferrumequinum,0.031,0.031,-1,Echolocation,/mnt/ubna_data_02_mir/recover-20221013/UBNA_001/20221012_030000.WAV,Telephone Field,recover-20221013,001,1795
253.82150000000001,253.8271,30625,46530,Myotis daubentonii,0.015,0.043,-1,Echolocation,/mnt/ubna_data_02_mir/recover-20221013/UBNA_001/20221012_030000.WAV,Telephone Field,recover-20221013,001,1795
253.8515,253.8933,68437,82667,Rhinolophus ferrumequinum,0.03,0.03,-1,Echolocation,/mnt/ubna_data_02_mir/recover-20221013/UBNA_001/20221012_030000.WAV,Telephone Field,recover-20221013,001,1795
253.8655,253.9083,68437,82876,Rhinolophus ferrumequinum,0.028,0.028,-1,Echolocation,/mnt/ubna_data_02_mir/recover-20221013/UBNA_001/20221012_030000.WAV,Telephone Field,recover-20221013,001,1795
253.8935,253.9041,24609,31119,Eptesicus serotinus,0.008,0.022,-1,Echolocation,/mnt/ubna_data_02_mir/recover-20221013/UBNA_001/20221012_030000.WAV,Telephone Field,recover-20221013,001,1795
253.9175,253.9553,68437,81446,Rhinolophus ferrumequinum,0.024,0.024,-1,Echolocation,/mnt/ubna_data_02_mir/recover-20221013/UBNA_001/20221012_030000.WAV,Telephone Field,recover-20221013,001,1795
253.9175,253.9284,23750,28961,Nyctalus leisleri,0.009,0.021,-1,Echolocation,/mnt/ubna_data_02_mir/recover-20221013/UBNA_001/20221012_030000.WAV,Telephone Field,recover-20221013,001,1795
253.9305,253.9685,68437,82364,Rhinolophus ferrumequinum,0.021,0.021,-1,Echolocation,/mnt/ubna_data_02_mir/recover-20221013/UBNA_001/20221012_030000.WAV,Telephone Field,recover-20221013,001,1795
253.9415,253.9517,22890,28883,Nyctalus leisleri,0.009,0.023,-1,Echolocation,/mnt/ubna_data_02_mir/recover-20221013/UBNA_001/20221012_030000.WAV,Telephone Field,recover-20221013,001,1795
253.9675,253.9762,28906,39105,Eptesicus serotinus,0.009,0.024,-1,Echolocation,/mnt/ubna_data_02_mir/recover-20221013/UBNA_001/20221012_030000.WAV,Telephone Field,recover-20221013,001,1795
254.0015,254.0079,49531,57497,Pipistrellus pipistrellus,0.018,0.024,-1,Echolocation,/mnt/ubna_data_02_mir/recover-20221013/UBNA_001/20221012_030000.WAV,Telephone Field,recover-20221013,001,1795
254.0015,254.034,69296,81466,Rhinolophus ferrumequinum,0.026,0.026,-1,Echolocation,/mnt/ubna_data_02_mir/recover-20221013/UBNA_001/20221012_030000.WAV,Telephone Field,recover-20221013,001,1795
254.0015,254.0105,23750,29741,Nyctalus leisleri,0.011,0.026,-1,Echolocation,/mnt/ubna_data_02_mir/recover-20221013/UBNA_001/20221012_030000.WAV,Telephone Field,recover-20221013,001,1795
254.0995,254.1096,57265,62363,Pipistrellus pygmaeus,0.019,0.02,-1,Echolocation,/mnt/ubna_data_02_mir/recover-20221013/UBNA_001/20221012_030000.WAV,Telephone Field,recover-20221013,001,1795
254.1035,254.113,23750,30333,Nyctalus leisleri,0.008,0.021,-1,Echolocation,/mnt/ubna_data_02_mir/recover-20221013/UBNA_001/20221012_030000.WAV,Telephone Field,recover-20221013,001,1795
254.1095,254.1472,68437,81608,Rhinolophus ferrumequinum,0.021,0.022,-1,Echolocation,/mnt/ubna_data_02_mir/recover-20221013/UBNA_001/20221012_030000.WAV,Telephone Field,recover-20221013,001,1795
254.1395,254.1499,24609,30921,Nyctalus leisleri,0.013,0.038,-1,Echolocation,/mnt/ubna_data_02_mir/recover-20221013/UBNA_001/20221012_030000.WAV,Telephone Field,recover-20221013,001,1795
254.1985,254.2112,35781,40696,Pipistrellus nathusii,0.01,0.028,-1,Echolocation,/mnt/ubna_data_02_mir/recover-20221013/UBNA_001/20221012_030000.WAV,Telephone Field,recover-20221013,001,1795
254.2195,254.2542,68437,81714,Rhinolophus ferrumequinum,0.022,0.022,-1,Echolocation,/mnt/ubna_data_02_mir/recover-20221013/UBNA_001/20221012_030000.WAV,Telephone Field,recover-20221013,001,1795
254.2255,254.2647,68437,82114,Rhinolophus ferrumequinum,0.02,0.02,-1,Echolocation,/mnt/ubna_data_02_mir/recover-20221013/UBNA_001/20221012_030000.WAV,Telephone Field,recover-20221013,001,1795
254.2365,254.2434,27187,41053,Eptesicus serotinus,0.007,0.026,-1,Echolocation,/mnt/ubna_data_02_mir/recover-20221013/UBNA_001/20221012_030000.WAV,Telephone Field,recover-20221013,001,1795
254.2655,254.3001,68437,80823,Rhinolophus ferrumequinum,0.025,0.025,-1,Echolocation,/mnt/ubna_data_02_mir/recover-20221013/UBNA_001/20221012_030000.WAV,Telephone Field,recover-20221013,001,1795
254.3105,254.3455,68437,81747,Rhinolophus ferrumequinum,0.021,0.021,-1,Echolocation,/mnt/ubna_data_02_mir/recover-20221013/UBNA_001/20221012_030000.WAV,Telephone Field,recover-20221013,001,1795
254.3735,254.4118,68437,81298,Rhinolophus ferrumequinum,0.021,0.021,-1,Echolocation,/mnt/ubna_data_02_mir/recover-20221013/UBNA_001/20221012_030000.WAV,Telephone Field,recover-20221013,001,1795
254.3995,254.4207,18593,21542,Nyctalus noctula,0.02,0.038,-1,Echolocation,/mnt/ubna_data_02_mir/recover-20221013/UBNA_001/20221012_030000.WAV,Telephone Field,recover-20221013,001,1795
254.4085,254.4146,31484,48806,Myotis daubentonii,0.018,0.038,-1,Echolocation,/mnt/ubna_data_02_mir/recover-20221013/UBNA_001/20221012_030000.WAV,Telephone Field,recover-20221013,001,1795
254.4115,254.4182,25468,38858,Myotis nattereri,0.005,0.025,-1,Echolocation,/mnt/ubna_data_02_mir/recover-20221013/UBNA_001/20221012_030000.WAV,Telephone Field,recover-20221013,001,1795
254.4215,254.4599,68437,82366,Rhinolophus ferrumequinum,0.02,0.02,-1,Echolocation,/mnt/ubna_data_02_mir/recover-20221013/UBNA_001/20221012_030000.WAV,Telephone Field,recover-20221013,001,1795
254.4495,254.4574,28906,37613,Eptesicus serotinus,0.007,0.022,-1,Echolocation,/mnt/ubna_data_02_mir/recover-20221013/UBNA_001/20221012_030000.WAV,Telephone Field,recover-20221013,001,1795
254.4595,254.5004,68437,82802,Rhinolophus ferrumequinum,0.02,0.02,-1,Echolocation,/mnt/ubna_data_02_mir/recover-20221013/UBNA_001/20221012_030000.WAV,Telephone Field,recover-20221013,001,1795
254.4815,254.5188,68437,81255,Rhinolophus ferrumequinum,0.021,0.021,-1,Echolocation,/mnt/ubna_data_02_mir/recover-20221013/UBNA_001/20221012_030000.WAV,Telephone Field,recover-20221013,001,1795
254.4825,254.4945,37500,42499,Pipistrellus nathusii,0.01,0.022,-1,Echolocation,/mnt/ubna_data_02_mir/recover-20221013/UBNA_001/20221012_030000.WAV,Telephone Field,recover-20221013,001,1795
254.5075,254.5161,27187,36402,Eptesicus serotinus,0.007,0.02,-1,Echolocation,/mnt/ubna_data_02_mir/recover-20221013/UBNA_001/20221012_030000.WAV,Telephone Field,recover-20221013,001,1795
254.5175,254.5532,68437,81234,Rhinolophus ferrumequinum,0.02,0.02,-1,Echolocation,/mnt/ubna_data_02_mir/recover-20221013/UBNA_001/20221012_030000.WAV,Telephone Field,recover-20221013,001,1795
254.5285,254.5398,28906,33909,Eptesicus serotinus,0.011,0.025,-1,Echolocation,/mnt/ubna_data_02_mir/recover-20221013/UBNA_001/20221012_030000.WAV,Telephone Field,recover-20221013,001,1795
254.5595,254.5976,68437,82625,Rhinolophus ferrumequinum,0.024,0.024,-1,Echolocation,/mnt/ubna_data_02_mir/recover-20221013/UBNA_001/20221012_030000.WAV,Telephone Field,recover-20221013,001,1795
254.5945,254.6343,68437,82405,Rhinolophus ferrumequinum,0.029,0.029,-1,Echolocation,/mnt/ubna_data_02_mir/recover-20221013/UBNA_001/20221012_030000.WAV,Telephone Field,recover-20221013,001,1795
254.5945,254.6018,23750,33065,Plecotus austriacus,0.008,0.022,-1,Echolocation,/mnt/ubna_data_02_mir/recover-20221013/UBNA_001/20221012_030000.WAV,Telephone Field,recover-20221013,001,1795
254.6385,254.6478,23750,30161,Nyctalus leisleri,0.007,0.02,-1,Echolocation,/mnt/ubna_data_02_mir/recover-20221013/UBNA_001/20221012_030000.WAV,Telephone Field,recover-20221013,001,1795
254.6615,254.6736,23750,29138,Nyctalus leisleri,0.013,0.027,-1,Echolocation,/mnt/ubna_data_02_mir/recover-20221013/UBNA_001/20221012_030000.WAV,Telephone Field,recover-20221013,001,1795
254.6685,254.7069,68437,81805,Rhinolophus ferrumequinum,0.022,0.022,-1,Echolocation,/mnt/ubna_data_02_mir/recover-20221013/UBNA_001/20221012_030000.WAV,Telephone Field,recover-20221013,001,1795
254.6725,254.6851,44375,49124,Pipistrellus pipistrellus,0.021,0.027,-1,Echolocation,/mnt/ubna_data_02_mir/recover-20221013/UBNA_001/20221012_030000.WAV,Telephone Field,recover-20221013,001,1795
254.6935,254.7023,27187,37560,Eptesicus serotinus,0.009,0.023,-1,Echolocation,/mnt/ubna_data_02_mir/recover-20221013/UBNA_001/20221012_030000.WAV,Telephone Field,recover-20221013,001,1795
254.6945,254.73160000000001,68437,81686,Rhinolophus ferrumequinum,0.022,0.022,-1,Echolocation,/mnt/ubna_data_02_mir/recover-20221013/UBNA_001/20221012_030000.WAV,Telephone Field,recover-20221013,001,1795
254.7195,254.7593,68437,82578,Rhinolophus ferrumequinum,0.02,0.02,-1,Echolocation,/mnt/ubna_data_02_mir/recover-20221013/UBNA_001/20221012_030000.WAV,Telephone Field,recover-20221013,001,1795
254.7515,254.7918,68437,81786,Rhinolophus ferrumequinum,0.023,0.023,-1,Echolocation,/mnt/ubna_data_02_mir/recover-20221013/UBNA_001/20221012_030000.WAV,Telephone Field,recover-20221013,001,1795
254.7575,254.7954,68437,82196,Rhinolophus ferrumequinum,0.02,0.02,-1,Echolocation,/mnt/ubna_data_02_mir/recover-20221013/UBNA_001/20221012_030000.WAV,Telephone Field,recover-20221013,001,1795
254.7635,254.7743,22031,26149,Nyctalus leisleri,0.013,0.023,-1,Echolocation,/mnt/ubna_data_02_mir/recover-20221013/UBNA_001/20221012_030000.WAV,Telephone Field,recover-20221013,001,1795
254.7885,254.82659999999998,68437,82729,Rhinolophus ferrumequinum,0.024,0.024,-1,Echolocation,/mnt/ubna_data_02_mir/recover-20221013/UBNA_001/20221012_030000.WAV,Telephone Field,recover-20221013,001,1795
254.8135,254.8539,68437,82520,Rhinolophus ferrumequinum,0.023,0.023,-1,Echolocation,/mnt/ubna_data_02_mir/recover-20221013/UBNA_001/20221012_030000.WAV,Telephone Field,recover-20221013,001,1795
254.8295,254.8488,19453,22457,Nyctalus leisleri,0.013,0.023,-1,Echolocation,/mnt/ubna_data_02_mir/recover-20221013/UBNA_001/20221012_030000.WAV,Telephone Field,recover-20221013,001,1795
254.8445,254.8547,22890,28226,Nyctalus leisleri,0.009,0.021,-1,Echolocation,/mnt/ubna_data_02_mir/recover-20221013/UBNA_001/20221012_030000.WAV,Telephone Field,recover-20221013,001,1795
254.8655,254.9035,68437,82204,Rhinolophus ferrumequinum,0.02,0.02,-1,Echolocation,/mnt/ubna_data_02_mir/recover-20221013/UBNA_001/20221012_030000.WAV,Telephone Field,recover-20221013,001,1795
254.8855,254.8956,23750,28961,Nyctalus leisleri,0.009,0.021,-1,Echolocation,/mnt/ubna_data_02_mir/recover-20221013/UBNA_001/20221012_030000.WAV,Telephone Field,recover-20221013,001,1795
254.8915,254.9297,68437,82691,Rhinolophus ferrumequinum,0.022,0.022,-1,Echolocation,/mnt/ubna_data_02_mir/recover-20221013/UBNA_001/20221012_030000.WAV,Telephone Field,recover-20221013,001,1795
254.9135,254.9229,26328,34106,Eptesicus serotinus,0.008,0.022,-1,Echolocation,/mnt/ubna_data_02_mir/recover-20221013/UBNA_001/20221012_030000.WAV,Telephone Field,recover-20221013,001,1795
254.9345,254.9426,28046,37692,Eptesicus serotinus,0.011,0.026,-1,Echolocation,/mnt/ubna_data_02_mir/recover-20221013/UBNA_001/20221012_030000.WAV,Telephone Field,recover-20221013,001,1795
254.94650000000001,254.9573,46093,49278,Pipistrellus pipistrellus,0.051,0.056,-1,Echolocation,/mnt/ubna_data_02_mir/recover-20221013/UBNA_001/20221012_030000.WAV,Telephone Field,recover-20221013,001,1795
254.9975,255.0367,68437,82172,Rhinolophus ferrumequinum,0.022,0.022,-1,Echolocation,/mnt/ubna_data_02_mir/recover-20221013/UBNA_001/20221012_030000.WAV,Telephone Field,recover-20221013,001,1795
255.0045,255.018,28046,33642,Eptesicus serotinus,0.027,0.05,-1,Echolocation,/mnt/ubna_data_02_mir/recover-20221013/UBNA_001/20221012_030000.WAV,Telephone Field,recover-20221013,001,1795
255.0825,255.09120000000001,27187,37428,Eptesicus serotinus,0.007,0.02,-1,Echolocation,/mnt/ubna_data_02_mir/recover-20221013/UBNA_001/20221012_030000.WAV,Telephone Field,recover-20221013,001,1795
255.1055,255.1444,68437,81712,Rhinolophus ferrumequinum,0.023,0.024,-1,Echolocation,/mnt/ubna_data_02_mir/recover-20221013/UBNA_001/20221012_030000.WAV,Telephone Field,recover-20221013,001,1795
255.1145,255.1205,25468,39218,Myotis nattereri,0.005,0.023,-1,Echolocation,/mnt/ubna_data_02_mir/recover-20221013/UBNA_001/20221012_030000.WAV,Telephone Field,recover-20221013,001,1795
255.1145,255.1198,31484,43198,Myotis daubentonii,0.009,0.021,-1,Echolocation,/mnt/ubna_data_02_mir/recover-20221013/UBNA_001/20221012_030000.WAV,Telephone Field,recover-20221013,001,1795
255.1245,255.163,68437,82161,Rhinolophus ferrumequinum,0.022,0.022,-1,Echolocation,/mnt/ubna_data_02_mir/recover-20221013/UBNA_001/20221012_030000.WAV,Telephone Field,recover-20221013,001,1795
255.1505,255.1611,28906,36360,Eptesicus serotinus,0.014,0.03,-1,Echolocation,/mnt/ubna_data_02_mir/recover-20221013/UBNA_001/20221012_030000.WAV,Telephone Field,recover-20221013,001,1795
255.1945,255.2336,68437,81649,Rhinolophus ferrumequinum,0.02,0.02,-1,Echolocation,/mnt/ubna_data_02_mir/recover-20221013/UBNA_001/20221012_030000.WAV,Telephone Field,recover-20221013,001,1795
255.1945,255.2036,28046,37748,Eptesicus serotinus,0.009,0.024,-1,Echolocation,/mnt/ubna_data_02_mir/recover-20221013/UBNA_001/20221012_030000.WAV,Telephone Field,recover-20221013,001,1795
255.2025,255.2417,68437,82109,Rhinolophus ferrumequinum,0.02,0.02,-1,Echolocation,/mnt/ubna_data_02_mir/recover-20221013/UBNA_001/20221012_030000.WAV,Telephone Field,recover-20221013,001,1795
255.2205,255.2308,28906,35606,Eptesicus serotinus,0.008,0.021,-1,Echolocation,/mnt/ubna_data_02_mir/recover-20221013/UBNA_001/20221012_030000.WAV,Telephone Field,recover-20221013,001,1795
255.2325,255.2729,68437,82629,Rhinolophus ferrumequinum,0.022,0.022,-1,Echolocation,/mnt/ubna_data_02_mir/recover-20221013/UBNA_001/20221012_030000.WAV,Telephone Field,recover-20221013,001,1795
255.2425,255.2806,68437,82082,Rhinolophus ferrumequinum,0.021,0.021,-1,Echolocation,/mnt/ubna_data_02_mir/recover-20221013/UBNA_001/20221012_030000.WAV,Telephone Field,recover-20221013,001,1795
255.2545,255.2626,28046,37814,Eptesicus serotinus,0.007,0.022,-1,Echolocation,/mnt/ubna_data_02_mir/recover-20221013/UBNA_001/20221012_030000.WAV,Telephone Field,recover-20221013,001,1795
255.2725,255.3086,68437,81502,Rhinolophus ferrumequinum,0.02,0.02,-1,Echolocation,/mnt/ubna_data_02_mir/recover-20221013/UBNA_001/20221012_030000.WAV,Telephone Field,recover-20221013,001,1795
255.2965,255.3372,68437,82333,Rhinolophus ferrumequinum,0.023,0.023,-1,Echolocation,/mnt/ubna_data_02_mir/recover-20221013/UBNA_001/20221012_030000.WAV,Telephone Field,recover-20221013,001,1795
255.3415,255.3529,23750,28980,Nyctalus leisleri,0.013,0.028,-1,Echolocation,/mnt/ubna_data_02_mir/recover-20221013/UBNA_001/20221012_030000.WAV,Telephone Field,recover-20221013,001,1795
255.3675,255.4096,68437,83665,Rhinolophus ferrumequinum,0.029,0.029,-1,Echolocation,/mnt/ubna_data_02_mir/recover-20221013/UBNA_001/20221012_030000.WAV,Telephone Field,recover-20221013,001,1795
255.3835,255.4203,68437,81786,Rhinolophus ferrumequinum,0.021,0.021,-1,Echolocation,/mnt/ubna_data_02_mir/recover-20221013/UBNA_001/20221012_030000.WAV,Telephone Field,recover-20221013,001,1795
255.3875,255.3983,24609,30660,Nyctalus leisleri,0.01,0.025,-1,Echolocation,/mnt/ubna_data_02_mir/recover-20221013/UBNA_001/20221012_030000.WAV,Telephone Field,recover-20221013,001,1795
255.4155,255.4535,68437,81149,Rhinolophus ferrumequinum,0.026,0.026,-1,Echolocation,/mnt/ubna_data_02_mir/recover-20221013/UBNA_001/20221012_030000.WAV,Telephone Field,recover-20221013,001,1795
255.42849999999999,255.4367,27187,38204,Eptesicus serotinus,0.007,0.022,-1,Echolocation,/mnt/ubna_data_02_mir/recover-20221013/UBNA_001/20221012_030000.WAV,Telephone Field,recover-20221013,001,1795
255.4395,255.4508,24609,30321,Nyctalus leisleri,0.008,0.022,-1,Echolocation,/mnt/ubna_data_02_mir/recover-20221013/UBNA_001/20221012_030000.WAV,Telephone Field,recover-20221013,001,1795
255.4685,255.5056,68437,81187,Rhinolophus ferrumequinum,0.021,0.021,-1,Echolocation,/mnt/ubna_data_02_mir/recover-20221013/UBNA_001/20221012_030000.WAV,Telephone Field,recover-20221013,001,1795
255.4725,255.4835,28906,36818,Eptesicus serotinus,0.016,0.032,-1,Echolocation,/mnt/ubna_data_02_mir/recover-20221013/UBNA_001/20221012_030000.WAV,Telephone Field,recover-20221013,001,1795
255.5045,255.5401,68437,81249,Rhinolophus ferrumequinum,0.033,0.033,-1,Echolocation,/mnt/ubna_data_02_mir/recover-20221013/UBNA_001/20221012_030000.WAV,Telephone Field,recover-20221013,001,1795
255.5385,255.5503,28046,35727,Eptesicus serotinus,0.034,0.052,-1,Echolocation,/mnt/ubna_data_02_mir/recover-20221013/UBNA_001/20221012_030000.WAV,Telephone Field,recover-20221013,001,1795
255.5405,255.5782,68437,82334,Rhinolophus ferrumequinum,0.021,0.021,-1,Echolocation,/mnt/ubna_data_02_mir/recover-20221013/UBNA_001/20221012_030000.WAV,Telephone Field,recover-20221013,001,1795
255.5575,255.5675,28906,36890,Eptesicus serotinus,0.011,0.025,-1,Echolocation,/mnt/ubna_data_02_mir/recover-20221013/UBNA_001/20221012_030000.WAV,Telephone Field,recover-20221013,001,1795
255.5595,255.5984,68437,82136,Rhinolophus ferrumequinum,0.022,0.022,-1,Echolocation,/mnt/ubna_data_02_mir/recover-20221013/UBNA_001/20221012_030000.WAV,Telephone Field,recover-20221013,001,1795
255.57150000000001,255.61090000000002,68437,82551,Rhinolophus ferrumequinum,0.024,0.024,-1,Echolocation,/mnt/ubna_data_02_mir/recover-20221013/UBNA_001/20221012_030000.WAV,Telephone Field,recover-20221013,001,1795
255.5745,255.583,28906,38209,Eptesicus serotinus,0.007,0.022,-1,Echolocation,/mnt/ubna_data_02_mir/recover-20221013/UBNA_001/20221012_030000.WAV,Telephone Field,recover-20221013,001,1795
255.6165,255.628,28046,35753,Eptesicus serotinus,0.013,0.026,-1,Echolocation,/mnt/ubna_data_02_mir/recover-20221013/UBNA_001/20221012_030000.WAV,Telephone Field,recover-20221013,001,1795
255.6375,255.6774,68437,82360,Rhinolophus ferrumequinum,0.023,0.023,-1,Echolocation,/mnt/ubna_data_02_mir/recover-20221013/UBNA_001/20221012_030000.WAV,Telephone Field,recover-20221013,001,1795
255.7145,255.7565,68437,82608,Rhinolophus ferrumequinum,0.028,0.028,-1,Echolocation,/mnt/ubna_data_02_mir/recover-20221013/UBNA_001/20221012_030000.WAV,Telephone Field,recover-20221013,001,1795
255.7275,255.7348,28046,43735,Eptesicus serotinus,0.007,0.023,-1,Echolocation,/mnt/ubna_data_02_mir/recover-20221013/UBNA_001/20221012_030000.WAV,Telephone Field,recover-20221013,001,1795
255.7495,255.7893,68437,81468,Rhinolophus ferrumequinum,0.023,0.023,-1,Echolocation,/mnt/ubna_data_02_mir/recover-20221013/UBNA_001/20221012_030000.WAV,Telephone Field,recover-20221013,001,1795
255.7675,255.7782,42656,48198,Pipistrellus nathusii,0.007,0.022,-1,Echolocation,/mnt/ubna_data_02_mir/recover-20221013/UBNA_001/20221012_030000.WAV,Telephone Field,recover-20221013,001,1795
255.7675,255.80610000000001,68437,82098,Rhinolophus ferrumequinum,0.029,0.029,-1,Echolocation,/mnt/ubna_data_02_mir/recover-20221013/UBNA_001/20221012_030000.WAV,Telephone Field,recover-20221013,001,1795
255.7995,255.8105,46093,52959,Pipistrellus pipistrellus,0.024,0.03,-1,Echolocation,/mnt/ubna_data_02_mir/recover-20221013/UBNA_001/20221012_030000.WAV,Telephone Field,recover-20221013,001,1795
255.8025,255.8159,22890,26576,Nyctalus leisleri,0.016,0.027,-1,Echolocation,/mnt/ubna_data_02_mir/recover-20221013/UBNA_001/20221012_030000.WAV,Telephone Field,recover-20221013,001,1795
255.80349999999999,255.8415,68437,81692,Rhinolophus ferrumequinum,0.02,0.02,-1,Echolocation,/mnt/ubna_data_02_mir/recover-20221013/UBNA_001/20221012_030000.WAV,Telephone Field,recover-20221013,001,1795
255.8305,255.8395,27187,38786,Eptesicus serotinus,0.008,0.021,-1,Echolocation,/mnt/ubna_data_02_mir/recover-20221013/UBNA_001/20221012_030000.WAV,Telephone Field,recover-20221013,001,1795
255.8745,255.9148,68437,83094,Rhinolophus ferrumequinum,0.024,0.024,-1,Echolocation,/mnt/ubna_data_02_mir/recover-20221013/UBNA_001/20221012_030000.WAV,Telephone Field,recover-20221013,001,1795
255.8895,255.9261,68437,80570,Rhinolophus ferrumequinum,0.021,0.021,-1,Echolocation,/mnt/ubna_data_02_mir/recover-20221013/UBNA_001/20221012_030000.WAV,Telephone Field,recover-20221013,001,1795
255.9445,255.98160000000001,68437,81664,Rhinolophus ferrumequinum,0.021,0.021,-1,Echolocation,/mnt/ubna_data_02_mir/recover-20221013/UBNA_001/20221012_030000.WAV,Telephone Field,recover-20221013,001,1795
255.9525,255.9623,47812,55506,Pipistrellus pipistrellus,0.016,0.024,-1,Echolocation,/mnt/ubna_data_02_mir/recover-20221013/UBNA_001/20221012_030000.WAV,Telephone Field,recover-20221013,001,1795
255.9695,255.989,20312,22625,Nyctalus leisleri,0.018,0.03,-1,Echolocation,/mnt/ubna_data_02_mir/recover-20221013/UBNA_001/20221012_030000.WAV,Telephone Field,recover-20221013,001,1795
256.0015,256.0092,27187,36297,Eptesicus serotinus,0.009,0.028,-1,Echolocation,/mnt/ubna_data_02_mir/recover-20221013/UBNA_001/20221012_030000.WAV,Telephone Field,recover-20221013,001,1795
256.0015,256.0353,68437,80571,Rhinolophus ferrumequinum,0.048,0.048,-1,Echolocation,/mnt/ubna_data_02_mir/recover-20221013/UBNA_001/20221012_030000.WAV,Telephone Field,recover-20221013,001,1795
256.0015,256.009,22031,29628,Plecotus austriacus,0.008,0.023,-1,Echolocation,/mnt/ubna_data_02_mir/recover-20221013/UBNA_001/20221012_030000.WAV,Telephone Field,recover-20221013,001,1795
256.0015,256.0097,34062,42678,Myotis daubentonii,0.006,0.021,-1,Echolocation,/mnt/ubna_data_02_mir/recover-20221013/UBNA_001/20221012_030000.WAV,Telephone Field,recover-20221013,001,1795
256.0565,256.0671,25468,32438,Eptesicus serotinus,0.014,0.032,-1,Echolocation,/mnt/ubna_data_02_mir/recover-20221013/UBNA_001/20221012_030000.WAV,Telephone Field,recover-20221013,001,1795
256.0605,256.0988,68437,81754,Rhinolophus ferrumequinum,0.021,0.021,-1,Echolocation,/mnt/ubna_data_02_mir/recover-20221013/UBNA_001/20221012_030000.WAV,Telephone Field,recover-20221013,001,1795
256.1065,256.14,68437,80948,Rhinolophus ferrumequinum,0.022,0.022,-1,Echolocation,/mnt/ubna_data_02_mir/recover-20221013/UBNA_001/20221012_030000.WAV,Telephone Field,recover-20221013,001,1795
256.1365,256.17719999999997,68437,82401,Rhinolophus ferrumequinum,0.032,0.032,-1,Echolocation,/mnt/ubna_data_02_mir/recover-20221013/UBNA_001/20221012_030000.WAV,Telephone Field,recover-20221013,001,1795
256.1765,256.1888,22890,27325,Nyctalus leisleri,0.012,0.022,-1,Echolocation,/mnt/ubna_data_02_mir/recover-20221013/UBNA_001/20221012_030000.WAV,Telephone Field,recover-20221013,001,1795
256.2035,256.2116,28046,40578,Eptesicus serotinus,0.008,0.024,-1,Echolocation,/mnt/ubna_data_02_mir/recover-20221013/UBNA_001/20221012_030000.WAV,Telephone Field,recover-20221013,001,1795
256.2355,256.2447,28046,37041,Eptesicus serotinus,0.009,0.022,-1,Echolocation,/mnt/ubna_data_02_mir/recover-20221013/UBNA_001/20221012_030000.WAV,Telephone Field,recover-20221013,001,1795
256.2495,256.2888,68437,82169,Rhinolophus ferrumequinum,0.021,0.021,-1,Echolocation,/mnt/ubna_data_02_mir/recover-20221013/UBNA_001/20221012_030000.WAV,Telephone Field,recover-20221013,001,1795
256.2865,256.2948,28046,39631,Eptesicus serotinus,0.008,0.023,-1,Echolocation,/mnt/ubna_data_02_mir/recover-20221013/UBNA_001/20221012_030000.WAV,Telephone Field,recover-20221013,001,1795
256.3535,256.3614,23750,32369,Plecotus austriacus,0.008,0.021,-1,Echolocation,/mnt/ubna_data_02_mir/recover-20221013/UBNA_001/20221012_030000.WAV,Telephone Field,recover-20221013,001,1795
256.3805,256.3877,14296,28473,Plecotus auritus,0.024,0.03,-1,Echolocation,/mnt/ubna_data_02_mir/recover-20221013/UBNA_001/20221012_030000.WAV,Telephone Field,recover-20221013,001,1795
256.3915,256.4345,68437,82909,Rhinolophus ferrumequinum,0.039,0.039,-1,Echolocation,/mnt/ubna_data_02_mir/recover-20221013/UBNA_001/20221012_030000.WAV,Telephone Field,recover-20221013,001,1795
256.4055,256.4141,27187,37010,Eptesicus serotinus,0.007,0.021,-1,Echolocation,/mnt/ubna_data_02_mir/recover-20221013/UBNA_001/20221012_030000.WAV,Telephone Field,recover-20221013,001,1795
256.41949999999997,256.4601,68437,82286,Rhinolophus ferrumequinum,0.02,0.02,-1,Echolocation,/mnt/ubna_data_02_mir/recover-20221013/UBNA_001/20221012_030000.WAV,Telephone Field,recover-20221013,001,1795
256.4355,256.443,28046,39616,Eptesicus serotinus,0.007,0.022,-1,Echolocation,/mnt/ubna_data_02_mir/recover-20221013/UBNA_001/20221012_030000.WAV,Telephone Field,recover-20221013,001,1795
256.4465,256.4616,15156,20126,Nyctalus noctula,0.039,0.053,-1,Echolocation,/mnt/ubna_data_02_mir/recover-20221013/UBNA_001/20221012_030000.WAV,Telephone Field,recover-20221013,001,1795
256.4725,256.483,23750,29572,Nyctalus leisleri,0.019,0.052,-1,Echolocation,/mnt/ubna_data_02_mir/recover-20221013/UBNA_001/20221012_030000.WAV,Telephone Field,recover-20221013,001,1795
256.5035,256.54200000000003,68437,82628,Rhinolophus ferrumequinum,0.024,0.024,-1,Echolocation,/mnt/ubna_data_02_mir/recover-20221013/UBNA_001/20221012_030000.WAV,Telephone Field,recover-20221013,001,1795
256.5165,256.5554,68437,81449,Rhinolophus ferrumequinum,0.025,0.026,-1,Echolocation,/mnt/ubna_data_02_mir/recover-20221013/UBNA_001/20221012_030000.WAV,Telephone Field,recover-20221013,001,1795
256.5675,256.5768,24609,31833,Nyctalus leisleri,0.007,0.021,-1,Echolocation,/mnt/ubna_data_02_mir/recover-20221013/UBNA_001/20221012_030000.WAV,Telephone Field,recover-20221013,001,1795
256.6195,256.6314,22890,28012,Nyctalus leisleri,0.012,0.025,-1,Echolocation,/mnt/ubna_data_02_mir/recover-20221013/UBNA_001/20221012_030000.WAV,Telephone Field,recover-20221013,001,1795
256.6295,256.6673,68437,81558,Rhinolophus ferrumequinum,0.022,0.022,-1,Echolocation,/mnt/ubna_data_02_mir/recover-20221013/UBNA_001/20221012_030000.WAV,Telephone Field,recover-20221013,001,1795
256.6365,256.6768,68437,81926,Rhinolophus ferrumequinum,0.022,0.022,-1,Echolocation,/mnt/ubna_data_02_mir/recover-20221013/UBNA_001/20221012_030000.WAV,Telephone Field,recover-20221013,001,1795
256.6505,256.6854,68437,81097,Rhinolophus ferrumequinum,0.021,0.021,-1,Echolocation,/mnt/ubna_data_02_mir/recover-20221013/UBNA_001/20221012_030000.WAV,Telephone Field,recover-20221013,001,1795
256.6685,256.7068,68437,82030,Rhinolophus ferrumequinum,0.022,0.022,-1,Echolocation,/mnt/ubna_data_02_mir/recover-20221013/UBNA_001/20221012_030000.WAV,Telephone Field,recover-20221013,001,1795
256.6775,256.7143,68437,81996,Rhinolophus ferrumequinum,0.023,0.023,-1,Echolocation,/mnt/ubna_data_02_mir/recover-20221013/UBNA_001/20221012_030000.WAV,Telephone Field,recover-20221013,001,1795
256.7085,256.7458,68437,81986,Rhinolophus ferrumequinum,0.023,0.023,-1,Echolocation,/mnt/ubna_data_02_mir/recover-20221013/UBNA_001/20221012_030000.WAV,Telephone Field,recover-20221013,001,1795
256.7165,256.7274,23750,29659,Nyctalus leisleri,0.009,0.021,-1,Echolocation,/mnt/ubna_data_02_mir/recover-20221013/UBNA_001/20221012_030000.WAV,Telephone Field,recover-20221013,001,1795
256.72950000000003,256.7711,68437,83100,Rhinolophus ferrumequinum,0.032,0.032,-1,Echolocation,/mnt/ubna_data_02_mir/recover-20221013/UBNA_001/20221012_030000.WAV,Telephone Field,recover-20221013,001,1795
256.7565,256.7972,68437,82659,Rhinolophus ferrumequinum,0.021,0.021,-1,Echolocation,/mnt/ubna_data_02_mir/recover-20221013/UBNA_001/20221012_030000.WAV,Telephone Field,recover-20221013,001,1795
256.7595,256.7665,28906,40852,Eptesicus serotinus,0.009,0.031,-1,Echolocation,/mnt/ubna_data_02_mir/recover-20221013/UBNA_001/20221012_030000.WAV,Telephone Field,recover-20221013,001,1795
256.8165,256.8284,28906,35672,Eptesicus serotinus,0.045,0.068,-1,Echolocation,/mnt/ubna_data_02_mir/recover-20221013/UBNA_001/20221012_030000.WAV,Telephone Field,recover-20221013,001,1795
256.8355,256.8429,28046,39847,Eptesicus serotinus,0.008,0.022,-1,Echolocation,/mnt/ubna_data_02_mir/recover-20221013/UBNA_001/20221012_030000.WAV,Telephone Field,recover-20221013,001,1795
256.8755,256.914,68437,82171,Rhinolophus ferrumequinum,0.021,0.021,-1,Echolocation,/mnt/ubna_data_02_mir/recover-20221013/UBNA_001/20221012_030000.WAV,Telephone Field,recover-20221013,001,1795
256.9095,256.9183,27187,37741,Eptesicus serotinus,0.008,0.021,-1,Echolocation,/mnt/ubna_data_02_mir/recover-20221013/UBNA_001/20221012_030000.WAV,Telephone Field,recover-20221013,001,1795
256.9525,256.9909,68437,82329,Rhinolophus ferrumequinum,0.021,0.021,-1,Echolocation,/mnt/ubna_data_02_mir/recover-20221013/UBNA_001/20221012_030000.WAV,Telephone Field,recover-20221013,001,1795
256.9875,257.0262,68437,82100,Rhinolophus ferrumequinum,0.021,0.021,-1,Echolocation,/mnt/ubna_data_02_mir/recover-20221013/UBNA_001/20221012_030000.WAV,Telephone Field,recover-20221013,001,1795
257.0025,257.013,22031,26718,Nyctalus leisleri,0.008,0.021,-1,Echolocation,/mnt/ubna_data_02_mir/recover-20221013/UBNA_001/20221012_030000.WAV,Telephone Field,recover-20221013,001,1795
257.0535,257.0856,68437,81268,Rhinolophus ferrumequinum,0.021,0.021,-1,Echolocation,/mnt/ubna_data_02_mir/recover-20221013/UBNA_001/20221012_030000.WAV,Telephone Field,recover-20221013,001,1795
257.0775,257.0856,24609,32541,Plecotus austriacus,0.005,0.021,-1,Echolocation,/mnt/ubna_data_02_mir/recover-20221013/UBNA_001/20221012_030000.WAV,Telephone Field,recover-20221013,001,1795
257.0785,257.1148,68437,81027,Rhinolophus ferrumequinum,0.021,0.021,-1,Echolocation,/mnt/ubna_data_02_mir/recover-20221013/UBNA_001/20221012_030000.WAV,Telephone Field,recover-20221013,001,1795
257.0915,257.1291,68437,82155,Rhinolophus ferrumequinum,0.021,0.021,-1,Echolocation,/mnt/ubna_data_02_mir/recover-20221013/UBNA_001/20221012_030000.WAV,Telephone Field,recover-20221013,001,1795
257.1275,257.13530000000003,28046,39513,Eptesicus serotinus,0.008,0.022,-1,Echolocation,/mnt/ubna_data_02_mir/recover-20221013/UBNA_001/20221012_030000.WAV,Telephone Field,recover-20221013,001,1795
257.1625,257.2008,68437,82031,Rhinolophus ferrumequinum,0.022,0.022,-1,Echolocation,/mnt/ubna_data_02_mir/recover-20221013/UBNA_001/20221012_030000.WAV,Telephone Field,recover-20221013,001,1795
257.1995,257.2097,26328,33004,Eptesicus serotinus,0.017,0.041,-1,Echolocation,/mnt/ubna_data_02_mir/recover-20221013/UBNA_001/20221012_030000.WAV,Telephone Field,recover-20221013,001,1795
257.2115,257.2201,28046,38573,Eptesicus serotinus,0.008,0.021,-1,Echolocation,/mnt/ubna_data_02_mir/recover-20221013/UBNA_001/20221012_030000.WAV,Telephone Field,recover-20221013,001,1795
257.2475,257.2879,68437,82493,Rhinolophus ferrumequinum,0.023,0.023,-1,Echolocation,/mnt/ubna_data_02_mir/recover-20221013/UBNA_001/20221012_030000.WAV,Telephone Field,recover-20221013,001,1795
257.2795,257.3213,68437,82812,Rhinolophus ferrumequinum,0.028,0.028,-1,Echolocation,/mnt/ubna_data_02_mir/recover-20221013/UBNA_001/20221012_030000.WAV,Telephone Field,recover-20221013,001,1795
257.3135,257.3517,68437,82012,Rhinolophus ferrumequinum,0.021,0.021,-1,Echolocation,/mnt/ubna_data_02_mir/recover-20221013/UBNA_001/20221012_030000.WAV,Telephone Field,recover-20221013,001,1795
257.3315,257.3405,48671,52709,Pipistrellus pipistrellus,0.034,0.037,-1,Echolocation,/mnt/ubna_data_02_mir/recover-20221013/UBNA_001/20221012_030000.WAV,Telephone Field,recover-20221013,001,1795
257.3345,257.3422,27187,39057,Eptesicus serotinus,0.007,0.024,-1,Echolocation,/mnt/ubna_data_02_mir/recover-20221013/UBNA_001/20221012_030000.WAV,Telephone Field,recover-20221013,001,1795
257.3475,257.3857,68437,81399,Rhinolophus ferrumequinum,0.022,0.022,-1,Echolocation,/mnt/ubna_data_02_mir/recover-20221013/UBNA_001/20221012_030000.WAV,Telephone Field,recover-20221013,001,1795
257.3695,257.4091,68437,82163,Rhinolophus ferrumequinum,0.023,0.023,-1,Echolocation,/mnt/ubna_data_02_mir/recover-20221013/UBNA_001/20221012_030000.WAV,Telephone Field,recover-20221013,001,1795
257.3715,257.3892,20312,23257,Nyctalus leisleri,0.014,0.023,-1,Echolocation,/mnt/ubna_data_02_mir/recover-20221013/UBNA_001/20221012_030000.WAV,Telephone Field,recover-20221013,001,1795
257.3935,257.4353,68437,82706,Rhinolophus ferrumequinum,0.021,0.021,-1,Echolocation,/mnt/ubna_data_02_mir/recover-20221013/UBNA_001/20221012_030000.WAV,Telephone Field,recover-20221013,001,1795
257.4285,257.4699,68437,82367,Rhinolophus ferrumequinum,0.029,0.029,-1,Echolocation,/mnt/ubna_data_02_mir/recover-20221013/UBNA_001/20221012_030000.WAV,Telephone Field,recover-20221013,001,1795
257.4325,257.4441,23750,29608,Nyctalus leisleri,0.016,0.035,-1,Echolocation,/mnt/ubna_data_02_mir/recover-20221013/UBNA_001/20221012_030000.WAV,Telephone Field,recover-20221013,001,1795
257.4495,257.4908,68437,83159,Rhinolophus ferrumequinum,0.023,0.023,-1,Echolocation,/mnt/ubna_data_02_mir/recover-20221013/UBNA_001/20221012_030000.WAV,Telephone Field,recover-20221013,001,1795
257.47950000000003,257.4892,25468,32637,Eptesicus serotinus,0.01,0.024,-1,Echolocation,/mnt/ubna_data_02_mir/recover-20221013/UBNA_001/20221012_030000.WAV,Telephone Field,recover-20221013,001,1795
257.4895,257.5279,68437,81360,Rhinolophus ferrumequinum,0.024,0.024,-1,Echolocation,/mnt/ubna_data_02_mir/recover-20221013/UBNA_001/20221012_030000.WAV,Telephone Field,recover-20221013,001,1795
257.5355,257.575,68437,81412,Rhinolophus ferrumequinum,0.021,0.021,-1,Echolocation,/mnt/ubna_data_02_mir/recover-20221013/UBNA_001/20221012_030000.WAV,Telephone Field,recover-20221013,001,1795
257.5405,257.5807,68437,81677,Rhinolophus ferrumequinum,0.021,0.021,-1,Echolocation,/mnt/ubna_data_02_mir/recover-20221013/UBNA_001/20221012_030000.WAV,Telephone Field,recover-20221013,001,1795
257.5485,257.5856,68437,81318,Rhinolophus ferrumequinum,0.021,0.022,-1,Echolocation,/mnt/ubna_data_02_mir/recover-20221013/UBNA_001/20221012_030000.WAV,Telephone Field,recover-20221013,001,1795
257.5695,257.5788,23750,30343,Nyctalus leisleri,0.007,0.021,-1,Echolocation,/mnt/ubna_data_02_mir/recover-20221013/UBNA_001/20221012_030000.WAV,Telephone Field,recover-20221013,001,1795
257.5865,257.6251,68437,81892,Rhinolophus ferrumequinum,0.024,0.024,-1,Echolocation,/mnt/ubna_data_02_mir/recover-20221013/UBNA_001/20221012_030000.WAV,Telephone Field,recover-20221013,001,1795
257.6035,257.6423,68437,82206,Rhinolophus ferrumequinum,0.021,0.021,-1,Echolocation,/mnt/ubna_data_02_mir/recover-20221013/UBNA_001/20221012_030000.WAV,Telephone Field,recover-20221013,001,1795
257.6485,257.6884,68437,82336,Rhinolophus ferrumequinum,0.022,0.022,-1,Echolocation,/mnt/ubna_data_02_mir/recover-20221013/UBNA_001/20221012_030000.WAV,Telephone Field,recover-20221013,001,1795
257.6775,257.6911,23750,28943,Nyctalus leisleri,0.015,0.029,-1,Echolocation,/mnt/ubna_data_02_mir/recover-20221013/UBNA_001/20221012_030000.WAV,Telephone Field,recover-20221013,001,1795
257.6815,257.7232,68437,82687,Rhinolophus ferrumequinum,0.028,0.028,-1,Echolocation,/mnt/ubna_data_02_mir/recover-20221013/UBNA_001/20221012_030000.WAV,Telephone Field,recover-20221013,001,1795
257.6865,257.7273,68437,82869,Rhinolophus ferrumequinum,0.027,0.027,-1,Echolocation,/mnt/ubna_data_02_mir/recover-20221013/UBNA_001/20221012_030000.WAV,Telephone Field,recover-20221013,001,1795
257.7215,257.7324,22031,27166,Nyctalus leisleri,0.01,0.021,-1,Echolocation,/mnt/ubna_data_02_mir/recover-20221013/UBNA_001/20221012_030000.WAV,Telephone Field,recover-20221013,001,1795
257.7235,257.7316,27187,36754,Eptesicus serotinus,0.007,0.021,-1,Echolocation,/mnt/ubna_data_02_mir/recover-20221013/UBNA_001/20221012_030000.WAV,Telephone Field,recover-20221013,001,1795
257.7585,257.7674,25468,34703,Eptesicus serotinus,0.008,0.022,-1,Echolocation,/mnt/ubna_data_02_mir/recover-20221013/UBNA_001/20221012_030000.WAV,Telephone Field,recover-20221013,001,1795
257.7775,257.8134,68437,81057,Rhinolophus ferrumequinum,0.022,0.023,-1,Echolocation,/mnt/ubna_data_02_mir/recover-20221013/UBNA_001/20221012_030000.WAV,Telephone Field,recover-20221013,001,1795
257.7965,257.8373,68437,82468,Rhinolophus ferrumequinum,0.021,0.021,-1,Echolocation,/mnt/ubna_data_02_mir/recover-20221013/UBNA_001/20221012_030000.WAV,Telephone Field,recover-20221013,001,1795
257.8195,257.8261,24609,34962,Plecotus austriacus,0.016,0.037,-1,Echolocation,/mnt/ubna_data_02_mir/recover-20221013/UBNA_001/20221012_030000.WAV,Telephone Field,recover-20221013,001,1795
257.8375,257.8455,28046,37785,Eptesicus serotinus,0.008,0.022,-1,Echolocation,/mnt/ubna_data_02_mir/recover-20221013/UBNA_001/20221012_030000.WAV,Telephone Field,recover-20221013,001,1795
257.8505,257.8603,24609,31308,Nyctalus leisleri,0.008,0.023,-1,Echolocation,/mnt/ubna_data_02_mir/recover-20221013/UBNA_001/20221012_030000.WAV,Telephone Field,recover-20221013,001,1795
257.8615,257.8715,44375,50670,Pipistrellus pipistrellus,0.015,0.022,-1,Echolocation,/mnt/ubna_data_02_mir/recover-20221013/UBNA_001/20221012_030000.WAV,Telephone Field,recover-20221013,001,1795
257.9085,257.9177,15156,21774,Plecotus auritus,0.008,0.023,-1,Echolocation,/mnt/ubna_data_02_mir/recover-20221013/UBNA_001/20221012_030000.WAV,Telephone Field,recover-20221013,001,1795
257.9445,257.9562,22890,27177,Nyctalus leisleri,0.016,0.031,-1,Echolocation,/mnt/ubna_data_02_mir/recover-20221013/UBNA_001/20221012_030000.WAV,Telephone Field,recover-20221013,001,1795
257.9615,257.9984,68437,82039,Rhinolophus ferrumequinum,0.021,0.022,-1,Echolocation,/mnt/ubna_data_02_mir/recover-20221013/UBNA_001/20221012_030000.WAV,Telephone Field,recover-20221013,001,1795
257.9885,257.9984,28046,39003,Eptesicus serotinus,0.01,0.021,-1,Echolocation,/mnt/ubna_data_02_mir/recover-20221013/UBNA_001/20221012_030000.WAV,Telephone Field,recover-20221013,001,1795
258.0015,258.0324,68437,79454,Rhinolophus ferrumequinum,0.055,0.056,-1,Echolocation,/mnt/ubna_data_02_mir/recover-20221013/UBNA_001/20221012_030000.WAV,Telephone Field,recover-20221013,001,1795
258.0015,258.0106,27187,34960,Nyctalus leisleri,0.01,0.032,-1,Echolocation,/mnt/ubna_data_02_mir/recover-20221013/UBNA_001/20221012_030000.WAV,Telephone Field,recover-20221013,001,1795
258.0165,258.0577,68437,82482,Rhinolophus ferrumequinum,0.025,0.025,-1,Echolocation,/mnt/ubna_data_02_mir/recover-20221013/UBNA_001/20221012_030000.WAV,Telephone Field,recover-20221013,001,1795
258.0395,258.0781,68437,82399,Rhinolophus ferrumequinum,0.031,0.031,-1,Echolocation,/mnt/ubna_data_02_mir/recover-20221013/UBNA_001/20221012_030000.WAV,Telephone Field,recover-20221013,001,1795
258.0775,258.1171,68437,82498,Rhinolophus ferrumequinum,0.023,0.023,-1,Echolocation,/mnt/ubna_data_02_mir/recover-20221013/UBNA_001/20221012_030000.WAV,Telephone Field,recover-20221013,001,1795
258.1355,258.1444,24609,31542,Nyctalus leisleri,0.006,0.022,-1,Echolocation,/mnt/ubna_data_02_mir/recover-20221013/UBNA_001/20221012_030000.WAV,Telephone Field,recover-20221013,001,1795
258.1955,258.231,68437,81022,Rhinolophus ferrumequinum,0.022,0.022,-1,Echolocation,/mnt/ubna_data_02_mir/recover-20221013/UBNA_001/20221012_030000.WAV,Telephone Field,recover-20221013,001,1795
258.2085,258.2434,68437,81785,Rhinolophus ferrumequinum,0.023,0.023,-1,Echolocation,/mnt/ubna_data_02_mir/recover-20221013/UBNA_001/20221012_030000.WAV,Telephone Field,recover-20221013,001,1795
258.22950000000003,258.2367,46093,50004,Pipistrellus pipistrellus,0.028,0.029,-1,Echolocation,/mnt/ubna_data_02_mir/recover-20221013/UBNA_001/20221012_030000.WAV,Telephone Field,recover-20221013,001,1795
258.2355,258.2428,24609,33856,Plecotus austriacus,0.011,0.026,-1,Echolocation,/mnt/ubna_data_02_mir/recover-20221013/UBNA_001/20221012_030000.WAV,Telephone Field,recover-20221013,001,1795
258.2685,258.2761,28046,39576,Eptesicus serotinus,0.007,0.022,-1,Echolocation,/mnt/ubna_data_02_mir/recover-20221013/UBNA_001/20221012_030000.WAV,Telephone Field,recover-20221013,001,1795
258.2975,258.335,68437,81306,Rhinolophus ferrumequinum,0.035,0.035,-1,Echolocation,/mnt/ubna_data_02_mir/recover-20221013/UBNA_001/20221012_030000.WAV,Telephone Field,recover-20221013,001,1795
258.2985,258.3064,30625,38344,Barbastellus barbastellus,0.013,0.034,-1,Echolocation,/mnt/ubna_data_02_mir/recover-20221013/UBNA_001/20221012_030000.WAV,Telephone Field,recover-20221013,001,1795
258.3205,258.3576,68437,81567,Rhinolophus ferrumequinum,0.023,0.023,-1,Echolocation,/mnt/ubna_data_02_mir/recover-20221013/UBNA_001/20221012_030000.WAV,Telephone Field,recover-20221013,001,1795
258.3605,258.3677,23750,33125,Plecotus austriacus,0.015,0.031,-1,Echolocation,/mnt/ubna_data_02_mir/recover-20221013/UBNA_001/20221012_030000.WAV,Telephone Field,recover-20221013,001,1795
258.4065,258.4173,27187,33568,Eptesicus serotinus,0.012,0.025,-1,Echolocation,/mnt/ubna_data_02_mir/recover-20221013/UBNA_001/20221012_030000.WAV,Telephone Field,recover-20221013,001,1795
258.4135,258.4541,68437,82789,Rhinolophus ferrumequinum,0.022,0.022,-1,Echolocation,/mnt/ubna_data_02_mir/recover-20221013/UBNA_001/20221012_030000.WAV,Telephone Field,recover-20221013,001,1795
258.4435,258.4853,68437,82687,Rhinolophus ferrumequinum,0.028,0.028,-1,Echolocation,/mnt/ubna_data_02_mir/recover-20221013/UBNA_001/20221012_030000.WAV,Telephone Field,recover-20221013,001,1795
258.4845,258.5241,68437,82629,Rhinolophus ferrumequinum,0.023,0.023,-1,Echolocation,/mnt/ubna_data_02_mir/recover-20221013/UBNA_001/20221012_030000.WAV,Telephone Field,recover-20221013,001,1795
258.4985,258.5058,28046,38079,Eptesicus serotinus,0.009,0.025,-1,Echolocation,/mnt/ubna_data_02_mir/recover-20221013/UBNA_001/20221012_030000.WAV,Telephone Field,recover-20221013,001,1795
258.5545,258.5642,25468,33703,Eptesicus serotinus,0.008,0.027,-1,Echolocation,/mnt/ubna_data_02_mir/recover-20221013/UBNA_001/20221012_030000.WAV,Telephone Field,recover-20221013,001,1795
258.6035,258.6465,68437,83006,Rhinolophus ferrumequinum,0.031,0.031,-1,Echolocation,/mnt/ubna_data_02_mir/recover-20221013/UBNA_001/20221012_030000.WAV,Telephone Field,recover-20221013,001,1795
258.6155,258.6238,30625,38739,Myotis daubentonii,0.008,0.027,-1,Echolocation,/mnt/ubna_data_02_mir/recover-20221013/UBNA_001/20221012_030000.WAV,Telephone Field,recover-20221013,001,1795
258.6435,258.65,28046,39821,Eptesicus serotinus,0.006,0.028,-1,Echolocation,/mnt/ubna_data_02_mir/recover-20221013/UBNA_001/20221012_030000.WAV,Telephone Field,recover-20221013,001,1795
258.6475,258.6863,68437,82480,Rhinolophus ferrumequinum,0.026,0.026,-1,Echolocation,/mnt/ubna_data_02_mir/recover-20221013/UBNA_001/20221012_030000.WAV,Telephone Field,recover-20221013,001,1795
258.6595,258.6985,68437,82584,Rhinolophus ferrumequinum,0.022,0.022,-1,Echolocation,/mnt/ubna_data_02_mir/recover-20221013/UBNA_001/20221012_030000.WAV,Telephone Field,recover-20221013,001,1795
258.6835,258.6906,27187,41717,Eptesicus serotinus,0.007,0.024,-1,Echolocation,/mnt/ubna_data_02_mir/recover-20221013/UBNA_001/20221012_030000.WAV,Telephone Field,recover-20221013,001,1795
258.6995,258.7099,22031,27612,Nyctalus leisleri,0.011,0.027,-1,Echolocation,/mnt/ubna_data_02_mir/recover-20221013/UBNA_001/20221012_030000.WAV,Telephone Field,recover-20221013,001,1795
258.7095,258.7469,68437,81700,Rhinolophus ferrumequinum,0.023,0.023,-1,Echolocation,/mnt/ubna_data_02_mir/recover-20221013/UBNA_001/20221012_030000.WAV,Telephone Field,recover-20221013,001,1795
258.7555,258.7954,68437,82291,Rhinolophus ferrumequinum,0.022,0.022,-1,Echolocation,/mnt/ubna_data_02_mir/recover-20221013/UBNA_001/20221012_030000.WAV,Telephone Field,recover-20221013,001,1795
258.7615,258.7694,28046,37616,Eptesicus serotinus,0.007,0.023,-1,Echolocation,/mnt/ubna_data_02_mir/recover-20221013/UBNA_001/20221012_030000.WAV,Telephone Field,recover-20221013,001,1795
258.7755,258.784,28046,37702,Eptesicus serotinus,0.007,0.023,-1,Echolocation,/mnt/ubna_data_02_mir/recover-20221013/UBNA_001/20221012_030000.WAV,Telephone Field,recover-20221013,001,1795
258.7975,258.8352,68437,82113,Rhinolophus ferrumequinum,0.022,0.022,-1,Echolocation,/mnt/ubna_data_02_mir/recover-20221013/UBNA_001/20221012_030000.WAV,Telephone Field,recover-20221013,001,1795
258.7985,258.8091,21171,26718,Plecotus austriacus,0.011,0.033,-1,Echolocation,/mnt/ubna_data_02_mir/recover-20221013/UBNA_001/20221012_030000.WAV,Telephone Field,recover-20221013,001,1795
258.8185,258.8246,25468,39149,Myotis nattereri,0.006,0.025,-1,Echolocation,/mnt/ubna_data_02_mir/recover-20221013/UBNA_001/20221012_030000.WAV,Telephone Field,recover-20221013,001,1795
258.8345,258.8432,28046,36930,Eptesicus serotinus,0.008,0.023,-1,Echolocation,/mnt/ubna_data_02_mir/recover-20221013/UBNA_001/20221012_030000.WAV,Telephone Field,recover-20221013,001,1795
258.8365,258.8757,68437,82159,Rhinolophus ferrumequinum,0.021,0.022,-1,Echolocation,/mnt/ubna_data_02_mir/recover-20221013/UBNA_001/20221012_030000.WAV,Telephone Field,recover-20221013,001,1795
258.8775,258.8846,27187,36607,Eptesicus serotinus,0.006,0.022,-1,Echolocation,/mnt/ubna_data_02_mir/recover-20221013/UBNA_001/20221012_030000.WAV,Telephone Field,recover-20221013,001,1795
258.8905,258.9042,21171,25670,Nyctalus leisleri,0.014,0.028,-1,Echolocation,/mnt/ubna_data_02_mir/recover-20221013/UBNA_001/20221012_030000.WAV,Telephone Field,recover-20221013,001,1795
258.9065,258.9141,27187,40168,Eptesicus serotinus,0.007,0.023,-1,Echolocation,/mnt/ubna_data_02_mir/recover-20221013/UBNA_001/20221012_030000.WAV,Telephone Field,recover-20221013,001,1795
258.9075,258.9491,68437,83270,Rhinolophus ferrumequinum,0.024,0.024,-1,Echolocation,/mnt/ubna_data_02_mir/recover-20221013/UBNA_001/20221012_030000.WAV,Telephone Field,recover-20221013,001,1795
258.9695,258.9796,22031,27593,Nyctalus leisleri,0.009,0.022,-1,Echolocation,/mnt/ubna_data_02_mir/recover-20221013/UBNA_001/20221012_030000.WAV,Telephone Field,recover-20221013,001,1795
259.0765,259.1126,68437,81997,Rhinolophus ferrumequinum,0.023,0.023,-1,Echolocation,/mnt/ubna_data_02_mir/recover-20221013/UBNA_001/20221012_030000.WAV,Telephone Field,recover-20221013,001,1795
259.0795,259.0872,27187,36777,Eptesicus serotinus,0.015,0.038,-1,Echolocation,/mnt/ubna_data_02_mir/recover-20221013/UBNA_001/20221012_030000.WAV,Telephone Field,recover-20221013,001,1795
259.1235,259.1579,68437,81256,Rhinolophus ferrumequinum,0.027,0.027,-1,Echolocation,/mnt/ubna_data_02_mir/recover-20221013/UBNA_001/20221012_030000.WAV,Telephone Field,recover-20221013,001,1795
259.1505,259.1599,28046,36247,Eptesicus serotinus,0.008,0.022,-1,Echolocation,/mnt/ubna_data_02_mir/recover-20221013/UBNA_001/20221012_030000.WAV,Telephone Field,recover-20221013,001,1795
259.1705,259.2092,68437,82013,Rhinolophus ferrumequinum,0.022,0.022,-1,Echolocation,/mnt/ubna_data_02_mir/recover-20221013/UBNA_001/20221012_030000.WAV,Telephone Field,recover-20221013,001,1795
259.2245,259.2329,33203,44720,Myotis daubentonii,0.009,0.025,-1,Echolocation,/mnt/ubna_data_02_mir/recover-20221013/UBNA_001/20221012_030000.WAV,Telephone Field,recover-20221013,001,1795
259.2545,259.2653,28906,36212,Eptesicus serotinus,0.01,0.025,-1,Echolocation,/mnt/ubna_data_02_mir/recover-20221013/UBNA_001/20221012_030000.WAV,Telephone Field,recover-20221013,001,1795
259.27049999999997,259.3103,68437,82400,Rhinolophus ferrumequinum,0.026,0.026,-1,Echolocation,/mnt/ubna_data_02_mir/recover-20221013/UBNA_001/20221012_030000.WAV,Telephone Field,recover-20221013,001,1795
259.2935,259.3321,68437,82384,Rhinolophus ferrumequinum,0.033,0.033,-1,Echolocation,/mnt/ubna_data_02_mir/recover-20221013/UBNA_001/20221012_030000.WAV,Telephone Field,recover-20221013,001,1795
259.2975,259.3041,46953,51242,Pipistrellus pipistrellus,0.021,0.022,-1,Echolocation,/mnt/ubna_data_02_mir/recover-20221013/UBNA_001/20221012_030000.WAV,Telephone Field,recover-20221013,001,1795
259.3455,259.3846,68437,82425,Rhinolophus ferrumequinum,0.022,0.022,-1,Echolocation,/mnt/ubna_data_02_mir/recover-20221013/UBNA_001/20221012_030000.WAV,Telephone Field,recover-20221013,001,1795
259.3725,259.3826,23750,29967,Nyctalus leisleri,0.009,0.022,-1,Echolocation,/mnt/ubna_data_02_mir/recover-20221013/UBNA_001/20221012_030000.WAV,Telephone Field,recover-20221013,001,1795
259.3835,259.4231,68437,82043,Rhinolophus ferrumequinum,0.023,0.023,-1,Echolocation,/mnt/ubna_data_02_mir/recover-20221013/UBNA_001/20221012_030000.WAV,Telephone Field,recover-20221013,001,1795
259.3925,259.4315,68437,82301,Rhinolophus ferrumequinum,0.024,0.024,-1,Echolocation,/mnt/ubna_data_02_mir/recover-20221013/UBNA_001/20221012_030000.WAV,Telephone Field,recover-20221013,001,1795
259.4565,259.47,21171,24629,Nyctalus leisleri,0.015,0.025,-1,Echolocation,/mnt/ubna_data_02_mir/recover-20221013/UBNA_001/20221012_030000.WAV,Telephone Field,recover-20221013,001,1795
259.4775,259.5152,68437,82007,Rhinolophus ferrumequinum,0.022,0.022,-1,Echolocation,/mnt/ubna_data_02_mir/recover-20221013/UBNA_001/20221012_030000.WAV,Telephone Field,recover-20221013,001,1795
259.5005,259.5396,68437,82516,Rhinolophus ferrumequinum,0.026,0.026,-1,Echolocation,/mnt/ubna_data_02_mir/recover-20221013/UBNA_001/20221012_030000.WAV,Telephone Field,recover-20221013,001,1795
259.5035,259.5105,28046,38438,Eptesicus serotinus,0.006,0.022,-1,Echolocation,/mnt/ubna_data_02_mir/recover-20221013/UBNA_001/20221012_030000.WAV,Telephone Field,recover-20221013,001,1795
259.5215,259.5283,28046,39590,Eptesicus serotinus,0.005,0.022,-1,Echolocation,/mnt/ubna_data_02_mir/recover-20221013/UBNA_001/20221012_030000.WAV,Telephone Field,recover-20221013,001,1795
259.5545,259.5962,68437,82609,Rhinolophus ferrumequinum,0.04,0.04,-1,Echolocation,/mnt/ubna_data_02_mir/recover-20221013/UBNA_001/20221012_030000.WAV,Telephone Field,recover-20221013,001,1795
259.5595,259.5653,28046,40141,Myotis daubentonii,0.006,0.028,-1,Echolocation,/mnt/ubna_data_02_mir/recover-20221013/UBNA_001/20221012_030000.WAV,Telephone Field,recover-20221013,001,1795
259.5695,259.5783,50390,55239,Pipistrellus pipistrellus,0.023,0.028,-1,Echolocation,/mnt/ubna_data_02_mir/recover-20221013/UBNA_001/20221012_030000.WAV,Telephone Field,recover-20221013,001,1795
259.5925,259.5979,41796,54890,Myotis daubentonii,0.01,0.035,-1,Echolocation,/mnt/ubna_data_02_mir/recover-20221013/UBNA_001/20221012_030000.WAV,Telephone Field,recover-20221013,001,1795
259.6115,259.6523,68437,82781,Rhinolophus ferrumequinum,0.03,0.03,-1,Echolocation,/mnt/ubna_data_02_mir/recover-20221013/UBNA_001/20221012_030000.WAV,Telephone Field,recover-20221013,001,1795
259.6235,259.6634,68437,82155,Rhinolophus ferrumequinum,0.022,0.022,-1,Echolocation,/mnt/ubna_data_02_mir/recover-20221013/UBNA_001/20221012_030000.WAV,Telephone Field,recover-20221013,001,1795
259.6315,259.6687,68437,82598,Rhinolophus ferrumequinum,0.022,0.022,-1,Echolocation,/mnt/ubna_data_02_mir/recover-20221013/UBNA_001/20221012_030000.WAV,Telephone Field,recover-20221013,001,1795
259.6365,259.6746,68437,82079,Rhinolophus ferrumequinum,0.022,0.022,-1,Echolocation,/mnt/ubna_data_02_mir/recover-20221013/UBNA_001/20221012_030000.WAV,Telephone Field,recover-20221013,001,1795
259.64549999999997,259.6527,23750,32405,Plecotus austriacus,0.01,0.022,-1,Echolocation,/mnt/ubna_data_02_mir/recover-20221013/UBNA_001/20221012_030000.WAV,Telephone Field,recover-20221013,001,1795
259.6465,259.6602,15156,21055,Nyctalus noctula,0.018,0.027,-1,Echolocation,/mnt/ubna_data_02_mir/recover-20221013/UBNA_001/20221012_030000.WAV,Telephone Field,recover-20221013,001,1795
259.6965,259.7041,25468,34745,Eptesicus serotinus,0.007,0.023,-1,Echolocation,/mnt/ubna_data_02_mir/recover-20221013/UBNA_001/20221012_030000.WAV,Telephone Field,recover-20221013,001,1795
259.6975,259.7362,68437,81783,Rhinolophus ferrumequinum,0.024,0.024,-1,Echolocation,/mnt/ubna_data_02_mir/recover-20221013/UBNA_001/20221012_030000.WAV,Telephone Field,recover-20221013,001,1795
259.7065,259.7453,68437,82404,Rhinolophus ferrumequinum,0.022,0.022,-1,Echolocation,/mnt/ubna_data_02_mir/recover-20221013/UBNA_001/20221012_030000.WAV,Telephone Field,recover-20221013,001,1795
259.72950000000003,259.7391,23750,29696,Nyctalus leisleri,0.009,0.022,-1,Echolocation,/mnt/ubna_data_02_mir/recover-20221013/UBNA_001/20221012_030000.WAV,Telephone Field,recover-20221013,001,1795
259.7335,259.7715,68437,83101,Rhinolophus ferrumequinum,0.026,0.026,-1,Echolocation,/mnt/ubna_data_02_mir/recover-20221013/UBNA_001/20221012_030000.WAV,Telephone Field,recover-20221013,001,1795
259.7445,259.7871,68437,83116,Rhinolophus ferrumequinum,0.035,0.035,-1,Echolocation,/mnt/ubna_data_02_mir/recover-20221013/UBNA_001/20221012_030000.WAV,Telephone Field,recover-20221013,001,1795
259.7475,259.7562,28046,37620,Eptesicus serotinus,0.009,0.024,-1,Echolocation,/mnt/ubna_data_02_mir/recover-20221013/UBNA_001/20221012_030000.WAV,Telephone Field,recover-20221013,001,1795
259.7555,259.7625,28906,38707,Eptesicus serotinus,0.006,0.027,-1,Echolocation,/mnt/ubna_data_02_mir/recover-20221013/UBNA_001/20221012_030000.WAV,Telephone Field,recover-20221013,001,1795
259.7555,259.7958,68437,82367,Rhinolophus ferrumequinum,0.022,0.022,-1,Echolocation,/mnt/ubna_data_02_mir/recover-20221013/UBNA_001/20221012_030000.WAV,Telephone Field,recover-20221013,001,1795
259.7685,259.8081,68437,82660,Rhinolophus ferrumequinum,0.022,0.022,-1,Echolocation,/mnt/ubna_data_02_mir/recover-20221013/UBNA_001/20221012_030000.WAV,Telephone Field,recover-20221013,001,1795
259.7875,259.7949,28046,38903,Eptesicus serotinus,0.007,0.024,-1,Echolocation,/mnt/ubna_data_02_mir/recover-20221013/UBNA_001/20221012_030000.WAV,Telephone Field,recover-20221013,001,1795
259.7875,259.7938,50390,54548,Pipistrellus pipistrellus,0.023,0.024,-1,Echolocation,/mnt/ubna_data_02_mir/recover-20221013/UBNA_001/20221012_030000.WAV,Telephone Field,recover-20221013,001,1795
259.8425,259.8529,23750,29432,Nyctalus leisleri,0.01,0.025,-1,Echolocation,/mnt/ubna_data_02_mir/recover-20221013/UBNA_001/20221012_030000.WAV,Telephone Field,recover-20221013,001,1795
259.8675,259.9066,68437,82608,Rhinolophus ferrumequinum,0.023,0.023,-1,Echolocation,/mnt/ubna_data_02_mir/recover-20221013/UBNA_001/20221012_030000.WAV,Telephone Field,recover-20221013,001,1795
259.8965,259.9365,68437,82600,Rhinolophus ferrumequinum,0.029,0.029,-1,Echolocation,/mnt/ubna_data_02_mir/recover-20221013/UBNA_001/20221012_030000.WAV,Telephone Field,recover-20221013,001,1795
259.9135,259.91949999999997,28046,38100,Eptesicus serotinus,0.006,0.028,-1,Echolocation,/mnt/ubna_data_02_mir/recover-20221013/UBNA_001/20221012_030000.WAV,Telephone Field,recover-20221013,001,1795
259.9245,259.9642,68437,82557,Rhinolophus ferrumequinum,0.026,0.026,-1,Echolocation,/mnt/ubna_data_02_mir/recover-20221013/UBNA_001/20221012_030000.WAV,Telephone Field,recover-20221013,001,1795
259.97950000000003,259.9871,27187,35734,Eptesicus serotinus,0.013,0.041,-1,Echolocation,/mnt/ubna_data_02_mir/recover-20221013/UBNA_001/20221012_030000.WAV,Telephone Field,recover-20221013,001,1795
260.0015,260.0102,27187,36989,Nyctalus leisleri,0.008,0.028,-1,Echolocation,/mnt/ubna_data_02_mir/recover-20221013/UBNA_001/20221012_030000.WAV,Telephone Field,recover-20221013,001,1795
260.0015,260.0378,68437,80317,Rhinolophus ferrumequinum,0.045,0.045,-1,Echolocation,/mnt/ubna_data_02_mir/recover-20221013/UBNA_001/20221012_030000.WAV,Telephone Field,recover-20221013,001,1795
260.0015,260.011,46953,51424,Pipistrellus pipistrellus,0.022,0.025,-1,Echolocation,/mnt/ubna_data_02_mir/recover-20221013/UBNA_001/20221012_030000.WAV,Telephone Field,recover-20221013,001,1795
260.0075,260.0159,27187,37469,Eptesicus serotinus,0.007,0.022,-1,Echolocation,/mnt/ubna_data_02_mir/recover-20221013/UBNA_001/20221012_030000.WAV,Telephone Field,recover-20221013,001,1795
260.0085,260.0548,68437,82528,Rhinolophus ferrumequinum,0.03,0.03,-1,Echolocation,/mnt/ubna_data_02_mir/recover-20221013/UBNA_001/20221012_030000.WAV,Telephone Field,recover-20221013,001,1795
260.0155,260.0264,22890,27205,Nyctalus leisleri,0.012,0.022,-1,Echolocation,/mnt/ubna_data_02_mir/recover-20221013/UBNA_001/20221012_030000.WAV,Telephone Field,recover-20221013,001,1795
260.0265,260.063,68437,81169,Rhinolophus ferrumequinum,0.021,0.021,-1,Echolocation,/mnt/ubna_data_02_mir/recover-20221013/UBNA_001/20221012_030000.WAV,Telephone Field,recover-20221013,001,1795
260.0395,260.0771,68437,82236,Rhinolophus ferrumequinum,0.023,0.023,-1,Echolocation,/mnt/ubna_data_02_mir/recover-20221013/UBNA_001/20221012_030000.WAV,Telephone Field,recover-20221013,001,1795
260.0975,260.1085,22890,27466,Nyctalus leisleri,0.018,0.036,-1,Echolocation,/mnt/ubna_data_02_mir/recover-20221013/UBNA_001/20221012_030000.WAV,Telephone Field,recover-20221013,001,1795
260.1115,260.118,28906,39439,Eptesicus serotinus,0.005,0.022,-1,Echolocation,/mnt/ubna_data_02_mir/recover-20221013/UBNA_001/20221012_030000.WAV,Telephone Field,recover-20221013,001,1795
260.1195,260.1567,68437,81956,Rhinolophus ferrumequinum,0.024,0.024,-1,Echolocation,/mnt/ubna_data_02_mir/recover-20221013/UBNA_001/20221012_030000.WAV,Telephone Field,recover-20221013,001,1795
260.1385,260.1751,68437,82301,Rhinolophus ferrumequinum,0.023,0.023,-1,Echolocation,/mnt/ubna_data_02_mir/recover-20221013/UBNA_001/20221012_030000.WAV,Telephone Field,recover-20221013,001,1795
260.1735,260.1833,28906,36748,Eptesicus serotinus,0.009,0.021,-1,Echolocation,/mnt/ubna_data_02_mir/recover-20221013/UBNA_001/20221012_030000.WAV,Telephone Field,recover-20221013,001,1795
260.1925,260.2369,68437,83381,Rhinolophus ferrumequinum,0.031,0.031,-1,Echolocation,/mnt/ubna_data_02_mir/recover-20221013/UBNA_001/20221012_030000.WAV,Telephone Field,recover-20221013,001,1795
260.2005,260.2091,23750,31689,Plecotus austriacus,0.008,0.023,-1,Echolocation,/mnt/ubna_data_02_mir/recover-20221013/UBNA_001/20221012_030000.WAV,Telephone Field,recover-20221013,001,1795
260.2335,260.2739,68437,82267,Rhinolophus ferrumequinum,0.036,0.036,-1,Echolocation,/mnt/ubna_data_02_mir/recover-20221013/UBNA_001/20221012_030000.WAV,Telephone Field,recover-20221013,001,1795
260.2575,260.2673,22890,29150,Nyctalus leisleri,0.009,0.025,-1,Echolocation,/mnt/ubna_data_02_mir/recover-20221013/UBNA_001/20221012_030000.WAV,Telephone Field,recover-20221013,001,1795
260.2695,260.2776,28906,40875,Eptesicus serotinus,0.007,0.021,-1,Echolocation,/mnt/ubna_data_02_mir/recover-20221013/UBNA_001/20221012_030000.WAV,Telephone Field,recover-20221013,001,1795
260.2805,260.3202,68437,82080,Rhinolophus ferrumequinum,0.022,0.022,-1,Echolocation,/mnt/ubna_data_02_mir/recover-20221013/UBNA_001/20221012_030000.WAV,Telephone Field,recover-20221013,001,1795
260.2965,260.3034,23750,34288,Plecotus austriacus,0.012,0.027,-1,Echolocation,/mnt/ubna_data_02_mir/recover-20221013/UBNA_001/20221012_030000.WAV,Telephone Field,recover-20221013,001,1795
260.3175,260.3551,68437,82213,Rhinolophus ferrumequinum,0.024,0.024,-1,Echolocation,/mnt/ubna_data_02_mir/recover-20221013/UBNA_001/20221012_030000.WAV,Telephone Field,recover-20221013,001,1795
260.3295,260.3689,68437,82065,Rhinolophus ferrumequinum,0.021,0.021,-1,Echolocation,/mnt/ubna_data_02_mir/recover-20221013/UBNA_001/20221012_030000.WAV,Telephone Field,recover-20221013,001,1795
260.3615,260.4024,68437,82957,Rhinolophus ferrumequinum,0.028,0.028,-1,Echolocation,/mnt/ubna_data_02_mir/recover-20221013/UBNA_001/20221012_030000.WAV,Telephone Field,recover-20221013,001,1795
260.3785,260.4163,68437,81795,Rhinolophus ferrumequinum,0.021,0.021,-1,Echolocation,/mnt/ubna_data_02_mir/recover-20221013/UBNA_001/20221012_030000.WAV,Telephone Field,recover-20221013,001,1795
260.3925,260.4021,23750,30108,Nyctalus leisleri,0.009,0.023,-1,Echolocation,/mnt/ubna_data_02_mir/recover-20221013/UBNA_001/20221012_030000.WAV,Telephone Field,recover-20221013,001,1795
260.4005,260.4367,68437,81683,Rhinolophus ferrumequinum,0.024,0.024,-1,Echolocation,/mnt/ubna_data_02_mir/recover-20221013/UBNA_001/20221012_030000.WAV,Telephone Field,recover-20221013,001,1795
260.4065,260.414,28906,38567,Eptesicus serotinus,0.006,0.021,-1,Echolocation,/mnt/ubna_data_02_mir/recover-20221013/UBNA_001/20221012_030000.WAV,Telephone Field,recover-20221013,001,1795
260.4175,260.4569,68437,81906,Rhinolophus ferrumequinum,0.022,0.022,-1,Echolocation,/mnt/ubna_data_02_mir/recover-20221013/UBNA_001/20221012_030000.WAV,Telephone Field,recover-20221013,001,1795
260.4385,260.4766,68437,81927,Rhinolophus ferrumequinum,0.025,0.025,-1,Echolocation,/mnt/ubna_data_02_mir/recover-20221013/UBNA_001/20221012_030000.WAV,Telephone Field,recover-20221013,001,1795
260.4445,260.4834,68437,82259,Rhinolophus ferrumequinum,0.025,0.025,-1,Echolocation,/mnt/ubna_data_02_mir/recover-20221013/UBNA_001/20221012_030000.WAV,Telephone Field,recover-20221013,001,1795
260.4755,260.515,68437,82474,Rhinolophus ferrumequinum,0.021,0.021,-1,Echolocation,/mnt/ubna_data_02_mir/recover-20221013/UBNA_001/20221012_030000.WAV,Telephone Field,recover-20221013,001,1795
260.4935,260.5009,25468,35432,Plecotus austriacus,0.007,0.024,-1,Echolocation,/mnt/ubna_data_02_mir/recover-20221013/UBNA_001/20221012_030000.WAV,Telephone Field,recover-20221013,001,1795
260.4945,260.5327,68437,81877,Rhinolophus ferrumequinum,0.024,0.024,-1,Echolocation,/mnt/ubna_data_02_mir/recover-20221013/UBNA_001/20221012_030000.WAV,Telephone Field,recover-20221013,001,1795
260.4985,260.5114,44375,48612,Pipistrellus pipistrellus,0.02,0.023,-1,Echolocation,/mnt/ubna_data_02_mir/recover-20221013/UBNA_001/20221012_030000.WAV,Telephone Field,recover-20221013,001,1795
260.5115,260.5496,68437,81305,Rhinolophus ferrumequinum,0.021,0.021,-1,Echolocation,/mnt/ubna_data_02_mir/recover-20221013/UBNA_001/20221012_030000.WAV,Telephone Field,recover-20221013,001,1795
260.5245,260.5634,68437,82424,Rhinolophus ferrumequinum,0.025,0.025,-1,Echolocation,/mnt/ubna_data_02_mir/recover-20221013/UBNA_001/20221012_030000.WAV,Telephone Field,recover-20221013,001,1795
260.5505,260.5896,68437,82221,Rhinolophus ferrumequinum,0.023,0.023,-1,Echolocation,/mnt/ubna_data_02_mir/recover-20221013/UBNA_001/20221012_030000.WAV,Telephone Field,recover-20221013,001,1795
260.5925,260.6317,68437,81843,Rhinolophus ferrumequinum,0.021,0.021,-1,Echolocation,/mnt/ubna_data_02_mir/recover-20221013/UBNA_001/20221012_030000.WAV,Telephone Field,recover-20221013,001,1795
260.6305,260.6709,68437,82156,Rhinolophus ferrumequinum,0.023,0.023,-1,Echolocation,/mnt/ubna_data_02_mir/recover-20221013/UBNA_001/20221012_030000.WAV,Telephone Field,recover-20221013,001,1795
260.6645,260.7097,68437,83471,Rhinolophus ferrumequinum,0.034,0.034,-1,Echolocation,/mnt/ubna_data_02_mir/recover-20221013/UBNA_001/20221012_030000.WAV,Telephone Field,recover-20221013,001,1795
260.7005,260.7073,26328,40758,Eptesicus serotinus,0.004,0.021,-1,Echolocation,/mnt/ubna_data_02_mir/recover-20221013/UBNA_001/20221012_030000.WAV,Telephone Field,recover-20221013,001,1795
260.7005,260.7061,33203,47132,Myotis daubentonii,0.008,0.022,-1,Echolocation,/mnt/ubna_data_02_mir/recover-20221013/UBNA_001/20221012_030000.WAV,Telephone Field,recover-20221013,001,1795
260.7205,260.7566,68437,81072,Rhinolophus ferrumequinum,0.023,0.023,-1,Echolocation,/mnt/ubna_data_02_mir/recover-20221013/UBNA_001/20221012_030000.WAV,Telephone Field,recover-20221013,001,1795
260.7435,260.78430000000003,68437,82094,Rhinolophus ferrumequinum,0.021,0.021,-1,Echolocation,/mnt/ubna_data_02_mir/recover-20221013/UBNA_001/20221012_030000.WAV,Telephone Field,recover-20221013,001,1795
260.7955,260.8365,68437,83002,Rhinolophus ferrumequinum,0.031,0.031,-1,Echolocation,/mnt/ubna_data_02_mir/recover-20221013/UBNA_001/20221012_030000.WAV,Telephone Field,recover-20221013,001,1795
260.8335,260.8413,26328,35305,Eptesicus serotinus,0.009,0.027,-1,Echolocation,/mnt/ubna_data_02_mir/recover-20221013/UBNA_001/20221012_030000.WAV,Telephone Field,recover-20221013,001,1795
260.8425,260.88,68437,82032,Rhinolophus ferrumequinum,0.021,0.021,-1,Echolocation,/mnt/ubna_data_02_mir/recover-20221013/UBNA_001/20221012_030000.WAV,Telephone Field,recover-20221013,001,1795
260.8725,260.9109,68437,81653,Rhinolophus ferrumequinum,0.022,0.022,-1,Echolocation,/mnt/ubna_data_02_mir/recover-20221013/UBNA_001/20221012_030000.WAV,Telephone Field,recover-20221013,001,1795
260.9185,260.9379,17734,21113,Nyctalus noctula,0.014,0.023,-1,Echolocation,/mnt/ubna_data_02_mir/recover-20221013/UBNA_001/20221012_030000.WAV,Telephone Field,recover-20221013,001,1795
260.91949999999997,260.9573,68437,81685,Rhinolophus ferrumequinum,0.022,0.022,-1,Echolocation,/mnt/ubna_data_02_mir/recover-20221013/UBNA_001/20221012_030000.WAV,Telephone Field,recover-20221013,001,1795
260.9395,260.9479,28906,37975,Eptesicus serotinus,0.009,0.027,-1,Echolocation,/mnt/ubna_data_02_mir/recover-20221013/UBNA_001/20221012_030000.WAV,Telephone Field,recover-20221013,001,1795
260.9405,260.9788,68437,81417,Rhinolophus ferrumequinum,0.027,0.027,-1,Echolocation,/mnt/ubna_data_02_mir/recover-20221013/UBNA_001/20221012_030000.WAV,Telephone Field,recover-20221013,001,1795
260.9825,261.0236,68437,83118,Rhinolophus ferrumequinum,0.023,0.023,-1,Echolocation,/mnt/ubna_data_02_mir/recover-20221013/UBNA_001/20221012_030000.WAV,Telephone Field,recover-20221013,001,1795
260.9905,261.0315,68437,82720,Rhinolophus ferrumequinum,0.026,0.026,-1,Echolocation,/mnt/ubna_data_02_mir/recover-20221013/UBNA_001/20221012_030000.WAV,Telephone Field,recover-20221013,001,1795
261.0295,261.0694,68437,81982,Rhinolophus ferrumequinum,0.022,0.022,-1,Echolocation,/mnt/ubna_data_02_mir/recover-20221013/UBNA_001/20221012_030000.WAV,Telephone Field,recover-20221013,001,1795
261.0355,261.0727,68437,82035,Rhinolophus ferrumequinum,0.021,0.022,-1,Echolocation,/mnt/ubna_data_02_mir/recover-20221013/UBNA_001/20221012_030000.WAV,Telephone Field,recover-20221013,001,1795
261.1125,261.1479,68437,81556,Rhinolophus ferrumequinum,0.023,0.023,-1,Echolocation,/mnt/ubna_data_02_mir/recover-20221013/UBNA_001/20221012_030000.WAV,Telephone Field,recover-20221013,001,1795
261.1135,261.124,24609,30836,Nyctalus leisleri,0.01,0.025,-1,Echolocation,/mnt/ubna_data_02_mir/recover-20221013/UBNA_001/20221012_030000.WAV,Telephone Field,recover-20221013,001,1795
261.1425,261.1592,22890,26185,Nyctalus leisleri,0.017,0.027,-1,Echolocation,/mnt/ubna_data_02_mir/recover-20221013/UBNA_001/20221012_030000.WAV,Telephone Field,recover-20221013,001,1795
261.1645,261.2034,68437,82054,Rhinolophus ferrumequinum,0.022,0.022,-1,Echolocation,/mnt/ubna_data_02_mir/recover-20221013/UBNA_001/20221012_030000.WAV,Telephone Field,recover-20221013,001,1795
261.1875,261.2247,68437,81545,Rhinolophus ferrumequinum,0.021,0.021,-1,Echolocation,/mnt/ubna_data_02_mir/recover-20221013/UBNA_001/20221012_030000.WAV,Telephone Field,recover-20221013,001,1795
261.2045,261.21320000000003,28906,37963,Eptesicus serotinus,0.007,0.021,-1,Echolocation,/mnt/ubna_data_02_mir/recover-20221013/UBNA_001/20221012_030000.WAV,Telephone Field,recover-20221013,001,1795
261.2145,261.2536,68437,82451,Rhinolophus ferrumequinum,0.021,0.021,-1,Echolocation,/mnt/ubna_data_02_mir/recover-20221013/UBNA_001/20221012_030000.WAV,Telephone Field,recover-20221013,001,1795
261.2505,261.2919,68437,82810,Rhinolophus ferrumequinum,0.026,0.026,-1,Echolocation,/mnt/ubna_data_02_mir/recover-20221013/UBNA_001/20221012_030000.WAV,Telephone Field,recover-20221013,001,1795
261.2885,261.3243,68437,81008,Rhinolophus ferrumequinum,0.021,0.021,-1,Echolocation,/mnt/ubna_data_02_mir/recover-20221013/UBNA_001/20221012_030000.WAV,Telephone Field,recover-20221013,001,1795
261.2955,261.3336,68437,81228,Rhinolophus ferrumequinum,0.022,0.022,-1,Echolocation,/mnt/ubna_data_02_mir/recover-20221013/UBNA_001/20221012_030000.WAV,Telephone Field,recover-20221013,001,1795
261.2985,261.3088,28906,38191,Eptesicus serotinus,0.014,0.03,-1,Echolocation,/mnt/ubna_data_02_mir/recover-20221013/UBNA_001/20221012_030000.WAV,Telephone Field,recover-20221013,001,1795
261.3145,261.326,22890,27789,Nyctalus leisleri,0.01,0.021,-1,Echolocation,/mnt/ubna_data_02_mir/recover-20221013/UBNA_001/20221012_030000.WAV,Telephone Field,recover-20221013,001,1795
261.3155,261.3526,68437,81911,Rhinolophus ferrumequinum,0.022,0.022,-1,Echolocation,/mnt/ubna_data_02_mir/recover-20221013/UBNA_001/20221012_030000.WAV,Telephone Field,recover-20221013,001,1795
261.3325,261.3708,68437,81697,Rhinolophus ferrumequinum,0.021,0.021,-1,Echolocation,/mnt/ubna_data_02_mir/recover-20221013/UBNA_001/20221012_030000.WAV,Telephone Field,recover-20221013,001,1795
261.3525,261.39,68437,82488,Rhinolophus ferrumequinum,0.021,0.021,-1,Echolocation,/mnt/ubna_data_02_mir/recover-20221013/UBNA_001/20221012_030000.WAV,Telephone Field,recover-20221013,001,1795
261.3535,261.3612,28046,39423,Eptesicus serotinus,0.015,0.037,-1,Echolocation,/mnt/ubna_data_02_mir/recover-20221013/UBNA_001/20221012_030000.WAV,Telephone Field,recover-20221013,001,1795
261.4095,261.4445,68437,81126,Rhinolophus ferrumequinum,0.022,0.022,-1,Echolocation,/mnt/ubna_data_02_mir/recover-20221013/UBNA_001/20221012_030000.WAV,Telephone Field,recover-20221013,001,1795
261.41949999999997,261.4559,68437,81196,Rhinolophus ferrumequinum,0.021,0.021,-1,Echolocation,/mnt/ubna_data_02_mir/recover-20221013/UBNA_001/20221012_030000.WAV,Telephone Field,recover-20221013,001,1795
261.4825,261.5184,68437,81965,Rhinolophus ferrumequinum,0.031,0.031,-1,Echolocation,/mnt/ubna_data_02_mir/recover-20221013/UBNA_001/20221012_030000.WAV,Telephone Field,recover-20221013,001,1795
261.4955,261.5352,68437,82623,Rhinolophus ferrumequinum,0.025,0.025,-1,Echolocation,/mnt/ubna_data_02_mir/recover-20221013/UBNA_001/20221012_030000.WAV,Telephone Field,recover-20221013,001,1795
261.5035,261.5133,26328,34405,Eptesicus serotinus,0.009,0.025,-1,Echolocation,/mnt/ubna_data_02_mir/recover-20221013/UBNA_001/20221012_030000.WAV,Telephone Field,recover-20221013,001,1795
261.5425,261.5819,68437,82243,Rhinolophus ferrumequinum,0.022,0.022,-1,Echolocation,/mnt/ubna_data_02_mir/recover-20221013/UBNA_001/20221012_030000.WAV,Telephone Field,recover-20221013,001,1795
261.5485,261.5883,68437,82335,Rhinolophus ferrumequinum,0.024,0.024,-1,Echolocation,/mnt/ubna_data_02_mir/recover-20221013/UBNA_001/20221012_030000.WAV,Telephone Field,recover-20221013,001,1795
261.5675,261.5781,22890,28635,Nyctalus leisleri,0.011,0.024,-1,Echolocation,/mnt/ubna_data_02_mir/recover-20221013/UBNA_001/20221012_030000.WAV,Telephone Field,recover-20221013,001,1795
261.5735,261.6117,68437,82168,Rhinolophus ferrumequinum,0.022,0.022,-1,Echolocation,/mnt/ubna_data_02_mir/recover-20221013/UBNA_001/20221012_030000.WAV,Telephone Field,recover-20221013,001,1795
261.6135,261.6488,68437,81581,Rhinolophus ferrumequinum,0.024,0.024,-1,Echolocation,/mnt/ubna_data_02_mir/recover-20221013/UBNA_001/20221012_030000.WAV,Telephone Field,recover-20221013,001,1795
261.6295,261.6363,24609,33427,Plecotus austriacus,0.009,0.022,-1,Echolocation,/mnt/ubna_data_02_mir/recover-20221013/UBNA_001/20221012_030000.WAV,Telephone Field,recover-20221013,001,1795
261.6485,261.6874,68437,82186,Rhinolophus ferrumequinum,0.022,0.022,-1,Echolocation,/mnt/ubna_data_02_mir/recover-20221013/UBNA_001/20221012_030000.WAV,Telephone Field,recover-20221013,001,1795
261.6915,261.7035,22031,26102,Nyctalus leisleri,0.014,0.025,-1,Echolocation,/mnt/ubna_data_02_mir/recover-20221013/UBNA_001/20221012_030000.WAV,Telephone Field,recover-20221013,001,1795
261.6955,261.705,43515,48961,Pipistrellus pipistrellus,0.018,0.021,-1,Echolocation,/mnt/ubna_data_02_mir/recover-20221013/UBNA_001/20221012_030000.WAV,Telephone Field,recover-20221013,001,1795
261.6975,261.7359,68437,82277,Rhinolophus ferrumequinum,0.022,0.022,-1,Echolocation,/mnt/ubna_data_02_mir/recover-20221013/UBNA_001/20221012_030000.WAV,Telephone Field,recover-20221013,001,1795
261.7445,261.7557,22890,26966,Nyctalus leisleri,0.012,0.024,-1,Echolocation,/mnt/ubna_data_02_mir/recover-20221013/UBNA_001/20221012_030000.WAV,Telephone Field,recover-20221013,001,1795
261.7505,261.7596,28906,36847,Eptesicus serotinus,0.007,0.022,-1,Echolocation,/mnt/ubna_data_02_mir/recover-20221013/UBNA_001/20221012_030000.WAV,Telephone Field,recover-20221013,001,1795
261.7665,261.8053,68437,82550,Rhinolophus ferrumequinum,0.03,0.03,-1,Echolocation,/mnt/ubna_data_02_mir/recover-20221013/UBNA_001/20221012_030000.WAV,Telephone Field,recover-20221013,001,1795
261.7985,261.8108,14296,19729,Nyctalus noctula,0.024,0.04,-1,Echolocation,/mnt/ubna_data_02_mir/recover-20221013/UBNA_001/20221012_030000.WAV,Telephone Field,recover-20221013,001,1795
261.8005,261.8092,47812,54078,Pipistrellus pipistrellus,0.025,0.028,-1,Echolocation,/mnt/ubna_data_02_mir/recover-20221013/UBNA_001/20221012_030000.WAV,Telephone Field,recover-20221013,001,1795
261.8085,261.849,68437,82952,Rhinolophus ferrumequinum,0.026,0.026,-1,Echolocation,/mnt/ubna_data_02_mir/recover-20221013/UBNA_001/20221012_030000.WAV,Telephone Field,recover-20221013,001,1795
261.8255,261.83820000000003,23750,28232,Nyctalus leisleri,0.013,0.026,-1,Echolocation,/mnt/ubna_data_02_mir/recover-20221013/UBNA_001/20221012_030000.WAV,Telephone Field,recover-20221013,001,1795
261.8785,261.9169,68437,82237,Rhinolophus ferrumequinum,0.042,0.042,-1,Echolocation,/mnt/ubna_data_02_mir/recover-20221013/UBNA_001/20221012_030000.WAV,Telephone Field,recover-20221013,001,1795
261.9205,261.92719999999997,27187,40666,Eptesicus serotinus,0.005,0.022,-1,Echolocation,/mnt/ubna_data_02_mir/recover-20221013/UBNA_001/20221012_030000.WAV,Telephone Field,recover-20221013,001,1795
261.9305,261.9404,22890,28297,Nyctalus leisleri,0.01,0.023,-1,Echolocation,/mnt/ubna_data_02_mir/recover-20221013/UBNA_001/20221012_030000.WAV,Telephone Field,recover-20221013,001,1795
261.97950000000003,261.9884,25468,33086,Eptesicus serotinus,0.007,0.022,-1,Echolocation,/mnt/ubna_data_02_mir/recover-20221013/UBNA_001/20221012_030000.WAV,Telephone Field,recover-20221013,001,1795
261.9845,261.9944,24609,31091,Nyctalus leisleri,0.008,0.022,-1,Echolocation,/mnt/ubna_data_02_mir/recover-20221013/UBNA_001/20221012_030000.WAV,Telephone Field,recover-20221013,001,1795
262.0015,262.0382,68437,80552,Rhinolophus ferrumequinum,0.066,0.067,-1,Echolocation,/mnt/ubna_data_02_mir/recover-20221013/UBNA_001/20221012_030000.WAV,Telephone Field,recover-20221013,001,1795
262.0015,262.0147,58125,66733,Pipistrellus pygmaeus,0.023,0.024,-1,Echolocation,/mnt/ubna_data_02_mir/recover-20221013/UBNA_001/20221012_030000.WAV,Telephone Field,recover-20221013,001,1795
262.0015,262.0164,19453,24058,Nyctalus leisleri,0.014,0.035,-1,Echolocation,/mnt/ubna_data_02_mir/recover-20221013/UBNA_001/20221012_030000.WAV,Telephone Field,recover-20221013,001,1795
262.0015,262.0118,26328,35812,Nyctalus leisleri,0.012,0.04,-1,Echolocation,/mnt/ubna_data_02_mir/recover-20221013/UBNA_001/20221012_030000.WAV,Telephone Field,recover-20221013,001,1795
262.04449999999997,262.0816,68437,81746,Rhinolophus ferrumequinum,0.022,0.022,-1,Echolocation,/mnt/ubna_data_02_mir/recover-20221013/UBNA_001/20221012_030000.WAV,Telephone Field,recover-20221013,001,1795
262.0665,262.1076,68437,83167,Rhinolophus ferrumequinum,0.023,0.023,-1,Echolocation,/mnt/ubna_data_02_mir/recover-20221013/UBNA_001/20221012_030000.WAV,Telephone Field,recover-20221013,001,1795
262.0675,262.07529999999997,28046,38751,Eptesicus serotinus,0.006,0.022,-1,Echolocation,/mnt/ubna_data_02_mir/recover-20221013/UBNA_001/20221012_030000.WAV,Telephone Field,recover-20221013,001,1795
262.1165,262.1555,68437,82177,Rhinolophus ferrumequinum,0.023,0.023,-1,Echolocation,/mnt/ubna_data_02_mir/recover-20221013/UBNA_001/20221012_030000.WAV,Telephone Field,recover-20221013,001,1795
262.1225,262.1306,28046,39666,Eptesicus serotinus,0.007,0.023,-1,Echolocation,/mnt/ubna_data_02_mir/recover-20221013/UBNA_001/20221012_030000.WAV,Telephone Field,recover-20221013,001,1795
262.1615,262.1986,68437,82124,Rhinolophus ferrumequinum,0.023,0.023,-1,Echolocation,/mnt/ubna_data_02_mir/recover-20221013/UBNA_001/20221012_030000.WAV,Telephone Field,recover-20221013,001,1795
262.1725,262.1831,28046,35945,Eptesicus serotinus,0.011,0.026,-1,Echolocation,/mnt/ubna_data_02_mir/recover-20221013/UBNA_001/20221012_030000.WAV,Telephone Field,recover-20221013,001,1795
262.2095,262.249,68437,82742,Rhinolophus ferrumequinum,0.035,0.035,-1,Echolocation,/mnt/ubna_data_02_mir/recover-20221013/UBNA_001/20221012_030000.WAV,Telephone Field,recover-20221013,001,1795
262.2515,262.2935,68437,82191,Rhinolophus ferrumequinum,0.027,0.027,-1,Echolocation,/mnt/ubna_data_02_mir/recover-20221013/UBNA_001/20221012_030000.WAV,Telephone Field,recover-20221013,001,1795
262.2955,262.3357,68437,82225,Rhinolophus ferrumequinum,0.022,0.022,-1,Echolocation,/mnt/ubna_data_02_mir/recover-20221013/UBNA_001/20221012_030000.WAV,Telephone Field,recover-20221013,001,1795
262.3015,262.3396,68437,81741,Rhinolophus ferrumequinum,0.022,0.023,-1,Echolocation,/mnt/ubna_data_02_mir/recover-20221013/UBNA_001/20221012_030000.WAV,Telephone Field,recover-20221013,001,1795
262.3195,262.3573,68437,81850,Rhinolophus ferrumequinum,0.026,0.026,-1,Echolocation,/mnt/ubna_data_02_mir/recover-20221013/UBNA_001/20221012_030000.WAV,Telephone Field,recover-20221013,001,1795
262.3465,262.389,68437,83185,Rhinolophus ferrumequinum,0.028,0.028,-1,Echolocation,/mnt/ubna_data_02_mir/recover-20221013/UBNA_001/20221012_030000.WAV,Telephone Field,recover-20221013,001,1795
262.35450000000003,262.39549999999997,68437,82686,Rhinolophus ferrumequinum,0.026,0.026,-1,Echolocation,/mnt/ubna_data_02_mir/recover-20221013/UBNA_001/20221012_030000.WAV,Telephone Field,recover-20221013,001,1795
262.3565,262.36469999999997,28046,36758,Eptesicus serotinus,0.013,0.032,-1,Echolocation,/mnt/ubna_data_02_mir/recover-20221013/UBNA_001/20221012_030000.WAV,Telephone Field,recover-20221013,001,1795
262.3705,262.3782,48671,55149,Pipistrellus pipistrellus,0.02,0.023,-1,Echolocation,/mnt/ubna_data_02_mir/recover-20221013/UBNA_001/20221012_030000.WAV,Telephone Field,recover-20221013,001,1795
262.3835,262.3933,23750,31695,Nyctalus leisleri,0.009,0.029,-1,Echolocation,/mnt/ubna_data_02_mir/recover-20221013/UBNA_001/20221012_030000.WAV,Telephone Field,recover-20221013,001,1795
262.3925,262.4292,68437,81731,Rhinolophus ferrumequinum,0.025,0.025,-1,Echolocation,/mnt/ubna_data_02_mir/recover-20221013/UBNA_001/20221012_030000.WAV,Telephone Field,recover-20221013,001,1795
262.4235,262.4626,68437,82076,Rhinolophus ferrumequinum,0.026,0.026,-1,Echolocation,/mnt/ubna_data_02_mir/recover-20221013/UBNA_001/20221012_030000.WAV,Telephone Field,recover-20221013,001,1795
262.4325,262.4707,68437,81481,Rhinolophus ferrumequinum,0.023,0.023,-1,Echolocation,/mnt/ubna_data_02_mir/recover-20221013/UBNA_001/20221012_030000.WAV,Telephone Field,recover-20221013,001,1795
262.4425,262.4502,28046,39445,Eptesicus serotinus,0.007,0.025,-1,Echolocation,/mnt/ubna_data_02_mir/recover-20221013/UBNA_001/20221012_030000.WAV,Telephone Field,recover-20221013,001,1795
262.4845,262.4963,22031,26355,Nyctalus leisleri,0.014,0.026,-1,Echolocation,/mnt/ubna_data_02_mir/recover-20221013/UBNA_001/20221012_030000.WAV,Telephone Field,recover-20221013,001,1795
262.5245,262.5594,68437,81650,Rhinolophus ferrumequinum,0.026,0.026,-1,Echolocation,/mnt/ubna_data_02_mir/recover-20221013/UBNA_001/20221012_030000.WAV,Telephone Field,recover-20221013,001,1795
262.5595,262.5963,68437,82234,Rhinolophus ferrumequinum,0.031,0.031,-1,Echolocation,/mnt/ubna_data_02_mir/recover-20221013/UBNA_001/20221012_030000.WAV,Telephone Field,recover-20221013,001,1795
262.5595,262.5672,28906,40087,Eptesicus serotinus,0.007,0.023,-1,Echolocation,/mnt/ubna_data_02_mir/recover-20221013/UBNA_001/20221012_030000.WAV,Telephone Field,recover-20221013,001,1795
262.5685,262.5773,28906,37358,Eptesicus serotinus,0.008,0.024,-1,Echolocation,/mnt/ubna_data_02_mir/recover-20221013/UBNA_001/20221012_030000.WAV,Telephone Field,recover-20221013,001,1795
262.5875,262.6273,68437,81904,Rhinolophus ferrumequinum,0.023,0.023,-1,Echolocation,/mnt/ubna_data_02_mir/recover-20221013/UBNA_001/20221012_030000.WAV,Telephone Field,recover-20221013,001,1795
262.6935,262.7321,68437,82212,Rhinolophus ferrumequinum,0.023,0.023,-1,Echolocation,/mnt/ubna_data_02_mir/recover-20221013/UBNA_001/20221012_030000.WAV,Telephone Field,recover-20221013,001,1795
262.7095,262.7493,68437,82273,Rhinolophus ferrumequinum,0.025,0.025,-1,Echolocation,/mnt/ubna_data_02_mir/recover-20221013/UBNA_001/20221012_030000.WAV,Telephone Field,recover-20221013,001,1795
262.7115,262.7186,27187,36390,Eptesicus serotinus,0.009,0.028,-1,Echolocation,/mnt/ubna_data_02_mir/recover-20221013/UBNA_001/20221012_030000.WAV,Telephone Field,recover-20221013,001,1795
262.7285,262.7663,68437,82193,Rhinolophus ferrumequinum,0.022,0.022,-1,Echolocation,/mnt/ubna_data_02_mir/recover-20221013/UBNA_001/20221012_030000.WAV,Telephone Field,recover-20221013,001,1795
262.7615,262.8002,68437,82607,Rhinolophus ferrumequinum,0.024,0.024,-1,Echolocation,/mnt/ubna_data_02_mir/recover-20221013/UBNA_001/20221012_030000.WAV,Telephone Field,recover-20221013,001,1795
262.7775,262.8174,68437,82490,Rhinolophus ferrumequinum,0.024,0.024,-1,Echolocation,/mnt/ubna_data_02_mir/recover-20221013/UBNA_001/20221012_030000.WAV,Telephone Field,recover-20221013,001,1795
262.7935,262.8012,26328,38048,Eptesicus serotinus,0.007,0.024,-1,Echolocation,/mnt/ubna_data_02_mir/recover-20221013/UBNA_001/20221012_030000.WAV,Telephone Field,recover-20221013,001,1795
262.79449999999997,262.8331,68437,82040,Rhinolophus ferrumequinum,0.022,0.022,-1,Echolocation,/mnt/ubna_data_02_mir/recover-20221013/UBNA_001/20221012_030000.WAV,Telephone Field,recover-20221013,001,1795
262.8005,262.8385,68437,82196,Rhinolophus ferrumequinum,0.022,0.022,-1,Echolocation,/mnt/ubna_data_02_mir/recover-20221013/UBNA_001/20221012_030000.WAV,Telephone Field,recover-20221013,001,1795
262.8235,262.8628,68437,82352,Rhinolophus ferrumequinum,0.024,0.024,-1,Echolocation,/mnt/ubna_data_02_mir/recover-20221013/UBNA_001/20221012_030000.WAV,Telephone Field,recover-20221013,001,1795
262.8235,262.8319,28046,37973,Eptesicus serotinus,0.009,0.027,-1,Echolocation,/mnt/ubna_data_02_mir/recover-20221013/UBNA_001/20221012_030000.WAV,Telephone Field,recover-20221013,001,1795
262.8445,262.8839,68437,82648,Rhinolophus ferrumequinum,0.022,0.022,-1,Echolocation,/mnt/ubna_data_02_mir/recover-20221013/UBNA_001/20221012_030000.WAV,Telephone Field,recover-20221013,001,1795
262.85450000000003,262.8654,30625,38674,Eptesicus serotinus,0.011,0.026,-1,Echolocation,/mnt/ubna_data_02_mir/recover-20221013/UBNA_001/20221012_030000.WAV,Telephone Field,recover-20221013,001,1795
262.8765,262.9163,68437,82148,Rhinolophus ferrumequinum,0.026,0.026,-1,Echolocation,/mnt/ubna_data_02_mir/recover-20221013/UBNA_001/20221012_030000.WAV,Telephone Field,recover-20221013,001,1795
262.8775,262.8861,43515,49766,Pipistrellus pipistrellus,0.043,0.05,-1,Echolocation,/mnt/ubna_data_02_mir/recover-20221013/UBNA_001/20221012_030000.WAV,Telephone Field,recover-20221013,001,1795
262.8985,262.9076,22890,29370,Plecotus austriacus,0.009,0.024,-1,Echolocation,/mnt/ubna_data_02_mir/recover-20221013/UBNA_001/20221012_030000.WAV,Telephone Field,recover-20221013,001,1795
262.9265,262.9695,68437,83469,Rhinolophus ferrumequinum,0.035,0.035,-1,Echolocation,/mnt/ubna_data_02_mir/recover-20221013/UBNA_001/20221012_030000.WAV,Telephone Field,recover-20221013,001,1795
262.9315,262.94010000000003,28046,38613,Eptesicus serotinus,0.009,0.026,-1,Echolocation,/mnt/ubna_data_02_mir/recover-20221013/UBNA_001/20221012_030000.WAV,Telephone Field,recover-20221013,001,1795
262.9465,262.9549,28046,39048,Eptesicus serotinus,0.007,0.022,-1,Echolocation,/mnt/ubna_data_02_mir/recover-20221013/UBNA_001/20221012_030000.WAV,Telephone Field,recover-20221013,001,1795
262.9775,263.0168,68437,82695,Rhinolophus ferrumequinum,0.028,0.028,-1,Echolocation,/mnt/ubna_data_02_mir/recover-20221013/UBNA_001/20221012_030000.WAV,Telephone Field,recover-20221013,001,1795
262.9885,262.9987,26328,33981,Eptesicus serotinus,0.01,0.022,-1,Echolocation,/mnt/ubna_data_02_mir/recover-20221013/UBNA_001/20221012_030000.WAV,Telephone Field,recover-20221013,001,1795
263.0115,263.0476,68437,81596,Rhinolophus ferrumequinum,0.022,0.022,-1,Echolocation,/mnt/ubna_data_02_mir/recover-20221013/UBNA_001/20221012_030000.WAV,Telephone Field,recover-20221013,001,1795
263.0385,263.0462,26328,35202,Eptesicus serotinus,0.015,0.04,-1,Echolocation,/mnt/ubna_data_02_mir/recover-20221013/UBNA_001/20221012_030000.WAV,Telephone Field,recover-20221013,001,1795
263.0405,263.0517,51250,56076,Pipistrellus pipistrellus,0.016,0.026,-1,Echolocation,/mnt/ubna_data_02_mir/recover-20221013/UBNA_001/20221012_030000.WAV,Telephone Field,recover-20221013,001,1795
263.0535,263.062,25468,33378,Eptesicus serotinus,0.008,0.022,-1,Echolocation,/mnt/ubna_data_02_mir/recover-20221013/UBNA_001/20221012_030000.WAV,Telephone Field,recover-20221013,001,1795
263.0785,263.1153,68437,81453,Rhinolophus ferrumequinum,0.023,0.023,-1,Echolocation,/mnt/ubna_data_02_mir/recover-20221013/UBNA_001/20221012_030000.WAV,Telephone Field,recover-20221013,001,1795
263.0795,263.0878,28046,38571,Eptesicus serotinus,0.007,0.022,-1,Echolocation,/mnt/ubna_data_02_mir/recover-20221013/UBNA_001/20221012_030000.WAV,Telephone Field,recover-20221013,001,1795
263.1065,263.116,28046,38165,Eptesicus serotinus,0.008,0.022,-1,Echolocation,/mnt/ubna_data_02_mir/recover-20221013/UBNA_001/20221012_030000.WAV,Telephone Field,recover-20221013,001,1795
263.1105,263.1495,68437,82769,Rhinolophus ferrumequinum,0.026,0.026,-1,Echolocation,/mnt/ubna_data_02_mir/recover-20221013/UBNA_001/20221012_030000.WAV,Telephone Field,recover-20221013,001,1795
263.1465,263.1547,26328,36898,Eptesicus serotinus,0.007,0.023,-1,Echolocation,/mnt/ubna_data_02_mir/recover-20221013/UBNA_001/20221012_030000.WAV,Telephone Field,recover-20221013,001,1795
263.1845,263.2238,68437,82659,Rhinolophus ferrumequinum,0.023,0.024,-1,Echolocation,/mnt/ubna_data_02_mir/recover-20221013/UBNA_001/20221012_030000.WAV,Telephone Field,recover-20221013,001,1795
263.2105,263.2496,68437,82144,Rhinolophus ferrumequinum,0.027,0.027,-1,Echolocation,/mnt/ubna_data_02_mir/recover-20221013/UBNA_001/20221012_030000.WAV,Telephone Field,recover-20221013,001,1795
263.2435,263.2508,28046,39332,Eptesicus serotinus,0.009,0.03,-1,Echolocation,/mnt/ubna_data_02_mir/recover-20221013/UBNA_001/20221012_030000.WAV,Telephone Field,recover-20221013,001,1795
263.2445,263.2833,68437,82511,Rhinolophus ferrumequinum,0.022,0.022,-1,Echolocation,/mnt/ubna_data_02_mir/recover-20221013/UBNA_001/20221012_030000.WAV,Telephone Field,recover-20221013,001,1795
263.2755,263.3122,68437,82127,Rhinolophus ferrumequinum,0.023,0.023,-1,Echolocation,/mnt/ubna_data_02_mir/recover-20221013/UBNA_001/20221012_030000.WAV,Telephone Field,recover-20221013,001,1795
263.3255,263.3341,28046,39997,Eptesicus serotinus,0.009,0.025,-1,Echolocation,/mnt/ubna_data_02_mir/recover-20221013/UBNA_001/20221012_030000.WAV,Telephone Field,recover-20221013,001,1795
263.3255,263.3332,50390,55032,Pipistrellus pipistrellus,0.022,0.024,-1,Echolocation,/mnt/ubna_data_02_mir/recover-20221013/UBNA_001/20221012_030000.WAV,Telephone Field,recover-20221013,001,1795
263.3475,263.3858,68437,81899,Rhinolophus ferrumequinum,0.024,0.024,-1,Echolocation,/mnt/ubna_data_02_mir/recover-20221013/UBNA_001/20221012_030000.WAV,Telephone Field,recover-20221013,001,1795
263.3645,263.376,23750,29494,Nyctalus leisleri,0.01,0.022,-1,Echolocation,/mnt/ubna_data_02_mir/recover-20221013/UBNA_001/20221012_030000.WAV,Telephone Field,recover-20221013,001,1795
263.3715,263.3797,28046,38418,Eptesicus serotinus,0.007,0.022,-1,Echolocation,/mnt/ubna_data_02_mir/recover-20221013/UBNA_001/20221012_030000.WAV,Telephone Field,recover-20221013,001,1795
263.3905,263.4283,68437,82574,Rhinolophus ferrumequinum,0.026,0.026,-1,Echolocation,/mnt/ubna_data_02_mir/recover-20221013/UBNA_001/20221012_030000.WAV,Telephone Field,recover-20221013,001,1795
263.4055,263.4508,68437,83631,Rhinolophus ferrumequinum,0.028,0.028,-1,Echolocation,/mnt/ubna_data_02_mir/recover-20221013/UBNA_001/20221012_030000.WAV,Telephone Field,recover-20221013,001,1795
263.4105,263.4172,28046,42555,Eptesicus serotinus,0.008,0.03,-1,Echolocation,/mnt/ubna_data_02_mir/recover-20221013/UBNA_001/20221012_030000.WAV,Telephone Field,recover-20221013,001,1795
263.45550000000003,263.4645,24609,32687,Nyctalus leisleri,0.012,0.037,-1,Echolocation,/mnt/ubna_data_02_mir/recover-20221013/UBNA_001/20221012_030000.WAV,Telephone Field,recover-20221013,001,1795
263.47950000000003,263.4901,27187,35303,Eptesicus serotinus,0.009,0.022,-1,Echolocation,/mnt/ubna_data_02_mir/recover-20221013/UBNA_001/20221012_030000.WAV,Telephone Field,recover-20221013,001,1795
263.4875,263.4985,24609,30557,Nyctalus leisleri,0.009,0.022,-1,Echolocation,/mnt/ubna_data_02_mir/recover-20221013/UBNA_001/20221012_030000.WAV,Telephone Field,recover-20221013,001,1795
263.4995,263.5397,68437,82278,Rhinolophus ferrumequinum,0.027,0.027,-1,Echolocation,/mnt/ubna_data_02_mir/recover-20221013/UBNA_001/20221012_030000.WAV,Telephone Field,recover-20221013,001,1795
263.5375,263.5775,68437,82260,Rhinolophus ferrumequinum,0.031,0.031,-1,Echolocation,/mnt/ubna_data_02_mir/recover-20221013/UBNA_001/20221012_030000.WAV,Telephone Field,recover-20221013,001,1795
263.5555,263.5624,23750,37786,Plecotus austriacus,0.01,0.029,-1,Echolocation,/mnt/ubna_data_02_mir/recover-20221013/UBNA_001/20221012_030000.WAV,Telephone Field,recover-20221013,001,1795
263.5685,263.5809,26328,32041,Eptesicus serotinus,0.01,0.024,-1,Echolocation,/mnt/ubna_data_02_mir/recover-20221013/UBNA_001/20221012_030000.WAV,Telephone Field,recover-20221013,001,1795
263.5785,263.59,22031,26641,Nyctalus leisleri,0.012,0.024,-1,Echolocation,/mnt/ubna_data_02_mir/recover-20221013/UBNA_001/20221012_030000.WAV,Telephone Field,recover-20221013,001,1795
263.5935,263.63530000000003,68437,82682,Rhinolophus ferrumequinum,0.026,0.026,-1,Echolocation,/mnt/ubna_data_02_mir/recover-20221013/UBNA_001/20221012_030000.WAV,Telephone Field,recover-20221013,001,1795
263.5955,263.60450000000003,24609,32754,Nyctalus leisleri,0.008,0.027,-1,Echolocation,/mnt/ubna_data_02_mir/recover-20221013/UBNA_001/20221012_030000.WAV,Telephone Field,recover-20221013,001,1795
263.6235,263.663,68437,82381,Rhinolophus ferrumequinum,0.022,0.022,-1,Echolocation,/mnt/ubna_data_02_mir/recover-20221013/UBNA_001/20221012_030000.WAV,Telephone Field,recover-20221013,001,1795
263.6705,263.7097,68437,82139,Rhinolophus ferrumequinum,0.022,0.022,-1,Echolocation,/mnt/ubna_data_02_mir/recover-20221013/UBNA_001/20221012_030000.WAV,Telephone Field,recover-20221013,001,1795
263.6785,263.6867,49531,56305,Pipistrellus pipistrellus,0.027,0.032,-1,Echolocation,/mnt/ubna_data_02_mir/recover-20221013/UBNA_001/20221012_030000.WAV,Telephone Field,recover-20221013,001,1795
263.6785,263.6872,28046,40240,Eptesicus serotinus,0.01,0.026,-1,Echolocation,/mnt/ubna_data_02_mir/recover-20221013/UBNA_001/20221012_030000.WAV,Telephone Field,recover-20221013,001,1795
263.6955,263.7334,68437,82271,Rhinolophus ferrumequinum,0.022,0.022,-1,Echolocation,/mnt/ubna_data_02_mir/recover-20221013/UBNA_001/20221012_030000.WAV,Telephone Field,recover-20221013,001,1795
263.7275,263.7381,23750,30208,Nyctalus leisleri,0.011,0.026,-1,Echolocation,/mnt/ubna_data_02_mir/recover-20221013/UBNA_001/20221012_030000.WAV,Telephone Field,recover-20221013,001,1795
263.7515,263.7612,25468,32980,Eptesicus serotinus,0.01,0.027,-1,Echolocation,/mnt/ubna_data_02_mir/recover-20221013/UBNA_001/20221012_030000.WAV,Telephone Field,recover-20221013,001,1795
263.7685,263.8088,68437,81515,Rhinolophus ferrumequinum,0.023,0.023,-1,Echolocation,/mnt/ubna_data_02_mir/recover-20221013/UBNA_001/20221012_030000.WAV,Telephone Field,recover-20221013,001,1795
263.7925,263.8312,68437,82372,Rhinolophus ferrumequinum,0.025,0.025,-1,Echolocation,/mnt/ubna_data_02_mir/recover-20221013/UBNA_001/20221012_030000.WAV,Telephone Field,recover-20221013,001,1795
263.7975,263.8076,21171,25856,Nyctalus leisleri,0.009,0.023,-1,Echolocation,/mnt/ubna_data_02_mir/recover-20221013/UBNA_001/20221012_030000.WAV,Telephone Field,recover-20221013,001,1795
263.8065,263.8152,28906,37065,Eptesicus serotinus,0.008,0.022,-1,Echolocation,/mnt/ubna_data_02_mir/recover-20221013/UBNA_001/20221012_030000.WAV,Telephone Field,recover-20221013,001,1795
263.8275,263.8375,28046,37018,Eptesicus serotinus,0.012,0.027,-1,Echolocation,/mnt/ubna_data_02_mir/recover-20221013/UBNA_001/20221012_030000.WAV,Telephone Field,recover-20221013,001,1795
263.8595,263.9034,68437,82919,Rhinolophus ferrumequinum,0.029,0.029,-1,Echolocation,/mnt/ubna_data_02_mir/recover-20221013/UBNA_001/20221012_030000.WAV,Telephone Field,recover-20221013,001,1795
263.8605,263.8736,22031,26441,Nyctalus leisleri,0.014,0.027,-1,Echolocation,/mnt/ubna_data_02_mir/recover-20221013/UBNA_001/20221012_030000.WAV,Telephone Field,recover-20221013,001,1795
263.8985,263.9386,68437,82556,Rhinolophus ferrumequinum,0.024,0.024,-1,Echolocation,/mnt/ubna_data_02_mir/recover-20221013/UBNA_001/20221012_030000.WAV,Telephone Field,recover-20221013,001,1795
263.9015,263.9098,28046,40922,Eptesicus serotinus,0.007,0.022,-1,Echolocation,/mnt/ubna_data_02_mir/recover-20221013/UBNA_001/20221012_030000.WAV,Telephone Field,recover-20221013,001,1795
263.9305,263.9428,27187,34209,Eptesicus serotinus,0.018,0.034,-1,Echolocation,/mnt/ubna_data_02_mir/recover-20221013/UBNA_001/20221012_030000.WAV,Telephone Field,recover-20221013,001,1795
263.9495,263.9855,68437,81287,Rhinolophus ferrumequinum,0.027,0.027,-1,Echolocation,/mnt/ubna_data_02_mir/recover-20221013/UBNA_001/20221012_030000.WAV,Telephone Field,recover-20221013,001,1795
264.0015,264.0318,69296,81360,Rhinolophus ferrumequinum,0.025,0.025,-1,Echolocation,/mnt/ubna_data_02_mir/recover-20221013/UBNA_001/20221012_030000.WAV,Telephone Field,recover-20221013,001,1795
264.0015,264.0109,23750,30661,Nyctalus leisleri,0.008,0.026,-1,Echolocation,/mnt/ubna_data_02_mir/recover-20221013/UBNA_001/20221012_030000.WAV,Telephone Field,recover-20221013,001,1795
264.0355,264.0715,68437,81131,Rhinolophus ferrumequinum,0.021,0.021,-1,Echolocation,/mnt/ubna_data_02_mir/recover-20221013/UBNA_001/20221012_030000.WAV,Telephone Field,recover-20221013,001,1795
264.0865,264.0949,28046,38674,Eptesicus serotinus,0.007,0.02,-1,Echolocation,/mnt/ubna_data_02_mir/recover-20221013/UBNA_001/20221012_030000.WAV,Telephone Field,recover-20221013,001,1795
264.1885,264.2305,68437,83083,Rhinolophus ferrumequinum,0.023,0.024,-1,Echolocation,/mnt/ubna_data_02_mir/recover-20221013/UBNA_001/20221012_030000.WAV,Telephone Field,recover-20221013,001,1795
264.2365,264.2495,28906,35119,Eptesicus serotinus,0.037,0.062,-1,Echolocation,/mnt/ubna_data_02_mir/recover-20221013/UBNA_001/20221012_030000.WAV,Telephone Field,recover-20221013,001,1795
264.2755,264.283,27187,35880,Eptesicus serotinus,0.007,0.021,-1,Echolocation,/mnt/ubna_data_02_mir/recover-20221013/UBNA_001/20221012_030000.WAV,Telephone Field,recover-20221013,001,1795
264.2875,264.3286,68437,82602,Rhinolophus ferrumequinum,0.027,0.027,-1,Echolocation,/mnt/ubna_data_02_mir/recover-20221013/UBNA_001/20221012_030000.WAV,Telephone Field,recover-20221013,001,1795
264.3105,264.3186,26328,34989,Eptesicus serotinus,0.008,0.021,-1,Echolocation,/mnt/ubna_data_02_mir/recover-20221013/UBNA_001/20221012_030000.WAV,Telephone Field,recover-20221013,001,1795
264.3325,264.3723,68437,83118,Rhinolophus ferrumequinum,0.025,0.025,-1,Echolocation,/mnt/ubna_data_02_mir/recover-20221013/UBNA_001/20221012_030000.WAV,Telephone Field,recover-20221013,001,1795
264.3365,264.3467,23750,29547,Nyctalus leisleri,0.008,0.021,-1,Echolocation,/mnt/ubna_data_02_mir/recover-20221013/UBNA_001/20221012_030000.WAV,Telephone Field,recover-20221013,001,1795
264.3515,264.36,28046,37271,Eptesicus serotinus,0.007,0.021,-1,Echolocation,/mnt/ubna_data_02_mir/recover-20221013/UBNA_001/20221012_030000.WAV,Telephone Field,recover-20221013,001,1795
264.3605,264.3981,68437,81808,Rhinolophus ferrumequinum,0.021,0.021,-1,Echolocation,/mnt/ubna_data_02_mir/recover-20221013/UBNA_001/20221012_030000.WAV,Telephone Field,recover-20221013,001,1795
264.4075,264.415,28046,39911,Eptesicus serotinus,0.007,0.022,-1,Echolocation,/mnt/ubna_data_02_mir/recover-20221013/UBNA_001/20221012_030000.WAV,Telephone Field,recover-20221013,001,1795
264.4225,264.4626,68437,82010,Rhinolophus ferrumequinum,0.022,0.022,-1,Echolocation,/mnt/ubna_data_02_mir/recover-20221013/UBNA_001/20221012_030000.WAV,Telephone Field,recover-20221013,001,1795
264.4355,264.4739,68437,82926,Rhinolophus ferrumequinum,0.023,0.023,-1,Echolocation,/mnt/ubna_data_02_mir/recover-20221013/UBNA_001/20221012_030000.WAV,Telephone Field,recover-20221013,001,1795
264.4535,264.4613,24609,33138,Plecotus auritus,0.007,0.025,-1,Echolocation,/mnt/ubna_data_02_mir/recover-20221013/UBNA_001/20221012_030000.WAV,Telephone Field,recover-20221013,001,1795
264.4575,264.4669,16875,23827,Nyctalus noctula,0.008,0.026,-1,Echolocation,/mnt/ubna_data_02_mir/recover-20221013/UBNA_001/20221012_030000.WAV,Telephone Field,recover-20221013,001,1795
264.4765,264.4851,26328,39120,Eptesicus serotinus,0.007,0.021,-1,Echolocation,/mnt/ubna_data_02_mir/recover-20221013/UBNA_001/20221012_030000.WAV,Telephone Field,recover-20221013,001,1795
264.4865,264.4968,23750,30281,Nyctalus leisleri,0.009,0.027,-1,Echolocation,/mnt/ubna_data_02_mir/recover-20221013/UBNA_001/20221012_030000.WAV,Telephone Field,recover-20221013,001,1795
264.5115,264.5526,68437,82637,Rhinolophus ferrumequinum,0.031,0.031,-1,Echolocation,/mnt/ubna_data_02_mir/recover-20221013/UBNA_001/20221012_030000.WAV,Telephone Field,recover-20221013,001,1795
264.5345,264.545,28046,35025,Eptesicus serotinus,0.01,0.021,-1,Echolocation,/mnt/ubna_data_02_mir/recover-20221013/UBNA_001/20221012_030000.WAV,Telephone Field,recover-20221013,001,1795
264.5965,264.6346,68437,81363,Rhinolophus ferrumequinum,0.026,0.026,-1,Echolocation,/mnt/ubna_data_02_mir/recover-20221013/UBNA_001/20221012_030000.WAV,Telephone Field,recover-20221013,001,1795
264.6225,264.6624,68437,82378,Rhinolophus ferrumequinum,0.025,0.025,-1,Echolocation,/mnt/ubna_data_02_mir/recover-20221013/UBNA_001/20221012_030000.WAV,Telephone Field,recover-20221013,001,1795
264.6235,264.6323,24609,32792,Eptesicus serotinus,0.007,0.024,-1,Echolocation,/mnt/ubna_data_02_mir/recover-20221013/UBNA_001/20221012_030000.WAV,Telephone Field,recover-20221013,001,1795
264.6475,264.6847,68437,81879,Rhinolophus ferrumequinum,0.022,0.022,-1,Echolocation,/mnt/ubna_data_02_mir/recover-20221013/UBNA_001/20221012_030000.WAV,Telephone Field,recover-20221013,001,1795
264.6515,264.6596,27187,40775,Eptesicus serotinus,0.007,0.02,-1,Echolocation,/mnt/ubna_data_02_mir/recover-20221013/UBNA_001/20221012_030000.WAV,Telephone Field,recover-20221013,001,1795
264.6655,264.7062,68437,82887,Rhinolophus ferrumequinum,0.025,0.025,-1,Echolocation,/mnt/ubna_data_02_mir/recover-20221013/UBNA_001/20221012_030000.WAV,Telephone Field,recover-20221013,001,1795
264.6715,264.6827,22031,26340,Nyctalus leisleri,0.01,0.021,-1,Echolocation,/mnt/ubna_data_02_mir/recover-20221013/UBNA_001/20221012_030000.WAV,Telephone Field,recover-20221013,001,1795
264.6775,264.6851,28906,37799,Eptesicus serotinus,0.007,0.02,-1,Echolocation,/mnt/ubna_data_02_mir/recover-20221013/UBNA_001/20221012_030000.WAV,Telephone Field,recover-20221013,001,1795
264.7095,264.7177,44375,52265,Pipistrellus pipistrellus,0.019,0.023,-1,Echolocation,/mnt/ubna_data_02_mir/recover-20221013/UBNA_001/20221012_030000.WAV,Telephone Field,recover-20221013,001,1795
264.7135,264.7567,68437,83225,Rhinolophus ferrumequinum,0.032,0.032,-1,Echolocation,/mnt/ubna_data_02_mir/recover-20221013/UBNA_001/20221012_030000.WAV,Telephone Field,recover-20221013,001,1795
264.7645,264.8034,68437,81841,Rhinolophus ferrumequinum,0.022,0.022,-1,Echolocation,/mnt/ubna_data_02_mir/recover-20221013/UBNA_001/20221012_030000.WAV,Telephone Field,recover-20221013,001,1795
264.7745,264.78430000000003,28046,37907,Eptesicus serotinus,0.01,0.022,-1,Echolocation,/mnt/ubna_data_02_mir/recover-20221013/UBNA_001/20221012_030000.WAV,Telephone Field,recover-20221013,001,1795
264.7875,264.7953,28046,36186,Eptesicus serotinus,0.021,0.045,-1,Echolocation,/mnt/ubna_data_02_mir/recover-20221013/UBNA_001/20221012_030000.WAV,Telephone Field,recover-20221013,001,1795
264.8595,264.8989,68437,82230,Rhinolophus ferrumequinum,0.02,0.02,-1,Echolocation,/mnt/ubna_data_02_mir/recover-20221013/UBNA_001/20221012_030000.WAV,Telephone Field,recover-20221013,001,1795
264.8615,264.8716,22890,29007,Nyctalus leisleri,0.008,0.021,-1,Echolocation,/mnt/ubna_data_02_mir/recover-20221013/UBNA_001/20221012_030000.WAV,Telephone Field,recover-20221013,001,1795
264.8715,264.9089,68437,81571,Rhinolophus ferrumequinum,0.021,0.021,-1,Echolocation,/mnt/ubna_data_02_mir/recover-20221013/UBNA_001/20221012_030000.WAV,Telephone Field,recover-20221013,001,1795
264.9345,264.948,38359,42619,Pipistrellus nathusii,0.041,0.06,-1,Echolocation,/mnt/ubna_data_02_mir/recover-20221013/UBNA_001/20221012_030000.WAV,Telephone Field,recover-20221013,001,1795
264.9375,264.9466,22890,30406,Plecotus austriacus,0.007,0.023,-1,Echolocation,/mnt/ubna_data_02_mir/recover-20221013/UBNA_001/20221012_030000.WAV,Telephone Field,recover-20221013,001,1795
264.9435,264.9521,26328,33958,Eptesicus serotinus,0.01,0.025,-1,Echolocation,/mnt/ubna_data_02_mir/recover-20221013/UBNA_001/20221012_030000.WAV,Telephone Field,recover-20221013,001,1795
264.9505,264.9911,68437,82969,Rhinolophus ferrumequinum,0.037,0.038,-1,Echolocation,/mnt/ubna_data_02_mir/recover-20221013/UBNA_001/20221012_030000.WAV,Telephone Field,recover-20221013,001,1795
264.9955,265.0342,68437,82405,Rhinolophus ferrumequinum,0.021,0.021,-1,Echolocation,/mnt/ubna_data_02_mir/recover-20221013/UBNA_001/20221012_030000.WAV,Telephone Field,recover-20221013,001,1795
265.0305,265.0393,28046,40769,Eptesicus serotinus,0.008,0.02,-1,Echolocation,/mnt/ubna_data_02_mir/recover-20221013/UBNA_001/20221012_030000.WAV,Telephone Field,recover-20221013,001,1795
265.0475,265.055,22890,30983,Plecotus austriacus,0.016,0.029,-1,Echolocation,/mnt/ubna_data_02_mir/recover-20221013/UBNA_001/20221012_030000.WAV,Telephone Field,recover-20221013,001,1795
265.0585,265.0681,28046,36230,Eptesicus serotinus,0.011,0.022,-1,Echolocation,/mnt/ubna_data_02_mir/recover-20221013/UBNA_001/20221012_030000.WAV,Telephone Field,recover-20221013,001,1795
265.1205,265.1619,68437,82224,Rhinolophus ferrumequinum,0.042,0.042,-1,Echolocation,/mnt/ubna_data_02_mir/recover-20221013/UBNA_001/20221012_030000.WAV,Telephone Field,recover-20221013,001,1795
265.1575,265.196,68437,81708,Rhinolophus ferrumequinum,0.023,0.023,-1,Echolocation,/mnt/ubna_data_02_mir/recover-20221013/UBNA_001/20221012_030000.WAV,Telephone Field,recover-20221013,001,1795
265.1685,265.1794,28906,36153,Eptesicus serotinus,0.012,0.024,-1,Echolocation,/mnt/ubna_data_02_mir/recover-20221013/UBNA_001/20221012_030000.WAV,Telephone Field,recover-20221013,001,1795
265.1925,265.2332,68437,82188,Rhinolophus ferrumequinum,0.023,0.023,-1,Echolocation,/mnt/ubna_data_02_mir/recover-20221013/UBNA_001/20221012_030000.WAV,Telephone Field,recover-20221013,001,1795
265.2025,265.2107,28906,36692,Eptesicus serotinus,0.013,0.029,-1,Echolocation,/mnt/ubna_data_02_mir/recover-20221013/UBNA_001/20221012_030000.WAV,Telephone Field,recover-20221013,001,1795
265.2255,265.26279999999997,68437,81678,Rhinolophus ferrumequinum,0.021,0.021,-1,Echolocation,/mnt/ubna_data_02_mir/recover-20221013/UBNA_001/20221012_030000.WAV,Telephone Field,recover-20221013,001,1795
265.2355,265.2424,28046,42082,Eptesicus serotinus,0.009,0.029,-1,Echolocation,/mnt/ubna_data_02_mir/recover-20221013/UBNA_001/20221012_030000.WAV,Telephone Field,recover-20221013,001,1795
265.2825,265.3214,68437,81454,Rhinolophus ferrumequinum,0.021,0.021,-1,Echolocation,/mnt/ubna_data_02_mir/recover-20221013/UBNA_001/20221012_030000.WAV,Telephone Field,recover-20221013,001,1795
265.3065,265.3479,68437,82588,Rhinolophus ferrumequinum,0.025,0.025,-1,Echolocation,/mnt/ubna_data_02_mir/recover-20221013/UBNA_001/20221012_030000.WAV,Telephone Field,recover-20221013,001,1795
265.3185,265.3354,15156,18634,Nyctalus noctula,0.045,0.063,-1,Echolocation,/mnt/ubna_data_02_mir/recover-20221013/UBNA_001/20221012_030000.WAV,Telephone Field,recover-20221013,001,1795
265.3275,265.3627,68437,80666,Rhinolophus ferrumequinum,0.022,0.022,-1,Echolocation,/mnt/ubna_data_02_mir/recover-20221013/UBNA_001/20221012_030000.WAV,Telephone Field,recover-20221013,001,1795
265.3345,265.3442,28906,37038,Eptesicus serotinus,0.011,0.026,-1,Echolocation,/mnt/ubna_data_02_mir/recover-20221013/UBNA_001/20221012_030000.WAV,Telephone Field,recover-20221013,001,1795
265.3715,265.3786,26328,39147,Eptesicus serotinus,0.006,0.02,-1,Echolocation,/mnt/ubna_data_02_mir/recover-20221013/UBNA_001/20221012_030000.WAV,Telephone Field,recover-20221013,001,1795
265.3975,265.4355,68437,81093,Rhinolophus ferrumequinum,0.02,0.021,-1,Echolocation,/mnt/ubna_data_02_mir/recover-20221013/UBNA_001/20221012_030000.WAV,Telephone Field,recover-20221013,001,1795
265.4075,265.444,68437,82351,Rhinolophus ferrumequinum,0.024,0.024,-1,Echolocation,/mnt/ubna_data_02_mir/recover-20221013/UBNA_001/20221012_030000.WAV,Telephone Field,recover-20221013,001,1795
265.4295,265.4685,68437,81635,Rhinolophus ferrumequinum,0.021,0.021,-1,Echolocation,/mnt/ubna_data_02_mir/recover-20221013/UBNA_001/20221012_030000.WAV,Telephone Field,recover-20221013,001,1795
265.4355,265.472,68437,82095,Rhinolophus ferrumequinum,0.021,0.021,-1,Echolocation,/mnt/ubna_data_02_mir/recover-20221013/UBNA_001/20221012_030000.WAV,Telephone Field,recover-20221013,001,1795
265.4625,265.5022,68437,82313,Rhinolophus ferrumequinum,0.025,0.025,-1,Echolocation,/mnt/ubna_data_02_mir/recover-20221013/UBNA_001/20221012_030000.WAV,Telephone Field,recover-20221013,001,1795
265.4655,265.4731,26328,37765,Eptesicus serotinus,0.009,0.025,-1,Echolocation,/mnt/ubna_data_02_mir/recover-20221013/UBNA_001/20221012_030000.WAV,Telephone Field,recover-20221013,001,1795
265.4975,265.5347,68437,81880,Rhinolophus ferrumequinum,0.021,0.021,-1,Echolocation,/mnt/ubna_data_02_mir/recover-20221013/UBNA_001/20221012_030000.WAV,Telephone Field,recover-20221013,001,1795
265.54449999999997,265.5847,68437,82487,Rhinolophus ferrumequinum,0.024,0.024,-1,Echolocation,/mnt/ubna_data_02_mir/recover-20221013/UBNA_001/20221012_030000.WAV,Telephone Field,recover-20221013,001,1795
265.5695,265.6059,68437,81483,Rhinolophus ferrumequinum,0.02,0.02,-1,Echolocation,/mnt/ubna_data_02_mir/recover-20221013/UBNA_001/20221012_030000.WAV,Telephone Field,recover-20221013,001,1795
265.5955,265.6032,28046,42417,Eptesicus serotinus,0.01,0.027,-1,Echolocation,/mnt/ubna_data_02_mir/recover-20221013/UBNA_001/20221012_030000.WAV,Telephone Field,recover-20221013,001,1795
265.5955,265.6338,68437,82295,Rhinolophus ferrumequinum,0.022,0.022,-1,Echolocation,/mnt/ubna_data_02_mir/recover-20221013/UBNA_001/20221012_030000.WAV,Telephone Field,recover-20221013,001,1795
265.6685,265.677,27187,37928,Eptesicus serotinus,0.012,0.025,-1,Echolocation,/mnt/ubna_data_02_mir/recover-20221013/UBNA_001/20221012_030000.WAV,Telephone Field,recover-20221013,001,1795
265.6725,265.687,46953,51025,Pipistrellus pipistrellus,0.058,0.064,-1,Echolocation,/mnt/ubna_data_02_mir/recover-20221013/UBNA_001/20221012_030000.WAV,Telephone Field,recover-20221013,001,1795
265.6805,265.7172,68437,81874,Rhinolophus ferrumequinum,0.021,0.021,-1,Echolocation,/mnt/ubna_data_02_mir/recover-20221013/UBNA_001/20221012_030000.WAV,Telephone Field,recover-20221013,001,1795
265.7085,265.7462,68437,81681,Rhinolophus ferrumequinum,0.021,0.021,-1,Echolocation,/mnt/ubna_data_02_mir/recover-20221013/UBNA_001/20221012_030000.WAV,Telephone Field,recover-20221013,001,1795
265.7135,265.7216,25468,33859,Eptesicus serotinus,0.008,0.021,-1,Echolocation,/mnt/ubna_data_02_mir/recover-20221013/UBNA_001/20221012_030000.WAV,Telephone Field,recover-20221013,001,1795
265.7415,265.7505,28906,37903,Eptesicus serotinus,0.009,0.022,-1,Echolocation,/mnt/ubna_data_02_mir/recover-20221013/UBNA_001/20221012_030000.WAV,Telephone Field,recover-20221013,001,1795
265.7525,265.7914,68437,82543,Rhinolophus ferrumequinum,0.021,0.021,-1,Echolocation,/mnt/ubna_data_02_mir/recover-20221013/UBNA_001/20221012_030000.WAV,Telephone Field,recover-20221013,001,1795
265.7815,265.8186,68437,82039,Rhinolophus ferrumequinum,0.026,0.026,-1,Echolocation,/mnt/ubna_data_02_mir/recover-20221013/UBNA_001/20221012_030000.WAV,Telephone Field,recover-20221013,001,1795
265.7905,265.8006,27187,35322,Eptesicus serotinus,0.011,0.021,-1,Echolocation,/mnt/ubna_data_02_mir/recover-20221013/UBNA_001/20221012_030000.WAV,Telephone Field,recover-20221013,001,1795
265.8115,265.854,68437,82490,Rhinolophus ferrumequinum,0.021,0.021,-1,Echolocation,/mnt/ubna_data_02_mir/recover-20221013/UBNA_001/20221012_030000.WAV,Telephone Field,recover-20221013,001,1795
265.8335,265.8755,68437,83074,Rhinolophus ferrumequinum,0.027,0.027,-1,Echolocation,/mnt/ubna_data_02_mir/recover-20221013/UBNA_001/20221012_030000.WAV,Telephone Field,recover-20221013,001,1795
265.8505,265.8662,21171,24930,Nyctalus leisleri,0.015,0.027,-1,Echolocation,/mnt/ubna_data_02_mir/recover-20221013/UBNA_001/20221012_030000.WAV,Telephone Field,recover-20221013,001,1795
265.8635,265.8729,22890,28810,Nyctalus leisleri,0.009,0.023,-1,Echolocation,/mnt/ubna_data_02_mir/recover-20221013/UBNA_001/20221012_030000.WAV,Telephone Field,recover-20221013,001,1795
265.8775,265.8876,23750,30300,Nyctalus leisleri,0.008,0.022,-1,Echolocation,/mnt/ubna_data_02_mir/recover-20221013/UBNA_001/20221012_030000.WAV,Telephone Field,recover-20221013,001,1795
265.9425,265.9824,68437,81715,Rhinolophus ferrumequinum,0.021,0.021,-1,Echolocation,/mnt/ubna_data_02_mir/recover-20221013/UBNA_001/20221012_030000.WAV,Telephone Field,recover-20221013,001,1795
265.9725,265.98199999999997,37500,46587,Myotis daubentonii,0.006,0.023,-1,Echolocation,/mnt/ubna_data_02_mir/recover-20221013/UBNA_001/20221012_030000.WAV,Telephone Field,recover-20221013,001,1795
265.9785,265.9876,53828,57669,Pipistrellus pygmaeus,0.022,0.023,-1,Echolocation,/mnt/ubna_data_02_mir/recover-20221013/UBNA_001/20221012_030000.WAV,Telephone Field,recover-20221013,001,1795
266.0015,266.0085,31484,39510,Myotis daubentonii,0.008,0.031,-1,Echolocation,/mnt/ubna_data_02_mir/recover-20221013/UBNA_001/20221012_030000.WAV,Telephone Field,recover-20221013,001,1795
266.0015,266.01030000000003,22890,30356,Nyctalus leisleri,0.011,0.034,-1,Echolocation,/mnt/ubna_data_02_mir/recover-20221013/UBNA_001/20221012_030000.WAV,Telephone Field,recover-20221013,001,1795
266.0105,266.0533,68437,82092,Rhinolophus ferrumequinum,0.024,0.024,-1,Echolocation,/mnt/ubna_data_02_mir/recover-20221013/UBNA_001/20221012_030000.WAV,Telephone Field,recover-20221013,001,1795
266.0125,266.0313,18593,21825,Nyctalus leisleri,0.012,0.026,-1,Echolocation,/mnt/ubna_data_02_mir/recover-20221013/UBNA_001/20221012_030000.WAV,Telephone Field,recover-20221013,001,1795
266.0605,266.1002,68437,82163,Rhinolophus ferrumequinum,0.022,0.022,-1,Echolocation,/mnt/ubna_data_02_mir/recover-20221013/UBNA_001/20221012_030000.WAV,Telephone Field,recover-20221013,001,1795
266.0655,266.0788,22890,27632,Nyctalus leisleri,0.014,0.025,-1,Echolocation,/mnt/ubna_data_02_mir/recover-20221013/UBNA_001/20221012_030000.WAV,Telephone Field,recover-20221013,001,1795
266.0795,266.0879,28046,37048,Eptesicus serotinus,0.029,0.057,-1,Echolocation,/mnt/ubna_data_02_mir/recover-20221013/UBNA_001/20221012_030000.WAV,Telephone Field,recover-20221013,001,1795
266.1305,266.1393,28906,38805,Eptesicus serotinus,0.01,0.024,-1,Echolocation,/mnt/ubna_data_02_mir/recover-20221013/UBNA_001/20221012_030000.WAV,Telephone Field,recover-20221013,001,1795
266.1465,266.1565,30625,38739,Eptesicus serotinus,0.011,0.031,-1,Echolocation,/mnt/ubna_data_02_mir/recover-20221013/UBNA_001/20221012_030000.WAV,Telephone Field,recover-20221013,001,1795
266.16949999999997,266.1797,23750,30321,Nyctalus leisleri,0.009,0.024,-1,Echolocation,/mnt/ubna_data_02_mir/recover-20221013/UBNA_001/20221012_030000.WAV,Telephone Field,recover-20221013,001,1795
266.1925,266.204,28046,36245,Eptesicus serotinus,0.015,0.03,-1,Echolocation,/mnt/ubna_data_02_mir/recover-20221013/UBNA_001/20221012_030000.WAV,Telephone Field,recover-20221013,001,1795
266.2095,266.2458,68437,81435,Rhinolophus ferrumequinum,0.023,0.023,-1,Echolocation,/mnt/ubna_data_02_mir/recover-20221013/UBNA_001/20221012_030000.WAV,Telephone Field,recover-20221013,001,1795
266.2175,266.2556,68437,82268,Rhinolophus ferrumequinum,0.023,0.023,-1,Echolocation,/mnt/ubna_data_02_mir/recover-20221013/UBNA_001/20221012_030000.WAV,Telephone Field,recover-20221013,001,1795
266.2225,266.236,22031,25749,Nyctalus leisleri,0.013,0.022,-1,Echolocation,/mnt/ubna_data_02_mir/recover-20221013/UBNA_001/20221012_030000.WAV,Telephone Field,recover-20221013,001,1795
266.2575,266.2972,68437,82669,Rhinolophus ferrumequinum,0.031,0.031,-1,Echolocation,/mnt/ubna_data_02_mir/recover-20221013/UBNA_001/20221012_030000.WAV,Telephone Field,recover-20221013,001,1795
266.3515,266.3913,68437,82295,Rhinolophus ferrumequinum,0.026,0.026,-1,Echolocation,/mnt/ubna_data_02_mir/recover-20221013/UBNA_001/20221012_030000.WAV,Telephone Field,recover-20221013,001,1795
266.3525,266.3642,32343,39803,Eptesicus serotinus,0.008,0.025,-1,Echolocation,/mnt/ubna_data_02_mir/recover-20221013/UBNA_001/20221012_030000.WAV,Telephone Field,recover-20221013,001,1795
266.3645,266.3764,31484,37896,Eptesicus serotinus,0.008,0.03,-1,Echolocation,/mnt/ubna_data_02_mir/recover-20221013/UBNA_001/20221012_030000.WAV,Telephone Field,recover-20221013,001,1795
266.4645,266.507,68437,82866,Rhinolophus ferrumequinum,0.026,0.026,-1,Echolocation,/mnt/ubna_data_02_mir/recover-20221013/UBNA_001/20221012_030000.WAV,Telephone Field,recover-20221013,001,1795
266.47950000000003,266.4907,28906,35649,Eptesicus serotinus,0.01,0.023,-1,Echolocation,/mnt/ubna_data_02_mir/recover-20221013/UBNA_001/20221012_030000.WAV,Telephone Field,recover-20221013,001,1795
266.6135,266.6212,28046,37304,Eptesicus serotinus,0.008,0.022,-1,Echolocation,/mnt/ubna_data_02_mir/recover-20221013/UBNA_001/20221012_030000.WAV,Telephone Field,recover-20221013,001,1795
266.6305,266.6686,68437,82270,Rhinolophus ferrumequinum,0.023,0.023,-1,Echolocation,/mnt/ubna_data_02_mir/recover-20221013/UBNA_001/20221012_030000.WAV,Telephone Field,recover-20221013,001,1795
266.6625,266.7078,68437,83843,Rhinolophus ferrumequinum,0.055,0.055,-1,Echolocation,/mnt/ubna_data_02_mir/recover-20221013/UBNA_001/20221012_030000.WAV,Telephone Field,recover-20221013,001,1795
266.6625,266.6712,48671,53968,Pipistrellus pipistrellus,0.031,0.033,-1,Echolocation,/mnt/ubna_data_02_mir/recover-20221013/UBNA_001/20221012_030000.WAV,Telephone Field,recover-20221013,001,1795
266.6915,266.7021,22890,29023,Nyctalus leisleri,0.01,0.028,-1,Echolocation,/mnt/ubna_data_02_mir/recover-20221013/UBNA_001/20221012_030000.WAV,Telephone Field,recover-20221013,001,1795
266.7035,266.7418,68437,82476,Rhinolophus ferrumequinum,0.023,0.023,-1,Echolocation,/mnt/ubna_data_02_mir/recover-20221013/UBNA_001/20221012_030000.WAV,Telephone Field,recover-20221013,001,1795
266.7215,266.7617,68437,82461,Rhinolophus ferrumequinum,0.022,0.022,-1,Echolocation,/mnt/ubna_data_02_mir/recover-20221013/UBNA_001/20221012_030000.WAV,Telephone Field,recover-20221013,001,1795
266.7425,266.7818,68437,81721,Rhinolophus ferrumequinum,0.022,0.022,-1,Echolocation,/mnt/ubna_data_02_mir/recover-20221013/UBNA_001/20221012_030000.WAV,Telephone Field,recover-20221013,001,1795
266.7795,266.7874,31484,43098,Myotis daubentonii,0.009,0.022,-1,Echolocation,/mnt/ubna_data_02_mir/recover-20221013/UBNA_001/20221012_030000.WAV,Telephone Field,recover-20221013,001,1795
266.7815,266.7887,27187,37693,Eptesicus serotinus,0.006,0.022,-1,Echolocation,/mnt/ubna_data_02_mir/recover-20221013/UBNA_001/20221012_030000.WAV,Telephone Field,recover-20221013,001,1795
266.7815,266.7909,22031,27692,Nyctalus leisleri,0.009,0.024,-1,Echolocation,/mnt/ubna_data_02_mir/recover-20221013/UBNA_001/20221012_030000.WAV,Telephone Field,recover-20221013,001,1795
266.7985,266.8086,27187,34611,Eptesicus serotinus,0.011,0.023,-1,Echolocation,/mnt/ubna_data_02_mir/recover-20221013/UBNA_001/20221012_030000.WAV,Telephone Field,recover-20221013,001,1795
266.8325,266.8426,28046,36421,Eptesicus serotinus,0.009,0.022,-1,Echolocation,/mnt/ubna_data_02_mir/recover-20221013/UBNA_001/20221012_030000.WAV,Telephone Field,recover-20221013,001,1795
266.8565,266.8901,68437,80429,Rhinolophus ferrumequinum,0.021,0.021,-1,Echolocation,/mnt/ubna_data_02_mir/recover-20221013/UBNA_001/20221012_030000.WAV,Telephone Field,recover-20221013,001,1795
266.8665,266.9044,68437,82230,Rhinolophus ferrumequinum,0.024,0.024,-1,Echolocation,/mnt/ubna_data_02_mir/recover-20221013/UBNA_001/20221012_030000.WAV,Telephone Field,recover-20221013,001,1795
266.8765,266.919,68437,83081,Rhinolophus ferrumequinum,0.026,0.026,-1,Echolocation,/mnt/ubna_data_02_mir/recover-20221013/UBNA_001/20221012_030000.WAV,Telephone Field,recover-20221013,001,1795
266.9385,266.9701,68437,79918,Rhinolophus ferrumequinum,0.023,0.024,-1,Echolocation,/mnt/ubna_data_02_mir/recover-20221013/UBNA_001/20221012_030000.WAV,Telephone Field,recover-20221013,001,1795
266.9935,267.0055,22890,28679,Nyctalus leisleri,0.015,0.034,-1,Echolocation,/mnt/ubna_data_02_mir/recover-20221013/UBNA_001/20221012_030000.WAV,Telephone Field,recover-20221013,001,1795
267.0055,267.0485,68437,83302,Rhinolophus ferrumequinum,0.033,0.033,-1,Echolocation,/mnt/ubna_data_02_mir/recover-20221013/UBNA_001/20221012_030000.WAV,Telephone Field,recover-20221013,001,1795
267.0265,267.0655,68437,82298,Rhinolophus ferrumequinum,0.022,0.022,-1,Echolocation,/mnt/ubna_data_02_mir/recover-20221013/UBNA_001/20221012_030000.WAV,Telephone Field,recover-20221013,001,1795
267.0405,267.0529,23750,29436,Nyctalus leisleri,0.014,0.032,-1,Echolocation,/mnt/ubna_data_02_mir/recover-20221013/UBNA_001/20221012_030000.WAV,Telephone Field,recover-20221013,001,1795
267.0485,267.0895,68437,82603,Rhinolophus ferrumequinum,0.022,0.022,-1,Echolocation,/mnt/ubna_data_02_mir/recover-20221013/UBNA_001/20221012_030000.WAV,Telephone Field,recover-20221013,001,1795
267.0695,267.0804,24609,31493,Eptesicus serotinus,0.01,0.029,-1,Echolocation,/mnt/ubna_data_02_mir/recover-20221013/UBNA_001/20221012_030000.WAV,Telephone Field,recover-20221013,001,1795
267.1845,267.223,68437,82072,Rhinolophus ferrumequinum,0.021,0.021,-1,Echolocation,/mnt/ubna_data_02_mir/recover-20221013/UBNA_001/20221012_030000.WAV,Telephone Field,recover-20221013,001,1795
267.1865,267.198,45234,48777,Pipistrellus pipistrellus,0.023,0.026,-1,Echolocation,/mnt/ubna_data_02_mir/recover-20221013/UBNA_001/20221012_030000.WAV,Telephone Field,recover-20221013,001,1795
267.1945,267.2029,28906,37986,Eptesicus serotinus,0.01,0.025,-1,Echolocation,/mnt/ubna_data_02_mir/recover-20221013/UBNA_001/20221012_030000.WAV,Telephone Field,recover-20221013,001,1795
267.1975,267.2344,68437,82200,Rhinolophus ferrumequinum,0.022,0.022,-1,Echolocation,/mnt/ubna_data_02_mir/recover-20221013/UBNA_001/20221012_030000.WAV,Telephone Field,recover-20221013,001,1795
267.2385,267.274,68437,81543,Rhinolophus ferrumequinum,0.021,0.021,-1,Echolocation,/mnt/ubna_data_02_mir/recover-20221013/UBNA_001/20221012_030000.WAV,Telephone Field,recover-20221013,001,1795
267.3005,267.3398,68437,82586,Rhinolophus ferrumequinum,0.023,0.023,-1,Echolocation,/mnt/ubna_data_02_mir/recover-20221013/UBNA_001/20221012_030000.WAV,Telephone Field,recover-20221013,001,1795
267.3085,267.347,68437,82113,Rhinolophus ferrumequinum,0.021,0.021,-1,Echolocation,/mnt/ubna_data_02_mir/recover-20221013/UBNA_001/20221012_030000.WAV,Telephone Field,recover-20221013,001,1795
267.3175,267.3568,68437,82205,Rhinolophus ferrumequinum,0.025,0.025,-1,Echolocation,/mnt/ubna_data_02_mir/recover-20221013/UBNA_001/20221012_030000.WAV,Telephone Field,recover-20221013,001,1795
267.3205,267.33,25468,34310,Eptesicus serotinus,0.009,0.024,-1,Echolocation,/mnt/ubna_data_02_mir/recover-20221013/UBNA_001/20221012_030000.WAV,Telephone Field,recover-20221013,001,1795
267.3745,267.3848,47812,50831,Pipistrellus pipistrellus,0.042,0.045,-1,Echolocation,/mnt/ubna_data_02_mir/recover-20221013/UBNA_001/20221012_030000.WAV,Telephone Field,recover-20221013,001,1795
267.4475,267.4845,68437,81611,Rhinolophus ferrumequinum,0.022,0.022,-1,Echolocation,/mnt/ubna_data_02_mir/recover-20221013/UBNA_001/20221012_030000.WAV,Telephone Field,recover-20221013,001,1795
267.4485,267.4611,22031,26278,Nyctalus leisleri,0.012,0.023,-1,Echolocation,/mnt/ubna_data_02_mir/recover-20221013/UBNA_001/20221012_030000.WAV,Telephone Field,recover-20221013,001,1795
267.5015,267.51279999999997,43515,47933,Pipistrellus pipistrellus,0.029,0.035,-1,Echolocation,/mnt/ubna_data_02_mir/recover-20221013/UBNA_001/20221012_030000.WAV,Telephone Field,recover-20221013,001,1795
267.5115,267.5202,22890,29835,Plecotus austriacus,0.007,0.022,-1,Echolocation,/mnt/ubna_data_02_mir/recover-20221013/UBNA_001/20221012_030000.WAV,Telephone Field,recover-20221013,001,1795
267.5315,267.5393,23750,32717,Plecotus austriacus,0.01,0.023,-1,Echolocation,/mnt/ubna_data_02_mir/recover-20221013/UBNA_001/20221012_030000.WAV,Telephone Field,recover-20221013,001,1795
267.5415,267.5836,68437,83357,Rhinolophus ferrumequinum,0.044,0.044,-1,Echolocation,/mnt/ubna_data_02_mir/recover-20221013/UBNA_001/20221012_030000.WAV,Telephone Field,recover-20221013,001,1795
267.5835,267.621,68437,81785,Rhinolophus ferrumequinum,0.022,0.022,-1,Echolocation,/mnt/ubna_data_02_mir/recover-20221013/UBNA_001/20221012_030000.WAV,Telephone Field,recover-20221013,001,1795
267.5955,267.6348,68437,82165,Rhinolophus ferrumequinum,0.023,0.023,-1,Echolocation,/mnt/ubna_data_02_mir/recover-20221013/UBNA_001/20221012_030000.WAV,Telephone Field,recover-20221013,001,1795
267.6015,267.6405,68437,82230,Rhinolophus ferrumequinum,0.023,0.023,-1,Echolocation,/mnt/ubna_data_02_mir/recover-20221013/UBNA_001/20221012_030000.WAV,Telephone Field,recover-20221013,001,1795
267.6405,267.6811,68437,82205,Rhinolophus ferrumequinum,0.026,0.026,-1,Echolocation,/mnt/ubna_data_02_mir/recover-20221013/UBNA_001/20221012_030000.WAV,Telephone Field,recover-20221013,001,1795
267.6475,267.6567,28906,36778,Eptesicus serotinus,0.009,0.025,-1,Echolocation,/mnt/ubna_data_02_mir/recover-20221013/UBNA_001/20221012_030000.WAV,Telephone Field,recover-20221013,001,1795
267.66949999999997,267.7037,68437,81040,Rhinolophus ferrumequinum,0.023,0.023,-1,Echolocation,/mnt/ubna_data_02_mir/recover-20221013/UBNA_001/20221012_030000.WAV,Telephone Field,recover-20221013,001,1795
267.6725,267.6792,27187,41132,Eptesicus serotinus,0.006,0.022,-1,Echolocation,/mnt/ubna_data_02_mir/recover-20221013/UBNA_001/20221012_030000.WAV,Telephone Field,recover-20221013,001,1795
267.6975,267.7357,68437,81518,Rhinolophus ferrumequinum,0.025,0.025,-1,Echolocation,/mnt/ubna_data_02_mir/recover-20221013/UBNA_001/20221012_030000.WAV,Telephone Field,recover-20221013,001,1795
267.7045,267.743,68437,81161,Rhinolophus ferrumequinum,0.023,0.023,-1,Echolocation,/mnt/ubna_data_02_mir/recover-20221013/UBNA_001/20221012_030000.WAV,Telephone Field,recover-20221013,001,1795
267.7325,267.7392,28046,39483,Eptesicus serotinus,0.006,0.025,-1,Echolocation,/mnt/ubna_data_02_mir/recover-20221013/UBNA_001/20221012_030000.WAV,Telephone Field,recover-20221013,001,1795
267.7425,267.7809,68437,82346,Rhinolophus ferrumequinum,0.023,0.023,-1,Echolocation,/mnt/ubna_data_02_mir/recover-20221013/UBNA_001/20221012_030000.WAV,Telephone Field,recover-20221013,001,1795
267.7895,267.8063,20312,23406,Nyctalus leisleri,0.013,0.023,-1,Echolocation,/mnt/ubna_data_02_mir/recover-20221013/UBNA_001/20221012_030000.WAV,Telephone Field,recover-20221013,001,1795
267.8165,267.8543,68437,81322,Rhinolophus ferrumequinum,0.022,0.022,-1,Echolocation,/mnt/ubna_data_02_mir/recover-20221013/UBNA_001/20221012_030000.WAV,Telephone Field,recover-20221013,001,1795
267.8415,267.8521,22890,28726,Nyctalus leisleri,0.009,0.022,-1,Echolocation,/mnt/ubna_data_02_mir/recover-20221013/UBNA_001/20221012_030000.WAV,Telephone Field,recover-20221013,001,1795
267.8555,267.8634,28046,38412,Eptesicus serotinus,0.009,0.023,-1,Echolocation,/mnt/ubna_data_02_mir/recover-20221013/UBNA_001/20221012_030000.WAV,Telephone Field,recover-20221013,001,1795
267.8825,267.9215,68437,81907,Rhinolophus ferrumequinum,0.024,0.024,-1,Echolocation,/mnt/ubna_data_02_mir/recover-20221013/UBNA_001/20221012_030000.WAV,Telephone Field,recover-20221013,001,1795
267.8965,267.9348,68437,82132,Rhinolophus ferrumequinum,0.022,0.022,-1,Echolocation,/mnt/ubna_data_02_mir/recover-20221013/UBNA_001/20221012_030000.WAV,Telephone Field,recover-20221013,001,1795
267.8985,267.9065,27187,39752,Eptesicus serotinus,0.008,0.028,-1,Echolocation,/mnt/ubna_data_02_mir/recover-20221013/UBNA_001/20221012_030000.WAV,Telephone Field,recover-20221013,001,1795
267.9185,267.9284,28906,38118,Eptesicus serotinus,0.014,0.028,-1,Echolocation,/mnt/ubna_data_02_mir/recover-20221013/UBNA_001/20221012_030000.WAV,Telephone Field,recover-20221013,001,1795
267.91949999999997,267.9575,68437,82030,Rhinolophus ferrumequinum,0.022,0.022,-1,Echolocation,/mnt/ubna_data_02_mir/recover-20221013/UBNA_001/20221012_030000.WAV,Telephone Field,recover-20221013,001,1795
268.0015,268.0151,20312,24960,Nyctalus leisleri,0.023,0.046,-1,Echolocation,/mnt/ubna_data_02_mir/recover-20221013/UBNA_001/20221012_030000.WAV,Telephone Field,recover-20221013,001,1795
268.0015,268.0097,26328,34915,Nyctalus leisleri,0.008,0.028,-1,Echolocation,/mnt/ubna_data_02_mir/recover-20221013/UBNA_001/20221012_030000.WAV,Telephone Field,recover-20221013,001,1795
268.0015,268.03430000000003,68437,80079,Rhinolophus ferrumequinum,0.034,0.035,-1,Echolocation,/mnt/ubna_data_02_mir/recover-20221013/UBNA_001/20221012_030000.WAV,Telephone Field,recover-20221013,001,1795
268.0245,268.0649,68437,82353,Rhinolophus ferrumequinum,0.022,0.022,-1,Echolocation,/mnt/ubna_data_02_mir/recover-20221013/UBNA_001/20221012_030000.WAV,Telephone Field,recover-20221013,001,1795
268.0295,268.0706,68437,82252,Rhinolophus ferrumequinum,0.021,0.021,-1,Echolocation,/mnt/ubna_data_02_mir/recover-20221013/UBNA_001/20221012_030000.WAV,Telephone Field,recover-20221013,001,1795
268.0375,268.0446,28046,40489,Eptesicus serotinus,0.007,0.024,-1,Echolocation,/mnt/ubna_data_02_mir/recover-20221013/UBNA_001/20221012_030000.WAV,Telephone Field,recover-20221013,001,1795
268.0595,268.0669,28906,39275,Eptesicus serotinus,0.006,0.022,-1,Echolocation,/mnt/ubna_data_02_mir/recover-20221013/UBNA_001/20221012_030000.WAV,Telephone Field,recover-20221013,001,1795
268.0785,268.1201,68437,82859,Rhinolophus ferrumequinum,0.024,0.024,-1,Echolocation,/mnt/ubna_data_02_mir/recover-20221013/UBNA_001/20221012_030000.WAV,Telephone Field,recover-20221013,001,1795
268.0925,268.1047,22031,26007,Nyctalus leisleri,0.012,0.021,-1,Echolocation,/mnt/ubna_data_02_mir/recover-20221013/UBNA_001/20221012_030000.WAV,Telephone Field,recover-20221013,001,1795
268.1095,268.1485,68437,82395,Rhinolophus ferrumequinum,0.021,0.021,-1,Echolocation,/mnt/ubna_data_02_mir/recover-20221013/UBNA_001/20221012_030000.WAV,Telephone Field,recover-20221013,001,1795
268.1175,268.1563,68437,81820,Rhinolophus ferrumequinum,0.023,0.023,-1,Echolocation,/mnt/ubna_data_02_mir/recover-20221013/UBNA_001/20221012_030000.WAV,Telephone Field,recover-20221013,001,1795
268.1515,268.1923,68437,81784,Rhinolophus ferrumequinum,0.024,0.024,-1,Echolocation,/mnt/ubna_data_02_mir/recover-20221013/UBNA_001/20221012_030000.WAV,Telephone Field,recover-20221013,001,1795
268.1595,268.1969,68437,81604,Rhinolophus ferrumequinum,0.023,0.023,-1,Echolocation,/mnt/ubna_data_02_mir/recover-20221013/UBNA_001/20221012_030000.WAV,Telephone Field,recover-20221013,001,1795
268.1645,268.1711,29765,39673,Eptesicus serotinus,0.014,0.039,-1,Echolocation,/mnt/ubna_data_02_mir/recover-20221013/UBNA_001/20221012_030000.WAV,Telephone Field,recover-20221013,001,1795
268.2375,268.2433,42656,53378,Myotis daubentonii,0.007,0.023,-1,Echolocation,/mnt/ubna_data_02_mir/recover-20221013/UBNA_001/20221012_030000.WAV,Telephone Field,recover-20221013,001,1795
268.2375,268.2442,24609,34623,Plecotus austriacus,0.008,0.024,-1,Echolocation,/mnt/ubna_data_02_mir/recover-20221013/UBNA_001/20221012_030000.WAV,Telephone Field,recover-20221013,001,1795
268.2525,268.2611,23750,30869,Plecotus austriacus,0.009,0.027,-1,Echolocation,/mnt/ubna_data_02_mir/recover-20221013/UBNA_001/20221012_030000.WAV,Telephone Field,recover-20221013,001,1795
268.2965,268.3345,68437,82293,Rhinolophus ferrumequinum,0.029,0.029,-1,Echolocation,/mnt/ubna_data_02_mir/recover-20221013/UBNA_001/20221012_030000.WAV,Telephone Field,recover-20221013,001,1795
268.3265,268.3666,68437,82162,Rhinolophus ferrumequinum,0.026,0.026,-1,Echolocation,/mnt/ubna_data_02_mir/recover-20221013/UBNA_001/20221012_030000.WAV,Telephone Field,recover-20221013,001,1795
268.3355,268.3771,68437,83131,Rhinolophus ferrumequinum,0.036,0.036,-1,Echolocation,/mnt/ubna_data_02_mir/recover-20221013/UBNA_001/20221012_030000.WAV,Telephone Field,recover-20221013,001,1795
268.3705,268.4114,68437,82563,Rhinolophus ferrumequinum,0.024,0.024,-1,Echolocation,/mnt/ubna_data_02_mir/recover-20221013/UBNA_001/20221012_030000.WAV,Telephone Field,recover-20221013,001,1795
268.3785,268.3863,26328,35219,Eptesicus serotinus,0.007,0.021,-1,Echolocation,/mnt/ubna_data_02_mir/recover-20221013/UBNA_001/20221012_030000.WAV,Telephone Field,recover-20221013,001,1795
268.3995,268.4099,22890,28537,Nyctalus leisleri,0.015,0.036,-1,Echolocation,/mnt/ubna_data_02_mir/recover-20221013/UBNA_001/20221012_030000.WAV,Telephone Field,recover-20221013,001,1795
268.4275,268.4635,68437,80761,Rhinolophus ferrumequinum,0.021,0.021,-1,Echolocation,/mnt/ubna_data_02_mir/recover-20221013/UBNA_001/20221012_030000.WAV,Telephone Field,recover-20221013,001,1795
268.4375,268.4732,68437,82064,Rhinolophus ferrumequinum,0.021,0.021,-1,Echolocation,/mnt/ubna_data_02_mir/recover-20221013/UBNA_001/20221012_030000.WAV,Telephone Field,recover-20221013,001,1795
268.45550000000003,268.4645,24609,31914,Eptesicus serotinus,0.006,0.021,-1,Echolocation,/mnt/ubna_data_02_mir/recover-20221013/UBNA_001/20221012_030000.WAV,Telephone Field,recover-20221013,001,1795
268.4815,268.4905,28046,36027,Eptesicus serotinus,0.008,0.021,-1,Echolocation,/mnt/ubna_data_02_mir/recover-20221013/UBNA_001/20221012_030000.WAV,Telephone Field,recover-20221013,001,1795
268.4935,268.5327,68437,82790,Rhinolophus ferrumequinum,0.027,0.027,-1,Echolocation,/mnt/ubna_data_02_mir/recover-20221013/UBNA_001/20221012_030000.WAV,Telephone Field,recover-20221013,001,1795
268.5325,268.5436,26328,32841,Eptesicus serotinus,0.028,0.075,-1,Echolocation,/mnt/ubna_data_02_mir/recover-20221013/UBNA_001/20221012_030000.WAV,Telephone Field,recover-20221013,001,1795
268.5635,268.6011,68437,82431,Rhinolophus ferrumequinum,0.024,0.024,-1,Echolocation,/mnt/ubna_data_02_mir/recover-20221013/UBNA_001/20221012_030000.WAV,Telephone Field,recover-20221013,001,1795
268.5895,268.625,68437,81350,Rhinolophus ferrumequinum,0.023,0.023,-1,Echolocation,/mnt/ubna_data_02_mir/recover-20221013/UBNA_001/20221012_030000.WAV,Telephone Field,recover-20221013,001,1795
268.60450000000003,268.6404,68437,81573,Rhinolophus ferrumequinum,0.023,0.023,-1,Echolocation,/mnt/ubna_data_02_mir/recover-20221013/UBNA_001/20221012_030000.WAV,Telephone Field,recover-20221013,001,1795
268.6205,268.635,44375,47344,Pipistrellus pipistrellus,0.036,0.042,-1,Echolocation,/mnt/ubna_data_02_mir/recover-20221013/UBNA_001/20221012_030000.WAV,Telephone Field,recover-20221013,001,1795
268.6205,268.6592,68437,81842,Rhinolophus ferrumequinum,0.022,0.022,-1,Echolocation,/mnt/ubna_data_02_mir/recover-20221013/UBNA_001/20221012_030000.WAV,Telephone Field,recover-20221013,001,1795
268.6465,268.6876,68437,82268,Rhinolophus ferrumequinum,0.027,0.027,-1,Echolocation,/mnt/ubna_data_02_mir/recover-20221013/UBNA_001/20221012_030000.WAV,Telephone Field,recover-20221013,001,1795
268.6545,268.664,23750,31125,Nyctalus leisleri,0.007,0.022,-1,Echolocation,/mnt/ubna_data_02_mir/recover-20221013/UBNA_001/20221012_030000.WAV,Telephone Field,recover-20221013,001,1795
268.7145,268.752,68437,82038,Rhinolophus ferrumequinum,0.021,0.021,-1,Echolocation,/mnt/ubna_data_02_mir/recover-20221013/UBNA_001/20221012_030000.WAV,Telephone Field,recover-20221013,001,1795
268.7195,268.7564,68437,82002,Rhinolophus ferrumequinum,0.021,0.021,-1,Echolocation,/mnt/ubna_data_02_mir/recover-20221013/UBNA_001/20221012_030000.WAV,Telephone Field,recover-20221013,001,1795
268.7455,268.7873,68437,82790,Rhinolophus ferrumequinum,0.033,0.033,-1,Echolocation,/mnt/ubna_data_02_mir/recover-20221013/UBNA_001/20221012_030000.WAV,Telephone Field,recover-20221013,001,1795
268.7715,268.8077,68437,81365,Rhinolophus ferrumequinum,0.02,0.021,-1,Echolocation,/mnt/ubna_data_02_mir/recover-20221013/UBNA_001/20221012_030000.WAV,Telephone Field,recover-20221013,001,1795
268.7935,268.8002,28046,41413,Eptesicus serotinus,0.006,0.023,-1,Echolocation,/mnt/ubna_data_02_mir/recover-20221013/UBNA_001/20221012_030000.WAV,Telephone Field,recover-20221013,001,1795
268.8455,268.8534,24609,33008,Plecotus austriacus,0.008,0.026,-1,Echolocation,/mnt/ubna_data_02_mir/recover-20221013/UBNA_001/20221012_030000.WAV,Telephone Field,recover-20221013,001,1795
268.8735,268.9142,68437,82826,Rhinolophus ferrumequinum,0.022,0.022,-1,Echolocation,/mnt/ubna_data_02_mir/recover-20221013/UBNA_001/20221012_030000.WAV,Telephone Field,recover-20221013,001,1795
268.9485,268.985,68437,81432,Rhinolophus ferrumequinum,0.024,0.024,-1,Echolocation,/mnt/ubna_data_02_mir/recover-20221013/UBNA_001/20221012_030000.WAV,Telephone Field,recover-20221013,001,1795
268.9665,268.9796,22890,27114,Nyctalus leisleri,0.024,0.042,-1,Echolocation,/mnt/ubna_data_02_mir/recover-20221013/UBNA_001/20221012_030000.WAV,Telephone Field,recover-20221013,001,1795
269.0275,269.0683,68437,82995,Rhinolophus ferrumequinum,0.032,0.032,-1,Echolocation,/mnt/ubna_data_02_mir/recover-20221013/UBNA_001/20221012_030000.WAV,Telephone Field,recover-20221013,001,1795
269.0475,269.0875,68437,82323,Rhinolophus ferrumequinum,0.022,0.022,-1,Echolocation,/mnt/ubna_data_02_mir/recover-20221013/UBNA_001/20221012_030000.WAV,Telephone Field,recover-20221013,001,1795
269.0475,269.0568,23750,31016,Nyctalus leisleri,0.006,0.021,-1,Echolocation,/mnt/ubna_data_02_mir/recover-20221013/UBNA_001/20221012_030000.WAV,Telephone Field,recover-20221013,001,1795
269.0695,269.10450000000003,68437,81625,Rhinolophus ferrumequinum,0.021,0.021,-1,Echolocation,/mnt/ubna_data_02_mir/recover-20221013/UBNA_001/20221012_030000.WAV,Telephone Field,recover-20221013,001,1795
269.0975,269.1046,28046,40579,Eptesicus serotinus,0.009,0.032,-1,Echolocation,/mnt/ubna_data_02_mir/recover-20221013/UBNA_001/20221012_030000.WAV,Telephone Field,recover-20221013,001,1795
269.1205,269.1293,44375,50316,Pipistrellus pipistrellus,0.02,0.023,-1,Echolocation,/mnt/ubna_data_02_mir/recover-20221013/UBNA_001/20221012_030000.WAV,Telephone Field,recover-20221013,001,1795
269.1325,269.1736,68437,82452,Rhinolophus ferrumequinum,0.023,0.023,-1,Echolocation,/mnt/ubna_data_02_mir/recover-20221013/UBNA_001/20221012_030000.WAV,Telephone Field,recover-20221013,001,1795
269.1425,269.184,68437,82706,Rhinolophus ferrumequinum,0.023,0.023,-1,Echolocation,/mnt/ubna_data_02_mir/recover-20221013/UBNA_001/20221012_030000.WAV,Telephone Field,recover-20221013,001,1795
269.1535,269.1673,22890,28429,Nyctalus leisleri,0.034,0.076,-1,Echolocation,/mnt/ubna_data_02_mir/recover-20221013/UBNA_001/20221012_030000.WAV,Telephone Field,recover-20221013,001,1795
269.1725,269.21569999999997,68437,83306,Rhinolophus ferrumequinum,0.027,0.027,-1,Echolocation,/mnt/ubna_data_02_mir/recover-20221013/UBNA_001/20221012_030000.WAV,Telephone Field,recover-20221013,001,1795
269.2175,269.2562,68437,82034,Rhinolophus ferrumequinum,0.02,0.02,-1,Echolocation,/mnt/ubna_data_02_mir/recover-20221013/UBNA_001/20221012_030000.WAV,Telephone Field,recover-20221013,001,1795
269.2185,269.2253,28046,39823,Eptesicus serotinus,0.006,0.023,-1,Echolocation,/mnt/ubna_data_02_mir/recover-20221013/UBNA_001/20221012_030000.WAV,Telephone Field,recover-20221013,001,1795
269.3025,269.3098,27187,39699,Eptesicus serotinus,0.006,0.021,-1,Echolocation,/mnt/ubna_data_02_mir/recover-20221013/UBNA_001/20221012_030000.WAV,Telephone Field,recover-20221013,001,1795
269.3115,269.3485,68437,81973,Rhinolophus ferrumequinum,0.023,0.023,-1,Echolocation,/mnt/ubna_data_02_mir/recover-20221013/UBNA_001/20221012_030000.WAV,Telephone Field,recover-20221013,001,1795
269.3225,269.3326,28906,36907,Eptesicus serotinus,0.009,0.024,-1,Echolocation,/mnt/ubna_data_02_mir/recover-20221013/UBNA_001/20221012_030000.WAV,Telephone Field,recover-20221013,001,1795
269.3315,269.3759,68437,83104,Rhinolophus ferrumequinum,0.029,0.029,-1,Echolocation,/mnt/ubna_data_02_mir/recover-20221013/UBNA_001/20221012_030000.WAV,Telephone Field,recover-20221013,001,1795
269.3475,269.364,20312,23865,Nyctalus leisleri,0.013,0.028,-1,Echolocation,/mnt/ubna_data_02_mir/recover-20221013/UBNA_001/20221012_030000.WAV,Telephone Field,recover-20221013,001,1795
269.3755,269.3944,19453,22531,Nyctalus leisleri,0.009,0.021,-1,Echolocation,/mnt/ubna_data_02_mir/recover-20221013/UBNA_001/20221012_030000.WAV,Telephone Field,recover-20221013,001,1795
269.4025,269.4415,68437,82256,Rhinolophus ferrumequinum,0.021,0.021,-1,Echolocation,/mnt/ubna_data_02_mir/recover-20221013/UBNA_001/20221012_030000.WAV,Telephone Field,recover-20221013,001,1795
269.4275,269.4351,28046,39864,Eptesicus serotinus,0.008,0.027,-1,Echolocation,/mnt/ubna_data_02_mir/recover-20221013/UBNA_001/20221012_030000.WAV,Telephone Field,recover-20221013,001,1795
269.4315,269.4688,68437,82304,Rhinolophus ferrumequinum,0.022,0.022,-1,Echolocation,/mnt/ubna_data_02_mir/recover-20221013/UBNA_001/20221012_030000.WAV,Telephone Field,recover-20221013,001,1795
269.4515,269.4601,22890,29975,Plecotus austriacus,0.008,0.022,-1,Echolocation,/mnt/ubna_data_02_mir/recover-20221013/UBNA_001/20221012_030000.WAV,Telephone Field,recover-20221013,001,1795
269.4775,269.5154,68437,81881,Rhinolophus ferrumequinum,0.023,0.023,-1,Echolocation,/mnt/ubna_data_02_mir/recover-20221013/UBNA_001/20221012_030000.WAV,Telephone Field,recover-20221013,001,1795
269.5035,269.5134,22890,29441,Nyctalus leisleri,0.01,0.029,-1,Echolocation,/mnt/ubna_data_02_mir/recover-20221013/UBNA_001/20221012_030000.WAV,Telephone Field,recover-20221013,001,1795
269.5165,269.5537,68437,81900,Rhinolophus ferrumequinum,0.02,0.02,-1,Echolocation,/mnt/ubna_data_02_mir/recover-20221013/UBNA_001/20221012_030000.WAV,Telephone Field,recover-20221013,001,1795
269.5215,269.5309,28046,37023,Eptesicus serotinus,0.012,0.03,-1,Echolocation,/mnt/ubna_data_02_mir/recover-20221013/UBNA_001/20221012_030000.WAV,Telephone Field,recover-20221013,001,1795
269.5355,269.5734,68437,82325,Rhinolophus ferrumequinum,0.021,0.021,-1,Echolocation,/mnt/ubna_data_02_mir/recover-20221013/UBNA_001/20221012_030000.WAV,Telephone Field,recover-20221013,001,1795
269.5475,269.5568,22890,28900,Nyctalus leisleri,0.007,0.021,-1,Echolocation,/mnt/ubna_data_02_mir/recover-20221013/UBNA_001/20221012_030000.WAV,Telephone Field,recover-20221013,001,1795
269.5555,269.5917,68437,81341,Rhinolophus ferrumequinum,0.021,0.021,-1,Echolocation,/mnt/ubna_data_02_mir/recover-20221013/UBNA_001/20221012_030000.WAV,Telephone Field,recover-20221013,001,1795
269.5695,269.6079,68437,82225,Rhinolophus ferrumequinum,0.022,0.022,-1,Echolocation,/mnt/ubna_data_02_mir/recover-20221013/UBNA_001/20221012_030000.WAV,Telephone Field,recover-20221013,001,1795
269.5785,269.6159,68437,82733,Rhinolophus ferrumequinum,0.023,0.023,-1,Echolocation,/mnt/ubna_data_02_mir/recover-20221013/UBNA_001/20221012_030000.WAV,Telephone Field,recover-20221013,001,1795
269.5975,269.6382,68437,83025,Rhinolophus ferrumequinum,0.03,0.03,-1,Echolocation,/mnt/ubna_data_02_mir/recover-20221013/UBNA_001/20221012_030000.WAV,Telephone Field,recover-20221013,001,1795
269.6095,269.6191,28906,37166,Eptesicus serotinus,0.008,0.021,-1,Echolocation,/mnt/ubna_data_02_mir/recover-20221013/UBNA_001/20221012_030000.WAV,Telephone Field,recover-20221013,001,1795
269.6315,269.6725,68437,83071,Rhinolophus ferrumequinum,0.031,0.031,-1,Echolocation,/mnt/ubna_data_02_mir/recover-20221013/UBNA_001/20221012_030000.WAV,Telephone Field,recover-20221013,001,1795
269.6515,269.6587,28046,37900,Eptesicus serotinus,0.006,0.023,-1,Echolocation,/mnt/ubna_data_02_mir/recover-20221013/UBNA_001/20221012_030000.WAV,Telephone Field,recover-20221013,001,1795
269.6965,269.7345,68437,81736,Rhinolophus ferrumequinum,0.022,0.022,-1,Echolocation,/mnt/ubna_data_02_mir/recover-20221013/UBNA_001/20221012_030000.WAV,Telephone Field,recover-20221013,001,1795
269.7265,269.7323,28906,41865,Myotis daubentonii,0.017,0.068,-1,Echolocation,/mnt/ubna_data_02_mir/recover-20221013/UBNA_001/20221012_030000.WAV,Telephone Field,recover-20221013,001,1795
269.7615,269.8005,68437,81970,Rhinolophus ferrumequinum,0.022,0.022,-1,Echolocation,/mnt/ubna_data_02_mir/recover-20221013/UBNA_001/20221012_030000.WAV,Telephone Field,recover-20221013,001,1795
269.77049999999997,269.8132,68437,83208,Rhinolophus ferrumequinum,0.027,0.027,-1,Echolocation,/mnt/ubna_data_02_mir/recover-20221013/UBNA_001/20221012_030000.WAV,Telephone Field,recover-20221013,001,1795
269.8155,269.8245,28906,39400,Eptesicus serotinus,0.008,0.023,-1,Echolocation,/mnt/ubna_data_02_mir/recover-20221013/UBNA_001/20221012_030000.WAV,Telephone Field,recover-20221013,001,1795
269.8165,269.8523,68437,81591,Rhinolophus ferrumequinum,0.02,0.021,-1,Echolocation,/mnt/ubna_data_02_mir/recover-20221013/UBNA_001/20221012_030000.WAV,Telephone Field,recover-20221013,001,1795
269.8355,269.8738,68437,82299,Rhinolophus ferrumequinum,0.023,0.023,-1,Echolocation,/mnt/ubna_data_02_mir/recover-20221013/UBNA_001/20221012_030000.WAV,Telephone Field,recover-20221013,001,1795
269.8455,269.8859,68437,82201,Rhinolophus ferrumequinum,0.021,0.021,-1,Echolocation,/mnt/ubna_data_02_mir/recover-20221013/UBNA_001/20221012_030000.WAV,Telephone Field,recover-20221013,001,1795
269.8875,269.926,68437,81757,Rhinolophus ferrumequinum,0.021,0.021,-1,Echolocation,/mnt/ubna_data_02_mir/recover-20221013/UBNA_001/20221012_030000.WAV,Telephone Field,recover-20221013,001,1795
269.9145,269.9534,68437,81895,Rhinolophus ferrumequinum,0.025,0.025,-1,Echolocation,/mnt/ubna_data_02_mir/recover-20221013/UBNA_001/20221012_030000.WAV,Telephone Field,recover-20221013,001,1795
269.9255,269.9681,68437,82733,Rhinolophus ferrumequinum,0.022,0.022,-1,Echolocation,/mnt/ubna_data_02_mir/recover-20221013/UBNA_001/20221012_030000.WAV,Telephone Field,recover-20221013,001,1795
269.9305,269.9436,36640,41603,Pipistrellus nathusii,0.017,0.028,-1,Echolocation,/mnt/ubna_data_02_mir/recover-20221013/UBNA_001/20221012_030000.WAV,Telephone Field,recover-20221013,001,1795
270.0015,270.0359,68437,80923,Rhinolophus ferrumequinum,0.045,0.045,-1,Echolocation,/mnt/ubna_data_02_mir/recover-20221013/UBNA_001/20221012_030000.WAV,Telephone Field,recover-20221013,001,1795
270.0015,270.01,26328,35867,Nyctalus leisleri,0.007,0.025,-1,Echolocation,/mnt/ubna_data_02_mir/recover-20221013/UBNA_001/20221012_030000.WAV,Telephone Field,recover-20221013,001,1795
270.0075,270.0536,68437,82611,Rhinolophus ferrumequinum,0.021,0.021,-1,Echolocation,/mnt/ubna_data_02_mir/recover-20221013/UBNA_001/20221012_030000.WAV,Telephone Field,recover-20221013,001,1795
270.0215,270.0315,22890,28134,Nyctalus leisleri,0.01,0.022,-1,Echolocation,/mnt/ubna_data_02_mir/recover-20221013/UBNA_001/20221012_030000.WAV,Telephone Field,recover-20221013,001,1795
270.0305,270.0692,68437,82262,Rhinolophus ferrumequinum,0.023,0.023,-1,Echolocation,/mnt/ubna_data_02_mir/recover-20221013/UBNA_001/20221012_030000.WAV,Telephone Field,recover-20221013,001,1795
270.0385,270.0794,68437,82453,Rhinolophus ferrumequinum,0.023,0.023,-1,Echolocation,/mnt/ubna_data_02_mir/recover-20221013/UBNA_001/20221012_030000.WAV,Telephone Field,recover-20221013,001,1795
270.0425,270.05,27187,40475,Eptesicus serotinus,0.007,0.022,-1,Echolocation,/mnt/ubna_data_02_mir/recover-20221013/UBNA_001/20221012_030000.WAV,Telephone Field,recover-20221013,001,1795
270.0635,270.1049,68437,82276,Rhinolophus ferrumequinum,0.025,0.025,-1,Echolocation,/mnt/ubna_data_02_mir/recover-20221013/UBNA_001/20221012_030000.WAV,Telephone Field,recover-20221013,001,1795
270.1035,270.1433,68437,82070,Rhinolophus ferrumequinum,0.023,0.023,-1,Echolocation,/mnt/ubna_data_02_mir/recover-20221013/UBNA_001/20221012_030000.WAV,Telephone Field,recover-20221013,001,1795
270.1175,270.1579,68437,82564,Rhinolophus ferrumequinum,0.034,0.034,-1,Echolocation,/mnt/ubna_data_02_mir/recover-20221013/UBNA_001/20221012_030000.WAV,Telephone Field,recover-20221013,001,1795
270.1785,270.2158,68437,81203,Rhinolophus ferrumequinum,0.023,0.023,-1,Echolocation,/mnt/ubna_data_02_mir/recover-20221013/UBNA_001/20221012_030000.WAV,Telephone Field,recover-20221013,001,1795
270.1895,270.2234,68437,80843,Rhinolophus ferrumequinum,0.034,0.034,-1,Echolocation,/mnt/ubna_data_02_mir/recover-20221013/UBNA_001/20221012_030000.WAV,Telephone Field,recover-20221013,001,1795
270.2135,270.2239,22890,26979,Nyctalus leisleri,0.012,0.023,-1,Echolocation,/mnt/ubna_data_02_mir/recover-20221013/UBNA_001/20221012_030000.WAV,Telephone Field,recover-20221013,001,1795
270.2375,270.2781,68437,81902,Rhinolophus ferrumequinum,0.022,0.022,-1,Echolocation,/mnt/ubna_data_02_mir/recover-20221013/UBNA_001/20221012_030000.WAV,Telephone Field,recover-20221013,001,1795
270.2435,270.2827,68437,81730,Rhinolophus ferrumequinum,0.022,0.022,-1,Echolocation,/mnt/ubna_data_02_mir/recover-20221013/UBNA_001/20221012_030000.WAV,Telephone Field,recover-20221013,001,1795
270.2445,270.2546,23750,29805,Nyctalus leisleri,0.008,0.021,-1,Echolocation,/mnt/ubna_data_02_mir/recover-20221013/UBNA_001/20221012_030000.WAV,Telephone Field,recover-20221013,001,1795
270.2695,270.3089,68437,81933,Rhinolophus ferrumequinum,0.022,0.022,-1,Echolocation,/mnt/ubna_data_02_mir/recover-20221013/UBNA_001/20221012_030000.WAV,Telephone Field,recover-20221013,001,1795
270.2985,270.3358,68437,81853,Rhinolophus ferrumequinum,0.022,0.022,-1,Echolocation,/mnt/ubna_data_02_mir/recover-20221013/UBNA_001/20221012_030000.WAV,Telephone Field,recover-20221013,001,1795
270.3455,270.387,68437,82202,Rhinolophus ferrumequinum,0.024,0.024,-1,Echolocation,/mnt/ubna_data_02_mir/recover-20221013/UBNA_001/20221012_030000.WAV,Telephone Field,recover-20221013,001,1795
270.3735,270.4091,68437,82047,Rhinolophus ferrumequinum,0.027,0.028,-1,Echolocation,/mnt/ubna_data_02_mir/recover-20221013/UBNA_001/20221012_030000.WAV,Telephone Field,recover-20221013,001,1795
270.4075,270.4472,68437,82257,Rhinolophus ferrumequinum,0.021,0.021,-1,Echolocation,/mnt/ubna_data_02_mir/recover-20221013/UBNA_001/20221012_030000.WAV,Telephone Field,recover-20221013,001,1795
270.4375,270.4755,68437,81663,Rhinolophus ferrumequinum,0.022,0.022,-1,Echolocation,/mnt/ubna_data_02_mir/recover-20221013/UBNA_001/20221012_030000.WAV,Telephone Field,recover-20221013,001,1795
270.4565,270.4955,68437,82224,Rhinolophus ferrumequinum,0.023,0.023,-1,Echolocation,/mnt/ubna_data_02_mir/recover-20221013/UBNA_001/20221012_030000.WAV,Telephone Field,recover-20221013,001,1795
270.4875,270.5279,68437,82358,Rhinolophus ferrumequinum,0.024,0.024,-1,Echolocation,/mnt/ubna_data_02_mir/recover-20221013/UBNA_001/20221012_030000.WAV,Telephone Field,recover-20221013,001,1795
270.5115,270.5213,24609,30965,Nyctalus leisleri,0.008,0.023,-1,Echolocation,/mnt/ubna_data_02_mir/recover-20221013/UBNA_001/20221012_030000.WAV,Telephone Field,recover-20221013,001,1795
270.5185,270.5578,68437,82507,Rhinolophus ferrumequinum,0.022,0.022,-1,Echolocation,/mnt/ubna_data_02_mir/recover-20221013/UBNA_001/20221012_030000.WAV,Telephone Field,recover-20221013,001,1795
270.5295,270.5412,39218,45169,Pipistrellus nathusii,0.011,0.027,-1,Echolocation,/mnt/ubna_data_02_mir/recover-20221013/UBNA_001/20221012_030000.WAV,Telephone Field,recover-20221013,001,1795
270.5635,270.5997,68437,81927,Rhinolophus ferrumequinum,0.024,0.024,-1,Echolocation,/mnt/ubna_data_02_mir/recover-20221013/UBNA_001/20221012_030000.WAV,Telephone Field,recover-20221013,001,1795
270.5765,270.6175,68437,82241,Rhinolophus ferrumequinum,0.023,0.023,-1,Echolocation,/mnt/ubna_data_02_mir/recover-20221013/UBNA_001/20221012_030000.WAV,Telephone Field,recover-20221013,001,1795
270.5965,270.635,68437,82003,Rhinolophus ferrumequinum,0.023,0.023,-1,Echolocation,/mnt/ubna_data_02_mir/recover-20221013/UBNA_001/20221012_030000.WAV,Telephone Field,recover-20221013,001,1795
270.6215,270.6639,68437,82721,Rhinolophus ferrumequinum,0.027,0.027,-1,Echolocation,/mnt/ubna_data_02_mir/recover-20221013/UBNA_001/20221012_030000.WAV,Telephone Field,recover-20221013,001,1795
270.6265,270.6371,22031,26435,Nyctalus leisleri,0.011,0.021,-1,Echolocation,/mnt/ubna_data_02_mir/recover-20221013/UBNA_001/20221012_030000.WAV,Telephone Field,recover-20221013,001,1795
270.6425,270.6516,25468,33378,Eptesicus serotinus,0.007,0.021,-1,Echolocation,/mnt/ubna_data_02_mir/recover-20221013/UBNA_001/20221012_030000.WAV,Telephone Field,recover-20221013,001,1795
270.6605,270.7016,68437,82129,Rhinolophus ferrumequinum,0.035,0.035,-1,Echolocation,/mnt/ubna_data_02_mir/recover-20221013/UBNA_001/20221012_030000.WAV,Telephone Field,recover-20221013,001,1795
270.6675,270.6771,28046,37554,Eptesicus serotinus,0.01,0.023,-1,Echolocation,/mnt/ubna_data_02_mir/recover-20221013/UBNA_001/20221012_030000.WAV,Telephone Field,recover-20221013,001,1795
270.6825,270.7185,68437,81411,Rhinolophus ferrumequinum,0.021,0.022,-1,Echolocation,/mnt/ubna_data_02_mir/recover-20221013/UBNA_001/20221012_030000.WAV,Telephone Field,recover-20221013,001,1795
270.7015,270.7139,22031,26041,Nyctalus leisleri,0.016,0.027,-1,Echolocation,/mnt/ubna_data_02_mir/recover-20221013/UBNA_001/20221012_030000.WAV,Telephone Field,recover-20221013,001,1795
270.7025,270.7452,68437,82796,Rhinolophus ferrumequinum,0.025,0.025,-1,Echolocation,/mnt/ubna_data_02_mir/recover-20221013/UBNA_001/20221012_030000.WAV,Telephone Field,recover-20221013,001,1795
270.7285,270.77,68437,82754,Rhinolophus ferrumequinum,0.027,0.027,-1,Echolocation,/mnt/ubna_data_02_mir/recover-20221013/UBNA_001/20221012_030000.WAV,Telephone Field,recover-20221013,001,1795
270.7485,270.7689,19453,22246,Nyctalus leisleri,0.017,0.031,-1,Echolocation,/mnt/ubna_data_02_mir/recover-20221013/UBNA_001/20221012_030000.WAV,Telephone Field,recover-20221013,001,1795
270.7825,270.8187,68437,81912,Rhinolophus ferrumequinum,0.022,0.022,-1,Echolocation,/mnt/ubna_data_02_mir/recover-20221013/UBNA_001/20221012_030000.WAV,Telephone Field,recover-20221013,001,1795
270.8125,270.8497,68437,81976,Rhinolophus ferrumequinum,0.032,0.032,-1,Echolocation,/mnt/ubna_data_02_mir/recover-20221013/UBNA_001/20221012_030000.WAV,Telephone Field,recover-20221013,001,1795
270.8625,270.902,68437,82123,Rhinolophus ferrumequinum,0.021,0.021,-1,Echolocation,/mnt/ubna_data_02_mir/recover-20221013/UBNA_001/20221012_030000.WAV,Telephone Field,recover-20221013,001,1795
270.8915,270.9326,68437,82606,Rhinolophus ferrumequinum,0.027,0.027,-1,Echolocation,/mnt/ubna_data_02_mir/recover-20221013/UBNA_001/20221012_030000.WAV,Telephone Field,recover-20221013,001,1795
270.9045,270.9425,68437,81810,Rhinolophus ferrumequinum,0.023,0.024,-1,Echolocation,/mnt/ubna_data_02_mir/recover-20221013/UBNA_001/20221012_030000.WAV,Telephone Field,recover-20221013,001,1795
270.9115,270.9213,28046,37954,Eptesicus serotinus,0.012,0.026,-1,Echolocation,/mnt/ubna_data_02_mir/recover-20221013/UBNA_001/20221012_030000.WAV,Telephone Field,recover-20221013,001,1795
270.9435,270.9545,28906,36481,Eptesicus serotinus,0.011,0.023,-1,Echolocation,/mnt/ubna_data_02_mir/recover-20221013/UBNA_001/20221012_030000.WAV,Telephone Field,recover-20221013,001,1795
270.9805,271.0205,68437,82573,Rhinolophus ferrumequinum,0.03,0.03,-1,Echolocation,/mnt/ubna_data_02_mir/recover-20221013/UBNA_001/20221012_030000.WAV,Telephone Field,recover-20221013,001,1795
270.9875,270.9953,25468,33660,Plecotus austriacus,0.005,0.021,-1,Echolocation,/mnt/ubna_data_02_mir/recover-20221013/UBNA_001/20221012_030000.WAV,Telephone Field,recover-20221013,001,1795
270.9995,271.0405,68437,82943,Rhinolophus ferrumequinum,0.024,0.024,-1,Echolocation,/mnt/ubna_data_02_mir/recover-20221013/UBNA_001/20221012_030000.WAV,Telephone Field,recover-20221013,001,1795
271.0415,271.0789,68437,81946,Rhinolophus ferrumequinum,0.023,0.023,-1,Echolocation,/mnt/ubna_data_02_mir/recover-20221013/UBNA_001/20221012_030000.WAV,Telephone Field,recover-20221013,001,1795
271.0605,271.069,25468,33604,Eptesicus serotinus,0.008,0.024,-1,Echolocation,/mnt/ubna_data_02_mir/recover-20221013/UBNA_001/20221012_030000.WAV,Telephone Field,recover-20221013,001,1795
271.0845,271.1209,68437,81481,Rhinolophus ferrumequinum,0.022,0.022,-1,Echolocation,/mnt/ubna_data_02_mir/recover-20221013/UBNA_001/20221012_030000.WAV,Telephone Field,recover-20221013,001,1795
271.0975,271.1371,68437,81412,Rhinolophus ferrumequinum,0.028,0.028,-1,Echolocation,/mnt/ubna_data_02_mir/recover-20221013/UBNA_001/20221012_030000.WAV,Telephone Field,recover-20221013,001,1795
271.1185,271.1585,68437,82094,Rhinolophus ferrumequinum,0.021,0.021,-1,Echolocation,/mnt/ubna_data_02_mir/recover-20221013/UBNA_001/20221012_030000.WAV,Telephone Field,recover-20221013,001,1795
271.1385,271.179,68437,81676,Rhinolophus ferrumequinum,0.021,0.021,-1,Echolocation,/mnt/ubna_data_02_mir/recover-20221013/UBNA_001/20221012_030000.WAV,Telephone Field,recover-20221013,001,1795
271.1725,271.2173,68437,83666,Rhinolophus ferrumequinum,0.046,0.046,-1,Echolocation,/mnt/ubna_data_02_mir/recover-20221013/UBNA_001/20221012_030000.WAV,Telephone Field,recover-20221013,001,1795
271.1805,271.1891,28906,39293,Eptesicus serotinus,0.008,0.021,-1,Echolocation,/mnt/ubna_data_02_mir/recover-20221013/UBNA_001/20221012_030000.WAV,Telephone Field,recover-20221013,001,1795
271.2015,271.2403,68437,82381,Rhinolophus ferrumequinum,0.023,0.023,-1,Echolocation,/mnt/ubna_data_02_mir/recover-20221013/UBNA_001/20221012_030000.WAV,Telephone Field,recover-20221013,001,1795
271.2545,271.2938,68437,82551,Rhinolophus ferrumequinum,0.025,0.025,-1,Echolocation,/mnt/ubna_data_02_mir/recover-20221013/UBNA_001/20221012_030000.WAV,Telephone Field,recover-20221013,001,1795
271.2725,271.3108,68437,82621,Rhinolophus ferrumequinum,0.027,0.027,-1,Echolocation,/mnt/ubna_data_02_mir/recover-20221013/UBNA_001/20221012_030000.WAV,Telephone Field,recover-20221013,001,1795
271.2835,271.3245,68437,82794,Rhinolophus ferrumequinum,0.031,0.031,-1,Echolocation,/mnt/ubna_data_02_mir/recover-20221013/UBNA_001/20221012_030000.WAV,Telephone Field,recover-20221013,001,1795
271.2965,271.3042,28906,40650,Eptesicus serotinus,0.01,0.028,-1,Echolocation,/mnt/ubna_data_02_mir/recover-20221013/UBNA_001/20221012_030000.WAV,Telephone Field,recover-20221013,001,1795
271.3125,271.3534,68437,82537,Rhinolophus ferrumequinum,0.022,0.022,-1,Echolocation,/mnt/ubna_data_02_mir/recover-20221013/UBNA_001/20221012_030000.WAV,Telephone Field,recover-20221013,001,1795
271.3315,271.3417,26328,33759,Eptesicus serotinus,0.012,0.026,-1,Echolocation,/mnt/ubna_data_02_mir/recover-20221013/UBNA_001/20221012_030000.WAV,Telephone Field,recover-20221013,001,1795
271.3695,271.407,68437,81467,Rhinolophus ferrumequinum,0.023,0.023,-1,Echolocation,/mnt/ubna_data_02_mir/recover-20221013/UBNA_001/20221012_030000.WAV,Telephone Field,recover-20221013,001,1795
271.3795,271.4198,68437,82860,Rhinolophus ferrumequinum,0.028,0.028,-1,Echolocation,/mnt/ubna_data_02_mir/recover-20221013/UBNA_001/20221012_030000.WAV,Telephone Field,recover-20221013,001,1795
271.4505,271.4885,68437,81847,Rhinolophus ferrumequinum,0.021,0.021,-1,Echolocation,/mnt/ubna_data_02_mir/recover-20221013/UBNA_001/20221012_030000.WAV,Telephone Field,recover-20221013,001,1795
271.4565,271.4691,25468,30676,Nyctalus leisleri,0.012,0.026,-1,Echolocation,/mnt/ubna_data_02_mir/recover-20221013/UBNA_001/20221012_030000.WAV,Telephone Field,recover-20221013,001,1795
271.4735,271.4809,28046,37032,Eptesicus serotinus,0.009,0.022,-1,Echolocation,/mnt/ubna_data_02_mir/recover-20221013/UBNA_001/20221012_030000.WAV,Telephone Field,recover-20221013,001,1795
271.4735,271.5137,68437,82593,Rhinolophus ferrumequinum,0.032,0.032,-1,Echolocation,/mnt/ubna_data_02_mir/recover-20221013/UBNA_001/20221012_030000.WAV,Telephone Field,recover-20221013,001,1795
271.4935,271.5338,68437,81408,Rhinolophus ferrumequinum,0.021,0.021,-1,Echolocation,/mnt/ubna_data_02_mir/recover-20221013/UBNA_001/20221012_030000.WAV,Telephone Field,recover-20221013,001,1795
271.5125,271.5531,68437,82665,Rhinolophus ferrumequinum,0.021,0.021,-1,Echolocation,/mnt/ubna_data_02_mir/recover-20221013/UBNA_001/20221012_030000.WAV,Telephone Field,recover-20221013,001,1795
271.5135,271.5237,23750,29763,Nyctalus leisleri,0.009,0.021,-1,Echolocation,/mnt/ubna_data_02_mir/recover-20221013/UBNA_001/20221012_030000.WAV,Telephone Field,recover-20221013,001,1795
271.5455,271.5849,68437,82537,Rhinolophus ferrumequinum,0.021,0.021,-1,Echolocation,/mnt/ubna_data_02_mir/recover-20221013/UBNA_001/20221012_030000.WAV,Telephone Field,recover-20221013,001,1795
271.5715,271.6125,68437,82506,Rhinolophus ferrumequinum,0.021,0.021,-1,Echolocation,/mnt/ubna_data_02_mir/recover-20221013/UBNA_001/20221012_030000.WAV,Telephone Field,recover-20221013,001,1795
271.6175,271.6603,68437,82113,Rhinolophus ferrumequinum,0.037,0.037,-1,Echolocation,/mnt/ubna_data_02_mir/recover-20221013/UBNA_001/20221012_030000.WAV,Telephone Field,recover-20221013,001,1795
271.6185,271.6268,25468,33998,Eptesicus serotinus,0.007,0.022,-1,Echolocation,/mnt/ubna_data_02_mir/recover-20221013/UBNA_001/20221012_030000.WAV,Telephone Field,recover-20221013,001,1795
271.6435,271.6836,68437,81999,Rhinolophus ferrumequinum,0.021,0.021,-1,Echolocation,/mnt/ubna_data_02_mir/recover-20221013/UBNA_001/20221012_030000.WAV,Telephone Field,recover-20221013,001,1795
271.6625,271.7026,68437,81979,Rhinolophus ferrumequinum,0.021,0.021,-1,Echolocation,/mnt/ubna_data_02_mir/recover-20221013/UBNA_001/20221012_030000.WAV,Telephone Field,recover-20221013,001,1795
271.6695,271.7065,68437,81208,Rhinolophus ferrumequinum,0.02,0.021,-1,Echolocation,/mnt/ubna_data_02_mir/recover-20221013/UBNA_001/20221012_030000.WAV,Telephone Field,recover-20221013,001,1795
271.6855,271.6974,23750,28802,Nyctalus leisleri,0.013,0.025,-1,Echolocation,/mnt/ubna_data_02_mir/recover-20221013/UBNA_001/20221012_030000.WAV,Telephone Field,recover-20221013,001,1795
271.6885,271.7316,68437,82861,Rhinolophus ferrumequinum,0.03,0.03,-1,Echolocation,/mnt/ubna_data_02_mir/recover-20221013/UBNA_001/20221012_030000.WAV,Telephone Field,recover-20221013,001,1795
271.7325,271.7706,68437,81421,Rhinolophus ferrumequinum,0.029,0.029,-1,Echolocation,/mnt/ubna_data_02_mir/recover-20221013/UBNA_001/20221012_030000.WAV,Telephone Field,recover-20221013,001,1795
271.7555,271.796,68437,82066,Rhinolophus ferrumequinum,0.021,0.021,-1,Echolocation,/mnt/ubna_data_02_mir/recover-20221013/UBNA_001/20221012_030000.WAV,Telephone Field,recover-20221013,001,1795
271.7615,271.7999,68437,81868,Rhinolophus ferrumequinum,0.021,0.021,-1,Echolocation,/mnt/ubna_data_02_mir/recover-20221013/UBNA_001/20221012_030000.WAV,Telephone Field,recover-20221013,001,1795
271.7905,271.8284,68437,81494,Rhinolophus ferrumequinum,0.021,0.021,-1,Echolocation,/mnt/ubna_data_02_mir/recover-20221013/UBNA_001/20221012_030000.WAV,Telephone Field,recover-20221013,001,1795
271.7965,271.8349,68437,81731,Rhinolophus ferrumequinum,0.021,0.021,-1,Echolocation,/mnt/ubna_data_02_mir/recover-20221013/UBNA_001/20221012_030000.WAV,Telephone Field,recover-20221013,001,1795
271.8205,271.8617,68437,81761,Rhinolophus ferrumequinum,0.023,0.023,-1,Echolocation,/mnt/ubna_data_02_mir/recover-20221013/UBNA_001/20221012_030000.WAV,Telephone Field,recover-20221013,001,1795
271.8255,271.8675,68437,82116,Rhinolophus ferrumequinum,0.024,0.024,-1,Echolocation,/mnt/ubna_data_02_mir/recover-20221013/UBNA_001/20221012_030000.WAV,Telephone Field,recover-20221013,001,1795
271.8265,271.8356,28906,36936,Eptesicus serotinus,0.008,0.022,-1,Echolocation,/mnt/ubna_data_02_mir/recover-20221013/UBNA_001/20221012_030000.WAV,Telephone Field,recover-20221013,001,1795
271.8325,271.8721,68437,82471,Rhinolophus ferrumequinum,0.023,0.023,-1,Echolocation,/mnt/ubna_data_02_mir/recover-20221013/UBNA_001/20221012_030000.WAV,Telephone Field,recover-20221013,001,1795
271.8755,271.9124,68437,81653,Rhinolophus ferrumequinum,0.023,0.023,-1,Echolocation,/mnt/ubna_data_02_mir/recover-20221013/UBNA_001/20221012_030000.WAV,Telephone Field,recover-20221013,001,1795
271.9305,271.9732,68437,83020,Rhinolophus ferrumequinum,0.027,0.027,-1,Echolocation,/mnt/ubna_data_02_mir/recover-20221013/UBNA_001/20221012_030000.WAV,Telephone Field,recover-20221013,001,1795
271.9575,271.9676,26328,33958,Eptesicus serotinus,0.011,0.024,-1,Echolocation,/mnt/ubna_data_02_mir/recover-20221013/UBNA_001/20221012_030000.WAV,Telephone Field,recover-20221013,001,1795
272.0015,272.011,25468,33993,Nyctalus leisleri,0.012,0.034,-1,Echolocation,/mnt/ubna_data_02_mir/recover-20221013/UBNA_001/20221012_030000.WAV,Telephone Field,recover-20221013,001,1795
272.0015,272.033,68437,79868,Rhinolophus ferrumequinum,0.033,0.033,-1,Echolocation,/mnt/ubna_data_02_mir/recover-20221013/UBNA_001/20221012_030000.WAV,Telephone Field,recover-20221013,001,1795
272.0015,272.0165,56406,62194,Pipistrellus pygmaeus,0.019,0.022,-1,Echolocation,/mnt/ubna_data_02_mir/recover-20221013/UBNA_001/20221012_030000.WAV,Telephone Field,recover-20221013,001,1795
272.0115,272.0194,26328,35550,Eptesicus serotinus,0.007,0.022,-1,Echolocation,/mnt/ubna_data_02_mir/recover-20221013/UBNA_001/20221012_030000.WAV,Telephone Field,recover-20221013,001,1795
272.0365,272.0475,22031,26728,Nyctalus leisleri,0.01,0.02,-1,Echolocation,/mnt/ubna_data_02_mir/recover-20221013/UBNA_001/20221012_030000.WAV,Telephone Field,recover-20221013,001,1795
272.0435,272.0818,68437,81986,Rhinolophus ferrumequinum,0.021,0.021,-1,Echolocation,/mnt/ubna_data_02_mir/recover-20221013/UBNA_001/20221012_030000.WAV,Telephone Field,recover-20221013,001,1795
272.0825,272.0915,28046,38736,Eptesicus serotinus,0.009,0.024,-1,Echolocation,/mnt/ubna_data_02_mir/recover-20221013/UBNA_001/20221012_030000.WAV,Telephone Field,recover-20221013,001,1795
272.0915,272.1025,28046,35947,Eptesicus serotinus,0.011,0.023,-1,Echolocation,/mnt/ubna_data_02_mir/recover-20221013/UBNA_001/20221012_030000.WAV,Telephone Field,recover-20221013,001,1795
272.0995,272.1096,23750,30655,Nyctalus leisleri,0.008,0.022,-1,Echolocation,/mnt/ubna_data_02_mir/recover-20221013/UBNA_001/20221012_030000.WAV,Telephone Field,recover-20221013,001,1795
272.1245,272.1634,68437,81967,Rhinolophus ferrumequinum,0.022,0.022,-1,Echolocation,/mnt/ubna_data_02_mir/recover-20221013/UBNA_001/20221012_030000.WAV,Telephone Field,recover-20221013,001,1795
272.1905,272.1999,22031,28492,Plecotus austriacus,0.008,0.022,-1,Echolocation,/mnt/ubna_data_02_mir/recover-20221013/UBNA_001/20221012_030000.WAV,Telephone Field,recover-20221013,001,1795
272.2095,272.2469,68437,81538,Rhinolophus ferrumequinum,0.028,0.028,-1,Echolocation,/mnt/ubna_data_02_mir/recover-20221013/UBNA_001/20221012_030000.WAV,Telephone Field,recover-20221013,001,1795
272.2675,272.3059,68437,81576,Rhinolophus ferrumequinum,0.021,0.021,-1,Echolocation,/mnt/ubna_data_02_mir/recover-20221013/UBNA_001/20221012_030000.WAV,Telephone Field,recover-20221013,001,1795
272.2745,272.3114,68437,81731,Rhinolophus ferrumequinum,0.02,0.02,-1,Echolocation,/mnt/ubna_data_02_mir/recover-20221013/UBNA_001/20221012_030000.WAV,Telephone Field,recover-20221013,001,1795
272.3145,272.3234,26328,35174,Eptesicus serotinus,0.01,0.023,-1,Echolocation,/mnt/ubna_data_02_mir/recover-20221013/UBNA_001/20221012_030000.WAV,Telephone Field,recover-20221013,001,1795
272.3465,272.3573,56406,63416,Pipistrellus pygmaeus,0.021,0.022,-1,Echolocation,/mnt/ubna_data_02_mir/recover-20221013/UBNA_001/20221012_030000.WAV,Telephone Field,recover-20221013,001,1795
272.3485,272.3854,68437,81849,Rhinolophus ferrumequinum,0.022,0.022,-1,Echolocation,/mnt/ubna_data_02_mir/recover-20221013/UBNA_001/20221012_030000.WAV,Telephone Field,recover-20221013,001,1795
272.3615,272.4014,68437,82247,Rhinolophus ferrumequinum,0.021,0.021,-1,Echolocation,/mnt/ubna_data_02_mir/recover-20221013/UBNA_001/20221012_030000.WAV,Telephone Field,recover-20221013,001,1795
272.3685,272.4088,68437,82592,Rhinolophus ferrumequinum,0.021,0.021,-1,Echolocation,/mnt/ubna_data_02_mir/recover-20221013/UBNA_001/20221012_030000.WAV,Telephone Field,recover-20221013,001,1795
272.3815,272.4219,68437,81809,Rhinolophus ferrumequinum,0.022,0.022,-1,Echolocation,/mnt/ubna_data_02_mir/recover-20221013/UBNA_001/20221012_030000.WAV,Telephone Field,recover-20221013,001,1795
272.4025,272.4387,68437,81814,Rhinolophus ferrumequinum,0.021,0.021,-1,Echolocation,/mnt/ubna_data_02_mir/recover-20221013/UBNA_001/20221012_030000.WAV,Telephone Field,recover-20221013,001,1795
272.4575,272.4913,68437,81421,Rhinolophus ferrumequinum,0.022,0.022,-1,Echolocation,/mnt/ubna_data_02_mir/recover-20221013/UBNA_001/20221012_030000.WAV,Telephone Field,recover-20221013,001,1795
272.4785,272.5173,68437,82296,Rhinolophus ferrumequinum,0.024,0.024,-1,Echolocation,/mnt/ubna_data_02_mir/recover-20221013/UBNA_001/20221012_030000.WAV,Telephone Field,recover-20221013,001,1795
272.4835,272.4916,26328,37336,Eptesicus serotinus,0.006,0.022,-1,Echolocation,/mnt/ubna_data_02_mir/recover-20221013/UBNA_001/20221012_030000.WAV,Telephone Field,recover-20221013,001,1795
272.5145,272.5259,22031,26735,Nyctalus leisleri,0.011,0.022,-1,Echolocation,/mnt/ubna_data_02_mir/recover-20221013/UBNA_001/20221012_030000.WAV,Telephone Field,recover-20221013,001,1795
272.5165,272.5564,68437,81904,Rhinolophus ferrumequinum,0.026,0.026,-1,Echolocation,/mnt/ubna_data_02_mir/recover-20221013/UBNA_001/20221012_030000.WAV,Telephone Field,recover-20221013,001,1795
272.5355,272.5449,24609,31021,Eptesicus serotinus,0.007,0.021,-1,Echolocation,/mnt/ubna_data_02_mir/recover-20221013/UBNA_001/20221012_030000.WAV,Telephone Field,recover-20221013,001,1795
272.5535,272.5933,68437,81956,Rhinolophus ferrumequinum,0.02,0.02,-1,Echolocation,/mnt/ubna_data_02_mir/recover-20221013/UBNA_001/20221012_030000.WAV,Telephone Field,recover-20221013,001,1795
272.6025,272.6454,68437,83013,Rhinolophus ferrumequinum,0.044,0.044,-1,Echolocation,/mnt/ubna_data_02_mir/recover-20221013/UBNA_001/20221012_030000.WAV,Telephone Field,recover-20221013,001,1795
272.6415,272.6772,68437,81393,Rhinolophus ferrumequinum,0.021,0.021,-1,Echolocation,/mnt/ubna_data_02_mir/recover-20221013/UBNA_001/20221012_030000.WAV,Telephone Field,recover-20221013,001,1795
272.6675,272.6754,26328,39232,Eptesicus serotinus,0.006,0.02,-1,Echolocation,/mnt/ubna_data_02_mir/recover-20221013/UBNA_001/20221012_030000.WAV,Telephone Field,recover-20221013,001,1795
272.6835,272.7185,68437,81546,Rhinolophus ferrumequinum,0.02,0.02,-1,Echolocation,/mnt/ubna_data_02_mir/recover-20221013/UBNA_001/20221012_030000.WAV,Telephone Field,recover-20221013,001,1795
272.7075,272.7475,68437,82408,Rhinolophus ferrumequinum,0.02,0.02,-1,Echolocation,/mnt/ubna_data_02_mir/recover-20221013/UBNA_001/20221012_030000.WAV,Telephone Field,recover-20221013,001,1795
272.7555,272.7655,27187,35920,Eptesicus serotinus,0.011,0.026,-1,Echolocation,/mnt/ubna_data_02_mir/recover-20221013/UBNA_001/20221012_030000.WAV,Telephone Field,recover-20221013,001,1795
272.7875,272.8237,68437,81717,Rhinolophus ferrumequinum,0.021,0.021,-1,Echolocation,/mnt/ubna_data_02_mir/recover-20221013/UBNA_001/20221012_030000.WAV,Telephone Field,recover-20221013,001,1795
272.8275,272.8681,68437,83051,Rhinolophus ferrumequinum,0.026,0.026,-1,Echolocation,/mnt/ubna_data_02_mir/recover-20221013/UBNA_001/20221012_030000.WAV,Telephone Field,recover-20221013,001,1795
272.8695,272.8791,28046,36768,Eptesicus serotinus,0.008,0.022,-1,Echolocation,/mnt/ubna_data_02_mir/recover-20221013/UBNA_001/20221012_030000.WAV,Telephone Field,recover-20221013,001,1795
272.8885,272.9272,68437,81598,Rhinolophus ferrumequinum,0.02,0.02,-1,Echolocation,/mnt/ubna_data_02_mir/recover-20221013/UBNA_001/20221012_030000.WAV,Telephone Field,recover-20221013,001,1795
272.8975,272.9364,68437,82750,Rhinolophus ferrumequinum,0.02,0.02,-1,Echolocation,/mnt/ubna_data_02_mir/recover-20221013/UBNA_001/20221012_030000.WAV,Telephone Field,recover-20221013,001,1795
272.9125,272.9513,68437,82392,Rhinolophus ferrumequinum,0.024,0.024,-1,Echolocation,/mnt/ubna_data_02_mir/recover-20221013/UBNA_001/20221012_030000.WAV,Telephone Field,recover-20221013,001,1795
272.9455,272.9862,68437,82427,Rhinolophus ferrumequinum,0.03,0.03,-1,Echolocation,/mnt/ubna_data_02_mir/recover-20221013/UBNA_001/20221012_030000.WAV,Telephone Field,recover-20221013,001,1795
272.9505,272.9592,27187,38046,Eptesicus serotinus,0.008,0.022,-1,Echolocation,/mnt/ubna_data_02_mir/recover-20221013/UBNA_001/20221012_030000.WAV,Telephone Field,recover-20221013,001,1795
272.9725,272.9793,28046,38668,Eptesicus serotinus,0.008,0.028,-1,Echolocation,/mnt/ubna_data_02_mir/recover-20221013/UBNA_001/20221012_030000.WAV,Telephone Field,recover-20221013,001,1795
272.9735,273.018,68437,83506,Rhinolophus ferrumequinum,0.045,0.045,-1,Echolocation,/mnt/ubna_data_02_mir/recover-20221013/UBNA_001/20221012_030000.WAV,Telephone Field,recover-20221013,001,1795
272.9845,273.0251,68437,82193,Rhinolophus ferrumequinum,0.027,0.027,-1,Echolocation,/mnt/ubna_data_02_mir/recover-20221013/UBNA_001/20221012_030000.WAV,Telephone Field,recover-20221013,001,1795
273.0285,273.0357,28906,38679,Eptesicus serotinus,0.007,0.023,-1,Echolocation,/mnt/ubna_data_02_mir/recover-20221013/UBNA_001/20221012_030000.WAV,Telephone Field,recover-20221013,001,1795
273.0715,273.1122,68437,82922,Rhinolophus ferrumequinum,0.022,0.022,-1,Echolocation,/mnt/ubna_data_02_mir/recover-20221013/UBNA_001/20221012_030000.WAV,Telephone Field,recover-20221013,001,1795
273.1475,273.1871,68437,81906,Rhinolophus ferrumequinum,0.021,0.021,-1,Echolocation,/mnt/ubna_data_02_mir/recover-20221013/UBNA_001/20221012_030000.WAV,Telephone Field,recover-20221013,001,1795
273.1805,273.2185,68437,82136,Rhinolophus ferrumequinum,0.022,0.022,-1,Echolocation,/mnt/ubna_data_02_mir/recover-20221013/UBNA_001/20221012_030000.WAV,Telephone Field,recover-20221013,001,1795
273.1955,273.2362,68437,82626,Rhinolophus ferrumequinum,0.024,0.024,-1,Echolocation,/mnt/ubna_data_02_mir/recover-20221013/UBNA_001/20221012_030000.WAV,Telephone Field,recover-20221013,001,1795
273.2205,273.2571,68437,81743,Rhinolophus ferrumequinum,0.023,0.023,-1,Echolocation,/mnt/ubna_data_02_mir/recover-20221013/UBNA_001/20221012_030000.WAV,Telephone Field,recover-20221013,001,1795
273.2305,273.2695,68437,81475,Rhinolophus ferrumequinum,0.024,0.025,-1,Echolocation,/mnt/ubna_data_02_mir/recover-20221013/UBNA_001/20221012_030000.WAV,Telephone Field,recover-20221013,001,1795
273.2555,273.2949,68437,82029,Rhinolophus ferrumequinum,0.02,0.02,-1,Echolocation,/mnt/ubna_data_02_mir/recover-20221013/UBNA_001/20221012_030000.WAV,Telephone Field,recover-20221013,001,1795
273.2965,273.3374,68437,82936,Rhinolophus ferrumequinum,0.033,0.033,-1,Echolocation,/mnt/ubna_data_02_mir/recover-20221013/UBNA_001/20221012_030000.WAV,Telephone Field,recover-20221013,001,1795
273.3015,273.31,27187,36289,Eptesicus serotinus,0.007,0.02,-1,Echolocation,/mnt/ubna_data_02_mir/recover-20221013/UBNA_001/20221012_030000.WAV,Telephone Field,recover-20221013,001,1795
273.3185,273.327,25468,34328,Eptesicus serotinus,0.009,0.026,-1,Echolocation,/mnt/ubna_data_02_mir/recover-20221013/UBNA_001/20221012_030000.WAV,Telephone Field,recover-20221013,001,1795
273.3415,273.3795,68437,82009,Rhinolophus ferrumequinum,0.024,0.024,-1,Echolocation,/mnt/ubna_data_02_mir/recover-20221013/UBNA_001/20221012_030000.WAV,Telephone Field,recover-20221013,001,1795
273.4045,273.4407,68437,81448,Rhinolophus ferrumequinum,0.02,0.02,-1,Echolocation,/mnt/ubna_data_02_mir/recover-20221013/UBNA_001/20221012_030000.WAV,Telephone Field,recover-20221013,001,1795
273.4125,273.4501,68437,81848,Rhinolophus ferrumequinum,0.02,0.02,-1,Echolocation,/mnt/ubna_data_02_mir/recover-20221013/UBNA_001/20221012_030000.WAV,Telephone Field,recover-20221013,001,1795
273.4205,273.4584,68437,81994,Rhinolophus ferrumequinum,0.021,0.021,-1,Echolocation,/mnt/ubna_data_02_mir/recover-20221013/UBNA_001/20221012_030000.WAV,Telephone Field,recover-20221013,001,1795
273.4275,273.4345,27187,40934,Eptesicus serotinus,0.006,0.022,-1,Echolocation,/mnt/ubna_data_02_mir/recover-20221013/UBNA_001/20221012_030000.WAV,Telephone Field,recover-20221013,001,1795
273.4275,273.4339,32343,47406,Myotis daubentonii,0.011,0.023,-1,Echolocation,/mnt/ubna_data_02_mir/recover-20221013/UBNA_001/20221012_030000.WAV,Telephone Field,recover-20221013,001,1795
273.4335,273.4439,22890,27444,Nyctalus leisleri,0.011,0.022,-1,Echolocation,/mnt/ubna_data_02_mir/recover-20221013/UBNA_001/20221012_030000.WAV,Telephone Field,recover-20221013,001,1795
273.4545,273.4948,68437,81801,Rhinolophus ferrumequinum,0.023,0.023,-1,Echolocation,/mnt/ubna_data_02_mir/recover-20221013/UBNA_001/20221012_030000.WAV,Telephone Field,recover-20221013,001,1795
273.4625,273.5033,68437,82228,Rhinolophus ferrumequinum,0.022,0.022,-1,Echolocation,/mnt/ubna_data_02_mir/recover-20221013/UBNA_001/20221012_030000.WAV,Telephone Field,recover-20221013,001,1795
273.5035,273.5432,68437,82299,Rhinolophus ferrumequinum,0.022,0.022,-1,Echolocation,/mnt/ubna_data_02_mir/recover-20221013/UBNA_001/20221012_030000.WAV,Telephone Field,recover-20221013,001,1795
273.5045,273.5124,28906,37808,Eptesicus serotinus,0.006,0.022,-1,Echolocation,/mnt/ubna_data_02_mir/recover-20221013/UBNA_001/20221012_030000.WAV,Telephone Field,recover-20221013,001,1795
273.5275,273.5646,68437,82020,Rhinolophus ferrumequinum,0.026,0.026,-1,Echolocation,/mnt/ubna_data_02_mir/recover-20221013/UBNA_001/20221012_030000.WAV,Telephone Field,recover-20221013,001,1795
273.5355,273.5463,22890,27907,Nyctalus leisleri,0.01,0.021,-1,Echolocation,/mnt/ubna_data_02_mir/recover-20221013/UBNA_001/20221012_030000.WAV,Telephone Field,recover-20221013,001,1795
273.5395,273.5771,68437,81625,Rhinolophus ferrumequinum,0.021,0.021,-1,Echolocation,/mnt/ubna_data_02_mir/recover-20221013/UBNA_001/20221012_030000.WAV,Telephone Field,recover-20221013,001,1795
273.5545,273.5889,68437,80051,Rhinolophus ferrumequinum,0.021,0.021,-1,Echolocation,/mnt/ubna_data_02_mir/recover-20221013/UBNA_001/20221012_030000.WAV,Telephone Field,recover-20221013,001,1795
273.5955,273.633,68437,82218,Rhinolophus ferrumequinum,0.02,0.02,-1,Echolocation,/mnt/ubna_data_02_mir/recover-20221013/UBNA_001/20221012_030000.WAV,Telephone Field,recover-20221013,001,1795
273.6065,273.6452,68437,81864,Rhinolophus ferrumequinum,0.022,0.022,-1,Echolocation,/mnt/ubna_data_02_mir/recover-20221013/UBNA_001/20221012_030000.WAV,Telephone Field,recover-20221013,001,1795
273.6455,273.68,68437,80414,Rhinolophus ferrumequinum,0.02,0.02,-1,Echolocation,/mnt/ubna_data_02_mir/recover-20221013/UBNA_001/20221012_030000.WAV,Telephone Field,recover-20221013,001,1795
273.6695,273.7086,68437,81575,Rhinolophus ferrumequinum,0.021,0.021,-1,Echolocation,/mnt/ubna_data_02_mir/recover-20221013/UBNA_001/20221012_030000.WAV,Telephone Field,recover-20221013,001,1795
273.6735,273.6838,23750,30916,Nyctalus leisleri,0.009,0.024,-1,Echolocation,/mnt/ubna_data_02_mir/recover-20221013/UBNA_001/20221012_030000.WAV,Telephone Field,recover-20221013,001,1795
273.6745,273.6821,32343,46933,Myotis daubentonii,0.011,0.023,-1,Echolocation,/mnt/ubna_data_02_mir/recover-20221013/UBNA_001/20221012_030000.WAV,Telephone Field,recover-20221013,001,1795
273.7095,273.7521,68437,82724,Rhinolophus ferrumequinum,0.022,0.022,-1,Echolocation,/mnt/ubna_data_02_mir/recover-20221013/UBNA_001/20221012_030000.WAV,Telephone Field,recover-20221013,001,1795
273.7165,273.7268,28046,35120,Eptesicus serotinus,0.008,0.02,-1,Echolocation,/mnt/ubna_data_02_mir/recover-20221013/UBNA_001/20221012_030000.WAV,Telephone Field,recover-20221013,001,1795
273.7615,273.7996,68437,82305,Rhinolophus ferrumequinum,0.022,0.022,-1,Echolocation,/mnt/ubna_data_02_mir/recover-20221013/UBNA_001/20221012_030000.WAV,Telephone Field,recover-20221013,001,1795
273.7875,273.7947,28906,39972,Eptesicus serotinus,0.006,0.021,-1,Echolocation,/mnt/ubna_data_02_mir/recover-20221013/UBNA_001/20221012_030000.WAV,Telephone Field,recover-20221013,001,1795
273.8075,273.8447,68437,82026,Rhinolophus ferrumequinum,0.028,0.028,-1,Echolocation,/mnt/ubna_data_02_mir/recover-20221013/UBNA_001/20221012_030000.WAV,Telephone Field,recover-20221013,001,1795
273.8575,273.8933,68437,81613,Rhinolophus ferrumequinum,0.02,0.02,-1,Echolocation,/mnt/ubna_data_02_mir/recover-20221013/UBNA_001/20221012_030000.WAV,Telephone Field,recover-20221013,001,1795
273.8855,273.8939,27187,39198,Eptesicus serotinus,0.009,0.023,-1,Echolocation,/mnt/ubna_data_02_mir/recover-20221013/UBNA_001/20221012_030000.WAV,Telephone Field,recover-20221013,001,1795
273.9715,273.982,22890,27696,Nyctalus leisleri,0.011,0.021,-1,Echolocation,/mnt/ubna_data_02_mir/recover-20221013/UBNA_001/20221012_030000.WAV,Telephone Field,recover-20221013,001,1795
274.0015,274.0093,27187,37459,Eptesicus serotinus,0.006,0.027,-1,Echolocation,/mnt/ubna_data_02_mir/recover-20221013/UBNA_001/20221012_030000.WAV,Telephone Field,recover-20221013,001,1795
274.0015,274.0319,68437,79572,Rhinolophus ferrumequinum,0.043,0.043,-1,Echolocation,/mnt/ubna_data_02_mir/recover-20221013/UBNA_001/20221012_030000.WAV,Telephone Field,recover-20221013,001,1795
274.0015,274.0159,19453,23404,Nyctalus leisleri,0.016,0.031,-1,Echolocation,/mnt/ubna_data_02_mir/recover-20221013/UBNA_001/20221012_030000.WAV,Telephone Field,recover-20221013,001,1795
274.0205,274.0577,68437,81234,Rhinolophus ferrumequinum,0.021,0.021,-1,Echolocation,/mnt/ubna_data_02_mir/recover-20221013/UBNA_001/20221012_030000.WAV,Telephone Field,recover-20221013,001,1795
274.0255,274.036,24609,31355,Nyctalus leisleri,0.009,0.026,-1,Echolocation,/mnt/ubna_data_02_mir/recover-20221013/UBNA_001/20221012_030000.WAV,Telephone Field,recover-20221013,001,1795
274.0525,274.0935,68437,82852,Rhinolophus ferrumequinum,0.024,0.024,-1,Echolocation,/mnt/ubna_data_02_mir/recover-20221013/UBNA_001/20221012_030000.WAV,Telephone Field,recover-20221013,001,1795
274.0665,274.1072,68437,82549,Rhinolophus ferrumequinum,0.025,0.025,-1,Echolocation,/mnt/ubna_data_02_mir/recover-20221013/UBNA_001/20221012_030000.WAV,Telephone Field,recover-20221013,001,1795
274.1365,274.1764,68437,82644,Rhinolophus ferrumequinum,0.024,0.024,-1,Echolocation,/mnt/ubna_data_02_mir/recover-20221013/UBNA_001/20221012_030000.WAV,Telephone Field,recover-20221013,001,1795
274.1445,274.1828,68437,81499,Rhinolophus ferrumequinum,0.022,0.022,-1,Echolocation,/mnt/ubna_data_02_mir/recover-20221013/UBNA_001/20221012_030000.WAV,Telephone Field,recover-20221013,001,1795
274.1745,274.2127,68437,82148,Rhinolophus ferrumequinum,0.027,0.027,-1,Echolocation,/mnt/ubna_data_02_mir/recover-20221013/UBNA_001/20221012_030000.WAV,Telephone Field,recover-20221013,001,1795
274.2195,274.257,68437,81557,Rhinolophus ferrumequinum,0.021,0.021,-1,Echolocation,/mnt/ubna_data_02_mir/recover-20221013/UBNA_001/20221012_030000.WAV,Telephone Field,recover-20221013,001,1795
274.2295,274.2671,68437,82035,Rhinolophus ferrumequinum,0.023,0.023,-1,Echolocation,/mnt/ubna_data_02_mir/recover-20221013/UBNA_001/20221012_030000.WAV,Telephone Field,recover-20221013,001,1795
274.2805,274.3175,68437,81972,Rhinolophus ferrumequinum,0.021,0.021,-1,Echolocation,/mnt/ubna_data_02_mir/recover-20221013/UBNA_001/20221012_030000.WAV,Telephone Field,recover-20221013,001,1795
274.2875,274.2947,27187,46614,Eptesicus serotinus,0.006,0.026,-1,Echolocation,/mnt/ubna_data_02_mir/recover-20221013/UBNA_001/20221012_030000.WAV,Telephone Field,recover-20221013,001,1795
274.3895,274.4302,68437,82459,Rhinolophus ferrumequinum,0.021,0.022,-1,Echolocation,/mnt/ubna_data_02_mir/recover-20221013/UBNA_001/20221012_030000.WAV,Telephone Field,recover-20221013,001,1795
274.4495,274.4907,68437,82114,Rhinolophus ferrumequinum,0.021,0.021,-1,Echolocation,/mnt/ubna_data_02_mir/recover-20221013/UBNA_001/20221012_030000.WAV,Telephone Field,recover-20221013,001,1795
274.4695,274.5108,68437,82203,Rhinolophus ferrumequinum,0.024,0.024,-1,Echolocation,/mnt/ubna_data_02_mir/recover-20221013/UBNA_001/20221012_030000.WAV,Telephone Field,recover-20221013,001,1795
274.4935,274.5303,68437,81664,Rhinolophus ferrumequinum,0.023,0.023,-1,Echolocation,/mnt/ubna_data_02_mir/recover-20221013/UBNA_001/20221012_030000.WAV,Telephone Field,recover-20221013,001,1795
274.5205,274.5301,28906,37643,Eptesicus serotinus,0.04,0.067,-1,Echolocation,/mnt/ubna_data_02_mir/recover-20221013/UBNA_001/20221012_030000.WAV,Telephone Field,recover-20221013,001,1795
274.5315,274.5685,68437,81667,Rhinolophus ferrumequinum,0.021,0.021,-1,Echolocation,/mnt/ubna_data_02_mir/recover-20221013/UBNA_001/20221012_030000.WAV,Telephone Field,recover-20221013,001,1795
274.5425,274.5573,22890,27320,Nyctalus leisleri,0.018,0.03,-1,Echolocation,/mnt/ubna_data_02_mir/recover-20221013/UBNA_001/20221012_030000.WAV,Telephone Field,recover-20221013,001,1795
274.5905,274.5984,55546,60153,Pipistrellus pygmaeus,0.021,0.021,-1,Echolocation,/mnt/ubna_data_02_mir/recover-20221013/UBNA_001/20221012_030000.WAV,Telephone Field,recover-20221013,001,1795
274.5965,274.6063,41796,47200,Pipistrellus nathusii,0.162,0.192,-1,Echolocation,/mnt/ubna_data_02_mir/recover-20221013/UBNA_001/20221012_030000.WAV,Telephone Field,recover-20221013,001,1795
274.6035,274.6427,68437,82147,Rhinolophus ferrumequinum,0.026,0.026,-1,Echolocation,/mnt/ubna_data_02_mir/recover-20221013/UBNA_001/20221012_030000.WAV,Telephone Field,recover-20221013,001,1795
274.6255,274.6666,68437,81897,Rhinolophus ferrumequinum,0.021,0.022,-1,Echolocation,/mnt/ubna_data_02_mir/recover-20221013/UBNA_001/20221012_030000.WAV,Telephone Field,recover-20221013,001,1795
274.6605,274.701,68437,82671,Rhinolophus ferrumequinum,0.023,0.023,-1,Echolocation,/mnt/ubna_data_02_mir/recover-20221013/UBNA_001/20221012_030000.WAV,Telephone Field,recover-20221013,001,1795
274.6685,274.711,68437,82653,Rhinolophus ferrumequinum,0.022,0.022,-1,Echolocation,/mnt/ubna_data_02_mir/recover-20221013/UBNA_001/20221012_030000.WAV,Telephone Field,recover-20221013,001,1795
274.7625,274.7991,68437,82037,Rhinolophus ferrumequinum,0.022,0.022,-1,Echolocation,/mnt/ubna_data_02_mir/recover-20221013/UBNA_001/20221012_030000.WAV,Telephone Field,recover-20221013,001,1795
274.7935,274.8022,27187,37247,Eptesicus serotinus,0.007,0.022,-1,Echolocation,/mnt/ubna_data_02_mir/recover-20221013/UBNA_001/20221012_030000.WAV,Telephone Field,recover-20221013,001,1795
274.8255,274.8629,68437,81556,Rhinolophus ferrumequinum,0.038,0.038,-1,Echolocation,/mnt/ubna_data_02_mir/recover-20221013/UBNA_001/20221012_030000.WAV,Telephone Field,recover-20221013,001,1795
274.8285,274.8377,27187,38072,Eptesicus serotinus,0.01,0.023,-1,Echolocation,/mnt/ubna_data_02_mir/recover-20221013/UBNA_001/20221012_030000.WAV,Telephone Field,recover-20221013,001,1795
274.8595,274.9029,68437,82932,Rhinolophus ferrumequinum,0.024,0.024,-1,Echolocation,/mnt/ubna_data_02_mir/recover-20221013/UBNA_001/20221012_030000.WAV,Telephone Field,recover-20221013,001,1795
274.8835,274.9227,68437,82091,Rhinolophus ferrumequinum,0.031,0.031,-1,Echolocation,/mnt/ubna_data_02_mir/recover-20221013/UBNA_001/20221012_030000.WAV,Telephone Field,recover-20221013,001,1795
274.9175,274.953,68437,81048,Rhinolophus ferrumequinum,0.022,0.022,-1,Echolocation,/mnt/ubna_data_02_mir/recover-20221013/UBNA_001/20221012_030000.WAV,Telephone Field,recover-20221013,001,1795
274.9455,274.9837,68437,82326,Rhinolophus ferrumequinum,0.023,0.023,-1,Echolocation,/mnt/ubna_data_02_mir/recover-20221013/UBNA_001/20221012_030000.WAV,Telephone Field,recover-20221013,001,1795
274.9515,274.9897,68437,82719,Rhinolophus ferrumequinum,0.022,0.022,-1,Echolocation,/mnt/ubna_data_02_mir/recover-20221013/UBNA_001/20221012_030000.WAV,Telephone Field,recover-20221013,001,1795
274.9705,274.9839,26328,31698,Eptesicus serotinus,0.056,0.12,-1,Echolocation,/mnt/ubna_data_02_mir/recover-20221013/UBNA_001/20221012_030000.WAV,Telephone Field,recover-20221013,001,1795
274.9915,275.0312,68437,82412,Rhinolophus ferrumequinum,0.023,0.023,-1,Echolocation,/mnt/ubna_data_02_mir/recover-20221013/UBNA_001/20221012_030000.WAV,Telephone Field,recover-20221013,001,1795
275.0615,275.1022,68437,82568,Rhinolophus ferrumequinum,0.023,0.023,-1,Echolocation,/mnt/ubna_data_02_mir/recover-20221013/UBNA_001/20221012_030000.WAV,Telephone Field,recover-20221013,001,1795
275.0765,275.083,46093,53442,Pipistrellus pipistrellus,0.024,0.027,-1,Echolocation,/mnt/ubna_data_02_mir/recover-20221013/UBNA_001/20221012_030000.WAV,Telephone Field,recover-20221013,001,1795
275.0765,275.0852,27187,38230,Eptesicus serotinus,0.007,0.021,-1,Echolocation,/mnt/ubna_data_02_mir/recover-20221013/UBNA_001/20221012_030000.WAV,Telephone Field,recover-20221013,001,1795
275.0795,275.1179,68437,81974,Rhinolophus ferrumequinum,0.021,0.021,-1,Echolocation,/mnt/ubna_data_02_mir/recover-20221013/UBNA_001/20221012_030000.WAV,Telephone Field,recover-20221013,001,1795
275.0845,275.0912,12578,28800,Plecotus auritus,0.02,0.027,-1,Echolocation,/mnt/ubna_data_02_mir/recover-20221013/UBNA_001/20221012_030000.WAV,Telephone Field,recover-20221013,001,1795
275.1235,275.1633,68437,82886,Rhinolophus ferrumequinum,0.029,0.029,-1,Echolocation,/mnt/ubna_data_02_mir/recover-20221013/UBNA_001/20221012_030000.WAV,Telephone Field,recover-20221013,001,1795
275.1415,275.1817,68437,82054,Rhinolophus ferrumequinum,0.024,0.024,-1,Echolocation,/mnt/ubna_data_02_mir/recover-20221013/UBNA_001/20221012_030000.WAV,Telephone Field,recover-20221013,001,1795
275.1785,275.216,68437,81587,Rhinolophus ferrumequinum,0.022,0.022,-1,Echolocation,/mnt/ubna_data_02_mir/recover-20221013/UBNA_001/20221012_030000.WAV,Telephone Field,recover-20221013,001,1795
275.1845,275.2224,68437,82107,Rhinolophus ferrumequinum,0.022,0.022,-1,Echolocation,/mnt/ubna_data_02_mir/recover-20221013/UBNA_001/20221012_030000.WAV,Telephone Field,recover-20221013,001,1795
275.2075,275.2176,22890,28239,Nyctalus leisleri,0.009,0.021,-1,Echolocation,/mnt/ubna_data_02_mir/recover-20221013/UBNA_001/20221012_030000.WAV,Telephone Field,recover-20221013,001,1795
275.2275,275.2354,28046,39405,Eptesicus serotinus,0.007,0.022,-1,Echolocation,/mnt/ubna_data_02_mir/recover-20221013/UBNA_001/20221012_030000.WAV,Telephone Field,recover-20221013,001,1795
275.2345,275.2732,68437,81926,Rhinolophus ferrumequinum,0.021,0.021,-1,Echolocation,/mnt/ubna_data_02_mir/recover-20221013/UBNA_001/20221012_030000.WAV,Telephone Field,recover-20221013,001,1795
275.2505,275.293,68437,82457,Rhinolophus ferrumequinum,0.023,0.023,-1,Echolocation,/mnt/ubna_data_02_mir/recover-20221013/UBNA_001/20221012_030000.WAV,Telephone Field,recover-20221013,001,1795
275.2825,275.3275,68437,83396,Rhinolophus ferrumequinum,0.039,0.039,-1,Echolocation,/mnt/ubna_data_02_mir/recover-20221013/UBNA_001/20221012_030000.WAV,Telephone Field,recover-20221013,001,1795
275.3015,275.3131,22890,27436,Nyctalus leisleri,0.012,0.021,-1,Echolocation,/mnt/ubna_data_02_mir/recover-20221013/UBNA_001/20221012_030000.WAV,Telephone Field,recover-20221013,001,1795
275.3255,275.365,68437,82618,Rhinolophus ferrumequinum,0.026,0.026,-1,Echolocation,/mnt/ubna_data_02_mir/recover-20221013/UBNA_001/20221012_030000.WAV,Telephone Field,recover-20221013,001,1795
275.3405,275.3498,22890,29943,Plecotus austriacus,0.008,0.024,-1,Echolocation,/mnt/ubna_data_02_mir/recover-20221013/UBNA_001/20221012_030000.WAV,Telephone Field,recover-20221013,001,1795
275.3595,275.37,23750,29735,Nyctalus leisleri,0.011,0.025,-1,Echolocation,/mnt/ubna_data_02_mir/recover-20221013/UBNA_001/20221012_030000.WAV,Telephone Field,recover-20221013,001,1795
275.3595,275.4005,68437,82502,Rhinolophus ferrumequinum,0.026,0.026,-1,Echolocation,/mnt/ubna_data_02_mir/recover-20221013/UBNA_001/20221012_030000.WAV,Telephone Field,recover-20221013,001,1795
275.3855,275.4252,68437,82495,Rhinolophus ferrumequinum,0.021,0.021,-1,Echolocation,/mnt/ubna_data_02_mir/recover-20221013/UBNA_001/20221012_030000.WAV,Telephone Field,recover-20221013,001,1795
275.4015,275.4396,68437,81870,Rhinolophus ferrumequinum,0.021,0.021,-1,Echolocation,/mnt/ubna_data_02_mir/recover-20221013/UBNA_001/20221012_030000.WAV,Telephone Field,recover-20221013,001,1795
275.4285,275.4655,68437,81608,Rhinolophus ferrumequinum,0.024,0.024,-1,Echolocation,/mnt/ubna_data_02_mir/recover-20221013/UBNA_001/20221012_030000.WAV,Telephone Field,recover-20221013,001,1795
275.4375,275.4762,68437,82092,Rhinolophus ferrumequinum,0.022,0.022,-1,Echolocation,/mnt/ubna_data_02_mir/recover-20221013/UBNA_001/20221012_030000.WAV,Telephone Field,recover-20221013,001,1795
275.4425,275.4501,46093,51550,Pipistrellus pipistrellus,0.022,0.024,-1,Echolocation,/mnt/ubna_data_02_mir/recover-20221013/UBNA_001/20221012_030000.WAV,Telephone Field,recover-20221013,001,1795
275.4435,275.4511,24609,33648,Plecotus austriacus,0.008,0.023,-1,Echolocation,/mnt/ubna_data_02_mir/recover-20221013/UBNA_001/20221012_030000.WAV,Telephone Field,recover-20221013,001,1795
275.4625,275.5007,68437,82212,Rhinolophus ferrumequinum,0.022,0.022,-1,Echolocation,/mnt/ubna_data_02_mir/recover-20221013/UBNA_001/20221012_030000.WAV,Telephone Field,recover-20221013,001,1795
275.4905,275.532,68437,82478,Rhinolophus ferrumequinum,0.022,0.023,-1,Echolocation,/mnt/ubna_data_02_mir/recover-20221013/UBNA_001/20221012_030000.WAV,Telephone Field,recover-20221013,001,1795
275.4975,275.5364,68437,82368,Rhinolophus ferrumequinum,0.022,0.023,-1,Echolocation,/mnt/ubna_data_02_mir/recover-20221013/UBNA_001/20221012_030000.WAV,Telephone Field,recover-20221013,001,1795
275.5135,275.5482,68437,81278,Rhinolophus ferrumequinum,0.025,0.025,-1,Echolocation,/mnt/ubna_data_02_mir/recover-20221013/UBNA_001/20221012_030000.WAV,Telephone Field,recover-20221013,001,1795
275.5375,275.5765,68437,81656,Rhinolophus ferrumequinum,0.024,0.024,-1,Echolocation,/mnt/ubna_data_02_mir/recover-20221013/UBNA_001/20221012_030000.WAV,Telephone Field,recover-20221013,001,1795
275.5425,275.5815,68437,81912,Rhinolophus ferrumequinum,0.023,0.023,-1,Echolocation,/mnt/ubna_data_02_mir/recover-20221013/UBNA_001/20221012_030000.WAV,Telephone Field,recover-20221013,001,1795
275.5635,275.5712,28046,38088,Eptesicus serotinus,0.007,0.022,-1,Echolocation,/mnt/ubna_data_02_mir/recover-20221013/UBNA_001/20221012_030000.WAV,Telephone Field,recover-20221013,001,1795
275.5645,275.5748,22031,27475,Nyctalus leisleri,0.013,0.03,-1,Echolocation,/mnt/ubna_data_02_mir/recover-20221013/UBNA_001/20221012_030000.WAV,Telephone Field,recover-20221013,001,1795
275.5965,275.6064,22031,27274,Nyctalus leisleri,0.009,0.022,-1,Echolocation,/mnt/ubna_data_02_mir/recover-20221013/UBNA_001/20221012_030000.WAV,Telephone Field,recover-20221013,001,1795
275.6125,275.6459,68437,80047,Rhinolophus ferrumequinum,0.03,0.03,-1,Echolocation,/mnt/ubna_data_02_mir/recover-20221013/UBNA_001/20221012_030000.WAV,Telephone Field,recover-20221013,001,1795
275.6535,275.6603,26328,39646,Eptesicus serotinus,0.005,0.022,-1,Echolocation,/mnt/ubna_data_02_mir/recover-20221013/UBNA_001/20221012_030000.WAV,Telephone Field,recover-20221013,001,1795
275.6565,275.6671,22031,26554,Nyctalus leisleri,0.012,0.024,-1,Echolocation,/mnt/ubna_data_02_mir/recover-20221013/UBNA_001/20221012_030000.WAV,Telephone Field,recover-20221013,001,1795
275.6615,275.7026,68437,82395,Rhinolophus ferrumequinum,0.024,0.024,-1,Echolocation,/mnt/ubna_data_02_mir/recover-20221013/UBNA_001/20221012_030000.WAV,Telephone Field,recover-20221013,001,1795
275.6735,275.6885,21171,24767,Nyctalus leisleri,0.013,0.021,-1,Echolocation,/mnt/ubna_data_02_mir/recover-20221013/UBNA_001/20221012_030000.WAV,Telephone Field,recover-20221013,001,1795
275.6875,275.721,68437,81614,Rhinolophus ferrumequinum,0.021,0.021,-1,Echolocation,/mnt/ubna_data_02_mir/recover-20221013/UBNA_001/20221012_030000.WAV,Telephone Field,recover-20221013,001,1795
275.6995,275.7387,68437,82046,Rhinolophus ferrumequinum,0.024,0.024,-1,Echolocation,/mnt/ubna_data_02_mir/recover-20221013/UBNA_001/20221012_030000.WAV,Telephone Field,recover-20221013,001,1795
275.7055,275.7225,21171,24452,Nyctalus leisleri,0.024,0.04,-1,Echolocation,/mnt/ubna_data_02_mir/recover-20221013/UBNA_001/20221012_030000.WAV,Telephone Field,recover-20221013,001,1795
275.7275,275.7348,28046,40554,Eptesicus serotinus,0.006,0.021,-1,Echolocation,/mnt/ubna_data_02_mir/recover-20221013/UBNA_001/20221012_030000.WAV,Telephone Field,recover-20221013,001,1795
275.7285,275.7647,68437,81868,Rhinolophus ferrumequinum,0.021,0.021,-1,Echolocation,/mnt/ubna_data_02_mir/recover-20221013/UBNA_001/20221012_030000.WAV,Telephone Field,recover-20221013,001,1795
275.7485,275.7903,68437,82913,Rhinolophus ferrumequinum,0.023,0.023,-1,Echolocation,/mnt/ubna_data_02_mir/recover-20221013/UBNA_001/20221012_030000.WAV,Telephone Field,recover-20221013,001,1795
275.8005,275.8382,68437,81772,Rhinolophus ferrumequinum,0.029,0.029,-1,Echolocation,/mnt/ubna_data_02_mir/recover-20221013/UBNA_001/20221012_030000.WAV,Telephone Field,recover-20221013,001,1795
275.8105,275.8177,28046,37125,Eptesicus serotinus,0.016,0.041,-1,Echolocation,/mnt/ubna_data_02_mir/recover-20221013/UBNA_001/20221012_030000.WAV,Telephone Field,recover-20221013,001,1795
275.8505,275.8583,28046,47736,Eptesicus serotinus,0.008,0.024,-1,Echolocation,/mnt/ubna_data_02_mir/recover-20221013/UBNA_001/20221012_030000.WAV,Telephone Field,recover-20221013,001,1795
275.8675,275.9077,68437,82361,Rhinolophus ferrumequinum,0.023,0.023,-1,Echolocation,/mnt/ubna_data_02_mir/recover-20221013/UBNA_001/20221012_030000.WAV,Telephone Field,recover-20221013,001,1795
275.8795,275.9188,68437,82131,Rhinolophus ferrumequinum,0.021,0.021,-1,Echolocation,/mnt/ubna_data_02_mir/recover-20221013/UBNA_001/20221012_030000.WAV,Telephone Field,recover-20221013,001,1795
275.8985,275.9399,68437,82424,Rhinolophus ferrumequinum,0.021,0.021,-1,Echolocation,/mnt/ubna_data_02_mir/recover-20221013/UBNA_001/20221012_030000.WAV,Telephone Field,recover-20221013,001,1795
275.9025,275.9122,48671,52332,Pipistrellus pipistrellus,0.035,0.037,-1,Echolocation,/mnt/ubna_data_02_mir/recover-20221013/UBNA_001/20221012_030000.WAV,Telephone Field,recover-20221013,001,1795
275.9315,275.9425,27187,33959,Eptesicus serotinus,0.009,0.022,-1,Echolocation,/mnt/ubna_data_02_mir/recover-20221013/UBNA_001/20221012_030000.WAV,Telephone Field,recover-20221013,001,1795
275.9385,275.9488,25468,31873,Nyctalus leisleri,0.008,0.022,-1,Echolocation,/mnt/ubna_data_02_mir/recover-20221013/UBNA_001/20221012_030000.WAV,Telephone Field,recover-20221013,001,1795
276.0015,276.0303,68437,80646,Rhinolophus ferrumequinum,0.045,0.046,-1,Echolocation,/mnt/ubna_data_02_mir/recover-20221013/UBNA_001/20221012_030000.WAV,Telephone Field,recover-20221013,001,1795
276.0015,276.0094,22031,29744,Plecotus austriacus,0.008,0.027,-1,Echolocation,/mnt/ubna_data_02_mir/recover-20221013/UBNA_001/20221012_030000.WAV,Telephone Field,recover-20221013,001,1795
276.0015,276.0093,27187,37267,Eptesicus serotinus,0.008,0.026,-1,Echolocation,/mnt/ubna_data_02_mir/recover-20221013/UBNA_001/20221012_030000.WAV,Telephone Field,recover-20221013,001,1795
276.0245,276.0656,68437,83207,Rhinolophus ferrumequinum,0.03,0.03,-1,Echolocation,/mnt/ubna_data_02_mir/recover-20221013/UBNA_001/20221012_030000.WAV,Telephone Field,recover-20221013,001,1795
276.0295,276.0387,28046,37144,Eptesicus serotinus,0.008,0.021,-1,Echolocation,/mnt/ubna_data_02_mir/recover-20221013/UBNA_001/20221012_030000.WAV,Telephone Field,recover-20221013,001,1795
276.0395,276.0513,28046,34571,Eptesicus serotinus,0.015,0.028,-1,Echolocation,/mnt/ubna_data_02_mir/recover-20221013/UBNA_001/20221012_030000.WAV,Telephone Field,recover-20221013,001,1795
276.0675,276.1072,68437,82596,Rhinolophus ferrumequinum,0.024,0.024,-1,Echolocation,/mnt/ubna_data_02_mir/recover-20221013/UBNA_001/20221012_030000.WAV,Telephone Field,recover-20221013,001,1795
276.0775,276.1173,68437,82722,Rhinolophus ferrumequinum,0.022,0.022,-1,Echolocation,/mnt/ubna_data_02_mir/recover-20221013/UBNA_001/20221012_030000.WAV,Telephone Field,recover-20221013,001,1795
276.0955,276.1343,68437,82730,Rhinolophus ferrumequinum,0.025,0.025,-1,Echolocation,/mnt/ubna_data_02_mir/recover-20221013/UBNA_001/20221012_030000.WAV,Telephone Field,recover-20221013,001,1795
276.1185,276.1544,68437,81516,Rhinolophus ferrumequinum,0.022,0.022,-1,Echolocation,/mnt/ubna_data_02_mir/recover-20221013/UBNA_001/20221012_030000.WAV,Telephone Field,recover-20221013,001,1795
276.1195,276.1269,46953,52355,Pipistrellus pipistrellus,0.02,0.022,-1,Echolocation,/mnt/ubna_data_02_mir/recover-20221013/UBNA_001/20221012_030000.WAV,Telephone Field,recover-20221013,001,1795
276.1215,276.1343,22890,27434,Nyctalus leisleri,0.012,0.023,-1,Echolocation,/mnt/ubna_data_02_mir/recover-20221013/UBNA_001/20221012_030000.WAV,Telephone Field,recover-20221013,001,1795
276.1375,276.1782,68437,82551,Rhinolophus ferrumequinum,0.028,0.028,-1,Echolocation,/mnt/ubna_data_02_mir/recover-20221013/UBNA_001/20221012_030000.WAV,Telephone Field,recover-20221013,001,1795
276.1545,276.192,68437,81931,Rhinolophus ferrumequinum,0.022,0.022,-1,Echolocation,/mnt/ubna_data_02_mir/recover-20221013/UBNA_001/20221012_030000.WAV,Telephone Field,recover-20221013,001,1795
276.1755,276.2143,68437,82332,Rhinolophus ferrumequinum,0.022,0.022,-1,Echolocation,/mnt/ubna_data_02_mir/recover-20221013/UBNA_001/20221012_030000.WAV,Telephone Field,recover-20221013,001,1795
276.1895,276.229,68437,82528,Rhinolophus ferrumequinum,0.023,0.023,-1,Echolocation,/mnt/ubna_data_02_mir/recover-20221013/UBNA_001/20221012_030000.WAV,Telephone Field,recover-20221013,001,1795
276.2215,276.2628,68437,82302,Rhinolophus ferrumequinum,0.023,0.023,-1,Echolocation,/mnt/ubna_data_02_mir/recover-20221013/UBNA_001/20221012_030000.WAV,Telephone Field,recover-20221013,001,1795
276.2475,276.2564,25468,33266,Eptesicus serotinus,0.007,0.023,-1,Echolocation,/mnt/ubna_data_02_mir/recover-20221013/UBNA_001/20221012_030000.WAV,Telephone Field,recover-20221013,001,1795
276.2535,276.2937,68437,81956,Rhinolophus ferrumequinum,0.024,0.024,-1,Echolocation,/mnt/ubna_data_02_mir/recover-20221013/UBNA_001/20221012_030000.WAV,Telephone Field,recover-20221013,001,1795
276.2645,276.3043,68437,82706,Rhinolophus ferrumequinum,0.021,0.021,-1,Echolocation,/mnt/ubna_data_02_mir/recover-20221013/UBNA_001/20221012_030000.WAV,Telephone Field,recover-20221013,001,1795
276.2955,276.3337,68437,82031,Rhinolophus ferrumequinum,0.021,0.021,-1,Echolocation,/mnt/ubna_data_02_mir/recover-20221013/UBNA_001/20221012_030000.WAV,Telephone Field,recover-20221013,001,1795
276.2965,276.308,22890,26929,Nyctalus leisleri,0.013,0.025,-1,Echolocation,/mnt/ubna_data_02_mir/recover-20221013/UBNA_001/20221012_030000.WAV,Telephone Field,recover-20221013,001,1795
276.3555,276.394,68437,82256,Rhinolophus ferrumequinum,0.025,0.025,-1,Echolocation,/mnt/ubna_data_02_mir/recover-20221013/UBNA_001/20221012_030000.WAV,Telephone Field,recover-20221013,001,1795
276.3685,276.4082,68437,83328,Rhinolophus ferrumequinum,0.023,0.023,-1,Echolocation,/mnt/ubna_data_02_mir/recover-20221013/UBNA_001/20221012_030000.WAV,Telephone Field,recover-20221013,001,1795
276.3685,276.3775,25468,34417,Eptesicus serotinus,0.008,0.021,-1,Echolocation,/mnt/ubna_data_02_mir/recover-20221013/UBNA_001/20221012_030000.WAV,Telephone Field,recover-20221013,001,1795
276.3795,276.4151,68437,81857,Rhinolophus ferrumequinum,0.021,0.021,-1,Echolocation,/mnt/ubna_data_02_mir/recover-20221013/UBNA_001/20221012_030000.WAV,Telephone Field,recover-20221013,001,1795
276.3905,276.4302,68437,82391,Rhinolophus ferrumequinum,0.021,0.021,-1,Echolocation,/mnt/ubna_data_02_mir/recover-20221013/UBNA_001/20221012_030000.WAV,Telephone Field,recover-20221013,001,1795
276.4045,276.411,28046,43723,Eptesicus serotinus,0.009,0.033,-1,Echolocation,/mnt/ubna_data_02_mir/recover-20221013/UBNA_001/20221012_030000.WAV,Telephone Field,recover-20221013,001,1795
276.4765,276.5148,68437,82378,Rhinolophus ferrumequinum,0.022,0.022,-1,Echolocation,/mnt/ubna_data_02_mir/recover-20221013/UBNA_001/20221012_030000.WAV,Telephone Field,recover-20221013,001,1795
276.4845,276.4941,28906,37830,Eptesicus serotinus,0.01,0.024,-1,Echolocation,/mnt/ubna_data_02_mir/recover-20221013/UBNA_001/20221012_030000.WAV,Telephone Field,recover-20221013,001,1795
276.5115,276.5484,68437,81749,Rhinolophus ferrumequinum,0.023,0.023,-1,Echolocation,/mnt/ubna_data_02_mir/recover-20221013/UBNA_001/20221012_030000.WAV,Telephone Field,recover-20221013,001,1795
276.5465,276.584,68437,81275,Rhinolophus ferrumequinum,0.021,0.021,-1,Echolocation,/mnt/ubna_data_02_mir/recover-20221013/UBNA_001/20221012_030000.WAV,Telephone Field,recover-20221013,001,1795
276.5545,276.5617,28046,40130,Eptesicus serotinus,0.007,0.025,-1,Echolocation,/mnt/ubna_data_02_mir/recover-20221013/UBNA_001/20221012_030000.WAV,Telephone Field,recover-20221013,001,1795
276.5705,276.6079,68437,81523,Rhinolophus ferrumequinum,0.027,0.027,-1,Echolocation,/mnt/ubna_data_02_mir/recover-20221013/UBNA_001/20221012_030000.WAV,Telephone Field,recover-20221013,001,1795
276.6025,276.6119,24609,31714,Eptesicus serotinus,0.008,0.022,-1,Echolocation,/mnt/ubna_data_02_mir/recover-20221013/UBNA_001/20221012_030000.WAV,Telephone Field,recover-20221013,001,1795
276.6065,276.6449,68437,82556,Rhinolophus ferrumequinum,0.023,0.023,-1,Echolocation,/mnt/ubna_data_02_mir/recover-20221013/UBNA_001/20221012_030000.WAV,Telephone Field,recover-20221013,001,1795
276.6125,276.6523,68437,82242,Rhinolophus ferrumequinum,0.023,0.023,-1,Echolocation,/mnt/ubna_data_02_mir/recover-20221013/UBNA_001/20221012_030000.WAV,Telephone Field,recover-20221013,001,1795
276.6335,276.6396,26328,42577,Eptesicus serotinus,0.005,0.023,-1,Echolocation,/mnt/ubna_data_02_mir/recover-20221013/UBNA_001/20221012_030000.WAV,Telephone Field,recover-20221013,001,1795
276.6345,276.6738,68437,82501,Rhinolophus ferrumequinum,0.022,0.022,-1,Echolocation,/mnt/ubna_data_02_mir/recover-20221013/UBNA_001/20221012_030000.WAV,Telephone Field,recover-20221013,001,1795
276.6605,276.6981,68437,81738,Rhinolophus ferrumequinum,0.023,0.023,-1,Echolocation,/mnt/ubna_data_02_mir/recover-20221013/UBNA_001/20221012_030000.WAV,Telephone Field,recover-20221013,001,1795
276.6785,276.6866,25468,34642,Eptesicus serotinus,0.007,0.023,-1,Echolocation,/mnt/ubna_data_02_mir/recover-20221013/UBNA_001/20221012_030000.WAV,Telephone Field,recover-20221013,001,1795
276.6795,276.7155,68437,81656,Rhinolophus ferrumequinum,0.021,0.021,-1,Echolocation,/mnt/ubna_data_02_mir/recover-20221013/UBNA_001/20221012_030000.WAV,Telephone Field,recover-20221013,001,1795
276.7115,276.7531,68437,82833,Rhinolophus ferrumequinum,0.022,0.022,-1,Echolocation,/mnt/ubna_data_02_mir/recover-20221013/UBNA_001/20221012_030000.WAV,Telephone Field,recover-20221013,001,1795
276.7125,276.7224,28046,35554,Eptesicus serotinus,0.009,0.022,-1,Echolocation,/mnt/ubna_data_02_mir/recover-20221013/UBNA_001/20221012_030000.WAV,Telephone Field,recover-20221013,001,1795
276.7345,276.7439,24609,31921,Eptesicus serotinus,0.006,0.021,-1,Echolocation,/mnt/ubna_data_02_mir/recover-20221013/UBNA_001/20221012_030000.WAV,Telephone Field,recover-20221013,001,1795
276.7815,276.8194,68437,82010,Rhinolophus ferrumequinum,0.031,0.031,-1,Echolocation,/mnt/ubna_data_02_mir/recover-20221013/UBNA_001/20221012_030000.WAV,Telephone Field,recover-20221013,001,1795
276.8035,276.8123,26328,35746,Eptesicus serotinus,0.008,0.021,-1,Echolocation,/mnt/ubna_data_02_mir/recover-20221013/UBNA_001/20221012_030000.WAV,Telephone Field,recover-20221013,001,1795
276.8185,276.8548,68437,80719,Rhinolophus ferrumequinum,0.026,0.026,-1,Echolocation,/mnt/ubna_data_02_mir/recover-20221013/UBNA_001/20221012_030000.WAV,Telephone Field,recover-20221013,001,1795
276.8955,276.9384,68437,83167,Rhinolophus ferrumequinum,0.036,0.036,-1,Echolocation,/mnt/ubna_data_02_mir/recover-20221013/UBNA_001/20221012_030000.WAV,Telephone Field,recover-20221013,001,1795
276.9305,276.971,68437,82193,Rhinolophus ferrumequinum,0.023,0.023,-1,Echolocation,/mnt/ubna_data_02_mir/recover-20221013/UBNA_001/20221012_030000.WAV,Telephone Field,recover-20221013,001,1795
276.9545,276.9633,27187,36056,Eptesicus serotinus,0.009,0.022,-1,Echolocation,/mnt/ubna_data_02_mir/recover-20221013/UBNA_001/20221012_030000.WAV,Telephone Field,recover-20221013,001,1795
276.9675,277.0061,68437,81927,Rhinolophus ferrumequinum,0.021,0.022,-1,Echolocation,/mnt/ubna_data_02_mir/recover-20221013/UBNA_001/20221012_030000.WAV,Telephone Field,recover-20221013,001,1795
276.9855,276.996,22031,26188,Nyctalus leisleri,0.012,0.023,-1,Echolocation,/mnt/ubna_data_02_mir/recover-20221013/UBNA_001/20221012_030000.WAV,Telephone Field,recover-20221013,001,1795
276.9965,277.0365,68437,82263,Rhinolophus ferrumequinum,0.021,0.021,-1,Echolocation,/mnt/ubna_data_02_mir/recover-20221013/UBNA_001/20221012_030000.WAV,Telephone Field,recover-20221013,001,1795
277.0065,277.0455,68437,81987,Rhinolophus ferrumequinum,0.022,0.022,-1,Echolocation,/mnt/ubna_data_02_mir/recover-20221013/UBNA_001/20221012_030000.WAV,Telephone Field,recover-20221013,001,1795
277.0465,277.0871,68437,82680,Rhinolophus ferrumequinum,0.026,0.026,-1,Echolocation,/mnt/ubna_data_02_mir/recover-20221013/UBNA_001/20221012_030000.WAV,Telephone Field,recover-20221013,001,1795
277.0835,277.0941,28906,37445,Eptesicus serotinus,0.011,0.023,-1,Echolocation,/mnt/ubna_data_02_mir/recover-20221013/UBNA_001/20221012_030000.WAV,Telephone Field,recover-20221013,001,1795
277.0855,277.1232,68437,81764,Rhinolophus ferrumequinum,0.022,0.022,-1,Echolocation,/mnt/ubna_data_02_mir/recover-20221013/UBNA_001/20221012_030000.WAV,Telephone Field,recover-20221013,001,1795
277.0955,277.1019,28046,41099,Eptesicus serotinus,0.005,0.025,-1,Echolocation,/mnt/ubna_data_02_mir/recover-20221013/UBNA_001/20221012_030000.WAV,Telephone Field,recover-20221013,001,1795
277.1065,277.1279,19453,22717,Nyctalus leisleri,0.014,0.03,-1,Echolocation,/mnt/ubna_data_02_mir/recover-20221013/UBNA_001/20221012_030000.WAV,Telephone Field,recover-20221013,001,1795
277.1105,277.15,68437,82494,Rhinolophus ferrumequinum,0.025,0.025,-1,Echolocation,/mnt/ubna_data_02_mir/recover-20221013/UBNA_001/20221012_030000.WAV,Telephone Field,recover-20221013,001,1795
277.1415,277.1814,68437,81749,Rhinolophus ferrumequinum,0.025,0.025,-1,Echolocation,/mnt/ubna_data_02_mir/recover-20221013/UBNA_001/20221012_030000.WAV,Telephone Field,recover-20221013,001,1795
277.1865,277.2271,68437,82772,Rhinolophus ferrumequinum,0.024,0.024,-1,Echolocation,/mnt/ubna_data_02_mir/recover-20221013/UBNA_001/20221012_030000.WAV,Telephone Field,recover-20221013,001,1795
277.2385,277.2776,68437,81883,Rhinolophus ferrumequinum,0.021,0.021,-1,Echolocation,/mnt/ubna_data_02_mir/recover-20221013/UBNA_001/20221012_030000.WAV,Telephone Field,recover-20221013,001,1795
277.3245,277.3357,22031,26036,Nyctalus leisleri,0.013,0.024,-1,Echolocation,/mnt/ubna_data_02_mir/recover-20221013/UBNA_001/20221012_030000.WAV,Telephone Field,recover-20221013,001,1795
277.3325,277.3489,21171,24194,Nyctalus leisleri,0.016,0.025,-1,Echolocation,/mnt/ubna_data_02_mir/recover-20221013/UBNA_001/20221012_030000.WAV,Telephone Field,recover-20221013,001,1795
277.3815,277.3908,28906,37623,Eptesicus serotinus,0.009,0.022,-1,Echolocation,/mnt/ubna_data_02_mir/recover-20221013/UBNA_001/20221012_030000.WAV,Telephone Field,recover-20221013,001,1795
277.3975,277.436,68437,82354,Rhinolophus ferrumequinum,0.022,0.022,-1,Echolocation,/mnt/ubna_data_02_mir/recover-20221013/UBNA_001/20221012_030000.WAV,Telephone Field,recover-20221013,001,1795
277.4265,277.4656,68437,82732,Rhinolophus ferrumequinum,0.033,0.033,-1,Echolocation,/mnt/ubna_data_02_mir/recover-20221013/UBNA_001/20221012_030000.WAV,Telephone Field,recover-20221013,001,1795
277.4505,277.4604,49531,55028,Pipistrellus pipistrellus,0.021,0.025,-1,Echolocation,/mnt/ubna_data_02_mir/recover-20221013/UBNA_001/20221012_030000.WAV,Telephone Field,recover-20221013,001,1795
277.4565,277.4979,68437,82165,Rhinolophus ferrumequinum,0.023,0.023,-1,Echolocation,/mnt/ubna_data_02_mir/recover-20221013/UBNA_001/20221012_030000.WAV,Telephone Field,recover-20221013,001,1795
277.4745,277.4842,25468,32757,Eptesicus serotinus,0.01,0.023,-1,Echolocation,/mnt/ubna_data_02_mir/recover-20221013/UBNA_001/20221012_030000.WAV,Telephone Field,recover-20221013,001,1795
277.4925,277.5306,68437,81981,Rhinolophus ferrumequinum,0.023,0.023,-1,Echolocation,/mnt/ubna_data_02_mir/recover-20221013/UBNA_001/20221012_030000.WAV,Telephone Field,recover-20221013,001,1795
277.4925,277.5035,43515,48297,Pipistrellus pipistrellus,0.02,0.026,-1,Echolocation,/mnt/ubna_data_02_mir/recover-20221013/UBNA_001/20221012_030000.WAV,Telephone Field,recover-20221013,001,1795
277.5155,277.5229,28046,37446,Eptesicus serotinus,0.007,0.021,-1,Echolocation,/mnt/ubna_data_02_mir/recover-20221013/UBNA_001/20221012_030000.WAV,Telephone Field,recover-20221013,001,1795
277.5205,277.5575,68437,81973,Rhinolophus ferrumequinum,0.021,0.021,-1,Echolocation,/mnt/ubna_data_02_mir/recover-20221013/UBNA_001/20221012_030000.WAV,Telephone Field,recover-20221013,001,1795
277.5465,277.5849,68437,82560,Rhinolophus ferrumequinum,0.022,0.022,-1,Echolocation,/mnt/ubna_data_02_mir/recover-20221013/UBNA_001/20221012_030000.WAV,Telephone Field,recover-20221013,001,1795
277.5475,277.5554,25468,35412,Eptesicus serotinus,0.006,0.025,-1,Echolocation,/mnt/ubna_data_02_mir/recover-20221013/UBNA_001/20221012_030000.WAV,Telephone Field,recover-20221013,001,1795
277.5755,277.5858,22890,27966,Nyctalus leisleri,0.01,0.021,-1,Echolocation,/mnt/ubna_data_02_mir/recover-20221013/UBNA_001/20221012_030000.WAV,Telephone Field,recover-20221013,001,1795
277.5985,277.6372,68437,81886,Rhinolophus ferrumequinum,0.025,0.025,-1,Echolocation,/mnt/ubna_data_02_mir/recover-20221013/UBNA_001/20221012_030000.WAV,Telephone Field,recover-20221013,001,1795
277.6155,277.623,26328,35419,Eptesicus serotinus,0.007,0.021,-1,Echolocation,/mnt/ubna_data_02_mir/recover-20221013/UBNA_001/20221012_030000.WAV,Telephone Field,recover-20221013,001,1795
277.6265,277.6368,28906,37247,Eptesicus serotinus,0.012,0.027,-1,Echolocation,/mnt/ubna_data_02_mir/recover-20221013/UBNA_001/20221012_030000.WAV,Telephone Field,recover-20221013,001,1795
277.6335,277.6671,68437,81395,Rhinolophus ferrumequinum,0.021,0.021,-1,Echolocation,/mnt/ubna_data_02_mir/recover-20221013/UBNA_001/20221012_030000.WAV,Telephone Field,recover-20221013,001,1795
277.6475,277.6851,68437,81959,Rhinolophus ferrumequinum,0.022,0.022,-1,Echolocation,/mnt/ubna_data_02_mir/recover-20221013/UBNA_001/20221012_030000.WAV,Telephone Field,recover-20221013,001,1795
277.6955,277.7369,68437,82269,Rhinolophus ferrumequinum,0.026,0.026,-1,Echolocation,/mnt/ubna_data_02_mir/recover-20221013/UBNA_001/20221012_030000.WAV,Telephone Field,recover-20221013,001,1795
277.7545,277.7641,22890,28525,Nyctalus leisleri,0.009,0.021,-1,Echolocation,/mnt/ubna_data_02_mir/recover-20221013/UBNA_001/20221012_030000.WAV,Telephone Field,recover-20221013,001,1795
277.7635,277.8048,68437,82886,Rhinolophus ferrumequinum,0.024,0.024,-1,Echolocation,/mnt/ubna_data_02_mir/recover-20221013/UBNA_001/20221012_030000.WAV,Telephone Field,recover-20221013,001,1795
277.7715,277.7821,22890,27425,Nyctalus leisleri,0.011,0.021,-1,Echolocation,/mnt/ubna_data_02_mir/recover-20221013/UBNA_001/20221012_030000.WAV,Telephone Field,recover-20221013,001,1795
277.7725,277.8097,68437,82469,Rhinolophus ferrumequinum,0.021,0.021,-1,Echolocation,/mnt/ubna_data_02_mir/recover-20221013/UBNA_001/20221012_030000.WAV,Telephone Field,recover-20221013,001,1795
277.7795,277.8194,68437,82228,Rhinolophus ferrumequinum,0.022,0.022,-1,Echolocation,/mnt/ubna_data_02_mir/recover-20221013/UBNA_001/20221012_030000.WAV,Telephone Field,recover-20221013,001,1795
277.7845,277.7939,22890,29044,Nyctalus leisleri,0.008,0.023,-1,Echolocation,/mnt/ubna_data_02_mir/recover-20221013/UBNA_001/20221012_030000.WAV,Telephone Field,recover-20221013,001,1795
277.7965,277.832,68437,81157,Rhinolophus ferrumequinum,0.022,0.022,-1,Echolocation,/mnt/ubna_data_02_mir/recover-20221013/UBNA_001/20221012_030000.WAV,Telephone Field,recover-20221013,001,1795
277.8375,277.8769,68437,82451,Rhinolophus ferrumequinum,0.025,0.025,-1,Echolocation,/mnt/ubna_data_02_mir/recover-20221013/UBNA_001/20221012_030000.WAV,Telephone Field,recover-20221013,001,1795
277.8395,277.8479,28906,38492,Eptesicus serotinus,0.008,0.021,-1,Echolocation,/mnt/ubna_data_02_mir/recover-20221013/UBNA_001/20221012_030000.WAV,Telephone Field,recover-20221013,001,1795
277.8515,277.8914,68437,81716,Rhinolophus ferrumequinum,0.024,0.024,-1,Echolocation,/mnt/ubna_data_02_mir/recover-20221013/UBNA_001/20221012_030000.WAV,Telephone Field,recover-20221013,001,1795
277.8805,277.9187,68437,82459,Rhinolophus ferrumequinum,0.021,0.021,-1,Echolocation,/mnt/ubna_data_02_mir/recover-20221013/UBNA_001/20221012_030000.WAV,Telephone Field,recover-20221013,001,1795
277.8865,277.8946,26328,34387,Eptesicus serotinus,0.007,0.022,-1,Echolocation,/mnt/ubna_data_02_mir/recover-20221013/UBNA_001/20221012_030000.WAV,Telephone Field,recover-20221013,001,1795
277.8905,277.9312,68437,82096,Rhinolophus ferrumequinum,0.022,0.022,-1,Echolocation,/mnt/ubna_data_02_mir/recover-20221013/UBNA_001/20221012_030000.WAV,Telephone Field,recover-20221013,001,1795
277.9245,277.9337,28906,36762,Eptesicus serotinus,0.009,0.021,-1,Echolocation,/mnt/ubna_data_02_mir/recover-20221013/UBNA_001/20221012_030000.WAV,Telephone Field,recover-20221013,001,1795
277.9835,277.9922,28046,39862,Eptesicus serotinus,0.009,0.024,-1,Echolocation,/mnt/ubna_data_02_mir/recover-20221013/UBNA_001/20221012_030000.WAV,Telephone Field,recover-20221013,001,1795
277.9845,277.9947,22890,29667,Nyctalus leisleri,0.009,0.024,-1,Echolocation,/mnt/ubna_data_02_mir/recover-20221013/UBNA_001/20221012_030000.WAV,Telephone Field,recover-20221013,001,1795
278.0015,278.0138,27187,34581,Eptesicus serotinus,0.019,0.046,-1,Echolocation,/mnt/ubna_data_02_mir/recover-20221013/UBNA_001/20221012_030000.WAV,Telephone Field,recover-20221013,001,1795
278.0015,278.0141,55546,62120,Pipistrellus pygmaeus,0.034,0.041,-1,Echolocation,/mnt/ubna_data_02_mir/recover-20221013/UBNA_001/20221012_030000.WAV,Telephone Field,recover-20221013,001,1795
278.0015,278.0311,68437,79822,Rhinolophus ferrumequinum,0.023,0.023,-1,Echolocation,/mnt/ubna_data_02_mir/recover-20221013/UBNA_001/20221012_030000.WAV,Telephone Field,recover-20221013,001,1795
278.0365,278.0703,68437,81040,Rhinolophus ferrumequinum,0.022,0.023,-1,Echolocation,/mnt/ubna_data_02_mir/recover-20221013/UBNA_001/20221012_030000.WAV,Telephone Field,recover-20221013,001,1795
278.0705,278.08,24609,31339,Eptesicus serotinus,0.007,0.021,-1,Echolocation,/mnt/ubna_data_02_mir/recover-20221013/UBNA_001/20221012_030000.WAV,Telephone Field,recover-20221013,001,1795
278.0785,278.087,22890,30098,Plecotus austriacus,0.009,0.022,-1,Echolocation,/mnt/ubna_data_02_mir/recover-20221013/UBNA_001/20221012_030000.WAV,Telephone Field,recover-20221013,001,1795
278.1145,278.1296,22890,28078,Nyctalus leisleri,0.018,0.038,-1,Echolocation,/mnt/ubna_data_02_mir/recover-20221013/UBNA_001/20221012_030000.WAV,Telephone Field,recover-20221013,001,1795
278.1335,278.1705,68437,82192,Rhinolophus ferrumequinum,0.022,0.022,-1,Echolocation,/mnt/ubna_data_02_mir/recover-20221013/UBNA_001/20221012_030000.WAV,Telephone Field,recover-20221013,001,1795
278.1485,278.188,68437,83116,Rhinolophus ferrumequinum,0.026,0.026,-1,Echolocation,/mnt/ubna_data_02_mir/recover-20221013/UBNA_001/20221012_030000.WAV,Telephone Field,recover-20221013,001,1795
278.1795,278.2183,68437,82739,Rhinolophus ferrumequinum,0.028,0.028,-1,Echolocation,/mnt/ubna_data_02_mir/recover-20221013/UBNA_001/20221012_030000.WAV,Telephone Field,recover-20221013,001,1795
278.2005,278.2382,68437,81160,Rhinolophus ferrumequinum,0.023,0.023,-1,Echolocation,/mnt/ubna_data_02_mir/recover-20221013/UBNA_001/20221012_030000.WAV,Telephone Field,recover-20221013,001,1795
278.2015,278.2092,27187,38971,Eptesicus serotinus,0.007,0.023,-1,Echolocation,/mnt/ubna_data_02_mir/recover-20221013/UBNA_001/20221012_030000.WAV,Telephone Field,recover-20221013,001,1795
278.2165,278.255,68437,82325,Rhinolophus ferrumequinum,0.021,0.021,-1,Echolocation,/mnt/ubna_data_02_mir/recover-20221013/UBNA_001/20221012_030000.WAV,Telephone Field,recover-20221013,001,1795
278.2445,278.2534,28046,37448,Eptesicus serotinus,0.01,0.024,-1,Echolocation,/mnt/ubna_data_02_mir/recover-20221013/UBNA_001/20221012_030000.WAV,Telephone Field,recover-20221013,001,1795
278.2735,278.3096,68437,81904,Rhinolophus ferrumequinum,0.024,0.024,-1,Echolocation,/mnt/ubna_data_02_mir/recover-20221013/UBNA_001/20221012_030000.WAV,Telephone Field,recover-20221013,001,1795
278.2805,278.3208,68437,82182,Rhinolophus ferrumequinum,0.024,0.024,-1,Echolocation,/mnt/ubna_data_02_mir/recover-20221013/UBNA_001/20221012_030000.WAV,Telephone Field,recover-20221013,001,1795
278.3175,278.3556,68437,82383,Rhinolophus ferrumequinum,0.03,0.03,-1,Echolocation,/mnt/ubna_data_02_mir/recover-20221013/UBNA_001/20221012_030000.WAV,Telephone Field,recover-20221013,001,1795
278.3545,278.3958,68437,82747,Rhinolophus ferrumequinum,0.023,0.023,-1,Echolocation,/mnt/ubna_data_02_mir/recover-20221013/UBNA_001/20221012_030000.WAV,Telephone Field,recover-20221013,001,1795
278.3555,278.3691,21171,25063,Nyctalus leisleri,0.013,0.022,-1,Echolocation,/mnt/ubna_data_02_mir/recover-20221013/UBNA_001/20221012_030000.WAV,Telephone Field,recover-20221013,001,1795
278.3955,278.4388,68437,83202,Rhinolophus ferrumequinum,0.029,0.029,-1,Echolocation,/mnt/ubna_data_02_mir/recover-20221013/UBNA_001/20221012_030000.WAV,Telephone Field,recover-20221013,001,1795
278.4865,278.5224,68437,82000,Rhinolophus ferrumequinum,0.021,0.021,-1,Echolocation,/mnt/ubna_data_02_mir/recover-20221013/UBNA_001/20221012_030000.WAV,Telephone Field,recover-20221013,001,1795
278.5005,278.5108,23750,30736,Nyctalus leisleri,0.008,0.022,-1,Echolocation,/mnt/ubna_data_02_mir/recover-20221013/UBNA_001/20221012_030000.WAV,Telephone Field,recover-20221013,001,1795
278.5165,278.5535,68437,81481,Rhinolophus ferrumequinum,0.022,0.022,-1,Echolocation,/mnt/ubna_data_02_mir/recover-20221013/UBNA_001/20221012_030000.WAV,Telephone Field,recover-20221013,001,1795
278.5385,278.5559,16015,21136,Nyctalus noctula,0.016,0.022,-1,Echolocation,/mnt/ubna_data_02_mir/recover-20221013/UBNA_001/20221012_030000.WAV,Telephone Field,recover-20221013,001,1795
278.5495,278.5903,68437,82450,Rhinolophus ferrumequinum,0.023,0.023,-1,Echolocation,/mnt/ubna_data_02_mir/recover-20221013/UBNA_001/20221012_030000.WAV,Telephone Field,recover-20221013,001,1795
278.5585,278.5964,68437,81988,Rhinolophus ferrumequinum,0.024,0.024,-1,Echolocation,/mnt/ubna_data_02_mir/recover-20221013/UBNA_001/20221012_030000.WAV,Telephone Field,recover-20221013,001,1795
278.5975,278.6366,68437,82306,Rhinolophus ferrumequinum,0.022,0.022,-1,Echolocation,/mnt/ubna_data_02_mir/recover-20221013/UBNA_001/20221012_030000.WAV,Telephone Field,recover-20221013,001,1795
278.6305,278.6397,22031,28207,Plecotus austriacus,0.008,0.021,-1,Echolocation,/mnt/ubna_data_02_mir/recover-20221013/UBNA_001/20221012_030000.WAV,Telephone Field,recover-20221013,001,1795
278.6785,278.7192,68437,82428,Rhinolophus ferrumequinum,0.024,0.024,-1,Echolocation,/mnt/ubna_data_02_mir/recover-20221013/UBNA_001/20221012_030000.WAV,Telephone Field,recover-20221013,001,1795
278.6985,278.7355,68437,80919,Rhinolophus ferrumequinum,0.023,0.023,-1,Echolocation,/mnt/ubna_data_02_mir/recover-20221013/UBNA_001/20221012_030000.WAV,Telephone Field,recover-20221013,001,1795
278.7485,278.7913,68437,82973,Rhinolophus ferrumequinum,0.024,0.024,-1,Echolocation,/mnt/ubna_data_02_mir/recover-20221013/UBNA_001/20221012_030000.WAV,Telephone Field,recover-20221013,001,1795
278.8145,278.8513,68437,81839,Rhinolophus ferrumequinum,0.022,0.022,-1,Echolocation,/mnt/ubna_data_02_mir/recover-20221013/UBNA_001/20221012_030000.WAV,Telephone Field,recover-20221013,001,1795
278.8235,278.8359,14296,21315,Nyctalus noctula,0.018,0.029,-1,Echolocation,/mnt/ubna_data_02_mir/recover-20221013/UBNA_001/20221012_030000.WAV,Telephone Field,recover-20221013,001,1795
278.8365,278.875,68437,82215,Rhinolophus ferrumequinum,0.028,0.028,-1,Echolocation,/mnt/ubna_data_02_mir/recover-20221013/UBNA_001/20221012_030000.WAV,Telephone Field,recover-20221013,001,1795
278.8875,278.9264,68437,82136,Rhinolophus ferrumequinum,0.027,0.027,-1,Echolocation,/mnt/ubna_data_02_mir/recover-20221013/UBNA_001/20221012_030000.WAV,Telephone Field,recover-20221013,001,1795
278.9235,278.9645,68437,82805,Rhinolophus ferrumequinum,0.028,0.028,-1,Echolocation,/mnt/ubna_data_02_mir/recover-20221013/UBNA_001/20221012_030000.WAV,Telephone Field,recover-20221013,001,1795
278.95550000000003,278.9947,68437,82411,Rhinolophus ferrumequinum,0.025,0.025,-1,Echolocation,/mnt/ubna_data_02_mir/recover-20221013/UBNA_001/20221012_030000.WAV,Telephone Field,recover-20221013,001,1795
278.9615,278.9707,24609,32552,Eptesicus serotinus,0.008,0.026,-1,Echolocation,/mnt/ubna_data_02_mir/recover-20221013/UBNA_001/20221012_030000.WAV,Telephone Field,recover-20221013,001,1795
278.9905,278.9986,28046,39763,Eptesicus serotinus,0.009,0.025,-1,Echolocation,/mnt/ubna_data_02_mir/recover-20221013/UBNA_001/20221012_030000.WAV,Telephone Field,recover-20221013,001,1795
279.0005,279.0375,68437,82205,Rhinolophus ferrumequinum,0.026,0.026,-1,Echolocation,/mnt/ubna_data_02_mir/recover-20221013/UBNA_001/20221012_030000.WAV,Telephone Field,recover-20221013,001,1795
279.0255,279.0621,68437,81767,Rhinolophus ferrumequinum,0.03,0.03,-1,Echolocation,/mnt/ubna_data_02_mir/recover-20221013/UBNA_001/20221012_030000.WAV,Telephone Field,recover-20221013,001,1795
279.0545,279.0971,68437,82798,Rhinolophus ferrumequinum,0.028,0.028,-1,Echolocation,/mnt/ubna_data_02_mir/recover-20221013/UBNA_001/20221012_030000.WAV,Telephone Field,recover-20221013,001,1795
279.0625,279.0693,23750,32610,Plecotus austriacus,0.009,0.021,-1,Echolocation,/mnt/ubna_data_02_mir/recover-20221013/UBNA_001/20221012_030000.WAV,Telephone Field,recover-20221013,001,1795
279.0715,279.111,68437,82541,Rhinolophus ferrumequinum,0.023,0.023,-1,Echolocation,/mnt/ubna_data_02_mir/recover-20221013/UBNA_001/20221012_030000.WAV,Telephone Field,recover-20221013,001,1795
279.0965,279.1369,68437,82721,Rhinolophus ferrumequinum,0.023,0.023,-1,Echolocation,/mnt/ubna_data_02_mir/recover-20221013/UBNA_001/20221012_030000.WAV,Telephone Field,recover-20221013,001,1795
279.1255,279.1587,68437,80575,Rhinolophus ferrumequinum,0.023,0.023,-1,Echolocation,/mnt/ubna_data_02_mir/recover-20221013/UBNA_001/20221012_030000.WAV,Telephone Field,recover-20221013,001,1795
279.1545,279.1924,68437,82340,Rhinolophus ferrumequinum,0.022,0.022,-1,Echolocation,/mnt/ubna_data_02_mir/recover-20221013/UBNA_001/20221012_030000.WAV,Telephone Field,recover-20221013,001,1795
279.1715,279.1788,28046,41434,Eptesicus serotinus,0.006,0.024,-1,Echolocation,/mnt/ubna_data_02_mir/recover-20221013/UBNA_001/20221012_030000.WAV,Telephone Field,recover-20221013,001,1795
279.1815,279.2211,68437,81760,Rhinolophus ferrumequinum,0.024,0.024,-1,Echolocation,/mnt/ubna_data_02_mir/recover-20221013/UBNA_001/20221012_030000.WAV,Telephone Field,recover-20221013,001,1795
279.1835,279.194,25468,32081,Eptesicus serotinus,0.01,0.025,-1,Echolocation,/mnt/ubna_data_02_mir/recover-20221013/UBNA_001/20221012_030000.WAV,Telephone Field,recover-20221013,001,1795
279.2025,279.2408,68437,82008,Rhinolophus ferrumequinum,0.022,0.022,-1,Echolocation,/mnt/ubna_data_02_mir/recover-20221013/UBNA_001/20221012_030000.WAV,Telephone Field,recover-20221013,001,1795
279.20550000000003,279.2158,22031,26416,Nyctalus leisleri,0.011,0.021,-1,Echolocation,/mnt/ubna_data_02_mir/recover-20221013/UBNA_001/20221012_030000.WAV,Telephone Field,recover-20221013,001,1795
279.2235,279.2643,68437,82549,Rhinolophus ferrumequinum,0.021,0.021,-1,Echolocation,/mnt/ubna_data_02_mir/recover-20221013/UBNA_001/20221012_030000.WAV,Telephone Field,recover-20221013,001,1795
279.2305,279.2393,28906,37401,Eptesicus serotinus,0.007,0.021,-1,Echolocation,/mnt/ubna_data_02_mir/recover-20221013/UBNA_001/20221012_030000.WAV,Telephone Field,recover-20221013,001,1795
279.2955,279.3303,68437,81259,Rhinolophus ferrumequinum,0.021,0.021,-1,Echolocation,/mnt/ubna_data_02_mir/recover-20221013/UBNA_001/20221012_030000.WAV,Telephone Field,recover-20221013,001,1795
279.3085,279.3157,27187,40564,Eptesicus serotinus,0.006,0.022,-1,Echolocation,/mnt/ubna_data_02_mir/recover-20221013/UBNA_001/20221012_030000.WAV,Telephone Field,recover-20221013,001,1795
279.3345,279.3432,25468,33453,Eptesicus serotinus,0.01,0.023,-1,Echolocation,/mnt/ubna_data_02_mir/recover-20221013/UBNA_001/20221012_030000.WAV,Telephone Field,recover-20221013,001,1795
279.3375,279.3735,68437,80858,Rhinolophus ferrumequinum,0.027,0.027,-1,Echolocation,/mnt/ubna_data_02_mir/recover-20221013/UBNA_001/20221012_030000.WAV,Telephone Field,recover-20221013,001,1795
279.3545,279.36469999999997,23750,29851,Nyctalus leisleri,0.008,0.022,-1,Echolocation,/mnt/ubna_data_02_mir/recover-20221013/UBNA_001/20221012_030000.WAV,Telephone Field,recover-20221013,001,1795
279.3785,279.3884,23750,29969,Nyctalus leisleri,0.008,0.021,-1,Echolocation,/mnt/ubna_data_02_mir/recover-20221013/UBNA_001/20221012_030000.WAV,Telephone Field,recover-20221013,001,1795
279.3955,279.4035,28046,38881,Eptesicus serotinus,0.008,0.023,-1,Echolocation,/mnt/ubna_data_02_mir/recover-20221013/UBNA_001/20221012_030000.WAV,Telephone Field,recover-20221013,001,1795
279.4125,279.4188,24609,35991,Plecotus austriacus,0.01,0.026,-1,Echolocation,/mnt/ubna_data_02_mir/recover-20221013/UBNA_001/20221012_030000.WAV,Telephone Field,recover-20221013,001,1795
279.4645,279.5022,68437,81421,Rhinolophus ferrumequinum,0.021,0.022,-1,Echolocation,/mnt/ubna_data_02_mir/recover-20221013/UBNA_001/20221012_030000.WAV,Telephone Field,recover-20221013,001,1795
279.4715,279.4793,28046,39724,Eptesicus serotinus,0.007,0.022,-1,Echolocation,/mnt/ubna_data_02_mir/recover-20221013/UBNA_001/20221012_030000.WAV,Telephone Field,recover-20221013,001,1795
279.5115,279.5216,22890,28522,Nyctalus leisleri,0.009,0.022,-1,Echolocation,/mnt/ubna_data_02_mir/recover-20221013/UBNA_001/20221012_030000.WAV,Telephone Field,recover-20221013,001,1795
279.5845,279.5949,23750,30946,Eptesicus serotinus,0.009,0.024,-1,Echolocation,/mnt/ubna_data_02_mir/recover-20221013/UBNA_001/20221012_030000.WAV,Telephone Field,recover-20221013,001,1795
279.6265,279.6656,68437,82277,Rhinolophus ferrumequinum,0.022,0.022,-1,Echolocation,/mnt/ubna_data_02_mir/recover-20221013/UBNA_001/20221012_030000.WAV,Telephone Field,recover-20221013,001,1795
279.6435,279.6807,68437,81534,Rhinolophus ferrumequinum,0.021,0.021,-1,Echolocation,/mnt/ubna_data_02_mir/recover-20221013/UBNA_001/20221012_030000.WAV,Telephone Field,recover-20221013,001,1795
279.6635,279.6728,27187,36593,Eptesicus serotinus,0.009,0.022,-1,Echolocation,/mnt/ubna_data_02_mir/recover-20221013/UBNA_001/20221012_030000.WAV,Telephone Field,recover-20221013,001,1795
279.6795,279.7141,68437,81835,Rhinolophus ferrumequinum,0.022,0.022,-1,Echolocation,/mnt/ubna_data_02_mir/recover-20221013/UBNA_001/20221012_030000.WAV,Telephone Field,recover-20221013,001,1795
279.7145,279.7559,68437,82966,Rhinolophus ferrumequinum,0.03,0.03,-1,Echolocation,/mnt/ubna_data_02_mir/recover-20221013/UBNA_001/20221012_030000.WAV,Telephone Field,recover-20221013,001,1795
279.7215,279.7649,68437,83581,Rhinolophus ferrumequinum,0.03,0.03,-1,Echolocation,/mnt/ubna_data_02_mir/recover-20221013/UBNA_001/20221012_030000.WAV,Telephone Field,recover-20221013,001,1795
279.7355,279.7428,28046,38571,Eptesicus serotinus,0.008,0.025,-1,Echolocation,/mnt/ubna_data_02_mir/recover-20221013/UBNA_001/20221012_030000.WAV,Telephone Field,recover-20221013,001,1795
279.7455,279.7815,68437,81010,Rhinolophus ferrumequinum,0.021,0.021,-1,Echolocation,/mnt/ubna_data_02_mir/recover-20221013/UBNA_001/20221012_030000.WAV,Telephone Field,recover-20221013,001,1795
279.7505,279.7858,68437,81455,Rhinolophus ferrumequinum,0.021,0.021,-1,Echolocation,/mnt/ubna_data_02_mir/recover-20221013/UBNA_001/20221012_030000.WAV,Telephone Field,recover-20221013,001,1795
279.7735,279.8131,68437,82346,Rhinolophus ferrumequinum,0.03,0.03,-1,Echolocation,/mnt/ubna_data_02_mir/recover-20221013/UBNA_001/20221012_030000.WAV,Telephone Field,recover-20221013,001,1795
279.7825,279.8219,68437,82324,Rhinolophus ferrumequinum,0.032,0.032,-1,Echolocation,/mnt/ubna_data_02_mir/recover-20221013/UBNA_001/20221012_030000.WAV,Telephone Field,recover-20221013,001,1795
279.8045,279.8435,68437,82093,Rhinolophus ferrumequinum,0.025,0.025,-1,Echolocation,/mnt/ubna_data_02_mir/recover-20221013/UBNA_001/20221012_030000.WAV,Telephone Field,recover-20221013,001,1795
279.8225,279.8314,25468,33383,Eptesicus serotinus,0.008,0.022,-1,Echolocation,/mnt/ubna_data_02_mir/recover-20221013/UBNA_001/20221012_030000.WAV,Telephone Field,recover-20221013,001,1795
279.8255,279.8651,68437,82467,Rhinolophus ferrumequinum,0.022,0.022,-1,Echolocation,/mnt/ubna_data_02_mir/recover-20221013/UBNA_001/20221012_030000.WAV,Telephone Field,recover-20221013,001,1795
279.8495,279.8604,23750,30619,Nyctalus leisleri,0.009,0.023,-1,Echolocation,/mnt/ubna_data_02_mir/recover-20221013/UBNA_001/20221012_030000.WAV,Telephone Field,recover-20221013,001,1795
279.8765,279.9171,68437,82735,Rhinolophus ferrumequinum,0.023,0.023,-1,Echolocation,/mnt/ubna_data_02_mir/recover-20221013/UBNA_001/20221012_030000.WAV,Telephone Field,recover-20221013,001,1795
279.9365,279.978,68437,82981,Rhinolophus ferrumequinum,0.029,0.029,-1,Echolocation,/mnt/ubna_data_02_mir/recover-20221013/UBNA_001/20221012_030000.WAV,Telephone Field,recover-20221013,001,1795
279.9725,279.9801,23750,32255,Plecotus austriacus,0.008,0.022,-1,Echolocation,/mnt/ubna_data_02_mir/recover-20221013/UBNA_001/20221012_030000.WAV,Telephone Field,recover-20221013,001,1795
279.9865,279.9961,28046,40644,Eptesicus serotinus,0.009,0.024,-1,Echolocation,/mnt/ubna_data_02_mir/recover-20221013/UBNA_001/20221012_030000.WAV,Telephone Field,recover-20221013,001,1795
280.0015,280.0089,48671,55635,Pipistrellus pipistrellus,0.014,0.021,-1,Echolocation,/mnt/ubna_data_02_mir/recover-20221013/UBNA_001/20221012_030000.WAV,Telephone Field,recover-20221013,001,1795
280.0015,280.0351,69296,80972,Rhinolophus ferrumequinum,0.04,0.04,-1,Echolocation,/mnt/ubna_data_02_mir/recover-20221013/UBNA_001/20221012_030000.WAV,Telephone Field,recover-20221013,001,1795
280.0015,280.0113,22890,29793,Nyctalus leisleri,0.011,0.034,-1,Echolocation,/mnt/ubna_data_02_mir/recover-20221013/UBNA_001/20221012_030000.WAV,Telephone Field,recover-20221013,001,1795
280.0075,280.0489,68437,81256,Rhinolophus ferrumequinum,0.021,0.021,-1,Echolocation,/mnt/ubna_data_02_mir/recover-20221013/UBNA_001/20221012_030000.WAV,Telephone Field,recover-20221013,001,1795
280.0195,280.0609,68437,82646,Rhinolophus ferrumequinum,0.029,0.029,-1,Echolocation,/mnt/ubna_data_02_mir/recover-20221013/UBNA_001/20221012_030000.WAV,Telephone Field,recover-20221013,001,1795
280.0205,280.0269,47812,52642,Pipistrellus pipistrellus,0.021,0.022,-1,Echolocation,/mnt/ubna_data_02_mir/recover-20221013/UBNA_001/20221012_030000.WAV,Telephone Field,recover-20221013,001,1795
280.0205,280.0283,29765,49108,Myotis daubentonii,0.007,0.022,-1,Echolocation,/mnt/ubna_data_02_mir/recover-20221013/UBNA_001/20221012_030000.WAV,Telephone Field,recover-20221013,001,1795
280.0545,280.0683,28046,33835,Eptesicus serotinus,0.016,0.03,-1,Echolocation,/mnt/ubna_data_02_mir/recover-20221013/UBNA_001/20221012_030000.WAV,Telephone Field,recover-20221013,001,1795
280.0685,280.1062,68437,81580,Rhinolophus ferrumequinum,0.026,0.026,-1,Echolocation,/mnt/ubna_data_02_mir/recover-20221013/UBNA_001/20221012_030000.WAV,Telephone Field,recover-20221013,001,1795
280.0825,280.124,68437,83342,Rhinolophus ferrumequinum,0.029,0.029,-1,Echolocation,/mnt/ubna_data_02_mir/recover-20221013/UBNA_001/20221012_030000.WAV,Telephone Field,recover-20221013,001,1795
280.1015,280.113,28046,34729,Eptesicus serotinus,0.013,0.026,-1,Echolocation,/mnt/ubna_data_02_mir/recover-20221013/UBNA_001/20221012_030000.WAV,Telephone Field,recover-20221013,001,1795
280.1085,280.1472,68437,81563,Rhinolophus ferrumequinum,0.021,0.021,-1,Echolocation,/mnt/ubna_data_02_mir/recover-20221013/UBNA_001/20221012_030000.WAV,Telephone Field,recover-20221013,001,1795
280.1275,280.1361,28046,36754,Eptesicus serotinus,0.015,0.031,-1,Echolocation,/mnt/ubna_data_02_mir/recover-20221013/UBNA_001/20221012_030000.WAV,Telephone Field,recover-20221013,001,1795
280.1315,280.1673,68437,81498,Rhinolophus ferrumequinum,0.021,0.021,-1,Echolocation,/mnt/ubna_data_02_mir/recover-20221013/UBNA_001/20221012_030000.WAV,Telephone Field,recover-20221013,001,1795
280.1805,280.1911,27187,34049,Eptesicus serotinus,0.013,0.028,-1,Echolocation,/mnt/ubna_data_02_mir/recover-20221013/UBNA_001/20221012_030000.WAV,Telephone Field,recover-20221013,001,1795
280.1825,280.2214,68437,82246,Rhinolophus ferrumequinum,0.024,0.024,-1,Echolocation,/mnt/ubna_data_02_mir/recover-20221013/UBNA_001/20221012_030000.WAV,Telephone Field,recover-20221013,001,1795
280.1915,280.2272,68437,81725,Rhinolophus ferrumequinum,0.022,0.022,-1,Echolocation,/mnt/ubna_data_02_mir/recover-20221013/UBNA_001/20221012_030000.WAV,Telephone Field,recover-20221013,001,1795
280.2015,280.208,26328,38706,Plecotus austriacus,0.007,0.029,-1,Echolocation,/mnt/ubna_data_02_mir/recover-20221013/UBNA_001/20221012_030000.WAV,Telephone Field,recover-20221013,001,1795
280.2195,280.2604,68437,82180,Rhinolophus ferrumequinum,0.022,0.022,-1,Echolocation,/mnt/ubna_data_02_mir/recover-20221013/UBNA_001/20221012_030000.WAV,Telephone Field,recover-20221013,001,1795
280.2415,280.2491,28046,37342,Eptesicus serotinus,0.007,0.023,-1,Echolocation,/mnt/ubna_data_02_mir/recover-20221013/UBNA_001/20221012_030000.WAV,Telephone Field,recover-20221013,001,1795
280.2535,280.2908,68437,81636,Rhinolophus ferrumequinum,0.022,0.022,-1,Echolocation,/mnt/ubna_data_02_mir/recover-20221013/UBNA_001/20221012_030000.WAV,Telephone Field,recover-20221013,001,1795
280.2655,280.3034,68437,81810,Rhinolophus ferrumequinum,0.023,0.023,-1,Echolocation,/mnt/ubna_data_02_mir/recover-20221013/UBNA_001/20221012_030000.WAV,Telephone Field,recover-20221013,001,1795
280.2935,280.3311,68437,81604,Rhinolophus ferrumequinum,0.023,0.023,-1,Echolocation,/mnt/ubna_data_02_mir/recover-20221013/UBNA_001/20221012_030000.WAV,Telephone Field,recover-20221013,001,1795
280.3005,280.3107,22031,26873,Nyctalus leisleri,0.01,0.022,-1,Echolocation,/mnt/ubna_data_02_mir/recover-20221013/UBNA_001/20221012_030000.WAV,Telephone Field,recover-20221013,001,1795
280.3225,280.3618,68437,82359,Rhinolophus ferrumequinum,0.022,0.022,-1,Echolocation,/mnt/ubna_data_02_mir/recover-20221013/UBNA_001/20221012_030000.WAV,Telephone Field,recover-20221013,001,1795
280.3555,280.3991,68437,82861,Rhinolophus ferrumequinum,0.035,0.035,-1,Echolocation,/mnt/ubna_data_02_mir/recover-20221013/UBNA_001/20221012_030000.WAV,Telephone Field,recover-20221013,001,1795
280.3715,280.3779,27187,42729,Eptesicus serotinus,0.005,0.022,-1,Echolocation,/mnt/ubna_data_02_mir/recover-20221013/UBNA_001/20221012_030000.WAV,Telephone Field,recover-20221013,001,1795
280.3715,280.3775,35781,42844,Myotis daubentonii,0.008,0.025,-1,Echolocation,/mnt/ubna_data_02_mir/recover-20221013/UBNA_001/20221012_030000.WAV,Telephone Field,recover-20221013,001,1795
280.4215,280.4576,68437,81214,Rhinolophus ferrumequinum,0.021,0.022,-1,Echolocation,/mnt/ubna_data_02_mir/recover-20221013/UBNA_001/20221012_030000.WAV,Telephone Field,recover-20221013,001,1795
280.4295,280.4374,27187,35274,Eptesicus serotinus,0.01,0.028,-1,Echolocation,/mnt/ubna_data_02_mir/recover-20221013/UBNA_001/20221012_030000.WAV,Telephone Field,recover-20221013,001,1795
280.4405,280.4806,68437,81385,Rhinolophus ferrumequinum,0.034,0.034,-1,Echolocation,/mnt/ubna_data_02_mir/recover-20221013/UBNA_001/20221012_030000.WAV,Telephone Field,recover-20221013,001,1795
280.4475,280.4861,68437,81685,Rhinolophus ferrumequinum,0.03,0.03,-1,Echolocation,/mnt/ubna_data_02_mir/recover-20221013/UBNA_001/20221012_030000.WAV,Telephone Field,recover-20221013,001,1795
280.4765,280.4853,28046,38662,Eptesicus serotinus,0.008,0.023,-1,Echolocation,/mnt/ubna_data_02_mir/recover-20221013/UBNA_001/20221012_030000.WAV,Telephone Field,recover-20221013,001,1795
280.5575,280.5688,22031,26612,Nyctalus leisleri,0.012,0.022,-1,Echolocation,/mnt/ubna_data_02_mir/recover-20221013/UBNA_001/20221012_030000.WAV,Telephone Field,recover-20221013,001,1795
280.5605,280.5981,68437,81444,Rhinolophus ferrumequinum,0.022,0.022,-1,Echolocation,/mnt/ubna_data_02_mir/recover-20221013/UBNA_001/20221012_030000.WAV,Telephone Field,recover-20221013,001,1795
280.5625,280.5737,32343,37016,Barbastellus barbastellus,0.019,0.055,-1,Echolocation,/mnt/ubna_data_02_mir/recover-20221013/UBNA_001/20221012_030000.WAV,Telephone Field,recover-20221013,001,1795
280.5965,280.6044,22031,29188,Plecotus austriacus,0.011,0.023,-1,Echolocation,/mnt/ubna_data_02_mir/recover-20221013/UBNA_001/20221012_030000.WAV,Telephone Field,recover-20221013,001,1795
280.6165,280.6564,68437,82716,Rhinolophus ferrumequinum,0.031,0.031,-1,Echolocation,/mnt/ubna_data_02_mir/recover-20221013/UBNA_001/20221012_030000.WAV,Telephone Field,recover-20221013,001,1795
280.6175,280.628,23750,30233,Nyctalus leisleri,0.008,0.022,-1,Echolocation,/mnt/ubna_data_02_mir/recover-20221013/UBNA_001/20221012_030000.WAV,Telephone Field,recover-20221013,001,1795
280.6605,280.6674,26328,39204,Eptesicus serotinus,0.005,0.022,-1,Echolocation,/mnt/ubna_data_02_mir/recover-20221013/UBNA_001/20221012_030000.WAV,Telephone Field,recover-20221013,001,1795
280.6645,280.6753,22031,26569,Nyctalus leisleri,0.012,0.023,-1,Echolocation,/mnt/ubna_data_02_mir/recover-20221013/UBNA_001/20221012_030000.WAV,Telephone Field,recover-20221013,001,1795
280.6865,280.7264,68437,82737,Rhinolophus ferrumequinum,0.024,0.024,-1,Echolocation,/mnt/ubna_data_02_mir/recover-20221013/UBNA_001/20221012_030000.WAV,Telephone Field,recover-20221013,001,1795
280.6935,280.7059,22031,26332,Nyctalus leisleri,0.013,0.023,-1,Echolocation,/mnt/ubna_data_02_mir/recover-20221013/UBNA_001/20221012_030000.WAV,Telephone Field,recover-20221013,001,1795
280.6975,280.7357,68437,82258,Rhinolophus ferrumequinum,0.022,0.022,-1,Echolocation,/mnt/ubna_data_02_mir/recover-20221013/UBNA_001/20221012_030000.WAV,Telephone Field,recover-20221013,001,1795
280.7365,280.77570000000003,68437,81927,Rhinolophus ferrumequinum,0.021,0.021,-1,Echolocation,/mnt/ubna_data_02_mir/recover-20221013/UBNA_001/20221012_030000.WAV,Telephone Field,recover-20221013,001,1795
280.7725,280.8066,68437,80820,Rhinolophus ferrumequinum,0.022,0.022,-1,Echolocation,/mnt/ubna_data_02_mir/recover-20221013/UBNA_001/20221012_030000.WAV,Telephone Field,recover-20221013,001,1795
280.8045,280.8157,22890,27941,Nyctalus leisleri,0.011,0.024,-1,Echolocation,/mnt/ubna_data_02_mir/recover-20221013/UBNA_001/20221012_030000.WAV,Telephone Field,recover-20221013,001,1795
280.8135,280.8535,68437,82255,Rhinolophus ferrumequinum,0.027,0.027,-1,Echolocation,/mnt/ubna_data_02_mir/recover-20221013/UBNA_001/20221012_030000.WAV,Telephone Field,recover-20221013,001,1795
280.8205,280.8288,28046,38551,Eptesicus serotinus,0.008,0.023,-1,Echolocation,/mnt/ubna_data_02_mir/recover-20221013/UBNA_001/20221012_030000.WAV,Telephone Field,recover-20221013,001,1795
280.8685,280.8781,22890,28668,Nyctalus leisleri,0.008,0.022,-1,Echolocation,/mnt/ubna_data_02_mir/recover-20221013/UBNA_001/20221012_030000.WAV,Telephone Field,recover-20221013,001,1795
280.8875,280.9265,68437,82074,Rhinolophus ferrumequinum,0.024,0.024,-1,Echolocation,/mnt/ubna_data_02_mir/recover-20221013/UBNA_001/20221012_030000.WAV,Telephone Field,recover-20221013,001,1795
280.9285,280.9736,68437,83128,Rhinolophus ferrumequinum,0.039,0.039,-1,Echolocation,/mnt/ubna_data_02_mir/recover-20221013/UBNA_001/20221012_030000.WAV,Telephone Field,recover-20221013,001,1795
280.9305,280.9543,17734,20738,Nyctalus noctula,0.116,0.152,-1,Echolocation,/mnt/ubna_data_02_mir/recover-20221013/UBNA_001/20221012_030000.WAV,Telephone Field,recover-20221013,001,1795
280.9465,280.9519,34062,52057,Myotis daubentonii,0.018,0.031,-1,Echolocation,/mnt/ubna_data_02_mir/recover-20221013/UBNA_001/20221012_030000.WAV,Telephone Field,recover-20221013,001,1795
280.9475,280.9545,24609,39998,Myotis nattereri,0.007,0.023,-1,Echolocation,/mnt/ubna_data_02_mir/recover-20221013/UBNA_001/20221012_030000.WAV,Telephone Field,recover-20221013,001,1795
280.9675,281.0071,68437,82219,Rhinolophus ferrumequinum,0.021,0.021,-1,Echolocation,/mnt/ubna_data_02_mir/recover-20221013/UBNA_001/20221012_030000.WAV,Telephone Field,recover-20221013,001,1795
281.0015,281.0396,68437,81658,Rhinolophus ferrumequinum,0.021,0.021,-1,Echolocation,/mnt/ubna_data_02_mir/recover-20221013/UBNA_001/20221012_030000.WAV,Telephone Field,recover-20221013,001,1795
281.0045,281.0131,27187,35969,Eptesicus serotinus,0.007,0.021,-1,Echolocation,/mnt/ubna_data_02_mir/recover-20221013/UBNA_001/20221012_030000.WAV,Telephone Field,recover-20221013,001,1795
281.0695,281.1114,68437,82409,Rhinolophus ferrumequinum,0.03,0.03,-1,Echolocation,/mnt/ubna_data_02_mir/recover-20221013/UBNA_001/20221012_030000.WAV,Telephone Field,recover-20221013,001,1795
281.0995,281.1066,28046,37804,Eptesicus serotinus,0.007,0.023,-1,Echolocation,/mnt/ubna_data_02_mir/recover-20221013/UBNA_001/20221012_030000.WAV,Telephone Field,recover-20221013,001,1795
281.1055,281.1445,68437,81838,Rhinolophus ferrumequinum,0.021,0.021,-1,Echolocation,/mnt/ubna_data_02_mir/recover-20221013/UBNA_001/20221012_030000.WAV,Telephone Field,recover-20221013,001,1795
281.1385,281.1459,27187,38771,Eptesicus serotinus,0.006,0.021,-1,Echolocation,/mnt/ubna_data_02_mir/recover-20221013/UBNA_001/20221012_030000.WAV,Telephone Field,recover-20221013,001,1795
281.1445,281.1821,68437,82122,Rhinolophus ferrumequinum,0.038,0.038,-1,Echolocation,/mnt/ubna_data_02_mir/recover-20221013/UBNA_001/20221012_030000.WAV,Telephone Field,recover-20221013,001,1795
281.1575,281.1951,68437,81137,Rhinolophus ferrumequinum,0.021,0.021,-1,Echolocation,/mnt/ubna_data_02_mir/recover-20221013/UBNA_001/20221012_030000.WAV,Telephone Field,recover-20221013,001,1795
281.1745,281.2142,68437,81878,Rhinolophus ferrumequinum,0.021,0.021,-1,Echolocation,/mnt/ubna_data_02_mir/recover-20221013/UBNA_001/20221012_030000.WAV,Telephone Field,recover-20221013,001,1795
281.1815,281.2198,68437,82189,Rhinolophus ferrumequinum,0.022,0.022,-1,Echolocation,/mnt/ubna_data_02_mir/recover-20221013/UBNA_001/20221012_030000.WAV,Telephone Field,recover-20221013,001,1795
281.2065,281.2451,68437,81936,Rhinolophus ferrumequinum,0.026,0.026,-1,Echolocation,/mnt/ubna_data_02_mir/recover-20221013/UBNA_001/20221012_030000.WAV,Telephone Field,recover-20221013,001,1795
281.2115,281.2193,27187,37535,Eptesicus serotinus,0.006,0.021,-1,Echolocation,/mnt/ubna_data_02_mir/recover-20221013/UBNA_001/20221012_030000.WAV,Telephone Field,recover-20221013,001,1795
281.2135,281.2237,22031,27075,Nyctalus leisleri,0.009,0.021,-1,Echolocation,/mnt/ubna_data_02_mir/recover-20221013/UBNA_001/20221012_030000.WAV,Telephone Field,recover-20221013,001,1795
281.2765,281.2846,28046,37813,Eptesicus serotinus,0.012,0.03,-1,Echolocation,/mnt/ubna_data_02_mir/recover-20221013/UBNA_001/20221012_030000.WAV,Telephone Field,recover-20221013,001,1795
281.3055,281.3456,68437,82554,Rhinolophus ferrumequinum,0.029,0.029,-1,Echolocation,/mnt/ubna_data_02_mir/recover-20221013/UBNA_001/20221012_030000.WAV,Telephone Field,recover-20221013,001,1795
281.3615,281.3996,68437,81081,Rhinolophus ferrumequinum,0.021,0.021,-1,Echolocation,/mnt/ubna_data_02_mir/recover-20221013/UBNA_001/20221012_030000.WAV,Telephone Field,recover-20221013,001,1795
281.3775,281.4149,68437,81931,Rhinolophus ferrumequinum,0.025,0.025,-1,Echolocation,/mnt/ubna_data_02_mir/recover-20221013/UBNA_001/20221012_030000.WAV,Telephone Field,recover-20221013,001,1795
281.4035,281.4396,68437,81721,Rhinolophus ferrumequinum,0.022,0.022,-1,Echolocation,/mnt/ubna_data_02_mir/recover-20221013/UBNA_001/20221012_030000.WAV,Telephone Field,recover-20221013,001,1795
281.4085,281.421,23750,29376,Nyctalus leisleri,0.012,0.026,-1,Echolocation,/mnt/ubna_data_02_mir/recover-20221013/UBNA_001/20221012_030000.WAV,Telephone Field,recover-20221013,001,1795
281.4205,281.4553,68437,81066,Rhinolophus ferrumequinum,0.023,0.023,-1,Echolocation,/mnt/ubna_data_02_mir/recover-20221013/UBNA_001/20221012_030000.WAV,Telephone Field,recover-20221013,001,1795
281.4395,281.4773,68437,82212,Rhinolophus ferrumequinum,0.021,0.021,-1,Echolocation,/mnt/ubna_data_02_mir/recover-20221013/UBNA_001/20221012_030000.WAV,Telephone Field,recover-20221013,001,1795
281.4475,281.4556,26328,35043,Eptesicus serotinus,0.008,0.025,-1,Echolocation,/mnt/ubna_data_02_mir/recover-20221013/UBNA_001/20221012_030000.WAV,Telephone Field,recover-20221013,001,1795
281.4475,281.4837,68437,81605,Rhinolophus ferrumequinum,0.023,0.023,-1,Echolocation,/mnt/ubna_data_02_mir/recover-20221013/UBNA_001/20221012_030000.WAV,Telephone Field,recover-20221013,001,1795
281.4635,281.4727,26328,34053,Eptesicus serotinus,0.009,0.022,-1,Echolocation,/mnt/ubna_data_02_mir/recover-20221013/UBNA_001/20221012_030000.WAV,Telephone Field,recover-20221013,001,1795
281.4785,281.5164,68437,81719,Rhinolophus ferrumequinum,0.021,0.021,-1,Echolocation,/mnt/ubna_data_02_mir/recover-20221013/UBNA_001/20221012_030000.WAV,Telephone Field,recover-20221013,001,1795
281.4855,281.5218,68437,81881,Rhinolophus ferrumequinum,0.021,0.021,-1,Echolocation,/mnt/ubna_data_02_mir/recover-20221013/UBNA_001/20221012_030000.WAV,Telephone Field,recover-20221013,001,1795
281.4985,281.5086,40078,46849,Pipistrellus nathusii,0.015,0.027,-1,Echolocation,/mnt/ubna_data_02_mir/recover-20221013/UBNA_001/20221012_030000.WAV,Telephone Field,recover-20221013,001,1795
281.5025,281.5108,28046,37366,Eptesicus serotinus,0.008,0.023,-1,Echolocation,/mnt/ubna_data_02_mir/recover-20221013/UBNA_001/20221012_030000.WAV,Telephone Field,recover-20221013,001,1795
281.5155,281.5543,68437,82383,Rhinolophus ferrumequinum,0.024,0.024,-1,Echolocation,/mnt/ubna_data_02_mir/recover-20221013/UBNA_001/20221012_030000.WAV,Telephone Field,recover-20221013,001,1795
281.5205,281.5307,25468,32234,Eptesicus serotinus,0.008,0.021,-1,Echolocation,/mnt/ubna_data_02_mir/recover-20221013/UBNA_001/20221012_030000.WAV,Telephone Field,recover-20221013,001,1795
281.5405,281.5821,68437,82744,Rhinolophus ferrumequinum,0.037,0.037,-1,Echolocation,/mnt/ubna_data_02_mir/recover-20221013/UBNA_001/20221012_030000.WAV,Telephone Field,recover-20221013,001,1795
281.5525,281.5628,28906,36966,Eptesicus serotinus,0.009,0.024,-1,Echolocation,/mnt/ubna_data_02_mir/recover-20221013/UBNA_001/20221012_030000.WAV,Telephone Field,recover-20221013,001,1795
281.5635,281.571,24609,33130,Plecotus austriacus,0.007,0.021,-1,Echolocation,/mnt/ubna_data_02_mir/recover-20221013/UBNA_001/20221012_030000.WAV,Telephone Field,recover-20221013,001,1795
281.5645,281.6029,68437,82144,Rhinolophus ferrumequinum,0.022,0.022,-1,Echolocation,/mnt/ubna_data_02_mir/recover-20221013/UBNA_001/20221012_030000.WAV,Telephone Field,recover-20221013,001,1795
281.5775,281.617,68437,82717,Rhinolophus ferrumequinum,0.024,0.024,-1,Echolocation,/mnt/ubna_data_02_mir/recover-20221013/UBNA_001/20221012_030000.WAV,Telephone Field,recover-20221013,001,1795
281.6065,281.646,68437,82347,Rhinolophus ferrumequinum,0.022,0.022,-1,Echolocation,/mnt/ubna_data_02_mir/recover-20221013/UBNA_001/20221012_030000.WAV,Telephone Field,recover-20221013,001,1795
281.6405,281.6468,28046,40880,Eptesicus serotinus,0.005,0.022,-1,Echolocation,/mnt/ubna_data_02_mir/recover-20221013/UBNA_001/20221012_030000.WAV,Telephone Field,recover-20221013,001,1795
281.6415,281.6516,22031,28107,Nyctalus leisleri,0.008,0.022,-1,Echolocation,/mnt/ubna_data_02_mir/recover-20221013/UBNA_001/20221012_030000.WAV,Telephone Field,recover-20221013,001,1795
281.6505,281.6896,68437,81715,Rhinolophus ferrumequinum,0.04,0.04,-1,Echolocation,/mnt/ubna_data_02_mir/recover-20221013/UBNA_001/20221012_030000.WAV,Telephone Field,recover-20221013,001,1795
281.6665,281.7024,68437,81533,Rhinolophus ferrumequinum,0.022,0.022,-1,Echolocation,/mnt/ubna_data_02_mir/recover-20221013/UBNA_001/20221012_030000.WAV,Telephone Field,recover-20221013,001,1795
281.6715,281.6805,28046,43551,Eptesicus serotinus,0.009,0.023,-1,Echolocation,/mnt/ubna_data_02_mir/recover-20221013/UBNA_001/20221012_030000.WAV,Telephone Field,recover-20221013,001,1795
281.6735,281.6809,38359,51106,Myotis daubentonii,0.008,0.022,-1,Echolocation,/mnt/ubna_data_02_mir/recover-20221013/UBNA_001/20221012_030000.WAV,Telephone Field,recover-20221013,001,1795
281.7225,281.7624,68437,82742,Rhinolophus ferrumequinum,0.026,0.026,-1,Echolocation,/mnt/ubna_data_02_mir/recover-20221013/UBNA_001/20221012_030000.WAV,Telephone Field,recover-20221013,001,1795
281.7515,281.7913,68437,82625,Rhinolophus ferrumequinum,0.023,0.023,-1,Echolocation,/mnt/ubna_data_02_mir/recover-20221013/UBNA_001/20221012_030000.WAV,Telephone Field,recover-20221013,001,1795
281.7645,281.8017,68437,81743,Rhinolophus ferrumequinum,0.023,0.023,-1,Echolocation,/mnt/ubna_data_02_mir/recover-20221013/UBNA_001/20221012_030000.WAV,Telephone Field,recover-20221013,001,1795
281.7755,281.7852,23750,30834,Nyctalus leisleri,0.007,0.022,-1,Echolocation,/mnt/ubna_data_02_mir/recover-20221013/UBNA_001/20221012_030000.WAV,Telephone Field,recover-20221013,001,1795
281.8085,281.8488,68437,82203,Rhinolophus ferrumequinum,0.022,0.022,-1,Echolocation,/mnt/ubna_data_02_mir/recover-20221013/UBNA_001/20221012_030000.WAV,Telephone Field,recover-20221013,001,1795
281.8165,281.8242,27187,38439,Eptesicus serotinus,0.008,0.021,-1,Echolocation,/mnt/ubna_data_02_mir/recover-20221013/UBNA_001/20221012_030000.WAV,Telephone Field,recover-20221013,001,1795
281.8315,281.8665,68437,81636,Rhinolophus ferrumequinum,0.022,0.022,-1,Echolocation,/mnt/ubna_data_02_mir/recover-20221013/UBNA_001/20221012_030000.WAV,Telephone Field,recover-20221013,001,1795
281.8435,281.8506,27187,38761,Eptesicus serotinus,0.007,0.022,-1,Echolocation,/mnt/ubna_data_02_mir/recover-20221013/UBNA_001/20221012_030000.WAV,Telephone Field,recover-20221013,001,1795
281.8845,281.9287,68437,83506,Rhinolophus ferrumequinum,0.041,0.041,-1,Echolocation,/mnt/ubna_data_02_mir/recover-20221013/UBNA_001/20221012_030000.WAV,Telephone Field,recover-20221013,001,1795
281.9045,281.9426,68437,82303,Rhinolophus ferrumequinum,0.022,0.022,-1,Echolocation,/mnt/ubna_data_02_mir/recover-20221013/UBNA_001/20221012_030000.WAV,Telephone Field,recover-20221013,001,1795
281.9725,281.983,22031,26890,Nyctalus leisleri,0.011,0.024,-1,Echolocation,/mnt/ubna_data_02_mir/recover-20221013/UBNA_001/20221012_030000.WAV,Telephone Field,recover-20221013,001,1795
281.9875,281.9957,26328,37497,Eptesicus serotinus,0.007,0.022,-1,Echolocation,/mnt/ubna_data_02_mir/recover-20221013/UBNA_001/20221012_030000.WAV,Telephone Field,recover-20221013,001,1795
282.0015,282.0379,68437,80830,Rhinolophus ferrumequinum,0.052,0.052,-1,Echolocation,/mnt/ubna_data_02_mir/recover-20221013/UBNA_001/20221012_030000.WAV,Telephone Field,recover-20221013,001,1795
282.0015,282.0115,26328,35605,Eptesicus serotinus,0.01,0.028,-1,Echolocation,/mnt/ubna_data_02_mir/recover-20221013/UBNA_001/20221012_030000.WAV,Telephone Field,recover-20221013,001,1795
282.0015,282.0139,47812,53618,Pipistrellus pipistrellus,0.027,0.033,-1,Echolocation,/mnt/ubna_data_02_mir/recover-20221013/UBNA_001/20221012_030000.WAV,Telephone Field,recover-20221013,001,1795
282.0075,282.05219999999997,68437,83829,Rhinolophus ferrumequinum,0.028,0.028,-1,Echolocation,/mnt/ubna_data_02_mir/recover-20221013/UBNA_001/20221012_030000.WAV,Telephone Field,recover-20221013,001,1795
282.1025,282.1441,68437,82941,Rhinolophus ferrumequinum,0.024,0.024,-1,Echolocation,/mnt/ubna_data_02_mir/recover-20221013/UBNA_001/20221012_030000.WAV,Telephone Field,recover-20221013,001,1795
282.1295,282.1404,23750,29431,Nyctalus leisleri,0.011,0.024,-1,Echolocation,/mnt/ubna_data_02_mir/recover-20221013/UBNA_001/20221012_030000.WAV,Telephone Field,recover-20221013,001,1795
282.1435,282.1828,68437,82243,Rhinolophus ferrumequinum,0.022,0.022,-1,Echolocation,/mnt/ubna_data_02_mir/recover-20221013/UBNA_001/20221012_030000.WAV,Telephone Field,recover-20221013,001,1795
282.1485,282.1609,22890,27172,Nyctalus leisleri,0.013,0.023,-1,Echolocation,/mnt/ubna_data_02_mir/recover-20221013/UBNA_001/20221012_030000.WAV,Telephone Field,recover-20221013,001,1795
282.1555,282.168,23750,29250,Nyctalus leisleri,0.011,0.025,-1,Echolocation,/mnt/ubna_data_02_mir/recover-20221013/UBNA_001/20221012_030000.WAV,Telephone Field,recover-20221013,001,1795
282.1755,282.2136,68437,81723,Rhinolophus ferrumequinum,0.024,0.024,-1,Echolocation,/mnt/ubna_data_02_mir/recover-20221013/UBNA_001/20221012_030000.WAV,Telephone Field,recover-20221013,001,1795
282.1835,282.2189,68437,81948,Rhinolophus ferrumequinum,0.023,0.023,-1,Echolocation,/mnt/ubna_data_02_mir/recover-20221013/UBNA_001/20221012_030000.WAV,Telephone Field,recover-20221013,001,1795
282.2285,282.2386,24609,32220,Nyctalus leisleri,0.008,0.027,-1,Echolocation,/mnt/ubna_data_02_mir/recover-20221013/UBNA_001/20221012_030000.WAV,Telephone Field,recover-20221013,001,1795
282.2895,282.2975,23750,32214,Plecotus austriacus,0.01,0.025,-1,Echolocation,/mnt/ubna_data_02_mir/recover-20221013/UBNA_001/20221012_030000.WAV,Telephone Field,recover-20221013,001,1795
282.3115,282.3208,28906,39163,Eptesicus serotinus,0.012,0.028,-1,Echolocation,/mnt/ubna_data_02_mir/recover-20221013/UBNA_001/20221012_030000.WAV,Telephone Field,recover-20221013,001,1795
282.3705,282.3781,28046,39853,Eptesicus serotinus,0.007,0.022,-1,Echolocation,/mnt/ubna_data_02_mir/recover-20221013/UBNA_001/20221012_030000.WAV,Telephone Field,recover-20221013,001,1795
282.3715,282.4081,68437,81907,Rhinolophus ferrumequinum,0.023,0.023,-1,Echolocation,/mnt/ubna_data_02_mir/recover-20221013/UBNA_001/20221012_030000.WAV,Telephone Field,recover-20221013,001,1795
282.3975,282.4363,68437,82531,Rhinolophus ferrumequinum,0.021,0.021,-1,Echolocation,/mnt/ubna_data_02_mir/recover-20221013/UBNA_001/20221012_030000.WAV,Telephone Field,recover-20221013,001,1795
282.4265,282.4692,68437,82598,Rhinolophus ferrumequinum,0.022,0.022,-1,Echolocation,/mnt/ubna_data_02_mir/recover-20221013/UBNA_001/20221012_030000.WAV,Telephone Field,recover-20221013,001,1795
282.4645,282.4754,23750,29080,Nyctalus leisleri,0.011,0.026,-1,Echolocation,/mnt/ubna_data_02_mir/recover-20221013/UBNA_001/20221012_030000.WAV,Telephone Field,recover-20221013,001,1795
282.5185,282.5569,68437,81858,Rhinolophus ferrumequinum,0.024,0.024,-1,Echolocation,/mnt/ubna_data_02_mir/recover-20221013/UBNA_001/20221012_030000.WAV,Telephone Field,recover-20221013,001,1795
282.5535,282.5613,28046,40766,Eptesicus serotinus,0.008,0.024,-1,Echolocation,/mnt/ubna_data_02_mir/recover-20221013/UBNA_001/20221012_030000.WAV,Telephone Field,recover-20221013,001,1795
282.6015,282.641,68437,82054,Rhinolophus ferrumequinum,0.021,0.021,-1,Echolocation,/mnt/ubna_data_02_mir/recover-20221013/UBNA_001/20221012_030000.WAV,Telephone Field,recover-20221013,001,1795
282.6265,282.6619,68437,81493,Rhinolophus ferrumequinum,0.022,0.022,-1,Echolocation,/mnt/ubna_data_02_mir/recover-20221013/UBNA_001/20221012_030000.WAV,Telephone Field,recover-20221013,001,1795
282.6375,282.6767,68437,82380,Rhinolophus ferrumequinum,0.022,0.022,-1,Echolocation,/mnt/ubna_data_02_mir/recover-20221013/UBNA_001/20221012_030000.WAV,Telephone Field,recover-20221013,001,1795
282.6435,282.6815,68437,81806,Rhinolophus ferrumequinum,0.021,0.021,-1,Echolocation,/mnt/ubna_data_02_mir/recover-20221013/UBNA_001/20221012_030000.WAV,Telephone Field,recover-20221013,001,1795
282.6645,282.6738,25468,32692,Eptesicus serotinus,0.008,0.021,-1,Echolocation,/mnt/ubna_data_02_mir/recover-20221013/UBNA_001/20221012_030000.WAV,Telephone Field,recover-20221013,001,1795
282.7005,282.7116,23750,29667,Nyctalus leisleri,0.008,0.021,-1,Echolocation,/mnt/ubna_data_02_mir/recover-20221013/UBNA_001/20221012_030000.WAV,Telephone Field,recover-20221013,001,1795
282.7475,282.7858,68437,81906,Rhinolophus ferrumequinum,0.021,0.021,-1,Echolocation,/mnt/ubna_data_02_mir/recover-20221013/UBNA_001/20221012_030000.WAV,Telephone Field,recover-20221013,001,1795
282.7515,282.7581,28046,39199,Eptesicus serotinus,0.007,0.024,-1,Echolocation,/mnt/ubna_data_02_mir/recover-20221013/UBNA_001/20221012_030000.WAV,Telephone Field,recover-20221013,001,1795
282.7555,282.7934,68437,81474,Rhinolophus ferrumequinum,0.021,0.021,-1,Echolocation,/mnt/ubna_data_02_mir/recover-20221013/UBNA_001/20221012_030000.WAV,Telephone Field,recover-20221013,001,1795
282.7765,282.7878,22890,28268,Nyctalus leisleri,0.012,0.028,-1,Echolocation,/mnt/ubna_data_02_mir/recover-20221013/UBNA_001/20221012_030000.WAV,Telephone Field,recover-20221013,001,1795
282.7775,282.8222,68437,83856,Rhinolophus ferrumequinum,0.042,0.042,-1,Echolocation,/mnt/ubna_data_02_mir/recover-20221013/UBNA_001/20221012_030000.WAV,Telephone Field,recover-20221013,001,1795
282.8225,282.83,26328,36420,Eptesicus serotinus,0.007,0.021,-1,Echolocation,/mnt/ubna_data_02_mir/recover-20221013/UBNA_001/20221012_030000.WAV,Telephone Field,recover-20221013,001,1795
282.8825,282.8923,23750,30149,Nyctalus leisleri,0.008,0.021,-1,Echolocation,/mnt/ubna_data_02_mir/recover-20221013/UBNA_001/20221012_030000.WAV,Telephone Field,recover-20221013,001,1795
282.8895,282.9231,67578,79410,Rhinolophus ferrumequinum,0.022,0.022,-1,Echolocation,/mnt/ubna_data_02_mir/recover-20221013/UBNA_001/20221012_030000.WAV,Telephone Field,recover-20221013,001,1795
282.9175,282.95550000000003,68437,81739,Rhinolophus ferrumequinum,0.021,0.021,-1,Echolocation,/mnt/ubna_data_02_mir/recover-20221013/UBNA_001/20221012_030000.WAV,Telephone Field,recover-20221013,001,1795
282.9525,282.9893,68437,82524,Rhinolophus ferrumequinum,0.025,0.025,-1,Echolocation,/mnt/ubna_data_02_mir/recover-20221013/UBNA_001/20221012_030000.WAV,Telephone Field,recover-20221013,001,1795
282.9705,283.0079,68437,81831,Rhinolophus ferrumequinum,0.023,0.023,-1,Echolocation,/mnt/ubna_data_02_mir/recover-20221013/UBNA_001/20221012_030000.WAV,Telephone Field,recover-20221013,001,1795
282.9875,283.0216,68437,81663,Rhinolophus ferrumequinum,0.023,0.023,-1,Echolocation,/mnt/ubna_data_02_mir/recover-20221013/UBNA_001/20221012_030000.WAV,Telephone Field,recover-20221013,001,1795
283.0065,283.0169,24609,32718,Eptesicus serotinus,0.009,0.023,-1,Echolocation,/mnt/ubna_data_02_mir/recover-20221013/UBNA_001/20221012_030000.WAV,Telephone Field,recover-20221013,001,1795
283.0435,283.0814,68437,81484,Rhinolophus ferrumequinum,0.022,0.022,-1,Echolocation,/mnt/ubna_data_02_mir/recover-20221013/UBNA_001/20221012_030000.WAV,Telephone Field,recover-20221013,001,1795
283.0495,283.0599,22890,29351,Nyctalus leisleri,0.009,0.022,-1,Echolocation,/mnt/ubna_data_02_mir/recover-20221013/UBNA_001/20221012_030000.WAV,Telephone Field,recover-20221013,001,1795
283.0535,283.091,68437,82008,Rhinolophus ferrumequinum,0.021,0.021,-1,Echolocation,/mnt/ubna_data_02_mir/recover-20221013/UBNA_001/20221012_030000.WAV,Telephone Field,recover-20221013,001,1795
283.0765,283.1116,68437,80829,Rhinolophus ferrumequinum,0.021,0.021,-1,Echolocation,/mnt/ubna_data_02_mir/recover-20221013/UBNA_001/20221012_030000.WAV,Telephone Field,recover-20221013,001,1795
283.0955,283.1329,68437,81734,Rhinolophus ferrumequinum,0.022,0.022,-1,Echolocation,/mnt/ubna_data_02_mir/recover-20221013/UBNA_001/20221012_030000.WAV,Telephone Field,recover-20221013,001,1795
283.0975,283.1045,28046,42230,Eptesicus serotinus,0.006,0.021,-1,Echolocation,/mnt/ubna_data_02_mir/recover-20221013/UBNA_001/20221012_030000.WAV,Telephone Field,recover-20221013,001,1795
283.1285,283.1407,35781,40475,Pipistrellus nathusii,0.023,0.04,-1,Echolocation,/mnt/ubna_data_02_mir/recover-20221013/UBNA_001/20221012_030000.WAV,Telephone Field,recover-20221013,001,1795
283.1535,283.1648,52109,58171,Pipistrellus pipistrellus,0.015,0.024,-1,Echolocation,/mnt/ubna_data_02_mir/recover-20221013/UBNA_001/20221012_030000.WAV,Telephone Field,recover-20221013,001,1795
283.16949999999997,283.2073,68437,82023,Rhinolophus ferrumequinum,0.021,0.021,-1,Echolocation,/mnt/ubna_data_02_mir/recover-20221013/UBNA_001/20221012_030000.WAV,Telephone Field,recover-20221013,001,1795
283.20550000000003,283.2149,27187,35508,Eptesicus serotinus,0.019,0.045,-1,Echolocation,/mnt/ubna_data_02_mir/recover-20221013/UBNA_001/20221012_030000.WAV,Telephone Field,recover-20221013,001,1795
283.2795,283.3215,68437,82808,Rhinolophus ferrumequinum,0.035,0.035,-1,Echolocation,/mnt/ubna_data_02_mir/recover-20221013/UBNA_001/20221012_030000.WAV,Telephone Field,recover-20221013,001,1795
283.2845,283.2919,28046,40290,Eptesicus serotinus,0.007,0.023,-1,Echolocation,/mnt/ubna_data_02_mir/recover-20221013/UBNA_001/20221012_030000.WAV,Telephone Field,recover-20221013,001,1795
283.3085,283.3451,68437,81840,Rhinolophus ferrumequinum,0.022,0.022,-1,Echolocation,/mnt/ubna_data_02_mir/recover-20221013/UBNA_001/20221012_030000.WAV,Telephone Field,recover-20221013,001,1795
283.3695,283.4063,68437,82145,Rhinolophus ferrumequinum,0.022,0.022,-1,Echolocation,/mnt/ubna_data_02_mir/recover-20221013/UBNA_001/20221012_030000.WAV,Telephone Field,recover-20221013,001,1795
283.4015,283.446,68437,82929,Rhinolophus ferrumequinum,0.049,0.049,-1,Echolocation,/mnt/ubna_data_02_mir/recover-20221013/UBNA_001/20221012_030000.WAV,Telephone Field,recover-20221013,001,1795
283.4085,283.4172,28046,38204,Eptesicus serotinus,0.008,0.021,-1,Echolocation,/mnt/ubna_data_02_mir/recover-20221013/UBNA_001/20221012_030000.WAV,Telephone Field,recover-20221013,001,1795
283.4165,283.4264,22031,27522,Nyctalus leisleri,0.01,0.025,-1,Echolocation,/mnt/ubna_data_02_mir/recover-20221013/UBNA_001/20221012_030000.WAV,Telephone Field,recover-20221013,001,1795
283.4355,283.4788,68437,83323,Rhinolophus ferrumequinum,0.032,0.032,-1,Echolocation,/mnt/ubna_data_02_mir/recover-20221013/UBNA_001/20221012_030000.WAV,Telephone Field,recover-20221013,001,1795
283.4465,283.4577,22890,27744,Nyctalus leisleri,0.012,0.024,-1,Echolocation,/mnt/ubna_data_02_mir/recover-20221013/UBNA_001/20221012_030000.WAV,Telephone Field,recover-20221013,001,1795
283.4475,283.4874,68437,81819,Rhinolophus ferrumequinum,0.021,0.021,-1,Echolocation,/mnt/ubna_data_02_mir/recover-20221013/UBNA_001/20221012_030000.WAV,Telephone Field,recover-20221013,001,1795
283.4685,283.4781,44375,49322,Pipistrellus pipistrellus,0.023,0.027,-1,Echolocation,/mnt/ubna_data_02_mir/recover-20221013/UBNA_001/20221012_030000.WAV,Telephone Field,recover-20221013,001,1795
283.4785,283.4848,28046,43480,Eptesicus serotinus,0.006,0.022,-1,Echolocation,/mnt/ubna_data_02_mir/recover-20221013/UBNA_001/20221012_030000.WAV,Telephone Field,recover-20221013,001,1795
283.5105,283.5514,68437,82194,Rhinolophus ferrumequinum,0.029,0.029,-1,Echolocation,/mnt/ubna_data_02_mir/recover-20221013/UBNA_001/20221012_030000.WAV,Telephone Field,recover-20221013,001,1795
283.5175,283.5285,23750,29843,Nyctalus leisleri,0.013,0.031,-1,Echolocation,/mnt/ubna_data_02_mir/recover-20221013/UBNA_001/20221012_030000.WAV,Telephone Field,recover-20221013,001,1795
283.5595,283.5988,68437,82102,Rhinolophus ferrumequinum,0.027,0.027,-1,Echolocation,/mnt/ubna_data_02_mir/recover-20221013/UBNA_001/20221012_030000.WAV,Telephone Field,recover-20221013,001,1795
283.5635,283.5712,28906,38623,Eptesicus serotinus,0.007,0.021,-1,Echolocation,/mnt/ubna_data_02_mir/recover-20221013/UBNA_001/20221012_030000.WAV,Telephone Field,recover-20221013,001,1795
283.5975,283.6065,47812,53745,Pipistrellus pipistrellus,0.018,0.021,-1,Echolocation,/mnt/ubna_data_02_mir/recover-20221013/UBNA_001/20221012_030000.WAV,Telephone Field,recover-20221013,001,1795
283.5995,283.609,24609,32171,Nyctalus leisleri,0.012,0.038,-1,Echolocation,/mnt/ubna_data_02_mir/recover-20221013/UBNA_001/20221012_030000.WAV,Telephone Field,recover-20221013,001,1795
283.6325,283.6419,28906,36803,Eptesicus serotinus,0.009,0.024,-1,Echolocation,/mnt/ubna_data_02_mir/recover-20221013/UBNA_001/20221012_030000.WAV,Telephone Field,recover-20221013,001,1795
283.6645,283.672,28906,40367,Eptesicus serotinus,0.007,0.023,-1,Echolocation,/mnt/ubna_data_02_mir/recover-20221013/UBNA_001/20221012_030000.WAV,Telephone Field,recover-20221013,001,1795
283.6665,283.7083,68437,83119,Rhinolophus ferrumequinum,0.036,0.036,-1,Echolocation,/mnt/ubna_data_02_mir/recover-20221013/UBNA_001/20221012_030000.WAV,Telephone Field,recover-20221013,001,1795
283.7195,283.7601,68437,82701,Rhinolophus ferrumequinum,0.03,0.03,-1,Echolocation,/mnt/ubna_data_02_mir/recover-20221013/UBNA_001/20221012_030000.WAV,Telephone Field,recover-20221013,001,1795
283.7225,283.7313,25468,33374,Eptesicus serotinus,0.008,0.025,-1,Echolocation,/mnt/ubna_data_02_mir/recover-20221013/UBNA_001/20221012_030000.WAV,Telephone Field,recover-20221013,001,1795
283.7275,283.7344,43515,47042,Pipistrellus pipistrellus,0.021,0.022,-1,Echolocation,/mnt/ubna_data_02_mir/recover-20221013/UBNA_001/20221012_030000.WAV,Telephone Field,recover-20221013,001,1795
283.7445,283.7566,52109,56660,Pipistrellus pygmaeus,0.016,0.026,-1,Echolocation,/mnt/ubna_data_02_mir/recover-20221013/UBNA_001/20221012_030000.WAV,Telephone Field,recover-20221013,001,1795
283.7715,283.8103,68437,82212,Rhinolophus ferrumequinum,0.021,0.021,-1,Echolocation,/mnt/ubna_data_02_mir/recover-20221013/UBNA_001/20221012_030000.WAV,Telephone Field,recover-20221013,001,1795
283.8025,283.8099,28046,39279,Eptesicus serotinus,0.006,0.021,-1,Echolocation,/mnt/ubna_data_02_mir/recover-20221013/UBNA_001/20221012_030000.WAV,Telephone Field,recover-20221013,001,1795
283.8245,283.8632,68437,82441,Rhinolophus ferrumequinum,0.021,0.021,-1,Echolocation,/mnt/ubna_data_02_mir/recover-20221013/UBNA_001/20221012_030000.WAV,Telephone Field,recover-20221013,001,1795
283.8455,283.8854,68437,82155,Rhinolophus ferrumequinum,0.023,0.023,-1,Echolocation,/mnt/ubna_data_02_mir/recover-20221013/UBNA_001/20221012_030000.WAV,Telephone Field,recover-20221013,001,1795
283.8525,283.8917,68437,82502,Rhinolophus ferrumequinum,0.024,0.024,-1,Echolocation,/mnt/ubna_data_02_mir/recover-20221013/UBNA_001/20221012_030000.WAV,Telephone Field,recover-20221013,001,1795
283.8615,283.8706,23750,31340,Nyctalus leisleri,0.005,0.02,-1,Echolocation,/mnt/ubna_data_02_mir/recover-20221013/UBNA_001/20221012_030000.WAV,Telephone Field,recover-20221013,001,1795
283.8685,283.9061,68437,81813,Rhinolophus ferrumequinum,0.023,0.023,-1,Echolocation,/mnt/ubna_data_02_mir/recover-20221013/UBNA_001/20221012_030000.WAV,Telephone Field,recover-20221013,001,1795
283.8805,283.9169,68437,82133,Rhinolophus ferrumequinum,0.022,0.022,-1,Echolocation,/mnt/ubna_data_02_mir/recover-20221013/UBNA_001/20221012_030000.WAV,Telephone Field,recover-20221013,001,1795
283.8835,283.8911,26328,34898,Eptesicus serotinus,0.008,0.022,-1,Echolocation,/mnt/ubna_data_02_mir/recover-20221013/UBNA_001/20221012_030000.WAV,Telephone Field,recover-20221013,001,1795
283.9155,283.9518,68437,82195,Rhinolophus ferrumequinum,0.021,0.021,-1,Echolocation,/mnt/ubna_data_02_mir/recover-20221013/UBNA_001/20221012_030000.WAV,Telephone Field,recover-20221013,001,1795
283.91949999999997,283.9296,22890,27580,Nyctalus leisleri,0.011,0.021,-1,Echolocation,/mnt/ubna_data_02_mir/recover-20221013/UBNA_001/20221012_030000.WAV,Telephone Field,recover-20221013,001,1795
283.9425,283.9834,68437,82561,Rhinolophus ferrumequinum,0.023,0.023,-1,Echolocation,/mnt/ubna_data_02_mir/recover-20221013/UBNA_001/20221012_030000.WAV,Telephone Field,recover-20221013,001,1795
283.9645,283.9729,23750,31493,Plecotus austriacus,0.007,0.022,-1,Echolocation,/mnt/ubna_data_02_mir/recover-20221013/UBNA_001/20221012_030000.WAV,Telephone Field,recover-20221013,001,1795
283.9675,283.9796,29765,35970,Eptesicus serotinus,0.011,0.023,-1,Echolocation,/mnt/ubna_data_02_mir/recover-20221013/UBNA_001/20221012_030000.WAV,Telephone Field,recover-20221013,001,1795
283.9785,283.9887,22031,26148,Nyctalus leisleri,0.011,0.021,-1,Echolocation,/mnt/ubna_data_02_mir/recover-20221013/UBNA_001/20221012_030000.WAV,Telephone Field,recover-20221013,001,1795
284.0015,284.0343,69296,81537,Rhinolophus ferrumequinum,0.026,0.026,-1,Echolocation,/mnt/ubna_data_02_mir/recover-20221013/UBNA_001/20221012_030000.WAV,Telephone Field,recover-20221013,001,1795
284.0015,284.0118,21171,27021,Nyctalus leisleri,0.016,0.048,-1,Echolocation,/mnt/ubna_data_02_mir/recover-20221013/UBNA_001/20221012_030000.WAV,Telephone Field,recover-20221013,001,1795
284.0095,284.0507,68437,81145,Rhinolophus ferrumequinum,0.025,0.025,-1,Echolocation,/mnt/ubna_data_02_mir/recover-20221013/UBNA_001/20221012_030000.WAV,Telephone Field,recover-20221013,001,1795
284.0465,284.0863,68437,82589,Rhinolophus ferrumequinum,0.024,0.024,-1,Echolocation,/mnt/ubna_data_02_mir/recover-20221013/UBNA_001/20221012_030000.WAV,Telephone Field,recover-20221013,001,1795
284.0645,284.104,68437,82115,Rhinolophus ferrumequinum,0.028,0.028,-1,Echolocation,/mnt/ubna_data_02_mir/recover-20221013/UBNA_001/20221012_030000.WAV,Telephone Field,recover-20221013,001,1795
284.0925,284.1004,30625,40792,Myotis daubentonii,0.009,0.026,-1,Echolocation,/mnt/ubna_data_02_mir/recover-20221013/UBNA_001/20221012_030000.WAV,Telephone Field,recover-20221013,001,1795
284.0955,284.1317,68437,81870,Rhinolophus ferrumequinum,0.023,0.024,-1,Echolocation,/mnt/ubna_data_02_mir/recover-20221013/UBNA_001/20221012_030000.WAV,Telephone Field,recover-20221013,001,1795
284.1025,284.1389,68437,81668,Rhinolophus ferrumequinum,0.023,0.023,-1,Echolocation,/mnt/ubna_data_02_mir/recover-20221013/UBNA_001/20221012_030000.WAV,Telephone Field,recover-20221013,001,1795
284.1205,284.1278,23750,32120,Plecotus austriacus,0.01,0.023,-1,Echolocation,/mnt/ubna_data_02_mir/recover-20221013/UBNA_001/20221012_030000.WAV,Telephone Field,recover-20221013,001,1795
284.1315,284.1672,68437,80755,Rhinolophus ferrumequinum,0.021,0.021,-1,Echolocation,/mnt/ubna_data_02_mir/recover-20221013/UBNA_001/20221012_030000.WAV,Telephone Field,recover-20221013,001,1795
284.1375,284.1742,68437,82142,Rhinolophus ferrumequinum,0.023,0.023,-1,Echolocation,/mnt/ubna_data_02_mir/recover-20221013/UBNA_001/20221012_030000.WAV,Telephone Field,recover-20221013,001,1795
284.1435,284.1834,68437,82369,Rhinolophus ferrumequinum,0.023,0.023,-1,Echolocation,/mnt/ubna_data_02_mir/recover-20221013/UBNA_001/20221012_030000.WAV,Telephone Field,recover-20221013,001,1795
284.1455,284.1577,28046,33881,Eptesicus serotinus,0.023,0.041,-1,Echolocation,/mnt/ubna_data_02_mir/recover-20221013/UBNA_001/20221012_030000.WAV,Telephone Field,recover-20221013,001,1795
284.1665,284.2084,68437,82641,Rhinolophus ferrumequinum,0.021,0.022,-1,Echolocation,/mnt/ubna_data_02_mir/recover-20221013/UBNA_001/20221012_030000.WAV,Telephone Field,recover-20221013,001,1795
284.1705,284.1798,28046,36824,Eptesicus serotinus,0.011,0.025,-1,Echolocation,/mnt/ubna_data_02_mir/recover-20221013/UBNA_001/20221012_030000.WAV,Telephone Field,recover-20221013,001,1795
284.2315,284.2706,68437,82476,Rhinolophus ferrumequinum,0.026,0.026,-1,Echolocation,/mnt/ubna_data_02_mir/recover-20221013/UBNA_001/20221012_030000.WAV,Telephone Field,recover-20221013,001,1795
284.2515,284.2879,68437,81614,Rhinolophus ferrumequinum,0.023,0.023,-1,Echolocation,/mnt/ubna_data_02_mir/recover-20221013/UBNA_001/20221012_030000.WAV,Telephone Field,recover-20221013,001,1795
284.2615,284.3008,68437,81714,Rhinolophus ferrumequinum,0.021,0.021,-1,Echolocation,/mnt/ubna_data_02_mir/recover-20221013/UBNA_001/20221012_030000.WAV,Telephone Field,recover-20221013,001,1795
284.2665,284.277,22890,29026,Nyctalus leisleri,0.011,0.024,-1,Echolocation,/mnt/ubna_data_02_mir/recover-20221013/UBNA_001/20221012_030000.WAV,Telephone Field,recover-20221013,001,1795
284.2795,284.3182,68437,82097,Rhinolophus ferrumequinum,0.022,0.022,-1,Echolocation,/mnt/ubna_data_02_mir/recover-20221013/UBNA_001/20221012_030000.WAV,Telephone Field,recover-20221013,001,1795
284.3055,284.3469,68437,82942,Rhinolophus ferrumequinum,0.025,0.025,-1,Echolocation,/mnt/ubna_data_02_mir/recover-20221013/UBNA_001/20221012_030000.WAV,Telephone Field,recover-20221013,001,1795
284.3345,284.3753,68437,82646,Rhinolophus ferrumequinum,0.026,0.026,-1,Echolocation,/mnt/ubna_data_02_mir/recover-20221013/UBNA_001/20221012_030000.WAV,Telephone Field,recover-20221013,001,1795
284.3545,284.3624,28046,41396,Eptesicus serotinus,0.009,0.025,-1,Echolocation,/mnt/ubna_data_02_mir/recover-20221013/UBNA_001/20221012_030000.WAV,Telephone Field,recover-20221013,001,1795
284.3855,284.424,68437,82473,Rhinolophus ferrumequinum,0.021,0.021,-1,Echolocation,/mnt/ubna_data_02_mir/recover-20221013/UBNA_001/20221012_030000.WAV,Telephone Field,recover-20221013,001,1795
284.3885,284.3978,28906,37814,Eptesicus serotinus,0.009,0.024,-1,Echolocation,/mnt/ubna_data_02_mir/recover-20221013/UBNA_001/20221012_030000.WAV,Telephone Field,recover-20221013,001,1795
284.4035,284.4424,68437,81817,Rhinolophus ferrumequinum,0.022,0.022,-1,Echolocation,/mnt/ubna_data_02_mir/recover-20221013/UBNA_001/20221012_030000.WAV,Telephone Field,recover-20221013,001,1795
284.4125,284.4522,68437,82017,Rhinolophus ferrumequinum,0.023,0.023,-1,Echolocation,/mnt/ubna_data_02_mir/recover-20221013/UBNA_001/20221012_030000.WAV,Telephone Field,recover-20221013,001,1795
284.4205,284.4593,68437,82564,Rhinolophus ferrumequinum,0.022,0.022,-1,Echolocation,/mnt/ubna_data_02_mir/recover-20221013/UBNA_001/20221012_030000.WAV,Telephone Field,recover-20221013,001,1795
284.4235,284.4339,28906,35198,Eptesicus serotinus,0.016,0.033,-1,Echolocation,/mnt/ubna_data_02_mir/recover-20221013/UBNA_001/20221012_030000.WAV,Telephone Field,recover-20221013,001,1795
284.4735,284.5198,68437,83566,Rhinolophus ferrumequinum,0.04,0.04,-1,Echolocation,/mnt/ubna_data_02_mir/recover-20221013/UBNA_001/20221012_030000.WAV,Telephone Field,recover-20221013,001,1795
284.4845,284.494,46093,49279,Pipistrellus pipistrellus,0.026,0.029,-1,Echolocation,/mnt/ubna_data_02_mir/recover-20221013/UBNA_001/20221012_030000.WAV,Telephone Field,recover-20221013,001,1795
284.5025,284.546,68437,83094,Rhinolophus ferrumequinum,0.045,0.045,-1,Echolocation,/mnt/ubna_data_02_mir/recover-20221013/UBNA_001/20221012_030000.WAV,Telephone Field,recover-20221013,001,1795
284.5115,284.5205,46953,52326,Pipistrellus pipistrellus,0.025,0.027,-1,Echolocation,/mnt/ubna_data_02_mir/recover-20221013/UBNA_001/20221012_030000.WAV,Telephone Field,recover-20221013,001,1795
284.5245,284.5351,28906,35416,Eptesicus serotinus,0.011,0.024,-1,Echolocation,/mnt/ubna_data_02_mir/recover-20221013/UBNA_001/20221012_030000.WAV,Telephone Field,recover-20221013,001,1795
284.54449999999997,284.5825,68437,81433,Rhinolophus ferrumequinum,0.023,0.023,-1,Echolocation,/mnt/ubna_data_02_mir/recover-20221013/UBNA_001/20221012_030000.WAV,Telephone Field,recover-20221013,001,1795
284.5515,284.5593,28046,38465,Eptesicus serotinus,0.009,0.027,-1,Echolocation,/mnt/ubna_data_02_mir/recover-20221013/UBNA_001/20221012_030000.WAV,Telephone Field,recover-20221013,001,1795
284.5525,284.5881,68437,80639,Rhinolophus ferrumequinum,0.022,0.022,-1,Echolocation,/mnt/ubna_data_02_mir/recover-20221013/UBNA_001/20221012_030000.WAV,Telephone Field,recover-20221013,001,1795
284.6015,284.6441,68437,83475,Rhinolophus ferrumequinum,0.036,0.036,-1,Echolocation,/mnt/ubna_data_02_mir/recover-20221013/UBNA_001/20221012_030000.WAV,Telephone Field,recover-20221013,001,1795
284.6355,284.6433,27187,38922,Eptesicus serotinus,0.007,0.023,-1,Echolocation,/mnt/ubna_data_02_mir/recover-20221013/UBNA_001/20221012_030000.WAV,Telephone Field,recover-20221013,001,1795
284.6495,284.6905,68437,82426,Rhinolophus ferrumequinum,0.022,0.022,-1,Echolocation,/mnt/ubna_data_02_mir/recover-20221013/UBNA_001/20221012_030000.WAV,Telephone Field,recover-20221013,001,1795
284.6545,284.6954,68437,82528,Rhinolophus ferrumequinum,0.021,0.021,-1,Echolocation,/mnt/ubna_data_02_mir/recover-20221013/UBNA_001/20221012_030000.WAV,Telephone Field,recover-20221013,001,1795
284.6685,284.6791,22890,27420,Nyctalus leisleri,0.011,0.022,-1,Echolocation,/mnt/ubna_data_02_mir/recover-20221013/UBNA_001/20221012_030000.WAV,Telephone Field,recover-20221013,001,1795
284.6825,284.7175,68437,81615,Rhinolophus ferrumequinum,0.025,0.025,-1,Echolocation,/mnt/ubna_data_02_mir/recover-20221013/UBNA_001/20221012_030000.WAV,Telephone Field,recover-20221013,001,1795
284.7255,284.7679,68437,82932,Rhinolophus ferrumequinum,0.029,0.029,-1,Echolocation,/mnt/ubna_data_02_mir/recover-20221013/UBNA_001/20221012_030000.WAV,Telephone Field,recover-20221013,001,1795
284.7305,284.7431,22890,28541,Nyctalus leisleri,0.017,0.037,-1,Echolocation,/mnt/ubna_data_02_mir/recover-20221013/UBNA_001/20221012_030000.WAV,Telephone Field,recover-20221013,001,1795
284.7695,284.7804,23750,29146,Nyctalus leisleri,0.01,0.023,-1,Echolocation,/mnt/ubna_data_02_mir/recover-20221013/UBNA_001/20221012_030000.WAV,Telephone Field,recover-20221013,001,1795
284.7775,284.7924,54687,59039,Pipistrellus pygmaeus,0.019,0.021,-1,Echolocation,/mnt/ubna_data_02_mir/recover-20221013/UBNA_001/20221012_030000.WAV,Telephone Field,recover-20221013,001,1795
284.7975,284.8384,68437,82541,Rhinolophus ferrumequinum,0.023,0.023,-1,Echolocation,/mnt/ubna_data_02_mir/recover-20221013/UBNA_001/20221012_030000.WAV,Telephone Field,recover-20221013,001,1795
284.8795,284.9192,68437,82451,Rhinolophus ferrumequinum,0.022,0.022,-1,Echolocation,/mnt/ubna_data_02_mir/recover-20221013/UBNA_001/20221012_030000.WAV,Telephone Field,recover-20221013,001,1795
284.8935,284.9038,27187,35308,Eptesicus serotinus,0.011,0.023,-1,Echolocation,/mnt/ubna_data_02_mir/recover-20221013/UBNA_001/20221012_030000.WAV,Telephone Field,recover-20221013,001,1795
284.8985,284.9397,68437,82773,Rhinolophus ferrumequinum,0.023,0.023,-1,Echolocation,/mnt/ubna_data_02_mir/recover-20221013/UBNA_001/20221012_030000.WAV,Telephone Field,recover-20221013,001,1795
284.9035,284.9104,26328,35678,Eptesicus serotinus,0.006,0.022,-1,Echolocation,/mnt/ubna_data_02_mir/recover-20221013/UBNA_001/20221012_030000.WAV,Telephone Field,recover-20221013,001,1795
284.9075,284.9471,68437,82238,Rhinolophus ferrumequinum,0.021,0.021,-1,Echolocation,/mnt/ubna_data_02_mir/recover-20221013/UBNA_001/20221012_030000.WAV,Telephone Field,recover-20221013,001,1795
284.9235,284.9639,68437,82505,Rhinolophus ferrumequinum,0.022,0.022,-1,Echolocation,/mnt/ubna_data_02_mir/recover-20221013/UBNA_001/20221012_030000.WAV,Telephone Field,recover-20221013,001,1795
284.9485,284.9825,68437,80940,Rhinolophus ferrumequinum,0.021,0.021,-1,Echolocation,/mnt/ubna_data_02_mir/recover-20221013/UBNA_001/20221012_030000.WAV,Telephone Field,recover-20221013,001,1795
284.9535,284.9875,68437,81097,Rhinolophus ferrumequinum,0.021,0.021,-1,Echolocation,/mnt/ubna_data_02_mir/recover-20221013/UBNA_001/20221012_030000.WAV,Telephone Field,recover-20221013,001,1795
284.9595,284.9726,40937,44650,Pipistrellus nathusii,0.043,0.062,-1,Echolocation,/mnt/ubna_data_02_mir/recover-20221013/UBNA_001/20221012_030000.WAV,Telephone Field,recover-20221013,001,1795
284.9645,285.0027,68437,82293,Rhinolophus ferrumequinum,0.023,0.023,-1,Echolocation,/mnt/ubna_data_02_mir/recover-20221013/UBNA_001/20221012_030000.WAV,Telephone Field,recover-20221013,001,1795
284.9825,285.0256,68437,83120,Rhinolophus ferrumequinum,0.027,0.027,-1,Echolocation,/mnt/ubna_data_02_mir/recover-20221013/UBNA_001/20221012_030000.WAV,Telephone Field,recover-20221013,001,1795
284.9905,285.0323,68437,82842,Rhinolophus ferrumequinum,0.024,0.024,-1,Echolocation,/mnt/ubna_data_02_mir/recover-20221013/UBNA_001/20221012_030000.WAV,Telephone Field,recover-20221013,001,1795
285.0225,285.0628,68437,82223,Rhinolophus ferrumequinum,0.021,0.021,-1,Echolocation,/mnt/ubna_data_02_mir/recover-20221013/UBNA_001/20221012_030000.WAV,Telephone Field,recover-20221013,001,1795
285.0435,285.0808,68437,82179,Rhinolophus ferrumequinum,0.021,0.021,-1,Echolocation,/mnt/ubna_data_02_mir/recover-20221013/UBNA_001/20221012_030000.WAV,Telephone Field,recover-20221013,001,1795
285.0455,285.0563,23750,28521,Nyctalus leisleri,0.013,0.025,-1,Echolocation,/mnt/ubna_data_02_mir/recover-20221013/UBNA_001/20221012_030000.WAV,Telephone Field,recover-20221013,001,1795
285.0635,285.1014,68437,82052,Rhinolophus ferrumequinum,0.023,0.023,-1,Echolocation,/mnt/ubna_data_02_mir/recover-20221013/UBNA_001/20221012_030000.WAV,Telephone Field,recover-20221013,001,1795
285.0975,285.1405,68437,83282,Rhinolophus ferrumequinum,0.026,0.026,-1,Echolocation,/mnt/ubna_data_02_mir/recover-20221013/UBNA_001/20221012_030000.WAV,Telephone Field,recover-20221013,001,1795
285.1225,285.1623,68437,81636,Rhinolophus ferrumequinum,0.021,0.021,-1,Echolocation,/mnt/ubna_data_02_mir/recover-20221013/UBNA_001/20221012_030000.WAV,Telephone Field,recover-20221013,001,1795
285.1785,285.2196,68437,82739,Rhinolophus ferrumequinum,0.025,0.025,-1,Echolocation,/mnt/ubna_data_02_mir/recover-20221013/UBNA_001/20221012_030000.WAV,Telephone Field,recover-20221013,001,1795
285.2195,285.2324,22890,26759,Nyctalus leisleri,0.018,0.028,-1,Echolocation,/mnt/ubna_data_02_mir/recover-20221013/UBNA_001/20221012_030000.WAV,Telephone Field,recover-20221013,001,1795
285.2455,285.2565,28046,34101,Eptesicus serotinus,0.014,0.029,-1,Echolocation,/mnt/ubna_data_02_mir/recover-20221013/UBNA_001/20221012_030000.WAV,Telephone Field,recover-20221013,001,1795
285.2775,285.3169,68437,82285,Rhinolophus ferrumequinum,0.026,0.026,-1,Echolocation,/mnt/ubna_data_02_mir/recover-20221013/UBNA_001/20221012_030000.WAV,Telephone Field,recover-20221013,001,1795
285.2955,285.3319,68437,81641,Rhinolophus ferrumequinum,0.022,0.022,-1,Echolocation,/mnt/ubna_data_02_mir/recover-20221013/UBNA_001/20221012_030000.WAV,Telephone Field,recover-20221013,001,1795
285.3555,285.3923,68437,81245,Rhinolophus ferrumequinum,0.021,0.021,-1,Echolocation,/mnt/ubna_data_02_mir/recover-20221013/UBNA_001/20221012_030000.WAV,Telephone Field,recover-20221013,001,1795
285.4215,285.4599,68437,82523,Rhinolophus ferrumequinum,0.022,0.023,-1,Echolocation,/mnt/ubna_data_02_mir/recover-20221013/UBNA_001/20221012_030000.WAV,Telephone Field,recover-20221013,001,1795
285.4275,285.436,28046,37275,Eptesicus serotinus,0.008,0.023,-1,Echolocation,/mnt/ubna_data_02_mir/recover-20221013/UBNA_001/20221012_030000.WAV,Telephone Field,recover-20221013,001,1795
285.4585,285.4949,68437,82215,Rhinolophus ferrumequinum,0.024,0.024,-1,Echolocation,/mnt/ubna_data_02_mir/recover-20221013/UBNA_001/20221012_030000.WAV,Telephone Field,recover-20221013,001,1795
285.4645,285.4838,19453,22454,Nyctalus leisleri,0.013,0.028,-1,Echolocation,/mnt/ubna_data_02_mir/recover-20221013/UBNA_001/20221012_030000.WAV,Telephone Field,recover-20221013,001,1795
285.5175,285.5295,22890,27634,Nyctalus leisleri,0.013,0.025,-1,Echolocation,/mnt/ubna_data_02_mir/recover-20221013/UBNA_001/20221012_030000.WAV,Telephone Field,recover-20221013,001,1795
285.5195,285.5584,68437,81481,Rhinolophus ferrumequinum,0.03,0.03,-1,Echolocation,/mnt/ubna_data_02_mir/recover-20221013/UBNA_001/20221012_030000.WAV,Telephone Field,recover-20221013,001,1795
285.5245,285.5471,19453,21872,Nyctalus leisleri,0.012,0.024,-1,Echolocation,/mnt/ubna_data_02_mir/recover-20221013/UBNA_001/20221012_030000.WAV,Telephone Field,recover-20221013,001,1795
285.5415,285.577,68437,81449,Rhinolophus ferrumequinum,0.021,0.021,-1,Echolocation,/mnt/ubna_data_02_mir/recover-20221013/UBNA_001/20221012_030000.WAV,Telephone Field,recover-20221013,001,1795
285.5465,285.5852,68437,82271,Rhinolophus ferrumequinum,0.021,0.021,-1,Echolocation,/mnt/ubna_data_02_mir/recover-20221013/UBNA_001/20221012_030000.WAV,Telephone Field,recover-20221013,001,1795
285.5585,285.5665,28046,39907,Eptesicus serotinus,0.007,0.022,-1,Echolocation,/mnt/ubna_data_02_mir/recover-20221013/UBNA_001/20221012_030000.WAV,Telephone Field,recover-20221013,001,1795
285.5785,285.6187,68437,82378,Rhinolophus ferrumequinum,0.033,0.033,-1,Echolocation,/mnt/ubna_data_02_mir/recover-20221013/UBNA_001/20221012_030000.WAV,Telephone Field,recover-20221013,001,1795
285.6085,285.6165,28046,39877,Eptesicus serotinus,0.017,0.036,-1,Echolocation,/mnt/ubna_data_02_mir/recover-20221013/UBNA_001/20221012_030000.WAV,Telephone Field,recover-20221013,001,1795
285.6205,285.6608,68437,82549,Rhinolophus ferrumequinum,0.026,0.026,-1,Echolocation,/mnt/ubna_data_02_mir/recover-20221013/UBNA_001/20221012_030000.WAV,Telephone Field,recover-20221013,001,1795
285.6235,285.6319,22890,30423,Plecotus austriacus,0.014,0.028,-1,Echolocation,/mnt/ubna_data_02_mir/recover-20221013/UBNA_001/20221012_030000.WAV,Telephone Field,recover-20221013,001,1795
285.6525,285.6602,24609,32667,Plecotus austriacus,0.009,0.024,-1,Echolocation,/mnt/ubna_data_02_mir/recover-20221013/UBNA_001/20221012_030000.WAV,Telephone Field,recover-20221013,001,1795
285.6795,285.7214,68437,82726,Rhinolophus ferrumequinum,0.029,0.029,-1,Echolocation,/mnt/ubna_data_02_mir/recover-20221013/UBNA_001/20221012_030000.WAV,Telephone Field,recover-20221013,001,1795
285.7245,285.7314,27187,38029,Eptesicus serotinus,0.005,0.021,-1,Echolocation,/mnt/ubna_data_02_mir/recover-20221013/UBNA_001/20221012_030000.WAV,Telephone Field,recover-20221013,001,1795
285.7465,285.7816,68437,80638,Rhinolophus ferrumequinum,0.026,0.026,-1,Echolocation,/mnt/ubna_data_02_mir/recover-20221013/UBNA_001/20221012_030000.WAV,Telephone Field,recover-20221013,001,1795
285.7745,285.813,68437,82062,Rhinolophus ferrumequinum,0.022,0.022,-1,Echolocation,/mnt/ubna_data_02_mir/recover-20221013/UBNA_001/20221012_030000.WAV,Telephone Field,recover-20221013,001,1795
285.7835,285.825,68437,82307,Rhinolophus ferrumequinum,0.021,0.021,-1,Echolocation,/mnt/ubna_data_02_mir/recover-20221013/UBNA_001/20221012_030000.WAV,Telephone Field,recover-20221013,001,1795
285.7935,285.8047,28906,33927,Eptesicus serotinus,0.037,0.076,-1,Echolocation,/mnt/ubna_data_02_mir/recover-20221013/UBNA_001/20221012_030000.WAV,Telephone Field,recover-20221013,001,1795
285.8265,285.8645,68437,82153,Rhinolophus ferrumequinum,0.022,0.022,-1,Echolocation,/mnt/ubna_data_02_mir/recover-20221013/UBNA_001/20221012_030000.WAV,Telephone Field,recover-20221013,001,1795
285.8375,285.8776,68437,82434,Rhinolophus ferrumequinum,0.023,0.023,-1,Echolocation,/mnt/ubna_data_02_mir/recover-20221013/UBNA_001/20221012_030000.WAV,Telephone Field,recover-20221013,001,1795
285.8565,285.8983,68437,82567,Rhinolophus ferrumequinum,0.026,0.026,-1,Echolocation,/mnt/ubna_data_02_mir/recover-20221013/UBNA_001/20221012_030000.WAV,Telephone Field,recover-20221013,001,1795
285.8645,285.8708,24609,35039,Plecotus austriacus,0.017,0.034,-1,Echolocation,/mnt/ubna_data_02_mir/recover-20221013/UBNA_001/20221012_030000.WAV,Telephone Field,recover-20221013,001,1795
285.8845,285.9263,68437,82421,Rhinolophus ferrumequinum,0.032,0.032,-1,Echolocation,/mnt/ubna_data_02_mir/recover-20221013/UBNA_001/20221012_030000.WAV,Telephone Field,recover-20221013,001,1795
285.9285,285.9692,68437,82191,Rhinolophus ferrumequinum,0.022,0.022,-1,Echolocation,/mnt/ubna_data_02_mir/recover-20221013/UBNA_001/20221012_030000.WAV,Telephone Field,recover-20221013,001,1795
285.9585,285.9679,28046,36112,Eptesicus serotinus,0.008,0.022,-1,Echolocation,/mnt/ubna_data_02_mir/recover-20221013/UBNA_001/20221012_030000.WAV,Telephone Field,recover-20221013,001,1795
285.9795,285.9864,24609,34933,Plecotus austriacus,0.016,0.038,-1,Echolocation,/mnt/ubna_data_02_mir/recover-20221013/UBNA_001/20221012_030000.WAV,Telephone Field,recover-20221013,001,1795
286.0015,286.0322,69296,81979,Rhinolophus ferrumequinum,0.021,0.021,-1,Echolocation,/mnt/ubna_data_02_mir/recover-20221013/UBNA_001/20221012_030000.WAV,Telephone Field,recover-20221013,001,1795
286.0015,286.0116,22890,29712,Nyctalus leisleri,0.014,0.037,-1,Echolocation,/mnt/ubna_data_02_mir/recover-20221013/UBNA_001/20221012_030000.WAV,Telephone Field,recover-20221013,001,1795
286.0155,286.0556,68437,82297,Rhinolophus ferrumequinum,0.028,0.028,-1,Echolocation,/mnt/ubna_data_02_mir/recover-20221013/UBNA_001/20221012_030000.WAV,Telephone Field,recover-20221013,001,1795
286.0165,286.0275,22890,27366,Nyctalus leisleri,0.015,0.027,-1,Echolocation,/mnt/ubna_data_02_mir/recover-20221013/UBNA_001/20221012_030000.WAV,Telephone Field,recover-20221013,001,1795
286.0695,286.0802,23750,29446,Nyctalus leisleri,0.009,0.021,-1,Echolocation,/mnt/ubna_data_02_mir/recover-20221013/UBNA_001/20221012_030000.WAV,Telephone Field,recover-20221013,001,1795
286.0965,286.1325,68437,81268,Rhinolophus ferrumequinum,0.02,0.02,-1,Echolocation,/mnt/ubna_data_02_mir/recover-20221013/UBNA_001/20221012_030000.WAV,Telephone Field,recover-20221013,001,1795
286.1065,286.1163,25468,32846,Eptesicus serotinus,0.011,0.027,-1,Echolocation,/mnt/ubna_data_02_mir/recover-20221013/UBNA_001/20221012_030000.WAV,Telephone Field,recover-20221013,001,1795
286.1525,286.1896,68437,81534,Rhinolophus ferrumequinum,0.021,0.021,-1,Echolocation,/mnt/ubna_data_02_mir/recover-20221013/UBNA_001/20221012_030000.WAV,Telephone Field,recover-20221013,001,1795
286.1885,286.2321,68437,83812,Rhinolophus ferrumequinum,0.05,0.05,-1,Echolocation,/mnt/ubna_data_02_mir/recover-20221013/UBNA_001/20221012_030000.WAV,Telephone Field,recover-20221013,001,1795
286.1895,286.2,37500,43845,Pipistrellus nathusii,0.012,0.021,-1,Echolocation,/mnt/ubna_data_02_mir/recover-20221013/UBNA_001/20221012_030000.WAV,Telephone Field,recover-20221013,001,1795
286.2115,286.2189,23750,32159,Plecotus austriacus,0.009,0.022,-1,Echolocation,/mnt/ubna_data_02_mir/recover-20221013/UBNA_001/20221012_030000.WAV,Telephone Field,recover-20221013,001,1795
286.2145,286.2229,28906,39401,Eptesicus serotinus,0.007,0.021,-1,Echolocation,/mnt/ubna_data_02_mir/recover-20221013/UBNA_001/20221012_030000.WAV,Telephone Field,recover-20221013,001,1795
286.22950000000003,286.266,68437,81568,Rhinolophus ferrumequinum,0.021,0.021,-1,Echolocation,/mnt/ubna_data_02_mir/recover-20221013/UBNA_001/20221012_030000.WAV,Telephone Field,recover-20221013,001,1795
286.2635,286.3039,68437,82462,Rhinolophus ferrumequinum,0.023,0.023,-1,Echolocation,/mnt/ubna_data_02_mir/recover-20221013/UBNA_001/20221012_030000.WAV,Telephone Field,recover-20221013,001,1795
286.3155,286.3324,21171,24949,Nyctalus leisleri,0.018,0.031,-1,Echolocation,/mnt/ubna_data_02_mir/recover-20221013/UBNA_001/20221012_030000.WAV,Telephone Field,recover-20221013,001,1795
286.3345,286.3762,68437,82659,Rhinolophus ferrumequinum,0.027,0.027,-1,Echolocation,/mnt/ubna_data_02_mir/recover-20221013/UBNA_001/20221012_030000.WAV,Telephone Field,recover-20221013,001,1795
286.3625,286.3701,26328,35704,Eptesicus serotinus,0.008,0.025,-1,Echolocation,/mnt/ubna_data_02_mir/recover-20221013/UBNA_001/20221012_030000.WAV,Telephone Field,recover-20221013,001,1795
286.3895,286.4302,68437,82406,Rhinolophus ferrumequinum,0.023,0.023,-1,Echolocation,/mnt/ubna_data_02_mir/recover-20221013/UBNA_001/20221012_030000.WAV,Telephone Field,recover-20221013,001,1795
286.3985,286.4038,36640,51586,Myotis daubentonii,0.009,0.024,-1,Echolocation,/mnt/ubna_data_02_mir/recover-20221013/UBNA_001/20221012_030000.WAV,Telephone Field,recover-20221013,001,1795
286.3985,286.4059,27187,45432,Eptesicus serotinus,0.007,0.022,-1,Echolocation,/mnt/ubna_data_02_mir/recover-20221013/UBNA_001/20221012_030000.WAV,Telephone Field,recover-20221013,001,1795
286.4325,286.4695,68437,81487,Rhinolophus ferrumequinum,0.022,0.022,-1,Echolocation,/mnt/ubna_data_02_mir/recover-20221013/UBNA_001/20221012_030000.WAV,Telephone Field,recover-20221013,001,1795
286.4415,286.47860000000003,68437,81567,Rhinolophus ferrumequinum,0.023,0.023,-1,Echolocation,/mnt/ubna_data_02_mir/recover-20221013/UBNA_001/20221012_030000.WAV,Telephone Field,recover-20221013,001,1795
286.4705,286.4825,28906,35007,Eptesicus serotinus,0.017,0.031,-1,Echolocation,/mnt/ubna_data_02_mir/recover-20221013/UBNA_001/20221012_030000.WAV,Telephone Field,recover-20221013,001,1795
286.5185,286.5586,68437,82506,Rhinolophus ferrumequinum,0.026,0.026,-1,Echolocation,/mnt/ubna_data_02_mir/recover-20221013/UBNA_001/20221012_030000.WAV,Telephone Field,recover-20221013,001,1795
286.5535,286.5908,68437,81432,Rhinolophus ferrumequinum,0.02,0.021,-1,Echolocation,/mnt/ubna_data_02_mir/recover-20221013/UBNA_001/20221012_030000.WAV,Telephone Field,recover-20221013,001,1795
286.5535,286.5593,50390,58736,Pipistrellus pipistrellus,0.02,0.022,-1,Echolocation,/mnt/ubna_data_02_mir/recover-20221013/UBNA_001/20221012_030000.WAV,Telephone Field,recover-20221013,001,1795
286.5665,286.60699999999997,68437,82626,Rhinolophus ferrumequinum,0.022,0.022,-1,Echolocation,/mnt/ubna_data_02_mir/recover-20221013/UBNA_001/20221012_030000.WAV,Telephone Field,recover-20221013,001,1795
286.5855,286.6234,68437,81728,Rhinolophus ferrumequinum,0.021,0.021,-1,Echolocation,/mnt/ubna_data_02_mir/recover-20221013/UBNA_001/20221012_030000.WAV,Telephone Field,recover-20221013,001,1795
286.5915,286.6012,14296,21546,Nyctalus noctula,0.011,0.022,-1,Echolocation,/mnt/ubna_data_02_mir/recover-20221013/UBNA_001/20221012_030000.WAV,Telephone Field,recover-20221013,001,1795
286.6085,286.6483,68437,81745,Rhinolophus ferrumequinum,0.021,0.021,-1,Echolocation,/mnt/ubna_data_02_mir/recover-20221013/UBNA_001/20221012_030000.WAV,Telephone Field,recover-20221013,001,1795
286.6325,286.672,68437,82815,Rhinolophus ferrumequinum,0.027,0.027,-1,Echolocation,/mnt/ubna_data_02_mir/recover-20221013/UBNA_001/20221012_030000.WAV,Telephone Field,recover-20221013,001,1795
286.6395,286.6514,23750,29960,Nyctalus leisleri,0.011,0.026,-1,Echolocation,/mnt/ubna_data_02_mir/recover-20221013/UBNA_001/20221012_030000.WAV,Telephone Field,recover-20221013,001,1795
286.7205,286.7627,68437,82582,Rhinolophus ferrumequinum,0.027,0.027,-1,Echolocation,/mnt/ubna_data_02_mir/recover-20221013/UBNA_001/20221012_030000.WAV,Telephone Field,recover-20221013,001,1795
286.7275,286.736,26328,37600,Eptesicus serotinus,0.007,0.021,-1,Echolocation,/mnt/ubna_data_02_mir/recover-20221013/UBNA_001/20221012_030000.WAV,Telephone Field,recover-20221013,001,1795
286.7465,286.7851,68437,81943,Rhinolophus ferrumequinum,0.024,0.024,-1,Echolocation,/mnt/ubna_data_02_mir/recover-20221013/UBNA_001/20221012_030000.WAV,Telephone Field,recover-20221013,001,1795
286.7885,286.8272,68437,82379,Rhinolophus ferrumequinum,0.021,0.021,-1,Echolocation,/mnt/ubna_data_02_mir/recover-20221013/UBNA_001/20221012_030000.WAV,Telephone Field,recover-20221013,001,1795
286.8045,286.8429,68437,81549,Rhinolophus ferrumequinum,0.02,0.02,-1,Echolocation,/mnt/ubna_data_02_mir/recover-20221013/UBNA_001/20221012_030000.WAV,Telephone Field,recover-20221013,001,1795
286.8275,286.869,68437,82293,Rhinolophus ferrumequinum,0.024,0.024,-1,Echolocation,/mnt/ubna_data_02_mir/recover-20221013/UBNA_001/20221012_030000.WAV,Telephone Field,recover-20221013,001,1795
286.8475,286.8535,27187,44638,Myotis daubentonii,0.006,0.024,-1,Echolocation,/mnt/ubna_data_02_mir/recover-20221013/UBNA_001/20221012_030000.WAV,Telephone Field,recover-20221013,001,1795
286.8775,286.9153,68437,82208,Rhinolophus ferrumequinum,0.029,0.029,-1,Echolocation,/mnt/ubna_data_02_mir/recover-20221013/UBNA_001/20221012_030000.WAV,Telephone Field,recover-20221013,001,1795
286.8835,286.8919,45234,48779,Pipistrellus pipistrellus,0.021,0.022,-1,Echolocation,/mnt/ubna_data_02_mir/recover-20221013/UBNA_001/20221012_030000.WAV,Telephone Field,recover-20221013,001,1795
286.8875,286.8968,28906,39424,Eptesicus serotinus,0.008,0.022,-1,Echolocation,/mnt/ubna_data_02_mir/recover-20221013/UBNA_001/20221012_030000.WAV,Telephone Field,recover-20221013,001,1795
286.8975,286.9366,68437,82692,Rhinolophus ferrumequinum,0.021,0.021,-1,Echolocation,/mnt/ubna_data_02_mir/recover-20221013/UBNA_001/20221012_030000.WAV,Telephone Field,recover-20221013,001,1795
286.9085,286.9459,68437,81483,Rhinolophus ferrumequinum,0.021,0.022,-1,Echolocation,/mnt/ubna_data_02_mir/recover-20221013/UBNA_001/20221012_030000.WAV,Telephone Field,recover-20221013,001,1795
286.9595,286.9691,22890,28946,Nyctalus leisleri,0.009,0.024,-1,Echolocation,/mnt/ubna_data_02_mir/recover-20221013/UBNA_001/20221012_030000.WAV,Telephone Field,recover-20221013,001,1795
286.9675,287.0077,68437,82627,Rhinolophus ferrumequinum,0.028,0.028,-1,Echolocation,/mnt/ubna_data_02_mir/recover-20221013/UBNA_001/20221012_030000.WAV,Telephone Field,recover-20221013,001,1795
287.0135,287.0239,23750,29844,Nyctalus leisleri,0.009,0.022,-1,Echolocation,/mnt/ubna_data_02_mir/recover-20221013/UBNA_001/20221012_030000.WAV,Telephone Field,recover-20221013,001,1795
287.0155,287.055,68437,82687,Rhinolophus ferrumequinum,0.026,0.026,-1,Echolocation,/mnt/ubna_data_02_mir/recover-20221013/UBNA_001/20221012_030000.WAV,Telephone Field,recover-20221013,001,1795
287.0385,287.0752,68437,81563,Rhinolophus ferrumequinum,0.02,0.02,-1,Echolocation,/mnt/ubna_data_02_mir/recover-20221013/UBNA_001/20221012_030000.WAV,Telephone Field,recover-20221013,001,1795
287.0465,287.0844,68437,82134,Rhinolophus ferrumequinum,0.021,0.021,-1,Echolocation,/mnt/ubna_data_02_mir/recover-20221013/UBNA_001/20221012_030000.WAV,Telephone Field,recover-20221013,001,1795
287.0645,287.075,23750,29842,Nyctalus leisleri,0.012,0.027,-1,Echolocation,/mnt/ubna_data_02_mir/recover-20221013/UBNA_001/20221012_030000.WAV,Telephone Field,recover-20221013,001,1795
287.0655,287.1055,68437,82417,Rhinolophus ferrumequinum,0.022,0.022,-1,Echolocation,/mnt/ubna_data_02_mir/recover-20221013/UBNA_001/20221012_030000.WAV,Telephone Field,recover-20221013,001,1795
287.0865,287.0942,26328,38867,Eptesicus serotinus,0.007,0.022,-1,Echolocation,/mnt/ubna_data_02_mir/recover-20221013/UBNA_001/20221012_030000.WAV,Telephone Field,recover-20221013,001,1795
287.1055,287.1424,68437,81124,Rhinolophus ferrumequinum,0.02,0.02,-1,Echolocation,/mnt/ubna_data_02_mir/recover-20221013/UBNA_001/20221012_030000.WAV,Telephone Field,recover-20221013,001,1795
287.1215,287.1286,27187,40216,Eptesicus serotinus,0.007,0.023,-1,Echolocation,/mnt/ubna_data_02_mir/recover-20221013/UBNA_001/20221012_030000.WAV,Telephone Field,recover-20221013,001,1795
287.1335,287.1409,45234,50264,Pipistrellus pipistrellus,0.022,0.023,-1,Echolocation,/mnt/ubna_data_02_mir/recover-20221013/UBNA_001/20221012_030000.WAV,Telephone Field,recover-20221013,001,1795
287.1435,287.1864,68437,83027,Rhinolophus ferrumequinum,0.029,0.029,-1,Echolocation,/mnt/ubna_data_02_mir/recover-20221013/UBNA_001/20221012_030000.WAV,Telephone Field,recover-20221013,001,1795
287.1485,287.1589,22890,27446,Nyctalus leisleri,0.012,0.024,-1,Echolocation,/mnt/ubna_data_02_mir/recover-20221013/UBNA_001/20221012_030000.WAV,Telephone Field,recover-20221013,001,1795
287.1615,287.1706,45234,48642,Pipistrellus pipistrellus,0.039,0.04,-1,Echolocation,/mnt/ubna_data_02_mir/recover-20221013/UBNA_001/20221012_030000.WAV,Telephone Field,recover-20221013,001,1795
287.1705,287.2069,68437,81098,Rhinolophus ferrumequinum,0.021,0.021,-1,Echolocation,/mnt/ubna_data_02_mir/recover-20221013/UBNA_001/20221012_030000.WAV,Telephone Field,recover-20221013,001,1795
287.1755,287.1836,23750,32603,Plecotus austriacus,0.009,0.024,-1,Echolocation,/mnt/ubna_data_02_mir/recover-20221013/UBNA_001/20221012_030000.WAV,Telephone Field,recover-20221013,001,1795
287.1995,287.2101,22031,25824,Nyctalus leisleri,0.012,0.021,-1,Echolocation,/mnt/ubna_data_02_mir/recover-20221013/UBNA_001/20221012_030000.WAV,Telephone Field,recover-20221013,001,1795
287.2145,287.2232,26328,35215,Eptesicus serotinus,0.009,0.024,-1,Echolocation,/mnt/ubna_data_02_mir/recover-20221013/UBNA_001/20221012_030000.WAV,Telephone Field,recover-20221013,001,1795
287.2195,287.2586,68437,81935,Rhinolophus ferrumequinum,0.024,0.024,-1,Echolocation,/mnt/ubna_data_02_mir/recover-20221013/UBNA_001/20221012_030000.WAV,Telephone Field,recover-20221013,001,1795
287.2575,287.2664,22890,29521,Plecotus austriacus,0.008,0.021,-1,Echolocation,/mnt/ubna_data_02_mir/recover-20221013/UBNA_001/20221012_030000.WAV,Telephone Field,recover-20221013,001,1795
287.2585,287.2981,68437,82684,Rhinolophus ferrumequinum,0.022,0.022,-1,Echolocation,/mnt/ubna_data_02_mir/recover-20221013/UBNA_001/20221012_030000.WAV,Telephone Field,recover-20221013,001,1795
287.2795,287.3194,68437,82120,Rhinolophus ferrumequinum,0.028,0.028,-1,Echolocation,/mnt/ubna_data_02_mir/recover-20221013/UBNA_001/20221012_030000.WAV,Telephone Field,recover-20221013,001,1795
287.3265,287.3623,68437,81996,Rhinolophus ferrumequinum,0.021,0.021,-1,Echolocation,/mnt/ubna_data_02_mir/recover-20221013/UBNA_001/20221012_030000.WAV,Telephone Field,recover-20221013,001,1795
287.3275,287.3377,41796,43852,Pipistrellus pipistrellus,0.018,0.022,-1,Echolocation,/mnt/ubna_data_02_mir/recover-20221013/UBNA_001/20221012_030000.WAV,Telephone Field,recover-20221013,001,1795
287.3585,287.3669,27187,37579,Eptesicus serotinus,0.009,0.024,-1,Echolocation,/mnt/ubna_data_02_mir/recover-20221013/UBNA_001/20221012_030000.WAV,Telephone Field,recover-20221013,001,1795
287.3615,287.3999,68437,82190,Rhinolophus ferrumequinum,0.02,0.02,-1,Echolocation,/mnt/ubna_data_02_mir/recover-20221013/UBNA_001/20221012_030000.WAV,Telephone Field,recover-20221013,001,1795
287.3975,287.4374,68437,82778,Rhinolophus ferrumequinum,0.022,0.022,-1,Echolocation,/mnt/ubna_data_02_mir/recover-20221013/UBNA_001/20221012_030000.WAV,Telephone Field,recover-20221013,001,1795
287.4215,287.4628,68437,82677,Rhinolophus ferrumequinum,0.022,0.022,-1,Echolocation,/mnt/ubna_data_02_mir/recover-20221013/UBNA_001/20221012_030000.WAV,Telephone Field,recover-20221013,001,1795
287.4525,287.4926,68437,82448,Rhinolophus ferrumequinum,0.027,0.027,-1,Echolocation,/mnt/ubna_data_02_mir/recover-20221013/UBNA_001/20221012_030000.WAV,Telephone Field,recover-20221013,001,1795
287.4835,287.5251,68437,83060,Rhinolophus ferrumequinum,0.025,0.025,-1,Echolocation,/mnt/ubna_data_02_mir/recover-20221013/UBNA_001/20221012_030000.WAV,Telephone Field,recover-20221013,001,1795
287.52049999999997,287.5571,68437,81211,Rhinolophus ferrumequinum,0.02,0.02,-1,Echolocation,/mnt/ubna_data_02_mir/recover-20221013/UBNA_001/20221012_030000.WAV,Telephone Field,recover-20221013,001,1795
287.5515,287.5887,68437,81513,Rhinolophus ferrumequinum,0.024,0.024,-1,Echolocation,/mnt/ubna_data_02_mir/recover-20221013/UBNA_001/20221012_030000.WAV,Telephone Field,recover-20221013,001,1795
287.5535,287.5629,28906,36739,Eptesicus serotinus,0.007,0.02,-1,Echolocation,/mnt/ubna_data_02_mir/recover-20221013/UBNA_001/20221012_030000.WAV,Telephone Field,recover-20221013,001,1795
287.5635,287.6044,68437,82638,Rhinolophus ferrumequinum,0.032,0.032,-1,Echolocation,/mnt/ubna_data_02_mir/recover-20221013/UBNA_001/20221012_030000.WAV,Telephone Field,recover-20221013,001,1795
287.5965,287.6372,68437,82324,Rhinolophus ferrumequinum,0.027,0.027,-1,Echolocation,/mnt/ubna_data_02_mir/recover-20221013/UBNA_001/20221012_030000.WAV,Telephone Field,recover-20221013,001,1795
287.6315,287.6702,68437,81996,Rhinolophus ferrumequinum,0.02,0.02,-1,Echolocation,/mnt/ubna_data_02_mir/recover-20221013/UBNA_001/20221012_030000.WAV,Telephone Field,recover-20221013,001,1795
287.6405,287.6755,68437,80745,Rhinolophus ferrumequinum,0.021,0.021,-1,Echolocation,/mnt/ubna_data_02_mir/recover-20221013/UBNA_001/20221012_030000.WAV,Telephone Field,recover-20221013,001,1795
287.6745,287.6848,23750,29838,Nyctalus leisleri,0.009,0.021,-1,Echolocation,/mnt/ubna_data_02_mir/recover-20221013/UBNA_001/20221012_030000.WAV,Telephone Field,recover-20221013,001,1795
287.6935,287.7338,68437,82940,Rhinolophus ferrumequinum,0.022,0.022,-1,Echolocation,/mnt/ubna_data_02_mir/recover-20221013/UBNA_001/20221012_030000.WAV,Telephone Field,recover-20221013,001,1795
287.7075,287.7498,68437,83412,Rhinolophus ferrumequinum,0.03,0.03,-1,Echolocation,/mnt/ubna_data_02_mir/recover-20221013/UBNA_001/20221012_030000.WAV,Telephone Field,recover-20221013,001,1795
287.7555,287.7643,28046,36695,Eptesicus serotinus,0.007,0.021,-1,Echolocation,/mnt/ubna_data_02_mir/recover-20221013/UBNA_001/20221012_030000.WAV,Telephone Field,recover-20221013,001,1795
287.7785,287.8147,68437,81448,Rhinolophus ferrumequinum,0.02,0.02,-1,Echolocation,/mnt/ubna_data_02_mir/recover-20221013/UBNA_001/20221012_030000.WAV,Telephone Field,recover-20221013,001,1795
287.7985,287.838,68437,82213,Rhinolophus ferrumequinum,0.025,0.025,-1,Echolocation,/mnt/ubna_data_02_mir/recover-20221013/UBNA_001/20221012_030000.WAV,Telephone Field,recover-20221013,001,1795
287.8215,287.8322,23750,29603,Nyctalus leisleri,0.009,0.023,-1,Echolocation,/mnt/ubna_data_02_mir/recover-20221013/UBNA_001/20221012_030000.WAV,Telephone Field,recover-20221013,001,1795
287.8555,287.89639999999997,68437,82653,Rhinolophus ferrumequinum,0.026,0.026,-1,Echolocation,/mnt/ubna_data_02_mir/recover-20221013/UBNA_001/20221012_030000.WAV,Telephone Field,recover-20221013,001,1795
287.8795,287.9163,68437,81588,Rhinolophus ferrumequinum,0.022,0.022,-1,Echolocation,/mnt/ubna_data_02_mir/recover-20221013/UBNA_001/20221012_030000.WAV,Telephone Field,recover-20221013,001,1795
287.8905,287.9028,15156,20937,Nyctalus noctula,0.018,0.028,-1,Echolocation,/mnt/ubna_data_02_mir/recover-20221013/UBNA_001/20221012_030000.WAV,Telephone Field,recover-20221013,001,1795
287.8925,287.9026,28906,37333,Eptesicus serotinus,0.008,0.023,-1,Echolocation,/mnt/ubna_data_02_mir/recover-20221013/UBNA_001/20221012_030000.WAV,Telephone Field,recover-20221013,001,1795
287.9035,287.9125,21171,27200,Plecotus austriacus,0.01,0.022,-1,Echolocation,/mnt/ubna_data_02_mir/recover-20221013/UBNA_001/20221012_030000.WAV,Telephone Field,recover-20221013,001,1795
287.9065,287.9471,68437,82164,Rhinolophus ferrumequinum,0.023,0.023,-1,Echolocation,/mnt/ubna_data_02_mir/recover-20221013/UBNA_001/20221012_030000.WAV,Telephone Field,recover-20221013,001,1795
287.9285,287.969,68437,82694,Rhinolophus ferrumequinum,0.024,0.024,-1,Echolocation,/mnt/ubna_data_02_mir/recover-20221013/UBNA_001/20221012_030000.WAV,Telephone Field,recover-20221013,001,1795
287.9435,287.9547,23750,28632,Nyctalus leisleri,0.012,0.024,-1,Echolocation,/mnt/ubna_data_02_mir/recover-20221013/UBNA_001/20221012_030000.WAV,Telephone Field,recover-20221013,001,1795
287.9815,287.9935,23750,29404,Nyctalus leisleri,0.027,0.056,-1,Echolocation,/mnt/ubna_data_02_mir/recover-20221013/UBNA_001/20221012_030000.WAV,Telephone Field,recover-20221013,001,1795
288.0015,288.031,69296,80957,Rhinolophus ferrumequinum,0.03,0.03,-1,Echolocation,/mnt/ubna_data_02_mir/recover-20221013/UBNA_001/20221012_030000.WAV,Telephone Field,recover-20221013,001,1795
288.0015,288.0096,23750,31609,Nyctalus leisleri,0.01,0.033,-1,Echolocation,/mnt/ubna_data_02_mir/recover-20221013/UBNA_001/20221012_030000.WAV,Telephone Field,recover-20221013,001,1795
288.0175,288.0577,68437,82329,Rhinolophus ferrumequinum,0.023,0.023,-1,Echolocation,/mnt/ubna_data_02_mir/recover-20221013/UBNA_001/20221012_030000.WAV,Telephone Field,recover-20221013,001,1795
288.0275,288.0674,68437,82152,Rhinolophus ferrumequinum,0.022,0.022,-1,Echolocation,/mnt/ubna_data_02_mir/recover-20221013/UBNA_001/20221012_030000.WAV,Telephone Field,recover-20221013,001,1795
288.0555,288.0941,68437,82520,Rhinolophus ferrumequinum,0.025,0.025,-1,Echolocation,/mnt/ubna_data_02_mir/recover-20221013/UBNA_001/20221012_030000.WAV,Telephone Field,recover-20221013,001,1795
288.0985,288.1395,68437,82572,Rhinolophus ferrumequinum,0.021,0.021,-1,Echolocation,/mnt/ubna_data_02_mir/recover-20221013/UBNA_001/20221012_030000.WAV,Telephone Field,recover-20221013,001,1795
288.1005,288.1104,23750,30623,Nyctalus leisleri,0.007,0.023,-1,Echolocation,/mnt/ubna_data_02_mir/recover-20221013/UBNA_001/20221012_030000.WAV,Telephone Field,recover-20221013,001,1795
288.1325,288.1417,22890,29746,Nyctalus leisleri,0.007,0.021,-1,Echolocation,/mnt/ubna_data_02_mir/recover-20221013/UBNA_001/20221012_030000.WAV,Telephone Field,recover-20221013,001,1795
288.1475,288.1533,26328,38177,Plecotus austriacus,0.014,0.043,-1,Echolocation,/mnt/ubna_data_02_mir/recover-20221013/UBNA_001/20221012_030000.WAV,Telephone Field,recover-20221013,001,1795
288.1495,288.1919,68437,83200,Rhinolophus ferrumequinum,0.021,0.021,-1,Echolocation,/mnt/ubna_data_02_mir/recover-20221013/UBNA_001/20221012_030000.WAV,Telephone Field,recover-20221013,001,1795
288.1785,288.22429999999997,68437,83996,Rhinolophus ferrumequinum,0.071,0.071,-1,Echolocation,/mnt/ubna_data_02_mir/recover-20221013/UBNA_001/20221012_030000.WAV,Telephone Field,recover-20221013,001,1795
288.1795,288.1868,28046,41007,Eptesicus serotinus,0.007,0.022,-1,Echolocation,/mnt/ubna_data_02_mir/recover-20221013/UBNA_001/20221012_030000.WAV,Telephone Field,recover-20221013,001,1795
288.1915,288.2299,68437,81802,Rhinolophus ferrumequinum,0.021,0.021,-1,Echolocation,/mnt/ubna_data_02_mir/recover-20221013/UBNA_001/20221012_030000.WAV,Telephone Field,recover-20221013,001,1795
288.2125,288.2515,68437,81644,Rhinolophus ferrumequinum,0.025,0.026,-1,Echolocation,/mnt/ubna_data_02_mir/recover-20221013/UBNA_001/20221012_030000.WAV,Telephone Field,recover-20221013,001,1795
288.2285,288.2402,23750,29332,Nyctalus leisleri,0.015,0.032,-1,Echolocation,/mnt/ubna_data_02_mir/recover-20221013/UBNA_001/20221012_030000.WAV,Telephone Field,recover-20221013,001,1795
288.27049999999997,288.3088,68437,82087,Rhinolophus ferrumequinum,0.021,0.022,-1,Echolocation,/mnt/ubna_data_02_mir/recover-20221013/UBNA_001/20221012_030000.WAV,Telephone Field,recover-20221013,001,1795
288.2775,288.3178,68437,82849,Rhinolophus ferrumequinum,0.022,0.022,-1,Echolocation,/mnt/ubna_data_02_mir/recover-20221013/UBNA_001/20221012_030000.WAV,Telephone Field,recover-20221013,001,1795
288.3415,288.3525,22890,28566,Nyctalus leisleri,0.011,0.025,-1,Echolocation,/mnt/ubna_data_02_mir/recover-20221013/UBNA_001/20221012_030000.WAV,Telephone Field,recover-20221013,001,1795
288.4255,288.4355,22890,29048,Nyctalus leisleri,0.009,0.022,-1,Echolocation,/mnt/ubna_data_02_mir/recover-20221013/UBNA_001/20221012_030000.WAV,Telephone Field,recover-20221013,001,1795
288.4525,288.4868,68437,80891,Rhinolophus ferrumequinum,0.021,0.021,-1,Echolocation,/mnt/ubna_data_02_mir/recover-20221013/UBNA_001/20221012_030000.WAV,Telephone Field,recover-20221013,001,1795
288.4595,288.489,68437,79646,Rhinolophus ferrumequinum,0.023,0.023,-1,Echolocation,/mnt/ubna_data_02_mir/recover-20221013/UBNA_001/20221012_030000.WAV,Telephone Field,recover-20221013,001,1795
288.4735,288.4806,28046,39417,Eptesicus serotinus,0.006,0.022,-1,Echolocation,/mnt/ubna_data_02_mir/recover-20221013/UBNA_001/20221012_030000.WAV,Telephone Field,recover-20221013,001,1795
288.4765,288.5153,68437,82895,Rhinolophus ferrumequinum,0.023,0.024,-1,Echolocation,/mnt/ubna_data_02_mir/recover-20221013/UBNA_001/20221012_030000.WAV,Telephone Field,recover-20221013,001,1795
288.5095,288.5471,68437,82313,Rhinolophus ferrumequinum,0.025,0.025,-1,Echolocation,/mnt/ubna_data_02_mir/recover-20221013/UBNA_001/20221012_030000.WAV,Telephone Field,recover-20221013,001,1795
288.5215,288.5581,68437,81956,Rhinolophus ferrumequinum,0.022,0.022,-1,Echolocation,/mnt/ubna_data_02_mir/recover-20221013/UBNA_001/20221012_030000.WAV,Telephone Field,recover-20221013,001,1795
288.5225,288.5429,20312,23181,Nyctalus leisleri,0.021,0.036,-1,Echolocation,/mnt/ubna_data_02_mir/recover-20221013/UBNA_001/20221012_030000.WAV,Telephone Field,recover-20221013,001,1795
288.5505,288.55740000000003,27187,38369,Eptesicus serotinus,0.012,0.035,-1,Echolocation,/mnt/ubna_data_02_mir/recover-20221013/UBNA_001/20221012_030000.WAV,Telephone Field,recover-20221013,001,1795
288.5615,288.6013,68437,82618,Rhinolophus ferrumequinum,0.025,0.025,-1,Echolocation,/mnt/ubna_data_02_mir/recover-20221013/UBNA_001/20221012_030000.WAV,Telephone Field,recover-20221013,001,1795
288.6035,288.6424,68437,82401,Rhinolophus ferrumequinum,0.032,0.032,-1,Echolocation,/mnt/ubna_data_02_mir/recover-20221013/UBNA_001/20221012_030000.WAV,Telephone Field,recover-20221013,001,1795
288.6135,288.6505,68437,81706,Rhinolophus ferrumequinum,0.025,0.025,-1,Echolocation,/mnt/ubna_data_02_mir/recover-20221013/UBNA_001/20221012_030000.WAV,Telephone Field,recover-20221013,001,1795
288.6365,288.6467,44375,48348,Pipistrellus pipistrellus,0.041,0.044,-1,Echolocation,/mnt/ubna_data_02_mir/recover-20221013/UBNA_001/20221012_030000.WAV,Telephone Field,recover-20221013,001,1795
288.64549999999997,288.6543,26328,35599,Eptesicus serotinus,0.011,0.026,-1,Echolocation,/mnt/ubna_data_02_mir/recover-20221013/UBNA_001/20221012_030000.WAV,Telephone Field,recover-20221013,001,1795
288.6845,288.6947,23750,30348,Nyctalus leisleri,0.009,0.024,-1,Echolocation,/mnt/ubna_data_02_mir/recover-20221013/UBNA_001/20221012_030000.WAV,Telephone Field,recover-20221013,001,1795
288.70550000000003,288.7433,68437,82356,Rhinolophus ferrumequinum,0.026,0.026,-1,Echolocation,/mnt/ubna_data_02_mir/recover-20221013/UBNA_001/20221012_030000.WAV,Telephone Field,recover-20221013,001,1795
288.7125,288.722,27187,37225,Eptesicus serotinus,0.008,0.022,-1,Echolocation,/mnt/ubna_data_02_mir/recover-20221013/UBNA_001/20221012_030000.WAV,Telephone Field,recover-20221013,001,1795
288.7265,288.766,68437,82788,Rhinolophus ferrumequinum,0.024,0.024,-1,Echolocation,/mnt/ubna_data_02_mir/recover-20221013/UBNA_001/20221012_030000.WAV,Telephone Field,recover-20221013,001,1795
288.7545,288.7943,68437,82922,Rhinolophus ferrumequinum,0.022,0.022,-1,Echolocation,/mnt/ubna_data_02_mir/recover-20221013/UBNA_001/20221012_030000.WAV,Telephone Field,recover-20221013,001,1795
288.7545,288.7649,22890,29240,Nyctalus leisleri,0.01,0.026,-1,Echolocation,/mnt/ubna_data_02_mir/recover-20221013/UBNA_001/20221012_030000.WAV,Telephone Field,recover-20221013,001,1795
288.7825,288.8195,68437,81552,Rhinolophus ferrumequinum,0.022,0.022,-1,Echolocation,/mnt/ubna_data_02_mir/recover-20221013/UBNA_001/20221012_030000.WAV,Telephone Field,recover-20221013,001,1795
288.7905,288.8284,68437,81827,Rhinolophus ferrumequinum,0.022,0.023,-1,Echolocation,/mnt/ubna_data_02_mir/recover-20221013/UBNA_001/20221012_030000.WAV,Telephone Field,recover-20221013,001,1795
288.7985,288.836,68437,82072,Rhinolophus ferrumequinum,0.024,0.024,-1,Echolocation,/mnt/ubna_data_02_mir/recover-20221013/UBNA_001/20221012_030000.WAV,Telephone Field,recover-20221013,001,1795
288.8195,288.8595,68437,82263,Rhinolophus ferrumequinum,0.03,0.03,-1,Echolocation,/mnt/ubna_data_02_mir/recover-20221013/UBNA_001/20221012_030000.WAV,Telephone Field,recover-20221013,001,1795
288.8315,288.8753,68437,84117,Rhinolophus ferrumequinum,0.057,0.057,-1,Echolocation,/mnt/ubna_data_02_mir/recover-20221013/UBNA_001/20221012_030000.WAV,Telephone Field,recover-20221013,001,1795
288.9035,288.9388,68437,81452,Rhinolophus ferrumequinum,0.023,0.023,-1,Echolocation,/mnt/ubna_data_02_mir/recover-20221013/UBNA_001/20221012_030000.WAV,Telephone Field,recover-20221013,001,1795
288.9375,288.977,68437,82648,Rhinolophus ferrumequinum,0.025,0.025,-1,Echolocation,/mnt/ubna_data_02_mir/recover-20221013/UBNA_001/20221012_030000.WAV,Telephone Field,recover-20221013,001,1795
288.9665,288.9732,27187,41243,Eptesicus serotinus,0.006,0.022,-1,Echolocation,/mnt/ubna_data_02_mir/recover-20221013/UBNA_001/20221012_030000.WAV,Telephone Field,recover-20221013,001,1795
288.9875,288.9962,28906,40488,Eptesicus serotinus,0.009,0.023,-1,Echolocation,/mnt/ubna_data_02_mir/recover-20221013/UBNA_001/20221012_030000.WAV,Telephone Field,recover-20221013,001,1795
288.9915,289.0255,68437,80843,Rhinolophus ferrumequinum,0.022,0.022,-1,Echolocation,/mnt/ubna_data_02_mir/recover-20221013/UBNA_001/20221012_030000.WAV,Telephone Field,recover-20221013,001,1795
289.0485,289.0875,68437,82102,Rhinolophus ferrumequinum,0.021,0.021,-1,Echolocation,/mnt/ubna_data_02_mir/recover-20221013/UBNA_001/20221012_030000.WAV,Telephone Field,recover-20221013,001,1795
289.0525,289.0607,28046,41577,Eptesicus serotinus,0.009,0.028,-1,Echolocation,/mnt/ubna_data_02_mir/recover-20221013/UBNA_001/20221012_030000.WAV,Telephone Field,recover-20221013,001,1795
289.0695,289.1094,68437,82521,Rhinolophus ferrumequinum,0.025,0.025,-1,Echolocation,/mnt/ubna_data_02_mir/recover-20221013/UBNA_001/20221012_030000.WAV,Telephone Field,recover-20221013,001,1795
289.1165,289.1248,51250,57673,Pipistrellus pipistrellus,0.026,0.032,-1,Echolocation,/mnt/ubna_data_02_mir/recover-20221013/UBNA_001/20221012_030000.WAV,Telephone Field,recover-20221013,001,1795
289.1365,289.1771,68437,82229,Rhinolophus ferrumequinum,0.022,0.022,-1,Echolocation,/mnt/ubna_data_02_mir/recover-20221013/UBNA_001/20221012_030000.WAV,Telephone Field,recover-20221013,001,1795
289.2415,289.2817,68437,82775,Rhinolophus ferrumequinum,0.022,0.022,-1,Echolocation,/mnt/ubna_data_02_mir/recover-20221013/UBNA_001/20221012_030000.WAV,Telephone Field,recover-20221013,001,1795
289.2885,289.325,68437,81963,Rhinolophus ferrumequinum,0.023,0.023,-1,Echolocation,/mnt/ubna_data_02_mir/recover-20221013/UBNA_001/20221012_030000.WAV,Telephone Field,recover-20221013,001,1795
289.2995,289.3091,24609,31723,Nyctalus leisleri,0.008,0.023,-1,Echolocation,/mnt/ubna_data_02_mir/recover-20221013/UBNA_001/20221012_030000.WAV,Telephone Field,recover-20221013,001,1795
289.3115,289.3187,49531,56369,Pipistrellus pipistrellus,0.018,0.022,-1,Echolocation,/mnt/ubna_data_02_mir/recover-20221013/UBNA_001/20221012_030000.WAV,Telephone Field,recover-20221013,001,1795
289.3385,289.3463,28046,37685,Eptesicus serotinus,0.016,0.041,-1,Echolocation,/mnt/ubna_data_02_mir/recover-20221013/UBNA_001/20221012_030000.WAV,Telephone Field,recover-20221013,001,1795
289.3495,289.3885,68437,81793,Rhinolophus ferrumequinum,0.022,0.022,-1,Echolocation,/mnt/ubna_data_02_mir/recover-20221013/UBNA_001/20221012_030000.WAV,Telephone Field,recover-20221013,001,1795
289.4015,289.4432,68437,82477,Rhinolophus ferrumequinum,0.022,0.022,-1,Echolocation,/mnt/ubna_data_02_mir/recover-20221013/UBNA_001/20221012_030000.WAV,Telephone Field,recover-20221013,001,1795
289.4395,289.4783,68437,81991,Rhinolophus ferrumequinum,0.021,0.021,-1,Echolocation,/mnt/ubna_data_02_mir/recover-20221013/UBNA_001/20221012_030000.WAV,Telephone Field,recover-20221013,001,1795
289.4665,289.4731,24609,38580,Plecotus austriacus,0.009,0.027,-1,Echolocation,/mnt/ubna_data_02_mir/recover-20221013/UBNA_001/20221012_030000.WAV,Telephone Field,recover-20221013,001,1795
289.5005,289.5365,68437,81646,Rhinolophus ferrumequinum,0.022,0.022,-1,Echolocation,/mnt/ubna_data_02_mir/recover-20221013/UBNA_001/20221012_030000.WAV,Telephone Field,recover-20221013,001,1795
289.5485,289.5851,68437,81442,Rhinolophus ferrumequinum,0.022,0.022,-1,Echolocation,/mnt/ubna_data_02_mir/recover-20221013/UBNA_001/20221012_030000.WAV,Telephone Field,recover-20221013,001,1795
289.5785,289.5889,27187,36087,Eptesicus serotinus,0.013,0.025,-1,Echolocation,/mnt/ubna_data_02_mir/recover-20221013/UBNA_001/20221012_030000.WAV,Telephone Field,recover-20221013,001,1795
289.60450000000003,289.6435,68437,83008,Rhinolophus ferrumequinum,0.023,0.023,-1,Echolocation,/mnt/ubna_data_02_mir/recover-20221013/UBNA_001/20221012_030000.WAV,Telephone Field,recover-20221013,001,1795
289.6315,289.6702,68437,82675,Rhinolophus ferrumequinum,0.021,0.021,-1,Echolocation,/mnt/ubna_data_02_mir/recover-20221013/UBNA_001/20221012_030000.WAV,Telephone Field,recover-20221013,001,1795
289.66949999999997,289.7026,68437,80572,Rhinolophus ferrumequinum,0.023,0.023,-1,Echolocation,/mnt/ubna_data_02_mir/recover-20221013/UBNA_001/20221012_030000.WAV,Telephone Field,recover-20221013,001,1795
289.6795,289.6892,23750,30549,Nyctalus leisleri,0.009,0.025,-1,Echolocation,/mnt/ubna_data_02_mir/recover-20221013/UBNA_001/20221012_030000.WAV,Telephone Field,recover-20221013,001,1795
289.6875,289.7264,68437,82211,Rhinolophus ferrumequinum,0.028,0.028,-1,Echolocation,/mnt/ubna_data_02_mir/recover-20221013/UBNA_001/20221012_030000.WAV,Telephone Field,recover-20221013,001,1795
289.7445,289.787,68437,83172,Rhinolophus ferrumequinum,0.05,0.05,-1,Echolocation,/mnt/ubna_data_02_mir/recover-20221013/UBNA_001/20221012_030000.WAV,Telephone Field,recover-20221013,001,1795
289.7805,289.7895,28906,39610,Eptesicus serotinus,0.008,0.021,-1,Echolocation,/mnt/ubna_data_02_mir/recover-20221013/UBNA_001/20221012_030000.WAV,Telephone Field,recover-20221013,001,1795
289.8785,289.9174,68437,81220,Rhinolophus ferrumequinum,0.023,0.023,-1,Echolocation,/mnt/ubna_data_02_mir/recover-20221013/UBNA_001/20221012_030000.WAV,Telephone Field,recover-20221013,001,1795
289.9065,289.9436,68437,81546,Rhinolophus ferrumequinum,0.022,0.022,-1,Echolocation,/mnt/ubna_data_02_mir/recover-20221013/UBNA_001/20221012_030000.WAV,Telephone Field,recover-20221013,001,1795
289.9165,289.9533,68437,81644,Rhinolophus ferrumequinum,0.023,0.023,-1,Echolocation,/mnt/ubna_data_02_mir/recover-20221013/UBNA_001/20221012_030000.WAV,Telephone Field,recover-20221013,001,1795
289.9495,289.9889,68437,82555,Rhinolophus ferrumequinum,0.025,0.025,-1,Echolocation,/mnt/ubna_data_02_mir/recover-20221013/UBNA_001/20221012_030000.WAV,Telephone Field,recover-20221013,001,1795
289.9505,289.9612,22890,28462,Nyctalus leisleri,0.012,0.026,-1,Echolocation,/mnt/ubna_data_02_mir/recover-20221013/UBNA_001/20221012_030000.WAV,Telephone Field,recover-20221013,001,1795
289.9585,289.9967,68437,82589,Rhinolophus ferrumequinum,0.021,0.021,-1,Echolocation,/mnt/ubna_data_02_mir/recover-20221013/UBNA_001/20221012_030000.WAV,Telephone Field,recover-20221013,001,1795
290.0015,290.0099,46093,51893,Pipistrellus pipistrellus,0.029,0.039,-1,Echolocation,/mnt/ubna_data_02_mir/recover-20221013/UBNA_001/20221012_030000.WAV,Telephone Field,recover-20221013,001,1795
290.0015,290.0339,68437,80274,Rhinolophus ferrumequinum,0.028,0.028,-1,Echolocation,/mnt/ubna_data_02_mir/recover-20221013/UBNA_001/20221012_030000.WAV,Telephone Field,recover-20221013,001,1795
290.0015,290.0092,26328,38156,Eptesicus serotinus,0.005,0.024,-1,Echolocation,/mnt/ubna_data_02_mir/recover-20221013/UBNA_001/20221012_030000.WAV,Telephone Field,recover-20221013,001,1795
290.0075,290.0482,68437,82109,Rhinolophus ferrumequinum,0.021,0.021,-1,Echolocation,/mnt/ubna_data_02_mir/recover-20221013/UBNA_001/20221012_030000.WAV,Telephone Field,recover-20221013,001,1795
290.0375,290.0775,68437,81689,Rhinolophus ferrumequinum,0.022,0.022,-1,Echolocation,/mnt/ubna_data_02_mir/recover-20221013/UBNA_001/20221012_030000.WAV,Telephone Field,recover-20221013,001,1795
290.0395,290.05,28906,36989,Eptesicus serotinus,0.013,0.028,-1,Echolocation,/mnt/ubna_data_02_mir/recover-20221013/UBNA_001/20221012_030000.WAV,Telephone Field,recover-20221013,001,1795
290.0505,290.0591,46953,50306,Pipistrellus pipistrellus,0.021,0.022,-1,Echolocation,/mnt/ubna_data_02_mir/recover-20221013/UBNA_001/20221012_030000.WAV,Telephone Field,recover-20221013,001,1795
290.0875,290.127,68437,82170,Rhinolophus ferrumequinum,0.02,0.02,-1,Echolocation,/mnt/ubna_data_02_mir/recover-20221013/UBNA_001/20221012_030000.WAV,Telephone Field,recover-20221013,001,1795
290.0925,290.1014,25468,33267,Eptesicus serotinus,0.008,0.021,-1,Echolocation,/mnt/ubna_data_02_mir/recover-20221013/UBNA_001/20221012_030000.WAV,Telephone Field,recover-20221013,001,1795
290.1485,290.1885,68437,82581,Rhinolophus ferrumequinum,0.024,0.024,-1,Echolocation,/mnt/ubna_data_02_mir/recover-20221013/UBNA_001/20221012_030000.WAV,Telephone Field,recover-20221013,001,1795
290.1705,290.2084,68437,81856,Rhinolophus ferrumequinum,0.02,0.02,-1,Echolocation,/mnt/ubna_data_02_mir/recover-20221013/UBNA_001/20221012_030000.WAV,Telephone Field,recover-20221013,001,1795
290.1855,290.2231,68437,82199,Rhinolophus ferrumequinum,0.021,0.021,-1,Echolocation,/mnt/ubna_data_02_mir/recover-20221013/UBNA_001/20221012_030000.WAV,Telephone Field,recover-20221013,001,1795
290.2065,290.2167,23750,29316,Nyctalus leisleri,0.012,0.027,-1,Echolocation,/mnt/ubna_data_02_mir/recover-20221013/UBNA_001/20221012_030000.WAV,Telephone Field,recover-20221013,001,1795
290.2305,290.2398,32343,42435,Myotis daubentonii,0.006,0.02,-1,Echolocation,/mnt/ubna_data_02_mir/recover-20221013/UBNA_001/20221012_030000.WAV,Telephone Field,recover-20221013,001,1795
290.2425,290.28430000000003,68437,82753,Rhinolophus ferrumequinum,0.022,0.022,-1,Echolocation,/mnt/ubna_data_02_mir/recover-20221013/UBNA_001/20221012_030000.WAV,Telephone Field,recover-20221013,001,1795
290.2775,290.3169,68437,81882,Rhinolophus ferrumequinum,0.021,0.022,-1,Echolocation,/mnt/ubna_data_02_mir/recover-20221013/UBNA_001/20221012_030000.WAV,Telephone Field,recover-20221013,001,1795
290.2845,290.2935,28906,36465,Eptesicus serotinus,0.007,0.02,-1,Echolocation,/mnt/ubna_data_02_mir/recover-20221013/UBNA_001/20221012_030000.WAV,Telephone Field,recover-20221013,001,1795
290.3085,290.3465,68437,82659,Rhinolophus ferrumequinum,0.02,0.02,-1,Echolocation,/mnt/ubna_data_02_mir/recover-20221013/UBNA_001/20221012_030000.WAV,Telephone Field,recover-20221013,001,1795
290.3245,290.3335,28906,39245,Eptesicus serotinus,0.008,0.021,-1,Echolocation,/mnt/ubna_data_02_mir/recover-20221013/UBNA_001/20221012_030000.WAV,Telephone Field,recover-20221013,001,1795
290.3265,290.3651,68437,81230,Rhinolophus ferrumequinum,0.02,0.02,-1,Echolocation,/mnt/ubna_data_02_mir/recover-20221013/UBNA_001/20221012_030000.WAV,Telephone Field,recover-20221013,001,1795
290.3495,290.3914,68437,81979,Rhinolophus ferrumequinum,0.022,0.022,-1,Echolocation,/mnt/ubna_data_02_mir/recover-20221013/UBNA_001/20221012_030000.WAV,Telephone Field,recover-20221013,001,1795
290.4005,290.4092,26328,35056,Eptesicus serotinus,0.008,0.022,-1,Echolocation,/mnt/ubna_data_02_mir/recover-20221013/UBNA_001/20221012_030000.WAV,Telephone Field,recover-20221013,001,1795
290.4345,290.4737,68437,82268,Rhinolophus ferrumequinum,0.021,0.021,-1,Echolocation,/mnt/ubna_data_02_mir/recover-20221013/UBNA_001/20221012_030000.WAV,Telephone Field,recover-20221013,001,1795
290.4625,290.4705,28906,39935,Eptesicus serotinus,0.007,0.021,-1,Echolocation,/mnt/ubna_data_02_mir/recover-20221013/UBNA_001/20221012_030000.WAV,Telephone Field,recover-20221013,001,1795
290.5065,290.5173,21171,25784,Nyctalus leisleri,0.015,0.032,-1,Echolocation,/mnt/ubna_data_02_mir/recover-20221013/UBNA_001/20221012_030000.WAV,Telephone Field,recover-20221013,001,1795
290.5105,290.5509,68437,81959,Rhinolophus ferrumequinum,0.021,0.021,-1,Echolocation,/mnt/ubna_data_02_mir/recover-20221013/UBNA_001/20221012_030000.WAV,Telephone Field,recover-20221013,001,1795
290.5275,290.53679999999997,14296,23685,Nyctalus noctula,0.009,0.02,-1,Echolocation,/mnt/ubna_data_02_mir/recover-20221013/UBNA_001/20221012_030000.WAV,Telephone Field,recover-20221013,001,1795
290.5355,290.5792,68437,83439,Rhinolophus ferrumequinum,0.03,0.03,-1,Echolocation,/mnt/ubna_data_02_mir/recover-20221013/UBNA_001/20221012_030000.WAV,Telephone Field,recover-20221013,001,1795
290.5495,290.5866,68437,82363,Rhinolophus ferrumequinum,0.02,0.02,-1,Echolocation,/mnt/ubna_data_02_mir/recover-20221013/UBNA_001/20221012_030000.WAV,Telephone Field,recover-20221013,001,1795
290.5655,290.6044,68437,82315,Rhinolophus ferrumequinum,0.02,0.02,-1,Echolocation,/mnt/ubna_data_02_mir/recover-20221013/UBNA_001/20221012_030000.WAV,Telephone Field,recover-20221013,001,1795
290.58050000000003,290.6203,68437,82123,Rhinolophus ferrumequinum,0.028,0.028,-1,Echolocation,/mnt/ubna_data_02_mir/recover-20221013/UBNA_001/20221012_030000.WAV,Telephone Field,recover-20221013,001,1795
290.6065,290.6171,28046,35028,Eptesicus serotinus,0.01,0.024,-1,Echolocation,/mnt/ubna_data_02_mir/recover-20221013/UBNA_001/20221012_030000.WAV,Telephone Field,recover-20221013,001,1795
290.6335,290.6714,68437,81552,Rhinolophus ferrumequinum,0.024,0.024,-1,Echolocation,/mnt/ubna_data_02_mir/recover-20221013/UBNA_001/20221012_030000.WAV,Telephone Field,recover-20221013,001,1795
290.6575,290.6659,24609,32608,Plecotus austriacus,0.007,0.023,-1,Echolocation,/mnt/ubna_data_02_mir/recover-20221013/UBNA_001/20221012_030000.WAV,Telephone Field,recover-20221013,001,1795
290.6715,290.7109,68437,82641,Rhinolophus ferrumequinum,0.023,0.023,-1,Echolocation,/mnt/ubna_data_02_mir/recover-20221013/UBNA_001/20221012_030000.WAV,Telephone Field,recover-20221013,001,1795
290.6885,290.7314,68437,82313,Rhinolophus ferrumequinum,0.024,0.024,-1,Echolocation,/mnt/ubna_data_02_mir/recover-20221013/UBNA_001/20221012_030000.WAV,Telephone Field,recover-20221013,001,1795
290.6975,290.7396,68437,82793,Rhinolophus ferrumequinum,0.037,0.037,-1,Echolocation,/mnt/ubna_data_02_mir/recover-20221013/UBNA_001/20221012_030000.WAV,Telephone Field,recover-20221013,001,1795
290.7005,290.7096,24609,32552,Eptesicus serotinus,0.007,0.022,-1,Echolocation,/mnt/ubna_data_02_mir/recover-20221013/UBNA_001/20221012_030000.WAV,Telephone Field,recover-20221013,001,1795
290.7425,290.7823,68437,81682,Rhinolophus ferrumequinum,0.023,0.023,-1,Echolocation,/mnt/ubna_data_02_mir/recover-20221013/UBNA_001/20221012_030000.WAV,Telephone Field,recover-20221013,001,1795
290.7735,290.8127,68437,81671,Rhinolophus ferrumequinum,0.021,0.021,-1,Echolocation,/mnt/ubna_data_02_mir/recover-20221013/UBNA_001/20221012_030000.WAV,Telephone Field,recover-20221013,001,1795
290.7805,290.8192,68437,81451,Rhinolophus ferrumequinum,0.021,0.021,-1,Echolocation,/mnt/ubna_data_02_mir/recover-20221013/UBNA_001/20221012_030000.WAV,Telephone Field,recover-20221013,001,1795
290.8605,290.9012,68437,83014,Rhinolophus ferrumequinum,0.023,0.023,-1,Echolocation,/mnt/ubna_data_02_mir/recover-20221013/UBNA_001/20221012_030000.WAV,Telephone Field,recover-20221013,001,1795
290.8905,290.9315,68437,82552,Rhinolophus ferrumequinum,0.028,0.028,-1,Echolocation,/mnt/ubna_data_02_mir/recover-20221013/UBNA_001/20221012_030000.WAV,Telephone Field,recover-20221013,001,1795
290.9015,290.9095,27187,36992,Eptesicus serotinus,0.008,0.022,-1,Echolocation,/mnt/ubna_data_02_mir/recover-20221013/UBNA_001/20221012_030000.WAV,Telephone Field,recover-20221013,001,1795
290.9345,290.9443,24609,31931,Eptesicus serotinus,0.007,0.024,-1,Echolocation,/mnt/ubna_data_02_mir/recover-20221013/UBNA_001/20221012_030000.WAV,Telephone Field,recover-20221013,001,1795
290.9515,290.9613,35781,41058,Barbastellus barbastellus,0.008,0.025,-1,Echolocation,/mnt/ubna_data_02_mir/recover-20221013/UBNA_001/20221012_030000.WAV,Telephone Field,recover-20221013,001,1795
290.9575,290.99739999999997,68437,82438,Rhinolophus ferrumequinum,0.025,0.025,-1,Echolocation,/mnt/ubna_data_02_mir/recover-20221013/UBNA_001/20221012_030000.WAV,Telephone Field,recover-20221013,001,1795
291.0465,291.0539,23750,31944,Plecotus austriacus,0.01,0.022,-1,Echolocation,/mnt/ubna_data_02_mir/recover-20221013/UBNA_001/20221012_030000.WAV,Telephone Field,recover-20221013,001,1795
291.0465,291.0538,28906,38184,Eptesicus serotinus,0.005,0.021,-1,Echolocation,/mnt/ubna_data_02_mir/recover-20221013/UBNA_001/20221012_030000.WAV,Telephone Field,recover-20221013,001,1795
291.1015,291.1119,22890,28677,Nyctalus leisleri,0.009,0.022,-1,Echolocation,/mnt/ubna_data_02_mir/recover-20221013/UBNA_001/20221012_030000.WAV,Telephone Field,recover-20221013,001,1795
291.1035,291.1405,68437,81457,Rhinolophus ferrumequinum,0.02,0.02,-1,Echolocation,/mnt/ubna_data_02_mir/recover-20221013/UBNA_001/20221012_030000.WAV,Telephone Field,recover-20221013,001,1795
291.1315,291.1393,28046,40358,Eptesicus serotinus,0.006,0.021,-1,Echolocation,/mnt/ubna_data_02_mir/recover-20221013/UBNA_001/20221012_030000.WAV,Telephone Field,recover-20221013,001,1795
291.1585,291.1693,22890,28419,Nyctalus leisleri,0.011,0.024,-1,Echolocation,/mnt/ubna_data_02_mir/recover-20221013/UBNA_001/20221012_030000.WAV,Telephone Field,recover-20221013,001,1795
291.1865,291.1949,28046,40437,Eptesicus serotinus,0.008,0.021,-1,Echolocation,/mnt/ubna_data_02_mir/recover-20221013/UBNA_001/20221012_030000.WAV,Telephone Field,recover-20221013,001,1795
291.1865,291.2264,68437,82345,Rhinolophus ferrumequinum,0.023,0.023,-1,Echolocation,/mnt/ubna_data_02_mir/recover-20221013/UBNA_001/20221012_030000.WAV,Telephone Field,recover-20221013,001,1795
291.1935,291.2365,68437,82691,Rhinolophus ferrumequinum,0.024,0.024,-1,Echolocation,/mnt/ubna_data_02_mir/recover-20221013/UBNA_001/20221012_030000.WAV,Telephone Field,recover-20221013,001,1795
291.2155,291.2261,22890,29022,Nyctalus leisleri,0.009,0.022,-1,Echolocation,/mnt/ubna_data_02_mir/recover-20221013/UBNA_001/20221012_030000.WAV,Telephone Field,recover-20221013,001,1795
291.2225,291.2652,68437,83441,Rhinolophus ferrumequinum,0.028,0.028,-1,Echolocation,/mnt/ubna_data_02_mir/recover-20221013/UBNA_001/20221012_030000.WAV,Telephone Field,recover-20221013,001,1795
291.3115,291.3232,28906,36179,Eptesicus serotinus,0.012,0.027,-1,Echolocation,/mnt/ubna_data_02_mir/recover-20221013/UBNA_001/20221012_030000.WAV,Telephone Field,recover-20221013,001,1795
291.3225,291.3603,68437,81919,Rhinolophus ferrumequinum,0.021,0.021,-1,Echolocation,/mnt/ubna_data_02_mir/recover-20221013/UBNA_001/20221012_030000.WAV,Telephone Field,recover-20221013,001,1795
291.3385,291.3461,28046,39257,Eptesicus serotinus,0.007,0.024,-1,Echolocation,/mnt/ubna_data_02_mir/recover-20221013/UBNA_001/20221012_030000.WAV,Telephone Field,recover-20221013,001,1795
291.3645,291.4017,68437,81218,Rhinolophus ferrumequinum,0.02,0.02,-1,Echolocation,/mnt/ubna_data_02_mir/recover-20221013/UBNA_001/20221012_030000.WAV,Telephone Field,recover-20221013,001,1795
291.3735,291.38530000000003,28906,35531,Eptesicus serotinus,0.012,0.024,-1,Echolocation,/mnt/ubna_data_02_mir/recover-20221013/UBNA_001/20221012_030000.WAV,Telephone Field,recover-20221013,001,1795
291.4115,291.45029999999997,68437,81790,Rhinolophus ferrumequinum,0.022,0.022,-1,Echolocation,/mnt/ubna_data_02_mir/recover-20221013/UBNA_001/20221012_030000.WAV,Telephone Field,recover-20221013,001,1795
291.4285,291.4384,27187,35100,Eptesicus serotinus,0.01,0.02,-1,Echolocation,/mnt/ubna_data_02_mir/recover-20221013/UBNA_001/20221012_030000.WAV,Telephone Field,recover-20221013,001,1795
291.4605,291.471,23750,30098,Nyctalus leisleri,0.01,0.026,-1,Echolocation,/mnt/ubna_data_02_mir/recover-20221013/UBNA_001/20221012_030000.WAV,Telephone Field,recover-20221013,001,1795
291.4865,291.4968,22031,27733,Nyctalus leisleri,0.01,0.025,-1,Echolocation,/mnt/ubna_data_02_mir/recover-20221013/UBNA_001/20221012_030000.WAV,Telephone Field,recover-20221013,001,1795
291.5175,291.5552,68437,82287,Rhinolophus ferrumequinum,0.021,0.021,-1,Echolocation,/mnt/ubna_data_02_mir/recover-20221013/UBNA_001/20221012_030000.WAV,Telephone Field,recover-20221013,001,1795
291.5625,291.5991,68437,81451,Rhinolophus ferrumequinum,0.022,0.022,-1,Echolocation,/mnt/ubna_data_02_mir/recover-20221013/UBNA_001/20221012_030000.WAV,Telephone Field,recover-20221013,001,1795
291.5785,291.5883,24609,31917,Eptesicus serotinus,0.007,0.02,-1,Echolocation,/mnt/ubna_data_02_mir/recover-20221013/UBNA_001/20221012_030000.WAV,Telephone Field,recover-20221013,001,1795
291.6245,291.65930000000003,68437,81169,Rhinolophus ferrumequinum,0.021,0.021,-1,Echolocation,/mnt/ubna_data_02_mir/recover-20221013/UBNA_001/20221012_030000.WAV,Telephone Field,recover-20221013,001,1795
291.6275,291.6359,28906,39117,Eptesicus serotinus,0.008,0.022,-1,Echolocation,/mnt/ubna_data_02_mir/recover-20221013/UBNA_001/20221012_030000.WAV,Telephone Field,recover-20221013,001,1795
291.6515,291.6909,68437,81502,Rhinolophus ferrumequinum,0.024,0.024,-1,Echolocation,/mnt/ubna_data_02_mir/recover-20221013/UBNA_001/20221012_030000.WAV,Telephone Field,recover-20221013,001,1795
291.7355,291.7454,27187,35555,Eptesicus serotinus,0.009,0.022,-1,Echolocation,/mnt/ubna_data_02_mir/recover-20221013/UBNA_001/20221012_030000.WAV,Telephone Field,recover-20221013,001,1795
291.7475,291.7569,25468,32596,Eptesicus serotinus,0.007,0.02,-1,Echolocation,/mnt/ubna_data_02_mir/recover-20221013/UBNA_001/20221012_030000.WAV,Telephone Field,recover-20221013,001,1795
291.7745,291.8115,68437,82411,Rhinolophus ferrumequinum,0.024,0.024,-1,Echolocation,/mnt/ubna_data_02_mir/recover-20221013/UBNA_001/20221012_030000.WAV,Telephone Field,recover-20221013,001,1795
291.8295,291.8652,68437,81567,Rhinolophus ferrumequinum,0.021,0.022,-1,Echolocation,/mnt/ubna_data_02_mir/recover-20221013/UBNA_001/20221012_030000.WAV,Telephone Field,recover-20221013,001,1795
291.8565,291.8936,68437,81943,Rhinolophus ferrumequinum,0.024,0.024,-1,Echolocation,/mnt/ubna_data_02_mir/recover-20221013/UBNA_001/20221012_030000.WAV,Telephone Field,recover-20221013,001,1795
291.8625,291.8735,39218,43228,Nyctalus leisleri,0.006,0.024,-1,Echolocation,/mnt/ubna_data_02_mir/recover-20221013/UBNA_001/20221012_030000.WAV,Telephone Field,recover-20221013,001,1795
291.8725,291.9131,68437,82097,Rhinolophus ferrumequinum,0.026,0.026,-1,Echolocation,/mnt/ubna_data_02_mir/recover-20221013/UBNA_001/20221012_030000.WAV,Telephone Field,recover-20221013,001,1795
291.8745,291.8837,26328,35892,Eptesicus serotinus,0.01,0.022,-1,Echolocation,/mnt/ubna_data_02_mir/recover-20221013/UBNA_001/20221012_030000.WAV,Telephone Field,recover-20221013,001,1795
291.8965,291.9044,22890,30752,Plecotus austriacus,0.011,0.024,-1,Echolocation,/mnt/ubna_data_02_mir/recover-20221013/UBNA_001/20221012_030000.WAV,Telephone Field,recover-20221013,001,1795
291.9455,291.9546,26328,34452,Eptesicus serotinus,0.008,0.02,-1,Echolocation,/mnt/ubna_data_02_mir/recover-20221013/UBNA_001/20221012_030000.WAV,Telephone Field,recover-20221013,001,1795
291.9605,291.9977,68437,81330,Rhinolophus ferrumequinum,0.023,0.023,-1,Echolocation,/mnt/ubna_data_02_mir/recover-20221013/UBNA_001/20221012_030000.WAV,Telephone Field,recover-20221013,001,1795
291.9625,291.972,28046,37301,Eptesicus serotinus,0.008,0.021,-1,Echolocation,/mnt/ubna_data_02_mir/recover-20221013/UBNA_001/20221012_030000.WAV,Telephone Field,recover-20221013,001,1795
292.0015,292.01030000000003,22031,28094,Nyctalus leisleri,0.011,0.026,-1,Echolocation,/mnt/ubna_data_02_mir/recover-20221013/UBNA_001/20221012_030000.WAV,Telephone Field,recover-20221013,001,1795
292.0015,292.0353,68437,80533,Rhinolophus ferrumequinum,0.035,0.035,-1,Echolocation,/mnt/ubna_data_02_mir/recover-20221013/UBNA_001/20221012_030000.WAV,Telephone Field,recover-20221013,001,1795
292.0095,292.0531,68437,82251,Rhinolophus ferrumequinum,0.024,0.024,-1,Echolocation,/mnt/ubna_data_02_mir/recover-20221013/UBNA_001/20221012_030000.WAV,Telephone Field,recover-20221013,001,1795
292.0185,292.0259,23750,32302,Plecotus austriacus,0.009,0.024,-1,Echolocation,/mnt/ubna_data_02_mir/recover-20221013/UBNA_001/20221012_030000.WAV,Telephone Field,recover-20221013,001,1795
292.0425,292.0517,28046,36654,Eptesicus serotinus,0.008,0.02,-1,Echolocation,/mnt/ubna_data_02_mir/recover-20221013/UBNA_001/20221012_030000.WAV,Telephone Field,recover-20221013,001,1795
292.0725,292.1067,68437,81029,Rhinolophus ferrumequinum,0.021,0.022,-1,Echolocation,/mnt/ubna_data_02_mir/recover-20221013/UBNA_001/20221012_030000.WAV,Telephone Field,recover-20221013,001,1795
292.0865,292.0976,22890,27407,Nyctalus leisleri,0.01,0.022,-1,Echolocation,/mnt/ubna_data_02_mir/recover-20221013/UBNA_001/20221012_030000.WAV,Telephone Field,recover-20221013,001,1795
292.1005,292.1392,68437,82055,Rhinolophus ferrumequinum,0.022,0.022,-1,Echolocation,/mnt/ubna_data_02_mir/recover-20221013/UBNA_001/20221012_030000.WAV,Telephone Field,recover-20221013,001,1795
292.1075,292.118,37500,41415,Pipistrellus nathusii,0.147,0.172,-1,Echolocation,/mnt/ubna_data_02_mir/recover-20221013/UBNA_001/20221012_030000.WAV,Telephone Field,recover-20221013,001,1795
292.1145,292.122,23750,32231,Plecotus austriacus,0.008,0.02,-1,Echolocation,/mnt/ubna_data_02_mir/recover-20221013/UBNA_001/20221012_030000.WAV,Telephone Field,recover-20221013,001,1795
292.1275,292.1686,68437,82547,Rhinolophus ferrumequinum,0.02,0.02,-1,Echolocation,/mnt/ubna_data_02_mir/recover-20221013/UBNA_001/20221012_030000.WAV,Telephone Field,recover-20221013,001,1795
292.1385,292.1788,68437,82534,Rhinolophus ferrumequinum,0.02,0.02,-1,Echolocation,/mnt/ubna_data_02_mir/recover-20221013/UBNA_001/20221012_030000.WAV,Telephone Field,recover-20221013,001,1795
292.1525,292.1933,68437,82275,Rhinolophus ferrumequinum,0.023,0.023,-1,Echolocation,/mnt/ubna_data_02_mir/recover-20221013/UBNA_001/20221012_030000.WAV,Telephone Field,recover-20221013,001,1795
292.1565,292.1638,28046,39434,Eptesicus serotinus,0.007,0.024,-1,Echolocation,/mnt/ubna_data_02_mir/recover-20221013/UBNA_001/20221012_030000.WAV,Telephone Field,recover-20221013,001,1795
292.1815,292.2224,68437,82630,Rhinolophus ferrumequinum,0.023,0.023,-1,Echolocation,/mnt/ubna_data_02_mir/recover-20221013/UBNA_001/20221012_030000.WAV,Telephone Field,recover-20221013,001,1795
292.1875,292.1945,23750,32523,Plecotus austriacus,0.009,0.022,-1,Echolocation,/mnt/ubna_data_02_mir/recover-20221013/UBNA_001/20221012_030000.WAV,Telephone Field,recover-20221013,001,1795
292.2065,292.2163,27187,35320,Eptesicus serotinus,0.01,0.023,-1,Echolocation,/mnt/ubna_data_02_mir/recover-20221013/UBNA_001/20221012_030000.WAV,Telephone Field,recover-20221013,001,1795
292.2255,292.2661,68437,82963,Rhinolophus ferrumequinum,0.035,0.035,-1,Echolocation,/mnt/ubna_data_02_mir/recover-20221013/UBNA_001/20221012_030000.WAV,Telephone Field,recover-20221013,001,1795
292.2515,292.2908,68437,82150,Rhinolophus ferrumequinum,0.028,0.028,-1,Echolocation,/mnt/ubna_data_02_mir/recover-20221013/UBNA_001/20221012_030000.WAV,Telephone Field,recover-20221013,001,1795
292.2655,292.2719,23750,33482,Plecotus austriacus,0.01,0.023,-1,Echolocation,/mnt/ubna_data_02_mir/recover-20221013/UBNA_001/20221012_030000.WAV,Telephone Field,recover-20221013,001,1795
292.2875,292.3272,68437,82730,Rhinolophus ferrumequinum,0.023,0.023,-1,Echolocation,/mnt/ubna_data_02_mir/recover-20221013/UBNA_001/20221012_030000.WAV,Telephone Field,recover-20221013,001,1795
292.2955,292.3032,28046,38317,Eptesicus serotinus,0.007,0.021,-1,Echolocation,/mnt/ubna_data_02_mir/recover-20221013/UBNA_001/20221012_030000.WAV,Telephone Field,recover-20221013,001,1795
292.3015,292.3387,68437,81504,Rhinolophus ferrumequinum,0.022,0.022,-1,Echolocation,/mnt/ubna_data_02_mir/recover-20221013/UBNA_001/20221012_030000.WAV,Telephone Field,recover-20221013,001,1795
292.3555,292.3646,28046,37047,Eptesicus serotinus,0.01,0.027,-1,Echolocation,/mnt/ubna_data_02_mir/recover-20221013/UBNA_001/20221012_030000.WAV,Telephone Field,recover-20221013,001,1795
292.3945,292.4327,68437,82229,Rhinolophus ferrumequinum,0.021,0.021,-1,Echolocation,/mnt/ubna_data_02_mir/recover-20221013/UBNA_001/20221012_030000.WAV,Telephone Field,recover-20221013,001,1795
292.3985,292.4123,25468,31342,Nyctalus leisleri,0.012,0.031,-1,Echolocation,/mnt/ubna_data_02_mir/recover-20221013/UBNA_001/20221012_030000.WAV,Telephone Field,recover-20221013,001,1795
292.4385,292.4804,68437,82878,Rhinolophus ferrumequinum,0.023,0.023,-1,Echolocation,/mnt/ubna_data_02_mir/recover-20221013/UBNA_001/20221012_030000.WAV,Telephone Field,recover-20221013,001,1795
292.4415,292.4576,43515,46073,Pipistrellus pipistrellus,0.043,0.049,-1,Echolocation,/mnt/ubna_data_02_mir/recover-20221013/UBNA_001/20221012_030000.WAV,Telephone Field,recover-20221013,001,1795
292.5045,292.54200000000003,68437,81920,Rhinolophus ferrumequinum,0.02,0.021,-1,Echolocation,/mnt/ubna_data_02_mir/recover-20221013/UBNA_001/20221012_030000.WAV,Telephone Field,recover-20221013,001,1795
292.5175,292.5579,68437,82821,Rhinolophus ferrumequinum,0.02,0.02,-1,Echolocation,/mnt/ubna_data_02_mir/recover-20221013/UBNA_001/20221012_030000.WAV,Telephone Field,recover-20221013,001,1795
292.5285,292.5691,68437,82560,Rhinolophus ferrumequinum,0.022,0.022,-1,Echolocation,/mnt/ubna_data_02_mir/recover-20221013/UBNA_001/20221012_030000.WAV,Telephone Field,recover-20221013,001,1795
292.5305,292.5386,22890,30149,Plecotus austriacus,0.008,0.02,-1,Echolocation,/mnt/ubna_data_02_mir/recover-20221013/UBNA_001/20221012_030000.WAV,Telephone Field,recover-20221013,001,1795
292.5475,292.5598,52109,56626,Pipistrellus pygmaeus,0.014,0.026,-1,Echolocation,/mnt/ubna_data_02_mir/recover-20221013/UBNA_001/20221012_030000.WAV,Telephone Field,recover-20221013,001,1795
292.5685,292.6062,68437,82099,Rhinolophus ferrumequinum,0.021,0.021,-1,Echolocation,/mnt/ubna_data_02_mir/recover-20221013/UBNA_001/20221012_030000.WAV,Telephone Field,recover-20221013,001,1795
292.60450000000003,292.6114,28046,39949,Eptesicus serotinus,0.009,0.027,-1,Echolocation,/mnt/ubna_data_02_mir/recover-20221013/UBNA_001/20221012_030000.WAV,Telephone Field,recover-20221013,001,1795
292.6115,292.6517,68437,82769,Rhinolophus ferrumequinum,0.02,0.02,-1,Echolocation,/mnt/ubna_data_02_mir/recover-20221013/UBNA_001/20221012_030000.WAV,Telephone Field,recover-20221013,001,1795
292.6295,292.6672,68437,81857,Rhinolophus ferrumequinum,0.021,0.021,-1,Echolocation,/mnt/ubna_data_02_mir/recover-20221013/UBNA_001/20221012_030000.WAV,Telephone Field,recover-20221013,001,1795
292.6555,292.6927,68437,81801,Rhinolophus ferrumequinum,0.021,0.021,-1,Echolocation,/mnt/ubna_data_02_mir/recover-20221013/UBNA_001/20221012_030000.WAV,Telephone Field,recover-20221013,001,1795
292.6615,292.6694,27187,39532,Eptesicus serotinus,0.007,0.02,-1,Echolocation,/mnt/ubna_data_02_mir/recover-20221013/UBNA_001/20221012_030000.WAV,Telephone Field,recover-20221013,001,1795
292.6815,292.7222,68437,82105,Rhinolophus ferrumequinum,0.021,0.021,-1,Echolocation,/mnt/ubna_data_02_mir/recover-20221013/UBNA_001/20221012_030000.WAV,Telephone Field,recover-20221013,001,1795
292.6885,292.7269,68437,82630,Rhinolophus ferrumequinum,0.021,0.021,-1,Echolocation,/mnt/ubna_data_02_mir/recover-20221013/UBNA_001/20221012_030000.WAV,Telephone Field,recover-20221013,001,1795
292.7445,292.7817,68437,82502,Rhinolophus ferrumequinum,0.02,0.02,-1,Echolocation,/mnt/ubna_data_02_mir/recover-20221013/UBNA_001/20221012_030000.WAV,Telephone Field,recover-20221013,001,1795
292.7635,292.771,28046,39575,Eptesicus serotinus,0.008,0.023,-1,Echolocation,/mnt/ubna_data_02_mir/recover-20221013/UBNA_001/20221012_030000.WAV,Telephone Field,recover-20221013,001,1795
292.8135,292.82280000000003,28046,36638,Eptesicus serotinus,0.009,0.025,-1,Echolocation,/mnt/ubna_data_02_mir/recover-20221013/UBNA_001/20221012_030000.WAV,Telephone Field,recover-20221013,001,1795
292.8265,292.8667,68437,82204,Rhinolophus ferrumequinum,0.02,0.02,-1,Echolocation,/mnt/ubna_data_02_mir/recover-20221013/UBNA_001/20221012_030000.WAV,Telephone Field,recover-20221013,001,1795
292.8375,292.8766,68437,82819,Rhinolophus ferrumequinum,0.022,0.022,-1,Echolocation,/mnt/ubna_data_02_mir/recover-20221013/UBNA_001/20221012_030000.WAV,Telephone Field,recover-20221013,001,1795
292.8485,292.8554,28046,38554,Eptesicus serotinus,0.007,0.023,-1,Echolocation,/mnt/ubna_data_02_mir/recover-20221013/UBNA_001/20221012_030000.WAV,Telephone Field,recover-20221013,001,1795
292.8575,292.8981,68437,82638,Rhinolophus ferrumequinum,0.021,0.021,-1,Echolocation,/mnt/ubna_data_02_mir/recover-20221013/UBNA_001/20221012_030000.WAV,Telephone Field,recover-20221013,001,1795
292.9035,292.9427,68437,81696,Rhinolophus ferrumequinum,0.02,0.02,-1,Echolocation,/mnt/ubna_data_02_mir/recover-20221013/UBNA_001/20221012_030000.WAV,Telephone Field,recover-20221013,001,1795
292.9055,292.9134,25468,38368,Eptesicus serotinus,0.005,0.021,-1,Echolocation,/mnt/ubna_data_02_mir/recover-20221013/UBNA_001/20221012_030000.WAV,Telephone Field,recover-20221013,001,1795
292.9255,292.93240000000003,47812,55434,Pipistrellus pipistrellus,0.02,0.022,-1,Echolocation,/mnt/ubna_data_02_mir/recover-20221013/UBNA_001/20221012_030000.WAV,Telephone Field,recover-20221013,001,1795
293.0125,293.047,68437,80927,Rhinolophus ferrumequinum,0.022,0.022,-1,Echolocation,/mnt/ubna_data_02_mir/recover-20221013/UBNA_001/20221012_030000.WAV,Telephone Field,recover-20221013,001,1795
293.0265,293.0389,53828,58811,Pipistrellus pygmaeus,0.02,0.024,-1,Echolocation,/mnt/ubna_data_02_mir/recover-20221013/UBNA_001/20221012_030000.WAV,Telephone Field,recover-20221013,001,1795
293.0395,293.0758,68437,81084,Rhinolophus ferrumequinum,0.02,0.02,-1,Echolocation,/mnt/ubna_data_02_mir/recover-20221013/UBNA_001/20221012_030000.WAV,Telephone Field,recover-20221013,001,1795
293.0495,293.0895,68437,82654,Rhinolophus ferrumequinum,0.025,0.025,-1,Echolocation,/mnt/ubna_data_02_mir/recover-20221013/UBNA_001/20221012_030000.WAV,Telephone Field,recover-20221013,001,1795
293.0855,293.1232,68437,82309,Rhinolophus ferrumequinum,0.02,0.02,-1,Echolocation,/mnt/ubna_data_02_mir/recover-20221013/UBNA_001/20221012_030000.WAV,Telephone Field,recover-20221013,001,1795
293.0935,293.1048,22890,27834,Nyctalus leisleri,0.011,0.023,-1,Echolocation,/mnt/ubna_data_02_mir/recover-20221013/UBNA_001/20221012_030000.WAV,Telephone Field,recover-20221013,001,1795
293.1005,293.1412,68437,83396,Rhinolophus ferrumequinum,0.024,0.024,-1,Echolocation,/mnt/ubna_data_02_mir/recover-20221013/UBNA_001/20221012_030000.WAV,Telephone Field,recover-20221013,001,1795
293.1075,293.1477,68437,82430,Rhinolophus ferrumequinum,0.022,0.022,-1,Echolocation,/mnt/ubna_data_02_mir/recover-20221013/UBNA_001/20221012_030000.WAV,Telephone Field,recover-20221013,001,1795
293.1405,293.1504,22890,28958,Nyctalus leisleri,0.007,0.02,-1,Echolocation,/mnt/ubna_data_02_mir/recover-20221013/UBNA_001/20221012_030000.WAV,Telephone Field,recover-20221013,001,1795
293.16949999999997,293.2053,68437,81872,Rhinolophus ferrumequinum,0.02,0.02,-1,Echolocation,/mnt/ubna_data_02_mir/recover-20221013/UBNA_001/20221012_030000.WAV,Telephone Field,recover-20221013,001,1795
293.1845,293.19259999999997,50390,57434,Pipistrellus pipistrellus,0.019,0.025,-1,Echolocation,/mnt/ubna_data_02_mir/recover-20221013/UBNA_001/20221012_030000.WAV,Telephone Field,recover-20221013,001,1795
293.2165,293.2573,68437,83055,Rhinolophus ferrumequinum,0.022,0.022,-1,Echolocation,/mnt/ubna_data_02_mir/recover-20221013/UBNA_001/20221012_030000.WAV,Telephone Field,recover-20221013,001,1795
293.2365,293.25260000000003,21171,23913,Nyctalus leisleri,0.013,0.02,-1,Echolocation,/mnt/ubna_data_02_mir/recover-20221013/UBNA_001/20221012_030000.WAV,Telephone Field,recover-20221013,001,1795
293.3035,293.3483,68437,83022,Rhinolophus ferrumequinum,0.022,0.022,-1,Echolocation,/mnt/ubna_data_02_mir/recover-20221013/UBNA_001/20221012_030000.WAV,Telephone Field,recover-20221013,001,1795
293.3085,293.3156,28046,40248,Eptesicus serotinus,0.007,0.022,-1,Echolocation,/mnt/ubna_data_02_mir/recover-20221013/UBNA_001/20221012_030000.WAV,Telephone Field,recover-20221013,001,1795
293.3185,293.3595,68437,82510,Rhinolophus ferrumequinum,0.022,0.022,-1,Echolocation,/mnt/ubna_data_02_mir/recover-20221013/UBNA_001/20221012_030000.WAV,Telephone Field,recover-20221013,001,1795
293.3355,293.376,68437,82408,Rhinolophus ferrumequinum,0.02,0.02,-1,Echolocation,/mnt/ubna_data_02_mir/recover-20221013/UBNA_001/20221012_030000.WAV,Telephone Field,recover-20221013,001,1795
293.3625,293.4059,68437,82832,Rhinolophus ferrumequinum,0.022,0.022,-1,Echolocation,/mnt/ubna_data_02_mir/recover-20221013/UBNA_001/20221012_030000.WAV,Telephone Field,recover-20221013,001,1795
293.4215,293.4608,68437,82560,Rhinolophus ferrumequinum,0.022,0.022,-1,Echolocation,/mnt/ubna_data_02_mir/recover-20221013/UBNA_001/20221012_030000.WAV,Telephone Field,recover-20221013,001,1795
293.5125,293.5207,28046,38371,Eptesicus serotinus,0.008,0.022,-1,Echolocation,/mnt/ubna_data_02_mir/recover-20221013/UBNA_001/20221012_030000.WAV,Telephone Field,recover-20221013,001,1795
293.5305,293.5692,68437,81580,Rhinolophus ferrumequinum,0.02,0.02,-1,Echolocation,/mnt/ubna_data_02_mir/recover-20221013/UBNA_001/20221012_030000.WAV,Telephone Field,recover-20221013,001,1795
293.5915,293.59929999999997,27187,38656,Eptesicus serotinus,0.006,0.02,-1,Echolocation,/mnt/ubna_data_02_mir/recover-20221013/UBNA_001/20221012_030000.WAV,Telephone Field,recover-20221013,001,1795
293.6465,293.6575,22890,26813,Nyctalus leisleri,0.011,0.02,-1,Echolocation,/mnt/ubna_data_02_mir/recover-20221013/UBNA_001/20221012_030000.WAV,Telephone Field,recover-20221013,001,1795
293.6495,293.69010000000003,68437,82681,Rhinolophus ferrumequinum,0.024,0.024,-1,Echolocation,/mnt/ubna_data_02_mir/recover-20221013/UBNA_001/20221012_030000.WAV,Telephone Field,recover-20221013,001,1795
293.7285,293.7386,22890,29138,Nyctalus leisleri,0.009,0.025,-1,Echolocation,/mnt/ubna_data_02_mir/recover-20221013/UBNA_001/20221012_030000.WAV,Telephone Field,recover-20221013,001,1795
293.7395,293.7768,68437,81973,Rhinolophus ferrumequinum,0.021,0.021,-1,Echolocation,/mnt/ubna_data_02_mir/recover-20221013/UBNA_001/20221012_030000.WAV,Telephone Field,recover-20221013,001,1795
293.7515,293.767,52109,56150,Pipistrellus pygmaeus,0.021,0.027,-1,Echolocation,/mnt/ubna_data_02_mir/recover-20221013/UBNA_001/20221012_030000.WAV,Telephone Field,recover-20221013,001,1795
293.7635,293.8032,68437,82527,Rhinolophus ferrumequinum,0.024,0.024,-1,Echolocation,/mnt/ubna_data_02_mir/recover-20221013/UBNA_001/20221012_030000.WAV,Telephone Field,recover-20221013,001,1795
293.7885,293.7965,28906,37390,Eptesicus serotinus,0.007,0.02,-1,Echolocation,/mnt/ubna_data_02_mir/recover-20221013/UBNA_001/20221012_030000.WAV,Telephone Field,recover-20221013,001,1795
293.7935,293.83,68437,80900,Rhinolophus ferrumequinum,0.02,0.02,-1,Echolocation,/mnt/ubna_data_02_mir/recover-20221013/UBNA_001/20221012_030000.WAV,Telephone Field,recover-20221013,001,1795
293.7935,293.8045,22890,27602,Nyctalus leisleri,0.01,0.021,-1,Echolocation,/mnt/ubna_data_02_mir/recover-20221013/UBNA_001/20221012_030000.WAV,Telephone Field,recover-20221013,001,1795
293.8005,293.8363,68437,80527,Rhinolophus ferrumequinum,0.02,0.02,-1,Echolocation,/mnt/ubna_data_02_mir/recover-20221013/UBNA_001/20221012_030000.WAV,Telephone Field,recover-20221013,001,1795
293.8055,293.8409,68437,80792,Rhinolophus ferrumequinum,0.02,0.02,-1,Echolocation,/mnt/ubna_data_02_mir/recover-20221013/UBNA_001/20221012_030000.WAV,Telephone Field,recover-20221013,001,1795
293.8255,293.8369,22031,26150,Nyctalus leisleri,0.012,0.021,-1,Echolocation,/mnt/ubna_data_02_mir/recover-20221013/UBNA_001/20221012_030000.WAV,Telephone Field,recover-20221013,001,1795
293.8485,293.887,68437,82036,Rhinolophus ferrumequinum,0.022,0.022,-1,Echolocation,/mnt/ubna_data_02_mir/recover-20221013/UBNA_001/20221012_030000.WAV,Telephone Field,recover-20221013,001,1795
293.8665,293.908,68437,82759,Rhinolophus ferrumequinum,0.028,0.028,-1,Echolocation,/mnt/ubna_data_02_mir/recover-20221013/UBNA_001/20221012_030000.WAV,Telephone Field,recover-20221013,001,1795
293.8985,293.938,68437,81942,Rhinolophus ferrumequinum,0.02,0.02,-1,Echolocation,/mnt/ubna_data_02_mir/recover-20221013/UBNA_001/20221012_030000.WAV,Telephone Field,recover-20221013,001,1795
293.9175,293.9579,68437,83084,Rhinolophus ferrumequinum,0.024,0.024,-1,Echolocation,/mnt/ubna_data_02_mir/recover-20221013/UBNA_001/20221012_030000.WAV,Telephone Field,recover-20221013,001,1795
293.9205,293.9305,50390,56385,Pipistrellus pipistrellus,0.017,0.022,-1,Echolocation,/mnt/ubna_data_02_mir/recover-20221013/UBNA_001/20221012_030000.WAV,Telephone Field,recover-20221013,001,1795
293.9415,293.9805,68437,82503,Rhinolophus ferrumequinum,0.022,0.022,-1,Echolocation,/mnt/ubna_data_02_mir/recover-20221013/UBNA_001/20221012_030000.WAV,Telephone Field,recover-20221013,001,1795
293.9495,293.9563,40937,53523,Myotis brandtii,0.005,0.02,-1,Echolocation,/mnt/ubna_data_02_mir/recover-20221013/UBNA_001/20221012_030000.WAV,Telephone Field,recover-20221013,001,1795
293.9835,293.9928,22890,28733,Nyctalus leisleri,0.007,0.02,-1,Echolocation,/mnt/ubna_data_02_mir/recover-20221013/UBNA_001/20221012_030000.WAV,Telephone Field,recover-20221013,001,1795
293.9875,293.9966,28046,39268,Eptesicus serotinus,0.008,0.02,-1,Echolocation,/mnt/ubna_data_02_mir/recover-20221013/UBNA_001/20221012_030000.WAV,Telephone Field,recover-20221013,001,1795
294.0015,294.0311,69296,81519,Rhinolophus ferrumequinum,0.029,0.029,-1,Echolocation,/mnt/ubna_data_02_mir/recover-20221013/UBNA_001/20221012_030000.WAV,Telephone Field,recover-20221013,001,1795
294.0015,294.0109,23750,30304,Nyctalus leisleri,0.016,0.039,-1,Echolocation,/mnt/ubna_data_02_mir/recover-20221013/UBNA_001/20221012_030000.WAV,Telephone Field,recover-20221013,001,1795
294.0015,294.0099,47812,51668,Pipistrellus pipistrellus,0.023,0.03,-1,Echolocation,/mnt/ubna_data_02_mir/recover-20221013/UBNA_001/20221012_030000.WAV,Telephone Field,recover-20221013,001,1795
294.0215,294.0311,27187,36010,Eptesicus serotinus,0.01,0.024,-1,Echolocation,/mnt/ubna_data_02_mir/recover-20221013/UBNA_001/20221012_030000.WAV,Telephone Field,recover-20221013,001,1795
294.0365,294.0443,28046,38186,Eptesicus serotinus,0.007,0.024,-1,Echolocation,/mnt/ubna_data_02_mir/recover-20221013/UBNA_001/20221012_030000.WAV,Telephone Field,recover-20221013,001,1795
294.0455,294.0823,68437,81439,Rhinolophus ferrumequinum,0.023,0.023,-1,Echolocation,/mnt/ubna_data_02_mir/recover-20221013/UBNA_001/20221012_030000.WAV,Telephone Field,recover-20221013,001,1795
294.0675,294.1091,68437,82838,Rhinolophus ferrumequinum,0.03,0.03,-1,Echolocation,/mnt/ubna_data_02_mir/recover-20221013/UBNA_001/20221012_030000.WAV,Telephone Field,recover-20221013,001,1795
294.0865,294.0994,37500,42650,Pipistrellus nathusii,0.019,0.03,-1,Echolocation,/mnt/ubna_data_02_mir/recover-20221013/UBNA_001/20221012_030000.WAV,Telephone Field,recover-20221013,001,1795
294.0955,294.108,22031,25809,Nyctalus leisleri,0.014,0.023,-1,Echolocation,/mnt/ubna_data_02_mir/recover-20221013/UBNA_001/20221012_030000.WAV,Telephone Field,recover-20221013,001,1795
294.1145,294.151,68437,81466,Rhinolophus ferrumequinum,0.021,0.021,-1,Echolocation,/mnt/ubna_data_02_mir/recover-20221013/UBNA_001/20221012_030000.WAV,Telephone Field,recover-20221013,001,1795
294.1325,294.1401,28906,38907,Eptesicus serotinus,0.008,0.031,-1,Echolocation,/mnt/ubna_data_02_mir/recover-20221013/UBNA_001/20221012_030000.WAV,Telephone Field,recover-20221013,001,1795
294.1335,294.1477,14296,18026,Nyctalus noctula,0.019,0.031,-1,Echolocation,/mnt/ubna_data_02_mir/recover-20221013/UBNA_001/20221012_030000.WAV,Telephone Field,recover-20221013,001,1795
294.1405,294.1797,68437,82060,Rhinolophus ferrumequinum,0.022,0.022,-1,Echolocation,/mnt/ubna_data_02_mir/recover-20221013/UBNA_001/20221012_030000.WAV,Telephone Field,recover-20221013,001,1795
294.1815,294.2216,68437,82570,Rhinolophus ferrumequinum,0.023,0.023,-1,Echolocation,/mnt/ubna_data_02_mir/recover-20221013/UBNA_001/20221012_030000.WAV,Telephone Field,recover-20221013,001,1795
294.2355,294.2753,68437,82057,Rhinolophus ferrumequinum,0.025,0.025,-1,Echolocation,/mnt/ubna_data_02_mir/recover-20221013/UBNA_001/20221012_030000.WAV,Telephone Field,recover-20221013,001,1795
294.2965,294.3346,68437,82270,Rhinolophus ferrumequinum,0.022,0.022,-1,Echolocation,/mnt/ubna_data_02_mir/recover-20221013/UBNA_001/20221012_030000.WAV,Telephone Field,recover-20221013,001,1795
294.3125,294.3194,47812,52413,Pipistrellus pipistrellus,0.024,0.025,-1,Echolocation,/mnt/ubna_data_02_mir/recover-20221013/UBNA_001/20221012_030000.WAV,Telephone Field,recover-20221013,001,1795
294.3145,294.3238,28046,37107,Eptesicus serotinus,0.021,0.041,-1,Echolocation,/mnt/ubna_data_02_mir/recover-20221013/UBNA_001/20221012_030000.WAV,Telephone Field,recover-20221013,001,1795
294.3405,294.3517,24609,30292,Nyctalus leisleri,0.011,0.026,-1,Echolocation,/mnt/ubna_data_02_mir/recover-20221013/UBNA_001/20221012_030000.WAV,Telephone Field,recover-20221013,001,1795
294.35450000000003,294.3666,21171,25694,Nyctalus leisleri,0.009,0.022,-1,Echolocation,/mnt/ubna_data_02_mir/recover-20221013/UBNA_001/20221012_030000.WAV,Telephone Field,recover-20221013,001,1795
294.3615,294.4001,68437,81301,Rhinolophus ferrumequinum,0.022,0.022,-1,Echolocation,/mnt/ubna_data_02_mir/recover-20221013/UBNA_001/20221012_030000.WAV,Telephone Field,recover-20221013,001,1795
294.3675,294.4066,68437,81769,Rhinolophus ferrumequinum,0.027,0.027,-1,Echolocation,/mnt/ubna_data_02_mir/recover-20221013/UBNA_001/20221012_030000.WAV,Telephone Field,recover-20221013,001,1795
294.4025,294.4106,28046,38977,Eptesicus serotinus,0.007,0.022,-1,Echolocation,/mnt/ubna_data_02_mir/recover-20221013/UBNA_001/20221012_030000.WAV,Telephone Field,recover-20221013,001,1795
294.4645,294.4737,30625,38938,Myotis daubentonii,0.007,0.022,-1,Echolocation,/mnt/ubna_data_02_mir/recover-20221013/UBNA_001/20221012_030000.WAV,Telephone Field,recover-20221013,001,1795
294.4945,294.5164,17734,20549,Nyctalus noctula,0.047,0.074,-1,Echolocation,/mnt/ubna_data_02_mir/recover-20221013/UBNA_001/20221012_030000.WAV,Telephone Field,recover-20221013,001,1795
294.4995,294.5061,25468,38382,Myotis nattereri,0.006,0.023,-1,Echolocation,/mnt/ubna_data_02_mir/recover-20221013/UBNA_001/20221012_030000.WAV,Telephone Field,recover-20221013,001,1795
294.58050000000003,294.6194,68437,82157,Rhinolophus ferrumequinum,0.022,0.022,-1,Echolocation,/mnt/ubna_data_02_mir/recover-20221013/UBNA_001/20221012_030000.WAV,Telephone Field,recover-20221013,001,1795
294.5815,294.5911,22890,29903,Nyctalus leisleri,0.007,0.024,-1,Echolocation,/mnt/ubna_data_02_mir/recover-20221013/UBNA_001/20221012_030000.WAV,Telephone Field,recover-20221013,001,1795
294.6095,294.6518,68437,83174,Rhinolophus ferrumequinum,0.025,0.025,-1,Echolocation,/mnt/ubna_data_02_mir/recover-20221013/UBNA_001/20221012_030000.WAV,Telephone Field,recover-20221013,001,1795
294.6095,294.6179,27187,38136,Eptesicus serotinus,0.008,0.024,-1,Echolocation,/mnt/ubna_data_02_mir/recover-20221013/UBNA_001/20221012_030000.WAV,Telephone Field,recover-20221013,001,1795
294.6305,294.6687,68437,81755,Rhinolophus ferrumequinum,0.023,0.023,-1,Echolocation,/mnt/ubna_data_02_mir/recover-20221013/UBNA_001/20221012_030000.WAV,Telephone Field,recover-20221013,001,1795
294.6715,294.7075,68437,81404,Rhinolophus ferrumequinum,0.024,0.024,-1,Echolocation,/mnt/ubna_data_02_mir/recover-20221013/UBNA_001/20221012_030000.WAV,Telephone Field,recover-20221013,001,1795
294.6865,294.7226,68437,81491,Rhinolophus ferrumequinum,0.023,0.023,-1,Echolocation,/mnt/ubna_data_02_mir/recover-20221013/UBNA_001/20221012_030000.WAV,Telephone Field,recover-20221013,001,1795
294.7355,294.7767,68437,82210,Rhinolophus ferrumequinum,0.023,0.023,-1,Echolocation,/mnt/ubna_data_02_mir/recover-20221013/UBNA_001/20221012_030000.WAV,Telephone Field,recover-20221013,001,1795
294.7575,294.7966,68437,81537,Rhinolophus ferrumequinum,0.024,0.024,-1,Echolocation,/mnt/ubna_data_02_mir/recover-20221013/UBNA_001/20221012_030000.WAV,Telephone Field,recover-20221013,001,1795
294.7655,294.7869,19453,22092,Nyctalus leisleri,0.015,0.025,-1,Echolocation,/mnt/ubna_data_02_mir/recover-20221013/UBNA_001/20221012_030000.WAV,Telephone Field,recover-20221013,001,1795
294.8065,294.8174,22890,27821,Nyctalus leisleri,0.012,0.025,-1,Echolocation,/mnt/ubna_data_02_mir/recover-20221013/UBNA_001/20221012_030000.WAV,Telephone Field,recover-20221013,001,1795
294.8085,294.8481,68437,82119,Rhinolophus ferrumequinum,0.036,0.036,-1,Echolocation,/mnt/ubna_data_02_mir/recover-20221013/UBNA_001/20221012_030000.WAV,Telephone Field,recover-20221013,001,1795
294.8095,294.815,45234,52420,Pipistrellus pipistrellus,0.029,0.032,-1,Echolocation,/mnt/ubna_data_02_mir/recover-20221013/UBNA_001/20221012_030000.WAV,Telephone Field,recover-20221013,001,1795
294.8615,294.9059,68437,83066,Rhinolophus ferrumequinum,0.077,0.077,-1,Echolocation,/mnt/ubna_data_02_mir/recover-20221013/UBNA_001/20221012_030000.WAV,Telephone Field,recover-20221013,001,1795
294.8765,294.8848,28046,37919,Eptesicus serotinus,0.007,0.023,-1,Echolocation,/mnt/ubna_data_02_mir/recover-20221013/UBNA_001/20221012_030000.WAV,Telephone Field,recover-20221013,001,1795
294.9065,294.9434,68437,81889,Rhinolophus ferrumequinum,0.025,0.025,-1,Echolocation,/mnt/ubna_data_02_mir/recover-20221013/UBNA_001/20221012_030000.WAV,Telephone Field,recover-20221013,001,1795
294.9125,294.9526,68437,81878,Rhinolophus ferrumequinum,0.023,0.023,-1,Echolocation,/mnt/ubna_data_02_mir/recover-20221013/UBNA_001/20221012_030000.WAV,Telephone Field,recover-20221013,001,1795
294.9145,294.9203,24609,35499,Plecotus austriacus,0.036,0.067,-1,Echolocation,/mnt/ubna_data_02_mir/recover-20221013/UBNA_001/20221012_030000.WAV,Telephone Field,recover-20221013,001,1795
294.91949999999997,294.9599,68437,81986,Rhinolophus ferrumequinum,0.023,0.023,-1,Echolocation,/mnt/ubna_data_02_mir/recover-20221013/UBNA_001/20221012_030000.WAV,Telephone Field,recover-20221013,001,1795
294.9355,294.9423,27187,36178,Eptesicus serotinus,0.007,0.023,-1,Echolocation,/mnt/ubna_data_02_mir/recover-20221013/UBNA_001/20221012_030000.WAV,Telephone Field,recover-20221013,001,1795
294.9735,295.0137,68437,82273,Rhinolophus ferrumequinum,0.035,0.035,-1,Echolocation,/mnt/ubna_data_02_mir/recover-20221013/UBNA_001/20221012_030000.WAV,Telephone Field,recover-20221013,001,1795
294.9855,294.9929,28046,37415,Eptesicus serotinus,0.006,0.022,-1,Echolocation,/mnt/ubna_data_02_mir/recover-20221013/UBNA_001/20221012_030000.WAV,Telephone Field,recover-20221013,001,1795
295.0045,295.0182,23750,29440,Nyctalus leisleri,0.018,0.043,-1,Echolocation,/mnt/ubna_data_02_mir/recover-20221013/UBNA_001/20221012_030000.WAV,Telephone Field,recover-20221013,001,1795
295.0335,295.0423,27187,35962,Eptesicus serotinus,0.007,0.022,-1,Echolocation,/mnt/ubna_data_02_mir/recover-20221013/UBNA_001/20221012_030000.WAV,Telephone Field,recover-20221013,001,1795
295.0455,295.053,43515,47506,Pipistrellus pipistrellus,0.019,0.022,-1,Echolocation,/mnt/ubna_data_02_mir/recover-20221013/UBNA_001/20221012_030000.WAV,Telephone Field,recover-20221013,001,1795
295.0485,295.0667,18593,21218,Nyctalus leisleri,0.014,0.027,-1,Echolocation,/mnt/ubna_data_02_mir/recover-20221013/UBNA_001/20221012_030000.WAV,Telephone Field,recover-20221013,001,1795
295.0815,295.1238,68437,82906,Rhinolophus ferrumequinum,0.035,0.035,-1,Echolocation,/mnt/ubna_data_02_mir/recover-20221013/UBNA_001/20221012_030000.WAV,Telephone Field,recover-20221013,001,1795
295.0845,295.095,24609,30392,Nyctalus leisleri,0.011,0.025,-1,Echolocation,/mnt/ubna_data_02_mir/recover-20221013/UBNA_001/20221012_030000.WAV,Telephone Field,recover-20221013,001,1795
295.1205,295.1576,68437,82002,Rhinolophus ferrumequinum,0.023,0.024,-1,Echolocation,/mnt/ubna_data_02_mir/recover-20221013/UBNA_001/20221012_030000.WAV,Telephone Field,recover-20221013,001,1795
295.1285,295.1377,27187,39420,Eptesicus serotinus,0.01,0.025,-1,Echolocation,/mnt/ubna_data_02_mir/recover-20221013/UBNA_001/20221012_030000.WAV,Telephone Field,recover-20221013,001,1795
295.1315,295.1735,68437,83425,Rhinolophus ferrumequinum,0.031,0.031,-1,Echolocation,/mnt/ubna_data_02_mir/recover-20221013/UBNA_001/20221012_030000.WAV,Telephone Field,recover-20221013,001,1795
295.1785,295.222,68437,83187,Rhinolophus ferrumequinum,0.032,0.032,-1,Echolocation,/mnt/ubna_data_02_mir/recover-20221013/UBNA_001/20221012_030000.WAV,Telephone Field,recover-20221013,001,1795
295.2235,295.233,22890,29302,Nyctalus leisleri,0.008,0.022,-1,Echolocation,/mnt/ubna_data_02_mir/recover-20221013/UBNA_001/20221012_030000.WAV,Telephone Field,recover-20221013,001,1795
295.2405,295.277,68437,80846,Rhinolophus ferrumequinum,0.021,0.022,-1,Echolocation,/mnt/ubna_data_02_mir/recover-20221013/UBNA_001/20221012_030000.WAV,Telephone Field,recover-20221013,001,1795
295.2435,295.2542,22890,27238,Nyctalus leisleri,0.015,0.028,-1,Echolocation,/mnt/ubna_data_02_mir/recover-20221013/UBNA_001/20221012_030000.WAV,Telephone Field,recover-20221013,001,1795
295.2885,295.3279,68437,82089,Rhinolophus ferrumequinum,0.026,0.026,-1,Echolocation,/mnt/ubna_data_02_mir/recover-20221013/UBNA_001/20221012_030000.WAV,Telephone Field,recover-20221013,001,1795
295.2995,295.3354,68437,81834,Rhinolophus ferrumequinum,0.022,0.022,-1,Echolocation,/mnt/ubna_data_02_mir/recover-20221013/UBNA_001/20221012_030000.WAV,Telephone Field,recover-20221013,001,1795
295.3055,295.3414,68437,81464,Rhinolophus ferrumequinum,0.022,0.022,-1,Echolocation,/mnt/ubna_data_02_mir/recover-20221013/UBNA_001/20221012_030000.WAV,Telephone Field,recover-20221013,001,1795
295.3105,295.3316,19453,22701,Nyctalus noctula,0.014,0.029,-1,Echolocation,/mnt/ubna_data_02_mir/recover-20221013/UBNA_001/20221012_030000.WAV,Telephone Field,recover-20221013,001,1795
295.3195,295.326,27187,40076,Myotis nattereri,0.006,0.034,-1,Echolocation,/mnt/ubna_data_02_mir/recover-20221013/UBNA_001/20221012_030000.WAV,Telephone Field,recover-20221013,001,1795
295.3265,295.3648,68437,82010,Rhinolophus ferrumequinum,0.023,0.023,-1,Echolocation,/mnt/ubna_data_02_mir/recover-20221013/UBNA_001/20221012_030000.WAV,Telephone Field,recover-20221013,001,1795
295.3355,295.3492,22890,26915,Nyctalus leisleri,0.013,0.023,-1,Echolocation,/mnt/ubna_data_02_mir/recover-20221013/UBNA_001/20221012_030000.WAV,Telephone Field,recover-20221013,001,1795
295.3435,295.3525,28046,37662,Eptesicus serotinus,0.007,0.021,-1,Echolocation,/mnt/ubna_data_02_mir/recover-20221013/UBNA_001/20221012_030000.WAV,Telephone Field,recover-20221013,001,1795
295.35450000000003,295.3915,68437,81914,Rhinolophus ferrumequinum,0.022,0.022,-1,Echolocation,/mnt/ubna_data_02_mir/recover-20221013/UBNA_001/20221012_030000.WAV,Telephone Field,recover-20221013,001,1795
295.3765,295.4173,68437,82414,Rhinolophus ferrumequinum,0.024,0.024,-1,Echolocation,/mnt/ubna_data_02_mir/recover-20221013/UBNA_001/20221012_030000.WAV,Telephone Field,recover-20221013,001,1795
295.3855,295.3935,22890,30754,Plecotus austriacus,0.012,0.025,-1,Echolocation,/mnt/ubna_data_02_mir/recover-20221013/UBNA_001/20221012_030000.WAV,Telephone Field,recover-20221013,001,1795
295.4075,295.4463,68437,82378,Rhinolophus ferrumequinum,0.022,0.022,-1,Echolocation,/mnt/ubna_data_02_mir/recover-20221013/UBNA_001/20221012_030000.WAV,Telephone Field,recover-20221013,001,1795
295.4235,295.43,50390,56874,Pipistrellus pipistrellus,0.019,0.023,-1,Echolocation,/mnt/ubna_data_02_mir/recover-20221013/UBNA_001/20221012_030000.WAV,Telephone Field,recover-20221013,001,1795
295.4395,295.4781,68437,82551,Rhinolophus ferrumequinum,0.022,0.022,-1,Echolocation,/mnt/ubna_data_02_mir/recover-20221013/UBNA_001/20221012_030000.WAV,Telephone Field,recover-20221013,001,1795
295.4805,295.5194,68437,82079,Rhinolophus ferrumequinum,0.022,0.022,-1,Echolocation,/mnt/ubna_data_02_mir/recover-20221013/UBNA_001/20221012_030000.WAV,Telephone Field,recover-20221013,001,1795
295.5075,295.5507,68437,82754,Rhinolophus ferrumequinum,0.034,0.034,-1,Echolocation,/mnt/ubna_data_02_mir/recover-20221013/UBNA_001/20221012_030000.WAV,Telephone Field,recover-20221013,001,1795
295.5375,295.5463,27187,36401,Eptesicus serotinus,0.008,0.022,-1,Echolocation,/mnt/ubna_data_02_mir/recover-20221013/UBNA_001/20221012_030000.WAV,Telephone Field,recover-20221013,001,1795
295.5425,295.5513,23750,30665,Nyctalus leisleri,0.007,0.022,-1,Echolocation,/mnt/ubna_data_02_mir/recover-20221013/UBNA_001/20221012_030000.WAV,Telephone Field,recover-20221013,001,1795
295.5535,295.5909,68437,81977,Rhinolophus ferrumequinum,0.022,0.022,-1,Echolocation,/mnt/ubna_data_02_mir/recover-20221013/UBNA_001/20221012_030000.WAV,Telephone Field,recover-20221013,001,1795
295.60450000000003,295.644,68437,82462,Rhinolophus ferrumequinum,0.023,0.023,-1,Echolocation,/mnt/ubna_data_02_mir/recover-20221013/UBNA_001/20221012_030000.WAV,Telephone Field,recover-20221013,001,1795
295.6075,295.6171,28906,37357,Eptesicus serotinus,0.01,0.022,-1,Echolocation,/mnt/ubna_data_02_mir/recover-20221013/UBNA_001/20221012_030000.WAV,Telephone Field,recover-20221013,001,1795
295.6135,295.6234,28046,36386,Eptesicus serotinus,0.009,0.022,-1,Echolocation,/mnt/ubna_data_02_mir/recover-20221013/UBNA_001/20221012_030000.WAV,Telephone Field,recover-20221013,001,1795
295.6675,295.6765,24609,31918,Eptesicus serotinus,0.007,0.022,-1,Echolocation,/mnt/ubna_data_02_mir/recover-20221013/UBNA_001/20221012_030000.WAV,Telephone Field,recover-20221013,001,1795
295.7505,295.7862,68437,81990,Rhinolophus ferrumequinum,0.028,0.028,-1,Echolocation,/mnt/ubna_data_02_mir/recover-20221013/UBNA_001/20221012_030000.WAV,Telephone Field,recover-20221013,001,1795
295.7585,295.7656,27187,38425,Eptesicus serotinus,0.006,0.022,-1,Echolocation,/mnt/ubna_data_02_mir/recover-20221013/UBNA_001/20221012_030000.WAV,Telephone Field,recover-20221013,001,1795
295.7975,295.8317,68437,81362,Rhinolophus ferrumequinum,0.022,0.022,-1,Echolocation,/mnt/ubna_data_02_mir/recover-20221013/UBNA_001/20221012_030000.WAV,Telephone Field,recover-20221013,001,1795
295.8135,295.8225,27187,36676,Eptesicus serotinus,0.008,0.022,-1,Echolocation,/mnt/ubna_data_02_mir/recover-20221013/UBNA_001/20221012_030000.WAV,Telephone Field,recover-20221013,001,1795
295.8215,295.8314,22031,27281,Nyctalus leisleri,0.01,0.022,-1,Echolocation,/mnt/ubna_data_02_mir/recover-20221013/UBNA_001/20221012_030000.WAV,Telephone Field,recover-20221013,001,1795
295.8215,295.8304,28046,36360,Eptesicus serotinus,0.007,0.022,-1,Echolocation,/mnt/ubna_data_02_mir/recover-20221013/UBNA_001/20221012_030000.WAV,Telephone Field,recover-20221013,001,1795
295.8615,295.8719,22031,27522,Nyctalus leisleri,0.009,0.022,-1,Echolocation,/mnt/ubna_data_02_mir/recover-20221013/UBNA_001/20221012_030000.WAV,Telephone Field,recover-20221013,001,1795
295.9405,295.978,68437,81524,Rhinolophus ferrumequinum,0.04,0.04,-1,Echolocation,/mnt/ubna_data_02_mir/recover-20221013/UBNA_001/20221012_030000.WAV,Telephone Field,recover-20221013,001,1795
296.0015,296.0148,23750,29468,Nyctalus leisleri,0.023,0.05,-1,Echolocation,/mnt/ubna_data_02_mir/recover-20221013/UBNA_001/20221012_030000.WAV,Telephone Field,recover-20221013,001,1795
296.0015,296.0317,68437,79755,Rhinolophus ferrumequinum,0.044,0.045,-1,Echolocation,/mnt/ubna_data_02_mir/recover-20221013/UBNA_001/20221012_030000.WAV,Telephone Field,recover-20221013,001,1795
296.0015,296.0125,49531,56450,Pipistrellus pipistrellus,0.015,0.023,-1,Echolocation,/mnt/ubna_data_02_mir/recover-20221013/UBNA_001/20221012_030000.WAV,Telephone Field,recover-20221013,001,1795
296.0095,296.05219999999997,68437,82491,Rhinolophus ferrumequinum,0.024,0.024,-1,Echolocation,/mnt/ubna_data_02_mir/recover-20221013/UBNA_001/20221012_030000.WAV,Telephone Field,recover-20221013,001,1795
296.0735,296.1129,68437,81876,Rhinolophus ferrumequinum,0.022,0.022,-1,Echolocation,/mnt/ubna_data_02_mir/recover-20221013/UBNA_001/20221012_030000.WAV,Telephone Field,recover-20221013,001,1795
296.1005,296.1069,26328,37035,Plecotus austriacus,0.01,0.036,-1,Echolocation,/mnt/ubna_data_02_mir/recover-20221013/UBNA_001/20221012_030000.WAV,Telephone Field,recover-20221013,001,1795
296.1515,296.1585,28046,40130,Eptesicus serotinus,0.007,0.026,-1,Echolocation,/mnt/ubna_data_02_mir/recover-20221013/UBNA_001/20221012_030000.WAV,Telephone Field,recover-20221013,001,1795
296.1885,296.1982,23750,29628,Nyctalus leisleri,0.008,0.022,-1,Echolocation,/mnt/ubna_data_02_mir/recover-20221013/UBNA_001/20221012_030000.WAV,Telephone Field,recover-20221013,001,1795
296.2095,296.2495,68437,81973,Rhinolophus ferrumequinum,0.025,0.025,-1,Echolocation,/mnt/ubna_data_02_mir/recover-20221013/UBNA_001/20221012_030000.WAV,Telephone Field,recover-20221013,001,1795
296.2205,296.2318,22031,26960,Nyctalus leisleri,0.012,0.025,-1,Echolocation,/mnt/ubna_data_02_mir/recover-20221013/UBNA_001/20221012_030000.WAV,Telephone Field,recover-20221013,001,1795
296.2415,296.2485,28046,40490,Eptesicus serotinus,0.006,0.025,-1,Echolocation,/mnt/ubna_data_02_mir/recover-20221013/UBNA_001/20221012_030000.WAV,Telephone Field,recover-20221013,001,1795
296.2765,296.312,68437,81194,Rhinolophus ferrumequinum,0.022,0.022,-1,Echolocation,/mnt/ubna_data_02_mir/recover-20221013/UBNA_001/20221012_030000.WAV,Telephone Field,recover-20221013,001,1795
296.3195,296.3282,45234,51622,Pipistrellus pipistrellus,0.025,0.027,-1,Echolocation,/mnt/ubna_data_02_mir/recover-20221013/UBNA_001/20221012_030000.WAV,Telephone Field,recover-20221013,001,1795
296.3475,296.3569,28046,37707,Eptesicus serotinus,0.009,0.022,-1,Echolocation,/mnt/ubna_data_02_mir/recover-20221013/UBNA_001/20221012_030000.WAV,Telephone Field,recover-20221013,001,1795
296.3705,296.382,23750,29461,Nyctalus leisleri,0.01,0.022,-1,Echolocation,/mnt/ubna_data_02_mir/recover-20221013/UBNA_001/20221012_030000.WAV,Telephone Field,recover-20221013,001,1795
296.3775,296.3856,47812,51924,Pipistrellus pipistrellus,0.025,0.027,-1,Echolocation,/mnt/ubna_data_02_mir/recover-20221013/UBNA_001/20221012_030000.WAV,Telephone Field,recover-20221013,001,1795
296.4385,296.4783,68437,82731,Rhinolophus ferrumequinum,0.023,0.023,-1,Echolocation,/mnt/ubna_data_02_mir/recover-20221013/UBNA_001/20221012_030000.WAV,Telephone Field,recover-20221013,001,1795
296.4585,296.466,27187,40117,Eptesicus serotinus,0.007,0.023,-1,Echolocation,/mnt/ubna_data_02_mir/recover-20221013/UBNA_001/20221012_030000.WAV,Telephone Field,recover-20221013,001,1795
296.5025,296.5408,68437,82518,Rhinolophus ferrumequinum,0.022,0.022,-1,Echolocation,/mnt/ubna_data_02_mir/recover-20221013/UBNA_001/20221012_030000.WAV,Telephone Field,recover-20221013,001,1795
296.5075,296.5155,28046,39182,Eptesicus serotinus,0.008,0.024,-1,Echolocation,/mnt/ubna_data_02_mir/recover-20221013/UBNA_001/20221012_030000.WAV,Telephone Field,recover-20221013,001,1795
296.5315,296.5465,14296,18624,Nyctalus noctula,0.016,0.024,-1,Echolocation,/mnt/ubna_data_02_mir/recover-20221013/UBNA_001/20221012_030000.WAV,Telephone Field,recover-20221013,001,1795
296.6025,296.6444,68437,82783,Rhinolophus ferrumequinum,0.023,0.023,-1,Echolocation,/mnt/ubna_data_02_mir/recover-20221013/UBNA_001/20221012_030000.WAV,Telephone Field,recover-20221013,001,1795
296.6095,296.6514,68437,83052,Rhinolophus ferrumequinum,0.024,0.024,-1,Echolocation,/mnt/ubna_data_02_mir/recover-20221013/UBNA_001/20221012_030000.WAV,Telephone Field,recover-20221013,001,1795
296.6505,296.6595,28046,37386,Eptesicus serotinus,0.009,0.024,-1,Echolocation,/mnt/ubna_data_02_mir/recover-20221013/UBNA_001/20221012_030000.WAV,Telephone Field,recover-20221013,001,1795
296.6585,296.67,48671,52905,Pipistrellus pipistrellus,0.028,0.032,-1,Echolocation,/mnt/ubna_data_02_mir/recover-20221013/UBNA_001/20221012_030000.WAV,Telephone Field,recover-20221013,001,1795
296.6615,296.6694,27187,39338,Eptesicus serotinus,0.007,0.022,-1,Echolocation,/mnt/ubna_data_02_mir/recover-20221013/UBNA_001/20221012_030000.WAV,Telephone Field,recover-20221013,001,1795
296.6835,296.7215,68437,81917,Rhinolophus ferrumequinum,0.022,0.022,-1,Echolocation,/mnt/ubna_data_02_mir/recover-20221013/UBNA_001/20221012_030000.WAV,Telephone Field,recover-20221013,001,1795
296.6945,296.7076,22890,28349,Nyctalus leisleri,0.014,0.029,-1,Echolocation,/mnt/ubna_data_02_mir/recover-20221013/UBNA_001/20221012_030000.WAV,Telephone Field,recover-20221013,001,1795
296.7145,296.7213,28046,38635,Eptesicus serotinus,0.007,0.025,-1,Echolocation,/mnt/ubna_data_02_mir/recover-20221013/UBNA_001/20221012_030000.WAV,Telephone Field,recover-20221013,001,1795
296.7485,296.76030000000003,24609,30753,Nyctalus leisleri,0.01,0.026,-1,Echolocation,/mnt/ubna_data_02_mir/recover-20221013/UBNA_001/20221012_030000.WAV,Telephone Field,recover-20221013,001,1795
296.7855,296.8268,68437,82537,Rhinolophus ferrumequinum,0.024,0.024,-1,Echolocation,/mnt/ubna_data_02_mir/recover-20221013/UBNA_001/20221012_030000.WAV,Telephone Field,recover-20221013,001,1795
296.7955,296.8017,28046,39199,Myotis daubentonii,0.008,0.031,-1,Echolocation,/mnt/ubna_data_02_mir/recover-20221013/UBNA_001/20221012_030000.WAV,Telephone Field,recover-20221013,001,1795
296.8105,296.8186,28046,38757,Eptesicus serotinus,0.013,0.03,-1,Echolocation,/mnt/ubna_data_02_mir/recover-20221013/UBNA_001/20221012_030000.WAV,Telephone Field,recover-20221013,001,1795
296.8655,296.9037,68437,81788,Rhinolophus ferrumequinum,0.022,0.022,-1,Echolocation,/mnt/ubna_data_02_mir/recover-20221013/UBNA_001/20221012_030000.WAV,Telephone Field,recover-20221013,001,1795
296.8935,296.9313,68437,82201,Rhinolophus ferrumequinum,0.023,0.023,-1,Echolocation,/mnt/ubna_data_02_mir/recover-20221013/UBNA_001/20221012_030000.WAV,Telephone Field,recover-20221013,001,1795
296.89549999999997,296.9049,28046,38119,Eptesicus serotinus,0.01,0.024,-1,Echolocation,/mnt/ubna_data_02_mir/recover-20221013/UBNA_001/20221012_030000.WAV,Telephone Field,recover-20221013,001,1795
296.9065,296.9137,28046,38344,Eptesicus serotinus,0.006,0.022,-1,Echolocation,/mnt/ubna_data_02_mir/recover-20221013/UBNA_001/20221012_030000.WAV,Telephone Field,recover-20221013,001,1795
296.9605,296.96659999999997,50390,55736,Pipistrellus pipistrellus,0.022,0.024,-1,Echolocation,/mnt/ubna_data_02_mir/recover-20221013/UBNA_001/20221012_030000.WAV,Telephone Field,recover-20221013,001,1795
296.9635,296.9703,28046,40594,Myotis daubentonii,0.008,0.032,-1,Echolocation,/mnt/ubna_data_02_mir/recover-20221013/UBNA_001/20221012_030000.WAV,Telephone Field,recover-20221013,001,1795
296.9805,296.9961,25468,29946,Nyctalus leisleri,0.025,0.055,-1,Echolocation,/mnt/ubna_data_02_mir/recover-20221013/UBNA_001/20221012_030000.WAV,Telephone Field,recover-20221013,001,1795
296.9865,296.996,47812,55961,Pipistrellus pipistrellus,0.016,0.022,-1,Echolocation,/mnt/ubna_data_02_mir/recover-20221013/UBNA_001/20221012_030000.WAV,Telephone Field,recover-20221013,001,1795
296.9865,297.0247,68437,82335,Rhinolophus ferrumequinum,0.028,0.028,-1,Echolocation,/mnt/ubna_data_02_mir/recover-20221013/UBNA_001/20221012_030000.WAV,Telephone Field,recover-20221013,001,1795
297.04449999999997,297.0555,22890,28189,Nyctalus leisleri,0.012,0.026,-1,Echolocation,/mnt/ubna_data_02_mir/recover-20221013/UBNA_001/20221012_030000.WAV,Telephone Field,recover-20221013,001,1795
297.0515,297.0629,24609,29878,Nyctalus leisleri,0.011,0.025,-1,Echolocation,/mnt/ubna_data_02_mir/recover-20221013/UBNA_001/20221012_030000.WAV,Telephone Field,recover-20221013,001,1795
297.0705,297.0788,28906,39910,Eptesicus serotinus,0.008,0.024,-1,Echolocation,/mnt/ubna_data_02_mir/recover-20221013/UBNA_001/20221012_030000.WAV,Telephone Field,recover-20221013,001,1795
297.08050000000003,297.088,30625,45549,Myotis daubentonii,0.014,0.028,-1,Echolocation,/mnt/ubna_data_02_mir/recover-20221013/UBNA_001/20221012_030000.WAV,Telephone Field,recover-20221013,001,1795
297.0855,297.1268,68437,82087,Rhinolophus ferrumequinum,0.023,0.023,-1,Echolocation,/mnt/ubna_data_02_mir/recover-20221013/UBNA_001/20221012_030000.WAV,Telephone Field,recover-20221013,001,1795
297.1155,297.15409999999997,68437,81990,Rhinolophus ferrumequinum,0.023,0.023,-1,Echolocation,/mnt/ubna_data_02_mir/recover-20221013/UBNA_001/20221012_030000.WAV,Telephone Field,recover-20221013,001,1795
297.1215,297.1608,68437,82852,Rhinolophus ferrumequinum,0.023,0.023,-1,Echolocation,/mnt/ubna_data_02_mir/recover-20221013/UBNA_001/20221012_030000.WAV,Telephone Field,recover-20221013,001,1795
297.1485,297.19,68437,82923,Rhinolophus ferrumequinum,0.022,0.022,-1,Echolocation,/mnt/ubna_data_02_mir/recover-20221013/UBNA_001/20221012_030000.WAV,Telephone Field,recover-20221013,001,1795
297.3195,297.3574,68437,82598,Rhinolophus ferrumequinum,0.025,0.025,-1,Echolocation,/mnt/ubna_data_02_mir/recover-20221013/UBNA_001/20221012_030000.WAV,Telephone Field,recover-20221013,001,1795
297.3625,297.3729,44375,47230,Pipistrellus pipistrellus,0.034,0.037,-1,Echolocation,/mnt/ubna_data_02_mir/recover-20221013/UBNA_001/20221012_030000.WAV,Telephone Field,recover-20221013,001,1795
297.4155,297.456,68437,82694,Rhinolophus ferrumequinum,0.024,0.024,-1,Echolocation,/mnt/ubna_data_02_mir/recover-20221013/UBNA_001/20221012_030000.WAV,Telephone Field,recover-20221013,001,1795
297.4625,297.4976,68437,80518,Rhinolophus ferrumequinum,0.023,0.023,-1,Echolocation,/mnt/ubna_data_02_mir/recover-20221013/UBNA_001/20221012_030000.WAV,Telephone Field,recover-20221013,001,1795
297.52049999999997,297.5615,68437,82199,Rhinolophus ferrumequinum,0.022,0.022,-1,Echolocation,/mnt/ubna_data_02_mir/recover-20221013/UBNA_001/20221012_030000.WAV,Telephone Field,recover-20221013,001,1795
297.5305,297.5383,28046,36932,Eptesicus serotinus,0.008,0.024,-1,Echolocation,/mnt/ubna_data_02_mir/recover-20221013/UBNA_001/20221012_030000.WAV,Telephone Field,recover-20221013,001,1795
297.5355,297.5487,22031,25963,Nyctalus leisleri,0.019,0.033,-1,Echolocation,/mnt/ubna_data_02_mir/recover-20221013/UBNA_001/20221012_030000.WAV,Telephone Field,recover-20221013,001,1795
297.5665,297.5763,24609,31803,Nyctalus leisleri,0.009,0.025,-1,Echolocation,/mnt/ubna_data_02_mir/recover-20221013/UBNA_001/20221012_030000.WAV,Telephone Field,recover-20221013,001,1795
297.5955,297.6338,68437,82105,Rhinolophus ferrumequinum,0.021,0.021,-1,Echolocation,/mnt/ubna_data_02_mir/recover-20221013/UBNA_001/20221012_030000.WAV,Telephone Field,recover-20221013,001,1795
297.6115,297.619,27187,40537,Eptesicus serotinus,0.009,0.028,-1,Echolocation,/mnt/ubna_data_02_mir/recover-20221013/UBNA_001/20221012_030000.WAV,Telephone Field,recover-20221013,001,1795
297.6175,297.6568,68437,82947,Rhinolophus ferrumequinum,0.028,0.028,-1,Echolocation,/mnt/ubna_data_02_mir/recover-20221013/UBNA_001/20221012_030000.WAV,Telephone Field,recover-20221013,001,1795
297.6225,297.6389,22890,26628,Nyctalus leisleri,0.021,0.036,-1,Echolocation,/mnt/ubna_data_02_mir/recover-20221013/UBNA_001/20221012_030000.WAV,Telephone Field,recover-20221013,001,1795
297.6475,297.654,27187,38189,Eptesicus serotinus,0.006,0.025,-1,Echolocation,/mnt/ubna_data_02_mir/recover-20221013/UBNA_001/20221012_030000.WAV,Telephone Field,recover-20221013,001,1795
297.6745,297.683,28046,37557,Eptesicus serotinus,0.008,0.023,-1,Echolocation,/mnt/ubna_data_02_mir/recover-20221013/UBNA_001/20221012_030000.WAV,Telephone Field,recover-20221013,001,1795
297.7065,297.7141,28046,37925,Eptesicus serotinus,0.006,0.022,-1,Echolocation,/mnt/ubna_data_02_mir/recover-20221013/UBNA_001/20221012_030000.WAV,Telephone Field,recover-20221013,001,1795
297.7285,297.7682,68437,82875,Rhinolophus ferrumequinum,0.026,0.026,-1,Echolocation,/mnt/ubna_data_02_mir/recover-20221013/UBNA_001/20221012_030000.WAV,Telephone Field,recover-20221013,001,1795
297.7355,297.747,28906,35022,Eptesicus serotinus,0.02,0.038,-1,Echolocation,/mnt/ubna_data_02_mir/recover-20221013/UBNA_001/20221012_030000.WAV,Telephone Field,recover-20221013,001,1795
297.7535,297.7922,68437,81609,Rhinolophus ferrumequinum,0.022,0.022,-1,Echolocation,/mnt/ubna_data_02_mir/recover-20221013/UBNA_001/20221012_030000.WAV,Telephone Field,recover-20221013,001,1795
297.7675,297.8085,68437,83350,Rhinolophus ferrumequinum,0.03,0.03,-1,Echolocation,/mnt/ubna_data_02_mir/recover-20221013/UBNA_001/20221012_030000.WAV,Telephone Field,recover-20221013,001,1795
297.7765,297.78430000000003,27187,39311,Eptesicus serotinus,0.007,0.025,-1,Echolocation,/mnt/ubna_data_02_mir/recover-20221013/UBNA_001/20221012_030000.WAV,Telephone Field,recover-20221013,001,1795
297.7955,297.8325,68437,82229,Rhinolophus ferrumequinum,0.021,0.021,-1,Echolocation,/mnt/ubna_data_02_mir/recover-20221013/UBNA_001/20221012_030000.WAV,Telephone Field,recover-20221013,001,1795
297.8045,297.8172,23750,29313,Nyctalus leisleri,0.016,0.034,-1,Echolocation,/mnt/ubna_data_02_mir/recover-20221013/UBNA_001/20221012_030000.WAV,Telephone Field,recover-20221013,001,1795
297.8315,297.8703,68437,82009,Rhinolophus ferrumequinum,0.023,0.023,-1,Echolocation,/mnt/ubna_data_02_mir/recover-20221013/UBNA_001/20221012_030000.WAV,Telephone Field,recover-20221013,001,1795
297.8345,297.8406,34062,45755,Myotis daubentonii,0.039,0.065,-1,Echolocation,/mnt/ubna_data_02_mir/recover-20221013/UBNA_001/20221012_030000.WAV,Telephone Field,recover-20221013,001,1795
297.8365,297.8435,23750,37611,Myotis nattereri,0.01,0.027,-1,Echolocation,/mnt/ubna_data_02_mir/recover-20221013/UBNA_001/20221012_030000.WAV,Telephone Field,recover-20221013,001,1795
297.8515,297.8609,26328,33894,Eptesicus serotinus,0.009,0.023,-1,Echolocation,/mnt/ubna_data_02_mir/recover-20221013/UBNA_001/20221012_030000.WAV,Telephone Field,recover-20221013,001,1795
297.89549999999997,297.9055,28906,36783,Eptesicus serotinus,0.013,0.028,-1,Echolocation,/mnt/ubna_data_02_mir/recover-20221013/UBNA_001/20221012_030000.WAV,Telephone Field,recover-20221013,001,1795
297.9125,297.9547,68437,83151,Rhinolophus ferrumequinum,0.023,0.023,-1,Echolocation,/mnt/ubna_data_02_mir/recover-20221013/UBNA_001/20221012_030000.WAV,Telephone Field,recover-20221013,001,1795
297.9295,297.94010000000003,22890,28359,Nyctalus leisleri,0.011,0.024,-1,Echolocation,/mnt/ubna_data_02_mir/recover-20221013/UBNA_001/20221012_030000.WAV,Telephone Field,recover-20221013,001,1795
297.9655,297.9734,28046,38130,Eptesicus serotinus,0.007,0.022,-1,Echolocation,/mnt/ubna_data_02_mir/recover-20221013/UBNA_001/20221012_030000.WAV,Telephone Field,recover-20221013,001,1795
297.9805,297.9889,24609,32955,Eptesicus serotinus,0.007,0.023,-1,Echolocation,/mnt/ubna_data_02_mir/recover-20221013/UBNA_001/20221012_030000.WAV,Telephone Field,recover-20221013,001,1795
297.9895,297.9998,26328,36252,Eptesicus serotinus,0.011,0.024,-1,Echolocation,/mnt/ubna_data_02_mir/recover-20221013/UBNA_001/20221012_030000.WAV,Telephone Field,recover-20221013,001,1795
298.0015,298.0335,68437,80388,Rhinolophus ferrumequinum,0.03,0.03,-1,Echolocation,/mnt/ubna_data_02_mir/recover-20221013/UBNA_001/20221012_030000.WAV,Telephone Field,recover-20221013,001,1795
298.0015,298.0099,22890,29941,Nyctalus leisleri,0.009,0.029,-1,Echolocation,/mnt/ubna_data_02_mir/recover-20221013/UBNA_001/20221012_030000.WAV,Telephone Field,recover-20221013,001,1795
298.0015,298.0084,46953,51521,Pipistrellus pipistrellus,0.027,0.033,-1,Echolocation,/mnt/ubna_data_02_mir/recover-20221013/UBNA_001/20221012_030000.WAV,Telephone Field,recover-20221013,001,1795
298.0125,298.0222,28906,37067,Eptesicus serotinus,0.009,0.023,-1,Echolocation,/mnt/ubna_data_02_mir/recover-20221013/UBNA_001/20221012_030000.WAV,Telephone Field,recover-20221013,001,1795
298.0795,298.1156,68437,81322,Rhinolophus ferrumequinum,0.023,0.023,-1,Echolocation,/mnt/ubna_data_02_mir/recover-20221013/UBNA_001/20221012_030000.WAV,Telephone Field,recover-20221013,001,1795
298.1075,298.1478,68437,82113,Rhinolophus ferrumequinum,0.021,0.021,-1,Echolocation,/mnt/ubna_data_02_mir/recover-20221013/UBNA_001/20221012_030000.WAV,Telephone Field,recover-20221013,001,1795
298.1145,298.1536,68437,82356,Rhinolophus ferrumequinum,0.021,0.021,-1,Echolocation,/mnt/ubna_data_02_mir/recover-20221013/UBNA_001/20221012_030000.WAV,Telephone Field,recover-20221013,001,1795
298.1545,298.1899,68437,81377,Rhinolophus ferrumequinum,0.022,0.022,-1,Echolocation,/mnt/ubna_data_02_mir/recover-20221013/UBNA_001/20221012_030000.WAV,Telephone Field,recover-20221013,001,1795
298.1705,298.2099,68437,82459,Rhinolophus ferrumequinum,0.025,0.025,-1,Echolocation,/mnt/ubna_data_02_mir/recover-20221013/UBNA_001/20221012_030000.WAV,Telephone Field,recover-20221013,001,1795
298.1765,298.186,27187,35753,Eptesicus serotinus,0.009,0.022,-1,Echolocation,/mnt/ubna_data_02_mir/recover-20221013/UBNA_001/20221012_030000.WAV,Telephone Field,recover-20221013,001,1795
298.2145,298.2511,68437,81044,Rhinolophus ferrumequinum,0.021,0.021,-1,Echolocation,/mnt/ubna_data_02_mir/recover-20221013/UBNA_001/20221012_030000.WAV,Telephone Field,recover-20221013,001,1795
298.2355,298.272,68437,81783,Rhinolophus ferrumequinum,0.026,0.027,-1,Echolocation,/mnt/ubna_data_02_mir/recover-20221013/UBNA_001/20221012_030000.WAV,Telephone Field,recover-20221013,001,1795
298.3335,298.3423,28046,39736,Eptesicus serotinus,0.007,0.021,-1,Echolocation,/mnt/ubna_data_02_mir/recover-20221013/UBNA_001/20221012_030000.WAV,Telephone Field,recover-20221013,001,1795
298.3635,298.3989,68437,81395,Rhinolophus ferrumequinum,0.021,0.021,-1,Echolocation,/mnt/ubna_data_02_mir/recover-20221013/UBNA_001/20221012_030000.WAV,Telephone Field,recover-20221013,001,1795
298.3775,298.3839,26328,41299,Eptesicus serotinus,0.005,0.022,-1,Echolocation,/mnt/ubna_data_02_mir/recover-20221013/UBNA_001/20221012_030000.WAV,Telephone Field,recover-20221013,001,1795
298.4075,298.4162,28046,38044,Eptesicus serotinus,0.008,0.021,-1,Echolocation,/mnt/ubna_data_02_mir/recover-20221013/UBNA_001/20221012_030000.WAV,Telephone Field,recover-20221013,001,1795
298.4255,298.4655,68437,83069,Rhinolophus ferrumequinum,0.039,0.039,-1,Echolocation,/mnt/ubna_data_02_mir/recover-20221013/UBNA_001/20221012_030000.WAV,Telephone Field,recover-20221013,001,1795
298.4365,298.4459,25468,33385,Eptesicus serotinus,0.01,0.026,-1,Echolocation,/mnt/ubna_data_02_mir/recover-20221013/UBNA_001/20221012_030000.WAV,Telephone Field,recover-20221013,001,1795
298.4475,298.4636,25468,30406,Nyctalus leisleri,0.037,0.093,-1,Echolocation,/mnt/ubna_data_02_mir/recover-20221013/UBNA_001/20221012_030000.WAV,Telephone Field,recover-20221013,001,1795
298.4535,298.4884,68437,80711,Rhinolophus ferrumequinum,0.027,0.027,-1,Echolocation,/mnt/ubna_data_02_mir/recover-20221013/UBNA_001/20221012_030000.WAV,Telephone Field,recover-20221013,001,1795
298.4765,298.4884,22031,25754,Nyctalus leisleri,0.013,0.022,-1,Echolocation,/mnt/ubna_data_02_mir/recover-20221013/UBNA_001/20221012_030000.WAV,Telephone Field,recover-20221013,001,1795
298.4955,298.5028,30625,44314,Myotis daubentonii,0.011,0.026,-1,Echolocation,/mnt/ubna_data_02_mir/recover-20221013/UBNA_001/20221012_030000.WAV,Telephone Field,recover-20221013,001,1795
298.5235,298.5324,23750,30951,Plecotus austriacus,0.007,0.022,-1,Echolocation,/mnt/ubna_data_02_mir/recover-20221013/UBNA_001/20221012_030000.WAV,Telephone Field,recover-20221013,001,1795
298.5235,298.5672,68437,83596,Rhinolophus ferrumequinum,0.041,0.041,-1,Echolocation,/mnt/ubna_data_02_mir/recover-20221013/UBNA_001/20221012_030000.WAV,Telephone Field,recover-20221013,001,1795
298.5655,298.6022,68437,82264,Rhinolophus ferrumequinum,0.03,0.03,-1,Echolocation,/mnt/ubna_data_02_mir/recover-20221013/UBNA_001/20221012_030000.WAV,Telephone Field,recover-20221013,001,1795
298.60450000000003,298.6125,28906,37628,Eptesicus serotinus,0.007,0.021,-1,Echolocation,/mnt/ubna_data_02_mir/recover-20221013/UBNA_001/20221012_030000.WAV,Telephone Field,recover-20221013,001,1795
298.6075,298.648,68437,82175,Rhinolophus ferrumequinum,0.022,0.022,-1,Echolocation,/mnt/ubna_data_02_mir/recover-20221013/UBNA_001/20221012_030000.WAV,Telephone Field,recover-20221013,001,1795
298.6375,298.6732,68437,80563,Rhinolophus ferrumequinum,0.023,0.023,-1,Echolocation,/mnt/ubna_data_02_mir/recover-20221013/UBNA_001/20221012_030000.WAV,Telephone Field,recover-20221013,001,1795
298.6425,298.6519,28906,39666,Eptesicus serotinus,0.008,0.021,-1,Echolocation,/mnt/ubna_data_02_mir/recover-20221013/UBNA_001/20221012_030000.WAV,Telephone Field,recover-20221013,001,1795
298.6535,298.6918,68437,82659,Rhinolophus ferrumequinum,0.025,0.025,-1,Echolocation,/mnt/ubna_data_02_mir/recover-20221013/UBNA_001/20221012_030000.WAV,Telephone Field,recover-20221013,001,1795
298.6765,298.7136,68437,81880,Rhinolophus ferrumequinum,0.022,0.023,-1,Echolocation,/mnt/ubna_data_02_mir/recover-20221013/UBNA_001/20221012_030000.WAV,Telephone Field,recover-20221013,001,1795
298.7155,298.7248,15156,22082,Nyctalus noctula,0.01,0.027,-1,Echolocation,/mnt/ubna_data_02_mir/recover-20221013/UBNA_001/20221012_030000.WAV,Telephone Field,recover-20221013,001,1795
298.7495,298.7562,26328,39612,Eptesicus serotinus,0.006,0.022,-1,Echolocation,/mnt/ubna_data_02_mir/recover-20221013/UBNA_001/20221012_030000.WAV,Telephone Field,recover-20221013,001,1795
298.7575,298.797,68437,82287,Rhinolophus ferrumequinum,0.026,0.026,-1,Echolocation,/mnt/ubna_data_02_mir/recover-20221013/UBNA_001/20221012_030000.WAV,Telephone Field,recover-20221013,001,1795
298.7635,298.7781,22031,26186,Nyctalus leisleri,0.021,0.037,-1,Echolocation,/mnt/ubna_data_02_mir/recover-20221013/UBNA_001/20221012_030000.WAV,Telephone Field,recover-20221013,001,1795
298.79449999999997,298.804,28906,36682,Eptesicus serotinus,0.008,0.021,-1,Echolocation,/mnt/ubna_data_02_mir/recover-20221013/UBNA_001/20221012_030000.WAV,Telephone Field,recover-20221013,001,1795
298.79449999999997,298.8322,68437,82083,Rhinolophus ferrumequinum,0.022,0.022,-1,Echolocation,/mnt/ubna_data_02_mir/recover-20221013/UBNA_001/20221012_030000.WAV,Telephone Field,recover-20221013,001,1795
298.8225,298.8309,27187,39721,Eptesicus serotinus,0.008,0.022,-1,Echolocation,/mnt/ubna_data_02_mir/recover-20221013/UBNA_001/20221012_030000.WAV,Telephone Field,recover-20221013,001,1795
298.8505,298.861,22031,25992,Nyctalus leisleri,0.012,0.022,-1,Echolocation,/mnt/ubna_data_02_mir/recover-20221013/UBNA_001/20221012_030000.WAV,Telephone Field,recover-20221013,001,1795
298.8635,298.9043,68437,82613,Rhinolophus ferrumequinum,0.021,0.021,-1,Echolocation,/mnt/ubna_data_02_mir/recover-20221013/UBNA_001/20221012_030000.WAV,Telephone Field,recover-20221013,001,1795
298.8715,298.9129,68437,82640,Rhinolophus ferrumequinum,0.024,0.024,-1,Echolocation,/mnt/ubna_data_02_mir/recover-20221013/UBNA_001/20221012_030000.WAV,Telephone Field,recover-20221013,001,1795
298.8915,298.9083,19453,22427,Nyctalus leisleri,0.013,0.023,-1,Echolocation,/mnt/ubna_data_02_mir/recover-20221013/UBNA_001/20221012_030000.WAV,Telephone Field,recover-20221013,001,1795
298.9235,298.9625,68437,81934,Rhinolophus ferrumequinum,0.022,0.022,-1,Echolocation,/mnt/ubna_data_02_mir/recover-20221013/UBNA_001/20221012_030000.WAV,Telephone Field,recover-20221013,001,1795
298.9325,298.9704,68437,82370,Rhinolophus ferrumequinum,0.021,0.021,-1,Echolocation,/mnt/ubna_data_02_mir/recover-20221013/UBNA_001/20221012_030000.WAV,Telephone Field,recover-20221013,001,1795
298.9485,298.9879,68437,81973,Rhinolophus ferrumequinum,0.025,0.025,-1,Echolocation,/mnt/ubna_data_02_mir/recover-20221013/UBNA_001/20221012_030000.WAV,Telephone Field,recover-20221013,001,1795
298.9635,298.9702,44375,49170,Pipistrellus pipistrellus,0.02,0.022,-1,Echolocation,/mnt/ubna_data_02_mir/recover-20221013/UBNA_001/20221012_030000.WAV,Telephone Field,recover-20221013,001,1795
298.9715,299.0126,68437,82643,Rhinolophus ferrumequinum,0.027,0.027,-1,Echolocation,/mnt/ubna_data_02_mir/recover-20221013/UBNA_001/20221012_030000.WAV,Telephone Field,recover-20221013,001,1795
298.97950000000003,298.9877,26328,35398,Eptesicus serotinus,0.006,0.021,-1,Echolocation,/mnt/ubna_data_02_mir/recover-20221013/UBNA_001/20221012_030000.WAV,Telephone Field,recover-20221013,001,1795
299.02049999999997,299.0629,68437,83204,Rhinolophus ferrumequinum,0.025,0.025,-1,Echolocation,/mnt/ubna_data_02_mir/recover-20221013/UBNA_001/20221012_030000.WAV,Telephone Field,recover-20221013,001,1795
299.0305,299.0761,68437,83715,Rhinolophus ferrumequinum,0.031,0.031,-1,Echolocation,/mnt/ubna_data_02_mir/recover-20221013/UBNA_001/20221012_030000.WAV,Telephone Field,recover-20221013,001,1795
299.0545,299.0631,51250,57677,Pipistrellus pipistrellus,0.021,0.027,-1,Echolocation,/mnt/ubna_data_02_mir/recover-20221013/UBNA_001/20221012_030000.WAV,Telephone Field,recover-20221013,001,1795
299.0615,299.0699,25468,33503,Eptesicus serotinus,0.007,0.021,-1,Echolocation,/mnt/ubna_data_02_mir/recover-20221013/UBNA_001/20221012_030000.WAV,Telephone Field,recover-20221013,001,1795
299.1095,299.1204,44375,48051,Pipistrellus pipistrellus,0.026,0.031,-1,Echolocation,/mnt/ubna_data_02_mir/recover-20221013/UBNA_001/20221012_030000.WAV,Telephone Field,recover-20221013,001,1795
299.1545,299.1644,28906,35998,Eptesicus serotinus,0.01,0.023,-1,Echolocation,/mnt/ubna_data_02_mir/recover-20221013/UBNA_001/20221012_030000.WAV,Telephone Field,recover-20221013,001,1795
299.1795,299.1914,22890,27828,Nyctalus leisleri,0.014,0.026,-1,Echolocation,/mnt/ubna_data_02_mir/recover-20221013/UBNA_001/20221012_030000.WAV,Telephone Field,recover-20221013,001,1795
299.1825,299.2233,68437,82732,Rhinolophus ferrumequinum,0.03,0.03,-1,Echolocation,/mnt/ubna_data_02_mir/recover-20221013/UBNA_001/20221012_030000.WAV,Telephone Field,recover-20221013,001,1795
299.1905,299.2012,27187,34564,Eptesicus serotinus,0.012,0.026,-1,Echolocation,/mnt/ubna_data_02_mir/recover-20221013/UBNA_001/20221012_030000.WAV,Telephone Field,recover-20221013,001,1795
299.1955,299.2054,25468,31074,Nyctalus leisleri,0.01,0.025,-1,Echolocation,/mnt/ubna_data_02_mir/recover-20221013/UBNA_001/20221012_030000.WAV,Telephone Field,recover-20221013,001,1795
299.2105,299.2484,68437,81961,Rhinolophus ferrumequinum,0.027,0.027,-1,Echolocation,/mnt/ubna_data_02_mir/recover-20221013/UBNA_001/20221012_030000.WAV,Telephone Field,recover-20221013,001,1795
299.2655,299.2761,23750,29955,Nyctalus leisleri,0.01,0.024,-1,Echolocation,/mnt/ubna_data_02_mir/recover-20221013/UBNA_001/20221012_030000.WAV,Telephone Field,recover-20221013,001,1795
299.2675,299.3048,68437,81805,Rhinolophus ferrumequinum,0.026,0.026,-1,Echolocation,/mnt/ubna_data_02_mir/recover-20221013/UBNA_001/20221012_030000.WAV,Telephone Field,recover-20221013,001,1795
299.2745,299.2845,25468,31996,Eptesicus serotinus,0.01,0.028,-1,Echolocation,/mnt/ubna_data_02_mir/recover-20221013/UBNA_001/20221012_030000.WAV,Telephone Field,recover-20221013,001,1795
299.2795,299.3224,68437,83056,Rhinolophus ferrumequinum,0.04,0.04,-1,Echolocation,/mnt/ubna_data_02_mir/recover-20221013/UBNA_001/20221012_030000.WAV,Telephone Field,recover-20221013,001,1795
299.3035,299.3413,68437,82756,Rhinolophus ferrumequinum,0.021,0.021,-1,Echolocation,/mnt/ubna_data_02_mir/recover-20221013/UBNA_001/20221012_030000.WAV,Telephone Field,recover-20221013,001,1795
299.3095,299.3194,27187,35386,Eptesicus serotinus,0.009,0.021,-1,Echolocation,/mnt/ubna_data_02_mir/recover-20221013/UBNA_001/20221012_030000.WAV,Telephone Field,recover-20221013,001,1795
299.3365,299.3431,28046,38219,Eptesicus serotinus,0.007,0.025,-1,Echolocation,/mnt/ubna_data_02_mir/recover-20221013/UBNA_001/20221012_030000.WAV,Telephone Field,recover-20221013,001,1795
299.3505,299.3904,68437,82182,Rhinolophus ferrumequinum,0.025,0.025,-1,Echolocation,/mnt/ubna_data_02_mir/recover-20221013/UBNA_001/20221012_030000.WAV,Telephone Field,recover-20221013,001,1795
299.3585,299.3958,68437,82103,Rhinolophus ferrumequinum,0.021,0.021,-1,Echolocation,/mnt/ubna_data_02_mir/recover-20221013/UBNA_001/20221012_030000.WAV,Telephone Field,recover-20221013,001,1795
299.3915,299.4319,68437,82486,Rhinolophus ferrumequinum,0.032,0.032,-1,Echolocation,/mnt/ubna_data_02_mir/recover-20221013/UBNA_001/20221012_030000.WAV,Telephone Field,recover-20221013,001,1795
299.4325,299.4405,26328,35088,Eptesicus serotinus,0.009,0.026,-1,Echolocation,/mnt/ubna_data_02_mir/recover-20221013/UBNA_001/20221012_030000.WAV,Telephone Field,recover-20221013,001,1795
299.4575,299.4732,22890,26657,Nyctalus leisleri,0.021,0.036,-1,Echolocation,/mnt/ubna_data_02_mir/recover-20221013/UBNA_001/20221012_030000.WAV,Telephone Field,recover-20221013,001,1795
299.4915,299.5317,68437,82226,Rhinolophus ferrumequinum,0.022,0.022,-1,Echolocation,/mnt/ubna_data_02_mir/recover-20221013/UBNA_001/20221012_030000.WAV,Telephone Field,recover-20221013,001,1795
299.5525,299.594,68437,82563,Rhinolophus ferrumequinum,0.026,0.026,-1,Echolocation,/mnt/ubna_data_02_mir/recover-20221013/UBNA_001/20221012_030000.WAV,Telephone Field,recover-20221013,001,1795
299.60450000000003,299.6452,68437,82633,Rhinolophus ferrumequinum,0.024,0.024,-1,Echolocation,/mnt/ubna_data_02_mir/recover-20221013/UBNA_001/20221012_030000.WAV,Telephone Field,recover-20221013,001,1795
299.6805,299.72090000000003,68437,82010,Rhinolophus ferrumequinum,0.028,0.028,-1,Echolocation,/mnt/ubna_data_02_mir/recover-20221013/UBNA_001/20221012_030000.WAV,Telephone Field,recover-20221013,001,1795
299.7205,299.7581,68437,81666,Rhinolophus ferrumequinum,0.021,0.022,-1,Echolocation,/mnt/ubna_data_02_mir/recover-20221013/UBNA_001/20221012_030000.WAV,Telephone Field,recover-20221013,001,1795
299.7415,299.7513,23750,30319,Nyctalus leisleri,0.007,0.021,-1,Echolocation,/mnt/ubna_data_02_mir/recover-20221013/UBNA_001/20221012_030000.WAV,Telephone Field,recover-20221013,001,1795
299.7475,299.7793,68437,80407,Rhinolophus ferrumequinum,0.021,0.021,-1,Echolocation,/mnt/ubna_data_02_mir/recover-20221013/UBNA_001/20221012_030000.WAV,Telephone Field,recover-20221013,001,1795
299.7605,299.7961,68437,80846,Rhinolophus ferrumequinum,0.021,0.021,-1,Echolocation,/mnt/ubna_data_02_mir/recover-20221013/UBNA_001/20221012_030000.WAV,Telephone Field,recover-20221013,001,1795
299.7655,299.7746,45234,50009,Pipistrellus pipistrellus,0.028,0.031,-1,Echolocation,/mnt/ubna_data_02_mir/recover-20221013/UBNA_001/20221012_030000.WAV,Telephone Field,recover-20221013,001,1795
299.7825,299.8217,68437,83025,Rhinolophus ferrumequinum,0.031,0.031,-1,Echolocation,/mnt/ubna_data_02_mir/recover-20221013/UBNA_001/20221012_030000.WAV,Telephone Field,recover-20221013,001,1795
299.7845,299.8024,21171,24133,Nyctalus leisleri,0.032,0.054,-1,Echolocation,/mnt/ubna_data_02_mir/recover-20221013/UBNA_001/20221012_030000.WAV,Telephone Field,recover-20221013,001,1795
299.8055,299.815,24609,33020,Nyctalus leisleri,0.011,0.038,-1,Echolocation,/mnt/ubna_data_02_mir/recover-20221013/UBNA_001/20221012_030000.WAV,Telephone Field,recover-20221013,001,1795
299.8735,299.8824,28046,40560,Eptesicus serotinus,0.008,0.022,-1,Echolocation,/mnt/ubna_data_02_mir/recover-20221013/UBNA_001/20221012_030000.WAV,Telephone Field,recover-20221013,001,1795
299.9055,299.9151,22890,29850,Nyctalus leisleri,0.007,0.024,-1,Echolocation,/mnt/ubna_data_02_mir/recover-20221013/UBNA_001/20221012_030000.WAV,Telephone Field,recover-20221013,001,1795
299.9105,299.9513,68437,82693,Rhinolophus ferrumequinum,0.028,0.028,-1,Echolocation,/mnt/ubna_data_02_mir/recover-20221013/UBNA_001/20221012_030000.WAV,Telephone Field,recover-20221013,001,1795
299.9345,299.9731,68437,81463,Rhinolophus ferrumequinum,0.021,0.021,-1,Echolocation,/mnt/ubna_data_02_mir/recover-20221013/UBNA_001/20221012_030000.WAV,Telephone Field,recover-20221013,001,1795
299.9495,299.9578,23750,30596,Plecotus austriacus,0.009,0.025,-1,Echolocation,/mnt/ubna_data_02_mir/recover-20221013/UBNA_001/20221012_030000.WAV,Telephone Field,recover-20221013,001,1795
299.9735,299.9823,28046,40572,Eptesicus serotinus,0.007,0.022,-1,Echolocation,/mnt/ubna_data_02_mir/recover-20221013/UBNA_001/20221012_030000.WAV,Telephone Field,recover-20221013,001,1795
300.0015,300.0099,26328,35676,Nyctalus leisleri,0.005,0.021,-1,Echolocation,/mnt/ubna_data_02_mir/recover-20221013/UBNA_001/20221012_030000.WAV,Telephone Field,recover-20221013,001,1795
300.0365,300.0446,26328,34612,Eptesicus serotinus,0.007,0.021,-1,Echolocation,/mnt/ubna_data_02_mir/recover-20221013/UBNA_001/20221012_030000.WAV,Telephone Field,recover-20221013,001,1795
300.0655,300.077,23750,28876,Nyctalus leisleri,0.012,0.025,-1,Echolocation,/mnt/ubna_data_02_mir/recover-20221013/UBNA_001/20221012_030000.WAV,Telephone Field,recover-20221013,001,1795
300.0995,300.1385,68437,82859,Rhinolophus ferrumequinum,0.023,0.023,-1,Echolocation,/mnt/ubna_data_02_mir/recover-20221013/UBNA_001/20221012_030000.WAV,Telephone Field,recover-20221013,001,1795
300.1145,300.1253,26328,33224,Eptesicus serotinus,0.028,0.058,-1,Echolocation,/mnt/ubna_data_02_mir/recover-20221013/UBNA_001/20221012_030000.WAV,Telephone Field,recover-20221013,001,1795
300.1155,300.1522,68437,81913,Rhinolophus ferrumequinum,0.023,0.024,-1,Echolocation,/mnt/ubna_data_02_mir/recover-20221013/UBNA_001/20221012_030000.WAV,Telephone Field,recover-20221013,001,1795
300.1445,300.1822,68437,81479,Rhinolophus ferrumequinum,0.022,0.022,-1,Echolocation,/mnt/ubna_data_02_mir/recover-20221013/UBNA_001/20221012_030000.WAV,Telephone Field,recover-20221013,001,1795
300.2125,300.2557,68437,83263,Rhinolophus ferrumequinum,0.024,0.024,-1,Echolocation,/mnt/ubna_data_02_mir/recover-20221013/UBNA_001/20221012_030000.WAV,Telephone Field,recover-20221013,001,1795
300.2195,300.2308,22890,27675,Nyctalus leisleri,0.013,0.025,-1,Echolocation,/mnt/ubna_data_02_mir/recover-20221013/UBNA_001/20221012_030000.WAV,Telephone Field,recover-20221013,001,1795
300.2205,300.2603,68437,82008,Rhinolophus ferrumequinum,0.021,0.021,-1,Echolocation,/mnt/ubna_data_02_mir/recover-20221013/UBNA_001/20221012_030000.WAV,Telephone Field,recover-20221013,001,1795
300.2685,300.2778,28046,37418,Eptesicus serotinus,0.009,0.022,-1,Echolocation,/mnt/ubna_data_02_mir/recover-20221013/UBNA_001/20221012_030000.WAV,Telephone Field,recover-20221013,001,1795
300.3075,300.3486,68437,82580,Rhinolophus ferrumequinum,0.026,0.026,-1,Echolocation,/mnt/ubna_data_02_mir/recover-20221013/UBNA_001/20221012_030000.WAV,Telephone Field,recover-20221013,001,1795
300.3385,300.3738,68437,81373,Rhinolophus ferrumequinum,0.021,0.021,-1,Echolocation,/mnt/ubna_data_02_mir/recover-20221013/UBNA_001/20221012_030000.WAV,Telephone Field,recover-20221013,001,1795
300.3485,300.3849,68437,81741,Rhinolophus ferrumequinum,0.023,0.023,-1,Echolocation,/mnt/ubna_data_02_mir/recover-20221013/UBNA_001/20221012_030000.WAV,Telephone Field,recover-20221013,001,1795
300.3495,300.3564,45234,51290,Pipistrellus pipistrellus,0.026,0.028,-1,Echolocation,/mnt/ubna_data_02_mir/recover-20221013/UBNA_001/20221012_030000.WAV,Telephone Field,recover-20221013,001,1795
300.3645,300.3728,23750,31321,Plecotus austriacus,0.01,0.026,-1,Echolocation,/mnt/ubna_data_02_mir/recover-20221013/UBNA_001/20221012_030000.WAV,Telephone Field,recover-20221013,001,1795
300.3975,300.4346,68437,81844,Rhinolophus ferrumequinum,0.021,0.021,-1,Echolocation,/mnt/ubna_data_02_mir/recover-20221013/UBNA_001/20221012_030000.WAV,Telephone Field,recover-20221013,001,1795
300.4175,300.4309,14296,18819,Nyctalus noctula,0.012,0.021,-1,Echolocation,/mnt/ubna_data_02_mir/recover-20221013/UBNA_001/20221012_030000.WAV,Telephone Field,recover-20221013,001,1795
300.4305,300.4374,27187,42421,Eptesicus serotinus,0.007,0.024,-1,Echolocation,/mnt/ubna_data_02_mir/recover-20221013/UBNA_001/20221012_030000.WAV,Telephone Field,recover-20221013,001,1795
300.4315,300.4376,32343,44726,Myotis daubentonii,0.009,0.021,-1,Echolocation,/mnt/ubna_data_02_mir/recover-20221013/UBNA_001/20221012_030000.WAV,Telephone Field,recover-20221013,001,1795
300.4455,300.4866,68437,82821,Rhinolophus ferrumequinum,0.025,0.025,-1,Echolocation,/mnt/ubna_data_02_mir/recover-20221013/UBNA_001/20221012_030000.WAV,Telephone Field,recover-20221013,001,1795
300.4525,300.4915,68437,82168,Rhinolophus ferrumequinum,0.022,0.022,-1,Echolocation,/mnt/ubna_data_02_mir/recover-20221013/UBNA_001/20221012_030000.WAV,Telephone Field,recover-20221013,001,1795
300.4595,300.4682,28046,39941,Eptesicus serotinus,0.008,0.022,-1,Echolocation,/mnt/ubna_data_02_mir/recover-20221013/UBNA_001/20221012_030000.WAV,Telephone Field,recover-20221013,001,1795
300.5115,300.5536,68437,82984,Rhinolophus ferrumequinum,0.035,0.035,-1,Echolocation,/mnt/ubna_data_02_mir/recover-20221013/UBNA_001/20221012_030000.WAV,Telephone Field,recover-20221013,001,1795
300.5855,300.5926,27187,39658,Eptesicus serotinus,0.006,0.023,-1,Echolocation,/mnt/ubna_data_02_mir/recover-20221013/UBNA_001/20221012_030000.WAV,Telephone Field,recover-20221013,001,1795
300.5855,300.6259,68437,82259,Rhinolophus ferrumequinum,0.022,0.022,-1,Echolocation,/mnt/ubna_data_02_mir/recover-20221013/UBNA_001/20221012_030000.WAV,Telephone Field,recover-20221013,001,1795
300.5975,300.6082,22031,26134,Nyctalus leisleri,0.011,0.021,-1,Echolocation,/mnt/ubna_data_02_mir/recover-20221013/UBNA_001/20221012_030000.WAV,Telephone Field,recover-20221013,001,1795
300.6125,300.6498,68437,82018,Rhinolophus ferrumequinum,0.027,0.027,-1,Echolocation,/mnt/ubna_data_02_mir/recover-20221013/UBNA_001/20221012_030000.WAV,Telephone Field,recover-20221013,001,1795
300.6385,300.6769,68437,81924,Rhinolophus ferrumequinum,0.022,0.022,-1,Echolocation,/mnt/ubna_data_02_mir/recover-20221013/UBNA_001/20221012_030000.WAV,Telephone Field,recover-20221013,001,1795
300.6455,300.6558,22890,28987,Nyctalus leisleri,0.011,0.027,-1,Echolocation,/mnt/ubna_data_02_mir/recover-20221013/UBNA_001/20221012_030000.WAV,Telephone Field,recover-20221013,001,1795
300.6875,300.7221,68437,80377,Rhinolophus ferrumequinum,0.033,0.033,-1,Echolocation,/mnt/ubna_data_02_mir/recover-20221013/UBNA_001/20221012_030000.WAV,Telephone Field,recover-20221013,001,1795
300.6895,300.7001,28046,38371,Eptesicus serotinus,0.014,0.029,-1,Echolocation,/mnt/ubna_data_02_mir/recover-20221013/UBNA_001/20221012_030000.WAV,Telephone Field,recover-20221013,001,1795
300.8025,300.841,68437,82392,Rhinolophus ferrumequinum,0.026,0.027,-1,Echolocation,/mnt/ubna_data_02_mir/recover-20221013/UBNA_001/20221012_030000.WAV,Telephone Field,recover-20221013,001,1795
300.8445,300.8826,68437,82219,Rhinolophus ferrumequinum,0.024,0.024,-1,Echolocation,/mnt/ubna_data_02_mir/recover-20221013/UBNA_001/20221012_030000.WAV,Telephone Field,recover-20221013,001,1795
300.8805,300.8914,39218,45165,Pipistrellus nathusii,0.01,0.029,-1,Echolocation,/mnt/ubna_data_02_mir/recover-20221013/UBNA_001/20221012_030000.WAV,Telephone Field,recover-20221013,001,1795
300.8835,300.8908,28046,40093,Eptesicus serotinus,0.007,0.024,-1,Echolocation,/mnt/ubna_data_02_mir/recover-20221013/UBNA_001/20221012_030000.WAV,Telephone Field,recover-20221013,001,1795
300.8865,300.9234,68437,81386,Rhinolophus ferrumequinum,0.021,0.021,-1,Echolocation,/mnt/ubna_data_02_mir/recover-20221013/UBNA_001/20221012_030000.WAV,Telephone Field,recover-20221013,001,1795
300.9055,300.9441,68437,82129,Rhinolophus ferrumequinum,0.028,0.028,-1,Echolocation,/mnt/ubna_data_02_mir/recover-20221013/UBNA_001/20221012_030000.WAV,Telephone Field,recover-20221013,001,1795
300.9145,300.9492,68437,81000,Rhinolophus ferrumequinum,0.021,0.021,-1,Echolocation,/mnt/ubna_data_02_mir/recover-20221013/UBNA_001/20221012_030000.WAV,Telephone Field,recover-20221013,001,1795
300.9275,300.9677,68437,81840,Rhinolophus ferrumequinum,0.026,0.026,-1,Echolocation,/mnt/ubna_data_02_mir/recover-20221013/UBNA_001/20221012_030000.WAV,Telephone Field,recover-20221013,001,1795
300.9295,300.9409,22890,28865,Nyctalus leisleri,0.01,0.023,-1,Echolocation,/mnt/ubna_data_02_mir/recover-20221013/UBNA_001/20221012_030000.WAV,Telephone Field,recover-20221013,001,1795
300.9325,300.9409,46093,54481,Pipistrellus pipistrellus,0.013,0.021,-1,Echolocation,/mnt/ubna_data_02_mir/recover-20221013/UBNA_001/20221012_030000.WAV,Telephone Field,recover-20221013,001,1795
300.9535,300.9638,28046,35564,Eptesicus serotinus,0.009,0.022,-1,Echolocation,/mnt/ubna_data_02_mir/recover-20221013/UBNA_001/20221012_030000.WAV,Telephone Field,recover-20221013,001,1795
300.9575,300.9669,43515,46670,Pipistrellus pipistrellus,0.021,0.022,-1,Echolocation,/mnt/ubna_data_02_mir/recover-20221013/UBNA_001/20221012_030000.WAV,Telephone Field,recover-20221013,001,1795
300.9575,300.9991,68437,82700,Rhinolophus ferrumequinum,0.028,0.028,-1,Echolocation,/mnt/ubna_data_02_mir/recover-20221013/UBNA_001/20221012_030000.WAV,Telephone Field,recover-20221013,001,1795
300.9875,301.028,68437,82097,Rhinolophus ferrumequinum,0.026,0.026,-1,Echolocation,/mnt/ubna_data_02_mir/recover-20221013/UBNA_001/20221012_030000.WAV,Telephone Field,recover-20221013,001,1795
301.0335,301.0713,68437,81433,Rhinolophus ferrumequinum,0.022,0.022,-1,Echolocation,/mnt/ubna_data_02_mir/recover-20221013/UBNA_001/20221012_030000.WAV,Telephone Field,recover-20221013,001,1795
301.0675,301.0764,28046,38517,Eptesicus serotinus,0.009,0.023,-1,Echolocation,/mnt/ubna_data_02_mir/recover-20221013/UBNA_001/20221012_030000.WAV,Telephone Field,recover-20221013,001,1795
301.0915,301.1314,68437,82504,Rhinolophus ferrumequinum,0.021,0.021,-1,Echolocation,/mnt/ubna_data_02_mir/recover-20221013/UBNA_001/20221012_030000.WAV,Telephone Field,recover-20221013,001,1795
301.1035,301.1439,68437,82912,Rhinolophus ferrumequinum,0.022,0.022,-1,Echolocation,/mnt/ubna_data_02_mir/recover-20221013/UBNA_001/20221012_030000.WAV,Telephone Field,recover-20221013,001,1795
301.1175,301.1286,22890,26803,Nyctalus leisleri,0.013,0.023,-1,Echolocation,/mnt/ubna_data_02_mir/recover-20221013/UBNA_001/20221012_030000.WAV,Telephone Field,recover-20221013,001,1795
301.1315,301.1718,68437,82702,Rhinolophus ferrumequinum,0.024,0.024,-1,Echolocation,/mnt/ubna_data_02_mir/recover-20221013/UBNA_001/20221012_030000.WAV,Telephone Field,recover-20221013,001,1795
301.1365,301.144,28046,38814,Eptesicus serotinus,0.007,0.023,-1,Echolocation,/mnt/ubna_data_02_mir/recover-20221013/UBNA_001/20221012_030000.WAV,Telephone Field,recover-20221013,001,1795
301.1715,301.2078,68437,80886,Rhinolophus ferrumequinum,0.022,0.022,-1,Echolocation,/mnt/ubna_data_02_mir/recover-20221013/UBNA_001/20221012_030000.WAV,Telephone Field,recover-20221013,001,1795
301.2425,301.2512,27187,39561,Eptesicus serotinus,0.008,0.023,-1,Echolocation,/mnt/ubna_data_02_mir/recover-20221013/UBNA_001/20221012_030000.WAV,Telephone Field,recover-20221013,001,1795
301.2435,301.2515,33203,41485,Myotis daubentonii,0.009,0.022,-1,Echolocation,/mnt/ubna_data_02_mir/recover-20221013/UBNA_001/20221012_030000.WAV,Telephone Field,recover-20221013,001,1795
301.2555,301.2952,68437,82266,Rhinolophus ferrumequinum,0.021,0.021,-1,Echolocation,/mnt/ubna_data_02_mir/recover-20221013/UBNA_001/20221012_030000.WAV,Telephone Field,recover-20221013,001,1795
301.2685,301.2795,25468,32723,Eptesicus serotinus,0.009,0.022,-1,Echolocation,/mnt/ubna_data_02_mir/recover-20221013/UBNA_001/20221012_030000.WAV,Telephone Field,recover-20221013,001,1795
301.2815,301.3221,68437,82016,Rhinolophus ferrumequinum,0.026,0.026,-1,Echolocation,/mnt/ubna_data_02_mir/recover-20221013/UBNA_001/20221012_030000.WAV,Telephone Field,recover-20221013,001,1795
301.2995,301.3089,23750,31041,Nyctalus leisleri,0.007,0.023,-1,Echolocation,/mnt/ubna_data_02_mir/recover-20221013/UBNA_001/20221012_030000.WAV,Telephone Field,recover-20221013,001,1795
301.3165,301.3576,68437,82928,Rhinolophus ferrumequinum,0.024,0.024,-1,Echolocation,/mnt/ubna_data_02_mir/recover-20221013/UBNA_001/20221012_030000.WAV,Telephone Field,recover-20221013,001,1795
301.3215,301.3363,24609,29208,Nyctalus leisleri,0.018,0.036,-1,Echolocation,/mnt/ubna_data_02_mir/recover-20221013/UBNA_001/20221012_030000.WAV,Telephone Field,recover-20221013,001,1795
301.3415,301.38,68437,81958,Rhinolophus ferrumequinum,0.022,0.022,-1,Echolocation,/mnt/ubna_data_02_mir/recover-20221013/UBNA_001/20221012_030000.WAV,Telephone Field,recover-20221013,001,1795
301.3535,301.3921,68437,81808,Rhinolophus ferrumequinum,0.021,0.021,-1,Echolocation,/mnt/ubna_data_02_mir/recover-20221013/UBNA_001/20221012_030000.WAV,Telephone Field,recover-20221013,001,1795
301.3605,301.375,27187,32341,Eptesicus serotinus,0.014,0.031,-1,Echolocation,/mnt/ubna_data_02_mir/recover-20221013/UBNA_001/20221012_030000.WAV,Telephone Field,recover-20221013,001,1795
301.3965,301.4037,28046,40553,Eptesicus serotinus,0.007,0.023,-1,Echolocation,/mnt/ubna_data_02_mir/recover-20221013/UBNA_001/20221012_030000.WAV,Telephone Field,recover-20221013,001,1795
301.4375,301.4779,68437,82890,Rhinolophus ferrumequinum,0.026,0.026,-1,Echolocation,/mnt/ubna_data_02_mir/recover-20221013/UBNA_001/20221012_030000.WAV,Telephone Field,recover-20221013,001,1795
301.4465,301.4844,68437,81873,Rhinolophus ferrumequinum,0.025,0.025,-1,Echolocation,/mnt/ubna_data_02_mir/recover-20221013/UBNA_001/20221012_030000.WAV,Telephone Field,recover-20221013,001,1795
301.4575,301.4985,68437,82678,Rhinolophus ferrumequinum,0.025,0.025,-1,Echolocation,/mnt/ubna_data_02_mir/recover-20221013/UBNA_001/20221012_030000.WAV,Telephone Field,recover-20221013,001,1795
301.4935,301.5051,35781,42623,Eptesicus serotinus,0.006,0.026,-1,Echolocation,/mnt/ubna_data_02_mir/recover-20221013/UBNA_001/20221012_030000.WAV,Telephone Field,recover-20221013,001,1795
301.4975,301.5316,68437,80676,Rhinolophus ferrumequinum,0.021,0.021,-1,Echolocation,/mnt/ubna_data_02_mir/recover-20221013/UBNA_001/20221012_030000.WAV,Telephone Field,recover-20221013,001,1795
301.5215,301.5599,68437,81298,Rhinolophus ferrumequinum,0.022,0.022,-1,Echolocation,/mnt/ubna_data_02_mir/recover-20221013/UBNA_001/20221012_030000.WAV,Telephone Field,recover-20221013,001,1795
301.5225,301.5322,27187,35882,Eptesicus serotinus,0.01,0.024,-1,Echolocation,/mnt/ubna_data_02_mir/recover-20221013/UBNA_001/20221012_030000.WAV,Telephone Field,recover-20221013,001,1795
301.5535,301.5951,68437,82999,Rhinolophus ferrumequinum,0.025,0.025,-1,Echolocation,/mnt/ubna_data_02_mir/recover-20221013/UBNA_001/20221012_030000.WAV,Telephone Field,recover-20221013,001,1795
301.5555,301.5625,27187,41284,Eptesicus serotinus,0.008,0.031,-1,Echolocation,/mnt/ubna_data_02_mir/recover-20221013/UBNA_001/20221012_030000.WAV,Telephone Field,recover-20221013,001,1795
301.5795,301.588,30625,39359,Eptesicus serotinus,0.01,0.023,-1,Echolocation,/mnt/ubna_data_02_mir/recover-20221013/UBNA_001/20221012_030000.WAV,Telephone Field,recover-20221013,001,1795
301.6185,301.6312,23750,29054,Nyctalus leisleri,0.012,0.025,-1,Echolocation,/mnt/ubna_data_02_mir/recover-20221013/UBNA_001/20221012_030000.WAV,Telephone Field,recover-20221013,001,1795
301.6315,301.6711,68437,81664,Rhinolophus ferrumequinum,0.021,0.021,-1,Echolocation,/mnt/ubna_data_02_mir/recover-20221013/UBNA_001/20221012_030000.WAV,Telephone Field,recover-20221013,001,1795
301.6535,301.6919,68437,82962,Rhinolophus ferrumequinum,0.023,0.023,-1,Echolocation,/mnt/ubna_data_02_mir/recover-20221013/UBNA_001/20221012_030000.WAV,Telephone Field,recover-20221013,001,1795
301.6895,301.7269,68437,82062,Rhinolophus ferrumequinum,0.028,0.028,-1,Echolocation,/mnt/ubna_data_02_mir/recover-20221013/UBNA_001/20221012_030000.WAV,Telephone Field,recover-20221013,001,1795
301.6905,301.6991,26328,35349,Eptesicus serotinus,0.011,0.025,-1,Echolocation,/mnt/ubna_data_02_mir/recover-20221013/UBNA_001/20221012_030000.WAV,Telephone Field,recover-20221013,001,1795
301.7315,301.7709,68437,82497,Rhinolophus ferrumequinum,0.022,0.022,-1,Echolocation,/mnt/ubna_data_02_mir/recover-20221013/UBNA_001/20221012_030000.WAV,Telephone Field,recover-20221013,001,1795
301.7535,301.7918,68437,82326,Rhinolophus ferrumequinum,0.021,0.021,-1,Echolocation,/mnt/ubna_data_02_mir/recover-20221013/UBNA_001/20221012_030000.WAV,Telephone Field,recover-20221013,001,1795
301.7555,301.7622,25468,40446,Myotis nattereri,0.005,0.021,-1,Echolocation,/mnt/ubna_data_02_mir/recover-20221013/UBNA_001/20221012_030000.WAV,Telephone Field,recover-20221013,001,1795
301.7665,301.8141,68437,83672,Rhinolophus ferrumequinum,0.05,0.05,-1,Echolocation,/mnt/ubna_data_02_mir/recover-20221013/UBNA_001/20221012_030000.WAV,Telephone Field,recover-20221013,001,1795
301.7795,301.8186,68437,81960,Rhinolophus ferrumequinum,0.025,0.025,-1,Echolocation,/mnt/ubna_data_02_mir/recover-20221013/UBNA_001/20221012_030000.WAV,Telephone Field,recover-20221013,001,1795
301.7955,301.836,68437,82824,Rhinolophus ferrumequinum,0.026,0.026,-1,Echolocation,/mnt/ubna_data_02_mir/recover-20221013/UBNA_001/20221012_030000.WAV,Telephone Field,recover-20221013,001,1795
301.8475,301.8901,68437,83457,Rhinolophus ferrumequinum,0.03,0.03,-1,Echolocation,/mnt/ubna_data_02_mir/recover-20221013/UBNA_001/20221012_030000.WAV,Telephone Field,recover-20221013,001,1795
301.8775,301.9228,68437,83219,Rhinolophus ferrumequinum,0.039,0.039,-1,Echolocation,/mnt/ubna_data_02_mir/recover-20221013/UBNA_001/20221012_030000.WAV,Telephone Field,recover-20221013,001,1795
301.9355,301.9763,68437,82758,Rhinolophus ferrumequinum,0.028,0.028,-1,Echolocation,/mnt/ubna_data_02_mir/recover-20221013/UBNA_001/20221012_030000.WAV,Telephone Field,recover-20221013,001,1795
301.9655,301.9783,28046,33593,Eptesicus serotinus,0.02,0.033,-1,Echolocation,/mnt/ubna_data_02_mir/recover-20221013/UBNA_001/20221012_030000.WAV,Telephone Field,recover-20221013,001,1795
301.9825,301.9913,27187,37528,Eptesicus serotinus,0.007,0.021,-1,Echolocation,/mnt/ubna_data_02_mir/recover-20221013/UBNA_001/20221012_030000.WAV,Telephone Field,recover-20221013,001,1795
302.0015,302.0125,21171,26856,Nyctalus leisleri,0.013,0.027,-1,Echolocation,/mnt/ubna_data_02_mir/recover-20221013/UBNA_001/20221012_030000.WAV,Telephone Field,recover-20221013,001,1795
302.0015,302.0328,69296,81260,Rhinolophus ferrumequinum,0.052,0.052,-1,Echolocation,/mnt/ubna_data_02_mir/recover-20221013/UBNA_001/20221012_030000.WAV,Telephone Field,recover-20221013,001,1795
302.0095,302.0474,68437,81437,Rhinolophus ferrumequinum,0.024,0.024,-1,Echolocation,/mnt/ubna_data_02_mir/recover-20221013/UBNA_001/20221012_030000.WAV,Telephone Field,recover-20221013,001,1795
302.0175,302.0559,68437,82595,Rhinolophus ferrumequinum,0.023,0.023,-1,Echolocation,/mnt/ubna_data_02_mir/recover-20221013/UBNA_001/20221012_030000.WAV,Telephone Field,recover-20221013,001,1795
302.0265,302.0352,28046,40846,Eptesicus serotinus,0.01,0.023,-1,Echolocation,/mnt/ubna_data_02_mir/recover-20221013/UBNA_001/20221012_030000.WAV,Telephone Field,recover-20221013,001,1795
302.0915,302.1022,22031,26794,Nyctalus leisleri,0.013,0.026,-1,Echolocation,/mnt/ubna_data_02_mir/recover-20221013/UBNA_001/20221012_030000.WAV,Telephone Field,recover-20221013,001,1795
302.1145,302.126,28046,35189,Eptesicus serotinus,0.014,0.026,-1,Echolocation,/mnt/ubna_data_02_mir/recover-20221013/UBNA_001/20221012_030000.WAV,Telephone Field,recover-20221013,001,1795
302.1195,302.1599,68437,82066,Rhinolophus ferrumequinum,0.022,0.022,-1,Echolocation,/mnt/ubna_data_02_mir/recover-20221013/UBNA_001/20221012_030000.WAV,Telephone Field,recover-20221013,001,1795
302.1615,302.199,68437,81777,Rhinolophus ferrumequinum,0.026,0.026,-1,Echolocation,/mnt/ubna_data_02_mir/recover-20221013/UBNA_001/20221012_030000.WAV,Telephone Field,recover-20221013,001,1795
302.1985,302.208,27187,34744,Eptesicus serotinus,0.011,0.023,-1,Echolocation,/mnt/ubna_data_02_mir/recover-20221013/UBNA_001/20221012_030000.WAV,Telephone Field,recover-20221013,001,1795
302.2655,302.3057,68437,82862,Rhinolophus ferrumequinum,0.026,0.026,-1,Echolocation,/mnt/ubna_data_02_mir/recover-20221013/UBNA_001/20221012_030000.WAV,Telephone Field,recover-20221013,001,1795
302.2735,302.2802,25468,38803,Plecotus austriacus,0.005,0.021,-1,Echolocation,/mnt/ubna_data_02_mir/recover-20221013/UBNA_001/20221012_030000.WAV,Telephone Field,recover-20221013,001,1795
302.2885,302.3005,25468,31428,Eptesicus serotinus,0.018,0.047,-1,Echolocation,/mnt/ubna_data_02_mir/recover-20221013/UBNA_001/20221012_030000.WAV,Telephone Field,recover-20221013,001,1795
302.2905,302.3323,68437,83255,Rhinolophus ferrumequinum,0.03,0.03,-1,Echolocation,/mnt/ubna_data_02_mir/recover-20221013/UBNA_001/20221012_030000.WAV,Telephone Field,recover-20221013,001,1795
302.3005,302.3387,68437,82821,Rhinolophus ferrumequinum,0.024,0.024,-1,Echolocation,/mnt/ubna_data_02_mir/recover-20221013/UBNA_001/20221012_030000.WAV,Telephone Field,recover-20221013,001,1795
302.3075,302.3152,27187,38691,Eptesicus serotinus,0.008,0.024,-1,Echolocation,/mnt/ubna_data_02_mir/recover-20221013/UBNA_001/20221012_030000.WAV,Telephone Field,recover-20221013,001,1795
302.3515,302.395,68437,82966,Rhinolophus ferrumequinum,0.027,0.027,-1,Echolocation,/mnt/ubna_data_02_mir/recover-20221013/UBNA_001/20221012_030000.WAV,Telephone Field,recover-20221013,001,1795
302.3875,302.3977,23750,29836,Nyctalus leisleri,0.008,0.022,-1,Echolocation,/mnt/ubna_data_02_mir/recover-20221013/UBNA_001/20221012_030000.WAV,Telephone Field,recover-20221013,001,1795
302.4045,302.444,68437,82757,Rhinolophus ferrumequinum,0.024,0.024,-1,Echolocation,/mnt/ubna_data_02_mir/recover-20221013/UBNA_001/20221012_030000.WAV,Telephone Field,recover-20221013,001,1795
302.4075,302.4158,43515,51170,Pipistrellus pipistrellus,0.019,0.022,-1,Echolocation,/mnt/ubna_data_02_mir/recover-20221013/UBNA_001/20221012_030000.WAV,Telephone Field,recover-20221013,001,1795
302.4395,302.4789,68437,82477,Rhinolophus ferrumequinum,0.025,0.025,-1,Echolocation,/mnt/ubna_data_02_mir/recover-20221013/UBNA_001/20221012_030000.WAV,Telephone Field,recover-20221013,001,1795
302.4675,302.4862,21171,24539,Nyctalus leisleri,0.025,0.044,-1,Echolocation,/mnt/ubna_data_02_mir/recover-20221013/UBNA_001/20221012_030000.WAV,Telephone Field,recover-20221013,001,1795
302.4895,302.5285,68437,82222,Rhinolophus ferrumequinum,0.032,0.032,-1,Echolocation,/mnt/ubna_data_02_mir/recover-20221013/UBNA_001/20221012_030000.WAV,Telephone Field,recover-20221013,001,1795
302.5105,302.5237,28046,34180,Eptesicus serotinus,0.019,0.033,-1,Echolocation,/mnt/ubna_data_02_mir/recover-20221013/UBNA_001/20221012_030000.WAV,Telephone Field,recover-20221013,001,1795
302.5385,302.5458,28046,41382,Eptesicus serotinus,0.01,0.03,-1,Echolocation,/mnt/ubna_data_02_mir/recover-20221013/UBNA_001/20221012_030000.WAV,Telephone Field,recover-20221013,001,1795
302.5465,302.587,68437,82723,Rhinolophus ferrumequinum,0.025,0.025,-1,Echolocation,/mnt/ubna_data_02_mir/recover-20221013/UBNA_001/20221012_030000.WAV,Telephone Field,recover-20221013,001,1795
302.5885,302.5969,47812,53117,Pipistrellus pipistrellus,0.022,0.024,-1,Echolocation,/mnt/ubna_data_02_mir/recover-20221013/UBNA_001/20221012_030000.WAV,Telephone Field,recover-20221013,001,1795
302.6485,302.6559,26328,36330,Eptesicus serotinus,0.012,0.034,-1,Echolocation,/mnt/ubna_data_02_mir/recover-20221013/UBNA_001/20221012_030000.WAV,Telephone Field,recover-20221013,001,1795
302.6885,302.6992,23750,30676,Nyctalus leisleri,0.01,0.025,-1,Echolocation,/mnt/ubna_data_02_mir/recover-20221013/UBNA_001/20221012_030000.WAV,Telephone Field,recover-20221013,001,1795
302.7405,302.7498,29765,37292,Eptesicus serotinus,0.007,0.021,-1,Echolocation,/mnt/ubna_data_02_mir/recover-20221013/UBNA_001/20221012_030000.WAV,Telephone Field,recover-20221013,001,1795
302.7775,302.7874,24609,31058,Nyctalus leisleri,0.01,0.026,-1,Echolocation,/mnt/ubna_data_02_mir/recover-20221013/UBNA_001/20221012_030000.WAV,Telephone Field,recover-20221013,001,1795
302.8045,302.8138,28046,36059,Eptesicus serotinus,0.01,0.021,-1,Echolocation,/mnt/ubna_data_02_mir/recover-20221013/UBNA_001/20221012_030000.WAV,Telephone Field,recover-20221013,001,1795
302.8605,302.8687,28046,40006,Eptesicus serotinus,0.008,0.022,-1,Echolocation,/mnt/ubna_data_02_mir/recover-20221013/UBNA_001/20221012_030000.WAV,Telephone Field,recover-20221013,001,1795
302.8985,302.9371,68437,82195,Rhinolophus ferrumequinum,0.023,0.023,-1,Echolocation,/mnt/ubna_data_02_mir/recover-20221013/UBNA_001/20221012_030000.WAV,Telephone Field,recover-20221013,001,1795
302.9185,302.9586,68437,82502,Rhinolophus ferrumequinum,0.03,0.03,-1,Echolocation,/mnt/ubna_data_02_mir/recover-20221013/UBNA_001/20221012_030000.WAV,Telephone Field,recover-20221013,001,1795
302.9295,302.9368,23750,31766,Plecotus austriacus,0.009,0.021,-1,Echolocation,/mnt/ubna_data_02_mir/recover-20221013/UBNA_001/20221012_030000.WAV,Telephone Field,recover-20221013,001,1795
302.9615,303.0065,68437,83555,Rhinolophus ferrumequinum,0.031,0.031,-1,Echolocation,/mnt/ubna_data_02_mir/recover-20221013/UBNA_001/20221012_030000.WAV,Telephone Field,recover-20221013,001,1795
302.9875,303.0261,68437,82567,Rhinolophus ferrumequinum,0.023,0.023,-1,Echolocation,/mnt/ubna_data_02_mir/recover-20221013/UBNA_001/20221012_030000.WAV,Telephone Field,recover-20221013,001,1795
303.0525,303.0933,68437,81890,Rhinolophus ferrumequinum,0.023,0.023,-1,Echolocation,/mnt/ubna_data_02_mir/recover-20221013/UBNA_001/20221012_030000.WAV,Telephone Field,recover-20221013,001,1795
303.1165,303.1281,43515,46852,Pipistrellus pipistrellus,0.038,0.043,-1,Echolocation,/mnt/ubna_data_02_mir/recover-20221013/UBNA_001/20221012_030000.WAV,Telephone Field,recover-20221013,001,1795
303.1545,303.1643,28906,37179,Eptesicus serotinus,0.01,0.023,-1,Echolocation,/mnt/ubna_data_02_mir/recover-20221013/UBNA_001/20221012_030000.WAV,Telephone Field,recover-20221013,001,1795
303.1735,303.2132,68437,82380,Rhinolophus ferrumequinum,0.029,0.029,-1,Echolocation,/mnt/ubna_data_02_mir/recover-20221013/UBNA_001/20221012_030000.WAV,Telephone Field,recover-20221013,001,1795
303.2325,303.2426,22890,28194,Nyctalus leisleri,0.012,0.028,-1,Echolocation,/mnt/ubna_data_02_mir/recover-20221013/UBNA_001/20221012_030000.WAV,Telephone Field,recover-20221013,001,1795
303.2365,303.2761,68437,83172,Rhinolophus ferrumequinum,0.025,0.025,-1,Echolocation,/mnt/ubna_data_02_mir/recover-20221013/UBNA_001/20221012_030000.WAV,Telephone Field,recover-20221013,001,1795
303.2745,303.2846,26328,33523,Eptesicus serotinus,0.008,0.021,-1,Echolocation,/mnt/ubna_data_02_mir/recover-20221013/UBNA_001/20221012_030000.WAV,Telephone Field,recover-20221013,001,1795
303.2925,303.3038,22890,27967,Nyctalus leisleri,0.011,0.022,-1,Echolocation,/mnt/ubna_data_02_mir/recover-20221013/UBNA_001/20221012_030000.WAV,Telephone Field,recover-20221013,001,1795
303.3245,303.3344,28046,36967,Eptesicus serotinus,0.011,0.026,-1,Echolocation,/mnt/ubna_data_02_mir/recover-20221013/UBNA_001/20221012_030000.WAV,Telephone Field,recover-20221013,001,1795
303.3365,303.3795,68437,82761,Rhinolophus ferrumequinum,0.022,0.022,-1,Echolocation,/mnt/ubna_data_02_mir/recover-20221013/UBNA_001/20221012_030000.WAV,Telephone Field,recover-20221013,001,1795
303.3825,303.4219,68437,81716,Rhinolophus ferrumequinum,0.022,0.022,-1,Echolocation,/mnt/ubna_data_02_mir/recover-20221013/UBNA_001/20221012_030000.WAV,Telephone Field,recover-20221013,001,1795
303.4415,303.4841,68437,82837,Rhinolophus ferrumequinum,0.029,0.029,-1,Echolocation,/mnt/ubna_data_02_mir/recover-20221013/UBNA_001/20221012_030000.WAV,Telephone Field,recover-20221013,001,1795
303.4455,303.4581,21171,24458,Nyctalus leisleri,0.013,0.022,-1,Echolocation,/mnt/ubna_data_02_mir/recover-20221013/UBNA_001/20221012_030000.WAV,Telephone Field,recover-20221013,001,1795
303.4565,303.464,28906,41217,Eptesicus serotinus,0.013,0.04,-1,Echolocation,/mnt/ubna_data_02_mir/recover-20221013/UBNA_001/20221012_030000.WAV,Telephone Field,recover-20221013,001,1795
303.4875,303.5256,68437,82345,Rhinolophus ferrumequinum,0.021,0.021,-1,Echolocation,/mnt/ubna_data_02_mir/recover-20221013/UBNA_001/20221012_030000.WAV,Telephone Field,recover-20221013,001,1795
303.5115,303.5207,22890,29289,Plecotus austriacus,0.007,0.021,-1,Echolocation,/mnt/ubna_data_02_mir/recover-20221013/UBNA_001/20221012_030000.WAV,Telephone Field,recover-20221013,001,1795
303.5495,303.5576,23750,31634,Plecotus austriacus,0.01,0.024,-1,Echolocation,/mnt/ubna_data_02_mir/recover-20221013/UBNA_001/20221012_030000.WAV,Telephone Field,recover-20221013,001,1795
303.5535,303.5922,68437,82535,Rhinolophus ferrumequinum,0.023,0.023,-1,Echolocation,/mnt/ubna_data_02_mir/recover-20221013/UBNA_001/20221012_030000.WAV,Telephone Field,recover-20221013,001,1795
303.6065,303.6143,27187,38748,Eptesicus serotinus,0.007,0.022,-1,Echolocation,/mnt/ubna_data_02_mir/recover-20221013/UBNA_001/20221012_030000.WAV,Telephone Field,recover-20221013,001,1795
303.6075,303.6452,68437,82636,Rhinolophus ferrumequinum,0.027,0.027,-1,Echolocation,/mnt/ubna_data_02_mir/recover-20221013/UBNA_001/20221012_030000.WAV,Telephone Field,recover-20221013,001,1795
303.6155,303.6226,23750,31541,Plecotus austriacus,0.009,0.021,-1,Echolocation,/mnt/ubna_data_02_mir/recover-20221013/UBNA_001/20221012_030000.WAV,Telephone Field,recover-20221013,001,1795
303.6285,303.6371,23750,31597,Plecotus austriacus,0.008,0.028,-1,Echolocation,/mnt/ubna_data_02_mir/recover-20221013/UBNA_001/20221012_030000.WAV,Telephone Field,recover-20221013,001,1795
303.6425,303.6831,68437,82477,Rhinolophus ferrumequinum,0.021,0.021,-1,Echolocation,/mnt/ubna_data_02_mir/recover-20221013/UBNA_001/20221012_030000.WAV,Telephone Field,recover-20221013,001,1795
303.6505,303.6906,68437,82273,Rhinolophus ferrumequinum,0.021,0.021,-1,Echolocation,/mnt/ubna_data_02_mir/recover-20221013/UBNA_001/20221012_030000.WAV,Telephone Field,recover-20221013,001,1795
303.6855,303.6958,27187,35530,Eptesicus serotinus,0.012,0.023,-1,Echolocation,/mnt/ubna_data_02_mir/recover-20221013/UBNA_001/20221012_030000.WAV,Telephone Field,recover-20221013,001,1795
303.7085,303.7456,68437,81552,Rhinolophus ferrumequinum,0.024,0.024,-1,Echolocation,/mnt/ubna_data_02_mir/recover-20221013/UBNA_001/20221012_030000.WAV,Telephone Field,recover-20221013,001,1795
303.7275,303.7401,24609,30994,Eptesicus serotinus,0.016,0.043,-1,Echolocation,/mnt/ubna_data_02_mir/recover-20221013/UBNA_001/20221012_030000.WAV,Telephone Field,recover-20221013,001,1795
303.7745,303.8152,68437,82916,Rhinolophus ferrumequinum,0.031,0.031,-1,Echolocation,/mnt/ubna_data_02_mir/recover-20221013/UBNA_001/20221012_030000.WAV,Telephone Field,recover-20221013,001,1795
303.7985,303.8394,68437,82328,Rhinolophus ferrumequinum,0.025,0.025,-1,Echolocation,/mnt/ubna_data_02_mir/recover-20221013/UBNA_001/20221012_030000.WAV,Telephone Field,recover-20221013,001,1795
303.8355,303.8743,68437,82233,Rhinolophus ferrumequinum,0.022,0.022,-1,Echolocation,/mnt/ubna_data_02_mir/recover-20221013/UBNA_001/20221012_030000.WAV,Telephone Field,recover-20221013,001,1795
303.8615,303.898,68437,81532,Rhinolophus ferrumequinum,0.021,0.021,-1,Echolocation,/mnt/ubna_data_02_mir/recover-20221013/UBNA_001/20221012_030000.WAV,Telephone Field,recover-20221013,001,1795
303.8865,303.8951,27187,38876,Eptesicus serotinus,0.008,0.023,-1,Echolocation,/mnt/ubna_data_02_mir/recover-20221013/UBNA_001/20221012_030000.WAV,Telephone Field,recover-20221013,001,1795
303.8975,303.9366,68437,82302,Rhinolophus ferrumequinum,0.021,0.021,-1,Echolocation,/mnt/ubna_data_02_mir/recover-20221013/UBNA_001/20221012_030000.WAV,Telephone Field,recover-20221013,001,1795
303.9245,303.9615,68437,81740,Rhinolophus ferrumequinum,0.022,0.022,-1,Echolocation,/mnt/ubna_data_02_mir/recover-20221013/UBNA_001/20221012_030000.WAV,Telephone Field,recover-20221013,001,1795
303.9495,303.9907,68437,83289,Rhinolophus ferrumequinum,0.028,0.028,-1,Echolocation,/mnt/ubna_data_02_mir/recover-20221013/UBNA_001/20221012_030000.WAV,Telephone Field,recover-20221013,001,1795
303.9655,303.9741,28906,37677,Eptesicus serotinus,0.011,0.027,-1,Echolocation,/mnt/ubna_data_02_mir/recover-20221013/UBNA_001/20221012_030000.WAV,Telephone Field,recover-20221013,001,1795
303.9805,303.9906,30625,40315,Eptesicus serotinus,0.007,0.021,-1,Echolocation,/mnt/ubna_data_02_mir/recover-20221013/UBNA_001/20221012_030000.WAV,Telephone Field,recover-20221013,001,1795
304.0015,304.0357,68437,80092,Rhinolophus ferrumequinum,0.045,0.046,-1,Echolocation,/mnt/ubna_data_02_mir/recover-20221013/UBNA_001/20221012_030000.WAV,Telephone Field,recover-20221013,001,1795
304.0015,304.0098,23750,31543,Nyctalus leisleri,0.008,0.029,-1,Echolocation,/mnt/ubna_data_02_mir/recover-20221013/UBNA_001/20221012_030000.WAV,Telephone Field,recover-20221013,001,1795
304.0105,304.0517,68437,81796,Rhinolophus ferrumequinum,0.023,0.023,-1,Echolocation,/mnt/ubna_data_02_mir/recover-20221013/UBNA_001/20221012_030000.WAV,Telephone Field,recover-20221013,001,1795
304.0605,304.099,68437,82517,Rhinolophus ferrumequinum,0.03,0.03,-1,Echolocation,/mnt/ubna_data_02_mir/recover-20221013/UBNA_001/20221012_030000.WAV,Telephone Field,recover-20221013,001,1795
304.0635,304.0739,22031,26936,Nyctalus leisleri,0.01,0.022,-1,Echolocation,/mnt/ubna_data_02_mir/recover-20221013/UBNA_001/20221012_030000.WAV,Telephone Field,recover-20221013,001,1795
304.0885,304.127,68437,81792,Rhinolophus ferrumequinum,0.023,0.023,-1,Echolocation,/mnt/ubna_data_02_mir/recover-20221013/UBNA_001/20221012_030000.WAV,Telephone Field,recover-20221013,001,1795
304.0895,304.0975,48671,54352,Pipistrellus pipistrellus,0.021,0.023,-1,Echolocation,/mnt/ubna_data_02_mir/recover-20221013/UBNA_001/20221012_030000.WAV,Telephone Field,recover-20221013,001,1795
304.1125,304.1242,23750,29226,Nyctalus leisleri,0.01,0.022,-1,Echolocation,/mnt/ubna_data_02_mir/recover-20221013/UBNA_001/20221012_030000.WAV,Telephone Field,recover-20221013,001,1795
304.1575,304.1952,68437,81773,Rhinolophus ferrumequinum,0.023,0.023,-1,Echolocation,/mnt/ubna_data_02_mir/recover-20221013/UBNA_001/20221012_030000.WAV,Telephone Field,recover-20221013,001,1795
304.1845,304.2232,68437,82149,Rhinolophus ferrumequinum,0.023,0.023,-1,Echolocation,/mnt/ubna_data_02_mir/recover-20221013/UBNA_001/20221012_030000.WAV,Telephone Field,recover-20221013,001,1795
304.2245,304.2616,68437,81555,Rhinolophus ferrumequinum,0.023,0.023,-1,Echolocation,/mnt/ubna_data_02_mir/recover-20221013/UBNA_001/20221012_030000.WAV,Telephone Field,recover-20221013,001,1795
304.2365,304.2704,68437,80339,Rhinolophus ferrumequinum,0.023,0.023,-1,Echolocation,/mnt/ubna_data_02_mir/recover-20221013/UBNA_001/20221012_030000.WAV,Telephone Field,recover-20221013,001,1795
304.2885,304.3279,68437,82030,Rhinolophus ferrumequinum,0.025,0.025,-1,Echolocation,/mnt/ubna_data_02_mir/recover-20221013/UBNA_001/20221012_030000.WAV,Telephone Field,recover-20221013,001,1795
304.3035,304.3433,68437,83171,Rhinolophus ferrumequinum,0.038,0.038,-1,Echolocation,/mnt/ubna_data_02_mir/recover-20221013/UBNA_001/20221012_030000.WAV,Telephone Field,recover-20221013,001,1795
304.3625,304.3764,22890,28411,Nyctalus leisleri,0.014,0.029,-1,Echolocation,/mnt/ubna_data_02_mir/recover-20221013/UBNA_001/20221012_030000.WAV,Telephone Field,recover-20221013,001,1795
304.3665,304.405,68437,82285,Rhinolophus ferrumequinum,0.023,0.024,-1,Echolocation,/mnt/ubna_data_02_mir/recover-20221013/UBNA_001/20221012_030000.WAV,Telephone Field,recover-20221013,001,1795
304.3765,304.415,68437,82212,Rhinolophus ferrumequinum,0.022,0.022,-1,Echolocation,/mnt/ubna_data_02_mir/recover-20221013/UBNA_001/20221012_030000.WAV,Telephone Field,recover-20221013,001,1795
304.4325,304.4721,68437,83047,Rhinolophus ferrumequinum,0.025,0.025,-1,Echolocation,/mnt/ubna_data_02_mir/recover-20221013/UBNA_001/20221012_030000.WAV,Telephone Field,recover-20221013,001,1795
304.4685,304.4776,28046,37150,Eptesicus serotinus,0.009,0.022,-1,Echolocation,/mnt/ubna_data_02_mir/recover-20221013/UBNA_001/20221012_030000.WAV,Telephone Field,recover-20221013,001,1795
304.4895,304.5324,68437,83472,Rhinolophus ferrumequinum,0.033,0.033,-1,Echolocation,/mnt/ubna_data_02_mir/recover-20221013/UBNA_001/20221012_030000.WAV,Telephone Field,recover-20221013,001,1795
304.5385,304.5468,26328,35317,Eptesicus serotinus,0.009,0.023,-1,Echolocation,/mnt/ubna_data_02_mir/recover-20221013/UBNA_001/20221012_030000.WAV,Telephone Field,recover-20221013,001,1795
304.5405,304.5493,43515,52275,Pipistrellus pipistrellus,0.007,0.022,-1,Echolocation,/mnt/ubna_data_02_mir/recover-20221013/UBNA_001/20221012_030000.WAV,Telephone Field,recover-20221013,001,1795
304.5445,304.5841,68437,82609,Rhinolophus ferrumequinum,0.024,0.024,-1,Echolocation,/mnt/ubna_data_02_mir/recover-20221013/UBNA_001/20221012_030000.WAV,Telephone Field,recover-20221013,001,1795
304.5565,304.5967,68437,82562,Rhinolophus ferrumequinum,0.023,0.023,-1,Echolocation,/mnt/ubna_data_02_mir/recover-20221013/UBNA_001/20221012_030000.WAV,Telephone Field,recover-20221013,001,1795
304.5725,304.5847,23750,29587,Nyctalus leisleri,0.014,0.034,-1,Echolocation,/mnt/ubna_data_02_mir/recover-20221013/UBNA_001/20221012_030000.WAV,Telephone Field,recover-20221013,001,1795
304.5735,304.6131,68437,82563,Rhinolophus ferrumequinum,0.025,0.025,-1,Echolocation,/mnt/ubna_data_02_mir/recover-20221013/UBNA_001/20221012_030000.WAV,Telephone Field,recover-20221013,001,1795
304.5885,304.6299,68437,83221,Rhinolophus ferrumequinum,0.035,0.035,-1,Echolocation,/mnt/ubna_data_02_mir/recover-20221013/UBNA_001/20221012_030000.WAV,Telephone Field,recover-20221013,001,1795
304.6175,304.6279,23750,29933,Nyctalus leisleri,0.01,0.025,-1,Echolocation,/mnt/ubna_data_02_mir/recover-20221013/UBNA_001/20221012_030000.WAV,Telephone Field,recover-20221013,001,1795
304.6435,304.6537,28046,35670,Eptesicus serotinus,0.009,0.022,-1,Echolocation,/mnt/ubna_data_02_mir/recover-20221013/UBNA_001/20221012_030000.WAV,Telephone Field,recover-20221013,001,1795
304.6565,304.6658,27187,36603,Eptesicus serotinus,0.01,0.024,-1,Echolocation,/mnt/ubna_data_02_mir/recover-20221013/UBNA_001/20221012_030000.WAV,Telephone Field,recover-20221013,001,1795
304.6695,304.6788,27187,38233,Eptesicus serotinus,0.009,0.022,-1,Echolocation,/mnt/ubna_data_02_mir/recover-20221013/UBNA_001/20221012_030000.WAV,Telephone Field,recover-20221013,001,1795
304.6725,304.7109,68437,82142,Rhinolophus ferrumequinum,0.022,0.022,-1,Echolocation,/mnt/ubna_data_02_mir/recover-20221013/UBNA_001/20221012_030000.WAV,Telephone Field,recover-20221013,001,1795
304.6785,304.7169,68437,82663,Rhinolophus ferrumequinum,0.022,0.022,-1,Echolocation,/mnt/ubna_data_02_mir/recover-20221013/UBNA_001/20221012_030000.WAV,Telephone Field,recover-20221013,001,1795
304.6955,304.7347,68437,82618,Rhinolophus ferrumequinum,0.022,0.022,-1,Echolocation,/mnt/ubna_data_02_mir/recover-20221013/UBNA_001/20221012_030000.WAV,Telephone Field,recover-20221013,001,1795
304.6995,304.7202,20312,23652,Nyctalus leisleri,0.017,0.034,-1,Echolocation,/mnt/ubna_data_02_mir/recover-20221013/UBNA_001/20221012_030000.WAV,Telephone Field,recover-20221013,001,1795
304.7025,304.7406,68437,82243,Rhinolophus ferrumequinum,0.024,0.024,-1,Echolocation,/mnt/ubna_data_02_mir/recover-20221013/UBNA_001/20221012_030000.WAV,Telephone Field,recover-20221013,001,1795
304.7455,304.786,68437,82457,Rhinolophus ferrumequinum,0.025,0.025,-1,Echolocation,/mnt/ubna_data_02_mir/recover-20221013/UBNA_001/20221012_030000.WAV,Telephone Field,recover-20221013,001,1795
304.8105,304.8511,68437,82627,Rhinolophus ferrumequinum,0.028,0.028,-1,Echolocation,/mnt/ubna_data_02_mir/recover-20221013/UBNA_001/20221012_030000.WAV,Telephone Field,recover-20221013,001,1795
304.8275,304.8674,68437,82277,Rhinolophus ferrumequinum,0.024,0.024,-1,Echolocation,/mnt/ubna_data_02_mir/recover-20221013/UBNA_001/20221012_030000.WAV,Telephone Field,recover-20221013,001,1795
304.8535,304.8901,68437,81612,Rhinolophus ferrumequinum,0.04,0.04,-1,Echolocation,/mnt/ubna_data_02_mir/recover-20221013/UBNA_001/20221012_030000.WAV,Telephone Field,recover-20221013,001,1795
304.9055,304.9236,19453,22947,Nyctalus noctula,0.013,0.027,-1,Echolocation,/mnt/ubna_data_02_mir/recover-20221013/UBNA_001/20221012_030000.WAV,Telephone Field,recover-20221013,001,1795
304.9225,304.9313,45234,53465,Pipistrellus pipistrellus,0.019,0.023,-1,Echolocation,/mnt/ubna_data_02_mir/recover-20221013/UBNA_001/20221012_030000.WAV,Telephone Field,recover-20221013,001,1795
304.9625,305.0029,68437,82364,Rhinolophus ferrumequinum,0.022,0.022,-1,Echolocation,/mnt/ubna_data_02_mir/recover-20221013/UBNA_001/20221012_030000.WAV,Telephone Field,recover-20221013,001,1795
304.9775,305.0144,68437,81880,Rhinolophus ferrumequinum,0.022,0.022,-1,Echolocation,/mnt/ubna_data_02_mir/recover-20221013/UBNA_001/20221012_030000.WAV,Telephone Field,recover-20221013,001,1795
304.9985,305.0081,28906,39357,Eptesicus serotinus,0.008,0.022,-1,Echolocation,/mnt/ubna_data_02_mir/recover-20221013/UBNA_001/20221012_030000.WAV,Telephone Field,recover-20221013,001,1795
305.0235,305.0629,68437,81782,Rhinolophus ferrumequinum,0.022,0.022,-1,Echolocation,/mnt/ubna_data_02_mir/recover-20221013/UBNA_001/20221012_030000.WAV,Telephone Field,recover-20221013,001,1795
305.0335,305.0731,68437,81263,Rhinolophus ferrumequinum,0.025,0.025,-1,Echolocation,/mnt/ubna_data_02_mir/recover-20221013/UBNA_001/20221012_030000.WAV,Telephone Field,recover-20221013,001,1795
305.0615,305.0713,28046,36043,Eptesicus serotinus,0.011,0.027,-1,Echolocation,/mnt/ubna_data_02_mir/recover-20221013/UBNA_001/20221012_030000.WAV,Telephone Field,recover-20221013,001,1795
305.0745,305.1142,68437,82597,Rhinolophus ferrumequinum,0.03,0.03,-1,Echolocation,/mnt/ubna_data_02_mir/recover-20221013/UBNA_001/20221012_030000.WAV,Telephone Field,recover-20221013,001,1795
305.0875,305.0965,28046,37249,Eptesicus serotinus,0.009,0.023,-1,Echolocation,/mnt/ubna_data_02_mir/recover-20221013/UBNA_001/20221012_030000.WAV,Telephone Field,recover-20221013,001,1795
305.1165,305.1247,24609,32408,Plecotus austriacus,0.006,0.023,-1,Echolocation,/mnt/ubna_data_02_mir/recover-20221013/UBNA_001/20221012_030000.WAV,Telephone Field,recover-20221013,001,1795
305.1255,305.1642,68437,81921,Rhinolophus ferrumequinum,0.022,0.022,-1,Echolocation,/mnt/ubna_data_02_mir/recover-20221013/UBNA_001/20221012_030000.WAV,Telephone Field,recover-20221013,001,1795
305.1315,305.1416,22890,27774,Nyctalus leisleri,0.01,0.022,-1,Echolocation,/mnt/ubna_data_02_mir/recover-20221013/UBNA_001/20221012_030000.WAV,Telephone Field,recover-20221013,001,1795
305.1535,305.1633,22890,29479,Nyctalus leisleri,0.009,0.025,-1,Echolocation,/mnt/ubna_data_02_mir/recover-20221013/UBNA_001/20221012_030000.WAV,Telephone Field,recover-20221013,001,1795
305.1665,305.1773,25468,30466,Nyctalus leisleri,0.012,0.03,-1,Echolocation,/mnt/ubna_data_02_mir/recover-20221013/UBNA_001/20221012_030000.WAV,Telephone Field,recover-20221013,001,1795
305.1715,305.2091,68437,81893,Rhinolophus ferrumequinum,0.023,0.023,-1,Echolocation,/mnt/ubna_data_02_mir/recover-20221013/UBNA_001/20221012_030000.WAV,Telephone Field,recover-20221013,001,1795
305.2085,305.2471,68437,81844,Rhinolophus ferrumequinum,0.028,0.028,-1,Echolocation,/mnt/ubna_data_02_mir/recover-20221013/UBNA_001/20221012_030000.WAV,Telephone Field,recover-20221013,001,1795
305.2145,305.2215,28046,39411,Eptesicus serotinus,0.006,0.022,-1,Echolocation,/mnt/ubna_data_02_mir/recover-20221013/UBNA_001/20221012_030000.WAV,Telephone Field,recover-20221013,001,1795
305.2405,305.2826,68437,83363,Rhinolophus ferrumequinum,0.028,0.028,-1,Echolocation,/mnt/ubna_data_02_mir/recover-20221013/UBNA_001/20221012_030000.WAV,Telephone Field,recover-20221013,001,1795
305.2445,305.2548,25468,33130,Eptesicus serotinus,0.009,0.022,-1,Echolocation,/mnt/ubna_data_02_mir/recover-20221013/UBNA_001/20221012_030000.WAV,Telephone Field,recover-20221013,001,1795
305.2755,305.3104,68437,80697,Rhinolophus ferrumequinum,0.023,0.023,-1,Echolocation,/mnt/ubna_data_02_mir/recover-20221013/UBNA_001/20221012_030000.WAV,Telephone Field,recover-20221013,001,1795
305.2965,305.3036,28046,41230,Eptesicus serotinus,0.007,0.024,-1,Echolocation,/mnt/ubna_data_02_mir/recover-20221013/UBNA_001/20221012_030000.WAV,Telephone Field,recover-20221013,001,1795
305.3075,305.3446,68437,82456,Rhinolophus ferrumequinum,0.024,0.024,-1,Echolocation,/mnt/ubna_data_02_mir/recover-20221013/UBNA_001/20221012_030000.WAV,Telephone Field,recover-20221013,001,1795
305.3755,305.3833,28046,39297,Eptesicus serotinus,0.008,0.023,-1,Echolocation,/mnt/ubna_data_02_mir/recover-20221013/UBNA_001/20221012_030000.WAV,Telephone Field,recover-20221013,001,1795
305.3815,305.4213,68437,82865,Rhinolophus ferrumequinum,0.022,0.022,-1,Echolocation,/mnt/ubna_data_02_mir/recover-20221013/UBNA_001/20221012_030000.WAV,Telephone Field,recover-20221013,001,1795
305.3965,305.4352,68437,81685,Rhinolophus ferrumequinum,0.024,0.024,-1,Echolocation,/mnt/ubna_data_02_mir/recover-20221013/UBNA_001/20221012_030000.WAV,Telephone Field,recover-20221013,001,1795
305.4045,305.4399,68437,82083,Rhinolophus ferrumequinum,0.024,0.024,-1,Echolocation,/mnt/ubna_data_02_mir/recover-20221013/UBNA_001/20221012_030000.WAV,Telephone Field,recover-20221013,001,1795
305.4395,305.4801,68437,82620,Rhinolophus ferrumequinum,0.024,0.024,-1,Echolocation,/mnt/ubna_data_02_mir/recover-20221013/UBNA_001/20221012_030000.WAV,Telephone Field,recover-20221013,001,1795
305.4415,305.4523,23750,29581,Nyctalus leisleri,0.012,0.026,-1,Echolocation,/mnt/ubna_data_02_mir/recover-20221013/UBNA_001/20221012_030000.WAV,Telephone Field,recover-20221013,001,1795
305.4705,305.5068,68437,81598,Rhinolophus ferrumequinum,0.023,0.023,-1,Echolocation,/mnt/ubna_data_02_mir/recover-20221013/UBNA_001/20221012_030000.WAV,Telephone Field,recover-20221013,001,1795
305.4975,305.5345,68437,82006,Rhinolophus ferrumequinum,0.025,0.025,-1,Echolocation,/mnt/ubna_data_02_mir/recover-20221013/UBNA_001/20221012_030000.WAV,Telephone Field,recover-20221013,001,1795
305.5645,305.5725,27187,37848,Eptesicus serotinus,0.007,0.022,-1,Echolocation,/mnt/ubna_data_02_mir/recover-20221013/UBNA_001/20221012_030000.WAV,Telephone Field,recover-20221013,001,1795
305.5765,305.6151,68437,82654,Rhinolophus ferrumequinum,0.023,0.023,-1,Echolocation,/mnt/ubna_data_02_mir/recover-20221013/UBNA_001/20221012_030000.WAV,Telephone Field,recover-20221013,001,1795
305.6005,305.6385,68437,82551,Rhinolophus ferrumequinum,0.022,0.022,-1,Echolocation,/mnt/ubna_data_02_mir/recover-20221013/UBNA_001/20221012_030000.WAV,Telephone Field,recover-20221013,001,1795
305.6195,305.6356,22890,27422,Nyctalus leisleri,0.021,0.039,-1,Echolocation,/mnt/ubna_data_02_mir/recover-20221013/UBNA_001/20221012_030000.WAV,Telephone Field,recover-20221013,001,1795
305.6465,305.6608,29765,35032,Eptesicus serotinus,0.034,0.054,-1,Echolocation,/mnt/ubna_data_02_mir/recover-20221013/UBNA_001/20221012_030000.WAV,Telephone Field,recover-20221013,001,1795
305.6725,305.70889999999997,68437,81803,Rhinolophus ferrumequinum,0.022,0.022,-1,Echolocation,/mnt/ubna_data_02_mir/recover-20221013/UBNA_001/20221012_030000.WAV,Telephone Field,recover-20221013,001,1795
305.6885,305.7274,68437,82146,Rhinolophus ferrumequinum,0.025,0.025,-1,Echolocation,/mnt/ubna_data_02_mir/recover-20221013/UBNA_001/20221012_030000.WAV,Telephone Field,recover-20221013,001,1795
305.6935,305.7015,22890,30510,Plecotus austriacus,0.011,0.024,-1,Echolocation,/mnt/ubna_data_02_mir/recover-20221013/UBNA_001/20221012_030000.WAV,Telephone Field,recover-20221013,001,1795
305.7095,305.7225,27187,33064,Eptesicus serotinus,0.021,0.039,-1,Echolocation,/mnt/ubna_data_02_mir/recover-20221013/UBNA_001/20221012_030000.WAV,Telephone Field,recover-20221013,001,1795
305.7345,305.7743,68437,82838,Rhinolophus ferrumequinum,0.022,0.022,-1,Echolocation,/mnt/ubna_data_02_mir/recover-20221013/UBNA_001/20221012_030000.WAV,Telephone Field,recover-20221013,001,1795
305.7595,305.801,68437,83476,Rhinolophus ferrumequinum,0.026,0.026,-1,Echolocation,/mnt/ubna_data_02_mir/recover-20221013/UBNA_001/20221012_030000.WAV,Telephone Field,recover-20221013,001,1795
305.7605,305.7809,20312,23359,Nyctalus leisleri,0.015,0.03,-1,Echolocation,/mnt/ubna_data_02_mir/recover-20221013/UBNA_001/20221012_030000.WAV,Telephone Field,recover-20221013,001,1795
305.7665,305.7735,26328,39992,Eptesicus serotinus,0.006,0.022,-1,Echolocation,/mnt/ubna_data_02_mir/recover-20221013/UBNA_001/20221012_030000.WAV,Telephone Field,recover-20221013,001,1795
305.8025,305.8388,68437,82280,Rhinolophus ferrumequinum,0.022,0.022,-1,Echolocation,/mnt/ubna_data_02_mir/recover-20221013/UBNA_001/20221012_030000.WAV,Telephone Field,recover-20221013,001,1795
305.8185,305.8271,28046,37898,Eptesicus serotinus,0.009,0.023,-1,Echolocation,/mnt/ubna_data_02_mir/recover-20221013/UBNA_001/20221012_030000.WAV,Telephone Field,recover-20221013,001,1795
305.8535,305.8941,68437,82721,Rhinolophus ferrumequinum,0.025,0.025,-1,Echolocation,/mnt/ubna_data_02_mir/recover-20221013/UBNA_001/20221012_030000.WAV,Telephone Field,recover-20221013,001,1795
305.8835,305.9209,68437,81654,Rhinolophus ferrumequinum,0.023,0.023,-1,Echolocation,/mnt/ubna_data_02_mir/recover-20221013/UBNA_001/20221012_030000.WAV,Telephone Field,recover-20221013,001,1795
305.8945,305.9031,22890,29589,Plecotus austriacus,0.008,0.023,-1,Echolocation,/mnt/ubna_data_02_mir/recover-20221013/UBNA_001/20221012_030000.WAV,Telephone Field,recover-20221013,001,1795
305.9325,305.9745,68437,82786,Rhinolophus ferrumequinum,0.022,0.022,-1,Echolocation,/mnt/ubna_data_02_mir/recover-20221013/UBNA_001/20221012_030000.WAV,Telephone Field,recover-20221013,001,1795
305.9355,305.9428,28046,37769,Eptesicus serotinus,0.006,0.023,-1,Echolocation,/mnt/ubna_data_02_mir/recover-20221013/UBNA_001/20221012_030000.WAV,Telephone Field,recover-20221013,001,1795
305.9535,305.9634,24609,32839,Eptesicus serotinus,0.008,0.025,-1,Echolocation,/mnt/ubna_data_02_mir/recover-20221013/UBNA_001/20221012_030000.WAV,Telephone Field,recover-20221013,001,1795
306.0015,306.0344,68437,80677,Rhinolophus ferrumequinum,0.042,0.042,-1,Echolocation,/mnt/ubna_data_02_mir/recover-20221013/UBNA_001/20221012_030000.WAV,Telephone Field,recover-20221013,001,1795
306.0015,306.0109,26328,35795,Eptesicus serotinus,0.013,0.041,-1,Echolocation,/mnt/ubna_data_02_mir/recover-20221013/UBNA_001/20221012_030000.WAV,Telephone Field,recover-20221013,001,1795
306.0135,306.0563,68437,82748,Rhinolophus ferrumequinum,0.024,0.024,-1,Echolocation,/mnt/ubna_data_02_mir/recover-20221013/UBNA_001/20221012_030000.WAV,Telephone Field,recover-20221013,001,1795
306.0215,306.0594,68437,81598,Rhinolophus ferrumequinum,0.021,0.021,-1,Echolocation,/mnt/ubna_data_02_mir/recover-20221013/UBNA_001/20221012_030000.WAV,Telephone Field,recover-20221013,001,1795
306.0655,306.1035,68437,82149,Rhinolophus ferrumequinum,0.023,0.023,-1,Echolocation,/mnt/ubna_data_02_mir/recover-20221013/UBNA_001/20221012_030000.WAV,Telephone Field,recover-20221013,001,1795
306.0665,306.0863,23750,28624,Nyctalus leisleri,0.049,0.098,-1,Echolocation,/mnt/ubna_data_02_mir/recover-20221013/UBNA_001/20221012_030000.WAV,Telephone Field,recover-20221013,001,1795
306.0835,306.1231,68437,82472,Rhinolophus ferrumequinum,0.022,0.022,-1,Echolocation,/mnt/ubna_data_02_mir/recover-20221013/UBNA_001/20221012_030000.WAV,Telephone Field,recover-20221013,001,1795
306.0915,306.1309,68437,81844,Rhinolophus ferrumequinum,0.022,0.022,-1,Echolocation,/mnt/ubna_data_02_mir/recover-20221013/UBNA_001/20221012_030000.WAV,Telephone Field,recover-20221013,001,1795
306.1075,306.1458,68437,82010,Rhinolophus ferrumequinum,0.022,0.022,-1,Echolocation,/mnt/ubna_data_02_mir/recover-20221013/UBNA_001/20221012_030000.WAV,Telephone Field,recover-20221013,001,1795
306.1335,306.1723,68437,82487,Rhinolophus ferrumequinum,0.021,0.021,-1,Echolocation,/mnt/ubna_data_02_mir/recover-20221013/UBNA_001/20221012_030000.WAV,Telephone Field,recover-20221013,001,1795
306.1905,306.2317,68437,83034,Rhinolophus ferrumequinum,0.025,0.025,-1,Echolocation,/mnt/ubna_data_02_mir/recover-20221013/UBNA_001/20221012_030000.WAV,Telephone Field,recover-20221013,001,1795
306.1965,306.2047,28046,37627,Eptesicus serotinus,0.008,0.022,-1,Echolocation,/mnt/ubna_data_02_mir/recover-20221013/UBNA_001/20221012_030000.WAV,Telephone Field,recover-20221013,001,1795
306.2405,306.2777,68437,81371,Rhinolophus ferrumequinum,0.022,0.022,-1,Echolocation,/mnt/ubna_data_02_mir/recover-20221013/UBNA_001/20221012_030000.WAV,Telephone Field,recover-20221013,001,1795
306.2505,306.2589,27187,37118,Eptesicus serotinus,0.01,0.029,-1,Echolocation,/mnt/ubna_data_02_mir/recover-20221013/UBNA_001/20221012_030000.WAV,Telephone Field,recover-20221013,001,1795
306.2525,306.2617,47812,51488,Pipistrellus pipistrellus,0.019,0.022,-1,Echolocation,/mnt/ubna_data_02_mir/recover-20221013/UBNA_001/20221012_030000.WAV,Telephone Field,recover-20221013,001,1795
306.2715,306.3098,68437,81629,Rhinolophus ferrumequinum,0.021,0.021,-1,Echolocation,/mnt/ubna_data_02_mir/recover-20221013/UBNA_001/20221012_030000.WAV,Telephone Field,recover-20221013,001,1795
306.2745,306.2822,28046,38957,Eptesicus serotinus,0.007,0.021,-1,Echolocation,/mnt/ubna_data_02_mir/recover-20221013/UBNA_001/20221012_030000.WAV,Telephone Field,recover-20221013,001,1795
306.2905,306.3081,20312,23411,Nyctalus leisleri,0.015,0.025,-1,Echolocation,/mnt/ubna_data_02_mir/recover-20221013/UBNA_001/20221012_030000.WAV,Telephone Field,recover-20221013,001,1795
306.2935,306.3288,68437,82076,Rhinolophus ferrumequinum,0.023,0.023,-1,Echolocation,/mnt/ubna_data_02_mir/recover-20221013/UBNA_001/20221012_030000.WAV,Telephone Field,recover-20221013,001,1795
306.2995,306.3393,68437,83023,Rhinolophus ferrumequinum,0.023,0.023,-1,Echolocation,/mnt/ubna_data_02_mir/recover-20221013/UBNA_001/20221012_030000.WAV,Telephone Field,recover-20221013,001,1795
306.3615,306.4012,68437,82314,Rhinolophus ferrumequinum,0.024,0.024,-1,Echolocation,/mnt/ubna_data_02_mir/recover-20221013/UBNA_001/20221012_030000.WAV,Telephone Field,recover-20221013,001,1795
306.4185,306.4263,28046,39241,Eptesicus serotinus,0.007,0.022,-1,Echolocation,/mnt/ubna_data_02_mir/recover-20221013/UBNA_001/20221012_030000.WAV,Telephone Field,recover-20221013,001,1795
306.4375,306.448,24609,31323,Nyctalus leisleri,0.012,0.032,-1,Echolocation,/mnt/ubna_data_02_mir/recover-20221013/UBNA_001/20221012_030000.WAV,Telephone Field,recover-20221013,001,1795
306.4755,306.513,68437,81791,Rhinolophus ferrumequinum,0.022,0.022,-1,Echolocation,/mnt/ubna_data_02_mir/recover-20221013/UBNA_001/20221012_030000.WAV,Telephone Field,recover-20221013,001,1795
306.4765,306.4837,27187,39135,Eptesicus serotinus,0.005,0.021,-1,Echolocation,/mnt/ubna_data_02_mir/recover-20221013/UBNA_001/20221012_030000.WAV,Telephone Field,recover-20221013,001,1795
306.4855,306.5234,68437,81473,Rhinolophus ferrumequinum,0.022,0.022,-1,Echolocation,/mnt/ubna_data_02_mir/recover-20221013/UBNA_001/20221012_030000.WAV,Telephone Field,recover-20221013,001,1795
306.5185,306.5598,68437,82532,Rhinolophus ferrumequinum,0.027,0.027,-1,Echolocation,/mnt/ubna_data_02_mir/recover-20221013/UBNA_001/20221012_030000.WAV,Telephone Field,recover-20221013,001,1795
306.5405,306.5786,68437,81703,Rhinolophus ferrumequinum,0.023,0.023,-1,Echolocation,/mnt/ubna_data_02_mir/recover-20221013/UBNA_001/20221012_030000.WAV,Telephone Field,recover-20221013,001,1795
306.5575,306.5731,58125,63604,Pipistrellus pygmaeus,0.026,0.026,-1,Echolocation,/mnt/ubna_data_02_mir/recover-20221013/UBNA_001/20221012_030000.WAV,Telephone Field,recover-20221013,001,1795
306.5705,306.6078,68437,81812,Rhinolophus ferrumequinum,0.023,0.023,-1,Echolocation,/mnt/ubna_data_02_mir/recover-20221013/UBNA_001/20221012_030000.WAV,Telephone Field,recover-20221013,001,1795
306.6665,306.6751,26328,35493,Eptesicus serotinus,0.009,0.024,-1,Echolocation,/mnt/ubna_data_02_mir/recover-20221013/UBNA_001/20221012_030000.WAV,Telephone Field,recover-20221013,001,1795
306.6765,306.7125,68437,81506,Rhinolophus ferrumequinum,0.021,0.021,-1,Echolocation,/mnt/ubna_data_02_mir/recover-20221013/UBNA_001/20221012_030000.WAV,Telephone Field,recover-20221013,001,1795
306.6865,306.7236,68437,81256,Rhinolophus ferrumequinum,0.023,0.023,-1,Echolocation,/mnt/ubna_data_02_mir/recover-20221013/UBNA_001/20221012_030000.WAV,Telephone Field,recover-20221013,001,1795
306.7085,306.7473,68437,81720,Rhinolophus ferrumequinum,0.032,0.032,-1,Echolocation,/mnt/ubna_data_02_mir/recover-20221013/UBNA_001/20221012_030000.WAV,Telephone Field,recover-20221013,001,1795
306.7465,306.7554,28046,38769,Eptesicus serotinus,0.007,0.021,-1,Echolocation,/mnt/ubna_data_02_mir/recover-20221013/UBNA_001/20221012_030000.WAV,Telephone Field,recover-20221013,001,1795
306.7865,306.825,68437,82186,Rhinolophus ferrumequinum,0.021,0.021,-1,Echolocation,/mnt/ubna_data_02_mir/recover-20221013/UBNA_001/20221012_030000.WAV,Telephone Field,recover-20221013,001,1795
306.8145,306.8216,28046,40342,Eptesicus serotinus,0.007,0.022,-1,Echolocation,/mnt/ubna_data_02_mir/recover-20221013/UBNA_001/20221012_030000.WAV,Telephone Field,recover-20221013,001,1795
306.8235,306.8627,68437,82293,Rhinolophus ferrumequinum,0.024,0.024,-1,Echolocation,/mnt/ubna_data_02_mir/recover-20221013/UBNA_001/20221012_030000.WAV,Telephone Field,recover-20221013,001,1795
306.8275,306.838,22031,26702,Nyctalus leisleri,0.01,0.021,-1,Echolocation,/mnt/ubna_data_02_mir/recover-20221013/UBNA_001/20221012_030000.WAV,Telephone Field,recover-20221013,001,1795
306.8805,306.8899,25468,33315,Eptesicus serotinus,0.013,0.03,-1,Echolocation,/mnt/ubna_data_02_mir/recover-20221013/UBNA_001/20221012_030000.WAV,Telephone Field,recover-20221013,001,1795
306.8965,306.9047,28046,38670,Eptesicus serotinus,0.007,0.021,-1,Echolocation,/mnt/ubna_data_02_mir/recover-20221013/UBNA_001/20221012_030000.WAV,Telephone Field,recover-20221013,001,1795
306.9275,306.9663,68437,81572,Rhinolophus ferrumequinum,0.025,0.025,-1,Echolocation,/mnt/ubna_data_02_mir/recover-20221013/UBNA_001/20221012_030000.WAV,Telephone Field,recover-20221013,001,1795
306.9885,307.02909999999997,68437,82547,Rhinolophus ferrumequinum,0.022,0.022,-1,Echolocation,/mnt/ubna_data_02_mir/recover-20221013/UBNA_001/20221012_030000.WAV,Telephone Field,recover-20221013,001,1795
307.0055,307.0482,68437,83079,Rhinolophus ferrumequinum,0.023,0.023,-1,Echolocation,/mnt/ubna_data_02_mir/recover-20221013/UBNA_001/20221012_030000.WAV,Telephone Field,recover-20221013,001,1795
307.0065,307.0169,22031,26527,Nyctalus leisleri,0.011,0.021,-1,Echolocation,/mnt/ubna_data_02_mir/recover-20221013/UBNA_001/20221012_030000.WAV,Telephone Field,recover-20221013,001,1795
307.0455,307.0555,22890,28450,Nyctalus leisleri,0.01,0.024,-1,Echolocation,/mnt/ubna_data_02_mir/recover-20221013/UBNA_001/20221012_030000.WAV,Telephone Field,recover-20221013,001,1795
307.0455,307.0831,68437,82130,Rhinolophus ferrumequinum,0.022,0.022,-1,Echolocation,/mnt/ubna_data_02_mir/recover-20221013/UBNA_001/20221012_030000.WAV,Telephone Field,recover-20221013,001,1795
307.0645,307.0755,22031,25756,Nyctalus leisleri,0.013,0.022,-1,Echolocation,/mnt/ubna_data_02_mir/recover-20221013/UBNA_001/20221012_030000.WAV,Telephone Field,recover-20221013,001,1795
307.0825,307.1266,68437,82931,Rhinolophus ferrumequinum,0.024,0.024,-1,Echolocation,/mnt/ubna_data_02_mir/recover-20221013/UBNA_001/20221012_030000.WAV,Telephone Field,recover-20221013,001,1795
307.1015,307.138,68437,81715,Rhinolophus ferrumequinum,0.022,0.022,-1,Echolocation,/mnt/ubna_data_02_mir/recover-20221013/UBNA_001/20221012_030000.WAV,Telephone Field,recover-20221013,001,1795
307.1335,307.1715,68437,82189,Rhinolophus ferrumequinum,0.027,0.027,-1,Echolocation,/mnt/ubna_data_02_mir/recover-20221013/UBNA_001/20221012_030000.WAV,Telephone Field,recover-20221013,001,1795
307.1665,307.207,68437,82465,Rhinolophus ferrumequinum,0.036,0.036,-1,Echolocation,/mnt/ubna_data_02_mir/recover-20221013/UBNA_001/20221012_030000.WAV,Telephone Field,recover-20221013,001,1795
307.1955,307.2039,27187,39145,Eptesicus serotinus,0.008,0.021,-1,Echolocation,/mnt/ubna_data_02_mir/recover-20221013/UBNA_001/20221012_030000.WAV,Telephone Field,recover-20221013,001,1795
307.2505,307.2613,23750,29163,Nyctalus leisleri,0.01,0.022,-1,Echolocation,/mnt/ubna_data_02_mir/recover-20221013/UBNA_001/20221012_030000.WAV,Telephone Field,recover-20221013,001,1795
307.2585,307.2654,27187,39566,Eptesicus serotinus,0.006,0.025,-1,Echolocation,/mnt/ubna_data_02_mir/recover-20221013/UBNA_001/20221012_030000.WAV,Telephone Field,recover-20221013,001,1795
307.2855,307.2938,49531,54211,Pipistrellus pipistrellus,0.024,0.026,-1,Echolocation,/mnt/ubna_data_02_mir/recover-20221013/UBNA_001/20221012_030000.WAV,Telephone Field,recover-20221013,001,1795
307.2995,307.3065,27187,38975,Eptesicus serotinus,0.007,0.023,-1,Echolocation,/mnt/ubna_data_02_mir/recover-20221013/UBNA_001/20221012_030000.WAV,Telephone Field,recover-20221013,001,1795
307.3075,307.347,68437,82573,Rhinolophus ferrumequinum,0.021,0.021,-1,Echolocation,/mnt/ubna_data_02_mir/recover-20221013/UBNA_001/20221012_030000.WAV,Telephone Field,recover-20221013,001,1795
307.3145,307.3535,68437,82778,Rhinolophus ferrumequinum,0.023,0.023,-1,Echolocation,/mnt/ubna_data_02_mir/recover-20221013/UBNA_001/20221012_030000.WAV,Telephone Field,recover-20221013,001,1795
307.3335,307.3732,68437,81662,Rhinolophus ferrumequinum,0.021,0.021,-1,Echolocation,/mnt/ubna_data_02_mir/recover-20221013/UBNA_001/20221012_030000.WAV,Telephone Field,recover-20221013,001,1795
307.3465,307.3848,68437,80720,Rhinolophus ferrumequinum,0.023,0.023,-1,Echolocation,/mnt/ubna_data_02_mir/recover-20221013/UBNA_001/20221012_030000.WAV,Telephone Field,recover-20221013,001,1795
307.3615,307.3685,40937,53476,Myotis mystacinus,0.006,0.022,-1,Echolocation,/mnt/ubna_data_02_mir/recover-20221013/UBNA_001/20221012_030000.WAV,Telephone Field,recover-20221013,001,1795
307.3915,307.435,68437,83362,Rhinolophus ferrumequinum,0.032,0.032,-1,Echolocation,/mnt/ubna_data_02_mir/recover-20221013/UBNA_001/20221012_030000.WAV,Telephone Field,recover-20221013,001,1795
307.4305,307.4414,22031,25508,Nyctalus leisleri,0.014,0.024,-1,Echolocation,/mnt/ubna_data_02_mir/recover-20221013/UBNA_001/20221012_030000.WAV,Telephone Field,recover-20221013,001,1795
307.4385,307.474,68437,81175,Rhinolophus ferrumequinum,0.022,0.022,-1,Echolocation,/mnt/ubna_data_02_mir/recover-20221013/UBNA_001/20221012_030000.WAV,Telephone Field,recover-20221013,001,1795
307.4835,307.4906,27187,45167,Eptesicus serotinus,0.009,0.029,-1,Echolocation,/mnt/ubna_data_02_mir/recover-20221013/UBNA_001/20221012_030000.WAV,Telephone Field,recover-20221013,001,1795
307.5085,307.5162,45234,49895,Pipistrellus pipistrellus,0.02,0.022,-1,Echolocation,/mnt/ubna_data_02_mir/recover-20221013/UBNA_001/20221012_030000.WAV,Telephone Field,recover-20221013,001,1795
307.5085,307.5472,68437,82070,Rhinolophus ferrumequinum,0.024,0.024,-1,Echolocation,/mnt/ubna_data_02_mir/recover-20221013/UBNA_001/20221012_030000.WAV,Telephone Field,recover-20221013,001,1795
307.5325,307.5428,24609,32532,Nyctalus leisleri,0.007,0.023,-1,Echolocation,/mnt/ubna_data_02_mir/recover-20221013/UBNA_001/20221012_030000.WAV,Telephone Field,recover-20221013,001,1795
307.5405,307.5498,25468,34504,Eptesicus serotinus,0.009,0.025,-1,Echolocation,/mnt/ubna_data_02_mir/recover-20221013/UBNA_001/20221012_030000.WAV,Telephone Field,recover-20221013,001,1795
307.5505,307.59,68437,81907,Rhinolophus ferrumequinum,0.028,0.028,-1,Echolocation,/mnt/ubna_data_02_mir/recover-20221013/UBNA_001/20221012_030000.WAV,Telephone Field,recover-20221013,001,1795
307.5795,307.5898,22031,26918,Nyctalus leisleri,0.01,0.021,-1,Echolocation,/mnt/ubna_data_02_mir/recover-20221013/UBNA_001/20221012_030000.WAV,Telephone Field,recover-20221013,001,1795
307.5955,307.6364,68437,82324,Rhinolophus ferrumequinum,0.024,0.024,-1,Echolocation,/mnt/ubna_data_02_mir/recover-20221013/UBNA_001/20221012_030000.WAV,Telephone Field,recover-20221013,001,1795
307.6185,307.6278,22890,30006,Plecotus austriacus,0.007,0.021,-1,Echolocation,/mnt/ubna_data_02_mir/recover-20221013/UBNA_001/20221012_030000.WAV,Telephone Field,recover-20221013,001,1795
307.6205,307.6285,28046,40100,Eptesicus serotinus,0.009,0.023,-1,Echolocation,/mnt/ubna_data_02_mir/recover-20221013/UBNA_001/20221012_030000.WAV,Telephone Field,recover-20221013,001,1795
307.6315,307.6708,68437,82291,Rhinolophus ferrumequinum,0.024,0.024,-1,Echolocation,/mnt/ubna_data_02_mir/recover-20221013/UBNA_001/20221012_030000.WAV,Telephone Field,recover-20221013,001,1795
307.6515,307.6886,68437,81567,Rhinolophus ferrumequinum,0.021,0.021,-1,Echolocation,/mnt/ubna_data_02_mir/recover-20221013/UBNA_001/20221012_030000.WAV,Telephone Field,recover-20221013,001,1795
307.6785,307.7191,68437,82079,Rhinolophus ferrumequinum,0.021,0.021,-1,Echolocation,/mnt/ubna_data_02_mir/recover-20221013/UBNA_001/20221012_030000.WAV,Telephone Field,recover-20221013,001,1795
307.6995,307.7143,15156,21147,Nyctalus noctula,0.025,0.033,-1,Echolocation,/mnt/ubna_data_02_mir/recover-20221013/UBNA_001/20221012_030000.WAV,Telephone Field,recover-20221013,001,1795
307.7295,307.7408,24609,29662,Nyctalus leisleri,0.01,0.021,-1,Echolocation,/mnt/ubna_data_02_mir/recover-20221013/UBNA_001/20221012_030000.WAV,Telephone Field,recover-20221013,001,1795
307.7375,307.7467,28906,38533,Eptesicus serotinus,0.007,0.021,-1,Echolocation,/mnt/ubna_data_02_mir/recover-20221013/UBNA_001/20221012_030000.WAV,Telephone Field,recover-20221013,001,1795
307.7585,307.8008,68437,82980,Rhinolophus ferrumequinum,0.032,0.032,-1,Echolocation,/mnt/ubna_data_02_mir/recover-20221013/UBNA_001/20221012_030000.WAV,Telephone Field,recover-20221013,001,1795
307.7685,307.8085,68437,82465,Rhinolophus ferrumequinum,0.023,0.023,-1,Echolocation,/mnt/ubna_data_02_mir/recover-20221013/UBNA_001/20221012_030000.WAV,Telephone Field,recover-20221013,001,1795
307.7945,307.8018,28046,37854,Eptesicus serotinus,0.009,0.026,-1,Echolocation,/mnt/ubna_data_02_mir/recover-20221013/UBNA_001/20221012_030000.WAV,Telephone Field,recover-20221013,001,1795
307.8285,307.8671,68437,82347,Rhinolophus ferrumequinum,0.023,0.023,-1,Echolocation,/mnt/ubna_data_02_mir/recover-20221013/UBNA_001/20221012_030000.WAV,Telephone Field,recover-20221013,001,1795
307.8295,307.8396,23750,30585,Nyctalus leisleri,0.009,0.026,-1,Echolocation,/mnt/ubna_data_02_mir/recover-20221013/UBNA_001/20221012_030000.WAV,Telephone Field,recover-20221013,001,1795
307.8575,307.867,24609,31561,Eptesicus serotinus,0.007,0.021,-1,Echolocation,/mnt/ubna_data_02_mir/recover-20221013/UBNA_001/20221012_030000.WAV,Telephone Field,recover-20221013,001,1795
307.8895,307.9222,68437,80531,Rhinolophus ferrumequinum,0.023,0.023,-1,Echolocation,/mnt/ubna_data_02_mir/recover-20221013/UBNA_001/20221012_030000.WAV,Telephone Field,recover-20221013,001,1795
307.8925,307.9026,22890,28573,Nyctalus leisleri,0.009,0.023,-1,Echolocation,/mnt/ubna_data_02_mir/recover-20221013/UBNA_001/20221012_030000.WAV,Telephone Field,recover-20221013,001,1795
307.8995,307.9398,68437,82136,Rhinolophus ferrumequinum,0.022,0.022,-1,Echolocation,/mnt/ubna_data_02_mir/recover-20221013/UBNA_001/20221012_030000.WAV,Telephone Field,recover-20221013,001,1795
307.9195,307.9272,22890,30794,Plecotus austriacus,0.014,0.027,-1,Echolocation,/mnt/ubna_data_02_mir/recover-20221013/UBNA_001/20221012_030000.WAV,Telephone Field,recover-20221013,001,1795
307.9275,307.9673,68437,82251,Rhinolophus ferrumequinum,0.024,0.024,-1,Echolocation,/mnt/ubna_data_02_mir/recover-20221013/UBNA_001/20221012_030000.WAV,Telephone Field,recover-20221013,001,1795
307.9465,307.9542,27187,39200,Eptesicus serotinus,0.007,0.023,-1,Echolocation,/mnt/ubna_data_02_mir/recover-20221013/UBNA_001/20221012_030000.WAV,Telephone Field,recover-20221013,001,1795
308.0015,308.0106,25468,34551,Nyctalus leisleri,0.008,0.024,-1,Echolocation,/mnt/ubna_data_02_mir/recover-20221013/UBNA_001/20221012_030000.WAV,Telephone Field,recover-20221013,001,1795
308.0015,308.0307,69296,82899,Rhinolophus ferrumequinum,0.029,0.029,-1,Echolocation,/mnt/ubna_data_02_mir/recover-20221013/UBNA_001/20221012_030000.WAV,Telephone Field,recover-20221013,001,1795
308.0015,308.0107,34921,44185,Pipistrellus nathusii,0.005,0.021,-1,Echolocation,/mnt/ubna_data_02_mir/recover-20221013/UBNA_001/20221012_030000.WAV,Telephone Field,recover-20221013,001,1795
308.0075,308.0456,68437,81344,Rhinolophus ferrumequinum,0.02,0.02,-1,Echolocation,/mnt/ubna_data_02_mir/recover-20221013/UBNA_001/20221012_030000.WAV,Telephone Field,recover-20221013,001,1795
308.0385,308.0506,23750,29559,Nyctalus leisleri,0.012,0.03,-1,Echolocation,/mnt/ubna_data_02_mir/recover-20221013/UBNA_001/20221012_030000.WAV,Telephone Field,recover-20221013,001,1795
308.0415,308.0804,68437,82084,Rhinolophus ferrumequinum,0.022,0.022,-1,Echolocation,/mnt/ubna_data_02_mir/recover-20221013/UBNA_001/20221012_030000.WAV,Telephone Field,recover-20221013,001,1795
308.0535,308.0692,22031,25885,Nyctalus leisleri,0.025,0.045,-1,Echolocation,/mnt/ubna_data_02_mir/recover-20221013/UBNA_001/20221012_030000.WAV,Telephone Field,recover-20221013,001,1795
308.0615,308.0977,68437,81370,Rhinolophus ferrumequinum,0.022,0.022,-1,Echolocation,/mnt/ubna_data_02_mir/recover-20221013/UBNA_001/20221012_030000.WAV,Telephone Field,recover-20221013,001,1795
308.1165,308.1534,68437,81907,Rhinolophus ferrumequinum,0.021,0.021,-1,Echolocation,/mnt/ubna_data_02_mir/recover-20221013/UBNA_001/20221012_030000.WAV,Telephone Field,recover-20221013,001,1795
308.1565,308.1956,68437,82117,Rhinolophus ferrumequinum,0.023,0.023,-1,Echolocation,/mnt/ubna_data_02_mir/recover-20221013/UBNA_001/20221012_030000.WAV,Telephone Field,recover-20221013,001,1795
308.2205,308.2622,68437,82881,Rhinolophus ferrumequinum,0.024,0.024,-1,Echolocation,/mnt/ubna_data_02_mir/recover-20221013/UBNA_001/20221012_030000.WAV,Telephone Field,recover-20221013,001,1795
308.2385,308.248,27187,35996,Eptesicus serotinus,0.012,0.026,-1,Echolocation,/mnt/ubna_data_02_mir/recover-20221013/UBNA_001/20221012_030000.WAV,Telephone Field,recover-20221013,001,1795
308.2795,308.3208,68437,82279,Rhinolophus ferrumequinum,0.021,0.021,-1,Echolocation,/mnt/ubna_data_02_mir/recover-20221013/UBNA_001/20221012_030000.WAV,Telephone Field,recover-20221013,001,1795
308.29449999999997,308.3369,68437,82728,Rhinolophus ferrumequinum,0.025,0.025,-1,Echolocation,/mnt/ubna_data_02_mir/recover-20221013/UBNA_001/20221012_030000.WAV,Telephone Field,recover-20221013,001,1795
308.3015,308.3457,68437,83805,Rhinolophus ferrumequinum,0.027,0.027,-1,Echolocation,/mnt/ubna_data_02_mir/recover-20221013/UBNA_001/20221012_030000.WAV,Telephone Field,recover-20221013,001,1795
308.3485,308.3593,28906,36531,Eptesicus serotinus,0.013,0.027,-1,Echolocation,/mnt/ubna_data_02_mir/recover-20221013/UBNA_001/20221012_030000.WAV,Telephone Field,recover-20221013,001,1795
308.3625,308.3714,28046,35447,Eptesicus serotinus,0.013,0.027,-1,Echolocation,/mnt/ubna_data_02_mir/recover-20221013/UBNA_001/20221012_030000.WAV,Telephone Field,recover-20221013,001,1795
308.3655,308.4052,68437,82513,Rhinolophus ferrumequinum,0.022,0.022,-1,Echolocation,/mnt/ubna_data_02_mir/recover-20221013/UBNA_001/20221012_030000.WAV,Telephone Field,recover-20221013,001,1795
308.3845,308.4241,68437,82229,Rhinolophus ferrumequinum,0.02,0.02,-1,Echolocation,/mnt/ubna_data_02_mir/recover-20221013/UBNA_001/20221012_030000.WAV,Telephone Field,recover-20221013,001,1795
308.4055,308.4436,68437,82250,Rhinolophus ferrumequinum,0.022,0.022,-1,Echolocation,/mnt/ubna_data_02_mir/recover-20221013/UBNA_001/20221012_030000.WAV,Telephone Field,recover-20221013,001,1795
308.4385,308.4466,26328,35366,Eptesicus serotinus,0.008,0.022,-1,Echolocation,/mnt/ubna_data_02_mir/recover-20221013/UBNA_001/20221012_030000.WAV,Telephone Field,recover-20221013,001,1795
308.4575,308.4972,68437,82643,Rhinolophus ferrumequinum,0.023,0.023,-1,Echolocation,/mnt/ubna_data_02_mir/recover-20221013/UBNA_001/20221012_030000.WAV,Telephone Field,recover-20221013,001,1795
308.4675,308.4761,25468,33439,Eptesicus serotinus,0.008,0.022,-1,Echolocation,/mnt/ubna_data_02_mir/recover-20221013/UBNA_001/20221012_030000.WAV,Telephone Field,recover-20221013,001,1795
308.4855,308.5251,68437,82271,Rhinolophus ferrumequinum,0.022,0.022,-1,Echolocation,/mnt/ubna_data_02_mir/recover-20221013/UBNA_001/20221012_030000.WAV,Telephone Field,recover-20221013,001,1795
308.5075,308.5144,35781,44535,Myotis daubentonii,0.008,0.025,-1,Echolocation,/mnt/ubna_data_02_mir/recover-20221013/UBNA_001/20221012_030000.WAV,Telephone Field,recover-20221013,001,1795
308.5115,308.5182,26328,38053,Eptesicus serotinus,0.005,0.023,-1,Echolocation,/mnt/ubna_data_02_mir/recover-20221013/UBNA_001/20221012_030000.WAV,Telephone Field,recover-20221013,001,1795
308.5385,308.5472,28046,39886,Eptesicus serotinus,0.008,0.021,-1,Echolocation,/mnt/ubna_data_02_mir/recover-20221013/UBNA_001/20221012_030000.WAV,Telephone Field,recover-20221013,001,1795
308.6025,308.6407,68437,82094,Rhinolophus ferrumequinum,0.022,0.022,-1,Echolocation,/mnt/ubna_data_02_mir/recover-20221013/UBNA_001/20221012_030000.WAV,Telephone Field,recover-20221013,001,1795
308.6215,308.6602,68437,81421,Rhinolophus ferrumequinum,0.02,0.02,-1,Echolocation,/mnt/ubna_data_02_mir/recover-20221013/UBNA_001/20221012_030000.WAV,Telephone Field,recover-20221013,001,1795
308.6285,308.6666,68437,81985,Rhinolophus ferrumequinum,0.021,0.021,-1,Echolocation,/mnt/ubna_data_02_mir/recover-20221013/UBNA_001/20221012_030000.WAV,Telephone Field,recover-20221013,001,1795
308.6745,308.7086,68437,81199,Rhinolophus ferrumequinum,0.022,0.022,-1,Echolocation,/mnt/ubna_data_02_mir/recover-20221013/UBNA_001/20221012_030000.WAV,Telephone Field,recover-20221013,001,1795
308.7105,308.7188,28046,37113,Eptesicus serotinus,0.01,0.024,-1,Echolocation,/mnt/ubna_data_02_mir/recover-20221013/UBNA_001/20221012_030000.WAV,Telephone Field,recover-20221013,001,1795
308.7605,308.7707,22890,28030,Nyctalus leisleri,0.009,0.021,-1,Echolocation,/mnt/ubna_data_02_mir/recover-20221013/UBNA_001/20221012_030000.WAV,Telephone Field,recover-20221013,001,1795
308.8415,308.8523,22890,28763,Nyctalus leisleri,0.012,0.028,-1,Echolocation,/mnt/ubna_data_02_mir/recover-20221013/UBNA_001/20221012_030000.WAV,Telephone Field,recover-20221013,001,1795
308.8595,308.8672,26328,35715,Eptesicus serotinus,0.008,0.023,-1,Echolocation,/mnt/ubna_data_02_mir/recover-20221013/UBNA_001/20221012_030000.WAV,Telephone Field,recover-20221013,001,1795
308.8765,308.8862,28046,36212,Eptesicus serotinus,0.009,0.021,-1,Echolocation,/mnt/ubna_data_02_mir/recover-20221013/UBNA_001/20221012_030000.WAV,Telephone Field,recover-20221013,001,1795
308.8775,308.919,68437,82829,Rhinolophus ferrumequinum,0.042,0.042,-1,Echolocation,/mnt/ubna_data_02_mir/recover-20221013/UBNA_001/20221012_030000.WAV,Telephone Field,recover-20221013,001,1795
308.8985,308.9062,28046,41100,Eptesicus serotinus,0.006,0.021,-1,Echolocation,/mnt/ubna_data_02_mir/recover-20221013/UBNA_001/20221012_030000.WAV,Telephone Field,recover-20221013,001,1795
308.9045,308.9449,68437,82695,Rhinolophus ferrumequinum,0.03,0.03,-1,Echolocation,/mnt/ubna_data_02_mir/recover-20221013/UBNA_001/20221012_030000.WAV,Telephone Field,recover-20221013,001,1795
308.9075,308.9147,35781,43869,Myotis daubentonii,0.007,0.022,-1,Echolocation,/mnt/ubna_data_02_mir/recover-20221013/UBNA_001/20221012_030000.WAV,Telephone Field,recover-20221013,001,1795
308.9085,308.9163,28046,39702,Eptesicus serotinus,0.008,0.024,-1,Echolocation,/mnt/ubna_data_02_mir/recover-20221013/UBNA_001/20221012_030000.WAV,Telephone Field,recover-20221013,001,1795
308.91949999999997,308.9296,22890,27415,Nyctalus leisleri,0.011,0.021,-1,Echolocation,/mnt/ubna_data_02_mir/recover-20221013/UBNA_001/20221012_030000.WAV,Telephone Field,recover-20221013,001,1795
308.9305,308.9683,68437,81417,Rhinolophus ferrumequinum,0.02,0.02,-1,Echolocation,/mnt/ubna_data_02_mir/recover-20221013/UBNA_001/20221012_030000.WAV,Telephone Field,recover-20221013,001,1795
308.9575,308.9665,24609,32373,Eptesicus serotinus,0.007,0.021,-1,Echolocation,/mnt/ubna_data_02_mir/recover-20221013/UBNA_001/20221012_030000.WAV,Telephone Field,recover-20221013,001,1795
308.9595,308.9963,68437,81966,Rhinolophus ferrumequinum,0.024,0.024,-1,Echolocation,/mnt/ubna_data_02_mir/recover-20221013/UBNA_001/20221012_030000.WAV,Telephone Field,recover-20221013,001,1795
308.9825,308.9939,47812,52000,Pipistrellus pipistrellus,0.028,0.034,-1,Echolocation,/mnt/ubna_data_02_mir/recover-20221013/UBNA_001/20221012_030000.WAV,Telephone Field,recover-20221013,001,1795
308.9845,309.026,68437,82930,Rhinolophus ferrumequinum,0.034,0.035,-1,Echolocation,/mnt/ubna_data_02_mir/recover-20221013/UBNA_001/20221012_030000.WAV,Telephone Field,recover-20221013,001,1795
309.0045,309.0179,22890,27708,Nyctalus leisleri,0.014,0.027,-1,Echolocation,/mnt/ubna_data_02_mir/recover-20221013/UBNA_001/20221012_030000.WAV,Telephone Field,recover-20221013,001,1795
309.0135,309.0502,68437,81806,Rhinolophus ferrumequinum,0.021,0.022,-1,Echolocation,/mnt/ubna_data_02_mir/recover-20221013/UBNA_001/20221012_030000.WAV,Telephone Field,recover-20221013,001,1795
309.0195,309.0272,28046,40021,Eptesicus serotinus,0.006,0.02,-1,Echolocation,/mnt/ubna_data_02_mir/recover-20221013/UBNA_001/20221012_030000.WAV,Telephone Field,recover-20221013,001,1795
309.0385,309.078,68437,82260,Rhinolophus ferrumequinum,0.021,0.021,-1,Echolocation,/mnt/ubna_data_02_mir/recover-20221013/UBNA_001/20221012_030000.WAV,Telephone Field,recover-20221013,001,1795
309.0885,309.0994,22890,28363,Nyctalus leisleri,0.011,0.025,-1,Echolocation,/mnt/ubna_data_02_mir/recover-20221013/UBNA_001/20221012_030000.WAV,Telephone Field,recover-20221013,001,1795
309.1075,309.115,26328,35749,Eptesicus serotinus,0.008,0.025,-1,Echolocation,/mnt/ubna_data_02_mir/recover-20221013/UBNA_001/20221012_030000.WAV,Telephone Field,recover-20221013,001,1795
309.1235,309.1596,68437,82029,Rhinolophus ferrumequinum,0.024,0.024,-1,Echolocation,/mnt/ubna_data_02_mir/recover-20221013/UBNA_001/20221012_030000.WAV,Telephone Field,recover-20221013,001,1795
309.1455,309.1868,68437,83062,Rhinolophus ferrumequinum,0.025,0.025,-1,Echolocation,/mnt/ubna_data_02_mir/recover-20221013/UBNA_001/20221012_030000.WAV,Telephone Field,recover-20221013,001,1795
309.1775,309.2204,68437,83299,Rhinolophus ferrumequinum,0.041,0.041,-1,Echolocation,/mnt/ubna_data_02_mir/recover-20221013/UBNA_001/20221012_030000.WAV,Telephone Field,recover-20221013,001,1795
309.2015,309.2414,68437,82370,Rhinolophus ferrumequinum,0.024,0.024,-1,Echolocation,/mnt/ubna_data_02_mir/recover-20221013/UBNA_001/20221012_030000.WAV,Telephone Field,recover-20221013,001,1795
309.2135,309.2232,24609,31482,Eptesicus serotinus,0.008,0.025,-1,Echolocation,/mnt/ubna_data_02_mir/recover-20221013/UBNA_001/20221012_030000.WAV,Telephone Field,recover-20221013,001,1795
309.2495,309.2594,23750,30412,Nyctalus leisleri,0.009,0.026,-1,Echolocation,/mnt/ubna_data_02_mir/recover-20221013/UBNA_001/20221012_030000.WAV,Telephone Field,recover-20221013,001,1795
309.2665,309.302,68437,81393,Rhinolophus ferrumequinum,0.023,0.023,-1,Echolocation,/mnt/ubna_data_02_mir/recover-20221013/UBNA_001/20221012_030000.WAV,Telephone Field,recover-20221013,001,1795
309.2735,309.3116,68437,81432,Rhinolophus ferrumequinum,0.022,0.022,-1,Echolocation,/mnt/ubna_data_02_mir/recover-20221013/UBNA_001/20221012_030000.WAV,Telephone Field,recover-20221013,001,1795
309.2915,309.2984,27187,39058,Eptesicus serotinus,0.008,0.023,-1,Echolocation,/mnt/ubna_data_02_mir/recover-20221013/UBNA_001/20221012_030000.WAV,Telephone Field,recover-20221013,001,1795
309.3125,309.3466,68437,80879,Rhinolophus ferrumequinum,0.021,0.021,-1,Echolocation,/mnt/ubna_data_02_mir/recover-20221013/UBNA_001/20221012_030000.WAV,Telephone Field,recover-20221013,001,1795
309.3415,309.3851,68437,83722,Rhinolophus ferrumequinum,0.038,0.038,-1,Echolocation,/mnt/ubna_data_02_mir/recover-20221013/UBNA_001/20221012_030000.WAV,Telephone Field,recover-20221013,001,1795
309.3435,309.3532,28906,36689,Eptesicus serotinus,0.008,0.021,-1,Echolocation,/mnt/ubna_data_02_mir/recover-20221013/UBNA_001/20221012_030000.WAV,Telephone Field,recover-20221013,001,1795
309.4065,309.4174,33203,40837,Eptesicus serotinus,0.009,0.025,-1,Echolocation,/mnt/ubna_data_02_mir/recover-20221013/UBNA_001/20221012_030000.WAV,Telephone Field,recover-20221013,001,1795
309.4075,309.4164,28906,39368,Eptesicus serotinus,0.009,0.025,-1,Echolocation,/mnt/ubna_data_02_mir/recover-20221013/UBNA_001/20221012_030000.WAV,Telephone Field,recover-20221013,001,1795
309.4085,309.4471,68437,81637,Rhinolophus ferrumequinum,0.021,0.021,-1,Echolocation,/mnt/ubna_data_02_mir/recover-20221013/UBNA_001/20221012_030000.WAV,Telephone Field,recover-20221013,001,1795
309.4375,309.4802,68437,83094,Rhinolophus ferrumequinum,0.034,0.034,-1,Echolocation,/mnt/ubna_data_02_mir/recover-20221013/UBNA_001/20221012_030000.WAV,Telephone Field,recover-20221013,001,1795
309.4395,309.4486,28046,37663,Eptesicus serotinus,0.01,0.025,-1,Echolocation,/mnt/ubna_data_02_mir/recover-20221013/UBNA_001/20221012_030000.WAV,Telephone Field,recover-20221013,001,1795
309.4405,309.4501,22031,28498,Plecotus austriacus,0.009,0.024,-1,Echolocation,/mnt/ubna_data_02_mir/recover-20221013/UBNA_001/20221012_030000.WAV,Telephone Field,recover-20221013,001,1795
309.4475,309.4565,28046,35836,Eptesicus serotinus,0.009,0.021,-1,Echolocation,/mnt/ubna_data_02_mir/recover-20221013/UBNA_001/20221012_030000.WAV,Telephone Field,recover-20221013,001,1795
309.4565,309.4694,51250,56011,Pipistrellus pipistrellus,0.038,0.05,-1,Echolocation,/mnt/ubna_data_02_mir/recover-20221013/UBNA_001/20221012_030000.WAV,Telephone Field,recover-20221013,001,1795
309.4575,309.4995,68437,82942,Rhinolophus ferrumequinum,0.021,0.021,-1,Echolocation,/mnt/ubna_data_02_mir/recover-20221013/UBNA_001/20221012_030000.WAV,Telephone Field,recover-20221013,001,1795
309.4845,309.4925,28046,39528,Eptesicus serotinus,0.007,0.021,-1,Echolocation,/mnt/ubna_data_02_mir/recover-20221013/UBNA_001/20221012_030000.WAV,Telephone Field,recover-20221013,001,1795
309.4945,309.5312,68437,81736,Rhinolophus ferrumequinum,0.022,0.022,-1,Echolocation,/mnt/ubna_data_02_mir/recover-20221013/UBNA_001/20221012_030000.WAV,Telephone Field,recover-20221013,001,1795
309.6205,309.6565,68437,81637,Rhinolophus ferrumequinum,0.02,0.02,-1,Echolocation,/mnt/ubna_data_02_mir/recover-20221013/UBNA_001/20221012_030000.WAV,Telephone Field,recover-20221013,001,1795
309.6425,309.6525,23750,30021,Nyctalus leisleri,0.009,0.023,-1,Echolocation,/mnt/ubna_data_02_mir/recover-20221013/UBNA_001/20221012_030000.WAV,Telephone Field,recover-20221013,001,1795
309.6535,309.692,68437,81840,Rhinolophus ferrumequinum,0.021,0.021,-1,Echolocation,/mnt/ubna_data_02_mir/recover-20221013/UBNA_001/20221012_030000.WAV,Telephone Field,recover-20221013,001,1795
309.6655,309.6753,28046,39926,Eptesicus serotinus,0.013,0.027,-1,Echolocation,/mnt/ubna_data_02_mir/recover-20221013/UBNA_001/20221012_030000.WAV,Telephone Field,recover-20221013,001,1795
309.7015,309.7082,24609,34430,Plecotus austriacus,0.012,0.031,-1,Echolocation,/mnt/ubna_data_02_mir/recover-20221013/UBNA_001/20221012_030000.WAV,Telephone Field,recover-20221013,001,1795
309.7325,309.7724,68437,82540,Rhinolophus ferrumequinum,0.022,0.022,-1,Echolocation,/mnt/ubna_data_02_mir/recover-20221013/UBNA_001/20221012_030000.WAV,Telephone Field,recover-20221013,001,1795
309.7355,309.7458,14296,21518,Nyctalus noctula,0.01,0.02,-1,Echolocation,/mnt/ubna_data_02_mir/recover-20221013/UBNA_001/20221012_030000.WAV,Telephone Field,recover-20221013,001,1795
309.7465,309.7888,68437,82537,Rhinolophus ferrumequinum,0.023,0.023,-1,Echolocation,/mnt/ubna_data_02_mir/recover-20221013/UBNA_001/20221012_030000.WAV,Telephone Field,recover-20221013,001,1795
309.7655,309.7762,23750,29948,Nyctalus leisleri,0.009,0.022,-1,Echolocation,/mnt/ubna_data_02_mir/recover-20221013/UBNA_001/20221012_030000.WAV,Telephone Field,recover-20221013,001,1795
309.8115,309.8206,23750,30924,Nyctalus leisleri,0.006,0.022,-1,Echolocation,/mnt/ubna_data_02_mir/recover-20221013/UBNA_001/20221012_030000.WAV,Telephone Field,recover-20221013,001,1795
309.8125,309.8521,68437,82375,Rhinolophus ferrumequinum,0.022,0.022,-1,Echolocation,/mnt/ubna_data_02_mir/recover-20221013/UBNA_001/20221012_030000.WAV,Telephone Field,recover-20221013,001,1795
309.8155,309.8225,46093,56110,Pipistrellus pipistrellus,0.012,0.021,-1,Echolocation,/mnt/ubna_data_02_mir/recover-20221013/UBNA_001/20221012_030000.WAV,Telephone Field,recover-20221013,001,1795
309.8275,309.8353,28046,37865,Eptesicus serotinus,0.008,0.022,-1,Echolocation,/mnt/ubna_data_02_mir/recover-20221013/UBNA_001/20221012_030000.WAV,Telephone Field,recover-20221013,001,1795
309.8365,309.8464,24609,32225,Eptesicus serotinus,0.01,0.025,-1,Echolocation,/mnt/ubna_data_02_mir/recover-20221013/UBNA_001/20221012_030000.WAV,Telephone Field,recover-20221013,001,1795
309.8375,309.8762,68437,81433,Rhinolophus ferrumequinum,0.022,0.022,-1,Echolocation,/mnt/ubna_data_02_mir/recover-20221013/UBNA_001/20221012_030000.WAV,Telephone Field,recover-20221013,001,1795
309.8775,309.8878,22031,26005,Nyctalus leisleri,0.013,0.023,-1,Echolocation,/mnt/ubna_data_02_mir/recover-20221013/UBNA_001/20221012_030000.WAV,Telephone Field,recover-20221013,001,1795
309.8995,309.9386,68437,81927,Rhinolophus ferrumequinum,0.022,0.022,-1,Echolocation,/mnt/ubna_data_02_mir/recover-20221013/UBNA_001/20221012_030000.WAV,Telephone Field,recover-20221013,001,1795
309.9065,309.9437,68437,81725,Rhinolophus ferrumequinum,0.02,0.02,-1,Echolocation,/mnt/ubna_data_02_mir/recover-20221013/UBNA_001/20221012_030000.WAV,Telephone Field,recover-20221013,001,1795
309.9425,309.9817,68437,82057,Rhinolophus ferrumequinum,0.02,0.02,-1,Echolocation,/mnt/ubna_data_02_mir/recover-20221013/UBNA_001/20221012_030000.WAV,Telephone Field,recover-20221013,001,1795
309.95550000000003,309.994,68437,82268,Rhinolophus ferrumequinum,0.021,0.021,-1,Echolocation,/mnt/ubna_data_02_mir/recover-20221013/UBNA_001/20221012_030000.WAV,Telephone Field,recover-20221013,001,1795
309.9885,309.9988,27187,37001,Eptesicus serotinus,0.01,0.023,-1,Echolocation,/mnt/ubna_data_02_mir/recover-20221013/UBNA_001/20221012_030000.WAV,Telephone Field,recover-20221013,001,1795
310.0015,310.0107,26328,35283,Nyctalus leisleri,0.008,0.026,-1,Echolocation,/mnt/ubna_data_02_mir/recover-20221013/UBNA_001/20221012_030000.WAV,Telephone Field,recover-20221013,001,1795
310.0015,310.0148,19453,22827,Nyctalus leisleri,0.012,0.023,-1,Echolocation,/mnt/ubna_data_02_mir/recover-20221013/UBNA_001/20221012_030000.WAV,Telephone Field,recover-20221013,001,1795
310.0015,310.0332,68437,80077,Rhinolophus ferrumequinum,0.031,0.031,-1,Echolocation,/mnt/ubna_data_02_mir/recover-20221013/UBNA_001/20221012_030000.WAV,Telephone Field,recover-20221013,001,1795
310.0015,310.0087,48671,55648,Pipistrellus pipistrellus,0.015,0.021,-1,Echolocation,/mnt/ubna_data_02_mir/recover-20221013/UBNA_001/20221012_030000.WAV,Telephone Field,recover-20221013,001,1795
310.0125,310.0548,68437,82786,Rhinolophus ferrumequinum,0.021,0.021,-1,Echolocation,/mnt/ubna_data_02_mir/recover-20221013/UBNA_001/20221012_030000.WAV,Telephone Field,recover-20221013,001,1795
310.0755,310.0844,23750,30766,Plecotus austriacus,0.007,0.024,-1,Echolocation,/mnt/ubna_data_02_mir/recover-20221013/UBNA_001/20221012_030000.WAV,Telephone Field,recover-20221013,001,1795
310.0875,310.1254,68437,82598,Rhinolophus ferrumequinum,0.02,0.02,-1,Echolocation,/mnt/ubna_data_02_mir/recover-20221013/UBNA_001/20221012_030000.WAV,Telephone Field,recover-20221013,001,1795
310.1125,310.1262,56406,60828,Pipistrellus pygmaeus,0.029,0.03,-1,Echolocation,/mnt/ubna_data_02_mir/recover-20221013/UBNA_001/20221012_030000.WAV,Telephone Field,recover-20221013,001,1795
310.1395,310.147,28046,38052,Eptesicus serotinus,0.007,0.023,-1,Echolocation,/mnt/ubna_data_02_mir/recover-20221013/UBNA_001/20221012_030000.WAV,Telephone Field,recover-20221013,001,1795
310.1745,310.1848,27187,34971,Eptesicus serotinus,0.01,0.022,-1,Echolocation,/mnt/ubna_data_02_mir/recover-20221013/UBNA_001/20221012_030000.WAV,Telephone Field,recover-20221013,001,1795
310.1925,310.228,68437,81843,Rhinolophus ferrumequinum,0.021,0.021,-1,Echolocation,/mnt/ubna_data_02_mir/recover-20221013/UBNA_001/20221012_030000.WAV,Telephone Field,recover-20221013,001,1795
310.2315,310.2729,68437,82727,Rhinolophus ferrumequinum,0.029,0.029,-1,Echolocation,/mnt/ubna_data_02_mir/recover-20221013/UBNA_001/20221012_030000.WAV,Telephone Field,recover-20221013,001,1795
310.2565,310.2953,68437,82173,Rhinolophus ferrumequinum,0.028,0.028,-1,Echolocation,/mnt/ubna_data_02_mir/recover-20221013/UBNA_001/20221012_030000.WAV,Telephone Field,recover-20221013,001,1795
310.2755,310.3169,68437,82519,Rhinolophus ferrumequinum,0.022,0.022,-1,Echolocation,/mnt/ubna_data_02_mir/recover-20221013/UBNA_001/20221012_030000.WAV,Telephone Field,recover-20221013,001,1795
310.2805,310.2899,27187,36969,Eptesicus serotinus,0.01,0.024,-1,Echolocation,/mnt/ubna_data_02_mir/recover-20221013/UBNA_001/20221012_030000.WAV,Telephone Field,recover-20221013,001,1795
310.2895,310.3023,23750,28384,Nyctalus leisleri,0.011,0.024,-1,Echolocation,/mnt/ubna_data_02_mir/recover-20221013/UBNA_001/20221012_030000.WAV,Telephone Field,recover-20221013,001,1795
310.3015,310.3441,68437,83108,Rhinolophus ferrumequinum,0.037,0.037,-1,Echolocation,/mnt/ubna_data_02_mir/recover-20221013/UBNA_001/20221012_030000.WAV,Telephone Field,recover-20221013,001,1795
310.3255,310.364,68437,82054,Rhinolophus ferrumequinum,0.021,0.021,-1,Echolocation,/mnt/ubna_data_02_mir/recover-20221013/UBNA_001/20221012_030000.WAV,Telephone Field,recover-20221013,001,1795
310.3475,310.3898,68437,82823,Rhinolophus ferrumequinum,0.025,0.025,-1,Echolocation,/mnt/ubna_data_02_mir/recover-20221013/UBNA_001/20221012_030000.WAV,Telephone Field,recover-20221013,001,1795
310.3775,310.3878,28046,36307,Eptesicus serotinus,0.01,0.024,-1,Echolocation,/mnt/ubna_data_02_mir/recover-20221013/UBNA_001/20221012_030000.WAV,Telephone Field,recover-20221013,001,1795
310.3965,310.4056,46953,52399,Pipistrellus pipistrellus,0.031,0.034,-1,Echolocation,/mnt/ubna_data_02_mir/recover-20221013/UBNA_001/20221012_030000.WAV,Telephone Field,recover-20221013,001,1795
310.4095,310.4158,27187,41585,Eptesicus serotinus,0.005,0.022,-1,Echolocation,/mnt/ubna_data_02_mir/recover-20221013/UBNA_001/20221012_030000.WAV,Telephone Field,recover-20221013,001,1795
310.4465,310.4877,68437,82408,Rhinolophus ferrumequinum,0.022,0.022,-1,Echolocation,/mnt/ubna_data_02_mir/recover-20221013/UBNA_001/20221012_030000.WAV,Telephone Field,recover-20221013,001,1795
310.4615,310.4961,68437,81359,Rhinolophus ferrumequinum,0.021,0.021,-1,Echolocation,/mnt/ubna_data_02_mir/recover-20221013/UBNA_001/20221012_030000.WAV,Telephone Field,recover-20221013,001,1795
310.4975,310.5356,68437,81806,Rhinolophus ferrumequinum,0.021,0.021,-1,Echolocation,/mnt/ubna_data_02_mir/recover-20221013/UBNA_001/20221012_030000.WAV,Telephone Field,recover-20221013,001,1795
310.5065,310.5421,68437,80955,Rhinolophus ferrumequinum,0.021,0.021,-1,Echolocation,/mnt/ubna_data_02_mir/recover-20221013/UBNA_001/20221012_030000.WAV,Telephone Field,recover-20221013,001,1795
310.5175,310.52570000000003,28046,38321,Eptesicus serotinus,0.007,0.023,-1,Echolocation,/mnt/ubna_data_02_mir/recover-20221013/UBNA_001/20221012_030000.WAV,Telephone Field,recover-20221013,001,1795
310.5545,310.5947,68437,82459,Rhinolophus ferrumequinum,0.022,0.023,-1,Echolocation,/mnt/ubna_data_02_mir/recover-20221013/UBNA_001/20221012_030000.WAV,Telephone Field,recover-20221013,001,1795
310.5755,310.5895,49531,54258,Pipistrellus pipistrellus,0.059,0.065,-1,Echolocation,/mnt/ubna_data_02_mir/recover-20221013/UBNA_001/20221012_030000.WAV,Telephone Field,recover-20221013,001,1795
310.5815,310.6177,68437,81823,Rhinolophus ferrumequinum,0.025,0.025,-1,Echolocation,/mnt/ubna_data_02_mir/recover-20221013/UBNA_001/20221012_030000.WAV,Telephone Field,recover-20221013,001,1795
310.6345,310.6716,68437,81697,Rhinolophus ferrumequinum,0.02,0.02,-1,Echolocation,/mnt/ubna_data_02_mir/recover-20221013/UBNA_001/20221012_030000.WAV,Telephone Field,recover-20221013,001,1795
310.6755,310.7135,68437,81768,Rhinolophus ferrumequinum,0.021,0.021,-1,Echolocation,/mnt/ubna_data_02_mir/recover-20221013/UBNA_001/20221012_030000.WAV,Telephone Field,recover-20221013,001,1795
310.6815,310.7198,68437,82221,Rhinolophus ferrumequinum,0.021,0.021,-1,Echolocation,/mnt/ubna_data_02_mir/recover-20221013/UBNA_001/20221012_030000.WAV,Telephone Field,recover-20221013,001,1795
310.6845,310.6945,22890,28443,Nyctalus leisleri,0.012,0.03,-1,Echolocation,/mnt/ubna_data_02_mir/recover-20221013/UBNA_001/20221012_030000.WAV,Telephone Field,recover-20221013,001,1795
310.7005,310.7408,68437,82352,Rhinolophus ferrumequinum,0.03,0.03,-1,Echolocation,/mnt/ubna_data_02_mir/recover-20221013/UBNA_001/20221012_030000.WAV,Telephone Field,recover-20221013,001,1795
310.7265,310.7684,68437,82746,Rhinolophus ferrumequinum,0.024,0.024,-1,Echolocation,/mnt/ubna_data_02_mir/recover-20221013/UBNA_001/20221012_030000.WAV,Telephone Field,recover-20221013,001,1795
310.7305,310.7404,26328,34860,Eptesicus serotinus,0.012,0.026,-1,Echolocation,/mnt/ubna_data_02_mir/recover-20221013/UBNA_001/20221012_030000.WAV,Telephone Field,recover-20221013,001,1795
310.7535,310.7611,47812,53600,Pipistrellus pipistrellus,0.021,0.022,-1,Echolocation,/mnt/ubna_data_02_mir/recover-20221013/UBNA_001/20221012_030000.WAV,Telephone Field,recover-20221013,001,1795
310.7685,310.8033,68437,81112,Rhinolophus ferrumequinum,0.022,0.022,-1,Echolocation,/mnt/ubna_data_02_mir/recover-20221013/UBNA_001/20221012_030000.WAV,Telephone Field,recover-20221013,001,1795
310.7805,310.816,68437,80732,Rhinolophus ferrumequinum,0.02,0.021,-1,Echolocation,/mnt/ubna_data_02_mir/recover-20221013/UBNA_001/20221012_030000.WAV,Telephone Field,recover-20221013,001,1795
310.7895,310.7998,22890,28051,Nyctalus leisleri,0.009,0.022,-1,Echolocation,/mnt/ubna_data_02_mir/recover-20221013/UBNA_001/20221012_030000.WAV,Telephone Field,recover-20221013,001,1795
310.7905,310.827,68437,82140,Rhinolophus ferrumequinum,0.02,0.02,-1,Echolocation,/mnt/ubna_data_02_mir/recover-20221013/UBNA_001/20221012_030000.WAV,Telephone Field,recover-20221013,001,1795
310.7925,310.8006,28046,38531,Eptesicus serotinus,0.006,0.02,-1,Echolocation,/mnt/ubna_data_02_mir/recover-20221013/UBNA_001/20221012_030000.WAV,Telephone Field,recover-20221013,001,1795
310.8325,310.8736,68437,82495,Rhinolophus ferrumequinum,0.02,0.02,-1,Echolocation,/mnt/ubna_data_02_mir/recover-20221013/UBNA_001/20221012_030000.WAV,Telephone Field,recover-20221013,001,1795
310.8415,310.8816,68437,82469,Rhinolophus ferrumequinum,0.022,0.022,-1,Echolocation,/mnt/ubna_data_02_mir/recover-20221013/UBNA_001/20221012_030000.WAV,Telephone Field,recover-20221013,001,1795
310.9185,310.927,23750,31012,Plecotus austriacus,0.008,0.023,-1,Echolocation,/mnt/ubna_data_02_mir/recover-20221013/UBNA_001/20221012_030000.WAV,Telephone Field,recover-20221013,001,1795
310.9405,310.9758,68437,81019,Rhinolophus ferrumequinum,0.02,0.02,-1,Echolocation,/mnt/ubna_data_02_mir/recover-20221013/UBNA_001/20221012_030000.WAV,Telephone Field,recover-20221013,001,1795
310.9435,310.9501,50390,56607,Pipistrellus pipistrellus,0.021,0.024,-1,Echolocation,/mnt/ubna_data_02_mir/recover-20221013/UBNA_001/20221012_030000.WAV,Telephone Field,recover-20221013,001,1795
310.9465,310.9831,68437,81296,Rhinolophus ferrumequinum,0.021,0.021,-1,Echolocation,/mnt/ubna_data_02_mir/recover-20221013/UBNA_001/20221012_030000.WAV,Telephone Field,recover-20221013,001,1795
310.9495,310.96,23750,29036,Nyctalus leisleri,0.009,0.021,-1,Echolocation,/mnt/ubna_data_02_mir/recover-20221013/UBNA_001/20221012_030000.WAV,Telephone Field,recover-20221013,001,1795
310.9735,311.0118,68437,82295,Rhinolophus ferrumequinum,0.021,0.021,-1,Echolocation,/mnt/ubna_data_02_mir/recover-20221013/UBNA_001/20221012_030000.WAV,Telephone Field,recover-20221013,001,1795
310.9845,311.0221,68437,81480,Rhinolophus ferrumequinum,0.02,0.02,-1,Echolocation,/mnt/ubna_data_02_mir/recover-20221013/UBNA_001/20221012_030000.WAV,Telephone Field,recover-20221013,001,1795
310.9925,311.0303,68437,82446,Rhinolophus ferrumequinum,0.023,0.023,-1,Echolocation,/mnt/ubna_data_02_mir/recover-20221013/UBNA_001/20221012_030000.WAV,Telephone Field,recover-20221013,001,1795
311.0245,311.0646,68437,82602,Rhinolophus ferrumequinum,0.026,0.026,-1,Echolocation,/mnt/ubna_data_02_mir/recover-20221013/UBNA_001/20221012_030000.WAV,Telephone Field,recover-20221013,001,1795
311.0525,311.0913,68437,82223,Rhinolophus ferrumequinum,0.021,0.021,-1,Echolocation,/mnt/ubna_data_02_mir/recover-20221013/UBNA_001/20221012_030000.WAV,Telephone Field,recover-20221013,001,1795
311.0625,311.1029,68437,82177,Rhinolophus ferrumequinum,0.021,0.021,-1,Echolocation,/mnt/ubna_data_02_mir/recover-20221013/UBNA_001/20221012_030000.WAV,Telephone Field,recover-20221013,001,1795
311.0765,311.1152,68437,81829,Rhinolophus ferrumequinum,0.021,0.021,-1,Echolocation,/mnt/ubna_data_02_mir/recover-20221013/UBNA_001/20221012_030000.WAV,Telephone Field,recover-20221013,001,1795
311.0915,311.1324,68437,83155,Rhinolophus ferrumequinum,0.027,0.027,-1,Echolocation,/mnt/ubna_data_02_mir/recover-20221013/UBNA_001/20221012_030000.WAV,Telephone Field,recover-20221013,001,1795
311.1035,311.1123,28906,38930,Eptesicus serotinus,0.007,0.021,-1,Echolocation,/mnt/ubna_data_02_mir/recover-20221013/UBNA_001/20221012_030000.WAV,Telephone Field,recover-20221013,001,1795
311.1055,311.1156,22031,27729,Nyctalus leisleri,0.008,0.021,-1,Echolocation,/mnt/ubna_data_02_mir/recover-20221013/UBNA_001/20221012_030000.WAV,Telephone Field,recover-20221013,001,1795
311.1085,311.1461,68437,81918,Rhinolophus ferrumequinum,0.023,0.023,-1,Echolocation,/mnt/ubna_data_02_mir/recover-20221013/UBNA_001/20221012_030000.WAV,Telephone Field,recover-20221013,001,1795
311.1315,311.1704,68437,82162,Rhinolophus ferrumequinum,0.021,0.021,-1,Echolocation,/mnt/ubna_data_02_mir/recover-20221013/UBNA_001/20221012_030000.WAV,Telephone Field,recover-20221013,001,1795
311.1465,311.1539,48671,53575,Pipistrellus pipistrellus,0.022,0.024,-1,Echolocation,/mnt/ubna_data_02_mir/recover-20221013/UBNA_001/20221012_030000.WAV,Telephone Field,recover-20221013,001,1795
311.1595,311.1968,68437,81731,Rhinolophus ferrumequinum,0.022,0.023,-1,Echolocation,/mnt/ubna_data_02_mir/recover-20221013/UBNA_001/20221012_030000.WAV,Telephone Field,recover-20221013,001,1795
311.1665,311.2061,68437,82422,Rhinolophus ferrumequinum,0.021,0.021,-1,Echolocation,/mnt/ubna_data_02_mir/recover-20221013/UBNA_001/20221012_030000.WAV,Telephone Field,recover-20221013,001,1795
311.1675,311.17719999999997,28906,39996,Eptesicus serotinus,0.009,0.021,-1,Echolocation,/mnt/ubna_data_02_mir/recover-20221013/UBNA_001/20221012_030000.WAV,Telephone Field,recover-20221013,001,1795
311.2115,311.2486,68437,82192,Rhinolophus ferrumequinum,0.023,0.024,-1,Echolocation,/mnt/ubna_data_02_mir/recover-20221013/UBNA_001/20221012_030000.WAV,Telephone Field,recover-20221013,001,1795
311.2275,311.2662,68437,82113,Rhinolophus ferrumequinum,0.02,0.02,-1,Echolocation,/mnt/ubna_data_02_mir/recover-20221013/UBNA_001/20221012_030000.WAV,Telephone Field,recover-20221013,001,1795
311.2285,311.2356,28046,38859,Eptesicus serotinus,0.007,0.022,-1,Echolocation,/mnt/ubna_data_02_mir/recover-20221013/UBNA_001/20221012_030000.WAV,Telephone Field,recover-20221013,001,1795
311.2655,311.3014,68437,81517,Rhinolophus ferrumequinum,0.02,0.02,-1,Echolocation,/mnt/ubna_data_02_mir/recover-20221013/UBNA_001/20221012_030000.WAV,Telephone Field,recover-20221013,001,1795
311.2965,311.3044,28046,39011,Eptesicus serotinus,0.007,0.021,-1,Echolocation,/mnt/ubna_data_02_mir/recover-20221013/UBNA_001/20221012_030000.WAV,Telephone Field,recover-20221013,001,1795
311.3095,311.3495,68437,82290,Rhinolophus ferrumequinum,0.023,0.023,-1,Echolocation,/mnt/ubna_data_02_mir/recover-20221013/UBNA_001/20221012_030000.WAV,Telephone Field,recover-20221013,001,1795
311.3105,311.3194,23750,31287,Eptesicus serotinus,0.006,0.02,-1,Echolocation,/mnt/ubna_data_02_mir/recover-20221013/UBNA_001/20221012_030000.WAV,Telephone Field,recover-20221013,001,1795
311.3355,311.373,68437,82028,Rhinolophus ferrumequinum,0.02,0.02,-1,Echolocation,/mnt/ubna_data_02_mir/recover-20221013/UBNA_001/20221012_030000.WAV,Telephone Field,recover-20221013,001,1795
311.3735,311.4106,68437,82213,Rhinolophus ferrumequinum,0.031,0.031,-1,Echolocation,/mnt/ubna_data_02_mir/recover-20221013/UBNA_001/20221012_030000.WAV,Telephone Field,recover-20221013,001,1795
311.3765,311.3863,28046,37384,Eptesicus serotinus,0.01,0.025,-1,Echolocation,/mnt/ubna_data_02_mir/recover-20221013/UBNA_001/20221012_030000.WAV,Telephone Field,recover-20221013,001,1795
311.4125,311.4225,28046,36342,Eptesicus serotinus,0.008,0.021,-1,Echolocation,/mnt/ubna_data_02_mir/recover-20221013/UBNA_001/20221012_030000.WAV,Telephone Field,recover-20221013,001,1795
311.4265,311.4352,43515,51765,Pipistrellus pipistrellus,0.017,0.029,-1,Echolocation,/mnt/ubna_data_02_mir/recover-20221013/UBNA_001/20221012_030000.WAV,Telephone Field,recover-20221013,001,1795
311.4695,311.5091,68437,82692,Rhinolophus ferrumequinum,0.028,0.028,-1,Echolocation,/mnt/ubna_data_02_mir/recover-20221013/UBNA_001/20221012_030000.WAV,Telephone Field,recover-20221013,001,1795
311.4855,311.4939,28046,37994,Eptesicus serotinus,0.01,0.025,-1,Echolocation,/mnt/ubna_data_02_mir/recover-20221013/UBNA_001/20221012_030000.WAV,Telephone Field,recover-20221013,001,1795
311.4855,311.5247,68437,82311,Rhinolophus ferrumequinum,0.02,0.02,-1,Echolocation,/mnt/ubna_data_02_mir/recover-20221013/UBNA_001/20221012_030000.WAV,Telephone Field,recover-20221013,001,1795
311.5175,311.5575,68437,82652,Rhinolophus ferrumequinum,0.022,0.022,-1,Echolocation,/mnt/ubna_data_02_mir/recover-20221013/UBNA_001/20221012_030000.WAV,Telephone Field,recover-20221013,001,1795
311.5325,311.5417,28046,37117,Eptesicus serotinus,0.01,0.023,-1,Echolocation,/mnt/ubna_data_02_mir/recover-20221013/UBNA_001/20221012_030000.WAV,Telephone Field,recover-20221013,001,1795
311.5425,311.5499,47812,52822,Pipistrellus pipistrellus,0.019,0.02,-1,Echolocation,/mnt/ubna_data_02_mir/recover-20221013/UBNA_001/20221012_030000.WAV,Telephone Field,recover-20221013,001,1795
311.5645,311.5775,22031,25562,Nyctalus leisleri,0.016,0.026,-1,Echolocation,/mnt/ubna_data_02_mir/recover-20221013/UBNA_001/20221012_030000.WAV,Telephone Field,recover-20221013,001,1795
311.5665,311.5768,56406,61196,Pipistrellus pygmaeus,0.035,0.036,-1,Echolocation,/mnt/ubna_data_02_mir/recover-20221013/UBNA_001/20221012_030000.WAV,Telephone Field,recover-20221013,001,1795
311.6065,311.64639999999997,68437,82147,Rhinolophus ferrumequinum,0.021,0.021,-1,Echolocation,/mnt/ubna_data_02_mir/recover-20221013/UBNA_001/20221012_030000.WAV,Telephone Field,recover-20221013,001,1795
311.6195,311.6267,27187,40965,Eptesicus serotinus,0.008,0.025,-1,Echolocation,/mnt/ubna_data_02_mir/recover-20221013/UBNA_001/20221012_030000.WAV,Telephone Field,recover-20221013,001,1795
311.6465,311.6822,68437,80920,Rhinolophus ferrumequinum,0.022,0.022,-1,Echolocation,/mnt/ubna_data_02_mir/recover-20221013/UBNA_001/20221012_030000.WAV,Telephone Field,recover-20221013,001,1795
311.6625,311.7002,68437,81663,Rhinolophus ferrumequinum,0.021,0.021,-1,Echolocation,/mnt/ubna_data_02_mir/recover-20221013/UBNA_001/20221012_030000.WAV,Telephone Field,recover-20221013,001,1795
311.6685,311.7056,68437,81633,Rhinolophus ferrumequinum,0.02,0.021,-1,Echolocation,/mnt/ubna_data_02_mir/recover-20221013/UBNA_001/20221012_030000.WAV,Telephone Field,recover-20221013,001,1795
311.6875,311.7229,68437,81746,Rhinolophus ferrumequinum,0.021,0.021,-1,Echolocation,/mnt/ubna_data_02_mir/recover-20221013/UBNA_001/20221012_030000.WAV,Telephone Field,recover-20221013,001,1795
311.6985,311.7372,68437,82496,Rhinolophus ferrumequinum,0.023,0.023,-1,Echolocation,/mnt/ubna_data_02_mir/recover-20221013/UBNA_001/20221012_030000.WAV,Telephone Field,recover-20221013,001,1795
311.7015,311.711,22890,28974,Nyctalus leisleri,0.009,0.022,-1,Echolocation,/mnt/ubna_data_02_mir/recover-20221013/UBNA_001/20221012_030000.WAV,Telephone Field,recover-20221013,001,1795
311.7185,311.7557,68437,81382,Rhinolophus ferrumequinum,0.021,0.021,-1,Echolocation,/mnt/ubna_data_02_mir/recover-20221013/UBNA_001/20221012_030000.WAV,Telephone Field,recover-20221013,001,1795
311.7315,311.73969999999997,28046,38918,Eptesicus serotinus,0.008,0.022,-1,Echolocation,/mnt/ubna_data_02_mir/recover-20221013/UBNA_001/20221012_030000.WAV,Telephone Field,recover-20221013,001,1795
311.7595,311.7672,28906,38476,Eptesicus serotinus,0.008,0.023,-1,Echolocation,/mnt/ubna_data_02_mir/recover-20221013/UBNA_001/20221012_030000.WAV,Telephone Field,recover-20221013,001,1795
311.7875,311.8023,21171,24587,Nyctalus leisleri,0.014,0.023,-1,Echolocation,/mnt/ubna_data_02_mir/recover-20221013/UBNA_001/20221012_030000.WAV,Telephone Field,recover-20221013,001,1795
311.8195,311.8381,15156,19762,Nyctalus noctula,0.026,0.034,-1,Echolocation,/mnt/ubna_data_02_mir/recover-20221013/UBNA_001/20221012_030000.WAV,Telephone Field,recover-20221013,001,1795
311.8445,311.8514,50390,56469,Pipistrellus pipistrellus,0.026,0.029,-1,Echolocation,/mnt/ubna_data_02_mir/recover-20221013/UBNA_001/20221012_030000.WAV,Telephone Field,recover-20221013,001,1795
311.8445,311.8845,68437,82068,Rhinolophus ferrumequinum,0.026,0.026,-1,Echolocation,/mnt/ubna_data_02_mir/recover-20221013/UBNA_001/20221012_030000.WAV,Telephone Field,recover-20221013,001,1795
311.8475,311.8565,26328,36196,Eptesicus serotinus,0.007,0.02,-1,Echolocation,/mnt/ubna_data_02_mir/recover-20221013/UBNA_001/20221012_030000.WAV,Telephone Field,recover-20221013,001,1795
311.8605,311.8685,55546,60485,Pipistrellus pygmaeus,0.021,0.022,-1,Echolocation,/mnt/ubna_data_02_mir/recover-20221013/UBNA_001/20221012_030000.WAV,Telephone Field,recover-20221013,001,1795
311.8625,311.8707,28906,38797,Eptesicus serotinus,0.008,0.024,-1,Echolocation,/mnt/ubna_data_02_mir/recover-20221013/UBNA_001/20221012_030000.WAV,Telephone Field,recover-20221013,001,1795
311.8855,311.9253,68437,82308,Rhinolophus ferrumequinum,0.022,0.022,-1,Echolocation,/mnt/ubna_data_02_mir/recover-20221013/UBNA_001/20221012_030000.WAV,Telephone Field,recover-20221013,001,1795
311.9815,311.9884,26328,41000,Eptesicus serotinus,0.007,0.027,-1,Echolocation,/mnt/ubna_data_02_mir/recover-20221013/UBNA_001/20221012_030000.WAV,Telephone Field,recover-20221013,001,1795
311.9815,311.9881,48671,53086,Pipistrellus pipistrellus,0.027,0.028,-1,Echolocation,/mnt/ubna_data_02_mir/recover-20221013/UBNA_001/20221012_030000.WAV,Telephone Field,recover-20221013,001,1795
312.0015,312.0316,69296,81599,Rhinolophus ferrumequinum,0.027,0.027,-1,Echolocation,/mnt/ubna_data_02_mir/recover-20221013/UBNA_001/20221012_030000.WAV,Telephone Field,recover-20221013,001,1795
312.0015,312.011,21171,26697,Nyctalus leisleri,0.01,0.025,-1,Echolocation,/mnt/ubna_data_02_mir/recover-20221013/UBNA_001/20221012_030000.WAV,Telephone Field,recover-20221013,001,1795
312.0165,312.0262,23750,30285,Nyctalus leisleri,0.008,0.022,-1,Echolocation,/mnt/ubna_data_02_mir/recover-20221013/UBNA_001/20221012_030000.WAV,Telephone Field,recover-20221013,001,1795
312.0315,312.0695,68437,82446,Rhinolophus ferrumequinum,0.025,0.025,-1,Echolocation,/mnt/ubna_data_02_mir/recover-20221013/UBNA_001/20221012_030000.WAV,Telephone Field,recover-20221013,001,1795
312.0425,312.0536,24609,30498,Nyctalus leisleri,0.013,0.032,-1,Echolocation,/mnt/ubna_data_02_mir/recover-20221013/UBNA_001/20221012_030000.WAV,Telephone Field,recover-20221013,001,1795
312.0735,312.1149,68437,82909,Rhinolophus ferrumequinum,0.035,0.035,-1,Echolocation,/mnt/ubna_data_02_mir/recover-20221013/UBNA_001/20221012_030000.WAV,Telephone Field,recover-20221013,001,1795
312.1085,312.149,68437,82525,Rhinolophus ferrumequinum,0.025,0.025,-1,Echolocation,/mnt/ubna_data_02_mir/recover-20221013/UBNA_001/20221012_030000.WAV,Telephone Field,recover-20221013,001,1795
312.1085,312.1155,27187,40727,Eptesicus serotinus,0.006,0.021,-1,Echolocation,/mnt/ubna_data_02_mir/recover-20221013/UBNA_001/20221012_030000.WAV,Telephone Field,recover-20221013,001,1795
312.1145,312.154,68437,82606,Rhinolophus ferrumequinum,0.023,0.023,-1,Echolocation,/mnt/ubna_data_02_mir/recover-20221013/UBNA_001/20221012_030000.WAV,Telephone Field,recover-20221013,001,1795
312.1495,312.1907,68437,82955,Rhinolophus ferrumequinum,0.04,0.04,-1,Echolocation,/mnt/ubna_data_02_mir/recover-20221013/UBNA_001/20221012_030000.WAV,Telephone Field,recover-20221013,001,1795
312.1755,312.1823,50390,58356,Pipistrellus pipistrellus,0.018,0.021,-1,Echolocation,/mnt/ubna_data_02_mir/recover-20221013/UBNA_001/20221012_030000.WAV,Telephone Field,recover-20221013,001,1795
312.1805,312.1911,22031,27239,Nyctalus leisleri,0.013,0.028,-1,Echolocation,/mnt/ubna_data_02_mir/recover-20221013/UBNA_001/20221012_030000.WAV,Telephone Field,recover-20221013,001,1795
312.1915,312.233,68437,82985,Rhinolophus ferrumequinum,0.027,0.027,-1,Echolocation,/mnt/ubna_data_02_mir/recover-20221013/UBNA_001/20221012_030000.WAV,Telephone Field,recover-20221013,001,1795
312.1985,312.2391,68437,82629,Rhinolophus ferrumequinum,0.024,0.024,-1,Echolocation,/mnt/ubna_data_02_mir/recover-20221013/UBNA_001/20221012_030000.WAV,Telephone Field,recover-20221013,001,1795
312.2595,312.2667,28046,41188,Eptesicus serotinus,0.007,0.023,-1,Echolocation,/mnt/ubna_data_02_mir/recover-20221013/UBNA_001/20221012_030000.WAV,Telephone Field,recover-20221013,001,1795
312.2615,312.2992,68437,81968,Rhinolophus ferrumequinum,0.021,0.021,-1,Echolocation,/mnt/ubna_data_02_mir/recover-20221013/UBNA_001/20221012_030000.WAV,Telephone Field,recover-20221013,001,1795
312.2675,312.2786,28046,34358,Eptesicus serotinus,0.017,0.032,-1,Echolocation,/mnt/ubna_data_02_mir/recover-20221013/UBNA_001/20221012_030000.WAV,Telephone Field,recover-20221013,001,1795
312.2835,312.2914,45234,51214,Pipistrellus pipistrellus,0.018,0.022,-1,Echolocation,/mnt/ubna_data_02_mir/recover-20221013/UBNA_001/20221012_030000.WAV,Telephone Field,recover-20221013,001,1795
312.3155,312.3254,58984,64236,Pipistrellus pygmaeus,0.032,0.033,-1,Echolocation,/mnt/ubna_data_02_mir/recover-20221013/UBNA_001/20221012_030000.WAV,Telephone Field,recover-20221013,001,1795
312.3535,312.3898,68437,81244,Rhinolophus ferrumequinum,0.023,0.023,-1,Echolocation,/mnt/ubna_data_02_mir/recover-20221013/UBNA_001/20221012_030000.WAV,Telephone Field,recover-20221013,001,1795
312.3645,312.4053,68437,82787,Rhinolophus ferrumequinum,0.024,0.024,-1,Echolocation,/mnt/ubna_data_02_mir/recover-20221013/UBNA_001/20221012_030000.WAV,Telephone Field,recover-20221013,001,1795
312.3665,312.3777,22890,28254,Nyctalus leisleri,0.012,0.026,-1,Echolocation,/mnt/ubna_data_02_mir/recover-20221013/UBNA_001/20221012_030000.WAV,Telephone Field,recover-20221013,001,1795
312.3945,312.4033,28046,36763,Eptesicus serotinus,0.01,0.026,-1,Echolocation,/mnt/ubna_data_02_mir/recover-20221013/UBNA_001/20221012_030000.WAV,Telephone Field,recover-20221013,001,1795
312.4075,312.4456,68437,82322,Rhinolophus ferrumequinum,0.023,0.023,-1,Echolocation,/mnt/ubna_data_02_mir/recover-20221013/UBNA_001/20221012_030000.WAV,Telephone Field,recover-20221013,001,1795
312.4235,312.4646,68437,82344,Rhinolophus ferrumequinum,0.025,0.025,-1,Echolocation,/mnt/ubna_data_02_mir/recover-20221013/UBNA_001/20221012_030000.WAV,Telephone Field,recover-20221013,001,1795
312.4325,312.4766,68437,83465,Rhinolophus ferrumequinum,0.029,0.029,-1,Echolocation,/mnt/ubna_data_02_mir/recover-20221013/UBNA_001/20221012_030000.WAV,Telephone Field,recover-20221013,001,1795
312.4925,312.5297,68437,82207,Rhinolophus ferrumequinum,0.024,0.024,-1,Echolocation,/mnt/ubna_data_02_mir/recover-20221013/UBNA_001/20221012_030000.WAV,Telephone Field,recover-20221013,001,1795
312.4925,312.5018,23750,30943,Nyctalus leisleri,0.008,0.027,-1,Echolocation,/mnt/ubna_data_02_mir/recover-20221013/UBNA_001/20221012_030000.WAV,Telephone Field,recover-20221013,001,1795
312.5525,312.562,28906,36578,Eptesicus serotinus,0.009,0.023,-1,Echolocation,/mnt/ubna_data_02_mir/recover-20221013/UBNA_001/20221012_030000.WAV,Telephone Field,recover-20221013,001,1795
312.5735,312.6144,68437,82852,Rhinolophus ferrumequinum,0.028,0.028,-1,Echolocation,/mnt/ubna_data_02_mir/recover-20221013/UBNA_001/20221012_030000.WAV,Telephone Field,recover-20221013,001,1795
312.5885,312.6271,68437,81891,Rhinolophus ferrumequinum,0.022,0.022,-1,Echolocation,/mnt/ubna_data_02_mir/recover-20221013/UBNA_001/20221012_030000.WAV,Telephone Field,recover-20221013,001,1795
312.6075,312.6149,27187,37458,Eptesicus serotinus,0.006,0.022,-1,Echolocation,/mnt/ubna_data_02_mir/recover-20221013/UBNA_001/20221012_030000.WAV,Telephone Field,recover-20221013,001,1795
312.6195,312.656,68437,81550,Rhinolophus ferrumequinum,0.022,0.022,-1,Echolocation,/mnt/ubna_data_02_mir/recover-20221013/UBNA_001/20221012_030000.WAV,Telephone Field,recover-20221013,001,1795
312.6255,312.6645,68437,82691,Rhinolophus ferrumequinum,0.021,0.021,-1,Echolocation,/mnt/ubna_data_02_mir/recover-20221013/UBNA_001/20221012_030000.WAV,Telephone Field,recover-20221013,001,1795
312.6475,312.6866,68437,82673,Rhinolophus ferrumequinum,0.024,0.024,-1,Echolocation,/mnt/ubna_data_02_mir/recover-20221013/UBNA_001/20221012_030000.WAV,Telephone Field,recover-20221013,001,1795
312.6595,312.6976,68437,82181,Rhinolophus ferrumequinum,0.023,0.023,-1,Echolocation,/mnt/ubna_data_02_mir/recover-20221013/UBNA_001/20221012_030000.WAV,Telephone Field,recover-20221013,001,1795
312.6935,312.7321,68437,82405,Rhinolophus ferrumequinum,0.022,0.022,-1,Echolocation,/mnt/ubna_data_02_mir/recover-20221013/UBNA_001/20221012_030000.WAV,Telephone Field,recover-20221013,001,1795
312.7505,312.7902,68437,82251,Rhinolophus ferrumequinum,0.029,0.029,-1,Echolocation,/mnt/ubna_data_02_mir/recover-20221013/UBNA_001/20221012_030000.WAV,Telephone Field,recover-20221013,001,1795
312.7765,312.812,68437,81108,Rhinolophus ferrumequinum,0.021,0.021,-1,Echolocation,/mnt/ubna_data_02_mir/recover-20221013/UBNA_001/20221012_030000.WAV,Telephone Field,recover-20221013,001,1795
312.7855,312.8252,68437,82215,Rhinolophus ferrumequinum,0.021,0.021,-1,Echolocation,/mnt/ubna_data_02_mir/recover-20221013/UBNA_001/20221012_030000.WAV,Telephone Field,recover-20221013,001,1795
312.8075,312.847,68437,82444,Rhinolophus ferrumequinum,0.024,0.024,-1,Echolocation,/mnt/ubna_data_02_mir/recover-20221013/UBNA_001/20221012_030000.WAV,Telephone Field,recover-20221013,001,1795
312.8465,312.8535,27187,42746,Eptesicus serotinus,0.006,0.023,-1,Echolocation,/mnt/ubna_data_02_mir/recover-20221013/UBNA_001/20221012_030000.WAV,Telephone Field,recover-20221013,001,1795
312.8485,312.883,68437,81932,Rhinolophus ferrumequinum,0.024,0.024,-1,Echolocation,/mnt/ubna_data_02_mir/recover-20221013/UBNA_001/20221012_030000.WAV,Telephone Field,recover-20221013,001,1795
312.8745,312.8852,51250,55278,Pipistrellus pipistrellus,0.032,0.04,-1,Echolocation,/mnt/ubna_data_02_mir/recover-20221013/UBNA_001/20221012_030000.WAV,Telephone Field,recover-20221013,001,1795
312.8795,312.8873,27187,39528,Eptesicus serotinus,0.007,0.021,-1,Echolocation,/mnt/ubna_data_02_mir/recover-20221013/UBNA_001/20221012_030000.WAV,Telephone Field,recover-20221013,001,1795
312.8875,312.8949,27187,38820,Eptesicus serotinus,0.007,0.021,-1,Echolocation,/mnt/ubna_data_02_mir/recover-20221013/UBNA_001/20221012_030000.WAV,Telephone Field,recover-20221013,001,1795
312.8995,312.9344,68437,81902,Rhinolophus ferrumequinum,0.023,0.023,-1,Echolocation,/mnt/ubna_data_02_mir/recover-20221013/UBNA_001/20221012_030000.WAV,Telephone Field,recover-20221013,001,1795
312.9775,313.0184,68437,82181,Rhinolophus ferrumequinum,0.021,0.021,-1,Echolocation,/mnt/ubna_data_02_mir/recover-20221013/UBNA_001/20221012_030000.WAV,Telephone Field,recover-20221013,001,1795
312.9955,313.0283,68437,80675,Rhinolophus ferrumequinum,0.023,0.023,-1,Echolocation,/mnt/ubna_data_02_mir/recover-20221013/UBNA_001/20221012_030000.WAV,Telephone Field,recover-20221013,001,1795
313.0125,313.0506,68437,81991,Rhinolophus ferrumequinum,0.021,0.021,-1,Echolocation,/mnt/ubna_data_02_mir/recover-20221013/UBNA_001/20221012_030000.WAV,Telephone Field,recover-20221013,001,1795
313.0155,313.026,22890,28566,Nyctalus leisleri,0.01,0.025,-1,Echolocation,/mnt/ubna_data_02_mir/recover-20221013/UBNA_001/20221012_030000.WAV,Telephone Field,recover-20221013,001,1795
313.0355,313.0737,68437,81380,Rhinolophus ferrumequinum,0.021,0.021,-1,Echolocation,/mnt/ubna_data_02_mir/recover-20221013/UBNA_001/20221012_030000.WAV,Telephone Field,recover-20221013,001,1795
313.0395,313.0481,22890,30538,Plecotus austriacus,0.009,0.022,-1,Echolocation,/mnt/ubna_data_02_mir/recover-20221013/UBNA_001/20221012_030000.WAV,Telephone Field,recover-20221013,001,1795
313.0595,313.0949,68437,81201,Rhinolophus ferrumequinum,0.021,0.021,-1,Echolocation,/mnt/ubna_data_02_mir/recover-20221013/UBNA_001/20221012_030000.WAV,Telephone Field,recover-20221013,001,1795
313.0745,313.113,68437,82213,Rhinolophus ferrumequinum,0.022,0.022,-1,Echolocation,/mnt/ubna_data_02_mir/recover-20221013/UBNA_001/20221012_030000.WAV,Telephone Field,recover-20221013,001,1795
313.0745,313.0855,24609,31438,Eptesicus serotinus,0.013,0.033,-1,Echolocation,/mnt/ubna_data_02_mir/recover-20221013/UBNA_001/20221012_030000.WAV,Telephone Field,recover-20221013,001,1795
313.0995,313.1083,25468,33010,Eptesicus serotinus,0.008,0.021,-1,Echolocation,/mnt/ubna_data_02_mir/recover-20221013/UBNA_001/20221012_030000.WAV,Telephone Field,recover-20221013,001,1795
313.1285,313.1674,68437,81658,Rhinolophus ferrumequinum,0.022,0.022,-1,Echolocation,/mnt/ubna_data_02_mir/recover-20221013/UBNA_001/20221012_030000.WAV,Telephone Field,recover-20221013,001,1795
313.1665,313.2052,68437,81882,Rhinolophus ferrumequinum,0.022,0.022,-1,Echolocation,/mnt/ubna_data_02_mir/recover-20221013/UBNA_001/20221012_030000.WAV,Telephone Field,recover-20221013,001,1795
313.2025,313.2433,68437,82631,Rhinolophus ferrumequinum,0.022,0.022,-1,Echolocation,/mnt/ubna_data_02_mir/recover-20221013/UBNA_001/20221012_030000.WAV,Telephone Field,recover-20221013,001,1795
313.2255,313.2352,24609,32547,Nyctalus leisleri,0.007,0.022,-1,Echolocation,/mnt/ubna_data_02_mir/recover-20221013/UBNA_001/20221012_030000.WAV,Telephone Field,recover-20221013,001,1795
313.2455,313.287,68437,83369,Rhinolophus ferrumequinum,0.045,0.045,-1,Echolocation,/mnt/ubna_data_02_mir/recover-20221013/UBNA_001/20221012_030000.WAV,Telephone Field,recover-20221013,001,1795
313.2565,313.2755,18593,22088,Nyctalus noctula,0.027,0.047,-1,Echolocation,/mnt/ubna_data_02_mir/recover-20221013/UBNA_001/20221012_030000.WAV,Telephone Field,recover-20221013,001,1795
313.2645,313.3049,68437,82826,Rhinolophus ferrumequinum,0.025,0.025,-1,Echolocation,/mnt/ubna_data_02_mir/recover-20221013/UBNA_001/20221012_030000.WAV,Telephone Field,recover-20221013,001,1795
313.2895,313.3302,68437,82393,Rhinolophus ferrumequinum,0.022,0.022,-1,Echolocation,/mnt/ubna_data_02_mir/recover-20221013/UBNA_001/20221012_030000.WAV,Telephone Field,recover-20221013,001,1795
313.29449999999997,313.33389999999997,68437,82499,Rhinolophus ferrumequinum,0.022,0.022,-1,Echolocation,/mnt/ubna_data_02_mir/recover-20221013/UBNA_001/20221012_030000.WAV,Telephone Field,recover-20221013,001,1795
313.2975,313.306,28906,37085,Eptesicus serotinus,0.009,0.023,-1,Echolocation,/mnt/ubna_data_02_mir/recover-20221013/UBNA_001/20221012_030000.WAV,Telephone Field,recover-20221013,001,1795
313.3245,313.3615,68437,81936,Rhinolophus ferrumequinum,0.023,0.023,-1,Echolocation,/mnt/ubna_data_02_mir/recover-20221013/UBNA_001/20221012_030000.WAV,Telephone Field,recover-20221013,001,1795
313.3425,313.3811,68437,82562,Rhinolophus ferrumequinum,0.022,0.022,-1,Echolocation,/mnt/ubna_data_02_mir/recover-20221013/UBNA_001/20221012_030000.WAV,Telephone Field,recover-20221013,001,1795
313.3455,313.3585,22031,26108,Nyctalus leisleri,0.02,0.036,-1,Echolocation,/mnt/ubna_data_02_mir/recover-20221013/UBNA_001/20221012_030000.WAV,Telephone Field,recover-20221013,001,1795
313.3565,313.3939,68437,81479,Rhinolophus ferrumequinum,0.022,0.022,-1,Echolocation,/mnt/ubna_data_02_mir/recover-20221013/UBNA_001/20221012_030000.WAV,Telephone Field,recover-20221013,001,1795
313.3835,313.4192,68437,82190,Rhinolophus ferrumequinum,0.023,0.023,-1,Echolocation,/mnt/ubna_data_02_mir/recover-20221013/UBNA_001/20221012_030000.WAV,Telephone Field,recover-20221013,001,1795
313.3875,313.39300000000003,28046,44677,Myotis daubentonii,0.005,0.024,-1,Echolocation,/mnt/ubna_data_02_mir/recover-20221013/UBNA_001/20221012_030000.WAV,Telephone Field,recover-20221013,001,1795
313.3975,313.4382,68437,82683,Rhinolophus ferrumequinum,0.024,0.024,-1,Echolocation,/mnt/ubna_data_02_mir/recover-20221013/UBNA_001/20221012_030000.WAV,Telephone Field,recover-20221013,001,1795
313.4185,313.456,68437,82041,Rhinolophus ferrumequinum,0.03,0.03,-1,Echolocation,/mnt/ubna_data_02_mir/recover-20221013/UBNA_001/20221012_030000.WAV,Telephone Field,recover-20221013,001,1795
313.4505,313.4873,68437,80711,Rhinolophus ferrumequinum,0.024,0.024,-1,Echolocation,/mnt/ubna_data_02_mir/recover-20221013/UBNA_001/20221012_030000.WAV,Telephone Field,recover-20221013,001,1795
313.4635,313.5049,68437,83162,Rhinolophus ferrumequinum,0.025,0.025,-1,Echolocation,/mnt/ubna_data_02_mir/recover-20221013/UBNA_001/20221012_030000.WAV,Telephone Field,recover-20221013,001,1795
313.4755,313.5168,68437,83282,Rhinolophus ferrumequinum,0.037,0.037,-1,Echolocation,/mnt/ubna_data_02_mir/recover-20221013/UBNA_001/20221012_030000.WAV,Telephone Field,recover-20221013,001,1795
313.5125,313.5495,68437,82092,Rhinolophus ferrumequinum,0.028,0.028,-1,Echolocation,/mnt/ubna_data_02_mir/recover-20221013/UBNA_001/20221012_030000.WAV,Telephone Field,recover-20221013,001,1795
313.5155,313.5228,28906,38687,Eptesicus serotinus,0.006,0.022,-1,Echolocation,/mnt/ubna_data_02_mir/recover-20221013/UBNA_001/20221012_030000.WAV,Telephone Field,recover-20221013,001,1795
313.5275,313.5676,68437,83071,Rhinolophus ferrumequinum,0.028,0.028,-1,Echolocation,/mnt/ubna_data_02_mir/recover-20221013/UBNA_001/20221012_030000.WAV,Telephone Field,recover-20221013,001,1795
313.5485,313.5883,68437,82616,Rhinolophus ferrumequinum,0.021,0.021,-1,Echolocation,/mnt/ubna_data_02_mir/recover-20221013/UBNA_001/20221012_030000.WAV,Telephone Field,recover-20221013,001,1795
313.5595,313.568,24609,32903,Eptesicus serotinus,0.008,0.03,-1,Echolocation,/mnt/ubna_data_02_mir/recover-20221013/UBNA_001/20221012_030000.WAV,Telephone Field,recover-20221013,001,1795
313.5825,313.6218,68437,81981,Rhinolophus ferrumequinum,0.021,0.021,-1,Echolocation,/mnt/ubna_data_02_mir/recover-20221013/UBNA_001/20221012_030000.WAV,Telephone Field,recover-20221013,001,1795
313.5885,313.625,68437,82113,Rhinolophus ferrumequinum,0.021,0.021,-1,Echolocation,/mnt/ubna_data_02_mir/recover-20221013/UBNA_001/20221012_030000.WAV,Telephone Field,recover-20221013,001,1795
313.6075,313.6475,68437,82472,Rhinolophus ferrumequinum,0.026,0.026,-1,Echolocation,/mnt/ubna_data_02_mir/recover-20221013/UBNA_001/20221012_030000.WAV,Telephone Field,recover-20221013,001,1795
313.6225,313.6635,68437,82809,Rhinolophus ferrumequinum,0.029,0.029,-1,Echolocation,/mnt/ubna_data_02_mir/recover-20221013/UBNA_001/20221012_030000.WAV,Telephone Field,recover-20221013,001,1795
313.6315,313.6741,68437,83277,Rhinolophus ferrumequinum,0.036,0.036,-1,Echolocation,/mnt/ubna_data_02_mir/recover-20221013/UBNA_001/20221012_030000.WAV,Telephone Field,recover-20221013,001,1795
313.6685,313.7044,68437,81923,Rhinolophus ferrumequinum,0.021,0.021,-1,Echolocation,/mnt/ubna_data_02_mir/recover-20221013/UBNA_001/20221012_030000.WAV,Telephone Field,recover-20221013,001,1795
313.7255,313.7655,68437,82596,Rhinolophus ferrumequinum,0.023,0.023,-1,Echolocation,/mnt/ubna_data_02_mir/recover-20221013/UBNA_001/20221012_030000.WAV,Telephone Field,recover-20221013,001,1795
313.7405,313.7802,68437,82767,Rhinolophus ferrumequinum,0.026,0.026,-1,Echolocation,/mnt/ubna_data_02_mir/recover-20221013/UBNA_001/20221012_030000.WAV,Telephone Field,recover-20221013,001,1795
313.7435,313.7527,26328,34440,Eptesicus serotinus,0.012,0.037,-1,Echolocation,/mnt/ubna_data_02_mir/recover-20221013/UBNA_001/20221012_030000.WAV,Telephone Field,recover-20221013,001,1795
313.7515,313.7628,26328,32743,Eptesicus serotinus,0.011,0.024,-1,Echolocation,/mnt/ubna_data_02_mir/recover-20221013/UBNA_001/20221012_030000.WAV,Telephone Field,recover-20221013,001,1795
313.7665,313.8071,68437,82516,Rhinolophus ferrumequinum,0.022,0.022,-1,Echolocation,/mnt/ubna_data_02_mir/recover-20221013/UBNA_001/20221012_030000.WAV,Telephone Field,recover-20221013,001,1795
313.8045,313.844,68437,82346,Rhinolophus ferrumequinum,0.022,0.022,-1,Echolocation,/mnt/ubna_data_02_mir/recover-20221013/UBNA_001/20221012_030000.WAV,Telephone Field,recover-20221013,001,1795
313.8335,313.8729,68437,82186,Rhinolophus ferrumequinum,0.023,0.023,-1,Echolocation,/mnt/ubna_data_02_mir/recover-20221013/UBNA_001/20221012_030000.WAV,Telephone Field,recover-20221013,001,1795
313.8545,313.895,68437,82371,Rhinolophus ferrumequinum,0.024,0.024,-1,Echolocation,/mnt/ubna_data_02_mir/recover-20221013/UBNA_001/20221012_030000.WAV,Telephone Field,recover-20221013,001,1795
313.8755,313.9088,68437,81656,Rhinolophus ferrumequinum,0.022,0.022,-1,Echolocation,/mnt/ubna_data_02_mir/recover-20221013/UBNA_001/20221012_030000.WAV,Telephone Field,recover-20221013,001,1795
313.8855,313.9242,68437,81671,Rhinolophus ferrumequinum,0.022,0.022,-1,Echolocation,/mnt/ubna_data_02_mir/recover-20221013/UBNA_001/20221012_030000.WAV,Telephone Field,recover-20221013,001,1795
313.8955,313.9314,68437,81893,Rhinolophus ferrumequinum,0.027,0.027,-1,Echolocation,/mnt/ubna_data_02_mir/recover-20221013/UBNA_001/20221012_030000.WAV,Telephone Field,recover-20221013,001,1795
313.9145,313.9514,68437,81595,Rhinolophus ferrumequinum,0.023,0.023,-1,Echolocation,/mnt/ubna_data_02_mir/recover-20221013/UBNA_001/20221012_030000.WAV,Telephone Field,recover-20221013,001,1795
313.9275,313.9683,68437,82730,Rhinolophus ferrumequinum,0.026,0.026,-1,Echolocation,/mnt/ubna_data_02_mir/recover-20221013/UBNA_001/20221012_030000.WAV,Telephone Field,recover-20221013,001,1795
313.9435,313.9545,40937,47491,Pipistrellus nathusii,0.01,0.021,-1,Echolocation,/mnt/ubna_data_02_mir/recover-20221013/UBNA_001/20221012_030000.WAV,Telephone Field,recover-20221013,001,1795
314.0015,314.0105,22031,28169,Nyctalus leisleri,0.009,0.023,-1,Echolocation,/mnt/ubna_data_02_mir/recover-20221013/UBNA_001/20221012_030000.WAV,Telephone Field,recover-20221013,001,1795
314.0015,314.0139,17734,22520,Nyctalus noctula,0.009,0.023,-1,Echolocation,/mnt/ubna_data_02_mir/recover-20221013/UBNA_001/20221012_030000.WAV,Telephone Field,recover-20221013,001,1795
314.0015,314.0349,68437,79643,Rhinolophus ferrumequinum,0.025,0.026,-1,Echolocation,/mnt/ubna_data_02_mir/recover-20221013/UBNA_001/20221012_030000.WAV,Telephone Field,recover-20221013,001,1795
314.0135,314.0228,28906,37595,Eptesicus serotinus,0.009,0.024,-1,Echolocation,/mnt/ubna_data_02_mir/recover-20221013/UBNA_001/20221012_030000.WAV,Telephone Field,recover-20221013,001,1795
314.0135,314.0563,68437,82714,Rhinolophus ferrumequinum,0.026,0.026,-1,Echolocation,/mnt/ubna_data_02_mir/recover-20221013/UBNA_001/20221012_030000.WAV,Telephone Field,recover-20221013,001,1795
314.0435,314.0793,68437,80847,Rhinolophus ferrumequinum,0.022,0.022,-1,Echolocation,/mnt/ubna_data_02_mir/recover-20221013/UBNA_001/20221012_030000.WAV,Telephone Field,recover-20221013,001,1795
314.0555,314.0901,68437,80206,Rhinolophus ferrumequinum,0.027,0.027,-1,Echolocation,/mnt/ubna_data_02_mir/recover-20221013/UBNA_001/20221012_030000.WAV,Telephone Field,recover-20221013,001,1795
314.0695,314.1037,68437,81438,Rhinolophus ferrumequinum,0.022,0.022,-1,Echolocation,/mnt/ubna_data_02_mir/recover-20221013/UBNA_001/20221012_030000.WAV,Telephone Field,recover-20221013,001,1795
314.0935,314.1044,22890,28259,Nyctalus leisleri,0.012,0.026,-1,Echolocation,/mnt/ubna_data_02_mir/recover-20221013/UBNA_001/20221012_030000.WAV,Telephone Field,recover-20221013,001,1795
314.0935,314.1304,68437,81965,Rhinolophus ferrumequinum,0.023,0.023,-1,Echolocation,/mnt/ubna_data_02_mir/recover-20221013/UBNA_001/20221012_030000.WAV,Telephone Field,recover-20221013,001,1795
314.1215,314.1631,68437,82842,Rhinolophus ferrumequinum,0.025,0.025,-1,Echolocation,/mnt/ubna_data_02_mir/recover-20221013/UBNA_001/20221012_030000.WAV,Telephone Field,recover-20221013,001,1795
314.1745,314.2104,68437,81344,Rhinolophus ferrumequinum,0.022,0.022,-1,Echolocation,/mnt/ubna_data_02_mir/recover-20221013/UBNA_001/20221012_030000.WAV,Telephone Field,recover-20221013,001,1795
314.1755,314.1831,23750,32311,Plecotus austriacus,0.011,0.024,-1,Echolocation,/mnt/ubna_data_02_mir/recover-20221013/UBNA_001/20221012_030000.WAV,Telephone Field,recover-20221013,001,1795
314.1815,314.22,68437,81859,Rhinolophus ferrumequinum,0.023,0.023,-1,Echolocation,/mnt/ubna_data_02_mir/recover-20221013/UBNA_001/20221012_030000.WAV,Telephone Field,recover-20221013,001,1795
314.1815,314.1991,16015,21151,Nyctalus noctula,0.018,0.024,-1,Echolocation,/mnt/ubna_data_02_mir/recover-20221013/UBNA_001/20221012_030000.WAV,Telephone Field,recover-20221013,001,1795
314.1895,314.2263,68437,81879,Rhinolophus ferrumequinum,0.022,0.022,-1,Echolocation,/mnt/ubna_data_02_mir/recover-20221013/UBNA_001/20221012_030000.WAV,Telephone Field,recover-20221013,001,1795
314.2125,314.2492,68437,81937,Rhinolophus ferrumequinum,0.028,0.028,-1,Echolocation,/mnt/ubna_data_02_mir/recover-20221013/UBNA_001/20221012_030000.WAV,Telephone Field,recover-20221013,001,1795
314.2205,314.2613,68437,82164,Rhinolophus ferrumequinum,0.024,0.024,-1,Echolocation,/mnt/ubna_data_02_mir/recover-20221013/UBNA_001/20221012_030000.WAV,Telephone Field,recover-20221013,001,1795
314.2445,314.2853,68437,82618,Rhinolophus ferrumequinum,0.025,0.026,-1,Echolocation,/mnt/ubna_data_02_mir/recover-20221013/UBNA_001/20221012_030000.WAV,Telephone Field,recover-20221013,001,1795
314.2465,314.2552,28046,36551,Eptesicus serotinus,0.009,0.023,-1,Echolocation,/mnt/ubna_data_02_mir/recover-20221013/UBNA_001/20221012_030000.WAV,Telephone Field,recover-20221013,001,1795
314.2835,314.3251,68437,82787,Rhinolophus ferrumequinum,0.051,0.051,-1,Echolocation,/mnt/ubna_data_02_mir/recover-20221013/UBNA_001/20221012_030000.WAV,Telephone Field,recover-20221013,001,1795
314.2955,314.3033,45234,56662,Pipistrellus pipistrellus,0.013,0.022,-1,Echolocation,/mnt/ubna_data_02_mir/recover-20221013/UBNA_001/20221012_030000.WAV,Telephone Field,recover-20221013,001,1795
314.3605,314.4034,68437,82985,Rhinolophus ferrumequinum,0.031,0.031,-1,Echolocation,/mnt/ubna_data_02_mir/recover-20221013/UBNA_001/20221012_030000.WAV,Telephone Field,recover-20221013,001,1795
314.3615,314.3751,22031,26319,Nyctalus leisleri,0.016,0.028,-1,Echolocation,/mnt/ubna_data_02_mir/recover-20221013/UBNA_001/20221012_030000.WAV,Telephone Field,recover-20221013,001,1795
314.3675,314.3748,28906,39105,Eptesicus serotinus,0.007,0.024,-1,Echolocation,/mnt/ubna_data_02_mir/recover-20221013/UBNA_001/20221012_030000.WAV,Telephone Field,recover-20221013,001,1795
314.3845,314.4253,68437,82796,Rhinolophus ferrumequinum,0.025,0.025,-1,Echolocation,/mnt/ubna_data_02_mir/recover-20221013/UBNA_001/20221012_030000.WAV,Telephone Field,recover-20221013,001,1795
314.4125,314.4218,28046,35965,Eptesicus serotinus,0.009,0.023,-1,Echolocation,/mnt/ubna_data_02_mir/recover-20221013/UBNA_001/20221012_030000.WAV,Telephone Field,recover-20221013,001,1795
314.4595,314.4694,50390,54798,Pipistrellus pipistrellus,0.076,0.084,-1,Echolocation,/mnt/ubna_data_02_mir/recover-20221013/UBNA_001/20221012_030000.WAV,Telephone Field,recover-20221013,001,1795
314.4795,314.5152,68437,81409,Rhinolophus ferrumequinum,0.022,0.022,-1,Echolocation,/mnt/ubna_data_02_mir/recover-20221013/UBNA_001/20221012_030000.WAV,Telephone Field,recover-20221013,001,1795
314.4955,314.5336,68437,82482,Rhinolophus ferrumequinum,0.024,0.024,-1,Echolocation,/mnt/ubna_data_02_mir/recover-20221013/UBNA_001/20221012_030000.WAV,Telephone Field,recover-20221013,001,1795
314.5365,314.5755,68437,82501,Rhinolophus ferrumequinum,0.024,0.024,-1,Echolocation,/mnt/ubna_data_02_mir/recover-20221013/UBNA_001/20221012_030000.WAV,Telephone Field,recover-20221013,001,1795
314.5485,314.5665,18593,22413,Nyctalus noctula,0.016,0.025,-1,Echolocation,/mnt/ubna_data_02_mir/recover-20221013/UBNA_001/20221012_030000.WAV,Telephone Field,recover-20221013,001,1795
314.5595,314.6002,68437,82941,Rhinolophus ferrumequinum,0.026,0.026,-1,Echolocation,/mnt/ubna_data_02_mir/recover-20221013/UBNA_001/20221012_030000.WAV,Telephone Field,recover-20221013,001,1795
314.5765,314.62,68437,83425,Rhinolophus ferrumequinum,0.037,0.037,-1,Echolocation,/mnt/ubna_data_02_mir/recover-20221013/UBNA_001/20221012_030000.WAV,Telephone Field,recover-20221013,001,1795
314.5975,314.6119,22031,25892,Nyctalus leisleri,0.02,0.032,-1,Echolocation,/mnt/ubna_data_02_mir/recover-20221013/UBNA_001/20221012_030000.WAV,Telephone Field,recover-20221013,001,1795
314.6035,314.64,68437,82091,Rhinolophus ferrumequinum,0.031,0.031,-1,Echolocation,/mnt/ubna_data_02_mir/recover-20221013/UBNA_001/20221012_030000.WAV,Telephone Field,recover-20221013,001,1795
314.6315,314.6715,68437,82306,Rhinolophus ferrumequinum,0.032,0.032,-1,Echolocation,/mnt/ubna_data_02_mir/recover-20221013/UBNA_001/20221012_030000.WAV,Telephone Field,recover-20221013,001,1795
314.6435,314.6846,68437,82969,Rhinolophus ferrumequinum,0.033,0.033,-1,Echolocation,/mnt/ubna_data_02_mir/recover-20221013/UBNA_001/20221012_030000.WAV,Telephone Field,recover-20221013,001,1795
314.6515,314.6594,28046,38138,Eptesicus serotinus,0.008,0.022,-1,Echolocation,/mnt/ubna_data_02_mir/recover-20221013/UBNA_001/20221012_030000.WAV,Telephone Field,recover-20221013,001,1795
314.6615,314.6723,23750,29890,Nyctalus leisleri,0.01,0.024,-1,Echolocation,/mnt/ubna_data_02_mir/recover-20221013/UBNA_001/20221012_030000.WAV,Telephone Field,recover-20221013,001,1795
314.6735,314.7118,68437,82133,Rhinolophus ferrumequinum,0.022,0.022,-1,Echolocation,/mnt/ubna_data_02_mir/recover-20221013/UBNA_001/20221012_030000.WAV,Telephone Field,recover-20221013,001,1795
314.6915,314.7297,68437,82401,Rhinolophus ferrumequinum,0.024,0.024,-1,Echolocation,/mnt/ubna_data_02_mir/recover-20221013/UBNA_001/20221012_030000.WAV,Telephone Field,recover-20221013,001,1795
314.7245,314.7347,22890,28600,Nyctalus leisleri,0.009,0.022,-1,Echolocation,/mnt/ubna_data_02_mir/recover-20221013/UBNA_001/20221012_030000.WAV,Telephone Field,recover-20221013,001,1795
314.7605,314.80219999999997,68437,82908,Rhinolophus ferrumequinum,0.026,0.026,-1,Echolocation,/mnt/ubna_data_02_mir/recover-20221013/UBNA_001/20221012_030000.WAV,Telephone Field,recover-20221013,001,1795
314.8215,314.8398,22031,26366,Nyctalus leisleri,0.021,0.041,-1,Echolocation,/mnt/ubna_data_02_mir/recover-20221013/UBNA_001/20221012_030000.WAV,Telephone Field,recover-20221013,001,1795
314.9005,314.9351,68437,81605,Rhinolophus ferrumequinum,0.022,0.022,-1,Echolocation,/mnt/ubna_data_02_mir/recover-20221013/UBNA_001/20221012_030000.WAV,Telephone Field,recover-20221013,001,1795
314.9465,314.9865,68437,81985,Rhinolophus ferrumequinum,0.025,0.025,-1,Echolocation,/mnt/ubna_data_02_mir/recover-20221013/UBNA_001/20221012_030000.WAV,Telephone Field,recover-20221013,001,1795
314.9635,314.9739,23750,30689,Nyctalus leisleri,0.01,0.026,-1,Echolocation,/mnt/ubna_data_02_mir/recover-20221013/UBNA_001/20221012_030000.WAV,Telephone Field,recover-20221013,001,1795
314.9825,315.0277,68437,83876,Rhinolophus ferrumequinum,0.058,0.058,-1,Echolocation,/mnt/ubna_data_02_mir/recover-20221013/UBNA_001/20221012_030000.WAV,Telephone Field,recover-20221013,001,1795
315.0135,315.0495,68437,81957,Rhinolophus ferrumequinum,0.022,0.022,-1,Echolocation,/mnt/ubna_data_02_mir/recover-20221013/UBNA_001/20221012_030000.WAV,Telephone Field,recover-20221013,001,1795
315.0185,315.0556,68437,82173,Rhinolophus ferrumequinum,0.022,0.022,-1,Echolocation,/mnt/ubna_data_02_mir/recover-20221013/UBNA_001/20221012_030000.WAV,Telephone Field,recover-20221013,001,1795
315.0435,315.0808,68437,81855,Rhinolophus ferrumequinum,0.049,0.049,-1,Echolocation,/mnt/ubna_data_02_mir/recover-20221013/UBNA_001/20221012_030000.WAV,Telephone Field,recover-20221013,001,1795
315.0485,315.0556,28046,38821,Eptesicus serotinus,0.008,0.025,-1,Echolocation,/mnt/ubna_data_02_mir/recover-20221013/UBNA_001/20221012_030000.WAV,Telephone Field,recover-20221013,001,1795
315.0855,315.1202,68437,81374,Rhinolophus ferrumequinum,0.027,0.027,-1,Echolocation,/mnt/ubna_data_02_mir/recover-20221013/UBNA_001/20221012_030000.WAV,Telephone Field,recover-20221013,001,1795
315.1355,315.1718,68437,81739,Rhinolophus ferrumequinum,0.022,0.022,-1,Echolocation,/mnt/ubna_data_02_mir/recover-20221013/UBNA_001/20221012_030000.WAV,Telephone Field,recover-20221013,001,1795
315.1545,315.1623,28046,39810,Eptesicus serotinus,0.008,0.024,-1,Echolocation,/mnt/ubna_data_02_mir/recover-20221013/UBNA_001/20221012_030000.WAV,Telephone Field,recover-20221013,001,1795
315.1875,315.1973,25468,32629,Nyctalus leisleri,0.009,0.026,-1,Echolocation,/mnt/ubna_data_02_mir/recover-20221013/UBNA_001/20221012_030000.WAV,Telephone Field,recover-20221013,001,1795
315.1925,315.231,68437,82346,Rhinolophus ferrumequinum,0.023,0.023,-1,Echolocation,/mnt/ubna_data_02_mir/recover-20221013/UBNA_001/20221012_030000.WAV,Telephone Field,recover-20221013,001,1795
315.1995,315.2357,68437,81718,Rhinolophus ferrumequinum,0.022,0.022,-1,Echolocation,/mnt/ubna_data_02_mir/recover-20221013/UBNA_001/20221012_030000.WAV,Telephone Field,recover-20221013,001,1795
315.2265,315.2633,68437,81622,Rhinolophus ferrumequinum,0.023,0.023,-1,Echolocation,/mnt/ubna_data_02_mir/recover-20221013/UBNA_001/20221012_030000.WAV,Telephone Field,recover-20221013,001,1795
315.2485,315.2889,68437,82493,Rhinolophus ferrumequinum,0.026,0.026,-1,Echolocation,/mnt/ubna_data_02_mir/recover-20221013/UBNA_001/20221012_030000.WAV,Telephone Field,recover-20221013,001,1795
315.2755,315.316,68437,82223,Rhinolophus ferrumequinum,0.022,0.023,-1,Echolocation,/mnt/ubna_data_02_mir/recover-20221013/UBNA_001/20221012_030000.WAV,Telephone Field,recover-20221013,001,1795
315.3155,315.3601,68437,83746,Rhinolophus ferrumequinum,0.053,0.053,-1,Echolocation,/mnt/ubna_data_02_mir/recover-20221013/UBNA_001/20221012_030000.WAV,Telephone Field,recover-20221013,001,1795
315.3445,315.38,68437,81064,Rhinolophus ferrumequinum,0.024,0.024,-1,Echolocation,/mnt/ubna_data_02_mir/recover-20221013/UBNA_001/20221012_030000.WAV,Telephone Field,recover-20221013,001,1795
315.4105,315.4186,28046,42146,Eptesicus serotinus,0.008,0.022,-1,Echolocation,/mnt/ubna_data_02_mir/recover-20221013/UBNA_001/20221012_030000.WAV,Telephone Field,recover-20221013,001,1795
315.4225,315.4635,68437,82563,Rhinolophus ferrumequinum,0.038,0.038,-1,Echolocation,/mnt/ubna_data_02_mir/recover-20221013/UBNA_001/20221012_030000.WAV,Telephone Field,recover-20221013,001,1795
315.4515,315.4902,68437,81569,Rhinolophus ferrumequinum,0.025,0.025,-1,Echolocation,/mnt/ubna_data_02_mir/recover-20221013/UBNA_001/20221012_030000.WAV,Telephone Field,recover-20221013,001,1795
315.4575,315.4973,68437,81813,Rhinolophus ferrumequinum,0.024,0.024,-1,Echolocation,/mnt/ubna_data_02_mir/recover-20221013/UBNA_001/20221012_030000.WAV,Telephone Field,recover-20221013,001,1795
315.4955,315.5058,23750,29376,Nyctalus leisleri,0.014,0.032,-1,Echolocation,/mnt/ubna_data_02_mir/recover-20221013/UBNA_001/20221012_030000.WAV,Telephone Field,recover-20221013,001,1795
315.5065,315.5156,28906,37160,Eptesicus serotinus,0.008,0.022,-1,Echolocation,/mnt/ubna_data_02_mir/recover-20221013/UBNA_001/20221012_030000.WAV,Telephone Field,recover-20221013,001,1795
315.5295,315.5401,47812,50804,Pipistrellus pipistrellus,0.023,0.025,-1,Echolocation,/mnt/ubna_data_02_mir/recover-20221013/UBNA_001/20221012_030000.WAV,Telephone Field,recover-20221013,001,1795
315.5855,315.5998,24609,29474,Nyctalus leisleri,0.015,0.031,-1,Echolocation,/mnt/ubna_data_02_mir/recover-20221013/UBNA_001/20221012_030000.WAV,Telephone Field,recover-20221013,001,1795
315.6205,315.6583,68437,82345,Rhinolophus ferrumequinum,0.022,0.022,-1,Echolocation,/mnt/ubna_data_02_mir/recover-20221013/UBNA_001/20221012_030000.WAV,Telephone Field,recover-20221013,001,1795
315.6545,315.662,28046,41849,Eptesicus serotinus,0.008,0.025,-1,Echolocation,/mnt/ubna_data_02_mir/recover-20221013/UBNA_001/20221012_030000.WAV,Telephone Field,recover-20221013,001,1795
315.7145,315.723,25468,33885,Eptesicus serotinus,0.008,0.025,-1,Echolocation,/mnt/ubna_data_02_mir/recover-20221013/UBNA_001/20221012_030000.WAV,Telephone Field,recover-20221013,001,1795
315.7635,315.8055,68437,82891,Rhinolophus ferrumequinum,0.035,0.035,-1,Echolocation,/mnt/ubna_data_02_mir/recover-20221013/UBNA_001/20221012_030000.WAV,Telephone Field,recover-20221013,001,1795
315.7895,315.8317,68437,82844,Rhinolophus ferrumequinum,0.032,0.032,-1,Echolocation,/mnt/ubna_data_02_mir/recover-20221013/UBNA_001/20221012_030000.WAV,Telephone Field,recover-20221013,001,1795
315.7905,315.7987,28046,38260,Eptesicus serotinus,0.008,0.024,-1,Echolocation,/mnt/ubna_data_02_mir/recover-20221013/UBNA_001/20221012_030000.WAV,Telephone Field,recover-20221013,001,1795
315.8315,315.8399,26328,34935,Eptesicus serotinus,0.009,0.025,-1,Echolocation,/mnt/ubna_data_02_mir/recover-20221013/UBNA_001/20221012_030000.WAV,Telephone Field,recover-20221013,001,1795
315.9115,315.919,23750,32192,Plecotus austriacus,0.01,0.023,-1,Echolocation,/mnt/ubna_data_02_mir/recover-20221013/UBNA_001/20221012_030000.WAV,Telephone Field,recover-20221013,001,1795
315.9145,315.9223,28046,38871,Eptesicus serotinus,0.007,0.022,-1,Echolocation,/mnt/ubna_data_02_mir/recover-20221013/UBNA_001/20221012_030000.WAV,Telephone Field,recover-20221013,001,1795
315.9385,315.9752,68437,80964,Rhinolophus ferrumequinum,0.023,0.023,-1,Echolocation,/mnt/ubna_data_02_mir/recover-20221013/UBNA_001/20221012_030000.WAV,Telephone Field,recover-20221013,001,1795
315.9525,315.9631,22031,27182,Nyctalus leisleri,0.009,0.022,-1,Echolocation,/mnt/ubna_data_02_mir/recover-20221013/UBNA_001/20221012_030000.WAV,Telephone Field,recover-20221013,001,1795
316.0015,316.0349,68437,79718,Rhinolophus ferrumequinum,0.028,0.029,-1,Echolocation,/mnt/ubna_data_02_mir/recover-20221013/UBNA_001/20221012_030000.WAV,Telephone Field,recover-20221013,001,1795
316.0015,316.0102,22890,29977,Nyctalus leisleri,0.009,0.026,-1,Echolocation,/mnt/ubna_data_02_mir/recover-20221013/UBNA_001/20221012_030000.WAV,Telephone Field,recover-20221013,001,1795
316.0015,316.0081,35781,44415,Myotis daubentonii,0.007,0.022,-1,Echolocation,/mnt/ubna_data_02_mir/recover-20221013/UBNA_001/20221012_030000.WAV,Telephone Field,recover-20221013,001,1795
316.0085,316.0521,68437,82374,Rhinolophus ferrumequinum,0.022,0.022,-1,Echolocation,/mnt/ubna_data_02_mir/recover-20221013/UBNA_001/20221012_030000.WAV,Telephone Field,recover-20221013,001,1795
316.0175,316.0286,22031,26004,Nyctalus leisleri,0.013,0.022,-1,Echolocation,/mnt/ubna_data_02_mir/recover-20221013/UBNA_001/20221012_030000.WAV,Telephone Field,recover-20221013,001,1795
316.0365,316.0794,68437,82952,Rhinolophus ferrumequinum,0.035,0.035,-1,Echolocation,/mnt/ubna_data_02_mir/recover-20221013/UBNA_001/20221012_030000.WAV,Telephone Field,recover-20221013,001,1795
316.0905,316.0991,23750,31365,Nyctalus leisleri,0.006,0.021,-1,Echolocation,/mnt/ubna_data_02_mir/recover-20221013/UBNA_001/20221012_030000.WAV,Telephone Field,recover-20221013,001,1795
316.10450000000003,316.14639999999997,68437,82603,Rhinolophus ferrumequinum,0.029,0.029,-1,Echolocation,/mnt/ubna_data_02_mir/recover-20221013/UBNA_001/20221012_030000.WAV,Telephone Field,recover-20221013,001,1795
316.1605,316.1693,28046,38294,Eptesicus serotinus,0.011,0.027,-1,Echolocation,/mnt/ubna_data_02_mir/recover-20221013/UBNA_001/20221012_030000.WAV,Telephone Field,recover-20221013,001,1795
316.1945,316.2037,22890,29486,Plecotus austriacus,0.007,0.021,-1,Echolocation,/mnt/ubna_data_02_mir/recover-20221013/UBNA_001/20221012_030000.WAV,Telephone Field,recover-20221013,001,1795
316.2255,316.2694,68437,82901,Rhinolophus ferrumequinum,0.03,0.03,-1,Echolocation,/mnt/ubna_data_02_mir/recover-20221013/UBNA_001/20221012_030000.WAV,Telephone Field,recover-20221013,001,1795
316.2305,316.2405,22890,29026,Nyctalus leisleri,0.008,0.021,-1,Echolocation,/mnt/ubna_data_02_mir/recover-20221013/UBNA_001/20221012_030000.WAV,Telephone Field,recover-20221013,001,1795
316.2525,316.289,68437,81349,Rhinolophus ferrumequinum,0.021,0.022,-1,Echolocation,/mnt/ubna_data_02_mir/recover-20221013/UBNA_001/20221012_030000.WAV,Telephone Field,recover-20221013,001,1795
316.27049999999997,316.3064,68437,81379,Rhinolophus ferrumequinum,0.021,0.021,-1,Echolocation,/mnt/ubna_data_02_mir/recover-20221013/UBNA_001/20221012_030000.WAV,Telephone Field,recover-20221013,001,1795
316.2955,316.3346,68437,82526,Rhinolophus ferrumequinum,0.025,0.025,-1,Echolocation,/mnt/ubna_data_02_mir/recover-20221013/UBNA_001/20221012_030000.WAV,Telephone Field,recover-20221013,001,1795
316.2965,316.3188,19453,22316,Nyctalus noctula,0.028,0.052,-1,Echolocation,/mnt/ubna_data_02_mir/recover-20221013/UBNA_001/20221012_030000.WAV,Telephone Field,recover-20221013,001,1795
316.3035,316.3444,68437,82999,Rhinolophus ferrumequinum,0.021,0.021,-1,Echolocation,/mnt/ubna_data_02_mir/recover-20221013/UBNA_001/20221012_030000.WAV,Telephone Field,recover-20221013,001,1795
316.3205,316.3607,68437,82824,Rhinolophus ferrumequinum,0.028,0.028,-1,Echolocation,/mnt/ubna_data_02_mir/recover-20221013/UBNA_001/20221012_030000.WAV,Telephone Field,recover-20221013,001,1795
316.3285,316.3663,68437,82086,Rhinolophus ferrumequinum,0.025,0.025,-1,Echolocation,/mnt/ubna_data_02_mir/recover-20221013/UBNA_001/20221012_030000.WAV,Telephone Field,recover-20221013,001,1795
316.3395,316.3774,68437,82000,Rhinolophus ferrumequinum,0.034,0.034,-1,Echolocation,/mnt/ubna_data_02_mir/recover-20221013/UBNA_001/20221012_030000.WAV,Telephone Field,recover-20221013,001,1795
316.3455,316.3541,27187,37141,Eptesicus serotinus,0.007,0.021,-1,Echolocation,/mnt/ubna_data_02_mir/recover-20221013/UBNA_001/20221012_030000.WAV,Telephone Field,recover-20221013,001,1795
316.3595,316.3702,46953,50656,Pipistrellus pipistrellus,0.023,0.025,-1,Echolocation,/mnt/ubna_data_02_mir/recover-20221013/UBNA_001/20221012_030000.WAV,Telephone Field,recover-20221013,001,1795
316.3875,316.4283,68437,82477,Rhinolophus ferrumequinum,0.056,0.056,-1,Echolocation,/mnt/ubna_data_02_mir/recover-20221013/UBNA_001/20221012_030000.WAV,Telephone Field,recover-20221013,001,1795
316.3935,316.4021,29765,38185,Eptesicus serotinus,0.008,0.026,-1,Echolocation,/mnt/ubna_data_02_mir/recover-20221013/UBNA_001/20221012_030000.WAV,Telephone Field,recover-20221013,001,1795
316.4185,316.4587,68437,82251,Rhinolophus ferrumequinum,0.028,0.028,-1,Echolocation,/mnt/ubna_data_02_mir/recover-20221013/UBNA_001/20221012_030000.WAV,Telephone Field,recover-20221013,001,1795
316.4395,316.4539,24609,29698,Nyctalus leisleri,0.019,0.037,-1,Echolocation,/mnt/ubna_data_02_mir/recover-20221013/UBNA_001/20221012_030000.WAV,Telephone Field,recover-20221013,001,1795
316.4645,316.5064,68437,81888,Rhinolophus ferrumequinum,0.034,0.034,-1,Echolocation,/mnt/ubna_data_02_mir/recover-20221013/UBNA_001/20221012_030000.WAV,Telephone Field,recover-20221013,001,1795
316.5115,316.5507,68437,81801,Rhinolophus ferrumequinum,0.021,0.021,-1,Echolocation,/mnt/ubna_data_02_mir/recover-20221013/UBNA_001/20221012_030000.WAV,Telephone Field,recover-20221013,001,1795
316.5165,316.5268,26328,33630,Nyctalus leisleri,0.01,0.03,-1,Echolocation,/mnt/ubna_data_02_mir/recover-20221013/UBNA_001/20221012_030000.WAV,Telephone Field,recover-20221013,001,1795
316.5195,316.5613,68437,82209,Rhinolophus ferrumequinum,0.021,0.021,-1,Echolocation,/mnt/ubna_data_02_mir/recover-20221013/UBNA_001/20221012_030000.WAV,Telephone Field,recover-20221013,001,1795
316.5295,316.5414,22031,26081,Nyctalus leisleri,0.014,0.025,-1,Echolocation,/mnt/ubna_data_02_mir/recover-20221013/UBNA_001/20221012_030000.WAV,Telephone Field,recover-20221013,001,1795
316.5635,316.5714,28046,37295,Eptesicus serotinus,0.007,0.022,-1,Echolocation,/mnt/ubna_data_02_mir/recover-20221013/UBNA_001/20221012_030000.WAV,Telephone Field,recover-20221013,001,1795
316.5775,316.5849,28046,38020,Eptesicus serotinus,0.007,0.024,-1,Echolocation,/mnt/ubna_data_02_mir/recover-20221013/UBNA_001/20221012_030000.WAV,Telephone Field,recover-20221013,001,1795
316.6035,316.6113,23750,31599,Plecotus austriacus,0.009,0.023,-1,Echolocation,/mnt/ubna_data_02_mir/recover-20221013/UBNA_001/20221012_030000.WAV,Telephone Field,recover-20221013,001,1795
316.6065,316.64549999999997,68437,82345,Rhinolophus ferrumequinum,0.021,0.021,-1,Echolocation,/mnt/ubna_data_02_mir/recover-20221013/UBNA_001/20221012_030000.WAV,Telephone Field,recover-20221013,001,1795
316.6445,316.6555,22031,27192,Nyctalus leisleri,0.012,0.028,-1,Echolocation,/mnt/ubna_data_02_mir/recover-20221013/UBNA_001/20221012_030000.WAV,Telephone Field,recover-20221013,001,1795
316.6475,316.6876,68437,82256,Rhinolophus ferrumequinum,0.023,0.023,-1,Echolocation,/mnt/ubna_data_02_mir/recover-20221013/UBNA_001/20221012_030000.WAV,Telephone Field,recover-20221013,001,1795
316.6595,316.6976,68437,81969,Rhinolophus ferrumequinum,0.021,0.021,-1,Echolocation,/mnt/ubna_data_02_mir/recover-20221013/UBNA_001/20221012_030000.WAV,Telephone Field,recover-20221013,001,1795
316.6735,316.712,68437,81774,Rhinolophus ferrumequinum,0.021,0.021,-1,Echolocation,/mnt/ubna_data_02_mir/recover-20221013/UBNA_001/20221012_030000.WAV,Telephone Field,recover-20221013,001,1795
316.6835,316.72180000000003,68437,81952,Rhinolophus ferrumequinum,0.021,0.021,-1,Echolocation,/mnt/ubna_data_02_mir/recover-20221013/UBNA_001/20221012_030000.WAV,Telephone Field,recover-20221013,001,1795
316.7035,316.7101,26328,39536,Myotis nattereri,0.006,0.028,-1,Echolocation,/mnt/ubna_data_02_mir/recover-20221013/UBNA_001/20221012_030000.WAV,Telephone Field,recover-20221013,001,1795
316.7165,316.7534,68437,81147,Rhinolophus ferrumequinum,0.021,0.021,-1,Echolocation,/mnt/ubna_data_02_mir/recover-20221013/UBNA_001/20221012_030000.WAV,Telephone Field,recover-20221013,001,1795
316.7215,316.7292,28906,38000,Eptesicus serotinus,0.006,0.024,-1,Echolocation,/mnt/ubna_data_02_mir/recover-20221013/UBNA_001/20221012_030000.WAV,Telephone Field,recover-20221013,001,1795
316.7415,316.7521,23750,29006,Nyctalus leisleri,0.011,0.023,-1,Echolocation,/mnt/ubna_data_02_mir/recover-20221013/UBNA_001/20221012_030000.WAV,Telephone Field,recover-20221013,001,1795
316.7425,316.7798,68437,81318,Rhinolophus ferrumequinum,0.022,0.022,-1,Echolocation,/mnt/ubna_data_02_mir/recover-20221013/UBNA_001/20221012_030000.WAV,Telephone Field,recover-20221013,001,1795
316.7735,316.7864,22890,27110,Nyctalus leisleri,0.016,0.028,-1,Echolocation,/mnt/ubna_data_02_mir/recover-20221013/UBNA_001/20221012_030000.WAV,Telephone Field,recover-20221013,001,1795
316.8115,316.8472,68437,81397,Rhinolophus ferrumequinum,0.021,0.021,-1,Echolocation,/mnt/ubna_data_02_mir/recover-20221013/UBNA_001/20221012_030000.WAV,Telephone Field,recover-20221013,001,1795
316.8135,316.8226,22890,30037,Plecotus austriacus,0.01,0.024,-1,Echolocation,/mnt/ubna_data_02_mir/recover-20221013/UBNA_001/20221012_030000.WAV,Telephone Field,recover-20221013,001,1795
316.8515,316.8612,22890,29231,Nyctalus leisleri,0.009,0.024,-1,Echolocation,/mnt/ubna_data_02_mir/recover-20221013/UBNA_001/20221012_030000.WAV,Telephone Field,recover-20221013,001,1795
316.8705,316.88,28046,36539,Eptesicus serotinus,0.008,0.021,-1,Echolocation,/mnt/ubna_data_02_mir/recover-20221013/UBNA_001/20221012_030000.WAV,Telephone Field,recover-20221013,001,1795
316.9105,316.95029999999997,68437,82236,Rhinolophus ferrumequinum,0.024,0.024,-1,Echolocation,/mnt/ubna_data_02_mir/recover-20221013/UBNA_001/20221012_030000.WAV,Telephone Field,recover-20221013,001,1795
316.9255,316.9355,28906,36681,Eptesicus serotinus,0.009,0.021,-1,Echolocation,/mnt/ubna_data_02_mir/recover-20221013/UBNA_001/20221012_030000.WAV,Telephone Field,recover-20221013,001,1795
316.9375,316.9803,68437,83403,Rhinolophus ferrumequinum,0.029,0.029,-1,Echolocation,/mnt/ubna_data_02_mir/recover-20221013/UBNA_001/20221012_030000.WAV,Telephone Field,recover-20221013,001,1795
316.9705,316.9802,23750,30432,Nyctalus leisleri,0.009,0.023,-1,Echolocation,/mnt/ubna_data_02_mir/recover-20221013/UBNA_001/20221012_030000.WAV,Telephone Field,recover-20221013,001,1795
316.9735,317.009,68437,81530,Rhinolophus ferrumequinum,0.021,0.021,-1,Echolocation,/mnt/ubna_data_02_mir/recover-20221013/UBNA_001/20221012_030000.WAV,Telephone Field,recover-20221013,001,1795
316.9905,317.0266,68437,80443,Rhinolophus ferrumequinum,0.021,0.021,-1,Echolocation,/mnt/ubna_data_02_mir/recover-20221013/UBNA_001/20221012_030000.WAV,Telephone Field,recover-20221013,001,1795
316.9955,317.0027,28046,38878,Eptesicus serotinus,0.006,0.022,-1,Echolocation,/mnt/ubna_data_02_mir/recover-20221013/UBNA_001/20221012_030000.WAV,Telephone Field,recover-20221013,001,1795
317.0135,317.024,24609,30876,Nyctalus leisleri,0.008,0.023,-1,Echolocation,/mnt/ubna_data_02_mir/recover-20221013/UBNA_001/20221012_030000.WAV,Telephone Field,recover-20221013,001,1795
317.0195,317.0298,28046,35468,Eptesicus serotinus,0.009,0.022,-1,Echolocation,/mnt/ubna_data_02_mir/recover-20221013/UBNA_001/20221012_030000.WAV,Telephone Field,recover-20221013,001,1795
317.0255,317.065,68437,83082,Rhinolophus ferrumequinum,0.03,0.03,-1,Echolocation,/mnt/ubna_data_02_mir/recover-20221013/UBNA_001/20221012_030000.WAV,Telephone Field,recover-20221013,001,1795
317.0355,317.0756,68437,82648,Rhinolophus ferrumequinum,0.024,0.024,-1,Echolocation,/mnt/ubna_data_02_mir/recover-20221013/UBNA_001/20221012_030000.WAV,Telephone Field,recover-20221013,001,1795
317.0365,317.046,24609,31708,Nyctalus leisleri,0.009,0.025,-1,Echolocation,/mnt/ubna_data_02_mir/recover-20221013/UBNA_001/20221012_030000.WAV,Telephone Field,recover-20221013,001,1795
317.0425,317.0855,68437,83312,Rhinolophus ferrumequinum,0.023,0.023,-1,Echolocation,/mnt/ubna_data_02_mir/recover-20221013/UBNA_001/20221012_030000.WAV,Telephone Field,recover-20221013,001,1795
317.0565,317.0953,68437,81966,Rhinolophus ferrumequinum,0.022,0.023,-1,Echolocation,/mnt/ubna_data_02_mir/recover-20221013/UBNA_001/20221012_030000.WAV,Telephone Field,recover-20221013,001,1795
317.0815,317.0896,51250,56754,Pipistrellus pipistrellus,0.02,0.023,-1,Echolocation,/mnt/ubna_data_02_mir/recover-20221013/UBNA_001/20221012_030000.WAV,Telephone Field,recover-20221013,001,1795
317.0835,317.1218,68437,82037,Rhinolophus ferrumequinum,0.021,0.021,-1,Echolocation,/mnt/ubna_data_02_mir/recover-20221013/UBNA_001/20221012_030000.WAV,Telephone Field,recover-20221013,001,1795
317.1325,317.1411,28906,36723,Eptesicus serotinus,0.008,0.022,-1,Echolocation,/mnt/ubna_data_02_mir/recover-20221013/UBNA_001/20221012_030000.WAV,Telephone Field,recover-20221013,001,1795
317.2025,317.2413,68437,82012,Rhinolophus ferrumequinum,0.022,0.022,-1,Echolocation,/mnt/ubna_data_02_mir/recover-20221013/UBNA_001/20221012_030000.WAV,Telephone Field,recover-20221013,001,1795
317.2115,317.2498,68437,82403,Rhinolophus ferrumequinum,0.025,0.025,-1,Echolocation,/mnt/ubna_data_02_mir/recover-20221013/UBNA_001/20221012_030000.WAV,Telephone Field,recover-20221013,001,1795
317.2255,317.2613,68437,80669,Rhinolophus ferrumequinum,0.02,0.021,-1,Echolocation,/mnt/ubna_data_02_mir/recover-20221013/UBNA_001/20221012_030000.WAV,Telephone Field,recover-20221013,001,1795
317.2445,317.2826,68437,81912,Rhinolophus ferrumequinum,0.023,0.023,-1,Echolocation,/mnt/ubna_data_02_mir/recover-20221013/UBNA_001/20221012_030000.WAV,Telephone Field,recover-20221013,001,1795
317.2525,317.2934,68437,82604,Rhinolophus ferrumequinum,0.023,0.023,-1,Echolocation,/mnt/ubna_data_02_mir/recover-20221013/UBNA_001/20221012_030000.WAV,Telephone Field,recover-20221013,001,1795
317.2695,317.3046,68437,81591,Rhinolophus ferrumequinum,0.021,0.021,-1,Echolocation,/mnt/ubna_data_02_mir/recover-20221013/UBNA_001/20221012_030000.WAV,Telephone Field,recover-20221013,001,1795
317.2915,317.3304,68437,82263,Rhinolophus ferrumequinum,0.03,0.03,-1,Echolocation,/mnt/ubna_data_02_mir/recover-20221013/UBNA_001/20221012_030000.WAV,Telephone Field,recover-20221013,001,1795
317.3105,317.34929999999997,68437,82120,Rhinolophus ferrumequinum,0.022,0.022,-1,Echolocation,/mnt/ubna_data_02_mir/recover-20221013/UBNA_001/20221012_030000.WAV,Telephone Field,recover-20221013,001,1795
317.3265,317.3369,22031,26245,Nyctalus leisleri,0.011,0.021,-1,Echolocation,/mnt/ubna_data_02_mir/recover-20221013/UBNA_001/20221012_030000.WAV,Telephone Field,recover-20221013,001,1795
317.3455,317.3838,68437,81831,Rhinolophus ferrumequinum,0.022,0.022,-1,Echolocation,/mnt/ubna_data_02_mir/recover-20221013/UBNA_001/20221012_030000.WAV,Telephone Field,recover-20221013,001,1795
317.3495,317.3569,28046,39352,Eptesicus serotinus,0.007,0.023,-1,Echolocation,/mnt/ubna_data_02_mir/recover-20221013/UBNA_001/20221012_030000.WAV,Telephone Field,recover-20221013,001,1795
317.3655,317.3761,23750,29769,Nyctalus leisleri,0.011,0.026,-1,Echolocation,/mnt/ubna_data_02_mir/recover-20221013/UBNA_001/20221012_030000.WAV,Telephone Field,recover-20221013,001,1795
317.3815,317.402,18593,21800,Nyctalus noctula,0.012,0.024,-1,Echolocation,/mnt/ubna_data_02_mir/recover-20221013/UBNA_001/20221012_030000.WAV,Telephone Field,recover-20221013,001,1795
317.4165,317.4585,68437,83264,Rhinolophus ferrumequinum,0.024,0.024,-1,Echolocation,/mnt/ubna_data_02_mir/recover-20221013/UBNA_001/20221012_030000.WAV,Telephone Field,recover-20221013,001,1795
317.4355,317.4726,68437,81856,Rhinolophus ferrumequinum,0.021,0.022,-1,Echolocation,/mnt/ubna_data_02_mir/recover-20221013/UBNA_001/20221012_030000.WAV,Telephone Field,recover-20221013,001,1795
317.4485,317.459,50390,55096,Pipistrellus pipistrellus,0.023,0.029,-1,Echolocation,/mnt/ubna_data_02_mir/recover-20221013/UBNA_001/20221012_030000.WAV,Telephone Field,recover-20221013,001,1795
317.4485,317.4595,26328,34044,Eptesicus serotinus,0.012,0.024,-1,Echolocation,/mnt/ubna_data_02_mir/recover-20221013/UBNA_001/20221012_030000.WAV,Telephone Field,recover-20221013,001,1795
317.4565,317.4998,68437,82609,Rhinolophus ferrumequinum,0.023,0.023,-1,Echolocation,/mnt/ubna_data_02_mir/recover-20221013/UBNA_001/20221012_030000.WAV,Telephone Field,recover-20221013,001,1795
317.4835,317.529,68437,83543,Rhinolophus ferrumequinum,0.032,0.032,-1,Echolocation,/mnt/ubna_data_02_mir/recover-20221013/UBNA_001/20221012_030000.WAV,Telephone Field,recover-20221013,001,1795
317.52049999999997,317.52819999999997,28046,39801,Eptesicus serotinus,0.008,0.024,-1,Echolocation,/mnt/ubna_data_02_mir/recover-20221013/UBNA_001/20221012_030000.WAV,Telephone Field,recover-20221013,001,1795
317.5355,317.5746,68437,81993,Rhinolophus ferrumequinum,0.022,0.022,-1,Echolocation,/mnt/ubna_data_02_mir/recover-20221013/UBNA_001/20221012_030000.WAV,Telephone Field,recover-20221013,001,1795
317.5595,317.5904,68437,79416,Rhinolophus ferrumequinum,0.022,0.023,-1,Echolocation,/mnt/ubna_data_02_mir/recover-20221013/UBNA_001/20221012_030000.WAV,Telephone Field,recover-20221013,001,1795
317.5725,317.6091,68437,81623,Rhinolophus ferrumequinum,0.021,0.021,-1,Echolocation,/mnt/ubna_data_02_mir/recover-20221013/UBNA_001/20221012_030000.WAV,Telephone Field,recover-20221013,001,1795
317.5745,317.5849,27187,34542,Eptesicus serotinus,0.011,0.023,-1,Echolocation,/mnt/ubna_data_02_mir/recover-20221013/UBNA_001/20221012_030000.WAV,Telephone Field,recover-20221013,001,1795
317.5855,317.6257,68437,82187,Rhinolophus ferrumequinum,0.03,0.03,-1,Echolocation,/mnt/ubna_data_02_mir/recover-20221013/UBNA_001/20221012_030000.WAV,Telephone Field,recover-20221013,001,1795
317.6115,317.6499,68437,81725,Rhinolophus ferrumequinum,0.024,0.024,-1,Echolocation,/mnt/ubna_data_02_mir/recover-20221013/UBNA_001/20221012_030000.WAV,Telephone Field,recover-20221013,001,1795
317.6185,317.6556,68437,81594,Rhinolophus ferrumequinum,0.022,0.022,-1,Echolocation,/mnt/ubna_data_02_mir/recover-20221013/UBNA_001/20221012_030000.WAV,Telephone Field,recover-20221013,001,1795
317.6285,317.6671,68437,81410,Rhinolophus ferrumequinum,0.021,0.021,-1,Echolocation,/mnt/ubna_data_02_mir/recover-20221013/UBNA_001/20221012_030000.WAV,Telephone Field,recover-20221013,001,1795
317.6535,317.6894,68437,81273,Rhinolophus ferrumequinum,0.023,0.023,-1,Echolocation,/mnt/ubna_data_02_mir/recover-20221013/UBNA_001/20221012_030000.WAV,Telephone Field,recover-20221013,001,1795
317.6595,317.668,28906,38608,Eptesicus serotinus,0.009,0.025,-1,Echolocation,/mnt/ubna_data_02_mir/recover-20221013/UBNA_001/20221012_030000.WAV,Telephone Field,recover-20221013,001,1795
317.6635,317.7016,68437,82387,Rhinolophus ferrumequinum,0.027,0.027,-1,Echolocation,/mnt/ubna_data_02_mir/recover-20221013/UBNA_001/20221012_030000.WAV,Telephone Field,recover-20221013,001,1795
317.6775,317.6878,44375,47674,Pipistrellus pipistrellus,0.021,0.022,-1,Echolocation,/mnt/ubna_data_02_mir/recover-20221013/UBNA_001/20221012_030000.WAV,Telephone Field,recover-20221013,001,1795
317.7545,317.7941,68437,81640,Rhinolophus ferrumequinum,0.027,0.027,-1,Echolocation,/mnt/ubna_data_02_mir/recover-20221013/UBNA_001/20221012_030000.WAV,Telephone Field,recover-20221013,001,1795
317.7615,317.7728,23750,29103,Nyctalus leisleri,0.012,0.026,-1,Echolocation,/mnt/ubna_data_02_mir/recover-20221013/UBNA_001/20221012_030000.WAV,Telephone Field,recover-20221013,001,1795
317.7675,317.8021,68437,80535,Rhinolophus ferrumequinum,0.02,0.021,-1,Echolocation,/mnt/ubna_data_02_mir/recover-20221013/UBNA_001/20221012_030000.WAV,Telephone Field,recover-20221013,001,1795
317.7955,317.8362,68437,82484,Rhinolophus ferrumequinum,0.024,0.024,-1,Echolocation,/mnt/ubna_data_02_mir/recover-20221013/UBNA_001/20221012_030000.WAV,Telephone Field,recover-20221013,001,1795
317.8125,317.8481,68437,82291,Rhinolophus ferrumequinum,0.021,0.021,-1,Echolocation,/mnt/ubna_data_02_mir/recover-20221013/UBNA_001/20221012_030000.WAV,Telephone Field,recover-20221013,001,1795
317.8185,317.8281,42656,46967,Pipistrellus pipistrellus,0.022,0.025,-1,Echolocation,/mnt/ubna_data_02_mir/recover-20221013/UBNA_001/20221012_030000.WAV,Telephone Field,recover-20221013,001,1795
317.8215,317.8593,68437,82065,Rhinolophus ferrumequinum,0.021,0.021,-1,Echolocation,/mnt/ubna_data_02_mir/recover-20221013/UBNA_001/20221012_030000.WAV,Telephone Field,recover-20221013,001,1795
317.8435,317.8872,68437,83757,Rhinolophus ferrumequinum,0.036,0.036,-1,Echolocation,/mnt/ubna_data_02_mir/recover-20221013/UBNA_001/20221012_030000.WAV,Telephone Field,recover-20221013,001,1795
317.9435,317.9831,68437,82247,Rhinolophus ferrumequinum,0.021,0.021,-1,Echolocation,/mnt/ubna_data_02_mir/recover-20221013/UBNA_001/20221012_030000.WAV,Telephone Field,recover-20221013,001,1795
318.0015,318.0101,24609,31923,Nyctalus leisleri,0.01,0.028,-1,Echolocation,/mnt/ubna_data_02_mir/recover-20221013/UBNA_001/20221012_030000.WAV,Telephone Field,recover-20221013,001,1795
318.0015,318.03,68437,79805,Rhinolophus ferrumequinum,0.034,0.034,-1,Echolocation,/mnt/ubna_data_02_mir/recover-20221013/UBNA_001/20221012_030000.WAV,Telephone Field,recover-20221013,001,1795
318.0105,318.0474,68437,82019,Rhinolophus ferrumequinum,0.022,0.022,-1,Echolocation,/mnt/ubna_data_02_mir/recover-20221013/UBNA_001/20221012_030000.WAV,Telephone Field,recover-20221013,001,1795
318.0235,318.0636,68437,82895,Rhinolophus ferrumequinum,0.024,0.024,-1,Echolocation,/mnt/ubna_data_02_mir/recover-20221013/UBNA_001/20221012_030000.WAV,Telephone Field,recover-20221013,001,1795
318.0625,318.0724,28046,37849,Eptesicus serotinus,0.012,0.03,-1,Echolocation,/mnt/ubna_data_02_mir/recover-20221013/UBNA_001/20221012_030000.WAV,Telephone Field,recover-20221013,001,1795
318.0675,318.1091,68437,83280,Rhinolophus ferrumequinum,0.034,0.034,-1,Echolocation,/mnt/ubna_data_02_mir/recover-20221013/UBNA_001/20221012_030000.WAV,Telephone Field,recover-20221013,001,1795
318.0955,318.1318,68437,81830,Rhinolophus ferrumequinum,0.024,0.024,-1,Echolocation,/mnt/ubna_data_02_mir/recover-20221013/UBNA_001/20221012_030000.WAV,Telephone Field,recover-20221013,001,1795
318.1225,318.1288,29765,42060,Myotis daubentonii,0.008,0.023,-1,Echolocation,/mnt/ubna_data_02_mir/recover-20221013/UBNA_001/20221012_030000.WAV,Telephone Field,recover-20221013,001,1795
318.1595,318.1996,68437,82992,Rhinolophus ferrumequinum,0.031,0.031,-1,Echolocation,/mnt/ubna_data_02_mir/recover-20221013/UBNA_001/20221012_030000.WAV,Telephone Field,recover-20221013,001,1795
318.1685,318.2062,68437,82186,Rhinolophus ferrumequinum,0.022,0.022,-1,Echolocation,/mnt/ubna_data_02_mir/recover-20221013/UBNA_001/20221012_030000.WAV,Telephone Field,recover-20221013,001,1795
318.1895,318.1985,25468,33570,Eptesicus serotinus,0.01,0.024,-1,Echolocation,/mnt/ubna_data_02_mir/recover-20221013/UBNA_001/20221012_030000.WAV,Telephone Field,recover-20221013,001,1795
318.1905,318.2017,58125,62978,Pipistrellus pygmaeus,0.021,0.022,-1,Echolocation,/mnt/ubna_data_02_mir/recover-20221013/UBNA_001/20221012_030000.WAV,Telephone Field,recover-20221013,001,1795
318.2275,318.2631,68437,81383,Rhinolophus ferrumequinum,0.021,0.022,-1,Echolocation,/mnt/ubna_data_02_mir/recover-20221013/UBNA_001/20221012_030000.WAV,Telephone Field,recover-20221013,001,1795
318.2365,318.2429,26328,37577,Plecotus austriacus,0.007,0.029,-1,Echolocation,/mnt/ubna_data_02_mir/recover-20221013/UBNA_001/20221012_030000.WAV,Telephone Field,recover-20221013,001,1795
318.2505,318.259,50390,55959,Pipistrellus pipistrellus,0.018,0.022,-1,Echolocation,/mnt/ubna_data_02_mir/recover-20221013/UBNA_001/20221012_030000.WAV,Telephone Field,recover-20221013,001,1795
318.2865,318.2938,27187,39774,Eptesicus serotinus,0.006,0.021,-1,Echolocation,/mnt/ubna_data_02_mir/recover-20221013/UBNA_001/20221012_030000.WAV,Telephone Field,recover-20221013,001,1795
318.3085,318.3484,68437,82503,Rhinolophus ferrumequinum,0.023,0.023,-1,Echolocation,/mnt/ubna_data_02_mir/recover-20221013/UBNA_001/20221012_030000.WAV,Telephone Field,recover-20221013,001,1795
318.3155,318.3544,68437,82832,Rhinolophus ferrumequinum,0.026,0.026,-1,Echolocation,/mnt/ubna_data_02_mir/recover-20221013/UBNA_001/20221012_030000.WAV,Telephone Field,recover-20221013,001,1795
318.3405,318.3814,68437,82554,Rhinolophus ferrumequinum,0.025,0.025,-1,Echolocation,/mnt/ubna_data_02_mir/recover-20221013/UBNA_001/20221012_030000.WAV,Telephone Field,recover-20221013,001,1795
318.3795,318.3885,26328,35766,Eptesicus serotinus,0.01,0.023,-1,Echolocation,/mnt/ubna_data_02_mir/recover-20221013/UBNA_001/20221012_030000.WAV,Telephone Field,recover-20221013,001,1795
318.3875,318.4257,68437,82067,Rhinolophus ferrumequinum,0.025,0.025,-1,Echolocation,/mnt/ubna_data_02_mir/recover-20221013/UBNA_001/20221012_030000.WAV,Telephone Field,recover-20221013,001,1795
318.3995,318.4071,28046,37540,Eptesicus serotinus,0.007,0.022,-1,Echolocation,/mnt/ubna_data_02_mir/recover-20221013/UBNA_001/20221012_030000.WAV,Telephone Field,recover-20221013,001,1795
318.4355,318.4738,68437,82445,Rhinolophus ferrumequinum,0.022,0.022,-1,Echolocation,/mnt/ubna_data_02_mir/recover-20221013/UBNA_001/20221012_030000.WAV,Telephone Field,recover-20221013,001,1795
318.4755,318.5143,68437,82201,Rhinolophus ferrumequinum,0.021,0.021,-1,Echolocation,/mnt/ubna_data_02_mir/recover-20221013/UBNA_001/20221012_030000.WAV,Telephone Field,recover-20221013,001,1795
318.4775,318.4865,28046,36525,Eptesicus serotinus,0.008,0.023,-1,Echolocation,/mnt/ubna_data_02_mir/recover-20221013/UBNA_001/20221012_030000.WAV,Telephone Field,recover-20221013,001,1795
318.4785,318.4889,22890,28465,Nyctalus leisleri,0.012,0.027,-1,Echolocation,/mnt/ubna_data_02_mir/recover-20221013/UBNA_001/20221012_030000.WAV,Telephone Field,recover-20221013,001,1795
318.5015,318.5396,68437,82551,Rhinolophus ferrumequinum,0.024,0.024,-1,Echolocation,/mnt/ubna_data_02_mir/recover-20221013/UBNA_001/20221012_030000.WAV,Telephone Field,recover-20221013,001,1795
318.5495,318.5908,68437,82929,Rhinolophus ferrumequinum,0.025,0.025,-1,Echolocation,/mnt/ubna_data_02_mir/recover-20221013/UBNA_001/20221012_030000.WAV,Telephone Field,recover-20221013,001,1795
318.5585,318.5656,27187,41445,Eptesicus serotinus,0.007,0.025,-1,Echolocation,/mnt/ubna_data_02_mir/recover-20221013/UBNA_001/20221012_030000.WAV,Telephone Field,recover-20221013,001,1795
318.5755,318.5841,23750,31639,Plecotus austriacus,0.007,0.022,-1,Echolocation,/mnt/ubna_data_02_mir/recover-20221013/UBNA_001/20221012_030000.WAV,Telephone Field,recover-20221013,001,1795
318.5775,318.6148,68437,81461,Rhinolophus ferrumequinum,0.023,0.023,-1,Echolocation,/mnt/ubna_data_02_mir/recover-20221013/UBNA_001/20221012_030000.WAV,Telephone Field,recover-20221013,001,1795
318.5935,318.6293,68437,80972,Rhinolophus ferrumequinum,0.022,0.022,-1,Echolocation,/mnt/ubna_data_02_mir/recover-20221013/UBNA_001/20221012_030000.WAV,Telephone Field,recover-20221013,001,1795
318.6245,318.6647,68437,82467,Rhinolophus ferrumequinum,0.023,0.023,-1,Echolocation,/mnt/ubna_data_02_mir/recover-20221013/UBNA_001/20221012_030000.WAV,Telephone Field,recover-20221013,001,1795
318.6545,318.664,28906,37781,Eptesicus serotinus,0.011,0.024,-1,Echolocation,/mnt/ubna_data_02_mir/recover-20221013/UBNA_001/20221012_030000.WAV,Telephone Field,recover-20221013,001,1795
318.6745,318.7138,68437,82998,Rhinolophus ferrumequinum,0.04,0.04,-1,Echolocation,/mnt/ubna_data_02_mir/recover-20221013/UBNA_001/20221012_030000.WAV,Telephone Field,recover-20221013,001,1795
318.6865,318.6958,22031,28064,Plecotus austriacus,0.009,0.025,-1,Echolocation,/mnt/ubna_data_02_mir/recover-20221013/UBNA_001/20221012_030000.WAV,Telephone Field,recover-20221013,001,1795
318.70550000000003,318.7444,68437,81891,Rhinolophus ferrumequinum,0.023,0.023,-1,Echolocation,/mnt/ubna_data_02_mir/recover-20221013/UBNA_001/20221012_030000.WAV,Telephone Field,recover-20221013,001,1795
318.7205,318.7585,68437,82280,Rhinolophus ferrumequinum,0.022,0.022,-1,Echolocation,/mnt/ubna_data_02_mir/recover-20221013/UBNA_001/20221012_030000.WAV,Telephone Field,recover-20221013,001,1795
318.7615,318.8042,68437,83001,Rhinolophus ferrumequinum,0.025,0.025,-1,Echolocation,/mnt/ubna_data_02_mir/recover-20221013/UBNA_001/20221012_030000.WAV,Telephone Field,recover-20221013,001,1795
318.8045,318.843,68437,82042,Rhinolophus ferrumequinum,0.023,0.023,-1,Echolocation,/mnt/ubna_data_02_mir/recover-20221013/UBNA_001/20221012_030000.WAV,Telephone Field,recover-20221013,001,1795
318.8255,318.866,68437,82515,Rhinolophus ferrumequinum,0.025,0.025,-1,Echolocation,/mnt/ubna_data_02_mir/recover-20221013/UBNA_001/20221012_030000.WAV,Telephone Field,recover-20221013,001,1795
318.8355,318.8433,28046,39079,Eptesicus serotinus,0.007,0.021,-1,Echolocation,/mnt/ubna_data_02_mir/recover-20221013/UBNA_001/20221012_030000.WAV,Telephone Field,recover-20221013,001,1795
318.8675,318.9058,68437,82507,Rhinolophus ferrumequinum,0.021,0.021,-1,Echolocation,/mnt/ubna_data_02_mir/recover-20221013/UBNA_001/20221012_030000.WAV,Telephone Field,recover-20221013,001,1795
318.8935,318.9334,68437,82309,Rhinolophus ferrumequinum,0.024,0.024,-1,Echolocation,/mnt/ubna_data_02_mir/recover-20221013/UBNA_001/20221012_030000.WAV,Telephone Field,recover-20221013,001,1795
318.9235,318.9341,27187,35713,Eptesicus serotinus,0.01,0.023,-1,Echolocation,/mnt/ubna_data_02_mir/recover-20221013/UBNA_001/20221012_030000.WAV,Telephone Field,recover-20221013,001,1795
318.9935,319.0339,68437,82610,Rhinolophus ferrumequinum,0.029,0.029,-1,Echolocation,/mnt/ubna_data_02_mir/recover-20221013/UBNA_001/20221012_030000.WAV,Telephone Field,recover-20221013,001,1795
319.0125,319.0198,24609,33232,Plecotus austriacus,0.008,0.022,-1,Echolocation,/mnt/ubna_data_02_mir/recover-20221013/UBNA_001/20221012_030000.WAV,Telephone Field,recover-20221013,001,1795
319.0345,319.0438,28046,37257,Eptesicus serotinus,0.008,0.021,-1,Echolocation,/mnt/ubna_data_02_mir/recover-20221013/UBNA_001/20221012_030000.WAV,Telephone Field,recover-20221013,001,1795
319.0415,319.0823,68437,82509,Rhinolophus ferrumequinum,0.025,0.025,-1,Echolocation,/mnt/ubna_data_02_mir/recover-20221013/UBNA_001/20221012_030000.WAV,Telephone Field,recover-20221013,001,1795
319.0435,319.051,28046,38979,Eptesicus serotinus,0.006,0.021,-1,Echolocation,/mnt/ubna_data_02_mir/recover-20221013/UBNA_001/20221012_030000.WAV,Telephone Field,recover-20221013,001,1795
319.0775,319.0877,24609,32034,Eptesicus serotinus,0.014,0.034,-1,Echolocation,/mnt/ubna_data_02_mir/recover-20221013/UBNA_001/20221012_030000.WAV,Telephone Field,recover-20221013,001,1795
319.0875,319.1232,68437,81880,Rhinolophus ferrumequinum,0.022,0.022,-1,Echolocation,/mnt/ubna_data_02_mir/recover-20221013/UBNA_001/20221012_030000.WAV,Telephone Field,recover-20221013,001,1795
319.1105,319.1183,27187,37655,Eptesicus serotinus,0.007,0.021,-1,Echolocation,/mnt/ubna_data_02_mir/recover-20221013/UBNA_001/20221012_030000.WAV,Telephone Field,recover-20221013,001,1795
319.1235,319.1621,68437,82941,Rhinolophus ferrumequinum,0.023,0.023,-1,Echolocation,/mnt/ubna_data_02_mir/recover-20221013/UBNA_001/20221012_030000.WAV,Telephone Field,recover-20221013,001,1795
319.1605,319.2011,68437,82155,Rhinolophus ferrumequinum,0.023,0.023,-1,Echolocation,/mnt/ubna_data_02_mir/recover-20221013/UBNA_001/20221012_030000.WAV,Telephone Field,recover-20221013,001,1795
319.16949999999997,319.1771,28906,38292,Eptesicus serotinus,0.012,0.031,-1,Echolocation,/mnt/ubna_data_02_mir/recover-20221013/UBNA_001/20221012_030000.WAV,Telephone Field,recover-20221013,001,1795
319.1755,319.2141,68437,82441,Rhinolophus ferrumequinum,0.024,0.024,-1,Echolocation,/mnt/ubna_data_02_mir/recover-20221013/UBNA_001/20221012_030000.WAV,Telephone Field,recover-20221013,001,1795
319.2035,319.2436,68437,82812,Rhinolophus ferrumequinum,0.025,0.025,-1,Echolocation,/mnt/ubna_data_02_mir/recover-20221013/UBNA_001/20221012_030000.WAV,Telephone Field,recover-20221013,001,1795
319.2075,319.2171,28906,37186,Eptesicus serotinus,0.008,0.023,-1,Echolocation,/mnt/ubna_data_02_mir/recover-20221013/UBNA_001/20221012_030000.WAV,Telephone Field,recover-20221013,001,1795
319.2365,319.2427,28046,41160,Myotis daubentonii,0.008,0.033,-1,Echolocation,/mnt/ubna_data_02_mir/recover-20221013/UBNA_001/20221012_030000.WAV,Telephone Field,recover-20221013,001,1795
319.2565,319.2943,68437,82216,Rhinolophus ferrumequinum,0.023,0.023,-1,Echolocation,/mnt/ubna_data_02_mir/recover-20221013/UBNA_001/20221012_030000.WAV,Telephone Field,recover-20221013,001,1795
319.2565,319.2664,28046,36409,Eptesicus serotinus,0.009,0.022,-1,Echolocation,/mnt/ubna_data_02_mir/recover-20221013/UBNA_001/20221012_030000.WAV,Telephone Field,recover-20221013,001,1795
319.2835,319.3214,68437,81814,Rhinolophus ferrumequinum,0.021,0.021,-1,Echolocation,/mnt/ubna_data_02_mir/recover-20221013/UBNA_001/20221012_030000.WAV,Telephone Field,recover-20221013,001,1795
319.2925,319.3137,18593,21925,Nyctalus noctula,0.014,0.024,-1,Echolocation,/mnt/ubna_data_02_mir/recover-20221013/UBNA_001/20221012_030000.WAV,Telephone Field,recover-20221013,001,1795
319.2965,319.3341,68437,82298,Rhinolophus ferrumequinum,0.022,0.022,-1,Echolocation,/mnt/ubna_data_02_mir/recover-20221013/UBNA_001/20221012_030000.WAV,Telephone Field,recover-20221013,001,1795
319.3265,319.36469999999997,68437,81364,Rhinolophus ferrumequinum,0.022,0.022,-1,Echolocation,/mnt/ubna_data_02_mir/recover-20221013/UBNA_001/20221012_030000.WAV,Telephone Field,recover-20221013,001,1795
319.3395,319.3783,68437,82420,Rhinolophus ferrumequinum,0.024,0.024,-1,Echolocation,/mnt/ubna_data_02_mir/recover-20221013/UBNA_001/20221012_030000.WAV,Telephone Field,recover-20221013,001,1795
319.3515,319.3619,22890,28772,Nyctalus leisleri,0.01,0.024,-1,Echolocation,/mnt/ubna_data_02_mir/recover-20221013/UBNA_001/20221012_030000.WAV,Telephone Field,recover-20221013,001,1795
319.3875,319.3981,22890,27872,Nyctalus leisleri,0.011,0.023,-1,Echolocation,/mnt/ubna_data_02_mir/recover-20221013/UBNA_001/20221012_030000.WAV,Telephone Field,recover-20221013,001,1795
319.4165,319.4263,25468,32250,Eptesicus serotinus,0.008,0.022,-1,Echolocation,/mnt/ubna_data_02_mir/recover-20221013/UBNA_001/20221012_030000.WAV,Telephone Field,recover-20221013,001,1795
319.4285,319.4399,24609,29578,Nyctalus leisleri,0.012,0.027,-1,Echolocation,/mnt/ubna_data_02_mir/recover-20221013/UBNA_001/20221012_030000.WAV,Telephone Field,recover-20221013,001,1795
319.4605,319.498,68437,81631,Rhinolophus ferrumequinum,0.021,0.021,-1,Echolocation,/mnt/ubna_data_02_mir/recover-20221013/UBNA_001/20221012_030000.WAV,Telephone Field,recover-20221013,001,1795
319.4725,319.5072,68437,80677,Rhinolophus ferrumequinum,0.024,0.024,-1,Echolocation,/mnt/ubna_data_02_mir/recover-20221013/UBNA_001/20221012_030000.WAV,Telephone Field,recover-20221013,001,1795
319.4785,319.493,14296,19367,Nyctalus noctula,0.022,0.032,-1,Echolocation,/mnt/ubna_data_02_mir/recover-20221013/UBNA_001/20221012_030000.WAV,Telephone Field,recover-20221013,001,1795
319.47950000000003,319.5153,68437,81546,Rhinolophus ferrumequinum,0.021,0.021,-1,Echolocation,/mnt/ubna_data_02_mir/recover-20221013/UBNA_001/20221012_030000.WAV,Telephone Field,recover-20221013,001,1795
319.5015,319.51030000000003,28046,39721,Eptesicus serotinus,0.009,0.023,-1,Echolocation,/mnt/ubna_data_02_mir/recover-20221013/UBNA_001/20221012_030000.WAV,Telephone Field,recover-20221013,001,1795
319.5285,319.5668,68437,81900,Rhinolophus ferrumequinum,0.023,0.023,-1,Echolocation,/mnt/ubna_data_02_mir/recover-20221013/UBNA_001/20221012_030000.WAV,Telephone Field,recover-20221013,001,1795
319.5735,319.61220000000003,68437,82532,Rhinolophus ferrumequinum,0.024,0.024,-1,Echolocation,/mnt/ubna_data_02_mir/recover-20221013/UBNA_001/20221012_030000.WAV,Telephone Field,recover-20221013,001,1795
319.5845,319.626,68437,82724,Rhinolophus ferrumequinum,0.024,0.024,-1,Echolocation,/mnt/ubna_data_02_mir/recover-20221013/UBNA_001/20221012_030000.WAV,Telephone Field,recover-20221013,001,1795
319.6335,319.6698,68437,82102,Rhinolophus ferrumequinum,0.021,0.021,-1,Echolocation,/mnt/ubna_data_02_mir/recover-20221013/UBNA_001/20221012_030000.WAV,Telephone Field,recover-20221013,001,1795
319.64549999999997,319.684,68437,82487,Rhinolophus ferrumequinum,0.024,0.024,-1,Echolocation,/mnt/ubna_data_02_mir/recover-20221013/UBNA_001/20221012_030000.WAV,Telephone Field,recover-20221013,001,1795
319.6595,319.6667,28906,40933,Eptesicus serotinus,0.007,0.024,-1,Echolocation,/mnt/ubna_data_02_mir/recover-20221013/UBNA_001/20221012_030000.WAV,Telephone Field,recover-20221013,001,1795
319.6735,319.6809,57265,61378,Pipistrellus pygmaeus,0.028,0.029,-1,Echolocation,/mnt/ubna_data_02_mir/recover-20221013/UBNA_001/20221012_030000.WAV,Telephone Field,recover-20221013,001,1795
319.6825,319.6933,25468,32863,Eptesicus serotinus,0.009,0.027,-1,Echolocation,/mnt/ubna_data_02_mir/recover-20221013/UBNA_001/20221012_030000.WAV,Telephone Field,recover-20221013,001,1795
319.7065,319.7133,28046,37927,Eptesicus serotinus,0.006,0.024,-1,Echolocation,/mnt/ubna_data_02_mir/recover-20221013/UBNA_001/20221012_030000.WAV,Telephone Field,recover-20221013,001,1795
319.7195,319.7596,68437,82393,Rhinolophus ferrumequinum,0.021,0.021,-1,Echolocation,/mnt/ubna_data_02_mir/recover-20221013/UBNA_001/20221012_030000.WAV,Telephone Field,recover-20221013,001,1795
319.7375,319.7756,68437,81685,Rhinolophus ferrumequinum,0.022,0.022,-1,Echolocation,/mnt/ubna_data_02_mir/recover-20221013/UBNA_001/20221012_030000.WAV,Telephone Field,recover-20221013,001,1795
319.7595,319.7761,14296,18935,Nyctalus noctula,0.037,0.05,-1,Echolocation,/mnt/ubna_data_02_mir/recover-20221013/UBNA_001/20221012_030000.WAV,Telephone Field,recover-20221013,001,1795
319.8025,319.8373,68437,81643,Rhinolophus ferrumequinum,0.025,0.025,-1,Echolocation,/mnt/ubna_data_02_mir/recover-20221013/UBNA_001/20221012_030000.WAV,Telephone Field,recover-20221013,001,1795
319.8215,319.8606,68437,82304,Rhinolophus ferrumequinum,0.022,0.022,-1,Echolocation,/mnt/ubna_data_02_mir/recover-20221013/UBNA_001/20221012_030000.WAV,Telephone Field,recover-20221013,001,1795
319.8335,319.8409,27187,39397,Eptesicus serotinus,0.009,0.025,-1,Echolocation,/mnt/ubna_data_02_mir/recover-20221013/UBNA_001/20221012_030000.WAV,Telephone Field,recover-20221013,001,1795
319.8505,319.8931,68437,82930,Rhinolophus ferrumequinum,0.024,0.024,-1,Echolocation,/mnt/ubna_data_02_mir/recover-20221013/UBNA_001/20221012_030000.WAV,Telephone Field,recover-20221013,001,1795
319.8575,319.896,68437,81977,Rhinolophus ferrumequinum,0.022,0.022,-1,Echolocation,/mnt/ubna_data_02_mir/recover-20221013/UBNA_001/20221012_030000.WAV,Telephone Field,recover-20221013,001,1795
319.8585,319.8648,27187,39189,Plecotus auritus,0.011,0.037,-1,Echolocation,/mnt/ubna_data_02_mir/recover-20221013/UBNA_001/20221012_030000.WAV,Telephone Field,recover-20221013,001,1795
319.8595,319.8686,19453,26683,Plecotus austriacus,0.017,0.043,-1,Echolocation,/mnt/ubna_data_02_mir/recover-20221013/UBNA_001/20221012_030000.WAV,Telephone Field,recover-20221013,001,1795
319.89549999999997,319.9367,68437,82114,Rhinolophus ferrumequinum,0.026,0.026,-1,Echolocation,/mnt/ubna_data_02_mir/recover-20221013/UBNA_001/20221012_030000.WAV,Telephone Field,recover-20221013,001,1795
319.9055,319.9138,34062,55144,Myotis daubentonii,0.008,0.021,-1,Echolocation,/mnt/ubna_data_02_mir/recover-20221013/UBNA_001/20221012_030000.WAV,Telephone Field,recover-20221013,001,1795
319.9055,319.9122,45234,50438,Pipistrellus pipistrellus,0.022,0.023,-1,Echolocation,/mnt/ubna_data_02_mir/recover-20221013/UBNA_001/20221012_030000.WAV,Telephone Field,recover-20221013,001,1795
319.9125,319.9496,68437,81768,Rhinolophus ferrumequinum,0.024,0.024,-1,Echolocation,/mnt/ubna_data_02_mir/recover-20221013/UBNA_001/20221012_030000.WAV,Telephone Field,recover-20221013,001,1795
319.9185,319.9262,30625,40569,Myotis daubentonii,0.009,0.022,-1,Echolocation,/mnt/ubna_data_02_mir/recover-20221013/UBNA_001/20221012_030000.WAV,Telephone Field,recover-20221013,001,1795
319.9365,319.9717,68437,81379,Rhinolophus ferrumequinum,0.021,0.021,-1,Echolocation,/mnt/ubna_data_02_mir/recover-20221013/UBNA_001/20221012_030000.WAV,Telephone Field,recover-20221013,001,1795
319.9725,319.9823,23750,30846,Nyctalus leisleri,0.009,0.024,-1,Echolocation,/mnt/ubna_data_02_mir/recover-20221013/UBNA_001/20221012_030000.WAV,Telephone Field,recover-20221013,001,1795
319.9835,319.9939,24609,31762,Nyctalus leisleri,0.011,0.031,-1,Echolocation,/mnt/ubna_data_02_mir/recover-20221013/UBNA_001/20221012_030000.WAV,Telephone Field,recover-20221013,001,1795
320.0015,320.0367,68437,79666,Rhinolophus ferrumequinum,0.084,0.085,-1,Echolocation,/mnt/ubna_data_02_mir/recover-20221013/UBNA_001/20221012_030000.WAV,Telephone Field,recover-20221013,001,1795
320.0015,320.0107,23750,31533,Nyctalus leisleri,0.008,0.024,-1,Echolocation,/mnt/ubna_data_02_mir/recover-20221013/UBNA_001/20221012_030000.WAV,Telephone Field,recover-20221013,001,1795
320.0115,320.0534,68437,83394,Rhinolophus ferrumequinum,0.035,0.035,-1,Echolocation,/mnt/ubna_data_02_mir/recover-20221013/UBNA_001/20221012_030000.WAV,Telephone Field,recover-20221013,001,1795
320.0505,320.0864,68437,81839,Rhinolophus ferrumequinum,0.022,0.022,-1,Echolocation,/mnt/ubna_data_02_mir/recover-20221013/UBNA_001/20221012_030000.WAV,Telephone Field,recover-20221013,001,1795
320.1105,320.1474,68437,81471,Rhinolophus ferrumequinum,0.027,0.027,-1,Echolocation,/mnt/ubna_data_02_mir/recover-20221013/UBNA_001/20221012_030000.WAV,Telephone Field,recover-20221013,001,1795
320.1425,320.152,27187,35698,Eptesicus serotinus,0.011,0.024,-1,Echolocation,/mnt/ubna_data_02_mir/recover-20221013/UBNA_001/20221012_030000.WAV,Telephone Field,recover-20221013,001,1795
320.1565,320.1946,68437,82708,Rhinolophus ferrumequinum,0.023,0.023,-1,Echolocation,/mnt/ubna_data_02_mir/recover-20221013/UBNA_001/20221012_030000.WAV,Telephone Field,recover-20221013,001,1795
320.2025,320.2431,68437,82207,Rhinolophus ferrumequinum,0.03,0.03,-1,Echolocation,/mnt/ubna_data_02_mir/recover-20221013/UBNA_001/20221012_030000.WAV,Telephone Field,recover-20221013,001,1795
320.2315,320.2724,68437,83388,Rhinolophus ferrumequinum,0.026,0.026,-1,Echolocation,/mnt/ubna_data_02_mir/recover-20221013/UBNA_001/20221012_030000.WAV,Telephone Field,recover-20221013,001,1795
320.2335,320.2434,28046,38387,Eptesicus serotinus,0.011,0.024,-1,Echolocation,/mnt/ubna_data_02_mir/recover-20221013/UBNA_001/20221012_030000.WAV,Telephone Field,recover-20221013,001,1795
320.2505,320.28679999999997,68437,81918,Rhinolophus ferrumequinum,0.025,0.025,-1,Echolocation,/mnt/ubna_data_02_mir/recover-20221013/UBNA_001/20221012_030000.WAV,Telephone Field,recover-20221013,001,1795
320.2605,320.2708,28906,36369,Eptesicus serotinus,0.012,0.027,-1,Echolocation,/mnt/ubna_data_02_mir/recover-20221013/UBNA_001/20221012_030000.WAV,Telephone Field,recover-20221013,001,1795
320.2645,320.3036,68437,82157,Rhinolophus ferrumequinum,0.028,0.028,-1,Echolocation,/mnt/ubna_data_02_mir/recover-20221013/UBNA_001/20221012_030000.WAV,Telephone Field,recover-20221013,001,1795
320.2855,320.2948,34062,41908,Myotis daubentonii,0.006,0.022,-1,Echolocation,/mnt/ubna_data_02_mir/recover-20221013/UBNA_001/20221012_030000.WAV,Telephone Field,recover-20221013,001,1795
320.3195,320.3601,68437,82471,Rhinolophus ferrumequinum,0.025,0.025,-1,Echolocation,/mnt/ubna_data_02_mir/recover-20221013/UBNA_001/20221012_030000.WAV,Telephone Field,recover-20221013,001,1795
320.3635,320.371,28046,38747,Eptesicus serotinus,0.007,0.022,-1,Echolocation,/mnt/ubna_data_02_mir/recover-20221013/UBNA_001/20221012_030000.WAV,Telephone Field,recover-20221013,001,1795
320.3865,320.42719999999997,68437,82291,Rhinolophus ferrumequinum,0.03,0.03,-1,Echolocation,/mnt/ubna_data_02_mir/recover-20221013/UBNA_001/20221012_030000.WAV,Telephone Field,recover-20221013,001,1795
320.3885,320.4028,14296,19457,Nyctalus noctula,0.026,0.037,-1,Echolocation,/mnt/ubna_data_02_mir/recover-20221013/UBNA_001/20221012_030000.WAV,Telephone Field,recover-20221013,001,1795
320.4125,320.4226,28906,37745,Eptesicus serotinus,0.013,0.029,-1,Echolocation,/mnt/ubna_data_02_mir/recover-20221013/UBNA_001/20221012_030000.WAV,Telephone Field,recover-20221013,001,1795
320.4345,320.4691,68437,81442,Rhinolophus ferrumequinum,0.023,0.023,-1,Echolocation,/mnt/ubna_data_02_mir/recover-20221013/UBNA_001/20221012_030000.WAV,Telephone Field,recover-20221013,001,1795
320.4415,320.4758,68437,81450,Rhinolophus ferrumequinum,0.022,0.023,-1,Echolocation,/mnt/ubna_data_02_mir/recover-20221013/UBNA_001/20221012_030000.WAV,Telephone Field,recover-20221013,001,1795
320.4665,320.4804,22031,26455,Nyctalus leisleri,0.018,0.034,-1,Echolocation,/mnt/ubna_data_02_mir/recover-20221013/UBNA_001/20221012_030000.WAV,Telephone Field,recover-20221013,001,1795
320.4835,320.5279,68437,83756,Rhinolophus ferrumequinum,0.039,0.039,-1,Echolocation,/mnt/ubna_data_02_mir/recover-20221013/UBNA_001/20221012_030000.WAV,Telephone Field,recover-20221013,001,1795
320.4985,320.5089,23750,30760,Nyctalus leisleri,0.01,0.029,-1,Echolocation,/mnt/ubna_data_02_mir/recover-20221013/UBNA_001/20221012_030000.WAV,Telephone Field,recover-20221013,001,1795
320.5245,320.5633,68437,82504,Rhinolophus ferrumequinum,0.023,0.023,-1,Echolocation,/mnt/ubna_data_02_mir/recover-20221013/UBNA_001/20221012_030000.WAV,Telephone Field,recover-20221013,001,1795
320.5355,320.5456,22890,28639,Nyctalus leisleri,0.01,0.022,-1,Echolocation,/mnt/ubna_data_02_mir/recover-20221013/UBNA_001/20221012_030000.WAV,Telephone Field,recover-20221013,001,1795
320.5555,320.5616,50390,56267,Pipistrellus pipistrellus,0.022,0.024,-1,Echolocation,/mnt/ubna_data_02_mir/recover-20221013/UBNA_001/20221012_030000.WAV,Telephone Field,recover-20221013,001,1795
320.5875,320.5937,27187,45451,Myotis daubentonii,0.006,0.022,-1,Echolocation,/mnt/ubna_data_02_mir/recover-20221013/UBNA_001/20221012_030000.WAV,Telephone Field,recover-20221013,001,1795
320.6025,320.6126,28046,36216,Eptesicus serotinus,0.01,0.023,-1,Echolocation,/mnt/ubna_data_02_mir/recover-20221013/UBNA_001/20221012_030000.WAV,Telephone Field,recover-20221013,001,1795
320.6235,320.6649,68437,83365,Rhinolophus ferrumequinum,0.041,0.041,-1,Echolocation,/mnt/ubna_data_02_mir/recover-20221013/UBNA_001/20221012_030000.WAV,Telephone Field,recover-20221013,001,1795
320.6465,320.6525,28046,37774,Eptesicus serotinus,0.006,0.025,-1,Echolocation,/mnt/ubna_data_02_mir/recover-20221013/UBNA_001/20221012_030000.WAV,Telephone Field,recover-20221013,001,1795
320.6515,320.6929,68437,82622,Rhinolophus ferrumequinum,0.025,0.025,-1,Echolocation,/mnt/ubna_data_02_mir/recover-20221013/UBNA_001/20221012_030000.WAV,Telephone Field,recover-20221013,001,1795
320.6795,320.7189,68437,81832,Rhinolophus ferrumequinum,0.022,0.022,-1,Echolocation,/mnt/ubna_data_02_mir/recover-20221013/UBNA_001/20221012_030000.WAV,Telephone Field,recover-20221013,001,1795
320.6955,320.7328,68437,82512,Rhinolophus ferrumequinum,0.025,0.025,-1,Echolocation,/mnt/ubna_data_02_mir/recover-20221013/UBNA_001/20221012_030000.WAV,Telephone Field,recover-20221013,001,1795
320.7445,320.7536,26328,34972,Eptesicus serotinus,0.012,0.03,-1,Echolocation,/mnt/ubna_data_02_mir/recover-20221013/UBNA_001/20221012_030000.WAV,Telephone Field,recover-20221013,001,1795
320.7555,320.7946,68437,82410,Rhinolophus ferrumequinum,0.023,0.023,-1,Echolocation,/mnt/ubna_data_02_mir/recover-20221013/UBNA_001/20221012_030000.WAV,Telephone Field,recover-20221013,001,1795
320.7655,320.7713,32343,42040,Myotis daubentonii,0.012,0.028,-1,Echolocation,/mnt/ubna_data_02_mir/recover-20221013/UBNA_001/20221012_030000.WAV,Telephone Field,recover-20221013,001,1795
320.7755,320.8144,68437,82711,Rhinolophus ferrumequinum,0.035,0.035,-1,Echolocation,/mnt/ubna_data_02_mir/recover-20221013/UBNA_001/20221012_030000.WAV,Telephone Field,recover-20221013,001,1795
320.7885,320.8286,68437,82958,Rhinolophus ferrumequinum,0.029,0.029,-1,Echolocation,/mnt/ubna_data_02_mir/recover-20221013/UBNA_001/20221012_030000.WAV,Telephone Field,recover-20221013,001,1795
320.7995,320.8397,68437,82322,Rhinolophus ferrumequinum,0.023,0.023,-1,Echolocation,/mnt/ubna_data_02_mir/recover-20221013/UBNA_001/20221012_030000.WAV,Telephone Field,recover-20221013,001,1795
320.8015,320.8127,22890,27363,Nyctalus leisleri,0.012,0.022,-1,Echolocation,/mnt/ubna_data_02_mir/recover-20221013/UBNA_001/20221012_030000.WAV,Telephone Field,recover-20221013,001,1795
320.8235,320.8621,68437,82720,Rhinolophus ferrumequinum,0.022,0.022,-1,Echolocation,/mnt/ubna_data_02_mir/recover-20221013/UBNA_001/20221012_030000.WAV,Telephone Field,recover-20221013,001,1795
320.8265,320.832,33203,44544,Myotis daubentonii,0.011,0.025,-1,Echolocation,/mnt/ubna_data_02_mir/recover-20221013/UBNA_001/20221012_030000.WAV,Telephone Field,recover-20221013,001,1795
320.8265,320.8325,25468,39305,Plecotus austriacus,0.008,0.028,-1,Echolocation,/mnt/ubna_data_02_mir/recover-20221013/UBNA_001/20221012_030000.WAV,Telephone Field,recover-20221013,001,1795
320.8275,320.8469,19453,22596,Nyctalus leisleri,0.014,0.028,-1,Echolocation,/mnt/ubna_data_02_mir/recover-20221013/UBNA_001/20221012_030000.WAV,Telephone Field,recover-20221013,001,1795
320.8415,320.879,68437,82596,Rhinolophus ferrumequinum,0.025,0.025,-1,Echolocation,/mnt/ubna_data_02_mir/recover-20221013/UBNA_001/20221012_030000.WAV,Telephone Field,recover-20221013,001,1795
320.8465,320.8547,23750,32303,Plecotus austriacus,0.01,0.028,-1,Echolocation,/mnt/ubna_data_02_mir/recover-20221013/UBNA_001/20221012_030000.WAV,Telephone Field,recover-20221013,001,1795
320.8635,320.86990000000003,24609,37970,Plecotus austriacus,0.008,0.026,-1,Echolocation,/mnt/ubna_data_02_mir/recover-20221013/UBNA_001/20221012_030000.WAV,Telephone Field,recover-20221013,001,1795
320.8685,320.9038,68437,81415,Rhinolophus ferrumequinum,0.035,0.035,-1,Echolocation,/mnt/ubna_data_02_mir/recover-20221013/UBNA_001/20221012_030000.WAV,Telephone Field,recover-20221013,001,1795
320.8935,320.9345,68437,82542,Rhinolophus ferrumequinum,0.038,0.038,-1,Echolocation,/mnt/ubna_data_02_mir/recover-20221013/UBNA_001/20221012_030000.WAV,Telephone Field,recover-20221013,001,1795
320.9105,320.95029999999997,68437,82820,Rhinolophus ferrumequinum,0.024,0.024,-1,Echolocation,/mnt/ubna_data_02_mir/recover-20221013/UBNA_001/20221012_030000.WAV,Telephone Field,recover-20221013,001,1795
320.9185,320.9267,23750,32067,Plecotus austriacus,0.01,0.024,-1,Echolocation,/mnt/ubna_data_02_mir/recover-20221013/UBNA_001/20221012_030000.WAV,Telephone Field,recover-20221013,001,1795
320.9455,320.9843,68437,82027,Rhinolophus ferrumequinum,0.022,0.022,-1,Echolocation,/mnt/ubna_data_02_mir/recover-20221013/UBNA_001/20221012_030000.WAV,Telephone Field,recover-20221013,001,1795
320.9655,320.9725,27187,38315,Eptesicus serotinus,0.005,0.022,-1,Echolocation,/mnt/ubna_data_02_mir/recover-20221013/UBNA_001/20221012_030000.WAV,Telephone Field,recover-20221013,001,1795
320.9735,321.0141,68437,83107,Rhinolophus ferrumequinum,0.035,0.035,-1,Echolocation,/mnt/ubna_data_02_mir/recover-20221013/UBNA_001/20221012_030000.WAV,Telephone Field,recover-20221013,001,1795
320.9855,320.9956,28906,37391,Eptesicus serotinus,0.013,0.028,-1,Echolocation,/mnt/ubna_data_02_mir/recover-20221013/UBNA_001/20221012_030000.WAV,Telephone Field,recover-20221013,001,1795
321.0085,321.0485,68437,82800,Rhinolophus ferrumequinum,0.025,0.025,-1,Echolocation,/mnt/ubna_data_02_mir/recover-20221013/UBNA_001/20221012_030000.WAV,Telephone Field,recover-20221013,001,1795
321.0465,321.0541,28046,37861,Eptesicus serotinus,0.008,0.028,-1,Echolocation,/mnt/ubna_data_02_mir/recover-20221013/UBNA_001/20221012_030000.WAV,Telephone Field,recover-20221013,001,1795
321.0605,321.0985,68437,81588,Rhinolophus ferrumequinum,0.062,0.062,-1,Echolocation,/mnt/ubna_data_02_mir/recover-20221013/UBNA_001/20221012_030000.WAV,Telephone Field,recover-20221013,001,1795
321.0935,321.1022,28046,36697,Eptesicus serotinus,0.008,0.025,-1,Echolocation,/mnt/ubna_data_02_mir/recover-20221013/UBNA_001/20221012_030000.WAV,Telephone Field,recover-20221013,001,1795
321.1095,321.14549999999997,68437,81430,Rhinolophus ferrumequinum,0.022,0.022,-1,Echolocation,/mnt/ubna_data_02_mir/recover-20221013/UBNA_001/20221012_030000.WAV,Telephone Field,recover-20221013,001,1795
321.1125,321.1198,23750,32486,Plecotus austriacus,0.011,0.024,-1,Echolocation,/mnt/ubna_data_02_mir/recover-20221013/UBNA_001/20221012_030000.WAV,Telephone Field,recover-20221013,001,1795
321.1285,321.1704,68437,83412,Rhinolophus ferrumequinum,0.036,0.036,-1,Echolocation,/mnt/ubna_data_02_mir/recover-20221013/UBNA_001/20221012_030000.WAV,Telephone Field,recover-20221013,001,1795
321.1435,321.1533,22031,27937,Nyctalus leisleri,0.008,0.022,-1,Echolocation,/mnt/ubna_data_02_mir/recover-20221013/UBNA_001/20221012_030000.WAV,Telephone Field,recover-20221013,001,1795
321.1435,321.15070000000003,27187,38950,Eptesicus serotinus,0.006,0.023,-1,Echolocation,/mnt/ubna_data_02_mir/recover-20221013/UBNA_001/20221012_030000.WAV,Telephone Field,recover-20221013,001,1795
321.14549999999997,321.1827,68437,81868,Rhinolophus ferrumequinum,0.024,0.024,-1,Echolocation,/mnt/ubna_data_02_mir/recover-20221013/UBNA_001/20221012_030000.WAV,Telephone Field,recover-20221013,001,1795
321.1765,321.2178,68437,82561,Rhinolophus ferrumequinum,0.028,0.028,-1,Echolocation,/mnt/ubna_data_02_mir/recover-20221013/UBNA_001/20221012_030000.WAV,Telephone Field,recover-20221013,001,1795
321.2115,321.2215,22890,28262,Nyctalus leisleri,0.011,0.025,-1,Echolocation,/mnt/ubna_data_02_mir/recover-20221013/UBNA_001/20221012_030000.WAV,Telephone Field,recover-20221013,001,1795
321.2285,321.2674,68437,82565,Rhinolophus ferrumequinum,0.026,0.026,-1,Echolocation,/mnt/ubna_data_02_mir/recover-20221013/UBNA_001/20221012_030000.WAV,Telephone Field,recover-20221013,001,1795
321.2475,321.2855,68437,81663,Rhinolophus ferrumequinum,0.023,0.023,-1,Echolocation,/mnt/ubna_data_02_mir/recover-20221013/UBNA_001/20221012_030000.WAV,Telephone Field,recover-20221013,001,1795
321.2495,321.2592,28906,36521,Eptesicus serotinus,0.009,0.024,-1,Echolocation,/mnt/ubna_data_02_mir/recover-20221013/UBNA_001/20221012_030000.WAV,Telephone Field,recover-20221013,001,1795
321.2605,321.3021,68437,82610,Rhinolophus ferrumequinum,0.041,0.041,-1,Echolocation,/mnt/ubna_data_02_mir/recover-20221013/UBNA_001/20221012_030000.WAV,Telephone Field,recover-20221013,001,1795
321.2845,321.3218,68437,82149,Rhinolophus ferrumequinum,0.022,0.023,-1,Echolocation,/mnt/ubna_data_02_mir/recover-20221013/UBNA_001/20221012_030000.WAV,Telephone Field,recover-20221013,001,1795
321.2865,321.2938,26328,37754,Eptesicus serotinus,0.006,0.024,-1,Echolocation,/mnt/ubna_data_02_mir/recover-20221013/UBNA_001/20221012_030000.WAV,Telephone Field,recover-20221013,001,1795
321.3045,321.3148,22031,27044,Nyctalus leisleri,0.01,0.022,-1,Echolocation,/mnt/ubna_data_02_mir/recover-20221013/UBNA_001/20221012_030000.WAV,Telephone Field,recover-20221013,001,1795
321.3245,321.3614,68437,82301,Rhinolophus ferrumequinum,0.024,0.024,-1,Echolocation,/mnt/ubna_data_02_mir/recover-20221013/UBNA_001/20221012_030000.WAV,Telephone Field,recover-20221013,001,1795
321.3675,321.4046,68437,81381,Rhinolophus ferrumequinum,0.022,0.022,-1,Echolocation,/mnt/ubna_data_02_mir/recover-20221013/UBNA_001/20221012_030000.WAV,Telephone Field,recover-20221013,001,1795
321.3815,321.4175,68437,81254,Rhinolophus ferrumequinum,0.027,0.027,-1,Echolocation,/mnt/ubna_data_02_mir/recover-20221013/UBNA_001/20221012_030000.WAV,Telephone Field,recover-20221013,001,1795
321.4025,321.4393,68437,81537,Rhinolophus ferrumequinum,0.024,0.024,-1,Echolocation,/mnt/ubna_data_02_mir/recover-20221013/UBNA_001/20221012_030000.WAV,Telephone Field,recover-20221013,001,1795
321.4095,321.42,22031,27336,Nyctalus leisleri,0.01,0.022,-1,Echolocation,/mnt/ubna_data_02_mir/recover-20221013/UBNA_001/20221012_030000.WAV,Telephone Field,recover-20221013,001,1795
321.4115,321.4461,68437,81670,Rhinolophus ferrumequinum,0.022,0.023,-1,Echolocation,/mnt/ubna_data_02_mir/recover-20221013/UBNA_001/20221012_030000.WAV,Telephone Field,recover-20221013,001,1795
321.4525,321.4935,68437,82681,Rhinolophus ferrumequinum,0.025,0.025,-1,Echolocation,/mnt/ubna_data_02_mir/recover-20221013/UBNA_001/20221012_030000.WAV,Telephone Field,recover-20221013,001,1795
321.4645,321.4745,24609,31673,Nyctalus leisleri,0.009,0.023,-1,Echolocation,/mnt/ubna_data_02_mir/recover-20221013/UBNA_001/20221012_030000.WAV,Telephone Field,recover-20221013,001,1795
321.5115,321.551,68437,81070,Rhinolophus ferrumequinum,0.023,0.023,-1,Echolocation,/mnt/ubna_data_02_mir/recover-20221013/UBNA_001/20221012_030000.WAV,Telephone Field,recover-20221013,001,1795
321.5425,321.5536,49531,54007,Pipistrellus pipistrellus,0.034,0.039,-1,Echolocation,/mnt/ubna_data_02_mir/recover-20221013/UBNA_001/20221012_030000.WAV,Telephone Field,recover-20221013,001,1795
321.5435,321.585,68437,82204,Rhinolophus ferrumequinum,0.023,0.023,-1,Echolocation,/mnt/ubna_data_02_mir/recover-20221013/UBNA_001/20221012_030000.WAV,Telephone Field,recover-20221013,001,1795
321.5605,321.5801,15156,19245,Nyctalus noctula,0.021,0.03,-1,Echolocation,/mnt/ubna_data_02_mir/recover-20221013/UBNA_001/20221012_030000.WAV,Telephone Field,recover-20221013,001,1795
321.5865,321.5974,22890,28662,Nyctalus leisleri,0.013,0.03,-1,Echolocation,/mnt/ubna_data_02_mir/recover-20221013/UBNA_001/20221012_030000.WAV,Telephone Field,recover-20221013,001,1795
321.6135,321.6533,68437,82488,Rhinolophus ferrumequinum,0.028,0.028,-1,Echolocation,/mnt/ubna_data_02_mir/recover-20221013/UBNA_001/20221012_030000.WAV,Telephone Field,recover-20221013,001,1795
321.6385,321.6494,29765,37386,Eptesicus serotinus,0.01,0.022,-1,Echolocation,/mnt/ubna_data_02_mir/recover-20221013/UBNA_001/20221012_030000.WAV,Telephone Field,recover-20221013,001,1795
321.6875,321.7256,68437,82241,Rhinolophus ferrumequinum,0.024,0.024,-1,Echolocation,/mnt/ubna_data_02_mir/recover-20221013/UBNA_001/20221012_030000.WAV,Telephone Field,recover-20221013,001,1795
321.7105,321.7538,68437,83102,Rhinolophus ferrumequinum,0.04,0.04,-1,Echolocation,/mnt/ubna_data_02_mir/recover-20221013/UBNA_001/20221012_030000.WAV,Telephone Field,recover-20221013,001,1795
321.8095,321.8476,68437,82581,Rhinolophus ferrumequinum,0.027,0.027,-1,Echolocation,/mnt/ubna_data_02_mir/recover-20221013/UBNA_001/20221012_030000.WAV,Telephone Field,recover-20221013,001,1795
321.8425,321.8772,68437,81870,Rhinolophus ferrumequinum,0.023,0.023,-1,Echolocation,/mnt/ubna_data_02_mir/recover-20221013/UBNA_001/20221012_030000.WAV,Telephone Field,recover-20221013,001,1795
321.85450000000003,321.8918,68437,81626,Rhinolophus ferrumequinum,0.023,0.023,-1,Echolocation,/mnt/ubna_data_02_mir/recover-20221013/UBNA_001/20221012_030000.WAV,Telephone Field,recover-20221013,001,1795
321.8605,321.89639999999997,68437,81457,Rhinolophus ferrumequinum,0.023,0.023,-1,Echolocation,/mnt/ubna_data_02_mir/recover-20221013/UBNA_001/20221012_030000.WAV,Telephone Field,recover-20221013,001,1795
321.8655,321.8738,27187,37016,Eptesicus serotinus,0.012,0.029,-1,Echolocation,/mnt/ubna_data_02_mir/recover-20221013/UBNA_001/20221012_030000.WAV,Telephone Field,recover-20221013,001,1795
321.8815,321.9194,68437,82170,Rhinolophus ferrumequinum,0.025,0.025,-1,Echolocation,/mnt/ubna_data_02_mir/recover-20221013/UBNA_001/20221012_030000.WAV,Telephone Field,recover-20221013,001,1795
321.8865,321.8956,23750,31149,Nyctalus leisleri,0.007,0.025,-1,Echolocation,/mnt/ubna_data_02_mir/recover-20221013/UBNA_001/20221012_030000.WAV,Telephone Field,recover-20221013,001,1795
321.9025,321.9124,28046,37306,Eptesicus serotinus,0.014,0.028,-1,Echolocation,/mnt/ubna_data_02_mir/recover-20221013/UBNA_001/20221012_030000.WAV,Telephone Field,recover-20221013,001,1795
321.9165,321.9559,68437,83077,Rhinolophus ferrumequinum,0.03,0.03,-1,Echolocation,/mnt/ubna_data_02_mir/recover-20221013/UBNA_001/20221012_030000.WAV,Telephone Field,recover-20221013,001,1795
321.9425,321.9823,68437,82445,Rhinolophus ferrumequinum,0.024,0.024,-1,Echolocation,/mnt/ubna_data_02_mir/recover-20221013/UBNA_001/20221012_030000.WAV,Telephone Field,recover-20221013,001,1795
321.9505,321.95889999999997,28046,39694,Eptesicus serotinus,0.008,0.023,-1,Echolocation,/mnt/ubna_data_02_mir/recover-20221013/UBNA_001/20221012_030000.WAV,Telephone Field,recover-20221013,001,1795
321.9785,321.9855,26328,38020,Eptesicus serotinus,0.006,0.027,-1,Echolocation,/mnt/ubna_data_02_mir/recover-20221013/UBNA_001/20221012_030000.WAV,Telephone Field,recover-20221013,001,1795
322.0015,322.01030000000003,26328,35494,Eptesicus serotinus,0.007,0.026,-1,Echolocation,/mnt/ubna_data_02_mir/recover-20221013/UBNA_001/20221012_030000.WAV,Telephone Field,recover-20221013,001,1795
322.0015,322.034,68437,79648,Rhinolophus ferrumequinum,0.036,0.036,-1,Echolocation,/mnt/ubna_data_02_mir/recover-20221013/UBNA_001/20221012_030000.WAV,Telephone Field,recover-20221013,001,1795
322.0025,322.0115,54687,59748,Pipistrellus pygmaeus,0.18,0.185,-1,Echolocation,/mnt/ubna_data_02_mir/recover-20221013/UBNA_001/20221012_030000.WAV,Telephone Field,recover-20221013,001,1795
322.0105,322.055,68437,82866,Rhinolophus ferrumequinum,0.022,0.022,-1,Echolocation,/mnt/ubna_data_02_mir/recover-20221013/UBNA_001/20221012_030000.WAV,Telephone Field,recover-20221013,001,1795
322.0185,322.0615,68437,82970,Rhinolophus ferrumequinum,0.023,0.023,-1,Echolocation,/mnt/ubna_data_02_mir/recover-20221013/UBNA_001/20221012_030000.WAV,Telephone Field,recover-20221013,001,1795
322.0275,322.067,68437,81914,Rhinolophus ferrumequinum,0.022,0.022,-1,Echolocation,/mnt/ubna_data_02_mir/recover-20221013/UBNA_001/20221012_030000.WAV,Telephone Field,recover-20221013,001,1795
322.0475,322.0858,68437,82060,Rhinolophus ferrumequinum,0.022,0.022,-1,Echolocation,/mnt/ubna_data_02_mir/recover-20221013/UBNA_001/20221012_030000.WAV,Telephone Field,recover-20221013,001,1795
322.0825,322.0908,48671,54017,Pipistrellus pipistrellus,0.02,0.022,-1,Echolocation,/mnt/ubna_data_02_mir/recover-20221013/UBNA_001/20221012_030000.WAV,Telephone Field,recover-20221013,001,1795
322.0985,322.1386,68437,82872,Rhinolophus ferrumequinum,0.022,0.023,-1,Echolocation,/mnt/ubna_data_02_mir/recover-20221013/UBNA_001/20221012_030000.WAV,Telephone Field,recover-20221013,001,1795
322.1075,322.1461,68437,82219,Rhinolophus ferrumequinum,0.021,0.021,-1,Echolocation,/mnt/ubna_data_02_mir/recover-20221013/UBNA_001/20221012_030000.WAV,Telephone Field,recover-20221013,001,1795
322.1105,322.1175,28046,36895,Eptesicus serotinus,0.008,0.023,-1,Echolocation,/mnt/ubna_data_02_mir/recover-20221013/UBNA_001/20221012_030000.WAV,Telephone Field,recover-20221013,001,1795
322.1215,322.1617,68437,82130,Rhinolophus ferrumequinum,0.022,0.022,-1,Echolocation,/mnt/ubna_data_02_mir/recover-20221013/UBNA_001/20221012_030000.WAV,Telephone Field,recover-20221013,001,1795
322.1415,322.1786,68437,81765,Rhinolophus ferrumequinum,0.021,0.021,-1,Echolocation,/mnt/ubna_data_02_mir/recover-20221013/UBNA_001/20221012_030000.WAV,Telephone Field,recover-20221013,001,1795
322.1565,322.1964,68437,82585,Rhinolophus ferrumequinum,0.023,0.023,-1,Echolocation,/mnt/ubna_data_02_mir/recover-20221013/UBNA_001/20221012_030000.WAV,Telephone Field,recover-20221013,001,1795
322.1645,322.2013,68437,81981,Rhinolophus ferrumequinum,0.024,0.025,-1,Echolocation,/mnt/ubna_data_02_mir/recover-20221013/UBNA_001/20221012_030000.WAV,Telephone Field,recover-20221013,001,1795
322.1665,322.17470000000003,26328,35774,Eptesicus serotinus,0.011,0.031,-1,Echolocation,/mnt/ubna_data_02_mir/recover-20221013/UBNA_001/20221012_030000.WAV,Telephone Field,recover-20221013,001,1795
322.2025,322.2412,68437,82446,Rhinolophus ferrumequinum,0.028,0.028,-1,Echolocation,/mnt/ubna_data_02_mir/recover-20221013/UBNA_001/20221012_030000.WAV,Telephone Field,recover-20221013,001,1795
322.2345,322.2442,37500,44417,Barbastellus barbastellus,0.007,0.027,-1,Echolocation,/mnt/ubna_data_02_mir/recover-20221013/UBNA_001/20221012_030000.WAV,Telephone Field,recover-20221013,001,1795
322.2375,322.2561,19453,22744,Nyctalus leisleri,0.013,0.025,-1,Echolocation,/mnt/ubna_data_02_mir/recover-20221013/UBNA_001/20221012_030000.WAV,Telephone Field,recover-20221013,001,1795
322.2845,322.3219,68437,81071,Rhinolophus ferrumequinum,0.021,0.022,-1,Echolocation,/mnt/ubna_data_02_mir/recover-20221013/UBNA_001/20221012_030000.WAV,Telephone Field,recover-20221013,001,1795
322.2845,322.297,15156,20667,Nyctalus noctula,0.018,0.029,-1,Echolocation,/mnt/ubna_data_02_mir/recover-20221013/UBNA_001/20221012_030000.WAV,Telephone Field,recover-20221013,001,1795
322.3275,322.3345,28046,41768,Eptesicus serotinus,0.007,0.023,-1,Echolocation,/mnt/ubna_data_02_mir/recover-20221013/UBNA_001/20221012_030000.WAV,Telephone Field,recover-20221013,001,1795
322.3345,322.3731,68437,82601,Rhinolophus ferrumequinum,0.022,0.022,-1,Echolocation,/mnt/ubna_data_02_mir/recover-20221013/UBNA_001/20221012_030000.WAV,Telephone Field,recover-20221013,001,1795
322.3575,322.3948,68437,82345,Rhinolophus ferrumequinum,0.021,0.021,-1,Echolocation,/mnt/ubna_data_02_mir/recover-20221013/UBNA_001/20221012_030000.WAV,Telephone Field,recover-20221013,001,1795
322.3815,322.3926,28906,35962,Eptesicus serotinus,0.012,0.025,-1,Echolocation,/mnt/ubna_data_02_mir/recover-20221013/UBNA_001/20221012_030000.WAV,Telephone Field,recover-20221013,001,1795
322.4015,322.4419,68437,81792,Rhinolophus ferrumequinum,0.021,0.021,-1,Echolocation,/mnt/ubna_data_02_mir/recover-20221013/UBNA_001/20221012_030000.WAV,Telephone Field,recover-20221013,001,1795
322.4365,322.4496,55546,60811,Pipistrellus pygmaeus,0.021,0.022,-1,Echolocation,/mnt/ubna_data_02_mir/recover-20221013/UBNA_001/20221012_030000.WAV,Telephone Field,recover-20221013,001,1795
322.4655,322.5098,68437,83149,Rhinolophus ferrumequinum,0.031,0.031,-1,Echolocation,/mnt/ubna_data_02_mir/recover-20221013/UBNA_001/20221012_030000.WAV,Telephone Field,recover-20221013,001,1795
322.5275,322.5376,23750,29930,Nyctalus leisleri,0.01,0.026,-1,Echolocation,/mnt/ubna_data_02_mir/recover-20221013/UBNA_001/20221012_030000.WAV,Telephone Field,recover-20221013,001,1795
322.54449999999997,322.5524,55546,62005,Pipistrellus pygmaeus,0.025,0.026,-1,Echolocation,/mnt/ubna_data_02_mir/recover-20221013/UBNA_001/20221012_030000.WAV,Telephone Field,recover-20221013,001,1795
322.5485,322.5579,25468,33789,Eptesicus serotinus,0.009,0.026,-1,Echolocation,/mnt/ubna_data_02_mir/recover-20221013/UBNA_001/20221012_030000.WAV,Telephone Field,recover-20221013,001,1795
322.5965,322.635,68437,81627,Rhinolophus ferrumequinum,0.021,0.021,-1,Echolocation,/mnt/ubna_data_02_mir/recover-20221013/UBNA_001/20221012_030000.WAV,Telephone Field,recover-20221013,001,1795
322.6125,322.6185,27187,37945,Plecotus auritus,0.013,0.046,-1,Echolocation,/mnt/ubna_data_02_mir/recover-20221013/UBNA_001/20221012_030000.WAV,Telephone Field,recover-20221013,001,1795
322.6375,322.6504,23750,28904,Nyctalus leisleri,0.01,0.022,-1,Echolocation,/mnt/ubna_data_02_mir/recover-20221013/UBNA_001/20221012_030000.WAV,Telephone Field,recover-20221013,001,1795
322.6515,322.6592,27187,36218,Eptesicus serotinus,0.009,0.025,-1,Echolocation,/mnt/ubna_data_02_mir/recover-20221013/UBNA_001/20221012_030000.WAV,Telephone Field,recover-20221013,001,1795
322.6765,322.682,46093,56789,Pipistrellus pipistrellus,0.017,0.022,-1,Echolocation,/mnt/ubna_data_02_mir/recover-20221013/UBNA_001/20221012_030000.WAV,Telephone Field,recover-20221013,001,1795
322.6845,322.724,68437,82356,Rhinolophus ferrumequinum,0.026,0.026,-1,Echolocation,/mnt/ubna_data_02_mir/recover-20221013/UBNA_001/20221012_030000.WAV,Telephone Field,recover-20221013,001,1795
322.7235,322.7596,68437,81182,Rhinolophus ferrumequinum,0.024,0.024,-1,Echolocation,/mnt/ubna_data_02_mir/recover-20221013/UBNA_001/20221012_030000.WAV,Telephone Field,recover-20221013,001,1795
322.7475,322.7872,68437,82638,Rhinolophus ferrumequinum,0.021,0.021,-1,Echolocation,/mnt/ubna_data_02_mir/recover-20221013/UBNA_001/20221012_030000.WAV,Telephone Field,recover-20221013,001,1795
322.7695,322.8082,68437,82532,Rhinolophus ferrumequinum,0.025,0.025,-1,Echolocation,/mnt/ubna_data_02_mir/recover-20221013/UBNA_001/20221012_030000.WAV,Telephone Field,recover-20221013,001,1795
322.7955,322.8364,68437,82181,Rhinolophus ferrumequinum,0.03,0.03,-1,Echolocation,/mnt/ubna_data_02_mir/recover-20221013/UBNA_001/20221012_030000.WAV,Telephone Field,recover-20221013,001,1795
322.8905,322.9284,68437,81628,Rhinolophus ferrumequinum,0.021,0.021,-1,Echolocation,/mnt/ubna_data_02_mir/recover-20221013/UBNA_001/20221012_030000.WAV,Telephone Field,recover-20221013,001,1795
322.8905,322.8986,26328,34836,Eptesicus serotinus,0.01,0.029,-1,Echolocation,/mnt/ubna_data_02_mir/recover-20221013/UBNA_001/20221012_030000.WAV,Telephone Field,recover-20221013,001,1795
322.9075,322.9412,68437,80595,Rhinolophus ferrumequinum,0.029,0.029,-1,Echolocation,/mnt/ubna_data_02_mir/recover-20221013/UBNA_001/20221012_030000.WAV,Telephone Field,recover-20221013,001,1795
322.9095,322.9179,28906,37797,Eptesicus serotinus,0.008,0.023,-1,Echolocation,/mnt/ubna_data_02_mir/recover-20221013/UBNA_001/20221012_030000.WAV,Telephone Field,recover-20221013,001,1795
322.91949999999997,322.9583,68437,82366,Rhinolophus ferrumequinum,0.022,0.022,-1,Echolocation,/mnt/ubna_data_02_mir/recover-20221013/UBNA_001/20221012_030000.WAV,Telephone Field,recover-20221013,001,1795
322.9355,322.9764,68437,82313,Rhinolophus ferrumequinum,0.027,0.027,-1,Echolocation,/mnt/ubna_data_02_mir/recover-20221013/UBNA_001/20221012_030000.WAV,Telephone Field,recover-20221013,001,1795
322.9435,322.9499,27187,39282,Eptesicus serotinus,0.005,0.024,-1,Echolocation,/mnt/ubna_data_02_mir/recover-20221013/UBNA_001/20221012_030000.WAV,Telephone Field,recover-20221013,001,1795
322.9705,323.0109,68437,82658,Rhinolophus ferrumequinum,0.028,0.028,-1,Echolocation,/mnt/ubna_data_02_mir/recover-20221013/UBNA_001/20221012_030000.WAV,Telephone Field,recover-20221013,001,1795
323.0005,323.0426,68437,82801,Rhinolophus ferrumequinum,0.027,0.027,-1,Echolocation,/mnt/ubna_data_02_mir/recover-20221013/UBNA_001/20221012_030000.WAV,Telephone Field,recover-20221013,001,1795
323.0395,323.0792,68437,81790,Rhinolophus ferrumequinum,0.022,0.022,-1,Echolocation,/mnt/ubna_data_02_mir/recover-20221013/UBNA_001/20221012_030000.WAV,Telephone Field,recover-20221013,001,1795
323.1385,323.1726,68437,81260,Rhinolophus ferrumequinum,0.022,0.022,-1,Echolocation,/mnt/ubna_data_02_mir/recover-20221013/UBNA_001/20221012_030000.WAV,Telephone Field,recover-20221013,001,1795
323.1385,323.1472,26328,34944,Eptesicus serotinus,0.009,0.024,-1,Echolocation,/mnt/ubna_data_02_mir/recover-20221013/UBNA_001/20221012_030000.WAV,Telephone Field,recover-20221013,001,1795
323.1715,323.2125,68437,82467,Rhinolophus ferrumequinum,0.024,0.024,-1,Echolocation,/mnt/ubna_data_02_mir/recover-20221013/UBNA_001/20221012_030000.WAV,Telephone Field,recover-20221013,001,1795
323.1725,323.1802,28046,38769,Eptesicus serotinus,0.007,0.021,-1,Echolocation,/mnt/ubna_data_02_mir/recover-20221013/UBNA_001/20221012_030000.WAV,Telephone Field,recover-20221013,001,1795
323.1745,323.182,48671,53816,Pipistrellus pipistrellus,0.03,0.032,-1,Echolocation,/mnt/ubna_data_02_mir/recover-20221013/UBNA_001/20221012_030000.WAV,Telephone Field,recover-20221013,001,1795
323.1955,323.2358,68437,82503,Rhinolophus ferrumequinum,0.023,0.023,-1,Echolocation,/mnt/ubna_data_02_mir/recover-20221013/UBNA_001/20221012_030000.WAV,Telephone Field,recover-20221013,001,1795
323.1955,323.2073,22031,26266,Nyctalus leisleri,0.011,0.022,-1,Echolocation,/mnt/ubna_data_02_mir/recover-20221013/UBNA_001/20221012_030000.WAV,Telephone Field,recover-20221013,001,1795
323.2095,323.2193,50390,56520,Pipistrellus pipistrellus,0.017,0.022,-1,Echolocation,/mnt/ubna_data_02_mir/recover-20221013/UBNA_001/20221012_030000.WAV,Telephone Field,recover-20221013,001,1795
323.2095,323.2482,68437,82126,Rhinolophus ferrumequinum,0.024,0.024,-1,Echolocation,/mnt/ubna_data_02_mir/recover-20221013/UBNA_001/20221012_030000.WAV,Telephone Field,recover-20221013,001,1795
323.2275,323.2631,68437,81605,Rhinolophus ferrumequinum,0.022,0.022,-1,Echolocation,/mnt/ubna_data_02_mir/recover-20221013/UBNA_001/20221012_030000.WAV,Telephone Field,recover-20221013,001,1795
323.2505,323.2579,28046,39989,Eptesicus serotinus,0.007,0.023,-1,Echolocation,/mnt/ubna_data_02_mir/recover-20221013/UBNA_001/20221012_030000.WAV,Telephone Field,recover-20221013,001,1795
323.2535,323.264,37500,44262,Pipistrellus nathusii,0.015,0.032,-1,Echolocation,/mnt/ubna_data_02_mir/recover-20221013/UBNA_001/20221012_030000.WAV,Telephone Field,recover-20221013,001,1795
323.2885,323.3244,68437,80847,Rhinolophus ferrumequinum,0.038,0.038,-1,Echolocation,/mnt/ubna_data_02_mir/recover-20221013/UBNA_001/20221012_030000.WAV,Telephone Field,recover-20221013,001,1795
323.3365,323.377,68437,82643,Rhinolophus ferrumequinum,0.024,0.024,-1,Echolocation,/mnt/ubna_data_02_mir/recover-20221013/UBNA_001/20221012_030000.WAV,Telephone Field,recover-20221013,001,1795
323.4205,323.4596,68437,82326,Rhinolophus ferrumequinum,0.027,0.027,-1,Echolocation,/mnt/ubna_data_02_mir/recover-20221013/UBNA_001/20221012_030000.WAV,Telephone Field,recover-20221013,001,1795
323.4345,323.4447,27187,34180,Eptesicus serotinus,0.011,0.024,-1,Echolocation,/mnt/ubna_data_02_mir/recover-20221013/UBNA_001/20221012_030000.WAV,Telephone Field,recover-20221013,001,1795
323.4485,323.4886,68437,82374,Rhinolophus ferrumequinum,0.022,0.022,-1,Echolocation,/mnt/ubna_data_02_mir/recover-20221013/UBNA_001/20221012_030000.WAV,Telephone Field,recover-20221013,001,1795
323.4925,323.5028,26328,33990,Eptesicus serotinus,0.01,0.024,-1,Echolocation,/mnt/ubna_data_02_mir/recover-20221013/UBNA_001/20221012_030000.WAV,Telephone Field,recover-20221013,001,1795
323.5065,323.5454,68437,82357,Rhinolophus ferrumequinum,0.024,0.024,-1,Echolocation,/mnt/ubna_data_02_mir/recover-20221013/UBNA_001/20221012_030000.WAV,Telephone Field,recover-20221013,001,1795
323.5115,323.519,46093,50500,Pipistrellus pipistrellus,0.02,0.021,-1,Echolocation,/mnt/ubna_data_02_mir/recover-20221013/UBNA_001/20221012_030000.WAV,Telephone Field,recover-20221013,001,1795
323.5245,323.5612,68437,81768,Rhinolophus ferrumequinum,0.022,0.022,-1,Echolocation,/mnt/ubna_data_02_mir/recover-20221013/UBNA_001/20221012_030000.WAV,Telephone Field,recover-20221013,001,1795
323.5965,323.6069,22031,26317,Nyctalus leisleri,0.011,0.022,-1,Echolocation,/mnt/ubna_data_02_mir/recover-20221013/UBNA_001/20221012_030000.WAV,Telephone Field,recover-20221013,001,1795
323.6115,323.6485,68437,81920,Rhinolophus ferrumequinum,0.024,0.024,-1,Echolocation,/mnt/ubna_data_02_mir/recover-20221013/UBNA_001/20221012_030000.WAV,Telephone Field,recover-20221013,001,1795
323.6325,323.6408,23750,30945,Plecotus austriacus,0.008,0.022,-1,Echolocation,/mnt/ubna_data_02_mir/recover-20221013/UBNA_001/20221012_030000.WAV,Telephone Field,recover-20221013,001,1795
323.6385,323.6501,37500,42677,Pipistrellus nathusii,0.01,0.023,-1,Echolocation,/mnt/ubna_data_02_mir/recover-20221013/UBNA_001/20221012_030000.WAV,Telephone Field,recover-20221013,001,1795
323.6795,323.7167,68437,81612,Rhinolophus ferrumequinum,0.026,0.026,-1,Echolocation,/mnt/ubna_data_02_mir/recover-20221013/UBNA_001/20221012_030000.WAV,Telephone Field,recover-20221013,001,1795
323.7065,323.74490000000003,68437,82244,Rhinolophus ferrumequinum,0.024,0.024,-1,Echolocation,/mnt/ubna_data_02_mir/recover-20221013/UBNA_001/20221012_030000.WAV,Telephone Field,recover-20221013,001,1795
323.7385,323.7753,68437,81118,Rhinolophus ferrumequinum,0.022,0.022,-1,Echolocation,/mnt/ubna_data_02_mir/recover-20221013/UBNA_001/20221012_030000.WAV,Telephone Field,recover-20221013,001,1795
323.7585,323.7967,68437,81915,Rhinolophus ferrumequinum,0.021,0.021,-1,Echolocation,/mnt/ubna_data_02_mir/recover-20221013/UBNA_001/20221012_030000.WAV,Telephone Field,recover-20221013,001,1795
323.7825,323.8225,68437,83204,Rhinolophus ferrumequinum,0.031,0.031,-1,Echolocation,/mnt/ubna_data_02_mir/recover-20221013/UBNA_001/20221012_030000.WAV,Telephone Field,recover-20221013,001,1795
323.8065,323.8177,23750,28939,Nyctalus leisleri,0.011,0.024,-1,Echolocation,/mnt/ubna_data_02_mir/recover-20221013/UBNA_001/20221012_030000.WAV,Telephone Field,recover-20221013,001,1795
323.8095,323.8501,68437,82433,Rhinolophus ferrumequinum,0.022,0.022,-1,Echolocation,/mnt/ubna_data_02_mir/recover-20221013/UBNA_001/20221012_030000.WAV,Telephone Field,recover-20221013,001,1795
323.8135,323.825,23750,29235,Nyctalus leisleri,0.012,0.028,-1,Echolocation,/mnt/ubna_data_02_mir/recover-20221013/UBNA_001/20221012_030000.WAV,Telephone Field,recover-20221013,001,1795
323.8445,323.8869,68437,82893,Rhinolophus ferrumequinum,0.031,0.031,-1,Echolocation,/mnt/ubna_data_02_mir/recover-20221013/UBNA_001/20221012_030000.WAV,Telephone Field,recover-20221013,001,1795
323.8625,323.8731,27187,34952,Eptesicus serotinus,0.012,0.023,-1,Echolocation,/mnt/ubna_data_02_mir/recover-20221013/UBNA_001/20221012_030000.WAV,Telephone Field,recover-20221013,001,1795
323.8665,323.9066,68437,82371,Rhinolophus ferrumequinum,0.023,0.023,-1,Echolocation,/mnt/ubna_data_02_mir/recover-20221013/UBNA_001/20221012_030000.WAV,Telephone Field,recover-20221013,001,1795
323.8735,323.8814,28046,39094,Eptesicus serotinus,0.007,0.021,-1,Echolocation,/mnt/ubna_data_02_mir/recover-20221013/UBNA_001/20221012_030000.WAV,Telephone Field,recover-20221013,001,1795
323.9005,323.9108,22890,27948,Nyctalus leisleri,0.011,0.023,-1,Echolocation,/mnt/ubna_data_02_mir/recover-20221013/UBNA_001/20221012_030000.WAV,Telephone Field,recover-20221013,001,1795
323.9225,323.9286,24609,34658,Plecotus austriacus,0.014,0.031,-1,Echolocation,/mnt/ubna_data_02_mir/recover-20221013/UBNA_001/20221012_030000.WAV,Telephone Field,recover-20221013,001,1795
323.9435,323.9565,24609,30495,Nyctalus leisleri,0.011,0.029,-1,Echolocation,/mnt/ubna_data_02_mir/recover-20221013/UBNA_001/20221012_030000.WAV,Telephone Field,recover-20221013,001,1795
324.0015,324.0351,68437,80113,Rhinolophus ferrumequinum,0.051,0.051,-1,Echolocation,/mnt/ubna_data_02_mir/recover-20221013/UBNA_001/20221012_030000.WAV,Telephone Field,recover-20221013,001,1795
324.0015,324.0127,47812,51776,Pipistrellus pipistrellus,0.039,0.049,-1,Echolocation,/mnt/ubna_data_02_mir/recover-20221013/UBNA_001/20221012_030000.WAV,Telephone Field,recover-20221013,001,1795
324.0015,324.0102,27187,37946,Eptesicus serotinus,0.007,0.022,-1,Echolocation,/mnt/ubna_data_02_mir/recover-20221013/UBNA_001/20221012_030000.WAV,Telephone Field,recover-20221013,001,1795
324.0265,324.0354,24609,32271,Eptesicus serotinus,0.006,0.024,-1,Echolocation,/mnt/ubna_data_02_mir/recover-20221013/UBNA_001/20221012_030000.WAV,Telephone Field,recover-20221013,001,1795
324.0285,324.0686,68437,82610,Rhinolophus ferrumequinum,0.026,0.026,-1,Echolocation,/mnt/ubna_data_02_mir/recover-20221013/UBNA_001/20221012_030000.WAV,Telephone Field,recover-20221013,001,1795
324.0385,324.0804,68437,82892,Rhinolophus ferrumequinum,0.025,0.025,-1,Echolocation,/mnt/ubna_data_02_mir/recover-20221013/UBNA_001/20221012_030000.WAV,Telephone Field,recover-20221013,001,1795
324.0465,324.0842,68437,82672,Rhinolophus ferrumequinum,0.021,0.021,-1,Echolocation,/mnt/ubna_data_02_mir/recover-20221013/UBNA_001/20221012_030000.WAV,Telephone Field,recover-20221013,001,1795
324.0485,324.0587,22031,27384,Nyctalus leisleri,0.009,0.021,-1,Echolocation,/mnt/ubna_data_02_mir/recover-20221013/UBNA_001/20221012_030000.WAV,Telephone Field,recover-20221013,001,1795
324.0695,324.0796,23750,30638,Nyctalus leisleri,0.008,0.022,-1,Echolocation,/mnt/ubna_data_02_mir/recover-20221013/UBNA_001/20221012_030000.WAV,Telephone Field,recover-20221013,001,1795
324.0745,324.1138,68437,82044,Rhinolophus ferrumequinum,0.022,0.022,-1,Echolocation,/mnt/ubna_data_02_mir/recover-20221013/UBNA_001/20221012_030000.WAV,Telephone Field,recover-20221013,001,1795
324.0955,324.1334,68437,82002,Rhinolophus ferrumequinum,0.024,0.024,-1,Echolocation,/mnt/ubna_data_02_mir/recover-20221013/UBNA_001/20221012_030000.WAV,Telephone Field,recover-20221013,001,1795
324.1155,324.153,68437,82239,Rhinolophus ferrumequinum,0.021,0.021,-1,Echolocation,/mnt/ubna_data_02_mir/recover-20221013/UBNA_001/20221012_030000.WAV,Telephone Field,recover-20221013,001,1795
324.1355,324.174,68437,81345,Rhinolophus ferrumequinum,0.023,0.023,-1,Echolocation,/mnt/ubna_data_02_mir/recover-20221013/UBNA_001/20221012_030000.WAV,Telephone Field,recover-20221013,001,1795
324.1525,324.1889,68437,82019,Rhinolophus ferrumequinum,0.021,0.021,-1,Echolocation,/mnt/ubna_data_02_mir/recover-20221013/UBNA_001/20221012_030000.WAV,Telephone Field,recover-20221013,001,1795
324.1735,324.1812,28046,39413,Eptesicus serotinus,0.009,0.024,-1,Echolocation,/mnt/ubna_data_02_mir/recover-20221013/UBNA_001/20221012_030000.WAV,Telephone Field,recover-20221013,001,1795
324.1775,324.1908,15156,21034,Nyctalus noctula,0.015,0.023,-1,Echolocation,/mnt/ubna_data_02_mir/recover-20221013/UBNA_001/20221012_030000.WAV,Telephone Field,recover-20221013,001,1795
324.1995,324.2457,68437,84201,Rhinolophus ferrumequinum,0.053,0.053,-1,Echolocation,/mnt/ubna_data_02_mir/recover-20221013/UBNA_001/20221012_030000.WAV,Telephone Field,recover-20221013,001,1795
324.2205,324.2293,57265,62348,Pipistrellus pygmaeus,0.027,0.028,-1,Echolocation,/mnt/ubna_data_02_mir/recover-20221013/UBNA_001/20221012_030000.WAV,Telephone Field,recover-20221013,001,1795
324.2245,324.2639,68437,81839,Rhinolophus ferrumequinum,0.023,0.023,-1,Echolocation,/mnt/ubna_data_02_mir/recover-20221013/UBNA_001/20221012_030000.WAV,Telephone Field,recover-20221013,001,1795
324.2805,324.3173,68437,81594,Rhinolophus ferrumequinum,0.025,0.025,-1,Echolocation,/mnt/ubna_data_02_mir/recover-20221013/UBNA_001/20221012_030000.WAV,Telephone Field,recover-20221013,001,1795
324.33050000000003,324.3715,68437,81964,Rhinolophus ferrumequinum,0.024,0.024,-1,Echolocation,/mnt/ubna_data_02_mir/recover-20221013/UBNA_001/20221012_030000.WAV,Telephone Field,recover-20221013,001,1795
324.3365,324.3766,68437,83117,Rhinolophus ferrumequinum,0.025,0.025,-1,Echolocation,/mnt/ubna_data_02_mir/recover-20221013/UBNA_001/20221012_030000.WAV,Telephone Field,recover-20221013,001,1795
324.3575,324.3959,68437,82626,Rhinolophus ferrumequinum,0.024,0.024,-1,Echolocation,/mnt/ubna_data_02_mir/recover-20221013/UBNA_001/20221012_030000.WAV,Telephone Field,recover-20221013,001,1795
324.4015,324.4124,22031,26207,Nyctalus leisleri,0.011,0.021,-1,Echolocation,/mnt/ubna_data_02_mir/recover-20221013/UBNA_001/20221012_030000.WAV,Telephone Field,recover-20221013,001,1795
324.4215,324.4637,68437,83200,Rhinolophus ferrumequinum,0.036,0.036,-1,Echolocation,/mnt/ubna_data_02_mir/recover-20221013/UBNA_001/20221012_030000.WAV,Telephone Field,recover-20221013,001,1795
324.4645,324.4726,22890,30741,Plecotus austriacus,0.011,0.024,-1,Echolocation,/mnt/ubna_data_02_mir/recover-20221013/UBNA_001/20221012_030000.WAV,Telephone Field,recover-20221013,001,1795
324.4755,324.517,68437,83123,Rhinolophus ferrumequinum,0.038,0.038,-1,Echolocation,/mnt/ubna_data_02_mir/recover-20221013/UBNA_001/20221012_030000.WAV,Telephone Field,recover-20221013,001,1795
324.5075,324.5426,68437,81360,Rhinolophus ferrumequinum,0.023,0.023,-1,Echolocation,/mnt/ubna_data_02_mir/recover-20221013/UBNA_001/20221012_030000.WAV,Telephone Field,recover-20221013,001,1795
324.5665,324.6027,68437,81902,Rhinolophus ferrumequinum,0.021,0.021,-1,Echolocation,/mnt/ubna_data_02_mir/recover-20221013/UBNA_001/20221012_030000.WAV,Telephone Field,recover-20221013,001,1795
324.5955,324.6031,30625,39940,Myotis daubentonii,0.009,0.027,-1,Echolocation,/mnt/ubna_data_02_mir/recover-20221013/UBNA_001/20221012_030000.WAV,Telephone Field,recover-20221013,001,1795
324.6005,324.6416,68437,83232,Rhinolophus ferrumequinum,0.035,0.035,-1,Echolocation,/mnt/ubna_data_02_mir/recover-20221013/UBNA_001/20221012_030000.WAV,Telephone Field,recover-20221013,001,1795
324.60450000000003,324.6151,39218,44838,Pipistrellus nathusii,0.012,0.025,-1,Echolocation,/mnt/ubna_data_02_mir/recover-20221013/UBNA_001/20221012_030000.WAV,Telephone Field,recover-20221013,001,1795
324.6615,324.6994,68437,82215,Rhinolophus ferrumequinum,0.023,0.023,-1,Echolocation,/mnt/ubna_data_02_mir/recover-20221013/UBNA_001/20221012_030000.WAV,Telephone Field,recover-20221013,001,1795
324.7095,324.7453,68437,80566,Rhinolophus ferrumequinum,0.021,0.022,-1,Echolocation,/mnt/ubna_data_02_mir/recover-20221013/UBNA_001/20221012_030000.WAV,Telephone Field,recover-20221013,001,1795
324.7545,324.7951,68437,82340,Rhinolophus ferrumequinum,0.023,0.023,-1,Echolocation,/mnt/ubna_data_02_mir/recover-20221013/UBNA_001/20221012_030000.WAV,Telephone Field,recover-20221013,001,1795
324.79449999999997,324.8335,68437,82047,Rhinolophus ferrumequinum,0.025,0.025,-1,Echolocation,/mnt/ubna_data_02_mir/recover-20221013/UBNA_001/20221012_030000.WAV,Telephone Field,recover-20221013,001,1795
324.8085,324.8178,28906,38051,Eptesicus serotinus,0.008,0.023,-1,Echolocation,/mnt/ubna_data_02_mir/recover-20221013/UBNA_001/20221012_030000.WAV,Telephone Field,recover-20221013,001,1795
324.8275,324.83820000000003,23750,30375,Nyctalus leisleri,0.008,0.022,-1,Echolocation,/mnt/ubna_data_02_mir/recover-20221013/UBNA_001/20221012_030000.WAV,Telephone Field,recover-20221013,001,1795
324.8355,324.8696,68437,81475,Rhinolophus ferrumequinum,0.022,0.022,-1,Echolocation,/mnt/ubna_data_02_mir/recover-20221013/UBNA_001/20221012_030000.WAV,Telephone Field,recover-20221013,001,1795
324.8695,324.8884,21171,23735,Nyctalus leisleri,0.018,0.027,-1,Echolocation,/mnt/ubna_data_02_mir/recover-20221013/UBNA_001/20221012_030000.WAV,Telephone Field,recover-20221013,001,1795
324.8875,324.9298,68437,83089,Rhinolophus ferrumequinum,0.03,0.03,-1,Echolocation,/mnt/ubna_data_02_mir/recover-20221013/UBNA_001/20221012_030000.WAV,Telephone Field,recover-20221013,001,1795
324.8905,324.9018,22890,27932,Nyctalus leisleri,0.013,0.026,-1,Echolocation,/mnt/ubna_data_02_mir/recover-20221013/UBNA_001/20221012_030000.WAV,Telephone Field,recover-20221013,001,1795
324.9215,324.9637,68437,82810,Rhinolophus ferrumequinum,0.03,0.03,-1,Echolocation,/mnt/ubna_data_02_mir/recover-20221013/UBNA_001/20221012_030000.WAV,Telephone Field,recover-20221013,001,1795
324.9395,324.9801,68437,82687,Rhinolophus ferrumequinum,0.022,0.022,-1,Echolocation,/mnt/ubna_data_02_mir/recover-20221013/UBNA_001/20221012_030000.WAV,Telephone Field,recover-20221013,001,1795
324.9815,324.9896,28046,39175,Eptesicus serotinus,0.008,0.025,-1,Echolocation,/mnt/ubna_data_02_mir/recover-20221013/UBNA_001/20221012_030000.WAV,Telephone Field,recover-20221013,001,1795
325.0645,325.0721,28046,40037,Eptesicus serotinus,0.008,0.025,-1,Echolocation,/mnt/ubna_data_02_mir/recover-20221013/UBNA_001/20221012_030000.WAV,Telephone Field,recover-20221013,001,1795
325.0885,325.1296,68437,82784,Rhinolophus ferrumequinum,0.028,0.028,-1,Echolocation,/mnt/ubna_data_02_mir/recover-20221013/UBNA_001/20221012_030000.WAV,Telephone Field,recover-20221013,001,1795
325.1175,325.126,28046,36056,Eptesicus serotinus,0.009,0.024,-1,Echolocation,/mnt/ubna_data_02_mir/recover-20221013/UBNA_001/20221012_030000.WAV,Telephone Field,recover-20221013,001,1795
325.1345,325.1726,68437,81431,Rhinolophus ferrumequinum,0.022,0.022,-1,Echolocation,/mnt/ubna_data_02_mir/recover-20221013/UBNA_001/20221012_030000.WAV,Telephone Field,recover-20221013,001,1795
325.1775,325.221,68437,83242,Rhinolophus ferrumequinum,0.035,0.035,-1,Echolocation,/mnt/ubna_data_02_mir/recover-20221013/UBNA_001/20221012_030000.WAV,Telephone Field,recover-20221013,001,1795
325.2045,325.2198,22031,25720,Nyctalus leisleri,0.017,0.028,-1,Echolocation,/mnt/ubna_data_02_mir/recover-20221013/UBNA_001/20221012_030000.WAV,Telephone Field,recover-20221013,001,1795
325.2205,325.26,68437,82521,Rhinolophus ferrumequinum,0.044,0.044,-1,Echolocation,/mnt/ubna_data_02_mir/recover-20221013/UBNA_001/20221012_030000.WAV,Telephone Field,recover-20221013,001,1795
325.2305,325.2669,68437,81548,Rhinolophus ferrumequinum,0.022,0.022,-1,Echolocation,/mnt/ubna_data_02_mir/recover-20221013/UBNA_001/20221012_030000.WAV,Telephone Field,recover-20221013,001,1795
325.2315,325.2382,32343,40733,Myotis daubentonii,0.011,0.025,-1,Echolocation,/mnt/ubna_data_02_mir/recover-20221013/UBNA_001/20221012_030000.WAV,Telephone Field,recover-20221013,001,1795
325.2565,325.2672,22890,28290,Nyctalus leisleri,0.01,0.023,-1,Echolocation,/mnt/ubna_data_02_mir/recover-20221013/UBNA_001/20221012_030000.WAV,Telephone Field,recover-20221013,001,1795
325.2575,325.2936,68437,81926,Rhinolophus ferrumequinum,0.023,0.023,-1,Echolocation,/mnt/ubna_data_02_mir/recover-20221013/UBNA_001/20221012_030000.WAV,Telephone Field,recover-20221013,001,1795
325.2815,325.3188,68437,81927,Rhinolophus ferrumequinum,0.021,0.021,-1,Echolocation,/mnt/ubna_data_02_mir/recover-20221013/UBNA_001/20221012_030000.WAV,Telephone Field,recover-20221013,001,1795
325.2955,325.3306,68437,81402,Rhinolophus ferrumequinum,0.022,0.022,-1,Echolocation,/mnt/ubna_data_02_mir/recover-20221013/UBNA_001/20221012_030000.WAV,Telephone Field,recover-20221013,001,1795
325.3145,325.3521,68437,81944,Rhinolophus ferrumequinum,0.026,0.026,-1,Echolocation,/mnt/ubna_data_02_mir/recover-20221013/UBNA_001/20221012_030000.WAV,Telephone Field,recover-20221013,001,1795
325.3405,325.3811,68437,81567,Rhinolophus ferrumequinum,0.023,0.023,-1,Echolocation,/mnt/ubna_data_02_mir/recover-20221013/UBNA_001/20221012_030000.WAV,Telephone Field,recover-20221013,001,1795
325.3915,325.4302,68437,82706,Rhinolophus ferrumequinum,0.023,0.023,-1,Echolocation,/mnt/ubna_data_02_mir/recover-20221013/UBNA_001/20221012_030000.WAV,Telephone Field,recover-20221013,001,1795
325.4075,325.4458,68437,82370,Rhinolophus ferrumequinum,0.024,0.024,-1,Echolocation,/mnt/ubna_data_02_mir/recover-20221013/UBNA_001/20221012_030000.WAV,Telephone Field,recover-20221013,001,1795
325.4235,325.4315,47812,56653,Pipistrellus pipistrellus,0.02,0.023,-1,Echolocation,/mnt/ubna_data_02_mir/recover-20221013/UBNA_001/20221012_030000.WAV,Telephone Field,recover-20221013,001,1795
325.4515,325.4639,23750,28372,Nyctalus leisleri,0.014,0.027,-1,Echolocation,/mnt/ubna_data_02_mir/recover-20221013/UBNA_001/20221012_030000.WAV,Telephone Field,recover-20221013,001,1795
325.4675,325.4764,28046,37172,Eptesicus serotinus,0.008,0.022,-1,Echolocation,/mnt/ubna_data_02_mir/recover-20221013/UBNA_001/20221012_030000.WAV,Telephone Field,recover-20221013,001,1795
325.4865,325.5218,68437,81706,Rhinolophus ferrumequinum,0.028,0.028,-1,Echolocation,/mnt/ubna_data_02_mir/recover-20221013/UBNA_001/20221012_030000.WAV,Telephone Field,recover-20221013,001,1795
325.5235,325.5646,68437,82220,Rhinolophus ferrumequinum,0.023,0.023,-1,Echolocation,/mnt/ubna_data_02_mir/recover-20221013/UBNA_001/20221012_030000.WAV,Telephone Field,recover-20221013,001,1795
325.5365,325.5475,22890,29308,Nyctalus leisleri,0.01,0.025,-1,Echolocation,/mnt/ubna_data_02_mir/recover-20221013/UBNA_001/20221012_030000.WAV,Telephone Field,recover-20221013,001,1795
325.5555,325.5957,68437,82580,Rhinolophus ferrumequinum,0.024,0.024,-1,Echolocation,/mnt/ubna_data_02_mir/recover-20221013/UBNA_001/20221012_030000.WAV,Telephone Field,recover-20221013,001,1795
325.5595,325.5677,23750,31982,Plecotus austriacus,0.009,0.021,-1,Echolocation,/mnt/ubna_data_02_mir/recover-20221013/UBNA_001/20221012_030000.WAV,Telephone Field,recover-20221013,001,1795
325.5655,325.6019,68437,82336,Rhinolophus ferrumequinum,0.023,0.023,-1,Echolocation,/mnt/ubna_data_02_mir/recover-20221013/UBNA_001/20221012_030000.WAV,Telephone Field,recover-20221013,001,1795
325.5715,325.6073,68437,82492,Rhinolophus ferrumequinum,0.023,0.023,-1,Echolocation,/mnt/ubna_data_02_mir/recover-20221013/UBNA_001/20221012_030000.WAV,Telephone Field,recover-20221013,001,1795
325.5825,325.5914,23750,31025,Eptesicus serotinus,0.006,0.025,-1,Echolocation,/mnt/ubna_data_02_mir/recover-20221013/UBNA_001/20221012_030000.WAV,Telephone Field,recover-20221013,001,1795
325.5835,325.6201,68437,81165,Rhinolophus ferrumequinum,0.021,0.021,-1,Echolocation,/mnt/ubna_data_02_mir/recover-20221013/UBNA_001/20221012_030000.WAV,Telephone Field,recover-20221013,001,1795
325.6065,325.6465,68437,82193,Rhinolophus ferrumequinum,0.022,0.022,-1,Echolocation,/mnt/ubna_data_02_mir/recover-20221013/UBNA_001/20221012_030000.WAV,Telephone Field,recover-20221013,001,1795
325.6255,325.6665,68437,83685,Rhinolophus ferrumequinum,0.026,0.026,-1,Echolocation,/mnt/ubna_data_02_mir/recover-20221013/UBNA_001/20221012_030000.WAV,Telephone Field,recover-20221013,001,1795
325.6325,325.6388,23750,37733,Myotis nattereri,0.009,0.026,-1,Echolocation,/mnt/ubna_data_02_mir/recover-20221013/UBNA_001/20221012_030000.WAV,Telephone Field,recover-20221013,001,1795
325.6545,325.6935,68437,82378,Rhinolophus ferrumequinum,0.026,0.026,-1,Echolocation,/mnt/ubna_data_02_mir/recover-20221013/UBNA_001/20221012_030000.WAV,Telephone Field,recover-20221013,001,1795
325.6565,325.6668,22890,28621,Nyctalus leisleri,0.013,0.031,-1,Echolocation,/mnt/ubna_data_02_mir/recover-20221013/UBNA_001/20221012_030000.WAV,Telephone Field,recover-20221013,001,1795
325.6955,325.7346,68437,81988,Rhinolophus ferrumequinum,0.021,0.021,-1,Echolocation,/mnt/ubna_data_02_mir/recover-20221013/UBNA_001/20221012_030000.WAV,Telephone Field,recover-20221013,001,1795
325.7045,325.7412,68437,82054,Rhinolophus ferrumequinum,0.023,0.023,-1,Echolocation,/mnt/ubna_data_02_mir/recover-20221013/UBNA_001/20221012_030000.WAV,Telephone Field,recover-20221013,001,1795
325.7105,325.7261,21171,25276,Nyctalus leisleri,0.018,0.039,-1,Echolocation,/mnt/ubna_data_02_mir/recover-20221013/UBNA_001/20221012_030000.WAV,Telephone Field,recover-20221013,001,1795
325.7235,325.7622,68437,81528,Rhinolophus ferrumequinum,0.035,0.036,-1,Echolocation,/mnt/ubna_data_02_mir/recover-20221013/UBNA_001/20221012_030000.WAV,Telephone Field,recover-20221013,001,1795
325.7335,325.7447,23750,28518,Nyctalus leisleri,0.01,0.022,-1,Echolocation,/mnt/ubna_data_02_mir/recover-20221013/UBNA_001/20221012_030000.WAV,Telephone Field,recover-20221013,001,1795
325.7535,325.7606,28046,45581,Eptesicus serotinus,0.007,0.024,-1,Echolocation,/mnt/ubna_data_02_mir/recover-20221013/UBNA_001/20221012_030000.WAV,Telephone Field,recover-20221013,001,1795
325.7625,325.7963,68437,81460,Rhinolophus ferrumequinum,0.034,0.034,-1,Echolocation,/mnt/ubna_data_02_mir/recover-20221013/UBNA_001/20221012_030000.WAV,Telephone Field,recover-20221013,001,1795
325.7715,325.7812,22031,27730,Nyctalus leisleri,0.008,0.022,-1,Echolocation,/mnt/ubna_data_02_mir/recover-20221013/UBNA_001/20221012_030000.WAV,Telephone Field,recover-20221013,001,1795
325.7825,325.8207,68437,82052,Rhinolophus ferrumequinum,0.041,0.041,-1,Echolocation,/mnt/ubna_data_02_mir/recover-20221013/UBNA_001/20221012_030000.WAV,Telephone Field,recover-20221013,001,1795
325.8275,325.8658,68437,82121,Rhinolophus ferrumequinum,0.021,0.021,-1,Echolocation,/mnt/ubna_data_02_mir/recover-20221013/UBNA_001/20221012_030000.WAV,Telephone Field,recover-20221013,001,1795
325.8355,325.8428,27187,38138,Eptesicus serotinus,0.007,0.026,-1,Echolocation,/mnt/ubna_data_02_mir/recover-20221013/UBNA_001/20221012_030000.WAV,Telephone Field,recover-20221013,001,1795
325.8395,325.8767,68437,81271,Rhinolophus ferrumequinum,0.026,0.026,-1,Echolocation,/mnt/ubna_data_02_mir/recover-20221013/UBNA_001/20221012_030000.WAV,Telephone Field,recover-20221013,001,1795
325.8635,325.8716,28046,38275,Eptesicus serotinus,0.007,0.022,-1,Echolocation,/mnt/ubna_data_02_mir/recover-20221013/UBNA_001/20221012_030000.WAV,Telephone Field,recover-20221013,001,1795
325.8745,325.9159,68437,82874,Rhinolophus ferrumequinum,0.026,0.026,-1,Echolocation,/mnt/ubna_data_02_mir/recover-20221013/UBNA_001/20221012_030000.WAV,Telephone Field,recover-20221013,001,1795
325.8855,325.92470000000003,68437,81920,Rhinolophus ferrumequinum,0.023,0.023,-1,Echolocation,/mnt/ubna_data_02_mir/recover-20221013/UBNA_001/20221012_030000.WAV,Telephone Field,recover-20221013,001,1795
325.8945,325.93489999999997,68437,82347,Rhinolophus ferrumequinum,0.026,0.026,-1,Echolocation,/mnt/ubna_data_02_mir/recover-20221013/UBNA_001/20221012_030000.WAV,Telephone Field,recover-20221013,001,1795
325.9015,325.913,22890,27771,Nyctalus leisleri,0.012,0.026,-1,Echolocation,/mnt/ubna_data_02_mir/recover-20221013/UBNA_001/20221012_030000.WAV,Telephone Field,recover-20221013,001,1795
325.9055,325.912,45234,50808,Pipistrellus pipistrellus,0.029,0.031,-1,Echolocation,/mnt/ubna_data_02_mir/recover-20221013/UBNA_001/20221012_030000.WAV,Telephone Field,recover-20221013,001,1795
325.9065,325.9119,35781,58215,Myotis brandtii,0.006,0.021,-1,Echolocation,/mnt/ubna_data_02_mir/recover-20221013/UBNA_001/20221012_030000.WAV,Telephone Field,recover-20221013,001,1795
325.9165,325.9537,68437,81535,Rhinolophus ferrumequinum,0.023,0.023,-1,Echolocation,/mnt/ubna_data_02_mir/recover-20221013/UBNA_001/20221012_030000.WAV,Telephone Field,recover-20221013,001,1795
325.9215,325.9577,68437,82567,Rhinolophus ferrumequinum,0.023,0.023,-1,Echolocation,/mnt/ubna_data_02_mir/recover-20221013/UBNA_001/20221012_030000.WAV,Telephone Field,recover-20221013,001,1795
325.9535,325.9903,68437,81585,Rhinolophus ferrumequinum,0.024,0.024,-1,Echolocation,/mnt/ubna_data_02_mir/recover-20221013/UBNA_001/20221012_030000.WAV,Telephone Field,recover-20221013,001,1795
325.9805,325.9889,28906,37835,Eptesicus serotinus,0.009,0.025,-1,Echolocation,/mnt/ubna_data_02_mir/recover-20221013/UBNA_001/20221012_030000.WAV,Telephone Field,recover-20221013,001,1795
326.0015,326.0102,21171,27257,Nyctalus leisleri,0.007,0.021,-1,Echolocation,/mnt/ubna_data_02_mir/recover-20221013/UBNA_001/20221012_030000.WAV,Telephone Field,recover-20221013,001,1795
326.0015,326.0091,26328,38054,Nyctalus leisleri,0.005,0.022,-1,Echolocation,/mnt/ubna_data_02_mir/recover-20221013/UBNA_001/20221012_030000.WAV,Telephone Field,recover-20221013,001,1795
326.0015,326.0327,68437,80432,Rhinolophus ferrumequinum,0.029,0.03,-1,Echolocation,/mnt/ubna_data_02_mir/recover-20221013/UBNA_001/20221012_030000.WAV,Telephone Field,recover-20221013,001,1795
326.0105,326.0524,68437,82368,Rhinolophus ferrumequinum,0.022,0.022,-1,Echolocation,/mnt/ubna_data_02_mir/recover-20221013/UBNA_001/20221012_030000.WAV,Telephone Field,recover-20221013,001,1795
326.0385,326.0759,68437,81614,Rhinolophus ferrumequinum,0.023,0.023,-1,Echolocation,/mnt/ubna_data_02_mir/recover-20221013/UBNA_001/20221012_030000.WAV,Telephone Field,recover-20221013,001,1795
326.0825,326.0917,28046,38208,Eptesicus serotinus,0.009,0.022,-1,Echolocation,/mnt/ubna_data_02_mir/recover-20221013/UBNA_001/20221012_030000.WAV,Telephone Field,recover-20221013,001,1795
326.0965,326.1044,24609,33192,Plecotus austriacus,0.007,0.024,-1,Echolocation,/mnt/ubna_data_02_mir/recover-20221013/UBNA_001/20221012_030000.WAV,Telephone Field,recover-20221013,001,1795
326.1225,326.1553,68437,81033,Rhinolophus ferrumequinum,0.021,0.021,-1,Echolocation,/mnt/ubna_data_02_mir/recover-20221013/UBNA_001/20221012_030000.WAV,Telephone Field,recover-20221013,001,1795
326.1335,326.1437,28046,35713,Eptesicus serotinus,0.009,0.021,-1,Echolocation,/mnt/ubna_data_02_mir/recover-20221013/UBNA_001/20221012_030000.WAV,Telephone Field,recover-20221013,001,1795
326.1365,326.17,68437,80036,Rhinolophus ferrumequinum,0.028,0.028,-1,Echolocation,/mnt/ubna_data_02_mir/recover-20221013/UBNA_001/20221012_030000.WAV,Telephone Field,recover-20221013,001,1795
326.1415,326.1503,28046,38182,Eptesicus serotinus,0.008,0.022,-1,Echolocation,/mnt/ubna_data_02_mir/recover-20221013/UBNA_001/20221012_030000.WAV,Telephone Field,recover-20221013,001,1795
326.1585,326.1985,68437,82804,Rhinolophus ferrumequinum,0.022,0.022,-1,Echolocation,/mnt/ubna_data_02_mir/recover-20221013/UBNA_001/20221012_030000.WAV,Telephone Field,recover-20221013,001,1795
326.1595,326.1649,28906,41598,Myotis daubentonii,0.016,0.049,-1,Echolocation,/mnt/ubna_data_02_mir/recover-20221013/UBNA_001/20221012_030000.WAV,Telephone Field,recover-20221013,001,1795
326.1865,326.1946,28046,40038,Eptesicus serotinus,0.008,0.022,-1,Echolocation,/mnt/ubna_data_02_mir/recover-20221013/UBNA_001/20221012_030000.WAV,Telephone Field,recover-20221013,001,1795
326.1955,326.2052,27187,34906,Eptesicus serotinus,0.011,0.023,-1,Echolocation,/mnt/ubna_data_02_mir/recover-20221013/UBNA_001/20221012_030000.WAV,Telephone Field,recover-20221013,001,1795
326.2015,326.2423,68437,82740,Rhinolophus ferrumequinum,0.03,0.03,-1,Echolocation,/mnt/ubna_data_02_mir/recover-20221013/UBNA_001/20221012_030000.WAV,Telephone Field,recover-20221013,001,1795
326.2315,326.2691,68437,81548,Rhinolophus ferrumequinum,0.021,0.021,-1,Echolocation,/mnt/ubna_data_02_mir/recover-20221013/UBNA_001/20221012_030000.WAV,Telephone Field,recover-20221013,001,1795
326.2405,326.2493,28046,36689,Eptesicus serotinus,0.009,0.024,-1,Echolocation,/mnt/ubna_data_02_mir/recover-20221013/UBNA_001/20221012_030000.WAV,Telephone Field,recover-20221013,001,1795
326.2735,326.3122,68437,81621,Rhinolophus ferrumequinum,0.031,0.031,-1,Echolocation,/mnt/ubna_data_02_mir/recover-20221013/UBNA_001/20221012_030000.WAV,Telephone Field,recover-20221013,001,1795
326.2765,326.2836,28906,39354,Eptesicus serotinus,0.007,0.028,-1,Echolocation,/mnt/ubna_data_02_mir/recover-20221013/UBNA_001/20221012_030000.WAV,Telephone Field,recover-20221013,001,1795
326.3125,326.3231,28906,36764,Eptesicus serotinus,0.016,0.029,-1,Echolocation,/mnt/ubna_data_02_mir/recover-20221013/UBNA_001/20221012_030000.WAV,Telephone Field,recover-20221013,001,1795
326.3495,326.3569,28046,38726,Eptesicus serotinus,0.007,0.022,-1,Echolocation,/mnt/ubna_data_02_mir/recover-20221013/UBNA_001/20221012_030000.WAV,Telephone Field,recover-20221013,001,1795
326.3705,326.3828,23750,28640,Nyctalus leisleri,0.013,0.027,-1,Echolocation,/mnt/ubna_data_02_mir/recover-20221013/UBNA_001/20221012_030000.WAV,Telephone Field,recover-20221013,001,1795
326.3865,326.4311,68437,82959,Rhinolophus ferrumequinum,0.034,0.034,-1,Echolocation,/mnt/ubna_data_02_mir/recover-20221013/UBNA_001/20221012_030000.WAV,Telephone Field,recover-20221013,001,1795
326.4475,326.4668,20312,23306,Nyctalus leisleri,0.014,0.026,-1,Echolocation,/mnt/ubna_data_02_mir/recover-20221013/UBNA_001/20221012_030000.WAV,Telephone Field,recover-20221013,001,1795
326.4605,326.4998,68437,82262,Rhinolophus ferrumequinum,0.022,0.022,-1,Echolocation,/mnt/ubna_data_02_mir/recover-20221013/UBNA_001/20221012_030000.WAV,Telephone Field,recover-20221013,001,1795
326.4625,326.4717,37500,43984,Barbastellus barbastellus,0.006,0.024,-1,Echolocation,/mnt/ubna_data_02_mir/recover-20221013/UBNA_001/20221012_030000.WAV,Telephone Field,recover-20221013,001,1795
326.4665,326.4735,26328,38724,Eptesicus serotinus,0.005,0.021,-1,Echolocation,/mnt/ubna_data_02_mir/recover-20221013/UBNA_001/20221012_030000.WAV,Telephone Field,recover-20221013,001,1795
326.4875,326.5281,68437,82317,Rhinolophus ferrumequinum,0.033,0.034,-1,Echolocation,/mnt/ubna_data_02_mir/recover-20221013/UBNA_001/20221012_030000.WAV,Telephone Field,recover-20221013,001,1795
326.5045,326.5135,25468,33131,Eptesicus serotinus,0.008,0.022,-1,Echolocation,/mnt/ubna_data_02_mir/recover-20221013/UBNA_001/20221012_030000.WAV,Telephone Field,recover-20221013,001,1795
326.5195,326.5583,68437,82146,Rhinolophus ferrumequinum,0.021,0.021,-1,Echolocation,/mnt/ubna_data_02_mir/recover-20221013/UBNA_001/20221012_030000.WAV,Telephone Field,recover-20221013,001,1795
326.5285,326.5397,22890,27318,Nyctalus leisleri,0.012,0.022,-1,Echolocation,/mnt/ubna_data_02_mir/recover-20221013/UBNA_001/20221012_030000.WAV,Telephone Field,recover-20221013,001,1795
326.5365,326.5528,22031,25402,Nyctalus leisleri,0.014,0.021,-1,Echolocation,/mnt/ubna_data_02_mir/recover-20221013/UBNA_001/20221012_030000.WAV,Telephone Field,recover-20221013,001,1795
326.5425,326.5816,68437,82299,Rhinolophus ferrumequinum,0.025,0.025,-1,Echolocation,/mnt/ubna_data_02_mir/recover-20221013/UBNA_001/20221012_030000.WAV,Telephone Field,recover-20221013,001,1795
326.5645,326.6039,68437,82618,Rhinolophus ferrumequinum,0.024,0.024,-1,Echolocation,/mnt/ubna_data_02_mir/recover-20221013/UBNA_001/20221012_030000.WAV,Telephone Field,recover-20221013,001,1795
326.5865,326.5934,28906,41241,Eptesicus serotinus,0.007,0.027,-1,Echolocation,/mnt/ubna_data_02_mir/recover-20221013/UBNA_001/20221012_030000.WAV,Telephone Field,recover-20221013,001,1795
326.5875,326.6279,68437,82518,Rhinolophus ferrumequinum,0.022,0.022,-1,Echolocation,/mnt/ubna_data_02_mir/recover-20221013/UBNA_001/20221012_030000.WAV,Telephone Field,recover-20221013,001,1795
326.60450000000003,326.6491,68437,83461,Rhinolophus ferrumequinum,0.034,0.034,-1,Echolocation,/mnt/ubna_data_02_mir/recover-20221013/UBNA_001/20221012_030000.WAV,Telephone Field,recover-20221013,001,1795
326.6195,326.6564,68437,81561,Rhinolophus ferrumequinum,0.022,0.022,-1,Echolocation,/mnt/ubna_data_02_mir/recover-20221013/UBNA_001/20221012_030000.WAV,Telephone Field,recover-20221013,001,1795
326.6575,326.6654,28046,37086,Eptesicus serotinus,0.008,0.023,-1,Echolocation,/mnt/ubna_data_02_mir/recover-20221013/UBNA_001/20221012_030000.WAV,Telephone Field,recover-20221013,001,1795
326.6875,326.6951,28046,43401,Eptesicus serotinus,0.007,0.024,-1,Echolocation,/mnt/ubna_data_02_mir/recover-20221013/UBNA_001/20221012_030000.WAV,Telephone Field,recover-20221013,001,1795
326.6955,326.7323,68437,81769,Rhinolophus ferrumequinum,0.021,0.021,-1,Echolocation,/mnt/ubna_data_02_mir/recover-20221013/UBNA_001/20221012_030000.WAV,Telephone Field,recover-20221013,001,1795
326.6955,326.7023,47812,54143,Pipistrellus pipistrellus,0.022,0.023,-1,Echolocation,/mnt/ubna_data_02_mir/recover-20221013/UBNA_001/20221012_030000.WAV,Telephone Field,recover-20221013,001,1795
326.7065,326.7178,23750,29228,Nyctalus leisleri,0.01,0.023,-1,Echolocation,/mnt/ubna_data_02_mir/recover-20221013/UBNA_001/20221012_030000.WAV,Telephone Field,recover-20221013,001,1795
326.7105,326.7503,68437,82370,Rhinolophus ferrumequinum,0.023,0.023,-1,Echolocation,/mnt/ubna_data_02_mir/recover-20221013/UBNA_001/20221012_030000.WAV,Telephone Field,recover-20221013,001,1795
326.7255,326.7328,28046,37924,Eptesicus serotinus,0.006,0.021,-1,Echolocation,/mnt/ubna_data_02_mir/recover-20221013/UBNA_001/20221012_030000.WAV,Telephone Field,recover-20221013,001,1795
326.7715,326.7801,22890,29722,Plecotus austriacus,0.008,0.023,-1,Echolocation,/mnt/ubna_data_02_mir/recover-20221013/UBNA_001/20221012_030000.WAV,Telephone Field,recover-20221013,001,1795
326.8385,326.8779,68437,82213,Rhinolophus ferrumequinum,0.021,0.021,-1,Echolocation,/mnt/ubna_data_02_mir/recover-20221013/UBNA_001/20221012_030000.WAV,Telephone Field,recover-20221013,001,1795
326.8595,326.8682,28906,37575,Eptesicus serotinus,0.007,0.021,-1,Echolocation,/mnt/ubna_data_02_mir/recover-20221013/UBNA_001/20221012_030000.WAV,Telephone Field,recover-20221013,001,1795
326.8775,326.9207,68437,83144,Rhinolophus ferrumequinum,0.025,0.025,-1,Echolocation,/mnt/ubna_data_02_mir/recover-20221013/UBNA_001/20221012_030000.WAV,Telephone Field,recover-20221013,001,1795
326.8935,326.902,26328,35246,Eptesicus serotinus,0.01,0.023,-1,Echolocation,/mnt/ubna_data_02_mir/recover-20221013/UBNA_001/20221012_030000.WAV,Telephone Field,recover-20221013,001,1795
326.9385,326.9484,27187,36318,Eptesicus serotinus,0.008,0.022,-1,Echolocation,/mnt/ubna_data_02_mir/recover-20221013/UBNA_001/20221012_030000.WAV,Telephone Field,recover-20221013,001,1795
326.9545,326.9956,68437,82469,Rhinolophus ferrumequinum,0.021,0.021,-1,Echolocation,/mnt/ubna_data_02_mir/recover-20221013/UBNA_001/20221012_030000.WAV,Telephone Field,recover-20221013,001,1795
326.9605,326.9711,24609,31036,Nyctalus leisleri,0.009,0.024,-1,Echolocation,/mnt/ubna_data_02_mir/recover-20221013/UBNA_001/20221012_030000.WAV,Telephone Field,recover-20221013,001,1795
326.9625,327.004,68437,82231,Rhinolophus ferrumequinum,0.021,0.021,-1,Echolocation,/mnt/ubna_data_02_mir/recover-20221013/UBNA_001/20221012_030000.WAV,Telephone Field,recover-20221013,001,1795
326.9835,327.0244,68437,82467,Rhinolophus ferrumequinum,0.027,0.027,-1,Echolocation,/mnt/ubna_data_02_mir/recover-20221013/UBNA_001/20221012_030000.WAV,Telephone Field,recover-20221013,001,1795
327.0015,327.0222,18593,22113,Nyctalus noctula,0.011,0.021,-1,Echolocation,/mnt/ubna_data_02_mir/recover-20221013/UBNA_001/20221012_030000.WAV,Telephone Field,recover-20221013,001,1795
327.0465,327.0874,68437,82187,Rhinolophus ferrumequinum,0.022,0.022,-1,Echolocation,/mnt/ubna_data_02_mir/recover-20221013/UBNA_001/20221012_030000.WAV,Telephone Field,recover-20221013,001,1795
327.0465,327.0541,50390,57090,Pipistrellus pipistrellus,0.019,0.022,-1,Echolocation,/mnt/ubna_data_02_mir/recover-20221013/UBNA_001/20221012_030000.WAV,Telephone Field,recover-20221013,001,1795
327.0875,327.1285,68437,82927,Rhinolophus ferrumequinum,0.025,0.025,-1,Echolocation,/mnt/ubna_data_02_mir/recover-20221013/UBNA_001/20221012_030000.WAV,Telephone Field,recover-20221013,001,1795
327.1375,327.1479,24609,31095,Nyctalus leisleri,0.01,0.026,-1,Echolocation,/mnt/ubna_data_02_mir/recover-20221013/UBNA_001/20221012_030000.WAV,Telephone Field,recover-20221013,001,1795
327.1485,327.1891,68437,81794,Rhinolophus ferrumequinum,0.024,0.024,-1,Echolocation,/mnt/ubna_data_02_mir/recover-20221013/UBNA_001/20221012_030000.WAV,Telephone Field,recover-20221013,001,1795
327.1755,327.2164,68437,82625,Rhinolophus ferrumequinum,0.023,0.023,-1,Echolocation,/mnt/ubna_data_02_mir/recover-20221013/UBNA_001/20221012_030000.WAV,Telephone Field,recover-20221013,001,1795
327.1835,327.192,28046,38113,Eptesicus serotinus,0.008,0.02,-1,Echolocation,/mnt/ubna_data_02_mir/recover-20221013/UBNA_001/20221012_030000.WAV,Telephone Field,recover-20221013,001,1795
327.2155,327.2252,22890,29619,Plecotus austriacus,0.012,0.036,-1,Echolocation,/mnt/ubna_data_02_mir/recover-20221013/UBNA_001/20221012_030000.WAV,Telephone Field,recover-20221013,001,1795
327.2195,327.2272,45234,54364,Pipistrellus pipistrellus,0.012,0.023,-1,Echolocation,/mnt/ubna_data_02_mir/recover-20221013/UBNA_001/20221012_030000.WAV,Telephone Field,recover-20221013,001,1795
327.2515,327.2909,68437,82378,Rhinolophus ferrumequinum,0.022,0.022,-1,Echolocation,/mnt/ubna_data_02_mir/recover-20221013/UBNA_001/20221012_030000.WAV,Telephone Field,recover-20221013,001,1795
327.2615,327.2718,26328,34006,Eptesicus serotinus,0.009,0.021,-1,Echolocation,/mnt/ubna_data_02_mir/recover-20221013/UBNA_001/20221012_030000.WAV,Telephone Field,recover-20221013,001,1795
327.2735,327.2849,27187,32976,Eptesicus serotinus,0.011,0.023,-1,Echolocation,/mnt/ubna_data_02_mir/recover-20221013/UBNA_001/20221012_030000.WAV,Telephone Field,recover-20221013,001,1795
327.2775,327.3154,68437,82227,Rhinolophus ferrumequinum,0.029,0.029,-1,Echolocation,/mnt/ubna_data_02_mir/recover-20221013/UBNA_001/20221012_030000.WAV,Telephone Field,recover-20221013,001,1795
327.3365,327.3759,68437,82069,Rhinolophus ferrumequinum,0.021,0.021,-1,Echolocation,/mnt/ubna_data_02_mir/recover-20221013/UBNA_001/20221012_030000.WAV,Telephone Field,recover-20221013,001,1795
327.3445,327.3851,68437,82087,Rhinolophus ferrumequinum,0.022,0.022,-1,Echolocation,/mnt/ubna_data_02_mir/recover-20221013/UBNA_001/20221012_030000.WAV,Telephone Field,recover-20221013,001,1795
327.3645,327.3727,28046,37511,Eptesicus serotinus,0.007,0.021,-1,Echolocation,/mnt/ubna_data_02_mir/recover-20221013/UBNA_001/20221012_030000.WAV,Telephone Field,recover-20221013,001,1795
327.3695,327.4099,68437,82813,Rhinolophus ferrumequinum,0.023,0.023,-1,Echolocation,/mnt/ubna_data_02_mir/recover-20221013/UBNA_001/20221012_030000.WAV,Telephone Field,recover-20221013,001,1795
327.3805,327.4191,68437,82100,Rhinolophus ferrumequinum,0.024,0.024,-1,Echolocation,/mnt/ubna_data_02_mir/recover-20221013/UBNA_001/20221012_030000.WAV,Telephone Field,recover-20221013,001,1795
327.39549999999997,327.4362,68437,82952,Rhinolophus ferrumequinum,0.026,0.026,-1,Echolocation,/mnt/ubna_data_02_mir/recover-20221013/UBNA_001/20221012_030000.WAV,Telephone Field,recover-20221013,001,1795
327.4345,327.4753,68437,83307,Rhinolophus ferrumequinum,0.031,0.031,-1,Echolocation,/mnt/ubna_data_02_mir/recover-20221013/UBNA_001/20221012_030000.WAV,Telephone Field,recover-20221013,001,1795
327.4385,327.4461,28046,38459,Eptesicus serotinus,0.006,0.021,-1,Echolocation,/mnt/ubna_data_02_mir/recover-20221013/UBNA_001/20221012_030000.WAV,Telephone Field,recover-20221013,001,1795
327.4455,327.4542,28046,38049,Eptesicus serotinus,0.006,0.021,-1,Echolocation,/mnt/ubna_data_02_mir/recover-20221013/UBNA_001/20221012_030000.WAV,Telephone Field,recover-20221013,001,1795
327.4565,327.4946,68437,82405,Rhinolophus ferrumequinum,0.021,0.021,-1,Echolocation,/mnt/ubna_data_02_mir/recover-20221013/UBNA_001/20221012_030000.WAV,Telephone Field,recover-20221013,001,1795
327.4805,327.5176,68437,81524,Rhinolophus ferrumequinum,0.021,0.021,-1,Echolocation,/mnt/ubna_data_02_mir/recover-20221013/UBNA_001/20221012_030000.WAV,Telephone Field,recover-20221013,001,1795
327.5035,327.5433,68437,82216,Rhinolophus ferrumequinum,0.025,0.025,-1,Echolocation,/mnt/ubna_data_02_mir/recover-20221013/UBNA_001/20221012_030000.WAV,Telephone Field,recover-20221013,001,1795
327.5075,327.5147,28046,38994,Eptesicus serotinus,0.007,0.023,-1,Echolocation,/mnt/ubna_data_02_mir/recover-20221013/UBNA_001/20221012_030000.WAV,Telephone Field,recover-20221013,001,1795
327.5075,327.5176,22031,27704,Nyctalus leisleri,0.008,0.022,-1,Echolocation,/mnt/ubna_data_02_mir/recover-20221013/UBNA_001/20221012_030000.WAV,Telephone Field,recover-20221013,001,1795
327.5625,327.5706,23750,31236,Plecotus austriacus,0.007,0.02,-1,Echolocation,/mnt/ubna_data_02_mir/recover-20221013/UBNA_001/20221012_030000.WAV,Telephone Field,recover-20221013,001,1795
327.5655,327.5749,28906,36873,Eptesicus serotinus,0.009,0.022,-1,Echolocation,/mnt/ubna_data_02_mir/recover-20221013/UBNA_001/20221012_030000.WAV,Telephone Field,recover-20221013,001,1795
327.5745,327.616,68437,82907,Rhinolophus ferrumequinum,0.035,0.035,-1,Echolocation,/mnt/ubna_data_02_mir/recover-20221013/UBNA_001/20221012_030000.WAV,Telephone Field,recover-20221013,001,1795
327.6125,327.6536,68437,82053,Rhinolophus ferrumequinum,0.022,0.022,-1,Echolocation,/mnt/ubna_data_02_mir/recover-20221013/UBNA_001/20221012_030000.WAV,Telephone Field,recover-20221013,001,1795
327.6765,327.6848,47812,52730,Pipistrellus pipistrellus,0.021,0.022,-1,Echolocation,/mnt/ubna_data_02_mir/recover-20221013/UBNA_001/20221012_030000.WAV,Telephone Field,recover-20221013,001,1795
327.7145,327.7553,68437,82646,Rhinolophus ferrumequinum,0.026,0.026,-1,Echolocation,/mnt/ubna_data_02_mir/recover-20221013/UBNA_001/20221012_030000.WAV,Telephone Field,recover-20221013,001,1795
327.7525,327.7623,26328,34495,Eptesicus serotinus,0.009,0.02,-1,Echolocation,/mnt/ubna_data_02_mir/recover-20221013/UBNA_001/20221012_030000.WAV,Telephone Field,recover-20221013,001,1795
327.7565,327.7926,68437,82046,Rhinolophus ferrumequinum,0.021,0.021,-1,Echolocation,/mnt/ubna_data_02_mir/recover-20221013/UBNA_001/20221012_030000.WAV,Telephone Field,recover-20221013,001,1795
327.7865,327.7954,26328,35009,Eptesicus serotinus,0.007,0.021,-1,Echolocation,/mnt/ubna_data_02_mir/recover-20221013/UBNA_001/20221012_030000.WAV,Telephone Field,recover-20221013,001,1795
327.7985,327.8069,28046,40248,Eptesicus serotinus,0.008,0.024,-1,Echolocation,/mnt/ubna_data_02_mir/recover-20221013/UBNA_001/20221012_030000.WAV,Telephone Field,recover-20221013,001,1795
327.8355,327.8749,68437,81984,Rhinolophus ferrumequinum,0.022,0.022,-1,Echolocation,/mnt/ubna_data_02_mir/recover-20221013/UBNA_001/20221012_030000.WAV,Telephone Field,recover-20221013,001,1795
327.8615,327.8997,68437,82400,Rhinolophus ferrumequinum,0.021,0.021,-1,Echolocation,/mnt/ubna_data_02_mir/recover-20221013/UBNA_001/20221012_030000.WAV,Telephone Field,recover-20221013,001,1795
327.8745,327.8861,22890,27874,Nyctalus leisleri,0.012,0.024,-1,Echolocation,/mnt/ubna_data_02_mir/recover-20221013/UBNA_001/20221012_030000.WAV,Telephone Field,recover-20221013,001,1795
327.8775,327.9164,68437,81862,Rhinolophus ferrumequinum,0.023,0.023,-1,Echolocation,/mnt/ubna_data_02_mir/recover-20221013/UBNA_001/20221012_030000.WAV,Telephone Field,recover-20221013,001,1795
327.8865,327.9244,68437,81134,Rhinolophus ferrumequinum,0.021,0.021,-1,Echolocation,/mnt/ubna_data_02_mir/recover-20221013/UBNA_001/20221012_030000.WAV,Telephone Field,recover-20221013,001,1795
327.9415,327.9806,68437,81882,Rhinolophus ferrumequinum,0.021,0.021,-1,Echolocation,/mnt/ubna_data_02_mir/recover-20221013/UBNA_001/20221012_030000.WAV,Telephone Field,recover-20221013,001,1795
328.0015,328.0137,20312,24646,Nyctalus leisleri,0.015,0.03,-1,Echolocation,/mnt/ubna_data_02_mir/recover-20221013/UBNA_001/20221012_030000.WAV,Telephone Field,recover-20221013,001,1795
328.0015,328.0338,68437,80247,Rhinolophus ferrumequinum,0.025,0.026,-1,Echolocation,/mnt/ubna_data_02_mir/recover-20221013/UBNA_001/20221012_030000.WAV,Telephone Field,recover-20221013,001,1795
328.0015,328.012,46953,54369,Pipistrellus pipistrellus,0.033,0.04,-1,Echolocation,/mnt/ubna_data_02_mir/recover-20221013/UBNA_001/20221012_030000.WAV,Telephone Field,recover-20221013,001,1795
328.0605,328.1011,68437,82670,Rhinolophus ferrumequinum,0.025,0.025,-1,Echolocation,/mnt/ubna_data_02_mir/recover-20221013/UBNA_001/20221012_030000.WAV,Telephone Field,recover-20221013,001,1795
328.14549999999997,328.1616,33203,36926,Pipistrellus nathusii,0.022,0.053,-1,Echolocation,/mnt/ubna_data_02_mir/recover-20221013/UBNA_001/20221012_030000.WAV,Telephone Field,recover-20221013,001,1795
328.1825,328.2188,68437,81945,Rhinolophus ferrumequinum,0.022,0.022,-1,Echolocation,/mnt/ubna_data_02_mir/recover-20221013/UBNA_001/20221012_030000.WAV,Telephone Field,recover-20221013,001,1795
328.1915,328.2321,68437,82247,Rhinolophus ferrumequinum,0.021,0.021,-1,Echolocation,/mnt/ubna_data_02_mir/recover-20221013/UBNA_001/20221012_030000.WAV,Telephone Field,recover-20221013,001,1795
328.2135,328.224,28906,35512,Eptesicus serotinus,0.012,0.026,-1,Echolocation,/mnt/ubna_data_02_mir/recover-20221013/UBNA_001/20221012_030000.WAV,Telephone Field,recover-20221013,001,1795
328.2545,328.2965,68437,82347,Rhinolophus ferrumequinum,0.021,0.021,-1,Echolocation,/mnt/ubna_data_02_mir/recover-20221013/UBNA_001/20221012_030000.WAV,Telephone Field,recover-20221013,001,1795
328.2995,328.3394,68437,82294,Rhinolophus ferrumequinum,0.022,0.022,-1,Echolocation,/mnt/ubna_data_02_mir/recover-20221013/UBNA_001/20221012_030000.WAV,Telephone Field,recover-20221013,001,1795
328.3205,328.3576,68437,81876,Rhinolophus ferrumequinum,0.02,0.02,-1,Echolocation,/mnt/ubna_data_02_mir/recover-20221013/UBNA_001/20221012_030000.WAV,Telephone Field,recover-20221013,001,1795
328.3625,328.3725,24609,31004,Nyctalus leisleri,0.011,0.032,-1,Echolocation,/mnt/ubna_data_02_mir/recover-20221013/UBNA_001/20221012_030000.WAV,Telephone Field,recover-20221013,001,1795
328.3805,328.4204,68437,82252,Rhinolophus ferrumequinum,0.021,0.021,-1,Echolocation,/mnt/ubna_data_02_mir/recover-20221013/UBNA_001/20221012_030000.WAV,Telephone Field,recover-20221013,001,1795
328.4055,328.4403,68437,81155,Rhinolophus ferrumequinum,0.025,0.025,-1,Echolocation,/mnt/ubna_data_02_mir/recover-20221013/UBNA_001/20221012_030000.WAV,Telephone Field,recover-20221013,001,1795
328.4425,328.4522,28046,37843,Eptesicus serotinus,0.01,0.024,-1,Echolocation,/mnt/ubna_data_02_mir/recover-20221013/UBNA_001/20221012_030000.WAV,Telephone Field,recover-20221013,001,1795
328.4495,328.4583,28046,39750,Eptesicus serotinus,0.011,0.029,-1,Echolocation,/mnt/ubna_data_02_mir/recover-20221013/UBNA_001/20221012_030000.WAV,Telephone Field,recover-20221013,001,1795
328.4525,328.4912,68437,82147,Rhinolophus ferrumequinum,0.022,0.022,-1,Echolocation,/mnt/ubna_data_02_mir/recover-20221013/UBNA_001/20221012_030000.WAV,Telephone Field,recover-20221013,001,1795
328.4845,328.5248,68437,82342,Rhinolophus ferrumequinum,0.023,0.023,-1,Echolocation,/mnt/ubna_data_02_mir/recover-20221013/UBNA_001/20221012_030000.WAV,Telephone Field,recover-20221013,001,1795
328.5175,328.5584,68437,82253,Rhinolophus ferrumequinum,0.024,0.024,-1,Echolocation,/mnt/ubna_data_02_mir/recover-20221013/UBNA_001/20221012_030000.WAV,Telephone Field,recover-20221013,001,1795
328.5175,328.5248,28046,39286,Eptesicus serotinus,0.006,0.022,-1,Echolocation,/mnt/ubna_data_02_mir/recover-20221013/UBNA_001/20221012_030000.WAV,Telephone Field,recover-20221013,001,1795
328.5375,328.571,68437,81290,Rhinolophus ferrumequinum,0.02,0.021,-1,Echolocation,/mnt/ubna_data_02_mir/recover-20221013/UBNA_001/20221012_030000.WAV,Telephone Field,recover-20221013,001,1795
328.5765,328.5861,24609,31960,Nyctalus leisleri,0.007,0.02,-1,Echolocation,/mnt/ubna_data_02_mir/recover-20221013/UBNA_001/20221012_030000.WAV,Telephone Field,recover-20221013,001,1795
328.5785,328.6206,68437,82828,Rhinolophus ferrumequinum,0.021,0.021,-1,Echolocation,/mnt/ubna_data_02_mir/recover-20221013/UBNA_001/20221012_030000.WAV,Telephone Field,recover-20221013,001,1795
328.5975,328.6339,68437,81776,Rhinolophus ferrumequinum,0.021,0.021,-1,Echolocation,/mnt/ubna_data_02_mir/recover-20221013/UBNA_001/20221012_030000.WAV,Telephone Field,recover-20221013,001,1795
328.6735,328.7086,68437,81022,Rhinolophus ferrumequinum,0.021,0.021,-1,Echolocation,/mnt/ubna_data_02_mir/recover-20221013/UBNA_001/20221012_030000.WAV,Telephone Field,recover-20221013,001,1795
328.7185,328.7304,23750,29353,Nyctalus leisleri,0.01,0.022,-1,Echolocation,/mnt/ubna_data_02_mir/recover-20221013/UBNA_001/20221012_030000.WAV,Telephone Field,recover-20221013,001,1795
328.7315,328.7412,25468,33281,Nyctalus leisleri,0.009,0.027,-1,Echolocation,/mnt/ubna_data_02_mir/recover-20221013/UBNA_001/20221012_030000.WAV,Telephone Field,recover-20221013,001,1795
328.7325,328.7676,68437,81912,Rhinolophus ferrumequinum,0.021,0.022,-1,Echolocation,/mnt/ubna_data_02_mir/recover-20221013/UBNA_001/20221012_030000.WAV,Telephone Field,recover-20221013,001,1795
328.7385,328.7762,68437,81966,Rhinolophus ferrumequinum,0.021,0.021,-1,Echolocation,/mnt/ubna_data_02_mir/recover-20221013/UBNA_001/20221012_030000.WAV,Telephone Field,recover-20221013,001,1795
328.7875,328.8293,68437,83072,Rhinolophus ferrumequinum,0.023,0.023,-1,Echolocation,/mnt/ubna_data_02_mir/recover-20221013/UBNA_001/20221012_030000.WAV,Telephone Field,recover-20221013,001,1795
328.8325,328.8389,23750,33737,Plecotus austriacus,0.01,0.025,-1,Echolocation,/mnt/ubna_data_02_mir/recover-20221013/UBNA_001/20221012_030000.WAV,Telephone Field,recover-20221013,001,1795
328.8435,328.8836,68437,82179,Rhinolophus ferrumequinum,0.023,0.023,-1,Echolocation,/mnt/ubna_data_02_mir/recover-20221013/UBNA_001/20221012_030000.WAV,Telephone Field,recover-20221013,001,1795
328.9055,328.9447,68437,82258,Rhinolophus ferrumequinum,0.021,0.021,-1,Echolocation,/mnt/ubna_data_02_mir/recover-20221013/UBNA_001/20221012_030000.WAV,Telephone Field,recover-20221013,001,1795
328.9205,328.9614,68437,82687,Rhinolophus ferrumequinum,0.02,0.02,-1,Echolocation,/mnt/ubna_data_02_mir/recover-20221013/UBNA_001/20221012_030000.WAV,Telephone Field,recover-20221013,001,1795
328.9505,328.9868,68437,82357,Rhinolophus ferrumequinum,0.023,0.023,-1,Echolocation,/mnt/ubna_data_02_mir/recover-20221013/UBNA_001/20221012_030000.WAV,Telephone Field,recover-20221013,001,1795
328.9755,329.0121,68437,81603,Rhinolophus ferrumequinum,0.021,0.021,-1,Echolocation,/mnt/ubna_data_02_mir/recover-20221013/UBNA_001/20221012_030000.WAV,Telephone Field,recover-20221013,001,1795
329.0275,329.0652,68437,82011,Rhinolophus ferrumequinum,0.021,0.021,-1,Echolocation,/mnt/ubna_data_02_mir/recover-20221013/UBNA_001/20221012_030000.WAV,Telephone Field,recover-20221013,001,1795
329.0345,329.0462,32343,37655,Eptesicus serotinus,0.034,0.081,-1,Echolocation,/mnt/ubna_data_02_mir/recover-20221013/UBNA_001/20221012_030000.WAV,Telephone Field,recover-20221013,001,1795
329.0495,329.0917,68437,82763,Rhinolophus ferrumequinum,0.025,0.025,-1,Echolocation,/mnt/ubna_data_02_mir/recover-20221013/UBNA_001/20221012_030000.WAV,Telephone Field,recover-20221013,001,1795
329.0655,329.07280000000003,27187,37701,Eptesicus serotinus,0.007,0.021,-1,Echolocation,/mnt/ubna_data_02_mir/recover-20221013/UBNA_001/20221012_030000.WAV,Telephone Field,recover-20221013,001,1795
329.0755,329.1107,68437,81257,Rhinolophus ferrumequinum,0.023,0.023,-1,Echolocation,/mnt/ubna_data_02_mir/recover-20221013/UBNA_001/20221012_030000.WAV,Telephone Field,recover-20221013,001,1795
329.1005,329.1105,22031,27103,Nyctalus leisleri,0.009,0.021,-1,Echolocation,/mnt/ubna_data_02_mir/recover-20221013/UBNA_001/20221012_030000.WAV,Telephone Field,recover-20221013,001,1795
329.1325,329.1409,24609,32914,Plecotus austriacus,0.006,0.023,-1,Echolocation,/mnt/ubna_data_02_mir/recover-20221013/UBNA_001/20221012_030000.WAV,Telephone Field,recover-20221013,001,1795
329.1545,329.1621,26328,36156,Eptesicus serotinus,0.008,0.022,-1,Echolocation,/mnt/ubna_data_02_mir/recover-20221013/UBNA_001/20221012_030000.WAV,Telephone Field,recover-20221013,001,1795
329.1715,329.1816,28046,36559,Eptesicus serotinus,0.014,0.03,-1,Echolocation,/mnt/ubna_data_02_mir/recover-20221013/UBNA_001/20221012_030000.WAV,Telephone Field,recover-20221013,001,1795
329.1815,329.22090000000003,68437,82372,Rhinolophus ferrumequinum,0.021,0.021,-1,Echolocation,/mnt/ubna_data_02_mir/recover-20221013/UBNA_001/20221012_030000.WAV,Telephone Field,recover-20221013,001,1795
329.2015,329.2116,28046,36309,Eptesicus serotinus,0.01,0.024,-1,Echolocation,/mnt/ubna_data_02_mir/recover-20221013/UBNA_001/20221012_030000.WAV,Telephone Field,recover-20221013,001,1795
329.2025,329.2461,68437,82748,Rhinolophus ferrumequinum,0.029,0.029,-1,Echolocation,/mnt/ubna_data_02_mir/recover-20221013/UBNA_001/20221012_030000.WAV,Telephone Field,recover-20221013,001,1795
329.2215,329.23199999999997,28046,36177,Eptesicus serotinus,0.014,0.027,-1,Echolocation,/mnt/ubna_data_02_mir/recover-20221013/UBNA_001/20221012_030000.WAV,Telephone Field,recover-20221013,001,1795
329.2495,329.2902,68437,81773,Rhinolophus ferrumequinum,0.031,0.031,-1,Echolocation,/mnt/ubna_data_02_mir/recover-20221013/UBNA_001/20221012_030000.WAV,Telephone Field,recover-20221013,001,1795
329.2955,329.3092,22890,27587,Nyctalus leisleri,0.012,0.023,-1,Echolocation,/mnt/ubna_data_02_mir/recover-20221013/UBNA_001/20221012_030000.WAV,Telephone Field,recover-20221013,001,1795
329.3015,329.3142,22890,27444,Nyctalus leisleri,0.012,0.022,-1,Echolocation,/mnt/ubna_data_02_mir/recover-20221013/UBNA_001/20221012_030000.WAV,Telephone Field,recover-20221013,001,1795
329.3175,329.3279,22890,28092,Nyctalus leisleri,0.011,0.023,-1,Echolocation,/mnt/ubna_data_02_mir/recover-20221013/UBNA_001/20221012_030000.WAV,Telephone Field,recover-20221013,001,1795
329.3455,329.3838,68437,82024,Rhinolophus ferrumequinum,0.024,0.025,-1,Echolocation,/mnt/ubna_data_02_mir/recover-20221013/UBNA_001/20221012_030000.WAV,Telephone Field,recover-20221013,001,1795
329.4145,329.4263,23750,29607,Nyctalus leisleri,0.011,0.024,-1,Echolocation,/mnt/ubna_data_02_mir/recover-20221013/UBNA_001/20221012_030000.WAV,Telephone Field,recover-20221013,001,1795
329.41949999999997,329.45799999999997,68437,81770,Rhinolophus ferrumequinum,0.023,0.023,-1,Echolocation,/mnt/ubna_data_02_mir/recover-20221013/UBNA_001/20221012_030000.WAV,Telephone Field,recover-20221013,001,1795
329.4245,329.4345,23750,31032,Nyctalus leisleri,0.008,0.023,-1,Echolocation,/mnt/ubna_data_02_mir/recover-20221013/UBNA_001/20221012_030000.WAV,Telephone Field,recover-20221013,001,1795
329.4635,329.4988,68437,81569,Rhinolophus ferrumequinum,0.025,0.025,-1,Echolocation,/mnt/ubna_data_02_mir/recover-20221013/UBNA_001/20221012_030000.WAV,Telephone Field,recover-20221013,001,1795
329.4805,329.5191,68437,82470,Rhinolophus ferrumequinum,0.021,0.021,-1,Echolocation,/mnt/ubna_data_02_mir/recover-20221013/UBNA_001/20221012_030000.WAV,Telephone Field,recover-20221013,001,1795
329.4895,329.5002,49531,54205,Pipistrellus pipistrellus,0.018,0.022,-1,Echolocation,/mnt/ubna_data_02_mir/recover-20221013/UBNA_001/20221012_030000.WAV,Telephone Field,recover-20221013,001,1795
329.5095,329.5479,68437,81810,Rhinolophus ferrumequinum,0.023,0.023,-1,Echolocation,/mnt/ubna_data_02_mir/recover-20221013/UBNA_001/20221012_030000.WAV,Telephone Field,recover-20221013,001,1795
329.5435,329.552,28906,37222,Eptesicus serotinus,0.008,0.022,-1,Echolocation,/mnt/ubna_data_02_mir/recover-20221013/UBNA_001/20221012_030000.WAV,Telephone Field,recover-20221013,001,1795
329.5525,329.5893,68437,81332,Rhinolophus ferrumequinum,0.022,0.022,-1,Echolocation,/mnt/ubna_data_02_mir/recover-20221013/UBNA_001/20221012_030000.WAV,Telephone Field,recover-20221013,001,1795
329.5545,329.5621,28046,38373,Eptesicus serotinus,0.007,0.024,-1,Echolocation,/mnt/ubna_data_02_mir/recover-20221013/UBNA_001/20221012_030000.WAV,Telephone Field,recover-20221013,001,1795
329.6235,329.6319,28046,37136,Eptesicus serotinus,0.008,0.021,-1,Echolocation,/mnt/ubna_data_02_mir/recover-20221013/UBNA_001/20221012_030000.WAV,Telephone Field,recover-20221013,001,1795
329.6395,329.6743,68437,81614,Rhinolophus ferrumequinum,0.021,0.021,-1,Echolocation,/mnt/ubna_data_02_mir/recover-20221013/UBNA_001/20221012_030000.WAV,Telephone Field,recover-20221013,001,1795
329.6635,329.6713,27187,38448,Eptesicus serotinus,0.007,0.022,-1,Echolocation,/mnt/ubna_data_02_mir/recover-20221013/UBNA_001/20221012_030000.WAV,Telephone Field,recover-20221013,001,1795
329.7255,329.7351,28046,36739,Eptesicus serotinus,0.009,0.022,-1,Echolocation,/mnt/ubna_data_02_mir/recover-20221013/UBNA_001/20221012_030000.WAV,Telephone Field,recover-20221013,001,1795
329.7885,329.8301,68437,82545,Rhinolophus ferrumequinum,0.023,0.023,-1,Echolocation,/mnt/ubna_data_02_mir/recover-20221013/UBNA_001/20221012_030000.WAV,Telephone Field,recover-20221013,001,1795
329.8355,329.8752,68437,82561,Rhinolophus ferrumequinum,0.02,0.02,-1,Echolocation,/mnt/ubna_data_02_mir/recover-20221013/UBNA_001/20221012_030000.WAV,Telephone Field,recover-20221013,001,1795
329.8725,329.8828,22890,27620,Nyctalus leisleri,0.01,0.02,-1,Echolocation,/mnt/ubna_data_02_mir/recover-20221013/UBNA_001/20221012_030000.WAV,Telephone Field,recover-20221013,001,1795
329.9355,329.9762,68437,82768,Rhinolophus ferrumequinum,0.022,0.022,-1,Echolocation,/mnt/ubna_data_02_mir/recover-20221013/UBNA_001/20221012_030000.WAV,Telephone Field,recover-20221013,001,1795
329.9465,329.9858,68437,82538,Rhinolophus ferrumequinum,0.02,0.02,-1,Echolocation,/mnt/ubna_data_02_mir/recover-20221013/UBNA_001/20221012_030000.WAV,Telephone Field,recover-20221013,001,1795
330.0015,330.0101,23750,31353,Nyctalus leisleri,0.008,0.03,-1,Echolocation,/mnt/ubna_data_02_mir/recover-20221013/UBNA_001/20221012_030000.WAV,Telephone Field,recover-20221013,001,1795
330.0015,330.0314,68437,80214,Rhinolophus ferrumequinum,0.041,0.041,-1,Echolocation,/mnt/ubna_data_02_mir/recover-20221013/UBNA_001/20221012_030000.WAV,Telephone Field,recover-20221013,001,1795
330.0295,330.0669,68437,82098,Rhinolophus ferrumequinum,0.023,0.023,-1,Echolocation,/mnt/ubna_data_02_mir/recover-20221013/UBNA_001/20221012_030000.WAV,Telephone Field,recover-20221013,001,1795
330.0445,330.0572,22031,26130,Nyctalus leisleri,0.014,0.024,-1,Echolocation,/mnt/ubna_data_02_mir/recover-20221013/UBNA_001/20221012_030000.WAV,Telephone Field,recover-20221013,001,1795
330.0455,330.0842,68437,81998,Rhinolophus ferrumequinum,0.022,0.022,-1,Echolocation,/mnt/ubna_data_02_mir/recover-20221013/UBNA_001/20221012_030000.WAV,Telephone Field,recover-20221013,001,1795
330.0645,330.1019,68437,81640,Rhinolophus ferrumequinum,0.021,0.021,-1,Echolocation,/mnt/ubna_data_02_mir/recover-20221013/UBNA_001/20221012_030000.WAV,Telephone Field,recover-20221013,001,1795
330.0995,330.1371,68437,81441,Rhinolophus ferrumequinum,0.022,0.022,-1,Echolocation,/mnt/ubna_data_02_mir/recover-20221013/UBNA_001/20221012_030000.WAV,Telephone Field,recover-20221013,001,1795
330.1315,330.1399,28906,39433,Eptesicus serotinus,0.009,0.025,-1,Echolocation,/mnt/ubna_data_02_mir/recover-20221013/UBNA_001/20221012_030000.WAV,Telephone Field,recover-20221013,001,1795
330.1715,330.2119,68437,82409,Rhinolophus ferrumequinum,0.021,0.021,-1,Echolocation,/mnt/ubna_data_02_mir/recover-20221013/UBNA_001/20221012_030000.WAV,Telephone Field,recover-20221013,001,1795
330.1795,330.2199,68437,83031,Rhinolophus ferrumequinum,0.022,0.022,-1,Echolocation,/mnt/ubna_data_02_mir/recover-20221013/UBNA_001/20221012_030000.WAV,Telephone Field,recover-20221013,001,1795
330.2035,330.2439,68437,82421,Rhinolophus ferrumequinum,0.028,0.028,-1,Echolocation,/mnt/ubna_data_02_mir/recover-20221013/UBNA_001/20221012_030000.WAV,Telephone Field,recover-20221013,001,1795
330.2745,330.2822,24609,33314,Plecotus austriacus,0.007,0.023,-1,Echolocation,/mnt/ubna_data_02_mir/recover-20221013/UBNA_001/20221012_030000.WAV,Telephone Field,recover-20221013,001,1795
330.2895,330.2993,28046,37087,Eptesicus serotinus,0.009,0.022,-1,Echolocation,/mnt/ubna_data_02_mir/recover-20221013/UBNA_001/20221012_030000.WAV,Telephone Field,recover-20221013,001,1795
330.3575,330.3905,68437,80719,Rhinolophus ferrumequinum,0.025,0.025,-1,Echolocation,/mnt/ubna_data_02_mir/recover-20221013/UBNA_001/20221012_030000.WAV,Telephone Field,recover-20221013,001,1795
330.3865,330.3967,28046,36282,Eptesicus serotinus,0.009,0.022,-1,Echolocation,/mnt/ubna_data_02_mir/recover-20221013/UBNA_001/20221012_030000.WAV,Telephone Field,recover-20221013,001,1795
330.3895,330.4289,68437,82398,Rhinolophus ferrumequinum,0.023,0.023,-1,Echolocation,/mnt/ubna_data_02_mir/recover-20221013/UBNA_001/20221012_030000.WAV,Telephone Field,recover-20221013,001,1795
330.4005,330.4393,68437,82356,Rhinolophus ferrumequinum,0.022,0.022,-1,Echolocation,/mnt/ubna_data_02_mir/recover-20221013/UBNA_001/20221012_030000.WAV,Telephone Field,recover-20221013,001,1795
330.4005,330.4083,48671,53075,Pipistrellus pipistrellus,0.02,0.022,-1,Echolocation,/mnt/ubna_data_02_mir/recover-20221013/UBNA_001/20221012_030000.WAV,Telephone Field,recover-20221013,001,1795
330.4295,330.4679,68437,82287,Rhinolophus ferrumequinum,0.024,0.024,-1,Echolocation,/mnt/ubna_data_02_mir/recover-20221013/UBNA_001/20221012_030000.WAV,Telephone Field,recover-20221013,001,1795
330.4395,330.4566,20312,23664,Nyctalus leisleri,0.016,0.028,-1,Echolocation,/mnt/ubna_data_02_mir/recover-20221013/UBNA_001/20221012_030000.WAV,Telephone Field,recover-20221013,001,1795
330.4595,330.4674,27187,38914,Eptesicus serotinus,0.007,0.023,-1,Echolocation,/mnt/ubna_data_02_mir/recover-20221013/UBNA_001/20221012_030000.WAV,Telephone Field,recover-20221013,001,1795
330.4855,330.5254,68437,82661,Rhinolophus ferrumequinum,0.025,0.025,-1,Echolocation,/mnt/ubna_data_02_mir/recover-20221013/UBNA_001/20221012_030000.WAV,Telephone Field,recover-20221013,001,1795
330.4955,330.5333,68437,82316,Rhinolophus ferrumequinum,0.023,0.023,-1,Echolocation,/mnt/ubna_data_02_mir/recover-20221013/UBNA_001/20221012_030000.WAV,Telephone Field,recover-20221013,001,1795
330.5035,330.5123,22890,30338,Plecotus austriacus,0.008,0.021,-1,Echolocation,/mnt/ubna_data_02_mir/recover-20221013/UBNA_001/20221012_030000.WAV,Telephone Field,recover-20221013,001,1795
330.5465,330.5865,68437,82675,Rhinolophus ferrumequinum,0.022,0.022,-1,Echolocation,/mnt/ubna_data_02_mir/recover-20221013/UBNA_001/20221012_030000.WAV,Telephone Field,recover-20221013,001,1795
330.5515,330.5624,22031,25690,Nyctalus leisleri,0.013,0.022,-1,Echolocation,/mnt/ubna_data_02_mir/recover-20221013/UBNA_001/20221012_030000.WAV,Telephone Field,recover-20221013,001,1795
330.5885,330.6243,68437,81430,Rhinolophus ferrumequinum,0.021,0.021,-1,Echolocation,/mnt/ubna_data_02_mir/recover-20221013/UBNA_001/20221012_030000.WAV,Telephone Field,recover-20221013,001,1795
330.6125,330.6195,27187,39334,Eptesicus serotinus,0.006,0.025,-1,Echolocation,/mnt/ubna_data_02_mir/recover-20221013/UBNA_001/20221012_030000.WAV,Telephone Field,recover-20221013,001,1795
330.6865,330.6947,27187,39658,Eptesicus serotinus,0.008,0.021,-1,Echolocation,/mnt/ubna_data_02_mir/recover-20221013/UBNA_001/20221012_030000.WAV,Telephone Field,recover-20221013,001,1795
330.6925,330.7341,68437,83561,Rhinolophus ferrumequinum,0.033,0.033,-1,Echolocation,/mnt/ubna_data_02_mir/recover-20221013/UBNA_001/20221012_030000.WAV,Telephone Field,recover-20221013,001,1795
330.7505,330.7588,27187,37743,Eptesicus serotinus,0.01,0.027,-1,Echolocation,/mnt/ubna_data_02_mir/recover-20221013/UBNA_001/20221012_030000.WAV,Telephone Field,recover-20221013,001,1795
330.7585,330.7945,68437,81652,Rhinolophus ferrumequinum,0.022,0.022,-1,Echolocation,/mnt/ubna_data_02_mir/recover-20221013/UBNA_001/20221012_030000.WAV,Telephone Field,recover-20221013,001,1795
330.7635,330.7749,26328,31685,Eptesicus serotinus,0.019,0.047,-1,Echolocation,/mnt/ubna_data_02_mir/recover-20221013/UBNA_001/20221012_030000.WAV,Telephone Field,recover-20221013,001,1795
330.7805,330.7873,27187,42483,Eptesicus serotinus,0.007,0.027,-1,Echolocation,/mnt/ubna_data_02_mir/recover-20221013/UBNA_001/20221012_030000.WAV,Telephone Field,recover-20221013,001,1795
330.7925,330.8324,68437,82018,Rhinolophus ferrumequinum,0.023,0.023,-1,Echolocation,/mnt/ubna_data_02_mir/recover-20221013/UBNA_001/20221012_030000.WAV,Telephone Field,recover-20221013,001,1795
330.7985,330.8379,68437,81887,Rhinolophus ferrumequinum,0.023,0.023,-1,Echolocation,/mnt/ubna_data_02_mir/recover-20221013/UBNA_001/20221012_030000.WAV,Telephone Field,recover-20221013,001,1795
330.8195,330.8583,68437,81831,Rhinolophus ferrumequinum,0.023,0.023,-1,Echolocation,/mnt/ubna_data_02_mir/recover-20221013/UBNA_001/20221012_030000.WAV,Telephone Field,recover-20221013,001,1795
330.8365,330.8772,68437,82798,Rhinolophus ferrumequinum,0.03,0.03,-1,Echolocation,/mnt/ubna_data_02_mir/recover-20221013/UBNA_001/20221012_030000.WAV,Telephone Field,recover-20221013,001,1795
330.8665,330.8751,28046,38276,Eptesicus serotinus,0.008,0.024,-1,Echolocation,/mnt/ubna_data_02_mir/recover-20221013/UBNA_001/20221012_030000.WAV,Telephone Field,recover-20221013,001,1795
330.8835,330.8926,28906,37958,Eptesicus serotinus,0.01,0.026,-1,Echolocation,/mnt/ubna_data_02_mir/recover-20221013/UBNA_001/20221012_030000.WAV,Telephone Field,recover-20221013,001,1795
330.8995,330.9409,68437,83081,Rhinolophus ferrumequinum,0.025,0.025,-1,Echolocation,/mnt/ubna_data_02_mir/recover-20221013/UBNA_001/20221012_030000.WAV,Telephone Field,recover-20221013,001,1795
330.9165,330.9565,68437,82140,Rhinolophus ferrumequinum,0.025,0.025,-1,Echolocation,/mnt/ubna_data_02_mir/recover-20221013/UBNA_001/20221012_030000.WAV,Telephone Field,recover-20221013,001,1795
330.9295,330.9713,68437,82957,Rhinolophus ferrumequinum,0.031,0.031,-1,Echolocation,/mnt/ubna_data_02_mir/recover-20221013/UBNA_001/20221012_030000.WAV,Telephone Field,recover-20221013,001,1795
330.9475,330.9811,68437,81029,Rhinolophus ferrumequinum,0.029,0.03,-1,Echolocation,/mnt/ubna_data_02_mir/recover-20221013/UBNA_001/20221012_030000.WAV,Telephone Field,recover-20221013,001,1795
330.9695,330.9786,25468,33868,Eptesicus serotinus,0.011,0.028,-1,Echolocation,/mnt/ubna_data_02_mir/recover-20221013/UBNA_001/20221012_030000.WAV,Telephone Field,recover-20221013,001,1795
330.9875,331.0305,68437,83230,Rhinolophus ferrumequinum,0.035,0.035,-1,Echolocation,/mnt/ubna_data_02_mir/recover-20221013/UBNA_001/20221012_030000.WAV,Telephone Field,recover-20221013,001,1795
331.0105,331.025,22890,26260,Nyctalus leisleri,0.041,0.064,-1,Echolocation,/mnt/ubna_data_02_mir/recover-20221013/UBNA_001/20221012_030000.WAV,Telephone Field,recover-20221013,001,1795
331.0365,331.0459,23750,31093,Nyctalus leisleri,0.008,0.025,-1,Echolocation,/mnt/ubna_data_02_mir/recover-20221013/UBNA_001/20221012_030000.WAV,Telephone Field,recover-20221013,001,1795
331.0455,331.0558,24609,31345,Nyctalus leisleri,0.008,0.023,-1,Echolocation,/mnt/ubna_data_02_mir/recover-20221013/UBNA_001/20221012_030000.WAV,Telephone Field,recover-20221013,001,1795
331.0645,331.1034,68437,82238,Rhinolophus ferrumequinum,0.024,0.024,-1,Echolocation,/mnt/ubna_data_02_mir/recover-20221013/UBNA_001/20221012_030000.WAV,Telephone Field,recover-20221013,001,1795
331.0695,331.0782,55546,59951,Pipistrellus pygmaeus,0.024,0.024,-1,Echolocation,/mnt/ubna_data_02_mir/recover-20221013/UBNA_001/20221012_030000.WAV,Telephone Field,recover-20221013,001,1795
331.1055,331.1434,68437,82422,Rhinolophus ferrumequinum,0.022,0.022,-1,Echolocation,/mnt/ubna_data_02_mir/recover-20221013/UBNA_001/20221012_030000.WAV,Telephone Field,recover-20221013,001,1795
331.1105,331.1187,27187,40255,Eptesicus serotinus,0.009,0.025,-1,Echolocation,/mnt/ubna_data_02_mir/recover-20221013/UBNA_001/20221012_030000.WAV,Telephone Field,recover-20221013,001,1795
331.1355,331.1497,21171,25598,Nyctalus leisleri,0.014,0.031,-1,Echolocation,/mnt/ubna_data_02_mir/recover-20221013/UBNA_001/20221012_030000.WAV,Telephone Field,recover-20221013,001,1795
331.1445,331.18,68437,81560,Rhinolophus ferrumequinum,0.023,0.023,-1,Echolocation,/mnt/ubna_data_02_mir/recover-20221013/UBNA_001/20221012_030000.WAV,Telephone Field,recover-20221013,001,1795
331.1815,331.223,68437,82404,Rhinolophus ferrumequinum,0.043,0.043,-1,Echolocation,/mnt/ubna_data_02_mir/recover-20221013/UBNA_001/20221012_030000.WAV,Telephone Field,recover-20221013,001,1795
331.2155,331.2591,68437,83237,Rhinolophus ferrumequinum,0.036,0.036,-1,Echolocation,/mnt/ubna_data_02_mir/recover-20221013/UBNA_001/20221012_030000.WAV,Telephone Field,recover-20221013,001,1795
331.2515,331.2906,68437,81164,Rhinolophus ferrumequinum,0.027,0.027,-1,Echolocation,/mnt/ubna_data_02_mir/recover-20221013/UBNA_001/20221012_030000.WAV,Telephone Field,recover-20221013,001,1795
331.2545,331.275,21171,25266,Nyctalus noctula,0.059,0.11,-1,Echolocation,/mnt/ubna_data_02_mir/recover-20221013/UBNA_001/20221012_030000.WAV,Telephone Field,recover-20221013,001,1795
331.2855,331.3293,68437,83523,Rhinolophus ferrumequinum,0.038,0.038,-1,Echolocation,/mnt/ubna_data_02_mir/recover-20221013/UBNA_001/20221012_030000.WAV,Telephone Field,recover-20221013,001,1795
331.2855,331.296,43515,46888,Pipistrellus pipistrellus,0.024,0.03,-1,Echolocation,/mnt/ubna_data_02_mir/recover-20221013/UBNA_001/20221012_030000.WAV,Telephone Field,recover-20221013,001,1795
331.3545,331.3915,68437,82170,Rhinolophus ferrumequinum,0.026,0.026,-1,Echolocation,/mnt/ubna_data_02_mir/recover-20221013/UBNA_001/20221012_030000.WAV,Telephone Field,recover-20221013,001,1795
331.3725,331.4085,68437,81700,Rhinolophus ferrumequinum,0.025,0.025,-1,Echolocation,/mnt/ubna_data_02_mir/recover-20221013/UBNA_001/20221012_030000.WAV,Telephone Field,recover-20221013,001,1795
331.4035,331.4426,68437,82020,Rhinolophus ferrumequinum,0.024,0.024,-1,Echolocation,/mnt/ubna_data_02_mir/recover-20221013/UBNA_001/20221012_030000.WAV,Telephone Field,recover-20221013,001,1795
331.4125,331.4208,28906,37638,Eptesicus serotinus,0.007,0.021,-1,Echolocation,/mnt/ubna_data_02_mir/recover-20221013/UBNA_001/20221012_030000.WAV,Telephone Field,recover-20221013,001,1795
331.4355,331.4449,28046,37894,Eptesicus serotinus,0.011,0.025,-1,Echolocation,/mnt/ubna_data_02_mir/recover-20221013/UBNA_001/20221012_030000.WAV,Telephone Field,recover-20221013,001,1795
331.4565,331.4675,22890,27247,Nyctalus leisleri,0.014,0.025,-1,Echolocation,/mnt/ubna_data_02_mir/recover-20221013/UBNA_001/20221012_030000.WAV,Telephone Field,recover-20221013,001,1795
331.4635,331.499,68437,81255,Rhinolophus ferrumequinum,0.022,0.022,-1,Echolocation,/mnt/ubna_data_02_mir/recover-20221013/UBNA_001/20221012_030000.WAV,Telephone Field,recover-20221013,001,1795
331.4745,331.5163,68437,82578,Rhinolophus ferrumequinum,0.037,0.037,-1,Echolocation,/mnt/ubna_data_02_mir/recover-20221013/UBNA_001/20221012_030000.WAV,Telephone Field,recover-20221013,001,1795
331.4975,331.5404,68437,83298,Rhinolophus ferrumequinum,0.024,0.024,-1,Echolocation,/mnt/ubna_data_02_mir/recover-20221013/UBNA_001/20221012_030000.WAV,Telephone Field,recover-20221013,001,1795
331.5115,331.5509,68437,82390,Rhinolophus ferrumequinum,0.027,0.027,-1,Echolocation,/mnt/ubna_data_02_mir/recover-20221013/UBNA_001/20221012_030000.WAV,Telephone Field,recover-20221013,001,1795
331.5385,331.5507,23750,29200,Nyctalus leisleri,0.014,0.029,-1,Echolocation,/mnt/ubna_data_02_mir/recover-20221013/UBNA_001/20221012_030000.WAV,Telephone Field,recover-20221013,001,1795
331.5455,331.5571,22890,27291,Nyctalus leisleri,0.016,0.029,-1,Echolocation,/mnt/ubna_data_02_mir/recover-20221013/UBNA_001/20221012_030000.WAV,Telephone Field,recover-20221013,001,1795
331.5785,331.6198,68437,82748,Rhinolophus ferrumequinum,0.031,0.031,-1,Echolocation,/mnt/ubna_data_02_mir/recover-20221013/UBNA_001/20221012_030000.WAV,Telephone Field,recover-20221013,001,1795
331.5885,331.6271,68437,82290,Rhinolophus ferrumequinum,0.022,0.022,-1,Echolocation,/mnt/ubna_data_02_mir/recover-20221013/UBNA_001/20221012_030000.WAV,Telephone Field,recover-20221013,001,1795
331.6225,331.6315,22890,30036,Plecotus austriacus,0.01,0.025,-1,Echolocation,/mnt/ubna_data_02_mir/recover-20221013/UBNA_001/20221012_030000.WAV,Telephone Field,recover-20221013,001,1795
331.6235,331.6597,68437,82288,Rhinolophus ferrumequinum,0.022,0.022,-1,Echolocation,/mnt/ubna_data_02_mir/recover-20221013/UBNA_001/20221012_030000.WAV,Telephone Field,recover-20221013,001,1795
331.6505,331.6896,68437,82935,Rhinolophus ferrumequinum,0.021,0.021,-1,Echolocation,/mnt/ubna_data_02_mir/recover-20221013/UBNA_001/20221012_030000.WAV,Telephone Field,recover-20221013,001,1795
331.6865,331.7235,68437,81492,Rhinolophus ferrumequinum,0.021,0.022,-1,Echolocation,/mnt/ubna_data_02_mir/recover-20221013/UBNA_001/20221012_030000.WAV,Telephone Field,recover-20221013,001,1795
331.7145,331.7572,68437,82750,Rhinolophus ferrumequinum,0.024,0.024,-1,Echolocation,/mnt/ubna_data_02_mir/recover-20221013/UBNA_001/20221012_030000.WAV,Telephone Field,recover-20221013,001,1795
331.7605,331.7997,68437,82465,Rhinolophus ferrumequinum,0.023,0.023,-1,Echolocation,/mnt/ubna_data_02_mir/recover-20221013/UBNA_001/20221012_030000.WAV,Telephone Field,recover-20221013,001,1795
331.7735,331.7844,22890,27820,Nyctalus leisleri,0.01,0.021,-1,Echolocation,/mnt/ubna_data_02_mir/recover-20221013/UBNA_001/20221012_030000.WAV,Telephone Field,recover-20221013,001,1795
331.7815,331.8178,68437,81801,Rhinolophus ferrumequinum,0.025,0.025,-1,Echolocation,/mnt/ubna_data_02_mir/recover-20221013/UBNA_001/20221012_030000.WAV,Telephone Field,recover-20221013,001,1795
331.8135,331.8245,28046,35730,Eptesicus serotinus,0.012,0.026,-1,Echolocation,/mnt/ubna_data_02_mir/recover-20221013/UBNA_001/20221012_030000.WAV,Telephone Field,recover-20221013,001,1795
331.8725,331.8792,28046,37822,Eptesicus serotinus,0.007,0.026,-1,Echolocation,/mnt/ubna_data_02_mir/recover-20221013/UBNA_001/20221012_030000.WAV,Telephone Field,recover-20221013,001,1795
331.9025,331.9411,68437,82162,Rhinolophus ferrumequinum,0.021,0.021,-1,Echolocation,/mnt/ubna_data_02_mir/recover-20221013/UBNA_001/20221012_030000.WAV,Telephone Field,recover-20221013,001,1795
331.9135,331.9212,27187,39129,Eptesicus serotinus,0.008,0.026,-1,Echolocation,/mnt/ubna_data_02_mir/recover-20221013/UBNA_001/20221012_030000.WAV,Telephone Field,recover-20221013,001,1795
331.9245,331.9622,68437,82184,Rhinolophus ferrumequinum,0.022,0.022,-1,Echolocation,/mnt/ubna_data_02_mir/recover-20221013/UBNA_001/20221012_030000.WAV,Telephone Field,recover-20221013,001,1795
331.9325,331.9433,28906,35583,Eptesicus serotinus,0.01,0.023,-1,Echolocation,/mnt/ubna_data_02_mir/recover-20221013/UBNA_001/20221012_030000.WAV,Telephone Field,recover-20221013,001,1795
331.9875,331.9977,22031,28254,Nyctalus leisleri,0.007,0.022,-1,Echolocation,/mnt/ubna_data_02_mir/recover-20221013/UBNA_001/20221012_030000.WAV,Telephone Field,recover-20221013,001,1795
332.0015,332.0099,26328,36509,Eptesicus serotinus,0.006,0.023,-1,Echolocation,/mnt/ubna_data_02_mir/recover-20221013/UBNA_001/20221012_030000.WAV,Telephone Field,recover-20221013,001,1795
332.0015,332.034,69296,81970,Rhinolophus ferrumequinum,0.036,0.036,-1,Echolocation,/mnt/ubna_data_02_mir/recover-20221013/UBNA_001/20221012_030000.WAV,Telephone Field,recover-20221013,001,1795
332.0175,332.0253,28046,39007,Eptesicus serotinus,0.009,0.028,-1,Echolocation,/mnt/ubna_data_02_mir/recover-20221013/UBNA_001/20221012_030000.WAV,Telephone Field,recover-20221013,001,1795
332.0325,332.0451,30625,36979,Eptesicus serotinus,0.015,0.031,-1,Echolocation,/mnt/ubna_data_02_mir/recover-20221013/UBNA_001/20221012_030000.WAV,Telephone Field,recover-20221013,001,1795
332.0575,332.068,22890,28287,Nyctalus leisleri,0.01,0.022,-1,Echolocation,/mnt/ubna_data_02_mir/recover-20221013/UBNA_001/20221012_030000.WAV,Telephone Field,recover-20221013,001,1795
332.0815,332.091,27187,36507,Eptesicus serotinus,0.01,0.024,-1,Echolocation,/mnt/ubna_data_02_mir/recover-20221013/UBNA_001/20221012_030000.WAV,Telephone Field,recover-20221013,001,1795
332.0905,332.1002,28046,37200,Eptesicus serotinus,0.007,0.021,-1,Echolocation,/mnt/ubna_data_02_mir/recover-20221013/UBNA_001/20221012_030000.WAV,Telephone Field,recover-20221013,001,1795
332.0925,332.1273,68437,81132,Rhinolophus ferrumequinum,0.022,0.022,-1,Echolocation,/mnt/ubna_data_02_mir/recover-20221013/UBNA_001/20221012_030000.WAV,Telephone Field,recover-20221013,001,1795
332.1245,332.1314,28906,38931,Eptesicus serotinus,0.01,0.032,-1,Echolocation,/mnt/ubna_data_02_mir/recover-20221013/UBNA_001/20221012_030000.WAV,Telephone Field,recover-20221013,001,1795
332.1455,332.1842,68437,82004,Rhinolophus ferrumequinum,0.023,0.023,-1,Echolocation,/mnt/ubna_data_02_mir/recover-20221013/UBNA_001/20221012_030000.WAV,Telephone Field,recover-20221013,001,1795
332.1865,332.2265,68437,82733,Rhinolophus ferrumequinum,0.023,0.023,-1,Echolocation,/mnt/ubna_data_02_mir/recover-20221013/UBNA_001/20221012_030000.WAV,Telephone Field,recover-20221013,001,1795
332.1875,332.1952,28046,38630,Eptesicus serotinus,0.007,0.024,-1,Echolocation,/mnt/ubna_data_02_mir/recover-20221013/UBNA_001/20221012_030000.WAV,Telephone Field,recover-20221013,001,1795
332.2475,332.2848,68437,81380,Rhinolophus ferrumequinum,0.021,0.021,-1,Echolocation,/mnt/ubna_data_02_mir/recover-20221013/UBNA_001/20221012_030000.WAV,Telephone Field,recover-20221013,001,1795
332.2545,332.2897,68437,81275,Rhinolophus ferrumequinum,0.022,0.022,-1,Echolocation,/mnt/ubna_data_02_mir/recover-20221013/UBNA_001/20221012_030000.WAV,Telephone Field,recover-20221013,001,1795
332.2805,332.2881,28046,37121,Eptesicus serotinus,0.006,0.022,-1,Echolocation,/mnt/ubna_data_02_mir/recover-20221013/UBNA_001/20221012_030000.WAV,Telephone Field,recover-20221013,001,1795
332.2945,332.3375,68437,83311,Rhinolophus ferrumequinum,0.026,0.026,-1,Echolocation,/mnt/ubna_data_02_mir/recover-20221013/UBNA_001/20221012_030000.WAV,Telephone Field,recover-20221013,001,1795
332.3145,332.3568,68437,83172,Rhinolophus ferrumequinum,0.032,0.032,-1,Echolocation,/mnt/ubna_data_02_mir/recover-20221013/UBNA_001/20221012_030000.WAV,Telephone Field,recover-20221013,001,1795
332.3165,332.327,32343,40419,Eptesicus serotinus,0.024,0.061,-1,Echolocation,/mnt/ubna_data_02_mir/recover-20221013/UBNA_001/20221012_030000.WAV,Telephone Field,recover-20221013,001,1795
332.3475,332.3871,68437,82745,Rhinolophus ferrumequinum,0.024,0.024,-1,Echolocation,/mnt/ubna_data_02_mir/recover-20221013/UBNA_001/20221012_030000.WAV,Telephone Field,recover-20221013,001,1795
332.3845,332.4233,68437,82212,Rhinolophus ferrumequinum,0.022,0.022,-1,Echolocation,/mnt/ubna_data_02_mir/recover-20221013/UBNA_001/20221012_030000.WAV,Telephone Field,recover-20221013,001,1795
332.4165,332.4529,68437,81784,Rhinolophus ferrumequinum,0.022,0.022,-1,Echolocation,/mnt/ubna_data_02_mir/recover-20221013/UBNA_001/20221012_030000.WAV,Telephone Field,recover-20221013,001,1795
332.4765,332.5195,68437,82701,Rhinolophus ferrumequinum,0.025,0.025,-1,Echolocation,/mnt/ubna_data_02_mir/recover-20221013/UBNA_001/20221012_030000.WAV,Telephone Field,recover-20221013,001,1795
332.5135,332.5557,68437,83706,Rhinolophus ferrumequinum,0.034,0.034,-1,Echolocation,/mnt/ubna_data_02_mir/recover-20221013/UBNA_001/20221012_030000.WAV,Telephone Field,recover-20221013,001,1795
332.5285,332.5687,68437,82607,Rhinolophus ferrumequinum,0.024,0.024,-1,Echolocation,/mnt/ubna_data_02_mir/recover-20221013/UBNA_001/20221012_030000.WAV,Telephone Field,recover-20221013,001,1795
332.5365,332.5759,68437,82357,Rhinolophus ferrumequinum,0.024,0.024,-1,Echolocation,/mnt/ubna_data_02_mir/recover-20221013/UBNA_001/20221012_030000.WAV,Telephone Field,recover-20221013,001,1795
332.5505,332.5653,23750,27205,Nyctalus leisleri,0.042,0.068,-1,Echolocation,/mnt/ubna_data_02_mir/recover-20221013/UBNA_001/20221012_030000.WAV,Telephone Field,recover-20221013,001,1795
332.5645,332.601,68437,82167,Rhinolophus ferrumequinum,0.022,0.022,-1,Echolocation,/mnt/ubna_data_02_mir/recover-20221013/UBNA_001/20221012_030000.WAV,Telephone Field,recover-20221013,001,1795
332.5815,332.5897,28046,37335,Eptesicus serotinus,0.006,0.021,-1,Echolocation,/mnt/ubna_data_02_mir/recover-20221013/UBNA_001/20221012_030000.WAV,Telephone Field,recover-20221013,001,1795
332.6385,332.678,68437,82565,Rhinolophus ferrumequinum,0.024,0.024,-1,Echolocation,/mnt/ubna_data_02_mir/recover-20221013/UBNA_001/20221012_030000.WAV,Telephone Field,recover-20221013,001,1795
332.6445,332.6539,22890,29850,Plecotus austriacus,0.011,0.03,-1,Echolocation,/mnt/ubna_data_02_mir/recover-20221013/UBNA_001/20221012_030000.WAV,Telephone Field,recover-20221013,001,1795
332.6885,332.7269,68437,82086,Rhinolophus ferrumequinum,0.023,0.023,-1,Echolocation,/mnt/ubna_data_02_mir/recover-20221013/UBNA_001/20221012_030000.WAV,Telephone Field,recover-20221013,001,1795
332.7095,332.7517,68437,82732,Rhinolophus ferrumequinum,0.03,0.03,-1,Echolocation,/mnt/ubna_data_02_mir/recover-20221013/UBNA_001/20221012_030000.WAV,Telephone Field,recover-20221013,001,1795
332.7285,332.7408,23750,29823,Nyctalus leisleri,0.012,0.026,-1,Echolocation,/mnt/ubna_data_02_mir/recover-20221013/UBNA_001/20221012_030000.WAV,Telephone Field,recover-20221013,001,1795
332.7385,332.7779,68437,82082,Rhinolophus ferrumequinum,0.022,0.022,-1,Echolocation,/mnt/ubna_data_02_mir/recover-20221013/UBNA_001/20221012_030000.WAV,Telephone Field,recover-20221013,001,1795
332.7535,332.7634,22031,27489,Nyctalus leisleri,0.009,0.024,-1,Echolocation,/mnt/ubna_data_02_mir/recover-20221013/UBNA_001/20221012_030000.WAV,Telephone Field,recover-20221013,001,1795
332.7585,332.7658,28046,41936,Eptesicus serotinus,0.008,0.029,-1,Echolocation,/mnt/ubna_data_02_mir/recover-20221013/UBNA_001/20221012_030000.WAV,Telephone Field,recover-20221013,001,1795
332.7895,332.8286,68437,82193,Rhinolophus ferrumequinum,0.027,0.027,-1,Echolocation,/mnt/ubna_data_02_mir/recover-20221013/UBNA_001/20221012_030000.WAV,Telephone Field,recover-20221013,001,1795
332.8075,332.8288,18593,21605,Nyctalus noctula,0.016,0.03,-1,Echolocation,/mnt/ubna_data_02_mir/recover-20221013/UBNA_001/20221012_030000.WAV,Telephone Field,recover-20221013,001,1795
332.8095,332.8478,68437,81519,Rhinolophus ferrumequinum,0.022,0.023,-1,Echolocation,/mnt/ubna_data_02_mir/recover-20221013/UBNA_001/20221012_030000.WAV,Telephone Field,recover-20221013,001,1795
332.8495,332.858,28046,38273,Eptesicus serotinus,0.008,0.023,-1,Echolocation,/mnt/ubna_data_02_mir/recover-20221013/UBNA_001/20221012_030000.WAV,Telephone Field,recover-20221013,001,1795
332.8615,332.8741,25468,32120,Eptesicus serotinus,0.011,0.025,-1,Echolocation,/mnt/ubna_data_02_mir/recover-20221013/UBNA_001/20221012_030000.WAV,Telephone Field,recover-20221013,001,1795
332.8885,332.9296,68437,82263,Rhinolophus ferrumequinum,0.023,0.023,-1,Echolocation,/mnt/ubna_data_02_mir/recover-20221013/UBNA_001/20221012_030000.WAV,Telephone Field,recover-20221013,001,1795
332.8935,332.9354,68437,82834,Rhinolophus ferrumequinum,0.023,0.023,-1,Echolocation,/mnt/ubna_data_02_mir/recover-20221013/UBNA_001/20221012_030000.WAV,Telephone Field,recover-20221013,001,1795
332.8935,332.8999,27187,38541,Eptesicus serotinus,0.006,0.026,-1,Echolocation,/mnt/ubna_data_02_mir/recover-20221013/UBNA_001/20221012_030000.WAV,Telephone Field,recover-20221013,001,1795
332.9045,332.9422,68437,82111,Rhinolophus ferrumequinum,0.024,0.024,-1,Echolocation,/mnt/ubna_data_02_mir/recover-20221013/UBNA_001/20221012_030000.WAV,Telephone Field,recover-20221013,001,1795
332.9155,332.923,28046,37640,Eptesicus serotinus,0.007,0.024,-1,Echolocation,/mnt/ubna_data_02_mir/recover-20221013/UBNA_001/20221012_030000.WAV,Telephone Field,recover-20221013,001,1795
332.9635,333.004,68437,82446,Rhinolophus ferrumequinum,0.024,0.024,-1,Echolocation,/mnt/ubna_data_02_mir/recover-20221013/UBNA_001/20221012_030000.WAV,Telephone Field,recover-20221013,001,1795
332.9715,332.983,23750,29704,Nyctalus leisleri,0.015,0.034,-1,Echolocation,/mnt/ubna_data_02_mir/recover-20221013/UBNA_001/20221012_030000.WAV,Telephone Field,recover-20221013,001,1795
332.9725,333.0108,68437,82090,Rhinolophus ferrumequinum,0.022,0.022,-1,Echolocation,/mnt/ubna_data_02_mir/recover-20221013/UBNA_001/20221012_030000.WAV,Telephone Field,recover-20221013,001,1795
332.9985,333.0052,27187,42519,Eptesicus serotinus,0.007,0.028,-1,Echolocation,/mnt/ubna_data_02_mir/recover-20221013/UBNA_001/20221012_030000.WAV,Telephone Field,recover-20221013,001,1795
333.0105,333.0467,68437,81801,Rhinolophus ferrumequinum,0.026,0.026,-1,Echolocation,/mnt/ubna_data_02_mir/recover-20221013/UBNA_001/20221012_030000.WAV,Telephone Field,recover-20221013,001,1795
333.0795,333.1175,68437,82155,Rhinolophus ferrumequinum,0.024,0.024,-1,Echolocation,/mnt/ubna_data_02_mir/recover-20221013/UBNA_001/20221012_030000.WAV,Telephone Field,recover-20221013,001,1795
333.0905,333.1009,22031,27302,Nyctalus leisleri,0.011,0.026,-1,Echolocation,/mnt/ubna_data_02_mir/recover-20221013/UBNA_001/20221012_030000.WAV,Telephone Field,recover-20221013,001,1795
333.1095,333.1502,68437,82729,Rhinolophus ferrumequinum,0.024,0.024,-1,Echolocation,/mnt/ubna_data_02_mir/recover-20221013/UBNA_001/20221012_030000.WAV,Telephone Field,recover-20221013,001,1795
333.1365,333.1786,68437,83212,Rhinolophus ferrumequinum,0.031,0.031,-1,Echolocation,/mnt/ubna_data_02_mir/recover-20221013/UBNA_001/20221012_030000.WAV,Telephone Field,recover-20221013,001,1795
333.1695,333.1756,25468,36772,Plecotus austriacus,0.013,0.035,-1,Echolocation,/mnt/ubna_data_02_mir/recover-20221013/UBNA_001/20221012_030000.WAV,Telephone Field,recover-20221013,001,1795
333.1965,333.232,68437,81132,Rhinolophus ferrumequinum,0.023,0.023,-1,Echolocation,/mnt/ubna_data_02_mir/recover-20221013/UBNA_001/20221012_030000.WAV,Telephone Field,recover-20221013,001,1795
333.2115,333.2516,68437,82531,Rhinolophus ferrumequinum,0.023,0.023,-1,Echolocation,/mnt/ubna_data_02_mir/recover-20221013/UBNA_001/20221012_030000.WAV,Telephone Field,recover-20221013,001,1795
333.2225,333.2331,27187,35574,Eptesicus serotinus,0.01,0.025,-1,Echolocation,/mnt/ubna_data_02_mir/recover-20221013/UBNA_001/20221012_030000.WAV,Telephone Field,recover-20221013,001,1795
333.2635,333.3029,68437,82170,Rhinolophus ferrumequinum,0.022,0.022,-1,Echolocation,/mnt/ubna_data_02_mir/recover-20221013/UBNA_001/20221012_030000.WAV,Telephone Field,recover-20221013,001,1795
333.2645,333.2752,22890,26903,Nyctalus leisleri,0.017,0.03,-1,Echolocation,/mnt/ubna_data_02_mir/recover-20221013/UBNA_001/20221012_030000.WAV,Telephone Field,recover-20221013,001,1795
333.2935,333.3324,68437,82284,Rhinolophus ferrumequinum,0.024,0.024,-1,Echolocation,/mnt/ubna_data_02_mir/recover-20221013/UBNA_001/20221012_030000.WAV,Telephone Field,recover-20221013,001,1795
333.3055,333.3474,68437,82917,Rhinolophus ferrumequinum,0.027,0.027,-1,Echolocation,/mnt/ubna_data_02_mir/recover-20221013/UBNA_001/20221012_030000.WAV,Telephone Field,recover-20221013,001,1795
333.3245,333.3326,27187,38392,Eptesicus serotinus,0.008,0.023,-1,Echolocation,/mnt/ubna_data_02_mir/recover-20221013/UBNA_001/20221012_030000.WAV,Telephone Field,recover-20221013,001,1795
333.3375,333.3453,28046,41329,Eptesicus serotinus,0.008,0.027,-1,Echolocation,/mnt/ubna_data_02_mir/recover-20221013/UBNA_001/20221012_030000.WAV,Telephone Field,recover-20221013,001,1795
333.3825,333.423,68437,82689,Rhinolophus ferrumequinum,0.023,0.023,-1,Echolocation,/mnt/ubna_data_02_mir/recover-20221013/UBNA_001/20221012_030000.WAV,Telephone Field,recover-20221013,001,1795
333.3895,333.3963,48671,53620,Pipistrellus pipistrellus,0.023,0.025,-1,Echolocation,/mnt/ubna_data_02_mir/recover-20221013/UBNA_001/20221012_030000.WAV,Telephone Field,recover-20221013,001,1795
333.4095,333.4477,68437,82113,Rhinolophus ferrumequinum,0.023,0.023,-1,Echolocation,/mnt/ubna_data_02_mir/recover-20221013/UBNA_001/20221012_030000.WAV,Telephone Field,recover-20221013,001,1795
333.4385,333.4462,26328,35487,Eptesicus serotinus,0.008,0.024,-1,Echolocation,/mnt/ubna_data_02_mir/recover-20221013/UBNA_001/20221012_030000.WAV,Telephone Field,recover-20221013,001,1795
333.4525,333.4723,20312,23405,Nyctalus leisleri,0.015,0.026,-1,Echolocation,/mnt/ubna_data_02_mir/recover-20221013/UBNA_001/20221012_030000.WAV,Telephone Field,recover-20221013,001,1795
333.4635,333.4999,68437,81974,Rhinolophus ferrumequinum,0.022,0.022,-1,Echolocation,/mnt/ubna_data_02_mir/recover-20221013/UBNA_001/20221012_030000.WAV,Telephone Field,recover-20221013,001,1795
333.4645,333.4718,27187,40641,Eptesicus serotinus,0.007,0.026,-1,Echolocation,/mnt/ubna_data_02_mir/recover-20221013/UBNA_001/20221012_030000.WAV,Telephone Field,recover-20221013,001,1795
333.4805,333.5197,68437,82111,Rhinolophus ferrumequinum,0.024,0.024,-1,Echolocation,/mnt/ubna_data_02_mir/recover-20221013/UBNA_001/20221012_030000.WAV,Telephone Field,recover-20221013,001,1795
333.4845,333.499,43515,46726,Pipistrellus pipistrellus,0.032,0.036,-1,Echolocation,/mnt/ubna_data_02_mir/recover-20221013/UBNA_001/20221012_030000.WAV,Telephone Field,recover-20221013,001,1795
333.4885,333.527,68437,82593,Rhinolophus ferrumequinum,0.023,0.023,-1,Echolocation,/mnt/ubna_data_02_mir/recover-20221013/UBNA_001/20221012_030000.WAV,Telephone Field,recover-20221013,001,1795
333.5015,333.5414,68437,82550,Rhinolophus ferrumequinum,0.022,0.022,-1,Echolocation,/mnt/ubna_data_02_mir/recover-20221013/UBNA_001/20221012_030000.WAV,Telephone Field,recover-20221013,001,1795
333.5095,333.5182,27187,37858,Eptesicus serotinus,0.008,0.022,-1,Echolocation,/mnt/ubna_data_02_mir/recover-20221013/UBNA_001/20221012_030000.WAV,Telephone Field,recover-20221013,001,1795
333.5145,333.5236,27187,36748,Eptesicus serotinus,0.008,0.022,-1,Echolocation,/mnt/ubna_data_02_mir/recover-20221013/UBNA_001/20221012_030000.WAV,Telephone Field,recover-20221013,001,1795
333.5285,333.5367,24609,32989,Plecotus austriacus,0.007,0.022,-1,Echolocation,/mnt/ubna_data_02_mir/recover-20221013/UBNA_001/20221012_030000.WAV,Telephone Field,recover-20221013,001,1795
333.5365,333.575,68437,81905,Rhinolophus ferrumequinum,0.023,0.023,-1,Echolocation,/mnt/ubna_data_02_mir/recover-20221013/UBNA_001/20221012_030000.WAV,Telephone Field,recover-20221013,001,1795
333.5645,333.573,28046,39944,Eptesicus serotinus,0.008,0.022,-1,Echolocation,/mnt/ubna_data_02_mir/recover-20221013/UBNA_001/20221012_030000.WAV,Telephone Field,recover-20221013,001,1795
333.5965,333.637,68437,81881,Rhinolophus ferrumequinum,0.026,0.026,-1,Echolocation,/mnt/ubna_data_02_mir/recover-20221013/UBNA_001/20221012_030000.WAV,Telephone Field,recover-20221013,001,1795
333.6125,333.6209,28046,37229,Eptesicus serotinus,0.01,0.025,-1,Echolocation,/mnt/ubna_data_02_mir/recover-20221013/UBNA_001/20221012_030000.WAV,Telephone Field,recover-20221013,001,1795
333.6435,333.6638,16015,20025,Nyctalus noctula,0.022,0.03,-1,Echolocation,/mnt/ubna_data_02_mir/recover-20221013/UBNA_001/20221012_030000.WAV,Telephone Field,recover-20221013,001,1795
333.6545,333.6598,46953,54932,Pipistrellus pipistrellus,0.02,0.023,-1,Echolocation,/mnt/ubna_data_02_mir/recover-20221013/UBNA_001/20221012_030000.WAV,Telephone Field,recover-20221013,001,1795
333.6865,333.7268,68437,82499,Rhinolophus ferrumequinum,0.024,0.024,-1,Echolocation,/mnt/ubna_data_02_mir/recover-20221013/UBNA_001/20221012_030000.WAV,Telephone Field,recover-20221013,001,1795
333.7065,333.7442,68437,82073,Rhinolophus ferrumequinum,0.023,0.023,-1,Echolocation,/mnt/ubna_data_02_mir/recover-20221013/UBNA_001/20221012_030000.WAV,Telephone Field,recover-20221013,001,1795
333.7125,333.7511,68437,82415,Rhinolophus ferrumequinum,0.022,0.022,-1,Echolocation,/mnt/ubna_data_02_mir/recover-20221013/UBNA_001/20221012_030000.WAV,Telephone Field,recover-20221013,001,1795
333.7735,333.8173,68437,82988,Rhinolophus ferrumequinum,0.032,0.032,-1,Echolocation,/mnt/ubna_data_02_mir/recover-20221013/UBNA_001/20221012_030000.WAV,Telephone Field,recover-20221013,001,1795
333.7835,333.7939,24609,31133,Nyctalus leisleri,0.009,0.024,-1,Echolocation,/mnt/ubna_data_02_mir/recover-20221013/UBNA_001/20221012_030000.WAV,Telephone Field,recover-20221013,001,1795
333.7945,333.8038,25468,32778,Eptesicus serotinus,0.008,0.024,-1,Echolocation,/mnt/ubna_data_02_mir/recover-20221013/UBNA_001/20221012_030000.WAV,Telephone Field,recover-20221013,001,1795
333.8205,333.8594,68437,82685,Rhinolophus ferrumequinum,0.027,0.027,-1,Echolocation,/mnt/ubna_data_02_mir/recover-20221013/UBNA_001/20221012_030000.WAV,Telephone Field,recover-20221013,001,1795
333.8305,333.842,28046,35164,Eptesicus serotinus,0.023,0.043,-1,Echolocation,/mnt/ubna_data_02_mir/recover-20221013/UBNA_001/20221012_030000.WAV,Telephone Field,recover-20221013,001,1795
333.8885,333.9273,68437,82320,Rhinolophus ferrumequinum,0.022,0.022,-1,Echolocation,/mnt/ubna_data_02_mir/recover-20221013/UBNA_001/20221012_030000.WAV,Telephone Field,recover-20221013,001,1795
333.8905,333.8984,23750,32495,Plecotus austriacus,0.009,0.025,-1,Echolocation,/mnt/ubna_data_02_mir/recover-20221013/UBNA_001/20221012_030000.WAV,Telephone Field,recover-20221013,001,1795
333.9065,333.9396,68437,80036,Rhinolophus ferrumequinum,0.022,0.022,-1,Echolocation,/mnt/ubna_data_02_mir/recover-20221013/UBNA_001/20221012_030000.WAV,Telephone Field,recover-20221013,001,1795
333.9425,333.9831,68437,82713,Rhinolophus ferrumequinum,0.021,0.021,-1,Echolocation,/mnt/ubna_data_02_mir/recover-20221013/UBNA_001/20221012_030000.WAV,Telephone Field,recover-20221013,001,1795
333.9585,333.9973,68437,81549,Rhinolophus ferrumequinum,0.021,0.021,-1,Echolocation,/mnt/ubna_data_02_mir/recover-20221013/UBNA_001/20221012_030000.WAV,Telephone Field,recover-20221013,001,1795
333.9695,333.976,48671,53088,Pipistrellus pipistrellus,0.025,0.026,-1,Echolocation,/mnt/ubna_data_02_mir/recover-20221013/UBNA_001/20221012_030000.WAV,Telephone Field,recover-20221013,001,1795
333.9795,333.9899,22890,28088,Nyctalus leisleri,0.011,0.024,-1,Echolocation,/mnt/ubna_data_02_mir/recover-20221013/UBNA_001/20221012_030000.WAV,Telephone Field,recover-20221013,001,1795
334.0015,334.0348,69296,81508,Rhinolophus ferrumequinum,0.023,0.023,-1,Echolocation,/mnt/ubna_data_02_mir/recover-20221013/UBNA_001/20221012_030000.WAV,Telephone Field,recover-20221013,001,1795
334.0015,334.0116,22890,28480,Nyctalus leisleri,0.019,0.037,-1,Echolocation,/mnt/ubna_data_02_mir/recover-20221013/UBNA_001/20221012_030000.WAV,Telephone Field,recover-20221013,001,1795
334.0085,334.0479,68437,81465,Rhinolophus ferrumequinum,0.023,0.023,-1,Echolocation,/mnt/ubna_data_02_mir/recover-20221013/UBNA_001/20221012_030000.WAV,Telephone Field,recover-20221013,001,1795
334.1015,334.1365,68437,81355,Rhinolophus ferrumequinum,0.022,0.022,-1,Echolocation,/mnt/ubna_data_02_mir/recover-20221013/UBNA_001/20221012_030000.WAV,Telephone Field,recover-20221013,001,1795
334.1435,334.1522,28046,36980,Eptesicus serotinus,0.009,0.022,-1,Echolocation,/mnt/ubna_data_02_mir/recover-20221013/UBNA_001/20221012_030000.WAV,Telephone Field,recover-20221013,001,1795
334.1755,334.1882,56406,61470,Pipistrellus pygmaeus,0.023,0.024,-1,Echolocation,/mnt/ubna_data_02_mir/recover-20221013/UBNA_001/20221012_030000.WAV,Telephone Field,recover-20221013,001,1795
334.1785,334.2196,68437,82412,Rhinolophus ferrumequinum,0.022,0.022,-1,Echolocation,/mnt/ubna_data_02_mir/recover-20221013/UBNA_001/20221012_030000.WAV,Telephone Field,recover-20221013,001,1795
334.1815,334.189,28046,38545,Eptesicus serotinus,0.007,0.023,-1,Echolocation,/mnt/ubna_data_02_mir/recover-20221013/UBNA_001/20221012_030000.WAV,Telephone Field,recover-20221013,001,1795
334.1875,334.2007,39218,43635,Pipistrellus nathusii,0.019,0.028,-1,Echolocation,/mnt/ubna_data_02_mir/recover-20221013/UBNA_001/20221012_030000.WAV,Telephone Field,recover-20221013,001,1795
334.2105,334.217,28046,37689,Eptesicus serotinus,0.008,0.03,-1,Echolocation,/mnt/ubna_data_02_mir/recover-20221013/UBNA_001/20221012_030000.WAV,Telephone Field,recover-20221013,001,1795
334.2605,334.2702,22031,27248,Nyctalus leisleri,0.009,0.022,-1,Echolocation,/mnt/ubna_data_02_mir/recover-20221013/UBNA_001/20221012_030000.WAV,Telephone Field,recover-20221013,001,1795
334.2715,334.3161,68437,82967,Rhinolophus ferrumequinum,0.053,0.053,-1,Echolocation,/mnt/ubna_data_02_mir/recover-20221013/UBNA_001/20221012_030000.WAV,Telephone Field,recover-20221013,001,1795
334.2985,334.3071,25468,34487,Eptesicus serotinus,0.009,0.025,-1,Echolocation,/mnt/ubna_data_02_mir/recover-20221013/UBNA_001/20221012_030000.WAV,Telephone Field,recover-20221013,001,1795
334.3125,334.3479,68437,80956,Rhinolophus ferrumequinum,0.023,0.023,-1,Echolocation,/mnt/ubna_data_02_mir/recover-20221013/UBNA_001/20221012_030000.WAV,Telephone Field,recover-20221013,001,1795
334.3365,334.3792,68437,82637,Rhinolophus ferrumequinum,0.026,0.026,-1,Echolocation,/mnt/ubna_data_02_mir/recover-20221013/UBNA_001/20221012_030000.WAV,Telephone Field,recover-20221013,001,1795
334.3525,334.3632,23750,29637,Nyctalus leisleri,0.009,0.021,-1,Echolocation,/mnt/ubna_data_02_mir/recover-20221013/UBNA_001/20221012_030000.WAV,Telephone Field,recover-20221013,001,1795
334.3595,334.396,68437,81787,Rhinolophus ferrumequinum,0.022,0.022,-1,Echolocation,/mnt/ubna_data_02_mir/recover-20221013/UBNA_001/20221012_030000.WAV,Telephone Field,recover-20221013,001,1795
334.4035,334.4463,68437,83286,Rhinolophus ferrumequinum,0.039,0.04,-1,Echolocation,/mnt/ubna_data_02_mir/recover-20221013/UBNA_001/20221012_030000.WAV,Telephone Field,recover-20221013,001,1795
334.4575,334.468,22031,27456,Nyctalus leisleri,0.009,0.023,-1,Echolocation,/mnt/ubna_data_02_mir/recover-20221013/UBNA_001/20221012_030000.WAV,Telephone Field,recover-20221013,001,1795
334.4625,334.4981,68437,81621,Rhinolophus ferrumequinum,0.022,0.022,-1,Echolocation,/mnt/ubna_data_02_mir/recover-20221013/UBNA_001/20221012_030000.WAV,Telephone Field,recover-20221013,001,1795
334.5295,334.5697,68437,82843,Rhinolophus ferrumequinum,0.031,0.031,-1,Echolocation,/mnt/ubna_data_02_mir/recover-20221013/UBNA_001/20221012_030000.WAV,Telephone Field,recover-20221013,001,1795
334.5315,334.5425,27187,34751,Eptesicus serotinus,0.012,0.024,-1,Echolocation,/mnt/ubna_data_02_mir/recover-20221013/UBNA_001/20221012_030000.WAV,Telephone Field,recover-20221013,001,1795
334.5565,334.564,23750,32522,Plecotus austriacus,0.013,0.028,-1,Echolocation,/mnt/ubna_data_02_mir/recover-20221013/UBNA_001/20221012_030000.WAV,Telephone Field,recover-20221013,001,1795
334.5605,334.5979,68437,81102,Rhinolophus ferrumequinum,0.021,0.021,-1,Echolocation,/mnt/ubna_data_02_mir/recover-20221013/UBNA_001/20221012_030000.WAV,Telephone Field,recover-20221013,001,1795
334.6065,334.6127,47812,54168,Pipistrellus pipistrellus,0.022,0.024,-1,Echolocation,/mnt/ubna_data_02_mir/recover-20221013/UBNA_001/20221012_030000.WAV,Telephone Field,recover-20221013,001,1795
334.6145,334.6565,68437,83224,Rhinolophus ferrumequinum,0.026,0.026,-1,Echolocation,/mnt/ubna_data_02_mir/recover-20221013/UBNA_001/20221012_030000.WAV,Telephone Field,recover-20221013,001,1795
334.6435,334.6542,22890,28141,Nyctalus leisleri,0.011,0.024,-1,Echolocation,/mnt/ubna_data_02_mir/recover-20221013/UBNA_001/20221012_030000.WAV,Telephone Field,recover-20221013,001,1795
334.6475,334.6859,68437,81796,Rhinolophus ferrumequinum,0.021,0.022,-1,Echolocation,/mnt/ubna_data_02_mir/recover-20221013/UBNA_001/20221012_030000.WAV,Telephone Field,recover-20221013,001,1795
334.6555,334.6957,68437,82531,Rhinolophus ferrumequinum,0.024,0.024,-1,Echolocation,/mnt/ubna_data_02_mir/recover-20221013/UBNA_001/20221012_030000.WAV,Telephone Field,recover-20221013,001,1795
334.6875,334.6954,28906,40033,Eptesicus serotinus,0.008,0.022,-1,Echolocation,/mnt/ubna_data_02_mir/recover-20221013/UBNA_001/20221012_030000.WAV,Telephone Field,recover-20221013,001,1795
334.6885,334.7237,68437,81998,Rhinolophus ferrumequinum,0.022,0.022,-1,Echolocation,/mnt/ubna_data_02_mir/recover-20221013/UBNA_001/20221012_030000.WAV,Telephone Field,recover-20221013,001,1795
334.7005,334.7108,25468,33292,Eptesicus serotinus,0.008,0.021,-1,Echolocation,/mnt/ubna_data_02_mir/recover-20221013/UBNA_001/20221012_030000.WAV,Telephone Field,recover-20221013,001,1795
334.7065,334.716,28046,36543,Eptesicus serotinus,0.008,0.021,-1,Echolocation,/mnt/ubna_data_02_mir/recover-20221013/UBNA_001/20221012_030000.WAV,Telephone Field,recover-20221013,001,1795
334.7195,334.7298,23750,28805,Nyctalus leisleri,0.011,0.022,-1,Echolocation,/mnt/ubna_data_02_mir/recover-20221013/UBNA_001/20221012_030000.WAV,Telephone Field,recover-20221013,001,1795
334.7265,334.7677,68437,83091,Rhinolophus ferrumequinum,0.03,0.03,-1,Echolocation,/mnt/ubna_data_02_mir/recover-20221013/UBNA_001/20221012_030000.WAV,Telephone Field,recover-20221013,001,1795
334.7525,334.767,22031,25884,Nyctalus leisleri,0.018,0.031,-1,Echolocation,/mnt/ubna_data_02_mir/recover-20221013/UBNA_001/20221012_030000.WAV,Telephone Field,recover-20221013,001,1795
334.7825,334.8248,68437,82634,Rhinolophus ferrumequinum,0.022,0.022,-1,Echolocation,/mnt/ubna_data_02_mir/recover-20221013/UBNA_001/20221012_030000.WAV,Telephone Field,recover-20221013,001,1795
334.8035,334.8427,68437,82321,Rhinolophus ferrumequinum,0.021,0.021,-1,Echolocation,/mnt/ubna_data_02_mir/recover-20221013/UBNA_001/20221012_030000.WAV,Telephone Field,recover-20221013,001,1795
334.8565,334.8987,68437,82463,Rhinolophus ferrumequinum,0.021,0.021,-1,Echolocation,/mnt/ubna_data_02_mir/recover-20221013/UBNA_001/20221012_030000.WAV,Telephone Field,recover-20221013,001,1795
334.8595,334.8685,28046,38446,Eptesicus serotinus,0.01,0.024,-1,Echolocation,/mnt/ubna_data_02_mir/recover-20221013/UBNA_001/20221012_030000.WAV,Telephone Field,recover-20221013,001,1795
334.8745,334.8817,27187,37947,Eptesicus serotinus,0.005,0.022,-1,Echolocation,/mnt/ubna_data_02_mir/recover-20221013/UBNA_001/20221012_030000.WAV,Telephone Field,recover-20221013,001,1795
334.9495,334.9615,22890,28158,Nyctalus leisleri,0.014,0.028,-1,Echolocation,/mnt/ubna_data_02_mir/recover-20221013/UBNA_001/20221012_030000.WAV,Telephone Field,recover-20221013,001,1795
334.9905,335.0327,68437,82419,Rhinolophus ferrumequinum,0.024,0.024,-1,Echolocation,/mnt/ubna_data_02_mir/recover-20221013/UBNA_001/20221012_030000.WAV,Telephone Field,recover-20221013,001,1795
334.9935,335.001,28046,40006,Eptesicus serotinus,0.006,0.021,-1,Echolocation,/mnt/ubna_data_02_mir/recover-20221013/UBNA_001/20221012_030000.WAV,Telephone Field,recover-20221013,001,1795
334.9975,335.0043,48671,55684,Pipistrellus pipistrellus,0.02,0.022,-1,Echolocation,/mnt/ubna_data_02_mir/recover-20221013/UBNA_001/20221012_030000.WAV,Telephone Field,recover-20221013,001,1795
335.0215,335.0302,28046,37117,Eptesicus serotinus,0.009,0.021,-1,Echolocation,/mnt/ubna_data_02_mir/recover-20221013/UBNA_001/20221012_030000.WAV,Telephone Field,recover-20221013,001,1795
335.0235,335.0633,68437,82761,Rhinolophus ferrumequinum,0.023,0.023,-1,Echolocation,/mnt/ubna_data_02_mir/recover-20221013/UBNA_001/20221012_030000.WAV,Telephone Field,recover-20221013,001,1795
335.0515,335.089,68437,80971,Rhinolophus ferrumequinum,0.021,0.021,-1,Echolocation,/mnt/ubna_data_02_mir/recover-20221013/UBNA_001/20221012_030000.WAV,Telephone Field,recover-20221013,001,1795
335.0725,335.1093,68437,81911,Rhinolophus ferrumequinum,0.021,0.021,-1,Echolocation,/mnt/ubna_data_02_mir/recover-20221013/UBNA_001/20221012_030000.WAV,Telephone Field,recover-20221013,001,1795
335.0915,335.1333,68437,82639,Rhinolophus ferrumequinum,0.024,0.024,-1,Echolocation,/mnt/ubna_data_02_mir/recover-20221013/UBNA_001/20221012_030000.WAV,Telephone Field,recover-20221013,001,1795
335.1055,335.1205,22890,26708,Nyctalus leisleri,0.015,0.025,-1,Echolocation,/mnt/ubna_data_02_mir/recover-20221013/UBNA_001/20221012_030000.WAV,Telephone Field,recover-20221013,001,1795
335.1255,335.1362,24609,31446,Nyctalus leisleri,0.009,0.026,-1,Echolocation,/mnt/ubna_data_02_mir/recover-20221013/UBNA_001/20221012_030000.WAV,Telephone Field,recover-20221013,001,1795
335.1415,335.1818,68437,82097,Rhinolophus ferrumequinum,0.021,0.021,-1,Echolocation,/mnt/ubna_data_02_mir/recover-20221013/UBNA_001/20221012_030000.WAV,Telephone Field,recover-20221013,001,1795
335.1485,335.1873,68437,82174,Rhinolophus ferrumequinum,0.022,0.022,-1,Echolocation,/mnt/ubna_data_02_mir/recover-20221013/UBNA_001/20221012_030000.WAV,Telephone Field,recover-20221013,001,1795
335.1665,335.1926,65000,72947,Pipistrellus pygmaeus,0.027,0.029,-1,Echolocation,/mnt/ubna_data_02_mir/recover-20221013/UBNA_001/20221012_030000.WAV,Telephone Field,recover-20221013,001,1795
335.2055,335.2155,26328,33609,Eptesicus serotinus,0.011,0.024,-1,Echolocation,/mnt/ubna_data_02_mir/recover-20221013/UBNA_001/20221012_030000.WAV,Telephone Field,recover-20221013,001,1795
335.2245,335.2377,22031,25808,Nyctalus leisleri,0.013,0.022,-1,Echolocation,/mnt/ubna_data_02_mir/recover-20221013/UBNA_001/20221012_030000.WAV,Telephone Field,recover-20221013,001,1795
335.2505,335.2892,68437,82410,Rhinolophus ferrumequinum,0.031,0.031,-1,Echolocation,/mnt/ubna_data_02_mir/recover-20221013/UBNA_001/20221012_030000.WAV,Telephone Field,recover-20221013,001,1795
335.2915,335.2999,28906,37427,Eptesicus serotinus,0.007,0.023,-1,Echolocation,/mnt/ubna_data_02_mir/recover-20221013/UBNA_001/20221012_030000.WAV,Telephone Field,recover-20221013,001,1795
335.3295,335.3687,68437,82751,Rhinolophus ferrumequinum,0.023,0.023,-1,Echolocation,/mnt/ubna_data_02_mir/recover-20221013/UBNA_001/20221012_030000.WAV,Telephone Field,recover-20221013,001,1795
335.3345,335.3513,20312,23474,Nyctalus leisleri,0.014,0.024,-1,Echolocation,/mnt/ubna_data_02_mir/recover-20221013/UBNA_001/20221012_030000.WAV,Telephone Field,recover-20221013,001,1795
335.3625,335.4019,68437,82607,Rhinolophus ferrumequinum,0.026,0.026,-1,Echolocation,/mnt/ubna_data_02_mir/recover-20221013/UBNA_001/20221012_030000.WAV,Telephone Field,recover-20221013,001,1795
335.3875,335.4241,68437,82696,Rhinolophus ferrumequinum,0.021,0.021,-1,Echolocation,/mnt/ubna_data_02_mir/recover-20221013/UBNA_001/20221012_030000.WAV,Telephone Field,recover-20221013,001,1795
335.4235,335.4295,23750,33979,Plecotus austriacus,0.014,0.029,-1,Echolocation,/mnt/ubna_data_02_mir/recover-20221013/UBNA_001/20221012_030000.WAV,Telephone Field,recover-20221013,001,1795
335.4775,335.5191,68437,83168,Rhinolophus ferrumequinum,0.025,0.025,-1,Echolocation,/mnt/ubna_data_02_mir/recover-20221013/UBNA_001/20221012_030000.WAV,Telephone Field,recover-20221013,001,1795
335.4795,335.4873,28046,45095,Eptesicus serotinus,0.008,0.024,-1,Echolocation,/mnt/ubna_data_02_mir/recover-20221013/UBNA_001/20221012_030000.WAV,Telephone Field,recover-20221013,001,1795
335.5515,335.5924,68437,82388,Rhinolophus ferrumequinum,0.023,0.023,-1,Echolocation,/mnt/ubna_data_02_mir/recover-20221013/UBNA_001/20221012_030000.WAV,Telephone Field,recover-20221013,001,1795
335.5725,335.5831,22890,28506,Nyctalus leisleri,0.009,0.023,-1,Echolocation,/mnt/ubna_data_02_mir/recover-20221013/UBNA_001/20221012_030000.WAV,Telephone Field,recover-20221013,001,1795
335.6115,335.6194,28046,38386,Eptesicus serotinus,0.007,0.021,-1,Echolocation,/mnt/ubna_data_02_mir/recover-20221013/UBNA_001/20221012_030000.WAV,Telephone Field,recover-20221013,001,1795
335.6415,335.6822,68437,82632,Rhinolophus ferrumequinum,0.023,0.023,-1,Echolocation,/mnt/ubna_data_02_mir/recover-20221013/UBNA_001/20221012_030000.WAV,Telephone Field,recover-20221013,001,1795
335.7555,335.8021,68437,83336,Rhinolophus ferrumequinum,0.055,0.055,-1,Echolocation,/mnt/ubna_data_02_mir/recover-20221013/UBNA_001/20221012_030000.WAV,Telephone Field,recover-20221013,001,1795
335.8205,335.8298,25468,33822,Eptesicus serotinus,0.011,0.027,-1,Echolocation,/mnt/ubna_data_02_mir/recover-20221013/UBNA_001/20221012_030000.WAV,Telephone Field,recover-20221013,001,1795
335.8395,335.8784,68437,82712,Rhinolophus ferrumequinum,0.031,0.031,-1,Echolocation,/mnt/ubna_data_02_mir/recover-20221013/UBNA_001/20221012_030000.WAV,Telephone Field,recover-20221013,001,1795
335.8645,335.9089,68437,83294,Rhinolophus ferrumequinum,0.032,0.032,-1,Echolocation,/mnt/ubna_data_02_mir/recover-20221013/UBNA_001/20221012_030000.WAV,Telephone Field,recover-20221013,001,1795
335.8905,335.8984,47812,53566,Pipistrellus pipistrellus,0.025,0.027,-1,Echolocation,/mnt/ubna_data_02_mir/recover-20221013/UBNA_001/20221012_030000.WAV,Telephone Field,recover-20221013,001,1795
335.9015,335.9086,27187,37079,Eptesicus serotinus,0.006,0.022,-1,Echolocation,/mnt/ubna_data_02_mir/recover-20221013/UBNA_001/20221012_030000.WAV,Telephone Field,recover-20221013,001,1795
335.9095,335.9527,68437,82827,Rhinolophus ferrumequinum,0.029,0.029,-1,Echolocation,/mnt/ubna_data_02_mir/recover-20221013/UBNA_001/20221012_030000.WAV,Telephone Field,recover-20221013,001,1795
335.9365,335.9462,24609,31810,Eptesicus serotinus,0.007,0.022,-1,Echolocation,/mnt/ubna_data_02_mir/recover-20221013/UBNA_001/20221012_030000.WAV,Telephone Field,recover-20221013,001,1795
335.9425,335.9816,68437,82010,Rhinolophus ferrumequinum,0.022,0.022,-1,Echolocation,/mnt/ubna_data_02_mir/recover-20221013/UBNA_001/20221012_030000.WAV,Telephone Field,recover-20221013,001,1795
335.9525,335.9703,21171,24347,Nyctalus leisleri,0.018,0.031,-1,Echolocation,/mnt/ubna_data_02_mir/recover-20221013/UBNA_001/20221012_030000.WAV,Telephone Field,recover-20221013,001,1795
335.9645,335.9758,23750,29877,Nyctalus leisleri,0.01,0.026,-1,Echolocation,/mnt/ubna_data_02_mir/recover-20221013/UBNA_001/20221012_030000.WAV,Telephone Field,recover-20221013,001,1795
336.0015,336.0112,28906,36445,Eptesicus serotinus,0.013,0.033,-1,Echolocation,/mnt/ubna_data_02_mir/recover-20221013/UBNA_001/20221012_030000.WAV,Telephone Field,recover-20221013,001,1795
336.0015,336.0097,22031,28722,Nyctalus leisleri,0.009,0.027,-1,Echolocation,/mnt/ubna_data_02_mir/recover-20221013/UBNA_001/20221012_030000.WAV,Telephone Field,recover-20221013,001,1795
336.0015,336.0333,69296,81503,Rhinolophus ferrumequinum,0.039,0.039,-1,Echolocation,/mnt/ubna_data_02_mir/recover-20221013/UBNA_001/20221012_030000.WAV,Telephone Field,recover-20221013,001,1795
336.0085,336.0492,68437,81053,Rhinolophus ferrumequinum,0.027,0.028,-1,Echolocation,/mnt/ubna_data_02_mir/recover-20221013/UBNA_001/20221012_030000.WAV,Telephone Field,recover-20221013,001,1795
336.0375,336.0475,28046,36479,Eptesicus serotinus,0.011,0.025,-1,Echolocation,/mnt/ubna_data_02_mir/recover-20221013/UBNA_001/20221012_030000.WAV,Telephone Field,recover-20221013,001,1795
336.0375,336.0745,68437,81879,Rhinolophus ferrumequinum,0.021,0.021,-1,Echolocation,/mnt/ubna_data_02_mir/recover-20221013/UBNA_001/20221012_030000.WAV,Telephone Field,recover-20221013,001,1795
336.0545,336.0932,68437,82264,Rhinolophus ferrumequinum,0.024,0.024,-1,Echolocation,/mnt/ubna_data_02_mir/recover-20221013/UBNA_001/20221012_030000.WAV,Telephone Field,recover-20221013,001,1795
336.0715,336.1075,68437,82807,Rhinolophus ferrumequinum,0.021,0.021,-1,Echolocation,/mnt/ubna_data_02_mir/recover-20221013/UBNA_001/20221012_030000.WAV,Telephone Field,recover-20221013,001,1795
336.0745,336.0826,27187,39404,Eptesicus serotinus,0.007,0.021,-1,Echolocation,/mnt/ubna_data_02_mir/recover-20221013/UBNA_001/20221012_030000.WAV,Telephone Field,recover-20221013,001,1795
336.0905,336.1299,68437,82499,Rhinolophus ferrumequinum,0.023,0.023,-1,Echolocation,/mnt/ubna_data_02_mir/recover-20221013/UBNA_001/20221012_030000.WAV,Telephone Field,recover-20221013,001,1795
336.1495,336.1876,68437,82644,Rhinolophus ferrumequinum,0.024,0.024,-1,Echolocation,/mnt/ubna_data_02_mir/recover-20221013/UBNA_001/20221012_030000.WAV,Telephone Field,recover-20221013,001,1795
336.1815,336.1917,22031,27295,Nyctalus leisleri,0.009,0.022,-1,Echolocation,/mnt/ubna_data_02_mir/recover-20221013/UBNA_001/20221012_030000.WAV,Telephone Field,recover-20221013,001,1795
336.2155,336.2523,68437,81892,Rhinolophus ferrumequinum,0.023,0.023,-1,Echolocation,/mnt/ubna_data_02_mir/recover-20221013/UBNA_001/20221012_030000.WAV,Telephone Field,recover-20221013,001,1795
336.2465,336.2828,68437,81221,Rhinolophus ferrumequinum,0.021,0.021,-1,Echolocation,/mnt/ubna_data_02_mir/recover-20221013/UBNA_001/20221012_030000.WAV,Telephone Field,recover-20221013,001,1795
336.3025,336.34159999999997,68437,82889,Rhinolophus ferrumequinum,0.027,0.027,-1,Echolocation,/mnt/ubna_data_02_mir/recover-20221013/UBNA_001/20221012_030000.WAV,Telephone Field,recover-20221013,001,1795
336.3035,336.3147,23750,29888,Nyctalus leisleri,0.01,0.025,-1,Echolocation,/mnt/ubna_data_02_mir/recover-20221013/UBNA_001/20221012_030000.WAV,Telephone Field,recover-20221013,001,1795
336.3555,336.3934,68437,81780,Rhinolophus ferrumequinum,0.025,0.025,-1,Echolocation,/mnt/ubna_data_02_mir/recover-20221013/UBNA_001/20221012_030000.WAV,Telephone Field,recover-20221013,001,1795
336.3725,336.3825,23750,30405,Nyctalus leisleri,0.008,0.023,-1,Echolocation,/mnt/ubna_data_02_mir/recover-20221013/UBNA_001/20221012_030000.WAV,Telephone Field,recover-20221013,001,1795
336.4105,336.4192,22890,29457,Plecotus austriacus,0.007,0.02,-1,Echolocation,/mnt/ubna_data_02_mir/recover-20221013/UBNA_001/20221012_030000.WAV,Telephone Field,recover-20221013,001,1795
336.4275,336.4668,68437,82177,Rhinolophus ferrumequinum,0.021,0.021,-1,Echolocation,/mnt/ubna_data_02_mir/recover-20221013/UBNA_001/20221012_030000.WAV,Telephone Field,recover-20221013,001,1795
336.4485,336.4873,68437,82030,Rhinolophus ferrumequinum,0.021,0.022,-1,Echolocation,/mnt/ubna_data_02_mir/recover-20221013/UBNA_001/20221012_030000.WAV,Telephone Field,recover-20221013,001,1795
336.4985,336.5364,68437,81878,Rhinolophus ferrumequinum,0.021,0.021,-1,Echolocation,/mnt/ubna_data_02_mir/recover-20221013/UBNA_001/20221012_030000.WAV,Telephone Field,recover-20221013,001,1795
336.5155,336.5579,68437,83418,Rhinolophus ferrumequinum,0.029,0.029,-1,Echolocation,/mnt/ubna_data_02_mir/recover-20221013/UBNA_001/20221012_030000.WAV,Telephone Field,recover-20221013,001,1795
336.5455,336.5827,68437,82125,Rhinolophus ferrumequinum,0.021,0.021,-1,Echolocation,/mnt/ubna_data_02_mir/recover-20221013/UBNA_001/20221012_030000.WAV,Telephone Field,recover-20221013,001,1795
336.5625,336.602,68437,82093,Rhinolophus ferrumequinum,0.023,0.023,-1,Echolocation,/mnt/ubna_data_02_mir/recover-20221013/UBNA_001/20221012_030000.WAV,Telephone Field,recover-20221013,001,1795
336.5855,336.5937,55546,61644,Pipistrellus pygmaeus,0.019,0.022,-1,Echolocation,/mnt/ubna_data_02_mir/recover-20221013/UBNA_001/20221012_030000.WAV,Telephone Field,recover-20221013,001,1795
336.6555,336.6644,28906,36863,Eptesicus serotinus,0.01,0.026,-1,Echolocation,/mnt/ubna_data_02_mir/recover-20221013/UBNA_001/20221012_030000.WAV,Telephone Field,recover-20221013,001,1795
336.7035,336.7423,68437,82041,Rhinolophus ferrumequinum,0.023,0.023,-1,Echolocation,/mnt/ubna_data_02_mir/recover-20221013/UBNA_001/20221012_030000.WAV,Telephone Field,recover-20221013,001,1795
336.7135,336.7244,23750,29363,Nyctalus leisleri,0.012,0.027,-1,Echolocation,/mnt/ubna_data_02_mir/recover-20221013/UBNA_001/20221012_030000.WAV,Telephone Field,recover-20221013,001,1795
336.7535,336.7614,26328,35344,Eptesicus serotinus,0.008,0.022,-1,Echolocation,/mnt/ubna_data_02_mir/recover-20221013/UBNA_001/20221012_030000.WAV,Telephone Field,recover-20221013,001,1795
336.7565,336.7959,68437,82728,Rhinolophus ferrumequinum,0.029,0.029,-1,Echolocation,/mnt/ubna_data_02_mir/recover-20221013/UBNA_001/20221012_030000.WAV,Telephone Field,recover-20221013,001,1795
336.7695,336.7757,50390,55941,Pipistrellus pipistrellus,0.017,0.02,-1,Echolocation,/mnt/ubna_data_02_mir/recover-20221013/UBNA_001/20221012_030000.WAV,Telephone Field,recover-20221013,001,1795
336.7875,336.8029,23750,29309,Nyctalus leisleri,0.018,0.045,-1,Echolocation,/mnt/ubna_data_02_mir/recover-20221013/UBNA_001/20221012_030000.WAV,Telephone Field,recover-20221013,001,1795
336.8375,336.877,68437,83212,Rhinolophus ferrumequinum,0.033,0.033,-1,Echolocation,/mnt/ubna_data_02_mir/recover-20221013/UBNA_001/20221012_030000.WAV,Telephone Field,recover-20221013,001,1795
336.8515,336.8924,68437,82835,Rhinolophus ferrumequinum,0.022,0.022,-1,Echolocation,/mnt/ubna_data_02_mir/recover-20221013/UBNA_001/20221012_030000.WAV,Telephone Field,recover-20221013,001,1795
336.8785,336.8932,47812,51411,Pipistrellus pipistrellus,0.045,0.049,-1,Echolocation,/mnt/ubna_data_02_mir/recover-20221013/UBNA_001/20221012_030000.WAV,Telephone Field,recover-20221013,001,1795
336.8875,336.8986,25468,31691,Nyctalus leisleri,0.013,0.033,-1,Echolocation,/mnt/ubna_data_02_mir/recover-20221013/UBNA_001/20221012_030000.WAV,Telephone Field,recover-20221013,001,1795
336.8915,336.9302,68437,82224,Rhinolophus ferrumequinum,0.025,0.025,-1,Echolocation,/mnt/ubna_data_02_mir/recover-20221013/UBNA_001/20221012_030000.WAV,Telephone Field,recover-20221013,001,1795
336.9045,336.9466,68437,83257,Rhinolophus ferrumequinum,0.04,0.04,-1,Echolocation,/mnt/ubna_data_02_mir/recover-20221013/UBNA_001/20221012_030000.WAV,Telephone Field,recover-20221013,001,1795
336.9825,336.9979,21171,24583,Nyctalus leisleri,0.015,0.026,-1,Echolocation,/mnt/ubna_data_02_mir/recover-20221013/UBNA_001/20221012_030000.WAV,Telephone Field,recover-20221013,001,1795
336.9855,337.027,68437,82657,Rhinolophus ferrumequinum,0.021,0.021,-1,Echolocation,/mnt/ubna_data_02_mir/recover-20221013/UBNA_001/20221012_030000.WAV,Telephone Field,recover-20221013,001,1795
336.9945,337.0308,68437,82474,Rhinolophus ferrumequinum,0.022,0.022,-1,Echolocation,/mnt/ubna_data_02_mir/recover-20221013/UBNA_001/20221012_030000.WAV,Telephone Field,recover-20221013,001,1795
337.0225,337.033,25468,33208,Eptesicus serotinus,0.012,0.025,-1,Echolocation,/mnt/ubna_data_02_mir/recover-20221013/UBNA_001/20221012_030000.WAV,Telephone Field,recover-20221013,001,1795
337.0325,337.071,68437,82249,Rhinolophus ferrumequinum,0.023,0.023,-1,Echolocation,/mnt/ubna_data_02_mir/recover-20221013/UBNA_001/20221012_030000.WAV,Telephone Field,recover-20221013,001,1795
337.0435,337.0534,28906,39510,Eptesicus serotinus,0.017,0.035,-1,Echolocation,/mnt/ubna_data_02_mir/recover-20221013/UBNA_001/20221012_030000.WAV,Telephone Field,recover-20221013,001,1795
337.0615,337.076,22890,27020,Nyctalus leisleri,0.017,0.032,-1,Echolocation,/mnt/ubna_data_02_mir/recover-20221013/UBNA_001/20221012_030000.WAV,Telephone Field,recover-20221013,001,1795
337.0655,337.1022,68437,81619,Rhinolophus ferrumequinum,0.021,0.021,-1,Echolocation,/mnt/ubna_data_02_mir/recover-20221013/UBNA_001/20221012_030000.WAV,Telephone Field,recover-20221013,001,1795
337.0705,337.0783,28906,40190,Eptesicus serotinus,0.007,0.021,-1,Echolocation,/mnt/ubna_data_02_mir/recover-20221013/UBNA_001/20221012_030000.WAV,Telephone Field,recover-20221013,001,1795
337.0715,337.1109,68437,82407,Rhinolophus ferrumequinum,0.022,0.022,-1,Echolocation,/mnt/ubna_data_02_mir/recover-20221013/UBNA_001/20221012_030000.WAV,Telephone Field,recover-20221013,001,1795
337.1515,337.1637,24609,30242,Nyctalus leisleri,0.015,0.038,-1,Echolocation,/mnt/ubna_data_02_mir/recover-20221013/UBNA_001/20221012_030000.WAV,Telephone Field,recover-20221013,001,1795
337.2025,337.2127,27187,34130,Eptesicus serotinus,0.011,0.025,-1,Echolocation,/mnt/ubna_data_02_mir/recover-20221013/UBNA_001/20221012_030000.WAV,Telephone Field,recover-20221013,001,1795
337.2195,337.2571,68437,81758,Rhinolophus ferrumequinum,0.02,0.02,-1,Echolocation,/mnt/ubna_data_02_mir/recover-20221013/UBNA_001/20221012_030000.WAV,Telephone Field,recover-20221013,001,1795
337.2235,337.231,47812,56401,Pipistrellus pipistrellus,0.017,0.025,-1,Echolocation,/mnt/ubna_data_02_mir/recover-20221013/UBNA_001/20221012_030000.WAV,Telephone Field,recover-20221013,001,1795
337.2405,337.2784,68437,81110,Rhinolophus ferrumequinum,0.021,0.021,-1,Echolocation,/mnt/ubna_data_02_mir/recover-20221013/UBNA_001/20221012_030000.WAV,Telephone Field,recover-20221013,001,1795
337.2515,337.2893,68437,81856,Rhinolophus ferrumequinum,0.021,0.021,-1,Echolocation,/mnt/ubna_data_02_mir/recover-20221013/UBNA_001/20221012_030000.WAV,Telephone Field,recover-20221013,001,1795
337.2815,337.3212,68437,82067,Rhinolophus ferrumequinum,0.042,0.042,-1,Echolocation,/mnt/ubna_data_02_mir/recover-20221013/UBNA_001/20221012_030000.WAV,Telephone Field,recover-20221013,001,1795
337.2925,337.3354,68437,82680,Rhinolophus ferrumequinum,0.031,0.031,-1,Echolocation,/mnt/ubna_data_02_mir/recover-20221013/UBNA_001/20221012_030000.WAV,Telephone Field,recover-20221013,001,1795
337.3565,337.3924,68437,81777,Rhinolophus ferrumequinum,0.021,0.021,-1,Echolocation,/mnt/ubna_data_02_mir/recover-20221013/UBNA_001/20221012_030000.WAV,Telephone Field,recover-20221013,001,1795
337.3975,337.4372,68437,82799,Rhinolophus ferrumequinum,0.024,0.024,-1,Echolocation,/mnt/ubna_data_02_mir/recover-20221013/UBNA_001/20221012_030000.WAV,Telephone Field,recover-20221013,001,1795
337.4025,337.4137,22890,29009,Nyctalus leisleri,0.009,0.022,-1,Echolocation,/mnt/ubna_data_02_mir/recover-20221013/UBNA_001/20221012_030000.WAV,Telephone Field,recover-20221013,001,1795
337.4435,337.4527,28906,39293,Eptesicus serotinus,0.008,0.022,-1,Echolocation,/mnt/ubna_data_02_mir/recover-20221013/UBNA_001/20221012_030000.WAV,Telephone Field,recover-20221013,001,1795
337.4505,337.4874,68437,82234,Rhinolophus ferrumequinum,0.022,0.022,-1,Echolocation,/mnt/ubna_data_02_mir/recover-20221013/UBNA_001/20221012_030000.WAV,Telephone Field,recover-20221013,001,1795
337.4785,337.4852,24609,35735,Plecotus austriacus,0.01,0.027,-1,Echolocation,/mnt/ubna_data_02_mir/recover-20221013/UBNA_001/20221012_030000.WAV,Telephone Field,recover-20221013,001,1795
337.4965,337.5319,68437,81299,Rhinolophus ferrumequinum,0.022,0.022,-1,Echolocation,/mnt/ubna_data_02_mir/recover-20221013/UBNA_001/20221012_030000.WAV,Telephone Field,recover-20221013,001,1795
337.5065,337.5197,22031,26123,Nyctalus leisleri,0.014,0.024,-1,Echolocation,/mnt/ubna_data_02_mir/recover-20221013/UBNA_001/20221012_030000.WAV,Telephone Field,recover-20221013,001,1795
337.5155,337.5224,27187,43358,Eptesicus serotinus,0.008,0.026,-1,Echolocation,/mnt/ubna_data_02_mir/recover-20221013/UBNA_001/20221012_030000.WAV,Telephone Field,recover-20221013,001,1795
337.5225,337.5316,22890,30494,Plecotus austriacus,0.009,0.024,-1,Echolocation,/mnt/ubna_data_02_mir/recover-20221013/UBNA_001/20221012_030000.WAV,Telephone Field,recover-20221013,001,1795
337.5715,337.608,68437,81957,Rhinolophus ferrumequinum,0.02,0.02,-1,Echolocation,/mnt/ubna_data_02_mir/recover-20221013/UBNA_001/20221012_030000.WAV,Telephone Field,recover-20221013,001,1795
337.5865,337.5956,26328,34737,Eptesicus serotinus,0.012,0.028,-1,Echolocation,/mnt/ubna_data_02_mir/recover-20221013/UBNA_001/20221012_030000.WAV,Telephone Field,recover-20221013,001,1795
337.6185,337.6292,23750,30136,Nyctalus leisleri,0.007,0.021,-1,Echolocation,/mnt/ubna_data_02_mir/recover-20221013/UBNA_001/20221012_030000.WAV,Telephone Field,recover-20221013,001,1795
337.6205,337.6574,68437,82014,Rhinolophus ferrumequinum,0.021,0.021,-1,Echolocation,/mnt/ubna_data_02_mir/recover-20221013/UBNA_001/20221012_030000.WAV,Telephone Field,recover-20221013,001,1795
337.6255,337.663,68437,82427,Rhinolophus ferrumequinum,0.021,0.021,-1,Echolocation,/mnt/ubna_data_02_mir/recover-20221013/UBNA_001/20221012_030000.WAV,Telephone Field,recover-20221013,001,1795
337.6295,337.642,22890,27871,Nyctalus leisleri,0.013,0.027,-1,Echolocation,/mnt/ubna_data_02_mir/recover-20221013/UBNA_001/20221012_030000.WAV,Telephone Field,recover-20221013,001,1795
337.6425,337.6791,68437,81453,Rhinolophus ferrumequinum,0.025,0.025,-1,Echolocation,/mnt/ubna_data_02_mir/recover-20221013/UBNA_001/20221012_030000.WAV,Telephone Field,recover-20221013,001,1795
337.6905,337.6975,26328,38995,Eptesicus serotinus,0.005,0.021,-1,Echolocation,/mnt/ubna_data_02_mir/recover-20221013/UBNA_001/20221012_030000.WAV,Telephone Field,recover-20221013,001,1795
337.7035,337.7397,68437,81995,Rhinolophus ferrumequinum,0.022,0.022,-1,Echolocation,/mnt/ubna_data_02_mir/recover-20221013/UBNA_001/20221012_030000.WAV,Telephone Field,recover-20221013,001,1795
337.7145,337.7551,68437,82244,Rhinolophus ferrumequinum,0.023,0.023,-1,Echolocation,/mnt/ubna_data_02_mir/recover-20221013/UBNA_001/20221012_030000.WAV,Telephone Field,recover-20221013,001,1795
337.7355,337.7453,46953,50867,Pipistrellus pipistrellus,0.02,0.025,-1,Echolocation,/mnt/ubna_data_02_mir/recover-20221013/UBNA_001/20221012_030000.WAV,Telephone Field,recover-20221013,001,1795
337.7435,337.7558,28906,34499,Eptesicus serotinus,0.095,0.149,-1,Echolocation,/mnt/ubna_data_02_mir/recover-20221013/UBNA_001/20221012_030000.WAV,Telephone Field,recover-20221013,001,1795
337.7555,337.7918,68437,81809,Rhinolophus ferrumequinum,0.022,0.022,-1,Echolocation,/mnt/ubna_data_02_mir/recover-20221013/UBNA_001/20221012_030000.WAV,Telephone Field,recover-20221013,001,1795
337.7875,337.8226,68437,82020,Rhinolophus ferrumequinum,0.024,0.024,-1,Echolocation,/mnt/ubna_data_02_mir/recover-20221013/UBNA_001/20221012_030000.WAV,Telephone Field,recover-20221013,001,1795
337.8205,337.8614,68437,82891,Rhinolophus ferrumequinum,0.036,0.036,-1,Echolocation,/mnt/ubna_data_02_mir/recover-20221013/UBNA_001/20221012_030000.WAV,Telephone Field,recover-20221013,001,1795
337.8305,337.8418,22031,26006,Nyctalus leisleri,0.012,0.022,-1,Echolocation,/mnt/ubna_data_02_mir/recover-20221013/UBNA_001/20221012_030000.WAV,Telephone Field,recover-20221013,001,1795
337.8515,337.8651,22890,27854,Nyctalus leisleri,0.013,0.025,-1,Echolocation,/mnt/ubna_data_02_mir/recover-20221013/UBNA_001/20221012_030000.WAV,Telephone Field,recover-20221013,001,1795
337.8955,337.9346,68437,82260,Rhinolophus ferrumequinum,0.025,0.025,-1,Echolocation,/mnt/ubna_data_02_mir/recover-20221013/UBNA_001/20221012_030000.WAV,Telephone Field,recover-20221013,001,1795
337.9035,337.9126,26328,34652,Eptesicus serotinus,0.01,0.023,-1,Echolocation,/mnt/ubna_data_02_mir/recover-20221013/UBNA_001/20221012_030000.WAV,Telephone Field,recover-20221013,001,1795
337.9455,337.9534,28906,40079,Eptesicus serotinus,0.009,0.026,-1,Echolocation,/mnt/ubna_data_02_mir/recover-20221013/UBNA_001/20221012_030000.WAV,Telephone Field,recover-20221013,001,1795
337.9785,337.9849,33203,45856,Myotis daubentonii,0.018,0.045,-1,Echolocation,/mnt/ubna_data_02_mir/recover-20221013/UBNA_001/20221012_030000.WAV,Telephone Field,recover-20221013,001,1795
338.0015,338.0371,68437,80046,Rhinolophus ferrumequinum,0.107,0.108,-1,Echolocation,/mnt/ubna_data_02_mir/recover-20221013/UBNA_001/20221012_030000.WAV,Telephone Field,recover-20221013,001,1795
338.0015,338.01030000000003,25468,38390,Eptesicus serotinus,0.007,0.029,-1,Echolocation,/mnt/ubna_data_02_mir/recover-20221013/UBNA_001/20221012_030000.WAV,Telephone Field,recover-20221013,001,1795
338.0015,338.0125,40937,47416,Pipistrellus nathusii,0.016,0.023,-1,Echolocation,/mnt/ubna_data_02_mir/recover-20221013/UBNA_001/20221012_030000.WAV,Telephone Field,recover-20221013,001,1795
338.0015,338.0075,46953,54813,Pipistrellus pipistrellus,0.013,0.02,-1,Echolocation,/mnt/ubna_data_02_mir/recover-20221013/UBNA_001/20221012_030000.WAV,Telephone Field,recover-20221013,001,1795
338.0065,338.0513,68437,83075,Rhinolophus ferrumequinum,0.052,0.053,-1,Echolocation,/mnt/ubna_data_02_mir/recover-20221013/UBNA_001/20221012_030000.WAV,Telephone Field,recover-20221013,001,1795
338.0105,338.0188,24609,32976,Eptesicus serotinus,0.006,0.023,-1,Echolocation,/mnt/ubna_data_02_mir/recover-20221013/UBNA_001/20221012_030000.WAV,Telephone Field,recover-20221013,001,1795
338.0545,338.065,27187,34649,Eptesicus serotinus,0.012,0.026,-1,Echolocation,/mnt/ubna_data_02_mir/recover-20221013/UBNA_001/20221012_030000.WAV,Telephone Field,recover-20221013,001,1795
338.0595,338.098,68437,82080,Rhinolophus ferrumequinum,0.022,0.022,-1,Echolocation,/mnt/ubna_data_02_mir/recover-20221013/UBNA_001/20221012_030000.WAV,Telephone Field,recover-20221013,001,1795
338.0735,338.1065,68437,81181,Rhinolophus ferrumequinum,0.033,0.033,-1,Echolocation,/mnt/ubna_data_02_mir/recover-20221013/UBNA_001/20221012_030000.WAV,Telephone Field,recover-20221013,001,1795
338.0985,338.109,23750,29889,Nyctalus leisleri,0.01,0.023,-1,Echolocation,/mnt/ubna_data_02_mir/recover-20221013/UBNA_001/20221012_030000.WAV,Telephone Field,recover-20221013,001,1795
338.1095,338.1479,68437,81955,Rhinolophus ferrumequinum,0.029,0.029,-1,Echolocation,/mnt/ubna_data_02_mir/recover-20221013/UBNA_001/20221012_030000.WAV,Telephone Field,recover-20221013,001,1795
338.1195,338.1272,28046,40630,Eptesicus serotinus,0.007,0.021,-1,Echolocation,/mnt/ubna_data_02_mir/recover-20221013/UBNA_001/20221012_030000.WAV,Telephone Field,recover-20221013,001,1795
338.1235,338.1574,68437,80724,Rhinolophus ferrumequinum,0.025,0.025,-1,Echolocation,/mnt/ubna_data_02_mir/recover-20221013/UBNA_001/20221012_030000.WAV,Telephone Field,recover-20221013,001,1795
338.1515,338.1596,28046,38498,Eptesicus serotinus,0.007,0.021,-1,Echolocation,/mnt/ubna_data_02_mir/recover-20221013/UBNA_001/20221012_030000.WAV,Telephone Field,recover-20221013,001,1795
338.1545,338.1901,68437,82096,Rhinolophus ferrumequinum,0.02,0.02,-1,Echolocation,/mnt/ubna_data_02_mir/recover-20221013/UBNA_001/20221012_030000.WAV,Telephone Field,recover-20221013,001,1795
338.1715,338.2111,68437,82312,Rhinolophus ferrumequinum,0.02,0.02,-1,Echolocation,/mnt/ubna_data_02_mir/recover-20221013/UBNA_001/20221012_030000.WAV,Telephone Field,recover-20221013,001,1795
338.1925,338.205,23750,28482,Nyctalus leisleri,0.015,0.031,-1,Echolocation,/mnt/ubna_data_02_mir/recover-20221013/UBNA_001/20221012_030000.WAV,Telephone Field,recover-20221013,001,1795
338.1945,338.2344,68437,82452,Rhinolophus ferrumequinum,0.021,0.021,-1,Echolocation,/mnt/ubna_data_02_mir/recover-20221013/UBNA_001/20221012_030000.WAV,Telephone Field,recover-20221013,001,1795
338.2115,338.2205,28046,36924,Eptesicus serotinus,0.008,0.021,-1,Echolocation,/mnt/ubna_data_02_mir/recover-20221013/UBNA_001/20221012_030000.WAV,Telephone Field,recover-20221013,001,1795
338.2125,338.2525,68437,82037,Rhinolophus ferrumequinum,0.021,0.021,-1,Echolocation,/mnt/ubna_data_02_mir/recover-20221013/UBNA_001/20221012_030000.WAV,Telephone Field,recover-20221013,001,1795
338.2225,338.2565,68437,80982,Rhinolophus ferrumequinum,0.024,0.024,-1,Echolocation,/mnt/ubna_data_02_mir/recover-20221013/UBNA_001/20221012_030000.WAV,Telephone Field,recover-20221013,001,1795
338.2375,338.2749,68437,81674,Rhinolophus ferrumequinum,0.02,0.02,-1,Echolocation,/mnt/ubna_data_02_mir/recover-20221013/UBNA_001/20221012_030000.WAV,Telephone Field,recover-20221013,001,1795
338.2395,338.2478,28046,38890,Eptesicus serotinus,0.012,0.032,-1,Echolocation,/mnt/ubna_data_02_mir/recover-20221013/UBNA_001/20221012_030000.WAV,Telephone Field,recover-20221013,001,1795
338.2685,338.3077,68437,82299,Rhinolophus ferrumequinum,0.022,0.022,-1,Echolocation,/mnt/ubna_data_02_mir/recover-20221013/UBNA_001/20221012_030000.WAV,Telephone Field,recover-20221013,001,1795
338.2925,338.329,68437,81550,Rhinolophus ferrumequinum,0.022,0.022,-1,Echolocation,/mnt/ubna_data_02_mir/recover-20221013/UBNA_001/20221012_030000.WAV,Telephone Field,recover-20221013,001,1795
338.3085,338.3507,68437,83001,Rhinolophus ferrumequinum,0.024,0.024,-1,Echolocation,/mnt/ubna_data_02_mir/recover-20221013/UBNA_001/20221012_030000.WAV,Telephone Field,recover-20221013,001,1795
338.3285,338.3687,68437,82520,Rhinolophus ferrumequinum,0.026,0.026,-1,Echolocation,/mnt/ubna_data_02_mir/recover-20221013/UBNA_001/20221012_030000.WAV,Telephone Field,recover-20221013,001,1795
338.3325,338.3389,46953,54584,Pipistrellus pipistrellus,0.021,0.023,-1,Echolocation,/mnt/ubna_data_02_mir/recover-20221013/UBNA_001/20221012_030000.WAV,Telephone Field,recover-20221013,001,1795
338.3795,338.4153,68437,81517,Rhinolophus ferrumequinum,0.022,0.022,-1,Echolocation,/mnt/ubna_data_02_mir/recover-20221013/UBNA_001/20221012_030000.WAV,Telephone Field,recover-20221013,001,1795
338.3875,338.424,68437,81355,Rhinolophus ferrumequinum,0.021,0.021,-1,Echolocation,/mnt/ubna_data_02_mir/recover-20221013/UBNA_001/20221012_030000.WAV,Telephone Field,recover-20221013,001,1795
338.3985,338.4098,35781,41163,Pipistrellus nathusii,0.007,0.02,-1,Echolocation,/mnt/ubna_data_02_mir/recover-20221013/UBNA_001/20221012_030000.WAV,Telephone Field,recover-20221013,001,1795
338.4145,338.4212,56406,62230,Pipistrellus pygmaeus,0.021,0.022,-1,Echolocation,/mnt/ubna_data_02_mir/recover-20221013/UBNA_001/20221012_030000.WAV,Telephone Field,recover-20221013,001,1795
338.4145,338.4535,68437,82367,Rhinolophus ferrumequinum,0.022,0.022,-1,Echolocation,/mnt/ubna_data_02_mir/recover-20221013/UBNA_001/20221012_030000.WAV,Telephone Field,recover-20221013,001,1795
338.4345,338.4724,68437,82114,Rhinolophus ferrumequinum,0.021,0.021,-1,Echolocation,/mnt/ubna_data_02_mir/recover-20221013/UBNA_001/20221012_030000.WAV,Telephone Field,recover-20221013,001,1795
338.4365,338.4476,22890,28676,Nyctalus leisleri,0.01,0.023,-1,Echolocation,/mnt/ubna_data_02_mir/recover-20221013/UBNA_001/20221012_030000.WAV,Telephone Field,recover-20221013,001,1795
338.4425,338.4805,68437,81976,Rhinolophus ferrumequinum,0.022,0.022,-1,Echolocation,/mnt/ubna_data_02_mir/recover-20221013/UBNA_001/20221012_030000.WAV,Telephone Field,recover-20221013,001,1795
338.4715,338.5093,68437,82482,Rhinolophus ferrumequinum,0.02,0.02,-1,Echolocation,/mnt/ubna_data_02_mir/recover-20221013/UBNA_001/20221012_030000.WAV,Telephone Field,recover-20221013,001,1795
338.4805,338.5216,68437,81976,Rhinolophus ferrumequinum,0.022,0.022,-1,Echolocation,/mnt/ubna_data_02_mir/recover-20221013/UBNA_001/20221012_030000.WAV,Telephone Field,recover-20221013,001,1795
338.4995,338.5097,23750,29561,Nyctalus leisleri,0.009,0.02,-1,Echolocation,/mnt/ubna_data_02_mir/recover-20221013/UBNA_001/20221012_030000.WAV,Telephone Field,recover-20221013,001,1795
338.5015,338.5424,68437,82101,Rhinolophus ferrumequinum,0.021,0.021,-1,Echolocation,/mnt/ubna_data_02_mir/recover-20221013/UBNA_001/20221012_030000.WAV,Telephone Field,recover-20221013,001,1795
338.5185,338.5557,68437,81329,Rhinolophus ferrumequinum,0.021,0.021,-1,Echolocation,/mnt/ubna_data_02_mir/recover-20221013/UBNA_001/20221012_030000.WAV,Telephone Field,recover-20221013,001,1795
338.5315,338.5414,23750,30566,Nyctalus leisleri,0.008,0.022,-1,Echolocation,/mnt/ubna_data_02_mir/recover-20221013/UBNA_001/20221012_030000.WAV,Telephone Field,recover-20221013,001,1795
338.54449999999997,338.5822,68437,81581,Rhinolophus ferrumequinum,0.024,0.024,-1,Echolocation,/mnt/ubna_data_02_mir/recover-20221013/UBNA_001/20221012_030000.WAV,Telephone Field,recover-20221013,001,1795
338.5595,338.5973,68437,82630,Rhinolophus ferrumequinum,0.02,0.02,-1,Echolocation,/mnt/ubna_data_02_mir/recover-20221013/UBNA_001/20221012_030000.WAV,Telephone Field,recover-20221013,001,1795
338.5595,338.569,22031,27204,Nyctalus leisleri,0.008,0.02,-1,Echolocation,/mnt/ubna_data_02_mir/recover-20221013/UBNA_001/20221012_030000.WAV,Telephone Field,recover-20221013,001,1795
338.5705,338.6126,68437,82506,Rhinolophus ferrumequinum,0.021,0.021,-1,Echolocation,/mnt/ubna_data_02_mir/recover-20221013/UBNA_001/20221012_030000.WAV,Telephone Field,recover-20221013,001,1795
338.5745,338.5838,25468,33667,Eptesicus serotinus,0.009,0.021,-1,Echolocation,/mnt/ubna_data_02_mir/recover-20221013/UBNA_001/20221012_030000.WAV,Telephone Field,recover-20221013,001,1795
338.5955,338.6332,68437,81894,Rhinolophus ferrumequinum,0.02,0.02,-1,Echolocation,/mnt/ubna_data_02_mir/recover-20221013/UBNA_001/20221012_030000.WAV,Telephone Field,recover-20221013,001,1795
338.6105,338.6192,28046,39686,Eptesicus serotinus,0.007,0.02,-1,Echolocation,/mnt/ubna_data_02_mir/recover-20221013/UBNA_001/20221012_030000.WAV,Telephone Field,recover-20221013,001,1795
338.6125,338.6513,68437,81699,Rhinolophus ferrumequinum,0.024,0.024,-1,Echolocation,/mnt/ubna_data_02_mir/recover-20221013/UBNA_001/20221012_030000.WAV,Telephone Field,recover-20221013,001,1795
338.6295,338.6406,24609,30355,Nyctalus leisleri,0.011,0.025,-1,Echolocation,/mnt/ubna_data_02_mir/recover-20221013/UBNA_001/20221012_030000.WAV,Telephone Field,recover-20221013,001,1795
338.6315,338.6684,68437,82075,Rhinolophus ferrumequinum,0.02,0.02,-1,Echolocation,/mnt/ubna_data_02_mir/recover-20221013/UBNA_001/20221012_030000.WAV,Telephone Field,recover-20221013,001,1795
338.6625,338.6719,28046,37205,Eptesicus serotinus,0.007,0.02,-1,Echolocation,/mnt/ubna_data_02_mir/recover-20221013/UBNA_001/20221012_030000.WAV,Telephone Field,recover-20221013,001,1795
338.7135,338.7538,68437,82206,Rhinolophus ferrumequinum,0.023,0.023,-1,Echolocation,/mnt/ubna_data_02_mir/recover-20221013/UBNA_001/20221012_030000.WAV,Telephone Field,recover-20221013,001,1795
338.7415,338.7769,68437,81661,Rhinolophus ferrumequinum,0.022,0.022,-1,Echolocation,/mnt/ubna_data_02_mir/recover-20221013/UBNA_001/20221012_030000.WAV,Telephone Field,recover-20221013,001,1795
338.7525,338.796,68437,82615,Rhinolophus ferrumequinum,0.022,0.022,-1,Echolocation,/mnt/ubna_data_02_mir/recover-20221013/UBNA_001/20221012_030000.WAV,Telephone Field,recover-20221013,001,1795
338.7805,338.8182,68437,81717,Rhinolophus ferrumequinum,0.024,0.024,-1,Echolocation,/mnt/ubna_data_02_mir/recover-20221013/UBNA_001/20221012_030000.WAV,Telephone Field,recover-20221013,001,1795
338.7915,338.8279,68437,82125,Rhinolophus ferrumequinum,0.022,0.022,-1,Echolocation,/mnt/ubna_data_02_mir/recover-20221013/UBNA_001/20221012_030000.WAV,Telephone Field,recover-20221013,001,1795
338.8345,338.8731,68437,81846,Rhinolophus ferrumequinum,0.025,0.025,-1,Echolocation,/mnt/ubna_data_02_mir/recover-20221013/UBNA_001/20221012_030000.WAV,Telephone Field,recover-20221013,001,1795
338.8525,338.8922,68437,82455,Rhinolophus ferrumequinum,0.034,0.034,-1,Echolocation,/mnt/ubna_data_02_mir/recover-20221013/UBNA_001/20221012_030000.WAV,Telephone Field,recover-20221013,001,1795
338.8535,338.8645,24609,30848,Nyctalus leisleri,0.009,0.024,-1,Echolocation,/mnt/ubna_data_02_mir/recover-20221013/UBNA_001/20221012_030000.WAV,Telephone Field,recover-20221013,001,1795
338.8695,338.9058,68437,81670,Rhinolophus ferrumequinum,0.021,0.021,-1,Echolocation,/mnt/ubna_data_02_mir/recover-20221013/UBNA_001/20221012_030000.WAV,Telephone Field,recover-20221013,001,1795
338.8835,338.9207,68437,82447,Rhinolophus ferrumequinum,0.023,0.023,-1,Echolocation,/mnt/ubna_data_02_mir/recover-20221013/UBNA_001/20221012_030000.WAV,Telephone Field,recover-20221013,001,1795
338.9125,338.91949999999997,27187,44813,Eptesicus serotinus,0.006,0.021,-1,Echolocation,/mnt/ubna_data_02_mir/recover-20221013/UBNA_001/20221012_030000.WAV,Telephone Field,recover-20221013,001,1795
338.9135,338.9523,68437,82651,Rhinolophus ferrumequinum,0.032,0.032,-1,Echolocation,/mnt/ubna_data_02_mir/recover-20221013/UBNA_001/20221012_030000.WAV,Telephone Field,recover-20221013,001,1795
338.9405,338.9514,58125,63556,Pipistrellus pygmaeus,0.028,0.029,-1,Echolocation,/mnt/ubna_data_02_mir/recover-20221013/UBNA_001/20221012_030000.WAV,Telephone Field,recover-20221013,001,1795
338.9575,338.9944,68437,81850,Rhinolophus ferrumequinum,0.02,0.021,-1,Echolocation,/mnt/ubna_data_02_mir/recover-20221013/UBNA_001/20221012_030000.WAV,Telephone Field,recover-20221013,001,1795
338.9695,338.9788,28046,37076,Eptesicus serotinus,0.008,0.02,-1,Echolocation,/mnt/ubna_data_02_mir/recover-20221013/UBNA_001/20221012_030000.WAV,Telephone Field,recover-20221013,001,1795
338.9705,339.0092,68437,82257,Rhinolophus ferrumequinum,0.021,0.021,-1,Echolocation,/mnt/ubna_data_02_mir/recover-20221013/UBNA_001/20221012_030000.WAV,Telephone Field,recover-20221013,001,1795
338.9815,338.9921,22890,27991,Nyctalus leisleri,0.01,0.02,-1,Echolocation,/mnt/ubna_data_02_mir/recover-20221013/UBNA_001/20221012_030000.WAV,Telephone Field,recover-20221013,001,1795
339.0035,339.0417,68437,82123,Rhinolophus ferrumequinum,0.02,0.02,-1,Echolocation,/mnt/ubna_data_02_mir/recover-20221013/UBNA_001/20221012_030000.WAV,Telephone Field,recover-20221013,001,1795
339.0175,339.0286,22890,28099,Nyctalus leisleri,0.011,0.024,-1,Echolocation,/mnt/ubna_data_02_mir/recover-20221013/UBNA_001/20221012_030000.WAV,Telephone Field,recover-20221013,001,1795
339.0425,339.0559,22890,27609,Nyctalus leisleri,0.013,0.025,-1,Echolocation,/mnt/ubna_data_02_mir/recover-20221013/UBNA_001/20221012_030000.WAV,Telephone Field,recover-20221013,001,1795
339.04449999999997,339.0812,68437,81777,Rhinolophus ferrumequinum,0.021,0.021,-1,Echolocation,/mnt/ubna_data_02_mir/recover-20221013/UBNA_001/20221012_030000.WAV,Telephone Field,recover-20221013,001,1795
339.0745,339.1143,68437,82090,Rhinolophus ferrumequinum,0.023,0.023,-1,Echolocation,/mnt/ubna_data_02_mir/recover-20221013/UBNA_001/20221012_030000.WAV,Telephone Field,recover-20221013,001,1795
339.0825,339.0931,22031,26524,Nyctalus leisleri,0.01,0.021,-1,Echolocation,/mnt/ubna_data_02_mir/recover-20221013/UBNA_001/20221012_030000.WAV,Telephone Field,recover-20221013,001,1795
339.0845,339.1021,16875,21174,Nyctalus noctula,0.013,0.021,-1,Echolocation,/mnt/ubna_data_02_mir/recover-20221013/UBNA_001/20221012_030000.WAV,Telephone Field,recover-20221013,001,1795
339.0925,339.108,21171,24458,Nyctalus leisleri,0.019,0.03,-1,Echolocation,/mnt/ubna_data_02_mir/recover-20221013/UBNA_001/20221012_030000.WAV,Telephone Field,recover-20221013,001,1795
339.1045,339.1411,68437,81760,Rhinolophus ferrumequinum,0.021,0.021,-1,Echolocation,/mnt/ubna_data_02_mir/recover-20221013/UBNA_001/20221012_030000.WAV,Telephone Field,recover-20221013,001,1795
339.1515,339.1906,68437,82271,Rhinolophus ferrumequinum,0.026,0.026,-1,Echolocation,/mnt/ubna_data_02_mir/recover-20221013/UBNA_001/20221012_030000.WAV,Telephone Field,recover-20221013,001,1795
339.1785,339.1912,22890,27709,Nyctalus leisleri,0.009,0.023,-1,Echolocation,/mnt/ubna_data_02_mir/recover-20221013/UBNA_001/20221012_030000.WAV,Telephone Field,recover-20221013,001,1795
339.1945,339.2039,28046,38896,Eptesicus serotinus,0.009,0.021,-1,Echolocation,/mnt/ubna_data_02_mir/recover-20221013/UBNA_001/20221012_030000.WAV,Telephone Field,recover-20221013,001,1795
339.1975,339.2375,68437,82511,Rhinolophus ferrumequinum,0.024,0.024,-1,Echolocation,/mnt/ubna_data_02_mir/recover-20221013/UBNA_001/20221012_030000.WAV,Telephone Field,recover-20221013,001,1795
339.2145,339.2221,28046,38641,Eptesicus serotinus,0.007,0.024,-1,Echolocation,/mnt/ubna_data_02_mir/recover-20221013/UBNA_001/20221012_030000.WAV,Telephone Field,recover-20221013,001,1795
339.2325,339.27570000000003,68437,83174,Rhinolophus ferrumequinum,0.03,0.03,-1,Echolocation,/mnt/ubna_data_02_mir/recover-20221013/UBNA_001/20221012_030000.WAV,Telephone Field,recover-20221013,001,1795
339.2455,339.256,23750,29636,Nyctalus leisleri,0.009,0.021,-1,Echolocation,/mnt/ubna_data_02_mir/recover-20221013/UBNA_001/20221012_030000.WAV,Telephone Field,recover-20221013,001,1795
339.2555,339.2924,68437,81488,Rhinolophus ferrumequinum,0.021,0.021,-1,Echolocation,/mnt/ubna_data_02_mir/recover-20221013/UBNA_001/20221012_030000.WAV,Telephone Field,recover-20221013,001,1795
339.2595,339.27139999999997,25468,31992,Eptesicus serotinus,0.011,0.026,-1,Echolocation,/mnt/ubna_data_02_mir/recover-20221013/UBNA_001/20221012_030000.WAV,Telephone Field,recover-20221013,001,1795
339.2635,339.3014,68437,81745,Rhinolophus ferrumequinum,0.02,0.02,-1,Echolocation,/mnt/ubna_data_02_mir/recover-20221013/UBNA_001/20221012_030000.WAV,Telephone Field,recover-20221013,001,1795
339.2795,339.3167,68437,81795,Rhinolophus ferrumequinum,0.022,0.022,-1,Echolocation,/mnt/ubna_data_02_mir/recover-20221013/UBNA_001/20221012_030000.WAV,Telephone Field,recover-20221013,001,1795
339.2985,339.3386,68437,82276,Rhinolophus ferrumequinum,0.026,0.026,-1,Echolocation,/mnt/ubna_data_02_mir/recover-20221013/UBNA_001/20221012_030000.WAV,Telephone Field,recover-20221013,001,1795
339.3115,339.3245,23750,28384,Nyctalus leisleri,0.015,0.031,-1,Echolocation,/mnt/ubna_data_02_mir/recover-20221013/UBNA_001/20221012_030000.WAV,Telephone Field,recover-20221013,001,1795
339.3225,339.362,68437,81551,Rhinolophus ferrumequinum,0.025,0.025,-1,Echolocation,/mnt/ubna_data_02_mir/recover-20221013/UBNA_001/20221012_030000.WAV,Telephone Field,recover-20221013,001,1795
339.3295,339.3373,28046,39294,Eptesicus serotinus,0.007,0.021,-1,Echolocation,/mnt/ubna_data_02_mir/recover-20221013/UBNA_001/20221012_030000.WAV,Telephone Field,recover-20221013,001,1795
339.3795,339.4185,68437,82156,Rhinolophus ferrumequinum,0.02,0.02,-1,Echolocation,/mnt/ubna_data_02_mir/recover-20221013/UBNA_001/20221012_030000.WAV,Telephone Field,recover-20221013,001,1795
339.3955,339.4329,68437,81160,Rhinolophus ferrumequinum,0.021,0.021,-1,Echolocation,/mnt/ubna_data_02_mir/recover-20221013/UBNA_001/20221012_030000.WAV,Telephone Field,recover-20221013,001,1795
339.4365,339.4467,28046,34935,Eptesicus serotinus,0.01,0.022,-1,Echolocation,/mnt/ubna_data_02_mir/recover-20221013/UBNA_001/20221012_030000.WAV,Telephone Field,recover-20221013,001,1795
339.4525,339.4945,68437,83292,Rhinolophus ferrumequinum,0.026,0.026,-1,Echolocation,/mnt/ubna_data_02_mir/recover-20221013/UBNA_001/20221012_030000.WAV,Telephone Field,recover-20221013,001,1795
339.4545,339.4654,37500,44972,Pipistrellus nathusii,0.014,0.025,-1,Echolocation,/mnt/ubna_data_02_mir/recover-20221013/UBNA_001/20221012_030000.WAV,Telephone Field,recover-20221013,001,1795
339.4835,339.5251,68437,82759,Rhinolophus ferrumequinum,0.023,0.023,-1,Echolocation,/mnt/ubna_data_02_mir/recover-20221013/UBNA_001/20221012_030000.WAV,Telephone Field,recover-20221013,001,1795
339.4915,339.5281,68437,81841,Rhinolophus ferrumequinum,0.02,0.02,-1,Echolocation,/mnt/ubna_data_02_mir/recover-20221013/UBNA_001/20221012_030000.WAV,Telephone Field,recover-20221013,001,1795
339.5065,339.5447,68437,81594,Rhinolophus ferrumequinum,0.028,0.028,-1,Echolocation,/mnt/ubna_data_02_mir/recover-20221013/UBNA_001/20221012_030000.WAV,Telephone Field,recover-20221013,001,1795
339.5215,339.5296,28046,38696,Eptesicus serotinus,0.007,0.021,-1,Echolocation,/mnt/ubna_data_02_mir/recover-20221013/UBNA_001/20221012_030000.WAV,Telephone Field,recover-20221013,001,1795
339.5495,339.5891,68437,82440,Rhinolophus ferrumequinum,0.023,0.023,-1,Echolocation,/mnt/ubna_data_02_mir/recover-20221013/UBNA_001/20221012_030000.WAV,Telephone Field,recover-20221013,001,1795
339.5505,339.5578,46093,52975,Pipistrellus pipistrellus,0.016,0.022,-1,Echolocation,/mnt/ubna_data_02_mir/recover-20221013/UBNA_001/20221012_030000.WAV,Telephone Field,recover-20221013,001,1795
339.5725,339.6115,68437,81738,Rhinolophus ferrumequinum,0.022,0.022,-1,Echolocation,/mnt/ubna_data_02_mir/recover-20221013/UBNA_001/20221012_030000.WAV,Telephone Field,recover-20221013,001,1795
339.5825,339.6241,68437,82945,Rhinolophus ferrumequinum,0.024,0.024,-1,Echolocation,/mnt/ubna_data_02_mir/recover-20221013/UBNA_001/20221012_030000.WAV,Telephone Field,recover-20221013,001,1795
339.6505,339.6888,68437,82059,Rhinolophus ferrumequinum,0.02,0.02,-1,Echolocation,/mnt/ubna_data_02_mir/recover-20221013/UBNA_001/20221012_030000.WAV,Telephone Field,recover-20221013,001,1795
339.6535,339.6689,21171,24528,Nyctalus leisleri,0.014,0.023,-1,Echolocation,/mnt/ubna_data_02_mir/recover-20221013/UBNA_001/20221012_030000.WAV,Telephone Field,recover-20221013,001,1795
339.6865,339.6958,24609,32425,Eptesicus serotinus,0.006,0.02,-1,Echolocation,/mnt/ubna_data_02_mir/recover-20221013/UBNA_001/20221012_030000.WAV,Telephone Field,recover-20221013,001,1795
339.6885,339.7272,68437,82248,Rhinolophus ferrumequinum,0.023,0.023,-1,Echolocation,/mnt/ubna_data_02_mir/recover-20221013/UBNA_001/20221012_030000.WAV,Telephone Field,recover-20221013,001,1795
339.7285,339.7375,27187,35959,Eptesicus serotinus,0.011,0.024,-1,Echolocation,/mnt/ubna_data_02_mir/recover-20221013/UBNA_001/20221012_030000.WAV,Telephone Field,recover-20221013,001,1795
339.7285,339.7689,68437,82533,Rhinolophus ferrumequinum,0.022,0.022,-1,Echolocation,/mnt/ubna_data_02_mir/recover-20221013/UBNA_001/20221012_030000.WAV,Telephone Field,recover-20221013,001,1795
339.7355,339.7778,68437,82793,Rhinolophus ferrumequinum,0.024,0.024,-1,Echolocation,/mnt/ubna_data_02_mir/recover-20221013/UBNA_001/20221012_030000.WAV,Telephone Field,recover-20221013,001,1795
339.7635,339.7719,28046,41221,Eptesicus serotinus,0.009,0.024,-1,Echolocation,/mnt/ubna_data_02_mir/recover-20221013/UBNA_001/20221012_030000.WAV,Telephone Field,recover-20221013,001,1795
339.7835,339.8258,68437,83310,Rhinolophus ferrumequinum,0.031,0.031,-1,Echolocation,/mnt/ubna_data_02_mir/recover-20221013/UBNA_001/20221012_030000.WAV,Telephone Field,recover-20221013,001,1795
339.7855,339.7939,28046,38201,Eptesicus serotinus,0.012,0.029,-1,Echolocation,/mnt/ubna_data_02_mir/recover-20221013/UBNA_001/20221012_030000.WAV,Telephone Field,recover-20221013,001,1795
339.8135,339.8256,57265,62717,Pipistrellus pygmaeus,0.023,0.024,-1,Echolocation,/mnt/ubna_data_02_mir/recover-20221013/UBNA_001/20221012_030000.WAV,Telephone Field,recover-20221013,001,1795
339.8245,339.8321,26328,38199,Eptesicus serotinus,0.006,0.023,-1,Echolocation,/mnt/ubna_data_02_mir/recover-20221013/UBNA_001/20221012_030000.WAV,Telephone Field,recover-20221013,001,1795
339.8465,339.8859,68437,82485,Rhinolophus ferrumequinum,0.022,0.022,-1,Echolocation,/mnt/ubna_data_02_mir/recover-20221013/UBNA_001/20221012_030000.WAV,Telephone Field,recover-20221013,001,1795
339.8575,339.8672,23750,31094,Plecotus austriacus,0.009,0.031,-1,Echolocation,/mnt/ubna_data_02_mir/recover-20221013/UBNA_001/20221012_030000.WAV,Telephone Field,recover-20221013,001,1795
339.9255,339.936,22890,28856,Nyctalus leisleri,0.011,0.028,-1,Echolocation,/mnt/ubna_data_02_mir/recover-20221013/UBNA_001/20221012_030000.WAV,Telephone Field,recover-20221013,001,1795
339.9295,339.9727,68437,83098,Rhinolophus ferrumequinum,0.046,0.046,-1,Echolocation,/mnt/ubna_data_02_mir/recover-20221013/UBNA_001/20221012_030000.WAV,Telephone Field,recover-20221013,001,1795
339.9465,339.9566,22890,29212,Nyctalus leisleri,0.007,0.021,-1,Echolocation,/mnt/ubna_data_02_mir/recover-20221013/UBNA_001/20221012_030000.WAV,Telephone Field,recover-20221013,001,1795
339.9605,339.9693,22031,29187,Plecotus austriacus,0.011,0.024,-1,Echolocation,/mnt/ubna_data_02_mir/recover-20221013/UBNA_001/20221012_030000.WAV,Telephone Field,recover-20221013,001,1795
340.0015,340.0115,22031,27698,Nyctalus leisleri,0.012,0.028,-1,Echolocation,/mnt/ubna_data_02_mir/recover-20221013/UBNA_001/20221012_030000.WAV,Telephone Field,recover-20221013,001,1795
340.0015,340.01030000000003,26328,36967,Eptesicus serotinus,0.009,0.028,-1,Echolocation,/mnt/ubna_data_02_mir/recover-20221013/UBNA_001/20221012_030000.WAV,Telephone Field,recover-20221013,001,1795
340.0015,340.0356,68437,80478,Rhinolophus ferrumequinum,0.032,0.032,-1,Echolocation,/mnt/ubna_data_02_mir/recover-20221013/UBNA_001/20221012_030000.WAV,Telephone Field,recover-20221013,001,1795
340.0125,340.0523,68437,81856,Rhinolophus ferrumequinum,0.024,0.024,-1,Echolocation,/mnt/ubna_data_02_mir/recover-20221013/UBNA_001/20221012_030000.WAV,Telephone Field,recover-20221013,001,1795
340.0175,340.0271,23750,29918,Nyctalus leisleri,0.008,0.022,-1,Echolocation,/mnt/ubna_data_02_mir/recover-20221013/UBNA_001/20221012_030000.WAV,Telephone Field,recover-20221013,001,1795
340.0355,340.046,22031,27218,Nyctalus leisleri,0.01,0.023,-1,Echolocation,/mnt/ubna_data_02_mir/recover-20221013/UBNA_001/20221012_030000.WAV,Telephone Field,recover-20221013,001,1795
340.0635,340.1006,68437,81833,Rhinolophus ferrumequinum,0.021,0.021,-1,Echolocation,/mnt/ubna_data_02_mir/recover-20221013/UBNA_001/20221012_030000.WAV,Telephone Field,recover-20221013,001,1795
340.0795,340.0875,28906,52518,Myotis daubentonii,0.009,0.023,-1,Echolocation,/mnt/ubna_data_02_mir/recover-20221013/UBNA_001/20221012_030000.WAV,Telephone Field,recover-20221013,001,1795
340.0985,340.1122,22031,25892,Nyctalus leisleri,0.013,0.022,-1,Echolocation,/mnt/ubna_data_02_mir/recover-20221013/UBNA_001/20221012_030000.WAV,Telephone Field,recover-20221013,001,1795
340.1205,340.1278,27187,41866,Eptesicus serotinus,0.007,0.025,-1,Echolocation,/mnt/ubna_data_02_mir/recover-20221013/UBNA_001/20221012_030000.WAV,Telephone Field,recover-20221013,001,1795
340.1315,340.1702,68437,81856,Rhinolophus ferrumequinum,0.023,0.023,-1,Echolocation,/mnt/ubna_data_02_mir/recover-20221013/UBNA_001/20221012_030000.WAV,Telephone Field,recover-20221013,001,1795
340.1465,340.1573,22890,29057,Nyctalus leisleri,0.012,0.028,-1,Echolocation,/mnt/ubna_data_02_mir/recover-20221013/UBNA_001/20221012_030000.WAV,Telephone Field,recover-20221013,001,1795
340.16949999999997,340.2087,68437,81695,Rhinolophus ferrumequinum,0.022,0.022,-1,Echolocation,/mnt/ubna_data_02_mir/recover-20221013/UBNA_001/20221012_030000.WAV,Telephone Field,recover-20221013,001,1795
340.2225,340.2627,68437,82613,Rhinolophus ferrumequinum,0.025,0.025,-1,Echolocation,/mnt/ubna_data_02_mir/recover-20221013/UBNA_001/20221012_030000.WAV,Telephone Field,recover-20221013,001,1795
340.2295,340.248,19453,22578,Nyctalus leisleri,0.011,0.023,-1,Echolocation,/mnt/ubna_data_02_mir/recover-20221013/UBNA_001/20221012_030000.WAV,Telephone Field,recover-20221013,001,1795
340.2315,340.2708,68437,82223,Rhinolophus ferrumequinum,0.022,0.022,-1,Echolocation,/mnt/ubna_data_02_mir/recover-20221013/UBNA_001/20221012_030000.WAV,Telephone Field,recover-20221013,001,1795
340.2565,340.265,27187,37298,Eptesicus serotinus,0.007,0.022,-1,Echolocation,/mnt/ubna_data_02_mir/recover-20221013/UBNA_001/20221012_030000.WAV,Telephone Field,recover-20221013,001,1795
340.2635,340.2963,68437,81164,Rhinolophus ferrumequinum,0.021,0.021,-1,Echolocation,/mnt/ubna_data_02_mir/recover-20221013/UBNA_001/20221012_030000.WAV,Telephone Field,recover-20221013,001,1795
340.2865,340.2969,22890,28897,Nyctalus leisleri,0.009,0.022,-1,Echolocation,/mnt/ubna_data_02_mir/recover-20221013/UBNA_001/20221012_030000.WAV,Telephone Field,recover-20221013,001,1795
340.2915,340.3299,68437,82081,Rhinolophus ferrumequinum,0.022,0.022,-1,Echolocation,/mnt/ubna_data_02_mir/recover-20221013/UBNA_001/20221012_030000.WAV,Telephone Field,recover-20221013,001,1795
340.3025,340.3143,22890,27479,Nyctalus leisleri,0.014,0.024,-1,Echolocation,/mnt/ubna_data_02_mir/recover-20221013/UBNA_001/20221012_030000.WAV,Telephone Field,recover-20221013,001,1795
340.3195,340.3306,25468,31448,Nyctalus leisleri,0.011,0.029,-1,Echolocation,/mnt/ubna_data_02_mir/recover-20221013/UBNA_001/20221012_030000.WAV,Telephone Field,recover-20221013,001,1795
340.3585,340.3988,68437,82400,Rhinolophus ferrumequinum,0.025,0.025,-1,Echolocation,/mnt/ubna_data_02_mir/recover-20221013/UBNA_001/20221012_030000.WAV,Telephone Field,recover-20221013,001,1795
340.4215,340.4571,68437,81652,Rhinolophus ferrumequinum,0.022,0.023,-1,Echolocation,/mnt/ubna_data_02_mir/recover-20221013/UBNA_001/20221012_030000.WAV,Telephone Field,recover-20221013,001,1795
340.4495,340.4903,68437,82904,Rhinolophus ferrumequinum,0.024,0.024,-1,Echolocation,/mnt/ubna_data_02_mir/recover-20221013/UBNA_001/20221012_030000.WAV,Telephone Field,recover-20221013,001,1795
340.4735,340.5131,68437,82496,Rhinolophus ferrumequinum,0.021,0.021,-1,Echolocation,/mnt/ubna_data_02_mir/recover-20221013/UBNA_001/20221012_030000.WAV,Telephone Field,recover-20221013,001,1795
340.5295,340.5709,68437,82791,Rhinolophus ferrumequinum,0.024,0.024,-1,Echolocation,/mnt/ubna_data_02_mir/recover-20221013/UBNA_001/20221012_030000.WAV,Telephone Field,recover-20221013,001,1795
340.5695,340.6092,68437,82371,Rhinolophus ferrumequinum,0.023,0.023,-1,Echolocation,/mnt/ubna_data_02_mir/recover-20221013/UBNA_001/20221012_030000.WAV,Telephone Field,recover-20221013,001,1795
340.5735,340.5829,27187,38614,Eptesicus serotinus,0.008,0.021,-1,Echolocation,/mnt/ubna_data_02_mir/recover-20221013/UBNA_001/20221012_030000.WAV,Telephone Field,recover-20221013,001,1795
340.5825,340.6204,68437,81650,Rhinolophus ferrumequinum,0.021,0.021,-1,Echolocation,/mnt/ubna_data_02_mir/recover-20221013/UBNA_001/20221012_030000.WAV,Telephone Field,recover-20221013,001,1795
340.5905,340.6281,68437,82000,Rhinolophus ferrumequinum,0.023,0.024,-1,Echolocation,/mnt/ubna_data_02_mir/recover-20221013/UBNA_001/20221012_030000.WAV,Telephone Field,recover-20221013,001,1795
340.5945,340.6011,27187,48340,Myotis daubentonii,0.007,0.025,-1,Echolocation,/mnt/ubna_data_02_mir/recover-20221013/UBNA_001/20221012_030000.WAV,Telephone Field,recover-20221013,001,1795
340.6105,340.6465,68437,81898,Rhinolophus ferrumequinum,0.021,0.021,-1,Echolocation,/mnt/ubna_data_02_mir/recover-20221013/UBNA_001/20221012_030000.WAV,Telephone Field,recover-20221013,001,1795
340.6365,340.6475,23750,29984,Nyctalus leisleri,0.014,0.031,-1,Echolocation,/mnt/ubna_data_02_mir/recover-20221013/UBNA_001/20221012_030000.WAV,Telephone Field,recover-20221013,001,1795
340.6515,340.6901,68437,81575,Rhinolophus ferrumequinum,0.025,0.025,-1,Echolocation,/mnt/ubna_data_02_mir/recover-20221013/UBNA_001/20221012_030000.WAV,Telephone Field,recover-20221013,001,1795
340.6585,340.6677,28046,36236,Eptesicus serotinus,0.009,0.021,-1,Echolocation,/mnt/ubna_data_02_mir/recover-20221013/UBNA_001/20221012_030000.WAV,Telephone Field,recover-20221013,001,1795
340.6925,340.7018,28906,39135,Eptesicus serotinus,0.008,0.023,-1,Echolocation,/mnt/ubna_data_02_mir/recover-20221013/UBNA_001/20221012_030000.WAV,Telephone Field,recover-20221013,001,1795
340.7015,340.7113,28046,36355,Eptesicus serotinus,0.009,0.022,-1,Echolocation,/mnt/ubna_data_02_mir/recover-20221013/UBNA_001/20221012_030000.WAV,Telephone Field,recover-20221013,001,1795
340.7145,340.7561,68437,82268,Rhinolophus ferrumequinum,0.031,0.031,-1,Echolocation,/mnt/ubna_data_02_mir/recover-20221013/UBNA_001/20221012_030000.WAV,Telephone Field,recover-20221013,001,1795
340.7245,340.7325,28046,38455,Eptesicus serotinus,0.008,0.023,-1,Echolocation,/mnt/ubna_data_02_mir/recover-20221013/UBNA_001/20221012_030000.WAV,Telephone Field,recover-20221013,001,1795
340.7665,340.80219999999997,68437,80754,Rhinolophus ferrumequinum,0.021,0.021,-1,Echolocation,/mnt/ubna_data_02_mir/recover-20221013/UBNA_001/20221012_030000.WAV,Telephone Field,recover-20221013,001,1795
340.7805,340.8204,68437,82675,Rhinolophus ferrumequinum,0.022,0.022,-1,Echolocation,/mnt/ubna_data_02_mir/recover-20221013/UBNA_001/20221012_030000.WAV,Telephone Field,recover-20221013,001,1795
340.7915,340.8326,68437,82459,Rhinolophus ferrumequinum,0.022,0.022,-1,Echolocation,/mnt/ubna_data_02_mir/recover-20221013/UBNA_001/20221012_030000.WAV,Telephone Field,recover-20221013,001,1795
340.83050000000003,340.874,68437,83299,Rhinolophus ferrumequinum,0.039,0.039,-1,Echolocation,/mnt/ubna_data_02_mir/recover-20221013/UBNA_001/20221012_030000.WAV,Telephone Field,recover-20221013,001,1795
340.8745,340.90840000000003,68437,80902,Rhinolophus ferrumequinum,0.021,0.021,-1,Echolocation,/mnt/ubna_data_02_mir/recover-20221013/UBNA_001/20221012_030000.WAV,Telephone Field,recover-20221013,001,1795
340.9105,340.9207,22890,28696,Nyctalus leisleri,0.01,0.027,-1,Echolocation,/mnt/ubna_data_02_mir/recover-20221013/UBNA_001/20221012_030000.WAV,Telephone Field,recover-20221013,001,1795
340.9215,340.9618,68437,82710,Rhinolophus ferrumequinum,0.04,0.04,-1,Echolocation,/mnt/ubna_data_02_mir/recover-20221013/UBNA_001/20221012_030000.WAV,Telephone Field,recover-20221013,001,1795
340.9675,341.0076,68437,82597,Rhinolophus ferrumequinum,0.024,0.024,-1,Echolocation,/mnt/ubna_data_02_mir/recover-20221013/UBNA_001/20221012_030000.WAV,Telephone Field,recover-20221013,001,1795
340.9905,341.0263,68437,81631,Rhinolophus ferrumequinum,0.021,0.021,-1,Echolocation,/mnt/ubna_data_02_mir/recover-20221013/UBNA_001/20221012_030000.WAV,Telephone Field,recover-20221013,001,1795
341.0175,341.0307,24609,31173,Eptesicus serotinus,0.036,0.08,-1,Echolocation,/mnt/ubna_data_02_mir/recover-20221013/UBNA_001/20221012_030000.WAV,Telephone Field,recover-20221013,001,1795
341.0415,341.0529,28046,35225,Eptesicus serotinus,0.011,0.024,-1,Echolocation,/mnt/ubna_data_02_mir/recover-20221013/UBNA_001/20221012_030000.WAV,Telephone Field,recover-20221013,001,1795
341.0425,341.0809,68437,81878,Rhinolophus ferrumequinum,0.023,0.023,-1,Echolocation,/mnt/ubna_data_02_mir/recover-20221013/UBNA_001/20221012_030000.WAV,Telephone Field,recover-20221013,001,1795
341.0735,341.1102,68437,81737,Rhinolophus ferrumequinum,0.022,0.022,-1,Echolocation,/mnt/ubna_data_02_mir/recover-20221013/UBNA_001/20221012_030000.WAV,Telephone Field,recover-20221013,001,1795
341.1505,341.171,18593,21860,Nyctalus noctula,0.015,0.029,-1,Echolocation,/mnt/ubna_data_02_mir/recover-20221013/UBNA_001/20221012_030000.WAV,Telephone Field,recover-20221013,001,1795
341.1555,341.1959,68437,82828,Rhinolophus ferrumequinum,0.027,0.027,-1,Echolocation,/mnt/ubna_data_02_mir/recover-20221013/UBNA_001/20221012_030000.WAV,Telephone Field,recover-20221013,001,1795
341.2215,341.2617,68437,82704,Rhinolophus ferrumequinum,0.038,0.038,-1,Echolocation,/mnt/ubna_data_02_mir/recover-20221013/UBNA_001/20221012_030000.WAV,Telephone Field,recover-20221013,001,1795
341.2325,341.2708,68437,82548,Rhinolophus ferrumequinum,0.024,0.025,-1,Echolocation,/mnt/ubna_data_02_mir/recover-20221013/UBNA_001/20221012_030000.WAV,Telephone Field,recover-20221013,001,1795
341.2465,341.256,28046,36558,Eptesicus serotinus,0.01,0.025,-1,Echolocation,/mnt/ubna_data_02_mir/recover-20221013/UBNA_001/20221012_030000.WAV,Telephone Field,recover-20221013,001,1795
341.2645,341.3038,68437,81605,Rhinolophus ferrumequinum,0.023,0.023,-1,Echolocation,/mnt/ubna_data_02_mir/recover-20221013/UBNA_001/20221012_030000.WAV,Telephone Field,recover-20221013,001,1795
341.2695,341.3094,68437,81949,Rhinolophus ferrumequinum,0.024,0.024,-1,Echolocation,/mnt/ubna_data_02_mir/recover-20221013/UBNA_001/20221012_030000.WAV,Telephone Field,recover-20221013,001,1795
341.2775,341.288,22890,28192,Nyctalus leisleri,0.013,0.027,-1,Echolocation,/mnt/ubna_data_02_mir/recover-20221013/UBNA_001/20221012_030000.WAV,Telephone Field,recover-20221013,001,1795
341.3095,341.3172,31484,42822,Myotis daubentonii,0.012,0.033,-1,Echolocation,/mnt/ubna_data_02_mir/recover-20221013/UBNA_001/20221012_030000.WAV,Telephone Field,recover-20221013,001,1795
341.3225,341.3576,68437,81585,Rhinolophus ferrumequinum,0.021,0.021,-1,Echolocation,/mnt/ubna_data_02_mir/recover-20221013/UBNA_001/20221012_030000.WAV,Telephone Field,recover-20221013,001,1795
341.3255,341.3335,23750,31749,Plecotus austriacus,0.01,0.024,-1,Echolocation,/mnt/ubna_data_02_mir/recover-20221013/UBNA_001/20221012_030000.WAV,Telephone Field,recover-20221013,001,1795
341.3525,341.3637,24609,30688,Nyctalus leisleri,0.01,0.029,-1,Echolocation,/mnt/ubna_data_02_mir/recover-20221013/UBNA_001/20221012_030000.WAV,Telephone Field,recover-20221013,001,1795
341.3535,341.3605,52109,58558,Pipistrellus pipistrellus,0.029,0.032,-1,Echolocation,/mnt/ubna_data_02_mir/recover-20221013/UBNA_001/20221012_030000.WAV,Telephone Field,recover-20221013,001,1795
341.3645,341.4023,68437,82108,Rhinolophus ferrumequinum,0.021,0.021,-1,Echolocation,/mnt/ubna_data_02_mir/recover-20221013/UBNA_001/20221012_030000.WAV,Telephone Field,recover-20221013,001,1795
341.3845,341.4227,68437,81617,Rhinolophus ferrumequinum,0.021,0.021,-1,Echolocation,/mnt/ubna_data_02_mir/recover-20221013/UBNA_001/20221012_030000.WAV,Telephone Field,recover-20221013,001,1795
341.4105,341.4504,68437,82471,Rhinolophus ferrumequinum,0.023,0.023,-1,Echolocation,/mnt/ubna_data_02_mir/recover-20221013/UBNA_001/20221012_030000.WAV,Telephone Field,recover-20221013,001,1795
341.4615,341.5048,68437,83232,Rhinolophus ferrumequinum,0.028,0.028,-1,Echolocation,/mnt/ubna_data_02_mir/recover-20221013/UBNA_001/20221012_030000.WAV,Telephone Field,recover-20221013,001,1795
341.4985,341.5059,27187,39357,Eptesicus serotinus,0.009,0.027,-1,Echolocation,/mnt/ubna_data_02_mir/recover-20221013/UBNA_001/20221012_030000.WAV,Telephone Field,recover-20221013,001,1795
341.4985,341.5393,68437,82358,Rhinolophus ferrumequinum,0.022,0.022,-1,Echolocation,/mnt/ubna_data_02_mir/recover-20221013/UBNA_001/20221012_030000.WAV,Telephone Field,recover-20221013,001,1795
341.5075,341.548,68437,82412,Rhinolophus ferrumequinum,0.022,0.022,-1,Echolocation,/mnt/ubna_data_02_mir/recover-20221013/UBNA_001/20221012_030000.WAV,Telephone Field,recover-20221013,001,1795
341.5545,341.5633,27187,37710,Eptesicus serotinus,0.009,0.022,-1,Echolocation,/mnt/ubna_data_02_mir/recover-20221013/UBNA_001/20221012_030000.WAV,Telephone Field,recover-20221013,001,1795
341.5945,341.6283,68437,80647,Rhinolophus ferrumequinum,0.024,0.024,-1,Echolocation,/mnt/ubna_data_02_mir/recover-20221013/UBNA_001/20221012_030000.WAV,Telephone Field,recover-20221013,001,1795
341.6135,341.6281,55546,62803,Pipistrellus pygmaeus,0.026,0.027,-1,Echolocation,/mnt/ubna_data_02_mir/recover-20221013/UBNA_001/20221012_030000.WAV,Telephone Field,recover-20221013,001,1795
341.6235,341.6312,27187,37029,Eptesicus serotinus,0.01,0.032,-1,Echolocation,/mnt/ubna_data_02_mir/recover-20221013/UBNA_001/20221012_030000.WAV,Telephone Field,recover-20221013,001,1795
341.6765,341.7182,68437,82541,Rhinolophus ferrumequinum,0.024,0.024,-1,Echolocation,/mnt/ubna_data_02_mir/recover-20221013/UBNA_001/20221012_030000.WAV,Telephone Field,recover-20221013,001,1795
341.7855,341.7935,27187,38930,Eptesicus serotinus,0.007,0.022,-1,Echolocation,/mnt/ubna_data_02_mir/recover-20221013/UBNA_001/20221012_030000.WAV,Telephone Field,recover-20221013,001,1795
341.8165,341.8272,22890,27358,Nyctalus leisleri,0.012,0.023,-1,Echolocation,/mnt/ubna_data_02_mir/recover-20221013/UBNA_001/20221012_030000.WAV,Telephone Field,recover-20221013,001,1795
341.8315,341.8394,27187,37851,Eptesicus serotinus,0.008,0.025,-1,Echolocation,/mnt/ubna_data_02_mir/recover-20221013/UBNA_001/20221012_030000.WAV,Telephone Field,recover-20221013,001,1795
341.8425,341.8534,25468,31849,Nyctalus leisleri,0.01,0.026,-1,Echolocation,/mnt/ubna_data_02_mir/recover-20221013/UBNA_001/20221012_030000.WAV,Telephone Field,recover-20221013,001,1795
341.8655,341.8741,28906,36965,Eptesicus serotinus,0.007,0.022,-1,Echolocation,/mnt/ubna_data_02_mir/recover-20221013/UBNA_001/20221012_030000.WAV,Telephone Field,recover-20221013,001,1795
341.8675,341.9063,68437,82078,Rhinolophus ferrumequinum,0.027,0.027,-1,Echolocation,/mnt/ubna_data_02_mir/recover-20221013/UBNA_001/20221012_030000.WAV,Telephone Field,recover-20221013,001,1795
341.8785,341.9189,68437,82191,Rhinolophus ferrumequinum,0.022,0.022,-1,Echolocation,/mnt/ubna_data_02_mir/recover-20221013/UBNA_001/20221012_030000.WAV,Telephone Field,recover-20221013,001,1795
341.8865,341.9267,68437,82040,Rhinolophus ferrumequinum,0.021,0.022,-1,Echolocation,/mnt/ubna_data_02_mir/recover-20221013/UBNA_001/20221012_030000.WAV,Telephone Field,recover-20221013,001,1795
341.9425,341.9814,68437,82076,Rhinolophus ferrumequinum,0.024,0.024,-1,Echolocation,/mnt/ubna_data_02_mir/recover-20221013/UBNA_001/20221012_030000.WAV,Telephone Field,recover-20221013,001,1795
341.9425,341.9553,37500,42009,Pipistrellus nathusii,0.023,0.038,-1,Echolocation,/mnt/ubna_data_02_mir/recover-20221013/UBNA_001/20221012_030000.WAV,Telephone Field,recover-20221013,001,1795
341.9855,341.9951,28046,38341,Eptesicus serotinus,0.008,0.021,-1,Echolocation,/mnt/ubna_data_02_mir/recover-20221013/UBNA_001/20221012_030000.WAV,Telephone Field,recover-20221013,001,1795
342.0015,342.031,69296,81841,Rhinolophus ferrumequinum,0.024,0.024,-1,Echolocation,/mnt/ubna_data_02_mir/recover-20221013/UBNA_001/20221012_030000.WAV,Telephone Field,recover-20221013,001,1795
342.0015,342.0097,25468,33885,Nyctalus leisleri,0.009,0.033,-1,Echolocation,/mnt/ubna_data_02_mir/recover-20221013/UBNA_001/20221012_030000.WAV,Telephone Field,recover-20221013,001,1795
342.0015,342.013,48671,56572,Pipistrellus pipistrellus,0.014,0.023,-1,Echolocation,/mnt/ubna_data_02_mir/recover-20221013/UBNA_001/20221012_030000.WAV,Telephone Field,recover-20221013,001,1795
342.0755,342.0837,44375,52586,Pipistrellus pipistrellus,0.014,0.022,-1,Echolocation,/mnt/ubna_data_02_mir/recover-20221013/UBNA_001/20221012_030000.WAV,Telephone Field,recover-20221013,001,1795
342.0975,342.1084,22031,27226,Nyctalus leisleri,0.012,0.029,-1,Echolocation,/mnt/ubna_data_02_mir/recover-20221013/UBNA_001/20221012_030000.WAV,Telephone Field,recover-20221013,001,1795
342.1155,342.1529,68437,81625,Rhinolophus ferrumequinum,0.024,0.024,-1,Echolocation,/mnt/ubna_data_02_mir/recover-20221013/UBNA_001/20221012_030000.WAV,Telephone Field,recover-20221013,001,1795
342.1335,342.1407,27187,37326,Eptesicus serotinus,0.005,0.021,-1,Echolocation,/mnt/ubna_data_02_mir/recover-20221013/UBNA_001/20221012_030000.WAV,Telephone Field,recover-20221013,001,1795
342.1465,342.1823,68437,81431,Rhinolophus ferrumequinum,0.021,0.021,-1,Echolocation,/mnt/ubna_data_02_mir/recover-20221013/UBNA_001/20221012_030000.WAV,Telephone Field,recover-20221013,001,1795
342.1885,342.199,28046,36494,Eptesicus serotinus,0.01,0.024,-1,Echolocation,/mnt/ubna_data_02_mir/recover-20221013/UBNA_001/20221012_030000.WAV,Telephone Field,recover-20221013,001,1795
342.1935,342.2314,68437,82217,Rhinolophus ferrumequinum,0.021,0.021,-1,Echolocation,/mnt/ubna_data_02_mir/recover-20221013/UBNA_001/20221012_030000.WAV,Telephone Field,recover-20221013,001,1795
342.2505,342.2917,68437,82910,Rhinolophus ferrumequinum,0.033,0.033,-1,Echolocation,/mnt/ubna_data_02_mir/recover-20221013/UBNA_001/20221012_030000.WAV,Telephone Field,recover-20221013,001,1795
342.2825,342.2909,22890,30517,Plecotus austriacus,0.01,0.022,-1,Echolocation,/mnt/ubna_data_02_mir/recover-20221013/UBNA_001/20221012_030000.WAV,Telephone Field,recover-20221013,001,1795
342.3815,342.3893,47812,54259,Pipistrellus pipistrellus,0.019,0.022,-1,Echolocation,/mnt/ubna_data_02_mir/recover-20221013/UBNA_001/20221012_030000.WAV,Telephone Field,recover-20221013,001,1795
342.3905,342.3989,28906,38019,Eptesicus serotinus,0.009,0.025,-1,Echolocation,/mnt/ubna_data_02_mir/recover-20221013/UBNA_001/20221012_030000.WAV,Telephone Field,recover-20221013,001,1795
342.4625,342.4697,28046,39387,Eptesicus serotinus,0.006,0.021,-1,Echolocation,/mnt/ubna_data_02_mir/recover-20221013/UBNA_001/20221012_030000.WAV,Telephone Field,recover-20221013,001,1795
342.4975,342.5363,68437,82691,Rhinolophus ferrumequinum,0.022,0.022,-1,Echolocation,/mnt/ubna_data_02_mir/recover-20221013/UBNA_001/20221012_030000.WAV,Telephone Field,recover-20221013,001,1795
342.5335,342.541,23750,32540,Plecotus austriacus,0.009,0.022,-1,Echolocation,/mnt/ubna_data_02_mir/recover-20221013/UBNA_001/20221012_030000.WAV,Telephone Field,recover-20221013,001,1795
342.5535,342.5922,68437,82542,Rhinolophus ferrumequinum,0.023,0.023,-1,Echolocation,/mnt/ubna_data_02_mir/recover-20221013/UBNA_001/20221012_030000.WAV,Telephone Field,recover-20221013,001,1795
342.5565,342.5661,28046,36916,Eptesicus serotinus,0.01,0.024,-1,Echolocation,/mnt/ubna_data_02_mir/recover-20221013/UBNA_001/20221012_030000.WAV,Telephone Field,recover-20221013,001,1795
342.5665,342.6056,68437,81949,Rhinolophus ferrumequinum,0.021,0.021,-1,Echolocation,/mnt/ubna_data_02_mir/recover-20221013/UBNA_001/20221012_030000.WAV,Telephone Field,recover-20221013,001,1795
342.5715,342.5782,27187,40892,Eptesicus serotinus,0.005,0.024,-1,Echolocation,/mnt/ubna_data_02_mir/recover-20221013/UBNA_001/20221012_030000.WAV,Telephone Field,recover-20221013,001,1795
342.5765,342.6171,68437,82992,Rhinolophus ferrumequinum,0.022,0.022,-1,Echolocation,/mnt/ubna_data_02_mir/recover-20221013/UBNA_001/20221012_030000.WAV,Telephone Field,recover-20221013,001,1795
342.5815,342.6198,68437,82926,Rhinolophus ferrumequinum,0.022,0.022,-1,Echolocation,/mnt/ubna_data_02_mir/recover-20221013/UBNA_001/20221012_030000.WAV,Telephone Field,recover-20221013,001,1795
342.6115,342.6477,68437,82147,Rhinolophus ferrumequinum,0.023,0.023,-1,Echolocation,/mnt/ubna_data_02_mir/recover-20221013/UBNA_001/20221012_030000.WAV,Telephone Field,recover-20221013,001,1795
342.6405,342.6503,22031,28037,Nyctalus leisleri,0.008,0.022,-1,Echolocation,/mnt/ubna_data_02_mir/recover-20221013/UBNA_001/20221012_030000.WAV,Telephone Field,recover-20221013,001,1795
342.6595,342.6724,35781,41083,Pipistrellus nathusii,0.014,0.028,-1,Echolocation,/mnt/ubna_data_02_mir/recover-20221013/UBNA_001/20221012_030000.WAV,Telephone Field,recover-20221013,001,1795
342.6675,342.7054,68437,81356,Rhinolophus ferrumequinum,0.022,0.022,-1,Echolocation,/mnt/ubna_data_02_mir/recover-20221013/UBNA_001/20221012_030000.WAV,Telephone Field,recover-20221013,001,1795
342.7105,342.718,49531,56499,Pipistrellus pipistrellus,0.02,0.022,-1,Echolocation,/mnt/ubna_data_02_mir/recover-20221013/UBNA_001/20221012_030000.WAV,Telephone Field,recover-20221013,001,1795
342.7185,342.7273,28046,39943,Eptesicus serotinus,0.008,0.022,-1,Echolocation,/mnt/ubna_data_02_mir/recover-20221013/UBNA_001/20221012_030000.WAV,Telephone Field,recover-20221013,001,1795
342.7485,342.7564,32343,40912,Myotis daubentonii,0.007,0.021,-1,Echolocation,/mnt/ubna_data_02_mir/recover-20221013/UBNA_001/20221012_030000.WAV,Telephone Field,recover-20221013,001,1795
342.7545,342.7676,22890,27139,Nyctalus leisleri,0.016,0.027,-1,Echolocation,/mnt/ubna_data_02_mir/recover-20221013/UBNA_001/20221012_030000.WAV,Telephone Field,recover-20221013,001,1795
342.7605,342.7667,50390,55179,Pipistrellus pipistrellus,0.02,0.021,-1,Echolocation,/mnt/ubna_data_02_mir/recover-20221013/UBNA_001/20221012_030000.WAV,Telephone Field,recover-20221013,001,1795
342.7705,342.8079,68437,81713,Rhinolophus ferrumequinum,0.021,0.021,-1,Echolocation,/mnt/ubna_data_02_mir/recover-20221013/UBNA_001/20221012_030000.WAV,Telephone Field,recover-20221013,001,1795
342.8095,342.84929999999997,68437,81939,Rhinolophus ferrumequinum,0.021,0.021,-1,Echolocation,/mnt/ubna_data_02_mir/recover-20221013/UBNA_001/20221012_030000.WAV,Telephone Field,recover-20221013,001,1795
342.8105,342.8211,46093,50634,Pipistrellus pipistrellus,0.031,0.034,-1,Echolocation,/mnt/ubna_data_02_mir/recover-20221013/UBNA_001/20221012_030000.WAV,Telephone Field,recover-20221013,001,1795
342.8155,342.8242,23750,33768,Plecotus austriacus,0.011,0.032,-1,Echolocation,/mnt/ubna_data_02_mir/recover-20221013/UBNA_001/20221012_030000.WAV,Telephone Field,recover-20221013,001,1795
342.8355,342.8721,68437,81819,Rhinolophus ferrumequinum,0.022,0.022,-1,Echolocation,/mnt/ubna_data_02_mir/recover-20221013/UBNA_001/20221012_030000.WAV,Telephone Field,recover-20221013,001,1795
342.8515,342.8616,27187,35891,Eptesicus serotinus,0.009,0.021,-1,Echolocation,/mnt/ubna_data_02_mir/recover-20221013/UBNA_001/20221012_030000.WAV,Telephone Field,recover-20221013,001,1795
342.8705,342.8808,22890,28133,Nyctalus leisleri,0.013,0.03,-1,Echolocation,/mnt/ubna_data_02_mir/recover-20221013/UBNA_001/20221012_030000.WAV,Telephone Field,recover-20221013,001,1795
342.8795,342.9181,68437,81941,Rhinolophus ferrumequinum,0.021,0.021,-1,Echolocation,/mnt/ubna_data_02_mir/recover-20221013/UBNA_001/20221012_030000.WAV,Telephone Field,recover-20221013,001,1795
342.8945,342.9286,68437,81470,Rhinolophus ferrumequinum,0.022,0.022,-1,Echolocation,/mnt/ubna_data_02_mir/recover-20221013/UBNA_001/20221012_030000.WAV,Telephone Field,recover-20221013,001,1795
342.9045,342.9429,68437,81266,Rhinolophus ferrumequinum,0.021,0.021,-1,Echolocation,/mnt/ubna_data_02_mir/recover-20221013/UBNA_001/20221012_030000.WAV,Telephone Field,recover-20221013,001,1795
342.9255,342.9658,68437,82977,Rhinolophus ferrumequinum,0.029,0.029,-1,Echolocation,/mnt/ubna_data_02_mir/recover-20221013/UBNA_001/20221012_030000.WAV,Telephone Field,recover-20221013,001,1795
342.9285,342.9372,25468,35550,Eptesicus serotinus,0.006,0.023,-1,Echolocation,/mnt/ubna_data_02_mir/recover-20221013/UBNA_001/20221012_030000.WAV,Telephone Field,recover-20221013,001,1795
342.9485,342.9922,68437,83139,Rhinolophus ferrumequinum,0.04,0.04,-1,Echolocation,/mnt/ubna_data_02_mir/recover-20221013/UBNA_001/20221012_030000.WAV,Telephone Field,recover-20221013,001,1795
342.9565,342.9669,24609,31175,Nyctalus leisleri,0.015,0.037,-1,Echolocation,/mnt/ubna_data_02_mir/recover-20221013/UBNA_001/20221012_030000.WAV,Telephone Field,recover-20221013,001,1795
342.9735,343.0095,68437,82234,Rhinolophus ferrumequinum,0.022,0.022,-1,Echolocation,/mnt/ubna_data_02_mir/recover-20221013/UBNA_001/20221012_030000.WAV,Telephone Field,recover-20221013,001,1795
342.9965,343.003,46093,53298,Pipistrellus pipistrellus,0.018,0.022,-1,Echolocation,/mnt/ubna_data_02_mir/recover-20221013/UBNA_001/20221012_030000.WAV,Telephone Field,recover-20221013,001,1795
342.9965,343.0045,27187,43413,Eptesicus serotinus,0.008,0.022,-1,Echolocation,/mnt/ubna_data_02_mir/recover-20221013/UBNA_001/20221012_030000.WAV,Telephone Field,recover-20221013,001,1795
343.0585,343.0688,22031,26929,Nyctalus leisleri,0.011,0.023,-1,Echolocation,/mnt/ubna_data_02_mir/recover-20221013/UBNA_001/20221012_030000.WAV,Telephone Field,recover-20221013,001,1795
343.0835,343.1228,68437,82465,Rhinolophus ferrumequinum,0.022,0.022,-1,Echolocation,/mnt/ubna_data_02_mir/recover-20221013/UBNA_001/20221012_030000.WAV,Telephone Field,recover-20221013,001,1795
343.1095,343.1478,68437,82515,Rhinolophus ferrumequinum,0.027,0.027,-1,Echolocation,/mnt/ubna_data_02_mir/recover-20221013/UBNA_001/20221012_030000.WAV,Telephone Field,recover-20221013,001,1795
343.1405,343.15,22890,30191,Plecotus austriacus,0.009,0.025,-1,Echolocation,/mnt/ubna_data_02_mir/recover-20221013/UBNA_001/20221012_030000.WAV,Telephone Field,recover-20221013,001,1795
343.1775,343.2146,68437,81333,Rhinolophus ferrumequinum,0.025,0.025,-1,Echolocation,/mnt/ubna_data_02_mir/recover-20221013/UBNA_001/20221012_030000.WAV,Telephone Field,recover-20221013,001,1795
343.1965,343.234,68437,81889,Rhinolophus ferrumequinum,0.021,0.021,-1,Echolocation,/mnt/ubna_data_02_mir/recover-20221013/UBNA_001/20221012_030000.WAV,Telephone Field,recover-20221013,001,1795
343.2105,343.22090000000003,28046,37664,Eptesicus serotinus,0.011,0.027,-1,Echolocation,/mnt/ubna_data_02_mir/recover-20221013/UBNA_001/20221012_030000.WAV,Telephone Field,recover-20221013,001,1795
343.2365,343.2439,28906,40950,Eptesicus serotinus,0.008,0.025,-1,Echolocation,/mnt/ubna_data_02_mir/recover-20221013/UBNA_001/20221012_030000.WAV,Telephone Field,recover-20221013,001,1795
343.2395,343.2729,68437,80622,Rhinolophus ferrumequinum,0.022,0.022,-1,Echolocation,/mnt/ubna_data_02_mir/recover-20221013/UBNA_001/20221012_030000.WAV,Telephone Field,recover-20221013,001,1795
343.2395,343.2459,24609,35591,Plecotus austriacus,0.01,0.024,-1,Echolocation,/mnt/ubna_data_02_mir/recover-20221013/UBNA_001/20221012_030000.WAV,Telephone Field,recover-20221013,001,1795
343.2555,343.293,68437,82283,Rhinolophus ferrumequinum,0.021,0.021,-1,Echolocation,/mnt/ubna_data_02_mir/recover-20221013/UBNA_001/20221012_030000.WAV,Telephone Field,recover-20221013,001,1795
343.2615,343.2716,22031,27052,Nyctalus leisleri,0.009,0.021,-1,Echolocation,/mnt/ubna_data_02_mir/recover-20221013/UBNA_001/20221012_030000.WAV,Telephone Field,recover-20221013,001,1795
343.2815,343.3195,68437,82200,Rhinolophus ferrumequinum,0.021,0.021,-1,Echolocation,/mnt/ubna_data_02_mir/recover-20221013/UBNA_001/20221012_030000.WAV,Telephone Field,recover-20221013,001,1795
343.3045,343.3455,68437,82953,Rhinolophus ferrumequinum,0.043,0.043,-1,Echolocation,/mnt/ubna_data_02_mir/recover-20221013/UBNA_001/20221012_030000.WAV,Telephone Field,recover-20221013,001,1795
343.3395,343.3789,68437,82112,Rhinolophus ferrumequinum,0.022,0.022,-1,Echolocation,/mnt/ubna_data_02_mir/recover-20221013/UBNA_001/20221012_030000.WAV,Telephone Field,recover-20221013,001,1795
343.3485,343.3874,68437,81883,Rhinolophus ferrumequinum,0.021,0.021,-1,Echolocation,/mnt/ubna_data_02_mir/recover-20221013/UBNA_001/20221012_030000.WAV,Telephone Field,recover-20221013,001,1795
343.3535,343.3625,28906,36264,Eptesicus serotinus,0.027,0.051,-1,Echolocation,/mnt/ubna_data_02_mir/recover-20221013/UBNA_001/20221012_030000.WAV,Telephone Field,recover-20221013,001,1795
343.3805,343.4209,68437,82668,Rhinolophus ferrumequinum,0.022,0.022,-1,Echolocation,/mnt/ubna_data_02_mir/recover-20221013/UBNA_001/20221012_030000.WAV,Telephone Field,recover-20221013,001,1795
343.4185,343.4253,28046,40933,Eptesicus serotinus,0.006,0.025,-1,Echolocation,/mnt/ubna_data_02_mir/recover-20221013/UBNA_001/20221012_030000.WAV,Telephone Field,recover-20221013,001,1795
343.4335,343.4722,68437,82618,Rhinolophus ferrumequinum,0.025,0.025,-1,Echolocation,/mnt/ubna_data_02_mir/recover-20221013/UBNA_001/20221012_030000.WAV,Telephone Field,recover-20221013,001,1795
343.4565,343.4696,22890,27183,Nyctalus leisleri,0.014,0.028,-1,Echolocation,/mnt/ubna_data_02_mir/recover-20221013/UBNA_001/20221012_030000.WAV,Telephone Field,recover-20221013,001,1795
343.4645,343.5022,68437,81641,Rhinolophus ferrumequinum,0.021,0.021,-1,Echolocation,/mnt/ubna_data_02_mir/recover-20221013/UBNA_001/20221012_030000.WAV,Telephone Field,recover-20221013,001,1795
343.4895,343.4972,47812,52315,Pipistrellus pipistrellus,0.05,0.052,-1,Echolocation,/mnt/ubna_data_02_mir/recover-20221013/UBNA_001/20221012_030000.WAV,Telephone Field,recover-20221013,001,1795
343.4945,343.535,68437,82779,Rhinolophus ferrumequinum,0.024,0.024,-1,Echolocation,/mnt/ubna_data_02_mir/recover-20221013/UBNA_001/20221012_030000.WAV,Telephone Field,recover-20221013,001,1795
343.5035,343.513,28906,37751,Eptesicus serotinus,0.009,0.022,-1,Echolocation,/mnt/ubna_data_02_mir/recover-20221013/UBNA_001/20221012_030000.WAV,Telephone Field,recover-20221013,001,1795
343.5125,343.5228,28906,36328,Eptesicus serotinus,0.009,0.022,-1,Echolocation,/mnt/ubna_data_02_mir/recover-20221013/UBNA_001/20221012_030000.WAV,Telephone Field,recover-20221013,001,1795
343.5215,343.5326,28906,35758,Eptesicus serotinus,0.01,0.023,-1,Echolocation,/mnt/ubna_data_02_mir/recover-20221013/UBNA_001/20221012_030000.WAV,Telephone Field,recover-20221013,001,1795
343.5225,343.5638,68437,82556,Rhinolophus ferrumequinum,0.022,0.022,-1,Echolocation,/mnt/ubna_data_02_mir/recover-20221013/UBNA_001/20221012_030000.WAV,Telephone Field,recover-20221013,001,1795
343.5355,343.5432,28906,40367,Eptesicus serotinus,0.007,0.023,-1,Echolocation,/mnt/ubna_data_02_mir/recover-20221013/UBNA_001/20221012_030000.WAV,Telephone Field,recover-20221013,001,1795
343.5505,343.5876,68437,81899,Rhinolophus ferrumequinum,0.021,0.021,-1,Echolocation,/mnt/ubna_data_02_mir/recover-20221013/UBNA_001/20221012_030000.WAV,Telephone Field,recover-20221013,001,1795
343.6035,343.6476,68437,83542,Rhinolophus ferrumequinum,0.046,0.046,-1,Echolocation,/mnt/ubna_data_02_mir/recover-20221013/UBNA_001/20221012_030000.WAV,Telephone Field,recover-20221013,001,1795
343.6555,343.662,25468,39005,Myotis nattereri,0.006,0.025,-1,Echolocation,/mnt/ubna_data_02_mir/recover-20221013/UBNA_001/20221012_030000.WAV,Telephone Field,recover-20221013,001,1795
343.6575,343.6957,68437,81558,Rhinolophus ferrumequinum,0.021,0.021,-1,Echolocation,/mnt/ubna_data_02_mir/recover-20221013/UBNA_001/20221012_030000.WAV,Telephone Field,recover-20221013,001,1795
343.6635,343.7002,68437,81583,Rhinolophus ferrumequinum,0.021,0.021,-1,Echolocation,/mnt/ubna_data_02_mir/recover-20221013/UBNA_001/20221012_030000.WAV,Telephone Field,recover-20221013,001,1795
343.6955,343.734,68437,81537,Rhinolophus ferrumequinum,0.021,0.021,-1,Echolocation,/mnt/ubna_data_02_mir/recover-20221013/UBNA_001/20221012_030000.WAV,Telephone Field,recover-20221013,001,1795
343.6985,343.7096,23750,29268,Nyctalus leisleri,0.009,0.021,-1,Echolocation,/mnt/ubna_data_02_mir/recover-20221013/UBNA_001/20221012_030000.WAV,Telephone Field,recover-20221013,001,1795
343.7225,343.7287,46953,54942,Pipistrellus pipistrellus,0.022,0.026,-1,Echolocation,/mnt/ubna_data_02_mir/recover-20221013/UBNA_001/20221012_030000.WAV,Telephone Field,recover-20221013,001,1795
343.7465,343.781,68437,81721,Rhinolophus ferrumequinum,0.022,0.022,-1,Echolocation,/mnt/ubna_data_02_mir/recover-20221013/UBNA_001/20221012_030000.WAV,Telephone Field,recover-20221013,001,1795
343.7655,343.774,28046,38706,Eptesicus serotinus,0.009,0.024,-1,Echolocation,/mnt/ubna_data_02_mir/recover-20221013/UBNA_001/20221012_030000.WAV,Telephone Field,recover-20221013,001,1795
343.8195,343.8609,68437,82640,Rhinolophus ferrumequinum,0.024,0.025,-1,Echolocation,/mnt/ubna_data_02_mir/recover-20221013/UBNA_001/20221012_030000.WAV,Telephone Field,recover-20221013,001,1795
343.8575,343.866,28046,37976,Eptesicus serotinus,0.007,0.021,-1,Echolocation,/mnt/ubna_data_02_mir/recover-20221013/UBNA_001/20221012_030000.WAV,Telephone Field,recover-20221013,001,1795
343.8825,343.91949999999997,68437,82314,Rhinolophus ferrumequinum,0.021,0.021,-1,Echolocation,/mnt/ubna_data_02_mir/recover-20221013/UBNA_001/20221012_030000.WAV,Telephone Field,recover-20221013,001,1795
343.9405,343.9798,68437,82812,Rhinolophus ferrumequinum,0.03,0.03,-1,Echolocation,/mnt/ubna_data_02_mir/recover-20221013/UBNA_001/20221012_030000.WAV,Telephone Field,recover-20221013,001,1795
343.9655,343.9749,22031,28215,Plecotus austriacus,0.009,0.022,-1,Echolocation,/mnt/ubna_data_02_mir/recover-20221013/UBNA_001/20221012_030000.WAV,Telephone Field,recover-20221013,001,1795
343.9725,343.9821,28906,36808,Eptesicus serotinus,0.009,0.023,-1,Echolocation,/mnt/ubna_data_02_mir/recover-20221013/UBNA_001/20221012_030000.WAV,Telephone Field,recover-20221013,001,1795
343.9865,343.9957,46093,56541,Pipistrellus pipistrellus,0.015,0.023,-1,Echolocation,/mnt/ubna_data_02_mir/recover-20221013/UBNA_001/20221012_030000.WAV,Telephone Field,recover-20221013,001,1795
344.0015,344.0126,21171,25492,Nyctalus leisleri,0.013,0.026,-1,Echolocation,/mnt/ubna_data_02_mir/recover-20221013/UBNA_001/20221012_030000.WAV,Telephone Field,recover-20221013,001,1795
344.0025,344.0437,68437,82634,Rhinolophus ferrumequinum,0.025,0.026,-1,Echolocation,/mnt/ubna_data_02_mir/recover-20221013/UBNA_001/20221012_030000.WAV,Telephone Field,recover-20221013,001,1795
344.0105,344.0548,68437,82843,Rhinolophus ferrumequinum,0.026,0.027,-1,Echolocation,/mnt/ubna_data_02_mir/recover-20221013/UBNA_001/20221012_030000.WAV,Telephone Field,recover-20221013,001,1795
344.0175,344.0254,28046,42590,Eptesicus serotinus,0.01,0.029,-1,Echolocation,/mnt/ubna_data_02_mir/recover-20221013/UBNA_001/20221012_030000.WAV,Telephone Field,recover-20221013,001,1795
344.0625,344.0729,26328,34156,Eptesicus serotinus,0.008,0.025,-1,Echolocation,/mnt/ubna_data_02_mir/recover-20221013/UBNA_001/20221012_030000.WAV,Telephone Field,recover-20221013,001,1795
344.0825,344.121,68437,81636,Rhinolophus ferrumequinum,0.022,0.022,-1,Echolocation,/mnt/ubna_data_02_mir/recover-20221013/UBNA_001/20221012_030000.WAV,Telephone Field,recover-20221013,001,1795
344.0835,344.09590000000003,28906,35766,Eptesicus serotinus,0.015,0.029,-1,Echolocation,/mnt/ubna_data_02_mir/recover-20221013/UBNA_001/20221012_030000.WAV,Telephone Field,recover-20221013,001,1795
344.1515,344.1925,68437,82581,Rhinolophus ferrumequinum,0.021,0.021,-1,Echolocation,/mnt/ubna_data_02_mir/recover-20221013/UBNA_001/20221012_030000.WAV,Telephone Field,recover-20221013,001,1795
344.1655,344.174,23750,31452,Plecotus austriacus,0.007,0.021,-1,Echolocation,/mnt/ubna_data_02_mir/recover-20221013/UBNA_001/20221012_030000.WAV,Telephone Field,recover-20221013,001,1795
344.1965,344.2058,28046,37429,Eptesicus serotinus,0.008,0.021,-1,Echolocation,/mnt/ubna_data_02_mir/recover-20221013/UBNA_001/20221012_030000.WAV,Telephone Field,recover-20221013,001,1795
344.1965,344.2341,68437,81232,Rhinolophus ferrumequinum,0.021,0.021,-1,Echolocation,/mnt/ubna_data_02_mir/recover-20221013/UBNA_001/20221012_030000.WAV,Telephone Field,recover-20221013,001,1795
344.2985,344.3383,68437,82018,Rhinolophus ferrumequinum,0.022,0.022,-1,Echolocation,/mnt/ubna_data_02_mir/recover-20221013/UBNA_001/20221012_030000.WAV,Telephone Field,recover-20221013,001,1795
344.3025,344.3137,23750,29929,Nyctalus leisleri,0.013,0.031,-1,Echolocation,/mnt/ubna_data_02_mir/recover-20221013/UBNA_001/20221012_030000.WAV,Telephone Field,recover-20221013,001,1795
344.3295,344.3462,21171,24544,Nyctalus leisleri,0.013,0.022,-1,Echolocation,/mnt/ubna_data_02_mir/recover-20221013/UBNA_001/20221012_030000.WAV,Telephone Field,recover-20221013,001,1795
344.3445,344.3836,68437,82632,Rhinolophus ferrumequinum,0.025,0.025,-1,Echolocation,/mnt/ubna_data_02_mir/recover-20221013/UBNA_001/20221012_030000.WAV,Telephone Field,recover-20221013,001,1795
344.3565,344.3653,22890,30353,Plecotus austriacus,0.009,0.024,-1,Echolocation,/mnt/ubna_data_02_mir/recover-20221013/UBNA_001/20221012_030000.WAV,Telephone Field,recover-20221013,001,1795
344.3825,344.4207,68437,82086,Rhinolophus ferrumequinum,0.022,0.022,-1,Echolocation,/mnt/ubna_data_02_mir/recover-20221013/UBNA_001/20221012_030000.WAV,Telephone Field,recover-20221013,001,1795
344.3945,344.4057,25468,31576,Nyctalus leisleri,0.011,0.028,-1,Echolocation,/mnt/ubna_data_02_mir/recover-20221013/UBNA_001/20221012_030000.WAV,Telephone Field,recover-20221013,001,1795
344.4145,344.4259,22031,27759,Nyctalus leisleri,0.013,0.036,-1,Echolocation,/mnt/ubna_data_02_mir/recover-20221013/UBNA_001/20221012_030000.WAV,Telephone Field,recover-20221013,001,1795
344.5495,344.5578,23750,32393,Plecotus austriacus,0.012,0.029,-1,Echolocation,/mnt/ubna_data_02_mir/recover-20221013/UBNA_001/20221012_030000.WAV,Telephone Field,recover-20221013,001,1795
344.5565,344.5952,68437,82100,Rhinolophus ferrumequinum,0.023,0.023,-1,Echolocation,/mnt/ubna_data_02_mir/recover-20221013/UBNA_001/20221012_030000.WAV,Telephone Field,recover-20221013,001,1795
344.5635,344.573,44375,53185,Pipistrellus pipistrellus,0.018,0.026,-1,Echolocation,/mnt/ubna_data_02_mir/recover-20221013/UBNA_001/20221012_030000.WAV,Telephone Field,recover-20221013,001,1795
344.6175,344.6273,23750,29887,Nyctalus leisleri,0.009,0.022,-1,Echolocation,/mnt/ubna_data_02_mir/recover-20221013/UBNA_001/20221012_030000.WAV,Telephone Field,recover-20221013,001,1795
344.6215,344.6582,68437,82034,Rhinolophus ferrumequinum,0.021,0.021,-1,Echolocation,/mnt/ubna_data_02_mir/recover-20221013/UBNA_001/20221012_030000.WAV,Telephone Field,recover-20221013,001,1795
344.7395,344.7485,28906,39346,Eptesicus serotinus,0.01,0.024,-1,Echolocation,/mnt/ubna_data_02_mir/recover-20221013/UBNA_001/20221012_030000.WAV,Telephone Field,recover-20221013,001,1795
344.7435,344.7513,23750,32680,Plecotus austriacus,0.009,0.023,-1,Echolocation,/mnt/ubna_data_02_mir/recover-20221013/UBNA_001/20221012_030000.WAV,Telephone Field,recover-20221013,001,1795
344.7795,344.8213,68437,82618,Rhinolophus ferrumequinum,0.052,0.052,-1,Echolocation,/mnt/ubna_data_02_mir/recover-20221013/UBNA_001/20221012_030000.WAV,Telephone Field,recover-20221013,001,1795
344.8045,344.846,68437,82884,Rhinolophus ferrumequinum,0.028,0.028,-1,Echolocation,/mnt/ubna_data_02_mir/recover-20221013/UBNA_001/20221012_030000.WAV,Telephone Field,recover-20221013,001,1795
344.8185,344.8285,45234,49480,Pipistrellus pipistrellus,0.02,0.023,-1,Echolocation,/mnt/ubna_data_02_mir/recover-20221013/UBNA_001/20221012_030000.WAV,Telephone Field,recover-20221013,001,1795
344.8395,344.8795,68437,82436,Rhinolophus ferrumequinum,0.023,0.023,-1,Echolocation,/mnt/ubna_data_02_mir/recover-20221013/UBNA_001/20221012_030000.WAV,Telephone Field,recover-20221013,001,1795
344.8445,344.8557,22031,26780,Nyctalus leisleri,0.012,0.023,-1,Echolocation,/mnt/ubna_data_02_mir/recover-20221013/UBNA_001/20221012_030000.WAV,Telephone Field,recover-20221013,001,1795
344.8605,344.9033,68437,83303,Rhinolophus ferrumequinum,0.03,0.03,-1,Echolocation,/mnt/ubna_data_02_mir/recover-20221013/UBNA_001/20221012_030000.WAV,Telephone Field,recover-20221013,001,1795
344.8895,344.9258,68437,81752,Rhinolophus ferrumequinum,0.022,0.022,-1,Echolocation,/mnt/ubna_data_02_mir/recover-20221013/UBNA_001/20221012_030000.WAV,Telephone Field,recover-20221013,001,1795
344.9255,344.9634,68437,81931,Rhinolophus ferrumequinum,0.023,0.023,-1,Echolocation,/mnt/ubna_data_02_mir/recover-20221013/UBNA_001/20221012_030000.WAV,Telephone Field,recover-20221013,001,1795
344.9475,344.9884,68437,82439,Rhinolophus ferrumequinum,0.037,0.037,-1,Echolocation,/mnt/ubna_data_02_mir/recover-20221013/UBNA_001/20221012_030000.WAV,Telephone Field,recover-20221013,001,1795
344.9595,344.9703,26328,32696,Eptesicus serotinus,0.014,0.028,-1,Echolocation,/mnt/ubna_data_02_mir/recover-20221013/UBNA_001/20221012_030000.WAV,Telephone Field,recover-20221013,001,1795
345.0025,345.0125,28046,36233,Eptesicus serotinus,0.009,0.021,-1,Echolocation,/mnt/ubna_data_02_mir/recover-20221013/UBNA_001/20221012_030000.WAV,Telephone Field,recover-20221013,001,1795
345.0095,345.0466,68437,82226,Rhinolophus ferrumequinum,0.025,0.025,-1,Echolocation,/mnt/ubna_data_02_mir/recover-20221013/UBNA_001/20221012_030000.WAV,Telephone Field,recover-20221013,001,1795
345.0325,345.0682,68437,81261,Rhinolophus ferrumequinum,0.022,0.022,-1,Echolocation,/mnt/ubna_data_02_mir/recover-20221013/UBNA_001/20221012_030000.WAV,Telephone Field,recover-20221013,001,1795
345.0515,345.062,22890,27436,Nyctalus leisleri,0.011,0.024,-1,Echolocation,/mnt/ubna_data_02_mir/recover-20221013/UBNA_001/20221012_030000.WAV,Telephone Field,recover-20221013,001,1795
345.0595,345.0979,68437,81968,Rhinolophus ferrumequinum,0.023,0.023,-1,Echolocation,/mnt/ubna_data_02_mir/recover-20221013/UBNA_001/20221012_030000.WAV,Telephone Field,recover-20221013,001,1795
345.08050000000003,345.1167,68437,81770,Rhinolophus ferrumequinum,0.022,0.022,-1,Echolocation,/mnt/ubna_data_02_mir/recover-20221013/UBNA_001/20221012_030000.WAV,Telephone Field,recover-20221013,001,1795
345.0995,345.1391,68437,82341,Rhinolophus ferrumequinum,0.023,0.023,-1,Echolocation,/mnt/ubna_data_02_mir/recover-20221013/UBNA_001/20221012_030000.WAV,Telephone Field,recover-20221013,001,1795
345.1555,345.1658,24609,31084,Nyctalus leisleri,0.008,0.022,-1,Echolocation,/mnt/ubna_data_02_mir/recover-20221013/UBNA_001/20221012_030000.WAV,Telephone Field,recover-20221013,001,1795
345.1565,345.1961,68437,81534,Rhinolophus ferrumequinum,0.022,0.022,-1,Echolocation,/mnt/ubna_data_02_mir/recover-20221013/UBNA_001/20221012_030000.WAV,Telephone Field,recover-20221013,001,1795
345.1655,345.1732,27187,37521,Eptesicus serotinus,0.007,0.022,-1,Echolocation,/mnt/ubna_data_02_mir/recover-20221013/UBNA_001/20221012_030000.WAV,Telephone Field,recover-20221013,001,1795
345.1925,345.2134,17734,20878,Nyctalus noctula,0.012,0.022,-1,Echolocation,/mnt/ubna_data_02_mir/recover-20221013/UBNA_001/20221012_030000.WAV,Telephone Field,recover-20221013,001,1795
345.2135,345.2518,68437,81747,Rhinolophus ferrumequinum,0.022,0.022,-1,Echolocation,/mnt/ubna_data_02_mir/recover-20221013/UBNA_001/20221012_030000.WAV,Telephone Field,recover-20221013,001,1795
345.2205,345.2298,23750,30580,Nyctalus leisleri,0.006,0.023,-1,Echolocation,/mnt/ubna_data_02_mir/recover-20221013/UBNA_001/20221012_030000.WAV,Telephone Field,recover-20221013,001,1795
345.2455,345.2562,36640,41644,Pipistrellus nathusii,0.014,0.026,-1,Echolocation,/mnt/ubna_data_02_mir/recover-20221013/UBNA_001/20221012_030000.WAV,Telephone Field,recover-20221013,001,1795
345.2465,345.2815,68437,81501,Rhinolophus ferrumequinum,0.022,0.022,-1,Echolocation,/mnt/ubna_data_02_mir/recover-20221013/UBNA_001/20221012_030000.WAV,Telephone Field,recover-20221013,001,1795
345.2675,345.3087,68437,82007,Rhinolophus ferrumequinum,0.023,0.023,-1,Echolocation,/mnt/ubna_data_02_mir/recover-20221013/UBNA_001/20221012_030000.WAV,Telephone Field,recover-20221013,001,1795
345.2705,345.2812,22890,26534,Nyctalus leisleri,0.012,0.022,-1,Echolocation,/mnt/ubna_data_02_mir/recover-20221013/UBNA_001/20221012_030000.WAV,Telephone Field,recover-20221013,001,1795
345.2765,345.314,68437,81866,Rhinolophus ferrumequinum,0.022,0.022,-1,Echolocation,/mnt/ubna_data_02_mir/recover-20221013/UBNA_001/20221012_030000.WAV,Telephone Field,recover-20221013,001,1795
345.2875,345.2959,31484,42694,Myotis daubentonii,0.009,0.021,-1,Echolocation,/mnt/ubna_data_02_mir/recover-20221013/UBNA_001/20221012_030000.WAV,Telephone Field,recover-20221013,001,1795
345.3055,345.3409,68437,81467,Rhinolophus ferrumequinum,0.021,0.021,-1,Echolocation,/mnt/ubna_data_02_mir/recover-20221013/UBNA_001/20221012_030000.WAV,Telephone Field,recover-20221013,001,1795
345.3255,345.3405,22890,26834,Nyctalus leisleri,0.014,0.024,-1,Echolocation,/mnt/ubna_data_02_mir/recover-20221013/UBNA_001/20221012_030000.WAV,Telephone Field,recover-20221013,001,1795
345.3275,345.3646,68437,81767,Rhinolophus ferrumequinum,0.023,0.023,-1,Echolocation,/mnt/ubna_data_02_mir/recover-20221013/UBNA_001/20221012_030000.WAV,Telephone Field,recover-20221013,001,1795
345.3705,345.4108,68437,82480,Rhinolophus ferrumequinum,0.025,0.025,-1,Echolocation,/mnt/ubna_data_02_mir/recover-20221013/UBNA_001/20221012_030000.WAV,Telephone Field,recover-20221013,001,1795
345.3845,345.3913,25468,39445,Myotis nattereri,0.005,0.024,-1,Echolocation,/mnt/ubna_data_02_mir/recover-20221013/UBNA_001/20221012_030000.WAV,Telephone Field,recover-20221013,001,1795
345.3975,345.4399,68437,83178,Rhinolophus ferrumequinum,0.025,0.025,-1,Echolocation,/mnt/ubna_data_02_mir/recover-20221013/UBNA_001/20221012_030000.WAV,Telephone Field,recover-20221013,001,1795
345.4065,345.44780000000003,68437,82655,Rhinolophus ferrumequinum,0.025,0.025,-1,Echolocation,/mnt/ubna_data_02_mir/recover-20221013/UBNA_001/20221012_030000.WAV,Telephone Field,recover-20221013,001,1795
345.4135,345.4542,68437,82652,Rhinolophus ferrumequinum,0.023,0.023,-1,Echolocation,/mnt/ubna_data_02_mir/recover-20221013/UBNA_001/20221012_030000.WAV,Telephone Field,recover-20221013,001,1795
345.4235,345.4344,27187,33874,Eptesicus serotinus,0.01,0.022,-1,Echolocation,/mnt/ubna_data_02_mir/recover-20221013/UBNA_001/20221012_030000.WAV,Telephone Field,recover-20221013,001,1795
345.4485,345.4875,68437,82201,Rhinolophus ferrumequinum,0.021,0.021,-1,Echolocation,/mnt/ubna_data_02_mir/recover-20221013/UBNA_001/20221012_030000.WAV,Telephone Field,recover-20221013,001,1795
345.45550000000003,345.4657,22890,27087,Nyctalus leisleri,0.011,0.021,-1,Echolocation,/mnt/ubna_data_02_mir/recover-20221013/UBNA_001/20221012_030000.WAV,Telephone Field,recover-20221013,001,1795
345.4695,345.5075,68437,81983,Rhinolophus ferrumequinum,0.025,0.025,-1,Echolocation,/mnt/ubna_data_02_mir/recover-20221013/UBNA_001/20221012_030000.WAV,Telephone Field,recover-20221013,001,1795
345.5205,345.5311,25468,31214,Nyctalus leisleri,0.012,0.032,-1,Echolocation,/mnt/ubna_data_02_mir/recover-20221013/UBNA_001/20221012_030000.WAV,Telephone Field,recover-20221013,001,1795
345.5345,345.5428,28906,39867,Eptesicus serotinus,0.007,0.022,-1,Echolocation,/mnt/ubna_data_02_mir/recover-20221013/UBNA_001/20221012_030000.WAV,Telephone Field,recover-20221013,001,1795
345.5405,345.5781,68437,82566,Rhinolophus ferrumequinum,0.028,0.028,-1,Echolocation,/mnt/ubna_data_02_mir/recover-20221013/UBNA_001/20221012_030000.WAV,Telephone Field,recover-20221013,001,1795
345.5475,345.5844,68437,81444,Rhinolophus ferrumequinum,0.021,0.021,-1,Echolocation,/mnt/ubna_data_02_mir/recover-20221013/UBNA_001/20221012_030000.WAV,Telephone Field,recover-20221013,001,1795
345.5725,345.6126,68437,82993,Rhinolophus ferrumequinum,0.023,0.023,-1,Echolocation,/mnt/ubna_data_02_mir/recover-20221013/UBNA_001/20221012_030000.WAV,Telephone Field,recover-20221013,001,1795
345.5885,345.5963,23750,31765,Plecotus austriacus,0.009,0.021,-1,Echolocation,/mnt/ubna_data_02_mir/recover-20221013/UBNA_001/20221012_030000.WAV,Telephone Field,recover-20221013,001,1795
345.6065,345.6465,68437,82371,Rhinolophus ferrumequinum,0.021,0.021,-1,Echolocation,/mnt/ubna_data_02_mir/recover-20221013/UBNA_001/20221012_030000.WAV,Telephone Field,recover-20221013,001,1795
345.6095,345.6203,23750,28899,Nyctalus leisleri,0.011,0.022,-1,Echolocation,/mnt/ubna_data_02_mir/recover-20221013/UBNA_001/20221012_030000.WAV,Telephone Field,recover-20221013,001,1795
345.6425,345.6821,68437,82214,Rhinolophus ferrumequinum,0.022,0.022,-1,Echolocation,/mnt/ubna_data_02_mir/recover-20221013/UBNA_001/20221012_030000.WAV,Telephone Field,recover-20221013,001,1795
345.6985,345.737,68437,81831,Rhinolophus ferrumequinum,0.021,0.021,-1,Echolocation,/mnt/ubna_data_02_mir/recover-20221013/UBNA_001/20221012_030000.WAV,Telephone Field,recover-20221013,001,1795
345.7005,345.7203,20312,23328,Nyctalus leisleri,0.015,0.027,-1,Echolocation,/mnt/ubna_data_02_mir/recover-20221013/UBNA_001/20221012_030000.WAV,Telephone Field,recover-20221013,001,1795
345.7095,345.7466,68437,81614,Rhinolophus ferrumequinum,0.022,0.022,-1,Echolocation,/mnt/ubna_data_02_mir/recover-20221013/UBNA_001/20221012_030000.WAV,Telephone Field,recover-20221013,001,1795
345.7125,345.7244,22890,27581,Nyctalus leisleri,0.011,0.021,-1,Echolocation,/mnt/ubna_data_02_mir/recover-20221013/UBNA_001/20221012_030000.WAV,Telephone Field,recover-20221013,001,1795
345.7335,345.7724,68437,82132,Rhinolophus ferrumequinum,0.025,0.025,-1,Echolocation,/mnt/ubna_data_02_mir/recover-20221013/UBNA_001/20221012_030000.WAV,Telephone Field,recover-20221013,001,1795
345.7335,345.7408,28906,38787,Eptesicus serotinus,0.009,0.027,-1,Echolocation,/mnt/ubna_data_02_mir/recover-20221013/UBNA_001/20221012_030000.WAV,Telephone Field,recover-20221013,001,1795
345.7635,345.8014,68437,81667,Rhinolophus ferrumequinum,0.021,0.021,-1,Echolocation,/mnt/ubna_data_02_mir/recover-20221013/UBNA_001/20221012_030000.WAV,Telephone Field,recover-20221013,001,1795
345.7785,345.7952,21171,24950,Nyctalus leisleri,0.023,0.044,-1,Echolocation,/mnt/ubna_data_02_mir/recover-20221013/UBNA_001/20221012_030000.WAV,Telephone Field,recover-20221013,001,1795
345.8045,345.8485,68437,83074,Rhinolophus ferrumequinum,0.025,0.025,-1,Echolocation,/mnt/ubna_data_02_mir/recover-20221013/UBNA_001/20221012_030000.WAV,Telephone Field,recover-20221013,001,1795
345.8315,345.8714,68437,82340,Rhinolophus ferrumequinum,0.024,0.024,-1,Echolocation,/mnt/ubna_data_02_mir/recover-20221013/UBNA_001/20221012_030000.WAV,Telephone Field,recover-20221013,001,1795
345.8525,345.8925,68437,82139,Rhinolophus ferrumequinum,0.022,0.022,-1,Echolocation,/mnt/ubna_data_02_mir/recover-20221013/UBNA_001/20221012_030000.WAV,Telephone Field,recover-20221013,001,1795
345.8715,345.8795,31484,41850,Myotis daubentonii,0.008,0.021,-1,Echolocation,/mnt/ubna_data_02_mir/recover-20221013/UBNA_001/20221012_030000.WAV,Telephone Field,recover-20221013,001,1795
345.8975,345.9359,68437,81617,Rhinolophus ferrumequinum,0.021,0.021,-1,Echolocation,/mnt/ubna_data_02_mir/recover-20221013/UBNA_001/20221012_030000.WAV,Telephone Field,recover-20221013,001,1795
345.9035,345.9436,68437,82233,Rhinolophus ferrumequinum,0.021,0.021,-1,Echolocation,/mnt/ubna_data_02_mir/recover-20221013/UBNA_001/20221012_030000.WAV,Telephone Field,recover-20221013,001,1795
345.9295,345.9677,68437,81068,Rhinolophus ferrumequinum,0.022,0.023,-1,Echolocation,/mnt/ubna_data_02_mir/recover-20221013/UBNA_001/20221012_030000.WAV,Telephone Field,recover-20221013,001,1795
345.9365,345.975,68437,81573,Rhinolophus ferrumequinum,0.024,0.024,-1,Echolocation,/mnt/ubna_data_02_mir/recover-20221013/UBNA_001/20221012_030000.WAV,Telephone Field,recover-20221013,001,1795
346.0015,346.0132,23750,29267,Nyctalus leisleri,0.019,0.04,-1,Echolocation,/mnt/ubna_data_02_mir/recover-20221013/UBNA_001/20221012_030000.WAV,Telephone Field,recover-20221013,001,1795
346.0015,346.0378,68437,80788,Rhinolophus ferrumequinum,0.051,0.051,-1,Echolocation,/mnt/ubna_data_02_mir/recover-20221013/UBNA_001/20221012_030000.WAV,Telephone Field,recover-20221013,001,1795
346.0095,346.0543,68437,83216,Rhinolophus ferrumequinum,0.027,0.027,-1,Echolocation,/mnt/ubna_data_02_mir/recover-20221013/UBNA_001/20221012_030000.WAV,Telephone Field,recover-20221013,001,1795
346.0135,346.0215,28046,39449,Eptesicus serotinus,0.007,0.023,-1,Echolocation,/mnt/ubna_data_02_mir/recover-20221013/UBNA_001/20221012_030000.WAV,Telephone Field,recover-20221013,001,1795
346.0545,346.0628,28906,37815,Eptesicus serotinus,0.009,0.025,-1,Echolocation,/mnt/ubna_data_02_mir/recover-20221013/UBNA_001/20221012_030000.WAV,Telephone Field,recover-20221013,001,1795
346.0875,346.1256,68437,82217,Rhinolophus ferrumequinum,0.022,0.022,-1,Echolocation,/mnt/ubna_data_02_mir/recover-20221013/UBNA_001/20221012_030000.WAV,Telephone Field,recover-20221013,001,1795
346.1065,346.1453,68437,82312,Rhinolophus ferrumequinum,0.026,0.026,-1,Echolocation,/mnt/ubna_data_02_mir/recover-20221013/UBNA_001/20221012_030000.WAV,Telephone Field,recover-20221013,001,1795
346.1325,346.1707,68437,81569,Rhinolophus ferrumequinum,0.023,0.023,-1,Echolocation,/mnt/ubna_data_02_mir/recover-20221013/UBNA_001/20221012_030000.WAV,Telephone Field,recover-20221013,001,1795
346.1465,346.1831,68437,81114,Rhinolophus ferrumequinum,0.024,0.024,-1,Echolocation,/mnt/ubna_data_02_mir/recover-20221013/UBNA_001/20221012_030000.WAV,Telephone Field,recover-20221013,001,1795
346.1675,346.2053,68437,82316,Rhinolophus ferrumequinum,0.023,0.023,-1,Echolocation,/mnt/ubna_data_02_mir/recover-20221013/UBNA_001/20221012_030000.WAV,Telephone Field,recover-20221013,001,1795
346.1915,346.2261,68437,80141,Rhinolophus ferrumequinum,0.023,0.023,-1,Echolocation,/mnt/ubna_data_02_mir/recover-20221013/UBNA_001/20221012_030000.WAV,Telephone Field,recover-20221013,001,1795
346.2155,346.2459,68437,80069,Rhinolophus ferrumequinum,0.025,0.025,-1,Echolocation,/mnt/ubna_data_02_mir/recover-20221013/UBNA_001/20221012_030000.WAV,Telephone Field,recover-20221013,001,1795
346.2655,346.3047,68437,82675,Rhinolophus ferrumequinum,0.028,0.028,-1,Echolocation,/mnt/ubna_data_02_mir/recover-20221013/UBNA_001/20221012_030000.WAV,Telephone Field,recover-20221013,001,1795
346.2885,346.3015,53828,59131,Pipistrellus pygmaeus,0.015,0.023,-1,Echolocation,/mnt/ubna_data_02_mir/recover-20221013/UBNA_001/20221012_030000.WAV,Telephone Field,recover-20221013,001,1795
346.3135,346.3216,23750,32043,Plecotus austriacus,0.008,0.022,-1,Echolocation,/mnt/ubna_data_02_mir/recover-20221013/UBNA_001/20221012_030000.WAV,Telephone Field,recover-20221013,001,1795
346.3395,346.3768,68437,81583,Rhinolophus ferrumequinum,0.026,0.026,-1,Echolocation,/mnt/ubna_data_02_mir/recover-20221013/UBNA_001/20221012_030000.WAV,Telephone Field,recover-20221013,001,1795
346.3535,346.39300000000003,68437,82160,Rhinolophus ferrumequinum,0.023,0.023,-1,Echolocation,/mnt/ubna_data_02_mir/recover-20221013/UBNA_001/20221012_030000.WAV,Telephone Field,recover-20221013,001,1795
346.3775,346.3864,28046,40235,Eptesicus serotinus,0.014,0.035,-1,Echolocation,/mnt/ubna_data_02_mir/recover-20221013/UBNA_001/20221012_030000.WAV,Telephone Field,recover-20221013,001,1795
346.4245,346.4651,68437,82698,Rhinolophus ferrumequinum,0.027,0.027,-1,Echolocation,/mnt/ubna_data_02_mir/recover-20221013/UBNA_001/20221012_030000.WAV,Telephone Field,recover-20221013,001,1795
346.4345,346.4738,68437,82430,Rhinolophus ferrumequinum,0.022,0.022,-1,Echolocation,/mnt/ubna_data_02_mir/recover-20221013/UBNA_001/20221012_030000.WAV,Telephone Field,recover-20221013,001,1795
346.4465,346.4881,68437,82613,Rhinolophus ferrumequinum,0.027,0.027,-1,Echolocation,/mnt/ubna_data_02_mir/recover-20221013/UBNA_001/20221012_030000.WAV,Telephone Field,recover-20221013,001,1795
346.4665,346.4889,17734,20435,Nyctalus noctula,0.015,0.027,-1,Echolocation,/mnt/ubna_data_02_mir/recover-20221013/UBNA_001/20221012_030000.WAV,Telephone Field,recover-20221013,001,1795
346.4735,346.5156,68437,82975,Rhinolophus ferrumequinum,0.032,0.032,-1,Echolocation,/mnt/ubna_data_02_mir/recover-20221013/UBNA_001/20221012_030000.WAV,Telephone Field,recover-20221013,001,1795
346.47950000000003,346.5227,68437,83104,Rhinolophus ferrumequinum,0.032,0.032,-1,Echolocation,/mnt/ubna_data_02_mir/recover-20221013/UBNA_001/20221012_030000.WAV,Telephone Field,recover-20221013,001,1795
346.4815,346.4928,23750,29452,Nyctalus leisleri,0.01,0.022,-1,Echolocation,/mnt/ubna_data_02_mir/recover-20221013/UBNA_001/20221012_030000.WAV,Telephone Field,recover-20221013,001,1795
346.5275,346.5672,68437,82172,Rhinolophus ferrumequinum,0.022,0.022,-1,Echolocation,/mnt/ubna_data_02_mir/recover-20221013/UBNA_001/20221012_030000.WAV,Telephone Field,recover-20221013,001,1795
346.5375,346.5457,28046,40019,Eptesicus serotinus,0.01,0.026,-1,Echolocation,/mnt/ubna_data_02_mir/recover-20221013/UBNA_001/20221012_030000.WAV,Telephone Field,recover-20221013,001,1795
346.5455,346.5868,68437,82450,Rhinolophus ferrumequinum,0.023,0.023,-1,Echolocation,/mnt/ubna_data_02_mir/recover-20221013/UBNA_001/20221012_030000.WAV,Telephone Field,recover-20221013,001,1795
346.5535,346.5936,68437,82649,Rhinolophus ferrumequinum,0.023,0.023,-1,Echolocation,/mnt/ubna_data_02_mir/recover-20221013/UBNA_001/20221012_030000.WAV,Telephone Field,recover-20221013,001,1795
346.6025,346.6426,68437,81898,Rhinolophus ferrumequinum,0.022,0.022,-1,Echolocation,/mnt/ubna_data_02_mir/recover-20221013/UBNA_001/20221012_030000.WAV,Telephone Field,recover-20221013,001,1795
346.6125,346.65409999999997,68437,82860,Rhinolophus ferrumequinum,0.025,0.025,-1,Echolocation,/mnt/ubna_data_02_mir/recover-20221013/UBNA_001/20221012_030000.WAV,Telephone Field,recover-20221013,001,1795
346.6125,346.61990000000003,23750,32192,Plecotus austriacus,0.009,0.022,-1,Echolocation,/mnt/ubna_data_02_mir/recover-20221013/UBNA_001/20221012_030000.WAV,Telephone Field,recover-20221013,001,1795
346.6485,346.6836,68437,81386,Rhinolophus ferrumequinum,0.022,0.022,-1,Echolocation,/mnt/ubna_data_02_mir/recover-20221013/UBNA_001/20221012_030000.WAV,Telephone Field,recover-20221013,001,1795
346.7405,346.7471,28046,38872,Eptesicus serotinus,0.007,0.027,-1,Echolocation,/mnt/ubna_data_02_mir/recover-20221013/UBNA_001/20221012_030000.WAV,Telephone Field,recover-20221013,001,1795
346.7655,346.8054,68437,82012,Rhinolophus ferrumequinum,0.023,0.023,-1,Echolocation,/mnt/ubna_data_02_mir/recover-20221013/UBNA_001/20221012_030000.WAV,Telephone Field,recover-20221013,001,1795
346.77049999999997,346.7793,22890,30625,Plecotus austriacus,0.012,0.027,-1,Echolocation,/mnt/ubna_data_02_mir/recover-20221013/UBNA_001/20221012_030000.WAV,Telephone Field,recover-20221013,001,1795
346.7875,346.8252,68437,82349,Rhinolophus ferrumequinum,0.025,0.025,-1,Echolocation,/mnt/ubna_data_02_mir/recover-20221013/UBNA_001/20221012_030000.WAV,Telephone Field,recover-20221013,001,1795
346.8365,346.8738,68437,82276,Rhinolophus ferrumequinum,0.022,0.022,-1,Echolocation,/mnt/ubna_data_02_mir/recover-20221013/UBNA_001/20221012_030000.WAV,Telephone Field,recover-20221013,001,1795
346.8465,346.8563,28046,35939,Eptesicus serotinus,0.009,0.023,-1,Echolocation,/mnt/ubna_data_02_mir/recover-20221013/UBNA_001/20221012_030000.WAV,Telephone Field,recover-20221013,001,1795
346.8615,346.9052,68437,83447,Rhinolophus ferrumequinum,0.034,0.034,-1,Echolocation,/mnt/ubna_data_02_mir/recover-20221013/UBNA_001/20221012_030000.WAV,Telephone Field,recover-20221013,001,1795
346.8665,346.8741,27187,37867,Eptesicus serotinus,0.007,0.024,-1,Echolocation,/mnt/ubna_data_02_mir/recover-20221013/UBNA_001/20221012_030000.WAV,Telephone Field,recover-20221013,001,1795
346.9005,346.9383,68437,81940,Rhinolophus ferrumequinum,0.022,0.022,-1,Echolocation,/mnt/ubna_data_02_mir/recover-20221013/UBNA_001/20221012_030000.WAV,Telephone Field,recover-20221013,001,1795
346.9315,346.9685,68437,81328,Rhinolophus ferrumequinum,0.024,0.024,-1,Echolocation,/mnt/ubna_data_02_mir/recover-20221013/UBNA_001/20221012_030000.WAV,Telephone Field,recover-20221013,001,1795
346.9455,346.9566,22890,28289,Nyctalus leisleri,0.016,0.034,-1,Echolocation,/mnt/ubna_data_02_mir/recover-20221013/UBNA_001/20221012_030000.WAV,Telephone Field,recover-20221013,001,1795
346.9475,346.989,68437,82283,Rhinolophus ferrumequinum,0.037,0.038,-1,Echolocation,/mnt/ubna_data_02_mir/recover-20221013/UBNA_001/20221012_030000.WAV,Telephone Field,recover-20221013,001,1795
346.9655,347.0031,68437,82011,Rhinolophus ferrumequinum,0.022,0.022,-1,Echolocation,/mnt/ubna_data_02_mir/recover-20221013/UBNA_001/20221012_030000.WAV,Telephone Field,recover-20221013,001,1795
346.9905,347.0289,68437,82006,Rhinolophus ferrumequinum,0.022,0.022,-1,Echolocation,/mnt/ubna_data_02_mir/recover-20221013/UBNA_001/20221012_030000.WAV,Telephone Field,recover-20221013,001,1795
347.0115,347.0491,68437,81411,Rhinolophus ferrumequinum,0.022,0.022,-1,Echolocation,/mnt/ubna_data_02_mir/recover-20221013/UBNA_001/20221012_030000.WAV,Telephone Field,recover-20221013,001,1795
347.0155,347.0256,27187,36431,Eptesicus serotinus,0.009,0.023,-1,Echolocation,/mnt/ubna_data_02_mir/recover-20221013/UBNA_001/20221012_030000.WAV,Telephone Field,recover-20221013,001,1795
347.0335,347.0739,68437,82281,Rhinolophus ferrumequinum,0.025,0.025,-1,Echolocation,/mnt/ubna_data_02_mir/recover-20221013/UBNA_001/20221012_030000.WAV,Telephone Field,recover-20221013,001,1795
347.0435,347.0821,68437,82727,Rhinolophus ferrumequinum,0.023,0.023,-1,Echolocation,/mnt/ubna_data_02_mir/recover-20221013/UBNA_001/20221012_030000.WAV,Telephone Field,recover-20221013,001,1795
347.0585,347.0948,68437,81074,Rhinolophus ferrumequinum,0.022,0.022,-1,Echolocation,/mnt/ubna_data_02_mir/recover-20221013/UBNA_001/20221012_030000.WAV,Telephone Field,recover-20221013,001,1795
347.0665,347.1043,69296,82466,Rhinolophus ferrumequinum,0.025,0.025,-1,Echolocation,/mnt/ubna_data_02_mir/recover-20221013/UBNA_001/20221012_030000.WAV,Telephone Field,recover-20221013,001,1795
347.08050000000003,347.0889,28046,36399,Eptesicus serotinus,0.011,0.025,-1,Echolocation,/mnt/ubna_data_02_mir/recover-20221013/UBNA_001/20221012_030000.WAV,Telephone Field,recover-20221013,001,1795
347.1005,347.1376,68437,82252,Rhinolophus ferrumequinum,0.024,0.024,-1,Echolocation,/mnt/ubna_data_02_mir/recover-20221013/UBNA_001/20221012_030000.WAV,Telephone Field,recover-20221013,001,1795
347.1565,347.1942,68437,82102,Rhinolophus ferrumequinum,0.023,0.023,-1,Echolocation,/mnt/ubna_data_02_mir/recover-20221013/UBNA_001/20221012_030000.WAV,Telephone Field,recover-20221013,001,1795
347.1855,347.1931,40937,52333,Myotis daubentonii,0.008,0.023,-1,Echolocation,/mnt/ubna_data_02_mir/recover-20221013/UBNA_001/20221012_030000.WAV,Telephone Field,recover-20221013,001,1795
347.2445,347.2839,68437,82531,Rhinolophus ferrumequinum,0.025,0.025,-1,Echolocation,/mnt/ubna_data_02_mir/recover-20221013/UBNA_001/20221012_030000.WAV,Telephone Field,recover-20221013,001,1795
347.3225,347.331,26328,36242,Eptesicus serotinus,0.009,0.024,-1,Echolocation,/mnt/ubna_data_02_mir/recover-20221013/UBNA_001/20221012_030000.WAV,Telephone Field,recover-20221013,001,1795
347.3505,347.3879,68437,81530,Rhinolophus ferrumequinum,0.022,0.022,-1,Echolocation,/mnt/ubna_data_02_mir/recover-20221013/UBNA_001/20221012_030000.WAV,Telephone Field,recover-20221013,001,1795
347.3665,347.3788,24609,30498,Nyctalus leisleri,0.009,0.023,-1,Echolocation,/mnt/ubna_data_02_mir/recover-20221013/UBNA_001/20221012_030000.WAV,Telephone Field,recover-20221013,001,1795
347.3905,347.4313,68437,83091,Rhinolophus ferrumequinum,0.029,0.029,-1,Echolocation,/mnt/ubna_data_02_mir/recover-20221013/UBNA_001/20221012_030000.WAV,Telephone Field,recover-20221013,001,1795
347.4235,347.4661,68437,82896,Rhinolophus ferrumequinum,0.025,0.025,-1,Echolocation,/mnt/ubna_data_02_mir/recover-20221013/UBNA_001/20221012_030000.WAV,Telephone Field,recover-20221013,001,1795
347.4435,347.4867,68437,83167,Rhinolophus ferrumequinum,0.043,0.043,-1,Echolocation,/mnt/ubna_data_02_mir/recover-20221013/UBNA_001/20221012_030000.WAV,Telephone Field,recover-20221013,001,1795
347.4655,347.5054,68437,82468,Rhinolophus ferrumequinum,0.024,0.024,-1,Echolocation,/mnt/ubna_data_02_mir/recover-20221013/UBNA_001/20221012_030000.WAV,Telephone Field,recover-20221013,001,1795
347.4715,347.5115,68437,82622,Rhinolophus ferrumequinum,0.026,0.026,-1,Echolocation,/mnt/ubna_data_02_mir/recover-20221013/UBNA_001/20221012_030000.WAV,Telephone Field,recover-20221013,001,1795
347.4945,347.535,68437,83249,Rhinolophus ferrumequinum,0.025,0.025,-1,Echolocation,/mnt/ubna_data_02_mir/recover-20221013/UBNA_001/20221012_030000.WAV,Telephone Field,recover-20221013,001,1795
347.5215,347.53430000000003,22890,28948,Nyctalus leisleri,0.017,0.035,-1,Echolocation,/mnt/ubna_data_02_mir/recover-20221013/UBNA_001/20221012_030000.WAV,Telephone Field,recover-20221013,001,1795
347.5335,347.5447,23750,28673,Nyctalus leisleri,0.011,0.023,-1,Echolocation,/mnt/ubna_data_02_mir/recover-20221013/UBNA_001/20221012_030000.WAV,Telephone Field,recover-20221013,001,1795
347.5405,347.5791,68437,82701,Rhinolophus ferrumequinum,0.028,0.029,-1,Echolocation,/mnt/ubna_data_02_mir/recover-20221013/UBNA_001/20221012_030000.WAV,Telephone Field,recover-20221013,001,1795
347.5635,347.6053,68437,82992,Rhinolophus ferrumequinum,0.033,0.033,-1,Echolocation,/mnt/ubna_data_02_mir/recover-20221013/UBNA_001/20221012_030000.WAV,Telephone Field,recover-20221013,001,1795
347.5885,347.6256,68437,81363,Rhinolophus ferrumequinum,0.023,0.023,-1,Echolocation,/mnt/ubna_data_02_mir/recover-20221013/UBNA_001/20221012_030000.WAV,Telephone Field,recover-20221013,001,1795
347.60450000000003,347.61469999999997,22890,28244,Nyctalus leisleri,0.011,0.024,-1,Echolocation,/mnt/ubna_data_02_mir/recover-20221013/UBNA_001/20221012_030000.WAV,Telephone Field,recover-20221013,001,1795
347.6065,347.6443,68437,81944,Rhinolophus ferrumequinum,0.024,0.024,-1,Echolocation,/mnt/ubna_data_02_mir/recover-20221013/UBNA_001/20221012_030000.WAV,Telephone Field,recover-20221013,001,1795
347.6175,347.6266,22890,29707,Plecotus austriacus,0.007,0.022,-1,Echolocation,/mnt/ubna_data_02_mir/recover-20221013/UBNA_001/20221012_030000.WAV,Telephone Field,recover-20221013,001,1795
347.6195,347.6571,68437,82374,Rhinolophus ferrumequinum,0.025,0.025,-1,Echolocation,/mnt/ubna_data_02_mir/recover-20221013/UBNA_001/20221012_030000.WAV,Telephone Field,recover-20221013,001,1795
347.6525,347.6922,68437,82690,Rhinolophus ferrumequinum,0.023,0.023,-1,Echolocation,/mnt/ubna_data_02_mir/recover-20221013/UBNA_001/20221012_030000.WAV,Telephone Field,recover-20221013,001,1795
347.6625,347.6741,25468,31553,Nyctalus leisleri,0.014,0.036,-1,Echolocation,/mnt/ubna_data_02_mir/recover-20221013/UBNA_001/20221012_030000.WAV,Telephone Field,recover-20221013,001,1795
347.7425,347.7857,68437,83253,Rhinolophus ferrumequinum,0.033,0.033,-1,Echolocation,/mnt/ubna_data_02_mir/recover-20221013/UBNA_001/20221012_030000.WAV,Telephone Field,recover-20221013,001,1795
347.7555,347.7663,22890,27951,Nyctalus leisleri,0.013,0.025,-1,Echolocation,/mnt/ubna_data_02_mir/recover-20221013/UBNA_001/20221012_030000.WAV,Telephone Field,recover-20221013,001,1795
347.7795,347.7916,28906,35121,Eptesicus serotinus,0.014,0.03,-1,Echolocation,/mnt/ubna_data_02_mir/recover-20221013/UBNA_001/20221012_030000.WAV,Telephone Field,recover-20221013,001,1795
347.7845,347.82280000000003,68437,81588,Rhinolophus ferrumequinum,0.024,0.024,-1,Echolocation,/mnt/ubna_data_02_mir/recover-20221013/UBNA_001/20221012_030000.WAV,Telephone Field,recover-20221013,001,1795
347.7925,347.8002,28046,38808,Eptesicus serotinus,0.007,0.022,-1,Echolocation,/mnt/ubna_data_02_mir/recover-20221013/UBNA_001/20221012_030000.WAV,Telephone Field,recover-20221013,001,1795
347.8215,347.859,68437,82554,Rhinolophus ferrumequinum,0.022,0.023,-1,Echolocation,/mnt/ubna_data_02_mir/recover-20221013/UBNA_001/20221012_030000.WAV,Telephone Field,recover-20221013,001,1795
347.8675,347.8745,27187,36769,Eptesicus serotinus,0.008,0.022,-1,Echolocation,/mnt/ubna_data_02_mir/recover-20221013/UBNA_001/20221012_030000.WAV,Telephone Field,recover-20221013,001,1795
347.8685,347.9078,68437,82558,Rhinolophus ferrumequinum,0.023,0.023,-1,Echolocation,/mnt/ubna_data_02_mir/recover-20221013/UBNA_001/20221012_030000.WAV,Telephone Field,recover-20221013,001,1795
347.9115,347.9488,68437,82443,Rhinolophus ferrumequinum,0.022,0.022,-1,Echolocation,/mnt/ubna_data_02_mir/recover-20221013/UBNA_001/20221012_030000.WAV,Telephone Field,recover-20221013,001,1795
347.9805,347.99,22031,28326,Plecotus austriacus,0.008,0.022,-1,Echolocation,/mnt/ubna_data_02_mir/recover-20221013/UBNA_001/20221012_030000.WAV,Telephone Field,recover-20221013,001,1795
348.0015,348.0313,69296,81253,Rhinolophus ferrumequinum,0.03,0.03,-1,Echolocation,/mnt/ubna_data_02_mir/recover-20221013/UBNA_001/20221012_030000.WAV,Telephone Field,recover-20221013,001,1795
348.0015,348.0131,51250,56979,Pipistrellus pipistrellus,0.013,0.023,-1,Echolocation,/mnt/ubna_data_02_mir/recover-20221013/UBNA_001/20221012_030000.WAV,Telephone Field,recover-20221013,001,1795
348.0015,348.0144,24609,30996,Nyctalus leisleri,0.018,0.04,-1,Echolocation,/mnt/ubna_data_02_mir/recover-20221013/UBNA_001/20221012_030000.WAV,Telephone Field,recover-20221013,001,1795
348.0085,348.0203,23750,28316,Nyctalus leisleri,0.017,0.032,-1,Echolocation,/mnt/ubna_data_02_mir/recover-20221013/UBNA_001/20221012_030000.WAV,Telephone Field,recover-20221013,001,1795
348.0345,348.0438,54687,59605,Pipistrellus pygmaeus,0.02,0.021,-1,Echolocation,/mnt/ubna_data_02_mir/recover-20221013/UBNA_001/20221012_030000.WAV,Telephone Field,recover-20221013,001,1795
348.0555,348.0943,68437,82422,Rhinolophus ferrumequinum,0.037,0.037,-1,Echolocation,/mnt/ubna_data_02_mir/recover-20221013/UBNA_001/20221012_030000.WAV,Telephone Field,recover-20221013,001,1795
348.0995,348.1095,22031,27378,Nyctalus leisleri,0.009,0.023,-1,Echolocation,/mnt/ubna_data_02_mir/recover-20221013/UBNA_001/20221012_030000.WAV,Telephone Field,recover-20221013,001,1795
348.1055,348.1488,68437,82706,Rhinolophus ferrumequinum,0.032,0.032,-1,Echolocation,/mnt/ubna_data_02_mir/recover-20221013/UBNA_001/20221012_030000.WAV,Telephone Field,recover-20221013,001,1795
348.1395,348.1785,68437,82235,Rhinolophus ferrumequinum,0.023,0.023,-1,Echolocation,/mnt/ubna_data_02_mir/recover-20221013/UBNA_001/20221012_030000.WAV,Telephone Field,recover-20221013,001,1795
348.1465,348.1847,68437,81766,Rhinolophus ferrumequinum,0.021,0.021,-1,Echolocation,/mnt/ubna_data_02_mir/recover-20221013/UBNA_001/20221012_030000.WAV,Telephone Field,recover-20221013,001,1795
348.1625,348.1726,24609,30513,Nyctalus leisleri,0.01,0.023,-1,Echolocation,/mnt/ubna_data_02_mir/recover-20221013/UBNA_001/20221012_030000.WAV,Telephone Field,recover-20221013,001,1795
348.1635,348.20029999999997,68437,81463,Rhinolophus ferrumequinum,0.022,0.022,-1,Echolocation,/mnt/ubna_data_02_mir/recover-20221013/UBNA_001/20221012_030000.WAV,Telephone Field,recover-20221013,001,1795
348.1845,348.2227,68437,82640,Rhinolophus ferrumequinum,0.023,0.023,-1,Echolocation,/mnt/ubna_data_02_mir/recover-20221013/UBNA_001/20221012_030000.WAV,Telephone Field,recover-20221013,001,1795
348.1995,348.2097,22890,28457,Nyctalus leisleri,0.01,0.022,-1,Echolocation,/mnt/ubna_data_02_mir/recover-20221013/UBNA_001/20221012_030000.WAV,Telephone Field,recover-20221013,001,1795
348.20550000000003,348.247,68437,83056,Rhinolophus ferrumequinum,0.033,0.033,-1,Echolocation,/mnt/ubna_data_02_mir/recover-20221013/UBNA_001/20221012_030000.WAV,Telephone Field,recover-20221013,001,1795
348.2135,348.2545,68437,82908,Rhinolophus ferrumequinum,0.025,0.025,-1,Echolocation,/mnt/ubna_data_02_mir/recover-20221013/UBNA_001/20221012_030000.WAV,Telephone Field,recover-20221013,001,1795
348.2475,348.2879,68437,82816,Rhinolophus ferrumequinum,0.023,0.023,-1,Echolocation,/mnt/ubna_data_02_mir/recover-20221013/UBNA_001/20221012_030000.WAV,Telephone Field,recover-20221013,001,1795
348.2575,348.2938,68437,81869,Rhinolophus ferrumequinum,0.023,0.023,-1,Echolocation,/mnt/ubna_data_02_mir/recover-20221013/UBNA_001/20221012_030000.WAV,Telephone Field,recover-20221013,001,1795
348.2995,348.3385,68437,82430,Rhinolophus ferrumequinum,0.024,0.024,-1,Echolocation,/mnt/ubna_data_02_mir/recover-20221013/UBNA_001/20221012_030000.WAV,Telephone Field,recover-20221013,001,1795
348.3155,348.3247,23750,30928,Nyctalus leisleri,0.007,0.021,-1,Echolocation,/mnt/ubna_data_02_mir/recover-20221013/UBNA_001/20221012_030000.WAV,Telephone Field,recover-20221013,001,1795
348.3345,348.371,68437,81982,Rhinolophus ferrumequinum,0.022,0.023,-1,Echolocation,/mnt/ubna_data_02_mir/recover-20221013/UBNA_001/20221012_030000.WAV,Telephone Field,recover-20221013,001,1795
348.3595,348.3714,22031,25666,Nyctalus leisleri,0.014,0.022,-1,Echolocation,/mnt/ubna_data_02_mir/recover-20221013/UBNA_001/20221012_030000.WAV,Telephone Field,recover-20221013,001,1795
348.3665,348.407,68437,82837,Rhinolophus ferrumequinum,0.03,0.03,-1,Echolocation,/mnt/ubna_data_02_mir/recover-20221013/UBNA_001/20221012_030000.WAV,Telephone Field,recover-20221013,001,1795
348.3965,348.4376,68437,82293,Rhinolophus ferrumequinum,0.032,0.032,-1,Echolocation,/mnt/ubna_data_02_mir/recover-20221013/UBNA_001/20221012_030000.WAV,Telephone Field,recover-20221013,001,1795
348.4285,348.4455,22031,25562,Nyctalus leisleri,0.017,0.029,-1,Echolocation,/mnt/ubna_data_02_mir/recover-20221013/UBNA_001/20221012_030000.WAV,Telephone Field,recover-20221013,001,1795
348.4285,348.4674,68437,82246,Rhinolophus ferrumequinum,0.022,0.022,-1,Echolocation,/mnt/ubna_data_02_mir/recover-20221013/UBNA_001/20221012_030000.WAV,Telephone Field,recover-20221013,001,1795
348.4485,348.4576,22890,28964,Plecotus austriacus,0.008,0.022,-1,Echolocation,/mnt/ubna_data_02_mir/recover-20221013/UBNA_001/20221012_030000.WAV,Telephone Field,recover-20221013,001,1795
348.4495,348.4913,68437,82523,Rhinolophus ferrumequinum,0.027,0.027,-1,Echolocation,/mnt/ubna_data_02_mir/recover-20221013/UBNA_001/20221012_030000.WAV,Telephone Field,recover-20221013,001,1795
348.5035,348.5111,24609,34105,Plecotus austriacus,0.007,0.023,-1,Echolocation,/mnt/ubna_data_02_mir/recover-20221013/UBNA_001/20221012_030000.WAV,Telephone Field,recover-20221013,001,1795
348.5045,348.5488,68437,83473,Rhinolophus ferrumequinum,0.043,0.043,-1,Echolocation,/mnt/ubna_data_02_mir/recover-20221013/UBNA_001/20221012_030000.WAV,Telephone Field,recover-20221013,001,1795
348.54449999999997,348.5787,68437,80840,Rhinolophus ferrumequinum,0.022,0.022,-1,Echolocation,/mnt/ubna_data_02_mir/recover-20221013/UBNA_001/20221012_030000.WAV,Telephone Field,recover-20221013,001,1795
348.5705,348.6082,68437,81767,Rhinolophus ferrumequinum,0.022,0.022,-1,Echolocation,/mnt/ubna_data_02_mir/recover-20221013/UBNA_001/20221012_030000.WAV,Telephone Field,recover-20221013,001,1795
348.60450000000003,348.6185,40937,44501,Pipistrellus nathusii,0.015,0.024,-1,Echolocation,/mnt/ubna_data_02_mir/recover-20221013/UBNA_001/20221012_030000.WAV,Telephone Field,recover-20221013,001,1795
348.6065,348.6137,23750,34104,Plecotus austriacus,0.008,0.022,-1,Echolocation,/mnt/ubna_data_02_mir/recover-20221013/UBNA_001/20221012_030000.WAV,Telephone Field,recover-20221013,001,1795
348.6135,348.651,68437,82230,Rhinolophus ferrumequinum,0.022,0.022,-1,Echolocation,/mnt/ubna_data_02_mir/recover-20221013/UBNA_001/20221012_030000.WAV,Telephone Field,recover-20221013,001,1795
348.6215,348.6588,68437,81754,Rhinolophus ferrumequinum,0.024,0.024,-1,Echolocation,/mnt/ubna_data_02_mir/recover-20221013/UBNA_001/20221012_030000.WAV,Telephone Field,recover-20221013,001,1795
348.6375,348.6764,68437,82548,Rhinolophus ferrumequinum,0.035,0.035,-1,Echolocation,/mnt/ubna_data_02_mir/recover-20221013/UBNA_001/20221012_030000.WAV,Telephone Field,recover-20221013,001,1795
348.6885,348.7231,68437,81299,Rhinolophus ferrumequinum,0.023,0.023,-1,Echolocation,/mnt/ubna_data_02_mir/recover-20221013/UBNA_001/20221012_030000.WAV,Telephone Field,recover-20221013,001,1795
348.6905,348.7051,22031,27215,Nyctalus leisleri,0.013,0.029,-1,Echolocation,/mnt/ubna_data_02_mir/recover-20221013/UBNA_001/20221012_030000.WAV,Telephone Field,recover-20221013,001,1795
348.7455,348.756,24609,30329,Nyctalus leisleri,0.01,0.022,-1,Echolocation,/mnt/ubna_data_02_mir/recover-20221013/UBNA_001/20221012_030000.WAV,Telephone Field,recover-20221013,001,1795
348.7675,348.8075,68437,82807,Rhinolophus ferrumequinum,0.032,0.032,-1,Echolocation,/mnt/ubna_data_02_mir/recover-20221013/UBNA_001/20221012_030000.WAV,Telephone Field,recover-20221013,001,1795
348.8425,348.8818,68437,81841,Rhinolophus ferrumequinum,0.025,0.025,-1,Echolocation,/mnt/ubna_data_02_mir/recover-20221013/UBNA_001/20221012_030000.WAV,Telephone Field,recover-20221013,001,1795
348.8685,348.9087,68437,82341,Rhinolophus ferrumequinum,0.022,0.022,-1,Echolocation,/mnt/ubna_data_02_mir/recover-20221013/UBNA_001/20221012_030000.WAV,Telephone Field,recover-20221013,001,1795
348.9045,348.9148,22031,25964,Nyctalus leisleri,0.013,0.022,-1,Echolocation,/mnt/ubna_data_02_mir/recover-20221013/UBNA_001/20221012_030000.WAV,Telephone Field,recover-20221013,001,1795
348.9055,348.9146,46953,50320,Pipistrellus pipistrellus,0.022,0.025,-1,Echolocation,/mnt/ubna_data_02_mir/recover-20221013/UBNA_001/20221012_030000.WAV,Telephone Field,recover-20221013,001,1795
348.9055,348.946,68437,81858,Rhinolophus ferrumequinum,0.029,0.029,-1,Echolocation,/mnt/ubna_data_02_mir/recover-20221013/UBNA_001/20221012_030000.WAV,Telephone Field,recover-20221013,001,1795
348.9655,349.0058,68437,81974,Rhinolophus ferrumequinum,0.022,0.022,-1,Echolocation,/mnt/ubna_data_02_mir/recover-20221013/UBNA_001/20221012_030000.WAV,Telephone Field,recover-20221013,001,1795
348.9725,349.0121,68437,82372,Rhinolophus ferrumequinum,0.021,0.022,-1,Echolocation,/mnt/ubna_data_02_mir/recover-20221013/UBNA_001/20221012_030000.WAV,Telephone Field,recover-20221013,001,1795
349.0475,349.0875,68437,82662,Rhinolophus ferrumequinum,0.024,0.024,-1,Echolocation,/mnt/ubna_data_02_mir/recover-20221013/UBNA_001/20221012_030000.WAV,Telephone Field,recover-20221013,001,1795
349.0575,349.0665,28046,38712,Eptesicus serotinus,0.008,0.022,-1,Echolocation,/mnt/ubna_data_02_mir/recover-20221013/UBNA_001/20221012_030000.WAV,Telephone Field,recover-20221013,001,1795
349.1075,349.1185,23750,29697,Nyctalus leisleri,0.014,0.03,-1,Echolocation,/mnt/ubna_data_02_mir/recover-20221013/UBNA_001/20221012_030000.WAV,Telephone Field,recover-20221013,001,1795
349.1095,349.1461,68437,81767,Rhinolophus ferrumequinum,0.022,0.022,-1,Echolocation,/mnt/ubna_data_02_mir/recover-20221013/UBNA_001/20221012_030000.WAV,Telephone Field,recover-20221013,001,1795
349.1105,349.1252,40078,43480,Pipistrellus nathusii,0.286,0.312,-1,Echolocation,/mnt/ubna_data_02_mir/recover-20221013/UBNA_001/20221012_030000.WAV,Telephone Field,recover-20221013,001,1795
349.14549999999997,349.1829,68437,81718,Rhinolophus ferrumequinum,0.021,0.021,-1,Echolocation,/mnt/ubna_data_02_mir/recover-20221013/UBNA_001/20221012_030000.WAV,Telephone Field,recover-20221013,001,1795
349.1535,349.1616,25468,33696,Plecotus austriacus,0.007,0.024,-1,Echolocation,/mnt/ubna_data_02_mir/recover-20221013/UBNA_001/20221012_030000.WAV,Telephone Field,recover-20221013,001,1795
349.1615,349.2,68437,82410,Rhinolophus ferrumequinum,0.023,0.023,-1,Echolocation,/mnt/ubna_data_02_mir/recover-20221013/UBNA_001/20221012_030000.WAV,Telephone Field,recover-20221013,001,1795
349.1805,349.1924,40078,43147,Pipistrellus nathusii,0.032,0.063,-1,Echolocation,/mnt/ubna_data_02_mir/recover-20221013/UBNA_001/20221012_030000.WAV,Telephone Field,recover-20221013,001,1795
349.2195,349.2613,68437,83197,Rhinolophus ferrumequinum,0.033,0.033,-1,Echolocation,/mnt/ubna_data_02_mir/recover-20221013/UBNA_001/20221012_030000.WAV,Telephone Field,recover-20221013,001,1795
349.2275,349.2348,27187,39830,Eptesicus serotinus,0.007,0.021,-1,Echolocation,/mnt/ubna_data_02_mir/recover-20221013/UBNA_001/20221012_030000.WAV,Telephone Field,recover-20221013,001,1795
349.2955,349.3352,68437,81582,Rhinolophus ferrumequinum,0.03,0.03,-1,Echolocation,/mnt/ubna_data_02_mir/recover-20221013/UBNA_001/20221012_030000.WAV,Telephone Field,recover-20221013,001,1795
349.3335,349.3731,68437,82734,Rhinolophus ferrumequinum,0.022,0.022,-1,Echolocation,/mnt/ubna_data_02_mir/recover-20221013/UBNA_001/20221012_030000.WAV,Telephone Field,recover-20221013,001,1795
349.3795,349.3894,22890,28534,Nyctalus leisleri,0.01,0.026,-1,Echolocation,/mnt/ubna_data_02_mir/recover-20221013/UBNA_001/20221012_030000.WAV,Telephone Field,recover-20221013,001,1795
349.3895,349.4281,68437,81913,Rhinolophus ferrumequinum,0.024,0.024,-1,Echolocation,/mnt/ubna_data_02_mir/recover-20221013/UBNA_001/20221012_030000.WAV,Telephone Field,recover-20221013,001,1795
349.4135,349.4515,68437,81702,Rhinolophus ferrumequinum,0.024,0.024,-1,Echolocation,/mnt/ubna_data_02_mir/recover-20221013/UBNA_001/20221012_030000.WAV,Telephone Field,recover-20221013,001,1795
349.4155,349.4238,26328,34525,Eptesicus serotinus,0.007,0.024,-1,Echolocation,/mnt/ubna_data_02_mir/recover-20221013/UBNA_001/20221012_030000.WAV,Telephone Field,recover-20221013,001,1795
349.4485,349.4907,68437,82566,Rhinolophus ferrumequinum,0.028,0.028,-1,Echolocation,/mnt/ubna_data_02_mir/recover-20221013/UBNA_001/20221012_030000.WAV,Telephone Field,recover-20221013,001,1795
349.4505,349.4615,22890,28079,Nyctalus leisleri,0.011,0.022,-1,Echolocation,/mnt/ubna_data_02_mir/recover-20221013/UBNA_001/20221012_030000.WAV,Telephone Field,recover-20221013,001,1795
349.4685,349.5082,68437,82277,Rhinolophus ferrumequinum,0.023,0.023,-1,Echolocation,/mnt/ubna_data_02_mir/recover-20221013/UBNA_001/20221012_030000.WAV,Telephone Field,recover-20221013,001,1795
349.4775,349.5176,68437,82654,Rhinolophus ferrumequinum,0.024,0.024,-1,Echolocation,/mnt/ubna_data_02_mir/recover-20221013/UBNA_001/20221012_030000.WAV,Telephone Field,recover-20221013,001,1795
349.5045,349.5456,68437,82624,Rhinolophus ferrumequinum,0.046,0.046,-1,Echolocation,/mnt/ubna_data_02_mir/recover-20221013/UBNA_001/20221012_030000.WAV,Telephone Field,recover-20221013,001,1795
349.5145,349.5294,52109,55660,Pipistrellus pygmaeus,0.018,0.03,-1,Echolocation,/mnt/ubna_data_02_mir/recover-20221013/UBNA_001/20221012_030000.WAV,Telephone Field,recover-20221013,001,1795
349.5305,349.5693,68437,81857,Rhinolophus ferrumequinum,0.023,0.023,-1,Echolocation,/mnt/ubna_data_02_mir/recover-20221013/UBNA_001/20221012_030000.WAV,Telephone Field,recover-20221013,001,1795
349.5595,349.5672,23750,31817,Plecotus austriacus,0.012,0.028,-1,Echolocation,/mnt/ubna_data_02_mir/recover-20221013/UBNA_001/20221012_030000.WAV,Telephone Field,recover-20221013,001,1795
349.5845,349.6236,68437,82539,Rhinolophus ferrumequinum,0.029,0.029,-1,Echolocation,/mnt/ubna_data_02_mir/recover-20221013/UBNA_001/20221012_030000.WAV,Telephone Field,recover-20221013,001,1795
349.5935,349.6071,22031,25633,Nyctalus leisleri,0.016,0.026,-1,Echolocation,/mnt/ubna_data_02_mir/recover-20221013/UBNA_001/20221012_030000.WAV,Telephone Field,recover-20221013,001,1795
349.6015,349.6397,68437,82591,Rhinolophus ferrumequinum,0.023,0.023,-1,Echolocation,/mnt/ubna_data_02_mir/recover-20221013/UBNA_001/20221012_030000.WAV,Telephone Field,recover-20221013,001,1795
349.6095,349.6153,28906,40013,Myotis daubentonii,0.006,0.027,-1,Echolocation,/mnt/ubna_data_02_mir/recover-20221013/UBNA_001/20221012_030000.WAV,Telephone Field,recover-20221013,001,1795
349.6225,349.6654,68437,83981,Rhinolophus ferrumequinum,0.032,0.032,-1,Echolocation,/mnt/ubna_data_02_mir/recover-20221013/UBNA_001/20221012_030000.WAV,Telephone Field,recover-20221013,001,1795
349.6335,349.6522,20312,23740,Nyctalus leisleri,0.014,0.026,-1,Echolocation,/mnt/ubna_data_02_mir/recover-20221013/UBNA_001/20221012_030000.WAV,Telephone Field,recover-20221013,001,1795
349.6395,349.6476,28046,37951,Eptesicus serotinus,0.007,0.021,-1,Echolocation,/mnt/ubna_data_02_mir/recover-20221013/UBNA_001/20221012_030000.WAV,Telephone Field,recover-20221013,001,1795
349.6825,349.7208,68437,81608,Rhinolophus ferrumequinum,0.022,0.022,-1,Echolocation,/mnt/ubna_data_02_mir/recover-20221013/UBNA_001/20221012_030000.WAV,Telephone Field,recover-20221013,001,1795
349.7005,349.7105,22031,27401,Nyctalus leisleri,0.009,0.022,-1,Echolocation,/mnt/ubna_data_02_mir/recover-20221013/UBNA_001/20221012_030000.WAV,Telephone Field,recover-20221013,001,1795
349.7625,349.8065,68437,83325,Rhinolophus ferrumequinum,0.037,0.037,-1,Echolocation,/mnt/ubna_data_02_mir/recover-20221013/UBNA_001/20221012_030000.WAV,Telephone Field,recover-20221013,001,1795
349.8075,349.8455,68437,82639,Rhinolophus ferrumequinum,0.023,0.023,-1,Echolocation,/mnt/ubna_data_02_mir/recover-20221013/UBNA_001/20221012_030000.WAV,Telephone Field,recover-20221013,001,1795
349.8325,349.8405,24609,34354,Plecotus austriacus,0.012,0.034,-1,Echolocation,/mnt/ubna_data_02_mir/recover-20221013/UBNA_001/20221012_030000.WAV,Telephone Field,recover-20221013,001,1795
349.8845,349.9225,68437,81785,Rhinolophus ferrumequinum,0.021,0.021,-1,Echolocation,/mnt/ubna_data_02_mir/recover-20221013/UBNA_001/20221012_030000.WAV,Telephone Field,recover-20221013,001,1795
349.89549999999997,349.9053,28906,37898,Eptesicus serotinus,0.013,0.03,-1,Echolocation,/mnt/ubna_data_02_mir/recover-20221013/UBNA_001/20221012_030000.WAV,Telephone Field,recover-20221013,001,1795
349.9065,349.9172,28046,34203,Eptesicus serotinus,0.014,0.028,-1,Echolocation,/mnt/ubna_data_02_mir/recover-20221013/UBNA_001/20221012_030000.WAV,Telephone Field,recover-20221013,001,1795
349.9075,349.9481,68437,83151,Rhinolophus ferrumequinum,0.029,0.029,-1,Echolocation,/mnt/ubna_data_02_mir/recover-20221013/UBNA_001/20221012_030000.WAV,Telephone Field,recover-20221013,001,1795
349.9295,349.9725,68437,83053,Rhinolophus ferrumequinum,0.027,0.028,-1,Echolocation,/mnt/ubna_data_02_mir/recover-20221013/UBNA_001/20221012_030000.WAV,Telephone Field,recover-20221013,001,1795
349.9645,349.9753,28906,36056,Eptesicus serotinus,0.014,0.028,-1,Echolocation,/mnt/ubna_data_02_mir/recover-20221013/UBNA_001/20221012_030000.WAV,Telephone Field,recover-20221013,001,1795
349.9805,349.9898,48671,52594,Pipistrellus pipistrellus,0.023,0.026,-1,Echolocation,/mnt/ubna_data_02_mir/recover-20221013/UBNA_001/20221012_030000.WAV,Telephone Field,recover-20221013,001,1795
350.0015,350.0114,23750,31684,Nyctalus leisleri,0.013,0.035,-1,Echolocation,/mnt/ubna_data_02_mir/recover-20221013/UBNA_001/20221012_030000.WAV,Telephone Field,recover-20221013,001,1795
350.0015,350.0308,69296,81031,Rhinolophus ferrumequinum,0.029,0.03,-1,Echolocation,/mnt/ubna_data_02_mir/recover-20221013/UBNA_001/20221012_030000.WAV,Telephone Field,recover-20221013,001,1795
350.0105,350.0183,28046,40671,Eptesicus serotinus,0.008,0.022,-1,Echolocation,/mnt/ubna_data_02_mir/recover-20221013/UBNA_001/20221012_030000.WAV,Telephone Field,recover-20221013,001,1795
350.0145,350.0543,68437,82323,Rhinolophus ferrumequinum,0.022,0.022,-1,Echolocation,/mnt/ubna_data_02_mir/recover-20221013/UBNA_001/20221012_030000.WAV,Telephone Field,recover-20221013,001,1795
350.0315,350.0737,68437,83007,Rhinolophus ferrumequinum,0.023,0.023,-1,Echolocation,/mnt/ubna_data_02_mir/recover-20221013/UBNA_001/20221012_030000.WAV,Telephone Field,recover-20221013,001,1795
350.0355,350.0477,23750,29110,Nyctalus leisleri,0.01,0.022,-1,Echolocation,/mnt/ubna_data_02_mir/recover-20221013/UBNA_001/20221012_030000.WAV,Telephone Field,recover-20221013,001,1795
350.0525,350.0624,24609,31862,Nyctalus leisleri,0.011,0.033,-1,Echolocation,/mnt/ubna_data_02_mir/recover-20221013/UBNA_001/20221012_030000.WAV,Telephone Field,recover-20221013,001,1795
350.1245,350.1342,22890,29601,Nyctalus leisleri,0.008,0.024,-1,Echolocation,/mnt/ubna_data_02_mir/recover-20221013/UBNA_001/20221012_030000.WAV,Telephone Field,recover-20221013,001,1795
350.1405,350.1481,28906,41713,Eptesicus serotinus,0.008,0.024,-1,Echolocation,/mnt/ubna_data_02_mir/recover-20221013/UBNA_001/20221012_030000.WAV,Telephone Field,recover-20221013,001,1795
350.1575,350.1684,27187,33757,Eptesicus serotinus,0.011,0.023,-1,Echolocation,/mnt/ubna_data_02_mir/recover-20221013/UBNA_001/20221012_030000.WAV,Telephone Field,recover-20221013,001,1795
350.1655,350.20550000000003,68437,82471,Rhinolophus ferrumequinum,0.03,0.03,-1,Echolocation,/mnt/ubna_data_02_mir/recover-20221013/UBNA_001/20221012_030000.WAV,Telephone Field,recover-20221013,001,1795
350.2155,350.2538,68437,82490,Rhinolophus ferrumequinum,0.021,0.021,-1,Echolocation,/mnt/ubna_data_02_mir/recover-20221013/UBNA_001/20221012_030000.WAV,Telephone Field,recover-20221013,001,1795
350.2475,350.2546,28906,41336,Eptesicus serotinus,0.006,0.022,-1,Echolocation,/mnt/ubna_data_02_mir/recover-20221013/UBNA_001/20221012_030000.WAV,Telephone Field,recover-20221013,001,1795
350.2665,350.3042,68437,82682,Rhinolophus ferrumequinum,0.03,0.03,-1,Echolocation,/mnt/ubna_data_02_mir/recover-20221013/UBNA_001/20221012_030000.WAV,Telephone Field,recover-20221013,001,1795
350.2835,350.2912,24609,33828,Plecotus austriacus,0.008,0.025,-1,Echolocation,/mnt/ubna_data_02_mir/recover-20221013/UBNA_001/20221012_030000.WAV,Telephone Field,recover-20221013,001,1795
350.3315,350.3735,68437,82872,Rhinolophus ferrumequinum,0.027,0.027,-1,Echolocation,/mnt/ubna_data_02_mir/recover-20221013/UBNA_001/20221012_030000.WAV,Telephone Field,recover-20221013,001,1795
350.3365,350.3785,68437,83161,Rhinolophus ferrumequinum,0.027,0.027,-1,Echolocation,/mnt/ubna_data_02_mir/recover-20221013/UBNA_001/20221012_030000.WAV,Telephone Field,recover-20221013,001,1795
350.3605,350.3975,68437,81710,Rhinolophus ferrumequinum,0.021,0.022,-1,Echolocation,/mnt/ubna_data_02_mir/recover-20221013/UBNA_001/20221012_030000.WAV,Telephone Field,recover-20221013,001,1795
350.3825,350.41949999999997,68437,81766,Rhinolophus ferrumequinum,0.022,0.022,-1,Echolocation,/mnt/ubna_data_02_mir/recover-20221013/UBNA_001/20221012_030000.WAV,Telephone Field,recover-20221013,001,1795
350.4045,350.4446,68437,82561,Rhinolophus ferrumequinum,0.024,0.024,-1,Echolocation,/mnt/ubna_data_02_mir/recover-20221013/UBNA_001/20221012_030000.WAV,Telephone Field,recover-20221013,001,1795
350.4395,350.4769,68437,82015,Rhinolophus ferrumequinum,0.022,0.022,-1,Echolocation,/mnt/ubna_data_02_mir/recover-20221013/UBNA_001/20221012_030000.WAV,Telephone Field,recover-20221013,001,1795
350.47950000000003,350.4899,22890,28243,Nyctalus leisleri,0.01,0.022,-1,Echolocation,/mnt/ubna_data_02_mir/recover-20221013/UBNA_001/20221012_030000.WAV,Telephone Field,recover-20221013,001,1795
350.4905,350.4967,27187,45064,Eptesicus serotinus,0.006,0.027,-1,Echolocation,/mnt/ubna_data_02_mir/recover-20221013/UBNA_001/20221012_030000.WAV,Telephone Field,recover-20221013,001,1795
350.4915,350.4973,34062,47102,Myotis daubentonii,0.008,0.025,-1,Echolocation,/mnt/ubna_data_02_mir/recover-20221013/UBNA_001/20221012_030000.WAV,Telephone Field,recover-20221013,001,1795
350.5255,350.5388,22890,26551,Nyctalus leisleri,0.013,0.022,-1,Echolocation,/mnt/ubna_data_02_mir/recover-20221013/UBNA_001/20221012_030000.WAV,Telephone Field,recover-20221013,001,1795
350.5365,350.5743,68437,82120,Rhinolophus ferrumequinum,0.025,0.025,-1,Echolocation,/mnt/ubna_data_02_mir/recover-20221013/UBNA_001/20221012_030000.WAV,Telephone Field,recover-20221013,001,1795
350.5425,350.5811,68437,83157,Rhinolophus ferrumequinum,0.025,0.025,-1,Echolocation,/mnt/ubna_data_02_mir/recover-20221013/UBNA_001/20221012_030000.WAV,Telephone Field,recover-20221013,001,1795
350.5885,350.631,68437,83260,Rhinolophus ferrumequinum,0.036,0.036,-1,Echolocation,/mnt/ubna_data_02_mir/recover-20221013/UBNA_001/20221012_030000.WAV,Telephone Field,recover-20221013,001,1795
350.6585,350.6972,68437,82180,Rhinolophus ferrumequinum,0.023,0.023,-1,Echolocation,/mnt/ubna_data_02_mir/recover-20221013/UBNA_001/20221012_030000.WAV,Telephone Field,recover-20221013,001,1795
350.6745,350.7154,68437,82698,Rhinolophus ferrumequinum,0.023,0.023,-1,Echolocation,/mnt/ubna_data_02_mir/recover-20221013/UBNA_001/20221012_030000.WAV,Telephone Field,recover-20221013,001,1795
350.7025,350.7428,68437,82821,Rhinolophus ferrumequinum,0.031,0.031,-1,Echolocation,/mnt/ubna_data_02_mir/recover-20221013/UBNA_001/20221012_030000.WAV,Telephone Field,recover-20221013,001,1795
350.7135,350.7207,35781,45591,Myotis daubentonii,0.01,0.022,-1,Echolocation,/mnt/ubna_data_02_mir/recover-20221013/UBNA_001/20221012_030000.WAV,Telephone Field,recover-20221013,001,1795
350.7315,350.7712,68437,83037,Rhinolophus ferrumequinum,0.025,0.025,-1,Echolocation,/mnt/ubna_data_02_mir/recover-20221013/UBNA_001/20221012_030000.WAV,Telephone Field,recover-20221013,001,1795
350.7575,350.7969,68437,81934,Rhinolophus ferrumequinum,0.022,0.022,-1,Echolocation,/mnt/ubna_data_02_mir/recover-20221013/UBNA_001/20221012_030000.WAV,Telephone Field,recover-20221013,001,1795
350.7765,350.8161,68437,82517,Rhinolophus ferrumequinum,0.024,0.024,-1,Echolocation,/mnt/ubna_data_02_mir/recover-20221013/UBNA_001/20221012_030000.WAV,Telephone Field,recover-20221013,001,1795
350.7925,350.8021,24609,32736,Eptesicus serotinus,0.007,0.023,-1,Echolocation,/mnt/ubna_data_02_mir/recover-20221013/UBNA_001/20221012_030000.WAV,Telephone Field,recover-20221013,001,1795
350.8125,350.8215,49531,54594,Pipistrellus pipistrellus,0.025,0.029,-1,Echolocation,/mnt/ubna_data_02_mir/recover-20221013/UBNA_001/20221012_030000.WAV,Telephone Field,recover-20221013,001,1795
350.8165,350.8232,23750,32233,Plecotus austriacus,0.011,0.023,-1,Echolocation,/mnt/ubna_data_02_mir/recover-20221013/UBNA_001/20221012_030000.WAV,Telephone Field,recover-20221013,001,1795
350.8255,350.8662,68437,82892,Rhinolophus ferrumequinum,0.025,0.025,-1,Echolocation,/mnt/ubna_data_02_mir/recover-20221013/UBNA_001/20221012_030000.WAV,Telephone Field,recover-20221013,001,1795
350.8345,350.8428,14296,21710,Plecotus auritus,0.034,0.064,-1,Echolocation,/mnt/ubna_data_02_mir/recover-20221013/UBNA_001/20221012_030000.WAV,Telephone Field,recover-20221013,001,1795
350.8515,350.8897,68437,81358,Rhinolophus ferrumequinum,0.029,0.029,-1,Echolocation,/mnt/ubna_data_02_mir/recover-20221013/UBNA_001/20221012_030000.WAV,Telephone Field,recover-20221013,001,1795
350.8635,350.9038,68437,82917,Rhinolophus ferrumequinum,0.037,0.038,-1,Echolocation,/mnt/ubna_data_02_mir/recover-20221013/UBNA_001/20221012_030000.WAV,Telephone Field,recover-20221013,001,1795
350.9155,350.9231,22890,31381,Plecotus austriacus,0.012,0.025,-1,Echolocation,/mnt/ubna_data_02_mir/recover-20221013/UBNA_001/20221012_030000.WAV,Telephone Field,recover-20221013,001,1795
350.9545,350.995,68437,82844,Rhinolophus ferrumequinum,0.024,0.024,-1,Echolocation,/mnt/ubna_data_02_mir/recover-20221013/UBNA_001/20221012_030000.WAV,Telephone Field,recover-20221013,001,1795
350.9565,350.9665,22890,29432,Nyctalus leisleri,0.009,0.026,-1,Echolocation,/mnt/ubna_data_02_mir/recover-20221013/UBNA_001/20221012_030000.WAV,Telephone Field,recover-20221013,001,1795
350.9645,350.9726,28906,39882,Eptesicus serotinus,0.008,0.022,-1,Echolocation,/mnt/ubna_data_02_mir/recover-20221013/UBNA_001/20221012_030000.WAV,Telephone Field,recover-20221013,001,1795
350.9775,351.0202,68437,83190,Rhinolophus ferrumequinum,0.041,0.041,-1,Echolocation,/mnt/ubna_data_02_mir/recover-20221013/UBNA_001/20221012_030000.WAV,Telephone Field,recover-20221013,001,1795
350.9835,350.9931,23750,30758,Nyctalus leisleri,0.006,0.021,-1,Echolocation,/mnt/ubna_data_02_mir/recover-20221013/UBNA_001/20221012_030000.WAV,Telephone Field,recover-20221013,001,1795
351.0075,351.0473,68437,82460,Rhinolophus ferrumequinum,0.024,0.024,-1,Echolocation,/mnt/ubna_data_02_mir/recover-20221013/UBNA_001/20221012_030000.WAV,Telephone Field,recover-20221013,001,1795
351.0285,351.036,27187,38415,Eptesicus serotinus,0.007,0.022,-1,Echolocation,/mnt/ubna_data_02_mir/recover-20221013/UBNA_001/20221012_030000.WAV,Telephone Field,recover-20221013,001,1795
351.0515,351.0912,68437,82889,Rhinolophus ferrumequinum,0.027,0.027,-1,Echolocation,/mnt/ubna_data_02_mir/recover-20221013/UBNA_001/20221012_030000.WAV,Telephone Field,recover-20221013,001,1795
351.0565,351.0647,22890,29952,Plecotus austriacus,0.009,0.021,-1,Echolocation,/mnt/ubna_data_02_mir/recover-20221013/UBNA_001/20221012_030000.WAV,Telephone Field,recover-20221013,001,1795
351.1185,351.1302,28046,35351,Eptesicus serotinus,0.021,0.036,-1,Echolocation,/mnt/ubna_data_02_mir/recover-20221013/UBNA_001/20221012_030000.WAV,Telephone Field,recover-20221013,001,1795
351.1385,351.1795,68437,83316,Rhinolophus ferrumequinum,0.028,0.028,-1,Echolocation,/mnt/ubna_data_02_mir/recover-20221013/UBNA_001/20221012_030000.WAV,Telephone Field,recover-20221013,001,1795
351.1595,351.1658,28046,37203,Eptesicus serotinus,0.008,0.028,-1,Echolocation,/mnt/ubna_data_02_mir/recover-20221013/UBNA_001/20221012_030000.WAV,Telephone Field,recover-20221013,001,1795
351.1755,351.1819,28046,42029,Eptesicus serotinus,0.006,0.023,-1,Echolocation,/mnt/ubna_data_02_mir/recover-20221013/UBNA_001/20221012_030000.WAV,Telephone Field,recover-20221013,001,1795
351.1855,351.2277,68437,83066,Rhinolophus ferrumequinum,0.028,0.028,-1,Echolocation,/mnt/ubna_data_02_mir/recover-20221013/UBNA_001/20221012_030000.WAV,Telephone Field,recover-20221013,001,1795
351.2145,351.2212,34062,45296,Myotis daubentonii,0.011,0.025,-1,Echolocation,/mnt/ubna_data_02_mir/recover-20221013/UBNA_001/20221012_030000.WAV,Telephone Field,recover-20221013,001,1795
351.2725,351.3094,68437,82048,Rhinolophus ferrumequinum,0.023,0.023,-1,Echolocation,/mnt/ubna_data_02_mir/recover-20221013/UBNA_001/20221012_030000.WAV,Telephone Field,recover-20221013,001,1795
351.3185,351.3577,68437,82325,Rhinolophus ferrumequinum,0.022,0.022,-1,Echolocation,/mnt/ubna_data_02_mir/recover-20221013/UBNA_001/20221012_030000.WAV,Telephone Field,recover-20221013,001,1795
351.3345,351.3709,68437,82485,Rhinolophus ferrumequinum,0.021,0.022,-1,Echolocation,/mnt/ubna_data_02_mir/recover-20221013/UBNA_001/20221012_030000.WAV,Telephone Field,recover-20221013,001,1795
351.3425,351.352,25468,34353,Eptesicus serotinus,0.007,0.022,-1,Echolocation,/mnt/ubna_data_02_mir/recover-20221013/UBNA_001/20221012_030000.WAV,Telephone Field,recover-20221013,001,1795
351.3425,351.3485,37500,53444,Myotis brandtii,0.006,0.022,-1,Echolocation,/mnt/ubna_data_02_mir/recover-20221013/UBNA_001/20221012_030000.WAV,Telephone Field,recover-20221013,001,1795
351.4085,351.4442,68437,81925,Rhinolophus ferrumequinum,0.024,0.024,-1,Echolocation,/mnt/ubna_data_02_mir/recover-20221013/UBNA_001/20221012_030000.WAV,Telephone Field,recover-20221013,001,1795
351.4145,351.4536,68437,82386,Rhinolophus ferrumequinum,0.022,0.023,-1,Echolocation,/mnt/ubna_data_02_mir/recover-20221013/UBNA_001/20221012_030000.WAV,Telephone Field,recover-20221013,001,1795
351.4495,351.4866,68437,82078,Rhinolophus ferrumequinum,0.022,0.022,-1,Echolocation,/mnt/ubna_data_02_mir/recover-20221013/UBNA_001/20221012_030000.WAV,Telephone Field,recover-20221013,001,1795
351.4705,351.5094,68437,82108,Rhinolophus ferrumequinum,0.022,0.022,-1,Echolocation,/mnt/ubna_data_02_mir/recover-20221013/UBNA_001/20221012_030000.WAV,Telephone Field,recover-20221013,001,1795
351.4785,351.5157,68437,82330,Rhinolophus ferrumequinum,0.025,0.025,-1,Echolocation,/mnt/ubna_data_02_mir/recover-20221013/UBNA_001/20221012_030000.WAV,Telephone Field,recover-20221013,001,1795
351.4905,351.5259,68437,81536,Rhinolophus ferrumequinum,0.021,0.021,-1,Echolocation,/mnt/ubna_data_02_mir/recover-20221013/UBNA_001/20221012_030000.WAV,Telephone Field,recover-20221013,001,1795
351.5125,351.551,68437,82927,Rhinolophus ferrumequinum,0.026,0.026,-1,Echolocation,/mnt/ubna_data_02_mir/recover-20221013/UBNA_001/20221012_030000.WAV,Telephone Field,recover-20221013,001,1795
351.5195,351.5598,68437,82733,Rhinolophus ferrumequinum,0.023,0.023,-1,Echolocation,/mnt/ubna_data_02_mir/recover-20221013/UBNA_001/20221012_030000.WAV,Telephone Field,recover-20221013,001,1795
351.5415,351.5524,44375,51352,Pipistrellus pipistrellus,0.025,0.037,-1,Echolocation,/mnt/ubna_data_02_mir/recover-20221013/UBNA_001/20221012_030000.WAV,Telephone Field,recover-20221013,001,1795
351.5945,351.6328,68437,82150,Rhinolophus ferrumequinum,0.022,0.022,-1,Echolocation,/mnt/ubna_data_02_mir/recover-20221013/UBNA_001/20221012_030000.WAV,Telephone Field,recover-20221013,001,1795
351.6025,351.6426,68437,82451,Rhinolophus ferrumequinum,0.025,0.025,-1,Echolocation,/mnt/ubna_data_02_mir/recover-20221013/UBNA_001/20221012_030000.WAV,Telephone Field,recover-20221013,001,1795
351.6595,351.6697,23750,30889,Nyctalus leisleri,0.008,0.025,-1,Echolocation,/mnt/ubna_data_02_mir/recover-20221013/UBNA_001/20221012_030000.WAV,Telephone Field,recover-20221013,001,1795
351.6845,351.69,28046,43089,Plecotus auritus,0.007,0.035,-1,Echolocation,/mnt/ubna_data_02_mir/recover-20221013/UBNA_001/20221012_030000.WAV,Telephone Field,recover-20221013,001,1795
351.7685,351.8013,68437,79937,Rhinolophus ferrumequinum,0.025,0.025,-1,Echolocation,/mnt/ubna_data_02_mir/recover-20221013/UBNA_001/20221012_030000.WAV,Telephone Field,recover-20221013,001,1795
351.7975,351.809,35781,40652,Pipistrellus nathusii,0.007,0.024,-1,Echolocation,/mnt/ubna_data_02_mir/recover-20221013/UBNA_001/20221012_030000.WAV,Telephone Field,recover-20221013,001,1795
351.7975,351.8379,68437,82104,Rhinolophus ferrumequinum,0.021,0.021,-1,Echolocation,/mnt/ubna_data_02_mir/recover-20221013/UBNA_001/20221012_030000.WAV,Telephone Field,recover-20221013,001,1795
351.8035,351.8109,28906,38265,Eptesicus serotinus,0.007,0.024,-1,Echolocation,/mnt/ubna_data_02_mir/recover-20221013/UBNA_001/20221012_030000.WAV,Telephone Field,recover-20221013,001,1795
351.8075,351.8417,68437,81489,Rhinolophus ferrumequinum,0.022,0.022,-1,Echolocation,/mnt/ubna_data_02_mir/recover-20221013/UBNA_001/20221012_030000.WAV,Telephone Field,recover-20221013,001,1795
351.8505,351.892,68437,82801,Rhinolophus ferrumequinum,0.026,0.026,-1,Echolocation,/mnt/ubna_data_02_mir/recover-20221013/UBNA_001/20221012_030000.WAV,Telephone Field,recover-20221013,001,1795
351.8605,351.8988,68437,81928,Rhinolophus ferrumequinum,0.022,0.022,-1,Echolocation,/mnt/ubna_data_02_mir/recover-20221013/UBNA_001/20221012_030000.WAV,Telephone Field,recover-20221013,001,1795
351.8895,351.897,23750,31154,Plecotus austriacus,0.01,0.025,-1,Echolocation,/mnt/ubna_data_02_mir/recover-20221013/UBNA_001/20221012_030000.WAV,Telephone Field,recover-20221013,001,1795
351.9045,351.9144,23750,30264,Nyctalus leisleri,0.008,0.023,-1,Echolocation,/mnt/ubna_data_02_mir/recover-20221013/UBNA_001/20221012_030000.WAV,Telephone Field,recover-20221013,001,1795
351.9115,351.95,68437,82074,Rhinolophus ferrumequinum,0.022,0.022,-1,Echolocation,/mnt/ubna_data_02_mir/recover-20221013/UBNA_001/20221012_030000.WAV,Telephone Field,recover-20221013,001,1795
351.9445,351.956,14296,20841,Nyctalus noctula,0.012,0.022,-1,Echolocation,/mnt/ubna_data_02_mir/recover-20221013/UBNA_001/20221012_030000.WAV,Telephone Field,recover-20221013,001,1795
351.9595,351.9976,68437,81978,Rhinolophus ferrumequinum,0.022,0.022,-1,Echolocation,/mnt/ubna_data_02_mir/recover-20221013/UBNA_001/20221012_030000.WAV,Telephone Field,recover-20221013,001,1795
352.0015,352.0123,22890,28459,Nyctalus leisleri,0.025,0.054,-1,Echolocation,/mnt/ubna_data_02_mir/recover-20221013/UBNA_001/20221012_030000.WAV,Telephone Field,recover-20221013,001,1795
352.0015,352.034,68437,80344,Rhinolophus ferrumequinum,0.048,0.048,-1,Echolocation,/mnt/ubna_data_02_mir/recover-20221013/UBNA_001/20221012_030000.WAV,Telephone Field,recover-20221013,001,1795
352.0095,352.052,68437,83465,Rhinolophus ferrumequinum,0.026,0.026,-1,Echolocation,/mnt/ubna_data_02_mir/recover-20221013/UBNA_001/20221012_030000.WAV,Telephone Field,recover-20221013,001,1795
352.1325,352.1395,28046,40757,Eptesicus serotinus,0.005,0.021,-1,Echolocation,/mnt/ubna_data_02_mir/recover-20221013/UBNA_001/20221012_030000.WAV,Telephone Field,recover-20221013,001,1795
352.1655,352.1736,28906,38396,Eptesicus serotinus,0.007,0.021,-1,Echolocation,/mnt/ubna_data_02_mir/recover-20221013/UBNA_001/20221012_030000.WAV,Telephone Field,recover-20221013,001,1795
352.16949999999997,352.1797,22031,27578,Nyctalus leisleri,0.009,0.025,-1,Echolocation,/mnt/ubna_data_02_mir/recover-20221013/UBNA_001/20221012_030000.WAV,Telephone Field,recover-20221013,001,1795
352.1965,352.2317,68437,80852,Rhinolophus ferrumequinum,0.022,0.022,-1,Echolocation,/mnt/ubna_data_02_mir/recover-20221013/UBNA_001/20221012_030000.WAV,Telephone Field,recover-20221013,001,1795
352.2035,352.2433,68437,81887,Rhinolophus ferrumequinum,0.022,0.022,-1,Echolocation,/mnt/ubna_data_02_mir/recover-20221013/UBNA_001/20221012_030000.WAV,Telephone Field,recover-20221013,001,1795
352.2995,352.3063,27187,38563,Eptesicus serotinus,0.008,0.025,-1,Echolocation,/mnt/ubna_data_02_mir/recover-20221013/UBNA_001/20221012_030000.WAV,Telephone Field,recover-20221013,001,1795
352.3285,352.3367,29765,39685,Eptesicus serotinus,0.009,0.025,-1,Echolocation,/mnt/ubna_data_02_mir/recover-20221013/UBNA_001/20221012_030000.WAV,Telephone Field,recover-20221013,001,1795
352.3345,352.3451,29765,36147,Eptesicus serotinus,0.01,0.024,-1,Echolocation,/mnt/ubna_data_02_mir/recover-20221013/UBNA_001/20221012_030000.WAV,Telephone Field,recover-20221013,001,1795
352.3445,352.383,68437,82193,Rhinolophus ferrumequinum,0.022,0.022,-1,Echolocation,/mnt/ubna_data_02_mir/recover-20221013/UBNA_001/20221012_030000.WAV,Telephone Field,recover-20221013,001,1795
352.4275,352.4358,24609,32809,Plecotus austriacus,0.005,0.02,-1,Echolocation,/mnt/ubna_data_02_mir/recover-20221013/UBNA_001/20221012_030000.WAV,Telephone Field,recover-20221013,001,1795
352.4755,352.5194,68437,82867,Rhinolophus ferrumequinum,0.035,0.035,-1,Echolocation,/mnt/ubna_data_02_mir/recover-20221013/UBNA_001/20221012_030000.WAV,Telephone Field,recover-20221013,001,1795
352.4865,352.4951,28906,40343,Eptesicus serotinus,0.008,0.022,-1,Echolocation,/mnt/ubna_data_02_mir/recover-20221013/UBNA_001/20221012_030000.WAV,Telephone Field,recover-20221013,001,1795
352.4965,352.5339,68437,81832,Rhinolophus ferrumequinum,0.022,0.022,-1,Echolocation,/mnt/ubna_data_02_mir/recover-20221013/UBNA_001/20221012_030000.WAV,Telephone Field,recover-20221013,001,1795
352.5045,352.5455,68437,82306,Rhinolophus ferrumequinum,0.025,0.025,-1,Echolocation,/mnt/ubna_data_02_mir/recover-20221013/UBNA_001/20221012_030000.WAV,Telephone Field,recover-20221013,001,1795
352.5055,352.5161,27187,34285,Eptesicus serotinus,0.013,0.024,-1,Echolocation,/mnt/ubna_data_02_mir/recover-20221013/UBNA_001/20221012_030000.WAV,Telephone Field,recover-20221013,001,1795
352.5385,352.5789,68437,82485,Rhinolophus ferrumequinum,0.024,0.024,-1,Echolocation,/mnt/ubna_data_02_mir/recover-20221013/UBNA_001/20221012_030000.WAV,Telephone Field,recover-20221013,001,1795
352.5605,352.5978,68437,81621,Rhinolophus ferrumequinum,0.021,0.021,-1,Echolocation,/mnt/ubna_data_02_mir/recover-20221013/UBNA_001/20221012_030000.WAV,Telephone Field,recover-20221013,001,1795
352.5685,352.5804,22890,27350,Nyctalus leisleri,0.012,0.022,-1,Echolocation,/mnt/ubna_data_02_mir/recover-20221013/UBNA_001/20221012_030000.WAV,Telephone Field,recover-20221013,001,1795
352.5835,352.6207,68437,81631,Rhinolophus ferrumequinum,0.021,0.021,-1,Echolocation,/mnt/ubna_data_02_mir/recover-20221013/UBNA_001/20221012_030000.WAV,Telephone Field,recover-20221013,001,1795
352.5915,352.6014,28906,36952,Eptesicus serotinus,0.009,0.022,-1,Echolocation,/mnt/ubna_data_02_mir/recover-20221013/UBNA_001/20221012_030000.WAV,Telephone Field,recover-20221013,001,1795
352.5975,352.6366,68437,82253,Rhinolophus ferrumequinum,0.023,0.023,-1,Echolocation,/mnt/ubna_data_02_mir/recover-20221013/UBNA_001/20221012_030000.WAV,Telephone Field,recover-20221013,001,1795
352.6425,352.684,68437,82852,Rhinolophus ferrumequinum,0.024,0.024,-1,Echolocation,/mnt/ubna_data_02_mir/recover-20221013/UBNA_001/20221012_030000.WAV,Telephone Field,recover-20221013,001,1795
352.6495,352.6585,28906,40498,Eptesicus serotinus,0.012,0.027,-1,Echolocation,/mnt/ubna_data_02_mir/recover-20221013/UBNA_001/20221012_030000.WAV,Telephone Field,recover-20221013,001,1795
352.6505,352.6878,68437,82534,Rhinolophus ferrumequinum,0.027,0.027,-1,Echolocation,/mnt/ubna_data_02_mir/recover-20221013/UBNA_001/20221012_030000.WAV,Telephone Field,recover-20221013,001,1795
352.6565,352.6924,68437,81104,Rhinolophus ferrumequinum,0.024,0.024,-1,Echolocation,/mnt/ubna_data_02_mir/recover-20221013/UBNA_001/20221012_030000.WAV,Telephone Field,recover-20221013,001,1795
352.6725,352.6789,29765,39719,Eptesicus serotinus,0.006,0.023,-1,Echolocation,/mnt/ubna_data_02_mir/recover-20221013/UBNA_001/20221012_030000.WAV,Telephone Field,recover-20221013,001,1795
352.6965,352.735,68437,82195,Rhinolophus ferrumequinum,0.027,0.027,-1,Echolocation,/mnt/ubna_data_02_mir/recover-20221013/UBNA_001/20221012_030000.WAV,Telephone Field,recover-20221013,001,1795
352.7075,352.7169,24609,31740,Nyctalus leisleri,0.008,0.023,-1,Echolocation,/mnt/ubna_data_02_mir/recover-20221013/UBNA_001/20221012_030000.WAV,Telephone Field,recover-20221013,001,1795
352.7285,352.7675,68437,82303,Rhinolophus ferrumequinum,0.021,0.021,-1,Echolocation,/mnt/ubna_data_02_mir/recover-20221013/UBNA_001/20221012_030000.WAV,Telephone Field,recover-20221013,001,1795
352.7795,352.7869,28046,40130,Eptesicus serotinus,0.007,0.022,-1,Echolocation,/mnt/ubna_data_02_mir/recover-20221013/UBNA_001/20221012_030000.WAV,Telephone Field,recover-20221013,001,1795
352.7965,352.8084,28906,35769,Eptesicus serotinus,0.018,0.031,-1,Echolocation,/mnt/ubna_data_02_mir/recover-20221013/UBNA_001/20221012_030000.WAV,Telephone Field,recover-20221013,001,1795
352.8075,352.8158,28906,41536,Eptesicus serotinus,0.007,0.021,-1,Echolocation,/mnt/ubna_data_02_mir/recover-20221013/UBNA_001/20221012_030000.WAV,Telephone Field,recover-20221013,001,1795
352.83050000000003,352.871,68437,81978,Rhinolophus ferrumequinum,0.023,0.023,-1,Echolocation,/mnt/ubna_data_02_mir/recover-20221013/UBNA_001/20221012_030000.WAV,Telephone Field,recover-20221013,001,1795
352.8675,352.8971,68437,80039,Rhinolophus ferrumequinum,0.021,0.021,-1,Echolocation,/mnt/ubna_data_02_mir/recover-20221013/UBNA_001/20221012_030000.WAV,Telephone Field,recover-20221013,001,1795
352.8805,352.8907,27187,34845,Eptesicus serotinus,0.01,0.021,-1,Echolocation,/mnt/ubna_data_02_mir/recover-20221013/UBNA_001/20221012_030000.WAV,Telephone Field,recover-20221013,001,1795
352.9345,352.9769,68437,82780,Rhinolophus ferrumequinum,0.022,0.022,-1,Echolocation,/mnt/ubna_data_02_mir/recover-20221013/UBNA_001/20221012_030000.WAV,Telephone Field,recover-20221013,001,1795
352.9635,352.9999,68437,81253,Rhinolophus ferrumequinum,0.021,0.021,-1,Echolocation,/mnt/ubna_data_02_mir/recover-20221013/UBNA_001/20221012_030000.WAV,Telephone Field,recover-20221013,001,1795
352.9855,352.9983,24609,29592,Nyctalus leisleri,0.015,0.031,-1,Echolocation,/mnt/ubna_data_02_mir/recover-20221013/UBNA_001/20221012_030000.WAV,Telephone Field,recover-20221013,001,1795
352.9925,353.0007,28906,41613,Eptesicus serotinus,0.006,0.021,-1,Echolocation,/mnt/ubna_data_02_mir/recover-20221013/UBNA_001/20221012_030000.WAV,Telephone Field,recover-20221013,001,1795
353.0195,353.0605,68437,82579,Rhinolophus ferrumequinum,0.021,0.021,-1,Echolocation,/mnt/ubna_data_02_mir/recover-20221013/UBNA_001/20221012_030000.WAV,Telephone Field,recover-20221013,001,1795
353.0395,353.0801,68437,82562,Rhinolophus ferrumequinum,0.024,0.024,-1,Echolocation,/mnt/ubna_data_02_mir/recover-20221013/UBNA_001/20221012_030000.WAV,Telephone Field,recover-20221013,001,1795
353.10450000000003,353.1417,68437,82384,Rhinolophus ferrumequinum,0.024,0.024,-1,Echolocation,/mnt/ubna_data_02_mir/recover-20221013/UBNA_001/20221012_030000.WAV,Telephone Field,recover-20221013,001,1795
353.1065,353.1191,22890,27606,Nyctalus leisleri,0.015,0.027,-1,Echolocation,/mnt/ubna_data_02_mir/recover-20221013/UBNA_001/20221012_030000.WAV,Telephone Field,recover-20221013,001,1795
353.1315,353.1413,25468,33206,Eptesicus serotinus,0.008,0.022,-1,Echolocation,/mnt/ubna_data_02_mir/recover-20221013/UBNA_001/20221012_030000.WAV,Telephone Field,recover-20221013,001,1795
353.1585,353.1981,68437,82753,Rhinolophus ferrumequinum,0.022,0.022,-1,Echolocation,/mnt/ubna_data_02_mir/recover-20221013/UBNA_001/20221012_030000.WAV,Telephone Field,recover-20221013,001,1795
353.1985,353.2073,23750,30908,Nyctalus leisleri,0.008,0.023,-1,Echolocation,/mnt/ubna_data_02_mir/recover-20221013/UBNA_001/20221012_030000.WAV,Telephone Field,recover-20221013,001,1795
353.2285,353.26,68437,79632,Rhinolophus ferrumequinum,0.022,0.022,-1,Echolocation,/mnt/ubna_data_02_mir/recover-20221013/UBNA_001/20221012_030000.WAV,Telephone Field,recover-20221013,001,1795
353.2405,353.27570000000003,68437,80654,Rhinolophus ferrumequinum,0.021,0.021,-1,Echolocation,/mnt/ubna_data_02_mir/recover-20221013/UBNA_001/20221012_030000.WAV,Telephone Field,recover-20221013,001,1795
353.2795,353.2898,23750,30363,Nyctalus leisleri,0.009,0.023,-1,Echolocation,/mnt/ubna_data_02_mir/recover-20221013/UBNA_001/20221012_030000.WAV,Telephone Field,recover-20221013,001,1795
353.2915,353.3326,68437,82464,Rhinolophus ferrumequinum,0.028,0.028,-1,Echolocation,/mnt/ubna_data_02_mir/recover-20221013/UBNA_001/20221012_030000.WAV,Telephone Field,recover-20221013,001,1795
353.3255,353.33389999999997,25468,34117,Eptesicus serotinus,0.007,0.021,-1,Echolocation,/mnt/ubna_data_02_mir/recover-20221013/UBNA_001/20221012_030000.WAV,Telephone Field,recover-20221013,001,1795
353.3335,353.3429,25468,33590,Eptesicus serotinus,0.009,0.023,-1,Echolocation,/mnt/ubna_data_02_mir/recover-20221013/UBNA_001/20221012_030000.WAV,Telephone Field,recover-20221013,001,1795
353.3435,353.3817,68437,81720,Rhinolophus ferrumequinum,0.022,0.022,-1,Echolocation,/mnt/ubna_data_02_mir/recover-20221013/UBNA_001/20221012_030000.WAV,Telephone Field,recover-20221013,001,1795
353.3615,353.3709,28906,41689,Eptesicus serotinus,0.01,0.023,-1,Echolocation,/mnt/ubna_data_02_mir/recover-20221013/UBNA_001/20221012_030000.WAV,Telephone Field,recover-20221013,001,1795
353.3695,353.409,68437,82440,Rhinolophus ferrumequinum,0.024,0.024,-1,Echolocation,/mnt/ubna_data_02_mir/recover-20221013/UBNA_001/20221012_030000.WAV,Telephone Field,recover-20221013,001,1795
353.4005,353.4371,68437,82244,Rhinolophus ferrumequinum,0.021,0.021,-1,Echolocation,/mnt/ubna_data_02_mir/recover-20221013/UBNA_001/20221012_030000.WAV,Telephone Field,recover-20221013,001,1795
353.4085,353.4483,68437,82652,Rhinolophus ferrumequinum,0.024,0.024,-1,Echolocation,/mnt/ubna_data_02_mir/recover-20221013/UBNA_001/20221012_030000.WAV,Telephone Field,recover-20221013,001,1795
353.4305,353.4715,68437,83059,Rhinolophus ferrumequinum,0.031,0.031,-1,Echolocation,/mnt/ubna_data_02_mir/recover-20221013/UBNA_001/20221012_030000.WAV,Telephone Field,recover-20221013,001,1795
353.4735,353.4847,24609,30932,Nyctalus leisleri,0.011,0.028,-1,Echolocation,/mnt/ubna_data_02_mir/recover-20221013/UBNA_001/20221012_030000.WAV,Telephone Field,recover-20221013,001,1795
353.4995,353.509,46093,52277,Pipistrellus pipistrellus,0.019,0.025,-1,Echolocation,/mnt/ubna_data_02_mir/recover-20221013/UBNA_001/20221012_030000.WAV,Telephone Field,recover-20221013,001,1795
353.5355,353.5769,68437,82339,Rhinolophus ferrumequinum,0.021,0.021,-1,Echolocation,/mnt/ubna_data_02_mir/recover-20221013/UBNA_001/20221012_030000.WAV,Telephone Field,recover-20221013,001,1795
353.5555,353.5952,68437,82389,Rhinolophus ferrumequinum,0.022,0.022,-1,Echolocation,/mnt/ubna_data_02_mir/recover-20221013/UBNA_001/20221012_030000.WAV,Telephone Field,recover-20221013,001,1795
353.5595,353.57,27187,35558,Eptesicus serotinus,0.014,0.028,-1,Echolocation,/mnt/ubna_data_02_mir/recover-20221013/UBNA_001/20221012_030000.WAV,Telephone Field,recover-20221013,001,1795
353.6205,353.63,22031,27881,Nyctalus leisleri,0.009,0.022,-1,Echolocation,/mnt/ubna_data_02_mir/recover-20221013/UBNA_001/20221012_030000.WAV,Telephone Field,recover-20221013,001,1795
353.6415,353.6496,28046,40841,Eptesicus serotinus,0.008,0.022,-1,Echolocation,/mnt/ubna_data_02_mir/recover-20221013/UBNA_001/20221012_030000.WAV,Telephone Field,recover-20221013,001,1795
353.6795,353.7199,68437,82508,Rhinolophus ferrumequinum,0.021,0.021,-1,Echolocation,/mnt/ubna_data_02_mir/recover-20221013/UBNA_001/20221012_030000.WAV,Telephone Field,recover-20221013,001,1795
353.7015,353.7136,23750,29698,Nyctalus leisleri,0.013,0.027,-1,Echolocation,/mnt/ubna_data_02_mir/recover-20221013/UBNA_001/20221012_030000.WAV,Telephone Field,recover-20221013,001,1795
353.7085,353.7443,68437,81546,Rhinolophus ferrumequinum,0.02,0.02,-1,Echolocation,/mnt/ubna_data_02_mir/recover-20221013/UBNA_001/20221012_030000.WAV,Telephone Field,recover-20221013,001,1795
353.7255,353.7359,42656,46865,Pipistrellus pipistrellus,0.022,0.027,-1,Echolocation,/mnt/ubna_data_02_mir/recover-20221013/UBNA_001/20221012_030000.WAV,Telephone Field,recover-20221013,001,1795
353.7445,353.7823,68437,81759,Rhinolophus ferrumequinum,0.021,0.021,-1,Echolocation,/mnt/ubna_data_02_mir/recover-20221013/UBNA_001/20221012_030000.WAV,Telephone Field,recover-20221013,001,1795
353.7965,353.8387,68437,83018,Rhinolophus ferrumequinum,0.025,0.025,-1,Echolocation,/mnt/ubna_data_02_mir/recover-20221013/UBNA_001/20221012_030000.WAV,Telephone Field,recover-20221013,001,1795
353.8235,353.8616,68437,82091,Rhinolophus ferrumequinum,0.024,0.024,-1,Echolocation,/mnt/ubna_data_02_mir/recover-20221013/UBNA_001/20221012_030000.WAV,Telephone Field,recover-20221013,001,1795
353.8735,353.912,68437,82282,Rhinolophus ferrumequinum,0.021,0.021,-1,Echolocation,/mnt/ubna_data_02_mir/recover-20221013/UBNA_001/20221012_030000.WAV,Telephone Field,recover-20221013,001,1795
353.8915,353.9011,27187,35266,Eptesicus serotinus,0.011,0.023,-1,Echolocation,/mnt/ubna_data_02_mir/recover-20221013/UBNA_001/20221012_030000.WAV,Telephone Field,recover-20221013,001,1795
353.8915,353.9294,68437,81794,Rhinolophus ferrumequinum,0.023,0.023,-1,Echolocation,/mnt/ubna_data_02_mir/recover-20221013/UBNA_001/20221012_030000.WAV,Telephone Field,recover-20221013,001,1795
353.9085,353.947,68437,81953,Rhinolophus ferrumequinum,0.022,0.022,-1,Echolocation,/mnt/ubna_data_02_mir/recover-20221013/UBNA_001/20221012_030000.WAV,Telephone Field,recover-20221013,001,1795
353.9205,353.9581,68437,82066,Rhinolophus ferrumequinum,0.022,0.022,-1,Echolocation,/mnt/ubna_data_02_mir/recover-20221013/UBNA_001/20221012_030000.WAV,Telephone Field,recover-20221013,001,1795
353.9625,353.9996,68437,81435,Rhinolophus ferrumequinum,0.023,0.023,-1,Echolocation,/mnt/ubna_data_02_mir/recover-20221013/UBNA_001/20221012_030000.WAV,Telephone Field,recover-20221013,001,1795
353.9805,353.9902,28906,38658,Eptesicus serotinus,0.009,0.021,-1,Echolocation,/mnt/ubna_data_02_mir/recover-20221013/UBNA_001/20221012_030000.WAV,Telephone Field,recover-20221013,001,1795
354.0015,354.0109,22031,29494,Nyctalus leisleri,0.009,0.027,-1,Echolocation,/mnt/ubna_data_02_mir/recover-20221013/UBNA_001/20221012_030000.WAV,Telephone Field,recover-20221013,001,1795
354.0015,354.008,37500,44668,Myotis daubentonii,0.009,0.024,-1,Echolocation,/mnt/ubna_data_02_mir/recover-20221013/UBNA_001/20221012_030000.WAV,Telephone Field,recover-20221013,001,1795
354.0015,354.0119,46093,51466,Pipistrellus pipistrellus,0.024,0.029,-1,Echolocation,/mnt/ubna_data_02_mir/recover-20221013/UBNA_001/20221012_030000.WAV,Telephone Field,recover-20221013,001,1795
354.0015,354.0353,68437,79371,Rhinolophus ferrumequinum,0.04,0.041,-1,Echolocation,/mnt/ubna_data_02_mir/recover-20221013/UBNA_001/20221012_030000.WAV,Telephone Field,recover-20221013,001,1795
354.0075,354.0498,68437,82652,Rhinolophus ferrumequinum,0.05,0.05,-1,Echolocation,/mnt/ubna_data_02_mir/recover-20221013/UBNA_001/20221012_030000.WAV,Telephone Field,recover-20221013,001,1795
354.0315,354.0722,68437,82501,Rhinolophus ferrumequinum,0.023,0.023,-1,Echolocation,/mnt/ubna_data_02_mir/recover-20221013/UBNA_001/20221012_030000.WAV,Telephone Field,recover-20221013,001,1795
354.0435,354.0806,68437,81419,Rhinolophus ferrumequinum,0.023,0.024,-1,Echolocation,/mnt/ubna_data_02_mir/recover-20221013/UBNA_001/20221012_030000.WAV,Telephone Field,recover-20221013,001,1795
354.0605,354.1009,68437,82364,Rhinolophus ferrumequinum,0.03,0.03,-1,Echolocation,/mnt/ubna_data_02_mir/recover-20221013/UBNA_001/20221012_030000.WAV,Telephone Field,recover-20221013,001,1795
354.1145,354.1538,68437,81860,Rhinolophus ferrumequinum,0.022,0.022,-1,Echolocation,/mnt/ubna_data_02_mir/recover-20221013/UBNA_001/20221012_030000.WAV,Telephone Field,recover-20221013,001,1795
354.1255,354.1344,46093,49648,Pipistrellus pipistrellus,0.028,0.03,-1,Echolocation,/mnt/ubna_data_02_mir/recover-20221013/UBNA_001/20221012_030000.WAV,Telephone Field,recover-20221013,001,1795
354.1415,354.1806,68437,82572,Rhinolophus ferrumequinum,0.032,0.032,-1,Echolocation,/mnt/ubna_data_02_mir/recover-20221013/UBNA_001/20221012_030000.WAV,Telephone Field,recover-20221013,001,1795
354.1765,354.1861,28046,35913,Eptesicus serotinus,0.009,0.023,-1,Echolocation,/mnt/ubna_data_02_mir/recover-20221013/UBNA_001/20221012_030000.WAV,Telephone Field,recover-20221013,001,1795
354.2015,354.2471,68437,83951,Rhinolophus ferrumequinum,0.066,0.066,-1,Echolocation,/mnt/ubna_data_02_mir/recover-20221013/UBNA_001/20221012_030000.WAV,Telephone Field,recover-20221013,001,1795
354.2485,354.2859,68437,81553,Rhinolophus ferrumequinum,0.027,0.027,-1,Echolocation,/mnt/ubna_data_02_mir/recover-20221013/UBNA_001/20221012_030000.WAV,Telephone Field,recover-20221013,001,1795
354.2685,354.2786,24609,31935,Nyctalus leisleri,0.009,0.028,-1,Echolocation,/mnt/ubna_data_02_mir/recover-20221013/UBNA_001/20221012_030000.WAV,Telephone Field,recover-20221013,001,1795
354.2885,354.3256,68437,81802,Rhinolophus ferrumequinum,0.022,0.022,-1,Echolocation,/mnt/ubna_data_02_mir/recover-20221013/UBNA_001/20221012_030000.WAV,Telephone Field,recover-20221013,001,1795
354.2975,354.3051,28906,36603,Eptesicus serotinus,0.008,0.022,-1,Echolocation,/mnt/ubna_data_02_mir/recover-20221013/UBNA_001/20221012_030000.WAV,Telephone Field,recover-20221013,001,1795
354.35450000000003,354.3947,68437,82008,Rhinolophus ferrumequinum,0.025,0.025,-1,Echolocation,/mnt/ubna_data_02_mir/recover-20221013/UBNA_001/20221012_030000.WAV,Telephone Field,recover-20221013,001,1795
354.3855,354.3923,28046,37490,Eptesicus serotinus,0.008,0.026,-1,Echolocation,/mnt/ubna_data_02_mir/recover-20221013/UBNA_001/20221012_030000.WAV,Telephone Field,recover-20221013,001,1795
354.4145,354.4583,68437,83303,Rhinolophus ferrumequinum,0.037,0.037,-1,Echolocation,/mnt/ubna_data_02_mir/recover-20221013/UBNA_001/20221012_030000.WAV,Telephone Field,recover-20221013,001,1795
354.4445,354.4542,24609,31510,Nyctalus leisleri,0.01,0.027,-1,Echolocation,/mnt/ubna_data_02_mir/recover-20221013/UBNA_001/20221012_030000.WAV,Telephone Field,recover-20221013,001,1795
354.4625,354.4978,68437,80822,Rhinolophus ferrumequinum,0.023,0.023,-1,Echolocation,/mnt/ubna_data_02_mir/recover-20221013/UBNA_001/20221012_030000.WAV,Telephone Field,recover-20221013,001,1795
354.4755,354.5163,68437,82392,Rhinolophus ferrumequinum,0.025,0.025,-1,Echolocation,/mnt/ubna_data_02_mir/recover-20221013/UBNA_001/20221012_030000.WAV,Telephone Field,recover-20221013,001,1795
354.5145,354.5537,68437,82492,Rhinolophus ferrumequinum,0.024,0.024,-1,Echolocation,/mnt/ubna_data_02_mir/recover-20221013/UBNA_001/20221012_030000.WAV,Telephone Field,recover-20221013,001,1795
354.5435,354.5819,68437,81685,Rhinolophus ferrumequinum,0.025,0.025,-1,Echolocation,/mnt/ubna_data_02_mir/recover-20221013/UBNA_001/20221012_030000.WAV,Telephone Field,recover-20221013,001,1795
354.5745,354.6149,68437,81715,Rhinolophus ferrumequinum,0.022,0.022,-1,Echolocation,/mnt/ubna_data_02_mir/recover-20221013/UBNA_001/20221012_030000.WAV,Telephone Field,recover-20221013,001,1795
354.5865,354.5956,46093,50567,Pipistrellus pipistrellus,0.022,0.025,-1,Echolocation,/mnt/ubna_data_02_mir/recover-20221013/UBNA_001/20221012_030000.WAV,Telephone Field,recover-20221013,001,1795
354.6675,354.6753,25468,34522,Eptesicus serotinus,0.013,0.042,-1,Echolocation,/mnt/ubna_data_02_mir/recover-20221013/UBNA_001/20221012_030000.WAV,Telephone Field,recover-20221013,001,1795
354.6915,354.7298,68437,81672,Rhinolophus ferrumequinum,0.026,0.026,-1,Echolocation,/mnt/ubna_data_02_mir/recover-20221013/UBNA_001/20221012_030000.WAV,Telephone Field,recover-20221013,001,1795
354.7015,354.741,68437,82743,Rhinolophus ferrumequinum,0.025,0.025,-1,Echolocation,/mnt/ubna_data_02_mir/recover-20221013/UBNA_001/20221012_030000.WAV,Telephone Field,recover-20221013,001,1795
354.7085,354.7511,68437,83385,Rhinolophus ferrumequinum,0.028,0.028,-1,Echolocation,/mnt/ubna_data_02_mir/recover-20221013/UBNA_001/20221012_030000.WAV,Telephone Field,recover-20221013,001,1795
354.7255,354.7345,15156,21456,Plecotus auritus,0.011,0.026,-1,Echolocation,/mnt/ubna_data_02_mir/recover-20221013/UBNA_001/20221012_030000.WAV,Telephone Field,recover-20221013,001,1795
354.7355,354.7463,28906,36281,Eptesicus serotinus,0.012,0.027,-1,Echolocation,/mnt/ubna_data_02_mir/recover-20221013/UBNA_001/20221012_030000.WAV,Telephone Field,recover-20221013,001,1795
354.7575,354.7987,68437,82878,Rhinolophus ferrumequinum,0.024,0.024,-1,Echolocation,/mnt/ubna_data_02_mir/recover-20221013/UBNA_001/20221012_030000.WAV,Telephone Field,recover-20221013,001,1795
354.7775,354.7872,24609,31736,Eptesicus serotinus,0.007,0.022,-1,Echolocation,/mnt/ubna_data_02_mir/recover-20221013/UBNA_001/20221012_030000.WAV,Telephone Field,recover-20221013,001,1795
354.8075,354.8507,68437,83045,Rhinolophus ferrumequinum,0.025,0.025,-1,Echolocation,/mnt/ubna_data_02_mir/recover-20221013/UBNA_001/20221012_030000.WAV,Telephone Field,recover-20221013,001,1795
354.8165,354.85699999999997,68437,83005,Rhinolophus ferrumequinum,0.024,0.024,-1,Echolocation,/mnt/ubna_data_02_mir/recover-20221013/UBNA_001/20221012_030000.WAV,Telephone Field,recover-20221013,001,1795
354.8485,354.8605,42656,46045,Pipistrellus pipistrellus,0.034,0.042,-1,Echolocation,/mnt/ubna_data_02_mir/recover-20221013/UBNA_001/20221012_030000.WAV,Telephone Field,recover-20221013,001,1795
354.8905,354.8974,45234,49562,Pipistrellus pipistrellus,0.026,0.027,-1,Echolocation,/mnt/ubna_data_02_mir/recover-20221013/UBNA_001/20221012_030000.WAV,Telephone Field,recover-20221013,001,1795
354.9025,354.9384,68437,81548,Rhinolophus ferrumequinum,0.022,0.022,-1,Echolocation,/mnt/ubna_data_02_mir/recover-20221013/UBNA_001/20221012_030000.WAV,Telephone Field,recover-20221013,001,1795
354.9525,354.9601,48671,55768,Pipistrellus pipistrellus,0.027,0.029,-1,Echolocation,/mnt/ubna_data_02_mir/recover-20221013/UBNA_001/20221012_030000.WAV,Telephone Field,recover-20221013,001,1795
354.9545,354.9631,27187,40135,Eptesicus serotinus,0.008,0.022,-1,Echolocation,/mnt/ubna_data_02_mir/recover-20221013/UBNA_001/20221012_030000.WAV,Telephone Field,recover-20221013,001,1795
355.0055,355.017,22890,28104,Nyctalus leisleri,0.011,0.025,-1,Echolocation,/mnt/ubna_data_02_mir/recover-20221013/UBNA_001/20221012_030000.WAV,Telephone Field,recover-20221013,001,1795
355.0225,355.0587,68437,81475,Rhinolophus ferrumequinum,0.022,0.022,-1,Echolocation,/mnt/ubna_data_02_mir/recover-20221013/UBNA_001/20221012_030000.WAV,Telephone Field,recover-20221013,001,1795
355.0335,355.0456,23750,28345,Nyctalus leisleri,0.017,0.031,-1,Echolocation,/mnt/ubna_data_02_mir/recover-20221013/UBNA_001/20221012_030000.WAV,Telephone Field,recover-20221013,001,1795
355.0825,355.0919,28046,36725,Eptesicus serotinus,0.008,0.023,-1,Echolocation,/mnt/ubna_data_02_mir/recover-20221013/UBNA_001/20221012_030000.WAV,Telephone Field,recover-20221013,001,1795
355.0825,355.0947,51250,55607,Pipistrellus pipistrellus,0.031,0.041,-1,Echolocation,/mnt/ubna_data_02_mir/recover-20221013/UBNA_001/20221012_030000.WAV,Telephone Field,recover-20221013,001,1795
355.0985,355.108,47812,51212,Pipistrellus pipistrellus,0.027,0.029,-1,Echolocation,/mnt/ubna_data_02_mir/recover-20221013/UBNA_001/20221012_030000.WAV,Telephone Field,recover-20221013,001,1795
355.1225,355.1304,28046,39040,Eptesicus serotinus,0.008,0.026,-1,Echolocation,/mnt/ubna_data_02_mir/recover-20221013/UBNA_001/20221012_030000.WAV,Telephone Field,recover-20221013,001,1795
355.14549999999997,355.1608,14296,19120,Nyctalus noctula,0.02,0.029,-1,Echolocation,/mnt/ubna_data_02_mir/recover-20221013/UBNA_001/20221012_030000.WAV,Telephone Field,recover-20221013,001,1795
355.1545,355.1624,28046,39046,Eptesicus serotinus,0.007,0.023,-1,Echolocation,/mnt/ubna_data_02_mir/recover-20221013/UBNA_001/20221012_030000.WAV,Telephone Field,recover-20221013,001,1795
355.1805,355.2205,68437,82815,Rhinolophus ferrumequinum,0.023,0.023,-1,Echolocation,/mnt/ubna_data_02_mir/recover-20221013/UBNA_001/20221012_030000.WAV,Telephone Field,recover-20221013,001,1795
355.1905,355.1999,49531,55207,Pipistrellus pipistrellus,0.022,0.025,-1,Echolocation,/mnt/ubna_data_02_mir/recover-20221013/UBNA_001/20221012_030000.WAV,Telephone Field,recover-20221013,001,1795
355.2075,355.2455,68437,81906,Rhinolophus ferrumequinum,0.022,0.022,-1,Echolocation,/mnt/ubna_data_02_mir/recover-20221013/UBNA_001/20221012_030000.WAV,Telephone Field,recover-20221013,001,1795
355.2185,355.2257,27187,39054,Eptesicus serotinus,0.006,0.022,-1,Echolocation,/mnt/ubna_data_02_mir/recover-20221013/UBNA_001/20221012_030000.WAV,Telephone Field,recover-20221013,001,1795
355.2185,355.2589,68437,82076,Rhinolophus ferrumequinum,0.026,0.026,-1,Echolocation,/mnt/ubna_data_02_mir/recover-20221013/UBNA_001/20221012_030000.WAV,Telephone Field,recover-20221013,001,1795
355.2315,355.27049999999997,68437,82367,Rhinolophus ferrumequinum,0.022,0.023,-1,Echolocation,/mnt/ubna_data_02_mir/recover-20221013/UBNA_001/20221012_030000.WAV,Telephone Field,recover-20221013,001,1795
355.2555,355.2727,17734,22300,Nyctalus noctula,0.016,0.024,-1,Echolocation,/mnt/ubna_data_02_mir/recover-20221013/UBNA_001/20221012_030000.WAV,Telephone Field,recover-20221013,001,1795
355.29449999999997,355.3338,68437,82178,Rhinolophus ferrumequinum,0.023,0.023,-1,Echolocation,/mnt/ubna_data_02_mir/recover-20221013/UBNA_001/20221012_030000.WAV,Telephone Field,recover-20221013,001,1795
355.3165,355.3231,32343,42153,Myotis daubentonii,0.008,0.022,-1,Echolocation,/mnt/ubna_data_02_mir/recover-20221013/UBNA_001/20221012_030000.WAV,Telephone Field,recover-20221013,001,1795
355.3515,355.3914,68437,82405,Rhinolophus ferrumequinum,0.026,0.026,-1,Echolocation,/mnt/ubna_data_02_mir/recover-20221013/UBNA_001/20221012_030000.WAV,Telephone Field,recover-20221013,001,1795
355.3725,355.4125,68437,82435,Rhinolophus ferrumequinum,0.023,0.023,-1,Echolocation,/mnt/ubna_data_02_mir/recover-20221013/UBNA_001/20221012_030000.WAV,Telephone Field,recover-20221013,001,1795
355.3845,355.3947,46953,50365,Pipistrellus pipistrellus,0.028,0.031,-1,Echolocation,/mnt/ubna_data_02_mir/recover-20221013/UBNA_001/20221012_030000.WAV,Telephone Field,recover-20221013,001,1795
355.3965,355.4051,26328,34077,Eptesicus serotinus,0.008,0.022,-1,Echolocation,/mnt/ubna_data_02_mir/recover-20221013/UBNA_001/20221012_030000.WAV,Telephone Field,recover-20221013,001,1795
355.4155,355.453,68437,82188,Rhinolophus ferrumequinum,0.024,0.025,-1,Echolocation,/mnt/ubna_data_02_mir/recover-20221013/UBNA_001/20221012_030000.WAV,Telephone Field,recover-20221013,001,1795
355.4235,355.4314,23750,31835,Plecotus austriacus,0.009,0.023,-1,Echolocation,/mnt/ubna_data_02_mir/recover-20221013/UBNA_001/20221012_030000.WAV,Telephone Field,recover-20221013,001,1795
355.4375,355.4769,68437,82314,Rhinolophus ferrumequinum,0.022,0.022,-1,Echolocation,/mnt/ubna_data_02_mir/recover-20221013/UBNA_001/20221012_030000.WAV,Telephone Field,recover-20221013,001,1795
355.4525,355.4878,67578,78866,Rhinolophus ferrumequinum,0.021,0.023,-1,Echolocation,/mnt/ubna_data_02_mir/recover-20221013/UBNA_001/20221012_030000.WAV,Telephone Field,recover-20221013,001,1795
355.5075,355.5164,28046,37939,Eptesicus serotinus,0.009,0.024,-1,Echolocation,/mnt/ubna_data_02_mir/recover-20221013/UBNA_001/20221012_030000.WAV,Telephone Field,recover-20221013,001,1795
355.5135,355.555,68437,82128,Rhinolophus ferrumequinum,0.024,0.024,-1,Echolocation,/mnt/ubna_data_02_mir/recover-20221013/UBNA_001/20221012_030000.WAV,Telephone Field,recover-20221013,001,1795
355.5215,355.5604,68437,82159,Rhinolophus ferrumequinum,0.023,0.023,-1,Echolocation,/mnt/ubna_data_02_mir/recover-20221013/UBNA_001/20221012_030000.WAV,Telephone Field,recover-20221013,001,1795
355.5315,355.5717,68437,82463,Rhinolophus ferrumequinum,0.026,0.026,-1,Echolocation,/mnt/ubna_data_02_mir/recover-20221013/UBNA_001/20221012_030000.WAV,Telephone Field,recover-20221013,001,1795
355.5585,355.6006,68437,82323,Rhinolophus ferrumequinum,0.029,0.029,-1,Echolocation,/mnt/ubna_data_02_mir/recover-20221013/UBNA_001/20221012_030000.WAV,Telephone Field,recover-20221013,001,1795
355.5675,355.579,36640,41372,Pipistrellus nathusii,0.013,0.027,-1,Echolocation,/mnt/ubna_data_02_mir/recover-20221013/UBNA_001/20221012_030000.WAV,Telephone Field,recover-20221013,001,1795
355.5715,355.58,28046,39258,Eptesicus serotinus,0.008,0.024,-1,Echolocation,/mnt/ubna_data_02_mir/recover-20221013/UBNA_001/20221012_030000.WAV,Telephone Field,recover-20221013,001,1795
355.5935,355.6295,68437,81160,Rhinolophus ferrumequinum,0.023,0.023,-1,Echolocation,/mnt/ubna_data_02_mir/recover-20221013/UBNA_001/20221012_030000.WAV,Telephone Field,recover-20221013,001,1795
355.6125,355.6523,68437,83053,Rhinolophus ferrumequinum,0.024,0.024,-1,Echolocation,/mnt/ubna_data_02_mir/recover-20221013/UBNA_001/20221012_030000.WAV,Telephone Field,recover-20221013,001,1795
355.6195,355.6293,24609,31129,Nyctalus leisleri,0.007,0.022,-1,Echolocation,/mnt/ubna_data_02_mir/recover-20221013/UBNA_001/20221012_030000.WAV,Telephone Field,recover-20221013,001,1795
355.6515,355.6902,68437,81897,Rhinolophus ferrumequinum,0.022,0.022,-1,Echolocation,/mnt/ubna_data_02_mir/recover-20221013/UBNA_001/20221012_030000.WAV,Telephone Field,recover-20221013,001,1795
355.6755,355.6866,44375,48423,Pipistrellus pipistrellus,0.024,0.028,-1,Echolocation,/mnt/ubna_data_02_mir/recover-20221013/UBNA_001/20221012_030000.WAV,Telephone Field,recover-20221013,001,1795
355.7025,355.7409,68437,82078,Rhinolophus ferrumequinum,0.022,0.022,-1,Echolocation,/mnt/ubna_data_02_mir/recover-20221013/UBNA_001/20221012_030000.WAV,Telephone Field,recover-20221013,001,1795
355.7085,355.7165,27187,38379,Eptesicus serotinus,0.008,0.026,-1,Echolocation,/mnt/ubna_data_02_mir/recover-20221013/UBNA_001/20221012_030000.WAV,Telephone Field,recover-20221013,001,1795
355.7125,355.7503,68437,82473,Rhinolophus ferrumequinum,0.024,0.024,-1,Echolocation,/mnt/ubna_data_02_mir/recover-20221013/UBNA_001/20221012_030000.WAV,Telephone Field,recover-20221013,001,1795
355.7835,355.8242,68437,82899,Rhinolophus ferrumequinum,0.033,0.033,-1,Echolocation,/mnt/ubna_data_02_mir/recover-20221013/UBNA_001/20221012_030000.WAV,Telephone Field,recover-20221013,001,1795
355.8075,355.8173,28046,36260,Eptesicus serotinus,0.011,0.027,-1,Echolocation,/mnt/ubna_data_02_mir/recover-20221013/UBNA_001/20221012_030000.WAV,Telephone Field,recover-20221013,001,1795
355.8085,355.8506,68437,82364,Rhinolophus ferrumequinum,0.029,0.029,-1,Echolocation,/mnt/ubna_data_02_mir/recover-20221013/UBNA_001/20221012_030000.WAV,Telephone Field,recover-20221013,001,1795
355.8645,355.9025,68437,82273,Rhinolophus ferrumequinum,0.022,0.022,-1,Echolocation,/mnt/ubna_data_02_mir/recover-20221013/UBNA_001/20221012_030000.WAV,Telephone Field,recover-20221013,001,1795
355.8845,355.9228,68437,82121,Rhinolophus ferrumequinum,0.023,0.023,-1,Echolocation,/mnt/ubna_data_02_mir/recover-20221013/UBNA_001/20221012_030000.WAV,Telephone Field,recover-20221013,001,1795
355.9085,355.9198,22890,27206,Nyctalus leisleri,0.012,0.022,-1,Echolocation,/mnt/ubna_data_02_mir/recover-20221013/UBNA_001/20221012_030000.WAV,Telephone Field,recover-20221013,001,1795
355.9745,355.9826,28046,39225,Eptesicus serotinus,0.008,0.025,-1,Echolocation,/mnt/ubna_data_02_mir/recover-20221013/UBNA_001/20221012_030000.WAV,Telephone Field,recover-20221013,001,1795
356.0015,356.0123,46093,50906,Pipistrellus pipistrellus,0.024,0.028,-1,Echolocation,/mnt/ubna_data_02_mir/recover-20221013/UBNA_001/20221012_030000.WAV,Telephone Field,recover-20221013,001,1795
356.0015,356.0104,24609,34152,Nyctalus leisleri,0.007,0.026,-1,Echolocation,/mnt/ubna_data_02_mir/recover-20221013/UBNA_001/20221012_030000.WAV,Telephone Field,recover-20221013,001,1795
356.0015,356.0316,69296,81876,Rhinolophus ferrumequinum,0.022,0.022,-1,Echolocation,/mnt/ubna_data_02_mir/recover-20221013/UBNA_001/20221012_030000.WAV,Telephone Field,recover-20221013,001,1795
356.0545,356.0913,68437,81593,Rhinolophus ferrumequinum,0.022,0.022,-1,Echolocation,/mnt/ubna_data_02_mir/recover-20221013/UBNA_001/20221012_030000.WAV,Telephone Field,recover-20221013,001,1795
356.0765,356.0873,45234,51837,Pipistrellus pipistrellus,0.027,0.033,-1,Echolocation,/mnt/ubna_data_02_mir/recover-20221013/UBNA_001/20221012_030000.WAV,Telephone Field,recover-20221013,001,1795
356.1145,356.15409999999997,68437,82095,Rhinolophus ferrumequinum,0.036,0.036,-1,Echolocation,/mnt/ubna_data_02_mir/recover-20221013/UBNA_001/20221012_030000.WAV,Telephone Field,recover-20221013,001,1795
356.1315,356.1655,68437,81324,Rhinolophus ferrumequinum,0.022,0.022,-1,Echolocation,/mnt/ubna_data_02_mir/recover-20221013/UBNA_001/20221012_030000.WAV,Telephone Field,recover-20221013,001,1795
356.1755,356.1816,50390,60127,Pipistrellus pipistrellus,0.016,0.021,-1,Echolocation,/mnt/ubna_data_02_mir/recover-20221013/UBNA_001/20221012_030000.WAV,Telephone Field,recover-20221013,001,1795
356.1805,356.1907,28906,36580,Eptesicus serotinus,0.012,0.028,-1,Echolocation,/mnt/ubna_data_02_mir/recover-20221013/UBNA_001/20221012_030000.WAV,Telephone Field,recover-20221013,001,1795
356.2155,356.2544,68437,81943,Rhinolophus ferrumequinum,0.024,0.024,-1,Echolocation,/mnt/ubna_data_02_mir/recover-20221013/UBNA_001/20221012_030000.WAV,Telephone Field,recover-20221013,001,1795
356.3015,356.343,68437,83186,Rhinolophus ferrumequinum,0.026,0.026,-1,Echolocation,/mnt/ubna_data_02_mir/recover-20221013/UBNA_001/20221012_030000.WAV,Telephone Field,recover-20221013,001,1795
356.3235,356.3341,22031,26518,Nyctalus leisleri,0.011,0.022,-1,Echolocation,/mnt/ubna_data_02_mir/recover-20221013/UBNA_001/20221012_030000.WAV,Telephone Field,recover-20221013,001,1795
356.3445,356.3791,68437,81488,Rhinolophus ferrumequinum,0.022,0.023,-1,Echolocation,/mnt/ubna_data_02_mir/recover-20221013/UBNA_001/20221012_030000.WAV,Telephone Field,recover-20221013,001,1795
356.3485,356.3588,23750,29264,Nyctalus leisleri,0.011,0.023,-1,Echolocation,/mnt/ubna_data_02_mir/recover-20221013/UBNA_001/20221012_030000.WAV,Telephone Field,recover-20221013,001,1795
356.3755,356.4111,68437,81759,Rhinolophus ferrumequinum,0.021,0.021,-1,Echolocation,/mnt/ubna_data_02_mir/recover-20221013/UBNA_001/20221012_030000.WAV,Telephone Field,recover-20221013,001,1795
356.39549999999997,356.4344,68437,82777,Rhinolophus ferrumequinum,0.028,0.028,-1,Echolocation,/mnt/ubna_data_02_mir/recover-20221013/UBNA_001/20221012_030000.WAV,Telephone Field,recover-20221013,001,1795
356.4515,356.4907,68437,81594,Rhinolophus ferrumequinum,0.024,0.024,-1,Echolocation,/mnt/ubna_data_02_mir/recover-20221013/UBNA_001/20221012_030000.WAV,Telephone Field,recover-20221013,001,1795
356.4535,356.4622,27187,36714,Eptesicus serotinus,0.008,0.022,-1,Echolocation,/mnt/ubna_data_02_mir/recover-20221013/UBNA_001/20221012_030000.WAV,Telephone Field,recover-20221013,001,1795
356.4835,356.4917,28046,40240,Eptesicus serotinus,0.007,0.021,-1,Echolocation,/mnt/ubna_data_02_mir/recover-20221013/UBNA_001/20221012_030000.WAV,Telephone Field,recover-20221013,001,1795
356.5015,356.51,23750,30959,Plecotus austriacus,0.008,0.022,-1,Echolocation,/mnt/ubna_data_02_mir/recover-20221013/UBNA_001/20221012_030000.WAV,Telephone Field,recover-20221013,001,1795
356.5345,356.5758,68437,82178,Rhinolophus ferrumequinum,0.025,0.025,-1,Echolocation,/mnt/ubna_data_02_mir/recover-20221013/UBNA_001/20221012_030000.WAV,Telephone Field,recover-20221013,001,1795
356.5405,356.5822,68437,82765,Rhinolophus ferrumequinum,0.024,0.024,-1,Echolocation,/mnt/ubna_data_02_mir/recover-20221013/UBNA_001/20221012_030000.WAV,Telephone Field,recover-20221013,001,1795
356.5465,356.5553,28906,37153,Eptesicus serotinus,0.01,0.026,-1,Echolocation,/mnt/ubna_data_02_mir/recover-20221013/UBNA_001/20221012_030000.WAV,Telephone Field,recover-20221013,001,1795
356.5585,356.597,68437,82318,Rhinolophus ferrumequinum,0.023,0.023,-1,Echolocation,/mnt/ubna_data_02_mir/recover-20221013/UBNA_001/20221012_030000.WAV,Telephone Field,recover-20221013,001,1795
356.5955,356.6367,68437,82892,Rhinolophus ferrumequinum,0.022,0.022,-1,Echolocation,/mnt/ubna_data_02_mir/recover-20221013/UBNA_001/20221012_030000.WAV,Telephone Field,recover-20221013,001,1795
356.6295,356.6673,68437,81931,Rhinolophus ferrumequinum,0.023,0.024,-1,Echolocation,/mnt/ubna_data_02_mir/recover-20221013/UBNA_001/20221012_030000.WAV,Telephone Field,recover-20221013,001,1795
356.6295,356.6364,27187,41678,Eptesicus serotinus,0.007,0.024,-1,Echolocation,/mnt/ubna_data_02_mir/recover-20221013/UBNA_001/20221012_030000.WAV,Telephone Field,recover-20221013,001,1795
356.6355,356.6716,68437,81665,Rhinolophus ferrumequinum,0.022,0.022,-1,Echolocation,/mnt/ubna_data_02_mir/recover-20221013/UBNA_001/20221012_030000.WAV,Telephone Field,recover-20221013,001,1795
356.6445,356.6831,68437,81951,Rhinolophus ferrumequinum,0.024,0.024,-1,Echolocation,/mnt/ubna_data_02_mir/recover-20221013/UBNA_001/20221012_030000.WAV,Telephone Field,recover-20221013,001,1795
356.6565,356.6633,23750,32894,Plecotus austriacus,0.014,0.028,-1,Echolocation,/mnt/ubna_data_02_mir/recover-20221013/UBNA_001/20221012_030000.WAV,Telephone Field,recover-20221013,001,1795
356.6915,356.699,27187,38897,Eptesicus serotinus,0.005,0.022,-1,Echolocation,/mnt/ubna_data_02_mir/recover-20221013/UBNA_001/20221012_030000.WAV,Telephone Field,recover-20221013,001,1795
356.7165,356.7275,27187,33769,Eptesicus serotinus,0.014,0.031,-1,Echolocation,/mnt/ubna_data_02_mir/recover-20221013/UBNA_001/20221012_030000.WAV,Telephone Field,recover-20221013,001,1795
356.7465,356.7595,22890,28004,Nyctalus leisleri,0.019,0.036,-1,Echolocation,/mnt/ubna_data_02_mir/recover-20221013/UBNA_001/20221012_030000.WAV,Telephone Field,recover-20221013,001,1795
356.7615,356.8011,68437,82528,Rhinolophus ferrumequinum,0.023,0.023,-1,Echolocation,/mnt/ubna_data_02_mir/recover-20221013/UBNA_001/20221012_030000.WAV,Telephone Field,recover-20221013,001,1795
356.7785,356.8201,68437,82227,Rhinolophus ferrumequinum,0.026,0.026,-1,Echolocation,/mnt/ubna_data_02_mir/recover-20221013/UBNA_001/20221012_030000.WAV,Telephone Field,recover-20221013,001,1795
356.7785,356.7889,28046,35568,Eptesicus serotinus,0.013,0.026,-1,Echolocation,/mnt/ubna_data_02_mir/recover-20221013/UBNA_001/20221012_030000.WAV,Telephone Field,recover-20221013,001,1795
356.7885,356.7998,24609,30186,Nyctalus leisleri,0.015,0.031,-1,Echolocation,/mnt/ubna_data_02_mir/recover-20221013/UBNA_001/20221012_030000.WAV,Telephone Field,recover-20221013,001,1795
356.8075,356.8159,47812,56756,Pipistrellus pipistrellus,0.018,0.022,-1,Echolocation,/mnt/ubna_data_02_mir/recover-20221013/UBNA_001/20221012_030000.WAV,Telephone Field,recover-20221013,001,1795
356.8225,356.8631,68437,82518,Rhinolophus ferrumequinum,0.034,0.034,-1,Echolocation,/mnt/ubna_data_02_mir/recover-20221013/UBNA_001/20221012_030000.WAV,Telephone Field,recover-20221013,001,1795
356.8445,356.8833,68437,82572,Rhinolophus ferrumequinum,0.024,0.024,-1,Echolocation,/mnt/ubna_data_02_mir/recover-20221013/UBNA_001/20221012_030000.WAV,Telephone Field,recover-20221013,001,1795
356.8645,356.9022,68437,80988,Rhinolophus ferrumequinum,0.025,0.025,-1,Echolocation,/mnt/ubna_data_02_mir/recover-20221013/UBNA_001/20221012_030000.WAV,Telephone Field,recover-20221013,001,1795
356.9225,356.9336,23750,29431,Nyctalus leisleri,0.012,0.026,-1,Echolocation,/mnt/ubna_data_02_mir/recover-20221013/UBNA_001/20221012_030000.WAV,Telephone Field,recover-20221013,001,1795
356.9385,356.9762,68437,81785,Rhinolophus ferrumequinum,0.024,0.024,-1,Echolocation,/mnt/ubna_data_02_mir/recover-20221013/UBNA_001/20221012_030000.WAV,Telephone Field,recover-20221013,001,1795
356.9525,356.9629,26328,33141,Nyctalus leisleri,0.01,0.027,-1,Echolocation,/mnt/ubna_data_02_mir/recover-20221013/UBNA_001/20221012_030000.WAV,Telephone Field,recover-20221013,001,1795
356.9695,357.0087,68437,82406,Rhinolophus ferrumequinum,0.027,0.027,-1,Echolocation,/mnt/ubna_data_02_mir/recover-20221013/UBNA_001/20221012_030000.WAV,Telephone Field,recover-20221013,001,1795
356.9805,356.9894,28906,37298,Eptesicus serotinus,0.009,0.026,-1,Echolocation,/mnt/ubna_data_02_mir/recover-20221013/UBNA_001/20221012_030000.WAV,Telephone Field,recover-20221013,001,1795
356.9895,357.0256,68437,81292,Rhinolophus ferrumequinum,0.021,0.021,-1,Echolocation,/mnt/ubna_data_02_mir/recover-20221013/UBNA_001/20221012_030000.WAV,Telephone Field,recover-20221013,001,1795
357.0095,357.0204,28906,35922,Eptesicus serotinus,0.009,0.024,-1,Echolocation,/mnt/ubna_data_02_mir/recover-20221013/UBNA_001/20221012_030000.WAV,Telephone Field,recover-20221013,001,1795
357.0685,357.1046,68437,80645,Rhinolophus ferrumequinum,0.023,0.023,-1,Echolocation,/mnt/ubna_data_02_mir/recover-20221013/UBNA_001/20221012_030000.WAV,Telephone Field,recover-20221013,001,1795
357.0745,357.085,23750,29716,Nyctalus leisleri,0.022,0.051,-1,Echolocation,/mnt/ubna_data_02_mir/recover-20221013/UBNA_001/20221012_030000.WAV,Telephone Field,recover-20221013,001,1795
357.1205,357.161,68437,81873,Rhinolophus ferrumequinum,0.022,0.022,-1,Echolocation,/mnt/ubna_data_02_mir/recover-20221013/UBNA_001/20221012_030000.WAV,Telephone Field,recover-20221013,001,1795
357.1555,357.1622,40078,50332,Myotis daubentonii,0.009,0.026,-1,Echolocation,/mnt/ubna_data_02_mir/recover-20221013/UBNA_001/20221012_030000.WAV,Telephone Field,recover-20221013,001,1795
357.1835,357.1914,28046,38141,Eptesicus serotinus,0.007,0.023,-1,Echolocation,/mnt/ubna_data_02_mir/recover-20221013/UBNA_001/20221012_030000.WAV,Telephone Field,recover-20221013,001,1795
357.1875,357.226,68437,81570,Rhinolophus ferrumequinum,0.021,0.022,-1,Echolocation,/mnt/ubna_data_02_mir/recover-20221013/UBNA_001/20221012_030000.WAV,Telephone Field,recover-20221013,001,1795
357.1965,357.2058,28906,37302,Eptesicus serotinus,0.01,0.025,-1,Echolocation,/mnt/ubna_data_02_mir/recover-20221013/UBNA_001/20221012_030000.WAV,Telephone Field,recover-20221013,001,1795
357.2045,357.2115,23750,31594,Plecotus austriacus,0.01,0.022,-1,Echolocation,/mnt/ubna_data_02_mir/recover-20221013/UBNA_001/20221012_030000.WAV,Telephone Field,recover-20221013,001,1795
357.2075,357.218,29765,36434,Eptesicus serotinus,0.009,0.022,-1,Echolocation,/mnt/ubna_data_02_mir/recover-20221013/UBNA_001/20221012_030000.WAV,Telephone Field,recover-20221013,001,1795
357.2395,357.2483,24609,33163,Plecotus austriacus,0.007,0.029,-1,Echolocation,/mnt/ubna_data_02_mir/recover-20221013/UBNA_001/20221012_030000.WAV,Telephone Field,recover-20221013,001,1795
357.2605,357.2679,28046,37323,Eptesicus serotinus,0.006,0.022,-1,Echolocation,/mnt/ubna_data_02_mir/recover-20221013/UBNA_001/20221012_030000.WAV,Telephone Field,recover-20221013,001,1795
357.2775,357.3187,68437,82834,Rhinolophus ferrumequinum,0.022,0.022,-1,Echolocation,/mnt/ubna_data_02_mir/recover-20221013/UBNA_001/20221012_030000.WAV,Telephone Field,recover-20221013,001,1795
357.2785,357.2873,22890,30429,Plecotus austriacus,0.009,0.023,-1,Echolocation,/mnt/ubna_data_02_mir/recover-20221013/UBNA_001/20221012_030000.WAV,Telephone Field,recover-20221013,001,1795
357.2985,357.3112,23750,29317,Nyctalus leisleri,0.01,0.022,-1,Echolocation,/mnt/ubna_data_02_mir/recover-20221013/UBNA_001/20221012_030000.WAV,Telephone Field,recover-20221013,001,1795
357.3345,357.3725,68437,82443,Rhinolophus ferrumequinum,0.022,0.022,-1,Echolocation,/mnt/ubna_data_02_mir/recover-20221013/UBNA_001/20221012_030000.WAV,Telephone Field,recover-20221013,001,1795
357.3895,357.4235,68437,80700,Rhinolophus ferrumequinum,0.024,0.024,-1,Echolocation,/mnt/ubna_data_02_mir/recover-20221013/UBNA_001/20221012_030000.WAV,Telephone Field,recover-20221013,001,1795
357.4815,357.523,68437,83095,Rhinolophus ferrumequinum,0.033,0.033,-1,Echolocation,/mnt/ubna_data_02_mir/recover-20221013/UBNA_001/20221012_030000.WAV,Telephone Field,recover-20221013,001,1795
357.5025,357.5107,27187,39429,Eptesicus serotinus,0.007,0.026,-1,Echolocation,/mnt/ubna_data_02_mir/recover-20221013/UBNA_001/20221012_030000.WAV,Telephone Field,recover-20221013,001,1795
357.5065,357.5454,68437,82524,Rhinolophus ferrumequinum,0.026,0.026,-1,Echolocation,/mnt/ubna_data_02_mir/recover-20221013/UBNA_001/20221012_030000.WAV,Telephone Field,recover-20221013,001,1795
357.5425,357.5781,68437,81769,Rhinolophus ferrumequinum,0.024,0.024,-1,Echolocation,/mnt/ubna_data_02_mir/recover-20221013/UBNA_001/20221012_030000.WAV,Telephone Field,recover-20221013,001,1795
357.5625,357.5702,28046,39341,Eptesicus serotinus,0.007,0.024,-1,Echolocation,/mnt/ubna_data_02_mir/recover-20221013/UBNA_001/20221012_030000.WAV,Telephone Field,recover-20221013,001,1795
357.5885,357.6269,68437,81910,Rhinolophus ferrumequinum,0.022,0.022,-1,Echolocation,/mnt/ubna_data_02_mir/recover-20221013/UBNA_001/20221012_030000.WAV,Telephone Field,recover-20221013,001,1795
357.5885,357.5967,28046,39961,Eptesicus serotinus,0.008,0.022,-1,Echolocation,/mnt/ubna_data_02_mir/recover-20221013/UBNA_001/20221012_030000.WAV,Telephone Field,recover-20221013,001,1795
357.6025,357.6099,28906,38743,Eptesicus serotinus,0.007,0.024,-1,Echolocation,/mnt/ubna_data_02_mir/recover-20221013/UBNA_001/20221012_030000.WAV,Telephone Field,recover-20221013,001,1795
357.6105,357.6494,68437,82194,Rhinolophus ferrumequinum,0.022,0.022,-1,Echolocation,/mnt/ubna_data_02_mir/recover-20221013/UBNA_001/20221012_030000.WAV,Telephone Field,recover-20221013,001,1795
357.6265,357.6673,68437,82140,Rhinolophus ferrumequinum,0.024,0.024,-1,Echolocation,/mnt/ubna_data_02_mir/recover-20221013/UBNA_001/20221012_030000.WAV,Telephone Field,recover-20221013,001,1795
357.6445,357.6521,28906,37921,Eptesicus serotinus,0.006,0.022,-1,Echolocation,/mnt/ubna_data_02_mir/recover-20221013/UBNA_001/20221012_030000.WAV,Telephone Field,recover-20221013,001,1795
357.64549999999997,357.6522,23750,33043,Plecotus austriacus,0.011,0.024,-1,Echolocation,/mnt/ubna_data_02_mir/recover-20221013/UBNA_001/20221012_030000.WAV,Telephone Field,recover-20221013,001,1795
357.6835,357.6936,28046,36261,Eptesicus serotinus,0.009,0.022,-1,Echolocation,/mnt/ubna_data_02_mir/recover-20221013/UBNA_001/20221012_030000.WAV,Telephone Field,recover-20221013,001,1795
357.6845,357.7231,68437,81801,Rhinolophus ferrumequinum,0.022,0.022,-1,Echolocation,/mnt/ubna_data_02_mir/recover-20221013/UBNA_001/20221012_030000.WAV,Telephone Field,recover-20221013,001,1795
357.6965,357.704,28906,41198,Eptesicus serotinus,0.008,0.028,-1,Echolocation,/mnt/ubna_data_02_mir/recover-20221013/UBNA_001/20221012_030000.WAV,Telephone Field,recover-20221013,001,1795
357.7595,357.8017,68437,83067,Rhinolophus ferrumequinum,0.03,0.03,-1,Echolocation,/mnt/ubna_data_02_mir/recover-20221013/UBNA_001/20221012_030000.WAV,Telephone Field,recover-20221013,001,1795
357.7855,357.7979,14296,19474,Nyctalus noctula,0.021,0.033,-1,Echolocation,/mnt/ubna_data_02_mir/recover-20221013/UBNA_001/20221012_030000.WAV,Telephone Field,recover-20221013,001,1795
357.7965,357.8367,68437,82353,Rhinolophus ferrumequinum,0.024,0.024,-1,Echolocation,/mnt/ubna_data_02_mir/recover-20221013/UBNA_001/20221012_030000.WAV,Telephone Field,recover-20221013,001,1795
357.8085,357.8192,22890,28684,Nyctalus leisleri,0.011,0.024,-1,Echolocation,/mnt/ubna_data_02_mir/recover-20221013/UBNA_001/20221012_030000.WAV,Telephone Field,recover-20221013,001,1795
357.8265,357.84,14296,19993,Nyctalus noctula,0.02,0.029,-1,Echolocation,/mnt/ubna_data_02_mir/recover-20221013/UBNA_001/20221012_030000.WAV,Telephone Field,recover-20221013,001,1795
357.8285,357.8346,25468,38933,Plecotus austriacus,0.006,0.024,-1,Echolocation,/mnt/ubna_data_02_mir/recover-20221013/UBNA_001/20221012_030000.WAV,Telephone Field,recover-20221013,001,1795
357.8435,357.8832,68437,81852,Rhinolophus ferrumequinum,0.022,0.022,-1,Echolocation,/mnt/ubna_data_02_mir/recover-20221013/UBNA_001/20221012_030000.WAV,Telephone Field,recover-20221013,001,1795
357.85450000000003,357.8638,22890,30064,Plecotus austriacus,0.01,0.026,-1,Echolocation,/mnt/ubna_data_02_mir/recover-20221013/UBNA_001/20221012_030000.WAV,Telephone Field,recover-20221013,001,1795
357.8665,357.9047,68437,82270,Rhinolophus ferrumequinum,0.036,0.036,-1,Echolocation,/mnt/ubna_data_02_mir/recover-20221013/UBNA_001/20221012_030000.WAV,Telephone Field,recover-20221013,001,1795
357.8845,357.926,68437,83011,Rhinolophus ferrumequinum,0.026,0.026,-1,Echolocation,/mnt/ubna_data_02_mir/recover-20221013/UBNA_001/20221012_030000.WAV,Telephone Field,recover-20221013,001,1795
357.8845,357.89549999999997,28046,36350,Eptesicus serotinus,0.012,0.028,-1,Echolocation,/mnt/ubna_data_02_mir/recover-20221013/UBNA_001/20221012_030000.WAV,Telephone Field,recover-20221013,001,1795
357.9475,357.9568,28046,40821,Eptesicus serotinus,0.01,0.026,-1,Echolocation,/mnt/ubna_data_02_mir/recover-20221013/UBNA_001/20221012_030000.WAV,Telephone Field,recover-20221013,001,1795
357.9545,357.9646,28046,36101,Eptesicus serotinus,0.011,0.025,-1,Echolocation,/mnt/ubna_data_02_mir/recover-20221013/UBNA_001/20221012_030000.WAV,Telephone Field,recover-20221013,001,1795
358.0015,358.0348,69296,81078,Rhinolophus ferrumequinum,0.023,0.023,-1,Echolocation,/mnt/ubna_data_02_mir/recover-20221013/UBNA_001/20221012_030000.WAV,Telephone Field,recover-20221013,001,1795
358.0015,358.0097,27187,42046,Eptesicus serotinus,0.007,0.024,-1,Echolocation,/mnt/ubna_data_02_mir/recover-20221013/UBNA_001/20221012_030000.WAV,Telephone Field,recover-20221013,001,1795
358.0015,358.01,48671,56100,Pipistrellus pipistrellus,0.017,0.023,-1,Echolocation,/mnt/ubna_data_02_mir/recover-20221013/UBNA_001/20221012_030000.WAV,Telephone Field,recover-20221013,001,1795
358.0485,358.0893,68437,82385,Rhinolophus ferrumequinum,0.023,0.023,-1,Echolocation,/mnt/ubna_data_02_mir/recover-20221013/UBNA_001/20221012_030000.WAV,Telephone Field,recover-20221013,001,1795
358.0715,358.0808,28906,41569,Eptesicus serotinus,0.009,0.023,-1,Echolocation,/mnt/ubna_data_02_mir/recover-20221013/UBNA_001/20221012_030000.WAV,Telephone Field,recover-20221013,001,1795
358.0795,358.0894,25468,33251,Eptesicus serotinus,0.008,0.021,-1,Echolocation,/mnt/ubna_data_02_mir/recover-20221013/UBNA_001/20221012_030000.WAV,Telephone Field,recover-20221013,001,1795
358.0835,358.1235,68437,81992,Rhinolophus ferrumequinum,0.025,0.025,-1,Echolocation,/mnt/ubna_data_02_mir/recover-20221013/UBNA_001/20221012_030000.WAV,Telephone Field,recover-20221013,001,1795
358.1205,358.1603,68437,82122,Rhinolophus ferrumequinum,0.023,0.023,-1,Echolocation,/mnt/ubna_data_02_mir/recover-20221013/UBNA_001/20221012_030000.WAV,Telephone Field,recover-20221013,001,1795
358.1235,358.1327,28046,36866,Eptesicus serotinus,0.012,0.027,-1,Echolocation,/mnt/ubna_data_02_mir/recover-20221013/UBNA_001/20221012_030000.WAV,Telephone Field,recover-20221013,001,1795
358.1415,358.1488,46093,50822,Pipistrellus pipistrellus,0.027,0.03,-1,Echolocation,/mnt/ubna_data_02_mir/recover-20221013/UBNA_001/20221012_030000.WAV,Telephone Field,recover-20221013,001,1795
358.1445,358.1527,27187,40881,Eptesicus serotinus,0.008,0.021,-1,Echolocation,/mnt/ubna_data_02_mir/recover-20221013/UBNA_001/20221012_030000.WAV,Telephone Field,recover-20221013,001,1795
358.2005,358.2383,68437,81865,Rhinolophus ferrumequinum,0.021,0.022,-1,Echolocation,/mnt/ubna_data_02_mir/recover-20221013/UBNA_001/20221012_030000.WAV,Telephone Field,recover-20221013,001,1795
358.2245,358.2599,68437,81501,Rhinolophus ferrumequinum,0.021,0.022,-1,Echolocation,/mnt/ubna_data_02_mir/recover-20221013/UBNA_001/20221012_030000.WAV,Telephone Field,recover-20221013,001,1795
358.2675,358.2751,28046,38297,Eptesicus serotinus,0.01,0.027,-1,Echolocation,/mnt/ubna_data_02_mir/recover-20221013/UBNA_001/20221012_030000.WAV,Telephone Field,recover-20221013,001,1795
358.2965,358.3374,68437,83282,Rhinolophus ferrumequinum,0.025,0.025,-1,Echolocation,/mnt/ubna_data_02_mir/recover-20221013/UBNA_001/20221012_030000.WAV,Telephone Field,recover-20221013,001,1795
358.3785,358.4159,68437,80450,Rhinolophus ferrumequinum,0.021,0.021,-1,Echolocation,/mnt/ubna_data_02_mir/recover-20221013/UBNA_001/20221012_030000.WAV,Telephone Field,recover-20221013,001,1795
358.4265,358.4634,68437,81479,Rhinolophus ferrumequinum,0.021,0.021,-1,Echolocation,/mnt/ubna_data_02_mir/recover-20221013/UBNA_001/20221012_030000.WAV,Telephone Field,recover-20221013,001,1795
358.4735,358.5121,68437,81683,Rhinolophus ferrumequinum,0.022,0.022,-1,Echolocation,/mnt/ubna_data_02_mir/recover-20221013/UBNA_001/20221012_030000.WAV,Telephone Field,recover-20221013,001,1795
358.5365,358.5741,68437,82134,Rhinolophus ferrumequinum,0.022,0.022,-1,Echolocation,/mnt/ubna_data_02_mir/recover-20221013/UBNA_001/20221012_030000.WAV,Telephone Field,recover-20221013,001,1795
358.5525,358.5898,68437,81073,Rhinolophus ferrumequinum,0.022,0.022,-1,Echolocation,/mnt/ubna_data_02_mir/recover-20221013/UBNA_001/20221012_030000.WAV,Telephone Field,recover-20221013,001,1795
358.5585,358.597,68437,81821,Rhinolophus ferrumequinum,0.021,0.021,-1,Echolocation,/mnt/ubna_data_02_mir/recover-20221013/UBNA_001/20221012_030000.WAV,Telephone Field,recover-20221013,001,1795
358.5715,358.6118,68437,82064,Rhinolophus ferrumequinum,0.022,0.022,-1,Echolocation,/mnt/ubna_data_02_mir/recover-20221013/UBNA_001/20221012_030000.WAV,Telephone Field,recover-20221013,001,1795
358.5795,358.5921,22031,27003,Nyctalus leisleri,0.023,0.054,-1,Echolocation,/mnt/ubna_data_02_mir/recover-20221013/UBNA_001/20221012_030000.WAV,Telephone Field,recover-20221013,001,1795
358.6165,358.6536,68437,82010,Rhinolophus ferrumequinum,0.032,0.032,-1,Echolocation,/mnt/ubna_data_02_mir/recover-20221013/UBNA_001/20221012_030000.WAV,Telephone Field,recover-20221013,001,1795
358.6975,358.7079,23750,30850,Nyctalus leisleri,0.008,0.023,-1,Echolocation,/mnt/ubna_data_02_mir/recover-20221013/UBNA_001/20221012_030000.WAV,Telephone Field,recover-20221013,001,1795
358.7395,358.7456,27187,38606,Eptesicus serotinus,0.009,0.037,-1,Echolocation,/mnt/ubna_data_02_mir/recover-20221013/UBNA_001/20221012_030000.WAV,Telephone Field,recover-20221013,001,1795
358.7405,358.7794,68437,82566,Rhinolophus ferrumequinum,0.022,0.022,-1,Echolocation,/mnt/ubna_data_02_mir/recover-20221013/UBNA_001/20221012_030000.WAV,Telephone Field,recover-20221013,001,1795
358.7755,358.78340000000003,46953,51227,Pipistrellus pipistrellus,0.039,0.04,-1,Echolocation,/mnt/ubna_data_02_mir/recover-20221013/UBNA_001/20221012_030000.WAV,Telephone Field,recover-20221013,001,1795
358.7835,358.8222,68437,82411,Rhinolophus ferrumequinum,0.022,0.022,-1,Echolocation,/mnt/ubna_data_02_mir/recover-20221013/UBNA_001/20221012_030000.WAV,Telephone Field,recover-20221013,001,1795
358.7895,358.7959,34921,43012,Myotis daubentonii,0.009,0.027,-1,Echolocation,/mnt/ubna_data_02_mir/recover-20221013/UBNA_001/20221012_030000.WAV,Telephone Field,recover-20221013,001,1795
358.7905,358.797,26328,40728,Eptesicus serotinus,0.006,0.023,-1,Echolocation,/mnt/ubna_data_02_mir/recover-20221013/UBNA_001/20221012_030000.WAV,Telephone Field,recover-20221013,001,1795
358.7975,358.8369,68437,81836,Rhinolophus ferrumequinum,0.024,0.024,-1,Echolocation,/mnt/ubna_data_02_mir/recover-20221013/UBNA_001/20221012_030000.WAV,Telephone Field,recover-20221013,001,1795
358.8535,358.8675,33203,37119,Pipistrellus nathusii,0.011,0.036,-1,Echolocation,/mnt/ubna_data_02_mir/recover-20221013/UBNA_001/20221012_030000.WAV,Telephone Field,recover-20221013,001,1795
358.85450000000003,358.89300000000003,68437,81257,Rhinolophus ferrumequinum,0.023,0.024,-1,Echolocation,/mnt/ubna_data_02_mir/recover-20221013/UBNA_001/20221012_030000.WAV,Telephone Field,recover-20221013,001,1795
358.8655,358.90319999999997,68437,82260,Rhinolophus ferrumequinum,0.021,0.021,-1,Echolocation,/mnt/ubna_data_02_mir/recover-20221013/UBNA_001/20221012_030000.WAV,Telephone Field,recover-20221013,001,1795
358.8735,358.9126,68437,82356,Rhinolophus ferrumequinum,0.023,0.023,-1,Echolocation,/mnt/ubna_data_02_mir/recover-20221013/UBNA_001/20221012_030000.WAV,Telephone Field,recover-20221013,001,1795
358.8975,358.9365,68437,82610,Rhinolophus ferrumequinum,0.022,0.022,-1,Echolocation,/mnt/ubna_data_02_mir/recover-20221013/UBNA_001/20221012_030000.WAV,Telephone Field,recover-20221013,001,1795
358.9265,358.965,68437,82250,Rhinolophus ferrumequinum,0.022,0.022,-1,Echolocation,/mnt/ubna_data_02_mir/recover-20221013/UBNA_001/20221012_030000.WAV,Telephone Field,recover-20221013,001,1795
358.9515,358.9603,28906,37674,Eptesicus serotinus,0.008,0.024,-1,Echolocation,/mnt/ubna_data_02_mir/recover-20221013/UBNA_001/20221012_030000.WAV,Telephone Field,recover-20221013,001,1795
358.9845,358.9927,27187,36114,Eptesicus serotinus,0.01,0.026,-1,Echolocation,/mnt/ubna_data_02_mir/recover-20221013/UBNA_001/20221012_030000.WAV,Telephone Field,recover-20221013,001,1795
359.0225,359.0622,68437,82309,Rhinolophus ferrumequinum,0.024,0.024,-1,Echolocation,/mnt/ubna_data_02_mir/recover-20221013/UBNA_001/20221012_030000.WAV,Telephone Field,recover-20221013,001,1795
359.0605,359.0979,68437,82192,Rhinolophus ferrumequinum,0.022,0.022,-1,Echolocation,/mnt/ubna_data_02_mir/recover-20221013/UBNA_001/20221012_030000.WAV,Telephone Field,recover-20221013,001,1795
359.0665,359.0729,24609,35437,Plecotus austriacus,0.018,0.038,-1,Echolocation,/mnt/ubna_data_02_mir/recover-20221013/UBNA_001/20221012_030000.WAV,Telephone Field,recover-20221013,001,1795
359.0705,359.0802,48671,53216,Pipistrellus pipistrellus,0.018,0.021,-1,Echolocation,/mnt/ubna_data_02_mir/recover-20221013/UBNA_001/20221012_030000.WAV,Telephone Field,recover-20221013,001,1795
359.0715,359.1105,68437,82737,Rhinolophus ferrumequinum,0.021,0.021,-1,Echolocation,/mnt/ubna_data_02_mir/recover-20221013/UBNA_001/20221012_030000.WAV,Telephone Field,recover-20221013,001,1795
359.0825,359.0908,26328,34848,Eptesicus serotinus,0.008,0.021,-1,Echolocation,/mnt/ubna_data_02_mir/recover-20221013/UBNA_001/20221012_030000.WAV,Telephone Field,recover-20221013,001,1795
359.1155,359.1518,68437,81566,Rhinolophus ferrumequinum,0.022,0.022,-1,Echolocation,/mnt/ubna_data_02_mir/recover-20221013/UBNA_001/20221012_030000.WAV,Telephone Field,recover-20221013,001,1795
359.16949999999997,359.1796,28046,36091,Eptesicus serotinus,0.01,0.023,-1,Echolocation,/mnt/ubna_data_02_mir/recover-20221013/UBNA_001/20221012_030000.WAV,Telephone Field,recover-20221013,001,1795
359.1755,359.2074,68437,80643,Rhinolophus ferrumequinum,0.021,0.021,-1,Echolocation,/mnt/ubna_data_02_mir/recover-20221013/UBNA_001/20221012_030000.WAV,Telephone Field,recover-20221013,001,1795
359.1955,359.2345,68437,82384,Rhinolophus ferrumequinum,0.021,0.021,-1,Echolocation,/mnt/ubna_data_02_mir/recover-20221013/UBNA_001/20221012_030000.WAV,Telephone Field,recover-20221013,001,1795
359.2485,359.2862,68437,82418,Rhinolophus ferrumequinum,0.022,0.022,-1,Echolocation,/mnt/ubna_data_02_mir/recover-20221013/UBNA_001/20221012_030000.WAV,Telephone Field,recover-20221013,001,1795
359.2805,359.2878,26328,38405,Eptesicus serotinus,0.005,0.021,-1,Echolocation,/mnt/ubna_data_02_mir/recover-20221013/UBNA_001/20221012_030000.WAV,Telephone Field,recover-20221013,001,1795
359.29449999999997,359.3338,68437,82620,Rhinolophus ferrumequinum,0.024,0.024,-1,Echolocation,/mnt/ubna_data_02_mir/recover-20221013/UBNA_001/20221012_030000.WAV,Telephone Field,recover-20221013,001,1795
359.3275,359.3379,28046,36134,Eptesicus serotinus,0.009,0.021,-1,Echolocation,/mnt/ubna_data_02_mir/recover-20221013/UBNA_001/20221012_030000.WAV,Telephone Field,recover-20221013,001,1795
359.3355,359.3762,68437,82750,Rhinolophus ferrumequinum,0.027,0.028,-1,Echolocation,/mnt/ubna_data_02_mir/recover-20221013/UBNA_001/20221012_030000.WAV,Telephone Field,recover-20221013,001,1795
359.3525,359.3923,68437,82924,Rhinolophus ferrumequinum,0.022,0.022,-1,Echolocation,/mnt/ubna_data_02_mir/recover-20221013/UBNA_001/20221012_030000.WAV,Telephone Field,recover-20221013,001,1795
359.3965,359.406,28046,37746,Eptesicus serotinus,0.009,0.021,-1,Echolocation,/mnt/ubna_data_02_mir/recover-20221013/UBNA_001/20221012_030000.WAV,Telephone Field,recover-20221013,001,1795
359.3975,359.4347,68437,82127,Rhinolophus ferrumequinum,0.024,0.024,-1,Echolocation,/mnt/ubna_data_02_mir/recover-20221013/UBNA_001/20221012_030000.WAV,Telephone Field,recover-20221013,001,1795
359.4135,359.4209,26328,36120,Eptesicus serotinus,0.007,0.023,-1,Echolocation,/mnt/ubna_data_02_mir/recover-20221013/UBNA_001/20221012_030000.WAV,Telephone Field,recover-20221013,001,1795
359.4295,359.4742,68437,83560,Rhinolophus ferrumequinum,0.046,0.046,-1,Echolocation,/mnt/ubna_data_02_mir/recover-20221013/UBNA_001/20221012_030000.WAV,Telephone Field,recover-20221013,001,1795
359.4545,359.465,22890,28382,Nyctalus leisleri,0.011,0.026,-1,Echolocation,/mnt/ubna_data_02_mir/recover-20221013/UBNA_001/20221012_030000.WAV,Telephone Field,recover-20221013,001,1795
359.4565,359.497,68437,82724,Rhinolophus ferrumequinum,0.03,0.03,-1,Echolocation,/mnt/ubna_data_02_mir/recover-20221013/UBNA_001/20221012_030000.WAV,Telephone Field,recover-20221013,001,1795
359.4775,359.4854,27187,36033,Eptesicus serotinus,0.008,0.022,-1,Echolocation,/mnt/ubna_data_02_mir/recover-20221013/UBNA_001/20221012_030000.WAV,Telephone Field,recover-20221013,001,1795
359.5035,359.5412,68437,81485,Rhinolophus ferrumequinum,0.024,0.024,-1,Echolocation,/mnt/ubna_data_02_mir/recover-20221013/UBNA_001/20221012_030000.WAV,Telephone Field,recover-20221013,001,1795
359.5085,359.5475,68437,81775,Rhinolophus ferrumequinum,0.023,0.023,-1,Echolocation,/mnt/ubna_data_02_mir/recover-20221013/UBNA_001/20221012_030000.WAV,Telephone Field,recover-20221013,001,1795
359.5435,359.5533,28906,38153,Eptesicus serotinus,0.008,0.023,-1,Echolocation,/mnt/ubna_data_02_mir/recover-20221013/UBNA_001/20221012_030000.WAV,Telephone Field,recover-20221013,001,1795
359.6255,359.6368,26328,33133,Eptesicus serotinus,0.012,0.023,-1,Echolocation,/mnt/ubna_data_02_mir/recover-20221013/UBNA_001/20221012_030000.WAV,Telephone Field,recover-20221013,001,1795
359.6355,359.6717,68437,81271,Rhinolophus ferrumequinum,0.022,0.022,-1,Echolocation,/mnt/ubna_data_02_mir/recover-20221013/UBNA_001/20221012_030000.WAV,Telephone Field,recover-20221013,001,1795
359.6515,359.6582,28046,37995,Eptesicus serotinus,0.006,0.024,-1,Echolocation,/mnt/ubna_data_02_mir/recover-20221013/UBNA_001/20221012_030000.WAV,Telephone Field,recover-20221013,001,1795
359.6915,359.7311,68437,82375,Rhinolophus ferrumequinum,0.022,0.022,-1,Echolocation,/mnt/ubna_data_02_mir/recover-20221013/UBNA_001/20221012_030000.WAV,Telephone Field,recover-20221013,001,1795
359.7005,359.7406,68437,82094,Rhinolophus ferrumequinum,0.022,0.022,-1,Echolocation,/mnt/ubna_data_02_mir/recover-20221013/UBNA_001/20221012_030000.WAV,Telephone Field,recover-20221013,001,1795
359.7045,359.7118,27187,36654,Eptesicus serotinus,0.01,0.027,-1,Echolocation,/mnt/ubna_data_02_mir/recover-20221013/UBNA_001/20221012_030000.WAV,Telephone Field,recover-20221013,001,1795
359.7165,359.7548,68437,81854,Rhinolophus ferrumequinum,0.023,0.023,-1,Echolocation,/mnt/ubna_data_02_mir/recover-20221013/UBNA_001/20221012_030000.WAV,Telephone Field,recover-20221013,001,1795
359.7315,359.7382,28046,39351,Eptesicus serotinus,0.007,0.027,-1,Echolocation,/mnt/ubna_data_02_mir/recover-20221013/UBNA_001/20221012_030000.WAV,Telephone Field,recover-20221013,001,1795
359.7475,359.7639,22031,26096,Nyctalus leisleri,0.02,0.037,-1,Echolocation,/mnt/ubna_data_02_mir/recover-20221013/UBNA_001/20221012_030000.WAV,Telephone Field,recover-20221013,001,1795
359.8145,359.85360000000003,68437,82457,Rhinolophus ferrumequinum,0.023,0.024,-1,Echolocation,/mnt/ubna_data_02_mir/recover-20221013/UBNA_001/20221012_030000.WAV,Telephone Field,recover-20221013,001,1795
359.8155,359.8259,24609,30612,Nyctalus leisleri,0.01,0.024,-1,Echolocation,/mnt/ubna_data_02_mir/recover-20221013/UBNA_001/20221012_030000.WAV,Telephone Field,recover-20221013,001,1795
359.85450000000003,359.8641,24609,32394,Eptesicus serotinus,0.007,0.022,-1,Echolocation,/mnt/ubna_data_02_mir/recover-20221013/UBNA_001/20221012_030000.WAV,Telephone Field,recover-20221013,001,1795
359.8655,359.9063,68437,82351,Rhinolophus ferrumequinum,0.021,0.022,-1,Echolocation,/mnt/ubna_data_02_mir/recover-20221013/UBNA_001/20221012_030000.WAV,Telephone Field,recover-20221013,001,1795
359.9285,359.94010000000003,22890,27272,Nyctalus leisleri,0.014,0.026,-1,Echolocation,/mnt/ubna_data_02_mir/recover-20221013/UBNA_001/20221012_030000.WAV,Telephone Field,recover-20221013,001,1795
359.9825,359.9893,28046,40256,Eptesicus serotinus,0.01,0.032,-1,Echolocation,/mnt/ubna_data_02_mir/recover-20221013/UBNA_001/20221012_030000.WAV,Telephone Field,recover-20221013,001,1795
360.0015,360.0341,68437,80439,Rhinolophus ferrumequinum,0.026,0.026,-1,Echolocation,/mnt/ubna_data_02_mir/recover-20221013/UBNA_001/20221012_030000.WAV,Telephone Field,recover-20221013,001,1795
360.0015,360.011,24609,30894,Nyctalus leisleri,0.015,0.034,-1,Echolocation,/mnt/ubna_data_02_mir/recover-20221013/UBNA_001/20221012_030000.WAV,Telephone Field,recover-20221013,001,1795
360.0125,360.0211,25468,35587,Eptesicus serotinus,0.006,0.022,-1,Echolocation,/mnt/ubna_data_02_mir/recover-20221013/UBNA_001/20221012_030000.WAV,Telephone Field,recover-20221013,001,1795
360.0285,360.0629,68437,80961,Rhinolophus ferrumequinum,0.024,0.024,-1,Echolocation,/mnt/ubna_data_02_mir/recover-20221013/UBNA_001/20221012_030000.WAV,Telephone Field,recover-20221013,001,1795
360.0915,360.1292,68437,82329,Rhinolophus ferrumequinum,0.022,0.022,-1,Echolocation,/mnt/ubna_data_02_mir/recover-20221013/UBNA_001/20221012_030000.WAV,Telephone Field,recover-20221013,001,1795
360.0985,360.1374,68437,81719,Rhinolophus ferrumequinum,0.022,0.022,-1,Echolocation,/mnt/ubna_data_02_mir/recover-20221013/UBNA_001/20221012_030000.WAV,Telephone Field,recover-20221013,001,1795
360.1005,360.1079,30625,39945,Myotis daubentonii,0.01,0.033,-1,Echolocation,/mnt/ubna_data_02_mir/recover-20221013/UBNA_001/20221012_030000.WAV,Telephone Field,recover-20221013,001,1795
360.1125,360.1496,68437,81826,Rhinolophus ferrumequinum,0.023,0.023,-1,Echolocation,/mnt/ubna_data_02_mir/recover-20221013/UBNA_001/20221012_030000.WAV,Telephone Field,recover-20221013,001,1795
360.1435,360.1834,68437,82006,Rhinolophus ferrumequinum,0.021,0.021,-1,Echolocation,/mnt/ubna_data_02_mir/recover-20221013/UBNA_001/20221012_030000.WAV,Telephone Field,recover-20221013,001,1795
360.2505,360.2889,68437,82127,Rhinolophus ferrumequinum,0.023,0.023,-1,Echolocation,/mnt/ubna_data_02_mir/recover-20221013/UBNA_001/20221012_030000.WAV,Telephone Field,recover-20221013,001,1795
360.2585,360.295,68437,82036,Rhinolophus ferrumequinum,0.028,0.028,-1,Echolocation,/mnt/ubna_data_02_mir/recover-20221013/UBNA_001/20221012_030000.WAV,Telephone Field,recover-20221013,001,1795
360.2885,360.3268,68437,81865,Rhinolophus ferrumequinum,0.021,0.022,-1,Echolocation,/mnt/ubna_data_02_mir/recover-20221013/UBNA_001/20221012_030000.WAV,Telephone Field,recover-20221013,001,1795
360.3675,360.4073,68437,82320,Rhinolophus ferrumequinum,0.028,0.028,-1,Echolocation,/mnt/ubna_data_02_mir/recover-20221013/UBNA_001/20221012_030000.WAV,Telephone Field,recover-20221013,001,1795
360.4005,360.4068,25468,38472,Plecotus austriacus,0.009,0.028,-1,Echolocation,/mnt/ubna_data_02_mir/recover-20221013/UBNA_001/20221012_030000.WAV,Telephone Field,recover-20221013,001,1795
360.4335,360.4725,68437,82474,Rhinolophus ferrumequinum,0.024,0.024,-1,Echolocation,/mnt/ubna_data_02_mir/recover-20221013/UBNA_001/20221012_030000.WAV,Telephone Field,recover-20221013,001,1795
360.4615,360.469,27187,40149,Eptesicus serotinus,0.008,0.029,-1,Echolocation,/mnt/ubna_data_02_mir/recover-20221013/UBNA_001/20221012_030000.WAV,Telephone Field,recover-20221013,001,1795
360.4625,360.5017,68437,83259,Rhinolophus ferrumequinum,0.026,0.026,-1,Echolocation,/mnt/ubna_data_02_mir/recover-20221013/UBNA_001/20221012_030000.WAV,Telephone Field,recover-20221013,001,1795
360.4955,360.5021,30625,48928,Myotis daubentonii,0.013,0.024,-1,Echolocation,/mnt/ubna_data_02_mir/recover-20221013/UBNA_001/20221012_030000.WAV,Telephone Field,recover-20221013,001,1795
360.5235,360.5382,21171,24328,Nyctalus leisleri,0.014,0.023,-1,Echolocation,/mnt/ubna_data_02_mir/recover-20221013/UBNA_001/20221012_030000.WAV,Telephone Field,recover-20221013,001,1795
360.5405,360.5492,27187,36602,Eptesicus serotinus,0.008,0.022,-1,Echolocation,/mnt/ubna_data_02_mir/recover-20221013/UBNA_001/20221012_030000.WAV,Telephone Field,recover-20221013,001,1795
360.5505,360.587,68437,81875,Rhinolophus ferrumequinum,0.021,0.022,-1,Echolocation,/mnt/ubna_data_02_mir/recover-20221013/UBNA_001/20221012_030000.WAV,Telephone Field,recover-20221013,001,1795
360.6055,360.6143,22890,29419,Plecotus austriacus,0.009,0.024,-1,Echolocation,/mnt/ubna_data_02_mir/recover-20221013/UBNA_001/20221012_030000.WAV,Telephone Field,recover-20221013,001,1795
360.6405,360.6785,68437,81551,Rhinolophus ferrumequinum,0.022,0.022,-1,Echolocation,/mnt/ubna_data_02_mir/recover-20221013/UBNA_001/20221012_030000.WAV,Telephone Field,recover-20221013,001,1795
360.6575,360.6682,28906,36979,Eptesicus serotinus,0.01,0.025,-1,Echolocation,/mnt/ubna_data_02_mir/recover-20221013/UBNA_001/20221012_030000.WAV,Telephone Field,recover-20221013,001,1795
360.6735,360.7118,68437,81759,Rhinolophus ferrumequinum,0.022,0.022,-1,Echolocation,/mnt/ubna_data_02_mir/recover-20221013/UBNA_001/20221012_030000.WAV,Telephone Field,recover-20221013,001,1795
360.6845,360.6903,32343,47936,Myotis daubentonii,0.016,0.031,-1,Echolocation,/mnt/ubna_data_02_mir/recover-20221013/UBNA_001/20221012_030000.WAV,Telephone Field,recover-20221013,001,1795
360.6865,360.6933,26328,39122,Eptesicus serotinus,0.006,0.026,-1,Echolocation,/mnt/ubna_data_02_mir/recover-20221013/UBNA_001/20221012_030000.WAV,Telephone Field,recover-20221013,001,1795
360.7265,360.7658,68437,82430,Rhinolophus ferrumequinum,0.025,0.025,-1,Echolocation,/mnt/ubna_data_02_mir/recover-20221013/UBNA_001/20221012_030000.WAV,Telephone Field,recover-20221013,001,1795
360.7465,360.7859,68437,82486,Rhinolophus ferrumequinum,0.026,0.026,-1,Echolocation,/mnt/ubna_data_02_mir/recover-20221013/UBNA_001/20221012_030000.WAV,Telephone Field,recover-20221013,001,1795
360.7515,360.7644,23750,28656,Nyctalus leisleri,0.068,0.142,-1,Echolocation,/mnt/ubna_data_02_mir/recover-20221013/UBNA_001/20221012_030000.WAV,Telephone Field,recover-20221013,001,1795
360.7675,360.8065,68437,82184,Rhinolophus ferrumequinum,0.021,0.022,-1,Echolocation,/mnt/ubna_data_02_mir/recover-20221013/UBNA_001/20221012_030000.WAV,Telephone Field,recover-20221013,001,1795
360.7835,360.7928,28046,35486,Eptesicus serotinus,0.012,0.029,-1,Echolocation,/mnt/ubna_data_02_mir/recover-20221013/UBNA_001/20221012_030000.WAV,Telephone Field,recover-20221013,001,1795
360.8125,360.8495,68437,81720,Rhinolophus ferrumequinum,0.022,0.022,-1,Echolocation,/mnt/ubna_data_02_mir/recover-20221013/UBNA_001/20221012_030000.WAV,Telephone Field,recover-20221013,001,1795
360.8765,360.8849,28046,39655,Eptesicus serotinus,0.009,0.024,-1,Echolocation,/mnt/ubna_data_02_mir/recover-20221013/UBNA_001/20221012_030000.WAV,Telephone Field,recover-20221013,001,1795
360.8775,360.9174,68437,82601,Rhinolophus ferrumequinum,0.028,0.028,-1,Echolocation,/mnt/ubna_data_02_mir/recover-20221013/UBNA_001/20221012_030000.WAV,Telephone Field,recover-20221013,001,1795
360.8905,360.8979,51250,58698,Pipistrellus pipistrellus,0.017,0.021,-1,Echolocation,/mnt/ubna_data_02_mir/recover-20221013/UBNA_001/20221012_030000.WAV,Telephone Field,recover-20221013,001,1795
360.8995,360.9385,68437,82393,Rhinolophus ferrumequinum,0.022,0.022,-1,Echolocation,/mnt/ubna_data_02_mir/recover-20221013/UBNA_001/20221012_030000.WAV,Telephone Field,recover-20221013,001,1795
360.9115,360.919,26328,38968,Eptesicus serotinus,0.006,0.024,-1,Echolocation,/mnt/ubna_data_02_mir/recover-20221013/UBNA_001/20221012_030000.WAV,Telephone Field,recover-20221013,001,1795
360.9565,360.995,68437,82571,Rhinolophus ferrumequinum,0.022,0.022,-1,Echolocation,/mnt/ubna_data_02_mir/recover-20221013/UBNA_001/20221012_030000.WAV,Telephone Field,recover-20221013,001,1795
360.9615,360.9996,68437,82004,Rhinolophus ferrumequinum,0.022,0.022,-1,Echolocation,/mnt/ubna_data_02_mir/recover-20221013/UBNA_001/20221012_030000.WAV,Telephone Field,recover-20221013,001,1795
361.0375,361.0789,68437,82805,Rhinolophus ferrumequinum,0.033,0.033,-1,Echolocation,/mnt/ubna_data_02_mir/recover-20221013/UBNA_001/20221012_030000.WAV,Telephone Field,recover-20221013,001,1795
361.0715,361.0788,37500,46755,Myotis daubentonii,0.01,0.022,-1,Echolocation,/mnt/ubna_data_02_mir/recover-20221013/UBNA_001/20221012_030000.WAV,Telephone Field,recover-20221013,001,1795
361.0725,361.0787,31484,51189,Myotis daubentonii,0.015,0.025,-1,Echolocation,/mnt/ubna_data_02_mir/recover-20221013/UBNA_001/20221012_030000.WAV,Telephone Field,recover-20221013,001,1795
361.0735,361.1088,68437,81360,Rhinolophus ferrumequinum,0.021,0.021,-1,Echolocation,/mnt/ubna_data_02_mir/recover-20221013/UBNA_001/20221012_030000.WAV,Telephone Field,recover-20221013,001,1795
361.0745,361.0808,25468,37809,Myotis nattereri,0.008,0.027,-1,Echolocation,/mnt/ubna_data_02_mir/recover-20221013/UBNA_001/20221012_030000.WAV,Telephone Field,recover-20221013,001,1795
361.1115,361.1501,68437,81913,Rhinolophus ferrumequinum,0.022,0.022,-1,Echolocation,/mnt/ubna_data_02_mir/recover-20221013/UBNA_001/20221012_030000.WAV,Telephone Field,recover-20221013,001,1795
361.1155,361.1225,28046,38174,Eptesicus serotinus,0.006,0.022,-1,Echolocation,/mnt/ubna_data_02_mir/recover-20221013/UBNA_001/20221012_030000.WAV,Telephone Field,recover-20221013,001,1795
361.1165,361.1281,22031,26636,Nyctalus leisleri,0.011,0.023,-1,Echolocation,/mnt/ubna_data_02_mir/recover-20221013/UBNA_001/20221012_030000.WAV,Telephone Field,recover-20221013,001,1795
361.2105,361.2201,28046,36703,Eptesicus serotinus,0.01,0.025,-1,Echolocation,/mnt/ubna_data_02_mir/recover-20221013/UBNA_001/20221012_030000.WAV,Telephone Field,recover-20221013,001,1795
361.2135,361.2532,68437,82420,Rhinolophus ferrumequinum,0.026,0.026,-1,Echolocation,/mnt/ubna_data_02_mir/recover-20221013/UBNA_001/20221012_030000.WAV,Telephone Field,recover-20221013,001,1795
361.2195,361.2291,22031,27469,Nyctalus leisleri,0.01,0.022,-1,Echolocation,/mnt/ubna_data_02_mir/recover-20221013/UBNA_001/20221012_030000.WAV,Telephone Field,recover-20221013,001,1795
361.2625,361.304,68437,82739,Rhinolophus ferrumequinum,0.027,0.027,-1,Echolocation,/mnt/ubna_data_02_mir/recover-20221013/UBNA_001/20221012_030000.WAV,Telephone Field,recover-20221013,001,1795
361.2675,361.2778,23750,30692,Nyctalus leisleri,0.008,0.023,-1,Echolocation,/mnt/ubna_data_02_mir/recover-20221013/UBNA_001/20221012_030000.WAV,Telephone Field,recover-20221013,001,1795
361.3305,361.3349,37500,52536,Myotis daubentonii,0.013,0.035,-1,Echolocation,/mnt/ubna_data_02_mir/recover-20221013/UBNA_001/20221012_030000.WAV,Telephone Field,recover-20221013,001,1795
361.3315,361.3367,27187,52778,Myotis nattereri,0.01,0.03,-1,Echolocation,/mnt/ubna_data_02_mir/recover-20221013/UBNA_001/20221012_030000.WAV,Telephone Field,recover-20221013,001,1795
361.3435,361.3826,68437,82588,Rhinolophus ferrumequinum,0.024,0.024,-1,Echolocation,/mnt/ubna_data_02_mir/recover-20221013/UBNA_001/20221012_030000.WAV,Telephone Field,recover-20221013,001,1795
361.3575,361.3686,22890,28684,Nyctalus leisleri,0.021,0.046,-1,Echolocation,/mnt/ubna_data_02_mir/recover-20221013/UBNA_001/20221012_030000.WAV,Telephone Field,recover-20221013,001,1795
361.4375,361.4762,68437,81911,Rhinolophus ferrumequinum,0.022,0.022,-1,Echolocation,/mnt/ubna_data_02_mir/recover-20221013/UBNA_001/20221012_030000.WAV,Telephone Field,recover-20221013,001,1795
361.4415,361.4508,22890,29335,Plecotus austriacus,0.008,0.023,-1,Echolocation,/mnt/ubna_data_02_mir/recover-20221013/UBNA_001/20221012_030000.WAV,Telephone Field,recover-20221013,001,1795
361.4635,361.5013,68437,81899,Rhinolophus ferrumequinum,0.022,0.022,-1,Echolocation,/mnt/ubna_data_02_mir/recover-20221013/UBNA_001/20221012_030000.WAV,Telephone Field,recover-20221013,001,1795
361.4735,361.5098,68437,81816,Rhinolophus ferrumequinum,0.025,0.025,-1,Echolocation,/mnt/ubna_data_02_mir/recover-20221013/UBNA_001/20221012_030000.WAV,Telephone Field,recover-20221013,001,1795
361.5035,361.539,68437,81971,Rhinolophus ferrumequinum,0.024,0.024,-1,Echolocation,/mnt/ubna_data_02_mir/recover-20221013/UBNA_001/20221012_030000.WAV,Telephone Field,recover-20221013,001,1795
361.5175,361.5258,27187,37219,Eptesicus serotinus,0.008,0.024,-1,Echolocation,/mnt/ubna_data_02_mir/recover-20221013/UBNA_001/20221012_030000.WAV,Telephone Field,recover-20221013,001,1795
361.5675,361.5776,34062,43672,Myotis daubentonii,0.006,0.022,-1,Echolocation,/mnt/ubna_data_02_mir/recover-20221013/UBNA_001/20221012_030000.WAV,Telephone Field,recover-20221013,001,1795
361.5705,361.6093,68437,82543,Rhinolophus ferrumequinum,0.024,0.024,-1,Echolocation,/mnt/ubna_data_02_mir/recover-20221013/UBNA_001/20221012_030000.WAV,Telephone Field,recover-20221013,001,1795
361.5855,361.596,49531,53169,Pipistrellus pipistrellus,0.042,0.047,-1,Echolocation,/mnt/ubna_data_02_mir/recover-20221013/UBNA_001/20221012_030000.WAV,Telephone Field,recover-20221013,001,1795
361.5915,361.5985,27187,40309,Myotis nattereri,0.005,0.026,-1,Echolocation,/mnt/ubna_data_02_mir/recover-20221013/UBNA_001/20221012_030000.WAV,Telephone Field,recover-20221013,001,1795
361.6105,361.6198,26328,34447,Eptesicus serotinus,0.026,0.06,-1,Echolocation,/mnt/ubna_data_02_mir/recover-20221013/UBNA_001/20221012_030000.WAV,Telephone Field,recover-20221013,001,1795
361.6135,361.65,68437,81840,Rhinolophus ferrumequinum,0.023,0.023,-1,Echolocation,/mnt/ubna_data_02_mir/recover-20221013/UBNA_001/20221012_030000.WAV,Telephone Field,recover-20221013,001,1795
361.6455,361.682,68437,82154,Rhinolophus ferrumequinum,0.023,0.023,-1,Echolocation,/mnt/ubna_data_02_mir/recover-20221013/UBNA_001/20221012_030000.WAV,Telephone Field,recover-20221013,001,1795
361.6615,361.6724,22890,28457,Nyctalus leisleri,0.013,0.028,-1,Echolocation,/mnt/ubna_data_02_mir/recover-20221013/UBNA_001/20221012_030000.WAV,Telephone Field,recover-20221013,001,1795
361.7225,361.7656,68437,83226,Rhinolophus ferrumequinum,0.037,0.037,-1,Echolocation,/mnt/ubna_data_02_mir/recover-20221013/UBNA_001/20221012_030000.WAV,Telephone Field,recover-20221013,001,1795
361.7565,361.7653,47812,51752,Pipistrellus pipistrellus,0.022,0.023,-1,Echolocation,/mnt/ubna_data_02_mir/recover-20221013/UBNA_001/20221012_030000.WAV,Telephone Field,recover-20221013,001,1795
361.7715,361.8085,68437,81452,Rhinolophus ferrumequinum,0.022,0.022,-1,Echolocation,/mnt/ubna_data_02_mir/recover-20221013/UBNA_001/20221012_030000.WAV,Telephone Field,recover-20221013,001,1795
361.8085,361.8162,27187,37846,Eptesicus serotinus,0.007,0.023,-1,Echolocation,/mnt/ubna_data_02_mir/recover-20221013/UBNA_001/20221012_030000.WAV,Telephone Field,recover-20221013,001,1795
361.8225,361.8629,68437,83004,Rhinolophus ferrumequinum,0.024,0.024,-1,Echolocation,/mnt/ubna_data_02_mir/recover-20221013/UBNA_001/20221012_030000.WAV,Telephone Field,recover-20221013,001,1795
361.9105,361.9487,68437,82393,Rhinolophus ferrumequinum,0.025,0.025,-1,Echolocation,/mnt/ubna_data_02_mir/recover-20221013/UBNA_001/20221012_030000.WAV,Telephone Field,recover-20221013,001,1795
361.9355,361.9749,68437,82036,Rhinolophus ferrumequinum,0.022,0.022,-1,Echolocation,/mnt/ubna_data_02_mir/recover-20221013/UBNA_001/20221012_030000.WAV,Telephone Field,recover-20221013,001,1795
361.9485,361.9869,68437,82333,Rhinolophus ferrumequinum,0.021,0.021,-1,Echolocation,/mnt/ubna_data_02_mir/recover-20221013/UBNA_001/20221012_030000.WAV,Telephone Field,recover-20221013,001,1795
361.9635,361.9723,28046,36813,Eptesicus serotinus,0.007,0.021,-1,Echolocation,/mnt/ubna_data_02_mir/recover-20221013/UBNA_001/20221012_030000.WAV,Telephone Field,recover-20221013,001,1795
362.0015,362.0355,68437,79743,Rhinolophus ferrumequinum,0.039,0.04,-1,Echolocation,/mnt/ubna_data_02_mir/recover-20221013/UBNA_001/20221012_030000.WAV,Telephone Field,recover-20221013,001,1795
362.0015,362.0145,27187,34246,Eptesicus serotinus,0.014,0.036,-1,Echolocation,/mnt/ubna_data_02_mir/recover-20221013/UBNA_001/20221012_030000.WAV,Telephone Field,recover-20221013,001,1795
362.0015,362.01,47812,54702,Pipistrellus pipistrellus,0.014,0.022,-1,Echolocation,/mnt/ubna_data_02_mir/recover-20221013/UBNA_001/20221012_030000.WAV,Telephone Field,recover-20221013,001,1795
362.0125,362.021,28906,45596,Eptesicus serotinus,0.008,0.025,-1,Echolocation,/mnt/ubna_data_02_mir/recover-20221013/UBNA_001/20221012_030000.WAV,Telephone Field,recover-20221013,001,1795
362.0495,362.0571,28046,39741,Eptesicus serotinus,0.008,0.023,-1,Echolocation,/mnt/ubna_data_02_mir/recover-20221013/UBNA_001/20221012_030000.WAV,Telephone Field,recover-20221013,001,1795
362.0765,362.0891,22890,27519,Nyctalus leisleri,0.013,0.024,-1,Echolocation,/mnt/ubna_data_02_mir/recover-20221013/UBNA_001/20221012_030000.WAV,Telephone Field,recover-20221013,001,1795
362.0955,362.1354,68437,82305,Rhinolophus ferrumequinum,0.025,0.025,-1,Echolocation,/mnt/ubna_data_02_mir/recover-20221013/UBNA_001/20221012_030000.WAV,Telephone Field,recover-20221013,001,1795
362.1015,362.1089,24609,33751,Plecotus austriacus,0.006,0.022,-1,Echolocation,/mnt/ubna_data_02_mir/recover-20221013/UBNA_001/20221012_030000.WAV,Telephone Field,recover-20221013,001,1795
362.1325,362.143,22890,29454,Nyctalus leisleri,0.01,0.026,-1,Echolocation,/mnt/ubna_data_02_mir/recover-20221013/UBNA_001/20221012_030000.WAV,Telephone Field,recover-20221013,001,1795
362.1345,362.173,68437,82139,Rhinolophus ferrumequinum,0.022,0.022,-1,Echolocation,/mnt/ubna_data_02_mir/recover-20221013/UBNA_001/20221012_030000.WAV,Telephone Field,recover-20221013,001,1795
362.1655,362.2035,68437,82411,Rhinolophus ferrumequinum,0.022,0.022,-1,Echolocation,/mnt/ubna_data_02_mir/recover-20221013/UBNA_001/20221012_030000.WAV,Telephone Field,recover-20221013,001,1795
362.2065,362.2137,28046,39245,Eptesicus serotinus,0.007,0.025,-1,Echolocation,/mnt/ubna_data_02_mir/recover-20221013/UBNA_001/20221012_030000.WAV,Telephone Field,recover-20221013,001,1795
362.2125,362.2504,68437,82510,Rhinolophus ferrumequinum,0.024,0.024,-1,Echolocation,/mnt/ubna_data_02_mir/recover-20221013/UBNA_001/20221012_030000.WAV,Telephone Field,recover-20221013,001,1795
362.2335,362.2717,68437,82008,Rhinolophus ferrumequinum,0.023,0.024,-1,Echolocation,/mnt/ubna_data_02_mir/recover-20221013/UBNA_001/20221012_030000.WAV,Telephone Field,recover-20221013,001,1795
362.2525,362.2599,28046,40016,Eptesicus serotinus,0.007,0.024,-1,Echolocation,/mnt/ubna_data_02_mir/recover-20221013/UBNA_001/20221012_030000.WAV,Telephone Field,recover-20221013,001,1795
362.2865,362.3236,68437,81594,Rhinolophus ferrumequinum,0.027,0.027,-1,Echolocation,/mnt/ubna_data_02_mir/recover-20221013/UBNA_001/20221012_030000.WAV,Telephone Field,recover-20221013,001,1795
362.3225,362.3633,68437,82623,Rhinolophus ferrumequinum,0.03,0.03,-1,Echolocation,/mnt/ubna_data_02_mir/recover-20221013/UBNA_001/20221012_030000.WAV,Telephone Field,recover-20221013,001,1795
362.3445,362.3557,22890,28141,Nyctalus leisleri,0.011,0.023,-1,Echolocation,/mnt/ubna_data_02_mir/recover-20221013/UBNA_001/20221012_030000.WAV,Telephone Field,recover-20221013,001,1795
362.3625,362.3971,68437,81268,Rhinolophus ferrumequinum,0.022,0.022,-1,Echolocation,/mnt/ubna_data_02_mir/recover-20221013/UBNA_001/20221012_030000.WAV,Telephone Field,recover-20221013,001,1795
362.3915,362.429,68437,81900,Rhinolophus ferrumequinum,0.023,0.023,-1,Echolocation,/mnt/ubna_data_02_mir/recover-20221013/UBNA_001/20221012_030000.WAV,Telephone Field,recover-20221013,001,1795
362.4085,362.419,23750,29905,Nyctalus leisleri,0.009,0.022,-1,Echolocation,/mnt/ubna_data_02_mir/recover-20221013/UBNA_001/20221012_030000.WAV,Telephone Field,recover-20221013,001,1795
362.4105,362.4181,50390,55688,Pipistrellus pipistrellus,0.023,0.026,-1,Echolocation,/mnt/ubna_data_02_mir/recover-20221013/UBNA_001/20221012_030000.WAV,Telephone Field,recover-20221013,001,1795
362.4425,362.4763,68437,81313,Rhinolophus ferrumequinum,0.023,0.023,-1,Echolocation,/mnt/ubna_data_02_mir/recover-20221013/UBNA_001/20221012_030000.WAV,Telephone Field,recover-20221013,001,1795
362.4585,362.4994,68437,82465,Rhinolophus ferrumequinum,0.021,0.021,-1,Echolocation,/mnt/ubna_data_02_mir/recover-20221013/UBNA_001/20221012_030000.WAV,Telephone Field,recover-20221013,001,1795
362.4705,362.4779,28046,41503,Eptesicus serotinus,0.006,0.022,-1,Echolocation,/mnt/ubna_data_02_mir/recover-20221013/UBNA_001/20221012_030000.WAV,Telephone Field,recover-20221013,001,1795
362.4945,362.5338,68437,82621,Rhinolophus ferrumequinum,0.026,0.027,-1,Echolocation,/mnt/ubna_data_02_mir/recover-20221013/UBNA_001/20221012_030000.WAV,Telephone Field,recover-20221013,001,1795
362.6415,362.6793,68437,81854,Rhinolophus ferrumequinum,0.022,0.022,-1,Echolocation,/mnt/ubna_data_02_mir/recover-20221013/UBNA_001/20221012_030000.WAV,Telephone Field,recover-20221013,001,1795
362.6505,362.6857,68437,81472,Rhinolophus ferrumequinum,0.025,0.025,-1,Echolocation,/mnt/ubna_data_02_mir/recover-20221013/UBNA_001/20221012_030000.WAV,Telephone Field,recover-20221013,001,1795
362.6685,362.7051,68437,81658,Rhinolophus ferrumequinum,0.024,0.025,-1,Echolocation,/mnt/ubna_data_02_mir/recover-20221013/UBNA_001/20221012_030000.WAV,Telephone Field,recover-20221013,001,1795
362.6835,362.6915,28906,38734,Eptesicus serotinus,0.008,0.022,-1,Echolocation,/mnt/ubna_data_02_mir/recover-20221013/UBNA_001/20221012_030000.WAV,Telephone Field,recover-20221013,001,1795
362.6875,362.698,58125,63235,Pipistrellus pygmaeus,0.033,0.034,-1,Echolocation,/mnt/ubna_data_02_mir/recover-20221013/UBNA_001/20221012_030000.WAV,Telephone Field,recover-20221013,001,1795
362.6985,362.7395,68437,82530,Rhinolophus ferrumequinum,0.021,0.021,-1,Echolocation,/mnt/ubna_data_02_mir/recover-20221013/UBNA_001/20221012_030000.WAV,Telephone Field,recover-20221013,001,1795
362.7565,362.7634,28906,38499,Eptesicus serotinus,0.007,0.022,-1,Echolocation,/mnt/ubna_data_02_mir/recover-20221013/UBNA_001/20221012_030000.WAV,Telephone Field,recover-20221013,001,1795
362.7635,362.8021,68437,81555,Rhinolophus ferrumequinum,0.03,0.03,-1,Echolocation,/mnt/ubna_data_02_mir/recover-20221013/UBNA_001/20221012_030000.WAV,Telephone Field,recover-20221013,001,1795
362.7875,362.796,23750,32126,Plecotus austriacus,0.013,0.038,-1,Echolocation,/mnt/ubna_data_02_mir/recover-20221013/UBNA_001/20221012_030000.WAV,Telephone Field,recover-20221013,001,1795
362.7995,362.8361,68437,81305,Rhinolophus ferrumequinum,0.023,0.023,-1,Echolocation,/mnt/ubna_data_02_mir/recover-20221013/UBNA_001/20221012_030000.WAV,Telephone Field,recover-20221013,001,1795
362.8095,362.8206,23750,29565,Nyctalus leisleri,0.01,0.023,-1,Echolocation,/mnt/ubna_data_02_mir/recover-20221013/UBNA_001/20221012_030000.WAV,Telephone Field,recover-20221013,001,1795
362.8235,362.8324,22890,30275,Plecotus austriacus,0.013,0.032,-1,Echolocation,/mnt/ubna_data_02_mir/recover-20221013/UBNA_001/20221012_030000.WAV,Telephone Field,recover-20221013,001,1795
362.8275,362.8677,68437,82311,Rhinolophus ferrumequinum,0.026,0.026,-1,Echolocation,/mnt/ubna_data_02_mir/recover-20221013/UBNA_001/20221012_030000.WAV,Telephone Field,recover-20221013,001,1795
362.8435,362.8755,68437,81169,Rhinolophus ferrumequinum,0.024,0.024,-1,Echolocation,/mnt/ubna_data_02_mir/recover-20221013/UBNA_001/20221012_030000.WAV,Telephone Field,recover-20221013,001,1795
362.8625,362.9004,68437,82151,Rhinolophus ferrumequinum,0.03,0.03,-1,Echolocation,/mnt/ubna_data_02_mir/recover-20221013/UBNA_001/20221012_030000.WAV,Telephone Field,recover-20221013,001,1795
362.8675,362.8753,28046,39900,Eptesicus serotinus,0.007,0.024,-1,Echolocation,/mnt/ubna_data_02_mir/recover-20221013/UBNA_001/20221012_030000.WAV,Telephone Field,recover-20221013,001,1795
362.8835,362.9254,68437,82453,Rhinolophus ferrumequinum,0.035,0.035,-1,Echolocation,/mnt/ubna_data_02_mir/recover-20221013/UBNA_001/20221012_030000.WAV,Telephone Field,recover-20221013,001,1795
362.9055,362.9461,68437,82939,Rhinolophus ferrumequinum,0.024,0.024,-1,Echolocation,/mnt/ubna_data_02_mir/recover-20221013/UBNA_001/20221012_030000.WAV,Telephone Field,recover-20221013,001,1795
362.9205,362.9291,22031,29649,Plecotus austriacus,0.017,0.033,-1,Echolocation,/mnt/ubna_data_02_mir/recover-20221013/UBNA_001/20221012_030000.WAV,Telephone Field,recover-20221013,001,1795
362.9265,362.9349,44375,47953,Pipistrellus pipistrellus,0.03,0.031,-1,Echolocation,/mnt/ubna_data_02_mir/recover-20221013/UBNA_001/20221012_030000.WAV,Telephone Field,recover-20221013,001,1795
362.9515,362.9923,68437,82435,Rhinolophus ferrumequinum,0.023,0.023,-1,Echolocation,/mnt/ubna_data_02_mir/recover-20221013/UBNA_001/20221012_030000.WAV,Telephone Field,recover-20221013,001,1795
363.0295,363.0366,27187,38794,Eptesicus serotinus,0.005,0.024,-1,Echolocation,/mnt/ubna_data_02_mir/recover-20221013/UBNA_001/20221012_030000.WAV,Telephone Field,recover-20221013,001,1795
363.0525,363.0893,68437,81611,Rhinolophus ferrumequinum,0.027,0.027,-1,Echolocation,/mnt/ubna_data_02_mir/recover-20221013/UBNA_001/20221012_030000.WAV,Telephone Field,recover-20221013,001,1795
363.0935,363.1361,68437,83333,Rhinolophus ferrumequinum,0.045,0.045,-1,Echolocation,/mnt/ubna_data_02_mir/recover-20221013/UBNA_001/20221012_030000.WAV,Telephone Field,recover-20221013,001,1795
363.1325,363.1702,68437,82009,Rhinolophus ferrumequinum,0.022,0.022,-1,Echolocation,/mnt/ubna_data_02_mir/recover-20221013/UBNA_001/20221012_030000.WAV,Telephone Field,recover-20221013,001,1795
363.1385,363.1746,68437,82142,Rhinolophus ferrumequinum,0.022,0.022,-1,Echolocation,/mnt/ubna_data_02_mir/recover-20221013/UBNA_001/20221012_030000.WAV,Telephone Field,recover-20221013,001,1795
363.1565,363.197,68437,82723,Rhinolophus ferrumequinum,0.04,0.04,-1,Echolocation,/mnt/ubna_data_02_mir/recover-20221013/UBNA_001/20221012_030000.WAV,Telephone Field,recover-20221013,001,1795
363.1685,363.177,28046,36474,Eptesicus serotinus,0.008,0.022,-1,Echolocation,/mnt/ubna_data_02_mir/recover-20221013/UBNA_001/20221012_030000.WAV,Telephone Field,recover-20221013,001,1795
363.1935,363.2305,68437,81870,Rhinolophus ferrumequinum,0.022,0.022,-1,Echolocation,/mnt/ubna_data_02_mir/recover-20221013/UBNA_001/20221012_030000.WAV,Telephone Field,recover-20221013,001,1795
363.2095,363.2204,22890,28231,Nyctalus leisleri,0.012,0.025,-1,Echolocation,/mnt/ubna_data_02_mir/recover-20221013/UBNA_001/20221012_030000.WAV,Telephone Field,recover-20221013,001,1795
363.2325,363.2704,68437,82112,Rhinolophus ferrumequinum,0.025,0.025,-1,Echolocation,/mnt/ubna_data_02_mir/recover-20221013/UBNA_001/20221012_030000.WAV,Telephone Field,recover-20221013,001,1795
363.2425,363.2816,68437,82709,Rhinolophus ferrumequinum,0.024,0.024,-1,Echolocation,/mnt/ubna_data_02_mir/recover-20221013/UBNA_001/20221012_030000.WAV,Telephone Field,recover-20221013,001,1795
363.3005,363.3403,68437,82720,Rhinolophus ferrumequinum,0.024,0.024,-1,Echolocation,/mnt/ubna_data_02_mir/recover-20221013/UBNA_001/20221012_030000.WAV,Telephone Field,recover-20221013,001,1795
363.3065,363.3153,28046,37635,Eptesicus serotinus,0.008,0.022,-1,Echolocation,/mnt/ubna_data_02_mir/recover-20221013/UBNA_001/20221012_030000.WAV,Telephone Field,recover-20221013,001,1795
363.3515,363.3603,22031,28218,Plecotus austriacus,0.012,0.027,-1,Echolocation,/mnt/ubna_data_02_mir/recover-20221013/UBNA_001/20221012_030000.WAV,Telephone Field,recover-20221013,001,1795
363.3655,363.4032,68437,81649,Rhinolophus ferrumequinum,0.026,0.026,-1,Echolocation,/mnt/ubna_data_02_mir/recover-20221013/UBNA_001/20221012_030000.WAV,Telephone Field,recover-20221013,001,1795
363.3885,363.4237,68437,80196,Rhinolophus ferrumequinum,0.023,0.023,-1,Echolocation,/mnt/ubna_data_02_mir/recover-20221013/UBNA_001/20221012_030000.WAV,Telephone Field,recover-20221013,001,1795
363.4005,363.4425,68437,82534,Rhinolophus ferrumequinum,0.024,0.024,-1,Echolocation,/mnt/ubna_data_02_mir/recover-20221013/UBNA_001/20221012_030000.WAV,Telephone Field,recover-20221013,001,1795
363.4015,363.4122,22890,27678,Nyctalus leisleri,0.012,0.023,-1,Echolocation,/mnt/ubna_data_02_mir/recover-20221013/UBNA_001/20221012_030000.WAV,Telephone Field,recover-20221013,001,1795
363.4205,363.4607,68437,82767,Rhinolophus ferrumequinum,0.022,0.022,-1,Echolocation,/mnt/ubna_data_02_mir/recover-20221013/UBNA_001/20221012_030000.WAV,Telephone Field,recover-20221013,001,1795
363.4575,363.4961,68437,82376,Rhinolophus ferrumequinum,0.025,0.025,-1,Echolocation,/mnt/ubna_data_02_mir/recover-20221013/UBNA_001/20221012_030000.WAV,Telephone Field,recover-20221013,001,1795
363.4895,363.5022,25468,31395,Nyctalus leisleri,0.016,0.04,-1,Echolocation,/mnt/ubna_data_02_mir/recover-20221013/UBNA_001/20221012_030000.WAV,Telephone Field,recover-20221013,001,1795
363.5085,363.5451,68437,81861,Rhinolophus ferrumequinum,0.023,0.023,-1,Echolocation,/mnt/ubna_data_02_mir/recover-20221013/UBNA_001/20221012_030000.WAV,Telephone Field,recover-20221013,001,1795
363.5165,363.5579,68437,82749,Rhinolophus ferrumequinum,0.024,0.024,-1,Echolocation,/mnt/ubna_data_02_mir/recover-20221013/UBNA_001/20221012_030000.WAV,Telephone Field,recover-20221013,001,1795
363.5215,363.564,68437,82935,Rhinolophus ferrumequinum,0.025,0.025,-1,Echolocation,/mnt/ubna_data_02_mir/recover-20221013/UBNA_001/20221012_030000.WAV,Telephone Field,recover-20221013,001,1795
363.5295,363.5682,68437,82513,Rhinolophus ferrumequinum,0.025,0.025,-1,Echolocation,/mnt/ubna_data_02_mir/recover-20221013/UBNA_001/20221012_030000.WAV,Telephone Field,recover-20221013,001,1795
363.5515,363.5974,68437,83687,Rhinolophus ferrumequinum,0.038,0.038,-1,Echolocation,/mnt/ubna_data_02_mir/recover-20221013/UBNA_001/20221012_030000.WAV,Telephone Field,recover-20221013,001,1795
363.6345,363.676,68437,82878,Rhinolophus ferrumequinum,0.037,0.037,-1,Echolocation,/mnt/ubna_data_02_mir/recover-20221013/UBNA_001/20221012_030000.WAV,Telephone Field,recover-20221013,001,1795
363.6525,363.6599,27187,40465,Eptesicus serotinus,0.006,0.022,-1,Echolocation,/mnt/ubna_data_02_mir/recover-20221013/UBNA_001/20221012_030000.WAV,Telephone Field,recover-20221013,001,1795
363.6535,363.688,68437,81542,Rhinolophus ferrumequinum,0.031,0.032,-1,Echolocation,/mnt/ubna_data_02_mir/recover-20221013/UBNA_001/20221012_030000.WAV,Telephone Field,recover-20221013,001,1795
363.6585,363.6657,28046,40342,Eptesicus serotinus,0.006,0.022,-1,Echolocation,/mnt/ubna_data_02_mir/recover-20221013/UBNA_001/20221012_030000.WAV,Telephone Field,recover-20221013,001,1795
363.7055,363.7455,68437,82806,Rhinolophus ferrumequinum,0.029,0.029,-1,Echolocation,/mnt/ubna_data_02_mir/recover-20221013/UBNA_001/20221012_030000.WAV,Telephone Field,recover-20221013,001,1795
363.7225,363.7613,68437,82939,Rhinolophus ferrumequinum,0.029,0.029,-1,Echolocation,/mnt/ubna_data_02_mir/recover-20221013/UBNA_001/20221012_030000.WAV,Telephone Field,recover-20221013,001,1795
363.7505,363.7905,68437,82924,Rhinolophus ferrumequinum,0.044,0.044,-1,Echolocation,/mnt/ubna_data_02_mir/recover-20221013/UBNA_001/20221012_030000.WAV,Telephone Field,recover-20221013,001,1795
363.8145,363.8276,36640,41526,Pipistrellus nathusii,0.014,0.024,-1,Echolocation,/mnt/ubna_data_02_mir/recover-20221013/UBNA_001/20221012_030000.WAV,Telephone Field,recover-20221013,001,1795
363.8515,363.8894,68437,82897,Rhinolophus ferrumequinum,0.024,0.024,-1,Echolocation,/mnt/ubna_data_02_mir/recover-20221013/UBNA_001/20221012_030000.WAV,Telephone Field,recover-20221013,001,1795
363.8815,363.9206,68437,82207,Rhinolophus ferrumequinum,0.022,0.022,-1,Echolocation,/mnt/ubna_data_02_mir/recover-20221013/UBNA_001/20221012_030000.WAV,Telephone Field,recover-20221013,001,1795
363.8885,363.9254,68437,82088,Rhinolophus ferrumequinum,0.022,0.022,-1,Echolocation,/mnt/ubna_data_02_mir/recover-20221013/UBNA_001/20221012_030000.WAV,Telephone Field,recover-20221013,001,1795
363.8955,363.9067,26328,33551,Eptesicus serotinus,0.014,0.03,-1,Echolocation,/mnt/ubna_data_02_mir/recover-20221013/UBNA_001/20221012_030000.WAV,Telephone Field,recover-20221013,001,1795
363.9085,363.9482,68437,82313,Rhinolophus ferrumequinum,0.026,0.026,-1,Echolocation,/mnt/ubna_data_02_mir/recover-20221013/UBNA_001/20221012_030000.WAV,Telephone Field,recover-20221013,001,1795
363.9085,363.9217,23750,27992,Nyctalus leisleri,0.013,0.023,-1,Echolocation,/mnt/ubna_data_02_mir/recover-20221013/UBNA_001/20221012_030000.WAV,Telephone Field,recover-20221013,001,1795
363.9395,363.973,68437,80871,Rhinolophus ferrumequinum,0.025,0.025,-1,Echolocation,/mnt/ubna_data_02_mir/recover-20221013/UBNA_001/20221012_030000.WAV,Telephone Field,recover-20221013,001,1795
363.9565,363.9635,23750,32743,Plecotus austriacus,0.012,0.026,-1,Echolocation,/mnt/ubna_data_02_mir/recover-20221013/UBNA_001/20221012_030000.WAV,Telephone Field,recover-20221013,001,1795
363.9745,363.9845,27187,33757,Eptesicus serotinus,0.011,0.024,-1,Echolocation,/mnt/ubna_data_02_mir/recover-20221013/UBNA_001/20221012_030000.WAV,Telephone Field,recover-20221013,001,1795
363.9805,363.991,28906,35657,Eptesicus serotinus,0.009,0.023,-1,Echolocation,/mnt/ubna_data_02_mir/recover-20221013/UBNA_001/20221012_030000.WAV,Telephone Field,recover-20221013,001,1795
364.0015,364.0105,22031,28374,Nyctalus leisleri,0.009,0.026,-1,Echolocation,/mnt/ubna_data_02_mir/recover-20221013/UBNA_001/20221012_030000.WAV,Telephone Field,recover-20221013,001,1795
364.0025,364.0389,68437,81656,Rhinolophus ferrumequinum,0.023,0.025,-1,Echolocation,/mnt/ubna_data_02_mir/recover-20221013/UBNA_001/20221012_030000.WAV,Telephone Field,recover-20221013,001,1795
364.0615,364.0983,68437,82249,Rhinolophus ferrumequinum,0.021,0.021,-1,Echolocation,/mnt/ubna_data_02_mir/recover-20221013/UBNA_001/20221012_030000.WAV,Telephone Field,recover-20221013,001,1795
364.0715,364.0817,22890,28028,Nyctalus leisleri,0.01,0.022,-1,Echolocation,/mnt/ubna_data_02_mir/recover-20221013/UBNA_001/20221012_030000.WAV,Telephone Field,recover-20221013,001,1795
364.0885,364.131,68437,82647,Rhinolophus ferrumequinum,0.029,0.029,-1,Echolocation,/mnt/ubna_data_02_mir/recover-20221013/UBNA_001/20221012_030000.WAV,Telephone Field,recover-20221013,001,1795
364.0955,364.1077,22890,27243,Nyctalus leisleri,0.011,0.02,-1,Echolocation,/mnt/ubna_data_02_mir/recover-20221013/UBNA_001/20221012_030000.WAV,Telephone Field,recover-20221013,001,1795
364.1065,364.1448,68437,81872,Rhinolophus ferrumequinum,0.023,0.023,-1,Echolocation,/mnt/ubna_data_02_mir/recover-20221013/UBNA_001/20221012_030000.WAV,Telephone Field,recover-20221013,001,1795
364.1175,364.1582,68437,82257,Rhinolophus ferrumequinum,0.027,0.027,-1,Echolocation,/mnt/ubna_data_02_mir/recover-20221013/UBNA_001/20221012_030000.WAV,Telephone Field,recover-20221013,001,1795
364.2045,364.2122,23750,32601,Plecotus auritus,0.01,0.031,-1,Echolocation,/mnt/ubna_data_02_mir/recover-20221013/UBNA_001/20221012_030000.WAV,Telephone Field,recover-20221013,001,1795
364.2085,364.2447,68437,81827,Rhinolophus ferrumequinum,0.022,0.022,-1,Echolocation,/mnt/ubna_data_02_mir/recover-20221013/UBNA_001/20221012_030000.WAV,Telephone Field,recover-20221013,001,1795
364.2265,364.2707,68437,83143,Rhinolophus ferrumequinum,0.036,0.037,-1,Echolocation,/mnt/ubna_data_02_mir/recover-20221013/UBNA_001/20221012_030000.WAV,Telephone Field,recover-20221013,001,1795
364.2405,364.2488,24609,32837,Plecotus austriacus,0.007,0.024,-1,Echolocation,/mnt/ubna_data_02_mir/recover-20221013/UBNA_001/20221012_030000.WAV,Telephone Field,recover-20221013,001,1795
364.2575,364.3005,68437,82878,Rhinolophus ferrumequinum,0.033,0.033,-1,Echolocation,/mnt/ubna_data_02_mir/recover-20221013/UBNA_001/20221012_030000.WAV,Telephone Field,recover-20221013,001,1795
364.2955,364.3032,23750,31882,Plecotus austriacus,0.008,0.021,-1,Echolocation,/mnt/ubna_data_02_mir/recover-20221013/UBNA_001/20221012_030000.WAV,Telephone Field,recover-20221013,001,1795
364.3155,364.3573,68437,83026,Rhinolophus ferrumequinum,0.027,0.028,-1,Echolocation,/mnt/ubna_data_02_mir/recover-20221013/UBNA_001/20221012_030000.WAV,Telephone Field,recover-20221013,001,1795
364.3215,364.3304,28906,39939,Eptesicus serotinus,0.01,0.023,-1,Echolocation,/mnt/ubna_data_02_mir/recover-20221013/UBNA_001/20221012_030000.WAV,Telephone Field,recover-20221013,001,1795
364.3405,364.3782,68437,81193,Rhinolophus ferrumequinum,0.024,0.024,-1,Echolocation,/mnt/ubna_data_02_mir/recover-20221013/UBNA_001/20221012_030000.WAV,Telephone Field,recover-20221013,001,1795
364.3505,364.3902,68437,82095,Rhinolophus ferrumequinum,0.023,0.023,-1,Echolocation,/mnt/ubna_data_02_mir/recover-20221013/UBNA_001/20221012_030000.WAV,Telephone Field,recover-20221013,001,1795
364.3725,364.4128,68437,82753,Rhinolophus ferrumequinum,0.023,0.023,-1,Echolocation,/mnt/ubna_data_02_mir/recover-20221013/UBNA_001/20221012_030000.WAV,Telephone Field,recover-20221013,001,1795
364.3795,364.4212,68437,82514,Rhinolophus ferrumequinum,0.023,0.023,-1,Echolocation,/mnt/ubna_data_02_mir/recover-20221013/UBNA_001/20221012_030000.WAV,Telephone Field,recover-20221013,001,1795
364.4115,364.4275,21171,24946,Nyctalus leisleri,0.016,0.026,-1,Echolocation,/mnt/ubna_data_02_mir/recover-20221013/UBNA_001/20221012_030000.WAV,Telephone Field,recover-20221013,001,1795
364.4165,364.4304,21171,24528,Nyctalus leisleri,0.016,0.026,-1,Echolocation,/mnt/ubna_data_02_mir/recover-20221013/UBNA_001/20221012_030000.WAV,Telephone Field,recover-20221013,001,1795
364.4575,364.4665,28906,37435,Eptesicus serotinus,0.01,0.027,-1,Echolocation,/mnt/ubna_data_02_mir/recover-20221013/UBNA_001/20221012_030000.WAV,Telephone Field,recover-20221013,001,1795
364.4635,364.5048,68437,82458,Rhinolophus ferrumequinum,0.025,0.025,-1,Echolocation,/mnt/ubna_data_02_mir/recover-20221013/UBNA_001/20221012_030000.WAV,Telephone Field,recover-20221013,001,1795
364.4885,364.5255,68437,81277,Rhinolophus ferrumequinum,0.025,0.025,-1,Echolocation,/mnt/ubna_data_02_mir/recover-20221013/UBNA_001/20221012_030000.WAV,Telephone Field,recover-20221013,001,1795
364.4985,364.5075,28906,39545,Eptesicus serotinus,0.007,0.021,-1,Echolocation,/mnt/ubna_data_02_mir/recover-20221013/UBNA_001/20221012_030000.WAV,Telephone Field,recover-20221013,001,1795
364.5045,364.5129,28906,41054,Eptesicus serotinus,0.007,0.021,-1,Echolocation,/mnt/ubna_data_02_mir/recover-20221013/UBNA_001/20221012_030000.WAV,Telephone Field,recover-20221013,001,1795
364.5345,364.5702,68437,81829,Rhinolophus ferrumequinum,0.021,0.021,-1,Echolocation,/mnt/ubna_data_02_mir/recover-20221013/UBNA_001/20221012_030000.WAV,Telephone Field,recover-20221013,001,1795
364.5435,364.5808,68437,82127,Rhinolophus ferrumequinum,0.03,0.03,-1,Echolocation,/mnt/ubna_data_02_mir/recover-20221013/UBNA_001/20221012_030000.WAV,Telephone Field,recover-20221013,001,1795
364.5495,364.5577,26328,36078,Eptesicus serotinus,0.009,0.025,-1,Echolocation,/mnt/ubna_data_02_mir/recover-20221013/UBNA_001/20221012_030000.WAV,Telephone Field,recover-20221013,001,1795
364.5765,364.6171,68437,82203,Rhinolophus ferrumequinum,0.02,0.02,-1,Echolocation,/mnt/ubna_data_02_mir/recover-20221013/UBNA_001/20221012_030000.WAV,Telephone Field,recover-20221013,001,1795
364.5775,364.5864,25468,35497,Eptesicus serotinus,0.012,0.029,-1,Echolocation,/mnt/ubna_data_02_mir/recover-20221013/UBNA_001/20221012_030000.WAV,Telephone Field,recover-20221013,001,1795
364.5945,364.6338,68437,82198,Rhinolophus ferrumequinum,0.024,0.024,-1,Echolocation,/mnt/ubna_data_02_mir/recover-20221013/UBNA_001/20221012_030000.WAV,Telephone Field,recover-20221013,001,1795
364.6035,364.6135,27187,34401,Eptesicus serotinus,0.011,0.024,-1,Echolocation,/mnt/ubna_data_02_mir/recover-20221013/UBNA_001/20221012_030000.WAV,Telephone Field,recover-20221013,001,1795
364.6435,364.6547,22031,25979,Nyctalus leisleri,0.012,0.021,-1,Echolocation,/mnt/ubna_data_02_mir/recover-20221013/UBNA_001/20221012_030000.WAV,Telephone Field,recover-20221013,001,1795
364.6575,364.665,28046,42013,Eptesicus serotinus,0.007,0.021,-1,Echolocation,/mnt/ubna_data_02_mir/recover-20221013/UBNA_001/20221012_030000.WAV,Telephone Field,recover-20221013,001,1795
364.7025,364.7106,24609,32882,Plecotus austriacus,0.008,0.024,-1,Echolocation,/mnt/ubna_data_02_mir/recover-20221013/UBNA_001/20221012_030000.WAV,Telephone Field,recover-20221013,001,1795
364.7125,364.7528,68437,82728,Rhinolophus ferrumequinum,0.03,0.03,-1,Echolocation,/mnt/ubna_data_02_mir/recover-20221013/UBNA_001/20221012_030000.WAV,Telephone Field,recover-20221013,001,1795
364.7215,364.7592,68437,82094,Rhinolophus ferrumequinum,0.021,0.021,-1,Echolocation,/mnt/ubna_data_02_mir/recover-20221013/UBNA_001/20221012_030000.WAV,Telephone Field,recover-20221013,001,1795
364.7275,364.766,68437,82013,Rhinolophus ferrumequinum,0.021,0.021,-1,Echolocation,/mnt/ubna_data_02_mir/recover-20221013/UBNA_001/20221012_030000.WAV,Telephone Field,recover-20221013,001,1795
364.7335,364.773,68437,82310,Rhinolophus ferrumequinum,0.021,0.021,-1,Echolocation,/mnt/ubna_data_02_mir/recover-20221013/UBNA_001/20221012_030000.WAV,Telephone Field,recover-20221013,001,1795
364.7385,364.7477,28046,39624,Eptesicus serotinus,0.009,0.021,-1,Echolocation,/mnt/ubna_data_02_mir/recover-20221013/UBNA_001/20221012_030000.WAV,Telephone Field,recover-20221013,001,1795
364.7575,364.7955,68437,82157,Rhinolophus ferrumequinum,0.03,0.03,-1,Echolocation,/mnt/ubna_data_02_mir/recover-20221013/UBNA_001/20221012_030000.WAV,Telephone Field,recover-20221013,001,1795
364.7795,364.7916,28906,35044,Eptesicus serotinus,0.016,0.03,-1,Echolocation,/mnt/ubna_data_02_mir/recover-20221013/UBNA_001/20221012_030000.WAV,Telephone Field,recover-20221013,001,1795
364.7905,364.8289,68437,81726,Rhinolophus ferrumequinum,0.02,0.021,-1,Echolocation,/mnt/ubna_data_02_mir/recover-20221013/UBNA_001/20221012_030000.WAV,Telephone Field,recover-20221013,001,1795
364.7905,364.8015,22890,27940,Nyctalus leisleri,0.01,0.022,-1,Echolocation,/mnt/ubna_data_02_mir/recover-20221013/UBNA_001/20221012_030000.WAV,Telephone Field,recover-20221013,001,1795
364.8135,364.8212,28906,42732,Eptesicus serotinus,0.007,0.022,-1,Echolocation,/mnt/ubna_data_02_mir/recover-20221013/UBNA_001/20221012_030000.WAV,Telephone Field,recover-20221013,001,1795
364.8145,364.8214,22890,31495,Plecotus austriacus,0.012,0.023,-1,Echolocation,/mnt/ubna_data_02_mir/recover-20221013/UBNA_001/20221012_030000.WAV,Telephone Field,recover-20221013,001,1795
364.8165,364.8282,36640,42255,Pipistrellus nathusii,0.014,0.044,-1,Echolocation,/mnt/ubna_data_02_mir/recover-20221013/UBNA_001/20221012_030000.WAV,Telephone Field,recover-20221013,001,1795
364.8365,364.8759,68437,82081,Rhinolophus ferrumequinum,0.023,0.023,-1,Echolocation,/mnt/ubna_data_02_mir/recover-20221013/UBNA_001/20221012_030000.WAV,Telephone Field,recover-20221013,001,1795
364.8525,364.8609,27187,40527,Eptesicus serotinus,0.007,0.02,-1,Echolocation,/mnt/ubna_data_02_mir/recover-20221013/UBNA_001/20221012_030000.WAV,Telephone Field,recover-20221013,001,1795
364.8835,364.9232,68437,81897,Rhinolophus ferrumequinum,0.022,0.022,-1,Echolocation,/mnt/ubna_data_02_mir/recover-20221013/UBNA_001/20221012_030000.WAV,Telephone Field,recover-20221013,001,1795
364.9075,364.9462,68437,82232,Rhinolophus ferrumequinum,0.021,0.021,-1,Echolocation,/mnt/ubna_data_02_mir/recover-20221013/UBNA_001/20221012_030000.WAV,Telephone Field,recover-20221013,001,1795
364.9335,364.9725,68437,81887,Rhinolophus ferrumequinum,0.021,0.021,-1,Echolocation,/mnt/ubna_data_02_mir/recover-20221013/UBNA_001/20221012_030000.WAV,Telephone Field,recover-20221013,001,1795
364.9405,364.9807,68437,81841,Rhinolophus ferrumequinum,0.021,0.021,-1,Echolocation,/mnt/ubna_data_02_mir/recover-20221013/UBNA_001/20221012_030000.WAV,Telephone Field,recover-20221013,001,1795
364.9585,364.9878,68437,80050,Rhinolophus ferrumequinum,0.052,0.052,-1,Echolocation,/mnt/ubna_data_02_mir/recover-20221013/UBNA_001/20221012_030000.WAV,Telephone Field,recover-20221013,001,1795
364.9805,365.0191,68437,81220,Rhinolophus ferrumequinum,0.026,0.026,-1,Echolocation,/mnt/ubna_data_02_mir/recover-20221013/UBNA_001/20221012_030000.WAV,Telephone Field,recover-20221013,001,1795
364.9905,365.0296,68437,80489,Rhinolophus ferrumequinum,0.031,0.031,-1,Echolocation,/mnt/ubna_data_02_mir/recover-20221013/UBNA_001/20221012_030000.WAV,Telephone Field,recover-20221013,001,1795
365.0175,365.0559,68437,81825,Rhinolophus ferrumequinum,0.021,0.021,-1,Echolocation,/mnt/ubna_data_02_mir/recover-20221013/UBNA_001/20221012_030000.WAV,Telephone Field,recover-20221013,001,1795
365.0445,365.0899,68437,83412,Rhinolophus ferrumequinum,0.04,0.04,-1,Echolocation,/mnt/ubna_data_02_mir/recover-20221013/UBNA_001/20221012_030000.WAV,Telephone Field,recover-20221013,001,1795
365.0695,365.0783,28906,38695,Eptesicus serotinus,0.009,0.022,-1,Echolocation,/mnt/ubna_data_02_mir/recover-20221013/UBNA_001/20221012_030000.WAV,Telephone Field,recover-20221013,001,1795
365.0865,365.13,68437,83061,Rhinolophus ferrumequinum,0.023,0.023,-1,Echolocation,/mnt/ubna_data_02_mir/recover-20221013/UBNA_001/20221012_030000.WAV,Telephone Field,recover-20221013,001,1795
365.1105,365.1207,23750,30083,Nyctalus leisleri,0.01,0.026,-1,Echolocation,/mnt/ubna_data_02_mir/recover-20221013/UBNA_001/20221012_030000.WAV,Telephone Field,recover-20221013,001,1795
365.1115,365.1498,68437,82673,Rhinolophus ferrumequinum,0.025,0.025,-1,Echolocation,/mnt/ubna_data_02_mir/recover-20221013/UBNA_001/20221012_030000.WAV,Telephone Field,recover-20221013,001,1795
365.1235,365.1655,68437,82794,Rhinolophus ferrumequinum,0.023,0.023,-1,Echolocation,/mnt/ubna_data_02_mir/recover-20221013/UBNA_001/20221012_030000.WAV,Telephone Field,recover-20221013,001,1795
365.1265,365.1366,28906,36595,Eptesicus serotinus,0.01,0.023,-1,Echolocation,/mnt/ubna_data_02_mir/recover-20221013/UBNA_001/20221012_030000.WAV,Telephone Field,recover-20221013,001,1795
365.1575,365.1956,68437,82416,Rhinolophus ferrumequinum,0.024,0.024,-1,Echolocation,/mnt/ubna_data_02_mir/recover-20221013/UBNA_001/20221012_030000.WAV,Telephone Field,recover-20221013,001,1795
365.1975,365.2388,68437,82880,Rhinolophus ferrumequinum,0.026,0.026,-1,Echolocation,/mnt/ubna_data_02_mir/recover-20221013/UBNA_001/20221012_030000.WAV,Telephone Field,recover-20221013,001,1795
365.2095,365.2186,24609,32683,Eptesicus serotinus,0.008,0.021,-1,Echolocation,/mnt/ubna_data_02_mir/recover-20221013/UBNA_001/20221012_030000.WAV,Telephone Field,recover-20221013,001,1795
365.2815,365.3204,68437,82462,Rhinolophus ferrumequinum,0.023,0.023,-1,Echolocation,/mnt/ubna_data_02_mir/recover-20221013/UBNA_001/20221012_030000.WAV,Telephone Field,recover-20221013,001,1795
365.3085,365.3454,68437,81470,Rhinolophus ferrumequinum,0.022,0.022,-1,Echolocation,/mnt/ubna_data_02_mir/recover-20221013/UBNA_001/20221012_030000.WAV,Telephone Field,recover-20221013,001,1795
365.3195,365.3557,68437,80829,Rhinolophus ferrumequinum,0.023,0.023,-1,Echolocation,/mnt/ubna_data_02_mir/recover-20221013/UBNA_001/20221012_030000.WAV,Telephone Field,recover-20221013,001,1795
365.3235,365.3348,23750,29443,Nyctalus leisleri,0.01,0.022,-1,Echolocation,/mnt/ubna_data_02_mir/recover-20221013/UBNA_001/20221012_030000.WAV,Telephone Field,recover-20221013,001,1795
365.3815,365.3909,23750,31279,Nyctalus leisleri,0.007,0.021,-1,Echolocation,/mnt/ubna_data_02_mir/recover-20221013/UBNA_001/20221012_030000.WAV,Telephone Field,recover-20221013,001,1795
365.3975,365.4408,68437,83748,Rhinolophus ferrumequinum,0.035,0.035,-1,Echolocation,/mnt/ubna_data_02_mir/recover-20221013/UBNA_001/20221012_030000.WAV,Telephone Field,recover-20221013,001,1795
365.4465,365.4831,68437,81440,Rhinolophus ferrumequinum,0.021,0.021,-1,Echolocation,/mnt/ubna_data_02_mir/recover-20221013/UBNA_001/20221012_030000.WAV,Telephone Field,recover-20221013,001,1795
365.4495,365.456,28046,39257,Eptesicus serotinus,0.007,0.025,-1,Echolocation,/mnt/ubna_data_02_mir/recover-20221013/UBNA_001/20221012_030000.WAV,Telephone Field,recover-20221013,001,1795
365.4595,365.5012,68437,83048,Rhinolophus ferrumequinum,0.038,0.038,-1,Echolocation,/mnt/ubna_data_02_mir/recover-20221013/UBNA_001/20221012_030000.WAV,Telephone Field,recover-20221013,001,1795
365.4855,365.5248,68437,82349,Rhinolophus ferrumequinum,0.021,0.021,-1,Echolocation,/mnt/ubna_data_02_mir/recover-20221013/UBNA_001/20221012_030000.WAV,Telephone Field,recover-20221013,001,1795
365.4895,365.5004,27187,34537,Eptesicus serotinus,0.016,0.028,-1,Echolocation,/mnt/ubna_data_02_mir/recover-20221013/UBNA_001/20221012_030000.WAV,Telephone Field,recover-20221013,001,1795
365.4935,365.5347,68437,82621,Rhinolophus ferrumequinum,0.023,0.023,-1,Echolocation,/mnt/ubna_data_02_mir/recover-20221013/UBNA_001/20221012_030000.WAV,Telephone Field,recover-20221013,001,1795
365.5365,365.5762,68437,82375,Rhinolophus ferrumequinum,0.027,0.027,-1,Echolocation,/mnt/ubna_data_02_mir/recover-20221013/UBNA_001/20221012_030000.WAV,Telephone Field,recover-20221013,001,1795
365.5975,365.6362,68437,82244,Rhinolophus ferrumequinum,0.02,0.02,-1,Echolocation,/mnt/ubna_data_02_mir/recover-20221013/UBNA_001/20221012_030000.WAV,Telephone Field,recover-20221013,001,1795
365.6305,365.6731,68437,82418,Rhinolophus ferrumequinum,0.035,0.035,-1,Echolocation,/mnt/ubna_data_02_mir/recover-20221013/UBNA_001/20221012_030000.WAV,Telephone Field,recover-20221013,001,1795
365.6375,365.648,23750,29683,Nyctalus leisleri,0.011,0.024,-1,Echolocation,/mnt/ubna_data_02_mir/recover-20221013/UBNA_001/20221012_030000.WAV,Telephone Field,recover-20221013,001,1795
365.6705,365.7071,68437,81769,Rhinolophus ferrumequinum,0.02,0.02,-1,Echolocation,/mnt/ubna_data_02_mir/recover-20221013/UBNA_001/20221012_030000.WAV,Telephone Field,recover-20221013,001,1795
365.6805,365.721,68437,82609,Rhinolophus ferrumequinum,0.024,0.024,-1,Echolocation,/mnt/ubna_data_02_mir/recover-20221013/UBNA_001/20221012_030000.WAV,Telephone Field,recover-20221013,001,1795
365.6945,365.7037,44375,48588,Pipistrellus pipistrellus,0.019,0.02,-1,Echolocation,/mnt/ubna_data_02_mir/recover-20221013/UBNA_001/20221012_030000.WAV,Telephone Field,recover-20221013,001,1795
365.6985,365.7344,68437,80991,Rhinolophus ferrumequinum,0.021,0.021,-1,Echolocation,/mnt/ubna_data_02_mir/recover-20221013/UBNA_001/20221012_030000.WAV,Telephone Field,recover-20221013,001,1795
365.7085,365.717,23750,30907,Plecotus austriacus,0.006,0.022,-1,Echolocation,/mnt/ubna_data_02_mir/recover-20221013/UBNA_001/20221012_030000.WAV,Telephone Field,recover-20221013,001,1795
365.7105,365.7501,68437,82116,Rhinolophus ferrumequinum,0.023,0.023,-1,Echolocation,/mnt/ubna_data_02_mir/recover-20221013/UBNA_001/20221012_030000.WAV,Telephone Field,recover-20221013,001,1795
365.7425,365.753,22031,26796,Nyctalus leisleri,0.011,0.022,-1,Echolocation,/mnt/ubna_data_02_mir/recover-20221013/UBNA_001/20221012_030000.WAV,Telephone Field,recover-20221013,001,1795
365.7555,365.7624,28046,39469,Eptesicus serotinus,0.008,0.023,-1,Echolocation,/mnt/ubna_data_02_mir/recover-20221013/UBNA_001/20221012_030000.WAV,Telephone Field,recover-20221013,001,1795
365.7585,365.7965,68437,81869,Rhinolophus ferrumequinum,0.021,0.021,-1,Echolocation,/mnt/ubna_data_02_mir/recover-20221013/UBNA_001/20221012_030000.WAV,Telephone Field,recover-20221013,001,1795
365.8075,365.8484,68437,82873,Rhinolophus ferrumequinum,0.039,0.039,-1,Echolocation,/mnt/ubna_data_02_mir/recover-20221013/UBNA_001/20221012_030000.WAV,Telephone Field,recover-20221013,001,1795
365.8315,365.8708,68437,82322,Rhinolophus ferrumequinum,0.021,0.021,-1,Echolocation,/mnt/ubna_data_02_mir/recover-20221013/UBNA_001/20221012_030000.WAV,Telephone Field,recover-20221013,001,1795
365.8465,365.8867,68437,82362,Rhinolophus ferrumequinum,0.021,0.021,-1,Echolocation,/mnt/ubna_data_02_mir/recover-20221013/UBNA_001/20221012_030000.WAV,Telephone Field,recover-20221013,001,1795
365.8555,365.8957,68437,82583,Rhinolophus ferrumequinum,0.02,0.02,-1,Echolocation,/mnt/ubna_data_02_mir/recover-20221013/UBNA_001/20221012_030000.WAV,Telephone Field,recover-20221013,001,1795
365.8745,365.9134,68437,82017,Rhinolophus ferrumequinum,0.022,0.022,-1,Echolocation,/mnt/ubna_data_02_mir/recover-20221013/UBNA_001/20221012_030000.WAV,Telephone Field,recover-20221013,001,1795
365.8885,365.9281,68437,82626,Rhinolophus ferrumequinum,0.025,0.025,-1,Echolocation,/mnt/ubna_data_02_mir/recover-20221013/UBNA_001/20221012_030000.WAV,Telephone Field,recover-20221013,001,1795
365.8975,365.9359,68437,82015,Rhinolophus ferrumequinum,0.02,0.02,-1,Echolocation,/mnt/ubna_data_02_mir/recover-20221013/UBNA_001/20221012_030000.WAV,Telephone Field,recover-20221013,001,1795
365.9205,365.9625,68437,82570,Rhinolophus ferrumequinum,0.025,0.025,-1,Echolocation,/mnt/ubna_data_02_mir/recover-20221013/UBNA_001/20221012_030000.WAV,Telephone Field,recover-20221013,001,1795
365.9655,365.9811,14296,19516,Nyctalus noctula,0.022,0.03,-1,Echolocation,/mnt/ubna_data_02_mir/recover-20221013/UBNA_001/20221012_030000.WAV,Telephone Field,recover-20221013,001,1795
365.9735,365.9814,28046,38751,Eptesicus serotinus,0.007,0.022,-1,Echolocation,/mnt/ubna_data_02_mir/recover-20221013/UBNA_001/20221012_030000.WAV,Telephone Field,recover-20221013,001,1795
366.0015,366.0098,49531,56135,Pipistrellus pipistrellus,0.018,0.022,-1,Echolocation,/mnt/ubna_data_02_mir/recover-20221013/UBNA_001/20221012_030000.WAV,Telephone Field,recover-20221013,001,1795
366.0015,366.0108,25468,31253,Nyctalus leisleri,0.018,0.038,-1,Echolocation,/mnt/ubna_data_02_mir/recover-20221013/UBNA_001/20221012_030000.WAV,Telephone Field,recover-20221013,001,1795
366.0015,366.0339,68437,80077,Rhinolophus ferrumequinum,0.027,0.028,-1,Echolocation,/mnt/ubna_data_02_mir/recover-20221013/UBNA_001/20221012_030000.WAV,Telephone Field,recover-20221013,001,1795
366.0295,366.0374,26328,37102,Eptesicus serotinus,0.006,0.021,-1,Echolocation,/mnt/ubna_data_02_mir/recover-20221013/UBNA_001/20221012_030000.WAV,Telephone Field,recover-20221013,001,1795
366.0475,366.0873,68437,82202,Rhinolophus ferrumequinum,0.023,0.023,-1,Echolocation,/mnt/ubna_data_02_mir/recover-20221013/UBNA_001/20221012_030000.WAV,Telephone Field,recover-20221013,001,1795
366.0825,366.1187,68437,82078,Rhinolophus ferrumequinum,0.021,0.021,-1,Echolocation,/mnt/ubna_data_02_mir/recover-20221013/UBNA_001/20221012_030000.WAV,Telephone Field,recover-20221013,001,1795
366.1385,366.1479,28046,36340,Eptesicus serotinus,0.011,0.027,-1,Echolocation,/mnt/ubna_data_02_mir/recover-20221013/UBNA_001/20221012_030000.WAV,Telephone Field,recover-20221013,001,1795
366.1525,366.192,68437,82085,Rhinolophus ferrumequinum,0.023,0.023,-1,Echolocation,/mnt/ubna_data_02_mir/recover-20221013/UBNA_001/20221012_030000.WAV,Telephone Field,recover-20221013,001,1795
366.1665,366.2088,68437,82738,Rhinolophus ferrumequinum,0.022,0.022,-1,Echolocation,/mnt/ubna_data_02_mir/recover-20221013/UBNA_001/20221012_030000.WAV,Telephone Field,recover-20221013,001,1795
366.1825,366.1949,23750,29532,Nyctalus leisleri,0.016,0.035,-1,Echolocation,/mnt/ubna_data_02_mir/recover-20221013/UBNA_001/20221012_030000.WAV,Telephone Field,recover-20221013,001,1795
366.1975,366.2051,28046,38611,Eptesicus serotinus,0.007,0.021,-1,Echolocation,/mnt/ubna_data_02_mir/recover-20221013/UBNA_001/20221012_030000.WAV,Telephone Field,recover-20221013,001,1795
366.2095,366.2206,23750,29996,Nyctalus leisleri,0.012,0.03,-1,Echolocation,/mnt/ubna_data_02_mir/recover-20221013/UBNA_001/20221012_030000.WAV,Telephone Field,recover-20221013,001,1795
366.2145,366.2302,22031,26252,Nyctalus leisleri,0.016,0.03,-1,Echolocation,/mnt/ubna_data_02_mir/recover-20221013/UBNA_001/20221012_030000.WAV,Telephone Field,recover-20221013,001,1795
366.2705,366.2777,52109,58825,Pipistrellus pipistrellus,0.017,0.021,-1,Echolocation,/mnt/ubna_data_02_mir/recover-20221013/UBNA_001/20221012_030000.WAV,Telephone Field,recover-20221013,001,1795
366.3085,366.3474,68437,82364,Rhinolophus ferrumequinum,0.025,0.025,-1,Echolocation,/mnt/ubna_data_02_mir/recover-20221013/UBNA_001/20221012_030000.WAV,Telephone Field,recover-20221013,001,1795
366.3415,366.3823,68437,83575,Rhinolophus ferrumequinum,0.026,0.026,-1,Echolocation,/mnt/ubna_data_02_mir/recover-20221013/UBNA_001/20221012_030000.WAV,Telephone Field,recover-20221013,001,1795
366.3555,366.3947,68437,82581,Rhinolophus ferrumequinum,0.024,0.024,-1,Echolocation,/mnt/ubna_data_02_mir/recover-20221013/UBNA_001/20221012_030000.WAV,Telephone Field,recover-20221013,001,1795
366.3645,366.3744,49531,54314,Pipistrellus pipistrellus,0.018,0.023,-1,Echolocation,/mnt/ubna_data_02_mir/recover-20221013/UBNA_001/20221012_030000.WAV,Telephone Field,recover-20221013,001,1795
366.3705,366.3805,22890,28758,Nyctalus leisleri,0.009,0.021,-1,Echolocation,/mnt/ubna_data_02_mir/recover-20221013/UBNA_001/20221012_030000.WAV,Telephone Field,recover-20221013,001,1795
366.4265,366.4644,68437,82086,Rhinolophus ferrumequinum,0.021,0.021,-1,Echolocation,/mnt/ubna_data_02_mir/recover-20221013/UBNA_001/20221012_030000.WAV,Telephone Field,recover-20221013,001,1795
366.4285,366.4403,22890,27728,Nyctalus leisleri,0.013,0.025,-1,Echolocation,/mnt/ubna_data_02_mir/recover-20221013/UBNA_001/20221012_030000.WAV,Telephone Field,recover-20221013,001,1795
366.4585,366.4982,68437,82636,Rhinolophus ferrumequinum,0.028,0.028,-1,Echolocation,/mnt/ubna_data_02_mir/recover-20221013/UBNA_001/20221012_030000.WAV,Telephone Field,recover-20221013,001,1795
366.4625,366.4795,16015,21134,Nyctalus noctula,0.032,0.042,-1,Echolocation,/mnt/ubna_data_02_mir/recover-20221013/UBNA_001/20221012_030000.WAV,Telephone Field,recover-20221013,001,1795
366.4635,366.4714,27187,39533,Eptesicus serotinus,0.009,0.027,-1,Echolocation,/mnt/ubna_data_02_mir/recover-20221013/UBNA_001/20221012_030000.WAV,Telephone Field,recover-20221013,001,1795
366.4835,366.4929,27187,35239,Eptesicus serotinus,0.01,0.024,-1,Echolocation,/mnt/ubna_data_02_mir/recover-20221013/UBNA_001/20221012_030000.WAV,Telephone Field,recover-20221013,001,1795
366.4905,366.4974,49531,54225,Pipistrellus pipistrellus,0.019,0.021,-1,Echolocation,/mnt/ubna_data_02_mir/recover-20221013/UBNA_001/20221012_030000.WAV,Telephone Field,recover-20221013,001,1795
366.4925,366.5024,28046,38964,Eptesicus serotinus,0.009,0.022,-1,Echolocation,/mnt/ubna_data_02_mir/recover-20221013/UBNA_001/20221012_030000.WAV,Telephone Field,recover-20221013,001,1795
366.4995,366.507,28046,37365,Eptesicus serotinus,0.006,0.022,-1,Echolocation,/mnt/ubna_data_02_mir/recover-20221013/UBNA_001/20221012_030000.WAV,Telephone Field,recover-20221013,001,1795
366.5235,366.5614,68437,82239,Rhinolophus ferrumequinum,0.021,0.021,-1,Echolocation,/mnt/ubna_data_02_mir/recover-20221013/UBNA_001/20221012_030000.WAV,Telephone Field,recover-20221013,001,1795
366.6315,366.6664,68437,81470,Rhinolophus ferrumequinum,0.02,0.02,-1,Echolocation,/mnt/ubna_data_02_mir/recover-20221013/UBNA_001/20221012_030000.WAV,Telephone Field,recover-20221013,001,1795
366.6355,366.6446,22890,29621,Plecotus austriacus,0.007,0.02,-1,Echolocation,/mnt/ubna_data_02_mir/recover-20221013/UBNA_001/20221012_030000.WAV,Telephone Field,recover-20221013,001,1795
366.6495,366.661,28046,34903,Eptesicus serotinus,0.013,0.024,-1,Echolocation,/mnt/ubna_data_02_mir/recover-20221013/UBNA_001/20221012_030000.WAV,Telephone Field,recover-20221013,001,1795
366.6765,366.7139,68437,81763,Rhinolophus ferrumequinum,0.023,0.023,-1,Echolocation,/mnt/ubna_data_02_mir/recover-20221013/UBNA_001/20221012_030000.WAV,Telephone Field,recover-20221013,001,1795
366.6885,366.7304,68437,83117,Rhinolophus ferrumequinum,0.036,0.036,-1,Echolocation,/mnt/ubna_data_02_mir/recover-20221013/UBNA_001/20221012_030000.WAV,Telephone Field,recover-20221013,001,1795
366.7165,366.7559,68437,82597,Rhinolophus ferrumequinum,0.02,0.02,-1,Echolocation,/mnt/ubna_data_02_mir/recover-20221013/UBNA_001/20221012_030000.WAV,Telephone Field,recover-20221013,001,1795
366.7595,366.7989,68437,82028,Rhinolophus ferrumequinum,0.022,0.022,-1,Echolocation,/mnt/ubna_data_02_mir/recover-20221013/UBNA_001/20221012_030000.WAV,Telephone Field,recover-20221013,001,1795
366.7835,366.8228,68437,82336,Rhinolophus ferrumequinum,0.023,0.023,-1,Echolocation,/mnt/ubna_data_02_mir/recover-20221013/UBNA_001/20221012_030000.WAV,Telephone Field,recover-20221013,001,1795
366.7945,366.8035,34062,40920,Barbastellus barbastellus,0.007,0.024,-1,Echolocation,/mnt/ubna_data_02_mir/recover-20221013/UBNA_001/20221012_030000.WAV,Telephone Field,recover-20221013,001,1795
366.8245,366.8615,68437,81403,Rhinolophus ferrumequinum,0.023,0.023,-1,Echolocation,/mnt/ubna_data_02_mir/recover-20221013/UBNA_001/20221012_030000.WAV,Telephone Field,recover-20221013,001,1795
366.8335,366.8445,28046,36567,Eptesicus serotinus,0.01,0.022,-1,Echolocation,/mnt/ubna_data_02_mir/recover-20221013/UBNA_001/20221012_030000.WAV,Telephone Field,recover-20221013,001,1795
366.8555,366.8936,68437,81814,Rhinolophus ferrumequinum,0.021,0.021,-1,Echolocation,/mnt/ubna_data_02_mir/recover-20221013/UBNA_001/20221012_030000.WAV,Telephone Field,recover-20221013,001,1795
366.8605,366.8665,28046,41402,Eptesicus serotinus,0.013,0.045,-1,Echolocation,/mnt/ubna_data_02_mir/recover-20221013/UBNA_001/20221012_030000.WAV,Telephone Field,recover-20221013,001,1795
366.8715,366.9097,68437,81835,Rhinolophus ferrumequinum,0.022,0.022,-1,Echolocation,/mnt/ubna_data_02_mir/recover-20221013/UBNA_001/20221012_030000.WAV,Telephone Field,recover-20221013,001,1795
366.9135,366.9231,28046,35468,Eptesicus serotinus,0.017,0.033,-1,Echolocation,/mnt/ubna_data_02_mir/recover-20221013/UBNA_001/20221012_030000.WAV,Telephone Field,recover-20221013,001,1795
366.9215,366.9628,68437,82797,Rhinolophus ferrumequinum,0.027,0.027,-1,Echolocation,/mnt/ubna_data_02_mir/recover-20221013/UBNA_001/20221012_030000.WAV,Telephone Field,recover-20221013,001,1795
366.9315,366.9686,68437,81980,Rhinolophus ferrumequinum,0.023,0.023,-1,Echolocation,/mnt/ubna_data_02_mir/recover-20221013/UBNA_001/20221012_030000.WAV,Telephone Field,recover-20221013,001,1795
366.9445,366.9507,27187,42358,Myotis daubentonii,0.008,0.033,-1,Echolocation,/mnt/ubna_data_02_mir/recover-20221013/UBNA_001/20221012_030000.WAV,Telephone Field,recover-20221013,001,1795
366.9555,366.9951,68437,82219,Rhinolophus ferrumequinum,0.021,0.021,-1,Echolocation,/mnt/ubna_data_02_mir/recover-20221013/UBNA_001/20221012_030000.WAV,Telephone Field,recover-20221013,001,1795
367.0085,367.0189,26328,33237,Eptesicus serotinus,0.012,0.026,-1,Echolocation,/mnt/ubna_data_02_mir/recover-20221013/UBNA_001/20221012_030000.WAV,Telephone Field,recover-20221013,001,1795
367.0295,367.0675,68437,81544,Rhinolophus ferrumequinum,0.02,0.02,-1,Echolocation,/mnt/ubna_data_02_mir/recover-20221013/UBNA_001/20221012_030000.WAV,Telephone Field,recover-20221013,001,1795
367.0445,367.0821,68437,82198,Rhinolophus ferrumequinum,0.023,0.023,-1,Echolocation,/mnt/ubna_data_02_mir/recover-20221013/UBNA_001/20221012_030000.WAV,Telephone Field,recover-20221013,001,1795
367.0485,367.0564,28046,37929,Eptesicus serotinus,0.007,0.021,-1,Echolocation,/mnt/ubna_data_02_mir/recover-20221013/UBNA_001/20221012_030000.WAV,Telephone Field,recover-20221013,001,1795
367.1125,367.12,28046,37342,Eptesicus serotinus,0.009,0.026,-1,Echolocation,/mnt/ubna_data_02_mir/recover-20221013/UBNA_001/20221012_030000.WAV,Telephone Field,recover-20221013,001,1795
367.1785,367.1862,28046,38167,Eptesicus serotinus,0.008,0.024,-1,Echolocation,/mnt/ubna_data_02_mir/recover-20221013/UBNA_001/20221012_030000.WAV,Telephone Field,recover-20221013,001,1795
367.1795,367.2191,68437,82260,Rhinolophus ferrumequinum,0.022,0.022,-1,Echolocation,/mnt/ubna_data_02_mir/recover-20221013/UBNA_001/20221012_030000.WAV,Telephone Field,recover-20221013,001,1795
367.1995,367.2357,68437,81724,Rhinolophus ferrumequinum,0.021,0.021,-1,Echolocation,/mnt/ubna_data_02_mir/recover-20221013/UBNA_001/20221012_030000.WAV,Telephone Field,recover-20221013,001,1795
367.2025,367.2094,27187,39025,Eptesicus serotinus,0.007,0.025,-1,Echolocation,/mnt/ubna_data_02_mir/recover-20221013/UBNA_001/20221012_030000.WAV,Telephone Field,recover-20221013,001,1795
367.2245,367.2588,68437,80898,Rhinolophus ferrumequinum,0.022,0.022,-1,Echolocation,/mnt/ubna_data_02_mir/recover-20221013/UBNA_001/20221012_030000.WAV,Telephone Field,recover-20221013,001,1795
367.2335,367.244,28906,36265,Eptesicus serotinus,0.016,0.031,-1,Echolocation,/mnt/ubna_data_02_mir/recover-20221013/UBNA_001/20221012_030000.WAV,Telephone Field,recover-20221013,001,1795
367.2795,367.3176,68437,82171,Rhinolophus ferrumequinum,0.022,0.022,-1,Echolocation,/mnt/ubna_data_02_mir/recover-20221013/UBNA_001/20221012_030000.WAV,Telephone Field,recover-20221013,001,1795
367.3225,367.333,22890,28106,Nyctalus leisleri,0.009,0.021,-1,Echolocation,/mnt/ubna_data_02_mir/recover-20221013/UBNA_001/20221012_030000.WAV,Telephone Field,recover-20221013,001,1795
367.3265,367.3355,28046,36359,Eptesicus serotinus,0.007,0.02,-1,Echolocation,/mnt/ubna_data_02_mir/recover-20221013/UBNA_001/20221012_030000.WAV,Telephone Field,recover-20221013,001,1795
367.3395,367.3778,68437,82474,Rhinolophus ferrumequinum,0.026,0.026,-1,Echolocation,/mnt/ubna_data_02_mir/recover-20221013/UBNA_001/20221012_030000.WAV,Telephone Field,recover-20221013,001,1795
367.3505,367.3598,26328,33037,Eptesicus serotinus,0.05,0.096,-1,Echolocation,/mnt/ubna_data_02_mir/recover-20221013/UBNA_001/20221012_030000.WAV,Telephone Field,recover-20221013,001,1795
367.3875,367.4277,68437,82017,Rhinolophus ferrumequinum,0.021,0.021,-1,Echolocation,/mnt/ubna_data_02_mir/recover-20221013/UBNA_001/20221012_030000.WAV,Telephone Field,recover-20221013,001,1795
367.4215,367.4593,68437,81002,Rhinolophus ferrumequinum,0.03,0.03,-1,Echolocation,/mnt/ubna_data_02_mir/recover-20221013/UBNA_001/20221012_030000.WAV,Telephone Field,recover-20221013,001,1795
367.4455,367.4853,68437,82005,Rhinolophus ferrumequinum,0.021,0.021,-1,Echolocation,/mnt/ubna_data_02_mir/recover-20221013/UBNA_001/20221012_030000.WAV,Telephone Field,recover-20221013,001,1795
367.4535,367.4941,68437,82618,Rhinolophus ferrumequinum,0.021,0.021,-1,Echolocation,/mnt/ubna_data_02_mir/recover-20221013/UBNA_001/20221012_030000.WAV,Telephone Field,recover-20221013,001,1795
367.4875,367.5297,68437,82804,Rhinolophus ferrumequinum,0.033,0.033,-1,Echolocation,/mnt/ubna_data_02_mir/recover-20221013/UBNA_001/20221012_030000.WAV,Telephone Field,recover-20221013,001,1795
367.4945,367.5348,68437,82990,Rhinolophus ferrumequinum,0.034,0.034,-1,Echolocation,/mnt/ubna_data_02_mir/recover-20221013/UBNA_001/20221012_030000.WAV,Telephone Field,recover-20221013,001,1795
367.5035,367.513,23750,30488,Nyctalus leisleri,0.007,0.021,-1,Echolocation,/mnt/ubna_data_02_mir/recover-20221013/UBNA_001/20221012_030000.WAV,Telephone Field,recover-20221013,001,1795
367.5295,367.5436,22890,27332,Nyctalus leisleri,0.016,0.029,-1,Echolocation,/mnt/ubna_data_02_mir/recover-20221013/UBNA_001/20221012_030000.WAV,Telephone Field,recover-20221013,001,1795
367.5335,367.5742,68437,82658,Rhinolophus ferrumequinum,0.023,0.023,-1,Echolocation,/mnt/ubna_data_02_mir/recover-20221013/UBNA_001/20221012_030000.WAV,Telephone Field,recover-20221013,001,1795
367.5425,367.5825,68437,82834,Rhinolophus ferrumequinum,0.021,0.021,-1,Echolocation,/mnt/ubna_data_02_mir/recover-20221013/UBNA_001/20221012_030000.WAV,Telephone Field,recover-20221013,001,1795
367.5645,367.605,68437,82651,Rhinolophus ferrumequinum,0.023,0.023,-1,Echolocation,/mnt/ubna_data_02_mir/recover-20221013/UBNA_001/20221012_030000.WAV,Telephone Field,recover-20221013,001,1795
367.5765,367.5828,30625,47755,Myotis daubentonii,0.012,0.022,-1,Echolocation,/mnt/ubna_data_02_mir/recover-20221013/UBNA_001/20221012_030000.WAV,Telephone Field,recover-20221013,001,1795
367.7495,367.7561,27187,39356,Eptesicus serotinus,0.005,0.023,-1,Echolocation,/mnt/ubna_data_02_mir/recover-20221013/UBNA_001/20221012_030000.WAV,Telephone Field,recover-20221013,001,1795
367.7695,367.811,68437,82997,Rhinolophus ferrumequinum,0.03,0.03,-1,Echolocation,/mnt/ubna_data_02_mir/recover-20221013/UBNA_001/20221012_030000.WAV,Telephone Field,recover-20221013,001,1795
367.7915,367.8011,27187,35549,Eptesicus serotinus,0.007,0.021,-1,Echolocation,/mnt/ubna_data_02_mir/recover-20221013/UBNA_001/20221012_030000.WAV,Telephone Field,recover-20221013,001,1795
367.8085,367.8492,68437,82383,Rhinolophus ferrumequinum,0.025,0.025,-1,Echolocation,/mnt/ubna_data_02_mir/recover-20221013/UBNA_001/20221012_030000.WAV,Telephone Field,recover-20221013,001,1795
367.8145,367.8553,68437,82480,Rhinolophus ferrumequinum,0.025,0.025,-1,Echolocation,/mnt/ubna_data_02_mir/recover-20221013/UBNA_001/20221012_030000.WAV,Telephone Field,recover-20221013,001,1795
367.8485,367.8577,27187,36655,Eptesicus serotinus,0.008,0.023,-1,Echolocation,/mnt/ubna_data_02_mir/recover-20221013/UBNA_001/20221012_030000.WAV,Telephone Field,recover-20221013,001,1795
367.8805,367.8876,24609,34495,Plecotus austriacus,0.011,0.032,-1,Echolocation,/mnt/ubna_data_02_mir/recover-20221013/UBNA_001/20221012_030000.WAV,Telephone Field,recover-20221013,001,1795
367.8975,367.9395,68437,82124,Rhinolophus ferrumequinum,0.031,0.031,-1,Echolocation,/mnt/ubna_data_02_mir/recover-20221013/UBNA_001/20221012_030000.WAV,Telephone Field,recover-20221013,001,1795
367.9295,367.9678,68437,81986,Rhinolophus ferrumequinum,0.02,0.021,-1,Echolocation,/mnt/ubna_data_02_mir/recover-20221013/UBNA_001/20221012_030000.WAV,Telephone Field,recover-20221013,001,1795
368.0015,368.0097,27187,38428,Eptesicus serotinus,0.008,0.025,-1,Echolocation,/mnt/ubna_data_02_mir/recover-20221013/UBNA_001/20221012_030000.WAV,Telephone Field,recover-20221013,001,1795
368.0015,368.0312,70156,85390,Rhinolophus ferrumequinum,0.026,0.026,-1,Echolocation,/mnt/ubna_data_02_mir/recover-20221013/UBNA_001/20221012_030000.WAV,Telephone Field,recover-20221013,001,1795
368.0015,368.0118,21171,27083,Nyctalus leisleri,0.008,0.023,-1,Echolocation,/mnt/ubna_data_02_mir/recover-20221013/UBNA_001/20221012_030000.WAV,Telephone Field,recover-20221013,001,1795
368.0085,368.0472,68437,81766,Rhinolophus ferrumequinum,0.021,0.021,-1,Echolocation,/mnt/ubna_data_02_mir/recover-20221013/UBNA_001/20221012_030000.WAV,Telephone Field,recover-20221013,001,1795
368.0295,368.0377,26328,34494,Eptesicus serotinus,0.009,0.021,-1,Echolocation,/mnt/ubna_data_02_mir/recover-20221013/UBNA_001/20221012_030000.WAV,Telephone Field,recover-20221013,001,1795
368.0395,368.0471,28906,39306,Eptesicus serotinus,0.007,0.022,-1,Echolocation,/mnt/ubna_data_02_mir/recover-20221013/UBNA_001/20221012_030000.WAV,Telephone Field,recover-20221013,001,1795
368.1345,368.1456,22890,29154,Nyctalus leisleri,0.015,0.036,-1,Echolocation,/mnt/ubna_data_02_mir/recover-20221013/UBNA_001/20221012_030000.WAV,Telephone Field,recover-20221013,001,1795
368.1475,368.1819,68437,81790,Rhinolophus ferrumequinum,0.021,0.021,-1,Echolocation,/mnt/ubna_data_02_mir/recover-20221013/UBNA_001/20221012_030000.WAV,Telephone Field,recover-20221013,001,1795
368.1805,368.1886,23750,31732,Plecotus austriacus,0.008,0.021,-1,Echolocation,/mnt/ubna_data_02_mir/recover-20221013/UBNA_001/20221012_030000.WAV,Telephone Field,recover-20221013,001,1795
368.1925,368.2009,55546,60616,Pipistrellus pygmaeus,0.028,0.03,-1,Echolocation,/mnt/ubna_data_02_mir/recover-20221013/UBNA_001/20221012_030000.WAV,Telephone Field,recover-20221013,001,1795
368.1945,368.2021,28046,36738,Eptesicus serotinus,0.009,0.023,-1,Echolocation,/mnt/ubna_data_02_mir/recover-20221013/UBNA_001/20221012_030000.WAV,Telephone Field,recover-20221013,001,1795
368.2295,368.262,68437,79804,Rhinolophus ferrumequinum,0.021,0.022,-1,Echolocation,/mnt/ubna_data_02_mir/recover-20221013/UBNA_001/20221012_030000.WAV,Telephone Field,recover-20221013,001,1795
368.2665,368.308,68437,83234,Rhinolophus ferrumequinum,0.052,0.052,-1,Echolocation,/mnt/ubna_data_02_mir/recover-20221013/UBNA_001/20221012_030000.WAV,Telephone Field,recover-20221013,001,1795
368.3485,368.385,68437,80782,Rhinolophus ferrumequinum,0.024,0.024,-1,Echolocation,/mnt/ubna_data_02_mir/recover-20221013/UBNA_001/20221012_030000.WAV,Telephone Field,recover-20221013,001,1795
368.4005,368.435,68437,81021,Rhinolophus ferrumequinum,0.021,0.021,-1,Echolocation,/mnt/ubna_data_02_mir/recover-20221013/UBNA_001/20221012_030000.WAV,Telephone Field,recover-20221013,001,1795
368.4775,368.4893,33203,38994,Eptesicus serotinus,0.006,0.025,-1,Echolocation,/mnt/ubna_data_02_mir/recover-20221013/UBNA_001/20221012_030000.WAV,Telephone Field,recover-20221013,001,1795
368.4775,368.5153,68437,82369,Rhinolophus ferrumequinum,0.023,0.023,-1,Echolocation,/mnt/ubna_data_02_mir/recover-20221013/UBNA_001/20221012_030000.WAV,Telephone Field,recover-20221013,001,1795
368.4785,368.4887,28046,37939,Eptesicus serotinus,0.01,0.022,-1,Echolocation,/mnt/ubna_data_02_mir/recover-20221013/UBNA_001/20221012_030000.WAV,Telephone Field,recover-20221013,001,1795
368.4895,368.4978,23750,31707,Plecotus austriacus,0.009,0.024,-1,Echolocation,/mnt/ubna_data_02_mir/recover-20221013/UBNA_001/20221012_030000.WAV,Telephone Field,recover-20221013,001,1795
368.5125,368.5238,36640,41346,Pipistrellus nathusii,0.019,0.042,-1,Echolocation,/mnt/ubna_data_02_mir/recover-20221013/UBNA_001/20221012_030000.WAV,Telephone Field,recover-20221013,001,1795
368.5255,368.5606,68437,81372,Rhinolophus ferrumequinum,0.022,0.022,-1,Echolocation,/mnt/ubna_data_02_mir/recover-20221013/UBNA_001/20221012_030000.WAV,Telephone Field,recover-20221013,001,1795
368.6265,368.6325,24609,41480,Plecotus austriacus,0.009,0.029,-1,Echolocation,/mnt/ubna_data_02_mir/recover-20221013/UBNA_001/20221012_030000.WAV,Telephone Field,recover-20221013,001,1795
368.6385,368.677,68437,82701,Rhinolophus ferrumequinum,0.025,0.025,-1,Echolocation,/mnt/ubna_data_02_mir/recover-20221013/UBNA_001/20221012_030000.WAV,Telephone Field,recover-20221013,001,1795
368.6825,368.6918,22031,28857,Plecotus austriacus,0.009,0.026,-1,Echolocation,/mnt/ubna_data_02_mir/recover-20221013/UBNA_001/20221012_030000.WAV,Telephone Field,recover-20221013,001,1795
368.7715,368.7816,27187,34270,Eptesicus serotinus,0.013,0.026,-1,Echolocation,/mnt/ubna_data_02_mir/recover-20221013/UBNA_001/20221012_030000.WAV,Telephone Field,recover-20221013,001,1795
368.8455,368.8885,68437,82766,Rhinolophus ferrumequinum,0.034,0.034,-1,Echolocation,/mnt/ubna_data_02_mir/recover-20221013/UBNA_001/20221012_030000.WAV,Telephone Field,recover-20221013,001,1795
368.9065,368.9446,68437,81656,Rhinolophus ferrumequinum,0.022,0.022,-1,Echolocation,/mnt/ubna_data_02_mir/recover-20221013/UBNA_001/20221012_030000.WAV,Telephone Field,recover-20221013,001,1795
368.9275,368.9643,68437,81286,Rhinolophus ferrumequinum,0.023,0.023,-1,Echolocation,/mnt/ubna_data_02_mir/recover-20221013/UBNA_001/20221012_030000.WAV,Telephone Field,recover-20221013,001,1795
368.9335,368.9707,68437,81902,Rhinolophus ferrumequinum,0.022,0.022,-1,Echolocation,/mnt/ubna_data_02_mir/recover-20221013/UBNA_001/20221012_030000.WAV,Telephone Field,recover-20221013,001,1795
368.9585,368.9706,23750,29068,Nyctalus leisleri,0.013,0.03,-1,Echolocation,/mnt/ubna_data_02_mir/recover-20221013/UBNA_001/20221012_030000.WAV,Telephone Field,recover-20221013,001,1795
368.9615,369.0003,68437,81961,Rhinolophus ferrumequinum,0.027,0.027,-1,Echolocation,/mnt/ubna_data_02_mir/recover-20221013/UBNA_001/20221012_030000.WAV,Telephone Field,recover-20221013,001,1795
368.9795,368.9977,19453,22776,Nyctalus noctula,0.012,0.026,-1,Echolocation,/mnt/ubna_data_02_mir/recover-20221013/UBNA_001/20221012_030000.WAV,Telephone Field,recover-20221013,001,1795
369.0365,369.0443,25468,34467,Eptesicus serotinus,0.008,0.024,-1,Echolocation,/mnt/ubna_data_02_mir/recover-20221013/UBNA_001/20221012_030000.WAV,Telephone Field,recover-20221013,001,1795
369.0655,369.0764,24609,30352,Nyctalus leisleri,0.014,0.033,-1,Echolocation,/mnt/ubna_data_02_mir/recover-20221013/UBNA_001/20221012_030000.WAV,Telephone Field,recover-20221013,001,1795
369.0815,369.0891,48671,54071,Pipistrellus pipistrellus,0.023,0.025,-1,Echolocation,/mnt/ubna_data_02_mir/recover-20221013/UBNA_001/20221012_030000.WAV,Telephone Field,recover-20221013,001,1795
369.1075,369.1169,22890,30130,Plecotus austriacus,0.01,0.032,-1,Echolocation,/mnt/ubna_data_02_mir/recover-20221013/UBNA_001/20221012_030000.WAV,Telephone Field,recover-20221013,001,1795
369.2355,369.2763,68437,82589,Rhinolophus ferrumequinum,0.029,0.029,-1,Echolocation,/mnt/ubna_data_02_mir/recover-20221013/UBNA_001/20221012_030000.WAV,Telephone Field,recover-20221013,001,1795
369.2425,369.2819,68437,82349,Rhinolophus ferrumequinum,0.024,0.024,-1,Echolocation,/mnt/ubna_data_02_mir/recover-20221013/UBNA_001/20221012_030000.WAV,Telephone Field,recover-20221013,001,1795
369.2505,369.2604,22890,28848,Nyctalus leisleri,0.009,0.025,-1,Echolocation,/mnt/ubna_data_02_mir/recover-20221013/UBNA_001/20221012_030000.WAV,Telephone Field,recover-20221013,001,1795
369.2785,369.3198,68437,82323,Rhinolophus ferrumequinum,0.026,0.026,-1,Echolocation,/mnt/ubna_data_02_mir/recover-20221013/UBNA_001/20221012_030000.WAV,Telephone Field,recover-20221013,001,1795
369.2895,369.3029,26328,31601,Nyctalus leisleri,0.015,0.034,-1,Echolocation,/mnt/ubna_data_02_mir/recover-20221013/UBNA_001/20221012_030000.WAV,Telephone Field,recover-20221013,001,1795
369.3225,369.3327,28906,37525,Eptesicus serotinus,0.012,0.027,-1,Echolocation,/mnt/ubna_data_02_mir/recover-20221013/UBNA_001/20221012_030000.WAV,Telephone Field,recover-20221013,001,1795
369.4035,369.4107,50390,54934,Pipistrellus pipistrellus,0.02,0.023,-1,Echolocation,/mnt/ubna_data_02_mir/recover-20221013/UBNA_001/20221012_030000.WAV,Telephone Field,recover-20221013,001,1795
369.4345,369.4701,68437,81339,Rhinolophus ferrumequinum,0.021,0.022,-1,Echolocation,/mnt/ubna_data_02_mir/recover-20221013/UBNA_001/20221012_030000.WAV,Telephone Field,recover-20221013,001,1795
369.4865,369.4961,24609,31875,Nyctalus leisleri,0.009,0.026,-1,Echolocation,/mnt/ubna_data_02_mir/recover-20221013/UBNA_001/20221012_030000.WAV,Telephone Field,recover-20221013,001,1795
369.4945,369.5054,24609,30352,Nyctalus leisleri,0.011,0.027,-1,Echolocation,/mnt/ubna_data_02_mir/recover-20221013/UBNA_001/20221012_030000.WAV,Telephone Field,recover-20221013,001,1795
369.4945,369.5328,68437,82578,Rhinolophus ferrumequinum,0.021,0.021,-1,Echolocation,/mnt/ubna_data_02_mir/recover-20221013/UBNA_001/20221012_030000.WAV,Telephone Field,recover-20221013,001,1795
369.5535,369.5616,28046,37079,Eptesicus serotinus,0.01,0.023,-1,Echolocation,/mnt/ubna_data_02_mir/recover-20221013/UBNA_001/20221012_030000.WAV,Telephone Field,recover-20221013,001,1795
369.5695,369.6076,68437,82423,Rhinolophus ferrumequinum,0.023,0.023,-1,Echolocation,/mnt/ubna_data_02_mir/recover-20221013/UBNA_001/20221012_030000.WAV,Telephone Field,recover-20221013,001,1795
369.5715,369.5804,28046,40093,Eptesicus serotinus,0.009,0.022,-1,Echolocation,/mnt/ubna_data_02_mir/recover-20221013/UBNA_001/20221012_030000.WAV,Telephone Field,recover-20221013,001,1795
369.6065,369.6509,68437,83742,Rhinolophus ferrumequinum,0.054,0.054,-1,Echolocation,/mnt/ubna_data_02_mir/recover-20221013/UBNA_001/20221012_030000.WAV,Telephone Field,recover-20221013,001,1795
369.6745,369.6817,24609,34237,Plecotus austriacus,0.009,0.024,-1,Echolocation,/mnt/ubna_data_02_mir/recover-20221013/UBNA_001/20221012_030000.WAV,Telephone Field,recover-20221013,001,1795
369.6875,369.6963,22890,29533,Plecotus austriacus,0.008,0.023,-1,Echolocation,/mnt/ubna_data_02_mir/recover-20221013/UBNA_001/20221012_030000.WAV,Telephone Field,recover-20221013,001,1795
369.7135,369.7543,68437,82808,Rhinolophus ferrumequinum,0.03,0.03,-1,Echolocation,/mnt/ubna_data_02_mir/recover-20221013/UBNA_001/20221012_030000.WAV,Telephone Field,recover-20221013,001,1795
369.7325,369.7641,68437,80522,Rhinolophus ferrumequinum,0.023,0.023,-1,Echolocation,/mnt/ubna_data_02_mir/recover-20221013/UBNA_001/20221012_030000.WAV,Telephone Field,recover-20221013,001,1795
369.7595,369.7662,23750,33744,Plecotus austriacus,0.022,0.037,-1,Echolocation,/mnt/ubna_data_02_mir/recover-20221013/UBNA_001/20221012_030000.WAV,Telephone Field,recover-20221013,001,1795
369.7755,369.7829,27187,40397,Eptesicus serotinus,0.009,0.025,-1,Echolocation,/mnt/ubna_data_02_mir/recover-20221013/UBNA_001/20221012_030000.WAV,Telephone Field,recover-20221013,001,1795
369.8225,369.8589,68437,81397,Rhinolophus ferrumequinum,0.023,0.023,-1,Echolocation,/mnt/ubna_data_02_mir/recover-20221013/UBNA_001/20221012_030000.WAV,Telephone Field,recover-20221013,001,1795
369.8445,369.8552,23750,29800,Nyctalus leisleri,0.011,0.029,-1,Echolocation,/mnt/ubna_data_02_mir/recover-20221013/UBNA_001/20221012_030000.WAV,Telephone Field,recover-20221013,001,1795
369.8615,369.8997,68437,82974,Rhinolophus ferrumequinum,0.022,0.022,-1,Echolocation,/mnt/ubna_data_02_mir/recover-20221013/UBNA_001/20221012_030000.WAV,Telephone Field,recover-20221013,001,1795
369.9305,369.9379,23750,32664,Plecotus austriacus,0.009,0.022,-1,Echolocation,/mnt/ubna_data_02_mir/recover-20221013/UBNA_001/20221012_030000.WAV,Telephone Field,recover-20221013,001,1795
369.9845,369.9925,28046,41027,Eptesicus serotinus,0.008,0.021,-1,Echolocation,/mnt/ubna_data_02_mir/recover-20221013/UBNA_001/20221012_030000.WAV,Telephone Field,recover-20221013,001,1795
370.0015,370.0341,68437,80033,Rhinolophus ferrumequinum,0.024,0.024,-1,Echolocation,/mnt/ubna_data_02_mir/recover-20221013/UBNA_001/20221012_030000.WAV,Telephone Field,recover-20221013,001,1795
370.0015,370.0096,25468,37064,Nyctalus leisleri,0.004,0.02,-1,Echolocation,/mnt/ubna_data_02_mir/recover-20221013/UBNA_001/20221012_030000.WAV,Telephone Field,recover-20221013,001,1795
370.0025,370.0125,56406,62665,Pipistrellus pygmaeus,0.022,0.023,-1,Echolocation,/mnt/ubna_data_02_mir/recover-20221013/UBNA_001/20221012_030000.WAV,Telephone Field,recover-20221013,001,1795
370.0205,370.0295,22031,28051,Plecotus austriacus,0.007,0.021,-1,Echolocation,/mnt/ubna_data_02_mir/recover-20221013/UBNA_001/20221012_030000.WAV,Telephone Field,recover-20221013,001,1795
370.0295,370.0664,68437,81082,Rhinolophus ferrumequinum,0.02,0.02,-1,Echolocation,/mnt/ubna_data_02_mir/recover-20221013/UBNA_001/20221012_030000.WAV,Telephone Field,recover-20221013,001,1795
370.0345,370.0417,27187,38521,Eptesicus serotinus,0.006,0.022,-1,Echolocation,/mnt/ubna_data_02_mir/recover-20221013/UBNA_001/20221012_030000.WAV,Telephone Field,recover-20221013,001,1795
370.0575,370.073,22031,26043,Nyctalus leisleri,0.015,0.027,-1,Echolocation,/mnt/ubna_data_02_mir/recover-20221013/UBNA_001/20221012_030000.WAV,Telephone Field,recover-20221013,001,1795
370.0715,370.1126,68437,82356,Rhinolophus ferrumequinum,0.027,0.027,-1,Echolocation,/mnt/ubna_data_02_mir/recover-20221013/UBNA_001/20221012_030000.WAV,Telephone Field,recover-20221013,001,1795
370.0725,370.0797,27187,43341,Eptesicus serotinus,0.007,0.025,-1,Echolocation,/mnt/ubna_data_02_mir/recover-20221013/UBNA_001/20221012_030000.WAV,Telephone Field,recover-20221013,001,1795
370.0795,370.1169,68437,82295,Rhinolophus ferrumequinum,0.02,0.021,-1,Echolocation,/mnt/ubna_data_02_mir/recover-20221013/UBNA_001/20221012_030000.WAV,Telephone Field,recover-20221013,001,1795
370.0985,370.1352,68437,81497,Rhinolophus ferrumequinum,0.024,0.024,-1,Echolocation,/mnt/ubna_data_02_mir/recover-20221013/UBNA_001/20221012_030000.WAV,Telephone Field,recover-20221013,001,1795
370.1115,370.1487,68437,81175,Rhinolophus ferrumequinum,0.023,0.023,-1,Echolocation,/mnt/ubna_data_02_mir/recover-20221013/UBNA_001/20221012_030000.WAV,Telephone Field,recover-20221013,001,1795
370.1245,370.1632,68437,81997,Rhinolophus ferrumequinum,0.02,0.02,-1,Echolocation,/mnt/ubna_data_02_mir/recover-20221013/UBNA_001/20221012_030000.WAV,Telephone Field,recover-20221013,001,1795
370.1315,370.1709,68437,82348,Rhinolophus ferrumequinum,0.02,0.02,-1,Echolocation,/mnt/ubna_data_02_mir/recover-20221013/UBNA_001/20221012_030000.WAV,Telephone Field,recover-20221013,001,1795
370.1835,370.1912,28046,38721,Eptesicus serotinus,0.006,0.02,-1,Echolocation,/mnt/ubna_data_02_mir/recover-20221013/UBNA_001/20221012_030000.WAV,Telephone Field,recover-20221013,001,1795
370.2225,370.2613,68437,81839,Rhinolophus ferrumequinum,0.022,0.022,-1,Echolocation,/mnt/ubna_data_02_mir/recover-20221013/UBNA_001/20221012_030000.WAV,Telephone Field,recover-20221013,001,1795
370.2365,370.2438,28046,39403,Eptesicus serotinus,0.006,0.022,-1,Echolocation,/mnt/ubna_data_02_mir/recover-20221013/UBNA_001/20221012_030000.WAV,Telephone Field,recover-20221013,001,1795
370.2625,370.2997,68437,81890,Rhinolophus ferrumequinum,0.02,0.02,-1,Echolocation,/mnt/ubna_data_02_mir/recover-20221013/UBNA_001/20221012_030000.WAV,Telephone Field,recover-20221013,001,1795
370.2625,370.2719,26328,35088,Eptesicus serotinus,0.012,0.027,-1,Echolocation,/mnt/ubna_data_02_mir/recover-20221013/UBNA_001/20221012_030000.WAV,Telephone Field,recover-20221013,001,1795
370.2805,370.2997,19453,22466,Nyctalus leisleri,0.016,0.034,-1,Echolocation,/mnt/ubna_data_02_mir/recover-20221013/UBNA_001/20221012_030000.WAV,Telephone Field,recover-20221013,001,1795
370.2865,370.3243,68437,82125,Rhinolophus ferrumequinum,0.02,0.02,-1,Echolocation,/mnt/ubna_data_02_mir/recover-20221013/UBNA_001/20221012_030000.WAV,Telephone Field,recover-20221013,001,1795
370.2975,370.3053,27187,40202,Eptesicus serotinus,0.01,0.024,-1,Echolocation,/mnt/ubna_data_02_mir/recover-20221013/UBNA_001/20221012_030000.WAV,Telephone Field,recover-20221013,001,1795
370.3735,370.4154,68437,82403,Rhinolophus ferrumequinum,0.027,0.027,-1,Echolocation,/mnt/ubna_data_02_mir/recover-20221013/UBNA_001/20221012_030000.WAV,Telephone Field,recover-20221013,001,1795
370.3995,370.4071,48671,55633,Pipistrellus pipistrellus,0.021,0.025,-1,Echolocation,/mnt/ubna_data_02_mir/recover-20221013/UBNA_001/20221012_030000.WAV,Telephone Field,recover-20221013,001,1795
370.4345,370.4724,68437,81967,Rhinolophus ferrumequinum,0.02,0.02,-1,Echolocation,/mnt/ubna_data_02_mir/recover-20221013/UBNA_001/20221012_030000.WAV,Telephone Field,recover-20221013,001,1795
370.4425,370.4821,68437,82232,Rhinolophus ferrumequinum,0.022,0.022,-1,Echolocation,/mnt/ubna_data_02_mir/recover-20221013/UBNA_001/20221012_030000.WAV,Telephone Field,recover-20221013,001,1795
370.4495,370.4911,68437,82696,Rhinolophus ferrumequinum,0.021,0.021,-1,Echolocation,/mnt/ubna_data_02_mir/recover-20221013/UBNA_001/20221012_030000.WAV,Telephone Field,recover-20221013,001,1795
370.4885,370.5067,21171,24261,Nyctalus leisleri,0.014,0.022,-1,Echolocation,/mnt/ubna_data_02_mir/recover-20221013/UBNA_001/20221012_030000.WAV,Telephone Field,recover-20221013,001,1795
370.5115,370.5477,68437,81200,Rhinolophus ferrumequinum,0.02,0.02,-1,Echolocation,/mnt/ubna_data_02_mir/recover-20221013/UBNA_001/20221012_030000.WAV,Telephone Field,recover-20221013,001,1795
370.5325,370.5701,68437,82220,Rhinolophus ferrumequinum,0.021,0.021,-1,Echolocation,/mnt/ubna_data_02_mir/recover-20221013/UBNA_001/20221012_030000.WAV,Telephone Field,recover-20221013,001,1795
370.5355,370.5444,28046,38331,Eptesicus serotinus,0.008,0.021,-1,Echolocation,/mnt/ubna_data_02_mir/recover-20221013/UBNA_001/20221012_030000.WAV,Telephone Field,recover-20221013,001,1795
370.5565,370.5622,39218,51578,Myotis daubentonii,0.008,0.024,-1,Echolocation,/mnt/ubna_data_02_mir/recover-20221013/UBNA_001/20221012_030000.WAV,Telephone Field,recover-20221013,001,1795
370.5655,370.5747,26328,33717,Eptesicus serotinus,0.011,0.026,-1,Echolocation,/mnt/ubna_data_02_mir/recover-20221013/UBNA_001/20221012_030000.WAV,Telephone Field,recover-20221013,001,1795
370.5945,370.6016,23750,33581,Plecotus austriacus,0.014,0.029,-1,Echolocation,/mnt/ubna_data_02_mir/recover-20221013/UBNA_001/20221012_030000.WAV,Telephone Field,recover-20221013,001,1795
370.5955,370.6349,68437,82639,Rhinolophus ferrumequinum,0.021,0.021,-1,Echolocation,/mnt/ubna_data_02_mir/recover-20221013/UBNA_001/20221012_030000.WAV,Telephone Field,recover-20221013,001,1795
370.6145,370.6559,68437,82699,Rhinolophus ferrumequinum,0.023,0.023,-1,Echolocation,/mnt/ubna_data_02_mir/recover-20221013/UBNA_001/20221012_030000.WAV,Telephone Field,recover-20221013,001,1795
370.6345,370.6717,68437,81715,Rhinolophus ferrumequinum,0.021,0.021,-1,Echolocation,/mnt/ubna_data_02_mir/recover-20221013/UBNA_001/20221012_030000.WAV,Telephone Field,recover-20221013,001,1795
370.6475,370.6568,25468,32667,Nyctalus leisleri,0.008,0.024,-1,Echolocation,/mnt/ubna_data_02_mir/recover-20221013/UBNA_001/20221012_030000.WAV,Telephone Field,recover-20221013,001,1795
370.6685,370.7069,68437,81947,Rhinolophus ferrumequinum,0.021,0.021,-1,Echolocation,/mnt/ubna_data_02_mir/recover-20221013/UBNA_001/20221012_030000.WAV,Telephone Field,recover-20221013,001,1795
370.7195,370.7293,28046,36351,Eptesicus serotinus,0.01,0.022,-1,Echolocation,/mnt/ubna_data_02_mir/recover-20221013/UBNA_001/20221012_030000.WAV,Telephone Field,recover-20221013,001,1795
370.7375,370.7458,27187,40572,Eptesicus serotinus,0.008,0.021,-1,Echolocation,/mnt/ubna_data_02_mir/recover-20221013/UBNA_001/20221012_030000.WAV,Telephone Field,recover-20221013,001,1795
370.7675,370.7778,22890,28675,Nyctalus leisleri,0.011,0.026,-1,Echolocation,/mnt/ubna_data_02_mir/recover-20221013/UBNA_001/20221012_030000.WAV,Telephone Field,recover-20221013,001,1795
370.83050000000003,370.8686,68437,82111,Rhinolophus ferrumequinum,0.024,0.024,-1,Echolocation,/mnt/ubna_data_02_mir/recover-20221013/UBNA_001/20221012_030000.WAV,Telephone Field,recover-20221013,001,1795
370.8315,370.8394,28046,42237,Eptesicus serotinus,0.007,0.02,-1,Echolocation,/mnt/ubna_data_02_mir/recover-20221013/UBNA_001/20221012_030000.WAV,Telephone Field,recover-20221013,001,1795
370.8575,370.867,27187,35419,Eptesicus serotinus,0.012,0.026,-1,Echolocation,/mnt/ubna_data_02_mir/recover-20221013/UBNA_001/20221012_030000.WAV,Telephone Field,recover-20221013,001,1795
370.8955,370.9345,68437,82090,Rhinolophus ferrumequinum,0.021,0.021,-1,Echolocation,/mnt/ubna_data_02_mir/recover-20221013/UBNA_001/20221012_030000.WAV,Telephone Field,recover-20221013,001,1795
370.9215,370.9328,22890,27500,Nyctalus leisleri,0.013,0.024,-1,Echolocation,/mnt/ubna_data_02_mir/recover-20221013/UBNA_001/20221012_030000.WAV,Telephone Field,recover-20221013,001,1795
370.9225,370.929,28046,38816,Eptesicus serotinus,0.005,0.02,-1,Echolocation,/mnt/ubna_data_02_mir/recover-20221013/UBNA_001/20221012_030000.WAV,Telephone Field,recover-20221013,001,1795
370.9595,370.9976,68437,81810,Rhinolophus ferrumequinum,0.02,0.02,-1,Echolocation,/mnt/ubna_data_02_mir/recover-20221013/UBNA_001/20221012_030000.WAV,Telephone Field,recover-20221013,001,1795
370.9655,370.9757,26328,33617,Eptesicus serotinus,0.009,0.02,-1,Echolocation,/mnt/ubna_data_02_mir/recover-20221013/UBNA_001/20221012_030000.WAV,Telephone Field,recover-20221013,001,1795
370.9725,371.0125,68437,82440,Rhinolophus ferrumequinum,0.024,0.024,-1,Echolocation,/mnt/ubna_data_02_mir/recover-20221013/UBNA_001/20221012_030000.WAV,Telephone Field,recover-20221013,001,1795
370.9745,370.9848,28046,35644,Eptesicus serotinus,0.01,0.024,-1,Echolocation,/mnt/ubna_data_02_mir/recover-20221013/UBNA_001/20221012_030000.WAV,Telephone Field,recover-20221013,001,1795
370.9855,370.9948,49531,54943,Pipistrellus pipistrellus,0.016,0.021,-1,Echolocation,/mnt/ubna_data_02_mir/recover-20221013/UBNA_001/20221012_030000.WAV,Telephone Field,recover-20221013,001,1795
371.1065,371.1149,28046,38332,Eptesicus serotinus,0.008,0.021,-1,Echolocation,/mnt/ubna_data_02_mir/recover-20221013/UBNA_001/20221012_030000.WAV,Telephone Field,recover-20221013,001,1795
371.1235,371.1328,28906,36849,Eptesicus serotinus,0.009,0.024,-1,Echolocation,/mnt/ubna_data_02_mir/recover-20221013/UBNA_001/20221012_030000.WAV,Telephone Field,recover-20221013,001,1795
371.1515,371.195,68437,83226,Rhinolophus ferrumequinum,0.023,0.023,-1,Echolocation,/mnt/ubna_data_02_mir/recover-20221013/UBNA_001/20221012_030000.WAV,Telephone Field,recover-20221013,001,1795
371.1525,371.1609,27187,38467,Eptesicus serotinus,0.008,0.022,-1,Echolocation,/mnt/ubna_data_02_mir/recover-20221013/UBNA_001/20221012_030000.WAV,Telephone Field,recover-20221013,001,1795
371.2025,371.2425,68437,82149,Rhinolophus ferrumequinum,0.021,0.021,-1,Echolocation,/mnt/ubna_data_02_mir/recover-20221013/UBNA_001/20221012_030000.WAV,Telephone Field,recover-20221013,001,1795
371.2145,371.2533,68437,81858,Rhinolophus ferrumequinum,0.02,0.02,-1,Echolocation,/mnt/ubna_data_02_mir/recover-20221013/UBNA_001/20221012_030000.WAV,Telephone Field,recover-20221013,001,1795
371.2315,371.2391,28046,37377,Eptesicus serotinus,0.007,0.021,-1,Echolocation,/mnt/ubna_data_02_mir/recover-20221013/UBNA_001/20221012_030000.WAV,Telephone Field,recover-20221013,001,1795
371.2555,371.2918,68437,82102,Rhinolophus ferrumequinum,0.022,0.022,-1,Echolocation,/mnt/ubna_data_02_mir/recover-20221013/UBNA_001/20221012_030000.WAV,Telephone Field,recover-20221013,001,1795
371.2775,371.3152,68437,81793,Rhinolophus ferrumequinum,0.024,0.024,-1,Echolocation,/mnt/ubna_data_02_mir/recover-20221013/UBNA_001/20221012_030000.WAV,Telephone Field,recover-20221013,001,1795
371.2785,371.2879,26328,35117,Eptesicus serotinus,0.011,0.026,-1,Echolocation,/mnt/ubna_data_02_mir/recover-20221013/UBNA_001/20221012_030000.WAV,Telephone Field,recover-20221013,001,1795
371.3355,371.375,68437,82085,Rhinolophus ferrumequinum,0.02,0.02,-1,Echolocation,/mnt/ubna_data_02_mir/recover-20221013/UBNA_001/20221012_030000.WAV,Telephone Field,recover-20221013,001,1795
371.3855,371.4262,68437,82425,Rhinolophus ferrumequinum,0.022,0.022,-1,Echolocation,/mnt/ubna_data_02_mir/recover-20221013/UBNA_001/20221012_030000.WAV,Telephone Field,recover-20221013,001,1795
371.4035,371.4151,14296,20000,Nyctalus noctula,0.013,0.022,-1,Echolocation,/mnt/ubna_data_02_mir/recover-20221013/UBNA_001/20221012_030000.WAV,Telephone Field,recover-20221013,001,1795
371.4205,371.4591,68437,81898,Rhinolophus ferrumequinum,0.02,0.02,-1,Echolocation,/mnt/ubna_data_02_mir/recover-20221013/UBNA_001/20221012_030000.WAV,Telephone Field,recover-20221013,001,1795
371.4475,371.4838,68437,81981,Rhinolophus ferrumequinum,0.022,0.022,-1,Echolocation,/mnt/ubna_data_02_mir/recover-20221013/UBNA_001/20221012_030000.WAV,Telephone Field,recover-20221013,001,1795
371.4525,371.4637,23750,28527,Nyctalus leisleri,0.019,0.033,-1,Echolocation,/mnt/ubna_data_02_mir/recover-20221013/UBNA_001/20221012_030000.WAV,Telephone Field,recover-20221013,001,1795
371.5385,371.5465,28046,37591,Eptesicus serotinus,0.007,0.021,-1,Echolocation,/mnt/ubna_data_02_mir/recover-20221013/UBNA_001/20221012_030000.WAV,Telephone Field,recover-20221013,001,1795
371.5475,371.5861,68437,82815,Rhinolophus ferrumequinum,0.021,0.021,-1,Echolocation,/mnt/ubna_data_02_mir/recover-20221013/UBNA_001/20221012_030000.WAV,Telephone Field,recover-20221013,001,1795
371.5785,371.6163,68437,81339,Rhinolophus ferrumequinum,0.021,0.021,-1,Echolocation,/mnt/ubna_data_02_mir/recover-20221013/UBNA_001/20221012_030000.WAV,Telephone Field,recover-20221013,001,1795
371.6015,371.6371,68437,81873,Rhinolophus ferrumequinum,0.023,0.023,-1,Echolocation,/mnt/ubna_data_02_mir/recover-20221013/UBNA_001/20221012_030000.WAV,Telephone Field,recover-20221013,001,1795
371.6425,371.6782,68437,81291,Rhinolophus ferrumequinum,0.026,0.026,-1,Echolocation,/mnt/ubna_data_02_mir/recover-20221013/UBNA_001/20221012_030000.WAV,Telephone Field,recover-20221013,001,1795
371.6595,371.6748,14296,18268,Nyctalus noctula,0.03,0.046,-1,Echolocation,/mnt/ubna_data_02_mir/recover-20221013/UBNA_001/20221012_030000.WAV,Telephone Field,recover-20221013,001,1795
371.6705,371.714,68437,82889,Rhinolophus ferrumequinum,0.022,0.022,-1,Echolocation,/mnt/ubna_data_02_mir/recover-20221013/UBNA_001/20221012_030000.WAV,Telephone Field,recover-20221013,001,1795
371.6795,371.687,28046,38633,Eptesicus serotinus,0.006,0.021,-1,Echolocation,/mnt/ubna_data_02_mir/recover-20221013/UBNA_001/20221012_030000.WAV,Telephone Field,recover-20221013,001,1795
371.6845,371.7257,68437,82847,Rhinolophus ferrumequinum,0.025,0.025,-1,Echolocation,/mnt/ubna_data_02_mir/recover-20221013/UBNA_001/20221012_030000.WAV,Telephone Field,recover-20221013,001,1795
371.6975,371.7072,23750,29546,Nyctalus leisleri,0.008,0.021,-1,Echolocation,/mnt/ubna_data_02_mir/recover-20221013/UBNA_001/20221012_030000.WAV,Telephone Field,recover-20221013,001,1795
371.7145,371.7504,68437,81562,Rhinolophus ferrumequinum,0.021,0.021,-1,Echolocation,/mnt/ubna_data_02_mir/recover-20221013/UBNA_001/20221012_030000.WAV,Telephone Field,recover-20221013,001,1795
371.7305,371.737,24609,39611,Plecotus austriacus,0.008,0.027,-1,Echolocation,/mnt/ubna_data_02_mir/recover-20221013/UBNA_001/20221012_030000.WAV,Telephone Field,recover-20221013,001,1795
371.7915,371.8324,68437,83003,Rhinolophus ferrumequinum,0.032,0.032,-1,Echolocation,/mnt/ubna_data_02_mir/recover-20221013/UBNA_001/20221012_030000.WAV,Telephone Field,recover-20221013,001,1795
371.8205,371.8299,27187,41811,Eptesicus serotinus,0.01,0.023,-1,Echolocation,/mnt/ubna_data_02_mir/recover-20221013/UBNA_001/20221012_030000.WAV,Telephone Field,recover-20221013,001,1795
371.8205,371.859,68437,82035,Rhinolophus ferrumequinum,0.022,0.022,-1,Echolocation,/mnt/ubna_data_02_mir/recover-20221013/UBNA_001/20221012_030000.WAV,Telephone Field,recover-20221013,001,1795
371.8315,371.8408,24609,32306,Eptesicus serotinus,0.01,0.024,-1,Echolocation,/mnt/ubna_data_02_mir/recover-20221013/UBNA_001/20221012_030000.WAV,Telephone Field,recover-20221013,001,1795
371.8415,371.884,68437,83442,Rhinolophus ferrumequinum,0.025,0.025,-1,Echolocation,/mnt/ubna_data_02_mir/recover-20221013/UBNA_001/20221012_030000.WAV,Telephone Field,recover-20221013,001,1795
371.8765,371.8856,28046,38172,Eptesicus serotinus,0.008,0.022,-1,Echolocation,/mnt/ubna_data_02_mir/recover-20221013/UBNA_001/20221012_030000.WAV,Telephone Field,recover-20221013,001,1795
371.9015,371.9125,22890,27144,Nyctalus leisleri,0.011,0.021,-1,Echolocation,/mnt/ubna_data_02_mir/recover-20221013/UBNA_001/20221012_030000.WAV,Telephone Field,recover-20221013,001,1795
371.9235,371.9629,68437,81864,Rhinolophus ferrumequinum,0.023,0.023,-1,Echolocation,/mnt/ubna_data_02_mir/recover-20221013/UBNA_001/20221012_030000.WAV,Telephone Field,recover-20221013,001,1795
371.9335,371.9441,22890,27762,Nyctalus leisleri,0.011,0.023,-1,Echolocation,/mnt/ubna_data_02_mir/recover-20221013/UBNA_001/20221012_030000.WAV,Telephone Field,recover-20221013,001,1795
371.9815,371.9906,28046,36771,Eptesicus serotinus,0.008,0.021,-1,Echolocation,/mnt/ubna_data_02_mir/recover-20221013/UBNA_001/20221012_030000.WAV,Telephone Field,recover-20221013,001,1795
372.0015,372.0306,68437,79580,Rhinolophus ferrumequinum,0.041,0.041,-1,Echolocation,/mnt/ubna_data_02_mir/recover-20221013/UBNA_001/20221012_030000.WAV,Telephone Field,recover-20221013,001,1795
372.0015,372.0179,17734,22539,Nyctalus noctula,0.014,0.028,-1,Echolocation,/mnt/ubna_data_02_mir/recover-20221013/UBNA_001/20221012_030000.WAV,Telephone Field,recover-20221013,001,1795
372.0015,372.0102,27187,38141,Eptesicus serotinus,0.009,0.029,-1,Echolocation,/mnt/ubna_data_02_mir/recover-20221013/UBNA_001/20221012_030000.WAV,Telephone Field,recover-20221013,001,1795
372.0125,372.0198,26328,36111,Eptesicus serotinus,0.006,0.021,-1,Echolocation,/mnt/ubna_data_02_mir/recover-20221013/UBNA_001/20221012_030000.WAV,Telephone Field,recover-20221013,001,1795
372.0365,372.0464,27187,36768,Eptesicus serotinus,0.009,0.022,-1,Echolocation,/mnt/ubna_data_02_mir/recover-20221013/UBNA_001/20221012_030000.WAV,Telephone Field,recover-20221013,001,1795
372.0605,372.069,22890,30703,Plecotus austriacus,0.009,0.024,-1,Echolocation,/mnt/ubna_data_02_mir/recover-20221013/UBNA_001/20221012_030000.WAV,Telephone Field,recover-20221013,001,1795
372.1115,372.1194,27187,36567,Eptesicus serotinus,0.007,0.021,-1,Echolocation,/mnt/ubna_data_02_mir/recover-20221013/UBNA_001/20221012_030000.WAV,Telephone Field,recover-20221013,001,1795
372.1175,372.1548,68437,82460,Rhinolophus ferrumequinum,0.024,0.024,-1,Echolocation,/mnt/ubna_data_02_mir/recover-20221013/UBNA_001/20221012_030000.WAV,Telephone Field,recover-20221013,001,1795
372.1335,372.1736,68437,82415,Rhinolophus ferrumequinum,0.022,0.022,-1,Echolocation,/mnt/ubna_data_02_mir/recover-20221013/UBNA_001/20221012_030000.WAV,Telephone Field,recover-20221013,001,1795
372.1725,372.211,68437,82462,Rhinolophus ferrumequinum,0.023,0.023,-1,Echolocation,/mnt/ubna_data_02_mir/recover-20221013/UBNA_001/20221012_030000.WAV,Telephone Field,recover-20221013,001,1795
372.2005,372.211,24609,31051,Eptesicus serotinus,0.008,0.023,-1,Echolocation,/mnt/ubna_data_02_mir/recover-20221013/UBNA_001/20221012_030000.WAV,Telephone Field,recover-20221013,001,1795
372.2275,372.2372,54687,60118,Pipistrellus pygmaeus,0.019,0.021,-1,Echolocation,/mnt/ubna_data_02_mir/recover-20221013/UBNA_001/20221012_030000.WAV,Telephone Field,recover-20221013,001,1795
372.2405,372.2822,68437,82515,Rhinolophus ferrumequinum,0.021,0.021,-1,Echolocation,/mnt/ubna_data_02_mir/recover-20221013/UBNA_001/20221012_030000.WAV,Telephone Field,recover-20221013,001,1795
372.2415,372.2504,22890,30090,Plecotus austriacus,0.012,0.032,-1,Echolocation,/mnt/ubna_data_02_mir/recover-20221013/UBNA_001/20221012_030000.WAV,Telephone Field,recover-20221013,001,1795
372.2845,372.3239,68437,82801,Rhinolophus ferrumequinum,0.023,0.023,-1,Echolocation,/mnt/ubna_data_02_mir/recover-20221013/UBNA_001/20221012_030000.WAV,Telephone Field,recover-20221013,001,1795
372.2845,372.2942,27187,35556,Eptesicus serotinus,0.022,0.038,-1,Echolocation,/mnt/ubna_data_02_mir/recover-20221013/UBNA_001/20221012_030000.WAV,Telephone Field,recover-20221013,001,1795
372.3005,372.3387,68437,81575,Rhinolophus ferrumequinum,0.021,0.021,-1,Echolocation,/mnt/ubna_data_02_mir/recover-20221013/UBNA_001/20221012_030000.WAV,Telephone Field,recover-20221013,001,1795
372.3215,372.3285,28046,39127,Eptesicus serotinus,0.007,0.023,-1,Echolocation,/mnt/ubna_data_02_mir/recover-20221013/UBNA_001/20221012_030000.WAV,Telephone Field,recover-20221013,001,1795
372.3335,372.3728,68437,82632,Rhinolophus ferrumequinum,0.022,0.022,-1,Echolocation,/mnt/ubna_data_02_mir/recover-20221013/UBNA_001/20221012_030000.WAV,Telephone Field,recover-20221013,001,1795
372.3655,372.3752,23750,30694,Eptesicus serotinus,0.006,0.022,-1,Echolocation,/mnt/ubna_data_02_mir/recover-20221013/UBNA_001/20221012_030000.WAV,Telephone Field,recover-20221013,001,1795
372.4145,372.4526,68437,82194,Rhinolophus ferrumequinum,0.021,0.022,-1,Echolocation,/mnt/ubna_data_02_mir/recover-20221013/UBNA_001/20221012_030000.WAV,Telephone Field,recover-20221013,001,1795
372.4545,372.4962,68437,83374,Rhinolophus ferrumequinum,0.024,0.024,-1,Echolocation,/mnt/ubna_data_02_mir/recover-20221013/UBNA_001/20221012_030000.WAV,Telephone Field,recover-20221013,001,1795
372.4745,372.5132,68437,82019,Rhinolophus ferrumequinum,0.022,0.022,-1,Echolocation,/mnt/ubna_data_02_mir/recover-20221013/UBNA_001/20221012_030000.WAV,Telephone Field,recover-20221013,001,1795
372.4795,372.4875,28046,41763,Eptesicus serotinus,0.009,0.024,-1,Echolocation,/mnt/ubna_data_02_mir/recover-20221013/UBNA_001/20221012_030000.WAV,Telephone Field,recover-20221013,001,1795
372.4925,372.5341,68437,82265,Rhinolophus ferrumequinum,0.021,0.021,-1,Echolocation,/mnt/ubna_data_02_mir/recover-20221013/UBNA_001/20221012_030000.WAV,Telephone Field,recover-20221013,001,1795
372.5005,372.5106,28906,36879,Eptesicus serotinus,0.011,0.025,-1,Echolocation,/mnt/ubna_data_02_mir/recover-20221013/UBNA_001/20221012_030000.WAV,Telephone Field,recover-20221013,001,1795
372.5255,372.5451,18593,21643,Nyctalus noctula,0.012,0.023,-1,Echolocation,/mnt/ubna_data_02_mir/recover-20221013/UBNA_001/20221012_030000.WAV,Telephone Field,recover-20221013,001,1795
372.5675,372.5765,28046,39201,Eptesicus serotinus,0.008,0.02,-1,Echolocation,/mnt/ubna_data_02_mir/recover-20221013/UBNA_001/20221012_030000.WAV,Telephone Field,recover-20221013,001,1795
372.6085,372.6453,68437,80879,Rhinolophus ferrumequinum,0.021,0.021,-1,Echolocation,/mnt/ubna_data_02_mir/recover-20221013/UBNA_001/20221012_030000.WAV,Telephone Field,recover-20221013,001,1795
372.6415,372.6809,68437,82190,Rhinolophus ferrumequinum,0.021,0.021,-1,Echolocation,/mnt/ubna_data_02_mir/recover-20221013/UBNA_001/20221012_030000.WAV,Telephone Field,recover-20221013,001,1795
372.6905,372.7275,68437,82007,Rhinolophus ferrumequinum,0.02,0.02,-1,Echolocation,/mnt/ubna_data_02_mir/recover-20221013/UBNA_001/20221012_030000.WAV,Telephone Field,recover-20221013,001,1795
372.6955,372.7036,28046,42898,Eptesicus serotinus,0.007,0.021,-1,Echolocation,/mnt/ubna_data_02_mir/recover-20221013/UBNA_001/20221012_030000.WAV,Telephone Field,recover-20221013,001,1795
372.7135,372.7537,68437,82183,Rhinolophus ferrumequinum,0.021,0.021,-1,Echolocation,/mnt/ubna_data_02_mir/recover-20221013/UBNA_001/20221012_030000.WAV,Telephone Field,recover-20221013,001,1795
372.7635,372.7696,37500,47159,Myotis daubentonii,0.011,0.024,-1,Echolocation,/mnt/ubna_data_02_mir/recover-20221013/UBNA_001/20221012_030000.WAV,Telephone Field,recover-20221013,001,1795
372.7645,372.7718,27187,41086,Eptesicus serotinus,0.009,0.028,-1,Echolocation,/mnt/ubna_data_02_mir/recover-20221013/UBNA_001/20221012_030000.WAV,Telephone Field,recover-20221013,001,1795
372.7915,372.8328,68437,82990,Rhinolophus ferrumequinum,0.022,0.022,-1,Echolocation,/mnt/ubna_data_02_mir/recover-20221013/UBNA_001/20221012_030000.WAV,Telephone Field,recover-20221013,001,1795
372.7925,372.7995,27187,42538,Eptesicus serotinus,0.007,0.022,-1,Echolocation,/mnt/ubna_data_02_mir/recover-20221013/UBNA_001/20221012_030000.WAV,Telephone Field,recover-20221013,001,1795
372.8175,372.8568,68437,82135,Rhinolophus ferrumequinum,0.022,0.022,-1,Echolocation,/mnt/ubna_data_02_mir/recover-20221013/UBNA_001/20221012_030000.WAV,Telephone Field,recover-20221013,001,1795
372.8215,372.8315,29765,35695,Eptesicus serotinus,0.026,0.049,-1,Echolocation,/mnt/ubna_data_02_mir/recover-20221013/UBNA_001/20221012_030000.WAV,Telephone Field,recover-20221013,001,1795
372.8275,372.8701,68437,82640,Rhinolophus ferrumequinum,0.029,0.029,-1,Echolocation,/mnt/ubna_data_02_mir/recover-20221013/UBNA_001/20221012_030000.WAV,Telephone Field,recover-20221013,001,1795
372.8445,372.8598,15156,20622,Nyctalus noctula,0.016,0.023,-1,Echolocation,/mnt/ubna_data_02_mir/recover-20221013/UBNA_001/20221012_030000.WAV,Telephone Field,recover-20221013,001,1795
372.8735,372.8818,45234,54830,Pipistrellus pipistrellus,0.016,0.021,-1,Echolocation,/mnt/ubna_data_02_mir/recover-20221013/UBNA_001/20221012_030000.WAV,Telephone Field,recover-20221013,001,1795
372.8755,372.8829,26328,35712,Eptesicus serotinus,0.008,0.025,-1,Echolocation,/mnt/ubna_data_02_mir/recover-20221013/UBNA_001/20221012_030000.WAV,Telephone Field,recover-20221013,001,1795
372.9585,372.9659,27187,39924,Eptesicus serotinus,0.008,0.025,-1,Echolocation,/mnt/ubna_data_02_mir/recover-20221013/UBNA_001/20221012_030000.WAV,Telephone Field,recover-20221013,001,1795
372.9735,372.9809,26328,38788,Eptesicus serotinus,0.007,0.023,-1,Echolocation,/mnt/ubna_data_02_mir/recover-20221013/UBNA_001/20221012_030000.WAV,Telephone Field,recover-20221013,001,1795
372.9895,373.0329,68437,83055,Rhinolophus ferrumequinum,0.03,0.03,-1,Echolocation,/mnt/ubna_data_02_mir/recover-20221013/UBNA_001/20221012_030000.WAV,Telephone Field,recover-20221013,001,1795
373.0405,373.0492,27187,40603,Eptesicus serotinus,0.008,0.021,-1,Echolocation,/mnt/ubna_data_02_mir/recover-20221013/UBNA_001/20221012_030000.WAV,Telephone Field,recover-20221013,001,1795
373.0475,373.0548,28046,39641,Eptesicus serotinus,0.007,0.021,-1,Echolocation,/mnt/ubna_data_02_mir/recover-20221013/UBNA_001/20221012_030000.WAV,Telephone Field,recover-20221013,001,1795
373.0485,373.0588,22031,26560,Nyctalus leisleri,0.011,0.022,-1,Echolocation,/mnt/ubna_data_02_mir/recover-20221013/UBNA_001/20221012_030000.WAV,Telephone Field,recover-20221013,001,1795
373.0595,373.1026,68437,83121,Rhinolophus ferrumequinum,0.024,0.024,-1,Echolocation,/mnt/ubna_data_02_mir/recover-20221013/UBNA_001/20221012_030000.WAV,Telephone Field,recover-20221013,001,1795
373.0735,373.0815,27187,36886,Eptesicus serotinus,0.009,0.023,-1,Echolocation,/mnt/ubna_data_02_mir/recover-20221013/UBNA_001/20221012_030000.WAV,Telephone Field,recover-20221013,001,1795
373.0975,373.139,68437,82490,Rhinolophus ferrumequinum,0.022,0.022,-1,Echolocation,/mnt/ubna_data_02_mir/recover-20221013/UBNA_001/20221012_030000.WAV,Telephone Field,recover-20221013,001,1795
373.1005,373.108,26328,37391,Eptesicus serotinus,0.007,0.022,-1,Echolocation,/mnt/ubna_data_02_mir/recover-20221013/UBNA_001/20221012_030000.WAV,Telephone Field,recover-20221013,001,1795
373.1195,373.1271,27187,39575,Eptesicus serotinus,0.007,0.021,-1,Echolocation,/mnt/ubna_data_02_mir/recover-20221013/UBNA_001/20221012_030000.WAV,Telephone Field,recover-20221013,001,1795
373.1445,373.1834,68437,81807,Rhinolophus ferrumequinum,0.022,0.022,-1,Echolocation,/mnt/ubna_data_02_mir/recover-20221013/UBNA_001/20221012_030000.WAV,Telephone Field,recover-20221013,001,1795
373.1525,373.1627,27187,35943,Eptesicus serotinus,0.011,0.022,-1,Echolocation,/mnt/ubna_data_02_mir/recover-20221013/UBNA_001/20221012_030000.WAV,Telephone Field,recover-20221013,001,1795
373.2475,373.2845,68437,82157,Rhinolophus ferrumequinum,0.023,0.023,-1,Echolocation,/mnt/ubna_data_02_mir/recover-20221013/UBNA_001/20221012_030000.WAV,Telephone Field,recover-20221013,001,1795
373.2645,373.2721,28046,38713,Eptesicus serotinus,0.008,0.023,-1,Echolocation,/mnt/ubna_data_02_mir/recover-20221013/UBNA_001/20221012_030000.WAV,Telephone Field,recover-20221013,001,1795
373.3055,373.3107,39218,55321,Myotis bechsteinii,0.005,0.021,-1,Echolocation,/mnt/ubna_data_02_mir/recover-20221013/UBNA_001/20221012_030000.WAV,Telephone Field,recover-20221013,001,1795
373.3075,373.3163,28046,43036,Eptesicus serotinus,0.034,0.061,-1,Echolocation,/mnt/ubna_data_02_mir/recover-20221013/UBNA_001/20221012_030000.WAV,Telephone Field,recover-20221013,001,1795
373.3295,373.3432,52968,56895,Pipistrellus pygmaeus,0.028,0.035,-1,Echolocation,/mnt/ubna_data_02_mir/recover-20221013/UBNA_001/20221012_030000.WAV,Telephone Field,recover-20221013,001,1795
373.3315,373.3724,68437,83010,Rhinolophus ferrumequinum,0.023,0.023,-1,Echolocation,/mnt/ubna_data_02_mir/recover-20221013/UBNA_001/20221012_030000.WAV,Telephone Field,recover-20221013,001,1795
373.3385,373.347,28906,40284,Eptesicus serotinus,0.008,0.022,-1,Echolocation,/mnt/ubna_data_02_mir/recover-20221013/UBNA_001/20221012_030000.WAV,Telephone Field,recover-20221013,001,1795
373.3465,373.3833,68437,80857,Rhinolophus ferrumequinum,0.022,0.022,-1,Echolocation,/mnt/ubna_data_02_mir/recover-20221013/UBNA_001/20221012_030000.WAV,Telephone Field,recover-20221013,001,1795
373.3655,373.3757,22031,27069,Nyctalus leisleri,0.009,0.021,-1,Echolocation,/mnt/ubna_data_02_mir/recover-20221013/UBNA_001/20221012_030000.WAV,Telephone Field,recover-20221013,001,1795
373.3905,373.4318,68437,82990,Rhinolophus ferrumequinum,0.02,0.02,-1,Echolocation,/mnt/ubna_data_02_mir/recover-20221013/UBNA_001/20221012_030000.WAV,Telephone Field,recover-20221013,001,1795
373.3945,373.4032,28046,40020,Eptesicus serotinus,0.009,0.022,-1,Echolocation,/mnt/ubna_data_02_mir/recover-20221013/UBNA_001/20221012_030000.WAV,Telephone Field,recover-20221013,001,1795
373.4075,373.4206,22890,27414,Nyctalus leisleri,0.013,0.025,-1,Echolocation,/mnt/ubna_data_02_mir/recover-20221013/UBNA_001/20221012_030000.WAV,Telephone Field,recover-20221013,001,1795
373.4085,373.4494,68437,82682,Rhinolophus ferrumequinum,0.022,0.022,-1,Echolocation,/mnt/ubna_data_02_mir/recover-20221013/UBNA_001/20221012_030000.WAV,Telephone Field,recover-20221013,001,1795
373.5525,373.5598,25468,35126,Plecotus austriacus,0.007,0.027,-1,Echolocation,/mnt/ubna_data_02_mir/recover-20221013/UBNA_001/20221012_030000.WAV,Telephone Field,recover-20221013,001,1795
373.5715,373.5798,27187,38000,Eptesicus serotinus,0.009,0.025,-1,Echolocation,/mnt/ubna_data_02_mir/recover-20221013/UBNA_001/20221012_030000.WAV,Telephone Field,recover-20221013,001,1795
373.5945,373.633,68437,82000,Rhinolophus ferrumequinum,0.022,0.022,-1,Echolocation,/mnt/ubna_data_02_mir/recover-20221013/UBNA_001/20221012_030000.WAV,Telephone Field,recover-20221013,001,1795
373.6005,373.6117,25468,31886,Eptesicus serotinus,0.009,0.021,-1,Echolocation,/mnt/ubna_data_02_mir/recover-20221013/UBNA_001/20221012_030000.WAV,Telephone Field,recover-20221013,001,1795
373.6065,373.6453,68437,81961,Rhinolophus ferrumequinum,0.023,0.023,-1,Echolocation,/mnt/ubna_data_02_mir/recover-20221013/UBNA_001/20221012_030000.WAV,Telephone Field,recover-20221013,001,1795
373.6195,373.63,24609,31455,Eptesicus serotinus,0.013,0.038,-1,Echolocation,/mnt/ubna_data_02_mir/recover-20221013/UBNA_001/20221012_030000.WAV,Telephone Field,recover-20221013,001,1795
373.6685,373.7095,68437,82719,Rhinolophus ferrumequinum,0.025,0.025,-1,Echolocation,/mnt/ubna_data_02_mir/recover-20221013/UBNA_001/20221012_030000.WAV,Telephone Field,recover-20221013,001,1795
373.6785,373.7206,68437,82896,Rhinolophus ferrumequinum,0.025,0.025,-1,Echolocation,/mnt/ubna_data_02_mir/recover-20221013/UBNA_001/20221012_030000.WAV,Telephone Field,recover-20221013,001,1795
373.6905,373.7016,21171,25321,Nyctalus leisleri,0.01,0.021,-1,Echolocation,/mnt/ubna_data_02_mir/recover-20221013/UBNA_001/20221012_030000.WAV,Telephone Field,recover-20221013,001,1795
373.7375,373.7508,40937,44400,Pipistrellus nathusii,0.018,0.033,-1,Echolocation,/mnt/ubna_data_02_mir/recover-20221013/UBNA_001/20221012_030000.WAV,Telephone Field,recover-20221013,001,1795
373.7525,373.7689,21171,24445,Nyctalus leisleri,0.02,0.033,-1,Echolocation,/mnt/ubna_data_02_mir/recover-20221013/UBNA_001/20221012_030000.WAV,Telephone Field,recover-20221013,001,1795
373.7685,373.7767,28046,39680,Eptesicus serotinus,0.009,0.023,-1,Echolocation,/mnt/ubna_data_02_mir/recover-20221013/UBNA_001/20221012_030000.WAV,Telephone Field,recover-20221013,001,1795
373.7755,373.7843,24609,31393,Eptesicus serotinus,0.007,0.021,-1,Echolocation,/mnt/ubna_data_02_mir/recover-20221013/UBNA_001/20221012_030000.WAV,Telephone Field,recover-20221013,001,1795
373.7965,373.8057,28906,38101,Eptesicus serotinus,0.008,0.022,-1,Echolocation,/mnt/ubna_data_02_mir/recover-20221013/UBNA_001/20221012_030000.WAV,Telephone Field,recover-20221013,001,1795
373.8255,373.8333,28046,39657,Eptesicus serotinus,0.008,0.025,-1,Echolocation,/mnt/ubna_data_02_mir/recover-20221013/UBNA_001/20221012_030000.WAV,Telephone Field,recover-20221013,001,1795
373.8775,373.8873,24609,32146,Eptesicus serotinus,0.008,0.028,-1,Echolocation,/mnt/ubna_data_02_mir/recover-20221013/UBNA_001/20221012_030000.WAV,Telephone Field,recover-20221013,001,1795
373.9145,373.9514,68437,81124,Rhinolophus ferrumequinum,0.021,0.021,-1,Echolocation,/mnt/ubna_data_02_mir/recover-20221013/UBNA_001/20221012_030000.WAV,Telephone Field,recover-20221013,001,1795
373.9545,373.9637,28046,38675,Eptesicus serotinus,0.009,0.022,-1,Echolocation,/mnt/ubna_data_02_mir/recover-20221013/UBNA_001/20221012_030000.WAV,Telephone Field,recover-20221013,001,1795
374.0015,374.0336,68437,79760,Rhinolophus ferrumequinum,0.03,0.03,-1,Echolocation,/mnt/ubna_data_02_mir/recover-20221013/UBNA_001/20221012_030000.WAV,Telephone Field,recover-20221013,001,1795
374.0015,374.0165,57265,62834,Pipistrellus pygmaeus,0.02,0.023,-1,Echolocation,/mnt/ubna_data_02_mir/recover-20221013/UBNA_001/20221012_030000.WAV,Telephone Field,recover-20221013,001,1795
374.0015,374.011,23750,30494,Nyctalus leisleri,0.009,0.027,-1,Echolocation,/mnt/ubna_data_02_mir/recover-20221013/UBNA_001/20221012_030000.WAV,Telephone Field,recover-20221013,001,1795
374.0095,374.0213,58125,63603,Pipistrellus pygmaeus,0.029,0.029,-1,Echolocation,/mnt/ubna_data_02_mir/recover-20221013/UBNA_001/20221012_030000.WAV,Telephone Field,recover-20221013,001,1795
374.0105,374.021,25468,34002,Eptesicus serotinus,0.015,0.027,-1,Echolocation,/mnt/ubna_data_02_mir/recover-20221013/UBNA_001/20221012_030000.WAV,Telephone Field,recover-20221013,001,1795
374.0185,374.0275,27187,36501,Eptesicus serotinus,0.013,0.028,-1,Echolocation,/mnt/ubna_data_02_mir/recover-20221013/UBNA_001/20221012_030000.WAV,Telephone Field,recover-20221013,001,1795
374.0285,374.0674,68437,82465,Rhinolophus ferrumequinum,0.023,0.023,-1,Echolocation,/mnt/ubna_data_02_mir/recover-20221013/UBNA_001/20221012_030000.WAV,Telephone Field,recover-20221013,001,1795
374.0555,374.0967,68437,82485,Rhinolophus ferrumequinum,0.022,0.022,-1,Echolocation,/mnt/ubna_data_02_mir/recover-20221013/UBNA_001/20221012_030000.WAV,Telephone Field,recover-20221013,001,1795
374.0635,374.1025,68437,82401,Rhinolophus ferrumequinum,0.023,0.023,-1,Echolocation,/mnt/ubna_data_02_mir/recover-20221013/UBNA_001/20221012_030000.WAV,Telephone Field,recover-20221013,001,1795
374.0725,374.0808,28046,38638,Eptesicus serotinus,0.007,0.021,-1,Echolocation,/mnt/ubna_data_02_mir/recover-20221013/UBNA_001/20221012_030000.WAV,Telephone Field,recover-20221013,001,1795
374.1245,374.1663,68437,82710,Rhinolophus ferrumequinum,0.026,0.026,-1,Echolocation,/mnt/ubna_data_02_mir/recover-20221013/UBNA_001/20221012_030000.WAV,Telephone Field,recover-20221013,001,1795
374.1615,374.175,39218,42940,Pipistrellus nathusii,0.028,0.035,-1,Echolocation,/mnt/ubna_data_02_mir/recover-20221013/UBNA_001/20221012_030000.WAV,Telephone Field,recover-20221013,001,1795
374.1635,374.2039,68437,82569,Rhinolophus ferrumequinum,0.025,0.025,-1,Echolocation,/mnt/ubna_data_02_mir/recover-20221013/UBNA_001/20221012_030000.WAV,Telephone Field,recover-20221013,001,1795
374.1755,374.2176,68437,82950,Rhinolophus ferrumequinum,0.032,0.032,-1,Echolocation,/mnt/ubna_data_02_mir/recover-20221013/UBNA_001/20221012_030000.WAV,Telephone Field,recover-20221013,001,1795
374.1775,374.1898,22031,26304,Nyctalus leisleri,0.012,0.022,-1,Echolocation,/mnt/ubna_data_02_mir/recover-20221013/UBNA_001/20221012_030000.WAV,Telephone Field,recover-20221013,001,1795
374.1805,374.19,37500,42056,Barbastellus barbastellus,0.009,0.024,-1,Echolocation,/mnt/ubna_data_02_mir/recover-20221013/UBNA_001/20221012_030000.WAV,Telephone Field,recover-20221013,001,1795
374.2215,374.2588,68437,82392,Rhinolophus ferrumequinum,0.022,0.022,-1,Echolocation,/mnt/ubna_data_02_mir/recover-20221013/UBNA_001/20221012_030000.WAV,Telephone Field,recover-20221013,001,1795
374.2335,374.2437,28906,36188,Eptesicus serotinus,0.009,0.023,-1,Echolocation,/mnt/ubna_data_02_mir/recover-20221013/UBNA_001/20221012_030000.WAV,Telephone Field,recover-20221013,001,1795
374.2435,374.2848,68437,82667,Rhinolophus ferrumequinum,0.023,0.023,-1,Echolocation,/mnt/ubna_data_02_mir/recover-20221013/UBNA_001/20221012_030000.WAV,Telephone Field,recover-20221013,001,1795
374.2525,374.2926,68437,82707,Rhinolophus ferrumequinum,0.022,0.022,-1,Echolocation,/mnt/ubna_data_02_mir/recover-20221013/UBNA_001/20221012_030000.WAV,Telephone Field,recover-20221013,001,1795
374.29449999999997,374.3325,68437,82073,Rhinolophus ferrumequinum,0.021,0.021,-1,Echolocation,/mnt/ubna_data_02_mir/recover-20221013/UBNA_001/20221012_030000.WAV,Telephone Field,recover-20221013,001,1795
374.3035,374.345,68437,82707,Rhinolophus ferrumequinum,0.021,0.021,-1,Echolocation,/mnt/ubna_data_02_mir/recover-20221013/UBNA_001/20221012_030000.WAV,Telephone Field,recover-20221013,001,1795
374.3075,374.3159,27187,38383,Eptesicus serotinus,0.007,0.024,-1,Echolocation,/mnt/ubna_data_02_mir/recover-20221013/UBNA_001/20221012_030000.WAV,Telephone Field,recover-20221013,001,1795
374.3205,374.3574,68437,81424,Rhinolophus ferrumequinum,0.023,0.023,-1,Echolocation,/mnt/ubna_data_02_mir/recover-20221013/UBNA_001/20221012_030000.WAV,Telephone Field,recover-20221013,001,1795
374.3375,374.3785,68437,82548,Rhinolophus ferrumequinum,0.025,0.025,-1,Echolocation,/mnt/ubna_data_02_mir/recover-20221013/UBNA_001/20221012_030000.WAV,Telephone Field,recover-20221013,001,1795
374.3575,374.3988,68437,82694,Rhinolophus ferrumequinum,0.027,0.027,-1,Echolocation,/mnt/ubna_data_02_mir/recover-20221013/UBNA_001/20221012_030000.WAV,Telephone Field,recover-20221013,001,1795
374.4175,374.458,68437,81718,Rhinolophus ferrumequinum,0.024,0.024,-1,Echolocation,/mnt/ubna_data_02_mir/recover-20221013/UBNA_001/20221012_030000.WAV,Telephone Field,recover-20221013,001,1795
374.4395,374.4777,68437,81834,Rhinolophus ferrumequinum,0.023,0.023,-1,Echolocation,/mnt/ubna_data_02_mir/recover-20221013/UBNA_001/20221012_030000.WAV,Telephone Field,recover-20221013,001,1795
374.4415,374.4485,28046,37989,Eptesicus serotinus,0.007,0.023,-1,Echolocation,/mnt/ubna_data_02_mir/recover-20221013/UBNA_001/20221012_030000.WAV,Telephone Field,recover-20221013,001,1795
374.4715,374.4796,23750,30896,Plecotus austriacus,0.008,0.021,-1,Echolocation,/mnt/ubna_data_02_mir/recover-20221013/UBNA_001/20221012_030000.WAV,Telephone Field,recover-20221013,001,1795
374.4895,374.5001,23750,29987,Nyctalus leisleri,0.01,0.024,-1,Echolocation,/mnt/ubna_data_02_mir/recover-20221013/UBNA_001/20221012_030000.WAV,Telephone Field,recover-20221013,001,1795
374.5135,374.552,68437,82301,Rhinolophus ferrumequinum,0.024,0.024,-1,Echolocation,/mnt/ubna_data_02_mir/recover-20221013/UBNA_001/20221012_030000.WAV,Telephone Field,recover-20221013,001,1795
374.5205,374.5595,68437,82212,Rhinolophus ferrumequinum,0.022,0.022,-1,Echolocation,/mnt/ubna_data_02_mir/recover-20221013/UBNA_001/20221012_030000.WAV,Telephone Field,recover-20221013,001,1795
374.5225,374.5343,38359,43483,Pipistrellus nathusii,0.019,0.029,-1,Echolocation,/mnt/ubna_data_02_mir/recover-20221013/UBNA_001/20221012_030000.WAV,Telephone Field,recover-20221013,001,1795
374.5395,374.5758,68437,81989,Rhinolophus ferrumequinum,0.021,0.021,-1,Echolocation,/mnt/ubna_data_02_mir/recover-20221013/UBNA_001/20221012_030000.WAV,Telephone Field,recover-20221013,001,1795
374.5985,374.6177,20312,23401,Nyctalus leisleri,0.012,0.024,-1,Echolocation,/mnt/ubna_data_02_mir/recover-20221013/UBNA_001/20221012_030000.WAV,Telephone Field,recover-20221013,001,1795
374.6035,374.6455,68437,82992,Rhinolophus ferrumequinum,0.023,0.023,-1,Echolocation,/mnt/ubna_data_02_mir/recover-20221013/UBNA_001/20221012_030000.WAV,Telephone Field,recover-20221013,001,1795
374.6155,374.6555,68437,82759,Rhinolophus ferrumequinum,0.023,0.023,-1,Echolocation,/mnt/ubna_data_02_mir/recover-20221013/UBNA_001/20221012_030000.WAV,Telephone Field,recover-20221013,001,1795
374.6295,374.6409,34062,40108,Eptesicus serotinus,0.006,0.027,-1,Echolocation,/mnt/ubna_data_02_mir/recover-20221013/UBNA_001/20221012_030000.WAV,Telephone Field,recover-20221013,001,1795
374.6305,374.6374,28906,38337,Eptesicus serotinus,0.008,0.025,-1,Echolocation,/mnt/ubna_data_02_mir/recover-20221013/UBNA_001/20221012_030000.WAV,Telephone Field,recover-20221013,001,1795
374.6305,374.6384,23750,32058,Plecotus austriacus,0.009,0.025,-1,Echolocation,/mnt/ubna_data_02_mir/recover-20221013/UBNA_001/20221012_030000.WAV,Telephone Field,recover-20221013,001,1795
374.6575,374.6973,68437,81539,Rhinolophus ferrumequinum,0.028,0.028,-1,Echolocation,/mnt/ubna_data_02_mir/recover-20221013/UBNA_001/20221012_030000.WAV,Telephone Field,recover-20221013,001,1795
374.6585,374.6681,45234,51528,Pipistrellus pipistrellus,0.018,0.021,-1,Echolocation,/mnt/ubna_data_02_mir/recover-20221013/UBNA_001/20221012_030000.WAV,Telephone Field,recover-20221013,001,1795
374.6615,374.6701,25468,34968,Eptesicus serotinus,0.007,0.024,-1,Echolocation,/mnt/ubna_data_02_mir/recover-20221013/UBNA_001/20221012_030000.WAV,Telephone Field,recover-20221013,001,1795
374.6875,374.6973,27187,35173,Eptesicus serotinus,0.009,0.024,-1,Echolocation,/mnt/ubna_data_02_mir/recover-20221013/UBNA_001/20221012_030000.WAV,Telephone Field,recover-20221013,001,1795
374.7125,374.7481,68437,81637,Rhinolophus ferrumequinum,0.026,0.026,-1,Echolocation,/mnt/ubna_data_02_mir/recover-20221013/UBNA_001/20221012_030000.WAV,Telephone Field,recover-20221013,001,1795
374.7395,374.7765,68437,81796,Rhinolophus ferrumequinum,0.021,0.021,-1,Echolocation,/mnt/ubna_data_02_mir/recover-20221013/UBNA_001/20221012_030000.WAV,Telephone Field,recover-20221013,001,1795
374.7565,374.7963,68437,82409,Rhinolophus ferrumequinum,0.024,0.024,-1,Echolocation,/mnt/ubna_data_02_mir/recover-20221013/UBNA_001/20221012_030000.WAV,Telephone Field,recover-20221013,001,1795
374.7725,374.8102,68437,82229,Rhinolophus ferrumequinum,0.021,0.021,-1,Echolocation,/mnt/ubna_data_02_mir/recover-20221013/UBNA_001/20221012_030000.WAV,Telephone Field,recover-20221013,001,1795
374.7825,374.793,25468,32705,Eptesicus serotinus,0.008,0.021,-1,Echolocation,/mnt/ubna_data_02_mir/recover-20221013/UBNA_001/20221012_030000.WAV,Telephone Field,recover-20221013,001,1795
374.8005,374.8374,68437,81917,Rhinolophus ferrumequinum,0.039,0.039,-1,Echolocation,/mnt/ubna_data_02_mir/recover-20221013/UBNA_001/20221012_030000.WAV,Telephone Field,recover-20221013,001,1795
374.8125,374.8203,28046,36970,Eptesicus serotinus,0.01,0.026,-1,Echolocation,/mnt/ubna_data_02_mir/recover-20221013/UBNA_001/20221012_030000.WAV,Telephone Field,recover-20221013,001,1795
374.8155,374.8516,68437,82300,Rhinolophus ferrumequinum,0.025,0.025,-1,Echolocation,/mnt/ubna_data_02_mir/recover-20221013/UBNA_001/20221012_030000.WAV,Telephone Field,recover-20221013,001,1795
374.8365,374.8469,47812,51640,Pipistrellus pipistrellus,0.024,0.028,-1,Echolocation,/mnt/ubna_data_02_mir/recover-20221013/UBNA_001/20221012_030000.WAV,Telephone Field,recover-20221013,001,1795
374.8525,374.894,68437,82463,Rhinolophus ferrumequinum,0.023,0.023,-1,Echolocation,/mnt/ubna_data_02_mir/recover-20221013/UBNA_001/20221012_030000.WAV,Telephone Field,recover-20221013,001,1795
374.8545,374.8634,28906,39276,Eptesicus serotinus,0.009,0.023,-1,Echolocation,/mnt/ubna_data_02_mir/recover-20221013/UBNA_001/20221012_030000.WAV,Telephone Field,recover-20221013,001,1795
374.8825,374.8891,27187,40786,Eptesicus serotinus,0.006,0.027,-1,Echolocation,/mnt/ubna_data_02_mir/recover-20221013/UBNA_001/20221012_030000.WAV,Telephone Field,recover-20221013,001,1795
374.8905,374.9296,68437,82716,Rhinolophus ferrumequinum,0.029,0.029,-1,Echolocation,/mnt/ubna_data_02_mir/recover-20221013/UBNA_001/20221012_030000.WAV,Telephone Field,recover-20221013,001,1795
374.9055,374.9166,27187,33611,Eptesicus serotinus,0.012,0.024,-1,Echolocation,/mnt/ubna_data_02_mir/recover-20221013/UBNA_001/20221012_030000.WAV,Telephone Field,recover-20221013,001,1795
374.9305,374.943,24609,30243,Nyctalus leisleri,0.014,0.03,-1,Echolocation,/mnt/ubna_data_02_mir/recover-20221013/UBNA_001/20221012_030000.WAV,Telephone Field,recover-20221013,001,1795
374.9385,374.9755,68437,81761,Rhinolophus ferrumequinum,0.024,0.024,-1,Echolocation,/mnt/ubna_data_02_mir/recover-20221013/UBNA_001/20221012_030000.WAV,Telephone Field,recover-20221013,001,1795
374.9685,375.0063,68437,81921,Rhinolophus ferrumequinum,0.022,0.022,-1,Echolocation,/mnt/ubna_data_02_mir/recover-20221013/UBNA_001/20221012_030000.WAV,Telephone Field,recover-20221013,001,1795
374.9965,375.0048,26328,35012,Eptesicus serotinus,0.01,0.027,-1,Echolocation,/mnt/ubna_data_02_mir/recover-20221013/UBNA_001/20221012_030000.WAV,Telephone Field,recover-20221013,001,1795
375.0115,375.0223,22890,26781,Nyctalus leisleri,0.014,0.024,-1,Echolocation,/mnt/ubna_data_02_mir/recover-20221013/UBNA_001/20221012_030000.WAV,Telephone Field,recover-20221013,001,1795
375.0355,375.0571,18593,21960,Nyctalus noctula,0.035,0.058,-1,Echolocation,/mnt/ubna_data_02_mir/recover-20221013/UBNA_001/20221012_030000.WAV,Telephone Field,recover-20221013,001,1795
375.0505,375.0897,68437,82228,Rhinolophus ferrumequinum,0.021,0.021,-1,Echolocation,/mnt/ubna_data_02_mir/recover-20221013/UBNA_001/20221012_030000.WAV,Telephone Field,recover-20221013,001,1795
375.0515,375.0597,28046,37832,Eptesicus serotinus,0.009,0.025,-1,Echolocation,/mnt/ubna_data_02_mir/recover-20221013/UBNA_001/20221012_030000.WAV,Telephone Field,recover-20221013,001,1795
375.0935,375.1316,68437,82246,Rhinolophus ferrumequinum,0.03,0.03,-1,Echolocation,/mnt/ubna_data_02_mir/recover-20221013/UBNA_001/20221012_030000.WAV,Telephone Field,recover-20221013,001,1795
375.0955,375.105,27187,35237,Eptesicus serotinus,0.009,0.021,-1,Echolocation,/mnt/ubna_data_02_mir/recover-20221013/UBNA_001/20221012_030000.WAV,Telephone Field,recover-20221013,001,1795
375.1145,375.1509,68437,81421,Rhinolophus ferrumequinum,0.026,0.026,-1,Echolocation,/mnt/ubna_data_02_mir/recover-20221013/UBNA_001/20221012_030000.WAV,Telephone Field,recover-20221013,001,1795
375.1315,375.1649,68437,79918,Rhinolophus ferrumequinum,0.031,0.031,-1,Echolocation,/mnt/ubna_data_02_mir/recover-20221013/UBNA_001/20221012_030000.WAV,Telephone Field,recover-20221013,001,1795
375.1315,375.1393,27187,36795,Eptesicus serotinus,0.008,0.022,-1,Echolocation,/mnt/ubna_data_02_mir/recover-20221013/UBNA_001/20221012_030000.WAV,Telephone Field,recover-20221013,001,1795
375.1575,375.1676,25468,33587,Eptesicus serotinus,0.008,0.021,-1,Echolocation,/mnt/ubna_data_02_mir/recover-20221013/UBNA_001/20221012_030000.WAV,Telephone Field,recover-20221013,001,1795
375.1585,375.2007,68437,82518,Rhinolophus ferrumequinum,0.026,0.026,-1,Echolocation,/mnt/ubna_data_02_mir/recover-20221013/UBNA_001/20221012_030000.WAV,Telephone Field,recover-20221013,001,1795
375.1835,375.2247,68437,83103,Rhinolophus ferrumequinum,0.021,0.021,-1,Echolocation,/mnt/ubna_data_02_mir/recover-20221013/UBNA_001/20221012_030000.WAV,Telephone Field,recover-20221013,001,1795
375.1945,375.2359,68437,82825,Rhinolophus ferrumequinum,0.021,0.021,-1,Echolocation,/mnt/ubna_data_02_mir/recover-20221013/UBNA_001/20221012_030000.WAV,Telephone Field,recover-20221013,001,1795
375.2355,375.2738,68437,81911,Rhinolophus ferrumequinum,0.023,0.023,-1,Echolocation,/mnt/ubna_data_02_mir/recover-20221013/UBNA_001/20221012_030000.WAV,Telephone Field,recover-20221013,001,1795
375.2375,375.2475,25468,32623,Eptesicus serotinus,0.01,0.027,-1,Echolocation,/mnt/ubna_data_02_mir/recover-20221013/UBNA_001/20221012_030000.WAV,Telephone Field,recover-20221013,001,1795
375.2655,375.3064,68437,82655,Rhinolophus ferrumequinum,0.025,0.025,-1,Echolocation,/mnt/ubna_data_02_mir/recover-20221013/UBNA_001/20221012_030000.WAV,Telephone Field,recover-20221013,001,1795
375.3065,375.344,68437,81707,Rhinolophus ferrumequinum,0.023,0.023,-1,Echolocation,/mnt/ubna_data_02_mir/recover-20221013/UBNA_001/20221012_030000.WAV,Telephone Field,recover-20221013,001,1795
375.3285,375.3702,68437,83021,Rhinolophus ferrumequinum,0.03,0.03,-1,Echolocation,/mnt/ubna_data_02_mir/recover-20221013/UBNA_001/20221012_030000.WAV,Telephone Field,recover-20221013,001,1795
375.3285,375.3365,26328,35882,Eptesicus serotinus,0.013,0.033,-1,Echolocation,/mnt/ubna_data_02_mir/recover-20221013/UBNA_001/20221012_030000.WAV,Telephone Field,recover-20221013,001,1795
375.3425,375.384,68437,82663,Rhinolophus ferrumequinum,0.025,0.025,-1,Echolocation,/mnt/ubna_data_02_mir/recover-20221013/UBNA_001/20221012_030000.WAV,Telephone Field,recover-20221013,001,1795
375.3965,375.4335,68437,81917,Rhinolophus ferrumequinum,0.023,0.023,-1,Echolocation,/mnt/ubna_data_02_mir/recover-20221013/UBNA_001/20221012_030000.WAV,Telephone Field,recover-20221013,001,1795
375.3965,375.4037,28046,38218,Eptesicus serotinus,0.007,0.022,-1,Echolocation,/mnt/ubna_data_02_mir/recover-20221013/UBNA_001/20221012_030000.WAV,Telephone Field,recover-20221013,001,1795
375.4315,375.47090000000003,68437,82389,Rhinolophus ferrumequinum,0.021,0.021,-1,Echolocation,/mnt/ubna_data_02_mir/recover-20221013/UBNA_001/20221012_030000.WAV,Telephone Field,recover-20221013,001,1795
375.4415,375.4821,68437,82854,Rhinolophus ferrumequinum,0.022,0.023,-1,Echolocation,/mnt/ubna_data_02_mir/recover-20221013/UBNA_001/20221012_030000.WAV,Telephone Field,recover-20221013,001,1795
375.4525,375.4941,68437,83226,Rhinolophus ferrumequinum,0.027,0.027,-1,Echolocation,/mnt/ubna_data_02_mir/recover-20221013/UBNA_001/20221012_030000.WAV,Telephone Field,recover-20221013,001,1795
375.4595,375.5048,68437,83651,Rhinolophus ferrumequinum,0.027,0.027,-1,Echolocation,/mnt/ubna_data_02_mir/recover-20221013/UBNA_001/20221012_030000.WAV,Telephone Field,recover-20221013,001,1795
375.4895,375.5277,68437,82008,Rhinolophus ferrumequinum,0.023,0.023,-1,Echolocation,/mnt/ubna_data_02_mir/recover-20221013/UBNA_001/20221012_030000.WAV,Telephone Field,recover-20221013,001,1795
375.5035,375.511,28906,39543,Eptesicus serotinus,0.007,0.022,-1,Echolocation,/mnt/ubna_data_02_mir/recover-20221013/UBNA_001/20221012_030000.WAV,Telephone Field,recover-20221013,001,1795
375.5415,375.5529,23750,29070,Nyctalus leisleri,0.014,0.028,-1,Echolocation,/mnt/ubna_data_02_mir/recover-20221013/UBNA_001/20221012_030000.WAV,Telephone Field,recover-20221013,001,1795
375.5495,375.5901,68437,82364,Rhinolophus ferrumequinum,0.024,0.024,-1,Echolocation,/mnt/ubna_data_02_mir/recover-20221013/UBNA_001/20221012_030000.WAV,Telephone Field,recover-20221013,001,1795
375.5705,375.6074,68437,81623,Rhinolophus ferrumequinum,0.022,0.022,-1,Echolocation,/mnt/ubna_data_02_mir/recover-20221013/UBNA_001/20221012_030000.WAV,Telephone Field,recover-20221013,001,1795
375.6005,375.6387,68437,82378,Rhinolophus ferrumequinum,0.022,0.022,-1,Echolocation,/mnt/ubna_data_02_mir/recover-20221013/UBNA_001/20221012_030000.WAV,Telephone Field,recover-20221013,001,1795
375.6195,375.65840000000003,68437,83005,Rhinolophus ferrumequinum,0.024,0.024,-1,Echolocation,/mnt/ubna_data_02_mir/recover-20221013/UBNA_001/20221012_030000.WAV,Telephone Field,recover-20221013,001,1795
375.6535,375.6622,44375,47290,Pipistrellus pipistrellus,0.032,0.034,-1,Echolocation,/mnt/ubna_data_02_mir/recover-20221013/UBNA_001/20221012_030000.WAV,Telephone Field,recover-20221013,001,1795
375.6615,375.7038,68437,83349,Rhinolophus ferrumequinum,0.026,0.026,-1,Echolocation,/mnt/ubna_data_02_mir/recover-20221013/UBNA_001/20221012_030000.WAV,Telephone Field,recover-20221013,001,1795
375.6635,375.6692,50390,55144,Pipistrellus pipistrellus,0.023,0.025,-1,Echolocation,/mnt/ubna_data_02_mir/recover-20221013/UBNA_001/20221012_030000.WAV,Telephone Field,recover-20221013,001,1795
375.6805,375.6933,22890,27291,Nyctalus leisleri,0.015,0.027,-1,Echolocation,/mnt/ubna_data_02_mir/recover-20221013/UBNA_001/20221012_030000.WAV,Telephone Field,recover-20221013,001,1795
375.6925,375.7014,27187,34386,Eptesicus serotinus,0.011,0.025,-1,Echolocation,/mnt/ubna_data_02_mir/recover-20221013/UBNA_001/20221012_030000.WAV,Telephone Field,recover-20221013,001,1795
375.7075,375.7466,68437,82219,Rhinolophus ferrumequinum,0.023,0.023,-1,Echolocation,/mnt/ubna_data_02_mir/recover-20221013/UBNA_001/20221012_030000.WAV,Telephone Field,recover-20221013,001,1795
375.7185,375.7271,28046,37981,Eptesicus serotinus,0.009,0.021,-1,Echolocation,/mnt/ubna_data_02_mir/recover-20221013/UBNA_001/20221012_030000.WAV,Telephone Field,recover-20221013,001,1795
375.7215,375.7606,68437,82211,Rhinolophus ferrumequinum,0.021,0.021,-1,Echolocation,/mnt/ubna_data_02_mir/recover-20221013/UBNA_001/20221012_030000.WAV,Telephone Field,recover-20221013,001,1795
375.7595,375.7984,68437,81964,Rhinolophus ferrumequinum,0.022,0.022,-1,Echolocation,/mnt/ubna_data_02_mir/recover-20221013/UBNA_001/20221012_030000.WAV,Telephone Field,recover-20221013,001,1795
375.7695,375.7801,22890,28476,Nyctalus leisleri,0.012,0.025,-1,Echolocation,/mnt/ubna_data_02_mir/recover-20221013/UBNA_001/20221012_030000.WAV,Telephone Field,recover-20221013,001,1795
375.7815,375.8183,68437,81848,Rhinolophus ferrumequinum,0.021,0.021,-1,Echolocation,/mnt/ubna_data_02_mir/recover-20221013/UBNA_001/20221012_030000.WAV,Telephone Field,recover-20221013,001,1795
375.8085,375.8469,68437,82846,Rhinolophus ferrumequinum,0.027,0.027,-1,Echolocation,/mnt/ubna_data_02_mir/recover-20221013/UBNA_001/20221012_030000.WAV,Telephone Field,recover-20221013,001,1795
375.8135,375.8525,68437,82797,Rhinolophus ferrumequinum,0.026,0.026,-1,Echolocation,/mnt/ubna_data_02_mir/recover-20221013/UBNA_001/20221012_030000.WAV,Telephone Field,recover-20221013,001,1795
375.8425,375.8788,68437,81252,Rhinolophus ferrumequinum,0.022,0.022,-1,Echolocation,/mnt/ubna_data_02_mir/recover-20221013/UBNA_001/20221012_030000.WAV,Telephone Field,recover-20221013,001,1795
375.8675,375.9083,68437,82773,Rhinolophus ferrumequinum,0.027,0.027,-1,Echolocation,/mnt/ubna_data_02_mir/recover-20221013/UBNA_001/20221012_030000.WAV,Telephone Field,recover-20221013,001,1795
375.8775,375.8876,28046,36648,Eptesicus serotinus,0.012,0.025,-1,Echolocation,/mnt/ubna_data_02_mir/recover-20221013/UBNA_001/20221012_030000.WAV,Telephone Field,recover-20221013,001,1795
375.8905,375.9004,27187,35643,Eptesicus serotinus,0.011,0.023,-1,Echolocation,/mnt/ubna_data_02_mir/recover-20221013/UBNA_001/20221012_030000.WAV,Telephone Field,recover-20221013,001,1795
375.9085,375.9481,68437,82525,Rhinolophus ferrumequinum,0.022,0.022,-1,Echolocation,/mnt/ubna_data_02_mir/recover-20221013/UBNA_001/20221012_030000.WAV,Telephone Field,recover-20221013,001,1795
375.91949999999997,375.9305,27187,35322,Eptesicus serotinus,0.016,0.03,-1,Echolocation,/mnt/ubna_data_02_mir/recover-20221013/UBNA_001/20221012_030000.WAV,Telephone Field,recover-20221013,001,1795
375.9325,375.9662,68437,81037,Rhinolophus ferrumequinum,0.022,0.022,-1,Echolocation,/mnt/ubna_data_02_mir/recover-20221013/UBNA_001/20221012_030000.WAV,Telephone Field,recover-20221013,001,1795
375.9495,375.991,68437,82922,Rhinolophus ferrumequinum,0.024,0.024,-1,Echolocation,/mnt/ubna_data_02_mir/recover-20221013/UBNA_001/20221012_030000.WAV,Telephone Field,recover-20221013,001,1795
375.9735,375.9833,49531,53881,Pipistrellus pipistrellus,0.027,0.035,-1,Echolocation,/mnt/ubna_data_02_mir/recover-20221013/UBNA_001/20221012_030000.WAV,Telephone Field,recover-20221013,001,1795
376.0015,376.0364,68437,80005,Rhinolophus ferrumequinum,0.031,0.031,-1,Echolocation,/mnt/ubna_data_02_mir/recover-20221013/UBNA_001/20221012_030000.WAV,Telephone Field,recover-20221013,001,1795
376.0075,376.0237,28906,33558,Eptesicus serotinus,0.062,0.114,-1,Echolocation,/mnt/ubna_data_02_mir/recover-20221013/UBNA_001/20221012_030000.WAV,Telephone Field,recover-20221013,001,1795
376.0085,376.054,68437,82152,Rhinolophus ferrumequinum,0.028,0.028,-1,Echolocation,/mnt/ubna_data_02_mir/recover-20221013/UBNA_001/20221012_030000.WAV,Telephone Field,recover-20221013,001,1795
376.0435,376.052,28906,39448,Eptesicus serotinus,0.008,0.023,-1,Echolocation,/mnt/ubna_data_02_mir/recover-20221013/UBNA_001/20221012_030000.WAV,Telephone Field,recover-20221013,001,1795
376.0525,376.0631,28906,36337,Eptesicus serotinus,0.011,0.025,-1,Echolocation,/mnt/ubna_data_02_mir/recover-20221013/UBNA_001/20221012_030000.WAV,Telephone Field,recover-20221013,001,1795
376.08050000000003,376.0892,26328,35046,Eptesicus serotinus,0.009,0.023,-1,Echolocation,/mnt/ubna_data_02_mir/recover-20221013/UBNA_001/20221012_030000.WAV,Telephone Field,recover-20221013,001,1795
376.0835,376.123,68437,82331,Rhinolophus ferrumequinum,0.021,0.021,-1,Echolocation,/mnt/ubna_data_02_mir/recover-20221013/UBNA_001/20221012_030000.WAV,Telephone Field,recover-20221013,001,1795
376.0985,376.1413,68437,83184,Rhinolophus ferrumequinum,0.035,0.035,-1,Echolocation,/mnt/ubna_data_02_mir/recover-20221013/UBNA_001/20221012_030000.WAV,Telephone Field,recover-20221013,001,1795
376.1175,376.1307,21171,24638,Nyctalus leisleri,0.012,0.021,-1,Echolocation,/mnt/ubna_data_02_mir/recover-20221013/UBNA_001/20221012_030000.WAV,Telephone Field,recover-20221013,001,1795
376.1205,376.1592,68437,82077,Rhinolophus ferrumequinum,0.022,0.022,-1,Echolocation,/mnt/ubna_data_02_mir/recover-20221013/UBNA_001/20221012_030000.WAV,Telephone Field,recover-20221013,001,1795
376.1725,376.2111,68437,82089,Rhinolophus ferrumequinum,0.023,0.023,-1,Echolocation,/mnt/ubna_data_02_mir/recover-20221013/UBNA_001/20221012_030000.WAV,Telephone Field,recover-20221013,001,1795
376.1835,376.194,47812,54206,Pipistrellus pipistrellus,0.024,0.028,-1,Echolocation,/mnt/ubna_data_02_mir/recover-20221013/UBNA_001/20221012_030000.WAV,Telephone Field,recover-20221013,001,1795
376.2135,376.2224,28906,37603,Eptesicus serotinus,0.008,0.022,-1,Echolocation,/mnt/ubna_data_02_mir/recover-20221013/UBNA_001/20221012_030000.WAV,Telephone Field,recover-20221013,001,1795
376.22950000000003,376.2684,68437,82026,Rhinolophus ferrumequinum,0.024,0.024,-1,Echolocation,/mnt/ubna_data_02_mir/recover-20221013/UBNA_001/20221012_030000.WAV,Telephone Field,recover-20221013,001,1795
376.2535,376.2979,68437,83664,Rhinolophus ferrumequinum,0.034,0.034,-1,Echolocation,/mnt/ubna_data_02_mir/recover-20221013/UBNA_001/20221012_030000.WAV,Telephone Field,recover-20221013,001,1795
376.2675,376.2756,25468,33695,Eptesicus serotinus,0.008,0.025,-1,Echolocation,/mnt/ubna_data_02_mir/recover-20221013/UBNA_001/20221012_030000.WAV,Telephone Field,recover-20221013,001,1795
376.3005,376.3092,27187,37536,Eptesicus serotinus,0.012,0.025,-1,Echolocation,/mnt/ubna_data_02_mir/recover-20221013/UBNA_001/20221012_030000.WAV,Telephone Field,recover-20221013,001,1795
376.3015,376.3392,68437,82302,Rhinolophus ferrumequinum,0.024,0.024,-1,Echolocation,/mnt/ubna_data_02_mir/recover-20221013/UBNA_001/20221012_030000.WAV,Telephone Field,recover-20221013,001,1795
376.3205,376.3579,68437,82098,Rhinolophus ferrumequinum,0.022,0.022,-1,Echolocation,/mnt/ubna_data_02_mir/recover-20221013/UBNA_001/20221012_030000.WAV,Telephone Field,recover-20221013,001,1795
376.3335,376.371,68437,81917,Rhinolophus ferrumequinum,0.023,0.023,-1,Echolocation,/mnt/ubna_data_02_mir/recover-20221013/UBNA_001/20221012_030000.WAV,Telephone Field,recover-20221013,001,1795
376.3405,376.3799,68437,82437,Rhinolophus ferrumequinum,0.024,0.024,-1,Echolocation,/mnt/ubna_data_02_mir/recover-20221013/UBNA_001/20221012_030000.WAV,Telephone Field,recover-20221013,001,1795
376.3415,376.3471,49531,55867,Pipistrellus pipistrellus,0.02,0.021,-1,Echolocation,/mnt/ubna_data_02_mir/recover-20221013/UBNA_001/20221012_030000.WAV,Telephone Field,recover-20221013,001,1795
376.3655,376.4031,68437,80431,Rhinolophus ferrumequinum,0.028,0.028,-1,Echolocation,/mnt/ubna_data_02_mir/recover-20221013/UBNA_001/20221012_030000.WAV,Telephone Field,recover-20221013,001,1795
376.3755,376.3884,23750,28555,Nyctalus leisleri,0.011,0.022,-1,Echolocation,/mnt/ubna_data_02_mir/recover-20221013/UBNA_001/20221012_030000.WAV,Telephone Field,recover-20221013,001,1795
376.3925,376.4329,68437,82363,Rhinolophus ferrumequinum,0.022,0.022,-1,Echolocation,/mnt/ubna_data_02_mir/recover-20221013/UBNA_001/20221012_030000.WAV,Telephone Field,recover-20221013,001,1795
376.4455,376.48,68437,80500,Rhinolophus ferrumequinum,0.023,0.024,-1,Echolocation,/mnt/ubna_data_02_mir/recover-20221013/UBNA_001/20221012_030000.WAV,Telephone Field,recover-20221013,001,1795
376.4685,376.5067,68437,82052,Rhinolophus ferrumequinum,0.022,0.022,-1,Echolocation,/mnt/ubna_data_02_mir/recover-20221013/UBNA_001/20221012_030000.WAV,Telephone Field,recover-20221013,001,1795
376.4805,376.5213,68437,82911,Rhinolophus ferrumequinum,0.031,0.031,-1,Echolocation,/mnt/ubna_data_02_mir/recover-20221013/UBNA_001/20221012_030000.WAV,Telephone Field,recover-20221013,001,1795
376.5305,376.5379,28906,39273,Eptesicus serotinus,0.007,0.023,-1,Echolocation,/mnt/ubna_data_02_mir/recover-20221013/UBNA_001/20221012_030000.WAV,Telephone Field,recover-20221013,001,1795
376.54449999999997,376.5851,68437,82041,Rhinolophus ferrumequinum,0.021,0.021,-1,Echolocation,/mnt/ubna_data_02_mir/recover-20221013/UBNA_001/20221012_030000.WAV,Telephone Field,recover-20221013,001,1795
376.5965,376.637,68437,82426,Rhinolophus ferrumequinum,0.027,0.027,-1,Echolocation,/mnt/ubna_data_02_mir/recover-20221013/UBNA_001/20221012_030000.WAV,Telephone Field,recover-20221013,001,1795
376.60450000000003,376.613,28046,39068,Eptesicus serotinus,0.011,0.03,-1,Echolocation,/mnt/ubna_data_02_mir/recover-20221013/UBNA_001/20221012_030000.WAV,Telephone Field,recover-20221013,001,1795
376.6465,376.655,28046,37010,Eptesicus serotinus,0.01,0.025,-1,Echolocation,/mnt/ubna_data_02_mir/recover-20221013/UBNA_001/20221012_030000.WAV,Telephone Field,recover-20221013,001,1795
376.6915,376.7288,68437,82057,Rhinolophus ferrumequinum,0.021,0.022,-1,Echolocation,/mnt/ubna_data_02_mir/recover-20221013/UBNA_001/20221012_030000.WAV,Telephone Field,recover-20221013,001,1795
376.7095,376.7249,19453,23410,Nyctalus leisleri,0.011,0.023,-1,Echolocation,/mnt/ubna_data_02_mir/recover-20221013/UBNA_001/20221012_030000.WAV,Telephone Field,recover-20221013,001,1795
376.7285,376.7668,68437,82224,Rhinolophus ferrumequinum,0.022,0.022,-1,Echolocation,/mnt/ubna_data_02_mir/recover-20221013/UBNA_001/20221012_030000.WAV,Telephone Field,recover-20221013,001,1795
376.7365,376.7724,68437,81998,Rhinolophus ferrumequinum,0.021,0.021,-1,Echolocation,/mnt/ubna_data_02_mir/recover-20221013/UBNA_001/20221012_030000.WAV,Telephone Field,recover-20221013,001,1795
376.7465,376.7864,68437,82327,Rhinolophus ferrumequinum,0.021,0.021,-1,Echolocation,/mnt/ubna_data_02_mir/recover-20221013/UBNA_001/20221012_030000.WAV,Telephone Field,recover-20221013,001,1795
376.7775,376.7859,28046,38998,Eptesicus serotinus,0.008,0.021,-1,Echolocation,/mnt/ubna_data_02_mir/recover-20221013/UBNA_001/20221012_030000.WAV,Telephone Field,recover-20221013,001,1795
376.8155,376.8526,68437,81699,Rhinolophus ferrumequinum,0.025,0.025,-1,Echolocation,/mnt/ubna_data_02_mir/recover-20221013/UBNA_001/20221012_030000.WAV,Telephone Field,recover-20221013,001,1795
376.8155,376.8221,46953,50758,Pipistrellus pipistrellus,0.026,0.027,-1,Echolocation,/mnt/ubna_data_02_mir/recover-20221013/UBNA_001/20221012_030000.WAV,Telephone Field,recover-20221013,001,1795
376.8385,376.8765,68437,81905,Rhinolophus ferrumequinum,0.022,0.022,-1,Echolocation,/mnt/ubna_data_02_mir/recover-20221013/UBNA_001/20221012_030000.WAV,Telephone Field,recover-20221013,001,1795
376.8565,376.8939,68437,81564,Rhinolophus ferrumequinum,0.023,0.023,-1,Echolocation,/mnt/ubna_data_02_mir/recover-20221013/UBNA_001/20221012_030000.WAV,Telephone Field,recover-20221013,001,1795
376.9345,376.943,36640,42750,Barbastellus barbastellus,0.012,0.032,-1,Echolocation,/mnt/ubna_data_02_mir/recover-20221013/UBNA_001/20221012_030000.WAV,Telephone Field,recover-20221013,001,1795
376.9365,376.943,27187,40716,Eptesicus serotinus,0.007,0.027,-1,Echolocation,/mnt/ubna_data_02_mir/recover-20221013/UBNA_001/20221012_030000.WAV,Telephone Field,recover-20221013,001,1795
376.9495,376.9885,68437,82110,Rhinolophus ferrumequinum,0.021,0.022,-1,Echolocation,/mnt/ubna_data_02_mir/recover-20221013/UBNA_001/20221012_030000.WAV,Telephone Field,recover-20221013,001,1795
376.9515,376.9628,24609,29791,Nyctalus leisleri,0.01,0.022,-1,Echolocation,/mnt/ubna_data_02_mir/recover-20221013/UBNA_001/20221012_030000.WAV,Telephone Field,recover-20221013,001,1795
376.9745,376.9817,44375,50663,Pipistrellus pipistrellus,0.018,0.023,-1,Echolocation,/mnt/ubna_data_02_mir/recover-20221013/UBNA_001/20221012_030000.WAV,Telephone Field,recover-20221013,001,1795
376.9755,377.01800000000003,68437,82994,Rhinolophus ferrumequinum,0.03,0.03,-1,Echolocation,/mnt/ubna_data_02_mir/recover-20221013/UBNA_001/20221012_030000.WAV,Telephone Field,recover-20221013,001,1795
377.0155,377.0552,68437,82054,Rhinolophus ferrumequinum,0.022,0.022,-1,Echolocation,/mnt/ubna_data_02_mir/recover-20221013/UBNA_001/20221012_030000.WAV,Telephone Field,recover-20221013,001,1795
377.0255,377.0691,68437,83278,Rhinolophus ferrumequinum,0.035,0.035,-1,Echolocation,/mnt/ubna_data_02_mir/recover-20221013/UBNA_001/20221012_030000.WAV,Telephone Field,recover-20221013,001,1795
377.0265,377.0376,23750,28655,Nyctalus leisleri,0.01,0.021,-1,Echolocation,/mnt/ubna_data_02_mir/recover-20221013/UBNA_001/20221012_030000.WAV,Telephone Field,recover-20221013,001,1795
377.0385,377.079,68437,82267,Rhinolophus ferrumequinum,0.02,0.021,-1,Echolocation,/mnt/ubna_data_02_mir/recover-20221013/UBNA_001/20221012_030000.WAV,Telephone Field,recover-20221013,001,1795
377.0595,377.0988,68437,81796,Rhinolophus ferrumequinum,0.029,0.029,-1,Echolocation,/mnt/ubna_data_02_mir/recover-20221013/UBNA_001/20221012_030000.WAV,Telephone Field,recover-20221013,001,1795
377.0795,377.0857,36640,43173,Myotis daubentonii,0.008,0.021,-1,Echolocation,/mnt/ubna_data_02_mir/recover-20221013/UBNA_001/20221012_030000.WAV,Telephone Field,recover-20221013,001,1795
377.0825,377.1234,68437,82513,Rhinolophus ferrumequinum,0.03,0.03,-1,Echolocation,/mnt/ubna_data_02_mir/recover-20221013/UBNA_001/20221012_030000.WAV,Telephone Field,recover-20221013,001,1795
377.1115,377.1477,68437,81478,Rhinolophus ferrumequinum,0.021,0.022,-1,Echolocation,/mnt/ubna_data_02_mir/recover-20221013/UBNA_001/20221012_030000.WAV,Telephone Field,recover-20221013,001,1795
377.1385,377.1477,26328,33974,Eptesicus serotinus,0.01,0.023,-1,Echolocation,/mnt/ubna_data_02_mir/recover-20221013/UBNA_001/20221012_030000.WAV,Telephone Field,recover-20221013,001,1795
377.1815,377.1905,23750,31069,Plecotus austriacus,0.006,0.022,-1,Echolocation,/mnt/ubna_data_02_mir/recover-20221013/UBNA_001/20221012_030000.WAV,Telephone Field,recover-20221013,001,1795
377.1885,377.2248,68437,81513,Rhinolophus ferrumequinum,0.021,0.021,-1,Echolocation,/mnt/ubna_data_02_mir/recover-20221013/UBNA_001/20221012_030000.WAV,Telephone Field,recover-20221013,001,1795
377.2045,377.2123,28046,38830,Eptesicus serotinus,0.007,0.02,-1,Echolocation,/mnt/ubna_data_02_mir/recover-20221013/UBNA_001/20221012_030000.WAV,Telephone Field,recover-20221013,001,1795
377.2125,377.2534,68437,82542,Rhinolophus ferrumequinum,0.021,0.021,-1,Echolocation,/mnt/ubna_data_02_mir/recover-20221013/UBNA_001/20221012_030000.WAV,Telephone Field,recover-20221013,001,1795
377.2235,377.2607,68437,81741,Rhinolophus ferrumequinum,0.021,0.021,-1,Echolocation,/mnt/ubna_data_02_mir/recover-20221013/UBNA_001/20221012_030000.WAV,Telephone Field,recover-20221013,001,1795
377.2535,377.2663,23750,27973,Nyctalus leisleri,0.012,0.022,-1,Echolocation,/mnt/ubna_data_02_mir/recover-20221013/UBNA_001/20221012_030000.WAV,Telephone Field,recover-20221013,001,1795
377.2675,377.3122,68437,83296,Rhinolophus ferrumequinum,0.029,0.029,-1,Echolocation,/mnt/ubna_data_02_mir/recover-20221013/UBNA_001/20221012_030000.WAV,Telephone Field,recover-20221013,001,1795
377.2985,377.3427,68437,83480,Rhinolophus ferrumequinum,0.044,0.044,-1,Echolocation,/mnt/ubna_data_02_mir/recover-20221013/UBNA_001/20221012_030000.WAV,Telephone Field,recover-20221013,001,1795
377.3165,377.3563,68437,82199,Rhinolophus ferrumequinum,0.022,0.022,-1,Echolocation,/mnt/ubna_data_02_mir/recover-20221013/UBNA_001/20221012_030000.WAV,Telephone Field,recover-20221013,001,1795
377.3295,377.3719,68437,82077,Rhinolophus ferrumequinum,0.024,0.024,-1,Echolocation,/mnt/ubna_data_02_mir/recover-20221013/UBNA_001/20221012_030000.WAV,Telephone Field,recover-20221013,001,1795
377.3335,377.3431,45234,49548,Pipistrellus pipistrellus,0.025,0.027,-1,Echolocation,/mnt/ubna_data_02_mir/recover-20221013/UBNA_001/20221012_030000.WAV,Telephone Field,recover-20221013,001,1795
377.3675,377.3756,28906,38474,Eptesicus serotinus,0.007,0.022,-1,Echolocation,/mnt/ubna_data_02_mir/recover-20221013/UBNA_001/20221012_030000.WAV,Telephone Field,recover-20221013,001,1795
377.3675,377.3756,23750,32356,Plecotus austriacus,0.006,0.021,-1,Echolocation,/mnt/ubna_data_02_mir/recover-20221013/UBNA_001/20221012_030000.WAV,Telephone Field,recover-20221013,001,1795
377.39549999999997,377.4028,24609,34780,Plecotus austriacus,0.008,0.023,-1,Echolocation,/mnt/ubna_data_02_mir/recover-20221013/UBNA_001/20221012_030000.WAV,Telephone Field,recover-20221013,001,1795
377.41949999999997,377.4599,68437,82189,Rhinolophus ferrumequinum,0.024,0.024,-1,Echolocation,/mnt/ubna_data_02_mir/recover-20221013/UBNA_001/20221012_030000.WAV,Telephone Field,recover-20221013,001,1795
377.4345,377.4739,68437,82237,Rhinolophus ferrumequinum,0.021,0.021,-1,Echolocation,/mnt/ubna_data_02_mir/recover-20221013/UBNA_001/20221012_030000.WAV,Telephone Field,recover-20221013,001,1795
377.4495,377.4873,68437,81924,Rhinolophus ferrumequinum,0.022,0.022,-1,Echolocation,/mnt/ubna_data_02_mir/recover-20221013/UBNA_001/20221012_030000.WAV,Telephone Field,recover-20221013,001,1795
377.4505,377.4607,28046,36724,Eptesicus serotinus,0.011,0.025,-1,Echolocation,/mnt/ubna_data_02_mir/recover-20221013/UBNA_001/20221012_030000.WAV,Telephone Field,recover-20221013,001,1795
377.45550000000003,377.4631,28046,36836,Eptesicus serotinus,0.007,0.023,-1,Echolocation,/mnt/ubna_data_02_mir/recover-20221013/UBNA_001/20221012_030000.WAV,Telephone Field,recover-20221013,001,1795
377.4635,377.472,24609,31180,Nyctalus leisleri,0.007,0.021,-1,Echolocation,/mnt/ubna_data_02_mir/recover-20221013/UBNA_001/20221012_030000.WAV,Telephone Field,recover-20221013,001,1795
377.4845,377.5215,68437,80540,Rhinolophus ferrumequinum,0.03,0.03,-1,Echolocation,/mnt/ubna_data_02_mir/recover-20221013/UBNA_001/20221012_030000.WAV,Telephone Field,recover-20221013,001,1795
377.4865,377.4946,27187,38125,Eptesicus serotinus,0.007,0.021,-1,Echolocation,/mnt/ubna_data_02_mir/recover-20221013/UBNA_001/20221012_030000.WAV,Telephone Field,recover-20221013,001,1795
377.5015,377.5385,68437,82027,Rhinolophus ferrumequinum,0.021,0.021,-1,Echolocation,/mnt/ubna_data_02_mir/recover-20221013/UBNA_001/20221012_030000.WAV,Telephone Field,recover-20221013,001,1795
377.5315,377.5741,68437,83254,Rhinolophus ferrumequinum,0.032,0.033,-1,Echolocation,/mnt/ubna_data_02_mir/recover-20221013/UBNA_001/20221012_030000.WAV,Telephone Field,recover-20221013,001,1795
377.5385,377.5473,25468,33952,Nyctalus leisleri,0.007,0.026,-1,Echolocation,/mnt/ubna_data_02_mir/recover-20221013/UBNA_001/20221012_030000.WAV,Telephone Field,recover-20221013,001,1795
377.6485,377.6868,68437,82225,Rhinolophus ferrumequinum,0.024,0.024,-1,Echolocation,/mnt/ubna_data_02_mir/recover-20221013/UBNA_001/20221012_030000.WAV,Telephone Field,recover-20221013,001,1795
377.6765,377.7173,68437,81997,Rhinolophus ferrumequinum,0.021,0.021,-1,Echolocation,/mnt/ubna_data_02_mir/recover-20221013/UBNA_001/20221012_030000.WAV,Telephone Field,recover-20221013,001,1795
377.7015,377.7414,68437,81910,Rhinolophus ferrumequinum,0.022,0.022,-1,Echolocation,/mnt/ubna_data_02_mir/recover-20221013/UBNA_001/20221012_030000.WAV,Telephone Field,recover-20221013,001,1795
377.7265,377.7682,68437,82454,Rhinolophus ferrumequinum,0.023,0.023,-1,Echolocation,/mnt/ubna_data_02_mir/recover-20221013/UBNA_001/20221012_030000.WAV,Telephone Field,recover-20221013,001,1795
377.7695,377.81,68437,83018,Rhinolophus ferrumequinum,0.023,0.023,-1,Echolocation,/mnt/ubna_data_02_mir/recover-20221013/UBNA_001/20221012_030000.WAV,Telephone Field,recover-20221013,001,1795
377.7805,377.79,22890,29115,Nyctalus leisleri,0.008,0.021,-1,Echolocation,/mnt/ubna_data_02_mir/recover-20221013/UBNA_001/20221012_030000.WAV,Telephone Field,recover-20221013,001,1795
377.8235,377.8335,21171,26464,Nyctalus leisleri,0.008,0.022,-1,Echolocation,/mnt/ubna_data_02_mir/recover-20221013/UBNA_001/20221012_030000.WAV,Telephone Field,recover-20221013,001,1795
377.8675,377.9082,68437,82479,Rhinolophus ferrumequinum,0.078,0.078,-1,Echolocation,/mnt/ubna_data_02_mir/recover-20221013/UBNA_001/20221012_030000.WAV,Telephone Field,recover-20221013,001,1795
377.8675,377.877,24609,31726,Nyctalus leisleri,0.007,0.021,-1,Echolocation,/mnt/ubna_data_02_mir/recover-20221013/UBNA_001/20221012_030000.WAV,Telephone Field,recover-20221013,001,1795
377.8795,377.8887,28046,36764,Eptesicus serotinus,0.012,0.027,-1,Echolocation,/mnt/ubna_data_02_mir/recover-20221013/UBNA_001/20221012_030000.WAV,Telephone Field,recover-20221013,001,1795
377.8875,377.8968,28906,36494,Eptesicus serotinus,0.009,0.023,-1,Echolocation,/mnt/ubna_data_02_mir/recover-20221013/UBNA_001/20221012_030000.WAV,Telephone Field,recover-20221013,001,1795
377.8885,377.8991,22890,27936,Nyctalus leisleri,0.01,0.021,-1,Echolocation,/mnt/ubna_data_02_mir/recover-20221013/UBNA_001/20221012_030000.WAV,Telephone Field,recover-20221013,001,1795
377.8935,377.9348,68437,82759,Rhinolophus ferrumequinum,0.031,0.031,-1,Echolocation,/mnt/ubna_data_02_mir/recover-20221013/UBNA_001/20221012_030000.WAV,Telephone Field,recover-20221013,001,1795
377.9345,377.9701,68437,81717,Rhinolophus ferrumequinum,0.021,0.021,-1,Echolocation,/mnt/ubna_data_02_mir/recover-20221013/UBNA_001/20221012_030000.WAV,Telephone Field,recover-20221013,001,1795
377.9385,377.9501,22890,27561,Nyctalus leisleri,0.01,0.021,-1,Echolocation,/mnt/ubna_data_02_mir/recover-20221013/UBNA_001/20221012_030000.WAV,Telephone Field,recover-20221013,001,1795
377.9845,377.996,23750,28562,Nyctalus leisleri,0.015,0.03,-1,Echolocation,/mnt/ubna_data_02_mir/recover-20221013/UBNA_001/20221012_030000.WAV,Telephone Field,recover-20221013,001,1795
378.0015,378.0337,68437,79433,Rhinolophus ferrumequinum,0.05,0.05,-1,Echolocation,/mnt/ubna_data_02_mir/recover-20221013/UBNA_001/20221012_030000.WAV,Telephone Field,recover-20221013,001,1795
378.0015,378.0165,20312,24628,Nyctalus leisleri,0.014,0.03,-1,Echolocation,/mnt/ubna_data_02_mir/recover-20221013/UBNA_001/20221012_030000.WAV,Telephone Field,recover-20221013,001,1795
378.0075,378.0484,68437,81281,Rhinolophus ferrumequinum,0.024,0.024,-1,Echolocation,/mnt/ubna_data_02_mir/recover-20221013/UBNA_001/20221012_030000.WAV,Telephone Field,recover-20221013,001,1795
378.0105,378.0179,27187,39279,Eptesicus serotinus,0.007,0.023,-1,Echolocation,/mnt/ubna_data_02_mir/recover-20221013/UBNA_001/20221012_030000.WAV,Telephone Field,recover-20221013,001,1795
378.0405,378.0804,68437,82535,Rhinolophus ferrumequinum,0.024,0.024,-1,Echolocation,/mnt/ubna_data_02_mir/recover-20221013/UBNA_001/20221012_030000.WAV,Telephone Field,recover-20221013,001,1795
378.0935,378.1316,68437,82343,Rhinolophus ferrumequinum,0.023,0.023,-1,Echolocation,/mnt/ubna_data_02_mir/recover-20221013/UBNA_001/20221012_030000.WAV,Telephone Field,recover-20221013,001,1795
378.1095,378.1474,68437,81356,Rhinolophus ferrumequinum,0.022,0.022,-1,Echolocation,/mnt/ubna_data_02_mir/recover-20221013/UBNA_001/20221012_030000.WAV,Telephone Field,recover-20221013,001,1795
378.1225,378.1291,28046,39514,Eptesicus serotinus,0.006,0.026,-1,Echolocation,/mnt/ubna_data_02_mir/recover-20221013/UBNA_001/20221012_030000.WAV,Telephone Field,recover-20221013,001,1795
378.1435,378.1833,68437,82523,Rhinolophus ferrumequinum,0.026,0.026,-1,Echolocation,/mnt/ubna_data_02_mir/recover-20221013/UBNA_001/20221012_030000.WAV,Telephone Field,recover-20221013,001,1795
378.1575,378.1671,28046,36572,Eptesicus serotinus,0.008,0.022,-1,Echolocation,/mnt/ubna_data_02_mir/recover-20221013/UBNA_001/20221012_030000.WAV,Telephone Field,recover-20221013,001,1795
378.1715,378.1787,28046,41485,Eptesicus serotinus,0.008,0.028,-1,Echolocation,/mnt/ubna_data_02_mir/recover-20221013/UBNA_001/20221012_030000.WAV,Telephone Field,recover-20221013,001,1795
378.1885,378.2068,15156,20429,Nyctalus noctula,0.017,0.024,-1,Echolocation,/mnt/ubna_data_02_mir/recover-20221013/UBNA_001/20221012_030000.WAV,Telephone Field,recover-20221013,001,1795
378.1995,378.2065,28046,38950,Eptesicus serotinus,0.007,0.025,-1,Echolocation,/mnt/ubna_data_02_mir/recover-20221013/UBNA_001/20221012_030000.WAV,Telephone Field,recover-20221013,001,1795
378.2065,378.2466,68437,82815,Rhinolophus ferrumequinum,0.023,0.023,-1,Echolocation,/mnt/ubna_data_02_mir/recover-20221013/UBNA_001/20221012_030000.WAV,Telephone Field,recover-20221013,001,1795
378.2095,378.2169,27187,37612,Eptesicus serotinus,0.008,0.026,-1,Echolocation,/mnt/ubna_data_02_mir/recover-20221013/UBNA_001/20221012_030000.WAV,Telephone Field,recover-20221013,001,1795
378.2385,378.2502,24609,30415,Nyctalus leisleri,0.012,0.027,-1,Echolocation,/mnt/ubna_data_02_mir/recover-20221013/UBNA_001/20221012_030000.WAV,Telephone Field,recover-20221013,001,1795
378.2615,378.3026,68437,82958,Rhinolophus ferrumequinum,0.022,0.022,-1,Echolocation,/mnt/ubna_data_02_mir/recover-20221013/UBNA_001/20221012_030000.WAV,Telephone Field,recover-20221013,001,1795
378.3015,378.3115,43515,47063,Pipistrellus pipistrellus,0.021,0.023,-1,Echolocation,/mnt/ubna_data_02_mir/recover-20221013/UBNA_001/20221012_030000.WAV,Telephone Field,recover-20221013,001,1795
378.3015,378.3097,28046,39221,Eptesicus serotinus,0.009,0.028,-1,Echolocation,/mnt/ubna_data_02_mir/recover-20221013/UBNA_001/20221012_030000.WAV,Telephone Field,recover-20221013,001,1795
378.3115,378.3479,68437,81547,Rhinolophus ferrumequinum,0.026,0.026,-1,Echolocation,/mnt/ubna_data_02_mir/recover-20221013/UBNA_001/20221012_030000.WAV,Telephone Field,recover-20221013,001,1795
378.3275,378.3665,68437,82158,Rhinolophus ferrumequinum,0.022,0.022,-1,Echolocation,/mnt/ubna_data_02_mir/recover-20221013/UBNA_001/20221012_030000.WAV,Telephone Field,recover-20221013,001,1795
378.3375,378.3434,32343,47052,Myotis daubentonii,0.013,0.029,-1,Echolocation,/mnt/ubna_data_02_mir/recover-20221013/UBNA_001/20221012_030000.WAV,Telephone Field,recover-20221013,001,1795
378.3395,378.3451,26328,42402,Myotis nattereri,0.005,0.027,-1,Echolocation,/mnt/ubna_data_02_mir/recover-20221013/UBNA_001/20221012_030000.WAV,Telephone Field,recover-20221013,001,1795
378.3595,378.3684,28046,38017,Eptesicus serotinus,0.009,0.022,-1,Echolocation,/mnt/ubna_data_02_mir/recover-20221013/UBNA_001/20221012_030000.WAV,Telephone Field,recover-20221013,001,1795
378.4005,378.4403,68437,82135,Rhinolophus ferrumequinum,0.026,0.026,-1,Echolocation,/mnt/ubna_data_02_mir/recover-20221013/UBNA_001/20221012_030000.WAV,Telephone Field,recover-20221013,001,1795
378.4275,378.4692,68437,82600,Rhinolophus ferrumequinum,0.026,0.026,-1,Echolocation,/mnt/ubna_data_02_mir/recover-20221013/UBNA_001/20221012_030000.WAV,Telephone Field,recover-20221013,001,1795
378.4365,378.4772,68437,82579,Rhinolophus ferrumequinum,0.021,0.021,-1,Echolocation,/mnt/ubna_data_02_mir/recover-20221013/UBNA_001/20221012_030000.WAV,Telephone Field,recover-20221013,001,1795
378.4525,378.4633,28906,35779,Eptesicus serotinus,0.012,0.026,-1,Echolocation,/mnt/ubna_data_02_mir/recover-20221013/UBNA_001/20221012_030000.WAV,Telephone Field,recover-20221013,001,1795
378.4625,378.4739,31484,37420,Eptesicus serotinus,0.006,0.023,-1,Echolocation,/mnt/ubna_data_02_mir/recover-20221013/UBNA_001/20221012_030000.WAV,Telephone Field,recover-20221013,001,1795
378.4815,378.4908,22890,29108,Nyctalus leisleri,0.008,0.022,-1,Echolocation,/mnt/ubna_data_02_mir/recover-20221013/UBNA_001/20221012_030000.WAV,Telephone Field,recover-20221013,001,1795
378.4905,378.5307,68437,82897,Rhinolophus ferrumequinum,0.028,0.028,-1,Echolocation,/mnt/ubna_data_02_mir/recover-20221013/UBNA_001/20221012_030000.WAV,Telephone Field,recover-20221013,001,1795
378.5265,378.5635,68437,82231,Rhinolophus ferrumequinum,0.022,0.022,-1,Echolocation,/mnt/ubna_data_02_mir/recover-20221013/UBNA_001/20221012_030000.WAV,Telephone Field,recover-20221013,001,1795
378.5285,378.5377,28046,37567,Eptesicus serotinus,0.008,0.022,-1,Echolocation,/mnt/ubna_data_02_mir/recover-20221013/UBNA_001/20221012_030000.WAV,Telephone Field,recover-20221013,001,1795
378.5625,378.57,27187,38060,Eptesicus serotinus,0.007,0.022,-1,Echolocation,/mnt/ubna_data_02_mir/recover-20221013/UBNA_001/20221012_030000.WAV,Telephone Field,recover-20221013,001,1795
378.5745,378.5827,28046,37210,Eptesicus serotinus,0.008,0.023,-1,Echolocation,/mnt/ubna_data_02_mir/recover-20221013/UBNA_001/20221012_030000.WAV,Telephone Field,recover-20221013,001,1795
378.6035,378.6146,50390,54714,Pipistrellus pipistrellus,0.021,0.028,-1,Echolocation,/mnt/ubna_data_02_mir/recover-20221013/UBNA_001/20221012_030000.WAV,Telephone Field,recover-20221013,001,1795
378.6205,378.6287,27187,37710,Eptesicus serotinus,0.008,0.024,-1,Echolocation,/mnt/ubna_data_02_mir/recover-20221013/UBNA_001/20221012_030000.WAV,Telephone Field,recover-20221013,001,1795
378.6225,378.6288,33203,43616,Myotis daubentonii,0.013,0.026,-1,Echolocation,/mnt/ubna_data_02_mir/recover-20221013/UBNA_001/20221012_030000.WAV,Telephone Field,recover-20221013,001,1795
378.6315,378.6425,22890,28280,Nyctalus leisleri,0.011,0.023,-1,Echolocation,/mnt/ubna_data_02_mir/recover-20221013/UBNA_001/20221012_030000.WAV,Telephone Field,recover-20221013,001,1795
378.6515,378.6608,27187,37027,Eptesicus serotinus,0.009,0.023,-1,Echolocation,/mnt/ubna_data_02_mir/recover-20221013/UBNA_001/20221012_030000.WAV,Telephone Field,recover-20221013,001,1795
378.6585,378.6995,68437,82503,Rhinolophus ferrumequinum,0.024,0.024,-1,Echolocation,/mnt/ubna_data_02_mir/recover-20221013/UBNA_001/20221012_030000.WAV,Telephone Field,recover-20221013,001,1795
378.7095,378.7217,22031,26307,Nyctalus leisleri,0.012,0.021,-1,Echolocation,/mnt/ubna_data_02_mir/recover-20221013/UBNA_001/20221012_030000.WAV,Telephone Field,recover-20221013,001,1795
378.7145,378.7596,68437,83410,Rhinolophus ferrumequinum,0.046,0.046,-1,Echolocation,/mnt/ubna_data_02_mir/recover-20221013/UBNA_001/20221012_030000.WAV,Telephone Field,recover-20221013,001,1795
378.7495,378.7878,68437,81840,Rhinolophus ferrumequinum,0.023,0.023,-1,Echolocation,/mnt/ubna_data_02_mir/recover-20221013/UBNA_001/20221012_030000.WAV,Telephone Field,recover-20221013,001,1795
378.7595,378.7667,28906,39141,Eptesicus serotinus,0.007,0.023,-1,Echolocation,/mnt/ubna_data_02_mir/recover-20221013/UBNA_001/20221012_030000.WAV,Telephone Field,recover-20221013,001,1795
378.7725,378.8123,68437,82616,Rhinolophus ferrumequinum,0.025,0.025,-1,Echolocation,/mnt/ubna_data_02_mir/recover-20221013/UBNA_001/20221012_030000.WAV,Telephone Field,recover-20221013,001,1795
378.7925,378.7994,27187,39476,Eptesicus serotinus,0.006,0.025,-1,Echolocation,/mnt/ubna_data_02_mir/recover-20221013/UBNA_001/20221012_030000.WAV,Telephone Field,recover-20221013,001,1795
378.8035,378.8112,28046,37679,Eptesicus serotinus,0.008,0.027,-1,Echolocation,/mnt/ubna_data_02_mir/recover-20221013/UBNA_001/20221012_030000.WAV,Telephone Field,recover-20221013,001,1795
378.8345,378.8426,32343,39796,Barbastellus barbastellus,0.009,0.029,-1,Echolocation,/mnt/ubna_data_02_mir/recover-20221013/UBNA_001/20221012_030000.WAV,Telephone Field,recover-20221013,001,1795
378.8865,378.8941,28046,37451,Eptesicus serotinus,0.007,0.021,-1,Echolocation,/mnt/ubna_data_02_mir/recover-20221013/UBNA_001/20221012_030000.WAV,Telephone Field,recover-20221013,001,1795
378.8885,378.9286,68437,82056,Rhinolophus ferrumequinum,0.022,0.022,-1,Echolocation,/mnt/ubna_data_02_mir/recover-20221013/UBNA_001/20221012_030000.WAV,Telephone Field,recover-20221013,001,1795
378.9095,378.9174,28046,37345,Eptesicus serotinus,0.008,0.023,-1,Echolocation,/mnt/ubna_data_02_mir/recover-20221013/UBNA_001/20221012_030000.WAV,Telephone Field,recover-20221013,001,1795
378.9185,378.9598,68437,82574,Rhinolophus ferrumequinum,0.023,0.023,-1,Echolocation,/mnt/ubna_data_02_mir/recover-20221013/UBNA_001/20221012_030000.WAV,Telephone Field,recover-20221013,001,1795
378.9485,378.986,68437,82234,Rhinolophus ferrumequinum,0.03,0.03,-1,Echolocation,/mnt/ubna_data_02_mir/recover-20221013/UBNA_001/20221012_030000.WAV,Telephone Field,recover-20221013,001,1795
378.9605,378.9703,29765,39309,Eptesicus serotinus,0.012,0.028,-1,Echolocation,/mnt/ubna_data_02_mir/recover-20221013/UBNA_001/20221012_030000.WAV,Telephone Field,recover-20221013,001,1795
378.9765,379.0149,68437,82340,Rhinolophus ferrumequinum,0.022,0.022,-1,Echolocation,/mnt/ubna_data_02_mir/recover-20221013/UBNA_001/20221012_030000.WAV,Telephone Field,recover-20221013,001,1795
378.9835,378.9902,27187,38692,Eptesicus serotinus,0.006,0.022,-1,Echolocation,/mnt/ubna_data_02_mir/recover-20221013/UBNA_001/20221012_030000.WAV,Telephone Field,recover-20221013,001,1795
379.0115,379.0515,68437,82523,Rhinolophus ferrumequinum,0.021,0.021,-1,Echolocation,/mnt/ubna_data_02_mir/recover-20221013/UBNA_001/20221012_030000.WAV,Telephone Field,recover-20221013,001,1795
379.0505,379.0588,25468,33877,Eptesicus serotinus,0.007,0.021,-1,Echolocation,/mnt/ubna_data_02_mir/recover-20221013/UBNA_001/20221012_030000.WAV,Telephone Field,recover-20221013,001,1795
379.1115,379.1526,68437,82462,Rhinolophus ferrumequinum,0.025,0.025,-1,Echolocation,/mnt/ubna_data_02_mir/recover-20221013/UBNA_001/20221012_030000.WAV,Telephone Field,recover-20221013,001,1795
379.1315,379.139,28046,39250,Eptesicus serotinus,0.007,0.023,-1,Echolocation,/mnt/ubna_data_02_mir/recover-20221013/UBNA_001/20221012_030000.WAV,Telephone Field,recover-20221013,001,1795
379.1445,379.1853,68437,82637,Rhinolophus ferrumequinum,0.023,0.023,-1,Echolocation,/mnt/ubna_data_02_mir/recover-20221013/UBNA_001/20221012_030000.WAV,Telephone Field,recover-20221013,001,1795
379.1605,379.1802,19453,22129,Nyctalus leisleri,0.016,0.03,-1,Echolocation,/mnt/ubna_data_02_mir/recover-20221013/UBNA_001/20221012_030000.WAV,Telephone Field,recover-20221013,001,1795
379.1685,379.1792,22890,27172,Nyctalus leisleri,0.013,0.024,-1,Echolocation,/mnt/ubna_data_02_mir/recover-20221013/UBNA_001/20221012_030000.WAV,Telephone Field,recover-20221013,001,1795
379.1815,379.2188,68437,81949,Rhinolophus ferrumequinum,0.021,0.022,-1,Echolocation,/mnt/ubna_data_02_mir/recover-20221013/UBNA_001/20221012_030000.WAV,Telephone Field,recover-20221013,001,1795
379.2145,379.224,28046,36869,Eptesicus serotinus,0.009,0.023,-1,Echolocation,/mnt/ubna_data_02_mir/recover-20221013/UBNA_001/20221012_030000.WAV,Telephone Field,recover-20221013,001,1795
379.2375,379.245,27187,39083,Eptesicus serotinus,0.006,0.021,-1,Echolocation,/mnt/ubna_data_02_mir/recover-20221013/UBNA_001/20221012_030000.WAV,Telephone Field,recover-20221013,001,1795
379.2685,379.2751,46093,50995,Pipistrellus pipistrellus,0.025,0.026,-1,Echolocation,/mnt/ubna_data_02_mir/recover-20221013/UBNA_001/20221012_030000.WAV,Telephone Field,recover-20221013,001,1795
379.2695,379.2785,27187,41774,Eptesicus serotinus,0.01,0.024,-1,Echolocation,/mnt/ubna_data_02_mir/recover-20221013/UBNA_001/20221012_030000.WAV,Telephone Field,recover-20221013,001,1795
379.2785,379.2897,23750,29631,Nyctalus leisleri,0.009,0.023,-1,Echolocation,/mnt/ubna_data_02_mir/recover-20221013/UBNA_001/20221012_030000.WAV,Telephone Field,recover-20221013,001,1795
379.3065,379.3451,68437,81995,Rhinolophus ferrumequinum,0.021,0.021,-1,Echolocation,/mnt/ubna_data_02_mir/recover-20221013/UBNA_001/20221012_030000.WAV,Telephone Field,recover-20221013,001,1795
379.3205,379.3272,56406,61220,Pipistrellus pygmaeus,0.024,0.024,-1,Echolocation,/mnt/ubna_data_02_mir/recover-20221013/UBNA_001/20221012_030000.WAV,Telephone Field,recover-20221013,001,1795
379.3455,379.3557,22031,27411,Nyctalus leisleri,0.01,0.025,-1,Echolocation,/mnt/ubna_data_02_mir/recover-20221013/UBNA_001/20221012_030000.WAV,Telephone Field,recover-20221013,001,1795
379.3465,379.3533,27187,39915,Eptesicus serotinus,0.006,0.023,-1,Echolocation,/mnt/ubna_data_02_mir/recover-20221013/UBNA_001/20221012_030000.WAV,Telephone Field,recover-20221013,001,1795
379.4065,379.41700000000003,28046,36166,Eptesicus serotinus,0.01,0.024,-1,Echolocation,/mnt/ubna_data_02_mir/recover-20221013/UBNA_001/20221012_030000.WAV,Telephone Field,recover-20221013,001,1795
379.4185,379.4288,25468,32424,Nyctalus leisleri,0.01,0.027,-1,Echolocation,/mnt/ubna_data_02_mir/recover-20221013/UBNA_001/20221012_030000.WAV,Telephone Field,recover-20221013,001,1795
379.4345,379.4413,27187,41860,Eptesicus serotinus,0.006,0.023,-1,Echolocation,/mnt/ubna_data_02_mir/recover-20221013/UBNA_001/20221012_030000.WAV,Telephone Field,recover-20221013,001,1795
379.4355,379.441,33203,45002,Myotis daubentonii,0.013,0.025,-1,Echolocation,/mnt/ubna_data_02_mir/recover-20221013/UBNA_001/20221012_030000.WAV,Telephone Field,recover-20221013,001,1795
379.4365,379.4504,21171,24530,Nyctalus leisleri,0.014,0.023,-1,Echolocation,/mnt/ubna_data_02_mir/recover-20221013/UBNA_001/20221012_030000.WAV,Telephone Field,recover-20221013,001,1795
379.4515,379.4598,27187,38680,Eptesicus serotinus,0.007,0.021,-1,Echolocation,/mnt/ubna_data_02_mir/recover-20221013/UBNA_001/20221012_030000.WAV,Telephone Field,recover-20221013,001,1795
379.5055,379.5113,35781,48321,Myotis daubentonii,0.013,0.022,-1,Echolocation,/mnt/ubna_data_02_mir/recover-20221013/UBNA_001/20221012_030000.WAV,Telephone Field,recover-20221013,001,1795
379.5065,379.5164,23750,30719,Nyctalus leisleri,0.009,0.024,-1,Echolocation,/mnt/ubna_data_02_mir/recover-20221013/UBNA_001/20221012_030000.WAV,Telephone Field,recover-20221013,001,1795
379.5275,379.5379,28046,38412,Eptesicus serotinus,0.013,0.026,-1,Echolocation,/mnt/ubna_data_02_mir/recover-20221013/UBNA_001/20221012_030000.WAV,Telephone Field,recover-20221013,001,1795
379.5415,379.5803,68437,82134,Rhinolophus ferrumequinum,0.022,0.022,-1,Echolocation,/mnt/ubna_data_02_mir/recover-20221013/UBNA_001/20221012_030000.WAV,Telephone Field,recover-20221013,001,1795
379.5575,379.5665,26328,34475,Eptesicus serotinus,0.01,0.025,-1,Echolocation,/mnt/ubna_data_02_mir/recover-20221013/UBNA_001/20221012_030000.WAV,Telephone Field,recover-20221013,001,1795
379.6415,379.6519,27187,34298,Eptesicus serotinus,0.016,0.031,-1,Echolocation,/mnt/ubna_data_02_mir/recover-20221013/UBNA_001/20221012_030000.WAV,Telephone Field,recover-20221013,001,1795
379.6595,379.67,26328,34328,Eptesicus serotinus,0.016,0.032,-1,Echolocation,/mnt/ubna_data_02_mir/recover-20221013/UBNA_001/20221012_030000.WAV,Telephone Field,recover-20221013,001,1795
379.6705,379.7071,68437,81930,Rhinolophus ferrumequinum,0.023,0.023,-1,Echolocation,/mnt/ubna_data_02_mir/recover-20221013/UBNA_001/20221012_030000.WAV,Telephone Field,recover-20221013,001,1795
379.7365,379.7727,68437,81273,Rhinolophus ferrumequinum,0.022,0.022,-1,Echolocation,/mnt/ubna_data_02_mir/recover-20221013/UBNA_001/20221012_030000.WAV,Telephone Field,recover-20221013,001,1795
379.7365,379.7439,27187,40018,Eptesicus serotinus,0.007,0.023,-1,Echolocation,/mnt/ubna_data_02_mir/recover-20221013/UBNA_001/20221012_030000.WAV,Telephone Field,recover-20221013,001,1795
379.7555,379.7631,28046,38308,Eptesicus serotinus,0.007,0.024,-1,Echolocation,/mnt/ubna_data_02_mir/recover-20221013/UBNA_001/20221012_030000.WAV,Telephone Field,recover-20221013,001,1795
379.7595,379.803,68437,83311,Rhinolophus ferrumequinum,0.049,0.049,-1,Echolocation,/mnt/ubna_data_02_mir/recover-20221013/UBNA_001/20221012_030000.WAV,Telephone Field,recover-20221013,001,1795
379.7815,379.7905,25468,34374,Eptesicus serotinus,0.01,0.025,-1,Echolocation,/mnt/ubna_data_02_mir/recover-20221013/UBNA_001/20221012_030000.WAV,Telephone Field,recover-20221013,001,1795
379.7955,379.8026,28046,38976,Eptesicus serotinus,0.007,0.022,-1,Echolocation,/mnt/ubna_data_02_mir/recover-20221013/UBNA_001/20221012_030000.WAV,Telephone Field,recover-20221013,001,1795
379.8035,379.8434,68437,82101,Rhinolophus ferrumequinum,0.026,0.026,-1,Echolocation,/mnt/ubna_data_02_mir/recover-20221013/UBNA_001/20221012_030000.WAV,Telephone Field,recover-20221013,001,1795
379.8195,379.8611,68437,82725,Rhinolophus ferrumequinum,0.021,0.021,-1,Echolocation,/mnt/ubna_data_02_mir/recover-20221013/UBNA_001/20221012_030000.WAV,Telephone Field,recover-20221013,001,1795
379.8325,379.84069999999997,28046,39491,Eptesicus serotinus,0.008,0.022,-1,Echolocation,/mnt/ubna_data_02_mir/recover-20221013/UBNA_001/20221012_030000.WAV,Telephone Field,recover-20221013,001,1795
379.8615,379.9012,68437,82578,Rhinolophus ferrumequinum,0.026,0.026,-1,Echolocation,/mnt/ubna_data_02_mir/recover-20221013/UBNA_001/20221012_030000.WAV,Telephone Field,recover-20221013,001,1795
379.8625,379.8731,26328,34005,Eptesicus serotinus,0.013,0.026,-1,Echolocation,/mnt/ubna_data_02_mir/recover-20221013/UBNA_001/20221012_030000.WAV,Telephone Field,recover-20221013,001,1795
379.8835,379.9233,68437,82462,Rhinolophus ferrumequinum,0.021,0.021,-1,Echolocation,/mnt/ubna_data_02_mir/recover-20221013/UBNA_001/20221012_030000.WAV,Telephone Field,recover-20221013,001,1795
379.9305,379.9433,28906,35205,Eptesicus serotinus,0.018,0.034,-1,Echolocation,/mnt/ubna_data_02_mir/recover-20221013/UBNA_001/20221012_030000.WAV,Telephone Field,recover-20221013,001,1795
379.9695,379.981,25468,31577,Eptesicus serotinus,0.01,0.022,-1,Echolocation,/mnt/ubna_data_02_mir/recover-20221013/UBNA_001/20221012_030000.WAV,Telephone Field,recover-20221013,001,1795
379.9825,379.9917,23750,30717,Nyctalus leisleri,0.007,0.022,-1,Echolocation,/mnt/ubna_data_02_mir/recover-20221013/UBNA_001/20221012_030000.WAV,Telephone Field,recover-20221013,001,1795
380.0015,380.0101,22890,29625,Nyctalus leisleri,0.008,0.024,-1,Echolocation,/mnt/ubna_data_02_mir/recover-20221013/UBNA_001/20221012_030000.WAV,Telephone Field,recover-20221013,001,1795
380.0485,380.088,68437,82292,Rhinolophus ferrumequinum,0.033,0.033,-1,Echolocation,/mnt/ubna_data_02_mir/recover-20221013/UBNA_001/20221012_030000.WAV,Telephone Field,recover-20221013,001,1795
380.0495,380.0673,22031,26047,Nyctalus leisleri,0.021,0.041,-1,Echolocation,/mnt/ubna_data_02_mir/recover-20221013/UBNA_001/20221012_030000.WAV,Telephone Field,recover-20221013,001,1795
380.0595,380.0751,21171,24622,Nyctalus leisleri,0.016,0.026,-1,Echolocation,/mnt/ubna_data_02_mir/recover-20221013/UBNA_001/20221012_030000.WAV,Telephone Field,recover-20221013,001,1795
380.0695,380.1073,68437,81378,Rhinolophus ferrumequinum,0.021,0.021,-1,Echolocation,/mnt/ubna_data_02_mir/recover-20221013/UBNA_001/20221012_030000.WAV,Telephone Field,recover-20221013,001,1795
380.1075,380.1493,68437,82792,Rhinolophus ferrumequinum,0.029,0.029,-1,Echolocation,/mnt/ubna_data_02_mir/recover-20221013/UBNA_001/20221012_030000.WAV,Telephone Field,recover-20221013,001,1795
380.1235,380.169,68437,82949,Rhinolophus ferrumequinum,0.023,0.023,-1,Echolocation,/mnt/ubna_data_02_mir/recover-20221013/UBNA_001/20221012_030000.WAV,Telephone Field,recover-20221013,001,1795
380.1555,380.1633,28046,38639,Eptesicus serotinus,0.007,0.022,-1,Echolocation,/mnt/ubna_data_02_mir/recover-20221013/UBNA_001/20221012_030000.WAV,Telephone Field,recover-20221013,001,1795
380.2015,380.2408,68437,82036,Rhinolophus ferrumequinum,0.023,0.023,-1,Echolocation,/mnt/ubna_data_02_mir/recover-20221013/UBNA_001/20221012_030000.WAV,Telephone Field,recover-20221013,001,1795
380.2025,380.21,51250,56869,Pipistrellus pipistrellus,0.017,0.021,-1,Echolocation,/mnt/ubna_data_02_mir/recover-20221013/UBNA_001/20221012_030000.WAV,Telephone Field,recover-20221013,001,1795
380.22950000000003,380.2646,68437,81586,Rhinolophus ferrumequinum,0.024,0.024,-1,Echolocation,/mnt/ubna_data_02_mir/recover-20221013/UBNA_001/20221012_030000.WAV,Telephone Field,recover-20221013,001,1795
380.2315,380.2398,28046,38718,Eptesicus serotinus,0.008,0.022,-1,Echolocation,/mnt/ubna_data_02_mir/recover-20221013/UBNA_001/20221012_030000.WAV,Telephone Field,recover-20221013,001,1795
380.2615,380.2996,68437,81984,Rhinolophus ferrumequinum,0.022,0.022,-1,Echolocation,/mnt/ubna_data_02_mir/recover-20221013/UBNA_001/20221012_030000.WAV,Telephone Field,recover-20221013,001,1795
380.3275,380.3349,24609,33716,Plecotus austriacus,0.008,0.022,-1,Echolocation,/mnt/ubna_data_02_mir/recover-20221013/UBNA_001/20221012_030000.WAV,Telephone Field,recover-20221013,001,1795
380.3515,380.3937,68437,82505,Rhinolophus ferrumequinum,0.029,0.029,-1,Echolocation,/mnt/ubna_data_02_mir/recover-20221013/UBNA_001/20221012_030000.WAV,Telephone Field,recover-20221013,001,1795
380.3525,380.3631,39218,44910,Barbastellus barbastellus,0.005,0.021,-1,Echolocation,/mnt/ubna_data_02_mir/recover-20221013/UBNA_001/20221012_030000.WAV,Telephone Field,recover-20221013,001,1795
380.3665,380.3783,28046,34808,Eptesicus serotinus,0.014,0.027,-1,Echolocation,/mnt/ubna_data_02_mir/recover-20221013/UBNA_001/20221012_030000.WAV,Telephone Field,recover-20221013,001,1795
380.3855,380.397,22890,28505,Nyctalus leisleri,0.01,0.024,-1,Echolocation,/mnt/ubna_data_02_mir/recover-20221013/UBNA_001/20221012_030000.WAV,Telephone Field,recover-20221013,001,1795
380.4015,380.4447,68437,83796,Rhinolophus ferrumequinum,0.033,0.033,-1,Echolocation,/mnt/ubna_data_02_mir/recover-20221013/UBNA_001/20221012_030000.WAV,Telephone Field,recover-20221013,001,1795
380.41949999999997,380.46320000000003,68437,82986,Rhinolophus ferrumequinum,0.032,0.032,-1,Echolocation,/mnt/ubna_data_02_mir/recover-20221013/UBNA_001/20221012_030000.WAV,Telephone Field,recover-20221013,001,1795
380.4225,380.43,28046,39279,Eptesicus serotinus,0.007,0.021,-1,Echolocation,/mnt/ubna_data_02_mir/recover-20221013/UBNA_001/20221012_030000.WAV,Telephone Field,recover-20221013,001,1795
380.4295,380.4661,68437,82103,Rhinolophus ferrumequinum,0.021,0.022,-1,Echolocation,/mnt/ubna_data_02_mir/recover-20221013/UBNA_001/20221012_030000.WAV,Telephone Field,recover-20221013,001,1795
380.4455,380.4791,68437,81496,Rhinolophus ferrumequinum,0.027,0.027,-1,Echolocation,/mnt/ubna_data_02_mir/recover-20221013/UBNA_001/20221012_030000.WAV,Telephone Field,recover-20221013,001,1795
380.4505,380.4584,45234,50587,Pipistrellus pipistrellus,0.019,0.021,-1,Echolocation,/mnt/ubna_data_02_mir/recover-20221013/UBNA_001/20221012_030000.WAV,Telephone Field,recover-20221013,001,1795
380.4635,380.4794,17734,22269,Nyctalus noctula,0.014,0.023,-1,Echolocation,/mnt/ubna_data_02_mir/recover-20221013/UBNA_001/20221012_030000.WAV,Telephone Field,recover-20221013,001,1795
380.4665,380.4765,28906,35536,Eptesicus serotinus,0.009,0.024,-1,Echolocation,/mnt/ubna_data_02_mir/recover-20221013/UBNA_001/20221012_030000.WAV,Telephone Field,recover-20221013,001,1795
380.4695,380.507,68437,81833,Rhinolophus ferrumequinum,0.032,0.032,-1,Echolocation,/mnt/ubna_data_02_mir/recover-20221013/UBNA_001/20221012_030000.WAV,Telephone Field,recover-20221013,001,1795
380.4925,380.5008,24609,33333,Plecotus austriacus,0.008,0.027,-1,Echolocation,/mnt/ubna_data_02_mir/recover-20221013/UBNA_001/20221012_030000.WAV,Telephone Field,recover-20221013,001,1795
380.5185,380.5261,28906,38701,Eptesicus serotinus,0.007,0.023,-1,Echolocation,/mnt/ubna_data_02_mir/recover-20221013/UBNA_001/20221012_030000.WAV,Telephone Field,recover-20221013,001,1795
380.5365,380.5483,23750,29247,Nyctalus leisleri,0.012,0.026,-1,Echolocation,/mnt/ubna_data_02_mir/recover-20221013/UBNA_001/20221012_030000.WAV,Telephone Field,recover-20221013,001,1795
380.5385,380.5765,68437,82750,Rhinolophus ferrumequinum,0.026,0.026,-1,Echolocation,/mnt/ubna_data_02_mir/recover-20221013/UBNA_001/20221012_030000.WAV,Telephone Field,recover-20221013,001,1795
380.5885,380.6271,68437,82128,Rhinolophus ferrumequinum,0.022,0.022,-1,Echolocation,/mnt/ubna_data_02_mir/recover-20221013/UBNA_001/20221012_030000.WAV,Telephone Field,recover-20221013,001,1795
380.5945,380.6344,68437,82527,Rhinolophus ferrumequinum,0.022,0.022,-1,Echolocation,/mnt/ubna_data_02_mir/recover-20221013/UBNA_001/20221012_030000.WAV,Telephone Field,recover-20221013,001,1795
380.5955,380.6032,23750,31656,Plecotus austriacus,0.012,0.026,-1,Echolocation,/mnt/ubna_data_02_mir/recover-20221013/UBNA_001/20221012_030000.WAV,Telephone Field,recover-20221013,001,1795
380.6195,380.6302,22890,28938,Nyctalus leisleri,0.011,0.027,-1,Echolocation,/mnt/ubna_data_02_mir/recover-20221013/UBNA_001/20221012_030000.WAV,Telephone Field,recover-20221013,001,1795
380.6395,380.6771,68437,82043,Rhinolophus ferrumequinum,0.03,0.03,-1,Echolocation,/mnt/ubna_data_02_mir/recover-20221013/UBNA_001/20221012_030000.WAV,Telephone Field,recover-20221013,001,1795
380.6555,380.6629,28046,38464,Eptesicus serotinus,0.007,0.021,-1,Echolocation,/mnt/ubna_data_02_mir/recover-20221013/UBNA_001/20221012_030000.WAV,Telephone Field,recover-20221013,001,1795
380.6605,380.6973,68437,81668,Rhinolophus ferrumequinum,0.022,0.022,-1,Echolocation,/mnt/ubna_data_02_mir/recover-20221013/UBNA_001/20221012_030000.WAV,Telephone Field,recover-20221013,001,1795
380.6645,380.673,28046,39512,Eptesicus serotinus,0.008,0.021,-1,Echolocation,/mnt/ubna_data_02_mir/recover-20221013/UBNA_001/20221012_030000.WAV,Telephone Field,recover-20221013,001,1795
380.6855,380.7275,68437,83135,Rhinolophus ferrumequinum,0.029,0.029,-1,Echolocation,/mnt/ubna_data_02_mir/recover-20221013/UBNA_001/20221012_030000.WAV,Telephone Field,recover-20221013,001,1795
380.7155,380.7539,68437,82379,Rhinolophus ferrumequinum,0.023,0.023,-1,Echolocation,/mnt/ubna_data_02_mir/recover-20221013/UBNA_001/20221012_030000.WAV,Telephone Field,recover-20221013,001,1795
380.7215,380.7613,68437,82601,Rhinolophus ferrumequinum,0.022,0.022,-1,Echolocation,/mnt/ubna_data_02_mir/recover-20221013/UBNA_001/20221012_030000.WAV,Telephone Field,recover-20221013,001,1795
380.72950000000003,380.7721,68437,82392,Rhinolophus ferrumequinum,0.024,0.024,-1,Echolocation,/mnt/ubna_data_02_mir/recover-20221013/UBNA_001/20221012_030000.WAV,Telephone Field,recover-20221013,001,1795
380.7485,380.7557,28046,39895,Eptesicus serotinus,0.007,0.021,-1,Echolocation,/mnt/ubna_data_02_mir/recover-20221013/UBNA_001/20221012_030000.WAV,Telephone Field,recover-20221013,001,1795
380.7715,380.80989999999997,68437,82560,Rhinolophus ferrumequinum,0.026,0.026,-1,Echolocation,/mnt/ubna_data_02_mir/recover-20221013/UBNA_001/20221012_030000.WAV,Telephone Field,recover-20221013,001,1795
380.8175,380.8284,22031,26615,Nyctalus leisleri,0.01,0.021,-1,Echolocation,/mnt/ubna_data_02_mir/recover-20221013/UBNA_001/20221012_030000.WAV,Telephone Field,recover-20221013,001,1795
380.8225,380.8608,68437,81891,Rhinolophus ferrumequinum,0.022,0.022,-1,Echolocation,/mnt/ubna_data_02_mir/recover-20221013/UBNA_001/20221012_030000.WAV,Telephone Field,recover-20221013,001,1795
380.8735,380.9121,68437,82284,Rhinolophus ferrumequinum,0.028,0.028,-1,Echolocation,/mnt/ubna_data_02_mir/recover-20221013/UBNA_001/20221012_030000.WAV,Telephone Field,recover-20221013,001,1795
380.8815,380.9166,68437,81780,Rhinolophus ferrumequinum,0.021,0.021,-1,Echolocation,/mnt/ubna_data_02_mir/recover-20221013/UBNA_001/20221012_030000.WAV,Telephone Field,recover-20221013,001,1795
380.9085,380.9165,28046,40790,Eptesicus serotinus,0.007,0.021,-1,Echolocation,/mnt/ubna_data_02_mir/recover-20221013/UBNA_001/20221012_030000.WAV,Telephone Field,recover-20221013,001,1795
380.9335,380.9441,51250,58736,Pipistrellus pipistrellus,0.018,0.024,-1,Echolocation,/mnt/ubna_data_02_mir/recover-20221013/UBNA_001/20221012_030000.WAV,Telephone Field,recover-20221013,001,1795
380.9355,380.9458,28906,40317,Eptesicus serotinus,0.013,0.027,-1,Echolocation,/mnt/ubna_data_02_mir/recover-20221013/UBNA_001/20221012_030000.WAV,Telephone Field,recover-20221013,001,1795
380.9725,380.98,28046,41951,Eptesicus serotinus,0.007,0.022,-1,Echolocation,/mnt/ubna_data_02_mir/recover-20221013/UBNA_001/20221012_030000.WAV,Telephone Field,recover-20221013,001,1795
380.9785,381.017,68437,81679,Rhinolophus ferrumequinum,0.021,0.021,-1,Echolocation,/mnt/ubna_data_02_mir/recover-20221013/UBNA_001/20221012_030000.WAV,Telephone Field,recover-20221013,001,1795
380.9915,380.9986,28046,40402,Eptesicus serotinus,0.008,0.027,-1,Echolocation,/mnt/ubna_data_02_mir/recover-20221013/UBNA_001/20221012_030000.WAV,Telephone Field,recover-20221013,001,1795
381.0125,381.0458,68437,81105,Rhinolophus ferrumequinum,0.021,0.021,-1,Echolocation,/mnt/ubna_data_02_mir/recover-20221013/UBNA_001/20221012_030000.WAV,Telephone Field,recover-20221013,001,1795
381.0335,381.0466,36640,41370,Pipistrellus nathusii,0.01,0.022,-1,Echolocation,/mnt/ubna_data_02_mir/recover-20221013/UBNA_001/20221012_030000.WAV,Telephone Field,recover-20221013,001,1795
381.0425,381.0512,25468,34704,Eptesicus serotinus,0.008,0.024,-1,Echolocation,/mnt/ubna_data_02_mir/recover-20221013/UBNA_001/20221012_030000.WAV,Telephone Field,recover-20221013,001,1795
381.0525,381.0632,28046,34435,Eptesicus serotinus,0.011,0.023,-1,Echolocation,/mnt/ubna_data_02_mir/recover-20221013/UBNA_001/20221012_030000.WAV,Telephone Field,recover-20221013,001,1795
381.0915,381.0995,28906,38193,Eptesicus serotinus,0.008,0.022,-1,Echolocation,/mnt/ubna_data_02_mir/recover-20221013/UBNA_001/20221012_030000.WAV,Telephone Field,recover-20221013,001,1795
381.0925,381.1314,68437,82325,Rhinolophus ferrumequinum,0.027,0.027,-1,Echolocation,/mnt/ubna_data_02_mir/recover-20221013/UBNA_001/20221012_030000.WAV,Telephone Field,recover-20221013,001,1795
381.1225,381.1307,27187,42869,Eptesicus serotinus,0.009,0.026,-1,Echolocation,/mnt/ubna_data_02_mir/recover-20221013/UBNA_001/20221012_030000.WAV,Telephone Field,recover-20221013,001,1795
381.1325,381.17,68437,81895,Rhinolophus ferrumequinum,0.021,0.021,-1,Echolocation,/mnt/ubna_data_02_mir/recover-20221013/UBNA_001/20221012_030000.WAV,Telephone Field,recover-20221013,001,1795
381.1425,381.153,24609,31363,Eptesicus serotinus,0.008,0.021,-1,Echolocation,/mnt/ubna_data_02_mir/recover-20221013/UBNA_001/20221012_030000.WAV,Telephone Field,recover-20221013,001,1795
381.1635,381.207,68437,82538,Rhinolophus ferrumequinum,0.038,0.038,-1,Echolocation,/mnt/ubna_data_02_mir/recover-20221013/UBNA_001/20221012_030000.WAV,Telephone Field,recover-20221013,001,1795
381.2085,381.2464,68437,81629,Rhinolophus ferrumequinum,0.023,0.023,-1,Echolocation,/mnt/ubna_data_02_mir/recover-20221013/UBNA_001/20221012_030000.WAV,Telephone Field,recover-20221013,001,1795
381.2635,381.307,68437,82542,Rhinolophus ferrumequinum,0.065,0.065,-1,Echolocation,/mnt/ubna_data_02_mir/recover-20221013/UBNA_001/20221012_030000.WAV,Telephone Field,recover-20221013,001,1795
381.2755,381.2835,28046,40522,Eptesicus serotinus,0.007,0.022,-1,Echolocation,/mnt/ubna_data_02_mir/recover-20221013/UBNA_001/20221012_030000.WAV,Telephone Field,recover-20221013,001,1795
381.2905,381.3304,68437,82055,Rhinolophus ferrumequinum,0.021,0.022,-1,Echolocation,/mnt/ubna_data_02_mir/recover-20221013/UBNA_001/20221012_030000.WAV,Telephone Field,recover-20221013,001,1795
381.3215,381.3289,27187,39350,Eptesicus serotinus,0.014,0.036,-1,Echolocation,/mnt/ubna_data_02_mir/recover-20221013/UBNA_001/20221012_030000.WAV,Telephone Field,recover-20221013,001,1795
381.3215,381.3585,68437,81556,Rhinolophus ferrumequinum,0.026,0.026,-1,Echolocation,/mnt/ubna_data_02_mir/recover-20221013/UBNA_001/20221012_030000.WAV,Telephone Field,recover-20221013,001,1795
381.3445,381.3827,68437,81867,Rhinolophus ferrumequinum,0.025,0.025,-1,Echolocation,/mnt/ubna_data_02_mir/recover-20221013/UBNA_001/20221012_030000.WAV,Telephone Field,recover-20221013,001,1795
381.3495,381.3686,18593,22168,Nyctalus noctula,0.012,0.021,-1,Echolocation,/mnt/ubna_data_02_mir/recover-20221013/UBNA_001/20221012_030000.WAV,Telephone Field,recover-20221013,001,1795
381.4295,381.47090000000003,68437,82584,Rhinolophus ferrumequinum,0.022,0.022,-1,Echolocation,/mnt/ubna_data_02_mir/recover-20221013/UBNA_001/20221012_030000.WAV,Telephone Field,recover-20221013,001,1795
381.4565,381.4675,22890,28385,Nyctalus leisleri,0.01,0.022,-1,Echolocation,/mnt/ubna_data_02_mir/recover-20221013/UBNA_001/20221012_030000.WAV,Telephone Field,recover-20221013,001,1795
381.4745,381.4858,22031,25999,Nyctalus leisleri,0.012,0.021,-1,Echolocation,/mnt/ubna_data_02_mir/recover-20221013/UBNA_001/20221012_030000.WAV,Telephone Field,recover-20221013,001,1795
381.4885,381.4973,40937,49306,Pipistrellus nathusii,0.008,0.021,-1,Echolocation,/mnt/ubna_data_02_mir/recover-20221013/UBNA_001/20221012_030000.WAV,Telephone Field,recover-20221013,001,1795
381.5005,381.5367,68437,81428,Rhinolophus ferrumequinum,0.021,0.021,-1,Echolocation,/mnt/ubna_data_02_mir/recover-20221013/UBNA_001/20221012_030000.WAV,Telephone Field,recover-20221013,001,1795
381.5055,381.5152,23750,30208,Nyctalus leisleri,0.008,0.021,-1,Echolocation,/mnt/ubna_data_02_mir/recover-20221013/UBNA_001/20221012_030000.WAV,Telephone Field,recover-20221013,001,1795
381.5375,381.5469,24609,32104,Nyctalus leisleri,0.008,0.025,-1,Echolocation,/mnt/ubna_data_02_mir/recover-20221013/UBNA_001/20221012_030000.WAV,Telephone Field,recover-20221013,001,1795
381.5545,381.597,68437,83976,Rhinolophus ferrumequinum,0.046,0.046,-1,Echolocation,/mnt/ubna_data_02_mir/recover-20221013/UBNA_001/20221012_030000.WAV,Telephone Field,recover-20221013,001,1795
381.5785,381.5864,28046,37837,Eptesicus serotinus,0.008,0.021,-1,Echolocation,/mnt/ubna_data_02_mir/recover-20221013/UBNA_001/20221012_030000.WAV,Telephone Field,recover-20221013,001,1795
381.6035,381.6154,22031,25549,Nyctalus leisleri,0.013,0.021,-1,Echolocation,/mnt/ubna_data_02_mir/recover-20221013/UBNA_001/20221012_030000.WAV,Telephone Field,recover-20221013,001,1795
381.6395,381.679,68437,82338,Rhinolophus ferrumequinum,0.022,0.022,-1,Echolocation,/mnt/ubna_data_02_mir/recover-20221013/UBNA_001/20221012_030000.WAV,Telephone Field,recover-20221013,001,1795
381.6475,381.6896,68437,83087,Rhinolophus ferrumequinum,0.028,0.028,-1,Echolocation,/mnt/ubna_data_02_mir/recover-20221013/UBNA_001/20221012_030000.WAV,Telephone Field,recover-20221013,001,1795
381.6805,381.722,68437,82460,Rhinolophus ferrumequinum,0.032,0.032,-1,Echolocation,/mnt/ubna_data_02_mir/recover-20221013/UBNA_001/20221012_030000.WAV,Telephone Field,recover-20221013,001,1795
381.7115,381.7223,31484,38997,Eptesicus serotinus,0.01,0.03,-1,Echolocation,/mnt/ubna_data_02_mir/recover-20221013/UBNA_001/20221012_030000.WAV,Telephone Field,recover-20221013,001,1795
381.7335,381.7729,68437,82401,Rhinolophus ferrumequinum,0.022,0.022,-1,Echolocation,/mnt/ubna_data_02_mir/recover-20221013/UBNA_001/20221012_030000.WAV,Telephone Field,recover-20221013,001,1795
381.7635,381.8009,68437,81229,Rhinolophus ferrumequinum,0.028,0.028,-1,Echolocation,/mnt/ubna_data_02_mir/recover-20221013/UBNA_001/20221012_030000.WAV,Telephone Field,recover-20221013,001,1795
381.7735,381.7837,52968,58217,Pipistrellus pipistrellus,0.025,0.034,-1,Echolocation,/mnt/ubna_data_02_mir/recover-20221013/UBNA_001/20221012_030000.WAV,Telephone Field,recover-20221013,001,1795
381.7765,381.7881,34062,41407,Eptesicus serotinus,0.006,0.026,-1,Echolocation,/mnt/ubna_data_02_mir/recover-20221013/UBNA_001/20221012_030000.WAV,Telephone Field,recover-20221013,001,1795
381.7885,381.8202,68437,81410,Rhinolophus ferrumequinum,0.023,0.023,-1,Echolocation,/mnt/ubna_data_02_mir/recover-20221013/UBNA_001/20221012_030000.WAV,Telephone Field,recover-20221013,001,1795
381.7965,381.8349,68437,82024,Rhinolophus ferrumequinum,0.021,0.021,-1,Echolocation,/mnt/ubna_data_02_mir/recover-20221013/UBNA_001/20221012_030000.WAV,Telephone Field,recover-20221013,001,1795
381.7995,381.8069,25468,37061,Myotis nattereri,0.005,0.021,-1,Echolocation,/mnt/ubna_data_02_mir/recover-20221013/UBNA_001/20221012_030000.WAV,Telephone Field,recover-20221013,001,1795
381.8095,381.8481,68437,81651,Rhinolophus ferrumequinum,0.022,0.022,-1,Echolocation,/mnt/ubna_data_02_mir/recover-20221013/UBNA_001/20221012_030000.WAV,Telephone Field,recover-20221013,001,1795
381.8265,381.8678,68437,82474,Rhinolophus ferrumequinum,0.029,0.029,-1,Echolocation,/mnt/ubna_data_02_mir/recover-20221013/UBNA_001/20221012_030000.WAV,Telephone Field,recover-20221013,001,1795
381.8285,381.8363,33203,43341,Myotis daubentonii,0.007,0.025,-1,Echolocation,/mnt/ubna_data_02_mir/recover-20221013/UBNA_001/20221012_030000.WAV,Telephone Field,recover-20221013,001,1795
381.8455,381.8849,68437,82290,Rhinolophus ferrumequinum,0.021,0.021,-1,Echolocation,/mnt/ubna_data_02_mir/recover-20221013/UBNA_001/20221012_030000.WAV,Telephone Field,recover-20221013,001,1795
381.8715,381.9116,68437,82783,Rhinolophus ferrumequinum,0.024,0.024,-1,Echolocation,/mnt/ubna_data_02_mir/recover-20221013/UBNA_001/20221012_030000.WAV,Telephone Field,recover-20221013,001,1795
381.8735,381.8796,27187,42871,Eptesicus serotinus,0.008,0.034,-1,Echolocation,/mnt/ubna_data_02_mir/recover-20221013/UBNA_001/20221012_030000.WAV,Telephone Field,recover-20221013,001,1795
381.8935,381.9284,68437,81086,Rhinolophus ferrumequinum,0.022,0.022,-1,Echolocation,/mnt/ubna_data_02_mir/recover-20221013/UBNA_001/20221012_030000.WAV,Telephone Field,recover-20221013,001,1795
381.8945,381.9017,28906,39373,Eptesicus serotinus,0.01,0.028,-1,Echolocation,/mnt/ubna_data_02_mir/recover-20221013/UBNA_001/20221012_030000.WAV,Telephone Field,recover-20221013,001,1795
381.9235,381.9318,23750,32078,Plecotus austriacus,0.009,0.023,-1,Echolocation,/mnt/ubna_data_02_mir/recover-20221013/UBNA_001/20221012_030000.WAV,Telephone Field,recover-20221013,001,1795
381.9355,381.975,68437,81789,Rhinolophus ferrumequinum,0.031,0.031,-1,Echolocation,/mnt/ubna_data_02_mir/recover-20221013/UBNA_001/20221012_030000.WAV,Telephone Field,recover-20221013,001,1795
381.9725,381.9828,22031,26752,Nyctalus leisleri,0.012,0.026,-1,Echolocation,/mnt/ubna_data_02_mir/recover-20221013/UBNA_001/20221012_030000.WAV,Telephone Field,recover-20221013,001,1795
382.0015,382.0335,69296,80753,Rhinolophus ferrumequinum,0.048,0.048,-1,Echolocation,/mnt/ubna_data_02_mir/recover-20221013/UBNA_001/20221012_030000.WAV,Telephone Field,recover-20221013,001,1795
382.0015,382.0114,24609,33146,Nyctalus leisleri,0.011,0.036,-1,Echolocation,/mnt/ubna_data_02_mir/recover-20221013/UBNA_001/20221012_030000.WAV,Telephone Field,recover-20221013,001,1795
382.0015,382.0107,46953,52065,Pipistrellus pipistrellus,0.017,0.023,-1,Echolocation,/mnt/ubna_data_02_mir/recover-20221013/UBNA_001/20221012_030000.WAV,Telephone Field,recover-20221013,001,1795
382.0025,382.0149,41796,45561,Pipistrellus pipistrellus,0.034,0.048,-1,Echolocation,/mnt/ubna_data_02_mir/recover-20221013/UBNA_001/20221012_030000.WAV,Telephone Field,recover-20221013,001,1795
382.0075,382.0472,68437,82063,Rhinolophus ferrumequinum,0.034,0.034,-1,Echolocation,/mnt/ubna_data_02_mir/recover-20221013/UBNA_001/20221012_030000.WAV,Telephone Field,recover-20221013,001,1795
382.0105,382.0207,24609,31358,Eptesicus serotinus,0.01,0.026,-1,Echolocation,/mnt/ubna_data_02_mir/recover-20221013/UBNA_001/20221012_030000.WAV,Telephone Field,recover-20221013,001,1795
382.0265,382.0716,68437,83313,Rhinolophus ferrumequinum,0.025,0.025,-1,Echolocation,/mnt/ubna_data_02_mir/recover-20221013/UBNA_001/20221012_030000.WAV,Telephone Field,recover-20221013,001,1795
382.0525,382.0914,68437,81906,Rhinolophus ferrumequinum,0.02,0.02,-1,Echolocation,/mnt/ubna_data_02_mir/recover-20221013/UBNA_001/20221012_030000.WAV,Telephone Field,recover-20221013,001,1795
382.0565,382.0626,49531,56139,Pipistrellus pipistrellus,0.02,0.022,-1,Echolocation,/mnt/ubna_data_02_mir/recover-20221013/UBNA_001/20221012_030000.WAV,Telephone Field,recover-20221013,001,1795
382.0595,382.0697,28046,36340,Eptesicus serotinus,0.01,0.023,-1,Echolocation,/mnt/ubna_data_02_mir/recover-20221013/UBNA_001/20221012_030000.WAV,Telephone Field,recover-20221013,001,1795
382.0755,382.0825,28046,40937,Eptesicus serotinus,0.007,0.026,-1,Echolocation,/mnt/ubna_data_02_mir/recover-20221013/UBNA_001/20221012_030000.WAV,Telephone Field,recover-20221013,001,1795
382.0875,382.1239,68437,81853,Rhinolophus ferrumequinum,0.021,0.021,-1,Echolocation,/mnt/ubna_data_02_mir/recover-20221013/UBNA_001/20221012_030000.WAV,Telephone Field,recover-20221013,001,1795
382.1035,382.1394,68437,81025,Rhinolophus ferrumequinum,0.02,0.021,-1,Echolocation,/mnt/ubna_data_02_mir/recover-20221013/UBNA_001/20221012_030000.WAV,Telephone Field,recover-20221013,001,1795
382.1225,382.1292,23750,33340,Plecotus austriacus,0.011,0.024,-1,Echolocation,/mnt/ubna_data_02_mir/recover-20221013/UBNA_001/20221012_030000.WAV,Telephone Field,recover-20221013,001,1795
382.1305,382.1653,68437,81045,Rhinolophus ferrumequinum,0.025,0.025,-1,Echolocation,/mnt/ubna_data_02_mir/recover-20221013/UBNA_001/20221012_030000.WAV,Telephone Field,recover-20221013,001,1795
382.1855,382.1955,28906,35580,Eptesicus serotinus,0.009,0.021,-1,Echolocation,/mnt/ubna_data_02_mir/recover-20221013/UBNA_001/20221012_030000.WAV,Telephone Field,recover-20221013,001,1795
382.1955,382.2345,68437,82380,Rhinolophus ferrumequinum,0.024,0.024,-1,Echolocation,/mnt/ubna_data_02_mir/recover-20221013/UBNA_001/20221012_030000.WAV,Telephone Field,recover-20221013,001,1795
382.2245,382.2635,68437,82118,Rhinolophus ferrumequinum,0.023,0.023,-1,Echolocation,/mnt/ubna_data_02_mir/recover-20221013/UBNA_001/20221012_030000.WAV,Telephone Field,recover-20221013,001,1795
382.22950000000003,382.2399,22890,28212,Nyctalus leisleri,0.01,0.021,-1,Echolocation,/mnt/ubna_data_02_mir/recover-20221013/UBNA_001/20221012_030000.WAV,Telephone Field,recover-20221013,001,1795
382.2485,382.2888,68437,82611,Rhinolophus ferrumequinum,0.03,0.03,-1,Echolocation,/mnt/ubna_data_02_mir/recover-20221013/UBNA_001/20221012_030000.WAV,Telephone Field,recover-20221013,001,1795
382.2505,382.2609,28046,35475,Eptesicus serotinus,0.016,0.029,-1,Echolocation,/mnt/ubna_data_02_mir/recover-20221013/UBNA_001/20221012_030000.WAV,Telephone Field,recover-20221013,001,1795
382.2615,382.2717,23750,29610,Nyctalus leisleri,0.009,0.022,-1,Echolocation,/mnt/ubna_data_02_mir/recover-20221013/UBNA_001/20221012_030000.WAV,Telephone Field,recover-20221013,001,1795
382.3225,382.3596,68437,81928,Rhinolophus ferrumequinum,0.021,0.021,-1,Echolocation,/mnt/ubna_data_02_mir/recover-20221013/UBNA_001/20221012_030000.WAV,Telephone Field,recover-20221013,001,1795
382.33050000000003,382.3675,68437,81576,Rhinolophus ferrumequinum,0.02,0.021,-1,Echolocation,/mnt/ubna_data_02_mir/recover-20221013/UBNA_001/20221012_030000.WAV,Telephone Field,recover-20221013,001,1795
382.3455,382.358,28906,34734,Eptesicus serotinus,0.011,0.023,-1,Echolocation,/mnt/ubna_data_02_mir/recover-20221013/UBNA_001/20221012_030000.WAV,Telephone Field,recover-20221013,001,1795
382.3675,382.4062,68437,82040,Rhinolophus ferrumequinum,0.026,0.026,-1,Echolocation,/mnt/ubna_data_02_mir/recover-20221013/UBNA_001/20221012_030000.WAV,Telephone Field,recover-20221013,001,1795
382.3765,382.4156,68437,82031,Rhinolophus ferrumequinum,0.022,0.022,-1,Echolocation,/mnt/ubna_data_02_mir/recover-20221013/UBNA_001/20221012_030000.WAV,Telephone Field,recover-20221013,001,1795
382.3835,382.4238,68437,82726,Rhinolophus ferrumequinum,0.02,0.021,-1,Echolocation,/mnt/ubna_data_02_mir/recover-20221013/UBNA_001/20221012_030000.WAV,Telephone Field,recover-20221013,001,1795
382.3985,382.4396,68437,82551,Rhinolophus ferrumequinum,0.022,0.022,-1,Echolocation,/mnt/ubna_data_02_mir/recover-20221013/UBNA_001/20221012_030000.WAV,Telephone Field,recover-20221013,001,1795
382.4065,382.447,68437,82715,Rhinolophus ferrumequinum,0.021,0.021,-1,Echolocation,/mnt/ubna_data_02_mir/recover-20221013/UBNA_001/20221012_030000.WAV,Telephone Field,recover-20221013,001,1795
382.4145,382.4558,68437,82863,Rhinolophus ferrumequinum,0.023,0.023,-1,Echolocation,/mnt/ubna_data_02_mir/recover-20221013/UBNA_001/20221012_030000.WAV,Telephone Field,recover-20221013,001,1795
382.4365,382.4461,22890,29223,Nyctalus leisleri,0.009,0.025,-1,Echolocation,/mnt/ubna_data_02_mir/recover-20221013/UBNA_001/20221012_030000.WAV,Telephone Field,recover-20221013,001,1795
382.4385,382.4761,68437,82257,Rhinolophus ferrumequinum,0.023,0.023,-1,Echolocation,/mnt/ubna_data_02_mir/recover-20221013/UBNA_001/20221012_030000.WAV,Telephone Field,recover-20221013,001,1795
382.4715,382.5113,68437,82754,Rhinolophus ferrumequinum,0.023,0.023,-1,Echolocation,/mnt/ubna_data_02_mir/recover-20221013/UBNA_001/20221012_030000.WAV,Telephone Field,recover-20221013,001,1795
382.5065,382.5502,68437,82721,Rhinolophus ferrumequinum,0.024,0.024,-1,Echolocation,/mnt/ubna_data_02_mir/recover-20221013/UBNA_001/20221012_030000.WAV,Telephone Field,recover-20221013,001,1795
382.5345,382.5756,68437,83099,Rhinolophus ferrumequinum,0.024,0.024,-1,Echolocation,/mnt/ubna_data_02_mir/recover-20221013/UBNA_001/20221012_030000.WAV,Telephone Field,recover-20221013,001,1795
382.5385,382.553,21171,24508,Nyctalus leisleri,0.014,0.022,-1,Echolocation,/mnt/ubna_data_02_mir/recover-20221013/UBNA_001/20221012_030000.WAV,Telephone Field,recover-20221013,001,1795
382.5505,382.5881,68437,81983,Rhinolophus ferrumequinum,0.021,0.022,-1,Echolocation,/mnt/ubna_data_02_mir/recover-20221013/UBNA_001/20221012_030000.WAV,Telephone Field,recover-20221013,001,1795
382.5595,382.5986,68437,82171,Rhinolophus ferrumequinum,0.021,0.021,-1,Echolocation,/mnt/ubna_data_02_mir/recover-20221013/UBNA_001/20221012_030000.WAV,Telephone Field,recover-20221013,001,1795
382.58050000000003,382.5924,34062,43019,Eptesicus serotinus,0.006,0.025,-1,Echolocation,/mnt/ubna_data_02_mir/recover-20221013/UBNA_001/20221012_030000.WAV,Telephone Field,recover-20221013,001,1795
382.5825,382.6173,68437,80975,Rhinolophus ferrumequinum,0.022,0.022,-1,Echolocation,/mnt/ubna_data_02_mir/recover-20221013/UBNA_001/20221012_030000.WAV,Telephone Field,recover-20221013,001,1795
382.5975,382.6069,22890,28975,Nyctalus leisleri,0.006,0.02,-1,Echolocation,/mnt/ubna_data_02_mir/recover-20221013/UBNA_001/20221012_030000.WAV,Telephone Field,recover-20221013,001,1795
382.6105,382.6184,27187,35776,Eptesicus serotinus,0.011,0.027,-1,Echolocation,/mnt/ubna_data_02_mir/recover-20221013/UBNA_001/20221012_030000.WAV,Telephone Field,recover-20221013,001,1795
382.6215,382.6628,68437,82230,Rhinolophus ferrumequinum,0.03,0.03,-1,Echolocation,/mnt/ubna_data_02_mir/recover-20221013/UBNA_001/20221012_030000.WAV,Telephone Field,recover-20221013,001,1795
382.6425,382.6787,68437,81539,Rhinolophus ferrumequinum,0.021,0.021,-1,Echolocation,/mnt/ubna_data_02_mir/recover-20221013/UBNA_001/20221012_030000.WAV,Telephone Field,recover-20221013,001,1795
382.6605,382.67,37500,43534,Barbastellus barbastellus,0.006,0.022,-1,Echolocation,/mnt/ubna_data_02_mir/recover-20221013/UBNA_001/20221012_030000.WAV,Telephone Field,recover-20221013,001,1795
382.6785,382.7146,68437,81762,Rhinolophus ferrumequinum,0.021,0.021,-1,Echolocation,/mnt/ubna_data_02_mir/recover-20221013/UBNA_001/20221012_030000.WAV,Telephone Field,recover-20221013,001,1795
382.7005,382.7414,68437,82953,Rhinolophus ferrumequinum,0.035,0.035,-1,Echolocation,/mnt/ubna_data_02_mir/recover-20221013/UBNA_001/20221012_030000.WAV,Telephone Field,recover-20221013,001,1795
382.7285,382.7653,68437,81854,Rhinolophus ferrumequinum,0.02,0.02,-1,Echolocation,/mnt/ubna_data_02_mir/recover-20221013/UBNA_001/20221012_030000.WAV,Telephone Field,recover-20221013,001,1795
382.7395,382.7802,68437,82485,Rhinolophus ferrumequinum,0.022,0.023,-1,Echolocation,/mnt/ubna_data_02_mir/recover-20221013/UBNA_001/20221012_030000.WAV,Telephone Field,recover-20221013,001,1795
382.7835,382.8239,68437,82104,Rhinolophus ferrumequinum,0.022,0.022,-1,Echolocation,/mnt/ubna_data_02_mir/recover-20221013/UBNA_001/20221012_030000.WAV,Telephone Field,recover-20221013,001,1795
382.8865,382.9219,68437,81548,Rhinolophus ferrumequinum,0.023,0.023,-1,Echolocation,/mnt/ubna_data_02_mir/recover-20221013/UBNA_001/20221012_030000.WAV,Telephone Field,recover-20221013,001,1795
382.8995,382.9075,28906,37304,Eptesicus serotinus,0.007,0.022,-1,Echolocation,/mnt/ubna_data_02_mir/recover-20221013/UBNA_001/20221012_030000.WAV,Telephone Field,recover-20221013,001,1795
382.9525,382.9939,68437,82480,Rhinolophus ferrumequinum,0.026,0.026,-1,Echolocation,/mnt/ubna_data_02_mir/recover-20221013/UBNA_001/20221012_030000.WAV,Telephone Field,recover-20221013,001,1795
382.9965,383.0409,68437,83747,Rhinolophus ferrumequinum,0.062,0.062,-1,Echolocation,/mnt/ubna_data_02_mir/recover-20221013/UBNA_001/20221012_030000.WAV,Telephone Field,recover-20221013,001,1795
383.0135,383.0215,28046,39091,Eptesicus serotinus,0.01,0.026,-1,Echolocation,/mnt/ubna_data_02_mir/recover-20221013/UBNA_001/20221012_030000.WAV,Telephone Field,recover-20221013,001,1795
383.0265,383.063,68437,81511,Rhinolophus ferrumequinum,0.021,0.021,-1,Echolocation,/mnt/ubna_data_02_mir/recover-20221013/UBNA_001/20221012_030000.WAV,Telephone Field,recover-20221013,001,1795
383.0295,383.0367,27187,38279,Eptesicus serotinus,0.006,0.021,-1,Echolocation,/mnt/ubna_data_02_mir/recover-20221013/UBNA_001/20221012_030000.WAV,Telephone Field,recover-20221013,001,1795
383.0405,383.0518,22031,25943,Nyctalus leisleri,0.013,0.022,-1,Echolocation,/mnt/ubna_data_02_mir/recover-20221013/UBNA_001/20221012_030000.WAV,Telephone Field,recover-20221013,001,1795
383.0475,383.0872,68437,82940,Rhinolophus ferrumequinum,0.029,0.029,-1,Echolocation,/mnt/ubna_data_02_mir/recover-20221013/UBNA_001/20221012_030000.WAV,Telephone Field,recover-20221013,001,1795
383.0915,383.1332,68437,83273,Rhinolophus ferrumequinum,0.033,0.033,-1,Echolocation,/mnt/ubna_data_02_mir/recover-20221013/UBNA_001/20221012_030000.WAV,Telephone Field,recover-20221013,001,1795
383.1345,383.1753,68437,82900,Rhinolophus ferrumequinum,0.027,0.027,-1,Echolocation,/mnt/ubna_data_02_mir/recover-20221013/UBNA_001/20221012_030000.WAV,Telephone Field,recover-20221013,001,1795
383.1675,383.2096,68437,82273,Rhinolophus ferrumequinum,0.023,0.023,-1,Echolocation,/mnt/ubna_data_02_mir/recover-20221013/UBNA_001/20221012_030000.WAV,Telephone Field,recover-20221013,001,1795
383.1975,383.2065,23750,30776,Nyctalus leisleri,0.007,0.022,-1,Echolocation,/mnt/ubna_data_02_mir/recover-20221013/UBNA_001/20221012_030000.WAV,Telephone Field,recover-20221013,001,1795
383.2045,383.2461,68437,82426,Rhinolophus ferrumequinum,0.021,0.021,-1,Echolocation,/mnt/ubna_data_02_mir/recover-20221013/UBNA_001/20221012_030000.WAV,Telephone Field,recover-20221013,001,1795
383.2065,383.2205,22890,26367,Nyctalus leisleri,0.013,0.023,-1,Echolocation,/mnt/ubna_data_02_mir/recover-20221013/UBNA_001/20221012_030000.WAV,Telephone Field,recover-20221013,001,1795
383.2115,383.2497,68437,82217,Rhinolophus ferrumequinum,0.021,0.021,-1,Echolocation,/mnt/ubna_data_02_mir/recover-20221013/UBNA_001/20221012_030000.WAV,Telephone Field,recover-20221013,001,1795
383.2195,383.22860000000003,28046,39359,Eptesicus serotinus,0.008,0.021,-1,Echolocation,/mnt/ubna_data_02_mir/recover-20221013/UBNA_001/20221012_030000.WAV,Telephone Field,recover-20221013,001,1795
383.2485,383.2871,68437,81768,Rhinolophus ferrumequinum,0.02,0.02,-1,Echolocation,/mnt/ubna_data_02_mir/recover-20221013/UBNA_001/20221012_030000.WAV,Telephone Field,recover-20221013,001,1795
383.2555,383.2667,23750,29452,Nyctalus leisleri,0.011,0.026,-1,Echolocation,/mnt/ubna_data_02_mir/recover-20221013/UBNA_001/20221012_030000.WAV,Telephone Field,recover-20221013,001,1795
383.27049999999997,383.3095,68437,81258,Rhinolophus ferrumequinum,0.021,0.021,-1,Echolocation,/mnt/ubna_data_02_mir/recover-20221013/UBNA_001/20221012_030000.WAV,Telephone Field,recover-20221013,001,1795
383.2775,383.3178,68437,82750,Rhinolophus ferrumequinum,0.024,0.024,-1,Echolocation,/mnt/ubna_data_02_mir/recover-20221013/UBNA_001/20221012_030000.WAV,Telephone Field,recover-20221013,001,1795
383.2825,383.3201,68437,82071,Rhinolophus ferrumequinum,0.024,0.024,-1,Echolocation,/mnt/ubna_data_02_mir/recover-20221013/UBNA_001/20221012_030000.WAV,Telephone Field,recover-20221013,001,1795
383.2875,383.3248,68437,81853,Rhinolophus ferrumequinum,0.024,0.024,-1,Echolocation,/mnt/ubna_data_02_mir/recover-20221013/UBNA_001/20221012_030000.WAV,Telephone Field,recover-20221013,001,1795
383.3385,383.383,68437,83460,Rhinolophus ferrumequinum,0.037,0.037,-1,Echolocation,/mnt/ubna_data_02_mir/recover-20221013/UBNA_001/20221012_030000.WAV,Telephone Field,recover-20221013,001,1795
383.3425,383.3534,45234,49365,Pipistrellus pipistrellus,0.022,0.025,-1,Echolocation,/mnt/ubna_data_02_mir/recover-20221013/UBNA_001/20221012_030000.WAV,Telephone Field,recover-20221013,001,1795
383.3655,383.4028,68437,82257,Rhinolophus ferrumequinum,0.021,0.021,-1,Echolocation,/mnt/ubna_data_02_mir/recover-20221013/UBNA_001/20221012_030000.WAV,Telephone Field,recover-20221013,001,1795
383.4075,383.442,68437,81742,Rhinolophus ferrumequinum,0.027,0.027,-1,Echolocation,/mnt/ubna_data_02_mir/recover-20221013/UBNA_001/20221012_030000.WAV,Telephone Field,recover-20221013,001,1795
383.4455,383.4856,68437,82376,Rhinolophus ferrumequinum,0.022,0.022,-1,Echolocation,/mnt/ubna_data_02_mir/recover-20221013/UBNA_001/20221012_030000.WAV,Telephone Field,recover-20221013,001,1795
383.4535,383.4924,68437,82438,Rhinolophus ferrumequinum,0.021,0.021,-1,Echolocation,/mnt/ubna_data_02_mir/recover-20221013/UBNA_001/20221012_030000.WAV,Telephone Field,recover-20221013,001,1795
383.4695,383.5079,68437,82338,Rhinolophus ferrumequinum,0.025,0.025,-1,Echolocation,/mnt/ubna_data_02_mir/recover-20221013/UBNA_001/20221012_030000.WAV,Telephone Field,recover-20221013,001,1795
383.4865,383.5265,68437,82077,Rhinolophus ferrumequinum,0.022,0.022,-1,Echolocation,/mnt/ubna_data_02_mir/recover-20221013/UBNA_001/20221012_030000.WAV,Telephone Field,recover-20221013,001,1795
383.5105,383.519,28046,39026,Eptesicus serotinus,0.007,0.021,-1,Echolocation,/mnt/ubna_data_02_mir/recover-20221013/UBNA_001/20221012_030000.WAV,Telephone Field,recover-20221013,001,1795
383.5115,383.5502,68437,82257,Rhinolophus ferrumequinum,0.027,0.028,-1,Echolocation,/mnt/ubna_data_02_mir/recover-20221013/UBNA_001/20221012_030000.WAV,Telephone Field,recover-20221013,001,1795
383.52049999999997,383.5587,68437,81923,Rhinolophus ferrumequinum,0.023,0.023,-1,Echolocation,/mnt/ubna_data_02_mir/recover-20221013/UBNA_001/20221012_030000.WAV,Telephone Field,recover-20221013,001,1795
383.5325,383.5461,22890,27458,Nyctalus leisleri,0.018,0.033,-1,Echolocation,/mnt/ubna_data_02_mir/recover-20221013/UBNA_001/20221012_030000.WAV,Telephone Field,recover-20221013,001,1795
383.6305,383.63779999999997,27187,40934,Eptesicus serotinus,0.008,0.026,-1,Echolocation,/mnt/ubna_data_02_mir/recover-20221013/UBNA_001/20221012_030000.WAV,Telephone Field,recover-20221013,001,1795
383.6955,383.7331,68437,82008,Rhinolophus ferrumequinum,0.022,0.022,-1,Echolocation,/mnt/ubna_data_02_mir/recover-20221013/UBNA_001/20221012_030000.WAV,Telephone Field,recover-20221013,001,1795
383.7105,383.7486,68437,81905,Rhinolophus ferrumequinum,0.026,0.026,-1,Echolocation,/mnt/ubna_data_02_mir/recover-20221013/UBNA_001/20221012_030000.WAV,Telephone Field,recover-20221013,001,1795
383.7125,383.7233,22031,27274,Nyctalus leisleri,0.012,0.026,-1,Echolocation,/mnt/ubna_data_02_mir/recover-20221013/UBNA_001/20221012_030000.WAV,Telephone Field,recover-20221013,001,1795
383.7605,383.77139999999997,28906,35625,Eptesicus serotinus,0.011,0.024,-1,Echolocation,/mnt/ubna_data_02_mir/recover-20221013/UBNA_001/20221012_030000.WAV,Telephone Field,recover-20221013,001,1795
383.7665,383.8045,68437,82213,Rhinolophus ferrumequinum,0.021,0.021,-1,Echolocation,/mnt/ubna_data_02_mir/recover-20221013/UBNA_001/20221012_030000.WAV,Telephone Field,recover-20221013,001,1795
383.7905,383.7984,27187,36276,Eptesicus serotinus,0.01,0.027,-1,Echolocation,/mnt/ubna_data_02_mir/recover-20221013/UBNA_001/20221012_030000.WAV,Telephone Field,recover-20221013,001,1795
383.7925,383.8307,68437,82343,Rhinolophus ferrumequinum,0.021,0.021,-1,Echolocation,/mnt/ubna_data_02_mir/recover-20221013/UBNA_001/20221012_030000.WAV,Telephone Field,recover-20221013,001,1795
383.8125,383.8512,68437,82059,Rhinolophus ferrumequinum,0.02,0.02,-1,Echolocation,/mnt/ubna_data_02_mir/recover-20221013/UBNA_001/20221012_030000.WAV,Telephone Field,recover-20221013,001,1795
383.8395,383.8786,68437,81972,Rhinolophus ferrumequinum,0.024,0.024,-1,Echolocation,/mnt/ubna_data_02_mir/recover-20221013/UBNA_001/20221012_030000.WAV,Telephone Field,recover-20221013,001,1795
383.8535,383.8935,68437,82474,Rhinolophus ferrumequinum,0.025,0.025,-1,Echolocation,/mnt/ubna_data_02_mir/recover-20221013/UBNA_001/20221012_030000.WAV,Telephone Field,recover-20221013,001,1795
383.8685,383.9108,68437,82931,Rhinolophus ferrumequinum,0.024,0.024,-1,Echolocation,/mnt/ubna_data_02_mir/recover-20221013/UBNA_001/20221012_030000.WAV,Telephone Field,recover-20221013,001,1795
383.9125,383.9532,68437,82985,Rhinolophus ferrumequinum,0.023,0.024,-1,Echolocation,/mnt/ubna_data_02_mir/recover-20221013/UBNA_001/20221012_030000.WAV,Telephone Field,recover-20221013,001,1795
383.9125,383.9299,22890,26200,Nyctalus leisleri,0.084,0.163,-1,Echolocation,/mnt/ubna_data_02_mir/recover-20221013/UBNA_001/20221012_030000.WAV,Telephone Field,recover-20221013,001,1795
384.0015,384.0319,68437,80187,Rhinolophus ferrumequinum,0.047,0.048,-1,Echolocation,/mnt/ubna_data_02_mir/recover-20221013/UBNA_001/20221012_030000.WAV,Telephone Field,recover-20221013,001,1795
384.0015,384.0074,46953,53234,Pipistrellus pipistrellus,0.014,0.02,-1,Echolocation,/mnt/ubna_data_02_mir/recover-20221013/UBNA_001/20221012_030000.WAV,Telephone Field,recover-20221013,001,1795
384.0015,384.0098,38359,48270,Pipistrellus nathusii,0.006,0.024,-1,Echolocation,/mnt/ubna_data_02_mir/recover-20221013/UBNA_001/20221012_030000.WAV,Telephone Field,recover-20221013,001,1795
384.0015,384.0106,22031,28527,Nyctalus leisleri,0.009,0.029,-1,Echolocation,/mnt/ubna_data_02_mir/recover-20221013/UBNA_001/20221012_030000.WAV,Telephone Field,recover-20221013,001,1795
384.0745,384.1111,68437,81948,Rhinolophus ferrumequinum,0.022,0.022,-1,Echolocation,/mnt/ubna_data_02_mir/recover-20221013/UBNA_001/20221012_030000.WAV,Telephone Field,recover-20221013,001,1795
384.1105,384.1538,68437,82851,Rhinolophus ferrumequinum,0.029,0.029,-1,Echolocation,/mnt/ubna_data_02_mir/recover-20221013/UBNA_001/20221012_030000.WAV,Telephone Field,recover-20221013,001,1795
384.1125,384.119,33203,43986,Barbastellus barbastellus,0.012,0.034,-1,Echolocation,/mnt/ubna_data_02_mir/recover-20221013/UBNA_001/20221012_030000.WAV,Telephone Field,recover-20221013,001,1795
384.1425,384.15,31484,44245,Myotis daubentonii,0.008,0.021,-1,Echolocation,/mnt/ubna_data_02_mir/recover-20221013/UBNA_001/20221012_030000.WAV,Telephone Field,recover-20221013,001,1795
384.1505,384.1916,68437,82624,Rhinolophus ferrumequinum,0.025,0.025,-1,Echolocation,/mnt/ubna_data_02_mir/recover-20221013/UBNA_001/20221012_030000.WAV,Telephone Field,recover-20221013,001,1795
384.1795,384.2154,68437,81284,Rhinolophus ferrumequinum,0.024,0.024,-1,Echolocation,/mnt/ubna_data_02_mir/recover-20221013/UBNA_001/20221012_030000.WAV,Telephone Field,recover-20221013,001,1795
384.1795,384.1884,45234,55698,Pipistrellus pipistrellus,0.014,0.022,-1,Echolocation,/mnt/ubna_data_02_mir/recover-20221013/UBNA_001/20221012_030000.WAV,Telephone Field,recover-20221013,001,1795
384.1845,384.1916,23750,34284,Plecotus austriacus,0.01,0.023,-1,Echolocation,/mnt/ubna_data_02_mir/recover-20221013/UBNA_001/20221012_030000.WAV,Telephone Field,recover-20221013,001,1795
384.2015,384.2421,68437,82436,Rhinolophus ferrumequinum,0.024,0.024,-1,Echolocation,/mnt/ubna_data_02_mir/recover-20221013/UBNA_001/20221012_030000.WAV,Telephone Field,recover-20221013,001,1795
384.2275,384.2666,68437,82527,Rhinolophus ferrumequinum,0.027,0.027,-1,Echolocation,/mnt/ubna_data_02_mir/recover-20221013/UBNA_001/20221012_030000.WAV,Telephone Field,recover-20221013,001,1795
384.2395,384.27909999999997,68437,82177,Rhinolophus ferrumequinum,0.02,0.02,-1,Echolocation,/mnt/ubna_data_02_mir/recover-20221013/UBNA_001/20221012_030000.WAV,Telephone Field,recover-20221013,001,1795
384.2735,384.3166,68437,82791,Rhinolophus ferrumequinum,0.022,0.022,-1,Echolocation,/mnt/ubna_data_02_mir/recover-20221013/UBNA_001/20221012_030000.WAV,Telephone Field,recover-20221013,001,1795
384.2785,384.3177,68437,82900,Rhinolophus ferrumequinum,0.022,0.022,-1,Echolocation,/mnt/ubna_data_02_mir/recover-20221013/UBNA_001/20221012_030000.WAV,Telephone Field,recover-20221013,001,1795
384.3095,384.3504,68437,82628,Rhinolophus ferrumequinum,0.023,0.024,-1,Echolocation,/mnt/ubna_data_02_mir/recover-20221013/UBNA_001/20221012_030000.WAV,Telephone Field,recover-20221013,001,1795
384.3355,384.3758,68437,82783,Rhinolophus ferrumequinum,0.026,0.026,-1,Echolocation,/mnt/ubna_data_02_mir/recover-20221013/UBNA_001/20221012_030000.WAV,Telephone Field,recover-20221013,001,1795
384.3565,384.3689,32343,37630,Eptesicus serotinus,0.009,0.029,-1,Echolocation,/mnt/ubna_data_02_mir/recover-20221013/UBNA_001/20221012_030000.WAV,Telephone Field,recover-20221013,001,1795
384.41949999999997,384.4566,68437,82370,Rhinolophus ferrumequinum,0.022,0.022,-1,Echolocation,/mnt/ubna_data_02_mir/recover-20221013/UBNA_001/20221012_030000.WAV,Telephone Field,recover-20221013,001,1795
384.4365,384.445,27187,35657,Eptesicus serotinus,0.009,0.021,-1,Echolocation,/mnt/ubna_data_02_mir/recover-20221013/UBNA_001/20221012_030000.WAV,Telephone Field,recover-20221013,001,1795
384.4445,384.483,68437,83092,Rhinolophus ferrumequinum,0.026,0.026,-1,Echolocation,/mnt/ubna_data_02_mir/recover-20221013/UBNA_001/20221012_030000.WAV,Telephone Field,recover-20221013,001,1795
384.4515,384.493,68437,83048,Rhinolophus ferrumequinum,0.021,0.021,-1,Echolocation,/mnt/ubna_data_02_mir/recover-20221013/UBNA_001/20221012_030000.WAV,Telephone Field,recover-20221013,001,1795
384.4695,384.4781,28046,38025,Eptesicus serotinus,0.011,0.023,-1,Echolocation,/mnt/ubna_data_02_mir/recover-20221013/UBNA_001/20221012_030000.WAV,Telephone Field,recover-20221013,001,1795
384.4705,384.5138,68437,82521,Rhinolophus ferrumequinum,0.027,0.027,-1,Echolocation,/mnt/ubna_data_02_mir/recover-20221013/UBNA_001/20221012_030000.WAV,Telephone Field,recover-20221013,001,1795
384.47950000000003,384.4891,45234,48742,Pipistrellus pipistrellus,0.019,0.021,-1,Echolocation,/mnt/ubna_data_02_mir/recover-20221013/UBNA_001/20221012_030000.WAV,Telephone Field,recover-20221013,001,1795
384.4875,384.5008,25468,31668,Eptesicus serotinus,0.011,0.026,-1,Echolocation,/mnt/ubna_data_02_mir/recover-20221013/UBNA_001/20221012_030000.WAV,Telephone Field,recover-20221013,001,1795
384.4995,384.5391,68437,82677,Rhinolophus ferrumequinum,0.022,0.023,-1,Echolocation,/mnt/ubna_data_02_mir/recover-20221013/UBNA_001/20221012_030000.WAV,Telephone Field,recover-20221013,001,1795
384.5075,384.514,32343,44556,Myotis daubentonii,0.01,0.024,-1,Echolocation,/mnt/ubna_data_02_mir/recover-20221013/UBNA_001/20221012_030000.WAV,Telephone Field,recover-20221013,001,1795
384.5245,384.5617,68437,81908,Rhinolophus ferrumequinum,0.022,0.022,-1,Echolocation,/mnt/ubna_data_02_mir/recover-20221013/UBNA_001/20221012_030000.WAV,Telephone Field,recover-20221013,001,1795
384.6065,384.6163,28046,38416,Eptesicus serotinus,0.01,0.024,-1,Echolocation,/mnt/ubna_data_02_mir/recover-20221013/UBNA_001/20221012_030000.WAV,Telephone Field,recover-20221013,001,1795
384.6295,384.6724,68437,83099,Rhinolophus ferrumequinum,0.03,0.03,-1,Echolocation,/mnt/ubna_data_02_mir/recover-20221013/UBNA_001/20221012_030000.WAV,Telephone Field,recover-20221013,001,1795
384.6325,384.6412,27187,39172,Eptesicus serotinus,0.007,0.021,-1,Echolocation,/mnt/ubna_data_02_mir/recover-20221013/UBNA_001/20221012_030000.WAV,Telephone Field,recover-20221013,001,1795
384.6485,384.6831,68437,81137,Rhinolophus ferrumequinum,0.021,0.022,-1,Echolocation,/mnt/ubna_data_02_mir/recover-20221013/UBNA_001/20221012_030000.WAV,Telephone Field,recover-20221013,001,1795
384.7755,384.8142,68437,82572,Rhinolophus ferrumequinum,0.022,0.022,-1,Echolocation,/mnt/ubna_data_02_mir/recover-20221013/UBNA_001/20221012_030000.WAV,Telephone Field,recover-20221013,001,1795
384.7765,384.7944,22031,25725,Nyctalus leisleri,0.025,0.044,-1,Echolocation,/mnt/ubna_data_02_mir/recover-20221013/UBNA_001/20221012_030000.WAV,Telephone Field,recover-20221013,001,1795
384.7845,384.8242,68437,82362,Rhinolophus ferrumequinum,0.024,0.024,-1,Echolocation,/mnt/ubna_data_02_mir/recover-20221013/UBNA_001/20221012_030000.WAV,Telephone Field,recover-20221013,001,1795
384.8055,384.8448,68437,82404,Rhinolophus ferrumequinum,0.024,0.024,-1,Echolocation,/mnt/ubna_data_02_mir/recover-20221013/UBNA_001/20221012_030000.WAV,Telephone Field,recover-20221013,001,1795
384.8135,384.8528,68437,82918,Rhinolophus ferrumequinum,0.029,0.029,-1,Echolocation,/mnt/ubna_data_02_mir/recover-20221013/UBNA_001/20221012_030000.WAV,Telephone Field,recover-20221013,001,1795
384.8225,384.8286,28046,43023,Eptesicus serotinus,0.006,0.024,-1,Echolocation,/mnt/ubna_data_02_mir/recover-20221013/UBNA_001/20221012_030000.WAV,Telephone Field,recover-20221013,001,1795
384.8405,384.847,25468,36101,Eptesicus serotinus,0.005,0.02,-1,Echolocation,/mnt/ubna_data_02_mir/recover-20221013/UBNA_001/20221012_030000.WAV,Telephone Field,recover-20221013,001,1795
384.8625,384.8771,22890,26640,Nyctalus leisleri,0.021,0.034,-1,Echolocation,/mnt/ubna_data_02_mir/recover-20221013/UBNA_001/20221012_030000.WAV,Telephone Field,recover-20221013,001,1795
384.9055,384.91610000000003,23750,29768,Nyctalus leisleri,0.013,0.03,-1,Echolocation,/mnt/ubna_data_02_mir/recover-20221013/UBNA_001/20221012_030000.WAV,Telephone Field,recover-20221013,001,1795
384.9585,384.9984,68437,82462,Rhinolophus ferrumequinum,0.023,0.023,-1,Echolocation,/mnt/ubna_data_02_mir/recover-20221013/UBNA_001/20221012_030000.WAV,Telephone Field,recover-20221013,001,1795
384.9965,385.0333,68437,81613,Rhinolophus ferrumequinum,0.021,0.021,-1,Echolocation,/mnt/ubna_data_02_mir/recover-20221013/UBNA_001/20221012_030000.WAV,Telephone Field,recover-20221013,001,1795
385.0155,385.0251,24609,32155,Nyctalus leisleri,0.007,0.023,-1,Echolocation,/mnt/ubna_data_02_mir/recover-20221013/UBNA_001/20221012_030000.WAV,Telephone Field,recover-20221013,001,1795
385.0255,385.0335,28046,39426,Eptesicus serotinus,0.007,0.021,-1,Echolocation,/mnt/ubna_data_02_mir/recover-20221013/UBNA_001/20221012_030000.WAV,Telephone Field,recover-20221013,001,1795
385.0675,385.0836,22031,25897,Nyctalus leisleri,0.016,0.028,-1,Echolocation,/mnt/ubna_data_02_mir/recover-20221013/UBNA_001/20221012_030000.WAV,Telephone Field,recover-20221013,001,1795
385.0705,385.1145,68437,82929,Rhinolophus ferrumequinum,0.052,0.052,-1,Echolocation,/mnt/ubna_data_02_mir/recover-20221013/UBNA_001/20221012_030000.WAV,Telephone Field,recover-20221013,001,1795
385.0915,385.1017,28046,35381,Eptesicus serotinus,0.011,0.024,-1,Echolocation,/mnt/ubna_data_02_mir/recover-20221013/UBNA_001/20221012_030000.WAV,Telephone Field,recover-20221013,001,1795
385.1265,385.1363,23750,29935,Nyctalus leisleri,0.008,0.024,-1,Echolocation,/mnt/ubna_data_02_mir/recover-20221013/UBNA_001/20221012_030000.WAV,Telephone Field,recover-20221013,001,1795
385.1625,385.2015,68437,82411,Rhinolophus ferrumequinum,0.024,0.024,-1,Echolocation,/mnt/ubna_data_02_mir/recover-20221013/UBNA_001/20221012_030000.WAV,Telephone Field,recover-20221013,001,1795
385.1655,385.1756,28046,36006,Eptesicus serotinus,0.011,0.024,-1,Echolocation,/mnt/ubna_data_02_mir/recover-20221013/UBNA_001/20221012_030000.WAV,Telephone Field,recover-20221013,001,1795
385.1945,385.2103,21171,24720,Nyctalus leisleri,0.014,0.024,-1,Echolocation,/mnt/ubna_data_02_mir/recover-20221013/UBNA_001/20221012_030000.WAV,Telephone Field,recover-20221013,001,1795
385.2035,385.2436,68437,82974,Rhinolophus ferrumequinum,0.021,0.021,-1,Echolocation,/mnt/ubna_data_02_mir/recover-20221013/UBNA_001/20221012_030000.WAV,Telephone Field,recover-20221013,001,1795
385.2195,385.2598,68437,81989,Rhinolophus ferrumequinum,0.022,0.022,-1,Echolocation,/mnt/ubna_data_02_mir/recover-20221013/UBNA_001/20221012_030000.WAV,Telephone Field,recover-20221013,001,1795
385.2275,385.2361,28906,38766,Eptesicus serotinus,0.008,0.021,-1,Echolocation,/mnt/ubna_data_02_mir/recover-20221013/UBNA_001/20221012_030000.WAV,Telephone Field,recover-20221013,001,1795
385.2275,385.2673,68437,82772,Rhinolophus ferrumequinum,0.025,0.025,-1,Echolocation,/mnt/ubna_data_02_mir/recover-20221013/UBNA_001/20221012_030000.WAV,Telephone Field,recover-20221013,001,1795
385.2935,385.3285,68437,81273,Rhinolophus ferrumequinum,0.021,0.021,-1,Echolocation,/mnt/ubna_data_02_mir/recover-20221013/UBNA_001/20221012_030000.WAV,Telephone Field,recover-20221013,001,1795
385.3585,385.3977,68437,82605,Rhinolophus ferrumequinum,0.027,0.027,-1,Echolocation,/mnt/ubna_data_02_mir/recover-20221013/UBNA_001/20221012_030000.WAV,Telephone Field,recover-20221013,001,1795
385.3665,385.4059,68437,82317,Rhinolophus ferrumequinum,0.029,0.029,-1,Echolocation,/mnt/ubna_data_02_mir/recover-20221013/UBNA_001/20221012_030000.WAV,Telephone Field,recover-20221013,001,1795
385.3925,385.4302,68437,81634,Rhinolophus ferrumequinum,0.022,0.022,-1,Echolocation,/mnt/ubna_data_02_mir/recover-20221013/UBNA_001/20221012_030000.WAV,Telephone Field,recover-20221013,001,1795
385.4255,385.4706,68437,83462,Rhinolophus ferrumequinum,0.034,0.034,-1,Echolocation,/mnt/ubna_data_02_mir/recover-20221013/UBNA_001/20221012_030000.WAV,Telephone Field,recover-20221013,001,1795
385.4755,385.5164,68437,82608,Rhinolophus ferrumequinum,0.022,0.022,-1,Echolocation,/mnt/ubna_data_02_mir/recover-20221013/UBNA_001/20221012_030000.WAV,Telephone Field,recover-20221013,001,1795
385.5055,385.5448,68437,82699,Rhinolophus ferrumequinum,0.022,0.022,-1,Echolocation,/mnt/ubna_data_02_mir/recover-20221013/UBNA_001/20221012_030000.WAV,Telephone Field,recover-20221013,001,1795
385.5125,385.5512,68437,82617,Rhinolophus ferrumequinum,0.023,0.023,-1,Echolocation,/mnt/ubna_data_02_mir/recover-20221013/UBNA_001/20221012_030000.WAV,Telephone Field,recover-20221013,001,1795
385.5305,385.5686,68437,82045,Rhinolophus ferrumequinum,0.021,0.021,-1,Echolocation,/mnt/ubna_data_02_mir/recover-20221013/UBNA_001/20221012_030000.WAV,Telephone Field,recover-20221013,001,1795
385.5385,385.5496,22890,27760,Nyctalus leisleri,0.01,0.021,-1,Echolocation,/mnt/ubna_data_02_mir/recover-20221013/UBNA_001/20221012_030000.WAV,Telephone Field,recover-20221013,001,1795
385.5545,385.5956,68437,83260,Rhinolophus ferrumequinum,0.032,0.032,-1,Echolocation,/mnt/ubna_data_02_mir/recover-20221013/UBNA_001/20221012_030000.WAV,Telephone Field,recover-20221013,001,1795
385.5555,385.5637,28046,38231,Eptesicus serotinus,0.007,0.02,-1,Echolocation,/mnt/ubna_data_02_mir/recover-20221013/UBNA_001/20221012_030000.WAV,Telephone Field,recover-20221013,001,1795
385.6095,385.6196,50390,53828,Pipistrellus pipistrellus,0.012,0.022,-1,Echolocation,/mnt/ubna_data_02_mir/recover-20221013/UBNA_001/20221012_030000.WAV,Telephone Field,recover-20221013,001,1795
385.6165,385.6543,68437,82558,Rhinolophus ferrumequinum,0.023,0.024,-1,Echolocation,/mnt/ubna_data_02_mir/recover-20221013/UBNA_001/20221012_030000.WAV,Telephone Field,recover-20221013,001,1795
385.6225,385.63,28046,37552,Eptesicus serotinus,0.007,0.02,-1,Echolocation,/mnt/ubna_data_02_mir/recover-20221013/UBNA_001/20221012_030000.WAV,Telephone Field,recover-20221013,001,1795
385.6605,385.66949999999997,50390,54171,Pipistrellus pipistrellus,0.029,0.033,-1,Echolocation,/mnt/ubna_data_02_mir/recover-20221013/UBNA_001/20221012_030000.WAV,Telephone Field,recover-20221013,001,1795
385.6855,385.7256,68437,82345,Rhinolophus ferrumequinum,0.023,0.023,-1,Echolocation,/mnt/ubna_data_02_mir/recover-20221013/UBNA_001/20221012_030000.WAV,Telephone Field,recover-20221013,001,1795
385.7025,385.739,68437,81773,Rhinolophus ferrumequinum,0.022,0.022,-1,Echolocation,/mnt/ubna_data_02_mir/recover-20221013/UBNA_001/20221012_030000.WAV,Telephone Field,recover-20221013,001,1795
385.7645,385.8051,68437,82683,Rhinolophus ferrumequinum,0.029,0.029,-1,Echolocation,/mnt/ubna_data_02_mir/recover-20221013/UBNA_001/20221012_030000.WAV,Telephone Field,recover-20221013,001,1795
385.8075,385.8154,25468,34372,Eptesicus serotinus,0.008,0.025,-1,Echolocation,/mnt/ubna_data_02_mir/recover-20221013/UBNA_001/20221012_030000.WAV,Telephone Field,recover-20221013,001,1795
385.8265,385.8685,68437,83497,Rhinolophus ferrumequinum,0.039,0.04,-1,Echolocation,/mnt/ubna_data_02_mir/recover-20221013/UBNA_001/20221012_030000.WAV,Telephone Field,recover-20221013,001,1795
385.8785,385.9167,68437,81878,Rhinolophus ferrumequinum,0.021,0.021,-1,Echolocation,/mnt/ubna_data_02_mir/recover-20221013/UBNA_001/20221012_030000.WAV,Telephone Field,recover-20221013,001,1795
385.8865,385.9268,68437,81784,Rhinolophus ferrumequinum,0.023,0.023,-1,Echolocation,/mnt/ubna_data_02_mir/recover-20221013/UBNA_001/20221012_030000.WAV,Telephone Field,recover-20221013,001,1795
385.9095,385.9176,50390,58662,Pipistrellus pipistrellus,0.018,0.021,-1,Echolocation,/mnt/ubna_data_02_mir/recover-20221013/UBNA_001/20221012_030000.WAV,Telephone Field,recover-20221013,001,1795
385.9375,385.975,68437,81843,Rhinolophus ferrumequinum,0.022,0.023,-1,Echolocation,/mnt/ubna_data_02_mir/recover-20221013/UBNA_001/20221012_030000.WAV,Telephone Field,recover-20221013,001,1795
385.9715,385.9788,50390,55426,Pipistrellus pipistrellus,0.022,0.025,-1,Echolocation,/mnt/ubna_data_02_mir/recover-20221013/UBNA_001/20221012_030000.WAV,Telephone Field,recover-20221013,001,1795
386.0015,386.0108,27187,36312,Eptesicus serotinus,0.009,0.031,-1,Echolocation,/mnt/ubna_data_02_mir/recover-20221013/UBNA_001/20221012_030000.WAV,Telephone Field,recover-20221013,001,1795
386.0015,386.0156,18593,23140,Nyctalus leisleri,0.012,0.029,-1,Echolocation,/mnt/ubna_data_02_mir/recover-20221013/UBNA_001/20221012_030000.WAV,Telephone Field,recover-20221013,001,1795
386.0015,386.0339,68437,80016,Rhinolophus ferrumequinum,0.035,0.035,-1,Echolocation,/mnt/ubna_data_02_mir/recover-20221013/UBNA_001/20221012_030000.WAV,Telephone Field,recover-20221013,001,1795
386.0015,386.0086,45234,49929,Pipistrellus pipistrellus,0.024,0.03,-1,Echolocation,/mnt/ubna_data_02_mir/recover-20221013/UBNA_001/20221012_030000.WAV,Telephone Field,recover-20221013,001,1795
386.0225,386.0614,68437,82470,Rhinolophus ferrumequinum,0.022,0.022,-1,Echolocation,/mnt/ubna_data_02_mir/recover-20221013/UBNA_001/20221012_030000.WAV,Telephone Field,recover-20221013,001,1795
386.0245,386.0336,22890,30200,Plecotus austriacus,0.007,0.023,-1,Echolocation,/mnt/ubna_data_02_mir/recover-20221013/UBNA_001/20221012_030000.WAV,Telephone Field,recover-20221013,001,1795
386.0655,386.1034,68437,81291,Rhinolophus ferrumequinum,0.024,0.024,-1,Echolocation,/mnt/ubna_data_02_mir/recover-20221013/UBNA_001/20221012_030000.WAV,Telephone Field,recover-20221013,001,1795
386.08050000000003,386.0938,28906,34041,Eptesicus serotinus,0.018,0.033,-1,Echolocation,/mnt/ubna_data_02_mir/recover-20221013/UBNA_001/20221012_030000.WAV,Telephone Field,recover-20221013,001,1795
386.0955,386.1057,22890,27819,Nyctalus leisleri,0.011,0.023,-1,Echolocation,/mnt/ubna_data_02_mir/recover-20221013/UBNA_001/20221012_030000.WAV,Telephone Field,recover-20221013,001,1795
386.1385,386.1799,68437,82124,Rhinolophus ferrumequinum,0.028,0.028,-1,Echolocation,/mnt/ubna_data_02_mir/recover-20221013/UBNA_001/20221012_030000.WAV,Telephone Field,recover-20221013,001,1795
386.1555,386.165,34921,41168,Barbastellus barbastellus,0.006,0.022,-1,Echolocation,/mnt/ubna_data_02_mir/recover-20221013/UBNA_001/20221012_030000.WAV,Telephone Field,recover-20221013,001,1795
386.1855,386.1943,23750,31537,Plecotus austriacus,0.006,0.022,-1,Echolocation,/mnt/ubna_data_02_mir/recover-20221013/UBNA_001/20221012_030000.WAV,Telephone Field,recover-20221013,001,1795
386.1905,386.1997,25468,32168,Eptesicus serotinus,0.008,0.023,-1,Echolocation,/mnt/ubna_data_02_mir/recover-20221013/UBNA_001/20221012_030000.WAV,Telephone Field,recover-20221013,001,1795
386.2165,386.2524,68437,81243,Rhinolophus ferrumequinum,0.024,0.024,-1,Echolocation,/mnt/ubna_data_02_mir/recover-20221013/UBNA_001/20221012_030000.WAV,Telephone Field,recover-20221013,001,1795
386.2175,386.2242,24609,34647,Plecotus austriacus,0.012,0.03,-1,Echolocation,/mnt/ubna_data_02_mir/recover-20221013/UBNA_001/20221012_030000.WAV,Telephone Field,recover-20221013,001,1795
386.2355,386.2439,28906,41934,Eptesicus serotinus,0.008,0.022,-1,Echolocation,/mnt/ubna_data_02_mir/recover-20221013/UBNA_001/20221012_030000.WAV,Telephone Field,recover-20221013,001,1795
386.2455,386.282,68437,82432,Rhinolophus ferrumequinum,0.024,0.024,-1,Echolocation,/mnt/ubna_data_02_mir/recover-20221013/UBNA_001/20221012_030000.WAV,Telephone Field,recover-20221013,001,1795
386.2455,386.2529,28906,37812,Eptesicus serotinus,0.008,0.024,-1,Echolocation,/mnt/ubna_data_02_mir/recover-20221013/UBNA_001/20221012_030000.WAV,Telephone Field,recover-20221013,001,1795
386.2815,386.2896,25468,34232,Eptesicus serotinus,0.008,0.023,-1,Echolocation,/mnt/ubna_data_02_mir/recover-20221013/UBNA_001/20221012_030000.WAV,Telephone Field,recover-20221013,001,1795
386.3145,386.3223,28906,41023,Eptesicus serotinus,0.009,0.023,-1,Echolocation,/mnt/ubna_data_02_mir/recover-20221013/UBNA_001/20221012_030000.WAV,Telephone Field,recover-20221013,001,1795
386.3375,386.3446,25468,36025,Plecotus austriacus,0.008,0.029,-1,Echolocation,/mnt/ubna_data_02_mir/recover-20221013/UBNA_001/20221012_030000.WAV,Telephone Field,recover-20221013,001,1795
386.3555,386.3965,68437,82305,Rhinolophus ferrumequinum,0.026,0.026,-1,Echolocation,/mnt/ubna_data_02_mir/recover-20221013/UBNA_001/20221012_030000.WAV,Telephone Field,recover-20221013,001,1795
386.3675,386.3757,22890,30849,Plecotus austriacus,0.014,0.028,-1,Echolocation,/mnt/ubna_data_02_mir/recover-20221013/UBNA_001/20221012_030000.WAV,Telephone Field,recover-20221013,001,1795
386.3855,386.3956,22890,29416,Nyctalus leisleri,0.011,0.028,-1,Echolocation,/mnt/ubna_data_02_mir/recover-20221013/UBNA_001/20221012_030000.WAV,Telephone Field,recover-20221013,001,1795
386.4025,386.4376,68437,81045,Rhinolophus ferrumequinum,0.023,0.023,-1,Echolocation,/mnt/ubna_data_02_mir/recover-20221013/UBNA_001/20221012_030000.WAV,Telephone Field,recover-20221013,001,1795
386.4255,386.4348,44375,52505,Pipistrellus pipistrellus,0.017,0.023,-1,Echolocation,/mnt/ubna_data_02_mir/recover-20221013/UBNA_001/20221012_030000.WAV,Telephone Field,recover-20221013,001,1795
386.4365,386.4776,68437,82745,Rhinolophus ferrumequinum,0.034,0.034,-1,Echolocation,/mnt/ubna_data_02_mir/recover-20221013/UBNA_001/20221012_030000.WAV,Telephone Field,recover-20221013,001,1795
386.4435,386.4879,68437,83385,Rhinolophus ferrumequinum,0.031,0.031,-1,Echolocation,/mnt/ubna_data_02_mir/recover-20221013/UBNA_001/20221012_030000.WAV,Telephone Field,recover-20221013,001,1795
386.4745,386.4856,24609,31913,Eptesicus serotinus,0.011,0.028,-1,Echolocation,/mnt/ubna_data_02_mir/recover-20221013/UBNA_001/20221012_030000.WAV,Telephone Field,recover-20221013,001,1795
386.5025,386.5423,68437,82514,Rhinolophus ferrumequinum,0.028,0.028,-1,Echolocation,/mnt/ubna_data_02_mir/recover-20221013/UBNA_001/20221012_030000.WAV,Telephone Field,recover-20221013,001,1795
386.52049999999997,386.5609,68437,82939,Rhinolophus ferrumequinum,0.028,0.028,-1,Echolocation,/mnt/ubna_data_02_mir/recover-20221013/UBNA_001/20221012_030000.WAV,Telephone Field,recover-20221013,001,1795
386.5715,386.6153,68437,82913,Rhinolophus ferrumequinum,0.024,0.024,-1,Echolocation,/mnt/ubna_data_02_mir/recover-20221013/UBNA_001/20221012_030000.WAV,Telephone Field,recover-20221013,001,1795
386.5795,386.5892,23750,31482,Plecotus austriacus,0.008,0.024,-1,Echolocation,/mnt/ubna_data_02_mir/recover-20221013/UBNA_001/20221012_030000.WAV,Telephone Field,recover-20221013,001,1795
386.5985,386.6372,68437,82537,Rhinolophus ferrumequinum,0.023,0.023,-1,Echolocation,/mnt/ubna_data_02_mir/recover-20221013/UBNA_001/20221012_030000.WAV,Telephone Field,recover-20221013,001,1795
386.7065,386.7126,28046,41730,Eptesicus serotinus,0.016,0.051,-1,Echolocation,/mnt/ubna_data_02_mir/recover-20221013/UBNA_001/20221012_030000.WAV,Telephone Field,recover-20221013,001,1795
386.7445,386.7546,23750,31338,Nyctalus leisleri,0.02,0.063,-1,Echolocation,/mnt/ubna_data_02_mir/recover-20221013/UBNA_001/20221012_030000.WAV,Telephone Field,recover-20221013,001,1795
386.7645,386.8036,68437,82697,Rhinolophus ferrumequinum,0.025,0.025,-1,Echolocation,/mnt/ubna_data_02_mir/recover-20221013/UBNA_001/20221012_030000.WAV,Telephone Field,recover-20221013,001,1795
386.7925,386.837,68437,83602,Rhinolophus ferrumequinum,0.03,0.03,-1,Echolocation,/mnt/ubna_data_02_mir/recover-20221013/UBNA_001/20221012_030000.WAV,Telephone Field,recover-20221013,001,1795
386.7965,386.8047,49531,56480,Pipistrellus pipistrellus,0.04,0.043,-1,Echolocation,/mnt/ubna_data_02_mir/recover-20221013/UBNA_001/20221012_030000.WAV,Telephone Field,recover-20221013,001,1795
386.8135,386.8515,68437,81713,Rhinolophus ferrumequinum,0.022,0.022,-1,Echolocation,/mnt/ubna_data_02_mir/recover-20221013/UBNA_001/20221012_030000.WAV,Telephone Field,recover-20221013,001,1795
386.9045,386.9129,48671,56052,Pipistrellus pipistrellus,0.019,0.022,-1,Echolocation,/mnt/ubna_data_02_mir/recover-20221013/UBNA_001/20221012_030000.WAV,Telephone Field,recover-20221013,001,1795
386.9175,386.9563,68437,82440,Rhinolophus ferrumequinum,0.023,0.023,-1,Echolocation,/mnt/ubna_data_02_mir/recover-20221013/UBNA_001/20221012_030000.WAV,Telephone Field,recover-20221013,001,1795
386.9375,386.9776,68437,82719,Rhinolophus ferrumequinum,0.023,0.023,-1,Echolocation,/mnt/ubna_data_02_mir/recover-20221013/UBNA_001/20221012_030000.WAV,Telephone Field,recover-20221013,001,1795
386.9395,386.9481,43515,51032,Pipistrellus pipistrellus,0.013,0.029,-1,Echolocation,/mnt/ubna_data_02_mir/recover-20221013/UBNA_001/20221012_030000.WAV,Telephone Field,recover-20221013,001,1795
386.9575,386.9993,68437,82376,Rhinolophus ferrumequinum,0.025,0.025,-1,Echolocation,/mnt/ubna_data_02_mir/recover-20221013/UBNA_001/20221012_030000.WAV,Telephone Field,recover-20221013,001,1795
386.9645,386.9717,50390,58434,Pipistrellus pipistrellus,0.02,0.024,-1,Echolocation,/mnt/ubna_data_02_mir/recover-20221013/UBNA_001/20221012_030000.WAV,Telephone Field,recover-20221013,001,1795
387.02049999999997,387.0306,23750,30244,Nyctalus leisleri,0.011,0.03,-1,Echolocation,/mnt/ubna_data_02_mir/recover-20221013/UBNA_001/20221012_030000.WAV,Telephone Field,recover-20221013,001,1795
387.0465,387.0848,68437,83120,Rhinolophus ferrumequinum,0.036,0.036,-1,Echolocation,/mnt/ubna_data_02_mir/recover-20221013/UBNA_001/20221012_030000.WAV,Telephone Field,recover-20221013,001,1795
387.0555,387.0738,21171,24799,Nyctalus leisleri,0.021,0.038,-1,Echolocation,/mnt/ubna_data_02_mir/recover-20221013/UBNA_001/20221012_030000.WAV,Telephone Field,recover-20221013,001,1795
387.0665,387.0772,28046,35105,Eptesicus serotinus,0.014,0.027,-1,Echolocation,/mnt/ubna_data_02_mir/recover-20221013/UBNA_001/20221012_030000.WAV,Telephone Field,recover-20221013,001,1795
387.08050000000003,387.1192,68437,82086,Rhinolophus ferrumequinum,0.025,0.025,-1,Echolocation,/mnt/ubna_data_02_mir/recover-20221013/UBNA_001/20221012_030000.WAV,Telephone Field,recover-20221013,001,1795
387.0835,387.0928,25468,33931,Eptesicus serotinus,0.009,0.025,-1,Echolocation,/mnt/ubna_data_02_mir/recover-20221013/UBNA_001/20221012_030000.WAV,Telephone Field,recover-20221013,001,1795
387.1155,387.1292,56406,61051,Pipistrellus pygmaeus,0.046,0.048,-1,Echolocation,/mnt/ubna_data_02_mir/recover-20221013/UBNA_001/20221012_030000.WAV,Telephone Field,recover-20221013,001,1795
387.1645,387.1738,46953,52372,Pipistrellus pipistrellus,0.023,0.025,-1,Echolocation,/mnt/ubna_data_02_mir/recover-20221013/UBNA_001/20221012_030000.WAV,Telephone Field,recover-20221013,001,1795
387.1745,387.1818,24609,33450,Plecotus austriacus,0.008,0.025,-1,Echolocation,/mnt/ubna_data_02_mir/recover-20221013/UBNA_001/20221012_030000.WAV,Telephone Field,recover-20221013,001,1795
387.1945,387.2349,68437,83195,Rhinolophus ferrumequinum,0.024,0.024,-1,Echolocation,/mnt/ubna_data_02_mir/recover-20221013/UBNA_001/20221012_030000.WAV,Telephone Field,recover-20221013,001,1795
387.2165,387.2232,24609,34737,Plecotus austriacus,0.012,0.028,-1,Echolocation,/mnt/ubna_data_02_mir/recover-20221013/UBNA_001/20221012_030000.WAV,Telephone Field,recover-20221013,001,1795
387.2245,387.2342,52109,56249,Pipistrellus pygmaeus,0.015,0.026,-1,Echolocation,/mnt/ubna_data_02_mir/recover-20221013/UBNA_001/20221012_030000.WAV,Telephone Field,recover-20221013,001,1795
387.2635,387.2707,27187,36605,Eptesicus serotinus,0.02,0.055,-1,Echolocation,/mnt/ubna_data_02_mir/recover-20221013/UBNA_001/20221012_030000.WAV,Telephone Field,recover-20221013,001,1795
387.2645,387.2762,36640,41043,Pipistrellus nathusii,0.013,0.024,-1,Echolocation,/mnt/ubna_data_02_mir/recover-20221013/UBNA_001/20221012_030000.WAV,Telephone Field,recover-20221013,001,1795
387.2785,387.3173,68437,82222,Rhinolophus ferrumequinum,0.023,0.023,-1,Echolocation,/mnt/ubna_data_02_mir/recover-20221013/UBNA_001/20221012_030000.WAV,Telephone Field,recover-20221013,001,1795
387.3225,387.3614,68437,82088,Rhinolophus ferrumequinum,0.025,0.025,-1,Echolocation,/mnt/ubna_data_02_mir/recover-20221013/UBNA_001/20221012_030000.WAV,Telephone Field,recover-20221013,001,1795
387.3335,387.344,28906,37795,Eptesicus serotinus,0.014,0.024,-1,Echolocation,/mnt/ubna_data_02_mir/recover-20221013/UBNA_001/20221012_030000.WAV,Telephone Field,recover-20221013,001,1795
387.3435,387.3507,28906,40219,Eptesicus serotinus,0.01,0.026,-1,Echolocation,/mnt/ubna_data_02_mir/recover-20221013/UBNA_001/20221012_030000.WAV,Telephone Field,recover-20221013,001,1795
387.3515,387.3932,68437,83153,Rhinolophus ferrumequinum,0.028,0.028,-1,Echolocation,/mnt/ubna_data_02_mir/recover-20221013/UBNA_001/20221012_030000.WAV,Telephone Field,recover-20221013,001,1795
387.3835,387.3906,23750,32511,Plecotus austriacus,0.012,0.025,-1,Echolocation,/mnt/ubna_data_02_mir/recover-20221013/UBNA_001/20221012_030000.WAV,Telephone Field,recover-20221013,001,1795
387.4455,387.4824,68437,82317,Rhinolophus ferrumequinum,0.027,0.027,-1,Echolocation,/mnt/ubna_data_02_mir/recover-20221013/UBNA_001/20221012_030000.WAV,Telephone Field,recover-20221013,001,1795
387.4575,387.4957,68437,81445,Rhinolophus ferrumequinum,0.022,0.022,-1,Echolocation,/mnt/ubna_data_02_mir/recover-20221013/UBNA_001/20221012_030000.WAV,Telephone Field,recover-20221013,001,1795
387.4835,387.5234,68437,82862,Rhinolophus ferrumequinum,0.031,0.031,-1,Echolocation,/mnt/ubna_data_02_mir/recover-20221013/UBNA_001/20221012_030000.WAV,Telephone Field,recover-20221013,001,1795
387.4905,387.5008,23750,30965,Nyctalus leisleri,0.009,0.03,-1,Echolocation,/mnt/ubna_data_02_mir/recover-20221013/UBNA_001/20221012_030000.WAV,Telephone Field,recover-20221013,001,1795
387.4975,387.536,68437,82186,Rhinolophus ferrumequinum,0.024,0.024,-1,Echolocation,/mnt/ubna_data_02_mir/recover-20221013/UBNA_001/20221012_030000.WAV,Telephone Field,recover-20221013,001,1795
387.5035,387.512,49531,53907,Pipistrellus pipistrellus,0.024,0.027,-1,Echolocation,/mnt/ubna_data_02_mir/recover-20221013/UBNA_001/20221012_030000.WAV,Telephone Field,recover-20221013,001,1795
387.5395,387.5468,27187,39112,Eptesicus serotinus,0.008,0.023,-1,Echolocation,/mnt/ubna_data_02_mir/recover-20221013/UBNA_001/20221012_030000.WAV,Telephone Field,recover-20221013,001,1795
387.5415,387.5795,68437,81969,Rhinolophus ferrumequinum,0.025,0.025,-1,Echolocation,/mnt/ubna_data_02_mir/recover-20221013/UBNA_001/20221012_030000.WAV,Telephone Field,recover-20221013,001,1795
387.5485,387.5594,14296,19180,Nyctalus noctula,0.012,0.022,-1,Echolocation,/mnt/ubna_data_02_mir/recover-20221013/UBNA_001/20221012_030000.WAV,Telephone Field,recover-20221013,001,1795
387.5675,387.6035,68437,81936,Rhinolophus ferrumequinum,0.026,0.026,-1,Echolocation,/mnt/ubna_data_02_mir/recover-20221013/UBNA_001/20221012_030000.WAV,Telephone Field,recover-20221013,001,1795
387.5795,387.5867,28046,39361,Eptesicus serotinus,0.007,0.022,-1,Echolocation,/mnt/ubna_data_02_mir/recover-20221013/UBNA_001/20221012_030000.WAV,Telephone Field,recover-20221013,001,1795
387.6115,387.6505,68437,81877,Rhinolophus ferrumequinum,0.022,0.022,-1,Echolocation,/mnt/ubna_data_02_mir/recover-20221013/UBNA_001/20221012_030000.WAV,Telephone Field,recover-20221013,001,1795
387.6135,387.6282,23750,28985,Nyctalus leisleri,0.014,0.033,-1,Echolocation,/mnt/ubna_data_02_mir/recover-20221013/UBNA_001/20221012_030000.WAV,Telephone Field,recover-20221013,001,1795
387.6315,387.6754,68437,83734,Rhinolophus ferrumequinum,0.035,0.035,-1,Echolocation,/mnt/ubna_data_02_mir/recover-20221013/UBNA_001/20221012_030000.WAV,Telephone Field,recover-20221013,001,1795
387.6425,387.681,68437,83021,Rhinolophus ferrumequinum,0.025,0.025,-1,Echolocation,/mnt/ubna_data_02_mir/recover-20221013/UBNA_001/20221012_030000.WAV,Telephone Field,recover-20221013,001,1795
387.64549999999997,387.6521,28906,39675,Eptesicus serotinus,0.007,0.024,-1,Echolocation,/mnt/ubna_data_02_mir/recover-20221013/UBNA_001/20221012_030000.WAV,Telephone Field,recover-20221013,001,1795
387.6465,387.65319999999997,24609,33813,Plecotus austriacus,0.007,0.023,-1,Echolocation,/mnt/ubna_data_02_mir/recover-20221013/UBNA_001/20221012_030000.WAV,Telephone Field,recover-20221013,001,1795
387.6745,387.68489999999997,49531,55396,Pipistrellus pipistrellus,0.027,0.033,-1,Echolocation,/mnt/ubna_data_02_mir/recover-20221013/UBNA_001/20221012_030000.WAV,Telephone Field,recover-20221013,001,1795
387.7305,387.7383,27187,40968,Eptesicus serotinus,0.012,0.026,-1,Echolocation,/mnt/ubna_data_02_mir/recover-20221013/UBNA_001/20221012_030000.WAV,Telephone Field,recover-20221013,001,1795
387.7335,387.7724,68437,82066,Rhinolophus ferrumequinum,0.024,0.024,-1,Echolocation,/mnt/ubna_data_02_mir/recover-20221013/UBNA_001/20221012_030000.WAV,Telephone Field,recover-20221013,001,1795
387.7605,387.7712,43515,52544,Pipistrellus pipistrellus,0.025,0.044,-1,Echolocation,/mnt/ubna_data_02_mir/recover-20221013/UBNA_001/20221012_030000.WAV,Telephone Field,recover-20221013,001,1795
387.7725,387.8144,68437,82550,Rhinolophus ferrumequinum,0.032,0.032,-1,Echolocation,/mnt/ubna_data_02_mir/recover-20221013/UBNA_001/20221012_030000.WAV,Telephone Field,recover-20221013,001,1795
387.8335,387.8432,42656,46049,Pipistrellus pipistrellus,0.025,0.033,-1,Echolocation,/mnt/ubna_data_02_mir/recover-20221013/UBNA_001/20221012_030000.WAV,Telephone Field,recover-20221013,001,1795
387.8995,387.9126,22890,27000,Nyctalus leisleri,0.021,0.034,-1,Echolocation,/mnt/ubna_data_02_mir/recover-20221013/UBNA_001/20221012_030000.WAV,Telephone Field,recover-20221013,001,1795
387.9445,387.9856,68437,82677,Rhinolophus ferrumequinum,0.025,0.025,-1,Echolocation,/mnt/ubna_data_02_mir/recover-20221013/UBNA_001/20221012_030000.WAV,Telephone Field,recover-20221013,001,1795
388.0015,388.0328,69296,80451,Rhinolophus ferrumequinum,0.063,0.064,-1,Echolocation,/mnt/ubna_data_02_mir/recover-20221013/UBNA_001/20221012_030000.WAV,Telephone Field,recover-20221013,001,1795
388.0015,388.0093,46093,50996,Pipistrellus pipistrellus,0.022,0.03,-1,Echolocation,/mnt/ubna_data_02_mir/recover-20221013/UBNA_001/20221012_030000.WAV,Telephone Field,recover-20221013,001,1795
388.0015,388.0113,22031,28711,Nyctalus leisleri,0.012,0.036,-1,Echolocation,/mnt/ubna_data_02_mir/recover-20221013/UBNA_001/20221012_030000.WAV,Telephone Field,recover-20221013,001,1795
388.0415,388.0798,68437,81926,Rhinolophus ferrumequinum,0.022,0.022,-1,Echolocation,/mnt/ubna_data_02_mir/recover-20221013/UBNA_001/20221012_030000.WAV,Telephone Field,recover-20221013,001,1795
388.0535,388.0632,22031,28297,Plecotus austriacus,0.01,0.028,-1,Echolocation,/mnt/ubna_data_02_mir/recover-20221013/UBNA_001/20221012_030000.WAV,Telephone Field,recover-20221013,001,1795
388.1245,388.1612,68437,82110,Rhinolophus ferrumequinum,0.022,0.022,-1,Echolocation,/mnt/ubna_data_02_mir/recover-20221013/UBNA_001/20221012_030000.WAV,Telephone Field,recover-20221013,001,1795
388.1445,388.1839,68437,82023,Rhinolophus ferrumequinum,0.022,0.022,-1,Echolocation,/mnt/ubna_data_02_mir/recover-20221013/UBNA_001/20221012_030000.WAV,Telephone Field,recover-20221013,001,1795
388.1665,388.1777,23750,29568,Nyctalus leisleri,0.011,0.025,-1,Echolocation,/mnt/ubna_data_02_mir/recover-20221013/UBNA_001/20221012_030000.WAV,Telephone Field,recover-20221013,001,1795
388.1905,388.2273,68437,81915,Rhinolophus ferrumequinum,0.022,0.022,-1,Echolocation,/mnt/ubna_data_02_mir/recover-20221013/UBNA_001/20221012_030000.WAV,Telephone Field,recover-20221013,001,1795
388.2075,388.2159,28906,40449,Eptesicus serotinus,0.008,0.023,-1,Echolocation,/mnt/ubna_data_02_mir/recover-20221013/UBNA_001/20221012_030000.WAV,Telephone Field,recover-20221013,001,1795
388.2395,388.2764,68437,81761,Rhinolophus ferrumequinum,0.021,0.021,-1,Echolocation,/mnt/ubna_data_02_mir/recover-20221013/UBNA_001/20221012_030000.WAV,Telephone Field,recover-20221013,001,1795
388.2495,388.2574,28046,40168,Eptesicus serotinus,0.007,0.022,-1,Echolocation,/mnt/ubna_data_02_mir/recover-20221013/UBNA_001/20221012_030000.WAV,Telephone Field,recover-20221013,001,1795
388.2495,388.2892,68437,83208,Rhinolophus ferrumequinum,0.026,0.026,-1,Echolocation,/mnt/ubna_data_02_mir/recover-20221013/UBNA_001/20221012_030000.WAV,Telephone Field,recover-20221013,001,1795
388.2655,388.3017,68437,81861,Rhinolophus ferrumequinum,0.023,0.023,-1,Echolocation,/mnt/ubna_data_02_mir/recover-20221013/UBNA_001/20221012_030000.WAV,Telephone Field,recover-20221013,001,1795
388.2775,388.3165,68437,82558,Rhinolophus ferrumequinum,0.024,0.024,-1,Echolocation,/mnt/ubna_data_02_mir/recover-20221013/UBNA_001/20221012_030000.WAV,Telephone Field,recover-20221013,001,1795
388.3125,388.3518,68437,82269,Rhinolophus ferrumequinum,0.022,0.022,-1,Echolocation,/mnt/ubna_data_02_mir/recover-20221013/UBNA_001/20221012_030000.WAV,Telephone Field,recover-20221013,001,1795
388.3275,388.3354,27187,38793,Eptesicus serotinus,0.007,0.022,-1,Echolocation,/mnt/ubna_data_02_mir/recover-20221013/UBNA_001/20221012_030000.WAV,Telephone Field,recover-20221013,001,1795
388.3535,388.3992,68437,83965,Rhinolophus ferrumequinum,0.095,0.095,-1,Echolocation,/mnt/ubna_data_02_mir/recover-20221013/UBNA_001/20221012_030000.WAV,Telephone Field,recover-20221013,001,1795
388.3985,388.4414,68437,82766,Rhinolophus ferrumequinum,0.03,0.03,-1,Echolocation,/mnt/ubna_data_02_mir/recover-20221013/UBNA_001/20221012_030000.WAV,Telephone Field,recover-20221013,001,1795
388.41949999999997,388.4618,68437,83142,Rhinolophus ferrumequinum,0.035,0.035,-1,Echolocation,/mnt/ubna_data_02_mir/recover-20221013/UBNA_001/20221012_030000.WAV,Telephone Field,recover-20221013,001,1795
388.4225,388.4326,26328,34725,Eptesicus serotinus,0.014,0.028,-1,Echolocation,/mnt/ubna_data_02_mir/recover-20221013/UBNA_001/20221012_030000.WAV,Telephone Field,recover-20221013,001,1795
388.4405,388.4805,68437,82385,Rhinolophus ferrumequinum,0.021,0.021,-1,Echolocation,/mnt/ubna_data_02_mir/recover-20221013/UBNA_001/20221012_030000.WAV,Telephone Field,recover-20221013,001,1795
388.4485,388.4631,21171,24615,Nyctalus leisleri,0.014,0.023,-1,Echolocation,/mnt/ubna_data_02_mir/recover-20221013/UBNA_001/20221012_030000.WAV,Telephone Field,recover-20221013,001,1795
388.4545,388.4907,68437,81958,Rhinolophus ferrumequinum,0.022,0.022,-1,Echolocation,/mnt/ubna_data_02_mir/recover-20221013/UBNA_001/20221012_030000.WAV,Telephone Field,recover-20221013,001,1795
388.4615,388.4685,27187,42522,Eptesicus serotinus,0.007,0.027,-1,Echolocation,/mnt/ubna_data_02_mir/recover-20221013/UBNA_001/20221012_030000.WAV,Telephone Field,recover-20221013,001,1795
388.4865,388.5268,68437,83023,Rhinolophus ferrumequinum,0.047,0.047,-1,Echolocation,/mnt/ubna_data_02_mir/recover-20221013/UBNA_001/20221012_030000.WAV,Telephone Field,recover-20221013,001,1795
388.5035,388.5469,68437,83846,Rhinolophus ferrumequinum,0.031,0.031,-1,Echolocation,/mnt/ubna_data_02_mir/recover-20221013/UBNA_001/20221012_030000.WAV,Telephone Field,recover-20221013,001,1795
388.5165,388.52909999999997,22031,26032,Nyctalus leisleri,0.013,0.023,-1,Echolocation,/mnt/ubna_data_02_mir/recover-20221013/UBNA_001/20221012_030000.WAV,Telephone Field,recover-20221013,001,1795
388.5635,388.5726,28906,36793,Eptesicus serotinus,0.011,0.028,-1,Echolocation,/mnt/ubna_data_02_mir/recover-20221013/UBNA_001/20221012_030000.WAV,Telephone Field,recover-20221013,001,1795
388.5985,388.6368,68437,82113,Rhinolophus ferrumequinum,0.026,0.026,-1,Echolocation,/mnt/ubna_data_02_mir/recover-20221013/UBNA_001/20221012_030000.WAV,Telephone Field,recover-20221013,001,1795
388.6195,388.658,68437,82011,Rhinolophus ferrumequinum,0.024,0.024,-1,Echolocation,/mnt/ubna_data_02_mir/recover-20221013/UBNA_001/20221012_030000.WAV,Telephone Field,recover-20221013,001,1795
388.6315,388.6418,22031,26895,Nyctalus leisleri,0.011,0.022,-1,Echolocation,/mnt/ubna_data_02_mir/recover-20221013/UBNA_001/20221012_030000.WAV,Telephone Field,recover-20221013,001,1795
388.6625,388.6699,28046,41115,Eptesicus serotinus,0.007,0.022,-1,Echolocation,/mnt/ubna_data_02_mir/recover-20221013/UBNA_001/20221012_030000.WAV,Telephone Field,recover-20221013,001,1795
388.6765,388.7185,68437,82635,Rhinolophus ferrumequinum,0.034,0.034,-1,Echolocation,/mnt/ubna_data_02_mir/recover-20221013/UBNA_001/20221012_030000.WAV,Telephone Field,recover-20221013,001,1795
388.6925,388.7002,28046,46763,Eptesicus serotinus,0.009,0.027,-1,Echolocation,/mnt/ubna_data_02_mir/recover-20221013/UBNA_001/20221012_030000.WAV,Telephone Field,recover-20221013,001,1795
388.6995,388.7378,68437,82431,Rhinolophus ferrumequinum,0.026,0.026,-1,Echolocation,/mnt/ubna_data_02_mir/recover-20221013/UBNA_001/20221012_030000.WAV,Telephone Field,recover-20221013,001,1795
388.70550000000003,388.7138,28046,37253,Eptesicus serotinus,0.008,0.025,-1,Echolocation,/mnt/ubna_data_02_mir/recover-20221013/UBNA_001/20221012_030000.WAV,Telephone Field,recover-20221013,001,1795
388.7285,388.7384,23750,30152,Nyctalus leisleri,0.009,0.024,-1,Echolocation,/mnt/ubna_data_02_mir/recover-20221013/UBNA_001/20221012_030000.WAV,Telephone Field,recover-20221013,001,1795
388.7555,388.7951,68437,82220,Rhinolophus ferrumequinum,0.024,0.024,-1,Echolocation,/mnt/ubna_data_02_mir/recover-20221013/UBNA_001/20221012_030000.WAV,Telephone Field,recover-20221013,001,1795
388.7775,388.8169,68437,82554,Rhinolophus ferrumequinum,0.023,0.023,-1,Echolocation,/mnt/ubna_data_02_mir/recover-20221013/UBNA_001/20221012_030000.WAV,Telephone Field,recover-20221013,001,1795
388.79449999999997,388.83299999999997,68437,81732,Rhinolophus ferrumequinum,0.026,0.026,-1,Echolocation,/mnt/ubna_data_02_mir/recover-20221013/UBNA_001/20221012_030000.WAV,Telephone Field,recover-20221013,001,1795
388.8045,388.811,24609,37151,Plecotus austriacus,0.009,0.025,-1,Echolocation,/mnt/ubna_data_02_mir/recover-20221013/UBNA_001/20221012_030000.WAV,Telephone Field,recover-20221013,001,1795
388.8085,388.8146,35781,43168,Myotis daubentonii,0.007,0.022,-1,Echolocation,/mnt/ubna_data_02_mir/recover-20221013/UBNA_001/20221012_030000.WAV,Telephone Field,recover-20221013,001,1795
388.8145,388.8481,68437,81255,Rhinolophus ferrumequinum,0.022,0.022,-1,Echolocation,/mnt/ubna_data_02_mir/recover-20221013/UBNA_001/20221012_030000.WAV,Telephone Field,recover-20221013,001,1795
388.8345,388.8452,22890,28755,Nyctalus leisleri,0.011,0.032,-1,Echolocation,/mnt/ubna_data_02_mir/recover-20221013/UBNA_001/20221012_030000.WAV,Telephone Field,recover-20221013,001,1795
388.8565,388.898,68437,82538,Rhinolophus ferrumequinum,0.022,0.022,-1,Echolocation,/mnt/ubna_data_02_mir/recover-20221013/UBNA_001/20221012_030000.WAV,Telephone Field,recover-20221013,001,1795
388.8845,388.9229,68437,81994,Rhinolophus ferrumequinum,0.022,0.022,-1,Echolocation,/mnt/ubna_data_02_mir/recover-20221013/UBNA_001/20221012_030000.WAV,Telephone Field,recover-20221013,001,1795
388.8845,388.8928,28046,38999,Eptesicus serotinus,0.008,0.022,-1,Echolocation,/mnt/ubna_data_02_mir/recover-20221013/UBNA_001/20221012_030000.WAV,Telephone Field,recover-20221013,001,1795
388.8905,388.9318,68437,82792,Rhinolophus ferrumequinum,0.023,0.024,-1,Echolocation,/mnt/ubna_data_02_mir/recover-20221013/UBNA_001/20221012_030000.WAV,Telephone Field,recover-20221013,001,1795
388.9155,388.9234,26328,37962,Eptesicus serotinus,0.01,0.025,-1,Echolocation,/mnt/ubna_data_02_mir/recover-20221013/UBNA_001/20221012_030000.WAV,Telephone Field,recover-20221013,001,1795
388.9285,388.9395,24609,32213,Nyctalus leisleri,0.011,0.033,-1,Echolocation,/mnt/ubna_data_02_mir/recover-20221013/UBNA_001/20221012_030000.WAV,Telephone Field,recover-20221013,001,1795
388.9405,388.977,68437,82669,Rhinolophus ferrumequinum,0.021,0.022,-1,Echolocation,/mnt/ubna_data_02_mir/recover-20221013/UBNA_001/20221012_030000.WAV,Telephone Field,recover-20221013,001,1795
388.9415,388.9495,28046,38263,Eptesicus serotinus,0.007,0.021,-1,Echolocation,/mnt/ubna_data_02_mir/recover-20221013/UBNA_001/20221012_030000.WAV,Telephone Field,recover-20221013,001,1795
388.9575,388.9986,68437,82507,Rhinolophus ferrumequinum,0.028,0.028,-1,Echolocation,/mnt/ubna_data_02_mir/recover-20221013/UBNA_001/20221012_030000.WAV,Telephone Field,recover-20221013,001,1795
388.9655,389.0058,68437,83167,Rhinolophus ferrumequinum,0.025,0.025,-1,Echolocation,/mnt/ubna_data_02_mir/recover-20221013/UBNA_001/20221012_030000.WAV,Telephone Field,recover-20221013,001,1795
388.9815,388.9924,22031,27148,Nyctalus leisleri,0.012,0.027,-1,Echolocation,/mnt/ubna_data_02_mir/recover-20221013/UBNA_001/20221012_030000.WAV,Telephone Field,recover-20221013,001,1795
388.9935,389.0337,68437,82362,Rhinolophus ferrumequinum,0.021,0.021,-1,Echolocation,/mnt/ubna_data_02_mir/recover-20221013/UBNA_001/20221012_030000.WAV,Telephone Field,recover-20221013,001,1795
389.0165,389.0537,68437,81235,Rhinolophus ferrumequinum,0.022,0.022,-1,Echolocation,/mnt/ubna_data_02_mir/recover-20221013/UBNA_001/20221012_030000.WAV,Telephone Field,recover-20221013,001,1795
389.0245,389.031,27187,40293,Eptesicus serotinus,0.005,0.022,-1,Echolocation,/mnt/ubna_data_02_mir/recover-20221013/UBNA_001/20221012_030000.WAV,Telephone Field,recover-20221013,001,1795
389.0355,389.0713,68437,81612,Rhinolophus ferrumequinum,0.022,0.022,-1,Echolocation,/mnt/ubna_data_02_mir/recover-20221013/UBNA_001/20221012_030000.WAV,Telephone Field,recover-20221013,001,1795
389.0515,389.0879,68437,81165,Rhinolophus ferrumequinum,0.025,0.025,-1,Echolocation,/mnt/ubna_data_02_mir/recover-20221013/UBNA_001/20221012_030000.WAV,Telephone Field,recover-20221013,001,1795
389.0575,389.0672,28906,37910,Eptesicus serotinus,0.008,0.023,-1,Echolocation,/mnt/ubna_data_02_mir/recover-20221013/UBNA_001/20221012_030000.WAV,Telephone Field,recover-20221013,001,1795
389.0635,389.0731,28906,37052,Eptesicus serotinus,0.008,0.022,-1,Echolocation,/mnt/ubna_data_02_mir/recover-20221013/UBNA_001/20221012_030000.WAV,Telephone Field,recover-20221013,001,1795
389.0695,389.0829,34921,39361,Pipistrellus nathusii,0.015,0.025,-1,Echolocation,/mnt/ubna_data_02_mir/recover-20221013/UBNA_001/20221012_030000.WAV,Telephone Field,recover-20221013,001,1795
389.10450000000003,389.1484,68437,82740,Rhinolophus ferrumequinum,0.036,0.036,-1,Echolocation,/mnt/ubna_data_02_mir/recover-20221013/UBNA_001/20221012_030000.WAV,Telephone Field,recover-20221013,001,1795
389.1095,389.118,56406,61968,Pipistrellus pygmaeus,0.023,0.023,-1,Echolocation,/mnt/ubna_data_02_mir/recover-20221013/UBNA_001/20221012_030000.WAV,Telephone Field,recover-20221013,001,1795
389.1215,389.1564,68437,81805,Rhinolophus ferrumequinum,0.022,0.022,-1,Echolocation,/mnt/ubna_data_02_mir/recover-20221013/UBNA_001/20221012_030000.WAV,Telephone Field,recover-20221013,001,1795
389.1435,389.1526,25468,35381,Eptesicus serotinus,0.008,0.024,-1,Echolocation,/mnt/ubna_data_02_mir/recover-20221013/UBNA_001/20221012_030000.WAV,Telephone Field,recover-20221013,001,1795
389.1445,389.1524,39218,50672,Myotis brandtii,0.005,0.022,-1,Echolocation,/mnt/ubna_data_02_mir/recover-20221013/UBNA_001/20221012_030000.WAV,Telephone Field,recover-20221013,001,1795
389.1655,389.1731,28046,40322,Eptesicus serotinus,0.007,0.023,-1,Echolocation,/mnt/ubna_data_02_mir/recover-20221013/UBNA_001/20221012_030000.WAV,Telephone Field,recover-20221013,001,1795
389.1735,389.186,34062,39919,Eptesicus serotinus,0.008,0.024,-1,Echolocation,/mnt/ubna_data_02_mir/recover-20221013/UBNA_001/20221012_030000.WAV,Telephone Field,recover-20221013,001,1795
389.1745,389.1828,28906,37426,Eptesicus serotinus,0.007,0.022,-1,Echolocation,/mnt/ubna_data_02_mir/recover-20221013/UBNA_001/20221012_030000.WAV,Telephone Field,recover-20221013,001,1795
389.1865,389.2256,68437,81819,Rhinolophus ferrumequinum,0.023,0.023,-1,Echolocation,/mnt/ubna_data_02_mir/recover-20221013/UBNA_001/20221012_030000.WAV,Telephone Field,recover-20221013,001,1795
389.2195,389.2301,23750,29700,Nyctalus leisleri,0.009,0.022,-1,Echolocation,/mnt/ubna_data_02_mir/recover-20221013/UBNA_001/20221012_030000.WAV,Telephone Field,recover-20221013,001,1795
389.2235,389.26030000000003,68437,81770,Rhinolophus ferrumequinum,0.021,0.021,-1,Echolocation,/mnt/ubna_data_02_mir/recover-20221013/UBNA_001/20221012_030000.WAV,Telephone Field,recover-20221013,001,1795
389.2305,389.2659,68437,81558,Rhinolophus ferrumequinum,0.022,0.022,-1,Echolocation,/mnt/ubna_data_02_mir/recover-20221013/UBNA_001/20221012_030000.WAV,Telephone Field,recover-20221013,001,1795
389.2545,389.2674,28906,34174,Eptesicus serotinus,0.015,0.028,-1,Echolocation,/mnt/ubna_data_02_mir/recover-20221013/UBNA_001/20221012_030000.WAV,Telephone Field,recover-20221013,001,1795
389.2645,389.3008,68437,81974,Rhinolophus ferrumequinum,0.031,0.031,-1,Echolocation,/mnt/ubna_data_02_mir/recover-20221013/UBNA_001/20221012_030000.WAV,Telephone Field,recover-20221013,001,1795
389.2875,389.2959,23750,31711,Plecotus austriacus,0.008,0.022,-1,Echolocation,/mnt/ubna_data_02_mir/recover-20221013/UBNA_001/20221012_030000.WAV,Telephone Field,recover-20221013,001,1795
389.2875,389.2946,28046,36932,Eptesicus serotinus,0.007,0.022,-1,Echolocation,/mnt/ubna_data_02_mir/recover-20221013/UBNA_001/20221012_030000.WAV,Telephone Field,recover-20221013,001,1795
389.3105,389.3477,68437,82446,Rhinolophus ferrumequinum,0.022,0.022,-1,Echolocation,/mnt/ubna_data_02_mir/recover-20221013/UBNA_001/20221012_030000.WAV,Telephone Field,recover-20221013,001,1795
389.3105,389.3209,23750,30596,Nyctalus leisleri,0.008,0.024,-1,Echolocation,/mnt/ubna_data_02_mir/recover-20221013/UBNA_001/20221012_030000.WAV,Telephone Field,recover-20221013,001,1795
389.3315,389.3417,24609,32185,Nyctalus leisleri,0.01,0.032,-1,Echolocation,/mnt/ubna_data_02_mir/recover-20221013/UBNA_001/20221012_030000.WAV,Telephone Field,recover-20221013,001,1795
389.3435,389.382,68437,82201,Rhinolophus ferrumequinum,0.024,0.024,-1,Echolocation,/mnt/ubna_data_02_mir/recover-20221013/UBNA_001/20221012_030000.WAV,Telephone Field,recover-20221013,001,1795
389.3535,389.3858,68437,80857,Rhinolophus ferrumequinum,0.023,0.023,-1,Echolocation,/mnt/ubna_data_02_mir/recover-20221013/UBNA_001/20221012_030000.WAV,Telephone Field,recover-20221013,001,1795
389.3835,389.3941,22890,28696,Nyctalus leisleri,0.01,0.025,-1,Echolocation,/mnt/ubna_data_02_mir/recover-20221013/UBNA_001/20221012_030000.WAV,Telephone Field,recover-20221013,001,1795
389.4035,389.4442,68437,82483,Rhinolophus ferrumequinum,0.035,0.035,-1,Echolocation,/mnt/ubna_data_02_mir/recover-20221013/UBNA_001/20221012_030000.WAV,Telephone Field,recover-20221013,001,1795
389.4065,389.4155,26328,38311,Eptesicus serotinus,0.009,0.024,-1,Echolocation,/mnt/ubna_data_02_mir/recover-20221013/UBNA_001/20221012_030000.WAV,Telephone Field,recover-20221013,001,1795
389.4265,389.4366,36640,44633,Myotis daubentonii,0.006,0.022,-1,Echolocation,/mnt/ubna_data_02_mir/recover-20221013/UBNA_001/20221012_030000.WAV,Telephone Field,recover-20221013,001,1795
389.4635,389.4739,22031,27624,Nyctalus leisleri,0.009,0.023,-1,Echolocation,/mnt/ubna_data_02_mir/recover-20221013/UBNA_001/20221012_030000.WAV,Telephone Field,recover-20221013,001,1795
389.5255,389.5661,68437,82455,Rhinolophus ferrumequinum,0.026,0.026,-1,Echolocation,/mnt/ubna_data_02_mir/recover-20221013/UBNA_001/20221012_030000.WAV,Telephone Field,recover-20221013,001,1795
389.5435,389.5791,68437,81894,Rhinolophus ferrumequinum,0.022,0.022,-1,Echolocation,/mnt/ubna_data_02_mir/recover-20221013/UBNA_001/20221012_030000.WAV,Telephone Field,recover-20221013,001,1795
389.5655,389.57280000000003,27187,39976,Eptesicus serotinus,0.007,0.025,-1,Echolocation,/mnt/ubna_data_02_mir/recover-20221013/UBNA_001/20221012_030000.WAV,Telephone Field,recover-20221013,001,1795
389.5765,389.58389999999997,27187,36173,Eptesicus serotinus,0.009,0.022,-1,Echolocation,/mnt/ubna_data_02_mir/recover-20221013/UBNA_001/20221012_030000.WAV,Telephone Field,recover-20221013,001,1795
389.5855,389.6196,68437,80618,Rhinolophus ferrumequinum,0.023,0.023,-1,Echolocation,/mnt/ubna_data_02_mir/recover-20221013/UBNA_001/20221012_030000.WAV,Telephone Field,recover-20221013,001,1795
389.5975,389.6065,49531,54516,Pipistrellus pipistrellus,0.021,0.025,-1,Echolocation,/mnt/ubna_data_02_mir/recover-20221013/UBNA_001/20221012_030000.WAV,Telephone Field,recover-20221013,001,1795
389.6195,389.6587,68437,82135,Rhinolophus ferrumequinum,0.027,0.027,-1,Echolocation,/mnt/ubna_data_02_mir/recover-20221013/UBNA_001/20221012_030000.WAV,Telephone Field,recover-20221013,001,1795
389.6335,389.6719,68437,82183,Rhinolophus ferrumequinum,0.022,0.022,-1,Echolocation,/mnt/ubna_data_02_mir/recover-20221013/UBNA_001/20221012_030000.WAV,Telephone Field,recover-20221013,001,1795
389.6545,389.6942,68437,82587,Rhinolophus ferrumequinum,0.023,0.023,-1,Echolocation,/mnt/ubna_data_02_mir/recover-20221013/UBNA_001/20221012_030000.WAV,Telephone Field,recover-20221013,001,1795
389.6545,389.6621,23750,32446,Plecotus austriacus,0.008,0.021,-1,Echolocation,/mnt/ubna_data_02_mir/recover-20221013/UBNA_001/20221012_030000.WAV,Telephone Field,recover-20221013,001,1795
389.6965,389.7041,27187,39003,Eptesicus serotinus,0.007,0.023,-1,Echolocation,/mnt/ubna_data_02_mir/recover-20221013/UBNA_001/20221012_030000.WAV,Telephone Field,recover-20221013,001,1795
389.7025,389.72090000000003,19453,22326,Nyctalus leisleri,0.014,0.027,-1,Echolocation,/mnt/ubna_data_02_mir/recover-20221013/UBNA_001/20221012_030000.WAV,Telephone Field,recover-20221013,001,1795
389.7285,389.7391,24609,31405,Nyctalus leisleri,0.02,0.052,-1,Echolocation,/mnt/ubna_data_02_mir/recover-20221013/UBNA_001/20221012_030000.WAV,Telephone Field,recover-20221013,001,1795
389.7635,389.79970000000003,68437,81614,Rhinolophus ferrumequinum,0.022,0.022,-1,Echolocation,/mnt/ubna_data_02_mir/recover-20221013/UBNA_001/20221012_030000.WAV,Telephone Field,recover-20221013,001,1795
389.7845,389.8241,68437,82237,Rhinolophus ferrumequinum,0.043,0.043,-1,Echolocation,/mnt/ubna_data_02_mir/recover-20221013/UBNA_001/20221012_030000.WAV,Telephone Field,recover-20221013,001,1795
389.8005,389.8403,68437,82121,Rhinolophus ferrumequinum,0.022,0.022,-1,Echolocation,/mnt/ubna_data_02_mir/recover-20221013/UBNA_001/20221012_030000.WAV,Telephone Field,recover-20221013,001,1795
389.8115,389.8558,68437,83662,Rhinolophus ferrumequinum,0.038,0.038,-1,Echolocation,/mnt/ubna_data_02_mir/recover-20221013/UBNA_001/20221012_030000.WAV,Telephone Field,recover-20221013,001,1795
389.8165,389.8258,26328,34334,Eptesicus serotinus,0.008,0.022,-1,Echolocation,/mnt/ubna_data_02_mir/recover-20221013/UBNA_001/20221012_030000.WAV,Telephone Field,recover-20221013,001,1795
389.8575,389.8966,68437,82290,Rhinolophus ferrumequinum,0.023,0.023,-1,Echolocation,/mnt/ubna_data_02_mir/recover-20221013/UBNA_001/20221012_030000.WAV,Telephone Field,recover-20221013,001,1795
389.9005,389.938,68437,82632,Rhinolophus ferrumequinum,0.022,0.022,-1,Echolocation,/mnt/ubna_data_02_mir/recover-20221013/UBNA_001/20221012_030000.WAV,Telephone Field,recover-20221013,001,1795
389.9295,389.965,68437,81538,Rhinolophus ferrumequinum,0.022,0.022,-1,Echolocation,/mnt/ubna_data_02_mir/recover-20221013/UBNA_001/20221012_030000.WAV,Telephone Field,recover-20221013,001,1795
390.0015,390.0352,68437,80304,Rhinolophus ferrumequinum,0.05,0.05,-1,Echolocation,/mnt/ubna_data_02_mir/recover-20221013/UBNA_001/20221012_030000.WAV,Telephone Field,recover-20221013,001,1795
390.0015,390.0103,23750,32554,Nyctalus leisleri,0.008,0.026,-1,Echolocation,/mnt/ubna_data_02_mir/recover-20221013/UBNA_001/20221012_030000.WAV,Telephone Field,recover-20221013,001,1795
390.0095,390.0504,68437,82171,Rhinolophus ferrumequinum,0.023,0.023,-1,Echolocation,/mnt/ubna_data_02_mir/recover-20221013/UBNA_001/20221012_030000.WAV,Telephone Field,recover-20221013,001,1795
390.0245,390.0326,45234,53086,Pipistrellus pipistrellus,0.018,0.02,-1,Echolocation,/mnt/ubna_data_02_mir/recover-20221013/UBNA_001/20221012_030000.WAV,Telephone Field,recover-20221013,001,1795
390.0405,390.0745,68437,80541,Rhinolophus ferrumequinum,0.021,0.021,-1,Echolocation,/mnt/ubna_data_02_mir/recover-20221013/UBNA_001/20221012_030000.WAV,Telephone Field,recover-20221013,001,1795
390.0465,390.0544,28046,39234,Eptesicus serotinus,0.008,0.022,-1,Echolocation,/mnt/ubna_data_02_mir/recover-20221013/UBNA_001/20221012_030000.WAV,Telephone Field,recover-20221013,001,1795
390.0755,390.1127,68437,80983,Rhinolophus ferrumequinum,0.022,0.022,-1,Echolocation,/mnt/ubna_data_02_mir/recover-20221013/UBNA_001/20221012_030000.WAV,Telephone Field,recover-20221013,001,1795
390.0935,390.133,68437,82383,Rhinolophus ferrumequinum,0.022,0.022,-1,Echolocation,/mnt/ubna_data_02_mir/recover-20221013/UBNA_001/20221012_030000.WAV,Telephone Field,recover-20221013,001,1795
390.1325,390.1715,68437,81998,Rhinolophus ferrumequinum,0.021,0.021,-1,Echolocation,/mnt/ubna_data_02_mir/recover-20221013/UBNA_001/20221012_030000.WAV,Telephone Field,recover-20221013,001,1795
390.1525,390.1592,26328,36986,Plecotus auritus,0.007,0.025,-1,Echolocation,/mnt/ubna_data_02_mir/recover-20221013/UBNA_001/20221012_030000.WAV,Telephone Field,recover-20221013,001,1795
390.1645,390.2026,68437,82505,Rhinolophus ferrumequinum,0.023,0.023,-1,Echolocation,/mnt/ubna_data_02_mir/recover-20221013/UBNA_001/20221012_030000.WAV,Telephone Field,recover-20221013,001,1795
390.1795,390.2174,68437,81941,Rhinolophus ferrumequinum,0.023,0.023,-1,Echolocation,/mnt/ubna_data_02_mir/recover-20221013/UBNA_001/20221012_030000.WAV,Telephone Field,recover-20221013,001,1795
390.1865,390.2227,68437,81627,Rhinolophus ferrumequinum,0.026,0.026,-1,Echolocation,/mnt/ubna_data_02_mir/recover-20221013/UBNA_001/20221012_030000.WAV,Telephone Field,recover-20221013,001,1795
390.2035,390.2137,22031,27442,Nyctalus leisleri,0.008,0.021,-1,Echolocation,/mnt/ubna_data_02_mir/recover-20221013/UBNA_001/20221012_030000.WAV,Telephone Field,recover-20221013,001,1795
390.2075,390.2493,68437,82958,Rhinolophus ferrumequinum,0.025,0.025,-1,Echolocation,/mnt/ubna_data_02_mir/recover-20221013/UBNA_001/20221012_030000.WAV,Telephone Field,recover-20221013,001,1795
390.2295,390.2364,28046,42750,Eptesicus serotinus,0.006,0.021,-1,Echolocation,/mnt/ubna_data_02_mir/recover-20221013/UBNA_001/20221012_030000.WAV,Telephone Field,recover-20221013,001,1795
390.2545,390.2938,68437,82630,Rhinolophus ferrumequinum,0.022,0.022,-1,Echolocation,/mnt/ubna_data_02_mir/recover-20221013/UBNA_001/20221012_030000.WAV,Telephone Field,recover-20221013,001,1795
390.2685,390.2756,28046,37417,Eptesicus serotinus,0.008,0.024,-1,Echolocation,/mnt/ubna_data_02_mir/recover-20221013/UBNA_001/20221012_030000.WAV,Telephone Field,recover-20221013,001,1795
390.2745,390.3136,68437,82213,Rhinolophus ferrumequinum,0.021,0.021,-1,Echolocation,/mnt/ubna_data_02_mir/recover-20221013/UBNA_001/20221012_030000.WAV,Telephone Field,recover-20221013,001,1795
390.2815,390.3242,68437,82715,Rhinolophus ferrumequinum,0.021,0.021,-1,Echolocation,/mnt/ubna_data_02_mir/recover-20221013/UBNA_001/20221012_030000.WAV,Telephone Field,recover-20221013,001,1795
390.2915,390.3297,68437,82174,Rhinolophus ferrumequinum,0.02,0.02,-1,Echolocation,/mnt/ubna_data_02_mir/recover-20221013/UBNA_001/20221012_030000.WAV,Telephone Field,recover-20221013,001,1795
390.2945,390.3028,26328,34583,Eptesicus serotinus,0.008,0.021,-1,Echolocation,/mnt/ubna_data_02_mir/recover-20221013/UBNA_001/20221012_030000.WAV,Telephone Field,recover-20221013,001,1795
390.3215,390.3603,68437,82108,Rhinolophus ferrumequinum,0.023,0.023,-1,Echolocation,/mnt/ubna_data_02_mir/recover-20221013/UBNA_001/20221012_030000.WAV,Telephone Field,recover-20221013,001,1795
390.3705,390.3781,28046,38917,Eptesicus serotinus,0.009,0.026,-1,Echolocation,/mnt/ubna_data_02_mir/recover-20221013/UBNA_001/20221012_030000.WAV,Telephone Field,recover-20221013,001,1795
390.3835,390.4217,68437,82483,Rhinolophus ferrumequinum,0.024,0.024,-1,Echolocation,/mnt/ubna_data_02_mir/recover-20221013/UBNA_001/20221012_030000.WAV,Telephone Field,recover-20221013,001,1795
390.4155,390.4555,68437,82809,Rhinolophus ferrumequinum,0.023,0.023,-1,Echolocation,/mnt/ubna_data_02_mir/recover-20221013/UBNA_001/20221012_030000.WAV,Telephone Field,recover-20221013,001,1795
390.4385,390.4817,68437,83318,Rhinolophus ferrumequinum,0.046,0.046,-1,Echolocation,/mnt/ubna_data_02_mir/recover-20221013/UBNA_001/20221012_030000.WAV,Telephone Field,recover-20221013,001,1795
390.4405,390.4484,50390,54917,Pipistrellus pipistrellus,0.021,0.025,-1,Echolocation,/mnt/ubna_data_02_mir/recover-20221013/UBNA_001/20221012_030000.WAV,Telephone Field,recover-20221013,001,1795
390.4595,390.498,68437,81767,Rhinolophus ferrumequinum,0.023,0.023,-1,Echolocation,/mnt/ubna_data_02_mir/recover-20221013/UBNA_001/20221012_030000.WAV,Telephone Field,recover-20221013,001,1795
390.4665,390.5,68437,80695,Rhinolophus ferrumequinum,0.021,0.022,-1,Echolocation,/mnt/ubna_data_02_mir/recover-20221013/UBNA_001/20221012_030000.WAV,Telephone Field,recover-20221013,001,1795
390.4935,390.5329,68437,82360,Rhinolophus ferrumequinum,0.02,0.02,-1,Echolocation,/mnt/ubna_data_02_mir/recover-20221013/UBNA_001/20221012_030000.WAV,Telephone Field,recover-20221013,001,1795
390.4985,390.507,24609,32438,Plecotus austriacus,0.006,0.022,-1,Echolocation,/mnt/ubna_data_02_mir/recover-20221013/UBNA_001/20221012_030000.WAV,Telephone Field,recover-20221013,001,1795
390.4995,390.5377,68437,82419,Rhinolophus ferrumequinum,0.021,0.021,-1,Echolocation,/mnt/ubna_data_02_mir/recover-20221013/UBNA_001/20221012_030000.WAV,Telephone Field,recover-20221013,001,1795
390.5305,390.5694,68437,82261,Rhinolophus ferrumequinum,0.023,0.023,-1,Echolocation,/mnt/ubna_data_02_mir/recover-20221013/UBNA_001/20221012_030000.WAV,Telephone Field,recover-20221013,001,1795
390.6145,390.6521,68437,81975,Rhinolophus ferrumequinum,0.021,0.021,-1,Echolocation,/mnt/ubna_data_02_mir/recover-20221013/UBNA_001/20221012_030000.WAV,Telephone Field,recover-20221013,001,1795
390.6175,390.6278,26328,34195,Eptesicus serotinus,0.011,0.03,-1,Echolocation,/mnt/ubna_data_02_mir/recover-20221013/UBNA_001/20221012_030000.WAV,Telephone Field,recover-20221013,001,1795
390.6355,390.6755,68437,82095,Rhinolophus ferrumequinum,0.023,0.023,-1,Echolocation,/mnt/ubna_data_02_mir/recover-20221013/UBNA_001/20221012_030000.WAV,Telephone Field,recover-20221013,001,1795
390.6395,390.6474,27187,36951,Eptesicus serotinus,0.009,0.028,-1,Echolocation,/mnt/ubna_data_02_mir/recover-20221013/UBNA_001/20221012_030000.WAV,Telephone Field,recover-20221013,001,1795
390.6605,390.6728,22031,26300,Nyctalus leisleri,0.012,0.022,-1,Echolocation,/mnt/ubna_data_02_mir/recover-20221013/UBNA_001/20221012_030000.WAV,Telephone Field,recover-20221013,001,1795
390.6795,390.7181,68437,81526,Rhinolophus ferrumequinum,0.021,0.021,-1,Echolocation,/mnt/ubna_data_02_mir/recover-20221013/UBNA_001/20221012_030000.WAV,Telephone Field,recover-20221013,001,1795
390.6805,390.6948,23750,29067,Nyctalus leisleri,0.013,0.026,-1,Echolocation,/mnt/ubna_data_02_mir/recover-20221013/UBNA_001/20221012_030000.WAV,Telephone Field,recover-20221013,001,1795
390.6885,390.7248,68437,82027,Rhinolophus ferrumequinum,0.021,0.021,-1,Echolocation,/mnt/ubna_data_02_mir/recover-20221013/UBNA_001/20221012_030000.WAV,Telephone Field,recover-20221013,001,1795
390.7395,390.751,38359,43232,Pipistrellus nathusii,0.013,0.028,-1,Echolocation,/mnt/ubna_data_02_mir/recover-20221013/UBNA_001/20221012_030000.WAV,Telephone Field,recover-20221013,001,1795
390.7635,390.8065,68437,83264,Rhinolophus ferrumequinum,0.029,0.029,-1,Echolocation,/mnt/ubna_data_02_mir/recover-20221013/UBNA_001/20221012_030000.WAV,Telephone Field,recover-20221013,001,1795
390.8175,390.8581,68437,81834,Rhinolophus ferrumequinum,0.021,0.021,-1,Echolocation,/mnt/ubna_data_02_mir/recover-20221013/UBNA_001/20221012_030000.WAV,Telephone Field,recover-20221013,001,1795
390.8205,390.8289,27187,39019,Eptesicus serotinus,0.009,0.023,-1,Echolocation,/mnt/ubna_data_02_mir/recover-20221013/UBNA_001/20221012_030000.WAV,Telephone Field,recover-20221013,001,1795
390.8295,390.8395,22890,28711,Nyctalus leisleri,0.008,0.02,-1,Echolocation,/mnt/ubna_data_02_mir/recover-20221013/UBNA_001/20221012_030000.WAV,Telephone Field,recover-20221013,001,1795
390.8415,390.8818,68437,81991,Rhinolophus ferrumequinum,0.023,0.023,-1,Echolocation,/mnt/ubna_data_02_mir/recover-20221013/UBNA_001/20221012_030000.WAV,Telephone Field,recover-20221013,001,1795
390.8635,390.8755,31484,38935,Eptesicus serotinus,0.009,0.026,-1,Echolocation,/mnt/ubna_data_02_mir/recover-20221013/UBNA_001/20221012_030000.WAV,Telephone Field,recover-20221013,001,1795
390.8895,390.932,68437,82636,Rhinolophus ferrumequinum,0.028,0.028,-1,Echolocation,/mnt/ubna_data_02_mir/recover-20221013/UBNA_001/20221012_030000.WAV,Telephone Field,recover-20221013,001,1795
390.9115,390.9221,28046,34665,Eptesicus serotinus,0.013,0.026,-1,Echolocation,/mnt/ubna_data_02_mir/recover-20221013/UBNA_001/20221012_030000.WAV,Telephone Field,recover-20221013,001,1795
390.9375,390.9757,68437,81880,Rhinolophus ferrumequinum,0.022,0.022,-1,Echolocation,/mnt/ubna_data_02_mir/recover-20221013/UBNA_001/20221012_030000.WAV,Telephone Field,recover-20221013,001,1795
390.9435,390.9531,28906,37110,Eptesicus serotinus,0.013,0.027,-1,Echolocation,/mnt/ubna_data_02_mir/recover-20221013/UBNA_001/20221012_030000.WAV,Telephone Field,recover-20221013,001,1795
390.9755,391.0143,68437,82534,Rhinolophus ferrumequinum,0.024,0.024,-1,Echolocation,/mnt/ubna_data_02_mir/recover-20221013/UBNA_001/20221012_030000.WAV,Telephone Field,recover-20221013,001,1795
390.9875,391.0269,68437,82262,Rhinolophus ferrumequinum,0.022,0.022,-1,Echolocation,/mnt/ubna_data_02_mir/recover-20221013/UBNA_001/20221012_030000.WAV,Telephone Field,recover-20221013,001,1795
391.0175,391.0272,28046,36883,Eptesicus serotinus,0.028,0.045,-1,Echolocation,/mnt/ubna_data_02_mir/recover-20221013/UBNA_001/20221012_030000.WAV,Telephone Field,recover-20221013,001,1795
391.0455,391.0831,68437,82328,Rhinolophus ferrumequinum,0.022,0.022,-1,Echolocation,/mnt/ubna_data_02_mir/recover-20221013/UBNA_001/20221012_030000.WAV,Telephone Field,recover-20221013,001,1795
391.0535,391.0922,68437,81984,Rhinolophus ferrumequinum,0.021,0.021,-1,Echolocation,/mnt/ubna_data_02_mir/recover-20221013/UBNA_001/20221012_030000.WAV,Telephone Field,recover-20221013,001,1795
391.0645,391.0742,22890,28264,Nyctalus leisleri,0.009,0.021,-1,Echolocation,/mnt/ubna_data_02_mir/recover-20221013/UBNA_001/20221012_030000.WAV,Telephone Field,recover-20221013,001,1795
391.0695,391.0797,22031,26627,Nyctalus leisleri,0.01,0.021,-1,Echolocation,/mnt/ubna_data_02_mir/recover-20221013/UBNA_001/20221012_030000.WAV,Telephone Field,recover-20221013,001,1795
391.1175,391.1286,28906,36814,Eptesicus serotinus,0.018,0.035,-1,Echolocation,/mnt/ubna_data_02_mir/recover-20221013/UBNA_001/20221012_030000.WAV,Telephone Field,recover-20221013,001,1795
391.1235,391.1602,68437,82079,Rhinolophus ferrumequinum,0.024,0.024,-1,Echolocation,/mnt/ubna_data_02_mir/recover-20221013/UBNA_001/20221012_030000.WAV,Telephone Field,recover-20221013,001,1795
391.1355,391.1701,68437,81476,Rhinolophus ferrumequinum,0.021,0.021,-1,Echolocation,/mnt/ubna_data_02_mir/recover-20221013/UBNA_001/20221012_030000.WAV,Telephone Field,recover-20221013,001,1795
391.1365,391.1454,26328,34762,Eptesicus serotinus,0.011,0.027,-1,Echolocation,/mnt/ubna_data_02_mir/recover-20221013/UBNA_001/20221012_030000.WAV,Telephone Field,recover-20221013,001,1795
391.1895,391.196,27187,39888,Eptesicus serotinus,0.006,0.023,-1,Echolocation,/mnt/ubna_data_02_mir/recover-20221013/UBNA_001/20221012_030000.WAV,Telephone Field,recover-20221013,001,1795
391.1955,391.2336,68437,82077,Rhinolophus ferrumequinum,0.021,0.021,-1,Echolocation,/mnt/ubna_data_02_mir/recover-20221013/UBNA_001/20221012_030000.WAV,Telephone Field,recover-20221013,001,1795
391.2045,391.2161,22031,25971,Nyctalus leisleri,0.012,0.021,-1,Echolocation,/mnt/ubna_data_02_mir/recover-20221013/UBNA_001/20221012_030000.WAV,Telephone Field,recover-20221013,001,1795
391.2115,391.2505,68437,82419,Rhinolophus ferrumequinum,0.025,0.025,-1,Echolocation,/mnt/ubna_data_02_mir/recover-20221013/UBNA_001/20221012_030000.WAV,Telephone Field,recover-20221013,001,1795
391.2125,391.2333,19453,22424,Nyctalus leisleri,0.012,0.025,-1,Echolocation,/mnt/ubna_data_02_mir/recover-20221013/UBNA_001/20221012_030000.WAV,Telephone Field,recover-20221013,001,1795
391.2185,391.2538,68437,82270,Rhinolophus ferrumequinum,0.021,0.021,-1,Echolocation,/mnt/ubna_data_02_mir/recover-20221013/UBNA_001/20221012_030000.WAV,Telephone Field,recover-20221013,001,1795
391.2335,391.2684,68437,81185,Rhinolophus ferrumequinum,0.021,0.021,-1,Echolocation,/mnt/ubna_data_02_mir/recover-20221013/UBNA_001/20221012_030000.WAV,Telephone Field,recover-20221013,001,1795
391.2805,391.3212,68437,83190,Rhinolophus ferrumequinum,0.022,0.022,-1,Echolocation,/mnt/ubna_data_02_mir/recover-20221013/UBNA_001/20221012_030000.WAV,Telephone Field,recover-20221013,001,1795
391.2955,391.3326,68437,82190,Rhinolophus ferrumequinum,0.021,0.021,-1,Echolocation,/mnt/ubna_data_02_mir/recover-20221013/UBNA_001/20221012_030000.WAV,Telephone Field,recover-20221013,001,1795
391.3135,391.3504,68437,81650,Rhinolophus ferrumequinum,0.021,0.022,-1,Echolocation,/mnt/ubna_data_02_mir/recover-20221013/UBNA_001/20221012_030000.WAV,Telephone Field,recover-20221013,001,1795
391.3145,391.3261,51250,55916,Pipistrellus pipistrellus,0.018,0.023,-1,Echolocation,/mnt/ubna_data_02_mir/recover-20221013/UBNA_001/20221012_030000.WAV,Telephone Field,recover-20221013,001,1795
391.3425,391.3812,68437,82166,Rhinolophus ferrumequinum,0.021,0.021,-1,Echolocation,/mnt/ubna_data_02_mir/recover-20221013/UBNA_001/20221012_030000.WAV,Telephone Field,recover-20221013,001,1795
391.3475,391.3862,68437,82107,Rhinolophus ferrumequinum,0.021,0.021,-1,Echolocation,/mnt/ubna_data_02_mir/recover-20221013/UBNA_001/20221012_030000.WAV,Telephone Field,recover-20221013,001,1795
391.3575,391.3942,68437,81351,Rhinolophus ferrumequinum,0.021,0.021,-1,Echolocation,/mnt/ubna_data_02_mir/recover-20221013/UBNA_001/20221012_030000.WAV,Telephone Field,recover-20221013,001,1795
391.3595,391.3695,22890,29287,Nyctalus leisleri,0.008,0.023,-1,Echolocation,/mnt/ubna_data_02_mir/recover-20221013/UBNA_001/20221012_030000.WAV,Telephone Field,recover-20221013,001,1795
391.3935,391.4043,23750,29390,Nyctalus leisleri,0.01,0.022,-1,Echolocation,/mnt/ubna_data_02_mir/recover-20221013/UBNA_001/20221012_030000.WAV,Telephone Field,recover-20221013,001,1795
391.4195,391.4553,68437,81671,Rhinolophus ferrumequinum,0.022,0.022,-1,Echolocation,/mnt/ubna_data_02_mir/recover-20221013/UBNA_001/20221012_030000.WAV,Telephone Field,recover-20221013,001,1795
391.4455,391.4897,68437,83284,Rhinolophus ferrumequinum,0.03,0.03,-1,Echolocation,/mnt/ubna_data_02_mir/recover-20221013/UBNA_001/20221012_030000.WAV,Telephone Field,recover-20221013,001,1795
391.4545,391.4655,22890,27568,Nyctalus leisleri,0.011,0.022,-1,Echolocation,/mnt/ubna_data_02_mir/recover-20221013/UBNA_001/20221012_030000.WAV,Telephone Field,recover-20221013,001,1795
391.4625,391.5015,68437,82976,Rhinolophus ferrumequinum,0.027,0.027,-1,Echolocation,/mnt/ubna_data_02_mir/recover-20221013/UBNA_001/20221012_030000.WAV,Telephone Field,recover-20221013,001,1795
391.4945,391.5051,22890,28721,Nyctalus leisleri,0.011,0.025,-1,Echolocation,/mnt/ubna_data_02_mir/recover-20221013/UBNA_001/20221012_030000.WAV,Telephone Field,recover-20221013,001,1795
391.5345,391.5441,28046,38945,Eptesicus serotinus,0.013,0.027,-1,Echolocation,/mnt/ubna_data_02_mir/recover-20221013/UBNA_001/20221012_030000.WAV,Telephone Field,recover-20221013,001,1795
391.5555,391.5945,68437,81585,Rhinolophus ferrumequinum,0.021,0.021,-1,Echolocation,/mnt/ubna_data_02_mir/recover-20221013/UBNA_001/20221012_030000.WAV,Telephone Field,recover-20221013,001,1795
391.5575,391.568,22031,27680,Nyctalus leisleri,0.009,0.024,-1,Echolocation,/mnt/ubna_data_02_mir/recover-20221013/UBNA_001/20221012_030000.WAV,Telephone Field,recover-20221013,001,1795
391.5705,391.6085,68437,82147,Rhinolophus ferrumequinum,0.025,0.025,-1,Echolocation,/mnt/ubna_data_02_mir/recover-20221013/UBNA_001/20221012_030000.WAV,Telephone Field,recover-20221013,001,1795
391.5865,391.627,68437,82867,Rhinolophus ferrumequinum,0.027,0.027,-1,Echolocation,/mnt/ubna_data_02_mir/recover-20221013/UBNA_001/20221012_030000.WAV,Telephone Field,recover-20221013,001,1795
391.6135,391.6491,68437,81394,Rhinolophus ferrumequinum,0.022,0.022,-1,Echolocation,/mnt/ubna_data_02_mir/recover-20221013/UBNA_001/20221012_030000.WAV,Telephone Field,recover-20221013,001,1795
391.6615,391.7054,68437,83838,Rhinolophus ferrumequinum,0.04,0.04,-1,Echolocation,/mnt/ubna_data_02_mir/recover-20221013/UBNA_001/20221012_030000.WAV,Telephone Field,recover-20221013,001,1795
391.7005,391.7141,22890,27834,Nyctalus leisleri,0.019,0.037,-1,Echolocation,/mnt/ubna_data_02_mir/recover-20221013/UBNA_001/20221012_030000.WAV,Telephone Field,recover-20221013,001,1795
391.7445,391.7796,68437,81289,Rhinolophus ferrumequinum,0.022,0.022,-1,Echolocation,/mnt/ubna_data_02_mir/recover-20221013/UBNA_001/20221012_030000.WAV,Telephone Field,recover-20221013,001,1795
391.7725,391.806,68437,80234,Rhinolophus ferrumequinum,0.02,0.021,-1,Echolocation,/mnt/ubna_data_02_mir/recover-20221013/UBNA_001/20221012_030000.WAV,Telephone Field,recover-20221013,001,1795
391.7835,391.8222,68437,82194,Rhinolophus ferrumequinum,0.022,0.022,-1,Echolocation,/mnt/ubna_data_02_mir/recover-20221013/UBNA_001/20221012_030000.WAV,Telephone Field,recover-20221013,001,1795
391.7975,391.8341,68437,81877,Rhinolophus ferrumequinum,0.023,0.023,-1,Echolocation,/mnt/ubna_data_02_mir/recover-20221013/UBNA_001/20221012_030000.WAV,Telephone Field,recover-20221013,001,1795
391.8055,391.8446,68437,82259,Rhinolophus ferrumequinum,0.026,0.026,-1,Echolocation,/mnt/ubna_data_02_mir/recover-20221013/UBNA_001/20221012_030000.WAV,Telephone Field,recover-20221013,001,1795
391.8325,391.8419,22031,28638,Plecotus austriacus,0.008,0.023,-1,Echolocation,/mnt/ubna_data_02_mir/recover-20221013/UBNA_001/20221012_030000.WAV,Telephone Field,recover-20221013,001,1795
391.8535,391.8651,22890,27230,Nyctalus leisleri,0.013,0.024,-1,Echolocation,/mnt/ubna_data_02_mir/recover-20221013/UBNA_001/20221012_030000.WAV,Telephone Field,recover-20221013,001,1795
391.8625,391.9009,68437,81749,Rhinolophus ferrumequinum,0.023,0.023,-1,Echolocation,/mnt/ubna_data_02_mir/recover-20221013/UBNA_001/20221012_030000.WAV,Telephone Field,recover-20221013,001,1795
391.8705,391.9095,68437,81549,Rhinolophus ferrumequinum,0.021,0.021,-1,Echolocation,/mnt/ubna_data_02_mir/recover-20221013/UBNA_001/20221012_030000.WAV,Telephone Field,recover-20221013,001,1795
391.9305,391.9705,68437,82197,Rhinolophus ferrumequinum,0.024,0.024,-1,Echolocation,/mnt/ubna_data_02_mir/recover-20221013/UBNA_001/20221012_030000.WAV,Telephone Field,recover-20221013,001,1795
391.9875,391.997,27187,37361,Eptesicus serotinus,0.008,0.021,-1,Echolocation,/mnt/ubna_data_02_mir/recover-20221013/UBNA_001/20221012_030000.WAV,Telephone Field,recover-20221013,001,1795
392.0015,392.0093,25468,37639,Nyctalus leisleri,0.005,0.022,-1,Echolocation,/mnt/ubna_data_02_mir/recover-20221013/UBNA_001/20221012_030000.WAV,Telephone Field,recover-20221013,001,1795
392.0015,392.0076,46953,53221,Pipistrellus pipistrellus,0.015,0.021,-1,Echolocation,/mnt/ubna_data_02_mir/recover-20221013/UBNA_001/20221012_030000.WAV,Telephone Field,recover-20221013,001,1795
392.0015,392.034,68437,80238,Rhinolophus ferrumequinum,0.035,0.035,-1,Echolocation,/mnt/ubna_data_02_mir/recover-20221013/UBNA_001/20221012_030000.WAV,Telephone Field,recover-20221013,001,1795
392.0285,392.0699,68437,83273,Rhinolophus ferrumequinum,0.028,0.028,-1,Echolocation,/mnt/ubna_data_02_mir/recover-20221013/UBNA_001/20221012_030000.WAV,Telephone Field,recover-20221013,001,1795
392.0355,392.0451,25468,31953,Nyctalus leisleri,0.01,0.029,-1,Echolocation,/mnt/ubna_data_02_mir/recover-20221013/UBNA_001/20221012_030000.WAV,Telephone Field,recover-20221013,001,1795
392.0375,392.0759,68437,82662,Rhinolophus ferrumequinum,0.025,0.025,-1,Echolocation,/mnt/ubna_data_02_mir/recover-20221013/UBNA_001/20221012_030000.WAV,Telephone Field,recover-20221013,001,1795
392.0525,392.087,68437,80273,Rhinolophus ferrumequinum,0.021,0.022,-1,Echolocation,/mnt/ubna_data_02_mir/recover-20221013/UBNA_001/20221012_030000.WAV,Telephone Field,recover-20221013,001,1795
392.0595,392.0688,28046,36898,Eptesicus serotinus,0.008,0.023,-1,Echolocation,/mnt/ubna_data_02_mir/recover-20221013/UBNA_001/20221012_030000.WAV,Telephone Field,recover-20221013,001,1795
392.0645,392.0748,22031,27324,Nyctalus leisleri,0.01,0.022,-1,Echolocation,/mnt/ubna_data_02_mir/recover-20221013/UBNA_001/20221012_030000.WAV,Telephone Field,recover-20221013,001,1795
392.0875,392.1278,68437,82736,Rhinolophus ferrumequinum,0.032,0.032,-1,Echolocation,/mnt/ubna_data_02_mir/recover-20221013/UBNA_001/20221012_030000.WAV,Telephone Field,recover-20221013,001,1795
392.1105,392.1526,68437,83249,Rhinolophus ferrumequinum,0.03,0.03,-1,Echolocation,/mnt/ubna_data_02_mir/recover-20221013/UBNA_001/20221012_030000.WAV,Telephone Field,recover-20221013,001,1795
392.1185,392.1292,22890,28283,Nyctalus leisleri,0.012,0.024,-1,Echolocation,/mnt/ubna_data_02_mir/recover-20221013/UBNA_001/20221012_030000.WAV,Telephone Field,recover-20221013,001,1795
392.1255,392.1386,22890,27684,Nyctalus leisleri,0.013,0.026,-1,Echolocation,/mnt/ubna_data_02_mir/recover-20221013/UBNA_001/20221012_030000.WAV,Telephone Field,recover-20221013,001,1795
392.1475,392.1543,23750,32261,Plecotus austriacus,0.01,0.023,-1,Echolocation,/mnt/ubna_data_02_mir/recover-20221013/UBNA_001/20221012_030000.WAV,Telephone Field,recover-20221013,001,1795
392.1545,392.1953,68437,82138,Rhinolophus ferrumequinum,0.022,0.022,-1,Echolocation,/mnt/ubna_data_02_mir/recover-20221013/UBNA_001/20221012_030000.WAV,Telephone Field,recover-20221013,001,1795
392.1745,392.2151,68437,82629,Rhinolophus ferrumequinum,0.029,0.029,-1,Echolocation,/mnt/ubna_data_02_mir/recover-20221013/UBNA_001/20221012_030000.WAV,Telephone Field,recover-20221013,001,1795
392.1775,392.1852,27187,38347,Eptesicus serotinus,0.005,0.024,-1,Echolocation,/mnt/ubna_data_02_mir/recover-20221013/UBNA_001/20221012_030000.WAV,Telephone Field,recover-20221013,001,1795
392.1965,392.2307,68437,81330,Rhinolophus ferrumequinum,0.026,0.026,-1,Echolocation,/mnt/ubna_data_02_mir/recover-20221013/UBNA_001/20221012_030000.WAV,Telephone Field,recover-20221013,001,1795
392.1985,392.2111,23750,28756,Nyctalus leisleri,0.012,0.026,-1,Echolocation,/mnt/ubna_data_02_mir/recover-20221013/UBNA_001/20221012_030000.WAV,Telephone Field,recover-20221013,001,1795
392.2105,392.2434,68437,81279,Rhinolophus ferrumequinum,0.023,0.023,-1,Echolocation,/mnt/ubna_data_02_mir/recover-20221013/UBNA_001/20221012_030000.WAV,Telephone Field,recover-20221013,001,1795
392.2315,392.2705,68437,82031,Rhinolophus ferrumequinum,0.022,0.022,-1,Echolocation,/mnt/ubna_data_02_mir/recover-20221013/UBNA_001/20221012_030000.WAV,Telephone Field,recover-20221013,001,1795
392.2325,392.2448,22890,27626,Nyctalus leisleri,0.014,0.025,-1,Echolocation,/mnt/ubna_data_02_mir/recover-20221013/UBNA_001/20221012_030000.WAV,Telephone Field,recover-20221013,001,1795
392.2395,392.2466,24609,37492,Plecotus austriacus,0.01,0.03,-1,Echolocation,/mnt/ubna_data_02_mir/recover-20221013/UBNA_001/20221012_030000.WAV,Telephone Field,recover-20221013,001,1795
392.2475,392.283,68437,81690,Rhinolophus ferrumequinum,0.022,0.022,-1,Echolocation,/mnt/ubna_data_02_mir/recover-20221013/UBNA_001/20221012_030000.WAV,Telephone Field,recover-20221013,001,1795
392.2715,392.3111,68437,82487,Rhinolophus ferrumequinum,0.022,0.022,-1,Echolocation,/mnt/ubna_data_02_mir/recover-20221013/UBNA_001/20221012_030000.WAV,Telephone Field,recover-20221013,001,1795
392.2735,392.2839,22031,27101,Nyctalus leisleri,0.01,0.024,-1,Echolocation,/mnt/ubna_data_02_mir/recover-20221013/UBNA_001/20221012_030000.WAV,Telephone Field,recover-20221013,001,1795
392.3035,392.3126,28046,38256,Eptesicus serotinus,0.007,0.021,-1,Echolocation,/mnt/ubna_data_02_mir/recover-20221013/UBNA_001/20221012_030000.WAV,Telephone Field,recover-20221013,001,1795
392.3395,392.3787,68437,81369,Rhinolophus ferrumequinum,0.021,0.021,-1,Echolocation,/mnt/ubna_data_02_mir/recover-20221013/UBNA_001/20221012_030000.WAV,Telephone Field,recover-20221013,001,1795
392.3465,392.3852,68437,81634,Rhinolophus ferrumequinum,0.022,0.022,-1,Echolocation,/mnt/ubna_data_02_mir/recover-20221013/UBNA_001/20221012_030000.WAV,Telephone Field,recover-20221013,001,1795
392.3975,392.4387,68437,82819,Rhinolophus ferrumequinum,0.026,0.026,-1,Echolocation,/mnt/ubna_data_02_mir/recover-20221013/UBNA_001/20221012_030000.WAV,Telephone Field,recover-20221013,001,1795
392.4495,392.49,68437,82515,Rhinolophus ferrumequinum,0.024,0.024,-1,Echolocation,/mnt/ubna_data_02_mir/recover-20221013/UBNA_001/20221012_030000.WAV,Telephone Field,recover-20221013,001,1795
392.4505,392.4577,27187,36756,Eptesicus serotinus,0.008,0.024,-1,Echolocation,/mnt/ubna_data_02_mir/recover-20221013/UBNA_001/20221012_030000.WAV,Telephone Field,recover-20221013,001,1795
392.4865,392.4968,22890,28242,Nyctalus leisleri,0.01,0.022,-1,Echolocation,/mnt/ubna_data_02_mir/recover-20221013/UBNA_001/20221012_030000.WAV,Telephone Field,recover-20221013,001,1795
392.4975,392.5081,29765,36185,Eptesicus serotinus,0.01,0.026,-1,Echolocation,/mnt/ubna_data_02_mir/recover-20221013/UBNA_001/20221012_030000.WAV,Telephone Field,recover-20221013,001,1795
392.5425,392.5497,28906,38957,Eptesicus serotinus,0.007,0.024,-1,Echolocation,/mnt/ubna_data_02_mir/recover-20221013/UBNA_001/20221012_030000.WAV,Telephone Field,recover-20221013,001,1795
392.5645,392.5723,26328,39103,Eptesicus serotinus,0.006,0.022,-1,Echolocation,/mnt/ubna_data_02_mir/recover-20221013/UBNA_001/20221012_030000.WAV,Telephone Field,recover-20221013,001,1795
392.5735,392.5829,27187,36100,Eptesicus serotinus,0.008,0.021,-1,Echolocation,/mnt/ubna_data_02_mir/recover-20221013/UBNA_001/20221012_030000.WAV,Telephone Field,recover-20221013,001,1795
392.5905,392.6288,68437,81867,Rhinolophus ferrumequinum,0.024,0.024,-1,Echolocation,/mnt/ubna_data_02_mir/recover-20221013/UBNA_001/20221012_030000.WAV,Telephone Field,recover-20221013,001,1795
392.6235,392.6616,68437,82100,Rhinolophus ferrumequinum,0.022,0.022,-1,Echolocation,/mnt/ubna_data_02_mir/recover-20221013/UBNA_001/20221012_030000.WAV,Telephone Field,recover-20221013,001,1795
392.6235,392.6378,56406,60931,Pipistrellus pygmaeus,0.04,0.041,-1,Echolocation,/mnt/ubna_data_02_mir/recover-20221013/UBNA_001/20221012_030000.WAV,Telephone Field,recover-20221013,001,1795
392.6515,392.6585,44375,53788,Pipistrellus pipistrellus,0.013,0.021,-1,Echolocation,/mnt/ubna_data_02_mir/recover-20221013/UBNA_001/20221012_030000.WAV,Telephone Field,recover-20221013,001,1795
392.6785,392.6966,20312,23303,Nyctalus leisleri,0.016,0.027,-1,Echolocation,/mnt/ubna_data_02_mir/recover-20221013/UBNA_001/20221012_030000.WAV,Telephone Field,recover-20221013,001,1795
392.7095,392.7498,68437,82572,Rhinolophus ferrumequinum,0.032,0.033,-1,Echolocation,/mnt/ubna_data_02_mir/recover-20221013/UBNA_001/20221012_030000.WAV,Telephone Field,recover-20221013,001,1795
392.7305,392.7391,15156,23318,Plecotus auritus,0.012,0.027,-1,Echolocation,/mnt/ubna_data_02_mir/recover-20221013/UBNA_001/20221012_030000.WAV,Telephone Field,recover-20221013,001,1795
392.7325,392.7392,27187,39782,Eptesicus serotinus,0.006,0.024,-1,Echolocation,/mnt/ubna_data_02_mir/recover-20221013/UBNA_001/20221012_030000.WAV,Telephone Field,recover-20221013,001,1795
392.7455,392.7566,23750,30228,Nyctalus leisleri,0.011,0.028,-1,Echolocation,/mnt/ubna_data_02_mir/recover-20221013/UBNA_001/20221012_030000.WAV,Telephone Field,recover-20221013,001,1795
392.7465,392.7537,47812,51692,Pipistrellus pipistrellus,0.031,0.032,-1,Echolocation,/mnt/ubna_data_02_mir/recover-20221013/UBNA_001/20221012_030000.WAV,Telephone Field,recover-20221013,001,1795
392.7475,392.7838,68437,81786,Rhinolophus ferrumequinum,0.024,0.024,-1,Echolocation,/mnt/ubna_data_02_mir/recover-20221013/UBNA_001/20221012_030000.WAV,Telephone Field,recover-20221013,001,1795
392.7805,392.7875,28906,39933,Eptesicus serotinus,0.007,0.024,-1,Echolocation,/mnt/ubna_data_02_mir/recover-20221013/UBNA_001/20221012_030000.WAV,Telephone Field,recover-20221013,001,1795
392.8075,392.8484,68437,82431,Rhinolophus ferrumequinum,0.028,0.028,-1,Echolocation,/mnt/ubna_data_02_mir/recover-20221013/UBNA_001/20221012_030000.WAV,Telephone Field,recover-20221013,001,1795
392.8235,392.8372,15156,20946,Nyctalus noctula,0.014,0.021,-1,Echolocation,/mnt/ubna_data_02_mir/recover-20221013/UBNA_001/20221012_030000.WAV,Telephone Field,recover-20221013,001,1795
392.8355,392.8689,68437,80879,Rhinolophus ferrumequinum,0.021,0.021,-1,Echolocation,/mnt/ubna_data_02_mir/recover-20221013/UBNA_001/20221012_030000.WAV,Telephone Field,recover-20221013,001,1795
392.8485,392.8849,68437,81262,Rhinolophus ferrumequinum,0.022,0.022,-1,Echolocation,/mnt/ubna_data_02_mir/recover-20221013/UBNA_001/20221012_030000.WAV,Telephone Field,recover-20221013,001,1795
392.8635,392.8715,28046,39237,Eptesicus serotinus,0.007,0.022,-1,Echolocation,/mnt/ubna_data_02_mir/recover-20221013/UBNA_001/20221012_030000.WAV,Telephone Field,recover-20221013,001,1795
392.9375,392.9725,68437,81787,Rhinolophus ferrumequinum,0.021,0.021,-1,Echolocation,/mnt/ubna_data_02_mir/recover-20221013/UBNA_001/20221012_030000.WAV,Telephone Field,recover-20221013,001,1795
392.9505,392.9864,68437,81004,Rhinolophus ferrumequinum,0.021,0.021,-1,Echolocation,/mnt/ubna_data_02_mir/recover-20221013/UBNA_001/20221012_030000.WAV,Telephone Field,recover-20221013,001,1795
392.9845,392.9923,28046,38801,Eptesicus serotinus,0.012,0.032,-1,Echolocation,/mnt/ubna_data_02_mir/recover-20221013/UBNA_001/20221012_030000.WAV,Telephone Field,recover-20221013,001,1795
392.9965,393.0363,68437,82713,Rhinolophus ferrumequinum,0.022,0.022,-1,Echolocation,/mnt/ubna_data_02_mir/recover-20221013/UBNA_001/20221012_030000.WAV,Telephone Field,recover-20221013,001,1795
393.0385,393.0779,68437,82823,Rhinolophus ferrumequinum,0.022,0.022,-1,Echolocation,/mnt/ubna_data_02_mir/recover-20221013/UBNA_001/20221012_030000.WAV,Telephone Field,recover-20221013,001,1795
393.0515,393.0894,68437,82058,Rhinolophus ferrumequinum,0.022,0.022,-1,Echolocation,/mnt/ubna_data_02_mir/recover-20221013/UBNA_001/20221012_030000.WAV,Telephone Field,recover-20221013,001,1795
393.1005,393.1386,68437,82338,Rhinolophus ferrumequinum,0.024,0.024,-1,Echolocation,/mnt/ubna_data_02_mir/recover-20221013/UBNA_001/20221012_030000.WAV,Telephone Field,recover-20221013,001,1795
393.1065,393.1135,27187,40291,Eptesicus serotinus,0.006,0.022,-1,Echolocation,/mnt/ubna_data_02_mir/recover-20221013/UBNA_001/20221012_030000.WAV,Telephone Field,recover-20221013,001,1795
393.1205,393.1567,68437,81288,Rhinolophus ferrumequinum,0.021,0.021,-1,Echolocation,/mnt/ubna_data_02_mir/recover-20221013/UBNA_001/20221012_030000.WAV,Telephone Field,recover-20221013,001,1795
393.1565,393.1986,68437,82675,Rhinolophus ferrumequinum,0.027,0.027,-1,Echolocation,/mnt/ubna_data_02_mir/recover-20221013/UBNA_001/20221012_030000.WAV,Telephone Field,recover-20221013,001,1795
393.1775,393.2139,68437,81962,Rhinolophus ferrumequinum,0.022,0.022,-1,Echolocation,/mnt/ubna_data_02_mir/recover-20221013/UBNA_001/20221012_030000.WAV,Telephone Field,recover-20221013,001,1795
393.1945,393.2335,68437,82371,Rhinolophus ferrumequinum,0.036,0.036,-1,Echolocation,/mnt/ubna_data_02_mir/recover-20221013/UBNA_001/20221012_030000.WAV,Telephone Field,recover-20221013,001,1795
393.1975,393.2079,22890,28092,Nyctalus leisleri,0.011,0.028,-1,Echolocation,/mnt/ubna_data_02_mir/recover-20221013/UBNA_001/20221012_030000.WAV,Telephone Field,recover-20221013,001,1795
393.2185,393.2257,28906,40616,Eptesicus serotinus,0.006,0.021,-1,Echolocation,/mnt/ubna_data_02_mir/recover-20221013/UBNA_001/20221012_030000.WAV,Telephone Field,recover-20221013,001,1795
393.2525,393.2933,68437,82478,Rhinolophus ferrumequinum,0.029,0.029,-1,Echolocation,/mnt/ubna_data_02_mir/recover-20221013/UBNA_001/20221012_030000.WAV,Telephone Field,recover-20221013,001,1795
393.2745,393.2831,27187,37193,Eptesicus serotinus,0.008,0.021,-1,Echolocation,/mnt/ubna_data_02_mir/recover-20221013/UBNA_001/20221012_030000.WAV,Telephone Field,recover-20221013,001,1795
393.2885,393.3245,68437,80968,Rhinolophus ferrumequinum,0.023,0.023,-1,Echolocation,/mnt/ubna_data_02_mir/recover-20221013/UBNA_001/20221012_030000.WAV,Telephone Field,recover-20221013,001,1795
393.3125,393.3493,68437,81421,Rhinolophus ferrumequinum,0.022,0.022,-1,Echolocation,/mnt/ubna_data_02_mir/recover-20221013/UBNA_001/20221012_030000.WAV,Telephone Field,recover-20221013,001,1795
393.3275,393.3664,68437,82283,Rhinolophus ferrumequinum,0.023,0.023,-1,Echolocation,/mnt/ubna_data_02_mir/recover-20221013/UBNA_001/20221012_030000.WAV,Telephone Field,recover-20221013,001,1795
393.3505,393.3906,68437,82593,Rhinolophus ferrumequinum,0.027,0.027,-1,Echolocation,/mnt/ubna_data_02_mir/recover-20221013/UBNA_001/20221012_030000.WAV,Telephone Field,recover-20221013,001,1795
393.3745,393.4159,68437,83475,Rhinolophus ferrumequinum,0.028,0.028,-1,Echolocation,/mnt/ubna_data_02_mir/recover-20221013/UBNA_001/20221012_030000.WAV,Telephone Field,recover-20221013,001,1795
393.4075,393.4408,68437,80606,Rhinolophus ferrumequinum,0.023,0.023,-1,Echolocation,/mnt/ubna_data_02_mir/recover-20221013/UBNA_001/20221012_030000.WAV,Telephone Field,recover-20221013,001,1795
393.4155,393.4515,68437,81808,Rhinolophus ferrumequinum,0.021,0.021,-1,Echolocation,/mnt/ubna_data_02_mir/recover-20221013/UBNA_001/20221012_030000.WAV,Telephone Field,recover-20221013,001,1795
393.4305,393.4689,68437,82142,Rhinolophus ferrumequinum,0.022,0.022,-1,Echolocation,/mnt/ubna_data_02_mir/recover-20221013/UBNA_001/20221012_030000.WAV,Telephone Field,recover-20221013,001,1795
393.4635,393.4699,24609,34499,Plecotus austriacus,0.011,0.026,-1,Echolocation,/mnt/ubna_data_02_mir/recover-20221013/UBNA_001/20221012_030000.WAV,Telephone Field,recover-20221013,001,1795
393.4875,393.5266,68437,82644,Rhinolophus ferrumequinum,0.021,0.021,-1,Echolocation,/mnt/ubna_data_02_mir/recover-20221013/UBNA_001/20221012_030000.WAV,Telephone Field,recover-20221013,001,1795
393.5225,393.5636,68437,82781,Rhinolophus ferrumequinum,0.022,0.022,-1,Echolocation,/mnt/ubna_data_02_mir/recover-20221013/UBNA_001/20221012_030000.WAV,Telephone Field,recover-20221013,001,1795
393.5465,393.556,28046,35206,Eptesicus serotinus,0.008,0.022,-1,Echolocation,/mnt/ubna_data_02_mir/recover-20221013/UBNA_001/20221012_030000.WAV,Telephone Field,recover-20221013,001,1795
393.5725,393.6143,68437,82949,Rhinolophus ferrumequinum,0.026,0.026,-1,Echolocation,/mnt/ubna_data_02_mir/recover-20221013/UBNA_001/20221012_030000.WAV,Telephone Field,recover-20221013,001,1795
393.5775,393.5903,22031,26968,Nyctalus leisleri,0.017,0.035,-1,Echolocation,/mnt/ubna_data_02_mir/recover-20221013/UBNA_001/20221012_030000.WAV,Telephone Field,recover-20221013,001,1795
393.5925,393.6307,68437,82198,Rhinolophus ferrumequinum,0.028,0.028,-1,Echolocation,/mnt/ubna_data_02_mir/recover-20221013/UBNA_001/20221012_030000.WAV,Telephone Field,recover-20221013,001,1795
393.6175,393.6242,51250,57595,Pipistrellus pipistrellus,0.016,0.021,-1,Echolocation,/mnt/ubna_data_02_mir/recover-20221013/UBNA_001/20221012_030000.WAV,Telephone Field,recover-20221013,001,1795
393.6635,393.7029,68437,82390,Rhinolophus ferrumequinum,0.027,0.027,-1,Echolocation,/mnt/ubna_data_02_mir/recover-20221013/UBNA_001/20221012_030000.WAV,Telephone Field,recover-20221013,001,1795
393.6875,393.7284,68437,83065,Rhinolophus ferrumequinum,0.021,0.021,-1,Echolocation,/mnt/ubna_data_02_mir/recover-20221013/UBNA_001/20221012_030000.WAV,Telephone Field,recover-20221013,001,1795
393.7085,393.746,68437,80804,Rhinolophus ferrumequinum,0.026,0.026,-1,Echolocation,/mnt/ubna_data_02_mir/recover-20221013/UBNA_001/20221012_030000.WAV,Telephone Field,recover-20221013,001,1795
393.7125,393.7187,28906,39689,Eptesicus serotinus,0.007,0.03,-1,Echolocation,/mnt/ubna_data_02_mir/recover-20221013/UBNA_001/20221012_030000.WAV,Telephone Field,recover-20221013,001,1795
393.8315,393.8731,68437,82379,Rhinolophus ferrumequinum,0.022,0.022,-1,Echolocation,/mnt/ubna_data_02_mir/recover-20221013/UBNA_001/20221012_030000.WAV,Telephone Field,recover-20221013,001,1795
393.8775,393.8844,26328,39280,Eptesicus serotinus,0.005,0.021,-1,Echolocation,/mnt/ubna_data_02_mir/recover-20221013/UBNA_001/20221012_030000.WAV,Telephone Field,recover-20221013,001,1795
393.9005,393.9163,22031,26634,Nyctalus leisleri,0.036,0.071,-1,Echolocation,/mnt/ubna_data_02_mir/recover-20221013/UBNA_001/20221012_030000.WAV,Telephone Field,recover-20221013,001,1795
393.9375,393.9759,68437,82711,Rhinolophus ferrumequinum,0.025,0.025,-1,Echolocation,/mnt/ubna_data_02_mir/recover-20221013/UBNA_001/20221012_030000.WAV,Telephone Field,recover-20221013,001,1795
393.9655,393.9723,27187,47433,Eptesicus serotinus,0.005,0.022,-1,Echolocation,/mnt/ubna_data_02_mir/recover-20221013/UBNA_001/20221012_030000.WAV,Telephone Field,recover-20221013,001,1795
393.9665,393.9782,22031,27675,Nyctalus leisleri,0.01,0.023,-1,Echolocation,/mnt/ubna_data_02_mir/recover-20221013/UBNA_001/20221012_030000.WAV,Telephone Field,recover-20221013,001,1795
393.9795,393.9989,17734,21628,Nyctalus noctula,0.013,0.021,-1,Echolocation,/mnt/ubna_data_02_mir/recover-20221013/UBNA_001/20221012_030000.WAV,Telephone Field,recover-20221013,001,1795
394.0015,394.0159,18593,23580,Nyctalus leisleri,0.011,0.025,-1,Echolocation,/mnt/ubna_data_02_mir/recover-20221013/UBNA_001/20221012_030000.WAV,Telephone Field,recover-20221013,001,1795
394.0015,394.0332,68437,80531,Rhinolophus ferrumequinum,0.037,0.037,-1,Echolocation,/mnt/ubna_data_02_mir/recover-20221013/UBNA_001/20221012_030000.WAV,Telephone Field,recover-20221013,001,1795
394.0025,394.0162,54687,60868,Pipistrellus pygmaeus,0.041,0.043,-1,Echolocation,/mnt/ubna_data_02_mir/recover-20221013/UBNA_001/20221012_030000.WAV,Telephone Field,recover-20221013,001,1795
394.0325,394.0727,68437,81768,Rhinolophus ferrumequinum,0.027,0.027,-1,Echolocation,/mnt/ubna_data_02_mir/recover-20221013/UBNA_001/20221012_030000.WAV,Telephone Field,recover-20221013,001,1795
394.0535,394.0933,68437,82629,Rhinolophus ferrumequinum,0.025,0.025,-1,Echolocation,/mnt/ubna_data_02_mir/recover-20221013/UBNA_001/20221012_030000.WAV,Telephone Field,recover-20221013,001,1795
394.0645,394.0737,28906,38714,Eptesicus serotinus,0.009,0.022,-1,Echolocation,/mnt/ubna_data_02_mir/recover-20221013/UBNA_001/20221012_030000.WAV,Telephone Field,recover-20221013,001,1795
394.0685,394.1083,68437,82402,Rhinolophus ferrumequinum,0.021,0.021,-1,Echolocation,/mnt/ubna_data_02_mir/recover-20221013/UBNA_001/20221012_030000.WAV,Telephone Field,recover-20221013,001,1795
394.1095,394.1509,68437,82847,Rhinolophus ferrumequinum,0.022,0.022,-1,Echolocation,/mnt/ubna_data_02_mir/recover-20221013/UBNA_001/20221012_030000.WAV,Telephone Field,recover-20221013,001,1795
394.1125,394.1222,28046,35823,Eptesicus serotinus,0.009,0.022,-1,Echolocation,/mnt/ubna_data_02_mir/recover-20221013/UBNA_001/20221012_030000.WAV,Telephone Field,recover-20221013,001,1795
394.1275,394.1667,68437,82036,Rhinolophus ferrumequinum,0.024,0.024,-1,Echolocation,/mnt/ubna_data_02_mir/recover-20221013/UBNA_001/20221012_030000.WAV,Telephone Field,recover-20221013,001,1795
394.1575,394.1957,68437,82326,Rhinolophus ferrumequinum,0.027,0.027,-1,Echolocation,/mnt/ubna_data_02_mir/recover-20221013/UBNA_001/20221012_030000.WAV,Telephone Field,recover-20221013,001,1795
394.1965,394.2069,25468,32230,Eptesicus serotinus,0.008,0.022,-1,Echolocation,/mnt/ubna_data_02_mir/recover-20221013/UBNA_001/20221012_030000.WAV,Telephone Field,recover-20221013,001,1795
394.2635,394.3029,68437,82325,Rhinolophus ferrumequinum,0.034,0.034,-1,Echolocation,/mnt/ubna_data_02_mir/recover-20221013/UBNA_001/20221012_030000.WAV,Telephone Field,recover-20221013,001,1795
394.2665,394.2755,28046,40754,Eptesicus serotinus,0.008,0.021,-1,Echolocation,/mnt/ubna_data_02_mir/recover-20221013/UBNA_001/20221012_030000.WAV,Telephone Field,recover-20221013,001,1795
394.2735,394.2832,28906,36410,Eptesicus serotinus,0.008,0.021,-1,Echolocation,/mnt/ubna_data_02_mir/recover-20221013/UBNA_001/20221012_030000.WAV,Telephone Field,recover-20221013,001,1795
394.2975,394.3065,22890,29948,Plecotus austriacus,0.008,0.022,-1,Echolocation,/mnt/ubna_data_02_mir/recover-20221013/UBNA_001/20221012_030000.WAV,Telephone Field,recover-20221013,001,1795
394.3115,394.3204,22890,29428,Nyctalus leisleri,0.007,0.021,-1,Echolocation,/mnt/ubna_data_02_mir/recover-20221013/UBNA_001/20221012_030000.WAV,Telephone Field,recover-20221013,001,1795
394.3265,394.3349,28906,39625,Eptesicus serotinus,0.008,0.021,-1,Echolocation,/mnt/ubna_data_02_mir/recover-20221013/UBNA_001/20221012_030000.WAV,Telephone Field,recover-20221013,001,1795
394.3275,394.3638,68437,81991,Rhinolophus ferrumequinum,0.024,0.024,-1,Echolocation,/mnt/ubna_data_02_mir/recover-20221013/UBNA_001/20221012_030000.WAV,Telephone Field,recover-20221013,001,1795
394.3705,394.381,28906,36345,Eptesicus serotinus,0.01,0.023,-1,Echolocation,/mnt/ubna_data_02_mir/recover-20221013/UBNA_001/20221012_030000.WAV,Telephone Field,recover-20221013,001,1795
394.3795,394.3875,27187,36025,Eptesicus serotinus,0.01,0.024,-1,Echolocation,/mnt/ubna_data_02_mir/recover-20221013/UBNA_001/20221012_030000.WAV,Telephone Field,recover-20221013,001,1795
394.4115,394.4217,22890,29819,Nyctalus leisleri,0.008,0.024,-1,Echolocation,/mnt/ubna_data_02_mir/recover-20221013/UBNA_001/20221012_030000.WAV,Telephone Field,recover-20221013,001,1795
394.4385,394.4475,43515,50704,Pipistrellus pipistrellus,0.014,0.026,-1,Echolocation,/mnt/ubna_data_02_mir/recover-20221013/UBNA_001/20221012_030000.WAV,Telephone Field,recover-20221013,001,1795
394.4415,394.4894,68437,83981,Rhinolophus ferrumequinum,0.095,0.095,-1,Echolocation,/mnt/ubna_data_02_mir/recover-20221013/UBNA_001/20221012_030000.WAV,Telephone Field,recover-20221013,001,1795
394.4495,394.4678,20312,23482,Nyctalus leisleri,0.012,0.021,-1,Echolocation,/mnt/ubna_data_02_mir/recover-20221013/UBNA_001/20221012_030000.WAV,Telephone Field,recover-20221013,001,1795
394.4695,394.509,68437,82278,Rhinolophus ferrumequinum,0.032,0.032,-1,Echolocation,/mnt/ubna_data_02_mir/recover-20221013/UBNA_001/20221012_030000.WAV,Telephone Field,recover-20221013,001,1795
394.4705,394.4778,26328,36943,Eptesicus serotinus,0.007,0.02,-1,Echolocation,/mnt/ubna_data_02_mir/recover-20221013/UBNA_001/20221012_030000.WAV,Telephone Field,recover-20221013,001,1795
394.4995,394.5396,68437,82298,Rhinolophus ferrumequinum,0.021,0.022,-1,Echolocation,/mnt/ubna_data_02_mir/recover-20221013/UBNA_001/20221012_030000.WAV,Telephone Field,recover-20221013,001,1795
394.5035,394.5158,23750,29690,Nyctalus leisleri,0.013,0.034,-1,Echolocation,/mnt/ubna_data_02_mir/recover-20221013/UBNA_001/20221012_030000.WAV,Telephone Field,recover-20221013,001,1795
394.5135,394.5223,27187,39012,Eptesicus serotinus,0.01,0.022,-1,Echolocation,/mnt/ubna_data_02_mir/recover-20221013/UBNA_001/20221012_030000.WAV,Telephone Field,recover-20221013,001,1795
394.5195,394.5576,68437,82578,Rhinolophus ferrumequinum,0.023,0.023,-1,Echolocation,/mnt/ubna_data_02_mir/recover-20221013/UBNA_001/20221012_030000.WAV,Telephone Field,recover-20221013,001,1795
394.5325,394.5731,68437,83370,Rhinolophus ferrumequinum,0.023,0.023,-1,Echolocation,/mnt/ubna_data_02_mir/recover-20221013/UBNA_001/20221012_030000.WAV,Telephone Field,recover-20221013,001,1795
394.5585,394.5688,28906,36847,Eptesicus serotinus,0.01,0.023,-1,Echolocation,/mnt/ubna_data_02_mir/recover-20221013/UBNA_001/20221012_030000.WAV,Telephone Field,recover-20221013,001,1795
394.5875,394.6292,68437,82816,Rhinolophus ferrumequinum,0.033,0.033,-1,Echolocation,/mnt/ubna_data_02_mir/recover-20221013/UBNA_001/20221012_030000.WAV,Telephone Field,recover-20221013,001,1795
394.6195,394.661,68437,82664,Rhinolophus ferrumequinum,0.023,0.023,-1,Echolocation,/mnt/ubna_data_02_mir/recover-20221013/UBNA_001/20221012_030000.WAV,Telephone Field,recover-20221013,001,1795
394.6505,394.6909,68437,82748,Rhinolophus ferrumequinum,0.026,0.026,-1,Echolocation,/mnt/ubna_data_02_mir/recover-20221013/UBNA_001/20221012_030000.WAV,Telephone Field,recover-20221013,001,1795
394.7055,394.7151,24609,31026,Nyctalus leisleri,0.007,0.021,-1,Echolocation,/mnt/ubna_data_02_mir/recover-20221013/UBNA_001/20221012_030000.WAV,Telephone Field,recover-20221013,001,1795
394.7185,394.7595,68437,82789,Rhinolophus ferrumequinum,0.026,0.026,-1,Echolocation,/mnt/ubna_data_02_mir/recover-20221013/UBNA_001/20221012_030000.WAV,Telephone Field,recover-20221013,001,1795
394.7505,394.7898,68437,82292,Rhinolophus ferrumequinum,0.024,0.024,-1,Echolocation,/mnt/ubna_data_02_mir/recover-20221013/UBNA_001/20221012_030000.WAV,Telephone Field,recover-20221013,001,1795
394.7675,394.8062,68437,81661,Rhinolophus ferrumequinum,0.021,0.021,-1,Echolocation,/mnt/ubna_data_02_mir/recover-20221013/UBNA_001/20221012_030000.WAV,Telephone Field,recover-20221013,001,1795
394.7895,394.797,27187,43988,Eptesicus serotinus,0.008,0.027,-1,Echolocation,/mnt/ubna_data_02_mir/recover-20221013/UBNA_001/20221012_030000.WAV,Telephone Field,recover-20221013,001,1795
394.7925,394.8345,68437,83013,Rhinolophus ferrumequinum,0.046,0.046,-1,Echolocation,/mnt/ubna_data_02_mir/recover-20221013/UBNA_001/20221012_030000.WAV,Telephone Field,recover-20221013,001,1795
394.8595,394.9001,68437,82750,Rhinolophus ferrumequinum,0.027,0.027,-1,Echolocation,/mnt/ubna_data_02_mir/recover-20221013/UBNA_001/20221012_030000.WAV,Telephone Field,recover-20221013,001,1795
394.8755,394.9141,68437,82311,Rhinolophus ferrumequinum,0.022,0.022,-1,Echolocation,/mnt/ubna_data_02_mir/recover-20221013/UBNA_001/20221012_030000.WAV,Telephone Field,recover-20221013,001,1795
394.9115,394.9535,68437,83490,Rhinolophus ferrumequinum,0.033,0.034,-1,Echolocation,/mnt/ubna_data_02_mir/recover-20221013/UBNA_001/20221012_030000.WAV,Telephone Field,recover-20221013,001,1795
394.9195,394.9303,22890,28017,Nyctalus leisleri,0.012,0.025,-1,Echolocation,/mnt/ubna_data_02_mir/recover-20221013/UBNA_001/20221012_030000.WAV,Telephone Field,recover-20221013,001,1795
394.9245,394.9368,28906,34834,Eptesicus serotinus,0.014,0.026,-1,Echolocation,/mnt/ubna_data_02_mir/recover-20221013/UBNA_001/20221012_030000.WAV,Telephone Field,recover-20221013,001,1795
394.9455,394.9799,68437,81469,Rhinolophus ferrumequinum,0.02,0.02,-1,Echolocation,/mnt/ubna_data_02_mir/recover-20221013/UBNA_001/20221012_030000.WAV,Telephone Field,recover-20221013,001,1795
394.9555,394.9953,68437,82222,Rhinolophus ferrumequinum,0.023,0.023,-1,Echolocation,/mnt/ubna_data_02_mir/recover-20221013/UBNA_001/20221012_030000.WAV,Telephone Field,recover-20221013,001,1795
394.9595,394.9704,24609,30811,Nyctalus leisleri,0.011,0.028,-1,Echolocation,/mnt/ubna_data_02_mir/recover-20221013/UBNA_001/20221012_030000.WAV,Telephone Field,recover-20221013,001,1795
394.9675,395.006,68437,82409,Rhinolophus ferrumequinum,0.022,0.022,-1,Echolocation,/mnt/ubna_data_02_mir/recover-20221013/UBNA_001/20221012_030000.WAV,Telephone Field,recover-20221013,001,1795
395.0035,395.0407,68437,82196,Rhinolophus ferrumequinum,0.021,0.021,-1,Echolocation,/mnt/ubna_data_02_mir/recover-20221013/UBNA_001/20221012_030000.WAV,Telephone Field,recover-20221013,001,1795
395.0095,395.0198,22890,27904,Nyctalus leisleri,0.01,0.021,-1,Echolocation,/mnt/ubna_data_02_mir/recover-20221013/UBNA_001/20221012_030000.WAV,Telephone Field,recover-20221013,001,1795
395.0515,395.0597,23750,31894,Plecotus austriacus,0.008,0.021,-1,Echolocation,/mnt/ubna_data_02_mir/recover-20221013/UBNA_001/20221012_030000.WAV,Telephone Field,recover-20221013,001,1795
395.0585,395.0682,28046,38930,Eptesicus serotinus,0.009,0.021,-1,Echolocation,/mnt/ubna_data_02_mir/recover-20221013/UBNA_001/20221012_030000.WAV,Telephone Field,recover-20221013,001,1795
395.0585,395.0672,51250,56817,Pipistrellus pipistrellus,0.022,0.027,-1,Echolocation,/mnt/ubna_data_02_mir/recover-20221013/UBNA_001/20221012_030000.WAV,Telephone Field,recover-20221013,001,1795
395.0785,395.0863,28906,42504,Eptesicus serotinus,0.006,0.021,-1,Echolocation,/mnt/ubna_data_02_mir/recover-20221013/UBNA_001/20221012_030000.WAV,Telephone Field,recover-20221013,001,1795
395.0795,395.1176,68437,82029,Rhinolophus ferrumequinum,0.02,0.02,-1,Echolocation,/mnt/ubna_data_02_mir/recover-20221013/UBNA_001/20221012_030000.WAV,Telephone Field,recover-20221013,001,1795
395.1055,395.1159,23750,29490,Nyctalus leisleri,0.009,0.023,-1,Echolocation,/mnt/ubna_data_02_mir/recover-20221013/UBNA_001/20221012_030000.WAV,Telephone Field,recover-20221013,001,1795
395.1105,395.1508,68437,82074,Rhinolophus ferrumequinum,0.021,0.021,-1,Echolocation,/mnt/ubna_data_02_mir/recover-20221013/UBNA_001/20221012_030000.WAV,Telephone Field,recover-20221013,001,1795
395.1285,395.171,68437,83137,Rhinolophus ferrumequinum,0.036,0.036,-1,Echolocation,/mnt/ubna_data_02_mir/recover-20221013/UBNA_001/20221012_030000.WAV,Telephone Field,recover-20221013,001,1795
395.1595,395.1965,68437,81815,Rhinolophus ferrumequinum,0.021,0.021,-1,Echolocation,/mnt/ubna_data_02_mir/recover-20221013/UBNA_001/20221012_030000.WAV,Telephone Field,recover-20221013,001,1795
395.1835,395.1937,22031,27079,Nyctalus leisleri,0.01,0.023,-1,Echolocation,/mnt/ubna_data_02_mir/recover-20221013/UBNA_001/20221012_030000.WAV,Telephone Field,recover-20221013,001,1795
395.2195,395.2279,28046,38728,Eptesicus serotinus,0.008,0.022,-1,Echolocation,/mnt/ubna_data_02_mir/recover-20221013/UBNA_001/20221012_030000.WAV,Telephone Field,recover-20221013,001,1795
395.2435,395.2852,68437,82829,Rhinolophus ferrumequinum,0.031,0.031,-1,Echolocation,/mnt/ubna_data_02_mir/recover-20221013/UBNA_001/20221012_030000.WAV,Telephone Field,recover-20221013,001,1795
395.2535,395.2967,68437,82807,Rhinolophus ferrumequinum,0.027,0.027,-1,Echolocation,/mnt/ubna_data_02_mir/recover-20221013/UBNA_001/20221012_030000.WAV,Telephone Field,recover-20221013,001,1795
395.2545,395.2652,22890,28370,Nyctalus leisleri,0.009,0.021,-1,Echolocation,/mnt/ubna_data_02_mir/recover-20221013/UBNA_001/20221012_030000.WAV,Telephone Field,recover-20221013,001,1795
395.2805,395.3183,68437,82064,Rhinolophus ferrumequinum,0.021,0.021,-1,Echolocation,/mnt/ubna_data_02_mir/recover-20221013/UBNA_001/20221012_030000.WAV,Telephone Field,recover-20221013,001,1795
395.2995,395.3451,68437,83667,Rhinolophus ferrumequinum,0.047,0.047,-1,Echolocation,/mnt/ubna_data_02_mir/recover-20221013/UBNA_001/20221012_030000.WAV,Telephone Field,recover-20221013,001,1795
395.3365,395.3446,27187,36204,Eptesicus serotinus,0.008,0.022,-1,Echolocation,/mnt/ubna_data_02_mir/recover-20221013/UBNA_001/20221012_030000.WAV,Telephone Field,recover-20221013,001,1795
395.3495,395.3887,68437,82350,Rhinolophus ferrumequinum,0.021,0.021,-1,Echolocation,/mnt/ubna_data_02_mir/recover-20221013/UBNA_001/20221012_030000.WAV,Telephone Field,recover-20221013,001,1795
395.3735,395.4135,68437,82035,Rhinolophus ferrumequinum,0.022,0.022,-1,Echolocation,/mnt/ubna_data_02_mir/recover-20221013/UBNA_001/20221012_030000.WAV,Telephone Field,recover-20221013,001,1795
395.3755,395.3844,28046,42021,Eptesicus serotinus,0.009,0.023,-1,Echolocation,/mnt/ubna_data_02_mir/recover-20221013/UBNA_001/20221012_030000.WAV,Telephone Field,recover-20221013,001,1795
395.3815,395.4188,68437,81117,Rhinolophus ferrumequinum,0.021,0.021,-1,Echolocation,/mnt/ubna_data_02_mir/recover-20221013/UBNA_001/20221012_030000.WAV,Telephone Field,recover-20221013,001,1795
395.3955,395.4034,28046,40230,Eptesicus serotinus,0.008,0.021,-1,Echolocation,/mnt/ubna_data_02_mir/recover-20221013/UBNA_001/20221012_030000.WAV,Telephone Field,recover-20221013,001,1795
395.4135,395.4511,68437,82061,Rhinolophus ferrumequinum,0.021,0.021,-1,Echolocation,/mnt/ubna_data_02_mir/recover-20221013/UBNA_001/20221012_030000.WAV,Telephone Field,recover-20221013,001,1795
395.4535,395.4938,68437,82586,Rhinolophus ferrumequinum,0.025,0.025,-1,Echolocation,/mnt/ubna_data_02_mir/recover-20221013/UBNA_001/20221012_030000.WAV,Telephone Field,recover-20221013,001,1795
395.4705,395.5111,68437,82684,Rhinolophus ferrumequinum,0.02,0.02,-1,Echolocation,/mnt/ubna_data_02_mir/recover-20221013/UBNA_001/20221012_030000.WAV,Telephone Field,recover-20221013,001,1795
395.4785,395.5171,68437,82568,Rhinolophus ferrumequinum,0.021,0.021,-1,Echolocation,/mnt/ubna_data_02_mir/recover-20221013/UBNA_001/20221012_030000.WAV,Telephone Field,recover-20221013,001,1795
395.5045,395.5119,25468,36899,Eptesicus serotinus,0.006,0.02,-1,Echolocation,/mnt/ubna_data_02_mir/recover-20221013/UBNA_001/20221012_030000.WAV,Telephone Field,recover-20221013,001,1795
395.5485,395.5877,68437,82205,Rhinolophus ferrumequinum,0.023,0.023,-1,Echolocation,/mnt/ubna_data_02_mir/recover-20221013/UBNA_001/20221012_030000.WAV,Telephone Field,recover-20221013,001,1795
395.5735,395.6128,68437,81842,Rhinolophus ferrumequinum,0.026,0.026,-1,Echolocation,/mnt/ubna_data_02_mir/recover-20221013/UBNA_001/20221012_030000.WAV,Telephone Field,recover-20221013,001,1795
395.5925,395.6043,22890,27652,Nyctalus leisleri,0.01,0.02,-1,Echolocation,/mnt/ubna_data_02_mir/recover-20221013/UBNA_001/20221012_030000.WAV,Telephone Field,recover-20221013,001,1795
395.6175,395.6599,68437,83578,Rhinolophus ferrumequinum,0.041,0.041,-1,Echolocation,/mnt/ubna_data_02_mir/recover-20221013/UBNA_001/20221012_030000.WAV,Telephone Field,recover-20221013,001,1795
395.6645,395.6727,28046,42224,Eptesicus serotinus,0.008,0.023,-1,Echolocation,/mnt/ubna_data_02_mir/recover-20221013/UBNA_001/20221012_030000.WAV,Telephone Field,recover-20221013,001,1795
395.6695,395.7092,68437,82649,Rhinolophus ferrumequinum,0.023,0.023,-1,Echolocation,/mnt/ubna_data_02_mir/recover-20221013/UBNA_001/20221012_030000.WAV,Telephone Field,recover-20221013,001,1795
395.6925,395.729,68437,81104,Rhinolophus ferrumequinum,0.021,0.021,-1,Echolocation,/mnt/ubna_data_02_mir/recover-20221013/UBNA_001/20221012_030000.WAV,Telephone Field,recover-20221013,001,1795
395.7405,395.7782,68437,81913,Rhinolophus ferrumequinum,0.022,0.022,-1,Echolocation,/mnt/ubna_data_02_mir/recover-20221013/UBNA_001/20221012_030000.WAV,Telephone Field,recover-20221013,001,1795
395.7575,395.796,68437,81991,Rhinolophus ferrumequinum,0.02,0.02,-1,Echolocation,/mnt/ubna_data_02_mir/recover-20221013/UBNA_001/20221012_030000.WAV,Telephone Field,recover-20221013,001,1795
395.7775,395.8176,68437,82394,Rhinolophus ferrumequinum,0.024,0.024,-1,Echolocation,/mnt/ubna_data_02_mir/recover-20221013/UBNA_001/20221012_030000.WAV,Telephone Field,recover-20221013,001,1795
395.7985,395.8376,68437,82448,Rhinolophus ferrumequinum,0.02,0.02,-1,Echolocation,/mnt/ubna_data_02_mir/recover-20221013/UBNA_001/20221012_030000.WAV,Telephone Field,recover-20221013,001,1795
395.8125,395.849,68437,81136,Rhinolophus ferrumequinum,0.026,0.026,-1,Echolocation,/mnt/ubna_data_02_mir/recover-20221013/UBNA_001/20221012_030000.WAV,Telephone Field,recover-20221013,001,1795
395.8235,395.8334,27187,35267,Eptesicus serotinus,0.01,0.024,-1,Echolocation,/mnt/ubna_data_02_mir/recover-20221013/UBNA_001/20221012_030000.WAV,Telephone Field,recover-20221013,001,1795
395.8325,395.8742,68437,83107,Rhinolophus ferrumequinum,0.032,0.033,-1,Echolocation,/mnt/ubna_data_02_mir/recover-20221013/UBNA_001/20221012_030000.WAV,Telephone Field,recover-20221013,001,1795
395.8325,395.8422,22890,29003,Nyctalus leisleri,0.008,0.022,-1,Echolocation,/mnt/ubna_data_02_mir/recover-20221013/UBNA_001/20221012_030000.WAV,Telephone Field,recover-20221013,001,1795
395.8345,395.8432,28046,39314,Eptesicus serotinus,0.008,0.023,-1,Echolocation,/mnt/ubna_data_02_mir/recover-20221013/UBNA_001/20221012_030000.WAV,Telephone Field,recover-20221013,001,1795
395.8775,395.9173,68437,82689,Rhinolophus ferrumequinum,0.024,0.024,-1,Echolocation,/mnt/ubna_data_02_mir/recover-20221013/UBNA_001/20221012_030000.WAV,Telephone Field,recover-20221013,001,1795
395.9015,395.9092,28046,40000,Eptesicus serotinus,0.007,0.022,-1,Echolocation,/mnt/ubna_data_02_mir/recover-20221013/UBNA_001/20221012_030000.WAV,Telephone Field,recover-20221013,001,1795
395.9285,395.9376,28906,37138,Eptesicus serotinus,0.008,0.021,-1,Echolocation,/mnt/ubna_data_02_mir/recover-20221013/UBNA_001/20221012_030000.WAV,Telephone Field,recover-20221013,001,1795
395.9515,395.989,68437,81845,Rhinolophus ferrumequinum,0.021,0.021,-1,Echolocation,/mnt/ubna_data_02_mir/recover-20221013/UBNA_001/20221012_030000.WAV,Telephone Field,recover-20221013,001,1795
395.9775,395.9856,28906,40902,Eptesicus serotinus,0.01,0.024,-1,Echolocation,/mnt/ubna_data_02_mir/recover-20221013/UBNA_001/20221012_030000.WAV,Telephone Field,recover-20221013,001,1795
396.0015,396.0096,25468,35090,Nyctalus leisleri,0.01,0.032,-1,Echolocation,/mnt/ubna_data_02_mir/recover-20221013/UBNA_001/20221012_030000.WAV,Telephone Field,recover-20221013,001,1795
396.0015,396.0313,68437,79283,Rhinolophus ferrumequinum,0.036,0.037,-1,Echolocation,/mnt/ubna_data_02_mir/recover-20221013/UBNA_001/20221012_030000.WAV,Telephone Field,recover-20221013,001,1795
396.0225,396.0337,25468,32667,Eptesicus serotinus,0.013,0.025,-1,Echolocation,/mnt/ubna_data_02_mir/recover-20221013/UBNA_001/20221012_030000.WAV,Telephone Field,recover-20221013,001,1795
396.0295,396.0365,55546,62220,Pipistrellus pygmaeus,0.02,0.02,-1,Echolocation,/mnt/ubna_data_02_mir/recover-20221013/UBNA_001/20221012_030000.WAV,Telephone Field,recover-20221013,001,1795
396.0315,396.0445,23750,29484,Nyctalus leisleri,0.009,0.023,-1,Echolocation,/mnt/ubna_data_02_mir/recover-20221013/UBNA_001/20221012_030000.WAV,Telephone Field,recover-20221013,001,1795
396.0415,396.0833,68437,82741,Rhinolophus ferrumequinum,0.03,0.03,-1,Echolocation,/mnt/ubna_data_02_mir/recover-20221013/UBNA_001/20221012_030000.WAV,Telephone Field,recover-20221013,001,1795
396.0435,396.059,22890,27172,Nyctalus leisleri,0.014,0.027,-1,Echolocation,/mnt/ubna_data_02_mir/recover-20221013/UBNA_001/20221012_030000.WAV,Telephone Field,recover-20221013,001,1795
396.0745,396.1171,68437,83331,Rhinolophus ferrumequinum,0.028,0.028,-1,Echolocation,/mnt/ubna_data_02_mir/recover-20221013/UBNA_001/20221012_030000.WAV,Telephone Field,recover-20221013,001,1795
396.0905,396.1325,68437,82871,Rhinolophus ferrumequinum,0.023,0.023,-1,Echolocation,/mnt/ubna_data_02_mir/recover-20221013/UBNA_001/20221012_030000.WAV,Telephone Field,recover-20221013,001,1795
396.1185,396.1564,68437,82292,Rhinolophus ferrumequinum,0.022,0.022,-1,Echolocation,/mnt/ubna_data_02_mir/recover-20221013/UBNA_001/20221012_030000.WAV,Telephone Field,recover-20221013,001,1795
396.1605,396.2006,68437,82456,Rhinolophus ferrumequinum,0.022,0.022,-1,Echolocation,/mnt/ubna_data_02_mir/recover-20221013/UBNA_001/20221012_030000.WAV,Telephone Field,recover-20221013,001,1795
396.1745,396.1823,27187,39059,Eptesicus serotinus,0.007,0.022,-1,Echolocation,/mnt/ubna_data_02_mir/recover-20221013/UBNA_001/20221012_030000.WAV,Telephone Field,recover-20221013,001,1795
396.1905,396.2016,23750,28760,Nyctalus leisleri,0.01,0.021,-1,Echolocation,/mnt/ubna_data_02_mir/recover-20221013/UBNA_001/20221012_030000.WAV,Telephone Field,recover-20221013,001,1795
396.2355,396.2743,68437,82203,Rhinolophus ferrumequinum,0.021,0.021,-1,Echolocation,/mnt/ubna_data_02_mir/recover-20221013/UBNA_001/20221012_030000.WAV,Telephone Field,recover-20221013,001,1795
396.2625,396.3001,68437,81724,Rhinolophus ferrumequinum,0.02,0.021,-1,Echolocation,/mnt/ubna_data_02_mir/recover-20221013/UBNA_001/20221012_030000.WAV,Telephone Field,recover-20221013,001,1795
396.2855,396.3238,68437,82224,Rhinolophus ferrumequinum,0.021,0.021,-1,Echolocation,/mnt/ubna_data_02_mir/recover-20221013/UBNA_001/20221012_030000.WAV,Telephone Field,recover-20221013,001,1795
396.3095,396.329,20312,23341,Nyctalus leisleri,0.029,0.06,-1,Echolocation,/mnt/ubna_data_02_mir/recover-20221013/UBNA_001/20221012_030000.WAV,Telephone Field,recover-20221013,001,1795
396.3265,396.3684,68437,82832,Rhinolophus ferrumequinum,0.033,0.033,-1,Echolocation,/mnt/ubna_data_02_mir/recover-20221013/UBNA_001/20221012_030000.WAV,Telephone Field,recover-20221013,001,1795
396.3325,396.3746,68437,82573,Rhinolophus ferrumequinum,0.03,0.03,-1,Echolocation,/mnt/ubna_data_02_mir/recover-20221013/UBNA_001/20221012_030000.WAV,Telephone Field,recover-20221013,001,1795
396.4245,396.45889999999997,68437,80541,Rhinolophus ferrumequinum,0.021,0.021,-1,Echolocation,/mnt/ubna_data_02_mir/recover-20221013/UBNA_001/20221012_030000.WAV,Telephone Field,recover-20221013,001,1795
396.4435,396.4818,68437,82262,Rhinolophus ferrumequinum,0.02,0.02,-1,Echolocation,/mnt/ubna_data_02_mir/recover-20221013/UBNA_001/20221012_030000.WAV,Telephone Field,recover-20221013,001,1795
396.4575,396.496,68437,81704,Rhinolophus ferrumequinum,0.022,0.022,-1,Echolocation,/mnt/ubna_data_02_mir/recover-20221013/UBNA_001/20221012_030000.WAV,Telephone Field,recover-20221013,001,1795
396.4835,396.4892,49531,54244,Pipistrellus pipistrellus,0.02,0.022,-1,Echolocation,/mnt/ubna_data_02_mir/recover-20221013/UBNA_001/20221012_030000.WAV,Telephone Field,recover-20221013,001,1795
396.4895,396.4991,24609,31728,Eptesicus serotinus,0.007,0.021,-1,Echolocation,/mnt/ubna_data_02_mir/recover-20221013/UBNA_001/20221012_030000.WAV,Telephone Field,recover-20221013,001,1795
396.5045,396.5443,68437,82225,Rhinolophus ferrumequinum,0.02,0.02,-1,Echolocation,/mnt/ubna_data_02_mir/recover-20221013/UBNA_001/20221012_030000.WAV,Telephone Field,recover-20221013,001,1795
396.5115,396.5216,39218,45126,Pipistrellus nathusii,0.01,0.022,-1,Echolocation,/mnt/ubna_data_02_mir/recover-20221013/UBNA_001/20221012_030000.WAV,Telephone Field,recover-20221013,001,1795
396.5515,396.59159999999997,68437,82225,Rhinolophus ferrumequinum,0.021,0.021,-1,Echolocation,/mnt/ubna_data_02_mir/recover-20221013/UBNA_001/20221012_030000.WAV,Telephone Field,recover-20221013,001,1795
396.5735,396.5846,58125,63047,Pipistrellus pygmaeus,0.021,0.022,-1,Echolocation,/mnt/ubna_data_02_mir/recover-20221013/UBNA_001/20221012_030000.WAV,Telephone Field,recover-20221013,001,1795
396.6245,396.6625,68437,81852,Rhinolophus ferrumequinum,0.022,0.022,-1,Echolocation,/mnt/ubna_data_02_mir/recover-20221013/UBNA_001/20221012_030000.WAV,Telephone Field,recover-20221013,001,1795
396.6535,396.662,28046,38441,Eptesicus serotinus,0.007,0.02,-1,Echolocation,/mnt/ubna_data_02_mir/recover-20221013/UBNA_001/20221012_030000.WAV,Telephone Field,recover-20221013,001,1795
396.6695,396.7079,68437,82501,Rhinolophus ferrumequinum,0.022,0.022,-1,Echolocation,/mnt/ubna_data_02_mir/recover-20221013/UBNA_001/20221012_030000.WAV,Telephone Field,recover-20221013,001,1795
396.6705,396.6798,28906,38022,Eptesicus serotinus,0.009,0.021,-1,Echolocation,/mnt/ubna_data_02_mir/recover-20221013/UBNA_001/20221012_030000.WAV,Telephone Field,recover-20221013,001,1795
396.6825,396.7233,68437,82647,Rhinolophus ferrumequinum,0.023,0.023,-1,Echolocation,/mnt/ubna_data_02_mir/recover-20221013/UBNA_001/20221012_030000.WAV,Telephone Field,recover-20221013,001,1795
396.7265,396.7662,68437,82399,Rhinolophus ferrumequinum,0.021,0.021,-1,Echolocation,/mnt/ubna_data_02_mir/recover-20221013/UBNA_001/20221012_030000.WAV,Telephone Field,recover-20221013,001,1795
396.7275,396.7353,26328,40297,Eptesicus serotinus,0.006,0.02,-1,Echolocation,/mnt/ubna_data_02_mir/recover-20221013/UBNA_001/20221012_030000.WAV,Telephone Field,recover-20221013,001,1795
396.7485,396.7905,68437,82536,Rhinolophus ferrumequinum,0.023,0.023,-1,Echolocation,/mnt/ubna_data_02_mir/recover-20221013/UBNA_001/20221012_030000.WAV,Telephone Field,recover-20221013,001,1795
396.7765,396.7864,22031,28364,Plecotus austriacus,0.009,0.026,-1,Echolocation,/mnt/ubna_data_02_mir/recover-20221013/UBNA_001/20221012_030000.WAV,Telephone Field,recover-20221013,001,1795
396.7975,396.8343,68437,81628,Rhinolophus ferrumequinum,0.02,0.02,-1,Echolocation,/mnt/ubna_data_02_mir/recover-20221013/UBNA_001/20221012_030000.WAV,Telephone Field,recover-20221013,001,1795
396.8495,396.8576,28046,40333,Eptesicus serotinus,0.008,0.023,-1,Echolocation,/mnt/ubna_data_02_mir/recover-20221013/UBNA_001/20221012_030000.WAV,Telephone Field,recover-20221013,001,1795
396.8875,396.929,68437,82486,Rhinolophus ferrumequinum,0.022,0.022,-1,Echolocation,/mnt/ubna_data_02_mir/recover-20221013/UBNA_001/20221012_030000.WAV,Telephone Field,recover-20221013,001,1795
396.8905,396.9008,23750,30078,Nyctalus leisleri,0.008,0.02,-1,Echolocation,/mnt/ubna_data_02_mir/recover-20221013/UBNA_001/20221012_030000.WAV,Telephone Field,recover-20221013,001,1795
396.9245,396.935,28046,35584,Eptesicus serotinus,0.011,0.022,-1,Echolocation,/mnt/ubna_data_02_mir/recover-20221013/UBNA_001/20221012_030000.WAV,Telephone Field,recover-20221013,001,1795
396.9265,396.9642,68437,81394,Rhinolophus ferrumequinum,0.02,0.02,-1,Echolocation,/mnt/ubna_data_02_mir/recover-20221013/UBNA_001/20221012_030000.WAV,Telephone Field,recover-20221013,001,1795
396.9565,396.9618,26328,38931,Plecotus austriacus,0.015,0.045,-1,Echolocation,/mnt/ubna_data_02_mir/recover-20221013/UBNA_001/20221012_030000.WAV,Telephone Field,recover-20221013,001,1795
396.9565,396.9941,68437,82307,Rhinolophus ferrumequinum,0.021,0.021,-1,Echolocation,/mnt/ubna_data_02_mir/recover-20221013/UBNA_001/20221012_030000.WAV,Telephone Field,recover-20221013,001,1795
397.0125,397.0198,28046,37358,Eptesicus serotinus,0.008,0.023,-1,Echolocation,/mnt/ubna_data_02_mir/recover-20221013/UBNA_001/20221012_030000.WAV,Telephone Field,recover-20221013,001,1795
397.0225,397.0613,68437,81666,Rhinolophus ferrumequinum,0.022,0.022,-1,Echolocation,/mnt/ubna_data_02_mir/recover-20221013/UBNA_001/20221012_030000.WAV,Telephone Field,recover-20221013,001,1795
397.0515,397.0892,68437,81863,Rhinolophus ferrumequinum,0.026,0.026,-1,Echolocation,/mnt/ubna_data_02_mir/recover-20221013/UBNA_001/20221012_030000.WAV,Telephone Field,recover-20221013,001,1795
397.0825,397.1245,68437,83212,Rhinolophus ferrumequinum,0.026,0.026,-1,Echolocation,/mnt/ubna_data_02_mir/recover-20221013/UBNA_001/20221012_030000.WAV,Telephone Field,recover-20221013,001,1795
397.0835,397.0925,28046,35831,Eptesicus serotinus,0.013,0.029,-1,Echolocation,/mnt/ubna_data_02_mir/recover-20221013/UBNA_001/20221012_030000.WAV,Telephone Field,recover-20221013,001,1795
397.1065,397.1439,68437,81052,Rhinolophus ferrumequinum,0.021,0.021,-1,Echolocation,/mnt/ubna_data_02_mir/recover-20221013/UBNA_001/20221012_030000.WAV,Telephone Field,recover-20221013,001,1795
397.1105,397.1201,22890,29601,Nyctalus leisleri,0.007,0.021,-1,Echolocation,/mnt/ubna_data_02_mir/recover-20221013/UBNA_001/20221012_030000.WAV,Telephone Field,recover-20221013,001,1795
397.1275,397.1639,68437,81792,Rhinolophus ferrumequinum,0.022,0.022,-1,Echolocation,/mnt/ubna_data_02_mir/recover-20221013/UBNA_001/20221012_030000.WAV,Telephone Field,recover-20221013,001,1795
397.1355,397.146,28906,37112,Eptesicus serotinus,0.012,0.025,-1,Echolocation,/mnt/ubna_data_02_mir/recover-20221013/UBNA_001/20221012_030000.WAV,Telephone Field,recover-20221013,001,1795
397.1505,397.19,68437,82402,Rhinolophus ferrumequinum,0.022,0.022,-1,Echolocation,/mnt/ubna_data_02_mir/recover-20221013/UBNA_001/20221012_030000.WAV,Telephone Field,recover-20221013,001,1795
397.1625,397.1723,27187,36127,Eptesicus serotinus,0.011,0.024,-1,Echolocation,/mnt/ubna_data_02_mir/recover-20221013/UBNA_001/20221012_030000.WAV,Telephone Field,recover-20221013,001,1795
397.1775,397.1848,27187,40757,Eptesicus serotinus,0.006,0.021,-1,Echolocation,/mnt/ubna_data_02_mir/recover-20221013/UBNA_001/20221012_030000.WAV,Telephone Field,recover-20221013,001,1795
397.1925,397.2022,22031,28240,Plecotus austriacus,0.01,0.027,-1,Echolocation,/mnt/ubna_data_02_mir/recover-20221013/UBNA_001/20221012_030000.WAV,Telephone Field,recover-20221013,001,1795
397.2695,397.2808,22031,26871,Nyctalus leisleri,0.01,0.023,-1,Echolocation,/mnt/ubna_data_02_mir/recover-20221013/UBNA_001/20221012_030000.WAV,Telephone Field,recover-20221013,001,1795
397.2725,397.3112,68437,82110,Rhinolophus ferrumequinum,0.022,0.022,-1,Echolocation,/mnt/ubna_data_02_mir/recover-20221013/UBNA_001/20221012_030000.WAV,Telephone Field,recover-20221013,001,1795
397.3205,397.3308,39218,44087,Pipistrellus nathusii,0.014,0.024,-1,Echolocation,/mnt/ubna_data_02_mir/recover-20221013/UBNA_001/20221012_030000.WAV,Telephone Field,recover-20221013,001,1795
397.3425,397.378,68437,82177,Rhinolophus ferrumequinum,0.021,0.021,-1,Echolocation,/mnt/ubna_data_02_mir/recover-20221013/UBNA_001/20221012_030000.WAV,Telephone Field,recover-20221013,001,1795
397.3555,397.3943,68437,81585,Rhinolophus ferrumequinum,0.025,0.025,-1,Echolocation,/mnt/ubna_data_02_mir/recover-20221013/UBNA_001/20221012_030000.WAV,Telephone Field,recover-20221013,001,1795
397.3655,397.3747,28046,37956,Eptesicus serotinus,0.009,0.023,-1,Echolocation,/mnt/ubna_data_02_mir/recover-20221013/UBNA_001/20221012_030000.WAV,Telephone Field,recover-20221013,001,1795
397.3825,397.389,28046,40704,Eptesicus serotinus,0.006,0.025,-1,Echolocation,/mnt/ubna_data_02_mir/recover-20221013/UBNA_001/20221012_030000.WAV,Telephone Field,recover-20221013,001,1795
397.4275,397.4664,68437,81880,Rhinolophus ferrumequinum,0.022,0.022,-1,Echolocation,/mnt/ubna_data_02_mir/recover-20221013/UBNA_001/20221012_030000.WAV,Telephone Field,recover-20221013,001,1795
397.4955,397.5358,68437,82605,Rhinolophus ferrumequinum,0.02,0.021,-1,Echolocation,/mnt/ubna_data_02_mir/recover-20221013/UBNA_001/20221012_030000.WAV,Telephone Field,recover-20221013,001,1795
397.5655,397.5736,22890,30183,Plecotus austriacus,0.009,0.021,-1,Echolocation,/mnt/ubna_data_02_mir/recover-20221013/UBNA_001/20221012_030000.WAV,Telephone Field,recover-20221013,001,1795
397.6175,397.6244,23750,32015,Plecotus austriacus,0.009,0.021,-1,Echolocation,/mnt/ubna_data_02_mir/recover-20221013/UBNA_001/20221012_030000.WAV,Telephone Field,recover-20221013,001,1795
397.6445,397.6522,25468,34447,Eptesicus serotinus,0.007,0.023,-1,Echolocation,/mnt/ubna_data_02_mir/recover-20221013/UBNA_001/20221012_030000.WAV,Telephone Field,recover-20221013,001,1795
397.6535,397.661,24609,32801,Plecotus austriacus,0.006,0.022,-1,Echolocation,/mnt/ubna_data_02_mir/recover-20221013/UBNA_001/20221012_030000.WAV,Telephone Field,recover-20221013,001,1795
397.6615,397.7038,68437,82838,Rhinolophus ferrumequinum,0.032,0.032,-1,Echolocation,/mnt/ubna_data_02_mir/recover-20221013/UBNA_001/20221012_030000.WAV,Telephone Field,recover-20221013,001,1795
397.6915,397.7288,68437,81671,Rhinolophus ferrumequinum,0.024,0.024,-1,Echolocation,/mnt/ubna_data_02_mir/recover-20221013/UBNA_001/20221012_030000.WAV,Telephone Field,recover-20221013,001,1795
397.6915,397.7038,40937,45481,Pipistrellus nathusii,0.013,0.022,-1,Echolocation,/mnt/ubna_data_02_mir/recover-20221013/UBNA_001/20221012_030000.WAV,Telephone Field,recover-20221013,001,1795
397.7205,397.727,24609,35195,Plecotus austriacus,0.014,0.032,-1,Echolocation,/mnt/ubna_data_02_mir/recover-20221013/UBNA_001/20221012_030000.WAV,Telephone Field,recover-20221013,001,1795
397.7345,397.7728,68437,82064,Rhinolophus ferrumequinum,0.02,0.02,-1,Echolocation,/mnt/ubna_data_02_mir/recover-20221013/UBNA_001/20221012_030000.WAV,Telephone Field,recover-20221013,001,1795
397.7605,397.7675,24609,33459,Plecotus austriacus,0.007,0.021,-1,Echolocation,/mnt/ubna_data_02_mir/recover-20221013/UBNA_001/20221012_030000.WAV,Telephone Field,recover-20221013,001,1795
397.7745,397.8139,68437,83199,Rhinolophus ferrumequinum,0.022,0.022,-1,Echolocation,/mnt/ubna_data_02_mir/recover-20221013/UBNA_001/20221012_030000.WAV,Telephone Field,recover-20221013,001,1795
397.7865,397.8271,68437,82525,Rhinolophus ferrumequinum,0.02,0.02,-1,Echolocation,/mnt/ubna_data_02_mir/recover-20221013/UBNA_001/20221012_030000.WAV,Telephone Field,recover-20221013,001,1795
397.8195,397.8288,22890,28808,Nyctalus leisleri,0.008,0.021,-1,Echolocation,/mnt/ubna_data_02_mir/recover-20221013/UBNA_001/20221012_030000.WAV,Telephone Field,recover-20221013,001,1795
397.8265,397.8668,68437,82970,Rhinolophus ferrumequinum,0.026,0.026,-1,Echolocation,/mnt/ubna_data_02_mir/recover-20221013/UBNA_001/20221012_030000.WAV,Telephone Field,recover-20221013,001,1795
397.8525,397.8624,28046,36406,Eptesicus serotinus,0.01,0.023,-1,Echolocation,/mnt/ubna_data_02_mir/recover-20221013/UBNA_001/20221012_030000.WAV,Telephone Field,recover-20221013,001,1795
397.8735,397.9112,68437,82376,Rhinolophus ferrumequinum,0.023,0.023,-1,Echolocation,/mnt/ubna_data_02_mir/recover-20221013/UBNA_001/20221012_030000.WAV,Telephone Field,recover-20221013,001,1795
397.9125,397.9515,68437,81906,Rhinolophus ferrumequinum,0.021,0.021,-1,Echolocation,/mnt/ubna_data_02_mir/recover-20221013/UBNA_001/20221012_030000.WAV,Telephone Field,recover-20221013,001,1795
397.9355,397.9468,37500,41830,Pipistrellus nathusii,0.027,0.042,-1,Echolocation,/mnt/ubna_data_02_mir/recover-20221013/UBNA_001/20221012_030000.WAV,Telephone Field,recover-20221013,001,1795
397.9515,397.9927,68437,82976,Rhinolophus ferrumequinum,0.025,0.025,-1,Echolocation,/mnt/ubna_data_02_mir/recover-20221013/UBNA_001/20221012_030000.WAV,Telephone Field,recover-20221013,001,1795
398.0015,398.0111,23750,29809,Nyctalus leisleri,0.013,0.031,-1,Echolocation,/mnt/ubna_data_02_mir/recover-20221013/UBNA_001/20221012_030000.WAV,Telephone Field,recover-20221013,001,1795
398.0015,398.0317,69296,82281,Rhinolophus ferrumequinum,0.031,0.031,-1,Echolocation,/mnt/ubna_data_02_mir/recover-20221013/UBNA_001/20221012_030000.WAV,Telephone Field,recover-20221013,001,1795
398.0015,398.009,46953,52875,Pipistrellus pipistrellus,0.03,0.036,-1,Echolocation,/mnt/ubna_data_02_mir/recover-20221013/UBNA_001/20221012_030000.WAV,Telephone Field,recover-20221013,001,1795
398.0315,398.0421,28046,35314,Eptesicus serotinus,0.012,0.025,-1,Echolocation,/mnt/ubna_data_02_mir/recover-20221013/UBNA_001/20221012_030000.WAV,Telephone Field,recover-20221013,001,1795
398.0585,398.1005,68437,82066,Rhinolophus ferrumequinum,0.025,0.025,-1,Echolocation,/mnt/ubna_data_02_mir/recover-20221013/UBNA_001/20221012_030000.WAV,Telephone Field,recover-20221013,001,1795
398.0735,398.1111,68437,81860,Rhinolophus ferrumequinum,0.021,0.021,-1,Echolocation,/mnt/ubna_data_02_mir/recover-20221013/UBNA_001/20221012_030000.WAV,Telephone Field,recover-20221013,001,1795
398.0955,398.1074,26328,32693,Eptesicus serotinus,0.016,0.032,-1,Echolocation,/mnt/ubna_data_02_mir/recover-20221013/UBNA_001/20221012_030000.WAV,Telephone Field,recover-20221013,001,1795
398.1015,398.1435,68437,83180,Rhinolophus ferrumequinum,0.027,0.027,-1,Echolocation,/mnt/ubna_data_02_mir/recover-20221013/UBNA_001/20221012_030000.WAV,Telephone Field,recover-20221013,001,1795
398.1175,398.1269,24609,32627,Nyctalus leisleri,0.006,0.021,-1,Echolocation,/mnt/ubna_data_02_mir/recover-20221013/UBNA_001/20221012_030000.WAV,Telephone Field,recover-20221013,001,1795
398.1845,398.2236,68437,81829,Rhinolophus ferrumequinum,0.02,0.02,-1,Echolocation,/mnt/ubna_data_02_mir/recover-20221013/UBNA_001/20221012_030000.WAV,Telephone Field,recover-20221013,001,1795
398.1945,398.2329,68437,82620,Rhinolophus ferrumequinum,0.021,0.021,-1,Echolocation,/mnt/ubna_data_02_mir/recover-20221013/UBNA_001/20221012_030000.WAV,Telephone Field,recover-20221013,001,1795
398.2265,398.2618,68437,81577,Rhinolophus ferrumequinum,0.02,0.02,-1,Echolocation,/mnt/ubna_data_02_mir/recover-20221013/UBNA_001/20221012_030000.WAV,Telephone Field,recover-20221013,001,1795
398.2675,398.2769,28906,40233,Eptesicus serotinus,0.011,0.027,-1,Echolocation,/mnt/ubna_data_02_mir/recover-20221013/UBNA_001/20221012_030000.WAV,Telephone Field,recover-20221013,001,1795
398.3165,398.3273,22890,27417,Nyctalus leisleri,0.014,0.026,-1,Echolocation,/mnt/ubna_data_02_mir/recover-20221013/UBNA_001/20221012_030000.WAV,Telephone Field,recover-20221013,001,1795
398.3175,398.3606,68437,83096,Rhinolophus ferrumequinum,0.025,0.025,-1,Echolocation,/mnt/ubna_data_02_mir/recover-20221013/UBNA_001/20221012_030000.WAV,Telephone Field,recover-20221013,001,1795
398.3545,398.3943,68437,81424,Rhinolophus ferrumequinum,0.024,0.024,-1,Echolocation,/mnt/ubna_data_02_mir/recover-20221013/UBNA_001/20221012_030000.WAV,Telephone Field,recover-20221013,001,1795
398.3655,398.407,68437,81976,Rhinolophus ferrumequinum,0.024,0.024,-1,Echolocation,/mnt/ubna_data_02_mir/recover-20221013/UBNA_001/20221012_030000.WAV,Telephone Field,recover-20221013,001,1795
398.4135,398.4495,68437,81021,Rhinolophus ferrumequinum,0.021,0.021,-1,Echolocation,/mnt/ubna_data_02_mir/recover-20221013/UBNA_001/20221012_030000.WAV,Telephone Field,recover-20221013,001,1795
398.4205,398.4329,22031,26374,Nyctalus leisleri,0.018,0.034,-1,Echolocation,/mnt/ubna_data_02_mir/recover-20221013/UBNA_001/20221012_030000.WAV,Telephone Field,recover-20221013,001,1795
398.4465,398.4543,28046,42957,Eptesicus serotinus,0.007,0.022,-1,Echolocation,/mnt/ubna_data_02_mir/recover-20221013/UBNA_001/20221012_030000.WAV,Telephone Field,recover-20221013,001,1795
398.4655,398.4794,23750,27823,Nyctalus leisleri,0.017,0.032,-1,Echolocation,/mnt/ubna_data_02_mir/recover-20221013/UBNA_001/20221012_030000.WAV,Telephone Field,recover-20221013,001,1795
398.4875,398.5272,68437,82013,Rhinolophus ferrumequinum,0.021,0.021,-1,Echolocation,/mnt/ubna_data_02_mir/recover-20221013/UBNA_001/20221012_030000.WAV,Telephone Field,recover-20221013,001,1795
398.4995,398.5093,25468,32552,Eptesicus serotinus,0.008,0.021,-1,Echolocation,/mnt/ubna_data_02_mir/recover-20221013/UBNA_001/20221012_030000.WAV,Telephone Field,recover-20221013,001,1795
398.5075,398.52,29765,35570,Eptesicus serotinus,0.012,0.025,-1,Echolocation,/mnt/ubna_data_02_mir/recover-20221013/UBNA_001/20221012_030000.WAV,Telephone Field,recover-20221013,001,1795
398.5165,398.5255,28906,39461,Eptesicus serotinus,0.007,0.021,-1,Echolocation,/mnt/ubna_data_02_mir/recover-20221013/UBNA_001/20221012_030000.WAV,Telephone Field,recover-20221013,001,1795
398.5925,398.6294,68437,81352,Rhinolophus ferrumequinum,0.021,0.021,-1,Echolocation,/mnt/ubna_data_02_mir/recover-20221013/UBNA_001/20221012_030000.WAV,Telephone Field,recover-20221013,001,1795
398.6725,398.7186,68437,83413,Rhinolophus ferrumequinum,0.038,0.038,-1,Echolocation,/mnt/ubna_data_02_mir/recover-20221013/UBNA_001/20221012_030000.WAV,Telephone Field,recover-20221013,001,1795
398.7675,398.8064,68437,81580,Rhinolophus ferrumequinum,0.02,0.02,-1,Echolocation,/mnt/ubna_data_02_mir/recover-20221013/UBNA_001/20221012_030000.WAV,Telephone Field,recover-20221013,001,1795
398.7725,398.7856,24609,30338,Nyctalus leisleri,0.012,0.029,-1,Echolocation,/mnt/ubna_data_02_mir/recover-20221013/UBNA_001/20221012_030000.WAV,Telephone Field,recover-20221013,001,1795
398.7985,398.8075,28906,38508,Eptesicus serotinus,0.008,0.023,-1,Echolocation,/mnt/ubna_data_02_mir/recover-20221013/UBNA_001/20221012_030000.WAV,Telephone Field,recover-20221013,001,1795
398.8045,398.8444,68437,82955,Rhinolophus ferrumequinum,0.021,0.021,-1,Echolocation,/mnt/ubna_data_02_mir/recover-20221013/UBNA_001/20221012_030000.WAV,Telephone Field,recover-20221013,001,1795
398.8065,398.8201,38359,42120,Pipistrellus nathusii,0.038,0.048,-1,Echolocation,/mnt/ubna_data_02_mir/recover-20221013/UBNA_001/20221012_030000.WAV,Telephone Field,recover-20221013,001,1795
398.8785,398.8899,36640,41305,Pipistrellus nathusii,0.01,0.021,-1,Echolocation,/mnt/ubna_data_02_mir/recover-20221013/UBNA_001/20221012_030000.WAV,Telephone Field,recover-20221013,001,1795
398.9025,398.9133,44375,50953,Pipistrellus pipistrellus,0.018,0.024,-1,Echolocation,/mnt/ubna_data_02_mir/recover-20221013/UBNA_001/20221012_030000.WAV,Telephone Field,recover-20221013,001,1795
398.9085,398.9182,26328,36648,Eptesicus serotinus,0.009,0.022,-1,Echolocation,/mnt/ubna_data_02_mir/recover-20221013/UBNA_001/20221012_030000.WAV,Telephone Field,recover-20221013,001,1795
398.9175,398.9551,68437,82205,Rhinolophus ferrumequinum,0.021,0.021,-1,Echolocation,/mnt/ubna_data_02_mir/recover-20221013/UBNA_001/20221012_030000.WAV,Telephone Field,recover-20221013,001,1795
398.9305,398.9691,68437,82090,Rhinolophus ferrumequinum,0.021,0.021,-1,Echolocation,/mnt/ubna_data_02_mir/recover-20221013/UBNA_001/20221012_030000.WAV,Telephone Field,recover-20221013,001,1795
398.9565,398.9735,18593,23168,Nyctalus noctula,0.012,0.022,-1,Echolocation,/mnt/ubna_data_02_mir/recover-20221013/UBNA_001/20221012_030000.WAV,Telephone Field,recover-20221013,001,1795
398.9755,399.0162,68437,82733,Rhinolophus ferrumequinum,0.029,0.029,-1,Echolocation,/mnt/ubna_data_02_mir/recover-20221013/UBNA_001/20221012_030000.WAV,Telephone Field,recover-20221013,001,1795
398.9915,399.0004,28906,36791,Eptesicus serotinus,0.007,0.02,-1,Echolocation,/mnt/ubna_data_02_mir/recover-20221013/UBNA_001/20221012_030000.WAV,Telephone Field,recover-20221013,001,1795
399.0015,399.0404,68437,82643,Rhinolophus ferrumequinum,0.024,0.024,-1,Echolocation,/mnt/ubna_data_02_mir/recover-20221013/UBNA_001/20221012_030000.WAV,Telephone Field,recover-20221013,001,1795
399.0675,399.105,68437,81986,Rhinolophus ferrumequinum,0.022,0.022,-1,Echolocation,/mnt/ubna_data_02_mir/recover-20221013/UBNA_001/20221012_030000.WAV,Telephone Field,recover-20221013,001,1795
399.0795,399.091,33203,38624,Eptesicus serotinus,0.007,0.028,-1,Echolocation,/mnt/ubna_data_02_mir/recover-20221013/UBNA_001/20221012_030000.WAV,Telephone Field,recover-20221013,001,1795
399.0945,399.1358,68437,82851,Rhinolophus ferrumequinum,0.024,0.024,-1,Echolocation,/mnt/ubna_data_02_mir/recover-20221013/UBNA_001/20221012_030000.WAV,Telephone Field,recover-20221013,001,1795
399.1255,399.1672,68437,83162,Rhinolophus ferrumequinum,0.028,0.028,-1,Echolocation,/mnt/ubna_data_02_mir/recover-20221013/UBNA_001/20221012_030000.WAV,Telephone Field,recover-20221013,001,1795
399.1705,399.2092,68437,81652,Rhinolophus ferrumequinum,0.022,0.022,-1,Echolocation,/mnt/ubna_data_02_mir/recover-20221013/UBNA_001/20221012_030000.WAV,Telephone Field,recover-20221013,001,1795
399.1775,399.1867,28906,37356,Eptesicus serotinus,0.009,0.021,-1,Echolocation,/mnt/ubna_data_02_mir/recover-20221013/UBNA_001/20221012_030000.WAV,Telephone Field,recover-20221013,001,1795
399.2195,399.2616,68437,82856,Rhinolophus ferrumequinum,0.027,0.027,-1,Echolocation,/mnt/ubna_data_02_mir/recover-20221013/UBNA_001/20221012_030000.WAV,Telephone Field,recover-20221013,001,1795
399.2365,399.2483,22890,28064,Nyctalus leisleri,0.01,0.022,-1,Echolocation,/mnt/ubna_data_02_mir/recover-20221013/UBNA_001/20221012_030000.WAV,Telephone Field,recover-20221013,001,1795
399.2595,399.2685,25468,34056,Eptesicus serotinus,0.007,0.024,-1,Echolocation,/mnt/ubna_data_02_mir/recover-20221013/UBNA_001/20221012_030000.WAV,Telephone Field,recover-20221013,001,1795
399.2625,399.3003,68437,81392,Rhinolophus ferrumequinum,0.021,0.021,-1,Echolocation,/mnt/ubna_data_02_mir/recover-20221013/UBNA_001/20221012_030000.WAV,Telephone Field,recover-20221013,001,1795
399.3335,399.3734,68437,82459,Rhinolophus ferrumequinum,0.023,0.023,-1,Echolocation,/mnt/ubna_data_02_mir/recover-20221013/UBNA_001/20221012_030000.WAV,Telephone Field,recover-20221013,001,1795
399.3525,399.3667,22031,25732,Nyctalus leisleri,0.018,0.033,-1,Echolocation,/mnt/ubna_data_02_mir/recover-20221013/UBNA_001/20221012_030000.WAV,Telephone Field,recover-20221013,001,1795
399.3585,399.3996,68437,82741,Rhinolophus ferrumequinum,0.023,0.023,-1,Echolocation,/mnt/ubna_data_02_mir/recover-20221013/UBNA_001/20221012_030000.WAV,Telephone Field,recover-20221013,001,1795
399.3675,399.3763,28906,36659,Eptesicus serotinus,0.007,0.021,-1,Echolocation,/mnt/ubna_data_02_mir/recover-20221013/UBNA_001/20221012_030000.WAV,Telephone Field,recover-20221013,001,1795
399.3965,399.4372,68437,82525,Rhinolophus ferrumequinum,0.022,0.022,-1,Echolocation,/mnt/ubna_data_02_mir/recover-20221013/UBNA_001/20221012_030000.WAV,Telephone Field,recover-20221013,001,1795
399.4235,399.4331,28906,36970,Eptesicus serotinus,0.009,0.022,-1,Echolocation,/mnt/ubna_data_02_mir/recover-20221013/UBNA_001/20221012_030000.WAV,Telephone Field,recover-20221013,001,1795
399.4435,399.457,22890,27367,Nyctalus leisleri,0.015,0.028,-1,Echolocation,/mnt/ubna_data_02_mir/recover-20221013/UBNA_001/20221012_030000.WAV,Telephone Field,recover-20221013,001,1795
399.4495,399.4914,68437,83272,Rhinolophus ferrumequinum,0.025,0.025,-1,Echolocation,/mnt/ubna_data_02_mir/recover-20221013/UBNA_001/20221012_030000.WAV,Telephone Field,recover-20221013,001,1795
399.4595,399.47090000000003,40937,45073,Pipistrellus nathusii,0.014,0.026,-1,Echolocation,/mnt/ubna_data_02_mir/recover-20221013/UBNA_001/20221012_030000.WAV,Telephone Field,recover-20221013,001,1795
399.4775,399.5148,68437,81651,Rhinolophus ferrumequinum,0.021,0.021,-1,Echolocation,/mnt/ubna_data_02_mir/recover-20221013/UBNA_001/20221012_030000.WAV,Telephone Field,recover-20221013,001,1795
399.4875,399.5275,68437,82197,Rhinolophus ferrumequinum,0.027,0.027,-1,Echolocation,/mnt/ubna_data_02_mir/recover-20221013/UBNA_001/20221012_030000.WAV,Telephone Field,recover-20221013,001,1795
399.4875,399.4961,23750,32469,Plecotus austriacus,0.011,0.026,-1,Echolocation,/mnt/ubna_data_02_mir/recover-20221013/UBNA_001/20221012_030000.WAV,Telephone Field,recover-20221013,001,1795
399.5105,399.5476,68437,81212,Rhinolophus ferrumequinum,0.021,0.021,-1,Echolocation,/mnt/ubna_data_02_mir/recover-20221013/UBNA_001/20221012_030000.WAV,Telephone Field,recover-20221013,001,1795
399.5185,399.5284,22031,26480,Nyctalus leisleri,0.01,0.021,-1,Echolocation,/mnt/ubna_data_02_mir/recover-20221013/UBNA_001/20221012_030000.WAV,Telephone Field,recover-20221013,001,1795
399.5865,399.6241,68437,81091,Rhinolophus ferrumequinum,0.023,0.023,-1,Echolocation,/mnt/ubna_data_02_mir/recover-20221013/UBNA_001/20221012_030000.WAV,Telephone Field,recover-20221013,001,1795
399.6115,399.6189,24609,32754,Plecotus austriacus,0.007,0.021,-1,Echolocation,/mnt/ubna_data_02_mir/recover-20221013/UBNA_001/20221012_030000.WAV,Telephone Field,recover-20221013,001,1795
399.6175,399.6271,29765,36881,Eptesicus serotinus,0.012,0.025,-1,Echolocation,/mnt/ubna_data_02_mir/recover-20221013/UBNA_001/20221012_030000.WAV,Telephone Field,recover-20221013,001,1795
399.6605,399.6705,23750,30292,Nyctalus leisleri,0.009,0.024,-1,Echolocation,/mnt/ubna_data_02_mir/recover-20221013/UBNA_001/20221012_030000.WAV,Telephone Field,recover-20221013,001,1795
399.6605,399.6974,68437,82406,Rhinolophus ferrumequinum,0.024,0.024,-1,Echolocation,/mnt/ubna_data_02_mir/recover-20221013/UBNA_001/20221012_030000.WAV,Telephone Field,recover-20221013,001,1795
399.6705,399.7101,68437,82630,Rhinolophus ferrumequinum,0.021,0.021,-1,Echolocation,/mnt/ubna_data_02_mir/recover-20221013/UBNA_001/20221012_030000.WAV,Telephone Field,recover-20221013,001,1795
399.6885,399.7009,27187,33274,Eptesicus serotinus,0.02,0.038,-1,Echolocation,/mnt/ubna_data_02_mir/recover-20221013/UBNA_001/20221012_030000.WAV,Telephone Field,recover-20221013,001,1795
399.7205,399.728,23750,31964,Plecotus austriacus,0.009,0.021,-1,Echolocation,/mnt/ubna_data_02_mir/recover-20221013/UBNA_001/20221012_030000.WAV,Telephone Field,recover-20221013,001,1795
399.7295,399.7412,51250,56136,Pipistrellus pipistrellus,0.016,0.022,-1,Echolocation,/mnt/ubna_data_02_mir/recover-20221013/UBNA_001/20221012_030000.WAV,Telephone Field,recover-20221013,001,1795
399.7305,399.7716,68437,82642,Rhinolophus ferrumequinum,0.021,0.021,-1,Echolocation,/mnt/ubna_data_02_mir/recover-20221013/UBNA_001/20221012_030000.WAV,Telephone Field,recover-20221013,001,1795
399.7485,399.7883,68437,82499,Rhinolophus ferrumequinum,0.022,0.022,-1,Echolocation,/mnt/ubna_data_02_mir/recover-20221013/UBNA_001/20221012_030000.WAV,Telephone Field,recover-20221013,001,1795
399.7625,399.7985,68437,81150,Rhinolophus ferrumequinum,0.02,0.02,-1,Echolocation,/mnt/ubna_data_02_mir/recover-20221013/UBNA_001/20221012_030000.WAV,Telephone Field,recover-20221013,001,1795
399.7875,399.7977,27187,33934,Eptesicus serotinus,0.011,0.023,-1,Echolocation,/mnt/ubna_data_02_mir/recover-20221013/UBNA_001/20221012_030000.WAV,Telephone Field,recover-20221013,001,1795
399.7935,399.803,28906,36989,Eptesicus serotinus,0.008,0.021,-1,Echolocation,/mnt/ubna_data_02_mir/recover-20221013/UBNA_001/20221012_030000.WAV,Telephone Field,recover-20221013,001,1795
399.8315,399.8746,68437,82979,Rhinolophus ferrumequinum,0.028,0.028,-1,Echolocation,/mnt/ubna_data_02_mir/recover-20221013/UBNA_001/20221012_030000.WAV,Telephone Field,recover-20221013,001,1795
399.8605,399.8721,22031,26520,Nyctalus leisleri,0.012,0.023,-1,Echolocation,/mnt/ubna_data_02_mir/recover-20221013/UBNA_001/20221012_030000.WAV,Telephone Field,recover-20221013,001,1795
399.8645,399.8715,28906,40238,Eptesicus serotinus,0.006,0.021,-1,Echolocation,/mnt/ubna_data_02_mir/recover-20221013/UBNA_001/20221012_030000.WAV,Telephone Field,recover-20221013,001,1795
399.8905,399.9326,68437,82293,Rhinolophus ferrumequinum,0.021,0.021,-1,Echolocation,/mnt/ubna_data_02_mir/recover-20221013/UBNA_001/20221012_030000.WAV,Telephone Field,recover-20221013,001,1795
399.9405,399.9522,23750,29216,Nyctalus leisleri,0.01,0.02,-1,Echolocation,/mnt/ubna_data_02_mir/recover-20221013/UBNA_001/20221012_030000.WAV,Telephone Field,recover-20221013,001,1795
399.9445,399.9835,68437,81731,Rhinolophus ferrumequinum,0.021,0.021,-1,Echolocation,/mnt/ubna_data_02_mir/recover-20221013/UBNA_001/20221012_030000.WAV,Telephone Field,recover-20221013,001,1795
399.9535,399.9914,68437,81682,Rhinolophus ferrumequinum,0.022,0.022,-1,Echolocation,/mnt/ubna_data_02_mir/recover-20221013/UBNA_001/20221012_030000.WAV,Telephone Field,recover-20221013,001,1795
399.9865,399.9967,27187,37082,Eptesicus serotinus,0.013,0.026,-1,Echolocation,/mnt/ubna_data_02_mir/recover-20221013/UBNA_001/20221012_030000.WAV,Telephone Field,recover-20221013,001,1795
400.0015,400.0268,73593,90219,Rhinolophus ferrumequinum,0.029,0.03,-1,Echolocation,/mnt/ubna_data_02_mir/recover-20221013/UBNA_001/20221012_030000.WAV,Telephone Field,recover-20221013,001,1795
400.0015,400.0081,22890,34203,Plecotus austriacus,0.009,0.028,-1,Echolocation,/mnt/ubna_data_02_mir/recover-20221013/UBNA_001/20221012_030000.WAV,Telephone Field,recover-20221013,001,1795
400.0435,400.05,28046,42335,Eptesicus serotinus,0.009,0.034,-1,Echolocation,/mnt/ubna_data_02_mir/recover-20221013/UBNA_001/20221012_030000.WAV,Telephone Field,recover-20221013,001,1795
400.0775,400.1162,68437,82097,Rhinolophus ferrumequinum,0.023,0.023,-1,Echolocation,/mnt/ubna_data_02_mir/recover-20221013/UBNA_001/20221012_030000.WAV,Telephone Field,recover-20221013,001,1795
400.0995,400.1394,68437,82476,Rhinolophus ferrumequinum,0.023,0.023,-1,Echolocation,/mnt/ubna_data_02_mir/recover-20221013/UBNA_001/20221012_030000.WAV,Telephone Field,recover-20221013,001,1795
400.1475,400.188,68437,82355,Rhinolophus ferrumequinum,0.023,0.023,-1,Echolocation,/mnt/ubna_data_02_mir/recover-20221013/UBNA_001/20221012_030000.WAV,Telephone Field,recover-20221013,001,1795
400.1545,400.1649,23750,30334,Nyctalus leisleri,0.008,0.023,-1,Echolocation,/mnt/ubna_data_02_mir/recover-20221013/UBNA_001/20221012_030000.WAV,Telephone Field,recover-20221013,001,1795
400.2025,400.2091,45234,51448,Pipistrellus pipistrellus,0.02,0.023,-1,Echolocation,/mnt/ubna_data_02_mir/recover-20221013/UBNA_001/20221012_030000.WAV,Telephone Field,recover-20221013,001,1795
400.2025,400.2081,40937,54771,Myotis brandtii,0.004,0.022,-1,Echolocation,/mnt/ubna_data_02_mir/recover-20221013/UBNA_001/20221012_030000.WAV,Telephone Field,recover-20221013,001,1795
400.2185,400.2265,22890,30389,Plecotus austriacus,0.01,0.024,-1,Echolocation,/mnt/ubna_data_02_mir/recover-20221013/UBNA_001/20221012_030000.WAV,Telephone Field,recover-20221013,001,1795
400.2295,400.2671,68437,81991,Rhinolophus ferrumequinum,0.025,0.025,-1,Echolocation,/mnt/ubna_data_02_mir/recover-20221013/UBNA_001/20221012_030000.WAV,Telephone Field,recover-20221013,001,1795
400.2625,400.3047,68437,82940,Rhinolophus ferrumequinum,0.025,0.025,-1,Echolocation,/mnt/ubna_data_02_mir/recover-20221013/UBNA_001/20221012_030000.WAV,Telephone Field,recover-20221013,001,1795
400.2715,400.3108,68437,82388,Rhinolophus ferrumequinum,0.022,0.022,-1,Echolocation,/mnt/ubna_data_02_mir/recover-20221013/UBNA_001/20221012_030000.WAV,Telephone Field,recover-20221013,001,1795
400.2885,400.3262,68437,82936,Rhinolophus ferrumequinum,0.024,0.024,-1,Echolocation,/mnt/ubna_data_02_mir/recover-20221013/UBNA_001/20221012_030000.WAV,Telephone Field,recover-20221013,001,1795
400.3225,400.3572,68437,81512,Rhinolophus ferrumequinum,0.022,0.022,-1,Echolocation,/mnt/ubna_data_02_mir/recover-20221013/UBNA_001/20221012_030000.WAV,Telephone Field,recover-20221013,001,1795
400.3235,400.3321,25468,33056,Eptesicus serotinus,0.006,0.022,-1,Echolocation,/mnt/ubna_data_02_mir/recover-20221013/UBNA_001/20221012_030000.WAV,Telephone Field,recover-20221013,001,1795
400.3705,400.4117,68437,83270,Rhinolophus ferrumequinum,0.034,0.034,-1,Echolocation,/mnt/ubna_data_02_mir/recover-20221013/UBNA_001/20221012_030000.WAV,Telephone Field,recover-20221013,001,1795
400.4085,400.4176,28046,38676,Eptesicus serotinus,0.009,0.023,-1,Echolocation,/mnt/ubna_data_02_mir/recover-20221013/UBNA_001/20221012_030000.WAV,Telephone Field,recover-20221013,001,1795
400.4645,400.503,68437,82080,Rhinolophus ferrumequinum,0.023,0.023,-1,Echolocation,/mnt/ubna_data_02_mir/recover-20221013/UBNA_001/20221012_030000.WAV,Telephone Field,recover-20221013,001,1795
400.4745,400.5132,68437,83007,Rhinolophus ferrumequinum,0.022,0.022,-1,Echolocation,/mnt/ubna_data_02_mir/recover-20221013/UBNA_001/20221012_030000.WAV,Telephone Field,recover-20221013,001,1795
400.4935,400.5028,24609,32227,Nyctalus leisleri,0.007,0.023,-1,Echolocation,/mnt/ubna_data_02_mir/recover-20221013/UBNA_001/20221012_030000.WAV,Telephone Field,recover-20221013,001,1795
400.5725,400.6137,68437,83278,Rhinolophus ferrumequinum,0.025,0.025,-1,Echolocation,/mnt/ubna_data_02_mir/recover-20221013/UBNA_001/20221012_030000.WAV,Telephone Field,recover-20221013,001,1795
400.5835,400.6232,68437,82892,Rhinolophus ferrumequinum,0.023,0.023,-1,Echolocation,/mnt/ubna_data_02_mir/recover-20221013/UBNA_001/20221012_030000.WAV,Telephone Field,recover-20221013,001,1795
400.5835,400.5977,37500,41484,Pipistrellus nathusii,0.052,0.062,-1,Echolocation,/mnt/ubna_data_02_mir/recover-20221013/UBNA_001/20221012_030000.WAV,Telephone Field,recover-20221013,001,1795
400.6075,400.6438,68437,82221,Rhinolophus ferrumequinum,0.023,0.023,-1,Echolocation,/mnt/ubna_data_02_mir/recover-20221013/UBNA_001/20221012_030000.WAV,Telephone Field,recover-20221013,001,1795
400.6115,400.6191,22031,29498,Plecotus austriacus,0.012,0.024,-1,Echolocation,/mnt/ubna_data_02_mir/recover-20221013/UBNA_001/20221012_030000.WAV,Telephone Field,recover-20221013,001,1795
400.7015,400.711,45234,48683,Pipistrellus pipistrellus,0.052,0.055,-1,Echolocation,/mnt/ubna_data_02_mir/recover-20221013/UBNA_001/20221012_030000.WAV,Telephone Field,recover-20221013,001,1795
400.7025,400.7134,23750,30466,Nyctalus leisleri,0.01,0.025,-1,Echolocation,/mnt/ubna_data_02_mir/recover-20221013/UBNA_001/20221012_030000.WAV,Telephone Field,recover-20221013,001,1795
400.7115,400.7501,68437,82287,Rhinolophus ferrumequinum,0.022,0.022,-1,Echolocation,/mnt/ubna_data_02_mir/recover-20221013/UBNA_001/20221012_030000.WAV,Telephone Field,recover-20221013,001,1795
400.7145,400.7244,27187,35239,Eptesicus serotinus,0.011,0.027,-1,Echolocation,/mnt/ubna_data_02_mir/recover-20221013/UBNA_001/20221012_030000.WAV,Telephone Field,recover-20221013,001,1795
400.7385,400.7779,68437,82379,Rhinolophus ferrumequinum,0.043,0.043,-1,Echolocation,/mnt/ubna_data_02_mir/recover-20221013/UBNA_001/20221012_030000.WAV,Telephone Field,recover-20221013,001,1795
400.8545,400.8958,68437,82977,Rhinolophus ferrumequinum,0.031,0.031,-1,Echolocation,/mnt/ubna_data_02_mir/recover-20221013/UBNA_001/20221012_030000.WAV,Telephone Field,recover-20221013,001,1795
400.8765,400.9145,68437,82219,Rhinolophus ferrumequinum,0.025,0.026,-1,Echolocation,/mnt/ubna_data_02_mir/recover-20221013/UBNA_001/20221012_030000.WAV,Telephone Field,recover-20221013,001,1795
400.9205,400.9269,23750,35080,Plecotus austriacus,0.015,0.032,-1,Echolocation,/mnt/ubna_data_02_mir/recover-20221013/UBNA_001/20221012_030000.WAV,Telephone Field,recover-20221013,001,1795
400.9315,400.9708,68437,82501,Rhinolophus ferrumequinum,0.038,0.038,-1,Echolocation,/mnt/ubna_data_02_mir/recover-20221013/UBNA_001/20221012_030000.WAV,Telephone Field,recover-20221013,001,1795
400.9515,400.9588,26328,37467,Eptesicus serotinus,0.008,0.025,-1,Echolocation,/mnt/ubna_data_02_mir/recover-20221013/UBNA_001/20221012_030000.WAV,Telephone Field,recover-20221013,001,1795
400.9815,401.0203,68437,82099,Rhinolophus ferrumequinum,0.034,0.034,-1,Echolocation,/mnt/ubna_data_02_mir/recover-20221013/UBNA_001/20221012_030000.WAV,Telephone Field,recover-20221013,001,1795
401.0215,401.0604,68437,82007,Rhinolophus ferrumequinum,0.026,0.026,-1,Echolocation,/mnt/ubna_data_02_mir/recover-20221013/UBNA_001/20221012_030000.WAV,Telephone Field,recover-20221013,001,1795
401.0475,401.0572,27187,34999,Eptesicus serotinus,0.013,0.026,-1,Echolocation,/mnt/ubna_data_02_mir/recover-20221013/UBNA_001/20221012_030000.WAV,Telephone Field,recover-20221013,001,1795
401.0875,401.1252,68437,81749,Rhinolophus ferrumequinum,0.023,0.023,-1,Echolocation,/mnt/ubna_data_02_mir/recover-20221013/UBNA_001/20221012_030000.WAV,Telephone Field,recover-20221013,001,1795
401.1025,401.1128,23750,29828,Nyctalus leisleri,0.015,0.041,-1,Echolocation,/mnt/ubna_data_02_mir/recover-20221013/UBNA_001/20221012_030000.WAV,Telephone Field,recover-20221013,001,1795
401.1655,401.174,27187,37074,Eptesicus serotinus,0.013,0.033,-1,Echolocation,/mnt/ubna_data_02_mir/recover-20221013/UBNA_001/20221012_030000.WAV,Telephone Field,recover-20221013,001,1795
401.1795,401.2156,68437,81605,Rhinolophus ferrumequinum,0.025,0.025,-1,Echolocation,/mnt/ubna_data_02_mir/recover-20221013/UBNA_001/20221012_030000.WAV,Telephone Field,recover-20221013,001,1795
401.2065,401.2145,48671,58429,Pipistrellus pipistrellus,0.019,0.023,-1,Echolocation,/mnt/ubna_data_02_mir/recover-20221013/UBNA_001/20221012_030000.WAV,Telephone Field,recover-20221013,001,1795
401.2295,401.2683,68437,82166,Rhinolophus ferrumequinum,0.027,0.027,-1,Echolocation,/mnt/ubna_data_02_mir/recover-20221013/UBNA_001/20221012_030000.WAV,Telephone Field,recover-20221013,001,1795
401.2745,401.3131,68437,82431,Rhinolophus ferrumequinum,0.024,0.024,-1,Echolocation,/mnt/ubna_data_02_mir/recover-20221013/UBNA_001/20221012_030000.WAV,Telephone Field,recover-20221013,001,1795
401.3275,401.3707,68437,83477,Rhinolophus ferrumequinum,0.053,0.053,-1,Echolocation,/mnt/ubna_data_02_mir/recover-20221013/UBNA_001/20221012_030000.WAV,Telephone Field,recover-20221013,001,1795
401.3795,401.3864,28046,38750,Eptesicus serotinus,0.006,0.023,-1,Echolocation,/mnt/ubna_data_02_mir/recover-20221013/UBNA_001/20221012_030000.WAV,Telephone Field,recover-20221013,001,1795
401.4025,401.4105,23750,32728,Plecotus austriacus,0.01,0.024,-1,Echolocation,/mnt/ubna_data_02_mir/recover-20221013/UBNA_001/20221012_030000.WAV,Telephone Field,recover-20221013,001,1795
401.4025,401.4391,68437,81754,Rhinolophus ferrumequinum,0.033,0.033,-1,Echolocation,/mnt/ubna_data_02_mir/recover-20221013/UBNA_001/20221012_030000.WAV,Telephone Field,recover-20221013,001,1795
401.4035,401.4125,28046,39130,Eptesicus serotinus,0.009,0.025,-1,Echolocation,/mnt/ubna_data_02_mir/recover-20221013/UBNA_001/20221012_030000.WAV,Telephone Field,recover-20221013,001,1795
401.4325,401.4714,68437,81947,Rhinolophus ferrumequinum,0.023,0.023,-1,Echolocation,/mnt/ubna_data_02_mir/recover-20221013/UBNA_001/20221012_030000.WAV,Telephone Field,recover-20221013,001,1795
401.4835,401.5017,19453,22252,Nyctalus leisleri,0.012,0.023,-1,Echolocation,/mnt/ubna_data_02_mir/recover-20221013/UBNA_001/20221012_030000.WAV,Telephone Field,recover-20221013,001,1795
401.5275,401.5703,68437,83141,Rhinolophus ferrumequinum,0.033,0.033,-1,Echolocation,/mnt/ubna_data_02_mir/recover-20221013/UBNA_001/20221012_030000.WAV,Telephone Field,recover-20221013,001,1795
401.5835,401.6256,68437,82985,Rhinolophus ferrumequinum,0.034,0.034,-1,Echolocation,/mnt/ubna_data_02_mir/recover-20221013/UBNA_001/20221012_030000.WAV,Telephone Field,recover-20221013,001,1795
401.6295,401.6718,68437,83032,Rhinolophus ferrumequinum,0.024,0.024,-1,Echolocation,/mnt/ubna_data_02_mir/recover-20221013/UBNA_001/20221012_030000.WAV,Telephone Field,recover-20221013,001,1795
401.6655,401.6753,28906,38266,Eptesicus serotinus,0.014,0.031,-1,Echolocation,/mnt/ubna_data_02_mir/recover-20221013/UBNA_001/20221012_030000.WAV,Telephone Field,recover-20221013,001,1795
401.6725,401.7111,68437,82893,Rhinolophus ferrumequinum,0.025,0.025,-1,Echolocation,/mnt/ubna_data_02_mir/recover-20221013/UBNA_001/20221012_030000.WAV,Telephone Field,recover-20221013,001,1795
401.6805,401.7214,68437,82313,Rhinolophus ferrumequinum,0.023,0.023,-1,Echolocation,/mnt/ubna_data_02_mir/recover-20221013/UBNA_001/20221012_030000.WAV,Telephone Field,recover-20221013,001,1795
401.7145,401.7508,68437,81411,Rhinolophus ferrumequinum,0.022,0.022,-1,Echolocation,/mnt/ubna_data_02_mir/recover-20221013/UBNA_001/20221012_030000.WAV,Telephone Field,recover-20221013,001,1795
401.7265,401.7677,68437,82897,Rhinolophus ferrumequinum,0.026,0.027,-1,Echolocation,/mnt/ubna_data_02_mir/recover-20221013/UBNA_001/20221012_030000.WAV,Telephone Field,recover-20221013,001,1795
401.7305,401.7388,28046,39514,Eptesicus serotinus,0.009,0.023,-1,Echolocation,/mnt/ubna_data_02_mir/recover-20221013/UBNA_001/20221012_030000.WAV,Telephone Field,recover-20221013,001,1795
401.7355,401.7439,25468,33838,Eptesicus serotinus,0.008,0.023,-1,Echolocation,/mnt/ubna_data_02_mir/recover-20221013/UBNA_001/20221012_030000.WAV,Telephone Field,recover-20221013,001,1795
401.7735,401.8163,68437,82854,Rhinolophus ferrumequinum,0.027,0.027,-1,Echolocation,/mnt/ubna_data_02_mir/recover-20221013/UBNA_001/20221012_030000.WAV,Telephone Field,recover-20221013,001,1795
401.8105,401.8499,68437,82484,Rhinolophus ferrumequinum,0.026,0.026,-1,Echolocation,/mnt/ubna_data_02_mir/recover-20221013/UBNA_001/20221012_030000.WAV,Telephone Field,recover-20221013,001,1795
401.8335,401.8414,27187,38904,Eptesicus serotinus,0.009,0.024,-1,Echolocation,/mnt/ubna_data_02_mir/recover-20221013/UBNA_001/20221012_030000.WAV,Telephone Field,recover-20221013,001,1795
401.8695,401.9049,68437,80731,Rhinolophus ferrumequinum,0.025,0.025,-1,Echolocation,/mnt/ubna_data_02_mir/recover-20221013/UBNA_001/20221012_030000.WAV,Telephone Field,recover-20221013,001,1795
401.8995,401.9396,68437,82518,Rhinolophus ferrumequinum,0.022,0.022,-1,Echolocation,/mnt/ubna_data_02_mir/recover-20221013/UBNA_001/20221012_030000.WAV,Telephone Field,recover-20221013,001,1795
401.9305,401.9374,37500,46752,Myotis daubentonii,0.006,0.024,-1,Echolocation,/mnt/ubna_data_02_mir/recover-20221013/UBNA_001/20221012_030000.WAV,Telephone Field,recover-20221013,001,1795
401.9325,401.9388,27187,41712,Eptesicus serotinus,0.006,0.023,-1,Echolocation,/mnt/ubna_data_02_mir/recover-20221013/UBNA_001/20221012_030000.WAV,Telephone Field,recover-20221013,001,1795
401.9345,401.9733,68437,82525,Rhinolophus ferrumequinum,0.023,0.023,-1,Echolocation,/mnt/ubna_data_02_mir/recover-20221013/UBNA_001/20221012_030000.WAV,Telephone Field,recover-20221013,001,1795
401.9865,401.9968,23750,29806,Nyctalus leisleri,0.008,0.022,-1,Echolocation,/mnt/ubna_data_02_mir/recover-20221013/UBNA_001/20221012_030000.WAV,Telephone Field,recover-20221013,001,1795
402.0015,402.0299,69296,80790,Rhinolophus ferrumequinum,0.034,0.035,-1,Echolocation,/mnt/ubna_data_02_mir/recover-20221013/UBNA_001/20221012_030000.WAV,Telephone Field,recover-20221013,001,1795
402.0015,402.0097,37500,43107,Barbastellus barbastellus,0.007,0.024,-1,Echolocation,/mnt/ubna_data_02_mir/recover-20221013/UBNA_001/20221012_030000.WAV,Telephone Field,recover-20221013,001,1795
402.0015,402.0078,24609,38070,Plecotus austriacus,0.005,0.023,-1,Echolocation,/mnt/ubna_data_02_mir/recover-20221013/UBNA_001/20221012_030000.WAV,Telephone Field,recover-20221013,001,1795
402.0545,402.0954,68437,82557,Rhinolophus ferrumequinum,0.044,0.044,-1,Echolocation,/mnt/ubna_data_02_mir/recover-20221013/UBNA_001/20221012_030000.WAV,Telephone Field,recover-20221013,001,1795
402.0885,402.0991,22890,28139,Nyctalus leisleri,0.01,0.023,-1,Echolocation,/mnt/ubna_data_02_mir/recover-20221013/UBNA_001/20221012_030000.WAV,Telephone Field,recover-20221013,001,1795
402.1275,402.1362,27187,36202,Eptesicus serotinus,0.01,0.026,-1,Echolocation,/mnt/ubna_data_02_mir/recover-20221013/UBNA_001/20221012_030000.WAV,Telephone Field,recover-20221013,001,1795
402.1635,402.1781,21171,24733,Nyctalus leisleri,0.015,0.026,-1,Echolocation,/mnt/ubna_data_02_mir/recover-20221013/UBNA_001/20221012_030000.WAV,Telephone Field,recover-20221013,001,1795
402.2215,402.2605,68437,81941,Rhinolophus ferrumequinum,0.022,0.022,-1,Echolocation,/mnt/ubna_data_02_mir/recover-20221013/UBNA_001/20221012_030000.WAV,Telephone Field,recover-20221013,001,1795
402.2935,402.3341,68437,82428,Rhinolophus ferrumequinum,0.023,0.023,-1,Echolocation,/mnt/ubna_data_02_mir/recover-20221013/UBNA_001/20221012_030000.WAV,Telephone Field,recover-20221013,001,1795
402.3005,402.3401,68437,82192,Rhinolophus ferrumequinum,0.023,0.023,-1,Echolocation,/mnt/ubna_data_02_mir/recover-20221013/UBNA_001/20221012_030000.WAV,Telephone Field,recover-20221013,001,1795
402.3195,402.3293,26328,34560,Eptesicus serotinus,0.011,0.022,-1,Echolocation,/mnt/ubna_data_02_mir/recover-20221013/UBNA_001/20221012_030000.WAV,Telephone Field,recover-20221013,001,1795
402.3285,402.3668,68437,82714,Rhinolophus ferrumequinum,0.027,0.027,-1,Echolocation,/mnt/ubna_data_02_mir/recover-20221013/UBNA_001/20221012_030000.WAV,Telephone Field,recover-20221013,001,1795
402.3465,402.3556,23750,31695,Nyctalus leisleri,0.017,0.066,-1,Echolocation,/mnt/ubna_data_02_mir/recover-20221013/UBNA_001/20221012_030000.WAV,Telephone Field,recover-20221013,001,1795
402.3855,402.4258,68437,82195,Rhinolophus ferrumequinum,0.024,0.024,-1,Echolocation,/mnt/ubna_data_02_mir/recover-20221013/UBNA_001/20221012_030000.WAV,Telephone Field,recover-20221013,001,1795
402.3885,402.3956,28046,42752,Eptesicus serotinus,0.009,0.028,-1,Echolocation,/mnt/ubna_data_02_mir/recover-20221013/UBNA_001/20221012_030000.WAV,Telephone Field,recover-20221013,001,1795
402.4375,402.4483,22890,27412,Nyctalus leisleri,0.013,0.025,-1,Echolocation,/mnt/ubna_data_02_mir/recover-20221013/UBNA_001/20221012_030000.WAV,Telephone Field,recover-20221013,001,1795
402.4895,402.5282,68437,81666,Rhinolophus ferrumequinum,0.021,0.021,-1,Echolocation,/mnt/ubna_data_02_mir/recover-20221013/UBNA_001/20221012_030000.WAV,Telephone Field,recover-20221013,001,1795
402.5005,402.5388,68437,82101,Rhinolophus ferrumequinum,0.023,0.023,-1,Echolocation,/mnt/ubna_data_02_mir/recover-20221013/UBNA_001/20221012_030000.WAV,Telephone Field,recover-20221013,001,1795
402.5035,402.5137,24609,31562,Eptesicus serotinus,0.008,0.022,-1,Echolocation,/mnt/ubna_data_02_mir/recover-20221013/UBNA_001/20221012_030000.WAV,Telephone Field,recover-20221013,001,1795
402.54449999999997,402.5527,25468,34270,Eptesicus serotinus,0.008,0.021,-1,Echolocation,/mnt/ubna_data_02_mir/recover-20221013/UBNA_001/20221012_030000.WAV,Telephone Field,recover-20221013,001,1795
402.5795,402.5914,38359,43648,Pipistrellus nathusii,0.011,0.026,-1,Echolocation,/mnt/ubna_data_02_mir/recover-20221013/UBNA_001/20221012_030000.WAV,Telephone Field,recover-20221013,001,1795
402.5955,402.6381,68437,83324,Rhinolophus ferrumequinum,0.024,0.024,-1,Echolocation,/mnt/ubna_data_02_mir/recover-20221013/UBNA_001/20221012_030000.WAV,Telephone Field,recover-20221013,001,1795
402.6195,402.631,28906,36154,Eptesicus serotinus,0.014,0.027,-1,Echolocation,/mnt/ubna_data_02_mir/recover-20221013/UBNA_001/20221012_030000.WAV,Telephone Field,recover-20221013,001,1795
402.6545,402.6977,68437,82823,Rhinolophus ferrumequinum,0.025,0.025,-1,Echolocation,/mnt/ubna_data_02_mir/recover-20221013/UBNA_001/20221012_030000.WAV,Telephone Field,recover-20221013,001,1795
402.6665,402.6756,25468,33703,Eptesicus serotinus,0.01,0.022,-1,Echolocation,/mnt/ubna_data_02_mir/recover-20221013/UBNA_001/20221012_030000.WAV,Telephone Field,recover-20221013,001,1795
402.6705,402.7101,68437,82523,Rhinolophus ferrumequinum,0.022,0.022,-1,Echolocation,/mnt/ubna_data_02_mir/recover-20221013/UBNA_001/20221012_030000.WAV,Telephone Field,recover-20221013,001,1795
402.6755,402.6837,25468,34162,Eptesicus serotinus,0.008,0.022,-1,Echolocation,/mnt/ubna_data_02_mir/recover-20221013/UBNA_001/20221012_030000.WAV,Telephone Field,recover-20221013,001,1795
402.6955,402.7349,68437,82260,Rhinolophus ferrumequinum,0.025,0.025,-1,Echolocation,/mnt/ubna_data_02_mir/recover-20221013/UBNA_001/20221012_030000.WAV,Telephone Field,recover-20221013,001,1795
402.7515,402.7908,68437,82151,Rhinolophus ferrumequinum,0.027,0.027,-1,Echolocation,/mnt/ubna_data_02_mir/recover-20221013/UBNA_001/20221012_030000.WAV,Telephone Field,recover-20221013,001,1795
402.8295,402.8743,68437,83555,Rhinolophus ferrumequinum,0.05,0.05,-1,Echolocation,/mnt/ubna_data_02_mir/recover-20221013/UBNA_001/20221012_030000.WAV,Telephone Field,recover-20221013,001,1795
402.8545,402.89639999999997,68437,82865,Rhinolophus ferrumequinum,0.022,0.022,-1,Echolocation,/mnt/ubna_data_02_mir/recover-20221013/UBNA_001/20221012_030000.WAV,Telephone Field,recover-20221013,001,1795
402.8805,402.8912,22031,27331,Nyctalus leisleri,0.01,0.022,-1,Echolocation,/mnt/ubna_data_02_mir/recover-20221013/UBNA_001/20221012_030000.WAV,Telephone Field,recover-20221013,001,1795
402.8945,402.934,68437,82559,Rhinolophus ferrumequinum,0.034,0.034,-1,Echolocation,/mnt/ubna_data_02_mir/recover-20221013/UBNA_001/20221012_030000.WAV,Telephone Field,recover-20221013,001,1795
402.9295,402.9361,27187,42497,Eptesicus serotinus,0.006,0.023,-1,Echolocation,/mnt/ubna_data_02_mir/recover-20221013/UBNA_001/20221012_030000.WAV,Telephone Field,recover-20221013,001,1795
402.9445,402.9514,28046,39060,Eptesicus serotinus,0.006,0.021,-1,Echolocation,/mnt/ubna_data_02_mir/recover-20221013/UBNA_001/20221012_030000.WAV,Telephone Field,recover-20221013,001,1795
402.95550000000003,402.9943,68437,82334,Rhinolophus ferrumequinum,0.022,0.022,-1,Echolocation,/mnt/ubna_data_02_mir/recover-20221013/UBNA_001/20221012_030000.WAV,Telephone Field,recover-20221013,001,1795
402.9825,402.9906,28046,38971,Eptesicus serotinus,0.008,0.022,-1,Echolocation,/mnt/ubna_data_02_mir/recover-20221013/UBNA_001/20221012_030000.WAV,Telephone Field,recover-20221013,001,1795
402.9835,403.0216,68437,81810,Rhinolophus ferrumequinum,0.025,0.025,-1,Echolocation,/mnt/ubna_data_02_mir/recover-20221013/UBNA_001/20221012_030000.WAV,Telephone Field,recover-20221013,001,1795
403.0115,403.0491,68437,81887,Rhinolophus ferrumequinum,0.032,0.032,-1,Echolocation,/mnt/ubna_data_02_mir/recover-20221013/UBNA_001/20221012_030000.WAV,Telephone Field,recover-20221013,001,1795
403.0645,403.1015,68437,81572,Rhinolophus ferrumequinum,0.022,0.022,-1,Echolocation,/mnt/ubna_data_02_mir/recover-20221013/UBNA_001/20221012_030000.WAV,Telephone Field,recover-20221013,001,1795
403.1005,403.1416,68437,82990,Rhinolophus ferrumequinum,0.022,0.022,-1,Echolocation,/mnt/ubna_data_02_mir/recover-20221013/UBNA_001/20221012_030000.WAV,Telephone Field,recover-20221013,001,1795
403.1345,403.1721,68437,81616,Rhinolophus ferrumequinum,0.021,0.021,-1,Echolocation,/mnt/ubna_data_02_mir/recover-20221013/UBNA_001/20221012_030000.WAV,Telephone Field,recover-20221013,001,1795
403.1635,403.1709,25468,35312,Eptesicus serotinus,0.007,0.022,-1,Echolocation,/mnt/ubna_data_02_mir/recover-20221013/UBNA_001/20221012_030000.WAV,Telephone Field,recover-20221013,001,1795
403.1975,403.2053,27187,36634,Eptesicus serotinus,0.012,0.028,-1,Echolocation,/mnt/ubna_data_02_mir/recover-20221013/UBNA_001/20221012_030000.WAV,Telephone Field,recover-20221013,001,1795
403.2175,403.2263,28906,39197,Eptesicus serotinus,0.009,0.021,-1,Echolocation,/mnt/ubna_data_02_mir/recover-20221013/UBNA_001/20221012_030000.WAV,Telephone Field,recover-20221013,001,1795
403.2265,403.2646,68437,81790,Rhinolophus ferrumequinum,0.022,0.022,-1,Echolocation,/mnt/ubna_data_02_mir/recover-20221013/UBNA_001/20221012_030000.WAV,Telephone Field,recover-20221013,001,1795
403.2445,403.2841,68437,82661,Rhinolophus ferrumequinum,0.024,0.024,-1,Echolocation,/mnt/ubna_data_02_mir/recover-20221013/UBNA_001/20221012_030000.WAV,Telephone Field,recover-20221013,001,1795
403.2785,403.2885,28906,37516,Eptesicus serotinus,0.01,0.023,-1,Echolocation,/mnt/ubna_data_02_mir/recover-20221013/UBNA_001/20221012_030000.WAV,Telephone Field,recover-20221013,001,1795
403.2845,403.3197,68437,80745,Rhinolophus ferrumequinum,0.024,0.024,-1,Echolocation,/mnt/ubna_data_02_mir/recover-20221013/UBNA_001/20221012_030000.WAV,Telephone Field,recover-20221013,001,1795
403.2915,403.2986,28046,40955,Eptesicus serotinus,0.007,0.025,-1,Echolocation,/mnt/ubna_data_02_mir/recover-20221013/UBNA_001/20221012_030000.WAV,Telephone Field,recover-20221013,001,1795
403.3215,403.3362,22890,26865,Nyctalus leisleri,0.02,0.034,-1,Echolocation,/mnt/ubna_data_02_mir/recover-20221013/UBNA_001/20221012_030000.WAV,Telephone Field,recover-20221013,001,1795
403.3425,403.3509,31484,40028,Eptesicus serotinus,0.008,0.031,-1,Echolocation,/mnt/ubna_data_02_mir/recover-20221013/UBNA_001/20221012_030000.WAV,Telephone Field,recover-20221013,001,1795
403.3645,403.3999,68437,81476,Rhinolophus ferrumequinum,0.022,0.022,-1,Echolocation,/mnt/ubna_data_02_mir/recover-20221013/UBNA_001/20221012_030000.WAV,Telephone Field,recover-20221013,001,1795
403.3715,403.4107,68437,82709,Rhinolophus ferrumequinum,0.022,0.022,-1,Echolocation,/mnt/ubna_data_02_mir/recover-20221013/UBNA_001/20221012_030000.WAV,Telephone Field,recover-20221013,001,1795
403.3795,403.3896,27187,35271,Eptesicus serotinus,0.013,0.025,-1,Echolocation,/mnt/ubna_data_02_mir/recover-20221013/UBNA_001/20221012_030000.WAV,Telephone Field,recover-20221013,001,1795
403.3985,403.4343,68437,82485,Rhinolophus ferrumequinum,0.022,0.022,-1,Echolocation,/mnt/ubna_data_02_mir/recover-20221013/UBNA_001/20221012_030000.WAV,Telephone Field,recover-20221013,001,1795
403.4055,403.4168,22890,28426,Nyctalus leisleri,0.01,0.023,-1,Echolocation,/mnt/ubna_data_02_mir/recover-20221013/UBNA_001/20221012_030000.WAV,Telephone Field,recover-20221013,001,1795
403.4265,403.467,68437,82725,Rhinolophus ferrumequinum,0.025,0.025,-1,Echolocation,/mnt/ubna_data_02_mir/recover-20221013/UBNA_001/20221012_030000.WAV,Telephone Field,recover-20221013,001,1795
403.4425,403.4498,28046,42164,Eptesicus serotinus,0.008,0.027,-1,Echolocation,/mnt/ubna_data_02_mir/recover-20221013/UBNA_001/20221012_030000.WAV,Telephone Field,recover-20221013,001,1795
403.4735,403.4829,25468,34329,Eptesicus serotinus,0.009,0.022,-1,Echolocation,/mnt/ubna_data_02_mir/recover-20221013/UBNA_001/20221012_030000.WAV,Telephone Field,recover-20221013,001,1795
403.4805,403.4889,28046,38819,Eptesicus serotinus,0.007,0.021,-1,Echolocation,/mnt/ubna_data_02_mir/recover-20221013/UBNA_001/20221012_030000.WAV,Telephone Field,recover-20221013,001,1795
403.4945,403.5301,68437,82367,Rhinolophus ferrumequinum,0.024,0.024,-1,Echolocation,/mnt/ubna_data_02_mir/recover-20221013/UBNA_001/20221012_030000.WAV,Telephone Field,recover-20221013,001,1795
403.5125,403.5222,56406,61293,Pipistrellus pygmaeus,0.021,0.021,-1,Echolocation,/mnt/ubna_data_02_mir/recover-20221013/UBNA_001/20221012_030000.WAV,Telephone Field,recover-20221013,001,1795
403.5215,403.5283,27187,40249,Eptesicus serotinus,0.006,0.022,-1,Echolocation,/mnt/ubna_data_02_mir/recover-20221013/UBNA_001/20221012_030000.WAV,Telephone Field,recover-20221013,001,1795
403.5435,403.5819,68437,81391,Rhinolophus ferrumequinum,0.021,0.021,-1,Echolocation,/mnt/ubna_data_02_mir/recover-20221013/UBNA_001/20221012_030000.WAV,Telephone Field,recover-20221013,001,1795
403.5975,403.6075,28906,37031,Eptesicus serotinus,0.009,0.021,-1,Echolocation,/mnt/ubna_data_02_mir/recover-20221013/UBNA_001/20221012_030000.WAV,Telephone Field,recover-20221013,001,1795
403.6175,403.6574,68437,81753,Rhinolophus ferrumequinum,0.021,0.021,-1,Echolocation,/mnt/ubna_data_02_mir/recover-20221013/UBNA_001/20221012_030000.WAV,Telephone Field,recover-20221013,001,1795
403.6735,403.715,68437,82796,Rhinolophus ferrumequinum,0.024,0.024,-1,Echolocation,/mnt/ubna_data_02_mir/recover-20221013/UBNA_001/20221012_030000.WAV,Telephone Field,recover-20221013,001,1795
403.6915,403.7293,68437,82113,Rhinolophus ferrumequinum,0.022,0.022,-1,Echolocation,/mnt/ubna_data_02_mir/recover-20221013/UBNA_001/20221012_030000.WAV,Telephone Field,recover-20221013,001,1795
403.7275,403.7641,68437,82000,Rhinolophus ferrumequinum,0.024,0.024,-1,Echolocation,/mnt/ubna_data_02_mir/recover-20221013/UBNA_001/20221012_030000.WAV,Telephone Field,recover-20221013,001,1795
403.7405,403.7476,25468,34657,Eptesicus serotinus,0.006,0.022,-1,Echolocation,/mnt/ubna_data_02_mir/recover-20221013/UBNA_001/20221012_030000.WAV,Telephone Field,recover-20221013,001,1795
403.7735,403.8144,68437,82789,Rhinolophus ferrumequinum,0.022,0.022,-1,Echolocation,/mnt/ubna_data_02_mir/recover-20221013/UBNA_001/20221012_030000.WAV,Telephone Field,recover-20221013,001,1795
403.8015,403.8431,68437,82692,Rhinolophus ferrumequinum,0.025,0.025,-1,Echolocation,/mnt/ubna_data_02_mir/recover-20221013/UBNA_001/20221012_030000.WAV,Telephone Field,recover-20221013,001,1795
403.8665,403.9108,68437,83632,Rhinolophus ferrumequinum,0.055,0.055,-1,Echolocation,/mnt/ubna_data_02_mir/recover-20221013/UBNA_001/20221012_030000.WAV,Telephone Field,recover-20221013,001,1795
403.8685,403.8785,27187,34787,Eptesicus serotinus,0.011,0.021,-1,Echolocation,/mnt/ubna_data_02_mir/recover-20221013/UBNA_001/20221012_030000.WAV,Telephone Field,recover-20221013,001,1795
403.8895,403.8989,26328,34479,Eptesicus serotinus,0.012,0.024,-1,Echolocation,/mnt/ubna_data_02_mir/recover-20221013/UBNA_001/20221012_030000.WAV,Telephone Field,recover-20221013,001,1795
403.9285,403.9362,50390,57563,Pipistrellus pipistrellus,0.018,0.023,-1,Echolocation,/mnt/ubna_data_02_mir/recover-20221013/UBNA_001/20221012_030000.WAV,Telephone Field,recover-20221013,001,1795
403.9515,403.9895,68437,81771,Rhinolophus ferrumequinum,0.023,0.023,-1,Echolocation,/mnt/ubna_data_02_mir/recover-20221013/UBNA_001/20221012_030000.WAV,Telephone Field,recover-20221013,001,1795
403.95550000000003,403.9651,28046,38713,Eptesicus serotinus,0.011,0.024,-1,Echolocation,/mnt/ubna_data_02_mir/recover-20221013/UBNA_001/20221012_030000.WAV,Telephone Field,recover-20221013,001,1795
403.9705,403.9812,23750,29833,Nyctalus leisleri,0.009,0.021,-1,Echolocation,/mnt/ubna_data_02_mir/recover-20221013/UBNA_001/20221012_030000.WAV,Telephone Field,recover-20221013,001,1795
404.0015,404.0112,25468,32000,Nyctalus leisleri,0.012,0.032,-1,Echolocation,/mnt/ubna_data_02_mir/recover-20221013/UBNA_001/20221012_030000.WAV,Telephone Field,recover-20221013,001,1795
404.0015,404.0346,69296,81234,Rhinolophus ferrumequinum,0.022,0.022,-1,Echolocation,/mnt/ubna_data_02_mir/recover-20221013/UBNA_001/20221012_030000.WAV,Telephone Field,recover-20221013,001,1795
404.0135,404.026,23750,28330,Nyctalus leisleri,0.017,0.033,-1,Echolocation,/mnt/ubna_data_02_mir/recover-20221013/UBNA_001/20221012_030000.WAV,Telephone Field,recover-20221013,001,1795
404.0135,404.0572,68437,82921,Rhinolophus ferrumequinum,0.025,0.025,-1,Echolocation,/mnt/ubna_data_02_mir/recover-20221013/UBNA_001/20221012_030000.WAV,Telephone Field,recover-20221013,001,1795
404.0285,404.0388,22031,26910,Nyctalus leisleri,0.01,0.021,-1,Echolocation,/mnt/ubna_data_02_mir/recover-20221013/UBNA_001/20221012_030000.WAV,Telephone Field,recover-20221013,001,1795
404.1065,404.1148,25468,37113,Eptesicus serotinus,0.008,0.022,-1,Echolocation,/mnt/ubna_data_02_mir/recover-20221013/UBNA_001/20221012_030000.WAV,Telephone Field,recover-20221013,001,1795
404.1125,404.1213,51250,56275,Pipistrellus pipistrellus,0.026,0.03,-1,Echolocation,/mnt/ubna_data_02_mir/recover-20221013/UBNA_001/20221012_030000.WAV,Telephone Field,recover-20221013,001,1795
404.1335,404.1736,68437,81877,Rhinolophus ferrumequinum,0.025,0.025,-1,Echolocation,/mnt/ubna_data_02_mir/recover-20221013/UBNA_001/20221012_030000.WAV,Telephone Field,recover-20221013,001,1795
404.1545,404.1909,68437,82186,Rhinolophus ferrumequinum,0.021,0.021,-1,Echolocation,/mnt/ubna_data_02_mir/recover-20221013/UBNA_001/20221012_030000.WAV,Telephone Field,recover-20221013,001,1795
404.1675,404.2109,68437,82424,Rhinolophus ferrumequinum,0.029,0.03,-1,Echolocation,/mnt/ubna_data_02_mir/recover-20221013/UBNA_001/20221012_030000.WAV,Telephone Field,recover-20221013,001,1795
404.2355,404.274,68437,81949,Rhinolophus ferrumequinum,0.026,0.026,-1,Echolocation,/mnt/ubna_data_02_mir/recover-20221013/UBNA_001/20221012_030000.WAV,Telephone Field,recover-20221013,001,1795
404.2415,404.2517,39218,43894,Pipistrellus nathusii,0.011,0.021,-1,Echolocation,/mnt/ubna_data_02_mir/recover-20221013/UBNA_001/20221012_030000.WAV,Telephone Field,recover-20221013,001,1795
404.2505,404.2593,27187,35663,Eptesicus serotinus,0.017,0.039,-1,Echolocation,/mnt/ubna_data_02_mir/recover-20221013/UBNA_001/20221012_030000.WAV,Telephone Field,recover-20221013,001,1795
404.2605,404.2682,27187,36326,Eptesicus serotinus,0.008,0.023,-1,Echolocation,/mnt/ubna_data_02_mir/recover-20221013/UBNA_001/20221012_030000.WAV,Telephone Field,recover-20221013,001,1795
404.2695,404.311,68437,82941,Rhinolophus ferrumequinum,0.023,0.023,-1,Echolocation,/mnt/ubna_data_02_mir/recover-20221013/UBNA_001/20221012_030000.WAV,Telephone Field,recover-20221013,001,1795
404.2885,404.3003,23750,28797,Nyctalus leisleri,0.013,0.027,-1,Echolocation,/mnt/ubna_data_02_mir/recover-20221013/UBNA_001/20221012_030000.WAV,Telephone Field,recover-20221013,001,1795
404.3165,404.3539,68437,81779,Rhinolophus ferrumequinum,0.024,0.024,-1,Echolocation,/mnt/ubna_data_02_mir/recover-20221013/UBNA_001/20221012_030000.WAV,Telephone Field,recover-20221013,001,1795
404.3385,404.3527,23750,28337,Nyctalus leisleri,0.015,0.027,-1,Echolocation,/mnt/ubna_data_02_mir/recover-20221013/UBNA_001/20221012_030000.WAV,Telephone Field,recover-20221013,001,1795
404.3575,404.3967,68437,81786,Rhinolophus ferrumequinum,0.021,0.021,-1,Echolocation,/mnt/ubna_data_02_mir/recover-20221013/UBNA_001/20221012_030000.WAV,Telephone Field,recover-20221013,001,1795
404.3655,404.3735,28906,38695,Eptesicus serotinus,0.012,0.03,-1,Echolocation,/mnt/ubna_data_02_mir/recover-20221013/UBNA_001/20221012_030000.WAV,Telephone Field,recover-20221013,001,1795
404.4535,404.4873,68437,81563,Rhinolophus ferrumequinum,0.021,0.021,-1,Echolocation,/mnt/ubna_data_02_mir/recover-20221013/UBNA_001/20221012_030000.WAV,Telephone Field,recover-20221013,001,1795
404.45550000000003,404.4662,27187,34804,Eptesicus serotinus,0.012,0.023,-1,Echolocation,/mnt/ubna_data_02_mir/recover-20221013/UBNA_001/20221012_030000.WAV,Telephone Field,recover-20221013,001,1795
404.4785,404.4884,23750,30591,Nyctalus leisleri,0.009,0.021,-1,Echolocation,/mnt/ubna_data_02_mir/recover-20221013/UBNA_001/20221012_030000.WAV,Telephone Field,recover-20221013,001,1795
404.4905,404.4984,23750,31455,Plecotus austriacus,0.008,0.021,-1,Echolocation,/mnt/ubna_data_02_mir/recover-20221013/UBNA_001/20221012_030000.WAV,Telephone Field,recover-20221013,001,1795
404.5105,404.5207,22890,28054,Nyctalus leisleri,0.01,0.023,-1,Echolocation,/mnt/ubna_data_02_mir/recover-20221013/UBNA_001/20221012_030000.WAV,Telephone Field,recover-20221013,001,1795
404.5375,404.5764,68437,81848,Rhinolophus ferrumequinum,0.022,0.022,-1,Echolocation,/mnt/ubna_data_02_mir/recover-20221013/UBNA_001/20221012_030000.WAV,Telephone Field,recover-20221013,001,1795
404.5375,404.5492,23750,30258,Nyctalus leisleri,0.012,0.029,-1,Echolocation,/mnt/ubna_data_02_mir/recover-20221013/UBNA_001/20221012_030000.WAV,Telephone Field,recover-20221013,001,1795
404.5785,404.6099,68437,80962,Rhinolophus ferrumequinum,0.041,0.041,-1,Echolocation,/mnt/ubna_data_02_mir/recover-20221013/UBNA_001/20221012_030000.WAV,Telephone Field,recover-20221013,001,1795
404.6175,404.6288,23750,28960,Nyctalus leisleri,0.01,0.021,-1,Echolocation,/mnt/ubna_data_02_mir/recover-20221013/UBNA_001/20221012_030000.WAV,Telephone Field,recover-20221013,001,1795
404.6325,404.6426,27187,34910,Eptesicus serotinus,0.009,0.021,-1,Echolocation,/mnt/ubna_data_02_mir/recover-20221013/UBNA_001/20221012_030000.WAV,Telephone Field,recover-20221013,001,1795
404.7005,404.7407,68437,82997,Rhinolophus ferrumequinum,0.023,0.023,-1,Echolocation,/mnt/ubna_data_02_mir/recover-20221013/UBNA_001/20221012_030000.WAV,Telephone Field,recover-20221013,001,1795
404.7125,404.7198,25468,34660,Eptesicus serotinus,0.007,0.024,-1,Echolocation,/mnt/ubna_data_02_mir/recover-20221013/UBNA_001/20221012_030000.WAV,Telephone Field,recover-20221013,001,1795
404.7145,404.756,68437,82616,Rhinolophus ferrumequinum,0.023,0.023,-1,Echolocation,/mnt/ubna_data_02_mir/recover-20221013/UBNA_001/20221012_030000.WAV,Telephone Field,recover-20221013,001,1795
404.7425,404.782,68437,82038,Rhinolophus ferrumequinum,0.024,0.024,-1,Echolocation,/mnt/ubna_data_02_mir/recover-20221013/UBNA_001/20221012_030000.WAV,Telephone Field,recover-20221013,001,1795
404.8205,404.8312,23750,30011,Nyctalus leisleri,0.009,0.023,-1,Echolocation,/mnt/ubna_data_02_mir/recover-20221013/UBNA_001/20221012_030000.WAV,Telephone Field,recover-20221013,001,1795
404.8365,404.8823,68437,83640,Rhinolophus ferrumequinum,0.041,0.041,-1,Echolocation,/mnt/ubna_data_02_mir/recover-20221013/UBNA_001/20221012_030000.WAV,Telephone Field,recover-20221013,001,1795
404.8475,404.8557,28046,40303,Eptesicus serotinus,0.008,0.023,-1,Echolocation,/mnt/ubna_data_02_mir/recover-20221013/UBNA_001/20221012_030000.WAV,Telephone Field,recover-20221013,001,1795
404.9225,404.932,28906,37777,Eptesicus serotinus,0.011,0.025,-1,Echolocation,/mnt/ubna_data_02_mir/recover-20221013/UBNA_001/20221012_030000.WAV,Telephone Field,recover-20221013,001,1795
404.9595,404.9688,28906,39053,Eptesicus serotinus,0.011,0.026,-1,Echolocation,/mnt/ubna_data_02_mir/recover-20221013/UBNA_001/20221012_030000.WAV,Telephone Field,recover-20221013,001,1795
404.9655,405.0033,68437,81566,Rhinolophus ferrumequinum,0.022,0.022,-1,Echolocation,/mnt/ubna_data_02_mir/recover-20221013/UBNA_001/20221012_030000.WAV,Telephone Field,recover-20221013,001,1795
404.9725,404.9865,15156,22031,Nyctalus noctula,0.025,0.036,-1,Echolocation,/mnt/ubna_data_02_mir/recover-20221013/UBNA_001/20221012_030000.WAV,Telephone Field,recover-20221013,001,1795
404.9925,405.0327,68437,82687,Rhinolophus ferrumequinum,0.022,0.022,-1,Echolocation,/mnt/ubna_data_02_mir/recover-20221013/UBNA_001/20221012_030000.WAV,Telephone Field,recover-20221013,001,1795
405.0015,405.0438,68437,83005,Rhinolophus ferrumequinum,0.022,0.022,-1,Echolocation,/mnt/ubna_data_02_mir/recover-20221013/UBNA_001/20221012_030000.WAV,Telephone Field,recover-20221013,001,1795
405.0055,405.0251,19453,22786,Nyctalus noctula,0.014,0.031,-1,Echolocation,/mnt/ubna_data_02_mir/recover-20221013/UBNA_001/20221012_030000.WAV,Telephone Field,recover-20221013,001,1795
405.0335,405.0759,68437,82787,Rhinolophus ferrumequinum,0.042,0.042,-1,Echolocation,/mnt/ubna_data_02_mir/recover-20221013/UBNA_001/20221012_030000.WAV,Telephone Field,recover-20221013,001,1795
405.0415,405.053,25468,31624,Nyctalus leisleri,0.01,0.025,-1,Echolocation,/mnt/ubna_data_02_mir/recover-20221013/UBNA_001/20221012_030000.WAV,Telephone Field,recover-20221013,001,1795
405.0605,405.1021,68437,82583,Rhinolophus ferrumequinum,0.026,0.026,-1,Echolocation,/mnt/ubna_data_02_mir/recover-20221013/UBNA_001/20221012_030000.WAV,Telephone Field,recover-20221013,001,1795
405.0755,405.0837,28046,39777,Eptesicus serotinus,0.008,0.022,-1,Echolocation,/mnt/ubna_data_02_mir/recover-20221013/UBNA_001/20221012_030000.WAV,Telephone Field,recover-20221013,001,1795
405.0935,405.1334,68437,82116,Rhinolophus ferrumequinum,0.021,0.022,-1,Echolocation,/mnt/ubna_data_02_mir/recover-20221013/UBNA_001/20221012_030000.WAV,Telephone Field,recover-20221013,001,1795
405.1555,405.1944,68437,81882,Rhinolophus ferrumequinum,0.024,0.024,-1,Echolocation,/mnt/ubna_data_02_mir/recover-20221013/UBNA_001/20221012_030000.WAV,Telephone Field,recover-20221013,001,1795
405.1745,405.1855,22890,28172,Nyctalus leisleri,0.013,0.027,-1,Echolocation,/mnt/ubna_data_02_mir/recover-20221013/UBNA_001/20221012_030000.WAV,Telephone Field,recover-20221013,001,1795
405.2505,405.2605,22890,28624,Nyctalus leisleri,0.009,0.024,-1,Echolocation,/mnt/ubna_data_02_mir/recover-20221013/UBNA_001/20221012_030000.WAV,Telephone Field,recover-20221013,001,1795
405.2865,405.3289,68437,84022,Rhinolophus ferrumequinum,0.042,0.042,-1,Echolocation,/mnt/ubna_data_02_mir/recover-20221013/UBNA_001/20221012_030000.WAV,Telephone Field,recover-20221013,001,1795
405.3575,405.3958,68437,81967,Rhinolophus ferrumequinum,0.022,0.022,-1,Echolocation,/mnt/ubna_data_02_mir/recover-20221013/UBNA_001/20221012_030000.WAV,Telephone Field,recover-20221013,001,1795
405.3895,405.4085,19453,22148,Nyctalus leisleri,0.01,0.021,-1,Echolocation,/mnt/ubna_data_02_mir/recover-20221013/UBNA_001/20221012_030000.WAV,Telephone Field,recover-20221013,001,1795
405.4105,405.4493,68437,81735,Rhinolophus ferrumequinum,0.021,0.021,-1,Echolocation,/mnt/ubna_data_02_mir/recover-20221013/UBNA_001/20221012_030000.WAV,Telephone Field,recover-20221013,001,1795
405.4295,405.4706,68437,82669,Rhinolophus ferrumequinum,0.029,0.029,-1,Echolocation,/mnt/ubna_data_02_mir/recover-20221013/UBNA_001/20221012_030000.WAV,Telephone Field,recover-20221013,001,1795
405.4835,405.4908,24609,33975,Plecotus austriacus,0.012,0.028,-1,Echolocation,/mnt/ubna_data_02_mir/recover-20221013/UBNA_001/20221012_030000.WAV,Telephone Field,recover-20221013,001,1795
405.5035,405.5134,22031,27909,Nyctalus leisleri,0.009,0.024,-1,Echolocation,/mnt/ubna_data_02_mir/recover-20221013/UBNA_001/20221012_030000.WAV,Telephone Field,recover-20221013,001,1795
405.5205,405.5299,28906,40244,Eptesicus serotinus,0.009,0.022,-1,Echolocation,/mnt/ubna_data_02_mir/recover-20221013/UBNA_001/20221012_030000.WAV,Telephone Field,recover-20221013,001,1795
405.5275,405.535,28906,38092,Eptesicus serotinus,0.007,0.025,-1,Echolocation,/mnt/ubna_data_02_mir/recover-20221013/UBNA_001/20221012_030000.WAV,Telephone Field,recover-20221013,001,1795
405.5325,405.5761,68437,83497,Rhinolophus ferrumequinum,0.041,0.041,-1,Echolocation,/mnt/ubna_data_02_mir/recover-20221013/UBNA_001/20221012_030000.WAV,Telephone Field,recover-20221013,001,1795
405.5675,405.5866,22031,25606,Nyctalus leisleri,0.027,0.046,-1,Echolocation,/mnt/ubna_data_02_mir/recover-20221013/UBNA_001/20221012_030000.WAV,Telephone Field,recover-20221013,001,1795
405.5815,405.6263,68437,83449,Rhinolophus ferrumequinum,0.037,0.037,-1,Echolocation,/mnt/ubna_data_02_mir/recover-20221013/UBNA_001/20221012_030000.WAV,Telephone Field,recover-20221013,001,1795
405.6075,405.6497,68437,82509,Rhinolophus ferrumequinum,0.025,0.025,-1,Echolocation,/mnt/ubna_data_02_mir/recover-20221013/UBNA_001/20221012_030000.WAV,Telephone Field,recover-20221013,001,1795
405.6405,405.6765,68437,81083,Rhinolophus ferrumequinum,0.022,0.022,-1,Echolocation,/mnt/ubna_data_02_mir/recover-20221013/UBNA_001/20221012_030000.WAV,Telephone Field,recover-20221013,001,1795
405.7475,405.7566,22890,29708,Plecotus austriacus,0.008,0.024,-1,Echolocation,/mnt/ubna_data_02_mir/recover-20221013/UBNA_001/20221012_030000.WAV,Telephone Field,recover-20221013,001,1795
405.7825,405.8206,68437,81945,Rhinolophus ferrumequinum,0.024,0.024,-1,Echolocation,/mnt/ubna_data_02_mir/recover-20221013/UBNA_001/20221012_030000.WAV,Telephone Field,recover-20221013,001,1795
405.8195,405.8262,25468,34919,Plecotus austriacus,0.008,0.025,-1,Echolocation,/mnt/ubna_data_02_mir/recover-20221013/UBNA_001/20221012_030000.WAV,Telephone Field,recover-20221013,001,1795
405.8295,405.8707,68437,82220,Rhinolophus ferrumequinum,0.021,0.021,-1,Echolocation,/mnt/ubna_data_02_mir/recover-20221013/UBNA_001/20221012_030000.WAV,Telephone Field,recover-20221013,001,1795
405.8315,405.8419,29765,37296,Eptesicus serotinus,0.01,0.023,-1,Echolocation,/mnt/ubna_data_02_mir/recover-20221013/UBNA_001/20221012_030000.WAV,Telephone Field,recover-20221013,001,1795
405.8535,405.8974,68437,83288,Rhinolophus ferrumequinum,0.028,0.028,-1,Echolocation,/mnt/ubna_data_02_mir/recover-20221013/UBNA_001/20221012_030000.WAV,Telephone Field,recover-20221013,001,1795
405.8655,405.8773,28906,35179,Eptesicus serotinus,0.013,0.027,-1,Echolocation,/mnt/ubna_data_02_mir/recover-20221013/UBNA_001/20221012_030000.WAV,Telephone Field,recover-20221013,001,1795
405.8855,405.9271,68437,82266,Rhinolophus ferrumequinum,0.03,0.03,-1,Echolocation,/mnt/ubna_data_02_mir/recover-20221013/UBNA_001/20221012_030000.WAV,Telephone Field,recover-20221013,001,1795
405.9115,405.9203,25468,33754,Eptesicus serotinus,0.007,0.021,-1,Echolocation,/mnt/ubna_data_02_mir/recover-20221013/UBNA_001/20221012_030000.WAV,Telephone Field,recover-20221013,001,1795
405.9285,405.9678,68437,82637,Rhinolophus ferrumequinum,0.022,0.022,-1,Echolocation,/mnt/ubna_data_02_mir/recover-20221013/UBNA_001/20221012_030000.WAV,Telephone Field,recover-20221013,001,1795
405.9475,405.991,68437,83129,Rhinolophus ferrumequinum,0.034,0.034,-1,Echolocation,/mnt/ubna_data_02_mir/recover-20221013/UBNA_001/20221012_030000.WAV,Telephone Field,recover-20221013,001,1795
405.9585,405.9661,28046,40523,Eptesicus serotinus,0.007,0.023,-1,Echolocation,/mnt/ubna_data_02_mir/recover-20221013/UBNA_001/20221012_030000.WAV,Telephone Field,recover-20221013,001,1795
405.9835,405.9922,26328,37547,Eptesicus serotinus,0.008,0.022,-1,Echolocation,/mnt/ubna_data_02_mir/recover-20221013/UBNA_001/20221012_030000.WAV,Telephone Field,recover-20221013,001,1795
406.0015,406.0353,68437,80561,Rhinolophus ferrumequinum,0.052,0.052,-1,Echolocation,/mnt/ubna_data_02_mir/recover-20221013/UBNA_001/20221012_030000.WAV,Telephone Field,recover-20221013,001,1795
406.0015,406.011,26328,36674,Eptesicus serotinus,0.008,0.027,-1,Echolocation,/mnt/ubna_data_02_mir/recover-20221013/UBNA_001/20221012_030000.WAV,Telephone Field,recover-20221013,001,1795
406.0155,406.0584,68437,83231,Rhinolophus ferrumequinum,0.027,0.028,-1,Echolocation,/mnt/ubna_data_02_mir/recover-20221013/UBNA_001/20221012_030000.WAV,Telephone Field,recover-20221013,001,1795
406.0165,406.026,28046,38497,Eptesicus serotinus,0.009,0.023,-1,Echolocation,/mnt/ubna_data_02_mir/recover-20221013/UBNA_001/20221012_030000.WAV,Telephone Field,recover-20221013,001,1795
406.0405,406.0611,19453,22351,Nyctalus noctula,0.018,0.039,-1,Echolocation,/mnt/ubna_data_02_mir/recover-20221013/UBNA_001/20221012_030000.WAV,Telephone Field,recover-20221013,001,1795
406.0605,406.0707,23750,30334,Nyctalus leisleri,0.009,0.025,-1,Echolocation,/mnt/ubna_data_02_mir/recover-20221013/UBNA_001/20221012_030000.WAV,Telephone Field,recover-20221013,001,1795
406.0755,406.0864,50390,54517,Pipistrellus pipistrellus,0.022,0.037,-1,Echolocation,/mnt/ubna_data_02_mir/recover-20221013/UBNA_001/20221012_030000.WAV,Telephone Field,recover-20221013,001,1795
406.1035,406.1494,68437,83839,Rhinolophus ferrumequinum,0.049,0.049,-1,Echolocation,/mnt/ubna_data_02_mir/recover-20221013/UBNA_001/20221012_030000.WAV,Telephone Field,recover-20221013,001,1795
406.1215,406.1609,68437,81707,Rhinolophus ferrumequinum,0.023,0.024,-1,Echolocation,/mnt/ubna_data_02_mir/recover-20221013/UBNA_001/20221012_030000.WAV,Telephone Field,recover-20221013,001,1795
406.1445,406.1521,27187,38507,Eptesicus serotinus,0.006,0.024,-1,Echolocation,/mnt/ubna_data_02_mir/recover-20221013/UBNA_001/20221012_030000.WAV,Telephone Field,recover-20221013,001,1795
406.1445,406.1785,68437,80238,Rhinolophus ferrumequinum,0.029,0.029,-1,Echolocation,/mnt/ubna_data_02_mir/recover-20221013/UBNA_001/20221012_030000.WAV,Telephone Field,recover-20221013,001,1795
406.14549999999997,406.1558,22031,27441,Nyctalus leisleri,0.01,0.024,-1,Echolocation,/mnt/ubna_data_02_mir/recover-20221013/UBNA_001/20221012_030000.WAV,Telephone Field,recover-20221013,001,1795
406.1625,406.2,68437,81941,Rhinolophus ferrumequinum,0.023,0.023,-1,Echolocation,/mnt/ubna_data_02_mir/recover-20221013/UBNA_001/20221012_030000.WAV,Telephone Field,recover-20221013,001,1795
406.1835,406.2233,68437,82083,Rhinolophus ferrumequinum,0.024,0.024,-1,Echolocation,/mnt/ubna_data_02_mir/recover-20221013/UBNA_001/20221012_030000.WAV,Telephone Field,recover-20221013,001,1795
406.2555,406.2958,68437,82909,Rhinolophus ferrumequinum,0.025,0.025,-1,Echolocation,/mnt/ubna_data_02_mir/recover-20221013/UBNA_001/20221012_030000.WAV,Telephone Field,recover-20221013,001,1795
406.3125,406.3519,68437,81964,Rhinolophus ferrumequinum,0.033,0.033,-1,Echolocation,/mnt/ubna_data_02_mir/recover-20221013/UBNA_001/20221012_030000.WAV,Telephone Field,recover-20221013,001,1795
406.3355,406.3778,68437,82205,Rhinolophus ferrumequinum,0.04,0.04,-1,Echolocation,/mnt/ubna_data_02_mir/recover-20221013/UBNA_001/20221012_030000.WAV,Telephone Field,recover-20221013,001,1795
406.3855,406.3929,28046,39452,Eptesicus serotinus,0.007,0.022,-1,Echolocation,/mnt/ubna_data_02_mir/recover-20221013/UBNA_001/20221012_030000.WAV,Telephone Field,recover-20221013,001,1795
406.3885,406.4296,68437,82704,Rhinolophus ferrumequinum,0.025,0.025,-1,Echolocation,/mnt/ubna_data_02_mir/recover-20221013/UBNA_001/20221012_030000.WAV,Telephone Field,recover-20221013,001,1795
406.4245,406.4645,68437,83015,Rhinolophus ferrumequinum,0.03,0.03,-1,Echolocation,/mnt/ubna_data_02_mir/recover-20221013/UBNA_001/20221012_030000.WAV,Telephone Field,recover-20221013,001,1795
406.4485,406.4839,68437,81633,Rhinolophus ferrumequinum,0.024,0.024,-1,Echolocation,/mnt/ubna_data_02_mir/recover-20221013/UBNA_001/20221012_030000.WAV,Telephone Field,recover-20221013,001,1795
406.47950000000003,406.521,68437,82729,Rhinolophus ferrumequinum,0.028,0.028,-1,Echolocation,/mnt/ubna_data_02_mir/recover-20221013/UBNA_001/20221012_030000.WAV,Telephone Field,recover-20221013,001,1795
406.5085,406.5479,68437,81737,Rhinolophus ferrumequinum,0.022,0.022,-1,Echolocation,/mnt/ubna_data_02_mir/recover-20221013/UBNA_001/20221012_030000.WAV,Telephone Field,recover-20221013,001,1795
406.5185,406.5267,27187,37427,Eptesicus serotinus,0.008,0.023,-1,Echolocation,/mnt/ubna_data_02_mir/recover-20221013/UBNA_001/20221012_030000.WAV,Telephone Field,recover-20221013,001,1795
406.5475,406.5544,27187,39732,Eptesicus serotinus,0.006,0.022,-1,Echolocation,/mnt/ubna_data_02_mir/recover-20221013/UBNA_001/20221012_030000.WAV,Telephone Field,recover-20221013,001,1795
406.5475,406.5871,68437,82055,Rhinolophus ferrumequinum,0.026,0.026,-1,Echolocation,/mnt/ubna_data_02_mir/recover-20221013/UBNA_001/20221012_030000.WAV,Telephone Field,recover-20221013,001,1795
406.5815,406.6218,68437,82362,Rhinolophus ferrumequinum,0.028,0.028,-1,Echolocation,/mnt/ubna_data_02_mir/recover-20221013/UBNA_001/20221012_030000.WAV,Telephone Field,recover-20221013,001,1795
406.5935,406.6312,68437,81429,Rhinolophus ferrumequinum,0.022,0.022,-1,Echolocation,/mnt/ubna_data_02_mir/recover-20221013/UBNA_001/20221012_030000.WAV,Telephone Field,recover-20221013,001,1795
406.6025,406.6113,26328,34402,Eptesicus serotinus,0.012,0.031,-1,Echolocation,/mnt/ubna_data_02_mir/recover-20221013/UBNA_001/20221012_030000.WAV,Telephone Field,recover-20221013,001,1795
406.6115,406.6213,22890,29641,Nyctalus leisleri,0.008,0.029,-1,Echolocation,/mnt/ubna_data_02_mir/recover-20221013/UBNA_001/20221012_030000.WAV,Telephone Field,recover-20221013,001,1795
406.6345,406.6416,27187,36405,Eptesicus serotinus,0.008,0.025,-1,Echolocation,/mnt/ubna_data_02_mir/recover-20221013/UBNA_001/20221012_030000.WAV,Telephone Field,recover-20221013,001,1795
406.6505,406.6627,22890,28295,Nyctalus leisleri,0.013,0.027,-1,Echolocation,/mnt/ubna_data_02_mir/recover-20221013/UBNA_001/20221012_030000.WAV,Telephone Field,recover-20221013,001,1795
406.7285,406.7693,68437,82461,Rhinolophus ferrumequinum,0.023,0.023,-1,Echolocation,/mnt/ubna_data_02_mir/recover-20221013/UBNA_001/20221012_030000.WAV,Telephone Field,recover-20221013,001,1795
406.7725,406.8119,68437,82510,Rhinolophus ferrumequinum,0.024,0.024,-1,Echolocation,/mnt/ubna_data_02_mir/recover-20221013/UBNA_001/20221012_030000.WAV,Telephone Field,recover-20221013,001,1795
406.7965,406.8377,68437,83129,Rhinolophus ferrumequinum,0.026,0.026,-1,Echolocation,/mnt/ubna_data_02_mir/recover-20221013/UBNA_001/20221012_030000.WAV,Telephone Field,recover-20221013,001,1795
406.8145,406.8209,36640,46275,Myotis daubentonii,0.011,0.023,-1,Echolocation,/mnt/ubna_data_02_mir/recover-20221013/UBNA_001/20221012_030000.WAV,Telephone Field,recover-20221013,001,1795
406.8445,406.856,28906,36163,Eptesicus serotinus,0.013,0.029,-1,Echolocation,/mnt/ubna_data_02_mir/recover-20221013/UBNA_001/20221012_030000.WAV,Telephone Field,recover-20221013,001,1795
406.8705,406.881,22031,27172,Nyctalus leisleri,0.01,0.022,-1,Echolocation,/mnt/ubna_data_02_mir/recover-20221013/UBNA_001/20221012_030000.WAV,Telephone Field,recover-20221013,001,1795
406.8885,406.9288,68437,82622,Rhinolophus ferrumequinum,0.027,0.027,-1,Echolocation,/mnt/ubna_data_02_mir/recover-20221013/UBNA_001/20221012_030000.WAV,Telephone Field,recover-20221013,001,1795
406.8945,406.9384,68437,83492,Rhinolophus ferrumequinum,0.028,0.028,-1,Echolocation,/mnt/ubna_data_02_mir/recover-20221013/UBNA_001/20221012_030000.WAV,Telephone Field,recover-20221013,001,1795
406.9285,406.9424,23750,29181,Nyctalus leisleri,0.046,0.105,-1,Echolocation,/mnt/ubna_data_02_mir/recover-20221013/UBNA_001/20221012_030000.WAV,Telephone Field,recover-20221013,001,1795
406.9715,406.9793,28046,38476,Eptesicus serotinus,0.007,0.023,-1,Echolocation,/mnt/ubna_data_02_mir/recover-20221013/UBNA_001/20221012_030000.WAV,Telephone Field,recover-20221013,001,1795
406.9775,407.013,68437,81980,Rhinolophus ferrumequinum,0.023,0.023,-1,Echolocation,/mnt/ubna_data_02_mir/recover-20221013/UBNA_001/20221012_030000.WAV,Telephone Field,recover-20221013,001,1795
406.9885,407.0276,68437,82436,Rhinolophus ferrumequinum,0.024,0.024,-1,Echolocation,/mnt/ubna_data_02_mir/recover-20221013/UBNA_001/20221012_030000.WAV,Telephone Field,recover-20221013,001,1795
406.9945,407.0017,28046,38840,Eptesicus serotinus,0.007,0.025,-1,Echolocation,/mnt/ubna_data_02_mir/recover-20221013/UBNA_001/20221012_030000.WAV,Telephone Field,recover-20221013,001,1795
407.0155,407.0513,68437,81500,Rhinolophus ferrumequinum,0.022,0.022,-1,Echolocation,/mnt/ubna_data_02_mir/recover-20221013/UBNA_001/20221012_030000.WAV,Telephone Field,recover-20221013,001,1795
407.0305,407.0687,68437,82019,Rhinolophus ferrumequinum,0.022,0.022,-1,Echolocation,/mnt/ubna_data_02_mir/recover-20221013/UBNA_001/20221012_030000.WAV,Telephone Field,recover-20221013,001,1795
407.0505,407.0722,17734,20656,Nyctalus noctula,0.023,0.036,-1,Echolocation,/mnt/ubna_data_02_mir/recover-20221013/UBNA_001/20221012_030000.WAV,Telephone Field,recover-20221013,001,1795
407.0605,407.0708,24609,31798,Nyctalus leisleri,0.008,0.024,-1,Echolocation,/mnt/ubna_data_02_mir/recover-20221013/UBNA_001/20221012_030000.WAV,Telephone Field,recover-20221013,001,1795
407.0825,407.1225,68437,82735,Rhinolophus ferrumequinum,0.026,0.026,-1,Echolocation,/mnt/ubna_data_02_mir/recover-20221013/UBNA_001/20221012_030000.WAV,Telephone Field,recover-20221013,001,1795
407.0985,407.1355,68437,82089,Rhinolophus ferrumequinum,0.024,0.024,-1,Echolocation,/mnt/ubna_data_02_mir/recover-20221013/UBNA_001/20221012_030000.WAV,Telephone Field,recover-20221013,001,1795
407.1075,407.1134,33203,45218,Myotis daubentonii,0.015,0.038,-1,Echolocation,/mnt/ubna_data_02_mir/recover-20221013/UBNA_001/20221012_030000.WAV,Telephone Field,recover-20221013,001,1795
407.1085,407.1162,27187,41919,Eptesicus serotinus,0.013,0.036,-1,Echolocation,/mnt/ubna_data_02_mir/recover-20221013/UBNA_001/20221012_030000.WAV,Telephone Field,recover-20221013,001,1795
407.1205,407.1581,68437,82550,Rhinolophus ferrumequinum,0.028,0.028,-1,Echolocation,/mnt/ubna_data_02_mir/recover-20221013/UBNA_001/20221012_030000.WAV,Telephone Field,recover-20221013,001,1795
407.1495,407.1906,68437,83062,Rhinolophus ferrumequinum,0.028,0.028,-1,Echolocation,/mnt/ubna_data_02_mir/recover-20221013/UBNA_001/20221012_030000.WAV,Telephone Field,recover-20221013,001,1795
407.1845,407.221,68437,82129,Rhinolophus ferrumequinum,0.022,0.022,-1,Echolocation,/mnt/ubna_data_02_mir/recover-20221013/UBNA_001/20221012_030000.WAV,Telephone Field,recover-20221013,001,1795
407.20550000000003,407.2475,68437,82953,Rhinolophus ferrumequinum,0.024,0.024,-1,Echolocation,/mnt/ubna_data_02_mir/recover-20221013/UBNA_001/20221012_030000.WAV,Telephone Field,recover-20221013,001,1795
407.2115,407.2531,68437,82685,Rhinolophus ferrumequinum,0.024,0.024,-1,Echolocation,/mnt/ubna_data_02_mir/recover-20221013/UBNA_001/20221012_030000.WAV,Telephone Field,recover-20221013,001,1795
407.2195,407.2293,23750,30699,Nyctalus leisleri,0.01,0.026,-1,Echolocation,/mnt/ubna_data_02_mir/recover-20221013/UBNA_001/20221012_030000.WAV,Telephone Field,recover-20221013,001,1795
407.2365,407.2753,68437,82170,Rhinolophus ferrumequinum,0.024,0.024,-1,Echolocation,/mnt/ubna_data_02_mir/recover-20221013/UBNA_001/20221012_030000.WAV,Telephone Field,recover-20221013,001,1795
407.2925,407.2977,30625,43413,Myotis daubentonii,0.015,0.029,-1,Echolocation,/mnt/ubna_data_02_mir/recover-20221013/UBNA_001/20221012_030000.WAV,Telephone Field,recover-20221013,001,1795
407.2975,407.335,68437,82133,Rhinolophus ferrumequinum,0.023,0.023,-1,Echolocation,/mnt/ubna_data_02_mir/recover-20221013/UBNA_001/20221012_030000.WAV,Telephone Field,recover-20221013,001,1795
407.2995,407.3109,43515,49968,Pipistrellus pipistrellus,0.014,0.024,-1,Echolocation,/mnt/ubna_data_02_mir/recover-20221013/UBNA_001/20221012_030000.WAV,Telephone Field,recover-20221013,001,1795
407.3205,407.3636,68437,82275,Rhinolophus ferrumequinum,0.06,0.06,-1,Echolocation,/mnt/ubna_data_02_mir/recover-20221013/UBNA_001/20221012_030000.WAV,Telephone Field,recover-20221013,001,1795
407.3515,407.3618,28906,36484,Eptesicus serotinus,0.012,0.029,-1,Echolocation,/mnt/ubna_data_02_mir/recover-20221013/UBNA_001/20221012_030000.WAV,Telephone Field,recover-20221013,001,1795
407.3755,407.4137,68437,82480,Rhinolophus ferrumequinum,0.035,0.035,-1,Echolocation,/mnt/ubna_data_02_mir/recover-20221013/UBNA_001/20221012_030000.WAV,Telephone Field,recover-20221013,001,1795
407.3985,407.4081,24609,31327,Nyctalus leisleri,0.007,0.024,-1,Echolocation,/mnt/ubna_data_02_mir/recover-20221013/UBNA_001/20221012_030000.WAV,Telephone Field,recover-20221013,001,1795
407.4155,407.4559,68437,82586,Rhinolophus ferrumequinum,0.024,0.025,-1,Echolocation,/mnt/ubna_data_02_mir/recover-20221013/UBNA_001/20221012_030000.WAV,Telephone Field,recover-20221013,001,1795
407.4665,407.5098,68437,83162,Rhinolophus ferrumequinum,0.033,0.033,-1,Echolocation,/mnt/ubna_data_02_mir/recover-20221013/UBNA_001/20221012_030000.WAV,Telephone Field,recover-20221013,001,1795
407.4755,407.4823,34921,44915,Myotis daubentonii,0.011,0.025,-1,Echolocation,/mnt/ubna_data_02_mir/recover-20221013/UBNA_001/20221012_030000.WAV,Telephone Field,recover-20221013,001,1795
407.5415,407.5512,28046,37783,Eptesicus serotinus,0.011,0.025,-1,Echolocation,/mnt/ubna_data_02_mir/recover-20221013/UBNA_001/20221012_030000.WAV,Telephone Field,recover-20221013,001,1795
407.5425,407.5783,68437,81887,Rhinolophus ferrumequinum,0.023,0.023,-1,Echolocation,/mnt/ubna_data_02_mir/recover-20221013/UBNA_001/20221012_030000.WAV,Telephone Field,recover-20221013,001,1795
407.5685,407.6081,68437,81997,Rhinolophus ferrumequinum,0.023,0.023,-1,Echolocation,/mnt/ubna_data_02_mir/recover-20221013/UBNA_001/20221012_030000.WAV,Telephone Field,recover-20221013,001,1795
407.5725,407.5803,28046,37570,Eptesicus serotinus,0.009,0.027,-1,Echolocation,/mnt/ubna_data_02_mir/recover-20221013/UBNA_001/20221012_030000.WAV,Telephone Field,recover-20221013,001,1795
407.5865,407.6271,68437,82675,Rhinolophus ferrumequinum,0.023,0.023,-1,Echolocation,/mnt/ubna_data_02_mir/recover-20221013/UBNA_001/20221012_030000.WAV,Telephone Field,recover-20221013,001,1795
407.5915,407.6003,44375,54631,Pipistrellus pipistrellus,0.016,0.026,-1,Echolocation,/mnt/ubna_data_02_mir/recover-20221013/UBNA_001/20221012_030000.WAV,Telephone Field,recover-20221013,001,1795
407.6115,407.6493,68437,81531,Rhinolophus ferrumequinum,0.023,0.023,-1,Echolocation,/mnt/ubna_data_02_mir/recover-20221013/UBNA_001/20221012_030000.WAV,Telephone Field,recover-20221013,001,1795
407.6115,407.6202,48671,53144,Pipistrellus pipistrellus,0.02,0.024,-1,Echolocation,/mnt/ubna_data_02_mir/recover-20221013/UBNA_001/20221012_030000.WAV,Telephone Field,recover-20221013,001,1795
407.6865,407.7247,68437,81939,Rhinolophus ferrumequinum,0.025,0.025,-1,Echolocation,/mnt/ubna_data_02_mir/recover-20221013/UBNA_001/20221012_030000.WAV,Telephone Field,recover-20221013,001,1795
407.7095,407.7183,27187,39261,Eptesicus serotinus,0.01,0.024,-1,Echolocation,/mnt/ubna_data_02_mir/recover-20221013/UBNA_001/20221012_030000.WAV,Telephone Field,recover-20221013,001,1795
407.8265,407.8662,68437,82709,Rhinolophus ferrumequinum,0.028,0.028,-1,Echolocation,/mnt/ubna_data_02_mir/recover-20221013/UBNA_001/20221012_030000.WAV,Telephone Field,recover-20221013,001,1795
407.8555,407.8942,68437,81739,Rhinolophus ferrumequinum,0.022,0.022,-1,Echolocation,/mnt/ubna_data_02_mir/recover-20221013/UBNA_001/20221012_030000.WAV,Telephone Field,recover-20221013,001,1795
407.8635,407.8727,28906,36839,Eptesicus serotinus,0.009,0.025,-1,Echolocation,/mnt/ubna_data_02_mir/recover-20221013/UBNA_001/20221012_030000.WAV,Telephone Field,recover-20221013,001,1795
407.9035,407.9417,68437,82124,Rhinolophus ferrumequinum,0.022,0.022,-1,Echolocation,/mnt/ubna_data_02_mir/recover-20221013/UBNA_001/20221012_030000.WAV,Telephone Field,recover-20221013,001,1795
407.9265,407.9674,68437,82467,Rhinolophus ferrumequinum,0.026,0.026,-1,Echolocation,/mnt/ubna_data_02_mir/recover-20221013/UBNA_001/20221012_030000.WAV,Telephone Field,recover-20221013,001,1795
408.0015,408.0102,22031,28128,Nyctalus leisleri,0.012,0.031,-1,Echolocation,/mnt/ubna_data_02_mir/recover-20221013/UBNA_001/20221012_030000.WAV,Telephone Field,recover-20221013,001,1795
408.0015,408.0333,68437,80160,Rhinolophus ferrumequinum,0.037,0.038,-1,Echolocation,/mnt/ubna_data_02_mir/recover-20221013/UBNA_001/20221012_030000.WAV,Telephone Field,recover-20221013,001,1795
408.0375,408.0798,68437,82727,Rhinolophus ferrumequinum,0.021,0.021,-1,Echolocation,/mnt/ubna_data_02_mir/recover-20221013/UBNA_001/20221012_030000.WAV,Telephone Field,recover-20221013,001,1795
408.0435,408.05219999999997,28906,39326,Eptesicus serotinus,0.01,0.024,-1,Echolocation,/mnt/ubna_data_02_mir/recover-20221013/UBNA_001/20221012_030000.WAV,Telephone Field,recover-20221013,001,1795
408.0685,408.1072,68437,82379,Rhinolophus ferrumequinum,0.021,0.021,-1,Echolocation,/mnt/ubna_data_02_mir/recover-20221013/UBNA_001/20221012_030000.WAV,Telephone Field,recover-20221013,001,1795
408.0955,408.1367,68437,82707,Rhinolophus ferrumequinum,0.022,0.022,-1,Echolocation,/mnt/ubna_data_02_mir/recover-20221013/UBNA_001/20221012_030000.WAV,Telephone Field,recover-20221013,001,1795
408.1115,408.121,27187,36930,Eptesicus serotinus,0.011,0.025,-1,Echolocation,/mnt/ubna_data_02_mir/recover-20221013/UBNA_001/20221012_030000.WAV,Telephone Field,recover-20221013,001,1795
408.1295,408.1716,68437,82172,Rhinolophus ferrumequinum,0.022,0.022,-1,Echolocation,/mnt/ubna_data_02_mir/recover-20221013/UBNA_001/20221012_030000.WAV,Telephone Field,recover-20221013,001,1795
408.1375,408.1516,22890,27222,Nyctalus leisleri,0.021,0.037,-1,Echolocation,/mnt/ubna_data_02_mir/recover-20221013/UBNA_001/20221012_030000.WAV,Telephone Field,recover-20221013,001,1795
408.1975,408.2346,68437,82037,Rhinolophus ferrumequinum,0.023,0.023,-1,Echolocation,/mnt/ubna_data_02_mir/recover-20221013/UBNA_001/20221012_030000.WAV,Telephone Field,recover-20221013,001,1795
408.2175,408.2559,68437,82288,Rhinolophus ferrumequinum,0.026,0.026,-1,Echolocation,/mnt/ubna_data_02_mir/recover-20221013/UBNA_001/20221012_030000.WAV,Telephone Field,recover-20221013,001,1795
408.2265,408.2374,28046,34678,Eptesicus serotinus,0.015,0.029,-1,Echolocation,/mnt/ubna_data_02_mir/recover-20221013/UBNA_001/20221012_030000.WAV,Telephone Field,recover-20221013,001,1795
408.2365,408.2769,68437,82948,Rhinolophus ferrumequinum,0.021,0.021,-1,Echolocation,/mnt/ubna_data_02_mir/recover-20221013/UBNA_001/20221012_030000.WAV,Telephone Field,recover-20221013,001,1795
408.2465,408.2545,27187,38813,Eptesicus serotinus,0.007,0.021,-1,Echolocation,/mnt/ubna_data_02_mir/recover-20221013/UBNA_001/20221012_030000.WAV,Telephone Field,recover-20221013,001,1795
408.2555,408.2642,28046,36794,Eptesicus serotinus,0.008,0.022,-1,Echolocation,/mnt/ubna_data_02_mir/recover-20221013/UBNA_001/20221012_030000.WAV,Telephone Field,recover-20221013,001,1795
408.2575,408.2953,68437,81578,Rhinolophus ferrumequinum,0.022,0.022,-1,Echolocation,/mnt/ubna_data_02_mir/recover-20221013/UBNA_001/20221012_030000.WAV,Telephone Field,recover-20221013,001,1795
408.2785,408.3141,68437,81488,Rhinolophus ferrumequinum,0.022,0.022,-1,Echolocation,/mnt/ubna_data_02_mir/recover-20221013/UBNA_001/20221012_030000.WAV,Telephone Field,recover-20221013,001,1795
408.3255,408.3639,68437,82566,Rhinolophus ferrumequinum,0.024,0.024,-1,Echolocation,/mnt/ubna_data_02_mir/recover-20221013/UBNA_001/20221012_030000.WAV,Telephone Field,recover-20221013,001,1795
408.3655,408.4068,68437,82394,Rhinolophus ferrumequinum,0.024,0.024,-1,Echolocation,/mnt/ubna_data_02_mir/recover-20221013/UBNA_001/20221012_030000.WAV,Telephone Field,recover-20221013,001,1795
408.4025,408.4125,22031,26771,Nyctalus leisleri,0.01,0.024,-1,Echolocation,/mnt/ubna_data_02_mir/recover-20221013/UBNA_001/20221012_030000.WAV,Telephone Field,recover-20221013,001,1795
408.4135,408.4568,68437,83102,Rhinolophus ferrumequinum,0.033,0.033,-1,Echolocation,/mnt/ubna_data_02_mir/recover-20221013/UBNA_001/20221012_030000.WAV,Telephone Field,recover-20221013,001,1795
408.4185,408.4275,28046,36566,Eptesicus serotinus,0.008,0.021,-1,Echolocation,/mnt/ubna_data_02_mir/recover-20221013/UBNA_001/20221012_030000.WAV,Telephone Field,recover-20221013,001,1795
408.4675,408.5072,68437,82393,Rhinolophus ferrumequinum,0.022,0.022,-1,Echolocation,/mnt/ubna_data_02_mir/recover-20221013/UBNA_001/20221012_030000.WAV,Telephone Field,recover-20221013,001,1795
408.4835,408.4929,28046,37773,Eptesicus serotinus,0.008,0.021,-1,Echolocation,/mnt/ubna_data_02_mir/recover-20221013/UBNA_001/20221012_030000.WAV,Telephone Field,recover-20221013,001,1795
408.4845,408.522,68437,80983,Rhinolophus ferrumequinum,0.021,0.021,-1,Echolocation,/mnt/ubna_data_02_mir/recover-20221013/UBNA_001/20221012_030000.WAV,Telephone Field,recover-20221013,001,1795
408.5235,408.5331,23750,29947,Nyctalus leisleri,0.008,0.021,-1,Echolocation,/mnt/ubna_data_02_mir/recover-20221013/UBNA_001/20221012_030000.WAV,Telephone Field,recover-20221013,001,1795
408.5735,408.5844,26328,34463,Eptesicus serotinus,0.019,0.038,-1,Echolocation,/mnt/ubna_data_02_mir/recover-20221013/UBNA_001/20221012_030000.WAV,Telephone Field,recover-20221013,001,1795
408.5755,408.615,68437,82955,Rhinolophus ferrumequinum,0.027,0.027,-1,Echolocation,/mnt/ubna_data_02_mir/recover-20221013/UBNA_001/20221012_030000.WAV,Telephone Field,recover-20221013,001,1795
408.6075,408.6461,68437,82202,Rhinolophus ferrumequinum,0.027,0.027,-1,Echolocation,/mnt/ubna_data_02_mir/recover-20221013/UBNA_001/20221012_030000.WAV,Telephone Field,recover-20221013,001,1795
408.6425,408.6484,27187,41787,Myotis nattereri,0.004,0.023,-1,Echolocation,/mnt/ubna_data_02_mir/recover-20221013/UBNA_001/20221012_030000.WAV,Telephone Field,recover-20221013,001,1795
408.6435,408.6488,32343,47782,Myotis daubentonii,0.009,0.021,-1,Echolocation,/mnt/ubna_data_02_mir/recover-20221013/UBNA_001/20221012_030000.WAV,Telephone Field,recover-20221013,001,1795
408.6445,408.6553,22031,27301,Nyctalus leisleri,0.01,0.024,-1,Echolocation,/mnt/ubna_data_02_mir/recover-20221013/UBNA_001/20221012_030000.WAV,Telephone Field,recover-20221013,001,1795
408.6535,408.6895,68437,81398,Rhinolophus ferrumequinum,0.022,0.022,-1,Echolocation,/mnt/ubna_data_02_mir/recover-20221013/UBNA_001/20221012_030000.WAV,Telephone Field,recover-20221013,001,1795
408.6635,408.7,68437,81533,Rhinolophus ferrumequinum,0.023,0.023,-1,Echolocation,/mnt/ubna_data_02_mir/recover-20221013/UBNA_001/20221012_030000.WAV,Telephone Field,recover-20221013,001,1795
408.7045,408.7455,68437,82831,Rhinolophus ferrumequinum,0.028,0.028,-1,Echolocation,/mnt/ubna_data_02_mir/recover-20221013/UBNA_001/20221012_030000.WAV,Telephone Field,recover-20221013,001,1795
408.7215,408.733,28046,34532,Eptesicus serotinus,0.015,0.027,-1,Echolocation,/mnt/ubna_data_02_mir/recover-20221013/UBNA_001/20221012_030000.WAV,Telephone Field,recover-20221013,001,1795
408.7315,408.7718,68437,82497,Rhinolophus ferrumequinum,0.021,0.021,-1,Echolocation,/mnt/ubna_data_02_mir/recover-20221013/UBNA_001/20221012_030000.WAV,Telephone Field,recover-20221013,001,1795
408.7745,408.815,68437,82180,Rhinolophus ferrumequinum,0.022,0.022,-1,Echolocation,/mnt/ubna_data_02_mir/recover-20221013/UBNA_001/20221012_030000.WAV,Telephone Field,recover-20221013,001,1795
408.7845,408.7931,24609,32071,Nyctalus leisleri,0.007,0.022,-1,Echolocation,/mnt/ubna_data_02_mir/recover-20221013/UBNA_001/20221012_030000.WAV,Telephone Field,recover-20221013,001,1795
408.8165,408.8275,22890,27262,Nyctalus leisleri,0.014,0.026,-1,Echolocation,/mnt/ubna_data_02_mir/recover-20221013/UBNA_001/20221012_030000.WAV,Telephone Field,recover-20221013,001,1795
408.9525,408.9641,44375,46885,Pipistrellus pipistrellus,0.042,0.045,-1,Echolocation,/mnt/ubna_data_02_mir/recover-20221013/UBNA_001/20221012_030000.WAV,Telephone Field,recover-20221013,001,1795
408.9615,409.0003,68437,82488,Rhinolophus ferrumequinum,0.022,0.022,-1,Echolocation,/mnt/ubna_data_02_mir/recover-20221013/UBNA_001/20221012_030000.WAV,Telephone Field,recover-20221013,001,1795
408.9825,409.0166,68437,80786,Rhinolophus ferrumequinum,0.021,0.021,-1,Echolocation,/mnt/ubna_data_02_mir/recover-20221013/UBNA_001/20221012_030000.WAV,Telephone Field,recover-20221013,001,1795
409.0185,409.0541,68437,81197,Rhinolophus ferrumequinum,0.021,0.021,-1,Echolocation,/mnt/ubna_data_02_mir/recover-20221013/UBNA_001/20221012_030000.WAV,Telephone Field,recover-20221013,001,1795
409.04449999999997,409.0515,28046,38415,Eptesicus serotinus,0.007,0.022,-1,Echolocation,/mnt/ubna_data_02_mir/recover-20221013/UBNA_001/20221012_030000.WAV,Telephone Field,recover-20221013,001,1795
409.0735,409.113,68437,82099,Rhinolophus ferrumequinum,0.023,0.023,-1,Echolocation,/mnt/ubna_data_02_mir/recover-20221013/UBNA_001/20221012_030000.WAV,Telephone Field,recover-20221013,001,1795
409.0955,409.1358,68437,81904,Rhinolophus ferrumequinum,0.022,0.023,-1,Echolocation,/mnt/ubna_data_02_mir/recover-20221013/UBNA_001/20221012_030000.WAV,Telephone Field,recover-20221013,001,1795
409.1785,409.1859,23750,32255,Plecotus austriacus,0.01,0.023,-1,Echolocation,/mnt/ubna_data_02_mir/recover-20221013/UBNA_001/20221012_030000.WAV,Telephone Field,recover-20221013,001,1795
409.2135,409.2564,68437,83066,Rhinolophus ferrumequinum,0.027,0.027,-1,Echolocation,/mnt/ubna_data_02_mir/recover-20221013/UBNA_001/20221012_030000.WAV,Telephone Field,recover-20221013,001,1795
409.2235,409.2315,28046,39692,Eptesicus serotinus,0.007,0.021,-1,Echolocation,/mnt/ubna_data_02_mir/recover-20221013/UBNA_001/20221012_030000.WAV,Telephone Field,recover-20221013,001,1795
409.2355,409.2717,68437,80956,Rhinolophus ferrumequinum,0.023,0.023,-1,Echolocation,/mnt/ubna_data_02_mir/recover-20221013/UBNA_001/20221012_030000.WAV,Telephone Field,recover-20221013,001,1795
409.2445,409.2801,68437,80584,Rhinolophus ferrumequinum,0.022,0.022,-1,Echolocation,/mnt/ubna_data_02_mir/recover-20221013/UBNA_001/20221012_030000.WAV,Telephone Field,recover-20221013,001,1795
409.2715,409.3121,68437,82434,Rhinolophus ferrumequinum,0.022,0.022,-1,Echolocation,/mnt/ubna_data_02_mir/recover-20221013/UBNA_001/20221012_030000.WAV,Telephone Field,recover-20221013,001,1795
409.2855,409.2941,28046,39825,Eptesicus serotinus,0.01,0.027,-1,Echolocation,/mnt/ubna_data_02_mir/recover-20221013/UBNA_001/20221012_030000.WAV,Telephone Field,recover-20221013,001,1795
409.4505,409.4879,68437,81320,Rhinolophus ferrumequinum,0.021,0.021,-1,Echolocation,/mnt/ubna_data_02_mir/recover-20221013/UBNA_001/20221012_030000.WAV,Telephone Field,recover-20221013,001,1795
409.45550000000003,409.4624,27187,39025,Eptesicus serotinus,0.005,0.022,-1,Echolocation,/mnt/ubna_data_02_mir/recover-20221013/UBNA_001/20221012_030000.WAV,Telephone Field,recover-20221013,001,1795
409.4705,409.5068,68437,81590,Rhinolophus ferrumequinum,0.021,0.021,-1,Echolocation,/mnt/ubna_data_02_mir/recover-20221013/UBNA_001/20221012_030000.WAV,Telephone Field,recover-20221013,001,1795
409.4865,409.5289,68437,82901,Rhinolophus ferrumequinum,0.034,0.034,-1,Echolocation,/mnt/ubna_data_02_mir/recover-20221013/UBNA_001/20221012_030000.WAV,Telephone Field,recover-20221013,001,1795
409.5055,409.5144,50390,55078,Pipistrellus pipistrellus,0.021,0.024,-1,Echolocation,/mnt/ubna_data_02_mir/recover-20221013/UBNA_001/20221012_030000.WAV,Telephone Field,recover-20221013,001,1795
409.5115,409.519,28046,40373,Eptesicus serotinus,0.007,0.023,-1,Echolocation,/mnt/ubna_data_02_mir/recover-20221013/UBNA_001/20221012_030000.WAV,Telephone Field,recover-20221013,001,1795
409.54449999999997,409.5546,22890,28611,Nyctalus leisleri,0.009,0.021,-1,Echolocation,/mnt/ubna_data_02_mir/recover-20221013/UBNA_001/20221012_030000.WAV,Telephone Field,recover-20221013,001,1795
409.5465,409.5548,28046,38083,Eptesicus serotinus,0.009,0.024,-1,Echolocation,/mnt/ubna_data_02_mir/recover-20221013/UBNA_001/20221012_030000.WAV,Telephone Field,recover-20221013,001,1795
409.5485,409.5901,68437,83013,Rhinolophus ferrumequinum,0.03,0.03,-1,Echolocation,/mnt/ubna_data_02_mir/recover-20221013/UBNA_001/20221012_030000.WAV,Telephone Field,recover-20221013,001,1795
409.5865,409.6314,68437,83423,Rhinolophus ferrumequinum,0.051,0.051,-1,Echolocation,/mnt/ubna_data_02_mir/recover-20221013/UBNA_001/20221012_030000.WAV,Telephone Field,recover-20221013,001,1795
409.5975,409.6041,34921,46334,Myotis daubentonii,0.011,0.028,-1,Echolocation,/mnt/ubna_data_02_mir/recover-20221013/UBNA_001/20221012_030000.WAV,Telephone Field,recover-20221013,001,1795
409.5995,409.6082,28046,41584,Eptesicus serotinus,0.011,0.025,-1,Echolocation,/mnt/ubna_data_02_mir/recover-20221013/UBNA_001/20221012_030000.WAV,Telephone Field,recover-20221013,001,1795
409.6155,409.6389,19453,22161,Nyctalus noctula,0.017,0.033,-1,Echolocation,/mnt/ubna_data_02_mir/recover-20221013/UBNA_001/20221012_030000.WAV,Telephone Field,recover-20221013,001,1795
409.6415,409.6513,28046,38676,Eptesicus serotinus,0.008,0.021,-1,Echolocation,/mnt/ubna_data_02_mir/recover-20221013/UBNA_001/20221012_030000.WAV,Telephone Field,recover-20221013,001,1795
409.6485,409.6871,68437,81868,Rhinolophus ferrumequinum,0.022,0.023,-1,Echolocation,/mnt/ubna_data_02_mir/recover-20221013/UBNA_001/20221012_030000.WAV,Telephone Field,recover-20221013,001,1795
409.6715,409.684,55546,60358,Pipistrellus pygmaeus,0.02,0.022,-1,Echolocation,/mnt/ubna_data_02_mir/recover-20221013/UBNA_001/20221012_030000.WAV,Telephone Field,recover-20221013,001,1795
409.6755,409.683,28046,38359,Eptesicus serotinus,0.006,0.022,-1,Echolocation,/mnt/ubna_data_02_mir/recover-20221013/UBNA_001/20221012_030000.WAV,Telephone Field,recover-20221013,001,1795
409.6895,409.7251,68437,81342,Rhinolophus ferrumequinum,0.023,0.023,-1,Echolocation,/mnt/ubna_data_02_mir/recover-20221013/UBNA_001/20221012_030000.WAV,Telephone Field,recover-20221013,001,1795
409.7005,409.7091,28046,38875,Eptesicus serotinus,0.009,0.022,-1,Echolocation,/mnt/ubna_data_02_mir/recover-20221013/UBNA_001/20221012_030000.WAV,Telephone Field,recover-20221013,001,1795
409.7105,409.7181,46953,50508,Pipistrellus pipistrellus,0.024,0.025,-1,Echolocation,/mnt/ubna_data_02_mir/recover-20221013/UBNA_001/20221012_030000.WAV,Telephone Field,recover-20221013,001,1795
409.7305,409.7393,23750,30918,Plecotus austriacus,0.007,0.021,-1,Echolocation,/mnt/ubna_data_02_mir/recover-20221013/UBNA_001/20221012_030000.WAV,Telephone Field,recover-20221013,001,1795
409.7325,409.7716,68437,82001,Rhinolophus ferrumequinum,0.022,0.022,-1,Echolocation,/mnt/ubna_data_02_mir/recover-20221013/UBNA_001/20221012_030000.WAV,Telephone Field,recover-20221013,001,1795
409.7475,409.7546,27187,36583,Eptesicus serotinus,0.008,0.024,-1,Echolocation,/mnt/ubna_data_02_mir/recover-20221013/UBNA_001/20221012_030000.WAV,Telephone Field,recover-20221013,001,1795
409.7625,409.8051,68437,82640,Rhinolophus ferrumequinum,0.022,0.022,-1,Echolocation,/mnt/ubna_data_02_mir/recover-20221013/UBNA_001/20221012_030000.WAV,Telephone Field,recover-20221013,001,1795
409.7745,409.7829,28046,38959,Eptesicus serotinus,0.009,0.021,-1,Echolocation,/mnt/ubna_data_02_mir/recover-20221013/UBNA_001/20221012_030000.WAV,Telephone Field,recover-20221013,001,1795
409.7775,409.8175,68437,82253,Rhinolophus ferrumequinum,0.021,0.021,-1,Echolocation,/mnt/ubna_data_02_mir/recover-20221013/UBNA_001/20221012_030000.WAV,Telephone Field,recover-20221013,001,1795
409.7915,409.8029,22890,28207,Nyctalus leisleri,0.009,0.022,-1,Echolocation,/mnt/ubna_data_02_mir/recover-20221013/UBNA_001/20221012_030000.WAV,Telephone Field,recover-20221013,001,1795
409.7985,409.8057,27187,39544,Eptesicus serotinus,0.007,0.023,-1,Echolocation,/mnt/ubna_data_02_mir/recover-20221013/UBNA_001/20221012_030000.WAV,Telephone Field,recover-20221013,001,1795
409.8285,409.8675,68437,82068,Rhinolophus ferrumequinum,0.022,0.022,-1,Echolocation,/mnt/ubna_data_02_mir/recover-20221013/UBNA_001/20221012_030000.WAV,Telephone Field,recover-20221013,001,1795
409.8345,409.8436,23750,30795,Nyctalus leisleri,0.006,0.022,-1,Echolocation,/mnt/ubna_data_02_mir/recover-20221013/UBNA_001/20221012_030000.WAV,Telephone Field,recover-20221013,001,1795
409.8395,409.8743,68437,81548,Rhinolophus ferrumequinum,0.021,0.021,-1,Echolocation,/mnt/ubna_data_02_mir/recover-20221013/UBNA_001/20221012_030000.WAV,Telephone Field,recover-20221013,001,1795
409.8525,409.8616,28046,38974,Eptesicus serotinus,0.011,0.026,-1,Echolocation,/mnt/ubna_data_02_mir/recover-20221013/UBNA_001/20221012_030000.WAV,Telephone Field,recover-20221013,001,1795
409.89549999999997,409.903,28046,37307,Eptesicus serotinus,0.013,0.032,-1,Echolocation,/mnt/ubna_data_02_mir/recover-20221013/UBNA_001/20221012_030000.WAV,Telephone Field,recover-20221013,001,1795
409.9045,409.9472,68437,83418,Rhinolophus ferrumequinum,0.036,0.036,-1,Echolocation,/mnt/ubna_data_02_mir/recover-20221013/UBNA_001/20221012_030000.WAV,Telephone Field,recover-20221013,001,1795
409.9105,409.9177,24609,33580,Plecotus austriacus,0.009,0.024,-1,Echolocation,/mnt/ubna_data_02_mir/recover-20221013/UBNA_001/20221012_030000.WAV,Telephone Field,recover-20221013,001,1795
409.9525,409.9977,68437,83145,Rhinolophus ferrumequinum,0.037,0.037,-1,Echolocation,/mnt/ubna_data_02_mir/recover-20221013/UBNA_001/20221012_030000.WAV,Telephone Field,recover-20221013,001,1795
410.0015,410.012,27187,35342,Nyctalus leisleri,0.01,0.031,-1,Echolocation,/mnt/ubna_data_02_mir/recover-20221013/UBNA_001/20221012_030000.WAV,Telephone Field,recover-20221013,001,1795
410.0015,410.035,70156,83261,Rhinolophus ferrumequinum,0.04,0.04,-1,Echolocation,/mnt/ubna_data_02_mir/recover-20221013/UBNA_001/20221012_030000.WAV,Telephone Field,recover-20221013,001,1795
410.0115,410.0521,68437,81888,Rhinolophus ferrumequinum,0.024,0.024,-1,Echolocation,/mnt/ubna_data_02_mir/recover-20221013/UBNA_001/20221012_030000.WAV,Telephone Field,recover-20221013,001,1795
410.0185,410.0594,68437,83307,Rhinolophus ferrumequinum,0.022,0.022,-1,Echolocation,/mnt/ubna_data_02_mir/recover-20221013/UBNA_001/20221012_030000.WAV,Telephone Field,recover-20221013,001,1795
410.0455,410.0587,22031,26052,Nyctalus leisleri,0.014,0.024,-1,Echolocation,/mnt/ubna_data_02_mir/recover-20221013/UBNA_001/20221012_030000.WAV,Telephone Field,recover-20221013,001,1795
410.0485,410.0877,68437,82296,Rhinolophus ferrumequinum,0.022,0.022,-1,Echolocation,/mnt/ubna_data_02_mir/recover-20221013/UBNA_001/20221012_030000.WAV,Telephone Field,recover-20221013,001,1795
410.0585,410.0673,28906,38183,Eptesicus serotinus,0.01,0.027,-1,Echolocation,/mnt/ubna_data_02_mir/recover-20221013/UBNA_001/20221012_030000.WAV,Telephone Field,recover-20221013,001,1795
410.0655,410.1055,68437,81954,Rhinolophus ferrumequinum,0.021,0.021,-1,Echolocation,/mnt/ubna_data_02_mir/recover-20221013/UBNA_001/20221012_030000.WAV,Telephone Field,recover-20221013,001,1795
410.0855,410.1259,68437,82633,Rhinolophus ferrumequinum,0.026,0.026,-1,Echolocation,/mnt/ubna_data_02_mir/recover-20221013/UBNA_001/20221012_030000.WAV,Telephone Field,recover-20221013,001,1795
410.1055,410.11220000000003,26328,36412,Plecotus austriacus,0.007,0.025,-1,Echolocation,/mnt/ubna_data_02_mir/recover-20221013/UBNA_001/20221012_030000.WAV,Telephone Field,recover-20221013,001,1795
410.1295,410.1395,22890,29546,Nyctalus leisleri,0.009,0.028,-1,Echolocation,/mnt/ubna_data_02_mir/recover-20221013/UBNA_001/20221012_030000.WAV,Telephone Field,recover-20221013,001,1795
410.1615,410.1975,68437,80780,Rhinolophus ferrumequinum,0.023,0.023,-1,Echolocation,/mnt/ubna_data_02_mir/recover-20221013/UBNA_001/20221012_030000.WAV,Telephone Field,recover-20221013,001,1795
410.1815,410.1977,22890,26532,Nyctalus leisleri,0.026,0.045,-1,Echolocation,/mnt/ubna_data_02_mir/recover-20221013/UBNA_001/20221012_030000.WAV,Telephone Field,recover-20221013,001,1795
410.1855,410.2287,68437,82516,Rhinolophus ferrumequinum,0.029,0.029,-1,Echolocation,/mnt/ubna_data_02_mir/recover-20221013/UBNA_001/20221012_030000.WAV,Telephone Field,recover-20221013,001,1795
410.2335,410.2502,20312,23032,Nyctalus leisleri,0.016,0.025,-1,Echolocation,/mnt/ubna_data_02_mir/recover-20221013/UBNA_001/20221012_030000.WAV,Telephone Field,recover-20221013,001,1795
410.2545,410.2955,68437,82309,Rhinolophus ferrumequinum,0.022,0.023,-1,Echolocation,/mnt/ubna_data_02_mir/recover-20221013/UBNA_001/20221012_030000.WAV,Telephone Field,recover-20221013,001,1795
410.3055,410.3458,68437,82478,Rhinolophus ferrumequinum,0.023,0.023,-1,Echolocation,/mnt/ubna_data_02_mir/recover-20221013/UBNA_001/20221012_030000.WAV,Telephone Field,recover-20221013,001,1795
410.3435,410.3543,22890,27843,Nyctalus leisleri,0.011,0.023,-1,Echolocation,/mnt/ubna_data_02_mir/recover-20221013/UBNA_001/20221012_030000.WAV,Telephone Field,recover-20221013,001,1795
410.3445,410.3825,68437,82082,Rhinolophus ferrumequinum,0.021,0.021,-1,Echolocation,/mnt/ubna_data_02_mir/recover-20221013/UBNA_001/20221012_030000.WAV,Telephone Field,recover-20221013,001,1795
410.3495,410.3602,22031,25703,Nyctalus leisleri,0.012,0.022,-1,Echolocation,/mnt/ubna_data_02_mir/recover-20221013/UBNA_001/20221012_030000.WAV,Telephone Field,recover-20221013,001,1795
410.3775,410.3889,28906,35669,Eptesicus serotinus,0.011,0.026,-1,Echolocation,/mnt/ubna_data_02_mir/recover-20221013/UBNA_001/20221012_030000.WAV,Telephone Field,recover-20221013,001,1795
410.4295,410.4377,23750,30788,Plecotus austriacus,0.009,0.022,-1,Echolocation,/mnt/ubna_data_02_mir/recover-20221013/UBNA_001/20221012_030000.WAV,Telephone Field,recover-20221013,001,1795
410.4495,410.4893,68437,82441,Rhinolophus ferrumequinum,0.022,0.022,-1,Echolocation,/mnt/ubna_data_02_mir/recover-20221013/UBNA_001/20221012_030000.WAV,Telephone Field,recover-20221013,001,1795
410.4525,410.45889999999997,25468,35293,Plecotus austriacus,0.012,0.031,-1,Echolocation,/mnt/ubna_data_02_mir/recover-20221013/UBNA_001/20221012_030000.WAV,Telephone Field,recover-20221013,001,1795
410.47950000000003,410.5192,68437,82215,Rhinolophus ferrumequinum,0.027,0.027,-1,Echolocation,/mnt/ubna_data_02_mir/recover-20221013/UBNA_001/20221012_030000.WAV,Telephone Field,recover-20221013,001,1795
410.4875,410.5259,68437,82817,Rhinolophus ferrumequinum,0.024,0.024,-1,Echolocation,/mnt/ubna_data_02_mir/recover-20221013/UBNA_001/20221012_030000.WAV,Telephone Field,recover-20221013,001,1795
410.5075,410.519,39218,43109,Pipistrellus nathusii,0.098,0.126,-1,Echolocation,/mnt/ubna_data_02_mir/recover-20221013/UBNA_001/20221012_030000.WAV,Telephone Field,recover-20221013,001,1795
410.5495,410.5597,24609,31064,Nyctalus leisleri,0.009,0.025,-1,Echolocation,/mnt/ubna_data_02_mir/recover-20221013/UBNA_001/20221012_030000.WAV,Telephone Field,recover-20221013,001,1795
410.6075,410.645,68437,81768,Rhinolophus ferrumequinum,0.023,0.023,-1,Echolocation,/mnt/ubna_data_02_mir/recover-20221013/UBNA_001/20221012_030000.WAV,Telephone Field,recover-20221013,001,1795
410.6585,410.6993,68437,82180,Rhinolophus ferrumequinum,0.022,0.022,-1,Echolocation,/mnt/ubna_data_02_mir/recover-20221013/UBNA_001/20221012_030000.WAV,Telephone Field,recover-20221013,001,1795
410.6925,410.703,24609,31612,Nyctalus leisleri,0.013,0.038,-1,Echolocation,/mnt/ubna_data_02_mir/recover-20221013/UBNA_001/20221012_030000.WAV,Telephone Field,recover-20221013,001,1795
410.7125,410.7489,68437,82341,Rhinolophus ferrumequinum,0.021,0.021,-1,Echolocation,/mnt/ubna_data_02_mir/recover-20221013/UBNA_001/20221012_030000.WAV,Telephone Field,recover-20221013,001,1795
410.7435,410.7835,68437,82262,Rhinolophus ferrumequinum,0.023,0.023,-1,Echolocation,/mnt/ubna_data_02_mir/recover-20221013/UBNA_001/20221012_030000.WAV,Telephone Field,recover-20221013,001,1795
410.7675,410.8095,68437,82501,Rhinolophus ferrumequinum,0.024,0.024,-1,Echolocation,/mnt/ubna_data_02_mir/recover-20221013/UBNA_001/20221012_030000.WAV,Telephone Field,recover-20221013,001,1795
410.8205,410.8614,68437,82471,Rhinolophus ferrumequinum,0.024,0.024,-1,Echolocation,/mnt/ubna_data_02_mir/recover-20221013/UBNA_001/20221012_030000.WAV,Telephone Field,recover-20221013,001,1795
410.8245,410.8317,27187,38808,Eptesicus serotinus,0.006,0.021,-1,Echolocation,/mnt/ubna_data_02_mir/recover-20221013/UBNA_001/20221012_030000.WAV,Telephone Field,recover-20221013,001,1795
410.8265,410.836,22890,29183,Nyctalus leisleri,0.008,0.022,-1,Echolocation,/mnt/ubna_data_02_mir/recover-20221013/UBNA_001/20221012_030000.WAV,Telephone Field,recover-20221013,001,1795
410.8705,410.8782,28046,37675,Eptesicus serotinus,0.008,0.022,-1,Echolocation,/mnt/ubna_data_02_mir/recover-20221013/UBNA_001/20221012_030000.WAV,Telephone Field,recover-20221013,001,1795
410.8865,410.9255,68437,82093,Rhinolophus ferrumequinum,0.022,0.023,-1,Echolocation,/mnt/ubna_data_02_mir/recover-20221013/UBNA_001/20221012_030000.WAV,Telephone Field,recover-20221013,001,1795
410.9225,410.9323,28906,40718,Eptesicus serotinus,0.014,0.029,-1,Echolocation,/mnt/ubna_data_02_mir/recover-20221013/UBNA_001/20221012_030000.WAV,Telephone Field,recover-20221013,001,1795
410.9845,411.0263,68437,81941,Rhinolophus ferrumequinum,0.021,0.022,-1,Echolocation,/mnt/ubna_data_02_mir/recover-20221013/UBNA_001/20221012_030000.WAV,Telephone Field,recover-20221013,001,1795
410.9895,411.028,68437,82366,Rhinolophus ferrumequinum,0.022,0.022,-1,Echolocation,/mnt/ubna_data_02_mir/recover-20221013/UBNA_001/20221012_030000.WAV,Telephone Field,recover-20221013,001,1795
411.0175,411.0281,28906,36094,Eptesicus serotinus,0.009,0.022,-1,Echolocation,/mnt/ubna_data_02_mir/recover-20221013/UBNA_001/20221012_030000.WAV,Telephone Field,recover-20221013,001,1795
411.0245,411.06510000000003,68437,82689,Rhinolophus ferrumequinum,0.032,0.032,-1,Echolocation,/mnt/ubna_data_02_mir/recover-20221013/UBNA_001/20221012_030000.WAV,Telephone Field,recover-20221013,001,1795
411.0675,411.1079,68437,82127,Rhinolophus ferrumequinum,0.026,0.026,-1,Echolocation,/mnt/ubna_data_02_mir/recover-20221013/UBNA_001/20221012_030000.WAV,Telephone Field,recover-20221013,001,1795
411.0775,411.0883,25468,32528,Eptesicus serotinus,0.01,0.024,-1,Echolocation,/mnt/ubna_data_02_mir/recover-20221013/UBNA_001/20221012_030000.WAV,Telephone Field,recover-20221013,001,1795
411.0855,411.0949,23750,30269,Nyctalus leisleri,0.008,0.023,-1,Echolocation,/mnt/ubna_data_02_mir/recover-20221013/UBNA_001/20221012_030000.WAV,Telephone Field,recover-20221013,001,1795
411.1355,411.1756,68437,82518,Rhinolophus ferrumequinum,0.023,0.023,-1,Echolocation,/mnt/ubna_data_02_mir/recover-20221013/UBNA_001/20221012_030000.WAV,Telephone Field,recover-20221013,001,1795
411.2155,411.2541,68437,82261,Rhinolophus ferrumequinum,0.022,0.022,-1,Echolocation,/mnt/ubna_data_02_mir/recover-20221013/UBNA_001/20221012_030000.WAV,Telephone Field,recover-20221013,001,1795
411.2405,411.2477,51250,59727,Pipistrellus pipistrellus,0.019,0.023,-1,Echolocation,/mnt/ubna_data_02_mir/recover-20221013/UBNA_001/20221012_030000.WAV,Telephone Field,recover-20221013,001,1795
411.2405,411.2808,68437,81739,Rhinolophus ferrumequinum,0.023,0.023,-1,Echolocation,/mnt/ubna_data_02_mir/recover-20221013/UBNA_001/20221012_030000.WAV,Telephone Field,recover-20221013,001,1795
411.2485,411.2609,22031,26310,Nyctalus leisleri,0.016,0.03,-1,Echolocation,/mnt/ubna_data_02_mir/recover-20221013/UBNA_001/20221012_030000.WAV,Telephone Field,recover-20221013,001,1795
411.2695,411.2812,46953,52156,Pipistrellus pipistrellus,0.058,0.062,-1,Echolocation,/mnt/ubna_data_02_mir/recover-20221013/UBNA_001/20221012_030000.WAV,Telephone Field,recover-20221013,001,1795
411.3445,411.35360000000003,28046,39904,Eptesicus serotinus,0.009,0.022,-1,Echolocation,/mnt/ubna_data_02_mir/recover-20221013/UBNA_001/20221012_030000.WAV,Telephone Field,recover-20221013,001,1795
411.3535,411.3599,28906,39541,Eptesicus serotinus,0.006,0.024,-1,Echolocation,/mnt/ubna_data_02_mir/recover-20221013/UBNA_001/20221012_030000.WAV,Telephone Field,recover-20221013,001,1795
411.3595,411.3969,68437,81286,Rhinolophus ferrumequinum,0.021,0.021,-1,Echolocation,/mnt/ubna_data_02_mir/recover-20221013/UBNA_001/20221012_030000.WAV,Telephone Field,recover-20221013,001,1795
411.3795,411.4192,68437,82669,Rhinolophus ferrumequinum,0.026,0.026,-1,Echolocation,/mnt/ubna_data_02_mir/recover-20221013/UBNA_001/20221012_030000.WAV,Telephone Field,recover-20221013,001,1795
411.4105,411.4523,68437,82792,Rhinolophus ferrumequinum,0.024,0.024,-1,Echolocation,/mnt/ubna_data_02_mir/recover-20221013/UBNA_001/20221012_030000.WAV,Telephone Field,recover-20221013,001,1795
411.4535,411.48969999999997,68437,81373,Rhinolophus ferrumequinum,0.022,0.022,-1,Echolocation,/mnt/ubna_data_02_mir/recover-20221013/UBNA_001/20221012_030000.WAV,Telephone Field,recover-20221013,001,1795
411.4975,411.5079,22890,29049,Nyctalus leisleri,0.009,0.023,-1,Echolocation,/mnt/ubna_data_02_mir/recover-20221013/UBNA_001/20221012_030000.WAV,Telephone Field,recover-20221013,001,1795
411.5625,411.5713,47812,51227,Pipistrellus pipistrellus,0.02,0.022,-1,Echolocation,/mnt/ubna_data_02_mir/recover-20221013/UBNA_001/20221012_030000.WAV,Telephone Field,recover-20221013,001,1795
411.5955,411.6054,30625,39103,Eptesicus serotinus,0.014,0.034,-1,Echolocation,/mnt/ubna_data_02_mir/recover-20221013/UBNA_001/20221012_030000.WAV,Telephone Field,recover-20221013,001,1795
411.6195,411.6302,22890,27918,Nyctalus leisleri,0.01,0.021,-1,Echolocation,/mnt/ubna_data_02_mir/recover-20221013/UBNA_001/20221012_030000.WAV,Telephone Field,recover-20221013,001,1795
411.6215,411.6597,68437,82795,Rhinolophus ferrumequinum,0.027,0.027,-1,Echolocation,/mnt/ubna_data_02_mir/recover-20221013/UBNA_001/20221012_030000.WAV,Telephone Field,recover-20221013,001,1795
411.6635,411.7026,68437,82118,Rhinolophus ferrumequinum,0.023,0.023,-1,Echolocation,/mnt/ubna_data_02_mir/recover-20221013/UBNA_001/20221012_030000.WAV,Telephone Field,recover-20221013,001,1795
411.6675,411.6758,28046,40047,Eptesicus serotinus,0.009,0.026,-1,Echolocation,/mnt/ubna_data_02_mir/recover-20221013/UBNA_001/20221012_030000.WAV,Telephone Field,recover-20221013,001,1795
411.6765,411.7169,68437,82478,Rhinolophus ferrumequinum,0.021,0.021,-1,Echolocation,/mnt/ubna_data_02_mir/recover-20221013/UBNA_001/20221012_030000.WAV,Telephone Field,recover-20221013,001,1795
411.7305,411.7708,68437,82972,Rhinolophus ferrumequinum,0.023,0.023,-1,Echolocation,/mnt/ubna_data_02_mir/recover-20221013/UBNA_001/20221012_030000.WAV,Telephone Field,recover-20221013,001,1795
411.7825,411.8227,68437,82487,Rhinolophus ferrumequinum,0.024,0.024,-1,Echolocation,/mnt/ubna_data_02_mir/recover-20221013/UBNA_001/20221012_030000.WAV,Telephone Field,recover-20221013,001,1795
411.8185,411.8256,27187,48467,Eptesicus serotinus,0.007,0.023,-1,Echolocation,/mnt/ubna_data_02_mir/recover-20221013/UBNA_001/20221012_030000.WAV,Telephone Field,recover-20221013,001,1795
411.8205,411.8277,32343,47297,Myotis daubentonii,0.01,0.028,-1,Echolocation,/mnt/ubna_data_02_mir/recover-20221013/UBNA_001/20221012_030000.WAV,Telephone Field,recover-20221013,001,1795
411.83050000000003,411.8401,50390,55162,Pipistrellus pipistrellus,0.019,0.023,-1,Echolocation,/mnt/ubna_data_02_mir/recover-20221013/UBNA_001/20221012_030000.WAV,Telephone Field,recover-20221013,001,1795
411.8345,411.8443,25468,32181,Nyctalus leisleri,0.007,0.022,-1,Echolocation,/mnt/ubna_data_02_mir/recover-20221013/UBNA_001/20221012_030000.WAV,Telephone Field,recover-20221013,001,1795
411.8585,411.8654,24609,34079,Plecotus austriacus,0.008,0.024,-1,Echolocation,/mnt/ubna_data_02_mir/recover-20221013/UBNA_001/20221012_030000.WAV,Telephone Field,recover-20221013,001,1795
411.8695,411.9095,68437,82590,Rhinolophus ferrumequinum,0.022,0.022,-1,Echolocation,/mnt/ubna_data_02_mir/recover-20221013/UBNA_001/20221012_030000.WAV,Telephone Field,recover-20221013,001,1795
411.8965,411.9351,68437,82159,Rhinolophus ferrumequinum,0.023,0.023,-1,Echolocation,/mnt/ubna_data_02_mir/recover-20221013/UBNA_001/20221012_030000.WAV,Telephone Field,recover-20221013,001,1795
411.9055,411.9138,23750,31405,Plecotus austriacus,0.007,0.021,-1,Echolocation,/mnt/ubna_data_02_mir/recover-20221013/UBNA_001/20221012_030000.WAV,Telephone Field,recover-20221013,001,1795
411.9275,411.9741,68437,83654,Rhinolophus ferrumequinum,0.05,0.05,-1,Echolocation,/mnt/ubna_data_02_mir/recover-20221013/UBNA_001/20221012_030000.WAV,Telephone Field,recover-20221013,001,1795
411.9545,411.9644,22031,27786,Nyctalus leisleri,0.009,0.022,-1,Echolocation,/mnt/ubna_data_02_mir/recover-20221013/UBNA_001/20221012_030000.WAV,Telephone Field,recover-20221013,001,1795
411.9675,411.9774,28906,35591,Eptesicus serotinus,0.008,0.022,-1,Echolocation,/mnt/ubna_data_02_mir/recover-20221013/UBNA_001/20221012_030000.WAV,Telephone Field,recover-20221013,001,1795
412.0015,412.01,30625,43815,Myotis daubentonii,0.008,0.021,-1,Echolocation,/mnt/ubna_data_02_mir/recover-20221013/UBNA_001/20221012_030000.WAV,Telephone Field,recover-20221013,001,1795
412.0015,412.0352,69296,80862,Rhinolophus ferrumequinum,0.04,0.04,-1,Echolocation,/mnt/ubna_data_02_mir/recover-20221013/UBNA_001/20221012_030000.WAV,Telephone Field,recover-20221013,001,1795
412.0015,412.0097,22890,29948,Nyctalus leisleri,0.007,0.026,-1,Echolocation,/mnt/ubna_data_02_mir/recover-20221013/UBNA_001/20221012_030000.WAV,Telephone Field,recover-20221013,001,1795
412.0075,412.0179,22031,26113,Nyctalus leisleri,0.013,0.024,-1,Echolocation,/mnt/ubna_data_02_mir/recover-20221013/UBNA_001/20221012_030000.WAV,Telephone Field,recover-20221013,001,1795
412.0105,412.0201,27187,36085,Eptesicus serotinus,0.01,0.024,-1,Echolocation,/mnt/ubna_data_02_mir/recover-20221013/UBNA_001/20221012_030000.WAV,Telephone Field,recover-20221013,001,1795
412.0105,412.0555,68437,82992,Rhinolophus ferrumequinum,0.034,0.034,-1,Echolocation,/mnt/ubna_data_02_mir/recover-20221013/UBNA_001/20221012_030000.WAV,Telephone Field,recover-20221013,001,1795
412.0415,412.0798,68437,81971,Rhinolophus ferrumequinum,0.024,0.024,-1,Echolocation,/mnt/ubna_data_02_mir/recover-20221013/UBNA_001/20221012_030000.WAV,Telephone Field,recover-20221013,001,1795
412.0695,412.079,28046,38724,Eptesicus serotinus,0.012,0.026,-1,Echolocation,/mnt/ubna_data_02_mir/recover-20221013/UBNA_001/20221012_030000.WAV,Telephone Field,recover-20221013,001,1795
412.0955,412.1328,68437,81598,Rhinolophus ferrumequinum,0.023,0.023,-1,Echolocation,/mnt/ubna_data_02_mir/recover-20221013/UBNA_001/20221012_030000.WAV,Telephone Field,recover-20221013,001,1795
412.1035,412.1398,68437,81735,Rhinolophus ferrumequinum,0.022,0.022,-1,Echolocation,/mnt/ubna_data_02_mir/recover-20221013/UBNA_001/20221012_030000.WAV,Telephone Field,recover-20221013,001,1795
412.1105,412.1509,68437,82610,Rhinolophus ferrumequinum,0.021,0.021,-1,Echolocation,/mnt/ubna_data_02_mir/recover-20221013/UBNA_001/20221012_030000.WAV,Telephone Field,recover-20221013,001,1795
412.1145,412.1257,23750,29988,Nyctalus leisleri,0.01,0.026,-1,Echolocation,/mnt/ubna_data_02_mir/recover-20221013/UBNA_001/20221012_030000.WAV,Telephone Field,recover-20221013,001,1795
412.1515,412.1625,28906,37641,Eptesicus serotinus,0.011,0.025,-1,Echolocation,/mnt/ubna_data_02_mir/recover-20221013/UBNA_001/20221012_030000.WAV,Telephone Field,recover-20221013,001,1795
412.2005,412.2222,17734,20393,Nyctalus noctula,0.014,0.026,-1,Echolocation,/mnt/ubna_data_02_mir/recover-20221013/UBNA_001/20221012_030000.WAV,Telephone Field,recover-20221013,001,1795
412.2345,412.2761,68437,82707,Rhinolophus ferrumequinum,0.029,0.029,-1,Echolocation,/mnt/ubna_data_02_mir/recover-20221013/UBNA_001/20221012_030000.WAV,Telephone Field,recover-20221013,001,1795
412.2375,412.2471,37500,46790,Myotis daubentonii,0.007,0.022,-1,Echolocation,/mnt/ubna_data_02_mir/recover-20221013/UBNA_001/20221012_030000.WAV,Telephone Field,recover-20221013,001,1795
412.2815,412.2924,22031,26658,Nyctalus leisleri,0.012,0.024,-1,Echolocation,/mnt/ubna_data_02_mir/recover-20221013/UBNA_001/20221012_030000.WAV,Telephone Field,recover-20221013,001,1795
412.2925,412.3314,68437,82246,Rhinolophus ferrumequinum,0.023,0.023,-1,Echolocation,/mnt/ubna_data_02_mir/recover-20221013/UBNA_001/20221012_030000.WAV,Telephone Field,recover-20221013,001,1795
412.3205,412.3291,25468,33142,Eptesicus serotinus,0.009,0.022,-1,Echolocation,/mnt/ubna_data_02_mir/recover-20221013/UBNA_001/20221012_030000.WAV,Telephone Field,recover-20221013,001,1795
412.3535,412.3612,27187,37609,Eptesicus serotinus,0.007,0.022,-1,Echolocation,/mnt/ubna_data_02_mir/recover-20221013/UBNA_001/20221012_030000.WAV,Telephone Field,recover-20221013,001,1795
412.3705,412.3764,47812,55040,Pipistrellus pipistrellus,0.023,0.026,-1,Echolocation,/mnt/ubna_data_02_mir/recover-20221013/UBNA_001/20221012_030000.WAV,Telephone Field,recover-20221013,001,1795
412.4135,412.4526,68437,82358,Rhinolophus ferrumequinum,0.021,0.021,-1,Echolocation,/mnt/ubna_data_02_mir/recover-20221013/UBNA_001/20221012_030000.WAV,Telephone Field,recover-20221013,001,1795
412.4535,412.4911,68437,81387,Rhinolophus ferrumequinum,0.022,0.022,-1,Echolocation,/mnt/ubna_data_02_mir/recover-20221013/UBNA_001/20221012_030000.WAV,Telephone Field,recover-20221013,001,1795
412.47950000000003,412.5172,68437,82021,Rhinolophus ferrumequinum,0.023,0.023,-1,Echolocation,/mnt/ubna_data_02_mir/recover-20221013/UBNA_001/20221012_030000.WAV,Telephone Field,recover-20221013,001,1795
412.47950000000003,412.4894,23750,30721,Nyctalus leisleri,0.012,0.034,-1,Echolocation,/mnt/ubna_data_02_mir/recover-20221013/UBNA_001/20221012_030000.WAV,Telephone Field,recover-20221013,001,1795
412.5015,412.5387,68437,81882,Rhinolophus ferrumequinum,0.025,0.025,-1,Echolocation,/mnt/ubna_data_02_mir/recover-20221013/UBNA_001/20221012_030000.WAV,Telephone Field,recover-20221013,001,1795
412.5415,412.5541,50390,54262,Pipistrellus pipistrellus,0.025,0.035,-1,Echolocation,/mnt/ubna_data_02_mir/recover-20221013/UBNA_001/20221012_030000.WAV,Telephone Field,recover-20221013,001,1795
412.60450000000003,412.61220000000003,28046,39977,Eptesicus serotinus,0.007,0.023,-1,Echolocation,/mnt/ubna_data_02_mir/recover-20221013/UBNA_001/20221012_030000.WAV,Telephone Field,recover-20221013,001,1795
412.6165,412.6259,27187,36834,Eptesicus serotinus,0.009,0.021,-1,Echolocation,/mnt/ubna_data_02_mir/recover-20221013/UBNA_001/20221012_030000.WAV,Telephone Field,recover-20221013,001,1795
412.6635,412.6727,27187,36705,Eptesicus serotinus,0.009,0.021,-1,Echolocation,/mnt/ubna_data_02_mir/recover-20221013/UBNA_001/20221012_030000.WAV,Telephone Field,recover-20221013,001,1795
412.6775,412.7173,68437,82184,Rhinolophus ferrumequinum,0.022,0.022,-1,Echolocation,/mnt/ubna_data_02_mir/recover-20221013/UBNA_001/20221012_030000.WAV,Telephone Field,recover-20221013,001,1795
412.6815,412.6912,24609,31619,Nyctalus leisleri,0.009,0.025,-1,Echolocation,/mnt/ubna_data_02_mir/recover-20221013/UBNA_001/20221012_030000.WAV,Telephone Field,recover-20221013,001,1795
412.7015,412.71,28046,37380,Eptesicus serotinus,0.007,0.021,-1,Echolocation,/mnt/ubna_data_02_mir/recover-20221013/UBNA_001/20221012_030000.WAV,Telephone Field,recover-20221013,001,1795
412.7165,412.7571,68437,83345,Rhinolophus ferrumequinum,0.024,0.024,-1,Echolocation,/mnt/ubna_data_02_mir/recover-20221013/UBNA_001/20221012_030000.WAV,Telephone Field,recover-20221013,001,1795
412.7285,412.7382,24609,31306,Eptesicus serotinus,0.008,0.023,-1,Echolocation,/mnt/ubna_data_02_mir/recover-20221013/UBNA_001/20221012_030000.WAV,Telephone Field,recover-20221013,001,1795
412.7455,412.7884,68437,83391,Rhinolophus ferrumequinum,0.037,0.037,-1,Echolocation,/mnt/ubna_data_02_mir/recover-20221013/UBNA_001/20221012_030000.WAV,Telephone Field,recover-20221013,001,1795
412.7525,412.7621,26328,35900,Eptesicus serotinus,0.01,0.021,-1,Echolocation,/mnt/ubna_data_02_mir/recover-20221013/UBNA_001/20221012_030000.WAV,Telephone Field,recover-20221013,001,1795
412.7735,412.7822,28046,37237,Eptesicus serotinus,0.009,0.022,-1,Echolocation,/mnt/ubna_data_02_mir/recover-20221013/UBNA_001/20221012_030000.WAV,Telephone Field,recover-20221013,001,1795
412.8355,412.8435,32343,42477,Myotis daubentonii,0.012,0.035,-1,Echolocation,/mnt/ubna_data_02_mir/recover-20221013/UBNA_001/20221012_030000.WAV,Telephone Field,recover-20221013,001,1795
412.8725,412.88530000000003,22031,26062,Nyctalus leisleri,0.012,0.022,-1,Echolocation,/mnt/ubna_data_02_mir/recover-20221013/UBNA_001/20221012_030000.WAV,Telephone Field,recover-20221013,001,1795
412.9445,412.95550000000003,22031,26886,Nyctalus leisleri,0.01,0.021,-1,Echolocation,/mnt/ubna_data_02_mir/recover-20221013/UBNA_001/20221012_030000.WAV,Telephone Field,recover-20221013,001,1795
412.9515,412.9882,68437,81480,Rhinolophus ferrumequinum,0.021,0.021,-1,Echolocation,/mnt/ubna_data_02_mir/recover-20221013/UBNA_001/20221012_030000.WAV,Telephone Field,recover-20221013,001,1795
412.9845,413.0299,68437,83583,Rhinolophus ferrumequinum,0.046,0.046,-1,Echolocation,/mnt/ubna_data_02_mir/recover-20221013/UBNA_001/20221012_030000.WAV,Telephone Field,recover-20221013,001,1795
413.0015,413.0082,27187,40848,Eptesicus serotinus,0.005,0.021,-1,Echolocation,/mnt/ubna_data_02_mir/recover-20221013/UBNA_001/20221012_030000.WAV,Telephone Field,recover-20221013,001,1795
413.0185,413.0553,68437,81176,Rhinolophus ferrumequinum,0.022,0.022,-1,Echolocation,/mnt/ubna_data_02_mir/recover-20221013/UBNA_001/20221012_030000.WAV,Telephone Field,recover-20221013,001,1795
413.0195,413.0279,22890,30364,Plecotus austriacus,0.009,0.023,-1,Echolocation,/mnt/ubna_data_02_mir/recover-20221013/UBNA_001/20221012_030000.WAV,Telephone Field,recover-20221013,001,1795
413.0515,413.0878,68437,81616,Rhinolophus ferrumequinum,0.023,0.023,-1,Echolocation,/mnt/ubna_data_02_mir/recover-20221013/UBNA_001/20221012_030000.WAV,Telephone Field,recover-20221013,001,1795
413.0795,413.0888,28046,36805,Eptesicus serotinus,0.015,0.031,-1,Echolocation,/mnt/ubna_data_02_mir/recover-20221013/UBNA_001/20221012_030000.WAV,Telephone Field,recover-20221013,001,1795
413.0955,413.1037,25468,34364,Eptesicus serotinus,0.009,0.025,-1,Echolocation,/mnt/ubna_data_02_mir/recover-20221013/UBNA_001/20221012_030000.WAV,Telephone Field,recover-20221013,001,1795
413.1145,413.1529,68437,81881,Rhinolophus ferrumequinum,0.021,0.021,-1,Echolocation,/mnt/ubna_data_02_mir/recover-20221013/UBNA_001/20221012_030000.WAV,Telephone Field,recover-20221013,001,1795
413.1475,413.159,23750,29017,Nyctalus leisleri,0.011,0.024,-1,Echolocation,/mnt/ubna_data_02_mir/recover-20221013/UBNA_001/20221012_030000.WAV,Telephone Field,recover-20221013,001,1795
413.1515,413.1609,28046,35791,Eptesicus serotinus,0.008,0.022,-1,Echolocation,/mnt/ubna_data_02_mir/recover-20221013/UBNA_001/20221012_030000.WAV,Telephone Field,recover-20221013,001,1795
413.1885,413.2247,68437,81487,Rhinolophus ferrumequinum,0.022,0.022,-1,Echolocation,/mnt/ubna_data_02_mir/recover-20221013/UBNA_001/20221012_030000.WAV,Telephone Field,recover-20221013,001,1795
413.2035,413.2431,68437,82232,Rhinolophus ferrumequinum,0.028,0.028,-1,Echolocation,/mnt/ubna_data_02_mir/recover-20221013/UBNA_001/20221012_030000.WAV,Telephone Field,recover-20221013,001,1795
413.2165,413.228,24609,30286,Nyctalus leisleri,0.018,0.046,-1,Echolocation,/mnt/ubna_data_02_mir/recover-20221013/UBNA_001/20221012_030000.WAV,Telephone Field,recover-20221013,001,1795
413.2365,413.2454,28906,38345,Eptesicus serotinus,0.009,0.024,-1,Echolocation,/mnt/ubna_data_02_mir/recover-20221013/UBNA_001/20221012_030000.WAV,Telephone Field,recover-20221013,001,1795
413.2975,413.3086,23750,29821,Nyctalus leisleri,0.01,0.024,-1,Echolocation,/mnt/ubna_data_02_mir/recover-20221013/UBNA_001/20221012_030000.WAV,Telephone Field,recover-20221013,001,1795
413.3525,413.361,28046,38931,Eptesicus serotinus,0.008,0.023,-1,Echolocation,/mnt/ubna_data_02_mir/recover-20221013/UBNA_001/20221012_030000.WAV,Telephone Field,recover-20221013,001,1795
413.3685,413.406,68437,82461,Rhinolophus ferrumequinum,0.022,0.022,-1,Echolocation,/mnt/ubna_data_02_mir/recover-20221013/UBNA_001/20221012_030000.WAV,Telephone Field,recover-20221013,001,1795
413.3785,413.389,23750,30168,Nyctalus leisleri,0.01,0.027,-1,Echolocation,/mnt/ubna_data_02_mir/recover-20221013/UBNA_001/20221012_030000.WAV,Telephone Field,recover-20221013,001,1795
413.4135,413.4519,68437,82034,Rhinolophus ferrumequinum,0.024,0.024,-1,Echolocation,/mnt/ubna_data_02_mir/recover-20221013/UBNA_001/20221012_030000.WAV,Telephone Field,recover-20221013,001,1795
413.4215,413.4622,68437,81906,Rhinolophus ferrumequinum,0.023,0.023,-1,Echolocation,/mnt/ubna_data_02_mir/recover-20221013/UBNA_001/20221012_030000.WAV,Telephone Field,recover-20221013,001,1795
413.4455,413.4825,68437,82577,Rhinolophus ferrumequinum,0.027,0.027,-1,Echolocation,/mnt/ubna_data_02_mir/recover-20221013/UBNA_001/20221012_030000.WAV,Telephone Field,recover-20221013,001,1795
413.47950000000003,413.49,22890,28671,Nyctalus leisleri,0.009,0.022,-1,Echolocation,/mnt/ubna_data_02_mir/recover-20221013/UBNA_001/20221012_030000.WAV,Telephone Field,recover-20221013,001,1795
413.5475,413.5887,68437,82603,Rhinolophus ferrumequinum,0.021,0.021,-1,Echolocation,/mnt/ubna_data_02_mir/recover-20221013/UBNA_001/20221012_030000.WAV,Telephone Field,recover-20221013,001,1795
413.5705,413.6085,68437,82375,Rhinolophus ferrumequinum,0.026,0.026,-1,Echolocation,/mnt/ubna_data_02_mir/recover-20221013/UBNA_001/20221012_030000.WAV,Telephone Field,recover-20221013,001,1795
413.5705,413.5802,23750,32058,Nyctalus leisleri,0.009,0.032,-1,Echolocation,/mnt/ubna_data_02_mir/recover-20221013/UBNA_001/20221012_030000.WAV,Telephone Field,recover-20221013,001,1795
413.5885,413.627,68437,81537,Rhinolophus ferrumequinum,0.021,0.021,-1,Echolocation,/mnt/ubna_data_02_mir/recover-20221013/UBNA_001/20221012_030000.WAV,Telephone Field,recover-20221013,001,1795
413.5995,413.635,68437,81746,Rhinolophus ferrumequinum,0.022,0.022,-1,Echolocation,/mnt/ubna_data_02_mir/recover-20221013/UBNA_001/20221012_030000.WAV,Telephone Field,recover-20221013,001,1795
413.6235,413.6325,28046,37252,Eptesicus serotinus,0.008,0.022,-1,Echolocation,/mnt/ubna_data_02_mir/recover-20221013/UBNA_001/20221012_030000.WAV,Telephone Field,recover-20221013,001,1795
413.6255,413.6348,22031,28799,Plecotus austriacus,0.009,0.023,-1,Echolocation,/mnt/ubna_data_02_mir/recover-20221013/UBNA_001/20221012_030000.WAV,Telephone Field,recover-20221013,001,1795
413.6885,413.6951,31484,44310,Myotis daubentonii,0.01,0.025,-1,Echolocation,/mnt/ubna_data_02_mir/recover-20221013/UBNA_001/20221012_030000.WAV,Telephone Field,recover-20221013,001,1795
413.6995,413.7404,68437,82209,Rhinolophus ferrumequinum,0.021,0.021,-1,Echolocation,/mnt/ubna_data_02_mir/recover-20221013/UBNA_001/20221012_030000.WAV,Telephone Field,recover-20221013,001,1795
413.7525,413.7604,28046,37658,Eptesicus serotinus,0.007,0.022,-1,Echolocation,/mnt/ubna_data_02_mir/recover-20221013/UBNA_001/20221012_030000.WAV,Telephone Field,recover-20221013,001,1795
413.7735,413.8132,68437,82031,Rhinolophus ferrumequinum,0.024,0.024,-1,Echolocation,/mnt/ubna_data_02_mir/recover-20221013/UBNA_001/20221012_030000.WAV,Telephone Field,recover-20221013,001,1795
413.7935,413.8313,68437,81822,Rhinolophus ferrumequinum,0.025,0.025,-1,Echolocation,/mnt/ubna_data_02_mir/recover-20221013/UBNA_001/20221012_030000.WAV,Telephone Field,recover-20221013,001,1795
413.7955,413.8067,28906,36922,Eptesicus serotinus,0.016,0.028,-1,Echolocation,/mnt/ubna_data_02_mir/recover-20221013/UBNA_001/20221012_030000.WAV,Telephone Field,recover-20221013,001,1795
413.8355,413.8749,68437,82453,Rhinolophus ferrumequinum,0.023,0.023,-1,Echolocation,/mnt/ubna_data_02_mir/recover-20221013/UBNA_001/20221012_030000.WAV,Telephone Field,recover-20221013,001,1795
413.8675,413.8758,28046,38200,Eptesicus serotinus,0.011,0.026,-1,Echolocation,/mnt/ubna_data_02_mir/recover-20221013/UBNA_001/20221012_030000.WAV,Telephone Field,recover-20221013,001,1795
413.8745,413.9156,68437,82748,Rhinolophus ferrumequinum,0.023,0.023,-1,Echolocation,/mnt/ubna_data_02_mir/recover-20221013/UBNA_001/20221012_030000.WAV,Telephone Field,recover-20221013,001,1795
413.9115,413.9192,26328,35068,Eptesicus serotinus,0.008,0.023,-1,Echolocation,/mnt/ubna_data_02_mir/recover-20221013/UBNA_001/20221012_030000.WAV,Telephone Field,recover-20221013,001,1795
413.9125,413.95029999999997,68437,82288,Rhinolophus ferrumequinum,0.022,0.022,-1,Echolocation,/mnt/ubna_data_02_mir/recover-20221013/UBNA_001/20221012_030000.WAV,Telephone Field,recover-20221013,001,1795
413.9205,413.9293,48671,53658,Pipistrellus pipistrellus,0.021,0.023,-1,Echolocation,/mnt/ubna_data_02_mir/recover-20221013/UBNA_001/20221012_030000.WAV,Telephone Field,recover-20221013,001,1795
413.9845,413.9941,27187,35720,Eptesicus serotinus,0.01,0.022,-1,Echolocation,/mnt/ubna_data_02_mir/recover-20221013/UBNA_001/20221012_030000.WAV,Telephone Field,recover-20221013,001,1795
414.0015,414.0352,68437,79590,Rhinolophus ferrumequinum,0.04,0.041,-1,Echolocation,/mnt/ubna_data_02_mir/recover-20221013/UBNA_001/20221012_030000.WAV,Telephone Field,recover-20221013,001,1795
414.0015,414.0105,25468,34894,Nyctalus leisleri,0.008,0.024,-1,Echolocation,/mnt/ubna_data_02_mir/recover-20221013/UBNA_001/20221012_030000.WAV,Telephone Field,recover-20221013,001,1795
414.0015,414.0111,47812,53383,Pipistrellus pipistrellus,0.021,0.027,-1,Echolocation,/mnt/ubna_data_02_mir/recover-20221013/UBNA_001/20221012_030000.WAV,Telephone Field,recover-20221013,001,1795
414.0155,414.0237,28046,38034,Eptesicus serotinus,0.007,0.021,-1,Echolocation,/mnt/ubna_data_02_mir/recover-20221013/UBNA_001/20221012_030000.WAV,Telephone Field,recover-20221013,001,1795
414.0425,414.08299999999997,68437,82538,Rhinolophus ferrumequinum,0.024,0.024,-1,Echolocation,/mnt/ubna_data_02_mir/recover-20221013/UBNA_001/20221012_030000.WAV,Telephone Field,recover-20221013,001,1795
414.0485,414.0593,28046,35498,Eptesicus serotinus,0.012,0.027,-1,Echolocation,/mnt/ubna_data_02_mir/recover-20221013/UBNA_001/20221012_030000.WAV,Telephone Field,recover-20221013,001,1795
414.0525,414.0921,68437,82286,Rhinolophus ferrumequinum,0.022,0.022,-1,Echolocation,/mnt/ubna_data_02_mir/recover-20221013/UBNA_001/20221012_030000.WAV,Telephone Field,recover-20221013,001,1795
414.0585,414.0704,22031,27688,Nyctalus leisleri,0.015,0.037,-1,Echolocation,/mnt/ubna_data_02_mir/recover-20221013/UBNA_001/20221012_030000.WAV,Telephone Field,recover-20221013,001,1795
414.0635,414.0992,68437,82018,Rhinolophus ferrumequinum,0.024,0.024,-1,Echolocation,/mnt/ubna_data_02_mir/recover-20221013/UBNA_001/20221012_030000.WAV,Telephone Field,recover-20221013,001,1795
414.0795,414.0879,28046,36894,Eptesicus serotinus,0.006,0.021,-1,Echolocation,/mnt/ubna_data_02_mir/recover-20221013/UBNA_001/20221012_030000.WAV,Telephone Field,recover-20221013,001,1795
414.1035,414.1432,68437,82358,Rhinolophus ferrumequinum,0.023,0.023,-1,Echolocation,/mnt/ubna_data_02_mir/recover-20221013/UBNA_001/20221012_030000.WAV,Telephone Field,recover-20221013,001,1795
414.1095,414.1178,27187,37433,Eptesicus serotinus,0.008,0.021,-1,Echolocation,/mnt/ubna_data_02_mir/recover-20221013/UBNA_001/20221012_030000.WAV,Telephone Field,recover-20221013,001,1795
414.1355,414.1755,68437,82173,Rhinolophus ferrumequinum,0.028,0.028,-1,Echolocation,/mnt/ubna_data_02_mir/recover-20221013/UBNA_001/20221012_030000.WAV,Telephone Field,recover-20221013,001,1795
414.1615,414.2043,68437,83177,Rhinolophus ferrumequinum,0.029,0.029,-1,Echolocation,/mnt/ubna_data_02_mir/recover-20221013/UBNA_001/20221012_030000.WAV,Telephone Field,recover-20221013,001,1795
414.1775,414.1856,27187,36422,Eptesicus serotinus,0.006,0.021,-1,Echolocation,/mnt/ubna_data_02_mir/recover-20221013/UBNA_001/20221012_030000.WAV,Telephone Field,recover-20221013,001,1795
414.2385,414.2467,31484,42035,Myotis daubentonii,0.009,0.026,-1,Echolocation,/mnt/ubna_data_02_mir/recover-20221013/UBNA_001/20221012_030000.WAV,Telephone Field,recover-20221013,001,1795
414.2585,414.2672,27187,35427,Eptesicus serotinus,0.007,0.021,-1,Echolocation,/mnt/ubna_data_02_mir/recover-20221013/UBNA_001/20221012_030000.WAV,Telephone Field,recover-20221013,001,1795
414.2625,414.3011,68437,82526,Rhinolophus ferrumequinum,0.024,0.024,-1,Echolocation,/mnt/ubna_data_02_mir/recover-20221013/UBNA_001/20221012_030000.WAV,Telephone Field,recover-20221013,001,1795
414.3055,414.3154,50390,56439,Pipistrellus pipistrellus,0.023,0.031,-1,Echolocation,/mnt/ubna_data_02_mir/recover-20221013/UBNA_001/20221012_030000.WAV,Telephone Field,recover-20221013,001,1795
414.33050000000003,414.3711,68437,82282,Rhinolophus ferrumequinum,0.032,0.032,-1,Echolocation,/mnt/ubna_data_02_mir/recover-20221013/UBNA_001/20221012_030000.WAV,Telephone Field,recover-20221013,001,1795
414.3805,414.3877,27187,39217,Eptesicus serotinus,0.007,0.023,-1,Echolocation,/mnt/ubna_data_02_mir/recover-20221013/UBNA_001/20221012_030000.WAV,Telephone Field,recover-20221013,001,1795
414.3895,414.3972,27187,38012,Eptesicus serotinus,0.007,0.021,-1,Echolocation,/mnt/ubna_data_02_mir/recover-20221013/UBNA_001/20221012_030000.WAV,Telephone Field,recover-20221013,001,1795
414.41949999999997,414.4265,28046,37761,Eptesicus serotinus,0.006,0.022,-1,Echolocation,/mnt/ubna_data_02_mir/recover-20221013/UBNA_001/20221012_030000.WAV,Telephone Field,recover-20221013,001,1795
414.4265,414.4673,68437,82145,Rhinolophus ferrumequinum,0.026,0.026,-1,Echolocation,/mnt/ubna_data_02_mir/recover-20221013/UBNA_001/20221012_030000.WAV,Telephone Field,recover-20221013,001,1795
414.4375,414.4755,68437,81766,Rhinolophus ferrumequinum,0.023,0.023,-1,Echolocation,/mnt/ubna_data_02_mir/recover-20221013/UBNA_001/20221012_030000.WAV,Telephone Field,recover-20221013,001,1795
414.5375,414.5739,68437,81030,Rhinolophus ferrumequinum,0.021,0.021,-1,Echolocation,/mnt/ubna_data_02_mir/recover-20221013/UBNA_001/20221012_030000.WAV,Telephone Field,recover-20221013,001,1795
414.5625,414.5984,68437,81660,Rhinolophus ferrumequinum,0.022,0.022,-1,Echolocation,/mnt/ubna_data_02_mir/recover-20221013/UBNA_001/20221012_030000.WAV,Telephone Field,recover-20221013,001,1795
414.5975,414.6051,27187,42400,Eptesicus serotinus,0.006,0.025,-1,Echolocation,/mnt/ubna_data_02_mir/recover-20221013/UBNA_001/20221012_030000.WAV,Telephone Field,recover-20221013,001,1795
414.6285,414.6432,22031,25269,Nyctalus leisleri,0.013,0.021,-1,Echolocation,/mnt/ubna_data_02_mir/recover-20221013/UBNA_001/20221012_030000.WAV,Telephone Field,recover-20221013,001,1795
414.6465,414.6574,23750,28719,Nyctalus leisleri,0.01,0.021,-1,Echolocation,/mnt/ubna_data_02_mir/recover-20221013/UBNA_001/20221012_030000.WAV,Telephone Field,recover-20221013,001,1795
414.6475,414.6892,68437,82814,Rhinolophus ferrumequinum,0.025,0.025,-1,Echolocation,/mnt/ubna_data_02_mir/recover-20221013/UBNA_001/20221012_030000.WAV,Telephone Field,recover-20221013,001,1795
414.6615,414.6702,26328,35171,Eptesicus serotinus,0.008,0.022,-1,Echolocation,/mnt/ubna_data_02_mir/recover-20221013/UBNA_001/20221012_030000.WAV,Telephone Field,recover-20221013,001,1795
414.6885,414.7269,68437,81315,Rhinolophus ferrumequinum,0.023,0.023,-1,Echolocation,/mnt/ubna_data_02_mir/recover-20221013/UBNA_001/20221012_030000.WAV,Telephone Field,recover-20221013,001,1795
414.7045,414.7113,28046,40793,Eptesicus serotinus,0.006,0.021,-1,Echolocation,/mnt/ubna_data_02_mir/recover-20221013/UBNA_001/20221012_030000.WAV,Telephone Field,recover-20221013,001,1795
414.7195,414.7569,68437,81313,Rhinolophus ferrumequinum,0.027,0.028,-1,Echolocation,/mnt/ubna_data_02_mir/recover-20221013/UBNA_001/20221012_030000.WAV,Telephone Field,recover-20221013,001,1795
414.7205,414.7267,27187,39188,Eptesicus serotinus,0.005,0.021,-1,Echolocation,/mnt/ubna_data_02_mir/recover-20221013/UBNA_001/20221012_030000.WAV,Telephone Field,recover-20221013,001,1795
414.7265,414.764,68437,82004,Rhinolophus ferrumequinum,0.021,0.021,-1,Echolocation,/mnt/ubna_data_02_mir/recover-20221013/UBNA_001/20221012_030000.WAV,Telephone Field,recover-20221013,001,1795
414.7365,414.7433,27187,36311,Eptesicus serotinus,0.006,0.022,-1,Echolocation,/mnt/ubna_data_02_mir/recover-20221013/UBNA_001/20221012_030000.WAV,Telephone Field,recover-20221013,001,1795
414.7505,414.7694,21171,24416,Nyctalus leisleri,0.027,0.05,-1,Echolocation,/mnt/ubna_data_02_mir/recover-20221013/UBNA_001/20221012_030000.WAV,Telephone Field,recover-20221013,001,1795
414.8015,414.8383,68437,81684,Rhinolophus ferrumequinum,0.022,0.022,-1,Echolocation,/mnt/ubna_data_02_mir/recover-20221013/UBNA_001/20221012_030000.WAV,Telephone Field,recover-20221013,001,1795
414.8065,414.8155,23750,30440,Nyctalus leisleri,0.007,0.021,-1,Echolocation,/mnt/ubna_data_02_mir/recover-20221013/UBNA_001/20221012_030000.WAV,Telephone Field,recover-20221013,001,1795
414.83050000000003,414.8387,27187,36613,Eptesicus serotinus,0.008,0.021,-1,Echolocation,/mnt/ubna_data_02_mir/recover-20221013/UBNA_001/20221012_030000.WAV,Telephone Field,recover-20221013,001,1795
414.8935,414.9313,68437,82590,Rhinolophus ferrumequinum,0.021,0.021,-1,Echolocation,/mnt/ubna_data_02_mir/recover-20221013/UBNA_001/20221012_030000.WAV,Telephone Field,recover-20221013,001,1795
414.9045,414.913,28046,36439,Eptesicus serotinus,0.008,0.023,-1,Echolocation,/mnt/ubna_data_02_mir/recover-20221013/UBNA_001/20221012_030000.WAV,Telephone Field,recover-20221013,001,1795
414.9045,414.9137,23750,30720,Nyctalus leisleri,0.007,0.022,-1,Echolocation,/mnt/ubna_data_02_mir/recover-20221013/UBNA_001/20221012_030000.WAV,Telephone Field,recover-20221013,001,1795
414.9345,414.9728,68437,81578,Rhinolophus ferrumequinum,0.024,0.025,-1,Echolocation,/mnt/ubna_data_02_mir/recover-20221013/UBNA_001/20221012_030000.WAV,Telephone Field,recover-20221013,001,1795
414.9385,414.9467,26328,37291,Eptesicus serotinus,0.006,0.022,-1,Echolocation,/mnt/ubna_data_02_mir/recover-20221013/UBNA_001/20221012_030000.WAV,Telephone Field,recover-20221013,001,1795
415.0055,415.0278,18593,21314,Nyctalus noctula,0.013,0.024,-1,Echolocation,/mnt/ubna_data_02_mir/recover-20221013/UBNA_001/20221012_030000.WAV,Telephone Field,recover-20221013,001,1795
415.0055,415.0444,68437,81868,Rhinolophus ferrumequinum,0.026,0.026,-1,Echolocation,/mnt/ubna_data_02_mir/recover-20221013/UBNA_001/20221012_030000.WAV,Telephone Field,recover-20221013,001,1795
415.0165,415.0238,24609,33172,Plecotus austriacus,0.007,0.023,-1,Echolocation,/mnt/ubna_data_02_mir/recover-20221013/UBNA_001/20221012_030000.WAV,Telephone Field,recover-20221013,001,1795
415.0695,415.1064,68437,81477,Rhinolophus ferrumequinum,0.021,0.021,-1,Echolocation,/mnt/ubna_data_02_mir/recover-20221013/UBNA_001/20221012_030000.WAV,Telephone Field,recover-20221013,001,1795
415.0785,415.0862,50390,56862,Pipistrellus pipistrellus,0.019,0.023,-1,Echolocation,/mnt/ubna_data_02_mir/recover-20221013/UBNA_001/20221012_030000.WAV,Telephone Field,recover-20221013,001,1795
415.0795,415.0868,28046,38003,Eptesicus serotinus,0.006,0.022,-1,Echolocation,/mnt/ubna_data_02_mir/recover-20221013/UBNA_001/20221012_030000.WAV,Telephone Field,recover-20221013,001,1795
415.1115,415.1513,68437,82015,Rhinolophus ferrumequinum,0.023,0.023,-1,Echolocation,/mnt/ubna_data_02_mir/recover-20221013/UBNA_001/20221012_030000.WAV,Telephone Field,recover-20221013,001,1795
415.1645,415.203,68437,82641,Rhinolophus ferrumequinum,0.022,0.022,-1,Echolocation,/mnt/ubna_data_02_mir/recover-20221013/UBNA_001/20221012_030000.WAV,Telephone Field,recover-20221013,001,1795
415.1675,415.1754,28046,39331,Eptesicus serotinus,0.007,0.022,-1,Echolocation,/mnt/ubna_data_02_mir/recover-20221013/UBNA_001/20221012_030000.WAV,Telephone Field,recover-20221013,001,1795
415.1685,415.1768,22890,30425,Plecotus austriacus,0.009,0.022,-1,Echolocation,/mnt/ubna_data_02_mir/recover-20221013/UBNA_001/20221012_030000.WAV,Telephone Field,recover-20221013,001,1795
415.1855,415.2256,68437,82014,Rhinolophus ferrumequinum,0.023,0.023,-1,Echolocation,/mnt/ubna_data_02_mir/recover-20221013/UBNA_001/20221012_030000.WAV,Telephone Field,recover-20221013,001,1795
415.2075,415.2162,28906,38367,Eptesicus serotinus,0.009,0.026,-1,Echolocation,/mnt/ubna_data_02_mir/recover-20221013/UBNA_001/20221012_030000.WAV,Telephone Field,recover-20221013,001,1795
415.2215,415.2577,68437,82271,Rhinolophus ferrumequinum,0.024,0.024,-1,Echolocation,/mnt/ubna_data_02_mir/recover-20221013/UBNA_001/20221012_030000.WAV,Telephone Field,recover-20221013,001,1795
415.2425,415.251,22890,30440,Plecotus austriacus,0.009,0.022,-1,Echolocation,/mnt/ubna_data_02_mir/recover-20221013/UBNA_001/20221012_030000.WAV,Telephone Field,recover-20221013,001,1795
415.2435,415.2505,27187,37726,Eptesicus serotinus,0.006,0.021,-1,Echolocation,/mnt/ubna_data_02_mir/recover-20221013/UBNA_001/20221012_030000.WAV,Telephone Field,recover-20221013,001,1795
415.2535,415.2635,28046,37829,Eptesicus serotinus,0.009,0.022,-1,Echolocation,/mnt/ubna_data_02_mir/recover-20221013/UBNA_001/20221012_030000.WAV,Telephone Field,recover-20221013,001,1795
415.2695,415.3089,68437,82208,Rhinolophus ferrumequinum,0.025,0.025,-1,Echolocation,/mnt/ubna_data_02_mir/recover-20221013/UBNA_001/20221012_030000.WAV,Telephone Field,recover-20221013,001,1795
415.2715,415.279,28046,40011,Eptesicus serotinus,0.006,0.021,-1,Echolocation,/mnt/ubna_data_02_mir/recover-20221013/UBNA_001/20221012_030000.WAV,Telephone Field,recover-20221013,001,1795
415.3345,415.3449,23750,28725,Nyctalus leisleri,0.011,0.023,-1,Echolocation,/mnt/ubna_data_02_mir/recover-20221013/UBNA_001/20221012_030000.WAV,Telephone Field,recover-20221013,001,1795
415.3425,415.378,68437,82116,Rhinolophus ferrumequinum,0.021,0.021,-1,Echolocation,/mnt/ubna_data_02_mir/recover-20221013/UBNA_001/20221012_030000.WAV,Telephone Field,recover-20221013,001,1795
415.3685,415.407,68437,81756,Rhinolophus ferrumequinum,0.021,0.021,-1,Echolocation,/mnt/ubna_data_02_mir/recover-20221013/UBNA_001/20221012_030000.WAV,Telephone Field,recover-20221013,001,1795
415.3695,415.3802,24609,31412,Nyctalus leisleri,0.009,0.024,-1,Echolocation,/mnt/ubna_data_02_mir/recover-20221013/UBNA_001/20221012_030000.WAV,Telephone Field,recover-20221013,001,1795
415.3915,415.4305,68437,82163,Rhinolophus ferrumequinum,0.022,0.022,-1,Echolocation,/mnt/ubna_data_02_mir/recover-20221013/UBNA_001/20221012_030000.WAV,Telephone Field,recover-20221013,001,1795
415.4455,415.4525,55546,59962,Pipistrellus pygmaeus,0.026,0.027,-1,Echolocation,/mnt/ubna_data_02_mir/recover-20221013/UBNA_001/20221012_030000.WAV,Telephone Field,recover-20221013,001,1795
415.4565,415.5004,68437,83244,Rhinolophus ferrumequinum,0.037,0.037,-1,Echolocation,/mnt/ubna_data_02_mir/recover-20221013/UBNA_001/20221012_030000.WAV,Telephone Field,recover-20221013,001,1795
415.4655,415.505,68437,82656,Rhinolophus ferrumequinum,0.021,0.021,-1,Echolocation,/mnt/ubna_data_02_mir/recover-20221013/UBNA_001/20221012_030000.WAV,Telephone Field,recover-20221013,001,1795
415.4675,415.4734,28046,39683,Myotis daubentonii,0.004,0.022,-1,Echolocation,/mnt/ubna_data_02_mir/recover-20221013/UBNA_001/20221012_030000.WAV,Telephone Field,recover-20221013,001,1795
415.4865,415.5036,21171,24614,Nyctalus leisleri,0.019,0.033,-1,Echolocation,/mnt/ubna_data_02_mir/recover-20221013/UBNA_001/20221012_030000.WAV,Telephone Field,recover-20221013,001,1795
415.4875,415.5261,68437,82509,Rhinolophus ferrumequinum,0.026,0.026,-1,Echolocation,/mnt/ubna_data_02_mir/recover-20221013/UBNA_001/20221012_030000.WAV,Telephone Field,recover-20221013,001,1795
415.5345,415.5718,68437,81404,Rhinolophus ferrumequinum,0.021,0.021,-1,Echolocation,/mnt/ubna_data_02_mir/recover-20221013/UBNA_001/20221012_030000.WAV,Telephone Field,recover-20221013,001,1795
415.5515,415.561,26328,34712,Eptesicus serotinus,0.01,0.022,-1,Echolocation,/mnt/ubna_data_02_mir/recover-20221013/UBNA_001/20221012_030000.WAV,Telephone Field,recover-20221013,001,1795
415.5575,415.5665,28046,37417,Eptesicus serotinus,0.008,0.022,-1,Echolocation,/mnt/ubna_data_02_mir/recover-20221013/UBNA_001/20221012_030000.WAV,Telephone Field,recover-20221013,001,1795
415.6135,415.6506,68437,81912,Rhinolophus ferrumequinum,0.021,0.021,-1,Echolocation,/mnt/ubna_data_02_mir/recover-20221013/UBNA_001/20221012_030000.WAV,Telephone Field,recover-20221013,001,1795
415.6285,415.6669,68437,81994,Rhinolophus ferrumequinum,0.024,0.024,-1,Echolocation,/mnt/ubna_data_02_mir/recover-20221013/UBNA_001/20221012_030000.WAV,Telephone Field,recover-20221013,001,1795
415.6495,415.6568,28906,41488,Eptesicus serotinus,0.008,0.031,-1,Echolocation,/mnt/ubna_data_02_mir/recover-20221013/UBNA_001/20221012_030000.WAV,Telephone Field,recover-20221013,001,1795
415.66949999999997,415.7088,68437,82264,Rhinolophus ferrumequinum,0.03,0.03,-1,Echolocation,/mnt/ubna_data_02_mir/recover-20221013/UBNA_001/20221012_030000.WAV,Telephone Field,recover-20221013,001,1795
415.6735,415.6826,28046,38616,Eptesicus serotinus,0.007,0.021,-1,Echolocation,/mnt/ubna_data_02_mir/recover-20221013/UBNA_001/20221012_030000.WAV,Telephone Field,recover-20221013,001,1795
415.70550000000003,415.7438,68437,82409,Rhinolophus ferrumequinum,0.027,0.027,-1,Echolocation,/mnt/ubna_data_02_mir/recover-20221013/UBNA_001/20221012_030000.WAV,Telephone Field,recover-20221013,001,1795
415.7145,415.7555,68437,82954,Rhinolophus ferrumequinum,0.022,0.022,-1,Echolocation,/mnt/ubna_data_02_mir/recover-20221013/UBNA_001/20221012_030000.WAV,Telephone Field,recover-20221013,001,1795
415.7545,415.7623,25468,34697,Plecotus austriacus,0.007,0.025,-1,Echolocation,/mnt/ubna_data_02_mir/recover-20221013/UBNA_001/20221012_030000.WAV,Telephone Field,recover-20221013,001,1795
415.7615,415.7985,68437,81795,Rhinolophus ferrumequinum,0.021,0.021,-1,Echolocation,/mnt/ubna_data_02_mir/recover-20221013/UBNA_001/20221012_030000.WAV,Telephone Field,recover-20221013,001,1795
415.7745,415.7835,28046,37702,Eptesicus serotinus,0.008,0.022,-1,Echolocation,/mnt/ubna_data_02_mir/recover-20221013/UBNA_001/20221012_030000.WAV,Telephone Field,recover-20221013,001,1795
415.8045,415.8128,27187,38761,Eptesicus serotinus,0.007,0.021,-1,Echolocation,/mnt/ubna_data_02_mir/recover-20221013/UBNA_001/20221012_030000.WAV,Telephone Field,recover-20221013,001,1795
415.8195,415.8591,68437,82257,Rhinolophus ferrumequinum,0.022,0.022,-1,Echolocation,/mnt/ubna_data_02_mir/recover-20221013/UBNA_001/20221012_030000.WAV,Telephone Field,recover-20221013,001,1795
415.8365,415.873,68437,81449,Rhinolophus ferrumequinum,0.022,0.022,-1,Echolocation,/mnt/ubna_data_02_mir/recover-20221013/UBNA_001/20221012_030000.WAV,Telephone Field,recover-20221013,001,1795
415.8675,415.909,68437,82716,Rhinolophus ferrumequinum,0.023,0.023,-1,Echolocation,/mnt/ubna_data_02_mir/recover-20221013/UBNA_001/20221012_030000.WAV,Telephone Field,recover-20221013,001,1795
415.9015,415.9413,68437,82685,Rhinolophus ferrumequinum,0.032,0.032,-1,Echolocation,/mnt/ubna_data_02_mir/recover-20221013/UBNA_001/20221012_030000.WAV,Telephone Field,recover-20221013,001,1795
415.9845,415.9929,26328,36348,Eptesicus serotinus,0.01,0.026,-1,Echolocation,/mnt/ubna_data_02_mir/recover-20221013/UBNA_001/20221012_030000.WAV,Telephone Field,recover-20221013,001,1795
416.0015,416.0102,46093,53817,Pipistrellus pipistrellus,0.02,0.029,-1,Echolocation,/mnt/ubna_data_02_mir/recover-20221013/UBNA_001/20221012_030000.WAV,Telephone Field,recover-20221013,001,1795
416.0015,416.0101,24609,34859,Nyctalus leisleri,0.008,0.027,-1,Echolocation,/mnt/ubna_data_02_mir/recover-20221013/UBNA_001/20221012_030000.WAV,Telephone Field,recover-20221013,001,1795
416.0015,416.009,29765,48124,Myotis daubentonii,0.009,0.023,-1,Echolocation,/mnt/ubna_data_02_mir/recover-20221013/UBNA_001/20221012_030000.WAV,Telephone Field,recover-20221013,001,1795
416.0015,416.0305,68437,79694,Rhinolophus ferrumequinum,0.034,0.034,-1,Echolocation,/mnt/ubna_data_02_mir/recover-20221013/UBNA_001/20221012_030000.WAV,Telephone Field,recover-20221013,001,1795
416.0095,416.0529,68437,81891,Rhinolophus ferrumequinum,0.041,0.041,-1,Echolocation,/mnt/ubna_data_02_mir/recover-20221013/UBNA_001/20221012_030000.WAV,Telephone Field,recover-20221013,001,1795
416.0695,416.0806,28906,35581,Eptesicus serotinus,0.01,0.024,-1,Echolocation,/mnt/ubna_data_02_mir/recover-20221013/UBNA_001/20221012_030000.WAV,Telephone Field,recover-20221013,001,1795
416.0725,416.1149,68437,83402,Rhinolophus ferrumequinum,0.035,0.035,-1,Echolocation,/mnt/ubna_data_02_mir/recover-20221013/UBNA_001/20221012_030000.WAV,Telephone Field,recover-20221013,001,1795
416.0915,416.1034,23750,29118,Nyctalus leisleri,0.014,0.027,-1,Echolocation,/mnt/ubna_data_02_mir/recover-20221013/UBNA_001/20221012_030000.WAV,Telephone Field,recover-20221013,001,1795
416.1115,416.1497,68437,82345,Rhinolophus ferrumequinum,0.022,0.022,-1,Echolocation,/mnt/ubna_data_02_mir/recover-20221013/UBNA_001/20221012_030000.WAV,Telephone Field,recover-20221013,001,1795
416.1305,416.1677,68437,82152,Rhinolophus ferrumequinum,0.023,0.023,-1,Echolocation,/mnt/ubna_data_02_mir/recover-20221013/UBNA_001/20221012_030000.WAV,Telephone Field,recover-20221013,001,1795
416.1655,416.1758,28046,36176,Eptesicus serotinus,0.014,0.03,-1,Echolocation,/mnt/ubna_data_02_mir/recover-20221013/UBNA_001/20221012_030000.WAV,Telephone Field,recover-20221013,001,1795
416.2075,416.2511,68437,83320,Rhinolophus ferrumequinum,0.036,0.037,-1,Echolocation,/mnt/ubna_data_02_mir/recover-20221013/UBNA_001/20221012_030000.WAV,Telephone Field,recover-20221013,001,1795
416.2255,416.2343,22890,29559,Plecotus austriacus,0.01,0.025,-1,Echolocation,/mnt/ubna_data_02_mir/recover-20221013/UBNA_001/20221012_030000.WAV,Telephone Field,recover-20221013,001,1795
416.2525,416.2896,68437,82083,Rhinolophus ferrumequinum,0.024,0.024,-1,Echolocation,/mnt/ubna_data_02_mir/recover-20221013/UBNA_001/20221012_030000.WAV,Telephone Field,recover-20221013,001,1795
416.2875,416.2985,22890,27781,Nyctalus leisleri,0.012,0.023,-1,Echolocation,/mnt/ubna_data_02_mir/recover-20221013/UBNA_001/20221012_030000.WAV,Telephone Field,recover-20221013,001,1795
416.3775,416.4183,68437,82191,Rhinolophus ferrumequinum,0.027,0.027,-1,Echolocation,/mnt/ubna_data_02_mir/recover-20221013/UBNA_001/20221012_030000.WAV,Telephone Field,recover-20221013,001,1795
416.45550000000003,416.493,68437,81931,Rhinolophus ferrumequinum,0.024,0.024,-1,Echolocation,/mnt/ubna_data_02_mir/recover-20221013/UBNA_001/20221012_030000.WAV,Telephone Field,recover-20221013,001,1795
416.4845,416.4958,23750,29280,Nyctalus leisleri,0.013,0.027,-1,Echolocation,/mnt/ubna_data_02_mir/recover-20221013/UBNA_001/20221012_030000.WAV,Telephone Field,recover-20221013,001,1795
416.5035,416.5132,28906,37227,Eptesicus serotinus,0.013,0.031,-1,Echolocation,/mnt/ubna_data_02_mir/recover-20221013/UBNA_001/20221012_030000.WAV,Telephone Field,recover-20221013,001,1795
416.52049999999997,416.5569,68437,81509,Rhinolophus ferrumequinum,0.022,0.022,-1,Echolocation,/mnt/ubna_data_02_mir/recover-20221013/UBNA_001/20221012_030000.WAV,Telephone Field,recover-20221013,001,1795
416.5375,416.5476,44375,49582,Pipistrellus pipistrellus,0.02,0.022,-1,Echolocation,/mnt/ubna_data_02_mir/recover-20221013/UBNA_001/20221012_030000.WAV,Telephone Field,recover-20221013,001,1795
416.5375,416.5803,68437,82848,Rhinolophus ferrumequinum,0.029,0.029,-1,Echolocation,/mnt/ubna_data_02_mir/recover-20221013/UBNA_001/20221012_030000.WAV,Telephone Field,recover-20221013,001,1795
416.5485,416.5604,22031,26077,Nyctalus leisleri,0.012,0.022,-1,Echolocation,/mnt/ubna_data_02_mir/recover-20221013/UBNA_001/20221012_030000.WAV,Telephone Field,recover-20221013,001,1795
416.5495,416.5926,68437,83183,Rhinolophus ferrumequinum,0.034,0.034,-1,Echolocation,/mnt/ubna_data_02_mir/recover-20221013/UBNA_001/20221012_030000.WAV,Telephone Field,recover-20221013,001,1795
416.6135,416.6544,68437,82505,Rhinolophus ferrumequinum,0.025,0.025,-1,Echolocation,/mnt/ubna_data_02_mir/recover-20221013/UBNA_001/20221012_030000.WAV,Telephone Field,recover-20221013,001,1795
416.6705,416.6767,24609,38026,Plecotus austriacus,0.007,0.025,-1,Echolocation,/mnt/ubna_data_02_mir/recover-20221013/UBNA_001/20221012_030000.WAV,Telephone Field,recover-20221013,001,1795
416.6905,416.7364,68437,84265,Rhinolophus ferrumequinum,0.044,0.044,-1,Echolocation,/mnt/ubna_data_02_mir/recover-20221013/UBNA_001/20221012_030000.WAV,Telephone Field,recover-20221013,001,1795
416.7225,416.76279999999997,68437,82706,Rhinolophus ferrumequinum,0.025,0.025,-1,Echolocation,/mnt/ubna_data_02_mir/recover-20221013/UBNA_001/20221012_030000.WAV,Telephone Field,recover-20221013,001,1795
416.8245,416.8653,68437,82706,Rhinolophus ferrumequinum,0.024,0.024,-1,Echolocation,/mnt/ubna_data_02_mir/recover-20221013/UBNA_001/20221012_030000.WAV,Telephone Field,recover-20221013,001,1795
416.8355,416.8428,23750,34142,Plecotus austriacus,0.011,0.027,-1,Echolocation,/mnt/ubna_data_02_mir/recover-20221013/UBNA_001/20221012_030000.WAV,Telephone Field,recover-20221013,001,1795
416.8425,416.8821,68437,82223,Rhinolophus ferrumequinum,0.024,0.024,-1,Echolocation,/mnt/ubna_data_02_mir/recover-20221013/UBNA_001/20221012_030000.WAV,Telephone Field,recover-20221013,001,1795
416.8795,416.8898,22031,27417,Nyctalus leisleri,0.009,0.022,-1,Echolocation,/mnt/ubna_data_02_mir/recover-20221013/UBNA_001/20221012_030000.WAV,Telephone Field,recover-20221013,001,1795
416.9205,416.95889999999997,68437,81719,Rhinolophus ferrumequinum,0.025,0.025,-1,Echolocation,/mnt/ubna_data_02_mir/recover-20221013/UBNA_001/20221012_030000.WAV,Telephone Field,recover-20221013,001,1795
416.9895,416.9986,28046,40075,Eptesicus serotinus,0.01,0.026,-1,Echolocation,/mnt/ubna_data_02_mir/recover-20221013/UBNA_001/20221012_030000.WAV,Telephone Field,recover-20221013,001,1795
417.0015,417.0424,68437,82803,Rhinolophus ferrumequinum,0.027,0.027,-1,Echolocation,/mnt/ubna_data_02_mir/recover-20221013/UBNA_001/20221012_030000.WAV,Telephone Field,recover-20221013,001,1795
417.0085,417.0178,22890,29752,Plecotus austriacus,0.01,0.027,-1,Echolocation,/mnt/ubna_data_02_mir/recover-20221013/UBNA_001/20221012_030000.WAV,Telephone Field,recover-20221013,001,1795
417.0115,417.0183,28046,39773,Eptesicus serotinus,0.008,0.028,-1,Echolocation,/mnt/ubna_data_02_mir/recover-20221013/UBNA_001/20221012_030000.WAV,Telephone Field,recover-20221013,001,1795
417.0215,417.0609,68437,83017,Rhinolophus ferrumequinum,0.026,0.026,-1,Echolocation,/mnt/ubna_data_02_mir/recover-20221013/UBNA_001/20221012_030000.WAV,Telephone Field,recover-20221013,001,1795
417.0365,417.0704,68437,80769,Rhinolophus ferrumequinum,0.024,0.024,-1,Echolocation,/mnt/ubna_data_02_mir/recover-20221013/UBNA_001/20221012_030000.WAV,Telephone Field,recover-20221013,001,1795
417.0385,417.0465,27187,42838,Eptesicus serotinus,0.008,0.024,-1,Echolocation,/mnt/ubna_data_02_mir/recover-20221013/UBNA_001/20221012_030000.WAV,Telephone Field,recover-20221013,001,1795
417.0545,417.0643,43515,48639,Pipistrellus pipistrellus,0.024,0.028,-1,Echolocation,/mnt/ubna_data_02_mir/recover-20221013/UBNA_001/20221012_030000.WAV,Telephone Field,recover-20221013,001,1795
417.0675,417.1119,68437,83853,Rhinolophus ferrumequinum,0.06,0.06,-1,Echolocation,/mnt/ubna_data_02_mir/recover-20221013/UBNA_001/20221012_030000.WAV,Telephone Field,recover-20221013,001,1795
417.0965,417.1319,68437,81277,Rhinolophus ferrumequinum,0.023,0.023,-1,Echolocation,/mnt/ubna_data_02_mir/recover-20221013/UBNA_001/20221012_030000.WAV,Telephone Field,recover-20221013,001,1795
417.10450000000003,417.1138,28046,36942,Eptesicus serotinus,0.008,0.022,-1,Echolocation,/mnt/ubna_data_02_mir/recover-20221013/UBNA_001/20221012_030000.WAV,Telephone Field,recover-20221013,001,1795
417.1245,417.135,28906,37259,Eptesicus serotinus,0.01,0.026,-1,Echolocation,/mnt/ubna_data_02_mir/recover-20221013/UBNA_001/20221012_030000.WAV,Telephone Field,recover-20221013,001,1795
417.1275,417.1701,68437,83259,Rhinolophus ferrumequinum,0.028,0.028,-1,Echolocation,/mnt/ubna_data_02_mir/recover-20221013/UBNA_001/20221012_030000.WAV,Telephone Field,recover-20221013,001,1795
417.1765,417.2181,68437,82810,Rhinolophus ferrumequinum,0.025,0.025,-1,Echolocation,/mnt/ubna_data_02_mir/recover-20221013/UBNA_001/20221012_030000.WAV,Telephone Field,recover-20221013,001,1795
417.2255,417.2375,51250,56305,Pipistrellus pipistrellus,0.035,0.042,-1,Echolocation,/mnt/ubna_data_02_mir/recover-20221013/UBNA_001/20221012_030000.WAV,Telephone Field,recover-20221013,001,1795
417.2285,417.2346,23750,37615,Plecotus austriacus,0.023,0.048,-1,Echolocation,/mnt/ubna_data_02_mir/recover-20221013/UBNA_001/20221012_030000.WAV,Telephone Field,recover-20221013,001,1795
417.3025,417.3406,68437,81613,Rhinolophus ferrumequinum,0.03,0.03,-1,Echolocation,/mnt/ubna_data_02_mir/recover-20221013/UBNA_001/20221012_030000.WAV,Telephone Field,recover-20221013,001,1795
417.3365,417.3784,68437,82793,Rhinolophus ferrumequinum,0.027,0.027,-1,Echolocation,/mnt/ubna_data_02_mir/recover-20221013/UBNA_001/20221012_030000.WAV,Telephone Field,recover-20221013,001,1795
417.3675,417.3749,27187,36490,Eptesicus serotinus,0.007,0.023,-1,Echolocation,/mnt/ubna_data_02_mir/recover-20221013/UBNA_001/20221012_030000.WAV,Telephone Field,recover-20221013,001,1795
417.3765,417.3849,22890,30234,Plecotus austriacus,0.009,0.023,-1,Echolocation,/mnt/ubna_data_02_mir/recover-20221013/UBNA_001/20221012_030000.WAV,Telephone Field,recover-20221013,001,1795
417.3795,417.422,68437,82765,Rhinolophus ferrumequinum,0.048,0.048,-1,Echolocation,/mnt/ubna_data_02_mir/recover-20221013/UBNA_001/20221012_030000.WAV,Telephone Field,recover-20221013,001,1795
417.4405,417.481,68437,82596,Rhinolophus ferrumequinum,0.023,0.023,-1,Echolocation,/mnt/ubna_data_02_mir/recover-20221013/UBNA_001/20221012_030000.WAV,Telephone Field,recover-20221013,001,1795
417.4615,417.4706,42656,48416,Pipistrellus pipistrellus,0.018,0.026,-1,Echolocation,/mnt/ubna_data_02_mir/recover-20221013/UBNA_001/20221012_030000.WAV,Telephone Field,recover-20221013,001,1795
417.47950000000003,417.5174,68437,81838,Rhinolophus ferrumequinum,0.023,0.023,-1,Echolocation,/mnt/ubna_data_02_mir/recover-20221013/UBNA_001/20221012_030000.WAV,Telephone Field,recover-20221013,001,1795
417.4955,417.504,27187,38157,Eptesicus serotinus,0.009,0.025,-1,Echolocation,/mnt/ubna_data_02_mir/recover-20221013/UBNA_001/20221012_030000.WAV,Telephone Field,recover-20221013,001,1795
417.5195,417.53,25468,33358,Eptesicus serotinus,0.009,0.026,-1,Echolocation,/mnt/ubna_data_02_mir/recover-20221013/UBNA_001/20221012_030000.WAV,Telephone Field,recover-20221013,001,1795
417.5435,417.5558,23750,28145,Nyctalus leisleri,0.015,0.028,-1,Echolocation,/mnt/ubna_data_02_mir/recover-20221013/UBNA_001/20221012_030000.WAV,Telephone Field,recover-20221013,001,1795
417.5465,417.5542,42656,51437,Myotis daubentonii,0.006,0.025,-1,Echolocation,/mnt/ubna_data_02_mir/recover-20221013/UBNA_001/20221012_030000.WAV,Telephone Field,recover-20221013,001,1795
417.5495,417.5917,68437,83079,Rhinolophus ferrumequinum,0.043,0.043,-1,Echolocation,/mnt/ubna_data_02_mir/recover-20221013/UBNA_001/20221012_030000.WAV,Telephone Field,recover-20221013,001,1795
417.5775,417.5872,25468,34072,Nyctalus leisleri,0.008,0.027,-1,Echolocation,/mnt/ubna_data_02_mir/recover-20221013/UBNA_001/20221012_030000.WAV,Telephone Field,recover-20221013,001,1795
417.6345,417.6416,28906,38129,Eptesicus serotinus,0.007,0.028,-1,Echolocation,/mnt/ubna_data_02_mir/recover-20221013/UBNA_001/20221012_030000.WAV,Telephone Field,recover-20221013,001,1795
417.64549999999997,417.6848,68437,82571,Rhinolophus ferrumequinum,0.026,0.026,-1,Echolocation,/mnt/ubna_data_02_mir/recover-20221013/UBNA_001/20221012_030000.WAV,Telephone Field,recover-20221013,001,1795
417.6465,417.6539,45234,50359,Pipistrellus pipistrellus,0.023,0.025,-1,Echolocation,/mnt/ubna_data_02_mir/recover-20221013/UBNA_001/20221012_030000.WAV,Telephone Field,recover-20221013,001,1795
417.6665,417.707,68437,81959,Rhinolophus ferrumequinum,0.024,0.024,-1,Echolocation,/mnt/ubna_data_02_mir/recover-20221013/UBNA_001/20221012_030000.WAV,Telephone Field,recover-20221013,001,1795
417.6715,417.6784,46093,55022,Pipistrellus pipistrellus,0.014,0.023,-1,Echolocation,/mnt/ubna_data_02_mir/recover-20221013/UBNA_001/20221012_030000.WAV,Telephone Field,recover-20221013,001,1795
417.6785,417.6857,26328,39268,Eptesicus serotinus,0.006,0.023,-1,Echolocation,/mnt/ubna_data_02_mir/recover-20221013/UBNA_001/20221012_030000.WAV,Telephone Field,recover-20221013,001,1795
417.7075,417.7481,68437,82519,Rhinolophus ferrumequinum,0.023,0.023,-1,Echolocation,/mnt/ubna_data_02_mir/recover-20221013/UBNA_001/20221012_030000.WAV,Telephone Field,recover-20221013,001,1795
417.7155,417.7519,68437,81422,Rhinolophus ferrumequinum,0.022,0.023,-1,Echolocation,/mnt/ubna_data_02_mir/recover-20221013/UBNA_001/20221012_030000.WAV,Telephone Field,recover-20221013,001,1795
417.7405,417.7492,28046,36774,Eptesicus serotinus,0.007,0.023,-1,Echolocation,/mnt/ubna_data_02_mir/recover-20221013/UBNA_001/20221012_030000.WAV,Telephone Field,recover-20221013,001,1795
417.7725,417.78340000000003,25468,31180,Nyctalus leisleri,0.01,0.023,-1,Echolocation,/mnt/ubna_data_02_mir/recover-20221013/UBNA_001/20221012_030000.WAV,Telephone Field,recover-20221013,001,1795
417.7875,417.8239,68437,81573,Rhinolophus ferrumequinum,0.023,0.023,-1,Echolocation,/mnt/ubna_data_02_mir/recover-20221013/UBNA_001/20221012_030000.WAV,Telephone Field,recover-20221013,001,1795
417.7915,417.7991,30625,40741,Myotis daubentonii,0.008,0.023,-1,Echolocation,/mnt/ubna_data_02_mir/recover-20221013/UBNA_001/20221012_030000.WAV,Telephone Field,recover-20221013,001,1795
417.7985,417.8059,28046,36946,Eptesicus serotinus,0.005,0.023,-1,Echolocation,/mnt/ubna_data_02_mir/recover-20221013/UBNA_001/20221012_030000.WAV,Telephone Field,recover-20221013,001,1795
417.8005,417.8374,68437,81896,Rhinolophus ferrumequinum,0.025,0.025,-1,Echolocation,/mnt/ubna_data_02_mir/recover-20221013/UBNA_001/20221012_030000.WAV,Telephone Field,recover-20221013,001,1795
417.83050000000003,417.8673,68437,81652,Rhinolophus ferrumequinum,0.025,0.025,-1,Echolocation,/mnt/ubna_data_02_mir/recover-20221013/UBNA_001/20221012_030000.WAV,Telephone Field,recover-20221013,001,1795
417.8485,417.8558,28046,38579,Eptesicus serotinus,0.006,0.023,-1,Echolocation,/mnt/ubna_data_02_mir/recover-20221013/UBNA_001/20221012_030000.WAV,Telephone Field,recover-20221013,001,1795
417.8775,417.8879,28906,37609,Eptesicus serotinus,0.012,0.031,-1,Echolocation,/mnt/ubna_data_02_mir/recover-20221013/UBNA_001/20221012_030000.WAV,Telephone Field,recover-20221013,001,1795
417.8785,417.9187,68437,82265,Rhinolophus ferrumequinum,0.03,0.03,-1,Echolocation,/mnt/ubna_data_02_mir/recover-20221013/UBNA_001/20221012_030000.WAV,Telephone Field,recover-20221013,001,1795
418.0015,418.0144,54687,59822,Pipistrellus pygmaeus,0.026,0.031,-1,Echolocation,/mnt/ubna_data_02_mir/recover-20221013/UBNA_001/20221012_030000.WAV,Telephone Field,recover-20221013,001,1795
418.0015,418.0132,23750,30644,Nyctalus leisleri,0.023,0.041,-1,Echolocation,/mnt/ubna_data_02_mir/recover-20221013/UBNA_001/20221012_030000.WAV,Telephone Field,recover-20221013,001,1795
418.0015,418.03679999999997,69296,81738,Rhinolophus ferrumequinum,0.033,0.033,-1,Echolocation,/mnt/ubna_data_02_mir/recover-20221013/UBNA_001/20221012_030000.WAV,Telephone Field,recover-20221013,001,1795
418.0395,418.0512,22890,27483,Nyctalus leisleri,0.014,0.026,-1,Echolocation,/mnt/ubna_data_02_mir/recover-20221013/UBNA_001/20221012_030000.WAV,Telephone Field,recover-20221013,001,1795
418.0595,418.099,68437,82480,Rhinolophus ferrumequinum,0.027,0.027,-1,Echolocation,/mnt/ubna_data_02_mir/recover-20221013/UBNA_001/20221012_030000.WAV,Telephone Field,recover-20221013,001,1795
418.0755,418.1153,68437,82776,Rhinolophus ferrumequinum,0.024,0.024,-1,Echolocation,/mnt/ubna_data_02_mir/recover-20221013/UBNA_001/20221012_030000.WAV,Telephone Field,recover-20221013,001,1795
418.0985,418.1405,68437,82810,Rhinolophus ferrumequinum,0.03,0.03,-1,Echolocation,/mnt/ubna_data_02_mir/recover-20221013/UBNA_001/20221012_030000.WAV,Telephone Field,recover-20221013,001,1795
418.1005,418.1087,28046,42618,Eptesicus serotinus,0.01,0.026,-1,Echolocation,/mnt/ubna_data_02_mir/recover-20221013/UBNA_001/20221012_030000.WAV,Telephone Field,recover-20221013,001,1795
418.1405,418.1794,68437,81674,Rhinolophus ferrumequinum,0.022,0.022,-1,Echolocation,/mnt/ubna_data_02_mir/recover-20221013/UBNA_001/20221012_030000.WAV,Telephone Field,recover-20221013,001,1795
418.1645,418.2009,68437,81180,Rhinolophus ferrumequinum,0.023,0.023,-1,Echolocation,/mnt/ubna_data_02_mir/recover-20221013/UBNA_001/20221012_030000.WAV,Telephone Field,recover-20221013,001,1795
418.1915,418.199,26328,34546,Eptesicus serotinus,0.008,0.021,-1,Echolocation,/mnt/ubna_data_02_mir/recover-20221013/UBNA_001/20221012_030000.WAV,Telephone Field,recover-20221013,001,1795
418.2015,418.2456,68437,83011,Rhinolophus ferrumequinum,0.023,0.023,-1,Echolocation,/mnt/ubna_data_02_mir/recover-20221013/UBNA_001/20221012_030000.WAV,Telephone Field,recover-20221013,001,1795
418.2205,418.2539,68437,79139,Rhinolophus ferrumequinum,0.047,0.047,-1,Echolocation,/mnt/ubna_data_02_mir/recover-20221013/UBNA_001/20221012_030000.WAV,Telephone Field,recover-20221013,001,1795
418.2255,418.2325,23750,39869,Myotis nattereri,0.01,0.029,-1,Echolocation,/mnt/ubna_data_02_mir/recover-20221013/UBNA_001/20221012_030000.WAV,Telephone Field,recover-20221013,001,1795
418.2475,418.2626,22031,25948,Nyctalus leisleri,0.033,0.055,-1,Echolocation,/mnt/ubna_data_02_mir/recover-20221013/UBNA_001/20221012_030000.WAV,Telephone Field,recover-20221013,001,1795
418.2545,418.2987,68437,83480,Rhinolophus ferrumequinum,0.029,0.029,-1,Echolocation,/mnt/ubna_data_02_mir/recover-20221013/UBNA_001/20221012_030000.WAV,Telephone Field,recover-20221013,001,1795
418.3035,418.3422,68437,81543,Rhinolophus ferrumequinum,0.022,0.022,-1,Echolocation,/mnt/ubna_data_02_mir/recover-20221013/UBNA_001/20221012_030000.WAV,Telephone Field,recover-20221013,001,1795
418.3315,418.3723,68437,82543,Rhinolophus ferrumequinum,0.023,0.023,-1,Echolocation,/mnt/ubna_data_02_mir/recover-20221013/UBNA_001/20221012_030000.WAV,Telephone Field,recover-20221013,001,1795
418.35450000000003,418.3977,68437,83269,Rhinolophus ferrumequinum,0.035,0.035,-1,Echolocation,/mnt/ubna_data_02_mir/recover-20221013/UBNA_001/20221012_030000.WAV,Telephone Field,recover-20221013,001,1795
418.3705,418.3784,27187,39018,Eptesicus serotinus,0.007,0.021,-1,Echolocation,/mnt/ubna_data_02_mir/recover-20221013/UBNA_001/20221012_030000.WAV,Telephone Field,recover-20221013,001,1795
418.3775,418.4205,68437,83079,Rhinolophus ferrumequinum,0.033,0.033,-1,Echolocation,/mnt/ubna_data_02_mir/recover-20221013/UBNA_001/20221012_030000.WAV,Telephone Field,recover-20221013,001,1795
418.4095,418.4204,25468,32354,Eptesicus serotinus,0.01,0.024,-1,Echolocation,/mnt/ubna_data_02_mir/recover-20221013/UBNA_001/20221012_030000.WAV,Telephone Field,recover-20221013,001,1795
418.4385,418.47860000000003,68437,82393,Rhinolophus ferrumequinum,0.026,0.026,-1,Echolocation,/mnt/ubna_data_02_mir/recover-20221013/UBNA_001/20221012_030000.WAV,Telephone Field,recover-20221013,001,1795
418.4565,418.4963,68437,82516,Rhinolophus ferrumequinum,0.024,0.024,-1,Echolocation,/mnt/ubna_data_02_mir/recover-20221013/UBNA_001/20221012_030000.WAV,Telephone Field,recover-20221013,001,1795
418.4675,418.5061,68437,82540,Rhinolophus ferrumequinum,0.024,0.024,-1,Echolocation,/mnt/ubna_data_02_mir/recover-20221013/UBNA_001/20221012_030000.WAV,Telephone Field,recover-20221013,001,1795
418.4935,418.52819999999997,68437,80495,Rhinolophus ferrumequinum,0.023,0.023,-1,Echolocation,/mnt/ubna_data_02_mir/recover-20221013/UBNA_001/20221012_030000.WAV,Telephone Field,recover-20221013,001,1795
418.5115,418.5514,68437,82595,Rhinolophus ferrumequinum,0.022,0.022,-1,Echolocation,/mnt/ubna_data_02_mir/recover-20221013/UBNA_001/20221012_030000.WAV,Telephone Field,recover-20221013,001,1795
418.5125,418.5209,22890,30459,Plecotus austriacus,0.011,0.025,-1,Echolocation,/mnt/ubna_data_02_mir/recover-20221013/UBNA_001/20221012_030000.WAV,Telephone Field,recover-20221013,001,1795
418.5245,418.5674,68437,82970,Rhinolophus ferrumequinum,0.023,0.023,-1,Echolocation,/mnt/ubna_data_02_mir/recover-20221013/UBNA_001/20221012_030000.WAV,Telephone Field,recover-20221013,001,1795
418.5255,418.5358,23750,30643,Nyctalus leisleri,0.008,0.022,-1,Echolocation,/mnt/ubna_data_02_mir/recover-20221013/UBNA_001/20221012_030000.WAV,Telephone Field,recover-20221013,001,1795
418.5315,418.5399,28046,39386,Eptesicus serotinus,0.008,0.021,-1,Echolocation,/mnt/ubna_data_02_mir/recover-20221013/UBNA_001/20221012_030000.WAV,Telephone Field,recover-20221013,001,1795
418.5815,418.6209,68437,82551,Rhinolophus ferrumequinum,0.027,0.027,-1,Echolocation,/mnt/ubna_data_02_mir/recover-20221013/UBNA_001/20221012_030000.WAV,Telephone Field,recover-20221013,001,1795
418.5945,418.6341,68437,83032,Rhinolophus ferrumequinum,0.024,0.024,-1,Echolocation,/mnt/ubna_data_02_mir/recover-20221013/UBNA_001/20221012_030000.WAV,Telephone Field,recover-20221013,001,1795
418.6245,418.6652,68437,82525,Rhinolophus ferrumequinum,0.031,0.031,-1,Echolocation,/mnt/ubna_data_02_mir/recover-20221013/UBNA_001/20221012_030000.WAV,Telephone Field,recover-20221013,001,1795
418.6745,418.6897,47812,51547,Pipistrellus pipistrellus,0.026,0.034,-1,Echolocation,/mnt/ubna_data_02_mir/recover-20221013/UBNA_001/20221012_030000.WAV,Telephone Field,recover-20221013,001,1795
418.6795,418.6921,22890,27429,Nyctalus leisleri,0.013,0.024,-1,Echolocation,/mnt/ubna_data_02_mir/recover-20221013/UBNA_001/20221012_030000.WAV,Telephone Field,recover-20221013,001,1795
418.7075,418.7459,68437,82306,Rhinolophus ferrumequinum,0.024,0.024,-1,Echolocation,/mnt/ubna_data_02_mir/recover-20221013/UBNA_001/20221012_030000.WAV,Telephone Field,recover-20221013,001,1795
418.7205,418.7591,68437,82281,Rhinolophus ferrumequinum,0.022,0.022,-1,Echolocation,/mnt/ubna_data_02_mir/recover-20221013/UBNA_001/20221012_030000.WAV,Telephone Field,recover-20221013,001,1795
418.7275,418.7668,68437,82530,Rhinolophus ferrumequinum,0.022,0.022,-1,Echolocation,/mnt/ubna_data_02_mir/recover-20221013/UBNA_001/20221012_030000.WAV,Telephone Field,recover-20221013,001,1795
418.7725,418.785,44375,47657,Pipistrellus pipistrellus,0.049,0.053,-1,Echolocation,/mnt/ubna_data_02_mir/recover-20221013/UBNA_001/20221012_030000.WAV,Telephone Field,recover-20221013,001,1795
418.7985,418.8403,68437,82903,Rhinolophus ferrumequinum,0.037,0.037,-1,Echolocation,/mnt/ubna_data_02_mir/recover-20221013/UBNA_001/20221012_030000.WAV,Telephone Field,recover-20221013,001,1795
418.8175,418.8578,68437,82705,Rhinolophus ferrumequinum,0.024,0.024,-1,Echolocation,/mnt/ubna_data_02_mir/recover-20221013/UBNA_001/20221012_030000.WAV,Telephone Field,recover-20221013,001,1795
418.8285,418.8367,28046,38144,Eptesicus serotinus,0.009,0.026,-1,Echolocation,/mnt/ubna_data_02_mir/recover-20221013/UBNA_001/20221012_030000.WAV,Telephone Field,recover-20221013,001,1795
418.8655,418.9048,68437,82735,Rhinolophus ferrumequinum,0.022,0.022,-1,Echolocation,/mnt/ubna_data_02_mir/recover-20221013/UBNA_001/20221012_030000.WAV,Telephone Field,recover-20221013,001,1795
418.8715,418.9101,68437,82280,Rhinolophus ferrumequinum,0.022,0.022,-1,Echolocation,/mnt/ubna_data_02_mir/recover-20221013/UBNA_001/20221012_030000.WAV,Telephone Field,recover-20221013,001,1795
418.8925,418.9307,68437,82048,Rhinolophus ferrumequinum,0.022,0.022,-1,Echolocation,/mnt/ubna_data_02_mir/recover-20221013/UBNA_001/20221012_030000.WAV,Telephone Field,recover-20221013,001,1795
418.9025,418.94,68437,81588,Rhinolophus ferrumequinum,0.023,0.023,-1,Echolocation,/mnt/ubna_data_02_mir/recover-20221013/UBNA_001/20221012_030000.WAV,Telephone Field,recover-20221013,001,1795
418.9465,418.9908,68437,83872,Rhinolophus ferrumequinum,0.043,0.043,-1,Echolocation,/mnt/ubna_data_02_mir/recover-20221013/UBNA_001/20221012_030000.WAV,Telephone Field,recover-20221013,001,1795
419.0035,419.0137,22890,28787,Nyctalus leisleri,0.008,0.022,-1,Echolocation,/mnt/ubna_data_02_mir/recover-20221013/UBNA_001/20221012_030000.WAV,Telephone Field,recover-20221013,001,1795
419.0485,419.0895,68437,82625,Rhinolophus ferrumequinum,0.024,0.024,-1,Echolocation,/mnt/ubna_data_02_mir/recover-20221013/UBNA_001/20221012_030000.WAV,Telephone Field,recover-20221013,001,1795
419.0635,419.1072,68437,83028,Rhinolophus ferrumequinum,0.051,0.051,-1,Echolocation,/mnt/ubna_data_02_mir/recover-20221013/UBNA_001/20221012_030000.WAV,Telephone Field,recover-20221013,001,1795
419.0865,419.1252,68437,81724,Rhinolophus ferrumequinum,0.024,0.024,-1,Echolocation,/mnt/ubna_data_02_mir/recover-20221013/UBNA_001/20221012_030000.WAV,Telephone Field,recover-20221013,001,1795
419.1475,419.1879,68437,82877,Rhinolophus ferrumequinum,0.025,0.025,-1,Echolocation,/mnt/ubna_data_02_mir/recover-20221013/UBNA_001/20221012_030000.WAV,Telephone Field,recover-20221013,001,1795
419.1595,419.2001,68437,83027,Rhinolophus ferrumequinum,0.023,0.023,-1,Echolocation,/mnt/ubna_data_02_mir/recover-20221013/UBNA_001/20221012_030000.WAV,Telephone Field,recover-20221013,001,1795
419.2085,419.2185,23750,30009,Nyctalus leisleri,0.009,0.022,-1,Echolocation,/mnt/ubna_data_02_mir/recover-20221013/UBNA_001/20221012_030000.WAV,Telephone Field,recover-20221013,001,1795
419.2265,419.2333,44375,50133,Pipistrellus pipistrellus,0.02,0.022,-1,Echolocation,/mnt/ubna_data_02_mir/recover-20221013/UBNA_001/20221012_030000.WAV,Telephone Field,recover-20221013,001,1795
419.2275,419.2694,68437,82801,Rhinolophus ferrumequinum,0.024,0.024,-1,Echolocation,/mnt/ubna_data_02_mir/recover-20221013/UBNA_001/20221012_030000.WAV,Telephone Field,recover-20221013,001,1795
419.22950000000003,419.2369,27187,38793,Eptesicus serotinus,0.006,0.022,-1,Echolocation,/mnt/ubna_data_02_mir/recover-20221013/UBNA_001/20221012_030000.WAV,Telephone Field,recover-20221013,001,1795
419.2375,419.2806,68437,83053,Rhinolophus ferrumequinum,0.023,0.023,-1,Echolocation,/mnt/ubna_data_02_mir/recover-20221013/UBNA_001/20221012_030000.WAV,Telephone Field,recover-20221013,001,1795
419.2475,419.2905,68437,83208,Rhinolophus ferrumequinum,0.027,0.027,-1,Echolocation,/mnt/ubna_data_02_mir/recover-20221013/UBNA_001/20221012_030000.WAV,Telephone Field,recover-20221013,001,1795
419.2915,419.3333,68437,83291,Rhinolophus ferrumequinum,0.031,0.031,-1,Echolocation,/mnt/ubna_data_02_mir/recover-20221013/UBNA_001/20221012_030000.WAV,Telephone Field,recover-20221013,001,1795
419.3055,419.3451,68437,82921,Rhinolophus ferrumequinum,0.022,0.022,-1,Echolocation,/mnt/ubna_data_02_mir/recover-20221013/UBNA_001/20221012_030000.WAV,Telephone Field,recover-20221013,001,1795
419.3115,419.3224,26328,33004,Eptesicus serotinus,0.013,0.026,-1,Echolocation,/mnt/ubna_data_02_mir/recover-20221013/UBNA_001/20221012_030000.WAV,Telephone Field,recover-20221013,001,1795
419.3465,419.3538,26328,39533,Eptesicus serotinus,0.007,0.023,-1,Echolocation,/mnt/ubna_data_02_mir/recover-20221013/UBNA_001/20221012_030000.WAV,Telephone Field,recover-20221013,001,1795
419.3945,419.405,23750,29420,Nyctalus leisleri,0.013,0.027,-1,Echolocation,/mnt/ubna_data_02_mir/recover-20221013/UBNA_001/20221012_030000.WAV,Telephone Field,recover-20221013,001,1795
419.3965,419.4387,68437,83002,Rhinolophus ferrumequinum,0.028,0.028,-1,Echolocation,/mnt/ubna_data_02_mir/recover-20221013/UBNA_001/20221012_030000.WAV,Telephone Field,recover-20221013,001,1795
419.4295,419.4715,68437,83070,Rhinolophus ferrumequinum,0.032,0.032,-1,Echolocation,/mnt/ubna_data_02_mir/recover-20221013/UBNA_001/20221012_030000.WAV,Telephone Field,recover-20221013,001,1795
419.4415,419.452,22031,26348,Nyctalus leisleri,0.012,0.022,-1,Echolocation,/mnt/ubna_data_02_mir/recover-20221013/UBNA_001/20221012_030000.WAV,Telephone Field,recover-20221013,001,1795
419.4785,419.5208,68437,82537,Rhinolophus ferrumequinum,0.035,0.035,-1,Echolocation,/mnt/ubna_data_02_mir/recover-20221013/UBNA_001/20221012_030000.WAV,Telephone Field,recover-20221013,001,1795
419.4865,419.4953,28046,38514,Eptesicus serotinus,0.007,0.022,-1,Echolocation,/mnt/ubna_data_02_mir/recover-20221013/UBNA_001/20221012_030000.WAV,Telephone Field,recover-20221013,001,1795
419.4945,419.5341,68437,82848,Rhinolophus ferrumequinum,0.024,0.024,-1,Echolocation,/mnt/ubna_data_02_mir/recover-20221013/UBNA_001/20221012_030000.WAV,Telephone Field,recover-20221013,001,1795
419.5135,419.5452,68437,81082,Rhinolophus ferrumequinum,0.022,0.023,-1,Echolocation,/mnt/ubna_data_02_mir/recover-20221013/UBNA_001/20221012_030000.WAV,Telephone Field,recover-20221013,001,1795
419.5355,419.5746,68437,82428,Rhinolophus ferrumequinum,0.024,0.024,-1,Echolocation,/mnt/ubna_data_02_mir/recover-20221013/UBNA_001/20221012_030000.WAV,Telephone Field,recover-20221013,001,1795
419.5495,419.5573,28046,39265,Eptesicus serotinus,0.007,0.022,-1,Echolocation,/mnt/ubna_data_02_mir/recover-20221013/UBNA_001/20221012_030000.WAV,Telephone Field,recover-20221013,001,1795
419.5915,419.5989,28046,38731,Eptesicus serotinus,0.007,0.022,-1,Echolocation,/mnt/ubna_data_02_mir/recover-20221013/UBNA_001/20221012_030000.WAV,Telephone Field,recover-20221013,001,1795
419.6115,419.6183,46953,53267,Pipistrellus pipistrellus,0.03,0.032,-1,Echolocation,/mnt/ubna_data_02_mir/recover-20221013/UBNA_001/20221012_030000.WAV,Telephone Field,recover-20221013,001,1795
419.6115,419.6489,68437,82353,Rhinolophus ferrumequinum,0.034,0.034,-1,Echolocation,/mnt/ubna_data_02_mir/recover-20221013/UBNA_001/20221012_030000.WAV,Telephone Field,recover-20221013,001,1795
419.6355,419.6784,68437,83483,Rhinolophus ferrumequinum,0.039,0.039,-1,Echolocation,/mnt/ubna_data_02_mir/recover-20221013/UBNA_001/20221012_030000.WAV,Telephone Field,recover-20221013,001,1795
419.6405,419.6496,28046,36962,Eptesicus serotinus,0.009,0.023,-1,Echolocation,/mnt/ubna_data_02_mir/recover-20221013/UBNA_001/20221012_030000.WAV,Telephone Field,recover-20221013,001,1795
419.6515,419.6861,68437,81764,Rhinolophus ferrumequinum,0.022,0.022,-1,Echolocation,/mnt/ubna_data_02_mir/recover-20221013/UBNA_001/20221012_030000.WAV,Telephone Field,recover-20221013,001,1795
419.6595,419.6988,68437,82061,Rhinolophus ferrumequinum,0.024,0.024,-1,Echolocation,/mnt/ubna_data_02_mir/recover-20221013/UBNA_001/20221012_030000.WAV,Telephone Field,recover-20221013,001,1795
419.6805,419.7163,68437,81303,Rhinolophus ferrumequinum,0.041,0.041,-1,Echolocation,/mnt/ubna_data_02_mir/recover-20221013/UBNA_001/20221012_030000.WAV,Telephone Field,recover-20221013,001,1795
419.6955,419.7331,68437,82289,Rhinolophus ferrumequinum,0.023,0.023,-1,Echolocation,/mnt/ubna_data_02_mir/recover-20221013/UBNA_001/20221012_030000.WAV,Telephone Field,recover-20221013,001,1795
419.6995,419.713,22031,26254,Nyctalus leisleri,0.013,0.023,-1,Echolocation,/mnt/ubna_data_02_mir/recover-20221013/UBNA_001/20221012_030000.WAV,Telephone Field,recover-20221013,001,1795
419.7125,419.7534,68437,83032,Rhinolophus ferrumequinum,0.022,0.022,-1,Echolocation,/mnt/ubna_data_02_mir/recover-20221013/UBNA_001/20221012_030000.WAV,Telephone Field,recover-20221013,001,1795
419.7175,419.7583,68437,82426,Rhinolophus ferrumequinum,0.022,0.022,-1,Echolocation,/mnt/ubna_data_02_mir/recover-20221013/UBNA_001/20221012_030000.WAV,Telephone Field,recover-20221013,001,1795
419.7265,419.7368,22890,28781,Nyctalus leisleri,0.01,0.025,-1,Echolocation,/mnt/ubna_data_02_mir/recover-20221013/UBNA_001/20221012_030000.WAV,Telephone Field,recover-20221013,001,1795
419.7645,419.804,68437,82404,Rhinolophus ferrumequinum,0.025,0.025,-1,Echolocation,/mnt/ubna_data_02_mir/recover-20221013/UBNA_001/20221012_030000.WAV,Telephone Field,recover-20221013,001,1795
419.7855,419.8287,68437,83301,Rhinolophus ferrumequinum,0.051,0.051,-1,Echolocation,/mnt/ubna_data_02_mir/recover-20221013/UBNA_001/20221012_030000.WAV,Telephone Field,recover-20221013,001,1795
419.8035,419.8457,68437,81971,Rhinolophus ferrumequinum,0.026,0.026,-1,Echolocation,/mnt/ubna_data_02_mir/recover-20221013/UBNA_001/20221012_030000.WAV,Telephone Field,recover-20221013,001,1795
419.8355,419.8775,68437,82833,Rhinolophus ferrumequinum,0.033,0.033,-1,Echolocation,/mnt/ubna_data_02_mir/recover-20221013/UBNA_001/20221012_030000.WAV,Telephone Field,recover-20221013,001,1795
419.8885,419.92470000000003,68437,81806,Rhinolophus ferrumequinum,0.024,0.024,-1,Echolocation,/mnt/ubna_data_02_mir/recover-20221013/UBNA_001/20221012_030000.WAV,Telephone Field,recover-20221013,001,1795
419.8905,419.8999,28046,37904,Eptesicus serotinus,0.009,0.022,-1,Echolocation,/mnt/ubna_data_02_mir/recover-20221013/UBNA_001/20221012_030000.WAV,Telephone Field,recover-20221013,001,1795
419.9025,419.9442,68437,83547,Rhinolophus ferrumequinum,0.038,0.038,-1,Echolocation,/mnt/ubna_data_02_mir/recover-20221013/UBNA_001/20221012_030000.WAV,Telephone Field,recover-20221013,001,1795
419.9155,419.9506,68437,82151,Rhinolophus ferrumequinum,0.021,0.021,-1,Echolocation,/mnt/ubna_data_02_mir/recover-20221013/UBNA_001/20221012_030000.WAV,Telephone Field,recover-20221013,001,1795
419.9165,419.9307,32343,37032,Eptesicus serotinus,0.013,0.039,-1,Echolocation,/mnt/ubna_data_02_mir/recover-20221013/UBNA_001/20221012_030000.WAV,Telephone Field,recover-20221013,001,1795
419.9205,419.9267,51250,59053,Pipistrellus pipistrellus,0.018,0.023,-1,Echolocation,/mnt/ubna_data_02_mir/recover-20221013/UBNA_001/20221012_030000.WAV,Telephone Field,recover-20221013,001,1795
419.9465,419.9849,68437,82368,Rhinolophus ferrumequinum,0.023,0.023,-1,Echolocation,/mnt/ubna_data_02_mir/recover-20221013/UBNA_001/20221012_030000.WAV,Telephone Field,recover-20221013,001,1795
419.9535,419.9613,27187,38918,Eptesicus serotinus,0.007,0.022,-1,Echolocation,/mnt/ubna_data_02_mir/recover-20221013/UBNA_001/20221012_030000.WAV,Telephone Field,recover-20221013,001,1795
419.9545,419.9644,22031,27367,Nyctalus leisleri,0.009,0.022,-1,Echolocation,/mnt/ubna_data_02_mir/recover-20221013/UBNA_001/20221012_030000.WAV,Telephone Field,recover-20221013,001,1795
419.9745,419.9845,26328,33326,Eptesicus serotinus,0.009,0.022,-1,Echolocation,/mnt/ubna_data_02_mir/recover-20221013/UBNA_001/20221012_030000.WAV,Telephone Field,recover-20221013,001,1795
420.0015,420.0355,68437,80461,Rhinolophus ferrumequinum,0.029,0.029,-1,Echolocation,/mnt/ubna_data_02_mir/recover-20221013/UBNA_001/20221012_030000.WAV,Telephone Field,recover-20221013,001,1795
420.0015,420.0104,22031,28445,Nyctalus leisleri,0.012,0.035,-1,Echolocation,/mnt/ubna_data_02_mir/recover-20221013/UBNA_001/20221012_030000.WAV,Telephone Field,recover-20221013,001,1795
420.0285,420.0694,68437,82908,Rhinolophus ferrumequinum,0.025,0.025,-1,Echolocation,/mnt/ubna_data_02_mir/recover-20221013/UBNA_001/20221012_030000.WAV,Telephone Field,recover-20221013,001,1795
420.0465,420.0554,28046,38952,Eptesicus serotinus,0.008,0.022,-1,Echolocation,/mnt/ubna_data_02_mir/recover-20221013/UBNA_001/20221012_030000.WAV,Telephone Field,recover-20221013,001,1795
420.0785,420.1216,68437,83346,Rhinolophus ferrumequinum,0.03,0.03,-1,Echolocation,/mnt/ubna_data_02_mir/recover-20221013/UBNA_001/20221012_030000.WAV,Telephone Field,recover-20221013,001,1795
420.1005,420.1122,22031,26591,Nyctalus leisleri,0.013,0.024,-1,Echolocation,/mnt/ubna_data_02_mir/recover-20221013/UBNA_001/20221012_030000.WAV,Telephone Field,recover-20221013,001,1795
420.1205,420.1312,22890,28268,Nyctalus leisleri,0.012,0.024,-1,Echolocation,/mnt/ubna_data_02_mir/recover-20221013/UBNA_001/20221012_030000.WAV,Telephone Field,recover-20221013,001,1795
420.1365,420.1449,28046,38071,Eptesicus serotinus,0.007,0.022,-1,Echolocation,/mnt/ubna_data_02_mir/recover-20221013/UBNA_001/20221012_030000.WAV,Telephone Field,recover-20221013,001,1795
420.1425,420.1797,68437,82184,Rhinolophus ferrumequinum,0.022,0.022,-1,Echolocation,/mnt/ubna_data_02_mir/recover-20221013/UBNA_001/20221012_030000.WAV,Telephone Field,recover-20221013,001,1795
420.1565,420.1662,26328,34661,Eptesicus serotinus,0.012,0.026,-1,Echolocation,/mnt/ubna_data_02_mir/recover-20221013/UBNA_001/20221012_030000.WAV,Telephone Field,recover-20221013,001,1795
420.1745,420.1831,26328,35321,Eptesicus serotinus,0.009,0.023,-1,Echolocation,/mnt/ubna_data_02_mir/recover-20221013/UBNA_001/20221012_030000.WAV,Telephone Field,recover-20221013,001,1795
420.1855,420.1914,47812,55483,Pipistrellus pipistrellus,0.024,0.027,-1,Echolocation,/mnt/ubna_data_02_mir/recover-20221013/UBNA_001/20221012_030000.WAV,Telephone Field,recover-20221013,001,1795
420.1855,420.2252,68437,82011,Rhinolophus ferrumequinum,0.023,0.023,-1,Echolocation,/mnt/ubna_data_02_mir/recover-20221013/UBNA_001/20221012_030000.WAV,Telephone Field,recover-20221013,001,1795
420.2095,420.2499,68437,82803,Rhinolophus ferrumequinum,0.029,0.029,-1,Echolocation,/mnt/ubna_data_02_mir/recover-20221013/UBNA_001/20221012_030000.WAV,Telephone Field,recover-20221013,001,1795
420.2115,420.2195,28046,37717,Eptesicus serotinus,0.007,0.022,-1,Echolocation,/mnt/ubna_data_02_mir/recover-20221013/UBNA_001/20221012_030000.WAV,Telephone Field,recover-20221013,001,1795
420.2375,420.2465,27187,37672,Eptesicus serotinus,0.008,0.023,-1,Echolocation,/mnt/ubna_data_02_mir/recover-20221013/UBNA_001/20221012_030000.WAV,Telephone Field,recover-20221013,001,1795
420.2415,420.277,68437,81354,Rhinolophus ferrumequinum,0.025,0.025,-1,Echolocation,/mnt/ubna_data_02_mir/recover-20221013/UBNA_001/20221012_030000.WAV,Telephone Field,recover-20221013,001,1795
420.2425,420.251,22890,31120,Plecotus austriacus,0.01,0.024,-1,Echolocation,/mnt/ubna_data_02_mir/recover-20221013/UBNA_001/20221012_030000.WAV,Telephone Field,recover-20221013,001,1795
420.2575,420.2658,28046,38820,Eptesicus serotinus,0.01,0.028,-1,Echolocation,/mnt/ubna_data_02_mir/recover-20221013/UBNA_001/20221012_030000.WAV,Telephone Field,recover-20221013,001,1795
420.2575,420.266,50390,55493,Pipistrellus pipistrellus,0.019,0.022,-1,Echolocation,/mnt/ubna_data_02_mir/recover-20221013/UBNA_001/20221012_030000.WAV,Telephone Field,recover-20221013,001,1795
420.2765,420.285,25468,33812,Eptesicus serotinus,0.008,0.021,-1,Echolocation,/mnt/ubna_data_02_mir/recover-20221013/UBNA_001/20221012_030000.WAV,Telephone Field,recover-20221013,001,1795
420.2785,420.317,68437,81776,Rhinolophus ferrumequinum,0.023,0.023,-1,Echolocation,/mnt/ubna_data_02_mir/recover-20221013/UBNA_001/20221012_030000.WAV,Telephone Field,recover-20221013,001,1795
420.2905,420.2995,28046,38298,Eptesicus serotinus,0.008,0.021,-1,Echolocation,/mnt/ubna_data_02_mir/recover-20221013/UBNA_001/20221012_030000.WAV,Telephone Field,recover-20221013,001,1795
420.3165,420.3559,68437,82331,Rhinolophus ferrumequinum,0.021,0.021,-1,Echolocation,/mnt/ubna_data_02_mir/recover-20221013/UBNA_001/20221012_030000.WAV,Telephone Field,recover-20221013,001,1795
420.3195,420.3295,25468,33445,Eptesicus serotinus,0.01,0.024,-1,Echolocation,/mnt/ubna_data_02_mir/recover-20221013/UBNA_001/20221012_030000.WAV,Telephone Field,recover-20221013,001,1795
420.3275,420.3382,24609,31301,Nyctalus leisleri,0.009,0.024,-1,Echolocation,/mnt/ubna_data_02_mir/recover-20221013/UBNA_001/20221012_030000.WAV,Telephone Field,recover-20221013,001,1795
420.4165,420.4234,23750,32954,Plecotus austriacus,0.014,0.028,-1,Echolocation,/mnt/ubna_data_02_mir/recover-20221013/UBNA_001/20221012_030000.WAV,Telephone Field,recover-20221013,001,1795
420.4205,420.4592,68437,82091,Rhinolophus ferrumequinum,0.021,0.021,-1,Echolocation,/mnt/ubna_data_02_mir/recover-20221013/UBNA_001/20221012_030000.WAV,Telephone Field,recover-20221013,001,1795
420.4765,420.5144,68437,82926,Rhinolophus ferrumequinum,0.022,0.022,-1,Echolocation,/mnt/ubna_data_02_mir/recover-20221013/UBNA_001/20221012_030000.WAV,Telephone Field,recover-20221013,001,1795
420.5195,420.5305,22031,27760,Nyctalus leisleri,0.01,0.024,-1,Echolocation,/mnt/ubna_data_02_mir/recover-20221013/UBNA_001/20221012_030000.WAV,Telephone Field,recover-20221013,001,1795
420.5205,420.5671,68437,83423,Rhinolophus ferrumequinum,0.036,0.036,-1,Echolocation,/mnt/ubna_data_02_mir/recover-20221013/UBNA_001/20221012_030000.WAV,Telephone Field,recover-20221013,001,1795
420.5265,420.535,23750,30786,Nyctalus leisleri,0.007,0.021,-1,Echolocation,/mnt/ubna_data_02_mir/recover-20221013/UBNA_001/20221012_030000.WAV,Telephone Field,recover-20221013,001,1795
420.5595,420.5951,68437,81724,Rhinolophus ferrumequinum,0.022,0.022,-1,Echolocation,/mnt/ubna_data_02_mir/recover-20221013/UBNA_001/20221012_030000.WAV,Telephone Field,recover-20221013,001,1795
420.5785,420.6176,68437,82681,Rhinolophus ferrumequinum,0.023,0.023,-1,Echolocation,/mnt/ubna_data_02_mir/recover-20221013/UBNA_001/20221012_030000.WAV,Telephone Field,recover-20221013,001,1795
420.6215,420.6293,25468,34677,Eptesicus serotinus,0.007,0.024,-1,Echolocation,/mnt/ubna_data_02_mir/recover-20221013/UBNA_001/20221012_030000.WAV,Telephone Field,recover-20221013,001,1795
420.6775,420.7178,68437,82361,Rhinolophus ferrumequinum,0.031,0.031,-1,Echolocation,/mnt/ubna_data_02_mir/recover-20221013/UBNA_001/20221012_030000.WAV,Telephone Field,recover-20221013,001,1795
420.6995,420.7387,68437,82091,Rhinolophus ferrumequinum,0.026,0.026,-1,Echolocation,/mnt/ubna_data_02_mir/recover-20221013/UBNA_001/20221012_030000.WAV,Telephone Field,recover-20221013,001,1795
420.7135,420.7241,26328,32841,Eptesicus serotinus,0.013,0.036,-1,Echolocation,/mnt/ubna_data_02_mir/recover-20221013/UBNA_001/20221012_030000.WAV,Telephone Field,recover-20221013,001,1795
420.7465,420.758,22890,27547,Nyctalus leisleri,0.014,0.027,-1,Echolocation,/mnt/ubna_data_02_mir/recover-20221013/UBNA_001/20221012_030000.WAV,Telephone Field,recover-20221013,001,1795
420.8185,420.8553,68437,81381,Rhinolophus ferrumequinum,0.024,0.024,-1,Echolocation,/mnt/ubna_data_02_mir/recover-20221013/UBNA_001/20221012_030000.WAV,Telephone Field,recover-20221013,001,1795
420.8275,420.8427,22031,25838,Nyctalus leisleri,0.015,0.025,-1,Echolocation,/mnt/ubna_data_02_mir/recover-20221013/UBNA_001/20221012_030000.WAV,Telephone Field,recover-20221013,001,1795
420.8675,420.9049,68437,81734,Rhinolophus ferrumequinum,0.022,0.022,-1,Echolocation,/mnt/ubna_data_02_mir/recover-20221013/UBNA_001/20221012_030000.WAV,Telephone Field,recover-20221013,001,1795
420.9155,420.9514,68437,81867,Rhinolophus ferrumequinum,0.022,0.022,-1,Echolocation,/mnt/ubna_data_02_mir/recover-20221013/UBNA_001/20221012_030000.WAV,Telephone Field,recover-20221013,001,1795
420.9325,420.9737,68437,82330,Rhinolophus ferrumequinum,0.022,0.023,-1,Echolocation,/mnt/ubna_data_02_mir/recover-20221013/UBNA_001/20221012_030000.WAV,Telephone Field,recover-20221013,001,1795
420.9335,420.9457,23750,28968,Nyctalus leisleri,0.013,0.027,-1,Echolocation,/mnt/ubna_data_02_mir/recover-20221013/UBNA_001/20221012_030000.WAV,Telephone Field,recover-20221013,001,1795
420.9405,420.9482,27187,38928,Eptesicus serotinus,0.008,0.025,-1,Echolocation,/mnt/ubna_data_02_mir/recover-20221013/UBNA_001/20221012_030000.WAV,Telephone Field,recover-20221013,001,1795
420.9465,420.9852,68437,82692,Rhinolophus ferrumequinum,0.022,0.022,-1,Echolocation,/mnt/ubna_data_02_mir/recover-20221013/UBNA_001/20221012_030000.WAV,Telephone Field,recover-20221013,001,1795
420.9625,420.9717,28046,38672,Eptesicus serotinus,0.016,0.034,-1,Echolocation,/mnt/ubna_data_02_mir/recover-20221013/UBNA_001/20221012_030000.WAV,Telephone Field,recover-20221013,001,1795
420.9695,420.9795,28906,36558,Eptesicus serotinus,0.009,0.023,-1,Echolocation,/mnt/ubna_data_02_mir/recover-20221013/UBNA_001/20221012_030000.WAV,Telephone Field,recover-20221013,001,1795
421.0045,421.0425,68437,81797,Rhinolophus ferrumequinum,0.021,0.021,-1,Echolocation,/mnt/ubna_data_02_mir/recover-20221013/UBNA_001/20221012_030000.WAV,Telephone Field,recover-20221013,001,1795
421.0305,421.0408,26328,32836,Eptesicus serotinus,0.026,0.058,-1,Echolocation,/mnt/ubna_data_02_mir/recover-20221013/UBNA_001/20221012_030000.WAV,Telephone Field,recover-20221013,001,1795
421.0345,421.077,68437,82735,Rhinolophus ferrumequinum,0.026,0.026,-1,Echolocation,/mnt/ubna_data_02_mir/recover-20221013/UBNA_001/20221012_030000.WAV,Telephone Field,recover-20221013,001,1795
421.0555,421.0626,27187,43862,Eptesicus serotinus,0.007,0.026,-1,Echolocation,/mnt/ubna_data_02_mir/recover-20221013/UBNA_001/20221012_030000.WAV,Telephone Field,recover-20221013,001,1795
421.0615,421.1009,68437,82711,Rhinolophus ferrumequinum,0.023,0.023,-1,Echolocation,/mnt/ubna_data_02_mir/recover-20221013/UBNA_001/20221012_030000.WAV,Telephone Field,recover-20221013,001,1795
421.0685,421.1066,68437,82063,Rhinolophus ferrumequinum,0.021,0.021,-1,Echolocation,/mnt/ubna_data_02_mir/recover-20221013/UBNA_001/20221012_030000.WAV,Telephone Field,recover-20221013,001,1795
421.0875,421.0975,26328,32866,Eptesicus serotinus,0.019,0.05,-1,Echolocation,/mnt/ubna_data_02_mir/recover-20221013/UBNA_001/20221012_030000.WAV,Telephone Field,recover-20221013,001,1795
421.0965,421.1353,68437,81891,Rhinolophus ferrumequinum,0.024,0.024,-1,Echolocation,/mnt/ubna_data_02_mir/recover-20221013/UBNA_001/20221012_030000.WAV,Telephone Field,recover-20221013,001,1795
421.1305,421.1716,68437,83129,Rhinolophus ferrumequinum,0.033,0.033,-1,Echolocation,/mnt/ubna_data_02_mir/recover-20221013/UBNA_001/20221012_030000.WAV,Telephone Field,recover-20221013,001,1795
421.1905,421.1983,23750,32379,Plecotus austriacus,0.011,0.027,-1,Echolocation,/mnt/ubna_data_02_mir/recover-20221013/UBNA_001/20221012_030000.WAV,Telephone Field,recover-20221013,001,1795
421.2355,421.2773,68437,82704,Rhinolophus ferrumequinum,0.026,0.026,-1,Echolocation,/mnt/ubna_data_02_mir/recover-20221013/UBNA_001/20221012_030000.WAV,Telephone Field,recover-20221013,001,1795
421.2625,421.269,27187,39567,Eptesicus serotinus,0.005,0.023,-1,Echolocation,/mnt/ubna_data_02_mir/recover-20221013/UBNA_001/20221012_030000.WAV,Telephone Field,recover-20221013,001,1795
421.2675,421.2857,20312,22983,Nyctalus leisleri,0.022,0.036,-1,Echolocation,/mnt/ubna_data_02_mir/recover-20221013/UBNA_001/20221012_030000.WAV,Telephone Field,recover-20221013,001,1795
421.3005,421.3412,68437,82206,Rhinolophus ferrumequinum,0.023,0.023,-1,Echolocation,/mnt/ubna_data_02_mir/recover-20221013/UBNA_001/20221012_030000.WAV,Telephone Field,recover-20221013,001,1795
421.3205,421.3315,28906,34979,Eptesicus serotinus,0.013,0.026,-1,Echolocation,/mnt/ubna_data_02_mir/recover-20221013/UBNA_001/20221012_030000.WAV,Telephone Field,recover-20221013,001,1795
421.3245,421.3625,68437,82004,Rhinolophus ferrumequinum,0.023,0.023,-1,Echolocation,/mnt/ubna_data_02_mir/recover-20221013/UBNA_001/20221012_030000.WAV,Telephone Field,recover-20221013,001,1795
421.3465,421.3791,68437,80993,Rhinolophus ferrumequinum,0.036,0.036,-1,Echolocation,/mnt/ubna_data_02_mir/recover-20221013/UBNA_001/20221012_030000.WAV,Telephone Field,recover-20221013,001,1795
421.3765,421.3863,26328,36394,Eptesicus serotinus,0.009,0.022,-1,Echolocation,/mnt/ubna_data_02_mir/recover-20221013/UBNA_001/20221012_030000.WAV,Telephone Field,recover-20221013,001,1795
421.3785,421.415,68437,80811,Rhinolophus ferrumequinum,0.022,0.022,-1,Echolocation,/mnt/ubna_data_02_mir/recover-20221013/UBNA_001/20221012_030000.WAV,Telephone Field,recover-20221013,001,1795
421.4035,421.415,27187,35130,Eptesicus serotinus,0.024,0.042,-1,Echolocation,/mnt/ubna_data_02_mir/recover-20221013/UBNA_001/20221012_030000.WAV,Telephone Field,recover-20221013,001,1795
421.4065,421.4426,68437,81262,Rhinolophus ferrumequinum,0.021,0.022,-1,Echolocation,/mnt/ubna_data_02_mir/recover-20221013/UBNA_001/20221012_030000.WAV,Telephone Field,recover-20221013,001,1795
421.4195,421.4271,28046,40001,Eptesicus serotinus,0.009,0.029,-1,Echolocation,/mnt/ubna_data_02_mir/recover-20221013/UBNA_001/20221012_030000.WAV,Telephone Field,recover-20221013,001,1795
421.4405,421.4559,37500,42004,Pipistrellus nathusii,0.033,0.042,-1,Echolocation,/mnt/ubna_data_02_mir/recover-20221013/UBNA_001/20221012_030000.WAV,Telephone Field,recover-20221013,001,1795
421.4555,421.4962,68437,81751,Rhinolophus ferrumequinum,0.022,0.022,-1,Echolocation,/mnt/ubna_data_02_mir/recover-20221013/UBNA_001/20221012_030000.WAV,Telephone Field,recover-20221013,001,1795
421.4645,421.5053,68437,82595,Rhinolophus ferrumequinum,0.023,0.023,-1,Echolocation,/mnt/ubna_data_02_mir/recover-20221013/UBNA_001/20221012_030000.WAV,Telephone Field,recover-20221013,001,1795
421.4975,421.5372,68437,82072,Rhinolophus ferrumequinum,0.029,0.029,-1,Echolocation,/mnt/ubna_data_02_mir/recover-20221013/UBNA_001/20221012_030000.WAV,Telephone Field,recover-20221013,001,1795
421.5325,421.5732,68437,82840,Rhinolophus ferrumequinum,0.024,0.024,-1,Echolocation,/mnt/ubna_data_02_mir/recover-20221013/UBNA_001/20221012_030000.WAV,Telephone Field,recover-20221013,001,1795
421.5485,421.5605,22031,26484,Nyctalus leisleri,0.012,0.022,-1,Echolocation,/mnt/ubna_data_02_mir/recover-20221013/UBNA_001/20221012_030000.WAV,Telephone Field,recover-20221013,001,1795
421.5505,421.5899,68437,82318,Rhinolophus ferrumequinum,0.023,0.023,-1,Echolocation,/mnt/ubna_data_02_mir/recover-20221013/UBNA_001/20221012_030000.WAV,Telephone Field,recover-20221013,001,1795
421.5555,421.5737,21171,24611,Nyctalus leisleri,0.015,0.026,-1,Echolocation,/mnt/ubna_data_02_mir/recover-20221013/UBNA_001/20221012_030000.WAV,Telephone Field,recover-20221013,001,1795
421.5635,421.574,22031,26969,Nyctalus leisleri,0.011,0.023,-1,Echolocation,/mnt/ubna_data_02_mir/recover-20221013/UBNA_001/20221012_030000.WAV,Telephone Field,recover-20221013,001,1795
421.5655,421.5721,28046,39976,Eptesicus serotinus,0.007,0.027,-1,Echolocation,/mnt/ubna_data_02_mir/recover-20221013/UBNA_001/20221012_030000.WAV,Telephone Field,recover-20221013,001,1795
421.5755,421.6147,68437,82438,Rhinolophus ferrumequinum,0.036,0.036,-1,Echolocation,/mnt/ubna_data_02_mir/recover-20221013/UBNA_001/20221012_030000.WAV,Telephone Field,recover-20221013,001,1795
421.5845,421.5934,28906,39602,Eptesicus serotinus,0.009,0.025,-1,Echolocation,/mnt/ubna_data_02_mir/recover-20221013/UBNA_001/20221012_030000.WAV,Telephone Field,recover-20221013,001,1795
421.5935,421.6013,28046,37238,Eptesicus serotinus,0.008,0.025,-1,Echolocation,/mnt/ubna_data_02_mir/recover-20221013/UBNA_001/20221012_030000.WAV,Telephone Field,recover-20221013,001,1795
421.6045,421.6442,68437,82230,Rhinolophus ferrumequinum,0.026,0.026,-1,Echolocation,/mnt/ubna_data_02_mir/recover-20221013/UBNA_001/20221012_030000.WAV,Telephone Field,recover-20221013,001,1795
421.6145,421.6508,68437,81407,Rhinolophus ferrumequinum,0.022,0.022,-1,Echolocation,/mnt/ubna_data_02_mir/recover-20221013/UBNA_001/20221012_030000.WAV,Telephone Field,recover-20221013,001,1795
421.6575,421.6675,22890,28393,Nyctalus leisleri,0.009,0.022,-1,Echolocation,/mnt/ubna_data_02_mir/recover-20221013/UBNA_001/20221012_030000.WAV,Telephone Field,recover-20221013,001,1795
421.6715,421.7121,68437,82817,Rhinolophus ferrumequinum,0.024,0.024,-1,Echolocation,/mnt/ubna_data_02_mir/recover-20221013/UBNA_001/20221012_030000.WAV,Telephone Field,recover-20221013,001,1795
421.6935,421.7334,68437,82225,Rhinolophus ferrumequinum,0.023,0.023,-1,Echolocation,/mnt/ubna_data_02_mir/recover-20221013/UBNA_001/20221012_030000.WAV,Telephone Field,recover-20221013,001,1795
421.6975,421.7057,25468,34325,Eptesicus serotinus,0.009,0.024,-1,Echolocation,/mnt/ubna_data_02_mir/recover-20221013/UBNA_001/20221012_030000.WAV,Telephone Field,recover-20221013,001,1795
421.7035,421.7384,68437,80594,Rhinolophus ferrumequinum,0.022,0.022,-1,Echolocation,/mnt/ubna_data_02_mir/recover-20221013/UBNA_001/20221012_030000.WAV,Telephone Field,recover-20221013,001,1795
421.7525,421.7828,68437,79332,Rhinolophus ferrumequinum,0.025,0.026,-1,Echolocation,/mnt/ubna_data_02_mir/recover-20221013/UBNA_001/20221012_030000.WAV,Telephone Field,recover-20221013,001,1795
421.8305,421.8677,68437,81560,Rhinolophus ferrumequinum,0.027,0.027,-1,Echolocation,/mnt/ubna_data_02_mir/recover-20221013/UBNA_001/20221012_030000.WAV,Telephone Field,recover-20221013,001,1795
421.8445,421.884,68437,82670,Rhinolophus ferrumequinum,0.032,0.033,-1,Echolocation,/mnt/ubna_data_02_mir/recover-20221013/UBNA_001/20221012_030000.WAV,Telephone Field,recover-20221013,001,1795
421.8475,421.8548,27187,38903,Eptesicus serotinus,0.005,0.022,-1,Echolocation,/mnt/ubna_data_02_mir/recover-20221013/UBNA_001/20221012_030000.WAV,Telephone Field,recover-20221013,001,1795
421.8585,421.8977,68437,82740,Rhinolophus ferrumequinum,0.024,0.024,-1,Echolocation,/mnt/ubna_data_02_mir/recover-20221013/UBNA_001/20221012_030000.WAV,Telephone Field,recover-20221013,001,1795
421.8825,421.8915,22890,30343,Plecotus austriacus,0.008,0.023,-1,Echolocation,/mnt/ubna_data_02_mir/recover-20221013/UBNA_001/20221012_030000.WAV,Telephone Field,recover-20221013,001,1795
422.0015,422.0106,24609,33908,Nyctalus leisleri,0.013,0.039,-1,Echolocation,/mnt/ubna_data_02_mir/recover-20221013/UBNA_001/20221012_030000.WAV,Telephone Field,recover-20221013,001,1795
422.0015,422.0326,69296,80888,Rhinolophus ferrumequinum,0.037,0.037,-1,Echolocation,/mnt/ubna_data_02_mir/recover-20221013/UBNA_001/20221012_030000.WAV,Telephone Field,recover-20221013,001,1795
422.0125,422.0225,45234,53289,Pipistrellus pipistrellus,0.018,0.028,-1,Echolocation,/mnt/ubna_data_02_mir/recover-20221013/UBNA_001/20221012_030000.WAV,Telephone Field,recover-20221013,001,1795
422.0155,422.0592,68437,83007,Rhinolophus ferrumequinum,0.025,0.025,-1,Echolocation,/mnt/ubna_data_02_mir/recover-20221013/UBNA_001/20221012_030000.WAV,Telephone Field,recover-20221013,001,1795
422.0305,422.041,23750,29640,Nyctalus leisleri,0.011,0.025,-1,Echolocation,/mnt/ubna_data_02_mir/recover-20221013/UBNA_001/20221012_030000.WAV,Telephone Field,recover-20221013,001,1795
422.0615,422.0961,68437,81183,Rhinolophus ferrumequinum,0.021,0.021,-1,Echolocation,/mnt/ubna_data_02_mir/recover-20221013/UBNA_001/20221012_030000.WAV,Telephone Field,recover-20221013,001,1795
422.1055,422.1433,68437,82041,Rhinolophus ferrumequinum,0.022,0.022,-1,Echolocation,/mnt/ubna_data_02_mir/recover-20221013/UBNA_001/20221012_030000.WAV,Telephone Field,recover-20221013,001,1795
422.1225,422.1316,28906,37145,Eptesicus serotinus,0.009,0.022,-1,Echolocation,/mnt/ubna_data_02_mir/recover-20221013/UBNA_001/20221012_030000.WAV,Telephone Field,recover-20221013,001,1795
422.2045,422.2143,24609,32006,Nyctalus leisleri,0.007,0.022,-1,Echolocation,/mnt/ubna_data_02_mir/recover-20221013/UBNA_001/20221012_030000.WAV,Telephone Field,recover-20221013,001,1795
422.2335,422.2745,68437,82616,Rhinolophus ferrumequinum,0.024,0.024,-1,Echolocation,/mnt/ubna_data_02_mir/recover-20221013/UBNA_001/20221012_030000.WAV,Telephone Field,recover-20221013,001,1795
422.2455,422.2836,68437,82016,Rhinolophus ferrumequinum,0.022,0.022,-1,Echolocation,/mnt/ubna_data_02_mir/recover-20221013/UBNA_001/20221012_030000.WAV,Telephone Field,recover-20221013,001,1795
422.2555,422.2963,68437,82783,Rhinolophus ferrumequinum,0.024,0.024,-1,Echolocation,/mnt/ubna_data_02_mir/recover-20221013/UBNA_001/20221012_030000.WAV,Telephone Field,recover-20221013,001,1795
422.2725,422.2834,23750,29061,Nyctalus leisleri,0.012,0.027,-1,Echolocation,/mnt/ubna_data_02_mir/recover-20221013/UBNA_001/20221012_030000.WAV,Telephone Field,recover-20221013,001,1795
422.3795,422.4159,68437,81670,Rhinolophus ferrumequinum,0.021,0.021,-1,Echolocation,/mnt/ubna_data_02_mir/recover-20221013/UBNA_001/20221012_030000.WAV,Telephone Field,recover-20221013,001,1795
422.3975,422.4064,27187,37477,Eptesicus serotinus,0.008,0.023,-1,Echolocation,/mnt/ubna_data_02_mir/recover-20221013/UBNA_001/20221012_030000.WAV,Telephone Field,recover-20221013,001,1795
422.4075,422.4459,68437,81908,Rhinolophus ferrumequinum,0.024,0.024,-1,Echolocation,/mnt/ubna_data_02_mir/recover-20221013/UBNA_001/20221012_030000.WAV,Telephone Field,recover-20221013,001,1795
422.4305,422.4366,28906,41430,Eptesicus serotinus,0.005,0.023,-1,Echolocation,/mnt/ubna_data_02_mir/recover-20221013/UBNA_001/20221012_030000.WAV,Telephone Field,recover-20221013,001,1795
422.4445,422.4865,68437,82623,Rhinolophus ferrumequinum,0.025,0.025,-1,Echolocation,/mnt/ubna_data_02_mir/recover-20221013/UBNA_001/20221012_030000.WAV,Telephone Field,recover-20221013,001,1795
422.4575,422.4976,68437,82722,Rhinolophus ferrumequinum,0.024,0.024,-1,Echolocation,/mnt/ubna_data_02_mir/recover-20221013/UBNA_001/20221012_030000.WAV,Telephone Field,recover-20221013,001,1795
422.5155,422.5591,68437,83884,Rhinolophus ferrumequinum,0.045,0.045,-1,Echolocation,/mnt/ubna_data_02_mir/recover-20221013/UBNA_001/20221012_030000.WAV,Telephone Field,recover-20221013,001,1795
422.5215,422.5314,28046,35931,Eptesicus serotinus,0.009,0.023,-1,Echolocation,/mnt/ubna_data_02_mir/recover-20221013/UBNA_001/20221012_030000.WAV,Telephone Field,recover-20221013,001,1795
422.6095,422.6517,68437,83084,Rhinolophus ferrumequinum,0.026,0.026,-1,Echolocation,/mnt/ubna_data_02_mir/recover-20221013/UBNA_001/20221012_030000.WAV,Telephone Field,recover-20221013,001,1795
422.6505,422.6582,28046,39701,Eptesicus serotinus,0.007,0.023,-1,Echolocation,/mnt/ubna_data_02_mir/recover-20221013/UBNA_001/20221012_030000.WAV,Telephone Field,recover-20221013,001,1795
422.7475,422.7546,23750,32374,Plecotus austriacus,0.013,0.027,-1,Echolocation,/mnt/ubna_data_02_mir/recover-20221013/UBNA_001/20221012_030000.WAV,Telephone Field,recover-20221013,001,1795
422.7985,422.8378,68437,82207,Rhinolophus ferrumequinum,0.022,0.022,-1,Echolocation,/mnt/ubna_data_02_mir/recover-20221013/UBNA_001/20221012_030000.WAV,Telephone Field,recover-20221013,001,1795
422.8235,422.8615,68437,82182,Rhinolophus ferrumequinum,0.021,0.021,-1,Echolocation,/mnt/ubna_data_02_mir/recover-20221013/UBNA_001/20221012_030000.WAV,Telephone Field,recover-20221013,001,1795
422.8455,422.8823,68437,81853,Rhinolophus ferrumequinum,0.02,0.021,-1,Echolocation,/mnt/ubna_data_02_mir/recover-20221013/UBNA_001/20221012_030000.WAV,Telephone Field,recover-20221013,001,1795
422.8555,422.8755,21171,25439,Nyctalus noctula,0.043,0.083,-1,Echolocation,/mnt/ubna_data_02_mir/recover-20221013/UBNA_001/20221012_030000.WAV,Telephone Field,recover-20221013,001,1795
422.9175,422.9576,68437,82796,Rhinolophus ferrumequinum,0.021,0.021,-1,Echolocation,/mnt/ubna_data_02_mir/recover-20221013/UBNA_001/20221012_030000.WAV,Telephone Field,recover-20221013,001,1795
422.9585,422.998,68437,81340,Rhinolophus ferrumequinum,0.021,0.021,-1,Echolocation,/mnt/ubna_data_02_mir/recover-20221013/UBNA_001/20221012_030000.WAV,Telephone Field,recover-20221013,001,1795
422.9955,423.0037,22890,30036,Plecotus austriacus,0.009,0.021,-1,Echolocation,/mnt/ubna_data_02_mir/recover-20221013/UBNA_001/20221012_030000.WAV,Telephone Field,recover-20221013,001,1795
423.0495,423.0898,68437,82308,Rhinolophus ferrumequinum,0.025,0.025,-1,Echolocation,/mnt/ubna_data_02_mir/recover-20221013/UBNA_001/20221012_030000.WAV,Telephone Field,recover-20221013,001,1795
423.0785,423.1176,68437,82767,Rhinolophus ferrumequinum,0.023,0.023,-1,Echolocation,/mnt/ubna_data_02_mir/recover-20221013/UBNA_001/20221012_030000.WAV,Telephone Field,recover-20221013,001,1795
423.1055,423.1459,68437,83204,Rhinolophus ferrumequinum,0.04,0.04,-1,Echolocation,/mnt/ubna_data_02_mir/recover-20221013/UBNA_001/20221012_030000.WAV,Telephone Field,recover-20221013,001,1795
423.1395,423.1816,68437,82331,Rhinolophus ferrumequinum,0.024,0.024,-1,Echolocation,/mnt/ubna_data_02_mir/recover-20221013/UBNA_001/20221012_030000.WAV,Telephone Field,recover-20221013,001,1795
423.1495,423.1888,68437,82377,Rhinolophus ferrumequinum,0.022,0.022,-1,Echolocation,/mnt/ubna_data_02_mir/recover-20221013/UBNA_001/20221012_030000.WAV,Telephone Field,recover-20221013,001,1795
423.1735,423.2119,68437,82134,Rhinolophus ferrumequinum,0.022,0.022,-1,Echolocation,/mnt/ubna_data_02_mir/recover-20221013/UBNA_001/20221012_030000.WAV,Telephone Field,recover-20221013,001,1795
423.1945,423.2299,68437,81401,Rhinolophus ferrumequinum,0.028,0.028,-1,Echolocation,/mnt/ubna_data_02_mir/recover-20221013/UBNA_001/20221012_030000.WAV,Telephone Field,recover-20221013,001,1795
423.2135,423.2508,68437,82005,Rhinolophus ferrumequinum,0.023,0.023,-1,Echolocation,/mnt/ubna_data_02_mir/recover-20221013/UBNA_001/20221012_030000.WAV,Telephone Field,recover-20221013,001,1795
423.2325,423.2703,68437,82606,Rhinolophus ferrumequinum,0.021,0.021,-1,Echolocation,/mnt/ubna_data_02_mir/recover-20221013/UBNA_001/20221012_030000.WAV,Telephone Field,recover-20221013,001,1795
423.2565,423.2898,68437,80884,Rhinolophus ferrumequinum,0.021,0.021,-1,Echolocation,/mnt/ubna_data_02_mir/recover-20221013/UBNA_001/20221012_030000.WAV,Telephone Field,recover-20221013,001,1795
423.3485,423.3584,23750,31040,Nyctalus leisleri,0.007,0.022,-1,Echolocation,/mnt/ubna_data_02_mir/recover-20221013/UBNA_001/20221012_030000.WAV,Telephone Field,recover-20221013,001,1795
423.3505,423.3586,28046,40402,Eptesicus serotinus,0.007,0.022,-1,Echolocation,/mnt/ubna_data_02_mir/recover-20221013/UBNA_001/20221012_030000.WAV,Telephone Field,recover-20221013,001,1795
423.3775,423.4149,68437,81880,Rhinolophus ferrumequinum,0.023,0.023,-1,Echolocation,/mnt/ubna_data_02_mir/recover-20221013/UBNA_001/20221012_030000.WAV,Telephone Field,recover-20221013,001,1795
423.3995,423.4396,68437,82672,Rhinolophus ferrumequinum,0.021,0.021,-1,Echolocation,/mnt/ubna_data_02_mir/recover-20221013/UBNA_001/20221012_030000.WAV,Telephone Field,recover-20221013,001,1795
423.4115,423.454,68437,83016,Rhinolophus ferrumequinum,0.025,0.025,-1,Echolocation,/mnt/ubna_data_02_mir/recover-20221013/UBNA_001/20221012_030000.WAV,Telephone Field,recover-20221013,001,1795
423.4265,423.434,25468,34303,Plecotus austriacus,0.006,0.022,-1,Echolocation,/mnt/ubna_data_02_mir/recover-20221013/UBNA_001/20221012_030000.WAV,Telephone Field,recover-20221013,001,1795
423.4285,423.4694,68437,82681,Rhinolophus ferrumequinum,0.025,0.025,-1,Echolocation,/mnt/ubna_data_02_mir/recover-20221013/UBNA_001/20221012_030000.WAV,Telephone Field,recover-20221013,001,1795
423.4345,423.4764,68437,82546,Rhinolophus ferrumequinum,0.024,0.024,-1,Echolocation,/mnt/ubna_data_02_mir/recover-20221013/UBNA_001/20221012_030000.WAV,Telephone Field,recover-20221013,001,1795
423.4405,423.4498,28906,37593,Eptesicus serotinus,0.009,0.023,-1,Echolocation,/mnt/ubna_data_02_mir/recover-20221013/UBNA_001/20221012_030000.WAV,Telephone Field,recover-20221013,001,1795
423.4545,423.4938,68437,82537,Rhinolophus ferrumequinum,0.021,0.021,-1,Echolocation,/mnt/ubna_data_02_mir/recover-20221013/UBNA_001/20221012_030000.WAV,Telephone Field,recover-20221013,001,1795
423.4755,423.4908,21171,24722,Nyctalus leisleri,0.012,0.023,-1,Echolocation,/mnt/ubna_data_02_mir/recover-20221013/UBNA_001/20221012_030000.WAV,Telephone Field,recover-20221013,001,1795
423.4775,423.516,68437,81932,Rhinolophus ferrumequinum,0.021,0.021,-1,Echolocation,/mnt/ubna_data_02_mir/recover-20221013/UBNA_001/20221012_030000.WAV,Telephone Field,recover-20221013,001,1795
423.5315,423.542,22031,27211,Nyctalus leisleri,0.011,0.025,-1,Echolocation,/mnt/ubna_data_02_mir/recover-20221013/UBNA_001/20221012_030000.WAV,Telephone Field,recover-20221013,001,1795
423.5335,423.5445,43515,48266,Pipistrellus pipistrellus,0.018,0.023,-1,Echolocation,/mnt/ubna_data_02_mir/recover-20221013/UBNA_001/20221012_030000.WAV,Telephone Field,recover-20221013,001,1795
423.5485,423.5557,23750,32380,Plecotus austriacus,0.012,0.027,-1,Echolocation,/mnt/ubna_data_02_mir/recover-20221013/UBNA_001/20221012_030000.WAV,Telephone Field,recover-20221013,001,1795
423.5565,423.5968,68437,82592,Rhinolophus ferrumequinum,0.023,0.023,-1,Echolocation,/mnt/ubna_data_02_mir/recover-20221013/UBNA_001/20221012_030000.WAV,Telephone Field,recover-20221013,001,1795
423.5785,423.6162,68437,81125,Rhinolophus ferrumequinum,0.022,0.022,-1,Echolocation,/mnt/ubna_data_02_mir/recover-20221013/UBNA_001/20221012_030000.WAV,Telephone Field,recover-20221013,001,1795
423.5995,423.6101,22890,27878,Nyctalus leisleri,0.01,0.021,-1,Echolocation,/mnt/ubna_data_02_mir/recover-20221013/UBNA_001/20221012_030000.WAV,Telephone Field,recover-20221013,001,1795
423.6235,423.6323,28906,37211,Eptesicus serotinus,0.007,0.021,-1,Echolocation,/mnt/ubna_data_02_mir/recover-20221013/UBNA_001/20221012_030000.WAV,Telephone Field,recover-20221013,001,1795
423.6735,423.711,68437,81129,Rhinolophus ferrumequinum,0.022,0.022,-1,Echolocation,/mnt/ubna_data_02_mir/recover-20221013/UBNA_001/20221012_030000.WAV,Telephone Field,recover-20221013,001,1795
423.7025,423.7427,68437,82561,Rhinolophus ferrumequinum,0.023,0.023,-1,Echolocation,/mnt/ubna_data_02_mir/recover-20221013/UBNA_001/20221012_030000.WAV,Telephone Field,recover-20221013,001,1795
423.7115,423.7178,25468,35791,Plecotus austriacus,0.008,0.024,-1,Echolocation,/mnt/ubna_data_02_mir/recover-20221013/UBNA_001/20221012_030000.WAV,Telephone Field,recover-20221013,001,1795
423.7375,423.7709,68437,81257,Rhinolophus ferrumequinum,0.023,0.023,-1,Echolocation,/mnt/ubna_data_02_mir/recover-20221013/UBNA_001/20221012_030000.WAV,Telephone Field,recover-20221013,001,1795
423.7565,423.7959,68437,82093,Rhinolophus ferrumequinum,0.024,0.024,-1,Echolocation,/mnt/ubna_data_02_mir/recover-20221013/UBNA_001/20221012_030000.WAV,Telephone Field,recover-20221013,001,1795
423.8145,423.8267,58984,64289,Pipistrellus pygmaeus,0.023,0.023,-1,Echolocation,/mnt/ubna_data_02_mir/recover-20221013/UBNA_001/20221012_030000.WAV,Telephone Field,recover-20221013,001,1795
423.8275,423.8383,22031,27220,Nyctalus leisleri,0.01,0.024,-1,Echolocation,/mnt/ubna_data_02_mir/recover-20221013/UBNA_001/20221012_030000.WAV,Telephone Field,recover-20221013,001,1795
423.8375,423.877,68437,82297,Rhinolophus ferrumequinum,0.022,0.022,-1,Echolocation,/mnt/ubna_data_02_mir/recover-20221013/UBNA_001/20221012_030000.WAV,Telephone Field,recover-20221013,001,1795
423.8585,423.8952,68437,82007,Rhinolophus ferrumequinum,0.025,0.025,-1,Echolocation,/mnt/ubna_data_02_mir/recover-20221013/UBNA_001/20221012_030000.WAV,Telephone Field,recover-20221013,001,1795
423.8665,423.8737,24609,35253,Plecotus austriacus,0.009,0.025,-1,Echolocation,/mnt/ubna_data_02_mir/recover-20221013/UBNA_001/20221012_030000.WAV,Telephone Field,recover-20221013,001,1795
423.8745,423.9132,68437,81725,Rhinolophus ferrumequinum,0.021,0.021,-1,Echolocation,/mnt/ubna_data_02_mir/recover-20221013/UBNA_001/20221012_030000.WAV,Telephone Field,recover-20221013,001,1795
423.8955,423.935,68437,81835,Rhinolophus ferrumequinum,0.022,0.022,-1,Echolocation,/mnt/ubna_data_02_mir/recover-20221013/UBNA_001/20221012_030000.WAV,Telephone Field,recover-20221013,001,1795
423.9045,423.9149,24609,30373,Nyctalus leisleri,0.009,0.023,-1,Echolocation,/mnt/ubna_data_02_mir/recover-20221013/UBNA_001/20221012_030000.WAV,Telephone Field,recover-20221013,001,1795
423.9255,423.9634,68437,81815,Rhinolophus ferrumequinum,0.025,0.025,-1,Echolocation,/mnt/ubna_data_02_mir/recover-20221013/UBNA_001/20221012_030000.WAV,Telephone Field,recover-20221013,001,1795
424.0015,424.0325,68437,80273,Rhinolophus ferrumequinum,0.034,0.035,-1,Echolocation,/mnt/ubna_data_02_mir/recover-20221013/UBNA_001/20221012_030000.WAV,Telephone Field,recover-20221013,001,1795
424.0015,424.0095,27187,37674,Eptesicus serotinus,0.007,0.024,-1,Echolocation,/mnt/ubna_data_02_mir/recover-20221013/UBNA_001/20221012_030000.WAV,Telephone Field,recover-20221013,001,1795
424.0085,424.049,68437,82113,Rhinolophus ferrumequinum,0.025,0.025,-1,Echolocation,/mnt/ubna_data_02_mir/recover-20221013/UBNA_001/20221012_030000.WAV,Telephone Field,recover-20221013,001,1795
424.0145,424.0574,68437,82798,Rhinolophus ferrumequinum,0.023,0.023,-1,Echolocation,/mnt/ubna_data_02_mir/recover-20221013/UBNA_001/20221012_030000.WAV,Telephone Field,recover-20221013,001,1795
424.0585,424.0662,27187,35877,Eptesicus serotinus,0.013,0.033,-1,Echolocation,/mnt/ubna_data_02_mir/recover-20221013/UBNA_001/20221012_030000.WAV,Telephone Field,recover-20221013,001,1795
424.0785,424.1203,68437,82970,Rhinolophus ferrumequinum,0.022,0.022,-1,Echolocation,/mnt/ubna_data_02_mir/recover-20221013/UBNA_001/20221012_030000.WAV,Telephone Field,recover-20221013,001,1795
424.0995,424.1103,23750,29932,Nyctalus leisleri,0.008,0.021,-1,Echolocation,/mnt/ubna_data_02_mir/recover-20221013/UBNA_001/20221012_030000.WAV,Telephone Field,recover-20221013,001,1795
424.1455,424.1803,68437,81157,Rhinolophus ferrumequinum,0.021,0.021,-1,Echolocation,/mnt/ubna_data_02_mir/recover-20221013/UBNA_001/20221012_030000.WAV,Telephone Field,recover-20221013,001,1795
424.1635,424.1995,68437,81980,Rhinolophus ferrumequinum,0.021,0.021,-1,Echolocation,/mnt/ubna_data_02_mir/recover-20221013/UBNA_001/20221012_030000.WAV,Telephone Field,recover-20221013,001,1795
424.1655,424.1732,28046,38240,Eptesicus serotinus,0.009,0.024,-1,Echolocation,/mnt/ubna_data_02_mir/recover-20221013/UBNA_001/20221012_030000.WAV,Telephone Field,recover-20221013,001,1795
424.2275,424.268,68437,82555,Rhinolophus ferrumequinum,0.024,0.024,-1,Echolocation,/mnt/ubna_data_02_mir/recover-20221013/UBNA_001/20221012_030000.WAV,Telephone Field,recover-20221013,001,1795
424.2325,424.2718,68437,82608,Rhinolophus ferrumequinum,0.023,0.023,-1,Echolocation,/mnt/ubna_data_02_mir/recover-20221013/UBNA_001/20221012_030000.WAV,Telephone Field,recover-20221013,001,1795
424.2555,424.2925,68437,82020,Rhinolophus ferrumequinum,0.021,0.021,-1,Echolocation,/mnt/ubna_data_02_mir/recover-20221013/UBNA_001/20221012_030000.WAV,Telephone Field,recover-20221013,001,1795
424.2705,424.2799,28906,38550,Eptesicus serotinus,0.012,0.028,-1,Echolocation,/mnt/ubna_data_02_mir/recover-20221013/UBNA_001/20221012_030000.WAV,Telephone Field,recover-20221013,001,1795
424.3045,424.311,26328,39088,Eptesicus serotinus,0.005,0.023,-1,Echolocation,/mnt/ubna_data_02_mir/recover-20221013/UBNA_001/20221012_030000.WAV,Telephone Field,recover-20221013,001,1795
424.3215,424.3314,22890,29834,Nyctalus leisleri,0.016,0.046,-1,Echolocation,/mnt/ubna_data_02_mir/recover-20221013/UBNA_001/20221012_030000.WAV,Telephone Field,recover-20221013,001,1795
424.3625,424.3694,27187,38394,Eptesicus serotinus,0.005,0.021,-1,Echolocation,/mnt/ubna_data_02_mir/recover-20221013/UBNA_001/20221012_030000.WAV,Telephone Field,recover-20221013,001,1795
424.4035,424.4451,68437,82783,Rhinolophus ferrumequinum,0.023,0.023,-1,Echolocation,/mnt/ubna_data_02_mir/recover-20221013/UBNA_001/20221012_030000.WAV,Telephone Field,recover-20221013,001,1795
424.4085,424.417,26328,35416,Eptesicus serotinus,0.009,0.023,-1,Echolocation,/mnt/ubna_data_02_mir/recover-20221013/UBNA_001/20221012_030000.WAV,Telephone Field,recover-20221013,001,1795
424.4275,424.4379,23750,29570,Nyctalus leisleri,0.008,0.023,-1,Echolocation,/mnt/ubna_data_02_mir/recover-20221013/UBNA_001/20221012_030000.WAV,Telephone Field,recover-20221013,001,1795
424.4325,424.4691,68437,82210,Rhinolophus ferrumequinum,0.025,0.025,-1,Echolocation,/mnt/ubna_data_02_mir/recover-20221013/UBNA_001/20221012_030000.WAV,Telephone Field,recover-20221013,001,1795
424.4515,424.461,46093,49860,Pipistrellus pipistrellus,0.03,0.032,-1,Echolocation,/mnt/ubna_data_02_mir/recover-20221013/UBNA_001/20221012_030000.WAV,Telephone Field,recover-20221013,001,1795
424.5125,424.5495,68437,82152,Rhinolophus ferrumequinum,0.026,0.026,-1,Echolocation,/mnt/ubna_data_02_mir/recover-20221013/UBNA_001/20221012_030000.WAV,Telephone Field,recover-20221013,001,1795
424.5225,424.563,68437,82491,Rhinolophus ferrumequinum,0.027,0.027,-1,Echolocation,/mnt/ubna_data_02_mir/recover-20221013/UBNA_001/20221012_030000.WAV,Telephone Field,recover-20221013,001,1795
424.5285,424.5397,23750,29593,Nyctalus leisleri,0.011,0.027,-1,Echolocation,/mnt/ubna_data_02_mir/recover-20221013/UBNA_001/20221012_030000.WAV,Telephone Field,recover-20221013,001,1795
424.5315,424.5681,68437,81869,Rhinolophus ferrumequinum,0.025,0.025,-1,Echolocation,/mnt/ubna_data_02_mir/recover-20221013/UBNA_001/20221012_030000.WAV,Telephone Field,recover-20221013,001,1795
424.5465,424.5893,68437,82833,Rhinolophus ferrumequinum,0.026,0.026,-1,Echolocation,/mnt/ubna_data_02_mir/recover-20221013/UBNA_001/20221012_030000.WAV,Telephone Field,recover-20221013,001,1795
424.5795,424.6185,68437,82857,Rhinolophus ferrumequinum,0.023,0.023,-1,Echolocation,/mnt/ubna_data_02_mir/recover-20221013/UBNA_001/20221012_030000.WAV,Telephone Field,recover-20221013,001,1795
424.6255,424.6338,28046,40047,Eptesicus serotinus,0.007,0.021,-1,Echolocation,/mnt/ubna_data_02_mir/recover-20221013/UBNA_001/20221012_030000.WAV,Telephone Field,recover-20221013,001,1795
424.6445,424.6842,68437,82467,Rhinolophus ferrumequinum,0.026,0.026,-1,Echolocation,/mnt/ubna_data_02_mir/recover-20221013/UBNA_001/20221012_030000.WAV,Telephone Field,recover-20221013,001,1795
424.6455,424.653,28046,42025,Eptesicus serotinus,0.008,0.026,-1,Echolocation,/mnt/ubna_data_02_mir/recover-20221013/UBNA_001/20221012_030000.WAV,Telephone Field,recover-20221013,001,1795
424.6485,424.6555,23750,34926,Plecotus austriacus,0.01,0.026,-1,Echolocation,/mnt/ubna_data_02_mir/recover-20221013/UBNA_001/20221012_030000.WAV,Telephone Field,recover-20221013,001,1795
424.7585,424.7694,24609,31151,Nyctalus leisleri,0.01,0.028,-1,Echolocation,/mnt/ubna_data_02_mir/recover-20221013/UBNA_001/20221012_030000.WAV,Telephone Field,recover-20221013,001,1795
424.8105,424.8495,68437,82181,Rhinolophus ferrumequinum,0.023,0.023,-1,Echolocation,/mnt/ubna_data_02_mir/recover-20221013/UBNA_001/20221012_030000.WAV,Telephone Field,recover-20221013,001,1795
424.8455,424.8554,23750,30640,Nyctalus leisleri,0.007,0.023,-1,Echolocation,/mnt/ubna_data_02_mir/recover-20221013/UBNA_001/20221012_030000.WAV,Telephone Field,recover-20221013,001,1795
424.8455,424.8547,28906,37407,Eptesicus serotinus,0.009,0.023,-1,Echolocation,/mnt/ubna_data_02_mir/recover-20221013/UBNA_001/20221012_030000.WAV,Telephone Field,recover-20221013,001,1795
424.8635,424.8999,68437,81428,Rhinolophus ferrumequinum,0.022,0.022,-1,Echolocation,/mnt/ubna_data_02_mir/recover-20221013/UBNA_001/20221012_030000.WAV,Telephone Field,recover-20221013,001,1795
424.8705,424.8836,40078,44602,Pipistrellus nathusii,0.039,0.047,-1,Echolocation,/mnt/ubna_data_02_mir/recover-20221013/UBNA_001/20221012_030000.WAV,Telephone Field,recover-20221013,001,1795
424.8865,424.9231,68437,81458,Rhinolophus ferrumequinum,0.022,0.022,-1,Echolocation,/mnt/ubna_data_02_mir/recover-20221013/UBNA_001/20221012_030000.WAV,Telephone Field,recover-20221013,001,1795
424.8975,424.9076,50390,54192,Pipistrellus pipistrellus,0.016,0.021,-1,Echolocation,/mnt/ubna_data_02_mir/recover-20221013/UBNA_001/20221012_030000.WAV,Telephone Field,recover-20221013,001,1795
424.9205,424.9593,68437,82310,Rhinolophus ferrumequinum,0.025,0.025,-1,Echolocation,/mnt/ubna_data_02_mir/recover-20221013/UBNA_001/20221012_030000.WAV,Telephone Field,recover-20221013,001,1795
424.9535,424.9637,28046,37469,Eptesicus serotinus,0.009,0.022,-1,Echolocation,/mnt/ubna_data_02_mir/recover-20221013/UBNA_001/20221012_030000.WAV,Telephone Field,recover-20221013,001,1795
425.0255,425.0368,28046,34512,Eptesicus serotinus,0.013,0.027,-1,Echolocation,/mnt/ubna_data_02_mir/recover-20221013/UBNA_001/20221012_030000.WAV,Telephone Field,recover-20221013,001,1795
425.0325,425.0774,68437,83288,Rhinolophus ferrumequinum,0.04,0.04,-1,Echolocation,/mnt/ubna_data_02_mir/recover-20221013/UBNA_001/20221012_030000.WAV,Telephone Field,recover-20221013,001,1795
425.0755,425.0846,24609,32431,Eptesicus serotinus,0.007,0.021,-1,Echolocation,/mnt/ubna_data_02_mir/recover-20221013/UBNA_001/20221012_030000.WAV,Telephone Field,recover-20221013,001,1795
425.1065,425.113,27187,40219,Eptesicus serotinus,0.006,0.023,-1,Echolocation,/mnt/ubna_data_02_mir/recover-20221013/UBNA_001/20221012_030000.WAV,Telephone Field,recover-20221013,001,1795
425.1145,425.1537,68437,82348,Rhinolophus ferrumequinum,0.025,0.025,-1,Echolocation,/mnt/ubna_data_02_mir/recover-20221013/UBNA_001/20221012_030000.WAV,Telephone Field,recover-20221013,001,1795
425.1295,425.1743,68437,83550,Rhinolophus ferrumequinum,0.038,0.038,-1,Echolocation,/mnt/ubna_data_02_mir/recover-20221013/UBNA_001/20221012_030000.WAV,Telephone Field,recover-20221013,001,1795
425.1875,425.2018,22031,26006,Nyctalus leisleri,0.02,0.033,-1,Echolocation,/mnt/ubna_data_02_mir/recover-20221013/UBNA_001/20221012_030000.WAV,Telephone Field,recover-20221013,001,1795
425.1955,425.2314,68437,81816,Rhinolophus ferrumequinum,0.026,0.026,-1,Echolocation,/mnt/ubna_data_02_mir/recover-20221013/UBNA_001/20221012_030000.WAV,Telephone Field,recover-20221013,001,1795
425.2125,425.2212,28046,39413,Eptesicus serotinus,0.007,0.021,-1,Echolocation,/mnt/ubna_data_02_mir/recover-20221013/UBNA_001/20221012_030000.WAV,Telephone Field,recover-20221013,001,1795
425.2685,425.307,68437,81968,Rhinolophus ferrumequinum,0.022,0.022,-1,Echolocation,/mnt/ubna_data_02_mir/recover-20221013/UBNA_001/20221012_030000.WAV,Telephone Field,recover-20221013,001,1795
425.2925,425.3061,23750,28257,Nyctalus leisleri,0.021,0.041,-1,Echolocation,/mnt/ubna_data_02_mir/recover-20221013/UBNA_001/20221012_030000.WAV,Telephone Field,recover-20221013,001,1795
425.3295,425.3381,26328,34252,Eptesicus serotinus,0.007,0.023,-1,Echolocation,/mnt/ubna_data_02_mir/recover-20221013/UBNA_001/20221012_030000.WAV,Telephone Field,recover-20221013,001,1795
425.3885,425.3959,27187,39937,Eptesicus serotinus,0.008,0.025,-1,Echolocation,/mnt/ubna_data_02_mir/recover-20221013/UBNA_001/20221012_030000.WAV,Telephone Field,recover-20221013,001,1795
425.4295,425.4692,68437,82642,Rhinolophus ferrumequinum,0.023,0.023,-1,Echolocation,/mnt/ubna_data_02_mir/recover-20221013/UBNA_001/20221012_030000.WAV,Telephone Field,recover-20221013,001,1795
425.4395,425.4504,28046,35617,Eptesicus serotinus,0.014,0.028,-1,Echolocation,/mnt/ubna_data_02_mir/recover-20221013/UBNA_001/20221012_030000.WAV,Telephone Field,recover-20221013,001,1795
425.4985,425.5087,50390,57389,Pipistrellus pipistrellus,0.025,0.031,-1,Echolocation,/mnt/ubna_data_02_mir/recover-20221013/UBNA_001/20221012_030000.WAV,Telephone Field,recover-20221013,001,1795
425.5125,425.5508,68437,82113,Rhinolophus ferrumequinum,0.025,0.025,-1,Echolocation,/mnt/ubna_data_02_mir/recover-20221013/UBNA_001/20221012_030000.WAV,Telephone Field,recover-20221013,001,1795
425.5335,425.5438,14296,19918,Nyctalus noctula,0.011,0.026,-1,Echolocation,/mnt/ubna_data_02_mir/recover-20221013/UBNA_001/20221012_030000.WAV,Telephone Field,recover-20221013,001,1795
425.5635,425.6015,68437,82365,Rhinolophus ferrumequinum,0.023,0.023,-1,Echolocation,/mnt/ubna_data_02_mir/recover-20221013/UBNA_001/20221012_030000.WAV,Telephone Field,recover-20221013,001,1795
425.5665,425.5781,23750,29131,Nyctalus leisleri,0.014,0.029,-1,Echolocation,/mnt/ubna_data_02_mir/recover-20221013/UBNA_001/20221012_030000.WAV,Telephone Field,recover-20221013,001,1795
425.5975,425.6072,24609,31455,Eptesicus serotinus,0.008,0.022,-1,Echolocation,/mnt/ubna_data_02_mir/recover-20221013/UBNA_001/20221012_030000.WAV,Telephone Field,recover-20221013,001,1795
425.6165,425.6572,68437,82569,Rhinolophus ferrumequinum,0.023,0.023,-1,Echolocation,/mnt/ubna_data_02_mir/recover-20221013/UBNA_001/20221012_030000.WAV,Telephone Field,recover-20221013,001,1795
425.6175,425.6262,55546,59814,Pipistrellus pygmaeus,0.021,0.022,-1,Echolocation,/mnt/ubna_data_02_mir/recover-20221013/UBNA_001/20221012_030000.WAV,Telephone Field,recover-20221013,001,1795
425.6805,425.6872,26328,35246,Eptesicus serotinus,0.007,0.025,-1,Echolocation,/mnt/ubna_data_02_mir/recover-20221013/UBNA_001/20221012_030000.WAV,Telephone Field,recover-20221013,001,1795
425.7105,425.7468,68437,81628,Rhinolophus ferrumequinum,0.022,0.022,-1,Echolocation,/mnt/ubna_data_02_mir/recover-20221013/UBNA_001/20221012_030000.WAV,Telephone Field,recover-20221013,001,1795
425.7355,425.7739,68437,81861,Rhinolophus ferrumequinum,0.021,0.021,-1,Echolocation,/mnt/ubna_data_02_mir/recover-20221013/UBNA_001/20221012_030000.WAV,Telephone Field,recover-20221013,001,1795
425.7515,425.7615,22890,28735,Nyctalus leisleri,0.011,0.026,-1,Echolocation,/mnt/ubna_data_02_mir/recover-20221013/UBNA_001/20221012_030000.WAV,Telephone Field,recover-20221013,001,1795
425.7835,425.794,46953,50981,Pipistrellus pipistrellus,0.034,0.036,-1,Echolocation,/mnt/ubna_data_02_mir/recover-20221013/UBNA_001/20221012_030000.WAV,Telephone Field,recover-20221013,001,1795
425.7865,425.7947,28046,40992,Eptesicus serotinus,0.007,0.021,-1,Echolocation,/mnt/ubna_data_02_mir/recover-20221013/UBNA_001/20221012_030000.WAV,Telephone Field,recover-20221013,001,1795
425.7975,425.808,28906,35058,Eptesicus serotinus,0.016,0.032,-1,Echolocation,/mnt/ubna_data_02_mir/recover-20221013/UBNA_001/20221012_030000.WAV,Telephone Field,recover-20221013,001,1795
425.8065,425.8446,68437,81928,Rhinolophus ferrumequinum,0.023,0.023,-1,Echolocation,/mnt/ubna_data_02_mir/recover-20221013/UBNA_001/20221012_030000.WAV,Telephone Field,recover-20221013,001,1795
425.8175,425.8279,22031,27518,Nyctalus leisleri,0.01,0.023,-1,Echolocation,/mnt/ubna_data_02_mir/recover-20221013/UBNA_001/20221012_030000.WAV,Telephone Field,recover-20221013,001,1795
425.8315,425.8715,68437,82537,Rhinolophus ferrumequinum,0.023,0.023,-1,Echolocation,/mnt/ubna_data_02_mir/recover-20221013/UBNA_001/20221012_030000.WAV,Telephone Field,recover-20221013,001,1795
425.8655,425.9059,68437,82671,Rhinolophus ferrumequinum,0.022,0.022,-1,Echolocation,/mnt/ubna_data_02_mir/recover-20221013/UBNA_001/20221012_030000.WAV,Telephone Field,recover-20221013,001,1795
425.8705,425.9099,68437,82201,Rhinolophus ferrumequinum,0.022,0.022,-1,Echolocation,/mnt/ubna_data_02_mir/recover-20221013/UBNA_001/20221012_030000.WAV,Telephone Field,recover-20221013,001,1795
425.9125,425.9206,27187,39577,Eptesicus serotinus,0.008,0.025,-1,Echolocation,/mnt/ubna_data_02_mir/recover-20221013/UBNA_001/20221012_030000.WAV,Telephone Field,recover-20221013,001,1795
425.9305,425.9704,68437,82312,Rhinolophus ferrumequinum,0.024,0.024,-1,Echolocation,/mnt/ubna_data_02_mir/recover-20221013/UBNA_001/20221012_030000.WAV,Telephone Field,recover-20221013,001,1795
425.9525,425.9869,68437,80830,Rhinolophus ferrumequinum,0.026,0.026,-1,Echolocation,/mnt/ubna_data_02_mir/recover-20221013/UBNA_001/20221012_030000.WAV,Telephone Field,recover-20221013,001,1795
425.9575,425.9706,22890,28032,Nyctalus leisleri,0.019,0.041,-1,Echolocation,/mnt/ubna_data_02_mir/recover-20221013/UBNA_001/20221012_030000.WAV,Telephone Field,recover-20221013,001,1795
426.0015,426.0095,24609,32653,Nyctalus leisleri,0.009,0.027,-1,Echolocation,/mnt/ubna_data_02_mir/recover-20221013/UBNA_001/20221012_030000.WAV,Telephone Field,recover-20221013,001,1795
426.0015,426.0346,68437,79521,Rhinolophus ferrumequinum,0.033,0.033,-1,Echolocation,/mnt/ubna_data_02_mir/recover-20221013/UBNA_001/20221012_030000.WAV,Telephone Field,recover-20221013,001,1795
426.0015,426.0097,44375,49494,Pipistrellus pipistrellus,0.015,0.021,-1,Echolocation,/mnt/ubna_data_02_mir/recover-20221013/UBNA_001/20221012_030000.WAV,Telephone Field,recover-20221013,001,1795
426.0075,426.048,68437,82189,Rhinolophus ferrumequinum,0.027,0.027,-1,Echolocation,/mnt/ubna_data_02_mir/recover-20221013/UBNA_001/20221012_030000.WAV,Telephone Field,recover-20221013,001,1795
426.0645,426.077,28046,33513,Eptesicus serotinus,0.02,0.037,-1,Echolocation,/mnt/ubna_data_02_mir/recover-20221013/UBNA_001/20221012_030000.WAV,Telephone Field,recover-20221013,001,1795
426.0805,426.1205,68437,82280,Rhinolophus ferrumequinum,0.021,0.022,-1,Echolocation,/mnt/ubna_data_02_mir/recover-20221013/UBNA_001/20221012_030000.WAV,Telephone Field,recover-20221013,001,1795
426.0875,426.0942,23750,33325,Plecotus austriacus,0.012,0.026,-1,Echolocation,/mnt/ubna_data_02_mir/recover-20221013/UBNA_001/20221012_030000.WAV,Telephone Field,recover-20221013,001,1795
426.1035,426.111,27187,38723,Eptesicus serotinus,0.007,0.021,-1,Echolocation,/mnt/ubna_data_02_mir/recover-20221013/UBNA_001/20221012_030000.WAV,Telephone Field,recover-20221013,001,1795
426.1085,426.1505,68437,82148,Rhinolophus ferrumequinum,0.021,0.021,-1,Echolocation,/mnt/ubna_data_02_mir/recover-20221013/UBNA_001/20221012_030000.WAV,Telephone Field,recover-20221013,001,1795
426.1155,426.1562,68437,82309,Rhinolophus ferrumequinum,0.022,0.022,-1,Echolocation,/mnt/ubna_data_02_mir/recover-20221013/UBNA_001/20221012_030000.WAV,Telephone Field,recover-20221013,001,1795
426.1215,426.1595,68437,82202,Rhinolophus ferrumequinum,0.021,0.021,-1,Echolocation,/mnt/ubna_data_02_mir/recover-20221013/UBNA_001/20221012_030000.WAV,Telephone Field,recover-20221013,001,1795
426.1305,426.1376,27187,38008,Eptesicus serotinus,0.006,0.022,-1,Echolocation,/mnt/ubna_data_02_mir/recover-20221013/UBNA_001/20221012_030000.WAV,Telephone Field,recover-20221013,001,1795
426.1515,426.1572,34921,42613,Myotis daubentonii,0.013,0.03,-1,Echolocation,/mnt/ubna_data_02_mir/recover-20221013/UBNA_001/20221012_030000.WAV,Telephone Field,recover-20221013,001,1795
426.1535,426.1595,26328,40236,Myotis nattereri,0.005,0.025,-1,Echolocation,/mnt/ubna_data_02_mir/recover-20221013/UBNA_001/20221012_030000.WAV,Telephone Field,recover-20221013,001,1795
426.2125,426.251,68437,82353,Rhinolophus ferrumequinum,0.029,0.029,-1,Echolocation,/mnt/ubna_data_02_mir/recover-20221013/UBNA_001/20221012_030000.WAV,Telephone Field,recover-20221013,001,1795
426.2315,426.2421,23750,29029,Nyctalus leisleri,0.012,0.026,-1,Echolocation,/mnt/ubna_data_02_mir/recover-20221013/UBNA_001/20221012_030000.WAV,Telephone Field,recover-20221013,001,1795
426.2735,426.2843,34062,40274,Barbastellus barbastellus,0.005,0.023,-1,Echolocation,/mnt/ubna_data_02_mir/recover-20221013/UBNA_001/20221012_030000.WAV,Telephone Field,recover-20221013,001,1795
426.2745,426.3127,68437,81269,Rhinolophus ferrumequinum,0.023,0.023,-1,Echolocation,/mnt/ubna_data_02_mir/recover-20221013/UBNA_001/20221012_030000.WAV,Telephone Field,recover-20221013,001,1795
426.2745,426.283,27187,38005,Eptesicus serotinus,0.007,0.021,-1,Echolocation,/mnt/ubna_data_02_mir/recover-20221013/UBNA_001/20221012_030000.WAV,Telephone Field,recover-20221013,001,1795
426.2945,426.305,22890,27045,Nyctalus leisleri,0.011,0.021,-1,Echolocation,/mnt/ubna_data_02_mir/recover-20221013/UBNA_001/20221012_030000.WAV,Telephone Field,recover-20221013,001,1795
426.3045,426.3436,68437,82239,Rhinolophus ferrumequinum,0.022,0.022,-1,Echolocation,/mnt/ubna_data_02_mir/recover-20221013/UBNA_001/20221012_030000.WAV,Telephone Field,recover-20221013,001,1795
426.3315,426.3728,68437,82801,Rhinolophus ferrumequinum,0.028,0.028,-1,Echolocation,/mnt/ubna_data_02_mir/recover-20221013/UBNA_001/20221012_030000.WAV,Telephone Field,recover-20221013,001,1795
426.3715,426.409,68437,82100,Rhinolophus ferrumequinum,0.023,0.023,-1,Echolocation,/mnt/ubna_data_02_mir/recover-20221013/UBNA_001/20221012_030000.WAV,Telephone Field,recover-20221013,001,1795
426.3875,426.3978,22031,27817,Nyctalus leisleri,0.008,0.021,-1,Echolocation,/mnt/ubna_data_02_mir/recover-20221013/UBNA_001/20221012_030000.WAV,Telephone Field,recover-20221013,001,1795
426.4035,426.4428,68437,82153,Rhinolophus ferrumequinum,0.021,0.022,-1,Echolocation,/mnt/ubna_data_02_mir/recover-20221013/UBNA_001/20221012_030000.WAV,Telephone Field,recover-20221013,001,1795
426.4425,426.4797,68437,81512,Rhinolophus ferrumequinum,0.024,0.025,-1,Echolocation,/mnt/ubna_data_02_mir/recover-20221013/UBNA_001/20221012_030000.WAV,Telephone Field,recover-20221013,001,1795
426.4875,426.5261,68437,81460,Rhinolophus ferrumequinum,0.021,0.021,-1,Echolocation,/mnt/ubna_data_02_mir/recover-20221013/UBNA_001/20221012_030000.WAV,Telephone Field,recover-20221013,001,1795
426.4965,426.5358,68437,82172,Rhinolophus ferrumequinum,0.023,0.023,-1,Echolocation,/mnt/ubna_data_02_mir/recover-20221013/UBNA_001/20221012_030000.WAV,Telephone Field,recover-20221013,001,1795
426.5055,426.5138,27187,37079,Eptesicus serotinus,0.008,0.023,-1,Echolocation,/mnt/ubna_data_02_mir/recover-20221013/UBNA_001/20221012_030000.WAV,Telephone Field,recover-20221013,001,1795
426.5165,426.527,22031,27051,Nyctalus leisleri,0.01,0.022,-1,Echolocation,/mnt/ubna_data_02_mir/recover-20221013/UBNA_001/20221012_030000.WAV,Telephone Field,recover-20221013,001,1795
426.5235,426.5621,68437,82169,Rhinolophus ferrumequinum,0.022,0.022,-1,Echolocation,/mnt/ubna_data_02_mir/recover-20221013/UBNA_001/20221012_030000.WAV,Telephone Field,recover-20221013,001,1795
426.5385,426.5466,28046,37592,Eptesicus serotinus,0.007,0.021,-1,Echolocation,/mnt/ubna_data_02_mir/recover-20221013/UBNA_001/20221012_030000.WAV,Telephone Field,recover-20221013,001,1795
426.5625,426.602,68437,81513,Rhinolophus ferrumequinum,0.021,0.021,-1,Echolocation,/mnt/ubna_data_02_mir/recover-20221013/UBNA_001/20221012_030000.WAV,Telephone Field,recover-20221013,001,1795
426.5995,426.6072,26328,34382,Eptesicus serotinus,0.01,0.026,-1,Echolocation,/mnt/ubna_data_02_mir/recover-20221013/UBNA_001/20221012_030000.WAV,Telephone Field,recover-20221013,001,1795
426.6095,426.6486,68437,82184,Rhinolophus ferrumequinum,0.022,0.022,-1,Echolocation,/mnt/ubna_data_02_mir/recover-20221013/UBNA_001/20221012_030000.WAV,Telephone Field,recover-20221013,001,1795
426.6545,426.6942,68437,82703,Rhinolophus ferrumequinum,0.025,0.025,-1,Echolocation,/mnt/ubna_data_02_mir/recover-20221013/UBNA_001/20221012_030000.WAV,Telephone Field,recover-20221013,001,1795
426.6695,426.7064,68437,81822,Rhinolophus ferrumequinum,0.024,0.024,-1,Echolocation,/mnt/ubna_data_02_mir/recover-20221013/UBNA_001/20221012_030000.WAV,Telephone Field,recover-20221013,001,1795
426.6805,426.7203,68437,81797,Rhinolophus ferrumequinum,0.02,0.021,-1,Echolocation,/mnt/ubna_data_02_mir/recover-20221013/UBNA_001/20221012_030000.WAV,Telephone Field,recover-20221013,001,1795
426.7025,426.7111,27187,37078,Eptesicus serotinus,0.007,0.023,-1,Echolocation,/mnt/ubna_data_02_mir/recover-20221013/UBNA_001/20221012_030000.WAV,Telephone Field,recover-20221013,001,1795
426.7225,426.7624,68437,82740,Rhinolophus ferrumequinum,0.023,0.023,-1,Echolocation,/mnt/ubna_data_02_mir/recover-20221013/UBNA_001/20221012_030000.WAV,Telephone Field,recover-20221013,001,1795
426.7435,426.7533,23750,29467,Nyctalus leisleri,0.009,0.025,-1,Echolocation,/mnt/ubna_data_02_mir/recover-20221013/UBNA_001/20221012_030000.WAV,Telephone Field,recover-20221013,001,1795
426.7535,426.7934,68437,82528,Rhinolophus ferrumequinum,0.029,0.029,-1,Echolocation,/mnt/ubna_data_02_mir/recover-20221013/UBNA_001/20221012_030000.WAV,Telephone Field,recover-20221013,001,1795
426.8075,426.8487,68437,83207,Rhinolophus ferrumequinum,0.026,0.026,-1,Echolocation,/mnt/ubna_data_02_mir/recover-20221013/UBNA_001/20221012_030000.WAV,Telephone Field,recover-20221013,001,1795
426.8155,426.828,27187,31956,Eptesicus serotinus,0.013,0.033,-1,Echolocation,/mnt/ubna_data_02_mir/recover-20221013/UBNA_001/20221012_030000.WAV,Telephone Field,recover-20221013,001,1795
426.8455,426.8808,68437,81403,Rhinolophus ferrumequinum,0.021,0.021,-1,Echolocation,/mnt/ubna_data_02_mir/recover-20221013/UBNA_001/20221012_030000.WAV,Telephone Field,recover-20221013,001,1795
426.8615,426.8999,68437,82335,Rhinolophus ferrumequinum,0.026,0.026,-1,Echolocation,/mnt/ubna_data_02_mir/recover-20221013/UBNA_001/20221012_030000.WAV,Telephone Field,recover-20221013,001,1795
426.8885,426.9308,68437,82888,Rhinolophus ferrumequinum,0.031,0.031,-1,Echolocation,/mnt/ubna_data_02_mir/recover-20221013/UBNA_001/20221012_030000.WAV,Telephone Field,recover-20221013,001,1795
426.9045,426.9168,22890,27881,Nyctalus leisleri,0.011,0.023,-1,Echolocation,/mnt/ubna_data_02_mir/recover-20221013/UBNA_001/20221012_030000.WAV,Telephone Field,recover-20221013,001,1795
426.9325,426.9694,68437,82050,Rhinolophus ferrumequinum,0.021,0.021,-1,Echolocation,/mnt/ubna_data_02_mir/recover-20221013/UBNA_001/20221012_030000.WAV,Telephone Field,recover-20221013,001,1795
426.9635,427.0032,68437,82693,Rhinolophus ferrumequinum,0.024,0.024,-1,Echolocation,/mnt/ubna_data_02_mir/recover-20221013/UBNA_001/20221012_030000.WAV,Telephone Field,recover-20221013,001,1795
426.9655,426.9749,23750,30623,Nyctalus leisleri,0.009,0.025,-1,Echolocation,/mnt/ubna_data_02_mir/recover-20221013/UBNA_001/20221012_030000.WAV,Telephone Field,recover-20221013,001,1795
426.9895,427.0003,28906,36426,Eptesicus serotinus,0.011,0.023,-1,Echolocation,/mnt/ubna_data_02_mir/recover-20221013/UBNA_001/20221012_030000.WAV,Telephone Field,recover-20221013,001,1795
426.9915,427.028,68437,80911,Rhinolophus ferrumequinum,0.021,0.021,-1,Echolocation,/mnt/ubna_data_02_mir/recover-20221013/UBNA_001/20221012_030000.WAV,Telephone Field,recover-20221013,001,1795
427.0065,427.0447,68437,82107,Rhinolophus ferrumequinum,0.022,0.022,-1,Echolocation,/mnt/ubna_data_02_mir/recover-20221013/UBNA_001/20221012_030000.WAV,Telephone Field,recover-20221013,001,1795
427.0315,427.0403,25468,33432,Eptesicus serotinus,0.007,0.022,-1,Echolocation,/mnt/ubna_data_02_mir/recover-20221013/UBNA_001/20221012_030000.WAV,Telephone Field,recover-20221013,001,1795
427.0815,427.0888,28046,39685,Eptesicus serotinus,0.008,0.025,-1,Echolocation,/mnt/ubna_data_02_mir/recover-20221013/UBNA_001/20221012_030000.WAV,Telephone Field,recover-20221013,001,1795
427.0915,427.1306,68437,82571,Rhinolophus ferrumequinum,0.021,0.021,-1,Echolocation,/mnt/ubna_data_02_mir/recover-20221013/UBNA_001/20221012_030000.WAV,Telephone Field,recover-20221013,001,1795
427.1885,427.2264,68437,82071,Rhinolophus ferrumequinum,0.022,0.022,-1,Echolocation,/mnt/ubna_data_02_mir/recover-20221013/UBNA_001/20221012_030000.WAV,Telephone Field,recover-20221013,001,1795
427.2275,427.2346,33203,44858,Myotis daubentonii,0.008,0.022,-1,Echolocation,/mnt/ubna_data_02_mir/recover-20221013/UBNA_001/20221012_030000.WAV,Telephone Field,recover-20221013,001,1795
427.2275,427.2349,26328,39146,Eptesicus serotinus,0.006,0.022,-1,Echolocation,/mnt/ubna_data_02_mir/recover-20221013/UBNA_001/20221012_030000.WAV,Telephone Field,recover-20221013,001,1795
427.2405,427.2776,68437,82251,Rhinolophus ferrumequinum,0.022,0.022,-1,Echolocation,/mnt/ubna_data_02_mir/recover-20221013/UBNA_001/20221012_030000.WAV,Telephone Field,recover-20221013,001,1795
427.2705,427.3111,68437,83058,Rhinolophus ferrumequinum,0.029,0.029,-1,Echolocation,/mnt/ubna_data_02_mir/recover-20221013/UBNA_001/20221012_030000.WAV,Telephone Field,recover-20221013,001,1795
427.2815,427.319,68437,82120,Rhinolophus ferrumequinum,0.022,0.022,-1,Echolocation,/mnt/ubna_data_02_mir/recover-20221013/UBNA_001/20221012_030000.WAV,Telephone Field,recover-20221013,001,1795
427.3105,427.3181,28046,37198,Eptesicus serotinus,0.006,0.021,-1,Echolocation,/mnt/ubna_data_02_mir/recover-20221013/UBNA_001/20221012_030000.WAV,Telephone Field,recover-20221013,001,1795
427.3125,427.3202,48671,56768,Pipistrellus pipistrellus,0.022,0.024,-1,Echolocation,/mnt/ubna_data_02_mir/recover-20221013/UBNA_001/20221012_030000.WAV,Telephone Field,recover-20221013,001,1795
427.3695,427.407,68437,81656,Rhinolophus ferrumequinum,0.021,0.021,-1,Echolocation,/mnt/ubna_data_02_mir/recover-20221013/UBNA_001/20221012_030000.WAV,Telephone Field,recover-20221013,001,1795
427.3975,427.4043,47812,52888,Pipistrellus pipistrellus,0.027,0.029,-1,Echolocation,/mnt/ubna_data_02_mir/recover-20221013/UBNA_001/20221012_030000.WAV,Telephone Field,recover-20221013,001,1795
427.4285,427.4347,29765,38444,Barbastellus barbastellus,0.018,0.05,-1,Echolocation,/mnt/ubna_data_02_mir/recover-20221013/UBNA_001/20221012_030000.WAV,Telephone Field,recover-20221013,001,1795
427.4595,427.4978,68437,82099,Rhinolophus ferrumequinum,0.038,0.038,-1,Echolocation,/mnt/ubna_data_02_mir/recover-20221013/UBNA_001/20221012_030000.WAV,Telephone Field,recover-20221013,001,1795
427.4765,427.485,48671,54265,Pipistrellus pipistrellus,0.024,0.026,-1,Echolocation,/mnt/ubna_data_02_mir/recover-20221013/UBNA_001/20221012_030000.WAV,Telephone Field,recover-20221013,001,1795
427.4875,427.4938,32343,43282,Myotis daubentonii,0.019,0.045,-1,Echolocation,/mnt/ubna_data_02_mir/recover-20221013/UBNA_001/20221012_030000.WAV,Telephone Field,recover-20221013,001,1795
427.4955,427.506,23750,29417,Nyctalus leisleri,0.01,0.022,-1,Echolocation,/mnt/ubna_data_02_mir/recover-20221013/UBNA_001/20221012_030000.WAV,Telephone Field,recover-20221013,001,1795
427.5115,427.5171,47812,53517,Pipistrellus pipistrellus,0.021,0.023,-1,Echolocation,/mnt/ubna_data_02_mir/recover-20221013/UBNA_001/20221012_030000.WAV,Telephone Field,recover-20221013,001,1795
427.5125,427.5181,38359,59956,Myotis mystacinus,0.007,0.021,-1,Echolocation,/mnt/ubna_data_02_mir/recover-20221013/UBNA_001/20221012_030000.WAV,Telephone Field,recover-20221013,001,1795
427.5485,427.5585,34062,39691,Barbastellus barbastellus,0.023,0.054,-1,Echolocation,/mnt/ubna_data_02_mir/recover-20221013/UBNA_001/20221012_030000.WAV,Telephone Field,recover-20221013,001,1795
427.5835,427.624,68437,83228,Rhinolophus ferrumequinum,0.028,0.028,-1,Echolocation,/mnt/ubna_data_02_mir/recover-20221013/UBNA_001/20221012_030000.WAV,Telephone Field,recover-20221013,001,1795
427.5845,427.5926,28046,38772,Eptesicus serotinus,0.008,0.022,-1,Echolocation,/mnt/ubna_data_02_mir/recover-20221013/UBNA_001/20221012_030000.WAV,Telephone Field,recover-20221013,001,1795
427.6125,427.6494,68437,82027,Rhinolophus ferrumequinum,0.022,0.022,-1,Echolocation,/mnt/ubna_data_02_mir/recover-20221013/UBNA_001/20221012_030000.WAV,Telephone Field,recover-20221013,001,1795
427.6545,427.6622,32343,39607,Barbastellus barbastellus,0.035,0.063,-1,Echolocation,/mnt/ubna_data_02_mir/recover-20221013/UBNA_001/20221012_030000.WAV,Telephone Field,recover-20221013,001,1795
427.6675,427.6786,23750,30072,Nyctalus leisleri,0.01,0.026,-1,Echolocation,/mnt/ubna_data_02_mir/recover-20221013/UBNA_001/20221012_030000.WAV,Telephone Field,recover-20221013,001,1795
427.6815,427.72090000000003,68437,82230,Rhinolophus ferrumequinum,0.021,0.021,-1,Echolocation,/mnt/ubna_data_02_mir/recover-20221013/UBNA_001/20221012_030000.WAV,Telephone Field,recover-20221013,001,1795
427.7075,427.7438,68437,81917,Rhinolophus ferrumequinum,0.021,0.021,-1,Echolocation,/mnt/ubna_data_02_mir/recover-20221013/UBNA_001/20221012_030000.WAV,Telephone Field,recover-20221013,001,1795
427.7215,427.729,28046,39429,Eptesicus serotinus,0.007,0.022,-1,Echolocation,/mnt/ubna_data_02_mir/recover-20221013/UBNA_001/20221012_030000.WAV,Telephone Field,recover-20221013,001,1795
427.7355,427.7761,68437,82302,Rhinolophus ferrumequinum,0.022,0.022,-1,Echolocation,/mnt/ubna_data_02_mir/recover-20221013/UBNA_001/20221012_030000.WAV,Telephone Field,recover-20221013,001,1795
427.7555,427.7926,68437,81752,Rhinolophus ferrumequinum,0.023,0.023,-1,Echolocation,/mnt/ubna_data_02_mir/recover-20221013/UBNA_001/20221012_030000.WAV,Telephone Field,recover-20221013,001,1795
427.8075,427.848,68437,82711,Rhinolophus ferrumequinum,0.027,0.027,-1,Echolocation,/mnt/ubna_data_02_mir/recover-20221013/UBNA_001/20221012_030000.WAV,Telephone Field,recover-20221013,001,1795
427.8105,427.8196,28046,38345,Eptesicus serotinus,0.01,0.026,-1,Echolocation,/mnt/ubna_data_02_mir/recover-20221013/UBNA_001/20221012_030000.WAV,Telephone Field,recover-20221013,001,1795
427.8705,427.8824,40937,44386,Pipistrellus pipistrellus,0.013,0.021,-1,Echolocation,/mnt/ubna_data_02_mir/recover-20221013/UBNA_001/20221012_030000.WAV,Telephone Field,recover-20221013,001,1795
427.9095,427.9184,28906,38916,Eptesicus serotinus,0.007,0.021,-1,Echolocation,/mnt/ubna_data_02_mir/recover-20221013/UBNA_001/20221012_030000.WAV,Telephone Field,recover-20221013,001,1795
427.9135,427.9507,68437,81209,Rhinolophus ferrumequinum,0.022,0.022,-1,Echolocation,/mnt/ubna_data_02_mir/recover-20221013/UBNA_001/20221012_030000.WAV,Telephone Field,recover-20221013,001,1795
427.9455,427.9832,68437,82207,Rhinolophus ferrumequinum,0.023,0.023,-1,Echolocation,/mnt/ubna_data_02_mir/recover-20221013/UBNA_001/20221012_030000.WAV,Telephone Field,recover-20221013,001,1795
427.9565,427.9687,37500,41907,Pipistrellus nathusii,0.019,0.03,-1,Echolocation,/mnt/ubna_data_02_mir/recover-20221013/UBNA_001/20221012_030000.WAV,Telephone Field,recover-20221013,001,1795
427.9855,427.9962,28906,35992,Eptesicus serotinus,0.012,0.027,-1,Echolocation,/mnt/ubna_data_02_mir/recover-20221013/UBNA_001/20221012_030000.WAV,Telephone Field,recover-20221013,001,1795
428.0015,428.0112,23750,30193,Nyctalus leisleri,0.01,0.028,-1,Echolocation,/mnt/ubna_data_02_mir/recover-20221013/UBNA_001/20221012_030000.WAV,Telephone Field,recover-20221013,001,1795
428.0015,428.0377,68437,80312,Rhinolophus ferrumequinum,0.081,0.081,-1,Echolocation,/mnt/ubna_data_02_mir/recover-20221013/UBNA_001/20221012_030000.WAV,Telephone Field,recover-20221013,001,1795
428.0015,428.0161,56406,63018,Pipistrellus pygmaeus,0.019,0.022,-1,Echolocation,/mnt/ubna_data_02_mir/recover-20221013/UBNA_001/20221012_030000.WAV,Telephone Field,recover-20221013,001,1795
428.0085,428.0565,68437,83621,Rhinolophus ferrumequinum,0.025,0.025,-1,Echolocation,/mnt/ubna_data_02_mir/recover-20221013/UBNA_001/20221012_030000.WAV,Telephone Field,recover-20221013,001,1795
428.0205,428.0283,24609,33309,Plecotus austriacus,0.011,0.033,-1,Echolocation,/mnt/ubna_data_02_mir/recover-20221013/UBNA_001/20221012_030000.WAV,Telephone Field,recover-20221013,001,1795
428.04449999999997,428.0855,68437,82607,Rhinolophus ferrumequinum,0.02,0.02,-1,Echolocation,/mnt/ubna_data_02_mir/recover-20221013/UBNA_001/20221012_030000.WAV,Telephone Field,recover-20221013,001,1795
428.0785,428.1161,68437,81989,Rhinolophus ferrumequinum,0.024,0.024,-1,Echolocation,/mnt/ubna_data_02_mir/recover-20221013/UBNA_001/20221012_030000.WAV,Telephone Field,recover-20221013,001,1795
428.1065,428.1466,68437,82248,Rhinolophus ferrumequinum,0.025,0.025,-1,Echolocation,/mnt/ubna_data_02_mir/recover-20221013/UBNA_001/20221012_030000.WAV,Telephone Field,recover-20221013,001,1795
428.1085,428.1154,28046,41663,Eptesicus serotinus,0.006,0.022,-1,Echolocation,/mnt/ubna_data_02_mir/recover-20221013/UBNA_001/20221012_030000.WAV,Telephone Field,recover-20221013,001,1795
428.1465,428.1873,68437,82561,Rhinolophus ferrumequinum,0.025,0.025,-1,Echolocation,/mnt/ubna_data_02_mir/recover-20221013/UBNA_001/20221012_030000.WAV,Telephone Field,recover-20221013,001,1795
428.1485,428.159,24609,31106,Nyctalus leisleri,0.009,0.024,-1,Echolocation,/mnt/ubna_data_02_mir/recover-20221013/UBNA_001/20221012_030000.WAV,Telephone Field,recover-20221013,001,1795
428.1545,428.1933,68437,81957,Rhinolophus ferrumequinum,0.02,0.021,-1,Echolocation,/mnt/ubna_data_02_mir/recover-20221013/UBNA_001/20221012_030000.WAV,Telephone Field,recover-20221013,001,1795
428.1585,428.1669,28906,40072,Eptesicus serotinus,0.009,0.022,-1,Echolocation,/mnt/ubna_data_02_mir/recover-20221013/UBNA_001/20221012_030000.WAV,Telephone Field,recover-20221013,001,1795
428.2145,428.2272,24609,29169,Nyctalus leisleri,0.01,0.022,-1,Echolocation,/mnt/ubna_data_02_mir/recover-20221013/UBNA_001/20221012_030000.WAV,Telephone Field,recover-20221013,001,1795
428.2145,428.2592,68437,83459,Rhinolophus ferrumequinum,0.055,0.055,-1,Echolocation,/mnt/ubna_data_02_mir/recover-20221013/UBNA_001/20221012_030000.WAV,Telephone Field,recover-20221013,001,1795
428.2465,428.2541,23750,31433,Plecotus austriacus,0.007,0.022,-1,Echolocation,/mnt/ubna_data_02_mir/recover-20221013/UBNA_001/20221012_030000.WAV,Telephone Field,recover-20221013,001,1795
428.2745,428.3136,68437,82323,Rhinolophus ferrumequinum,0.021,0.021,-1,Echolocation,/mnt/ubna_data_02_mir/recover-20221013/UBNA_001/20221012_030000.WAV,Telephone Field,recover-20221013,001,1795
428.3045,428.3116,28906,42425,Eptesicus serotinus,0.008,0.023,-1,Echolocation,/mnt/ubna_data_02_mir/recover-20221013/UBNA_001/20221012_030000.WAV,Telephone Field,recover-20221013,001,1795
428.3205,428.3288,23750,30389,Plecotus austriacus,0.009,0.022,-1,Echolocation,/mnt/ubna_data_02_mir/recover-20221013/UBNA_001/20221012_030000.WAV,Telephone Field,recover-20221013,001,1795
428.3385,428.347,24609,32297,Plecotus austriacus,0.006,0.02,-1,Echolocation,/mnt/ubna_data_02_mir/recover-20221013/UBNA_001/20221012_030000.WAV,Telephone Field,recover-20221013,001,1795
428.3545,428.3631,25468,35748,Eptesicus serotinus,0.008,0.02,-1,Echolocation,/mnt/ubna_data_02_mir/recover-20221013/UBNA_001/20221012_030000.WAV,Telephone Field,recover-20221013,001,1795
428.4065,428.4426,68437,81059,Rhinolophus ferrumequinum,0.02,0.02,-1,Echolocation,/mnt/ubna_data_02_mir/recover-20221013/UBNA_001/20221012_030000.WAV,Telephone Field,recover-20221013,001,1795
428.4525,428.4945,68437,83312,Rhinolophus ferrumequinum,0.031,0.031,-1,Echolocation,/mnt/ubna_data_02_mir/recover-20221013/UBNA_001/20221012_030000.WAV,Telephone Field,recover-20221013,001,1795
428.4575,428.4655,24609,32635,Plecotus austriacus,0.006,0.02,-1,Echolocation,/mnt/ubna_data_02_mir/recover-20221013/UBNA_001/20221012_030000.WAV,Telephone Field,recover-20221013,001,1795
428.4685,428.478,25468,32552,Eptesicus serotinus,0.009,0.022,-1,Echolocation,/mnt/ubna_data_02_mir/recover-20221013/UBNA_001/20221012_030000.WAV,Telephone Field,recover-20221013,001,1795
428.5155,428.5584,68437,82867,Rhinolophus ferrumequinum,0.024,0.024,-1,Echolocation,/mnt/ubna_data_02_mir/recover-20221013/UBNA_001/20221012_030000.WAV,Telephone Field,recover-20221013,001,1795
428.5385,428.5748,68437,81617,Rhinolophus ferrumequinum,0.02,0.02,-1,Echolocation,/mnt/ubna_data_02_mir/recover-20221013/UBNA_001/20221012_030000.WAV,Telephone Field,recover-20221013,001,1795
428.5485,428.5886,68437,82413,Rhinolophus ferrumequinum,0.024,0.024,-1,Echolocation,/mnt/ubna_data_02_mir/recover-20221013/UBNA_001/20221012_030000.WAV,Telephone Field,recover-20221013,001,1795
428.5755,428.6159,68437,82223,Rhinolophus ferrumequinum,0.021,0.021,-1,Echolocation,/mnt/ubna_data_02_mir/recover-20221013/UBNA_001/20221012_030000.WAV,Telephone Field,recover-20221013,001,1795
428.5925,428.6035,14296,18921,Nyctalus noctula,0.01,0.023,-1,Echolocation,/mnt/ubna_data_02_mir/recover-20221013/UBNA_001/20221012_030000.WAV,Telephone Field,recover-20221013,001,1795
428.6315,428.6416,43515,48028,Pipistrellus pipistrellus,0.015,0.02,-1,Echolocation,/mnt/ubna_data_02_mir/recover-20221013/UBNA_001/20221012_030000.WAV,Telephone Field,recover-20221013,001,1795
428.6555,428.6913,68437,81260,Rhinolophus ferrumequinum,0.021,0.021,-1,Echolocation,/mnt/ubna_data_02_mir/recover-20221013/UBNA_001/20221012_030000.WAV,Telephone Field,recover-20221013,001,1795
428.6885,428.7279,68437,82197,Rhinolophus ferrumequinum,0.02,0.02,-1,Echolocation,/mnt/ubna_data_02_mir/recover-20221013/UBNA_001/20221012_030000.WAV,Telephone Field,recover-20221013,001,1795
428.6965,428.7387,68437,82775,Rhinolophus ferrumequinum,0.022,0.022,-1,Echolocation,/mnt/ubna_data_02_mir/recover-20221013/UBNA_001/20221012_030000.WAV,Telephone Field,recover-20221013,001,1795
428.7185,428.7273,28046,39142,Eptesicus serotinus,0.008,0.02,-1,Echolocation,/mnt/ubna_data_02_mir/recover-20221013/UBNA_001/20221012_030000.WAV,Telephone Field,recover-20221013,001,1795
428.7515,428.7885,68437,81563,Rhinolophus ferrumequinum,0.021,0.021,-1,Echolocation,/mnt/ubna_data_02_mir/recover-20221013/UBNA_001/20221012_030000.WAV,Telephone Field,recover-20221013,001,1795
428.8095,428.819,27187,37708,Eptesicus serotinus,0.009,0.021,-1,Echolocation,/mnt/ubna_data_02_mir/recover-20221013/UBNA_001/20221012_030000.WAV,Telephone Field,recover-20221013,001,1795
428.8245,428.8634,68437,82114,Rhinolophus ferrumequinum,0.021,0.021,-1,Echolocation,/mnt/ubna_data_02_mir/recover-20221013/UBNA_001/20221012_030000.WAV,Telephone Field,recover-20221013,001,1795
428.8315,428.8702,68437,82113,Rhinolophus ferrumequinum,0.021,0.021,-1,Echolocation,/mnt/ubna_data_02_mir/recover-20221013/UBNA_001/20221012_030000.WAV,Telephone Field,recover-20221013,001,1795
428.8555,428.8935,68437,81716,Rhinolophus ferrumequinum,0.021,0.021,-1,Echolocation,/mnt/ubna_data_02_mir/recover-20221013/UBNA_001/20221012_030000.WAV,Telephone Field,recover-20221013,001,1795
428.8645,428.9039,68437,82854,Rhinolophus ferrumequinum,0.023,0.023,-1,Echolocation,/mnt/ubna_data_02_mir/recover-20221013/UBNA_001/20221012_030000.WAV,Telephone Field,recover-20221013,001,1795
428.8995,428.9414,68437,83312,Rhinolophus ferrumequinum,0.03,0.03,-1,Echolocation,/mnt/ubna_data_02_mir/recover-20221013/UBNA_001/20221012_030000.WAV,Telephone Field,recover-20221013,001,1795
428.9225,428.9602,68437,82263,Rhinolophus ferrumequinum,0.02,0.02,-1,Echolocation,/mnt/ubna_data_02_mir/recover-20221013/UBNA_001/20221012_030000.WAV,Telephone Field,recover-20221013,001,1795
428.9385,428.9491,23750,29949,Nyctalus leisleri,0.008,0.021,-1,Echolocation,/mnt/ubna_data_02_mir/recover-20221013/UBNA_001/20221012_030000.WAV,Telephone Field,recover-20221013,001,1795
428.9595,428.9964,68437,81877,Rhinolophus ferrumequinum,0.022,0.022,-1,Echolocation,/mnt/ubna_data_02_mir/recover-20221013/UBNA_001/20221012_030000.WAV,Telephone Field,recover-20221013,001,1795
428.9605,428.9686,28906,43213,Eptesicus serotinus,0.008,0.02,-1,Echolocation,/mnt/ubna_data_02_mir/recover-20221013/UBNA_001/20221012_030000.WAV,Telephone Field,recover-20221013,001,1795
428.9625,428.9713,34062,43448,Myotis daubentonii,0.006,0.021,-1,Echolocation,/mnt/ubna_data_02_mir/recover-20221013/UBNA_001/20221012_030000.WAV,Telephone Field,recover-20221013,001,1795
428.9625,428.9696,23750,31712,Plecotus austriacus,0.009,0.021,-1,Echolocation,/mnt/ubna_data_02_mir/recover-20221013/UBNA_001/20221012_030000.WAV,Telephone Field,recover-20221013,001,1795
428.9705,429.0118,68437,82603,Rhinolophus ferrumequinum,0.027,0.027,-1,Echolocation,/mnt/ubna_data_02_mir/recover-20221013/UBNA_001/20221012_030000.WAV,Telephone Field,recover-20221013,001,1795
429.0285,429.0388,22890,28665,Nyctalus leisleri,0.01,0.025,-1,Echolocation,/mnt/ubna_data_02_mir/recover-20221013/UBNA_001/20221012_030000.WAV,Telephone Field,recover-20221013,001,1795
429.0305,429.0673,68437,82013,Rhinolophus ferrumequinum,0.02,0.021,-1,Echolocation,/mnt/ubna_data_02_mir/recover-20221013/UBNA_001/20221012_030000.WAV,Telephone Field,recover-20221013,001,1795
429.0615,429.074,23750,27887,Nyctalus leisleri,0.013,0.025,-1,Echolocation,/mnt/ubna_data_02_mir/recover-20221013/UBNA_001/20221012_030000.WAV,Telephone Field,recover-20221013,001,1795
429.0895,429.0988,28906,36974,Eptesicus serotinus,0.01,0.023,-1,Echolocation,/mnt/ubna_data_02_mir/recover-20221013/UBNA_001/20221012_030000.WAV,Telephone Field,recover-20221013,001,1795
429.1055,429.1447,68437,82288,Rhinolophus ferrumequinum,0.025,0.025,-1,Echolocation,/mnt/ubna_data_02_mir/recover-20221013/UBNA_001/20221012_030000.WAV,Telephone Field,recover-20221013,001,1795
429.1615,429.2009,68437,82236,Rhinolophus ferrumequinum,0.02,0.02,-1,Echolocation,/mnt/ubna_data_02_mir/recover-20221013/UBNA_001/20221012_030000.WAV,Telephone Field,recover-20221013,001,1795
429.1835,429.1937,24609,31333,Nyctalus leisleri,0.008,0.022,-1,Echolocation,/mnt/ubna_data_02_mir/recover-20221013/UBNA_001/20221012_030000.WAV,Telephone Field,recover-20221013,001,1795
429.1985,429.2365,68437,81648,Rhinolophus ferrumequinum,0.024,0.024,-1,Echolocation,/mnt/ubna_data_02_mir/recover-20221013/UBNA_001/20221012_030000.WAV,Telephone Field,recover-20221013,001,1795
429.2035,429.2416,68437,82310,Rhinolophus ferrumequinum,0.023,0.023,-1,Echolocation,/mnt/ubna_data_02_mir/recover-20221013/UBNA_001/20221012_030000.WAV,Telephone Field,recover-20221013,001,1795
429.2535,429.2905,68437,82334,Rhinolophus ferrumequinum,0.022,0.022,-1,Echolocation,/mnt/ubna_data_02_mir/recover-20221013/UBNA_001/20221012_030000.WAV,Telephone Field,recover-20221013,001,1795
429.2645,429.2706,25468,35970,Plecotus auritus,0.015,0.035,-1,Echolocation,/mnt/ubna_data_02_mir/recover-20221013/UBNA_001/20221012_030000.WAV,Telephone Field,recover-20221013,001,1795
429.2885,429.2985,29765,37213,Eptesicus serotinus,0.008,0.02,-1,Echolocation,/mnt/ubna_data_02_mir/recover-20221013/UBNA_001/20221012_030000.WAV,Telephone Field,recover-20221013,001,1795
429.3235,429.3606,68437,81826,Rhinolophus ferrumequinum,0.024,0.024,-1,Echolocation,/mnt/ubna_data_02_mir/recover-20221013/UBNA_001/20221012_030000.WAV,Telephone Field,recover-20221013,001,1795
429.4075,429.4174,22031,27911,Nyctalus leisleri,0.007,0.023,-1,Echolocation,/mnt/ubna_data_02_mir/recover-20221013/UBNA_001/20221012_030000.WAV,Telephone Field,recover-20221013,001,1795
429.4105,429.4514,68437,82850,Rhinolophus ferrumequinum,0.022,0.022,-1,Echolocation,/mnt/ubna_data_02_mir/recover-20221013/UBNA_001/20221012_030000.WAV,Telephone Field,recover-20221013,001,1795
429.4205,429.4593,68437,82340,Rhinolophus ferrumequinum,0.02,0.02,-1,Echolocation,/mnt/ubna_data_02_mir/recover-20221013/UBNA_001/20221012_030000.WAV,Telephone Field,recover-20221013,001,1795
429.4905,429.5283,68437,81692,Rhinolophus ferrumequinum,0.024,0.024,-1,Echolocation,/mnt/ubna_data_02_mir/recover-20221013/UBNA_001/20221012_030000.WAV,Telephone Field,recover-20221013,001,1795
429.5025,429.544,68437,82670,Rhinolophus ferrumequinum,0.02,0.02,-1,Echolocation,/mnt/ubna_data_02_mir/recover-20221013/UBNA_001/20221012_030000.WAV,Telephone Field,recover-20221013,001,1795
429.5145,429.5544,68437,82267,Rhinolophus ferrumequinum,0.022,0.022,-1,Echolocation,/mnt/ubna_data_02_mir/recover-20221013/UBNA_001/20221012_030000.WAV,Telephone Field,recover-20221013,001,1795
429.5375,429.5747,68437,81695,Rhinolophus ferrumequinum,0.021,0.021,-1,Echolocation,/mnt/ubna_data_02_mir/recover-20221013/UBNA_001/20221012_030000.WAV,Telephone Field,recover-20221013,001,1795
429.5785,429.6161,68437,82008,Rhinolophus ferrumequinum,0.021,0.021,-1,Echolocation,/mnt/ubna_data_02_mir/recover-20221013/UBNA_001/20221012_030000.WAV,Telephone Field,recover-20221013,001,1795
429.5895,429.5963,26328,35905,Plecotus auritus,0.006,0.023,-1,Echolocation,/mnt/ubna_data_02_mir/recover-20221013/UBNA_001/20221012_030000.WAV,Telephone Field,recover-20221013,001,1795
429.6005,429.6362,68437,81486,Rhinolophus ferrumequinum,0.021,0.021,-1,Echolocation,/mnt/ubna_data_02_mir/recover-20221013/UBNA_001/20221012_030000.WAV,Telephone Field,recover-20221013,001,1795
429.6105,429.6483,68437,81475,Rhinolophus ferrumequinum,0.022,0.022,-1,Echolocation,/mnt/ubna_data_02_mir/recover-20221013/UBNA_001/20221012_030000.WAV,Telephone Field,recover-20221013,001,1795
429.6195,429.6272,24609,32899,Plecotus austriacus,0.008,0.024,-1,Echolocation,/mnt/ubna_data_02_mir/recover-20221013/UBNA_001/20221012_030000.WAV,Telephone Field,recover-20221013,001,1795
429.6205,429.6574,68437,81717,Rhinolophus ferrumequinum,0.022,0.022,-1,Echolocation,/mnt/ubna_data_02_mir/recover-20221013/UBNA_001/20221012_030000.WAV,Telephone Field,recover-20221013,001,1795
429.6495,429.6901,68437,82753,Rhinolophus ferrumequinum,0.02,0.02,-1,Echolocation,/mnt/ubna_data_02_mir/recover-20221013/UBNA_001/20221012_030000.WAV,Telephone Field,recover-20221013,001,1795
429.6575,429.6669,22890,29116,Plecotus austriacus,0.007,0.02,-1,Echolocation,/mnt/ubna_data_02_mir/recover-20221013/UBNA_001/20221012_030000.WAV,Telephone Field,recover-20221013,001,1795
429.6655,429.6731,24609,32760,Plecotus austriacus,0.006,0.02,-1,Echolocation,/mnt/ubna_data_02_mir/recover-20221013/UBNA_001/20221012_030000.WAV,Telephone Field,recover-20221013,001,1795
429.6735,429.7101,68437,81731,Rhinolophus ferrumequinum,0.02,0.02,-1,Echolocation,/mnt/ubna_data_02_mir/recover-20221013/UBNA_001/20221012_030000.WAV,Telephone Field,recover-20221013,001,1795
429.6935,429.7331,68437,82731,Rhinolophus ferrumequinum,0.022,0.022,-1,Echolocation,/mnt/ubna_data_02_mir/recover-20221013/UBNA_001/20221012_030000.WAV,Telephone Field,recover-20221013,001,1795
429.7155,429.725,55546,60552,Pipistrellus pygmaeus,0.023,0.024,-1,Echolocation,/mnt/ubna_data_02_mir/recover-20221013/UBNA_001/20221012_030000.WAV,Telephone Field,recover-20221013,001,1795
429.7895,429.8292,68437,82472,Rhinolophus ferrumequinum,0.031,0.031,-1,Echolocation,/mnt/ubna_data_02_mir/recover-20221013/UBNA_001/20221012_030000.WAV,Telephone Field,recover-20221013,001,1795
429.8235,429.8617,68437,82201,Rhinolophus ferrumequinum,0.02,0.02,-1,Echolocation,/mnt/ubna_data_02_mir/recover-20221013/UBNA_001/20221012_030000.WAV,Telephone Field,recover-20221013,001,1795
429.8565,429.8942,68437,81978,Rhinolophus ferrumequinum,0.022,0.022,-1,Echolocation,/mnt/ubna_data_02_mir/recover-20221013/UBNA_001/20221012_030000.WAV,Telephone Field,recover-20221013,001,1795
429.8795,429.8878,28906,38460,Eptesicus serotinus,0.009,0.021,-1,Echolocation,/mnt/ubna_data_02_mir/recover-20221013/UBNA_001/20221012_030000.WAV,Telephone Field,recover-20221013,001,1795
429.9115,429.9193,23750,31335,Plecotus austriacus,0.008,0.021,-1,Echolocation,/mnt/ubna_data_02_mir/recover-20221013/UBNA_001/20221012_030000.WAV,Telephone Field,recover-20221013,001,1795
429.9115,429.9498,68437,82649,Rhinolophus ferrumequinum,0.021,0.021,-1,Echolocation,/mnt/ubna_data_02_mir/recover-20221013/UBNA_001/20221012_030000.WAV,Telephone Field,recover-20221013,001,1795
429.9265,429.9629,68437,81130,Rhinolophus ferrumequinum,0.02,0.02,-1,Echolocation,/mnt/ubna_data_02_mir/recover-20221013/UBNA_001/20221012_030000.WAV,Telephone Field,recover-20221013,001,1795
429.9305,429.9407,26328,33476,Eptesicus serotinus,0.01,0.021,-1,Echolocation,/mnt/ubna_data_02_mir/recover-20221013/UBNA_001/20221012_030000.WAV,Telephone Field,recover-20221013,001,1795
430.0015,430.0093,25468,35705,Nyctalus leisleri,0.006,0.026,-1,Echolocation,/mnt/ubna_data_02_mir/recover-20221013/UBNA_001/20221012_030000.WAV,Telephone Field,recover-20221013,001,1795
430.0025,430.0475,68437,82458,Rhinolophus ferrumequinum,0.029,0.029,-1,Echolocation,/mnt/ubna_data_02_mir/recover-20221013/UBNA_001/20221012_030000.WAV,Telephone Field,recover-20221013,001,1795
430.0095,430.0554,68437,83089,Rhinolophus ferrumequinum,0.026,0.026,-1,Echolocation,/mnt/ubna_data_02_mir/recover-20221013/UBNA_001/20221012_030000.WAV,Telephone Field,recover-20221013,001,1795
430.0305,430.0423,52109,59655,Pipistrellus pipistrellus,0.016,0.023,-1,Echolocation,/mnt/ubna_data_02_mir/recover-20221013/UBNA_001/20221012_030000.WAV,Telephone Field,recover-20221013,001,1795
430.0315,430.0722,68437,81995,Rhinolophus ferrumequinum,0.025,0.025,-1,Echolocation,/mnt/ubna_data_02_mir/recover-20221013/UBNA_001/20221012_030000.WAV,Telephone Field,recover-20221013,001,1795
430.0475,430.0873,68437,81942,Rhinolophus ferrumequinum,0.024,0.024,-1,Echolocation,/mnt/ubna_data_02_mir/recover-20221013/UBNA_001/20221012_030000.WAV,Telephone Field,recover-20221013,001,1795
430.0715,430.1127,68437,82849,Rhinolophus ferrumequinum,0.025,0.025,-1,Echolocation,/mnt/ubna_data_02_mir/recover-20221013/UBNA_001/20221012_030000.WAV,Telephone Field,recover-20221013,001,1795
430.0935,430.1342,68437,82283,Rhinolophus ferrumequinum,0.025,0.025,-1,Echolocation,/mnt/ubna_data_02_mir/recover-20221013/UBNA_001/20221012_030000.WAV,Telephone Field,recover-20221013,001,1795
430.1355,430.1763,68437,82765,Rhinolophus ferrumequinum,0.023,0.023,-1,Echolocation,/mnt/ubna_data_02_mir/recover-20221013/UBNA_001/20221012_030000.WAV,Telephone Field,recover-20221013,001,1795
430.1555,430.17,22890,26998,Nyctalus leisleri,0.013,0.022,-1,Echolocation,/mnt/ubna_data_02_mir/recover-20221013/UBNA_001/20221012_030000.WAV,Telephone Field,recover-20221013,001,1795
430.1715,430.2103,68437,82784,Rhinolophus ferrumequinum,0.026,0.027,-1,Echolocation,/mnt/ubna_data_02_mir/recover-20221013/UBNA_001/20221012_030000.WAV,Telephone Field,recover-20221013,001,1795
430.1935,430.2313,68437,82473,Rhinolophus ferrumequinum,0.023,0.023,-1,Echolocation,/mnt/ubna_data_02_mir/recover-20221013/UBNA_001/20221012_030000.WAV,Telephone Field,recover-20221013,001,1795
430.2195,430.2271,27187,38847,Eptesicus serotinus,0.006,0.022,-1,Echolocation,/mnt/ubna_data_02_mir/recover-20221013/UBNA_001/20221012_030000.WAV,Telephone Field,recover-20221013,001,1795
430.2665,430.277,43515,49174,Pipistrellus pipistrellus,0.019,0.026,-1,Echolocation,/mnt/ubna_data_02_mir/recover-20221013/UBNA_001/20221012_030000.WAV,Telephone Field,recover-20221013,001,1795
430.2725,430.2815,28906,37750,Eptesicus serotinus,0.01,0.024,-1,Echolocation,/mnt/ubna_data_02_mir/recover-20221013/UBNA_001/20221012_030000.WAV,Telephone Field,recover-20221013,001,1795
430.2875,430.2953,28046,41135,Eptesicus serotinus,0.008,0.025,-1,Echolocation,/mnt/ubna_data_02_mir/recover-20221013/UBNA_001/20221012_030000.WAV,Telephone Field,recover-20221013,001,1795
430.3205,430.3324,22890,27939,Nyctalus leisleri,0.014,0.027,-1,Echolocation,/mnt/ubna_data_02_mir/recover-20221013/UBNA_001/20221012_030000.WAV,Telephone Field,recover-20221013,001,1795
430.4045,430.4145,24609,31526,Nyctalus leisleri,0.008,0.023,-1,Echolocation,/mnt/ubna_data_02_mir/recover-20221013/UBNA_001/20221012_030000.WAV,Telephone Field,recover-20221013,001,1795
430.4095,430.4509,68437,83049,Rhinolophus ferrumequinum,0.025,0.025,-1,Echolocation,/mnt/ubna_data_02_mir/recover-20221013/UBNA_001/20221012_030000.WAV,Telephone Field,recover-20221013,001,1795
430.4715,430.5112,68437,82744,Rhinolophus ferrumequinum,0.023,0.023,-1,Echolocation,/mnt/ubna_data_02_mir/recover-20221013/UBNA_001/20221012_030000.WAV,Telephone Field,recover-20221013,001,1795
430.5355,430.5787,68437,82727,Rhinolophus ferrumequinum,0.022,0.022,-1,Echolocation,/mnt/ubna_data_02_mir/recover-20221013/UBNA_001/20221012_030000.WAV,Telephone Field,recover-20221013,001,1795
430.5415,430.5835,68437,82791,Rhinolophus ferrumequinum,0.023,0.023,-1,Echolocation,/mnt/ubna_data_02_mir/recover-20221013/UBNA_001/20221012_030000.WAV,Telephone Field,recover-20221013,001,1795
430.5865,430.5954,22031,29713,Plecotus austriacus,0.014,0.029,-1,Echolocation,/mnt/ubna_data_02_mir/recover-20221013/UBNA_001/20221012_030000.WAV,Telephone Field,recover-20221013,001,1795
430.6115,430.6187,27187,36378,Eptesicus serotinus,0.011,0.033,-1,Echolocation,/mnt/ubna_data_02_mir/recover-20221013/UBNA_001/20221012_030000.WAV,Telephone Field,recover-20221013,001,1795
430.6395,430.6562,19453,24322,Nyctalus noctula,0.022,0.038,-1,Echolocation,/mnt/ubna_data_02_mir/recover-20221013/UBNA_001/20221012_030000.WAV,Telephone Field,recover-20221013,001,1795
430.6475,430.6863,68437,82536,Rhinolophus ferrumequinum,0.027,0.027,-1,Echolocation,/mnt/ubna_data_02_mir/recover-20221013/UBNA_001/20221012_030000.WAV,Telephone Field,recover-20221013,001,1795
430.6605,430.6671,49531,54268,Pipistrellus pipistrellus,0.025,0.027,-1,Echolocation,/mnt/ubna_data_02_mir/recover-20221013/UBNA_001/20221012_030000.WAV,Telephone Field,recover-20221013,001,1795
430.6765,430.686,28906,37035,Eptesicus serotinus,0.011,0.025,-1,Echolocation,/mnt/ubna_data_02_mir/recover-20221013/UBNA_001/20221012_030000.WAV,Telephone Field,recover-20221013,001,1795
430.7165,430.7581,68437,83074,Rhinolophus ferrumequinum,0.025,0.025,-1,Echolocation,/mnt/ubna_data_02_mir/recover-20221013/UBNA_001/20221012_030000.WAV,Telephone Field,recover-20221013,001,1795
430.7795,430.819,68437,82460,Rhinolophus ferrumequinum,0.023,0.023,-1,Echolocation,/mnt/ubna_data_02_mir/recover-20221013/UBNA_001/20221012_030000.WAV,Telephone Field,recover-20221013,001,1795
430.8475,430.8577,28906,35996,Eptesicus serotinus,0.011,0.025,-1,Echolocation,/mnt/ubna_data_02_mir/recover-20221013/UBNA_001/20221012_030000.WAV,Telephone Field,recover-20221013,001,1795
430.8815,430.921,68437,82315,Rhinolophus ferrumequinum,0.023,0.023,-1,Echolocation,/mnt/ubna_data_02_mir/recover-20221013/UBNA_001/20221012_030000.WAV,Telephone Field,recover-20221013,001,1795
430.9155,430.9583,68437,82993,Rhinolophus ferrumequinum,0.036,0.036,-1,Echolocation,/mnt/ubna_data_02_mir/recover-20221013/UBNA_001/20221012_030000.WAV,Telephone Field,recover-20221013,001,1795
430.9185,430.9274,26328,37733,Eptesicus serotinus,0.008,0.025,-1,Echolocation,/mnt/ubna_data_02_mir/recover-20221013/UBNA_001/20221012_030000.WAV,Telephone Field,recover-20221013,001,1795
430.9425,430.9506,23750,32400,Plecotus austriacus,0.012,0.037,-1,Echolocation,/mnt/ubna_data_02_mir/recover-20221013/UBNA_001/20221012_030000.WAV,Telephone Field,recover-20221013,001,1795
431.0065,431.0443,68437,81822,Rhinolophus ferrumequinum,0.022,0.022,-1,Echolocation,/mnt/ubna_data_02_mir/recover-20221013/UBNA_001/20221012_030000.WAV,Telephone Field,recover-20221013,001,1795
431.0565,431.0964,68437,82573,Rhinolophus ferrumequinum,0.022,0.022,-1,Echolocation,/mnt/ubna_data_02_mir/recover-20221013/UBNA_001/20221012_030000.WAV,Telephone Field,recover-20221013,001,1795
431.0775,431.0845,25468,41034,Myotis nattereri,0.005,0.025,-1,Echolocation,/mnt/ubna_data_02_mir/recover-20221013/UBNA_001/20221012_030000.WAV,Telephone Field,recover-20221013,001,1795
431.0845,431.1256,68437,82658,Rhinolophus ferrumequinum,0.024,0.024,-1,Echolocation,/mnt/ubna_data_02_mir/recover-20221013/UBNA_001/20221012_030000.WAV,Telephone Field,recover-20221013,001,1795
431.1485,431.1868,68437,82038,Rhinolophus ferrumequinum,0.025,0.025,-1,Echolocation,/mnt/ubna_data_02_mir/recover-20221013/UBNA_001/20221012_030000.WAV,Telephone Field,recover-20221013,001,1795
431.1595,431.1675,28046,36386,Eptesicus serotinus,0.011,0.026,-1,Echolocation,/mnt/ubna_data_02_mir/recover-20221013/UBNA_001/20221012_030000.WAV,Telephone Field,recover-20221013,001,1795
431.2355,431.254,51250,54680,Pipistrellus pygmaeus,0.02,0.032,-1,Echolocation,/mnt/ubna_data_02_mir/recover-20221013/UBNA_001/20221012_030000.WAV,Telephone Field,recover-20221013,001,1795
431.2615,431.3036,68437,83057,Rhinolophus ferrumequinum,0.046,0.046,-1,Echolocation,/mnt/ubna_data_02_mir/recover-20221013/UBNA_001/20221012_030000.WAV,Telephone Field,recover-20221013,001,1795
431.2635,431.2726,28906,36758,Eptesicus serotinus,0.008,0.024,-1,Echolocation,/mnt/ubna_data_02_mir/recover-20221013/UBNA_001/20221012_030000.WAV,Telephone Field,recover-20221013,001,1795
431.2645,431.2748,22031,27277,Nyctalus leisleri,0.01,0.024,-1,Echolocation,/mnt/ubna_data_02_mir/recover-20221013/UBNA_001/20221012_030000.WAV,Telephone Field,recover-20221013,001,1795
431.2965,431.335,68437,81922,Rhinolophus ferrumequinum,0.028,0.028,-1,Echolocation,/mnt/ubna_data_02_mir/recover-20221013/UBNA_001/20221012_030000.WAV,Telephone Field,recover-20221013,001,1795
431.3185,431.3599,68437,82506,Rhinolophus ferrumequinum,0.022,0.022,-1,Echolocation,/mnt/ubna_data_02_mir/recover-20221013/UBNA_001/20221012_030000.WAV,Telephone Field,recover-20221013,001,1795
431.3705,431.3915,18593,21867,Nyctalus noctula,0.021,0.033,-1,Echolocation,/mnt/ubna_data_02_mir/recover-20221013/UBNA_001/20221012_030000.WAV,Telephone Field,recover-20221013,001,1795
431.3725,431.4127,68437,82378,Rhinolophus ferrumequinum,0.028,0.028,-1,Echolocation,/mnt/ubna_data_02_mir/recover-20221013/UBNA_001/20221012_030000.WAV,Telephone Field,recover-20221013,001,1795
431.4335,431.4404,23750,32350,Plecotus austriacus,0.01,0.023,-1,Echolocation,/mnt/ubna_data_02_mir/recover-20221013/UBNA_001/20221012_030000.WAV,Telephone Field,recover-20221013,001,1795
431.4955,431.5326,68437,81269,Rhinolophus ferrumequinum,0.022,0.022,-1,Echolocation,/mnt/ubna_data_02_mir/recover-20221013/UBNA_001/20221012_030000.WAV,Telephone Field,recover-20221013,001,1795
431.5035,431.5417,68437,81881,Rhinolophus ferrumequinum,0.023,0.023,-1,Echolocation,/mnt/ubna_data_02_mir/recover-20221013/UBNA_001/20221012_030000.WAV,Telephone Field,recover-20221013,001,1795
431.5095,431.5494,68437,82232,Rhinolophus ferrumequinum,0.023,0.023,-1,Echolocation,/mnt/ubna_data_02_mir/recover-20221013/UBNA_001/20221012_030000.WAV,Telephone Field,recover-20221013,001,1795
431.5115,431.5203,28046,38936,Eptesicus serotinus,0.011,0.028,-1,Echolocation,/mnt/ubna_data_02_mir/recover-20221013/UBNA_001/20221012_030000.WAV,Telephone Field,recover-20221013,001,1795
431.5455,431.5881,68437,82652,Rhinolophus ferrumequinum,0.03,0.03,-1,Echolocation,/mnt/ubna_data_02_mir/recover-20221013/UBNA_001/20221012_030000.WAV,Telephone Field,recover-20221013,001,1795
431.5535,431.5891,68437,82679,Rhinolophus ferrumequinum,0.031,0.031,-1,Echolocation,/mnt/ubna_data_02_mir/recover-20221013/UBNA_001/20221012_030000.WAV,Telephone Field,recover-20221013,001,1795
431.5695,431.5825,22031,25812,Nyctalus leisleri,0.012,0.022,-1,Echolocation,/mnt/ubna_data_02_mir/recover-20221013/UBNA_001/20221012_030000.WAV,Telephone Field,recover-20221013,001,1795
431.5915,431.6314,68437,82705,Rhinolophus ferrumequinum,0.029,0.029,-1,Echolocation,/mnt/ubna_data_02_mir/recover-20221013/UBNA_001/20221012_030000.WAV,Telephone Field,recover-20221013,001,1795
431.6205,431.6591,68437,81748,Rhinolophus ferrumequinum,0.023,0.023,-1,Echolocation,/mnt/ubna_data_02_mir/recover-20221013/UBNA_001/20221012_030000.WAV,Telephone Field,recover-20221013,001,1795
431.6275,431.6689,68437,82513,Rhinolophus ferrumequinum,0.022,0.022,-1,Echolocation,/mnt/ubna_data_02_mir/recover-20221013/UBNA_001/20221012_030000.WAV,Telephone Field,recover-20221013,001,1795
431.6665,431.6816,22031,25981,Nyctalus leisleri,0.015,0.025,-1,Echolocation,/mnt/ubna_data_02_mir/recover-20221013/UBNA_001/20221012_030000.WAV,Telephone Field,recover-20221013,001,1795
431.6725,431.6891,21171,24382,Nyctalus leisleri,0.016,0.025,-1,Echolocation,/mnt/ubna_data_02_mir/recover-20221013/UBNA_001/20221012_030000.WAV,Telephone Field,recover-20221013,001,1795
431.6835,431.7239,68437,82638,Rhinolophus ferrumequinum,0.024,0.024,-1,Echolocation,/mnt/ubna_data_02_mir/recover-20221013/UBNA_001/20221012_030000.WAV,Telephone Field,recover-20221013,001,1795
431.7015,431.7417,68437,82318,Rhinolophus ferrumequinum,0.025,0.025,-1,Echolocation,/mnt/ubna_data_02_mir/recover-20221013/UBNA_001/20221012_030000.WAV,Telephone Field,recover-20221013,001,1795
431.79449999999997,431.8358,68437,82430,Rhinolophus ferrumequinum,0.025,0.025,-1,Echolocation,/mnt/ubna_data_02_mir/recover-20221013/UBNA_001/20221012_030000.WAV,Telephone Field,recover-20221013,001,1795
431.8275,431.8689,68437,82499,Rhinolophus ferrumequinum,0.024,0.024,-1,Echolocation,/mnt/ubna_data_02_mir/recover-20221013/UBNA_001/20221012_030000.WAV,Telephone Field,recover-20221013,001,1795
431.8335,431.8443,28906,36284,Eptesicus serotinus,0.012,0.026,-1,Echolocation,/mnt/ubna_data_02_mir/recover-20221013/UBNA_001/20221012_030000.WAV,Telephone Field,recover-20221013,001,1795
431.8935,431.9026,50390,55013,Pipistrellus pipistrellus,0.036,0.041,-1,Echolocation,/mnt/ubna_data_02_mir/recover-20221013/UBNA_001/20221012_030000.WAV,Telephone Field,recover-20221013,001,1795
431.8975,431.9329,68437,81589,Rhinolophus ferrumequinum,0.023,0.023,-1,Echolocation,/mnt/ubna_data_02_mir/recover-20221013/UBNA_001/20221012_030000.WAV,Telephone Field,recover-20221013,001,1795
431.9035,431.9407,68437,82221,Rhinolophus ferrumequinum,0.023,0.023,-1,Echolocation,/mnt/ubna_data_02_mir/recover-20221013/UBNA_001/20221012_030000.WAV,Telephone Field,recover-20221013,001,1795
431.9235,431.9691,68437,83677,Rhinolophus ferrumequinum,0.035,0.035,-1,Echolocation,/mnt/ubna_data_02_mir/recover-20221013/UBNA_001/20221012_030000.WAV,Telephone Field,recover-20221013,001,1795
431.9495,431.989,68437,82692,Rhinolophus ferrumequinum,0.023,0.023,-1,Echolocation,/mnt/ubna_data_02_mir/recover-20221013/UBNA_001/20221012_030000.WAV,Telephone Field,recover-20221013,001,1795
431.9595,431.9674,28046,39360,Eptesicus serotinus,0.007,0.022,-1,Echolocation,/mnt/ubna_data_02_mir/recover-20221013/UBNA_001/20221012_030000.WAV,Telephone Field,recover-20221013,001,1795
431.9595,431.9657,49531,56113,Pipistrellus pipistrellus,0.018,0.023,-1,Echolocation,/mnt/ubna_data_02_mir/recover-20221013/UBNA_001/20221012_030000.WAV,Telephone Field,recover-20221013,001,1795
431.9845,431.9993,21171,24873,Nyctalus leisleri,0.015,0.026,-1,Echolocation,/mnt/ubna_data_02_mir/recover-20221013/UBNA_001/20221012_030000.WAV,Telephone Field,recover-20221013,001,1795
432.0015,432.0106,26328,33908,Eptesicus serotinus,0.009,0.03,-1,Echolocation,/mnt/ubna_data_02_mir/recover-20221013/UBNA_001/20221012_030000.WAV,Telephone Field,recover-20221013,001,1795
432.0015,432.0091,46953,53536,Pipistrellus pipistrellus,0.015,0.02,-1,Echolocation,/mnt/ubna_data_02_mir/recover-20221013/UBNA_001/20221012_030000.WAV,Telephone Field,recover-20221013,001,1795
432.0015,432.0325,68437,80105,Rhinolophus ferrumequinum,0.025,0.025,-1,Echolocation,/mnt/ubna_data_02_mir/recover-20221013/UBNA_001/20221012_030000.WAV,Telephone Field,recover-20221013,001,1795
432.0375,432.0774,68437,81739,Rhinolophus ferrumequinum,0.021,0.021,-1,Echolocation,/mnt/ubna_data_02_mir/recover-20221013/UBNA_001/20221012_030000.WAV,Telephone Field,recover-20221013,001,1795
432.0425,432.0498,26328,35921,Eptesicus serotinus,0.006,0.021,-1,Echolocation,/mnt/ubna_data_02_mir/recover-20221013/UBNA_001/20221012_030000.WAV,Telephone Field,recover-20221013,001,1795
432.0525,432.0597,28906,41333,Eptesicus serotinus,0.007,0.023,-1,Echolocation,/mnt/ubna_data_02_mir/recover-20221013/UBNA_001/20221012_030000.WAV,Telephone Field,recover-20221013,001,1795
432.0835,432.1229,68437,82720,Rhinolophus ferrumequinum,0.021,0.021,-1,Echolocation,/mnt/ubna_data_02_mir/recover-20221013/UBNA_001/20221012_030000.WAV,Telephone Field,recover-20221013,001,1795
432.0985,432.1095,45234,48567,Pipistrellus pipistrellus,0.023,0.025,-1,Echolocation,/mnt/ubna_data_02_mir/recover-20221013/UBNA_001/20221012_030000.WAV,Telephone Field,recover-20221013,001,1795
432.1395,432.1793,68437,82153,Rhinolophus ferrumequinum,0.022,0.022,-1,Echolocation,/mnt/ubna_data_02_mir/recover-20221013/UBNA_001/20221012_030000.WAV,Telephone Field,recover-20221013,001,1795
432.1515,432.16,24609,32577,Eptesicus serotinus,0.006,0.022,-1,Echolocation,/mnt/ubna_data_02_mir/recover-20221013/UBNA_001/20221012_030000.WAV,Telephone Field,recover-20221013,001,1795
432.1795,432.2195,68437,82717,Rhinolophus ferrumequinum,0.027,0.027,-1,Echolocation,/mnt/ubna_data_02_mir/recover-20221013/UBNA_001/20221012_030000.WAV,Telephone Field,recover-20221013,001,1795
432.1925,432.2323,68437,82760,Rhinolophus ferrumequinum,0.023,0.023,-1,Echolocation,/mnt/ubna_data_02_mir/recover-20221013/UBNA_001/20221012_030000.WAV,Telephone Field,recover-20221013,001,1795
432.2225,432.2626,68437,82232,Rhinolophus ferrumequinum,0.027,0.027,-1,Echolocation,/mnt/ubna_data_02_mir/recover-20221013/UBNA_001/20221012_030000.WAV,Telephone Field,recover-20221013,001,1795
432.2265,432.2352,23750,31720,Plecotus austriacus,0.007,0.022,-1,Echolocation,/mnt/ubna_data_02_mir/recover-20221013/UBNA_001/20221012_030000.WAV,Telephone Field,recover-20221013,001,1795
432.2555,432.2937,68437,82117,Rhinolophus ferrumequinum,0.02,0.02,-1,Echolocation,/mnt/ubna_data_02_mir/recover-20221013/UBNA_001/20221012_030000.WAV,Telephone Field,recover-20221013,001,1795
432.2645,432.3033,68437,82262,Rhinolophus ferrumequinum,0.024,0.024,-1,Echolocation,/mnt/ubna_data_02_mir/recover-20221013/UBNA_001/20221012_030000.WAV,Telephone Field,recover-20221013,001,1795
432.3075,432.3156,28046,39256,Eptesicus serotinus,0.007,0.02,-1,Echolocation,/mnt/ubna_data_02_mir/recover-20221013/UBNA_001/20221012_030000.WAV,Telephone Field,recover-20221013,001,1795
432.3115,432.3195,50390,55998,Pipistrellus pipistrellus,0.021,0.025,-1,Echolocation,/mnt/ubna_data_02_mir/recover-20221013/UBNA_001/20221012_030000.WAV,Telephone Field,recover-20221013,001,1795
432.3285,432.3665,68437,81774,Rhinolophus ferrumequinum,0.021,0.021,-1,Echolocation,/mnt/ubna_data_02_mir/recover-20221013/UBNA_001/20221012_030000.WAV,Telephone Field,recover-20221013,001,1795
432.3625,432.3707,23750,31847,Plecotus austriacus,0.007,0.02,-1,Echolocation,/mnt/ubna_data_02_mir/recover-20221013/UBNA_001/20221012_030000.WAV,Telephone Field,recover-20221013,001,1795
432.4085,432.4229,22890,26809,Nyctalus leisleri,0.016,0.027,-1,Echolocation,/mnt/ubna_data_02_mir/recover-20221013/UBNA_001/20221012_030000.WAV,Telephone Field,recover-20221013,001,1795
432.4205,432.4595,68437,81840,Rhinolophus ferrumequinum,0.02,0.02,-1,Echolocation,/mnt/ubna_data_02_mir/recover-20221013/UBNA_001/20221012_030000.WAV,Telephone Field,recover-20221013,001,1795
432.4325,432.4405,28046,39177,Eptesicus serotinus,0.007,0.02,-1,Echolocation,/mnt/ubna_data_02_mir/recover-20221013/UBNA_001/20221012_030000.WAV,Telephone Field,recover-20221013,001,1795
432.4505,432.461,22890,29100,Nyctalus leisleri,0.009,0.022,-1,Echolocation,/mnt/ubna_data_02_mir/recover-20221013/UBNA_001/20221012_030000.WAV,Telephone Field,recover-20221013,001,1795
432.4665,432.5061,68437,82259,Rhinolophus ferrumequinum,0.029,0.029,-1,Echolocation,/mnt/ubna_data_02_mir/recover-20221013/UBNA_001/20221012_030000.WAV,Telephone Field,recover-20221013,001,1795
432.4835,432.5229,68437,81965,Rhinolophus ferrumequinum,0.02,0.02,-1,Echolocation,/mnt/ubna_data_02_mir/recover-20221013/UBNA_001/20221012_030000.WAV,Telephone Field,recover-20221013,001,1795
432.5195,432.5564,68437,81078,Rhinolophus ferrumequinum,0.021,0.021,-1,Echolocation,/mnt/ubna_data_02_mir/recover-20221013/UBNA_001/20221012_030000.WAV,Telephone Field,recover-20221013,001,1795
432.5285,432.5671,68437,81934,Rhinolophus ferrumequinum,0.022,0.022,-1,Echolocation,/mnt/ubna_data_02_mir/recover-20221013/UBNA_001/20221012_030000.WAV,Telephone Field,recover-20221013,001,1795
432.5435,432.5517,28046,41847,Eptesicus serotinus,0.009,0.024,-1,Echolocation,/mnt/ubna_data_02_mir/recover-20221013/UBNA_001/20221012_030000.WAV,Telephone Field,recover-20221013,001,1795
432.5545,432.5624,55546,60235,Pipistrellus pygmaeus,0.024,0.024,-1,Echolocation,/mnt/ubna_data_02_mir/recover-20221013/UBNA_001/20221012_030000.WAV,Telephone Field,recover-20221013,001,1795
432.5575,432.5961,68437,82445,Rhinolophus ferrumequinum,0.022,0.022,-1,Echolocation,/mnt/ubna_data_02_mir/recover-20221013/UBNA_001/20221012_030000.WAV,Telephone Field,recover-20221013,001,1795
432.6355,432.6738,68437,81290,Rhinolophus ferrumequinum,0.022,0.022,-1,Echolocation,/mnt/ubna_data_02_mir/recover-20221013/UBNA_001/20221012_030000.WAV,Telephone Field,recover-20221013,001,1795
432.6535,432.6652,40937,43650,Pipistrellus pipistrellus,0.012,0.024,-1,Echolocation,/mnt/ubna_data_02_mir/recover-20221013/UBNA_001/20221012_030000.WAV,Telephone Field,recover-20221013,001,1795
432.6715,432.6819,23750,30651,Nyctalus leisleri,0.008,0.022,-1,Echolocation,/mnt/ubna_data_02_mir/recover-20221013/UBNA_001/20221012_030000.WAV,Telephone Field,recover-20221013,001,1795
432.6975,432.7038,24609,36929,Plecotus austriacus,0.013,0.031,-1,Echolocation,/mnt/ubna_data_02_mir/recover-20221013/UBNA_001/20221012_030000.WAV,Telephone Field,recover-20221013,001,1795
432.7045,432.7415,68437,81389,Rhinolophus ferrumequinum,0.021,0.021,-1,Echolocation,/mnt/ubna_data_02_mir/recover-20221013/UBNA_001/20221012_030000.WAV,Telephone Field,recover-20221013,001,1795
432.7235,432.7602,68437,81882,Rhinolophus ferrumequinum,0.024,0.025,-1,Echolocation,/mnt/ubna_data_02_mir/recover-20221013/UBNA_001/20221012_030000.WAV,Telephone Field,recover-20221013,001,1795
432.7355,432.7732,68437,82000,Rhinolophus ferrumequinum,0.021,0.021,-1,Echolocation,/mnt/ubna_data_02_mir/recover-20221013/UBNA_001/20221012_030000.WAV,Telephone Field,recover-20221013,001,1795
432.7865,432.8275,68437,82745,Rhinolophus ferrumequinum,0.026,0.026,-1,Echolocation,/mnt/ubna_data_02_mir/recover-20221013/UBNA_001/20221012_030000.WAV,Telephone Field,recover-20221013,001,1795
432.8065,432.8137,27187,38945,Eptesicus serotinus,0.006,0.023,-1,Echolocation,/mnt/ubna_data_02_mir/recover-20221013/UBNA_001/20221012_030000.WAV,Telephone Field,recover-20221013,001,1795
432.8485,432.8914,68437,83389,Rhinolophus ferrumequinum,0.029,0.029,-1,Echolocation,/mnt/ubna_data_02_mir/recover-20221013/UBNA_001/20221012_030000.WAV,Telephone Field,recover-20221013,001,1795
432.8675,432.9082,68437,82960,Rhinolophus ferrumequinum,0.024,0.024,-1,Echolocation,/mnt/ubna_data_02_mir/recover-20221013/UBNA_001/20221012_030000.WAV,Telephone Field,recover-20221013,001,1795
432.8695,432.8799,22890,27823,Nyctalus leisleri,0.011,0.024,-1,Echolocation,/mnt/ubna_data_02_mir/recover-20221013/UBNA_001/20221012_030000.WAV,Telephone Field,recover-20221013,001,1795
432.9005,432.9419,68437,82996,Rhinolophus ferrumequinum,0.026,0.026,-1,Echolocation,/mnt/ubna_data_02_mir/recover-20221013/UBNA_001/20221012_030000.WAV,Telephone Field,recover-20221013,001,1795
432.9295,432.9462,15156,21282,Nyctalus noctula,0.018,0.024,-1,Echolocation,/mnt/ubna_data_02_mir/recover-20221013/UBNA_001/20221012_030000.WAV,Telephone Field,recover-20221013,001,1795
432.9305,432.9665,68437,81729,Rhinolophus ferrumequinum,0.021,0.021,-1,Echolocation,/mnt/ubna_data_02_mir/recover-20221013/UBNA_001/20221012_030000.WAV,Telephone Field,recover-20221013,001,1795
432.9575,432.9972,68437,81871,Rhinolophus ferrumequinum,0.022,0.022,-1,Echolocation,/mnt/ubna_data_02_mir/recover-20221013/UBNA_001/20221012_030000.WAV,Telephone Field,recover-20221013,001,1795
432.9665,433.0025,68437,81896,Rhinolophus ferrumequinum,0.021,0.021,-1,Echolocation,/mnt/ubna_data_02_mir/recover-20221013/UBNA_001/20221012_030000.WAV,Telephone Field,recover-20221013,001,1795
432.9945,433.0034,28906,37242,Eptesicus serotinus,0.008,0.023,-1,Echolocation,/mnt/ubna_data_02_mir/recover-20221013/UBNA_001/20221012_030000.WAV,Telephone Field,recover-20221013,001,1795
433.0205,433.02909999999997,25468,34051,Eptesicus serotinus,0.006,0.02,-1,Echolocation,/mnt/ubna_data_02_mir/recover-20221013/UBNA_001/20221012_030000.WAV,Telephone Field,recover-20221013,001,1795
433.0235,433.0652,68437,83076,Rhinolophus ferrumequinum,0.032,0.032,-1,Echolocation,/mnt/ubna_data_02_mir/recover-20221013/UBNA_001/20221012_030000.WAV,Telephone Field,recover-20221013,001,1795
433.0335,433.0454,39218,43360,Pipistrellus nathusii,0.017,0.026,-1,Echolocation,/mnt/ubna_data_02_mir/recover-20221013/UBNA_001/20221012_030000.WAV,Telephone Field,recover-20221013,001,1795
433.0665,433.078,24609,30831,Nyctalus leisleri,0.009,0.024,-1,Echolocation,/mnt/ubna_data_02_mir/recover-20221013/UBNA_001/20221012_030000.WAV,Telephone Field,recover-20221013,001,1795
433.0665,433.1028,68437,81373,Rhinolophus ferrumequinum,0.021,0.021,-1,Echolocation,/mnt/ubna_data_02_mir/recover-20221013/UBNA_001/20221012_030000.WAV,Telephone Field,recover-20221013,001,1795
433.0765,433.1149,68437,81914,Rhinolophus ferrumequinum,0.023,0.023,-1,Echolocation,/mnt/ubna_data_02_mir/recover-20221013/UBNA_001/20221012_030000.WAV,Telephone Field,recover-20221013,001,1795
433.0905,433.0981,23750,32884,Plecotus austriacus,0.012,0.027,-1,Echolocation,/mnt/ubna_data_02_mir/recover-20221013/UBNA_001/20221012_030000.WAV,Telephone Field,recover-20221013,001,1795
433.0995,433.1374,68437,82093,Rhinolophus ferrumequinum,0.022,0.022,-1,Echolocation,/mnt/ubna_data_02_mir/recover-20221013/UBNA_001/20221012_030000.WAV,Telephone Field,recover-20221013,001,1795
433.1355,433.1439,28046,39414,Eptesicus serotinus,0.008,0.024,-1,Echolocation,/mnt/ubna_data_02_mir/recover-20221013/UBNA_001/20221012_030000.WAV,Telephone Field,recover-20221013,001,1795
433.1615,433.2004,68437,81631,Rhinolophus ferrumequinum,0.021,0.021,-1,Echolocation,/mnt/ubna_data_02_mir/recover-20221013/UBNA_001/20221012_030000.WAV,Telephone Field,recover-20221013,001,1795
433.1645,433.1723,27187,37833,Eptesicus serotinus,0.007,0.021,-1,Echolocation,/mnt/ubna_data_02_mir/recover-20221013/UBNA_001/20221012_030000.WAV,Telephone Field,recover-20221013,001,1795
433.1655,433.17719999999997,21171,25762,Nyctalus leisleri,0.01,0.021,-1,Echolocation,/mnt/ubna_data_02_mir/recover-20221013/UBNA_001/20221012_030000.WAV,Telephone Field,recover-20221013,001,1795
433.1865,433.2287,68437,82848,Rhinolophus ferrumequinum,0.022,0.022,-1,Echolocation,/mnt/ubna_data_02_mir/recover-20221013/UBNA_001/20221012_030000.WAV,Telephone Field,recover-20221013,001,1795
433.2165,433.2564,68437,82746,Rhinolophus ferrumequinum,0.021,0.021,-1,Echolocation,/mnt/ubna_data_02_mir/recover-20221013/UBNA_001/20221012_030000.WAV,Telephone Field,recover-20221013,001,1795
433.2215,433.2614,68437,82751,Rhinolophus ferrumequinum,0.021,0.021,-1,Echolocation,/mnt/ubna_data_02_mir/recover-20221013/UBNA_001/20221012_030000.WAV,Telephone Field,recover-20221013,001,1795
433.2435,433.2819,68437,82155,Rhinolophus ferrumequinum,0.02,0.02,-1,Echolocation,/mnt/ubna_data_02_mir/recover-20221013/UBNA_001/20221012_030000.WAV,Telephone Field,recover-20221013,001,1795
433.2515,433.2615,24609,31603,Nyctalus leisleri,0.008,0.023,-1,Echolocation,/mnt/ubna_data_02_mir/recover-20221013/UBNA_001/20221012_030000.WAV,Telephone Field,recover-20221013,001,1795
433.2525,433.292,68437,82260,Rhinolophus ferrumequinum,0.02,0.02,-1,Echolocation,/mnt/ubna_data_02_mir/recover-20221013/UBNA_001/20221012_030000.WAV,Telephone Field,recover-20221013,001,1795
433.2965,433.3329,68437,81614,Rhinolophus ferrumequinum,0.02,0.02,-1,Echolocation,/mnt/ubna_data_02_mir/recover-20221013/UBNA_001/20221012_030000.WAV,Telephone Field,recover-20221013,001,1795
433.3145,433.3551,68437,82892,Rhinolophus ferrumequinum,0.024,0.024,-1,Echolocation,/mnt/ubna_data_02_mir/recover-20221013/UBNA_001/20221012_030000.WAV,Telephone Field,recover-20221013,001,1795
433.3245,433.3659,68437,82990,Rhinolophus ferrumequinum,0.023,0.023,-1,Echolocation,/mnt/ubna_data_02_mir/recover-20221013/UBNA_001/20221012_030000.WAV,Telephone Field,recover-20221013,001,1795
433.3295,433.3703,68437,82490,Rhinolophus ferrumequinum,0.023,0.023,-1,Echolocation,/mnt/ubna_data_02_mir/recover-20221013/UBNA_001/20221012_030000.WAV,Telephone Field,recover-20221013,001,1795
433.3475,433.3855,68437,82241,Rhinolophus ferrumequinum,0.021,0.021,-1,Echolocation,/mnt/ubna_data_02_mir/recover-20221013/UBNA_001/20221012_030000.WAV,Telephone Field,recover-20221013,001,1795
433.3635,433.40409999999997,68437,82544,Rhinolophus ferrumequinum,0.023,0.023,-1,Echolocation,/mnt/ubna_data_02_mir/recover-20221013/UBNA_001/20221012_030000.WAV,Telephone Field,recover-20221013,001,1795
433.3645,433.3739,47812,55511,Pipistrellus pipistrellus,0.027,0.029,-1,Echolocation,/mnt/ubna_data_02_mir/recover-20221013/UBNA_001/20221012_030000.WAV,Telephone Field,recover-20221013,001,1795
433.4055,433.4164,26328,32408,Eptesicus serotinus,0.015,0.038,-1,Echolocation,/mnt/ubna_data_02_mir/recover-20221013/UBNA_001/20221012_030000.WAV,Telephone Field,recover-20221013,001,1795
433.4285,433.4352,28906,41051,Eptesicus serotinus,0.007,0.026,-1,Echolocation,/mnt/ubna_data_02_mir/recover-20221013/UBNA_001/20221012_030000.WAV,Telephone Field,recover-20221013,001,1795
433.45550000000003,433.4654,24609,32862,Nyctalus leisleri,0.008,0.025,-1,Echolocation,/mnt/ubna_data_02_mir/recover-20221013/UBNA_001/20221012_030000.WAV,Telephone Field,recover-20221013,001,1795
433.4695,433.5078,68437,82287,Rhinolophus ferrumequinum,0.023,0.023,-1,Echolocation,/mnt/ubna_data_02_mir/recover-20221013/UBNA_001/20221012_030000.WAV,Telephone Field,recover-20221013,001,1795
433.4955,433.5073,23750,28994,Nyctalus leisleri,0.011,0.022,-1,Echolocation,/mnt/ubna_data_02_mir/recover-20221013/UBNA_001/20221012_030000.WAV,Telephone Field,recover-20221013,001,1795
433.5235,433.532,28046,37458,Eptesicus serotinus,0.008,0.022,-1,Echolocation,/mnt/ubna_data_02_mir/recover-20221013/UBNA_001/20221012_030000.WAV,Telephone Field,recover-20221013,001,1795
433.5285,433.57,68437,82392,Rhinolophus ferrumequinum,0.023,0.023,-1,Echolocation,/mnt/ubna_data_02_mir/recover-20221013/UBNA_001/20221012_030000.WAV,Telephone Field,recover-20221013,001,1795
433.5495,433.5922,68437,82944,Rhinolophus ferrumequinum,0.034,0.034,-1,Echolocation,/mnt/ubna_data_02_mir/recover-20221013/UBNA_001/20221012_030000.WAV,Telephone Field,recover-20221013,001,1795
433.5975,433.634,68437,81650,Rhinolophus ferrumequinum,0.026,0.026,-1,Echolocation,/mnt/ubna_data_02_mir/recover-20221013/UBNA_001/20221012_030000.WAV,Telephone Field,recover-20221013,001,1795
433.5995,433.6095,38359,45676,Pipistrellus nathusii,0.009,0.022,-1,Echolocation,/mnt/ubna_data_02_mir/recover-20221013/UBNA_001/20221012_030000.WAV,Telephone Field,recover-20221013,001,1795
433.6185,433.6554,68437,81011,Rhinolophus ferrumequinum,0.024,0.024,-1,Echolocation,/mnt/ubna_data_02_mir/recover-20221013/UBNA_001/20221012_030000.WAV,Telephone Field,recover-20221013,001,1795
433.6245,433.6343,23750,30315,Nyctalus leisleri,0.008,0.022,-1,Echolocation,/mnt/ubna_data_02_mir/recover-20221013/UBNA_001/20221012_030000.WAV,Telephone Field,recover-20221013,001,1795
433.6385,433.6461,27187,46697,Eptesicus serotinus,0.007,0.022,-1,Echolocation,/mnt/ubna_data_02_mir/recover-20221013/UBNA_001/20221012_030000.WAV,Telephone Field,recover-20221013,001,1795
433.6685,433.7053,68437,81665,Rhinolophus ferrumequinum,0.02,0.02,-1,Echolocation,/mnt/ubna_data_02_mir/recover-20221013/UBNA_001/20221012_030000.WAV,Telephone Field,recover-20221013,001,1795
433.6725,433.6826,28906,36842,Eptesicus serotinus,0.01,0.024,-1,Echolocation,/mnt/ubna_data_02_mir/recover-20221013/UBNA_001/20221012_030000.WAV,Telephone Field,recover-20221013,001,1795
433.6865,433.694,28046,40135,Eptesicus serotinus,0.006,0.02,-1,Echolocation,/mnt/ubna_data_02_mir/recover-20221013/UBNA_001/20221012_030000.WAV,Telephone Field,recover-20221013,001,1795
433.7355,433.7481,34921,39837,Pipistrellus nathusii,0.006,0.027,-1,Echolocation,/mnt/ubna_data_02_mir/recover-20221013/UBNA_001/20221012_030000.WAV,Telephone Field,recover-20221013,001,1795
433.7435,433.751,28046,38646,Eptesicus serotinus,0.006,0.021,-1,Echolocation,/mnt/ubna_data_02_mir/recover-20221013/UBNA_001/20221012_030000.WAV,Telephone Field,recover-20221013,001,1795
433.7555,433.793,68437,81665,Rhinolophus ferrumequinum,0.021,0.021,-1,Echolocation,/mnt/ubna_data_02_mir/recover-20221013/UBNA_001/20221012_030000.WAV,Telephone Field,recover-20221013,001,1795
433.7635,433.7977,68437,81847,Rhinolophus ferrumequinum,0.024,0.024,-1,Echolocation,/mnt/ubna_data_02_mir/recover-20221013/UBNA_001/20221012_030000.WAV,Telephone Field,recover-20221013,001,1795
433.7655,433.773,27187,37307,Eptesicus serotinus,0.006,0.021,-1,Echolocation,/mnt/ubna_data_02_mir/recover-20221013/UBNA_001/20221012_030000.WAV,Telephone Field,recover-20221013,001,1795
433.8045,433.8421,68437,82356,Rhinolophus ferrumequinum,0.023,0.023,-1,Echolocation,/mnt/ubna_data_02_mir/recover-20221013/UBNA_001/20221012_030000.WAV,Telephone Field,recover-20221013,001,1795
433.8145,433.8508,68437,81119,Rhinolophus ferrumequinum,0.021,0.021,-1,Echolocation,/mnt/ubna_data_02_mir/recover-20221013/UBNA_001/20221012_030000.WAV,Telephone Field,recover-20221013,001,1795
433.8185,433.8286,28046,36064,Eptesicus serotinus,0.011,0.025,-1,Echolocation,/mnt/ubna_data_02_mir/recover-20221013/UBNA_001/20221012_030000.WAV,Telephone Field,recover-20221013,001,1795
433.8485,433.8568,34062,42283,Myotis daubentonii,0.011,0.03,-1,Echolocation,/mnt/ubna_data_02_mir/recover-20221013/UBNA_001/20221012_030000.WAV,Telephone Field,recover-20221013,001,1795
433.8525,433.8921,68437,82464,Rhinolophus ferrumequinum,0.026,0.027,-1,Echolocation,/mnt/ubna_data_02_mir/recover-20221013/UBNA_001/20221012_030000.WAV,Telephone Field,recover-20221013,001,1795
433.8975,433.9394,68437,82695,Rhinolophus ferrumequinum,0.027,0.027,-1,Echolocation,/mnt/ubna_data_02_mir/recover-20221013/UBNA_001/20221012_030000.WAV,Telephone Field,recover-20221013,001,1795
433.9015,433.9088,27187,39281,Eptesicus serotinus,0.006,0.021,-1,Echolocation,/mnt/ubna_data_02_mir/recover-20221013/UBNA_001/20221012_030000.WAV,Telephone Field,recover-20221013,001,1795
433.9115,433.9217,23750,29944,Nyctalus leisleri,0.007,0.02,-1,Echolocation,/mnt/ubna_data_02_mir/recover-20221013/UBNA_001/20221012_030000.WAV,Telephone Field,recover-20221013,001,1795
433.9565,433.969,25468,30388,Eptesicus serotinus,0.025,0.064,-1,Echolocation,/mnt/ubna_data_02_mir/recover-20221013/UBNA_001/20221012_030000.WAV,Telephone Field,recover-20221013,001,1795
434.0015,434.0114,47812,54481,Pipistrellus pipistrellus,0.018,0.024,-1,Echolocation,/mnt/ubna_data_02_mir/recover-20221013/UBNA_001/20221012_030000.WAV,Telephone Field,recover-20221013,001,1795
434.0015,434.0347,68437,80496,Rhinolophus ferrumequinum,0.027,0.027,-1,Echolocation,/mnt/ubna_data_02_mir/recover-20221013/UBNA_001/20221012_030000.WAV,Telephone Field,recover-20221013,001,1795
434.0015,434.0101,23750,29911,Nyctalus leisleri,0.011,0.028,-1,Echolocation,/mnt/ubna_data_02_mir/recover-20221013/UBNA_001/20221012_030000.WAV,Telephone Field,recover-20221013,001,1795
434.0105,434.0516,68437,82258,Rhinolophus ferrumequinum,0.021,0.021,-1,Echolocation,/mnt/ubna_data_02_mir/recover-20221013/UBNA_001/20221012_030000.WAV,Telephone Field,recover-20221013,001,1795
434.0645,434.1045,68437,82241,Rhinolophus ferrumequinum,0.02,0.02,-1,Echolocation,/mnt/ubna_data_02_mir/recover-20221013/UBNA_001/20221012_030000.WAV,Telephone Field,recover-20221013,001,1795
434.0755,434.1143,68437,82127,Rhinolophus ferrumequinum,0.022,0.022,-1,Echolocation,/mnt/ubna_data_02_mir/recover-20221013/UBNA_001/20221012_030000.WAV,Telephone Field,recover-20221013,001,1795
434.1015,434.1409,68437,81690,Rhinolophus ferrumequinum,0.02,0.02,-1,Echolocation,/mnt/ubna_data_02_mir/recover-20221013/UBNA_001/20221012_030000.WAV,Telephone Field,recover-20221013,001,1795
434.1315,434.1685,68437,81040,Rhinolophus ferrumequinum,0.024,0.024,-1,Echolocation,/mnt/ubna_data_02_mir/recover-20221013/UBNA_001/20221012_030000.WAV,Telephone Field,recover-20221013,001,1795
434.1495,434.1605,22031,25957,Nyctalus leisleri,0.013,0.022,-1,Echolocation,/mnt/ubna_data_02_mir/recover-20221013/UBNA_001/20221012_030000.WAV,Telephone Field,recover-20221013,001,1795
434.1525,434.1905,68437,81209,Rhinolophus ferrumequinum,0.02,0.02,-1,Echolocation,/mnt/ubna_data_02_mir/recover-20221013/UBNA_001/20221012_030000.WAV,Telephone Field,recover-20221013,001,1795
434.2035,434.2123,26328,37030,Eptesicus serotinus,0.007,0.021,-1,Echolocation,/mnt/ubna_data_02_mir/recover-20221013/UBNA_001/20221012_030000.WAV,Telephone Field,recover-20221013,001,1795
434.2225,434.2296,45234,49042,Pipistrellus pipistrellus,0.025,0.026,-1,Echolocation,/mnt/ubna_data_02_mir/recover-20221013/UBNA_001/20221012_030000.WAV,Telephone Field,recover-20221013,001,1795
434.2515,434.2923,68437,82790,Rhinolophus ferrumequinum,0.023,0.023,-1,Echolocation,/mnt/ubna_data_02_mir/recover-20221013/UBNA_001/20221012_030000.WAV,Telephone Field,recover-20221013,001,1795
434.2615,434.2689,28906,39549,Eptesicus serotinus,0.007,0.024,-1,Echolocation,/mnt/ubna_data_02_mir/recover-20221013/UBNA_001/20221012_030000.WAV,Telephone Field,recover-20221013,001,1795
434.2835,434.3225,68437,82464,Rhinolophus ferrumequinum,0.027,0.027,-1,Echolocation,/mnt/ubna_data_02_mir/recover-20221013/UBNA_001/20221012_030000.WAV,Telephone Field,recover-20221013,001,1795
434.3215,434.3604,68437,81822,Rhinolophus ferrumequinum,0.026,0.026,-1,Echolocation,/mnt/ubna_data_02_mir/recover-20221013/UBNA_001/20221012_030000.WAV,Telephone Field,recover-20221013,001,1795
434.3795,434.3867,28046,40644,Eptesicus serotinus,0.007,0.021,-1,Echolocation,/mnt/ubna_data_02_mir/recover-20221013/UBNA_001/20221012_030000.WAV,Telephone Field,recover-20221013,001,1795
434.3885,434.42719999999997,68437,81607,Rhinolophus ferrumequinum,0.021,0.021,-1,Echolocation,/mnt/ubna_data_02_mir/recover-20221013/UBNA_001/20221012_030000.WAV,Telephone Field,recover-20221013,001,1795
434.3985,434.4389,68437,82030,Rhinolophus ferrumequinum,0.025,0.025,-1,Echolocation,/mnt/ubna_data_02_mir/recover-20221013/UBNA_001/20221012_030000.WAV,Telephone Field,recover-20221013,001,1795
434.4005,434.4088,28906,38076,Eptesicus serotinus,0.008,0.021,-1,Echolocation,/mnt/ubna_data_02_mir/recover-20221013/UBNA_001/20221012_030000.WAV,Telephone Field,recover-20221013,001,1795
434.4395,434.4794,68437,82292,Rhinolophus ferrumequinum,0.021,0.021,-1,Echolocation,/mnt/ubna_data_02_mir/recover-20221013/UBNA_001/20221012_030000.WAV,Telephone Field,recover-20221013,001,1795
434.45550000000003,434.4949,68437,82382,Rhinolophus ferrumequinum,0.023,0.023,-1,Echolocation,/mnt/ubna_data_02_mir/recover-20221013/UBNA_001/20221012_030000.WAV,Telephone Field,recover-20221013,001,1795
434.4565,434.4651,27187,37484,Eptesicus serotinus,0.008,0.022,-1,Echolocation,/mnt/ubna_data_02_mir/recover-20221013/UBNA_001/20221012_030000.WAV,Telephone Field,recover-20221013,001,1795
434.4745,434.487,21171,25427,Nyctalus leisleri,0.01,0.021,-1,Echolocation,/mnt/ubna_data_02_mir/recover-20221013/UBNA_001/20221012_030000.WAV,Telephone Field,recover-20221013,001,1795
434.4875,434.529,68437,82500,Rhinolophus ferrumequinum,0.022,0.022,-1,Echolocation,/mnt/ubna_data_02_mir/recover-20221013/UBNA_001/20221012_030000.WAV,Telephone Field,recover-20221013,001,1795
434.5105,434.5473,68437,81907,Rhinolophus ferrumequinum,0.022,0.022,-1,Echolocation,/mnt/ubna_data_02_mir/recover-20221013/UBNA_001/20221012_030000.WAV,Telephone Field,recover-20221013,001,1795
434.5705,434.6134,68437,83021,Rhinolophus ferrumequinum,0.035,0.035,-1,Echolocation,/mnt/ubna_data_02_mir/recover-20221013/UBNA_001/20221012_030000.WAV,Telephone Field,recover-20221013,001,1795
434.5875,434.59590000000003,28046,37672,Eptesicus serotinus,0.007,0.02,-1,Echolocation,/mnt/ubna_data_02_mir/recover-20221013/UBNA_001/20221012_030000.WAV,Telephone Field,recover-20221013,001,1795
434.6065,434.6168,22031,27333,Nyctalus leisleri,0.009,0.022,-1,Echolocation,/mnt/ubna_data_02_mir/recover-20221013/UBNA_001/20221012_030000.WAV,Telephone Field,recover-20221013,001,1795
434.6095,434.6441,68437,81465,Rhinolophus ferrumequinum,0.02,0.02,-1,Echolocation,/mnt/ubna_data_02_mir/recover-20221013/UBNA_001/20221012_030000.WAV,Telephone Field,recover-20221013,001,1795
434.6235,434.66179999999997,68437,81820,Rhinolophus ferrumequinum,0.02,0.02,-1,Echolocation,/mnt/ubna_data_02_mir/recover-20221013/UBNA_001/20221012_030000.WAV,Telephone Field,recover-20221013,001,1795
434.66949999999997,434.6788,27187,38825,Eptesicus serotinus,0.009,0.023,-1,Echolocation,/mnt/ubna_data_02_mir/recover-20221013/UBNA_001/20221012_030000.WAV,Telephone Field,recover-20221013,001,1795
434.6975,434.7167,18593,21613,Nyctalus noctula,0.012,0.023,-1,Echolocation,/mnt/ubna_data_02_mir/recover-20221013/UBNA_001/20221012_030000.WAV,Telephone Field,recover-20221013,001,1795
434.7305,434.7703,68437,82523,Rhinolophus ferrumequinum,0.023,0.023,-1,Echolocation,/mnt/ubna_data_02_mir/recover-20221013/UBNA_001/20221012_030000.WAV,Telephone Field,recover-20221013,001,1795
434.7585,434.7934,68437,81602,Rhinolophus ferrumequinum,0.02,0.021,-1,Echolocation,/mnt/ubna_data_02_mir/recover-20221013/UBNA_001/20221012_030000.WAV,Telephone Field,recover-20221013,001,1795
434.7655,434.8027,68437,82048,Rhinolophus ferrumequinum,0.02,0.02,-1,Echolocation,/mnt/ubna_data_02_mir/recover-20221013/UBNA_001/20221012_030000.WAV,Telephone Field,recover-20221013,001,1795
434.7685,434.7771,24609,31858,Nyctalus leisleri,0.007,0.021,-1,Echolocation,/mnt/ubna_data_02_mir/recover-20221013/UBNA_001/20221012_030000.WAV,Telephone Field,recover-20221013,001,1795
434.7775,434.811,68437,80382,Rhinolophus ferrumequinum,0.021,0.021,-1,Echolocation,/mnt/ubna_data_02_mir/recover-20221013/UBNA_001/20221012_030000.WAV,Telephone Field,recover-20221013,001,1795
434.7855,434.8225,68437,81327,Rhinolophus ferrumequinum,0.022,0.022,-1,Echolocation,/mnt/ubna_data_02_mir/recover-20221013/UBNA_001/20221012_030000.WAV,Telephone Field,recover-20221013,001,1795
434.7915,434.8008,28046,36480,Eptesicus serotinus,0.009,0.021,-1,Echolocation,/mnt/ubna_data_02_mir/recover-20221013/UBNA_001/20221012_030000.WAV,Telephone Field,recover-20221013,001,1795
434.8125,434.8513,68437,82069,Rhinolophus ferrumequinum,0.021,0.021,-1,Echolocation,/mnt/ubna_data_02_mir/recover-20221013/UBNA_001/20221012_030000.WAV,Telephone Field,recover-20221013,001,1795
434.8335,434.8434,28046,38284,Eptesicus serotinus,0.009,0.021,-1,Echolocation,/mnt/ubna_data_02_mir/recover-20221013/UBNA_001/20221012_030000.WAV,Telephone Field,recover-20221013,001,1795
434.8645,434.9017,68437,81946,Rhinolophus ferrumequinum,0.022,0.022,-1,Echolocation,/mnt/ubna_data_02_mir/recover-20221013/UBNA_001/20221012_030000.WAV,Telephone Field,recover-20221013,001,1795
434.8685,434.878,27187,36458,Eptesicus serotinus,0.009,0.021,-1,Echolocation,/mnt/ubna_data_02_mir/recover-20221013/UBNA_001/20221012_030000.WAV,Telephone Field,recover-20221013,001,1795
434.9095,434.9469,68437,81621,Rhinolophus ferrumequinum,0.021,0.021,-1,Echolocation,/mnt/ubna_data_02_mir/recover-20221013/UBNA_001/20221012_030000.WAV,Telephone Field,recover-20221013,001,1795
434.9655,435.0102,68437,83305,Rhinolophus ferrumequinum,0.038,0.038,-1,Echolocation,/mnt/ubna_data_02_mir/recover-20221013/UBNA_001/20221012_030000.WAV,Telephone Field,recover-20221013,001,1795
434.9775,434.9862,28046,38683,Eptesicus serotinus,0.009,0.023,-1,Echolocation,/mnt/ubna_data_02_mir/recover-20221013/UBNA_001/20221012_030000.WAV,Telephone Field,recover-20221013,001,1795
434.9945,435.032,68437,82344,Rhinolophus ferrumequinum,0.021,0.021,-1,Echolocation,/mnt/ubna_data_02_mir/recover-20221013/UBNA_001/20221012_030000.WAV,Telephone Field,recover-20221013,001,1795
435.0285,435.0678,68437,82753,Rhinolophus ferrumequinum,0.02,0.02,-1,Echolocation,/mnt/ubna_data_02_mir/recover-20221013/UBNA_001/20221012_030000.WAV,Telephone Field,recover-20221013,001,1795
435.0515,435.0893,68437,82094,Rhinolophus ferrumequinum,0.023,0.023,-1,Echolocation,/mnt/ubna_data_02_mir/recover-20221013/UBNA_001/20221012_030000.WAV,Telephone Field,recover-20221013,001,1795
435.0735,435.1103,68437,81077,Rhinolophus ferrumequinum,0.021,0.021,-1,Echolocation,/mnt/ubna_data_02_mir/recover-20221013/UBNA_001/20221012_030000.WAV,Telephone Field,recover-20221013,001,1795
435.1095,435.1458,68437,81418,Rhinolophus ferrumequinum,0.022,0.022,-1,Echolocation,/mnt/ubna_data_02_mir/recover-20221013/UBNA_001/20221012_030000.WAV,Telephone Field,recover-20221013,001,1795
435.1285,435.1375,27187,36969,Eptesicus serotinus,0.007,0.022,-1,Echolocation,/mnt/ubna_data_02_mir/recover-20221013/UBNA_001/20221012_030000.WAV,Telephone Field,recover-20221013,001,1795
435.1355,435.1451,28906,37857,Eptesicus serotinus,0.008,0.021,-1,Echolocation,/mnt/ubna_data_02_mir/recover-20221013/UBNA_001/20221012_030000.WAV,Telephone Field,recover-20221013,001,1795
435.1435,435.1523,28046,37038,Eptesicus serotinus,0.008,0.02,-1,Echolocation,/mnt/ubna_data_02_mir/recover-20221013/UBNA_001/20221012_030000.WAV,Telephone Field,recover-20221013,001,1795
435.1825,435.1912,45234,51802,Pipistrellus pipistrellus,0.024,0.029,-1,Echolocation,/mnt/ubna_data_02_mir/recover-20221013/UBNA_001/20221012_030000.WAV,Telephone Field,recover-20221013,001,1795
435.1975,435.2361,68437,81677,Rhinolophus ferrumequinum,0.021,0.021,-1,Echolocation,/mnt/ubna_data_02_mir/recover-20221013/UBNA_001/20221012_030000.WAV,Telephone Field,recover-20221013,001,1795
435.2215,435.2596,68437,81020,Rhinolophus ferrumequinum,0.021,0.021,-1,Echolocation,/mnt/ubna_data_02_mir/recover-20221013/UBNA_001/20221012_030000.WAV,Telephone Field,recover-20221013,001,1795
435.2225,435.2354,22890,28300,Nyctalus leisleri,0.014,0.027,-1,Echolocation,/mnt/ubna_data_02_mir/recover-20221013/UBNA_001/20221012_030000.WAV,Telephone Field,recover-20221013,001,1795
435.2695,435.3089,68437,82286,Rhinolophus ferrumequinum,0.021,0.021,-1,Echolocation,/mnt/ubna_data_02_mir/recover-20221013/UBNA_001/20221012_030000.WAV,Telephone Field,recover-20221013,001,1795
435.2755,435.2937,44375,46710,Pipistrellus pipistrellus,0.153,0.175,-1,Echolocation,/mnt/ubna_data_02_mir/recover-20221013/UBNA_001/20221012_030000.WAV,Telephone Field,recover-20221013,001,1795
435.2765,435.3137,68437,81470,Rhinolophus ferrumequinum,0.021,0.021,-1,Echolocation,/mnt/ubna_data_02_mir/recover-20221013/UBNA_001/20221012_030000.WAV,Telephone Field,recover-20221013,001,1795
435.3035,435.3442,68437,82200,Rhinolophus ferrumequinum,0.023,0.023,-1,Echolocation,/mnt/ubna_data_02_mir/recover-20221013/UBNA_001/20221012_030000.WAV,Telephone Field,recover-20221013,001,1795
435.3185,435.3615,68437,82904,Rhinolophus ferrumequinum,0.038,0.038,-1,Echolocation,/mnt/ubna_data_02_mir/recover-20221013/UBNA_001/20221012_030000.WAV,Telephone Field,recover-20221013,001,1795
435.3625,435.4019,68437,82392,Rhinolophus ferrumequinum,0.027,0.027,-1,Echolocation,/mnt/ubna_data_02_mir/recover-20221013/UBNA_001/20221012_030000.WAV,Telephone Field,recover-20221013,001,1795
435.3675,435.378,23750,30539,Nyctalus leisleri,0.008,0.022,-1,Echolocation,/mnt/ubna_data_02_mir/recover-20221013/UBNA_001/20221012_030000.WAV,Telephone Field,recover-20221013,001,1795
435.3855,435.4233,68437,82261,Rhinolophus ferrumequinum,0.021,0.021,-1,Echolocation,/mnt/ubna_data_02_mir/recover-20221013/UBNA_001/20221012_030000.WAV,Telephone Field,recover-20221013,001,1795
435.4115,435.4483,68437,80812,Rhinolophus ferrumequinum,0.022,0.022,-1,Echolocation,/mnt/ubna_data_02_mir/recover-20221013/UBNA_001/20221012_030000.WAV,Telephone Field,recover-20221013,001,1795
435.4285,435.4679,68437,81899,Rhinolophus ferrumequinum,0.027,0.027,-1,Echolocation,/mnt/ubna_data_02_mir/recover-20221013/UBNA_001/20221012_030000.WAV,Telephone Field,recover-20221013,001,1795
435.4355,435.4443,28906,38216,Eptesicus serotinus,0.008,0.022,-1,Echolocation,/mnt/ubna_data_02_mir/recover-20221013/UBNA_001/20221012_030000.WAV,Telephone Field,recover-20221013,001,1795
435.4355,435.4445,22890,29598,Nyctalus leisleri,0.008,0.022,-1,Echolocation,/mnt/ubna_data_02_mir/recover-20221013/UBNA_001/20221012_030000.WAV,Telephone Field,recover-20221013,001,1795
435.4755,435.5134,68437,81918,Rhinolophus ferrumequinum,0.02,0.02,-1,Echolocation,/mnt/ubna_data_02_mir/recover-20221013/UBNA_001/20221012_030000.WAV,Telephone Field,recover-20221013,001,1795
435.5015,435.5417,68437,81903,Rhinolophus ferrumequinum,0.02,0.02,-1,Echolocation,/mnt/ubna_data_02_mir/recover-20221013/UBNA_001/20221012_030000.WAV,Telephone Field,recover-20221013,001,1795
435.5715,435.5859,41796,45924,Pipistrellus pipistrellus,0.025,0.034,-1,Echolocation,/mnt/ubna_data_02_mir/recover-20221013/UBNA_001/20221012_030000.WAV,Telephone Field,recover-20221013,001,1795
435.5715,435.6095,68437,81875,Rhinolophus ferrumequinum,0.02,0.02,-1,Echolocation,/mnt/ubna_data_02_mir/recover-20221013/UBNA_001/20221012_030000.WAV,Telephone Field,recover-20221013,001,1795
435.5745,435.5818,26328,36988,Eptesicus serotinus,0.009,0.024,-1,Echolocation,/mnt/ubna_data_02_mir/recover-20221013/UBNA_001/20221012_030000.WAV,Telephone Field,recover-20221013,001,1795
435.5865,435.623,68437,82041,Rhinolophus ferrumequinum,0.028,0.028,-1,Echolocation,/mnt/ubna_data_02_mir/recover-20221013/UBNA_001/20221012_030000.WAV,Telephone Field,recover-20221013,001,1795
435.5955,435.6099,24609,30358,Nyctalus leisleri,0.013,0.033,-1,Echolocation,/mnt/ubna_data_02_mir/recover-20221013/UBNA_001/20221012_030000.WAV,Telephone Field,recover-20221013,001,1795
435.6285,435.6363,24609,32546,Plecotus austriacus,0.008,0.026,-1,Echolocation,/mnt/ubna_data_02_mir/recover-20221013/UBNA_001/20221012_030000.WAV,Telephone Field,recover-20221013,001,1795
435.6495,435.6598,27187,36551,Eptesicus serotinus,0.01,0.022,-1,Echolocation,/mnt/ubna_data_02_mir/recover-20221013/UBNA_001/20221012_030000.WAV,Telephone Field,recover-20221013,001,1795
435.6655,435.7046,68437,82090,Rhinolophus ferrumequinum,0.02,0.02,-1,Echolocation,/mnt/ubna_data_02_mir/recover-20221013/UBNA_001/20221012_030000.WAV,Telephone Field,recover-20221013,001,1795
435.7155,435.7568,68437,82499,Rhinolophus ferrumequinum,0.029,0.029,-1,Echolocation,/mnt/ubna_data_02_mir/recover-20221013/UBNA_001/20221012_030000.WAV,Telephone Field,recover-20221013,001,1795
435.7185,435.7255,25468,35799,Plecotus austriacus,0.009,0.035,-1,Echolocation,/mnt/ubna_data_02_mir/recover-20221013/UBNA_001/20221012_030000.WAV,Telephone Field,recover-20221013,001,1795
435.7545,435.7637,28906,39064,Eptesicus serotinus,0.007,0.02,-1,Echolocation,/mnt/ubna_data_02_mir/recover-20221013/UBNA_001/20221012_030000.WAV,Telephone Field,recover-20221013,001,1795
435.7625,435.7997,68437,81569,Rhinolophus ferrumequinum,0.021,0.021,-1,Echolocation,/mnt/ubna_data_02_mir/recover-20221013/UBNA_001/20221012_030000.WAV,Telephone Field,recover-20221013,001,1795
435.7715,435.7794,28046,38014,Eptesicus serotinus,0.007,0.02,-1,Echolocation,/mnt/ubna_data_02_mir/recover-20221013/UBNA_001/20221012_030000.WAV,Telephone Field,recover-20221013,001,1795
435.8065,435.818,24609,29918,Nyctalus leisleri,0.011,0.025,-1,Echolocation,/mnt/ubna_data_02_mir/recover-20221013/UBNA_001/20221012_030000.WAV,Telephone Field,recover-20221013,001,1795
435.8235,435.862,68437,82072,Rhinolophus ferrumequinum,0.021,0.021,-1,Echolocation,/mnt/ubna_data_02_mir/recover-20221013/UBNA_001/20221012_030000.WAV,Telephone Field,recover-20221013,001,1795
435.8355,435.8736,68437,81566,Rhinolophus ferrumequinum,0.021,0.021,-1,Echolocation,/mnt/ubna_data_02_mir/recover-20221013/UBNA_001/20221012_030000.WAV,Telephone Field,recover-20221013,001,1795
435.8515,435.8896,68437,82127,Rhinolophus ferrumequinum,0.027,0.027,-1,Echolocation,/mnt/ubna_data_02_mir/recover-20221013/UBNA_001/20221012_030000.WAV,Telephone Field,recover-20221013,001,1795
435.8765,435.8839,48671,55412,Pipistrellus pipistrellus,0.023,0.024,-1,Echolocation,/mnt/ubna_data_02_mir/recover-20221013/UBNA_001/20221012_030000.WAV,Telephone Field,recover-20221013,001,1795
435.9315,435.9726,68437,82933,Rhinolophus ferrumequinum,0.029,0.029,-1,Echolocation,/mnt/ubna_data_02_mir/recover-20221013/UBNA_001/20221012_030000.WAV,Telephone Field,recover-20221013,001,1795
435.9655,435.974,26328,34565,Eptesicus serotinus,0.011,0.027,-1,Echolocation,/mnt/ubna_data_02_mir/recover-20221013/UBNA_001/20221012_030000.WAV,Telephone Field,recover-20221013,001,1795
436.0015,436.0329,68437,80300,Rhinolophus ferrumequinum,0.048,0.049,-1,Echolocation,/mnt/ubna_data_02_mir/recover-20221013/UBNA_001/20221012_030000.WAV,Telephone Field,recover-20221013,001,1795
436.0015,436.0146,23750,29412,Nyctalus leisleri,0.033,0.066,-1,Echolocation,/mnt/ubna_data_02_mir/recover-20221013/UBNA_001/20221012_030000.WAV,Telephone Field,recover-20221013,001,1795
436.0085,436.0479,68437,82161,Rhinolophus ferrumequinum,0.023,0.023,-1,Echolocation,/mnt/ubna_data_02_mir/recover-20221013/UBNA_001/20221012_030000.WAV,Telephone Field,recover-20221013,001,1795
436.0245,436.0626,68437,81652,Rhinolophus ferrumequinum,0.022,0.022,-1,Echolocation,/mnt/ubna_data_02_mir/recover-20221013/UBNA_001/20221012_030000.WAV,Telephone Field,recover-20221013,001,1795
436.0645,436.1029,68437,82071,Rhinolophus ferrumequinum,0.022,0.022,-1,Echolocation,/mnt/ubna_data_02_mir/recover-20221013/UBNA_001/20221012_030000.WAV,Telephone Field,recover-20221013,001,1795
436.0695,436.078,28046,36371,Eptesicus serotinus,0.008,0.022,-1,Echolocation,/mnt/ubna_data_02_mir/recover-20221013/UBNA_001/20221012_030000.WAV,Telephone Field,recover-20221013,001,1795
436.0835,436.1222,68437,82246,Rhinolophus ferrumequinum,0.024,0.024,-1,Echolocation,/mnt/ubna_data_02_mir/recover-20221013/UBNA_001/20221012_030000.WAV,Telephone Field,recover-20221013,001,1795
436.0975,436.1363,68437,81258,Rhinolophus ferrumequinum,0.023,0.023,-1,Echolocation,/mnt/ubna_data_02_mir/recover-20221013/UBNA_001/20221012_030000.WAV,Telephone Field,recover-20221013,001,1795
436.1225,436.163,68437,82400,Rhinolophus ferrumequinum,0.026,0.026,-1,Echolocation,/mnt/ubna_data_02_mir/recover-20221013/UBNA_001/20221012_030000.WAV,Telephone Field,recover-20221013,001,1795
436.1675,436.2052,68437,82057,Rhinolophus ferrumequinum,0.022,0.022,-1,Echolocation,/mnt/ubna_data_02_mir/recover-20221013/UBNA_001/20221012_030000.WAV,Telephone Field,recover-20221013,001,1795
436.1885,436.2283,68437,82483,Rhinolophus ferrumequinum,0.025,0.025,-1,Echolocation,/mnt/ubna_data_02_mir/recover-20221013/UBNA_001/20221012_030000.WAV,Telephone Field,recover-20221013,001,1795
436.1995,436.2385,68437,82392,Rhinolophus ferrumequinum,0.022,0.022,-1,Echolocation,/mnt/ubna_data_02_mir/recover-20221013/UBNA_001/20221012_030000.WAV,Telephone Field,recover-20221013,001,1795
436.2115,436.2215,25468,33012,Eptesicus serotinus,0.009,0.026,-1,Echolocation,/mnt/ubna_data_02_mir/recover-20221013/UBNA_001/20221012_030000.WAV,Telephone Field,recover-20221013,001,1795
436.22950000000003,436.271,68437,82971,Rhinolophus ferrumequinum,0.023,0.023,-1,Echolocation,/mnt/ubna_data_02_mir/recover-20221013/UBNA_001/20221012_030000.WAV,Telephone Field,recover-20221013,001,1795
436.2315,436.2414,28906,36604,Eptesicus serotinus,0.013,0.029,-1,Echolocation,/mnt/ubna_data_02_mir/recover-20221013/UBNA_001/20221012_030000.WAV,Telephone Field,recover-20221013,001,1795
436.2395,436.2501,27187,33905,Eptesicus serotinus,0.014,0.03,-1,Echolocation,/mnt/ubna_data_02_mir/recover-20221013/UBNA_001/20221012_030000.WAV,Telephone Field,recover-20221013,001,1795
436.2425,436.2813,68437,81679,Rhinolophus ferrumequinum,0.021,0.021,-1,Echolocation,/mnt/ubna_data_02_mir/recover-20221013/UBNA_001/20221012_030000.WAV,Telephone Field,recover-20221013,001,1795
436.2785,436.3167,68437,81764,Rhinolophus ferrumequinum,0.023,0.023,-1,Echolocation,/mnt/ubna_data_02_mir/recover-20221013/UBNA_001/20221012_030000.WAV,Telephone Field,recover-20221013,001,1795
436.2825,436.2893,27187,42389,Eptesicus serotinus,0.006,0.021,-1,Echolocation,/mnt/ubna_data_02_mir/recover-20221013/UBNA_001/20221012_030000.WAV,Telephone Field,recover-20221013,001,1795
436.2865,436.3265,68437,82708,Rhinolophus ferrumequinum,0.023,0.023,-1,Echolocation,/mnt/ubna_data_02_mir/recover-20221013/UBNA_001/20221012_030000.WAV,Telephone Field,recover-20221013,001,1795
436.2925,436.3289,68437,82067,Rhinolophus ferrumequinum,0.021,0.021,-1,Echolocation,/mnt/ubna_data_02_mir/recover-20221013/UBNA_001/20221012_030000.WAV,Telephone Field,recover-20221013,001,1795
436.3245,436.3661,68437,82905,Rhinolophus ferrumequinum,0.028,0.028,-1,Echolocation,/mnt/ubna_data_02_mir/recover-20221013/UBNA_001/20221012_030000.WAV,Telephone Field,recover-20221013,001,1795
436.3675,436.4054,68437,82777,Rhinolophus ferrumequinum,0.026,0.026,-1,Echolocation,/mnt/ubna_data_02_mir/recover-20221013/UBNA_001/20221012_030000.WAV,Telephone Field,recover-20221013,001,1795
436.3975,436.4073,22890,28912,Nyctalus leisleri,0.008,0.021,-1,Echolocation,/mnt/ubna_data_02_mir/recover-20221013/UBNA_001/20221012_030000.WAV,Telephone Field,recover-20221013,001,1795
436.4335,436.4434,37500,45333,Pipistrellus nathusii,0.008,0.032,-1,Echolocation,/mnt/ubna_data_02_mir/recover-20221013/UBNA_001/20221012_030000.WAV,Telephone Field,recover-20221013,001,1795
436.4365,436.473,68437,82154,Rhinolophus ferrumequinum,0.024,0.024,-1,Echolocation,/mnt/ubna_data_02_mir/recover-20221013/UBNA_001/20221012_030000.WAV,Telephone Field,recover-20221013,001,1795
436.4605,436.5017,68437,82641,Rhinolophus ferrumequinum,0.025,0.025,-1,Echolocation,/mnt/ubna_data_02_mir/recover-20221013/UBNA_001/20221012_030000.WAV,Telephone Field,recover-20221013,001,1795
436.4965,436.536,68437,82399,Rhinolophus ferrumequinum,0.024,0.024,-1,Echolocation,/mnt/ubna_data_02_mir/recover-20221013/UBNA_001/20221012_030000.WAV,Telephone Field,recover-20221013,001,1795
436.5145,436.5256,24609,29996,Nyctalus leisleri,0.011,0.025,-1,Echolocation,/mnt/ubna_data_02_mir/recover-20221013/UBNA_001/20221012_030000.WAV,Telephone Field,recover-20221013,001,1795
436.5155,436.5548,68437,82026,Rhinolophus ferrumequinum,0.023,0.023,-1,Echolocation,/mnt/ubna_data_02_mir/recover-20221013/UBNA_001/20221012_030000.WAV,Telephone Field,recover-20221013,001,1795
436.5505,436.5609,26328,33156,Eptesicus serotinus,0.01,0.023,-1,Echolocation,/mnt/ubna_data_02_mir/recover-20221013/UBNA_001/20221012_030000.WAV,Telephone Field,recover-20221013,001,1795
436.5535,436.5911,68437,81715,Rhinolophus ferrumequinum,0.022,0.022,-1,Echolocation,/mnt/ubna_data_02_mir/recover-20221013/UBNA_001/20221012_030000.WAV,Telephone Field,recover-20221013,001,1795
436.6195,436.6621,68437,83007,Rhinolophus ferrumequinum,0.028,0.028,-1,Echolocation,/mnt/ubna_data_02_mir/recover-20221013/UBNA_001/20221012_030000.WAV,Telephone Field,recover-20221013,001,1795
436.70550000000003,436.7154,22890,29126,Nyctalus leisleri,0.008,0.023,-1,Echolocation,/mnt/ubna_data_02_mir/recover-20221013/UBNA_001/20221012_030000.WAV,Telephone Field,recover-20221013,001,1795
436.7075,436.7471,68437,81468,Rhinolophus ferrumequinum,0.026,0.026,-1,Echolocation,/mnt/ubna_data_02_mir/recover-20221013/UBNA_001/20221012_030000.WAV,Telephone Field,recover-20221013,001,1795
436.7285,436.764,68437,81449,Rhinolophus ferrumequinum,0.023,0.023,-1,Echolocation,/mnt/ubna_data_02_mir/recover-20221013/UBNA_001/20221012_030000.WAV,Telephone Field,recover-20221013,001,1795
436.7475,436.7852,68437,82198,Rhinolophus ferrumequinum,0.022,0.022,-1,Echolocation,/mnt/ubna_data_02_mir/recover-20221013/UBNA_001/20221012_030000.WAV,Telephone Field,recover-20221013,001,1795
436.7585,436.7676,27187,35911,Eptesicus serotinus,0.011,0.026,-1,Echolocation,/mnt/ubna_data_02_mir/recover-20221013/UBNA_001/20221012_030000.WAV,Telephone Field,recover-20221013,001,1795
436.7735,436.814,68437,82571,Rhinolophus ferrumequinum,0.025,0.025,-1,Echolocation,/mnt/ubna_data_02_mir/recover-20221013/UBNA_001/20221012_030000.WAV,Telephone Field,recover-20221013,001,1795
436.7815,436.8245,68437,83281,Rhinolophus ferrumequinum,0.035,0.035,-1,Echolocation,/mnt/ubna_data_02_mir/recover-20221013/UBNA_001/20221012_030000.WAV,Telephone Field,recover-20221013,001,1795
436.7905,436.8302,68437,82502,Rhinolophus ferrumequinum,0.025,0.025,-1,Echolocation,/mnt/ubna_data_02_mir/recover-20221013/UBNA_001/20221012_030000.WAV,Telephone Field,recover-20221013,001,1795
436.79449999999997,436.8052,28046,34486,Eptesicus serotinus,0.013,0.026,-1,Echolocation,/mnt/ubna_data_02_mir/recover-20221013/UBNA_001/20221012_030000.WAV,Telephone Field,recover-20221013,001,1795
436.8315,436.83820000000003,28046,36066,Eptesicus serotinus,0.007,0.022,-1,Echolocation,/mnt/ubna_data_02_mir/recover-20221013/UBNA_001/20221012_030000.WAV,Telephone Field,recover-20221013,001,1795
436.8385,436.8827,68437,83598,Rhinolophus ferrumequinum,0.048,0.048,-1,Echolocation,/mnt/ubna_data_02_mir/recover-20221013/UBNA_001/20221012_030000.WAV,Telephone Field,recover-20221013,001,1795
436.8445,436.8521,46953,54477,Pipistrellus pipistrellus,0.03,0.034,-1,Echolocation,/mnt/ubna_data_02_mir/recover-20221013/UBNA_001/20221012_030000.WAV,Telephone Field,recover-20221013,001,1795
436.9045,436.9131,14296,22289,Plecotus auritus,0.013,0.024,-1,Echolocation,/mnt/ubna_data_02_mir/recover-20221013/UBNA_001/20221012_030000.WAV,Telephone Field,recover-20221013,001,1795
436.9115,436.9505,68437,81973,Rhinolophus ferrumequinum,0.021,0.021,-1,Echolocation,/mnt/ubna_data_02_mir/recover-20221013/UBNA_001/20221012_030000.WAV,Telephone Field,recover-20221013,001,1795
436.9455,436.9841,68437,82467,Rhinolophus ferrumequinum,0.023,0.023,-1,Echolocation,/mnt/ubna_data_02_mir/recover-20221013/UBNA_001/20221012_030000.WAV,Telephone Field,recover-20221013,001,1795
436.9625,437.0027,68437,82798,Rhinolophus ferrumequinum,0.025,0.025,-1,Echolocation,/mnt/ubna_data_02_mir/recover-20221013/UBNA_001/20221012_030000.WAV,Telephone Field,recover-20221013,001,1795
436.9655,436.9766,28046,36526,Eptesicus serotinus,0.017,0.032,-1,Echolocation,/mnt/ubna_data_02_mir/recover-20221013/UBNA_001/20221012_030000.WAV,Telephone Field,recover-20221013,001,1795
436.9835,437.0247,68437,83628,Rhinolophus ferrumequinum,0.027,0.027,-1,Echolocation,/mnt/ubna_data_02_mir/recover-20221013/UBNA_001/20221012_030000.WAV,Telephone Field,recover-20221013,001,1795
437.0025,437.0401,68437,82371,Rhinolophus ferrumequinum,0.022,0.022,-1,Echolocation,/mnt/ubna_data_02_mir/recover-20221013/UBNA_001/20221012_030000.WAV,Telephone Field,recover-20221013,001,1795
437.0085,437.0467,68437,81996,Rhinolophus ferrumequinum,0.022,0.022,-1,Echolocation,/mnt/ubna_data_02_mir/recover-20221013/UBNA_001/20221012_030000.WAV,Telephone Field,recover-20221013,001,1795
437.0265,437.0665,68437,82308,Rhinolophus ferrumequinum,0.024,0.024,-1,Echolocation,/mnt/ubna_data_02_mir/recover-20221013/UBNA_001/20221012_030000.WAV,Telephone Field,recover-20221013,001,1795
437.0845,437.124,68437,82447,Rhinolophus ferrumequinum,0.025,0.025,-1,Echolocation,/mnt/ubna_data_02_mir/recover-20221013/UBNA_001/20221012_030000.WAV,Telephone Field,recover-20221013,001,1795
437.0895,437.1306,68437,82718,Rhinolophus ferrumequinum,0.025,0.025,-1,Echolocation,/mnt/ubna_data_02_mir/recover-20221013/UBNA_001/20221012_030000.WAV,Telephone Field,recover-20221013,001,1795
437.1585,437.1971,68437,81988,Rhinolophus ferrumequinum,0.023,0.023,-1,Echolocation,/mnt/ubna_data_02_mir/recover-20221013/UBNA_001/20221012_030000.WAV,Telephone Field,recover-20221013,001,1795
437.1865,437.2225,68437,81087,Rhinolophus ferrumequinum,0.024,0.024,-1,Echolocation,/mnt/ubna_data_02_mir/recover-20221013/UBNA_001/20221012_030000.WAV,Telephone Field,recover-20221013,001,1795
437.2215,437.2316,22031,27544,Nyctalus leisleri,0.009,0.022,-1,Echolocation,/mnt/ubna_data_02_mir/recover-20221013/UBNA_001/20221012_030000.WAV,Telephone Field,recover-20221013,001,1795
437.2275,437.2647,68437,82310,Rhinolophus ferrumequinum,0.023,0.023,-1,Echolocation,/mnt/ubna_data_02_mir/recover-20221013/UBNA_001/20221012_030000.WAV,Telephone Field,recover-20221013,001,1795
437.2525,437.2929,68437,83331,Rhinolophus ferrumequinum,0.034,0.034,-1,Echolocation,/mnt/ubna_data_02_mir/recover-20221013/UBNA_001/20221012_030000.WAV,Telephone Field,recover-20221013,001,1795
437.2615,437.2999,68437,82478,Rhinolophus ferrumequinum,0.025,0.025,-1,Echolocation,/mnt/ubna_data_02_mir/recover-20221013/UBNA_001/20221012_030000.WAV,Telephone Field,recover-20221013,001,1795
437.2875,437.3256,68437,82187,Rhinolophus ferrumequinum,0.024,0.024,-1,Echolocation,/mnt/ubna_data_02_mir/recover-20221013/UBNA_001/20221012_030000.WAV,Telephone Field,recover-20221013,001,1795
437.3085,437.34929999999997,68437,82652,Rhinolophus ferrumequinum,0.024,0.024,-1,Echolocation,/mnt/ubna_data_02_mir/recover-20221013/UBNA_001/20221012_030000.WAV,Telephone Field,recover-20221013,001,1795
437.3195,437.3565,68437,82060,Rhinolophus ferrumequinum,0.025,0.025,-1,Echolocation,/mnt/ubna_data_02_mir/recover-20221013/UBNA_001/20221012_030000.WAV,Telephone Field,recover-20221013,001,1795
437.3265,437.3659,68437,82032,Rhinolophus ferrumequinum,0.029,0.029,-1,Echolocation,/mnt/ubna_data_02_mir/recover-20221013/UBNA_001/20221012_030000.WAV,Telephone Field,recover-20221013,001,1795
437.3375,437.3756,68437,82143,Rhinolophus ferrumequinum,0.023,0.023,-1,Echolocation,/mnt/ubna_data_02_mir/recover-20221013/UBNA_001/20221012_030000.WAV,Telephone Field,recover-20221013,001,1795
437.3695,437.409,68437,82385,Rhinolophus ferrumequinum,0.023,0.023,-1,Echolocation,/mnt/ubna_data_02_mir/recover-20221013/UBNA_001/20221012_030000.WAV,Telephone Field,recover-20221013,001,1795
437.3905,437.4281,68437,81391,Rhinolophus ferrumequinum,0.025,0.025,-1,Echolocation,/mnt/ubna_data_02_mir/recover-20221013/UBNA_001/20221012_030000.WAV,Telephone Field,recover-20221013,001,1795
437.4415,437.4514,29765,37910,Eptesicus serotinus,0.011,0.034,-1,Echolocation,/mnt/ubna_data_02_mir/recover-20221013/UBNA_001/20221012_030000.WAV,Telephone Field,recover-20221013,001,1795
437.4605,437.5006,68437,81786,Rhinolophus ferrumequinum,0.022,0.022,-1,Echolocation,/mnt/ubna_data_02_mir/recover-20221013/UBNA_001/20221012_030000.WAV,Telephone Field,recover-20221013,001,1795
437.4805,437.5184,68437,82110,Rhinolophus ferrumequinum,0.022,0.022,-1,Echolocation,/mnt/ubna_data_02_mir/recover-20221013/UBNA_001/20221012_030000.WAV,Telephone Field,recover-20221013,001,1795
437.5025,437.5425,68437,81994,Rhinolophus ferrumequinum,0.023,0.023,-1,Echolocation,/mnt/ubna_data_02_mir/recover-20221013/UBNA_001/20221012_030000.WAV,Telephone Field,recover-20221013,001,1795
437.5275,437.5686,68437,82093,Rhinolophus ferrumequinum,0.023,0.023,-1,Echolocation,/mnt/ubna_data_02_mir/recover-20221013/UBNA_001/20221012_030000.WAV,Telephone Field,recover-20221013,001,1795
437.5345,437.5752,68437,82525,Rhinolophus ferrumequinum,0.024,0.024,-1,Echolocation,/mnt/ubna_data_02_mir/recover-20221013/UBNA_001/20221012_030000.WAV,Telephone Field,recover-20221013,001,1795
437.5765,437.61469999999997,68437,81410,Rhinolophus ferrumequinum,0.025,0.025,-1,Echolocation,/mnt/ubna_data_02_mir/recover-20221013/UBNA_001/20221012_030000.WAV,Telephone Field,recover-20221013,001,1795
437.6055,437.6432,68437,82370,Rhinolophus ferrumequinum,0.022,0.022,-1,Echolocation,/mnt/ubna_data_02_mir/recover-20221013/UBNA_001/20221012_030000.WAV,Telephone Field,recover-20221013,001,1795
437.6125,437.627,28906,33399,Eptesicus serotinus,0.023,0.044,-1,Echolocation,/mnt/ubna_data_02_mir/recover-20221013/UBNA_001/20221012_030000.WAV,Telephone Field,recover-20221013,001,1795
437.6225,437.6633,68437,82595,Rhinolophus ferrumequinum,0.022,0.022,-1,Echolocation,/mnt/ubna_data_02_mir/recover-20221013/UBNA_001/20221012_030000.WAV,Telephone Field,recover-20221013,001,1795
437.6505,437.6867,68437,79978,Rhinolophus ferrumequinum,0.045,0.045,-1,Echolocation,/mnt/ubna_data_02_mir/recover-20221013/UBNA_001/20221012_030000.WAV,Telephone Field,recover-20221013,001,1795
437.6775,437.6881,23750,29202,Nyctalus leisleri,0.01,0.023,-1,Echolocation,/mnt/ubna_data_02_mir/recover-20221013/UBNA_001/20221012_030000.WAV,Telephone Field,recover-20221013,001,1795
437.6905,437.7307,68437,82233,Rhinolophus ferrumequinum,0.023,0.023,-1,Echolocation,/mnt/ubna_data_02_mir/recover-20221013/UBNA_001/20221012_030000.WAV,Telephone Field,recover-20221013,001,1795
437.6995,437.7077,28046,37978,Eptesicus serotinus,0.008,0.022,-1,Echolocation,/mnt/ubna_data_02_mir/recover-20221013/UBNA_001/20221012_030000.WAV,Telephone Field,recover-20221013,001,1795
437.7065,437.7429,68437,81600,Rhinolophus ferrumequinum,0.022,0.022,-1,Echolocation,/mnt/ubna_data_02_mir/recover-20221013/UBNA_001/20221012_030000.WAV,Telephone Field,recover-20221013,001,1795
437.7455,437.7825,68437,82157,Rhinolophus ferrumequinum,0.023,0.023,-1,Echolocation,/mnt/ubna_data_02_mir/recover-20221013/UBNA_001/20221012_030000.WAV,Telephone Field,recover-20221013,001,1795
437.7965,437.8354,68437,82625,Rhinolophus ferrumequinum,0.025,0.025,-1,Echolocation,/mnt/ubna_data_02_mir/recover-20221013/UBNA_001/20221012_030000.WAV,Telephone Field,recover-20221013,001,1795
437.8185,437.8261,26328,35053,Eptesicus serotinus,0.007,0.023,-1,Echolocation,/mnt/ubna_data_02_mir/recover-20221013/UBNA_001/20221012_030000.WAV,Telephone Field,recover-20221013,001,1795
437.83050000000003,437.8716,68437,82924,Rhinolophus ferrumequinum,0.028,0.028,-1,Echolocation,/mnt/ubna_data_02_mir/recover-20221013/UBNA_001/20221012_030000.WAV,Telephone Field,recover-20221013,001,1795
437.8395,437.8465,27187,37358,Eptesicus serotinus,0.007,0.023,-1,Echolocation,/mnt/ubna_data_02_mir/recover-20221013/UBNA_001/20221012_030000.WAV,Telephone Field,recover-20221013,001,1795
437.8415,437.88,68437,82378,Rhinolophus ferrumequinum,0.024,0.024,-1,Echolocation,/mnt/ubna_data_02_mir/recover-20221013/UBNA_001/20221012_030000.WAV,Telephone Field,recover-20221013,001,1795
437.8745,437.8856,22890,27626,Nyctalus leisleri,0.012,0.023,-1,Echolocation,/mnt/ubna_data_02_mir/recover-20221013/UBNA_001/20221012_030000.WAV,Telephone Field,recover-20221013,001,1795
437.8835,437.92470000000003,68437,82806,Rhinolophus ferrumequinum,0.027,0.027,-1,Echolocation,/mnt/ubna_data_02_mir/recover-20221013/UBNA_001/20221012_030000.WAV,Telephone Field,recover-20221013,001,1795
437.8945,437.9354,68437,82269,Rhinolophus ferrumequinum,0.023,0.023,-1,Echolocation,/mnt/ubna_data_02_mir/recover-20221013/UBNA_001/20221012_030000.WAV,Telephone Field,recover-20221013,001,1795
437.9045,437.9133,36640,47113,Myotis daubentonii,0.006,0.024,-1,Echolocation,/mnt/ubna_data_02_mir/recover-20221013/UBNA_001/20221012_030000.WAV,Telephone Field,recover-20221013,001,1795
437.9205,437.9575,68437,82226,Rhinolophus ferrumequinum,0.027,0.027,-1,Echolocation,/mnt/ubna_data_02_mir/recover-20221013/UBNA_001/20221012_030000.WAV,Telephone Field,recover-20221013,001,1795
437.9485,437.9557,23750,31871,Plecotus austriacus,0.013,0.026,-1,Echolocation,/mnt/ubna_data_02_mir/recover-20221013/UBNA_001/20221012_030000.WAV,Telephone Field,recover-20221013,001,1795
437.9535,437.9938,68437,82382,Rhinolophus ferrumequinum,0.023,0.023,-1,Echolocation,/mnt/ubna_data_02_mir/recover-20221013/UBNA_001/20221012_030000.WAV,Telephone Field,recover-20221013,001,1795
438.0015,438.032,69296,81468,Rhinolophus ferrumequinum,0.033,0.034,-1,Echolocation,/mnt/ubna_data_02_mir/recover-20221013/UBNA_001/20221012_030000.WAV,Telephone Field,recover-20221013,001,1795
438.0015,438.0096,23750,30496,Nyctalus leisleri,0.008,0.024,-1,Echolocation,/mnt/ubna_data_02_mir/recover-20221013/UBNA_001/20221012_030000.WAV,Telephone Field,recover-20221013,001,1795
438.0175,438.0272,22890,28735,Nyctalus leisleri,0.008,0.021,-1,Echolocation,/mnt/ubna_data_02_mir/recover-20221013/UBNA_001/20221012_030000.WAV,Telephone Field,recover-20221013,001,1795
438.0495,438.0871,68437,81084,Rhinolophus ferrumequinum,0.021,0.022,-1,Echolocation,/mnt/ubna_data_02_mir/recover-20221013/UBNA_001/20221012_030000.WAV,Telephone Field,recover-20221013,001,1795
438.0665,438.1037,68437,81697,Rhinolophus ferrumequinum,0.021,0.021,-1,Echolocation,/mnt/ubna_data_02_mir/recover-20221013/UBNA_001/20221012_030000.WAV,Telephone Field,recover-20221013,001,1795
438.0955,438.1038,27187,37752,Eptesicus serotinus,0.007,0.021,-1,Echolocation,/mnt/ubna_data_02_mir/recover-20221013/UBNA_001/20221012_030000.WAV,Telephone Field,recover-20221013,001,1795
438.1125,438.1501,68437,81615,Rhinolophus ferrumequinum,0.025,0.025,-1,Echolocation,/mnt/ubna_data_02_mir/recover-20221013/UBNA_001/20221012_030000.WAV,Telephone Field,recover-20221013,001,1795
438.1625,438.2008,68437,82289,Rhinolophus ferrumequinum,0.025,0.025,-1,Echolocation,/mnt/ubna_data_02_mir/recover-20221013/UBNA_001/20221012_030000.WAV,Telephone Field,recover-20221013,001,1795
438.1635,438.1732,28046,36241,Eptesicus serotinus,0.01,0.023,-1,Echolocation,/mnt/ubna_data_02_mir/recover-20221013/UBNA_001/20221012_030000.WAV,Telephone Field,recover-20221013,001,1795
438.1705,438.1787,27187,38471,Eptesicus serotinus,0.007,0.023,-1,Echolocation,/mnt/ubna_data_02_mir/recover-20221013/UBNA_001/20221012_030000.WAV,Telephone Field,recover-20221013,001,1795
438.1855,438.2259,68437,81944,Rhinolophus ferrumequinum,0.02,0.02,-1,Echolocation,/mnt/ubna_data_02_mir/recover-20221013/UBNA_001/20221012_030000.WAV,Telephone Field,recover-20221013,001,1795
438.2095,438.2211,28906,36379,Eptesicus serotinus,0.014,0.026,-1,Echolocation,/mnt/ubna_data_02_mir/recover-20221013/UBNA_001/20221012_030000.WAV,Telephone Field,recover-20221013,001,1795
438.2195,438.22860000000003,28046,37021,Eptesicus serotinus,0.009,0.024,-1,Echolocation,/mnt/ubna_data_02_mir/recover-20221013/UBNA_001/20221012_030000.WAV,Telephone Field,recover-20221013,001,1795
438.2605,438.2812,20312,23200,Nyctalus leisleri,0.014,0.025,-1,Echolocation,/mnt/ubna_data_02_mir/recover-20221013/UBNA_001/20221012_030000.WAV,Telephone Field,recover-20221013,001,1795
438.2925,438.3045,24609,30877,Nyctalus leisleri,0.009,0.026,-1,Echolocation,/mnt/ubna_data_02_mir/recover-20221013/UBNA_001/20221012_030000.WAV,Telephone Field,recover-20221013,001,1795
438.3135,438.3217,28046,38180,Eptesicus serotinus,0.006,0.02,-1,Echolocation,/mnt/ubna_data_02_mir/recover-20221013/UBNA_001/20221012_030000.WAV,Telephone Field,recover-20221013,001,1795
438.3295,438.37,68437,82039,Rhinolophus ferrumequinum,0.021,0.021,-1,Echolocation,/mnt/ubna_data_02_mir/recover-20221013/UBNA_001/20221012_030000.WAV,Telephone Field,recover-20221013,001,1795
438.3385,438.379,68437,83073,Rhinolophus ferrumequinum,0.021,0.021,-1,Echolocation,/mnt/ubna_data_02_mir/recover-20221013/UBNA_001/20221012_030000.WAV,Telephone Field,recover-20221013,001,1795
438.3585,438.3978,68437,82468,Rhinolophus ferrumequinum,0.027,0.027,-1,Echolocation,/mnt/ubna_data_02_mir/recover-20221013/UBNA_001/20221012_030000.WAV,Telephone Field,recover-20221013,001,1795
438.3745,438.4103,68437,81369,Rhinolophus ferrumequinum,0.021,0.021,-1,Echolocation,/mnt/ubna_data_02_mir/recover-20221013/UBNA_001/20221012_030000.WAV,Telephone Field,recover-20221013,001,1795
438.3885,438.3946,27187,46726,Eptesicus serotinus,0.005,0.021,-1,Echolocation,/mnt/ubna_data_02_mir/recover-20221013/UBNA_001/20221012_030000.WAV,Telephone Field,recover-20221013,001,1795
438.3975,438.4338,68437,81359,Rhinolophus ferrumequinum,0.02,0.021,-1,Echolocation,/mnt/ubna_data_02_mir/recover-20221013/UBNA_001/20221012_030000.WAV,Telephone Field,recover-20221013,001,1795
438.4285,438.4451,24609,29328,Nyctalus leisleri,0.045,0.099,-1,Echolocation,/mnt/ubna_data_02_mir/recover-20221013/UBNA_001/20221012_030000.WAV,Telephone Field,recover-20221013,001,1795
438.4995,438.5417,68437,82514,Rhinolophus ferrumequinum,0.021,0.021,-1,Echolocation,/mnt/ubna_data_02_mir/recover-20221013/UBNA_001/20221012_030000.WAV,Telephone Field,recover-20221013,001,1795
438.54449999999997,438.5832,68437,82960,Rhinolophus ferrumequinum,0.025,0.025,-1,Echolocation,/mnt/ubna_data_02_mir/recover-20221013/UBNA_001/20221012_030000.WAV,Telephone Field,recover-20221013,001,1795
438.5755,438.6154,68437,82360,Rhinolophus ferrumequinum,0.022,0.022,-1,Echolocation,/mnt/ubna_data_02_mir/recover-20221013/UBNA_001/20221012_030000.WAV,Telephone Field,recover-20221013,001,1795
438.6855,438.722,68437,80833,Rhinolophus ferrumequinum,0.022,0.022,-1,Echolocation,/mnt/ubna_data_02_mir/recover-20221013/UBNA_001/20221012_030000.WAV,Telephone Field,recover-20221013,001,1795
438.7115,438.7203,25468,33961,Eptesicus serotinus,0.01,0.027,-1,Echolocation,/mnt/ubna_data_02_mir/recover-20221013/UBNA_001/20221012_030000.WAV,Telephone Field,recover-20221013,001,1795
438.7365,438.7464,25468,31738,Nyctalus leisleri,0.008,0.022,-1,Echolocation,/mnt/ubna_data_02_mir/recover-20221013/UBNA_001/20221012_030000.WAV,Telephone Field,recover-20221013,001,1795
438.7665,438.8072,68437,82621,Rhinolophus ferrumequinum,0.025,0.025,-1,Echolocation,/mnt/ubna_data_02_mir/recover-20221013/UBNA_001/20221012_030000.WAV,Telephone Field,recover-20221013,001,1795
438.7715,438.7792,27187,39471,Eptesicus serotinus,0.007,0.021,-1,Echolocation,/mnt/ubna_data_02_mir/recover-20221013/UBNA_001/20221012_030000.WAV,Telephone Field,recover-20221013,001,1795
438.7895,438.7973,28046,37211,Eptesicus serotinus,0.009,0.025,-1,Echolocation,/mnt/ubna_data_02_mir/recover-20221013/UBNA_001/20221012_030000.WAV,Telephone Field,recover-20221013,001,1795
438.8105,438.8194,26328,34506,Eptesicus serotinus,0.01,0.024,-1,Echolocation,/mnt/ubna_data_02_mir/recover-20221013/UBNA_001/20221012_030000.WAV,Telephone Field,recover-20221013,001,1795
438.8325,438.8396,26328,38391,Eptesicus serotinus,0.006,0.02,-1,Echolocation,/mnt/ubna_data_02_mir/recover-20221013/UBNA_001/20221012_030000.WAV,Telephone Field,recover-20221013,001,1795
438.8615,438.9012,68437,82562,Rhinolophus ferrumequinum,0.027,0.027,-1,Echolocation,/mnt/ubna_data_02_mir/recover-20221013/UBNA_001/20221012_030000.WAV,Telephone Field,recover-20221013,001,1795
438.8665,438.8741,27187,38146,Eptesicus serotinus,0.01,0.03,-1,Echolocation,/mnt/ubna_data_02_mir/recover-20221013/UBNA_001/20221012_030000.WAV,Telephone Field,recover-20221013,001,1795
438.9235,438.9322,45234,53439,Pipistrellus pipistrellus,0.023,0.026,-1,Echolocation,/mnt/ubna_data_02_mir/recover-20221013/UBNA_001/20221012_030000.WAV,Telephone Field,recover-20221013,001,1795
438.9395,438.9826,68437,82785,Rhinolophus ferrumequinum,0.031,0.031,-1,Echolocation,/mnt/ubna_data_02_mir/recover-20221013/UBNA_001/20221012_030000.WAV,Telephone Field,recover-20221013,001,1795
438.9605,439.0024,68437,83118,Rhinolophus ferrumequinum,0.025,0.025,-1,Echolocation,/mnt/ubna_data_02_mir/recover-20221013/UBNA_001/20221012_030000.WAV,Telephone Field,recover-20221013,001,1795
438.9945,439.00260000000003,27187,38811,Eptesicus serotinus,0.007,0.021,-1,Echolocation,/mnt/ubna_data_02_mir/recover-20221013/UBNA_001/20221012_030000.WAV,Telephone Field,recover-20221013,001,1795
438.9975,439.035,68437,81741,Rhinolophus ferrumequinum,0.021,0.021,-1,Echolocation,/mnt/ubna_data_02_mir/recover-20221013/UBNA_001/20221012_030000.WAV,Telephone Field,recover-20221013,001,1795
439.0135,439.0514,68437,82452,Rhinolophus ferrumequinum,0.024,0.024,-1,Echolocation,/mnt/ubna_data_02_mir/recover-20221013/UBNA_001/20221012_030000.WAV,Telephone Field,recover-20221013,001,1795
439.04449999999997,439.0515,28046,39030,Eptesicus serotinus,0.006,0.022,-1,Echolocation,/mnt/ubna_data_02_mir/recover-20221013/UBNA_001/20221012_030000.WAV,Telephone Field,recover-20221013,001,1795
439.1355,439.1438,27187,39454,Eptesicus serotinus,0.008,0.023,-1,Echolocation,/mnt/ubna_data_02_mir/recover-20221013/UBNA_001/20221012_030000.WAV,Telephone Field,recover-20221013,001,1795
439.1365,439.1784,68437,82990,Rhinolophus ferrumequinum,0.025,0.025,-1,Echolocation,/mnt/ubna_data_02_mir/recover-20221013/UBNA_001/20221012_030000.WAV,Telephone Field,recover-20221013,001,1795
439.1475,439.1881,68437,82945,Rhinolophus ferrumequinum,0.023,0.023,-1,Echolocation,/mnt/ubna_data_02_mir/recover-20221013/UBNA_001/20221012_030000.WAV,Telephone Field,recover-20221013,001,1795
439.1825,439.1904,27187,38601,Eptesicus serotinus,0.008,0.023,-1,Echolocation,/mnt/ubna_data_02_mir/recover-20221013/UBNA_001/20221012_030000.WAV,Telephone Field,recover-20221013,001,1795
439.1845,439.1933,22890,29617,Plecotus austriacus,0.008,0.022,-1,Echolocation,/mnt/ubna_data_02_mir/recover-20221013/UBNA_001/20221012_030000.WAV,Telephone Field,recover-20221013,001,1795
439.2185,439.2265,28046,38912,Eptesicus serotinus,0.007,0.02,-1,Echolocation,/mnt/ubna_data_02_mir/recover-20221013/UBNA_001/20221012_030000.WAV,Telephone Field,recover-20221013,001,1795
439.2305,439.2737,68437,83091,Rhinolophus ferrumequinum,0.024,0.024,-1,Echolocation,/mnt/ubna_data_02_mir/recover-20221013/UBNA_001/20221012_030000.WAV,Telephone Field,recover-20221013,001,1795
439.2595,439.2672,26328,39436,Eptesicus serotinus,0.006,0.02,-1,Echolocation,/mnt/ubna_data_02_mir/recover-20221013/UBNA_001/20221012_030000.WAV,Telephone Field,recover-20221013,001,1795
439.2655,439.3061,68437,82355,Rhinolophus ferrumequinum,0.022,0.022,-1,Echolocation,/mnt/ubna_data_02_mir/recover-20221013/UBNA_001/20221012_030000.WAV,Telephone Field,recover-20221013,001,1795
439.2825,439.3224,68437,82215,Rhinolophus ferrumequinum,0.021,0.021,-1,Echolocation,/mnt/ubna_data_02_mir/recover-20221013/UBNA_001/20221012_030000.WAV,Telephone Field,recover-20221013,001,1795
439.2855,439.2957,24609,30771,Nyctalus leisleri,0.008,0.023,-1,Echolocation,/mnt/ubna_data_02_mir/recover-20221013/UBNA_001/20221012_030000.WAV,Telephone Field,recover-20221013,001,1795
439.3415,439.381,68437,82107,Rhinolophus ferrumequinum,0.021,0.021,-1,Echolocation,/mnt/ubna_data_02_mir/recover-20221013/UBNA_001/20221012_030000.WAV,Telephone Field,recover-20221013,001,1795
439.3625,439.3802,20312,23389,Nyctalus leisleri,0.012,0.021,-1,Echolocation,/mnt/ubna_data_02_mir/recover-20221013/UBNA_001/20221012_030000.WAV,Telephone Field,recover-20221013,001,1795
439.3845,439.4224,68437,81548,Rhinolophus ferrumequinum,0.022,0.022,-1,Echolocation,/mnt/ubna_data_02_mir/recover-20221013/UBNA_001/20221012_030000.WAV,Telephone Field,recover-20221013,001,1795
439.4055,439.4137,28046,37907,Eptesicus serotinus,0.008,0.023,-1,Echolocation,/mnt/ubna_data_02_mir/recover-20221013/UBNA_001/20221012_030000.WAV,Telephone Field,recover-20221013,001,1795
439.4445,439.4857,68437,82878,Rhinolophus ferrumequinum,0.025,0.025,-1,Echolocation,/mnt/ubna_data_02_mir/recover-20221013/UBNA_001/20221012_030000.WAV,Telephone Field,recover-20221013,001,1795
439.4455,439.4551,22890,29813,Nyctalus leisleri,0.009,0.027,-1,Echolocation,/mnt/ubna_data_02_mir/recover-20221013/UBNA_001/20221012_030000.WAV,Telephone Field,recover-20221013,001,1795
439.4895,439.52570000000003,68437,81574,Rhinolophus ferrumequinum,0.02,0.02,-1,Echolocation,/mnt/ubna_data_02_mir/recover-20221013/UBNA_001/20221012_030000.WAV,Telephone Field,recover-20221013,001,1795
439.5375,439.5768,68437,81642,Rhinolophus ferrumequinum,0.022,0.022,-1,Echolocation,/mnt/ubna_data_02_mir/recover-20221013/UBNA_001/20221012_030000.WAV,Telephone Field,recover-20221013,001,1795
439.5545,439.562,28046,39724,Eptesicus serotinus,0.007,0.023,-1,Echolocation,/mnt/ubna_data_02_mir/recover-20221013/UBNA_001/20221012_030000.WAV,Telephone Field,recover-20221013,001,1795
439.6005,439.6403,68437,82570,Rhinolophus ferrumequinum,0.022,0.022,-1,Echolocation,/mnt/ubna_data_02_mir/recover-20221013/UBNA_001/20221012_030000.WAV,Telephone Field,recover-20221013,001,1795
439.6535,439.6936,68437,82476,Rhinolophus ferrumequinum,0.023,0.023,-1,Echolocation,/mnt/ubna_data_02_mir/recover-20221013/UBNA_001/20221012_030000.WAV,Telephone Field,recover-20221013,001,1795
439.6775,439.6883,23750,29268,Nyctalus leisleri,0.012,0.026,-1,Echolocation,/mnt/ubna_data_02_mir/recover-20221013/UBNA_001/20221012_030000.WAV,Telephone Field,recover-20221013,001,1795
439.7525,439.7594,27187,40294,Eptesicus serotinus,0.007,0.023,-1,Echolocation,/mnt/ubna_data_02_mir/recover-20221013/UBNA_001/20221012_030000.WAV,Telephone Field,recover-20221013,001,1795
439.7655,439.7758,28906,35410,Eptesicus serotinus,0.009,0.02,-1,Echolocation,/mnt/ubna_data_02_mir/recover-20221013/UBNA_001/20221012_030000.WAV,Telephone Field,recover-20221013,001,1795
439.7965,439.8072,28046,35748,Eptesicus serotinus,0.011,0.023,-1,Echolocation,/mnt/ubna_data_02_mir/recover-20221013/UBNA_001/20221012_030000.WAV,Telephone Field,recover-20221013,001,1795
439.8105,439.8213,23750,29473,Nyctalus leisleri,0.011,0.027,-1,Echolocation,/mnt/ubna_data_02_mir/recover-20221013/UBNA_001/20221012_030000.WAV,Telephone Field,recover-20221013,001,1795
439.8125,439.853,68437,82780,Rhinolophus ferrumequinum,0.025,0.025,-1,Echolocation,/mnt/ubna_data_02_mir/recover-20221013/UBNA_001/20221012_030000.WAV,Telephone Field,recover-20221013,001,1795
439.8405,439.8802,68437,82308,Rhinolophus ferrumequinum,0.022,0.022,-1,Echolocation,/mnt/ubna_data_02_mir/recover-20221013/UBNA_001/20221012_030000.WAV,Telephone Field,recover-20221013,001,1795
439.8695,439.8773,27187,40471,Eptesicus serotinus,0.006,0.021,-1,Echolocation,/mnt/ubna_data_02_mir/recover-20221013/UBNA_001/20221012_030000.WAV,Telephone Field,recover-20221013,001,1795
439.8705,439.87760000000003,47812,51900,Pipistrellus pipistrellus,0.024,0.025,-1,Echolocation,/mnt/ubna_data_02_mir/recover-20221013/UBNA_001/20221012_030000.WAV,Telephone Field,recover-20221013,001,1795
439.8895,439.9297,68437,82191,Rhinolophus ferrumequinum,0.037,0.037,-1,Echolocation,/mnt/ubna_data_02_mir/recover-20221013/UBNA_001/20221012_030000.WAV,Telephone Field,recover-20221013,001,1795
439.9165,439.9543,68437,81708,Rhinolophus ferrumequinum,0.026,0.026,-1,Echolocation,/mnt/ubna_data_02_mir/recover-20221013/UBNA_001/20221012_030000.WAV,Telephone Field,recover-20221013,001,1795
439.9205,439.929,27187,37287,Eptesicus serotinus,0.007,0.022,-1,Echolocation,/mnt/ubna_data_02_mir/recover-20221013/UBNA_001/20221012_030000.WAV,Telephone Field,recover-20221013,001,1795
439.9335,439.9707,68437,81425,Rhinolophus ferrumequinum,0.021,0.021,-1,Echolocation,/mnt/ubna_data_02_mir/recover-20221013/UBNA_001/20221012_030000.WAV,Telephone Field,recover-20221013,001,1795
439.9475,439.9559,28046,38084,Eptesicus serotinus,0.009,0.023,-1,Echolocation,/mnt/ubna_data_02_mir/recover-20221013/UBNA_001/20221012_030000.WAV,Telephone Field,recover-20221013,001,1795
439.9825,439.9917,28046,36795,Eptesicus serotinus,0.008,0.023,-1,Echolocation,/mnt/ubna_data_02_mir/recover-20221013/UBNA_001/20221012_030000.WAV,Telephone Field,recover-20221013,001,1795
439.9845,439.9927,22890,30584,Plecotus austriacus,0.011,0.024,-1,Echolocation,/mnt/ubna_data_02_mir/recover-20221013/UBNA_001/20221012_030000.WAV,Telephone Field,recover-20221013,001,1795
440.0015,440.0133,47812,55247,Pipistrellus pipistrellus,0.017,0.026,-1,Echolocation,/mnt/ubna_data_02_mir/recover-20221013/UBNA_001/20221012_030000.WAV,Telephone Field,recover-20221013,001,1795
440.0015,440.0309,69296,81278,Rhinolophus ferrumequinum,0.028,0.028,-1,Echolocation,/mnt/ubna_data_02_mir/recover-20221013/UBNA_001/20221012_030000.WAV,Telephone Field,recover-20221013,001,1795
440.0015,440.0108,25468,34840,Eptesicus serotinus,0.008,0.027,-1,Echolocation,/mnt/ubna_data_02_mir/recover-20221013/UBNA_001/20221012_030000.WAV,Telephone Field,recover-20221013,001,1795
440.0345,440.0431,28046,37214,Eptesicus serotinus,0.009,0.025,-1,Echolocation,/mnt/ubna_data_02_mir/recover-20221013/UBNA_001/20221012_030000.WAV,Telephone Field,recover-20221013,001,1795
440.0555,440.0938,68437,82354,Rhinolophus ferrumequinum,0.024,0.024,-1,Echolocation,/mnt/ubna_data_02_mir/recover-20221013/UBNA_001/20221012_030000.WAV,Telephone Field,recover-20221013,001,1795
440.1025,440.1406,68437,82903,Rhinolophus ferrumequinum,0.025,0.025,-1,Echolocation,/mnt/ubna_data_02_mir/recover-20221013/UBNA_001/20221012_030000.WAV,Telephone Field,recover-20221013,001,1795
440.10450000000003,440.1137,28046,37638,Eptesicus serotinus,0.01,0.024,-1,Echolocation,/mnt/ubna_data_02_mir/recover-20221013/UBNA_001/20221012_030000.WAV,Telephone Field,recover-20221013,001,1795
440.1095,440.1462,68437,81788,Rhinolophus ferrumequinum,0.022,0.022,-1,Echolocation,/mnt/ubna_data_02_mir/recover-20221013/UBNA_001/20221012_030000.WAV,Telephone Field,recover-20221013,001,1795
440.1105,440.1192,28046,36089,Eptesicus serotinus,0.01,0.024,-1,Echolocation,/mnt/ubna_data_02_mir/recover-20221013/UBNA_001/20221012_030000.WAV,Telephone Field,recover-20221013,001,1795
440.1385,440.1731,68437,81465,Rhinolophus ferrumequinum,0.024,0.024,-1,Echolocation,/mnt/ubna_data_02_mir/recover-20221013/UBNA_001/20221012_030000.WAV,Telephone Field,recover-20221013,001,1795
440.1525,440.1885,68437,81425,Rhinolophus ferrumequinum,0.022,0.022,-1,Echolocation,/mnt/ubna_data_02_mir/recover-20221013/UBNA_001/20221012_030000.WAV,Telephone Field,recover-20221013,001,1795
440.1595,440.1668,27187,39918,Eptesicus serotinus,0.007,0.022,-1,Echolocation,/mnt/ubna_data_02_mir/recover-20221013/UBNA_001/20221012_030000.WAV,Telephone Field,recover-20221013,001,1795
440.1605,440.1689,36640,41421,Barbastellus barbastellus,0.021,0.037,-1,Echolocation,/mnt/ubna_data_02_mir/recover-20221013/UBNA_001/20221012_030000.WAV,Telephone Field,recover-20221013,001,1795
440.1755,440.1848,28046,35941,Eptesicus serotinus,0.009,0.023,-1,Echolocation,/mnt/ubna_data_02_mir/recover-20221013/UBNA_001/20221012_030000.WAV,Telephone Field,recover-20221013,001,1795
440.1805,440.2199,68437,82573,Rhinolophus ferrumequinum,0.024,0.024,-1,Echolocation,/mnt/ubna_data_02_mir/recover-20221013/UBNA_001/20221012_030000.WAV,Telephone Field,recover-20221013,001,1795
440.1995,440.2374,68437,81713,Rhinolophus ferrumequinum,0.024,0.024,-1,Echolocation,/mnt/ubna_data_02_mir/recover-20221013/UBNA_001/20221012_030000.WAV,Telephone Field,recover-20221013,001,1795
440.2275,440.263,68437,81727,Rhinolophus ferrumequinum,0.021,0.021,-1,Echolocation,/mnt/ubna_data_02_mir/recover-20221013/UBNA_001/20221012_030000.WAV,Telephone Field,recover-20221013,001,1795
440.2345,440.2731,68437,82037,Rhinolophus ferrumequinum,0.022,0.022,-1,Echolocation,/mnt/ubna_data_02_mir/recover-20221013/UBNA_001/20221012_030000.WAV,Telephone Field,recover-20221013,001,1795
440.2685,440.3046,68437,81920,Rhinolophus ferrumequinum,0.022,0.022,-1,Echolocation,/mnt/ubna_data_02_mir/recover-20221013/UBNA_001/20221012_030000.WAV,Telephone Field,recover-20221013,001,1795
440.2735,440.3112,68437,81817,Rhinolophus ferrumequinum,0.022,0.022,-1,Echolocation,/mnt/ubna_data_02_mir/recover-20221013/UBNA_001/20221012_030000.WAV,Telephone Field,recover-20221013,001,1795
440.2805,440.2971,17734,22571,Nyctalus noctula,0.016,0.023,-1,Echolocation,/mnt/ubna_data_02_mir/recover-20221013/UBNA_001/20221012_030000.WAV,Telephone Field,recover-20221013,001,1795
440.3395,440.3783,68437,82120,Rhinolophus ferrumequinum,0.025,0.025,-1,Echolocation,/mnt/ubna_data_02_mir/recover-20221013/UBNA_001/20221012_030000.WAV,Telephone Field,recover-20221013,001,1795
440.3435,440.3516,27187,38006,Eptesicus serotinus,0.008,0.024,-1,Echolocation,/mnt/ubna_data_02_mir/recover-20221013/UBNA_001/20221012_030000.WAV,Telephone Field,recover-20221013,001,1795
440.3565,440.3672,28046,36191,Eptesicus serotinus,0.012,0.025,-1,Echolocation,/mnt/ubna_data_02_mir/recover-20221013/UBNA_001/20221012_030000.WAV,Telephone Field,recover-20221013,001,1795
440.3935,440.4021,22890,30698,Plecotus austriacus,0.01,0.023,-1,Echolocation,/mnt/ubna_data_02_mir/recover-20221013/UBNA_001/20221012_030000.WAV,Telephone Field,recover-20221013,001,1795
440.4675,440.4755,27187,39172,Eptesicus serotinus,0.009,0.028,-1,Echolocation,/mnt/ubna_data_02_mir/recover-20221013/UBNA_001/20221012_030000.WAV,Telephone Field,recover-20221013,001,1795
440.4735,440.5106,68437,81867,Rhinolophus ferrumequinum,0.023,0.023,-1,Echolocation,/mnt/ubna_data_02_mir/recover-20221013/UBNA_001/20221012_030000.WAV,Telephone Field,recover-20221013,001,1795
440.5135,440.5278,16015,22481,Nyctalus noctula,0.018,0.025,-1,Echolocation,/mnt/ubna_data_02_mir/recover-20221013/UBNA_001/20221012_030000.WAV,Telephone Field,recover-20221013,001,1795
440.5145,440.5235,22031,27862,Plecotus austriacus,0.009,0.022,-1,Echolocation,/mnt/ubna_data_02_mir/recover-20221013/UBNA_001/20221012_030000.WAV,Telephone Field,recover-20221013,001,1795
440.5505,440.591,68437,82272,Rhinolophus ferrumequinum,0.023,0.023,-1,Echolocation,/mnt/ubna_data_02_mir/recover-20221013/UBNA_001/20221012_030000.WAV,Telephone Field,recover-20221013,001,1795
440.5615,440.5977,68437,82083,Rhinolophus ferrumequinum,0.025,0.025,-1,Echolocation,/mnt/ubna_data_02_mir/recover-20221013/UBNA_001/20221012_030000.WAV,Telephone Field,recover-20221013,001,1795
440.5665,440.6047,68437,81834,Rhinolophus ferrumequinum,0.025,0.025,-1,Echolocation,/mnt/ubna_data_02_mir/recover-20221013/UBNA_001/20221012_030000.WAV,Telephone Field,recover-20221013,001,1795
440.5735,440.5804,27187,39310,Eptesicus serotinus,0.006,0.022,-1,Echolocation,/mnt/ubna_data_02_mir/recover-20221013/UBNA_001/20221012_030000.WAV,Telephone Field,recover-20221013,001,1795
440.60450000000003,440.6108,36640,44867,Barbastellus barbastellus,0.008,0.022,-1,Echolocation,/mnt/ubna_data_02_mir/recover-20221013/UBNA_001/20221012_030000.WAV,Telephone Field,recover-20221013,001,1795
440.6125,440.6502,68437,81916,Rhinolophus ferrumequinum,0.022,0.022,-1,Echolocation,/mnt/ubna_data_02_mir/recover-20221013/UBNA_001/20221012_030000.WAV,Telephone Field,recover-20221013,001,1795
440.6285,440.646,20312,23733,Nyctalus leisleri,0.011,0.022,-1,Echolocation,/mnt/ubna_data_02_mir/recover-20221013/UBNA_001/20221012_030000.WAV,Telephone Field,recover-20221013,001,1795
440.6415,440.6758,68437,81171,Rhinolophus ferrumequinum,0.025,0.025,-1,Echolocation,/mnt/ubna_data_02_mir/recover-20221013/UBNA_001/20221012_030000.WAV,Telephone Field,recover-20221013,001,1795
440.6545,440.6941,68437,82180,Rhinolophus ferrumequinum,0.024,0.024,-1,Echolocation,/mnt/ubna_data_02_mir/recover-20221013/UBNA_001/20221012_030000.WAV,Telephone Field,recover-20221013,001,1795
440.6635,440.672,28046,40202,Eptesicus serotinus,0.007,0.021,-1,Echolocation,/mnt/ubna_data_02_mir/recover-20221013/UBNA_001/20221012_030000.WAV,Telephone Field,recover-20221013,001,1795
440.6855,440.7282,68437,83251,Rhinolophus ferrumequinum,0.036,0.036,-1,Echolocation,/mnt/ubna_data_02_mir/recover-20221013/UBNA_001/20221012_030000.WAV,Telephone Field,recover-20221013,001,1795
440.7435,440.7848,68437,83253,Rhinolophus ferrumequinum,0.026,0.026,-1,Echolocation,/mnt/ubna_data_02_mir/recover-20221013/UBNA_001/20221012_030000.WAV,Telephone Field,recover-20221013,001,1795
440.7755,440.7827,28046,38695,Eptesicus serotinus,0.007,0.022,-1,Echolocation,/mnt/ubna_data_02_mir/recover-20221013/UBNA_001/20221012_030000.WAV,Telephone Field,recover-20221013,001,1795
440.7775,440.8142,68437,81607,Rhinolophus ferrumequinum,0.024,0.024,-1,Echolocation,/mnt/ubna_data_02_mir/recover-20221013/UBNA_001/20221012_030000.WAV,Telephone Field,recover-20221013,001,1795
440.7805,440.7881,45234,55236,Pipistrellus pipistrellus,0.012,0.022,-1,Echolocation,/mnt/ubna_data_02_mir/recover-20221013/UBNA_001/20221012_030000.WAV,Telephone Field,recover-20221013,001,1795
440.8045,440.845,68437,82968,Rhinolophus ferrumequinum,0.032,0.032,-1,Echolocation,/mnt/ubna_data_02_mir/recover-20221013/UBNA_001/20221012_030000.WAV,Telephone Field,recover-20221013,001,1795
440.8075,440.817,28046,36315,Eptesicus serotinus,0.009,0.024,-1,Echolocation,/mnt/ubna_data_02_mir/recover-20221013/UBNA_001/20221012_030000.WAV,Telephone Field,recover-20221013,001,1795
440.8435,440.8862,68437,83141,Rhinolophus ferrumequinum,0.03,0.03,-1,Echolocation,/mnt/ubna_data_02_mir/recover-20221013/UBNA_001/20221012_030000.WAV,Telephone Field,recover-20221013,001,1795
440.8685,440.8785,23750,30147,Nyctalus leisleri,0.009,0.023,-1,Echolocation,/mnt/ubna_data_02_mir/recover-20221013/UBNA_001/20221012_030000.WAV,Telephone Field,recover-20221013,001,1795
440.8775,440.8854,28046,39879,Eptesicus serotinus,0.008,0.021,-1,Echolocation,/mnt/ubna_data_02_mir/recover-20221013/UBNA_001/20221012_030000.WAV,Telephone Field,recover-20221013,001,1795
440.8985,440.9088,28046,35911,Eptesicus serotinus,0.011,0.025,-1,Echolocation,/mnt/ubna_data_02_mir/recover-20221013/UBNA_001/20221012_030000.WAV,Telephone Field,recover-20221013,001,1795
440.9595,440.9983,68437,82225,Rhinolophus ferrumequinum,0.026,0.027,-1,Echolocation,/mnt/ubna_data_02_mir/recover-20221013/UBNA_001/20221012_030000.WAV,Telephone Field,recover-20221013,001,1795
440.9875,440.997,48671,52572,Pipistrellus pipistrellus,0.027,0.03,-1,Echolocation,/mnt/ubna_data_02_mir/recover-20221013/UBNA_001/20221012_030000.WAV,Telephone Field,recover-20221013,001,1795
440.9885,441.028,68437,82298,Rhinolophus ferrumequinum,0.031,0.031,-1,Echolocation,/mnt/ubna_data_02_mir/recover-20221013/UBNA_001/20221012_030000.WAV,Telephone Field,recover-20221013,001,1795
440.9955,441.004,28046,37237,Eptesicus serotinus,0.009,0.026,-1,Echolocation,/mnt/ubna_data_02_mir/recover-20221013/UBNA_001/20221012_030000.WAV,Telephone Field,recover-20221013,001,1795
441.0075,441.0449,68437,82398,Rhinolophus ferrumequinum,0.022,0.022,-1,Echolocation,/mnt/ubna_data_02_mir/recover-20221013/UBNA_001/20221012_030000.WAV,Telephone Field,recover-20221013,001,1795
441.0295,441.0382,40937,46649,Pipistrellus nathusii,0.007,0.023,-1,Echolocation,/mnt/ubna_data_02_mir/recover-20221013/UBNA_001/20221012_030000.WAV,Telephone Field,recover-20221013,001,1795
441.0295,441.0356,28046,42111,Eptesicus serotinus,0.008,0.035,-1,Echolocation,/mnt/ubna_data_02_mir/recover-20221013/UBNA_001/20221012_030000.WAV,Telephone Field,recover-20221013,001,1795
441.0425,441.0816,68437,81760,Rhinolophus ferrumequinum,0.021,0.021,-1,Echolocation,/mnt/ubna_data_02_mir/recover-20221013/UBNA_001/20221012_030000.WAV,Telephone Field,recover-20221013,001,1795
441.0595,441.09929999999997,68437,82743,Rhinolophus ferrumequinum,0.022,0.022,-1,Echolocation,/mnt/ubna_data_02_mir/recover-20221013/UBNA_001/20221012_030000.WAV,Telephone Field,recover-20221013,001,1795
441.0785,441.0847,24609,34383,Plecotus austriacus,0.014,0.03,-1,Echolocation,/mnt/ubna_data_02_mir/recover-20221013/UBNA_001/20221012_030000.WAV,Telephone Field,recover-20221013,001,1795
441.0865,441.1247,68437,81874,Rhinolophus ferrumequinum,0.038,0.038,-1,Echolocation,/mnt/ubna_data_02_mir/recover-20221013/UBNA_001/20221012_030000.WAV,Telephone Field,recover-20221013,001,1795
441.0935,441.1315,68437,82094,Rhinolophus ferrumequinum,0.022,0.022,-1,Echolocation,/mnt/ubna_data_02_mir/recover-20221013/UBNA_001/20221012_030000.WAV,Telephone Field,recover-20221013,001,1795
441.1205,441.161,68437,83008,Rhinolophus ferrumequinum,0.027,0.027,-1,Echolocation,/mnt/ubna_data_02_mir/recover-20221013/UBNA_001/20221012_030000.WAV,Telephone Field,recover-20221013,001,1795
441.1785,441.2175,68437,81702,Rhinolophus ferrumequinum,0.048,0.048,-1,Echolocation,/mnt/ubna_data_02_mir/recover-20221013/UBNA_001/20221012_030000.WAV,Telephone Field,recover-20221013,001,1795
441.2085,441.2477,68437,82876,Rhinolophus ferrumequinum,0.021,0.021,-1,Echolocation,/mnt/ubna_data_02_mir/recover-20221013/UBNA_001/20221012_030000.WAV,Telephone Field,recover-20221013,001,1795
441.2305,441.2683,68437,82552,Rhinolophus ferrumequinum,0.024,0.024,-1,Echolocation,/mnt/ubna_data_02_mir/recover-20221013/UBNA_001/20221012_030000.WAV,Telephone Field,recover-20221013,001,1795
441.2525,441.2909,68437,81962,Rhinolophus ferrumequinum,0.021,0.021,-1,Echolocation,/mnt/ubna_data_02_mir/recover-20221013/UBNA_001/20221012_030000.WAV,Telephone Field,recover-20221013,001,1795
441.2675,441.3041,68437,81703,Rhinolophus ferrumequinum,0.021,0.021,-1,Echolocation,/mnt/ubna_data_02_mir/recover-20221013/UBNA_001/20221012_030000.WAV,Telephone Field,recover-20221013,001,1795
441.2855,441.296,28046,36259,Eptesicus serotinus,0.012,0.025,-1,Echolocation,/mnt/ubna_data_02_mir/recover-20221013/UBNA_001/20221012_030000.WAV,Telephone Field,recover-20221013,001,1795
441.3205,441.3302,24609,31730,Eptesicus serotinus,0.009,0.025,-1,Echolocation,/mnt/ubna_data_02_mir/recover-20221013/UBNA_001/20221012_030000.WAV,Telephone Field,recover-20221013,001,1795
441.3435,441.3856,68437,83369,Rhinolophus ferrumequinum,0.029,0.029,-1,Echolocation,/mnt/ubna_data_02_mir/recover-20221013/UBNA_001/20221012_030000.WAV,Telephone Field,recover-20221013,001,1795
441.3605,441.3995,68437,82935,Rhinolophus ferrumequinum,0.021,0.021,-1,Echolocation,/mnt/ubna_data_02_mir/recover-20221013/UBNA_001/20221012_030000.WAV,Telephone Field,recover-20221013,001,1795
441.3945,441.403,22890,30289,Plecotus austriacus,0.011,0.027,-1,Echolocation,/mnt/ubna_data_02_mir/recover-20221013/UBNA_001/20221012_030000.WAV,Telephone Field,recover-20221013,001,1795
441.4105,441.4507,68437,82223,Rhinolophus ferrumequinum,0.023,0.023,-1,Echolocation,/mnt/ubna_data_02_mir/recover-20221013/UBNA_001/20221012_030000.WAV,Telephone Field,recover-20221013,001,1795
441.4225,441.4628,68437,82066,Rhinolophus ferrumequinum,0.023,0.023,-1,Echolocation,/mnt/ubna_data_02_mir/recover-20221013/UBNA_001/20221012_030000.WAV,Telephone Field,recover-20221013,001,1795
441.4295,441.4388,28046,35117,Eptesicus serotinus,0.01,0.023,-1,Echolocation,/mnt/ubna_data_02_mir/recover-20221013/UBNA_001/20221012_030000.WAV,Telephone Field,recover-20221013,001,1795
441.4435,441.4787,68437,80320,Rhinolophus ferrumequinum,0.029,0.029,-1,Echolocation,/mnt/ubna_data_02_mir/recover-20221013/UBNA_001/20221012_030000.WAV,Telephone Field,recover-20221013,001,1795
441.4855,441.4935,28046,37600,Eptesicus serotinus,0.008,0.023,-1,Echolocation,/mnt/ubna_data_02_mir/recover-20221013/UBNA_001/20221012_030000.WAV,Telephone Field,recover-20221013,001,1795
441.4875,441.4963,22890,29518,Plecotus austriacus,0.007,0.021,-1,Echolocation,/mnt/ubna_data_02_mir/recover-20221013/UBNA_001/20221012_030000.WAV,Telephone Field,recover-20221013,001,1795
441.4875,441.5305,68437,83200,Rhinolophus ferrumequinum,0.036,0.036,-1,Echolocation,/mnt/ubna_data_02_mir/recover-20221013/UBNA_001/20221012_030000.WAV,Telephone Field,recover-20221013,001,1795
441.5245,441.5348,24609,31493,Eptesicus serotinus,0.007,0.021,-1,Echolocation,/mnt/ubna_data_02_mir/recover-20221013/UBNA_001/20221012_030000.WAV,Telephone Field,recover-20221013,001,1795
441.5265,441.5672,68437,83063,Rhinolophus ferrumequinum,0.024,0.024,-1,Echolocation,/mnt/ubna_data_02_mir/recover-20221013/UBNA_001/20221012_030000.WAV,Telephone Field,recover-20221013,001,1795
441.5335,441.5427,27187,37105,Eptesicus serotinus,0.009,0.023,-1,Echolocation,/mnt/ubna_data_02_mir/recover-20221013/UBNA_001/20221012_030000.WAV,Telephone Field,recover-20221013,001,1795
441.5385,441.5754,68437,81656,Rhinolophus ferrumequinum,0.021,0.021,-1,Echolocation,/mnt/ubna_data_02_mir/recover-20221013/UBNA_001/20221012_030000.WAV,Telephone Field,recover-20221013,001,1795
441.5495,441.5886,68437,82995,Rhinolophus ferrumequinum,0.023,0.023,-1,Echolocation,/mnt/ubna_data_02_mir/recover-20221013/UBNA_001/20221012_030000.WAV,Telephone Field,recover-20221013,001,1795
441.5675,441.5729,34921,43886,Barbastellus barbastellus,0.017,0.04,-1,Echolocation,/mnt/ubna_data_02_mir/recover-20221013/UBNA_001/20221012_030000.WAV,Telephone Field,recover-20221013,001,1795
441.5675,441.573,27187,46758,Plecotus auritus,0.009,0.043,-1,Echolocation,/mnt/ubna_data_02_mir/recover-20221013/UBNA_001/20221012_030000.WAV,Telephone Field,recover-20221013,001,1795
441.58050000000003,441.6245,68437,83379,Rhinolophus ferrumequinum,0.05,0.05,-1,Echolocation,/mnt/ubna_data_02_mir/recover-20221013/UBNA_001/20221012_030000.WAV,Telephone Field,recover-20221013,001,1795
441.6495,441.6845,68437,81535,Rhinolophus ferrumequinum,0.023,0.023,-1,Echolocation,/mnt/ubna_data_02_mir/recover-20221013/UBNA_001/20221012_030000.WAV,Telephone Field,recover-20221013,001,1795
441.6495,441.6678,16875,21052,Nyctalus noctula,0.015,0.022,-1,Echolocation,/mnt/ubna_data_02_mir/recover-20221013/UBNA_001/20221012_030000.WAV,Telephone Field,recover-20221013,001,1795
441.6665,441.7052,68437,82029,Rhinolophus ferrumequinum,0.044,0.044,-1,Echolocation,/mnt/ubna_data_02_mir/recover-20221013/UBNA_001/20221012_030000.WAV,Telephone Field,recover-20221013,001,1795
441.7585,441.796,68437,81614,Rhinolophus ferrumequinum,0.026,0.026,-1,Echolocation,/mnt/ubna_data_02_mir/recover-20221013/UBNA_001/20221012_030000.WAV,Telephone Field,recover-20221013,001,1795
441.7885,441.8264,68437,81452,Rhinolophus ferrumequinum,0.021,0.021,-1,Echolocation,/mnt/ubna_data_02_mir/recover-20221013/UBNA_001/20221012_030000.WAV,Telephone Field,recover-20221013,001,1795
441.8205,441.8298,28046,38012,Eptesicus serotinus,0.009,0.022,-1,Echolocation,/mnt/ubna_data_02_mir/recover-20221013/UBNA_001/20221012_030000.WAV,Telephone Field,recover-20221013,001,1795
441.8465,441.8847,68437,82419,Rhinolophus ferrumequinum,0.023,0.023,-1,Echolocation,/mnt/ubna_data_02_mir/recover-20221013/UBNA_001/20221012_030000.WAV,Telephone Field,recover-20221013,001,1795
441.8585,441.898,68437,81543,Rhinolophus ferrumequinum,0.021,0.021,-1,Echolocation,/mnt/ubna_data_02_mir/recover-20221013/UBNA_001/20221012_030000.WAV,Telephone Field,recover-20221013,001,1795
441.8645,441.9056,68437,82494,Rhinolophus ferrumequinum,0.022,0.022,-1,Echolocation,/mnt/ubna_data_02_mir/recover-20221013/UBNA_001/20221012_030000.WAV,Telephone Field,recover-20221013,001,1795
441.8865,441.928,68437,83282,Rhinolophus ferrumequinum,0.026,0.026,-1,Echolocation,/mnt/ubna_data_02_mir/recover-20221013/UBNA_001/20221012_030000.WAV,Telephone Field,recover-20221013,001,1795
441.8935,441.9038,22890,28850,Nyctalus leisleri,0.011,0.028,-1,Echolocation,/mnt/ubna_data_02_mir/recover-20221013/UBNA_001/20221012_030000.WAV,Telephone Field,recover-20221013,001,1795
441.9125,441.9248,27187,33949,Eptesicus serotinus,0.015,0.029,-1,Echolocation,/mnt/ubna_data_02_mir/recover-20221013/UBNA_001/20221012_030000.WAV,Telephone Field,recover-20221013,001,1795
441.9185,441.9565,68437,82309,Rhinolophus ferrumequinum,0.025,0.025,-1,Echolocation,/mnt/ubna_data_02_mir/recover-20221013/UBNA_001/20221012_030000.WAV,Telephone Field,recover-20221013,001,1795
441.9185,441.9276,28046,36509,Eptesicus serotinus,0.009,0.028,-1,Echolocation,/mnt/ubna_data_02_mir/recover-20221013/UBNA_001/20221012_030000.WAV,Telephone Field,recover-20221013,001,1795
441.9335,441.941,27187,40308,Eptesicus serotinus,0.007,0.021,-1,Echolocation,/mnt/ubna_data_02_mir/recover-20221013/UBNA_001/20221012_030000.WAV,Telephone Field,recover-20221013,001,1795
441.9355,441.9753,68437,82757,Rhinolophus ferrumequinum,0.027,0.027,-1,Echolocation,/mnt/ubna_data_02_mir/recover-20221013/UBNA_001/20221012_030000.WAV,Telephone Field,recover-20221013,001,1795
442.0015,442.0339,68437,80506,Rhinolophus ferrumequinum,0.053,0.053,-1,Echolocation,/mnt/ubna_data_02_mir/recover-20221013/UBNA_001/20221012_030000.WAV,Telephone Field,recover-20221013,001,1795
442.0015,442.014,20312,24894,Nyctalus leisleri,0.013,0.028,-1,Echolocation,/mnt/ubna_data_02_mir/recover-20221013/UBNA_001/20221012_030000.WAV,Telephone Field,recover-20221013,001,1795
442.0405,442.0775,68437,81186,Rhinolophus ferrumequinum,0.03,0.031,-1,Echolocation,/mnt/ubna_data_02_mir/recover-20221013/UBNA_001/20221012_030000.WAV,Telephone Field,recover-20221013,001,1795
442.1085,442.1183,24609,31968,Eptesicus serotinus,0.008,0.024,-1,Echolocation,/mnt/ubna_data_02_mir/recover-20221013/UBNA_001/20221012_030000.WAV,Telephone Field,recover-20221013,001,1795
442.1285,442.1667,68437,82635,Rhinolophus ferrumequinum,0.032,0.032,-1,Echolocation,/mnt/ubna_data_02_mir/recover-20221013/UBNA_001/20221012_030000.WAV,Telephone Field,recover-20221013,001,1795
442.1515,442.15930000000003,22890,31774,Plecotus austriacus,0.028,0.071,-1,Echolocation,/mnt/ubna_data_02_mir/recover-20221013/UBNA_001/20221012_030000.WAV,Telephone Field,recover-20221013,001,1795
442.1635,442.2074,68437,83327,Rhinolophus ferrumequinum,0.033,0.033,-1,Echolocation,/mnt/ubna_data_02_mir/recover-20221013/UBNA_001/20221012_030000.WAV,Telephone Field,recover-20221013,001,1795
442.1845,442.2071,16875,20813,Nyctalus noctula,0.017,0.024,-1,Echolocation,/mnt/ubna_data_02_mir/recover-20221013/UBNA_001/20221012_030000.WAV,Telephone Field,recover-20221013,001,1795
442.2535,442.2986,68437,83843,Rhinolophus ferrumequinum,0.051,0.052,-1,Echolocation,/mnt/ubna_data_02_mir/recover-20221013/UBNA_001/20221012_030000.WAV,Telephone Field,recover-20221013,001,1795
442.3055,442.3451,68437,82045,Rhinolophus ferrumequinum,0.023,0.023,-1,Echolocation,/mnt/ubna_data_02_mir/recover-20221013/UBNA_001/20221012_030000.WAV,Telephone Field,recover-20221013,001,1795
442.3425,442.351,37500,45024,Myotis daubentonii,0.006,0.022,-1,Echolocation,/mnt/ubna_data_02_mir/recover-20221013/UBNA_001/20221012_030000.WAV,Telephone Field,recover-20221013,001,1795
442.3425,442.3817,68437,82546,Rhinolophus ferrumequinum,0.025,0.025,-1,Echolocation,/mnt/ubna_data_02_mir/recover-20221013/UBNA_001/20221012_030000.WAV,Telephone Field,recover-20221013,001,1795
442.3495,442.3573,22890,30580,Plecotus austriacus,0.012,0.024,-1,Echolocation,/mnt/ubna_data_02_mir/recover-20221013/UBNA_001/20221012_030000.WAV,Telephone Field,recover-20221013,001,1795
442.3585,442.3968,68437,82453,Rhinolophus ferrumequinum,0.023,0.023,-1,Echolocation,/mnt/ubna_data_02_mir/recover-20221013/UBNA_001/20221012_030000.WAV,Telephone Field,recover-20221013,001,1795
442.3765,442.3841,26328,36373,Eptesicus serotinus,0.007,0.022,-1,Echolocation,/mnt/ubna_data_02_mir/recover-20221013/UBNA_001/20221012_030000.WAV,Telephone Field,recover-20221013,001,1795
442.4065,442.4181,57265,62526,Pipistrellus pygmaeus,0.061,0.063,-1,Echolocation,/mnt/ubna_data_02_mir/recover-20221013/UBNA_001/20221012_030000.WAV,Telephone Field,recover-20221013,001,1795
442.4365,442.4756,68437,82283,Rhinolophus ferrumequinum,0.021,0.021,-1,Echolocation,/mnt/ubna_data_02_mir/recover-20221013/UBNA_001/20221012_030000.WAV,Telephone Field,recover-20221013,001,1795
442.4625,442.5032,68437,82956,Rhinolophus ferrumequinum,0.031,0.031,-1,Echolocation,/mnt/ubna_data_02_mir/recover-20221013/UBNA_001/20221012_030000.WAV,Telephone Field,recover-20221013,001,1795
442.5005,442.5397,68437,82099,Rhinolophus ferrumequinum,0.022,0.022,-1,Echolocation,/mnt/ubna_data_02_mir/recover-20221013/UBNA_001/20221012_030000.WAV,Telephone Field,recover-20221013,001,1795
442.5335,442.5675,68437,81034,Rhinolophus ferrumequinum,0.022,0.022,-1,Echolocation,/mnt/ubna_data_02_mir/recover-20221013/UBNA_001/20221012_030000.WAV,Telephone Field,recover-20221013,001,1795
442.5585,442.5975,68437,82485,Rhinolophus ferrumequinum,0.022,0.022,-1,Echolocation,/mnt/ubna_data_02_mir/recover-20221013/UBNA_001/20221012_030000.WAV,Telephone Field,recover-20221013,001,1795
442.5785,442.6177,68437,82460,Rhinolophus ferrumequinum,0.024,0.024,-1,Echolocation,/mnt/ubna_data_02_mir/recover-20221013/UBNA_001/20221012_030000.WAV,Telephone Field,recover-20221013,001,1795
442.5845,442.5954,23750,30174,Nyctalus leisleri,0.011,0.028,-1,Echolocation,/mnt/ubna_data_02_mir/recover-20221013/UBNA_001/20221012_030000.WAV,Telephone Field,recover-20221013,001,1795
442.6035,442.6426,68437,81733,Rhinolophus ferrumequinum,0.021,0.021,-1,Echolocation,/mnt/ubna_data_02_mir/recover-20221013/UBNA_001/20221012_030000.WAV,Telephone Field,recover-20221013,001,1795
442.6365,442.6759,68437,81657,Rhinolophus ferrumequinum,0.026,0.026,-1,Echolocation,/mnt/ubna_data_02_mir/recover-20221013/UBNA_001/20221012_030000.WAV,Telephone Field,recover-20221013,001,1795
442.6635,442.7073,68437,83169,Rhinolophus ferrumequinum,0.045,0.045,-1,Echolocation,/mnt/ubna_data_02_mir/recover-20221013/UBNA_001/20221012_030000.WAV,Telephone Field,recover-20221013,001,1795
442.6845,442.7029,18593,21434,Nyctalus leisleri,0.011,0.023,-1,Echolocation,/mnt/ubna_data_02_mir/recover-20221013/UBNA_001/20221012_030000.WAV,Telephone Field,recover-20221013,001,1795
442.6895,442.7307,68437,82554,Rhinolophus ferrumequinum,0.023,0.023,-1,Echolocation,/mnt/ubna_data_02_mir/recover-20221013/UBNA_001/20221012_030000.WAV,Telephone Field,recover-20221013,001,1795
442.7075,442.7453,68437,81664,Rhinolophus ferrumequinum,0.022,0.022,-1,Echolocation,/mnt/ubna_data_02_mir/recover-20221013/UBNA_001/20221012_030000.WAV,Telephone Field,recover-20221013,001,1795
442.7345,442.7423,51250,57929,Pipistrellus pipistrellus,0.017,0.022,-1,Echolocation,/mnt/ubna_data_02_mir/recover-20221013/UBNA_001/20221012_030000.WAV,Telephone Field,recover-20221013,001,1795
442.7355,442.777,68437,83149,Rhinolophus ferrumequinum,0.028,0.028,-1,Echolocation,/mnt/ubna_data_02_mir/recover-20221013/UBNA_001/20221012_030000.WAV,Telephone Field,recover-20221013,001,1795
442.7545,442.7673,37500,42810,Pipistrellus nathusii,0.015,0.025,-1,Echolocation,/mnt/ubna_data_02_mir/recover-20221013/UBNA_001/20221012_030000.WAV,Telephone Field,recover-20221013,001,1795
442.7685,442.8044,68437,82033,Rhinolophus ferrumequinum,0.021,0.021,-1,Echolocation,/mnt/ubna_data_02_mir/recover-20221013/UBNA_001/20221012_030000.WAV,Telephone Field,recover-20221013,001,1795
442.7975,442.83389999999997,68437,81852,Rhinolophus ferrumequinum,0.027,0.027,-1,Echolocation,/mnt/ubna_data_02_mir/recover-20221013/UBNA_001/20221012_030000.WAV,Telephone Field,recover-20221013,001,1795
442.83050000000003,442.8668,68437,81220,Rhinolophus ferrumequinum,0.023,0.023,-1,Echolocation,/mnt/ubna_data_02_mir/recover-20221013/UBNA_001/20221012_030000.WAV,Telephone Field,recover-20221013,001,1795
442.8375,442.8524,23750,28193,Nyctalus leisleri,0.014,0.026,-1,Echolocation,/mnt/ubna_data_02_mir/recover-20221013/UBNA_001/20221012_030000.WAV,Telephone Field,recover-20221013,001,1795
442.8445,442.8568,24609,28983,Nyctalus leisleri,0.015,0.028,-1,Echolocation,/mnt/ubna_data_02_mir/recover-20221013/UBNA_001/20221012_030000.WAV,Telephone Field,recover-20221013,001,1795
442.8575,442.8673,25468,34538,Eptesicus serotinus,0.009,0.024,-1,Echolocation,/mnt/ubna_data_02_mir/recover-20221013/UBNA_001/20221012_030000.WAV,Telephone Field,recover-20221013,001,1795
442.89549999999997,442.9367,68437,82297,Rhinolophus ferrumequinum,0.022,0.022,-1,Echolocation,/mnt/ubna_data_02_mir/recover-20221013/UBNA_001/20221012_030000.WAV,Telephone Field,recover-20221013,001,1795
442.9455,442.9843,68437,82042,Rhinolophus ferrumequinum,0.021,0.021,-1,Echolocation,/mnt/ubna_data_02_mir/recover-20221013/UBNA_001/20221012_030000.WAV,Telephone Field,recover-20221013,001,1795
442.9585,442.9994,68437,82690,Rhinolophus ferrumequinum,0.021,0.021,-1,Echolocation,/mnt/ubna_data_02_mir/recover-20221013/UBNA_001/20221012_030000.WAV,Telephone Field,recover-20221013,001,1795
442.9765,442.9838,28046,38600,Eptesicus serotinus,0.007,0.022,-1,Echolocation,/mnt/ubna_data_02_mir/recover-20221013/UBNA_001/20221012_030000.WAV,Telephone Field,recover-20221013,001,1795
442.9845,442.996,52109,56386,Pipistrellus pipistrellus,0.026,0.036,-1,Echolocation,/mnt/ubna_data_02_mir/recover-20221013/UBNA_001/20221012_030000.WAV,Telephone Field,recover-20221013,001,1795
442.9845,443.025,68437,82457,Rhinolophus ferrumequinum,0.036,0.036,-1,Echolocation,/mnt/ubna_data_02_mir/recover-20221013/UBNA_001/20221012_030000.WAV,Telephone Field,recover-20221013,001,1795
443.0085,443.0457,68437,81603,Rhinolophus ferrumequinum,0.024,0.024,-1,Echolocation,/mnt/ubna_data_02_mir/recover-20221013/UBNA_001/20221012_030000.WAV,Telephone Field,recover-20221013,001,1795
443.0435,443.0514,23750,31999,Plecotus austriacus,0.011,0.025,-1,Echolocation,/mnt/ubna_data_02_mir/recover-20221013/UBNA_001/20221012_030000.WAV,Telephone Field,recover-20221013,001,1795
443.0515,443.0896,68437,82291,Rhinolophus ferrumequinum,0.02,0.02,-1,Echolocation,/mnt/ubna_data_02_mir/recover-20221013/UBNA_001/20221012_030000.WAV,Telephone Field,recover-20221013,001,1795
443.0705,443.1087,68437,82687,Rhinolophus ferrumequinum,0.023,0.023,-1,Echolocation,/mnt/ubna_data_02_mir/recover-20221013/UBNA_001/20221012_030000.WAV,Telephone Field,recover-20221013,001,1795
443.08050000000003,443.121,68437,82242,Rhinolophus ferrumequinum,0.025,0.025,-1,Echolocation,/mnt/ubna_data_02_mir/recover-20221013/UBNA_001/20221012_030000.WAV,Telephone Field,recover-20221013,001,1795
443.0935,443.10450000000003,56406,61396,Pipistrellus pygmaeus,0.019,0.021,-1,Echolocation,/mnt/ubna_data_02_mir/recover-20221013/UBNA_001/20221012_030000.WAV,Telephone Field,recover-20221013,001,1795
443.1075,443.1456,68437,81892,Rhinolophus ferrumequinum,0.023,0.023,-1,Echolocation,/mnt/ubna_data_02_mir/recover-20221013/UBNA_001/20221012_030000.WAV,Telephone Field,recover-20221013,001,1795
443.1325,443.1389,13437,30705,Plecotus auritus,0.031,0.033,-1,Echolocation,/mnt/ubna_data_02_mir/recover-20221013/UBNA_001/20221012_030000.WAV,Telephone Field,recover-20221013,001,1795
443.1335,443.1735,68437,82703,Rhinolophus ferrumequinum,0.021,0.021,-1,Echolocation,/mnt/ubna_data_02_mir/recover-20221013/UBNA_001/20221012_030000.WAV,Telephone Field,recover-20221013,001,1795
443.1505,443.19,68437,81765,Rhinolophus ferrumequinum,0.022,0.022,-1,Echolocation,/mnt/ubna_data_02_mir/recover-20221013/UBNA_001/20221012_030000.WAV,Telephone Field,recover-20221013,001,1795
443.1595,443.16700000000003,28046,39780,Eptesicus serotinus,0.008,0.025,-1,Echolocation,/mnt/ubna_data_02_mir/recover-20221013/UBNA_001/20221012_030000.WAV,Telephone Field,recover-20221013,001,1795
443.2215,443.2629,68437,82459,Rhinolophus ferrumequinum,0.029,0.029,-1,Echolocation,/mnt/ubna_data_02_mir/recover-20221013/UBNA_001/20221012_030000.WAV,Telephone Field,recover-20221013,001,1795
443.2275,443.2687,68437,83005,Rhinolophus ferrumequinum,0.029,0.029,-1,Echolocation,/mnt/ubna_data_02_mir/recover-20221013/UBNA_001/20221012_030000.WAV,Telephone Field,recover-20221013,001,1795
443.2645,443.27139999999997,28046,38301,Eptesicus serotinus,0.007,0.023,-1,Echolocation,/mnt/ubna_data_02_mir/recover-20221013/UBNA_001/20221012_030000.WAV,Telephone Field,recover-20221013,001,1795
443.2845,443.3231,68437,82129,Rhinolophus ferrumequinum,0.021,0.021,-1,Echolocation,/mnt/ubna_data_02_mir/recover-20221013/UBNA_001/20221012_030000.WAV,Telephone Field,recover-20221013,001,1795
443.2965,443.34069999999997,68437,83351,Rhinolophus ferrumequinum,0.035,0.035,-1,Echolocation,/mnt/ubna_data_02_mir/recover-20221013/UBNA_001/20221012_030000.WAV,Telephone Field,recover-20221013,001,1795
443.2995,443.3081,28046,38047,Eptesicus serotinus,0.008,0.023,-1,Echolocation,/mnt/ubna_data_02_mir/recover-20221013/UBNA_001/20221012_030000.WAV,Telephone Field,recover-20221013,001,1795
443.3425,443.3804,68437,81515,Rhinolophus ferrumequinum,0.025,0.025,-1,Echolocation,/mnt/ubna_data_02_mir/recover-20221013/UBNA_001/20221012_030000.WAV,Telephone Field,recover-20221013,001,1795
443.3595,443.3993,68437,82328,Rhinolophus ferrumequinum,0.023,0.023,-1,Echolocation,/mnt/ubna_data_02_mir/recover-20221013/UBNA_001/20221012_030000.WAV,Telephone Field,recover-20221013,001,1795
443.3725,443.4091,68437,81621,Rhinolophus ferrumequinum,0.024,0.024,-1,Echolocation,/mnt/ubna_data_02_mir/recover-20221013/UBNA_001/20221012_030000.WAV,Telephone Field,recover-20221013,001,1795
443.3885,443.4269,68437,82100,Rhinolophus ferrumequinum,0.023,0.023,-1,Echolocation,/mnt/ubna_data_02_mir/recover-20221013/UBNA_001/20221012_030000.WAV,Telephone Field,recover-20221013,001,1795
443.3905,443.4028,14296,20344,Nyctalus noctula,0.015,0.024,-1,Echolocation,/mnt/ubna_data_02_mir/recover-20221013/UBNA_001/20221012_030000.WAV,Telephone Field,recover-20221013,001,1795
443.41949999999997,443.4268,23750,32818,Plecotus austriacus,0.012,0.026,-1,Echolocation,/mnt/ubna_data_02_mir/recover-20221013/UBNA_001/20221012_030000.WAV,Telephone Field,recover-20221013,001,1795
443.4295,443.4684,68437,82983,Rhinolophus ferrumequinum,0.024,0.024,-1,Echolocation,/mnt/ubna_data_02_mir/recover-20221013/UBNA_001/20221012_030000.WAV,Telephone Field,recover-20221013,001,1795
443.4535,443.4933,68437,82781,Rhinolophus ferrumequinum,0.022,0.022,-1,Echolocation,/mnt/ubna_data_02_mir/recover-20221013/UBNA_001/20221012_030000.WAV,Telephone Field,recover-20221013,001,1795
443.4665,443.4755,28046,37465,Eptesicus serotinus,0.009,0.026,-1,Echolocation,/mnt/ubna_data_02_mir/recover-20221013/UBNA_001/20221012_030000.WAV,Telephone Field,recover-20221013,001,1795
443.4805,443.5202,68437,82092,Rhinolophus ferrumequinum,0.025,0.025,-1,Echolocation,/mnt/ubna_data_02_mir/recover-20221013/UBNA_001/20221012_030000.WAV,Telephone Field,recover-20221013,001,1795
443.4875,443.5276,68437,82238,Rhinolophus ferrumequinum,0.022,0.022,-1,Echolocation,/mnt/ubna_data_02_mir/recover-20221013/UBNA_001/20221012_030000.WAV,Telephone Field,recover-20221013,001,1795
443.5135,443.5502,68437,81336,Rhinolophus ferrumequinum,0.026,0.026,-1,Echolocation,/mnt/ubna_data_02_mir/recover-20221013/UBNA_001/20221012_030000.WAV,Telephone Field,recover-20221013,001,1795
443.5365,443.5737,68437,81997,Rhinolophus ferrumequinum,0.027,0.027,-1,Echolocation,/mnt/ubna_data_02_mir/recover-20221013/UBNA_001/20221012_030000.WAV,Telephone Field,recover-20221013,001,1795
443.5615,443.6019,68437,81987,Rhinolophus ferrumequinum,0.022,0.022,-1,Echolocation,/mnt/ubna_data_02_mir/recover-20221013/UBNA_001/20221012_030000.WAV,Telephone Field,recover-20221013,001,1795
443.5625,443.5698,26328,35817,Eptesicus serotinus,0.006,0.021,-1,Echolocation,/mnt/ubna_data_02_mir/recover-20221013/UBNA_001/20221012_030000.WAV,Telephone Field,recover-20221013,001,1795
443.5725,443.6167,68437,83509,Rhinolophus ferrumequinum,0.042,0.042,-1,Echolocation,/mnt/ubna_data_02_mir/recover-20221013/UBNA_001/20221012_030000.WAV,Telephone Field,recover-20221013,001,1795
443.5955,443.6351,68437,82226,Rhinolophus ferrumequinum,0.021,0.021,-1,Echolocation,/mnt/ubna_data_02_mir/recover-20221013/UBNA_001/20221012_030000.WAV,Telephone Field,recover-20221013,001,1795
443.6135,443.6547,68437,82612,Rhinolophus ferrumequinum,0.021,0.021,-1,Echolocation,/mnt/ubna_data_02_mir/recover-20221013/UBNA_001/20221012_030000.WAV,Telephone Field,recover-20221013,001,1795
443.6275,443.6675,68437,82565,Rhinolophus ferrumequinum,0.021,0.021,-1,Echolocation,/mnt/ubna_data_02_mir/recover-20221013/UBNA_001/20221012_030000.WAV,Telephone Field,recover-20221013,001,1795
443.6355,443.6763,68437,82676,Rhinolophus ferrumequinum,0.023,0.023,-1,Echolocation,/mnt/ubna_data_02_mir/recover-20221013/UBNA_001/20221012_030000.WAV,Telephone Field,recover-20221013,001,1795
443.6675,443.7052,68437,82187,Rhinolophus ferrumequinum,0.023,0.023,-1,Echolocation,/mnt/ubna_data_02_mir/recover-20221013/UBNA_001/20221012_030000.WAV,Telephone Field,recover-20221013,001,1795
443.6855,443.72429999999997,68437,82501,Rhinolophus ferrumequinum,0.024,0.024,-1,Echolocation,/mnt/ubna_data_02_mir/recover-20221013/UBNA_001/20221012_030000.WAV,Telephone Field,recover-20221013,001,1795
443.6935,443.73,68437,81915,Rhinolophus ferrumequinum,0.021,0.021,-1,Echolocation,/mnt/ubna_data_02_mir/recover-20221013/UBNA_001/20221012_030000.WAV,Telephone Field,recover-20221013,001,1795
443.7015,443.7389,68437,81995,Rhinolophus ferrumequinum,0.023,0.023,-1,Echolocation,/mnt/ubna_data_02_mir/recover-20221013/UBNA_001/20221012_030000.WAV,Telephone Field,recover-20221013,001,1795
443.7425,443.7792,68437,81385,Rhinolophus ferrumequinum,0.022,0.022,-1,Echolocation,/mnt/ubna_data_02_mir/recover-20221013/UBNA_001/20221012_030000.WAV,Telephone Field,recover-20221013,001,1795
443.77049999999997,443.7788,48671,54460,Pipistrellus pipistrellus,0.023,0.026,-1,Echolocation,/mnt/ubna_data_02_mir/recover-20221013/UBNA_001/20221012_030000.WAV,Telephone Field,recover-20221013,001,1795
443.7715,443.7827,23750,29328,Nyctalus leisleri,0.01,0.022,-1,Echolocation,/mnt/ubna_data_02_mir/recover-20221013/UBNA_001/20221012_030000.WAV,Telephone Field,recover-20221013,001,1795
443.7765,443.8147,68437,82164,Rhinolophus ferrumequinum,0.022,0.022,-1,Echolocation,/mnt/ubna_data_02_mir/recover-20221013/UBNA_001/20221012_030000.WAV,Telephone Field,recover-20221013,001,1795
443.8005,443.8077,22890,31129,Plecotus austriacus,0.01,0.021,-1,Echolocation,/mnt/ubna_data_02_mir/recover-20221013/UBNA_001/20221012_030000.WAV,Telephone Field,recover-20221013,001,1795
443.8275,443.8386,45234,48677,Pipistrellus pipistrellus,0.057,0.068,-1,Echolocation,/mnt/ubna_data_02_mir/recover-20221013/UBNA_001/20221012_030000.WAV,Telephone Field,recover-20221013,001,1795
443.8555,443.8945,68437,82316,Rhinolophus ferrumequinum,0.021,0.021,-1,Echolocation,/mnt/ubna_data_02_mir/recover-20221013/UBNA_001/20221012_030000.WAV,Telephone Field,recover-20221013,001,1795
443.8805,443.8903,28046,36246,Eptesicus serotinus,0.009,0.022,-1,Echolocation,/mnt/ubna_data_02_mir/recover-20221013/UBNA_001/20221012_030000.WAV,Telephone Field,recover-20221013,001,1795
443.9075,443.9462,68437,81947,Rhinolophus ferrumequinum,0.023,0.023,-1,Echolocation,/mnt/ubna_data_02_mir/recover-20221013/UBNA_001/20221012_030000.WAV,Telephone Field,recover-20221013,001,1795
443.9255,443.9358,22031,26648,Nyctalus leisleri,0.011,0.023,-1,Echolocation,/mnt/ubna_data_02_mir/recover-20221013/UBNA_001/20221012_030000.WAV,Telephone Field,recover-20221013,001,1795
443.9415,443.981,68437,82258,Rhinolophus ferrumequinum,0.021,0.021,-1,Echolocation,/mnt/ubna_data_02_mir/recover-20221013/UBNA_001/20221012_030000.WAV,Telephone Field,recover-20221013,001,1795
443.9455,443.9548,22031,29053,Plecotus austriacus,0.013,0.03,-1,Echolocation,/mnt/ubna_data_02_mir/recover-20221013/UBNA_001/20221012_030000.WAV,Telephone Field,recover-20221013,001,1795
443.9725,443.98,28046,37913,Eptesicus serotinus,0.006,0.02,-1,Echolocation,/mnt/ubna_data_02_mir/recover-20221013/UBNA_001/20221012_030000.WAV,Telephone Field,recover-20221013,001,1795
444.0015,444.013,20312,25667,Nyctalus leisleri,0.008,0.023,-1,Echolocation,/mnt/ubna_data_02_mir/recover-20221013/UBNA_001/20221012_030000.WAV,Telephone Field,recover-20221013,001,1795
444.0015,444.0355,68437,80927,Rhinolophus ferrumequinum,0.041,0.042,-1,Echolocation,/mnt/ubna_data_02_mir/recover-20221013/UBNA_001/20221012_030000.WAV,Telephone Field,recover-20221013,001,1795
444.0015,444.0112,47812,54930,Pipistrellus pipistrellus,0.021,0.031,-1,Echolocation,/mnt/ubna_data_02_mir/recover-20221013/UBNA_001/20221012_030000.WAV,Telephone Field,recover-20221013,001,1795
444.0015,444.0109,31484,38441,Myotis daubentonii,0.005,0.022,-1,Echolocation,/mnt/ubna_data_02_mir/recover-20221013/UBNA_001/20221012_030000.WAV,Telephone Field,recover-20221013,001,1795
444.0395,444.0757,68437,82131,Rhinolophus ferrumequinum,0.024,0.024,-1,Echolocation,/mnt/ubna_data_02_mir/recover-20221013/UBNA_001/20221012_030000.WAV,Telephone Field,recover-20221013,001,1795
444.0485,444.0891,68437,82431,Rhinolophus ferrumequinum,0.025,0.025,-1,Echolocation,/mnt/ubna_data_02_mir/recover-20221013/UBNA_001/20221012_030000.WAV,Telephone Field,recover-20221013,001,1795
444.1025,444.1108,25468,34108,Plecotus austriacus,0.008,0.029,-1,Echolocation,/mnt/ubna_data_02_mir/recover-20221013/UBNA_001/20221012_030000.WAV,Telephone Field,recover-20221013,001,1795
444.1185,444.1365,20312,23785,Nyctalus leisleri,0.013,0.024,-1,Echolocation,/mnt/ubna_data_02_mir/recover-20221013/UBNA_001/20221012_030000.WAV,Telephone Field,recover-20221013,001,1795
444.14549999999997,444.1846,68437,82268,Rhinolophus ferrumequinum,0.031,0.031,-1,Echolocation,/mnt/ubna_data_02_mir/recover-20221013/UBNA_001/20221012_030000.WAV,Telephone Field,recover-20221013,001,1795
444.1745,444.2147,68437,82841,Rhinolophus ferrumequinum,0.034,0.034,-1,Echolocation,/mnt/ubna_data_02_mir/recover-20221013/UBNA_001/20221012_030000.WAV,Telephone Field,recover-20221013,001,1795
444.1755,444.1859,28906,36123,Eptesicus serotinus,0.009,0.023,-1,Echolocation,/mnt/ubna_data_02_mir/recover-20221013/UBNA_001/20221012_030000.WAV,Telephone Field,recover-20221013,001,1795
444.1985,444.2387,68437,82504,Rhinolophus ferrumequinum,0.027,0.027,-1,Echolocation,/mnt/ubna_data_02_mir/recover-20221013/UBNA_001/20221012_030000.WAV,Telephone Field,recover-20221013,001,1795
444.2675,444.3039,68437,81739,Rhinolophus ferrumequinum,0.023,0.023,-1,Echolocation,/mnt/ubna_data_02_mir/recover-20221013/UBNA_001/20221012_030000.WAV,Telephone Field,recover-20221013,001,1795
444.3045,444.3107,24609,37079,Plecotus austriacus,0.009,0.026,-1,Echolocation,/mnt/ubna_data_02_mir/recover-20221013/UBNA_001/20221012_030000.WAV,Telephone Field,recover-20221013,001,1795
444.3325,444.3434,22031,25766,Nyctalus leisleri,0.013,0.022,-1,Echolocation,/mnt/ubna_data_02_mir/recover-20221013/UBNA_001/20221012_030000.WAV,Telephone Field,recover-20221013,001,1795
444.3565,444.3927,68437,81274,Rhinolophus ferrumequinum,0.025,0.025,-1,Echolocation,/mnt/ubna_data_02_mir/recover-20221013/UBNA_001/20221012_030000.WAV,Telephone Field,recover-20221013,001,1795
444.3705,444.3778,24609,33572,Eptesicus serotinus,0.006,0.022,-1,Echolocation,/mnt/ubna_data_02_mir/recover-20221013/UBNA_001/20221012_030000.WAV,Telephone Field,recover-20221013,001,1795
444.4085,444.4468,68437,81911,Rhinolophus ferrumequinum,0.022,0.022,-1,Echolocation,/mnt/ubna_data_02_mir/recover-20221013/UBNA_001/20221012_030000.WAV,Telephone Field,recover-20221013,001,1795
444.4375,444.4776,68437,82514,Rhinolophus ferrumequinum,0.033,0.033,-1,Echolocation,/mnt/ubna_data_02_mir/recover-20221013/UBNA_001/20221012_030000.WAV,Telephone Field,recover-20221013,001,1795
444.4475,444.4834,68437,81127,Rhinolophus ferrumequinum,0.022,0.022,-1,Echolocation,/mnt/ubna_data_02_mir/recover-20221013/UBNA_001/20221012_030000.WAV,Telephone Field,recover-20221013,001,1795
444.4705,444.4771,34921,43795,Myotis daubentonii,0.009,0.022,-1,Echolocation,/mnt/ubna_data_02_mir/recover-20221013/UBNA_001/20221012_030000.WAV,Telephone Field,recover-20221013,001,1795
444.4725,444.4789,28046,39049,Eptesicus serotinus,0.006,0.029,-1,Echolocation,/mnt/ubna_data_02_mir/recover-20221013/UBNA_001/20221012_030000.WAV,Telephone Field,recover-20221013,001,1795
444.4955,444.5036,25468,36172,Eptesicus serotinus,0.008,0.024,-1,Echolocation,/mnt/ubna_data_02_mir/recover-20221013/UBNA_001/20221012_030000.WAV,Telephone Field,recover-20221013,001,1795
444.4965,444.5367,68437,82771,Rhinolophus ferrumequinum,0.024,0.024,-1,Echolocation,/mnt/ubna_data_02_mir/recover-20221013/UBNA_001/20221012_030000.WAV,Telephone Field,recover-20221013,001,1795
444.5095,444.55219999999997,68437,82978,Rhinolophus ferrumequinum,0.032,0.032,-1,Echolocation,/mnt/ubna_data_02_mir/recover-20221013/UBNA_001/20221012_030000.WAV,Telephone Field,recover-20221013,001,1795
444.5245,444.5565,68437,79648,Rhinolophus ferrumequinum,0.021,0.022,-1,Echolocation,/mnt/ubna_data_02_mir/recover-20221013/UBNA_001/20221012_030000.WAV,Telephone Field,recover-20221013,001,1795
444.5865,444.628,68437,82587,Rhinolophus ferrumequinum,0.024,0.024,-1,Echolocation,/mnt/ubna_data_02_mir/recover-20221013/UBNA_001/20221012_030000.WAV,Telephone Field,recover-20221013,001,1795
444.5895,444.5975,28046,38237,Eptesicus serotinus,0.008,0.024,-1,Echolocation,/mnt/ubna_data_02_mir/recover-20221013/UBNA_001/20221012_030000.WAV,Telephone Field,recover-20221013,001,1795
444.6225,444.6627,68437,82515,Rhinolophus ferrumequinum,0.027,0.027,-1,Echolocation,/mnt/ubna_data_02_mir/recover-20221013/UBNA_001/20221012_030000.WAV,Telephone Field,recover-20221013,001,1795
444.6265,444.6364,24609,32087,Eptesicus serotinus,0.009,0.029,-1,Echolocation,/mnt/ubna_data_02_mir/recover-20221013/UBNA_001/20221012_030000.WAV,Telephone Field,recover-20221013,001,1795
444.6515,444.6935,68437,82419,Rhinolophus ferrumequinum,0.029,0.029,-1,Echolocation,/mnt/ubna_data_02_mir/recover-20221013/UBNA_001/20221012_030000.WAV,Telephone Field,recover-20221013,001,1795
444.6535,444.666,23750,28604,Nyctalus leisleri,0.014,0.027,-1,Echolocation,/mnt/ubna_data_02_mir/recover-20221013/UBNA_001/20221012_030000.WAV,Telephone Field,recover-20221013,001,1795
444.6825,444.72180000000003,68437,82396,Rhinolophus ferrumequinum,0.022,0.022,-1,Echolocation,/mnt/ubna_data_02_mir/recover-20221013/UBNA_001/20221012_030000.WAV,Telephone Field,recover-20221013,001,1795
444.6955,444.7325,68437,81851,Rhinolophus ferrumequinum,0.022,0.022,-1,Echolocation,/mnt/ubna_data_02_mir/recover-20221013/UBNA_001/20221012_030000.WAV,Telephone Field,recover-20221013,001,1795
444.7185,444.7555,68437,82010,Rhinolophus ferrumequinum,0.022,0.022,-1,Echolocation,/mnt/ubna_data_02_mir/recover-20221013/UBNA_001/20221012_030000.WAV,Telephone Field,recover-20221013,001,1795
444.7605,444.7999,68437,81774,Rhinolophus ferrumequinum,0.022,0.022,-1,Echolocation,/mnt/ubna_data_02_mir/recover-20221013/UBNA_001/20221012_030000.WAV,Telephone Field,recover-20221013,001,1795
444.7865,444.8287,68437,82575,Rhinolophus ferrumequinum,0.029,0.029,-1,Echolocation,/mnt/ubna_data_02_mir/recover-20221013/UBNA_001/20221012_030000.WAV,Telephone Field,recover-20221013,001,1795
444.7905,444.7991,23750,31547,Plecotus austriacus,0.01,0.028,-1,Echolocation,/mnt/ubna_data_02_mir/recover-20221013/UBNA_001/20221012_030000.WAV,Telephone Field,recover-20221013,001,1795
444.8355,444.8756,68437,82680,Rhinolophus ferrumequinum,0.031,0.031,-1,Echolocation,/mnt/ubna_data_02_mir/recover-20221013/UBNA_001/20221012_030000.WAV,Telephone Field,recover-20221013,001,1795
444.9095,444.95,68437,82279,Rhinolophus ferrumequinum,0.026,0.026,-1,Echolocation,/mnt/ubna_data_02_mir/recover-20221013/UBNA_001/20221012_030000.WAV,Telephone Field,recover-20221013,001,1795
444.9115,444.9217,22031,26904,Nyctalus leisleri,0.009,0.023,-1,Echolocation,/mnt/ubna_data_02_mir/recover-20221013/UBNA_001/20221012_030000.WAV,Telephone Field,recover-20221013,001,1795
444.9225,444.9639,68437,82884,Rhinolophus ferrumequinum,0.031,0.031,-1,Echolocation,/mnt/ubna_data_02_mir/recover-20221013/UBNA_001/20221012_030000.WAV,Telephone Field,recover-20221013,001,1795
444.9455,444.9847,68437,82326,Rhinolophus ferrumequinum,0.029,0.029,-1,Echolocation,/mnt/ubna_data_02_mir/recover-20221013/UBNA_001/20221012_030000.WAV,Telephone Field,recover-20221013,001,1795
444.9465,444.956,22890,29581,Plecotus austriacus,0.011,0.028,-1,Echolocation,/mnt/ubna_data_02_mir/recover-20221013/UBNA_001/20221012_030000.WAV,Telephone Field,recover-20221013,001,1795
444.9615,445.0014,68437,82700,Rhinolophus ferrumequinum,0.022,0.022,-1,Echolocation,/mnt/ubna_data_02_mir/recover-20221013/UBNA_001/20221012_030000.WAV,Telephone Field,recover-20221013,001,1795
444.9715,445.009,68437,82119,Rhinolophus ferrumequinum,0.023,0.023,-1,Echolocation,/mnt/ubna_data_02_mir/recover-20221013/UBNA_001/20221012_030000.WAV,Telephone Field,recover-20221013,001,1795
444.9995,445.0072,26328,35305,Eptesicus serotinus,0.008,0.025,-1,Echolocation,/mnt/ubna_data_02_mir/recover-20221013/UBNA_001/20221012_030000.WAV,Telephone Field,recover-20221013,001,1795
445.0105,445.0186,23750,31695,Plecotus austriacus,0.007,0.023,-1,Echolocation,/mnt/ubna_data_02_mir/recover-20221013/UBNA_001/20221012_030000.WAV,Telephone Field,recover-20221013,001,1795
445.0165,445.0541,68437,82516,Rhinolophus ferrumequinum,0.023,0.023,-1,Echolocation,/mnt/ubna_data_02_mir/recover-20221013/UBNA_001/20221012_030000.WAV,Telephone Field,recover-20221013,001,1795
445.0255,445.067,68437,82599,Rhinolophus ferrumequinum,0.025,0.025,-1,Echolocation,/mnt/ubna_data_02_mir/recover-20221013/UBNA_001/20221012_030000.WAV,Telephone Field,recover-20221013,001,1795
445.0305,445.0688,68437,82426,Rhinolophus ferrumequinum,0.025,0.025,-1,Echolocation,/mnt/ubna_data_02_mir/recover-20221013/UBNA_001/20221012_030000.WAV,Telephone Field,recover-20221013,001,1795
445.0675,445.1091,68437,82895,Rhinolophus ferrumequinum,0.022,0.022,-1,Echolocation,/mnt/ubna_data_02_mir/recover-20221013/UBNA_001/20221012_030000.WAV,Telephone Field,recover-20221013,001,1795
445.1065,445.1143,28046,39341,Eptesicus serotinus,0.007,0.022,-1,Echolocation,/mnt/ubna_data_02_mir/recover-20221013/UBNA_001/20221012_030000.WAV,Telephone Field,recover-20221013,001,1795
445.1275,445.1585,68437,80108,Rhinolophus ferrumequinum,0.025,0.025,-1,Echolocation,/mnt/ubna_data_02_mir/recover-20221013/UBNA_001/20221012_030000.WAV,Telephone Field,recover-20221013,001,1795
445.1415,445.1527,23750,29057,Nyctalus leisleri,0.018,0.035,-1,Echolocation,/mnt/ubna_data_02_mir/recover-20221013/UBNA_001/20221012_030000.WAV,Telephone Field,recover-20221013,001,1795
445.1515,445.1882,68437,81927,Rhinolophus ferrumequinum,0.022,0.022,-1,Echolocation,/mnt/ubna_data_02_mir/recover-20221013/UBNA_001/20221012_030000.WAV,Telephone Field,recover-20221013,001,1795
445.1775,445.2188,68437,82741,Rhinolophus ferrumequinum,0.026,0.026,-1,Echolocation,/mnt/ubna_data_02_mir/recover-20221013/UBNA_001/20221012_030000.WAV,Telephone Field,recover-20221013,001,1795
445.2235,445.2365,22031,26061,Nyctalus leisleri,0.014,0.024,-1,Echolocation,/mnt/ubna_data_02_mir/recover-20221013/UBNA_001/20221012_030000.WAV,Telephone Field,recover-20221013,001,1795
445.2265,445.2645,68437,81786,Rhinolophus ferrumequinum,0.023,0.023,-1,Echolocation,/mnt/ubna_data_02_mir/recover-20221013/UBNA_001/20221012_030000.WAV,Telephone Field,recover-20221013,001,1795
445.2585,445.2991,68437,82702,Rhinolophus ferrumequinum,0.029,0.029,-1,Echolocation,/mnt/ubna_data_02_mir/recover-20221013/UBNA_001/20221012_030000.WAV,Telephone Field,recover-20221013,001,1795
445.2915,445.329,68437,81332,Rhinolophus ferrumequinum,0.029,0.029,-1,Echolocation,/mnt/ubna_data_02_mir/recover-20221013/UBNA_001/20221012_030000.WAV,Telephone Field,recover-20221013,001,1795
445.3075,445.347,68437,82807,Rhinolophus ferrumequinum,0.033,0.033,-1,Echolocation,/mnt/ubna_data_02_mir/recover-20221013/UBNA_001/20221012_030000.WAV,Telephone Field,recover-20221013,001,1795
445.3455,445.3872,68437,83144,Rhinolophus ferrumequinum,0.029,0.029,-1,Echolocation,/mnt/ubna_data_02_mir/recover-20221013/UBNA_001/20221012_030000.WAV,Telephone Field,recover-20221013,001,1795
445.3725,445.3786,32343,43862,Myotis daubentonii,0.011,0.026,-1,Echolocation,/mnt/ubna_data_02_mir/recover-20221013/UBNA_001/20221012_030000.WAV,Telephone Field,recover-20221013,001,1795
445.3725,445.4164,68437,83742,Rhinolophus ferrumequinum,0.029,0.029,-1,Echolocation,/mnt/ubna_data_02_mir/recover-20221013/UBNA_001/20221012_030000.WAV,Telephone Field,recover-20221013,001,1795
445.3765,445.397,20312,23339,Nyctalus noctula,0.049,0.099,-1,Echolocation,/mnt/ubna_data_02_mir/recover-20221013/UBNA_001/20221012_030000.WAV,Telephone Field,recover-20221013,001,1795
445.4055,445.4488,68437,83326,Rhinolophus ferrumequinum,0.03,0.03,-1,Echolocation,/mnt/ubna_data_02_mir/recover-20221013/UBNA_001/20221012_030000.WAV,Telephone Field,recover-20221013,001,1795
445.4435,445.4799,68437,80722,Rhinolophus ferrumequinum,0.022,0.022,-1,Echolocation,/mnt/ubna_data_02_mir/recover-20221013/UBNA_001/20221012_030000.WAV,Telephone Field,recover-20221013,001,1795
445.4705,445.5087,68437,81514,Rhinolophus ferrumequinum,0.022,0.022,-1,Echolocation,/mnt/ubna_data_02_mir/recover-20221013/UBNA_001/20221012_030000.WAV,Telephone Field,recover-20221013,001,1795
445.4765,445.4868,23750,29602,Nyctalus leisleri,0.01,0.024,-1,Echolocation,/mnt/ubna_data_02_mir/recover-20221013/UBNA_001/20221012_030000.WAV,Telephone Field,recover-20221013,001,1795
445.4765,445.5165,68437,82508,Rhinolophus ferrumequinum,0.022,0.022,-1,Echolocation,/mnt/ubna_data_02_mir/recover-20221013/UBNA_001/20221012_030000.WAV,Telephone Field,recover-20221013,001,1795
445.4835,445.5239,68437,82778,Rhinolophus ferrumequinum,0.022,0.022,-1,Echolocation,/mnt/ubna_data_02_mir/recover-20221013/UBNA_001/20221012_030000.WAV,Telephone Field,recover-20221013,001,1795
445.4915,445.4987,28046,41062,Eptesicus serotinus,0.007,0.025,-1,Echolocation,/mnt/ubna_data_02_mir/recover-20221013/UBNA_001/20221012_030000.WAV,Telephone Field,recover-20221013,001,1795
445.5215,445.5615,68437,82247,Rhinolophus ferrumequinum,0.022,0.022,-1,Echolocation,/mnt/ubna_data_02_mir/recover-20221013/UBNA_001/20221012_030000.WAV,Telephone Field,recover-20221013,001,1795
445.5755,445.616,68437,82530,Rhinolophus ferrumequinum,0.027,0.027,-1,Echolocation,/mnt/ubna_data_02_mir/recover-20221013/UBNA_001/20221012_030000.WAV,Telephone Field,recover-20221013,001,1795
445.5955,445.6341,68437,82278,Rhinolophus ferrumequinum,0.022,0.022,-1,Echolocation,/mnt/ubna_data_02_mir/recover-20221013/UBNA_001/20221012_030000.WAV,Telephone Field,recover-20221013,001,1795
445.6105,445.6181,23750,32756,Plecotus austriacus,0.009,0.022,-1,Echolocation,/mnt/ubna_data_02_mir/recover-20221013/UBNA_001/20221012_030000.WAV,Telephone Field,recover-20221013,001,1795
445.6995,445.7072,45234,50147,Pipistrellus pipistrellus,0.02,0.028,-1,Echolocation,/mnt/ubna_data_02_mir/recover-20221013/UBNA_001/20221012_030000.WAV,Telephone Field,recover-20221013,001,1795
445.7035,445.7435,68437,82428,Rhinolophus ferrumequinum,0.022,0.022,-1,Echolocation,/mnt/ubna_data_02_mir/recover-20221013/UBNA_001/20221012_030000.WAV,Telephone Field,recover-20221013,001,1795
445.7175,445.757,68437,82926,Rhinolophus ferrumequinum,0.023,0.023,-1,Echolocation,/mnt/ubna_data_02_mir/recover-20221013/UBNA_001/20221012_030000.WAV,Telephone Field,recover-20221013,001,1795
445.7335,445.773,68437,82535,Rhinolophus ferrumequinum,0.024,0.024,-1,Echolocation,/mnt/ubna_data_02_mir/recover-20221013/UBNA_001/20221012_030000.WAV,Telephone Field,recover-20221013,001,1795
445.7635,445.7765,50390,55028,Pipistrellus pipistrellus,0.026,0.036,-1,Echolocation,/mnt/ubna_data_02_mir/recover-20221013/UBNA_001/20221012_030000.WAV,Telephone Field,recover-20221013,001,1795
445.8105,445.8206,22031,27506,Nyctalus leisleri,0.01,0.023,-1,Echolocation,/mnt/ubna_data_02_mir/recover-20221013/UBNA_001/20221012_030000.WAV,Telephone Field,recover-20221013,001,1795
445.8115,445.8547,68437,83204,Rhinolophus ferrumequinum,0.038,0.038,-1,Echolocation,/mnt/ubna_data_02_mir/recover-20221013/UBNA_001/20221012_030000.WAV,Telephone Field,recover-20221013,001,1795
445.8295,445.8366,28046,40640,Eptesicus serotinus,0.007,0.022,-1,Echolocation,/mnt/ubna_data_02_mir/recover-20221013/UBNA_001/20221012_030000.WAV,Telephone Field,recover-20221013,001,1795
445.8415,445.8821,68437,82234,Rhinolophus ferrumequinum,0.025,0.025,-1,Echolocation,/mnt/ubna_data_02_mir/recover-20221013/UBNA_001/20221012_030000.WAV,Telephone Field,recover-20221013,001,1795
445.8815,445.9198,68437,81263,Rhinolophus ferrumequinum,0.035,0.035,-1,Echolocation,/mnt/ubna_data_02_mir/recover-20221013/UBNA_001/20221012_030000.WAV,Telephone Field,recover-20221013,001,1795
445.8835,445.8894,29765,40860,Myotis daubentonii,0.022,0.053,-1,Echolocation,/mnt/ubna_data_02_mir/recover-20221013/UBNA_001/20221012_030000.WAV,Telephone Field,recover-20221013,001,1795
445.9355,445.9788,68437,83566,Rhinolophus ferrumequinum,0.032,0.032,-1,Echolocation,/mnt/ubna_data_02_mir/recover-20221013/UBNA_001/20221012_030000.WAV,Telephone Field,recover-20221013,001,1795
446.0015,446.0162,19453,23488,Nyctalus noctula,0.021,0.046,-1,Echolocation,/mnt/ubna_data_02_mir/recover-20221013/UBNA_001/20221012_030000.WAV,Telephone Field,recover-20221013,001,1795
446.0015,446.0328,68437,80256,Rhinolophus ferrumequinum,0.021,0.021,-1,Echolocation,/mnt/ubna_data_02_mir/recover-20221013/UBNA_001/20221012_030000.WAV,Telephone Field,recover-20221013,001,1795
446.0435,446.0829,68437,82313,Rhinolophus ferrumequinum,0.022,0.022,-1,Echolocation,/mnt/ubna_data_02_mir/recover-20221013/UBNA_001/20221012_030000.WAV,Telephone Field,recover-20221013,001,1795
446.0515,446.0917,68437,82955,Rhinolophus ferrumequinum,0.024,0.024,-1,Echolocation,/mnt/ubna_data_02_mir/recover-20221013/UBNA_001/20221012_030000.WAV,Telephone Field,recover-20221013,001,1795
446.0515,446.0611,24609,32291,Nyctalus leisleri,0.014,0.044,-1,Echolocation,/mnt/ubna_data_02_mir/recover-20221013/UBNA_001/20221012_030000.WAV,Telephone Field,recover-20221013,001,1795
446.0735,446.0804,46953,50917,Pipistrellus pipistrellus,0.022,0.023,-1,Echolocation,/mnt/ubna_data_02_mir/recover-20221013/UBNA_001/20221012_030000.WAV,Telephone Field,recover-20221013,001,1795
446.0875,446.0946,28046,39372,Eptesicus serotinus,0.007,0.025,-1,Echolocation,/mnt/ubna_data_02_mir/recover-20221013/UBNA_001/20221012_030000.WAV,Telephone Field,recover-20221013,001,1795
446.0985,446.1366,68437,81992,Rhinolophus ferrumequinum,0.024,0.024,-1,Echolocation,/mnt/ubna_data_02_mir/recover-20221013/UBNA_001/20221012_030000.WAV,Telephone Field,recover-20221013,001,1795
446.1155,446.15,68437,81309,Rhinolophus ferrumequinum,0.024,0.024,-1,Echolocation,/mnt/ubna_data_02_mir/recover-20221013/UBNA_001/20221012_030000.WAV,Telephone Field,recover-20221013,001,1795
446.1425,446.1508,47812,51958,Pipistrellus pipistrellus,0.021,0.023,-1,Echolocation,/mnt/ubna_data_02_mir/recover-20221013/UBNA_001/20221012_030000.WAV,Telephone Field,recover-20221013,001,1795
446.1435,446.1852,68437,82513,Rhinolophus ferrumequinum,0.024,0.024,-1,Echolocation,/mnt/ubna_data_02_mir/recover-20221013/UBNA_001/20221012_030000.WAV,Telephone Field,recover-20221013,001,1795
446.1445,446.1528,28906,37525,Eptesicus serotinus,0.007,0.024,-1,Echolocation,/mnt/ubna_data_02_mir/recover-20221013/UBNA_001/20221012_030000.WAV,Telephone Field,recover-20221013,001,1795
446.1625,446.1976,68437,80100,Rhinolophus ferrumequinum,0.024,0.024,-1,Echolocation,/mnt/ubna_data_02_mir/recover-20221013/UBNA_001/20221012_030000.WAV,Telephone Field,recover-20221013,001,1795
446.1775,446.214,68437,81092,Rhinolophus ferrumequinum,0.021,0.021,-1,Echolocation,/mnt/ubna_data_02_mir/recover-20221013/UBNA_001/20221012_030000.WAV,Telephone Field,recover-20221013,001,1795
446.1985,446.2363,68437,82054,Rhinolophus ferrumequinum,0.023,0.023,-1,Echolocation,/mnt/ubna_data_02_mir/recover-20221013/UBNA_001/20221012_030000.WAV,Telephone Field,recover-20221013,001,1795
446.2065,446.2451,68437,82027,Rhinolophus ferrumequinum,0.023,0.023,-1,Echolocation,/mnt/ubna_data_02_mir/recover-20221013/UBNA_001/20221012_030000.WAV,Telephone Field,recover-20221013,001,1795
446.2125,446.2253,22031,26134,Nyctalus leisleri,0.013,0.023,-1,Echolocation,/mnt/ubna_data_02_mir/recover-20221013/UBNA_001/20221012_030000.WAV,Telephone Field,recover-20221013,001,1795
446.2145,446.2555,68437,81961,Rhinolophus ferrumequinum,0.023,0.023,-1,Echolocation,/mnt/ubna_data_02_mir/recover-20221013/UBNA_001/20221012_030000.WAV,Telephone Field,recover-20221013,001,1795
446.2375,446.2779,68437,82196,Rhinolophus ferrumequinum,0.023,0.023,-1,Echolocation,/mnt/ubna_data_02_mir/recover-20221013/UBNA_001/20221012_030000.WAV,Telephone Field,recover-20221013,001,1795
446.2475,446.2876,68437,82212,Rhinolophus ferrumequinum,0.021,0.021,-1,Echolocation,/mnt/ubna_data_02_mir/recover-20221013/UBNA_001/20221012_030000.WAV,Telephone Field,recover-20221013,001,1795
446.2485,446.2563,27187,37702,Eptesicus serotinus,0.006,0.022,-1,Echolocation,/mnt/ubna_data_02_mir/recover-20221013/UBNA_001/20221012_030000.WAV,Telephone Field,recover-20221013,001,1795
446.2745,446.3139,68437,82117,Rhinolophus ferrumequinum,0.029,0.029,-1,Echolocation,/mnt/ubna_data_02_mir/recover-20221013/UBNA_001/20221012_030000.WAV,Telephone Field,recover-20221013,001,1795
446.2865,446.296,28906,36494,Eptesicus serotinus,0.008,0.023,-1,Echolocation,/mnt/ubna_data_02_mir/recover-20221013/UBNA_001/20221012_030000.WAV,Telephone Field,recover-20221013,001,1795
446.3095,446.3533,68437,83503,Rhinolophus ferrumequinum,0.038,0.039,-1,Echolocation,/mnt/ubna_data_02_mir/recover-20221013/UBNA_001/20221012_030000.WAV,Telephone Field,recover-20221013,001,1795
446.3555,446.3994,68437,83207,Rhinolophus ferrumequinum,0.036,0.036,-1,Echolocation,/mnt/ubna_data_02_mir/recover-20221013/UBNA_001/20221012_030000.WAV,Telephone Field,recover-20221013,001,1795
446.3825,446.3938,22890,27335,Nyctalus leisleri,0.012,0.021,-1,Echolocation,/mnt/ubna_data_02_mir/recover-20221013/UBNA_001/20221012_030000.WAV,Telephone Field,recover-20221013,001,1795
446.3965,446.4189,20312,22966,Nyctalus leisleri,0.013,0.023,-1,Echolocation,/mnt/ubna_data_02_mir/recover-20221013/UBNA_001/20221012_030000.WAV,Telephone Field,recover-20221013,001,1795
446.4215,446.4584,68437,81532,Rhinolophus ferrumequinum,0.023,0.023,-1,Echolocation,/mnt/ubna_data_02_mir/recover-20221013/UBNA_001/20221012_030000.WAV,Telephone Field,recover-20221013,001,1795
446.4755,446.5141,68437,81950,Rhinolophus ferrumequinum,0.022,0.022,-1,Echolocation,/mnt/ubna_data_02_mir/recover-20221013/UBNA_001/20221012_030000.WAV,Telephone Field,recover-20221013,001,1795
446.5225,446.5606,68437,82103,Rhinolophus ferrumequinum,0.021,0.021,-1,Echolocation,/mnt/ubna_data_02_mir/recover-20221013/UBNA_001/20221012_030000.WAV,Telephone Field,recover-20221013,001,1795
446.5265,446.5346,28046,37743,Eptesicus serotinus,0.007,0.021,-1,Echolocation,/mnt/ubna_data_02_mir/recover-20221013/UBNA_001/20221012_030000.WAV,Telephone Field,recover-20221013,001,1795
446.5435,446.5827,68437,82265,Rhinolophus ferrumequinum,0.023,0.023,-1,Echolocation,/mnt/ubna_data_02_mir/recover-20221013/UBNA_001/20221012_030000.WAV,Telephone Field,recover-20221013,001,1795
446.5475,446.5564,28046,36884,Eptesicus serotinus,0.01,0.025,-1,Echolocation,/mnt/ubna_data_02_mir/recover-20221013/UBNA_001/20221012_030000.WAV,Telephone Field,recover-20221013,001,1795
446.5595,446.5677,28906,37573,Eptesicus serotinus,0.007,0.022,-1,Echolocation,/mnt/ubna_data_02_mir/recover-20221013/UBNA_001/20221012_030000.WAV,Telephone Field,recover-20221013,001,1795
446.5695,446.6039,68437,80944,Rhinolophus ferrumequinum,0.021,0.021,-1,Echolocation,/mnt/ubna_data_02_mir/recover-20221013/UBNA_001/20221012_030000.WAV,Telephone Field,recover-20221013,001,1795
446.6005,446.6397,68437,82639,Rhinolophus ferrumequinum,0.024,0.024,-1,Echolocation,/mnt/ubna_data_02_mir/recover-20221013/UBNA_001/20221012_030000.WAV,Telephone Field,recover-20221013,001,1795
446.6105,446.6491,68437,81358,Rhinolophus ferrumequinum,0.022,0.022,-1,Echolocation,/mnt/ubna_data_02_mir/recover-20221013/UBNA_001/20221012_030000.WAV,Telephone Field,recover-20221013,001,1795
446.6265,446.6657,68437,81666,Rhinolophus ferrumequinum,0.023,0.023,-1,Echolocation,/mnt/ubna_data_02_mir/recover-20221013/UBNA_001/20221012_030000.WAV,Telephone Field,recover-20221013,001,1795
446.6515,446.6633,37500,42800,Pipistrellus nathusii,0.02,0.036,-1,Echolocation,/mnt/ubna_data_02_mir/recover-20221013/UBNA_001/20221012_030000.WAV,Telephone Field,recover-20221013,001,1795
446.6515,446.6586,27187,38250,Eptesicus serotinus,0.006,0.021,-1,Echolocation,/mnt/ubna_data_02_mir/recover-20221013/UBNA_001/20221012_030000.WAV,Telephone Field,recover-20221013,001,1795
446.6565,446.6673,14296,20200,Nyctalus noctula,0.012,0.025,-1,Echolocation,/mnt/ubna_data_02_mir/recover-20221013/UBNA_001/20221012_030000.WAV,Telephone Field,recover-20221013,001,1795
446.6575,446.6751,18593,22474,Nyctalus noctula,0.013,0.024,-1,Echolocation,/mnt/ubna_data_02_mir/recover-20221013/UBNA_001/20221012_030000.WAV,Telephone Field,recover-20221013,001,1795
446.6615,446.7021,68437,82351,Rhinolophus ferrumequinum,0.028,0.028,-1,Echolocation,/mnt/ubna_data_02_mir/recover-20221013/UBNA_001/20221012_030000.WAV,Telephone Field,recover-20221013,001,1795
446.6735,446.6789,49531,55405,Pipistrellus pipistrellus,0.022,0.024,-1,Echolocation,/mnt/ubna_data_02_mir/recover-20221013/UBNA_001/20221012_030000.WAV,Telephone Field,recover-20221013,001,1795
446.6955,446.7037,28046,39036,Eptesicus serotinus,0.007,0.021,-1,Echolocation,/mnt/ubna_data_02_mir/recover-20221013/UBNA_001/20221012_030000.WAV,Telephone Field,recover-20221013,001,1795
446.7095,446.7508,68437,83052,Rhinolophus ferrumequinum,0.031,0.031,-1,Echolocation,/mnt/ubna_data_02_mir/recover-20221013/UBNA_001/20221012_030000.WAV,Telephone Field,recover-20221013,001,1795
446.7835,446.8209,68437,81862,Rhinolophus ferrumequinum,0.022,0.022,-1,Echolocation,/mnt/ubna_data_02_mir/recover-20221013/UBNA_001/20221012_030000.WAV,Telephone Field,recover-20221013,001,1795
446.8215,446.8614,68437,81658,Rhinolophus ferrumequinum,0.022,0.023,-1,Echolocation,/mnt/ubna_data_02_mir/recover-20221013/UBNA_001/20221012_030000.WAV,Telephone Field,recover-20221013,001,1795
446.8275,446.8342,28046,40204,Myotis daubentonii,0.006,0.026,-1,Echolocation,/mnt/ubna_data_02_mir/recover-20221013/UBNA_001/20221012_030000.WAV,Telephone Field,recover-20221013,001,1795
446.8345,446.8436,47812,51651,Pipistrellus pipistrellus,0.026,0.028,-1,Echolocation,/mnt/ubna_data_02_mir/recover-20221013/UBNA_001/20221012_030000.WAV,Telephone Field,recover-20221013,001,1795
446.8635,446.9044,68437,83259,Rhinolophus ferrumequinum,0.036,0.036,-1,Echolocation,/mnt/ubna_data_02_mir/recover-20221013/UBNA_001/20221012_030000.WAV,Telephone Field,recover-20221013,001,1795
446.8735,446.8835,24609,31564,Nyctalus leisleri,0.016,0.045,-1,Echolocation,/mnt/ubna_data_02_mir/recover-20221013/UBNA_001/20221012_030000.WAV,Telephone Field,recover-20221013,001,1795
446.8935,446.9345,68437,83039,Rhinolophus ferrumequinum,0.027,0.027,-1,Echolocation,/mnt/ubna_data_02_mir/recover-20221013/UBNA_001/20221012_030000.WAV,Telephone Field,recover-20221013,001,1795
446.9185,446.9577,68437,82052,Rhinolophus ferrumequinum,0.022,0.022,-1,Echolocation,/mnt/ubna_data_02_mir/recover-20221013/UBNA_001/20221012_030000.WAV,Telephone Field,recover-20221013,001,1795
446.9265,446.9621,68437,81867,Rhinolophus ferrumequinum,0.024,0.024,-1,Echolocation,/mnt/ubna_data_02_mir/recover-20221013/UBNA_001/20221012_030000.WAV,Telephone Field,recover-20221013,001,1795
446.9545,446.9643,22890,28941,Nyctalus leisleri,0.01,0.026,-1,Echolocation,/mnt/ubna_data_02_mir/recover-20221013/UBNA_001/20221012_030000.WAV,Telephone Field,recover-20221013,001,1795
446.9855,447.0262,68437,82450,Rhinolophus ferrumequinum,0.024,0.024,-1,Echolocation,/mnt/ubna_data_02_mir/recover-20221013/UBNA_001/20221012_030000.WAV,Telephone Field,recover-20221013,001,1795
447.0115,447.0518,68437,81971,Rhinolophus ferrumequinum,0.023,0.023,-1,Echolocation,/mnt/ubna_data_02_mir/recover-20221013/UBNA_001/20221012_030000.WAV,Telephone Field,recover-20221013,001,1795
447.0355,447.0426,50390,55104,Pipistrellus pipistrellus,0.035,0.038,-1,Echolocation,/mnt/ubna_data_02_mir/recover-20221013/UBNA_001/20221012_030000.WAV,Telephone Field,recover-20221013,001,1795
447.0405,447.0806,68437,83249,Rhinolophus ferrumequinum,0.023,0.023,-1,Echolocation,/mnt/ubna_data_02_mir/recover-20221013/UBNA_001/20221012_030000.WAV,Telephone Field,recover-20221013,001,1795
447.0615,447.1,68437,82216,Rhinolophus ferrumequinum,0.029,0.029,-1,Echolocation,/mnt/ubna_data_02_mir/recover-20221013/UBNA_001/20221012_030000.WAV,Telephone Field,recover-20221013,001,1795
447.0795,447.1214,68437,82352,Rhinolophus ferrumequinum,0.021,0.022,-1,Echolocation,/mnt/ubna_data_02_mir/recover-20221013/UBNA_001/20221012_030000.WAV,Telephone Field,recover-20221013,001,1795
447.1195,447.1285,26328,37408,Eptesicus serotinus,0.007,0.022,-1,Echolocation,/mnt/ubna_data_02_mir/recover-20221013/UBNA_001/20221012_030000.WAV,Telephone Field,recover-20221013,001,1795
447.1345,447.1742,68437,82883,Rhinolophus ferrumequinum,0.03,0.03,-1,Echolocation,/mnt/ubna_data_02_mir/recover-20221013/UBNA_001/20221012_030000.WAV,Telephone Field,recover-20221013,001,1795
447.1595,447.2004,68437,82384,Rhinolophus ferrumequinum,0.023,0.023,-1,Echolocation,/mnt/ubna_data_02_mir/recover-20221013/UBNA_001/20221012_030000.WAV,Telephone Field,recover-20221013,001,1795
447.1595,447.1698,22890,29124,Nyctalus leisleri,0.011,0.028,-1,Echolocation,/mnt/ubna_data_02_mir/recover-20221013/UBNA_001/20221012_030000.WAV,Telephone Field,recover-20221013,001,1795
447.1915,447.2303,68437,82114,Rhinolophus ferrumequinum,0.026,0.027,-1,Echolocation,/mnt/ubna_data_02_mir/recover-20221013/UBNA_001/20221012_030000.WAV,Telephone Field,recover-20221013,001,1795
447.2235,447.2328,28046,37849,Eptesicus serotinus,0.01,0.026,-1,Echolocation,/mnt/ubna_data_02_mir/recover-20221013/UBNA_001/20221012_030000.WAV,Telephone Field,recover-20221013,001,1795
447.2365,447.2528,25468,29960,Nyctalus leisleri,0.015,0.034,-1,Echolocation,/mnt/ubna_data_02_mir/recover-20221013/UBNA_001/20221012_030000.WAV,Telephone Field,recover-20221013,001,1795
447.2645,447.3031,68437,81132,Rhinolophus ferrumequinum,0.024,0.024,-1,Echolocation,/mnt/ubna_data_02_mir/recover-20221013/UBNA_001/20221012_030000.WAV,Telephone Field,recover-20221013,001,1795
447.2795,447.2856,25468,44234,Myotis nattereri,0.011,0.03,-1,Echolocation,/mnt/ubna_data_02_mir/recover-20221013/UBNA_001/20221012_030000.WAV,Telephone Field,recover-20221013,001,1795
447.2955,447.3341,68437,82233,Rhinolophus ferrumequinum,0.024,0.024,-1,Echolocation,/mnt/ubna_data_02_mir/recover-20221013/UBNA_001/20221012_030000.WAV,Telephone Field,recover-20221013,001,1795
447.3035,447.3109,28046,37890,Eptesicus serotinus,0.006,0.021,-1,Echolocation,/mnt/ubna_data_02_mir/recover-20221013/UBNA_001/20221012_030000.WAV,Telephone Field,recover-20221013,001,1795
447.3365,447.3467,22890,27901,Nyctalus leisleri,0.013,0.028,-1,Echolocation,/mnt/ubna_data_02_mir/recover-20221013/UBNA_001/20221012_030000.WAV,Telephone Field,recover-20221013,001,1795
447.3495,447.3603,23750,29306,Nyctalus leisleri,0.011,0.025,-1,Echolocation,/mnt/ubna_data_02_mir/recover-20221013/UBNA_001/20221012_030000.WAV,Telephone Field,recover-20221013,001,1795
447.3745,447.4127,68437,81728,Rhinolophus ferrumequinum,0.022,0.022,-1,Echolocation,/mnt/ubna_data_02_mir/recover-20221013/UBNA_001/20221012_030000.WAV,Telephone Field,recover-20221013,001,1795
447.3905,447.4258,68437,81967,Rhinolophus ferrumequinum,0.021,0.021,-1,Echolocation,/mnt/ubna_data_02_mir/recover-20221013/UBNA_001/20221012_030000.WAV,Telephone Field,recover-20221013,001,1795
447.4125,447.4206,28046,40230,Eptesicus serotinus,0.009,0.024,-1,Echolocation,/mnt/ubna_data_02_mir/recover-20221013/UBNA_001/20221012_030000.WAV,Telephone Field,recover-20221013,001,1795
447.4435,447.4547,23750,29499,Nyctalus leisleri,0.01,0.021,-1,Echolocation,/mnt/ubna_data_02_mir/recover-20221013/UBNA_001/20221012_030000.WAV,Telephone Field,recover-20221013,001,1795
447.4585,447.5008,68437,82894,Rhinolophus ferrumequinum,0.025,0.025,-1,Echolocation,/mnt/ubna_data_02_mir/recover-20221013/UBNA_001/20221012_030000.WAV,Telephone Field,recover-20221013,001,1795
447.4815,447.4909,28046,39886,Eptesicus serotinus,0.009,0.023,-1,Echolocation,/mnt/ubna_data_02_mir/recover-20221013/UBNA_001/20221012_030000.WAV,Telephone Field,recover-20221013,001,1795
447.5255,447.5318,38359,56995,Myotis brandtii,0.006,0.022,-1,Echolocation,/mnt/ubna_data_02_mir/recover-20221013/UBNA_001/20221012_030000.WAV,Telephone Field,recover-20221013,001,1795
447.5275,447.5349,27187,41256,Eptesicus serotinus,0.007,0.022,-1,Echolocation,/mnt/ubna_data_02_mir/recover-20221013/UBNA_001/20221012_030000.WAV,Telephone Field,recover-20221013,001,1795
447.5345,447.5452,22890,28008,Nyctalus leisleri,0.011,0.024,-1,Echolocation,/mnt/ubna_data_02_mir/recover-20221013/UBNA_001/20221012_030000.WAV,Telephone Field,recover-20221013,001,1795
447.5355,447.5721,68437,81427,Rhinolophus ferrumequinum,0.023,0.023,-1,Echolocation,/mnt/ubna_data_02_mir/recover-20221013/UBNA_001/20221012_030000.WAV,Telephone Field,recover-20221013,001,1795
447.5605,447.5699,24609,31662,Eptesicus serotinus,0.008,0.023,-1,Echolocation,/mnt/ubna_data_02_mir/recover-20221013/UBNA_001/20221012_030000.WAV,Telephone Field,recover-20221013,001,1795
447.5995,447.6385,68437,82198,Rhinolophus ferrumequinum,0.024,0.024,-1,Echolocation,/mnt/ubna_data_02_mir/recover-20221013/UBNA_001/20221012_030000.WAV,Telephone Field,recover-20221013,001,1795
447.6025,447.6116,25468,34294,Nyctalus leisleri,0.009,0.03,-1,Echolocation,/mnt/ubna_data_02_mir/recover-20221013/UBNA_001/20221012_030000.WAV,Telephone Field,recover-20221013,001,1795
447.6245,447.6319,28046,42419,Eptesicus serotinus,0.008,0.026,-1,Echolocation,/mnt/ubna_data_02_mir/recover-20221013/UBNA_001/20221012_030000.WAV,Telephone Field,recover-20221013,001,1795
447.6245,447.6652,68437,82508,Rhinolophus ferrumequinum,0.024,0.024,-1,Echolocation,/mnt/ubna_data_02_mir/recover-20221013/UBNA_001/20221012_030000.WAV,Telephone Field,recover-20221013,001,1795
447.6355,447.6723,68437,81763,Rhinolophus ferrumequinum,0.024,0.024,-1,Echolocation,/mnt/ubna_data_02_mir/recover-20221013/UBNA_001/20221012_030000.WAV,Telephone Field,recover-20221013,001,1795
447.6615,447.7009,68437,82333,Rhinolophus ferrumequinum,0.022,0.023,-1,Echolocation,/mnt/ubna_data_02_mir/recover-20221013/UBNA_001/20221012_030000.WAV,Telephone Field,recover-20221013,001,1795
447.6765,447.7155,68437,82270,Rhinolophus ferrumequinum,0.022,0.022,-1,Echolocation,/mnt/ubna_data_02_mir/recover-20221013/UBNA_001/20221012_030000.WAV,Telephone Field,recover-20221013,001,1795
447.6855,447.6944,28046,38701,Eptesicus serotinus,0.008,0.023,-1,Echolocation,/mnt/ubna_data_02_mir/recover-20221013/UBNA_001/20221012_030000.WAV,Telephone Field,recover-20221013,001,1795
447.6855,447.7246,68437,83289,Rhinolophus ferrumequinum,0.025,0.025,-1,Echolocation,/mnt/ubna_data_02_mir/recover-20221013/UBNA_001/20221012_030000.WAV,Telephone Field,recover-20221013,001,1795
447.6975,447.7056,27187,37506,Eptesicus serotinus,0.008,0.028,-1,Echolocation,/mnt/ubna_data_02_mir/recover-20221013/UBNA_001/20221012_030000.WAV,Telephone Field,recover-20221013,001,1795
447.6975,447.7414,68437,82771,Rhinolophus ferrumequinum,0.03,0.03,-1,Echolocation,/mnt/ubna_data_02_mir/recover-20221013/UBNA_001/20221012_030000.WAV,Telephone Field,recover-20221013,001,1795
447.7095,447.7162,47812,57330,Pipistrellus pipistrellus,0.019,0.023,-1,Echolocation,/mnt/ubna_data_02_mir/recover-20221013/UBNA_001/20221012_030000.WAV,Telephone Field,recover-20221013,001,1795
447.7435,447.7497,28046,40148,Eptesicus serotinus,0.006,0.027,-1,Echolocation,/mnt/ubna_data_02_mir/recover-20221013/UBNA_001/20221012_030000.WAV,Telephone Field,recover-20221013,001,1795
447.7475,447.785,68437,82703,Rhinolophus ferrumequinum,0.023,0.024,-1,Echolocation,/mnt/ubna_data_02_mir/recover-20221013/UBNA_001/20221012_030000.WAV,Telephone Field,recover-20221013,001,1795
447.7605,447.7979,68437,81638,Rhinolophus ferrumequinum,0.035,0.035,-1,Echolocation,/mnt/ubna_data_02_mir/recover-20221013/UBNA_001/20221012_030000.WAV,Telephone Field,recover-20221013,001,1795
447.7735,447.8121,68437,82324,Rhinolophus ferrumequinum,0.023,0.023,-1,Echolocation,/mnt/ubna_data_02_mir/recover-20221013/UBNA_001/20221012_030000.WAV,Telephone Field,recover-20221013,001,1795
447.7755,447.7851,24609,32497,Eptesicus serotinus,0.01,0.025,-1,Echolocation,/mnt/ubna_data_02_mir/recover-20221013/UBNA_001/20221012_030000.WAV,Telephone Field,recover-20221013,001,1795
447.7835,447.7915,27187,39275,Eptesicus serotinus,0.008,0.023,-1,Echolocation,/mnt/ubna_data_02_mir/recover-20221013/UBNA_001/20221012_030000.WAV,Telephone Field,recover-20221013,001,1795
447.8155,447.8554,68437,82573,Rhinolophus ferrumequinum,0.025,0.025,-1,Echolocation,/mnt/ubna_data_02_mir/recover-20221013/UBNA_001/20221012_030000.WAV,Telephone Field,recover-20221013,001,1795
447.8185,447.8265,28046,37379,Eptesicus serotinus,0.007,0.024,-1,Echolocation,/mnt/ubna_data_02_mir/recover-20221013/UBNA_001/20221012_030000.WAV,Telephone Field,recover-20221013,001,1795
447.8355,447.8744,68437,82508,Rhinolophus ferrumequinum,0.029,0.029,-1,Echolocation,/mnt/ubna_data_02_mir/recover-20221013/UBNA_001/20221012_030000.WAV,Telephone Field,recover-20221013,001,1795
447.8595,447.9019,68437,83260,Rhinolophus ferrumequinum,0.028,0.028,-1,Echolocation,/mnt/ubna_data_02_mir/recover-20221013/UBNA_001/20221012_030000.WAV,Telephone Field,recover-20221013,001,1795
447.8905,447.9024,24609,30682,Nyctalus leisleri,0.012,0.032,-1,Echolocation,/mnt/ubna_data_02_mir/recover-20221013/UBNA_001/20221012_030000.WAV,Telephone Field,recover-20221013,001,1795
447.9035,447.9407,68437,81758,Rhinolophus ferrumequinum,0.022,0.022,-1,Echolocation,/mnt/ubna_data_02_mir/recover-20221013/UBNA_001/20221012_030000.WAV,Telephone Field,recover-20221013,001,1795
447.9185,447.9566,68437,82134,Rhinolophus ferrumequinum,0.029,0.029,-1,Echolocation,/mnt/ubna_data_02_mir/recover-20221013/UBNA_001/20221012_030000.WAV,Telephone Field,recover-20221013,001,1795
447.9485,447.9887,68437,82706,Rhinolophus ferrumequinum,0.025,0.025,-1,Echolocation,/mnt/ubna_data_02_mir/recover-20221013/UBNA_001/20221012_030000.WAV,Telephone Field,recover-20221013,001,1795
448.0015,448.0342,68437,79499,Rhinolophus ferrumequinum,0.045,0.045,-1,Echolocation,/mnt/ubna_data_02_mir/recover-20221013/UBNA_001/20221012_030000.WAV,Telephone Field,recover-20221013,001,1795
448.0015,448.0104,47812,55460,Pipistrellus pipistrellus,0.022,0.029,-1,Echolocation,/mnt/ubna_data_02_mir/recover-20221013/UBNA_001/20221012_030000.WAV,Telephone Field,recover-20221013,001,1795
448.0015,448.0105,27187,37382,Eptesicus serotinus,0.01,0.028,-1,Echolocation,/mnt/ubna_data_02_mir/recover-20221013/UBNA_001/20221012_030000.WAV,Telephone Field,recover-20221013,001,1795
448.0085,448.0495,68437,81991,Rhinolophus ferrumequinum,0.022,0.022,-1,Echolocation,/mnt/ubna_data_02_mir/recover-20221013/UBNA_001/20221012_030000.WAV,Telephone Field,recover-20221013,001,1795
448.0425,448.0491,28046,37919,Eptesicus serotinus,0.011,0.031,-1,Echolocation,/mnt/ubna_data_02_mir/recover-20221013/UBNA_001/20221012_030000.WAV,Telephone Field,recover-20221013,001,1795
448.0495,448.085,68437,81121,Rhinolophus ferrumequinum,0.021,0.021,-1,Echolocation,/mnt/ubna_data_02_mir/recover-20221013/UBNA_001/20221012_030000.WAV,Telephone Field,recover-20221013,001,1795
448.0605,448.0994,68437,82450,Rhinolophus ferrumequinum,0.029,0.029,-1,Echolocation,/mnt/ubna_data_02_mir/recover-20221013/UBNA_001/20221012_030000.WAV,Telephone Field,recover-20221013,001,1795
448.0645,448.0734,27187,38263,Eptesicus serotinus,0.01,0.025,-1,Echolocation,/mnt/ubna_data_02_mir/recover-20221013/UBNA_001/20221012_030000.WAV,Telephone Field,recover-20221013,001,1795
448.0815,448.0931,23750,29025,Nyctalus leisleri,0.013,0.029,-1,Echolocation,/mnt/ubna_data_02_mir/recover-20221013/UBNA_001/20221012_030000.WAV,Telephone Field,recover-20221013,001,1795
448.1355,448.1454,28906,35673,Eptesicus serotinus,0.008,0.022,-1,Echolocation,/mnt/ubna_data_02_mir/recover-20221013/UBNA_001/20221012_030000.WAV,Telephone Field,recover-20221013,001,1795
448.1465,448.1542,48671,56288,Pipistrellus pipistrellus,0.019,0.021,-1,Echolocation,/mnt/ubna_data_02_mir/recover-20221013/UBNA_001/20221012_030000.WAV,Telephone Field,recover-20221013,001,1795
448.1515,448.1921,68437,82744,Rhinolophus ferrumequinum,0.022,0.022,-1,Echolocation,/mnt/ubna_data_02_mir/recover-20221013/UBNA_001/20221012_030000.WAV,Telephone Field,recover-20221013,001,1795
448.1625,448.2012,68437,81923,Rhinolophus ferrumequinum,0.024,0.024,-1,Echolocation,/mnt/ubna_data_02_mir/recover-20221013/UBNA_001/20221012_030000.WAV,Telephone Field,recover-20221013,001,1795
448.2085,448.2479,68437,82698,Rhinolophus ferrumequinum,0.021,0.021,-1,Echolocation,/mnt/ubna_data_02_mir/recover-20221013/UBNA_001/20221012_030000.WAV,Telephone Field,recover-20221013,001,1795
448.2135,448.2259,22031,26138,Nyctalus leisleri,0.012,0.023,-1,Echolocation,/mnt/ubna_data_02_mir/recover-20221013/UBNA_001/20221012_030000.WAV,Telephone Field,recover-20221013,001,1795
448.2135,448.2196,50390,54589,Pipistrellus pipistrellus,0.029,0.031,-1,Echolocation,/mnt/ubna_data_02_mir/recover-20221013/UBNA_001/20221012_030000.WAV,Telephone Field,recover-20221013,001,1795
448.2395,448.2489,24609,31322,Nyctalus leisleri,0.007,0.021,-1,Echolocation,/mnt/ubna_data_02_mir/recover-20221013/UBNA_001/20221012_030000.WAV,Telephone Field,recover-20221013,001,1795
448.2555,448.2943,68437,82782,Rhinolophus ferrumequinum,0.023,0.023,-1,Echolocation,/mnt/ubna_data_02_mir/recover-20221013/UBNA_001/20221012_030000.WAV,Telephone Field,recover-20221013,001,1795
448.2655,448.3039,68437,82088,Rhinolophus ferrumequinum,0.024,0.025,-1,Echolocation,/mnt/ubna_data_02_mir/recover-20221013/UBNA_001/20221012_030000.WAV,Telephone Field,recover-20221013,001,1795
448.29449999999997,448.3311,68437,82347,Rhinolophus ferrumequinum,0.022,0.022,-1,Echolocation,/mnt/ubna_data_02_mir/recover-20221013/UBNA_001/20221012_030000.WAV,Telephone Field,recover-20221013,001,1795
448.3085,448.3471,68437,82058,Rhinolophus ferrumequinum,0.021,0.021,-1,Echolocation,/mnt/ubna_data_02_mir/recover-20221013/UBNA_001/20221012_030000.WAV,Telephone Field,recover-20221013,001,1795
448.3365,448.3439,27187,36618,Eptesicus serotinus,0.009,0.03,-1,Echolocation,/mnt/ubna_data_02_mir/recover-20221013/UBNA_001/20221012_030000.WAV,Telephone Field,recover-20221013,001,1795
448.3415,448.3787,68437,81589,Rhinolophus ferrumequinum,0.028,0.028,-1,Echolocation,/mnt/ubna_data_02_mir/recover-20221013/UBNA_001/20221012_030000.WAV,Telephone Field,recover-20221013,001,1795
448.3515,448.3616,34921,40741,Myotis daubentonii,0.005,0.021,-1,Echolocation,/mnt/ubna_data_02_mir/recover-20221013/UBNA_001/20221012_030000.WAV,Telephone Field,recover-20221013,001,1795
448.3695,448.378,45234,48717,Pipistrellus pipistrellus,0.04,0.041,-1,Echolocation,/mnt/ubna_data_02_mir/recover-20221013/UBNA_001/20221012_030000.WAV,Telephone Field,recover-20221013,001,1795
448.3835,448.4211,68437,81755,Rhinolophus ferrumequinum,0.021,0.021,-1,Echolocation,/mnt/ubna_data_02_mir/recover-20221013/UBNA_001/20221012_030000.WAV,Telephone Field,recover-20221013,001,1795
448.4095,448.4465,68437,82074,Rhinolophus ferrumequinum,0.024,0.024,-1,Echolocation,/mnt/ubna_data_02_mir/recover-20221013/UBNA_001/20221012_030000.WAV,Telephone Field,recover-20221013,001,1795
448.4385,448.4797,68437,82595,Rhinolophus ferrumequinum,0.025,0.025,-1,Echolocation,/mnt/ubna_data_02_mir/recover-20221013/UBNA_001/20221012_030000.WAV,Telephone Field,recover-20221013,001,1795
448.4565,448.4943,68437,81801,Rhinolophus ferrumequinum,0.022,0.022,-1,Echolocation,/mnt/ubna_data_02_mir/recover-20221013/UBNA_001/20221012_030000.WAV,Telephone Field,recover-20221013,001,1795
448.4635,448.471,28046,39615,Eptesicus serotinus,0.007,0.026,-1,Echolocation,/mnt/ubna_data_02_mir/recover-20221013/UBNA_001/20221012_030000.WAV,Telephone Field,recover-20221013,001,1795
448.4855,448.4954,28906,36318,Eptesicus serotinus,0.008,0.021,-1,Echolocation,/mnt/ubna_data_02_mir/recover-20221013/UBNA_001/20221012_030000.WAV,Telephone Field,recover-20221013,001,1795
448.4895,448.52909999999997,68437,82813,Rhinolophus ferrumequinum,0.021,0.021,-1,Echolocation,/mnt/ubna_data_02_mir/recover-20221013/UBNA_001/20221012_030000.WAV,Telephone Field,recover-20221013,001,1795
448.5055,448.544,68437,81727,Rhinolophus ferrumequinum,0.022,0.022,-1,Echolocation,/mnt/ubna_data_02_mir/recover-20221013/UBNA_001/20221012_030000.WAV,Telephone Field,recover-20221013,001,1795
448.52049999999997,448.531,22890,27583,Nyctalus leisleri,0.012,0.022,-1,Echolocation,/mnt/ubna_data_02_mir/recover-20221013/UBNA_001/20221012_030000.WAV,Telephone Field,recover-20221013,001,1795
448.54449999999997,448.5865,68437,82910,Rhinolophus ferrumequinum,0.026,0.026,-1,Echolocation,/mnt/ubna_data_02_mir/recover-20221013/UBNA_001/20221012_030000.WAV,Telephone Field,recover-20221013,001,1795
448.5965,448.6044,28906,39858,Eptesicus serotinus,0.007,0.023,-1,Echolocation,/mnt/ubna_data_02_mir/recover-20221013/UBNA_001/20221012_030000.WAV,Telephone Field,recover-20221013,001,1795
448.6125,448.6509,68437,82682,Rhinolophus ferrumequinum,0.023,0.023,-1,Echolocation,/mnt/ubna_data_02_mir/recover-20221013/UBNA_001/20221012_030000.WAV,Telephone Field,recover-20221013,001,1795
448.6405,448.6789,68437,82282,Rhinolophus ferrumequinum,0.023,0.023,-1,Echolocation,/mnt/ubna_data_02_mir/recover-20221013/UBNA_001/20221012_030000.WAV,Telephone Field,recover-20221013,001,1795
448.6435,448.6543,23750,30038,Nyctalus leisleri,0.009,0.022,-1,Echolocation,/mnt/ubna_data_02_mir/recover-20221013/UBNA_001/20221012_030000.WAV,Telephone Field,recover-20221013,001,1795
448.6635,448.671,28906,38635,Eptesicus serotinus,0.007,0.023,-1,Echolocation,/mnt/ubna_data_02_mir/recover-20221013/UBNA_001/20221012_030000.WAV,Telephone Field,recover-20221013,001,1795
448.6755,448.716,68437,82912,Rhinolophus ferrumequinum,0.025,0.025,-1,Echolocation,/mnt/ubna_data_02_mir/recover-20221013/UBNA_001/20221012_030000.WAV,Telephone Field,recover-20221013,001,1795
448.7025,448.7087,49531,53299,Pipistrellus pipistrellus,0.025,0.026,-1,Echolocation,/mnt/ubna_data_02_mir/recover-20221013/UBNA_001/20221012_030000.WAV,Telephone Field,recover-20221013,001,1795
448.7095,448.74739999999997,68437,82097,Rhinolophus ferrumequinum,0.021,0.021,-1,Echolocation,/mnt/ubna_data_02_mir/recover-20221013/UBNA_001/20221012_030000.WAV,Telephone Field,recover-20221013,001,1795
448.7185,448.7253,27187,37334,Eptesicus serotinus,0.006,0.025,-1,Echolocation,/mnt/ubna_data_02_mir/recover-20221013/UBNA_001/20221012_030000.WAV,Telephone Field,recover-20221013,001,1795
448.7905,448.7986,27187,38437,Eptesicus serotinus,0.008,0.021,-1,Echolocation,/mnt/ubna_data_02_mir/recover-20221013/UBNA_001/20221012_030000.WAV,Telephone Field,recover-20221013,001,1795
448.8055,448.8425,68437,82012,Rhinolophus ferrumequinum,0.023,0.023,-1,Echolocation,/mnt/ubna_data_02_mir/recover-20221013/UBNA_001/20221012_030000.WAV,Telephone Field,recover-20221013,001,1795
448.8295,448.8674,68437,82329,Rhinolophus ferrumequinum,0.023,0.023,-1,Echolocation,/mnt/ubna_data_02_mir/recover-20221013/UBNA_001/20221012_030000.WAV,Telephone Field,recover-20221013,001,1795
448.8585,448.8958,68437,81799,Rhinolophus ferrumequinum,0.024,0.024,-1,Echolocation,/mnt/ubna_data_02_mir/recover-20221013/UBNA_001/20221012_030000.WAV,Telephone Field,recover-20221013,001,1795
448.8855,448.8936,28046,37065,Eptesicus serotinus,0.009,0.024,-1,Echolocation,/mnt/ubna_data_02_mir/recover-20221013/UBNA_001/20221012_030000.WAV,Telephone Field,recover-20221013,001,1795
448.9075,448.9482,68437,82660,Rhinolophus ferrumequinum,0.023,0.023,-1,Echolocation,/mnt/ubna_data_02_mir/recover-20221013/UBNA_001/20221012_030000.WAV,Telephone Field,recover-20221013,001,1795
448.9665,448.9754,30625,39601,Myotis daubentonii,0.008,0.025,-1,Echolocation,/mnt/ubna_data_02_mir/recover-20221013/UBNA_001/20221012_030000.WAV,Telephone Field,recover-20221013,001,1795
448.9725,449.0065,68437,80082,Rhinolophus ferrumequinum,0.031,0.031,-1,Echolocation,/mnt/ubna_data_02_mir/recover-20221013/UBNA_001/20221012_030000.WAV,Telephone Field,recover-20221013,001,1795
448.9845,449.0254,68437,82206,Rhinolophus ferrumequinum,0.024,0.024,-1,Echolocation,/mnt/ubna_data_02_mir/recover-20221013/UBNA_001/20221012_030000.WAV,Telephone Field,recover-20221013,001,1795
448.9995,449.039,68437,82154,Rhinolophus ferrumequinum,0.022,0.022,-1,Echolocation,/mnt/ubna_data_02_mir/recover-20221013/UBNA_001/20221012_030000.WAV,Telephone Field,recover-20221013,001,1795
449.0275,449.0657,68437,82046,Rhinolophus ferrumequinum,0.021,0.021,-1,Echolocation,/mnt/ubna_data_02_mir/recover-20221013/UBNA_001/20221012_030000.WAV,Telephone Field,recover-20221013,001,1795
449.0285,449.0399,25468,31019,Nyctalus leisleri,0.014,0.032,-1,Echolocation,/mnt/ubna_data_02_mir/recover-20221013/UBNA_001/20221012_030000.WAV,Telephone Field,recover-20221013,001,1795
449.0385,449.0788,68437,82047,Rhinolophus ferrumequinum,0.024,0.024,-1,Echolocation,/mnt/ubna_data_02_mir/recover-20221013/UBNA_001/20221012_030000.WAV,Telephone Field,recover-20221013,001,1795
449.0605,449.1,68437,82330,Rhinolophus ferrumequinum,0.021,0.021,-1,Echolocation,/mnt/ubna_data_02_mir/recover-20221013/UBNA_001/20221012_030000.WAV,Telephone Field,recover-20221013,001,1795
449.1085,449.1482,68437,82348,Rhinolophus ferrumequinum,0.022,0.022,-1,Echolocation,/mnt/ubna_data_02_mir/recover-20221013/UBNA_001/20221012_030000.WAV,Telephone Field,recover-20221013,001,1795
449.1295,449.1397,23750,29747,Nyctalus leisleri,0.009,0.023,-1,Echolocation,/mnt/ubna_data_02_mir/recover-20221013/UBNA_001/20221012_030000.WAV,Telephone Field,recover-20221013,001,1795
449.14549999999997,449.1589,57265,62565,Pipistrellus pygmaeus,0.027,0.027,-1,Echolocation,/mnt/ubna_data_02_mir/recover-20221013/UBNA_001/20221012_030000.WAV,Telephone Field,recover-20221013,001,1795
449.1655,449.2065,68437,82464,Rhinolophus ferrumequinum,0.028,0.028,-1,Echolocation,/mnt/ubna_data_02_mir/recover-20221013/UBNA_001/20221012_030000.WAV,Telephone Field,recover-20221013,001,1795
449.1665,449.1774,23750,28372,Nyctalus leisleri,0.01,0.022,-1,Echolocation,/mnt/ubna_data_02_mir/recover-20221013/UBNA_001/20221012_030000.WAV,Telephone Field,recover-20221013,001,1795
449.1795,449.1866,28046,39286,Eptesicus serotinus,0.006,0.023,-1,Echolocation,/mnt/ubna_data_02_mir/recover-20221013/UBNA_001/20221012_030000.WAV,Telephone Field,recover-20221013,001,1795
449.1915,449.2272,68437,81464,Rhinolophus ferrumequinum,0.022,0.022,-1,Echolocation,/mnt/ubna_data_02_mir/recover-20221013/UBNA_001/20221012_030000.WAV,Telephone Field,recover-20221013,001,1795
449.2275,449.2352,27187,39617,Eptesicus serotinus,0.007,0.021,-1,Echolocation,/mnt/ubna_data_02_mir/recover-20221013/UBNA_001/20221012_030000.WAV,Telephone Field,recover-20221013,001,1795
449.2425,449.2535,22031,26032,Nyctalus leisleri,0.012,0.021,-1,Echolocation,/mnt/ubna_data_02_mir/recover-20221013/UBNA_001/20221012_030000.WAV,Telephone Field,recover-20221013,001,1795
449.2615,449.2731,23750,28849,Nyctalus leisleri,0.014,0.029,-1,Echolocation,/mnt/ubna_data_02_mir/recover-20221013/UBNA_001/20221012_030000.WAV,Telephone Field,recover-20221013,001,1795
449.3335,449.37760000000003,68437,83622,Rhinolophus ferrumequinum,0.03,0.03,-1,Echolocation,/mnt/ubna_data_02_mir/recover-20221013/UBNA_001/20221012_030000.WAV,Telephone Field,recover-20221013,001,1795
449.3745,449.3866,22890,26880,Nyctalus leisleri,0.014,0.024,-1,Echolocation,/mnt/ubna_data_02_mir/recover-20221013/UBNA_001/20221012_030000.WAV,Telephone Field,recover-20221013,001,1795
449.3905,449.4256,68437,81647,Rhinolophus ferrumequinum,0.022,0.023,-1,Echolocation,/mnt/ubna_data_02_mir/recover-20221013/UBNA_001/20221012_030000.WAV,Telephone Field,recover-20221013,001,1795
449.4315,449.4399,28906,36821,Eptesicus serotinus,0.008,0.024,-1,Echolocation,/mnt/ubna_data_02_mir/recover-20221013/UBNA_001/20221012_030000.WAV,Telephone Field,recover-20221013,001,1795
449.4705,449.4787,28046,39415,Eptesicus serotinus,0.007,0.022,-1,Echolocation,/mnt/ubna_data_02_mir/recover-20221013/UBNA_001/20221012_030000.WAV,Telephone Field,recover-20221013,001,1795
449.4835,449.5226,68437,82446,Rhinolophus ferrumequinum,0.024,0.024,-1,Echolocation,/mnt/ubna_data_02_mir/recover-20221013/UBNA_001/20221012_030000.WAV,Telephone Field,recover-20221013,001,1795
449.4875,449.49490000000003,26328,37534,Eptesicus serotinus,0.006,0.025,-1,Echolocation,/mnt/ubna_data_02_mir/recover-20221013/UBNA_001/20221012_030000.WAV,Telephone Field,recover-20221013,001,1795
449.5125,449.5484,68437,81193,Rhinolophus ferrumequinum,0.021,0.021,-1,Echolocation,/mnt/ubna_data_02_mir/recover-20221013/UBNA_001/20221012_030000.WAV,Telephone Field,recover-20221013,001,1795
449.5175,449.525,28046,38402,Eptesicus serotinus,0.007,0.021,-1,Echolocation,/mnt/ubna_data_02_mir/recover-20221013/UBNA_001/20221012_030000.WAV,Telephone Field,recover-20221013,001,1795
449.5385,449.5486,22890,29217,Nyctalus leisleri,0.008,0.021,-1,Echolocation,/mnt/ubna_data_02_mir/recover-20221013/UBNA_001/20221012_030000.WAV,Telephone Field,recover-20221013,001,1795
449.5515,449.5927,68437,82107,Rhinolophus ferrumequinum,0.022,0.022,-1,Echolocation,/mnt/ubna_data_02_mir/recover-20221013/UBNA_001/20221012_030000.WAV,Telephone Field,recover-20221013,001,1795
449.5775,449.6196,68437,82764,Rhinolophus ferrumequinum,0.027,0.027,-1,Echolocation,/mnt/ubna_data_02_mir/recover-20221013/UBNA_001/20221012_030000.WAV,Telephone Field,recover-20221013,001,1795
449.5995,449.6386,68437,82972,Rhinolophus ferrumequinum,0.029,0.029,-1,Echolocation,/mnt/ubna_data_02_mir/recover-20221013/UBNA_001/20221012_030000.WAV,Telephone Field,recover-20221013,001,1795
449.6385,449.648,28906,36478,Eptesicus serotinus,0.014,0.028,-1,Echolocation,/mnt/ubna_data_02_mir/recover-20221013/UBNA_001/20221012_030000.WAV,Telephone Field,recover-20221013,001,1795
449.6425,449.6799,68437,82056,Rhinolophus ferrumequinum,0.021,0.021,-1,Echolocation,/mnt/ubna_data_02_mir/recover-20221013/UBNA_001/20221012_030000.WAV,Telephone Field,recover-20221013,001,1795
449.6725,449.7185,68437,83402,Rhinolophus ferrumequinum,0.054,0.054,-1,Echolocation,/mnt/ubna_data_02_mir/recover-20221013/UBNA_001/20221012_030000.WAV,Telephone Field,recover-20221013,001,1795
449.6965,449.7353,68437,82100,Rhinolophus ferrumequinum,0.025,0.025,-1,Echolocation,/mnt/ubna_data_02_mir/recover-20221013/UBNA_001/20221012_030000.WAV,Telephone Field,recover-20221013,001,1795
449.7035,449.7133,22890,29484,Nyctalus leisleri,0.008,0.024,-1,Echolocation,/mnt/ubna_data_02_mir/recover-20221013/UBNA_001/20221012_030000.WAV,Telephone Field,recover-20221013,001,1795
449.7235,449.7347,38359,44021,Pipistrellus nathusii,0.008,0.022,-1,Echolocation,/mnt/ubna_data_02_mir/recover-20221013/UBNA_001/20221012_030000.WAV,Telephone Field,recover-20221013,001,1795
449.79449999999997,449.8309,68437,81890,Rhinolophus ferrumequinum,0.022,0.022,-1,Echolocation,/mnt/ubna_data_02_mir/recover-20221013/UBNA_001/20221012_030000.WAV,Telephone Field,recover-20221013,001,1795
449.8215,449.8615,68437,82809,Rhinolophus ferrumequinum,0.021,0.021,-1,Echolocation,/mnt/ubna_data_02_mir/recover-20221013/UBNA_001/20221012_030000.WAV,Telephone Field,recover-20221013,001,1795
449.8265,449.8649,68437,82301,Rhinolophus ferrumequinum,0.021,0.021,-1,Echolocation,/mnt/ubna_data_02_mir/recover-20221013/UBNA_001/20221012_030000.WAV,Telephone Field,recover-20221013,001,1795
449.8445,449.8802,68437,80579,Rhinolophus ferrumequinum,0.025,0.025,-1,Echolocation,/mnt/ubna_data_02_mir/recover-20221013/UBNA_001/20221012_030000.WAV,Telephone Field,recover-20221013,001,1795
449.8595,449.8674,26328,34559,Eptesicus serotinus,0.008,0.023,-1,Echolocation,/mnt/ubna_data_02_mir/recover-20221013/UBNA_001/20221012_030000.WAV,Telephone Field,recover-20221013,001,1795
449.8845,449.8945,25468,33107,Eptesicus serotinus,0.011,0.023,-1,Echolocation,/mnt/ubna_data_02_mir/recover-20221013/UBNA_001/20221012_030000.WAV,Telephone Field,recover-20221013,001,1795
449.9015,449.9418,68437,82259,Rhinolophus ferrumequinum,0.023,0.023,-1,Echolocation,/mnt/ubna_data_02_mir/recover-20221013/UBNA_001/20221012_030000.WAV,Telephone Field,recover-20221013,001,1795
449.9045,449.9124,27187,37524,Eptesicus serotinus,0.006,0.021,-1,Echolocation,/mnt/ubna_data_02_mir/recover-20221013/UBNA_001/20221012_030000.WAV,Telephone Field,recover-20221013,001,1795
449.9285,449.9705,68437,82692,Rhinolophus ferrumequinum,0.027,0.027,-1,Echolocation,/mnt/ubna_data_02_mir/recover-20221013/UBNA_001/20221012_030000.WAV,Telephone Field,recover-20221013,001,1795
449.9775,449.9932,16875,22295,Nyctalus noctula,0.015,0.021,-1,Echolocation,/mnt/ubna_data_02_mir/recover-20221013/UBNA_001/20221012_030000.WAV,Telephone Field,recover-20221013,001,1795
449.9845,449.9934,28046,38121,Eptesicus serotinus,0.007,0.021,-1,Echolocation,/mnt/ubna_data_02_mir/recover-20221013/UBNA_001/20221012_030000.WAV,Telephone Field,recover-20221013,001,1795
450.0015,450.0115,28046,35580,Eptesicus serotinus,0.019,0.047,-1,Echolocation,/mnt/ubna_data_02_mir/recover-20221013/UBNA_001/20221012_030000.WAV,Telephone Field,recover-20221013,001,1795
450.0015,450.01,37500,43431,Pipistrellus nathusii,0.012,0.026,-1,Echolocation,/mnt/ubna_data_02_mir/recover-20221013/UBNA_001/20221012_030000.WAV,Telephone Field,recover-20221013,001,1795
450.0015,450.0323,69296,81245,Rhinolophus ferrumequinum,0.021,0.021,-1,Echolocation,/mnt/ubna_data_02_mir/recover-20221013/UBNA_001/20221012_030000.WAV,Telephone Field,recover-20221013,001,1795
450.0085,450.0206,28046,34198,Eptesicus serotinus,0.019,0.036,-1,Echolocation,/mnt/ubna_data_02_mir/recover-20221013/UBNA_001/20221012_030000.WAV,Telephone Field,recover-20221013,001,1795
450.0445,450.0572,26328,32157,Eptesicus serotinus,0.01,0.026,-1,Echolocation,/mnt/ubna_data_02_mir/recover-20221013/UBNA_001/20221012_030000.WAV,Telephone Field,recover-20221013,001,1795
450.0665,450.0759,28906,37047,Eptesicus serotinus,0.013,0.027,-1,Echolocation,/mnt/ubna_data_02_mir/recover-20221013/UBNA_001/20221012_030000.WAV,Telephone Field,recover-20221013,001,1795
450.1175,450.1297,22890,27167,Nyctalus leisleri,0.013,0.023,-1,Echolocation,/mnt/ubna_data_02_mir/recover-20221013/UBNA_001/20221012_030000.WAV,Telephone Field,recover-20221013,001,1795
450.1245,450.1608,68437,81892,Rhinolophus ferrumequinum,0.023,0.023,-1,Echolocation,/mnt/ubna_data_02_mir/recover-20221013/UBNA_001/20221012_030000.WAV,Telephone Field,recover-20221013,001,1795
450.1485,450.1901,68437,83127,Rhinolophus ferrumequinum,0.032,0.032,-1,Echolocation,/mnt/ubna_data_02_mir/recover-20221013/UBNA_001/20221012_030000.WAV,Telephone Field,recover-20221013,001,1795
450.1585,450.1739,21171,24474,Nyctalus leisleri,0.013,0.022,-1,Echolocation,/mnt/ubna_data_02_mir/recover-20221013/UBNA_001/20221012_030000.WAV,Telephone Field,recover-20221013,001,1795
450.1685,450.2094,68437,82179,Rhinolophus ferrumequinum,0.021,0.021,-1,Echolocation,/mnt/ubna_data_02_mir/recover-20221013/UBNA_001/20221012_030000.WAV,Telephone Field,recover-20221013,001,1795
450.1895,450.2004,23750,29557,Nyctalus leisleri,0.009,0.022,-1,Echolocation,/mnt/ubna_data_02_mir/recover-20221013/UBNA_001/20221012_030000.WAV,Telephone Field,recover-20221013,001,1795
450.2135,450.2537,68437,82732,Rhinolophus ferrumequinum,0.029,0.029,-1,Echolocation,/mnt/ubna_data_02_mir/recover-20221013/UBNA_001/20221012_030000.WAV,Telephone Field,recover-20221013,001,1795
450.2345,450.2419,28046,40872,Eptesicus serotinus,0.009,0.028,-1,Echolocation,/mnt/ubna_data_02_mir/recover-20221013/UBNA_001/20221012_030000.WAV,Telephone Field,recover-20221013,001,1795
450.2465,450.2878,68437,82424,Rhinolophus ferrumequinum,0.021,0.021,-1,Echolocation,/mnt/ubna_data_02_mir/recover-20221013/UBNA_001/20221012_030000.WAV,Telephone Field,recover-20221013,001,1795
450.2815,450.2909,28906,40841,Eptesicus serotinus,0.008,0.021,-1,Echolocation,/mnt/ubna_data_02_mir/recover-20221013/UBNA_001/20221012_030000.WAV,Telephone Field,recover-20221013,001,1795
450.2855,450.3258,68437,82611,Rhinolophus ferrumequinum,0.021,0.021,-1,Echolocation,/mnt/ubna_data_02_mir/recover-20221013/UBNA_001/20221012_030000.WAV,Telephone Field,recover-20221013,001,1795
450.3365,450.3561,20312,23136,Nyctalus leisleri,0.014,0.025,-1,Echolocation,/mnt/ubna_data_02_mir/recover-20221013/UBNA_001/20221012_030000.WAV,Telephone Field,recover-20221013,001,1795
450.3505,450.3902,68437,82737,Rhinolophus ferrumequinum,0.021,0.021,-1,Echolocation,/mnt/ubna_data_02_mir/recover-20221013/UBNA_001/20221012_030000.WAV,Telephone Field,recover-20221013,001,1795
450.3675,450.3756,28906,40891,Eptesicus serotinus,0.008,0.024,-1,Echolocation,/mnt/ubna_data_02_mir/recover-20221013/UBNA_001/20221012_030000.WAV,Telephone Field,recover-20221013,001,1795
450.3865,450.3936,26328,37675,Eptesicus serotinus,0.006,0.023,-1,Echolocation,/mnt/ubna_data_02_mir/recover-20221013/UBNA_001/20221012_030000.WAV,Telephone Field,recover-20221013,001,1795
450.4125,450.4489,68437,81358,Rhinolophus ferrumequinum,0.021,0.021,-1,Echolocation,/mnt/ubna_data_02_mir/recover-20221013/UBNA_001/20221012_030000.WAV,Telephone Field,recover-20221013,001,1795
450.4245,450.4302,34062,44845,Myotis daubentonii,0.009,0.021,-1,Echolocation,/mnt/ubna_data_02_mir/recover-20221013/UBNA_001/20221012_030000.WAV,Telephone Field,recover-20221013,001,1795
450.4265,450.4338,28046,42515,Eptesicus serotinus,0.007,0.024,-1,Echolocation,/mnt/ubna_data_02_mir/recover-20221013/UBNA_001/20221012_030000.WAV,Telephone Field,recover-20221013,001,1795
450.4415,450.4786,68437,81895,Rhinolophus ferrumequinum,0.021,0.021,-1,Echolocation,/mnt/ubna_data_02_mir/recover-20221013/UBNA_001/20221012_030000.WAV,Telephone Field,recover-20221013,001,1795
450.4505,450.459,28046,36855,Eptesicus serotinus,0.008,0.022,-1,Echolocation,/mnt/ubna_data_02_mir/recover-20221013/UBNA_001/20221012_030000.WAV,Telephone Field,recover-20221013,001,1795
450.4795,450.4893,28906,36974,Eptesicus serotinus,0.008,0.021,-1,Echolocation,/mnt/ubna_data_02_mir/recover-20221013/UBNA_001/20221012_030000.WAV,Telephone Field,recover-20221013,001,1795
450.5155,450.5563,68437,83166,Rhinolophus ferrumequinum,0.024,0.024,-1,Echolocation,/mnt/ubna_data_02_mir/recover-20221013/UBNA_001/20221012_030000.WAV,Telephone Field,recover-20221013,001,1795
450.5275,450.5352,23750,31474,Plecotus austriacus,0.011,0.024,-1,Echolocation,/mnt/ubna_data_02_mir/recover-20221013/UBNA_001/20221012_030000.WAV,Telephone Field,recover-20221013,001,1795
450.5395,450.5805,68437,82163,Rhinolophus ferrumequinum,0.026,0.026,-1,Echolocation,/mnt/ubna_data_02_mir/recover-20221013/UBNA_001/20221012_030000.WAV,Telephone Field,recover-20221013,001,1795
450.5475,450.5587,23750,29580,Nyctalus leisleri,0.019,0.042,-1,Echolocation,/mnt/ubna_data_02_mir/recover-20221013/UBNA_001/20221012_030000.WAV,Telephone Field,recover-20221013,001,1795
450.5785,450.6186,68437,82389,Rhinolophus ferrumequinum,0.022,0.022,-1,Echolocation,/mnt/ubna_data_02_mir/recover-20221013/UBNA_001/20221012_030000.WAV,Telephone Field,recover-20221013,001,1795
450.5865,450.5968,23750,29455,Nyctalus leisleri,0.009,0.021,-1,Echolocation,/mnt/ubna_data_02_mir/recover-20221013/UBNA_001/20221012_030000.WAV,Telephone Field,recover-20221013,001,1795
450.6285,450.639,23750,30168,Nyctalus leisleri,0.012,0.027,-1,Echolocation,/mnt/ubna_data_02_mir/recover-20221013/UBNA_001/20221012_030000.WAV,Telephone Field,recover-20221013,001,1795
450.6345,450.6735,68437,82315,Rhinolophus ferrumequinum,0.026,0.026,-1,Echolocation,/mnt/ubna_data_02_mir/recover-20221013/UBNA_001/20221012_030000.WAV,Telephone Field,recover-20221013,001,1795
450.6495,450.6626,14296,17515,Nyctalus noctula,0.012,0.026,-1,Echolocation,/mnt/ubna_data_02_mir/recover-20221013/UBNA_001/20221012_030000.WAV,Telephone Field,recover-20221013,001,1795
450.6525,450.6934,68437,82286,Rhinolophus ferrumequinum,0.021,0.021,-1,Echolocation,/mnt/ubna_data_02_mir/recover-20221013/UBNA_001/20221012_030000.WAV,Telephone Field,recover-20221013,001,1795
450.6705,450.6775,28046,38187,Eptesicus serotinus,0.006,0.021,-1,Echolocation,/mnt/ubna_data_02_mir/recover-20221013/UBNA_001/20221012_030000.WAV,Telephone Field,recover-20221013,001,1795
450.6945,450.7337,68437,81622,Rhinolophus ferrumequinum,0.024,0.024,-1,Echolocation,/mnt/ubna_data_02_mir/recover-20221013/UBNA_001/20221012_030000.WAV,Telephone Field,recover-20221013,001,1795
450.7055,450.7119,46093,50164,Pipistrellus pipistrellus,0.022,0.022,-1,Echolocation,/mnt/ubna_data_02_mir/recover-20221013/UBNA_001/20221012_030000.WAV,Telephone Field,recover-20221013,001,1795
450.7125,450.7318,19453,23097,Nyctalus noctula,0.018,0.032,-1,Echolocation,/mnt/ubna_data_02_mir/recover-20221013/UBNA_001/20221012_030000.WAV,Telephone Field,recover-20221013,001,1795
450.7145,450.7235,28046,39562,Eptesicus serotinus,0.008,0.022,-1,Echolocation,/mnt/ubna_data_02_mir/recover-20221013/UBNA_001/20221012_030000.WAV,Telephone Field,recover-20221013,001,1795
450.7345,450.7439,22890,29761,Plecotus austriacus,0.01,0.029,-1,Echolocation,/mnt/ubna_data_02_mir/recover-20221013/UBNA_001/20221012_030000.WAV,Telephone Field,recover-20221013,001,1795
450.7445,450.7835,68437,82498,Rhinolophus ferrumequinum,0.021,0.021,-1,Echolocation,/mnt/ubna_data_02_mir/recover-20221013/UBNA_001/20221012_030000.WAV,Telephone Field,recover-20221013,001,1795
450.7495,450.79,68437,81752,Rhinolophus ferrumequinum,0.021,0.021,-1,Echolocation,/mnt/ubna_data_02_mir/recover-20221013/UBNA_001/20221012_030000.WAV,Telephone Field,recover-20221013,001,1795
450.7555,450.7633,27187,40554,Eptesicus serotinus,0.008,0.024,-1,Echolocation,/mnt/ubna_data_02_mir/recover-20221013/UBNA_001/20221012_030000.WAV,Telephone Field,recover-20221013,001,1795
450.7805,450.7884,28046,38539,Eptesicus serotinus,0.008,0.024,-1,Echolocation,/mnt/ubna_data_02_mir/recover-20221013/UBNA_001/20221012_030000.WAV,Telephone Field,recover-20221013,001,1795
450.8025,450.8437,68437,82770,Rhinolophus ferrumequinum,0.023,0.023,-1,Echolocation,/mnt/ubna_data_02_mir/recover-20221013/UBNA_001/20221012_030000.WAV,Telephone Field,recover-20221013,001,1795
450.8275,450.8651,68437,82130,Rhinolophus ferrumequinum,0.022,0.022,-1,Echolocation,/mnt/ubna_data_02_mir/recover-20221013/UBNA_001/20221012_030000.WAV,Telephone Field,recover-20221013,001,1795
450.8635,450.9029,68437,81736,Rhinolophus ferrumequinum,0.024,0.024,-1,Echolocation,/mnt/ubna_data_02_mir/recover-20221013/UBNA_001/20221012_030000.WAV,Telephone Field,recover-20221013,001,1795
450.8895,450.8991,22031,27883,Nyctalus leisleri,0.009,0.022,-1,Echolocation,/mnt/ubna_data_02_mir/recover-20221013/UBNA_001/20221012_030000.WAV,Telephone Field,recover-20221013,001,1795
450.9245,450.962,68437,82145,Rhinolophus ferrumequinum,0.021,0.021,-1,Echolocation,/mnt/ubna_data_02_mir/recover-20221013/UBNA_001/20221012_030000.WAV,Telephone Field,recover-20221013,001,1795
450.9385,450.9776,68437,81895,Rhinolophus ferrumequinum,0.021,0.021,-1,Echolocation,/mnt/ubna_data_02_mir/recover-20221013/UBNA_001/20221012_030000.WAV,Telephone Field,recover-20221013,001,1795
450.9455,450.9552,28046,36431,Eptesicus serotinus,0.009,0.021,-1,Echolocation,/mnt/ubna_data_02_mir/recover-20221013/UBNA_001/20221012_030000.WAV,Telephone Field,recover-20221013,001,1795
450.9605,451.0031,68437,83179,Rhinolophus ferrumequinum,0.032,0.032,-1,Echolocation,/mnt/ubna_data_02_mir/recover-20221013/UBNA_001/20221012_030000.WAV,Telephone Field,recover-20221013,001,1795
450.9935,451.0032,28046,36269,Eptesicus serotinus,0.01,0.023,-1,Echolocation,/mnt/ubna_data_02_mir/recover-20221013/UBNA_001/20221012_030000.WAV,Telephone Field,recover-20221013,001,1795
451.0115,451.0555,68437,83211,Rhinolophus ferrumequinum,0.033,0.033,-1,Echolocation,/mnt/ubna_data_02_mir/recover-20221013/UBNA_001/20221012_030000.WAV,Telephone Field,recover-20221013,001,1795
451.0435,451.0817,68437,82082,Rhinolophus ferrumequinum,0.022,0.022,-1,Echolocation,/mnt/ubna_data_02_mir/recover-20221013/UBNA_001/20221012_030000.WAV,Telephone Field,recover-20221013,001,1795
451.0835,451.0951,28906,36985,Eptesicus serotinus,0.015,0.029,-1,Echolocation,/mnt/ubna_data_02_mir/recover-20221013/UBNA_001/20221012_030000.WAV,Telephone Field,recover-20221013,001,1795
451.1115,451.1176,28046,40893,Eptesicus serotinus,0.005,0.027,-1,Echolocation,/mnt/ubna_data_02_mir/recover-20221013/UBNA_001/20221012_030000.WAV,Telephone Field,recover-20221013,001,1795
451.1125,451.1279,20312,24358,Nyctalus leisleri,0.013,0.023,-1,Echolocation,/mnt/ubna_data_02_mir/recover-20221013/UBNA_001/20221012_030000.WAV,Telephone Field,recover-20221013,001,1795
451.1315,451.1719,68437,82652,Rhinolophus ferrumequinum,0.029,0.029,-1,Echolocation,/mnt/ubna_data_02_mir/recover-20221013/UBNA_001/20221012_030000.WAV,Telephone Field,recover-20221013,001,1795
451.1455,451.1536,28046,40228,Eptesicus serotinus,0.007,0.021,-1,Echolocation,/mnt/ubna_data_02_mir/recover-20221013/UBNA_001/20221012_030000.WAV,Telephone Field,recover-20221013,001,1795
451.1575,451.1995,68437,82881,Rhinolophus ferrumequinum,0.023,0.023,-1,Echolocation,/mnt/ubna_data_02_mir/recover-20221013/UBNA_001/20221012_030000.WAV,Telephone Field,recover-20221013,001,1795
451.1615,451.1701,48671,52745,Pipistrellus pipistrellus,0.021,0.023,-1,Echolocation,/mnt/ubna_data_02_mir/recover-20221013/UBNA_001/20221012_030000.WAV,Telephone Field,recover-20221013,001,1795
451.1805,451.2215,68437,83059,Rhinolophus ferrumequinum,0.027,0.027,-1,Echolocation,/mnt/ubna_data_02_mir/recover-20221013/UBNA_001/20221012_030000.WAV,Telephone Field,recover-20221013,001,1795
451.2435,451.2539,22890,28755,Nyctalus leisleri,0.009,0.022,-1,Echolocation,/mnt/ubna_data_02_mir/recover-20221013/UBNA_001/20221012_030000.WAV,Telephone Field,recover-20221013,001,1795
451.2595,451.2703,31484,37526,Eptesicus serotinus,0.011,0.025,-1,Echolocation,/mnt/ubna_data_02_mir/recover-20221013/UBNA_001/20221012_030000.WAV,Telephone Field,recover-20221013,001,1795
451.3035,451.3148,27187,33867,Eptesicus serotinus,0.011,0.025,-1,Echolocation,/mnt/ubna_data_02_mir/recover-20221013/UBNA_001/20221012_030000.WAV,Telephone Field,recover-20221013,001,1795
451.3475,451.3873,68437,82283,Rhinolophus ferrumequinum,0.022,0.022,-1,Echolocation,/mnt/ubna_data_02_mir/recover-20221013/UBNA_001/20221012_030000.WAV,Telephone Field,recover-20221013,001,1795
451.3545,451.3675,22031,25587,Nyctalus leisleri,0.014,0.023,-1,Echolocation,/mnt/ubna_data_02_mir/recover-20221013/UBNA_001/20221012_030000.WAV,Telephone Field,recover-20221013,001,1795
451.3825,451.3906,48671,52994,Pipistrellus pipistrellus,0.019,0.021,-1,Echolocation,/mnt/ubna_data_02_mir/recover-20221013/UBNA_001/20221012_030000.WAV,Telephone Field,recover-20221013,001,1795
451.4345,451.4708,68437,82235,Rhinolophus ferrumequinum,0.021,0.021,-1,Echolocation,/mnt/ubna_data_02_mir/recover-20221013/UBNA_001/20221012_030000.WAV,Telephone Field,recover-20221013,001,1795
451.4835,451.5227,68437,82720,Rhinolophus ferrumequinum,0.021,0.021,-1,Echolocation,/mnt/ubna_data_02_mir/recover-20221013/UBNA_001/20221012_030000.WAV,Telephone Field,recover-20221013,001,1795
451.5035,451.5114,28046,38672,Eptesicus serotinus,0.007,0.022,-1,Echolocation,/mnt/ubna_data_02_mir/recover-20221013/UBNA_001/20221012_030000.WAV,Telephone Field,recover-20221013,001,1795
451.5255,451.5658,68437,82633,Rhinolophus ferrumequinum,0.026,0.026,-1,Echolocation,/mnt/ubna_data_02_mir/recover-20221013/UBNA_001/20221012_030000.WAV,Telephone Field,recover-20221013,001,1795
451.5555,451.5946,68437,81837,Rhinolophus ferrumequinum,0.023,0.023,-1,Echolocation,/mnt/ubna_data_02_mir/recover-20221013/UBNA_001/20221012_030000.WAV,Telephone Field,recover-20221013,001,1795
451.5555,451.5644,28046,39326,Eptesicus serotinus,0.008,0.023,-1,Echolocation,/mnt/ubna_data_02_mir/recover-20221013/UBNA_001/20221012_030000.WAV,Telephone Field,recover-20221013,001,1795
451.5915,451.5992,23750,31517,Plecotus austriacus,0.009,0.021,-1,Echolocation,/mnt/ubna_data_02_mir/recover-20221013/UBNA_001/20221012_030000.WAV,Telephone Field,recover-20221013,001,1795
451.6025,451.638,68437,81626,Rhinolophus ferrumequinum,0.021,0.021,-1,Echolocation,/mnt/ubna_data_02_mir/recover-20221013/UBNA_001/20221012_030000.WAV,Telephone Field,recover-20221013,001,1795
451.6465,451.6545,42656,46199,Pipistrellus pipistrellus,0.023,0.025,-1,Echolocation,/mnt/ubna_data_02_mir/recover-20221013/UBNA_001/20221012_030000.WAV,Telephone Field,recover-20221013,001,1795
451.6565,451.6954,68437,82368,Rhinolophus ferrumequinum,0.021,0.021,-1,Echolocation,/mnt/ubna_data_02_mir/recover-20221013/UBNA_001/20221012_030000.WAV,Telephone Field,recover-20221013,001,1795
451.6995,451.7114,23750,30215,Nyctalus leisleri,0.027,0.066,-1,Echolocation,/mnt/ubna_data_02_mir/recover-20221013/UBNA_001/20221012_030000.WAV,Telephone Field,recover-20221013,001,1795
451.7115,451.7196,28046,39240,Eptesicus serotinus,0.008,0.023,-1,Echolocation,/mnt/ubna_data_02_mir/recover-20221013/UBNA_001/20221012_030000.WAV,Telephone Field,recover-20221013,001,1795
451.7255,451.7655,68437,82699,Rhinolophus ferrumequinum,0.023,0.023,-1,Echolocation,/mnt/ubna_data_02_mir/recover-20221013/UBNA_001/20221012_030000.WAV,Telephone Field,recover-20221013,001,1795
451.7275,451.7359,28906,38326,Eptesicus serotinus,0.009,0.025,-1,Echolocation,/mnt/ubna_data_02_mir/recover-20221013/UBNA_001/20221012_030000.WAV,Telephone Field,recover-20221013,001,1795
451.7725,451.8122,68437,82623,Rhinolophus ferrumequinum,0.024,0.024,-1,Echolocation,/mnt/ubna_data_02_mir/recover-20221013/UBNA_001/20221012_030000.WAV,Telephone Field,recover-20221013,001,1795
451.7835,451.8257,68437,83517,Rhinolophus ferrumequinum,0.025,0.025,-1,Echolocation,/mnt/ubna_data_02_mir/recover-20221013/UBNA_001/20221012_030000.WAV,Telephone Field,recover-20221013,001,1795
451.7905,451.8015,45234,48170,Pipistrellus pipistrellus,0.023,0.025,-1,Echolocation,/mnt/ubna_data_02_mir/recover-20221013/UBNA_001/20221012_030000.WAV,Telephone Field,recover-20221013,001,1795
451.8065,451.8163,50390,57235,Pipistrellus pipistrellus,0.018,0.023,-1,Echolocation,/mnt/ubna_data_02_mir/recover-20221013/UBNA_001/20221012_030000.WAV,Telephone Field,recover-20221013,001,1795
451.8435,451.8537,28906,37736,Eptesicus serotinus,0.011,0.027,-1,Echolocation,/mnt/ubna_data_02_mir/recover-20221013/UBNA_001/20221012_030000.WAV,Telephone Field,recover-20221013,001,1795
451.8675,451.9101,68437,82984,Rhinolophus ferrumequinum,0.024,0.024,-1,Echolocation,/mnt/ubna_data_02_mir/recover-20221013/UBNA_001/20221012_030000.WAV,Telephone Field,recover-20221013,001,1795
451.8875,451.9304,68437,82455,Rhinolophus ferrumequinum,0.021,0.022,-1,Echolocation,/mnt/ubna_data_02_mir/recover-20221013/UBNA_001/20221012_030000.WAV,Telephone Field,recover-20221013,001,1795
451.9105,451.9187,28906,38600,Eptesicus serotinus,0.009,0.025,-1,Echolocation,/mnt/ubna_data_02_mir/recover-20221013/UBNA_001/20221012_030000.WAV,Telephone Field,recover-20221013,001,1795
451.9315,451.9702,68437,81840,Rhinolophus ferrumequinum,0.021,0.021,-1,Echolocation,/mnt/ubna_data_02_mir/recover-20221013/UBNA_001/20221012_030000.WAV,Telephone Field,recover-20221013,001,1795
451.9355,451.9432,28046,44835,Eptesicus serotinus,0.009,0.028,-1,Echolocation,/mnt/ubna_data_02_mir/recover-20221013/UBNA_001/20221012_030000.WAV,Telephone Field,recover-20221013,001,1795
451.9465,451.9674,19453,22871,Nyctalus noctula,0.019,0.038,-1,Echolocation,/mnt/ubna_data_02_mir/recover-20221013/UBNA_001/20221012_030000.WAV,Telephone Field,recover-20221013,001,1795
451.9565,451.9932,68437,81770,Rhinolophus ferrumequinum,0.021,0.021,-1,Echolocation,/mnt/ubna_data_02_mir/recover-20221013/UBNA_001/20221012_030000.WAV,Telephone Field,recover-20221013,001,1795
451.9835,451.9939,22031,26717,Nyctalus leisleri,0.01,0.022,-1,Echolocation,/mnt/ubna_data_02_mir/recover-20221013/UBNA_001/20221012_030000.WAV,Telephone Field,recover-20221013,001,1795
452.0015,452.0348,68437,80465,Rhinolophus ferrumequinum,0.063,0.063,-1,Echolocation,/mnt/ubna_data_02_mir/recover-20221013/UBNA_001/20221012_030000.WAV,Telephone Field,recover-20221013,001,1795
452.0015,452.01,23750,30391,Nyctalus leisleri,0.011,0.033,-1,Echolocation,/mnt/ubna_data_02_mir/recover-20221013/UBNA_001/20221012_030000.WAV,Telephone Field,recover-20221013,001,1795
452.0075,452.0494,68437,82217,Rhinolophus ferrumequinum,0.023,0.023,-1,Echolocation,/mnt/ubna_data_02_mir/recover-20221013/UBNA_001/20221012_030000.WAV,Telephone Field,recover-20221013,001,1795
452.0345,452.0733,68437,81966,Rhinolophus ferrumequinum,0.022,0.022,-1,Echolocation,/mnt/ubna_data_02_mir/recover-20221013/UBNA_001/20221012_030000.WAV,Telephone Field,recover-20221013,001,1795
452.0495,452.0602,25468,31380,Eptesicus serotinus,0.008,0.022,-1,Echolocation,/mnt/ubna_data_02_mir/recover-20221013/UBNA_001/20221012_030000.WAV,Telephone Field,recover-20221013,001,1795
452.0645,452.1042,68437,82385,Rhinolophus ferrumequinum,0.022,0.022,-1,Echolocation,/mnt/ubna_data_02_mir/recover-20221013/UBNA_001/20221012_030000.WAV,Telephone Field,recover-20221013,001,1795
452.0715,452.113,68437,82616,Rhinolophus ferrumequinum,0.023,0.023,-1,Echolocation,/mnt/ubna_data_02_mir/recover-20221013/UBNA_001/20221012_030000.WAV,Telephone Field,recover-20221013,001,1795
452.0855,452.0946,47812,51407,Pipistrellus pipistrellus,0.02,0.023,-1,Echolocation,/mnt/ubna_data_02_mir/recover-20221013/UBNA_001/20221012_030000.WAV,Telephone Field,recover-20221013,001,1795
452.0885,452.1286,68437,83023,Rhinolophus ferrumequinum,0.027,0.027,-1,Echolocation,/mnt/ubna_data_02_mir/recover-20221013/UBNA_001/20221012_030000.WAV,Telephone Field,recover-20221013,001,1795
452.1175,452.1558,68437,82352,Rhinolophus ferrumequinum,0.035,0.035,-1,Echolocation,/mnt/ubna_data_02_mir/recover-20221013/UBNA_001/20221012_030000.WAV,Telephone Field,recover-20221013,001,1795
452.1435,452.1844,68437,82541,Rhinolophus ferrumequinum,0.024,0.024,-1,Echolocation,/mnt/ubna_data_02_mir/recover-20221013/UBNA_001/20221012_030000.WAV,Telephone Field,recover-20221013,001,1795
452.1645,452.2025,68437,81757,Rhinolophus ferrumequinum,0.025,0.025,-1,Echolocation,/mnt/ubna_data_02_mir/recover-20221013/UBNA_001/20221012_030000.WAV,Telephone Field,recover-20221013,001,1795
452.1985,452.2375,68437,82170,Rhinolophus ferrumequinum,0.027,0.027,-1,Echolocation,/mnt/ubna_data_02_mir/recover-20221013/UBNA_001/20221012_030000.WAV,Telephone Field,recover-20221013,001,1795
452.2085,452.2494,68437,81859,Rhinolophus ferrumequinum,0.023,0.024,-1,Echolocation,/mnt/ubna_data_02_mir/recover-20221013/UBNA_001/20221012_030000.WAV,Telephone Field,recover-20221013,001,1795
452.2165,452.2554,68437,82036,Rhinolophus ferrumequinum,0.036,0.036,-1,Echolocation,/mnt/ubna_data_02_mir/recover-20221013/UBNA_001/20221012_030000.WAV,Telephone Field,recover-20221013,001,1795
452.2375,452.2492,49531,53786,Pipistrellus pipistrellus,0.024,0.029,-1,Echolocation,/mnt/ubna_data_02_mir/recover-20221013/UBNA_001/20221012_030000.WAV,Telephone Field,recover-20221013,001,1795
452.2435,452.2831,68437,82057,Rhinolophus ferrumequinum,0.031,0.031,-1,Echolocation,/mnt/ubna_data_02_mir/recover-20221013/UBNA_001/20221012_030000.WAV,Telephone Field,recover-20221013,001,1795
452.2555,452.2949,68437,82169,Rhinolophus ferrumequinum,0.021,0.021,-1,Echolocation,/mnt/ubna_data_02_mir/recover-20221013/UBNA_001/20221012_030000.WAV,Telephone Field,recover-20221013,001,1795
452.2795,452.3185,68437,81721,Rhinolophus ferrumequinum,0.022,0.022,-1,Echolocation,/mnt/ubna_data_02_mir/recover-20221013/UBNA_001/20221012_030000.WAV,Telephone Field,recover-20221013,001,1795
452.3085,452.3201,28906,37266,Eptesicus serotinus,0.016,0.032,-1,Echolocation,/mnt/ubna_data_02_mir/recover-20221013/UBNA_001/20221012_030000.WAV,Telephone Field,recover-20221013,001,1795
452.3085,452.347,68437,82060,Rhinolophus ferrumequinum,0.021,0.021,-1,Echolocation,/mnt/ubna_data_02_mir/recover-20221013/UBNA_001/20221012_030000.WAV,Telephone Field,recover-20221013,001,1795
452.3235,452.3644,68437,82435,Rhinolophus ferrumequinum,0.022,0.022,-1,Echolocation,/mnt/ubna_data_02_mir/recover-20221013/UBNA_001/20221012_030000.WAV,Telephone Field,recover-20221013,001,1795
452.3965,452.4362,68437,82819,Rhinolophus ferrumequinum,0.023,0.023,-1,Echolocation,/mnt/ubna_data_02_mir/recover-20221013/UBNA_001/20221012_030000.WAV,Telephone Field,recover-20221013,001,1795
452.4365,452.4444,28906,38582,Eptesicus serotinus,0.007,0.022,-1,Echolocation,/mnt/ubna_data_02_mir/recover-20221013/UBNA_001/20221012_030000.WAV,Telephone Field,recover-20221013,001,1795
452.4415,452.4501,28046,37412,Eptesicus serotinus,0.007,0.021,-1,Echolocation,/mnt/ubna_data_02_mir/recover-20221013/UBNA_001/20221012_030000.WAV,Telephone Field,recover-20221013,001,1795
452.4545,452.4954,68437,82497,Rhinolophus ferrumequinum,0.023,0.023,-1,Echolocation,/mnt/ubna_data_02_mir/recover-20221013/UBNA_001/20221012_030000.WAV,Telephone Field,recover-20221013,001,1795
452.4885,452.5274,68437,81632,Rhinolophus ferrumequinum,0.022,0.022,-1,Echolocation,/mnt/ubna_data_02_mir/recover-20221013/UBNA_001/20221012_030000.WAV,Telephone Field,recover-20221013,001,1795
452.4945,452.5054,23750,29123,Nyctalus leisleri,0.011,0.023,-1,Echolocation,/mnt/ubna_data_02_mir/recover-20221013/UBNA_001/20221012_030000.WAV,Telephone Field,recover-20221013,001,1795
452.5095,452.5233,37500,41545,Pipistrellus nathusii,0.011,0.021,-1,Echolocation,/mnt/ubna_data_02_mir/recover-20221013/UBNA_001/20221012_030000.WAV,Telephone Field,recover-20221013,001,1795
452.5325,452.5425,28046,36352,Eptesicus serotinus,0.009,0.021,-1,Echolocation,/mnt/ubna_data_02_mir/recover-20221013/UBNA_001/20221012_030000.WAV,Telephone Field,recover-20221013,001,1795
452.5445,452.5832,68437,82032,Rhinolophus ferrumequinum,0.033,0.033,-1,Echolocation,/mnt/ubna_data_02_mir/recover-20221013/UBNA_001/20221012_030000.WAV,Telephone Field,recover-20221013,001,1795
452.5835,452.6248,68437,82721,Rhinolophus ferrumequinum,0.034,0.034,-1,Echolocation,/mnt/ubna_data_02_mir/recover-20221013/UBNA_001/20221012_030000.WAV,Telephone Field,recover-20221013,001,1795
452.5945,452.6044,28046,36134,Eptesicus serotinus,0.009,0.022,-1,Echolocation,/mnt/ubna_data_02_mir/recover-20221013/UBNA_001/20221012_030000.WAV,Telephone Field,recover-20221013,001,1795
452.6335,452.6738,68437,82075,Rhinolophus ferrumequinum,0.021,0.021,-1,Echolocation,/mnt/ubna_data_02_mir/recover-20221013/UBNA_001/20221012_030000.WAV,Telephone Field,recover-20221013,001,1795
452.6735,452.7144,68437,82607,Rhinolophus ferrumequinum,0.025,0.025,-1,Echolocation,/mnt/ubna_data_02_mir/recover-20221013/UBNA_001/20221012_030000.WAV,Telephone Field,recover-20221013,001,1795
452.6855,452.7278,68437,82688,Rhinolophus ferrumequinum,0.025,0.025,-1,Echolocation,/mnt/ubna_data_02_mir/recover-20221013/UBNA_001/20221012_030000.WAV,Telephone Field,recover-20221013,001,1795
452.7305,452.7668,68437,82262,Rhinolophus ferrumequinum,0.028,0.028,-1,Echolocation,/mnt/ubna_data_02_mir/recover-20221013/UBNA_001/20221012_030000.WAV,Telephone Field,recover-20221013,001,1795
452.7555,452.7644,24609,31989,Nyctalus leisleri,0.007,0.022,-1,Echolocation,/mnt/ubna_data_02_mir/recover-20221013/UBNA_001/20221012_030000.WAV,Telephone Field,recover-20221013,001,1795
452.8175,452.8287,38359,42756,Pipistrellus nathusii,0.015,0.024,-1,Echolocation,/mnt/ubna_data_02_mir/recover-20221013/UBNA_001/20221012_030000.WAV,Telephone Field,recover-20221013,001,1795
452.8805,452.918,68437,81479,Rhinolophus ferrumequinum,0.021,0.021,-1,Echolocation,/mnt/ubna_data_02_mir/recover-20221013/UBNA_001/20221012_030000.WAV,Telephone Field,recover-20221013,001,1795
452.9325,452.9739,68437,82794,Rhinolophus ferrumequinum,0.022,0.022,-1,Echolocation,/mnt/ubna_data_02_mir/recover-20221013/UBNA_001/20221012_030000.WAV,Telephone Field,recover-20221013,001,1795
452.9445,452.9554,27187,34983,Eptesicus serotinus,0.01,0.024,-1,Echolocation,/mnt/ubna_data_02_mir/recover-20221013/UBNA_001/20221012_030000.WAV,Telephone Field,recover-20221013,001,1795
452.9505,452.9913,68437,82669,Rhinolophus ferrumequinum,0.025,0.025,-1,Echolocation,/mnt/ubna_data_02_mir/recover-20221013/UBNA_001/20221012_030000.WAV,Telephone Field,recover-20221013,001,1795
452.9725,452.9804,28046,38445,Eptesicus serotinus,0.008,0.022,-1,Echolocation,/mnt/ubna_data_02_mir/recover-20221013/UBNA_001/20221012_030000.WAV,Telephone Field,recover-20221013,001,1795
452.9805,453.02139999999997,68437,82486,Rhinolophus ferrumequinum,0.023,0.023,-1,Echolocation,/mnt/ubna_data_02_mir/recover-20221013/UBNA_001/20221012_030000.WAV,Telephone Field,recover-20221013,001,1795
452.9865,453.0273,68437,82519,Rhinolophus ferrumequinum,0.023,0.023,-1,Echolocation,/mnt/ubna_data_02_mir/recover-20221013/UBNA_001/20221012_030000.WAV,Telephone Field,recover-20221013,001,1795
453.0175,453.0562,68437,81475,Rhinolophus ferrumequinum,0.024,0.024,-1,Echolocation,/mnt/ubna_data_02_mir/recover-20221013/UBNA_001/20221012_030000.WAV,Telephone Field,recover-20221013,001,1795
453.0745,453.1103,68437,80450,Rhinolophus ferrumequinum,0.023,0.023,-1,Echolocation,/mnt/ubna_data_02_mir/recover-20221013/UBNA_001/20221012_030000.WAV,Telephone Field,recover-20221013,001,1795
453.0745,453.0818,27187,38873,Eptesicus serotinus,0.007,0.023,-1,Echolocation,/mnt/ubna_data_02_mir/recover-20221013/UBNA_001/20221012_030000.WAV,Telephone Field,recover-20221013,001,1795
453.0995,453.1399,68437,82609,Rhinolophus ferrumequinum,0.024,0.024,-1,Echolocation,/mnt/ubna_data_02_mir/recover-20221013/UBNA_001/20221012_030000.WAV,Telephone Field,recover-20221013,001,1795
453.1345,453.1706,68437,81001,Rhinolophus ferrumequinum,0.022,0.022,-1,Echolocation,/mnt/ubna_data_02_mir/recover-20221013/UBNA_001/20221012_030000.WAV,Telephone Field,recover-20221013,001,1795
453.1375,453.1473,23750,30666,Nyctalus leisleri,0.009,0.025,-1,Echolocation,/mnt/ubna_data_02_mir/recover-20221013/UBNA_001/20221012_030000.WAV,Telephone Field,recover-20221013,001,1795
453.1495,453.157,28046,38459,Eptesicus serotinus,0.007,0.024,-1,Echolocation,/mnt/ubna_data_02_mir/recover-20221013/UBNA_001/20221012_030000.WAV,Telephone Field,recover-20221013,001,1795
453.1695,453.1807,22890,28319,Nyctalus leisleri,0.012,0.026,-1,Echolocation,/mnt/ubna_data_02_mir/recover-20221013/UBNA_001/20221012_030000.WAV,Telephone Field,recover-20221013,001,1795
453.1925,453.2321,68437,82707,Rhinolophus ferrumequinum,0.022,0.022,-1,Echolocation,/mnt/ubna_data_02_mir/recover-20221013/UBNA_001/20221012_030000.WAV,Telephone Field,recover-20221013,001,1795
453.2155,453.2552,68437,82165,Rhinolophus ferrumequinum,0.021,0.021,-1,Echolocation,/mnt/ubna_data_02_mir/recover-20221013/UBNA_001/20221012_030000.WAV,Telephone Field,recover-20221013,001,1795
453.2195,453.2262,27187,39030,Eptesicus serotinus,0.007,0.023,-1,Echolocation,/mnt/ubna_data_02_mir/recover-20221013/UBNA_001/20221012_030000.WAV,Telephone Field,recover-20221013,001,1795
453.2265,453.2653,68437,82117,Rhinolophus ferrumequinum,0.023,0.023,-1,Echolocation,/mnt/ubna_data_02_mir/recover-20221013/UBNA_001/20221012_030000.WAV,Telephone Field,recover-20221013,001,1795
453.2475,453.288,68437,82593,Rhinolophus ferrumequinum,0.025,0.025,-1,Echolocation,/mnt/ubna_data_02_mir/recover-20221013/UBNA_001/20221012_030000.WAV,Telephone Field,recover-20221013,001,1795
453.2625,453.2981,68437,81405,Rhinolophus ferrumequinum,0.021,0.021,-1,Echolocation,/mnt/ubna_data_02_mir/recover-20221013/UBNA_001/20221012_030000.WAV,Telephone Field,recover-20221013,001,1795
453.3465,453.3856,68437,82276,Rhinolophus ferrumequinum,0.022,0.022,-1,Echolocation,/mnt/ubna_data_02_mir/recover-20221013/UBNA_001/20221012_030000.WAV,Telephone Field,recover-20221013,001,1795
453.4205,453.4345,22031,25955,Nyctalus leisleri,0.014,0.025,-1,Echolocation,/mnt/ubna_data_02_mir/recover-20221013/UBNA_001/20221012_030000.WAV,Telephone Field,recover-20221013,001,1795
453.4455,453.4874,68437,82636,Rhinolophus ferrumequinum,0.021,0.021,-1,Echolocation,/mnt/ubna_data_02_mir/recover-20221013/UBNA_001/20221012_030000.WAV,Telephone Field,recover-20221013,001,1795
453.4765,453.5165,68437,82419,Rhinolophus ferrumequinum,0.024,0.024,-1,Echolocation,/mnt/ubna_data_02_mir/recover-20221013/UBNA_001/20221012_030000.WAV,Telephone Field,recover-20221013,001,1795
453.4855,453.5241,68437,81963,Rhinolophus ferrumequinum,0.022,0.022,-1,Echolocation,/mnt/ubna_data_02_mir/recover-20221013/UBNA_001/20221012_030000.WAV,Telephone Field,recover-20221013,001,1795
453.4965,453.5029,27187,40263,Eptesicus serotinus,0.006,0.023,-1,Echolocation,/mnt/ubna_data_02_mir/recover-20221013/UBNA_001/20221012_030000.WAV,Telephone Field,recover-20221013,001,1795
453.5175,453.5573,68437,81739,Rhinolophus ferrumequinum,0.025,0.025,-1,Echolocation,/mnt/ubna_data_02_mir/recover-20221013/UBNA_001/20221012_030000.WAV,Telephone Field,recover-20221013,001,1795
453.5675,453.6081,68437,82911,Rhinolophus ferrumequinum,0.026,0.026,-1,Echolocation,/mnt/ubna_data_02_mir/recover-20221013/UBNA_001/20221012_030000.WAV,Telephone Field,recover-20221013,001,1795
453.5695,453.5815,22890,28168,Nyctalus leisleri,0.011,0.024,-1,Echolocation,/mnt/ubna_data_02_mir/recover-20221013/UBNA_001/20221012_030000.WAV,Telephone Field,recover-20221013,001,1795
453.5865,453.5953,27187,37914,Eptesicus serotinus,0.009,0.023,-1,Echolocation,/mnt/ubna_data_02_mir/recover-20221013/UBNA_001/20221012_030000.WAV,Telephone Field,recover-20221013,001,1795
453.6045,453.6449,68437,82632,Rhinolophus ferrumequinum,0.029,0.029,-1,Echolocation,/mnt/ubna_data_02_mir/recover-20221013/UBNA_001/20221012_030000.WAV,Telephone Field,recover-20221013,001,1795
453.6115,453.6521,68437,82565,Rhinolophus ferrumequinum,0.03,0.03,-1,Echolocation,/mnt/ubna_data_02_mir/recover-20221013/UBNA_001/20221012_030000.WAV,Telephone Field,recover-20221013,001,1795
453.6155,453.6259,24609,31338,Eptesicus serotinus,0.009,0.022,-1,Echolocation,/mnt/ubna_data_02_mir/recover-20221013/UBNA_001/20221012_030000.WAV,Telephone Field,recover-20221013,001,1795
453.6325,453.6755,68437,83066,Rhinolophus ferrumequinum,0.033,0.033,-1,Echolocation,/mnt/ubna_data_02_mir/recover-20221013/UBNA_001/20221012_030000.WAV,Telephone Field,recover-20221013,001,1795
453.6515,453.6582,27187,40838,Eptesicus serotinus,0.006,0.022,-1,Echolocation,/mnt/ubna_data_02_mir/recover-20221013/UBNA_001/20221012_030000.WAV,Telephone Field,recover-20221013,001,1795
453.6605,453.7002,68437,82313,Rhinolophus ferrumequinum,0.023,0.023,-1,Echolocation,/mnt/ubna_data_02_mir/recover-20221013/UBNA_001/20221012_030000.WAV,Telephone Field,recover-20221013,001,1795
453.6795,453.7165,68437,81613,Rhinolophus ferrumequinum,0.022,0.022,-1,Echolocation,/mnt/ubna_data_02_mir/recover-20221013/UBNA_001/20221012_030000.WAV,Telephone Field,recover-20221013,001,1795
453.7025,453.7136,22890,27916,Nyctalus leisleri,0.01,0.023,-1,Echolocation,/mnt/ubna_data_02_mir/recover-20221013/UBNA_001/20221012_030000.WAV,Telephone Field,recover-20221013,001,1795
453.7135,453.755,68437,82548,Rhinolophus ferrumequinum,0.039,0.039,-1,Echolocation,/mnt/ubna_data_02_mir/recover-20221013/UBNA_001/20221012_030000.WAV,Telephone Field,recover-20221013,001,1795
453.7195,453.7266,27187,39310,Eptesicus serotinus,0.01,0.028,-1,Echolocation,/mnt/ubna_data_02_mir/recover-20221013/UBNA_001/20221012_030000.WAV,Telephone Field,recover-20221013,001,1795
453.7265,453.7635,68437,81659,Rhinolophus ferrumequinum,0.021,0.021,-1,Echolocation,/mnt/ubna_data_02_mir/recover-20221013/UBNA_001/20221012_030000.WAV,Telephone Field,recover-20221013,001,1795
453.7785,453.7856,26328,40223,Eptesicus serotinus,0.007,0.023,-1,Echolocation,/mnt/ubna_data_02_mir/recover-20221013/UBNA_001/20221012_030000.WAV,Telephone Field,recover-20221013,001,1795
453.7815,453.822,68437,82259,Rhinolophus ferrumequinum,0.023,0.023,-1,Echolocation,/mnt/ubna_data_02_mir/recover-20221013/UBNA_001/20221012_030000.WAV,Telephone Field,recover-20221013,001,1795
453.8115,453.8259,14296,18285,Nyctalus noctula,0.022,0.038,-1,Echolocation,/mnt/ubna_data_02_mir/recover-20221013/UBNA_001/20221012_030000.WAV,Telephone Field,recover-20221013,001,1795
453.8125,453.8506,68437,82120,Rhinolophus ferrumequinum,0.021,0.021,-1,Echolocation,/mnt/ubna_data_02_mir/recover-20221013/UBNA_001/20221012_030000.WAV,Telephone Field,recover-20221013,001,1795
453.8195,453.8595,68437,82647,Rhinolophus ferrumequinum,0.021,0.021,-1,Echolocation,/mnt/ubna_data_02_mir/recover-20221013/UBNA_001/20221012_030000.WAV,Telephone Field,recover-20221013,001,1795
453.8265,453.8665,68437,82787,Rhinolophus ferrumequinum,0.022,0.022,-1,Echolocation,/mnt/ubna_data_02_mir/recover-20221013/UBNA_001/20221012_030000.WAV,Telephone Field,recover-20221013,001,1795
453.8785,453.9171,68437,82520,Rhinolophus ferrumequinum,0.03,0.03,-1,Echolocation,/mnt/ubna_data_02_mir/recover-20221013/UBNA_001/20221012_030000.WAV,Telephone Field,recover-20221013,001,1795
453.8845,453.8949,22890,28347,Nyctalus leisleri,0.011,0.024,-1,Echolocation,/mnt/ubna_data_02_mir/recover-20221013/UBNA_001/20221012_030000.WAV,Telephone Field,recover-20221013,001,1795
453.9165,453.9234,28046,37520,Eptesicus serotinus,0.008,0.027,-1,Echolocation,/mnt/ubna_data_02_mir/recover-20221013/UBNA_001/20221012_030000.WAV,Telephone Field,recover-20221013,001,1795
454.0015,454.0105,27187,34752,Eptesicus serotinus,0.009,0.029,-1,Echolocation,/mnt/ubna_data_02_mir/recover-20221013/UBNA_001/20221012_030000.WAV,Telephone Field,recover-20221013,001,1795
454.0015,454.0104,22031,28335,Nyctalus leisleri,0.009,0.026,-1,Echolocation,/mnt/ubna_data_02_mir/recover-20221013/UBNA_001/20221012_030000.WAV,Telephone Field,recover-20221013,001,1795
454.0015,454.0371,68437,80349,Rhinolophus ferrumequinum,0.038,0.038,-1,Echolocation,/mnt/ubna_data_02_mir/recover-20221013/UBNA_001/20221012_030000.WAV,Telephone Field,recover-20221013,001,1795
454.0085,454.0536,68437,83085,Rhinolophus ferrumequinum,0.03,0.03,-1,Echolocation,/mnt/ubna_data_02_mir/recover-20221013/UBNA_001/20221012_030000.WAV,Telephone Field,recover-20221013,001,1795
454.0175,454.0281,26328,32942,Eptesicus serotinus,0.014,0.029,-1,Echolocation,/mnt/ubna_data_02_mir/recover-20221013/UBNA_001/20221012_030000.WAV,Telephone Field,recover-20221013,001,1795
454.0465,454.0852,68437,81894,Rhinolophus ferrumequinum,0.021,0.021,-1,Echolocation,/mnt/ubna_data_02_mir/recover-20221013/UBNA_001/20221012_030000.WAV,Telephone Field,recover-20221013,001,1795
454.0495,454.0597,28046,36752,Eptesicus serotinus,0.012,0.026,-1,Echolocation,/mnt/ubna_data_02_mir/recover-20221013/UBNA_001/20221012_030000.WAV,Telephone Field,recover-20221013,001,1795
454.0575,454.0637,28046,42142,Eptesicus serotinus,0.008,0.029,-1,Echolocation,/mnt/ubna_data_02_mir/recover-20221013/UBNA_001/20221012_030000.WAV,Telephone Field,recover-20221013,001,1795
454.0665,454.1024,68437,82087,Rhinolophus ferrumequinum,0.025,0.025,-1,Echolocation,/mnt/ubna_data_02_mir/recover-20221013/UBNA_001/20221012_030000.WAV,Telephone Field,recover-20221013,001,1795
454.0735,454.1144,68437,82103,Rhinolophus ferrumequinum,0.022,0.022,-1,Echolocation,/mnt/ubna_data_02_mir/recover-20221013/UBNA_001/20221012_030000.WAV,Telephone Field,recover-20221013,001,1795
454.1215,454.1298,28046,39065,Eptesicus serotinus,0.008,0.021,-1,Echolocation,/mnt/ubna_data_02_mir/recover-20221013/UBNA_001/20221012_030000.WAV,Telephone Field,recover-20221013,001,1795
454.1235,454.1642,68437,82627,Rhinolophus ferrumequinum,0.033,0.033,-1,Echolocation,/mnt/ubna_data_02_mir/recover-20221013/UBNA_001/20221012_030000.WAV,Telephone Field,recover-20221013,001,1795
454.1415,454.1774,68437,80375,Rhinolophus ferrumequinum,0.024,0.025,-1,Echolocation,/mnt/ubna_data_02_mir/recover-20221013/UBNA_001/20221012_030000.WAV,Telephone Field,recover-20221013,001,1795
454.1485,454.1865,68437,81188,Rhinolophus ferrumequinum,0.024,0.025,-1,Echolocation,/mnt/ubna_data_02_mir/recover-20221013/UBNA_001/20221012_030000.WAV,Telephone Field,recover-20221013,001,1795
454.1615,454.1714,24609,32112,Nyctalus leisleri,0.009,0.026,-1,Echolocation,/mnt/ubna_data_02_mir/recover-20221013/UBNA_001/20221012_030000.WAV,Telephone Field,recover-20221013,001,1795
454.1765,454.21659999999997,68437,82227,Rhinolophus ferrumequinum,0.022,0.022,-1,Echolocation,/mnt/ubna_data_02_mir/recover-20221013/UBNA_001/20221012_030000.WAV,Telephone Field,recover-20221013,001,1795
454.2065,454.2473,68437,82315,Rhinolophus ferrumequinum,0.024,0.024,-1,Echolocation,/mnt/ubna_data_02_mir/recover-20221013/UBNA_001/20221012_030000.WAV,Telephone Field,recover-20221013,001,1795
454.2415,454.2811,68437,82384,Rhinolophus ferrumequinum,0.022,0.022,-1,Echolocation,/mnt/ubna_data_02_mir/recover-20221013/UBNA_001/20221012_030000.WAV,Telephone Field,recover-20221013,001,1795
454.2675,454.3046,68437,82047,Rhinolophus ferrumequinum,0.024,0.024,-1,Echolocation,/mnt/ubna_data_02_mir/recover-20221013/UBNA_001/20221012_030000.WAV,Telephone Field,recover-20221013,001,1795
454.3205,454.3281,23750,32435,Plecotus austriacus,0.008,0.022,-1,Echolocation,/mnt/ubna_data_02_mir/recover-20221013/UBNA_001/20221012_030000.WAV,Telephone Field,recover-20221013,001,1795
454.3445,454.3521,23750,31916,Plecotus austriacus,0.009,0.022,-1,Echolocation,/mnt/ubna_data_02_mir/recover-20221013/UBNA_001/20221012_030000.WAV,Telephone Field,recover-20221013,001,1795
454.3665,454.3778,30625,37891,Eptesicus serotinus,0.01,0.024,-1,Echolocation,/mnt/ubna_data_02_mir/recover-20221013/UBNA_001/20221012_030000.WAV,Telephone Field,recover-20221013,001,1795
454.3825,454.3937,27187,32800,Eptesicus serotinus,0.014,0.028,-1,Echolocation,/mnt/ubna_data_02_mir/recover-20221013/UBNA_001/20221012_030000.WAV,Telephone Field,recover-20221013,001,1795
454.3995,454.4359,68437,82207,Rhinolophus ferrumequinum,0.022,0.022,-1,Echolocation,/mnt/ubna_data_02_mir/recover-20221013/UBNA_001/20221012_030000.WAV,Telephone Field,recover-20221013,001,1795
454.4145,454.4251,22031,27678,Nyctalus leisleri,0.015,0.035,-1,Echolocation,/mnt/ubna_data_02_mir/recover-20221013/UBNA_001/20221012_030000.WAV,Telephone Field,recover-20221013,001,1795
454.4345,454.4726,68437,81870,Rhinolophus ferrumequinum,0.023,0.023,-1,Echolocation,/mnt/ubna_data_02_mir/recover-20221013/UBNA_001/20221012_030000.WAV,Telephone Field,recover-20221013,001,1795
454.4365,454.4433,27187,40951,Eptesicus serotinus,0.007,0.026,-1,Echolocation,/mnt/ubna_data_02_mir/recover-20221013/UBNA_001/20221012_030000.WAV,Telephone Field,recover-20221013,001,1795
454.4535,454.4627,15156,22755,Plecotus auritus,0.01,0.022,-1,Echolocation,/mnt/ubna_data_02_mir/recover-20221013/UBNA_001/20221012_030000.WAV,Telephone Field,recover-20221013,001,1795
454.4755,454.5126,68437,81838,Rhinolophus ferrumequinum,0.024,0.024,-1,Echolocation,/mnt/ubna_data_02_mir/recover-20221013/UBNA_001/20221012_030000.WAV,Telephone Field,recover-20221013,001,1795
454.4875,454.5238,68437,81205,Rhinolophus ferrumequinum,0.023,0.023,-1,Echolocation,/mnt/ubna_data_02_mir/recover-20221013/UBNA_001/20221012_030000.WAV,Telephone Field,recover-20221013,001,1795
454.5155,454.5225,28046,39437,Eptesicus serotinus,0.006,0.024,-1,Echolocation,/mnt/ubna_data_02_mir/recover-20221013/UBNA_001/20221012_030000.WAV,Telephone Field,recover-20221013,001,1795
454.5155,454.5531,68437,82455,Rhinolophus ferrumequinum,0.022,0.022,-1,Echolocation,/mnt/ubna_data_02_mir/recover-20221013/UBNA_001/20221012_030000.WAV,Telephone Field,recover-20221013,001,1795
454.5445,454.5834,68437,82605,Rhinolophus ferrumequinum,0.021,0.021,-1,Echolocation,/mnt/ubna_data_02_mir/recover-20221013/UBNA_001/20221012_030000.WAV,Telephone Field,recover-20221013,001,1795
454.5525,454.5607,24609,33136,Plecotus austriacus,0.008,0.024,-1,Echolocation,/mnt/ubna_data_02_mir/recover-20221013/UBNA_001/20221012_030000.WAV,Telephone Field,recover-20221013,001,1795
454.5675,454.5789,29765,34758,Eptesicus serotinus,0.063,0.105,-1,Echolocation,/mnt/ubna_data_02_mir/recover-20221013/UBNA_001/20221012_030000.WAV,Telephone Field,recover-20221013,001,1795
454.5945,454.6325,68437,82388,Rhinolophus ferrumequinum,0.025,0.025,-1,Echolocation,/mnt/ubna_data_02_mir/recover-20221013/UBNA_001/20221012_030000.WAV,Telephone Field,recover-20221013,001,1795
454.6265,454.6642,68437,81928,Rhinolophus ferrumequinum,0.022,0.022,-1,Echolocation,/mnt/ubna_data_02_mir/recover-20221013/UBNA_001/20221012_030000.WAV,Telephone Field,recover-20221013,001,1795
454.6445,454.687,68437,83051,Rhinolophus ferrumequinum,0.026,0.026,-1,Echolocation,/mnt/ubna_data_02_mir/recover-20221013/UBNA_001/20221012_030000.WAV,Telephone Field,recover-20221013,001,1795
454.6585,454.6673,28046,40319,Eptesicus serotinus,0.01,0.023,-1,Echolocation,/mnt/ubna_data_02_mir/recover-20221013/UBNA_001/20221012_030000.WAV,Telephone Field,recover-20221013,001,1795
454.6615,454.7013,68437,82294,Rhinolophus ferrumequinum,0.022,0.022,-1,Echolocation,/mnt/ubna_data_02_mir/recover-20221013/UBNA_001/20221012_030000.WAV,Telephone Field,recover-20221013,001,1795
454.6675,454.6815,14296,19573,Nyctalus noctula,0.054,0.073,-1,Echolocation,/mnt/ubna_data_02_mir/recover-20221013/UBNA_001/20221012_030000.WAV,Telephone Field,recover-20221013,001,1795
454.6925,454.7305,68437,81954,Rhinolophus ferrumequinum,0.025,0.025,-1,Echolocation,/mnt/ubna_data_02_mir/recover-20221013/UBNA_001/20221012_030000.WAV,Telephone Field,recover-20221013,001,1795
454.7145,454.7215,48671,54956,Pipistrellus pipistrellus,0.023,0.025,-1,Echolocation,/mnt/ubna_data_02_mir/recover-20221013/UBNA_001/20221012_030000.WAV,Telephone Field,recover-20221013,001,1795
454.7285,454.7688,68437,82330,Rhinolophus ferrumequinum,0.027,0.027,-1,Echolocation,/mnt/ubna_data_02_mir/recover-20221013/UBNA_001/20221012_030000.WAV,Telephone Field,recover-20221013,001,1795
454.7285,454.7384,28046,37037,Eptesicus serotinus,0.011,0.022,-1,Echolocation,/mnt/ubna_data_02_mir/recover-20221013/UBNA_001/20221012_030000.WAV,Telephone Field,recover-20221013,001,1795
454.7335,454.742,28046,38891,Eptesicus serotinus,0.009,0.023,-1,Echolocation,/mnt/ubna_data_02_mir/recover-20221013/UBNA_001/20221012_030000.WAV,Telephone Field,recover-20221013,001,1795
454.7495,454.7588,25468,33037,Eptesicus serotinus,0.026,0.064,-1,Echolocation,/mnt/ubna_data_02_mir/recover-20221013/UBNA_001/20221012_030000.WAV,Telephone Field,recover-20221013,001,1795
454.7665,454.7762,28906,36852,Eptesicus serotinus,0.012,0.024,-1,Echolocation,/mnt/ubna_data_02_mir/recover-20221013/UBNA_001/20221012_030000.WAV,Telephone Field,recover-20221013,001,1795
454.7685,454.8048,68437,81240,Rhinolophus ferrumequinum,0.023,0.023,-1,Echolocation,/mnt/ubna_data_02_mir/recover-20221013/UBNA_001/20221012_030000.WAV,Telephone Field,recover-20221013,001,1795
454.8065,454.8167,27187,34184,Eptesicus serotinus,0.013,0.025,-1,Echolocation,/mnt/ubna_data_02_mir/recover-20221013/UBNA_001/20221012_030000.WAV,Telephone Field,recover-20221013,001,1795
454.8375,454.8764,68437,82631,Rhinolophus ferrumequinum,0.024,0.024,-1,Echolocation,/mnt/ubna_data_02_mir/recover-20221013/UBNA_001/20221012_030000.WAV,Telephone Field,recover-20221013,001,1795
454.8975,454.9055,25468,34405,Eptesicus serotinus,0.009,0.027,-1,Echolocation,/mnt/ubna_data_02_mir/recover-20221013/UBNA_001/20221012_030000.WAV,Telephone Field,recover-20221013,001,1795
454.9005,454.9101,57265,62880,Pipistrellus pygmaeus,0.035,0.036,-1,Echolocation,/mnt/ubna_data_02_mir/recover-20221013/UBNA_001/20221012_030000.WAV,Telephone Field,recover-20221013,001,1795
454.9285,454.9706,68437,83299,Rhinolophus ferrumequinum,0.029,0.029,-1,Echolocation,/mnt/ubna_data_02_mir/recover-20221013/UBNA_001/20221012_030000.WAV,Telephone Field,recover-20221013,001,1795
454.9515,454.9602,25468,33599,Nyctalus leisleri,0.006,0.023,-1,Echolocation,/mnt/ubna_data_02_mir/recover-20221013/UBNA_001/20221012_030000.WAV,Telephone Field,recover-20221013,001,1795
454.9805,455.017,68437,82475,Rhinolophus ferrumequinum,0.025,0.025,-1,Echolocation,/mnt/ubna_data_02_mir/recover-20221013/UBNA_001/20221012_030000.WAV,Telephone Field,recover-20221013,001,1795
454.9915,455.0328,68437,82633,Rhinolophus ferrumequinum,0.023,0.023,-1,Echolocation,/mnt/ubna_data_02_mir/recover-20221013/UBNA_001/20221012_030000.WAV,Telephone Field,recover-20221013,001,1795
454.9925,455.0017,25468,32796,Eptesicus serotinus,0.009,0.03,-1,Echolocation,/mnt/ubna_data_02_mir/recover-20221013/UBNA_001/20221012_030000.WAV,Telephone Field,recover-20221013,001,1795
455.0045,455.0429,68437,82529,Rhinolophus ferrumequinum,0.027,0.027,-1,Echolocation,/mnt/ubna_data_02_mir/recover-20221013/UBNA_001/20221012_030000.WAV,Telephone Field,recover-20221013,001,1795
455.0485,455.087,68437,82813,Rhinolophus ferrumequinum,0.023,0.023,-1,Echolocation,/mnt/ubna_data_02_mir/recover-20221013/UBNA_001/20221012_030000.WAV,Telephone Field,recover-20221013,001,1795
455.0675,455.0763,28906,39842,Eptesicus serotinus,0.01,0.027,-1,Echolocation,/mnt/ubna_data_02_mir/recover-20221013/UBNA_001/20221012_030000.WAV,Telephone Field,recover-20221013,001,1795
455.0835,455.1241,68437,82990,Rhinolophus ferrumequinum,0.022,0.023,-1,Echolocation,/mnt/ubna_data_02_mir/recover-20221013/UBNA_001/20221012_030000.WAV,Telephone Field,recover-20221013,001,1795
455.1025,455.139,68437,81969,Rhinolophus ferrumequinum,0.023,0.023,-1,Echolocation,/mnt/ubna_data_02_mir/recover-20221013/UBNA_001/20221012_030000.WAV,Telephone Field,recover-20221013,001,1795
455.1345,455.1733,68437,82481,Rhinolophus ferrumequinum,0.027,0.027,-1,Echolocation,/mnt/ubna_data_02_mir/recover-20221013/UBNA_001/20221012_030000.WAV,Telephone Field,recover-20221013,001,1795
455.1855,455.224,68437,81880,Rhinolophus ferrumequinum,0.022,0.022,-1,Echolocation,/mnt/ubna_data_02_mir/recover-20221013/UBNA_001/20221012_030000.WAV,Telephone Field,recover-20221013,001,1795
455.1985,455.2389,68437,82648,Rhinolophus ferrumequinum,0.024,0.024,-1,Echolocation,/mnt/ubna_data_02_mir/recover-20221013/UBNA_001/20221012_030000.WAV,Telephone Field,recover-20221013,001,1795
455.2235,455.2602,68437,82196,Rhinolophus ferrumequinum,0.023,0.023,-1,Echolocation,/mnt/ubna_data_02_mir/recover-20221013/UBNA_001/20221012_030000.WAV,Telephone Field,recover-20221013,001,1795
455.2255,455.2334,24609,33484,Plecotus austriacus,0.013,0.039,-1,Echolocation,/mnt/ubna_data_02_mir/recover-20221013/UBNA_001/20221012_030000.WAV,Telephone Field,recover-20221013,001,1795
455.2425,455.2495,23750,32553,Plecotus austriacus,0.011,0.023,-1,Echolocation,/mnt/ubna_data_02_mir/recover-20221013/UBNA_001/20221012_030000.WAV,Telephone Field,recover-20221013,001,1795
455.2505,455.2874,68437,81765,Rhinolophus ferrumequinum,0.022,0.022,-1,Echolocation,/mnt/ubna_data_02_mir/recover-20221013/UBNA_001/20221012_030000.WAV,Telephone Field,recover-20221013,001,1795
455.2705,455.306,68437,81633,Rhinolophus ferrumequinum,0.022,0.022,-1,Echolocation,/mnt/ubna_data_02_mir/recover-20221013/UBNA_001/20221012_030000.WAV,Telephone Field,recover-20221013,001,1795
455.2875,455.2962,28906,37117,Eptesicus serotinus,0.011,0.023,-1,Echolocation,/mnt/ubna_data_02_mir/recover-20221013/UBNA_001/20221012_030000.WAV,Telephone Field,recover-20221013,001,1795
455.2975,455.308,51250,57791,Pipistrellus pipistrellus,0.028,0.035,-1,Echolocation,/mnt/ubna_data_02_mir/recover-20221013/UBNA_001/20221012_030000.WAV,Telephone Field,recover-20221013,001,1795
455.2985,455.3398,68437,82258,Rhinolophus ferrumequinum,0.022,0.022,-1,Echolocation,/mnt/ubna_data_02_mir/recover-20221013/UBNA_001/20221012_030000.WAV,Telephone Field,recover-20221013,001,1795
455.3175,455.3543,68437,81985,Rhinolophus ferrumequinum,0.022,0.022,-1,Echolocation,/mnt/ubna_data_02_mir/recover-20221013/UBNA_001/20221012_030000.WAV,Telephone Field,recover-20221013,001,1795
455.3345,455.343,28046,39525,Eptesicus serotinus,0.008,0.022,-1,Echolocation,/mnt/ubna_data_02_mir/recover-20221013/UBNA_001/20221012_030000.WAV,Telephone Field,recover-20221013,001,1795
455.3495,455.3601,28046,35326,Eptesicus serotinus,0.013,0.025,-1,Echolocation,/mnt/ubna_data_02_mir/recover-20221013/UBNA_001/20221012_030000.WAV,Telephone Field,recover-20221013,001,1795
455.3505,455.357,48671,55813,Pipistrellus pipistrellus,0.024,0.025,-1,Echolocation,/mnt/ubna_data_02_mir/recover-20221013/UBNA_001/20221012_030000.WAV,Telephone Field,recover-20221013,001,1795
455.3635,455.3722,26328,34833,Eptesicus serotinus,0.01,0.025,-1,Echolocation,/mnt/ubna_data_02_mir/recover-20221013/UBNA_001/20221012_030000.WAV,Telephone Field,recover-20221013,001,1795
455.3895,455.4271,68437,81860,Rhinolophus ferrumequinum,0.022,0.022,-1,Echolocation,/mnt/ubna_data_02_mir/recover-20221013/UBNA_001/20221012_030000.WAV,Telephone Field,recover-20221013,001,1795
455.4025,455.4118,45234,49150,Pipistrellus pipistrellus,0.033,0.035,-1,Echolocation,/mnt/ubna_data_02_mir/recover-20221013/UBNA_001/20221012_030000.WAV,Telephone Field,recover-20221013,001,1795
455.4065,455.4438,68437,81922,Rhinolophus ferrumequinum,0.024,0.024,-1,Echolocation,/mnt/ubna_data_02_mir/recover-20221013/UBNA_001/20221012_030000.WAV,Telephone Field,recover-20221013,001,1795
455.4165,455.4578,68437,82853,Rhinolophus ferrumequinum,0.031,0.031,-1,Echolocation,/mnt/ubna_data_02_mir/recover-20221013/UBNA_001/20221012_030000.WAV,Telephone Field,recover-20221013,001,1795
455.4485,455.4876,68437,82582,Rhinolophus ferrumequinum,0.026,0.026,-1,Echolocation,/mnt/ubna_data_02_mir/recover-20221013/UBNA_001/20221012_030000.WAV,Telephone Field,recover-20221013,001,1795
455.4495,455.4591,26328,34081,Eptesicus serotinus,0.009,0.023,-1,Echolocation,/mnt/ubna_data_02_mir/recover-20221013/UBNA_001/20221012_030000.WAV,Telephone Field,recover-20221013,001,1795
455.4775,455.514,68437,81043,Rhinolophus ferrumequinum,0.022,0.022,-1,Echolocation,/mnt/ubna_data_02_mir/recover-20221013/UBNA_001/20221012_030000.WAV,Telephone Field,recover-20221013,001,1795
455.4835,455.4917,28906,39633,Eptesicus serotinus,0.008,0.022,-1,Echolocation,/mnt/ubna_data_02_mir/recover-20221013/UBNA_001/20221012_030000.WAV,Telephone Field,recover-20221013,001,1795
455.4875,455.5288,68437,82513,Rhinolophus ferrumequinum,0.024,0.024,-1,Echolocation,/mnt/ubna_data_02_mir/recover-20221013/UBNA_001/20221012_030000.WAV,Telephone Field,recover-20221013,001,1795
455.5015,455.5122,28906,36329,Eptesicus serotinus,0.011,0.023,-1,Echolocation,/mnt/ubna_data_02_mir/recover-20221013/UBNA_001/20221012_030000.WAV,Telephone Field,recover-20221013,001,1795
455.5285,455.5376,28906,39653,Eptesicus serotinus,0.008,0.021,-1,Echolocation,/mnt/ubna_data_02_mir/recover-20221013/UBNA_001/20221012_030000.WAV,Telephone Field,recover-20221013,001,1795
455.5315,455.543,34921,40472,Eptesicus serotinus,0.005,0.024,-1,Echolocation,/mnt/ubna_data_02_mir/recover-20221013/UBNA_001/20221012_030000.WAV,Telephone Field,recover-20221013,001,1795
455.5695,455.6057,68437,81914,Rhinolophus ferrumequinum,0.028,0.028,-1,Echolocation,/mnt/ubna_data_02_mir/recover-20221013/UBNA_001/20221012_030000.WAV,Telephone Field,recover-20221013,001,1795
455.6055,455.64639999999997,68437,82582,Rhinolophus ferrumequinum,0.031,0.031,-1,Echolocation,/mnt/ubna_data_02_mir/recover-20221013/UBNA_001/20221012_030000.WAV,Telephone Field,recover-20221013,001,1795
455.6125,455.6225,28046,36782,Eptesicus serotinus,0.01,0.022,-1,Echolocation,/mnt/ubna_data_02_mir/recover-20221013/UBNA_001/20221012_030000.WAV,Telephone Field,recover-20221013,001,1795
455.6335,455.6706,68437,81955,Rhinolophus ferrumequinum,0.022,0.022,-1,Echolocation,/mnt/ubna_data_02_mir/recover-20221013/UBNA_001/20221012_030000.WAV,Telephone Field,recover-20221013,001,1795
455.6505,455.6928,68437,83706,Rhinolophus ferrumequinum,0.026,0.026,-1,Echolocation,/mnt/ubna_data_02_mir/recover-20221013/UBNA_001/20221012_030000.WAV,Telephone Field,recover-20221013,001,1795
455.6665,455.7056,68437,82322,Rhinolophus ferrumequinum,0.024,0.024,-1,Echolocation,/mnt/ubna_data_02_mir/recover-20221013/UBNA_001/20221012_030000.WAV,Telephone Field,recover-20221013,001,1795
455.6705,455.6835,22890,28316,Nyctalus leisleri,0.012,0.025,-1,Echolocation,/mnt/ubna_data_02_mir/recover-20221013/UBNA_001/20221012_030000.WAV,Telephone Field,recover-20221013,001,1795
455.6795,455.6896,22031,27555,Nyctalus leisleri,0.009,0.023,-1,Echolocation,/mnt/ubna_data_02_mir/recover-20221013/UBNA_001/20221012_030000.WAV,Telephone Field,recover-20221013,001,1795
455.6925,455.7332,68437,82627,Rhinolophus ferrumequinum,0.03,0.031,-1,Echolocation,/mnt/ubna_data_02_mir/recover-20221013/UBNA_001/20221012_030000.WAV,Telephone Field,recover-20221013,001,1795
455.7245,455.7634,68437,81995,Rhinolophus ferrumequinum,0.037,0.037,-1,Echolocation,/mnt/ubna_data_02_mir/recover-20221013/UBNA_001/20221012_030000.WAV,Telephone Field,recover-20221013,001,1795
455.7655,455.7724,26328,36294,Plecotus austriacus,0.008,0.03,-1,Echolocation,/mnt/ubna_data_02_mir/recover-20221013/UBNA_001/20221012_030000.WAV,Telephone Field,recover-20221013,001,1795
455.7795,455.8151,68437,81535,Rhinolophus ferrumequinum,0.022,0.022,-1,Echolocation,/mnt/ubna_data_02_mir/recover-20221013/UBNA_001/20221012_030000.WAV,Telephone Field,recover-20221013,001,1795
455.8015,455.8385,68437,81806,Rhinolophus ferrumequinum,0.025,0.025,-1,Echolocation,/mnt/ubna_data_02_mir/recover-20221013/UBNA_001/20221012_030000.WAV,Telephone Field,recover-20221013,001,1795
455.8145,455.8254,22890,27729,Nyctalus leisleri,0.011,0.023,-1,Echolocation,/mnt/ubna_data_02_mir/recover-20221013/UBNA_001/20221012_030000.WAV,Telephone Field,recover-20221013,001,1795
455.8245,455.8352,22031,26368,Nyctalus leisleri,0.012,0.022,-1,Echolocation,/mnt/ubna_data_02_mir/recover-20221013/UBNA_001/20221012_030000.WAV,Telephone Field,recover-20221013,001,1795
455.8375,455.8439,47812,56275,Pipistrellus pipistrellus,0.023,0.024,-1,Echolocation,/mnt/ubna_data_02_mir/recover-20221013/UBNA_001/20221012_030000.WAV,Telephone Field,recover-20221013,001,1795
455.8375,455.8788,68437,82479,Rhinolophus ferrumequinum,0.032,0.032,-1,Echolocation,/mnt/ubna_data_02_mir/recover-20221013/UBNA_001/20221012_030000.WAV,Telephone Field,recover-20221013,001,1795
455.8575,455.8919,68437,80746,Rhinolophus ferrumequinum,0.022,0.022,-1,Echolocation,/mnt/ubna_data_02_mir/recover-20221013/UBNA_001/20221012_030000.WAV,Telephone Field,recover-20221013,001,1795
455.8845,455.9258,68437,82519,Rhinolophus ferrumequinum,0.025,0.025,-1,Echolocation,/mnt/ubna_data_02_mir/recover-20221013/UBNA_001/20221012_030000.WAV,Telephone Field,recover-20221013,001,1795
455.9005,455.938,68437,82418,Rhinolophus ferrumequinum,0.022,0.022,-1,Echolocation,/mnt/ubna_data_02_mir/recover-20221013/UBNA_001/20221012_030000.WAV,Telephone Field,recover-20221013,001,1795
455.9315,455.9705,68437,82675,Rhinolophus ferrumequinum,0.022,0.022,-1,Echolocation,/mnt/ubna_data_02_mir/recover-20221013/UBNA_001/20221012_030000.WAV,Telephone Field,recover-20221013,001,1795
455.9465,455.9569,22031,27634,Nyctalus leisleri,0.012,0.028,-1,Echolocation,/mnt/ubna_data_02_mir/recover-20221013/UBNA_001/20221012_030000.WAV,Telephone Field,recover-20221013,001,1795
455.9555,455.9661,22890,27818,Nyctalus leisleri,0.012,0.023,-1,Echolocation,/mnt/ubna_data_02_mir/recover-20221013/UBNA_001/20221012_030000.WAV,Telephone Field,recover-20221013,001,1795
456.0015,456.0295,68437,79739,Rhinolophus ferrumequinum,0.028,0.028,-1,Echolocation,/mnt/ubna_data_02_mir/recover-20221013/UBNA_001/20221012_030000.WAV,Telephone Field,recover-20221013,001,1795
456.0015,456.0114,48671,56464,Pipistrellus pipistrellus,0.014,0.022,-1,Echolocation,/mnt/ubna_data_02_mir/recover-20221013/UBNA_001/20221012_030000.WAV,Telephone Field,recover-20221013,001,1795
456.0015,456.0125,25468,32551,Nyctalus leisleri,0.013,0.036,-1,Echolocation,/mnt/ubna_data_02_mir/recover-20221013/UBNA_001/20221012_030000.WAV,Telephone Field,recover-20221013,001,1795
456.0095,456.0165,28046,39042,Eptesicus serotinus,0.006,0.023,-1,Echolocation,/mnt/ubna_data_02_mir/recover-20221013/UBNA_001/20221012_030000.WAV,Telephone Field,recover-20221013,001,1795
456.0175,456.0596,68437,83789,Rhinolophus ferrumequinum,0.024,0.024,-1,Echolocation,/mnt/ubna_data_02_mir/recover-20221013/UBNA_001/20221012_030000.WAV,Telephone Field,recover-20221013,001,1795
456.0535,456.0617,27187,37109,Eptesicus serotinus,0.007,0.021,-1,Echolocation,/mnt/ubna_data_02_mir/recover-20221013/UBNA_001/20221012_030000.WAV,Telephone Field,recover-20221013,001,1795
456.0715,456.1091,68437,81903,Rhinolophus ferrumequinum,0.031,0.031,-1,Echolocation,/mnt/ubna_data_02_mir/recover-20221013/UBNA_001/20221012_030000.WAV,Telephone Field,recover-20221013,001,1795
456.0885,456.0977,22031,28081,Plecotus austriacus,0.011,0.024,-1,Echolocation,/mnt/ubna_data_02_mir/recover-20221013/UBNA_001/20221012_030000.WAV,Telephone Field,recover-20221013,001,1795
456.1205,456.1286,26328,35238,Eptesicus serotinus,0.006,0.022,-1,Echolocation,/mnt/ubna_data_02_mir/recover-20221013/UBNA_001/20221012_030000.WAV,Telephone Field,recover-20221013,001,1795
456.1255,456.1655,68437,82641,Rhinolophus ferrumequinum,0.028,0.028,-1,Echolocation,/mnt/ubna_data_02_mir/recover-20221013/UBNA_001/20221012_030000.WAV,Telephone Field,recover-20221013,001,1795
456.1915,456.2315,68437,82668,Rhinolophus ferrumequinum,0.022,0.022,-1,Echolocation,/mnt/ubna_data_02_mir/recover-20221013/UBNA_001/20221012_030000.WAV,Telephone Field,recover-20221013,001,1795
456.1995,456.2072,28046,42673,Eptesicus serotinus,0.007,0.021,-1,Echolocation,/mnt/ubna_data_02_mir/recover-20221013/UBNA_001/20221012_030000.WAV,Telephone Field,recover-20221013,001,1795
456.2215,456.2283,27187,38883,Eptesicus serotinus,0.007,0.026,-1,Echolocation,/mnt/ubna_data_02_mir/recover-20221013/UBNA_001/20221012_030000.WAV,Telephone Field,recover-20221013,001,1795
456.2355,456.2468,23750,28698,Nyctalus leisleri,0.01,0.023,-1,Echolocation,/mnt/ubna_data_02_mir/recover-20221013/UBNA_001/20221012_030000.WAV,Telephone Field,recover-20221013,001,1795
456.2665,456.2847,20312,23537,Nyctalus noctula,0.014,0.031,-1,Echolocation,/mnt/ubna_data_02_mir/recover-20221013/UBNA_001/20221012_030000.WAV,Telephone Field,recover-20221013,001,1795
456.3015,456.3087,22890,31866,Plecotus austriacus,0.021,0.035,-1,Echolocation,/mnt/ubna_data_02_mir/recover-20221013/UBNA_001/20221012_030000.WAV,Telephone Field,recover-20221013,001,1795
456.3365,456.3715,68437,81573,Rhinolophus ferrumequinum,0.021,0.021,-1,Echolocation,/mnt/ubna_data_02_mir/recover-20221013/UBNA_001/20221012_030000.WAV,Telephone Field,recover-20221013,001,1795
456.3485,456.3909,68437,83214,Rhinolophus ferrumequinum,0.025,0.025,-1,Echolocation,/mnt/ubna_data_02_mir/recover-20221013/UBNA_001/20221012_030000.WAV,Telephone Field,recover-20221013,001,1795
456.3735,456.4115,68437,81661,Rhinolophus ferrumequinum,0.024,0.024,-1,Echolocation,/mnt/ubna_data_02_mir/recover-20221013/UBNA_001/20221012_030000.WAV,Telephone Field,recover-20221013,001,1795
456.3805,456.4206,68437,82345,Rhinolophus ferrumequinum,0.021,0.021,-1,Echolocation,/mnt/ubna_data_02_mir/recover-20221013/UBNA_001/20221012_030000.WAV,Telephone Field,recover-20221013,001,1795
456.3955,456.436,68437,82556,Rhinolophus ferrumequinum,0.027,0.027,-1,Echolocation,/mnt/ubna_data_02_mir/recover-20221013/UBNA_001/20221012_030000.WAV,Telephone Field,recover-20221013,001,1795
456.4145,456.4228,28046,37676,Eptesicus serotinus,0.007,0.021,-1,Echolocation,/mnt/ubna_data_02_mir/recover-20221013/UBNA_001/20221012_030000.WAV,Telephone Field,recover-20221013,001,1795
456.4375,456.4767,68437,82796,Rhinolophus ferrumequinum,0.021,0.021,-1,Echolocation,/mnt/ubna_data_02_mir/recover-20221013/UBNA_001/20221012_030000.WAV,Telephone Field,recover-20221013,001,1795
456.4435,456.4813,68437,82291,Rhinolophus ferrumequinum,0.021,0.021,-1,Echolocation,/mnt/ubna_data_02_mir/recover-20221013/UBNA_001/20221012_030000.WAV,Telephone Field,recover-20221013,001,1795
456.4475,456.4586,27187,34038,Eptesicus serotinus,0.013,0.027,-1,Echolocation,/mnt/ubna_data_02_mir/recover-20221013/UBNA_001/20221012_030000.WAV,Telephone Field,recover-20221013,001,1795
456.4765,456.5162,68437,81878,Rhinolophus ferrumequinum,0.021,0.021,-1,Echolocation,/mnt/ubna_data_02_mir/recover-20221013/UBNA_001/20221012_030000.WAV,Telephone Field,recover-20221013,001,1795
456.4985,456.5337,68437,81169,Rhinolophus ferrumequinum,0.025,0.025,-1,Echolocation,/mnt/ubna_data_02_mir/recover-20221013/UBNA_001/20221012_030000.WAV,Telephone Field,recover-20221013,001,1795
456.6075,456.6148,27187,39093,Eptesicus serotinus,0.006,0.022,-1,Echolocation,/mnt/ubna_data_02_mir/recover-20221013/UBNA_001/20221012_030000.WAV,Telephone Field,recover-20221013,001,1795
456.6175,456.6519,68437,80738,Rhinolophus ferrumequinum,0.022,0.022,-1,Echolocation,/mnt/ubna_data_02_mir/recover-20221013/UBNA_001/20221012_030000.WAV,Telephone Field,recover-20221013,001,1795
456.6245,456.6341,49531,55338,Pipistrellus pipistrellus,0.017,0.023,-1,Echolocation,/mnt/ubna_data_02_mir/recover-20221013/UBNA_001/20221012_030000.WAV,Telephone Field,recover-20221013,001,1795
456.6805,456.7163,68437,81318,Rhinolophus ferrumequinum,0.021,0.021,-1,Echolocation,/mnt/ubna_data_02_mir/recover-20221013/UBNA_001/20221012_030000.WAV,Telephone Field,recover-20221013,001,1795
456.6995,456.7069,26328,35329,Eptesicus serotinus,0.006,0.021,-1,Echolocation,/mnt/ubna_data_02_mir/recover-20221013/UBNA_001/20221012_030000.WAV,Telephone Field,recover-20221013,001,1795
456.7265,456.7622,68437,82102,Rhinolophus ferrumequinum,0.021,0.021,-1,Echolocation,/mnt/ubna_data_02_mir/recover-20221013/UBNA_001/20221012_030000.WAV,Telephone Field,recover-20221013,001,1795
456.7765,456.7859,26328,35730,Eptesicus serotinus,0.008,0.022,-1,Echolocation,/mnt/ubna_data_02_mir/recover-20221013/UBNA_001/20221012_030000.WAV,Telephone Field,recover-20221013,001,1795
456.7995,456.8391,68437,82662,Rhinolophus ferrumequinum,0.023,0.023,-1,Echolocation,/mnt/ubna_data_02_mir/recover-20221013/UBNA_001/20221012_030000.WAV,Telephone Field,recover-20221013,001,1795
456.8205,456.8567,68437,81055,Rhinolophus ferrumequinum,0.021,0.021,-1,Echolocation,/mnt/ubna_data_02_mir/recover-20221013/UBNA_001/20221012_030000.WAV,Telephone Field,recover-20221013,001,1795
456.8555,456.8642,27187,38874,Eptesicus serotinus,0.01,0.026,-1,Echolocation,/mnt/ubna_data_02_mir/recover-20221013/UBNA_001/20221012_030000.WAV,Telephone Field,recover-20221013,001,1795
456.9195,456.9267,28046,39735,Eptesicus serotinus,0.007,0.022,-1,Echolocation,/mnt/ubna_data_02_mir/recover-20221013/UBNA_001/20221012_030000.WAV,Telephone Field,recover-20221013,001,1795
456.9445,456.9512,28906,37923,Eptesicus serotinus,0.007,0.028,-1,Echolocation,/mnt/ubna_data_02_mir/recover-20221013/UBNA_001/20221012_030000.WAV,Telephone Field,recover-20221013,001,1795
456.9485,456.9864,68437,82286,Rhinolophus ferrumequinum,0.021,0.021,-1,Echolocation,/mnt/ubna_data_02_mir/recover-20221013/UBNA_001/20221012_030000.WAV,Telephone Field,recover-20221013,001,1795
457.0135,457.0512,68437,81884,Rhinolophus ferrumequinum,0.024,0.024,-1,Echolocation,/mnt/ubna_data_02_mir/recover-20221013/UBNA_001/20221012_030000.WAV,Telephone Field,recover-20221013,001,1795
457.0235,457.0301,50390,55675,Pipistrellus pipistrellus,0.023,0.027,-1,Echolocation,/mnt/ubna_data_02_mir/recover-20221013/UBNA_001/20221012_030000.WAV,Telephone Field,recover-20221013,001,1795
457.0515,457.0903,68437,82273,Rhinolophus ferrumequinum,0.023,0.023,-1,Echolocation,/mnt/ubna_data_02_mir/recover-20221013/UBNA_001/20221012_030000.WAV,Telephone Field,recover-20221013,001,1795
457.0655,457.1038,68437,82539,Rhinolophus ferrumequinum,0.021,0.021,-1,Echolocation,/mnt/ubna_data_02_mir/recover-20221013/UBNA_001/20221012_030000.WAV,Telephone Field,recover-20221013,001,1795
457.0725,457.0821,22890,29262,Nyctalus leisleri,0.01,0.025,-1,Echolocation,/mnt/ubna_data_02_mir/recover-20221013/UBNA_001/20221012_030000.WAV,Telephone Field,recover-20221013,001,1795
457.1155,457.1551,68437,81715,Rhinolophus ferrumequinum,0.022,0.022,-1,Echolocation,/mnt/ubna_data_02_mir/recover-20221013/UBNA_001/20221012_030000.WAV,Telephone Field,recover-20221013,001,1795
457.1185,457.1307,22890,27042,Nyctalus leisleri,0.015,0.026,-1,Echolocation,/mnt/ubna_data_02_mir/recover-20221013/UBNA_001/20221012_030000.WAV,Telephone Field,recover-20221013,001,1795
457.2155,457.2223,27187,38574,Eptesicus serotinus,0.005,0.021,-1,Echolocation,/mnt/ubna_data_02_mir/recover-20221013/UBNA_001/20221012_030000.WAV,Telephone Field,recover-20221013,001,1795
457.2225,457.26,68437,81644,Rhinolophus ferrumequinum,0.022,0.022,-1,Echolocation,/mnt/ubna_data_02_mir/recover-20221013/UBNA_001/20221012_030000.WAV,Telephone Field,recover-20221013,001,1795
457.2325,457.2425,28046,36121,Eptesicus serotinus,0.009,0.021,-1,Echolocation,/mnt/ubna_data_02_mir/recover-20221013/UBNA_001/20221012_030000.WAV,Telephone Field,recover-20221013,001,1795
457.3005,457.3411,68437,82618,Rhinolophus ferrumequinum,0.021,0.021,-1,Echolocation,/mnt/ubna_data_02_mir/recover-20221013/UBNA_001/20221012_030000.WAV,Telephone Field,recover-20221013,001,1795
457.3145,457.3566,68437,83175,Rhinolophus ferrumequinum,0.034,0.034,-1,Echolocation,/mnt/ubna_data_02_mir/recover-20221013/UBNA_001/20221012_030000.WAV,Telephone Field,recover-20221013,001,1795
457.3625,457.3715,26328,35575,Eptesicus serotinus,0.009,0.024,-1,Echolocation,/mnt/ubna_data_02_mir/recover-20221013/UBNA_001/20221012_030000.WAV,Telephone Field,recover-20221013,001,1795
457.3935,457.4013,46953,52836,Pipistrellus pipistrellus,0.02,0.023,-1,Echolocation,/mnt/ubna_data_02_mir/recover-20221013/UBNA_001/20221012_030000.WAV,Telephone Field,recover-20221013,001,1795
457.4125,457.4194,28046,39681,Eptesicus serotinus,0.006,0.025,-1,Echolocation,/mnt/ubna_data_02_mir/recover-20221013/UBNA_001/20221012_030000.WAV,Telephone Field,recover-20221013,001,1795
457.4345,457.4448,22031,27566,Nyctalus leisleri,0.011,0.027,-1,Echolocation,/mnt/ubna_data_02_mir/recover-20221013/UBNA_001/20221012_030000.WAV,Telephone Field,recover-20221013,001,1795
457.4595,457.4983,68437,82533,Rhinolophus ferrumequinum,0.024,0.024,-1,Echolocation,/mnt/ubna_data_02_mir/recover-20221013/UBNA_001/20221012_030000.WAV,Telephone Field,recover-20221013,001,1795
457.4685,457.5098,68437,82589,Rhinolophus ferrumequinum,0.023,0.023,-1,Echolocation,/mnt/ubna_data_02_mir/recover-20221013/UBNA_001/20221012_030000.WAV,Telephone Field,recover-20221013,001,1795
457.4735,457.4844,22890,27344,Nyctalus leisleri,0.013,0.025,-1,Echolocation,/mnt/ubna_data_02_mir/recover-20221013/UBNA_001/20221012_030000.WAV,Telephone Field,recover-20221013,001,1795
457.4885,457.4953,23750,32741,Plecotus austriacus,0.011,0.023,-1,Echolocation,/mnt/ubna_data_02_mir/recover-20221013/UBNA_001/20221012_030000.WAV,Telephone Field,recover-20221013,001,1795
457.5025,457.5394,68437,82016,Rhinolophus ferrumequinum,0.024,0.024,-1,Echolocation,/mnt/ubna_data_02_mir/recover-20221013/UBNA_001/20221012_030000.WAV,Telephone Field,recover-20221013,001,1795
457.5055,457.5155,27187,37757,Eptesicus serotinus,0.009,0.022,-1,Echolocation,/mnt/ubna_data_02_mir/recover-20221013/UBNA_001/20221012_030000.WAV,Telephone Field,recover-20221013,001,1795
457.5495,457.5906,68437,82433,Rhinolophus ferrumequinum,0.029,0.029,-1,Echolocation,/mnt/ubna_data_02_mir/recover-20221013/UBNA_001/20221012_030000.WAV,Telephone Field,recover-20221013,001,1795
457.5835,457.5928,37500,44583,Myotis daubentonii,0.007,0.027,-1,Echolocation,/mnt/ubna_data_02_mir/recover-20221013/UBNA_001/20221012_030000.WAV,Telephone Field,recover-20221013,001,1795
457.6075,457.6483,68437,82993,Rhinolophus ferrumequinum,0.024,0.024,-1,Echolocation,/mnt/ubna_data_02_mir/recover-20221013/UBNA_001/20221012_030000.WAV,Telephone Field,recover-20221013,001,1795
457.6075,457.6152,28906,37215,Eptesicus serotinus,0.007,0.022,-1,Echolocation,/mnt/ubna_data_02_mir/recover-20221013/UBNA_001/20221012_030000.WAV,Telephone Field,recover-20221013,001,1795
457.6245,457.6359,22031,26478,Nyctalus leisleri,0.014,0.029,-1,Echolocation,/mnt/ubna_data_02_mir/recover-20221013/UBNA_001/20221012_030000.WAV,Telephone Field,recover-20221013,001,1795
457.6245,457.6644,68437,81866,Rhinolophus ferrumequinum,0.022,0.022,-1,Echolocation,/mnt/ubna_data_02_mir/recover-20221013/UBNA_001/20221012_030000.WAV,Telephone Field,recover-20221013,001,1795
457.6385,457.6767,68437,82243,Rhinolophus ferrumequinum,0.021,0.021,-1,Echolocation,/mnt/ubna_data_02_mir/recover-20221013/UBNA_001/20221012_030000.WAV,Telephone Field,recover-20221013,001,1795
457.6855,457.6937,28046,40122,Eptesicus serotinus,0.008,0.023,-1,Echolocation,/mnt/ubna_data_02_mir/recover-20221013/UBNA_001/20221012_030000.WAV,Telephone Field,recover-20221013,001,1795
457.6855,457.7256,68437,82079,Rhinolophus ferrumequinum,0.023,0.023,-1,Echolocation,/mnt/ubna_data_02_mir/recover-20221013/UBNA_001/20221012_030000.WAV,Telephone Field,recover-20221013,001,1795
457.7105,457.7509,68437,82947,Rhinolophus ferrumequinum,0.027,0.027,-1,Echolocation,/mnt/ubna_data_02_mir/recover-20221013/UBNA_001/20221012_030000.WAV,Telephone Field,recover-20221013,001,1795
457.7175,457.7287,25468,31434,Nyctalus leisleri,0.01,0.025,-1,Echolocation,/mnt/ubna_data_02_mir/recover-20221013/UBNA_001/20221012_030000.WAV,Telephone Field,recover-20221013,001,1795
457.7555,457.7642,22890,30286,Plecotus austriacus,0.013,0.029,-1,Echolocation,/mnt/ubna_data_02_mir/recover-20221013/UBNA_001/20221012_030000.WAV,Telephone Field,recover-20221013,001,1795
457.7845,457.7924,30625,38656,Myotis daubentonii,0.008,0.024,-1,Echolocation,/mnt/ubna_data_02_mir/recover-20221013/UBNA_001/20221012_030000.WAV,Telephone Field,recover-20221013,001,1795
457.8145,457.8247,24609,31333,Nyctalus leisleri,0.008,0.024,-1,Echolocation,/mnt/ubna_data_02_mir/recover-20221013/UBNA_001/20221012_030000.WAV,Telephone Field,recover-20221013,001,1795
457.8185,457.8569,68437,82032,Rhinolophus ferrumequinum,0.021,0.021,-1,Echolocation,/mnt/ubna_data_02_mir/recover-20221013/UBNA_001/20221012_030000.WAV,Telephone Field,recover-20221013,001,1795
457.8355,457.8453,28906,37046,Eptesicus serotinus,0.009,0.021,-1,Echolocation,/mnt/ubna_data_02_mir/recover-20221013/UBNA_001/20221012_030000.WAV,Telephone Field,recover-20221013,001,1795
457.8495,457.8853,68437,81454,Rhinolophus ferrumequinum,0.021,0.021,-1,Echolocation,/mnt/ubna_data_02_mir/recover-20221013/UBNA_001/20221012_030000.WAV,Telephone Field,recover-20221013,001,1795
457.8665,457.8763,28906,36240,Eptesicus serotinus,0.011,0.025,-1,Echolocation,/mnt/ubna_data_02_mir/recover-20221013/UBNA_001/20221012_030000.WAV,Telephone Field,recover-20221013,001,1795
457.8835,457.9225,68437,82188,Rhinolophus ferrumequinum,0.036,0.036,-1,Echolocation,/mnt/ubna_data_02_mir/recover-20221013/UBNA_001/20221012_030000.WAV,Telephone Field,recover-20221013,001,1795
457.8955,457.9057,22031,26185,Nyctalus leisleri,0.011,0.021,-1,Echolocation,/mnt/ubna_data_02_mir/recover-20221013/UBNA_001/20221012_030000.WAV,Telephone Field,recover-20221013,001,1795
457.9055,457.9431,68437,81329,Rhinolophus ferrumequinum,0.021,0.021,-1,Echolocation,/mnt/ubna_data_02_mir/recover-20221013/UBNA_001/20221012_030000.WAV,Telephone Field,recover-20221013,001,1795
458.0015,458.0099,23750,32864,Nyctalus leisleri,0.006,0.024,-1,Echolocation,/mnt/ubna_data_02_mir/recover-20221013/UBNA_001/20221012_030000.WAV,Telephone Field,recover-20221013,001,1795
458.0015,458.0305,69296,80518,Rhinolophus ferrumequinum,0.029,0.029,-1,Echolocation,/mnt/ubna_data_02_mir/recover-20221013/UBNA_001/20221012_030000.WAV,Telephone Field,recover-20221013,001,1795
458.0035,458.0119,42656,48434,Pipistrellus pipistrellus,0.023,0.033,-1,Echolocation,/mnt/ubna_data_02_mir/recover-20221013/UBNA_001/20221012_030000.WAV,Telephone Field,recover-20221013,001,1795
458.0135,458.021,23750,32845,Plecotus austriacus,0.007,0.022,-1,Echolocation,/mnt/ubna_data_02_mir/recover-20221013/UBNA_001/20221012_030000.WAV,Telephone Field,recover-20221013,001,1795
458.0225,458.0342,44375,47963,Pipistrellus pipistrellus,0.035,0.041,-1,Echolocation,/mnt/ubna_data_02_mir/recover-20221013/UBNA_001/20221012_030000.WAV,Telephone Field,recover-20221013,001,1795
458.0325,458.0727,68437,82195,Rhinolophus ferrumequinum,0.021,0.021,-1,Echolocation,/mnt/ubna_data_02_mir/recover-20221013/UBNA_001/20221012_030000.WAV,Telephone Field,recover-20221013,001,1795
458.0335,458.041,23750,32095,Plecotus austriacus,0.008,0.022,-1,Echolocation,/mnt/ubna_data_02_mir/recover-20221013/UBNA_001/20221012_030000.WAV,Telephone Field,recover-20221013,001,1795
458.0675,458.1073,68437,82371,Rhinolophus ferrumequinum,0.027,0.027,-1,Echolocation,/mnt/ubna_data_02_mir/recover-20221013/UBNA_001/20221012_030000.WAV,Telephone Field,recover-20221013,001,1795
458.0955,458.1078,22890,28490,Nyctalus leisleri,0.011,0.024,-1,Echolocation,/mnt/ubna_data_02_mir/recover-20221013/UBNA_001/20221012_030000.WAV,Telephone Field,recover-20221013,001,1795
458.1075,458.1182,23750,28890,Nyctalus leisleri,0.016,0.033,-1,Echolocation,/mnt/ubna_data_02_mir/recover-20221013/UBNA_001/20221012_030000.WAV,Telephone Field,recover-20221013,001,1795
458.1455,458.1841,68437,81683,Rhinolophus ferrumequinum,0.025,0.025,-1,Echolocation,/mnt/ubna_data_02_mir/recover-20221013/UBNA_001/20221012_030000.WAV,Telephone Field,recover-20221013,001,1795
458.1665,458.2061,68437,82014,Rhinolophus ferrumequinum,0.023,0.023,-1,Echolocation,/mnt/ubna_data_02_mir/recover-20221013/UBNA_001/20221012_030000.WAV,Telephone Field,recover-20221013,001,1795
458.1705,458.1787,26328,36943,Eptesicus serotinus,0.006,0.021,-1,Echolocation,/mnt/ubna_data_02_mir/recover-20221013/UBNA_001/20221012_030000.WAV,Telephone Field,recover-20221013,001,1795
458.1865,458.1985,24609,30693,Eptesicus serotinus,0.009,0.023,-1,Echolocation,/mnt/ubna_data_02_mir/recover-20221013/UBNA_001/20221012_030000.WAV,Telephone Field,recover-20221013,001,1795
458.1925,458.2329,68437,82527,Rhinolophus ferrumequinum,0.024,0.024,-1,Echolocation,/mnt/ubna_data_02_mir/recover-20221013/UBNA_001/20221012_030000.WAV,Telephone Field,recover-20221013,001,1795
458.1995,458.2373,68437,81911,Rhinolophus ferrumequinum,0.022,0.022,-1,Echolocation,/mnt/ubna_data_02_mir/recover-20221013/UBNA_001/20221012_030000.WAV,Telephone Field,recover-20221013,001,1795
458.2215,458.2595,68437,81765,Rhinolophus ferrumequinum,0.022,0.022,-1,Echolocation,/mnt/ubna_data_02_mir/recover-20221013/UBNA_001/20221012_030000.WAV,Telephone Field,recover-20221013,001,1795
458.2575,458.2965,68437,81987,Rhinolophus ferrumequinum,0.022,0.022,-1,Echolocation,/mnt/ubna_data_02_mir/recover-20221013/UBNA_001/20221012_030000.WAV,Telephone Field,recover-20221013,001,1795
458.2915,458.33,68437,81720,Rhinolophus ferrumequinum,0.022,0.022,-1,Echolocation,/mnt/ubna_data_02_mir/recover-20221013/UBNA_001/20221012_030000.WAV,Telephone Field,recover-20221013,001,1795
458.3115,458.32,27187,42461,Eptesicus serotinus,0.009,0.025,-1,Echolocation,/mnt/ubna_data_02_mir/recover-20221013/UBNA_001/20221012_030000.WAV,Telephone Field,recover-20221013,001,1795
458.3225,458.3341,28906,36193,Eptesicus serotinus,0.014,0.026,-1,Echolocation,/mnt/ubna_data_02_mir/recover-20221013/UBNA_001/20221012_030000.WAV,Telephone Field,recover-20221013,001,1795
458.3355,458.3749,68437,82180,Rhinolophus ferrumequinum,0.023,0.023,-1,Echolocation,/mnt/ubna_data_02_mir/recover-20221013/UBNA_001/20221012_030000.WAV,Telephone Field,recover-20221013,001,1795
458.3395,458.3508,49531,54264,Pipistrellus pipistrellus,0.02,0.024,-1,Echolocation,/mnt/ubna_data_02_mir/recover-20221013/UBNA_001/20221012_030000.WAV,Telephone Field,recover-20221013,001,1795
458.3515,458.3591,28046,38048,Eptesicus serotinus,0.009,0.025,-1,Echolocation,/mnt/ubna_data_02_mir/recover-20221013/UBNA_001/20221012_030000.WAV,Telephone Field,recover-20221013,001,1795
458.3605,458.4047,68437,83113,Rhinolophus ferrumequinum,0.026,0.026,-1,Echolocation,/mnt/ubna_data_02_mir/recover-20221013/UBNA_001/20221012_030000.WAV,Telephone Field,recover-20221013,001,1795
458.3975,458.4387,68437,82429,Rhinolophus ferrumequinum,0.022,0.022,-1,Echolocation,/mnt/ubna_data_02_mir/recover-20221013/UBNA_001/20221012_030000.WAV,Telephone Field,recover-20221013,001,1795
458.4075,458.4165,23750,30862,Nyctalus leisleri,0.007,0.021,-1,Echolocation,/mnt/ubna_data_02_mir/recover-20221013/UBNA_001/20221012_030000.WAV,Telephone Field,recover-20221013,001,1795
458.4315,458.4679,68437,81604,Rhinolophus ferrumequinum,0.021,0.021,-1,Echolocation,/mnt/ubna_data_02_mir/recover-20221013/UBNA_001/20221012_030000.WAV,Telephone Field,recover-20221013,001,1795
458.4325,458.4435,28906,37007,Eptesicus serotinus,0.01,0.023,-1,Echolocation,/mnt/ubna_data_02_mir/recover-20221013/UBNA_001/20221012_030000.WAV,Telephone Field,recover-20221013,001,1795
458.4575,458.4663,27187,35657,Eptesicus serotinus,0.009,0.025,-1,Echolocation,/mnt/ubna_data_02_mir/recover-20221013/UBNA_001/20221012_030000.WAV,Telephone Field,recover-20221013,001,1795
458.4815,458.5249,68437,83180,Rhinolophus ferrumequinum,0.027,0.027,-1,Echolocation,/mnt/ubna_data_02_mir/recover-20221013/UBNA_001/20221012_030000.WAV,Telephone Field,recover-20221013,001,1795
458.5275,458.5412,56406,62144,Pipistrellus pygmaeus,0.02,0.022,-1,Echolocation,/mnt/ubna_data_02_mir/recover-20221013/UBNA_001/20221012_030000.WAV,Telephone Field,recover-20221013,001,1795
458.5485,458.588,68437,82156,Rhinolophus ferrumequinum,0.021,0.021,-1,Echolocation,/mnt/ubna_data_02_mir/recover-20221013/UBNA_001/20221012_030000.WAV,Telephone Field,recover-20221013,001,1795
458.5585,458.5995,68437,82964,Rhinolophus ferrumequinum,0.023,0.023,-1,Echolocation,/mnt/ubna_data_02_mir/recover-20221013/UBNA_001/20221012_030000.WAV,Telephone Field,recover-20221013,001,1795
458.5645,458.5768,37500,42304,Pipistrellus nathusii,0.02,0.032,-1,Echolocation,/mnt/ubna_data_02_mir/recover-20221013/UBNA_001/20221012_030000.WAV,Telephone Field,recover-20221013,001,1795
458.58050000000003,458.6208,68437,82415,Rhinolophus ferrumequinum,0.023,0.023,-1,Echolocation,/mnt/ubna_data_02_mir/recover-20221013/UBNA_001/20221012_030000.WAV,Telephone Field,recover-20221013,001,1795
458.5945,458.6345,68437,82625,Rhinolophus ferrumequinum,0.024,0.024,-1,Echolocation,/mnt/ubna_data_02_mir/recover-20221013/UBNA_001/20221012_030000.WAV,Telephone Field,recover-20221013,001,1795
458.6005,458.6077,26328,38851,Eptesicus serotinus,0.006,0.021,-1,Echolocation,/mnt/ubna_data_02_mir/recover-20221013/UBNA_001/20221012_030000.WAV,Telephone Field,recover-20221013,001,1795
458.6225,458.6592,68437,81283,Rhinolophus ferrumequinum,0.021,0.021,-1,Echolocation,/mnt/ubna_data_02_mir/recover-20221013/UBNA_001/20221012_030000.WAV,Telephone Field,recover-20221013,001,1795
458.6375,458.6762,68437,81458,Rhinolophus ferrumequinum,0.028,0.028,-1,Echolocation,/mnt/ubna_data_02_mir/recover-20221013/UBNA_001/20221012_030000.WAV,Telephone Field,recover-20221013,001,1795
458.6515,458.6588,28046,39762,Eptesicus serotinus,0.008,0.027,-1,Echolocation,/mnt/ubna_data_02_mir/recover-20221013/UBNA_001/20221012_030000.WAV,Telephone Field,recover-20221013,001,1795
458.7015,458.7422,68437,83010,Rhinolophus ferrumequinum,0.026,0.026,-1,Echolocation,/mnt/ubna_data_02_mir/recover-20221013/UBNA_001/20221012_030000.WAV,Telephone Field,recover-20221013,001,1795
458.7465,458.7572,28046,36905,Eptesicus serotinus,0.013,0.028,-1,Echolocation,/mnt/ubna_data_02_mir/recover-20221013/UBNA_001/20221012_030000.WAV,Telephone Field,recover-20221013,001,1795
458.7875,458.7979,22890,27622,Nyctalus leisleri,0.01,0.021,-1,Echolocation,/mnt/ubna_data_02_mir/recover-20221013/UBNA_001/20221012_030000.WAV,Telephone Field,recover-20221013,001,1795
458.8115,458.8552,68437,83062,Rhinolophus ferrumequinum,0.041,0.041,-1,Echolocation,/mnt/ubna_data_02_mir/recover-20221013/UBNA_001/20221012_030000.WAV,Telephone Field,recover-20221013,001,1795
458.8485,458.8597,35781,42061,Barbastellus barbastellus,0.01,0.036,-1,Echolocation,/mnt/ubna_data_02_mir/recover-20221013/UBNA_001/20221012_030000.WAV,Telephone Field,recover-20221013,001,1795
458.8675,458.9023,68437,80675,Rhinolophus ferrumequinum,0.02,0.02,-1,Echolocation,/mnt/ubna_data_02_mir/recover-20221013/UBNA_001/20221012_030000.WAV,Telephone Field,recover-20221013,001,1795
458.9085,458.9496,68437,82392,Rhinolophus ferrumequinum,0.034,0.034,-1,Echolocation,/mnt/ubna_data_02_mir/recover-20221013/UBNA_001/20221012_030000.WAV,Telephone Field,recover-20221013,001,1795
458.9115,458.9223,28046,36400,Eptesicus serotinus,0.013,0.027,-1,Echolocation,/mnt/ubna_data_02_mir/recover-20221013/UBNA_001/20221012_030000.WAV,Telephone Field,recover-20221013,001,1795
458.9355,458.9732,68437,82371,Rhinolophus ferrumequinum,0.023,0.023,-1,Echolocation,/mnt/ubna_data_02_mir/recover-20221013/UBNA_001/20221012_030000.WAV,Telephone Field,recover-20221013,001,1795
458.9685,459.0097,68437,82156,Rhinolophus ferrumequinum,0.023,0.023,-1,Echolocation,/mnt/ubna_data_02_mir/recover-20221013/UBNA_001/20221012_030000.WAV,Telephone Field,recover-20221013,001,1795
458.9745,458.9817,28046,40328,Eptesicus serotinus,0.007,0.021,-1,Echolocation,/mnt/ubna_data_02_mir/recover-20221013/UBNA_001/20221012_030000.WAV,Telephone Field,recover-20221013,001,1795
459.0015,459.0101,22890,30702,Plecotus austriacus,0.008,0.021,-1,Echolocation,/mnt/ubna_data_02_mir/recover-20221013/UBNA_001/20221012_030000.WAV,Telephone Field,recover-20221013,001,1795
459.0185,459.0585,68437,82322,Rhinolophus ferrumequinum,0.024,0.024,-1,Echolocation,/mnt/ubna_data_02_mir/recover-20221013/UBNA_001/20221012_030000.WAV,Telephone Field,recover-20221013,001,1795
459.0195,459.0298,23750,29888,Nyctalus leisleri,0.008,0.022,-1,Echolocation,/mnt/ubna_data_02_mir/recover-20221013/UBNA_001/20221012_030000.WAV,Telephone Field,recover-20221013,001,1795
459.0565,459.0967,68437,82564,Rhinolophus ferrumequinum,0.021,0.021,-1,Echolocation,/mnt/ubna_data_02_mir/recover-20221013/UBNA_001/20221012_030000.WAV,Telephone Field,recover-20221013,001,1795
459.0595,459.0674,28046,39324,Eptesicus serotinus,0.007,0.022,-1,Echolocation,/mnt/ubna_data_02_mir/recover-20221013/UBNA_001/20221012_030000.WAV,Telephone Field,recover-20221013,001,1795
459.0845,459.1221,68437,81674,Rhinolophus ferrumequinum,0.023,0.023,-1,Echolocation,/mnt/ubna_data_02_mir/recover-20221013/UBNA_001/20221012_030000.WAV,Telephone Field,recover-20221013,001,1795
459.1075,459.1146,27187,37307,Eptesicus serotinus,0.008,0.025,-1,Echolocation,/mnt/ubna_data_02_mir/recover-20221013/UBNA_001/20221012_030000.WAV,Telephone Field,recover-20221013,001,1795
459.1265,459.1348,23750,31967,Plecotus austriacus,0.009,0.024,-1,Echolocation,/mnt/ubna_data_02_mir/recover-20221013/UBNA_001/20221012_030000.WAV,Telephone Field,recover-20221013,001,1795
459.1435,459.1827,68437,82499,Rhinolophus ferrumequinum,0.022,0.022,-1,Echolocation,/mnt/ubna_data_02_mir/recover-20221013/UBNA_001/20221012_030000.WAV,Telephone Field,recover-20221013,001,1795
459.1495,459.1907,68437,82542,Rhinolophus ferrumequinum,0.021,0.021,-1,Echolocation,/mnt/ubna_data_02_mir/recover-20221013/UBNA_001/20221012_030000.WAV,Telephone Field,recover-20221013,001,1795
459.1725,459.1826,28906,39338,Eptesicus serotinus,0.009,0.022,-1,Echolocation,/mnt/ubna_data_02_mir/recover-20221013/UBNA_001/20221012_030000.WAV,Telephone Field,recover-20221013,001,1795
459.2215,459.2309,24609,32500,Nyctalus leisleri,0.007,0.024,-1,Echolocation,/mnt/ubna_data_02_mir/recover-20221013/UBNA_001/20221012_030000.WAV,Telephone Field,recover-20221013,001,1795
459.2255,459.2618,68437,82079,Rhinolophus ferrumequinum,0.023,0.023,-1,Echolocation,/mnt/ubna_data_02_mir/recover-20221013/UBNA_001/20221012_030000.WAV,Telephone Field,recover-20221013,001,1795
459.2445,459.2852,68437,82608,Rhinolophus ferrumequinum,0.023,0.023,-1,Echolocation,/mnt/ubna_data_02_mir/recover-20221013/UBNA_001/20221012_030000.WAV,Telephone Field,recover-20221013,001,1795
459.2865,459.2948,28906,37878,Eptesicus serotinus,0.009,0.024,-1,Echolocation,/mnt/ubna_data_02_mir/recover-20221013/UBNA_001/20221012_030000.WAV,Telephone Field,recover-20221013,001,1795
459.3125,459.3206,28906,39722,Eptesicus serotinus,0.007,0.021,-1,Echolocation,/mnt/ubna_data_02_mir/recover-20221013/UBNA_001/20221012_030000.WAV,Telephone Field,recover-20221013,001,1795
459.3275,459.3692,68437,82473,Rhinolophus ferrumequinum,0.028,0.028,-1,Echolocation,/mnt/ubna_data_02_mir/recover-20221013/UBNA_001/20221012_030000.WAV,Telephone Field,recover-20221013,001,1795
459.3495,459.3863,68437,81771,Rhinolophus ferrumequinum,0.023,0.023,-1,Echolocation,/mnt/ubna_data_02_mir/recover-20221013/UBNA_001/20221012_030000.WAV,Telephone Field,recover-20221013,001,1795
459.3545,459.3641,24609,31685,Eptesicus serotinus,0.007,0.021,-1,Echolocation,/mnt/ubna_data_02_mir/recover-20221013/UBNA_001/20221012_030000.WAV,Telephone Field,recover-20221013,001,1795
459.3745,459.416,68437,82671,Rhinolophus ferrumequinum,0.028,0.028,-1,Echolocation,/mnt/ubna_data_02_mir/recover-20221013/UBNA_001/20221012_030000.WAV,Telephone Field,recover-20221013,001,1795
459.3805,459.3913,23750,29562,Nyctalus leisleri,0.009,0.022,-1,Echolocation,/mnt/ubna_data_02_mir/recover-20221013/UBNA_001/20221012_030000.WAV,Telephone Field,recover-20221013,001,1795
459.4025,459.4419,68437,82893,Rhinolophus ferrumequinum,0.028,0.028,-1,Echolocation,/mnt/ubna_data_02_mir/recover-20221013/UBNA_001/20221012_030000.WAV,Telephone Field,recover-20221013,001,1795
459.4065,459.4147,28906,39034,Eptesicus serotinus,0.007,0.023,-1,Echolocation,/mnt/ubna_data_02_mir/recover-20221013/UBNA_001/20221012_030000.WAV,Telephone Field,recover-20221013,001,1795
459.4255,459.4401,22890,27199,Nyctalus leisleri,0.027,0.048,-1,Echolocation,/mnt/ubna_data_02_mir/recover-20221013/UBNA_001/20221012_030000.WAV,Telephone Field,recover-20221013,001,1795
459.4375,459.4754,68437,82254,Rhinolophus ferrumequinum,0.022,0.022,-1,Echolocation,/mnt/ubna_data_02_mir/recover-20221013/UBNA_001/20221012_030000.WAV,Telephone Field,recover-20221013,001,1795
459.4415,459.4523,22890,27597,Nyctalus leisleri,0.01,0.021,-1,Echolocation,/mnt/ubna_data_02_mir/recover-20221013/UBNA_001/20221012_030000.WAV,Telephone Field,recover-20221013,001,1795
459.4625,459.5015,68437,82603,Rhinolophus ferrumequinum,0.023,0.023,-1,Echolocation,/mnt/ubna_data_02_mir/recover-20221013/UBNA_001/20221012_030000.WAV,Telephone Field,recover-20221013,001,1795
459.4995,459.5393,68437,82739,Rhinolophus ferrumequinum,0.024,0.024,-1,Echolocation,/mnt/ubna_data_02_mir/recover-20221013/UBNA_001/20221012_030000.WAV,Telephone Field,recover-20221013,001,1795
459.5525,459.5878,68437,80791,Rhinolophus ferrumequinum,0.022,0.022,-1,Echolocation,/mnt/ubna_data_02_mir/recover-20221013/UBNA_001/20221012_030000.WAV,Telephone Field,recover-20221013,001,1795
459.5695,459.5782,22890,29950,Plecotus austriacus,0.007,0.022,-1,Echolocation,/mnt/ubna_data_02_mir/recover-20221013/UBNA_001/20221012_030000.WAV,Telephone Field,recover-20221013,001,1795
459.5915,459.6298,68437,82008,Rhinolophus ferrumequinum,0.027,0.027,-1,Echolocation,/mnt/ubna_data_02_mir/recover-20221013/UBNA_001/20221012_030000.WAV,Telephone Field,recover-20221013,001,1795
459.6055,459.6159,22890,28767,Nyctalus leisleri,0.009,0.023,-1,Echolocation,/mnt/ubna_data_02_mir/recover-20221013/UBNA_001/20221012_030000.WAV,Telephone Field,recover-20221013,001,1795
459.6395,459.648,27187,36540,Eptesicus serotinus,0.009,0.023,-1,Echolocation,/mnt/ubna_data_02_mir/recover-20221013/UBNA_001/20221012_030000.WAV,Telephone Field,recover-20221013,001,1795
459.6475,459.6573,28046,35485,Eptesicus serotinus,0.009,0.022,-1,Echolocation,/mnt/ubna_data_02_mir/recover-20221013/UBNA_001/20221012_030000.WAV,Telephone Field,recover-20221013,001,1795
459.6535,459.693,68437,81696,Rhinolophus ferrumequinum,0.021,0.021,-1,Echolocation,/mnt/ubna_data_02_mir/recover-20221013/UBNA_001/20221012_030000.WAV,Telephone Field,recover-20221013,001,1795
459.6665,459.6761,27187,36504,Eptesicus serotinus,0.01,0.022,-1,Echolocation,/mnt/ubna_data_02_mir/recover-20221013/UBNA_001/20221012_030000.WAV,Telephone Field,recover-20221013,001,1795
459.6795,459.7169,68437,81536,Rhinolophus ferrumequinum,0.021,0.021,-1,Echolocation,/mnt/ubna_data_02_mir/recover-20221013/UBNA_001/20221012_030000.WAV,Telephone Field,recover-20221013,001,1795
459.6945,459.7339,68437,81939,Rhinolophus ferrumequinum,0.024,0.024,-1,Echolocation,/mnt/ubna_data_02_mir/recover-20221013/UBNA_001/20221012_030000.WAV,Telephone Field,recover-20221013,001,1795
459.7435,459.7525,22890,29420,Plecotus austriacus,0.008,0.022,-1,Echolocation,/mnt/ubna_data_02_mir/recover-20221013/UBNA_001/20221012_030000.WAV,Telephone Field,recover-20221013,001,1795
459.7445,459.7862,68437,82150,Rhinolophus ferrumequinum,0.026,0.026,-1,Echolocation,/mnt/ubna_data_02_mir/recover-20221013/UBNA_001/20221012_030000.WAV,Telephone Field,recover-20221013,001,1795
459.7665,459.8078,68437,82796,Rhinolophus ferrumequinum,0.024,0.024,-1,Echolocation,/mnt/ubna_data_02_mir/recover-20221013/UBNA_001/20221012_030000.WAV,Telephone Field,recover-20221013,001,1795
459.7745,459.8152,68437,82835,Rhinolophus ferrumequinum,0.022,0.022,-1,Echolocation,/mnt/ubna_data_02_mir/recover-20221013/UBNA_001/20221012_030000.WAV,Telephone Field,recover-20221013,001,1795
459.8335,459.8743,68437,82357,Rhinolophus ferrumequinum,0.021,0.021,-1,Echolocation,/mnt/ubna_data_02_mir/recover-20221013/UBNA_001/20221012_030000.WAV,Telephone Field,recover-20221013,001,1795
459.9095,459.9461,68437,81919,Rhinolophus ferrumequinum,0.024,0.024,-1,Echolocation,/mnt/ubna_data_02_mir/recover-20221013/UBNA_001/20221012_030000.WAV,Telephone Field,recover-20221013,001,1795
459.9235,459.9669,68437,83142,Rhinolophus ferrumequinum,0.03,0.03,-1,Echolocation,/mnt/ubna_data_02_mir/recover-20221013/UBNA_001/20221012_030000.WAV,Telephone Field,recover-20221013,001,1795
459.9565,459.9658,26328,34656,Eptesicus serotinus,0.01,0.023,-1,Echolocation,/mnt/ubna_data_02_mir/recover-20221013/UBNA_001/20221012_030000.WAV,Telephone Field,recover-20221013,001,1795
459.9805,459.9906,22031,26912,Nyctalus leisleri,0.01,0.02,-1,Echolocation,/mnt/ubna_data_02_mir/recover-20221013/UBNA_001/20221012_030000.WAV,Telephone Field,recover-20221013,001,1795
460.0015,460.0118,30625,38278,Eptesicus serotinus,0.01,0.029,-1,Echolocation,/mnt/ubna_data_02_mir/recover-20221013/UBNA_001/20221012_030000.WAV,Telephone Field,recover-20221013,001,1795
460.0015,460.0099,25468,36224,Nyctalus leisleri,0.008,0.031,-1,Echolocation,/mnt/ubna_data_02_mir/recover-20221013/UBNA_001/20221012_030000.WAV,Telephone Field,recover-20221013,001,1795
460.0015,460.034,69296,82300,Rhinolophus ferrumequinum,0.025,0.025,-1,Echolocation,/mnt/ubna_data_02_mir/recover-20221013/UBNA_001/20221012_030000.WAV,Telephone Field,recover-20221013,001,1795
460.0475,460.0828,68437,82097,Rhinolophus ferrumequinum,0.022,0.022,-1,Echolocation,/mnt/ubna_data_02_mir/recover-20221013/UBNA_001/20221012_030000.WAV,Telephone Field,recover-20221013,001,1795
460.0675,460.1049,68437,82381,Rhinolophus ferrumequinum,0.024,0.024,-1,Echolocation,/mnt/ubna_data_02_mir/recover-20221013/UBNA_001/20221012_030000.WAV,Telephone Field,recover-20221013,001,1795
460.0815,460.0902,24609,32770,Nyctalus leisleri,0.006,0.021,-1,Echolocation,/mnt/ubna_data_02_mir/recover-20221013/UBNA_001/20221012_030000.WAV,Telephone Field,recover-20221013,001,1795
460.0915,460.103,23750,29687,Nyctalus leisleri,0.009,0.022,-1,Echolocation,/mnt/ubna_data_02_mir/recover-20221013/UBNA_001/20221012_030000.WAV,Telephone Field,recover-20221013,001,1795
460.0915,460.1258,68437,81231,Rhinolophus ferrumequinum,0.021,0.021,-1,Echolocation,/mnt/ubna_data_02_mir/recover-20221013/UBNA_001/20221012_030000.WAV,Telephone Field,recover-20221013,001,1795
460.1255,460.1659,68437,82578,Rhinolophus ferrumequinum,0.023,0.023,-1,Echolocation,/mnt/ubna_data_02_mir/recover-20221013/UBNA_001/20221012_030000.WAV,Telephone Field,recover-20221013,001,1795
460.1315,460.1385,28046,44522,Eptesicus serotinus,0.006,0.021,-1,Echolocation,/mnt/ubna_data_02_mir/recover-20221013/UBNA_001/20221012_030000.WAV,Telephone Field,recover-20221013,001,1795
460.1685,460.1784,24609,30989,Nyctalus leisleri,0.008,0.023,-1,Echolocation,/mnt/ubna_data_02_mir/recover-20221013/UBNA_001/20221012_030000.WAV,Telephone Field,recover-20221013,001,1795
460.1815,460.2194,68437,81916,Rhinolophus ferrumequinum,0.024,0.024,-1,Echolocation,/mnt/ubna_data_02_mir/recover-20221013/UBNA_001/20221012_030000.WAV,Telephone Field,recover-20221013,001,1795
460.1835,460.1925,28046,43169,Eptesicus serotinus,0.009,0.024,-1,Echolocation,/mnt/ubna_data_02_mir/recover-20221013/UBNA_001/20221012_030000.WAV,Telephone Field,recover-20221013,001,1795
460.2115,460.2555,68437,83622,Rhinolophus ferrumequinum,0.042,0.042,-1,Echolocation,/mnt/ubna_data_02_mir/recover-20221013/UBNA_001/20221012_030000.WAV,Telephone Field,recover-20221013,001,1795
460.2205,460.2295,22890,29334,Nyctalus leisleri,0.008,0.022,-1,Echolocation,/mnt/ubna_data_02_mir/recover-20221013/UBNA_001/20221012_030000.WAV,Telephone Field,recover-20221013,001,1795
460.2635,460.3042,68437,82254,Rhinolophus ferrumequinum,0.025,0.025,-1,Echolocation,/mnt/ubna_data_02_mir/recover-20221013/UBNA_001/20221012_030000.WAV,Telephone Field,recover-20221013,001,1795
460.2855,460.3261,68437,82232,Rhinolophus ferrumequinum,0.024,0.024,-1,Echolocation,/mnt/ubna_data_02_mir/recover-20221013/UBNA_001/20221012_030000.WAV,Telephone Field,recover-20221013,001,1795
460.33050000000003,460.3375,28046,40582,Eptesicus serotinus,0.007,0.024,-1,Echolocation,/mnt/ubna_data_02_mir/recover-20221013/UBNA_001/20221012_030000.WAV,Telephone Field,recover-20221013,001,1795
460.3475,460.3871,68437,82306,Rhinolophus ferrumequinum,0.023,0.023,-1,Echolocation,/mnt/ubna_data_02_mir/recover-20221013/UBNA_001/20221012_030000.WAV,Telephone Field,recover-20221013,001,1795
460.3785,460.4192,68437,82025,Rhinolophus ferrumequinum,0.023,0.023,-1,Echolocation,/mnt/ubna_data_02_mir/recover-20221013/UBNA_001/20221012_030000.WAV,Telephone Field,recover-20221013,001,1795
460.3915,460.4302,68437,81884,Rhinolophus ferrumequinum,0.022,0.022,-1,Echolocation,/mnt/ubna_data_02_mir/recover-20221013/UBNA_001/20221012_030000.WAV,Telephone Field,recover-20221013,001,1795
460.4005,460.4387,68437,83125,Rhinolophus ferrumequinum,0.026,0.026,-1,Echolocation,/mnt/ubna_data_02_mir/recover-20221013/UBNA_001/20221012_030000.WAV,Telephone Field,recover-20221013,001,1795
460.4165,460.4238,23750,32639,Plecotus austriacus,0.01,0.022,-1,Echolocation,/mnt/ubna_data_02_mir/recover-20221013/UBNA_001/20221012_030000.WAV,Telephone Field,recover-20221013,001,1795
460.41949999999997,460.4629,68437,83578,Rhinolophus ferrumequinum,0.035,0.035,-1,Echolocation,/mnt/ubna_data_02_mir/recover-20221013/UBNA_001/20221012_030000.WAV,Telephone Field,recover-20221013,001,1795
460.4345,460.4422,26328,35371,Eptesicus serotinus,0.01,0.028,-1,Echolocation,/mnt/ubna_data_02_mir/recover-20221013/UBNA_001/20221012_030000.WAV,Telephone Field,recover-20221013,001,1795
460.4425,460.4826,68437,82252,Rhinolophus ferrumequinum,0.025,0.025,-1,Echolocation,/mnt/ubna_data_02_mir/recover-20221013/UBNA_001/20221012_030000.WAV,Telephone Field,recover-20221013,001,1795
460.4455,460.4534,45234,52806,Pipistrellus pipistrellus,0.018,0.024,-1,Echolocation,/mnt/ubna_data_02_mir/recover-20221013/UBNA_001/20221012_030000.WAV,Telephone Field,recover-20221013,001,1795
460.4865,460.4948,27187,37366,Eptesicus serotinus,0.006,0.021,-1,Echolocation,/mnt/ubna_data_02_mir/recover-20221013/UBNA_001/20221012_030000.WAV,Telephone Field,recover-20221013,001,1795
460.5155,460.5278,22031,25817,Nyctalus leisleri,0.015,0.024,-1,Echolocation,/mnt/ubna_data_02_mir/recover-20221013/UBNA_001/20221012_030000.WAV,Telephone Field,recover-20221013,001,1795
460.5695,460.5809,28906,36908,Eptesicus serotinus,0.015,0.028,-1,Echolocation,/mnt/ubna_data_02_mir/recover-20221013/UBNA_001/20221012_030000.WAV,Telephone Field,recover-20221013,001,1795
460.5775,460.6131,68437,81673,Rhinolophus ferrumequinum,0.021,0.021,-1,Echolocation,/mnt/ubna_data_02_mir/recover-20221013/UBNA_001/20221012_030000.WAV,Telephone Field,recover-20221013,001,1795
460.6085,460.6439,68437,81324,Rhinolophus ferrumequinum,0.022,0.022,-1,Echolocation,/mnt/ubna_data_02_mir/recover-20221013/UBNA_001/20221012_030000.WAV,Telephone Field,recover-20221013,001,1795
460.6085,460.6175,22890,29712,Plecotus austriacus,0.009,0.023,-1,Echolocation,/mnt/ubna_data_02_mir/recover-20221013/UBNA_001/20221012_030000.WAV,Telephone Field,recover-20221013,001,1795
460.6225,460.659,68437,81662,Rhinolophus ferrumequinum,0.025,0.025,-1,Echolocation,/mnt/ubna_data_02_mir/recover-20221013/UBNA_001/20221012_030000.WAV,Telephone Field,recover-20221013,001,1795
460.6515,460.6576,28046,41748,Myotis daubentonii,0.007,0.03,-1,Echolocation,/mnt/ubna_data_02_mir/recover-20221013/UBNA_001/20221012_030000.WAV,Telephone Field,recover-20221013,001,1795
460.6745,460.7125,68437,82046,Rhinolophus ferrumequinum,0.023,0.023,-1,Echolocation,/mnt/ubna_data_02_mir/recover-20221013/UBNA_001/20221012_030000.WAV,Telephone Field,recover-20221013,001,1795
460.6895,460.7301,68437,82457,Rhinolophus ferrumequinum,0.024,0.024,-1,Echolocation,/mnt/ubna_data_02_mir/recover-20221013/UBNA_001/20221012_030000.WAV,Telephone Field,recover-20221013,001,1795
460.7135,460.7528,68437,82429,Rhinolophus ferrumequinum,0.023,0.023,-1,Echolocation,/mnt/ubna_data_02_mir/recover-20221013/UBNA_001/20221012_030000.WAV,Telephone Field,recover-20221013,001,1795
460.7535,460.7928,68437,82397,Rhinolophus ferrumequinum,0.023,0.023,-1,Echolocation,/mnt/ubna_data_02_mir/recover-20221013/UBNA_001/20221012_030000.WAV,Telephone Field,recover-20221013,001,1795
460.7555,460.7629,28046,39396,Eptesicus serotinus,0.008,0.027,-1,Echolocation,/mnt/ubna_data_02_mir/recover-20221013/UBNA_001/20221012_030000.WAV,Telephone Field,recover-20221013,001,1795
460.8015,460.8124,22890,27390,Nyctalus leisleri,0.011,0.021,-1,Echolocation,/mnt/ubna_data_02_mir/recover-20221013/UBNA_001/20221012_030000.WAV,Telephone Field,recover-20221013,001,1795
460.8125,460.8486,68437,81831,Rhinolophus ferrumequinum,0.021,0.021,-1,Echolocation,/mnt/ubna_data_02_mir/recover-20221013/UBNA_001/20221012_030000.WAV,Telephone Field,recover-20221013,001,1795
460.8215,460.8303,23750,31590,Plecotus austriacus,0.01,0.033,-1,Echolocation,/mnt/ubna_data_02_mir/recover-20221013/UBNA_001/20221012_030000.WAV,Telephone Field,recover-20221013,001,1795
460.8225,460.862,68437,82186,Rhinolophus ferrumequinum,0.028,0.028,-1,Echolocation,/mnt/ubna_data_02_mir/recover-20221013/UBNA_001/20221012_030000.WAV,Telephone Field,recover-20221013,001,1795
460.8335,460.8431,28046,35749,Eptesicus serotinus,0.009,0.021,-1,Echolocation,/mnt/ubna_data_02_mir/recover-20221013/UBNA_001/20221012_030000.WAV,Telephone Field,recover-20221013,001,1795
460.8385,460.8512,22031,26157,Nyctalus leisleri,0.012,0.021,-1,Echolocation,/mnt/ubna_data_02_mir/recover-20221013/UBNA_001/20221012_030000.WAV,Telephone Field,recover-20221013,001,1795
460.8505,460.8844,68437,81547,Rhinolophus ferrumequinum,0.036,0.036,-1,Echolocation,/mnt/ubna_data_02_mir/recover-20221013/UBNA_001/20221012_030000.WAV,Telephone Field,recover-20221013,001,1795
460.8775,460.9163,68437,82797,Rhinolophus ferrumequinum,0.043,0.043,-1,Echolocation,/mnt/ubna_data_02_mir/recover-20221013/UBNA_001/20221012_030000.WAV,Telephone Field,recover-20221013,001,1795
460.8895,460.8977,46953,50922,Pipistrellus pipistrellus,0.02,0.021,-1,Echolocation,/mnt/ubna_data_02_mir/recover-20221013/UBNA_001/20221012_030000.WAV,Telephone Field,recover-20221013,001,1795
460.8965,460.9359,68437,81828,Rhinolophus ferrumequinum,0.027,0.027,-1,Echolocation,/mnt/ubna_data_02_mir/recover-20221013/UBNA_001/20221012_030000.WAV,Telephone Field,recover-20221013,001,1795
460.9315,460.9712,68437,82185,Rhinolophus ferrumequinum,0.025,0.025,-1,Echolocation,/mnt/ubna_data_02_mir/recover-20221013/UBNA_001/20221012_030000.WAV,Telephone Field,recover-20221013,001,1795
460.9635,460.97429999999997,22890,27300,Nyctalus leisleri,0.011,0.021,-1,Echolocation,/mnt/ubna_data_02_mir/recover-20221013/UBNA_001/20221012_030000.WAV,Telephone Field,recover-20221013,001,1795
460.9755,461.0122,68437,81878,Rhinolophus ferrumequinum,0.021,0.021,-1,Echolocation,/mnt/ubna_data_02_mir/recover-20221013/UBNA_001/20221012_030000.WAV,Telephone Field,recover-20221013,001,1795
460.9895,460.9956,33203,44369,Myotis daubentonii,0.014,0.027,-1,Echolocation,/mnt/ubna_data_02_mir/recover-20221013/UBNA_001/20221012_030000.WAV,Telephone Field,recover-20221013,001,1795
460.9905,460.9977,27187,39310,Eptesicus serotinus,0.007,0.025,-1,Echolocation,/mnt/ubna_data_02_mir/recover-20221013/UBNA_001/20221012_030000.WAV,Telephone Field,recover-20221013,001,1795
461.0005,461.0343,68437,81736,Rhinolophus ferrumequinum,0.023,0.023,-1,Echolocation,/mnt/ubna_data_02_mir/recover-20221013/UBNA_001/20221012_030000.WAV,Telephone Field,recover-20221013,001,1795
461.0085,461.0462,68437,82231,Rhinolophus ferrumequinum,0.021,0.021,-1,Echolocation,/mnt/ubna_data_02_mir/recover-20221013/UBNA_001/20221012_030000.WAV,Telephone Field,recover-20221013,001,1795
461.0475,461.0866,68437,82571,Rhinolophus ferrumequinum,0.023,0.023,-1,Echolocation,/mnt/ubna_data_02_mir/recover-20221013/UBNA_001/20221012_030000.WAV,Telephone Field,recover-20221013,001,1795
461.0735,461.1129,68437,82309,Rhinolophus ferrumequinum,0.026,0.026,-1,Echolocation,/mnt/ubna_data_02_mir/recover-20221013/UBNA_001/20221012_030000.WAV,Telephone Field,recover-20221013,001,1795
461.0785,461.1172,68437,81960,Rhinolophus ferrumequinum,0.025,0.025,-1,Echolocation,/mnt/ubna_data_02_mir/recover-20221013/UBNA_001/20221012_030000.WAV,Telephone Field,recover-20221013,001,1795
461.1145,461.157,68437,82696,Rhinolophus ferrumequinum,0.031,0.031,-1,Echolocation,/mnt/ubna_data_02_mir/recover-20221013/UBNA_001/20221012_030000.WAV,Telephone Field,recover-20221013,001,1795
461.1265,461.134,23750,32705,Plecotus austriacus,0.011,0.025,-1,Echolocation,/mnt/ubna_data_02_mir/recover-20221013/UBNA_001/20221012_030000.WAV,Telephone Field,recover-20221013,001,1795
461.1395,461.1478,32343,40798,Barbastellus barbastellus,0.01,0.028,-1,Echolocation,/mnt/ubna_data_02_mir/recover-20221013/UBNA_001/20221012_030000.WAV,Telephone Field,recover-20221013,001,1795
461.1825,461.2208,68437,82539,Rhinolophus ferrumequinum,0.026,0.026,-1,Echolocation,/mnt/ubna_data_02_mir/recover-20221013/UBNA_001/20221012_030000.WAV,Telephone Field,recover-20221013,001,1795
461.2225,461.2609,68437,81801,Rhinolophus ferrumequinum,0.022,0.022,-1,Echolocation,/mnt/ubna_data_02_mir/recover-20221013/UBNA_001/20221012_030000.WAV,Telephone Field,recover-20221013,001,1795
461.2435,461.281,68437,82361,Rhinolophus ferrumequinum,0.026,0.026,-1,Echolocation,/mnt/ubna_data_02_mir/recover-20221013/UBNA_001/20221012_030000.WAV,Telephone Field,recover-20221013,001,1795
461.2525,461.2607,26328,35650,Eptesicus serotinus,0.009,0.025,-1,Echolocation,/mnt/ubna_data_02_mir/recover-20221013/UBNA_001/20221012_030000.WAV,Telephone Field,recover-20221013,001,1795
461.2845,461.2952,22890,28064,Nyctalus leisleri,0.012,0.025,-1,Echolocation,/mnt/ubna_data_02_mir/recover-20221013/UBNA_001/20221012_030000.WAV,Telephone Field,recover-20221013,001,1795
461.2915,461.3292,68437,81831,Rhinolophus ferrumequinum,0.022,0.022,-1,Echolocation,/mnt/ubna_data_02_mir/recover-20221013/UBNA_001/20221012_030000.WAV,Telephone Field,recover-20221013,001,1795
461.2985,461.3364,68437,82395,Rhinolophus ferrumequinum,0.024,0.025,-1,Echolocation,/mnt/ubna_data_02_mir/recover-20221013/UBNA_001/20221012_030000.WAV,Telephone Field,recover-20221013,001,1795
461.3065,461.3186,30625,35620,Eptesicus serotinus,0.029,0.062,-1,Echolocation,/mnt/ubna_data_02_mir/recover-20221013/UBNA_001/20221012_030000.WAV,Telephone Field,recover-20221013,001,1795
461.3075,461.3473,68437,83018,Rhinolophus ferrumequinum,0.032,0.032,-1,Echolocation,/mnt/ubna_data_02_mir/recover-20221013/UBNA_001/20221012_030000.WAV,Telephone Field,recover-20221013,001,1795
461.3365,461.3449,22890,30521,Plecotus austriacus,0.011,0.025,-1,Echolocation,/mnt/ubna_data_02_mir/recover-20221013/UBNA_001/20221012_030000.WAV,Telephone Field,recover-20221013,001,1795
461.3485,461.3594,23750,29633,Nyctalus leisleri,0.013,0.03,-1,Echolocation,/mnt/ubna_data_02_mir/recover-20221013/UBNA_001/20221012_030000.WAV,Telephone Field,recover-20221013,001,1795
461.3505,461.3849,68437,81172,Rhinolophus ferrumequinum,0.022,0.022,-1,Echolocation,/mnt/ubna_data_02_mir/recover-20221013/UBNA_001/20221012_030000.WAV,Telephone Field,recover-20221013,001,1795
461.3635,461.40070000000003,68437,81718,Rhinolophus ferrumequinum,0.021,0.021,-1,Echolocation,/mnt/ubna_data_02_mir/recover-20221013/UBNA_001/20221012_030000.WAV,Telephone Field,recover-20221013,001,1795
461.3885,461.4262,68437,81611,Rhinolophus ferrumequinum,0.024,0.024,-1,Echolocation,/mnt/ubna_data_02_mir/recover-20221013/UBNA_001/20221012_030000.WAV,Telephone Field,recover-20221013,001,1795
461.3945,461.4014,27187,39312,Eptesicus serotinus,0.006,0.022,-1,Echolocation,/mnt/ubna_data_02_mir/recover-20221013/UBNA_001/20221012_030000.WAV,Telephone Field,recover-20221013,001,1795
461.4075,461.4269,19453,22257,Nyctalus leisleri,0.024,0.046,-1,Echolocation,/mnt/ubna_data_02_mir/recover-20221013/UBNA_001/20221012_030000.WAV,Telephone Field,recover-20221013,001,1795
461.4085,461.4448,68437,81626,Rhinolophus ferrumequinum,0.021,0.021,-1,Echolocation,/mnt/ubna_data_02_mir/recover-20221013/UBNA_001/20221012_030000.WAV,Telephone Field,recover-20221013,001,1795
461.4255,461.4359,22031,26213,Nyctalus leisleri,0.011,0.021,-1,Echolocation,/mnt/ubna_data_02_mir/recover-20221013/UBNA_001/20221012_030000.WAV,Telephone Field,recover-20221013,001,1795
461.4685,461.5061,68437,82247,Rhinolophus ferrumequinum,0.023,0.023,-1,Echolocation,/mnt/ubna_data_02_mir/recover-20221013/UBNA_001/20221012_030000.WAV,Telephone Field,recover-20221013,001,1795
461.4835,461.4917,24609,33157,Plecotus austriacus,0.006,0.022,-1,Echolocation,/mnt/ubna_data_02_mir/recover-20221013/UBNA_001/20221012_030000.WAV,Telephone Field,recover-20221013,001,1795
461.5045,461.5459,68437,82962,Rhinolophus ferrumequinum,0.04,0.04,-1,Echolocation,/mnt/ubna_data_02_mir/recover-20221013/UBNA_001/20221012_030000.WAV,Telephone Field,recover-20221013,001,1795
461.5455,461.5807,68437,81613,Rhinolophus ferrumequinum,0.021,0.021,-1,Echolocation,/mnt/ubna_data_02_mir/recover-20221013/UBNA_001/20221012_030000.WAV,Telephone Field,recover-20221013,001,1795
461.5685,461.6071,68437,81672,Rhinolophus ferrumequinum,0.023,0.023,-1,Echolocation,/mnt/ubna_data_02_mir/recover-20221013/UBNA_001/20221012_030000.WAV,Telephone Field,recover-20221013,001,1795
461.5995,461.60699999999997,28046,37139,Eptesicus serotinus,0.008,0.025,-1,Echolocation,/mnt/ubna_data_02_mir/recover-20221013/UBNA_001/20221012_030000.WAV,Telephone Field,recover-20221013,001,1795
461.6255,461.6629,68437,81584,Rhinolophus ferrumequinum,0.021,0.021,-1,Echolocation,/mnt/ubna_data_02_mir/recover-20221013/UBNA_001/20221012_030000.WAV,Telephone Field,recover-20221013,001,1795
461.6535,461.6936,68437,82369,Rhinolophus ferrumequinum,0.025,0.025,-1,Echolocation,/mnt/ubna_data_02_mir/recover-20221013/UBNA_001/20221012_030000.WAV,Telephone Field,recover-20221013,001,1795
461.66949999999997,461.70889999999997,68437,82805,Rhinolophus ferrumequinum,0.024,0.024,-1,Echolocation,/mnt/ubna_data_02_mir/recover-20221013/UBNA_001/20221012_030000.WAV,Telephone Field,recover-20221013,001,1795
461.6785,461.6898,38359,43798,Pipistrellus nathusii,0.011,0.021,-1,Echolocation,/mnt/ubna_data_02_mir/recover-20221013/UBNA_001/20221012_030000.WAV,Telephone Field,recover-20221013,001,1795
461.6905,461.7283,68437,81925,Rhinolophus ferrumequinum,0.022,0.022,-1,Echolocation,/mnt/ubna_data_02_mir/recover-20221013/UBNA_001/20221012_030000.WAV,Telephone Field,recover-20221013,001,1795
461.7335,461.7418,28046,38844,Eptesicus serotinus,0.007,0.021,-1,Echolocation,/mnt/ubna_data_02_mir/recover-20221013/UBNA_001/20221012_030000.WAV,Telephone Field,recover-20221013,001,1795
461.7575,461.7645,23750,33551,Plecotus austriacus,0.009,0.022,-1,Echolocation,/mnt/ubna_data_02_mir/recover-20221013/UBNA_001/20221012_030000.WAV,Telephone Field,recover-20221013,001,1795
461.7595,461.8007,68437,82909,Rhinolophus ferrumequinum,0.029,0.029,-1,Echolocation,/mnt/ubna_data_02_mir/recover-20221013/UBNA_001/20221012_030000.WAV,Telephone Field,recover-20221013,001,1795
461.7915,461.8065,22031,26669,Nyctalus leisleri,0.024,0.046,-1,Echolocation,/mnt/ubna_data_02_mir/recover-20221013/UBNA_001/20221012_030000.WAV,Telephone Field,recover-20221013,001,1795
461.7925,461.8309,68437,82157,Rhinolophus ferrumequinum,0.023,0.023,-1,Echolocation,/mnt/ubna_data_02_mir/recover-20221013/UBNA_001/20221012_030000.WAV,Telephone Field,recover-20221013,001,1795
461.8385,461.8799,68437,82648,Rhinolophus ferrumequinum,0.028,0.028,-1,Echolocation,/mnt/ubna_data_02_mir/recover-20221013/UBNA_001/20221012_030000.WAV,Telephone Field,recover-20221013,001,1795
461.8685,461.8789,28046,34916,Eptesicus serotinus,0.008,0.021,-1,Echolocation,/mnt/ubna_data_02_mir/recover-20221013/UBNA_001/20221012_030000.WAV,Telephone Field,recover-20221013,001,1795
461.9205,461.9318,24609,32071,Nyctalus leisleri,0.009,0.024,-1,Echolocation,/mnt/ubna_data_02_mir/recover-20221013/UBNA_001/20221012_030000.WAV,Telephone Field,recover-20221013,001,1795
461.9245,461.9617,68437,82262,Rhinolophus ferrumequinum,0.023,0.023,-1,Echolocation,/mnt/ubna_data_02_mir/recover-20221013/UBNA_001/20221012_030000.WAV,Telephone Field,recover-20221013,001,1795
461.9275,461.9382,27187,34494,Eptesicus serotinus,0.01,0.025,-1,Echolocation,/mnt/ubna_data_02_mir/recover-20221013/UBNA_001/20221012_030000.WAV,Telephone Field,recover-20221013,001,1795
461.9535,461.9923,68437,82287,Rhinolophus ferrumequinum,0.022,0.022,-1,Echolocation,/mnt/ubna_data_02_mir/recover-20221013/UBNA_001/20221012_030000.WAV,Telephone Field,recover-20221013,001,1795
461.9875,461.9964,26328,36570,Eptesicus serotinus,0.009,0.026,-1,Echolocation,/mnt/ubna_data_02_mir/recover-20221013/UBNA_001/20221012_030000.WAV,Telephone Field,recover-20221013,001,1795
462.0015,462.0098,22890,30745,Nyctalus leisleri,0.008,0.03,-1,Echolocation,/mnt/ubna_data_02_mir/recover-20221013/UBNA_001/20221012_030000.WAV,Telephone Field,recover-20221013,001,1795
462.0015,462.0333,69296,81742,Rhinolophus ferrumequinum,0.047,0.047,-1,Echolocation,/mnt/ubna_data_02_mir/recover-20221013/UBNA_001/20221012_030000.WAV,Telephone Field,recover-20221013,001,1795
462.0095,462.054,68437,82956,Rhinolophus ferrumequinum,0.021,0.021,-1,Echolocation,/mnt/ubna_data_02_mir/recover-20221013/UBNA_001/20221012_030000.WAV,Telephone Field,recover-20221013,001,1795
462.0355,462.0435,27187,38689,Eptesicus serotinus,0.008,0.023,-1,Echolocation,/mnt/ubna_data_02_mir/recover-20221013/UBNA_001/20221012_030000.WAV,Telephone Field,recover-20221013,001,1795
462.0875,462.0976,23750,29375,Nyctalus leisleri,0.009,0.021,-1,Echolocation,/mnt/ubna_data_02_mir/recover-20221013/UBNA_001/20221012_030000.WAV,Telephone Field,recover-20221013,001,1795
462.1515,462.1939,68437,82840,Rhinolophus ferrumequinum,0.03,0.03,-1,Echolocation,/mnt/ubna_data_02_mir/recover-20221013/UBNA_001/20221012_030000.WAV,Telephone Field,recover-20221013,001,1795
462.2195,462.2341,22890,27132,Nyctalus leisleri,0.013,0.023,-1,Echolocation,/mnt/ubna_data_02_mir/recover-20221013/UBNA_001/20221012_030000.WAV,Telephone Field,recover-20221013,001,1795
462.2205,462.2555,68437,80699,Rhinolophus ferrumequinum,0.023,0.023,-1,Echolocation,/mnt/ubna_data_02_mir/recover-20221013/UBNA_001/20221012_030000.WAV,Telephone Field,recover-20221013,001,1795
462.2435,462.2537,24609,32231,Nyctalus leisleri,0.011,0.032,-1,Echolocation,/mnt/ubna_data_02_mir/recover-20221013/UBNA_001/20221012_030000.WAV,Telephone Field,recover-20221013,001,1795
462.29449999999997,462.3334,68437,82037,Rhinolophus ferrumequinum,0.022,0.022,-1,Echolocation,/mnt/ubna_data_02_mir/recover-20221013/UBNA_001/20221012_030000.WAV,Telephone Field,recover-20221013,001,1795
462.3265,462.3713,68437,83514,Rhinolophus ferrumequinum,0.039,0.039,-1,Echolocation,/mnt/ubna_data_02_mir/recover-20221013/UBNA_001/20221012_030000.WAV,Telephone Field,recover-20221013,001,1795
462.3835,462.4222,68437,82217,Rhinolophus ferrumequinum,0.02,0.02,-1,Echolocation,/mnt/ubna_data_02_mir/recover-20221013/UBNA_001/20221012_030000.WAV,Telephone Field,recover-20221013,001,1795
462.3935,462.4297,68437,81350,Rhinolophus ferrumequinum,0.02,0.02,-1,Echolocation,/mnt/ubna_data_02_mir/recover-20221013/UBNA_001/20221012_030000.WAV,Telephone Field,recover-20221013,001,1795
462.4235,462.4339,22890,27739,Nyctalus leisleri,0.011,0.021,-1,Echolocation,/mnt/ubna_data_02_mir/recover-20221013/UBNA_001/20221012_030000.WAV,Telephone Field,recover-20221013,001,1795
462.4525,462.4613,27187,35965,Eptesicus serotinus,0.008,0.02,-1,Echolocation,/mnt/ubna_data_02_mir/recover-20221013/UBNA_001/20221012_030000.WAV,Telephone Field,recover-20221013,001,1795
462.5195,462.5303,22890,28074,Nyctalus leisleri,0.012,0.025,-1,Echolocation,/mnt/ubna_data_02_mir/recover-20221013/UBNA_001/20221012_030000.WAV,Telephone Field,recover-20221013,001,1795
462.5395,462.5487,24609,32317,Nyctalus leisleri,0.006,0.022,-1,Echolocation,/mnt/ubna_data_02_mir/recover-20221013/UBNA_001/20221012_030000.WAV,Telephone Field,recover-20221013,001,1795
462.5825,462.6021,19453,22506,Nyctalus leisleri,0.015,0.028,-1,Echolocation,/mnt/ubna_data_02_mir/recover-20221013/UBNA_001/20221012_030000.WAV,Telephone Field,recover-20221013,001,1795
462.6295,462.6698,68437,82969,Rhinolophus ferrumequinum,0.026,0.026,-1,Echolocation,/mnt/ubna_data_02_mir/recover-20221013/UBNA_001/20221012_030000.WAV,Telephone Field,recover-20221013,001,1795
462.6425,462.6488,27187,43445,Eptesicus serotinus,0.006,0.022,-1,Echolocation,/mnt/ubna_data_02_mir/recover-20221013/UBNA_001/20221012_030000.WAV,Telephone Field,recover-20221013,001,1795
462.6435,462.6493,33203,45335,Myotis daubentonii,0.012,0.023,-1,Echolocation,/mnt/ubna_data_02_mir/recover-20221013/UBNA_001/20221012_030000.WAV,Telephone Field,recover-20221013,001,1795
462.6535,462.6922,68437,80543,Rhinolophus ferrumequinum,0.025,0.025,-1,Echolocation,/mnt/ubna_data_02_mir/recover-20221013/UBNA_001/20221012_030000.WAV,Telephone Field,recover-20221013,001,1795
462.6795,462.6873,28046,39635,Eptesicus serotinus,0.007,0.021,-1,Echolocation,/mnt/ubna_data_02_mir/recover-20221013/UBNA_001/20221012_030000.WAV,Telephone Field,recover-20221013,001,1795
462.6955,462.70550000000003,26328,33365,Eptesicus serotinus,0.011,0.026,-1,Echolocation,/mnt/ubna_data_02_mir/recover-20221013/UBNA_001/20221012_030000.WAV,Telephone Field,recover-20221013,001,1795
462.7085,462.7499,68437,82729,Rhinolophus ferrumequinum,0.033,0.033,-1,Echolocation,/mnt/ubna_data_02_mir/recover-20221013/UBNA_001/20221012_030000.WAV,Telephone Field,recover-20221013,001,1795
462.7245,462.7375,22031,26000,Nyctalus leisleri,0.014,0.024,-1,Echolocation,/mnt/ubna_data_02_mir/recover-20221013/UBNA_001/20221012_030000.WAV,Telephone Field,recover-20221013,001,1795
462.7425,462.7783,68437,81329,Rhinolophus ferrumequinum,0.02,0.02,-1,Echolocation,/mnt/ubna_data_02_mir/recover-20221013/UBNA_001/20221012_030000.WAV,Telephone Field,recover-20221013,001,1795
462.7735,462.8127,68437,82430,Rhinolophus ferrumequinum,0.02,0.02,-1,Echolocation,/mnt/ubna_data_02_mir/recover-20221013/UBNA_001/20221012_030000.WAV,Telephone Field,recover-20221013,001,1795
462.7755,462.7829,35781,44752,Myotis daubentonii,0.008,0.024,-1,Echolocation,/mnt/ubna_data_02_mir/recover-20221013/UBNA_001/20221012_030000.WAV,Telephone Field,recover-20221013,001,1795
462.8005,462.8353,68437,81590,Rhinolophus ferrumequinum,0.023,0.023,-1,Echolocation,/mnt/ubna_data_02_mir/recover-20221013/UBNA_001/20221012_030000.WAV,Telephone Field,recover-20221013,001,1795
462.8065,462.8132,27187,41096,Eptesicus serotinus,0.006,0.021,-1,Echolocation,/mnt/ubna_data_02_mir/recover-20221013/UBNA_001/20221012_030000.WAV,Telephone Field,recover-20221013,001,1795
462.8225,462.8627,68437,82387,Rhinolophus ferrumequinum,0.022,0.022,-1,Echolocation,/mnt/ubna_data_02_mir/recover-20221013/UBNA_001/20221012_030000.WAV,Telephone Field,recover-20221013,001,1795
462.8655,462.8734,27187,39730,Eptesicus serotinus,0.007,0.021,-1,Echolocation,/mnt/ubna_data_02_mir/recover-20221013/UBNA_001/20221012_030000.WAV,Telephone Field,recover-20221013,001,1795
462.8765,462.9154,68437,82429,Rhinolophus ferrumequinum,0.021,0.021,-1,Echolocation,/mnt/ubna_data_02_mir/recover-20221013/UBNA_001/20221012_030000.WAV,Telephone Field,recover-20221013,001,1795
462.9065,462.9465,68437,82870,Rhinolophus ferrumequinum,0.027,0.027,-1,Echolocation,/mnt/ubna_data_02_mir/recover-20221013/UBNA_001/20221012_030000.WAV,Telephone Field,recover-20221013,001,1795
462.9215,462.9295,28046,39722,Eptesicus serotinus,0.008,0.023,-1,Echolocation,/mnt/ubna_data_02_mir/recover-20221013/UBNA_001/20221012_030000.WAV,Telephone Field,recover-20221013,001,1795
462.9525,462.9575,27187,44285,Plecotus auritus,0.009,0.036,-1,Echolocation,/mnt/ubna_data_02_mir/recover-20221013/UBNA_001/20221012_030000.WAV,Telephone Field,recover-20221013,001,1795
462.9765,463.015,68437,82933,Rhinolophus ferrumequinum,0.03,0.03,-1,Echolocation,/mnt/ubna_data_02_mir/recover-20221013/UBNA_001/20221012_030000.WAV,Telephone Field,recover-20221013,001,1795
462.9995,463.0337,68437,81683,Rhinolophus ferrumequinum,0.02,0.02,-1,Echolocation,/mnt/ubna_data_02_mir/recover-20221013/UBNA_001/20221012_030000.WAV,Telephone Field,recover-20221013,001,1795
463.0385,463.0469,28906,38451,Eptesicus serotinus,0.007,0.02,-1,Echolocation,/mnt/ubna_data_02_mir/recover-20221013/UBNA_001/20221012_030000.WAV,Telephone Field,recover-20221013,001,1795
463.0525,463.0591,31484,41941,Myotis daubentonii,0.008,0.023,-1,Echolocation,/mnt/ubna_data_02_mir/recover-20221013/UBNA_001/20221012_030000.WAV,Telephone Field,recover-20221013,001,1795
463.0755,463.1111,68437,81954,Rhinolophus ferrumequinum,0.02,0.02,-1,Echolocation,/mnt/ubna_data_02_mir/recover-20221013/UBNA_001/20221012_030000.WAV,Telephone Field,recover-20221013,001,1795
463.0915,463.0998,27187,36829,Eptesicus serotinus,0.007,0.021,-1,Echolocation,/mnt/ubna_data_02_mir/recover-20221013/UBNA_001/20221012_030000.WAV,Telephone Field,recover-20221013,001,1795
463.1095,463.1216,23750,28574,Nyctalus leisleri,0.013,0.027,-1,Echolocation,/mnt/ubna_data_02_mir/recover-20221013/UBNA_001/20221012_030000.WAV,Telephone Field,recover-20221013,001,1795
463.1145,463.1571,68437,83008,Rhinolophus ferrumequinum,0.022,0.022,-1,Echolocation,/mnt/ubna_data_02_mir/recover-20221013/UBNA_001/20221012_030000.WAV,Telephone Field,recover-20221013,001,1795
463.1775,463.2162,68437,82012,Rhinolophus ferrumequinum,0.024,0.024,-1,Echolocation,/mnt/ubna_data_02_mir/recover-20221013/UBNA_001/20221012_030000.WAV,Telephone Field,recover-20221013,001,1795
463.2405,463.2806,68437,82652,Rhinolophus ferrumequinum,0.024,0.024,-1,Echolocation,/mnt/ubna_data_02_mir/recover-20221013/UBNA_001/20221012_030000.WAV,Telephone Field,recover-20221013,001,1795
463.2985,463.3394,68437,82430,Rhinolophus ferrumequinum,0.02,0.02,-1,Echolocation,/mnt/ubna_data_02_mir/recover-20221013/UBNA_001/20221012_030000.WAV,Telephone Field,recover-20221013,001,1795
463.3575,463.3637,50390,56899,Pipistrellus pipistrellus,0.028,0.032,-1,Echolocation,/mnt/ubna_data_02_mir/recover-20221013/UBNA_001/20221012_030000.WAV,Telephone Field,recover-20221013,001,1795
463.3755,463.3846,28046,36027,Eptesicus serotinus,0.008,0.021,-1,Echolocation,/mnt/ubna_data_02_mir/recover-20221013/UBNA_001/20221012_030000.WAV,Telephone Field,recover-20221013,001,1795
463.3845,463.3938,25468,33244,Eptesicus serotinus,0.01,0.022,-1,Echolocation,/mnt/ubna_data_02_mir/recover-20221013/UBNA_001/20221012_030000.WAV,Telephone Field,recover-20221013,001,1795
463.4045,463.4434,68437,81783,Rhinolophus ferrumequinum,0.02,0.02,-1,Echolocation,/mnt/ubna_data_02_mir/recover-20221013/UBNA_001/20221012_030000.WAV,Telephone Field,recover-20221013,001,1795
463.4255,463.4331,51250,55835,Pipistrellus pipistrellus,0.027,0.031,-1,Echolocation,/mnt/ubna_data_02_mir/recover-20221013/UBNA_001/20221012_030000.WAV,Telephone Field,recover-20221013,001,1795
463.4595,463.5005,68437,82741,Rhinolophus ferrumequinum,0.023,0.023,-1,Echolocation,/mnt/ubna_data_02_mir/recover-20221013/UBNA_001/20221012_030000.WAV,Telephone Field,recover-20221013,001,1795
463.4605,463.4782,21171,24632,Nyctalus leisleri,0.018,0.031,-1,Echolocation,/mnt/ubna_data_02_mir/recover-20221013/UBNA_001/20221012_030000.WAV,Telephone Field,recover-20221013,001,1795
463.5025,463.5424,68437,82483,Rhinolophus ferrumequinum,0.02,0.02,-1,Echolocation,/mnt/ubna_data_02_mir/recover-20221013/UBNA_001/20221012_030000.WAV,Telephone Field,recover-20221013,001,1795
463.5595,463.5979,68437,81984,Rhinolophus ferrumequinum,0.02,0.02,-1,Echolocation,/mnt/ubna_data_02_mir/recover-20221013/UBNA_001/20221012_030000.WAV,Telephone Field,recover-20221013,001,1795
463.5615,463.5685,26328,39215,Eptesicus serotinus,0.005,0.021,-1,Echolocation,/mnt/ubna_data_02_mir/recover-20221013/UBNA_001/20221012_030000.WAV,Telephone Field,recover-20221013,001,1795
463.6665,463.6774,24609,31192,Eptesicus serotinus,0.01,0.025,-1,Echolocation,/mnt/ubna_data_02_mir/recover-20221013/UBNA_001/20221012_030000.WAV,Telephone Field,recover-20221013,001,1795
463.66949999999997,463.6844,50390,54061,Pipistrellus pipistrellus,0.016,0.026,-1,Echolocation,/mnt/ubna_data_02_mir/recover-20221013/UBNA_001/20221012_030000.WAV,Telephone Field,recover-20221013,001,1795
463.6715,463.7078,68437,81518,Rhinolophus ferrumequinum,0.021,0.021,-1,Echolocation,/mnt/ubna_data_02_mir/recover-20221013/UBNA_001/20221012_030000.WAV,Telephone Field,recover-20221013,001,1795
463.7085,463.7184,27187,35712,Eptesicus serotinus,0.012,0.025,-1,Echolocation,/mnt/ubna_data_02_mir/recover-20221013/UBNA_001/20221012_030000.WAV,Telephone Field,recover-20221013,001,1795
463.7265,463.7613,68437,81102,Rhinolophus ferrumequinum,0.022,0.022,-1,Echolocation,/mnt/ubna_data_02_mir/recover-20221013/UBNA_001/20221012_030000.WAV,Telephone Field,recover-20221013,001,1795
463.7425,463.7802,68437,82054,Rhinolophus ferrumequinum,0.02,0.02,-1,Echolocation,/mnt/ubna_data_02_mir/recover-20221013/UBNA_001/20221012_030000.WAV,Telephone Field,recover-20221013,001,1795
463.7685,463.777,27187,39442,Eptesicus serotinus,0.008,0.02,-1,Echolocation,/mnt/ubna_data_02_mir/recover-20221013/UBNA_001/20221012_030000.WAV,Telephone Field,recover-20221013,001,1795
463.7865,463.8248,68437,82176,Rhinolophus ferrumequinum,0.022,0.022,-1,Echolocation,/mnt/ubna_data_02_mir/recover-20221013/UBNA_001/20221012_030000.WAV,Telephone Field,recover-20221013,001,1795
463.8205,463.8586,68437,81985,Rhinolophus ferrumequinum,0.02,0.02,-1,Echolocation,/mnt/ubna_data_02_mir/recover-20221013/UBNA_001/20221012_030000.WAV,Telephone Field,recover-20221013,001,1795
463.8595,463.8938,68437,81452,Rhinolophus ferrumequinum,0.021,0.021,-1,Echolocation,/mnt/ubna_data_02_mir/recover-20221013/UBNA_001/20221012_030000.WAV,Telephone Field,recover-20221013,001,1795
463.8705,463.8787,28046,38206,Eptesicus serotinus,0.007,0.022,-1,Echolocation,/mnt/ubna_data_02_mir/recover-20221013/UBNA_001/20221012_030000.WAV,Telephone Field,recover-20221013,001,1795
463.9025,463.9427,68437,82576,Rhinolophus ferrumequinum,0.025,0.025,-1,Echolocation,/mnt/ubna_data_02_mir/recover-20221013/UBNA_001/20221012_030000.WAV,Telephone Field,recover-20221013,001,1795
463.9055,463.9178,22031,26392,Nyctalus leisleri,0.012,0.022,-1,Echolocation,/mnt/ubna_data_02_mir/recover-20221013/UBNA_001/20221012_030000.WAV,Telephone Field,recover-20221013,001,1795
463.9155,463.9549,68437,82446,Rhinolophus ferrumequinum,0.025,0.025,-1,Echolocation,/mnt/ubna_data_02_mir/recover-20221013/UBNA_001/20221012_030000.WAV,Telephone Field,recover-20221013,001,1795
463.9325,463.9411,25468,34509,Eptesicus serotinus,0.008,0.024,-1,Echolocation,/mnt/ubna_data_02_mir/recover-20221013/UBNA_001/20221012_030000.WAV,Telephone Field,recover-20221013,001,1795
463.9495,463.9883,68437,82738,Rhinolophus ferrumequinum,0.022,0.022,-1,Echolocation,/mnt/ubna_data_02_mir/recover-20221013/UBNA_001/20221012_030000.WAV,Telephone Field,recover-20221013,001,1795
463.9825,463.9935,34062,40309,Myotis daubentonii,0.006,0.024,-1,Echolocation,/mnt/ubna_data_02_mir/recover-20221013/UBNA_001/20221012_030000.WAV,Telephone Field,recover-20221013,001,1795
463.9845,463.9941,28046,40100,Eptesicus serotinus,0.009,0.024,-1,Echolocation,/mnt/ubna_data_02_mir/recover-20221013/UBNA_001/20221012_030000.WAV,Telephone Field,recover-20221013,001,1795
464.0015,464.03679999999997,68437,79506,Rhinolophus ferrumequinum,0.046,0.047,-1,Echolocation,/mnt/ubna_data_02_mir/recover-20221013/UBNA_001/20221012_030000.WAV,Telephone Field,recover-20221013,001,1795
464.0015,464.012,23750,29466,Nyctalus leisleri,0.019,0.041,-1,Echolocation,/mnt/ubna_data_02_mir/recover-20221013/UBNA_001/20221012_030000.WAV,Telephone Field,recover-20221013,001,1795
464.0015,464.0114,46093,52963,Pipistrellus pipistrellus,0.016,0.026,-1,Echolocation,/mnt/ubna_data_02_mir/recover-20221013/UBNA_001/20221012_030000.WAV,Telephone Field,recover-20221013,001,1795
464.0435,464.0542,23750,29994,Nyctalus leisleri,0.009,0.023,-1,Echolocation,/mnt/ubna_data_02_mir/recover-20221013/UBNA_001/20221012_030000.WAV,Telephone Field,recover-20221013,001,1795
464.0565,464.0679,22890,28339,Nyctalus leisleri,0.011,0.024,-1,Echolocation,/mnt/ubna_data_02_mir/recover-20221013/UBNA_001/20221012_030000.WAV,Telephone Field,recover-20221013,001,1795
464.0645,464.0729,25468,33066,Eptesicus serotinus,0.007,0.024,-1,Echolocation,/mnt/ubna_data_02_mir/recover-20221013/UBNA_001/20221012_030000.WAV,Telephone Field,recover-20221013,001,1795
464.0665,464.1043,68437,81929,Rhinolophus ferrumequinum,0.024,0.024,-1,Echolocation,/mnt/ubna_data_02_mir/recover-20221013/UBNA_001/20221012_030000.WAV,Telephone Field,recover-20221013,001,1795
464.0755,464.0835,28906,39131,Eptesicus serotinus,0.008,0.025,-1,Echolocation,/mnt/ubna_data_02_mir/recover-20221013/UBNA_001/20221012_030000.WAV,Telephone Field,recover-20221013,001,1795
464.0985,464.1354,68437,81787,Rhinolophus ferrumequinum,0.021,0.021,-1,Echolocation,/mnt/ubna_data_02_mir/recover-20221013/UBNA_001/20221012_030000.WAV,Telephone Field,recover-20221013,001,1795
464.1025,464.1127,28046,36985,Eptesicus serotinus,0.011,0.026,-1,Echolocation,/mnt/ubna_data_02_mir/recover-20221013/UBNA_001/20221012_030000.WAV,Telephone Field,recover-20221013,001,1795
464.1365,464.1462,23750,30300,Nyctalus leisleri,0.007,0.02,-1,Echolocation,/mnt/ubna_data_02_mir/recover-20221013/UBNA_001/20221012_030000.WAV,Telephone Field,recover-20221013,001,1795
464.1535,464.1925,68437,81843,Rhinolophus ferrumequinum,0.023,0.023,-1,Echolocation,/mnt/ubna_data_02_mir/recover-20221013/UBNA_001/20221012_030000.WAV,Telephone Field,recover-20221013,001,1795
464.1955,464.201,23750,35825,Plecotus austriacus,0.028,0.052,-1,Echolocation,/mnt/ubna_data_02_mir/recover-20221013/UBNA_001/20221012_030000.WAV,Telephone Field,recover-20221013,001,1795
464.2275,464.2626,68437,80478,Rhinolophus ferrumequinum,0.024,0.024,-1,Echolocation,/mnt/ubna_data_02_mir/recover-20221013/UBNA_001/20221012_030000.WAV,Telephone Field,recover-20221013,001,1795
464.2695,464.2806,22890,27481,Nyctalus leisleri,0.011,0.022,-1,Echolocation,/mnt/ubna_data_02_mir/recover-20221013/UBNA_001/20221012_030000.WAV,Telephone Field,recover-20221013,001,1795
464.2935,464.3329,68437,82451,Rhinolophus ferrumequinum,0.021,0.021,-1,Echolocation,/mnt/ubna_data_02_mir/recover-20221013/UBNA_001/20221012_030000.WAV,Telephone Field,recover-20221013,001,1795
464.3085,464.3487,68437,82203,Rhinolophus ferrumequinum,0.025,0.025,-1,Echolocation,/mnt/ubna_data_02_mir/recover-20221013/UBNA_001/20221012_030000.WAV,Telephone Field,recover-20221013,001,1795
464.3175,464.3254,26328,35013,Eptesicus serotinus,0.008,0.026,-1,Echolocation,/mnt/ubna_data_02_mir/recover-20221013/UBNA_001/20221012_030000.WAV,Telephone Field,recover-20221013,001,1795
464.3475,464.3914,68437,83313,Rhinolophus ferrumequinum,0.031,0.031,-1,Echolocation,/mnt/ubna_data_02_mir/recover-20221013/UBNA_001/20221012_030000.WAV,Telephone Field,recover-20221013,001,1795
464.3635,464.4049,68437,82174,Rhinolophus ferrumequinum,0.022,0.022,-1,Echolocation,/mnt/ubna_data_02_mir/recover-20221013/UBNA_001/20221012_030000.WAV,Telephone Field,recover-20221013,001,1795
464.4035,464.4351,68437,80551,Rhinolophus ferrumequinum,0.026,0.026,-1,Echolocation,/mnt/ubna_data_02_mir/recover-20221013/UBNA_001/20221012_030000.WAV,Telephone Field,recover-20221013,001,1795
464.4095,464.4451,68437,81758,Rhinolophus ferrumequinum,0.023,0.023,-1,Echolocation,/mnt/ubna_data_02_mir/recover-20221013/UBNA_001/20221012_030000.WAV,Telephone Field,recover-20221013,001,1795
464.4125,464.4211,28046,38864,Eptesicus serotinus,0.009,0.023,-1,Echolocation,/mnt/ubna_data_02_mir/recover-20221013/UBNA_001/20221012_030000.WAV,Telephone Field,recover-20221013,001,1795
464.4225,464.4313,24609,31267,Nyctalus leisleri,0.007,0.021,-1,Echolocation,/mnt/ubna_data_02_mir/recover-20221013/UBNA_001/20221012_030000.WAV,Telephone Field,recover-20221013,001,1795
464.4645,464.5031,68437,82214,Rhinolophus ferrumequinum,0.028,0.028,-1,Echolocation,/mnt/ubna_data_02_mir/recover-20221013/UBNA_001/20221012_030000.WAV,Telephone Field,recover-20221013,001,1795
464.5165,464.5326,23750,27869,Nyctalus leisleri,0.035,0.063,-1,Echolocation,/mnt/ubna_data_02_mir/recover-20221013/UBNA_001/20221012_030000.WAV,Telephone Field,recover-20221013,001,1795
464.5165,464.5567,68437,82345,Rhinolophus ferrumequinum,0.021,0.021,-1,Echolocation,/mnt/ubna_data_02_mir/recover-20221013/UBNA_001/20221012_030000.WAV,Telephone Field,recover-20221013,001,1795
464.5385,464.5466,28046,39227,Eptesicus serotinus,0.007,0.02,-1,Echolocation,/mnt/ubna_data_02_mir/recover-20221013/UBNA_001/20221012_030000.WAV,Telephone Field,recover-20221013,001,1795
464.5475,464.5844,68437,81709,Rhinolophus ferrumequinum,0.02,0.02,-1,Echolocation,/mnt/ubna_data_02_mir/recover-20221013/UBNA_001/20221012_030000.WAV,Telephone Field,recover-20221013,001,1795
464.5595,464.598,68437,82038,Rhinolophus ferrumequinum,0.021,0.021,-1,Echolocation,/mnt/ubna_data_02_mir/recover-20221013/UBNA_001/20221012_030000.WAV,Telephone Field,recover-20221013,001,1795
464.5795,464.5879,23750,31534,Plecotus austriacus,0.01,0.026,-1,Echolocation,/mnt/ubna_data_02_mir/recover-20221013/UBNA_001/20221012_030000.WAV,Telephone Field,recover-20221013,001,1795
464.6615,464.6705,24609,32607,Eptesicus serotinus,0.007,0.021,-1,Echolocation,/mnt/ubna_data_02_mir/recover-20221013/UBNA_001/20221012_030000.WAV,Telephone Field,recover-20221013,001,1795
464.6755,464.6826,27187,38966,Eptesicus serotinus,0.006,0.021,-1,Echolocation,/mnt/ubna_data_02_mir/recover-20221013/UBNA_001/20221012_030000.WAV,Telephone Field,recover-20221013,001,1795
464.7015,464.7135,28046,34231,Eptesicus serotinus,0.013,0.027,-1,Echolocation,/mnt/ubna_data_02_mir/recover-20221013/UBNA_001/20221012_030000.WAV,Telephone Field,recover-20221013,001,1795
464.7275,464.7662,68437,82021,Rhinolophus ferrumequinum,0.023,0.023,-1,Echolocation,/mnt/ubna_data_02_mir/recover-20221013/UBNA_001/20221012_030000.WAV,Telephone Field,recover-20221013,001,1795
464.7345,464.7724,68437,82452,Rhinolophus ferrumequinum,0.023,0.023,-1,Echolocation,/mnt/ubna_data_02_mir/recover-20221013/UBNA_001/20221012_030000.WAV,Telephone Field,recover-20221013,001,1795
464.7695,464.8091,68437,82144,Rhinolophus ferrumequinum,0.02,0.02,-1,Echolocation,/mnt/ubna_data_02_mir/recover-20221013/UBNA_001/20221012_030000.WAV,Telephone Field,recover-20221013,001,1795
464.7985,464.8362,68437,82485,Rhinolophus ferrumequinum,0.021,0.021,-1,Echolocation,/mnt/ubna_data_02_mir/recover-20221013/UBNA_001/20221012_030000.WAV,Telephone Field,recover-20221013,001,1795
464.8165,464.824,28046,39835,Eptesicus serotinus,0.008,0.023,-1,Echolocation,/mnt/ubna_data_02_mir/recover-20221013/UBNA_001/20221012_030000.WAV,Telephone Field,recover-20221013,001,1795
464.8355,464.8418,28906,42388,Eptesicus serotinus,0.02,0.054,-1,Echolocation,/mnt/ubna_data_02_mir/recover-20221013/UBNA_001/20221012_030000.WAV,Telephone Field,recover-20221013,001,1795
464.8505,464.86,13437,17368,Nyctalus noctula,0.008,0.022,-1,Echolocation,/mnt/ubna_data_02_mir/recover-20221013/UBNA_001/20221012_030000.WAV,Telephone Field,recover-20221013,001,1795
464.8575,464.8977,68437,82680,Rhinolophus ferrumequinum,0.021,0.021,-1,Echolocation,/mnt/ubna_data_02_mir/recover-20221013/UBNA_001/20221012_030000.WAV,Telephone Field,recover-20221013,001,1795
464.8905,464.8968,27187,46565,Myotis daubentonii,0.006,0.023,-1,Echolocation,/mnt/ubna_data_02_mir/recover-20221013/UBNA_001/20221012_030000.WAV,Telephone Field,recover-20221013,001,1795
464.8975,464.9072,22890,28966,Nyctalus leisleri,0.008,0.021,-1,Echolocation,/mnt/ubna_data_02_mir/recover-20221013/UBNA_001/20221012_030000.WAV,Telephone Field,recover-20221013,001,1795
464.9695,465.01,68437,82424,Rhinolophus ferrumequinum,0.023,0.023,-1,Echolocation,/mnt/ubna_data_02_mir/recover-20221013/UBNA_001/20221012_030000.WAV,Telephone Field,recover-20221013,001,1795
464.9715,464.9803,23750,31490,Plecotus austriacus,0.01,0.031,-1,Echolocation,/mnt/ubna_data_02_mir/recover-20221013/UBNA_001/20221012_030000.WAV,Telephone Field,recover-20221013,001,1795
465.0305,465.0396,28046,37981,Eptesicus serotinus,0.008,0.021,-1,Echolocation,/mnt/ubna_data_02_mir/recover-20221013/UBNA_001/20221012_030000.WAV,Telephone Field,recover-20221013,001,1795
465.0575,465.0659,24609,33068,Plecotus austriacus,0.012,0.036,-1,Echolocation,/mnt/ubna_data_02_mir/recover-20221013/UBNA_001/20221012_030000.WAV,Telephone Field,recover-20221013,001,1795
465.0865,465.1211,68437,81047,Rhinolophus ferrumequinum,0.025,0.025,-1,Echolocation,/mnt/ubna_data_02_mir/recover-20221013/UBNA_001/20221012_030000.WAV,Telephone Field,recover-20221013,001,1795
465.0885,465.09929999999997,29765,38635,Eptesicus serotinus,0.013,0.029,-1,Echolocation,/mnt/ubna_data_02_mir/recover-20221013/UBNA_001/20221012_030000.WAV,Telephone Field,recover-20221013,001,1795
465.1115,465.1194,23750,31588,Plecotus austriacus,0.008,0.022,-1,Echolocation,/mnt/ubna_data_02_mir/recover-20221013/UBNA_001/20221012_030000.WAV,Telephone Field,recover-20221013,001,1795
465.1155,465.1577,68437,83553,Rhinolophus ferrumequinum,0.027,0.027,-1,Echolocation,/mnt/ubna_data_02_mir/recover-20221013/UBNA_001/20221012_030000.WAV,Telephone Field,recover-20221013,001,1795
465.1545,465.1923,68437,81693,Rhinolophus ferrumequinum,0.02,0.02,-1,Echolocation,/mnt/ubna_data_02_mir/recover-20221013/UBNA_001/20221012_030000.WAV,Telephone Field,recover-20221013,001,1795
465.1805,465.1895,25468,34429,Eptesicus serotinus,0.008,0.026,-1,Echolocation,/mnt/ubna_data_02_mir/recover-20221013/UBNA_001/20221012_030000.WAV,Telephone Field,recover-20221013,001,1795
465.1945,465.2363,68437,82768,Rhinolophus ferrumequinum,0.023,0.023,-1,Echolocation,/mnt/ubna_data_02_mir/recover-20221013/UBNA_001/20221012_030000.WAV,Telephone Field,recover-20221013,001,1795
465.1955,465.2028,24609,33486,Plecotus austriacus,0.008,0.025,-1,Echolocation,/mnt/ubna_data_02_mir/recover-20221013/UBNA_001/20221012_030000.WAV,Telephone Field,recover-20221013,001,1795
465.2315,465.2672,68437,81594,Rhinolophus ferrumequinum,0.022,0.022,-1,Echolocation,/mnt/ubna_data_02_mir/recover-20221013/UBNA_001/20221012_030000.WAV,Telephone Field,recover-20221013,001,1795
465.2565,465.2942,68437,81792,Rhinolophus ferrumequinum,0.023,0.023,-1,Echolocation,/mnt/ubna_data_02_mir/recover-20221013/UBNA_001/20221012_030000.WAV,Telephone Field,recover-20221013,001,1795
465.2725,465.2813,28046,38557,Eptesicus serotinus,0.009,0.022,-1,Echolocation,/mnt/ubna_data_02_mir/recover-20221013/UBNA_001/20221012_030000.WAV,Telephone Field,recover-20221013,001,1795
465.2785,465.3189,68437,82016,Rhinolophus ferrumequinum,0.022,0.022,-1,Echolocation,/mnt/ubna_data_02_mir/recover-20221013/UBNA_001/20221012_030000.WAV,Telephone Field,recover-20221013,001,1795
465.3105,465.3512,68437,82026,Rhinolophus ferrumequinum,0.023,0.023,-1,Echolocation,/mnt/ubna_data_02_mir/recover-20221013/UBNA_001/20221012_030000.WAV,Telephone Field,recover-20221013,001,1795
465.3445,465.3861,68437,82852,Rhinolophus ferrumequinum,0.024,0.024,-1,Echolocation,/mnt/ubna_data_02_mir/recover-20221013/UBNA_001/20221012_030000.WAV,Telephone Field,recover-20221013,001,1795
465.3515,465.3584,46953,54365,Pipistrellus pipistrellus,0.019,0.023,-1,Echolocation,/mnt/ubna_data_02_mir/recover-20221013/UBNA_001/20221012_030000.WAV,Telephone Field,recover-20221013,001,1795
465.3855,465.422,68437,81965,Rhinolophus ferrumequinum,0.022,0.022,-1,Echolocation,/mnt/ubna_data_02_mir/recover-20221013/UBNA_001/20221012_030000.WAV,Telephone Field,recover-20221013,001,1795
465.4045,465.4158,22890,28739,Nyctalus leisleri,0.013,0.03,-1,Echolocation,/mnt/ubna_data_02_mir/recover-20221013/UBNA_001/20221012_030000.WAV,Telephone Field,recover-20221013,001,1795
465.4205,465.4602,68437,82472,Rhinolophus ferrumequinum,0.033,0.033,-1,Echolocation,/mnt/ubna_data_02_mir/recover-20221013/UBNA_001/20221012_030000.WAV,Telephone Field,recover-20221013,001,1795
465.45550000000003,465.4644,28046,37983,Eptesicus serotinus,0.012,0.027,-1,Echolocation,/mnt/ubna_data_02_mir/recover-20221013/UBNA_001/20221012_030000.WAV,Telephone Field,recover-20221013,001,1795
465.4805,465.5179,68437,81862,Rhinolophus ferrumequinum,0.02,0.021,-1,Echolocation,/mnt/ubna_data_02_mir/recover-20221013/UBNA_001/20221012_030000.WAV,Telephone Field,recover-20221013,001,1795
465.4865,465.4967,28046,35740,Eptesicus serotinus,0.014,0.028,-1,Echolocation,/mnt/ubna_data_02_mir/recover-20221013/UBNA_001/20221012_030000.WAV,Telephone Field,recover-20221013,001,1795
465.5125,465.5515,68437,82019,Rhinolophus ferrumequinum,0.026,0.026,-1,Echolocation,/mnt/ubna_data_02_mir/recover-20221013/UBNA_001/20221012_030000.WAV,Telephone Field,recover-20221013,001,1795
465.5405,465.5481,37500,45640,Myotis daubentonii,0.012,0.035,-1,Echolocation,/mnt/ubna_data_02_mir/recover-20221013/UBNA_001/20221012_030000.WAV,Telephone Field,recover-20221013,001,1795
465.5425,465.5518,29765,40688,Eptesicus serotinus,0.011,0.03,-1,Echolocation,/mnt/ubna_data_02_mir/recover-20221013/UBNA_001/20221012_030000.WAV,Telephone Field,recover-20221013,001,1795
465.5785,465.588,28046,37171,Eptesicus serotinus,0.009,0.021,-1,Echolocation,/mnt/ubna_data_02_mir/recover-20221013/UBNA_001/20221012_030000.WAV,Telephone Field,recover-20221013,001,1795
465.5865,465.5946,28046,39657,Eptesicus serotinus,0.008,0.023,-1,Echolocation,/mnt/ubna_data_02_mir/recover-20221013/UBNA_001/20221012_030000.WAV,Telephone Field,recover-20221013,001,1795
465.6065,465.6447,68437,81688,Rhinolophus ferrumequinum,0.022,0.022,-1,Echolocation,/mnt/ubna_data_02_mir/recover-20221013/UBNA_001/20221012_030000.WAV,Telephone Field,recover-20221013,001,1795
465.6155,465.6542,68437,82860,Rhinolophus ferrumequinum,0.023,0.023,-1,Echolocation,/mnt/ubna_data_02_mir/recover-20221013/UBNA_001/20221012_030000.WAV,Telephone Field,recover-20221013,001,1795
465.6275,465.6355,28906,38918,Eptesicus serotinus,0.007,0.022,-1,Echolocation,/mnt/ubna_data_02_mir/recover-20221013/UBNA_001/20221012_030000.WAV,Telephone Field,recover-20221013,001,1795
465.6325,465.6718,68437,82278,Rhinolophus ferrumequinum,0.021,0.021,-1,Echolocation,/mnt/ubna_data_02_mir/recover-20221013/UBNA_001/20221012_030000.WAV,Telephone Field,recover-20221013,001,1795
465.6395,465.649,24609,32174,Eptesicus serotinus,0.008,0.022,-1,Echolocation,/mnt/ubna_data_02_mir/recover-20221013/UBNA_001/20221012_030000.WAV,Telephone Field,recover-20221013,001,1795
465.7015,465.7404,68437,82193,Rhinolophus ferrumequinum,0.022,0.022,-1,Echolocation,/mnt/ubna_data_02_mir/recover-20221013/UBNA_001/20221012_030000.WAV,Telephone Field,recover-20221013,001,1795
465.7065,465.7143,27187,39115,Eptesicus serotinus,0.007,0.021,-1,Echolocation,/mnt/ubna_data_02_mir/recover-20221013/UBNA_001/20221012_030000.WAV,Telephone Field,recover-20221013,001,1795
465.7065,465.717,22031,27205,Nyctalus leisleri,0.009,0.023,-1,Echolocation,/mnt/ubna_data_02_mir/recover-20221013/UBNA_001/20221012_030000.WAV,Telephone Field,recover-20221013,001,1795
465.7085,465.7483,68437,82507,Rhinolophus ferrumequinum,0.022,0.022,-1,Echolocation,/mnt/ubna_data_02_mir/recover-20221013/UBNA_001/20221012_030000.WAV,Telephone Field,recover-20221013,001,1795
465.7335,465.7724,68437,82489,Rhinolophus ferrumequinum,0.021,0.021,-1,Echolocation,/mnt/ubna_data_02_mir/recover-20221013/UBNA_001/20221012_030000.WAV,Telephone Field,recover-20221013,001,1795
465.7445,465.753,28046,38774,Eptesicus serotinus,0.008,0.023,-1,Echolocation,/mnt/ubna_data_02_mir/recover-20221013/UBNA_001/20221012_030000.WAV,Telephone Field,recover-20221013,001,1795
465.7685,465.7748,24609,35687,Plecotus austriacus,0.01,0.026,-1,Echolocation,/mnt/ubna_data_02_mir/recover-20221013/UBNA_001/20221012_030000.WAV,Telephone Field,recover-20221013,001,1795
465.7875,465.8224,68437,81259,Rhinolophus ferrumequinum,0.022,0.022,-1,Echolocation,/mnt/ubna_data_02_mir/recover-20221013/UBNA_001/20221012_030000.WAV,Telephone Field,recover-20221013,001,1795
465.7895,465.8007,23750,29620,Nyctalus leisleri,0.01,0.025,-1,Echolocation,/mnt/ubna_data_02_mir/recover-20221013/UBNA_001/20221012_030000.WAV,Telephone Field,recover-20221013,001,1795
465.8565,465.8692,22031,26082,Nyctalus leisleri,0.014,0.023,-1,Echolocation,/mnt/ubna_data_02_mir/recover-20221013/UBNA_001/20221012_030000.WAV,Telephone Field,recover-20221013,001,1795
465.9025,465.9128,28906,40674,Eptesicus serotinus,0.011,0.027,-1,Echolocation,/mnt/ubna_data_02_mir/recover-20221013/UBNA_001/20221012_030000.WAV,Telephone Field,recover-20221013,001,1795
465.9085,465.9458,68437,82015,Rhinolophus ferrumequinum,0.024,0.024,-1,Echolocation,/mnt/ubna_data_02_mir/recover-20221013/UBNA_001/20221012_030000.WAV,Telephone Field,recover-20221013,001,1795
465.9185,465.9566,68437,82101,Rhinolophus ferrumequinum,0.021,0.021,-1,Echolocation,/mnt/ubna_data_02_mir/recover-20221013/UBNA_001/20221012_030000.WAV,Telephone Field,recover-20221013,001,1795
465.9255,465.9327,24609,34039,Plecotus austriacus,0.012,0.033,-1,Echolocation,/mnt/ubna_data_02_mir/recover-20221013/UBNA_001/20221012_030000.WAV,Telephone Field,recover-20221013,001,1795
465.9335,465.9717,68437,81748,Rhinolophus ferrumequinum,0.023,0.023,-1,Echolocation,/mnt/ubna_data_02_mir/recover-20221013/UBNA_001/20221012_030000.WAV,Telephone Field,recover-20221013,001,1795
465.9535,465.9618,24609,33805,Plecotus austriacus,0.015,0.036,-1,Echolocation,/mnt/ubna_data_02_mir/recover-20221013/UBNA_001/20221012_030000.WAV,Telephone Field,recover-20221013,001,1795
465.9715,465.9814,24609,31155,Eptesicus serotinus,0.008,0.025,-1,Echolocation,/mnt/ubna_data_02_mir/recover-20221013/UBNA_001/20221012_030000.WAV,Telephone Field,recover-20221013,001,1795
465.9855,465.9927,25468,37625,Myotis nattereri,0.005,0.023,-1,Echolocation,/mnt/ubna_data_02_mir/recover-20221013/UBNA_001/20221012_030000.WAV,Telephone Field,recover-20221013,001,1795
466.0015,466.0093,23750,33656,Plecotus austriacus,0.011,0.038,-1,Echolocation,/mnt/ubna_data_02_mir/recover-20221013/UBNA_001/20221012_030000.WAV,Telephone Field,recover-20221013,001,1795
466.0015,466.036,68437,79998,Rhinolophus ferrumequinum,0.033,0.033,-1,Echolocation,/mnt/ubna_data_02_mir/recover-20221013/UBNA_001/20221012_030000.WAV,Telephone Field,recover-20221013,001,1795
466.0085,466.017,22031,28636,Plecotus austriacus,0.009,0.024,-1,Echolocation,/mnt/ubna_data_02_mir/recover-20221013/UBNA_001/20221012_030000.WAV,Telephone Field,recover-20221013,001,1795
466.0095,466.0511,68437,82838,Rhinolophus ferrumequinum,0.028,0.028,-1,Echolocation,/mnt/ubna_data_02_mir/recover-20221013/UBNA_001/20221012_030000.WAV,Telephone Field,recover-20221013,001,1795
466.0215,466.0628,68437,82930,Rhinolophus ferrumequinum,0.022,0.022,-1,Echolocation,/mnt/ubna_data_02_mir/recover-20221013/UBNA_001/20221012_030000.WAV,Telephone Field,recover-20221013,001,1795
466.0385,466.0475,28046,36640,Eptesicus serotinus,0.008,0.023,-1,Echolocation,/mnt/ubna_data_02_mir/recover-20221013/UBNA_001/20221012_030000.WAV,Telephone Field,recover-20221013,001,1795
466.0535,466.0663,14296,18953,Nyctalus noctula,0.012,0.021,-1,Echolocation,/mnt/ubna_data_02_mir/recover-20221013/UBNA_001/20221012_030000.WAV,Telephone Field,recover-20221013,001,1795
466.0565,466.0983,68437,83223,Rhinolophus ferrumequinum,0.028,0.028,-1,Echolocation,/mnt/ubna_data_02_mir/recover-20221013/UBNA_001/20221012_030000.WAV,Telephone Field,recover-20221013,001,1795
466.0995,466.1384,68437,82439,Rhinolophus ferrumequinum,0.022,0.022,-1,Echolocation,/mnt/ubna_data_02_mir/recover-20221013/UBNA_001/20221012_030000.WAV,Telephone Field,recover-20221013,001,1795
466.1065,466.1449,68437,82082,Rhinolophus ferrumequinum,0.024,0.024,-1,Echolocation,/mnt/ubna_data_02_mir/recover-20221013/UBNA_001/20221012_030000.WAV,Telephone Field,recover-20221013,001,1795
466.1185,466.1569,68437,82375,Rhinolophus ferrumequinum,0.022,0.022,-1,Echolocation,/mnt/ubna_data_02_mir/recover-20221013/UBNA_001/20221012_030000.WAV,Telephone Field,recover-20221013,001,1795
466.1255,466.1611,68437,81655,Rhinolophus ferrumequinum,0.023,0.023,-1,Echolocation,/mnt/ubna_data_02_mir/recover-20221013/UBNA_001/20221012_030000.WAV,Telephone Field,recover-20221013,001,1795
466.1825,466.215,68437,81224,Rhinolophus ferrumequinum,0.02,0.021,-1,Echolocation,/mnt/ubna_data_02_mir/recover-20221013/UBNA_001/20221012_030000.WAV,Telephone Field,recover-20221013,001,1795
466.1985,466.2096,22031,25844,Nyctalus leisleri,0.012,0.021,-1,Echolocation,/mnt/ubna_data_02_mir/recover-20221013/UBNA_001/20221012_030000.WAV,Telephone Field,recover-20221013,001,1795
466.3005,466.3437,68437,83265,Rhinolophus ferrumequinum,0.027,0.027,-1,Echolocation,/mnt/ubna_data_02_mir/recover-20221013/UBNA_001/20221012_030000.WAV,Telephone Field,recover-20221013,001,1795
466.3105,466.3208,23750,29422,Nyctalus leisleri,0.012,0.026,-1,Echolocation,/mnt/ubna_data_02_mir/recover-20221013/UBNA_001/20221012_030000.WAV,Telephone Field,recover-20221013,001,1795
466.3255,466.3327,51250,55386,Pipistrellus pipistrellus,0.02,0.022,-1,Echolocation,/mnt/ubna_data_02_mir/recover-20221013/UBNA_001/20221012_030000.WAV,Telephone Field,recover-20221013,001,1795
466.3295,466.3663,68437,82285,Rhinolophus ferrumequinum,0.021,0.021,-1,Echolocation,/mnt/ubna_data_02_mir/recover-20221013/UBNA_001/20221012_030000.WAV,Telephone Field,recover-20221013,001,1795
466.3585,466.367,26328,34635,Eptesicus serotinus,0.007,0.022,-1,Echolocation,/mnt/ubna_data_02_mir/recover-20221013/UBNA_001/20221012_030000.WAV,Telephone Field,recover-20221013,001,1795
466.39549999999997,466.4078,28906,34437,Eptesicus serotinus,0.017,0.032,-1,Echolocation,/mnt/ubna_data_02_mir/recover-20221013/UBNA_001/20221012_030000.WAV,Telephone Field,recover-20221013,001,1795
466.4365,466.4473,28046,35409,Eptesicus serotinus,0.009,0.024,-1,Echolocation,/mnt/ubna_data_02_mir/recover-20221013/UBNA_001/20221012_030000.WAV,Telephone Field,recover-20221013,001,1795
466.4465,466.4875,68437,82889,Rhinolophus ferrumequinum,0.024,0.024,-1,Echolocation,/mnt/ubna_data_02_mir/recover-20221013/UBNA_001/20221012_030000.WAV,Telephone Field,recover-20221013,001,1795
466.4955,466.5335,68437,81729,Rhinolophus ferrumequinum,0.022,0.022,-1,Echolocation,/mnt/ubna_data_02_mir/recover-20221013/UBNA_001/20221012_030000.WAV,Telephone Field,recover-20221013,001,1795
466.4995,466.5096,27187,35888,Eptesicus serotinus,0.01,0.022,-1,Echolocation,/mnt/ubna_data_02_mir/recover-20221013/UBNA_001/20221012_030000.WAV,Telephone Field,recover-20221013,001,1795
466.5045,466.5402,68437,81426,Rhinolophus ferrumequinum,0.023,0.024,-1,Echolocation,/mnt/ubna_data_02_mir/recover-20221013/UBNA_001/20221012_030000.WAV,Telephone Field,recover-20221013,001,1795
466.5125,466.5495,68437,80916,Rhinolophus ferrumequinum,0.021,0.021,-1,Echolocation,/mnt/ubna_data_02_mir/recover-20221013/UBNA_001/20221012_030000.WAV,Telephone Field,recover-20221013,001,1795
466.5185,466.529,22890,27730,Nyctalus leisleri,0.01,0.021,-1,Echolocation,/mnt/ubna_data_02_mir/recover-20221013/UBNA_001/20221012_030000.WAV,Telephone Field,recover-20221013,001,1795
466.5665,466.6047,68437,81747,Rhinolophus ferrumequinum,0.022,0.022,-1,Echolocation,/mnt/ubna_data_02_mir/recover-20221013/UBNA_001/20221012_030000.WAV,Telephone Field,recover-20221013,001,1795
466.6035,466.6452,68437,82674,Rhinolophus ferrumequinum,0.027,0.027,-1,Echolocation,/mnt/ubna_data_02_mir/recover-20221013/UBNA_001/20221012_030000.WAV,Telephone Field,recover-20221013,001,1795
466.6095,466.6206,22890,27337,Nyctalus leisleri,0.014,0.024,-1,Echolocation,/mnt/ubna_data_02_mir/recover-20221013/UBNA_001/20221012_030000.WAV,Telephone Field,recover-20221013,001,1795
466.6305,466.6371,27187,42676,Eptesicus serotinus,0.006,0.025,-1,Echolocation,/mnt/ubna_data_02_mir/recover-20221013/UBNA_001/20221012_030000.WAV,Telephone Field,recover-20221013,001,1795
466.6305,466.6358,34062,46166,Myotis daubentonii,0.012,0.026,-1,Echolocation,/mnt/ubna_data_02_mir/recover-20221013/UBNA_001/20221012_030000.WAV,Telephone Field,recover-20221013,001,1795
466.6375,466.6767,68437,82281,Rhinolophus ferrumequinum,0.022,0.022,-1,Echolocation,/mnt/ubna_data_02_mir/recover-20221013/UBNA_001/20221012_030000.WAV,Telephone Field,recover-20221013,001,1795
466.6755,466.7131,68437,81620,Rhinolophus ferrumequinum,0.021,0.021,-1,Echolocation,/mnt/ubna_data_02_mir/recover-20221013/UBNA_001/20221012_030000.WAV,Telephone Field,recover-20221013,001,1795
466.7135,466.7545,68437,82103,Rhinolophus ferrumequinum,0.027,0.027,-1,Echolocation,/mnt/ubna_data_02_mir/recover-20221013/UBNA_001/20221012_030000.WAV,Telephone Field,recover-20221013,001,1795
466.7515,466.7931,68437,82928,Rhinolophus ferrumequinum,0.029,0.029,-1,Echolocation,/mnt/ubna_data_02_mir/recover-20221013/UBNA_001/20221012_030000.WAV,Telephone Field,recover-20221013,001,1795
466.7645,466.8051,68437,82541,Rhinolophus ferrumequinum,0.026,0.026,-1,Echolocation,/mnt/ubna_data_02_mir/recover-20221013/UBNA_001/20221012_030000.WAV,Telephone Field,recover-20221013,001,1795
466.8435,466.8518,49531,54327,Pipistrellus pipistrellus,0.021,0.023,-1,Echolocation,/mnt/ubna_data_02_mir/recover-20221013/UBNA_001/20221012_030000.WAV,Telephone Field,recover-20221013,001,1795
466.8615,466.9034,68437,83113,Rhinolophus ferrumequinum,0.032,0.032,-1,Echolocation,/mnt/ubna_data_02_mir/recover-20221013/UBNA_001/20221012_030000.WAV,Telephone Field,recover-20221013,001,1795
466.9115,466.9224,23750,29109,Nyctalus leisleri,0.01,0.021,-1,Echolocation,/mnt/ubna_data_02_mir/recover-20221013/UBNA_001/20221012_030000.WAV,Telephone Field,recover-20221013,001,1795
466.9305,466.9712,68437,82513,Rhinolophus ferrumequinum,0.026,0.026,-1,Echolocation,/mnt/ubna_data_02_mir/recover-20221013/UBNA_001/20221012_030000.WAV,Telephone Field,recover-20221013,001,1795
466.9525,466.9882,68437,81959,Rhinolophus ferrumequinum,0.022,0.022,-1,Echolocation,/mnt/ubna_data_02_mir/recover-20221013/UBNA_001/20221012_030000.WAV,Telephone Field,recover-20221013,001,1795
466.9665,466.9733,27187,38959,Eptesicus serotinus,0.005,0.022,-1,Echolocation,/mnt/ubna_data_02_mir/recover-20221013/UBNA_001/20221012_030000.WAV,Telephone Field,recover-20221013,001,1795
466.9915,467.0296,68437,82146,Rhinolophus ferrumequinum,0.021,0.021,-1,Echolocation,/mnt/ubna_data_02_mir/recover-20221013/UBNA_001/20221012_030000.WAV,Telephone Field,recover-20221013,001,1795
467.0065,467.017,22890,27597,Nyctalus leisleri,0.011,0.024,-1,Echolocation,/mnt/ubna_data_02_mir/recover-20221013/UBNA_001/20221012_030000.WAV,Telephone Field,recover-20221013,001,1795
467.0095,467.0488,68437,82065,Rhinolophus ferrumequinum,0.021,0.021,-1,Echolocation,/mnt/ubna_data_02_mir/recover-20221013/UBNA_001/20221012_030000.WAV,Telephone Field,recover-20221013,001,1795
467.0275,467.0349,27187,38343,Eptesicus serotinus,0.007,0.023,-1,Echolocation,/mnt/ubna_data_02_mir/recover-20221013/UBNA_001/20221012_030000.WAV,Telephone Field,recover-20221013,001,1795
467.0355,467.075,68437,81981,Rhinolophus ferrumequinum,0.022,0.022,-1,Echolocation,/mnt/ubna_data_02_mir/recover-20221013/UBNA_001/20221012_030000.WAV,Telephone Field,recover-20221013,001,1795
467.0775,467.0841,28046,41587,Eptesicus serotinus,0.007,0.024,-1,Echolocation,/mnt/ubna_data_02_mir/recover-20221013/UBNA_001/20221012_030000.WAV,Telephone Field,recover-20221013,001,1795
467.0975,467.1375,68437,82145,Rhinolophus ferrumequinum,0.025,0.025,-1,Echolocation,/mnt/ubna_data_02_mir/recover-20221013/UBNA_001/20221012_030000.WAV,Telephone Field,recover-20221013,001,1795
467.1055,467.1456,68437,82132,Rhinolophus ferrumequinum,0.025,0.025,-1,Echolocation,/mnt/ubna_data_02_mir/recover-20221013/UBNA_001/20221012_030000.WAV,Telephone Field,recover-20221013,001,1795
467.1195,467.1307,23750,29108,Nyctalus leisleri,0.012,0.028,-1,Echolocation,/mnt/ubna_data_02_mir/recover-20221013/UBNA_001/20221012_030000.WAV,Telephone Field,recover-20221013,001,1795
467.1435,467.1868,68437,82817,Rhinolophus ferrumequinum,0.036,0.036,-1,Echolocation,/mnt/ubna_data_02_mir/recover-20221013/UBNA_001/20221012_030000.WAV,Telephone Field,recover-20221013,001,1795
467.1735,467.2143,68437,82684,Rhinolophus ferrumequinum,0.029,0.029,-1,Echolocation,/mnt/ubna_data_02_mir/recover-20221013/UBNA_001/20221012_030000.WAV,Telephone Field,recover-20221013,001,1795
467.1835,467.1921,51250,56018,Pipistrellus pipistrellus,0.018,0.021,-1,Echolocation,/mnt/ubna_data_02_mir/recover-20221013/UBNA_001/20221012_030000.WAV,Telephone Field,recover-20221013,001,1795
467.2365,467.2762,68437,82772,Rhinolophus ferrumequinum,0.029,0.029,-1,Echolocation,/mnt/ubna_data_02_mir/recover-20221013/UBNA_001/20221012_030000.WAV,Telephone Field,recover-20221013,001,1795
467.2435,467.2521,25468,32757,Nyctalus leisleri,0.007,0.023,-1,Echolocation,/mnt/ubna_data_02_mir/recover-20221013/UBNA_001/20221012_030000.WAV,Telephone Field,recover-20221013,001,1795
467.2515,467.2922,68437,82500,Rhinolophus ferrumequinum,0.024,0.024,-1,Echolocation,/mnt/ubna_data_02_mir/recover-20221013/UBNA_001/20221012_030000.WAV,Telephone Field,recover-20221013,001,1795
467.3005,467.3174,20312,23650,Nyctalus leisleri,0.015,0.024,-1,Echolocation,/mnt/ubna_data_02_mir/recover-20221013/UBNA_001/20221012_030000.WAV,Telephone Field,recover-20221013,001,1795
467.3165,467.3226,32343,42032,Myotis daubentonii,0.015,0.027,-1,Echolocation,/mnt/ubna_data_02_mir/recover-20221013/UBNA_001/20221012_030000.WAV,Telephone Field,recover-20221013,001,1795
467.3705,467.3783,28046,37992,Eptesicus serotinus,0.006,0.021,-1,Echolocation,/mnt/ubna_data_02_mir/recover-20221013/UBNA_001/20221012_030000.WAV,Telephone Field,recover-20221013,001,1795
467.4075,467.4462,68437,82563,Rhinolophus ferrumequinum,0.035,0.035,-1,Echolocation,/mnt/ubna_data_02_mir/recover-20221013/UBNA_001/20221012_030000.WAV,Telephone Field,recover-20221013,001,1795
467.4235,467.4326,28046,37226,Eptesicus serotinus,0.008,0.021,-1,Echolocation,/mnt/ubna_data_02_mir/recover-20221013/UBNA_001/20221012_030000.WAV,Telephone Field,recover-20221013,001,1795
467.4285,467.4357,49531,54206,Pipistrellus pipistrellus,0.024,0.026,-1,Echolocation,/mnt/ubna_data_02_mir/recover-20221013/UBNA_001/20221012_030000.WAV,Telephone Field,recover-20221013,001,1795
467.4675,467.5093,68437,82278,Rhinolophus ferrumequinum,0.021,0.021,-1,Echolocation,/mnt/ubna_data_02_mir/recover-20221013/UBNA_001/20221012_030000.WAV,Telephone Field,recover-20221013,001,1795
467.4885,467.4988,25468,32463,Eptesicus serotinus,0.008,0.023,-1,Echolocation,/mnt/ubna_data_02_mir/recover-20221013/UBNA_001/20221012_030000.WAV,Telephone Field,recover-20221013,001,1795
467.5135,467.52139999999997,28046,38764,Eptesicus serotinus,0.007,0.021,-1,Echolocation,/mnt/ubna_data_02_mir/recover-20221013/UBNA_001/20221012_030000.WAV,Telephone Field,recover-20221013,001,1795
467.5425,467.5769,68437,81874,Rhinolophus ferrumequinum,0.024,0.024,-1,Echolocation,/mnt/ubna_data_02_mir/recover-20221013/UBNA_001/20221012_030000.WAV,Telephone Field,recover-20221013,001,1795
467.5595,467.5986,68437,82440,Rhinolophus ferrumequinum,0.022,0.022,-1,Echolocation,/mnt/ubna_data_02_mir/recover-20221013/UBNA_001/20221012_030000.WAV,Telephone Field,recover-20221013,001,1795
467.6085,467.6493,68437,82837,Rhinolophus ferrumequinum,0.023,0.023,-1,Echolocation,/mnt/ubna_data_02_mir/recover-20221013/UBNA_001/20221012_030000.WAV,Telephone Field,recover-20221013,001,1795
467.6105,467.6195,25468,32882,Eptesicus serotinus,0.008,0.022,-1,Echolocation,/mnt/ubna_data_02_mir/recover-20221013/UBNA_001/20221012_030000.WAV,Telephone Field,recover-20221013,001,1795
467.6185,467.65840000000003,68437,82219,Rhinolophus ferrumequinum,0.021,0.021,-1,Echolocation,/mnt/ubna_data_02_mir/recover-20221013/UBNA_001/20221012_030000.WAV,Telephone Field,recover-20221013,001,1795
467.6245,467.662,68437,81889,Rhinolophus ferrumequinum,0.021,0.021,-1,Echolocation,/mnt/ubna_data_02_mir/recover-20221013/UBNA_001/20221012_030000.WAV,Telephone Field,recover-20221013,001,1795
467.6375,467.6445,46093,49847,Pipistrellus pipistrellus,0.019,0.02,-1,Echolocation,/mnt/ubna_data_02_mir/recover-20221013/UBNA_001/20221012_030000.WAV,Telephone Field,recover-20221013,001,1795
467.6585,467.6713,22890,27324,Nyctalus leisleri,0.016,0.032,-1,Echolocation,/mnt/ubna_data_02_mir/recover-20221013/UBNA_001/20221012_030000.WAV,Telephone Field,recover-20221013,001,1795
467.7165,467.754,68437,82364,Rhinolophus ferrumequinum,0.024,0.024,-1,Echolocation,/mnt/ubna_data_02_mir/recover-20221013/UBNA_001/20221012_030000.WAV,Telephone Field,recover-20221013,001,1795
467.7315,467.7417,22890,28923,Nyctalus leisleri,0.009,0.022,-1,Echolocation,/mnt/ubna_data_02_mir/recover-20221013/UBNA_001/20221012_030000.WAV,Telephone Field,recover-20221013,001,1795
467.7565,467.7952,68437,82646,Rhinolophus ferrumequinum,0.021,0.021,-1,Echolocation,/mnt/ubna_data_02_mir/recover-20221013/UBNA_001/20221012_030000.WAV,Telephone Field,recover-20221013,001,1795
467.7765,467.8202,68437,83063,Rhinolophus ferrumequinum,0.027,0.027,-1,Echolocation,/mnt/ubna_data_02_mir/recover-20221013/UBNA_001/20221012_030000.WAV,Telephone Field,recover-20221013,001,1795
467.7965,467.8055,23750,32052,Plecotus austriacus,0.01,0.027,-1,Echolocation,/mnt/ubna_data_02_mir/recover-20221013/UBNA_001/20221012_030000.WAV,Telephone Field,recover-20221013,001,1795
467.8065,467.8453,68437,81864,Rhinolophus ferrumequinum,0.021,0.021,-1,Echolocation,/mnt/ubna_data_02_mir/recover-20221013/UBNA_001/20221012_030000.WAV,Telephone Field,recover-20221013,001,1795
467.8355,467.875,68437,82610,Rhinolophus ferrumequinum,0.026,0.026,-1,Echolocation,/mnt/ubna_data_02_mir/recover-20221013/UBNA_001/20221012_030000.WAV,Telephone Field,recover-20221013,001,1795
467.8875,467.8966,28906,36747,Eptesicus serotinus,0.007,0.022,-1,Echolocation,/mnt/ubna_data_02_mir/recover-20221013/UBNA_001/20221012_030000.WAV,Telephone Field,recover-20221013,001,1795
467.8925,467.93240000000003,68437,82020,Rhinolophus ferrumequinum,0.023,0.023,-1,Echolocation,/mnt/ubna_data_02_mir/recover-20221013/UBNA_001/20221012_030000.WAV,Telephone Field,recover-20221013,001,1795
467.9075,467.9173,24609,31010,Nyctalus leisleri,0.008,0.021,-1,Echolocation,/mnt/ubna_data_02_mir/recover-20221013/UBNA_001/20221012_030000.WAV,Telephone Field,recover-20221013,001,1795
467.9365,467.9726,68437,81886,Rhinolophus ferrumequinum,0.025,0.025,-1,Echolocation,/mnt/ubna_data_02_mir/recover-20221013/UBNA_001/20221012_030000.WAV,Telephone Field,recover-20221013,001,1795
467.9825,467.9913,26328,36125,Eptesicus serotinus,0.008,0.023,-1,Echolocation,/mnt/ubna_data_02_mir/recover-20221013/UBNA_001/20221012_030000.WAV,Telephone Field,recover-20221013,001,1795
468.0015,468.0121,47812,52844,Pipistrellus pipistrellus,0.018,0.027,-1,Echolocation,/mnt/ubna_data_02_mir/recover-20221013/UBNA_001/20221012_030000.WAV,Telephone Field,recover-20221013,001,1795
468.0015,468.0382,68437,80123,Rhinolophus ferrumequinum,0.062,0.063,-1,Echolocation,/mnt/ubna_data_02_mir/recover-20221013/UBNA_001/20221012_030000.WAV,Telephone Field,recover-20221013,001,1795
468.0015,468.0105,26328,34989,Eptesicus serotinus,0.007,0.025,-1,Echolocation,/mnt/ubna_data_02_mir/recover-20221013/UBNA_001/20221012_030000.WAV,Telephone Field,recover-20221013,001,1795
468.0435,468.0498,58125,63839,Pipistrellus pygmaeus,0.022,0.022,-1,Echolocation,/mnt/ubna_data_02_mir/recover-20221013/UBNA_001/20221012_030000.WAV,Telephone Field,recover-20221013,001,1795
468.1265,468.1652,68437,82254,Rhinolophus ferrumequinum,0.022,0.022,-1,Echolocation,/mnt/ubna_data_02_mir/recover-20221013/UBNA_001/20221012_030000.WAV,Telephone Field,recover-20221013,001,1795
468.1345,468.1413,28046,40062,Eptesicus serotinus,0.006,0.024,-1,Echolocation,/mnt/ubna_data_02_mir/recover-20221013/UBNA_001/20221012_030000.WAV,Telephone Field,recover-20221013,001,1795
468.1465,468.182,68437,81835,Rhinolophus ferrumequinum,0.022,0.022,-1,Echolocation,/mnt/ubna_data_02_mir/recover-20221013/UBNA_001/20221012_030000.WAV,Telephone Field,recover-20221013,001,1795
468.1595,468.1664,24609,34091,Plecotus austriacus,0.008,0.023,-1,Echolocation,/mnt/ubna_data_02_mir/recover-20221013/UBNA_001/20221012_030000.WAV,Telephone Field,recover-20221013,001,1795
468.1985,468.2409,68437,83537,Rhinolophus ferrumequinum,0.03,0.03,-1,Echolocation,/mnt/ubna_data_02_mir/recover-20221013/UBNA_001/20221012_030000.WAV,Telephone Field,recover-20221013,001,1795
468.2005,468.2092,27187,39994,Eptesicus serotinus,0.008,0.022,-1,Echolocation,/mnt/ubna_data_02_mir/recover-20221013/UBNA_001/20221012_030000.WAV,Telephone Field,recover-20221013,001,1795
468.2095,468.2181,46953,51386,Pipistrellus pipistrellus,0.023,0.025,-1,Echolocation,/mnt/ubna_data_02_mir/recover-20221013/UBNA_001/20221012_030000.WAV,Telephone Field,recover-20221013,001,1795
468.2135,468.2241,22890,28312,Nyctalus leisleri,0.012,0.027,-1,Echolocation,/mnt/ubna_data_02_mir/recover-20221013/UBNA_001/20221012_030000.WAV,Telephone Field,recover-20221013,001,1795
468.2265,468.2326,28906,43585,Eptesicus serotinus,0.007,0.03,-1,Echolocation,/mnt/ubna_data_02_mir/recover-20221013/UBNA_001/20221012_030000.WAV,Telephone Field,recover-20221013,001,1795
468.2485,468.2615,22890,27021,Nyctalus leisleri,0.018,0.031,-1,Echolocation,/mnt/ubna_data_02_mir/recover-20221013/UBNA_001/20221012_030000.WAV,Telephone Field,recover-20221013,001,1795
468.3095,468.3168,26328,37037,Eptesicus serotinus,0.006,0.022,-1,Echolocation,/mnt/ubna_data_02_mir/recover-20221013/UBNA_001/20221012_030000.WAV,Telephone Field,recover-20221013,001,1795
468.3115,468.3537,68437,83244,Rhinolophus ferrumequinum,0.04,0.04,-1,Echolocation,/mnt/ubna_data_02_mir/recover-20221013/UBNA_001/20221012_030000.WAV,Telephone Field,recover-20221013,001,1795
468.3835,468.4236,68437,82266,Rhinolophus ferrumequinum,0.029,0.029,-1,Echolocation,/mnt/ubna_data_02_mir/recover-20221013/UBNA_001/20221012_030000.WAV,Telephone Field,recover-20221013,001,1795
468.3925,468.4357,68437,82940,Rhinolophus ferrumequinum,0.036,0.036,-1,Echolocation,/mnt/ubna_data_02_mir/recover-20221013/UBNA_001/20221012_030000.WAV,Telephone Field,recover-20221013,001,1795
468.4205,468.4308,28046,36364,Eptesicus serotinus,0.009,0.022,-1,Echolocation,/mnt/ubna_data_02_mir/recover-20221013/UBNA_001/20221012_030000.WAV,Telephone Field,recover-20221013,001,1795
468.4335,468.4783,68437,84069,Rhinolophus ferrumequinum,0.045,0.045,-1,Echolocation,/mnt/ubna_data_02_mir/recover-20221013/UBNA_001/20221012_030000.WAV,Telephone Field,recover-20221013,001,1795
468.4355,468.4455,28046,42345,Eptesicus serotinus,0.01,0.023,-1,Echolocation,/mnt/ubna_data_02_mir/recover-20221013/UBNA_001/20221012_030000.WAV,Telephone Field,recover-20221013,001,1795
468.4975,468.5062,57265,61441,Pipistrellus pygmaeus,0.053,0.054,-1,Echolocation,/mnt/ubna_data_02_mir/recover-20221013/UBNA_001/20221012_030000.WAV,Telephone Field,recover-20221013,001,1795
468.5425,468.5802,68437,82143,Rhinolophus ferrumequinum,0.032,0.032,-1,Echolocation,/mnt/ubna_data_02_mir/recover-20221013/UBNA_001/20221012_030000.WAV,Telephone Field,recover-20221013,001,1795
468.5565,468.5647,24609,32770,Eptesicus serotinus,0.006,0.024,-1,Echolocation,/mnt/ubna_data_02_mir/recover-20221013/UBNA_001/20221012_030000.WAV,Telephone Field,recover-20221013,001,1795
468.5705,468.581,28046,35972,Eptesicus serotinus,0.013,0.029,-1,Echolocation,/mnt/ubna_data_02_mir/recover-20221013/UBNA_001/20221012_030000.WAV,Telephone Field,recover-20221013,001,1795
468.5705,468.6087,68437,82331,Rhinolophus ferrumequinum,0.024,0.024,-1,Echolocation,/mnt/ubna_data_02_mir/recover-20221013/UBNA_001/20221012_030000.WAV,Telephone Field,recover-20221013,001,1795
468.5815,468.6203,68437,81696,Rhinolophus ferrumequinum,0.023,0.023,-1,Echolocation,/mnt/ubna_data_02_mir/recover-20221013/UBNA_001/20221012_030000.WAV,Telephone Field,recover-20221013,001,1795
468.5885,468.6256,68437,81508,Rhinolophus ferrumequinum,0.022,0.022,-1,Echolocation,/mnt/ubna_data_02_mir/recover-20221013/UBNA_001/20221012_030000.WAV,Telephone Field,recover-20221013,001,1795
468.6025,468.6432,68437,82735,Rhinolophus ferrumequinum,0.027,0.027,-1,Echolocation,/mnt/ubna_data_02_mir/recover-20221013/UBNA_001/20221012_030000.WAV,Telephone Field,recover-20221013,001,1795
468.6185,468.6601,68437,82556,Rhinolophus ferrumequinum,0.03,0.03,-1,Echolocation,/mnt/ubna_data_02_mir/recover-20221013/UBNA_001/20221012_030000.WAV,Telephone Field,recover-20221013,001,1795
468.6265,468.6361,28046,36460,Eptesicus serotinus,0.009,0.022,-1,Echolocation,/mnt/ubna_data_02_mir/recover-20221013/UBNA_001/20221012_030000.WAV,Telephone Field,recover-20221013,001,1795
468.6715,468.7093,68437,82064,Rhinolophus ferrumequinum,0.023,0.023,-1,Echolocation,/mnt/ubna_data_02_mir/recover-20221013/UBNA_001/20221012_030000.WAV,Telephone Field,recover-20221013,001,1795
468.6775,468.69,31484,37636,Eptesicus serotinus,0.009,0.029,-1,Echolocation,/mnt/ubna_data_02_mir/recover-20221013/UBNA_001/20221012_030000.WAV,Telephone Field,recover-20221013,001,1795
468.7495,468.7572,25468,35129,Eptesicus serotinus,0.05,0.122,-1,Echolocation,/mnt/ubna_data_02_mir/recover-20221013/UBNA_001/20221012_030000.WAV,Telephone Field,recover-20221013,001,1795
468.7525,468.7889,68437,81940,Rhinolophus ferrumequinum,0.023,0.023,-1,Echolocation,/mnt/ubna_data_02_mir/recover-20221013/UBNA_001/20221012_030000.WAV,Telephone Field,recover-20221013,001,1795
468.7635,468.773,36640,43867,Myotis daubentonii,0.007,0.023,-1,Echolocation,/mnt/ubna_data_02_mir/recover-20221013/UBNA_001/20221012_030000.WAV,Telephone Field,recover-20221013,001,1795
468.7835,468.8217,68437,82884,Rhinolophus ferrumequinum,0.032,0.032,-1,Echolocation,/mnt/ubna_data_02_mir/recover-20221013/UBNA_001/20221012_030000.WAV,Telephone Field,recover-20221013,001,1795
468.7925,468.8316,68437,82452,Rhinolophus ferrumequinum,0.025,0.025,-1,Echolocation,/mnt/ubna_data_02_mir/recover-20221013/UBNA_001/20221012_030000.WAV,Telephone Field,recover-20221013,001,1795
468.8285,468.8683,68437,82648,Rhinolophus ferrumequinum,0.024,0.024,-1,Echolocation,/mnt/ubna_data_02_mir/recover-20221013/UBNA_001/20221012_030000.WAV,Telephone Field,recover-20221013,001,1795
468.9105,468.9497,68437,82868,Rhinolophus ferrumequinum,0.035,0.035,-1,Echolocation,/mnt/ubna_data_02_mir/recover-20221013/UBNA_001/20221012_030000.WAV,Telephone Field,recover-20221013,001,1795
468.9465,468.988,68437,82857,Rhinolophus ferrumequinum,0.023,0.023,-1,Echolocation,/mnt/ubna_data_02_mir/recover-20221013/UBNA_001/20221012_030000.WAV,Telephone Field,recover-20221013,001,1795
468.9605,468.9992,68437,82053,Rhinolophus ferrumequinum,0.022,0.022,-1,Echolocation,/mnt/ubna_data_02_mir/recover-20221013/UBNA_001/20221012_030000.WAV,Telephone Field,recover-20221013,001,1795
468.9885,468.99739999999997,28046,37026,Eptesicus serotinus,0.009,0.024,-1,Echolocation,/mnt/ubna_data_02_mir/recover-20221013/UBNA_001/20221012_030000.WAV,Telephone Field,recover-20221013,001,1795
468.9885,468.9996,22031,26587,Nyctalus leisleri,0.011,0.022,-1,Echolocation,/mnt/ubna_data_02_mir/recover-20221013/UBNA_001/20221012_030000.WAV,Telephone Field,recover-20221013,001,1795
469.0005,469.0384,68437,81481,Rhinolophus ferrumequinum,0.023,0.023,-1,Echolocation,/mnt/ubna_data_02_mir/recover-20221013/UBNA_001/20221012_030000.WAV,Telephone Field,recover-20221013,001,1795
469.0485,469.0597,22890,28629,Nyctalus leisleri,0.011,0.027,-1,Echolocation,/mnt/ubna_data_02_mir/recover-20221013/UBNA_001/20221012_030000.WAV,Telephone Field,recover-20221013,001,1795
469.0705,469.1083,68437,82516,Rhinolophus ferrumequinum,0.024,0.024,-1,Echolocation,/mnt/ubna_data_02_mir/recover-20221013/UBNA_001/20221012_030000.WAV,Telephone Field,recover-20221013,001,1795
469.0795,469.0896,28046,36083,Eptesicus serotinus,0.012,0.028,-1,Echolocation,/mnt/ubna_data_02_mir/recover-20221013/UBNA_001/20221012_030000.WAV,Telephone Field,recover-20221013,001,1795
469.1185,469.1552,68437,81040,Rhinolophus ferrumequinum,0.022,0.022,-1,Echolocation,/mnt/ubna_data_02_mir/recover-20221013/UBNA_001/20221012_030000.WAV,Telephone Field,recover-20221013,001,1795
469.1225,469.13,27187,37719,Eptesicus serotinus,0.007,0.025,-1,Echolocation,/mnt/ubna_data_02_mir/recover-20221013/UBNA_001/20221012_030000.WAV,Telephone Field,recover-20221013,001,1795
469.1305,469.1389,28046,36075,Eptesicus serotinus,0.009,0.024,-1,Echolocation,/mnt/ubna_data_02_mir/recover-20221013/UBNA_001/20221012_030000.WAV,Telephone Field,recover-20221013,001,1795
469.1345,469.1742,68437,81927,Rhinolophus ferrumequinum,0.026,0.026,-1,Echolocation,/mnt/ubna_data_02_mir/recover-20221013/UBNA_001/20221012_030000.WAV,Telephone Field,recover-20221013,001,1795
469.1425,469.1831,68437,82437,Rhinolophus ferrumequinum,0.023,0.023,-1,Echolocation,/mnt/ubna_data_02_mir/recover-20221013/UBNA_001/20221012_030000.WAV,Telephone Field,recover-20221013,001,1795
469.1795,469.2131,68437,81427,Rhinolophus ferrumequinum,0.026,0.026,-1,Echolocation,/mnt/ubna_data_02_mir/recover-20221013/UBNA_001/20221012_030000.WAV,Telephone Field,recover-20221013,001,1795
469.1805,469.1986,19453,23071,Nyctalus noctula,0.011,0.022,-1,Echolocation,/mnt/ubna_data_02_mir/recover-20221013/UBNA_001/20221012_030000.WAV,Telephone Field,recover-20221013,001,1795
469.2025,469.2423,68437,82947,Rhinolophus ferrumequinum,0.036,0.036,-1,Echolocation,/mnt/ubna_data_02_mir/recover-20221013/UBNA_001/20221012_030000.WAV,Telephone Field,recover-20221013,001,1795
469.2245,469.2341,25468,32228,Eptesicus serotinus,0.01,0.027,-1,Echolocation,/mnt/ubna_data_02_mir/recover-20221013/UBNA_001/20221012_030000.WAV,Telephone Field,recover-20221013,001,1795
469.2275,469.2642,68437,82261,Rhinolophus ferrumequinum,0.023,0.023,-1,Echolocation,/mnt/ubna_data_02_mir/recover-20221013/UBNA_001/20221012_030000.WAV,Telephone Field,recover-20221013,001,1795
469.2375,469.2756,68437,81977,Rhinolophus ferrumequinum,0.023,0.023,-1,Echolocation,/mnt/ubna_data_02_mir/recover-20221013/UBNA_001/20221012_030000.WAV,Telephone Field,recover-20221013,001,1795
469.2475,469.2575,22031,27098,Nyctalus leisleri,0.009,0.022,-1,Echolocation,/mnt/ubna_data_02_mir/recover-20221013/UBNA_001/20221012_030000.WAV,Telephone Field,recover-20221013,001,1795
469.2695,469.311,68437,82603,Rhinolophus ferrumequinum,0.022,0.022,-1,Echolocation,/mnt/ubna_data_02_mir/recover-20221013/UBNA_001/20221012_030000.WAV,Telephone Field,recover-20221013,001,1795
469.2925,469.3341,68437,83013,Rhinolophus ferrumequinum,0.039,0.04,-1,Echolocation,/mnt/ubna_data_02_mir/recover-20221013/UBNA_001/20221012_030000.WAV,Telephone Field,recover-20221013,001,1795
469.3465,469.387,68437,82772,Rhinolophus ferrumequinum,0.024,0.025,-1,Echolocation,/mnt/ubna_data_02_mir/recover-20221013/UBNA_001/20221012_030000.WAV,Telephone Field,recover-20221013,001,1795
469.3595,469.3681,26328,39084,Eptesicus serotinus,0.009,0.026,-1,Echolocation,/mnt/ubna_data_02_mir/recover-20221013/UBNA_001/20221012_030000.WAV,Telephone Field,recover-20221013,001,1795
469.3915,469.3987,25468,34664,Plecotus austriacus,0.007,0.024,-1,Echolocation,/mnt/ubna_data_02_mir/recover-20221013/UBNA_001/20221012_030000.WAV,Telephone Field,recover-20221013,001,1795
469.4175,469.4546,68437,82280,Rhinolophus ferrumequinum,0.023,0.023,-1,Echolocation,/mnt/ubna_data_02_mir/recover-20221013/UBNA_001/20221012_030000.WAV,Telephone Field,recover-20221013,001,1795
469.4415,469.4509,22890,29249,Nyctalus leisleri,0.01,0.025,-1,Echolocation,/mnt/ubna_data_02_mir/recover-20221013/UBNA_001/20221012_030000.WAV,Telephone Field,recover-20221013,001,1795
469.4485,469.48720000000003,68437,82023,Rhinolophus ferrumequinum,0.028,0.028,-1,Echolocation,/mnt/ubna_data_02_mir/recover-20221013/UBNA_001/20221012_030000.WAV,Telephone Field,recover-20221013,001,1795
469.4855,469.4979,40078,43940,Pipistrellus nathusii,0.099,0.118,-1,Echolocation,/mnt/ubna_data_02_mir/recover-20221013/UBNA_001/20221012_030000.WAV,Telephone Field,recover-20221013,001,1795
469.4865,469.49739999999997,22890,29858,Nyctalus leisleri,0.01,0.03,-1,Echolocation,/mnt/ubna_data_02_mir/recover-20221013/UBNA_001/20221012_030000.WAV,Telephone Field,recover-20221013,001,1795
469.5195,469.5568,68437,81575,Rhinolophus ferrumequinum,0.049,0.049,-1,Echolocation,/mnt/ubna_data_02_mir/recover-20221013/UBNA_001/20221012_030000.WAV,Telephone Field,recover-20221013,001,1795
469.5425,469.5833,68437,82265,Rhinolophus ferrumequinum,0.027,0.027,-1,Echolocation,/mnt/ubna_data_02_mir/recover-20221013/UBNA_001/20221012_030000.WAV,Telephone Field,recover-20221013,001,1795
469.5455,469.5531,27187,38269,Eptesicus serotinus,0.007,0.022,-1,Echolocation,/mnt/ubna_data_02_mir/recover-20221013/UBNA_001/20221012_030000.WAV,Telephone Field,recover-20221013,001,1795
469.5675,469.6074,68437,82071,Rhinolophus ferrumequinum,0.028,0.028,-1,Echolocation,/mnt/ubna_data_02_mir/recover-20221013/UBNA_001/20221012_030000.WAV,Telephone Field,recover-20221013,001,1795
469.5725,469.5828,22890,29448,Nyctalus leisleri,0.01,0.027,-1,Echolocation,/mnt/ubna_data_02_mir/recover-20221013/UBNA_001/20221012_030000.WAV,Telephone Field,recover-20221013,001,1795
469.5835,469.5921,23750,31248,Plecotus austriacus,0.008,0.023,-1,Echolocation,/mnt/ubna_data_02_mir/recover-20221013/UBNA_001/20221012_030000.WAV,Telephone Field,recover-20221013,001,1795
469.5905,469.6303,68437,82553,Rhinolophus ferrumequinum,0.028,0.028,-1,Echolocation,/mnt/ubna_data_02_mir/recover-20221013/UBNA_001/20221012_030000.WAV,Telephone Field,recover-20221013,001,1795
469.6325,469.6492,20312,23667,Nyctalus leisleri,0.015,0.026,-1,Echolocation,/mnt/ubna_data_02_mir/recover-20221013/UBNA_001/20221012_030000.WAV,Telephone Field,recover-20221013,001,1795
469.66949999999997,469.6879,17734,21234,Nyctalus noctula,0.014,0.024,-1,Echolocation,/mnt/ubna_data_02_mir/recover-20221013/UBNA_001/20221012_030000.WAV,Telephone Field,recover-20221013,001,1795
469.7035,469.7414,68437,81687,Rhinolophus ferrumequinum,0.023,0.023,-1,Echolocation,/mnt/ubna_data_02_mir/recover-20221013/UBNA_001/20221012_030000.WAV,Telephone Field,recover-20221013,001,1795
469.7035,469.7123,24609,32743,Plecotus austriacus,0.006,0.022,-1,Echolocation,/mnt/ubna_data_02_mir/recover-20221013/UBNA_001/20221012_030000.WAV,Telephone Field,recover-20221013,001,1795
469.7565,469.7915,68437,81886,Rhinolophus ferrumequinum,0.024,0.024,-1,Echolocation,/mnt/ubna_data_02_mir/recover-20221013/UBNA_001/20221012_030000.WAV,Telephone Field,recover-20221013,001,1795
469.7795,469.8197,68437,82426,Rhinolophus ferrumequinum,0.028,0.028,-1,Echolocation,/mnt/ubna_data_02_mir/recover-20221013/UBNA_001/20221012_030000.WAV,Telephone Field,recover-20221013,001,1795
469.7865,469.8243,68437,82790,Rhinolophus ferrumequinum,0.031,0.031,-1,Echolocation,/mnt/ubna_data_02_mir/recover-20221013/UBNA_001/20221012_030000.WAV,Telephone Field,recover-20221013,001,1795
469.7915,469.8021,22031,26958,Nyctalus leisleri,0.011,0.023,-1,Echolocation,/mnt/ubna_data_02_mir/recover-20221013/UBNA_001/20221012_030000.WAV,Telephone Field,recover-20221013,001,1795
469.8145,469.8238,27187,37075,Eptesicus serotinus,0.011,0.025,-1,Echolocation,/mnt/ubna_data_02_mir/recover-20221013/UBNA_001/20221012_030000.WAV,Telephone Field,recover-20221013,001,1795
469.8325,469.8414,50390,59086,Pipistrellus pipistrellus,0.022,0.029,-1,Echolocation,/mnt/ubna_data_02_mir/recover-20221013/UBNA_001/20221012_030000.WAV,Telephone Field,recover-20221013,001,1795
469.8345,469.8413,31484,50439,Myotis daubentonii,0.01,0.022,-1,Echolocation,/mnt/ubna_data_02_mir/recover-20221013/UBNA_001/20221012_030000.WAV,Telephone Field,recover-20221013,001,1795
469.8355,469.8735,68437,82124,Rhinolophus ferrumequinum,0.024,0.024,-1,Echolocation,/mnt/ubna_data_02_mir/recover-20221013/UBNA_001/20221012_030000.WAV,Telephone Field,recover-20221013,001,1795
469.8795,469.911,68437,80447,Rhinolophus ferrumequinum,0.024,0.024,-1,Echolocation,/mnt/ubna_data_02_mir/recover-20221013/UBNA_001/20221012_030000.WAV,Telephone Field,recover-20221013,001,1795
469.9105,469.9482,68437,82356,Rhinolophus ferrumequinum,0.025,0.025,-1,Echolocation,/mnt/ubna_data_02_mir/recover-20221013/UBNA_001/20221012_030000.WAV,Telephone Field,recover-20221013,001,1795
469.9495,469.9871,68437,82005,Rhinolophus ferrumequinum,0.022,0.022,-1,Echolocation,/mnt/ubna_data_02_mir/recover-20221013/UBNA_001/20221012_030000.WAV,Telephone Field,recover-20221013,001,1795
469.9535,469.9643,23750,29992,Nyctalus leisleri,0.01,0.024,-1,Echolocation,/mnt/ubna_data_02_mir/recover-20221013/UBNA_001/20221012_030000.WAV,Telephone Field,recover-20221013,001,1795
469.9605,469.9717,26328,32946,Eptesicus serotinus,0.009,0.022,-1,Echolocation,/mnt/ubna_data_02_mir/recover-20221013/UBNA_001/20221012_030000.WAV,Telephone Field,recover-20221013,001,1795
469.9815,469.9923,22031,27751,Nyctalus leisleri,0.014,0.036,-1,Echolocation,/mnt/ubna_data_02_mir/recover-20221013/UBNA_001/20221012_030000.WAV,Telephone Field,recover-20221013,001,1795
470.0015,470.0169,20312,24927,Nyctalus leisleri,0.025,0.05,-1,Echolocation,/mnt/ubna_data_02_mir/recover-20221013/UBNA_001/20221012_030000.WAV,Telephone Field,recover-20221013,001,1795
470.0015,470.01030000000003,56406,64211,Pipistrellus pygmaeus,0.02,0.023,-1,Echolocation,/mnt/ubna_data_02_mir/recover-20221013/UBNA_001/20221012_030000.WAV,Telephone Field,recover-20221013,001,1795
470.0015,470.0362,69296,81973,Rhinolophus ferrumequinum,0.035,0.035,-1,Echolocation,/mnt/ubna_data_02_mir/recover-20221013/UBNA_001/20221012_030000.WAV,Telephone Field,recover-20221013,001,1795
470.0085,470.0515,68437,82350,Rhinolophus ferrumequinum,0.025,0.025,-1,Echolocation,/mnt/ubna_data_02_mir/recover-20221013/UBNA_001/20221012_030000.WAV,Telephone Field,recover-20221013,001,1795
470.0085,470.0239,21171,24312,Nyctalus leisleri,0.019,0.028,-1,Echolocation,/mnt/ubna_data_02_mir/recover-20221013/UBNA_001/20221012_030000.WAV,Telephone Field,recover-20221013,001,1795
470.0665,470.1075,68437,83179,Rhinolophus ferrumequinum,0.03,0.03,-1,Echolocation,/mnt/ubna_data_02_mir/recover-20221013/UBNA_001/20221012_030000.WAV,Telephone Field,recover-20221013,001,1795
470.0795,470.116,68437,81043,Rhinolophus ferrumequinum,0.022,0.022,-1,Echolocation,/mnt/ubna_data_02_mir/recover-20221013/UBNA_001/20221012_030000.WAV,Telephone Field,recover-20221013,001,1795
470.1185,470.1559,68437,81635,Rhinolophus ferrumequinum,0.021,0.021,-1,Echolocation,/mnt/ubna_data_02_mir/recover-20221013/UBNA_001/20221012_030000.WAV,Telephone Field,recover-20221013,001,1795
470.1495,470.1862,68437,82637,Rhinolophus ferrumequinum,0.025,0.025,-1,Echolocation,/mnt/ubna_data_02_mir/recover-20221013/UBNA_001/20221012_030000.WAV,Telephone Field,recover-20221013,001,1795
470.1635,470.2011,68437,82412,Rhinolophus ferrumequinum,0.021,0.021,-1,Echolocation,/mnt/ubna_data_02_mir/recover-20221013/UBNA_001/20221012_030000.WAV,Telephone Field,recover-20221013,001,1795
470.1835,470.22090000000003,68437,82284,Rhinolophus ferrumequinum,0.021,0.021,-1,Echolocation,/mnt/ubna_data_02_mir/recover-20221013/UBNA_001/20221012_030000.WAV,Telephone Field,recover-20221013,001,1795
470.1845,470.192,46093,49663,Pipistrellus pipistrellus,0.053,0.055,-1,Echolocation,/mnt/ubna_data_02_mir/recover-20221013/UBNA_001/20221012_030000.WAV,Telephone Field,recover-20221013,001,1795
470.2045,470.2422,68437,81981,Rhinolophus ferrumequinum,0.02,0.02,-1,Echolocation,/mnt/ubna_data_02_mir/recover-20221013/UBNA_001/20221012_030000.WAV,Telephone Field,recover-20221013,001,1795
470.2205,470.2553,68437,81159,Rhinolophus ferrumequinum,0.02,0.021,-1,Echolocation,/mnt/ubna_data_02_mir/recover-20221013/UBNA_001/20221012_030000.WAV,Telephone Field,recover-20221013,001,1795
470.2315,470.2703,68437,82445,Rhinolophus ferrumequinum,0.021,0.021,-1,Echolocation,/mnt/ubna_data_02_mir/recover-20221013/UBNA_001/20221012_030000.WAV,Telephone Field,recover-20221013,001,1795
470.2445,470.2809,68437,82226,Rhinolophus ferrumequinum,0.021,0.021,-1,Echolocation,/mnt/ubna_data_02_mir/recover-20221013/UBNA_001/20221012_030000.WAV,Telephone Field,recover-20221013,001,1795
470.2575,470.2651,31484,41947,Eptesicus serotinus,0.009,0.024,-1,Echolocation,/mnt/ubna_data_02_mir/recover-20221013/UBNA_001/20221012_030000.WAV,Telephone Field,recover-20221013,001,1795
470.2655,470.3026,68437,81539,Rhinolophus ferrumequinum,0.02,0.021,-1,Echolocation,/mnt/ubna_data_02_mir/recover-20221013/UBNA_001/20221012_030000.WAV,Telephone Field,recover-20221013,001,1795
470.2815,470.3195,68437,81644,Rhinolophus ferrumequinum,0.022,0.022,-1,Echolocation,/mnt/ubna_data_02_mir/recover-20221013/UBNA_001/20221012_030000.WAV,Telephone Field,recover-20221013,001,1795
470.2855,470.2944,22031,28806,Plecotus austriacus,0.011,0.025,-1,Echolocation,/mnt/ubna_data_02_mir/recover-20221013/UBNA_001/20221012_030000.WAV,Telephone Field,recover-20221013,001,1795
470.3035,470.3104,28046,39082,Eptesicus serotinus,0.007,0.026,-1,Echolocation,/mnt/ubna_data_02_mir/recover-20221013/UBNA_001/20221012_030000.WAV,Telephone Field,recover-20221013,001,1795
470.3455,470.3819,68437,80844,Rhinolophus ferrumequinum,0.021,0.021,-1,Echolocation,/mnt/ubna_data_02_mir/recover-20221013/UBNA_001/20221012_030000.WAV,Telephone Field,recover-20221013,001,1795
470.3665,470.375,25468,33534,Eptesicus serotinus,0.008,0.021,-1,Echolocation,/mnt/ubna_data_02_mir/recover-20221013/UBNA_001/20221012_030000.WAV,Telephone Field,recover-20221013,001,1795
470.3895,470.4301,68437,82244,Rhinolophus ferrumequinum,0.021,0.021,-1,Echolocation,/mnt/ubna_data_02_mir/recover-20221013/UBNA_001/20221012_030000.WAV,Telephone Field,recover-20221013,001,1795
470.4035,470.4127,25468,33106,Eptesicus serotinus,0.01,0.023,-1,Echolocation,/mnt/ubna_data_02_mir/recover-20221013/UBNA_001/20221012_030000.WAV,Telephone Field,recover-20221013,001,1795
470.4355,470.4763,68437,82410,Rhinolophus ferrumequinum,0.023,0.023,-1,Echolocation,/mnt/ubna_data_02_mir/recover-20221013/UBNA_001/20221012_030000.WAV,Telephone Field,recover-20221013,001,1795
470.5585,470.5973,68437,81664,Rhinolophus ferrumequinum,0.023,0.023,-1,Echolocation,/mnt/ubna_data_02_mir/recover-20221013/UBNA_001/20221012_030000.WAV,Telephone Field,recover-20221013,001,1795
470.5705,470.6073,68437,81702,Rhinolophus ferrumequinum,0.021,0.021,-1,Echolocation,/mnt/ubna_data_02_mir/recover-20221013/UBNA_001/20221012_030000.WAV,Telephone Field,recover-20221013,001,1795
470.5755,470.5856,36640,41465,Barbastellus barbastellus,0.005,0.023,-1,Echolocation,/mnt/ubna_data_02_mir/recover-20221013/UBNA_001/20221012_030000.WAV,Telephone Field,recover-20221013,001,1795
470.6365,470.6737,68437,82003,Rhinolophus ferrumequinum,0.022,0.022,-1,Echolocation,/mnt/ubna_data_02_mir/recover-20221013/UBNA_001/20221012_030000.WAV,Telephone Field,recover-20221013,001,1795
470.6895,470.7276,68437,82577,Rhinolophus ferrumequinum,0.02,0.02,-1,Echolocation,/mnt/ubna_data_02_mir/recover-20221013/UBNA_001/20221012_030000.WAV,Telephone Field,recover-20221013,001,1795
470.7065,470.7155,23750,32083,Plecotus austriacus,0.01,0.027,-1,Echolocation,/mnt/ubna_data_02_mir/recover-20221013/UBNA_001/20221012_030000.WAV,Telephone Field,recover-20221013,001,1795
470.7095,470.7477,68437,81972,Rhinolophus ferrumequinum,0.02,0.02,-1,Echolocation,/mnt/ubna_data_02_mir/recover-20221013/UBNA_001/20221012_030000.WAV,Telephone Field,recover-20221013,001,1795
470.7285,470.7676,68437,81897,Rhinolophus ferrumequinum,0.023,0.023,-1,Echolocation,/mnt/ubna_data_02_mir/recover-20221013/UBNA_001/20221012_030000.WAV,Telephone Field,recover-20221013,001,1795
470.7355,470.7716,68437,81813,Rhinolophus ferrumequinum,0.022,0.022,-1,Echolocation,/mnt/ubna_data_02_mir/recover-20221013/UBNA_001/20221012_030000.WAV,Telephone Field,recover-20221013,001,1795
470.7415,470.7793,68437,82337,Rhinolophus ferrumequinum,0.024,0.024,-1,Echolocation,/mnt/ubna_data_02_mir/recover-20221013/UBNA_001/20221012_030000.WAV,Telephone Field,recover-20221013,001,1795
470.7445,470.7521,23750,32609,Plecotus austriacus,0.01,0.023,-1,Echolocation,/mnt/ubna_data_02_mir/recover-20221013/UBNA_001/20221012_030000.WAV,Telephone Field,recover-20221013,001,1795
470.7645,470.8051,68437,81787,Rhinolophus ferrumequinum,0.028,0.028,-1,Echolocation,/mnt/ubna_data_02_mir/recover-20221013/UBNA_001/20221012_030000.WAV,Telephone Field,recover-20221013,001,1795
470.7695,470.7811,22031,25943,Nyctalus leisleri,0.012,0.021,-1,Echolocation,/mnt/ubna_data_02_mir/recover-20221013/UBNA_001/20221012_030000.WAV,Telephone Field,recover-20221013,001,1795
470.8065,470.8131,28046,41277,Eptesicus serotinus,0.006,0.025,-1,Echolocation,/mnt/ubna_data_02_mir/recover-20221013/UBNA_001/20221012_030000.WAV,Telephone Field,recover-20221013,001,1795
470.8135,470.8552,68437,83243,Rhinolophus ferrumequinum,0.027,0.027,-1,Echolocation,/mnt/ubna_data_02_mir/recover-20221013/UBNA_001/20221012_030000.WAV,Telephone Field,recover-20221013,001,1795
470.8475,470.8874,68437,82738,Rhinolophus ferrumequinum,0.026,0.026,-1,Echolocation,/mnt/ubna_data_02_mir/recover-20221013/UBNA_001/20221012_030000.WAV,Telephone Field,recover-20221013,001,1795
470.8645,470.9058,68437,82653,Rhinolophus ferrumequinum,0.024,0.024,-1,Echolocation,/mnt/ubna_data_02_mir/recover-20221013/UBNA_001/20221012_030000.WAV,Telephone Field,recover-20221013,001,1795
470.8865,470.9235,68437,81713,Rhinolophus ferrumequinum,0.021,0.021,-1,Echolocation,/mnt/ubna_data_02_mir/recover-20221013/UBNA_001/20221012_030000.WAV,Telephone Field,recover-20221013,001,1795
470.89549999999997,470.9333,68437,81289,Rhinolophus ferrumequinum,0.021,0.021,-1,Echolocation,/mnt/ubna_data_02_mir/recover-20221013/UBNA_001/20221012_030000.WAV,Telephone Field,recover-20221013,001,1795
470.9095,470.9163,28046,39496,Eptesicus serotinus,0.006,0.024,-1,Echolocation,/mnt/ubna_data_02_mir/recover-20221013/UBNA_001/20221012_030000.WAV,Telephone Field,recover-20221013,001,1795
470.9265,470.9661,68437,82722,Rhinolophus ferrumequinum,0.025,0.025,-1,Echolocation,/mnt/ubna_data_02_mir/recover-20221013/UBNA_001/20221012_030000.WAV,Telephone Field,recover-20221013,001,1795
470.9495,470.9924,68437,83073,Rhinolophus ferrumequinum,0.025,0.025,-1,Echolocation,/mnt/ubna_data_02_mir/recover-20221013/UBNA_001/20221012_030000.WAV,Telephone Field,recover-20221013,001,1795
470.9525,470.9587,28906,40933,Eptesicus serotinus,0.005,0.021,-1,Echolocation,/mnt/ubna_data_02_mir/recover-20221013/UBNA_001/20221012_030000.WAV,Telephone Field,recover-20221013,001,1795
470.9675,471.0033,68437,81871,Rhinolophus ferrumequinum,0.02,0.02,-1,Echolocation,/mnt/ubna_data_02_mir/recover-20221013/UBNA_001/20221012_030000.WAV,Telephone Field,recover-20221013,001,1795
470.9745,471.0096,68437,81050,Rhinolophus ferrumequinum,0.021,0.021,-1,Echolocation,/mnt/ubna_data_02_mir/recover-20221013/UBNA_001/20221012_030000.WAV,Telephone Field,recover-20221013,001,1795
470.9925,471.0294,68437,82135,Rhinolophus ferrumequinum,0.023,0.023,-1,Echolocation,/mnt/ubna_data_02_mir/recover-20221013/UBNA_001/20221012_030000.WAV,Telephone Field,recover-20221013,001,1795
471.0105,471.0473,68437,82646,Rhinolophus ferrumequinum,0.023,0.023,-1,Echolocation,/mnt/ubna_data_02_mir/recover-20221013/UBNA_001/20221012_030000.WAV,Telephone Field,recover-20221013,001,1795
471.0145,471.0227,23750,31864,Plecotus austriacus,0.01,0.024,-1,Echolocation,/mnt/ubna_data_02_mir/recover-20221013/UBNA_001/20221012_030000.WAV,Telephone Field,recover-20221013,001,1795
471.0245,471.0604,68437,81847,Rhinolophus ferrumequinum,0.035,0.035,-1,Echolocation,/mnt/ubna_data_02_mir/recover-20221013/UBNA_001/20221012_030000.WAV,Telephone Field,recover-20221013,001,1795
471.0465,471.0559,28906,38118,Eptesicus serotinus,0.008,0.021,-1,Echolocation,/mnt/ubna_data_02_mir/recover-20221013/UBNA_001/20221012_030000.WAV,Telephone Field,recover-20221013,001,1795
471.0515,471.0897,68437,82562,Rhinolophus ferrumequinum,0.026,0.026,-1,Echolocation,/mnt/ubna_data_02_mir/recover-20221013/UBNA_001/20221012_030000.WAV,Telephone Field,recover-20221013,001,1795
471.1595,471.168,31484,42587,Myotis daubentonii,0.006,0.021,-1,Echolocation,/mnt/ubna_data_02_mir/recover-20221013/UBNA_001/20221012_030000.WAV,Telephone Field,recover-20221013,001,1795
471.1905,471.199,22890,30039,Plecotus austriacus,0.008,0.021,-1,Echolocation,/mnt/ubna_data_02_mir/recover-20221013/UBNA_001/20221012_030000.WAV,Telephone Field,recover-20221013,001,1795
471.2715,471.3089,68437,81698,Rhinolophus ferrumequinum,0.024,0.024,-1,Echolocation,/mnt/ubna_data_02_mir/recover-20221013/UBNA_001/20221012_030000.WAV,Telephone Field,recover-20221013,001,1795
471.3035,471.3433,68437,83078,Rhinolophus ferrumequinum,0.027,0.027,-1,Echolocation,/mnt/ubna_data_02_mir/recover-20221013/UBNA_001/20221012_030000.WAV,Telephone Field,recover-20221013,001,1795
471.3355,471.3731,68437,81551,Rhinolophus ferrumequinum,0.02,0.02,-1,Echolocation,/mnt/ubna_data_02_mir/recover-20221013/UBNA_001/20221012_030000.WAV,Telephone Field,recover-20221013,001,1795
471.3565,471.3956,68437,82486,Rhinolophus ferrumequinum,0.021,0.021,-1,Echolocation,/mnt/ubna_data_02_mir/recover-20221013/UBNA_001/20221012_030000.WAV,Telephone Field,recover-20221013,001,1795
471.3575,471.3713,22890,26585,Nyctalus leisleri,0.017,0.028,-1,Echolocation,/mnt/ubna_data_02_mir/recover-20221013/UBNA_001/20221012_030000.WAV,Telephone Field,recover-20221013,001,1795
471.4035,471.442,68437,82449,Rhinolophus ferrumequinum,0.023,0.023,-1,Echolocation,/mnt/ubna_data_02_mir/recover-20221013/UBNA_001/20221012_030000.WAV,Telephone Field,recover-20221013,001,1795
471.4095,471.4469,68437,81784,Rhinolophus ferrumequinum,0.02,0.021,-1,Echolocation,/mnt/ubna_data_02_mir/recover-20221013/UBNA_001/20221012_030000.WAV,Telephone Field,recover-20221013,001,1795
471.4275,471.4381,28906,36506,Eptesicus serotinus,0.012,0.023,-1,Echolocation,/mnt/ubna_data_02_mir/recover-20221013/UBNA_001/20221012_030000.WAV,Telephone Field,recover-20221013,001,1795
471.4295,471.4661,68437,82220,Rhinolophus ferrumequinum,0.021,0.021,-1,Echolocation,/mnt/ubna_data_02_mir/recover-20221013/UBNA_001/20221012_030000.WAV,Telephone Field,recover-20221013,001,1795
471.47950000000003,471.4915,23750,29672,Nyctalus leisleri,0.018,0.039,-1,Echolocation,/mnt/ubna_data_02_mir/recover-20221013/UBNA_001/20221012_030000.WAV,Telephone Field,recover-20221013,001,1795
471.4975,471.5072,28046,37893,Eptesicus serotinus,0.012,0.027,-1,Echolocation,/mnt/ubna_data_02_mir/recover-20221013/UBNA_001/20221012_030000.WAV,Telephone Field,recover-20221013,001,1795
471.5015,471.5402,68437,82557,Rhinolophus ferrumequinum,0.023,0.023,-1,Echolocation,/mnt/ubna_data_02_mir/recover-20221013/UBNA_001/20221012_030000.WAV,Telephone Field,recover-20221013,001,1795
471.5555,471.5917,68437,80831,Rhinolophus ferrumequinum,0.02,0.02,-1,Echolocation,/mnt/ubna_data_02_mir/recover-20221013/UBNA_001/20221012_030000.WAV,Telephone Field,recover-20221013,001,1795
471.5765,471.6154,68437,82420,Rhinolophus ferrumequinum,0.02,0.02,-1,Echolocation,/mnt/ubna_data_02_mir/recover-20221013/UBNA_001/20221012_030000.WAV,Telephone Field,recover-20221013,001,1795
471.6285,471.6663,68437,82069,Rhinolophus ferrumequinum,0.025,0.025,-1,Echolocation,/mnt/ubna_data_02_mir/recover-20221013/UBNA_001/20221012_030000.WAV,Telephone Field,recover-20221013,001,1795
471.6465,471.655,22890,29663,Plecotus austriacus,0.008,0.02,-1,Echolocation,/mnt/ubna_data_02_mir/recover-20221013/UBNA_001/20221012_030000.WAV,Telephone Field,recover-20221013,001,1795
471.6465,471.6842,68437,81751,Rhinolophus ferrumequinum,0.023,0.023,-1,Echolocation,/mnt/ubna_data_02_mir/recover-20221013/UBNA_001/20221012_030000.WAV,Telephone Field,recover-20221013,001,1795
471.7065,471.7436,68437,82550,Rhinolophus ferrumequinum,0.026,0.026,-1,Echolocation,/mnt/ubna_data_02_mir/recover-20221013/UBNA_001/20221012_030000.WAV,Telephone Field,recover-20221013,001,1795
471.7245,471.7612,68437,81059,Rhinolophus ferrumequinum,0.021,0.021,-1,Echolocation,/mnt/ubna_data_02_mir/recover-20221013/UBNA_001/20221012_030000.WAV,Telephone Field,recover-20221013,001,1795
471.7465,471.7855,68437,82814,Rhinolophus ferrumequinum,0.024,0.024,-1,Echolocation,/mnt/ubna_data_02_mir/recover-20221013/UBNA_001/20221012_030000.WAV,Telephone Field,recover-20221013,001,1795
471.7545,471.7617,24609,33592,Plecotus austriacus,0.012,0.031,-1,Echolocation,/mnt/ubna_data_02_mir/recover-20221013/UBNA_001/20221012_030000.WAV,Telephone Field,recover-20221013,001,1795
471.7845,471.8242,68437,82256,Rhinolophus ferrumequinum,0.022,0.022,-1,Echolocation,/mnt/ubna_data_02_mir/recover-20221013/UBNA_001/20221012_030000.WAV,Telephone Field,recover-20221013,001,1795
471.8085,471.8167,23750,31398,Plecotus austriacus,0.008,0.022,-1,Echolocation,/mnt/ubna_data_02_mir/recover-20221013/UBNA_001/20221012_030000.WAV,Telephone Field,recover-20221013,001,1795
471.8515,471.8909,68437,82307,Rhinolophus ferrumequinum,0.025,0.025,-1,Echolocation,/mnt/ubna_data_02_mir/recover-20221013/UBNA_001/20221012_030000.WAV,Telephone Field,recover-20221013,001,1795
471.8625,471.9006,68437,82017,Rhinolophus ferrumequinum,0.022,0.022,-1,Echolocation,/mnt/ubna_data_02_mir/recover-20221013/UBNA_001/20221012_030000.WAV,Telephone Field,recover-20221013,001,1795
471.8905,471.9289,68437,81766,Rhinolophus ferrumequinum,0.022,0.022,-1,Echolocation,/mnt/ubna_data_02_mir/recover-20221013/UBNA_001/20221012_030000.WAV,Telephone Field,recover-20221013,001,1795
471.8975,471.9359,68437,82176,Rhinolophus ferrumequinum,0.02,0.02,-1,Echolocation,/mnt/ubna_data_02_mir/recover-20221013/UBNA_001/20221012_030000.WAV,Telephone Field,recover-20221013,001,1795
471.8985,471.9058,28046,39427,Eptesicus serotinus,0.006,0.024,-1,Echolocation,/mnt/ubna_data_02_mir/recover-20221013/UBNA_001/20221012_030000.WAV,Telephone Field,recover-20221013,001,1795
471.9135,471.9208,48671,53803,Pipistrellus pipistrellus,0.02,0.022,-1,Echolocation,/mnt/ubna_data_02_mir/recover-20221013/UBNA_001/20221012_030000.WAV,Telephone Field,recover-20221013,001,1795
471.9225,471.96320000000003,68437,83176,Rhinolophus ferrumequinum,0.027,0.027,-1,Echolocation,/mnt/ubna_data_02_mir/recover-20221013/UBNA_001/20221012_030000.WAV,Telephone Field,recover-20221013,001,1795
472.0015,472.03,68437,78941,Rhinolophus ferrumequinum,0.023,0.023,-1,Echolocation,/mnt/ubna_data_02_mir/recover-20221013/UBNA_001/20221012_030000.WAV,Telephone Field,recover-20221013,001,1795
472.0015,472.011,22890,29747,Nyctalus leisleri,0.011,0.027,-1,Echolocation,/mnt/ubna_data_02_mir/recover-20221013/UBNA_001/20221012_030000.WAV,Telephone Field,recover-20221013,001,1795
472.0125,472.0529,68437,82088,Rhinolophus ferrumequinum,0.021,0.021,-1,Echolocation,/mnt/ubna_data_02_mir/recover-20221013/UBNA_001/20221012_030000.WAV,Telephone Field,recover-20221013,001,1795
472.0215,472.0307,28046,36620,Eptesicus serotinus,0.008,0.021,-1,Echolocation,/mnt/ubna_data_02_mir/recover-20221013/UBNA_001/20221012_030000.WAV,Telephone Field,recover-20221013,001,1795
472.0395,472.049,35781,42987,Pipistrellus nathusii,0.012,0.023,-1,Echolocation,/mnt/ubna_data_02_mir/recover-20221013/UBNA_001/20221012_030000.WAV,Telephone Field,recover-20221013,001,1795
472.0395,472.0752,68437,81625,Rhinolophus ferrumequinum,0.023,0.023,-1,Echolocation,/mnt/ubna_data_02_mir/recover-20221013/UBNA_001/20221012_030000.WAV,Telephone Field,recover-20221013,001,1795
472.0625,472.0701,47812,51523,Pipistrellus pipistrellus,0.023,0.024,-1,Echolocation,/mnt/ubna_data_02_mir/recover-20221013/UBNA_001/20221012_030000.WAV,Telephone Field,recover-20221013,001,1795
472.0865,472.1265,68437,82342,Rhinolophus ferrumequinum,0.023,0.023,-1,Echolocation,/mnt/ubna_data_02_mir/recover-20221013/UBNA_001/20221012_030000.WAV,Telephone Field,recover-20221013,001,1795
472.1095,472.1482,68437,82102,Rhinolophus ferrumequinum,0.023,0.023,-1,Echolocation,/mnt/ubna_data_02_mir/recover-20221013/UBNA_001/20221012_030000.WAV,Telephone Field,recover-20221013,001,1795
472.1155,472.1555,68437,82090,Rhinolophus ferrumequinum,0.021,0.021,-1,Echolocation,/mnt/ubna_data_02_mir/recover-20221013/UBNA_001/20221012_030000.WAV,Telephone Field,recover-20221013,001,1795
472.1185,472.129,22890,28576,Nyctalus leisleri,0.01,0.022,-1,Echolocation,/mnt/ubna_data_02_mir/recover-20221013/UBNA_001/20221012_030000.WAV,Telephone Field,recover-20221013,001,1795
472.1545,472.1645,43515,50302,Pipistrellus pipistrellus,0.014,0.023,-1,Echolocation,/mnt/ubna_data_02_mir/recover-20221013/UBNA_001/20221012_030000.WAV,Telephone Field,recover-20221013,001,1795
472.1785,472.1881,26328,34427,Eptesicus serotinus,0.011,0.024,-1,Echolocation,/mnt/ubna_data_02_mir/recover-20221013/UBNA_001/20221012_030000.WAV,Telephone Field,recover-20221013,001,1795
472.2005,472.2384,68437,82924,Rhinolophus ferrumequinum,0.025,0.025,-1,Echolocation,/mnt/ubna_data_02_mir/recover-20221013/UBNA_001/20221012_030000.WAV,Telephone Field,recover-20221013,001,1795
472.2155,472.2521,68437,82198,Rhinolophus ferrumequinum,0.023,0.023,-1,Echolocation,/mnt/ubna_data_02_mir/recover-20221013/UBNA_001/20221012_030000.WAV,Telephone Field,recover-20221013,001,1795
472.2565,472.2629,24609,34288,Plecotus austriacus,0.011,0.025,-1,Echolocation,/mnt/ubna_data_02_mir/recover-20221013/UBNA_001/20221012_030000.WAV,Telephone Field,recover-20221013,001,1795
472.2965,472.308,22890,27992,Nyctalus leisleri,0.011,0.022,-1,Echolocation,/mnt/ubna_data_02_mir/recover-20221013/UBNA_001/20221012_030000.WAV,Telephone Field,recover-20221013,001,1795
472.3035,472.3435,68437,82262,Rhinolophus ferrumequinum,0.022,0.022,-1,Echolocation,/mnt/ubna_data_02_mir/recover-20221013/UBNA_001/20221012_030000.WAV,Telephone Field,recover-20221013,001,1795
472.3275,472.3654,68437,81709,Rhinolophus ferrumequinum,0.021,0.021,-1,Echolocation,/mnt/ubna_data_02_mir/recover-20221013/UBNA_001/20221012_030000.WAV,Telephone Field,recover-20221013,001,1795
472.3475,472.3851,68437,82603,Rhinolophus ferrumequinum,0.022,0.022,-1,Echolocation,/mnt/ubna_data_02_mir/recover-20221013/UBNA_001/20221012_030000.WAV,Telephone Field,recover-20221013,001,1795
472.3625,472.3971,67578,79632,Rhinolophus ferrumequinum,0.021,0.021,-1,Echolocation,/mnt/ubna_data_02_mir/recover-20221013/UBNA_001/20221012_030000.WAV,Telephone Field,recover-20221013,001,1795
472.4145,472.4541,68437,82292,Rhinolophus ferrumequinum,0.024,0.024,-1,Echolocation,/mnt/ubna_data_02_mir/recover-20221013/UBNA_001/20221012_030000.WAV,Telephone Field,recover-20221013,001,1795
472.4205,472.4312,26328,34897,Eptesicus serotinus,0.011,0.025,-1,Echolocation,/mnt/ubna_data_02_mir/recover-20221013/UBNA_001/20221012_030000.WAV,Telephone Field,recover-20221013,001,1795
472.4445,472.4522,28046,40850,Eptesicus serotinus,0.007,0.021,-1,Echolocation,/mnt/ubna_data_02_mir/recover-20221013/UBNA_001/20221012_030000.WAV,Telephone Field,recover-20221013,001,1795
472.4665,472.4762,28046,36749,Eptesicus serotinus,0.011,0.025,-1,Echolocation,/mnt/ubna_data_02_mir/recover-20221013/UBNA_001/20221012_030000.WAV,Telephone Field,recover-20221013,001,1795
472.4945,472.5322,68437,81312,Rhinolophus ferrumequinum,0.027,0.027,-1,Echolocation,/mnt/ubna_data_02_mir/recover-20221013/UBNA_001/20221012_030000.WAV,Telephone Field,recover-20221013,001,1795
472.5085,472.5469,68437,81883,Rhinolophus ferrumequinum,0.022,0.022,-1,Echolocation,/mnt/ubna_data_02_mir/recover-20221013/UBNA_001/20221012_030000.WAV,Telephone Field,recover-20221013,001,1795
472.5185,472.5583,68437,81973,Rhinolophus ferrumequinum,0.022,0.022,-1,Echolocation,/mnt/ubna_data_02_mir/recover-20221013/UBNA_001/20221012_030000.WAV,Telephone Field,recover-20221013,001,1795
472.5355,472.5533,19453,22953,Nyctalus noctula,0.02,0.044,-1,Echolocation,/mnt/ubna_data_02_mir/recover-20221013/UBNA_001/20221012_030000.WAV,Telephone Field,recover-20221013,001,1795
472.5705,472.5823,23750,28861,Nyctalus leisleri,0.012,0.023,-1,Echolocation,/mnt/ubna_data_02_mir/recover-20221013/UBNA_001/20221012_030000.WAV,Telephone Field,recover-20221013,001,1795
472.6055,472.6422,68437,82192,Rhinolophus ferrumequinum,0.025,0.025,-1,Echolocation,/mnt/ubna_data_02_mir/recover-20221013/UBNA_001/20221012_030000.WAV,Telephone Field,recover-20221013,001,1795
472.6395,472.6801,68437,82955,Rhinolophus ferrumequinum,0.026,0.026,-1,Echolocation,/mnt/ubna_data_02_mir/recover-20221013/UBNA_001/20221012_030000.WAV,Telephone Field,recover-20221013,001,1795
472.6605,472.6673,28046,39497,Eptesicus serotinus,0.007,0.022,-1,Echolocation,/mnt/ubna_data_02_mir/recover-20221013/UBNA_001/20221012_030000.WAV,Telephone Field,recover-20221013,001,1795
472.7435,472.7511,28046,40384,Eptesicus serotinus,0.007,0.021,-1,Echolocation,/mnt/ubna_data_02_mir/recover-20221013/UBNA_001/20221012_030000.WAV,Telephone Field,recover-20221013,001,1795
472.7435,472.7815,68437,82026,Rhinolophus ferrumequinum,0.023,0.023,-1,Echolocation,/mnt/ubna_data_02_mir/recover-20221013/UBNA_001/20221012_030000.WAV,Telephone Field,recover-20221013,001,1795
472.7885,472.8263,68437,82187,Rhinolophus ferrumequinum,0.023,0.023,-1,Echolocation,/mnt/ubna_data_02_mir/recover-20221013/UBNA_001/20221012_030000.WAV,Telephone Field,recover-20221013,001,1795
472.8055,472.8458,68437,82037,Rhinolophus ferrumequinum,0.022,0.022,-1,Echolocation,/mnt/ubna_data_02_mir/recover-20221013/UBNA_001/20221012_030000.WAV,Telephone Field,recover-20221013,001,1795
472.8285,472.874,68437,83609,Rhinolophus ferrumequinum,0.034,0.034,-1,Echolocation,/mnt/ubna_data_02_mir/recover-20221013/UBNA_001/20221012_030000.WAV,Telephone Field,recover-20221013,001,1795
472.83050000000003,472.8421,22031,26173,Nyctalus leisleri,0.012,0.022,-1,Echolocation,/mnt/ubna_data_02_mir/recover-20221013/UBNA_001/20221012_030000.WAV,Telephone Field,recover-20221013,001,1795
472.8705,472.8803,24609,31579,Nyctalus leisleri,0.007,0.021,-1,Echolocation,/mnt/ubna_data_02_mir/recover-20221013/UBNA_001/20221012_030000.WAV,Telephone Field,recover-20221013,001,1795
472.8835,472.8913,28046,39126,Eptesicus serotinus,0.007,0.023,-1,Echolocation,/mnt/ubna_data_02_mir/recover-20221013/UBNA_001/20221012_030000.WAV,Telephone Field,recover-20221013,001,1795
472.8995,472.9374,68437,82304,Rhinolophus ferrumequinum,0.022,0.022,-1,Echolocation,/mnt/ubna_data_02_mir/recover-20221013/UBNA_001/20221012_030000.WAV,Telephone Field,recover-20221013,001,1795
472.9255,472.9626,68437,82212,Rhinolophus ferrumequinum,0.021,0.021,-1,Echolocation,/mnt/ubna_data_02_mir/recover-20221013/UBNA_001/20221012_030000.WAV,Telephone Field,recover-20221013,001,1795
472.9405,472.9776,68437,82117,Rhinolophus ferrumequinum,0.021,0.021,-1,Echolocation,/mnt/ubna_data_02_mir/recover-20221013/UBNA_001/20221012_030000.WAV,Telephone Field,recover-20221013,001,1795
472.9785,473.01800000000003,68437,82704,Rhinolophus ferrumequinum,0.025,0.025,-1,Echolocation,/mnt/ubna_data_02_mir/recover-20221013/UBNA_001/20221012_030000.WAV,Telephone Field,recover-20221013,001,1795
472.9885,473.0265,68437,81476,Rhinolophus ferrumequinum,0.022,0.022,-1,Echolocation,/mnt/ubna_data_02_mir/recover-20221013/UBNA_001/20221012_030000.WAV,Telephone Field,recover-20221013,001,1795
473.0065,473.0472,68437,82360,Rhinolophus ferrumequinum,0.022,0.022,-1,Echolocation,/mnt/ubna_data_02_mir/recover-20221013/UBNA_001/20221012_030000.WAV,Telephone Field,recover-20221013,001,1795
473.0095,473.0212,23750,29285,Nyctalus leisleri,0.015,0.03,-1,Echolocation,/mnt/ubna_data_02_mir/recover-20221013/UBNA_001/20221012_030000.WAV,Telephone Field,recover-20221013,001,1795
473.0285,473.06759999999997,68437,82469,Rhinolophus ferrumequinum,0.023,0.023,-1,Echolocation,/mnt/ubna_data_02_mir/recover-20221013/UBNA_001/20221012_030000.WAV,Telephone Field,recover-20221013,001,1795
473.0635,473.1047,68437,83125,Rhinolophus ferrumequinum,0.021,0.021,-1,Echolocation,/mnt/ubna_data_02_mir/recover-20221013/UBNA_001/20221012_030000.WAV,Telephone Field,recover-20221013,001,1795
473.0835,473.1204,68437,82117,Rhinolophus ferrumequinum,0.03,0.03,-1,Echolocation,/mnt/ubna_data_02_mir/recover-20221013/UBNA_001/20221012_030000.WAV,Telephone Field,recover-20221013,001,1795
473.0845,473.0952,23750,30324,Nyctalus leisleri,0.01,0.026,-1,Echolocation,/mnt/ubna_data_02_mir/recover-20221013/UBNA_001/20221012_030000.WAV,Telephone Field,recover-20221013,001,1795
473.0965,473.1377,68437,83039,Rhinolophus ferrumequinum,0.025,0.025,-1,Echolocation,/mnt/ubna_data_02_mir/recover-20221013/UBNA_001/20221012_030000.WAV,Telephone Field,recover-20221013,001,1795
473.1175,473.153,68437,81420,Rhinolophus ferrumequinum,0.023,0.024,-1,Echolocation,/mnt/ubna_data_02_mir/recover-20221013/UBNA_001/20221012_030000.WAV,Telephone Field,recover-20221013,001,1795
473.1425,473.15070000000003,23750,32390,Plecotus austriacus,0.009,0.022,-1,Echolocation,/mnt/ubna_data_02_mir/recover-20221013/UBNA_001/20221012_030000.WAV,Telephone Field,recover-20221013,001,1795
473.1435,473.15070000000003,28046,39500,Eptesicus serotinus,0.006,0.022,-1,Echolocation,/mnt/ubna_data_02_mir/recover-20221013/UBNA_001/20221012_030000.WAV,Telephone Field,recover-20221013,001,1795
473.2005,473.2396,68437,82642,Rhinolophus ferrumequinum,0.023,0.023,-1,Echolocation,/mnt/ubna_data_02_mir/recover-20221013/UBNA_001/20221012_030000.WAV,Telephone Field,recover-20221013,001,1795
473.2095,473.2221,22031,26181,Nyctalus leisleri,0.014,0.023,-1,Echolocation,/mnt/ubna_data_02_mir/recover-20221013/UBNA_001/20221012_030000.WAV,Telephone Field,recover-20221013,001,1795
473.22950000000003,473.2682,68437,82061,Rhinolophus ferrumequinum,0.022,0.022,-1,Echolocation,/mnt/ubna_data_02_mir/recover-20221013/UBNA_001/20221012_030000.WAV,Telephone Field,recover-20221013,001,1795
473.2575,473.26800000000003,22031,26473,Nyctalus leisleri,0.012,0.023,-1,Echolocation,/mnt/ubna_data_02_mir/recover-20221013/UBNA_001/20221012_030000.WAV,Telephone Field,recover-20221013,001,1795
473.2615,473.3016,68437,82826,Rhinolophus ferrumequinum,0.022,0.022,-1,Echolocation,/mnt/ubna_data_02_mir/recover-20221013/UBNA_001/20221012_030000.WAV,Telephone Field,recover-20221013,001,1795
473.27049999999997,473.2827,29765,34872,Eptesicus serotinus,0.01,0.023,-1,Echolocation,/mnt/ubna_data_02_mir/recover-20221013/UBNA_001/20221012_030000.WAV,Telephone Field,recover-20221013,001,1795
473.3085,473.3461,68437,82226,Rhinolophus ferrumequinum,0.021,0.021,-1,Echolocation,/mnt/ubna_data_02_mir/recover-20221013/UBNA_001/20221012_030000.WAV,Telephone Field,recover-20221013,001,1795
473.3935,473.4328,68437,81810,Rhinolophus ferrumequinum,0.021,0.021,-1,Echolocation,/mnt/ubna_data_02_mir/recover-20221013/UBNA_001/20221012_030000.WAV,Telephone Field,recover-20221013,001,1795
473.4125,473.4519,68437,82674,Rhinolophus ferrumequinum,0.021,0.021,-1,Echolocation,/mnt/ubna_data_02_mir/recover-20221013/UBNA_001/20221012_030000.WAV,Telephone Field,recover-20221013,001,1795
473.4445,473.4808,68437,81618,Rhinolophus ferrumequinum,0.021,0.021,-1,Echolocation,/mnt/ubna_data_02_mir/recover-20221013/UBNA_001/20221012_030000.WAV,Telephone Field,recover-20221013,001,1795
473.45550000000003,473.4927,68437,82617,Rhinolophus ferrumequinum,0.021,0.021,-1,Echolocation,/mnt/ubna_data_02_mir/recover-20221013/UBNA_001/20221012_030000.WAV,Telephone Field,recover-20221013,001,1795
473.4695,473.5102,68437,82737,Rhinolophus ferrumequinum,0.021,0.021,-1,Echolocation,/mnt/ubna_data_02_mir/recover-20221013/UBNA_001/20221012_030000.WAV,Telephone Field,recover-20221013,001,1795
473.4895,473.5259,68437,81551,Rhinolophus ferrumequinum,0.025,0.025,-1,Echolocation,/mnt/ubna_data_02_mir/recover-20221013/UBNA_001/20221012_030000.WAV,Telephone Field,recover-20221013,001,1795
473.5115,473.5215,44375,50635,Pipistrellus pipistrellus,0.018,0.024,-1,Echolocation,/mnt/ubna_data_02_mir/recover-20221013/UBNA_001/20221012_030000.WAV,Telephone Field,recover-20221013,001,1795
473.5135,473.5194,27187,42832,Eptesicus serotinus,0.005,0.023,-1,Echolocation,/mnt/ubna_data_02_mir/recover-20221013/UBNA_001/20221012_030000.WAV,Telephone Field,recover-20221013,001,1795
473.6645,473.703,68437,82382,Rhinolophus ferrumequinum,0.032,0.032,-1,Echolocation,/mnt/ubna_data_02_mir/recover-20221013/UBNA_001/20221012_030000.WAV,Telephone Field,recover-20221013,001,1795
473.7015,473.7427,68437,83192,Rhinolophus ferrumequinum,0.035,0.035,-1,Echolocation,/mnt/ubna_data_02_mir/recover-20221013/UBNA_001/20221012_030000.WAV,Telephone Field,recover-20221013,001,1795
473.7455,473.7554,45234,51145,Pipistrellus pipistrellus,0.023,0.025,-1,Echolocation,/mnt/ubna_data_02_mir/recover-20221013/UBNA_001/20221012_030000.WAV,Telephone Field,recover-20221013,001,1795
473.7455,473.785,68437,82506,Rhinolophus ferrumequinum,0.024,0.024,-1,Echolocation,/mnt/ubna_data_02_mir/recover-20221013/UBNA_001/20221012_030000.WAV,Telephone Field,recover-20221013,001,1795
473.7815,473.8199,68437,81983,Rhinolophus ferrumequinum,0.022,0.023,-1,Echolocation,/mnt/ubna_data_02_mir/recover-20221013/UBNA_001/20221012_030000.WAV,Telephone Field,recover-20221013,001,1795
473.7845,473.79200000000003,28046,41176,Eptesicus serotinus,0.007,0.022,-1,Echolocation,/mnt/ubna_data_02_mir/recover-20221013/UBNA_001/20221012_030000.WAV,Telephone Field,recover-20221013,001,1795
473.8005,473.8387,68437,82028,Rhinolophus ferrumequinum,0.026,0.026,-1,Echolocation,/mnt/ubna_data_02_mir/recover-20221013/UBNA_001/20221012_030000.WAV,Telephone Field,recover-20221013,001,1795
473.8015,473.8114,44375,51171,Pipistrellus pipistrellus,0.025,0.029,-1,Echolocation,/mnt/ubna_data_02_mir/recover-20221013/UBNA_001/20221012_030000.WAV,Telephone Field,recover-20221013,001,1795
473.8045,473.8127,23750,31270,Plecotus austriacus,0.009,0.024,-1,Echolocation,/mnt/ubna_data_02_mir/recover-20221013/UBNA_001/20221012_030000.WAV,Telephone Field,recover-20221013,001,1795
473.8365,473.8746,68437,81563,Rhinolophus ferrumequinum,0.022,0.022,-1,Echolocation,/mnt/ubna_data_02_mir/recover-20221013/UBNA_001/20221012_030000.WAV,Telephone Field,recover-20221013,001,1795
473.8395,473.8484,27187,37195,Eptesicus serotinus,0.008,0.025,-1,Echolocation,/mnt/ubna_data_02_mir/recover-20221013/UBNA_001/20221012_030000.WAV,Telephone Field,recover-20221013,001,1795
473.8555,473.8896,68437,81264,Rhinolophus ferrumequinum,0.021,0.021,-1,Echolocation,/mnt/ubna_data_02_mir/recover-20221013/UBNA_001/20221012_030000.WAV,Telephone Field,recover-20221013,001,1795
473.8645,473.9001,68437,81543,Rhinolophus ferrumequinum,0.022,0.022,-1,Echolocation,/mnt/ubna_data_02_mir/recover-20221013/UBNA_001/20221012_030000.WAV,Telephone Field,recover-20221013,001,1795
473.8825,473.8907,28046,39380,Eptesicus serotinus,0.008,0.024,-1,Echolocation,/mnt/ubna_data_02_mir/recover-20221013/UBNA_001/20221012_030000.WAV,Telephone Field,recover-20221013,001,1795
473.9055,473.9159,22031,26783,Nyctalus leisleri,0.01,0.021,-1,Echolocation,/mnt/ubna_data_02_mir/recover-20221013/UBNA_001/20221012_030000.WAV,Telephone Field,recover-20221013,001,1795
473.9095,473.9165,28046,40738,Eptesicus serotinus,0.006,0.022,-1,Echolocation,/mnt/ubna_data_02_mir/recover-20221013/UBNA_001/20221012_030000.WAV,Telephone Field,recover-20221013,001,1795
473.9255,473.9624,68437,82038,Rhinolophus ferrumequinum,0.024,0.024,-1,Echolocation,/mnt/ubna_data_02_mir/recover-20221013/UBNA_001/20221012_030000.WAV,Telephone Field,recover-20221013,001,1795
473.9465,473.9861,68437,81886,Rhinolophus ferrumequinum,0.021,0.021,-1,Echolocation,/mnt/ubna_data_02_mir/recover-20221013/UBNA_001/20221012_030000.WAV,Telephone Field,recover-20221013,001,1795
473.9545,473.9939,68437,82397,Rhinolophus ferrumequinum,0.021,0.021,-1,Echolocation,/mnt/ubna_data_02_mir/recover-20221013/UBNA_001/20221012_030000.WAV,Telephone Field,recover-20221013,001,1795
473.9715,473.979,27187,39367,Eptesicus serotinus,0.007,0.025,-1,Echolocation,/mnt/ubna_data_02_mir/recover-20221013/UBNA_001/20221012_030000.WAV,Telephone Field,recover-20221013,001,1795
474.0015,474.0154,20312,24596,Nyctalus leisleri,0.015,0.03,-1,Echolocation,/mnt/ubna_data_02_mir/recover-20221013/UBNA_001/20221012_030000.WAV,Telephone Field,recover-20221013,001,1795
474.0015,474.0076,48671,55662,Pipistrellus pipistrellus,0.016,0.023,-1,Echolocation,/mnt/ubna_data_02_mir/recover-20221013/UBNA_001/20221012_030000.WAV,Telephone Field,recover-20221013,001,1795
474.0015,474.0107,27187,36217,Eptesicus serotinus,0.014,0.035,-1,Echolocation,/mnt/ubna_data_02_mir/recover-20221013/UBNA_001/20221012_030000.WAV,Telephone Field,recover-20221013,001,1795
474.0075,474.0204,42656,45962,Pipistrellus pipistrellus,0.036,0.042,-1,Echolocation,/mnt/ubna_data_02_mir/recover-20221013/UBNA_001/20221012_030000.WAV,Telephone Field,recover-20221013,001,1795
474.0155,474.0578,68437,83215,Rhinolophus ferrumequinum,0.025,0.025,-1,Echolocation,/mnt/ubna_data_02_mir/recover-20221013/UBNA_001/20221012_030000.WAV,Telephone Field,recover-20221013,001,1795
474.0255,474.0652,68437,82470,Rhinolophus ferrumequinum,0.021,0.021,-1,Echolocation,/mnt/ubna_data_02_mir/recover-20221013/UBNA_001/20221012_030000.WAV,Telephone Field,recover-20221013,001,1795
474.0315,474.0682,68437,82201,Rhinolophus ferrumequinum,0.021,0.021,-1,Echolocation,/mnt/ubna_data_02_mir/recover-20221013/UBNA_001/20221012_030000.WAV,Telephone Field,recover-20221013,001,1795
474.0575,474.0656,46093,52095,Pipistrellus pipistrellus,0.019,0.022,-1,Echolocation,/mnt/ubna_data_02_mir/recover-20221013/UBNA_001/20221012_030000.WAV,Telephone Field,recover-20221013,001,1795
474.0815,474.0885,26328,35530,Eptesicus serotinus,0.006,0.023,-1,Echolocation,/mnt/ubna_data_02_mir/recover-20221013/UBNA_001/20221012_030000.WAV,Telephone Field,recover-20221013,001,1795
474.0975,474.1077,22890,28405,Nyctalus leisleri,0.01,0.023,-1,Echolocation,/mnt/ubna_data_02_mir/recover-20221013/UBNA_001/20221012_030000.WAV,Telephone Field,recover-20221013,001,1795
474.1075,474.145,68437,81823,Rhinolophus ferrumequinum,0.025,0.025,-1,Echolocation,/mnt/ubna_data_02_mir/recover-20221013/UBNA_001/20221012_030000.WAV,Telephone Field,recover-20221013,001,1795
474.1395,474.1754,68437,81138,Rhinolophus ferrumequinum,0.022,0.022,-1,Echolocation,/mnt/ubna_data_02_mir/recover-20221013/UBNA_001/20221012_030000.WAV,Telephone Field,recover-20221013,001,1795
474.1535,474.1636,24609,30978,Nyctalus leisleri,0.009,0.023,-1,Echolocation,/mnt/ubna_data_02_mir/recover-20221013/UBNA_001/20221012_030000.WAV,Telephone Field,recover-20221013,001,1795
474.1845,474.2259,68437,83098,Rhinolophus ferrumequinum,0.028,0.028,-1,Echolocation,/mnt/ubna_data_02_mir/recover-20221013/UBNA_001/20221012_030000.WAV,Telephone Field,recover-20221013,001,1795
474.1865,474.1934,28046,38559,Eptesicus serotinus,0.007,0.025,-1,Echolocation,/mnt/ubna_data_02_mir/recover-20221013/UBNA_001/20221012_030000.WAV,Telephone Field,recover-20221013,001,1795
474.1885,474.1991,22031,25915,Nyctalus leisleri,0.012,0.021,-1,Echolocation,/mnt/ubna_data_02_mir/recover-20221013/UBNA_001/20221012_030000.WAV,Telephone Field,recover-20221013,001,1795
474.2035,474.2435,68437,82628,Rhinolophus ferrumequinum,0.026,0.026,-1,Echolocation,/mnt/ubna_data_02_mir/recover-20221013/UBNA_001/20221012_030000.WAV,Telephone Field,recover-20221013,001,1795
474.2245,474.2357,23750,28781,Nyctalus leisleri,0.013,0.026,-1,Echolocation,/mnt/ubna_data_02_mir/recover-20221013/UBNA_001/20221012_030000.WAV,Telephone Field,recover-20221013,001,1795
474.2285,474.2696,68437,82931,Rhinolophus ferrumequinum,0.034,0.034,-1,Echolocation,/mnt/ubna_data_02_mir/recover-20221013/UBNA_001/20221012_030000.WAV,Telephone Field,recover-20221013,001,1795
474.2525,474.2602,27187,38800,Eptesicus serotinus,0.008,0.025,-1,Echolocation,/mnt/ubna_data_02_mir/recover-20221013/UBNA_001/20221012_030000.WAV,Telephone Field,recover-20221013,001,1795
474.2635,474.3058,68437,83420,Rhinolophus ferrumequinum,0.028,0.028,-1,Echolocation,/mnt/ubna_data_02_mir/recover-20221013/UBNA_001/20221012_030000.WAV,Telephone Field,recover-20221013,001,1795
474.2725,474.2819,24609,31404,Nyctalus leisleri,0.008,0.023,-1,Echolocation,/mnt/ubna_data_02_mir/recover-20221013/UBNA_001/20221012_030000.WAV,Telephone Field,recover-20221013,001,1795
474.3015,474.3426,68437,83056,Rhinolophus ferrumequinum,0.029,0.029,-1,Echolocation,/mnt/ubna_data_02_mir/recover-20221013/UBNA_001/20221012_030000.WAV,Telephone Field,recover-20221013,001,1795
474.3205,474.3274,27187,41380,Eptesicus serotinus,0.007,0.025,-1,Echolocation,/mnt/ubna_data_02_mir/recover-20221013/UBNA_001/20221012_030000.WAV,Telephone Field,recover-20221013,001,1795
474.3285,474.3388,25468,32422,Eptesicus serotinus,0.013,0.032,-1,Echolocation,/mnt/ubna_data_02_mir/recover-20221013/UBNA_001/20221012_030000.WAV,Telephone Field,recover-20221013,001,1795
474.3385,474.3725,68437,81096,Rhinolophus ferrumequinum,0.021,0.021,-1,Echolocation,/mnt/ubna_data_02_mir/recover-20221013/UBNA_001/20221012_030000.WAV,Telephone Field,recover-20221013,001,1795
474.3675,474.4088,68437,82466,Rhinolophus ferrumequinum,0.022,0.022,-1,Echolocation,/mnt/ubna_data_02_mir/recover-20221013/UBNA_001/20221012_030000.WAV,Telephone Field,recover-20221013,001,1795
474.3685,474.3755,48671,55929,Pipistrellus pipistrellus,0.02,0.022,-1,Echolocation,/mnt/ubna_data_02_mir/recover-20221013/UBNA_001/20221012_030000.WAV,Telephone Field,recover-20221013,001,1795
474.3895,474.42719999999997,68437,82260,Rhinolophus ferrumequinum,0.023,0.023,-1,Echolocation,/mnt/ubna_data_02_mir/recover-20221013/UBNA_001/20221012_030000.WAV,Telephone Field,recover-20221013,001,1795
474.3945,474.4315,68437,81734,Rhinolophus ferrumequinum,0.023,0.023,-1,Echolocation,/mnt/ubna_data_02_mir/recover-20221013/UBNA_001/20221012_030000.WAV,Telephone Field,recover-20221013,001,1795
474.3995,474.4087,22890,29063,Nyctalus leisleri,0.008,0.023,-1,Echolocation,/mnt/ubna_data_02_mir/recover-20221013/UBNA_001/20221012_030000.WAV,Telephone Field,recover-20221013,001,1795
474.4315,474.4763,68437,83369,Rhinolophus ferrumequinum,0.056,0.056,-1,Echolocation,/mnt/ubna_data_02_mir/recover-20221013/UBNA_001/20221012_030000.WAV,Telephone Field,recover-20221013,001,1795
474.4325,474.4405,44375,55741,Pipistrellus pipistrellus,0.012,0.026,-1,Echolocation,/mnt/ubna_data_02_mir/recover-20221013/UBNA_001/20221012_030000.WAV,Telephone Field,recover-20221013,001,1795
474.4535,474.4944,68437,82009,Rhinolophus ferrumequinum,0.024,0.024,-1,Echolocation,/mnt/ubna_data_02_mir/recover-20221013/UBNA_001/20221012_030000.WAV,Telephone Field,recover-20221013,001,1795
474.4725,474.5134,68437,82310,Rhinolophus ferrumequinum,0.028,0.028,-1,Echolocation,/mnt/ubna_data_02_mir/recover-20221013/UBNA_001/20221012_030000.WAV,Telephone Field,recover-20221013,001,1795
474.4935,474.5009,44375,52976,Pipistrellus pipistrellus,0.018,0.024,-1,Echolocation,/mnt/ubna_data_02_mir/recover-20221013/UBNA_001/20221012_030000.WAV,Telephone Field,recover-20221013,001,1795
474.5075,474.517,25468,32654,Eptesicus serotinus,0.01,0.027,-1,Echolocation,/mnt/ubna_data_02_mir/recover-20221013/UBNA_001/20221012_030000.WAV,Telephone Field,recover-20221013,001,1795
474.5325,474.5704,68437,81910,Rhinolophus ferrumequinum,0.021,0.021,-1,Echolocation,/mnt/ubna_data_02_mir/recover-20221013/UBNA_001/20221012_030000.WAV,Telephone Field,recover-20221013,001,1795
474.5385,474.575,68437,82015,Rhinolophus ferrumequinum,0.021,0.021,-1,Echolocation,/mnt/ubna_data_02_mir/recover-20221013/UBNA_001/20221012_030000.WAV,Telephone Field,recover-20221013,001,1795
474.5705,474.5842,22890,27053,Nyctalus leisleri,0.019,0.037,-1,Echolocation,/mnt/ubna_data_02_mir/recover-20221013/UBNA_001/20221012_030000.WAV,Telephone Field,recover-20221013,001,1795
474.5755,474.6134,68437,81268,Rhinolophus ferrumequinum,0.023,0.023,-1,Echolocation,/mnt/ubna_data_02_mir/recover-20221013/UBNA_001/20221012_030000.WAV,Telephone Field,recover-20221013,001,1795
474.6345,474.6419,27187,38764,Plecotus austriacus,0.011,0.053,-1,Echolocation,/mnt/ubna_data_02_mir/recover-20221013/UBNA_001/20221012_030000.WAV,Telephone Field,recover-20221013,001,1795
474.6345,474.67470000000003,68437,82621,Rhinolophus ferrumequinum,0.022,0.022,-1,Echolocation,/mnt/ubna_data_02_mir/recover-20221013/UBNA_001/20221012_030000.WAV,Telephone Field,recover-20221013,001,1795
474.6835,474.694,28906,36832,Eptesicus serotinus,0.009,0.021,-1,Echolocation,/mnt/ubna_data_02_mir/recover-20221013/UBNA_001/20221012_030000.WAV,Telephone Field,recover-20221013,001,1795
474.7095,474.7502,68437,81766,Rhinolophus ferrumequinum,0.032,0.032,-1,Echolocation,/mnt/ubna_data_02_mir/recover-20221013/UBNA_001/20221012_030000.WAV,Telephone Field,recover-20221013,001,1795
474.7345,474.74490000000003,28046,36068,Eptesicus serotinus,0.009,0.022,-1,Echolocation,/mnt/ubna_data_02_mir/recover-20221013/UBNA_001/20221012_030000.WAV,Telephone Field,recover-20221013,001,1795
474.7375,474.7485,14296,21865,Nyctalus noctula,0.014,0.024,-1,Echolocation,/mnt/ubna_data_02_mir/recover-20221013/UBNA_001/20221012_030000.WAV,Telephone Field,recover-20221013,001,1795
474.7805,474.8216,68437,82967,Rhinolophus ferrumequinum,0.03,0.03,-1,Echolocation,/mnt/ubna_data_02_mir/recover-20221013/UBNA_001/20221012_030000.WAV,Telephone Field,recover-20221013,001,1795
474.8155,474.8231,28046,38961,Eptesicus serotinus,0.007,0.022,-1,Echolocation,/mnt/ubna_data_02_mir/recover-20221013/UBNA_001/20221012_030000.WAV,Telephone Field,recover-20221013,001,1795
474.8235,474.8648,68437,83071,Rhinolophus ferrumequinum,0.031,0.031,-1,Echolocation,/mnt/ubna_data_02_mir/recover-20221013/UBNA_001/20221012_030000.WAV,Telephone Field,recover-20221013,001,1795
474.8565,474.8654,47812,53717,Pipistrellus pipistrellus,0.036,0.037,-1,Echolocation,/mnt/ubna_data_02_mir/recover-20221013/UBNA_001/20221012_030000.WAV,Telephone Field,recover-20221013,001,1795
474.8585,474.8963,68437,81487,Rhinolophus ferrumequinum,0.03,0.03,-1,Echolocation,/mnt/ubna_data_02_mir/recover-20221013/UBNA_001/20221012_030000.WAV,Telephone Field,recover-20221013,001,1795
474.8705,474.8806,22890,29685,Nyctalus leisleri,0.009,0.028,-1,Echolocation,/mnt/ubna_data_02_mir/recover-20221013/UBNA_001/20221012_030000.WAV,Telephone Field,recover-20221013,001,1795
474.9105,474.922,23750,30286,Nyctalus leisleri,0.014,0.032,-1,Echolocation,/mnt/ubna_data_02_mir/recover-20221013/UBNA_001/20221012_030000.WAV,Telephone Field,recover-20221013,001,1795
474.9515,474.9619,31484,39273,Eptesicus serotinus,0.009,0.023,-1,Echolocation,/mnt/ubna_data_02_mir/recover-20221013/UBNA_001/20221012_030000.WAV,Telephone Field,recover-20221013,001,1795
474.9825,475.0203,68437,82246,Rhinolophus ferrumequinum,0.023,0.023,-1,Echolocation,/mnt/ubna_data_02_mir/recover-20221013/UBNA_001/20221012_030000.WAV,Telephone Field,recover-20221013,001,1795
474.9885,474.9983,28046,36793,Eptesicus serotinus,0.009,0.021,-1,Echolocation,/mnt/ubna_data_02_mir/recover-20221013/UBNA_001/20221012_030000.WAV,Telephone Field,recover-20221013,001,1795
474.9945,475.0346,68437,82572,Rhinolophus ferrumequinum,0.025,0.025,-1,Echolocation,/mnt/ubna_data_02_mir/recover-20221013/UBNA_001/20221012_030000.WAV,Telephone Field,recover-20221013,001,1795
475.0015,475.0086,28906,37588,Eptesicus serotinus,0.013,0.035,-1,Echolocation,/mnt/ubna_data_02_mir/recover-20221013/UBNA_001/20221012_030000.WAV,Telephone Field,recover-20221013,001,1795
475.0135,475.0573,68437,82925,Rhinolophus ferrumequinum,0.033,0.033,-1,Echolocation,/mnt/ubna_data_02_mir/recover-20221013/UBNA_001/20221012_030000.WAV,Telephone Field,recover-20221013,001,1795
475.0145,475.0235,27187,37163,Eptesicus serotinus,0.008,0.021,-1,Echolocation,/mnt/ubna_data_02_mir/recover-20221013/UBNA_001/20221012_030000.WAV,Telephone Field,recover-20221013,001,1795
475.0215,475.0308,28906,36685,Eptesicus serotinus,0.008,0.021,-1,Echolocation,/mnt/ubna_data_02_mir/recover-20221013/UBNA_001/20221012_030000.WAV,Telephone Field,recover-20221013,001,1795
475.0825,475.1164,68437,81639,Rhinolophus ferrumequinum,0.022,0.022,-1,Echolocation,/mnt/ubna_data_02_mir/recover-20221013/UBNA_001/20221012_030000.WAV,Telephone Field,recover-20221013,001,1795
475.0955,475.1344,68437,82754,Rhinolophus ferrumequinum,0.024,0.024,-1,Echolocation,/mnt/ubna_data_02_mir/recover-20221013/UBNA_001/20221012_030000.WAV,Telephone Field,recover-20221013,001,1795
475.1285,475.1384,25468,32244,Eptesicus serotinus,0.01,0.028,-1,Echolocation,/mnt/ubna_data_02_mir/recover-20221013/UBNA_001/20221012_030000.WAV,Telephone Field,recover-20221013,001,1795
475.1365,475.1726,68437,80556,Rhinolophus ferrumequinum,0.024,0.024,-1,Echolocation,/mnt/ubna_data_02_mir/recover-20221013/UBNA_001/20221012_030000.WAV,Telephone Field,recover-20221013,001,1795
475.1395,475.1481,28046,37513,Eptesicus serotinus,0.009,0.023,-1,Echolocation,/mnt/ubna_data_02_mir/recover-20221013/UBNA_001/20221012_030000.WAV,Telephone Field,recover-20221013,001,1795
475.1505,475.1617,22890,27992,Nyctalus leisleri,0.011,0.021,-1,Echolocation,/mnt/ubna_data_02_mir/recover-20221013/UBNA_001/20221012_030000.WAV,Telephone Field,recover-20221013,001,1795
475.1635,475.2011,68437,81752,Rhinolophus ferrumequinum,0.027,0.028,-1,Echolocation,/mnt/ubna_data_02_mir/recover-20221013/UBNA_001/20221012_030000.WAV,Telephone Field,recover-20221013,001,1795
475.16949999999997,475.1781,28046,39430,Eptesicus serotinus,0.012,0.033,-1,Echolocation,/mnt/ubna_data_02_mir/recover-20221013/UBNA_001/20221012_030000.WAV,Telephone Field,recover-20221013,001,1795
475.1915,475.2019,26328,34292,Eptesicus serotinus,0.007,0.021,-1,Echolocation,/mnt/ubna_data_02_mir/recover-20221013/UBNA_001/20221012_030000.WAV,Telephone Field,recover-20221013,001,1795
475.1945,475.2342,68437,82193,Rhinolophus ferrumequinum,0.022,0.022,-1,Echolocation,/mnt/ubna_data_02_mir/recover-20221013/UBNA_001/20221012_030000.WAV,Telephone Field,recover-20221013,001,1795
475.2155,475.2544,68437,82284,Rhinolophus ferrumequinum,0.021,0.021,-1,Echolocation,/mnt/ubna_data_02_mir/recover-20221013/UBNA_001/20221012_030000.WAV,Telephone Field,recover-20221013,001,1795
475.2175,475.2262,27187,38230,Eptesicus serotinus,0.007,0.021,-1,Echolocation,/mnt/ubna_data_02_mir/recover-20221013/UBNA_001/20221012_030000.WAV,Telephone Field,recover-20221013,001,1795
475.2315,475.2688,68437,80955,Rhinolophus ferrumequinum,0.021,0.021,-1,Echolocation,/mnt/ubna_data_02_mir/recover-20221013/UBNA_001/20221012_030000.WAV,Telephone Field,recover-20221013,001,1795
475.2525,475.2895,68437,81885,Rhinolophus ferrumequinum,0.023,0.023,-1,Echolocation,/mnt/ubna_data_02_mir/recover-20221013/UBNA_001/20221012_030000.WAV,Telephone Field,recover-20221013,001,1795
475.2735,475.2867,21171,24925,Nyctalus leisleri,0.012,0.021,-1,Echolocation,/mnt/ubna_data_02_mir/recover-20221013/UBNA_001/20221012_030000.WAV,Telephone Field,recover-20221013,001,1795
475.2755,475.3123,68437,82371,Rhinolophus ferrumequinum,0.022,0.023,-1,Echolocation,/mnt/ubna_data_02_mir/recover-20221013/UBNA_001/20221012_030000.WAV,Telephone Field,recover-20221013,001,1795
475.2905,475.3288,68437,82413,Rhinolophus ferrumequinum,0.024,0.024,-1,Echolocation,/mnt/ubna_data_02_mir/recover-20221013/UBNA_001/20221012_030000.WAV,Telephone Field,recover-20221013,001,1795
475.3355,475.3451,28046,36369,Eptesicus serotinus,0.009,0.022,-1,Echolocation,/mnt/ubna_data_02_mir/recover-20221013/UBNA_001/20221012_030000.WAV,Telephone Field,recover-20221013,001,1795
475.3465,475.3552,29765,38781,Eptesicus serotinus,0.008,0.024,-1,Echolocation,/mnt/ubna_data_02_mir/recover-20221013/UBNA_001/20221012_030000.WAV,Telephone Field,recover-20221013,001,1795
475.4085,475.444,68437,81601,Rhinolophus ferrumequinum,0.021,0.022,-1,Echolocation,/mnt/ubna_data_02_mir/recover-20221013/UBNA_001/20221012_030000.WAV,Telephone Field,recover-20221013,001,1795
475.4315,475.4711,68437,82351,Rhinolophus ferrumequinum,0.022,0.022,-1,Echolocation,/mnt/ubna_data_02_mir/recover-20221013/UBNA_001/20221012_030000.WAV,Telephone Field,recover-20221013,001,1795
475.4465,475.4569,28906,36725,Eptesicus serotinus,0.01,0.023,-1,Echolocation,/mnt/ubna_data_02_mir/recover-20221013/UBNA_001/20221012_030000.WAV,Telephone Field,recover-20221013,001,1795
475.4635,475.5009,68437,81968,Rhinolophus ferrumequinum,0.023,0.023,-1,Echolocation,/mnt/ubna_data_02_mir/recover-20221013/UBNA_001/20221012_030000.WAV,Telephone Field,recover-20221013,001,1795
475.5335,475.5405,28046,47175,Eptesicus serotinus,0.007,0.023,-1,Echolocation,/mnt/ubna_data_02_mir/recover-20221013/UBNA_001/20221012_030000.WAV,Telephone Field,recover-20221013,001,1795
475.5475,475.5556,48671,53965,Pipistrellus pipistrellus,0.02,0.021,-1,Echolocation,/mnt/ubna_data_02_mir/recover-20221013/UBNA_001/20221012_030000.WAV,Telephone Field,recover-20221013,001,1795
475.5495,475.5883,68437,82246,Rhinolophus ferrumequinum,0.023,0.023,-1,Echolocation,/mnt/ubna_data_02_mir/recover-20221013/UBNA_001/20221012_030000.WAV,Telephone Field,recover-20221013,001,1795
475.5555,475.596,68437,82395,Rhinolophus ferrumequinum,0.024,0.024,-1,Echolocation,/mnt/ubna_data_02_mir/recover-20221013/UBNA_001/20221012_030000.WAV,Telephone Field,recover-20221013,001,1795
475.5755,475.5835,28906,37569,Eptesicus serotinus,0.007,0.026,-1,Echolocation,/mnt/ubna_data_02_mir/recover-20221013/UBNA_001/20221012_030000.WAV,Telephone Field,recover-20221013,001,1795
475.5915,475.6041,22031,25805,Nyctalus leisleri,0.013,0.022,-1,Echolocation,/mnt/ubna_data_02_mir/recover-20221013/UBNA_001/20221012_030000.WAV,Telephone Field,recover-20221013,001,1795
475.5975,475.6364,68437,82191,Rhinolophus ferrumequinum,0.023,0.023,-1,Echolocation,/mnt/ubna_data_02_mir/recover-20221013/UBNA_001/20221012_030000.WAV,Telephone Field,recover-20221013,001,1795
475.6035,475.6429,68437,82477,Rhinolophus ferrumequinum,0.022,0.022,-1,Echolocation,/mnt/ubna_data_02_mir/recover-20221013/UBNA_001/20221012_030000.WAV,Telephone Field,recover-20221013,001,1795
475.6215,475.6594,68437,82456,Rhinolophus ferrumequinum,0.021,0.021,-1,Echolocation,/mnt/ubna_data_02_mir/recover-20221013/UBNA_001/20221012_030000.WAV,Telephone Field,recover-20221013,001,1795
475.6565,475.6643,28046,40330,Eptesicus serotinus,0.008,0.025,-1,Echolocation,/mnt/ubna_data_02_mir/recover-20221013/UBNA_001/20221012_030000.WAV,Telephone Field,recover-20221013,001,1795
475.6775,475.7206,68437,82802,Rhinolophus ferrumequinum,0.029,0.029,-1,Echolocation,/mnt/ubna_data_02_mir/recover-20221013/UBNA_001/20221012_030000.WAV,Telephone Field,recover-20221013,001,1795
475.6955,475.7357,68437,83267,Rhinolophus ferrumequinum,0.038,0.038,-1,Echolocation,/mnt/ubna_data_02_mir/recover-20221013/UBNA_001/20221012_030000.WAV,Telephone Field,recover-20221013,001,1795
475.7155,475.7233,28046,39167,Eptesicus serotinus,0.007,0.023,-1,Echolocation,/mnt/ubna_data_02_mir/recover-20221013/UBNA_001/20221012_030000.WAV,Telephone Field,recover-20221013,001,1795
475.7155,475.7238,23750,32149,Plecotus austriacus,0.008,0.022,-1,Echolocation,/mnt/ubna_data_02_mir/recover-20221013/UBNA_001/20221012_030000.WAV,Telephone Field,recover-20221013,001,1795
475.7595,475.7675,28046,36720,Eptesicus serotinus,0.009,0.022,-1,Echolocation,/mnt/ubna_data_02_mir/recover-20221013/UBNA_001/20221012_030000.WAV,Telephone Field,recover-20221013,001,1795
475.7725,475.7812,25468,33774,Eptesicus serotinus,0.011,0.029,-1,Echolocation,/mnt/ubna_data_02_mir/recover-20221013/UBNA_001/20221012_030000.WAV,Telephone Field,recover-20221013,001,1795
475.7725,475.8087,68437,81456,Rhinolophus ferrumequinum,0.021,0.021,-1,Echolocation,/mnt/ubna_data_02_mir/recover-20221013/UBNA_001/20221012_030000.WAV,Telephone Field,recover-20221013,001,1795
475.7845,475.8238,68437,82355,Rhinolophus ferrumequinum,0.023,0.023,-1,Echolocation,/mnt/ubna_data_02_mir/recover-20221013/UBNA_001/20221012_030000.WAV,Telephone Field,recover-20221013,001,1795
475.7985,475.8348,68437,82455,Rhinolophus ferrumequinum,0.025,0.025,-1,Echolocation,/mnt/ubna_data_02_mir/recover-20221013/UBNA_001/20221012_030000.WAV,Telephone Field,recover-20221013,001,1795
475.8055,475.8472,68437,82651,Rhinolophus ferrumequinum,0.024,0.024,-1,Echolocation,/mnt/ubna_data_02_mir/recover-20221013/UBNA_001/20221012_030000.WAV,Telephone Field,recover-20221013,001,1795
475.8115,475.8198,52109,58647,Pipistrellus pipistrellus,0.028,0.036,-1,Echolocation,/mnt/ubna_data_02_mir/recover-20221013/UBNA_001/20221012_030000.WAV,Telephone Field,recover-20221013,001,1795
475.83050000000003,475.8669,68437,80763,Rhinolophus ferrumequinum,0.021,0.021,-1,Echolocation,/mnt/ubna_data_02_mir/recover-20221013/UBNA_001/20221012_030000.WAV,Telephone Field,recover-20221013,001,1795
475.8565,475.896,68437,81720,Rhinolophus ferrumequinum,0.022,0.022,-1,Echolocation,/mnt/ubna_data_02_mir/recover-20221013/UBNA_001/20221012_030000.WAV,Telephone Field,recover-20221013,001,1795
475.8765,475.9182,68437,82549,Rhinolophus ferrumequinum,0.034,0.034,-1,Echolocation,/mnt/ubna_data_02_mir/recover-20221013/UBNA_001/20221012_030000.WAV,Telephone Field,recover-20221013,001,1795
475.8765,475.8851,28046,38287,Eptesicus serotinus,0.008,0.021,-1,Echolocation,/mnt/ubna_data_02_mir/recover-20221013/UBNA_001/20221012_030000.WAV,Telephone Field,recover-20221013,001,1795
475.8875,475.8957,25468,34714,Eptesicus serotinus,0.007,0.025,-1,Echolocation,/mnt/ubna_data_02_mir/recover-20221013/UBNA_001/20221012_030000.WAV,Telephone Field,recover-20221013,001,1795
475.9045,475.9482,68437,83209,Rhinolophus ferrumequinum,0.032,0.032,-1,Echolocation,/mnt/ubna_data_02_mir/recover-20221013/UBNA_001/20221012_030000.WAV,Telephone Field,recover-20221013,001,1795
475.9055,475.914,27187,38609,Eptesicus serotinus,0.007,0.023,-1,Echolocation,/mnt/ubna_data_02_mir/recover-20221013/UBNA_001/20221012_030000.WAV,Telephone Field,recover-20221013,001,1795
475.9265,475.9371,22890,28030,Nyctalus leisleri,0.013,0.026,-1,Echolocation,/mnt/ubna_data_02_mir/recover-20221013/UBNA_001/20221012_030000.WAV,Telephone Field,recover-20221013,001,1795
475.9375,475.9757,68437,81795,Rhinolophus ferrumequinum,0.023,0.023,-1,Echolocation,/mnt/ubna_data_02_mir/recover-20221013/UBNA_001/20221012_030000.WAV,Telephone Field,recover-20221013,001,1795
475.9605,475.97,22890,30003,Plecotus austriacus,0.009,0.026,-1,Echolocation,/mnt/ubna_data_02_mir/recover-20221013/UBNA_001/20221012_030000.WAV,Telephone Field,recover-20221013,001,1795
475.9635,475.9982,68437,80977,Rhinolophus ferrumequinum,0.021,0.022,-1,Echolocation,/mnt/ubna_data_02_mir/recover-20221013/UBNA_001/20221012_030000.WAV,Telephone Field,recover-20221013,001,1795
475.9865,475.9996,22890,29000,Nyctalus leisleri,0.011,0.025,-1,Echolocation,/mnt/ubna_data_02_mir/recover-20221013/UBNA_001/20221012_030000.WAV,Telephone Field,recover-20221013,001,1795
476.0015,476.0173,17734,22272,Nyctalus leisleri,0.015,0.034,-1,Echolocation,/mnt/ubna_data_02_mir/recover-20221013/UBNA_001/20221012_030000.WAV,Telephone Field,recover-20221013,001,1795
476.0015,476.0102,26328,36297,Nyctalus leisleri,0.007,0.026,-1,Echolocation,/mnt/ubna_data_02_mir/recover-20221013/UBNA_001/20221012_030000.WAV,Telephone Field,recover-20221013,001,1795
476.0015,476.035,68437,79900,Rhinolophus ferrumequinum,0.038,0.038,-1,Echolocation,/mnt/ubna_data_02_mir/recover-20221013/UBNA_001/20221012_030000.WAV,Telephone Field,recover-20221013,001,1795
476.0185,476.0287,28906,36726,Eptesicus serotinus,0.012,0.025,-1,Echolocation,/mnt/ubna_data_02_mir/recover-20221013/UBNA_001/20221012_030000.WAV,Telephone Field,recover-20221013,001,1795
476.0215,476.0302,23750,30773,Plecotus austriacus,0.008,0.024,-1,Echolocation,/mnt/ubna_data_02_mir/recover-20221013/UBNA_001/20221012_030000.WAV,Telephone Field,recover-20221013,001,1795
476.0395,476.0466,23750,33970,Plecotus austriacus,0.02,0.043,-1,Echolocation,/mnt/ubna_data_02_mir/recover-20221013/UBNA_001/20221012_030000.WAV,Telephone Field,recover-20221013,001,1795
476.0675,476.1096,68437,83009,Rhinolophus ferrumequinum,0.027,0.027,-1,Echolocation,/mnt/ubna_data_02_mir/recover-20221013/UBNA_001/20221012_030000.WAV,Telephone Field,recover-20221013,001,1795
476.0715,476.0801,27187,39193,Eptesicus serotinus,0.008,0.021,-1,Echolocation,/mnt/ubna_data_02_mir/recover-20221013/UBNA_001/20221012_030000.WAV,Telephone Field,recover-20221013,001,1795
476.0885,476.1265,68437,82268,Rhinolophus ferrumequinum,0.022,0.022,-1,Echolocation,/mnt/ubna_data_02_mir/recover-20221013/UBNA_001/20221012_030000.WAV,Telephone Field,recover-20221013,001,1795
476.1175,476.1587,68437,82653,Rhinolophus ferrumequinum,0.031,0.031,-1,Echolocation,/mnt/ubna_data_02_mir/recover-20221013/UBNA_001/20221012_030000.WAV,Telephone Field,recover-20221013,001,1795
476.1715,476.1817,23750,30533,Nyctalus leisleri,0.008,0.022,-1,Echolocation,/mnt/ubna_data_02_mir/recover-20221013/UBNA_001/20221012_030000.WAV,Telephone Field,recover-20221013,001,1795
476.1835,476.1937,28046,35022,Eptesicus serotinus,0.025,0.051,-1,Echolocation,/mnt/ubna_data_02_mir/recover-20221013/UBNA_001/20221012_030000.WAV,Telephone Field,recover-20221013,001,1795
476.2155,476.2571,68437,82718,Rhinolophus ferrumequinum,0.022,0.023,-1,Echolocation,/mnt/ubna_data_02_mir/recover-20221013/UBNA_001/20221012_030000.WAV,Telephone Field,recover-20221013,001,1795
476.2215,476.2301,25468,34488,Eptesicus serotinus,0.008,0.025,-1,Echolocation,/mnt/ubna_data_02_mir/recover-20221013/UBNA_001/20221012_030000.WAV,Telephone Field,recover-20221013,001,1795
476.2585,476.2668,26328,34880,Eptesicus serotinus,0.007,0.023,-1,Echolocation,/mnt/ubna_data_02_mir/recover-20221013/UBNA_001/20221012_030000.WAV,Telephone Field,recover-20221013,001,1795
476.2725,476.3091,68437,82013,Rhinolophus ferrumequinum,0.021,0.022,-1,Echolocation,/mnt/ubna_data_02_mir/recover-20221013/UBNA_001/20221012_030000.WAV,Telephone Field,recover-20221013,001,1795
476.3195,476.3328,22890,26555,Nyctalus leisleri,0.017,0.028,-1,Echolocation,/mnt/ubna_data_02_mir/recover-20221013/UBNA_001/20221012_030000.WAV,Telephone Field,recover-20221013,001,1795
476.3355,476.3762,68437,82678,Rhinolophus ferrumequinum,0.026,0.027,-1,Echolocation,/mnt/ubna_data_02_mir/recover-20221013/UBNA_001/20221012_030000.WAV,Telephone Field,recover-20221013,001,1795
476.3675,476.3753,24609,33248,Plecotus austriacus,0.007,0.022,-1,Echolocation,/mnt/ubna_data_02_mir/recover-20221013/UBNA_001/20221012_030000.WAV,Telephone Field,recover-20221013,001,1795
476.3915,476.4299,68437,82225,Rhinolophus ferrumequinum,0.021,0.021,-1,Echolocation,/mnt/ubna_data_02_mir/recover-20221013/UBNA_001/20221012_030000.WAV,Telephone Field,recover-20221013,001,1795
476.4055,476.4152,29765,38485,Eptesicus serotinus,0.008,0.021,-1,Echolocation,/mnt/ubna_data_02_mir/recover-20221013/UBNA_001/20221012_030000.WAV,Telephone Field,recover-20221013,001,1795
476.4155,476.4551,68437,81808,Rhinolophus ferrumequinum,0.024,0.024,-1,Echolocation,/mnt/ubna_data_02_mir/recover-20221013/UBNA_001/20221012_030000.WAV,Telephone Field,recover-20221013,001,1795
476.4375,476.4487,22890,27208,Nyctalus leisleri,0.014,0.026,-1,Echolocation,/mnt/ubna_data_02_mir/recover-20221013/UBNA_001/20221012_030000.WAV,Telephone Field,recover-20221013,001,1795
476.5025,476.5121,28906,36776,Eptesicus serotinus,0.009,0.025,-1,Echolocation,/mnt/ubna_data_02_mir/recover-20221013/UBNA_001/20221012_030000.WAV,Telephone Field,recover-20221013,001,1795
476.5325,476.5403,43515,49249,Pipistrellus pipistrellus,0.024,0.028,-1,Echolocation,/mnt/ubna_data_02_mir/recover-20221013/UBNA_001/20221012_030000.WAV,Telephone Field,recover-20221013,001,1795
476.5635,476.6001,68437,81756,Rhinolophus ferrumequinum,0.021,0.021,-1,Echolocation,/mnt/ubna_data_02_mir/recover-20221013/UBNA_001/20221012_030000.WAV,Telephone Field,recover-20221013,001,1795
476.58050000000003,476.619,68437,82556,Rhinolophus ferrumequinum,0.022,0.022,-1,Echolocation,/mnt/ubna_data_02_mir/recover-20221013/UBNA_001/20221012_030000.WAV,Telephone Field,recover-20221013,001,1795
476.5885,476.5971,28046,39674,Eptesicus serotinus,0.008,0.022,-1,Echolocation,/mnt/ubna_data_02_mir/recover-20221013/UBNA_001/20221012_030000.WAV,Telephone Field,recover-20221013,001,1795
476.6315,476.6708,68437,82590,Rhinolophus ferrumequinum,0.021,0.021,-1,Echolocation,/mnt/ubna_data_02_mir/recover-20221013/UBNA_001/20221012_030000.WAV,Telephone Field,recover-20221013,001,1795
476.6405,476.6481,28046,39913,Eptesicus serotinus,0.008,0.025,-1,Echolocation,/mnt/ubna_data_02_mir/recover-20221013/UBNA_001/20221012_030000.WAV,Telephone Field,recover-20221013,001,1795
476.6475,476.69,68437,83130,Rhinolophus ferrumequinum,0.025,0.026,-1,Echolocation,/mnt/ubna_data_02_mir/recover-20221013/UBNA_001/20221012_030000.WAV,Telephone Field,recover-20221013,001,1795
476.6515,476.65930000000003,28046,37579,Eptesicus serotinus,0.007,0.022,-1,Echolocation,/mnt/ubna_data_02_mir/recover-20221013/UBNA_001/20221012_030000.WAV,Telephone Field,recover-20221013,001,1795
476.6715,476.6791,23750,31985,Plecotus austriacus,0.012,0.025,-1,Echolocation,/mnt/ubna_data_02_mir/recover-20221013/UBNA_001/20221012_030000.WAV,Telephone Field,recover-20221013,001,1795
476.6855,476.7212,68437,81782,Rhinolophus ferrumequinum,0.021,0.021,-1,Echolocation,/mnt/ubna_data_02_mir/recover-20221013/UBNA_001/20221012_030000.WAV,Telephone Field,recover-20221013,001,1795
476.70550000000003,476.7462,68437,82673,Rhinolophus ferrumequinum,0.027,0.027,-1,Echolocation,/mnt/ubna_data_02_mir/recover-20221013/UBNA_001/20221012_030000.WAV,Telephone Field,recover-20221013,001,1795
476.7495,476.7845,68437,80503,Rhinolophus ferrumequinum,0.024,0.024,-1,Echolocation,/mnt/ubna_data_02_mir/recover-20221013/UBNA_001/20221012_030000.WAV,Telephone Field,recover-20221013,001,1795
476.7545,476.7658,24609,31762,Nyctalus leisleri,0.015,0.041,-1,Echolocation,/mnt/ubna_data_02_mir/recover-20221013/UBNA_001/20221012_030000.WAV,Telephone Field,recover-20221013,001,1795
476.8015,476.8168,22890,26958,Nyctalus leisleri,0.022,0.04,-1,Echolocation,/mnt/ubna_data_02_mir/recover-20221013/UBNA_001/20221012_030000.WAV,Telephone Field,recover-20221013,001,1795
476.8515,476.8908,68437,82711,Rhinolophus ferrumequinum,0.023,0.023,-1,Echolocation,/mnt/ubna_data_02_mir/recover-20221013/UBNA_001/20221012_030000.WAV,Telephone Field,recover-20221013,001,1795
476.8835,476.8923,28046,37235,Eptesicus serotinus,0.025,0.046,-1,Echolocation,/mnt/ubna_data_02_mir/recover-20221013/UBNA_001/20221012_030000.WAV,Telephone Field,recover-20221013,001,1795
476.9235,476.9312,28046,38726,Eptesicus serotinus,0.007,0.022,-1,Echolocation,/mnt/ubna_data_02_mir/recover-20221013/UBNA_001/20221012_030000.WAV,Telephone Field,recover-20221013,001,1795
476.9345,476.9727,68437,81764,Rhinolophus ferrumequinum,0.025,0.025,-1,Echolocation,/mnt/ubna_data_02_mir/recover-20221013/UBNA_001/20221012_030000.WAV,Telephone Field,recover-20221013,001,1795
476.9365,476.9476,23750,30445,Nyctalus leisleri,0.043,0.121,-1,Echolocation,/mnt/ubna_data_02_mir/recover-20221013/UBNA_001/20221012_030000.WAV,Telephone Field,recover-20221013,001,1795
477.0035,477.0108,24609,33971,Plecotus austriacus,0.008,0.022,-1,Echolocation,/mnt/ubna_data_02_mir/recover-20221013/UBNA_001/20221012_030000.WAV,Telephone Field,recover-20221013,001,1795
477.02049999999997,477.0292,27187,38622,Eptesicus serotinus,0.008,0.022,-1,Echolocation,/mnt/ubna_data_02_mir/recover-20221013/UBNA_001/20221012_030000.WAV,Telephone Field,recover-20221013,001,1795
477.0775,477.087,28906,37441,Eptesicus serotinus,0.009,0.022,-1,Echolocation,/mnt/ubna_data_02_mir/recover-20221013/UBNA_001/20221012_030000.WAV,Telephone Field,recover-20221013,001,1795
477.1405,477.1783,68437,81834,Rhinolophus ferrumequinum,0.022,0.022,-1,Echolocation,/mnt/ubna_data_02_mir/recover-20221013/UBNA_001/20221012_030000.WAV,Telephone Field,recover-20221013,001,1795
477.1475,477.1822,68437,81931,Rhinolophus ferrumequinum,0.022,0.022,-1,Echolocation,/mnt/ubna_data_02_mir/recover-20221013/UBNA_001/20221012_030000.WAV,Telephone Field,recover-20221013,001,1795
477.1665,477.1765,23750,29016,Nyctalus leisleri,0.011,0.023,-1,Echolocation,/mnt/ubna_data_02_mir/recover-20221013/UBNA_001/20221012_030000.WAV,Telephone Field,recover-20221013,001,1795
477.1735,477.1846,23750,28308,Nyctalus leisleri,0.012,0.022,-1,Echolocation,/mnt/ubna_data_02_mir/recover-20221013/UBNA_001/20221012_030000.WAV,Telephone Field,recover-20221013,001,1795
477.1895,477.2277,68437,82044,Rhinolophus ferrumequinum,0.021,0.022,-1,Echolocation,/mnt/ubna_data_02_mir/recover-20221013/UBNA_001/20221012_030000.WAV,Telephone Field,recover-20221013,001,1795
477.1955,477.2064,38359,43813,Pipistrellus nathusii,0.012,0.026,-1,Echolocation,/mnt/ubna_data_02_mir/recover-20221013/UBNA_001/20221012_030000.WAV,Telephone Field,recover-20221013,001,1795
477.2095,477.2181,28906,36920,Eptesicus serotinus,0.007,0.021,-1,Echolocation,/mnt/ubna_data_02_mir/recover-20221013/UBNA_001/20221012_030000.WAV,Telephone Field,recover-20221013,001,1795
477.2415,477.2521,24609,31556,Nyctalus leisleri,0.01,0.027,-1,Echolocation,/mnt/ubna_data_02_mir/recover-20221013/UBNA_001/20221012_030000.WAV,Telephone Field,recover-20221013,001,1795
477.2725,477.2832,29765,37599,Eptesicus serotinus,0.009,0.021,-1,Echolocation,/mnt/ubna_data_02_mir/recover-20221013/UBNA_001/20221012_030000.WAV,Telephone Field,recover-20221013,001,1795
477.3175,477.3566,68437,82049,Rhinolophus ferrumequinum,0.023,0.023,-1,Echolocation,/mnt/ubna_data_02_mir/recover-20221013/UBNA_001/20221012_030000.WAV,Telephone Field,recover-20221013,001,1795
477.3225,477.3316,44375,50921,Pipistrellus pipistrellus,0.025,0.029,-1,Echolocation,/mnt/ubna_data_02_mir/recover-20221013/UBNA_001/20221012_030000.WAV,Telephone Field,recover-20221013,001,1795
477.3255,477.3342,28046,36935,Eptesicus serotinus,0.008,0.023,-1,Echolocation,/mnt/ubna_data_02_mir/recover-20221013/UBNA_001/20221012_030000.WAV,Telephone Field,recover-20221013,001,1795
477.3435,477.3858,68437,83058,Rhinolophus ferrumequinum,0.026,0.026,-1,Echolocation,/mnt/ubna_data_02_mir/recover-20221013/UBNA_001/20221012_030000.WAV,Telephone Field,recover-20221013,001,1795
477.3655,477.374,28046,40680,Eptesicus serotinus,0.008,0.022,-1,Echolocation,/mnt/ubna_data_02_mir/recover-20221013/UBNA_001/20221012_030000.WAV,Telephone Field,recover-20221013,001,1795
477.3675,477.4087,68437,82655,Rhinolophus ferrumequinum,0.022,0.022,-1,Echolocation,/mnt/ubna_data_02_mir/recover-20221013/UBNA_001/20221012_030000.WAV,Telephone Field,recover-20221013,001,1795
477.3775,477.3871,42656,47380,Pipistrellus pipistrellus,0.019,0.024,-1,Echolocation,/mnt/ubna_data_02_mir/recover-20221013/UBNA_001/20221012_030000.WAV,Telephone Field,recover-20221013,001,1795
477.3935,477.4344,68437,82674,Rhinolophus ferrumequinum,0.023,0.023,-1,Echolocation,/mnt/ubna_data_02_mir/recover-20221013/UBNA_001/20221012_030000.WAV,Telephone Field,recover-20221013,001,1795
477.4455,477.4836,68437,82224,Rhinolophus ferrumequinum,0.021,0.021,-1,Echolocation,/mnt/ubna_data_02_mir/recover-20221013/UBNA_001/20221012_030000.WAV,Telephone Field,recover-20221013,001,1795
477.4765,477.4955,19453,22780,Nyctalus noctula,0.029,0.055,-1,Echolocation,/mnt/ubna_data_02_mir/recover-20221013/UBNA_001/20221012_030000.WAV,Telephone Field,recover-20221013,001,1795
477.4975,477.543,68437,83629,Rhinolophus ferrumequinum,0.047,0.047,-1,Echolocation,/mnt/ubna_data_02_mir/recover-20221013/UBNA_001/20221012_030000.WAV,Telephone Field,recover-20221013,001,1795
477.5005,477.5178,20312,23162,Nyctalus leisleri,0.013,0.021,-1,Echolocation,/mnt/ubna_data_02_mir/recover-20221013/UBNA_001/20221012_030000.WAV,Telephone Field,recover-20221013,001,1795
477.5055,477.5181,22031,25789,Nyctalus leisleri,0.013,0.021,-1,Echolocation,/mnt/ubna_data_02_mir/recover-20221013/UBNA_001/20221012_030000.WAV,Telephone Field,recover-20221013,001,1795
477.5165,477.5276,26328,32639,Eptesicus serotinus,0.009,0.021,-1,Echolocation,/mnt/ubna_data_02_mir/recover-20221013/UBNA_001/20221012_030000.WAV,Telephone Field,recover-20221013,001,1795
477.5275,477.5656,68437,82328,Rhinolophus ferrumequinum,0.023,0.023,-1,Echolocation,/mnt/ubna_data_02_mir/recover-20221013/UBNA_001/20221012_030000.WAV,Telephone Field,recover-20221013,001,1795
477.5995,477.64,68437,82484,Rhinolophus ferrumequinum,0.028,0.028,-1,Echolocation,/mnt/ubna_data_02_mir/recover-20221013/UBNA_001/20221012_030000.WAV,Telephone Field,recover-20221013,001,1795
477.6545,477.6639,43515,50594,Pipistrellus pipistrellus,0.018,0.021,-1,Echolocation,/mnt/ubna_data_02_mir/recover-20221013/UBNA_001/20221012_030000.WAV,Telephone Field,recover-20221013,001,1795
477.6595,477.6989,68437,82387,Rhinolophus ferrumequinum,0.023,0.023,-1,Echolocation,/mnt/ubna_data_02_mir/recover-20221013/UBNA_001/20221012_030000.WAV,Telephone Field,recover-20221013,001,1795
477.6835,477.6946,24609,30169,Nyctalus leisleri,0.015,0.031,-1,Echolocation,/mnt/ubna_data_02_mir/recover-20221013/UBNA_001/20221012_030000.WAV,Telephone Field,recover-20221013,001,1795
477.7315,477.7711,68437,82551,Rhinolophus ferrumequinum,0.028,0.028,-1,Echolocation,/mnt/ubna_data_02_mir/recover-20221013/UBNA_001/20221012_030000.WAV,Telephone Field,recover-20221013,001,1795
477.7935,477.8311,68437,81555,Rhinolophus ferrumequinum,0.027,0.027,-1,Echolocation,/mnt/ubna_data_02_mir/recover-20221013/UBNA_001/20221012_030000.WAV,Telephone Field,recover-20221013,001,1795
477.8115,477.8506,68437,81732,Rhinolophus ferrumequinum,0.022,0.022,-1,Echolocation,/mnt/ubna_data_02_mir/recover-20221013/UBNA_001/20221012_030000.WAV,Telephone Field,recover-20221013,001,1795
477.8385,477.8723,68437,81245,Rhinolophus ferrumequinum,0.022,0.022,-1,Echolocation,/mnt/ubna_data_02_mir/recover-20221013/UBNA_001/20221012_030000.WAV,Telephone Field,recover-20221013,001,1795
477.8445,477.8792,68437,81656,Rhinolophus ferrumequinum,0.023,0.023,-1,Echolocation,/mnt/ubna_data_02_mir/recover-20221013/UBNA_001/20221012_030000.WAV,Telephone Field,recover-20221013,001,1795
477.8575,477.8703,44375,47631,Pipistrellus pipistrellus,0.037,0.041,-1,Echolocation,/mnt/ubna_data_02_mir/recover-20221013/UBNA_001/20221012_030000.WAV,Telephone Field,recover-20221013,001,1795
477.8605,477.9014,68437,82630,Rhinolophus ferrumequinum,0.027,0.027,-1,Echolocation,/mnt/ubna_data_02_mir/recover-20221013/UBNA_001/20221012_030000.WAV,Telephone Field,recover-20221013,001,1795
477.8895,477.90070000000003,55546,60267,Pipistrellus pygmaeus,0.018,0.021,-1,Echolocation,/mnt/ubna_data_02_mir/recover-20221013/UBNA_001/20221012_030000.WAV,Telephone Field,recover-20221013,001,1795
477.9125,477.9505,68437,81998,Rhinolophus ferrumequinum,0.023,0.023,-1,Echolocation,/mnt/ubna_data_02_mir/recover-20221013/UBNA_001/20221012_030000.WAV,Telephone Field,recover-20221013,001,1795
477.9355,477.9462,26328,33078,Eptesicus serotinus,0.01,0.026,-1,Echolocation,/mnt/ubna_data_02_mir/recover-20221013/UBNA_001/20221012_030000.WAV,Telephone Field,recover-20221013,001,1795
477.9825,477.9937,22890,27839,Nyctalus leisleri,0.016,0.031,-1,Echolocation,/mnt/ubna_data_02_mir/recover-20221013/UBNA_001/20221012_030000.WAV,Telephone Field,recover-20221013,001,1795
478.0015,478.0105,22031,28241,Nyctalus leisleri,0.008,0.022,-1,Echolocation,/mnt/ubna_data_02_mir/recover-20221013/UBNA_001/20221012_030000.WAV,Telephone Field,recover-20221013,001,1795
478.0025,478.0427,68437,81715,Rhinolophus ferrumequinum,0.026,0.027,-1,Echolocation,/mnt/ubna_data_02_mir/recover-20221013/UBNA_001/20221012_030000.WAV,Telephone Field,recover-20221013,001,1795
478.0085,478.0487,68437,82193,Rhinolophus ferrumequinum,0.022,0.022,-1,Echolocation,/mnt/ubna_data_02_mir/recover-20221013/UBNA_001/20221012_030000.WAV,Telephone Field,recover-20221013,001,1795
478.0185,478.0298,22890,27302,Nyctalus leisleri,0.011,0.021,-1,Echolocation,/mnt/ubna_data_02_mir/recover-20221013/UBNA_001/20221012_030000.WAV,Telephone Field,recover-20221013,001,1795
478.0435,478.0821,68437,82463,Rhinolophus ferrumequinum,0.023,0.023,-1,Echolocation,/mnt/ubna_data_02_mir/recover-20221013/UBNA_001/20221012_030000.WAV,Telephone Field,recover-20221013,001,1795
478.0635,478.0741,37500,42885,Barbastellus barbastellus,0.007,0.026,-1,Echolocation,/mnt/ubna_data_02_mir/recover-20221013/UBNA_001/20221012_030000.WAV,Telephone Field,recover-20221013,001,1795
478.1375,478.1478,22890,28489,Nyctalus leisleri,0.009,0.021,-1,Echolocation,/mnt/ubna_data_02_mir/recover-20221013/UBNA_001/20221012_030000.WAV,Telephone Field,recover-20221013,001,1795
478.1465,478.185,68437,82016,Rhinolophus ferrumequinum,0.024,0.024,-1,Echolocation,/mnt/ubna_data_02_mir/recover-20221013/UBNA_001/20221012_030000.WAV,Telephone Field,recover-20221013,001,1795
478.1965,478.2391,68437,83119,Rhinolophus ferrumequinum,0.031,0.031,-1,Echolocation,/mnt/ubna_data_02_mir/recover-20221013/UBNA_001/20221012_030000.WAV,Telephone Field,recover-20221013,001,1795
478.2235,478.2637,68437,82806,Rhinolophus ferrumequinum,0.021,0.021,-1,Echolocation,/mnt/ubna_data_02_mir/recover-20221013/UBNA_001/20221012_030000.WAV,Telephone Field,recover-20221013,001,1795
478.2245,478.2355,23750,29386,Nyctalus leisleri,0.011,0.024,-1,Echolocation,/mnt/ubna_data_02_mir/recover-20221013/UBNA_001/20221012_030000.WAV,Telephone Field,recover-20221013,001,1795
478.2535,478.262,28906,38215,Eptesicus serotinus,0.01,0.023,-1,Echolocation,/mnt/ubna_data_02_mir/recover-20221013/UBNA_001/20221012_030000.WAV,Telephone Field,recover-20221013,001,1795
478.2785,478.3213,68437,83304,Rhinolophus ferrumequinum,0.027,0.027,-1,Echolocation,/mnt/ubna_data_02_mir/recover-20221013/UBNA_001/20221012_030000.WAV,Telephone Field,recover-20221013,001,1795
478.2975,478.3091,27187,33303,Eptesicus serotinus,0.014,0.028,-1,Echolocation,/mnt/ubna_data_02_mir/recover-20221013/UBNA_001/20221012_030000.WAV,Telephone Field,recover-20221013,001,1795
478.3125,478.3255,26328,31620,Eptesicus serotinus,0.029,0.066,-1,Echolocation,/mnt/ubna_data_02_mir/recover-20221013/UBNA_001/20221012_030000.WAV,Telephone Field,recover-20221013,001,1795
478.3335,478.3432,26328,33224,Eptesicus serotinus,0.01,0.023,-1,Echolocation,/mnt/ubna_data_02_mir/recover-20221013/UBNA_001/20221012_030000.WAV,Telephone Field,recover-20221013,001,1795
478.3365,478.3763,68437,81878,Rhinolophus ferrumequinum,0.026,0.026,-1,Echolocation,/mnt/ubna_data_02_mir/recover-20221013/UBNA_001/20221012_030000.WAV,Telephone Field,recover-20221013,001,1795
478.3615,478.3695,49531,56724,Pipistrellus pipistrellus,0.019,0.021,-1,Echolocation,/mnt/ubna_data_02_mir/recover-20221013/UBNA_001/20221012_030000.WAV,Telephone Field,recover-20221013,001,1795
478.4025,478.439,68437,81548,Rhinolophus ferrumequinum,0.024,0.024,-1,Echolocation,/mnt/ubna_data_02_mir/recover-20221013/UBNA_001/20221012_030000.WAV,Telephone Field,recover-20221013,001,1795
478.4075,478.4138,28046,42096,Eptesicus serotinus,0.006,0.025,-1,Echolocation,/mnt/ubna_data_02_mir/recover-20221013/UBNA_001/20221012_030000.WAV,Telephone Field,recover-20221013,001,1795
478.4315,478.47180000000003,68437,82259,Rhinolophus ferrumequinum,0.023,0.023,-1,Echolocation,/mnt/ubna_data_02_mir/recover-20221013/UBNA_001/20221012_030000.WAV,Telephone Field,recover-20221013,001,1795
478.4535,478.4961,68437,83182,Rhinolophus ferrumequinum,0.027,0.027,-1,Echolocation,/mnt/ubna_data_02_mir/recover-20221013/UBNA_001/20221012_030000.WAV,Telephone Field,recover-20221013,001,1795
478.4805,478.4895,58125,63623,Pipistrellus pygmaeus,0.021,0.021,-1,Echolocation,/mnt/ubna_data_02_mir/recover-20221013/UBNA_001/20221012_030000.WAV,Telephone Field,recover-20221013,001,1795
478.4835,478.4917,28906,39349,Eptesicus serotinus,0.01,0.025,-1,Echolocation,/mnt/ubna_data_02_mir/recover-20221013/UBNA_001/20221012_030000.WAV,Telephone Field,recover-20221013,001,1795
478.5075,478.52819999999997,17734,20910,Nyctalus noctula,0.016,0.026,-1,Echolocation,/mnt/ubna_data_02_mir/recover-20221013/UBNA_001/20221012_030000.WAV,Telephone Field,recover-20221013,001,1795
478.5165,478.5594,68437,83856,Rhinolophus ferrumequinum,0.03,0.03,-1,Echolocation,/mnt/ubna_data_02_mir/recover-20221013/UBNA_001/20221012_030000.WAV,Telephone Field,recover-20221013,001,1795
478.5755,478.5866,28046,34812,Eptesicus serotinus,0.02,0.035,-1,Echolocation,/mnt/ubna_data_02_mir/recover-20221013/UBNA_001/20221012_030000.WAV,Telephone Field,recover-20221013,001,1795
478.5965,478.6318,68437,81186,Rhinolophus ferrumequinum,0.024,0.024,-1,Echolocation,/mnt/ubna_data_02_mir/recover-20221013/UBNA_001/20221012_030000.WAV,Telephone Field,recover-20221013,001,1795
478.6235,478.6318,26328,35609,Eptesicus serotinus,0.008,0.025,-1,Echolocation,/mnt/ubna_data_02_mir/recover-20221013/UBNA_001/20221012_030000.WAV,Telephone Field,recover-20221013,001,1795
478.6315,478.6412,28046,37875,Eptesicus serotinus,0.011,0.024,-1,Echolocation,/mnt/ubna_data_02_mir/recover-20221013/UBNA_001/20221012_030000.WAV,Telephone Field,recover-20221013,001,1795
478.6385,478.6461,28046,37248,Eptesicus serotinus,0.008,0.024,-1,Echolocation,/mnt/ubna_data_02_mir/recover-20221013/UBNA_001/20221012_030000.WAV,Telephone Field,recover-20221013,001,1795
478.6805,478.6906,25468,33678,Eptesicus serotinus,0.009,0.022,-1,Echolocation,/mnt/ubna_data_02_mir/recover-20221013/UBNA_001/20221012_030000.WAV,Telephone Field,recover-20221013,001,1795
478.6885,478.7281,68437,82404,Rhinolophus ferrumequinum,0.021,0.021,-1,Echolocation,/mnt/ubna_data_02_mir/recover-20221013/UBNA_001/20221012_030000.WAV,Telephone Field,recover-20221013,001,1795
478.6915,478.6999,24609,32363,Plecotus austriacus,0.006,0.022,-1,Echolocation,/mnt/ubna_data_02_mir/recover-20221013/UBNA_001/20221012_030000.WAV,Telephone Field,recover-20221013,001,1795
478.7155,478.7262,27187,35233,Eptesicus serotinus,0.011,0.023,-1,Echolocation,/mnt/ubna_data_02_mir/recover-20221013/UBNA_001/20221012_030000.WAV,Telephone Field,recover-20221013,001,1795
478.7305,478.7415,33203,37935,Eptesicus serotinus,0.006,0.024,-1,Echolocation,/mnt/ubna_data_02_mir/recover-20221013/UBNA_001/20221012_030000.WAV,Telephone Field,recover-20221013,001,1795
478.7425,478.7836,68437,82521,Rhinolophus ferrumequinum,0.021,0.021,-1,Echolocation,/mnt/ubna_data_02_mir/recover-20221013/UBNA_001/20221012_030000.WAV,Telephone Field,recover-20221013,001,1795
478.7745,478.7821,26328,35415,Eptesicus serotinus,0.007,0.025,-1,Echolocation,/mnt/ubna_data_02_mir/recover-20221013/UBNA_001/20221012_030000.WAV,Telephone Field,recover-20221013,001,1795
478.7905,478.832,68437,83250,Rhinolophus ferrumequinum,0.026,0.026,-1,Echolocation,/mnt/ubna_data_02_mir/recover-20221013/UBNA_001/20221012_030000.WAV,Telephone Field,recover-20221013,001,1795
478.8125,478.8541,68437,83377,Rhinolophus ferrumequinum,0.029,0.029,-1,Echolocation,/mnt/ubna_data_02_mir/recover-20221013/UBNA_001/20221012_030000.WAV,Telephone Field,recover-20221013,001,1795
478.8355,478.8756,68437,82068,Rhinolophus ferrumequinum,0.023,0.023,-1,Echolocation,/mnt/ubna_data_02_mir/recover-20221013/UBNA_001/20221012_030000.WAV,Telephone Field,recover-20221013,001,1795
478.9075,478.9494,68437,83266,Rhinolophus ferrumequinum,0.035,0.035,-1,Echolocation,/mnt/ubna_data_02_mir/recover-20221013/UBNA_001/20221012_030000.WAV,Telephone Field,recover-20221013,001,1795
478.9585,478.9956,68437,82033,Rhinolophus ferrumequinum,0.021,0.021,-1,Echolocation,/mnt/ubna_data_02_mir/recover-20221013/UBNA_001/20221012_030000.WAV,Telephone Field,recover-20221013,001,1795
479.0275,479.0669,68437,82505,Rhinolophus ferrumequinum,0.027,0.027,-1,Echolocation,/mnt/ubna_data_02_mir/recover-20221013/UBNA_001/20221012_030000.WAV,Telephone Field,recover-20221013,001,1795
479.0495,479.0556,37500,49451,Myotis daubentonii,0.016,0.036,-1,Echolocation,/mnt/ubna_data_02_mir/recover-20221013/UBNA_001/20221012_030000.WAV,Telephone Field,recover-20221013,001,1795
479.0545,479.0612,27187,40695,Eptesicus serotinus,0.006,0.024,-1,Echolocation,/mnt/ubna_data_02_mir/recover-20221013/UBNA_001/20221012_030000.WAV,Telephone Field,recover-20221013,001,1795
479.0715,479.1109,68437,82499,Rhinolophus ferrumequinum,0.024,0.024,-1,Echolocation,/mnt/ubna_data_02_mir/recover-20221013/UBNA_001/20221012_030000.WAV,Telephone Field,recover-20221013,001,1795
479.0735,479.0848,26328,32415,Eptesicus serotinus,0.014,0.029,-1,Echolocation,/mnt/ubna_data_02_mir/recover-20221013/UBNA_001/20221012_030000.WAV,Telephone Field,recover-20221013,001,1795
479.0975,479.1348,68437,82087,Rhinolophus ferrumequinum,0.021,0.021,-1,Echolocation,/mnt/ubna_data_02_mir/recover-20221013/UBNA_001/20221012_030000.WAV,Telephone Field,recover-20221013,001,1795
479.1105,479.1191,25468,34236,Eptesicus serotinus,0.009,0.022,-1,Echolocation,/mnt/ubna_data_02_mir/recover-20221013/UBNA_001/20221012_030000.WAV,Telephone Field,recover-20221013,001,1795
479.1355,479.1707,68437,81459,Rhinolophus ferrumequinum,0.021,0.021,-1,Echolocation,/mnt/ubna_data_02_mir/recover-20221013/UBNA_001/20221012_030000.WAV,Telephone Field,recover-20221013,001,1795
479.2065,479.243,68437,82426,Rhinolophus ferrumequinum,0.022,0.022,-1,Echolocation,/mnt/ubna_data_02_mir/recover-20221013/UBNA_001/20221012_030000.WAV,Telephone Field,recover-20221013,001,1795
479.2285,479.2675,68437,82517,Rhinolophus ferrumequinum,0.022,0.022,-1,Echolocation,/mnt/ubna_data_02_mir/recover-20221013/UBNA_001/20221012_030000.WAV,Telephone Field,recover-20221013,001,1795
479.2745,479.2838,24609,32318,Eptesicus serotinus,0.007,0.022,-1,Echolocation,/mnt/ubna_data_02_mir/recover-20221013/UBNA_001/20221012_030000.WAV,Telephone Field,recover-20221013,001,1795
479.3355,479.374,68437,82490,Rhinolophus ferrumequinum,0.021,0.021,-1,Echolocation,/mnt/ubna_data_02_mir/recover-20221013/UBNA_001/20221012_030000.WAV,Telephone Field,recover-20221013,001,1795
479.3445,479.3832,68437,81919,Rhinolophus ferrumequinum,0.021,0.021,-1,Echolocation,/mnt/ubna_data_02_mir/recover-20221013/UBNA_001/20221012_030000.WAV,Telephone Field,recover-20221013,001,1795
479.3495,479.3577,28046,41007,Eptesicus serotinus,0.008,0.022,-1,Echolocation,/mnt/ubna_data_02_mir/recover-20221013/UBNA_001/20221012_030000.WAV,Telephone Field,recover-20221013,001,1795
479.3755,479.3861,47812,52559,Pipistrellus pipistrellus,0.026,0.029,-1,Echolocation,/mnt/ubna_data_02_mir/recover-20221013/UBNA_001/20221012_030000.WAV,Telephone Field,recover-20221013,001,1795
479.39549999999997,479.4337,68437,81595,Rhinolophus ferrumequinum,0.021,0.021,-1,Echolocation,/mnt/ubna_data_02_mir/recover-20221013/UBNA_001/20221012_030000.WAV,Telephone Field,recover-20221013,001,1795
479.4285,479.4359,28046,38388,Eptesicus serotinus,0.007,0.022,-1,Echolocation,/mnt/ubna_data_02_mir/recover-20221013/UBNA_001/20221012_030000.WAV,Telephone Field,recover-20221013,001,1795
479.4295,479.4655,68437,81336,Rhinolophus ferrumequinum,0.022,0.022,-1,Echolocation,/mnt/ubna_data_02_mir/recover-20221013/UBNA_001/20221012_030000.WAV,Telephone Field,recover-20221013,001,1795
479.4515,479.4912,68437,81922,Rhinolophus ferrumequinum,0.025,0.025,-1,Echolocation,/mnt/ubna_data_02_mir/recover-20221013/UBNA_001/20221012_030000.WAV,Telephone Field,recover-20221013,001,1795
479.4675,479.4754,24609,32638,Eptesicus serotinus,0.006,0.022,-1,Echolocation,/mnt/ubna_data_02_mir/recover-20221013/UBNA_001/20221012_030000.WAV,Telephone Field,recover-20221013,001,1795
479.4705,479.5052,68437,81008,Rhinolophus ferrumequinum,0.021,0.021,-1,Echolocation,/mnt/ubna_data_02_mir/recover-20221013/UBNA_001/20221012_030000.WAV,Telephone Field,recover-20221013,001,1795
479.4895,479.4995,23750,29597,Nyctalus leisleri,0.009,0.022,-1,Echolocation,/mnt/ubna_data_02_mir/recover-20221013/UBNA_001/20221012_030000.WAV,Telephone Field,recover-20221013,001,1795
479.4945,479.5054,22890,28283,Nyctalus leisleri,0.011,0.022,-1,Echolocation,/mnt/ubna_data_02_mir/recover-20221013/UBNA_001/20221012_030000.WAV,Telephone Field,recover-20221013,001,1795
479.5255,479.5647,68437,82382,Rhinolophus ferrumequinum,0.025,0.025,-1,Echolocation,/mnt/ubna_data_02_mir/recover-20221013/UBNA_001/20221012_030000.WAV,Telephone Field,recover-20221013,001,1795
479.5315,479.5709,68437,82207,Rhinolophus ferrumequinum,0.024,0.024,-1,Echolocation,/mnt/ubna_data_02_mir/recover-20221013/UBNA_001/20221012_030000.WAV,Telephone Field,recover-20221013,001,1795
479.5695,479.608,68437,81877,Rhinolophus ferrumequinum,0.025,0.025,-1,Echolocation,/mnt/ubna_data_02_mir/recover-20221013/UBNA_001/20221012_030000.WAV,Telephone Field,recover-20221013,001,1795
479.5835,479.6246,68437,82520,Rhinolophus ferrumequinum,0.022,0.022,-1,Echolocation,/mnt/ubna_data_02_mir/recover-20221013/UBNA_001/20221012_030000.WAV,Telephone Field,recover-20221013,001,1795
479.6795,479.69,24609,30817,Nyctalus leisleri,0.01,0.024,-1,Echolocation,/mnt/ubna_data_02_mir/recover-20221013/UBNA_001/20221012_030000.WAV,Telephone Field,recover-20221013,001,1795
479.7015,479.7437,68437,82426,Rhinolophus ferrumequinum,0.024,0.024,-1,Echolocation,/mnt/ubna_data_02_mir/recover-20221013/UBNA_001/20221012_030000.WAV,Telephone Field,recover-20221013,001,1795
479.7145,479.755,68437,81917,Rhinolophus ferrumequinum,0.023,0.023,-1,Echolocation,/mnt/ubna_data_02_mir/recover-20221013/UBNA_001/20221012_030000.WAV,Telephone Field,recover-20221013,001,1795
479.7285,479.7386,25468,33659,Eptesicus serotinus,0.01,0.023,-1,Echolocation,/mnt/ubna_data_02_mir/recover-20221013/UBNA_001/20221012_030000.WAV,Telephone Field,recover-20221013,001,1795
479.7365,479.7455,28906,38478,Eptesicus serotinus,0.01,0.026,-1,Echolocation,/mnt/ubna_data_02_mir/recover-20221013/UBNA_001/20221012_030000.WAV,Telephone Field,recover-20221013,001,1795
479.7485,479.7851,68437,81714,Rhinolophus ferrumequinum,0.021,0.021,-1,Echolocation,/mnt/ubna_data_02_mir/recover-20221013/UBNA_001/20221012_030000.WAV,Telephone Field,recover-20221013,001,1795
479.7635,479.7976,68437,81144,Rhinolophus ferrumequinum,0.021,0.021,-1,Echolocation,/mnt/ubna_data_02_mir/recover-20221013/UBNA_001/20221012_030000.WAV,Telephone Field,recover-20221013,001,1795
479.7965,479.8361,68437,82724,Rhinolophus ferrumequinum,0.03,0.03,-1,Echolocation,/mnt/ubna_data_02_mir/recover-20221013/UBNA_001/20221012_030000.WAV,Telephone Field,recover-20221013,001,1795
479.8335,479.8423,28906,37337,Eptesicus serotinus,0.009,0.022,-1,Echolocation,/mnt/ubna_data_02_mir/recover-20221013/UBNA_001/20221012_030000.WAV,Telephone Field,recover-20221013,001,1795
479.8595,479.8679,28046,38796,Eptesicus serotinus,0.008,0.022,-1,Echolocation,/mnt/ubna_data_02_mir/recover-20221013/UBNA_001/20221012_030000.WAV,Telephone Field,recover-20221013,001,1795
479.8605,479.8695,22890,29530,Nyctalus leisleri,0.008,0.022,-1,Echolocation,/mnt/ubna_data_02_mir/recover-20221013/UBNA_001/20221012_030000.WAV,Telephone Field,recover-20221013,001,1795
479.89549999999997,479.934,68437,81963,Rhinolophus ferrumequinum,0.021,0.021,-1,Echolocation,/mnt/ubna_data_02_mir/recover-20221013/UBNA_001/20221012_030000.WAV,Telephone Field,recover-20221013,001,1795
479.9075,479.9183,22890,27733,Nyctalus leisleri,0.011,0.021,-1,Echolocation,/mnt/ubna_data_02_mir/recover-20221013/UBNA_001/20221012_030000.WAV,Telephone Field,recover-20221013,001,1795
479.9295,479.9437,24609,30215,Nyctalus leisleri,0.012,0.03,-1,Echolocation,/mnt/ubna_data_02_mir/recover-20221013/UBNA_001/20221012_030000.WAV,Telephone Field,recover-20221013,001,1795
479.9745,479.9829,23750,31093,Nyctalus leisleri,0.006,0.021,-1,Echolocation,/mnt/ubna_data_02_mir/recover-20221013/UBNA_001/20221012_030000.WAV,Telephone Field,recover-20221013,001,1795
480.0015,480.01,26328,36505,Nyctalus leisleri,0.007,0.028,-1,Echolocation,/mnt/ubna_data_02_mir/recover-20221013/UBNA_001/20221012_030000.WAV,Telephone Field,recover-20221013,001,1795
480.0015,480.0318,69296,81109,Rhinolophus ferrumequinum,0.031,0.031,-1,Echolocation,/mnt/ubna_data_02_mir/recover-20221013/UBNA_001/20221012_030000.WAV,Telephone Field,recover-20221013,001,1795
480.0755,480.0843,27187,38393,Eptesicus serotinus,0.007,0.02,-1,Echolocation,/mnt/ubna_data_02_mir/recover-20221013/UBNA_001/20221012_030000.WAV,Telephone Field,recover-20221013,001,1795
480.1015,480.1396,68437,82575,Rhinolophus ferrumequinum,0.024,0.024,-1,Echolocation,/mnt/ubna_data_02_mir/recover-20221013/UBNA_001/20221012_030000.WAV,Telephone Field,recover-20221013,001,1795
480.1355,480.1461,23750,28761,Nyctalus leisleri,0.01,0.021,-1,Echolocation,/mnt/ubna_data_02_mir/recover-20221013/UBNA_001/20221012_030000.WAV,Telephone Field,recover-20221013,001,1795
480.1385,480.1772,68437,82680,Rhinolophus ferrumequinum,0.019,0.02,-1,Echolocation,/mnt/ubna_data_02_mir/recover-20221013/UBNA_001/20221012_030000.WAV,Telephone Field,recover-20221013,001,1795
480.1505,480.1593,27187,38571,Eptesicus serotinus,0.009,0.027,-1,Echolocation,/mnt/ubna_data_02_mir/recover-20221013/UBNA_001/20221012_030000.WAV,Telephone Field,recover-20221013,001,1795
480.1645,480.2036,68437,82944,Rhinolophus ferrumequinum,0.022,0.022,-1,Echolocation,/mnt/ubna_data_02_mir/recover-20221013/UBNA_001/20221012_030000.WAV,Telephone Field,recover-20221013,001,1795
480.1925,480.2285,68437,81796,Rhinolophus ferrumequinum,0.023,0.023,-1,Echolocation,/mnt/ubna_data_02_mir/recover-20221013/UBNA_001/20221012_030000.WAV,Telephone Field,recover-20221013,001,1795
480.1985,480.2363,68437,82178,Rhinolophus ferrumequinum,0.022,0.022,-1,Echolocation,/mnt/ubna_data_02_mir/recover-20221013/UBNA_001/20221012_030000.WAV,Telephone Field,recover-20221013,001,1795
480.2235,480.2586,68437,81080,Rhinolophus ferrumequinum,0.021,0.022,-1,Echolocation,/mnt/ubna_data_02_mir/recover-20221013/UBNA_001/20221012_030000.WAV,Telephone Field,recover-20221013,001,1795
480.2465,480.2857,68437,82329,Rhinolophus ferrumequinum,0.023,0.023,-1,Echolocation,/mnt/ubna_data_02_mir/recover-20221013/UBNA_001/20221012_030000.WAV,Telephone Field,recover-20221013,001,1795
480.2485,480.2562,37500,48018,Myotis daubentonii,0.006,0.022,-1,Echolocation,/mnt/ubna_data_02_mir/recover-20221013/UBNA_001/20221012_030000.WAV,Telephone Field,recover-20221013,001,1795
480.2505,480.2592,28046,43291,Eptesicus serotinus,0.008,0.02,-1,Echolocation,/mnt/ubna_data_02_mir/recover-20221013/UBNA_001/20221012_030000.WAV,Telephone Field,recover-20221013,001,1795
480.2725,480.2821,25468,33129,Eptesicus serotinus,0.007,0.021,-1,Echolocation,/mnt/ubna_data_02_mir/recover-20221013/UBNA_001/20221012_030000.WAV,Telephone Field,recover-20221013,001,1795
480.2855,480.3216,68437,82344,Rhinolophus ferrumequinum,0.023,0.023,-1,Echolocation,/mnt/ubna_data_02_mir/recover-20221013/UBNA_001/20221012_030000.WAV,Telephone Field,recover-20221013,001,1795
480.2895,480.2994,25468,32769,Eptesicus serotinus,0.012,0.03,-1,Echolocation,/mnt/ubna_data_02_mir/recover-20221013/UBNA_001/20221012_030000.WAV,Telephone Field,recover-20221013,001,1795
480.2985,480.3052,28906,50967,Myotis daubentonii,0.009,0.021,-1,Echolocation,/mnt/ubna_data_02_mir/recover-20221013/UBNA_001/20221012_030000.WAV,Telephone Field,recover-20221013,001,1795
480.3135,480.3535,68437,81979,Rhinolophus ferrumequinum,0.021,0.021,-1,Echolocation,/mnt/ubna_data_02_mir/recover-20221013/UBNA_001/20221012_030000.WAV,Telephone Field,recover-20221013,001,1795
480.3195,480.3569,68437,81622,Rhinolophus ferrumequinum,0.021,0.021,-1,Echolocation,/mnt/ubna_data_02_mir/recover-20221013/UBNA_001/20221012_030000.WAV,Telephone Field,recover-20221013,001,1795
480.3305,480.3677,68437,82110,Rhinolophus ferrumequinum,0.022,0.022,-1,Echolocation,/mnt/ubna_data_02_mir/recover-20221013/UBNA_001/20221012_030000.WAV,Telephone Field,recover-20221013,001,1795
480.3385,480.3748,68437,81965,Rhinolophus ferrumequinum,0.021,0.021,-1,Echolocation,/mnt/ubna_data_02_mir/recover-20221013/UBNA_001/20221012_030000.WAV,Telephone Field,recover-20221013,001,1795
480.3455,480.3528,28046,38911,Eptesicus serotinus,0.005,0.019,-1,Echolocation,/mnt/ubna_data_02_mir/recover-20221013/UBNA_001/20221012_030000.WAV,Telephone Field,recover-20221013,001,1795
480.3765,480.4169,68437,82867,Rhinolophus ferrumequinum,0.028,0.028,-1,Echolocation,/mnt/ubna_data_02_mir/recover-20221013/UBNA_001/20221012_030000.WAV,Telephone Field,recover-20221013,001,1795
480.3875,480.4252,68437,81783,Rhinolophus ferrumequinum,0.02,0.021,-1,Echolocation,/mnt/ubna_data_02_mir/recover-20221013/UBNA_001/20221012_030000.WAV,Telephone Field,recover-20221013,001,1795
480.3945,480.4321,68437,82148,Rhinolophus ferrumequinum,0.019,0.019,-1,Echolocation,/mnt/ubna_data_02_mir/recover-20221013/UBNA_001/20221012_030000.WAV,Telephone Field,recover-20221013,001,1795
480.4145,480.4524,68437,81723,Rhinolophus ferrumequinum,0.022,0.022,-1,Echolocation,/mnt/ubna_data_02_mir/recover-20221013/UBNA_001/20221012_030000.WAV,Telephone Field,recover-20221013,001,1795
480.4295,480.4444,23750,27471,Nyctalus leisleri,0.017,0.027,-1,Echolocation,/mnt/ubna_data_02_mir/recover-20221013/UBNA_001/20221012_030000.WAV,Telephone Field,recover-20221013,001,1795
480.4875,480.5237,68437,81852,Rhinolophus ferrumequinum,0.022,0.022,-1,Echolocation,/mnt/ubna_data_02_mir/recover-20221013/UBNA_001/20221012_030000.WAV,Telephone Field,recover-20221013,001,1795
480.4945,480.5031,25468,34928,Eptesicus serotinus,0.006,0.021,-1,Echolocation,/mnt/ubna_data_02_mir/recover-20221013/UBNA_001/20221012_030000.WAV,Telephone Field,recover-20221013,001,1795
480.5005,480.5408,68437,83125,Rhinolophus ferrumequinum,0.028,0.028,-1,Echolocation,/mnt/ubna_data_02_mir/recover-20221013/UBNA_001/20221012_030000.WAV,Telephone Field,recover-20221013,001,1795
480.5175,480.5582,68437,82453,Rhinolophus ferrumequinum,0.02,0.02,-1,Echolocation,/mnt/ubna_data_02_mir/recover-20221013/UBNA_001/20221012_030000.WAV,Telephone Field,recover-20221013,001,1795
480.5385,480.5503,23750,28634,Nyctalus leisleri,0.009,0.02,-1,Echolocation,/mnt/ubna_data_02_mir/recover-20221013/UBNA_001/20221012_030000.WAV,Telephone Field,recover-20221013,001,1795
480.5575,480.5671,29765,38996,Eptesicus serotinus,0.007,0.02,-1,Echolocation,/mnt/ubna_data_02_mir/recover-20221013/UBNA_001/20221012_030000.WAV,Telephone Field,recover-20221013,001,1795
480.5975,480.6092,14296,21001,Nyctalus noctula,0.019,0.03,-1,Echolocation,/mnt/ubna_data_02_mir/recover-20221013/UBNA_001/20221012_030000.WAV,Telephone Field,recover-20221013,001,1795
480.6125,480.6558,68437,82764,Rhinolophus ferrumequinum,0.025,0.025,-1,Echolocation,/mnt/ubna_data_02_mir/recover-20221013/UBNA_001/20221012_030000.WAV,Telephone Field,recover-20221013,001,1795
480.6265,480.6648,68437,82059,Rhinolophus ferrumequinum,0.02,0.02,-1,Echolocation,/mnt/ubna_data_02_mir/recover-20221013/UBNA_001/20221012_030000.WAV,Telephone Field,recover-20221013,001,1795
480.6655,480.7033,68437,82058,Rhinolophus ferrumequinum,0.02,0.02,-1,Echolocation,/mnt/ubna_data_02_mir/recover-20221013/UBNA_001/20221012_030000.WAV,Telephone Field,recover-20221013,001,1795
480.6715,480.7089,68437,82081,Rhinolophus ferrumequinum,0.02,0.02,-1,Echolocation,/mnt/ubna_data_02_mir/recover-20221013/UBNA_001/20221012_030000.WAV,Telephone Field,recover-20221013,001,1795
480.6815,480.6896,26328,35523,Eptesicus serotinus,0.013,0.04,-1,Echolocation,/mnt/ubna_data_02_mir/recover-20221013/UBNA_001/20221012_030000.WAV,Telephone Field,recover-20221013,001,1795
480.6885,480.725,68437,82301,Rhinolophus ferrumequinum,0.022,0.022,-1,Echolocation,/mnt/ubna_data_02_mir/recover-20221013/UBNA_001/20221012_030000.WAV,Telephone Field,recover-20221013,001,1795
480.6955,480.7316,68437,82123,Rhinolophus ferrumequinum,0.022,0.022,-1,Echolocation,/mnt/ubna_data_02_mir/recover-20221013/UBNA_001/20221012_030000.WAV,Telephone Field,recover-20221013,001,1795
480.7095,480.7182,28046,37819,Eptesicus serotinus,0.007,0.02,-1,Echolocation,/mnt/ubna_data_02_mir/recover-20221013/UBNA_001/20221012_030000.WAV,Telephone Field,recover-20221013,001,1795
480.7145,480.7549,68437,81914,Rhinolophus ferrumequinum,0.02,0.02,-1,Echolocation,/mnt/ubna_data_02_mir/recover-20221013/UBNA_001/20221012_030000.WAV,Telephone Field,recover-20221013,001,1795
480.7195,480.7583,68437,82076,Rhinolophus ferrumequinum,0.02,0.02,-1,Echolocation,/mnt/ubna_data_02_mir/recover-20221013/UBNA_001/20221012_030000.WAV,Telephone Field,recover-20221013,001,1795
480.7275,480.7361,28046,36467,Eptesicus serotinus,0.007,0.02,-1,Echolocation,/mnt/ubna_data_02_mir/recover-20221013/UBNA_001/20221012_030000.WAV,Telephone Field,recover-20221013,001,1795
480.7485,480.7885,68437,82298,Rhinolophus ferrumequinum,0.02,0.02,-1,Echolocation,/mnt/ubna_data_02_mir/recover-20221013/UBNA_001/20221012_030000.WAV,Telephone Field,recover-20221013,001,1795
480.7655,480.8006,68437,81359,Rhinolophus ferrumequinum,0.022,0.022,-1,Echolocation,/mnt/ubna_data_02_mir/recover-20221013/UBNA_001/20221012_030000.WAV,Telephone Field,recover-20221013,001,1795
480.8195,480.8301,23750,29819,Nyctalus leisleri,0.009,0.022,-1,Echolocation,/mnt/ubna_data_02_mir/recover-20221013/UBNA_001/20221012_030000.WAV,Telephone Field,recover-20221013,001,1795
480.8415,480.8854,68437,83331,Rhinolophus ferrumequinum,0.034,0.034,-1,Echolocation,/mnt/ubna_data_02_mir/recover-20221013/UBNA_001/20221012_030000.WAV,Telephone Field,recover-20221013,001,1795
480.8455,480.8542,28046,40281,Eptesicus serotinus,0.008,0.021,-1,Echolocation,/mnt/ubna_data_02_mir/recover-20221013/UBNA_001/20221012_030000.WAV,Telephone Field,recover-20221013,001,1795
480.8575,480.8649,28906,37571,Eptesicus serotinus,0.006,0.021,-1,Echolocation,/mnt/ubna_data_02_mir/recover-20221013/UBNA_001/20221012_030000.WAV,Telephone Field,recover-20221013,001,1795
480.8675,480.9046,68437,81520,Rhinolophus ferrumequinum,0.02,0.02,-1,Echolocation,/mnt/ubna_data_02_mir/recover-20221013/UBNA_001/20221012_030000.WAV,Telephone Field,recover-20221013,001,1795
480.8865,480.8957,23750,30882,Nyctalus leisleri,0.007,0.023,-1,Echolocation,/mnt/ubna_data_02_mir/recover-20221013/UBNA_001/20221012_030000.WAV,Telephone Field,recover-20221013,001,1795
480.9035,480.9193,21171,23803,Nyctalus leisleri,0.013,0.021,-1,Echolocation,/mnt/ubna_data_02_mir/recover-20221013/UBNA_001/20221012_030000.WAV,Telephone Field,recover-20221013,001,1795
480.9325,480.9705,68437,82296,Rhinolophus ferrumequinum,0.022,0.022,-1,Echolocation,/mnt/ubna_data_02_mir/recover-20221013/UBNA_001/20221012_030000.WAV,Telephone Field,recover-20221013,001,1795
480.9445,480.9554,22890,28365,Nyctalus leisleri,0.009,0.024,-1,Echolocation,/mnt/ubna_data_02_mir/recover-20221013/UBNA_001/20221012_030000.WAV,Telephone Field,recover-20221013,001,1795
480.9615,481.003,68437,82805,Rhinolophus ferrumequinum,0.022,0.022,-1,Echolocation,/mnt/ubna_data_02_mir/recover-20221013/UBNA_001/20221012_030000.WAV,Telephone Field,recover-20221013,001,1795
480.9915,481.0013,51250,56903,Pipistrellus pipistrellus,0.026,0.034,-1,Echolocation,/mnt/ubna_data_02_mir/recover-20221013/UBNA_001/20221012_030000.WAV,Telephone Field,recover-20221013,001,1795
480.9945,481.003,26328,37437,Eptesicus serotinus,0.008,0.02,-1,Echolocation,/mnt/ubna_data_02_mir/recover-20221013/UBNA_001/20221012_030000.WAV,Telephone Field,recover-20221013,001,1795
481.0125,481.049,68437,81218,Rhinolophus ferrumequinum,0.02,0.02,-1,Echolocation,/mnt/ubna_data_02_mir/recover-20221013/UBNA_001/20221012_030000.WAV,Telephone Field,recover-20221013,001,1795
481.0415,481.048,28046,46102,Eptesicus serotinus,0.006,0.028,-1,Echolocation,/mnt/ubna_data_02_mir/recover-20221013/UBNA_001/20221012_030000.WAV,Telephone Field,recover-20221013,001,1795
481.0425,481.0472,33203,46566,Myotis daubentonii,0.008,0.023,-1,Echolocation,/mnt/ubna_data_02_mir/recover-20221013/UBNA_001/20221012_030000.WAV,Telephone Field,recover-20221013,001,1795
481.0765,481.1145,68437,82695,Rhinolophus ferrumequinum,0.02,0.02,-1,Echolocation,/mnt/ubna_data_02_mir/recover-20221013/UBNA_001/20221012_030000.WAV,Telephone Field,recover-20221013,001,1795
481.1005,481.1093,26328,36855,Eptesicus serotinus,0.007,0.02,-1,Echolocation,/mnt/ubna_data_02_mir/recover-20221013/UBNA_001/20221012_030000.WAV,Telephone Field,recover-20221013,001,1795
481.1145,481.1283,28906,35157,Eptesicus serotinus,0.017,0.027,-1,Echolocation,/mnt/ubna_data_02_mir/recover-20221013/UBNA_001/20221012_030000.WAV,Telephone Field,recover-20221013,001,1795
481.1165,481.1542,68437,81965,Rhinolophus ferrumequinum,0.02,0.02,-1,Echolocation,/mnt/ubna_data_02_mir/recover-20221013/UBNA_001/20221012_030000.WAV,Telephone Field,recover-20221013,001,1795
481.1455,481.1819,68437,81832,Rhinolophus ferrumequinum,0.02,0.02,-1,Echolocation,/mnt/ubna_data_02_mir/recover-20221013/UBNA_001/20221012_030000.WAV,Telephone Field,recover-20221013,001,1795
481.1785,481.1883,28046,40054,Eptesicus serotinus,0.01,0.025,-1,Echolocation,/mnt/ubna_data_02_mir/recover-20221013/UBNA_001/20221012_030000.WAV,Telephone Field,recover-20221013,001,1795
481.1915,481.2327,68437,82377,Rhinolophus ferrumequinum,0.021,0.021,-1,Echolocation,/mnt/ubna_data_02_mir/recover-20221013/UBNA_001/20221012_030000.WAV,Telephone Field,recover-20221013,001,1795
481.1935,481.2014,48671,56749,Pipistrellus pipistrellus,0.022,0.026,-1,Echolocation,/mnt/ubna_data_02_mir/recover-20221013/UBNA_001/20221012_030000.WAV,Telephone Field,recover-20221013,001,1795
481.2165,481.2548,68437,81927,Rhinolophus ferrumequinum,0.023,0.023,-1,Echolocation,/mnt/ubna_data_02_mir/recover-20221013/UBNA_001/20221012_030000.WAV,Telephone Field,recover-20221013,001,1795
481.2225,481.2576,68437,82212,Rhinolophus ferrumequinum,0.021,0.021,-1,Echolocation,/mnt/ubna_data_02_mir/recover-20221013/UBNA_001/20221012_030000.WAV,Telephone Field,recover-20221013,001,1795
481.2225,481.2311,27187,43462,Eptesicus serotinus,0.007,0.019,-1,Echolocation,/mnt/ubna_data_02_mir/recover-20221013/UBNA_001/20221012_030000.WAV,Telephone Field,recover-20221013,001,1795
481.2295,481.2384,28046,37985,Eptesicus serotinus,0.008,0.021,-1,Echolocation,/mnt/ubna_data_02_mir/recover-20221013/UBNA_001/20221012_030000.WAV,Telephone Field,recover-20221013,001,1795
481.2315,481.2702,68437,82329,Rhinolophus ferrumequinum,0.021,0.021,-1,Echolocation,/mnt/ubna_data_02_mir/recover-20221013/UBNA_001/20221012_030000.WAV,Telephone Field,recover-20221013,001,1795
481.2545,481.2916,68437,82264,Rhinolophus ferrumequinum,0.021,0.021,-1,Echolocation,/mnt/ubna_data_02_mir/recover-20221013/UBNA_001/20221012_030000.WAV,Telephone Field,recover-20221013,001,1795
481.2785,481.3182,68437,82119,Rhinolophus ferrumequinum,0.02,0.02,-1,Echolocation,/mnt/ubna_data_02_mir/recover-20221013/UBNA_001/20221012_030000.WAV,Telephone Field,recover-20221013,001,1795
481.2975,481.3073,28046,34249,Eptesicus serotinus,0.01,0.023,-1,Echolocation,/mnt/ubna_data_02_mir/recover-20221013/UBNA_001/20221012_030000.WAV,Telephone Field,recover-20221013,001,1795
481.3115,481.3504,68437,82864,Rhinolophus ferrumequinum,0.022,0.022,-1,Echolocation,/mnt/ubna_data_02_mir/recover-20221013/UBNA_001/20221012_030000.WAV,Telephone Field,recover-20221013,001,1795
481.3315,481.3698,68437,81995,Rhinolophus ferrumequinum,0.02,0.02,-1,Echolocation,/mnt/ubna_data_02_mir/recover-20221013/UBNA_001/20221012_030000.WAV,Telephone Field,recover-20221013,001,1795
481.3475,481.3865,68437,81957,Rhinolophus ferrumequinum,0.021,0.021,-1,Echolocation,/mnt/ubna_data_02_mir/recover-20221013/UBNA_001/20221012_030000.WAV,Telephone Field,recover-20221013,001,1795
481.3715,481.4082,68437,81623,Rhinolophus ferrumequinum,0.02,0.021,-1,Echolocation,/mnt/ubna_data_02_mir/recover-20221013/UBNA_001/20221012_030000.WAV,Telephone Field,recover-20221013,001,1795
481.3715,481.3798,28046,36907,Eptesicus serotinus,0.008,0.02,-1,Echolocation,/mnt/ubna_data_02_mir/recover-20221013/UBNA_001/20221012_030000.WAV,Telephone Field,recover-20221013,001,1795
481.3735,481.3813,22890,30436,Plecotus austriacus,0.009,0.02,-1,Echolocation,/mnt/ubna_data_02_mir/recover-20221013/UBNA_001/20221012_030000.WAV,Telephone Field,recover-20221013,001,1795
481.3835,481.4199,68437,81571,Rhinolophus ferrumequinum,0.023,0.023,-1,Echolocation,/mnt/ubna_data_02_mir/recover-20221013/UBNA_001/20221012_030000.WAV,Telephone Field,recover-20221013,001,1795
481.3955,481.4347,68437,82243,Rhinolophus ferrumequinum,0.027,0.027,-1,Echolocation,/mnt/ubna_data_02_mir/recover-20221013/UBNA_001/20221012_030000.WAV,Telephone Field,recover-20221013,001,1795
481.4255,481.4356,24609,31349,Nyctalus leisleri,0.008,0.025,-1,Echolocation,/mnt/ubna_data_02_mir/recover-20221013/UBNA_001/20221012_030000.WAV,Telephone Field,recover-20221013,001,1795
481.4285,481.4668,68437,82079,Rhinolophus ferrumequinum,0.029,0.029,-1,Echolocation,/mnt/ubna_data_02_mir/recover-20221013/UBNA_001/20221012_030000.WAV,Telephone Field,recover-20221013,001,1795
481.4455,481.4507,48671,58462,Pipistrellus pipistrellus,0.019,0.022,-1,Echolocation,/mnt/ubna_data_02_mir/recover-20221013/UBNA_001/20221012_030000.WAV,Telephone Field,recover-20221013,001,1795
481.4645,481.4738,25468,33392,Eptesicus serotinus,0.007,0.021,-1,Echolocation,/mnt/ubna_data_02_mir/recover-20221013/UBNA_001/20221012_030000.WAV,Telephone Field,recover-20221013,001,1795
481.4805,481.4882,25468,37534,Eptesicus serotinus,0.006,0.021,-1,Echolocation,/mnt/ubna_data_02_mir/recover-20221013/UBNA_001/20221012_030000.WAV,Telephone Field,recover-20221013,001,1795
481.4915,481.4993,28046,37657,Eptesicus serotinus,0.007,0.023,-1,Echolocation,/mnt/ubna_data_02_mir/recover-20221013/UBNA_001/20221012_030000.WAV,Telephone Field,recover-20221013,001,1795
481.5055,481.5424,68437,81775,Rhinolophus ferrumequinum,0.02,0.02,-1,Echolocation,/mnt/ubna_data_02_mir/recover-20221013/UBNA_001/20221012_030000.WAV,Telephone Field,recover-20221013,001,1795
481.5135,481.5242,25468,33092,Eptesicus serotinus,0.013,0.032,-1,Echolocation,/mnt/ubna_data_02_mir/recover-20221013/UBNA_001/20221012_030000.WAV,Telephone Field,recover-20221013,001,1795
481.5175,481.554,68437,81248,Rhinolophus ferrumequinum,0.025,0.025,-1,Echolocation,/mnt/ubna_data_02_mir/recover-20221013/UBNA_001/20221012_030000.WAV,Telephone Field,recover-20221013,001,1795
481.5585,481.5986,68437,82560,Rhinolophus ferrumequinum,0.026,0.026,-1,Echolocation,/mnt/ubna_data_02_mir/recover-20221013/UBNA_001/20221012_030000.WAV,Telephone Field,recover-20221013,001,1795
481.5795,481.5943,22890,28250,Nyctalus leisleri,0.012,0.026,-1,Echolocation,/mnt/ubna_data_02_mir/recover-20221013/UBNA_001/20221012_030000.WAV,Telephone Field,recover-20221013,001,1795
481.6035,481.6125,28046,37106,Eptesicus serotinus,0.008,0.022,-1,Echolocation,/mnt/ubna_data_02_mir/recover-20221013/UBNA_001/20221012_030000.WAV,Telephone Field,recover-20221013,001,1795
481.6225,481.6615,68437,82078,Rhinolophus ferrumequinum,0.02,0.02,-1,Echolocation,/mnt/ubna_data_02_mir/recover-20221013/UBNA_001/20221012_030000.WAV,Telephone Field,recover-20221013,001,1795
481.6235,481.6302,28046,40106,Eptesicus serotinus,0.007,0.024,-1,Echolocation,/mnt/ubna_data_02_mir/recover-20221013/UBNA_001/20221012_030000.WAV,Telephone Field,recover-20221013,001,1795
481.6295,481.6667,68437,81771,Rhinolophus ferrumequinum,0.021,0.021,-1,Echolocation,/mnt/ubna_data_02_mir/recover-20221013/UBNA_001/20221012_030000.WAV,Telephone Field,recover-20221013,001,1795
481.6365,481.6452,28046,39698,Eptesicus serotinus,0.008,0.021,-1,Echolocation,/mnt/ubna_data_02_mir/recover-20221013/UBNA_001/20221012_030000.WAV,Telephone Field,recover-20221013,001,1795
481.6455,481.6853,68437,82470,Rhinolophus ferrumequinum,0.021,0.021,-1,Echolocation,/mnt/ubna_data_02_mir/recover-20221013/UBNA_001/20221012_030000.WAV,Telephone Field,recover-20221013,001,1795
481.6535,481.693,68437,82586,Rhinolophus ferrumequinum,0.022,0.022,-1,Echolocation,/mnt/ubna_data_02_mir/recover-20221013/UBNA_001/20221012_030000.WAV,Telephone Field,recover-20221013,001,1795
481.6765,481.7163,68437,82252,Rhinolophus ferrumequinum,0.022,0.022,-1,Echolocation,/mnt/ubna_data_02_mir/recover-20221013/UBNA_001/20221012_030000.WAV,Telephone Field,recover-20221013,001,1795
481.6905,481.7274,68437,81444,Rhinolophus ferrumequinum,0.021,0.021,-1,Echolocation,/mnt/ubna_data_02_mir/recover-20221013/UBNA_001/20221012_030000.WAV,Telephone Field,recover-20221013,001,1795
481.7225,481.7626,68437,82261,Rhinolophus ferrumequinum,0.021,0.021,-1,Echolocation,/mnt/ubna_data_02_mir/recover-20221013/UBNA_001/20221012_030000.WAV,Telephone Field,recover-20221013,001,1795
481.7405,481.7848,68437,83819,Rhinolophus ferrumequinum,0.034,0.034,-1,Echolocation,/mnt/ubna_data_02_mir/recover-20221013/UBNA_001/20221012_030000.WAV,Telephone Field,recover-20221013,001,1795
481.7955,481.8342,68437,81983,Rhinolophus ferrumequinum,0.026,0.026,-1,Echolocation,/mnt/ubna_data_02_mir/recover-20221013/UBNA_001/20221012_030000.WAV,Telephone Field,recover-20221013,001,1795
481.7995,481.8097,24609,31912,Nyctalus leisleri,0.01,0.031,-1,Echolocation,/mnt/ubna_data_02_mir/recover-20221013/UBNA_001/20221012_030000.WAV,Telephone Field,recover-20221013,001,1795
481.8215,481.8579,68437,82113,Rhinolophus ferrumequinum,0.026,0.026,-1,Echolocation,/mnt/ubna_data_02_mir/recover-20221013/UBNA_001/20221012_030000.WAV,Telephone Field,recover-20221013,001,1795
481.8275,481.8402,21171,25539,Nyctalus leisleri,0.01,0.022,-1,Echolocation,/mnt/ubna_data_02_mir/recover-20221013/UBNA_001/20221012_030000.WAV,Telephone Field,recover-20221013,001,1795
481.8575,481.8965,68437,82143,Rhinolophus ferrumequinum,0.021,0.022,-1,Echolocation,/mnt/ubna_data_02_mir/recover-20221013/UBNA_001/20221012_030000.WAV,Telephone Field,recover-20221013,001,1795
481.8575,481.8654,23750,31816,Plecotus austriacus,0.008,0.021,-1,Echolocation,/mnt/ubna_data_02_mir/recover-20221013/UBNA_001/20221012_030000.WAV,Telephone Field,recover-20221013,001,1795
481.9115,481.9218,28906,37938,Eptesicus serotinus,0.01,0.024,-1,Echolocation,/mnt/ubna_data_02_mir/recover-20221013/UBNA_001/20221012_030000.WAV,Telephone Field,recover-20221013,001,1795
481.9285,481.966,68437,82114,Rhinolophus ferrumequinum,0.02,0.02,-1,Echolocation,/mnt/ubna_data_02_mir/recover-20221013/UBNA_001/20221012_030000.WAV,Telephone Field,recover-20221013,001,1795
482.0015,482.019,58984,65545,Pipistrellus pygmaeus,0.019,0.021,-1,Echolocation,/mnt/ubna_data_02_mir/recover-20221013/UBNA_001/20221012_030000.WAV,Telephone Field,recover-20221013,001,1795
482.0015,482.0112,22031,28110,Nyctalus leisleri,0.01,0.024,-1,Echolocation,/mnt/ubna_data_02_mir/recover-20221013/UBNA_001/20221012_030000.WAV,Telephone Field,recover-20221013,001,1795
482.0015,482.0368,69296,81322,Rhinolophus ferrumequinum,0.036,0.036,-1,Echolocation,/mnt/ubna_data_02_mir/recover-20221013/UBNA_001/20221012_030000.WAV,Telephone Field,recover-20221013,001,1795
482.0025,482.0186,39218,42484,Pipistrellus nathusii,0.012,0.033,-1,Echolocation,/mnt/ubna_data_02_mir/recover-20221013/UBNA_001/20221012_030000.WAV,Telephone Field,recover-20221013,001,1795
482.0085,482.051,68437,82350,Rhinolophus ferrumequinum,0.03,0.03,-1,Echolocation,/mnt/ubna_data_02_mir/recover-20221013/UBNA_001/20221012_030000.WAV,Telephone Field,recover-20221013,001,1795
482.0115,482.0182,27187,37954,Eptesicus serotinus,0.006,0.021,-1,Echolocation,/mnt/ubna_data_02_mir/recover-20221013/UBNA_001/20221012_030000.WAV,Telephone Field,recover-20221013,001,1795
482.0475,482.0558,28906,38974,Eptesicus serotinus,0.01,0.023,-1,Echolocation,/mnt/ubna_data_02_mir/recover-20221013/UBNA_001/20221012_030000.WAV,Telephone Field,recover-20221013,001,1795
482.0675,482.1073,68437,82810,Rhinolophus ferrumequinum,0.022,0.022,-1,Echolocation,/mnt/ubna_data_02_mir/recover-20221013/UBNA_001/20221012_030000.WAV,Telephone Field,recover-20221013,001,1795
482.1445,482.1822,68437,81809,Rhinolophus ferrumequinum,0.021,0.021,-1,Echolocation,/mnt/ubna_data_02_mir/recover-20221013/UBNA_001/20221012_030000.WAV,Telephone Field,recover-20221013,001,1795
482.1615,482.1717,28046,37912,Eptesicus serotinus,0.01,0.022,-1,Echolocation,/mnt/ubna_data_02_mir/recover-20221013/UBNA_001/20221012_030000.WAV,Telephone Field,recover-20221013,001,1795
482.1745,482.2125,68437,81817,Rhinolophus ferrumequinum,0.023,0.023,-1,Echolocation,/mnt/ubna_data_02_mir/recover-20221013/UBNA_001/20221012_030000.WAV,Telephone Field,recover-20221013,001,1795
482.1875,482.2242,68437,81962,Rhinolophus ferrumequinum,0.021,0.022,-1,Echolocation,/mnt/ubna_data_02_mir/recover-20221013/UBNA_001/20221012_030000.WAV,Telephone Field,recover-20221013,001,1795
482.2365,482.2475,44375,48061,Pipistrellus pipistrellus,0.023,0.025,-1,Echolocation,/mnt/ubna_data_02_mir/recover-20221013/UBNA_001/20221012_030000.WAV,Telephone Field,recover-20221013,001,1795
482.2585,482.2938,68437,81057,Rhinolophus ferrumequinum,0.021,0.022,-1,Echolocation,/mnt/ubna_data_02_mir/recover-20221013/UBNA_001/20221012_030000.WAV,Telephone Field,recover-20221013,001,1795
482.2855,482.3289,68437,83818,Rhinolophus ferrumequinum,0.035,0.035,-1,Echolocation,/mnt/ubna_data_02_mir/recover-20221013/UBNA_001/20221012_030000.WAV,Telephone Field,recover-20221013,001,1795
482.3035,482.3396,68437,81599,Rhinolophus ferrumequinum,0.024,0.024,-1,Echolocation,/mnt/ubna_data_02_mir/recover-20221013/UBNA_001/20221012_030000.WAV,Telephone Field,recover-20221013,001,1795
482.3175,482.3563,68437,82066,Rhinolophus ferrumequinum,0.021,0.021,-1,Echolocation,/mnt/ubna_data_02_mir/recover-20221013/UBNA_001/20221012_030000.WAV,Telephone Field,recover-20221013,001,1795
482.3565,482.3636,25468,34351,Eptesicus serotinus,0.005,0.021,-1,Echolocation,/mnt/ubna_data_02_mir/recover-20221013/UBNA_001/20221012_030000.WAV,Telephone Field,recover-20221013,001,1795
482.3655,482.4034,68437,82190,Rhinolophus ferrumequinum,0.021,0.021,-1,Echolocation,/mnt/ubna_data_02_mir/recover-20221013/UBNA_001/20221012_030000.WAV,Telephone Field,recover-20221013,001,1795
482.4075,482.4144,23750,31769,Plecotus austriacus,0.013,0.025,-1,Echolocation,/mnt/ubna_data_02_mir/recover-20221013/UBNA_001/20221012_030000.WAV,Telephone Field,recover-20221013,001,1795
482.4225,482.4599,68437,82179,Rhinolophus ferrumequinum,0.022,0.022,-1,Echolocation,/mnt/ubna_data_02_mir/recover-20221013/UBNA_001/20221012_030000.WAV,Telephone Field,recover-20221013,001,1795
482.5175,482.5566,68437,82228,Rhinolophus ferrumequinum,0.025,0.025,-1,Echolocation,/mnt/ubna_data_02_mir/recover-20221013/UBNA_001/20221012_030000.WAV,Telephone Field,recover-20221013,001,1795
482.5445,482.5821,68437,81829,Rhinolophus ferrumequinum,0.024,0.024,-1,Echolocation,/mnt/ubna_data_02_mir/recover-20221013/UBNA_001/20221012_030000.WAV,Telephone Field,recover-20221013,001,1795
482.5545,482.5639,25468,32671,Eptesicus serotinus,0.007,0.021,-1,Echolocation,/mnt/ubna_data_02_mir/recover-20221013/UBNA_001/20221012_030000.WAV,Telephone Field,recover-20221013,001,1795
482.5565,482.5973,68437,82549,Rhinolophus ferrumequinum,0.034,0.034,-1,Echolocation,/mnt/ubna_data_02_mir/recover-20221013/UBNA_001/20221012_030000.WAV,Telephone Field,recover-20221013,001,1795
482.6125,482.6232,22890,28727,Nyctalus leisleri,0.01,0.024,-1,Echolocation,/mnt/ubna_data_02_mir/recover-20221013/UBNA_001/20221012_030000.WAV,Telephone Field,recover-20221013,001,1795
482.6415,482.6527,22890,28034,Nyctalus leisleri,0.016,0.029,-1,Echolocation,/mnt/ubna_data_02_mir/recover-20221013/UBNA_001/20221012_030000.WAV,Telephone Field,recover-20221013,001,1795
482.6695,482.7087,68437,82098,Rhinolophus ferrumequinum,0.021,0.021,-1,Echolocation,/mnt/ubna_data_02_mir/recover-20221013/UBNA_001/20221012_030000.WAV,Telephone Field,recover-20221013,001,1795
482.6855,482.727,68437,83461,Rhinolophus ferrumequinum,0.03,0.03,-1,Echolocation,/mnt/ubna_data_02_mir/recover-20221013/UBNA_001/20221012_030000.WAV,Telephone Field,recover-20221013,001,1795
482.6905,482.6991,25468,33913,Eptesicus serotinus,0.008,0.022,-1,Echolocation,/mnt/ubna_data_02_mir/recover-20221013/UBNA_001/20221012_030000.WAV,Telephone Field,recover-20221013,001,1795
482.6965,482.7062,26328,33921,Eptesicus serotinus,0.01,0.021,-1,Echolocation,/mnt/ubna_data_02_mir/recover-20221013/UBNA_001/20221012_030000.WAV,Telephone Field,recover-20221013,001,1795
482.7075,482.7454,68437,82559,Rhinolophus ferrumequinum,0.026,0.026,-1,Echolocation,/mnt/ubna_data_02_mir/recover-20221013/UBNA_001/20221012_030000.WAV,Telephone Field,recover-20221013,001,1795
482.7295,482.7691,68437,82424,Rhinolophus ferrumequinum,0.025,0.025,-1,Echolocation,/mnt/ubna_data_02_mir/recover-20221013/UBNA_001/20221012_030000.WAV,Telephone Field,recover-20221013,001,1795
482.7465,482.7862,68437,82526,Rhinolophus ferrumequinum,0.023,0.023,-1,Echolocation,/mnt/ubna_data_02_mir/recover-20221013/UBNA_001/20221012_030000.WAV,Telephone Field,recover-20221013,001,1795
482.7645,482.7799,23750,28899,Nyctalus leisleri,0.019,0.042,-1,Echolocation,/mnt/ubna_data_02_mir/recover-20221013/UBNA_001/20221012_030000.WAV,Telephone Field,recover-20221013,001,1795
482.7665,482.8047,68437,82661,Rhinolophus ferrumequinum,0.022,0.022,-1,Echolocation,/mnt/ubna_data_02_mir/recover-20221013/UBNA_001/20221012_030000.WAV,Telephone Field,recover-20221013,001,1795
482.7815,482.788,34921,42010,Myotis daubentonii,0.009,0.023,-1,Echolocation,/mnt/ubna_data_02_mir/recover-20221013/UBNA_001/20221012_030000.WAV,Telephone Field,recover-20221013,001,1795
482.8465,482.8839,68437,81444,Rhinolophus ferrumequinum,0.025,0.026,-1,Echolocation,/mnt/ubna_data_02_mir/recover-20221013/UBNA_001/20221012_030000.WAV,Telephone Field,recover-20221013,001,1795
482.8815,482.92,68437,82324,Rhinolophus ferrumequinum,0.022,0.022,-1,Echolocation,/mnt/ubna_data_02_mir/recover-20221013/UBNA_001/20221012_030000.WAV,Telephone Field,recover-20221013,001,1795
482.8845,482.8919,23750,31719,Plecotus austriacus,0.008,0.021,-1,Echolocation,/mnt/ubna_data_02_mir/recover-20221013/UBNA_001/20221012_030000.WAV,Telephone Field,recover-20221013,001,1795
482.9235,482.9616,68437,82067,Rhinolophus ferrumequinum,0.022,0.022,-1,Echolocation,/mnt/ubna_data_02_mir/recover-20221013/UBNA_001/20221012_030000.WAV,Telephone Field,recover-20221013,001,1795
482.9245,482.9333,28906,37313,Eptesicus serotinus,0.008,0.023,-1,Echolocation,/mnt/ubna_data_02_mir/recover-20221013/UBNA_001/20221012_030000.WAV,Telephone Field,recover-20221013,001,1795
482.9445,482.9835,68437,82217,Rhinolophus ferrumequinum,0.022,0.022,-1,Echolocation,/mnt/ubna_data_02_mir/recover-20221013/UBNA_001/20221012_030000.WAV,Telephone Field,recover-20221013,001,1795
482.9455,482.955,26328,34399,Eptesicus serotinus,0.013,0.028,-1,Echolocation,/mnt/ubna_data_02_mir/recover-20221013/UBNA_001/20221012_030000.WAV,Telephone Field,recover-20221013,001,1795
482.9825,483.0212,68437,82217,Rhinolophus ferrumequinum,0.024,0.024,-1,Echolocation,/mnt/ubna_data_02_mir/recover-20221013/UBNA_001/20221012_030000.WAV,Telephone Field,recover-20221013,001,1795
482.9845,482.9953,23750,28961,Nyctalus leisleri,0.011,0.023,-1,Echolocation,/mnt/ubna_data_02_mir/recover-20221013/UBNA_001/20221012_030000.WAV,Telephone Field,recover-20221013,001,1795
483.0055,483.0124,24609,34202,Plecotus austriacus,0.01,0.026,-1,Echolocation,/mnt/ubna_data_02_mir/recover-20221013/UBNA_001/20221012_030000.WAV,Telephone Field,recover-20221013,001,1795
483.0105,483.0497,68437,82931,Rhinolophus ferrumequinum,0.024,0.024,-1,Echolocation,/mnt/ubna_data_02_mir/recover-20221013/UBNA_001/20221012_030000.WAV,Telephone Field,recover-20221013,001,1795
483.0215,483.0614,68437,81807,Rhinolophus ferrumequinum,0.021,0.021,-1,Echolocation,/mnt/ubna_data_02_mir/recover-20221013/UBNA_001/20221012_030000.WAV,Telephone Field,recover-20221013,001,1795
483.0645,483.0719,29765,39068,Eptesicus serotinus,0.044,0.083,-1,Echolocation,/mnt/ubna_data_02_mir/recover-20221013/UBNA_001/20221012_030000.WAV,Telephone Field,recover-20221013,001,1795
483.0725,483.1116,68437,82257,Rhinolophus ferrumequinum,0.022,0.022,-1,Echolocation,/mnt/ubna_data_02_mir/recover-20221013/UBNA_001/20221012_030000.WAV,Telephone Field,recover-20221013,001,1795
483.0835,483.1188,68437,82163,Rhinolophus ferrumequinum,0.021,0.021,-1,Echolocation,/mnt/ubna_data_02_mir/recover-20221013/UBNA_001/20221012_030000.WAV,Telephone Field,recover-20221013,001,1795
483.1045,483.145,68437,82872,Rhinolophus ferrumequinum,0.027,0.027,-1,Echolocation,/mnt/ubna_data_02_mir/recover-20221013/UBNA_001/20221012_030000.WAV,Telephone Field,recover-20221013,001,1795
483.1095,483.1189,28046,37927,Eptesicus serotinus,0.013,0.027,-1,Echolocation,/mnt/ubna_data_02_mir/recover-20221013/UBNA_001/20221012_030000.WAV,Telephone Field,recover-20221013,001,1795
483.1105,483.1184,34062,41370,Myotis daubentonii,0.009,0.024,-1,Echolocation,/mnt/ubna_data_02_mir/recover-20221013/UBNA_001/20221012_030000.WAV,Telephone Field,recover-20221013,001,1795
483.1215,483.1662,68437,83649,Rhinolophus ferrumequinum,0.04,0.04,-1,Echolocation,/mnt/ubna_data_02_mir/recover-20221013/UBNA_001/20221012_030000.WAV,Telephone Field,recover-20221013,001,1795
483.1305,483.1387,27187,36255,Eptesicus serotinus,0.01,0.024,-1,Echolocation,/mnt/ubna_data_02_mir/recover-20221013/UBNA_001/20221012_030000.WAV,Telephone Field,recover-20221013,001,1795
483.1685,483.1761,51250,56445,Pipistrellus pipistrellus,0.018,0.021,-1,Echolocation,/mnt/ubna_data_02_mir/recover-20221013/UBNA_001/20221012_030000.WAV,Telephone Field,recover-20221013,001,1795
483.1715,483.2082,68437,82474,Rhinolophus ferrumequinum,0.023,0.023,-1,Echolocation,/mnt/ubna_data_02_mir/recover-20221013/UBNA_001/20221012_030000.WAV,Telephone Field,recover-20221013,001,1795
483.1925,483.1999,28906,40697,Eptesicus serotinus,0.007,0.021,-1,Echolocation,/mnt/ubna_data_02_mir/recover-20221013/UBNA_001/20221012_030000.WAV,Telephone Field,recover-20221013,001,1795
483.2035,483.2435,68437,82394,Rhinolophus ferrumequinum,0.031,0.031,-1,Echolocation,/mnt/ubna_data_02_mir/recover-20221013/UBNA_001/20221012_030000.WAV,Telephone Field,recover-20221013,001,1795
483.2255,483.2629,68437,82063,Rhinolophus ferrumequinum,0.021,0.021,-1,Echolocation,/mnt/ubna_data_02_mir/recover-20221013/UBNA_001/20221012_030000.WAV,Telephone Field,recover-20221013,001,1795
483.2275,483.238,22890,28132,Nyctalus leisleri,0.01,0.022,-1,Echolocation,/mnt/ubna_data_02_mir/recover-20221013/UBNA_001/20221012_030000.WAV,Telephone Field,recover-20221013,001,1795
483.3005,483.3393,68437,82201,Rhinolophus ferrumequinum,0.022,0.022,-1,Echolocation,/mnt/ubna_data_02_mir/recover-20221013/UBNA_001/20221012_030000.WAV,Telephone Field,recover-20221013,001,1795
483.3905,483.43,68437,82092,Rhinolophus ferrumequinum,0.022,0.022,-1,Echolocation,/mnt/ubna_data_02_mir/recover-20221013/UBNA_001/20221012_030000.WAV,Telephone Field,recover-20221013,001,1795
483.4075,483.4439,68437,82458,Rhinolophus ferrumequinum,0.023,0.023,-1,Echolocation,/mnt/ubna_data_02_mir/recover-20221013/UBNA_001/20221012_030000.WAV,Telephone Field,recover-20221013,001,1795
483.4145,483.4511,68437,82321,Rhinolophus ferrumequinum,0.022,0.022,-1,Echolocation,/mnt/ubna_data_02_mir/recover-20221013/UBNA_001/20221012_030000.WAV,Telephone Field,recover-20221013,001,1795
483.4265,483.4368,25468,32184,Eptesicus serotinus,0.008,0.022,-1,Echolocation,/mnt/ubna_data_02_mir/recover-20221013/UBNA_001/20221012_030000.WAV,Telephone Field,recover-20221013,001,1795
483.4315,483.4698,68437,81837,Rhinolophus ferrumequinum,0.021,0.021,-1,Echolocation,/mnt/ubna_data_02_mir/recover-20221013/UBNA_001/20221012_030000.WAV,Telephone Field,recover-20221013,001,1795
483.4615,483.499,68437,82460,Rhinolophus ferrumequinum,0.021,0.021,-1,Echolocation,/mnt/ubna_data_02_mir/recover-20221013/UBNA_001/20221012_030000.WAV,Telephone Field,recover-20221013,001,1795
483.4785,483.5157,68437,81724,Rhinolophus ferrumequinum,0.021,0.021,-1,Echolocation,/mnt/ubna_data_02_mir/recover-20221013/UBNA_001/20221012_030000.WAV,Telephone Field,recover-20221013,001,1795
483.5005,483.5425,68437,82584,Rhinolophus ferrumequinum,0.023,0.023,-1,Echolocation,/mnt/ubna_data_02_mir/recover-20221013/UBNA_001/20221012_030000.WAV,Telephone Field,recover-20221013,001,1795
483.5465,483.5843,68437,81525,Rhinolophus ferrumequinum,0.022,0.022,-1,Echolocation,/mnt/ubna_data_02_mir/recover-20221013/UBNA_001/20221012_030000.WAV,Telephone Field,recover-20221013,001,1795
483.5825,483.6206,68437,81930,Rhinolophus ferrumequinum,0.022,0.022,-1,Echolocation,/mnt/ubna_data_02_mir/recover-20221013/UBNA_001/20221012_030000.WAV,Telephone Field,recover-20221013,001,1795
483.5975,483.6123,24609,29345,Nyctalus leisleri,0.036,0.079,-1,Echolocation,/mnt/ubna_data_02_mir/recover-20221013/UBNA_001/20221012_030000.WAV,Telephone Field,recover-20221013,001,1795
483.6385,483.6514,53828,58475,Pipistrellus pygmaeus,0.017,0.021,-1,Echolocation,/mnt/ubna_data_02_mir/recover-20221013/UBNA_001/20221012_030000.WAV,Telephone Field,recover-20221013,001,1795
483.6445,483.6551,22031,26445,Nyctalus leisleri,0.011,0.021,-1,Echolocation,/mnt/ubna_data_02_mir/recover-20221013/UBNA_001/20221012_030000.WAV,Telephone Field,recover-20221013,001,1795
483.6535,483.6958,68437,83158,Rhinolophus ferrumequinum,0.047,0.047,-1,Echolocation,/mnt/ubna_data_02_mir/recover-20221013/UBNA_001/20221012_030000.WAV,Telephone Field,recover-20221013,001,1795
483.6635,483.671,23750,31456,Plecotus austriacus,0.008,0.021,-1,Echolocation,/mnt/ubna_data_02_mir/recover-20221013/UBNA_001/20221012_030000.WAV,Telephone Field,recover-20221013,001,1795
483.7385,483.7498,23750,29125,Nyctalus leisleri,0.013,0.026,-1,Echolocation,/mnt/ubna_data_02_mir/recover-20221013/UBNA_001/20221012_030000.WAV,Telephone Field,recover-20221013,001,1795
483.7595,483.7972,68437,82059,Rhinolophus ferrumequinum,0.022,0.022,-1,Echolocation,/mnt/ubna_data_02_mir/recover-20221013/UBNA_001/20221012_030000.WAV,Telephone Field,recover-20221013,001,1795
483.8055,483.8508,68437,83572,Rhinolophus ferrumequinum,0.03,0.031,-1,Echolocation,/mnt/ubna_data_02_mir/recover-20221013/UBNA_001/20221012_030000.WAV,Telephone Field,recover-20221013,001,1795
483.8065,483.818,27187,34274,Eptesicus serotinus,0.019,0.034,-1,Echolocation,/mnt/ubna_data_02_mir/recover-20221013/UBNA_001/20221012_030000.WAV,Telephone Field,recover-20221013,001,1795
483.8395,483.8469,28046,41597,Eptesicus serotinus,0.008,0.026,-1,Echolocation,/mnt/ubna_data_02_mir/recover-20221013/UBNA_001/20221012_030000.WAV,Telephone Field,recover-20221013,001,1795
483.8425,483.8522,22890,29669,Nyctalus leisleri,0.009,0.026,-1,Echolocation,/mnt/ubna_data_02_mir/recover-20221013/UBNA_001/20221012_030000.WAV,Telephone Field,recover-20221013,001,1795
483.8545,483.8942,68437,82292,Rhinolophus ferrumequinum,0.026,0.026,-1,Echolocation,/mnt/ubna_data_02_mir/recover-20221013/UBNA_001/20221012_030000.WAV,Telephone Field,recover-20221013,001,1795
483.8725,483.9106,68437,81734,Rhinolophus ferrumequinum,0.021,0.021,-1,Echolocation,/mnt/ubna_data_02_mir/recover-20221013/UBNA_001/20221012_030000.WAV,Telephone Field,recover-20221013,001,1795
483.8805,483.891,22890,27429,Nyctalus leisleri,0.012,0.022,-1,Echolocation,/mnt/ubna_data_02_mir/recover-20221013/UBNA_001/20221012_030000.WAV,Telephone Field,recover-20221013,001,1795
484.0015,484.0318,69296,80864,Rhinolophus ferrumequinum,0.039,0.039,-1,Echolocation,/mnt/ubna_data_02_mir/recover-20221013/UBNA_001/20221012_030000.WAV,Telephone Field,recover-20221013,001,1795
484.0015,484.0085,46093,53628,Pipistrellus pipistrellus,0.015,0.023,-1,Echolocation,/mnt/ubna_data_02_mir/recover-20221013/UBNA_001/20221012_030000.WAV,Telephone Field,recover-20221013,001,1795
484.0015,484.0097,27187,37812,Eptesicus serotinus,0.008,0.025,-1,Echolocation,/mnt/ubna_data_02_mir/recover-20221013/UBNA_001/20221012_030000.WAV,Telephone Field,recover-20221013,001,1795
484.0015,484.0149,58984,67127,Pipistrellus pygmaeus,0.021,0.022,-1,Echolocation,/mnt/ubna_data_02_mir/recover-20221013/UBNA_001/20221012_030000.WAV,Telephone Field,recover-20221013,001,1795
484.0095,484.0161,27187,42747,Eptesicus serotinus,0.007,0.025,-1,Echolocation,/mnt/ubna_data_02_mir/recover-20221013/UBNA_001/20221012_030000.WAV,Telephone Field,recover-20221013,001,1795
484.0215,484.0583,68437,81644,Rhinolophus ferrumequinum,0.02,0.02,-1,Echolocation,/mnt/ubna_data_02_mir/recover-20221013/UBNA_001/20221012_030000.WAV,Telephone Field,recover-20221013,001,1795
484.1175,484.1572,68437,81692,Rhinolophus ferrumequinum,0.021,0.021,-1,Echolocation,/mnt/ubna_data_02_mir/recover-20221013/UBNA_001/20221012_030000.WAV,Telephone Field,recover-20221013,001,1795
484.1275,484.1366,22890,30015,Plecotus austriacus,0.008,0.023,-1,Echolocation,/mnt/ubna_data_02_mir/recover-20221013/UBNA_001/20221012_030000.WAV,Telephone Field,recover-20221013,001,1795
484.1425,484.1842,68437,82761,Rhinolophus ferrumequinum,0.022,0.023,-1,Echolocation,/mnt/ubna_data_02_mir/recover-20221013/UBNA_001/20221012_030000.WAV,Telephone Field,recover-20221013,001,1795
484.1885,484.2287,68437,82404,Rhinolophus ferrumequinum,0.02,0.02,-1,Echolocation,/mnt/ubna_data_02_mir/recover-20221013/UBNA_001/20221012_030000.WAV,Telephone Field,recover-20221013,001,1795
484.1895,484.1986,28046,38336,Eptesicus serotinus,0.008,0.021,-1,Echolocation,/mnt/ubna_data_02_mir/recover-20221013/UBNA_001/20221012_030000.WAV,Telephone Field,recover-20221013,001,1795
484.2125,484.2502,68437,82105,Rhinolophus ferrumequinum,0.021,0.021,-1,Echolocation,/mnt/ubna_data_02_mir/recover-20221013/UBNA_001/20221012_030000.WAV,Telephone Field,recover-20221013,001,1795
484.2175,484.2258,28046,37678,Eptesicus serotinus,0.008,0.02,-1,Echolocation,/mnt/ubna_data_02_mir/recover-20221013/UBNA_001/20221012_030000.WAV,Telephone Field,recover-20221013,001,1795
484.2455,484.285,68437,82216,Rhinolophus ferrumequinum,0.02,0.02,-1,Echolocation,/mnt/ubna_data_02_mir/recover-20221013/UBNA_001/20221012_030000.WAV,Telephone Field,recover-20221013,001,1795
484.2475,484.2606,22890,26282,Nyctalus leisleri,0.013,0.021,-1,Echolocation,/mnt/ubna_data_02_mir/recover-20221013/UBNA_001/20221012_030000.WAV,Telephone Field,recover-20221013,001,1795
484.2655,484.2734,27187,40466,Eptesicus serotinus,0.008,0.02,-1,Echolocation,/mnt/ubna_data_02_mir/recover-20221013/UBNA_001/20221012_030000.WAV,Telephone Field,recover-20221013,001,1795
484.2755,484.3151,68437,82701,Rhinolophus ferrumequinum,0.026,0.026,-1,Echolocation,/mnt/ubna_data_02_mir/recover-20221013/UBNA_001/20221012_030000.WAV,Telephone Field,recover-20221013,001,1795
484.2925,484.2993,48671,53217,Pipistrellus pipistrellus,0.019,0.02,-1,Echolocation,/mnt/ubna_data_02_mir/recover-20221013/UBNA_001/20221012_030000.WAV,Telephone Field,recover-20221013,001,1795
484.3015,484.3412,68437,82600,Rhinolophus ferrumequinum,0.021,0.021,-1,Echolocation,/mnt/ubna_data_02_mir/recover-20221013/UBNA_001/20221012_030000.WAV,Telephone Field,recover-20221013,001,1795
484.3375,484.3442,28046,42335,Eptesicus serotinus,0.006,0.021,-1,Echolocation,/mnt/ubna_data_02_mir/recover-20221013/UBNA_001/20221012_030000.WAV,Telephone Field,recover-20221013,001,1795
484.3615,484.4029,68437,82391,Rhinolophus ferrumequinum,0.021,0.021,-1,Echolocation,/mnt/ubna_data_02_mir/recover-20221013/UBNA_001/20221012_030000.WAV,Telephone Field,recover-20221013,001,1795
484.3655,484.3814,22031,26075,Nyctalus leisleri,0.015,0.028,-1,Echolocation,/mnt/ubna_data_02_mir/recover-20221013/UBNA_001/20221012_030000.WAV,Telephone Field,recover-20221013,001,1795
484.3855,484.421,68437,81765,Rhinolophus ferrumequinum,0.021,0.021,-1,Echolocation,/mnt/ubna_data_02_mir/recover-20221013/UBNA_001/20221012_030000.WAV,Telephone Field,recover-20221013,001,1795
484.4145,484.4208,28046,39149,Eptesicus serotinus,0.006,0.023,-1,Echolocation,/mnt/ubna_data_02_mir/recover-20221013/UBNA_001/20221012_030000.WAV,Telephone Field,recover-20221013,001,1795
484.4845,484.4924,28046,38293,Eptesicus serotinus,0.007,0.021,-1,Echolocation,/mnt/ubna_data_02_mir/recover-20221013/UBNA_001/20221012_030000.WAV,Telephone Field,recover-20221013,001,1795
484.5285,484.5666,68437,81586,Rhinolophus ferrumequinum,0.02,0.02,-1,Echolocation,/mnt/ubna_data_02_mir/recover-20221013/UBNA_001/20221012_030000.WAV,Telephone Field,recover-20221013,001,1795
484.5425,484.5498,49531,56601,Pipistrellus pipistrellus,0.02,0.025,-1,Echolocation,/mnt/ubna_data_02_mir/recover-20221013/UBNA_001/20221012_030000.WAV,Telephone Field,recover-20221013,001,1795
484.5515,484.5595,28046,39231,Eptesicus serotinus,0.007,0.021,-1,Echolocation,/mnt/ubna_data_02_mir/recover-20221013/UBNA_001/20221012_030000.WAV,Telephone Field,recover-20221013,001,1795
484.5535,484.5897,68437,81949,Rhinolophus ferrumequinum,0.022,0.022,-1,Echolocation,/mnt/ubna_data_02_mir/recover-20221013/UBNA_001/20221012_030000.WAV,Telephone Field,recover-20221013,001,1795
484.5685,484.5823,22031,25972,Nyctalus leisleri,0.012,0.021,-1,Echolocation,/mnt/ubna_data_02_mir/recover-20221013/UBNA_001/20221012_030000.WAV,Telephone Field,recover-20221013,001,1795
484.5765,484.5883,22890,26699,Nyctalus leisleri,0.013,0.022,-1,Echolocation,/mnt/ubna_data_02_mir/recover-20221013/UBNA_001/20221012_030000.WAV,Telephone Field,recover-20221013,001,1795
484.5905,484.5994,28046,36597,Eptesicus serotinus,0.008,0.02,-1,Echolocation,/mnt/ubna_data_02_mir/recover-20221013/UBNA_001/20221012_030000.WAV,Telephone Field,recover-20221013,001,1795
484.6345,484.6436,28046,36451,Eptesicus serotinus,0.008,0.02,-1,Echolocation,/mnt/ubna_data_02_mir/recover-20221013/UBNA_001/20221012_030000.WAV,Telephone Field,recover-20221013,001,1795
484.6445,484.6538,26328,34115,Eptesicus serotinus,0.009,0.021,-1,Echolocation,/mnt/ubna_data_02_mir/recover-20221013/UBNA_001/20221012_030000.WAV,Telephone Field,recover-20221013,001,1795
484.6695,484.7053,68437,81852,Rhinolophus ferrumequinum,0.02,0.02,-1,Echolocation,/mnt/ubna_data_02_mir/recover-20221013/UBNA_001/20221012_030000.WAV,Telephone Field,recover-20221013,001,1795
484.6835,484.6901,28046,42598,Eptesicus serotinus,0.007,0.027,-1,Echolocation,/mnt/ubna_data_02_mir/recover-20221013/UBNA_001/20221012_030000.WAV,Telephone Field,recover-20221013,001,1795
484.7095,484.7507,68437,82653,Rhinolophus ferrumequinum,0.023,0.023,-1,Echolocation,/mnt/ubna_data_02_mir/recover-20221013/UBNA_001/20221012_030000.WAV,Telephone Field,recover-20221013,001,1795
484.7405,484.7514,28046,35328,Eptesicus serotinus,0.016,0.033,-1,Echolocation,/mnt/ubna_data_02_mir/recover-20221013/UBNA_001/20221012_030000.WAV,Telephone Field,recover-20221013,001,1795
484.7545,484.7643,28046,37923,Eptesicus serotinus,0.008,0.021,-1,Echolocation,/mnt/ubna_data_02_mir/recover-20221013/UBNA_001/20221012_030000.WAV,Telephone Field,recover-20221013,001,1795
484.7615,484.769,28046,39203,Eptesicus serotinus,0.006,0.02,-1,Echolocation,/mnt/ubna_data_02_mir/recover-20221013/UBNA_001/20221012_030000.WAV,Telephone Field,recover-20221013,001,1795
484.7665,484.7744,57265,61836,Pipistrellus pygmaeus,0.021,0.022,-1,Echolocation,/mnt/ubna_data_02_mir/recover-20221013/UBNA_001/20221012_030000.WAV,Telephone Field,recover-20221013,001,1795
484.7675,484.8077,68437,82030,Rhinolophus ferrumequinum,0.023,0.023,-1,Echolocation,/mnt/ubna_data_02_mir/recover-20221013/UBNA_001/20221012_030000.WAV,Telephone Field,recover-20221013,001,1795
484.7765,484.8181,68437,82490,Rhinolophus ferrumequinum,0.025,0.025,-1,Echolocation,/mnt/ubna_data_02_mir/recover-20221013/UBNA_001/20221012_030000.WAV,Telephone Field,recover-20221013,001,1795
484.8205,484.8597,68437,82388,Rhinolophus ferrumequinum,0.02,0.02,-1,Echolocation,/mnt/ubna_data_02_mir/recover-20221013/UBNA_001/20221012_030000.WAV,Telephone Field,recover-20221013,001,1795
484.8475,484.8532,27187,43517,Plecotus auritus,0.005,0.023,-1,Echolocation,/mnt/ubna_data_02_mir/recover-20221013/UBNA_001/20221012_030000.WAV,Telephone Field,recover-20221013,001,1795
484.8575,484.8969,68437,82010,Rhinolophus ferrumequinum,0.02,0.02,-1,Echolocation,/mnt/ubna_data_02_mir/recover-20221013/UBNA_001/20221012_030000.WAV,Telephone Field,recover-20221013,001,1795
484.8885,484.9263,68437,81729,Rhinolophus ferrumequinum,0.021,0.021,-1,Echolocation,/mnt/ubna_data_02_mir/recover-20221013/UBNA_001/20221012_030000.WAV,Telephone Field,recover-20221013,001,1795
484.8945,484.9028,28046,40031,Eptesicus serotinus,0.009,0.023,-1,Echolocation,/mnt/ubna_data_02_mir/recover-20221013/UBNA_001/20221012_030000.WAV,Telephone Field,recover-20221013,001,1795
484.8965,484.9034,33203,42524,Myotis daubentonii,0.007,0.02,-1,Echolocation,/mnt/ubna_data_02_mir/recover-20221013/UBNA_001/20221012_030000.WAV,Telephone Field,recover-20221013,001,1795
484.9085,484.9186,23750,29400,Nyctalus leisleri,0.008,0.021,-1,Echolocation,/mnt/ubna_data_02_mir/recover-20221013/UBNA_001/20221012_030000.WAV,Telephone Field,recover-20221013,001,1795
484.9095,484.9467,68437,81817,Rhinolophus ferrumequinum,0.023,0.023,-1,Echolocation,/mnt/ubna_data_02_mir/recover-20221013/UBNA_001/20221012_030000.WAV,Telephone Field,recover-20221013,001,1795
484.9625,485.0014,68437,82468,Rhinolophus ferrumequinum,0.02,0.02,-1,Echolocation,/mnt/ubna_data_02_mir/recover-20221013/UBNA_001/20221012_030000.WAV,Telephone Field,recover-20221013,001,1795
484.9725,484.9824,24609,32037,Eptesicus serotinus,0.007,0.02,-1,Echolocation,/mnt/ubna_data_02_mir/recover-20221013/UBNA_001/20221012_030000.WAV,Telephone Field,recover-20221013,001,1795
484.9885,484.9997,43515,47307,Pipistrellus pipistrellus,0.015,0.021,-1,Echolocation,/mnt/ubna_data_02_mir/recover-20221013/UBNA_001/20221012_030000.WAV,Telephone Field,recover-20221013,001,1795
484.9895,485.0301,68437,82221,Rhinolophus ferrumequinum,0.025,0.025,-1,Echolocation,/mnt/ubna_data_02_mir/recover-20221013/UBNA_001/20221012_030000.WAV,Telephone Field,recover-20221013,001,1795
485.0225,485.06,68437,82432,Rhinolophus ferrumequinum,0.022,0.022,-1,Echolocation,/mnt/ubna_data_02_mir/recover-20221013/UBNA_001/20221012_030000.WAV,Telephone Field,recover-20221013,001,1795
485.0345,485.076,68437,83285,Rhinolophus ferrumequinum,0.023,0.023,-1,Echolocation,/mnt/ubna_data_02_mir/recover-20221013/UBNA_001/20221012_030000.WAV,Telephone Field,recover-20221013,001,1795
485.0505,485.0595,27187,37440,Eptesicus serotinus,0.009,0.021,-1,Echolocation,/mnt/ubna_data_02_mir/recover-20221013/UBNA_001/20221012_030000.WAV,Telephone Field,recover-20221013,001,1795
485.0605,485.0985,68437,81671,Rhinolophus ferrumequinum,0.021,0.022,-1,Echolocation,/mnt/ubna_data_02_mir/recover-20221013/UBNA_001/20221012_030000.WAV,Telephone Field,recover-20221013,001,1795
485.0615,485.0711,24609,31988,Eptesicus serotinus,0.008,0.025,-1,Echolocation,/mnt/ubna_data_02_mir/recover-20221013/UBNA_001/20221012_030000.WAV,Telephone Field,recover-20221013,001,1795
485.1305,485.1675,68437,81382,Rhinolophus ferrumequinum,0.02,0.02,-1,Echolocation,/mnt/ubna_data_02_mir/recover-20221013/UBNA_001/20221012_030000.WAV,Telephone Field,recover-20221013,001,1795
485.1365,485.1733,68437,81093,Rhinolophus ferrumequinum,0.02,0.02,-1,Echolocation,/mnt/ubna_data_02_mir/recover-20221013/UBNA_001/20221012_030000.WAV,Telephone Field,recover-20221013,001,1795
485.1625,485.171,28906,41273,Eptesicus serotinus,0.007,0.02,-1,Echolocation,/mnt/ubna_data_02_mir/recover-20221013/UBNA_001/20221012_030000.WAV,Telephone Field,recover-20221013,001,1795
485.1805,485.1873,27187,42749,Eptesicus serotinus,0.011,0.031,-1,Echolocation,/mnt/ubna_data_02_mir/recover-20221013/UBNA_001/20221012_030000.WAV,Telephone Field,recover-20221013,001,1795
485.2135,485.2236,23750,30491,Eptesicus serotinus,0.01,0.035,-1,Echolocation,/mnt/ubna_data_02_mir/recover-20221013/UBNA_001/20221012_030000.WAV,Telephone Field,recover-20221013,001,1795
485.2295,485.2701,68437,82621,Rhinolophus ferrumequinum,0.02,0.02,-1,Echolocation,/mnt/ubna_data_02_mir/recover-20221013/UBNA_001/20221012_030000.WAV,Telephone Field,recover-20221013,001,1795
485.2385,485.2452,25468,38706,Myotis nattereri,0.004,0.02,-1,Echolocation,/mnt/ubna_data_02_mir/recover-20221013/UBNA_001/20221012_030000.WAV,Telephone Field,recover-20221013,001,1795
485.2495,485.257,31484,47014,Myotis daubentonii,0.008,0.021,-1,Echolocation,/mnt/ubna_data_02_mir/recover-20221013/UBNA_001/20221012_030000.WAV,Telephone Field,recover-20221013,001,1795
485.2625,485.2993,68437,81650,Rhinolophus ferrumequinum,0.021,0.021,-1,Echolocation,/mnt/ubna_data_02_mir/recover-20221013/UBNA_001/20221012_030000.WAV,Telephone Field,recover-20221013,001,1795
485.2835,485.3259,68437,82474,Rhinolophus ferrumequinum,0.021,0.021,-1,Echolocation,/mnt/ubna_data_02_mir/recover-20221013/UBNA_001/20221012_030000.WAV,Telephone Field,recover-20221013,001,1795
485.3095,485.3503,68437,83007,Rhinolophus ferrumequinum,0.024,0.024,-1,Echolocation,/mnt/ubna_data_02_mir/recover-20221013/UBNA_001/20221012_030000.WAV,Telephone Field,recover-20221013,001,1795
485.3615,485.4008,68437,82281,Rhinolophus ferrumequinum,0.023,0.023,-1,Echolocation,/mnt/ubna_data_02_mir/recover-20221013/UBNA_001/20221012_030000.WAV,Telephone Field,recover-20221013,001,1795
485.3945,485.4054,25468,31679,Nyctalus leisleri,0.009,0.025,-1,Echolocation,/mnt/ubna_data_02_mir/recover-20221013/UBNA_001/20221012_030000.WAV,Telephone Field,recover-20221013,001,1795
485.4045,485.445,68437,82328,Rhinolophus ferrumequinum,0.02,0.02,-1,Echolocation,/mnt/ubna_data_02_mir/recover-20221013/UBNA_001/20221012_030000.WAV,Telephone Field,recover-20221013,001,1795
485.4705,485.5063,68437,81548,Rhinolophus ferrumequinum,0.02,0.02,-1,Echolocation,/mnt/ubna_data_02_mir/recover-20221013/UBNA_001/20221012_030000.WAV,Telephone Field,recover-20221013,001,1795
485.4805,485.5164,68437,82180,Rhinolophus ferrumequinum,0.02,0.02,-1,Echolocation,/mnt/ubna_data_02_mir/recover-20221013/UBNA_001/20221012_030000.WAV,Telephone Field,recover-20221013,001,1795
485.4855,485.5221,68437,82094,Rhinolophus ferrumequinum,0.02,0.02,-1,Echolocation,/mnt/ubna_data_02_mir/recover-20221013/UBNA_001/20221012_030000.WAV,Telephone Field,recover-20221013,001,1795
485.5375,485.5758,68437,81609,Rhinolophus ferrumequinum,0.02,0.02,-1,Echolocation,/mnt/ubna_data_02_mir/recover-20221013/UBNA_001/20221012_030000.WAV,Telephone Field,recover-20221013,001,1795
485.5525,485.5609,25468,40180,Eptesicus serotinus,0.007,0.021,-1,Echolocation,/mnt/ubna_data_02_mir/recover-20221013/UBNA_001/20221012_030000.WAV,Telephone Field,recover-20221013,001,1795
485.5575,485.5653,27187,39666,Eptesicus serotinus,0.007,0.021,-1,Echolocation,/mnt/ubna_data_02_mir/recover-20221013/UBNA_001/20221012_030000.WAV,Telephone Field,recover-20221013,001,1795
485.5895,485.599,22890,29074,Plecotus austriacus,0.007,0.022,-1,Echolocation,/mnt/ubna_data_02_mir/recover-20221013/UBNA_001/20221012_030000.WAV,Telephone Field,recover-20221013,001,1795
485.6035,485.6403,68437,81851,Rhinolophus ferrumequinum,0.021,0.021,-1,Echolocation,/mnt/ubna_data_02_mir/recover-20221013/UBNA_001/20221012_030000.WAV,Telephone Field,recover-20221013,001,1795
485.6275,485.6349,32343,43045,Myotis daubentonii,0.008,0.022,-1,Echolocation,/mnt/ubna_data_02_mir/recover-20221013/UBNA_001/20221012_030000.WAV,Telephone Field,recover-20221013,001,1795
485.6395,485.6784,68437,81912,Rhinolophus ferrumequinum,0.022,0.022,-1,Echolocation,/mnt/ubna_data_02_mir/recover-20221013/UBNA_001/20221012_030000.WAV,Telephone Field,recover-20221013,001,1795
485.7015,485.7188,21171,24477,Nyctalus leisleri,0.02,0.033,-1,Echolocation,/mnt/ubna_data_02_mir/recover-20221013/UBNA_001/20221012_030000.WAV,Telephone Field,recover-20221013,001,1795
485.7035,485.7432,68437,81952,Rhinolophus ferrumequinum,0.029,0.029,-1,Echolocation,/mnt/ubna_data_02_mir/recover-20221013/UBNA_001/20221012_030000.WAV,Telephone Field,recover-20221013,001,1795
485.7385,485.7497,22890,28149,Nyctalus leisleri,0.01,0.021,-1,Echolocation,/mnt/ubna_data_02_mir/recover-20221013/UBNA_001/20221012_030000.WAV,Telephone Field,recover-20221013,001,1795
485.8135,485.8238,28906,36180,Eptesicus serotinus,0.012,0.025,-1,Echolocation,/mnt/ubna_data_02_mir/recover-20221013/UBNA_001/20221012_030000.WAV,Telephone Field,recover-20221013,001,1795
485.8635,485.9027,68437,82540,Rhinolophus ferrumequinum,0.021,0.021,-1,Echolocation,/mnt/ubna_data_02_mir/recover-20221013/UBNA_001/20221012_030000.WAV,Telephone Field,recover-20221013,001,1795
485.8645,485.8724,23750,31783,Plecotus austriacus,0.007,0.021,-1,Echolocation,/mnt/ubna_data_02_mir/recover-20221013/UBNA_001/20221012_030000.WAV,Telephone Field,recover-20221013,001,1795
485.8875,485.8955,28046,38899,Eptesicus serotinus,0.007,0.021,-1,Echolocation,/mnt/ubna_data_02_mir/recover-20221013/UBNA_001/20221012_030000.WAV,Telephone Field,recover-20221013,001,1795
485.9125,485.9211,26328,39393,Eptesicus serotinus,0.009,0.023,-1,Echolocation,/mnt/ubna_data_02_mir/recover-20221013/UBNA_001/20221012_030000.WAV,Telephone Field,recover-20221013,001,1795
485.9325,485.9747,68437,82577,Rhinolophus ferrumequinum,0.022,0.022,-1,Echolocation,/mnt/ubna_data_02_mir/recover-20221013/UBNA_001/20221012_030000.WAV,Telephone Field,recover-20221013,001,1795
485.9395,485.9462,28046,39411,Eptesicus serotinus,0.009,0.028,-1,Echolocation,/mnt/ubna_data_02_mir/recover-20221013/UBNA_001/20221012_030000.WAV,Telephone Field,recover-20221013,001,1795
485.9575,485.9957,68437,82381,Rhinolophus ferrumequinum,0.02,0.02,-1,Echolocation,/mnt/ubna_data_02_mir/recover-20221013/UBNA_001/20221012_030000.WAV,Telephone Field,recover-20221013,001,1795
485.9625,485.9707,26328,34908,Eptesicus serotinus,0.008,0.021,-1,Echolocation,/mnt/ubna_data_02_mir/recover-20221013/UBNA_001/20221012_030000.WAV,Telephone Field,recover-20221013,001,1795
486.0015,486.0099,27187,36919,Eptesicus serotinus,0.009,0.031,-1,Echolocation,/mnt/ubna_data_02_mir/recover-20221013/UBNA_001/20221012_030000.WAV,Telephone Field,recover-20221013,001,1795
486.0015,486.03340000000003,69296,81098,Rhinolophus ferrumequinum,0.032,0.032,-1,Echolocation,/mnt/ubna_data_02_mir/recover-20221013/UBNA_001/20221012_030000.WAV,Telephone Field,recover-20221013,001,1795
486.0105,486.0518,68437,82083,Rhinolophus ferrumequinum,0.022,0.022,-1,Echolocation,/mnt/ubna_data_02_mir/recover-20221013/UBNA_001/20221012_030000.WAV,Telephone Field,recover-20221013,001,1795
486.0445,486.0812,68437,82161,Rhinolophus ferrumequinum,0.027,0.027,-1,Echolocation,/mnt/ubna_data_02_mir/recover-20221013/UBNA_001/20221012_030000.WAV,Telephone Field,recover-20221013,001,1795
486.0525,486.0912,68437,83364,Rhinolophus ferrumequinum,0.023,0.023,-1,Echolocation,/mnt/ubna_data_02_mir/recover-20221013/UBNA_001/20221012_030000.WAV,Telephone Field,recover-20221013,001,1795
486.0905,486.0971,44375,53300,Pipistrellus pipistrellus,0.017,0.02,-1,Echolocation,/mnt/ubna_data_02_mir/recover-20221013/UBNA_001/20221012_030000.WAV,Telephone Field,recover-20221013,001,1795
486.1015,486.112,23750,30785,Nyctalus leisleri,0.011,0.032,-1,Echolocation,/mnt/ubna_data_02_mir/recover-20221013/UBNA_001/20221012_030000.WAV,Telephone Field,recover-20221013,001,1795
486.1155,486.1497,68437,81374,Rhinolophus ferrumequinum,0.029,0.029,-1,Echolocation,/mnt/ubna_data_02_mir/recover-20221013/UBNA_001/20221012_030000.WAV,Telephone Field,recover-20221013,001,1795
486.1345,486.1739,68437,82776,Rhinolophus ferrumequinum,0.023,0.023,-1,Echolocation,/mnt/ubna_data_02_mir/recover-20221013/UBNA_001/20221012_030000.WAV,Telephone Field,recover-20221013,001,1795
486.1365,486.1442,31484,45785,Myotis daubentonii,0.009,0.021,-1,Echolocation,/mnt/ubna_data_02_mir/recover-20221013/UBNA_001/20221012_030000.WAV,Telephone Field,recover-20221013,001,1795
486.1455,486.1858,68437,83134,Rhinolophus ferrumequinum,0.024,0.024,-1,Echolocation,/mnt/ubna_data_02_mir/recover-20221013/UBNA_001/20221012_030000.WAV,Telephone Field,recover-20221013,001,1795
486.1705,486.1797,34921,45386,Myotis daubentonii,0.01,0.027,-1,Echolocation,/mnt/ubna_data_02_mir/recover-20221013/UBNA_001/20221012_030000.WAV,Telephone Field,recover-20221013,001,1795
486.1715,486.1788,27187,45088,Eptesicus serotinus,0.007,0.023,-1,Echolocation,/mnt/ubna_data_02_mir/recover-20221013/UBNA_001/20221012_030000.WAV,Telephone Field,recover-20221013,001,1795
486.1805,486.2167,68437,81474,Rhinolophus ferrumequinum,0.02,0.02,-1,Echolocation,/mnt/ubna_data_02_mir/recover-20221013/UBNA_001/20221012_030000.WAV,Telephone Field,recover-20221013,001,1795
486.2055,486.2416,68437,81583,Rhinolophus ferrumequinum,0.021,0.021,-1,Echolocation,/mnt/ubna_data_02_mir/recover-20221013/UBNA_001/20221012_030000.WAV,Telephone Field,recover-20221013,001,1795
486.2325,486.2421,22031,28629,Plecotus austriacus,0.014,0.035,-1,Echolocation,/mnt/ubna_data_02_mir/recover-20221013/UBNA_001/20221012_030000.WAV,Telephone Field,recover-20221013,001,1795
486.2675,486.2767,25468,32857,Eptesicus serotinus,0.009,0.025,-1,Echolocation,/mnt/ubna_data_02_mir/recover-20221013/UBNA_001/20221012_030000.WAV,Telephone Field,recover-20221013,001,1795
486.3005,486.3174,20312,23172,Nyctalus leisleri,0.013,0.023,-1,Echolocation,/mnt/ubna_data_02_mir/recover-20221013/UBNA_001/20221012_030000.WAV,Telephone Field,recover-20221013,001,1795
486.3125,486.3227,23750,30170,Nyctalus leisleri,0.009,0.024,-1,Echolocation,/mnt/ubna_data_02_mir/recover-20221013/UBNA_001/20221012_030000.WAV,Telephone Field,recover-20221013,001,1795
486.3515,486.3623,22890,29105,Nyctalus leisleri,0.015,0.038,-1,Echolocation,/mnt/ubna_data_02_mir/recover-20221013/UBNA_001/20221012_030000.WAV,Telephone Field,recover-20221013,001,1795
486.3715,486.4112,68437,82421,Rhinolophus ferrumequinum,0.041,0.041,-1,Echolocation,/mnt/ubna_data_02_mir/recover-20221013/UBNA_001/20221012_030000.WAV,Telephone Field,recover-20221013,001,1795
486.3965,486.414,19453,22899,Nyctalus leisleri,0.011,0.022,-1,Echolocation,/mnt/ubna_data_02_mir/recover-20221013/UBNA_001/20221012_030000.WAV,Telephone Field,recover-20221013,001,1795
486.4185,486.4568,68437,81845,Rhinolophus ferrumequinum,0.022,0.022,-1,Echolocation,/mnt/ubna_data_02_mir/recover-20221013/UBNA_001/20221012_030000.WAV,Telephone Field,recover-20221013,001,1795
486.4435,486.4792,68437,81450,Rhinolophus ferrumequinum,0.02,0.02,-1,Echolocation,/mnt/ubna_data_02_mir/recover-20221013/UBNA_001/20221012_030000.WAV,Telephone Field,recover-20221013,001,1795
486.4675,486.4767,25468,34080,Eptesicus serotinus,0.009,0.022,-1,Echolocation,/mnt/ubna_data_02_mir/recover-20221013/UBNA_001/20221012_030000.WAV,Telephone Field,recover-20221013,001,1795
486.4835,486.4924,28906,39107,Eptesicus serotinus,0.008,0.021,-1,Echolocation,/mnt/ubna_data_02_mir/recover-20221013/UBNA_001/20221012_030000.WAV,Telephone Field,recover-20221013,001,1795
486.5015,486.5402,68437,82491,Rhinolophus ferrumequinum,0.026,0.026,-1,Echolocation,/mnt/ubna_data_02_mir/recover-20221013/UBNA_001/20221012_030000.WAV,Telephone Field,recover-20221013,001,1795
486.5055,486.5127,26328,36260,Eptesicus serotinus,0.006,0.02,-1,Echolocation,/mnt/ubna_data_02_mir/recover-20221013/UBNA_001/20221012_030000.WAV,Telephone Field,recover-20221013,001,1795
486.5295,486.5378,33203,42606,Myotis daubentonii,0.009,0.026,-1,Echolocation,/mnt/ubna_data_02_mir/recover-20221013/UBNA_001/20221012_030000.WAV,Telephone Field,recover-20221013,001,1795
486.5295,486.5387,27187,36718,Eptesicus serotinus,0.008,0.023,-1,Echolocation,/mnt/ubna_data_02_mir/recover-20221013/UBNA_001/20221012_030000.WAV,Telephone Field,recover-20221013,001,1795
486.5415,486.5826,68437,82422,Rhinolophus ferrumequinum,0.025,0.025,-1,Echolocation,/mnt/ubna_data_02_mir/recover-20221013/UBNA_001/20221012_030000.WAV,Telephone Field,recover-20221013,001,1795
486.5635,486.5741,28046,35249,Eptesicus serotinus,0.014,0.026,-1,Echolocation,/mnt/ubna_data_02_mir/recover-20221013/UBNA_001/20221012_030000.WAV,Telephone Field,recover-20221013,001,1795
486.5745,486.6143,68437,82579,Rhinolophus ferrumequinum,0.033,0.033,-1,Echolocation,/mnt/ubna_data_02_mir/recover-20221013/UBNA_001/20221012_030000.WAV,Telephone Field,recover-20221013,001,1795
486.5825,486.5932,22890,27600,Nyctalus leisleri,0.01,0.02,-1,Echolocation,/mnt/ubna_data_02_mir/recover-20221013/UBNA_001/20221012_030000.WAV,Telephone Field,recover-20221013,001,1795
486.6125,486.6186,28046,39323,Eptesicus serotinus,0.008,0.03,-1,Echolocation,/mnt/ubna_data_02_mir/recover-20221013/UBNA_001/20221012_030000.WAV,Telephone Field,recover-20221013,001,1795
486.6215,486.6613,68437,82444,Rhinolophus ferrumequinum,0.021,0.021,-1,Echolocation,/mnt/ubna_data_02_mir/recover-20221013/UBNA_001/20221012_030000.WAV,Telephone Field,recover-20221013,001,1795
486.6445,486.6809,68437,81484,Rhinolophus ferrumequinum,0.02,0.02,-1,Echolocation,/mnt/ubna_data_02_mir/recover-20221013/UBNA_001/20221012_030000.WAV,Telephone Field,recover-20221013,001,1795
486.6545,486.694,68437,82324,Rhinolophus ferrumequinum,0.022,0.022,-1,Echolocation,/mnt/ubna_data_02_mir/recover-20221013/UBNA_001/20221012_030000.WAV,Telephone Field,recover-20221013,001,1795
486.6715,486.6787,27187,39320,Eptesicus serotinus,0.006,0.021,-1,Echolocation,/mnt/ubna_data_02_mir/recover-20221013/UBNA_001/20221012_030000.WAV,Telephone Field,recover-20221013,001,1795
486.7055,486.7425,68437,81418,Rhinolophus ferrumequinum,0.021,0.021,-1,Echolocation,/mnt/ubna_data_02_mir/recover-20221013/UBNA_001/20221012_030000.WAV,Telephone Field,recover-20221013,001,1795
486.7125,486.7478,68437,80793,Rhinolophus ferrumequinum,0.021,0.021,-1,Echolocation,/mnt/ubna_data_02_mir/recover-20221013/UBNA_001/20221012_030000.WAV,Telephone Field,recover-20221013,001,1795
486.7165,486.7243,24609,33154,Plecotus austriacus,0.006,0.022,-1,Echolocation,/mnt/ubna_data_02_mir/recover-20221013/UBNA_001/20221012_030000.WAV,Telephone Field,recover-20221013,001,1795
486.7445,486.7542,28046,35999,Eptesicus serotinus,0.009,0.022,-1,Echolocation,/mnt/ubna_data_02_mir/recover-20221013/UBNA_001/20221012_030000.WAV,Telephone Field,recover-20221013,001,1795
486.7605,486.7682,27187,46485,Eptesicus serotinus,0.008,0.022,-1,Echolocation,/mnt/ubna_data_02_mir/recover-20221013/UBNA_001/20221012_030000.WAV,Telephone Field,recover-20221013,001,1795
486.7645,486.801,68437,82065,Rhinolophus ferrumequinum,0.02,0.02,-1,Echolocation,/mnt/ubna_data_02_mir/recover-20221013/UBNA_001/20221012_030000.WAV,Telephone Field,recover-20221013,001,1795
486.7795,486.8149,68437,81671,Rhinolophus ferrumequinum,0.024,0.024,-1,Echolocation,/mnt/ubna_data_02_mir/recover-20221013/UBNA_001/20221012_030000.WAV,Telephone Field,recover-20221013,001,1795
486.8105,486.8471,68437,81522,Rhinolophus ferrumequinum,0.02,0.02,-1,Echolocation,/mnt/ubna_data_02_mir/recover-20221013/UBNA_001/20221012_030000.WAV,Telephone Field,recover-20221013,001,1795
486.8325,486.8698,68437,81710,Rhinolophus ferrumequinum,0.022,0.022,-1,Echolocation,/mnt/ubna_data_02_mir/recover-20221013/UBNA_001/20221012_030000.WAV,Telephone Field,recover-20221013,001,1795
486.8475,486.8857,68437,82426,Rhinolophus ferrumequinum,0.021,0.021,-1,Echolocation,/mnt/ubna_data_02_mir/recover-20221013/UBNA_001/20221012_030000.WAV,Telephone Field,recover-20221013,001,1795
486.9175,486.926,25468,35096,Eptesicus serotinus,0.009,0.022,-1,Echolocation,/mnt/ubna_data_02_mir/recover-20221013/UBNA_001/20221012_030000.WAV,Telephone Field,recover-20221013,001,1795
486.9275,486.9631,68437,81032,Rhinolophus ferrumequinum,0.02,0.021,-1,Echolocation,/mnt/ubna_data_02_mir/recover-20221013/UBNA_001/20221012_030000.WAV,Telephone Field,recover-20221013,001,1795
486.9405,486.9504,28046,35619,Eptesicus serotinus,0.008,0.021,-1,Echolocation,/mnt/ubna_data_02_mir/recover-20221013/UBNA_001/20221012_030000.WAV,Telephone Field,recover-20221013,001,1795
486.9875,486.9971,28046,38149,Eptesicus serotinus,0.011,0.026,-1,Echolocation,/mnt/ubna_data_02_mir/recover-20221013/UBNA_001/20221012_030000.WAV,Telephone Field,recover-20221013,001,1795
486.9905,487.0274,68437,81699,Rhinolophus ferrumequinum,0.021,0.021,-1,Echolocation,/mnt/ubna_data_02_mir/recover-20221013/UBNA_001/20221012_030000.WAV,Telephone Field,recover-20221013,001,1795
487.0015,487.0103,24609,32244,Eptesicus serotinus,0.006,0.02,-1,Echolocation,/mnt/ubna_data_02_mir/recover-20221013/UBNA_001/20221012_030000.WAV,Telephone Field,recover-20221013,001,1795
487.0365,487.0754,68437,81753,Rhinolophus ferrumequinum,0.033,0.033,-1,Echolocation,/mnt/ubna_data_02_mir/recover-20221013/UBNA_001/20221012_030000.WAV,Telephone Field,recover-20221013,001,1795
487.0385,487.0485,22031,26875,Nyctalus leisleri,0.009,0.021,-1,Echolocation,/mnt/ubna_data_02_mir/recover-20221013/UBNA_001/20221012_030000.WAV,Telephone Field,recover-20221013,001,1795
487.0625,487.0995,68437,81782,Rhinolophus ferrumequinum,0.024,0.024,-1,Echolocation,/mnt/ubna_data_02_mir/recover-20221013/UBNA_001/20221012_030000.WAV,Telephone Field,recover-20221013,001,1795
487.1055,487.1121,28046,38903,Myotis daubentonii,0.007,0.029,-1,Echolocation,/mnt/ubna_data_02_mir/recover-20221013/UBNA_001/20221012_030000.WAV,Telephone Field,recover-20221013,001,1795
487.1065,487.1469,68437,82413,Rhinolophus ferrumequinum,0.021,0.021,-1,Echolocation,/mnt/ubna_data_02_mir/recover-20221013/UBNA_001/20221012_030000.WAV,Telephone Field,recover-20221013,001,1795
487.1205,487.1594,68437,82407,Rhinolophus ferrumequinum,0.021,0.021,-1,Echolocation,/mnt/ubna_data_02_mir/recover-20221013/UBNA_001/20221012_030000.WAV,Telephone Field,recover-20221013,001,1795
487.1445,487.1838,68437,82364,Rhinolophus ferrumequinum,0.023,0.023,-1,Echolocation,/mnt/ubna_data_02_mir/recover-20221013/UBNA_001/20221012_030000.WAV,Telephone Field,recover-20221013,001,1795
487.1655,487.1723,28046,40940,Eptesicus serotinus,0.005,0.022,-1,Echolocation,/mnt/ubna_data_02_mir/recover-20221013/UBNA_001/20221012_030000.WAV,Telephone Field,recover-20221013,001,1795
487.1905,487.2259,68437,81026,Rhinolophus ferrumequinum,0.023,0.023,-1,Echolocation,/mnt/ubna_data_02_mir/recover-20221013/UBNA_001/20221012_030000.WAV,Telephone Field,recover-20221013,001,1795
487.2385,487.2743,68437,81334,Rhinolophus ferrumequinum,0.02,0.02,-1,Echolocation,/mnt/ubna_data_02_mir/recover-20221013/UBNA_001/20221012_030000.WAV,Telephone Field,recover-20221013,001,1795
487.2885,487.2979,22890,29354,Nyctalus leisleri,0.007,0.022,-1,Echolocation,/mnt/ubna_data_02_mir/recover-20221013/UBNA_001/20221012_030000.WAV,Telephone Field,recover-20221013,001,1795
487.2915,487.3002,28906,37042,Eptesicus serotinus,0.007,0.022,-1,Echolocation,/mnt/ubna_data_02_mir/recover-20221013/UBNA_001/20221012_030000.WAV,Telephone Field,recover-20221013,001,1795
487.3075,487.3438,68437,81619,Rhinolophus ferrumequinum,0.022,0.022,-1,Echolocation,/mnt/ubna_data_02_mir/recover-20221013/UBNA_001/20221012_030000.WAV,Telephone Field,recover-20221013,001,1795
487.3285,487.3716,68437,81989,Rhinolophus ferrumequinum,0.023,0.023,-1,Echolocation,/mnt/ubna_data_02_mir/recover-20221013/UBNA_001/20221012_030000.WAV,Telephone Field,recover-20221013,001,1795
487.3625,487.3732,14296,20437,Nyctalus noctula,0.013,0.023,-1,Echolocation,/mnt/ubna_data_02_mir/recover-20221013/UBNA_001/20221012_030000.WAV,Telephone Field,recover-20221013,001,1795
487.3685,487.4054,68437,81482,Rhinolophus ferrumequinum,0.023,0.023,-1,Echolocation,/mnt/ubna_data_02_mir/recover-20221013/UBNA_001/20221012_030000.WAV,Telephone Field,recover-20221013,001,1795
487.3945,487.4311,68437,80995,Rhinolophus ferrumequinum,0.02,0.02,-1,Echolocation,/mnt/ubna_data_02_mir/recover-20221013/UBNA_001/20221012_030000.WAV,Telephone Field,recover-20221013,001,1795
487.3965,487.4064,22890,29622,Nyctalus leisleri,0.008,0.025,-1,Echolocation,/mnt/ubna_data_02_mir/recover-20221013/UBNA_001/20221012_030000.WAV,Telephone Field,recover-20221013,001,1795
487.4045,487.4116,23750,32278,Plecotus austriacus,0.009,0.026,-1,Echolocation,/mnt/ubna_data_02_mir/recover-20221013/UBNA_001/20221012_030000.WAV,Telephone Field,recover-20221013,001,1795
487.4265,487.4362,27187,35936,Eptesicus serotinus,0.011,0.025,-1,Echolocation,/mnt/ubna_data_02_mir/recover-20221013/UBNA_001/20221012_030000.WAV,Telephone Field,recover-20221013,001,1795
487.4505,487.4657,22890,28050,Nyctalus leisleri,0.018,0.045,-1,Echolocation,/mnt/ubna_data_02_mir/recover-20221013/UBNA_001/20221012_030000.WAV,Telephone Field,recover-20221013,001,1795
487.4505,487.4916,68437,82603,Rhinolophus ferrumequinum,0.027,0.027,-1,Echolocation,/mnt/ubna_data_02_mir/recover-20221013/UBNA_001/20221012_030000.WAV,Telephone Field,recover-20221013,001,1795
487.4755,487.5146,68437,82012,Rhinolophus ferrumequinum,0.02,0.02,-1,Echolocation,/mnt/ubna_data_02_mir/recover-20221013/UBNA_001/20221012_030000.WAV,Telephone Field,recover-20221013,001,1795
487.4765,487.4847,28906,38017,Eptesicus serotinus,0.012,0.029,-1,Echolocation,/mnt/ubna_data_02_mir/recover-20221013/UBNA_001/20221012_030000.WAV,Telephone Field,recover-20221013,001,1795
487.4845,487.4959,23750,28681,Nyctalus leisleri,0.012,0.024,-1,Echolocation,/mnt/ubna_data_02_mir/recover-20221013/UBNA_001/20221012_030000.WAV,Telephone Field,recover-20221013,001,1795
487.4965,487.5352,68437,82373,Rhinolophus ferrumequinum,0.025,0.025,-1,Echolocation,/mnt/ubna_data_02_mir/recover-20221013/UBNA_001/20221012_030000.WAV,Telephone Field,recover-20221013,001,1795
487.5105,487.5477,68437,81067,Rhinolophus ferrumequinum,0.024,0.024,-1,Echolocation,/mnt/ubna_data_02_mir/recover-20221013/UBNA_001/20221012_030000.WAV,Telephone Field,recover-20221013,001,1795
487.5195,487.5528,68437,80562,Rhinolophus ferrumequinum,0.021,0.021,-1,Echolocation,/mnt/ubna_data_02_mir/recover-20221013/UBNA_001/20221012_030000.WAV,Telephone Field,recover-20221013,001,1795
487.6085,487.6458,68437,81781,Rhinolophus ferrumequinum,0.025,0.025,-1,Echolocation,/mnt/ubna_data_02_mir/recover-20221013/UBNA_001/20221012_030000.WAV,Telephone Field,recover-20221013,001,1795
487.6545,487.6945,68437,82434,Rhinolophus ferrumequinum,0.022,0.022,-1,Echolocation,/mnt/ubna_data_02_mir/recover-20221013/UBNA_001/20221012_030000.WAV,Telephone Field,recover-20221013,001,1795
487.7135,487.721,26328,35481,Eptesicus serotinus,0.006,0.021,-1,Echolocation,/mnt/ubna_data_02_mir/recover-20221013/UBNA_001/20221012_030000.WAV,Telephone Field,recover-20221013,001,1795
487.7185,487.7585,68437,82076,Rhinolophus ferrumequinum,0.022,0.022,-1,Echolocation,/mnt/ubna_data_02_mir/recover-20221013/UBNA_001/20221012_030000.WAV,Telephone Field,recover-20221013,001,1795
487.7275,487.765,68437,82083,Rhinolophus ferrumequinum,0.021,0.021,-1,Echolocation,/mnt/ubna_data_02_mir/recover-20221013/UBNA_001/20221012_030000.WAV,Telephone Field,recover-20221013,001,1795
487.7435,487.7552,22890,27698,Nyctalus leisleri,0.01,0.021,-1,Echolocation,/mnt/ubna_data_02_mir/recover-20221013/UBNA_001/20221012_030000.WAV,Telephone Field,recover-20221013,001,1795
487.7455,487.7825,68437,81552,Rhinolophus ferrumequinum,0.02,0.02,-1,Echolocation,/mnt/ubna_data_02_mir/recover-20221013/UBNA_001/20221012_030000.WAV,Telephone Field,recover-20221013,001,1795
487.7685,487.8082,68437,82222,Rhinolophus ferrumequinum,0.025,0.025,-1,Echolocation,/mnt/ubna_data_02_mir/recover-20221013/UBNA_001/20221012_030000.WAV,Telephone Field,recover-20221013,001,1795
487.7785,487.8193,68437,82832,Rhinolophus ferrumequinum,0.024,0.024,-1,Echolocation,/mnt/ubna_data_02_mir/recover-20221013/UBNA_001/20221012_030000.WAV,Telephone Field,recover-20221013,001,1795
487.8055,487.8412,68437,81481,Rhinolophus ferrumequinum,0.022,0.022,-1,Echolocation,/mnt/ubna_data_02_mir/recover-20221013/UBNA_001/20221012_030000.WAV,Telephone Field,recover-20221013,001,1795
487.8275,487.8661,68437,82256,Rhinolophus ferrumequinum,0.022,0.022,-1,Echolocation,/mnt/ubna_data_02_mir/recover-20221013/UBNA_001/20221012_030000.WAV,Telephone Field,recover-20221013,001,1795
487.8455,487.8585,14296,18879,Nyctalus noctula,0.017,0.029,-1,Echolocation,/mnt/ubna_data_02_mir/recover-20221013/UBNA_001/20221012_030000.WAV,Telephone Field,recover-20221013,001,1795
487.8505,487.8882,68437,81518,Rhinolophus ferrumequinum,0.02,0.02,-1,Echolocation,/mnt/ubna_data_02_mir/recover-20221013/UBNA_001/20221012_030000.WAV,Telephone Field,recover-20221013,001,1795
487.8625,487.8985,68437,81818,Rhinolophus ferrumequinum,0.02,0.02,-1,Echolocation,/mnt/ubna_data_02_mir/recover-20221013/UBNA_001/20221012_030000.WAV,Telephone Field,recover-20221013,001,1795
487.8875,487.9261,68437,82396,Rhinolophus ferrumequinum,0.021,0.021,-1,Echolocation,/mnt/ubna_data_02_mir/recover-20221013/UBNA_001/20221012_030000.WAV,Telephone Field,recover-20221013,001,1795
487.9025,487.9128,22031,25736,Nyctalus leisleri,0.011,0.02,-1,Echolocation,/mnt/ubna_data_02_mir/recover-20221013/UBNA_001/20221012_030000.WAV,Telephone Field,recover-20221013,001,1795
487.9125,487.9512,68437,82353,Rhinolophus ferrumequinum,0.025,0.025,-1,Echolocation,/mnt/ubna_data_02_mir/recover-20221013/UBNA_001/20221012_030000.WAV,Telephone Field,recover-20221013,001,1795
487.9595,487.9803,19453,22404,Nyctalus noctula,0.017,0.036,-1,Echolocation,/mnt/ubna_data_02_mir/recover-20221013/UBNA_001/20221012_030000.WAV,Telephone Field,recover-20221013,001,1795
487.9635,487.9712,28046,39103,Eptesicus serotinus,0.006,0.021,-1,Echolocation,/mnt/ubna_data_02_mir/recover-20221013/UBNA_001/20221012_030000.WAV,Telephone Field,recover-20221013,001,1795
487.9835,487.9936,26328,35329,Eptesicus serotinus,0.014,0.027,-1,Echolocation,/mnt/ubna_data_02_mir/recover-20221013/UBNA_001/20221012_030000.WAV,Telephone Field,recover-20221013,001,1795
488.0015,488.0255,65000,72501,Pipistrellus pygmaeus,0.022,0.026,-1,Echolocation,/mnt/ubna_data_02_mir/recover-20221013/UBNA_001/20221012_030000.WAV,Telephone Field,recover-20221013,001,1795
488.0015,488.0096,29765,42115,Myotis daubentonii,0.006,0.024,-1,Echolocation,/mnt/ubna_data_02_mir/recover-20221013/UBNA_001/20221012_030000.WAV,Telephone Field,recover-20221013,001,1795
488.0505,488.0597,23750,30503,Nyctalus leisleri,0.008,0.022,-1,Echolocation,/mnt/ubna_data_02_mir/recover-20221013/UBNA_001/20221012_030000.WAV,Telephone Field,recover-20221013,001,1795
488.0615,488.0691,28046,39715,Eptesicus serotinus,0.007,0.023,-1,Echolocation,/mnt/ubna_data_02_mir/recover-20221013/UBNA_001/20221012_030000.WAV,Telephone Field,recover-20221013,001,1795
488.0795,488.0908,28906,35982,Eptesicus serotinus,0.011,0.022,-1,Echolocation,/mnt/ubna_data_02_mir/recover-20221013/UBNA_001/20221012_030000.WAV,Telephone Field,recover-20221013,001,1795
488.0865,488.097,27187,34923,Eptesicus serotinus,0.009,0.022,-1,Echolocation,/mnt/ubna_data_02_mir/recover-20221013/UBNA_001/20221012_030000.WAV,Telephone Field,recover-20221013,001,1795
488.0925,488.129,68437,81677,Rhinolophus ferrumequinum,0.022,0.022,-1,Echolocation,/mnt/ubna_data_02_mir/recover-20221013/UBNA_001/20221012_030000.WAV,Telephone Field,recover-20221013,001,1795
488.0985,488.1385,68437,82494,Rhinolophus ferrumequinum,0.021,0.021,-1,Echolocation,/mnt/ubna_data_02_mir/recover-20221013/UBNA_001/20221012_030000.WAV,Telephone Field,recover-20221013,001,1795
488.1265,488.1624,68437,81312,Rhinolophus ferrumequinum,0.021,0.021,-1,Echolocation,/mnt/ubna_data_02_mir/recover-20221013/UBNA_001/20221012_030000.WAV,Telephone Field,recover-20221013,001,1795
488.1625,488.1994,68437,81490,Rhinolophus ferrumequinum,0.023,0.023,-1,Echolocation,/mnt/ubna_data_02_mir/recover-20221013/UBNA_001/20221012_030000.WAV,Telephone Field,recover-20221013,001,1795
488.1835,488.2223,68437,82238,Rhinolophus ferrumequinum,0.021,0.021,-1,Echolocation,/mnt/ubna_data_02_mir/recover-20221013/UBNA_001/20221012_030000.WAV,Telephone Field,recover-20221013,001,1795
488.1955,488.2367,68437,82644,Rhinolophus ferrumequinum,0.024,0.024,-1,Echolocation,/mnt/ubna_data_02_mir/recover-20221013/UBNA_001/20221012_030000.WAV,Telephone Field,recover-20221013,001,1795
488.2045,488.2133,28046,37539,Eptesicus serotinus,0.009,0.025,-1,Echolocation,/mnt/ubna_data_02_mir/recover-20221013/UBNA_001/20221012_030000.WAV,Telephone Field,recover-20221013,001,1795
488.2235,488.2338,22890,28284,Nyctalus leisleri,0.011,0.025,-1,Echolocation,/mnt/ubna_data_02_mir/recover-20221013/UBNA_001/20221012_030000.WAV,Telephone Field,recover-20221013,001,1795
488.2305,488.2693,68437,81962,Rhinolophus ferrumequinum,0.022,0.022,-1,Echolocation,/mnt/ubna_data_02_mir/recover-20221013/UBNA_001/20221012_030000.WAV,Telephone Field,recover-20221013,001,1795
488.2725,488.3109,68437,82350,Rhinolophus ferrumequinum,0.024,0.024,-1,Echolocation,/mnt/ubna_data_02_mir/recover-20221013/UBNA_001/20221012_030000.WAV,Telephone Field,recover-20221013,001,1795
488.3035,488.3422,68437,81845,Rhinolophus ferrumequinum,0.022,0.022,-1,Echolocation,/mnt/ubna_data_02_mir/recover-20221013/UBNA_001/20221012_030000.WAV,Telephone Field,recover-20221013,001,1795
488.3135,488.3527,68437,82234,Rhinolophus ferrumequinum,0.021,0.021,-1,Echolocation,/mnt/ubna_data_02_mir/recover-20221013/UBNA_001/20221012_030000.WAV,Telephone Field,recover-20221013,001,1795
488.3315,488.3721,68437,82172,Rhinolophus ferrumequinum,0.021,0.021,-1,Echolocation,/mnt/ubna_data_02_mir/recover-20221013/UBNA_001/20221012_030000.WAV,Telephone Field,recover-20221013,001,1795
488.3395,488.3466,28046,38653,Eptesicus serotinus,0.018,0.047,-1,Echolocation,/mnt/ubna_data_02_mir/recover-20221013/UBNA_001/20221012_030000.WAV,Telephone Field,recover-20221013,001,1795
488.3495,488.3612,56406,61703,Pipistrellus pygmaeus,0.02,0.021,-1,Echolocation,/mnt/ubna_data_02_mir/recover-20221013/UBNA_001/20221012_030000.WAV,Telephone Field,recover-20221013,001,1795
488.3765,488.4145,68437,82617,Rhinolophus ferrumequinum,0.034,0.034,-1,Echolocation,/mnt/ubna_data_02_mir/recover-20221013/UBNA_001/20221012_030000.WAV,Telephone Field,recover-20221013,001,1795
488.4115,488.4503,68437,82463,Rhinolophus ferrumequinum,0.026,0.026,-1,Echolocation,/mnt/ubna_data_02_mir/recover-20221013/UBNA_001/20221012_030000.WAV,Telephone Field,recover-20221013,001,1795
488.4415,488.4811,68437,82447,Rhinolophus ferrumequinum,0.022,0.022,-1,Echolocation,/mnt/ubna_data_02_mir/recover-20221013/UBNA_001/20221012_030000.WAV,Telephone Field,recover-20221013,001,1795
488.4455,488.4574,23750,30013,Nyctalus leisleri,0.012,0.028,-1,Echolocation,/mnt/ubna_data_02_mir/recover-20221013/UBNA_001/20221012_030000.WAV,Telephone Field,recover-20221013,001,1795
488.5045,488.5158,22031,26250,Nyctalus leisleri,0.012,0.023,-1,Echolocation,/mnt/ubna_data_02_mir/recover-20221013/UBNA_001/20221012_030000.WAV,Telephone Field,recover-20221013,001,1795
488.5115,488.5463,68437,80686,Rhinolophus ferrumequinum,0.022,0.022,-1,Echolocation,/mnt/ubna_data_02_mir/recover-20221013/UBNA_001/20221012_030000.WAV,Telephone Field,recover-20221013,001,1795
488.5185,488.5552,68437,82105,Rhinolophus ferrumequinum,0.022,0.022,-1,Echolocation,/mnt/ubna_data_02_mir/recover-20221013/UBNA_001/20221012_030000.WAV,Telephone Field,recover-20221013,001,1795
488.5495,488.5913,68437,81932,Rhinolophus ferrumequinum,0.023,0.023,-1,Echolocation,/mnt/ubna_data_02_mir/recover-20221013/UBNA_001/20221012_030000.WAV,Telephone Field,recover-20221013,001,1795
488.5565,488.5674,22890,27851,Nyctalus leisleri,0.013,0.026,-1,Echolocation,/mnt/ubna_data_02_mir/recover-20221013/UBNA_001/20221012_030000.WAV,Telephone Field,recover-20221013,001,1795
488.5635,488.5718,28046,38444,Eptesicus serotinus,0.007,0.021,-1,Echolocation,/mnt/ubna_data_02_mir/recover-20221013/UBNA_001/20221012_030000.WAV,Telephone Field,recover-20221013,001,1795
488.6105,488.6198,28046,37731,Eptesicus serotinus,0.009,0.023,-1,Echolocation,/mnt/ubna_data_02_mir/recover-20221013/UBNA_001/20221012_030000.WAV,Telephone Field,recover-20221013,001,1795
488.6175,488.6569,68437,82395,Rhinolophus ferrumequinum,0.026,0.026,-1,Echolocation,/mnt/ubna_data_02_mir/recover-20221013/UBNA_001/20221012_030000.WAV,Telephone Field,recover-20221013,001,1795
488.6235,488.6324,28046,38955,Eptesicus serotinus,0.008,0.021,-1,Echolocation,/mnt/ubna_data_02_mir/recover-20221013/UBNA_001/20221012_030000.WAV,Telephone Field,recover-20221013,001,1795
488.6435,488.6546,22890,27449,Nyctalus leisleri,0.011,0.021,-1,Echolocation,/mnt/ubna_data_02_mir/recover-20221013/UBNA_001/20221012_030000.WAV,Telephone Field,recover-20221013,001,1795
488.6475,488.6846,68437,80988,Rhinolophus ferrumequinum,0.021,0.021,-1,Echolocation,/mnt/ubna_data_02_mir/recover-20221013/UBNA_001/20221012_030000.WAV,Telephone Field,recover-20221013,001,1795
488.6545,488.6932,68437,81631,Rhinolophus ferrumequinum,0.022,0.022,-1,Echolocation,/mnt/ubna_data_02_mir/recover-20221013/UBNA_001/20221012_030000.WAV,Telephone Field,recover-20221013,001,1795
488.6825,488.6899,27187,36246,Eptesicus serotinus,0.008,0.023,-1,Echolocation,/mnt/ubna_data_02_mir/recover-20221013/UBNA_001/20221012_030000.WAV,Telephone Field,recover-20221013,001,1795
488.7075,488.7154,28046,38057,Eptesicus serotinus,0.007,0.023,-1,Echolocation,/mnt/ubna_data_02_mir/recover-20221013/UBNA_001/20221012_030000.WAV,Telephone Field,recover-20221013,001,1795
488.7575,488.7974,68437,82409,Rhinolophus ferrumequinum,0.022,0.022,-1,Echolocation,/mnt/ubna_data_02_mir/recover-20221013/UBNA_001/20221012_030000.WAV,Telephone Field,recover-20221013,001,1795
488.7615,488.7739,44375,48012,Pipistrellus pipistrellus,0.056,0.064,-1,Echolocation,/mnt/ubna_data_02_mir/recover-20221013/UBNA_001/20221012_030000.WAV,Telephone Field,recover-20221013,001,1795
488.7675,488.8073,68437,82636,Rhinolophus ferrumequinum,0.021,0.021,-1,Echolocation,/mnt/ubna_data_02_mir/recover-20221013/UBNA_001/20221012_030000.WAV,Telephone Field,recover-20221013,001,1795
488.8215,488.8619,68437,82978,Rhinolophus ferrumequinum,0.021,0.021,-1,Echolocation,/mnt/ubna_data_02_mir/recover-20221013/UBNA_001/20221012_030000.WAV,Telephone Field,recover-20221013,001,1795
488.8345,488.8768,68437,82617,Rhinolophus ferrumequinum,0.021,0.021,-1,Echolocation,/mnt/ubna_data_02_mir/recover-20221013/UBNA_001/20221012_030000.WAV,Telephone Field,recover-20221013,001,1795
488.8955,488.9047,28046,37531,Eptesicus serotinus,0.01,0.025,-1,Echolocation,/mnt/ubna_data_02_mir/recover-20221013/UBNA_001/20221012_030000.WAV,Telephone Field,recover-20221013,001,1795
488.9165,488.9556,68437,82373,Rhinolophus ferrumequinum,0.021,0.021,-1,Echolocation,/mnt/ubna_data_02_mir/recover-20221013/UBNA_001/20221012_030000.WAV,Telephone Field,recover-20221013,001,1795
488.9405,488.9515,22890,27811,Nyctalus leisleri,0.011,0.022,-1,Echolocation,/mnt/ubna_data_02_mir/recover-20221013/UBNA_001/20221012_030000.WAV,Telephone Field,recover-20221013,001,1795
488.9615,489.0045,68437,83109,Rhinolophus ferrumequinum,0.022,0.022,-1,Echolocation,/mnt/ubna_data_02_mir/recover-20221013/UBNA_001/20221012_030000.WAV,Telephone Field,recover-20221013,001,1795
488.9805,489.0197,68437,82904,Rhinolophus ferrumequinum,0.021,0.021,-1,Echolocation,/mnt/ubna_data_02_mir/recover-20221013/UBNA_001/20221012_030000.WAV,Telephone Field,recover-20221013,001,1795
489.0045,489.0144,28046,36855,Eptesicus serotinus,0.01,0.023,-1,Echolocation,/mnt/ubna_data_02_mir/recover-20221013/UBNA_001/20221012_030000.WAV,Telephone Field,recover-20221013,001,1795
489.04449999999997,489.0831,68437,82032,Rhinolophus ferrumequinum,0.022,0.022,-1,Echolocation,/mnt/ubna_data_02_mir/recover-20221013/UBNA_001/20221012_030000.WAV,Telephone Field,recover-20221013,001,1795
489.0595,489.1,68437,82675,Rhinolophus ferrumequinum,0.025,0.025,-1,Echolocation,/mnt/ubna_data_02_mir/recover-20221013/UBNA_001/20221012_030000.WAV,Telephone Field,recover-20221013,001,1795
489.0645,489.0731,22890,30186,Plecotus austriacus,0.007,0.022,-1,Echolocation,/mnt/ubna_data_02_mir/recover-20221013/UBNA_001/20221012_030000.WAV,Telephone Field,recover-20221013,001,1795
489.0705,489.1095,68437,82737,Rhinolophus ferrumequinum,0.021,0.021,-1,Echolocation,/mnt/ubna_data_02_mir/recover-20221013/UBNA_001/20221012_030000.WAV,Telephone Field,recover-20221013,001,1795
489.0735,489.0841,23750,30092,Nyctalus leisleri,0.011,0.029,-1,Echolocation,/mnt/ubna_data_02_mir/recover-20221013/UBNA_001/20221012_030000.WAV,Telephone Field,recover-20221013,001,1795
489.0965,489.1033,48671,58218,Pipistrellus pipistrellus,0.021,0.024,-1,Echolocation,/mnt/ubna_data_02_mir/recover-20221013/UBNA_001/20221012_030000.WAV,Telephone Field,recover-20221013,001,1795
489.1025,489.1135,22031,27208,Nyctalus leisleri,0.011,0.022,-1,Echolocation,/mnt/ubna_data_02_mir/recover-20221013/UBNA_001/20221012_030000.WAV,Telephone Field,recover-20221013,001,1795
489.1035,489.1121,27187,36412,Eptesicus serotinus,0.009,0.022,-1,Echolocation,/mnt/ubna_data_02_mir/recover-20221013/UBNA_001/20221012_030000.WAV,Telephone Field,recover-20221013,001,1795
489.1215,489.1623,68437,82384,Rhinolophus ferrumequinum,0.026,0.026,-1,Echolocation,/mnt/ubna_data_02_mir/recover-20221013/UBNA_001/20221012_030000.WAV,Telephone Field,recover-20221013,001,1795
489.1445,489.1825,68437,81649,Rhinolophus ferrumequinum,0.021,0.021,-1,Echolocation,/mnt/ubna_data_02_mir/recover-20221013/UBNA_001/20221012_030000.WAV,Telephone Field,recover-20221013,001,1795
489.1615,489.2013,68437,82365,Rhinolophus ferrumequinum,0.021,0.021,-1,Echolocation,/mnt/ubna_data_02_mir/recover-20221013/UBNA_001/20221012_030000.WAV,Telephone Field,recover-20221013,001,1795
489.1685,489.2103,68437,82507,Rhinolophus ferrumequinum,0.022,0.022,-1,Echolocation,/mnt/ubna_data_02_mir/recover-20221013/UBNA_001/20221012_030000.WAV,Telephone Field,recover-20221013,001,1795
489.2115,489.2335,20312,23617,Nyctalus noctula,0.024,0.052,-1,Echolocation,/mnt/ubna_data_02_mir/recover-20221013/UBNA_001/20221012_030000.WAV,Telephone Field,recover-20221013,001,1795
489.2635,489.2719,28906,38737,Eptesicus serotinus,0.008,0.024,-1,Echolocation,/mnt/ubna_data_02_mir/recover-20221013/UBNA_001/20221012_030000.WAV,Telephone Field,recover-20221013,001,1795
489.2715,489.314,68437,82867,Rhinolophus ferrumequinum,0.026,0.026,-1,Echolocation,/mnt/ubna_data_02_mir/recover-20221013/UBNA_001/20221012_030000.WAV,Telephone Field,recover-20221013,001,1795
489.2895,489.2999,24609,30738,Nyctalus leisleri,0.009,0.023,-1,Echolocation,/mnt/ubna_data_02_mir/recover-20221013/UBNA_001/20221012_030000.WAV,Telephone Field,recover-20221013,001,1795
489.3075,489.34929999999997,68437,82733,Rhinolophus ferrumequinum,0.025,0.025,-1,Echolocation,/mnt/ubna_data_02_mir/recover-20221013/UBNA_001/20221012_030000.WAV,Telephone Field,recover-20221013,001,1795
489.3335,489.3436,27187,34083,Eptesicus serotinus,0.01,0.025,-1,Echolocation,/mnt/ubna_data_02_mir/recover-20221013/UBNA_001/20221012_030000.WAV,Telephone Field,recover-20221013,001,1795
489.3385,489.3787,68437,82139,Rhinolophus ferrumequinum,0.025,0.025,-1,Echolocation,/mnt/ubna_data_02_mir/recover-20221013/UBNA_001/20221012_030000.WAV,Telephone Field,recover-20221013,001,1795
489.3555,489.3953,68437,82595,Rhinolophus ferrumequinum,0.026,0.026,-1,Echolocation,/mnt/ubna_data_02_mir/recover-20221013/UBNA_001/20221012_030000.WAV,Telephone Field,recover-20221013,001,1795
489.3815,489.4205,68437,82359,Rhinolophus ferrumequinum,0.027,0.027,-1,Echolocation,/mnt/ubna_data_02_mir/recover-20221013/UBNA_001/20221012_030000.WAV,Telephone Field,recover-20221013,001,1795
489.3865,489.3995,26328,32663,Eptesicus serotinus,0.013,0.028,-1,Echolocation,/mnt/ubna_data_02_mir/recover-20221013/UBNA_001/20221012_030000.WAV,Telephone Field,recover-20221013,001,1795
489.3955,489.4051,27187,35594,Eptesicus serotinus,0.009,0.022,-1,Echolocation,/mnt/ubna_data_02_mir/recover-20221013/UBNA_001/20221012_030000.WAV,Telephone Field,recover-20221013,001,1795
489.4105,489.4193,28046,38673,Eptesicus serotinus,0.008,0.021,-1,Echolocation,/mnt/ubna_data_02_mir/recover-20221013/UBNA_001/20221012_030000.WAV,Telephone Field,recover-20221013,001,1795
489.4285,489.4672,68437,82326,Rhinolophus ferrumequinum,0.021,0.021,-1,Echolocation,/mnt/ubna_data_02_mir/recover-20221013/UBNA_001/20221012_030000.WAV,Telephone Field,recover-20221013,001,1795
489.4335,489.4483,28906,34085,Eptesicus serotinus,0.029,0.059,-1,Echolocation,/mnt/ubna_data_02_mir/recover-20221013/UBNA_001/20221012_030000.WAV,Telephone Field,recover-20221013,001,1795
489.4565,489.4955,68437,82367,Rhinolophus ferrumequinum,0.021,0.021,-1,Echolocation,/mnt/ubna_data_02_mir/recover-20221013/UBNA_001/20221012_030000.WAV,Telephone Field,recover-20221013,001,1795
489.4715,489.4782,27187,36749,Eptesicus serotinus,0.01,0.033,-1,Echolocation,/mnt/ubna_data_02_mir/recover-20221013/UBNA_001/20221012_030000.WAV,Telephone Field,recover-20221013,001,1795
489.4925,489.5083,21171,24886,Nyctalus leisleri,0.022,0.039,-1,Echolocation,/mnt/ubna_data_02_mir/recover-20221013/UBNA_001/20221012_030000.WAV,Telephone Field,recover-20221013,001,1795
489.5125,489.556,68437,82938,Rhinolophus ferrumequinum,0.041,0.041,-1,Echolocation,/mnt/ubna_data_02_mir/recover-20221013/UBNA_001/20221012_030000.WAV,Telephone Field,recover-20221013,001,1795
489.5235,489.5311,28046,41117,Eptesicus serotinus,0.008,0.026,-1,Echolocation,/mnt/ubna_data_02_mir/recover-20221013/UBNA_001/20221012_030000.WAV,Telephone Field,recover-20221013,001,1795
489.5485,489.5856,68437,82459,Rhinolophus ferrumequinum,0.021,0.021,-1,Echolocation,/mnt/ubna_data_02_mir/recover-20221013/UBNA_001/20221012_030000.WAV,Telephone Field,recover-20221013,001,1795
489.6085,489.6493,68437,82217,Rhinolophus ferrumequinum,0.026,0.026,-1,Echolocation,/mnt/ubna_data_02_mir/recover-20221013/UBNA_001/20221012_030000.WAV,Telephone Field,recover-20221013,001,1795
489.6305,489.667,68437,81837,Rhinolophus ferrumequinum,0.022,0.022,-1,Echolocation,/mnt/ubna_data_02_mir/recover-20221013/UBNA_001/20221012_030000.WAV,Telephone Field,recover-20221013,001,1795
489.6655,489.7044,68437,81801,Rhinolophus ferrumequinum,0.025,0.025,-1,Echolocation,/mnt/ubna_data_02_mir/recover-20221013/UBNA_001/20221012_030000.WAV,Telephone Field,recover-20221013,001,1795
489.7125,489.7549,68437,82640,Rhinolophus ferrumequinum,0.026,0.026,-1,Echolocation,/mnt/ubna_data_02_mir/recover-20221013/UBNA_001/20221012_030000.WAV,Telephone Field,recover-20221013,001,1795
489.7375,489.7464,28046,36448,Eptesicus serotinus,0.008,0.023,-1,Echolocation,/mnt/ubna_data_02_mir/recover-20221013/UBNA_001/20221012_030000.WAV,Telephone Field,recover-20221013,001,1795
489.7425,489.7841,68437,83026,Rhinolophus ferrumequinum,0.024,0.024,-1,Echolocation,/mnt/ubna_data_02_mir/recover-20221013/UBNA_001/20221012_030000.WAV,Telephone Field,recover-20221013,001,1795
489.7495,489.789,68437,82087,Rhinolophus ferrumequinum,0.025,0.025,-1,Echolocation,/mnt/ubna_data_02_mir/recover-20221013/UBNA_001/20221012_030000.WAV,Telephone Field,recover-20221013,001,1795
489.7725,489.784,27187,34605,Eptesicus serotinus,0.026,0.043,-1,Echolocation,/mnt/ubna_data_02_mir/recover-20221013/UBNA_001/20221012_030000.WAV,Telephone Field,recover-20221013,001,1795
489.8085,489.8539,68437,83242,Rhinolophus ferrumequinum,0.04,0.04,-1,Echolocation,/mnt/ubna_data_02_mir/recover-20221013/UBNA_001/20221012_030000.WAV,Telephone Field,recover-20221013,001,1795
489.8125,489.8225,28046,36350,Eptesicus serotinus,0.009,0.023,-1,Echolocation,/mnt/ubna_data_02_mir/recover-20221013/UBNA_001/20221012_030000.WAV,Telephone Field,recover-20221013,001,1795
489.8275,489.8651,68437,82011,Rhinolophus ferrumequinum,0.022,0.022,-1,Echolocation,/mnt/ubna_data_02_mir/recover-20221013/UBNA_001/20221012_030000.WAV,Telephone Field,recover-20221013,001,1795
489.8545,489.8627,26328,35258,Eptesicus serotinus,0.009,0.024,-1,Echolocation,/mnt/ubna_data_02_mir/recover-20221013/UBNA_001/20221012_030000.WAV,Telephone Field,recover-20221013,001,1795
489.8965,489.9033,28046,42104,Eptesicus serotinus,0.006,0.024,-1,Echolocation,/mnt/ubna_data_02_mir/recover-20221013/UBNA_001/20221012_030000.WAV,Telephone Field,recover-20221013,001,1795
489.9445,489.9858,68437,82529,Rhinolophus ferrumequinum,0.025,0.025,-1,Echolocation,/mnt/ubna_data_02_mir/recover-20221013/UBNA_001/20221012_030000.WAV,Telephone Field,recover-20221013,001,1795
489.9495,489.9607,22031,26511,Nyctalus leisleri,0.01,0.022,-1,Echolocation,/mnt/ubna_data_02_mir/recover-20221013/UBNA_001/20221012_030000.WAV,Telephone Field,recover-20221013,001,1795
489.9875,489.9975,26328,35857,Eptesicus serotinus,0.011,0.026,-1,Echolocation,/mnt/ubna_data_02_mir/recover-20221013/UBNA_001/20221012_030000.WAV,Telephone Field,recover-20221013,001,1795
490.0015,490.0373,68437,79964,Rhinolophus ferrumequinum,0.062,0.062,-1,Echolocation,/mnt/ubna_data_02_mir/recover-20221013/UBNA_001/20221012_030000.WAV,Telephone Field,recover-20221013,001,1795
490.0015,490.0092,25468,38224,Eptesicus serotinus,0.004,0.022,-1,Echolocation,/mnt/ubna_data_02_mir/recover-20221013/UBNA_001/20221012_030000.WAV,Telephone Field,recover-20221013,001,1795
490.0135,490.0224,25468,33637,Eptesicus serotinus,0.01,0.024,-1,Echolocation,/mnt/ubna_data_02_mir/recover-20221013/UBNA_001/20221012_030000.WAV,Telephone Field,recover-20221013,001,1795
490.0455,490.084,68437,81701,Rhinolophus ferrumequinum,0.022,0.022,-1,Echolocation,/mnt/ubna_data_02_mir/recover-20221013/UBNA_001/20221012_030000.WAV,Telephone Field,recover-20221013,001,1795
490.0885,490.0986,28906,36645,Eptesicus serotinus,0.01,0.022,-1,Echolocation,/mnt/ubna_data_02_mir/recover-20221013/UBNA_001/20221012_030000.WAV,Telephone Field,recover-20221013,001,1795
490.0945,490.1039,28046,38549,Eptesicus serotinus,0.008,0.021,-1,Echolocation,/mnt/ubna_data_02_mir/recover-20221013/UBNA_001/20221012_030000.WAV,Telephone Field,recover-20221013,001,1795
490.1065,490.1457,68437,82022,Rhinolophus ferrumequinum,0.02,0.02,-1,Echolocation,/mnt/ubna_data_02_mir/recover-20221013/UBNA_001/20221012_030000.WAV,Telephone Field,recover-20221013,001,1795
490.1195,490.1292,30625,38231,Eptesicus serotinus,0.007,0.02,-1,Echolocation,/mnt/ubna_data_02_mir/recover-20221013/UBNA_001/20221012_030000.WAV,Telephone Field,recover-20221013,001,1795
490.1745,490.2138,68437,81638,Rhinolophus ferrumequinum,0.022,0.022,-1,Echolocation,/mnt/ubna_data_02_mir/recover-20221013/UBNA_001/20221012_030000.WAV,Telephone Field,recover-20221013,001,1795
490.1775,490.1922,23750,28353,Eptesicus serotinus,0.072,0.185,-1,Echolocation,/mnt/ubna_data_02_mir/recover-20221013/UBNA_001/20221012_030000.WAV,Telephone Field,recover-20221013,001,1795
490.2105,490.2512,68437,82424,Rhinolophus ferrumequinum,0.022,0.022,-1,Echolocation,/mnt/ubna_data_02_mir/recover-20221013/UBNA_001/20221012_030000.WAV,Telephone Field,recover-20221013,001,1795
490.2265,490.2618,68437,81686,Rhinolophus ferrumequinum,0.023,0.023,-1,Echolocation,/mnt/ubna_data_02_mir/recover-20221013/UBNA_001/20221012_030000.WAV,Telephone Field,recover-20221013,001,1795
490.2595,490.2979,68437,82127,Rhinolophus ferrumequinum,0.028,0.028,-1,Echolocation,/mnt/ubna_data_02_mir/recover-20221013/UBNA_001/20221012_030000.WAV,Telephone Field,recover-20221013,001,1795
490.3085,490.3183,28046,35967,Eptesicus serotinus,0.008,0.019,-1,Echolocation,/mnt/ubna_data_02_mir/recover-20221013/UBNA_001/20221012_030000.WAV,Telephone Field,recover-20221013,001,1795
490.3435,490.3836,68437,82211,Rhinolophus ferrumequinum,0.021,0.021,-1,Echolocation,/mnt/ubna_data_02_mir/recover-20221013/UBNA_001/20221012_030000.WAV,Telephone Field,recover-20221013,001,1795
490.3535,490.3609,24609,32916,Plecotus austriacus,0.005,0.019,-1,Echolocation,/mnt/ubna_data_02_mir/recover-20221013/UBNA_001/20221012_030000.WAV,Telephone Field,recover-20221013,001,1795
490.3845,490.3955,27187,33753,Eptesicus serotinus,0.01,0.02,-1,Echolocation,/mnt/ubna_data_02_mir/recover-20221013/UBNA_001/20221012_030000.WAV,Telephone Field,recover-20221013,001,1795
490.3865,490.4252,68437,81724,Rhinolophus ferrumequinum,0.022,0.022,-1,Echolocation,/mnt/ubna_data_02_mir/recover-20221013/UBNA_001/20221012_030000.WAV,Telephone Field,recover-20221013,001,1795
490.4055,490.4149,25468,33793,Eptesicus serotinus,0.01,0.026,-1,Echolocation,/mnt/ubna_data_02_mir/recover-20221013/UBNA_001/20221012_030000.WAV,Telephone Field,recover-20221013,001,1795
490.4865,490.5256,68437,82265,Rhinolophus ferrumequinum,0.023,0.023,-1,Echolocation,/mnt/ubna_data_02_mir/recover-20221013/UBNA_001/20221012_030000.WAV,Telephone Field,recover-20221013,001,1795
490.5405,490.5555,22031,25789,Nyctalus leisleri,0.014,0.024,-1,Echolocation,/mnt/ubna_data_02_mir/recover-20221013/UBNA_001/20221012_030000.WAV,Telephone Field,recover-20221013,001,1795
490.5475,490.585,68437,81728,Rhinolophus ferrumequinum,0.022,0.022,-1,Echolocation,/mnt/ubna_data_02_mir/recover-20221013/UBNA_001/20221012_030000.WAV,Telephone Field,recover-20221013,001,1795
490.5575,490.5973,68437,82537,Rhinolophus ferrumequinum,0.022,0.022,-1,Echolocation,/mnt/ubna_data_02_mir/recover-20221013/UBNA_001/20221012_030000.WAV,Telephone Field,recover-20221013,001,1795
490.5785,490.5899,23750,29374,Nyctalus leisleri,0.011,0.025,-1,Echolocation,/mnt/ubna_data_02_mir/recover-20221013/UBNA_001/20221012_030000.WAV,Telephone Field,recover-20221013,001,1795
490.5975,490.6351,68437,81989,Rhinolophus ferrumequinum,0.021,0.021,-1,Echolocation,/mnt/ubna_data_02_mir/recover-20221013/UBNA_001/20221012_030000.WAV,Telephone Field,recover-20221013,001,1795
490.5995,490.6071,26328,36964,Eptesicus serotinus,0.007,0.02,-1,Echolocation,/mnt/ubna_data_02_mir/recover-20221013/UBNA_001/20221012_030000.WAV,Telephone Field,recover-20221013,001,1795
490.6075,490.6432,68437,81863,Rhinolophus ferrumequinum,0.02,0.02,-1,Echolocation,/mnt/ubna_data_02_mir/recover-20221013/UBNA_001/20221012_030000.WAV,Telephone Field,recover-20221013,001,1795
490.6185,490.6564,68437,81982,Rhinolophus ferrumequinum,0.021,0.021,-1,Echolocation,/mnt/ubna_data_02_mir/recover-20221013/UBNA_001/20221012_030000.WAV,Telephone Field,recover-20221013,001,1795
490.6575,490.6678,24609,31818,Nyctalus leisleri,0.01,0.031,-1,Echolocation,/mnt/ubna_data_02_mir/recover-20221013/UBNA_001/20221012_030000.WAV,Telephone Field,recover-20221013,001,1795
490.6615,490.7027,68437,82903,Rhinolophus ferrumequinum,0.021,0.021,-1,Echolocation,/mnt/ubna_data_02_mir/recover-20221013/UBNA_001/20221012_030000.WAV,Telephone Field,recover-20221013,001,1795
490.6995,490.7114,25468,31351,Eptesicus serotinus,0.009,0.022,-1,Echolocation,/mnt/ubna_data_02_mir/recover-20221013/UBNA_001/20221012_030000.WAV,Telephone Field,recover-20221013,001,1795
490.6995,490.7396,68437,83006,Rhinolophus ferrumequinum,0.024,0.024,-1,Echolocation,/mnt/ubna_data_02_mir/recover-20221013/UBNA_001/20221012_030000.WAV,Telephone Field,recover-20221013,001,1795
490.7235,490.7323,28046,37951,Eptesicus serotinus,0.008,0.02,-1,Echolocation,/mnt/ubna_data_02_mir/recover-20221013/UBNA_001/20221012_030000.WAV,Telephone Field,recover-20221013,001,1795
490.7235,490.7626,68437,82414,Rhinolophus ferrumequinum,0.023,0.023,-1,Echolocation,/mnt/ubna_data_02_mir/recover-20221013/UBNA_001/20221012_030000.WAV,Telephone Field,recover-20221013,001,1795
490.7505,490.7608,37500,43954,Pipistrellus nathusii,0.008,0.02,-1,Echolocation,/mnt/ubna_data_02_mir/recover-20221013/UBNA_001/20221012_030000.WAV,Telephone Field,recover-20221013,001,1795
490.7605,490.8032,68437,83000,Rhinolophus ferrumequinum,0.025,0.025,-1,Echolocation,/mnt/ubna_data_02_mir/recover-20221013/UBNA_001/20221012_030000.WAV,Telephone Field,recover-20221013,001,1795
490.7715,490.8116,68437,82602,Rhinolophus ferrumequinum,0.02,0.02,-1,Echolocation,/mnt/ubna_data_02_mir/recover-20221013/UBNA_001/20221012_030000.WAV,Telephone Field,recover-20221013,001,1795
490.7955,490.8359,68437,82121,Rhinolophus ferrumequinum,0.022,0.022,-1,Echolocation,/mnt/ubna_data_02_mir/recover-20221013/UBNA_001/20221012_030000.WAV,Telephone Field,recover-20221013,001,1795
490.7965,490.8074,28906,35838,Eptesicus serotinus,0.011,0.023,-1,Echolocation,/mnt/ubna_data_02_mir/recover-20221013/UBNA_001/20221012_030000.WAV,Telephone Field,recover-20221013,001,1795
490.8055,490.8443,68437,81658,Rhinolophus ferrumequinum,0.02,0.02,-1,Echolocation,/mnt/ubna_data_02_mir/recover-20221013/UBNA_001/20221012_030000.WAV,Telephone Field,recover-20221013,001,1795
490.8235,490.8322,28046,37907,Eptesicus serotinus,0.008,0.021,-1,Echolocation,/mnt/ubna_data_02_mir/recover-20221013/UBNA_001/20221012_030000.WAV,Telephone Field,recover-20221013,001,1795
490.8555,490.8926,68437,81914,Rhinolophus ferrumequinum,0.023,0.023,-1,Echolocation,/mnt/ubna_data_02_mir/recover-20221013/UBNA_001/20221012_030000.WAV,Telephone Field,recover-20221013,001,1795
490.8625,490.9012,68437,81809,Rhinolophus ferrumequinum,0.021,0.021,-1,Echolocation,/mnt/ubna_data_02_mir/recover-20221013/UBNA_001/20221012_030000.WAV,Telephone Field,recover-20221013,001,1795
490.8675,490.8756,26328,38540,Eptesicus serotinus,0.007,0.022,-1,Echolocation,/mnt/ubna_data_02_mir/recover-20221013/UBNA_001/20221012_030000.WAV,Telephone Field,recover-20221013,001,1795
490.9025,490.9129,45234,48981,Pipistrellus pipistrellus,0.033,0.035,-1,Echolocation,/mnt/ubna_data_02_mir/recover-20221013/UBNA_001/20221012_030000.WAV,Telephone Field,recover-20221013,001,1795
490.9145,490.9545,68437,82735,Rhinolophus ferrumequinum,0.024,0.024,-1,Echolocation,/mnt/ubna_data_02_mir/recover-20221013/UBNA_001/20221012_030000.WAV,Telephone Field,recover-20221013,001,1795
490.9375,490.9452,25468,34313,Eptesicus serotinus,0.006,0.022,-1,Echolocation,/mnt/ubna_data_02_mir/recover-20221013/UBNA_001/20221012_030000.WAV,Telephone Field,recover-20221013,001,1795
490.9485,490.9566,50390,54792,Pipistrellus pipistrellus,0.016,0.02,-1,Echolocation,/mnt/ubna_data_02_mir/recover-20221013/UBNA_001/20221012_030000.WAV,Telephone Field,recover-20221013,001,1795
490.9665,491.0055,68437,83199,Rhinolophus ferrumequinum,0.028,0.028,-1,Echolocation,/mnt/ubna_data_02_mir/recover-20221013/UBNA_001/20221012_030000.WAV,Telephone Field,recover-20221013,001,1795
490.9835,490.9936,14296,19137,Nyctalus noctula,0.011,0.025,-1,Echolocation,/mnt/ubna_data_02_mir/recover-20221013/UBNA_001/20221012_030000.WAV,Telephone Field,recover-20221013,001,1795
491.0355,491.0414,32343,44026,Myotis daubentonii,0.009,0.024,-1,Echolocation,/mnt/ubna_data_02_mir/recover-20221013/UBNA_001/20221012_030000.WAV,Telephone Field,recover-20221013,001,1795
491.0355,491.0413,28046,44197,Myotis daubentonii,0.005,0.026,-1,Echolocation,/mnt/ubna_data_02_mir/recover-20221013/UBNA_001/20221012_030000.WAV,Telephone Field,recover-20221013,001,1795
491.0365,491.0727,68437,81841,Rhinolophus ferrumequinum,0.02,0.02,-1,Echolocation,/mnt/ubna_data_02_mir/recover-20221013/UBNA_001/20221012_030000.WAV,Telephone Field,recover-20221013,001,1795
491.0565,491.064,24609,32832,Eptesicus serotinus,0.006,0.022,-1,Echolocation,/mnt/ubna_data_02_mir/recover-20221013/UBNA_001/20221012_030000.WAV,Telephone Field,recover-20221013,001,1795
491.0945,491.1032,26328,35409,Eptesicus serotinus,0.01,0.028,-1,Echolocation,/mnt/ubna_data_02_mir/recover-20221013/UBNA_001/20221012_030000.WAV,Telephone Field,recover-20221013,001,1795
491.1015,491.1413,68437,82215,Rhinolophus ferrumequinum,0.019,0.019,-1,Echolocation,/mnt/ubna_data_02_mir/recover-20221013/UBNA_001/20221012_030000.WAV,Telephone Field,recover-20221013,001,1795
491.1275,491.1376,23750,30712,Nyctalus leisleri,0.008,0.025,-1,Echolocation,/mnt/ubna_data_02_mir/recover-20221013/UBNA_001/20221012_030000.WAV,Telephone Field,recover-20221013,001,1795
491.1535,491.1912,68437,81946,Rhinolophus ferrumequinum,0.02,0.02,-1,Echolocation,/mnt/ubna_data_02_mir/recover-20221013/UBNA_001/20221012_030000.WAV,Telephone Field,recover-20221013,001,1795
491.1885,491.23,68437,82421,Rhinolophus ferrumequinum,0.019,0.019,-1,Echolocation,/mnt/ubna_data_02_mir/recover-20221013/UBNA_001/20221012_030000.WAV,Telephone Field,recover-20221013,001,1795
491.1895,491.1986,27187,36047,Eptesicus serotinus,0.008,0.021,-1,Echolocation,/mnt/ubna_data_02_mir/recover-20221013/UBNA_001/20221012_030000.WAV,Telephone Field,recover-20221013,001,1795
491.1975,491.2357,68437,82207,Rhinolophus ferrumequinum,0.021,0.021,-1,Echolocation,/mnt/ubna_data_02_mir/recover-20221013/UBNA_001/20221012_030000.WAV,Telephone Field,recover-20221013,001,1795
491.2255,491.2653,68437,82832,Rhinolophus ferrumequinum,0.028,0.028,-1,Echolocation,/mnt/ubna_data_02_mir/recover-20221013/UBNA_001/20221012_030000.WAV,Telephone Field,recover-20221013,001,1795
491.2725,491.3136,68437,82973,Rhinolophus ferrumequinum,0.026,0.026,-1,Echolocation,/mnt/ubna_data_02_mir/recover-20221013/UBNA_001/20221012_030000.WAV,Telephone Field,recover-20221013,001,1795
491.3355,491.3421,32343,44335,Myotis daubentonii,0.008,0.028,-1,Echolocation,/mnt/ubna_data_02_mir/recover-20221013/UBNA_001/20221012_030000.WAV,Telephone Field,recover-20221013,001,1795
491.3665,491.4052,68437,82666,Rhinolophus ferrumequinum,0.026,0.026,-1,Echolocation,/mnt/ubna_data_02_mir/recover-20221013/UBNA_001/20221012_030000.WAV,Telephone Field,recover-20221013,001,1795
491.3915,491.4282,68437,81331,Rhinolophus ferrumequinum,0.025,0.025,-1,Echolocation,/mnt/ubna_data_02_mir/recover-20221013/UBNA_001/20221012_030000.WAV,Telephone Field,recover-20221013,001,1795
491.4035,491.4124,29765,39083,Eptesicus serotinus,0.007,0.021,-1,Echolocation,/mnt/ubna_data_02_mir/recover-20221013/UBNA_001/20221012_030000.WAV,Telephone Field,recover-20221013,001,1795
491.4315,491.4708,68437,82622,Rhinolophus ferrumequinum,0.021,0.021,-1,Echolocation,/mnt/ubna_data_02_mir/recover-20221013/UBNA_001/20221012_030000.WAV,Telephone Field,recover-20221013,001,1795
491.4765,491.5134,68437,82327,Rhinolophus ferrumequinum,0.022,0.022,-1,Echolocation,/mnt/ubna_data_02_mir/recover-20221013/UBNA_001/20221012_030000.WAV,Telephone Field,recover-20221013,001,1795
491.4825,491.4917,23750,31298,Plecotus austriacus,0.006,0.021,-1,Echolocation,/mnt/ubna_data_02_mir/recover-20221013/UBNA_001/20221012_030000.WAV,Telephone Field,recover-20221013,001,1795
491.5195,491.5573,68437,82265,Rhinolophus ferrumequinum,0.025,0.025,-1,Echolocation,/mnt/ubna_data_02_mir/recover-20221013/UBNA_001/20221012_030000.WAV,Telephone Field,recover-20221013,001,1795
491.5495,491.5873,68437,82637,Rhinolophus ferrumequinum,0.02,0.02,-1,Echolocation,/mnt/ubna_data_02_mir/recover-20221013/UBNA_001/20221012_030000.WAV,Telephone Field,recover-20221013,001,1795
491.5565,491.5976,68437,82190,Rhinolophus ferrumequinum,0.02,0.02,-1,Echolocation,/mnt/ubna_data_02_mir/recover-20221013/UBNA_001/20221012_030000.WAV,Telephone Field,recover-20221013,001,1795
491.5785,491.6192,68437,82230,Rhinolophus ferrumequinum,0.024,0.024,-1,Echolocation,/mnt/ubna_data_02_mir/recover-20221013/UBNA_001/20221012_030000.WAV,Telephone Field,recover-20221013,001,1795
491.5845,491.5917,28906,42803,Eptesicus serotinus,0.008,0.023,-1,Echolocation,/mnt/ubna_data_02_mir/recover-20221013/UBNA_001/20221012_030000.WAV,Telephone Field,recover-20221013,001,1795
491.5855,491.6268,68437,82606,Rhinolophus ferrumequinum,0.025,0.025,-1,Echolocation,/mnt/ubna_data_02_mir/recover-20221013/UBNA_001/20221012_030000.WAV,Telephone Field,recover-20221013,001,1795
491.6185,491.6275,29765,37516,Eptesicus serotinus,0.019,0.037,-1,Echolocation,/mnt/ubna_data_02_mir/recover-20221013/UBNA_001/20221012_030000.WAV,Telephone Field,recover-20221013,001,1795
491.6295,491.6683,68437,82818,Rhinolophus ferrumequinum,0.024,0.024,-1,Echolocation,/mnt/ubna_data_02_mir/recover-20221013/UBNA_001/20221012_030000.WAV,Telephone Field,recover-20221013,001,1795
491.6505,491.6878,68437,81203,Rhinolophus ferrumequinum,0.02,0.02,-1,Echolocation,/mnt/ubna_data_02_mir/recover-20221013/UBNA_001/20221012_030000.WAV,Telephone Field,recover-20221013,001,1795
491.6625,491.7014,68437,82340,Rhinolophus ferrumequinum,0.023,0.023,-1,Echolocation,/mnt/ubna_data_02_mir/recover-20221013/UBNA_001/20221012_030000.WAV,Telephone Field,recover-20221013,001,1795
491.6915,491.7291,68437,82394,Rhinolophus ferrumequinum,0.019,0.019,-1,Echolocation,/mnt/ubna_data_02_mir/recover-20221013/UBNA_001/20221012_030000.WAV,Telephone Field,recover-20221013,001,1795
491.7035,491.7121,28046,37916,Eptesicus serotinus,0.007,0.02,-1,Echolocation,/mnt/ubna_data_02_mir/recover-20221013/UBNA_001/20221012_030000.WAV,Telephone Field,recover-20221013,001,1795
491.7215,491.7581,68437,81383,Rhinolophus ferrumequinum,0.02,0.02,-1,Echolocation,/mnt/ubna_data_02_mir/recover-20221013/UBNA_001/20221012_030000.WAV,Telephone Field,recover-20221013,001,1795
491.7275,491.7675,68437,81975,Rhinolophus ferrumequinum,0.02,0.02,-1,Echolocation,/mnt/ubna_data_02_mir/recover-20221013/UBNA_001/20221012_030000.WAV,Telephone Field,recover-20221013,001,1795
491.7345,491.7738,68437,82384,Rhinolophus ferrumequinum,0.02,0.02,-1,Echolocation,/mnt/ubna_data_02_mir/recover-20221013/UBNA_001/20221012_030000.WAV,Telephone Field,recover-20221013,001,1795
491.7355,491.7451,28906,36675,Eptesicus serotinus,0.008,0.021,-1,Echolocation,/mnt/ubna_data_02_mir/recover-20221013/UBNA_001/20221012_030000.WAV,Telephone Field,recover-20221013,001,1795
491.7485,491.7595,24609,30547,Eptesicus serotinus,0.009,0.024,-1,Echolocation,/mnt/ubna_data_02_mir/recover-20221013/UBNA_001/20221012_030000.WAV,Telephone Field,recover-20221013,001,1795
491.7625,491.8019,68437,82478,Rhinolophus ferrumequinum,0.02,0.02,-1,Echolocation,/mnt/ubna_data_02_mir/recover-20221013/UBNA_001/20221012_030000.WAV,Telephone Field,recover-20221013,001,1795
491.7975,491.8054,24609,32407,Eptesicus serotinus,0.007,0.025,-1,Echolocation,/mnt/ubna_data_02_mir/recover-20221013/UBNA_001/20221012_030000.WAV,Telephone Field,recover-20221013,001,1795
491.8905,491.9314,68437,82170,Rhinolophus ferrumequinum,0.023,0.023,-1,Echolocation,/mnt/ubna_data_02_mir/recover-20221013/UBNA_001/20221012_030000.WAV,Telephone Field,recover-20221013,001,1795
491.9025,491.9111,26328,36523,Eptesicus serotinus,0.008,0.021,-1,Echolocation,/mnt/ubna_data_02_mir/recover-20221013/UBNA_001/20221012_030000.WAV,Telephone Field,recover-20221013,001,1795
491.9275,491.9636,68437,81290,Rhinolophus ferrumequinum,0.02,0.02,-1,Echolocation,/mnt/ubna_data_02_mir/recover-20221013/UBNA_001/20221012_030000.WAV,Telephone Field,recover-20221013,001,1795
491.9405,491.9494,24609,31826,Eptesicus serotinus,0.007,0.02,-1,Echolocation,/mnt/ubna_data_02_mir/recover-20221013/UBNA_001/20221012_030000.WAV,Telephone Field,recover-20221013,001,1795
491.9405,491.97860000000003,68437,81820,Rhinolophus ferrumequinum,0.024,0.024,-1,Echolocation,/mnt/ubna_data_02_mir/recover-20221013/UBNA_001/20221012_030000.WAV,Telephone Field,recover-20221013,001,1795
491.9515,491.9587,23750,31655,Plecotus austriacus,0.007,0.019,-1,Echolocation,/mnt/ubna_data_02_mir/recover-20221013/UBNA_001/20221012_030000.WAV,Telephone Field,recover-20221013,001,1795
492.0015,492.0335,69296,81590,Rhinolophus ferrumequinum,0.047,0.047,-1,Echolocation,/mnt/ubna_data_02_mir/recover-20221013/UBNA_001/20221012_030000.WAV,Telephone Field,recover-20221013,001,1795
492.0015,492.0095,48671,55208,Pipistrellus pipistrellus,0.015,0.022,-1,Echolocation,/mnt/ubna_data_02_mir/recover-20221013/UBNA_001/20221012_030000.WAV,Telephone Field,recover-20221013,001,1795
492.0015,492.01,26328,34351,Nyctalus leisleri,0.007,0.023,-1,Echolocation,/mnt/ubna_data_02_mir/recover-20221013/UBNA_001/20221012_030000.WAV,Telephone Field,recover-20221013,001,1795
492.0015,492.0099,22031,27385,Nyctalus leisleri,0.01,0.024,-1,Echolocation,/mnt/ubna_data_02_mir/recover-20221013/UBNA_001/20221012_030000.WAV,Telephone Field,recover-20221013,001,1795
492.0085,492.0506,68437,81361,Rhinolophus ferrumequinum,0.026,0.026,-1,Echolocation,/mnt/ubna_data_02_mir/recover-20221013/UBNA_001/20221012_030000.WAV,Telephone Field,recover-20221013,001,1795
492.0425,492.0847,68437,83284,Rhinolophus ferrumequinum,0.028,0.028,-1,Echolocation,/mnt/ubna_data_02_mir/recover-20221013/UBNA_001/20221012_030000.WAV,Telephone Field,recover-20221013,001,1795
492.0925,492.1317,68437,82297,Rhinolophus ferrumequinum,0.022,0.022,-1,Echolocation,/mnt/ubna_data_02_mir/recover-20221013/UBNA_001/20221012_030000.WAV,Telephone Field,recover-20221013,001,1795
492.1175,492.1277,27187,34684,Eptesicus serotinus,0.01,0.023,-1,Echolocation,/mnt/ubna_data_02_mir/recover-20221013/UBNA_001/20221012_030000.WAV,Telephone Field,recover-20221013,001,1795
492.1185,492.1592,68437,83262,Rhinolophus ferrumequinum,0.028,0.028,-1,Echolocation,/mnt/ubna_data_02_mir/recover-20221013/UBNA_001/20221012_030000.WAV,Telephone Field,recover-20221013,001,1795
492.1325,492.1768,68437,83694,Rhinolophus ferrumequinum,0.032,0.032,-1,Echolocation,/mnt/ubna_data_02_mir/recover-20221013/UBNA_001/20221012_030000.WAV,Telephone Field,recover-20221013,001,1795
492.2015,492.2393,68437,81962,Rhinolophus ferrumequinum,0.029,0.029,-1,Echolocation,/mnt/ubna_data_02_mir/recover-20221013/UBNA_001/20221012_030000.WAV,Telephone Field,recover-20221013,001,1795
492.2485,492.2878,68437,82295,Rhinolophus ferrumequinum,0.023,0.023,-1,Echolocation,/mnt/ubna_data_02_mir/recover-20221013/UBNA_001/20221012_030000.WAV,Telephone Field,recover-20221013,001,1795
492.2685,492.307,68437,81418,Rhinolophus ferrumequinum,0.026,0.026,-1,Echolocation,/mnt/ubna_data_02_mir/recover-20221013/UBNA_001/20221012_030000.WAV,Telephone Field,recover-20221013,001,1795
492.2975,492.3375,68437,82862,Rhinolophus ferrumequinum,0.022,0.022,-1,Echolocation,/mnt/ubna_data_02_mir/recover-20221013/UBNA_001/20221012_030000.WAV,Telephone Field,recover-20221013,001,1795
492.3055,492.3439,68437,82294,Rhinolophus ferrumequinum,0.024,0.024,-1,Echolocation,/mnt/ubna_data_02_mir/recover-20221013/UBNA_001/20221012_030000.WAV,Telephone Field,recover-20221013,001,1795
492.3065,492.3149,26328,35882,Eptesicus serotinus,0.007,0.021,-1,Echolocation,/mnt/ubna_data_02_mir/recover-20221013/UBNA_001/20221012_030000.WAV,Telephone Field,recover-20221013,001,1795
492.3295,492.3679,68437,81850,Rhinolophus ferrumequinum,0.021,0.021,-1,Echolocation,/mnt/ubna_data_02_mir/recover-20221013/UBNA_001/20221012_030000.WAV,Telephone Field,recover-20221013,001,1795
492.3455,492.3558,22890,28098,Nyctalus leisleri,0.01,0.021,-1,Echolocation,/mnt/ubna_data_02_mir/recover-20221013/UBNA_001/20221012_030000.WAV,Telephone Field,recover-20221013,001,1795
492.3565,492.3972,68437,83001,Rhinolophus ferrumequinum,0.025,0.025,-1,Echolocation,/mnt/ubna_data_02_mir/recover-20221013/UBNA_001/20221012_030000.WAV,Telephone Field,recover-20221013,001,1795
492.3665,492.408,68437,83112,Rhinolophus ferrumequinum,0.025,0.025,-1,Echolocation,/mnt/ubna_data_02_mir/recover-20221013/UBNA_001/20221012_030000.WAV,Telephone Field,recover-20221013,001,1795
492.3775,492.4191,68437,82711,Rhinolophus ferrumequinum,0.022,0.022,-1,Echolocation,/mnt/ubna_data_02_mir/recover-20221013/UBNA_001/20221012_030000.WAV,Telephone Field,recover-20221013,001,1795
492.3805,492.3908,25468,32009,Eptesicus serotinus,0.009,0.026,-1,Echolocation,/mnt/ubna_data_02_mir/recover-20221013/UBNA_001/20221012_030000.WAV,Telephone Field,recover-20221013,001,1795
492.4035,492.4107,28046,40806,Eptesicus serotinus,0.01,0.027,-1,Echolocation,/mnt/ubna_data_02_mir/recover-20221013/UBNA_001/20221012_030000.WAV,Telephone Field,recover-20221013,001,1795
492.41949999999997,492.4598,68437,82218,Rhinolophus ferrumequinum,0.023,0.023,-1,Echolocation,/mnt/ubna_data_02_mir/recover-20221013/UBNA_001/20221012_030000.WAV,Telephone Field,recover-20221013,001,1795
492.4405,492.48,68437,82152,Rhinolophus ferrumequinum,0.021,0.021,-1,Echolocation,/mnt/ubna_data_02_mir/recover-20221013/UBNA_001/20221012_030000.WAV,Telephone Field,recover-20221013,001,1795
492.4525,492.488,68437,81316,Rhinolophus ferrumequinum,0.023,0.023,-1,Echolocation,/mnt/ubna_data_02_mir/recover-20221013/UBNA_001/20221012_030000.WAV,Telephone Field,recover-20221013,001,1795
492.4545,492.4631,28046,38727,Eptesicus serotinus,0.008,0.021,-1,Echolocation,/mnt/ubna_data_02_mir/recover-20221013/UBNA_001/20221012_030000.WAV,Telephone Field,recover-20221013,001,1795
492.4835,492.5258,68437,82279,Rhinolophus ferrumequinum,0.031,0.031,-1,Echolocation,/mnt/ubna_data_02_mir/recover-20221013/UBNA_001/20221012_030000.WAV,Telephone Field,recover-20221013,001,1795
492.5235,492.5319,28046,40134,Eptesicus serotinus,0.009,0.022,-1,Echolocation,/mnt/ubna_data_02_mir/recover-20221013/UBNA_001/20221012_030000.WAV,Telephone Field,recover-20221013,001,1795
492.5265,492.5675,68437,83197,Rhinolophus ferrumequinum,0.026,0.026,-1,Echolocation,/mnt/ubna_data_02_mir/recover-20221013/UBNA_001/20221012_030000.WAV,Telephone Field,recover-20221013,001,1795
492.5305,492.54,28046,38233,Eptesicus serotinus,0.009,0.021,-1,Echolocation,/mnt/ubna_data_02_mir/recover-20221013/UBNA_001/20221012_030000.WAV,Telephone Field,recover-20221013,001,1795
492.6115,492.6231,46093,50672,Pipistrellus pipistrellus,0.031,0.036,-1,Echolocation,/mnt/ubna_data_02_mir/recover-20221013/UBNA_001/20221012_030000.WAV,Telephone Field,recover-20221013,001,1795
492.6305,492.668,68437,82798,Rhinolophus ferrumequinum,0.027,0.027,-1,Echolocation,/mnt/ubna_data_02_mir/recover-20221013/UBNA_001/20221012_030000.WAV,Telephone Field,recover-20221013,001,1795
492.6505,492.66179999999997,24609,30891,Eptesicus serotinus,0.011,0.029,-1,Echolocation,/mnt/ubna_data_02_mir/recover-20221013/UBNA_001/20221012_030000.WAV,Telephone Field,recover-20221013,001,1795
492.6545,492.693,68437,81676,Rhinolophus ferrumequinum,0.021,0.021,-1,Echolocation,/mnt/ubna_data_02_mir/recover-20221013/UBNA_001/20221012_030000.WAV,Telephone Field,recover-20221013,001,1795
492.6875,492.7291,68437,82983,Rhinolophus ferrumequinum,0.025,0.025,-1,Echolocation,/mnt/ubna_data_02_mir/recover-20221013/UBNA_001/20221012_030000.WAV,Telephone Field,recover-20221013,001,1795
492.7045,492.7144,28046,36019,Eptesicus serotinus,0.012,0.023,-1,Echolocation,/mnt/ubna_data_02_mir/recover-20221013/UBNA_001/20221012_030000.WAV,Telephone Field,recover-20221013,001,1795
492.7475,492.784,68437,81774,Rhinolophus ferrumequinum,0.021,0.021,-1,Echolocation,/mnt/ubna_data_02_mir/recover-20221013/UBNA_001/20221012_030000.WAV,Telephone Field,recover-20221013,001,1795
492.8095,492.849,68437,82141,Rhinolophus ferrumequinum,0.023,0.023,-1,Echolocation,/mnt/ubna_data_02_mir/recover-20221013/UBNA_001/20221012_030000.WAV,Telephone Field,recover-20221013,001,1795
492.8435,492.8826,68437,82004,Rhinolophus ferrumequinum,0.034,0.034,-1,Echolocation,/mnt/ubna_data_02_mir/recover-20221013/UBNA_001/20221012_030000.WAV,Telephone Field,recover-20221013,001,1795
492.8445,492.8525,28046,39038,Eptesicus serotinus,0.007,0.021,-1,Echolocation,/mnt/ubna_data_02_mir/recover-20221013/UBNA_001/20221012_030000.WAV,Telephone Field,recover-20221013,001,1795
492.8645,492.8762,22031,26085,Nyctalus leisleri,0.011,0.021,-1,Echolocation,/mnt/ubna_data_02_mir/recover-20221013/UBNA_001/20221012_030000.WAV,Telephone Field,recover-20221013,001,1795
492.9215,492.9617,68437,82315,Rhinolophus ferrumequinum,0.023,0.023,-1,Echolocation,/mnt/ubna_data_02_mir/recover-20221013/UBNA_001/20221012_030000.WAV,Telephone Field,recover-20221013,001,1795
492.9295,492.9682,68437,82142,Rhinolophus ferrumequinum,0.021,0.021,-1,Echolocation,/mnt/ubna_data_02_mir/recover-20221013/UBNA_001/20221012_030000.WAV,Telephone Field,recover-20221013,001,1795
492.9385,492.97860000000003,68437,82406,Rhinolophus ferrumequinum,0.022,0.022,-1,Echolocation,/mnt/ubna_data_02_mir/recover-20221013/UBNA_001/20221012_030000.WAV,Telephone Field,recover-20221013,001,1795
492.9965,493.0365,68437,82570,Rhinolophus ferrumequinum,0.026,0.026,-1,Echolocation,/mnt/ubna_data_02_mir/recover-20221013/UBNA_001/20221012_030000.WAV,Telephone Field,recover-20221013,001,1795
492.9985,493.0064,28046,39185,Eptesicus serotinus,0.019,0.038,-1,Echolocation,/mnt/ubna_data_02_mir/recover-20221013/UBNA_001/20221012_030000.WAV,Telephone Field,recover-20221013,001,1795
493.0235,493.0658,68437,82877,Rhinolophus ferrumequinum,0.023,0.023,-1,Echolocation,/mnt/ubna_data_02_mir/recover-20221013/UBNA_001/20221012_030000.WAV,Telephone Field,recover-20221013,001,1795
493.0715,493.0817,23750,29656,Nyctalus leisleri,0.009,0.022,-1,Echolocation,/mnt/ubna_data_02_mir/recover-20221013/UBNA_001/20221012_030000.WAV,Telephone Field,recover-20221013,001,1795
493.1125,493.1492,68437,81586,Rhinolophus ferrumequinum,0.02,0.021,-1,Echolocation,/mnt/ubna_data_02_mir/recover-20221013/UBNA_001/20221012_030000.WAV,Telephone Field,recover-20221013,001,1795
493.1165,493.1305,21171,24297,Nyctalus leisleri,0.02,0.032,-1,Echolocation,/mnt/ubna_data_02_mir/recover-20221013/UBNA_001/20221012_030000.WAV,Telephone Field,recover-20221013,001,1795
493.1305,493.17,68437,81983,Rhinolophus ferrumequinum,0.022,0.022,-1,Echolocation,/mnt/ubna_data_02_mir/recover-20221013/UBNA_001/20221012_030000.WAV,Telephone Field,recover-20221013,001,1795
493.1575,493.197,68437,82211,Rhinolophus ferrumequinum,0.025,0.025,-1,Echolocation,/mnt/ubna_data_02_mir/recover-20221013/UBNA_001/20221012_030000.WAV,Telephone Field,recover-20221013,001,1795
493.1865,493.2265,68437,82262,Rhinolophus ferrumequinum,0.023,0.023,-1,Echolocation,/mnt/ubna_data_02_mir/recover-20221013/UBNA_001/20221012_030000.WAV,Telephone Field,recover-20221013,001,1795
493.2125,493.2543,68437,82739,Rhinolophus ferrumequinum,0.026,0.026,-1,Echolocation,/mnt/ubna_data_02_mir/recover-20221013/UBNA_001/20221012_030000.WAV,Telephone Field,recover-20221013,001,1795
493.2345,493.2669,68437,81174,Rhinolophus ferrumequinum,0.023,0.023,-1,Echolocation,/mnt/ubna_data_02_mir/recover-20221013/UBNA_001/20221012_030000.WAV,Telephone Field,recover-20221013,001,1795
493.2465,493.2882,68437,82985,Rhinolophus ferrumequinum,0.024,0.024,-1,Echolocation,/mnt/ubna_data_02_mir/recover-20221013/UBNA_001/20221012_030000.WAV,Telephone Field,recover-20221013,001,1795
493.2965,493.3368,68437,82760,Rhinolophus ferrumequinum,0.021,0.021,-1,Echolocation,/mnt/ubna_data_02_mir/recover-20221013/UBNA_001/20221012_030000.WAV,Telephone Field,recover-20221013,001,1795
493.3195,493.3629,68437,83100,Rhinolophus ferrumequinum,0.029,0.029,-1,Echolocation,/mnt/ubna_data_02_mir/recover-20221013/UBNA_001/20221012_030000.WAV,Telephone Field,recover-20221013,001,1795
493.3825,493.4236,68437,82408,Rhinolophus ferrumequinum,0.022,0.022,-1,Echolocation,/mnt/ubna_data_02_mir/recover-20221013/UBNA_001/20221012_030000.WAV,Telephone Field,recover-20221013,001,1795
493.3935,493.4362,68437,83189,Rhinolophus ferrumequinum,0.026,0.026,-1,Echolocation,/mnt/ubna_data_02_mir/recover-20221013/UBNA_001/20221012_030000.WAV,Telephone Field,recover-20221013,001,1795
493.4255,493.4341,22890,29382,Plecotus austriacus,0.008,0.022,-1,Echolocation,/mnt/ubna_data_02_mir/recover-20221013/UBNA_001/20221012_030000.WAV,Telephone Field,recover-20221013,001,1795
493.4525,493.4951,68437,82575,Rhinolophus ferrumequinum,0.03,0.03,-1,Echolocation,/mnt/ubna_data_02_mir/recover-20221013/UBNA_001/20221012_030000.WAV,Telephone Field,recover-20221013,001,1795
493.5035,493.5145,35781,40895,Pipistrellus nathusii,0.013,0.028,-1,Echolocation,/mnt/ubna_data_02_mir/recover-20221013/UBNA_001/20221012_030000.WAV,Telephone Field,recover-20221013,001,1795
493.5035,493.5128,29765,40712,Eptesicus serotinus,0.008,0.022,-1,Echolocation,/mnt/ubna_data_02_mir/recover-20221013/UBNA_001/20221012_030000.WAV,Telephone Field,recover-20221013,001,1795
493.5465,493.5546,28046,38548,Eptesicus serotinus,0.009,0.024,-1,Echolocation,/mnt/ubna_data_02_mir/recover-20221013/UBNA_001/20221012_030000.WAV,Telephone Field,recover-20221013,001,1795
493.5635,493.6041,68437,83108,Rhinolophus ferrumequinum,0.029,0.029,-1,Echolocation,/mnt/ubna_data_02_mir/recover-20221013/UBNA_001/20221012_030000.WAV,Telephone Field,recover-20221013,001,1795
493.5785,493.5899,22890,27680,Nyctalus leisleri,0.011,0.022,-1,Echolocation,/mnt/ubna_data_02_mir/recover-20221013/UBNA_001/20221012_030000.WAV,Telephone Field,recover-20221013,001,1795
493.5965,493.6069,28046,35840,Eptesicus serotinus,0.01,0.023,-1,Echolocation,/mnt/ubna_data_02_mir/recover-20221013/UBNA_001/20221012_030000.WAV,Telephone Field,recover-20221013,001,1795
493.6225,493.6599,68437,81639,Rhinolophus ferrumequinum,0.021,0.021,-1,Echolocation,/mnt/ubna_data_02_mir/recover-20221013/UBNA_001/20221012_030000.WAV,Telephone Field,recover-20221013,001,1795
493.6405,493.6492,28906,36759,Eptesicus serotinus,0.007,0.021,-1,Echolocation,/mnt/ubna_data_02_mir/recover-20221013/UBNA_001/20221012_030000.WAV,Telephone Field,recover-20221013,001,1795
493.6545,493.6958,68437,82813,Rhinolophus ferrumequinum,0.025,0.025,-1,Echolocation,/mnt/ubna_data_02_mir/recover-20221013/UBNA_001/20221012_030000.WAV,Telephone Field,recover-20221013,001,1795
493.6675,493.6758,22890,30011,Plecotus austriacus,0.008,0.022,-1,Echolocation,/mnt/ubna_data_02_mir/recover-20221013/UBNA_001/20221012_030000.WAV,Telephone Field,recover-20221013,001,1795
493.7145,493.7254,25468,32819,Eptesicus serotinus,0.011,0.03,-1,Echolocation,/mnt/ubna_data_02_mir/recover-20221013/UBNA_001/20221012_030000.WAV,Telephone Field,recover-20221013,001,1795
493.7505,493.7909,68437,82533,Rhinolophus ferrumequinum,0.024,0.024,-1,Echolocation,/mnt/ubna_data_02_mir/recover-20221013/UBNA_001/20221012_030000.WAV,Telephone Field,recover-20221013,001,1795
493.7605,493.8007,68437,82590,Rhinolophus ferrumequinum,0.022,0.022,-1,Echolocation,/mnt/ubna_data_02_mir/recover-20221013/UBNA_001/20221012_030000.WAV,Telephone Field,recover-20221013,001,1795
493.7775,493.8194,68437,82782,Rhinolophus ferrumequinum,0.041,0.041,-1,Echolocation,/mnt/ubna_data_02_mir/recover-20221013/UBNA_001/20221012_030000.WAV,Telephone Field,recover-20221013,001,1795
493.79449999999997,493.8347,68437,82933,Rhinolophus ferrumequinum,0.023,0.023,-1,Echolocation,/mnt/ubna_data_02_mir/recover-20221013/UBNA_001/20221012_030000.WAV,Telephone Field,recover-20221013,001,1795
493.8105,493.818,23750,31868,Plecotus austriacus,0.011,0.025,-1,Echolocation,/mnt/ubna_data_02_mir/recover-20221013/UBNA_001/20221012_030000.WAV,Telephone Field,recover-20221013,001,1795
493.8195,493.858,68437,81725,Rhinolophus ferrumequinum,0.024,0.024,-1,Echolocation,/mnt/ubna_data_02_mir/recover-20221013/UBNA_001/20221012_030000.WAV,Telephone Field,recover-20221013,001,1795
493.8445,493.8551,24609,31015,Eptesicus serotinus,0.009,0.026,-1,Echolocation,/mnt/ubna_data_02_mir/recover-20221013/UBNA_001/20221012_030000.WAV,Telephone Field,recover-20221013,001,1795
493.8455,493.8839,68437,81674,Rhinolophus ferrumequinum,0.022,0.022,-1,Echolocation,/mnt/ubna_data_02_mir/recover-20221013/UBNA_001/20221012_030000.WAV,Telephone Field,recover-20221013,001,1795
493.8695,493.9094,68437,82204,Rhinolophus ferrumequinum,0.022,0.022,-1,Echolocation,/mnt/ubna_data_02_mir/recover-20221013/UBNA_001/20221012_030000.WAV,Telephone Field,recover-20221013,001,1795
493.8965,493.9401,68437,83782,Rhinolophus ferrumequinum,0.03,0.03,-1,Echolocation,/mnt/ubna_data_02_mir/recover-20221013/UBNA_001/20221012_030000.WAV,Telephone Field,recover-20221013,001,1795
493.9095,493.9165,28046,37930,Eptesicus serotinus,0.008,0.024,-1,Echolocation,/mnt/ubna_data_02_mir/recover-20221013/UBNA_001/20221012_030000.WAV,Telephone Field,recover-20221013,001,1795
493.9285,493.9688,68437,83142,Rhinolophus ferrumequinum,0.032,0.032,-1,Echolocation,/mnt/ubna_data_02_mir/recover-20221013/UBNA_001/20221012_030000.WAV,Telephone Field,recover-20221013,001,1795
493.9885,493.9989,24609,33297,Eptesicus serotinus,0.008,0.023,-1,Echolocation,/mnt/ubna_data_02_mir/recover-20221013/UBNA_001/20221012_030000.WAV,Telephone Field,recover-20221013,001,1795
494.0015,494.0337,68437,80167,Rhinolophus ferrumequinum,0.023,0.024,-1,Echolocation,/mnt/ubna_data_02_mir/recover-20221013/UBNA_001/20221012_030000.WAV,Telephone Field,recover-20221013,001,1795
494.0015,494.0099,26328,36450,Nyctalus leisleri,0.006,0.026,-1,Echolocation,/mnt/ubna_data_02_mir/recover-20221013/UBNA_001/20221012_030000.WAV,Telephone Field,recover-20221013,001,1795
494.1545,494.192,68437,82136,Rhinolophus ferrumequinum,0.02,0.02,-1,Echolocation,/mnt/ubna_data_02_mir/recover-20221013/UBNA_001/20221012_030000.WAV,Telephone Field,recover-20221013,001,1795
494.1585,494.1656,28046,41172,Eptesicus serotinus,0.007,0.026,-1,Echolocation,/mnt/ubna_data_02_mir/recover-20221013/UBNA_001/20221012_030000.WAV,Telephone Field,recover-20221013,001,1795
494.1705,494.212,68437,82860,Rhinolophus ferrumequinum,0.022,0.022,-1,Echolocation,/mnt/ubna_data_02_mir/recover-20221013/UBNA_001/20221012_030000.WAV,Telephone Field,recover-20221013,001,1795
494.2185,494.2294,23750,28536,Nyctalus leisleri,0.011,0.02,-1,Echolocation,/mnt/ubna_data_02_mir/recover-20221013/UBNA_001/20221012_030000.WAV,Telephone Field,recover-20221013,001,1795
494.2485,494.2579,28046,38823,Eptesicus serotinus,0.01,0.021,-1,Echolocation,/mnt/ubna_data_02_mir/recover-20221013/UBNA_001/20221012_030000.WAV,Telephone Field,recover-20221013,001,1795
494.2855,494.3241,68437,81976,Rhinolophus ferrumequinum,0.02,0.02,-1,Echolocation,/mnt/ubna_data_02_mir/recover-20221013/UBNA_001/20221012_030000.WAV,Telephone Field,recover-20221013,001,1795
494.3035,494.3144,14296,18819,Nyctalus noctula,0.011,0.024,-1,Echolocation,/mnt/ubna_data_02_mir/recover-20221013/UBNA_001/20221012_030000.WAV,Telephone Field,recover-20221013,001,1795
494.3175,494.3255,28046,38278,Eptesicus serotinus,0.007,0.02,-1,Echolocation,/mnt/ubna_data_02_mir/recover-20221013/UBNA_001/20221012_030000.WAV,Telephone Field,recover-20221013,001,1795
494.3705,494.3771,27187,37859,Eptesicus serotinus,0.01,0.031,-1,Echolocation,/mnt/ubna_data_02_mir/recover-20221013/UBNA_001/20221012_030000.WAV,Telephone Field,recover-20221013,001,1795
494.4205,494.4294,25468,33402,Eptesicus serotinus,0.007,0.022,-1,Echolocation,/mnt/ubna_data_02_mir/recover-20221013/UBNA_001/20221012_030000.WAV,Telephone Field,recover-20221013,001,1795
494.4485,494.4592,22890,27839,Nyctalus leisleri,0.01,0.02,-1,Echolocation,/mnt/ubna_data_02_mir/recover-20221013/UBNA_001/20221012_030000.WAV,Telephone Field,recover-20221013,001,1795
494.4545,494.463,23750,31117,Plecotus austriacus,0.007,0.02,-1,Echolocation,/mnt/ubna_data_02_mir/recover-20221013/UBNA_001/20221012_030000.WAV,Telephone Field,recover-20221013,001,1795
494.4565,494.4645,28046,39527,Eptesicus serotinus,0.007,0.02,-1,Echolocation,/mnt/ubna_data_02_mir/recover-20221013/UBNA_001/20221012_030000.WAV,Telephone Field,recover-20221013,001,1795
494.5345,494.543,23750,31262,Plecotus austriacus,0.006,0.021,-1,Echolocation,/mnt/ubna_data_02_mir/recover-20221013/UBNA_001/20221012_030000.WAV,Telephone Field,recover-20221013,001,1795
494.5745,494.5818,28906,37851,Eptesicus serotinus,0.009,0.028,-1,Echolocation,/mnt/ubna_data_02_mir/recover-20221013/UBNA_001/20221012_030000.WAV,Telephone Field,recover-20221013,001,1795
494.5765,494.612,68437,81901,Rhinolophus ferrumequinum,0.021,0.021,-1,Echolocation,/mnt/ubna_data_02_mir/recover-20221013/UBNA_001/20221012_030000.WAV,Telephone Field,recover-20221013,001,1795
494.5845,494.6258,68437,82591,Rhinolophus ferrumequinum,0.022,0.022,-1,Echolocation,/mnt/ubna_data_02_mir/recover-20221013/UBNA_001/20221012_030000.WAV,Telephone Field,recover-20221013,001,1795
494.6085,494.6202,22031,26499,Nyctalus leisleri,0.013,0.026,-1,Echolocation,/mnt/ubna_data_02_mir/recover-20221013/UBNA_001/20221012_030000.WAV,Telephone Field,recover-20221013,001,1795
494.6095,494.6482,68437,82948,Rhinolophus ferrumequinum,0.023,0.023,-1,Echolocation,/mnt/ubna_data_02_mir/recover-20221013/UBNA_001/20221012_030000.WAV,Telephone Field,recover-20221013,001,1795
494.6365,494.6446,23750,31791,Plecotus austriacus,0.007,0.022,-1,Echolocation,/mnt/ubna_data_02_mir/recover-20221013/UBNA_001/20221012_030000.WAV,Telephone Field,recover-20221013,001,1795
494.6455,494.6542,26328,34671,Eptesicus serotinus,0.009,0.021,-1,Echolocation,/mnt/ubna_data_02_mir/recover-20221013/UBNA_001/20221012_030000.WAV,Telephone Field,recover-20221013,001,1795
494.6645,494.7026,68437,82235,Rhinolophus ferrumequinum,0.022,0.022,-1,Echolocation,/mnt/ubna_data_02_mir/recover-20221013/UBNA_001/20221012_030000.WAV,Telephone Field,recover-20221013,001,1795
494.7025,494.7102,28046,39021,Eptesicus serotinus,0.021,0.046,-1,Echolocation,/mnt/ubna_data_02_mir/recover-20221013/UBNA_001/20221012_030000.WAV,Telephone Field,recover-20221013,001,1795
494.7315,494.7399,28906,37210,Eptesicus serotinus,0.008,0.023,-1,Echolocation,/mnt/ubna_data_02_mir/recover-20221013/UBNA_001/20221012_030000.WAV,Telephone Field,recover-20221013,001,1795
494.7395,494.7797,68437,81594,Rhinolophus ferrumequinum,0.024,0.024,-1,Echolocation,/mnt/ubna_data_02_mir/recover-20221013/UBNA_001/20221012_030000.WAV,Telephone Field,recover-20221013,001,1795
494.7395,494.7523,44375,47757,Pipistrellus pipistrellus,0.022,0.027,-1,Echolocation,/mnt/ubna_data_02_mir/recover-20221013/UBNA_001/20221012_030000.WAV,Telephone Field,recover-20221013,001,1795
494.7445,494.7825,68437,82182,Rhinolophus ferrumequinum,0.022,0.022,-1,Echolocation,/mnt/ubna_data_02_mir/recover-20221013/UBNA_001/20221012_030000.WAV,Telephone Field,recover-20221013,001,1795
494.7555,494.7633,22031,28695,Plecotus austriacus,0.011,0.023,-1,Echolocation,/mnt/ubna_data_02_mir/recover-20221013/UBNA_001/20221012_030000.WAV,Telephone Field,recover-20221013,001,1795
494.7845,494.8258,68437,82647,Rhinolophus ferrumequinum,0.023,0.023,-1,Echolocation,/mnt/ubna_data_02_mir/recover-20221013/UBNA_001/20221012_030000.WAV,Telephone Field,recover-20221013,001,1795
494.7895,494.7978,27187,39415,Eptesicus serotinus,0.011,0.029,-1,Echolocation,/mnt/ubna_data_02_mir/recover-20221013/UBNA_001/20221012_030000.WAV,Telephone Field,recover-20221013,001,1795
494.8115,494.8196,28046,43239,Eptesicus serotinus,0.008,0.022,-1,Echolocation,/mnt/ubna_data_02_mir/recover-20221013/UBNA_001/20221012_030000.WAV,Telephone Field,recover-20221013,001,1795
494.8115,494.8183,36640,46193,Myotis daubentonii,0.009,0.024,-1,Echolocation,/mnt/ubna_data_02_mir/recover-20221013/UBNA_001/20221012_030000.WAV,Telephone Field,recover-20221013,001,1795
494.8445,494.8812,68437,81540,Rhinolophus ferrumequinum,0.021,0.021,-1,Echolocation,/mnt/ubna_data_02_mir/recover-20221013/UBNA_001/20221012_030000.WAV,Telephone Field,recover-20221013,001,1795
494.8685,494.9062,68437,81622,Rhinolophus ferrumequinum,0.021,0.021,-1,Echolocation,/mnt/ubna_data_02_mir/recover-20221013/UBNA_001/20221012_030000.WAV,Telephone Field,recover-20221013,001,1795
494.9215,494.9295,22890,30081,Plecotus austriacus,0.01,0.025,-1,Echolocation,/mnt/ubna_data_02_mir/recover-20221013/UBNA_001/20221012_030000.WAV,Telephone Field,recover-20221013,001,1795
494.9715,495.0154,68437,83672,Rhinolophus ferrumequinum,0.03,0.031,-1,Echolocation,/mnt/ubna_data_02_mir/recover-20221013/UBNA_001/20221012_030000.WAV,Telephone Field,recover-20221013,001,1795
494.9915,494.9991,34062,43918,Myotis daubentonii,0.009,0.022,-1,Echolocation,/mnt/ubna_data_02_mir/recover-20221013/UBNA_001/20221012_030000.WAV,Telephone Field,recover-20221013,001,1795
494.9925,495.0,23750,32894,Plecotus austriacus,0.009,0.023,-1,Echolocation,/mnt/ubna_data_02_mir/recover-20221013/UBNA_001/20221012_030000.WAV,Telephone Field,recover-20221013,001,1795
495.0005,495.0421,68437,83001,Rhinolophus ferrumequinum,0.022,0.022,-1,Echolocation,/mnt/ubna_data_02_mir/recover-20221013/UBNA_001/20221012_030000.WAV,Telephone Field,recover-20221013,001,1795
495.0255,495.0358,22031,27684,Nyctalus leisleri,0.01,0.025,-1,Echolocation,/mnt/ubna_data_02_mir/recover-20221013/UBNA_001/20221012_030000.WAV,Telephone Field,recover-20221013,001,1795
495.0295,495.0694,68437,82371,Rhinolophus ferrumequinum,0.025,0.025,-1,Echolocation,/mnt/ubna_data_02_mir/recover-20221013/UBNA_001/20221012_030000.WAV,Telephone Field,recover-20221013,001,1795
495.0435,495.0601,21171,24328,Nyctalus leisleri,0.016,0.025,-1,Echolocation,/mnt/ubna_data_02_mir/recover-20221013/UBNA_001/20221012_030000.WAV,Telephone Field,recover-20221013,001,1795
495.0575,495.0648,28046,39111,Eptesicus serotinus,0.006,0.021,-1,Echolocation,/mnt/ubna_data_02_mir/recover-20221013/UBNA_001/20221012_030000.WAV,Telephone Field,recover-20221013,001,1795
495.0905,495.1301,68437,82415,Rhinolophus ferrumequinum,0.02,0.02,-1,Echolocation,/mnt/ubna_data_02_mir/recover-20221013/UBNA_001/20221012_030000.WAV,Telephone Field,recover-20221013,001,1795
495.1355,495.1434,27187,37773,Eptesicus serotinus,0.024,0.052,-1,Echolocation,/mnt/ubna_data_02_mir/recover-20221013/UBNA_001/20221012_030000.WAV,Telephone Field,recover-20221013,001,1795
495.1455,495.156,23750,29484,Nyctalus leisleri,0.008,0.021,-1,Echolocation,/mnt/ubna_data_02_mir/recover-20221013/UBNA_001/20221012_030000.WAV,Telephone Field,recover-20221013,001,1795
495.1955,495.2025,28046,38300,Eptesicus serotinus,0.01,0.029,-1,Echolocation,/mnt/ubna_data_02_mir/recover-20221013/UBNA_001/20221012_030000.WAV,Telephone Field,recover-20221013,001,1795
495.2175,495.2561,68437,82904,Rhinolophus ferrumequinum,0.023,0.023,-1,Echolocation,/mnt/ubna_data_02_mir/recover-20221013/UBNA_001/20221012_030000.WAV,Telephone Field,recover-20221013,001,1795
495.3135,495.3224,23750,30801,Nyctalus leisleri,0.007,0.023,-1,Echolocation,/mnt/ubna_data_02_mir/recover-20221013/UBNA_001/20221012_030000.WAV,Telephone Field,recover-20221013,001,1795
495.3715,495.411,68437,82424,Rhinolophus ferrumequinum,0.022,0.022,-1,Echolocation,/mnt/ubna_data_02_mir/recover-20221013/UBNA_001/20221012_030000.WAV,Telephone Field,recover-20221013,001,1795
495.3875,495.3945,26328,39722,Eptesicus serotinus,0.005,0.02,-1,Echolocation,/mnt/ubna_data_02_mir/recover-20221013/UBNA_001/20221012_030000.WAV,Telephone Field,recover-20221013,001,1795
495.4245,495.4343,28906,37250,Eptesicus serotinus,0.011,0.024,-1,Echolocation,/mnt/ubna_data_02_mir/recover-20221013/UBNA_001/20221012_030000.WAV,Telephone Field,recover-20221013,001,1795
495.4345,495.4714,68437,81549,Rhinolophus ferrumequinum,0.024,0.024,-1,Echolocation,/mnt/ubna_data_02_mir/recover-20221013/UBNA_001/20221012_030000.WAV,Telephone Field,recover-20221013,001,1795
495.5145,495.5519,68437,81774,Rhinolophus ferrumequinum,0.021,0.021,-1,Echolocation,/mnt/ubna_data_02_mir/recover-20221013/UBNA_001/20221012_030000.WAV,Telephone Field,recover-20221013,001,1795
495.5365,495.5741,68437,81849,Rhinolophus ferrumequinum,0.024,0.025,-1,Echolocation,/mnt/ubna_data_02_mir/recover-20221013/UBNA_001/20221012_030000.WAV,Telephone Field,recover-20221013,001,1795
495.5645,495.5753,22031,26969,Nyctalus leisleri,0.01,0.023,-1,Echolocation,/mnt/ubna_data_02_mir/recover-20221013/UBNA_001/20221012_030000.WAV,Telephone Field,recover-20221013,001,1795
495.5755,495.6145,68437,82587,Rhinolophus ferrumequinum,0.021,0.021,-1,Echolocation,/mnt/ubna_data_02_mir/recover-20221013/UBNA_001/20221012_030000.WAV,Telephone Field,recover-20221013,001,1795
495.5825,495.5931,25468,33032,Eptesicus serotinus,0.01,0.022,-1,Echolocation,/mnt/ubna_data_02_mir/recover-20221013/UBNA_001/20221012_030000.WAV,Telephone Field,recover-20221013,001,1795
495.5845,495.6247,68437,82932,Rhinolophus ferrumequinum,0.021,0.021,-1,Echolocation,/mnt/ubna_data_02_mir/recover-20221013/UBNA_001/20221012_030000.WAV,Telephone Field,recover-20221013,001,1795
495.6105,495.6481,68437,82307,Rhinolophus ferrumequinum,0.021,0.021,-1,Echolocation,/mnt/ubna_data_02_mir/recover-20221013/UBNA_001/20221012_030000.WAV,Telephone Field,recover-20221013,001,1795
495.6595,495.6667,47812,50605,Pipistrellus pipistrellus,0.021,0.022,-1,Echolocation,/mnt/ubna_data_02_mir/recover-20221013/UBNA_001/20221012_030000.WAV,Telephone Field,recover-20221013,001,1795
495.6645,495.703,68437,81756,Rhinolophus ferrumequinum,0.021,0.022,-1,Echolocation,/mnt/ubna_data_02_mir/recover-20221013/UBNA_001/20221012_030000.WAV,Telephone Field,recover-20221013,001,1795
495.6995,495.7122,27187,33362,Eptesicus serotinus,0.017,0.031,-1,Echolocation,/mnt/ubna_data_02_mir/recover-20221013/UBNA_001/20221012_030000.WAV,Telephone Field,recover-20221013,001,1795
495.7535,495.7892,68437,80358,Rhinolophus ferrumequinum,0.023,0.023,-1,Echolocation,/mnt/ubna_data_02_mir/recover-20221013/UBNA_001/20221012_030000.WAV,Telephone Field,recover-20221013,001,1795
495.7685,495.7793,23750,29314,Nyctalus leisleri,0.009,0.022,-1,Echolocation,/mnt/ubna_data_02_mir/recover-20221013/UBNA_001/20221012_030000.WAV,Telephone Field,recover-20221013,001,1795
495.7915,495.8006,28046,36492,Eptesicus serotinus,0.008,0.023,-1,Echolocation,/mnt/ubna_data_02_mir/recover-20221013/UBNA_001/20221012_030000.WAV,Telephone Field,recover-20221013,001,1795
495.8755,495.8832,23750,32218,Plecotus austriacus,0.009,0.023,-1,Echolocation,/mnt/ubna_data_02_mir/recover-20221013/UBNA_001/20221012_030000.WAV,Telephone Field,recover-20221013,001,1795
495.8885,495.9261,68437,81666,Rhinolophus ferrumequinum,0.022,0.022,-1,Echolocation,/mnt/ubna_data_02_mir/recover-20221013/UBNA_001/20221012_030000.WAV,Telephone Field,recover-20221013,001,1795
495.9155,495.9514,68437,82049,Rhinolophus ferrumequinum,0.022,0.022,-1,Echolocation,/mnt/ubna_data_02_mir/recover-20221013/UBNA_001/20221012_030000.WAV,Telephone Field,recover-20221013,001,1795
495.9285,495.9679,68437,81911,Rhinolophus ferrumequinum,0.021,0.021,-1,Echolocation,/mnt/ubna_data_02_mir/recover-20221013/UBNA_001/20221012_030000.WAV,Telephone Field,recover-20221013,001,1795
495.9335,495.9728,68437,81954,Rhinolophus ferrumequinum,0.02,0.021,-1,Echolocation,/mnt/ubna_data_02_mir/recover-20221013/UBNA_001/20221012_030000.WAV,Telephone Field,recover-20221013,001,1795
495.9475,495.9558,26328,35420,Eptesicus serotinus,0.008,0.025,-1,Echolocation,/mnt/ubna_data_02_mir/recover-20221013/UBNA_001/20221012_030000.WAV,Telephone Field,recover-20221013,001,1795
495.9825,495.98969999999997,27187,39407,Eptesicus serotinus,0.006,0.02,-1,Echolocation,/mnt/ubna_data_02_mir/recover-20221013/UBNA_001/20221012_030000.WAV,Telephone Field,recover-20221013,001,1795
496.0015,496.0144,19453,24493,Nyctalus leisleri,0.01,0.025,-1,Echolocation,/mnt/ubna_data_02_mir/recover-20221013/UBNA_001/20221012_030000.WAV,Telephone Field,recover-20221013,001,1795
496.0015,496.0106,26328,33238,Nyctalus leisleri,0.008,0.026,-1,Echolocation,/mnt/ubna_data_02_mir/recover-20221013/UBNA_001/20221012_030000.WAV,Telephone Field,recover-20221013,001,1795
496.0015,496.0357,68437,80209,Rhinolophus ferrumequinum,0.028,0.029,-1,Echolocation,/mnt/ubna_data_02_mir/recover-20221013/UBNA_001/20221012_030000.WAV,Telephone Field,recover-20221013,001,1795
496.0015,496.0105,46093,51875,Pipistrellus pipistrellus,0.024,0.03,-1,Echolocation,/mnt/ubna_data_02_mir/recover-20221013/UBNA_001/20221012_030000.WAV,Telephone Field,recover-20221013,001,1795
496.0075,496.04970000000003,68437,81918,Rhinolophus ferrumequinum,0.021,0.021,-1,Echolocation,/mnt/ubna_data_02_mir/recover-20221013/UBNA_001/20221012_030000.WAV,Telephone Field,recover-20221013,001,1795
496.0755,496.1129,68437,82191,Rhinolophus ferrumequinum,0.021,0.021,-1,Echolocation,/mnt/ubna_data_02_mir/recover-20221013/UBNA_001/20221012_030000.WAV,Telephone Field,recover-20221013,001,1795
496.1085,496.1471,68437,82454,Rhinolophus ferrumequinum,0.022,0.022,-1,Echolocation,/mnt/ubna_data_02_mir/recover-20221013/UBNA_001/20221012_030000.WAV,Telephone Field,recover-20221013,001,1795
496.1205,496.1324,23750,29161,Nyctalus leisleri,0.025,0.053,-1,Echolocation,/mnt/ubna_data_02_mir/recover-20221013/UBNA_001/20221012_030000.WAV,Telephone Field,recover-20221013,001,1795
496.1515,496.1928,68437,82824,Rhinolophus ferrumequinum,0.031,0.031,-1,Echolocation,/mnt/ubna_data_02_mir/recover-20221013/UBNA_001/20221012_030000.WAV,Telephone Field,recover-20221013,001,1795
496.2015,496.2416,68437,82657,Rhinolophus ferrumequinum,0.024,0.024,-1,Echolocation,/mnt/ubna_data_02_mir/recover-20221013/UBNA_001/20221012_030000.WAV,Telephone Field,recover-20221013,001,1795
496.2255,496.2386,27187,33525,Eptesicus serotinus,0.013,0.026,-1,Echolocation,/mnt/ubna_data_02_mir/recover-20221013/UBNA_001/20221012_030000.WAV,Telephone Field,recover-20221013,001,1795
496.22950000000003,496.2691,68437,82470,Rhinolophus ferrumequinum,0.022,0.022,-1,Echolocation,/mnt/ubna_data_02_mir/recover-20221013/UBNA_001/20221012_030000.WAV,Telephone Field,recover-20221013,001,1795
496.2355,496.2469,26328,32586,Eptesicus serotinus,0.009,0.02,-1,Echolocation,/mnt/ubna_data_02_mir/recover-20221013/UBNA_001/20221012_030000.WAV,Telephone Field,recover-20221013,001,1795
496.2755,496.3132,68437,82080,Rhinolophus ferrumequinum,0.024,0.024,-1,Echolocation,/mnt/ubna_data_02_mir/recover-20221013/UBNA_001/20221012_030000.WAV,Telephone Field,recover-20221013,001,1795
496.3035,496.3375,68437,81445,Rhinolophus ferrumequinum,0.022,0.022,-1,Echolocation,/mnt/ubna_data_02_mir/recover-20221013/UBNA_001/20221012_030000.WAV,Telephone Field,recover-20221013,001,1795
496.3245,496.3344,22890,29060,Nyctalus leisleri,0.008,0.023,-1,Echolocation,/mnt/ubna_data_02_mir/recover-20221013/UBNA_001/20221012_030000.WAV,Telephone Field,recover-20221013,001,1795
496.3275,496.3689,68437,82785,Rhinolophus ferrumequinum,0.029,0.029,-1,Echolocation,/mnt/ubna_data_02_mir/recover-20221013/UBNA_001/20221012_030000.WAV,Telephone Field,recover-20221013,001,1795
496.3585,496.394,68437,81723,Rhinolophus ferrumequinum,0.033,0.033,-1,Echolocation,/mnt/ubna_data_02_mir/recover-20221013/UBNA_001/20221012_030000.WAV,Telephone Field,recover-20221013,001,1795
496.3705,496.3799,26328,34445,Eptesicus serotinus,0.011,0.025,-1,Echolocation,/mnt/ubna_data_02_mir/recover-20221013/UBNA_001/20221012_030000.WAV,Telephone Field,recover-20221013,001,1795
496.3815,496.39300000000003,22890,27261,Nyctalus leisleri,0.014,0.025,-1,Echolocation,/mnt/ubna_data_02_mir/recover-20221013/UBNA_001/20221012_030000.WAV,Telephone Field,recover-20221013,001,1795
496.3875,496.4192,68437,80179,Rhinolophus ferrumequinum,0.022,0.023,-1,Echolocation,/mnt/ubna_data_02_mir/recover-20221013/UBNA_001/20221012_030000.WAV,Telephone Field,recover-20221013,001,1795
496.4215,496.45889999999997,68437,82114,Rhinolophus ferrumequinum,0.023,0.023,-1,Echolocation,/mnt/ubna_data_02_mir/recover-20221013/UBNA_001/20221012_030000.WAV,Telephone Field,recover-20221013,001,1795
496.4275,496.441,22031,27031,Nyctalus leisleri,0.015,0.029,-1,Echolocation,/mnt/ubna_data_02_mir/recover-20221013/UBNA_001/20221012_030000.WAV,Telephone Field,recover-20221013,001,1795
496.4315,496.4722,68437,82730,Rhinolophus ferrumequinum,0.024,0.024,-1,Echolocation,/mnt/ubna_data_02_mir/recover-20221013/UBNA_001/20221012_030000.WAV,Telephone Field,recover-20221013,001,1795
496.4595,496.4687,44375,52611,Pipistrellus pipistrellus,0.013,0.021,-1,Echolocation,/mnt/ubna_data_02_mir/recover-20221013/UBNA_001/20221012_030000.WAV,Telephone Field,recover-20221013,001,1795
496.4605,496.4672,27187,38322,Eptesicus serotinus,0.006,0.022,-1,Echolocation,/mnt/ubna_data_02_mir/recover-20221013/UBNA_001/20221012_030000.WAV,Telephone Field,recover-20221013,001,1795
496.4725,496.5133,68437,83265,Rhinolophus ferrumequinum,0.028,0.028,-1,Echolocation,/mnt/ubna_data_02_mir/recover-20221013/UBNA_001/20221012_030000.WAV,Telephone Field,recover-20221013,001,1795
496.4785,496.485,28046,41961,Eptesicus serotinus,0.005,0.02,-1,Echolocation,/mnt/ubna_data_02_mir/recover-20221013/UBNA_001/20221012_030000.WAV,Telephone Field,recover-20221013,001,1795
496.4985,496.5055,28046,41825,Eptesicus serotinus,0.007,0.024,-1,Echolocation,/mnt/ubna_data_02_mir/recover-20221013/UBNA_001/20221012_030000.WAV,Telephone Field,recover-20221013,001,1795
496.5365,496.5681,68437,80756,Rhinolophus ferrumequinum,0.02,0.02,-1,Echolocation,/mnt/ubna_data_02_mir/recover-20221013/UBNA_001/20221012_030000.WAV,Telephone Field,recover-20221013,001,1795
496.5845,496.5931,15156,24592,Plecotus auritus,0.012,0.022,-1,Echolocation,/mnt/ubna_data_02_mir/recover-20221013/UBNA_001/20221012_030000.WAV,Telephone Field,recover-20221013,001,1795
496.5965,496.6358,68437,82353,Rhinolophus ferrumequinum,0.02,0.02,-1,Echolocation,/mnt/ubna_data_02_mir/recover-20221013/UBNA_001/20221012_030000.WAV,Telephone Field,recover-20221013,001,1795
496.6215,496.6619,68437,82910,Rhinolophus ferrumequinum,0.023,0.023,-1,Echolocation,/mnt/ubna_data_02_mir/recover-20221013/UBNA_001/20221012_030000.WAV,Telephone Field,recover-20221013,001,1795
496.6315,496.6405,28906,39764,Eptesicus serotinus,0.01,0.025,-1,Echolocation,/mnt/ubna_data_02_mir/recover-20221013/UBNA_001/20221012_030000.WAV,Telephone Field,recover-20221013,001,1795
496.6325,496.6715,68437,82214,Rhinolophus ferrumequinum,0.021,0.021,-1,Echolocation,/mnt/ubna_data_02_mir/recover-20221013/UBNA_001/20221012_030000.WAV,Telephone Field,recover-20221013,001,1795
496.6545,496.6954,68437,83441,Rhinolophus ferrumequinum,0.03,0.03,-1,Echolocation,/mnt/ubna_data_02_mir/recover-20221013/UBNA_001/20221012_030000.WAV,Telephone Field,recover-20221013,001,1795
496.66949999999997,496.707,68437,81530,Rhinolophus ferrumequinum,0.021,0.021,-1,Echolocation,/mnt/ubna_data_02_mir/recover-20221013/UBNA_001/20221012_030000.WAV,Telephone Field,recover-20221013,001,1795
496.6945,496.734,68437,82164,Rhinolophus ferrumequinum,0.022,0.022,-1,Echolocation,/mnt/ubna_data_02_mir/recover-20221013/UBNA_001/20221012_030000.WAV,Telephone Field,recover-20221013,001,1795
496.6955,496.7015,25468,37213,Plecotus auritus,0.008,0.026,-1,Echolocation,/mnt/ubna_data_02_mir/recover-20221013/UBNA_001/20221012_030000.WAV,Telephone Field,recover-20221013,001,1795
496.7285,496.7693,68437,82943,Rhinolophus ferrumequinum,0.025,0.025,-1,Echolocation,/mnt/ubna_data_02_mir/recover-20221013/UBNA_001/20221012_030000.WAV,Telephone Field,recover-20221013,001,1795
496.7365,496.7769,68437,81937,Rhinolophus ferrumequinum,0.024,0.024,-1,Echolocation,/mnt/ubna_data_02_mir/recover-20221013/UBNA_001/20221012_030000.WAV,Telephone Field,recover-20221013,001,1795
496.7575,496.7953,68437,82880,Rhinolophus ferrumequinum,0.027,0.027,-1,Echolocation,/mnt/ubna_data_02_mir/recover-20221013/UBNA_001/20221012_030000.WAV,Telephone Field,recover-20221013,001,1795
496.7645,496.7743,22890,30053,Plecotus austriacus,0.008,0.025,-1,Echolocation,/mnt/ubna_data_02_mir/recover-20221013/UBNA_001/20221012_030000.WAV,Telephone Field,recover-20221013,001,1795
496.7755,496.7849,30625,40174,Eptesicus serotinus,0.009,0.023,-1,Echolocation,/mnt/ubna_data_02_mir/recover-20221013/UBNA_001/20221012_030000.WAV,Telephone Field,recover-20221013,001,1795
496.7995,496.8372,68437,81768,Rhinolophus ferrumequinum,0.021,0.022,-1,Echolocation,/mnt/ubna_data_02_mir/recover-20221013/UBNA_001/20221012_030000.WAV,Telephone Field,recover-20221013,001,1795
496.8155,496.8562,68437,83012,Rhinolophus ferrumequinum,0.023,0.023,-1,Echolocation,/mnt/ubna_data_02_mir/recover-20221013/UBNA_001/20221012_030000.WAV,Telephone Field,recover-20221013,001,1795
496.8355,496.8734,68437,81803,Rhinolophus ferrumequinum,0.021,0.021,-1,Echolocation,/mnt/ubna_data_02_mir/recover-20221013/UBNA_001/20221012_030000.WAV,Telephone Field,recover-20221013,001,1795
496.8595,496.8959,68437,81769,Rhinolophus ferrumequinum,0.023,0.023,-1,Echolocation,/mnt/ubna_data_02_mir/recover-20221013/UBNA_001/20221012_030000.WAV,Telephone Field,recover-20221013,001,1795
496.8835,496.8929,28906,36753,Eptesicus serotinus,0.009,0.021,-1,Echolocation,/mnt/ubna_data_02_mir/recover-20221013/UBNA_001/20221012_030000.WAV,Telephone Field,recover-20221013,001,1795
496.8865,496.9213,68437,81191,Rhinolophus ferrumequinum,0.024,0.024,-1,Echolocation,/mnt/ubna_data_02_mir/recover-20221013/UBNA_001/20221012_030000.WAV,Telephone Field,recover-20221013,001,1795
496.8915,496.9015,28906,36075,Eptesicus serotinus,0.009,0.022,-1,Echolocation,/mnt/ubna_data_02_mir/recover-20221013/UBNA_001/20221012_030000.WAV,Telephone Field,recover-20221013,001,1795
496.89549999999997,496.9337,68437,82373,Rhinolophus ferrumequinum,0.021,0.021,-1,Echolocation,/mnt/ubna_data_02_mir/recover-20221013/UBNA_001/20221012_030000.WAV,Telephone Field,recover-20221013,001,1795
496.9085,496.9182,23750,30520,Nyctalus leisleri,0.008,0.022,-1,Echolocation,/mnt/ubna_data_02_mir/recover-20221013/UBNA_001/20221012_030000.WAV,Telephone Field,recover-20221013,001,1795
496.9235,496.9315,47812,51780,Pipistrellus pipistrellus,0.022,0.024,-1,Echolocation,/mnt/ubna_data_02_mir/recover-20221013/UBNA_001/20221012_030000.WAV,Telephone Field,recover-20221013,001,1795
496.9365,496.9519,22031,25431,Nyctalus leisleri,0.018,0.03,-1,Echolocation,/mnt/ubna_data_02_mir/recover-20221013/UBNA_001/20221012_030000.WAV,Telephone Field,recover-20221013,001,1795
496.9545,496.992,68437,82318,Rhinolophus ferrumequinum,0.023,0.023,-1,Echolocation,/mnt/ubna_data_02_mir/recover-20221013/UBNA_001/20221012_030000.WAV,Telephone Field,recover-20221013,001,1795
496.9575,496.968,50390,55329,Pipistrellus pipistrellus,0.015,0.021,-1,Echolocation,/mnt/ubna_data_02_mir/recover-20221013/UBNA_001/20221012_030000.WAV,Telephone Field,recover-20221013,001,1795
496.9805,497.0206,68437,82783,Rhinolophus ferrumequinum,0.027,0.027,-1,Echolocation,/mnt/ubna_data_02_mir/recover-20221013/UBNA_001/20221012_030000.WAV,Telephone Field,recover-20221013,001,1795
496.9905,497.0301,68437,82712,Rhinolophus ferrumequinum,0.037,0.037,-1,Echolocation,/mnt/ubna_data_02_mir/recover-20221013/UBNA_001/20221012_030000.WAV,Telephone Field,recover-20221013,001,1795
496.9935,497.0025,26328,35114,Eptesicus serotinus,0.012,0.026,-1,Echolocation,/mnt/ubna_data_02_mir/recover-20221013/UBNA_001/20221012_030000.WAV,Telephone Field,recover-20221013,001,1795
497.0135,497.0525,68437,82126,Rhinolophus ferrumequinum,0.022,0.022,-1,Echolocation,/mnt/ubna_data_02_mir/recover-20221013/UBNA_001/20221012_030000.WAV,Telephone Field,recover-20221013,001,1795
497.0295,497.067,68437,81494,Rhinolophus ferrumequinum,0.02,0.021,-1,Echolocation,/mnt/ubna_data_02_mir/recover-20221013/UBNA_001/20221012_030000.WAV,Telephone Field,recover-20221013,001,1795
497.0355,497.0733,68437,82022,Rhinolophus ferrumequinum,0.021,0.021,-1,Echolocation,/mnt/ubna_data_02_mir/recover-20221013/UBNA_001/20221012_030000.WAV,Telephone Field,recover-20221013,001,1795
497.0665,497.0766,22890,28183,Nyctalus leisleri,0.01,0.022,-1,Echolocation,/mnt/ubna_data_02_mir/recover-20221013/UBNA_001/20221012_030000.WAV,Telephone Field,recover-20221013,001,1795
497.1015,497.1327,68437,81226,Rhinolophus ferrumequinum,0.022,0.022,-1,Echolocation,/mnt/ubna_data_02_mir/recover-20221013/UBNA_001/20221012_030000.WAV,Telephone Field,recover-20221013,001,1795
497.14549999999997,497.1843,68437,82298,Rhinolophus ferrumequinum,0.021,0.022,-1,Echolocation,/mnt/ubna_data_02_mir/recover-20221013/UBNA_001/20221012_030000.WAV,Telephone Field,recover-20221013,001,1795
497.2045,497.241,68437,81578,Rhinolophus ferrumequinum,0.022,0.023,-1,Echolocation,/mnt/ubna_data_02_mir/recover-20221013/UBNA_001/20221012_030000.WAV,Telephone Field,recover-20221013,001,1795
497.2065,497.2131,25468,34749,Plecotus austriacus,0.006,0.023,-1,Echolocation,/mnt/ubna_data_02_mir/recover-20221013/UBNA_001/20221012_030000.WAV,Telephone Field,recover-20221013,001,1795
497.2395,497.2781,68437,81884,Rhinolophus ferrumequinum,0.021,0.021,-1,Echolocation,/mnt/ubna_data_02_mir/recover-20221013/UBNA_001/20221012_030000.WAV,Telephone Field,recover-20221013,001,1795
497.2915,497.2974,28046,43607,Plecotus auritus,0.005,0.022,-1,Echolocation,/mnt/ubna_data_02_mir/recover-20221013/UBNA_001/20221012_030000.WAV,Telephone Field,recover-20221013,001,1795
497.3135,497.3507,68437,81400,Rhinolophus ferrumequinum,0.021,0.021,-1,Echolocation,/mnt/ubna_data_02_mir/recover-20221013/UBNA_001/20221012_030000.WAV,Telephone Field,recover-20221013,001,1795
497.3395,497.376,68437,82290,Rhinolophus ferrumequinum,0.022,0.022,-1,Echolocation,/mnt/ubna_data_02_mir/recover-20221013/UBNA_001/20221012_030000.WAV,Telephone Field,recover-20221013,001,1795
497.3515,497.3902,68437,82115,Rhinolophus ferrumequinum,0.021,0.021,-1,Echolocation,/mnt/ubna_data_02_mir/recover-20221013/UBNA_001/20221012_030000.WAV,Telephone Field,recover-20221013,001,1795
497.3575,497.3943,68437,82143,Rhinolophus ferrumequinum,0.021,0.021,-1,Echolocation,/mnt/ubna_data_02_mir/recover-20221013/UBNA_001/20221012_030000.WAV,Telephone Field,recover-20221013,001,1795
497.3625,497.3722,24609,31745,Eptesicus serotinus,0.009,0.021,-1,Echolocation,/mnt/ubna_data_02_mir/recover-20221013/UBNA_001/20221012_030000.WAV,Telephone Field,recover-20221013,001,1795
497.3735,497.3816,27187,39118,Eptesicus serotinus,0.008,0.025,-1,Echolocation,/mnt/ubna_data_02_mir/recover-20221013/UBNA_001/20221012_030000.WAV,Telephone Field,recover-20221013,001,1795
497.3735,497.4157,68437,83232,Rhinolophus ferrumequinum,0.039,0.039,-1,Echolocation,/mnt/ubna_data_02_mir/recover-20221013/UBNA_001/20221012_030000.WAV,Telephone Field,recover-20221013,001,1795
497.3745,497.3799,33203,45143,Myotis daubentonii,0.008,0.026,-1,Echolocation,/mnt/ubna_data_02_mir/recover-20221013/UBNA_001/20221012_030000.WAV,Telephone Field,recover-20221013,001,1795
497.3995,497.4372,68437,81788,Rhinolophus ferrumequinum,0.022,0.022,-1,Echolocation,/mnt/ubna_data_02_mir/recover-20221013/UBNA_001/20221012_030000.WAV,Telephone Field,recover-20221013,001,1795
497.41949999999997,497.4583,68437,82061,Rhinolophus ferrumequinum,0.024,0.024,-1,Echolocation,/mnt/ubna_data_02_mir/recover-20221013/UBNA_001/20221012_030000.WAV,Telephone Field,recover-20221013,001,1795
497.41949999999997,497.4277,28046,39252,Eptesicus serotinus,0.007,0.022,-1,Echolocation,/mnt/ubna_data_02_mir/recover-20221013/UBNA_001/20221012_030000.WAV,Telephone Field,recover-20221013,001,1795
497.4615,497.472,24609,31316,Eptesicus serotinus,0.008,0.024,-1,Echolocation,/mnt/ubna_data_02_mir/recover-20221013/UBNA_001/20221012_030000.WAV,Telephone Field,recover-20221013,001,1795
497.4645,497.5024,68437,82151,Rhinolophus ferrumequinum,0.028,0.028,-1,Echolocation,/mnt/ubna_data_02_mir/recover-20221013/UBNA_001/20221012_030000.WAV,Telephone Field,recover-20221013,001,1795
497.4775,497.5169,68437,82509,Rhinolophus ferrumequinum,0.02,0.02,-1,Echolocation,/mnt/ubna_data_02_mir/recover-20221013/UBNA_001/20221012_030000.WAV,Telephone Field,recover-20221013,001,1795
497.4905,497.5297,68437,82103,Rhinolophus ferrumequinum,0.021,0.021,-1,Echolocation,/mnt/ubna_data_02_mir/recover-20221013/UBNA_001/20221012_030000.WAV,Telephone Field,recover-20221013,001,1795
497.5045,497.5432,68437,82152,Rhinolophus ferrumequinum,0.024,0.024,-1,Echolocation,/mnt/ubna_data_02_mir/recover-20221013/UBNA_001/20221012_030000.WAV,Telephone Field,recover-20221013,001,1795
497.5395,497.5794,68437,81517,Rhinolophus ferrumequinum,0.027,0.027,-1,Echolocation,/mnt/ubna_data_02_mir/recover-20221013/UBNA_001/20221012_030000.WAV,Telephone Field,recover-20221013,001,1795
497.5395,497.5515,22890,28879,Nyctalus leisleri,0.012,0.029,-1,Echolocation,/mnt/ubna_data_02_mir/recover-20221013/UBNA_001/20221012_030000.WAV,Telephone Field,recover-20221013,001,1795
497.5505,497.5889,68437,82092,Rhinolophus ferrumequinum,0.027,0.027,-1,Echolocation,/mnt/ubna_data_02_mir/recover-20221013/UBNA_001/20221012_030000.WAV,Telephone Field,recover-20221013,001,1795
497.5745,497.5813,28046,42835,Eptesicus serotinus,0.008,0.029,-1,Echolocation,/mnt/ubna_data_02_mir/recover-20221013/UBNA_001/20221012_030000.WAV,Telephone Field,recover-20221013,001,1795
497.5755,497.5821,36640,42638,Barbastellus barbastellus,0.006,0.02,-1,Echolocation,/mnt/ubna_data_02_mir/recover-20221013/UBNA_001/20221012_030000.WAV,Telephone Field,recover-20221013,001,1795
497.5875,497.6255,68437,82094,Rhinolophus ferrumequinum,0.02,0.02,-1,Echolocation,/mnt/ubna_data_02_mir/recover-20221013/UBNA_001/20221012_030000.WAV,Telephone Field,recover-20221013,001,1795
497.5945,497.605,23750,29793,Nyctalus leisleri,0.008,0.024,-1,Echolocation,/mnt/ubna_data_02_mir/recover-20221013/UBNA_001/20221012_030000.WAV,Telephone Field,recover-20221013,001,1795
497.5985,497.6363,68437,82016,Rhinolophus ferrumequinum,0.024,0.024,-1,Echolocation,/mnt/ubna_data_02_mir/recover-20221013/UBNA_001/20221012_030000.WAV,Telephone Field,recover-20221013,001,1795
497.6225,497.65930000000003,68437,81694,Rhinolophus ferrumequinum,0.021,0.021,-1,Echolocation,/mnt/ubna_data_02_mir/recover-20221013/UBNA_001/20221012_030000.WAV,Telephone Field,recover-20221013,001,1795
497.6365,497.6469,23750,29247,Nyctalus leisleri,0.009,0.021,-1,Echolocation,/mnt/ubna_data_02_mir/recover-20221013/UBNA_001/20221012_030000.WAV,Telephone Field,recover-20221013,001,1795
497.6375,497.679,68437,81749,Rhinolophus ferrumequinum,0.025,0.025,-1,Echolocation,/mnt/ubna_data_02_mir/recover-20221013/UBNA_001/20221012_030000.WAV,Telephone Field,recover-20221013,001,1795
497.6705,497.7107,68437,82342,Rhinolophus ferrumequinum,0.023,0.023,-1,Echolocation,/mnt/ubna_data_02_mir/recover-20221013/UBNA_001/20221012_030000.WAV,Telephone Field,recover-20221013,001,1795
497.6725,497.6822,25468,33149,Eptesicus serotinus,0.012,0.029,-1,Echolocation,/mnt/ubna_data_02_mir/recover-20221013/UBNA_001/20221012_030000.WAV,Telephone Field,recover-20221013,001,1795
497.7045,497.712,24609,33754,Plecotus austriacus,0.007,0.022,-1,Echolocation,/mnt/ubna_data_02_mir/recover-20221013/UBNA_001/20221012_030000.WAV,Telephone Field,recover-20221013,001,1795
497.7065,497.74739999999997,68437,82916,Rhinolophus ferrumequinum,0.023,0.023,-1,Echolocation,/mnt/ubna_data_02_mir/recover-20221013/UBNA_001/20221012_030000.WAV,Telephone Field,recover-20221013,001,1795
497.7205,497.72950000000003,25468,34588,Eptesicus serotinus,0.008,0.02,-1,Echolocation,/mnt/ubna_data_02_mir/recover-20221013/UBNA_001/20221012_030000.WAV,Telephone Field,recover-20221013,001,1795
497.7315,497.7694,68437,82023,Rhinolophus ferrumequinum,0.026,0.026,-1,Echolocation,/mnt/ubna_data_02_mir/recover-20221013/UBNA_001/20221012_030000.WAV,Telephone Field,recover-20221013,001,1795
497.7355,497.7417,25468,35989,Plecotus auritus,0.011,0.034,-1,Echolocation,/mnt/ubna_data_02_mir/recover-20221013/UBNA_001/20221012_030000.WAV,Telephone Field,recover-20221013,001,1795
497.7635,497.80219999999997,68437,82048,Rhinolophus ferrumequinum,0.027,0.027,-1,Echolocation,/mnt/ubna_data_02_mir/recover-20221013/UBNA_001/20221012_030000.WAV,Telephone Field,recover-20221013,001,1795
497.7665,497.7766,22031,26836,Nyctalus leisleri,0.01,0.022,-1,Echolocation,/mnt/ubna_data_02_mir/recover-20221013/UBNA_001/20221012_030000.WAV,Telephone Field,recover-20221013,001,1795
497.8125,497.8506,68437,81977,Rhinolophus ferrumequinum,0.021,0.021,-1,Echolocation,/mnt/ubna_data_02_mir/recover-20221013/UBNA_001/20221012_030000.WAV,Telephone Field,recover-20221013,001,1795
497.8395,497.8775,68437,81581,Rhinolophus ferrumequinum,0.021,0.021,-1,Echolocation,/mnt/ubna_data_02_mir/recover-20221013/UBNA_001/20221012_030000.WAV,Telephone Field,recover-20221013,001,1795
497.8675,497.907,68437,83074,Rhinolophus ferrumequinum,0.027,0.027,-1,Echolocation,/mnt/ubna_data_02_mir/recover-20221013/UBNA_001/20221012_030000.WAV,Telephone Field,recover-20221013,001,1795
497.8755,497.9165,68437,83311,Rhinolophus ferrumequinum,0.038,0.038,-1,Echolocation,/mnt/ubna_data_02_mir/recover-20221013/UBNA_001/20221012_030000.WAV,Telephone Field,recover-20221013,001,1795
497.8755,497.8819,27187,39048,Eptesicus serotinus,0.008,0.032,-1,Echolocation,/mnt/ubna_data_02_mir/recover-20221013/UBNA_001/20221012_030000.WAV,Telephone Field,recover-20221013,001,1795
497.9205,497.9596,68437,82179,Rhinolophus ferrumequinum,0.024,0.024,-1,Echolocation,/mnt/ubna_data_02_mir/recover-20221013/UBNA_001/20221012_030000.WAV,Telephone Field,recover-20221013,001,1795
497.9355,497.9422,27187,35759,Eptesicus serotinus,0.007,0.022,-1,Echolocation,/mnt/ubna_data_02_mir/recover-20221013/UBNA_001/20221012_030000.WAV,Telephone Field,recover-20221013,001,1795
497.9595,497.9678,26328,34990,Eptesicus serotinus,0.008,0.023,-1,Echolocation,/mnt/ubna_data_02_mir/recover-20221013/UBNA_001/20221012_030000.WAV,Telephone Field,recover-20221013,001,1795
498.0015,498.0351,68437,79853,Rhinolophus ferrumequinum,0.064,0.064,-1,Echolocation,/mnt/ubna_data_02_mir/recover-20221013/UBNA_001/20221012_030000.WAV,Telephone Field,recover-20221013,001,1795
498.0015,498.0126,59843,67221,Pipistrellus pygmaeus,0.021,0.022,-1,Echolocation,/mnt/ubna_data_02_mir/recover-20221013/UBNA_001/20221012_030000.WAV,Telephone Field,recover-20221013,001,1795
498.0015,498.012,22031,28116,Nyctalus leisleri,0.013,0.03,-1,Echolocation,/mnt/ubna_data_02_mir/recover-20221013/UBNA_001/20221012_030000.WAV,Telephone Field,recover-20221013,001,1795
498.0065,498.0485,68437,82527,Rhinolophus ferrumequinum,0.039,0.039,-1,Echolocation,/mnt/ubna_data_02_mir/recover-20221013/UBNA_001/20221012_030000.WAV,Telephone Field,recover-20221013,001,1795
498.0555,498.0622,23750,34061,Plecotus austriacus,0.013,0.027,-1,Echolocation,/mnt/ubna_data_02_mir/recover-20221013/UBNA_001/20221012_030000.WAV,Telephone Field,recover-20221013,001,1795
498.0675,498.1056,68437,82325,Rhinolophus ferrumequinum,0.022,0.022,-1,Echolocation,/mnt/ubna_data_02_mir/recover-20221013/UBNA_001/20221012_030000.WAV,Telephone Field,recover-20221013,001,1795
498.0775,498.0867,22890,29943,Nyctalus leisleri,0.007,0.021,-1,Echolocation,/mnt/ubna_data_02_mir/recover-20221013/UBNA_001/20221012_030000.WAV,Telephone Field,recover-20221013,001,1795
498.0785,498.1165,68437,82238,Rhinolophus ferrumequinum,0.02,0.02,-1,Echolocation,/mnt/ubna_data_02_mir/recover-20221013/UBNA_001/20221012_030000.WAV,Telephone Field,recover-20221013,001,1795
498.1145,498.1248,22890,27320,Nyctalus leisleri,0.01,0.02,-1,Echolocation,/mnt/ubna_data_02_mir/recover-20221013/UBNA_001/20221012_030000.WAV,Telephone Field,recover-20221013,001,1795
498.1275,498.1348,27187,35962,Eptesicus serotinus,0.006,0.021,-1,Echolocation,/mnt/ubna_data_02_mir/recover-20221013/UBNA_001/20221012_030000.WAV,Telephone Field,recover-20221013,001,1795
498.2065,498.2483,68437,83042,Rhinolophus ferrumequinum,0.027,0.027,-1,Echolocation,/mnt/ubna_data_02_mir/recover-20221013/UBNA_001/20221012_030000.WAV,Telephone Field,recover-20221013,001,1795
498.2165,498.2616,68437,83493,Rhinolophus ferrumequinum,0.035,0.035,-1,Echolocation,/mnt/ubna_data_02_mir/recover-20221013/UBNA_001/20221012_030000.WAV,Telephone Field,recover-20221013,001,1795
498.2225,498.2317,28906,36380,Eptesicus serotinus,0.008,0.022,-1,Echolocation,/mnt/ubna_data_02_mir/recover-20221013/UBNA_001/20221012_030000.WAV,Telephone Field,recover-20221013,001,1795
498.2555,498.2659,28906,36743,Eptesicus serotinus,0.009,0.023,-1,Echolocation,/mnt/ubna_data_02_mir/recover-20221013/UBNA_001/20221012_030000.WAV,Telephone Field,recover-20221013,001,1795
498.2635,498.2735,28906,35440,Eptesicus serotinus,0.008,0.02,-1,Echolocation,/mnt/ubna_data_02_mir/recover-20221013/UBNA_001/20221012_030000.WAV,Telephone Field,recover-20221013,001,1795
498.2695,498.2801,23750,29058,Nyctalus leisleri,0.016,0.035,-1,Echolocation,/mnt/ubna_data_02_mir/recover-20221013/UBNA_001/20221012_030000.WAV,Telephone Field,recover-20221013,001,1795
498.2815,498.3216,68437,82871,Rhinolophus ferrumequinum,0.028,0.028,-1,Echolocation,/mnt/ubna_data_02_mir/recover-20221013/UBNA_001/20221012_030000.WAV,Telephone Field,recover-20221013,001,1795
498.2955,498.304,28046,39150,Eptesicus serotinus,0.008,0.02,-1,Echolocation,/mnt/ubna_data_02_mir/recover-20221013/UBNA_001/20221012_030000.WAV,Telephone Field,recover-20221013,001,1795
498.3035,498.3125,26328,33573,Eptesicus serotinus,0.009,0.023,-1,Echolocation,/mnt/ubna_data_02_mir/recover-20221013/UBNA_001/20221012_030000.WAV,Telephone Field,recover-20221013,001,1795
498.3365,498.3753,68437,82457,Rhinolophus ferrumequinum,0.021,0.021,-1,Echolocation,/mnt/ubna_data_02_mir/recover-20221013/UBNA_001/20221012_030000.WAV,Telephone Field,recover-20221013,001,1795
498.3365,498.3441,24609,33531,Plecotus austriacus,0.006,0.02,-1,Echolocation,/mnt/ubna_data_02_mir/recover-20221013/UBNA_001/20221012_030000.WAV,Telephone Field,recover-20221013,001,1795
498.3505,498.3922,68437,83291,Rhinolophus ferrumequinum,0.025,0.025,-1,Echolocation,/mnt/ubna_data_02_mir/recover-20221013/UBNA_001/20221012_030000.WAV,Telephone Field,recover-20221013,001,1795
498.3745,498.3816,28046,41515,Eptesicus serotinus,0.009,0.026,-1,Echolocation,/mnt/ubna_data_02_mir/recover-20221013/UBNA_001/20221012_030000.WAV,Telephone Field,recover-20221013,001,1795
498.3945,498.4074,23750,28342,Nyctalus leisleri,0.012,0.023,-1,Echolocation,/mnt/ubna_data_02_mir/recover-20221013/UBNA_001/20221012_030000.WAV,Telephone Field,recover-20221013,001,1795
498.4355,498.4433,23750,31627,Plecotus austriacus,0.008,0.021,-1,Echolocation,/mnt/ubna_data_02_mir/recover-20221013/UBNA_001/20221012_030000.WAV,Telephone Field,recover-20221013,001,1795
498.4715,498.51279999999997,68437,82794,Rhinolophus ferrumequinum,0.023,0.023,-1,Echolocation,/mnt/ubna_data_02_mir/recover-20221013/UBNA_001/20221012_030000.WAV,Telephone Field,recover-20221013,001,1795
498.4785,498.5169,68437,82022,Rhinolophus ferrumequinum,0.021,0.022,-1,Echolocation,/mnt/ubna_data_02_mir/recover-20221013/UBNA_001/20221012_030000.WAV,Telephone Field,recover-20221013,001,1795
498.4905,498.4977,24609,35156,Plecotus austriacus,0.009,0.025,-1,Echolocation,/mnt/ubna_data_02_mir/recover-20221013/UBNA_001/20221012_030000.WAV,Telephone Field,recover-20221013,001,1795
498.5065,498.5142,28046,40556,Eptesicus serotinus,0.007,0.023,-1,Echolocation,/mnt/ubna_data_02_mir/recover-20221013/UBNA_001/20221012_030000.WAV,Telephone Field,recover-20221013,001,1795
498.5275,498.56510000000003,68437,81849,Rhinolophus ferrumequinum,0.022,0.022,-1,Echolocation,/mnt/ubna_data_02_mir/recover-20221013/UBNA_001/20221012_030000.WAV,Telephone Field,recover-20221013,001,1795
498.54449999999997,498.5819,68437,82329,Rhinolophus ferrumequinum,0.02,0.02,-1,Echolocation,/mnt/ubna_data_02_mir/recover-20221013/UBNA_001/20221012_030000.WAV,Telephone Field,recover-20221013,001,1795
498.5545,498.5617,23750,31339,Plecotus austriacus,0.01,0.021,-1,Echolocation,/mnt/ubna_data_02_mir/recover-20221013/UBNA_001/20221012_030000.WAV,Telephone Field,recover-20221013,001,1795
498.5875,498.6249,68437,81296,Rhinolophus ferrumequinum,0.02,0.02,-1,Echolocation,/mnt/ubna_data_02_mir/recover-20221013/UBNA_001/20221012_030000.WAV,Telephone Field,recover-20221013,001,1795
498.6505,498.689,68437,81673,Rhinolophus ferrumequinum,0.022,0.022,-1,Echolocation,/mnt/ubna_data_02_mir/recover-20221013/UBNA_001/20221012_030000.WAV,Telephone Field,recover-20221013,001,1795
498.66949999999997,498.6782,23750,30855,Plecotus austriacus,0.007,0.022,-1,Echolocation,/mnt/ubna_data_02_mir/recover-20221013/UBNA_001/20221012_030000.WAV,Telephone Field,recover-20221013,001,1795
498.6785,498.7177,68437,82541,Rhinolophus ferrumequinum,0.024,0.024,-1,Echolocation,/mnt/ubna_data_02_mir/recover-20221013/UBNA_001/20221012_030000.WAV,Telephone Field,recover-20221013,001,1795
498.7155,498.7523,68437,81561,Rhinolophus ferrumequinum,0.02,0.02,-1,Echolocation,/mnt/ubna_data_02_mir/recover-20221013/UBNA_001/20221012_030000.WAV,Telephone Field,recover-20221013,001,1795
498.7505,498.7588,28046,37714,Eptesicus serotinus,0.007,0.021,-1,Echolocation,/mnt/ubna_data_02_mir/recover-20221013/UBNA_001/20221012_030000.WAV,Telephone Field,recover-20221013,001,1795
498.7645,498.7756,22890,28527,Nyctalus leisleri,0.012,0.025,-1,Echolocation,/mnt/ubna_data_02_mir/recover-20221013/UBNA_001/20221012_030000.WAV,Telephone Field,recover-20221013,001,1795
498.7665,498.8051,68437,82663,Rhinolophus ferrumequinum,0.022,0.022,-1,Echolocation,/mnt/ubna_data_02_mir/recover-20221013/UBNA_001/20221012_030000.WAV,Telephone Field,recover-20221013,001,1795
498.7885,498.8301,68437,82849,Rhinolophus ferrumequinum,0.02,0.02,-1,Echolocation,/mnt/ubna_data_02_mir/recover-20221013/UBNA_001/20221012_030000.WAV,Telephone Field,recover-20221013,001,1795
498.8045,498.8152,22890,27477,Nyctalus leisleri,0.011,0.022,-1,Echolocation,/mnt/ubna_data_02_mir/recover-20221013/UBNA_001/20221012_030000.WAV,Telephone Field,recover-20221013,001,1795
498.8125,498.8207,26328,34545,Eptesicus serotinus,0.008,0.021,-1,Echolocation,/mnt/ubna_data_02_mir/recover-20221013/UBNA_001/20221012_030000.WAV,Telephone Field,recover-20221013,001,1795
498.8615,498.8959,68437,82129,Rhinolophus ferrumequinum,0.02,0.02,-1,Echolocation,/mnt/ubna_data_02_mir/recover-20221013/UBNA_001/20221012_030000.WAV,Telephone Field,recover-20221013,001,1795
498.8865,498.9291,68437,83459,Rhinolophus ferrumequinum,0.026,0.026,-1,Echolocation,/mnt/ubna_data_02_mir/recover-20221013/UBNA_001/20221012_030000.WAV,Telephone Field,recover-20221013,001,1795
499.0015,499.0123,24609,30579,Nyctalus leisleri,0.008,0.021,-1,Echolocation,/mnt/ubna_data_02_mir/recover-20221013/UBNA_001/20221012_030000.WAV,Telephone Field,recover-20221013,001,1795
499.0135,499.0228,25468,33225,Eptesicus serotinus,0.009,0.022,-1,Echolocation,/mnt/ubna_data_02_mir/recover-20221013/UBNA_001/20221012_030000.WAV,Telephone Field,recover-20221013,001,1795
499.0285,499.0675,68437,82448,Rhinolophus ferrumequinum,0.024,0.024,-1,Echolocation,/mnt/ubna_data_02_mir/recover-20221013/UBNA_001/20221012_030000.WAV,Telephone Field,recover-20221013,001,1795
499.0635,499.1046,68437,82369,Rhinolophus ferrumequinum,0.022,0.022,-1,Echolocation,/mnt/ubna_data_02_mir/recover-20221013/UBNA_001/20221012_030000.WAV,Telephone Field,recover-20221013,001,1795
499.0875,499.1262,68437,81978,Rhinolophus ferrumequinum,0.023,0.023,-1,Echolocation,/mnt/ubna_data_02_mir/recover-20221013/UBNA_001/20221012_030000.WAV,Telephone Field,recover-20221013,001,1795
499.1215,499.1285,25468,34300,Plecotus austriacus,0.006,0.022,-1,Echolocation,/mnt/ubna_data_02_mir/recover-20221013/UBNA_001/20221012_030000.WAV,Telephone Field,recover-20221013,001,1795
499.1315,499.1697,68437,81710,Rhinolophus ferrumequinum,0.02,0.02,-1,Echolocation,/mnt/ubna_data_02_mir/recover-20221013/UBNA_001/20221012_030000.WAV,Telephone Field,recover-20221013,001,1795
499.1525,499.1594,24609,32998,Plecotus austriacus,0.008,0.021,-1,Echolocation,/mnt/ubna_data_02_mir/recover-20221013/UBNA_001/20221012_030000.WAV,Telephone Field,recover-20221013,001,1795
499.2045,499.2471,68437,82807,Rhinolophus ferrumequinum,0.022,0.022,-1,Echolocation,/mnt/ubna_data_02_mir/recover-20221013/UBNA_001/20221012_030000.WAV,Telephone Field,recover-20221013,001,1795
499.2955,499.3331,68437,82260,Rhinolophus ferrumequinum,0.021,0.021,-1,Echolocation,/mnt/ubna_data_02_mir/recover-20221013/UBNA_001/20221012_030000.WAV,Telephone Field,recover-20221013,001,1795
499.2975,499.3071,47812,52248,Pipistrellus pipistrellus,0.021,0.024,-1,Echolocation,/mnt/ubna_data_02_mir/recover-20221013/UBNA_001/20221012_030000.WAV,Telephone Field,recover-20221013,001,1795
499.3125,499.3217,28046,36037,Eptesicus serotinus,0.007,0.02,-1,Echolocation,/mnt/ubna_data_02_mir/recover-20221013/UBNA_001/20221012_030000.WAV,Telephone Field,recover-20221013,001,1795
499.3225,499.3623,68437,82239,Rhinolophus ferrumequinum,0.026,0.026,-1,Echolocation,/mnt/ubna_data_02_mir/recover-20221013/UBNA_001/20221012_030000.WAV,Telephone Field,recover-20221013,001,1795
499.3715,499.4088,68437,82225,Rhinolophus ferrumequinum,0.02,0.02,-1,Echolocation,/mnt/ubna_data_02_mir/recover-20221013/UBNA_001/20221012_030000.WAV,Telephone Field,recover-20221013,001,1795
499.3935,499.4342,68437,82290,Rhinolophus ferrumequinum,0.021,0.021,-1,Echolocation,/mnt/ubna_data_02_mir/recover-20221013/UBNA_001/20221012_030000.WAV,Telephone Field,recover-20221013,001,1795
499.4105,499.4174,27187,40621,Eptesicus serotinus,0.006,0.022,-1,Echolocation,/mnt/ubna_data_02_mir/recover-20221013/UBNA_001/20221012_030000.WAV,Telephone Field,recover-20221013,001,1795
499.4185,499.4577,68437,82493,Rhinolophus ferrumequinum,0.021,0.021,-1,Echolocation,/mnt/ubna_data_02_mir/recover-20221013/UBNA_001/20221012_030000.WAV,Telephone Field,recover-20221013,001,1795
499.4355,499.4738,68437,82967,Rhinolophus ferrumequinum,0.024,0.024,-1,Echolocation,/mnt/ubna_data_02_mir/recover-20221013/UBNA_001/20221012_030000.WAV,Telephone Field,recover-20221013,001,1795
499.4415,499.4489,28046,38677,Eptesicus serotinus,0.007,0.022,-1,Echolocation,/mnt/ubna_data_02_mir/recover-20221013/UBNA_001/20221012_030000.WAV,Telephone Field,recover-20221013,001,1795
499.4885,499.5272,68437,82551,Rhinolophus ferrumequinum,0.022,0.022,-1,Echolocation,/mnt/ubna_data_02_mir/recover-20221013/UBNA_001/20221012_030000.WAV,Telephone Field,recover-20221013,001,1795
499.5375,499.5755,68437,81200,Rhinolophus ferrumequinum,0.021,0.022,-1,Echolocation,/mnt/ubna_data_02_mir/recover-20221013/UBNA_001/20221012_030000.WAV,Telephone Field,recover-20221013,001,1795
499.5515,499.5918,68437,82036,Rhinolophus ferrumequinum,0.022,0.022,-1,Echolocation,/mnt/ubna_data_02_mir/recover-20221013/UBNA_001/20221012_030000.WAV,Telephone Field,recover-20221013,001,1795
499.5595,499.6011,68437,83026,Rhinolophus ferrumequinum,0.023,0.023,-1,Echolocation,/mnt/ubna_data_02_mir/recover-20221013/UBNA_001/20221012_030000.WAV,Telephone Field,recover-20221013,001,1795
499.6325,499.6705,68437,82194,Rhinolophus ferrumequinum,0.029,0.029,-1,Echolocation,/mnt/ubna_data_02_mir/recover-20221013/UBNA_001/20221012_030000.WAV,Telephone Field,recover-20221013,001,1795
499.6345,499.6422,27187,39647,Eptesicus serotinus,0.007,0.021,-1,Echolocation,/mnt/ubna_data_02_mir/recover-20221013/UBNA_001/20221012_030000.WAV,Telephone Field,recover-20221013,001,1795
499.6435,499.6814,68437,82298,Rhinolophus ferrumequinum,0.022,0.022,-1,Echolocation,/mnt/ubna_data_02_mir/recover-20221013/UBNA_001/20221012_030000.WAV,Telephone Field,recover-20221013,001,1795
499.6705,499.712,68437,83015,Rhinolophus ferrumequinum,0.022,0.022,-1,Echolocation,/mnt/ubna_data_02_mir/recover-20221013/UBNA_001/20221012_030000.WAV,Telephone Field,recover-20221013,001,1795
499.6735,499.6835,22890,28236,Nyctalus leisleri,0.01,0.022,-1,Echolocation,/mnt/ubna_data_02_mir/recover-20221013/UBNA_001/20221012_030000.WAV,Telephone Field,recover-20221013,001,1795
499.7215,499.7301,28046,39782,Eptesicus serotinus,0.008,0.021,-1,Echolocation,/mnt/ubna_data_02_mir/recover-20221013/UBNA_001/20221012_030000.WAV,Telephone Field,recover-20221013,001,1795
499.7275,499.7357,28046,38148,Eptesicus serotinus,0.007,0.021,-1,Echolocation,/mnt/ubna_data_02_mir/recover-20221013/UBNA_001/20221012_030000.WAV,Telephone Field,recover-20221013,001,1795
499.7545,499.7913,68437,82171,Rhinolophus ferrumequinum,0.021,0.021,-1,Echolocation,/mnt/ubna_data_02_mir/recover-20221013/UBNA_001/20221012_030000.WAV,Telephone Field,recover-20221013,001,1795
499.7645,499.8023,68437,81649,Rhinolophus ferrumequinum,0.022,0.022,-1,Echolocation,/mnt/ubna_data_02_mir/recover-20221013/UBNA_001/20221012_030000.WAV,Telephone Field,recover-20221013,001,1795
499.7765,499.8158,68437,82407,Rhinolophus ferrumequinum,0.024,0.024,-1,Echolocation,/mnt/ubna_data_02_mir/recover-20221013/UBNA_001/20221012_030000.WAV,Telephone Field,recover-20221013,001,1795
499.7785,499.7857,23750,31848,Plecotus austriacus,0.008,0.021,-1,Echolocation,/mnt/ubna_data_02_mir/recover-20221013/UBNA_001/20221012_030000.WAV,Telephone Field,recover-20221013,001,1795
499.7875,499.8205,68437,80639,Rhinolophus ferrumequinum,0.021,0.021,-1,Echolocation,/mnt/ubna_data_02_mir/recover-20221013/UBNA_001/20221012_030000.WAV,Telephone Field,recover-20221013,001,1795
499.8215,499.8347,24609,29488,Nyctalus leisleri,0.012,0.027,-1,Echolocation,/mnt/ubna_data_02_mir/recover-20221013/UBNA_001/20221012_030000.WAV,Telephone Field,recover-20221013,001,1795
499.8295,499.84069999999997,24609,30498,Nyctalus leisleri,0.01,0.023,-1,Echolocation,/mnt/ubna_data_02_mir/recover-20221013/UBNA_001/20221012_030000.WAV,Telephone Field,recover-20221013,001,1795
499.8295,499.871,68437,82786,Rhinolophus ferrumequinum,0.025,0.025,-1,Echolocation,/mnt/ubna_data_02_mir/recover-20221013/UBNA_001/20221012_030000.WAV,Telephone Field,recover-20221013,001,1795
499.8435,499.8815,68437,82162,Rhinolophus ferrumequinum,0.023,0.023,-1,Echolocation,/mnt/ubna_data_02_mir/recover-20221013/UBNA_001/20221012_030000.WAV,Telephone Field,recover-20221013,001,1795
499.8535,499.8632,22890,28835,Nyctalus leisleri,0.008,0.02,-1,Echolocation,/mnt/ubna_data_02_mir/recover-20221013/UBNA_001/20221012_030000.WAV,Telephone Field,recover-20221013,001,1795
499.8595,499.8689,28906,36629,Eptesicus serotinus,0.01,0.023,-1,Echolocation,/mnt/ubna_data_02_mir/recover-20221013/UBNA_001/20221012_030000.WAV,Telephone Field,recover-20221013,001,1795
499.8695,499.9064,68437,81824,Rhinolophus ferrumequinum,0.02,0.02,-1,Echolocation,/mnt/ubna_data_02_mir/recover-20221013/UBNA_001/20221012_030000.WAV,Telephone Field,recover-20221013,001,1795
499.8965,499.93489999999997,68437,81990,Rhinolophus ferrumequinum,0.021,0.021,-1,Echolocation,/mnt/ubna_data_02_mir/recover-20221013/UBNA_001/20221012_030000.WAV,Telephone Field,recover-20221013,001,1795
499.9155,499.9566,68437,82989,Rhinolophus ferrumequinum,0.034,0.034,-1,Echolocation,/mnt/ubna_data_02_mir/recover-20221013/UBNA_001/20221012_030000.WAV,Telephone Field,recover-20221013,001,1795
499.9425,499.9805,68437,82200,Rhinolophus ferrumequinum,0.022,0.022,-1,Echolocation,/mnt/ubna_data_02_mir/recover-20221013/UBNA_001/20221012_030000.WAV,Telephone Field,recover-20221013,001,1795
500.0015,500.0155,17734,22799,Nyctalus noctula,0.012,0.027,-1,Echolocation,/mnt/ubna_data_02_mir/recover-20221013/UBNA_001/20221012_030000.WAV,Telephone Field,recover-20221013,001,1795
500.0015,500.0362,68437,80522,Rhinolophus ferrumequinum,0.041,0.041,-1,Echolocation,/mnt/ubna_data_02_mir/recover-20221013/UBNA_001/20221012_030000.WAV,Telephone Field,recover-20221013,001,1795
500.0015,500.0105,27187,37131,Eptesicus serotinus,0.011,0.03,-1,Echolocation,/mnt/ubna_data_02_mir/recover-20221013/UBNA_001/20221012_030000.WAV,Telephone Field,recover-20221013,001,1795
500.0015,500.0101,45234,50398,Pipistrellus pipistrellus,0.016,0.021,-1,Echolocation,/mnt/ubna_data_02_mir/recover-20221013/UBNA_001/20221012_030000.WAV,Telephone Field,recover-20221013,001,1795
500.0095,500.0518,68437,82914,Rhinolophus ferrumequinum,0.02,0.02,-1,Echolocation,/mnt/ubna_data_02_mir/recover-20221013/UBNA_001/20221012_030000.WAV,Telephone Field,recover-20221013,001,1795
500.0145,500.0252,27187,34408,Eptesicus serotinus,0.009,0.02,-1,Echolocation,/mnt/ubna_data_02_mir/recover-20221013/UBNA_001/20221012_030000.WAV,Telephone Field,recover-20221013,001,1795
500.0225,500.0614,68437,81741,Rhinolophus ferrumequinum,0.021,0.021,-1,Echolocation,/mnt/ubna_data_02_mir/recover-20221013/UBNA_001/20221012_030000.WAV,Telephone Field,recover-20221013,001,1795
500.0845,500.126,68437,82638,Rhinolophus ferrumequinum,0.026,0.027,-1,Echolocation,/mnt/ubna_data_02_mir/recover-20221013/UBNA_001/20221012_030000.WAV,Telephone Field,recover-20221013,001,1795
500.10450000000003,500.1421,68437,82355,Rhinolophus ferrumequinum,0.02,0.02,-1,Echolocation,/mnt/ubna_data_02_mir/recover-20221013/UBNA_001/20221012_030000.WAV,Telephone Field,recover-20221013,001,1795
500.1205,500.1579,68437,81999,Rhinolophus ferrumequinum,0.021,0.021,-1,Echolocation,/mnt/ubna_data_02_mir/recover-20221013/UBNA_001/20221012_030000.WAV,Telephone Field,recover-20221013,001,1795
500.1315,500.1408,15156,21340,Nyctalus noctula,0.013,0.032,-1,Echolocation,/mnt/ubna_data_02_mir/recover-20221013/UBNA_001/20221012_030000.WAV,Telephone Field,recover-20221013,001,1795
500.1475,500.1559,27187,38391,Eptesicus serotinus,0.008,0.02,-1,Echolocation,/mnt/ubna_data_02_mir/recover-20221013/UBNA_001/20221012_030000.WAV,Telephone Field,recover-20221013,001,1795
500.2045,500.2436,68437,82926,Rhinolophus ferrumequinum,0.023,0.023,-1,Echolocation,/mnt/ubna_data_02_mir/recover-20221013/UBNA_001/20221012_030000.WAV,Telephone Field,recover-20221013,001,1795
500.20550000000003,500.2155,28046,37668,Eptesicus serotinus,0.01,0.022,-1,Echolocation,/mnt/ubna_data_02_mir/recover-20221013/UBNA_001/20221012_030000.WAV,Telephone Field,recover-20221013,001,1795
500.2285,500.2387,44375,51496,Pipistrellus pipistrellus,0.016,0.022,-1,Echolocation,/mnt/ubna_data_02_mir/recover-20221013/UBNA_001/20221012_030000.WAV,Telephone Field,recover-20221013,001,1795
500.2315,500.2387,28046,39085,Eptesicus serotinus,0.006,0.02,-1,Echolocation,/mnt/ubna_data_02_mir/recover-20221013/UBNA_001/20221012_030000.WAV,Telephone Field,recover-20221013,001,1795
500.2755,500.3153,68437,81865,Rhinolophus ferrumequinum,0.02,0.02,-1,Echolocation,/mnt/ubna_data_02_mir/recover-20221013/UBNA_001/20221012_030000.WAV,Telephone Field,recover-20221013,001,1795
500.3005,500.3399,68437,82124,Rhinolophus ferrumequinum,0.02,0.02,-1,Echolocation,/mnt/ubna_data_02_mir/recover-20221013/UBNA_001/20221012_030000.WAV,Telephone Field,recover-20221013,001,1795
500.3045,500.31,38359,57376,Myotis brandtii,0.007,0.02,-1,Echolocation,/mnt/ubna_data_02_mir/recover-20221013/UBNA_001/20221012_030000.WAV,Telephone Field,recover-20221013,001,1795
500.3125,500.3206,28906,39815,Eptesicus serotinus,0.01,0.029,-1,Echolocation,/mnt/ubna_data_02_mir/recover-20221013/UBNA_001/20221012_030000.WAV,Telephone Field,recover-20221013,001,1795
500.3385,500.3473,22890,29928,Plecotus austriacus,0.011,0.028,-1,Echolocation,/mnt/ubna_data_02_mir/recover-20221013/UBNA_001/20221012_030000.WAV,Telephone Field,recover-20221013,001,1795
500.3795,500.3916,33203,39625,Eptesicus serotinus,0.013,0.044,-1,Echolocation,/mnt/ubna_data_02_mir/recover-20221013/UBNA_001/20221012_030000.WAV,Telephone Field,recover-20221013,001,1795
500.4065,500.4167,22890,28657,Nyctalus leisleri,0.008,0.02,-1,Echolocation,/mnt/ubna_data_02_mir/recover-20221013/UBNA_001/20221012_030000.WAV,Telephone Field,recover-20221013,001,1795
500.4335,500.4416,28046,37154,Eptesicus serotinus,0.009,0.021,-1,Echolocation,/mnt/ubna_data_02_mir/recover-20221013/UBNA_001/20221012_030000.WAV,Telephone Field,recover-20221013,001,1795
500.4505,500.46,22890,29256,Nyctalus leisleri,0.007,0.021,-1,Echolocation,/mnt/ubna_data_02_mir/recover-20221013/UBNA_001/20221012_030000.WAV,Telephone Field,recover-20221013,001,1795
500.4715,500.5118,68437,82843,Rhinolophus ferrumequinum,0.024,0.024,-1,Echolocation,/mnt/ubna_data_02_mir/recover-20221013/UBNA_001/20221012_030000.WAV,Telephone Field,recover-20221013,001,1795
500.4775,500.484,35781,49849,Myotis daubentonii,0.006,0.021,-1,Echolocation,/mnt/ubna_data_02_mir/recover-20221013/UBNA_001/20221012_030000.WAV,Telephone Field,recover-20221013,001,1795
500.4805,500.4871,25468,38628,Myotis nattereri,0.005,0.023,-1,Echolocation,/mnt/ubna_data_02_mir/recover-20221013/UBNA_001/20221012_030000.WAV,Telephone Field,recover-20221013,001,1795
500.4905,500.52570000000003,68437,81922,Rhinolophus ferrumequinum,0.021,0.021,-1,Echolocation,/mnt/ubna_data_02_mir/recover-20221013/UBNA_001/20221012_030000.WAV,Telephone Field,recover-20221013,001,1795
500.5285,500.5389,23750,29553,Nyctalus leisleri,0.008,0.02,-1,Echolocation,/mnt/ubna_data_02_mir/recover-20221013/UBNA_001/20221012_030000.WAV,Telephone Field,recover-20221013,001,1795
500.5855,500.6215,68437,81579,Rhinolophus ferrumequinum,0.022,0.022,-1,Echolocation,/mnt/ubna_data_02_mir/recover-20221013/UBNA_001/20221012_030000.WAV,Telephone Field,recover-20221013,001,1795
500.6485,500.6556,28046,38302,Eptesicus serotinus,0.008,0.021,-1,Echolocation,/mnt/ubna_data_02_mir/recover-20221013/UBNA_001/20221012_030000.WAV,Telephone Field,recover-20221013,001,1795
500.6635,500.7005,68437,81785,Rhinolophus ferrumequinum,0.02,0.021,-1,Echolocation,/mnt/ubna_data_02_mir/recover-20221013/UBNA_001/20221012_030000.WAV,Telephone Field,recover-20221013,001,1795
500.6705,500.7068,68437,81862,Rhinolophus ferrumequinum,0.021,0.021,-1,Echolocation,/mnt/ubna_data_02_mir/recover-20221013/UBNA_001/20221012_030000.WAV,Telephone Field,recover-20221013,001,1795
500.6835,500.694,22890,28778,Nyctalus leisleri,0.009,0.024,-1,Echolocation,/mnt/ubna_data_02_mir/recover-20221013/UBNA_001/20221012_030000.WAV,Telephone Field,recover-20221013,001,1795
500.7035,500.7406,68437,82224,Rhinolophus ferrumequinum,0.02,0.02,-1,Echolocation,/mnt/ubna_data_02_mir/recover-20221013/UBNA_001/20221012_030000.WAV,Telephone Field,recover-20221013,001,1795
500.7215,500.736,22031,25795,Nyctalus leisleri,0.014,0.024,-1,Echolocation,/mnt/ubna_data_02_mir/recover-20221013/UBNA_001/20221012_030000.WAV,Telephone Field,recover-20221013,001,1795
500.7625,500.7691,36640,44680,Barbastellus barbastellus,0.008,0.022,-1,Echolocation,/mnt/ubna_data_02_mir/recover-20221013/UBNA_001/20221012_030000.WAV,Telephone Field,recover-20221013,001,1795
500.7675,500.7749,27187,39105,Eptesicus serotinus,0.007,0.022,-1,Echolocation,/mnt/ubna_data_02_mir/recover-20221013/UBNA_001/20221012_030000.WAV,Telephone Field,recover-20221013,001,1795
500.8125,500.8251,14296,20377,Nyctalus noctula,0.012,0.022,-1,Echolocation,/mnt/ubna_data_02_mir/recover-20221013/UBNA_001/20221012_030000.WAV,Telephone Field,recover-20221013,001,1795
500.8365,500.8474,22031,26789,Nyctalus leisleri,0.01,0.024,-1,Echolocation,/mnt/ubna_data_02_mir/recover-20221013/UBNA_001/20221012_030000.WAV,Telephone Field,recover-20221013,001,1795
500.8685,500.8783,26328,34546,Eptesicus serotinus,0.01,0.021,-1,Echolocation,/mnt/ubna_data_02_mir/recover-20221013/UBNA_001/20221012_030000.WAV,Telephone Field,recover-20221013,001,1795
500.9605,500.9975,68437,81562,Rhinolophus ferrumequinum,0.023,0.023,-1,Echolocation,/mnt/ubna_data_02_mir/recover-20221013/UBNA_001/20221012_030000.WAV,Telephone Field,recover-20221013,001,1795
500.9655,501.0017,68437,81959,Rhinolophus ferrumequinum,0.023,0.023,-1,Echolocation,/mnt/ubna_data_02_mir/recover-20221013/UBNA_001/20221012_030000.WAV,Telephone Field,recover-20221013,001,1795
500.9835,500.9935,22890,28620,Nyctalus leisleri,0.008,0.02,-1,Echolocation,/mnt/ubna_data_02_mir/recover-20221013/UBNA_001/20221012_030000.WAV,Telephone Field,recover-20221013,001,1795
501.0165,501.0248,26328,35822,Eptesicus serotinus,0.012,0.027,-1,Echolocation,/mnt/ubna_data_02_mir/recover-20221013/UBNA_001/20221012_030000.WAV,Telephone Field,recover-20221013,001,1795
501.0385,501.0739,68437,81608,Rhinolophus ferrumequinum,0.021,0.021,-1,Echolocation,/mnt/ubna_data_02_mir/recover-20221013/UBNA_001/20221012_030000.WAV,Telephone Field,recover-20221013,001,1795
501.0525,501.091,68437,82169,Rhinolophus ferrumequinum,0.021,0.021,-1,Echolocation,/mnt/ubna_data_02_mir/recover-20221013/UBNA_001/20221012_030000.WAV,Telephone Field,recover-20221013,001,1795
501.0665,501.0751,43515,52053,Pipistrellus pipistrellus,0.017,0.023,-1,Echolocation,/mnt/ubna_data_02_mir/recover-20221013/UBNA_001/20221012_030000.WAV,Telephone Field,recover-20221013,001,1795
501.0975,501.1359,68437,82063,Rhinolophus ferrumequinum,0.023,0.023,-1,Echolocation,/mnt/ubna_data_02_mir/recover-20221013/UBNA_001/20221012_030000.WAV,Telephone Field,recover-20221013,001,1795
501.1105,501.1458,68437,81281,Rhinolophus ferrumequinum,0.021,0.021,-1,Echolocation,/mnt/ubna_data_02_mir/recover-20221013/UBNA_001/20221012_030000.WAV,Telephone Field,recover-20221013,001,1795
501.1465,501.156,28046,36129,Eptesicus serotinus,0.008,0.02,-1,Echolocation,/mnt/ubna_data_02_mir/recover-20221013/UBNA_001/20221012_030000.WAV,Telephone Field,recover-20221013,001,1795
501.2045,501.2146,22031,26953,Nyctalus leisleri,0.009,0.02,-1,Echolocation,/mnt/ubna_data_02_mir/recover-20221013/UBNA_001/20221012_030000.WAV,Telephone Field,recover-20221013,001,1795
501.2785,501.3146,68437,81702,Rhinolophus ferrumequinum,0.021,0.021,-1,Echolocation,/mnt/ubna_data_02_mir/recover-20221013/UBNA_001/20221012_030000.WAV,Telephone Field,recover-20221013,001,1795
501.2875,501.3225,68437,81304,Rhinolophus ferrumequinum,0.02,0.02,-1,Echolocation,/mnt/ubna_data_02_mir/recover-20221013/UBNA_001/20221012_030000.WAV,Telephone Field,recover-20221013,001,1795
501.2895,501.3004,22031,26614,Nyctalus leisleri,0.009,0.02,-1,Echolocation,/mnt/ubna_data_02_mir/recover-20221013/UBNA_001/20221012_030000.WAV,Telephone Field,recover-20221013,001,1795
501.3255,501.3667,68437,82020,Rhinolophus ferrumequinum,0.02,0.02,-1,Echolocation,/mnt/ubna_data_02_mir/recover-20221013/UBNA_001/20221012_030000.WAV,Telephone Field,recover-20221013,001,1795
501.4205,501.4308,22890,28889,Nyctalus leisleri,0.009,0.024,-1,Echolocation,/mnt/ubna_data_02_mir/recover-20221013/UBNA_001/20221012_030000.WAV,Telephone Field,recover-20221013,001,1795
501.4235,501.4689,68437,83926,Rhinolophus ferrumequinum,0.03,0.03,-1,Echolocation,/mnt/ubna_data_02_mir/recover-20221013/UBNA_001/20221012_030000.WAV,Telephone Field,recover-20221013,001,1795
501.4355,501.4423,27187,43030,Eptesicus serotinus,0.006,0.02,-1,Echolocation,/mnt/ubna_data_02_mir/recover-20221013/UBNA_001/20221012_030000.WAV,Telephone Field,recover-20221013,001,1795
501.4435,501.4807,68437,82215,Rhinolophus ferrumequinum,0.02,0.02,-1,Echolocation,/mnt/ubna_data_02_mir/recover-20221013/UBNA_001/20221012_030000.WAV,Telephone Field,recover-20221013,001,1795
501.4745,501.513,68437,81420,Rhinolophus ferrumequinum,0.021,0.021,-1,Echolocation,/mnt/ubna_data_02_mir/recover-20221013/UBNA_001/20221012_030000.WAV,Telephone Field,recover-20221013,001,1795
501.4915,501.5006,47812,50926,Pipistrellus pipistrellus,0.028,0.032,-1,Echolocation,/mnt/ubna_data_02_mir/recover-20221013/UBNA_001/20221012_030000.WAV,Telephone Field,recover-20221013,001,1795
501.5395,501.5774,68437,82188,Rhinolophus ferrumequinum,0.021,0.021,-1,Echolocation,/mnt/ubna_data_02_mir/recover-20221013/UBNA_001/20221012_030000.WAV,Telephone Field,recover-20221013,001,1795
501.5405,501.5492,38359,46892,Pipistrellus nathusii,0.007,0.024,-1,Echolocation,/mnt/ubna_data_02_mir/recover-20221013/UBNA_001/20221012_030000.WAV,Telephone Field,recover-20221013,001,1795
501.5885,501.596,27187,42144,Eptesicus serotinus,0.007,0.02,-1,Echolocation,/mnt/ubna_data_02_mir/recover-20221013/UBNA_001/20221012_030000.WAV,Telephone Field,recover-20221013,001,1795
501.6205,501.6566,68437,81087,Rhinolophus ferrumequinum,0.021,0.021,-1,Echolocation,/mnt/ubna_data_02_mir/recover-20221013/UBNA_001/20221012_030000.WAV,Telephone Field,recover-20221013,001,1795
501.6325,501.6415,28046,34727,Eptesicus serotinus,0.017,0.035,-1,Echolocation,/mnt/ubna_data_02_mir/recover-20221013/UBNA_001/20221012_030000.WAV,Telephone Field,recover-20221013,001,1795
501.6445,501.6847,68437,82681,Rhinolophus ferrumequinum,0.027,0.027,-1,Echolocation,/mnt/ubna_data_02_mir/recover-20221013/UBNA_001/20221012_030000.WAV,Telephone Field,recover-20221013,001,1795
501.6615,501.6761,16015,20322,Nyctalus noctula,0.022,0.033,-1,Echolocation,/mnt/ubna_data_02_mir/recover-20221013/UBNA_001/20221012_030000.WAV,Telephone Field,recover-20221013,001,1795
501.7035,501.7136,22890,29230,Nyctalus leisleri,0.009,0.023,-1,Echolocation,/mnt/ubna_data_02_mir/recover-20221013/UBNA_001/20221012_030000.WAV,Telephone Field,recover-20221013,001,1795
501.7755,501.7883,23750,29419,Nyctalus leisleri,0.011,0.028,-1,Echolocation,/mnt/ubna_data_02_mir/recover-20221013/UBNA_001/20221012_030000.WAV,Telephone Field,recover-20221013,001,1795
501.7765,501.8144,68437,81872,Rhinolophus ferrumequinum,0.02,0.02,-1,Echolocation,/mnt/ubna_data_02_mir/recover-20221013/UBNA_001/20221012_030000.WAV,Telephone Field,recover-20221013,001,1795
501.8055,501.8116,27187,40598,Plecotus auritus,0.011,0.032,-1,Echolocation,/mnt/ubna_data_02_mir/recover-20221013/UBNA_001/20221012_030000.WAV,Telephone Field,recover-20221013,001,1795
501.8145,501.8548,68437,83155,Rhinolophus ferrumequinum,0.03,0.03,-1,Echolocation,/mnt/ubna_data_02_mir/recover-20221013/UBNA_001/20221012_030000.WAV,Telephone Field,recover-20221013,001,1795
501.8455,501.8597,22031,26364,Nyctalus leisleri,0.028,0.061,-1,Echolocation,/mnt/ubna_data_02_mir/recover-20221013/UBNA_001/20221012_030000.WAV,Telephone Field,recover-20221013,001,1795
501.8685,501.907,68437,81765,Rhinolophus ferrumequinum,0.02,0.02,-1,Echolocation,/mnt/ubna_data_02_mir/recover-20221013/UBNA_001/20221012_030000.WAV,Telephone Field,recover-20221013,001,1795
501.9435,501.9856,68437,82520,Rhinolophus ferrumequinum,0.026,0.026,-1,Echolocation,/mnt/ubna_data_02_mir/recover-20221013/UBNA_001/20221012_030000.WAV,Telephone Field,recover-20221013,001,1795
501.9605,501.9682,27187,36751,Eptesicus serotinus,0.012,0.03,-1,Echolocation,/mnt/ubna_data_02_mir/recover-20221013/UBNA_001/20221012_030000.WAV,Telephone Field,recover-20221013,001,1795
501.9785,501.98720000000003,34062,41291,Barbastellus barbastellus,0.009,0.03,-1,Echolocation,/mnt/ubna_data_02_mir/recover-20221013/UBNA_001/20221012_030000.WAV,Telephone Field,recover-20221013,001,1795
501.9805,501.9889,27187,36904,Eptesicus serotinus,0.016,0.035,-1,Echolocation,/mnt/ubna_data_02_mir/recover-20221013/UBNA_001/20221012_030000.WAV,Telephone Field,recover-20221013,001,1795
502.0015,502.0107,22890,29967,Nyctalus leisleri,0.012,0.033,-1,Echolocation,/mnt/ubna_data_02_mir/recover-20221013/UBNA_001/20221012_030000.WAV,Telephone Field,recover-20221013,001,1795
502.0015,502.0356,69296,81285,Rhinolophus ferrumequinum,0.041,0.041,-1,Echolocation,/mnt/ubna_data_02_mir/recover-20221013/UBNA_001/20221012_030000.WAV,Telephone Field,recover-20221013,001,1795
502.0075,502.0483,68437,82457,Rhinolophus ferrumequinum,0.026,0.026,-1,Echolocation,/mnt/ubna_data_02_mir/recover-20221013/UBNA_001/20221012_030000.WAV,Telephone Field,recover-20221013,001,1795
502.0495,502.0917,68437,83011,Rhinolophus ferrumequinum,0.031,0.031,-1,Echolocation,/mnt/ubna_data_02_mir/recover-20221013/UBNA_001/20221012_030000.WAV,Telephone Field,recover-20221013,001,1795
502.0605,502.1009,68437,82396,Rhinolophus ferrumequinum,0.022,0.022,-1,Echolocation,/mnt/ubna_data_02_mir/recover-20221013/UBNA_001/20221012_030000.WAV,Telephone Field,recover-20221013,001,1795
502.0765,502.1104,68437,81190,Rhinolophus ferrumequinum,0.02,0.02,-1,Echolocation,/mnt/ubna_data_02_mir/recover-20221013/UBNA_001/20221012_030000.WAV,Telephone Field,recover-20221013,001,1795
502.1115,502.1183,27187,38320,Eptesicus serotinus,0.008,0.024,-1,Echolocation,/mnt/ubna_data_02_mir/recover-20221013/UBNA_001/20221012_030000.WAV,Telephone Field,recover-20221013,001,1795
502.1335,502.1728,68437,82443,Rhinolophus ferrumequinum,0.021,0.021,-1,Echolocation,/mnt/ubna_data_02_mir/recover-20221013/UBNA_001/20221012_030000.WAV,Telephone Field,recover-20221013,001,1795
502.1345,502.1451,23750,30242,Nyctalus leisleri,0.008,0.021,-1,Echolocation,/mnt/ubna_data_02_mir/recover-20221013/UBNA_001/20221012_030000.WAV,Telephone Field,recover-20221013,001,1795
502.14549999999997,502.1536,24609,32758,Plecotus austriacus,0.008,0.023,-1,Echolocation,/mnt/ubna_data_02_mir/recover-20221013/UBNA_001/20221012_030000.WAV,Telephone Field,recover-20221013,001,1795
502.1485,502.1858,68437,81881,Rhinolophus ferrumequinum,0.021,0.021,-1,Echolocation,/mnt/ubna_data_02_mir/recover-20221013/UBNA_001/20221012_030000.WAV,Telephone Field,recover-20221013,001,1795
502.1585,502.1996,68437,82297,Rhinolophus ferrumequinum,0.022,0.022,-1,Echolocation,/mnt/ubna_data_02_mir/recover-20221013/UBNA_001/20221012_030000.WAV,Telephone Field,recover-20221013,001,1795
502.1715,502.2081,68437,81823,Rhinolophus ferrumequinum,0.02,0.02,-1,Echolocation,/mnt/ubna_data_02_mir/recover-20221013/UBNA_001/20221012_030000.WAV,Telephone Field,recover-20221013,001,1795
502.2245,502.2636,68437,82694,Rhinolophus ferrumequinum,0.02,0.02,-1,Echolocation,/mnt/ubna_data_02_mir/recover-20221013/UBNA_001/20221012_030000.WAV,Telephone Field,recover-20221013,001,1795
502.2385,502.2749,68437,81708,Rhinolophus ferrumequinum,0.022,0.022,-1,Echolocation,/mnt/ubna_data_02_mir/recover-20221013/UBNA_001/20221012_030000.WAV,Telephone Field,recover-20221013,001,1795
502.2425,502.2511,28046,39855,Eptesicus serotinus,0.008,0.02,-1,Echolocation,/mnt/ubna_data_02_mir/recover-20221013/UBNA_001/20221012_030000.WAV,Telephone Field,recover-20221013,001,1795
502.2435,502.2519,45234,49950,Pipistrellus pipistrellus,0.018,0.02,-1,Echolocation,/mnt/ubna_data_02_mir/recover-20221013/UBNA_001/20221012_030000.WAV,Telephone Field,recover-20221013,001,1795
502.2535,502.2958,68437,83136,Rhinolophus ferrumequinum,0.022,0.022,-1,Echolocation,/mnt/ubna_data_02_mir/recover-20221013/UBNA_001/20221012_030000.WAV,Telephone Field,recover-20221013,001,1795
502.2695,502.3051,68437,81757,Rhinolophus ferrumequinum,0.02,0.02,-1,Echolocation,/mnt/ubna_data_02_mir/recover-20221013/UBNA_001/20221012_030000.WAV,Telephone Field,recover-20221013,001,1795
502.2805,502.3196,68437,81658,Rhinolophus ferrumequinum,0.02,0.02,-1,Echolocation,/mnt/ubna_data_02_mir/recover-20221013/UBNA_001/20221012_030000.WAV,Telephone Field,recover-20221013,001,1795
502.3135,502.3208,24609,33428,Plecotus austriacus,0.008,0.026,-1,Echolocation,/mnt/ubna_data_02_mir/recover-20221013/UBNA_001/20221012_030000.WAV,Telephone Field,recover-20221013,001,1795
502.3275,502.3645,68437,81433,Rhinolophus ferrumequinum,0.022,0.022,-1,Echolocation,/mnt/ubna_data_02_mir/recover-20221013/UBNA_001/20221012_030000.WAV,Telephone Field,recover-20221013,001,1795
502.3485,502.3875,68437,82410,Rhinolophus ferrumequinum,0.023,0.023,-1,Echolocation,/mnt/ubna_data_02_mir/recover-20221013/UBNA_001/20221012_030000.WAV,Telephone Field,recover-20221013,001,1795
502.35450000000003,502.3628,25468,33316,Eptesicus serotinus,0.009,0.023,-1,Echolocation,/mnt/ubna_data_02_mir/recover-20221013/UBNA_001/20221012_030000.WAV,Telephone Field,recover-20221013,001,1795
502.3735,502.3825,28906,36359,Eptesicus serotinus,0.007,0.02,-1,Echolocation,/mnt/ubna_data_02_mir/recover-20221013/UBNA_001/20221012_030000.WAV,Telephone Field,recover-20221013,001,1795
502.4705,502.47860000000003,28046,40120,Eptesicus serotinus,0.007,0.02,-1,Echolocation,/mnt/ubna_data_02_mir/recover-20221013/UBNA_001/20221012_030000.WAV,Telephone Field,recover-20221013,001,1795
502.4775,502.516,68437,81232,Rhinolophus ferrumequinum,0.021,0.021,-1,Echolocation,/mnt/ubna_data_02_mir/recover-20221013/UBNA_001/20221012_030000.WAV,Telephone Field,recover-20221013,001,1795
502.4835,502.5194,68437,81470,Rhinolophus ferrumequinum,0.02,0.02,-1,Echolocation,/mnt/ubna_data_02_mir/recover-20221013/UBNA_001/20221012_030000.WAV,Telephone Field,recover-20221013,001,1795
502.5385,502.5766,68437,81684,Rhinolophus ferrumequinum,0.021,0.021,-1,Echolocation,/mnt/ubna_data_02_mir/recover-20221013/UBNA_001/20221012_030000.WAV,Telephone Field,recover-20221013,001,1795
502.5535,502.5919,68437,82368,Rhinolophus ferrumequinum,0.024,0.024,-1,Echolocation,/mnt/ubna_data_02_mir/recover-20221013/UBNA_001/20221012_030000.WAV,Telephone Field,recover-20221013,001,1795
502.6255,502.6322,40937,53891,Myotis brandtii,0.005,0.021,-1,Echolocation,/mnt/ubna_data_02_mir/recover-20221013/UBNA_001/20221012_030000.WAV,Telephone Field,recover-20221013,001,1795
502.6605,502.702,68437,82548,Rhinolophus ferrumequinum,0.022,0.022,-1,Echolocation,/mnt/ubna_data_02_mir/recover-20221013/UBNA_001/20221012_030000.WAV,Telephone Field,recover-20221013,001,1795
502.6635,502.6717,23750,31423,Plecotus austriacus,0.007,0.02,-1,Echolocation,/mnt/ubna_data_02_mir/recover-20221013/UBNA_001/20221012_030000.WAV,Telephone Field,recover-20221013,001,1795
502.66949999999997,502.7087,68437,82647,Rhinolophus ferrumequinum,0.022,0.022,-1,Echolocation,/mnt/ubna_data_02_mir/recover-20221013/UBNA_001/20221012_030000.WAV,Telephone Field,recover-20221013,001,1795
502.6885,502.7267,68437,82328,Rhinolophus ferrumequinum,0.024,0.024,-1,Echolocation,/mnt/ubna_data_02_mir/recover-20221013/UBNA_001/20221012_030000.WAV,Telephone Field,recover-20221013,001,1795
502.7085,502.7511,68437,83291,Rhinolophus ferrumequinum,0.028,0.028,-1,Echolocation,/mnt/ubna_data_02_mir/recover-20221013/UBNA_001/20221012_030000.WAV,Telephone Field,recover-20221013,001,1795
502.7425,502.7847,68437,82988,Rhinolophus ferrumequinum,0.021,0.021,-1,Echolocation,/mnt/ubna_data_02_mir/recover-20221013/UBNA_001/20221012_030000.WAV,Telephone Field,recover-20221013,001,1795
502.7675,502.7763,27187,36381,Eptesicus serotinus,0.012,0.027,-1,Echolocation,/mnt/ubna_data_02_mir/recover-20221013/UBNA_001/20221012_030000.WAV,Telephone Field,recover-20221013,001,1795
502.7925,502.8294,68437,81282,Rhinolophus ferrumequinum,0.02,0.02,-1,Echolocation,/mnt/ubna_data_02_mir/recover-20221013/UBNA_001/20221012_030000.WAV,Telephone Field,recover-20221013,001,1795
502.8005,502.8384,68437,81776,Rhinolophus ferrumequinum,0.021,0.021,-1,Echolocation,/mnt/ubna_data_02_mir/recover-20221013/UBNA_001/20221012_030000.WAV,Telephone Field,recover-20221013,001,1795
502.8035,502.8106,27187,37084,Eptesicus serotinus,0.007,0.021,-1,Echolocation,/mnt/ubna_data_02_mir/recover-20221013/UBNA_001/20221012_030000.WAV,Telephone Field,recover-20221013,001,1795
502.8275,502.8664,68437,82465,Rhinolophus ferrumequinum,0.025,0.025,-1,Echolocation,/mnt/ubna_data_02_mir/recover-20221013/UBNA_001/20221012_030000.WAV,Telephone Field,recover-20221013,001,1795
502.8385,502.877,68437,81807,Rhinolophus ferrumequinum,0.021,0.021,-1,Echolocation,/mnt/ubna_data_02_mir/recover-20221013/UBNA_001/20221012_030000.WAV,Telephone Field,recover-20221013,001,1795
502.8765,502.9183,68437,83532,Rhinolophus ferrumequinum,0.031,0.031,-1,Echolocation,/mnt/ubna_data_02_mir/recover-20221013/UBNA_001/20221012_030000.WAV,Telephone Field,recover-20221013,001,1795
502.8845,502.9277,68437,83151,Rhinolophus ferrumequinum,0.023,0.023,-1,Echolocation,/mnt/ubna_data_02_mir/recover-20221013/UBNA_001/20221012_030000.WAV,Telephone Field,recover-20221013,001,1795
502.9115,502.9499,68437,82207,Rhinolophus ferrumequinum,0.022,0.022,-1,Echolocation,/mnt/ubna_data_02_mir/recover-20221013/UBNA_001/20221012_030000.WAV,Telephone Field,recover-20221013,001,1795
502.9525,502.9901,68437,81946,Rhinolophus ferrumequinum,0.022,0.022,-1,Echolocation,/mnt/ubna_data_02_mir/recover-20221013/UBNA_001/20221012_030000.WAV,Telephone Field,recover-20221013,001,1795
502.9775,502.98969999999997,27187,33459,Eptesicus serotinus,0.017,0.034,-1,Echolocation,/mnt/ubna_data_02_mir/recover-20221013/UBNA_001/20221012_030000.WAV,Telephone Field,recover-20221013,001,1795
502.9905,503.0002,56406,61001,Pipistrellus pygmaeus,0.022,0.023,-1,Echolocation,/mnt/ubna_data_02_mir/recover-20221013/UBNA_001/20221012_030000.WAV,Telephone Field,recover-20221013,001,1795
503.0105,503.0443,68437,81675,Rhinolophus ferrumequinum,0.02,0.02,-1,Echolocation,/mnt/ubna_data_02_mir/recover-20221013/UBNA_001/20221012_030000.WAV,Telephone Field,recover-20221013,001,1795
503.0195,503.0551,68437,81852,Rhinolophus ferrumequinum,0.02,0.02,-1,Echolocation,/mnt/ubna_data_02_mir/recover-20221013/UBNA_001/20221012_030000.WAV,Telephone Field,recover-20221013,001,1795
503.0315,503.0423,23750,30409,Nyctalus leisleri,0.009,0.024,-1,Echolocation,/mnt/ubna_data_02_mir/recover-20221013/UBNA_001/20221012_030000.WAV,Telephone Field,recover-20221013,001,1795
503.0335,503.0745,68437,82876,Rhinolophus ferrumequinum,0.024,0.024,-1,Echolocation,/mnt/ubna_data_02_mir/recover-20221013/UBNA_001/20221012_030000.WAV,Telephone Field,recover-20221013,001,1795
503.0675,503.0739,27187,39686,Eptesicus serotinus,0.006,0.023,-1,Echolocation,/mnt/ubna_data_02_mir/recover-20221013/UBNA_001/20221012_030000.WAV,Telephone Field,recover-20221013,001,1795
503.0825,503.122,68437,82152,Rhinolophus ferrumequinum,0.02,0.02,-1,Echolocation,/mnt/ubna_data_02_mir/recover-20221013/UBNA_001/20221012_030000.WAV,Telephone Field,recover-20221013,001,1795
503.1005,503.1382,68437,82302,Rhinolophus ferrumequinum,0.02,0.02,-1,Echolocation,/mnt/ubna_data_02_mir/recover-20221013/UBNA_001/20221012_030000.WAV,Telephone Field,recover-20221013,001,1795
503.1015,503.1091,28046,38690,Eptesicus serotinus,0.007,0.02,-1,Echolocation,/mnt/ubna_data_02_mir/recover-20221013/UBNA_001/20221012_030000.WAV,Telephone Field,recover-20221013,001,1795
503.1095,503.1516,68437,82772,Rhinolophus ferrumequinum,0.021,0.021,-1,Echolocation,/mnt/ubna_data_02_mir/recover-20221013/UBNA_001/20221012_030000.WAV,Telephone Field,recover-20221013,001,1795
503.1345,503.1745,68437,82027,Rhinolophus ferrumequinum,0.022,0.022,-1,Echolocation,/mnt/ubna_data_02_mir/recover-20221013/UBNA_001/20221012_030000.WAV,Telephone Field,recover-20221013,001,1795
503.1425,503.1832,68437,82454,Rhinolophus ferrumequinum,0.022,0.022,-1,Echolocation,/mnt/ubna_data_02_mir/recover-20221013/UBNA_001/20221012_030000.WAV,Telephone Field,recover-20221013,001,1795
503.1485,503.1886,68437,82649,Rhinolophus ferrumequinum,0.022,0.022,-1,Echolocation,/mnt/ubna_data_02_mir/recover-20221013/UBNA_001/20221012_030000.WAV,Telephone Field,recover-20221013,001,1795
503.1755,503.21569999999997,68437,82713,Rhinolophus ferrumequinum,0.031,0.031,-1,Echolocation,/mnt/ubna_data_02_mir/recover-20221013/UBNA_001/20221012_030000.WAV,Telephone Field,recover-20221013,001,1795
503.2175,503.2576,68437,82114,Rhinolophus ferrumequinum,0.022,0.022,-1,Echolocation,/mnt/ubna_data_02_mir/recover-20221013/UBNA_001/20221012_030000.WAV,Telephone Field,recover-20221013,001,1795
503.2325,503.2411,28906,38087,Eptesicus serotinus,0.009,0.024,-1,Echolocation,/mnt/ubna_data_02_mir/recover-20221013/UBNA_001/20221012_030000.WAV,Telephone Field,recover-20221013,001,1795
503.2405,503.2519,28906,34366,Eptesicus serotinus,0.012,0.025,-1,Echolocation,/mnt/ubna_data_02_mir/recover-20221013/UBNA_001/20221012_030000.WAV,Telephone Field,recover-20221013,001,1795
503.2565,503.2931,68437,81681,Rhinolophus ferrumequinum,0.023,0.023,-1,Echolocation,/mnt/ubna_data_02_mir/recover-20221013/UBNA_001/20221012_030000.WAV,Telephone Field,recover-20221013,001,1795
503.2805,503.3187,68437,81573,Rhinolophus ferrumequinum,0.021,0.021,-1,Echolocation,/mnt/ubna_data_02_mir/recover-20221013/UBNA_001/20221012_030000.WAV,Telephone Field,recover-20221013,001,1795
503.3165,503.35699999999997,68437,82769,Rhinolophus ferrumequinum,0.023,0.023,-1,Echolocation,/mnt/ubna_data_02_mir/recover-20221013/UBNA_001/20221012_030000.WAV,Telephone Field,recover-20221013,001,1795
503.3405,503.3763,68437,81401,Rhinolophus ferrumequinum,0.022,0.022,-1,Echolocation,/mnt/ubna_data_02_mir/recover-20221013/UBNA_001/20221012_030000.WAV,Telephone Field,recover-20221013,001,1795
503.3485,503.3854,68437,81586,Rhinolophus ferrumequinum,0.023,0.023,-1,Echolocation,/mnt/ubna_data_02_mir/recover-20221013/UBNA_001/20221012_030000.WAV,Telephone Field,recover-20221013,001,1795
503.3625,503.404,68437,83065,Rhinolophus ferrumequinum,0.027,0.027,-1,Echolocation,/mnt/ubna_data_02_mir/recover-20221013/UBNA_001/20221012_030000.WAV,Telephone Field,recover-20221013,001,1795
503.4105,503.4185,23750,32746,Plecotus austriacus,0.007,0.022,-1,Echolocation,/mnt/ubna_data_02_mir/recover-20221013/UBNA_001/20221012_030000.WAV,Telephone Field,recover-20221013,001,1795
503.4295,503.4683,68437,81717,Rhinolophus ferrumequinum,0.021,0.021,-1,Echolocation,/mnt/ubna_data_02_mir/recover-20221013/UBNA_001/20221012_030000.WAV,Telephone Field,recover-20221013,001,1795
503.4435,503.4512,28046,38557,Eptesicus serotinus,0.008,0.021,-1,Echolocation,/mnt/ubna_data_02_mir/recover-20221013/UBNA_001/20221012_030000.WAV,Telephone Field,recover-20221013,001,1795
503.4525,503.4914,68437,82357,Rhinolophus ferrumequinum,0.021,0.021,-1,Echolocation,/mnt/ubna_data_02_mir/recover-20221013/UBNA_001/20221012_030000.WAV,Telephone Field,recover-20221013,001,1795
503.5065,503.5441,68437,81950,Rhinolophus ferrumequinum,0.022,0.023,-1,Echolocation,/mnt/ubna_data_02_mir/recover-20221013/UBNA_001/20221012_030000.WAV,Telephone Field,recover-20221013,001,1795
503.5405,503.5781,68437,82416,Rhinolophus ferrumequinum,0.02,0.02,-1,Echolocation,/mnt/ubna_data_02_mir/recover-20221013/UBNA_001/20221012_030000.WAV,Telephone Field,recover-20221013,001,1795
503.5505,503.5594,27187,35196,Eptesicus serotinus,0.033,0.061,-1,Echolocation,/mnt/ubna_data_02_mir/recover-20221013/UBNA_001/20221012_030000.WAV,Telephone Field,recover-20221013,001,1795
503.5635,503.6008,68437,81992,Rhinolophus ferrumequinum,0.02,0.02,-1,Echolocation,/mnt/ubna_data_02_mir/recover-20221013/UBNA_001/20221012_030000.WAV,Telephone Field,recover-20221013,001,1795
503.5675,503.5817,23750,28449,Nyctalus leisleri,0.011,0.022,-1,Echolocation,/mnt/ubna_data_02_mir/recover-20221013/UBNA_001/20221012_030000.WAV,Telephone Field,recover-20221013,001,1795
503.5905,503.63,68437,82259,Rhinolophus ferrumequinum,0.02,0.02,-1,Echolocation,/mnt/ubna_data_02_mir/recover-20221013/UBNA_001/20221012_030000.WAV,Telephone Field,recover-20221013,001,1795
503.5975,503.6357,68437,82148,Rhinolophus ferrumequinum,0.02,0.02,-1,Echolocation,/mnt/ubna_data_02_mir/recover-20221013/UBNA_001/20221012_030000.WAV,Telephone Field,recover-20221013,001,1795
503.6225,503.6581,68437,81282,Rhinolophus ferrumequinum,0.023,0.023,-1,Echolocation,/mnt/ubna_data_02_mir/recover-20221013/UBNA_001/20221012_030000.WAV,Telephone Field,recover-20221013,001,1795
503.6365,503.672,68437,81676,Rhinolophus ferrumequinum,0.023,0.023,-1,Echolocation,/mnt/ubna_data_02_mir/recover-20221013/UBNA_001/20221012_030000.WAV,Telephone Field,recover-20221013,001,1795
503.6525,503.6648,25468,31071,Nyctalus leisleri,0.012,0.031,-1,Echolocation,/mnt/ubna_data_02_mir/recover-20221013/UBNA_001/20221012_030000.WAV,Telephone Field,recover-20221013,001,1795
503.6985,503.7436,68437,83892,Rhinolophus ferrumequinum,0.048,0.048,-1,Echolocation,/mnt/ubna_data_02_mir/recover-20221013/UBNA_001/20221012_030000.WAV,Telephone Field,recover-20221013,001,1795
503.7215,503.7583,68437,81945,Rhinolophus ferrumequinum,0.02,0.02,-1,Echolocation,/mnt/ubna_data_02_mir/recover-20221013/UBNA_001/20221012_030000.WAV,Telephone Field,recover-20221013,001,1795
503.7365,503.7423,25468,36915,Plecotus austriacus,0.024,0.057,-1,Echolocation,/mnt/ubna_data_02_mir/recover-20221013/UBNA_001/20221012_030000.WAV,Telephone Field,recover-20221013,001,1795
503.7445,503.784,68437,81941,Rhinolophus ferrumequinum,0.02,0.02,-1,Echolocation,/mnt/ubna_data_02_mir/recover-20221013/UBNA_001/20221012_030000.WAV,Telephone Field,recover-20221013,001,1795
503.7545,503.7653,22890,27397,Nyctalus leisleri,0.011,0.02,-1,Echolocation,/mnt/ubna_data_02_mir/recover-20221013/UBNA_001/20221012_030000.WAV,Telephone Field,recover-20221013,001,1795
503.7765,503.7858,28046,37532,Eptesicus serotinus,0.012,0.025,-1,Echolocation,/mnt/ubna_data_02_mir/recover-20221013/UBNA_001/20221012_030000.WAV,Telephone Field,recover-20221013,001,1795
503.8015,503.8406,68437,82369,Rhinolophus ferrumequinum,0.022,0.022,-1,Echolocation,/mnt/ubna_data_02_mir/recover-20221013/UBNA_001/20221012_030000.WAV,Telephone Field,recover-20221013,001,1795
503.8105,503.8507,68437,82902,Rhinolophus ferrumequinum,0.022,0.022,-1,Echolocation,/mnt/ubna_data_02_mir/recover-20221013/UBNA_001/20221012_030000.WAV,Telephone Field,recover-20221013,001,1795
503.8385,503.8783,68437,82213,Rhinolophus ferrumequinum,0.02,0.02,-1,Echolocation,/mnt/ubna_data_02_mir/recover-20221013/UBNA_001/20221012_030000.WAV,Telephone Field,recover-20221013,001,1795
503.8485,503.8581,27187,34433,Eptesicus serotinus,0.012,0.025,-1,Echolocation,/mnt/ubna_data_02_mir/recover-20221013/UBNA_001/20221012_030000.WAV,Telephone Field,recover-20221013,001,1795
503.8525,503.8938,68437,82427,Rhinolophus ferrumequinum,0.034,0.034,-1,Echolocation,/mnt/ubna_data_02_mir/recover-20221013/UBNA_001/20221012_030000.WAV,Telephone Field,recover-20221013,001,1795
503.8735,503.8832,41796,45427,Pipistrellus pipistrellus,0.017,0.022,-1,Echolocation,/mnt/ubna_data_02_mir/recover-20221013/UBNA_001/20221012_030000.WAV,Telephone Field,recover-20221013,001,1795
503.8745,503.8833,28046,39561,Eptesicus serotinus,0.011,0.027,-1,Echolocation,/mnt/ubna_data_02_mir/recover-20221013/UBNA_001/20221012_030000.WAV,Telephone Field,recover-20221013,001,1795
503.8865,503.8979,22031,26240,Nyctalus leisleri,0.01,0.02,-1,Echolocation,/mnt/ubna_data_02_mir/recover-20221013/UBNA_001/20221012_030000.WAV,Telephone Field,recover-20221013,001,1795
503.9565,503.9931,68437,81546,Rhinolophus ferrumequinum,0.023,0.023,-1,Echolocation,/mnt/ubna_data_02_mir/recover-20221013/UBNA_001/20221012_030000.WAV,Telephone Field,recover-20221013,001,1795
503.9705,503.9782,26328,35463,Plecotus austriacus,0.006,0.024,-1,Echolocation,/mnt/ubna_data_02_mir/recover-20221013/UBNA_001/20221012_030000.WAV,Telephone Field,recover-20221013,001,1795
503.9705,503.9804,22031,27570,Nyctalus leisleri,0.008,0.024,-1,Echolocation,/mnt/ubna_data_02_mir/recover-20221013/UBNA_001/20221012_030000.WAV,Telephone Field,recover-20221013,001,1795
504.0015,504.0079,46953,52903,Pipistrellus pipistrellus,0.015,0.02,-1,Echolocation,/mnt/ubna_data_02_mir/recover-20221013/UBNA_001/20221012_030000.WAV,Telephone Field,recover-20221013,001,1795
504.0015,504.0324,70156,82105,Rhinolophus ferrumequinum,0.019,0.019,-1,Echolocation,/mnt/ubna_data_02_mir/recover-20221013/UBNA_001/20221012_030000.WAV,Telephone Field,recover-20221013,001,1795
504.0015,504.0098,22890,31049,Nyctalus leisleri,0.007,0.023,-1,Echolocation,/mnt/ubna_data_02_mir/recover-20221013/UBNA_001/20221012_030000.WAV,Telephone Field,recover-20221013,001,1795
504.0545,504.0929,68437,82477,Rhinolophus ferrumequinum,0.022,0.022,-1,Echolocation,/mnt/ubna_data_02_mir/recover-20221013/UBNA_001/20221012_030000.WAV,Telephone Field,recover-20221013,001,1795
504.0795,504.1179,68437,82092,Rhinolophus ferrumequinum,0.022,0.022,-1,Echolocation,/mnt/ubna_data_02_mir/recover-20221013/UBNA_001/20221012_030000.WAV,Telephone Field,recover-20221013,001,1795
504.1005,504.1397,68437,82501,Rhinolophus ferrumequinum,0.027,0.027,-1,Echolocation,/mnt/ubna_data_02_mir/recover-20221013/UBNA_001/20221012_030000.WAV,Telephone Field,recover-20221013,001,1795
504.1085,504.1459,68437,82534,Rhinolophus ferrumequinum,0.024,0.024,-1,Echolocation,/mnt/ubna_data_02_mir/recover-20221013/UBNA_001/20221012_030000.WAV,Telephone Field,recover-20221013,001,1795
504.1235,504.1306,28046,39216,Eptesicus serotinus,0.007,0.023,-1,Echolocation,/mnt/ubna_data_02_mir/recover-20221013/UBNA_001/20221012_030000.WAV,Telephone Field,recover-20221013,001,1795
504.14549999999997,504.1568,23750,29359,Nyctalus leisleri,0.013,0.03,-1,Echolocation,/mnt/ubna_data_02_mir/recover-20221013/UBNA_001/20221012_030000.WAV,Telephone Field,recover-20221013,001,1795
504.1615,504.2002,68437,82561,Rhinolophus ferrumequinum,0.03,0.03,-1,Echolocation,/mnt/ubna_data_02_mir/recover-20221013/UBNA_001/20221012_030000.WAV,Telephone Field,recover-20221013,001,1795
504.1795,504.2182,68437,81998,Rhinolophus ferrumequinum,0.02,0.02,-1,Echolocation,/mnt/ubna_data_02_mir/recover-20221013/UBNA_001/20221012_030000.WAV,Telephone Field,recover-20221013,001,1795
504.2065,504.2147,27187,38630,Eptesicus serotinus,0.007,0.021,-1,Echolocation,/mnt/ubna_data_02_mir/recover-20221013/UBNA_001/20221012_030000.WAV,Telephone Field,recover-20221013,001,1795
504.2275,504.263,68437,80872,Rhinolophus ferrumequinum,0.02,0.02,-1,Echolocation,/mnt/ubna_data_02_mir/recover-20221013/UBNA_001/20221012_030000.WAV,Telephone Field,recover-20221013,001,1795
504.2365,504.2453,28906,37411,Eptesicus serotinus,0.008,0.023,-1,Echolocation,/mnt/ubna_data_02_mir/recover-20221013/UBNA_001/20221012_030000.WAV,Telephone Field,recover-20221013,001,1795
504.2425,504.261,20312,23803,Nyctalus leisleri,0.026,0.051,-1,Echolocation,/mnt/ubna_data_02_mir/recover-20221013/UBNA_001/20221012_030000.WAV,Telephone Field,recover-20221013,001,1795
504.2525,504.2931,68437,82125,Rhinolophus ferrumequinum,0.02,0.02,-1,Echolocation,/mnt/ubna_data_02_mir/recover-20221013/UBNA_001/20221012_030000.WAV,Telephone Field,recover-20221013,001,1795
504.2715,504.3081,68437,81804,Rhinolophus ferrumequinum,0.023,0.023,-1,Echolocation,/mnt/ubna_data_02_mir/recover-20221013/UBNA_001/20221012_030000.WAV,Telephone Field,recover-20221013,001,1795
504.3025,504.3406,68437,81986,Rhinolophus ferrumequinum,0.021,0.021,-1,Echolocation,/mnt/ubna_data_02_mir/recover-20221013/UBNA_001/20221012_030000.WAV,Telephone Field,recover-20221013,001,1795
504.3225,504.3327,22031,27394,Nyctalus leisleri,0.009,0.021,-1,Echolocation,/mnt/ubna_data_02_mir/recover-20221013/UBNA_001/20221012_030000.WAV,Telephone Field,recover-20221013,001,1795
504.3285,504.3671,68437,82223,Rhinolophus ferrumequinum,0.02,0.02,-1,Echolocation,/mnt/ubna_data_02_mir/recover-20221013/UBNA_001/20221012_030000.WAV,Telephone Field,recover-20221013,001,1795
504.3405,504.3788,68437,82005,Rhinolophus ferrumequinum,0.021,0.021,-1,Echolocation,/mnt/ubna_data_02_mir/recover-20221013/UBNA_001/20221012_030000.WAV,Telephone Field,recover-20221013,001,1795
504.3615,504.3972,68437,81311,Rhinolophus ferrumequinum,0.02,0.02,-1,Echolocation,/mnt/ubna_data_02_mir/recover-20221013/UBNA_001/20221012_030000.WAV,Telephone Field,recover-20221013,001,1795
504.3635,504.3725,28046,37220,Eptesicus serotinus,0.009,0.024,-1,Echolocation,/mnt/ubna_data_02_mir/recover-20221013/UBNA_001/20221012_030000.WAV,Telephone Field,recover-20221013,001,1795
504.3865,504.395,23750,31251,Plecotus austriacus,0.009,0.024,-1,Echolocation,/mnt/ubna_data_02_mir/recover-20221013/UBNA_001/20221012_030000.WAV,Telephone Field,recover-20221013,001,1795
504.39549999999997,504.4299,68437,81562,Rhinolophus ferrumequinum,0.021,0.021,-1,Echolocation,/mnt/ubna_data_02_mir/recover-20221013/UBNA_001/20221012_030000.WAV,Telephone Field,recover-20221013,001,1795
504.4095,504.4438,68437,81115,Rhinolophus ferrumequinum,0.019,0.019,-1,Echolocation,/mnt/ubna_data_02_mir/recover-20221013/UBNA_001/20221012_030000.WAV,Telephone Field,recover-20221013,001,1795
504.4145,504.4236,22890,29304,Plecotus austriacus,0.009,0.024,-1,Echolocation,/mnt/ubna_data_02_mir/recover-20221013/UBNA_001/20221012_030000.WAV,Telephone Field,recover-20221013,001,1795
504.4235,504.4642,68437,83363,Rhinolophus ferrumequinum,0.023,0.023,-1,Echolocation,/mnt/ubna_data_02_mir/recover-20221013/UBNA_001/20221012_030000.WAV,Telephone Field,recover-20221013,001,1795
504.4235,504.4363,22890,26778,Nyctalus leisleri,0.012,0.022,-1,Echolocation,/mnt/ubna_data_02_mir/recover-20221013/UBNA_001/20221012_030000.WAV,Telephone Field,recover-20221013,001,1795
504.4415,504.4787,68437,82146,Rhinolophus ferrumequinum,0.02,0.02,-1,Echolocation,/mnt/ubna_data_02_mir/recover-20221013/UBNA_001/20221012_030000.WAV,Telephone Field,recover-20221013,001,1795
504.4565,504.4992,68437,82893,Rhinolophus ferrumequinum,0.024,0.024,-1,Echolocation,/mnt/ubna_data_02_mir/recover-20221013/UBNA_001/20221012_030000.WAV,Telephone Field,recover-20221013,001,1795
504.5105,504.52049999999997,24609,31383,Eptesicus serotinus,0.007,0.02,-1,Echolocation,/mnt/ubna_data_02_mir/recover-20221013/UBNA_001/20221012_030000.WAV,Telephone Field,recover-20221013,001,1795
504.52049999999997,504.5572,68437,81462,Rhinolophus ferrumequinum,0.022,0.022,-1,Echolocation,/mnt/ubna_data_02_mir/recover-20221013/UBNA_001/20221012_030000.WAV,Telephone Field,recover-20221013,001,1795
504.5655,504.574,47812,51852,Pipistrellus pipistrellus,0.026,0.027,-1,Echolocation,/mnt/ubna_data_02_mir/recover-20221013/UBNA_001/20221012_030000.WAV,Telephone Field,recover-20221013,001,1795
504.5665,504.6061,68437,82676,Rhinolophus ferrumequinum,0.023,0.023,-1,Echolocation,/mnt/ubna_data_02_mir/recover-20221013/UBNA_001/20221012_030000.WAV,Telephone Field,recover-20221013,001,1795
504.5775,504.5872,23750,30348,Nyctalus leisleri,0.008,0.022,-1,Echolocation,/mnt/ubna_data_02_mir/recover-20221013/UBNA_001/20221012_030000.WAV,Telephone Field,recover-20221013,001,1795
504.5915,504.6016,23750,29775,Nyctalus leisleri,0.008,0.02,-1,Echolocation,/mnt/ubna_data_02_mir/recover-20221013/UBNA_001/20221012_030000.WAV,Telephone Field,recover-20221013,001,1795
504.6015,504.6392,68437,82125,Rhinolophus ferrumequinum,0.021,0.021,-1,Echolocation,/mnt/ubna_data_02_mir/recover-20221013/UBNA_001/20221012_030000.WAV,Telephone Field,recover-20221013,001,1795
504.6275,504.6698,68437,83542,Rhinolophus ferrumequinum,0.042,0.042,-1,Echolocation,/mnt/ubna_data_02_mir/recover-20221013/UBNA_001/20221012_030000.WAV,Telephone Field,recover-20221013,001,1795
504.6665,504.6774,22031,25917,Nyctalus leisleri,0.011,0.02,-1,Echolocation,/mnt/ubna_data_02_mir/recover-20221013/UBNA_001/20221012_030000.WAV,Telephone Field,recover-20221013,001,1795
504.6965,504.7418,68437,83568,Rhinolophus ferrumequinum,0.043,0.043,-1,Echolocation,/mnt/ubna_data_02_mir/recover-20221013/UBNA_001/20221012_030000.WAV,Telephone Field,recover-20221013,001,1795
504.7015,504.7121,22031,25717,Nyctalus leisleri,0.012,0.021,-1,Echolocation,/mnt/ubna_data_02_mir/recover-20221013/UBNA_001/20221012_030000.WAV,Telephone Field,recover-20221013,001,1795
504.7195,504.7594,68437,82238,Rhinolophus ferrumequinum,0.026,0.026,-1,Echolocation,/mnt/ubna_data_02_mir/recover-20221013/UBNA_001/20221012_030000.WAV,Telephone Field,recover-20221013,001,1795
504.7225,504.7302,27187,39333,Eptesicus serotinus,0.006,0.02,-1,Echolocation,/mnt/ubna_data_02_mir/recover-20221013/UBNA_001/20221012_030000.WAV,Telephone Field,recover-20221013,001,1795
504.7655,504.8048,68437,82251,Rhinolophus ferrumequinum,0.022,0.022,-1,Echolocation,/mnt/ubna_data_02_mir/recover-20221013/UBNA_001/20221012_030000.WAV,Telephone Field,recover-20221013,001,1795
504.7845,504.8276,68437,83198,Rhinolophus ferrumequinum,0.027,0.027,-1,Echolocation,/mnt/ubna_data_02_mir/recover-20221013/UBNA_001/20221012_030000.WAV,Telephone Field,recover-20221013,001,1795
504.7955,504.8029,24609,32578,Plecotus austriacus,0.006,0.019,-1,Echolocation,/mnt/ubna_data_02_mir/recover-20221013/UBNA_001/20221012_030000.WAV,Telephone Field,recover-20221013,001,1795
504.8095,504.8461,68437,81895,Rhinolophus ferrumequinum,0.02,0.02,-1,Echolocation,/mnt/ubna_data_02_mir/recover-20221013/UBNA_001/20221012_030000.WAV,Telephone Field,recover-20221013,001,1795
504.8285,504.8696,68437,82739,Rhinolophus ferrumequinum,0.027,0.027,-1,Echolocation,/mnt/ubna_data_02_mir/recover-20221013/UBNA_001/20221012_030000.WAV,Telephone Field,recover-20221013,001,1795
504.8315,504.8389,28906,37861,Eptesicus serotinus,0.006,0.025,-1,Echolocation,/mnt/ubna_data_02_mir/recover-20221013/UBNA_001/20221012_030000.WAV,Telephone Field,recover-20221013,001,1795
504.8385,504.856,35781,39972,Pipistrellus nathusii,0.032,0.049,-1,Echolocation,/mnt/ubna_data_02_mir/recover-20221013/UBNA_001/20221012_030000.WAV,Telephone Field,recover-20221013,001,1795
504.8455,504.8829,68437,81538,Rhinolophus ferrumequinum,0.02,0.02,-1,Echolocation,/mnt/ubna_data_02_mir/recover-20221013/UBNA_001/20221012_030000.WAV,Telephone Field,recover-20221013,001,1795
504.8515,504.8902,68437,81733,Rhinolophus ferrumequinum,0.019,0.019,-1,Echolocation,/mnt/ubna_data_02_mir/recover-20221013/UBNA_001/20221012_030000.WAV,Telephone Field,recover-20221013,001,1795
504.8895,504.9278,68437,82575,Rhinolophus ferrumequinum,0.02,0.02,-1,Echolocation,/mnt/ubna_data_02_mir/recover-20221013/UBNA_001/20221012_030000.WAV,Telephone Field,recover-20221013,001,1795
504.8995,504.9357,68437,81440,Rhinolophus ferrumequinum,0.024,0.024,-1,Echolocation,/mnt/ubna_data_02_mir/recover-20221013/UBNA_001/20221012_030000.WAV,Telephone Field,recover-20221013,001,1795
504.9305,504.9402,22031,27239,Nyctalus leisleri,0.008,0.02,-1,Echolocation,/mnt/ubna_data_02_mir/recover-20221013/UBNA_001/20221012_030000.WAV,Telephone Field,recover-20221013,001,1795
504.9465,504.9837,68437,81621,Rhinolophus ferrumequinum,0.02,0.02,-1,Echolocation,/mnt/ubna_data_02_mir/recover-20221013/UBNA_001/20221012_030000.WAV,Telephone Field,recover-20221013,001,1795
504.9475,504.9557,28046,39755,Eptesicus serotinus,0.006,0.02,-1,Echolocation,/mnt/ubna_data_02_mir/recover-20221013/UBNA_001/20221012_030000.WAV,Telephone Field,recover-20221013,001,1795
504.9845,505.019,68437,81270,Rhinolophus ferrumequinum,0.021,0.021,-1,Echolocation,/mnt/ubna_data_02_mir/recover-20221013/UBNA_001/20221012_030000.WAV,Telephone Field,recover-20221013,001,1795
505.0065,505.0457,68437,82105,Rhinolophus ferrumequinum,0.024,0.024,-1,Echolocation,/mnt/ubna_data_02_mir/recover-20221013/UBNA_001/20221012_030000.WAV,Telephone Field,recover-20221013,001,1795
505.0085,505.0244,21171,24332,Nyctalus leisleri,0.017,0.027,-1,Echolocation,/mnt/ubna_data_02_mir/recover-20221013/UBNA_001/20221012_030000.WAV,Telephone Field,recover-20221013,001,1795
505.0695,505.1068,68437,82362,Rhinolophus ferrumequinum,0.021,0.022,-1,Echolocation,/mnt/ubna_data_02_mir/recover-20221013/UBNA_001/20221012_030000.WAV,Telephone Field,recover-20221013,001,1795
505.0975,505.1326,68437,81131,Rhinolophus ferrumequinum,0.02,0.02,-1,Echolocation,/mnt/ubna_data_02_mir/recover-20221013/UBNA_001/20221012_030000.WAV,Telephone Field,recover-20221013,001,1795
505.1035,505.1397,68437,81148,Rhinolophus ferrumequinum,0.02,0.02,-1,Echolocation,/mnt/ubna_data_02_mir/recover-20221013/UBNA_001/20221012_030000.WAV,Telephone Field,recover-20221013,001,1795
505.1215,505.1601,68437,82117,Rhinolophus ferrumequinum,0.029,0.029,-1,Echolocation,/mnt/ubna_data_02_mir/recover-20221013/UBNA_001/20221012_030000.WAV,Telephone Field,recover-20221013,001,1795
505.1225,505.1304,26328,35165,Eptesicus serotinus,0.008,0.022,-1,Echolocation,/mnt/ubna_data_02_mir/recover-20221013/UBNA_001/20221012_030000.WAV,Telephone Field,recover-20221013,001,1795
505.1335,505.16700000000003,68437,81774,Rhinolophus ferrumequinum,0.021,0.021,-1,Echolocation,/mnt/ubna_data_02_mir/recover-20221013/UBNA_001/20221012_030000.WAV,Telephone Field,recover-20221013,001,1795
505.1505,505.1588,28906,39192,Eptesicus serotinus,0.007,0.019,-1,Echolocation,/mnt/ubna_data_02_mir/recover-20221013/UBNA_001/20221012_030000.WAV,Telephone Field,recover-20221013,001,1795
505.1955,505.2342,68437,81858,Rhinolophus ferrumequinum,0.021,0.021,-1,Echolocation,/mnt/ubna_data_02_mir/recover-20221013/UBNA_001/20221012_030000.WAV,Telephone Field,recover-20221013,001,1795
505.2185,505.2292,28046,33078,Eptesicus serotinus,0.009,0.021,-1,Echolocation,/mnt/ubna_data_02_mir/recover-20221013/UBNA_001/20221012_030000.WAV,Telephone Field,recover-20221013,001,1795
505.2215,505.2568,68437,81055,Rhinolophus ferrumequinum,0.019,0.019,-1,Echolocation,/mnt/ubna_data_02_mir/recover-20221013/UBNA_001/20221012_030000.WAV,Telephone Field,recover-20221013,001,1795
505.2675,505.3068,68437,82189,Rhinolophus ferrumequinum,0.02,0.02,-1,Echolocation,/mnt/ubna_data_02_mir/recover-20221013/UBNA_001/20221012_030000.WAV,Telephone Field,recover-20221013,001,1795
505.29449999999997,505.3335,68437,82353,Rhinolophus ferrumequinum,0.022,0.022,-1,Echolocation,/mnt/ubna_data_02_mir/recover-20221013/UBNA_001/20221012_030000.WAV,Telephone Field,recover-20221013,001,1795
505.3055,505.3417,68437,81746,Rhinolophus ferrumequinum,0.02,0.02,-1,Echolocation,/mnt/ubna_data_02_mir/recover-20221013/UBNA_001/20221012_030000.WAV,Telephone Field,recover-20221013,001,1795
505.3175,505.3564,68437,81704,Rhinolophus ferrumequinum,0.021,0.021,-1,Echolocation,/mnt/ubna_data_02_mir/recover-20221013/UBNA_001/20221012_030000.WAV,Telephone Field,recover-20221013,001,1795
505.3185,505.3271,31484,43651,Myotis daubentonii,0.007,0.021,-1,Echolocation,/mnt/ubna_data_02_mir/recover-20221013/UBNA_001/20221012_030000.WAV,Telephone Field,recover-20221013,001,1795
505.3515,505.3882,68437,81733,Rhinolophus ferrumequinum,0.023,0.023,-1,Echolocation,/mnt/ubna_data_02_mir/recover-20221013/UBNA_001/20221012_030000.WAV,Telephone Field,recover-20221013,001,1795
505.3685,505.3785,22890,28450,Nyctalus leisleri,0.01,0.024,-1,Echolocation,/mnt/ubna_data_02_mir/recover-20221013/UBNA_001/20221012_030000.WAV,Telephone Field,recover-20221013,001,1795
505.3695,505.4048,68437,81425,Rhinolophus ferrumequinum,0.02,0.02,-1,Echolocation,/mnt/ubna_data_02_mir/recover-20221013/UBNA_001/20221012_030000.WAV,Telephone Field,recover-20221013,001,1795
505.3905,505.4304,68437,82824,Rhinolophus ferrumequinum,0.026,0.026,-1,Echolocation,/mnt/ubna_data_02_mir/recover-20221013/UBNA_001/20221012_030000.WAV,Telephone Field,recover-20221013,001,1795
505.4255,505.4328,26328,37000,Eptesicus serotinus,0.006,0.023,-1,Echolocation,/mnt/ubna_data_02_mir/recover-20221013/UBNA_001/20221012_030000.WAV,Telephone Field,recover-20221013,001,1795
505.4405,505.4796,68437,82338,Rhinolophus ferrumequinum,0.023,0.023,-1,Echolocation,/mnt/ubna_data_02_mir/recover-20221013/UBNA_001/20221012_030000.WAV,Telephone Field,recover-20221013,001,1795
505.4475,505.4576,22031,26582,Nyctalus leisleri,0.01,0.019,-1,Echolocation,/mnt/ubna_data_02_mir/recover-20221013/UBNA_001/20221012_030000.WAV,Telephone Field,recover-20221013,001,1795
505.5625,505.6026,68437,81746,Rhinolophus ferrumequinum,0.022,0.022,-1,Echolocation,/mnt/ubna_data_02_mir/recover-20221013/UBNA_001/20221012_030000.WAV,Telephone Field,recover-20221013,001,1795
505.5825,505.5902,25468,34905,Eptesicus serotinus,0.006,0.021,-1,Echolocation,/mnt/ubna_data_02_mir/recover-20221013/UBNA_001/20221012_030000.WAV,Telephone Field,recover-20221013,001,1795
505.6095,505.652,68437,83062,Rhinolophus ferrumequinum,0.031,0.031,-1,Echolocation,/mnt/ubna_data_02_mir/recover-20221013/UBNA_001/20221012_030000.WAV,Telephone Field,recover-20221013,001,1795
505.6355,505.6736,68437,81625,Rhinolophus ferrumequinum,0.023,0.023,-1,Echolocation,/mnt/ubna_data_02_mir/recover-20221013/UBNA_001/20221012_030000.WAV,Telephone Field,recover-20221013,001,1795
505.6485,505.6896,68437,82637,Rhinolophus ferrumequinum,0.022,0.022,-1,Echolocation,/mnt/ubna_data_02_mir/recover-20221013/UBNA_001/20221012_030000.WAV,Telephone Field,recover-20221013,001,1795
505.6665,505.6748,27187,38008,Eptesicus serotinus,0.008,0.023,-1,Echolocation,/mnt/ubna_data_02_mir/recover-20221013/UBNA_001/20221012_030000.WAV,Telephone Field,recover-20221013,001,1795
505.7135,505.7512,68437,81734,Rhinolophus ferrumequinum,0.02,0.02,-1,Echolocation,/mnt/ubna_data_02_mir/recover-20221013/UBNA_001/20221012_030000.WAV,Telephone Field,recover-20221013,001,1795
505.7445,505.7547,23750,29062,Nyctalus leisleri,0.008,0.019,-1,Echolocation,/mnt/ubna_data_02_mir/recover-20221013/UBNA_001/20221012_030000.WAV,Telephone Field,recover-20221013,001,1795
505.7485,505.7875,68437,81882,Rhinolophus ferrumequinum,0.022,0.022,-1,Echolocation,/mnt/ubna_data_02_mir/recover-20221013/UBNA_001/20221012_030000.WAV,Telephone Field,recover-20221013,001,1795
505.7555,505.7944,68437,82318,Rhinolophus ferrumequinum,0.021,0.021,-1,Echolocation,/mnt/ubna_data_02_mir/recover-20221013/UBNA_001/20221012_030000.WAV,Telephone Field,recover-20221013,001,1795
505.77049999999997,505.8122,68437,82637,Rhinolophus ferrumequinum,0.028,0.028,-1,Echolocation,/mnt/ubna_data_02_mir/recover-20221013/UBNA_001/20221012_030000.WAV,Telephone Field,recover-20221013,001,1795
505.8015,505.8082,27187,37610,Eptesicus serotinus,0.007,0.022,-1,Echolocation,/mnt/ubna_data_02_mir/recover-20221013/UBNA_001/20221012_030000.WAV,Telephone Field,recover-20221013,001,1795
505.8415,505.851,48671,52138,Pipistrellus pipistrellus,0.021,0.023,-1,Echolocation,/mnt/ubna_data_02_mir/recover-20221013/UBNA_001/20221012_030000.WAV,Telephone Field,recover-20221013,001,1795
505.85450000000003,505.8947,68437,82654,Rhinolophus ferrumequinum,0.029,0.029,-1,Echolocation,/mnt/ubna_data_02_mir/recover-20221013/UBNA_001/20221012_030000.WAV,Telephone Field,recover-20221013,001,1795
505.8805,505.8913,22890,28113,Nyctalus leisleri,0.009,0.02,-1,Echolocation,/mnt/ubna_data_02_mir/recover-20221013/UBNA_001/20221012_030000.WAV,Telephone Field,recover-20221013,001,1795
505.8855,505.9017,21171,24704,Nyctalus leisleri,0.012,0.02,-1,Echolocation,/mnt/ubna_data_02_mir/recover-20221013/UBNA_001/20221012_030000.WAV,Telephone Field,recover-20221013,001,1795
505.8885,505.9273,68437,82138,Rhinolophus ferrumequinum,0.022,0.022,-1,Echolocation,/mnt/ubna_data_02_mir/recover-20221013/UBNA_001/20221012_030000.WAV,Telephone Field,recover-20221013,001,1795
505.9105,505.9217,23750,28777,Nyctalus leisleri,0.012,0.025,-1,Echolocation,/mnt/ubna_data_02_mir/recover-20221013/UBNA_001/20221012_030000.WAV,Telephone Field,recover-20221013,001,1795
505.9165,505.9483,68437,81376,Rhinolophus ferrumequinum,0.021,0.021,-1,Echolocation,/mnt/ubna_data_02_mir/recover-20221013/UBNA_001/20221012_030000.WAV,Telephone Field,recover-20221013,001,1795
505.9495,505.9861,68437,81379,Rhinolophus ferrumequinum,0.019,0.019,-1,Echolocation,/mnt/ubna_data_02_mir/recover-20221013/UBNA_001/20221012_030000.WAV,Telephone Field,recover-20221013,001,1795
505.9765,505.9847,23750,31646,Plecotus austriacus,0.008,0.022,-1,Echolocation,/mnt/ubna_data_02_mir/recover-20221013/UBNA_001/20221012_030000.WAV,Telephone Field,recover-20221013,001,1795
506.0015,506.0097,25468,35289,Nyctalus leisleri,0.006,0.023,-1,Echolocation,/mnt/ubna_data_02_mir/recover-20221013/UBNA_001/20221012_030000.WAV,Telephone Field,recover-20221013,001,1795
506.0025,506.0479,68437,83125,Rhinolophus ferrumequinum,0.029,0.029,-1,Echolocation,/mnt/ubna_data_02_mir/recover-20221013/UBNA_001/20221012_030000.WAV,Telephone Field,recover-20221013,001,1795
506.0075,506.0504,68437,82418,Rhinolophus ferrumequinum,0.021,0.021,-1,Echolocation,/mnt/ubna_data_02_mir/recover-20221013/UBNA_001/20221012_030000.WAV,Telephone Field,recover-20221013,001,1795
506.0145,506.0246,22890,28400,Nyctalus leisleri,0.009,0.022,-1,Echolocation,/mnt/ubna_data_02_mir/recover-20221013/UBNA_001/20221012_030000.WAV,Telephone Field,recover-20221013,001,1795
506.0235,506.0322,26328,34038,Eptesicus serotinus,0.008,0.02,-1,Echolocation,/mnt/ubna_data_02_mir/recover-20221013/UBNA_001/20221012_030000.WAV,Telephone Field,recover-20221013,001,1795
506.0325,506.0415,23750,31031,Plecotus austriacus,0.006,0.021,-1,Echolocation,/mnt/ubna_data_02_mir/recover-20221013/UBNA_001/20221012_030000.WAV,Telephone Field,recover-20221013,001,1795
506.0435,506.0532,27187,35739,Eptesicus serotinus,0.01,0.023,-1,Echolocation,/mnt/ubna_data_02_mir/recover-20221013/UBNA_001/20221012_030000.WAV,Telephone Field,recover-20221013,001,1795
506.1085,506.1167,27187,41320,Eptesicus serotinus,0.01,0.027,-1,Echolocation,/mnt/ubna_data_02_mir/recover-20221013/UBNA_001/20221012_030000.WAV,Telephone Field,recover-20221013,001,1795
506.1275,506.1658,68437,81610,Rhinolophus ferrumequinum,0.02,0.021,-1,Echolocation,/mnt/ubna_data_02_mir/recover-20221013/UBNA_001/20221012_030000.WAV,Telephone Field,recover-20221013,001,1795
506.1395,506.1781,68437,81881,Rhinolophus ferrumequinum,0.021,0.021,-1,Echolocation,/mnt/ubna_data_02_mir/recover-20221013/UBNA_001/20221012_030000.WAV,Telephone Field,recover-20221013,001,1795
506.1665,506.2042,68437,82919,Rhinolophus ferrumequinum,0.022,0.022,-1,Echolocation,/mnt/ubna_data_02_mir/recover-20221013/UBNA_001/20221012_030000.WAV,Telephone Field,recover-20221013,001,1795
506.1835,506.1927,26328,35914,Eptesicus serotinus,0.011,0.024,-1,Echolocation,/mnt/ubna_data_02_mir/recover-20221013/UBNA_001/20221012_030000.WAV,Telephone Field,recover-20221013,001,1795
506.1905,506.2301,68437,83100,Rhinolophus ferrumequinum,0.033,0.033,-1,Echolocation,/mnt/ubna_data_02_mir/recover-20221013/UBNA_001/20221012_030000.WAV,Telephone Field,recover-20221013,001,1795
506.2095,506.248,68437,82044,Rhinolophus ferrumequinum,0.021,0.021,-1,Echolocation,/mnt/ubna_data_02_mir/recover-20221013/UBNA_001/20221012_030000.WAV,Telephone Field,recover-20221013,001,1795
506.2105,506.2172,28046,42143,Eptesicus serotinus,0.006,0.02,-1,Echolocation,/mnt/ubna_data_02_mir/recover-20221013/UBNA_001/20221012_030000.WAV,Telephone Field,recover-20221013,001,1795
506.2355,506.2755,68437,82373,Rhinolophus ferrumequinum,0.022,0.022,-1,Echolocation,/mnt/ubna_data_02_mir/recover-20221013/UBNA_001/20221012_030000.WAV,Telephone Field,recover-20221013,001,1795
506.2445,506.28340000000003,68437,81892,Rhinolophus ferrumequinum,0.021,0.021,-1,Echolocation,/mnt/ubna_data_02_mir/recover-20221013/UBNA_001/20221012_030000.WAV,Telephone Field,recover-20221013,001,1795
506.2615,506.2992,68437,81843,Rhinolophus ferrumequinum,0.02,0.02,-1,Echolocation,/mnt/ubna_data_02_mir/recover-20221013/UBNA_001/20221012_030000.WAV,Telephone Field,recover-20221013,001,1795
506.2785,506.2889,23750,30156,Nyctalus leisleri,0.007,0.021,-1,Echolocation,/mnt/ubna_data_02_mir/recover-20221013/UBNA_001/20221012_030000.WAV,Telephone Field,recover-20221013,001,1795
506.3195,506.3271,32343,41718,Myotis daubentonii,0.007,0.021,-1,Echolocation,/mnt/ubna_data_02_mir/recover-20221013/UBNA_001/20221012_030000.WAV,Telephone Field,recover-20221013,001,1795
506.3445,506.3522,28046,38743,Eptesicus serotinus,0.009,0.023,-1,Echolocation,/mnt/ubna_data_02_mir/recover-20221013/UBNA_001/20221012_030000.WAV,Telephone Field,recover-20221013,001,1795
506.3705,506.3795,25468,33335,Eptesicus serotinus,0.009,0.025,-1,Echolocation,/mnt/ubna_data_02_mir/recover-20221013/UBNA_001/20221012_030000.WAV,Telephone Field,recover-20221013,001,1795
506.4115,506.4209,46953,51573,Pipistrellus pipistrellus,0.022,0.025,-1,Echolocation,/mnt/ubna_data_02_mir/recover-20221013/UBNA_001/20221012_030000.WAV,Telephone Field,recover-20221013,001,1795
506.4275,506.4648,68437,81356,Rhinolophus ferrumequinum,0.02,0.02,-1,Echolocation,/mnt/ubna_data_02_mir/recover-20221013/UBNA_001/20221012_030000.WAV,Telephone Field,recover-20221013,001,1795
506.4285,506.4376,28906,37574,Eptesicus serotinus,0.008,0.021,-1,Echolocation,/mnt/ubna_data_02_mir/recover-20221013/UBNA_001/20221012_030000.WAV,Telephone Field,recover-20221013,001,1795
506.4505,506.4659,22031,26473,Nyctalus leisleri,0.013,0.025,-1,Echolocation,/mnt/ubna_data_02_mir/recover-20221013/UBNA_001/20221012_030000.WAV,Telephone Field,recover-20221013,001,1795
506.4515,506.4902,68437,82628,Rhinolophus ferrumequinum,0.032,0.032,-1,Echolocation,/mnt/ubna_data_02_mir/recover-20221013/UBNA_001/20221012_030000.WAV,Telephone Field,recover-20221013,001,1795
506.4845,506.5248,68437,82408,Rhinolophus ferrumequinum,0.021,0.021,-1,Echolocation,/mnt/ubna_data_02_mir/recover-20221013/UBNA_001/20221012_030000.WAV,Telephone Field,recover-20221013,001,1795
506.4925,506.5279,68437,82100,Rhinolophus ferrumequinum,0.022,0.022,-1,Echolocation,/mnt/ubna_data_02_mir/recover-20221013/UBNA_001/20221012_030000.WAV,Telephone Field,recover-20221013,001,1795
506.5795,506.5913,42656,46067,Pipistrellus pipistrellus,0.03,0.04,-1,Echolocation,/mnt/ubna_data_02_mir/recover-20221013/UBNA_001/20221012_030000.WAV,Telephone Field,recover-20221013,001,1795
506.6255,506.6381,43515,47620,Pipistrellus pipistrellus,0.033,0.041,-1,Echolocation,/mnt/ubna_data_02_mir/recover-20221013/UBNA_001/20221012_030000.WAV,Telephone Field,recover-20221013,001,1795
506.6375,506.6751,68437,82031,Rhinolophus ferrumequinum,0.022,0.022,-1,Echolocation,/mnt/ubna_data_02_mir/recover-20221013/UBNA_001/20221012_030000.WAV,Telephone Field,recover-20221013,001,1795
506.6645,506.6736,28046,39651,Eptesicus serotinus,0.009,0.021,-1,Echolocation,/mnt/ubna_data_02_mir/recover-20221013/UBNA_001/20221012_030000.WAV,Telephone Field,recover-20221013,001,1795
506.6655,506.6746,34062,40643,Barbastellus barbastellus,0.005,0.02,-1,Echolocation,/mnt/ubna_data_02_mir/recover-20221013/UBNA_001/20221012_030000.WAV,Telephone Field,recover-20221013,001,1795
506.6755,506.7098,68437,80286,Rhinolophus ferrumequinum,0.02,0.02,-1,Echolocation,/mnt/ubna_data_02_mir/recover-20221013/UBNA_001/20221012_030000.WAV,Telephone Field,recover-20221013,001,1795
506.6855,506.7193,68437,81632,Rhinolophus ferrumequinum,0.021,0.021,-1,Echolocation,/mnt/ubna_data_02_mir/recover-20221013/UBNA_001/20221012_030000.WAV,Telephone Field,recover-20221013,001,1795
506.7015,506.7093,28046,38405,Eptesicus serotinus,0.006,0.02,-1,Echolocation,/mnt/ubna_data_02_mir/recover-20221013/UBNA_001/20221012_030000.WAV,Telephone Field,recover-20221013,001,1795
506.7385,506.7472,28046,39163,Eptesicus serotinus,0.012,0.025,-1,Echolocation,/mnt/ubna_data_02_mir/recover-20221013/UBNA_001/20221012_030000.WAV,Telephone Field,recover-20221013,001,1795
506.7455,506.7787,68437,81149,Rhinolophus ferrumequinum,0.02,0.02,-1,Echolocation,/mnt/ubna_data_02_mir/recover-20221013/UBNA_001/20221012_030000.WAV,Telephone Field,recover-20221013,001,1795
506.7675,506.7761,25468,34880,Eptesicus serotinus,0.008,0.021,-1,Echolocation,/mnt/ubna_data_02_mir/recover-20221013/UBNA_001/20221012_030000.WAV,Telephone Field,recover-20221013,001,1795
506.8085,506.8489,68437,82686,Rhinolophus ferrumequinum,0.029,0.029,-1,Echolocation,/mnt/ubna_data_02_mir/recover-20221013/UBNA_001/20221012_030000.WAV,Telephone Field,recover-20221013,001,1795
506.8315,506.8702,68437,82282,Rhinolophus ferrumequinum,0.025,0.025,-1,Echolocation,/mnt/ubna_data_02_mir/recover-20221013/UBNA_001/20221012_030000.WAV,Telephone Field,recover-20221013,001,1795
506.8425,506.8792,68437,81792,Rhinolophus ferrumequinum,0.02,0.02,-1,Echolocation,/mnt/ubna_data_02_mir/recover-20221013/UBNA_001/20221012_030000.WAV,Telephone Field,recover-20221013,001,1795
506.8585,506.8703,24609,31013,Nyctalus leisleri,0.009,0.023,-1,Echolocation,/mnt/ubna_data_02_mir/recover-20221013/UBNA_001/20221012_030000.WAV,Telephone Field,recover-20221013,001,1795
506.8785,506.916,68437,81236,Rhinolophus ferrumequinum,0.022,0.022,-1,Echolocation,/mnt/ubna_data_02_mir/recover-20221013/UBNA_001/20221012_030000.WAV,Telephone Field,recover-20221013,001,1795
506.8995,506.9384,68437,82029,Rhinolophus ferrumequinum,0.023,0.023,-1,Echolocation,/mnt/ubna_data_02_mir/recover-20221013/UBNA_001/20221012_030000.WAV,Telephone Field,recover-20221013,001,1795
506.9045,506.9134,47812,53414,Pipistrellus pipistrellus,0.025,0.027,-1,Echolocation,/mnt/ubna_data_02_mir/recover-20221013/UBNA_001/20221012_030000.WAV,Telephone Field,recover-20221013,001,1795
506.9045,506.9141,25468,32083,Eptesicus serotinus,0.008,0.021,-1,Echolocation,/mnt/ubna_data_02_mir/recover-20221013/UBNA_001/20221012_030000.WAV,Telephone Field,recover-20221013,001,1795
506.9485,506.9864,68437,81460,Rhinolophus ferrumequinum,0.032,0.032,-1,Echolocation,/mnt/ubna_data_02_mir/recover-20221013/UBNA_001/20221012_030000.WAV,Telephone Field,recover-20221013,001,1795
506.9715,507.0097,68437,81885,Rhinolophus ferrumequinum,0.021,0.021,-1,Echolocation,/mnt/ubna_data_02_mir/recover-20221013/UBNA_001/20221012_030000.WAV,Telephone Field,recover-20221013,001,1795
507.0295,507.0693,68437,82204,Rhinolophus ferrumequinum,0.028,0.028,-1,Echolocation,/mnt/ubna_data_02_mir/recover-20221013/UBNA_001/20221012_030000.WAV,Telephone Field,recover-20221013,001,1795
507.0435,507.0523,28906,37772,Eptesicus serotinus,0.008,0.02,-1,Echolocation,/mnt/ubna_data_02_mir/recover-20221013/UBNA_001/20221012_030000.WAV,Telephone Field,recover-20221013,001,1795
507.0555,507.0652,24609,31475,Nyctalus leisleri,0.007,0.02,-1,Echolocation,/mnt/ubna_data_02_mir/recover-20221013/UBNA_001/20221012_030000.WAV,Telephone Field,recover-20221013,001,1795
507.0685,507.1083,68437,82347,Rhinolophus ferrumequinum,0.02,0.02,-1,Echolocation,/mnt/ubna_data_02_mir/recover-20221013/UBNA_001/20221012_030000.WAV,Telephone Field,recover-20221013,001,1795
507.1435,507.152,28906,37854,Eptesicus serotinus,0.008,0.021,-1,Echolocation,/mnt/ubna_data_02_mir/recover-20221013/UBNA_001/20221012_030000.WAV,Telephone Field,recover-20221013,001,1795
507.1735,507.2123,68437,81748,Rhinolophus ferrumequinum,0.02,0.02,-1,Echolocation,/mnt/ubna_data_02_mir/recover-20221013/UBNA_001/20221012_030000.WAV,Telephone Field,recover-20221013,001,1795
507.2045,507.2149,22890,27411,Nyctalus leisleri,0.01,0.02,-1,Echolocation,/mnt/ubna_data_02_mir/recover-20221013/UBNA_001/20221012_030000.WAV,Telephone Field,recover-20221013,001,1795
507.2485,507.2557,27187,39541,Eptesicus serotinus,0.006,0.02,-1,Echolocation,/mnt/ubna_data_02_mir/recover-20221013/UBNA_001/20221012_030000.WAV,Telephone Field,recover-20221013,001,1795
507.2715,507.2852,22031,25425,Nyctalus leisleri,0.013,0.021,-1,Echolocation,/mnt/ubna_data_02_mir/recover-20221013/UBNA_001/20221012_030000.WAV,Telephone Field,recover-20221013,001,1795
507.3045,507.3401,68437,82513,Rhinolophus ferrumequinum,0.028,0.028,-1,Echolocation,/mnt/ubna_data_02_mir/recover-20221013/UBNA_001/20221012_030000.WAV,Telephone Field,recover-20221013,001,1795
507.3195,507.3601,68437,82545,Rhinolophus ferrumequinum,0.021,0.021,-1,Echolocation,/mnt/ubna_data_02_mir/recover-20221013/UBNA_001/20221012_030000.WAV,Telephone Field,recover-20221013,001,1795
507.3395,507.3494,14296,20986,Nyctalus noctula,0.01,0.021,-1,Echolocation,/mnt/ubna_data_02_mir/recover-20221013/UBNA_001/20221012_030000.WAV,Telephone Field,recover-20221013,001,1795
507.3665,507.4057,68437,82664,Rhinolophus ferrumequinum,0.031,0.031,-1,Echolocation,/mnt/ubna_data_02_mir/recover-20221013/UBNA_001/20221012_030000.WAV,Telephone Field,recover-20221013,001,1795
507.3875,507.3981,28046,35757,Eptesicus serotinus,0.013,0.025,-1,Echolocation,/mnt/ubna_data_02_mir/recover-20221013/UBNA_001/20221012_030000.WAV,Telephone Field,recover-20221013,001,1795
507.4045,507.4116,28046,40949,Eptesicus serotinus,0.006,0.02,-1,Echolocation,/mnt/ubna_data_02_mir/recover-20221013/UBNA_001/20221012_030000.WAV,Telephone Field,recover-20221013,001,1795
507.4485,507.4656,19453,22387,Nyctalus leisleri,0.015,0.027,-1,Echolocation,/mnt/ubna_data_02_mir/recover-20221013/UBNA_001/20221012_030000.WAV,Telephone Field,recover-20221013,001,1795
507.4755,507.4854,27187,35282,Eptesicus serotinus,0.01,0.022,-1,Echolocation,/mnt/ubna_data_02_mir/recover-20221013/UBNA_001/20221012_030000.WAV,Telephone Field,recover-20221013,001,1795
507.4835,507.5206,68437,82034,Rhinolophus ferrumequinum,0.032,0.033,-1,Echolocation,/mnt/ubna_data_02_mir/recover-20221013/UBNA_001/20221012_030000.WAV,Telephone Field,recover-20221013,001,1795
507.5115,507.5192,27187,38018,Eptesicus serotinus,0.006,0.02,-1,Echolocation,/mnt/ubna_data_02_mir/recover-20221013/UBNA_001/20221012_030000.WAV,Telephone Field,recover-20221013,001,1795
507.5565,507.5671,22031,26687,Nyctalus leisleri,0.009,0.02,-1,Echolocation,/mnt/ubna_data_02_mir/recover-20221013/UBNA_001/20221012_030000.WAV,Telephone Field,recover-20221013,001,1795
507.5715,507.6087,68437,81860,Rhinolophus ferrumequinum,0.023,0.023,-1,Echolocation,/mnt/ubna_data_02_mir/recover-20221013/UBNA_001/20221012_030000.WAV,Telephone Field,recover-20221013,001,1795
507.5775,507.6139,68437,81508,Rhinolophus ferrumequinum,0.024,0.024,-1,Echolocation,/mnt/ubna_data_02_mir/recover-20221013/UBNA_001/20221012_030000.WAV,Telephone Field,recover-20221013,001,1795
507.6575,507.6643,28046,40609,Eptesicus serotinus,0.006,0.023,-1,Echolocation,/mnt/ubna_data_02_mir/recover-20221013/UBNA_001/20221012_030000.WAV,Telephone Field,recover-20221013,001,1795
507.6825,507.7211,68437,82555,Rhinolophus ferrumequinum,0.022,0.023,-1,Echolocation,/mnt/ubna_data_02_mir/recover-20221013/UBNA_001/20221012_030000.WAV,Telephone Field,recover-20221013,001,1795
507.7165,507.726,22890,28711,Nyctalus leisleri,0.008,0.021,-1,Echolocation,/mnt/ubna_data_02_mir/recover-20221013/UBNA_001/20221012_030000.WAV,Telephone Field,recover-20221013,001,1795
507.7485,507.7875,68437,82991,Rhinolophus ferrumequinum,0.024,0.024,-1,Echolocation,/mnt/ubna_data_02_mir/recover-20221013/UBNA_001/20221012_030000.WAV,Telephone Field,recover-20221013,001,1795
507.7695,507.7821,23750,28659,Nyctalus leisleri,0.011,0.022,-1,Echolocation,/mnt/ubna_data_02_mir/recover-20221013/UBNA_001/20221012_030000.WAV,Telephone Field,recover-20221013,001,1795
507.7745,507.8141,68437,81577,Rhinolophus ferrumequinum,0.037,0.037,-1,Echolocation,/mnt/ubna_data_02_mir/recover-20221013/UBNA_001/20221012_030000.WAV,Telephone Field,recover-20221013,001,1795
507.7995,507.8062,28046,40774,Eptesicus serotinus,0.006,0.023,-1,Echolocation,/mnt/ubna_data_02_mir/recover-20221013/UBNA_001/20221012_030000.WAV,Telephone Field,recover-20221013,001,1795
507.8205,507.8596,68437,82693,Rhinolophus ferrumequinum,0.02,0.02,-1,Echolocation,/mnt/ubna_data_02_mir/recover-20221013/UBNA_001/20221012_030000.WAV,Telephone Field,recover-20221013,001,1795
507.8775,507.91700000000003,68437,83010,Rhinolophus ferrumequinum,0.023,0.023,-1,Echolocation,/mnt/ubna_data_02_mir/recover-20221013/UBNA_001/20221012_030000.WAV,Telephone Field,recover-20221013,001,1795
507.8855,507.8957,22890,28162,Nyctalus leisleri,0.009,0.021,-1,Echolocation,/mnt/ubna_data_02_mir/recover-20221013/UBNA_001/20221012_030000.WAV,Telephone Field,recover-20221013,001,1795
507.9005,507.9075,27187,37584,Eptesicus serotinus,0.009,0.027,-1,Echolocation,/mnt/ubna_data_02_mir/recover-20221013/UBNA_001/20221012_030000.WAV,Telephone Field,recover-20221013,001,1795
507.9225,507.9631,68437,82694,Rhinolophus ferrumequinum,0.025,0.025,-1,Echolocation,/mnt/ubna_data_02_mir/recover-20221013/UBNA_001/20221012_030000.WAV,Telephone Field,recover-20221013,001,1795
508.0015,508.0118,46953,52097,Pipistrellus pipistrellus,0.018,0.024,-1,Echolocation,/mnt/ubna_data_02_mir/recover-20221013/UBNA_001/20221012_030000.WAV,Telephone Field,recover-20221013,001,1795
508.0015,508.0319,69296,81081,Rhinolophus ferrumequinum,0.02,0.02,-1,Echolocation,/mnt/ubna_data_02_mir/recover-20221013/UBNA_001/20221012_030000.WAV,Telephone Field,recover-20221013,001,1795
508.0015,508.0096,22890,32302,Plecotus austriacus,0.006,0.024,-1,Echolocation,/mnt/ubna_data_02_mir/recover-20221013/UBNA_001/20221012_030000.WAV,Telephone Field,recover-20221013,001,1795
508.0185,508.0583,68437,81896,Rhinolophus ferrumequinum,0.021,0.022,-1,Echolocation,/mnt/ubna_data_02_mir/recover-20221013/UBNA_001/20221012_030000.WAV,Telephone Field,recover-20221013,001,1795
508.0255,508.0584,68437,81191,Rhinolophus ferrumequinum,0.021,0.021,-1,Echolocation,/mnt/ubna_data_02_mir/recover-20221013/UBNA_001/20221012_030000.WAV,Telephone Field,recover-20221013,001,1795
508.0715,508.0795,27187,37028,Eptesicus serotinus,0.008,0.021,-1,Echolocation,/mnt/ubna_data_02_mir/recover-20221013/UBNA_001/20221012_030000.WAV,Telephone Field,recover-20221013,001,1795
508.0765,508.0854,34062,45389,Myotis daubentonii,0.004,0.02,-1,Echolocation,/mnt/ubna_data_02_mir/recover-20221013/UBNA_001/20221012_030000.WAV,Telephone Field,recover-20221013,001,1795
508.0815,508.0884,48671,53355,Pipistrellus pipistrellus,0.021,0.024,-1,Echolocation,/mnt/ubna_data_02_mir/recover-20221013/UBNA_001/20221012_030000.WAV,Telephone Field,recover-20221013,001,1795
508.0825,508.1218,68437,82336,Rhinolophus ferrumequinum,0.022,0.022,-1,Echolocation,/mnt/ubna_data_02_mir/recover-20221013/UBNA_001/20221012_030000.WAV,Telephone Field,recover-20221013,001,1795
508.0935,508.1304,68437,82118,Rhinolophus ferrumequinum,0.02,0.02,-1,Echolocation,/mnt/ubna_data_02_mir/recover-20221013/UBNA_001/20221012_030000.WAV,Telephone Field,recover-20221013,001,1795
508.1075,508.1202,23750,29604,Nyctalus leisleri,0.011,0.026,-1,Echolocation,/mnt/ubna_data_02_mir/recover-20221013/UBNA_001/20221012_030000.WAV,Telephone Field,recover-20221013,001,1795
508.1205,508.12760000000003,28046,40160,Eptesicus serotinus,0.005,0.02,-1,Echolocation,/mnt/ubna_data_02_mir/recover-20221013/UBNA_001/20221012_030000.WAV,Telephone Field,recover-20221013,001,1795
508.1215,508.1626,68437,82875,Rhinolophus ferrumequinum,0.023,0.023,-1,Echolocation,/mnt/ubna_data_02_mir/recover-20221013/UBNA_001/20221012_030000.WAV,Telephone Field,recover-20221013,001,1795
508.1515,508.1918,68437,82221,Rhinolophus ferrumequinum,0.022,0.022,-1,Echolocation,/mnt/ubna_data_02_mir/recover-20221013/UBNA_001/20221012_030000.WAV,Telephone Field,recover-20221013,001,1795
508.1515,508.1613,24609,31502,Eptesicus serotinus,0.007,0.02,-1,Echolocation,/mnt/ubna_data_02_mir/recover-20221013/UBNA_001/20221012_030000.WAV,Telephone Field,recover-20221013,001,1795
508.1565,508.1647,28906,38304,Eptesicus serotinus,0.007,0.02,-1,Echolocation,/mnt/ubna_data_02_mir/recover-20221013/UBNA_001/20221012_030000.WAV,Telephone Field,recover-20221013,001,1795
508.1635,508.2029,68437,82301,Rhinolophus ferrumequinum,0.022,0.022,-1,Echolocation,/mnt/ubna_data_02_mir/recover-20221013/UBNA_001/20221012_030000.WAV,Telephone Field,recover-20221013,001,1795
508.1815,508.1917,28906,35758,Eptesicus serotinus,0.01,0.023,-1,Echolocation,/mnt/ubna_data_02_mir/recover-20221013/UBNA_001/20221012_030000.WAV,Telephone Field,recover-20221013,001,1795
508.1895,508.2276,68437,81972,Rhinolophus ferrumequinum,0.02,0.02,-1,Echolocation,/mnt/ubna_data_02_mir/recover-20221013/UBNA_001/20221012_030000.WAV,Telephone Field,recover-20221013,001,1795
508.1995,508.2395,68437,82381,Rhinolophus ferrumequinum,0.021,0.021,-1,Echolocation,/mnt/ubna_data_02_mir/recover-20221013/UBNA_001/20221012_030000.WAV,Telephone Field,recover-20221013,001,1795
508.2245,508.2335,28046,37888,Eptesicus serotinus,0.008,0.021,-1,Echolocation,/mnt/ubna_data_02_mir/recover-20221013/UBNA_001/20221012_030000.WAV,Telephone Field,recover-20221013,001,1795
508.2455,508.2835,68437,81272,Rhinolophus ferrumequinum,0.02,0.02,-1,Echolocation,/mnt/ubna_data_02_mir/recover-20221013/UBNA_001/20221012_030000.WAV,Telephone Field,recover-20221013,001,1795
508.2515,508.2581,27187,40940,Eptesicus serotinus,0.006,0.022,-1,Echolocation,/mnt/ubna_data_02_mir/recover-20221013/UBNA_001/20221012_030000.WAV,Telephone Field,recover-20221013,001,1795
508.2715,508.3076,68437,81420,Rhinolophus ferrumequinum,0.02,0.02,-1,Echolocation,/mnt/ubna_data_02_mir/recover-20221013/UBNA_001/20221012_030000.WAV,Telephone Field,recover-20221013,001,1795
508.3175,508.3566,68437,81715,Rhinolophus ferrumequinum,0.021,0.021,-1,Echolocation,/mnt/ubna_data_02_mir/recover-20221013/UBNA_001/20221012_030000.WAV,Telephone Field,recover-20221013,001,1795
508.3395,508.3781,68437,82024,Rhinolophus ferrumequinum,0.021,0.022,-1,Echolocation,/mnt/ubna_data_02_mir/recover-20221013/UBNA_001/20221012_030000.WAV,Telephone Field,recover-20221013,001,1795
508.3675,508.4091,68437,82791,Rhinolophus ferrumequinum,0.024,0.024,-1,Echolocation,/mnt/ubna_data_02_mir/recover-20221013/UBNA_001/20221012_030000.WAV,Telephone Field,recover-20221013,001,1795
508.3935,508.4014,28906,39210,Eptesicus serotinus,0.007,0.021,-1,Echolocation,/mnt/ubna_data_02_mir/recover-20221013/UBNA_001/20221012_030000.WAV,Telephone Field,recover-20221013,001,1795
508.4235,508.4618,68437,82562,Rhinolophus ferrumequinum,0.024,0.024,-1,Echolocation,/mnt/ubna_data_02_mir/recover-20221013/UBNA_001/20221012_030000.WAV,Telephone Field,recover-20221013,001,1795
508.4545,508.4629,23750,31090,Plecotus austriacus,0.008,0.022,-1,Echolocation,/mnt/ubna_data_02_mir/recover-20221013/UBNA_001/20221012_030000.WAV,Telephone Field,recover-20221013,001,1795
508.4745,508.509,68437,81647,Rhinolophus ferrumequinum,0.02,0.02,-1,Echolocation,/mnt/ubna_data_02_mir/recover-20221013/UBNA_001/20221012_030000.WAV,Telephone Field,recover-20221013,001,1795
508.4865,508.5244,68437,81646,Rhinolophus ferrumequinum,0.025,0.025,-1,Echolocation,/mnt/ubna_data_02_mir/recover-20221013/UBNA_001/20221012_030000.WAV,Telephone Field,recover-20221013,001,1795
508.5355,508.5732,68437,81890,Rhinolophus ferrumequinum,0.021,0.021,-1,Echolocation,/mnt/ubna_data_02_mir/recover-20221013/UBNA_001/20221012_030000.WAV,Telephone Field,recover-20221013,001,1795
508.5725,508.5822,28046,36077,Eptesicus serotinus,0.01,0.021,-1,Echolocation,/mnt/ubna_data_02_mir/recover-20221013/UBNA_001/20221012_030000.WAV,Telephone Field,recover-20221013,001,1795
508.5835,508.62239999999997,68437,81745,Rhinolophus ferrumequinum,0.028,0.028,-1,Echolocation,/mnt/ubna_data_02_mir/recover-20221013/UBNA_001/20221012_030000.WAV,Telephone Field,recover-20221013,001,1795
508.6195,508.6266,28046,39533,Eptesicus serotinus,0.006,0.022,-1,Echolocation,/mnt/ubna_data_02_mir/recover-20221013/UBNA_001/20221012_030000.WAV,Telephone Field,recover-20221013,001,1795
508.6205,508.6291,23750,31139,Plecotus austriacus,0.007,0.021,-1,Echolocation,/mnt/ubna_data_02_mir/recover-20221013/UBNA_001/20221012_030000.WAV,Telephone Field,recover-20221013,001,1795
508.6235,508.6599,68437,81552,Rhinolophus ferrumequinum,0.022,0.022,-1,Echolocation,/mnt/ubna_data_02_mir/recover-20221013/UBNA_001/20221012_030000.WAV,Telephone Field,recover-20221013,001,1795
508.6365,508.6759,68437,82197,Rhinolophus ferrumequinum,0.02,0.02,-1,Echolocation,/mnt/ubna_data_02_mir/recover-20221013/UBNA_001/20221012_030000.WAV,Telephone Field,recover-20221013,001,1795
508.6635,508.7052,68437,83345,Rhinolophus ferrumequinum,0.029,0.029,-1,Echolocation,/mnt/ubna_data_02_mir/recover-20221013/UBNA_001/20221012_030000.WAV,Telephone Field,recover-20221013,001,1795
508.6865,508.7236,68437,81713,Rhinolophus ferrumequinum,0.02,0.02,-1,Echolocation,/mnt/ubna_data_02_mir/recover-20221013/UBNA_001/20221012_030000.WAV,Telephone Field,recover-20221013,001,1795
508.7125,508.7514,68437,81754,Rhinolophus ferrumequinum,0.02,0.02,-1,Echolocation,/mnt/ubna_data_02_mir/recover-20221013/UBNA_001/20221012_030000.WAV,Telephone Field,recover-20221013,001,1795
508.7215,508.7602,68437,82413,Rhinolophus ferrumequinum,0.022,0.022,-1,Echolocation,/mnt/ubna_data_02_mir/recover-20221013/UBNA_001/20221012_030000.WAV,Telephone Field,recover-20221013,001,1795
508.7325,508.7729,68437,81980,Rhinolophus ferrumequinum,0.021,0.021,-1,Echolocation,/mnt/ubna_data_02_mir/recover-20221013/UBNA_001/20221012_030000.WAV,Telephone Field,recover-20221013,001,1795
508.7605,508.7709,23750,29507,Nyctalus leisleri,0.008,0.02,-1,Echolocation,/mnt/ubna_data_02_mir/recover-20221013/UBNA_001/20221012_030000.WAV,Telephone Field,recover-20221013,001,1795
508.7615,508.7996,68437,81737,Rhinolophus ferrumequinum,0.02,0.02,-1,Echolocation,/mnt/ubna_data_02_mir/recover-20221013/UBNA_001/20221012_030000.WAV,Telephone Field,recover-20221013,001,1795
508.7935,508.8296,68437,81497,Rhinolophus ferrumequinum,0.02,0.02,-1,Echolocation,/mnt/ubna_data_02_mir/recover-20221013/UBNA_001/20221012_030000.WAV,Telephone Field,recover-20221013,001,1795
508.8445,508.8863,68437,83516,Rhinolophus ferrumequinum,0.031,0.031,-1,Echolocation,/mnt/ubna_data_02_mir/recover-20221013/UBNA_001/20221012_030000.WAV,Telephone Field,recover-20221013,001,1795
508.8445,508.85360000000003,22890,29601,Plecotus austriacus,0.008,0.021,-1,Echolocation,/mnt/ubna_data_02_mir/recover-20221013/UBNA_001/20221012_030000.WAV,Telephone Field,recover-20221013,001,1795
508.8455,508.8537,28046,38978,Eptesicus serotinus,0.007,0.02,-1,Echolocation,/mnt/ubna_data_02_mir/recover-20221013/UBNA_001/20221012_030000.WAV,Telephone Field,recover-20221013,001,1795
508.8525,508.8602,28046,39460,Eptesicus serotinus,0.007,0.02,-1,Echolocation,/mnt/ubna_data_02_mir/recover-20221013/UBNA_001/20221012_030000.WAV,Telephone Field,recover-20221013,001,1795
508.8725,508.8831,22031,26681,Nyctalus leisleri,0.01,0.02,-1,Echolocation,/mnt/ubna_data_02_mir/recover-20221013/UBNA_001/20221012_030000.WAV,Telephone Field,recover-20221013,001,1795
508.8845,508.9197,68437,81121,Rhinolophus ferrumequinum,0.02,0.02,-1,Echolocation,/mnt/ubna_data_02_mir/recover-20221013/UBNA_001/20221012_030000.WAV,Telephone Field,recover-20221013,001,1795
508.8935,508.9021,23750,30557,Plecotus austriacus,0.009,0.025,-1,Echolocation,/mnt/ubna_data_02_mir/recover-20221013/UBNA_001/20221012_030000.WAV,Telephone Field,recover-20221013,001,1795
508.9025,508.9403,68437,81669,Rhinolophus ferrumequinum,0.021,0.021,-1,Echolocation,/mnt/ubna_data_02_mir/recover-20221013/UBNA_001/20221012_030000.WAV,Telephone Field,recover-20221013,001,1795
508.91949999999997,508.9302,28906,36644,Eptesicus serotinus,0.01,0.023,-1,Echolocation,/mnt/ubna_data_02_mir/recover-20221013/UBNA_001/20221012_030000.WAV,Telephone Field,recover-20221013,001,1795
508.9275,508.9659,68437,81904,Rhinolophus ferrumequinum,0.02,0.02,-1,Echolocation,/mnt/ubna_data_02_mir/recover-20221013/UBNA_001/20221012_030000.WAV,Telephone Field,recover-20221013,001,1795
508.9505,508.9884,68437,81854,Rhinolophus ferrumequinum,0.02,0.02,-1,Echolocation,/mnt/ubna_data_02_mir/recover-20221013/UBNA_001/20221012_030000.WAV,Telephone Field,recover-20221013,001,1795
508.9575,508.9963,68437,81979,Rhinolophus ferrumequinum,0.021,0.021,-1,Echolocation,/mnt/ubna_data_02_mir/recover-20221013/UBNA_001/20221012_030000.WAV,Telephone Field,recover-20221013,001,1795
508.9625,508.9713,28906,36512,Eptesicus serotinus,0.008,0.02,-1,Echolocation,/mnt/ubna_data_02_mir/recover-20221013/UBNA_001/20221012_030000.WAV,Telephone Field,recover-20221013,001,1795
508.9695,508.9785,28906,36822,Eptesicus serotinus,0.007,0.02,-1,Echolocation,/mnt/ubna_data_02_mir/recover-20221013/UBNA_001/20221012_030000.WAV,Telephone Field,recover-20221013,001,1795
508.9995,509.0376,68437,82367,Rhinolophus ferrumequinum,0.021,0.021,-1,Echolocation,/mnt/ubna_data_02_mir/recover-20221013/UBNA_001/20221012_030000.WAV,Telephone Field,recover-20221013,001,1795
509.0305,509.0673,68437,82178,Rhinolophus ferrumequinum,0.026,0.026,-1,Echolocation,/mnt/ubna_data_02_mir/recover-20221013/UBNA_001/20221012_030000.WAV,Telephone Field,recover-20221013,001,1795
509.0785,509.1191,68437,82349,Rhinolophus ferrumequinum,0.02,0.02,-1,Echolocation,/mnt/ubna_data_02_mir/recover-20221013/UBNA_001/20221012_030000.WAV,Telephone Field,recover-20221013,001,1795
509.08050000000003,509.0913,22890,28484,Nyctalus leisleri,0.008,0.02,-1,Echolocation,/mnt/ubna_data_02_mir/recover-20221013/UBNA_001/20221012_030000.WAV,Telephone Field,recover-20221013,001,1795
509.0945,509.10450000000003,27187,33836,Eptesicus serotinus,0.011,0.022,-1,Echolocation,/mnt/ubna_data_02_mir/recover-20221013/UBNA_001/20221012_030000.WAV,Telephone Field,recover-20221013,001,1795
509.1025,509.1383,68437,81338,Rhinolophus ferrumequinum,0.02,0.02,-1,Echolocation,/mnt/ubna_data_02_mir/recover-20221013/UBNA_001/20221012_030000.WAV,Telephone Field,recover-20221013,001,1795
509.1525,509.1918,68437,82193,Rhinolophus ferrumequinum,0.021,0.021,-1,Echolocation,/mnt/ubna_data_02_mir/recover-20221013/UBNA_001/20221012_030000.WAV,Telephone Field,recover-20221013,001,1795
509.2025,509.2082,25468,42647,Plecotus austriacus,0.01,0.036,-1,Echolocation,/mnt/ubna_data_02_mir/recover-20221013/UBNA_001/20221012_030000.WAV,Telephone Field,recover-20221013,001,1795
509.2375,509.2736,68437,81593,Rhinolophus ferrumequinum,0.021,0.021,-1,Echolocation,/mnt/ubna_data_02_mir/recover-20221013/UBNA_001/20221012_030000.WAV,Telephone Field,recover-20221013,001,1795
509.2445,509.2534,28046,38804,Eptesicus serotinus,0.008,0.022,-1,Echolocation,/mnt/ubna_data_02_mir/recover-20221013/UBNA_001/20221012_030000.WAV,Telephone Field,recover-20221013,001,1795
509.2725,509.3144,68437,82365,Rhinolophus ferrumequinum,0.022,0.022,-1,Echolocation,/mnt/ubna_data_02_mir/recover-20221013/UBNA_001/20221012_030000.WAV,Telephone Field,recover-20221013,001,1795
509.2825,509.3233,68437,83179,Rhinolophus ferrumequinum,0.028,0.028,-1,Echolocation,/mnt/ubna_data_02_mir/recover-20221013/UBNA_001/20221012_030000.WAV,Telephone Field,recover-20221013,001,1795
509.29449999999997,509.3027,27187,39334,Eptesicus serotinus,0.007,0.021,-1,Echolocation,/mnt/ubna_data_02_mir/recover-20221013/UBNA_001/20221012_030000.WAV,Telephone Field,recover-20221013,001,1795
509.3175,509.3594,68437,83535,Rhinolophus ferrumequinum,0.024,0.024,-1,Echolocation,/mnt/ubna_data_02_mir/recover-20221013/UBNA_001/20221012_030000.WAV,Telephone Field,recover-20221013,001,1795
509.3445,509.384,68437,81760,Rhinolophus ferrumequinum,0.023,0.023,-1,Echolocation,/mnt/ubna_data_02_mir/recover-20221013/UBNA_001/20221012_030000.WAV,Telephone Field,recover-20221013,001,1795
509.3455,509.3544,28046,39316,Eptesicus serotinus,0.009,0.023,-1,Echolocation,/mnt/ubna_data_02_mir/recover-20221013/UBNA_001/20221012_030000.WAV,Telephone Field,recover-20221013,001,1795
509.3825,509.3914,28046,38659,Eptesicus serotinus,0.008,0.023,-1,Echolocation,/mnt/ubna_data_02_mir/recover-20221013/UBNA_001/20221012_030000.WAV,Telephone Field,recover-20221013,001,1795
509.4395,509.4469,28046,39921,Eptesicus serotinus,0.008,0.025,-1,Echolocation,/mnt/ubna_data_02_mir/recover-20221013/UBNA_001/20221012_030000.WAV,Telephone Field,recover-20221013,001,1795
509.4605,509.4996,68437,82592,Rhinolophus ferrumequinum,0.023,0.023,-1,Echolocation,/mnt/ubna_data_02_mir/recover-20221013/UBNA_001/20221012_030000.WAV,Telephone Field,recover-20221013,001,1795
509.4935,509.5311,68437,81895,Rhinolophus ferrumequinum,0.027,0.027,-1,Echolocation,/mnt/ubna_data_02_mir/recover-20221013/UBNA_001/20221012_030000.WAV,Telephone Field,recover-20221013,001,1795
509.5225,509.5315,47812,52960,Pipistrellus pipistrellus,0.021,0.023,-1,Echolocation,/mnt/ubna_data_02_mir/recover-20221013/UBNA_001/20221012_030000.WAV,Telephone Field,recover-20221013,001,1795
509.5235,509.5314,27187,38135,Eptesicus serotinus,0.006,0.021,-1,Echolocation,/mnt/ubna_data_02_mir/recover-20221013/UBNA_001/20221012_030000.WAV,Telephone Field,recover-20221013,001,1795
509.5415,509.577,68437,81203,Rhinolophus ferrumequinum,0.02,0.02,-1,Echolocation,/mnt/ubna_data_02_mir/recover-20221013/UBNA_001/20221012_030000.WAV,Telephone Field,recover-20221013,001,1795
509.5665,509.5999,68437,80443,Rhinolophus ferrumequinum,0.024,0.024,-1,Echolocation,/mnt/ubna_data_02_mir/recover-20221013/UBNA_001/20221012_030000.WAV,Telephone Field,recover-20221013,001,1795
509.5715,509.6035,68437,80699,Rhinolophus ferrumequinum,0.024,0.025,-1,Echolocation,/mnt/ubna_data_02_mir/recover-20221013/UBNA_001/20221012_030000.WAV,Telephone Field,recover-20221013,001,1795
509.5825,509.5887,28906,38276,Eptesicus serotinus,0.006,0.024,-1,Echolocation,/mnt/ubna_data_02_mir/recover-20221013/UBNA_001/20221012_030000.WAV,Telephone Field,recover-20221013,001,1795
509.6145,509.6228,22890,30077,Plecotus austriacus,0.007,0.021,-1,Echolocation,/mnt/ubna_data_02_mir/recover-20221013/UBNA_001/20221012_030000.WAV,Telephone Field,recover-20221013,001,1795
509.6305,509.6708,68437,82478,Rhinolophus ferrumequinum,0.024,0.024,-1,Echolocation,/mnt/ubna_data_02_mir/recover-20221013/UBNA_001/20221012_030000.WAV,Telephone Field,recover-20221013,001,1795
509.6365,509.676,68437,82288,Rhinolophus ferrumequinum,0.025,0.025,-1,Echolocation,/mnt/ubna_data_02_mir/recover-20221013/UBNA_001/20221012_030000.WAV,Telephone Field,recover-20221013,001,1795
509.6575,509.6714,14296,18899,Nyctalus noctula,0.014,0.023,-1,Echolocation,/mnt/ubna_data_02_mir/recover-20221013/UBNA_001/20221012_030000.WAV,Telephone Field,recover-20221013,001,1795
509.6775,509.7167,68437,82241,Rhinolophus ferrumequinum,0.02,0.02,-1,Echolocation,/mnt/ubna_data_02_mir/recover-20221013/UBNA_001/20221012_030000.WAV,Telephone Field,recover-20221013,001,1795
509.7015,509.7099,24609,31726,Nyctalus leisleri,0.006,0.02,-1,Echolocation,/mnt/ubna_data_02_mir/recover-20221013/UBNA_001/20221012_030000.WAV,Telephone Field,recover-20221013,001,1795
509.7015,509.7418,68437,82664,Rhinolophus ferrumequinum,0.027,0.027,-1,Echolocation,/mnt/ubna_data_02_mir/recover-20221013/UBNA_001/20221012_030000.WAV,Telephone Field,recover-20221013,001,1795
509.7125,509.7519,68437,82200,Rhinolophus ferrumequinum,0.021,0.021,-1,Echolocation,/mnt/ubna_data_02_mir/recover-20221013/UBNA_001/20221012_030000.WAV,Telephone Field,recover-20221013,001,1795
509.7535,509.7645,28906,35268,Eptesicus serotinus,0.009,0.02,-1,Echolocation,/mnt/ubna_data_02_mir/recover-20221013/UBNA_001/20221012_030000.WAV,Telephone Field,recover-20221013,001,1795
509.7865,509.8201,68437,80658,Rhinolophus ferrumequinum,0.022,0.022,-1,Echolocation,/mnt/ubna_data_02_mir/recover-20221013/UBNA_001/20221012_030000.WAV,Telephone Field,recover-20221013,001,1795
509.8065,509.8445,68437,81527,Rhinolophus ferrumequinum,0.022,0.022,-1,Echolocation,/mnt/ubna_data_02_mir/recover-20221013/UBNA_001/20221012_030000.WAV,Telephone Field,recover-20221013,001,1795
509.8165,509.853,68437,81732,Rhinolophus ferrumequinum,0.02,0.02,-1,Echolocation,/mnt/ubna_data_02_mir/recover-20221013/UBNA_001/20221012_030000.WAV,Telephone Field,recover-20221013,001,1795
509.83050000000003,509.8401,32343,39744,Eptesicus serotinus,0.007,0.024,-1,Echolocation,/mnt/ubna_data_02_mir/recover-20221013/UBNA_001/20221012_030000.WAV,Telephone Field,recover-20221013,001,1795
509.83050000000003,509.8687,68437,82041,Rhinolophus ferrumequinum,0.023,0.023,-1,Echolocation,/mnt/ubna_data_02_mir/recover-20221013/UBNA_001/20221012_030000.WAV,Telephone Field,recover-20221013,001,1795
509.8445,509.852,27187,40193,Eptesicus serotinus,0.006,0.02,-1,Echolocation,/mnt/ubna_data_02_mir/recover-20221013/UBNA_001/20221012_030000.WAV,Telephone Field,recover-20221013,001,1795
509.8645,509.904,68437,81493,Rhinolophus ferrumequinum,0.021,0.021,-1,Echolocation,/mnt/ubna_data_02_mir/recover-20221013/UBNA_001/20221012_030000.WAV,Telephone Field,recover-20221013,001,1795
509.8745,509.8837,25468,33400,Eptesicus serotinus,0.009,0.023,-1,Echolocation,/mnt/ubna_data_02_mir/recover-20221013/UBNA_001/20221012_030000.WAV,Telephone Field,recover-20221013,001,1795
509.8895,509.9309,68437,81692,Rhinolophus ferrumequinum,0.02,0.02,-1,Echolocation,/mnt/ubna_data_02_mir/recover-20221013/UBNA_001/20221012_030000.WAV,Telephone Field,recover-20221013,001,1795
509.8975,509.9389,68437,82293,Rhinolophus ferrumequinum,0.02,0.02,-1,Echolocation,/mnt/ubna_data_02_mir/recover-20221013/UBNA_001/20221012_030000.WAV,Telephone Field,recover-20221013,001,1795
509.9245,509.9337,24609,31618,Eptesicus serotinus,0.008,0.023,-1,Echolocation,/mnt/ubna_data_02_mir/recover-20221013/UBNA_001/20221012_030000.WAV,Telephone Field,recover-20221013,001,1795
509.9375,509.9747,68437,81767,Rhinolophus ferrumequinum,0.02,0.02,-1,Echolocation,/mnt/ubna_data_02_mir/recover-20221013/UBNA_001/20221012_030000.WAV,Telephone Field,recover-20221013,001,1795
509.9765,509.9853,23750,30583,Nyctalus leisleri,0.007,0.022,-1,Echolocation,/mnt/ubna_data_02_mir/recover-20221013/UBNA_001/20221012_030000.WAV,Telephone Field,recover-20221013,001,1795
509.9865,509.9951,34062,41628,Myotis daubentonii,0.006,0.02,-1,Echolocation,/mnt/ubna_data_02_mir/recover-20221013/UBNA_001/20221012_030000.WAV,Telephone Field,recover-20221013,001,1795
510.0015,510.0104,27187,36885,Nyctalus leisleri,0.02,0.055,-1,Echolocation,/mnt/ubna_data_02_mir/recover-20221013/UBNA_001/20221012_030000.WAV,Telephone Field,recover-20221013,001,1795
510.0015,510.0315,68437,79369,Rhinolophus ferrumequinum,0.03,0.031,-1,Echolocation,/mnt/ubna_data_02_mir/recover-20221013/UBNA_001/20221012_030000.WAV,Telephone Field,recover-20221013,001,1795
510.0575,510.0662,49531,54865,Pipistrellus pipistrellus,0.02,0.024,-1,Echolocation,/mnt/ubna_data_02_mir/recover-20221013/UBNA_001/20221012_030000.WAV,Telephone Field,recover-20221013,001,1795
510.0765,510.0847,28046,40925,Eptesicus serotinus,0.008,0.022,-1,Echolocation,/mnt/ubna_data_02_mir/recover-20221013/UBNA_001/20221012_030000.WAV,Telephone Field,recover-20221013,001,1795
510.0785,510.117,68437,82708,Rhinolophus ferrumequinum,0.026,0.026,-1,Echolocation,/mnt/ubna_data_02_mir/recover-20221013/UBNA_001/20221012_030000.WAV,Telephone Field,recover-20221013,001,1795
510.0985,510.1088,22890,28431,Nyctalus leisleri,0.011,0.026,-1,Echolocation,/mnt/ubna_data_02_mir/recover-20221013/UBNA_001/20221012_030000.WAV,Telephone Field,recover-20221013,001,1795
510.1035,510.1446,68437,82268,Rhinolophus ferrumequinum,0.022,0.022,-1,Echolocation,/mnt/ubna_data_02_mir/recover-20221013/UBNA_001/20221012_030000.WAV,Telephone Field,recover-20221013,001,1795
510.1295,510.1642,68437,81221,Rhinolophus ferrumequinum,0.024,0.024,-1,Echolocation,/mnt/ubna_data_02_mir/recover-20221013/UBNA_001/20221012_030000.WAV,Telephone Field,recover-20221013,001,1795
510.1625,510.1703,27187,40767,Eptesicus serotinus,0.008,0.022,-1,Echolocation,/mnt/ubna_data_02_mir/recover-20221013/UBNA_001/20221012_030000.WAV,Telephone Field,recover-20221013,001,1795
510.1975,510.2351,68437,81919,Rhinolophus ferrumequinum,0.021,0.021,-1,Echolocation,/mnt/ubna_data_02_mir/recover-20221013/UBNA_001/20221012_030000.WAV,Telephone Field,recover-20221013,001,1795
510.2445,510.2855,68437,82905,Rhinolophus ferrumequinum,0.022,0.022,-1,Echolocation,/mnt/ubna_data_02_mir/recover-20221013/UBNA_001/20221012_030000.WAV,Telephone Field,recover-20221013,001,1795
510.2785,510.3189,68437,82497,Rhinolophus ferrumequinum,0.021,0.021,-1,Echolocation,/mnt/ubna_data_02_mir/recover-20221013/UBNA_001/20221012_030000.WAV,Telephone Field,recover-20221013,001,1795
510.2835,510.3211,68437,81877,Rhinolophus ferrumequinum,0.021,0.021,-1,Echolocation,/mnt/ubna_data_02_mir/recover-20221013/UBNA_001/20221012_030000.WAV,Telephone Field,recover-20221013,001,1795
510.3105,510.3494,68437,82577,Rhinolophus ferrumequinum,0.024,0.024,-1,Echolocation,/mnt/ubna_data_02_mir/recover-20221013/UBNA_001/20221012_030000.WAV,Telephone Field,recover-20221013,001,1795
510.3125,510.3215,28906,39755,Eptesicus serotinus,0.008,0.022,-1,Echolocation,/mnt/ubna_data_02_mir/recover-20221013/UBNA_001/20221012_030000.WAV,Telephone Field,recover-20221013,001,1795
510.3175,510.3554,68437,82003,Rhinolophus ferrumequinum,0.023,0.023,-1,Echolocation,/mnt/ubna_data_02_mir/recover-20221013/UBNA_001/20221012_030000.WAV,Telephone Field,recover-20221013,001,1795
510.3565,510.3701,21171,25378,Nyctalus leisleri,0.011,0.024,-1,Echolocation,/mnt/ubna_data_02_mir/recover-20221013/UBNA_001/20221012_030000.WAV,Telephone Field,recover-20221013,001,1795
510.3635,510.4011,68437,81854,Rhinolophus ferrumequinum,0.021,0.021,-1,Echolocation,/mnt/ubna_data_02_mir/recover-20221013/UBNA_001/20221012_030000.WAV,Telephone Field,recover-20221013,001,1795
510.3875,510.3961,35781,41762,Barbastellus barbastellus,0.009,0.027,-1,Echolocation,/mnt/ubna_data_02_mir/recover-20221013/UBNA_001/20221012_030000.WAV,Telephone Field,recover-20221013,001,1795
510.3875,510.3961,28046,38318,Eptesicus serotinus,0.01,0.026,-1,Echolocation,/mnt/ubna_data_02_mir/recover-20221013/UBNA_001/20221012_030000.WAV,Telephone Field,recover-20221013,001,1795
510.4155,510.4257,48671,54342,Pipistrellus pipistrellus,0.025,0.028,-1,Echolocation,/mnt/ubna_data_02_mir/recover-20221013/UBNA_001/20221012_030000.WAV,Telephone Field,recover-20221013,001,1795
510.4185,510.4255,28046,42617,Eptesicus serotinus,0.007,0.025,-1,Echolocation,/mnt/ubna_data_02_mir/recover-20221013/UBNA_001/20221012_030000.WAV,Telephone Field,recover-20221013,001,1795
510.4515,510.4631,22031,26526,Nyctalus leisleri,0.011,0.021,-1,Echolocation,/mnt/ubna_data_02_mir/recover-20221013/UBNA_001/20221012_030000.WAV,Telephone Field,recover-20221013,001,1795
510.5105,510.5485,68437,82451,Rhinolophus ferrumequinum,0.022,0.022,-1,Echolocation,/mnt/ubna_data_02_mir/recover-20221013/UBNA_001/20221012_030000.WAV,Telephone Field,recover-20221013,001,1795
510.5185,510.5575,68437,81914,Rhinolophus ferrumequinum,0.023,0.023,-1,Echolocation,/mnt/ubna_data_02_mir/recover-20221013/UBNA_001/20221012_030000.WAV,Telephone Field,recover-20221013,001,1795
510.5595,510.5978,68437,82207,Rhinolophus ferrumequinum,0.021,0.021,-1,Echolocation,/mnt/ubna_data_02_mir/recover-20221013/UBNA_001/20221012_030000.WAV,Telephone Field,recover-20221013,001,1795
510.5715,510.577,34062,44699,Myotis daubentonii,0.019,0.044,-1,Echolocation,/mnt/ubna_data_02_mir/recover-20221013/UBNA_001/20221012_030000.WAV,Telephone Field,recover-20221013,001,1795
510.6065,510.6137,27187,40205,Eptesicus serotinus,0.008,0.029,-1,Echolocation,/mnt/ubna_data_02_mir/recover-20221013/UBNA_001/20221012_030000.WAV,Telephone Field,recover-20221013,001,1795
510.6155,510.655,68437,82481,Rhinolophus ferrumequinum,0.024,0.024,-1,Echolocation,/mnt/ubna_data_02_mir/recover-20221013/UBNA_001/20221012_030000.WAV,Telephone Field,recover-20221013,001,1795
510.6745,510.6851,29765,38025,Eptesicus serotinus,0.033,0.049,-1,Echolocation,/mnt/ubna_data_02_mir/recover-20221013/UBNA_001/20221012_030000.WAV,Telephone Field,recover-20221013,001,1795
510.6955,510.7049,50390,55195,Pipistrellus pipistrellus,0.047,0.052,-1,Echolocation,/mnt/ubna_data_02_mir/recover-20221013/UBNA_001/20221012_030000.WAV,Telephone Field,recover-20221013,001,1795
510.7465,510.7636,21171,25355,Nyctalus leisleri,0.017,0.037,-1,Echolocation,/mnt/ubna_data_02_mir/recover-20221013/UBNA_001/20221012_030000.WAV,Telephone Field,recover-20221013,001,1795
510.7685,510.7768,27187,42219,Eptesicus serotinus,0.014,0.033,-1,Echolocation,/mnt/ubna_data_02_mir/recover-20221013/UBNA_001/20221012_030000.WAV,Telephone Field,recover-20221013,001,1795
510.7835,510.8226,68437,82262,Rhinolophus ferrumequinum,0.023,0.023,-1,Echolocation,/mnt/ubna_data_02_mir/recover-20221013/UBNA_001/20221012_030000.WAV,Telephone Field,recover-20221013,001,1795
510.8775,510.9124,68437,80216,Rhinolophus ferrumequinum,0.025,0.025,-1,Echolocation,/mnt/ubna_data_02_mir/recover-20221013/UBNA_001/20221012_030000.WAV,Telephone Field,recover-20221013,001,1795
510.8865,510.8954,26328,36822,Eptesicus serotinus,0.012,0.027,-1,Echolocation,/mnt/ubna_data_02_mir/recover-20221013/UBNA_001/20221012_030000.WAV,Telephone Field,recover-20221013,001,1795
510.8865,510.8953,46953,54701,Pipistrellus pipistrellus,0.023,0.026,-1,Echolocation,/mnt/ubna_data_02_mir/recover-20221013/UBNA_001/20221012_030000.WAV,Telephone Field,recover-20221013,001,1795
510.8875,510.9269,68437,82316,Rhinolophus ferrumequinum,0.023,0.023,-1,Echolocation,/mnt/ubna_data_02_mir/recover-20221013/UBNA_001/20221012_030000.WAV,Telephone Field,recover-20221013,001,1795
510.9125,510.9572,68437,83481,Rhinolophus ferrumequinum,0.039,0.039,-1,Echolocation,/mnt/ubna_data_02_mir/recover-20221013/UBNA_001/20221012_030000.WAV,Telephone Field,recover-20221013,001,1795
510.9265,510.935,25468,37512,Eptesicus serotinus,0.012,0.033,-1,Echolocation,/mnt/ubna_data_02_mir/recover-20221013/UBNA_001/20221012_030000.WAV,Telephone Field,recover-20221013,001,1795
510.9515,510.991,68437,82606,Rhinolophus ferrumequinum,0.021,0.021,-1,Echolocation,/mnt/ubna_data_02_mir/recover-20221013/UBNA_001/20221012_030000.WAV,Telephone Field,recover-20221013,001,1795
510.9945,511.0049,27187,36159,Eptesicus serotinus,0.012,0.024,-1,Echolocation,/mnt/ubna_data_02_mir/recover-20221013/UBNA_001/20221012_030000.WAV,Telephone Field,recover-20221013,001,1795
510.9955,511.0061,44375,48174,Pipistrellus pipistrellus,0.03,0.033,-1,Echolocation,/mnt/ubna_data_02_mir/recover-20221013/UBNA_001/20221012_030000.WAV,Telephone Field,recover-20221013,001,1795
511.0035,511.0144,23750,29803,Nyctalus leisleri,0.01,0.024,-1,Echolocation,/mnt/ubna_data_02_mir/recover-20221013/UBNA_001/20221012_030000.WAV,Telephone Field,recover-20221013,001,1795
511.0225,511.0624,68437,82546,Rhinolophus ferrumequinum,0.029,0.029,-1,Echolocation,/mnt/ubna_data_02_mir/recover-20221013/UBNA_001/20221012_030000.WAV,Telephone Field,recover-20221013,001,1795
511.0525,511.0944,68437,82967,Rhinolophus ferrumequinum,0.023,0.023,-1,Echolocation,/mnt/ubna_data_02_mir/recover-20221013/UBNA_001/20221012_030000.WAV,Telephone Field,recover-20221013,001,1795
511.0685,511.0805,28906,34309,Eptesicus serotinus,0.016,0.029,-1,Echolocation,/mnt/ubna_data_02_mir/recover-20221013/UBNA_001/20221012_030000.WAV,Telephone Field,recover-20221013,001,1795
511.0825,511.093,28046,36492,Eptesicus serotinus,0.009,0.021,-1,Echolocation,/mnt/ubna_data_02_mir/recover-20221013/UBNA_001/20221012_030000.WAV,Telephone Field,recover-20221013,001,1795
511.0915,511.0992,28046,39644,Eptesicus serotinus,0.007,0.021,-1,Echolocation,/mnt/ubna_data_02_mir/recover-20221013/UBNA_001/20221012_030000.WAV,Telephone Field,recover-20221013,001,1795
511.1265,511.163,68437,82305,Rhinolophus ferrumequinum,0.036,0.037,-1,Echolocation,/mnt/ubna_data_02_mir/recover-20221013/UBNA_001/20221012_030000.WAV,Telephone Field,recover-20221013,001,1795
511.1355,511.1557,18593,22361,Nyctalus noctula,0.039,0.054,-1,Echolocation,/mnt/ubna_data_02_mir/recover-20221013/UBNA_001/20221012_030000.WAV,Telephone Field,recover-20221013,001,1795
511.1635,511.1732,28906,37109,Eptesicus serotinus,0.013,0.024,-1,Echolocation,/mnt/ubna_data_02_mir/recover-20221013/UBNA_001/20221012_030000.WAV,Telephone Field,recover-20221013,001,1795
511.2225,511.2615,68437,81906,Rhinolophus ferrumequinum,0.025,0.025,-1,Echolocation,/mnt/ubna_data_02_mir/recover-20221013/UBNA_001/20221012_030000.WAV,Telephone Field,recover-20221013,001,1795
511.2435,511.2535,24609,31413,Eptesicus serotinus,0.008,0.023,-1,Echolocation,/mnt/ubna_data_02_mir/recover-20221013/UBNA_001/20221012_030000.WAV,Telephone Field,recover-20221013,001,1795
511.2805,511.3191,68437,82258,Rhinolophus ferrumequinum,0.022,0.022,-1,Echolocation,/mnt/ubna_data_02_mir/recover-20221013/UBNA_001/20221012_030000.WAV,Telephone Field,recover-20221013,001,1795
511.2945,511.3337,68437,82569,Rhinolophus ferrumequinum,0.023,0.023,-1,Echolocation,/mnt/ubna_data_02_mir/recover-20221013/UBNA_001/20221012_030000.WAV,Telephone Field,recover-20221013,001,1795
511.2945,511.3032,28046,39380,Eptesicus serotinus,0.008,0.022,-1,Echolocation,/mnt/ubna_data_02_mir/recover-20221013/UBNA_001/20221012_030000.WAV,Telephone Field,recover-20221013,001,1795
511.3115,511.322,22890,28615,Nyctalus leisleri,0.008,0.021,-1,Echolocation,/mnt/ubna_data_02_mir/recover-20221013/UBNA_001/20221012_030000.WAV,Telephone Field,recover-20221013,001,1795
511.3635,511.3726,34062,42308,Barbastellus barbastellus,0.009,0.032,-1,Echolocation,/mnt/ubna_data_02_mir/recover-20221013/UBNA_001/20221012_030000.WAV,Telephone Field,recover-20221013,001,1795
511.3945,511.4315,68437,81706,Rhinolophus ferrumequinum,0.023,0.023,-1,Echolocation,/mnt/ubna_data_02_mir/recover-20221013/UBNA_001/20221012_030000.WAV,Telephone Field,recover-20221013,001,1795
511.4005,511.409,28906,38328,Eptesicus serotinus,0.033,0.062,-1,Echolocation,/mnt/ubna_data_02_mir/recover-20221013/UBNA_001/20221012_030000.WAV,Telephone Field,recover-20221013,001,1795
511.4225,511.4606,68437,82086,Rhinolophus ferrumequinum,0.021,0.021,-1,Echolocation,/mnt/ubna_data_02_mir/recover-20221013/UBNA_001/20221012_030000.WAV,Telephone Field,recover-20221013,001,1795
511.4235,511.4322,51250,57782,Pipistrellus pipistrellus,0.023,0.028,-1,Echolocation,/mnt/ubna_data_02_mir/recover-20221013/UBNA_001/20221012_030000.WAV,Telephone Field,recover-20221013,001,1795
511.4615,511.5025,68437,82567,Rhinolophus ferrumequinum,0.028,0.028,-1,Echolocation,/mnt/ubna_data_02_mir/recover-20221013/UBNA_001/20221012_030000.WAV,Telephone Field,recover-20221013,001,1795
511.5105,511.5501,68437,82776,Rhinolophus ferrumequinum,0.025,0.025,-1,Echolocation,/mnt/ubna_data_02_mir/recover-20221013/UBNA_001/20221012_030000.WAV,Telephone Field,recover-20221013,001,1795
511.5455,511.5812,68437,82365,Rhinolophus ferrumequinum,0.021,0.021,-1,Echolocation,/mnt/ubna_data_02_mir/recover-20221013/UBNA_001/20221012_030000.WAV,Telephone Field,recover-20221013,001,1795
511.5635,511.6042,68437,82481,Rhinolophus ferrumequinum,0.022,0.022,-1,Echolocation,/mnt/ubna_data_02_mir/recover-20221013/UBNA_001/20221012_030000.WAV,Telephone Field,recover-20221013,001,1795
511.5695,511.5755,26328,42188,Eptesicus serotinus,0.005,0.025,-1,Echolocation,/mnt/ubna_data_02_mir/recover-20221013/UBNA_001/20221012_030000.WAV,Telephone Field,recover-20221013,001,1795
511.5815,511.6179,68437,82054,Rhinolophus ferrumequinum,0.023,0.023,-1,Echolocation,/mnt/ubna_data_02_mir/recover-20221013/UBNA_001/20221012_030000.WAV,Telephone Field,recover-20221013,001,1795
511.5985,511.6112,16875,22580,Nyctalus noctula,0.013,0.022,-1,Echolocation,/mnt/ubna_data_02_mir/recover-20221013/UBNA_001/20221012_030000.WAV,Telephone Field,recover-20221013,001,1795
511.6235,511.6391,20312,23962,Nyctalus leisleri,0.012,0.022,-1,Echolocation,/mnt/ubna_data_02_mir/recover-20221013/UBNA_001/20221012_030000.WAV,Telephone Field,recover-20221013,001,1795
511.6295,511.6397,22031,27402,Nyctalus leisleri,0.009,0.021,-1,Echolocation,/mnt/ubna_data_02_mir/recover-20221013/UBNA_001/20221012_030000.WAV,Telephone Field,recover-20221013,001,1795
511.6345,511.6757,68437,82707,Rhinolophus ferrumequinum,0.021,0.021,-1,Echolocation,/mnt/ubna_data_02_mir/recover-20221013/UBNA_001/20221012_030000.WAV,Telephone Field,recover-20221013,001,1795
511.6555,511.665,28906,37470,Eptesicus serotinus,0.01,0.025,-1,Echolocation,/mnt/ubna_data_02_mir/recover-20221013/UBNA_001/20221012_030000.WAV,Telephone Field,recover-20221013,001,1795
511.6745,511.7119,68437,82704,Rhinolophus ferrumequinum,0.027,0.027,-1,Echolocation,/mnt/ubna_data_02_mir/recover-20221013/UBNA_001/20221012_030000.WAV,Telephone Field,recover-20221013,001,1795
511.6915,511.7003,47812,51559,Pipistrellus pipistrellus,0.024,0.025,-1,Echolocation,/mnt/ubna_data_02_mir/recover-20221013/UBNA_001/20221012_030000.WAV,Telephone Field,recover-20221013,001,1795
511.7055,511.7147,55546,60372,Pipistrellus pygmaeus,0.028,0.031,-1,Echolocation,/mnt/ubna_data_02_mir/recover-20221013/UBNA_001/20221012_030000.WAV,Telephone Field,recover-20221013,001,1795
511.7345,511.7754,68437,83053,Rhinolophus ferrumequinum,0.025,0.025,-1,Echolocation,/mnt/ubna_data_02_mir/recover-20221013/UBNA_001/20221012_030000.WAV,Telephone Field,recover-20221013,001,1795
511.7615,511.7694,27187,38718,Eptesicus serotinus,0.007,0.022,-1,Echolocation,/mnt/ubna_data_02_mir/recover-20221013/UBNA_001/20221012_030000.WAV,Telephone Field,recover-20221013,001,1795
511.7875,511.8288,68437,83182,Rhinolophus ferrumequinum,0.026,0.026,-1,Echolocation,/mnt/ubna_data_02_mir/recover-20221013/UBNA_001/20221012_030000.WAV,Telephone Field,recover-20221013,001,1795
511.8305,511.838,27187,39712,Eptesicus serotinus,0.04,0.084,-1,Echolocation,/mnt/ubna_data_02_mir/recover-20221013/UBNA_001/20221012_030000.WAV,Telephone Field,recover-20221013,001,1795
511.8515,511.8913,68437,82335,Rhinolophus ferrumequinum,0.022,0.022,-1,Echolocation,/mnt/ubna_data_02_mir/recover-20221013/UBNA_001/20221012_030000.WAV,Telephone Field,recover-20221013,001,1795
511.8875,511.9299,68437,83345,Rhinolophus ferrumequinum,0.031,0.031,-1,Echolocation,/mnt/ubna_data_02_mir/recover-20221013/UBNA_001/20221012_030000.WAV,Telephone Field,recover-20221013,001,1795
511.9065,511.9195,22031,26022,Nyctalus leisleri,0.013,0.023,-1,Echolocation,/mnt/ubna_data_02_mir/recover-20221013/UBNA_001/20221012_030000.WAV,Telephone Field,recover-20221013,001,1795
511.9235,511.9332,35781,42926,Pipistrellus nathusii,0.008,0.022,-1,Echolocation,/mnt/ubna_data_02_mir/recover-20221013/UBNA_001/20221012_030000.WAV,Telephone Field,recover-20221013,001,1795
511.9235,511.9647,68437,83261,Rhinolophus ferrumequinum,0.032,0.032,-1,Echolocation,/mnt/ubna_data_02_mir/recover-20221013/UBNA_001/20221012_030000.WAV,Telephone Field,recover-20221013,001,1795
511.9355,511.9462,25468,32292,Eptesicus serotinus,0.01,0.023,-1,Echolocation,/mnt/ubna_data_02_mir/recover-20221013/UBNA_001/20221012_030000.WAV,Telephone Field,recover-20221013,001,1795
511.9625,511.9689,28046,40937,Eptesicus serotinus,0.006,0.024,-1,Echolocation,/mnt/ubna_data_02_mir/recover-20221013/UBNA_001/20221012_030000.WAV,Telephone Field,recover-20221013,001,1795
512.0015,512.0111,26328,35947,Eptesicus serotinus,0.011,0.033,-1,Echolocation,/mnt/ubna_data_02_mir/recover-20221013/UBNA_001/20221012_030000.WAV,Telephone Field,recover-20221013,001,1795
512.0015,512.033,69296,81269,Rhinolophus ferrumequinum,0.035,0.035,-1,Echolocation,/mnt/ubna_data_02_mir/recover-20221013/UBNA_001/20221012_030000.WAV,Telephone Field,recover-20221013,001,1795
512.0655,512.1047,68437,81519,Rhinolophus ferrumequinum,0.021,0.021,-1,Echolocation,/mnt/ubna_data_02_mir/recover-20221013/UBNA_001/20221012_030000.WAV,Telephone Field,recover-20221013,001,1795
512.0805,512.1203,68437,82461,Rhinolophus ferrumequinum,0.024,0.024,-1,Echolocation,/mnt/ubna_data_02_mir/recover-20221013/UBNA_001/20221012_030000.WAV,Telephone Field,recover-20221013,001,1795
512.1115,512.1519,68437,82623,Rhinolophus ferrumequinum,0.025,0.025,-1,Echolocation,/mnt/ubna_data_02_mir/recover-20221013/UBNA_001/20221012_030000.WAV,Telephone Field,recover-20221013,001,1795
512.1505,512.1579,28046,38652,Eptesicus serotinus,0.007,0.021,-1,Echolocation,/mnt/ubna_data_02_mir/recover-20221013/UBNA_001/20221012_030000.WAV,Telephone Field,recover-20221013,001,1795
512.1735,512.213,68437,82924,Rhinolophus ferrumequinum,0.027,0.027,-1,Echolocation,/mnt/ubna_data_02_mir/recover-20221013/UBNA_001/20221012_030000.WAV,Telephone Field,recover-20221013,001,1795
512.1945,512.235,68437,82533,Rhinolophus ferrumequinum,0.022,0.022,-1,Echolocation,/mnt/ubna_data_02_mir/recover-20221013/UBNA_001/20221012_030000.WAV,Telephone Field,recover-20221013,001,1795
512.2225,512.2649,68437,83077,Rhinolophus ferrumequinum,0.024,0.024,-1,Echolocation,/mnt/ubna_data_02_mir/recover-20221013/UBNA_001/20221012_030000.WAV,Telephone Field,recover-20221013,001,1795
512.2535,512.2922,68437,82778,Rhinolophus ferrumequinum,0.022,0.022,-1,Echolocation,/mnt/ubna_data_02_mir/recover-20221013/UBNA_001/20221012_030000.WAV,Telephone Field,recover-20221013,001,1795
512.2805,512.3212,68437,82262,Rhinolophus ferrumequinum,0.022,0.022,-1,Echolocation,/mnt/ubna_data_02_mir/recover-20221013/UBNA_001/20221012_030000.WAV,Telephone Field,recover-20221013,001,1795
512.2895,512.3288,68437,82357,Rhinolophus ferrumequinum,0.022,0.022,-1,Echolocation,/mnt/ubna_data_02_mir/recover-20221013/UBNA_001/20221012_030000.WAV,Telephone Field,recover-20221013,001,1795
512.2905,512.2992,27187,36893,Eptesicus serotinus,0.008,0.023,-1,Echolocation,/mnt/ubna_data_02_mir/recover-20221013/UBNA_001/20221012_030000.WAV,Telephone Field,recover-20221013,001,1795
512.3045,512.3122,23750,32068,Plecotus austriacus,0.006,0.022,-1,Echolocation,/mnt/ubna_data_02_mir/recover-20221013/UBNA_001/20221012_030000.WAV,Telephone Field,recover-20221013,001,1795
512.3365,512.3432,51250,57328,Pipistrellus pipistrellus,0.029,0.035,-1,Echolocation,/mnt/ubna_data_02_mir/recover-20221013/UBNA_001/20221012_030000.WAV,Telephone Field,recover-20221013,001,1795
512.3375,512.3765,68437,81773,Rhinolophus ferrumequinum,0.031,0.031,-1,Echolocation,/mnt/ubna_data_02_mir/recover-20221013/UBNA_001/20221012_030000.WAV,Telephone Field,recover-20221013,001,1795
512.3715,512.408,68437,81491,Rhinolophus ferrumequinum,0.021,0.021,-1,Echolocation,/mnt/ubna_data_02_mir/recover-20221013/UBNA_001/20221012_030000.WAV,Telephone Field,recover-20221013,001,1795
512.3895,512.4231,68437,81118,Rhinolophus ferrumequinum,0.021,0.022,-1,Echolocation,/mnt/ubna_data_02_mir/recover-20221013/UBNA_001/20221012_030000.WAV,Telephone Field,recover-20221013,001,1795
512.4225,512.4596,68437,81462,Rhinolophus ferrumequinum,0.022,0.023,-1,Echolocation,/mnt/ubna_data_02_mir/recover-20221013/UBNA_001/20221012_030000.WAV,Telephone Field,recover-20221013,001,1795
512.4345,512.4745,68437,82233,Rhinolophus ferrumequinum,0.021,0.021,-1,Echolocation,/mnt/ubna_data_02_mir/recover-20221013/UBNA_001/20221012_030000.WAV,Telephone Field,recover-20221013,001,1795
512.5045,512.5446,68437,82335,Rhinolophus ferrumequinum,0.027,0.027,-1,Echolocation,/mnt/ubna_data_02_mir/recover-20221013/UBNA_001/20221012_030000.WAV,Telephone Field,recover-20221013,001,1795
512.5295,512.5383,15156,22186,Plecotus auritus,0.009,0.02,-1,Echolocation,/mnt/ubna_data_02_mir/recover-20221013/UBNA_001/20221012_030000.WAV,Telephone Field,recover-20221013,001,1795
512.5325,512.5402,28046,39445,Eptesicus serotinus,0.007,0.021,-1,Echolocation,/mnt/ubna_data_02_mir/recover-20221013/UBNA_001/20221012_030000.WAV,Telephone Field,recover-20221013,001,1795
512.5535,512.5938,68437,82599,Rhinolophus ferrumequinum,0.021,0.021,-1,Echolocation,/mnt/ubna_data_02_mir/recover-20221013/UBNA_001/20221012_030000.WAV,Telephone Field,recover-20221013,001,1795
512.5885,512.6315,68437,83287,Rhinolophus ferrumequinum,0.028,0.028,-1,Echolocation,/mnt/ubna_data_02_mir/recover-20221013/UBNA_001/20221012_030000.WAV,Telephone Field,recover-20221013,001,1795
512.6035,512.6109,28046,39130,Eptesicus serotinus,0.007,0.022,-1,Echolocation,/mnt/ubna_data_02_mir/recover-20221013/UBNA_001/20221012_030000.WAV,Telephone Field,recover-20221013,001,1795
512.6145,512.6555,68437,82978,Rhinolophus ferrumequinum,0.021,0.022,-1,Echolocation,/mnt/ubna_data_02_mir/recover-20221013/UBNA_001/20221012_030000.WAV,Telephone Field,recover-20221013,001,1795
512.6225,512.663,68437,82673,Rhinolophus ferrumequinum,0.02,0.02,-1,Echolocation,/mnt/ubna_data_02_mir/recover-20221013/UBNA_001/20221012_030000.WAV,Telephone Field,recover-20221013,001,1795
512.6385,512.6468,28046,38786,Eptesicus serotinus,0.01,0.026,-1,Echolocation,/mnt/ubna_data_02_mir/recover-20221013/UBNA_001/20221012_030000.WAV,Telephone Field,recover-20221013,001,1795
512.6705,512.7104,68437,81895,Rhinolophus ferrumequinum,0.021,0.021,-1,Echolocation,/mnt/ubna_data_02_mir/recover-20221013/UBNA_001/20221012_030000.WAV,Telephone Field,recover-20221013,001,1795
512.7105,512.7439,68437,81155,Rhinolophus ferrumequinum,0.021,0.021,-1,Echolocation,/mnt/ubna_data_02_mir/recover-20221013/UBNA_001/20221012_030000.WAV,Telephone Field,recover-20221013,001,1795
512.7165,512.7276,31484,38239,Eptesicus serotinus,0.027,0.048,-1,Echolocation,/mnt/ubna_data_02_mir/recover-20221013/UBNA_001/20221012_030000.WAV,Telephone Field,recover-20221013,001,1795
512.7465,512.7858,68437,82023,Rhinolophus ferrumequinum,0.02,0.02,-1,Echolocation,/mnt/ubna_data_02_mir/recover-20221013/UBNA_001/20221012_030000.WAV,Telephone Field,recover-20221013,001,1795
512.7595,512.7692,23750,29887,Nyctalus leisleri,0.007,0.021,-1,Echolocation,/mnt/ubna_data_02_mir/recover-20221013/UBNA_001/20221012_030000.WAV,Telephone Field,recover-20221013,001,1795
512.7835,512.8234,68437,82165,Rhinolophus ferrumequinum,0.024,0.024,-1,Echolocation,/mnt/ubna_data_02_mir/recover-20221013/UBNA_001/20221012_030000.WAV,Telephone Field,recover-20221013,001,1795
512.7875,512.794,27187,38724,Eptesicus serotinus,0.005,0.021,-1,Echolocation,/mnt/ubna_data_02_mir/recover-20221013/UBNA_001/20221012_030000.WAV,Telephone Field,recover-20221013,001,1795
512.7945,512.8035,25468,31927,Eptesicus serotinus,0.007,0.021,-1,Echolocation,/mnt/ubna_data_02_mir/recover-20221013/UBNA_001/20221012_030000.WAV,Telephone Field,recover-20221013,001,1795
512.8045,512.812,45234,49005,Pipistrellus pipistrellus,0.028,0.029,-1,Echolocation,/mnt/ubna_data_02_mir/recover-20221013/UBNA_001/20221012_030000.WAV,Telephone Field,recover-20221013,001,1795
512.8185,512.8253,28906,39475,Myotis daubentonii,0.006,0.021,-1,Echolocation,/mnt/ubna_data_02_mir/recover-20221013/UBNA_001/20221012_030000.WAV,Telephone Field,recover-20221013,001,1795
512.8205,512.864,68437,83598,Rhinolophus ferrumequinum,0.023,0.023,-1,Echolocation,/mnt/ubna_data_02_mir/recover-20221013/UBNA_001/20221012_030000.WAV,Telephone Field,recover-20221013,001,1795
512.8505,512.8905,68437,81804,Rhinolophus ferrumequinum,0.025,0.025,-1,Echolocation,/mnt/ubna_data_02_mir/recover-20221013/UBNA_001/20221012_030000.WAV,Telephone Field,recover-20221013,001,1795
512.8635,512.9011,68437,82116,Rhinolophus ferrumequinum,0.022,0.022,-1,Echolocation,/mnt/ubna_data_02_mir/recover-20221013/UBNA_001/20221012_030000.WAV,Telephone Field,recover-20221013,001,1795
512.9345,512.9733,68437,82222,Rhinolophus ferrumequinum,0.022,0.022,-1,Echolocation,/mnt/ubna_data_02_mir/recover-20221013/UBNA_001/20221012_030000.WAV,Telephone Field,recover-20221013,001,1795
512.9425,512.9531,22890,27609,Nyctalus leisleri,0.01,0.02,-1,Echolocation,/mnt/ubna_data_02_mir/recover-20221013/UBNA_001/20221012_030000.WAV,Telephone Field,recover-20221013,001,1795
512.9595,512.9993,68437,82474,Rhinolophus ferrumequinum,0.024,0.024,-1,Echolocation,/mnt/ubna_data_02_mir/recover-20221013/UBNA_001/20221012_030000.WAV,Telephone Field,recover-20221013,001,1795
512.9825,513.0193,68437,80802,Rhinolophus ferrumequinum,0.021,0.022,-1,Echolocation,/mnt/ubna_data_02_mir/recover-20221013/UBNA_001/20221012_030000.WAV,Telephone Field,recover-20221013,001,1795
512.9945,513.0017,28046,39463,Eptesicus serotinus,0.008,0.025,-1,Echolocation,/mnt/ubna_data_02_mir/recover-20221013/UBNA_001/20221012_030000.WAV,Telephone Field,recover-20221013,001,1795
512.9965,513.0339,68437,81972,Rhinolophus ferrumequinum,0.022,0.023,-1,Echolocation,/mnt/ubna_data_02_mir/recover-20221013/UBNA_001/20221012_030000.WAV,Telephone Field,recover-20221013,001,1795
513.0045,513.0403,68437,80964,Rhinolophus ferrumequinum,0.023,0.023,-1,Echolocation,/mnt/ubna_data_02_mir/recover-20221013/UBNA_001/20221012_030000.WAV,Telephone Field,recover-20221013,001,1795
513.0075,513.0178,24609,31633,Nyctalus leisleri,0.012,0.035,-1,Echolocation,/mnt/ubna_data_02_mir/recover-20221013/UBNA_001/20221012_030000.WAV,Telephone Field,recover-20221013,001,1795
513.0425,513.0803,68437,81413,Rhinolophus ferrumequinum,0.021,0.021,-1,Echolocation,/mnt/ubna_data_02_mir/recover-20221013/UBNA_001/20221012_030000.WAV,Telephone Field,recover-20221013,001,1795
513.0775,513.0858,23750,30996,Plecotus austriacus,0.007,0.021,-1,Echolocation,/mnt/ubna_data_02_mir/recover-20221013/UBNA_001/20221012_030000.WAV,Telephone Field,recover-20221013,001,1795
513.0875,513.1261,68437,81871,Rhinolophus ferrumequinum,0.023,0.023,-1,Echolocation,/mnt/ubna_data_02_mir/recover-20221013/UBNA_001/20221012_030000.WAV,Telephone Field,recover-20221013,001,1795
513.1155,513.155,68437,82656,Rhinolophus ferrumequinum,0.026,0.026,-1,Echolocation,/mnt/ubna_data_02_mir/recover-20221013/UBNA_001/20221012_030000.WAV,Telephone Field,recover-20221013,001,1795
513.1525,513.1953,68437,83016,Rhinolophus ferrumequinum,0.028,0.028,-1,Echolocation,/mnt/ubna_data_02_mir/recover-20221013/UBNA_001/20221012_030000.WAV,Telephone Field,recover-20221013,001,1795
513.1595,513.169,23750,30130,Nyctalus leisleri,0.008,0.021,-1,Echolocation,/mnt/ubna_data_02_mir/recover-20221013/UBNA_001/20221012_030000.WAV,Telephone Field,recover-20221013,001,1795
513.2205,513.2554,68437,81538,Rhinolophus ferrumequinum,0.021,0.021,-1,Echolocation,/mnt/ubna_data_02_mir/recover-20221013/UBNA_001/20221012_030000.WAV,Telephone Field,recover-20221013,001,1795
513.2315,513.243,54687,59175,Pipistrellus pygmaeus,0.02,0.022,-1,Echolocation,/mnt/ubna_data_02_mir/recover-20221013/UBNA_001/20221012_030000.WAV,Telephone Field,recover-20221013,001,1795
513.2345,513.2401,37500,54054,Myotis brandtii,0.005,0.021,-1,Echolocation,/mnt/ubna_data_02_mir/recover-20221013/UBNA_001/20221012_030000.WAV,Telephone Field,recover-20221013,001,1795
513.2455,513.2874,68437,82637,Rhinolophus ferrumequinum,0.023,0.023,-1,Echolocation,/mnt/ubna_data_02_mir/recover-20221013/UBNA_001/20221012_030000.WAV,Telephone Field,recover-20221013,001,1795
513.3045,513.3118,26328,36103,Eptesicus serotinus,0.007,0.021,-1,Echolocation,/mnt/ubna_data_02_mir/recover-20221013/UBNA_001/20221012_030000.WAV,Telephone Field,recover-20221013,001,1795
513.3415,513.3551,21171,25031,Nyctalus leisleri,0.016,0.028,-1,Echolocation,/mnt/ubna_data_02_mir/recover-20221013/UBNA_001/20221012_030000.WAV,Telephone Field,recover-20221013,001,1795
513.3645,513.4053,68437,83023,Rhinolophus ferrumequinum,0.037,0.037,-1,Echolocation,/mnt/ubna_data_02_mir/recover-20221013/UBNA_001/20221012_030000.WAV,Telephone Field,recover-20221013,001,1795
513.3975,513.4397,68437,82340,Rhinolophus ferrumequinum,0.028,0.028,-1,Echolocation,/mnt/ubna_data_02_mir/recover-20221013/UBNA_001/20221012_030000.WAV,Telephone Field,recover-20221013,001,1795
513.3985,513.4067,26328,35584,Eptesicus serotinus,0.007,0.022,-1,Echolocation,/mnt/ubna_data_02_mir/recover-20221013/UBNA_001/20221012_030000.WAV,Telephone Field,recover-20221013,001,1795
513.4475,513.4575,22031,27036,Nyctalus leisleri,0.009,0.021,-1,Echolocation,/mnt/ubna_data_02_mir/recover-20221013/UBNA_001/20221012_030000.WAV,Telephone Field,recover-20221013,001,1795
513.4525,513.4877,68437,80846,Rhinolophus ferrumequinum,0.023,0.023,-1,Echolocation,/mnt/ubna_data_02_mir/recover-20221013/UBNA_001/20221012_030000.WAV,Telephone Field,recover-20221013,001,1795
513.4615,513.4679,23750,34085,Plecotus austriacus,0.016,0.031,-1,Echolocation,/mnt/ubna_data_02_mir/recover-20221013/UBNA_001/20221012_030000.WAV,Telephone Field,recover-20221013,001,1795
513.4705,513.5075,68437,81960,Rhinolophus ferrumequinum,0.023,0.023,-1,Echolocation,/mnt/ubna_data_02_mir/recover-20221013/UBNA_001/20221012_030000.WAV,Telephone Field,recover-20221013,001,1795
513.4835,513.5204,68437,82054,Rhinolophus ferrumequinum,0.022,0.022,-1,Echolocation,/mnt/ubna_data_02_mir/recover-20221013/UBNA_001/20221012_030000.WAV,Telephone Field,recover-20221013,001,1795
513.4915,513.5296,68437,82027,Rhinolophus ferrumequinum,0.023,0.023,-1,Echolocation,/mnt/ubna_data_02_mir/recover-20221013/UBNA_001/20221012_030000.WAV,Telephone Field,recover-20221013,001,1795
513.5025,513.5112,28046,40767,Eptesicus serotinus,0.009,0.022,-1,Echolocation,/mnt/ubna_data_02_mir/recover-20221013/UBNA_001/20221012_030000.WAV,Telephone Field,recover-20221013,001,1795
513.5195,513.5578,68437,81913,Rhinolophus ferrumequinum,0.023,0.023,-1,Echolocation,/mnt/ubna_data_02_mir/recover-20221013/UBNA_001/20221012_030000.WAV,Telephone Field,recover-20221013,001,1795
513.5195,513.5273,45234,48778,Pipistrellus pipistrellus,0.021,0.022,-1,Echolocation,/mnt/ubna_data_02_mir/recover-20221013/UBNA_001/20221012_030000.WAV,Telephone Field,recover-20221013,001,1795
513.5265,513.5642,68437,81665,Rhinolophus ferrumequinum,0.021,0.021,-1,Echolocation,/mnt/ubna_data_02_mir/recover-20221013/UBNA_001/20221012_030000.WAV,Telephone Field,recover-20221013,001,1795
513.5405,513.575,68437,80852,Rhinolophus ferrumequinum,0.027,0.027,-1,Echolocation,/mnt/ubna_data_02_mir/recover-20221013/UBNA_001/20221012_030000.WAV,Telephone Field,recover-20221013,001,1795
513.5665,513.6043,68437,82475,Rhinolophus ferrumequinum,0.03,0.03,-1,Echolocation,/mnt/ubna_data_02_mir/recover-20221013/UBNA_001/20221012_030000.WAV,Telephone Field,recover-20221013,001,1795
513.5685,513.5763,25468,34595,Eptesicus serotinus,0.007,0.022,-1,Echolocation,/mnt/ubna_data_02_mir/recover-20221013/UBNA_001/20221012_030000.WAV,Telephone Field,recover-20221013,001,1795
513.5885,513.6238,68437,81291,Rhinolophus ferrumequinum,0.022,0.022,-1,Echolocation,/mnt/ubna_data_02_mir/recover-20221013/UBNA_001/20221012_030000.WAV,Telephone Field,recover-20221013,001,1795
513.6405,513.6797,68437,81804,Rhinolophus ferrumequinum,0.023,0.023,-1,Echolocation,/mnt/ubna_data_02_mir/recover-20221013/UBNA_001/20221012_030000.WAV,Telephone Field,recover-20221013,001,1795
513.6825,513.7201,68437,82205,Rhinolophus ferrumequinum,0.021,0.021,-1,Echolocation,/mnt/ubna_data_02_mir/recover-20221013/UBNA_001/20221012_030000.WAV,Telephone Field,recover-20221013,001,1795
513.6925,513.7298,68437,81854,Rhinolophus ferrumequinum,0.021,0.021,-1,Echolocation,/mnt/ubna_data_02_mir/recover-20221013/UBNA_001/20221012_030000.WAV,Telephone Field,recover-20221013,001,1795
513.6995,513.7075,26328,38514,Eptesicus serotinus,0.007,0.02,-1,Echolocation,/mnt/ubna_data_02_mir/recover-20221013/UBNA_001/20221012_030000.WAV,Telephone Field,recover-20221013,001,1795
513.7325,513.7706,68437,81814,Rhinolophus ferrumequinum,0.021,0.021,-1,Echolocation,/mnt/ubna_data_02_mir/recover-20221013/UBNA_001/20221012_030000.WAV,Telephone Field,recover-20221013,001,1795
513.7445,513.7539,28046,36307,Eptesicus serotinus,0.008,0.02,-1,Echolocation,/mnt/ubna_data_02_mir/recover-20221013/UBNA_001/20221012_030000.WAV,Telephone Field,recover-20221013,001,1795
513.7505,513.7587,28046,38426,Eptesicus serotinus,0.007,0.021,-1,Echolocation,/mnt/ubna_data_02_mir/recover-20221013/UBNA_001/20221012_030000.WAV,Telephone Field,recover-20221013,001,1795
513.7525,513.788,68437,81011,Rhinolophus ferrumequinum,0.02,0.02,-1,Echolocation,/mnt/ubna_data_02_mir/recover-20221013/UBNA_001/20221012_030000.WAV,Telephone Field,recover-20221013,001,1795
513.7705,513.8115,68437,82754,Rhinolophus ferrumequinum,0.022,0.022,-1,Echolocation,/mnt/ubna_data_02_mir/recover-20221013/UBNA_001/20221012_030000.WAV,Telephone Field,recover-20221013,001,1795
513.8395,513.8766,68437,81975,Rhinolophus ferrumequinum,0.021,0.021,-1,Echolocation,/mnt/ubna_data_02_mir/recover-20221013/UBNA_001/20221012_030000.WAV,Telephone Field,recover-20221013,001,1795
513.8405,513.857,21171,24601,Nyctalus leisleri,0.017,0.032,-1,Echolocation,/mnt/ubna_data_02_mir/recover-20221013/UBNA_001/20221012_030000.WAV,Telephone Field,recover-20221013,001,1795
513.8565,513.8681,41796,45268,Pipistrellus pipistrellus,0.017,0.026,-1,Echolocation,/mnt/ubna_data_02_mir/recover-20221013/UBNA_001/20221012_030000.WAV,Telephone Field,recover-20221013,001,1795
513.8825,513.9225,68437,82421,Rhinolophus ferrumequinum,0.024,0.024,-1,Echolocation,/mnt/ubna_data_02_mir/recover-20221013/UBNA_001/20221012_030000.WAV,Telephone Field,recover-20221013,001,1795
513.8895,513.8973,27187,39628,Eptesicus serotinus,0.007,0.023,-1,Echolocation,/mnt/ubna_data_02_mir/recover-20221013/UBNA_001/20221012_030000.WAV,Telephone Field,recover-20221013,001,1795
513.9435,513.9807,68437,81547,Rhinolophus ferrumequinum,0.02,0.02,-1,Echolocation,/mnt/ubna_data_02_mir/recover-20221013/UBNA_001/20221012_030000.WAV,Telephone Field,recover-20221013,001,1795
513.9835,513.9931,23750,30432,Nyctalus leisleri,0.009,0.026,-1,Echolocation,/mnt/ubna_data_02_mir/recover-20221013/UBNA_001/20221012_030000.WAV,Telephone Field,recover-20221013,001,1795
514.0015,514.0101,26328,33679,Nyctalus leisleri,0.008,0.026,-1,Echolocation,/mnt/ubna_data_02_mir/recover-20221013/UBNA_001/20221012_030000.WAV,Telephone Field,recover-20221013,001,1795
514.0015,514.0104,47812,54386,Pipistrellus pipistrellus,0.013,0.02,-1,Echolocation,/mnt/ubna_data_02_mir/recover-20221013/UBNA_001/20221012_030000.WAV,Telephone Field,recover-20221013,001,1795
514.0175,514.0228,35781,44617,Myotis daubentonii,0.007,0.025,-1,Echolocation,/mnt/ubna_data_02_mir/recover-20221013/UBNA_001/20221012_030000.WAV,Telephone Field,recover-20221013,001,1795
514.0175,514.0251,28046,43662,Eptesicus serotinus,0.01,0.03,-1,Echolocation,/mnt/ubna_data_02_mir/recover-20221013/UBNA_001/20221012_030000.WAV,Telephone Field,recover-20221013,001,1795
514.0415,514.0495,28906,40605,Eptesicus serotinus,0.009,0.023,-1,Echolocation,/mnt/ubna_data_02_mir/recover-20221013/UBNA_001/20221012_030000.WAV,Telephone Field,recover-20221013,001,1795
514.0675,514.1037,68437,81978,Rhinolophus ferrumequinum,0.019,0.019,-1,Echolocation,/mnt/ubna_data_02_mir/recover-20221013/UBNA_001/20221012_030000.WAV,Telephone Field,recover-20221013,001,1795
514.0705,514.0775,27187,38352,Eptesicus serotinus,0.006,0.021,-1,Echolocation,/mnt/ubna_data_02_mir/recover-20221013/UBNA_001/20221012_030000.WAV,Telephone Field,recover-20221013,001,1795
514.0845,514.1248,68437,82509,Rhinolophus ferrumequinum,0.023,0.023,-1,Echolocation,/mnt/ubna_data_02_mir/recover-20221013/UBNA_001/20221012_030000.WAV,Telephone Field,recover-20221013,001,1795
514.1015,514.138,68437,82289,Rhinolophus ferrumequinum,0.02,0.02,-1,Echolocation,/mnt/ubna_data_02_mir/recover-20221013/UBNA_001/20221012_030000.WAV,Telephone Field,recover-20221013,001,1795
514.1265,514.1639,68437,81647,Rhinolophus ferrumequinum,0.019,0.019,-1,Echolocation,/mnt/ubna_data_02_mir/recover-20221013/UBNA_001/20221012_030000.WAV,Telephone Field,recover-20221013,001,1795
514.1475,514.155,27187,36632,Eptesicus serotinus,0.008,0.024,-1,Echolocation,/mnt/ubna_data_02_mir/recover-20221013/UBNA_001/20221012_030000.WAV,Telephone Field,recover-20221013,001,1795
514.1615,514.2016,68437,82828,Rhinolophus ferrumequinum,0.028,0.028,-1,Echolocation,/mnt/ubna_data_02_mir/recover-20221013/UBNA_001/20221012_030000.WAV,Telephone Field,recover-20221013,001,1795
514.1855,514.1959,22890,28452,Nyctalus leisleri,0.008,0.02,-1,Echolocation,/mnt/ubna_data_02_mir/recover-20221013/UBNA_001/20221012_030000.WAV,Telephone Field,recover-20221013,001,1795
514.1975,514.2074,28046,34970,Eptesicus serotinus,0.012,0.024,-1,Echolocation,/mnt/ubna_data_02_mir/recover-20221013/UBNA_001/20221012_030000.WAV,Telephone Field,recover-20221013,001,1795
514.2065,514.2463,68437,82908,Rhinolophus ferrumequinum,0.02,0.02,-1,Echolocation,/mnt/ubna_data_02_mir/recover-20221013/UBNA_001/20221012_030000.WAV,Telephone Field,recover-20221013,001,1795
514.2295,514.2688,68437,82310,Rhinolophus ferrumequinum,0.029,0.029,-1,Echolocation,/mnt/ubna_data_02_mir/recover-20221013/UBNA_001/20221012_030000.WAV,Telephone Field,recover-20221013,001,1795
514.2705,514.3043,68437,80992,Rhinolophus ferrumequinum,0.019,0.019,-1,Echolocation,/mnt/ubna_data_02_mir/recover-20221013/UBNA_001/20221012_030000.WAV,Telephone Field,recover-20221013,001,1795
514.2785,514.3127,68437,80564,Rhinolophus ferrumequinum,0.019,0.019,-1,Echolocation,/mnt/ubna_data_02_mir/recover-20221013/UBNA_001/20221012_030000.WAV,Telephone Field,recover-20221013,001,1795
514.3005,514.3415,68437,82538,Rhinolophus ferrumequinum,0.02,0.02,-1,Echolocation,/mnt/ubna_data_02_mir/recover-20221013/UBNA_001/20221012_030000.WAV,Telephone Field,recover-20221013,001,1795
514.3135,514.3569,68437,82849,Rhinolophus ferrumequinum,0.022,0.022,-1,Echolocation,/mnt/ubna_data_02_mir/recover-20221013/UBNA_001/20221012_030000.WAV,Telephone Field,recover-20221013,001,1795
514.3285,514.3396,28906,35007,Eptesicus serotinus,0.011,0.025,-1,Echolocation,/mnt/ubna_data_02_mir/recover-20221013/UBNA_001/20221012_030000.WAV,Telephone Field,recover-20221013,001,1795
514.3385,514.3801,68437,82824,Rhinolophus ferrumequinum,0.022,0.023,-1,Echolocation,/mnt/ubna_data_02_mir/recover-20221013/UBNA_001/20221012_030000.WAV,Telephone Field,recover-20221013,001,1795
514.3665,514.4034,68437,81179,Rhinolophus ferrumequinum,0.02,0.02,-1,Echolocation,/mnt/ubna_data_02_mir/recover-20221013/UBNA_001/20221012_030000.WAV,Telephone Field,recover-20221013,001,1795
514.4005,514.4073,24609,33153,Plecotus austriacus,0.007,0.02,-1,Echolocation,/mnt/ubna_data_02_mir/recover-20221013/UBNA_001/20221012_030000.WAV,Telephone Field,recover-20221013,001,1795
514.4065,514.4436,68437,81558,Rhinolophus ferrumequinum,0.021,0.021,-1,Echolocation,/mnt/ubna_data_02_mir/recover-20221013/UBNA_001/20221012_030000.WAV,Telephone Field,recover-20221013,001,1795
514.4355,514.4775,68437,82899,Rhinolophus ferrumequinum,0.023,0.023,-1,Echolocation,/mnt/ubna_data_02_mir/recover-20221013/UBNA_001/20221012_030000.WAV,Telephone Field,recover-20221013,001,1795
514.4615,514.5014,68437,82654,Rhinolophus ferrumequinum,0.025,0.025,-1,Echolocation,/mnt/ubna_data_02_mir/recover-20221013/UBNA_001/20221012_030000.WAV,Telephone Field,recover-20221013,001,1795
514.4805,514.4906,22890,27641,Nyctalus leisleri,0.01,0.02,-1,Echolocation,/mnt/ubna_data_02_mir/recover-20221013/UBNA_001/20221012_030000.WAV,Telephone Field,recover-20221013,001,1795
514.5065,514.5452,68437,82043,Rhinolophus ferrumequinum,0.021,0.021,-1,Echolocation,/mnt/ubna_data_02_mir/recover-20221013/UBNA_001/20221012_030000.WAV,Telephone Field,recover-20221013,001,1795
514.5535,514.5927,68437,81809,Rhinolophus ferrumequinum,0.025,0.025,-1,Echolocation,/mnt/ubna_data_02_mir/recover-20221013/UBNA_001/20221012_030000.WAV,Telephone Field,recover-20221013,001,1795
514.6035,514.6418,68437,81884,Rhinolophus ferrumequinum,0.02,0.02,-1,Echolocation,/mnt/ubna_data_02_mir/recover-20221013/UBNA_001/20221012_030000.WAV,Telephone Field,recover-20221013,001,1795
514.6155,514.6557,68437,82032,Rhinolophus ferrumequinum,0.02,0.02,-1,Echolocation,/mnt/ubna_data_02_mir/recover-20221013/UBNA_001/20221012_030000.WAV,Telephone Field,recover-20221013,001,1795
514.6215,514.6605,68437,82002,Rhinolophus ferrumequinum,0.019,0.019,-1,Echolocation,/mnt/ubna_data_02_mir/recover-20221013/UBNA_001/20221012_030000.WAV,Telephone Field,recover-20221013,001,1795
514.6625,514.7011,68437,82318,Rhinolophus ferrumequinum,0.02,0.02,-1,Echolocation,/mnt/ubna_data_02_mir/recover-20221013/UBNA_001/20221012_030000.WAV,Telephone Field,recover-20221013,001,1795
514.6785,514.687,25468,33229,Eptesicus serotinus,0.007,0.02,-1,Echolocation,/mnt/ubna_data_02_mir/recover-20221013/UBNA_001/20221012_030000.WAV,Telephone Field,recover-20221013,001,1795
514.6835,514.7259,68437,83577,Rhinolophus ferrumequinum,0.025,0.025,-1,Echolocation,/mnt/ubna_data_02_mir/recover-20221013/UBNA_001/20221012_030000.WAV,Telephone Field,recover-20221013,001,1795
514.6855,514.6944,25468,32971,Eptesicus serotinus,0.007,0.02,-1,Echolocation,/mnt/ubna_data_02_mir/recover-20221013/UBNA_001/20221012_030000.WAV,Telephone Field,recover-20221013,001,1795
514.7175,514.7255,27187,36570,Eptesicus serotinus,0.013,0.03,-1,Echolocation,/mnt/ubna_data_02_mir/recover-20221013/UBNA_001/20221012_030000.WAV,Telephone Field,recover-20221013,001,1795
514.7355,514.775,68437,82595,Rhinolophus ferrumequinum,0.025,0.025,-1,Echolocation,/mnt/ubna_data_02_mir/recover-20221013/UBNA_001/20221012_030000.WAV,Telephone Field,recover-20221013,001,1795
514.7555,514.7958,68437,83060,Rhinolophus ferrumequinum,0.025,0.025,-1,Echolocation,/mnt/ubna_data_02_mir/recover-20221013/UBNA_001/20221012_030000.WAV,Telephone Field,recover-20221013,001,1795
514.7725,514.8129,68437,82506,Rhinolophus ferrumequinum,0.02,0.02,-1,Echolocation,/mnt/ubna_data_02_mir/recover-20221013/UBNA_001/20221012_030000.WAV,Telephone Field,recover-20221013,001,1795
514.7795,514.7912,22890,28867,Nyctalus leisleri,0.01,0.024,-1,Echolocation,/mnt/ubna_data_02_mir/recover-20221013/UBNA_001/20221012_030000.WAV,Telephone Field,recover-20221013,001,1795
514.7865,514.8278,68437,82509,Rhinolophus ferrumequinum,0.019,0.019,-1,Echolocation,/mnt/ubna_data_02_mir/recover-20221013/UBNA_001/20221012_030000.WAV,Telephone Field,recover-20221013,001,1795
514.8055,514.8404,68437,81589,Rhinolophus ferrumequinum,0.019,0.019,-1,Echolocation,/mnt/ubna_data_02_mir/recover-20221013/UBNA_001/20221012_030000.WAV,Telephone Field,recover-20221013,001,1795
514.8075,514.8156,28906,39425,Eptesicus serotinus,0.008,0.023,-1,Echolocation,/mnt/ubna_data_02_mir/recover-20221013/UBNA_001/20221012_030000.WAV,Telephone Field,recover-20221013,001,1795
514.8405,514.8499,24609,31414,Nyctalus leisleri,0.006,0.019,-1,Echolocation,/mnt/ubna_data_02_mir/recover-20221013/UBNA_001/20221012_030000.WAV,Telephone Field,recover-20221013,001,1795
514.8635,514.9006,68437,82002,Rhinolophus ferrumequinum,0.022,0.022,-1,Echolocation,/mnt/ubna_data_02_mir/recover-20221013/UBNA_001/20221012_030000.WAV,Telephone Field,recover-20221013,001,1795
514.8665,514.8738,28046,42159,Eptesicus serotinus,0.006,0.02,-1,Echolocation,/mnt/ubna_data_02_mir/recover-20221013/UBNA_001/20221012_030000.WAV,Telephone Field,recover-20221013,001,1795
514.9005,514.9085,24609,32131,Plecotus austriacus,0.005,0.019,-1,Echolocation,/mnt/ubna_data_02_mir/recover-20221013/UBNA_001/20221012_030000.WAV,Telephone Field,recover-20221013,001,1795
514.9035,514.9432,68437,82268,Rhinolophus ferrumequinum,0.019,0.019,-1,Echolocation,/mnt/ubna_data_02_mir/recover-20221013/UBNA_001/20221012_030000.WAV,Telephone Field,recover-20221013,001,1795
514.9115,514.9496,68437,82084,Rhinolophus ferrumequinum,0.022,0.022,-1,Echolocation,/mnt/ubna_data_02_mir/recover-20221013/UBNA_001/20221012_030000.WAV,Telephone Field,recover-20221013,001,1795
514.9355,514.9752,68437,83098,Rhinolophus ferrumequinum,0.027,0.027,-1,Echolocation,/mnt/ubna_data_02_mir/recover-20221013/UBNA_001/20221012_030000.WAV,Telephone Field,recover-20221013,001,1795
514.9485,514.9868,68437,82189,Rhinolophus ferrumequinum,0.019,0.019,-1,Echolocation,/mnt/ubna_data_02_mir/recover-20221013/UBNA_001/20221012_030000.WAV,Telephone Field,recover-20221013,001,1795
514.9835,514.9908,27187,36475,Eptesicus serotinus,0.01,0.028,-1,Echolocation,/mnt/ubna_data_02_mir/recover-20221013/UBNA_001/20221012_030000.WAV,Telephone Field,recover-20221013,001,1795
514.9845,515.0222,68437,81850,Rhinolophus ferrumequinum,0.023,0.023,-1,Echolocation,/mnt/ubna_data_02_mir/recover-20221013/UBNA_001/20221012_030000.WAV,Telephone Field,recover-20221013,001,1795
515.0005,515.008,27187,40321,Eptesicus serotinus,0.006,0.019,-1,Echolocation,/mnt/ubna_data_02_mir/recover-20221013/UBNA_001/20221012_030000.WAV,Telephone Field,recover-20221013,001,1795
515.0055,515.0155,58984,64474,Pipistrellus pygmaeus,0.021,0.021,-1,Echolocation,/mnt/ubna_data_02_mir/recover-20221013/UBNA_001/20221012_030000.WAV,Telephone Field,recover-20221013,001,1795
515.0105,515.0203,24609,30703,Nyctalus leisleri,0.009,0.023,-1,Echolocation,/mnt/ubna_data_02_mir/recover-20221013/UBNA_001/20221012_030000.WAV,Telephone Field,recover-20221013,001,1795
515.0435,515.0814,68437,82090,Rhinolophus ferrumequinum,0.029,0.029,-1,Echolocation,/mnt/ubna_data_02_mir/recover-20221013/UBNA_001/20221012_030000.WAV,Telephone Field,recover-20221013,001,1795
515.0505,515.0596,23750,31040,Plecotus austriacus,0.007,0.026,-1,Echolocation,/mnt/ubna_data_02_mir/recover-20221013/UBNA_001/20221012_030000.WAV,Telephone Field,recover-20221013,001,1795
515.0865,515.0947,28906,38979,Eptesicus serotinus,0.012,0.028,-1,Echolocation,/mnt/ubna_data_02_mir/recover-20221013/UBNA_001/20221012_030000.WAV,Telephone Field,recover-20221013,001,1795
515.1015,515.1411,68437,82102,Rhinolophus ferrumequinum,0.022,0.022,-1,Echolocation,/mnt/ubna_data_02_mir/recover-20221013/UBNA_001/20221012_030000.WAV,Telephone Field,recover-20221013,001,1795
515.1055,515.112,26328,38629,Plecotus austriacus,0.013,0.044,-1,Echolocation,/mnt/ubna_data_02_mir/recover-20221013/UBNA_001/20221012_030000.WAV,Telephone Field,recover-20221013,001,1795
515.1285,515.1355,27187,38186,Eptesicus serotinus,0.01,0.029,-1,Echolocation,/mnt/ubna_data_02_mir/recover-20221013/UBNA_001/20221012_030000.WAV,Telephone Field,recover-20221013,001,1795
515.1665,515.2053,68437,82219,Rhinolophus ferrumequinum,0.023,0.023,-1,Echolocation,/mnt/ubna_data_02_mir/recover-20221013/UBNA_001/20221012_030000.WAV,Telephone Field,recover-20221013,001,1795
515.1855,515.2242,68437,81778,Rhinolophus ferrumequinum,0.02,0.02,-1,Echolocation,/mnt/ubna_data_02_mir/recover-20221013/UBNA_001/20221012_030000.WAV,Telephone Field,recover-20221013,001,1795
515.1865,515.1948,50390,55241,Pipistrellus pipistrellus,0.017,0.02,-1,Echolocation,/mnt/ubna_data_02_mir/recover-20221013/UBNA_001/20221012_030000.WAV,Telephone Field,recover-20221013,001,1795
515.1905,515.2302999999999,68437,81842,Rhinolophus ferrumequinum,0.02,0.02,-1,Echolocation,/mnt/ubna_data_02_mir/recover-20221013/UBNA_001/20221012_030000.WAV,Telephone Field,recover-20221013,001,1795
515.2125,515.2198,23750,31656,Plecotus austriacus,0.008,0.022,-1,Echolocation,/mnt/ubna_data_02_mir/recover-20221013/UBNA_001/20221012_030000.WAV,Telephone Field,recover-20221013,001,1795
515.2425,515.2518,27187,38116,Eptesicus serotinus,0.009,0.022,-1,Echolocation,/mnt/ubna_data_02_mir/recover-20221013/UBNA_001/20221012_030000.WAV,Telephone Field,recover-20221013,001,1795
515.2465,515.2844,68437,81996,Rhinolophus ferrumequinum,0.021,0.021,-1,Echolocation,/mnt/ubna_data_02_mir/recover-20221013/UBNA_001/20221012_030000.WAV,Telephone Field,recover-20221013,001,1795
515.2605,515.3029,68437,82747,Rhinolophus ferrumequinum,0.029,0.029,-1,Echolocation,/mnt/ubna_data_02_mir/recover-20221013/UBNA_001/20221012_030000.WAV,Telephone Field,recover-20221013,001,1795
515.3245,515.3602,68437,81764,Rhinolophus ferrumequinum,0.02,0.02,-1,Echolocation,/mnt/ubna_data_02_mir/recover-20221013/UBNA_001/20221012_030000.WAV,Telephone Field,recover-20221013,001,1795
515.3355,515.3732,68437,81979,Rhinolophus ferrumequinum,0.021,0.021,-1,Echolocation,/mnt/ubna_data_02_mir/recover-20221013/UBNA_001/20221012_030000.WAV,Telephone Field,recover-20221013,001,1795
515.3595,515.3942,68437,82327,Rhinolophus ferrumequinum,0.024,0.024,-1,Echolocation,/mnt/ubna_data_02_mir/recover-20221013/UBNA_001/20221012_030000.WAV,Telephone Field,recover-20221013,001,1795
515.3845,515.3933,31484,40024,Barbastellus barbastellus,0.008,0.026,-1,Echolocation,/mnt/ubna_data_02_mir/recover-20221013/UBNA_001/20221012_030000.WAV,Telephone Field,recover-20221013,001,1795
515.3865,515.423,68437,81579,Rhinolophus ferrumequinum,0.021,0.021,-1,Echolocation,/mnt/ubna_data_02_mir/recover-20221013/UBNA_001/20221012_030000.WAV,Telephone Field,recover-20221013,001,1795
515.4015,515.4394,68437,81382,Rhinolophus ferrumequinum,0.028,0.028,-1,Echolocation,/mnt/ubna_data_02_mir/recover-20221013/UBNA_001/20221012_030000.WAV,Telephone Field,recover-20221013,001,1795
515.4265,515.4625,68437,82287,Rhinolophus ferrumequinum,0.022,0.022,-1,Echolocation,/mnt/ubna_data_02_mir/recover-20221013/UBNA_001/20221012_030000.WAV,Telephone Field,recover-20221013,001,1795
515.4525,515.4913,68437,81838,Rhinolophus ferrumequinum,0.02,0.02,-1,Echolocation,/mnt/ubna_data_02_mir/recover-20221013/UBNA_001/20221012_030000.WAV,Telephone Field,recover-20221013,001,1795
515.4885,515.5263,68437,82262,Rhinolophus ferrumequinum,0.02,0.02,-1,Echolocation,/mnt/ubna_data_02_mir/recover-20221013/UBNA_001/20221012_030000.WAV,Telephone Field,recover-20221013,001,1795
515.4895,515.4972,26328,37242,Eptesicus serotinus,0.007,0.021,-1,Echolocation,/mnt/ubna_data_02_mir/recover-20221013/UBNA_001/20221012_030000.WAV,Telephone Field,recover-20221013,001,1795
515.5165,515.5262,22031,27120,Nyctalus leisleri,0.008,0.019,-1,Echolocation,/mnt/ubna_data_02_mir/recover-20221013/UBNA_001/20221012_030000.WAV,Telephone Field,recover-20221013,001,1795
515.5265,515.5673,68437,82780,Rhinolophus ferrumequinum,0.02,0.02,-1,Echolocation,/mnt/ubna_data_02_mir/recover-20221013/UBNA_001/20221012_030000.WAV,Telephone Field,recover-20221013,001,1795
515.5835,515.622,68437,82696,Rhinolophus ferrumequinum,0.026,0.026,-1,Echolocation,/mnt/ubna_data_02_mir/recover-20221013/UBNA_001/20221012_030000.WAV,Telephone Field,recover-20221013,001,1795
515.5995,515.6347,68437,81683,Rhinolophus ferrumequinum,0.02,0.02,-1,Echolocation,/mnt/ubna_data_02_mir/recover-20221013/UBNA_001/20221012_030000.WAV,Telephone Field,recover-20221013,001,1795
515.6445,515.6523,28906,41263,Eptesicus serotinus,0.006,0.019,-1,Echolocation,/mnt/ubna_data_02_mir/recover-20221013/UBNA_001/20221012_030000.WAV,Telephone Field,recover-20221013,001,1795
515.6725,515.7056,68437,81073,Rhinolophus ferrumequinum,0.021,0.021,-1,Echolocation,/mnt/ubna_data_02_mir/recover-20221013/UBNA_001/20221012_030000.WAV,Telephone Field,recover-20221013,001,1795
515.6785,515.6837,38359,53195,Myotis mystacinus,0.007,0.021,-1,Echolocation,/mnt/ubna_data_02_mir/recover-20221013/UBNA_001/20221012_030000.WAV,Telephone Field,recover-20221013,001,1795
515.6815,515.688,23750,37821,Myotis nattereri,0.007,0.021,-1,Echolocation,/mnt/ubna_data_02_mir/recover-20221013/UBNA_001/20221012_030000.WAV,Telephone Field,recover-20221013,001,1795
515.6885,515.7253,68437,82133,Rhinolophus ferrumequinum,0.019,0.019,-1,Echolocation,/mnt/ubna_data_02_mir/recover-20221013/UBNA_001/20221012_030000.WAV,Telephone Field,recover-20221013,001,1795
515.7035,515.7416,68437,82176,Rhinolophus ferrumequinum,0.021,0.021,-1,Echolocation,/mnt/ubna_data_02_mir/recover-20221013/UBNA_001/20221012_030000.WAV,Telephone Field,recover-20221013,001,1795
515.7545,515.7667,22890,27301,Nyctalus leisleri,0.011,0.02,-1,Echolocation,/mnt/ubna_data_02_mir/recover-20221013/UBNA_001/20221012_030000.WAV,Telephone Field,recover-20221013,001,1795
515.7725,515.7848,24609,29939,Nyctalus leisleri,0.024,0.052,-1,Echolocation,/mnt/ubna_data_02_mir/recover-20221013/UBNA_001/20221012_030000.WAV,Telephone Field,recover-20221013,001,1795
515.7725,515.8135,68437,82383,Rhinolophus ferrumequinum,0.023,0.023,-1,Echolocation,/mnt/ubna_data_02_mir/recover-20221013/UBNA_001/20221012_030000.WAV,Telephone Field,recover-20221013,001,1795
515.7995,515.8116,28046,35073,Eptesicus serotinus,0.014,0.026,-1,Echolocation,/mnt/ubna_data_02_mir/recover-20221013/UBNA_001/20221012_030000.WAV,Telephone Field,recover-20221013,001,1795
515.8105,515.8201,28046,36746,Eptesicus serotinus,0.011,0.026,-1,Echolocation,/mnt/ubna_data_02_mir/recover-20221013/UBNA_001/20221012_030000.WAV,Telephone Field,recover-20221013,001,1795
515.8125,515.8537,68437,83339,Rhinolophus ferrumequinum,0.024,0.024,-1,Echolocation,/mnt/ubna_data_02_mir/recover-20221013/UBNA_001/20221012_030000.WAV,Telephone Field,recover-20221013,001,1795
515.8245,515.8682,68437,82844,Rhinolophus ferrumequinum,0.025,0.025,-1,Echolocation,/mnt/ubna_data_02_mir/recover-20221013/UBNA_001/20221012_030000.WAV,Telephone Field,recover-20221013,001,1795
515.8385,515.8484,27187,35536,Eptesicus serotinus,0.01,0.021,-1,Echolocation,/mnt/ubna_data_02_mir/recover-20221013/UBNA_001/20221012_030000.WAV,Telephone Field,recover-20221013,001,1795
515.8785,515.9171,68437,81896,Rhinolophus ferrumequinum,0.022,0.022,-1,Echolocation,/mnt/ubna_data_02_mir/recover-20221013/UBNA_001/20221012_030000.WAV,Telephone Field,recover-20221013,001,1795
515.8955,515.9038,28046,38600,Eptesicus serotinus,0.007,0.02,-1,Echolocation,/mnt/ubna_data_02_mir/recover-20221013/UBNA_001/20221012_030000.WAV,Telephone Field,recover-20221013,001,1795
515.9005,515.9107,22890,27630,Nyctalus leisleri,0.01,0.019,-1,Echolocation,/mnt/ubna_data_02_mir/recover-20221013/UBNA_001/20221012_030000.WAV,Telephone Field,recover-20221013,001,1795
515.9045,515.9417,68437,81859,Rhinolophus ferrumequinum,0.02,0.02,-1,Echolocation,/mnt/ubna_data_02_mir/recover-20221013/UBNA_001/20221012_030000.WAV,Telephone Field,recover-20221013,001,1795
515.9185,515.9257,27187,40870,Eptesicus serotinus,0.006,0.019,-1,Echolocation,/mnt/ubna_data_02_mir/recover-20221013/UBNA_001/20221012_030000.WAV,Telephone Field,recover-20221013,001,1795
515.9315,515.9755,68437,82967,Rhinolophus ferrumequinum,0.023,0.023,-1,Echolocation,/mnt/ubna_data_02_mir/recover-20221013/UBNA_001/20221012_030000.WAV,Telephone Field,recover-20221013,001,1795
515.9535,515.9922,68437,81807,Rhinolophus ferrumequinum,0.021,0.021,-1,Echolocation,/mnt/ubna_data_02_mir/recover-20221013/UBNA_001/20221012_030000.WAV,Telephone Field,recover-20221013,001,1795
515.9605,515.9962,68437,81426,Rhinolophus ferrumequinum,0.02,0.02,-1,Echolocation,/mnt/ubna_data_02_mir/recover-20221013/UBNA_001/20221012_030000.WAV,Telephone Field,recover-20221013,001,1795
515.9695,515.9889,18593,22193,Nyctalus noctula,0.016,0.028,-1,Echolocation,/mnt/ubna_data_02_mir/recover-20221013/UBNA_001/20221012_030000.WAV,Telephone Field,recover-20221013,001,1795
516.0015,516.0094,26328,38046,Eptesicus serotinus,0.006,0.023,-1,Echolocation,/mnt/ubna_data_02_mir/recover-20221013/UBNA_001/20221012_030000.WAV,Telephone Field,recover-20221013,001,1795
516.0015,516.0343,68437,79415,Rhinolophus ferrumequinum,0.07,0.071,-1,Echolocation,/mnt/ubna_data_02_mir/recover-20221013/UBNA_001/20221012_030000.WAV,Telephone Field,recover-20221013,001,1795
516.0095,516.0473,68437,81238,Rhinolophus ferrumequinum,0.026,0.026,-1,Echolocation,/mnt/ubna_data_02_mir/recover-20221013/UBNA_001/20221012_030000.WAV,Telephone Field,recover-20221013,001,1795
516.0485,516.0858,68437,81834,Rhinolophus ferrumequinum,0.025,0.025,-1,Echolocation,/mnt/ubna_data_02_mir/recover-20221013/UBNA_001/20221012_030000.WAV,Telephone Field,recover-20221013,001,1795
516.0875,516.1233,68437,81726,Rhinolophus ferrumequinum,0.022,0.022,-1,Echolocation,/mnt/ubna_data_02_mir/recover-20221013/UBNA_001/20221012_030000.WAV,Telephone Field,recover-20221013,001,1795
516.1065,516.1175,22890,27770,Nyctalus leisleri,0.013,0.026,-1,Echolocation,/mnt/ubna_data_02_mir/recover-20221013/UBNA_001/20221012_030000.WAV,Telephone Field,recover-20221013,001,1795
516.1065,516.1177,28906,34808,Eptesicus serotinus,0.008,0.021,-1,Echolocation,/mnt/ubna_data_02_mir/recover-20221013/UBNA_001/20221012_030000.WAV,Telephone Field,recover-20221013,001,1795
516.1255,516.1621,68437,81935,Rhinolophus ferrumequinum,0.025,0.025,-1,Echolocation,/mnt/ubna_data_02_mir/recover-20221013/UBNA_001/20221012_030000.WAV,Telephone Field,recover-20221013,001,1795
516.1575,516.1667,28906,37366,Eptesicus serotinus,0.011,0.025,-1,Echolocation,/mnt/ubna_data_02_mir/recover-20221013/UBNA_001/20221012_030000.WAV,Telephone Field,recover-20221013,001,1795
516.1815,516.1918,23750,30628,Nyctalus leisleri,0.009,0.025,-1,Echolocation,/mnt/ubna_data_02_mir/recover-20221013/UBNA_001/20221012_030000.WAV,Telephone Field,recover-20221013,001,1795
516.2065,516.2427,68437,81776,Rhinolophus ferrumequinum,0.022,0.022,-1,Echolocation,/mnt/ubna_data_02_mir/recover-20221013/UBNA_001/20221012_030000.WAV,Telephone Field,recover-20221013,001,1795
516.2225,516.2632,68437,82013,Rhinolophus ferrumequinum,0.023,0.023,-1,Echolocation,/mnt/ubna_data_02_mir/recover-20221013/UBNA_001/20221012_030000.WAV,Telephone Field,recover-20221013,001,1795
516.2275,516.2343,26328,38066,Eptesicus serotinus,0.005,0.022,-1,Echolocation,/mnt/ubna_data_02_mir/recover-20221013/UBNA_001/20221012_030000.WAV,Telephone Field,recover-20221013,001,1795
516.2395,516.2777,68437,82659,Rhinolophus ferrumequinum,0.021,0.021,-1,Echolocation,/mnt/ubna_data_02_mir/recover-20221013/UBNA_001/20221012_030000.WAV,Telephone Field,recover-20221013,001,1795
516.2685,516.2764,28046,40191,Eptesicus serotinus,0.007,0.021,-1,Echolocation,/mnt/ubna_data_02_mir/recover-20221013/UBNA_001/20221012_030000.WAV,Telephone Field,recover-20221013,001,1795
516.2965,516.3347,68437,81847,Rhinolophus ferrumequinum,0.022,0.022,-1,Echolocation,/mnt/ubna_data_02_mir/recover-20221013/UBNA_001/20221012_030000.WAV,Telephone Field,recover-20221013,001,1795
516.3025,516.3393,68437,81587,Rhinolophus ferrumequinum,0.023,0.023,-1,Echolocation,/mnt/ubna_data_02_mir/recover-20221013/UBNA_001/20221012_030000.WAV,Telephone Field,recover-20221013,001,1795
516.3135,516.3202,27187,40816,Eptesicus serotinus,0.006,0.022,-1,Echolocation,/mnt/ubna_data_02_mir/recover-20221013/UBNA_001/20221012_030000.WAV,Telephone Field,recover-20221013,001,1795
516.3275,516.3655,68437,82628,Rhinolophus ferrumequinum,0.025,0.025,-1,Echolocation,/mnt/ubna_data_02_mir/recover-20221013/UBNA_001/20221012_030000.WAV,Telephone Field,recover-20221013,001,1795
516.3295,516.3391,24609,30823,Nyctalus leisleri,0.008,0.021,-1,Echolocation,/mnt/ubna_data_02_mir/recover-20221013/UBNA_001/20221012_030000.WAV,Telephone Field,recover-20221013,001,1795
516.3515,516.3587,28046,36894,Eptesicus serotinus,0.011,0.03,-1,Echolocation,/mnt/ubna_data_02_mir/recover-20221013/UBNA_001/20221012_030000.WAV,Telephone Field,recover-20221013,001,1795
516.3755,516.414,68437,82122,Rhinolophus ferrumequinum,0.021,0.021,-1,Echolocation,/mnt/ubna_data_02_mir/recover-20221013/UBNA_001/20221012_030000.WAV,Telephone Field,recover-20221013,001,1795
516.4055,516.4421,68437,81532,Rhinolophus ferrumequinum,0.025,0.025,-1,Echolocation,/mnt/ubna_data_02_mir/recover-20221013/UBNA_001/20221012_030000.WAV,Telephone Field,recover-20221013,001,1795
516.4215,516.4322,24609,31399,Nyctalus leisleri,0.01,0.028,-1,Echolocation,/mnt/ubna_data_02_mir/recover-20221013/UBNA_001/20221012_030000.WAV,Telephone Field,recover-20221013,001,1795
516.4325,516.4651,68437,80157,Rhinolophus ferrumequinum,0.02,0.021,-1,Echolocation,/mnt/ubna_data_02_mir/recover-20221013/UBNA_001/20221012_030000.WAV,Telephone Field,recover-20221013,001,1795
516.4415,516.4763,68437,81261,Rhinolophus ferrumequinum,0.021,0.021,-1,Echolocation,/mnt/ubna_data_02_mir/recover-20221013/UBNA_001/20221012_030000.WAV,Telephone Field,recover-20221013,001,1795
516.4485,516.455,27187,40545,Eptesicus serotinus,0.006,0.023,-1,Echolocation,/mnt/ubna_data_02_mir/recover-20221013/UBNA_001/20221012_030000.WAV,Telephone Field,recover-20221013,001,1795
516.5175,516.5278,28906,36953,Eptesicus serotinus,0.009,0.023,-1,Echolocation,/mnt/ubna_data_02_mir/recover-20221013/UBNA_001/20221012_030000.WAV,Telephone Field,recover-20221013,001,1795
516.5185,516.5584,68437,82211,Rhinolophus ferrumequinum,0.021,0.021,-1,Echolocation,/mnt/ubna_data_02_mir/recover-20221013/UBNA_001/20221012_030000.WAV,Telephone Field,recover-20221013,001,1795
516.5405,516.5785,68437,81980,Rhinolophus ferrumequinum,0.023,0.023,-1,Echolocation,/mnt/ubna_data_02_mir/recover-20221013/UBNA_001/20221012_030000.WAV,Telephone Field,recover-20221013,001,1795
516.5405,516.5489,23750,31342,Plecotus austriacus,0.007,0.021,-1,Echolocation,/mnt/ubna_data_02_mir/recover-20221013/UBNA_001/20221012_030000.WAV,Telephone Field,recover-20221013,001,1795
516.5495,516.5863,68437,80931,Rhinolophus ferrumequinum,0.023,0.023,-1,Echolocation,/mnt/ubna_data_02_mir/recover-20221013/UBNA_001/20221012_030000.WAV,Telephone Field,recover-20221013,001,1795
516.5675,516.6065,68437,82358,Rhinolophus ferrumequinum,0.022,0.022,-1,Echolocation,/mnt/ubna_data_02_mir/recover-20221013/UBNA_001/20221012_030000.WAV,Telephone Field,recover-20221013,001,1795
516.5755,516.6126,68437,81518,Rhinolophus ferrumequinum,0.022,0.022,-1,Echolocation,/mnt/ubna_data_02_mir/recover-20221013/UBNA_001/20221012_030000.WAV,Telephone Field,recover-20221013,001,1795
516.5915,516.5991,27187,40389,Eptesicus serotinus,0.008,0.022,-1,Echolocation,/mnt/ubna_data_02_mir/recover-20221013/UBNA_001/20221012_030000.WAV,Telephone Field,recover-20221013,001,1795
516.6595,516.6949,68437,80950,Rhinolophus ferrumequinum,0.021,0.021,-1,Echolocation,/mnt/ubna_data_02_mir/recover-20221013/UBNA_001/20221012_030000.WAV,Telephone Field,recover-20221013,001,1795
516.6755,516.6828,28046,38753,Eptesicus serotinus,0.006,0.022,-1,Echolocation,/mnt/ubna_data_02_mir/recover-20221013/UBNA_001/20221012_030000.WAV,Telephone Field,recover-20221013,001,1795
516.7105,516.7492,68437,82525,Rhinolophus ferrumequinum,0.023,0.023,-1,Echolocation,/mnt/ubna_data_02_mir/recover-20221013/UBNA_001/20221012_030000.WAV,Telephone Field,recover-20221013,001,1795
516.7235,516.7304,27187,43253,Eptesicus serotinus,0.005,0.021,-1,Echolocation,/mnt/ubna_data_02_mir/recover-20221013/UBNA_001/20221012_030000.WAV,Telephone Field,recover-20221013,001,1795
516.7295,516.7372,28046,41398,Eptesicus serotinus,0.007,0.022,-1,Echolocation,/mnt/ubna_data_02_mir/recover-20221013/UBNA_001/20221012_030000.WAV,Telephone Field,recover-20221013,001,1795
516.7455,516.7588,22890,28229,Nyctalus leisleri,0.009,0.021,-1,Echolocation,/mnt/ubna_data_02_mir/recover-20221013/UBNA_001/20221012_030000.WAV,Telephone Field,recover-20221013,001,1795
516.7595,516.7671,22890,31346,Plecotus austriacus,0.02,0.033,-1,Echolocation,/mnt/ubna_data_02_mir/recover-20221013/UBNA_001/20221012_030000.WAV,Telephone Field,recover-20221013,001,1795
516.7995,516.8055,28046,42556,Eptesicus serotinus,0.009,0.038,-1,Echolocation,/mnt/ubna_data_02_mir/recover-20221013/UBNA_001/20221012_030000.WAV,Telephone Field,recover-20221013,001,1795
516.8055,516.8441,68437,82453,Rhinolophus ferrumequinum,0.021,0.021,-1,Echolocation,/mnt/ubna_data_02_mir/recover-20221013/UBNA_001/20221012_030000.WAV,Telephone Field,recover-20221013,001,1795
516.8265,516.8684,68437,82760,Rhinolophus ferrumequinum,0.026,0.026,-1,Echolocation,/mnt/ubna_data_02_mir/recover-20221013/UBNA_001/20221012_030000.WAV,Telephone Field,recover-20221013,001,1795
516.8515,516.8915,68437,82358,Rhinolophus ferrumequinum,0.025,0.025,-1,Echolocation,/mnt/ubna_data_02_mir/recover-20221013/UBNA_001/20221012_030000.WAV,Telephone Field,recover-20221013,001,1795
516.8575,516.8674,22890,28169,Nyctalus leisleri,0.009,0.022,-1,Echolocation,/mnt/ubna_data_02_mir/recover-20221013/UBNA_001/20221012_030000.WAV,Telephone Field,recover-20221013,001,1795
516.9125,516.9518,68437,81816,Rhinolophus ferrumequinum,0.023,0.023,-1,Echolocation,/mnt/ubna_data_02_mir/recover-20221013/UBNA_001/20221012_030000.WAV,Telephone Field,recover-20221013,001,1795
516.9465,516.9568,22890,28638,Nyctalus leisleri,0.009,0.022,-1,Echolocation,/mnt/ubna_data_02_mir/recover-20221013/UBNA_001/20221012_030000.WAV,Telephone Field,recover-20221013,001,1795
516.9755,517.0154,68437,82399,Rhinolophus ferrumequinum,0.026,0.026,-1,Echolocation,/mnt/ubna_data_02_mir/recover-20221013/UBNA_001/20221012_030000.WAV,Telephone Field,recover-20221013,001,1795
516.9795,516.9867,23750,34051,Plecotus austriacus,0.01,0.022,-1,Echolocation,/mnt/ubna_data_02_mir/recover-20221013/UBNA_001/20221012_030000.WAV,Telephone Field,recover-20221013,001,1795
517.0365,517.0766,68437,82371,Rhinolophus ferrumequinum,0.022,0.022,-1,Echolocation,/mnt/ubna_data_02_mir/recover-20221013/UBNA_001/20221012_030000.WAV,Telephone Field,recover-20221013,001,1795
517.0625,517.0988,68437,81889,Rhinolophus ferrumequinum,0.023,0.023,-1,Echolocation,/mnt/ubna_data_02_mir/recover-20221013/UBNA_001/20221012_030000.WAV,Telephone Field,recover-20221013,001,1795
517.0745,517.0847,23750,29753,Nyctalus leisleri,0.009,0.021,-1,Echolocation,/mnt/ubna_data_02_mir/recover-20221013/UBNA_001/20221012_030000.WAV,Telephone Field,recover-20221013,001,1795
517.0905,517.1301,68437,82254,Rhinolophus ferrumequinum,0.022,0.022,-1,Echolocation,/mnt/ubna_data_02_mir/recover-20221013/UBNA_001/20221012_030000.WAV,Telephone Field,recover-20221013,001,1795
517.1165,517.1557,68437,82529,Rhinolophus ferrumequinum,0.022,0.022,-1,Echolocation,/mnt/ubna_data_02_mir/recover-20221013/UBNA_001/20221012_030000.WAV,Telephone Field,recover-20221013,001,1795
517.1425,517.1784,68437,81865,Rhinolophus ferrumequinum,0.025,0.025,-1,Echolocation,/mnt/ubna_data_02_mir/recover-20221013/UBNA_001/20221012_030000.WAV,Telephone Field,recover-20221013,001,1795
517.1485,517.1554,25468,39519,Myotis nattereri,0.004,0.021,-1,Echolocation,/mnt/ubna_data_02_mir/recover-20221013/UBNA_001/20221012_030000.WAV,Telephone Field,recover-20221013,001,1795
517.1755,517.1873,23750,28321,Nyctalus leisleri,0.011,0.022,-1,Echolocation,/mnt/ubna_data_02_mir/recover-20221013/UBNA_001/20221012_030000.WAV,Telephone Field,recover-20221013,001,1795
517.1795,517.2193,68437,81897,Rhinolophus ferrumequinum,0.027,0.027,-1,Echolocation,/mnt/ubna_data_02_mir/recover-20221013/UBNA_001/20221012_030000.WAV,Telephone Field,recover-20221013,001,1795
517.1915,517.2014,44375,52080,Pipistrellus pipistrellus,0.02,0.028,-1,Echolocation,/mnt/ubna_data_02_mir/recover-20221013/UBNA_001/20221012_030000.WAV,Telephone Field,recover-20221013,001,1795
517.2195,517.2306,28906,35618,Eptesicus serotinus,0.011,0.025,-1,Echolocation,/mnt/ubna_data_02_mir/recover-20221013/UBNA_001/20221012_030000.WAV,Telephone Field,recover-20221013,001,1795
517.2515,517.2902,68437,82199,Rhinolophus ferrumequinum,0.022,0.022,-1,Echolocation,/mnt/ubna_data_02_mir/recover-20221013/UBNA_001/20221012_030000.WAV,Telephone Field,recover-20221013,001,1795
517.2595,517.3003,68437,82891,Rhinolophus ferrumequinum,0.023,0.023,-1,Echolocation,/mnt/ubna_data_02_mir/recover-20221013/UBNA_001/20221012_030000.WAV,Telephone Field,recover-20221013,001,1795
517.2665,517.276,27187,37231,Eptesicus serotinus,0.01,0.023,-1,Echolocation,/mnt/ubna_data_02_mir/recover-20221013/UBNA_001/20221012_030000.WAV,Telephone Field,recover-20221013,001,1795
517.2885,517.3288,68437,82135,Rhinolophus ferrumequinum,0.021,0.021,-1,Echolocation,/mnt/ubna_data_02_mir/recover-20221013/UBNA_001/20221012_030000.WAV,Telephone Field,recover-20221013,001,1795
517.3365,517.3758,68437,81959,Rhinolophus ferrumequinum,0.021,0.021,-1,Echolocation,/mnt/ubna_data_02_mir/recover-20221013/UBNA_001/20221012_030000.WAV,Telephone Field,recover-20221013,001,1795
517.3715,517.4124,68437,82719,Rhinolophus ferrumequinum,0.022,0.022,-1,Echolocation,/mnt/ubna_data_02_mir/recover-20221013/UBNA_001/20221012_030000.WAV,Telephone Field,recover-20221013,001,1795
517.4085,517.4471,68437,82110,Rhinolophus ferrumequinum,0.023,0.023,-1,Echolocation,/mnt/ubna_data_02_mir/recover-20221013/UBNA_001/20221012_030000.WAV,Telephone Field,recover-20221013,001,1795
517.4815,517.5223,68437,82306,Rhinolophus ferrumequinum,0.023,0.023,-1,Echolocation,/mnt/ubna_data_02_mir/recover-20221013/UBNA_001/20221012_030000.WAV,Telephone Field,recover-20221013,001,1795
517.4885,517.5266,68437,81935,Rhinolophus ferrumequinum,0.023,0.023,-1,Echolocation,/mnt/ubna_data_02_mir/recover-20221013/UBNA_001/20221012_030000.WAV,Telephone Field,recover-20221013,001,1795
517.4885,517.4971,28046,38791,Eptesicus serotinus,0.008,0.024,-1,Echolocation,/mnt/ubna_data_02_mir/recover-20221013/UBNA_001/20221012_030000.WAV,Telephone Field,recover-20221013,001,1795
517.5015,517.5121,24609,31299,Nyctalus leisleri,0.008,0.024,-1,Echolocation,/mnt/ubna_data_02_mir/recover-20221013/UBNA_001/20221012_030000.WAV,Telephone Field,recover-20221013,001,1795
517.5575,517.5667,28046,38023,Eptesicus serotinus,0.01,0.025,-1,Echolocation,/mnt/ubna_data_02_mir/recover-20221013/UBNA_001/20221012_030000.WAV,Telephone Field,recover-20221013,001,1795
517.5765,517.6182,68437,83373,Rhinolophus ferrumequinum,0.033,0.033,-1,Echolocation,/mnt/ubna_data_02_mir/recover-20221013/UBNA_001/20221012_030000.WAV,Telephone Field,recover-20221013,001,1795
517.6145,517.6536,68437,83015,Rhinolophus ferrumequinum,0.021,0.021,-1,Echolocation,/mnt/ubna_data_02_mir/recover-20221013/UBNA_001/20221012_030000.WAV,Telephone Field,recover-20221013,001,1795
517.6205,517.6289,28046,39808,Eptesicus serotinus,0.007,0.021,-1,Echolocation,/mnt/ubna_data_02_mir/recover-20221013/UBNA_001/20221012_030000.WAV,Telephone Field,recover-20221013,001,1795
517.6605,517.6964,68437,81315,Rhinolophus ferrumequinum,0.021,0.021,-1,Echolocation,/mnt/ubna_data_02_mir/recover-20221013/UBNA_001/20221012_030000.WAV,Telephone Field,recover-20221013,001,1795
517.6745,517.6823,28046,38751,Eptesicus serotinus,0.006,0.023,-1,Echolocation,/mnt/ubna_data_02_mir/recover-20221013/UBNA_001/20221012_030000.WAV,Telephone Field,recover-20221013,001,1795
517.7065,517.7481,68437,82806,Rhinolophus ferrumequinum,0.026,0.026,-1,Echolocation,/mnt/ubna_data_02_mir/recover-20221013/UBNA_001/20221012_030000.WAV,Telephone Field,recover-20221013,001,1795
517.7115,517.7189,24609,33699,Plecotus austriacus,0.01,0.025,-1,Echolocation,/mnt/ubna_data_02_mir/recover-20221013/UBNA_001/20221012_030000.WAV,Telephone Field,recover-20221013,001,1795
517.7425,517.7506,25468,33889,Eptesicus serotinus,0.007,0.023,-1,Echolocation,/mnt/ubna_data_02_mir/recover-20221013/UBNA_001/20221012_030000.WAV,Telephone Field,recover-20221013,001,1795
517.7525,517.7913,68437,82100,Rhinolophus ferrumequinum,0.022,0.022,-1,Echolocation,/mnt/ubna_data_02_mir/recover-20221013/UBNA_001/20221012_030000.WAV,Telephone Field,recover-20221013,001,1795
517.7905,517.8282,68437,80878,Rhinolophus ferrumequinum,0.021,0.021,-1,Echolocation,/mnt/ubna_data_02_mir/recover-20221013/UBNA_001/20221012_030000.WAV,Telephone Field,recover-20221013,001,1795
517.8015,517.8402,68437,82247,Rhinolophus ferrumequinum,0.025,0.025,-1,Echolocation,/mnt/ubna_data_02_mir/recover-20221013/UBNA_001/20221012_030000.WAV,Telephone Field,recover-20221013,001,1795
517.8905,517.9035,22890,27349,Nyctalus leisleri,0.013,0.024,-1,Echolocation,/mnt/ubna_data_02_mir/recover-20221013/UBNA_001/20221012_030000.WAV,Telephone Field,recover-20221013,001,1795
517.9055,517.9124,24609,37185,Myotis nattereri,0.01,0.028,-1,Echolocation,/mnt/ubna_data_02_mir/recover-20221013/UBNA_001/20221012_030000.WAV,Telephone Field,recover-20221013,001,1795
517.9485,517.9559,46093,49905,Pipistrellus pipistrellus,0.019,0.021,-1,Echolocation,/mnt/ubna_data_02_mir/recover-20221013/UBNA_001/20221012_030000.WAV,Telephone Field,recover-20221013,001,1795
517.9835,517.9935,28046,37614,Eptesicus serotinus,0.01,0.023,-1,Echolocation,/mnt/ubna_data_02_mir/recover-20221013/UBNA_001/20221012_030000.WAV,Telephone Field,recover-20221013,001,1795
518.0015,518.0091,23750,33757,Plecotus austriacus,0.006,0.025,-1,Echolocation,/mnt/ubna_data_02_mir/recover-20221013/UBNA_001/20221012_030000.WAV,Telephone Field,recover-20221013,001,1795
518.0015,518.0133,33203,40137,Pipistrellus nathusii,0.008,0.024,-1,Echolocation,/mnt/ubna_data_02_mir/recover-20221013/UBNA_001/20221012_030000.WAV,Telephone Field,recover-20221013,001,1795
518.0015,518.0366,69296,81855,Rhinolophus ferrumequinum,0.037,0.037,-1,Echolocation,/mnt/ubna_data_02_mir/recover-20221013/UBNA_001/20221012_030000.WAV,Telephone Field,recover-20221013,001,1795
518.0535,518.0932,68437,81152,Rhinolophus ferrumequinum,0.025,0.025,-1,Echolocation,/mnt/ubna_data_02_mir/recover-20221013/UBNA_001/20221012_030000.WAV,Telephone Field,recover-20221013,001,1795
518.0645,518.1049,68437,82338,Rhinolophus ferrumequinum,0.026,0.026,-1,Echolocation,/mnt/ubna_data_02_mir/recover-20221013/UBNA_001/20221012_030000.WAV,Telephone Field,recover-20221013,001,1795
518.0775,518.0887,35781,42028,Pipistrellus nathusii,0.006,0.025,-1,Echolocation,/mnt/ubna_data_02_mir/recover-20221013/UBNA_001/20221012_030000.WAV,Telephone Field,recover-20221013,001,1795
518.1265,518.1353,25468,33726,Eptesicus serotinus,0.007,0.021,-1,Echolocation,/mnt/ubna_data_02_mir/recover-20221013/UBNA_001/20221012_030000.WAV,Telephone Field,recover-20221013,001,1795
518.1335,518.1439,28906,36960,Eptesicus serotinus,0.01,0.023,-1,Echolocation,/mnt/ubna_data_02_mir/recover-20221013/UBNA_001/20221012_030000.WAV,Telephone Field,recover-20221013,001,1795
518.2045,518.2148,22890,28510,Nyctalus leisleri,0.009,0.021,-1,Echolocation,/mnt/ubna_data_02_mir/recover-20221013/UBNA_001/20221012_030000.WAV,Telephone Field,recover-20221013,001,1795
518.2785,518.3174,68437,82566,Rhinolophus ferrumequinum,0.024,0.024,-1,Echolocation,/mnt/ubna_data_02_mir/recover-20221013/UBNA_001/20221012_030000.WAV,Telephone Field,recover-20221013,001,1795
518.3065,518.3462,68437,82134,Rhinolophus ferrumequinum,0.021,0.021,-1,Echolocation,/mnt/ubna_data_02_mir/recover-20221013/UBNA_001/20221012_030000.WAV,Telephone Field,recover-20221013,001,1795
518.3195,518.3589,68437,82382,Rhinolophus ferrumequinum,0.021,0.021,-1,Echolocation,/mnt/ubna_data_02_mir/recover-20221013/UBNA_001/20221012_030000.WAV,Telephone Field,recover-20221013,001,1795
518.3235,518.3346,29765,37000,Eptesicus serotinus,0.011,0.027,-1,Echolocation,/mnt/ubna_data_02_mir/recover-20221013/UBNA_001/20221012_030000.WAV,Telephone Field,recover-20221013,001,1795
518.3595,518.3964,68437,81932,Rhinolophus ferrumequinum,0.02,0.02,-1,Echolocation,/mnt/ubna_data_02_mir/recover-20221013/UBNA_001/20221012_030000.WAV,Telephone Field,recover-20221013,001,1795
518.3885,518.4303,68437,82067,Rhinolophus ferrumequinum,0.021,0.021,-1,Echolocation,/mnt/ubna_data_02_mir/recover-20221013/UBNA_001/20221012_030000.WAV,Telephone Field,recover-20221013,001,1795
518.4345,518.4708,68437,82075,Rhinolophus ferrumequinum,0.022,0.022,-1,Echolocation,/mnt/ubna_data_02_mir/recover-20221013/UBNA_001/20221012_030000.WAV,Telephone Field,recover-20221013,001,1795
518.4435,518.4523,28046,37257,Eptesicus serotinus,0.008,0.02,-1,Echolocation,/mnt/ubna_data_02_mir/recover-20221013/UBNA_001/20221012_030000.WAV,Telephone Field,recover-20221013,001,1795
518.4935,518.5344,68437,82619,Rhinolophus ferrumequinum,0.026,0.026,-1,Echolocation,/mnt/ubna_data_02_mir/recover-20221013/UBNA_001/20221012_030000.WAV,Telephone Field,recover-20221013,001,1795
518.5455,518.5521,27187,40429,Eptesicus serotinus,0.005,0.021,-1,Echolocation,/mnt/ubna_data_02_mir/recover-20221013/UBNA_001/20221012_030000.WAV,Telephone Field,recover-20221013,001,1795
518.5665,518.6069,68437,82568,Rhinolophus ferrumequinum,0.023,0.023,-1,Echolocation,/mnt/ubna_data_02_mir/recover-20221013/UBNA_001/20221012_030000.WAV,Telephone Field,recover-20221013,001,1795
518.5675,518.5752,27187,41774,Eptesicus serotinus,0.007,0.02,-1,Echolocation,/mnt/ubna_data_02_mir/recover-20221013/UBNA_001/20221012_030000.WAV,Telephone Field,recover-20221013,001,1795
518.6175,518.6599,68437,82536,Rhinolophus ferrumequinum,0.022,0.022,-1,Echolocation,/mnt/ubna_data_02_mir/recover-20221013/UBNA_001/20221012_030000.WAV,Telephone Field,recover-20221013,001,1795
518.6225,518.6333,22890,27240,Nyctalus leisleri,0.011,0.02,-1,Echolocation,/mnt/ubna_data_02_mir/recover-20221013/UBNA_001/20221012_030000.WAV,Telephone Field,recover-20221013,001,1795
518.6535,518.6944,68437,82507,Rhinolophus ferrumequinum,0.022,0.022,-1,Echolocation,/mnt/ubna_data_02_mir/recover-20221013/UBNA_001/20221012_030000.WAV,Telephone Field,recover-20221013,001,1795
518.7335,518.7408,48671,52892,Pipistrellus pipistrellus,0.028,0.029,-1,Echolocation,/mnt/ubna_data_02_mir/recover-20221013/UBNA_001/20221012_030000.WAV,Telephone Field,recover-20221013,001,1795
518.7925,518.8043,28046,35060,Eptesicus serotinus,0.041,0.064,-1,Echolocation,/mnt/ubna_data_02_mir/recover-20221013/UBNA_001/20221012_030000.WAV,Telephone Field,recover-20221013,001,1795
518.8025,518.8406,68437,81644,Rhinolophus ferrumequinum,0.021,0.021,-1,Echolocation,/mnt/ubna_data_02_mir/recover-20221013/UBNA_001/20221012_030000.WAV,Telephone Field,recover-20221013,001,1795
518.8505,518.8902,68437,82449,Rhinolophus ferrumequinum,0.021,0.021,-1,Echolocation,/mnt/ubna_data_02_mir/recover-20221013/UBNA_001/20221012_030000.WAV,Telephone Field,recover-20221013,001,1795
518.8965,518.9304,68437,81305,Rhinolophus ferrumequinum,0.022,0.022,-1,Echolocation,/mnt/ubna_data_02_mir/recover-20221013/UBNA_001/20221012_030000.WAV,Telephone Field,recover-20221013,001,1795
518.9255,518.9336,28906,38261,Eptesicus serotinus,0.009,0.028,-1,Echolocation,/mnt/ubna_data_02_mir/recover-20221013/UBNA_001/20221012_030000.WAV,Telephone Field,recover-20221013,001,1795
518.9565,518.9918,68437,81159,Rhinolophus ferrumequinum,0.02,0.02,-1,Echolocation,/mnt/ubna_data_02_mir/recover-20221013/UBNA_001/20221012_030000.WAV,Telephone Field,recover-20221013,001,1795
518.9635,518.9709,28046,39709,Eptesicus serotinus,0.008,0.025,-1,Echolocation,/mnt/ubna_data_02_mir/recover-20221013/UBNA_001/20221012_030000.WAV,Telephone Field,recover-20221013,001,1795
518.9845,519.0266,68437,83152,Rhinolophus ferrumequinum,0.03,0.03,-1,Echolocation,/mnt/ubna_data_02_mir/recover-20221013/UBNA_001/20221012_030000.WAV,Telephone Field,recover-20221013,001,1795
518.9865,518.9981,23750,28814,Nyctalus leisleri,0.013,0.026,-1,Echolocation,/mnt/ubna_data_02_mir/recover-20221013/UBNA_001/20221012_030000.WAV,Telephone Field,recover-20221013,001,1795
518.9985,519.0086,28906,37186,Eptesicus serotinus,0.011,0.025,-1,Echolocation,/mnt/ubna_data_02_mir/recover-20221013/UBNA_001/20221012_030000.WAV,Telephone Field,recover-20221013,001,1795
519.0255,519.0358,28906,35488,Eptesicus serotinus,0.013,0.027,-1,Echolocation,/mnt/ubna_data_02_mir/recover-20221013/UBNA_001/20221012_030000.WAV,Telephone Field,recover-20221013,001,1795
519.0365,519.0753,68437,82938,Rhinolophus ferrumequinum,0.025,0.025,-1,Echolocation,/mnt/ubna_data_02_mir/recover-20221013/UBNA_001/20221012_030000.WAV,Telephone Field,recover-20221013,001,1795
519.0405,519.0466,49531,54236,Pipistrellus pipistrellus,0.019,0.02,-1,Echolocation,/mnt/ubna_data_02_mir/recover-20221013/UBNA_001/20221012_030000.WAV,Telephone Field,recover-20221013,001,1795
519.0845,519.1203,68437,81266,Rhinolophus ferrumequinum,0.021,0.021,-1,Echolocation,/mnt/ubna_data_02_mir/recover-20221013/UBNA_001/20221012_030000.WAV,Telephone Field,recover-20221013,001,1795
519.1075,519.1142,28046,45517,Eptesicus serotinus,0.007,0.024,-1,Echolocation,/mnt/ubna_data_02_mir/recover-20221013/UBNA_001/20221012_030000.WAV,Telephone Field,recover-20221013,001,1795
519.1715,519.1783,28046,39791,Eptesicus serotinus,0.006,0.023,-1,Echolocation,/mnt/ubna_data_02_mir/recover-20221013/UBNA_001/20221012_030000.WAV,Telephone Field,recover-20221013,001,1795
519.1805,519.219,68437,82722,Rhinolophus ferrumequinum,0.02,0.02,-1,Echolocation,/mnt/ubna_data_02_mir/recover-20221013/UBNA_001/20221012_030000.WAV,Telephone Field,recover-20221013,001,1795
519.1855,519.1958,15156,21314,Nyctalus noctula,0.009,0.02,-1,Echolocation,/mnt/ubna_data_02_mir/recover-20221013/UBNA_001/20221012_030000.WAV,Telephone Field,recover-20221013,001,1795
519.2365,519.244,23750,32795,Plecotus austriacus,0.011,0.025,-1,Echolocation,/mnt/ubna_data_02_mir/recover-20221013/UBNA_001/20221012_030000.WAV,Telephone Field,recover-20221013,001,1795
519.2575,519.2927999999999,68437,81486,Rhinolophus ferrumequinum,0.022,0.022,-1,Echolocation,/mnt/ubna_data_02_mir/recover-20221013/UBNA_001/20221012_030000.WAV,Telephone Field,recover-20221013,001,1795
519.2795,519.3162,68437,81382,Rhinolophus ferrumequinum,0.021,0.021,-1,Echolocation,/mnt/ubna_data_02_mir/recover-20221013/UBNA_001/20221012_030000.WAV,Telephone Field,recover-20221013,001,1795
519.3035,519.3424,68437,81979,Rhinolophus ferrumequinum,0.024,0.024,-1,Echolocation,/mnt/ubna_data_02_mir/recover-20221013/UBNA_001/20221012_030000.WAV,Telephone Field,recover-20221013,001,1795
519.3095,519.3477,68437,82430,Rhinolophus ferrumequinum,0.021,0.021,-1,Echolocation,/mnt/ubna_data_02_mir/recover-20221013/UBNA_001/20221012_030000.WAV,Telephone Field,recover-20221013,001,1795
519.3175,519.3254,26328,38718,Eptesicus serotinus,0.007,0.022,-1,Echolocation,/mnt/ubna_data_02_mir/recover-20221013/UBNA_001/20221012_030000.WAV,Telephone Field,recover-20221013,001,1795
519.3245,519.3348,23750,29620,Nyctalus leisleri,0.009,0.021,-1,Echolocation,/mnt/ubna_data_02_mir/recover-20221013/UBNA_001/20221012_030000.WAV,Telephone Field,recover-20221013,001,1795
519.3495,519.3584,28046,37136,Eptesicus serotinus,0.007,0.021,-1,Echolocation,/mnt/ubna_data_02_mir/recover-20221013/UBNA_001/20221012_030000.WAV,Telephone Field,recover-20221013,001,1795
519.3595,519.3698,23750,29037,Nyctalus leisleri,0.011,0.023,-1,Echolocation,/mnt/ubna_data_02_mir/recover-20221013/UBNA_001/20221012_030000.WAV,Telephone Field,recover-20221013,001,1795
519.3775,519.415,68437,81722,Rhinolophus ferrumequinum,0.021,0.021,-1,Echolocation,/mnt/ubna_data_02_mir/recover-20221013/UBNA_001/20221012_030000.WAV,Telephone Field,recover-20221013,001,1795
519.3805,519.3919,23750,28534,Nyctalus leisleri,0.011,0.021,-1,Echolocation,/mnt/ubna_data_02_mir/recover-20221013/UBNA_001/20221012_030000.WAV,Telephone Field,recover-20221013,001,1795
519.4235,519.4619,68437,81730,Rhinolophus ferrumequinum,0.021,0.021,-1,Echolocation,/mnt/ubna_data_02_mir/recover-20221013/UBNA_001/20221012_030000.WAV,Telephone Field,recover-20221013,001,1795
519.4375,519.4447,25468,35310,Plecotus auritus,0.007,0.024,-1,Echolocation,/mnt/ubna_data_02_mir/recover-20221013/UBNA_001/20221012_030000.WAV,Telephone Field,recover-20221013,001,1795
519.4505,519.4877,68437,81660,Rhinolophus ferrumequinum,0.021,0.021,-1,Echolocation,/mnt/ubna_data_02_mir/recover-20221013/UBNA_001/20221012_030000.WAV,Telephone Field,recover-20221013,001,1795
519.4665,519.5062,68437,82376,Rhinolophus ferrumequinum,0.022,0.022,-1,Echolocation,/mnt/ubna_data_02_mir/recover-20221013/UBNA_001/20221012_030000.WAV,Telephone Field,recover-20221013,001,1795
519.4885,519.4985,22890,28722,Nyctalus leisleri,0.008,0.022,-1,Echolocation,/mnt/ubna_data_02_mir/recover-20221013/UBNA_001/20221012_030000.WAV,Telephone Field,recover-20221013,001,1795
519.5115,519.5523,68437,82036,Rhinolophus ferrumequinum,0.035,0.035,-1,Echolocation,/mnt/ubna_data_02_mir/recover-20221013/UBNA_001/20221012_030000.WAV,Telephone Field,recover-20221013,001,1795
519.5145,519.5214,27187,37394,Eptesicus serotinus,0.005,0.021,-1,Echolocation,/mnt/ubna_data_02_mir/recover-20221013/UBNA_001/20221012_030000.WAV,Telephone Field,recover-20221013,001,1795
519.5795,519.6192,68437,82610,Rhinolophus ferrumequinum,0.021,0.021,-1,Echolocation,/mnt/ubna_data_02_mir/recover-20221013/UBNA_001/20221012_030000.WAV,Telephone Field,recover-20221013,001,1795
519.6245,519.6645,68437,82765,Rhinolophus ferrumequinum,0.02,0.02,-1,Echolocation,/mnt/ubna_data_02_mir/recover-20221013/UBNA_001/20221012_030000.WAV,Telephone Field,recover-20221013,001,1795
519.6525,519.6635,28906,35484,Eptesicus serotinus,0.013,0.026,-1,Echolocation,/mnt/ubna_data_02_mir/recover-20221013/UBNA_001/20221012_030000.WAV,Telephone Field,recover-20221013,001,1795
519.6555,519.6946,68437,81895,Rhinolophus ferrumequinum,0.023,0.023,-1,Echolocation,/mnt/ubna_data_02_mir/recover-20221013/UBNA_001/20221012_030000.WAV,Telephone Field,recover-20221013,001,1795
519.6935,519.7301,68437,81834,Rhinolophus ferrumequinum,0.021,0.021,-1,Echolocation,/mnt/ubna_data_02_mir/recover-20221013/UBNA_001/20221012_030000.WAV,Telephone Field,recover-20221013,001,1795
519.7645,519.8034,68437,82331,Rhinolophus ferrumequinum,0.023,0.023,-1,Echolocation,/mnt/ubna_data_02_mir/recover-20221013/UBNA_001/20221012_030000.WAV,Telephone Field,recover-20221013,001,1795
519.7715,519.7792,23750,31689,Plecotus austriacus,0.008,0.021,-1,Echolocation,/mnt/ubna_data_02_mir/recover-20221013/UBNA_001/20221012_030000.WAV,Telephone Field,recover-20221013,001,1795
519.7805,519.7892,28046,38876,Eptesicus serotinus,0.008,0.023,-1,Echolocation,/mnt/ubna_data_02_mir/recover-20221013/UBNA_001/20221012_030000.WAV,Telephone Field,recover-20221013,001,1795
519.8315,519.8626,68437,80377,Rhinolophus ferrumequinum,0.02,0.02,-1,Echolocation,/mnt/ubna_data_02_mir/recover-20221013/UBNA_001/20221012_030000.WAV,Telephone Field,recover-20221013,001,1795
519.8465,519.8853,68437,82405,Rhinolophus ferrumequinum,0.024,0.024,-1,Echolocation,/mnt/ubna_data_02_mir/recover-20221013/UBNA_001/20221012_030000.WAV,Telephone Field,recover-20221013,001,1795
519.8955,519.9357,68437,82345,Rhinolophus ferrumequinum,0.021,0.021,-1,Echolocation,/mnt/ubna_data_02_mir/recover-20221013/UBNA_001/20221012_030000.WAV,Telephone Field,recover-20221013,001,1795
519.9025,519.9365,68437,81154,Rhinolophus ferrumequinum,0.02,0.02,-1,Echolocation,/mnt/ubna_data_02_mir/recover-20221013/UBNA_001/20221012_030000.WAV,Telephone Field,recover-20221013,001,1795
519.9115,519.9244,22031,25655,Nyctalus leisleri,0.013,0.02,-1,Echolocation,/mnt/ubna_data_02_mir/recover-20221013/UBNA_001/20221012_030000.WAV,Telephone Field,recover-20221013,001,1795
519.9535,519.961,47812,51603,Pipistrellus pipistrellus,0.024,0.026,-1,Echolocation,/mnt/ubna_data_02_mir/recover-20221013/UBNA_001/20221012_030000.WAV,Telephone Field,recover-20221013,001,1795
519.9815,519.9905,23750,31300,Nyctalus leisleri,0.005,0.02,-1,Echolocation,/mnt/ubna_data_02_mir/recover-20221013/UBNA_001/20221012_030000.WAV,Telephone Field,recover-20221013,001,1795
520.0015,520.0104,26328,39690,Eptesicus serotinus,0.009,0.027,-1,Echolocation,/mnt/ubna_data_02_mir/recover-20221013/UBNA_001/20221012_030000.WAV,Telephone Field,recover-20221013,001,1795
520.0015,520.0084,48671,55973,Pipistrellus pipistrellus,0.027,0.033,-1,Echolocation,/mnt/ubna_data_02_mir/recover-20221013/UBNA_001/20221012_030000.WAV,Telephone Field,recover-20221013,001,1795
520.0015,520.0308,68437,78904,Rhinolophus ferrumequinum,0.028,0.029,-1,Echolocation,/mnt/ubna_data_02_mir/recover-20221013/UBNA_001/20221012_030000.WAV,Telephone Field,recover-20221013,001,1795
520.0125,520.0201,27187,40940,Eptesicus serotinus,0.007,0.021,-1,Echolocation,/mnt/ubna_data_02_mir/recover-20221013/UBNA_001/20221012_030000.WAV,Telephone Field,recover-20221013,001,1795
520.0415,520.0508,23750,30416,Nyctalus leisleri,0.007,0.023,-1,Echolocation,/mnt/ubna_data_02_mir/recover-20221013/UBNA_001/20221012_030000.WAV,Telephone Field,recover-20221013,001,1795
520.0605,520.069,50390,54583,Pipistrellus pipistrellus,0.021,0.024,-1,Echolocation,/mnt/ubna_data_02_mir/recover-20221013/UBNA_001/20221012_030000.WAV,Telephone Field,recover-20221013,001,1795
520.0895,520.1288,68437,82663,Rhinolophus ferrumequinum,0.022,0.022,-1,Echolocation,/mnt/ubna_data_02_mir/recover-20221013/UBNA_001/20221012_030000.WAV,Telephone Field,recover-20221013,001,1795
520.1765,520.1838,28046,38919,Eptesicus serotinus,0.009,0.029,-1,Echolocation,/mnt/ubna_data_02_mir/recover-20221013/UBNA_001/20221012_030000.WAV,Telephone Field,recover-20221013,001,1795
520.1965,520.2353,68437,82893,Rhinolophus ferrumequinum,0.029,0.029,-1,Echolocation,/mnt/ubna_data_02_mir/recover-20221013/UBNA_001/20221012_030000.WAV,Telephone Field,recover-20221013,001,1795
520.2285,520.2364,23750,32431,Plecotus austriacus,0.01,0.024,-1,Echolocation,/mnt/ubna_data_02_mir/recover-20221013/UBNA_001/20221012_030000.WAV,Telephone Field,recover-20221013,001,1795
520.2305,520.2387,31484,48133,Myotis daubentonii,0.008,0.024,-1,Echolocation,/mnt/ubna_data_02_mir/recover-20221013/UBNA_001/20221012_030000.WAV,Telephone Field,recover-20221013,001,1795
520.2385,520.2727,68437,81022,Rhinolophus ferrumequinum,0.022,0.022,-1,Echolocation,/mnt/ubna_data_02_mir/recover-20221013/UBNA_001/20221012_030000.WAV,Telephone Field,recover-20221013,001,1795
520.2685,520.3057,68437,82095,Rhinolophus ferrumequinum,0.022,0.022,-1,Echolocation,/mnt/ubna_data_02_mir/recover-20221013/UBNA_001/20221012_030000.WAV,Telephone Field,recover-20221013,001,1795
520.2735,520.313,68437,82583,Rhinolophus ferrumequinum,0.022,0.022,-1,Echolocation,/mnt/ubna_data_02_mir/recover-20221013/UBNA_001/20221012_030000.WAV,Telephone Field,recover-20221013,001,1795
520.2935,520.3027,25468,34161,Eptesicus serotinus,0.01,0.026,-1,Echolocation,/mnt/ubna_data_02_mir/recover-20221013/UBNA_001/20221012_030000.WAV,Telephone Field,recover-20221013,001,1795
520.3285,520.3672,68437,82232,Rhinolophus ferrumequinum,0.021,0.021,-1,Echolocation,/mnt/ubna_data_02_mir/recover-20221013/UBNA_001/20221012_030000.WAV,Telephone Field,recover-20221013,001,1795
520.3315,520.3384,28046,39180,Eptesicus serotinus,0.006,0.022,-1,Echolocation,/mnt/ubna_data_02_mir/recover-20221013/UBNA_001/20221012_030000.WAV,Telephone Field,recover-20221013,001,1795
520.3405,520.3546,22890,25993,Nyctalus leisleri,0.02,0.031,-1,Echolocation,/mnt/ubna_data_02_mir/recover-20221013/UBNA_001/20221012_030000.WAV,Telephone Field,recover-20221013,001,1795
520.3495,520.3566,25468,37892,Myotis nattereri,0.006,0.024,-1,Echolocation,/mnt/ubna_data_02_mir/recover-20221013/UBNA_001/20221012_030000.WAV,Telephone Field,recover-20221013,001,1795
520.3495,520.3548,33203,49064,Myotis daubentonii,0.011,0.023,-1,Echolocation,/mnt/ubna_data_02_mir/recover-20221013/UBNA_001/20221012_030000.WAV,Telephone Field,recover-20221013,001,1795
520.3645,520.4073,68437,82778,Rhinolophus ferrumequinum,0.024,0.024,-1,Echolocation,/mnt/ubna_data_02_mir/recover-20221013/UBNA_001/20221012_030000.WAV,Telephone Field,recover-20221013,001,1795
520.3705,520.4111,68437,82839,Rhinolophus ferrumequinum,0.024,0.024,-1,Echolocation,/mnt/ubna_data_02_mir/recover-20221013/UBNA_001/20221012_030000.WAV,Telephone Field,recover-20221013,001,1795
520.3855,520.3979,39218,43132,Pipistrellus nathusii,0.012,0.028,-1,Echolocation,/mnt/ubna_data_02_mir/recover-20221013/UBNA_001/20221012_030000.WAV,Telephone Field,recover-20221013,001,1795
520.4045,520.4402,68437,81879,Rhinolophus ferrumequinum,0.022,0.022,-1,Echolocation,/mnt/ubna_data_02_mir/recover-20221013/UBNA_001/20221012_030000.WAV,Telephone Field,recover-20221013,001,1795
520.4395,520.4543,40937,43953,Pipistrellus nathusii,0.03,0.049,-1,Echolocation,/mnt/ubna_data_02_mir/recover-20221013/UBNA_001/20221012_030000.WAV,Telephone Field,recover-20221013,001,1795
520.4755,520.4825,28046,42528,Eptesicus serotinus,0.006,0.025,-1,Echolocation,/mnt/ubna_data_02_mir/recover-20221013/UBNA_001/20221012_030000.WAV,Telephone Field,recover-20221013,001,1795
520.4755,520.4858,47812,53585,Pipistrellus pipistrellus,0.025,0.03,-1,Echolocation,/mnt/ubna_data_02_mir/recover-20221013/UBNA_001/20221012_030000.WAV,Telephone Field,recover-20221013,001,1795
520.4995,520.5388,68437,82171,Rhinolophus ferrumequinum,0.022,0.022,-1,Echolocation,/mnt/ubna_data_02_mir/recover-20221013/UBNA_001/20221012_030000.WAV,Telephone Field,recover-20221013,001,1795
520.5185,520.5263,27187,36478,Eptesicus serotinus,0.009,0.024,-1,Echolocation,/mnt/ubna_data_02_mir/recover-20221013/UBNA_001/20221012_030000.WAV,Telephone Field,recover-20221013,001,1795
520.5385,520.5775,68437,82064,Rhinolophus ferrumequinum,0.022,0.022,-1,Echolocation,/mnt/ubna_data_02_mir/recover-20221013/UBNA_001/20221012_030000.WAV,Telephone Field,recover-20221013,001,1795
520.5605,520.5702,47812,51998,Pipistrellus pipistrellus,0.019,0.022,-1,Echolocation,/mnt/ubna_data_02_mir/recover-20221013/UBNA_001/20221012_030000.WAV,Telephone Field,recover-20221013,001,1795
520.5665,520.5739,26328,36365,Eptesicus serotinus,0.006,0.023,-1,Echolocation,/mnt/ubna_data_02_mir/recover-20221013/UBNA_001/20221012_030000.WAV,Telephone Field,recover-20221013,001,1795
520.5855,520.6231,68437,82652,Rhinolophus ferrumequinum,0.022,0.022,-1,Echolocation,/mnt/ubna_data_02_mir/recover-20221013/UBNA_001/20221012_030000.WAV,Telephone Field,recover-20221013,001,1795
520.6135,520.6213,26328,41292,Eptesicus serotinus,0.007,0.022,-1,Echolocation,/mnt/ubna_data_02_mir/recover-20221013/UBNA_001/20221012_030000.WAV,Telephone Field,recover-20221013,001,1795
520.6175,520.6584,68437,83310,Rhinolophus ferrumequinum,0.032,0.032,-1,Echolocation,/mnt/ubna_data_02_mir/recover-20221013/UBNA_001/20221012_030000.WAV,Telephone Field,recover-20221013,001,1795
520.6215,520.6295,25468,34547,Eptesicus serotinus,0.007,0.021,-1,Echolocation,/mnt/ubna_data_02_mir/recover-20221013/UBNA_001/20221012_030000.WAV,Telephone Field,recover-20221013,001,1795
520.6955,520.7041,24609,32938,Eptesicus serotinus,0.006,0.02,-1,Echolocation,/mnt/ubna_data_02_mir/recover-20221013/UBNA_001/20221012_030000.WAV,Telephone Field,recover-20221013,001,1795
520.6985,520.7365,68437,81772,Rhinolophus ferrumequinum,0.025,0.025,-1,Echolocation,/mnt/ubna_data_02_mir/recover-20221013/UBNA_001/20221012_030000.WAV,Telephone Field,recover-20221013,001,1795
520.7135,520.7503,68437,82728,Rhinolophus ferrumequinum,0.022,0.022,-1,Echolocation,/mnt/ubna_data_02_mir/recover-20221013/UBNA_001/20221012_030000.WAV,Telephone Field,recover-20221013,001,1795
520.7635,520.774,22890,28722,Nyctalus leisleri,0.01,0.023,-1,Echolocation,/mnt/ubna_data_02_mir/recover-20221013/UBNA_001/20221012_030000.WAV,Telephone Field,recover-20221013,001,1795
520.7705,520.8053,68437,81372,Rhinolophus ferrumequinum,0.02,0.021,-1,Echolocation,/mnt/ubna_data_02_mir/recover-20221013/UBNA_001/20221012_030000.WAV,Telephone Field,recover-20221013,001,1795
520.8365,520.8725,68437,81592,Rhinolophus ferrumequinum,0.022,0.022,-1,Echolocation,/mnt/ubna_data_02_mir/recover-20221013/UBNA_001/20221012_030000.WAV,Telephone Field,recover-20221013,001,1795
520.8515,520.8622,28906,35902,Eptesicus serotinus,0.011,0.023,-1,Echolocation,/mnt/ubna_data_02_mir/recover-20221013/UBNA_001/20221012_030000.WAV,Telephone Field,recover-20221013,001,1795
520.8985,520.9368,68437,81896,Rhinolophus ferrumequinum,0.021,0.021,-1,Echolocation,/mnt/ubna_data_02_mir/recover-20221013/UBNA_001/20221012_030000.WAV,Telephone Field,recover-20221013,001,1795
520.9075,520.9165,26328,36007,Eptesicus serotinus,0.009,0.025,-1,Echolocation,/mnt/ubna_data_02_mir/recover-20221013/UBNA_001/20221012_030000.WAV,Telephone Field,recover-20221013,001,1795
520.9155,520.9274,27187,33950,Eptesicus serotinus,0.014,0.026,-1,Echolocation,/mnt/ubna_data_02_mir/recover-20221013/UBNA_001/20221012_030000.WAV,Telephone Field,recover-20221013,001,1795
520.9235,520.9605,68437,82434,Rhinolophus ferrumequinum,0.026,0.026,-1,Echolocation,/mnt/ubna_data_02_mir/recover-20221013/UBNA_001/20221012_030000.WAV,Telephone Field,recover-20221013,001,1795
520.9565,520.998,68437,82859,Rhinolophus ferrumequinum,0.03,0.03,-1,Echolocation,/mnt/ubna_data_02_mir/recover-20221013/UBNA_001/20221012_030000.WAV,Telephone Field,recover-20221013,001,1795
520.9835,521.0236,68437,82869,Rhinolophus ferrumequinum,0.024,0.024,-1,Echolocation,/mnt/ubna_data_02_mir/recover-20221013/UBNA_001/20221012_030000.WAV,Telephone Field,recover-20221013,001,1795
520.9845,520.9937,31484,39205,Barbastellus barbastellus,0.015,0.036,-1,Echolocation,/mnt/ubna_data_02_mir/recover-20221013/UBNA_001/20221012_030000.WAV,Telephone Field,recover-20221013,001,1795
520.9955,521.0319,68437,82426,Rhinolophus ferrumequinum,0.021,0.021,-1,Echolocation,/mnt/ubna_data_02_mir/recover-20221013/UBNA_001/20221012_030000.WAV,Telephone Field,recover-20221013,001,1795
521.0165,521.0555,68437,82301,Rhinolophus ferrumequinum,0.021,0.021,-1,Echolocation,/mnt/ubna_data_02_mir/recover-20221013/UBNA_001/20221012_030000.WAV,Telephone Field,recover-20221013,001,1795
521.0235,521.0317,22890,30702,Plecotus austriacus,0.011,0.024,-1,Echolocation,/mnt/ubna_data_02_mir/recover-20221013/UBNA_001/20221012_030000.WAV,Telephone Field,recover-20221013,001,1795
521.0395,521.0531,14296,19242,Nyctalus noctula,0.022,0.034,-1,Echolocation,/mnt/ubna_data_02_mir/recover-20221013/UBNA_001/20221012_030000.WAV,Telephone Field,recover-20221013,001,1795
521.0535,521.0899,68437,82289,Rhinolophus ferrumequinum,0.022,0.022,-1,Echolocation,/mnt/ubna_data_02_mir/recover-20221013/UBNA_001/20221012_030000.WAV,Telephone Field,recover-20221013,001,1795
521.0705,521.1083,68437,81621,Rhinolophus ferrumequinum,0.021,0.021,-1,Echolocation,/mnt/ubna_data_02_mir/recover-20221013/UBNA_001/20221012_030000.WAV,Telephone Field,recover-20221013,001,1795
521.0855,521.1236,68437,82279,Rhinolophus ferrumequinum,0.022,0.022,-1,Echolocation,/mnt/ubna_data_02_mir/recover-20221013/UBNA_001/20221012_030000.WAV,Telephone Field,recover-20221013,001,1795
521.1035,521.1111,23750,31815,Plecotus austriacus,0.008,0.021,-1,Echolocation,/mnt/ubna_data_02_mir/recover-20221013/UBNA_001/20221012_030000.WAV,Telephone Field,recover-20221013,001,1795
521.1045,521.1439,68437,82603,Rhinolophus ferrumequinum,0.023,0.023,-1,Echolocation,/mnt/ubna_data_02_mir/recover-20221013/UBNA_001/20221012_030000.WAV,Telephone Field,recover-20221013,001,1795
521.1255,521.1668,68437,82732,Rhinolophus ferrumequinum,0.026,0.026,-1,Echolocation,/mnt/ubna_data_02_mir/recover-20221013/UBNA_001/20221012_030000.WAV,Telephone Field,recover-20221013,001,1795
521.1435,521.1508,27187,43388,Eptesicus serotinus,0.007,0.027,-1,Echolocation,/mnt/ubna_data_02_mir/recover-20221013/UBNA_001/20221012_030000.WAV,Telephone Field,recover-20221013,001,1795
521.1705,521.2091,68437,81982,Rhinolophus ferrumequinum,0.021,0.021,-1,Echolocation,/mnt/ubna_data_02_mir/recover-20221013/UBNA_001/20221012_030000.WAV,Telephone Field,recover-20221013,001,1795
521.1705,521.1782,23750,32097,Plecotus austriacus,0.01,0.025,-1,Echolocation,/mnt/ubna_data_02_mir/recover-20221013/UBNA_001/20221012_030000.WAV,Telephone Field,recover-20221013,001,1795
521.2315,521.2694,68437,81912,Rhinolophus ferrumequinum,0.02,0.02,-1,Echolocation,/mnt/ubna_data_02_mir/recover-20221013/UBNA_001/20221012_030000.WAV,Telephone Field,recover-20221013,001,1795
521.2315,521.2414,24609,32412,Nyctalus leisleri,0.011,0.033,-1,Echolocation,/mnt/ubna_data_02_mir/recover-20221013/UBNA_001/20221012_030000.WAV,Telephone Field,recover-20221013,001,1795
521.2625,521.2744,28046,34134,Eptesicus serotinus,0.017,0.031,-1,Echolocation,/mnt/ubna_data_02_mir/recover-20221013/UBNA_001/20221012_030000.WAV,Telephone Field,recover-20221013,001,1795
521.3035,521.3464,68437,83175,Rhinolophus ferrumequinum,0.028,0.028,-1,Echolocation,/mnt/ubna_data_02_mir/recover-20221013/UBNA_001/20221012_030000.WAV,Telephone Field,recover-20221013,001,1795
521.3155,521.3272,30625,37205,Eptesicus serotinus,0.032,0.056,-1,Echolocation,/mnt/ubna_data_02_mir/recover-20221013/UBNA_001/20221012_030000.WAV,Telephone Field,recover-20221013,001,1795
521.3275,521.3379,24609,31079,Nyctalus leisleri,0.008,0.022,-1,Echolocation,/mnt/ubna_data_02_mir/recover-20221013/UBNA_001/20221012_030000.WAV,Telephone Field,recover-20221013,001,1795
521.3485,521.3868,68437,81767,Rhinolophus ferrumequinum,0.021,0.021,-1,Echolocation,/mnt/ubna_data_02_mir/recover-20221013/UBNA_001/20221012_030000.WAV,Telephone Field,recover-20221013,001,1795
521.3985,521.4061,28046,38966,Eptesicus serotinus,0.007,0.023,-1,Echolocation,/mnt/ubna_data_02_mir/recover-20221013/UBNA_001/20221012_030000.WAV,Telephone Field,recover-20221013,001,1795
521.4005,521.4126,22031,26386,Nyctalus leisleri,0.011,0.021,-1,Echolocation,/mnt/ubna_data_02_mir/recover-20221013/UBNA_001/20221012_030000.WAV,Telephone Field,recover-20221013,001,1795
521.4085,521.4464,68437,81960,Rhinolophus ferrumequinum,0.021,0.021,-1,Echolocation,/mnt/ubna_data_02_mir/recover-20221013/UBNA_001/20221012_030000.WAV,Telephone Field,recover-20221013,001,1795
521.4335,521.473,68437,82311,Rhinolophus ferrumequinum,0.024,0.024,-1,Echolocation,/mnt/ubna_data_02_mir/recover-20221013/UBNA_001/20221012_030000.WAV,Telephone Field,recover-20221013,001,1795
521.4395,521.449,28046,36900,Eptesicus serotinus,0.01,0.023,-1,Echolocation,/mnt/ubna_data_02_mir/recover-20221013/UBNA_001/20221012_030000.WAV,Telephone Field,recover-20221013,001,1795
521.4635,521.4727,28906,36891,Eptesicus serotinus,0.011,0.024,-1,Echolocation,/mnt/ubna_data_02_mir/recover-20221013/UBNA_001/20221012_030000.WAV,Telephone Field,recover-20221013,001,1795
521.4655,521.5031,68437,81856,Rhinolophus ferrumequinum,0.026,0.026,-1,Echolocation,/mnt/ubna_data_02_mir/recover-20221013/UBNA_001/20221012_030000.WAV,Telephone Field,recover-20221013,001,1795
521.4785,521.4875,28906,37892,Eptesicus serotinus,0.007,0.022,-1,Echolocation,/mnt/ubna_data_02_mir/recover-20221013/UBNA_001/20221012_030000.WAV,Telephone Field,recover-20221013,001,1795
521.4855,521.525,68437,82472,Rhinolophus ferrumequinum,0.023,0.023,-1,Echolocation,/mnt/ubna_data_02_mir/recover-20221013/UBNA_001/20221012_030000.WAV,Telephone Field,recover-20221013,001,1795
521.5025,521.5118,25468,33955,Eptesicus serotinus,0.009,0.022,-1,Echolocation,/mnt/ubna_data_02_mir/recover-20221013/UBNA_001/20221012_030000.WAV,Telephone Field,recover-20221013,001,1795
521.5075,521.5468,68437,82347,Rhinolophus ferrumequinum,0.022,0.022,-1,Echolocation,/mnt/ubna_data_02_mir/recover-20221013/UBNA_001/20221012_030000.WAV,Telephone Field,recover-20221013,001,1795
521.5115,521.5198,26328,35152,Eptesicus serotinus,0.009,0.023,-1,Echolocation,/mnt/ubna_data_02_mir/recover-20221013/UBNA_001/20221012_030000.WAV,Telephone Field,recover-20221013,001,1795
521.5395,521.5464,26328,36012,Eptesicus serotinus,0.007,0.025,-1,Echolocation,/mnt/ubna_data_02_mir/recover-20221013/UBNA_001/20221012_030000.WAV,Telephone Field,recover-20221013,001,1795
521.5585,521.5989,68437,83215,Rhinolophus ferrumequinum,0.031,0.031,-1,Echolocation,/mnt/ubna_data_02_mir/recover-20221013/UBNA_001/20221012_030000.WAV,Telephone Field,recover-20221013,001,1795
521.6015,521.6385,68437,81147,Rhinolophus ferrumequinum,0.022,0.022,-1,Echolocation,/mnt/ubna_data_02_mir/recover-20221013/UBNA_001/20221012_030000.WAV,Telephone Field,recover-20221013,001,1795
521.6095,521.6476,68437,83204,Rhinolophus ferrumequinum,0.025,0.025,-1,Echolocation,/mnt/ubna_data_02_mir/recover-20221013/UBNA_001/20221012_030000.WAV,Telephone Field,recover-20221013,001,1795
521.6275,521.6386,22890,27415,Nyctalus leisleri,0.013,0.023,-1,Echolocation,/mnt/ubna_data_02_mir/recover-20221013/UBNA_001/20221012_030000.WAV,Telephone Field,recover-20221013,001,1795
521.6575,521.695,68437,81524,Rhinolophus ferrumequinum,0.024,0.024,-1,Echolocation,/mnt/ubna_data_02_mir/recover-20221013/UBNA_001/20221012_030000.WAV,Telephone Field,recover-20221013,001,1795
521.6605,521.6709,23750,30143,Nyctalus leisleri,0.008,0.022,-1,Echolocation,/mnt/ubna_data_02_mir/recover-20221013/UBNA_001/20221012_030000.WAV,Telephone Field,recover-20221013,001,1795
521.7085,521.7437,68437,81016,Rhinolophus ferrumequinum,0.021,0.021,-1,Echolocation,/mnt/ubna_data_02_mir/recover-20221013/UBNA_001/20221012_030000.WAV,Telephone Field,recover-20221013,001,1795
521.7505,521.7868,68437,82257,Rhinolophus ferrumequinum,0.023,0.023,-1,Echolocation,/mnt/ubna_data_02_mir/recover-20221013/UBNA_001/20221012_030000.WAV,Telephone Field,recover-20221013,001,1795
521.7545,521.7663,23750,30140,Nyctalus leisleri,0.012,0.028,-1,Echolocation,/mnt/ubna_data_02_mir/recover-20221013/UBNA_001/20221012_030000.WAV,Telephone Field,recover-20221013,001,1795
521.8135,521.853,68437,82713,Rhinolophus ferrumequinum,0.021,0.021,-1,Echolocation,/mnt/ubna_data_02_mir/recover-20221013/UBNA_001/20221012_030000.WAV,Telephone Field,recover-20221013,001,1795
521.8135,521.8209,28906,38791,Eptesicus serotinus,0.008,0.029,-1,Echolocation,/mnt/ubna_data_02_mir/recover-20221013/UBNA_001/20221012_030000.WAV,Telephone Field,recover-20221013,001,1795
521.8205,521.8571,68437,81991,Rhinolophus ferrumequinum,0.021,0.022,-1,Echolocation,/mnt/ubna_data_02_mir/recover-20221013/UBNA_001/20221012_030000.WAV,Telephone Field,recover-20221013,001,1795
521.8305,521.8395,46953,53734,Pipistrellus pipistrellus,0.024,0.026,-1,Echolocation,/mnt/ubna_data_02_mir/recover-20221013/UBNA_001/20221012_030000.WAV,Telephone Field,recover-20221013,001,1795
521.8375,521.8455,27187,39160,Eptesicus serotinus,0.007,0.021,-1,Echolocation,/mnt/ubna_data_02_mir/recover-20221013/UBNA_001/20221012_030000.WAV,Telephone Field,recover-20221013,001,1795
521.9035,521.9088,38359,57909,Myotis brandtii,0.007,0.023,-1,Echolocation,/mnt/ubna_data_02_mir/recover-20221013/UBNA_001/20221012_030000.WAV,Telephone Field,recover-20221013,001,1795
521.9205,521.9563,68437,80858,Rhinolophus ferrumequinum,0.021,0.022,-1,Echolocation,/mnt/ubna_data_02_mir/recover-20221013/UBNA_001/20221012_030000.WAV,Telephone Field,recover-20221013,001,1795
521.9415,521.9527,26328,33131,Eptesicus serotinus,0.011,0.027,-1,Echolocation,/mnt/ubna_data_02_mir/recover-20221013/UBNA_001/20221012_030000.WAV,Telephone Field,recover-20221013,001,1795
521.9635,521.9705,27187,40648,Eptesicus serotinus,0.007,0.025,-1,Echolocation,/mnt/ubna_data_02_mir/recover-20221013/UBNA_001/20221012_030000.WAV,Telephone Field,recover-20221013,001,1795
521.9815,521.9891,25468,34887,Eptesicus serotinus,0.007,0.024,-1,Echolocation,/mnt/ubna_data_02_mir/recover-20221013/UBNA_001/20221012_030000.WAV,Telephone Field,recover-20221013,001,1795
522.0015,522.0092,35781,44173,Myotis daubentonii,0.006,0.021,-1,Echolocation,/mnt/ubna_data_02_mir/recover-20221013/UBNA_001/20221012_030000.WAV,Telephone Field,recover-20221013,001,1795
522.0015,522.0136,20312,25494,Nyctalus leisleri,0.01,0.025,-1,Echolocation,/mnt/ubna_data_02_mir/recover-20221013/UBNA_001/20221012_030000.WAV,Telephone Field,recover-20221013,001,1795
522.0015,522.0341,68437,80233,Rhinolophus ferrumequinum,0.029,0.029,-1,Echolocation,/mnt/ubna_data_02_mir/recover-20221013/UBNA_001/20221012_030000.WAV,Telephone Field,recover-20221013,001,1795
522.0015,522.0105,26328,36137,Nyctalus leisleri,0.008,0.027,-1,Echolocation,/mnt/ubna_data_02_mir/recover-20221013/UBNA_001/20221012_030000.WAV,Telephone Field,recover-20221013,001,1795
522.0085,522.0513,68437,82197,Rhinolophus ferrumequinum,0.024,0.024,-1,Echolocation,/mnt/ubna_data_02_mir/recover-20221013/UBNA_001/20221012_030000.WAV,Telephone Field,recover-20221013,001,1795
522.0305,522.0676,68437,82374,Rhinolophus ferrumequinum,0.022,0.022,-1,Echolocation,/mnt/ubna_data_02_mir/recover-20221013/UBNA_001/20221012_030000.WAV,Telephone Field,recover-20221013,001,1795
522.0415,522.0807,68437,82257,Rhinolophus ferrumequinum,0.022,0.022,-1,Echolocation,/mnt/ubna_data_02_mir/recover-20221013/UBNA_001/20221012_030000.WAV,Telephone Field,recover-20221013,001,1795
522.0445,522.0528,26328,35433,Eptesicus serotinus,0.012,0.03,-1,Echolocation,/mnt/ubna_data_02_mir/recover-20221013/UBNA_001/20221012_030000.WAV,Telephone Field,recover-20221013,001,1795
522.0555,522.0951,68437,82969,Rhinolophus ferrumequinum,0.023,0.023,-1,Echolocation,/mnt/ubna_data_02_mir/recover-20221013/UBNA_001/20221012_030000.WAV,Telephone Field,recover-20221013,001,1795
522.0775,522.1168,68437,82020,Rhinolophus ferrumequinum,0.021,0.021,-1,Echolocation,/mnt/ubna_data_02_mir/recover-20221013/UBNA_001/20221012_030000.WAV,Telephone Field,recover-20221013,001,1795
522.0905,522.1286,68437,82394,Rhinolophus ferrumequinum,0.021,0.021,-1,Echolocation,/mnt/ubna_data_02_mir/recover-20221013/UBNA_001/20221012_030000.WAV,Telephone Field,recover-20221013,001,1795
522.1015,522.1429,68437,82501,Rhinolophus ferrumequinum,0.026,0.026,-1,Echolocation,/mnt/ubna_data_02_mir/recover-20221013/UBNA_001/20221012_030000.WAV,Telephone Field,recover-20221013,001,1795
522.1465,522.1567,22031,26958,Nyctalus leisleri,0.01,0.022,-1,Echolocation,/mnt/ubna_data_02_mir/recover-20221013/UBNA_001/20221012_030000.WAV,Telephone Field,recover-20221013,001,1795
522.1465,522.1855,68437,82433,Rhinolophus ferrumequinum,0.021,0.021,-1,Echolocation,/mnt/ubna_data_02_mir/recover-20221013/UBNA_001/20221012_030000.WAV,Telephone Field,recover-20221013,001,1795
522.1765,522.2133,68437,81983,Rhinolophus ferrumequinum,0.023,0.023,-1,Echolocation,/mnt/ubna_data_02_mir/recover-20221013/UBNA_001/20221012_030000.WAV,Telephone Field,recover-20221013,001,1795
522.2045,522.2441,68437,82462,Rhinolophus ferrumequinum,0.023,0.023,-1,Echolocation,/mnt/ubna_data_02_mir/recover-20221013/UBNA_001/20221012_030000.WAV,Telephone Field,recover-20221013,001,1795
522.2075,522.2149,24609,36134,Plecotus austriacus,0.011,0.029,-1,Echolocation,/mnt/ubna_data_02_mir/recover-20221013/UBNA_001/20221012_030000.WAV,Telephone Field,recover-20221013,001,1795
522.2555,522.2977,68437,82742,Rhinolophus ferrumequinum,0.025,0.025,-1,Echolocation,/mnt/ubna_data_02_mir/recover-20221013/UBNA_001/20221012_030000.WAV,Telephone Field,recover-20221013,001,1795
522.2835,522.3235,68437,82300,Rhinolophus ferrumequinum,0.022,0.022,-1,Echolocation,/mnt/ubna_data_02_mir/recover-20221013/UBNA_001/20221012_030000.WAV,Telephone Field,recover-20221013,001,1795
522.3055,522.3193,57265,62443,Pipistrellus pygmaeus,0.023,0.023,-1,Echolocation,/mnt/ubna_data_02_mir/recover-20221013/UBNA_001/20221012_030000.WAV,Telephone Field,recover-20221013,001,1795
522.3175,522.3585,68437,83069,Rhinolophus ferrumequinum,0.025,0.025,-1,Echolocation,/mnt/ubna_data_02_mir/recover-20221013/UBNA_001/20221012_030000.WAV,Telephone Field,recover-20221013,001,1795
522.3635,522.3732,28906,39183,Eptesicus serotinus,0.01,0.023,-1,Echolocation,/mnt/ubna_data_02_mir/recover-20221013/UBNA_001/20221012_030000.WAV,Telephone Field,recover-20221013,001,1795
522.3755,522.4098,68437,80644,Rhinolophus ferrumequinum,0.026,0.026,-1,Echolocation,/mnt/ubna_data_02_mir/recover-20221013/UBNA_001/20221012_030000.WAV,Telephone Field,recover-20221013,001,1795
522.3785,522.3842,25468,38280,Myotis nattereri,0.009,0.03,-1,Echolocation,/mnt/ubna_data_02_mir/recover-20221013/UBNA_001/20221012_030000.WAV,Telephone Field,recover-20221013,001,1795
522.3875,522.4253,68437,81589,Rhinolophus ferrumequinum,0.022,0.022,-1,Echolocation,/mnt/ubna_data_02_mir/recover-20221013/UBNA_001/20221012_030000.WAV,Telephone Field,recover-20221013,001,1795
522.4335,522.4732,68437,82303,Rhinolophus ferrumequinum,0.021,0.021,-1,Echolocation,/mnt/ubna_data_02_mir/recover-20221013/UBNA_001/20221012_030000.WAV,Telephone Field,recover-20221013,001,1795
522.4515,522.4886,68437,82067,Rhinolophus ferrumequinum,0.021,0.021,-1,Echolocation,/mnt/ubna_data_02_mir/recover-20221013/UBNA_001/20221012_030000.WAV,Telephone Field,recover-20221013,001,1795
522.4515,522.4612,28046,36598,Eptesicus serotinus,0.01,0.024,-1,Echolocation,/mnt/ubna_data_02_mir/recover-20221013/UBNA_001/20221012_030000.WAV,Telephone Field,recover-20221013,001,1795
522.4925,522.5315,68437,82708,Rhinolophus ferrumequinum,0.021,0.021,-1,Echolocation,/mnt/ubna_data_02_mir/recover-20221013/UBNA_001/20221012_030000.WAV,Telephone Field,recover-20221013,001,1795
522.5005,522.5376,68437,82382,Rhinolophus ferrumequinum,0.022,0.022,-1,Echolocation,/mnt/ubna_data_02_mir/recover-20221013/UBNA_001/20221012_030000.WAV,Telephone Field,recover-20221013,001,1795
522.5065,522.544,68437,81772,Rhinolophus ferrumequinum,0.02,0.021,-1,Echolocation,/mnt/ubna_data_02_mir/recover-20221013/UBNA_001/20221012_030000.WAV,Telephone Field,recover-20221013,001,1795
522.5455,522.5551,27187,34800,Eptesicus serotinus,0.012,0.028,-1,Echolocation,/mnt/ubna_data_02_mir/recover-20221013/UBNA_001/20221012_030000.WAV,Telephone Field,recover-20221013,001,1795
522.5615,522.5975,68437,81764,Rhinolophus ferrumequinum,0.02,0.021,-1,Echolocation,/mnt/ubna_data_02_mir/recover-20221013/UBNA_001/20221012_030000.WAV,Telephone Field,recover-20221013,001,1795
522.5755,522.5831,28046,41724,Eptesicus serotinus,0.006,0.023,-1,Echolocation,/mnt/ubna_data_02_mir/recover-20221013/UBNA_001/20221012_030000.WAV,Telephone Field,recover-20221013,001,1795
522.6175,522.6576,68437,82510,Rhinolophus ferrumequinum,0.022,0.022,-1,Echolocation,/mnt/ubna_data_02_mir/recover-20221013/UBNA_001/20221012_030000.WAV,Telephone Field,recover-20221013,001,1795
522.6595,522.6663,26328,36762,Plecotus auritus,0.009,0.034,-1,Echolocation,/mnt/ubna_data_02_mir/recover-20221013/UBNA_001/20221012_030000.WAV,Telephone Field,recover-20221013,001,1795
522.6805,522.7173,68437,81683,Rhinolophus ferrumequinum,0.024,0.024,-1,Echolocation,/mnt/ubna_data_02_mir/recover-20221013/UBNA_001/20221012_030000.WAV,Telephone Field,recover-20221013,001,1795
522.7045,522.7204,22890,26405,Nyctalus leisleri,0.02,0.031,-1,Echolocation,/mnt/ubna_data_02_mir/recover-20221013/UBNA_001/20221012_030000.WAV,Telephone Field,recover-20221013,001,1795
522.7165,522.7539,68437,82035,Rhinolophus ferrumequinum,0.02,0.02,-1,Echolocation,/mnt/ubna_data_02_mir/recover-20221013/UBNA_001/20221012_030000.WAV,Telephone Field,recover-20221013,001,1795
522.7245,522.7369,28046,33886,Eptesicus serotinus,0.018,0.041,-1,Echolocation,/mnt/ubna_data_02_mir/recover-20221013/UBNA_001/20221012_030000.WAV,Telephone Field,recover-20221013,001,1795
522.7525,522.7941,68437,82320,Rhinolophus ferrumequinum,0.029,0.029,-1,Echolocation,/mnt/ubna_data_02_mir/recover-20221013/UBNA_001/20221012_030000.WAV,Telephone Field,recover-20221013,001,1795
522.7545,522.7682,22890,26450,Nyctalus leisleri,0.015,0.024,-1,Echolocation,/mnt/ubna_data_02_mir/recover-20221013/UBNA_001/20221012_030000.WAV,Telephone Field,recover-20221013,001,1795
522.7605,522.8034,68437,82952,Rhinolophus ferrumequinum,0.029,0.029,-1,Echolocation,/mnt/ubna_data_02_mir/recover-20221013/UBNA_001/20221012_030000.WAV,Telephone Field,recover-20221013,001,1795
522.7925,522.8117,19453,22070,Nyctalus noctula,0.012,0.026,-1,Echolocation,/mnt/ubna_data_02_mir/recover-20221013/UBNA_001/20221012_030000.WAV,Telephone Field,recover-20221013,001,1795
522.8095,522.819,28046,38904,Eptesicus serotinus,0.008,0.026,-1,Echolocation,/mnt/ubna_data_02_mir/recover-20221013/UBNA_001/20221012_030000.WAV,Telephone Field,recover-20221013,001,1795
522.8175,522.8533,68437,81102,Rhinolophus ferrumequinum,0.023,0.023,-1,Echolocation,/mnt/ubna_data_02_mir/recover-20221013/UBNA_001/20221012_030000.WAV,Telephone Field,recover-20221013,001,1795
522.8345,522.8751,68437,82577,Rhinolophus ferrumequinum,0.026,0.026,-1,Echolocation,/mnt/ubna_data_02_mir/recover-20221013/UBNA_001/20221012_030000.WAV,Telephone Field,recover-20221013,001,1795
522.8725,522.8853,43515,46603,Pipistrellus pipistrellus,0.029,0.033,-1,Echolocation,/mnt/ubna_data_02_mir/recover-20221013/UBNA_001/20221012_030000.WAV,Telephone Field,recover-20221013,001,1795
522.8775,522.9152,68437,82129,Rhinolophus ferrumequinum,0.024,0.024,-1,Echolocation,/mnt/ubna_data_02_mir/recover-20221013/UBNA_001/20221012_030000.WAV,Telephone Field,recover-20221013,001,1795
522.8985,522.9372,68437,82433,Rhinolophus ferrumequinum,0.024,0.024,-1,Echolocation,/mnt/ubna_data_02_mir/recover-20221013/UBNA_001/20221012_030000.WAV,Telephone Field,recover-20221013,001,1795
522.9155,522.929,22031,25389,Nyctalus leisleri,0.013,0.021,-1,Echolocation,/mnt/ubna_data_02_mir/recover-20221013/UBNA_001/20221012_030000.WAV,Telephone Field,recover-20221013,001,1795
522.9265,522.9644,68437,82251,Rhinolophus ferrumequinum,0.025,0.025,-1,Echolocation,/mnt/ubna_data_02_mir/recover-20221013/UBNA_001/20221012_030000.WAV,Telephone Field,recover-20221013,001,1795
522.9355,522.9461,28906,35291,Eptesicus serotinus,0.012,0.025,-1,Echolocation,/mnt/ubna_data_02_mir/recover-20221013/UBNA_001/20221012_030000.WAV,Telephone Field,recover-20221013,001,1795
522.9545,522.9887,68437,80433,Rhinolophus ferrumequinum,0.021,0.021,-1,Echolocation,/mnt/ubna_data_02_mir/recover-20221013/UBNA_001/20221012_030000.WAV,Telephone Field,recover-20221013,001,1795
522.9885,523.0262,68437,82306,Rhinolophus ferrumequinum,0.022,0.022,-1,Echolocation,/mnt/ubna_data_02_mir/recover-20221013/UBNA_001/20221012_030000.WAV,Telephone Field,recover-20221013,001,1795
523.0455,523.0816,68437,82013,Rhinolophus ferrumequinum,0.021,0.021,-1,Echolocation,/mnt/ubna_data_02_mir/recover-20221013/UBNA_001/20221012_030000.WAV,Telephone Field,recover-20221013,001,1795
523.0495,523.0599,22890,28386,Nyctalus leisleri,0.009,0.022,-1,Echolocation,/mnt/ubna_data_02_mir/recover-20221013/UBNA_001/20221012_030000.WAV,Telephone Field,recover-20221013,001,1795
523.0575,523.0945,68437,81598,Rhinolophus ferrumequinum,0.022,0.022,-1,Echolocation,/mnt/ubna_data_02_mir/recover-20221013/UBNA_001/20221012_030000.WAV,Telephone Field,recover-20221013,001,1795
523.0635,523.1004,68437,81731,Rhinolophus ferrumequinum,0.021,0.021,-1,Echolocation,/mnt/ubna_data_02_mir/recover-20221013/UBNA_001/20221012_030000.WAV,Telephone Field,recover-20221013,001,1795
523.1385,523.1791,68437,82454,Rhinolophus ferrumequinum,0.023,0.024,-1,Echolocation,/mnt/ubna_data_02_mir/recover-20221013/UBNA_001/20221012_030000.WAV,Telephone Field,recover-20221013,001,1795
523.1635,523.2007,68437,80882,Rhinolophus ferrumequinum,0.021,0.021,-1,Echolocation,/mnt/ubna_data_02_mir/recover-20221013/UBNA_001/20221012_030000.WAV,Telephone Field,recover-20221013,001,1795
523.1695,523.1784,22890,29446,Plecotus austriacus,0.009,0.023,-1,Echolocation,/mnt/ubna_data_02_mir/recover-20221013/UBNA_001/20221012_030000.WAV,Telephone Field,recover-20221013,001,1795
523.1805,523.218,68437,82398,Rhinolophus ferrumequinum,0.029,0.029,-1,Echolocation,/mnt/ubna_data_02_mir/recover-20221013/UBNA_001/20221012_030000.WAV,Telephone Field,recover-20221013,001,1795
523.2035,523.2423,68437,81587,Rhinolophus ferrumequinum,0.022,0.022,-1,Echolocation,/mnt/ubna_data_02_mir/recover-20221013/UBNA_001/20221012_030000.WAV,Telephone Field,recover-20221013,001,1795
523.2205,523.2297,22890,30182,Plecotus austriacus,0.007,0.025,-1,Echolocation,/mnt/ubna_data_02_mir/recover-20221013/UBNA_001/20221012_030000.WAV,Telephone Field,recover-20221013,001,1795
523.2335,523.2736,68437,82191,Rhinolophus ferrumequinum,0.021,0.021,-1,Echolocation,/mnt/ubna_data_02_mir/recover-20221013/UBNA_001/20221012_030000.WAV,Telephone Field,recover-20221013,001,1795
523.2395,523.2802,68437,82845,Rhinolophus ferrumequinum,0.023,0.023,-1,Echolocation,/mnt/ubna_data_02_mir/recover-20221013/UBNA_001/20221012_030000.WAV,Telephone Field,recover-20221013,001,1795
523.2515,523.2603,23750,30590,Plecotus austriacus,0.008,0.021,-1,Echolocation,/mnt/ubna_data_02_mir/recover-20221013/UBNA_001/20221012_030000.WAV,Telephone Field,recover-20221013,001,1795
523.2575,523.2942,68437,81707,Rhinolophus ferrumequinum,0.021,0.021,-1,Echolocation,/mnt/ubna_data_02_mir/recover-20221013/UBNA_001/20221012_030000.WAV,Telephone Field,recover-20221013,001,1795
523.2595,523.2679,26328,35123,Eptesicus serotinus,0.007,0.022,-1,Echolocation,/mnt/ubna_data_02_mir/recover-20221013/UBNA_001/20221012_030000.WAV,Telephone Field,recover-20221013,001,1795
523.2775,523.2836,25468,40698,Myotis nattereri,0.008,0.028,-1,Echolocation,/mnt/ubna_data_02_mir/recover-20221013/UBNA_001/20221012_030000.WAV,Telephone Field,recover-20221013,001,1795
523.2895,523.3294,68437,82638,Rhinolophus ferrumequinum,0.026,0.026,-1,Echolocation,/mnt/ubna_data_02_mir/recover-20221013/UBNA_001/20221012_030000.WAV,Telephone Field,recover-20221013,001,1795
523.3145,523.354,68437,82619,Rhinolophus ferrumequinum,0.023,0.023,-1,Echolocation,/mnt/ubna_data_02_mir/recover-20221013/UBNA_001/20221012_030000.WAV,Telephone Field,recover-20221013,001,1795
523.3355,523.3436,26328,38158,Eptesicus serotinus,0.007,0.021,-1,Echolocation,/mnt/ubna_data_02_mir/recover-20221013/UBNA_001/20221012_030000.WAV,Telephone Field,recover-20221013,001,1795
523.3465,523.3587,22890,27101,Nyctalus leisleri,0.014,0.025,-1,Echolocation,/mnt/ubna_data_02_mir/recover-20221013/UBNA_001/20221012_030000.WAV,Telephone Field,recover-20221013,001,1795
523.3805,523.3884,25468,37263,Eptesicus serotinus,0.005,0.022,-1,Echolocation,/mnt/ubna_data_02_mir/recover-20221013/UBNA_001/20221012_030000.WAV,Telephone Field,recover-20221013,001,1795
523.3995,523.4161,22031,25236,Nyctalus leisleri,0.016,0.025,-1,Echolocation,/mnt/ubna_data_02_mir/recover-20221013/UBNA_001/20221012_030000.WAV,Telephone Field,recover-20221013,001,1795
523.4435,523.4539,24609,30899,Nyctalus leisleri,0.009,0.023,-1,Echolocation,/mnt/ubna_data_02_mir/recover-20221013/UBNA_001/20221012_030000.WAV,Telephone Field,recover-20221013,001,1795
523.5205,523.5581999999999,68437,82321,Rhinolophus ferrumequinum,0.022,0.022,-1,Echolocation,/mnt/ubna_data_02_mir/recover-20221013/UBNA_001/20221012_030000.WAV,Telephone Field,recover-20221013,001,1795
523.5275,523.5347,27187,39353,Eptesicus serotinus,0.005,0.021,-1,Echolocation,/mnt/ubna_data_02_mir/recover-20221013/UBNA_001/20221012_030000.WAV,Telephone Field,recover-20221013,001,1795
523.5375,523.5727,68437,81964,Rhinolophus ferrumequinum,0.021,0.022,-1,Echolocation,/mnt/ubna_data_02_mir/recover-20221013/UBNA_001/20221012_030000.WAV,Telephone Field,recover-20221013,001,1795
523.5515,523.5585,24609,34128,Plecotus austriacus,0.008,0.021,-1,Echolocation,/mnt/ubna_data_02_mir/recover-20221013/UBNA_001/20221012_030000.WAV,Telephone Field,recover-20221013,001,1795
523.5765,523.587,22890,27958,Nyctalus leisleri,0.011,0.023,-1,Echolocation,/mnt/ubna_data_02_mir/recover-20221013/UBNA_001/20221012_030000.WAV,Telephone Field,recover-20221013,001,1795
523.5905,523.6307,68437,82113,Rhinolophus ferrumequinum,0.021,0.021,-1,Echolocation,/mnt/ubna_data_02_mir/recover-20221013/UBNA_001/20221012_030000.WAV,Telephone Field,recover-20221013,001,1795
523.5945,523.6023,23750,36259,Plecotus austriacus,0.008,0.023,-1,Echolocation,/mnt/ubna_data_02_mir/recover-20221013/UBNA_001/20221012_030000.WAV,Telephone Field,recover-20221013,001,1795
523.5965,523.6352,68437,82631,Rhinolophus ferrumequinum,0.022,0.022,-1,Echolocation,/mnt/ubna_data_02_mir/recover-20221013/UBNA_001/20221012_030000.WAV,Telephone Field,recover-20221013,001,1795
523.6145,523.634,20312,23412,Nyctalus leisleri,0.012,0.023,-1,Echolocation,/mnt/ubna_data_02_mir/recover-20221013/UBNA_001/20221012_030000.WAV,Telephone Field,recover-20221013,001,1795
523.6375,523.6803,68437,82971,Rhinolophus ferrumequinum,0.033,0.033,-1,Echolocation,/mnt/ubna_data_02_mir/recover-20221013/UBNA_001/20221012_030000.WAV,Telephone Field,recover-20221013,001,1795
523.6695,523.7082,68437,81848,Rhinolophus ferrumequinum,0.024,0.024,-1,Echolocation,/mnt/ubna_data_02_mir/recover-20221013/UBNA_001/20221012_030000.WAV,Telephone Field,recover-20221013,001,1795
523.6835,523.7257,68437,82741,Rhinolophus ferrumequinum,0.023,0.023,-1,Echolocation,/mnt/ubna_data_02_mir/recover-20221013/UBNA_001/20221012_030000.WAV,Telephone Field,recover-20221013,001,1795
523.6925,523.6998,28906,41881,Eptesicus serotinus,0.007,0.022,-1,Echolocation,/mnt/ubna_data_02_mir/recover-20221013/UBNA_001/20221012_030000.WAV,Telephone Field,recover-20221013,001,1795
523.7125,523.7511,68437,82406,Rhinolophus ferrumequinum,0.023,0.023,-1,Echolocation,/mnt/ubna_data_02_mir/recover-20221013/UBNA_001/20221012_030000.WAV,Telephone Field,recover-20221013,001,1795
523.7135,523.7209,24609,37685,Plecotus austriacus,0.009,0.026,-1,Echolocation,/mnt/ubna_data_02_mir/recover-20221013/UBNA_001/20221012_030000.WAV,Telephone Field,recover-20221013,001,1795
523.7375,523.7438,24609,40206,Myotis nattereri,0.009,0.026,-1,Echolocation,/mnt/ubna_data_02_mir/recover-20221013/UBNA_001/20221012_030000.WAV,Telephone Field,recover-20221013,001,1795
523.7685,523.8048,68437,82484,Rhinolophus ferrumequinum,0.021,0.022,-1,Echolocation,/mnt/ubna_data_02_mir/recover-20221013/UBNA_001/20221012_030000.WAV,Telephone Field,recover-20221013,001,1795
523.8005,523.8085,48671,53052,Pipistrellus pipistrellus,0.02,0.022,-1,Echolocation,/mnt/ubna_data_02_mir/recover-20221013/UBNA_001/20221012_030000.WAV,Telephone Field,recover-20221013,001,1795
523.8645,523.9038,68437,82203,Rhinolophus ferrumequinum,0.024,0.024,-1,Echolocation,/mnt/ubna_data_02_mir/recover-20221013/UBNA_001/20221012_030000.WAV,Telephone Field,recover-20221013,001,1795
523.8745,523.9131,68437,82711,Rhinolophus ferrumequinum,0.045,0.045,-1,Echolocation,/mnt/ubna_data_02_mir/recover-20221013/UBNA_001/20221012_030000.WAV,Telephone Field,recover-20221013,001,1795
523.9245,523.9625,68437,82427,Rhinolophus ferrumequinum,0.022,0.022,-1,Echolocation,/mnt/ubna_data_02_mir/recover-20221013/UBNA_001/20221012_030000.WAV,Telephone Field,recover-20221013,001,1795
523.9455,523.9828,68437,81977,Rhinolophus ferrumequinum,0.021,0.021,-1,Echolocation,/mnt/ubna_data_02_mir/recover-20221013/UBNA_001/20221012_030000.WAV,Telephone Field,recover-20221013,001,1795
523.9565,523.9703,23750,29562,Nyctalus leisleri,0.014,0.033,-1,Echolocation,/mnt/ubna_data_02_mir/recover-20221013/UBNA_001/20221012_030000.WAV,Telephone Field,recover-20221013,001,1795
523.9795,523.9876,24609,32732,Plecotus austriacus,0.008,0.022,-1,Echolocation,/mnt/ubna_data_02_mir/recover-20221013/UBNA_001/20221012_030000.WAV,Telephone Field,recover-20221013,001,1795
523.9845,523.9932,28906,38859,Eptesicus serotinus,0.007,0.022,-1,Echolocation,/mnt/ubna_data_02_mir/recover-20221013/UBNA_001/20221012_030000.WAV,Telephone Field,recover-20221013,001,1795
524.0015,524.0341,68437,79764,Rhinolophus ferrumequinum,0.033,0.033,-1,Echolocation,/mnt/ubna_data_02_mir/recover-20221013/UBNA_001/20221012_030000.WAV,Telephone Field,recover-20221013,001,1795
524.0015,524.0188,18593,22770,Nyctalus leisleri,0.021,0.045,-1,Echolocation,/mnt/ubna_data_02_mir/recover-20221013/UBNA_001/20221012_030000.WAV,Telephone Field,recover-20221013,001,1795
524.0015,524.0111,27187,34375,Eptesicus serotinus,0.012,0.036,-1,Echolocation,/mnt/ubna_data_02_mir/recover-20221013/UBNA_001/20221012_030000.WAV,Telephone Field,recover-20221013,001,1795
524.0065,524.0152,28906,37295,Eptesicus serotinus,0.009,0.026,-1,Echolocation,/mnt/ubna_data_02_mir/recover-20221013/UBNA_001/20221012_030000.WAV,Telephone Field,recover-20221013,001,1795
524.0095,524.0161,24609,34117,Plecotus austriacus,0.011,0.026,-1,Echolocation,/mnt/ubna_data_02_mir/recover-20221013/UBNA_001/20221012_030000.WAV,Telephone Field,recover-20221013,001,1795
524.0175,524.0409,16875,21807,Nyctalus noctula,0.016,0.022,-1,Echolocation,/mnt/ubna_data_02_mir/recover-20221013/UBNA_001/20221012_030000.WAV,Telephone Field,recover-20221013,001,1795
524.0435,524.0842,68437,82851,Rhinolophus ferrumequinum,0.022,0.022,-1,Echolocation,/mnt/ubna_data_02_mir/recover-20221013/UBNA_001/20221012_030000.WAV,Telephone Field,recover-20221013,001,1795
524.1855,524.195,24609,32617,Eptesicus serotinus,0.007,0.022,-1,Echolocation,/mnt/ubna_data_02_mir/recover-20221013/UBNA_001/20221012_030000.WAV,Telephone Field,recover-20221013,001,1795
524.1965,524.2363,68437,82855,Rhinolophus ferrumequinum,0.023,0.023,-1,Echolocation,/mnt/ubna_data_02_mir/recover-20221013/UBNA_001/20221012_030000.WAV,Telephone Field,recover-20221013,001,1795
524.2025,524.2108,26328,38397,Eptesicus serotinus,0.007,0.022,-1,Echolocation,/mnt/ubna_data_02_mir/recover-20221013/UBNA_001/20221012_030000.WAV,Telephone Field,recover-20221013,001,1795
524.2075,524.2461,68437,81852,Rhinolophus ferrumequinum,0.022,0.022,-1,Echolocation,/mnt/ubna_data_02_mir/recover-20221013/UBNA_001/20221012_030000.WAV,Telephone Field,recover-20221013,001,1795
524.2605,524.2986,68437,82008,Rhinolophus ferrumequinum,0.023,0.023,-1,Echolocation,/mnt/ubna_data_02_mir/recover-20221013/UBNA_001/20221012_030000.WAV,Telephone Field,recover-20221013,001,1795
524.3355,524.3746,68437,82766,Rhinolophus ferrumequinum,0.023,0.023,-1,Echolocation,/mnt/ubna_data_02_mir/recover-20221013/UBNA_001/20221012_030000.WAV,Telephone Field,recover-20221013,001,1795
524.3455,524.3854,68437,82102,Rhinolophus ferrumequinum,0.022,0.022,-1,Echolocation,/mnt/ubna_data_02_mir/recover-20221013/UBNA_001/20221012_030000.WAV,Telephone Field,recover-20221013,001,1795
524.3525,524.3918,68437,82213,Rhinolophus ferrumequinum,0.022,0.022,-1,Echolocation,/mnt/ubna_data_02_mir/recover-20221013/UBNA_001/20221012_030000.WAV,Telephone Field,recover-20221013,001,1795
524.3705,524.4096,68437,82511,Rhinolophus ferrumequinum,0.021,0.021,-1,Echolocation,/mnt/ubna_data_02_mir/recover-20221013/UBNA_001/20221012_030000.WAV,Telephone Field,recover-20221013,001,1795
524.4115,524.4184,28906,40736,Eptesicus serotinus,0.007,0.024,-1,Echolocation,/mnt/ubna_data_02_mir/recover-20221013/UBNA_001/20221012_030000.WAV,Telephone Field,recover-20221013,001,1795
524.4265,524.4643,68437,82197,Rhinolophus ferrumequinum,0.024,0.024,-1,Echolocation,/mnt/ubna_data_02_mir/recover-20221013/UBNA_001/20221012_030000.WAV,Telephone Field,recover-20221013,001,1795
524.4685,524.5024,68437,80600,Rhinolophus ferrumequinum,0.031,0.031,-1,Echolocation,/mnt/ubna_data_02_mir/recover-20221013/UBNA_001/20221012_030000.WAV,Telephone Field,recover-20221013,001,1795
524.5255,524.5385,42656,45560,Pipistrellus pipistrellus,0.041,0.049,-1,Echolocation,/mnt/ubna_data_02_mir/recover-20221013/UBNA_001/20221012_030000.WAV,Telephone Field,recover-20221013,001,1795
524.5445,524.5555,22890,27736,Nyctalus leisleri,0.013,0.025,-1,Echolocation,/mnt/ubna_data_02_mir/recover-20221013/UBNA_001/20221012_030000.WAV,Telephone Field,recover-20221013,001,1795
524.5705,524.5775,28046,39985,Eptesicus serotinus,0.006,0.022,-1,Echolocation,/mnt/ubna_data_02_mir/recover-20221013/UBNA_001/20221012_030000.WAV,Telephone Field,recover-20221013,001,1795
524.6095,524.649,68437,82528,Rhinolophus ferrumequinum,0.023,0.023,-1,Echolocation,/mnt/ubna_data_02_mir/recover-20221013/UBNA_001/20221012_030000.WAV,Telephone Field,recover-20221013,001,1795
524.6535,524.6906,68437,81806,Rhinolophus ferrumequinum,0.042,0.042,-1,Echolocation,/mnt/ubna_data_02_mir/recover-20221013/UBNA_001/20221012_030000.WAV,Telephone Field,recover-20221013,001,1795
524.6535,524.662,27187,40181,Eptesicus serotinus,0.008,0.023,-1,Echolocation,/mnt/ubna_data_02_mir/recover-20221013/UBNA_001/20221012_030000.WAV,Telephone Field,recover-20221013,001,1795
524.6765,524.7093,68437,80378,Rhinolophus ferrumequinum,0.024,0.024,-1,Echolocation,/mnt/ubna_data_02_mir/recover-20221013/UBNA_001/20221012_030000.WAV,Telephone Field,recover-20221013,001,1795
524.6825,524.6935,24609,30501,Nyctalus leisleri,0.013,0.031,-1,Echolocation,/mnt/ubna_data_02_mir/recover-20221013/UBNA_001/20221012_030000.WAV,Telephone Field,recover-20221013,001,1795
524.6965,524.7337,68437,81860,Rhinolophus ferrumequinum,0.022,0.022,-1,Echolocation,/mnt/ubna_data_02_mir/recover-20221013/UBNA_001/20221012_030000.WAV,Telephone Field,recover-20221013,001,1795
524.7105,524.7477,68437,82237,Rhinolophus ferrumequinum,0.021,0.021,-1,Echolocation,/mnt/ubna_data_02_mir/recover-20221013/UBNA_001/20221012_030000.WAV,Telephone Field,recover-20221013,001,1795
524.7135,524.7242,29765,36630,Eptesicus serotinus,0.009,0.022,-1,Echolocation,/mnt/ubna_data_02_mir/recover-20221013/UBNA_001/20221012_030000.WAV,Telephone Field,recover-20221013,001,1795
524.7275,524.7396,44375,53550,Pipistrellus pipistrellus,0.02,0.033,-1,Echolocation,/mnt/ubna_data_02_mir/recover-20221013/UBNA_001/20221012_030000.WAV,Telephone Field,recover-20221013,001,1795
524.7345,524.745,23750,29603,Nyctalus leisleri,0.009,0.022,-1,Echolocation,/mnt/ubna_data_02_mir/recover-20221013/UBNA_001/20221012_030000.WAV,Telephone Field,recover-20221013,001,1795
524.7385,524.7747,68437,82448,Rhinolophus ferrumequinum,0.022,0.022,-1,Echolocation,/mnt/ubna_data_02_mir/recover-20221013/UBNA_001/20221012_030000.WAV,Telephone Field,recover-20221013,001,1795
524.7635,524.8006,68437,82346,Rhinolophus ferrumequinum,0.021,0.021,-1,Echolocation,/mnt/ubna_data_02_mir/recover-20221013/UBNA_001/20221012_030000.WAV,Telephone Field,recover-20221013,001,1795
524.7865,524.7941,22890,30818,Plecotus austriacus,0.011,0.023,-1,Echolocation,/mnt/ubna_data_02_mir/recover-20221013/UBNA_001/20221012_030000.WAV,Telephone Field,recover-20221013,001,1795
524.7925,524.8311,68437,81536,Rhinolophus ferrumequinum,0.021,0.022,-1,Echolocation,/mnt/ubna_data_02_mir/recover-20221013/UBNA_001/20221012_030000.WAV,Telephone Field,recover-20221013,001,1795
524.8105,524.8247,22031,26831,Nyctalus leisleri,0.016,0.031,-1,Echolocation,/mnt/ubna_data_02_mir/recover-20221013/UBNA_001/20221012_030000.WAV,Telephone Field,recover-20221013,001,1795
524.8165,524.8266,22031,27819,Nyctalus leisleri,0.012,0.032,-1,Echolocation,/mnt/ubna_data_02_mir/recover-20221013/UBNA_001/20221012_030000.WAV,Telephone Field,recover-20221013,001,1795
524.8255,524.8601,68437,81312,Rhinolophus ferrumequinum,0.023,0.023,-1,Echolocation,/mnt/ubna_data_02_mir/recover-20221013/UBNA_001/20221012_030000.WAV,Telephone Field,recover-20221013,001,1795
524.8285,524.839,14296,20876,Nyctalus noctula,0.012,0.022,-1,Echolocation,/mnt/ubna_data_02_mir/recover-20221013/UBNA_001/20221012_030000.WAV,Telephone Field,recover-20221013,001,1795
524.8615,524.8737,23750,28085,Nyctalus leisleri,0.015,0.026,-1,Echolocation,/mnt/ubna_data_02_mir/recover-20221013/UBNA_001/20221012_030000.WAV,Telephone Field,recover-20221013,001,1795
524.8905,524.9284,68437,82471,Rhinolophus ferrumequinum,0.023,0.023,-1,Echolocation,/mnt/ubna_data_02_mir/recover-20221013/UBNA_001/20221012_030000.WAV,Telephone Field,recover-20221013,001,1795
524.9085,524.9162,23750,32556,Plecotus austriacus,0.012,0.029,-1,Echolocation,/mnt/ubna_data_02_mir/recover-20221013/UBNA_001/20221012_030000.WAV,Telephone Field,recover-20221013,001,1795
524.9455,524.9551,26328,34959,Eptesicus serotinus,0.01,0.025,-1,Echolocation,/mnt/ubna_data_02_mir/recover-20221013/UBNA_001/20221012_030000.WAV,Telephone Field,recover-20221013,001,1795
524.9615,525.0005,68437,82212,Rhinolophus ferrumequinum,0.023,0.023,-1,Echolocation,/mnt/ubna_data_02_mir/recover-20221013/UBNA_001/20221012_030000.WAV,Telephone Field,recover-20221013,001,1795
525.0085,525.02,22890,28529,Nyctalus leisleri,0.011,0.023,-1,Echolocation,/mnt/ubna_data_02_mir/recover-20221013/UBNA_001/20221012_030000.WAV,Telephone Field,recover-20221013,001,1795
525.0175,525.0532,68437,82325,Rhinolophus ferrumequinum,0.021,0.021,-1,Echolocation,/mnt/ubna_data_02_mir/recover-20221013/UBNA_001/20221012_030000.WAV,Telephone Field,recover-20221013,001,1795
525.0295,525.0701,68437,82822,Rhinolophus ferrumequinum,0.023,0.023,-1,Echolocation,/mnt/ubna_data_02_mir/recover-20221013/UBNA_001/20221012_030000.WAV,Telephone Field,recover-20221013,001,1795
525.0405,525.0499,25468,33978,Eptesicus serotinus,0.009,0.023,-1,Echolocation,/mnt/ubna_data_02_mir/recover-20221013/UBNA_001/20221012_030000.WAV,Telephone Field,recover-20221013,001,1795
525.0505,525.0602,24609,31411,Nyctalus leisleri,0.007,0.022,-1,Echolocation,/mnt/ubna_data_02_mir/recover-20221013/UBNA_001/20221012_030000.WAV,Telephone Field,recover-20221013,001,1795
525.0965,525.1113,21171,24474,Nyctalus leisleri,0.014,0.023,-1,Echolocation,/mnt/ubna_data_02_mir/recover-20221013/UBNA_001/20221012_030000.WAV,Telephone Field,recover-20221013,001,1795
525.1055,525.1462,68437,83240,Rhinolophus ferrumequinum,0.022,0.022,-1,Echolocation,/mnt/ubna_data_02_mir/recover-20221013/UBNA_001/20221012_030000.WAV,Telephone Field,recover-20221013,001,1795
525.1115,525.1503,68437,82487,Rhinolophus ferrumequinum,0.022,0.022,-1,Echolocation,/mnt/ubna_data_02_mir/recover-20221013/UBNA_001/20221012_030000.WAV,Telephone Field,recover-20221013,001,1795
525.1525,525.1619,28046,38044,Eptesicus serotinus,0.011,0.025,-1,Echolocation,/mnt/ubna_data_02_mir/recover-20221013/UBNA_001/20221012_030000.WAV,Telephone Field,recover-20221013,001,1795
525.1685,525.2062,68437,82106,Rhinolophus ferrumequinum,0.027,0.027,-1,Echolocation,/mnt/ubna_data_02_mir/recover-20221013/UBNA_001/20221012_030000.WAV,Telephone Field,recover-20221013,001,1795
525.1825,525.2158,68437,81050,Rhinolophus ferrumequinum,0.022,0.022,-1,Echolocation,/mnt/ubna_data_02_mir/recover-20221013/UBNA_001/20221012_030000.WAV,Telephone Field,recover-20221013,001,1795
525.1885,525.2221,68437,81319,Rhinolophus ferrumequinum,0.023,0.023,-1,Echolocation,/mnt/ubna_data_02_mir/recover-20221013/UBNA_001/20221012_030000.WAV,Telephone Field,recover-20221013,001,1795
525.2165,525.2515,68437,81107,Rhinolophus ferrumequinum,0.028,0.028,-1,Echolocation,/mnt/ubna_data_02_mir/recover-20221013/UBNA_001/20221012_030000.WAV,Telephone Field,recover-20221013,001,1795
525.2915,525.3018,22031,26708,Nyctalus leisleri,0.01,0.022,-1,Echolocation,/mnt/ubna_data_02_mir/recover-20221013/UBNA_001/20221012_030000.WAV,Telephone Field,recover-20221013,001,1795
525.3115,525.3486,68437,81917,Rhinolophus ferrumequinum,0.027,0.027,-1,Echolocation,/mnt/ubna_data_02_mir/recover-20221013/UBNA_001/20221012_030000.WAV,Telephone Field,recover-20221013,001,1795
525.3235,525.3297,24609,36621,Plecotus austriacus,0.014,0.031,-1,Echolocation,/mnt/ubna_data_02_mir/recover-20221013/UBNA_001/20221012_030000.WAV,Telephone Field,recover-20221013,001,1795
525.3505,525.3847,68437,81655,Rhinolophus ferrumequinum,0.022,0.022,-1,Echolocation,/mnt/ubna_data_02_mir/recover-20221013/UBNA_001/20221012_030000.WAV,Telephone Field,recover-20221013,001,1795
525.3745,525.3828,32343,40483,Myotis daubentonii,0.01,0.032,-1,Echolocation,/mnt/ubna_data_02_mir/recover-20221013/UBNA_001/20221012_030000.WAV,Telephone Field,recover-20221013,001,1795
525.3995,525.434,68437,81410,Rhinolophus ferrumequinum,0.022,0.022,-1,Echolocation,/mnt/ubna_data_02_mir/recover-20221013/UBNA_001/20221012_030000.WAV,Telephone Field,recover-20221013,001,1795
525.4205,525.4574,68437,81214,Rhinolophus ferrumequinum,0.022,0.022,-1,Echolocation,/mnt/ubna_data_02_mir/recover-20221013/UBNA_001/20221012_030000.WAV,Telephone Field,recover-20221013,001,1795
525.4855,525.5061,17734,21200,Nyctalus noctula,0.019,0.031,-1,Echolocation,/mnt/ubna_data_02_mir/recover-20221013/UBNA_001/20221012_030000.WAV,Telephone Field,recover-20221013,001,1795
525.4905,525.5262,68437,81193,Rhinolophus ferrumequinum,0.022,0.022,-1,Echolocation,/mnt/ubna_data_02_mir/recover-20221013/UBNA_001/20221012_030000.WAV,Telephone Field,recover-20221013,001,1795
525.4995,525.535,68437,81446,Rhinolophus ferrumequinum,0.021,0.021,-1,Echolocation,/mnt/ubna_data_02_mir/recover-20221013/UBNA_001/20221012_030000.WAV,Telephone Field,recover-20221013,001,1795
525.5145,525.5487,68437,81084,Rhinolophus ferrumequinum,0.022,0.022,-1,Echolocation,/mnt/ubna_data_02_mir/recover-20221013/UBNA_001/20221012_030000.WAV,Telephone Field,recover-20221013,001,1795
525.5275,525.5349,24609,33149,Plecotus austriacus,0.007,0.021,-1,Echolocation,/mnt/ubna_data_02_mir/recover-20221013/UBNA_001/20221012_030000.WAV,Telephone Field,recover-20221013,001,1795
525.5285,525.5695,68437,82944,Rhinolophus ferrumequinum,0.029,0.029,-1,Echolocation,/mnt/ubna_data_02_mir/recover-20221013/UBNA_001/20221012_030000.WAV,Telephone Field,recover-20221013,001,1795
525.5735,525.6093,68437,81542,Rhinolophus ferrumequinum,0.035,0.035,-1,Echolocation,/mnt/ubna_data_02_mir/recover-20221013/UBNA_001/20221012_030000.WAV,Telephone Field,recover-20221013,001,1795
525.6155,525.6522,68437,81934,Rhinolophus ferrumequinum,0.021,0.021,-1,Echolocation,/mnt/ubna_data_02_mir/recover-20221013/UBNA_001/20221012_030000.WAV,Telephone Field,recover-20221013,001,1795
525.6635,525.6998,68437,81742,Rhinolophus ferrumequinum,0.036,0.036,-1,Echolocation,/mnt/ubna_data_02_mir/recover-20221013/UBNA_001/20221012_030000.WAV,Telephone Field,recover-20221013,001,1795
525.6945,525.7319,68437,82072,Rhinolophus ferrumequinum,0.022,0.022,-1,Echolocation,/mnt/ubna_data_02_mir/recover-20221013/UBNA_001/20221012_030000.WAV,Telephone Field,recover-20221013,001,1795
525.7025,525.7142,25468,31844,Nyctalus leisleri,0.013,0.034,-1,Echolocation,/mnt/ubna_data_02_mir/recover-20221013/UBNA_001/20221012_030000.WAV,Telephone Field,recover-20221013,001,1795
525.7185,525.7574,68437,82503,Rhinolophus ferrumequinum,0.024,0.024,-1,Echolocation,/mnt/ubna_data_02_mir/recover-20221013/UBNA_001/20221012_030000.WAV,Telephone Field,recover-20221013,001,1795
525.7315,525.7728,68437,82431,Rhinolophus ferrumequinum,0.021,0.021,-1,Echolocation,/mnt/ubna_data_02_mir/recover-20221013/UBNA_001/20221012_030000.WAV,Telephone Field,recover-20221013,001,1795
525.7465,525.7527,27187,42147,Eptesicus serotinus,0.006,0.026,-1,Echolocation,/mnt/ubna_data_02_mir/recover-20221013/UBNA_001/20221012_030000.WAV,Telephone Field,recover-20221013,001,1795
525.7745,525.8093,68437,80693,Rhinolophus ferrumequinum,0.023,0.023,-1,Echolocation,/mnt/ubna_data_02_mir/recover-20221013/UBNA_001/20221012_030000.WAV,Telephone Field,recover-20221013,001,1795
525.7915,525.7987,28046,38916,Eptesicus serotinus,0.01,0.038,-1,Echolocation,/mnt/ubna_data_02_mir/recover-20221013/UBNA_001/20221012_030000.WAV,Telephone Field,recover-20221013,001,1795
525.8185,525.8556,68437,82013,Rhinolophus ferrumequinum,0.022,0.022,-1,Echolocation,/mnt/ubna_data_02_mir/recover-20221013/UBNA_001/20221012_030000.WAV,Telephone Field,recover-20221013,001,1795
525.8455,525.8531,28046,43894,Eptesicus serotinus,0.007,0.022,-1,Echolocation,/mnt/ubna_data_02_mir/recover-20221013/UBNA_001/20221012_030000.WAV,Telephone Field,recover-20221013,001,1795
525.8685,525.8781,23750,30980,Nyctalus leisleri,0.008,0.022,-1,Echolocation,/mnt/ubna_data_02_mir/recover-20221013/UBNA_001/20221012_030000.WAV,Telephone Field,recover-20221013,001,1795
525.8695,525.9083,68437,82224,Rhinolophus ferrumequinum,0.027,0.027,-1,Echolocation,/mnt/ubna_data_02_mir/recover-20221013/UBNA_001/20221012_030000.WAV,Telephone Field,recover-20221013,001,1795
525.9065,525.9146,27187,38293,Eptesicus serotinus,0.013,0.033,-1,Echolocation,/mnt/ubna_data_02_mir/recover-20221013/UBNA_001/20221012_030000.WAV,Telephone Field,recover-20221013,001,1795
525.9095,525.9493,68437,82577,Rhinolophus ferrumequinum,0.024,0.024,-1,Echolocation,/mnt/ubna_data_02_mir/recover-20221013/UBNA_001/20221012_030000.WAV,Telephone Field,recover-20221013,001,1795
525.9335,525.9728,68437,82808,Rhinolophus ferrumequinum,0.024,0.024,-1,Echolocation,/mnt/ubna_data_02_mir/recover-20221013/UBNA_001/20221012_030000.WAV,Telephone Field,recover-20221013,001,1795
525.9395,525.9762,68437,82231,Rhinolophus ferrumequinum,0.022,0.022,-1,Echolocation,/mnt/ubna_data_02_mir/recover-20221013/UBNA_001/20221012_030000.WAV,Telephone Field,recover-20221013,001,1795
525.9415,525.9544,24609,29572,Nyctalus leisleri,0.011,0.024,-1,Echolocation,/mnt/ubna_data_02_mir/recover-20221013/UBNA_001/20221012_030000.WAV,Telephone Field,recover-20221013,001,1795
525.9515,525.9845,68437,80466,Rhinolophus ferrumequinum,0.023,0.023,-1,Echolocation,/mnt/ubna_data_02_mir/recover-20221013/UBNA_001/20221012_030000.WAV,Telephone Field,recover-20221013,001,1795
525.9575,525.965,49531,54497,Pipistrellus pipistrellus,0.02,0.023,-1,Echolocation,/mnt/ubna_data_02_mir/recover-20221013/UBNA_001/20221012_030000.WAV,Telephone Field,recover-20221013,001,1795
526.0015,526.035,69296,81398,Rhinolophus ferrumequinum,0.034,0.034,-1,Echolocation,/mnt/ubna_data_02_mir/recover-20221013/UBNA_001/20221012_030000.WAV,Telephone Field,recover-20221013,001,1795
526.0015,526.0108,22031,28610,Nyctalus leisleri,0.008,0.024,-1,Echolocation,/mnt/ubna_data_02_mir/recover-20221013/UBNA_001/20221012_030000.WAV,Telephone Field,recover-20221013,001,1795
526.0215,526.0287,45234,51541,Pipistrellus pipistrellus,0.018,0.022,-1,Echolocation,/mnt/ubna_data_02_mir/recover-20221013/UBNA_001/20221012_030000.WAV,Telephone Field,recover-20221013,001,1795
526.0225,526.0595,68437,81510,Rhinolophus ferrumequinum,0.022,0.022,-1,Echolocation,/mnt/ubna_data_02_mir/recover-20221013/UBNA_001/20221012_030000.WAV,Telephone Field,recover-20221013,001,1795
526.0665,526.1038,68437,82049,Rhinolophus ferrumequinum,0.04,0.04,-1,Echolocation,/mnt/ubna_data_02_mir/recover-20221013/UBNA_001/20221012_030000.WAV,Telephone Field,recover-20221013,001,1795
526.0835,526.0938,28906,37148,Eptesicus serotinus,0.014,0.032,-1,Echolocation,/mnt/ubna_data_02_mir/recover-20221013/UBNA_001/20221012_030000.WAV,Telephone Field,recover-20221013,001,1795
526.1455,526.1849,68437,82903,Rhinolophus ferrumequinum,0.023,0.023,-1,Echolocation,/mnt/ubna_data_02_mir/recover-20221013/UBNA_001/20221012_030000.WAV,Telephone Field,recover-20221013,001,1795
526.1545,526.1672,33203,37585,Pipistrellus nathusii,0.018,0.041,-1,Echolocation,/mnt/ubna_data_02_mir/recover-20221013/UBNA_001/20221012_030000.WAV,Telephone Field,recover-20221013,001,1795
526.1775,526.1952,19453,23189,Nyctalus noctula,0.011,0.025,-1,Echolocation,/mnt/ubna_data_02_mir/recover-20221013/UBNA_001/20221012_030000.WAV,Telephone Field,recover-20221013,001,1795
526.1885,526.1984,22890,28679,Nyctalus leisleri,0.01,0.024,-1,Echolocation,/mnt/ubna_data_02_mir/recover-20221013/UBNA_001/20221012_030000.WAV,Telephone Field,recover-20221013,001,1795
526.2215,526.2282,28046,40552,Eptesicus serotinus,0.007,0.024,-1,Echolocation,/mnt/ubna_data_02_mir/recover-20221013/UBNA_001/20221012_030000.WAV,Telephone Field,recover-20221013,001,1795
526.2475,526.2578,28046,36231,Eptesicus serotinus,0.01,0.024,-1,Echolocation,/mnt/ubna_data_02_mir/recover-20221013/UBNA_001/20221012_030000.WAV,Telephone Field,recover-20221013,001,1795
526.2555,526.2921,68437,82004,Rhinolophus ferrumequinum,0.021,0.021,-1,Echolocation,/mnt/ubna_data_02_mir/recover-20221013/UBNA_001/20221012_030000.WAV,Telephone Field,recover-20221013,001,1795
526.2615,526.2722,28906,36152,Eptesicus serotinus,0.013,0.026,-1,Echolocation,/mnt/ubna_data_02_mir/recover-20221013/UBNA_001/20221012_030000.WAV,Telephone Field,recover-20221013,001,1795
526.2785,526.3162,68437,82431,Rhinolophus ferrumequinum,0.024,0.024,-1,Echolocation,/mnt/ubna_data_02_mir/recover-20221013/UBNA_001/20221012_030000.WAV,Telephone Field,recover-20221013,001,1795
526.2835,526.2901,28906,40950,Eptesicus serotinus,0.009,0.035,-1,Echolocation,/mnt/ubna_data_02_mir/recover-20221013/UBNA_001/20221012_030000.WAV,Telephone Field,recover-20221013,001,1795
526.2925,526.332,68437,82473,Rhinolophus ferrumequinum,0.021,0.021,-1,Echolocation,/mnt/ubna_data_02_mir/recover-20221013/UBNA_001/20221012_030000.WAV,Telephone Field,recover-20221013,001,1795
526.3635,526.4017,68437,81975,Rhinolophus ferrumequinum,0.021,0.021,-1,Echolocation,/mnt/ubna_data_02_mir/recover-20221013/UBNA_001/20221012_030000.WAV,Telephone Field,recover-20221013,001,1795
526.3725,526.3794,27187,38177,Eptesicus serotinus,0.005,0.021,-1,Echolocation,/mnt/ubna_data_02_mir/recover-20221013/UBNA_001/20221012_030000.WAV,Telephone Field,recover-20221013,001,1795
526.4025,526.4443,68437,82909,Rhinolophus ferrumequinum,0.028,0.028,-1,Echolocation,/mnt/ubna_data_02_mir/recover-20221013/UBNA_001/20221012_030000.WAV,Telephone Field,recover-20221013,001,1795
526.4145,526.4254,22890,29095,Nyctalus leisleri,0.011,0.027,-1,Echolocation,/mnt/ubna_data_02_mir/recover-20221013/UBNA_001/20221012_030000.WAV,Telephone Field,recover-20221013,001,1795
526.4475,526.4866,68437,81692,Rhinolophus ferrumequinum,0.022,0.022,-1,Echolocation,/mnt/ubna_data_02_mir/recover-20221013/UBNA_001/20221012_030000.WAV,Telephone Field,recover-20221013,001,1795
526.4485,526.4579,48671,56785,Pipistrellus pipistrellus,0.024,0.028,-1,Echolocation,/mnt/ubna_data_02_mir/recover-20221013/UBNA_001/20221012_030000.WAV,Telephone Field,recover-20221013,001,1795
526.4495,526.4595,22890,28649,Nyctalus leisleri,0.009,0.023,-1,Echolocation,/mnt/ubna_data_02_mir/recover-20221013/UBNA_001/20221012_030000.WAV,Telephone Field,recover-20221013,001,1795
526.5275,526.5671,68437,82231,Rhinolophus ferrumequinum,0.024,0.024,-1,Echolocation,/mnt/ubna_data_02_mir/recover-20221013/UBNA_001/20221012_030000.WAV,Telephone Field,recover-20221013,001,1795
526.5385,526.5456,27187,40258,Eptesicus serotinus,0.005,0.021,-1,Echolocation,/mnt/ubna_data_02_mir/recover-20221013/UBNA_001/20221012_030000.WAV,Telephone Field,recover-20221013,001,1795
526.5945,526.6304,68437,81503,Rhinolophus ferrumequinum,0.024,0.024,-1,Echolocation,/mnt/ubna_data_02_mir/recover-20221013/UBNA_001/20221012_030000.WAV,Telephone Field,recover-20221013,001,1795
526.6215,526.6305,28906,38799,Eptesicus serotinus,0.011,0.029,-1,Echolocation,/mnt/ubna_data_02_mir/recover-20221013/UBNA_001/20221012_030000.WAV,Telephone Field,recover-20221013,001,1795
526.6695,526.6772,26328,35662,Eptesicus serotinus,0.006,0.023,-1,Echolocation,/mnt/ubna_data_02_mir/recover-20221013/UBNA_001/20221012_030000.WAV,Telephone Field,recover-20221013,001,1795
526.6855,526.7247,68437,82738,Rhinolophus ferrumequinum,0.023,0.023,-1,Echolocation,/mnt/ubna_data_02_mir/recover-20221013/UBNA_001/20221012_030000.WAV,Telephone Field,recover-20221013,001,1795
526.6855,526.6909,31484,65371,Myotis daubentonii,0.007,0.021,-1,Echolocation,/mnt/ubna_data_02_mir/recover-20221013/UBNA_001/20221012_030000.WAV,Telephone Field,recover-20221013,001,1795
526.6875,526.692,38359,58909,Myotis mystacinus,0.007,0.025,-1,Echolocation,/mnt/ubna_data_02_mir/recover-20221013/UBNA_001/20221012_030000.WAV,Telephone Field,recover-20221013,001,1795
526.7075,526.7124,36640,50289,Myotis daubentonii,0.01,0.023,-1,Echolocation,/mnt/ubna_data_02_mir/recover-20221013/UBNA_001/20221012_030000.WAV,Telephone Field,recover-20221013,001,1795
526.7195,526.7324,22031,25657,Nyctalus leisleri,0.013,0.022,-1,Echolocation,/mnt/ubna_data_02_mir/recover-20221013/UBNA_001/20221012_030000.WAV,Telephone Field,recover-20221013,001,1795
526.7395,526.778,68437,81903,Rhinolophus ferrumequinum,0.022,0.022,-1,Echolocation,/mnt/ubna_data_02_mir/recover-20221013/UBNA_001/20221012_030000.WAV,Telephone Field,recover-20221013,001,1795
526.7465,526.7869,68437,82680,Rhinolophus ferrumequinum,0.022,0.022,-1,Echolocation,/mnt/ubna_data_02_mir/recover-20221013/UBNA_001/20221012_030000.WAV,Telephone Field,recover-20221013,001,1795
526.7575,526.7679,28906,35555,Eptesicus serotinus,0.009,0.025,-1,Echolocation,/mnt/ubna_data_02_mir/recover-20221013/UBNA_001/20221012_030000.WAV,Telephone Field,recover-20221013,001,1795
526.7695,526.8096,68437,82461,Rhinolophus ferrumequinum,0.028,0.028,-1,Echolocation,/mnt/ubna_data_02_mir/recover-20221013/UBNA_001/20221012_030000.WAV,Telephone Field,recover-20221013,001,1795
526.7725,526.7798,24609,34249,Plecotus austriacus,0.007,0.022,-1,Echolocation,/mnt/ubna_data_02_mir/recover-20221013/UBNA_001/20221012_030000.WAV,Telephone Field,recover-20221013,001,1795
526.7985,526.8431,68437,83100,Rhinolophus ferrumequinum,0.041,0.041,-1,Echolocation,/mnt/ubna_data_02_mir/recover-20221013/UBNA_001/20221012_030000.WAV,Telephone Field,recover-20221013,001,1795
526.8425,526.8494,25468,37720,Plecotus austriacus,0.006,0.023,-1,Echolocation,/mnt/ubna_data_02_mir/recover-20221013/UBNA_001/20221012_030000.WAV,Telephone Field,recover-20221013,001,1795
526.8475,526.8844,68437,81437,Rhinolophus ferrumequinum,0.022,0.022,-1,Echolocation,/mnt/ubna_data_02_mir/recover-20221013/UBNA_001/20221012_030000.WAV,Telephone Field,recover-20221013,001,1795
526.8755,526.8822,27187,43280,Eptesicus serotinus,0.006,0.024,-1,Echolocation,/mnt/ubna_data_02_mir/recover-20221013/UBNA_001/20221012_030000.WAV,Telephone Field,recover-20221013,001,1795
526.9335,526.9396,27187,46094,Myotis nattereri,0.009,0.035,-1,Echolocation,/mnt/ubna_data_02_mir/recover-20221013/UBNA_001/20221012_030000.WAV,Telephone Field,recover-20221013,001,1795
526.9765,527.017,68437,82451,Rhinolophus ferrumequinum,0.021,0.021,-1,Echolocation,/mnt/ubna_data_02_mir/recover-20221013/UBNA_001/20221012_030000.WAV,Telephone Field,recover-20221013,001,1795
526.9845,526.9913,26328,38836,Eptesicus serotinus,0.005,0.021,-1,Echolocation,/mnt/ubna_data_02_mir/recover-20221013/UBNA_001/20221012_030000.WAV,Telephone Field,recover-20221013,001,1795
526.9885,526.9984,22031,27262,Nyctalus leisleri,0.009,0.022,-1,Echolocation,/mnt/ubna_data_02_mir/recover-20221013/UBNA_001/20221012_030000.WAV,Telephone Field,recover-20221013,001,1795
527.0015,527.0129,28906,35671,Eptesicus serotinus,0.015,0.029,-1,Echolocation,/mnt/ubna_data_02_mir/recover-20221013/UBNA_001/20221012_030000.WAV,Telephone Field,recover-20221013,001,1795
527.0165,527.0245,27187,42895,Eptesicus serotinus,0.007,0.022,-1,Echolocation,/mnt/ubna_data_02_mir/recover-20221013/UBNA_001/20221012_030000.WAV,Telephone Field,recover-20221013,001,1795
527.0345,527.0457,22890,28270,Nyctalus leisleri,0.011,0.024,-1,Echolocation,/mnt/ubna_data_02_mir/recover-20221013/UBNA_001/20221012_030000.WAV,Telephone Field,recover-20221013,001,1795
527.0635,527.0693,28046,47071,Myotis daubentonii,0.009,0.033,-1,Echolocation,/mnt/ubna_data_02_mir/recover-20221013/UBNA_001/20221012_030000.WAV,Telephone Field,recover-20221013,001,1795
527.0685,527.1081,68437,82491,Rhinolophus ferrumequinum,0.028,0.028,-1,Echolocation,/mnt/ubna_data_02_mir/recover-20221013/UBNA_001/20221012_030000.WAV,Telephone Field,recover-20221013,001,1795
527.0905,527.1018,28046,35055,Eptesicus serotinus,0.013,0.029,-1,Echolocation,/mnt/ubna_data_02_mir/recover-20221013/UBNA_001/20221012_030000.WAV,Telephone Field,recover-20221013,001,1795
527.1065,527.1415,68437,81540,Rhinolophus ferrumequinum,0.021,0.021,-1,Echolocation,/mnt/ubna_data_02_mir/recover-20221013/UBNA_001/20221012_030000.WAV,Telephone Field,recover-20221013,001,1795
527.1165,527.1538,68437,81128,Rhinolophus ferrumequinum,0.022,0.022,-1,Echolocation,/mnt/ubna_data_02_mir/recover-20221013/UBNA_001/20221012_030000.WAV,Telephone Field,recover-20221013,001,1795
527.1365,527.1447000000001,28046,40636,Eptesicus serotinus,0.007,0.022,-1,Echolocation,/mnt/ubna_data_02_mir/recover-20221013/UBNA_001/20221012_030000.WAV,Telephone Field,recover-20221013,001,1795
527.1475,527.186,68437,81850,Rhinolophus ferrumequinum,0.022,0.022,-1,Echolocation,/mnt/ubna_data_02_mir/recover-20221013/UBNA_001/20221012_030000.WAV,Telephone Field,recover-20221013,001,1795
527.1585,527.1956,68437,81943,Rhinolophus ferrumequinum,0.022,0.022,-1,Echolocation,/mnt/ubna_data_02_mir/recover-20221013/UBNA_001/20221012_030000.WAV,Telephone Field,recover-20221013,001,1795
527.1905,527.2006,24609,31674,Nyctalus leisleri,0.01,0.026,-1,Echolocation,/mnt/ubna_data_02_mir/recover-20221013/UBNA_001/20221012_030000.WAV,Telephone Field,recover-20221013,001,1795
527.1925,527.2285,68437,81533,Rhinolophus ferrumequinum,0.023,0.023,-1,Echolocation,/mnt/ubna_data_02_mir/recover-20221013/UBNA_001/20221012_030000.WAV,Telephone Field,recover-20221013,001,1795
527.2125,527.251,68437,82852,Rhinolophus ferrumequinum,0.033,0.033,-1,Echolocation,/mnt/ubna_data_02_mir/recover-20221013/UBNA_001/20221012_030000.WAV,Telephone Field,recover-20221013,001,1795
527.2245,527.2316,22890,31523,Plecotus austriacus,0.016,0.029,-1,Echolocation,/mnt/ubna_data_02_mir/recover-20221013/UBNA_001/20221012_030000.WAV,Telephone Field,recover-20221013,001,1795
527.2375,527.2745,68437,81896,Rhinolophus ferrumequinum,0.021,0.021,-1,Echolocation,/mnt/ubna_data_02_mir/recover-20221013/UBNA_001/20221012_030000.WAV,Telephone Field,recover-20221013,001,1795
527.2465,527.2549,28906,37885,Eptesicus serotinus,0.009,0.025,-1,Echolocation,/mnt/ubna_data_02_mir/recover-20221013/UBNA_001/20221012_030000.WAV,Telephone Field,recover-20221013,001,1795
527.2495,527.2855,68437,81727,Rhinolophus ferrumequinum,0.022,0.022,-1,Echolocation,/mnt/ubna_data_02_mir/recover-20221013/UBNA_001/20221012_030000.WAV,Telephone Field,recover-20221013,001,1795
527.2625,527.2991,68437,82273,Rhinolophus ferrumequinum,0.021,0.021,-1,Echolocation,/mnt/ubna_data_02_mir/recover-20221013/UBNA_001/20221012_030000.WAV,Telephone Field,recover-20221013,001,1795
527.2915,527.302,22031,27315,Nyctalus leisleri,0.009,0.021,-1,Echolocation,/mnt/ubna_data_02_mir/recover-20221013/UBNA_001/20221012_030000.WAV,Telephone Field,recover-20221013,001,1795
527.2935,527.3014000000001,26328,35321,Eptesicus serotinus,0.007,0.021,-1,Echolocation,/mnt/ubna_data_02_mir/recover-20221013/UBNA_001/20221012_030000.WAV,Telephone Field,recover-20221013,001,1795
527.3135,527.3505,68437,82345,Rhinolophus ferrumequinum,0.021,0.021,-1,Echolocation,/mnt/ubna_data_02_mir/recover-20221013/UBNA_001/20221012_030000.WAV,Telephone Field,recover-20221013,001,1795
527.3155,527.3251,27187,36128,Eptesicus serotinus,0.009,0.023,-1,Echolocation,/mnt/ubna_data_02_mir/recover-20221013/UBNA_001/20221012_030000.WAV,Telephone Field,recover-20221013,001,1795
527.3275,527.3378,29765,36967,Eptesicus serotinus,0.012,0.03,-1,Echolocation,/mnt/ubna_data_02_mir/recover-20221013/UBNA_001/20221012_030000.WAV,Telephone Field,recover-20221013,001,1795
527.3405,527.3792,68437,82170,Rhinolophus ferrumequinum,0.023,0.023,-1,Echolocation,/mnt/ubna_data_02_mir/recover-20221013/UBNA_001/20221012_030000.WAV,Telephone Field,recover-20221013,001,1795
527.3445,527.3518,47812,56339,Pipistrellus pipistrellus,0.013,0.022,-1,Echolocation,/mnt/ubna_data_02_mir/recover-20221013/UBNA_001/20221012_030000.WAV,Telephone Field,recover-20221013,001,1795
527.3465,527.3534,25468,38954,Myotis nattereri,0.004,0.021,-1,Echolocation,/mnt/ubna_data_02_mir/recover-20221013/UBNA_001/20221012_030000.WAV,Telephone Field,recover-20221013,001,1795
527.3475,527.3534,39218,58942,Myotis mystacinus,0.007,0.021,-1,Echolocation,/mnt/ubna_data_02_mir/recover-20221013/UBNA_001/20221012_030000.WAV,Telephone Field,recover-20221013,001,1795
527.4275,527.4377,22031,27556,Nyctalus leisleri,0.011,0.031,-1,Echolocation,/mnt/ubna_data_02_mir/recover-20221013/UBNA_001/20221012_030000.WAV,Telephone Field,recover-20221013,001,1795
527.4505,527.4614,27187,33959,Eptesicus serotinus,0.011,0.026,-1,Echolocation,/mnt/ubna_data_02_mir/recover-20221013/UBNA_001/20221012_030000.WAV,Telephone Field,recover-20221013,001,1795
527.4535,527.465,45234,48164,Pipistrellus pipistrellus,0.021,0.023,-1,Echolocation,/mnt/ubna_data_02_mir/recover-20221013/UBNA_001/20221012_030000.WAV,Telephone Field,recover-20221013,001,1795
527.4585,527.4687,28906,36726,Eptesicus serotinus,0.01,0.025,-1,Echolocation,/mnt/ubna_data_02_mir/recover-20221013/UBNA_001/20221012_030000.WAV,Telephone Field,recover-20221013,001,1795
527.4675,527.4798,22890,27492,Nyctalus leisleri,0.012,0.022,-1,Echolocation,/mnt/ubna_data_02_mir/recover-20221013/UBNA_001/20221012_030000.WAV,Telephone Field,recover-20221013,001,1795
527.4785,527.4845,27187,52043,Myotis nattereri,0.008,0.025,-1,Echolocation,/mnt/ubna_data_02_mir/recover-20221013/UBNA_001/20221012_030000.WAV,Telephone Field,recover-20221013,001,1795
527.4935,527.513,19453,22633,Nyctalus leisleri,0.013,0.025,-1,Echolocation,/mnt/ubna_data_02_mir/recover-20221013/UBNA_001/20221012_030000.WAV,Telephone Field,recover-20221013,001,1795
527.5165,527.5256,23750,31312,Plecotus austriacus,0.02,0.061,-1,Echolocation,/mnt/ubna_data_02_mir/recover-20221013/UBNA_001/20221012_030000.WAV,Telephone Field,recover-20221013,001,1795
527.5255,527.533,27187,36838,Eptesicus serotinus,0.008,0.023,-1,Echolocation,/mnt/ubna_data_02_mir/recover-20221013/UBNA_001/20221012_030000.WAV,Telephone Field,recover-20221013,001,1795
527.5875,527.6266,68437,82473,Rhinolophus ferrumequinum,0.021,0.021,-1,Echolocation,/mnt/ubna_data_02_mir/recover-20221013/UBNA_001/20221012_030000.WAV,Telephone Field,recover-20221013,001,1795
527.5935,527.602,46953,50558,Pipistrellus pipistrellus,0.04,0.042,-1,Echolocation,/mnt/ubna_data_02_mir/recover-20221013/UBNA_001/20221012_030000.WAV,Telephone Field,recover-20221013,001,1795
527.6065,527.6434,68437,81867,Rhinolophus ferrumequinum,0.021,0.021,-1,Echolocation,/mnt/ubna_data_02_mir/recover-20221013/UBNA_001/20221012_030000.WAV,Telephone Field,recover-20221013,001,1795
527.6105,527.6193,22890,30237,Plecotus austriacus,0.008,0.022,-1,Echolocation,/mnt/ubna_data_02_mir/recover-20221013/UBNA_001/20221012_030000.WAV,Telephone Field,recover-20221013,001,1795
527.6325,527.6396,27187,36782,Eptesicus serotinus,0.008,0.027,-1,Echolocation,/mnt/ubna_data_02_mir/recover-20221013/UBNA_001/20221012_030000.WAV,Telephone Field,recover-20221013,001,1795
527.6535,527.6913,68437,81981,Rhinolophus ferrumequinum,0.022,0.022,-1,Echolocation,/mnt/ubna_data_02_mir/recover-20221013/UBNA_001/20221012_030000.WAV,Telephone Field,recover-20221013,001,1795
527.6595,527.7001,68437,82006,Rhinolophus ferrumequinum,0.024,0.024,-1,Echolocation,/mnt/ubna_data_02_mir/recover-20221013/UBNA_001/20221012_030000.WAV,Telephone Field,recover-20221013,001,1795
527.6625,527.6691,26328,40125,Eptesicus serotinus,0.004,0.021,-1,Echolocation,/mnt/ubna_data_02_mir/recover-20221013/UBNA_001/20221012_030000.WAV,Telephone Field,recover-20221013,001,1795
527.6675,527.7076,68437,82369,Rhinolophus ferrumequinum,0.022,0.022,-1,Echolocation,/mnt/ubna_data_02_mir/recover-20221013/UBNA_001/20221012_030000.WAV,Telephone Field,recover-20221013,001,1795
527.7045,527.745,68437,82527,Rhinolophus ferrumequinum,0.021,0.021,-1,Echolocation,/mnt/ubna_data_02_mir/recover-20221013/UBNA_001/20221012_030000.WAV,Telephone Field,recover-20221013,001,1795
527.7495,527.7875,68437,82619,Rhinolophus ferrumequinum,0.022,0.022,-1,Echolocation,/mnt/ubna_data_02_mir/recover-20221013/UBNA_001/20221012_030000.WAV,Telephone Field,recover-20221013,001,1795
527.7835,527.7903,28046,42858,Myotis daubentonii,0.007,0.026,-1,Echolocation,/mnt/ubna_data_02_mir/recover-20221013/UBNA_001/20221012_030000.WAV,Telephone Field,recover-20221013,001,1795
527.7845,527.8258,68437,83082,Rhinolophus ferrumequinum,0.031,0.031,-1,Echolocation,/mnt/ubna_data_02_mir/recover-20221013/UBNA_001/20221012_030000.WAV,Telephone Field,recover-20221013,001,1795
527.8675,527.876,29765,40733,Eptesicus serotinus,0.009,0.029,-1,Echolocation,/mnt/ubna_data_02_mir/recover-20221013/UBNA_001/20221012_030000.WAV,Telephone Field,recover-20221013,001,1795
527.8745,527.9149,68437,82853,Rhinolophus ferrumequinum,0.023,0.023,-1,Echolocation,/mnt/ubna_data_02_mir/recover-20221013/UBNA_001/20221012_030000.WAV,Telephone Field,recover-20221013,001,1795
527.9465,527.9539,23750,32737,Plecotus austriacus,0.011,0.025,-1,Echolocation,/mnt/ubna_data_02_mir/recover-20221013/UBNA_001/20221012_030000.WAV,Telephone Field,recover-20221013,001,1795
527.9535,527.9949,68437,83012,Rhinolophus ferrumequinum,0.041,0.041,-1,Echolocation,/mnt/ubna_data_02_mir/recover-20221013/UBNA_001/20221012_030000.WAV,Telephone Field,recover-20221013,001,1795
527.9775,527.9895,22031,25976,Nyctalus leisleri,0.013,0.023,-1,Echolocation,/mnt/ubna_data_02_mir/recover-20221013/UBNA_001/20221012_030000.WAV,Telephone Field,recover-20221013,001,1795
528.0015,528.0101,23750,30324,Nyctalus leisleri,0.011,0.03,-1,Echolocation,/mnt/ubna_data_02_mir/recover-20221013/UBNA_001/20221012_030000.WAV,Telephone Field,recover-20221013,001,1795
528.0015,528.0329,68437,80081,Rhinolophus ferrumequinum,0.025,0.026,-1,Echolocation,/mnt/ubna_data_02_mir/recover-20221013/UBNA_001/20221012_030000.WAV,Telephone Field,recover-20221013,001,1795
528.0115,528.0539,68437,83332,Rhinolophus ferrumequinum,0.02,0.02,-1,Echolocation,/mnt/ubna_data_02_mir/recover-20221013/UBNA_001/20221012_030000.WAV,Telephone Field,recover-20221013,001,1795
528.1115,528.1485,68437,81175,Rhinolophus ferrumequinum,0.02,0.02,-1,Echolocation,/mnt/ubna_data_02_mir/recover-20221013/UBNA_001/20221012_030000.WAV,Telephone Field,recover-20221013,001,1795
528.1175,528.1539,68437,81446,Rhinolophus ferrumequinum,0.021,0.021,-1,Echolocation,/mnt/ubna_data_02_mir/recover-20221013/UBNA_001/20221012_030000.WAV,Telephone Field,recover-20221013,001,1795
528.1375,528.1727,68437,81865,Rhinolophus ferrumequinum,0.021,0.021,-1,Echolocation,/mnt/ubna_data_02_mir/recover-20221013/UBNA_001/20221012_030000.WAV,Telephone Field,recover-20221013,001,1795
528.1685,528.2101,68437,83271,Rhinolophus ferrumequinum,0.025,0.025,-1,Echolocation,/mnt/ubna_data_02_mir/recover-20221013/UBNA_001/20221012_030000.WAV,Telephone Field,recover-20221013,001,1795
528.2195,528.2302999999999,23750,29097,Nyctalus leisleri,0.009,0.02,-1,Echolocation,/mnt/ubna_data_02_mir/recover-20221013/UBNA_001/20221012_030000.WAV,Telephone Field,recover-20221013,001,1795
528.2235000000001,528.2609,68437,82189,Rhinolophus ferrumequinum,0.023,0.023,-1,Echolocation,/mnt/ubna_data_02_mir/recover-20221013/UBNA_001/20221012_030000.WAV,Telephone Field,recover-20221013,001,1795
528.2625,528.2727,22890,27221,Nyctalus leisleri,0.01,0.02,-1,Echolocation,/mnt/ubna_data_02_mir/recover-20221013/UBNA_001/20221012_030000.WAV,Telephone Field,recover-20221013,001,1795
528.3005,528.3375,68437,81713,Rhinolophus ferrumequinum,0.022,0.022,-1,Echolocation,/mnt/ubna_data_02_mir/recover-20221013/UBNA_001/20221012_030000.WAV,Telephone Field,recover-20221013,001,1795
528.3065,528.3167,27187,32574,Eptesicus serotinus,0.016,0.038,-1,Echolocation,/mnt/ubna_data_02_mir/recover-20221013/UBNA_001/20221012_030000.WAV,Telephone Field,recover-20221013,001,1795
528.3075,528.3435,68437,82003,Rhinolophus ferrumequinum,0.022,0.022,-1,Echolocation,/mnt/ubna_data_02_mir/recover-20221013/UBNA_001/20221012_030000.WAV,Telephone Field,recover-20221013,001,1795
528.3305,528.3397,29765,40743,Eptesicus serotinus,0.007,0.02,-1,Echolocation,/mnt/ubna_data_02_mir/recover-20221013/UBNA_001/20221012_030000.WAV,Telephone Field,recover-20221013,001,1795
528.4185,528.424,38359,51334,Myotis bechsteinii,0.005,0.021,-1,Echolocation,/mnt/ubna_data_02_mir/recover-20221013/UBNA_001/20221012_030000.WAV,Telephone Field,recover-20221013,001,1795
528.4195,528.4278,28906,45603,Eptesicus serotinus,0.007,0.021,-1,Echolocation,/mnt/ubna_data_02_mir/recover-20221013/UBNA_001/20221012_030000.WAV,Telephone Field,recover-20221013,001,1795
528.4625,528.4717,44375,49863,Pipistrellus pipistrellus,0.023,0.027,-1,Echolocation,/mnt/ubna_data_02_mir/recover-20221013/UBNA_001/20221012_030000.WAV,Telephone Field,recover-20221013,001,1795
528.4705,528.5099,68437,82970,Rhinolophus ferrumequinum,0.022,0.022,-1,Echolocation,/mnt/ubna_data_02_mir/recover-20221013/UBNA_001/20221012_030000.WAV,Telephone Field,recover-20221013,001,1795
528.4785,528.5174,68437,82656,Rhinolophus ferrumequinum,0.023,0.023,-1,Echolocation,/mnt/ubna_data_02_mir/recover-20221013/UBNA_001/20221012_030000.WAV,Telephone Field,recover-20221013,001,1795
528.5125,528.5202,26328,40444,Eptesicus serotinus,0.007,0.02,-1,Echolocation,/mnt/ubna_data_02_mir/recover-20221013/UBNA_001/20221012_030000.WAV,Telephone Field,recover-20221013,001,1795
528.5325,528.5641,68437,80952,Rhinolophus ferrumequinum,0.021,0.022,-1,Echolocation,/mnt/ubna_data_02_mir/recover-20221013/UBNA_001/20221012_030000.WAV,Telephone Field,recover-20221013,001,1795
528.5835,528.6175,68437,81268,Rhinolophus ferrumequinum,0.022,0.022,-1,Echolocation,/mnt/ubna_data_02_mir/recover-20221013/UBNA_001/20221012_030000.WAV,Telephone Field,recover-20221013,001,1795
528.5975,528.6349,68437,82849,Rhinolophus ferrumequinum,0.032,0.032,-1,Echolocation,/mnt/ubna_data_02_mir/recover-20221013/UBNA_001/20221012_030000.WAV,Telephone Field,recover-20221013,001,1795
528.6585,528.6696,22890,28422,Nyctalus leisleri,0.01,0.024,-1,Echolocation,/mnt/ubna_data_02_mir/recover-20221013/UBNA_001/20221012_030000.WAV,Telephone Field,recover-20221013,001,1795
528.6625,528.7009,68437,82654,Rhinolophus ferrumequinum,0.023,0.023,-1,Echolocation,/mnt/ubna_data_02_mir/recover-20221013/UBNA_001/20221012_030000.WAV,Telephone Field,recover-20221013,001,1795
528.6785,528.6884,28906,35971,Eptesicus serotinus,0.008,0.021,-1,Echolocation,/mnt/ubna_data_02_mir/recover-20221013/UBNA_001/20221012_030000.WAV,Telephone Field,recover-20221013,001,1795
528.7285,528.7352,28906,42738,Eptesicus serotinus,0.007,0.025,-1,Echolocation,/mnt/ubna_data_02_mir/recover-20221013/UBNA_001/20221012_030000.WAV,Telephone Field,recover-20221013,001,1795
528.7545,528.7917,68437,82398,Rhinolophus ferrumequinum,0.02,0.02,-1,Echolocation,/mnt/ubna_data_02_mir/recover-20221013/UBNA_001/20221012_030000.WAV,Telephone Field,recover-20221013,001,1795
528.7785,528.7858,23750,33638,Plecotus austriacus,0.014,0.03,-1,Echolocation,/mnt/ubna_data_02_mir/recover-20221013/UBNA_001/20221012_030000.WAV,Telephone Field,recover-20221013,001,1795
528.7945,528.8321,68437,81508,Rhinolophus ferrumequinum,0.021,0.021,-1,Echolocation,/mnt/ubna_data_02_mir/recover-20221013/UBNA_001/20221012_030000.WAV,Telephone Field,recover-20221013,001,1795
528.8685,528.9068,68437,82727,Rhinolophus ferrumequinum,0.023,0.023,-1,Echolocation,/mnt/ubna_data_02_mir/recover-20221013/UBNA_001/20221012_030000.WAV,Telephone Field,recover-20221013,001,1795
528.9125,528.9196,24609,34810,Plecotus austriacus,0.013,0.029,-1,Echolocation,/mnt/ubna_data_02_mir/recover-20221013/UBNA_001/20221012_030000.WAV,Telephone Field,recover-20221013,001,1795
528.9255,528.9647,68437,83132,Rhinolophus ferrumequinum,0.026,0.026,-1,Echolocation,/mnt/ubna_data_02_mir/recover-20221013/UBNA_001/20221012_030000.WAV,Telephone Field,recover-20221013,001,1795
528.9625,528.9702,32343,44217,Myotis daubentonii,0.011,0.033,-1,Echolocation,/mnt/ubna_data_02_mir/recover-20221013/UBNA_001/20221012_030000.WAV,Telephone Field,recover-20221013,001,1795
528.9925,528.9997,24609,33913,Plecotus austriacus,0.008,0.02,-1,Echolocation,/mnt/ubna_data_02_mir/recover-20221013/UBNA_001/20221012_030000.WAV,Telephone Field,recover-20221013,001,1795
529.0195,529.0581999999999,68437,82526,Rhinolophus ferrumequinum,0.021,0.021,-1,Echolocation,/mnt/ubna_data_02_mir/recover-20221013/UBNA_001/20221012_030000.WAV,Telephone Field,recover-20221013,001,1795
529.0415,529.0766,68437,81476,Rhinolophus ferrumequinum,0.02,0.02,-1,Echolocation,/mnt/ubna_data_02_mir/recover-20221013/UBNA_001/20221012_030000.WAV,Telephone Field,recover-20221013,001,1795
529.0715,529.1096,68437,82584,Rhinolophus ferrumequinum,0.024,0.024,-1,Echolocation,/mnt/ubna_data_02_mir/recover-20221013/UBNA_001/20221012_030000.WAV,Telephone Field,recover-20221013,001,1795
529.1315,529.1677999999999,68437,81683,Rhinolophus ferrumequinum,0.02,0.021,-1,Echolocation,/mnt/ubna_data_02_mir/recover-20221013/UBNA_001/20221012_030000.WAV,Telephone Field,recover-20221013,001,1795
529.1465,529.1546,25468,34192,Eptesicus serotinus,0.007,0.022,-1,Echolocation,/mnt/ubna_data_02_mir/recover-20221013/UBNA_001/20221012_030000.WAV,Telephone Field,recover-20221013,001,1795
529.1725,529.1833,22890,28053,Nyctalus leisleri,0.01,0.022,-1,Echolocation,/mnt/ubna_data_02_mir/recover-20221013/UBNA_001/20221012_030000.WAV,Telephone Field,recover-20221013,001,1795
529.1765,529.216,68437,82266,Rhinolophus ferrumequinum,0.034,0.034,-1,Echolocation,/mnt/ubna_data_02_mir/recover-20221013/UBNA_001/20221012_030000.WAV,Telephone Field,recover-20221013,001,1795
529.2005,529.212,24609,31016,Nyctalus leisleri,0.013,0.032,-1,Echolocation,/mnt/ubna_data_02_mir/recover-20221013/UBNA_001/20221012_030000.WAV,Telephone Field,recover-20221013,001,1795
529.2025,529.238,68437,81805,Rhinolophus ferrumequinum,0.022,0.022,-1,Echolocation,/mnt/ubna_data_02_mir/recover-20221013/UBNA_001/20221012_030000.WAV,Telephone Field,recover-20221013,001,1795
529.2295,529.2373,28906,39656,Eptesicus serotinus,0.006,0.021,-1,Echolocation,/mnt/ubna_data_02_mir/recover-20221013/UBNA_001/20221012_030000.WAV,Telephone Field,recover-20221013,001,1795
529.2565,529.2897,68437,81365,Rhinolophus ferrumequinum,0.022,0.022,-1,Echolocation,/mnt/ubna_data_02_mir/recover-20221013/UBNA_001/20221012_030000.WAV,Telephone Field,recover-20221013,001,1795
529.2645,529.2744,29765,37831,Eptesicus serotinus,0.009,0.024,-1,Echolocation,/mnt/ubna_data_02_mir/recover-20221013/UBNA_001/20221012_030000.WAV,Telephone Field,recover-20221013,001,1795
529.2795,529.2932,28046,33868,Eptesicus serotinus,0.013,0.024,-1,Echolocation,/mnt/ubna_data_02_mir/recover-20221013/UBNA_001/20221012_030000.WAV,Telephone Field,recover-20221013,001,1795
529.3095,529.347,68437,81865,Rhinolophus ferrumequinum,0.021,0.021,-1,Echolocation,/mnt/ubna_data_02_mir/recover-20221013/UBNA_001/20221012_030000.WAV,Telephone Field,recover-20221013,001,1795
529.3115,529.3206,50390,54919,Pipistrellus pipistrellus,0.043,0.049,-1,Echolocation,/mnt/ubna_data_02_mir/recover-20221013/UBNA_001/20221012_030000.WAV,Telephone Field,recover-20221013,001,1795
529.4575,529.4897,68437,80647,Rhinolophus ferrumequinum,0.022,0.022,-1,Echolocation,/mnt/ubna_data_02_mir/recover-20221013/UBNA_001/20221012_030000.WAV,Telephone Field,recover-20221013,001,1795
529.4735000000001,529.4805,23750,35218,Plecotus austriacus,0.014,0.029,-1,Echolocation,/mnt/ubna_data_02_mir/recover-20221013/UBNA_001/20221012_030000.WAV,Telephone Field,recover-20221013,001,1795
529.4745,529.5105,68437,81368,Rhinolophus ferrumequinum,0.021,0.021,-1,Echolocation,/mnt/ubna_data_02_mir/recover-20221013/UBNA_001/20221012_030000.WAV,Telephone Field,recover-20221013,001,1795
529.4945,529.501,48671,52902,Pipistrellus pipistrellus,0.023,0.024,-1,Echolocation,/mnt/ubna_data_02_mir/recover-20221013/UBNA_001/20221012_030000.WAV,Telephone Field,recover-20221013,001,1795
529.5095,529.5206000000001,23750,30303,Nyctalus leisleri,0.011,0.026,-1,Echolocation,/mnt/ubna_data_02_mir/recover-20221013/UBNA_001/20221012_030000.WAV,Telephone Field,recover-20221013,001,1795
529.5285,529.56,68437,79113,Rhinolophus ferrumequinum,0.02,0.022,-1,Echolocation,/mnt/ubna_data_02_mir/recover-20221013/UBNA_001/20221012_030000.WAV,Telephone Field,recover-20221013,001,1795
529.5395,529.5741,68437,80413,Rhinolophus ferrumequinum,0.021,0.021,-1,Echolocation,/mnt/ubna_data_02_mir/recover-20221013/UBNA_001/20221012_030000.WAV,Telephone Field,recover-20221013,001,1795
529.6005,529.635,68437,81212,Rhinolophus ferrumequinum,0.02,0.02,-1,Echolocation,/mnt/ubna_data_02_mir/recover-20221013/UBNA_001/20221012_030000.WAV,Telephone Field,recover-20221013,001,1795
529.6175,529.6533,68437,82279,Rhinolophus ferrumequinum,0.023,0.023,-1,Echolocation,/mnt/ubna_data_02_mir/recover-20221013/UBNA_001/20221012_030000.WAV,Telephone Field,recover-20221013,001,1795
529.6514999999999,529.6882,68437,82322,Rhinolophus ferrumequinum,0.02,0.02,-1,Echolocation,/mnt/ubna_data_02_mir/recover-20221013/UBNA_001/20221012_030000.WAV,Telephone Field,recover-20221013,001,1795
529.6745,529.681,25468,39960,Myotis nattereri,0.005,0.02,-1,Echolocation,/mnt/ubna_data_02_mir/recover-20221013/UBNA_001/20221012_030000.WAV,Telephone Field,recover-20221013,001,1795
529.6925,529.7008,22890,29850,Plecotus austriacus,0.008,0.02,-1,Echolocation,/mnt/ubna_data_02_mir/recover-20221013/UBNA_001/20221012_030000.WAV,Telephone Field,recover-20221013,001,1795
529.6935,529.7341,68437,82426,Rhinolophus ferrumequinum,0.024,0.024,-1,Echolocation,/mnt/ubna_data_02_mir/recover-20221013/UBNA_001/20221012_030000.WAV,Telephone Field,recover-20221013,001,1795
529.7205,529.7302,22890,29328,Nyctalus leisleri,0.007,0.021,-1,Echolocation,/mnt/ubna_data_02_mir/recover-20221013/UBNA_001/20221012_030000.WAV,Telephone Field,recover-20221013,001,1795
529.7615,529.8007,68437,82398,Rhinolophus ferrumequinum,0.021,0.021,-1,Echolocation,/mnt/ubna_data_02_mir/recover-20221013/UBNA_001/20221012_030000.WAV,Telephone Field,recover-20221013,001,1795
529.7715,529.8067,68437,82422,Rhinolophus ferrumequinum,0.021,0.021,-1,Echolocation,/mnt/ubna_data_02_mir/recover-20221013/UBNA_001/20221012_030000.WAV,Telephone Field,recover-20221013,001,1795
529.7735,529.7932,20312,23054,Nyctalus leisleri,0.034,0.062,-1,Echolocation,/mnt/ubna_data_02_mir/recover-20221013/UBNA_001/20221012_030000.WAV,Telephone Field,recover-20221013,001,1795
529.8215,529.8627,68437,83102,Rhinolophus ferrumequinum,0.028,0.028,-1,Echolocation,/mnt/ubna_data_02_mir/recover-20221013/UBNA_001/20221012_030000.WAV,Telephone Field,recover-20221013,001,1795
529.8425,529.8789,68437,81227,Rhinolophus ferrumequinum,0.02,0.02,-1,Echolocation,/mnt/ubna_data_02_mir/recover-20221013/UBNA_001/20221012_030000.WAV,Telephone Field,recover-20221013,001,1795
529.8545,529.8652,24609,30946,Nyctalus leisleri,0.009,0.024,-1,Echolocation,/mnt/ubna_data_02_mir/recover-20221013/UBNA_001/20221012_030000.WAV,Telephone Field,recover-20221013,001,1795
529.8715,529.8827,28046,34579,Eptesicus serotinus,0.01,0.023,-1,Echolocation,/mnt/ubna_data_02_mir/recover-20221013/UBNA_001/20221012_030000.WAV,Telephone Field,recover-20221013,001,1795
529.8895,529.8975,26328,39538,Eptesicus serotinus,0.007,0.022,-1,Echolocation,/mnt/ubna_data_02_mir/recover-20221013/UBNA_001/20221012_030000.WAV,Telephone Field,recover-20221013,001,1795
529.8915,529.8975,34062,45772,Myotis daubentonii,0.007,0.021,-1,Echolocation,/mnt/ubna_data_02_mir/recover-20221013/UBNA_001/20221012_030000.WAV,Telephone Field,recover-20221013,001,1795
529.9275,529.9357,23750,31128,Plecotus austriacus,0.009,0.023,-1,Echolocation,/mnt/ubna_data_02_mir/recover-20221013/UBNA_001/20221012_030000.WAV,Telephone Field,recover-20221013,001,1795
529.9285,529.9687,68437,82795,Rhinolophus ferrumequinum,0.024,0.024,-1,Echolocation,/mnt/ubna_data_02_mir/recover-20221013/UBNA_001/20221012_030000.WAV,Telephone Field,recover-20221013,001,1795
529.9445,529.9822,68437,82148,Rhinolophus ferrumequinum,0.02,0.02,-1,Echolocation,/mnt/ubna_data_02_mir/recover-20221013/UBNA_001/20221012_030000.WAV,Telephone Field,recover-20221013,001,1795
529.9605,529.9672,25468,40149,Myotis nattereri,0.004,0.021,-1,Echolocation,/mnt/ubna_data_02_mir/recover-20221013/UBNA_001/20221012_030000.WAV,Telephone Field,recover-20221013,001,1795
529.9755,529.9909,20312,23464,Nyctalus leisleri,0.013,0.02,-1,Echolocation,/mnt/ubna_data_02_mir/recover-20221013/UBNA_001/20221012_030000.WAV,Telephone Field,recover-20221013,001,1795
530.0015,530.0351,68437,80520,Rhinolophus ferrumequinum,0.041,0.041,-1,Echolocation,/mnt/ubna_data_02_mir/recover-20221013/UBNA_001/20221012_030000.WAV,Telephone Field,recover-20221013,001,1795
530.0015,530.0092,45234,50716,Pipistrellus pipistrellus,0.016,0.021,-1,Echolocation,/mnt/ubna_data_02_mir/recover-20221013/UBNA_001/20221012_030000.WAV,Telephone Field,recover-20221013,001,1795
530.0015,530.0083,26328,39347,Eptesicus serotinus,0.005,0.029,-1,Echolocation,/mnt/ubna_data_02_mir/recover-20221013/UBNA_001/20221012_030000.WAV,Telephone Field,recover-20221013,001,1795
530.0085,530.0499,68437,82008,Rhinolophus ferrumequinum,0.021,0.021,-1,Echolocation,/mnt/ubna_data_02_mir/recover-20221013/UBNA_001/20221012_030000.WAV,Telephone Field,recover-20221013,001,1795
530.0435,530.0764,68437,81160,Rhinolophus ferrumequinum,0.02,0.02,-1,Echolocation,/mnt/ubna_data_02_mir/recover-20221013/UBNA_001/20221012_030000.WAV,Telephone Field,recover-20221013,001,1795
530.0955,530.1052999999999,23750,30004,Nyctalus leisleri,0.008,0.02,-1,Echolocation,/mnt/ubna_data_02_mir/recover-20221013/UBNA_001/20221012_030000.WAV,Telephone Field,recover-20221013,001,1795
530.0965,530.1362,68437,82718,Rhinolophus ferrumequinum,0.023,0.023,-1,Echolocation,/mnt/ubna_data_02_mir/recover-20221013/UBNA_001/20221012_030000.WAV,Telephone Field,recover-20221013,001,1795
530.1095,530.1481,68437,82624,Rhinolophus ferrumequinum,0.024,0.024,-1,Echolocation,/mnt/ubna_data_02_mir/recover-20221013/UBNA_001/20221012_030000.WAV,Telephone Field,recover-20221013,001,1795
530.1115,530.1178,28046,41239,Eptesicus serotinus,0.006,0.025,-1,Echolocation,/mnt/ubna_data_02_mir/recover-20221013/UBNA_001/20221012_030000.WAV,Telephone Field,recover-20221013,001,1795
530.1265,530.164,68437,81806,Rhinolophus ferrumequinum,0.024,0.024,-1,Echolocation,/mnt/ubna_data_02_mir/recover-20221013/UBNA_001/20221012_030000.WAV,Telephone Field,recover-20221013,001,1795
530.1305,530.1416,22890,26742,Nyctalus leisleri,0.013,0.023,-1,Echolocation,/mnt/ubna_data_02_mir/recover-20221013/UBNA_001/20221012_030000.WAV,Telephone Field,recover-20221013,001,1795
530.1475,530.1632,16015,20832,Nyctalus noctula,0.035,0.047,-1,Echolocation,/mnt/ubna_data_02_mir/recover-20221013/UBNA_001/20221012_030000.WAV,Telephone Field,recover-20221013,001,1795
530.1615,530.1979,68437,82475,Rhinolophus ferrumequinum,0.021,0.021,-1,Echolocation,/mnt/ubna_data_02_mir/recover-20221013/UBNA_001/20221012_030000.WAV,Telephone Field,recover-20221013,001,1795
530.1715,530.2101,68437,82251,Rhinolophus ferrumequinum,0.023,0.023,-1,Echolocation,/mnt/ubna_data_02_mir/recover-20221013/UBNA_001/20221012_030000.WAV,Telephone Field,recover-20221013,001,1795
530.2115,530.2202,26328,34726,Eptesicus serotinus,0.01,0.025,-1,Echolocation,/mnt/ubna_data_02_mir/recover-20221013/UBNA_001/20221012_030000.WAV,Telephone Field,recover-20221013,001,1795
530.2315,530.268,68437,82423,Rhinolophus ferrumequinum,0.025,0.025,-1,Echolocation,/mnt/ubna_data_02_mir/recover-20221013/UBNA_001/20221012_030000.WAV,Telephone Field,recover-20221013,001,1795
530.2605,530.2683,28046,40052,Eptesicus serotinus,0.008,0.022,-1,Echolocation,/mnt/ubna_data_02_mir/recover-20221013/UBNA_001/20221012_030000.WAV,Telephone Field,recover-20221013,001,1795
530.2915,530.2978,27187,42244,Eptesicus serotinus,0.006,0.02,-1,Echolocation,/mnt/ubna_data_02_mir/recover-20221013/UBNA_001/20221012_030000.WAV,Telephone Field,recover-20221013,001,1795
530.2995,530.336,68437,82240,Rhinolophus ferrumequinum,0.02,0.021,-1,Echolocation,/mnt/ubna_data_02_mir/recover-20221013/UBNA_001/20221012_030000.WAV,Telephone Field,recover-20221013,001,1795
530.3175,530.3589,68437,83260,Rhinolophus ferrumequinum,0.029,0.029,-1,Echolocation,/mnt/ubna_data_02_mir/recover-20221013/UBNA_001/20221012_030000.WAV,Telephone Field,recover-20221013,001,1795
530.3405,530.3524,22031,26976,Nyctalus leisleri,0.015,0.032,-1,Echolocation,/mnt/ubna_data_02_mir/recover-20221013/UBNA_001/20221012_030000.WAV,Telephone Field,recover-20221013,001,1795
530.3475,530.3581,28046,35921,Eptesicus serotinus,0.009,0.023,-1,Echolocation,/mnt/ubna_data_02_mir/recover-20221013/UBNA_001/20221012_030000.WAV,Telephone Field,recover-20221013,001,1795
530.3975,530.438,68437,83681,Rhinolophus ferrumequinum,0.03,0.03,-1,Echolocation,/mnt/ubna_data_02_mir/recover-20221013/UBNA_001/20221012_030000.WAV,Telephone Field,recover-20221013,001,1795
530.4045,530.4136,27187,35148,Eptesicus serotinus,0.009,0.021,-1,Echolocation,/mnt/ubna_data_02_mir/recover-20221013/UBNA_001/20221012_030000.WAV,Telephone Field,recover-20221013,001,1795
530.4265,530.4685,68437,82798,Rhinolophus ferrumequinum,0.024,0.024,-1,Echolocation,/mnt/ubna_data_02_mir/recover-20221013/UBNA_001/20221012_030000.WAV,Telephone Field,recover-20221013,001,1795
530.4375,530.4755,68437,81514,Rhinolophus ferrumequinum,0.028,0.028,-1,Echolocation,/mnt/ubna_data_02_mir/recover-20221013/UBNA_001/20221012_030000.WAV,Telephone Field,recover-20221013,001,1795
530.4485,530.4594,28906,37476,Eptesicus serotinus,0.01,0.021,-1,Echolocation,/mnt/ubna_data_02_mir/recover-20221013/UBNA_001/20221012_030000.WAV,Telephone Field,recover-20221013,001,1795
530.4745,530.5126,68437,81924,Rhinolophus ferrumequinum,0.023,0.023,-1,Echolocation,/mnt/ubna_data_02_mir/recover-20221013/UBNA_001/20221012_030000.WAV,Telephone Field,recover-20221013,001,1795
530.4805,530.4886,28046,38064,Eptesicus serotinus,0.008,0.021,-1,Echolocation,/mnt/ubna_data_02_mir/recover-20221013/UBNA_001/20221012_030000.WAV,Telephone Field,recover-20221013,001,1795
530.5195,530.5599,68437,82391,Rhinolophus ferrumequinum,0.024,0.024,-1,Echolocation,/mnt/ubna_data_02_mir/recover-20221013/UBNA_001/20221012_030000.WAV,Telephone Field,recover-20221013,001,1795
530.5575,530.5672,44375,48036,Pipistrellus pipistrellus,0.027,0.031,-1,Echolocation,/mnt/ubna_data_02_mir/recover-20221013/UBNA_001/20221012_030000.WAV,Telephone Field,recover-20221013,001,1795
530.5665,530.6047,68437,82075,Rhinolophus ferrumequinum,0.022,0.022,-1,Echolocation,/mnt/ubna_data_02_mir/recover-20221013/UBNA_001/20221012_030000.WAV,Telephone Field,recover-20221013,001,1795
530.5845,530.6206,68437,80605,Rhinolophus ferrumequinum,0.02,0.02,-1,Echolocation,/mnt/ubna_data_02_mir/recover-20221013/UBNA_001/20221012_030000.WAV,Telephone Field,recover-20221013,001,1795
530.5955,530.6293000000001,68437,80741,Rhinolophus ferrumequinum,0.028,0.028,-1,Echolocation,/mnt/ubna_data_02_mir/recover-20221013/UBNA_001/20221012_030000.WAV,Telephone Field,recover-20221013,001,1795
530.6505,530.6883,68437,82344,Rhinolophus ferrumequinum,0.033,0.033,-1,Echolocation,/mnt/ubna_data_02_mir/recover-20221013/UBNA_001/20221012_030000.WAV,Telephone Field,recover-20221013,001,1795
530.6635,530.702,68437,81930,Rhinolophus ferrumequinum,0.022,0.022,-1,Echolocation,/mnt/ubna_data_02_mir/recover-20221013/UBNA_001/20221012_030000.WAV,Telephone Field,recover-20221013,001,1795
530.7055,530.7118,27187,41380,Eptesicus serotinus,0.005,0.021,-1,Echolocation,/mnt/ubna_data_02_mir/recover-20221013/UBNA_001/20221012_030000.WAV,Telephone Field,recover-20221013,001,1795
530.7215,530.7555,68437,81237,Rhinolophus ferrumequinum,0.02,0.02,-1,Echolocation,/mnt/ubna_data_02_mir/recover-20221013/UBNA_001/20221012_030000.WAV,Telephone Field,recover-20221013,001,1795
530.7805,530.8214,68437,82409,Rhinolophus ferrumequinum,0.022,0.022,-1,Echolocation,/mnt/ubna_data_02_mir/recover-20221013/UBNA_001/20221012_030000.WAV,Telephone Field,recover-20221013,001,1795
530.7945,530.8313,68437,81867,Rhinolophus ferrumequinum,0.021,0.021,-1,Echolocation,/mnt/ubna_data_02_mir/recover-20221013/UBNA_001/20221012_030000.WAV,Telephone Field,recover-20221013,001,1795
530.8055,530.8451,68437,82259,Rhinolophus ferrumequinum,0.023,0.023,-1,Echolocation,/mnt/ubna_data_02_mir/recover-20221013/UBNA_001/20221012_030000.WAV,Telephone Field,recover-20221013,001,1795
530.8465,530.8541,24609,33463,Plecotus austriacus,0.006,0.021,-1,Echolocation,/mnt/ubna_data_02_mir/recover-20221013/UBNA_001/20221012_030000.WAV,Telephone Field,recover-20221013,001,1795
530.8625,530.8999,68437,82854,Rhinolophus ferrumequinum,0.03,0.03,-1,Echolocation,/mnt/ubna_data_02_mir/recover-20221013/UBNA_001/20221012_030000.WAV,Telephone Field,recover-20221013,001,1795
530.9055,530.946,68437,82868,Rhinolophus ferrumequinum,0.048,0.048,-1,Echolocation,/mnt/ubna_data_02_mir/recover-20221013/UBNA_001/20221012_030000.WAV,Telephone Field,recover-20221013,001,1795
530.9205,530.9307,22031,27618,Nyctalus leisleri,0.009,0.024,-1,Echolocation,/mnt/ubna_data_02_mir/recover-20221013/UBNA_001/20221012_030000.WAV,Telephone Field,recover-20221013,001,1795
530.9455,530.9558,22890,29470,Nyctalus leisleri,0.008,0.022,-1,Echolocation,/mnt/ubna_data_02_mir/recover-20221013/UBNA_001/20221012_030000.WAV,Telephone Field,recover-20221013,001,1795
530.9565,530.9943,68437,82099,Rhinolophus ferrumequinum,0.022,0.022,-1,Echolocation,/mnt/ubna_data_02_mir/recover-20221013/UBNA_001/20221012_030000.WAV,Telephone Field,recover-20221013,001,1795
530.9755,530.9855,27187,35848,Eptesicus serotinus,0.011,0.023,-1,Echolocation,/mnt/ubna_data_02_mir/recover-20221013/UBNA_001/20221012_030000.WAV,Telephone Field,recover-20221013,001,1795
530.9955,531.0333,68437,82299,Rhinolophus ferrumequinum,0.025,0.025,-1,Echolocation,/mnt/ubna_data_02_mir/recover-20221013/UBNA_001/20221012_030000.WAV,Telephone Field,recover-20221013,001,1795
531.0255,531.0323,26328,38747,Eptesicus serotinus,0.006,0.022,-1,Echolocation,/mnt/ubna_data_02_mir/recover-20221013/UBNA_001/20221012_030000.WAV,Telephone Field,recover-20221013,001,1795
531.0335,531.0677,68437,80718,Rhinolophus ferrumequinum,0.024,0.024,-1,Echolocation,/mnt/ubna_data_02_mir/recover-20221013/UBNA_001/20221012_030000.WAV,Telephone Field,recover-20221013,001,1795
531.0455,531.0555,22031,27090,Nyctalus leisleri,0.009,0.022,-1,Echolocation,/mnt/ubna_data_02_mir/recover-20221013/UBNA_001/20221012_030000.WAV,Telephone Field,recover-20221013,001,1795
531.0545,531.0905,68437,82481,Rhinolophus ferrumequinum,0.021,0.021,-1,Echolocation,/mnt/ubna_data_02_mir/recover-20221013/UBNA_001/20221012_030000.WAV,Telephone Field,recover-20221013,001,1795
531.0685,531.0782,23750,30569,Nyctalus leisleri,0.007,0.021,-1,Echolocation,/mnt/ubna_data_02_mir/recover-20221013/UBNA_001/20221012_030000.WAV,Telephone Field,recover-20221013,001,1795
531.0755,531.0852,24609,31168,Eptesicus serotinus,0.007,0.021,-1,Echolocation,/mnt/ubna_data_02_mir/recover-20221013/UBNA_001/20221012_030000.WAV,Telephone Field,recover-20221013,001,1795
531.1225,531.1629,68437,82772,Rhinolophus ferrumequinum,0.021,0.021,-1,Echolocation,/mnt/ubna_data_02_mir/recover-20221013/UBNA_001/20221012_030000.WAV,Telephone Field,recover-20221013,001,1795
531.1545,531.168,23750,29422,Nyctalus leisleri,0.015,0.032,-1,Echolocation,/mnt/ubna_data_02_mir/recover-20221013/UBNA_001/20221012_030000.WAV,Telephone Field,recover-20221013,001,1795
531.1665,531.2056,68437,82442,Rhinolophus ferrumequinum,0.022,0.022,-1,Echolocation,/mnt/ubna_data_02_mir/recover-20221013/UBNA_001/20221012_030000.WAV,Telephone Field,recover-20221013,001,1795
531.1755,531.2154,68437,83071,Rhinolophus ferrumequinum,0.032,0.032,-1,Echolocation,/mnt/ubna_data_02_mir/recover-20221013/UBNA_001/20221012_030000.WAV,Telephone Field,recover-20221013,001,1795
531.1805,531.1867,27187,40214,Eptesicus serotinus,0.006,0.024,-1,Echolocation,/mnt/ubna_data_02_mir/recover-20221013/UBNA_001/20221012_030000.WAV,Telephone Field,recover-20221013,001,1795
531.1925,531.2299,68437,82362,Rhinolophus ferrumequinum,0.023,0.023,-1,Echolocation,/mnt/ubna_data_02_mir/recover-20221013/UBNA_001/20221012_030000.WAV,Telephone Field,recover-20221013,001,1795
531.2335,531.2719,68437,82072,Rhinolophus ferrumequinum,0.021,0.021,-1,Echolocation,/mnt/ubna_data_02_mir/recover-20221013/UBNA_001/20221012_030000.WAV,Telephone Field,recover-20221013,001,1795
531.2395,531.249,46093,55371,Pipistrellus pipistrellus,0.017,0.025,-1,Echolocation,/mnt/ubna_data_02_mir/recover-20221013/UBNA_001/20221012_030000.WAV,Telephone Field,recover-20221013,001,1795
531.2515,531.2731,19453,22751,Nyctalus noctula,0.021,0.043,-1,Echolocation,/mnt/ubna_data_02_mir/recover-20221013/UBNA_001/20221012_030000.WAV,Telephone Field,recover-20221013,001,1795
531.2885,531.2975,28046,37782,Eptesicus serotinus,0.009,0.021,-1,Echolocation,/mnt/ubna_data_02_mir/recover-20221013/UBNA_001/20221012_030000.WAV,Telephone Field,recover-20221013,001,1795
531.2955,531.3043,29765,38137,Eptesicus serotinus,0.008,0.022,-1,Echolocation,/mnt/ubna_data_02_mir/recover-20221013/UBNA_001/20221012_030000.WAV,Telephone Field,recover-20221013,001,1795
531.3025,531.3424,68437,82859,Rhinolophus ferrumequinum,0.031,0.031,-1,Echolocation,/mnt/ubna_data_02_mir/recover-20221013/UBNA_001/20221012_030000.WAV,Telephone Field,recover-20221013,001,1795
531.3115,531.322,37500,42961,Pipistrellus nathusii,0.013,0.028,-1,Echolocation,/mnt/ubna_data_02_mir/recover-20221013/UBNA_001/20221012_030000.WAV,Telephone Field,recover-20221013,001,1795
531.3135,531.3211,31484,43437,Myotis daubentonii,0.009,0.027,-1,Echolocation,/mnt/ubna_data_02_mir/recover-20221013/UBNA_001/20221012_030000.WAV,Telephone Field,recover-20221013,001,1795
531.3235,531.356,68437,80587,Rhinolophus ferrumequinum,0.021,0.021,-1,Echolocation,/mnt/ubna_data_02_mir/recover-20221013/UBNA_001/20221012_030000.WAV,Telephone Field,recover-20221013,001,1795
531.3635,531.3708,23750,32472,Plecotus austriacus,0.013,0.029,-1,Echolocation,/mnt/ubna_data_02_mir/recover-20221013/UBNA_001/20221012_030000.WAV,Telephone Field,recover-20221013,001,1795
531.3815,531.4231,68437,82887,Rhinolophus ferrumequinum,0.032,0.032,-1,Echolocation,/mnt/ubna_data_02_mir/recover-20221013/UBNA_001/20221012_030000.WAV,Telephone Field,recover-20221013,001,1795
531.4635,531.5019,68437,82394,Rhinolophus ferrumequinum,0.021,0.021,-1,Echolocation,/mnt/ubna_data_02_mir/recover-20221013/UBNA_001/20221012_030000.WAV,Telephone Field,recover-20221013,001,1795
531.4795,531.4863,28046,38976,Eptesicus serotinus,0.007,0.022,-1,Echolocation,/mnt/ubna_data_02_mir/recover-20221013/UBNA_001/20221012_030000.WAV,Telephone Field,recover-20221013,001,1795
531.4905,531.5278,68437,81486,Rhinolophus ferrumequinum,0.028,0.028,-1,Echolocation,/mnt/ubna_data_02_mir/recover-20221013/UBNA_001/20221012_030000.WAV,Telephone Field,recover-20221013,001,1795
531.4995,531.5404,68437,82979,Rhinolophus ferrumequinum,0.029,0.029,-1,Echolocation,/mnt/ubna_data_02_mir/recover-20221013/UBNA_001/20221012_030000.WAV,Telephone Field,recover-20221013,001,1795
531.5135,531.5232,24609,31559,Eptesicus serotinus,0.008,0.023,-1,Echolocation,/mnt/ubna_data_02_mir/recover-20221013/UBNA_001/20221012_030000.WAV,Telephone Field,recover-20221013,001,1795
531.5515,531.5888,68437,81753,Rhinolophus ferrumequinum,0.022,0.022,-1,Echolocation,/mnt/ubna_data_02_mir/recover-20221013/UBNA_001/20221012_030000.WAV,Telephone Field,recover-20221013,001,1795
531.5665,531.5783,24609,30499,Nyctalus leisleri,0.016,0.041,-1,Echolocation,/mnt/ubna_data_02_mir/recover-20221013/UBNA_001/20221012_030000.WAV,Telephone Field,recover-20221013,001,1795
531.6115,531.647,68437,81416,Rhinolophus ferrumequinum,0.021,0.021,-1,Echolocation,/mnt/ubna_data_02_mir/recover-20221013/UBNA_001/20221012_030000.WAV,Telephone Field,recover-20221013,001,1795
531.6615,531.6985999999999,68437,81256,Rhinolophus ferrumequinum,0.026,0.026,-1,Echolocation,/mnt/ubna_data_02_mir/recover-20221013/UBNA_001/20221012_030000.WAV,Telephone Field,recover-20221013,001,1795
531.6725,531.7084,68437,80811,Rhinolophus ferrumequinum,0.021,0.021,-1,Echolocation,/mnt/ubna_data_02_mir/recover-20221013/UBNA_001/20221012_030000.WAV,Telephone Field,recover-20221013,001,1795
531.6935,531.7013,23750,31605,Plecotus austriacus,0.007,0.021,-1,Echolocation,/mnt/ubna_data_02_mir/recover-20221013/UBNA_001/20221012_030000.WAV,Telephone Field,recover-20221013,001,1795
531.7045,531.7443,68437,82363,Rhinolophus ferrumequinum,0.021,0.021,-1,Echolocation,/mnt/ubna_data_02_mir/recover-20221013/UBNA_001/20221012_030000.WAV,Telephone Field,recover-20221013,001,1795
531.7275,531.7647,68437,82359,Rhinolophus ferrumequinum,0.024,0.024,-1,Echolocation,/mnt/ubna_data_02_mir/recover-20221013/UBNA_001/20221012_030000.WAV,Telephone Field,recover-20221013,001,1795
531.7375,531.774,68437,82144,Rhinolophus ferrumequinum,0.025,0.025,-1,Echolocation,/mnt/ubna_data_02_mir/recover-20221013/UBNA_001/20221012_030000.WAV,Telephone Field,recover-20221013,001,1795
531.7405,531.7471,27187,42731,Eptesicus serotinus,0.007,0.024,-1,Echolocation,/mnt/ubna_data_02_mir/recover-20221013/UBNA_001/20221012_030000.WAV,Telephone Field,recover-20221013,001,1795
531.7645,531.8057,68437,82917,Rhinolophus ferrumequinum,0.024,0.024,-1,Echolocation,/mnt/ubna_data_02_mir/recover-20221013/UBNA_001/20221012_030000.WAV,Telephone Field,recover-20221013,001,1795
531.8325,531.8441,23750,30329,Nyctalus leisleri,0.009,0.026,-1,Echolocation,/mnt/ubna_data_02_mir/recover-20221013/UBNA_001/20221012_030000.WAV,Telephone Field,recover-20221013,001,1795
531.8405,531.8792,68437,82242,Rhinolophus ferrumequinum,0.022,0.022,-1,Echolocation,/mnt/ubna_data_02_mir/recover-20221013/UBNA_001/20221012_030000.WAV,Telephone Field,recover-20221013,001,1795
531.8555,531.8647,25468,33072,Eptesicus serotinus,0.008,0.021,-1,Echolocation,/mnt/ubna_data_02_mir/recover-20221013/UBNA_001/20221012_030000.WAV,Telephone Field,recover-20221013,001,1795
531.8755,531.9081,68437,80533,Rhinolophus ferrumequinum,0.02,0.02,-1,Echolocation,/mnt/ubna_data_02_mir/recover-20221013/UBNA_001/20221012_030000.WAV,Telephone Field,recover-20221013,001,1795
531.9014999999999,531.9388,68437,81892,Rhinolophus ferrumequinum,0.025,0.025,-1,Echolocation,/mnt/ubna_data_02_mir/recover-20221013/UBNA_001/20221012_030000.WAV,Telephone Field,recover-20221013,001,1795
531.9645,531.9748,23750,30671,Eptesicus serotinus,0.007,0.02,-1,Echolocation,/mnt/ubna_data_02_mir/recover-20221013/UBNA_001/20221012_030000.WAV,Telephone Field,recover-20221013,001,1795
531.9835,531.9931,22031,27878,Nyctalus leisleri,0.007,0.02,-1,Echolocation,/mnt/ubna_data_02_mir/recover-20221013/UBNA_001/20221012_030000.WAV,Telephone Field,recover-20221013,001,1795
532.0015,532.0124,22031,27570,Nyctalus leisleri,0.013,0.029,-1,Echolocation,/mnt/ubna_data_02_mir/recover-20221013/UBNA_001/20221012_030000.WAV,Telephone Field,recover-20221013,001,1795
532.0264999999999,532.0352,27187,37757,Eptesicus serotinus,0.008,0.022,-1,Echolocation,/mnt/ubna_data_02_mir/recover-20221013/UBNA_001/20221012_030000.WAV,Telephone Field,recover-20221013,001,1795
532.0555,532.0943,68437,81701,Rhinolophus ferrumequinum,0.021,0.021,-1,Echolocation,/mnt/ubna_data_02_mir/recover-20221013/UBNA_001/20221012_030000.WAV,Telephone Field,recover-20221013,001,1795
532.0595,532.0732,22890,26562,Nyctalus leisleri,0.027,0.047,-1,Echolocation,/mnt/ubna_data_02_mir/recover-20221013/UBNA_001/20221012_030000.WAV,Telephone Field,recover-20221013,001,1795
532.0635,532.1017,68437,81708,Rhinolophus ferrumequinum,0.025,0.025,-1,Echolocation,/mnt/ubna_data_02_mir/recover-20221013/UBNA_001/20221012_030000.WAV,Telephone Field,recover-20221013,001,1795
532.0905,532.1243,68437,81543,Rhinolophus ferrumequinum,0.026,0.026,-1,Echolocation,/mnt/ubna_data_02_mir/recover-20221013/UBNA_001/20221012_030000.WAV,Telephone Field,recover-20221013,001,1795
532.0915,532.0981,26328,39413,Plecotus austriacus,0.005,0.024,-1,Echolocation,/mnt/ubna_data_02_mir/recover-20221013/UBNA_001/20221012_030000.WAV,Telephone Field,recover-20221013,001,1795
532.1055,532.1111,33203,46717,Myotis daubentonii,0.014,0.03,-1,Echolocation,/mnt/ubna_data_02_mir/recover-20221013/UBNA_001/20221012_030000.WAV,Telephone Field,recover-20221013,001,1795
532.1055,532.1113,28046,49500,Eptesicus serotinus,0.007,0.028,-1,Echolocation,/mnt/ubna_data_02_mir/recover-20221013/UBNA_001/20221012_030000.WAV,Telephone Field,recover-20221013,001,1795
532.1195,532.1571,68437,82306,Rhinolophus ferrumequinum,0.022,0.022,-1,Echolocation,/mnt/ubna_data_02_mir/recover-20221013/UBNA_001/20221012_030000.WAV,Telephone Field,recover-20221013,001,1795
532.1555,532.1942,68437,82488,Rhinolophus ferrumequinum,0.022,0.022,-1,Echolocation,/mnt/ubna_data_02_mir/recover-20221013/UBNA_001/20221012_030000.WAV,Telephone Field,recover-20221013,001,1795
532.1785,532.2179,68437,82022,Rhinolophus ferrumequinum,0.023,0.023,-1,Echolocation,/mnt/ubna_data_02_mir/recover-20221013/UBNA_001/20221012_030000.WAV,Telephone Field,recover-20221013,001,1795
532.1875,532.2244,68437,81955,Rhinolophus ferrumequinum,0.021,0.021,-1,Echolocation,/mnt/ubna_data_02_mir/recover-20221013/UBNA_001/20221012_030000.WAV,Telephone Field,recover-20221013,001,1795
532.2115,532.2497,68437,82578,Rhinolophus ferrumequinum,0.025,0.025,-1,Echolocation,/mnt/ubna_data_02_mir/recover-20221013/UBNA_001/20221012_030000.WAV,Telephone Field,recover-20221013,001,1795
532.2265,532.2676,68437,82611,Rhinolophus ferrumequinum,0.022,0.022,-1,Echolocation,/mnt/ubna_data_02_mir/recover-20221013/UBNA_001/20221012_030000.WAV,Telephone Field,recover-20221013,001,1795
532.2505,532.2564,37500,48506,Myotis daubentonii,0.009,0.025,-1,Echolocation,/mnt/ubna_data_02_mir/recover-20221013/UBNA_001/20221012_030000.WAV,Telephone Field,recover-20221013,001,1795
532.2525,532.2586,27187,52366,Myotis daubentonii,0.007,0.028,-1,Echolocation,/mnt/ubna_data_02_mir/recover-20221013/UBNA_001/20221012_030000.WAV,Telephone Field,recover-20221013,001,1795
532.2845,532.2954,23750,29514,Nyctalus leisleri,0.01,0.022,-1,Echolocation,/mnt/ubna_data_02_mir/recover-20221013/UBNA_001/20221012_030000.WAV,Telephone Field,recover-20221013,001,1795
532.2915,532.3307,68437,82898,Rhinolophus ferrumequinum,0.022,0.022,-1,Echolocation,/mnt/ubna_data_02_mir/recover-20221013/UBNA_001/20221012_030000.WAV,Telephone Field,recover-20221013,001,1795
532.3345,532.3462,23750,28913,Nyctalus leisleri,0.01,0.022,-1,Echolocation,/mnt/ubna_data_02_mir/recover-20221013/UBNA_001/20221012_030000.WAV,Telephone Field,recover-20221013,001,1795
532.3415,532.3832,68437,82280,Rhinolophus ferrumequinum,0.047,0.047,-1,Echolocation,/mnt/ubna_data_02_mir/recover-20221013/UBNA_001/20221012_030000.WAV,Telephone Field,recover-20221013,001,1795
532.3545,532.366,37500,42770,Pipistrellus nathusii,0.013,0.024,-1,Echolocation,/mnt/ubna_data_02_mir/recover-20221013/UBNA_001/20221012_030000.WAV,Telephone Field,recover-20221013,001,1795
532.3735,532.4121,68437,82451,Rhinolophus ferrumequinum,0.022,0.022,-1,Echolocation,/mnt/ubna_data_02_mir/recover-20221013/UBNA_001/20221012_030000.WAV,Telephone Field,recover-20221013,001,1795
532.3865,532.3983,23750,29044,Nyctalus leisleri,0.012,0.024,-1,Echolocation,/mnt/ubna_data_02_mir/recover-20221013/UBNA_001/20221012_030000.WAV,Telephone Field,recover-20221013,001,1795
532.4035,532.4414,68437,82563,Rhinolophus ferrumequinum,0.026,0.026,-1,Echolocation,/mnt/ubna_data_02_mir/recover-20221013/UBNA_001/20221012_030000.WAV,Telephone Field,recover-20221013,001,1795
532.4095,532.4459,68437,82563,Rhinolophus ferrumequinum,0.028,0.028,-1,Echolocation,/mnt/ubna_data_02_mir/recover-20221013/UBNA_001/20221012_030000.WAV,Telephone Field,recover-20221013,001,1795
532.4785,532.491,23750,29008,Nyctalus leisleri,0.015,0.03,-1,Echolocation,/mnt/ubna_data_02_mir/recover-20221013/UBNA_001/20221012_030000.WAV,Telephone Field,recover-20221013,001,1795
532.4955,532.5053,23750,30187,Nyctalus leisleri,0.009,0.022,-1,Echolocation,/mnt/ubna_data_02_mir/recover-20221013/UBNA_001/20221012_030000.WAV,Telephone Field,recover-20221013,001,1795
532.4955,532.5347,68437,81900,Rhinolophus ferrumequinum,0.025,0.025,-1,Echolocation,/mnt/ubna_data_02_mir/recover-20221013/UBNA_001/20221012_030000.WAV,Telephone Field,recover-20221013,001,1795
532.5235,532.5612,68437,81768,Rhinolophus ferrumequinum,0.021,0.021,-1,Echolocation,/mnt/ubna_data_02_mir/recover-20221013/UBNA_001/20221012_030000.WAV,Telephone Field,recover-20221013,001,1795
532.5245,532.5328,28046,37823,Eptesicus serotinus,0.008,0.024,-1,Echolocation,/mnt/ubna_data_02_mir/recover-20221013/UBNA_001/20221012_030000.WAV,Telephone Field,recover-20221013,001,1795
532.5495,532.5605,42656,45071,Pipistrellus pipistrellus,0.028,0.033,-1,Echolocation,/mnt/ubna_data_02_mir/recover-20221013/UBNA_001/20221012_030000.WAV,Telephone Field,recover-20221013,001,1795
532.5715,532.5818,34062,40246,Eptesicus serotinus,0.007,0.023,-1,Echolocation,/mnt/ubna_data_02_mir/recover-20221013/UBNA_001/20221012_030000.WAV,Telephone Field,recover-20221013,001,1795
532.5855,532.6195,68437,81509,Rhinolophus ferrumequinum,0.022,0.022,-1,Echolocation,/mnt/ubna_data_02_mir/recover-20221013/UBNA_001/20221012_030000.WAV,Telephone Field,recover-20221013,001,1795
532.6055,532.6448,68437,82576,Rhinolophus ferrumequinum,0.024,0.024,-1,Echolocation,/mnt/ubna_data_02_mir/recover-20221013/UBNA_001/20221012_030000.WAV,Telephone Field,recover-20221013,001,1795
532.6255,532.6645,68437,82560,Rhinolophus ferrumequinum,0.021,0.021,-1,Echolocation,/mnt/ubna_data_02_mir/recover-20221013/UBNA_001/20221012_030000.WAV,Telephone Field,recover-20221013,001,1795
532.6545,532.6626,28046,44318,Eptesicus serotinus,0.007,0.021,-1,Echolocation,/mnt/ubna_data_02_mir/recover-20221013/UBNA_001/20221012_030000.WAV,Telephone Field,recover-20221013,001,1795
532.6935,532.7125,18593,21796,Nyctalus noctula,0.017,0.031,-1,Echolocation,/mnt/ubna_data_02_mir/recover-20221013/UBNA_001/20221012_030000.WAV,Telephone Field,recover-20221013,001,1795
532.7015,532.7382,68437,82327,Rhinolophus ferrumequinum,0.021,0.021,-1,Echolocation,/mnt/ubna_data_02_mir/recover-20221013/UBNA_001/20221012_030000.WAV,Telephone Field,recover-20221013,001,1795
532.7125,532.72,25468,37039,Eptesicus serotinus,0.005,0.022,-1,Echolocation,/mnt/ubna_data_02_mir/recover-20221013/UBNA_001/20221012_030000.WAV,Telephone Field,recover-20221013,001,1795
532.7485,532.7545,28046,43839,Myotis daubentonii,0.008,0.03,-1,Echolocation,/mnt/ubna_data_02_mir/recover-20221013/UBNA_001/20221012_030000.WAV,Telephone Field,recover-20221013,001,1795
532.7955,532.8337,68437,81809,Rhinolophus ferrumequinum,0.033,0.033,-1,Echolocation,/mnt/ubna_data_02_mir/recover-20221013/UBNA_001/20221012_030000.WAV,Telephone Field,recover-20221013,001,1795
532.8115,532.8204,27187,35601,Eptesicus serotinus,0.01,0.027,-1,Echolocation,/mnt/ubna_data_02_mir/recover-20221013/UBNA_001/20221012_030000.WAV,Telephone Field,recover-20221013,001,1795
532.8225,532.8627,68437,82286,Rhinolophus ferrumequinum,0.026,0.026,-1,Echolocation,/mnt/ubna_data_02_mir/recover-20221013/UBNA_001/20221012_030000.WAV,Telephone Field,recover-20221013,001,1795
532.8495,532.8583,28906,38119,Eptesicus serotinus,0.009,0.023,-1,Echolocation,/mnt/ubna_data_02_mir/recover-20221013/UBNA_001/20221012_030000.WAV,Telephone Field,recover-20221013,001,1795
532.8495,532.8583,35781,41582,Barbastellus barbastellus,0.011,0.025,-1,Echolocation,/mnt/ubna_data_02_mir/recover-20221013/UBNA_001/20221012_030000.WAV,Telephone Field,recover-20221013,001,1795
532.8865,532.8929,27187,42977,Eptesicus serotinus,0.006,0.023,-1,Echolocation,/mnt/ubna_data_02_mir/recover-20221013/UBNA_001/20221012_030000.WAV,Telephone Field,recover-20221013,001,1795
532.9065,532.915,26328,36346,Eptesicus serotinus,0.008,0.022,-1,Echolocation,/mnt/ubna_data_02_mir/recover-20221013/UBNA_001/20221012_030000.WAV,Telephone Field,recover-20221013,001,1795
532.9225,532.9333,23750,29881,Nyctalus leisleri,0.01,0.025,-1,Echolocation,/mnt/ubna_data_02_mir/recover-20221013/UBNA_001/20221012_030000.WAV,Telephone Field,recover-20221013,001,1795
532.9335,532.954,20312,23338,Nyctalus leisleri,0.018,0.034,-1,Echolocation,/mnt/ubna_data_02_mir/recover-20221013/UBNA_001/20221012_030000.WAV,Telephone Field,recover-20221013,001,1795
532.9595,532.9984,68437,82723,Rhinolophus ferrumequinum,0.022,0.022,-1,Echolocation,/mnt/ubna_data_02_mir/recover-20221013/UBNA_001/20221012_030000.WAV,Telephone Field,recover-20221013,001,1795
532.9615,532.9687,27187,44573,Eptesicus serotinus,0.007,0.022,-1,Echolocation,/mnt/ubna_data_02_mir/recover-20221013/UBNA_001/20221012_030000.WAV,Telephone Field,recover-20221013,001,1795
532.9875,533.0275,68437,82353,Rhinolophus ferrumequinum,0.023,0.023,-1,Echolocation,/mnt/ubna_data_02_mir/recover-20221013/UBNA_001/20221012_030000.WAV,Telephone Field,recover-20221013,001,1795
533.0275,533.0375,22890,28140,Nyctalus leisleri,0.01,0.021,-1,Echolocation,/mnt/ubna_data_02_mir/recover-20221013/UBNA_001/20221012_030000.WAV,Telephone Field,recover-20221013,001,1795
533.0565,533.0931,68437,82557,Rhinolophus ferrumequinum,0.025,0.025,-1,Echolocation,/mnt/ubna_data_02_mir/recover-20221013/UBNA_001/20221012_030000.WAV,Telephone Field,recover-20221013,001,1795
533.0755,533.1096,68437,80928,Rhinolophus ferrumequinum,0.021,0.021,-1,Echolocation,/mnt/ubna_data_02_mir/recover-20221013/UBNA_001/20221012_030000.WAV,Telephone Field,recover-20221013,001,1795
533.0835,533.0924,23750,30689,Nyctalus leisleri,0.007,0.023,-1,Echolocation,/mnt/ubna_data_02_mir/recover-20221013/UBNA_001/20221012_030000.WAV,Telephone Field,recover-20221013,001,1795
533.1045,533.1477,68437,82810,Rhinolophus ferrumequinum,0.04,0.04,-1,Echolocation,/mnt/ubna_data_02_mir/recover-20221013/UBNA_001/20221012_030000.WAV,Telephone Field,recover-20221013,001,1795
533.1365,533.175,68437,82148,Rhinolophus ferrumequinum,0.024,0.024,-1,Echolocation,/mnt/ubna_data_02_mir/recover-20221013/UBNA_001/20221012_030000.WAV,Telephone Field,recover-20221013,001,1795
533.1685,533.2058,68437,81953,Rhinolophus ferrumequinum,0.024,0.024,-1,Echolocation,/mnt/ubna_data_02_mir/recover-20221013/UBNA_001/20221012_030000.WAV,Telephone Field,recover-20221013,001,1795
533.1845,533.2228,68437,82690,Rhinolophus ferrumequinum,0.022,0.022,-1,Echolocation,/mnt/ubna_data_02_mir/recover-20221013/UBNA_001/20221012_030000.WAV,Telephone Field,recover-20221013,001,1795
533.2035,533.243,68437,82751,Rhinolophus ferrumequinum,0.023,0.023,-1,Echolocation,/mnt/ubna_data_02_mir/recover-20221013/UBNA_001/20221012_030000.WAV,Telephone Field,recover-20221013,001,1795
533.2665,533.304,68437,81987,Rhinolophus ferrumequinum,0.024,0.025,-1,Echolocation,/mnt/ubna_data_02_mir/recover-20221013/UBNA_001/20221012_030000.WAV,Telephone Field,recover-20221013,001,1795
533.3005,533.3365,68437,80401,Rhinolophus ferrumequinum,0.023,0.024,-1,Echolocation,/mnt/ubna_data_02_mir/recover-20221013/UBNA_001/20221012_030000.WAV,Telephone Field,recover-20221013,001,1795
533.3285,533.3394,22890,28756,Nyctalus leisleri,0.01,0.023,-1,Echolocation,/mnt/ubna_data_02_mir/recover-20221013/UBNA_001/20221012_030000.WAV,Telephone Field,recover-20221013,001,1795
533.3365,533.3478,22890,28364,Nyctalus leisleri,0.01,0.023,-1,Echolocation,/mnt/ubna_data_02_mir/recover-20221013/UBNA_001/20221012_030000.WAV,Telephone Field,recover-20221013,001,1795
533.3405,533.348,27187,39408,Eptesicus serotinus,0.007,0.024,-1,Echolocation,/mnt/ubna_data_02_mir/recover-20221013/UBNA_001/20221012_030000.WAV,Telephone Field,recover-20221013,001,1795
533.3485000000001,533.3866,68437,81772,Rhinolophus ferrumequinum,0.022,0.022,-1,Echolocation,/mnt/ubna_data_02_mir/recover-20221013/UBNA_001/20221012_030000.WAV,Telephone Field,recover-20221013,001,1795
533.3745,533.415,68437,82775,Rhinolophus ferrumequinum,0.03,0.03,-1,Echolocation,/mnt/ubna_data_02_mir/recover-20221013/UBNA_001/20221012_030000.WAV,Telephone Field,recover-20221013,001,1795
533.4275,533.4334,35781,50323,Myotis daubentonii,0.012,0.022,-1,Echolocation,/mnt/ubna_data_02_mir/recover-20221013/UBNA_001/20221012_030000.WAV,Telephone Field,recover-20221013,001,1795
533.4305,533.4405,22890,28812,Nyctalus leisleri,0.01,0.023,-1,Echolocation,/mnt/ubna_data_02_mir/recover-20221013/UBNA_001/20221012_030000.WAV,Telephone Field,recover-20221013,001,1795
533.4425,533.4813,68437,81848,Rhinolophus ferrumequinum,0.021,0.021,-1,Echolocation,/mnt/ubna_data_02_mir/recover-20221013/UBNA_001/20221012_030000.WAV,Telephone Field,recover-20221013,001,1795
533.4515,533.4592,28046,37417,Eptesicus serotinus,0.006,0.021,-1,Echolocation,/mnt/ubna_data_02_mir/recover-20221013/UBNA_001/20221012_030000.WAV,Telephone Field,recover-20221013,001,1795
533.4585,533.4661,51250,58990,Pipistrellus pipistrellus,0.017,0.023,-1,Echolocation,/mnt/ubna_data_02_mir/recover-20221013/UBNA_001/20221012_030000.WAV,Telephone Field,recover-20221013,001,1795
533.4635,533.4776,22890,26865,Nyctalus leisleri,0.019,0.031,-1,Echolocation,/mnt/ubna_data_02_mir/recover-20221013/UBNA_001/20221012_030000.WAV,Telephone Field,recover-20221013,001,1795
533.4775,533.5143,68437,82133,Rhinolophus ferrumequinum,0.021,0.021,-1,Echolocation,/mnt/ubna_data_02_mir/recover-20221013/UBNA_001/20221012_030000.WAV,Telephone Field,recover-20221013,001,1795
533.5065,533.5452,68437,82396,Rhinolophus ferrumequinum,0.021,0.021,-1,Echolocation,/mnt/ubna_data_02_mir/recover-20221013/UBNA_001/20221012_030000.WAV,Telephone Field,recover-20221013,001,1795
533.5315,533.5397,23750,31495,Plecotus austriacus,0.008,0.023,-1,Echolocation,/mnt/ubna_data_02_mir/recover-20221013/UBNA_001/20221012_030000.WAV,Telephone Field,recover-20221013,001,1795
533.5455,533.5534,28906,38480,Eptesicus serotinus,0.01,0.027,-1,Echolocation,/mnt/ubna_data_02_mir/recover-20221013/UBNA_001/20221012_030000.WAV,Telephone Field,recover-20221013,001,1795
533.5505,533.5878,68437,81917,Rhinolophus ferrumequinum,0.023,0.023,-1,Echolocation,/mnt/ubna_data_02_mir/recover-20221013/UBNA_001/20221012_030000.WAV,Telephone Field,recover-20221013,001,1795
533.6325,533.6541,17734,21016,Nyctalus noctula,0.012,0.022,-1,Echolocation,/mnt/ubna_data_02_mir/recover-20221013/UBNA_001/20221012_030000.WAV,Telephone Field,recover-20221013,001,1795
533.6545,533.693,68437,82070,Rhinolophus ferrumequinum,0.025,0.025,-1,Echolocation,/mnt/ubna_data_02_mir/recover-20221013/UBNA_001/20221012_030000.WAV,Telephone Field,recover-20221013,001,1795
533.6695,533.7086,68437,82256,Rhinolophus ferrumequinum,0.022,0.022,-1,Echolocation,/mnt/ubna_data_02_mir/recover-20221013/UBNA_001/20221012_030000.WAV,Telephone Field,recover-20221013,001,1795
533.6965,533.7311,68437,80785,Rhinolophus ferrumequinum,0.022,0.022,-1,Echolocation,/mnt/ubna_data_02_mir/recover-20221013/UBNA_001/20221012_030000.WAV,Telephone Field,recover-20221013,001,1795
533.7045,533.7134,24609,32509,Eptesicus serotinus,0.007,0.022,-1,Echolocation,/mnt/ubna_data_02_mir/recover-20221013/UBNA_001/20221012_030000.WAV,Telephone Field,recover-20221013,001,1795
533.7215,533.733,28046,34369,Eptesicus serotinus,0.021,0.038,-1,Echolocation,/mnt/ubna_data_02_mir/recover-20221013/UBNA_001/20221012_030000.WAV,Telephone Field,recover-20221013,001,1795
533.7515,533.7867,68437,80551,Rhinolophus ferrumequinum,0.022,0.022,-1,Echolocation,/mnt/ubna_data_02_mir/recover-20221013/UBNA_001/20221012_030000.WAV,Telephone Field,recover-20221013,001,1795
533.7585,533.7644,27187,41025,Myotis daubentonii,0.006,0.029,-1,Echolocation,/mnt/ubna_data_02_mir/recover-20221013/UBNA_001/20221012_030000.WAV,Telephone Field,recover-20221013,001,1795
533.7775,533.8171,68437,82317,Rhinolophus ferrumequinum,0.021,0.021,-1,Echolocation,/mnt/ubna_data_02_mir/recover-20221013/UBNA_001/20221012_030000.WAV,Telephone Field,recover-20221013,001,1795
533.7925,533.832,68437,82210,Rhinolophus ferrumequinum,0.021,0.021,-1,Echolocation,/mnt/ubna_data_02_mir/recover-20221013/UBNA_001/20221012_030000.WAV,Telephone Field,recover-20221013,001,1795
533.8015,533.8395,68437,82063,Rhinolophus ferrumequinum,0.022,0.022,-1,Echolocation,/mnt/ubna_data_02_mir/recover-20221013/UBNA_001/20221012_030000.WAV,Telephone Field,recover-20221013,001,1795
533.8125,533.8204,46093,50796,Pipistrellus pipistrellus,0.041,0.042,-1,Echolocation,/mnt/ubna_data_02_mir/recover-20221013/UBNA_001/20221012_030000.WAV,Telephone Field,recover-20221013,001,1795
533.8725,533.9118,68437,82480,Rhinolophus ferrumequinum,0.023,0.024,-1,Echolocation,/mnt/ubna_data_02_mir/recover-20221013/UBNA_001/20221012_030000.WAV,Telephone Field,recover-20221013,001,1795
533.9345,533.9739,68437,81677,Rhinolophus ferrumequinum,0.025,0.025,-1,Echolocation,/mnt/ubna_data_02_mir/recover-20221013/UBNA_001/20221012_030000.WAV,Telephone Field,recover-20221013,001,1795
533.9635,533.9701,33203,42880,Myotis daubentonii,0.016,0.036,-1,Echolocation,/mnt/ubna_data_02_mir/recover-20221013/UBNA_001/20221012_030000.WAV,Telephone Field,recover-20221013,001,1795
534.0015,534.0337,68437,80214,Rhinolophus ferrumequinum,0.022,0.022,-1,Echolocation,/mnt/ubna_data_02_mir/recover-20221013/UBNA_001/20221012_030000.WAV,Telephone Field,recover-20221013,001,1795
534.0015,534.0161,59843,66400,Pipistrellus pygmaeus,0.021,0.021,-1,Echolocation,/mnt/ubna_data_02_mir/recover-20221013/UBNA_001/20221012_030000.WAV,Telephone Field,recover-20221013,001,1795
534.0015,534.0113,22890,28770,Nyctalus leisleri,0.015,0.033,-1,Echolocation,/mnt/ubna_data_02_mir/recover-20221013/UBNA_001/20221012_030000.WAV,Telephone Field,recover-20221013,001,1795
534.0145,534.024,22890,28147,Nyctalus leisleri,0.008,0.021,-1,Echolocation,/mnt/ubna_data_02_mir/recover-20221013/UBNA_001/20221012_030000.WAV,Telephone Field,recover-20221013,001,1795
534.0175,534.056,68437,82792,Rhinolophus ferrumequinum,0.024,0.024,-1,Echolocation,/mnt/ubna_data_02_mir/recover-20221013/UBNA_001/20221012_030000.WAV,Telephone Field,recover-20221013,001,1795
534.0325,534.0391,24609,32609,Plecotus austriacus,0.009,0.022,-1,Echolocation,/mnt/ubna_data_02_mir/recover-20221013/UBNA_001/20221012_030000.WAV,Telephone Field,recover-20221013,001,1795
534.0385,534.0737,68437,81795,Rhinolophus ferrumequinum,0.021,0.021,-1,Echolocation,/mnt/ubna_data_02_mir/recover-20221013/UBNA_001/20221012_030000.WAV,Telephone Field,recover-20221013,001,1795
534.0685,534.0802,36640,40865,Pipistrellus nathusii,0.017,0.036,-1,Echolocation,/mnt/ubna_data_02_mir/recover-20221013/UBNA_001/20221012_030000.WAV,Telephone Field,recover-20221013,001,1795
534.0825,534.1192,68437,82452,Rhinolophus ferrumequinum,0.021,0.021,-1,Echolocation,/mnt/ubna_data_02_mir/recover-20221013/UBNA_001/20221012_030000.WAV,Telephone Field,recover-20221013,001,1795
534.1115,534.1258,22890,27855,Nyctalus leisleri,0.016,0.03,-1,Echolocation,/mnt/ubna_data_02_mir/recover-20221013/UBNA_001/20221012_030000.WAV,Telephone Field,recover-20221013,001,1795
534.1265,534.1399,22890,27214,Nyctalus leisleri,0.015,0.026,-1,Echolocation,/mnt/ubna_data_02_mir/recover-20221013/UBNA_001/20221012_030000.WAV,Telephone Field,recover-20221013,001,1795
534.1385,534.1765,68437,81416,Rhinolophus ferrumequinum,0.021,0.022,-1,Echolocation,/mnt/ubna_data_02_mir/recover-20221013/UBNA_001/20221012_030000.WAV,Telephone Field,recover-20221013,001,1795
534.1885,534.2274,68437,82229,Rhinolophus ferrumequinum,0.021,0.021,-1,Echolocation,/mnt/ubna_data_02_mir/recover-20221013/UBNA_001/20221012_030000.WAV,Telephone Field,recover-20221013,001,1795
534.2055,534.2134,22890,30376,Plecotus austriacus,0.009,0.022,-1,Echolocation,/mnt/ubna_data_02_mir/recover-20221013/UBNA_001/20221012_030000.WAV,Telephone Field,recover-20221013,001,1795
534.2165,534.2544,68437,81949,Rhinolophus ferrumequinum,0.021,0.021,-1,Echolocation,/mnt/ubna_data_02_mir/recover-20221013/UBNA_001/20221012_030000.WAV,Telephone Field,recover-20221013,001,1795
534.2255,534.2362,28046,34841,Eptesicus serotinus,0.01,0.021,-1,Echolocation,/mnt/ubna_data_02_mir/recover-20221013/UBNA_001/20221012_030000.WAV,Telephone Field,recover-20221013,001,1795
534.2465,534.2823,68437,82116,Rhinolophus ferrumequinum,0.023,0.023,-1,Echolocation,/mnt/ubna_data_02_mir/recover-20221013/UBNA_001/20221012_030000.WAV,Telephone Field,recover-20221013,001,1795
534.2515,534.2595,23750,30730,Plecotus austriacus,0.008,0.021,-1,Echolocation,/mnt/ubna_data_02_mir/recover-20221013/UBNA_001/20221012_030000.WAV,Telephone Field,recover-20221013,001,1795
534.2575,534.2951,68437,82406,Rhinolophus ferrumequinum,0.023,0.023,-1,Echolocation,/mnt/ubna_data_02_mir/recover-20221013/UBNA_001/20221012_030000.WAV,Telephone Field,recover-20221013,001,1795
534.2725,534.2811,23750,31239,Plecotus austriacus,0.007,0.02,-1,Echolocation,/mnt/ubna_data_02_mir/recover-20221013/UBNA_001/20221012_030000.WAV,Telephone Field,recover-20221013,001,1795
534.2785,534.3116,68437,81251,Rhinolophus ferrumequinum,0.021,0.021,-1,Echolocation,/mnt/ubna_data_02_mir/recover-20221013/UBNA_001/20221012_030000.WAV,Telephone Field,recover-20221013,001,1795
534.3265,534.3663,68437,82042,Rhinolophus ferrumequinum,0.021,0.021,-1,Echolocation,/mnt/ubna_data_02_mir/recover-20221013/UBNA_001/20221012_030000.WAV,Telephone Field,recover-20221013,001,1795
534.3335,534.3723,68437,82181,Rhinolophus ferrumequinum,0.022,0.022,-1,Echolocation,/mnt/ubna_data_02_mir/recover-20221013/UBNA_001/20221012_030000.WAV,Telephone Field,recover-20221013,001,1795
534.3555,534.3655,22031,27805,Nyctalus leisleri,0.008,0.022,-1,Echolocation,/mnt/ubna_data_02_mir/recover-20221013/UBNA_001/20221012_030000.WAV,Telephone Field,recover-20221013,001,1795
534.4085,534.4441,68437,81404,Rhinolophus ferrumequinum,0.02,0.021,-1,Echolocation,/mnt/ubna_data_02_mir/recover-20221013/UBNA_001/20221012_030000.WAV,Telephone Field,recover-20221013,001,1795
534.4575,534.4675,44375,50987,Pipistrellus pipistrellus,0.017,0.021,-1,Echolocation,/mnt/ubna_data_02_mir/recover-20221013/UBNA_001/20221012_030000.WAV,Telephone Field,recover-20221013,001,1795
534.4595,534.5018,68437,83311,Rhinolophus ferrumequinum,0.035,0.035,-1,Echolocation,/mnt/ubna_data_02_mir/recover-20221013/UBNA_001/20221012_030000.WAV,Telephone Field,recover-20221013,001,1795
534.4675,534.474,25468,42375,Plecotus austriacus,0.008,0.032,-1,Echolocation,/mnt/ubna_data_02_mir/recover-20221013/UBNA_001/20221012_030000.WAV,Telephone Field,recover-20221013,001,1795
534.4795,534.4967,24609,28924,Nyctalus leisleri,0.015,0.031,-1,Echolocation,/mnt/ubna_data_02_mir/recover-20221013/UBNA_001/20221012_030000.WAV,Telephone Field,recover-20221013,001,1795
534.5185,534.5274,28046,39692,Eptesicus serotinus,0.008,0.02,-1,Echolocation,/mnt/ubna_data_02_mir/recover-20221013/UBNA_001/20221012_030000.WAV,Telephone Field,recover-20221013,001,1795
534.5275,534.5693,68437,83032,Rhinolophus ferrumequinum,0.028,0.028,-1,Echolocation,/mnt/ubna_data_02_mir/recover-20221013/UBNA_001/20221012_030000.WAV,Telephone Field,recover-20221013,001,1795
534.5295,534.5384,25468,33445,Nyctalus leisleri,0.007,0.025,-1,Echolocation,/mnt/ubna_data_02_mir/recover-20221013/UBNA_001/20221012_030000.WAV,Telephone Field,recover-20221013,001,1795
534.6155,534.6215,28906,42235,Plecotus auritus,0.005,0.024,-1,Echolocation,/mnt/ubna_data_02_mir/recover-20221013/UBNA_001/20221012_030000.WAV,Telephone Field,recover-20221013,001,1795
534.6275,534.6661,68437,82290,Rhinolophus ferrumequinum,0.021,0.021,-1,Echolocation,/mnt/ubna_data_02_mir/recover-20221013/UBNA_001/20221012_030000.WAV,Telephone Field,recover-20221013,001,1795
534.6605,534.6979,68437,81444,Rhinolophus ferrumequinum,0.021,0.021,-1,Echolocation,/mnt/ubna_data_02_mir/recover-20221013/UBNA_001/20221012_030000.WAV,Telephone Field,recover-20221013,001,1795
534.6645,534.6712,24609,33667,Plecotus austriacus,0.013,0.029,-1,Echolocation,/mnt/ubna_data_02_mir/recover-20221013/UBNA_001/20221012_030000.WAV,Telephone Field,recover-20221013,001,1795
534.6665,534.6749,14296,27833,Plecotus auritus,0.013,0.021,-1,Echolocation,/mnt/ubna_data_02_mir/recover-20221013/UBNA_001/20221012_030000.WAV,Telephone Field,recover-20221013,001,1795
534.6795,534.7154,68437,81896,Rhinolophus ferrumequinum,0.024,0.024,-1,Echolocation,/mnt/ubna_data_02_mir/recover-20221013/UBNA_001/20221012_030000.WAV,Telephone Field,recover-20221013,001,1795
534.7255,534.7621,68437,82552,Rhinolophus ferrumequinum,0.021,0.021,-1,Echolocation,/mnt/ubna_data_02_mir/recover-20221013/UBNA_001/20221012_030000.WAV,Telephone Field,recover-20221013,001,1795
534.7285,534.7371,23750,30966,Plecotus austriacus,0.007,0.02,-1,Echolocation,/mnt/ubna_data_02_mir/recover-20221013/UBNA_001/20221012_030000.WAV,Telephone Field,recover-20221013,001,1795
534.7405,534.7474,26328,35763,Plecotus austriacus,0.005,0.021,-1,Echolocation,/mnt/ubna_data_02_mir/recover-20221013/UBNA_001/20221012_030000.WAV,Telephone Field,recover-20221013,001,1795
534.7415,534.7792,68437,81670,Rhinolophus ferrumequinum,0.021,0.021,-1,Echolocation,/mnt/ubna_data_02_mir/recover-20221013/UBNA_001/20221012_030000.WAV,Telephone Field,recover-20221013,001,1795
534.7735,534.7846,24609,30171,Nyctalus leisleri,0.01,0.026,-1,Echolocation,/mnt/ubna_data_02_mir/recover-20221013/UBNA_001/20221012_030000.WAV,Telephone Field,recover-20221013,001,1795
534.8295,534.8662,68437,81676,Rhinolophus ferrumequinum,0.021,0.021,-1,Echolocation,/mnt/ubna_data_02_mir/recover-20221013/UBNA_001/20221012_030000.WAV,Telephone Field,recover-20221013,001,1795
534.8525,534.8884,68437,81572,Rhinolophus ferrumequinum,0.021,0.021,-1,Echolocation,/mnt/ubna_data_02_mir/recover-20221013/UBNA_001/20221012_030000.WAV,Telephone Field,recover-20221013,001,1795
534.8925,534.9306,68437,82328,Rhinolophus ferrumequinum,0.023,0.023,-1,Echolocation,/mnt/ubna_data_02_mir/recover-20221013/UBNA_001/20221012_030000.WAV,Telephone Field,recover-20221013,001,1795
534.9014999999999,534.9089,23750,32354,Plecotus austriacus,0.01,0.024,-1,Echolocation,/mnt/ubna_data_02_mir/recover-20221013/UBNA_001/20221012_030000.WAV,Telephone Field,recover-20221013,001,1795
534.9075,534.9444,68437,81611,Rhinolophus ferrumequinum,0.021,0.021,-1,Echolocation,/mnt/ubna_data_02_mir/recover-20221013/UBNA_001/20221012_030000.WAV,Telephone Field,recover-20221013,001,1795
534.9135,534.9505,68437,82284,Rhinolophus ferrumequinum,0.02,0.02,-1,Echolocation,/mnt/ubna_data_02_mir/recover-20221013/UBNA_001/20221012_030000.WAV,Telephone Field,recover-20221013,001,1795
534.9345,534.9744,68437,82745,Rhinolophus ferrumequinum,0.022,0.022,-1,Echolocation,/mnt/ubna_data_02_mir/recover-20221013/UBNA_001/20221012_030000.WAV,Telephone Field,recover-20221013,001,1795
534.9355,534.9418000000001,28046,41284,Eptesicus serotinus,0.006,0.027,-1,Echolocation,/mnt/ubna_data_02_mir/recover-20221013/UBNA_001/20221012_030000.WAV,Telephone Field,recover-20221013,001,1795
535.0045,535.0110999999999,24609,34369,Plecotus austriacus,0.012,0.027,-1,Echolocation,/mnt/ubna_data_02_mir/recover-20221013/UBNA_001/20221012_030000.WAV,Telephone Field,recover-20221013,001,1795
535.0115,535.0496,68437,82240,Rhinolophus ferrumequinum,0.022,0.022,-1,Echolocation,/mnt/ubna_data_02_mir/recover-20221013/UBNA_001/20221012_030000.WAV,Telephone Field,recover-20221013,001,1795
535.0465,535.0882,68437,82380,Rhinolophus ferrumequinum,0.024,0.024,-1,Echolocation,/mnt/ubna_data_02_mir/recover-20221013/UBNA_001/20221012_030000.WAV,Telephone Field,recover-20221013,001,1795
535.0715,535.1093,68437,82824,Rhinolophus ferrumequinum,0.023,0.023,-1,Echolocation,/mnt/ubna_data_02_mir/recover-20221013/UBNA_001/20221012_030000.WAV,Telephone Field,recover-20221013,001,1795
535.0865,535.1189,68437,81021,Rhinolophus ferrumequinum,0.021,0.021,-1,Echolocation,/mnt/ubna_data_02_mir/recover-20221013/UBNA_001/20221012_030000.WAV,Telephone Field,recover-20221013,001,1795
535.1205,535.1617,68437,82456,Rhinolophus ferrumequinum,0.022,0.023,-1,Echolocation,/mnt/ubna_data_02_mir/recover-20221013/UBNA_001/20221012_030000.WAV,Telephone Field,recover-20221013,001,1795
535.1275,535.1362,23750,31869,Plecotus austriacus,0.005,0.02,-1,Echolocation,/mnt/ubna_data_02_mir/recover-20221013/UBNA_001/20221012_030000.WAV,Telephone Field,recover-20221013,001,1795
535.2105,535.2199,23750,31214,Nyctalus leisleri,0.007,0.023,-1,Echolocation,/mnt/ubna_data_02_mir/recover-20221013/UBNA_001/20221012_030000.WAV,Telephone Field,recover-20221013,001,1795
535.2395,535.2463,26328,38249,Eptesicus serotinus,0.005,0.021,-1,Echolocation,/mnt/ubna_data_02_mir/recover-20221013/UBNA_001/20221012_030000.WAV,Telephone Field,recover-20221013,001,1795
535.2565,535.2951,68437,82575,Rhinolophus ferrumequinum,0.028,0.028,-1,Echolocation,/mnt/ubna_data_02_mir/recover-20221013/UBNA_001/20221012_030000.WAV,Telephone Field,recover-20221013,001,1795
535.3205,535.36,68437,81781,Rhinolophus ferrumequinum,0.022,0.022,-1,Echolocation,/mnt/ubna_data_02_mir/recover-20221013/UBNA_001/20221012_030000.WAV,Telephone Field,recover-20221013,001,1795
535.3575,535.3669,22031,27210,Nyctalus leisleri,0.008,0.021,-1,Echolocation,/mnt/ubna_data_02_mir/recover-20221013/UBNA_001/20221012_030000.WAV,Telephone Field,recover-20221013,001,1795
535.3725,535.4106,68437,82132,Rhinolophus ferrumequinum,0.02,0.02,-1,Echolocation,/mnt/ubna_data_02_mir/recover-20221013/UBNA_001/20221012_030000.WAV,Telephone Field,recover-20221013,001,1795
535.4045,535.4414,68437,81472,Rhinolophus ferrumequinum,0.021,0.021,-1,Echolocation,/mnt/ubna_data_02_mir/recover-20221013/UBNA_001/20221012_030000.WAV,Telephone Field,recover-20221013,001,1795
535.4215,535.4291,26328,35544,Eptesicus serotinus,0.007,0.022,-1,Echolocation,/mnt/ubna_data_02_mir/recover-20221013/UBNA_001/20221012_030000.WAV,Telephone Field,recover-20221013,001,1795
535.4485,535.4571,23750,31916,Plecotus austriacus,0.009,0.024,-1,Echolocation,/mnt/ubna_data_02_mir/recover-20221013/UBNA_001/20221012_030000.WAV,Telephone Field,recover-20221013,001,1795
535.4755,535.4852,22031,27710,Plecotus austriacus,0.008,0.022,-1,Echolocation,/mnt/ubna_data_02_mir/recover-20221013/UBNA_001/20221012_030000.WAV,Telephone Field,recover-20221013,001,1795
535.5085,535.5451,68437,81599,Rhinolophus ferrumequinum,0.02,0.02,-1,Echolocation,/mnt/ubna_data_02_mir/recover-20221013/UBNA_001/20221012_030000.WAV,Telephone Field,recover-20221013,001,1795
535.5195,535.5299,22031,26829,Nyctalus leisleri,0.011,0.024,-1,Echolocation,/mnt/ubna_data_02_mir/recover-20221013/UBNA_001/20221012_030000.WAV,Telephone Field,recover-20221013,001,1795
535.5264999999999,535.5624,68437,81505,Rhinolophus ferrumequinum,0.022,0.022,-1,Echolocation,/mnt/ubna_data_02_mir/recover-20221013/UBNA_001/20221012_030000.WAV,Telephone Field,recover-20221013,001,1795
535.5325,535.5685,68437,81507,Rhinolophus ferrumequinum,0.021,0.021,-1,Echolocation,/mnt/ubna_data_02_mir/recover-20221013/UBNA_001/20221012_030000.WAV,Telephone Field,recover-20221013,001,1795
535.5795,535.616,68437,81659,Rhinolophus ferrumequinum,0.022,0.022,-1,Echolocation,/mnt/ubna_data_02_mir/recover-20221013/UBNA_001/20221012_030000.WAV,Telephone Field,recover-20221013,001,1795
535.6375,535.6721,68437,80730,Rhinolophus ferrumequinum,0.024,0.024,-1,Echolocation,/mnt/ubna_data_02_mir/recover-20221013/UBNA_001/20221012_030000.WAV,Telephone Field,recover-20221013,001,1795
535.6495,535.6841,68437,81495,Rhinolophus ferrumequinum,0.021,0.021,-1,Echolocation,/mnt/ubna_data_02_mir/recover-20221013/UBNA_001/20221012_030000.WAV,Telephone Field,recover-20221013,001,1795
535.6715,535.7075,68437,81562,Rhinolophus ferrumequinum,0.028,0.028,-1,Echolocation,/mnt/ubna_data_02_mir/recover-20221013/UBNA_001/20221012_030000.WAV,Telephone Field,recover-20221013,001,1795
535.6855,535.7246,68437,82294,Rhinolophus ferrumequinum,0.023,0.023,-1,Echolocation,/mnt/ubna_data_02_mir/recover-20221013/UBNA_001/20221012_030000.WAV,Telephone Field,recover-20221013,001,1795
535.7105,535.7468,68437,81354,Rhinolophus ferrumequinum,0.022,0.022,-1,Echolocation,/mnt/ubna_data_02_mir/recover-20221013/UBNA_001/20221012_030000.WAV,Telephone Field,recover-20221013,001,1795
535.7195,535.7585,68437,82203,Rhinolophus ferrumequinum,0.025,0.025,-1,Echolocation,/mnt/ubna_data_02_mir/recover-20221013/UBNA_001/20221012_030000.WAV,Telephone Field,recover-20221013,001,1795
535.7245,535.7345,26328,33392,Eptesicus serotinus,0.01,0.025,-1,Echolocation,/mnt/ubna_data_02_mir/recover-20221013/UBNA_001/20221012_030000.WAV,Telephone Field,recover-20221013,001,1795
535.7645,535.8033,68437,82103,Rhinolophus ferrumequinum,0.021,0.021,-1,Echolocation,/mnt/ubna_data_02_mir/recover-20221013/UBNA_001/20221012_030000.WAV,Telephone Field,recover-20221013,001,1795
535.7805,535.7889,28906,39699,Eptesicus serotinus,0.007,0.021,-1,Echolocation,/mnt/ubna_data_02_mir/recover-20221013/UBNA_001/20221012_030000.WAV,Telephone Field,recover-20221013,001,1795
535.8025,535.838,68437,81802,Rhinolophus ferrumequinum,0.025,0.025,-1,Echolocation,/mnt/ubna_data_02_mir/recover-20221013/UBNA_001/20221012_030000.WAV,Telephone Field,recover-20221013,001,1795
535.8515,535.8616,22031,27632,Nyctalus leisleri,0.009,0.022,-1,Echolocation,/mnt/ubna_data_02_mir/recover-20221013/UBNA_001/20221012_030000.WAV,Telephone Field,recover-20221013,001,1795
535.8515,535.8584,26328,39765,Eptesicus serotinus,0.005,0.022,-1,Echolocation,/mnt/ubna_data_02_mir/recover-20221013/UBNA_001/20221012_030000.WAV,Telephone Field,recover-20221013,001,1795
535.8535,535.8923,68437,82647,Rhinolophus ferrumequinum,0.023,0.023,-1,Echolocation,/mnt/ubna_data_02_mir/recover-20221013/UBNA_001/20221012_030000.WAV,Telephone Field,recover-20221013,001,1795
535.8915,535.9274,68437,81695,Rhinolophus ferrumequinum,0.022,0.022,-1,Echolocation,/mnt/ubna_data_02_mir/recover-20221013/UBNA_001/20221012_030000.WAV,Telephone Field,recover-20221013,001,1795
536.0015,536.0087,23750,33135,Nyctalus leisleri,0.006,0.023,-1,Echolocation,/mnt/ubna_data_02_mir/recover-20221013/UBNA_001/20221012_030000.WAV,Telephone Field,recover-20221013,001,1795
536.0015,536.0103,29765,38616,Eptesicus serotinus,0.007,0.023,-1,Echolocation,/mnt/ubna_data_02_mir/recover-20221013/UBNA_001/20221012_030000.WAV,Telephone Field,recover-20221013,001,1795
536.0015,536.0336,68437,80004,Rhinolophus ferrumequinum,0.027,0.027,-1,Echolocation,/mnt/ubna_data_02_mir/recover-20221013/UBNA_001/20221012_030000.WAV,Telephone Field,recover-20221013,001,1795
536.0095,536.0528,68437,82485,Rhinolophus ferrumequinum,0.021,0.021,-1,Echolocation,/mnt/ubna_data_02_mir/recover-20221013/UBNA_001/20221012_030000.WAV,Telephone Field,recover-20221013,001,1795
536.0515,536.0601,28906,37671,Eptesicus serotinus,0.008,0.021,-1,Echolocation,/mnt/ubna_data_02_mir/recover-20221013/UBNA_001/20221012_030000.WAV,Telephone Field,recover-20221013,001,1795
536.0905,536.1293000000001,68437,82300,Rhinolophus ferrumequinum,0.026,0.026,-1,Echolocation,/mnt/ubna_data_02_mir/recover-20221013/UBNA_001/20221012_030000.WAV,Telephone Field,recover-20221013,001,1795
536.1135,536.1556,68437,82474,Rhinolophus ferrumequinum,0.035,0.035,-1,Echolocation,/mnt/ubna_data_02_mir/recover-20221013/UBNA_001/20221012_030000.WAV,Telephone Field,recover-20221013,001,1795
536.1175,536.1283,22890,28933,Nyctalus leisleri,0.01,0.025,-1,Echolocation,/mnt/ubna_data_02_mir/recover-20221013/UBNA_001/20221012_030000.WAV,Telephone Field,recover-20221013,001,1795
536.1195,536.1264,28046,41697,Eptesicus serotinus,0.007,0.026,-1,Echolocation,/mnt/ubna_data_02_mir/recover-20221013/UBNA_001/20221012_030000.WAV,Telephone Field,recover-20221013,001,1795
536.1565,536.1951,68437,82205,Rhinolophus ferrumequinum,0.022,0.022,-1,Echolocation,/mnt/ubna_data_02_mir/recover-20221013/UBNA_001/20221012_030000.WAV,Telephone Field,recover-20221013,001,1795
536.1755,536.2147,68437,82245,Rhinolophus ferrumequinum,0.02,0.02,-1,Echolocation,/mnt/ubna_data_02_mir/recover-20221013/UBNA_001/20221012_030000.WAV,Telephone Field,recover-20221013,001,1795
536.1845,536.2206,68437,81531,Rhinolophus ferrumequinum,0.022,0.022,-1,Echolocation,/mnt/ubna_data_02_mir/recover-20221013/UBNA_001/20221012_030000.WAV,Telephone Field,recover-20221013,001,1795
536.1915,536.2306,68437,81862,Rhinolophus ferrumequinum,0.022,0.022,-1,Echolocation,/mnt/ubna_data_02_mir/recover-20221013/UBNA_001/20221012_030000.WAV,Telephone Field,recover-20221013,001,1795
536.1985,536.2092,28906,36066,Eptesicus serotinus,0.015,0.03,-1,Echolocation,/mnt/ubna_data_02_mir/recover-20221013/UBNA_001/20221012_030000.WAV,Telephone Field,recover-20221013,001,1795
536.2595,536.2983,68437,82817,Rhinolophus ferrumequinum,0.034,0.034,-1,Echolocation,/mnt/ubna_data_02_mir/recover-20221013/UBNA_001/20221012_030000.WAV,Telephone Field,recover-20221013,001,1795
536.2755,536.3144,68437,82704,Rhinolophus ferrumequinum,0.033,0.033,-1,Echolocation,/mnt/ubna_data_02_mir/recover-20221013/UBNA_001/20221012_030000.WAV,Telephone Field,recover-20221013,001,1795
536.3155,536.3558,68437,82189,Rhinolophus ferrumequinum,0.022,0.022,-1,Echolocation,/mnt/ubna_data_02_mir/recover-20221013/UBNA_001/20221012_030000.WAV,Telephone Field,recover-20221013,001,1795
536.3225,536.363,68437,82642,Rhinolophus ferrumequinum,0.026,0.026,-1,Echolocation,/mnt/ubna_data_02_mir/recover-20221013/UBNA_001/20221012_030000.WAV,Telephone Field,recover-20221013,001,1795
536.3345,536.3713,68437,80831,Rhinolophus ferrumequinum,0.02,0.02,-1,Echolocation,/mnt/ubna_data_02_mir/recover-20221013/UBNA_001/20221012_030000.WAV,Telephone Field,recover-20221013,001,1795
536.3655,536.3775,22031,25961,Nyctalus leisleri,0.011,0.019,-1,Echolocation,/mnt/ubna_data_02_mir/recover-20221013/UBNA_001/20221012_030000.WAV,Telephone Field,recover-20221013,001,1795
536.3915,536.4012,26328,34820,Eptesicus serotinus,0.011,0.031,-1,Echolocation,/mnt/ubna_data_02_mir/recover-20221013/UBNA_001/20221012_030000.WAV,Telephone Field,recover-20221013,001,1795
536.4135,536.4539,68437,82636,Rhinolophus ferrumequinum,0.022,0.022,-1,Echolocation,/mnt/ubna_data_02_mir/recover-20221013/UBNA_001/20221012_030000.WAV,Telephone Field,recover-20221013,001,1795
536.4465,536.483,68437,81445,Rhinolophus ferrumequinum,0.02,0.02,-1,Echolocation,/mnt/ubna_data_02_mir/recover-20221013/UBNA_001/20221012_030000.WAV,Telephone Field,recover-20221013,001,1795
536.4785,536.4974,20312,23076,Nyctalus leisleri,0.016,0.026,-1,Echolocation,/mnt/ubna_data_02_mir/recover-20221013/UBNA_001/20221012_030000.WAV,Telephone Field,recover-20221013,001,1795
536.4785,536.52,68437,82397,Rhinolophus ferrumequinum,0.03,0.03,-1,Echolocation,/mnt/ubna_data_02_mir/recover-20221013/UBNA_001/20221012_030000.WAV,Telephone Field,recover-20221013,001,1795
536.5175,536.5551,68437,81267,Rhinolophus ferrumequinum,0.021,0.021,-1,Echolocation,/mnt/ubna_data_02_mir/recover-20221013/UBNA_001/20221012_030000.WAV,Telephone Field,recover-20221013,001,1795
536.5264999999999,536.5617,68437,81449,Rhinolophus ferrumequinum,0.026,0.026,-1,Echolocation,/mnt/ubna_data_02_mir/recover-20221013/UBNA_001/20221012_030000.WAV,Telephone Field,recover-20221013,001,1795
536.5875,536.6036,21171,24737,Nyctalus leisleri,0.013,0.024,-1,Echolocation,/mnt/ubna_data_02_mir/recover-20221013/UBNA_001/20221012_030000.WAV,Telephone Field,recover-20221013,001,1795
536.6215,536.6292,44375,48079,Pipistrellus pipistrellus,0.025,0.026,-1,Echolocation,/mnt/ubna_data_02_mir/recover-20221013/UBNA_001/20221012_030000.WAV,Telephone Field,recover-20221013,001,1795
536.6265,536.6649,68437,82648,Rhinolophus ferrumequinum,0.023,0.023,-1,Echolocation,/mnt/ubna_data_02_mir/recover-20221013/UBNA_001/20221012_030000.WAV,Telephone Field,recover-20221013,001,1795
536.6365,536.6446,23750,32055,Plecotus austriacus,0.009,0.023,-1,Echolocation,/mnt/ubna_data_02_mir/recover-20221013/UBNA_001/20221012_030000.WAV,Telephone Field,recover-20221013,001,1795
536.6575,536.6643,34921,45225,Myotis daubentonii,0.01,0.034,-1,Echolocation,/mnt/ubna_data_02_mir/recover-20221013/UBNA_001/20221012_030000.WAV,Telephone Field,recover-20221013,001,1795
536.6575,536.6959,68437,82224,Rhinolophus ferrumequinum,0.025,0.025,-1,Echolocation,/mnt/ubna_data_02_mir/recover-20221013/UBNA_001/20221012_030000.WAV,Telephone Field,recover-20221013,001,1795
536.6585,536.6647,28906,48268,Eptesicus serotinus,0.009,0.031,-1,Echolocation,/mnt/ubna_data_02_mir/recover-20221013/UBNA_001/20221012_030000.WAV,Telephone Field,recover-20221013,001,1795
536.6875,536.6956,28046,37995,Eptesicus serotinus,0.007,0.021,-1,Echolocation,/mnt/ubna_data_02_mir/recover-20221013/UBNA_001/20221012_030000.WAV,Telephone Field,recover-20221013,001,1795
536.7575,536.7655,23750,31629,Plecotus austriacus,0.008,0.021,-1,Echolocation,/mnt/ubna_data_02_mir/recover-20221013/UBNA_001/20221012_030000.WAV,Telephone Field,recover-20221013,001,1795
536.7925,536.8129,16875,20463,Nyctalus noctula,0.019,0.031,-1,Echolocation,/mnt/ubna_data_02_mir/recover-20221013/UBNA_001/20221012_030000.WAV,Telephone Field,recover-20221013,001,1795
536.7985,536.8382,68437,82074,Rhinolophus ferrumequinum,0.025,0.025,-1,Echolocation,/mnt/ubna_data_02_mir/recover-20221013/UBNA_001/20221012_030000.WAV,Telephone Field,recover-20221013,001,1795
536.8325,536.8419,24609,32958,Eptesicus serotinus,0.007,0.02,-1,Echolocation,/mnt/ubna_data_02_mir/recover-20221013/UBNA_001/20221012_030000.WAV,Telephone Field,recover-20221013,001,1795
536.8325,536.8698,68437,81876,Rhinolophus ferrumequinum,0.021,0.021,-1,Echolocation,/mnt/ubna_data_02_mir/recover-20221013/UBNA_001/20221012_030000.WAV,Telephone Field,recover-20221013,001,1795
536.8385,536.8486,28906,36445,Eptesicus serotinus,0.009,0.02,-1,Echolocation,/mnt/ubna_data_02_mir/recover-20221013/UBNA_001/20221012_030000.WAV,Telephone Field,recover-20221013,001,1795
536.8495,536.8586,23750,30940,Nyctalus leisleri,0.006,0.02,-1,Echolocation,/mnt/ubna_data_02_mir/recover-20221013/UBNA_001/20221012_030000.WAV,Telephone Field,recover-20221013,001,1795
536.8595,536.8961,68437,82041,Rhinolophus ferrumequinum,0.023,0.023,-1,Echolocation,/mnt/ubna_data_02_mir/recover-20221013/UBNA_001/20221012_030000.WAV,Telephone Field,recover-20221013,001,1795
536.9155,536.9542,68437,82601,Rhinolophus ferrumequinum,0.025,0.025,-1,Echolocation,/mnt/ubna_data_02_mir/recover-20221013/UBNA_001/20221012_030000.WAV,Telephone Field,recover-20221013,001,1795
536.9435,536.9534,22890,29487,Plecotus austriacus,0.01,0.032,-1,Echolocation,/mnt/ubna_data_02_mir/recover-20221013/UBNA_001/20221012_030000.WAV,Telephone Field,recover-20221013,001,1795
536.9515,536.9891,68437,82694,Rhinolophus ferrumequinum,0.024,0.024,-1,Echolocation,/mnt/ubna_data_02_mir/recover-20221013/UBNA_001/20221012_030000.WAV,Telephone Field,recover-20221013,001,1795
536.9905,537.0031,25468,30676,Nyctalus leisleri,0.011,0.026,-1,Echolocation,/mnt/ubna_data_02_mir/recover-20221013/UBNA_001/20221012_030000.WAV,Telephone Field,recover-20221013,001,1795
536.9935,537.0295,68437,81533,Rhinolophus ferrumequinum,0.023,0.023,-1,Echolocation,/mnt/ubna_data_02_mir/recover-20221013/UBNA_001/20221012_030000.WAV,Telephone Field,recover-20221013,001,1795
537.0295,537.0682,68437,82288,Rhinolophus ferrumequinum,0.019,0.02,-1,Echolocation,/mnt/ubna_data_02_mir/recover-20221013/UBNA_001/20221012_030000.WAV,Telephone Field,recover-20221013,001,1795
537.0535,537.0927,68437,82416,Rhinolophus ferrumequinum,0.02,0.02,-1,Echolocation,/mnt/ubna_data_02_mir/recover-20221013/UBNA_001/20221012_030000.WAV,Telephone Field,recover-20221013,001,1795
537.0895,537.1295,68437,83118,Rhinolophus ferrumequinum,0.024,0.024,-1,Echolocation,/mnt/ubna_data_02_mir/recover-20221013/UBNA_001/20221012_030000.WAV,Telephone Field,recover-20221013,001,1795
537.1015,537.1388,68437,82737,Rhinolophus ferrumequinum,0.022,0.022,-1,Echolocation,/mnt/ubna_data_02_mir/recover-20221013/UBNA_001/20221012_030000.WAV,Telephone Field,recover-20221013,001,1795
537.1525,537.1918000000001,68437,82230,Rhinolophus ferrumequinum,0.021,0.021,-1,Echolocation,/mnt/ubna_data_02_mir/recover-20221013/UBNA_001/20221012_030000.WAV,Telephone Field,recover-20221013,001,1795
537.1885,537.228,68437,82345,Rhinolophus ferrumequinum,0.023,0.024,-1,Echolocation,/mnt/ubna_data_02_mir/recover-20221013/UBNA_001/20221012_030000.WAV,Telephone Field,recover-20221013,001,1795
537.2035,537.2101,28906,38994,Myotis daubentonii,0.005,0.024,-1,Echolocation,/mnt/ubna_data_02_mir/recover-20221013/UBNA_001/20221012_030000.WAV,Telephone Field,recover-20221013,001,1795
537.2105,537.245,68437,81649,Rhinolophus ferrumequinum,0.021,0.021,-1,Echolocation,/mnt/ubna_data_02_mir/recover-20221013/UBNA_001/20221012_030000.WAV,Telephone Field,recover-20221013,001,1795
537.2195,537.2532,68437,81838,Rhinolophus ferrumequinum,0.022,0.022,-1,Echolocation,/mnt/ubna_data_02_mir/recover-20221013/UBNA_001/20221012_030000.WAV,Telephone Field,recover-20221013,001,1795
537.2365,537.2752,68437,81922,Rhinolophus ferrumequinum,0.02,0.02,-1,Echolocation,/mnt/ubna_data_02_mir/recover-20221013/UBNA_001/20221012_030000.WAV,Telephone Field,recover-20221013,001,1795
537.2645,537.3008,68437,81787,Rhinolophus ferrumequinum,0.024,0.024,-1,Echolocation,/mnt/ubna_data_02_mir/recover-20221013/UBNA_001/20221012_030000.WAV,Telephone Field,recover-20221013,001,1795
537.2795,537.2905,22890,27584,Nyctalus leisleri,0.01,0.02,-1,Echolocation,/mnt/ubna_data_02_mir/recover-20221013/UBNA_001/20221012_030000.WAV,Telephone Field,recover-20221013,001,1795
537.2955,537.3325,68437,81780,Rhinolophus ferrumequinum,0.019,0.019,-1,Echolocation,/mnt/ubna_data_02_mir/recover-20221013/UBNA_001/20221012_030000.WAV,Telephone Field,recover-20221013,001,1795
537.3775,537.4137,68437,81883,Rhinolophus ferrumequinum,0.024,0.024,-1,Echolocation,/mnt/ubna_data_02_mir/recover-20221013/UBNA_001/20221012_030000.WAV,Telephone Field,recover-20221013,001,1795
537.3845,537.3915,46953,51079,Pipistrellus pipistrellus,0.023,0.024,-1,Echolocation,/mnt/ubna_data_02_mir/recover-20221013/UBNA_001/20221012_030000.WAV,Telephone Field,recover-20221013,001,1795
537.3995,537.4348,68437,81285,Rhinolophus ferrumequinum,0.025,0.025,-1,Echolocation,/mnt/ubna_data_02_mir/recover-20221013/UBNA_001/20221012_030000.WAV,Telephone Field,recover-20221013,001,1795
537.4485,537.4549,28906,39878,Eptesicus serotinus,0.005,0.023,-1,Echolocation,/mnt/ubna_data_02_mir/recover-20221013/UBNA_001/20221012_030000.WAV,Telephone Field,recover-20221013,001,1795
537.4675,537.5065,68437,82123,Rhinolophus ferrumequinum,0.02,0.02,-1,Echolocation,/mnt/ubna_data_02_mir/recover-20221013/UBNA_001/20221012_030000.WAV,Telephone Field,recover-20221013,001,1795
537.5125,537.5499,68437,82147,Rhinolophus ferrumequinum,0.021,0.021,-1,Echolocation,/mnt/ubna_data_02_mir/recover-20221013/UBNA_001/20221012_030000.WAV,Telephone Field,recover-20221013,001,1795
537.5365,537.5742,68437,81602,Rhinolophus ferrumequinum,0.023,0.023,-1,Echolocation,/mnt/ubna_data_02_mir/recover-20221013/UBNA_001/20221012_030000.WAV,Telephone Field,recover-20221013,001,1795
537.5665,537.6027,68437,81224,Rhinolophus ferrumequinum,0.022,0.022,-1,Echolocation,/mnt/ubna_data_02_mir/recover-20221013/UBNA_001/20221012_030000.WAV,Telephone Field,recover-20221013,001,1795
537.5785,537.6149,68437,81850,Rhinolophus ferrumequinum,0.027,0.027,-1,Echolocation,/mnt/ubna_data_02_mir/recover-20221013/UBNA_001/20221012_030000.WAV,Telephone Field,recover-20221013,001,1795
537.5865,537.5981,23750,28766,Nyctalus leisleri,0.011,0.022,-1,Echolocation,/mnt/ubna_data_02_mir/recover-20221013/UBNA_001/20221012_030000.WAV,Telephone Field,recover-20221013,001,1795
537.6235,537.6313,28906,38332,Eptesicus serotinus,0.007,0.021,-1,Echolocation,/mnt/ubna_data_02_mir/recover-20221013/UBNA_001/20221012_030000.WAV,Telephone Field,recover-20221013,001,1795
537.6255,537.6328,23750,32145,Plecotus austriacus,0.008,0.02,-1,Echolocation,/mnt/ubna_data_02_mir/recover-20221013/UBNA_001/20221012_030000.WAV,Telephone Field,recover-20221013,001,1795
537.6805,537.719,68437,82256,Rhinolophus ferrumequinum,0.021,0.021,-1,Echolocation,/mnt/ubna_data_02_mir/recover-20221013/UBNA_001/20221012_030000.WAV,Telephone Field,recover-20221013,001,1795
537.6945,537.7279,68437,81755,Rhinolophus ferrumequinum,0.024,0.024,-1,Echolocation,/mnt/ubna_data_02_mir/recover-20221013/UBNA_001/20221012_030000.WAV,Telephone Field,recover-20221013,001,1795
537.6965,537.7064,22031,26331,Nyctalus leisleri,0.01,0.02,-1,Echolocation,/mnt/ubna_data_02_mir/recover-20221013/UBNA_001/20221012_030000.WAV,Telephone Field,recover-20221013,001,1795
537.7555,537.7651,45234,48930,Pipistrellus pipistrellus,0.023,0.025,-1,Echolocation,/mnt/ubna_data_02_mir/recover-20221013/UBNA_001/20221012_030000.WAV,Telephone Field,recover-20221013,001,1795
537.7555,537.7929,68437,82073,Rhinolophus ferrumequinum,0.02,0.02,-1,Echolocation,/mnt/ubna_data_02_mir/recover-20221013/UBNA_001/20221012_030000.WAV,Telephone Field,recover-20221013,001,1795
537.7764999999999,537.7849,25468,34451,Eptesicus serotinus,0.008,0.023,-1,Echolocation,/mnt/ubna_data_02_mir/recover-20221013/UBNA_001/20221012_030000.WAV,Telephone Field,recover-20221013,001,1795
537.8085,537.8456,68437,81776,Rhinolophus ferrumequinum,0.02,0.02,-1,Echolocation,/mnt/ubna_data_02_mir/recover-20221013/UBNA_001/20221012_030000.WAV,Telephone Field,recover-20221013,001,1795
537.8215,537.8299,22031,28675,Plecotus austriacus,0.01,0.022,-1,Echolocation,/mnt/ubna_data_02_mir/recover-20221013/UBNA_001/20221012_030000.WAV,Telephone Field,recover-20221013,001,1795
537.8415,537.8793000000001,68437,81403,Rhinolophus ferrumequinum,0.024,0.024,-1,Echolocation,/mnt/ubna_data_02_mir/recover-20221013/UBNA_001/20221012_030000.WAV,Telephone Field,recover-20221013,001,1795
537.8505,537.8607,28046,35591,Eptesicus serotinus,0.009,0.023,-1,Echolocation,/mnt/ubna_data_02_mir/recover-20221013/UBNA_001/20221012_030000.WAV,Telephone Field,recover-20221013,001,1795
537.8505,537.8901,68437,83116,Rhinolophus ferrumequinum,0.023,0.023,-1,Echolocation,/mnt/ubna_data_02_mir/recover-20221013/UBNA_001/20221012_030000.WAV,Telephone Field,recover-20221013,001,1795
537.8625,537.9,68437,81934,Rhinolophus ferrumequinum,0.02,0.02,-1,Echolocation,/mnt/ubna_data_02_mir/recover-20221013/UBNA_001/20221012_030000.WAV,Telephone Field,recover-20221013,001,1795
537.8695,537.9085,68437,81698,Rhinolophus ferrumequinum,0.02,0.02,-1,Echolocation,/mnt/ubna_data_02_mir/recover-20221013/UBNA_001/20221012_030000.WAV,Telephone Field,recover-20221013,001,1795
537.8715,537.8846,22031,26095,Nyctalus leisleri,0.013,0.021,-1,Echolocation,/mnt/ubna_data_02_mir/recover-20221013/UBNA_001/20221012_030000.WAV,Telephone Field,recover-20221013,001,1795
537.8925,537.9,23750,32772,Plecotus austriacus,0.012,0.029,-1,Echolocation,/mnt/ubna_data_02_mir/recover-20221013/UBNA_001/20221012_030000.WAV,Telephone Field,recover-20221013,001,1795
538.0015,538.0094,31484,39824,Barbastellus barbastellus,0.008,0.026,-1,Echolocation,/mnt/ubna_data_02_mir/recover-20221013/UBNA_001/20221012_030000.WAV,Telephone Field,recover-20221013,001,1795
538.0015,538.0095,26328,40637,Myotis nattereri,0.006,0.027,-1,Echolocation,/mnt/ubna_data_02_mir/recover-20221013/UBNA_001/20221012_030000.WAV,Telephone Field,recover-20221013,001,1795
538.0015,538.0328,68437,79908,Rhinolophus ferrumequinum,0.025,0.025,-1,Echolocation,/mnt/ubna_data_02_mir/recover-20221013/UBNA_001/20221012_030000.WAV,Telephone Field,recover-20221013,001,1795
538.0685,538.0746,26328,39378,Eptesicus serotinus,0.005,0.024,-1,Echolocation,/mnt/ubna_data_02_mir/recover-20221013/UBNA_001/20221012_030000.WAV,Telephone Field,recover-20221013,001,1795
538.1225,538.1579,68437,81583,Rhinolophus ferrumequinum,0.021,0.021,-1,Echolocation,/mnt/ubna_data_02_mir/recover-20221013/UBNA_001/20221012_030000.WAV,Telephone Field,recover-20221013,001,1795
538.1514999999999,538.1587,26328,37880,Eptesicus serotinus,0.006,0.024,-1,Echolocation,/mnt/ubna_data_02_mir/recover-20221013/UBNA_001/20221012_030000.WAV,Telephone Field,recover-20221013,001,1795
538.1915,538.2026,22031,27089,Nyctalus leisleri,0.013,0.032,-1,Echolocation,/mnt/ubna_data_02_mir/recover-20221013/UBNA_001/20221012_030000.WAV,Telephone Field,recover-20221013,001,1795
538.2085,538.2477,68437,82414,Rhinolophus ferrumequinum,0.023,0.023,-1,Echolocation,/mnt/ubna_data_02_mir/recover-20221013/UBNA_001/20221012_030000.WAV,Telephone Field,recover-20221013,001,1795
538.2595,538.2719,35781,41663,Pipistrellus nathusii,0.008,0.026,-1,Echolocation,/mnt/ubna_data_02_mir/recover-20221013/UBNA_001/20221012_030000.WAV,Telephone Field,recover-20221013,001,1795
538.3025,538.312,22031,28070,Plecotus austriacus,0.008,0.022,-1,Echolocation,/mnt/ubna_data_02_mir/recover-20221013/UBNA_001/20221012_030000.WAV,Telephone Field,recover-20221013,001,1795
538.3705,538.3802,22890,29119,Nyctalus leisleri,0.008,0.023,-1,Echolocation,/mnt/ubna_data_02_mir/recover-20221013/UBNA_001/20221012_030000.WAV,Telephone Field,recover-20221013,001,1795
538.4195,538.428,22890,29722,Plecotus austriacus,0.01,0.023,-1,Echolocation,/mnt/ubna_data_02_mir/recover-20221013/UBNA_001/20221012_030000.WAV,Telephone Field,recover-20221013,001,1795
538.4325,538.4394,27187,43223,Eptesicus serotinus,0.007,0.022,-1,Echolocation,/mnt/ubna_data_02_mir/recover-20221013/UBNA_001/20221012_030000.WAV,Telephone Field,recover-20221013,001,1795
538.4425,538.4543,22890,27430,Nyctalus leisleri,0.011,0.022,-1,Echolocation,/mnt/ubna_data_02_mir/recover-20221013/UBNA_001/20221012_030000.WAV,Telephone Field,recover-20221013,001,1795
538.4565,538.4637,23750,33596,Plecotus austriacus,0.008,0.021,-1,Echolocation,/mnt/ubna_data_02_mir/recover-20221013/UBNA_001/20221012_030000.WAV,Telephone Field,recover-20221013,001,1795
538.4925,538.4997,27187,40964,Eptesicus serotinus,0.006,0.023,-1,Echolocation,/mnt/ubna_data_02_mir/recover-20221013/UBNA_001/20221012_030000.WAV,Telephone Field,recover-20221013,001,1795
538.4935,538.5321,68437,81511,Rhinolophus ferrumequinum,0.025,0.025,-1,Echolocation,/mnt/ubna_data_02_mir/recover-20221013/UBNA_001/20221012_030000.WAV,Telephone Field,recover-20221013,001,1795
538.5115,538.5172,28046,41872,Eptesicus serotinus,0.006,0.029,-1,Echolocation,/mnt/ubna_data_02_mir/recover-20221013/UBNA_001/20221012_030000.WAV,Telephone Field,recover-20221013,001,1795
538.5125,538.5466,68437,81540,Rhinolophus ferrumequinum,0.021,0.021,-1,Echolocation,/mnt/ubna_data_02_mir/recover-20221013/UBNA_001/20221012_030000.WAV,Telephone Field,recover-20221013,001,1795
538.5415,538.5515,22031,27330,Nyctalus leisleri,0.008,0.021,-1,Echolocation,/mnt/ubna_data_02_mir/recover-20221013/UBNA_001/20221012_030000.WAV,Telephone Field,recover-20221013,001,1795
538.5745,538.5826,24609,32860,Plecotus austriacus,0.007,0.021,-1,Echolocation,/mnt/ubna_data_02_mir/recover-20221013/UBNA_001/20221012_030000.WAV,Telephone Field,recover-20221013,001,1795
538.6115,538.6187,28046,39838,Eptesicus serotinus,0.007,0.023,-1,Echolocation,/mnt/ubna_data_02_mir/recover-20221013/UBNA_001/20221012_030000.WAV,Telephone Field,recover-20221013,001,1795
538.6115,538.62,22890,30600,Plecotus austriacus,0.008,0.022,-1,Echolocation,/mnt/ubna_data_02_mir/recover-20221013/UBNA_001/20221012_030000.WAV,Telephone Field,recover-20221013,001,1795
538.6315,538.668,68437,81700,Rhinolophus ferrumequinum,0.021,0.021,-1,Echolocation,/mnt/ubna_data_02_mir/recover-20221013/UBNA_001/20221012_030000.WAV,Telephone Field,recover-20221013,001,1795
538.6514999999999,538.6901,68437,83128,Rhinolophus ferrumequinum,0.024,0.024,-1,Echolocation,/mnt/ubna_data_02_mir/recover-20221013/UBNA_001/20221012_030000.WAV,Telephone Field,recover-20221013,001,1795
538.6595,538.6976,68437,82581,Rhinolophus ferrumequinum,0.024,0.024,-1,Echolocation,/mnt/ubna_data_02_mir/recover-20221013/UBNA_001/20221012_030000.WAV,Telephone Field,recover-20221013,001,1795
538.6745,538.6812,27187,42855,Eptesicus serotinus,0.006,0.021,-1,Echolocation,/mnt/ubna_data_02_mir/recover-20221013/UBNA_001/20221012_030000.WAV,Telephone Field,recover-20221013,001,1795
538.6965,538.7361,68437,81842,Rhinolophus ferrumequinum,0.021,0.021,-1,Echolocation,/mnt/ubna_data_02_mir/recover-20221013/UBNA_001/20221012_030000.WAV,Telephone Field,recover-20221013,001,1795
538.7405,538.7544,22890,27353,Nyctalus leisleri,0.018,0.033,-1,Echolocation,/mnt/ubna_data_02_mir/recover-20221013/UBNA_001/20221012_030000.WAV,Telephone Field,recover-20221013,001,1795
538.7815,538.8162,68437,81716,Rhinolophus ferrumequinum,0.024,0.025,-1,Echolocation,/mnt/ubna_data_02_mir/recover-20221013/UBNA_001/20221012_030000.WAV,Telephone Field,recover-20221013,001,1795
538.7935,538.8008,28046,36476,Eptesicus serotinus,0.009,0.024,-1,Echolocation,/mnt/ubna_data_02_mir/recover-20221013/UBNA_001/20221012_030000.WAV,Telephone Field,recover-20221013,001,1795
538.8075,538.8474,68437,82527,Rhinolophus ferrumequinum,0.022,0.022,-1,Echolocation,/mnt/ubna_data_02_mir/recover-20221013/UBNA_001/20221012_030000.WAV,Telephone Field,recover-20221013,001,1795
538.9085,538.9409,68437,81294,Rhinolophus ferrumequinum,0.021,0.021,-1,Echolocation,/mnt/ubna_data_02_mir/recover-20221013/UBNA_001/20221012_030000.WAV,Telephone Field,recover-20221013,001,1795
538.9255,538.9357,28046,36188,Eptesicus serotinus,0.013,0.025,-1,Echolocation,/mnt/ubna_data_02_mir/recover-20221013/UBNA_001/20221012_030000.WAV,Telephone Field,recover-20221013,001,1795
538.9435,538.9797,68437,81071,Rhinolophus ferrumequinum,0.021,0.021,-1,Echolocation,/mnt/ubna_data_02_mir/recover-20221013/UBNA_001/20221012_030000.WAV,Telephone Field,recover-20221013,001,1795
538.9525,538.9622,28046,37544,Eptesicus serotinus,0.009,0.021,-1,Echolocation,/mnt/ubna_data_02_mir/recover-20221013/UBNA_001/20221012_030000.WAV,Telephone Field,recover-20221013,001,1795
538.9735000000001,539.0073,68437,80866,Rhinolophus ferrumequinum,0.026,0.026,-1,Echolocation,/mnt/ubna_data_02_mir/recover-20221013/UBNA_001/20221012_030000.WAV,Telephone Field,recover-20221013,001,1795
538.9845,538.9927,27187,41296,Eptesicus serotinus,0.008,0.022,-1,Echolocation,/mnt/ubna_data_02_mir/recover-20221013/UBNA_001/20221012_030000.WAV,Telephone Field,recover-20221013,001,1795
538.9905,538.9992,28046,40530,Eptesicus serotinus,0.008,0.023,-1,Echolocation,/mnt/ubna_data_02_mir/recover-20221013/UBNA_001/20221012_030000.WAV,Telephone Field,recover-20221013,001,1795
539.0065,539.04,68437,80760,Rhinolophus ferrumequinum,0.022,0.022,-1,Echolocation,/mnt/ubna_data_02_mir/recover-20221013/UBNA_001/20221012_030000.WAV,Telephone Field,recover-20221013,001,1795
539.0505,539.0864,68437,81489,Rhinolophus ferrumequinum,0.021,0.021,-1,Echolocation,/mnt/ubna_data_02_mir/recover-20221013/UBNA_001/20221012_030000.WAV,Telephone Field,recover-20221013,001,1795
539.0605,539.0927,68437,80388,Rhinolophus ferrumequinum,0.023,0.023,-1,Echolocation,/mnt/ubna_data_02_mir/recover-20221013/UBNA_001/20221012_030000.WAV,Telephone Field,recover-20221013,001,1795
539.0885,539.1275,68437,82641,Rhinolophus ferrumequinum,0.021,0.021,-1,Echolocation,/mnt/ubna_data_02_mir/recover-20221013/UBNA_001/20221012_030000.WAV,Telephone Field,recover-20221013,001,1795
539.1275,539.1676,68437,82591,Rhinolophus ferrumequinum,0.022,0.022,-1,Echolocation,/mnt/ubna_data_02_mir/recover-20221013/UBNA_001/20221012_030000.WAV,Telephone Field,recover-20221013,001,1795
539.1755,539.1829,28906,40742,Eptesicus serotinus,0.007,0.025,-1,Echolocation,/mnt/ubna_data_02_mir/recover-20221013/UBNA_001/20221012_030000.WAV,Telephone Field,recover-20221013,001,1795
539.2485,539.2858,68437,81605,Rhinolophus ferrumequinum,0.022,0.022,-1,Echolocation,/mnt/ubna_data_02_mir/recover-20221013/UBNA_001/20221012_030000.WAV,Telephone Field,recover-20221013,001,1795
539.3045,539.3107,27187,41450,Eptesicus serotinus,0.006,0.029,-1,Echolocation,/mnt/ubna_data_02_mir/recover-20221013/UBNA_001/20221012_030000.WAV,Telephone Field,recover-20221013,001,1795
539.3085,539.3204,14296,20137,Nyctalus noctula,0.014,0.024,-1,Echolocation,/mnt/ubna_data_02_mir/recover-20221013/UBNA_001/20221012_030000.WAV,Telephone Field,recover-20221013,001,1795
539.3125,539.3529,68437,82692,Rhinolophus ferrumequinum,0.025,0.025,-1,Echolocation,/mnt/ubna_data_02_mir/recover-20221013/UBNA_001/20221012_030000.WAV,Telephone Field,recover-20221013,001,1795
539.3345,539.342,27187,41062,Eptesicus serotinus,0.008,0.026,-1,Echolocation,/mnt/ubna_data_02_mir/recover-20221013/UBNA_001/20221012_030000.WAV,Telephone Field,recover-20221013,001,1795
539.3735,539.3808,26328,39073,Eptesicus serotinus,0.006,0.023,-1,Echolocation,/mnt/ubna_data_02_mir/recover-20221013/UBNA_001/20221012_030000.WAV,Telephone Field,recover-20221013,001,1795
539.3885,539.4291,68437,83347,Rhinolophus ferrumequinum,0.033,0.033,-1,Echolocation,/mnt/ubna_data_02_mir/recover-20221013/UBNA_001/20221012_030000.WAV,Telephone Field,recover-20221013,001,1795
539.4195,539.429,22031,27281,Nyctalus leisleri,0.009,0.022,-1,Echolocation,/mnt/ubna_data_02_mir/recover-20221013/UBNA_001/20221012_030000.WAV,Telephone Field,recover-20221013,001,1795
539.4825,539.4903,23750,32622,Plecotus austriacus,0.007,0.022,-1,Echolocation,/mnt/ubna_data_02_mir/recover-20221013/UBNA_001/20221012_030000.WAV,Telephone Field,recover-20221013,001,1795
539.5105,539.5478,68437,81914,Rhinolophus ferrumequinum,0.022,0.022,-1,Echolocation,/mnt/ubna_data_02_mir/recover-20221013/UBNA_001/20221012_030000.WAV,Telephone Field,recover-20221013,001,1795
539.6275,539.666,68437,82206,Rhinolophus ferrumequinum,0.023,0.023,-1,Echolocation,/mnt/ubna_data_02_mir/recover-20221013/UBNA_001/20221012_030000.WAV,Telephone Field,recover-20221013,001,1795
539.7935,539.8296,68437,81231,Rhinolophus ferrumequinum,0.021,0.021,-1,Echolocation,/mnt/ubna_data_02_mir/recover-20221013/UBNA_001/20221012_030000.WAV,Telephone Field,recover-20221013,001,1795
539.8255,539.8327,24609,34421,Plecotus austriacus,0.009,0.025,-1,Echolocation,/mnt/ubna_data_02_mir/recover-20221013/UBNA_001/20221012_030000.WAV,Telephone Field,recover-20221013,001,1795
539.8555,539.8628,26328,36405,Eptesicus serotinus,0.007,0.024,-1,Echolocation,/mnt/ubna_data_02_mir/recover-20221013/UBNA_001/20221012_030000.WAV,Telephone Field,recover-20221013,001,1795
539.8845,539.924,68437,81965,Rhinolophus ferrumequinum,0.021,0.021,-1,Echolocation,/mnt/ubna_data_02_mir/recover-20221013/UBNA_001/20221012_030000.WAV,Telephone Field,recover-20221013,001,1795
539.9275,539.9608,68437,81493,Rhinolophus ferrumequinum,0.021,0.021,-1,Echolocation,/mnt/ubna_data_02_mir/recover-20221013/UBNA_001/20221012_030000.WAV,Telephone Field,recover-20221013,001,1795
539.9285,539.9358,28046,39854,Eptesicus serotinus,0.007,0.023,-1,Echolocation,/mnt/ubna_data_02_mir/recover-20221013/UBNA_001/20221012_030000.WAV,Telephone Field,recover-20221013,001,1795
539.9345,539.971,68437,81239,Rhinolophus ferrumequinum,0.021,0.021,-1,Echolocation,/mnt/ubna_data_02_mir/recover-20221013/UBNA_001/20221012_030000.WAV,Telephone Field,recover-20221013,001,1795
540.0015,540.0309,69296,80870,Rhinolophus ferrumequinum,0.026,0.026,-1,Echolocation,/mnt/ubna_data_02_mir/recover-20221013/UBNA_001/20221012_030000.WAV,Telephone Field,recover-20221013,001,1795
540.0015,540.0103,27187,35587,Eptesicus serotinus,0.006,0.023,-1,Echolocation,/mnt/ubna_data_02_mir/recover-20221013/UBNA_001/20221012_030000.WAV,Telephone Field,recover-20221013,001,1795
540.0265,540.0681,68437,82794,Rhinolophus ferrumequinum,0.022,0.022,-1,Echolocation,/mnt/ubna_data_02_mir/recover-20221013/UBNA_001/20221012_030000.WAV,Telephone Field,recover-20221013,001,1795
540.0345,540.0417,28046,36995,Eptesicus serotinus,0.007,0.023,-1,Echolocation,/mnt/ubna_data_02_mir/recover-20221013/UBNA_001/20221012_030000.WAV,Telephone Field,recover-20221013,001,1795
540.0455,540.0531,28046,39909,Eptesicus serotinus,0.006,0.021,-1,Echolocation,/mnt/ubna_data_02_mir/recover-20221013/UBNA_001/20221012_030000.WAV,Telephone Field,recover-20221013,001,1795
540.0685,540.0791,38359,43808,Pipistrellus nathusii,0.016,0.027,-1,Echolocation,/mnt/ubna_data_02_mir/recover-20221013/UBNA_001/20221012_030000.WAV,Telephone Field,recover-20221013,001,1795
540.0715,540.0798,27187,37337,Eptesicus serotinus,0.007,0.021,-1,Echolocation,/mnt/ubna_data_02_mir/recover-20221013/UBNA_001/20221012_030000.WAV,Telephone Field,recover-20221013,001,1795
540.0915,540.1,25468,33803,Eptesicus serotinus,0.009,0.031,-1,Echolocation,/mnt/ubna_data_02_mir/recover-20221013/UBNA_001/20221012_030000.WAV,Telephone Field,recover-20221013,001,1795
540.1045,540.1432,68437,82704,Rhinolophus ferrumequinum,0.021,0.021,-1,Echolocation,/mnt/ubna_data_02_mir/recover-20221013/UBNA_001/20221012_030000.WAV,Telephone Field,recover-20221013,001,1795
540.1165,540.1579,68437,83011,Rhinolophus ferrumequinum,0.027,0.027,-1,Echolocation,/mnt/ubna_data_02_mir/recover-20221013/UBNA_001/20221012_030000.WAV,Telephone Field,recover-20221013,001,1795
540.1515,540.1924,68437,82949,Rhinolophus ferrumequinum,0.028,0.028,-1,Echolocation,/mnt/ubna_data_02_mir/recover-20221013/UBNA_001/20221012_030000.WAV,Telephone Field,recover-20221013,001,1795
540.1705,540.1797,26328,33661,Eptesicus serotinus,0.008,0.021,-1,Echolocation,/mnt/ubna_data_02_mir/recover-20221013/UBNA_001/20221012_030000.WAV,Telephone Field,recover-20221013,001,1795
540.2005,540.238,68437,81897,Rhinolophus ferrumequinum,0.022,0.022,-1,Echolocation,/mnt/ubna_data_02_mir/recover-20221013/UBNA_001/20221012_030000.WAV,Telephone Field,recover-20221013,001,1795
540.2185,540.2257,23750,33571,Plecotus austriacus,0.014,0.029,-1,Echolocation,/mnt/ubna_data_02_mir/recover-20221013/UBNA_001/20221012_030000.WAV,Telephone Field,recover-20221013,001,1795
540.2355,540.2426,28046,37498,Eptesicus serotinus,0.008,0.026,-1,Echolocation,/mnt/ubna_data_02_mir/recover-20221013/UBNA_001/20221012_030000.WAV,Telephone Field,recover-20221013,001,1795
540.2515,540.292,68437,82798,Rhinolophus ferrumequinum,0.023,0.023,-1,Echolocation,/mnt/ubna_data_02_mir/recover-20221013/UBNA_001/20221012_030000.WAV,Telephone Field,recover-20221013,001,1795
540.2605,540.2995,68437,82092,Rhinolophus ferrumequinum,0.021,0.021,-1,Echolocation,/mnt/ubna_data_02_mir/recover-20221013/UBNA_001/20221012_030000.WAV,Telephone Field,recover-20221013,001,1795
540.2785,540.3146,68437,81075,Rhinolophus ferrumequinum,0.024,0.024,-1,Echolocation,/mnt/ubna_data_02_mir/recover-20221013/UBNA_001/20221012_030000.WAV,Telephone Field,recover-20221013,001,1795
540.3275,540.3404,22031,25623,Nyctalus leisleri,0.013,0.021,-1,Echolocation,/mnt/ubna_data_02_mir/recover-20221013/UBNA_001/20221012_030000.WAV,Telephone Field,recover-20221013,001,1795
540.3345,540.3732,68437,82369,Rhinolophus ferrumequinum,0.023,0.023,-1,Echolocation,/mnt/ubna_data_02_mir/recover-20221013/UBNA_001/20221012_030000.WAV,Telephone Field,recover-20221013,001,1795
540.3485,540.3866,68437,82044,Rhinolophus ferrumequinum,0.025,0.025,-1,Echolocation,/mnt/ubna_data_02_mir/recover-20221013/UBNA_001/20221012_030000.WAV,Telephone Field,recover-20221013,001,1795
540.3545,540.3612,24609,34288,Plecotus austriacus,0.009,0.024,-1,Echolocation,/mnt/ubna_data_02_mir/recover-20221013/UBNA_001/20221012_030000.WAV,Telephone Field,recover-20221013,001,1795
540.3615,540.4001,68437,82348,Rhinolophus ferrumequinum,0.025,0.025,-1,Echolocation,/mnt/ubna_data_02_mir/recover-20221013/UBNA_001/20221012_030000.WAV,Telephone Field,recover-20221013,001,1795
540.4025,540.4116,28046,38686,Eptesicus serotinus,0.008,0.021,-1,Echolocation,/mnt/ubna_data_02_mir/recover-20221013/UBNA_001/20221012_030000.WAV,Telephone Field,recover-20221013,001,1795
540.4845,540.4958,35781,40151,Pipistrellus nathusii,0.011,0.024,-1,Echolocation,/mnt/ubna_data_02_mir/recover-20221013/UBNA_001/20221012_030000.WAV,Telephone Field,recover-20221013,001,1795
540.5105,540.5183,27187,44455,Eptesicus serotinus,0.008,0.021,-1,Echolocation,/mnt/ubna_data_02_mir/recover-20221013/UBNA_001/20221012_030000.WAV,Telephone Field,recover-20221013,001,1795
540.5225,540.56,68437,80974,Rhinolophus ferrumequinum,0.025,0.025,-1,Echolocation,/mnt/ubna_data_02_mir/recover-20221013/UBNA_001/20221012_030000.WAV,Telephone Field,recover-20221013,001,1795
540.5485,540.5843,68437,82294,Rhinolophus ferrumequinum,0.022,0.022,-1,Echolocation,/mnt/ubna_data_02_mir/recover-20221013/UBNA_001/20221012_030000.WAV,Telephone Field,recover-20221013,001,1795
540.5555,540.5624,27187,38538,Eptesicus serotinus,0.009,0.029,-1,Echolocation,/mnt/ubna_data_02_mir/recover-20221013/UBNA_001/20221012_030000.WAV,Telephone Field,recover-20221013,001,1795
540.5825,540.6204,68437,82140,Rhinolophus ferrumequinum,0.021,0.021,-1,Echolocation,/mnt/ubna_data_02_mir/recover-20221013/UBNA_001/20221012_030000.WAV,Telephone Field,recover-20221013,001,1795
540.5935,540.6026,26328,36136,Eptesicus serotinus,0.008,0.026,-1,Echolocation,/mnt/ubna_data_02_mir/recover-20221013/UBNA_001/20221012_030000.WAV,Telephone Field,recover-20221013,001,1795
540.6025,540.6141,23750,28945,Nyctalus leisleri,0.012,0.024,-1,Echolocation,/mnt/ubna_data_02_mir/recover-20221013/UBNA_001/20221012_030000.WAV,Telephone Field,recover-20221013,001,1795
540.6185,540.6253,46953,54219,Pipistrellus pipistrellus,0.018,0.022,-1,Echolocation,/mnt/ubna_data_02_mir/recover-20221013/UBNA_001/20221012_030000.WAV,Telephone Field,recover-20221013,001,1795
540.6195,540.6253,32343,62116,Myotis brandtii,0.007,0.021,-1,Echolocation,/mnt/ubna_data_02_mir/recover-20221013/UBNA_001/20221012_030000.WAV,Telephone Field,recover-20221013,001,1795
540.6355,540.6434,28046,39805,Eptesicus serotinus,0.006,0.021,-1,Echolocation,/mnt/ubna_data_02_mir/recover-20221013/UBNA_001/20221012_030000.WAV,Telephone Field,recover-20221013,001,1795
540.6615,540.6974,68437,80937,Rhinolophus ferrumequinum,0.024,0.024,-1,Echolocation,/mnt/ubna_data_02_mir/recover-20221013/UBNA_001/20221012_030000.WAV,Telephone Field,recover-20221013,001,1795
540.7155,540.7537,68437,82483,Rhinolophus ferrumequinum,0.03,0.03,-1,Echolocation,/mnt/ubna_data_02_mir/recover-20221013/UBNA_001/20221012_030000.WAV,Telephone Field,recover-20221013,001,1795
540.7245,540.7321,28046,39151,Eptesicus serotinus,0.007,0.023,-1,Echolocation,/mnt/ubna_data_02_mir/recover-20221013/UBNA_001/20221012_030000.WAV,Telephone Field,recover-20221013,001,1795
540.7415,540.7517,14296,19299,Nyctalus noctula,0.032,0.054,-1,Echolocation,/mnt/ubna_data_02_mir/recover-20221013/UBNA_001/20221012_030000.WAV,Telephone Field,recover-20221013,001,1795
540.7565,540.7934,68437,81677,Rhinolophus ferrumequinum,0.022,0.022,-1,Echolocation,/mnt/ubna_data_02_mir/recover-20221013/UBNA_001/20221012_030000.WAV,Telephone Field,recover-20221013,001,1795
540.7925,540.8347,68437,82769,Rhinolophus ferrumequinum,0.025,0.025,-1,Echolocation,/mnt/ubna_data_02_mir/recover-20221013/UBNA_001/20221012_030000.WAV,Telephone Field,recover-20221013,001,1795
540.7955,540.803,40937,52265,Myotis mystacinus,0.004,0.021,-1,Echolocation,/mnt/ubna_data_02_mir/recover-20221013/UBNA_001/20221012_030000.WAV,Telephone Field,recover-20221013,001,1795
540.8065,540.8459,68437,82631,Rhinolophus ferrumequinum,0.022,0.022,-1,Echolocation,/mnt/ubna_data_02_mir/recover-20221013/UBNA_001/20221012_030000.WAV,Telephone Field,recover-20221013,001,1795
540.8255,540.8338,28046,37914,Eptesicus serotinus,0.007,0.023,-1,Echolocation,/mnt/ubna_data_02_mir/recover-20221013/UBNA_001/20221012_030000.WAV,Telephone Field,recover-20221013,001,1795
540.8435,540.8838,68437,82880,Rhinolophus ferrumequinum,0.023,0.023,-1,Echolocation,/mnt/ubna_data_02_mir/recover-20221013/UBNA_001/20221012_030000.WAV,Telephone Field,recover-20221013,001,1795
540.8755,540.885,23750,31176,Nyctalus leisleri,0.007,0.021,-1,Echolocation,/mnt/ubna_data_02_mir/recover-20221013/UBNA_001/20221012_030000.WAV,Telephone Field,recover-20221013,001,1795
540.8955,540.9336,68437,82192,Rhinolophus ferrumequinum,0.024,0.024,-1,Echolocation,/mnt/ubna_data_02_mir/recover-20221013/UBNA_001/20221012_030000.WAV,Telephone Field,recover-20221013,001,1795
540.9105,540.9473,68437,81286,Rhinolophus ferrumequinum,0.024,0.024,-1,Echolocation,/mnt/ubna_data_02_mir/recover-20221013/UBNA_001/20221012_030000.WAV,Telephone Field,recover-20221013,001,1795
540.9535,540.9937,68437,82121,Rhinolophus ferrumequinum,0.023,0.023,-1,Echolocation,/mnt/ubna_data_02_mir/recover-20221013/UBNA_001/20221012_030000.WAV,Telephone Field,recover-20221013,001,1795
540.9705,540.9798,25468,34058,Eptesicus serotinus,0.008,0.021,-1,Echolocation,/mnt/ubna_data_02_mir/recover-20221013/UBNA_001/20221012_030000.WAV,Telephone Field,recover-20221013,001,1795
540.9815,540.9894,28046,36806,Eptesicus serotinus,0.007,0.022,-1,Echolocation,/mnt/ubna_data_02_mir/recover-20221013/UBNA_001/20221012_030000.WAV,Telephone Field,recover-20221013,001,1795
541.0355,541.0759,68437,83013,Rhinolophus ferrumequinum,0.023,0.023,-1,Echolocation,/mnt/ubna_data_02_mir/recover-20221013/UBNA_001/20221012_030000.WAV,Telephone Field,recover-20221013,001,1795
541.0655,541.072,25468,37919,Myotis nattereri,0.006,0.022,-1,Echolocation,/mnt/ubna_data_02_mir/recover-20221013/UBNA_001/20221012_030000.WAV,Telephone Field,recover-20221013,001,1795
541.0705,541.1046,68437,82102,Rhinolophus ferrumequinum,0.021,0.021,-1,Echolocation,/mnt/ubna_data_02_mir/recover-20221013/UBNA_001/20221012_030000.WAV,Telephone Field,recover-20221013,001,1795
541.0735,541.0807,25468,36807,Plecotus austriacus,0.005,0.021,-1,Echolocation,/mnt/ubna_data_02_mir/recover-20221013/UBNA_001/20221012_030000.WAV,Telephone Field,recover-20221013,001,1795
541.1195,541.127,28046,39324,Eptesicus serotinus,0.01,0.029,-1,Echolocation,/mnt/ubna_data_02_mir/recover-20221013/UBNA_001/20221012_030000.WAV,Telephone Field,recover-20221013,001,1795
541.1575,541.1646,26328,38128,Eptesicus serotinus,0.005,0.021,-1,Echolocation,/mnt/ubna_data_02_mir/recover-20221013/UBNA_001/20221012_030000.WAV,Telephone Field,recover-20221013,001,1795
541.1655,541.1759,23750,29212,Nyctalus leisleri,0.009,0.021,-1,Echolocation,/mnt/ubna_data_02_mir/recover-20221013/UBNA_001/20221012_030000.WAV,Telephone Field,recover-20221013,001,1795
541.2255,541.2644,68437,82185,Rhinolophus ferrumequinum,0.023,0.023,-1,Echolocation,/mnt/ubna_data_02_mir/recover-20221013/UBNA_001/20221012_030000.WAV,Telephone Field,recover-20221013,001,1795
541.2395,541.2511,55546,60520,Pipistrellus pygmaeus,0.02,0.022,-1,Echolocation,/mnt/ubna_data_02_mir/recover-20221013/UBNA_001/20221012_030000.WAV,Telephone Field,recover-20221013,001,1795
541.2425,541.2816,68437,82759,Rhinolophus ferrumequinum,0.022,0.022,-1,Echolocation,/mnt/ubna_data_02_mir/recover-20221013/UBNA_001/20221012_030000.WAV,Telephone Field,recover-20221013,001,1795
541.2435,541.2518,26328,38713,Eptesicus serotinus,0.007,0.022,-1,Echolocation,/mnt/ubna_data_02_mir/recover-20221013/UBNA_001/20221012_030000.WAV,Telephone Field,recover-20221013,001,1795
541.2795,541.3195,68437,82206,Rhinolophus ferrumequinum,0.023,0.023,-1,Echolocation,/mnt/ubna_data_02_mir/recover-20221013/UBNA_001/20221012_030000.WAV,Telephone Field,recover-20221013,001,1795
541.3005,541.3123,34062,39916,Eptesicus serotinus,0.005,0.021,-1,Echolocation,/mnt/ubna_data_02_mir/recover-20221013/UBNA_001/20221012_030000.WAV,Telephone Field,recover-20221013,001,1795
541.3195,541.3549,68437,81068,Rhinolophus ferrumequinum,0.025,0.025,-1,Echolocation,/mnt/ubna_data_02_mir/recover-20221013/UBNA_001/20221012_030000.WAV,Telephone Field,recover-20221013,001,1795
541.3205,541.328,28046,38042,Eptesicus serotinus,0.006,0.021,-1,Echolocation,/mnt/ubna_data_02_mir/recover-20221013/UBNA_001/20221012_030000.WAV,Telephone Field,recover-20221013,001,1795
541.3595,541.4007,68437,82509,Rhinolophus ferrumequinum,0.022,0.022,-1,Echolocation,/mnt/ubna_data_02_mir/recover-20221013/UBNA_001/20221012_030000.WAV,Telephone Field,recover-20221013,001,1795
541.3835,541.4198,68437,81652,Rhinolophus ferrumequinum,0.021,0.022,-1,Echolocation,/mnt/ubna_data_02_mir/recover-20221013/UBNA_001/20221012_030000.WAV,Telephone Field,recover-20221013,001,1795
541.3835,541.3913,27187,40382,Eptesicus serotinus,0.008,0.024,-1,Echolocation,/mnt/ubna_data_02_mir/recover-20221013/UBNA_001/20221012_030000.WAV,Telephone Field,recover-20221013,001,1795
541.4345,541.4714,68437,81227,Rhinolophus ferrumequinum,0.022,0.022,-1,Echolocation,/mnt/ubna_data_02_mir/recover-20221013/UBNA_001/20221012_030000.WAV,Telephone Field,recover-20221013,001,1795
541.4625,541.5018,68437,82822,Rhinolophus ferrumequinum,0.025,0.025,-1,Echolocation,/mnt/ubna_data_02_mir/recover-20221013/UBNA_001/20221012_030000.WAV,Telephone Field,recover-20221013,001,1795
541.5015,541.5121,25468,32301,Eptesicus serotinus,0.012,0.032,-1,Echolocation,/mnt/ubna_data_02_mir/recover-20221013/UBNA_001/20221012_030000.WAV,Telephone Field,recover-20221013,001,1795
541.5065,541.5455,68437,82025,Rhinolophus ferrumequinum,0.026,0.026,-1,Echolocation,/mnt/ubna_data_02_mir/recover-20221013/UBNA_001/20221012_030000.WAV,Telephone Field,recover-20221013,001,1795
541.5275,541.5653,68437,81953,Rhinolophus ferrumequinum,0.025,0.025,-1,Echolocation,/mnt/ubna_data_02_mir/recover-20221013/UBNA_001/20221012_030000.WAV,Telephone Field,recover-20221013,001,1795
541.5345,541.5741,68437,82392,Rhinolophus ferrumequinum,0.021,0.021,-1,Echolocation,/mnt/ubna_data_02_mir/recover-20221013/UBNA_001/20221012_030000.WAV,Telephone Field,recover-20221013,001,1795
541.5355,541.5428,26328,39451,Eptesicus serotinus,0.01,0.041,-1,Echolocation,/mnt/ubna_data_02_mir/recover-20221013/UBNA_001/20221012_030000.WAV,Telephone Field,recover-20221013,001,1795
541.5545,541.5938,68437,82632,Rhinolophus ferrumequinum,0.023,0.023,-1,Echolocation,/mnt/ubna_data_02_mir/recover-20221013/UBNA_001/20221012_030000.WAV,Telephone Field,recover-20221013,001,1795
541.5975,541.6348,68437,82068,Rhinolophus ferrumequinum,0.022,0.022,-1,Echolocation,/mnt/ubna_data_02_mir/recover-20221013/UBNA_001/20221012_030000.WAV,Telephone Field,recover-20221013,001,1795
541.6195,541.6579,68437,81620,Rhinolophus ferrumequinum,0.022,0.022,-1,Echolocation,/mnt/ubna_data_02_mir/recover-20221013/UBNA_001/20221012_030000.WAV,Telephone Field,recover-20221013,001,1795
541.6385,541.6779,68437,82757,Rhinolophus ferrumequinum,0.022,0.023,-1,Echolocation,/mnt/ubna_data_02_mir/recover-20221013/UBNA_001/20221012_030000.WAV,Telephone Field,recover-20221013,001,1795
541.6495,541.657,26328,36023,Eptesicus serotinus,0.009,0.033,-1,Echolocation,/mnt/ubna_data_02_mir/recover-20221013/UBNA_001/20221012_030000.WAV,Telephone Field,recover-20221013,001,1795
541.6905,541.7298,68437,81800,Rhinolophus ferrumequinum,0.024,0.024,-1,Echolocation,/mnt/ubna_data_02_mir/recover-20221013/UBNA_001/20221012_030000.WAV,Telephone Field,recover-20221013,001,1795
541.6985,541.7158,17734,23408,Nyctalus noctula,0.017,0.024,-1,Echolocation,/mnt/ubna_data_02_mir/recover-20221013/UBNA_001/20221012_030000.WAV,Telephone Field,recover-20221013,001,1795
541.6995,541.7066,24609,34048,Plecotus austriacus,0.01,0.025,-1,Echolocation,/mnt/ubna_data_02_mir/recover-20221013/UBNA_001/20221012_030000.WAV,Telephone Field,recover-20221013,001,1795
541.7295,541.7406,24609,30577,Nyctalus leisleri,0.012,0.03,-1,Echolocation,/mnt/ubna_data_02_mir/recover-20221013/UBNA_001/20221012_030000.WAV,Telephone Field,recover-20221013,001,1795
541.7355,541.7744,68437,81816,Rhinolophus ferrumequinum,0.021,0.021,-1,Echolocation,/mnt/ubna_data_02_mir/recover-20221013/UBNA_001/20221012_030000.WAV,Telephone Field,recover-20221013,001,1795
541.7655,541.8069,68437,82640,Rhinolophus ferrumequinum,0.023,0.023,-1,Echolocation,/mnt/ubna_data_02_mir/recover-20221013/UBNA_001/20221012_030000.WAV,Telephone Field,recover-20221013,001,1795
541.7775,541.8162,68437,82400,Rhinolophus ferrumequinum,0.021,0.021,-1,Echolocation,/mnt/ubna_data_02_mir/recover-20221013/UBNA_001/20221012_030000.WAV,Telephone Field,recover-20221013,001,1795
541.8195,541.8615,68437,83416,Rhinolophus ferrumequinum,0.024,0.024,-1,Echolocation,/mnt/ubna_data_02_mir/recover-20221013/UBNA_001/20221012_030000.WAV,Telephone Field,recover-20221013,001,1795
541.8275,541.833,28046,53156,Myotis daubentonii,0.012,0.032,-1,Echolocation,/mnt/ubna_data_02_mir/recover-20221013/UBNA_001/20221012_030000.WAV,Telephone Field,recover-20221013,001,1795
541.8295,541.8384,43515,47435,Pipistrellus pipistrellus,0.018,0.021,-1,Echolocation,/mnt/ubna_data_02_mir/recover-20221013/UBNA_001/20221012_030000.WAV,Telephone Field,recover-20221013,001,1795
541.8565,541.8953,68437,81855,Rhinolophus ferrumequinum,0.021,0.022,-1,Echolocation,/mnt/ubna_data_02_mir/recover-20221013/UBNA_001/20221012_030000.WAV,Telephone Field,recover-20221013,001,1795
541.8995,541.9098,27187,34228,Eptesicus serotinus,0.027,0.059,-1,Echolocation,/mnt/ubna_data_02_mir/recover-20221013/UBNA_001/20221012_030000.WAV,Telephone Field,recover-20221013,001,1795
541.9365,541.9438,23750,32739,Plecotus austriacus,0.008,0.022,-1,Echolocation,/mnt/ubna_data_02_mir/recover-20221013/UBNA_001/20221012_030000.WAV,Telephone Field,recover-20221013,001,1795
541.9555,541.9923,68437,81155,Rhinolophus ferrumequinum,0.021,0.021,-1,Echolocation,/mnt/ubna_data_02_mir/recover-20221013/UBNA_001/20221012_030000.WAV,Telephone Field,recover-20221013,001,1795
541.9775,541.9872,22890,29305,Plecotus austriacus,0.008,0.024,-1,Echolocation,/mnt/ubna_data_02_mir/recover-20221013/UBNA_001/20221012_030000.WAV,Telephone Field,recover-20221013,001,1795
542.0015,542.0086,22031,28302,Plecotus austriacus,0.008,0.025,-1,Echolocation,/mnt/ubna_data_02_mir/recover-20221013/UBNA_001/20221012_030000.WAV,Telephone Field,recover-20221013,001,1795
542.0015,542.0105,27187,34305,Nyctalus leisleri,0.009,0.025,-1,Echolocation,/mnt/ubna_data_02_mir/recover-20221013/UBNA_001/20221012_030000.WAV,Telephone Field,recover-20221013,001,1795
542.0015,542.0361,68437,79651,Rhinolophus ferrumequinum,0.036,0.036,-1,Echolocation,/mnt/ubna_data_02_mir/recover-20221013/UBNA_001/20221012_030000.WAV,Telephone Field,recover-20221013,001,1795
542.0015,542.0135,16875,22502,Nyctalus noctula,0.011,0.025,-1,Echolocation,/mnt/ubna_data_02_mir/recover-20221013/UBNA_001/20221012_030000.WAV,Telephone Field,recover-20221013,001,1795
542.0115,542.0561,68437,83960,Rhinolophus ferrumequinum,0.032,0.032,-1,Echolocation,/mnt/ubna_data_02_mir/recover-20221013/UBNA_001/20221012_030000.WAV,Telephone Field,recover-20221013,001,1795
542.0225,542.0293,46953,55583,Pipistrellus pipistrellus,0.017,0.023,-1,Echolocation,/mnt/ubna_data_02_mir/recover-20221013/UBNA_001/20221012_030000.WAV,Telephone Field,recover-20221013,001,1795
542.0365,542.044,25468,38094,Eptesicus serotinus,0.006,0.021,-1,Echolocation,/mnt/ubna_data_02_mir/recover-20221013/UBNA_001/20221012_030000.WAV,Telephone Field,recover-20221013,001,1795
542.0415,542.0787,68437,82313,Rhinolophus ferrumequinum,0.029,0.029,-1,Echolocation,/mnt/ubna_data_02_mir/recover-20221013/UBNA_001/20221012_030000.WAV,Telephone Field,recover-20221013,001,1795
542.0515,542.0867,68437,81566,Rhinolophus ferrumequinum,0.022,0.022,-1,Echolocation,/mnt/ubna_data_02_mir/recover-20221013/UBNA_001/20221012_030000.WAV,Telephone Field,recover-20221013,001,1795
542.0865,542.0978,25468,32793,Eptesicus serotinus,0.014,0.029,-1,Echolocation,/mnt/ubna_data_02_mir/recover-20221013/UBNA_001/20221012_030000.WAV,Telephone Field,recover-20221013,001,1795
542.1015,542.1412,68437,82204,Rhinolophus ferrumequinum,0.022,0.022,-1,Echolocation,/mnt/ubna_data_02_mir/recover-20221013/UBNA_001/20221012_030000.WAV,Telephone Field,recover-20221013,001,1795
542.1075,542.1482,68437,82793,Rhinolophus ferrumequinum,0.022,0.022,-1,Echolocation,/mnt/ubna_data_02_mir/recover-20221013/UBNA_001/20221012_030000.WAV,Telephone Field,recover-20221013,001,1795
542.1225,542.1674,68437,83561,Rhinolophus ferrumequinum,0.025,0.025,-1,Echolocation,/mnt/ubna_data_02_mir/recover-20221013/UBNA_001/20221012_030000.WAV,Telephone Field,recover-20221013,001,1795
542.1305,542.1385,52109,58935,Pipistrellus pipistrellus,0.018,0.023,-1,Echolocation,/mnt/ubna_data_02_mir/recover-20221013/UBNA_001/20221012_030000.WAV,Telephone Field,recover-20221013,001,1795
542.1505,542.1586,28046,39125,Eptesicus serotinus,0.01,0.023,-1,Echolocation,/mnt/ubna_data_02_mir/recover-20221013/UBNA_001/20221012_030000.WAV,Telephone Field,recover-20221013,001,1795
542.1505,542.187,68437,81888,Rhinolophus ferrumequinum,0.022,0.022,-1,Echolocation,/mnt/ubna_data_02_mir/recover-20221013/UBNA_001/20221012_030000.WAV,Telephone Field,recover-20221013,001,1795
542.1925,542.229,68437,81807,Rhinolophus ferrumequinum,0.026,0.026,-1,Echolocation,/mnt/ubna_data_02_mir/recover-20221013/UBNA_001/20221012_030000.WAV,Telephone Field,recover-20221013,001,1795
542.2355,542.2766,68437,82486,Rhinolophus ferrumequinum,0.024,0.024,-1,Echolocation,/mnt/ubna_data_02_mir/recover-20221013/UBNA_001/20221012_030000.WAV,Telephone Field,recover-20221013,001,1795
542.2505,542.2566,25468,40146,Plecotus auritus,0.01,0.036,-1,Echolocation,/mnt/ubna_data_02_mir/recover-20221013/UBNA_001/20221012_030000.WAV,Telephone Field,recover-20221013,001,1795
542.2765,542.3143,68437,82347,Rhinolophus ferrumequinum,0.026,0.026,-1,Echolocation,/mnt/ubna_data_02_mir/recover-20221013/UBNA_001/20221012_030000.WAV,Telephone Field,recover-20221013,001,1795
542.3045,542.317,23750,28965,Nyctalus leisleri,0.014,0.029,-1,Echolocation,/mnt/ubna_data_02_mir/recover-20221013/UBNA_001/20221012_030000.WAV,Telephone Field,recover-20221013,001,1795
542.3065,542.3455,68437,81984,Rhinolophus ferrumequinum,0.021,0.021,-1,Echolocation,/mnt/ubna_data_02_mir/recover-20221013/UBNA_001/20221012_030000.WAV,Telephone Field,recover-20221013,001,1795
542.3605,542.3967,68437,80986,Rhinolophus ferrumequinum,0.021,0.021,-1,Echolocation,/mnt/ubna_data_02_mir/recover-20221013/UBNA_001/20221012_030000.WAV,Telephone Field,recover-20221013,001,1795
542.3665,542.4019,68437,81726,Rhinolophus ferrumequinum,0.021,0.021,-1,Echolocation,/mnt/ubna_data_02_mir/recover-20221013/UBNA_001/20221012_030000.WAV,Telephone Field,recover-20221013,001,1795
542.3805,542.3879,25468,34130,Eptesicus serotinus,0.008,0.028,-1,Echolocation,/mnt/ubna_data_02_mir/recover-20221013/UBNA_001/20221012_030000.WAV,Telephone Field,recover-20221013,001,1795
542.4205,542.4584,68437,82277,Rhinolophus ferrumequinum,0.023,0.023,-1,Echolocation,/mnt/ubna_data_02_mir/recover-20221013/UBNA_001/20221012_030000.WAV,Telephone Field,recover-20221013,001,1795
542.4375,542.4755,68437,81435,Rhinolophus ferrumequinum,0.033,0.033,-1,Echolocation,/mnt/ubna_data_02_mir/recover-20221013/UBNA_001/20221012_030000.WAV,Telephone Field,recover-20221013,001,1795
542.4385,542.4482,32343,41542,Eptesicus serotinus,0.006,0.022,-1,Echolocation,/mnt/ubna_data_02_mir/recover-20221013/UBNA_001/20221012_030000.WAV,Telephone Field,recover-20221013,001,1795
542.4615,542.4956,68437,81325,Rhinolophus ferrumequinum,0.022,0.022,-1,Echolocation,/mnt/ubna_data_02_mir/recover-20221013/UBNA_001/20221012_030000.WAV,Telephone Field,recover-20221013,001,1795
542.4705,542.5082,68437,82437,Rhinolophus ferrumequinum,0.022,0.022,-1,Echolocation,/mnt/ubna_data_02_mir/recover-20221013/UBNA_001/20221012_030000.WAV,Telephone Field,recover-20221013,001,1795
542.5075,542.5153,25468,34572,Eptesicus serotinus,0.008,0.021,-1,Echolocation,/mnt/ubna_data_02_mir/recover-20221013/UBNA_001/20221012_030000.WAV,Telephone Field,recover-20221013,001,1795
542.5085,542.5466,68437,82286,Rhinolophus ferrumequinum,0.021,0.021,-1,Echolocation,/mnt/ubna_data_02_mir/recover-20221013/UBNA_001/20221012_030000.WAV,Telephone Field,recover-20221013,001,1795
542.5275,542.5377,23750,30856,Nyctalus leisleri,0.007,0.023,-1,Echolocation,/mnt/ubna_data_02_mir/recover-20221013/UBNA_001/20221012_030000.WAV,Telephone Field,recover-20221013,001,1795
542.5325,542.5659,68437,80605,Rhinolophus ferrumequinum,0.022,0.022,-1,Echolocation,/mnt/ubna_data_02_mir/recover-20221013/UBNA_001/20221012_030000.WAV,Telephone Field,recover-20221013,001,1795
542.6245,542.6325,23750,32420,Plecotus austriacus,0.009,0.026,-1,Echolocation,/mnt/ubna_data_02_mir/recover-20221013/UBNA_001/20221012_030000.WAV,Telephone Field,recover-20221013,001,1795
542.6315,542.6687,68437,82109,Rhinolophus ferrumequinum,0.021,0.021,-1,Echolocation,/mnt/ubna_data_02_mir/recover-20221013/UBNA_001/20221012_030000.WAV,Telephone Field,recover-20221013,001,1795
542.6385,542.6768,68437,82119,Rhinolophus ferrumequinum,0.023,0.023,-1,Echolocation,/mnt/ubna_data_02_mir/recover-20221013/UBNA_001/20221012_030000.WAV,Telephone Field,recover-20221013,001,1795
542.6745,542.711,68437,82475,Rhinolophus ferrumequinum,0.021,0.021,-1,Echolocation,/mnt/ubna_data_02_mir/recover-20221013/UBNA_001/20221012_030000.WAV,Telephone Field,recover-20221013,001,1795
542.6745,542.6796,42656,57325,Myotis mystacinus,0.01,0.044,-1,Echolocation,/mnt/ubna_data_02_mir/recover-20221013/UBNA_001/20221012_030000.WAV,Telephone Field,recover-20221013,001,1795
542.7035,542.7126,46093,55661,Pipistrellus pipistrellus,0.02,0.024,-1,Echolocation,/mnt/ubna_data_02_mir/recover-20221013/UBNA_001/20221012_030000.WAV,Telephone Field,recover-20221013,001,1795
542.7385,542.7472,28906,39360,Eptesicus serotinus,0.01,0.026,-1,Echolocation,/mnt/ubna_data_02_mir/recover-20221013/UBNA_001/20221012_030000.WAV,Telephone Field,recover-20221013,001,1795
542.7535,542.7594,49531,55273,Pipistrellus pipistrellus,0.021,0.023,-1,Echolocation,/mnt/ubna_data_02_mir/recover-20221013/UBNA_001/20221012_030000.WAV,Telephone Field,recover-20221013,001,1795
542.7685,542.8059,68437,81957,Rhinolophus ferrumequinum,0.021,0.021,-1,Echolocation,/mnt/ubna_data_02_mir/recover-20221013/UBNA_001/20221012_030000.WAV,Telephone Field,recover-20221013,001,1795
542.7695,542.7783,28906,39255,Eptesicus serotinus,0.009,0.022,-1,Echolocation,/mnt/ubna_data_02_mir/recover-20221013/UBNA_001/20221012_030000.WAV,Telephone Field,recover-20221013,001,1795
542.8035,542.8378,68437,81900,Rhinolophus ferrumequinum,0.025,0.025,-1,Echolocation,/mnt/ubna_data_02_mir/recover-20221013/UBNA_001/20221012_030000.WAV,Telephone Field,recover-20221013,001,1795
542.8395,542.8475,22890,31606,Plecotus austriacus,0.01,0.024,-1,Echolocation,/mnt/ubna_data_02_mir/recover-20221013/UBNA_001/20221012_030000.WAV,Telephone Field,recover-20221013,001,1795
542.8815,542.9204,68437,82209,Rhinolophus ferrumequinum,0.027,0.027,-1,Echolocation,/mnt/ubna_data_02_mir/recover-20221013/UBNA_001/20221012_030000.WAV,Telephone Field,recover-20221013,001,1795
542.9575,542.9959,68437,82438,Rhinolophus ferrumequinum,0.021,0.021,-1,Echolocation,/mnt/ubna_data_02_mir/recover-20221013/UBNA_001/20221012_030000.WAV,Telephone Field,recover-20221013,001,1795
542.9915,543.002,22890,27210,Nyctalus leisleri,0.009,0.021,-1,Echolocation,/mnt/ubna_data_02_mir/recover-20221013/UBNA_001/20221012_030000.WAV,Telephone Field,recover-20221013,001,1795
543.0045,543.0123,28906,41146,Eptesicus serotinus,0.009,0.027,-1,Echolocation,/mnt/ubna_data_02_mir/recover-20221013/UBNA_001/20221012_030000.WAV,Telephone Field,recover-20221013,001,1795
543.0555,543.0736,21171,24267,Nyctalus leisleri,0.022,0.04,-1,Echolocation,/mnt/ubna_data_02_mir/recover-20221013/UBNA_001/20221012_030000.WAV,Telephone Field,recover-20221013,001,1795
543.0955,543.1352,68437,82758,Rhinolophus ferrumequinum,0.024,0.024,-1,Echolocation,/mnt/ubna_data_02_mir/recover-20221013/UBNA_001/20221012_030000.WAV,Telephone Field,recover-20221013,001,1795
543.1245,543.1362,24609,30266,Nyctalus leisleri,0.013,0.034,-1,Echolocation,/mnt/ubna_data_02_mir/recover-20221013/UBNA_001/20221012_030000.WAV,Telephone Field,recover-20221013,001,1795
543.1495,543.1568,25468,35056,Plecotus austriacus,0.006,0.021,-1,Echolocation,/mnt/ubna_data_02_mir/recover-20221013/UBNA_001/20221012_030000.WAV,Telephone Field,recover-20221013,001,1795
543.1915,543.2288,68437,81563,Rhinolophus ferrumequinum,0.021,0.021,-1,Echolocation,/mnt/ubna_data_02_mir/recover-20221013/UBNA_001/20221012_030000.WAV,Telephone Field,recover-20221013,001,1795
543.2355,543.2764,68437,83140,Rhinolophus ferrumequinum,0.033,0.033,-1,Echolocation,/mnt/ubna_data_02_mir/recover-20221013/UBNA_001/20221012_030000.WAV,Telephone Field,recover-20221013,001,1795
543.2435,543.251,28046,42008,Eptesicus serotinus,0.008,0.024,-1,Echolocation,/mnt/ubna_data_02_mir/recover-20221013/UBNA_001/20221012_030000.WAV,Telephone Field,recover-20221013,001,1795
543.2545,543.261,51250,56388,Pipistrellus pipistrellus,0.021,0.025,-1,Echolocation,/mnt/ubna_data_02_mir/recover-20221013/UBNA_001/20221012_030000.WAV,Telephone Field,recover-20221013,001,1795
543.2675,543.3061,68437,82571,Rhinolophus ferrumequinum,0.027,0.027,-1,Echolocation,/mnt/ubna_data_02_mir/recover-20221013/UBNA_001/20221012_030000.WAV,Telephone Field,recover-20221013,001,1795
543.2725,543.2796,26328,36275,Eptesicus serotinus,0.006,0.022,-1,Echolocation,/mnt/ubna_data_02_mir/recover-20221013/UBNA_001/20221012_030000.WAV,Telephone Field,recover-20221013,001,1795
543.2865,543.3286,68437,83620,Rhinolophus ferrumequinum,0.026,0.026,-1,Echolocation,/mnt/ubna_data_02_mir/recover-20221013/UBNA_001/20221012_030000.WAV,Telephone Field,recover-20221013,001,1795
543.2985,543.3059,24609,34086,Plecotus austriacus,0.008,0.025,-1,Echolocation,/mnt/ubna_data_02_mir/recover-20221013/UBNA_001/20221012_030000.WAV,Telephone Field,recover-20221013,001,1795
543.3445,543.3827,68437,81314,Rhinolophus ferrumequinum,0.022,0.022,-1,Echolocation,/mnt/ubna_data_02_mir/recover-20221013/UBNA_001/20221012_030000.WAV,Telephone Field,recover-20221013,001,1795
543.4035,543.4445,68437,83045,Rhinolophus ferrumequinum,0.025,0.025,-1,Echolocation,/mnt/ubna_data_02_mir/recover-20221013/UBNA_001/20221012_030000.WAV,Telephone Field,recover-20221013,001,1795
543.4215,543.4616,68437,82932,Rhinolophus ferrumequinum,0.026,0.026,-1,Echolocation,/mnt/ubna_data_02_mir/recover-20221013/UBNA_001/20221012_030000.WAV,Telephone Field,recover-20221013,001,1795
543.4795,543.5155,68437,82305,Rhinolophus ferrumequinum,0.026,0.026,-1,Echolocation,/mnt/ubna_data_02_mir/recover-20221013/UBNA_001/20221012_030000.WAV,Telephone Field,recover-20221013,001,1795
543.4805,543.491,28046,35989,Eptesicus serotinus,0.012,0.025,-1,Echolocation,/mnt/ubna_data_02_mir/recover-20221013/UBNA_001/20221012_030000.WAV,Telephone Field,recover-20221013,001,1795
543.5395,543.5459,27187,42081,Eptesicus serotinus,0.007,0.027,-1,Echolocation,/mnt/ubna_data_02_mir/recover-20221013/UBNA_001/20221012_030000.WAV,Telephone Field,recover-20221013,001,1795
543.5455,543.5636,19453,22045,Nyctalus leisleri,0.013,0.021,-1,Echolocation,/mnt/ubna_data_02_mir/recover-20221013/UBNA_001/20221012_030000.WAV,Telephone Field,recover-20221013,001,1795
543.5945,543.612,23750,27793,Nyctalus leisleri,0.086,0.176,-1,Echolocation,/mnt/ubna_data_02_mir/recover-20221013/UBNA_001/20221012_030000.WAV,Telephone Field,recover-20221013,001,1795
543.6235,543.6625,68437,82393,Rhinolophus ferrumequinum,0.023,0.023,-1,Echolocation,/mnt/ubna_data_02_mir/recover-20221013/UBNA_001/20221012_030000.WAV,Telephone Field,recover-20221013,001,1795
543.6635,543.6984,68437,82221,Rhinolophus ferrumequinum,0.023,0.023,-1,Echolocation,/mnt/ubna_data_02_mir/recover-20221013/UBNA_001/20221012_030000.WAV,Telephone Field,recover-20221013,001,1795
543.6685,543.6767,44375,48190,Pipistrellus pipistrellus,0.033,0.034,-1,Echolocation,/mnt/ubna_data_02_mir/recover-20221013/UBNA_001/20221012_030000.WAV,Telephone Field,recover-20221013,001,1795
543.6795,543.722,68437,82542,Rhinolophus ferrumequinum,0.023,0.023,-1,Echolocation,/mnt/ubna_data_02_mir/recover-20221013/UBNA_001/20221012_030000.WAV,Telephone Field,recover-20221013,001,1795
543.7125,543.7255,22890,27138,Nyctalus leisleri,0.019,0.032,-1,Echolocation,/mnt/ubna_data_02_mir/recover-20221013/UBNA_001/20221012_030000.WAV,Telephone Field,recover-20221013,001,1795
543.7455,543.7812,68437,82112,Rhinolophus ferrumequinum,0.022,0.022,-1,Echolocation,/mnt/ubna_data_02_mir/recover-20221013/UBNA_001/20221012_030000.WAV,Telephone Field,recover-20221013,001,1795
543.7565,543.7949,68437,82503,Rhinolophus ferrumequinum,0.022,0.022,-1,Echolocation,/mnt/ubna_data_02_mir/recover-20221013/UBNA_001/20221012_030000.WAV,Telephone Field,recover-20221013,001,1795
543.7705,543.7772,26328,40722,Eptesicus serotinus,0.012,0.042,-1,Echolocation,/mnt/ubna_data_02_mir/recover-20221013/UBNA_001/20221012_030000.WAV,Telephone Field,recover-20221013,001,1795
543.8325,543.8422,26328,34001,Eptesicus serotinus,0.012,0.03,-1,Echolocation,/mnt/ubna_data_02_mir/recover-20221013/UBNA_001/20221012_030000.WAV,Telephone Field,recover-20221013,001,1795
543.8335,543.8689,68437,81740,Rhinolophus ferrumequinum,0.021,0.021,-1,Echolocation,/mnt/ubna_data_02_mir/recover-20221013/UBNA_001/20221012_030000.WAV,Telephone Field,recover-20221013,001,1795
543.8675,543.8772,23750,31135,Nyctalus leisleri,0.009,0.028,-1,Echolocation,/mnt/ubna_data_02_mir/recover-20221013/UBNA_001/20221012_030000.WAV,Telephone Field,recover-20221013,001,1795
543.8965,543.9328,68437,82143,Rhinolophus ferrumequinum,0.025,0.025,-1,Echolocation,/mnt/ubna_data_02_mir/recover-20221013/UBNA_001/20221012_030000.WAV,Telephone Field,recover-20221013,001,1795
543.9245,543.9344,28906,39273,Eptesicus serotinus,0.01,0.022,-1,Echolocation,/mnt/ubna_data_02_mir/recover-20221013/UBNA_001/20221012_030000.WAV,Telephone Field,recover-20221013,001,1795
543.9355,543.943,27187,39286,Eptesicus serotinus,0.009,0.023,-1,Echolocation,/mnt/ubna_data_02_mir/recover-20221013/UBNA_001/20221012_030000.WAV,Telephone Field,recover-20221013,001,1795
543.9495,543.9885,68437,82585,Rhinolophus ferrumequinum,0.025,0.025,-1,Echolocation,/mnt/ubna_data_02_mir/recover-20221013/UBNA_001/20221012_030000.WAV,Telephone Field,recover-20221013,001,1795
543.9855,543.9939,28046,40454,Eptesicus serotinus,0.008,0.022,-1,Echolocation,/mnt/ubna_data_02_mir/recover-20221013/UBNA_001/20221012_030000.WAV,Telephone Field,recover-20221013,001,1795
543.9865,543.9949,22890,30909,Plecotus austriacus,0.01,0.023,-1,Echolocation,/mnt/ubna_data_02_mir/recover-20221013/UBNA_001/20221012_030000.WAV,Telephone Field,recover-20221013,001,1795
544.0015,544.0088,46093,51880,Pipistrellus pipistrellus,0.018,0.022,-1,Echolocation,/mnt/ubna_data_02_mir/recover-20221013/UBNA_001/20221012_030000.WAV,Telephone Field,recover-20221013,001,1795
544.0015,544.0101,25468,37142,Eptesicus serotinus,0.006,0.022,-1,Echolocation,/mnt/ubna_data_02_mir/recover-20221013/UBNA_001/20221012_030000.WAV,Telephone Field,recover-20221013,001,1795
544.0015,544.0327,69296,80822,Rhinolophus ferrumequinum,0.022,0.022,-1,Echolocation,/mnt/ubna_data_02_mir/recover-20221013/UBNA_001/20221012_030000.WAV,Telephone Field,recover-20221013,001,1795
544.0015,544.0151,20312,24851,Nyctalus leisleri,0.013,0.031,-1,Echolocation,/mnt/ubna_data_02_mir/recover-20221013/UBNA_001/20221012_030000.WAV,Telephone Field,recover-20221013,001,1795
544.0145,544.022,26328,35491,Eptesicus serotinus,0.007,0.021,-1,Echolocation,/mnt/ubna_data_02_mir/recover-20221013/UBNA_001/20221012_030000.WAV,Telephone Field,recover-20221013,001,1795
544.0515,544.0876,68437,81857,Rhinolophus ferrumequinum,0.021,0.021,-1,Echolocation,/mnt/ubna_data_02_mir/recover-20221013/UBNA_001/20221012_030000.WAV,Telephone Field,recover-20221013,001,1795
544.0785,544.0901,28046,35983,Eptesicus serotinus,0.011,0.023,-1,Echolocation,/mnt/ubna_data_02_mir/recover-20221013/UBNA_001/20221012_030000.WAV,Telephone Field,recover-20221013,001,1795
544.1605,544.1688,22890,30236,Plecotus austriacus,0.008,0.02,-1,Echolocation,/mnt/ubna_data_02_mir/recover-20221013/UBNA_001/20221012_030000.WAV,Telephone Field,recover-20221013,001,1795
544.2445,544.2795,68437,81120,Rhinolophus ferrumequinum,0.02,0.02,-1,Echolocation,/mnt/ubna_data_02_mir/recover-20221013/UBNA_001/20221012_030000.WAV,Telephone Field,recover-20221013,001,1795
544.2625,544.2719,28906,37399,Eptesicus serotinus,0.008,0.021,-1,Echolocation,/mnt/ubna_data_02_mir/recover-20221013/UBNA_001/20221012_030000.WAV,Telephone Field,recover-20221013,001,1795
544.2855,544.3029,19453,23146,Nyctalus noctula,0.015,0.029,-1,Echolocation,/mnt/ubna_data_02_mir/recover-20221013/UBNA_001/20221012_030000.WAV,Telephone Field,recover-20221013,001,1795
544.2985,544.305,28906,38644,Eptesicus serotinus,0.017,0.046,-1,Echolocation,/mnt/ubna_data_02_mir/recover-20221013/UBNA_001/20221012_030000.WAV,Telephone Field,recover-20221013,001,1795
544.3785,544.3886,26328,34183,Eptesicus serotinus,0.012,0.025,-1,Echolocation,/mnt/ubna_data_02_mir/recover-20221013/UBNA_001/20221012_030000.WAV,Telephone Field,recover-20221013,001,1795
544.3895,544.4251,68437,81792,Rhinolophus ferrumequinum,0.021,0.021,-1,Echolocation,/mnt/ubna_data_02_mir/recover-20221013/UBNA_001/20221012_030000.WAV,Telephone Field,recover-20221013,001,1795
544.3945,544.4026,28046,40914,Eptesicus serotinus,0.01,0.025,-1,Echolocation,/mnt/ubna_data_02_mir/recover-20221013/UBNA_001/20221012_030000.WAV,Telephone Field,recover-20221013,001,1795
544.4055,544.4146,24609,31422,Nyctalus leisleri,0.007,0.023,-1,Echolocation,/mnt/ubna_data_02_mir/recover-20221013/UBNA_001/20221012_030000.WAV,Telephone Field,recover-20221013,001,1795
544.4265,544.4614,68437,81796,Rhinolophus ferrumequinum,0.022,0.022,-1,Echolocation,/mnt/ubna_data_02_mir/recover-20221013/UBNA_001/20221012_030000.WAV,Telephone Field,recover-20221013,001,1795
544.4335,544.4708,68437,81575,Rhinolophus ferrumequinum,0.022,0.022,-1,Echolocation,/mnt/ubna_data_02_mir/recover-20221013/UBNA_001/20221012_030000.WAV,Telephone Field,recover-20221013,001,1795
544.4355,544.4444,28046,36042,Eptesicus serotinus,0.011,0.024,-1,Echolocation,/mnt/ubna_data_02_mir/recover-20221013/UBNA_001/20221012_030000.WAV,Telephone Field,recover-20221013,001,1795
544.5115,544.5224,24609,30311,Nyctalus leisleri,0.011,0.028,-1,Echolocation,/mnt/ubna_data_02_mir/recover-20221013/UBNA_001/20221012_030000.WAV,Telephone Field,recover-20221013,001,1795
544.5335,544.5427,24609,31960,Eptesicus serotinus,0.009,0.027,-1,Echolocation,/mnt/ubna_data_02_mir/recover-20221013/UBNA_001/20221012_030000.WAV,Telephone Field,recover-20221013,001,1795
544.5435,544.5815,68437,82331,Rhinolophus ferrumequinum,0.02,0.02,-1,Echolocation,/mnt/ubna_data_02_mir/recover-20221013/UBNA_001/20221012_030000.WAV,Telephone Field,recover-20221013,001,1795
544.5625,544.5716,25468,34084,Eptesicus serotinus,0.009,0.022,-1,Echolocation,/mnt/ubna_data_02_mir/recover-20221013/UBNA_001/20221012_030000.WAV,Telephone Field,recover-20221013,001,1795
544.5775,544.6167,68437,83048,Rhinolophus ferrumequinum,0.024,0.024,-1,Echolocation,/mnt/ubna_data_02_mir/recover-20221013/UBNA_001/20221012_030000.WAV,Telephone Field,recover-20221013,001,1795
544.5805,544.5865,27187,40483,Eptesicus serotinus,0.005,0.024,-1,Echolocation,/mnt/ubna_data_02_mir/recover-20221013/UBNA_001/20221012_030000.WAV,Telephone Field,recover-20221013,001,1795
544.5955,544.6044,28906,40045,Eptesicus serotinus,0.009,0.021,-1,Echolocation,/mnt/ubna_data_02_mir/recover-20221013/UBNA_001/20221012_030000.WAV,Telephone Field,recover-20221013,001,1795
544.6225,544.6328,27187,35597,Eptesicus serotinus,0.011,0.022,-1,Echolocation,/mnt/ubna_data_02_mir/recover-20221013/UBNA_001/20221012_030000.WAV,Telephone Field,recover-20221013,001,1795
544.6495,544.6571,28906,42103,Eptesicus serotinus,0.011,0.027,-1,Echolocation,/mnt/ubna_data_02_mir/recover-20221013/UBNA_001/20221012_030000.WAV,Telephone Field,recover-20221013,001,1795
544.6585,544.6988,68437,82736,Rhinolophus ferrumequinum,0.021,0.021,-1,Echolocation,/mnt/ubna_data_02_mir/recover-20221013/UBNA_001/20221012_030000.WAV,Telephone Field,recover-20221013,001,1795
544.6895,544.7004,28906,37375,Eptesicus serotinus,0.011,0.024,-1,Echolocation,/mnt/ubna_data_02_mir/recover-20221013/UBNA_001/20221012_030000.WAV,Telephone Field,recover-20221013,001,1795
544.7065,544.7422,68437,82071,Rhinolophus ferrumequinum,0.022,0.022,-1,Echolocation,/mnt/ubna_data_02_mir/recover-20221013/UBNA_001/20221012_030000.WAV,Telephone Field,recover-20221013,001,1795
544.7475,544.788,68437,82451,Rhinolophus ferrumequinum,0.024,0.024,-1,Echolocation,/mnt/ubna_data_02_mir/recover-20221013/UBNA_001/20221012_030000.WAV,Telephone Field,recover-20221013,001,1795
544.7725,544.8113,68437,82617,Rhinolophus ferrumequinum,0.028,0.028,-1,Echolocation,/mnt/ubna_data_02_mir/recover-20221013/UBNA_001/20221012_030000.WAV,Telephone Field,recover-20221013,001,1795
544.7985,544.8367,68437,82182,Rhinolophus ferrumequinum,0.023,0.023,-1,Echolocation,/mnt/ubna_data_02_mir/recover-20221013/UBNA_001/20221012_030000.WAV,Telephone Field,recover-20221013,001,1795
544.8225,544.8306,47812,51586,Pipistrellus pipistrellus,0.025,0.027,-1,Echolocation,/mnt/ubna_data_02_mir/recover-20221013/UBNA_001/20221012_030000.WAV,Telephone Field,recover-20221013,001,1795
544.8255,544.8633,68437,82154,Rhinolophus ferrumequinum,0.02,0.02,-1,Echolocation,/mnt/ubna_data_02_mir/recover-20221013/UBNA_001/20221012_030000.WAV,Telephone Field,recover-20221013,001,1795
544.8355,544.8738,68437,82400,Rhinolophus ferrumequinum,0.02,0.02,-1,Echolocation,/mnt/ubna_data_02_mir/recover-20221013/UBNA_001/20221012_030000.WAV,Telephone Field,recover-20221013,001,1795
544.8445,544.8538,23750,30687,Eptesicus serotinus,0.006,0.02,-1,Echolocation,/mnt/ubna_data_02_mir/recover-20221013/UBNA_001/20221012_030000.WAV,Telephone Field,recover-20221013,001,1795
544.8765,544.8857,23750,31553,Plecotus austriacus,0.009,0.027,-1,Echolocation,/mnt/ubna_data_02_mir/recover-20221013/UBNA_001/20221012_030000.WAV,Telephone Field,recover-20221013,001,1795
544.9165,544.9543,68437,82394,Rhinolophus ferrumequinum,0.02,0.02,-1,Echolocation,/mnt/ubna_data_02_mir/recover-20221013/UBNA_001/20221012_030000.WAV,Telephone Field,recover-20221013,001,1795
544.9395,544.9796,68437,82457,Rhinolophus ferrumequinum,0.025,0.025,-1,Echolocation,/mnt/ubna_data_02_mir/recover-20221013/UBNA_001/20221012_030000.WAV,Telephone Field,recover-20221013,001,1795
545.0335,545.0412,28046,39366,Eptesicus serotinus,0.007,0.024,-1,Echolocation,/mnt/ubna_data_02_mir/recover-20221013/UBNA_001/20221012_030000.WAV,Telephone Field,recover-20221013,001,1795
545.0625,545.1013,68437,82065,Rhinolophus ferrumequinum,0.02,0.02,-1,Echolocation,/mnt/ubna_data_02_mir/recover-20221013/UBNA_001/20221012_030000.WAV,Telephone Field,recover-20221013,001,1795
545.0705,545.1051,68437,81357,Rhinolophus ferrumequinum,0.02,0.02,-1,Echolocation,/mnt/ubna_data_02_mir/recover-20221013/UBNA_001/20221012_030000.WAV,Telephone Field,recover-20221013,001,1795
545.0795,545.1124,68437,80897,Rhinolophus ferrumequinum,0.021,0.021,-1,Echolocation,/mnt/ubna_data_02_mir/recover-20221013/UBNA_001/20221012_030000.WAV,Telephone Field,recover-20221013,001,1795
545.0825,545.0915,28046,39956,Eptesicus serotinus,0.009,0.021,-1,Echolocation,/mnt/ubna_data_02_mir/recover-20221013/UBNA_001/20221012_030000.WAV,Telephone Field,recover-20221013,001,1795
545.1055,545.1429,68437,81742,Rhinolophus ferrumequinum,0.02,0.02,-1,Echolocation,/mnt/ubna_data_02_mir/recover-20221013/UBNA_001/20221012_030000.WAV,Telephone Field,recover-20221013,001,1795
545.1425,545.1478,35781,45829,Myotis daubentonii,0.007,0.025,-1,Echolocation,/mnt/ubna_data_02_mir/recover-20221013/UBNA_001/20221012_030000.WAV,Telephone Field,recover-20221013,001,1795
545.1435,545.1499,28906,44007,Eptesicus serotinus,0.009,0.035,-1,Echolocation,/mnt/ubna_data_02_mir/recover-20221013/UBNA_001/20221012_030000.WAV,Telephone Field,recover-20221013,001,1795
545.2005,545.2403,68437,82587,Rhinolophus ferrumequinum,0.021,0.021,-1,Echolocation,/mnt/ubna_data_02_mir/recover-20221013/UBNA_001/20221012_030000.WAV,Telephone Field,recover-20221013,001,1795
545.2575,545.2961,68437,81865,Rhinolophus ferrumequinum,0.022,0.022,-1,Echolocation,/mnt/ubna_data_02_mir/recover-20221013/UBNA_001/20221012_030000.WAV,Telephone Field,recover-20221013,001,1795
545.3315,545.3408,25468,33815,Eptesicus serotinus,0.019,0.045,-1,Echolocation,/mnt/ubna_data_02_mir/recover-20221013/UBNA_001/20221012_030000.WAV,Telephone Field,recover-20221013,001,1795
545.4495,545.4569,26328,38090,Eptesicus serotinus,0.007,0.022,-1,Echolocation,/mnt/ubna_data_02_mir/recover-20221013/UBNA_001/20221012_030000.WAV,Telephone Field,recover-20221013,001,1795
545.4765,545.5183,68437,82706,Rhinolophus ferrumequinum,0.023,0.023,-1,Echolocation,/mnt/ubna_data_02_mir/recover-20221013/UBNA_001/20221012_030000.WAV,Telephone Field,recover-20221013,001,1795
545.5195,545.5289,27187,35373,Eptesicus serotinus,0.014,0.032,-1,Echolocation,/mnt/ubna_data_02_mir/recover-20221013/UBNA_001/20221012_030000.WAV,Telephone Field,recover-20221013,001,1795
545.5345,545.573,68437,82356,Rhinolophus ferrumequinum,0.021,0.021,-1,Echolocation,/mnt/ubna_data_02_mir/recover-20221013/UBNA_001/20221012_030000.WAV,Telephone Field,recover-20221013,001,1795
545.5615,545.5998,68437,81935,Rhinolophus ferrumequinum,0.021,0.021,-1,Echolocation,/mnt/ubna_data_02_mir/recover-20221013/UBNA_001/20221012_030000.WAV,Telephone Field,recover-20221013,001,1795
545.5915,545.6033,22890,29197,Nyctalus leisleri,0.032,0.098,-1,Echolocation,/mnt/ubna_data_02_mir/recover-20221013/UBNA_001/20221012_030000.WAV,Telephone Field,recover-20221013,001,1795
545.6145,545.6538,68437,81871,Rhinolophus ferrumequinum,0.022,0.022,-1,Echolocation,/mnt/ubna_data_02_mir/recover-20221013/UBNA_001/20221012_030000.WAV,Telephone Field,recover-20221013,001,1795
545.6205,545.6583,68437,81309,Rhinolophus ferrumequinum,0.021,0.021,-1,Echolocation,/mnt/ubna_data_02_mir/recover-20221013/UBNA_001/20221012_030000.WAV,Telephone Field,recover-20221013,001,1795
545.6405,545.649,25468,34004,Eptesicus serotinus,0.008,0.021,-1,Echolocation,/mnt/ubna_data_02_mir/recover-20221013/UBNA_001/20221012_030000.WAV,Telephone Field,recover-20221013,001,1795
545.6545,545.6941,68437,82015,Rhinolophus ferrumequinum,0.024,0.024,-1,Echolocation,/mnt/ubna_data_02_mir/recover-20221013/UBNA_001/20221012_030000.WAV,Telephone Field,recover-20221013,001,1795
545.6635,545.6735,24609,31272,Nyctalus leisleri,0.008,0.023,-1,Echolocation,/mnt/ubna_data_02_mir/recover-20221013/UBNA_001/20221012_030000.WAV,Telephone Field,recover-20221013,001,1795
545.7295,545.7655,68437,81978,Rhinolophus ferrumequinum,0.02,0.02,-1,Echolocation,/mnt/ubna_data_02_mir/recover-20221013/UBNA_001/20221012_030000.WAV,Telephone Field,recover-20221013,001,1795
545.7475,545.7863,68437,82554,Rhinolophus ferrumequinum,0.022,0.022,-1,Echolocation,/mnt/ubna_data_02_mir/recover-20221013/UBNA_001/20221012_030000.WAV,Telephone Field,recover-20221013,001,1795
545.7595,545.7743,14296,19421,Nyctalus noctula,0.016,0.025,-1,Echolocation,/mnt/ubna_data_02_mir/recover-20221013/UBNA_001/20221012_030000.WAV,Telephone Field,recover-20221013,001,1795
545.7665,545.7751,25468,34288,Eptesicus serotinus,0.009,0.025,-1,Echolocation,/mnt/ubna_data_02_mir/recover-20221013/UBNA_001/20221012_030000.WAV,Telephone Field,recover-20221013,001,1795
545.7935,545.8046,22890,27566,Nyctalus leisleri,0.011,0.022,-1,Echolocation,/mnt/ubna_data_02_mir/recover-20221013/UBNA_001/20221012_030000.WAV,Telephone Field,recover-20221013,001,1795
545.8045,545.8122,23750,31623,Plecotus austriacus,0.009,0.022,-1,Echolocation,/mnt/ubna_data_02_mir/recover-20221013/UBNA_001/20221012_030000.WAV,Telephone Field,recover-20221013,001,1795
545.8345,545.8751,68437,82750,Rhinolophus ferrumequinum,0.023,0.023,-1,Echolocation,/mnt/ubna_data_02_mir/recover-20221013/UBNA_001/20221012_030000.WAV,Telephone Field,recover-20221013,001,1795
545.8455,545.8863,68437,82560,Rhinolophus ferrumequinum,0.022,0.022,-1,Echolocation,/mnt/ubna_data_02_mir/recover-20221013/UBNA_001/20221012_030000.WAV,Telephone Field,recover-20221013,001,1795
545.8575,545.893,68437,80986,Rhinolophus ferrumequinum,0.021,0.021,-1,Echolocation,/mnt/ubna_data_02_mir/recover-20221013/UBNA_001/20221012_030000.WAV,Telephone Field,recover-20221013,001,1795
545.8955,545.9055,22890,28116,Nyctalus leisleri,0.009,0.022,-1,Echolocation,/mnt/ubna_data_02_mir/recover-20221013/UBNA_001/20221012_030000.WAV,Telephone Field,recover-20221013,001,1795
545.9025,545.913,22031,26188,Nyctalus leisleri,0.011,0.021,-1,Echolocation,/mnt/ubna_data_02_mir/recover-20221013/UBNA_001/20221012_030000.WAV,Telephone Field,recover-20221013,001,1795
545.9055,545.9456,68437,82243,Rhinolophus ferrumequinum,0.024,0.024,-1,Echolocation,/mnt/ubna_data_02_mir/recover-20221013/UBNA_001/20221012_030000.WAV,Telephone Field,recover-20221013,001,1795
545.9085,545.9231,51250,55116,Pipistrellus pygmaeus,0.016,0.026,-1,Echolocation,/mnt/ubna_data_02_mir/recover-20221013/UBNA_001/20221012_030000.WAV,Telephone Field,recover-20221013,001,1795
546.0015,546.0119,21171,26643,Nyctalus leisleri,0.012,0.029,-1,Echolocation,/mnt/ubna_data_02_mir/recover-20221013/UBNA_001/20221012_030000.WAV,Telephone Field,recover-20221013,001,1795
546.0015,546.0342,68437,79610,Rhinolophus ferrumequinum,0.025,0.025,-1,Echolocation,/mnt/ubna_data_02_mir/recover-20221013/UBNA_001/20221012_030000.WAV,Telephone Field,recover-20221013,001,1795
546.0085,546.0495,68437,82407,Rhinolophus ferrumequinum,0.021,0.021,-1,Echolocation,/mnt/ubna_data_02_mir/recover-20221013/UBNA_001/20221012_030000.WAV,Telephone Field,recover-20221013,001,1795
546.0215,546.0305,24609,32091,Eptesicus serotinus,0.007,0.022,-1,Echolocation,/mnt/ubna_data_02_mir/recover-20221013/UBNA_001/20221012_030000.WAV,Telephone Field,recover-20221013,001,1795
546.0275,546.0342,49531,54921,Pipistrellus pipistrellus,0.024,0.026,-1,Echolocation,/mnt/ubna_data_02_mir/recover-20221013/UBNA_001/20221012_030000.WAV,Telephone Field,recover-20221013,001,1795
546.0565,546.0955,68437,81993,Rhinolophus ferrumequinum,0.022,0.022,-1,Echolocation,/mnt/ubna_data_02_mir/recover-20221013/UBNA_001/20221012_030000.WAV,Telephone Field,recover-20221013,001,1795
546.0795,546.0993,18593,22002,Nyctalus noctula,0.013,0.023,-1,Echolocation,/mnt/ubna_data_02_mir/recover-20221013/UBNA_001/20221012_030000.WAV,Telephone Field,recover-20221013,001,1795
546.0865,546.095,28046,38956,Eptesicus serotinus,0.008,0.021,-1,Echolocation,/mnt/ubna_data_02_mir/recover-20221013/UBNA_001/20221012_030000.WAV,Telephone Field,recover-20221013,001,1795
546.0905,546.1267,68437,82139,Rhinolophus ferrumequinum,0.023,0.023,-1,Echolocation,/mnt/ubna_data_02_mir/recover-20221013/UBNA_001/20221012_030000.WAV,Telephone Field,recover-20221013,001,1795
546.1065,546.1169,23750,29609,Nyctalus leisleri,0.012,0.026,-1,Echolocation,/mnt/ubna_data_02_mir/recover-20221013/UBNA_001/20221012_030000.WAV,Telephone Field,recover-20221013,001,1795
546.1435,546.151,25468,35070,Eptesicus serotinus,0.007,0.025,-1,Echolocation,/mnt/ubna_data_02_mir/recover-20221013/UBNA_001/20221012_030000.WAV,Telephone Field,recover-20221013,001,1795
546.1725,546.2105,68437,82171,Rhinolophus ferrumequinum,0.022,0.023,-1,Echolocation,/mnt/ubna_data_02_mir/recover-20221013/UBNA_001/20221012_030000.WAV,Telephone Field,recover-20221013,001,1795
546.2045,546.2415,68437,82156,Rhinolophus ferrumequinum,0.021,0.021,-1,Echolocation,/mnt/ubna_data_02_mir/recover-20221013/UBNA_001/20221012_030000.WAV,Telephone Field,recover-20221013,001,1795
546.2175,546.2241,27187,39325,Eptesicus serotinus,0.006,0.023,-1,Echolocation,/mnt/ubna_data_02_mir/recover-20221013/UBNA_001/20221012_030000.WAV,Telephone Field,recover-20221013,001,1795
546.2305,546.2687,68437,82117,Rhinolophus ferrumequinum,0.025,0.025,-1,Echolocation,/mnt/ubna_data_02_mir/recover-20221013/UBNA_001/20221012_030000.WAV,Telephone Field,recover-20221013,001,1795
546.2615,546.2691,27187,39877,Eptesicus serotinus,0.01,0.025,-1,Echolocation,/mnt/ubna_data_02_mir/recover-20221013/UBNA_001/20221012_030000.WAV,Telephone Field,recover-20221013,001,1795
546.3195,546.358,68437,82581,Rhinolophus ferrumequinum,0.026,0.026,-1,Echolocation,/mnt/ubna_data_02_mir/recover-20221013/UBNA_001/20221012_030000.WAV,Telephone Field,recover-20221013,001,1795
546.3555,546.3632,23750,32256,Plecotus austriacus,0.009,0.023,-1,Echolocation,/mnt/ubna_data_02_mir/recover-20221013/UBNA_001/20221012_030000.WAV,Telephone Field,recover-20221013,001,1795
546.3705,546.3767,27187,41185,Eptesicus serotinus,0.009,0.032,-1,Echolocation,/mnt/ubna_data_02_mir/recover-20221013/UBNA_001/20221012_030000.WAV,Telephone Field,recover-20221013,001,1795
546.4125,546.4196,28046,38179,Eptesicus serotinus,0.007,0.024,-1,Echolocation,/mnt/ubna_data_02_mir/recover-20221013/UBNA_001/20221012_030000.WAV,Telephone Field,recover-20221013,001,1795
546.4135,546.4524,68437,82451,Rhinolophus ferrumequinum,0.023,0.023,-1,Echolocation,/mnt/ubna_data_02_mir/recover-20221013/UBNA_001/20221012_030000.WAV,Telephone Field,recover-20221013,001,1795
546.4175,546.4366,17734,21949,Nyctalus noctula,0.014,0.022,-1,Echolocation,/mnt/ubna_data_02_mir/recover-20221013/UBNA_001/20221012_030000.WAV,Telephone Field,recover-20221013,001,1795
546.4315,546.4394,23750,32723,Plecotus austriacus,0.008,0.021,-1,Echolocation,/mnt/ubna_data_02_mir/recover-20221013/UBNA_001/20221012_030000.WAV,Telephone Field,recover-20221013,001,1795
546.4365,546.4745,68437,82188,Rhinolophus ferrumequinum,0.021,0.021,-1,Echolocation,/mnt/ubna_data_02_mir/recover-20221013/UBNA_001/20221012_030000.WAV,Telephone Field,recover-20221013,001,1795
546.4755,546.4834,27187,39684,Eptesicus serotinus,0.006,0.021,-1,Echolocation,/mnt/ubna_data_02_mir/recover-20221013/UBNA_001/20221012_030000.WAV,Telephone Field,recover-20221013,001,1795
546.5075,546.5475,68437,83224,Rhinolophus ferrumequinum,0.021,0.021,-1,Echolocation,/mnt/ubna_data_02_mir/recover-20221013/UBNA_001/20221012_030000.WAV,Telephone Field,recover-20221013,001,1795
546.5155,546.5277,14296,19756,Nyctalus noctula,0.014,0.022,-1,Echolocation,/mnt/ubna_data_02_mir/recover-20221013/UBNA_001/20221012_030000.WAV,Telephone Field,recover-20221013,001,1795
546.5655,546.5716,50390,55156,Pipistrellus pipistrellus,0.024,0.027,-1,Echolocation,/mnt/ubna_data_02_mir/recover-20221013/UBNA_001/20221012_030000.WAV,Telephone Field,recover-20221013,001,1795
546.5765,546.584,27187,38368,Eptesicus serotinus,0.006,0.022,-1,Echolocation,/mnt/ubna_data_02_mir/recover-20221013/UBNA_001/20221012_030000.WAV,Telephone Field,recover-20221013,001,1795
546.5815,546.6193,68437,82108,Rhinolophus ferrumequinum,0.021,0.021,-1,Echolocation,/mnt/ubna_data_02_mir/recover-20221013/UBNA_001/20221012_030000.WAV,Telephone Field,recover-20221013,001,1795
546.6035,546.6165,28046,33809,Eptesicus serotinus,0.012,0.024,-1,Echolocation,/mnt/ubna_data_02_mir/recover-20221013/UBNA_001/20221012_030000.WAV,Telephone Field,recover-20221013,001,1795
546.6045,546.6404,68437,81278,Rhinolophus ferrumequinum,0.021,0.021,-1,Echolocation,/mnt/ubna_data_02_mir/recover-20221013/UBNA_001/20221012_030000.WAV,Telephone Field,recover-20221013,001,1795
546.6765,546.7109,68437,81886,Rhinolophus ferrumequinum,0.021,0.021,-1,Echolocation,/mnt/ubna_data_02_mir/recover-20221013/UBNA_001/20221012_030000.WAV,Telephone Field,recover-20221013,001,1795
546.6995,546.7336,68437,81573,Rhinolophus ferrumequinum,0.025,0.025,-1,Echolocation,/mnt/ubna_data_02_mir/recover-20221013/UBNA_001/20221012_030000.WAV,Telephone Field,recover-20221013,001,1795
546.7515,546.7563,34921,44377,Myotis daubentonii,0.012,0.023,-1,Echolocation,/mnt/ubna_data_02_mir/recover-20221013/UBNA_001/20221012_030000.WAV,Telephone Field,recover-20221013,001,1795
546.7525,546.7588,24609,38415,Myotis nattereri,0.006,0.023,-1,Echolocation,/mnt/ubna_data_02_mir/recover-20221013/UBNA_001/20221012_030000.WAV,Telephone Field,recover-20221013,001,1795
546.7975,546.8086,22890,29401,Nyctalus leisleri,0.017,0.046,-1,Echolocation,/mnt/ubna_data_02_mir/recover-20221013/UBNA_001/20221012_030000.WAV,Telephone Field,recover-20221013,001,1795
546.8115,546.851,68437,82209,Rhinolophus ferrumequinum,0.022,0.022,-1,Echolocation,/mnt/ubna_data_02_mir/recover-20221013/UBNA_001/20221012_030000.WAV,Telephone Field,recover-20221013,001,1795
546.8465,546.8831,68437,81974,Rhinolophus ferrumequinum,0.028,0.029,-1,Echolocation,/mnt/ubna_data_02_mir/recover-20221013/UBNA_001/20221012_030000.WAV,Telephone Field,recover-20221013,001,1795
546.8855,546.8922,40937,52630,Myotis daubentonii,0.009,0.025,-1,Echolocation,/mnt/ubna_data_02_mir/recover-20221013/UBNA_001/20221012_030000.WAV,Telephone Field,recover-20221013,001,1795
546.9435,546.9556,22031,25690,Nyctalus leisleri,0.013,0.021,-1,Echolocation,/mnt/ubna_data_02_mir/recover-20221013/UBNA_001/20221012_030000.WAV,Telephone Field,recover-20221013,001,1795
546.9835,547.0233,68437,82591,Rhinolophus ferrumequinum,0.025,0.025,-1,Echolocation,/mnt/ubna_data_02_mir/recover-20221013/UBNA_001/20221012_030000.WAV,Telephone Field,recover-20221013,001,1795
547.0285,547.0668,68437,82236,Rhinolophus ferrumequinum,0.021,0.021,-1,Echolocation,/mnt/ubna_data_02_mir/recover-20221013/UBNA_001/20221012_030000.WAV,Telephone Field,recover-20221013,001,1795
547.0705,547.1096,68437,81920,Rhinolophus ferrumequinum,0.048,0.048,-1,Echolocation,/mnt/ubna_data_02_mir/recover-20221013/UBNA_001/20221012_030000.WAV,Telephone Field,recover-20221013,001,1795
547.0775,547.0869,28046,36783,Eptesicus serotinus,0.011,0.025,-1,Echolocation,/mnt/ubna_data_02_mir/recover-20221013/UBNA_001/20221012_030000.WAV,Telephone Field,recover-20221013,001,1795
547.0965,547.1123,21171,24411,Nyctalus leisleri,0.016,0.025,-1,Echolocation,/mnt/ubna_data_02_mir/recover-20221013/UBNA_001/20221012_030000.WAV,Telephone Field,recover-20221013,001,1795
547.1345,547.144,28906,37476,Eptesicus serotinus,0.008,0.021,-1,Echolocation,/mnt/ubna_data_02_mir/recover-20221013/UBNA_001/20221012_030000.WAV,Telephone Field,recover-20221013,001,1795
547.1735,547.1813,24609,32669,Plecotus austriacus,0.005,0.021,-1,Echolocation,/mnt/ubna_data_02_mir/recover-20221013/UBNA_001/20221012_030000.WAV,Telephone Field,recover-20221013,001,1795
547.1795,547.2159,68437,81917,Rhinolophus ferrumequinum,0.02,0.021,-1,Echolocation,/mnt/ubna_data_02_mir/recover-20221013/UBNA_001/20221012_030000.WAV,Telephone Field,recover-20221013,001,1795
547.2245,547.2669,68437,83171,Rhinolophus ferrumequinum,0.022,0.022,-1,Echolocation,/mnt/ubna_data_02_mir/recover-20221013/UBNA_001/20221012_030000.WAV,Telephone Field,recover-20221013,001,1795
547.2305,547.2709,68437,82790,Rhinolophus ferrumequinum,0.022,0.022,-1,Echolocation,/mnt/ubna_data_02_mir/recover-20221013/UBNA_001/20221012_030000.WAV,Telephone Field,recover-20221013,001,1795
547.2965,547.3341,68437,82531,Rhinolophus ferrumequinum,0.022,0.022,-1,Echolocation,/mnt/ubna_data_02_mir/recover-20221013/UBNA_001/20221012_030000.WAV,Telephone Field,recover-20221013,001,1795
547.3275,547.3688,68437,82646,Rhinolophus ferrumequinum,0.021,0.021,-1,Echolocation,/mnt/ubna_data_02_mir/recover-20221013/UBNA_001/20221012_030000.WAV,Telephone Field,recover-20221013,001,1795
547.4765,547.4855,24609,31750,Eptesicus serotinus,0.007,0.021,-1,Echolocation,/mnt/ubna_data_02_mir/recover-20221013/UBNA_001/20221012_030000.WAV,Telephone Field,recover-20221013,001,1795
547.5525,547.5602,26328,35214,Eptesicus serotinus,0.008,0.024,-1,Echolocation,/mnt/ubna_data_02_mir/recover-20221013/UBNA_001/20221012_030000.WAV,Telephone Field,recover-20221013,001,1795
547.6035,547.6394,68437,81406,Rhinolophus ferrumequinum,0.024,0.024,-1,Echolocation,/mnt/ubna_data_02_mir/recover-20221013/UBNA_001/20221012_030000.WAV,Telephone Field,recover-20221013,001,1795
547.6125,547.6469,68437,79866,Rhinolophus ferrumequinum,0.022,0.023,-1,Echolocation,/mnt/ubna_data_02_mir/recover-20221013/UBNA_001/20221012_030000.WAV,Telephone Field,recover-20221013,001,1795
547.6455,547.6853,68437,82176,Rhinolophus ferrumequinum,0.021,0.021,-1,Echolocation,/mnt/ubna_data_02_mir/recover-20221013/UBNA_001/20221012_030000.WAV,Telephone Field,recover-20221013,001,1795
547.6695,547.7094,68437,83166,Rhinolophus ferrumequinum,0.034,0.034,-1,Echolocation,/mnt/ubna_data_02_mir/recover-20221013/UBNA_001/20221012_030000.WAV,Telephone Field,recover-20221013,001,1795
547.6915,547.7291,68437,82091,Rhinolophus ferrumequinum,0.021,0.021,-1,Echolocation,/mnt/ubna_data_02_mir/recover-20221013/UBNA_001/20221012_030000.WAV,Telephone Field,recover-20221013,001,1795
547.6975,547.7043,26328,41315,Eptesicus serotinus,0.006,0.022,-1,Echolocation,/mnt/ubna_data_02_mir/recover-20221013/UBNA_001/20221012_030000.WAV,Telephone Field,recover-20221013,001,1795
547.6995,547.7056,32343,43607,Myotis daubentonii,0.01,0.021,-1,Echolocation,/mnt/ubna_data_02_mir/recover-20221013/UBNA_001/20221012_030000.WAV,Telephone Field,recover-20221013,001,1795
547.7075,547.7486,68437,82301,Rhinolophus ferrumequinum,0.021,0.021,-1,Echolocation,/mnt/ubna_data_02_mir/recover-20221013/UBNA_001/20221012_030000.WAV,Telephone Field,recover-20221013,001,1795
547.7815,547.7887,28046,40797,Eptesicus serotinus,0.006,0.021,-1,Echolocation,/mnt/ubna_data_02_mir/recover-20221013/UBNA_001/20221012_030000.WAV,Telephone Field,recover-20221013,001,1795
547.7985,547.8375,68437,82612,Rhinolophus ferrumequinum,0.021,0.021,-1,Echolocation,/mnt/ubna_data_02_mir/recover-20221013/UBNA_001/20221012_030000.WAV,Telephone Field,recover-20221013,001,1795
547.8515,547.8906,68437,82190,Rhinolophus ferrumequinum,0.023,0.023,-1,Echolocation,/mnt/ubna_data_02_mir/recover-20221013/UBNA_001/20221012_030000.WAV,Telephone Field,recover-20221013,001,1795
547.8765,547.8887,22890,27489,Nyctalus leisleri,0.014,0.026,-1,Echolocation,/mnt/ubna_data_02_mir/recover-20221013/UBNA_001/20221012_030000.WAV,Telephone Field,recover-20221013,001,1795
547.8925,547.9044,22031,25833,Nyctalus leisleri,0.012,0.021,-1,Echolocation,/mnt/ubna_data_02_mir/recover-20221013/UBNA_001/20221012_030000.WAV,Telephone Field,recover-20221013,001,1795
547.9305,547.9403,22890,29221,Nyctalus leisleri,0.007,0.021,-1,Echolocation,/mnt/ubna_data_02_mir/recover-20221013/UBNA_001/20221012_030000.WAV,Telephone Field,recover-20221013,001,1795
547.9445,547.9815,68437,80757,Rhinolophus ferrumequinum,0.021,0.021,-1,Echolocation,/mnt/ubna_data_02_mir/recover-20221013/UBNA_001/20221012_030000.WAV,Telephone Field,recover-20221013,001,1795
547.9605,547.9989,68437,82053,Rhinolophus ferrumequinum,0.022,0.023,-1,Echolocation,/mnt/ubna_data_02_mir/recover-20221013/UBNA_001/20221012_030000.WAV,Telephone Field,recover-20221013,001,1795
548.0015,548.0362,68437,80298,Rhinolophus ferrumequinum,0.047,0.047,-1,Echolocation,/mnt/ubna_data_02_mir/recover-20221013/UBNA_001/20221012_030000.WAV,Telephone Field,recover-20221013,001,1795
548.0015,548.0107,26328,36784,Eptesicus serotinus,0.008,0.027,-1,Echolocation,/mnt/ubna_data_02_mir/recover-20221013/UBNA_001/20221012_030000.WAV,Telephone Field,recover-20221013,001,1795
548.0085,548.0181,28046,36021,Eptesicus serotinus,0.01,0.025,-1,Echolocation,/mnt/ubna_data_02_mir/recover-20221013/UBNA_001/20221012_030000.WAV,Telephone Field,recover-20221013,001,1795
548.0095,548.0526,68437,82086,Rhinolophus ferrumequinum,0.022,0.022,-1,Echolocation,/mnt/ubna_data_02_mir/recover-20221013/UBNA_001/20221012_030000.WAV,Telephone Field,recover-20221013,001,1795
548.0225,548.0348,57265,62610,Pipistrellus pygmaeus,0.021,0.021,-1,Echolocation,/mnt/ubna_data_02_mir/recover-20221013/UBNA_001/20221012_030000.WAV,Telephone Field,recover-20221013,001,1795
548.0405,548.0507,23750,30076,Nyctalus leisleri,0.008,0.023,-1,Echolocation,/mnt/ubna_data_02_mir/recover-20221013/UBNA_001/20221012_030000.WAV,Telephone Field,recover-20221013,001,1795
548.0615,548.0778,34062,38564,Pipistrellus nathusii,0.028,0.058,-1,Echolocation,/mnt/ubna_data_02_mir/recover-20221013/UBNA_001/20221012_030000.WAV,Telephone Field,recover-20221013,001,1795
548.0655,548.107,68437,83031,Rhinolophus ferrumequinum,0.061,0.061,-1,Echolocation,/mnt/ubna_data_02_mir/recover-20221013/UBNA_001/20221012_030000.WAV,Telephone Field,recover-20221013,001,1795
548.1015,548.1095,22890,30332,Plecotus austriacus,0.01,0.025,-1,Echolocation,/mnt/ubna_data_02_mir/recover-20221013/UBNA_001/20221012_030000.WAV,Telephone Field,recover-20221013,001,1795
548.1035,548.1151,40078,44472,Pipistrellus nathusii,0.012,0.021,-1,Echolocation,/mnt/ubna_data_02_mir/recover-20221013/UBNA_001/20221012_030000.WAV,Telephone Field,recover-20221013,001,1795
548.1175,548.1273,22890,28890,Nyctalus leisleri,0.008,0.023,-1,Echolocation,/mnt/ubna_data_02_mir/recover-20221013/UBNA_001/20221012_030000.WAV,Telephone Field,recover-20221013,001,1795
548.1475,548.1557,27187,38020,Eptesicus serotinus,0.007,0.021,-1,Echolocation,/mnt/ubna_data_02_mir/recover-20221013/UBNA_001/20221012_030000.WAV,Telephone Field,recover-20221013,001,1795
548.1485,548.1874,68437,82341,Rhinolophus ferrumequinum,0.027,0.027,-1,Echolocation,/mnt/ubna_data_02_mir/recover-20221013/UBNA_001/20221012_030000.WAV,Telephone Field,recover-20221013,001,1795
548.1665,548.2064,68437,82909,Rhinolophus ferrumequinum,0.023,0.023,-1,Echolocation,/mnt/ubna_data_02_mir/recover-20221013/UBNA_001/20221012_030000.WAV,Telephone Field,recover-20221013,001,1795
548.2105,548.2207,23750,30688,Nyctalus leisleri,0.008,0.022,-1,Echolocation,/mnt/ubna_data_02_mir/recover-20221013/UBNA_001/20221012_030000.WAV,Telephone Field,recover-20221013,001,1795
548.2135,548.2505,68437,81775,Rhinolophus ferrumequinum,0.02,0.02,-1,Echolocation,/mnt/ubna_data_02_mir/recover-20221013/UBNA_001/20221012_030000.WAV,Telephone Field,recover-20221013,001,1795
548.2415,548.2485,28046,41086,Eptesicus serotinus,0.006,0.022,-1,Echolocation,/mnt/ubna_data_02_mir/recover-20221013/UBNA_001/20221012_030000.WAV,Telephone Field,recover-20221013,001,1795
548.2635,548.271,27187,39382,Eptesicus serotinus,0.007,0.02,-1,Echolocation,/mnt/ubna_data_02_mir/recover-20221013/UBNA_001/20221012_030000.WAV,Telephone Field,recover-20221013,001,1795
548.2635,548.2828,19453,22644,Nyctalus noctula,0.01,0.021,-1,Echolocation,/mnt/ubna_data_02_mir/recover-20221013/UBNA_001/20221012_030000.WAV,Telephone Field,recover-20221013,001,1795
548.2835,548.3211,68437,81654,Rhinolophus ferrumequinum,0.021,0.021,-1,Echolocation,/mnt/ubna_data_02_mir/recover-20221013/UBNA_001/20221012_030000.WAV,Telephone Field,recover-20221013,001,1795
548.2935,548.331,68437,81971,Rhinolophus ferrumequinum,0.023,0.023,-1,Echolocation,/mnt/ubna_data_02_mir/recover-20221013/UBNA_001/20221012_030000.WAV,Telephone Field,recover-20221013,001,1795
548.3025,548.3432,68437,82511,Rhinolophus ferrumequinum,0.02,0.02,-1,Echolocation,/mnt/ubna_data_02_mir/recover-20221013/UBNA_001/20221012_030000.WAV,Telephone Field,recover-20221013,001,1795
548.3265,548.3366,25468,33096,Eptesicus serotinus,0.012,0.029,-1,Echolocation,/mnt/ubna_data_02_mir/recover-20221013/UBNA_001/20221012_030000.WAV,Telephone Field,recover-20221013,001,1795
548.3495,548.358,28046,38992,Eptesicus serotinus,0.01,0.024,-1,Echolocation,/mnt/ubna_data_02_mir/recover-20221013/UBNA_001/20221012_030000.WAV,Telephone Field,recover-20221013,001,1795
548.3805,548.4228,68437,82821,Rhinolophus ferrumequinum,0.034,0.034,-1,Echolocation,/mnt/ubna_data_02_mir/recover-20221013/UBNA_001/20221012_030000.WAV,Telephone Field,recover-20221013,001,1795
548.3945,548.4047,31484,37933,Eptesicus serotinus,0.006,0.023,-1,Echolocation,/mnt/ubna_data_02_mir/recover-20221013/UBNA_001/20221012_030000.WAV,Telephone Field,recover-20221013,001,1795
548.4165,548.4351,18593,21853,Nyctalus noctula,0.012,0.024,-1,Echolocation,/mnt/ubna_data_02_mir/recover-20221013/UBNA_001/20221012_030000.WAV,Telephone Field,recover-20221013,001,1795
548.4585,548.4666,28046,39665,Eptesicus serotinus,0.008,0.021,-1,Echolocation,/mnt/ubna_data_02_mir/recover-20221013/UBNA_001/20221012_030000.WAV,Telephone Field,recover-20221013,001,1795
548.4645,548.5016,68437,82278,Rhinolophus ferrumequinum,0.02,0.02,-1,Echolocation,/mnt/ubna_data_02_mir/recover-20221013/UBNA_001/20221012_030000.WAV,Telephone Field,recover-20221013,001,1795
548.4755,548.5158,68437,82693,Rhinolophus ferrumequinum,0.021,0.021,-1,Echolocation,/mnt/ubna_data_02_mir/recover-20221013/UBNA_001/20221012_030000.WAV,Telephone Field,recover-20221013,001,1795
548.4865,548.4953,25468,33958,Eptesicus serotinus,0.007,0.021,-1,Echolocation,/mnt/ubna_data_02_mir/recover-20221013/UBNA_001/20221012_030000.WAV,Telephone Field,recover-20221013,001,1795
548.5145,548.5211,26328,40872,Eptesicus serotinus,0.006,0.026,-1,Echolocation,/mnt/ubna_data_02_mir/recover-20221013/UBNA_001/20221012_030000.WAV,Telephone Field,recover-20221013,001,1795
548.5145,548.5538,68437,82698,Rhinolophus ferrumequinum,0.022,0.022,-1,Echolocation,/mnt/ubna_data_02_mir/recover-20221013/UBNA_001/20221012_030000.WAV,Telephone Field,recover-20221013,001,1795
548.5435,548.5824,68437,82318,Rhinolophus ferrumequinum,0.021,0.021,-1,Echolocation,/mnt/ubna_data_02_mir/recover-20221013/UBNA_001/20221012_030000.WAV,Telephone Field,recover-20221013,001,1795
548.5455,548.5533,26328,37711,Eptesicus serotinus,0.007,0.021,-1,Echolocation,/mnt/ubna_data_02_mir/recover-20221013/UBNA_001/20221012_030000.WAV,Telephone Field,recover-20221013,001,1795
548.6295,548.6383,24609,32263,Eptesicus serotinus,0.006,0.02,-1,Echolocation,/mnt/ubna_data_02_mir/recover-20221013/UBNA_001/20221012_030000.WAV,Telephone Field,recover-20221013,001,1795
548.6445,548.6808,68437,81950,Rhinolophus ferrumequinum,0.026,0.026,-1,Echolocation,/mnt/ubna_data_02_mir/recover-20221013/UBNA_001/20221012_030000.WAV,Telephone Field,recover-20221013,001,1795
548.6535,548.6923,68437,82291,Rhinolophus ferrumequinum,0.025,0.025,-1,Echolocation,/mnt/ubna_data_02_mir/recover-20221013/UBNA_001/20221012_030000.WAV,Telephone Field,recover-20221013,001,1795
548.6705,548.7107,68437,83077,Rhinolophus ferrumequinum,0.026,0.026,-1,Echolocation,/mnt/ubna_data_02_mir/recover-20221013/UBNA_001/20221012_030000.WAV,Telephone Field,recover-20221013,001,1795
548.6745,548.6844,27187,35428,Eptesicus serotinus,0.008,0.022,-1,Echolocation,/mnt/ubna_data_02_mir/recover-20221013/UBNA_001/20221012_030000.WAV,Telephone Field,recover-20221013,001,1795
548.6895,548.7086,20312,23986,Nyctalus leisleri,0.012,0.025,-1,Echolocation,/mnt/ubna_data_02_mir/recover-20221013/UBNA_001/20221012_030000.WAV,Telephone Field,recover-20221013,001,1795
548.7225,548.7282,37500,49500,Myotis daubentonii,0.007,0.023,-1,Echolocation,/mnt/ubna_data_02_mir/recover-20221013/UBNA_001/20221012_030000.WAV,Telephone Field,recover-20221013,001,1795
548.7595,548.7994,68437,82298,Rhinolophus ferrumequinum,0.02,0.02,-1,Echolocation,/mnt/ubna_data_02_mir/recover-20221013/UBNA_001/20221012_030000.WAV,Telephone Field,recover-20221013,001,1795
548.7845,548.7919,28046,38071,Eptesicus serotinus,0.007,0.023,-1,Echolocation,/mnt/ubna_data_02_mir/recover-20221013/UBNA_001/20221012_030000.WAV,Telephone Field,recover-20221013,001,1795
548.8085,548.8451,68437,81696,Rhinolophus ferrumequinum,0.02,0.02,-1,Echolocation,/mnt/ubna_data_02_mir/recover-20221013/UBNA_001/20221012_030000.WAV,Telephone Field,recover-20221013,001,1795
548.9225,548.9591,68437,81612,Rhinolophus ferrumequinum,0.021,0.021,-1,Echolocation,/mnt/ubna_data_02_mir/recover-20221013/UBNA_001/20221012_030000.WAV,Telephone Field,recover-20221013,001,1795
548.9745,549.0121,68437,82074,Rhinolophus ferrumequinum,0.023,0.023,-1,Echolocation,/mnt/ubna_data_02_mir/recover-20221013/UBNA_001/20221012_030000.WAV,Telephone Field,recover-20221013,001,1795
548.9925,549.0017,28046,36346,Eptesicus serotinus,0.008,0.021,-1,Echolocation,/mnt/ubna_data_02_mir/recover-20221013/UBNA_001/20221012_030000.WAV,Telephone Field,recover-20221013,001,1795
549.0305,549.0731,68437,83561,Rhinolophus ferrumequinum,0.023,0.023,-1,Echolocation,/mnt/ubna_data_02_mir/recover-20221013/UBNA_001/20221012_030000.WAV,Telephone Field,recover-20221013,001,1795
549.0405,549.079,68437,82077,Rhinolophus ferrumequinum,0.02,0.02,-1,Echolocation,/mnt/ubna_data_02_mir/recover-20221013/UBNA_001/20221012_030000.WAV,Telephone Field,recover-20221013,001,1795
549.0455,549.0836,68437,82078,Rhinolophus ferrumequinum,0.02,0.021,-1,Echolocation,/mnt/ubna_data_02_mir/recover-20221013/UBNA_001/20221012_030000.WAV,Telephone Field,recover-20221013,001,1795
549.0475,549.058,28046,34541,Eptesicus serotinus,0.019,0.037,-1,Echolocation,/mnt/ubna_data_02_mir/recover-20221013/UBNA_001/20221012_030000.WAV,Telephone Field,recover-20221013,001,1795
549.0645,549.1018,68437,81410,Rhinolophus ferrumequinum,0.021,0.021,-1,Echolocation,/mnt/ubna_data_02_mir/recover-20221013/UBNA_001/20221012_030000.WAV,Telephone Field,recover-20221013,001,1795
549.0935,549.1276,68437,81449,Rhinolophus ferrumequinum,0.02,0.02,-1,Echolocation,/mnt/ubna_data_02_mir/recover-20221013/UBNA_001/20221012_030000.WAV,Telephone Field,recover-20221013,001,1795
549.1235,549.1622,68437,82112,Rhinolophus ferrumequinum,0.024,0.024,-1,Echolocation,/mnt/ubna_data_02_mir/recover-20221013/UBNA_001/20221012_030000.WAV,Telephone Field,recover-20221013,001,1795
549.1335,549.1745,68437,83152,Rhinolophus ferrumequinum,0.022,0.022,-1,Echolocation,/mnt/ubna_data_02_mir/recover-20221013/UBNA_001/20221012_030000.WAV,Telephone Field,recover-20221013,001,1795
549.1685,549.1766,27187,38874,Eptesicus serotinus,0.006,0.02,-1,Echolocation,/mnt/ubna_data_02_mir/recover-20221013/UBNA_001/20221012_030000.WAV,Telephone Field,recover-20221013,001,1795
549.1785,549.188,28906,37167,Eptesicus serotinus,0.012,0.025,-1,Echolocation,/mnt/ubna_data_02_mir/recover-20221013/UBNA_001/20221012_030000.WAV,Telephone Field,recover-20221013,001,1795
549.1875,549.2222,68437,80813,Rhinolophus ferrumequinum,0.022,0.022,-1,Echolocation,/mnt/ubna_data_02_mir/recover-20221013/UBNA_001/20221012_030000.WAV,Telephone Field,recover-20221013,001,1795
549.2065,549.2168,24609,31141,Nyctalus leisleri,0.01,0.027,-1,Echolocation,/mnt/ubna_data_02_mir/recover-20221013/UBNA_001/20221012_030000.WAV,Telephone Field,recover-20221013,001,1795
549.2195,549.2301,24609,31417,Eptesicus serotinus,0.008,0.022,-1,Echolocation,/mnt/ubna_data_02_mir/recover-20221013/UBNA_001/20221012_030000.WAV,Telephone Field,recover-20221013,001,1795
549.2545,549.2639,29765,36704,Eptesicus serotinus,0.007,0.022,-1,Echolocation,/mnt/ubna_data_02_mir/recover-20221013/UBNA_001/20221012_030000.WAV,Telephone Field,recover-20221013,001,1795
549.2815,549.3213,68437,82053,Rhinolophus ferrumequinum,0.024,0.024,-1,Echolocation,/mnt/ubna_data_02_mir/recover-20221013/UBNA_001/20221012_030000.WAV,Telephone Field,recover-20221013,001,1795
549.2925,549.3348,68437,82518,Rhinolophus ferrumequinum,0.021,0.021,-1,Echolocation,/mnt/ubna_data_02_mir/recover-20221013/UBNA_001/20221012_030000.WAV,Telephone Field,recover-20221013,001,1795
549.3055,549.344,68437,82836,Rhinolophus ferrumequinum,0.021,0.021,-1,Echolocation,/mnt/ubna_data_02_mir/recover-20221013/UBNA_001/20221012_030000.WAV,Telephone Field,recover-20221013,001,1795
549.3205,549.3305,22890,28222,Nyctalus leisleri,0.008,0.021,-1,Echolocation,/mnt/ubna_data_02_mir/recover-20221013/UBNA_001/20221012_030000.WAV,Telephone Field,recover-20221013,001,1795
549.3245,549.3631,68437,82252,Rhinolophus ferrumequinum,0.021,0.021,-1,Echolocation,/mnt/ubna_data_02_mir/recover-20221013/UBNA_001/20221012_030000.WAV,Telephone Field,recover-20221013,001,1795
549.3265,549.335,28046,38500,Eptesicus serotinus,0.008,0.024,-1,Echolocation,/mnt/ubna_data_02_mir/recover-20221013/UBNA_001/20221012_030000.WAV,Telephone Field,recover-20221013,001,1795
549.3945,549.4361,68437,82456,Rhinolophus ferrumequinum,0.023,0.023,-1,Echolocation,/mnt/ubna_data_02_mir/recover-20221013/UBNA_001/20221012_030000.WAV,Telephone Field,recover-20221013,001,1795
549.3995,549.4384,68437,82733,Rhinolophus ferrumequinum,0.023,0.023,-1,Echolocation,/mnt/ubna_data_02_mir/recover-20221013/UBNA_001/20221012_030000.WAV,Telephone Field,recover-20221013,001,1795
549.4315,549.4663,68437,82045,Rhinolophus ferrumequinum,0.021,0.021,-1,Echolocation,/mnt/ubna_data_02_mir/recover-20221013/UBNA_001/20221012_030000.WAV,Telephone Field,recover-20221013,001,1795
549.4425,549.4499,26328,35238,Eptesicus serotinus,0.006,0.02,-1,Echolocation,/mnt/ubna_data_02_mir/recover-20221013/UBNA_001/20221012_030000.WAV,Telephone Field,recover-20221013,001,1795
549.4595,549.5002,68437,82400,Rhinolophus ferrumequinum,0.023,0.023,-1,Echolocation,/mnt/ubna_data_02_mir/recover-20221013/UBNA_001/20221012_030000.WAV,Telephone Field,recover-20221013,001,1795
549.5025,549.5129,22890,28655,Nyctalus leisleri,0.009,0.022,-1,Echolocation,/mnt/ubna_data_02_mir/recover-20221013/UBNA_001/20221012_030000.WAV,Telephone Field,recover-20221013,001,1795
549.5115,549.5487,68437,82011,Rhinolophus ferrumequinum,0.022,0.022,-1,Echolocation,/mnt/ubna_data_02_mir/recover-20221013/UBNA_001/20221012_030000.WAV,Telephone Field,recover-20221013,001,1795
549.5175,549.5527,68437,82047,Rhinolophus ferrumequinum,0.023,0.023,-1,Echolocation,/mnt/ubna_data_02_mir/recover-20221013/UBNA_001/20221012_030000.WAV,Telephone Field,recover-20221013,001,1795
549.5195,549.5289,28046,36343,Eptesicus serotinus,0.011,0.024,-1,Echolocation,/mnt/ubna_data_02_mir/recover-20221013/UBNA_001/20221012_030000.WAV,Telephone Field,recover-20221013,001,1795
549.5305,549.5408,23750,29368,Nyctalus leisleri,0.008,0.021,-1,Echolocation,/mnt/ubna_data_02_mir/recover-20221013/UBNA_001/20221012_030000.WAV,Telephone Field,recover-20221013,001,1795
549.5955,549.6332,68437,81721,Rhinolophus ferrumequinum,0.021,0.021,-1,Echolocation,/mnt/ubna_data_02_mir/recover-20221013/UBNA_001/20221012_030000.WAV,Telephone Field,recover-20221013,001,1795
549.5995,549.6073,28046,41960,Eptesicus serotinus,0.008,0.023,-1,Echolocation,/mnt/ubna_data_02_mir/recover-20221013/UBNA_001/20221012_030000.WAV,Telephone Field,recover-20221013,001,1795
549.6035,549.6143,46093,48961,Pipistrellus pipistrellus,0.023,0.027,-1,Echolocation,/mnt/ubna_data_02_mir/recover-20221013/UBNA_001/20221012_030000.WAV,Telephone Field,recover-20221013,001,1795
549.6125,549.6236,22890,28018,Nyctalus leisleri,0.013,0.027,-1,Echolocation,/mnt/ubna_data_02_mir/recover-20221013/UBNA_001/20221012_030000.WAV,Telephone Field,recover-20221013,001,1795
549.6135,549.6544,68437,82670,Rhinolophus ferrumequinum,0.022,0.022,-1,Echolocation,/mnt/ubna_data_02_mir/recover-20221013/UBNA_001/20221012_030000.WAV,Telephone Field,recover-20221013,001,1795
549.6245,549.6636,68437,82672,Rhinolophus ferrumequinum,0.021,0.021,-1,Echolocation,/mnt/ubna_data_02_mir/recover-20221013/UBNA_001/20221012_030000.WAV,Telephone Field,recover-20221013,001,1795
549.6315,549.6715,68437,82972,Rhinolophus ferrumequinum,0.024,0.024,-1,Echolocation,/mnt/ubna_data_02_mir/recover-20221013/UBNA_001/20221012_030000.WAV,Telephone Field,recover-20221013,001,1795
549.6465,549.688,68437,82971,Rhinolophus ferrumequinum,0.026,0.026,-1,Echolocation,/mnt/ubna_data_02_mir/recover-20221013/UBNA_001/20221012_030000.WAV,Telephone Field,recover-20221013,001,1795
549.6615,549.6713,25468,33075,Eptesicus serotinus,0.008,0.021,-1,Echolocation,/mnt/ubna_data_02_mir/recover-20221013/UBNA_001/20221012_030000.WAV,Telephone Field,recover-20221013,001,1795
549.7055,549.7469,68437,82824,Rhinolophus ferrumequinum,0.03,0.03,-1,Echolocation,/mnt/ubna_data_02_mir/recover-20221013/UBNA_001/20221012_030000.WAV,Telephone Field,recover-20221013,001,1795
549.7385,549.778,68437,82053,Rhinolophus ferrumequinum,0.023,0.023,-1,Echolocation,/mnt/ubna_data_02_mir/recover-20221013/UBNA_001/20221012_030000.WAV,Telephone Field,recover-20221013,001,1795
549.7635,549.7984,68437,81313,Rhinolophus ferrumequinum,0.02,0.02,-1,Echolocation,/mnt/ubna_data_02_mir/recover-20221013/UBNA_001/20221012_030000.WAV,Telephone Field,recover-20221013,001,1795
549.7805,549.7904,28046,36582,Eptesicus serotinus,0.009,0.021,-1,Echolocation,/mnt/ubna_data_02_mir/recover-20221013/UBNA_001/20221012_030000.WAV,Telephone Field,recover-20221013,001,1795
549.8085,549.8487,68437,82304,Rhinolophus ferrumequinum,0.023,0.023,-1,Echolocation,/mnt/ubna_data_02_mir/recover-20221013/UBNA_001/20221012_030000.WAV,Telephone Field,recover-20221013,001,1795
549.8395,549.8504,22031,26339,Nyctalus leisleri,0.011,0.021,-1,Echolocation,/mnt/ubna_data_02_mir/recover-20221013/UBNA_001/20221012_030000.WAV,Telephone Field,recover-20221013,001,1795
549.8725,549.9073,68437,80612,Rhinolophus ferrumequinum,0.022,0.022,-1,Echolocation,/mnt/ubna_data_02_mir/recover-20221013/UBNA_001/20221012_030000.WAV,Telephone Field,recover-20221013,001,1795
549.9025,549.9145,40937,45464,Pipistrellus nathusii,0.011,0.021,-1,Echolocation,/mnt/ubna_data_02_mir/recover-20221013/UBNA_001/20221012_030000.WAV,Telephone Field,recover-20221013,001,1795
549.9245,549.9638,68437,81854,Rhinolophus ferrumequinum,0.021,0.021,-1,Echolocation,/mnt/ubna_data_02_mir/recover-20221013/UBNA_001/20221012_030000.WAV,Telephone Field,recover-20221013,001,1795
549.9325,549.9712,68437,82147,Rhinolophus ferrumequinum,0.022,0.022,-1,Echolocation,/mnt/ubna_data_02_mir/recover-20221013/UBNA_001/20221012_030000.WAV,Telephone Field,recover-20221013,001,1795
549.9405,549.9774,68437,82185,Rhinolophus ferrumequinum,0.021,0.021,-1,Echolocation,/mnt/ubna_data_02_mir/recover-20221013/UBNA_001/20221012_030000.WAV,Telephone Field,recover-20221013,001,1795
550.0015,550.0113,24609,31621,Nyctalus leisleri,0.014,0.039,-1,Echolocation,/mnt/ubna_data_02_mir/recover-20221013/UBNA_001/20221012_030000.WAV,Telephone Field,recover-20221013,001,1795
550.0025,550.0434,68437,82061,Rhinolophus ferrumequinum,0.025,0.026,-1,Echolocation,/mnt/ubna_data_02_mir/recover-20221013/UBNA_001/20221012_030000.WAV,Telephone Field,recover-20221013,001,1795
550.0075,550.0515,68437,82245,Rhinolophus ferrumequinum,0.023,0.023,-1,Echolocation,/mnt/ubna_data_02_mir/recover-20221013/UBNA_001/20221012_030000.WAV,Telephone Field,recover-20221013,001,1795
550.0425,550.0786,68437,82284,Rhinolophus ferrumequinum,0.022,0.022,-1,Echolocation,/mnt/ubna_data_02_mir/recover-20221013/UBNA_001/20221012_030000.WAV,Telephone Field,recover-20221013,001,1795
550.0585,550.067,23750,31843,Plecotus austriacus,0.01,0.026,-1,Echolocation,/mnt/ubna_data_02_mir/recover-20221013/UBNA_001/20221012_030000.WAV,Telephone Field,recover-20221013,001,1795
550.0845,550.0952,22890,27925,Nyctalus leisleri,0.012,0.026,-1,Echolocation,/mnt/ubna_data_02_mir/recover-20221013/UBNA_001/20221012_030000.WAV,Telephone Field,recover-20221013,001,1795
550.0925,550.1308,68437,82543,Rhinolophus ferrumequinum,0.021,0.021,-1,Echolocation,/mnt/ubna_data_02_mir/recover-20221013/UBNA_001/20221012_030000.WAV,Telephone Field,recover-20221013,001,1795
550.1235,550.136,28906,35431,Eptesicus serotinus,0.014,0.025,-1,Echolocation,/mnt/ubna_data_02_mir/recover-20221013/UBNA_001/20221012_030000.WAV,Telephone Field,recover-20221013,001,1795
550.1315,550.1423,28906,35961,Eptesicus serotinus,0.009,0.023,-1,Echolocation,/mnt/ubna_data_02_mir/recover-20221013/UBNA_001/20221012_030000.WAV,Telephone Field,recover-20221013,001,1795
550.1455,550.1849,68437,82270,Rhinolophus ferrumequinum,0.022,0.022,-1,Echolocation,/mnt/ubna_data_02_mir/recover-20221013/UBNA_001/20221012_030000.WAV,Telephone Field,recover-20221013,001,1795
550.2245,550.2468,19453,22176,Nyctalus noctula,0.016,0.031,-1,Echolocation,/mnt/ubna_data_02_mir/recover-20221013/UBNA_001/20221012_030000.WAV,Telephone Field,recover-20221013,001,1795
550.2245,550.2616,68437,81500,Rhinolophus ferrumequinum,0.025,0.025,-1,Echolocation,/mnt/ubna_data_02_mir/recover-20221013/UBNA_001/20221012_030000.WAV,Telephone Field,recover-20221013,001,1795
550.2565,550.2917,68437,81605,Rhinolophus ferrumequinum,0.02,0.02,-1,Echolocation,/mnt/ubna_data_02_mir/recover-20221013/UBNA_001/20221012_030000.WAV,Telephone Field,recover-20221013,001,1795
550.2785,550.3175,68437,82070,Rhinolophus ferrumequinum,0.021,0.021,-1,Echolocation,/mnt/ubna_data_02_mir/recover-20221013/UBNA_001/20221012_030000.WAV,Telephone Field,recover-20221013,001,1795
550.3145,550.354,68437,82916,Rhinolophus ferrumequinum,0.025,0.025,-1,Echolocation,/mnt/ubna_data_02_mir/recover-20221013/UBNA_001/20221012_030000.WAV,Telephone Field,recover-20221013,001,1795
550.3375,550.3743,68437,81861,Rhinolophus ferrumequinum,0.02,0.02,-1,Echolocation,/mnt/ubna_data_02_mir/recover-20221013/UBNA_001/20221012_030000.WAV,Telephone Field,recover-20221013,001,1795
550.4055,550.4157,25468,32635,Eptesicus serotinus,0.008,0.023,-1,Echolocation,/mnt/ubna_data_02_mir/recover-20221013/UBNA_001/20221012_030000.WAV,Telephone Field,recover-20221013,001,1795
550.4545,550.4884,68437,80990,Rhinolophus ferrumequinum,0.022,0.022,-1,Echolocation,/mnt/ubna_data_02_mir/recover-20221013/UBNA_001/20221012_030000.WAV,Telephone Field,recover-20221013,001,1795
550.5045,550.5444,68437,82351,Rhinolophus ferrumequinum,0.026,0.026,-1,Echolocation,/mnt/ubna_data_02_mir/recover-20221013/UBNA_001/20221012_030000.WAV,Telephone Field,recover-20221013,001,1795
550.5055,550.5159,24609,31195,Nyctalus leisleri,0.01,0.027,-1,Echolocation,/mnt/ubna_data_02_mir/recover-20221013/UBNA_001/20221012_030000.WAV,Telephone Field,recover-20221013,001,1795
550.5215,550.5281,45234,49436,Pipistrellus pipistrellus,0.018,0.02,-1,Echolocation,/mnt/ubna_data_02_mir/recover-20221013/UBNA_001/20221012_030000.WAV,Telephone Field,recover-20221013,001,1795
550.5445,550.5808,68437,81317,Rhinolophus ferrumequinum,0.02,0.02,-1,Echolocation,/mnt/ubna_data_02_mir/recover-20221013/UBNA_001/20221012_030000.WAV,Telephone Field,recover-20221013,001,1795
550.5625,550.6019,68437,82821,Rhinolophus ferrumequinum,0.022,0.022,-1,Echolocation,/mnt/ubna_data_02_mir/recover-20221013/UBNA_001/20221012_030000.WAV,Telephone Field,recover-20221013,001,1795
550.5755,550.5835,28906,39380,Eptesicus serotinus,0.008,0.025,-1,Echolocation,/mnt/ubna_data_02_mir/recover-20221013/UBNA_001/20221012_030000.WAV,Telephone Field,recover-20221013,001,1795
550.6315,550.6657,68437,81139,Rhinolophus ferrumequinum,0.028,0.028,-1,Echolocation,/mnt/ubna_data_02_mir/recover-20221013/UBNA_001/20221012_030000.WAV,Telephone Field,recover-20221013,001,1795
550.6535,550.6664,28906,35550,Eptesicus serotinus,0.019,0.036,-1,Echolocation,/mnt/ubna_data_02_mir/recover-20221013/UBNA_001/20221012_030000.WAV,Telephone Field,recover-20221013,001,1795
550.6695,550.7099,68437,83013,Rhinolophus ferrumequinum,0.026,0.026,-1,Echolocation,/mnt/ubna_data_02_mir/recover-20221013/UBNA_001/20221012_030000.WAV,Telephone Field,recover-20221013,001,1795
550.6775,550.7189,68437,83819,Rhinolophus ferrumequinum,0.028,0.028,-1,Echolocation,/mnt/ubna_data_02_mir/recover-20221013/UBNA_001/20221012_030000.WAV,Telephone Field,recover-20221013,001,1795
550.7075,550.7178,28906,36783,Eptesicus serotinus,0.009,0.023,-1,Echolocation,/mnt/ubna_data_02_mir/recover-20221013/UBNA_001/20221012_030000.WAV,Telephone Field,recover-20221013,001,1795
550.7275,550.7346,27187,36301,Eptesicus serotinus,0.008,0.022,-1,Echolocation,/mnt/ubna_data_02_mir/recover-20221013/UBNA_001/20221012_030000.WAV,Telephone Field,recover-20221013,001,1795
550.7335,550.7733,68437,82471,Rhinolophus ferrumequinum,0.043,0.043,-1,Echolocation,/mnt/ubna_data_02_mir/recover-20221013/UBNA_001/20221012_030000.WAV,Telephone Field,recover-20221013,001,1795
550.7575,550.7958,68437,82198,Rhinolophus ferrumequinum,0.022,0.022,-1,Echolocation,/mnt/ubna_data_02_mir/recover-20221013/UBNA_001/20221012_030000.WAV,Telephone Field,recover-20221013,001,1795
550.7595,550.7676,28906,39473,Eptesicus serotinus,0.007,0.02,-1,Echolocation,/mnt/ubna_data_02_mir/recover-20221013/UBNA_001/20221012_030000.WAV,Telephone Field,recover-20221013,001,1795
550.7645,550.772,55546,61659,Pipistrellus pygmaeus,0.025,0.026,-1,Echolocation,/mnt/ubna_data_02_mir/recover-20221013/UBNA_001/20221012_030000.WAV,Telephone Field,recover-20221013,001,1795
550.7795,550.8196,68437,82727,Rhinolophus ferrumequinum,0.024,0.024,-1,Echolocation,/mnt/ubna_data_02_mir/recover-20221013/UBNA_001/20221012_030000.WAV,Telephone Field,recover-20221013,001,1795
550.8115,550.851,68437,81913,Rhinolophus ferrumequinum,0.021,0.021,-1,Echolocation,/mnt/ubna_data_02_mir/recover-20221013/UBNA_001/20221012_030000.WAV,Telephone Field,recover-20221013,001,1795
550.8335,550.8711,68437,82112,Rhinolophus ferrumequinum,0.021,0.021,-1,Echolocation,/mnt/ubna_data_02_mir/recover-20221013/UBNA_001/20221012_030000.WAV,Telephone Field,recover-20221013,001,1795
550.8495,550.8867,68437,81223,Rhinolophus ferrumequinum,0.02,0.02,-1,Echolocation,/mnt/ubna_data_02_mir/recover-20221013/UBNA_001/20221012_030000.WAV,Telephone Field,recover-20221013,001,1795
550.8545,550.8631,22890,30101,Plecotus austriacus,0.009,0.022,-1,Echolocation,/mnt/ubna_data_02_mir/recover-20221013/UBNA_001/20221012_030000.WAV,Telephone Field,recover-20221013,001,1795
550.8565,550.8653,28906,40081,Eptesicus serotinus,0.007,0.021,-1,Echolocation,/mnt/ubna_data_02_mir/recover-20221013/UBNA_001/20221012_030000.WAV,Telephone Field,recover-20221013,001,1795
550.8815,550.8909,22890,29659,Plecotus austriacus,0.007,0.022,-1,Echolocation,/mnt/ubna_data_02_mir/recover-20221013/UBNA_001/20221012_030000.WAV,Telephone Field,recover-20221013,001,1795
550.8825,550.8907,28046,38844,Eptesicus serotinus,0.008,0.023,-1,Echolocation,/mnt/ubna_data_02_mir/recover-20221013/UBNA_001/20221012_030000.WAV,Telephone Field,recover-20221013,001,1795
550.8985,550.9372,68437,82401,Rhinolophus ferrumequinum,0.024,0.024,-1,Echolocation,/mnt/ubna_data_02_mir/recover-20221013/UBNA_001/20221012_030000.WAV,Telephone Field,recover-20221013,001,1795
550.9025,550.9107,27187,36100,Eptesicus serotinus,0.011,0.029,-1,Echolocation,/mnt/ubna_data_02_mir/recover-20221013/UBNA_001/20221012_030000.WAV,Telephone Field,recover-20221013,001,1795
550.9205,550.9297,24609,32962,Eptesicus serotinus,0.007,0.021,-1,Echolocation,/mnt/ubna_data_02_mir/recover-20221013/UBNA_001/20221012_030000.WAV,Telephone Field,recover-20221013,001,1795
550.9255,550.9632,68437,82411,Rhinolophus ferrumequinum,0.021,0.021,-1,Echolocation,/mnt/ubna_data_02_mir/recover-20221013/UBNA_001/20221012_030000.WAV,Telephone Field,recover-20221013,001,1795
550.9325,550.9417,23750,30853,Nyctalus leisleri,0.008,0.026,-1,Echolocation,/mnt/ubna_data_02_mir/recover-20221013/UBNA_001/20221012_030000.WAV,Telephone Field,recover-20221013,001,1795
550.9555,550.9918,68437,82176,Rhinolophus ferrumequinum,0.021,0.021,-1,Echolocation,/mnt/ubna_data_02_mir/recover-20221013/UBNA_001/20221012_030000.WAV,Telephone Field,recover-20221013,001,1795
550.9655,551.003,68437,82442,Rhinolophus ferrumequinum,0.021,0.021,-1,Echolocation,/mnt/ubna_data_02_mir/recover-20221013/UBNA_001/20221012_030000.WAV,Telephone Field,recover-20221013,001,1795
550.9815,551.0192,68437,81772,Rhinolophus ferrumequinum,0.02,0.02,-1,Echolocation,/mnt/ubna_data_02_mir/recover-20221013/UBNA_001/20221012_030000.WAV,Telephone Field,recover-20221013,001,1795
550.9865,551.0257,68437,82475,Rhinolophus ferrumequinum,0.021,0.021,-1,Echolocation,/mnt/ubna_data_02_mir/recover-20221013/UBNA_001/20221012_030000.WAV,Telephone Field,recover-20221013,001,1795
551.0085,551.018,28046,36572,Eptesicus serotinus,0.01,0.025,-1,Echolocation,/mnt/ubna_data_02_mir/recover-20221013/UBNA_001/20221012_030000.WAV,Telephone Field,recover-20221013,001,1795
551.0095,551.0492,68437,82735,Rhinolophus ferrumequinum,0.026,0.026,-1,Echolocation,/mnt/ubna_data_02_mir/recover-20221013/UBNA_001/20221012_030000.WAV,Telephone Field,recover-20221013,001,1795
551.0385,551.0461,44375,54783,Pipistrellus pipistrellus,0.014,0.023,-1,Echolocation,/mnt/ubna_data_02_mir/recover-20221013/UBNA_001/20221012_030000.WAV,Telephone Field,recover-20221013,001,1795
551.0505,551.0609,28046,35579,Eptesicus serotinus,0.008,0.02,-1,Echolocation,/mnt/ubna_data_02_mir/recover-20221013/UBNA_001/20221012_030000.WAV,Telephone Field,recover-20221013,001,1795
551.0595,551.099,68437,83173,Rhinolophus ferrumequinum,0.025,0.025,-1,Echolocation,/mnt/ubna_data_02_mir/recover-20221013/UBNA_001/20221012_030000.WAV,Telephone Field,recover-20221013,001,1795
551.1335,551.1705,68437,81585,Rhinolophus ferrumequinum,0.022,0.022,-1,Echolocation,/mnt/ubna_data_02_mir/recover-20221013/UBNA_001/20221012_030000.WAV,Telephone Field,recover-20221013,001,1795
551.1845,551.1929,27187,37786,Eptesicus serotinus,0.007,0.022,-1,Echolocation,/mnt/ubna_data_02_mir/recover-20221013/UBNA_001/20221012_030000.WAV,Telephone Field,recover-20221013,001,1795
551.2565,551.2668,23750,29565,Nyctalus leisleri,0.01,0.025,-1,Echolocation,/mnt/ubna_data_02_mir/recover-20221013/UBNA_001/20221012_030000.WAV,Telephone Field,recover-20221013,001,1795
551.2715,551.3088,68437,81936,Rhinolophus ferrumequinum,0.021,0.021,-1,Echolocation,/mnt/ubna_data_02_mir/recover-20221013/UBNA_001/20221012_030000.WAV,Telephone Field,recover-20221013,001,1795
551.3135,551.3213,27187,37281,Eptesicus serotinus,0.007,0.02,-1,Echolocation,/mnt/ubna_data_02_mir/recover-20221013/UBNA_001/20221012_030000.WAV,Telephone Field,recover-20221013,001,1795
551.3775,551.4222,68437,83379,Rhinolophus ferrumequinum,0.031,0.031,-1,Echolocation,/mnt/ubna_data_02_mir/recover-20221013/UBNA_001/20221012_030000.WAV,Telephone Field,recover-20221013,001,1795
551.4345,551.4716,68437,82072,Rhinolophus ferrumequinum,0.02,0.02,-1,Echolocation,/mnt/ubna_data_02_mir/recover-20221013/UBNA_001/20221012_030000.WAV,Telephone Field,recover-20221013,001,1795
551.4395,551.4454,25468,38730,Plecotus austriacus,0.006,0.024,-1,Echolocation,/mnt/ubna_data_02_mir/recover-20221013/UBNA_001/20221012_030000.WAV,Telephone Field,recover-20221013,001,1795
551.4435,551.4777,68437,82700,Rhinolophus ferrumequinum,0.023,0.023,-1,Echolocation,/mnt/ubna_data_02_mir/recover-20221013/UBNA_001/20221012_030000.WAV,Telephone Field,recover-20221013,001,1795
551.4625,551.5003,68437,81710,Rhinolophus ferrumequinum,0.022,0.022,-1,Echolocation,/mnt/ubna_data_02_mir/recover-20221013/UBNA_001/20221012_030000.WAV,Telephone Field,recover-20221013,001,1795
551.4665,551.4756,25468,34169,Eptesicus serotinus,0.01,0.023,-1,Echolocation,/mnt/ubna_data_02_mir/recover-20221013/UBNA_001/20221012_030000.WAV,Telephone Field,recover-20221013,001,1795
551.4915,551.5325,68437,82569,Rhinolophus ferrumequinum,0.025,0.025,-1,Echolocation,/mnt/ubna_data_02_mir/recover-20221013/UBNA_001/20221012_030000.WAV,Telephone Field,recover-20221013,001,1795
551.5195,551.5575,68437,81939,Rhinolophus ferrumequinum,0.021,0.021,-1,Echolocation,/mnt/ubna_data_02_mir/recover-20221013/UBNA_001/20221012_030000.WAV,Telephone Field,recover-20221013,001,1795
551.5295,551.5396,26328,34843,Eptesicus serotinus,0.011,0.023,-1,Echolocation,/mnt/ubna_data_02_mir/recover-20221013/UBNA_001/20221012_030000.WAV,Telephone Field,recover-20221013,001,1795
551.5375,551.5469,27187,35331,Eptesicus serotinus,0.011,0.026,-1,Echolocation,/mnt/ubna_data_02_mir/recover-20221013/UBNA_001/20221012_030000.WAV,Telephone Field,recover-20221013,001,1795
551.5465,551.5825,68437,81175,Rhinolophus ferrumequinum,0.026,0.026,-1,Echolocation,/mnt/ubna_data_02_mir/recover-20221013/UBNA_001/20221012_030000.WAV,Telephone Field,recover-20221013,001,1795
551.5705,551.5809,22890,29961,Nyctalus leisleri,0.009,0.027,-1,Echolocation,/mnt/ubna_data_02_mir/recover-20221013/UBNA_001/20221012_030000.WAV,Telephone Field,recover-20221013,001,1795
551.5845,551.5917,27187,40799,Eptesicus serotinus,0.006,0.02,-1,Echolocation,/mnt/ubna_data_02_mir/recover-20221013/UBNA_001/20221012_030000.WAV,Telephone Field,recover-20221013,001,1795
551.5915,551.6004,26328,33809,Eptesicus serotinus,0.008,0.02,-1,Echolocation,/mnt/ubna_data_02_mir/recover-20221013/UBNA_001/20221012_030000.WAV,Telephone Field,recover-20221013,001,1795
551.6065,551.6443,68437,81924,Rhinolophus ferrumequinum,0.021,0.021,-1,Echolocation,/mnt/ubna_data_02_mir/recover-20221013/UBNA_001/20221012_030000.WAV,Telephone Field,recover-20221013,001,1795
551.6365,551.6462,27187,36282,Eptesicus serotinus,0.01,0.023,-1,Echolocation,/mnt/ubna_data_02_mir/recover-20221013/UBNA_001/20221012_030000.WAV,Telephone Field,recover-20221013,001,1795
551.7095,551.7225,24609,30688,Nyctalus leisleri,0.011,0.025,-1,Echolocation,/mnt/ubna_data_02_mir/recover-20221013/UBNA_001/20221012_030000.WAV,Telephone Field,recover-20221013,001,1795
551.7475,551.7658,19453,22759,Nyctalus leisleri,0.012,0.023,-1,Echolocation,/mnt/ubna_data_02_mir/recover-20221013/UBNA_001/20221012_030000.WAV,Telephone Field,recover-20221013,001,1795
551.7565,551.796,68437,81993,Rhinolophus ferrumequinum,0.022,0.022,-1,Echolocation,/mnt/ubna_data_02_mir/recover-20221013/UBNA_001/20221012_030000.WAV,Telephone Field,recover-20221013,001,1795
551.7605,551.7702,22890,28715,Nyctalus leisleri,0.008,0.021,-1,Echolocation,/mnt/ubna_data_02_mir/recover-20221013/UBNA_001/20221012_030000.WAV,Telephone Field,recover-20221013,001,1795
551.7765,551.8152,68437,81942,Rhinolophus ferrumequinum,0.022,0.022,-1,Echolocation,/mnt/ubna_data_02_mir/recover-20221013/UBNA_001/20221012_030000.WAV,Telephone Field,recover-20221013,001,1795
551.8065,551.8421,68437,81579,Rhinolophus ferrumequinum,0.022,0.022,-1,Echolocation,/mnt/ubna_data_02_mir/recover-20221013/UBNA_001/20221012_030000.WAV,Telephone Field,recover-20221013,001,1795
551.8285,551.847,21171,24596,Nyctalus leisleri,0.013,0.02,-1,Echolocation,/mnt/ubna_data_02_mir/recover-20221013/UBNA_001/20221012_030000.WAV,Telephone Field,recover-20221013,001,1795
551.8495,551.8569,26328,37804,Eptesicus serotinus,0.007,0.021,-1,Echolocation,/mnt/ubna_data_02_mir/recover-20221013/UBNA_001/20221012_030000.WAV,Telephone Field,recover-20221013,001,1795
551.8755,551.8839,26328,34954,Eptesicus serotinus,0.008,0.021,-1,Echolocation,/mnt/ubna_data_02_mir/recover-20221013/UBNA_001/20221012_030000.WAV,Telephone Field,recover-20221013,001,1795
551.8915,551.9271,68437,82339,Rhinolophus ferrumequinum,0.02,0.02,-1,Echolocation,/mnt/ubna_data_02_mir/recover-20221013/UBNA_001/20221012_030000.WAV,Telephone Field,recover-20221013,001,1795
551.8935,551.9029,28046,36766,Eptesicus serotinus,0.009,0.022,-1,Echolocation,/mnt/ubna_data_02_mir/recover-20221013/UBNA_001/20221012_030000.WAV,Telephone Field,recover-20221013,001,1795
551.9135,551.921,28046,39427,Eptesicus serotinus,0.006,0.021,-1,Echolocation,/mnt/ubna_data_02_mir/recover-20221013/UBNA_001/20221012_030000.WAV,Telephone Field,recover-20221013,001,1795
551.9165,551.953,68437,81725,Rhinolophus ferrumequinum,0.021,0.021,-1,Echolocation,/mnt/ubna_data_02_mir/recover-20221013/UBNA_001/20221012_030000.WAV,Telephone Field,recover-20221013,001,1795
552.0015,552.0325,68437,79939,Rhinolophus ferrumequinum,0.067,0.068,-1,Echolocation,/mnt/ubna_data_02_mir/recover-20221013/UBNA_001/20221012_030000.WAV,Telephone Field,recover-20221013,001,1795
552.0015,552.0097,23750,31209,Nyctalus leisleri,0.007,0.024,-1,Echolocation,/mnt/ubna_data_02_mir/recover-20221013/UBNA_001/20221012_030000.WAV,Telephone Field,recover-20221013,001,1795
552.0105,552.0266,21171,24014,Nyctalus leisleri,0.013,0.022,-1,Echolocation,/mnt/ubna_data_02_mir/recover-20221013/UBNA_001/20221012_030000.WAV,Telephone Field,recover-20221013,001,1795
552.0115,552.056,68437,82730,Rhinolophus ferrumequinum,0.024,0.024,-1,Echolocation,/mnt/ubna_data_02_mir/recover-20221013/UBNA_001/20221012_030000.WAV,Telephone Field,recover-20221013,001,1795
552.0365,552.0763,68437,81902,Rhinolophus ferrumequinum,0.021,0.021,-1,Echolocation,/mnt/ubna_data_02_mir/recover-20221013/UBNA_001/20221012_030000.WAV,Telephone Field,recover-20221013,001,1795
552.0775,552.0862,26328,35319,Eptesicus serotinus,0.011,0.027,-1,Echolocation,/mnt/ubna_data_02_mir/recover-20221013/UBNA_001/20221012_030000.WAV,Telephone Field,recover-20221013,001,1795
552.0885,552.1267,68437,81962,Rhinolophus ferrumequinum,0.02,0.02,-1,Echolocation,/mnt/ubna_data_02_mir/recover-20221013/UBNA_001/20221012_030000.WAV,Telephone Field,recover-20221013,001,1795
552.1145,552.1587,68437,83127,Rhinolophus ferrumequinum,0.059,0.059,-1,Echolocation,/mnt/ubna_data_02_mir/recover-20221013/UBNA_001/20221012_030000.WAV,Telephone Field,recover-20221013,001,1795
552.1605,552.1964,68437,81950,Rhinolophus ferrumequinum,0.022,0.022,-1,Echolocation,/mnt/ubna_data_02_mir/recover-20221013/UBNA_001/20221012_030000.WAV,Telephone Field,recover-20221013,001,1795
552.1675,552.2065,68437,81991,Rhinolophus ferrumequinum,0.023,0.023,-1,Echolocation,/mnt/ubna_data_02_mir/recover-20221013/UBNA_001/20221012_030000.WAV,Telephone Field,recover-20221013,001,1795
552.1885,552.1975,28046,37557,Eptesicus serotinus,0.011,0.026,-1,Echolocation,/mnt/ubna_data_02_mir/recover-20221013/UBNA_001/20221012_030000.WAV,Telephone Field,recover-20221013,001,1795
552.1985,552.2346,68437,81873,Rhinolophus ferrumequinum,0.02,0.021,-1,Echolocation,/mnt/ubna_data_02_mir/recover-20221013/UBNA_001/20221012_030000.WAV,Telephone Field,recover-20221013,001,1795
552.2325,552.2406,28046,39039,Eptesicus serotinus,0.007,0.02,-1,Echolocation,/mnt/ubna_data_02_mir/recover-20221013/UBNA_001/20221012_030000.WAV,Telephone Field,recover-20221013,001,1795
552.2755,552.3098,68437,81414,Rhinolophus ferrumequinum,0.024,0.024,-1,Echolocation,/mnt/ubna_data_02_mir/recover-20221013/UBNA_001/20221012_030000.WAV,Telephone Field,recover-20221013,001,1795
552.2875,552.3271,68437,82153,Rhinolophus ferrumequinum,0.03,0.03,-1,Echolocation,/mnt/ubna_data_02_mir/recover-20221013/UBNA_001/20221012_030000.WAV,Telephone Field,recover-20221013,001,1795
552.3085,552.3162,23750,32342,Plecotus austriacus,0.009,0.023,-1,Echolocation,/mnt/ubna_data_02_mir/recover-20221013/UBNA_001/20221012_030000.WAV,Telephone Field,recover-20221013,001,1795
552.3345,552.3454,28906,36984,Eptesicus serotinus,0.013,0.027,-1,Echolocation,/mnt/ubna_data_02_mir/recover-20221013/UBNA_001/20221012_030000.WAV,Telephone Field,recover-20221013,001,1795
552.3605,552.3982,68437,82441,Rhinolophus ferrumequinum,0.023,0.023,-1,Echolocation,/mnt/ubna_data_02_mir/recover-20221013/UBNA_001/20221012_030000.WAV,Telephone Field,recover-20221013,001,1795
552.3955,552.4058,22890,27453,Nyctalus leisleri,0.011,0.022,-1,Echolocation,/mnt/ubna_data_02_mir/recover-20221013/UBNA_001/20221012_030000.WAV,Telephone Field,recover-20221013,001,1795
552.4075,552.4442,68437,81720,Rhinolophus ferrumequinum,0.021,0.021,-1,Echolocation,/mnt/ubna_data_02_mir/recover-20221013/UBNA_001/20221012_030000.WAV,Telephone Field,recover-20221013,001,1795
552.4145,552.4223,28046,40503,Eptesicus serotinus,0.007,0.02,-1,Echolocation,/mnt/ubna_data_02_mir/recover-20221013/UBNA_001/20221012_030000.WAV,Telephone Field,recover-20221013,001,1795
552.4565,552.4911,68437,81904,Rhinolophus ferrumequinum,0.024,0.024,-1,Echolocation,/mnt/ubna_data_02_mir/recover-20221013/UBNA_001/20221012_030000.WAV,Telephone Field,recover-20221013,001,1795
552.4615,552.4693,28906,38916,Eptesicus serotinus,0.008,0.026,-1,Echolocation,/mnt/ubna_data_02_mir/recover-20221013/UBNA_001/20221012_030000.WAV,Telephone Field,recover-20221013,001,1795
552.4715,552.4791,47812,52550,Pipistrellus pipistrellus,0.022,0.023,-1,Echolocation,/mnt/ubna_data_02_mir/recover-20221013/UBNA_001/20221012_030000.WAV,Telephone Field,recover-20221013,001,1795
552.4955,552.5359,68437,82788,Rhinolophus ferrumequinum,0.025,0.025,-1,Echolocation,/mnt/ubna_data_02_mir/recover-20221013/UBNA_001/20221012_030000.WAV,Telephone Field,recover-20221013,001,1795
552.5535,552.5669,22031,25682,Nyctalus leisleri,0.013,0.021,-1,Echolocation,/mnt/ubna_data_02_mir/recover-20221013/UBNA_001/20221012_030000.WAV,Telephone Field,recover-20221013,001,1795
552.5685,552.6052,68437,81609,Rhinolophus ferrumequinum,0.021,0.021,-1,Echolocation,/mnt/ubna_data_02_mir/recover-20221013/UBNA_001/20221012_030000.WAV,Telephone Field,recover-20221013,001,1795
552.6115,552.6506,68437,82037,Rhinolophus ferrumequinum,0.021,0.021,-1,Echolocation,/mnt/ubna_data_02_mir/recover-20221013/UBNA_001/20221012_030000.WAV,Telephone Field,recover-20221013,001,1795
552.6225,552.6336,26328,33749,Eptesicus serotinus,0.011,0.023,-1,Echolocation,/mnt/ubna_data_02_mir/recover-20221013/UBNA_001/20221012_030000.WAV,Telephone Field,recover-20221013,001,1795
552.6275,552.6674,68437,82454,Rhinolophus ferrumequinum,0.02,0.02,-1,Echolocation,/mnt/ubna_data_02_mir/recover-20221013/UBNA_001/20221012_030000.WAV,Telephone Field,recover-20221013,001,1795
552.6275,552.637,28046,36619,Eptesicus serotinus,0.009,0.024,-1,Echolocation,/mnt/ubna_data_02_mir/recover-20221013/UBNA_001/20221012_030000.WAV,Telephone Field,recover-20221013,001,1795
552.6335,552.6408,29765,39191,Eptesicus serotinus,0.007,0.025,-1,Echolocation,/mnt/ubna_data_02_mir/recover-20221013/UBNA_001/20221012_030000.WAV,Telephone Field,recover-20221013,001,1795
552.6715,552.7112,68437,81502,Rhinolophus ferrumequinum,0.021,0.021,-1,Echolocation,/mnt/ubna_data_02_mir/recover-20221013/UBNA_001/20221012_030000.WAV,Telephone Field,recover-20221013,001,1795
552.6915,552.7336,68437,82697,Rhinolophus ferrumequinum,0.024,0.024,-1,Echolocation,/mnt/ubna_data_02_mir/recover-20221013/UBNA_001/20221012_030000.WAV,Telephone Field,recover-20221013,001,1795
552.7165,552.7537,68437,81774,Rhinolophus ferrumequinum,0.023,0.023,-1,Echolocation,/mnt/ubna_data_02_mir/recover-20221013/UBNA_001/20221012_030000.WAV,Telephone Field,recover-20221013,001,1795
552.7835,552.8224,68437,81790,Rhinolophus ferrumequinum,0.022,0.022,-1,Echolocation,/mnt/ubna_data_02_mir/recover-20221013/UBNA_001/20221012_030000.WAV,Telephone Field,recover-20221013,001,1795
552.8375,552.8513,22031,26443,Nyctalus leisleri,0.016,0.033,-1,Echolocation,/mnt/ubna_data_02_mir/recover-20221013/UBNA_001/20221012_030000.WAV,Telephone Field,recover-20221013,001,1795
552.8585,552.8731,22031,25551,Nyctalus leisleri,0.015,0.024,-1,Echolocation,/mnt/ubna_data_02_mir/recover-20221013/UBNA_001/20221012_030000.WAV,Telephone Field,recover-20221013,001,1795
552.8765,552.9156,68437,82320,Rhinolophus ferrumequinum,0.027,0.027,-1,Echolocation,/mnt/ubna_data_02_mir/recover-20221013/UBNA_001/20221012_030000.WAV,Telephone Field,recover-20221013,001,1795
552.8865,552.8941,28046,38841,Eptesicus serotinus,0.008,0.023,-1,Echolocation,/mnt/ubna_data_02_mir/recover-20221013/UBNA_001/20221012_030000.WAV,Telephone Field,recover-20221013,001,1795
552.8935,552.9289,68437,81414,Rhinolophus ferrumequinum,0.022,0.022,-1,Echolocation,/mnt/ubna_data_02_mir/recover-20221013/UBNA_001/20221012_030000.WAV,Telephone Field,recover-20221013,001,1795
552.9315,552.9695,68437,81960,Rhinolophus ferrumequinum,0.021,0.021,-1,Echolocation,/mnt/ubna_data_02_mir/recover-20221013/UBNA_001/20221012_030000.WAV,Telephone Field,recover-20221013,001,1795
552.9495,552.9873,68437,81860,Rhinolophus ferrumequinum,0.02,0.02,-1,Echolocation,/mnt/ubna_data_02_mir/recover-20221013/UBNA_001/20221012_030000.WAV,Telephone Field,recover-20221013,001,1795
552.9665,552.9768,34921,43992,Myotis daubentonii,0.006,0.023,-1,Echolocation,/mnt/ubna_data_02_mir/recover-20221013/UBNA_001/20221012_030000.WAV,Telephone Field,recover-20221013,001,1795
552.9825,553.0206,68437,81812,Rhinolophus ferrumequinum,0.021,0.021,-1,Echolocation,/mnt/ubna_data_02_mir/recover-20221013/UBNA_001/20221012_030000.WAV,Telephone Field,recover-20221013,001,1795
553.0115,553.053,68437,82832,Rhinolophus ferrumequinum,0.028,0.028,-1,Echolocation,/mnt/ubna_data_02_mir/recover-20221013/UBNA_001/20221012_030000.WAV,Telephone Field,recover-20221013,001,1795
553.0285,553.0394,25468,31751,Eptesicus serotinus,0.009,0.021,-1,Echolocation,/mnt/ubna_data_02_mir/recover-20221013/UBNA_001/20221012_030000.WAV,Telephone Field,recover-20221013,001,1795
553.0305,553.0684,68437,82077,Rhinolophus ferrumequinum,0.024,0.025,-1,Echolocation,/mnt/ubna_data_02_mir/recover-20221013/UBNA_001/20221012_030000.WAV,Telephone Field,recover-20221013,001,1795
553.0505,553.0571,28906,41279,Eptesicus serotinus,0.008,0.026,-1,Echolocation,/mnt/ubna_data_02_mir/recover-20221013/UBNA_001/20221012_030000.WAV,Telephone Field,recover-20221013,001,1795
553.0635,553.0724,23750,30481,Nyctalus leisleri,0.007,0.02,-1,Echolocation,/mnt/ubna_data_02_mir/recover-20221013/UBNA_001/20221012_030000.WAV,Telephone Field,recover-20221013,001,1795
553.0825,553.0919,27187,37705,Eptesicus serotinus,0.008,0.02,-1,Echolocation,/mnt/ubna_data_02_mir/recover-20221013/UBNA_001/20221012_030000.WAV,Telephone Field,recover-20221013,001,1795
553.0835,553.0971,51250,56402,Pipistrellus pipistrellus,0.018,0.024,-1,Echolocation,/mnt/ubna_data_02_mir/recover-20221013/UBNA_001/20221012_030000.WAV,Telephone Field,recover-20221013,001,1795
553.1335,553.1703,68437,81380,Rhinolophus ferrumequinum,0.021,0.021,-1,Echolocation,/mnt/ubna_data_02_mir/recover-20221013/UBNA_001/20221012_030000.WAV,Telephone Field,recover-20221013,001,1795
553.1485,553.1715,17734,20837,Nyctalus noctula,0.055,0.078,-1,Echolocation,/mnt/ubna_data_02_mir/recover-20221013/UBNA_001/20221012_030000.WAV,Telephone Field,recover-20221013,001,1795
553.1515,553.1582,26328,39110,Eptesicus serotinus,0.006,0.022,-1,Echolocation,/mnt/ubna_data_02_mir/recover-20221013/UBNA_001/20221012_030000.WAV,Telephone Field,recover-20221013,001,1795
553.1525,553.1925,68437,82633,Rhinolophus ferrumequinum,0.023,0.023,-1,Echolocation,/mnt/ubna_data_02_mir/recover-20221013/UBNA_001/20221012_030000.WAV,Telephone Field,recover-20221013,001,1795
553.1795,553.1874,28906,40483,Eptesicus serotinus,0.009,0.028,-1,Echolocation,/mnt/ubna_data_02_mir/recover-20221013/UBNA_001/20221012_030000.WAV,Telephone Field,recover-20221013,001,1795
553.2675,553.2755,32343,45265,Myotis daubentonii,0.008,0.02,-1,Echolocation,/mnt/ubna_data_02_mir/recover-20221013/UBNA_001/20221012_030000.WAV,Telephone Field,recover-20221013,001,1795
553.2855,553.322,68437,81662,Rhinolophus ferrumequinum,0.02,0.02,-1,Echolocation,/mnt/ubna_data_02_mir/recover-20221013/UBNA_001/20221012_030000.WAV,Telephone Field,recover-20221013,001,1795
553.3095,553.3197,22890,28472,Nyctalus leisleri,0.009,0.021,-1,Echolocation,/mnt/ubna_data_02_mir/recover-20221013/UBNA_001/20221012_030000.WAV,Telephone Field,recover-20221013,001,1795
553.3145,553.3529,68437,82503,Rhinolophus ferrumequinum,0.023,0.023,-1,Echolocation,/mnt/ubna_data_02_mir/recover-20221013/UBNA_001/20221012_030000.WAV,Telephone Field,recover-20221013,001,1795
553.3155,553.325,28906,37932,Eptesicus serotinus,0.01,0.025,-1,Echolocation,/mnt/ubna_data_02_mir/recover-20221013/UBNA_001/20221012_030000.WAV,Telephone Field,recover-20221013,001,1795
553.3295,553.3363,27187,40420,Eptesicus serotinus,0.006,0.02,-1,Echolocation,/mnt/ubna_data_02_mir/recover-20221013/UBNA_001/20221012_030000.WAV,Telephone Field,recover-20221013,001,1795
553.3665,553.3749,27187,38600,Eptesicus serotinus,0.008,0.021,-1,Echolocation,/mnt/ubna_data_02_mir/recover-20221013/UBNA_001/20221012_030000.WAV,Telephone Field,recover-20221013,001,1795
553.3665,553.4022,68437,81359,Rhinolophus ferrumequinum,0.02,0.02,-1,Echolocation,/mnt/ubna_data_02_mir/recover-20221013/UBNA_001/20221012_030000.WAV,Telephone Field,recover-20221013,001,1795
553.3825,553.3909,28046,39344,Eptesicus serotinus,0.007,0.021,-1,Echolocation,/mnt/ubna_data_02_mir/recover-20221013/UBNA_001/20221012_030000.WAV,Telephone Field,recover-20221013,001,1795
553.3855,553.3934,23750,32060,Plecotus austriacus,0.008,0.021,-1,Echolocation,/mnt/ubna_data_02_mir/recover-20221013/UBNA_001/20221012_030000.WAV,Telephone Field,recover-20221013,001,1795
553.4025,553.4413,68437,82152,Rhinolophus ferrumequinum,0.024,0.024,-1,Echolocation,/mnt/ubna_data_02_mir/recover-20221013/UBNA_001/20221012_030000.WAV,Telephone Field,recover-20221013,001,1795
553.4845,553.5231,68437,82958,Rhinolophus ferrumequinum,0.023,0.023,-1,Echolocation,/mnt/ubna_data_02_mir/recover-20221013/UBNA_001/20221012_030000.WAV,Telephone Field,recover-20221013,001,1795
553.5085,553.5172,22890,29713,Plecotus austriacus,0.007,0.02,-1,Echolocation,/mnt/ubna_data_02_mir/recover-20221013/UBNA_001/20221012_030000.WAV,Telephone Field,recover-20221013,001,1795
553.5185,553.557,68437,82072,Rhinolophus ferrumequinum,0.022,0.022,-1,Echolocation,/mnt/ubna_data_02_mir/recover-20221013/UBNA_001/20221012_030000.WAV,Telephone Field,recover-20221013,001,1795
553.5355,553.5753,68437,82535,Rhinolophus ferrumequinum,0.026,0.026,-1,Echolocation,/mnt/ubna_data_02_mir/recover-20221013/UBNA_001/20221012_030000.WAV,Telephone Field,recover-20221013,001,1795
553.5965,553.6343,68437,82491,Rhinolophus ferrumequinum,0.022,0.022,-1,Echolocation,/mnt/ubna_data_02_mir/recover-20221013/UBNA_001/20221012_030000.WAV,Telephone Field,recover-20221013,001,1795
553.6065,553.6184,28046,34463,Eptesicus serotinus,0.012,0.022,-1,Echolocation,/mnt/ubna_data_02_mir/recover-20221013/UBNA_001/20221012_030000.WAV,Telephone Field,recover-20221013,001,1795
553.6195,553.6593,68437,82549,Rhinolophus ferrumequinum,0.021,0.021,-1,Echolocation,/mnt/ubna_data_02_mir/recover-20221013/UBNA_001/20221012_030000.WAV,Telephone Field,recover-20221013,001,1795
553.6335,553.6737,68437,82106,Rhinolophus ferrumequinum,0.025,0.025,-1,Echolocation,/mnt/ubna_data_02_mir/recover-20221013/UBNA_001/20221012_030000.WAV,Telephone Field,recover-20221013,001,1795
553.6525,553.6621,25468,32737,Eptesicus serotinus,0.009,0.021,-1,Echolocation,/mnt/ubna_data_02_mir/recover-20221013/UBNA_001/20221012_030000.WAV,Telephone Field,recover-20221013,001,1795
553.6525,553.6928,68437,82669,Rhinolophus ferrumequinum,0.021,0.021,-1,Echolocation,/mnt/ubna_data_02_mir/recover-20221013/UBNA_001/20221012_030000.WAV,Telephone Field,recover-20221013,001,1795
553.6675,553.6759,28046,42971,Eptesicus serotinus,0.008,0.022,-1,Echolocation,/mnt/ubna_data_02_mir/recover-20221013/UBNA_001/20221012_030000.WAV,Telephone Field,recover-20221013,001,1795
553.6785,553.6855,28906,38340,Eptesicus serotinus,0.007,0.026,-1,Echolocation,/mnt/ubna_data_02_mir/recover-20221013/UBNA_001/20221012_030000.WAV,Telephone Field,recover-20221013,001,1795
553.7495,553.7599,23750,30546,Nyctalus leisleri,0.008,0.022,-1,Echolocation,/mnt/ubna_data_02_mir/recover-20221013/UBNA_001/20221012_030000.WAV,Telephone Field,recover-20221013,001,1795
553.7885,553.7991,24609,30740,Nyctalus leisleri,0.008,0.024,-1,Echolocation,/mnt/ubna_data_02_mir/recover-20221013/UBNA_001/20221012_030000.WAV,Telephone Field,recover-20221013,001,1795
553.8375,553.8751,68437,82443,Rhinolophus ferrumequinum,0.024,0.024,-1,Echolocation,/mnt/ubna_data_02_mir/recover-20221013/UBNA_001/20221012_030000.WAV,Telephone Field,recover-20221013,001,1795
553.9015,553.9117,24609,31457,Eptesicus serotinus,0.01,0.028,-1,Echolocation,/mnt/ubna_data_02_mir/recover-20221013/UBNA_001/20221012_030000.WAV,Telephone Field,recover-20221013,001,1795
553.9165,553.9552,68437,81460,Rhinolophus ferrumequinum,0.025,0.025,-1,Echolocation,/mnt/ubna_data_02_mir/recover-20221013/UBNA_001/20221012_030000.WAV,Telephone Field,recover-20221013,001,1795
553.9195,553.9325,25468,31566,Eptesicus serotinus,0.013,0.034,-1,Echolocation,/mnt/ubna_data_02_mir/recover-20221013/UBNA_001/20221012_030000.WAV,Telephone Field,recover-20221013,001,1795
553.9305,553.9692,68437,81787,Rhinolophus ferrumequinum,0.021,0.021,-1,Echolocation,/mnt/ubna_data_02_mir/recover-20221013/UBNA_001/20221012_030000.WAV,Telephone Field,recover-20221013,001,1795
554.0015,554.0342,69296,81926,Rhinolophus ferrumequinum,0.027,0.027,-1,Echolocation,/mnt/ubna_data_02_mir/recover-20221013/UBNA_001/20221012_030000.WAV,Telephone Field,recover-20221013,001,1795
554.0015,554.0113,23750,30247,Nyctalus leisleri,0.015,0.04,-1,Echolocation,/mnt/ubna_data_02_mir/recover-20221013/UBNA_001/20221012_030000.WAV,Telephone Field,recover-20221013,001,1795
554.0015,554.0102,46093,50442,Pipistrellus pipistrellus,0.028,0.032,-1,Echolocation,/mnt/ubna_data_02_mir/recover-20221013/UBNA_001/20221012_030000.WAV,Telephone Field,recover-20221013,001,1795
554.0235,554.0615,68437,82058,Rhinolophus ferrumequinum,0.02,0.021,-1,Echolocation,/mnt/ubna_data_02_mir/recover-20221013/UBNA_001/20221012_030000.WAV,Telephone Field,recover-20221013,001,1795
554.0965,554.1341,68437,82281,Rhinolophus ferrumequinum,0.021,0.021,-1,Echolocation,/mnt/ubna_data_02_mir/recover-20221013/UBNA_001/20221012_030000.WAV,Telephone Field,recover-20221013,001,1795
554.1005,554.1061,28046,41629,Eptesicus serotinus,0.005,0.027,-1,Echolocation,/mnt/ubna_data_02_mir/recover-20221013/UBNA_001/20221012_030000.WAV,Telephone Field,recover-20221013,001,1795
554.1005,554.1182,17734,22125,Nyctalus noctula,0.013,0.02,-1,Echolocation,/mnt/ubna_data_02_mir/recover-20221013/UBNA_001/20221012_030000.WAV,Telephone Field,recover-20221013,001,1795
554.1315,554.1697,68437,81906,Rhinolophus ferrumequinum,0.021,0.021,-1,Echolocation,/mnt/ubna_data_02_mir/recover-20221013/UBNA_001/20221012_030000.WAV,Telephone Field,recover-20221013,001,1795
554.1555,554.1632,28046,41874,Eptesicus serotinus,0.007,0.021,-1,Echolocation,/mnt/ubna_data_02_mir/recover-20221013/UBNA_001/20221012_030000.WAV,Telephone Field,recover-20221013,001,1795
554.1735,554.2112,68437,82041,Rhinolophus ferrumequinum,0.024,0.024,-1,Echolocation,/mnt/ubna_data_02_mir/recover-20221013/UBNA_001/20221012_030000.WAV,Telephone Field,recover-20221013,001,1795
554.1985,554.2063,23750,31387,Plecotus austriacus,0.008,0.02,-1,Echolocation,/mnt/ubna_data_02_mir/recover-20221013/UBNA_001/20221012_030000.WAV,Telephone Field,recover-20221013,001,1795
554.1995,554.2066,28906,38643,Eptesicus serotinus,0.006,0.02,-1,Echolocation,/mnt/ubna_data_02_mir/recover-20221013/UBNA_001/20221012_030000.WAV,Telephone Field,recover-20221013,001,1795
554.1995,554.2368,68437,82001,Rhinolophus ferrumequinum,0.021,0.021,-1,Echolocation,/mnt/ubna_data_02_mir/recover-20221013/UBNA_001/20221012_030000.WAV,Telephone Field,recover-20221013,001,1795
554.2055,554.244,68437,82173,Rhinolophus ferrumequinum,0.023,0.023,-1,Echolocation,/mnt/ubna_data_02_mir/recover-20221013/UBNA_001/20221012_030000.WAV,Telephone Field,recover-20221013,001,1795
554.2185,554.2543000000001,68437,81367,Rhinolophus ferrumequinum,0.02,0.02,-1,Echolocation,/mnt/ubna_data_02_mir/recover-20221013/UBNA_001/20221012_030000.WAV,Telephone Field,recover-20221013,001,1795
554.2345,554.2428,28906,39065,Eptesicus serotinus,0.007,0.02,-1,Echolocation,/mnt/ubna_data_02_mir/recover-20221013/UBNA_001/20221012_030000.WAV,Telephone Field,recover-20221013,001,1795
554.2495,554.2575,28046,39486,Eptesicus serotinus,0.006,0.02,-1,Echolocation,/mnt/ubna_data_02_mir/recover-20221013/UBNA_001/20221012_030000.WAV,Telephone Field,recover-20221013,001,1795
554.2585,554.2689,22890,28447,Nyctalus leisleri,0.009,0.022,-1,Echolocation,/mnt/ubna_data_02_mir/recover-20221013/UBNA_001/20221012_030000.WAV,Telephone Field,recover-20221013,001,1795
554.2605,554.297,68437,81784,Rhinolophus ferrumequinum,0.02,0.02,-1,Echolocation,/mnt/ubna_data_02_mir/recover-20221013/UBNA_001/20221012_030000.WAV,Telephone Field,recover-20221013,001,1795
554.3045,554.3169,22890,30091,Nyctalus noctula,0.051,0.157,-1,Echolocation,/mnt/ubna_data_02_mir/recover-20221013/UBNA_001/20221012_030000.WAV,Telephone Field,recover-20221013,001,1795
554.3185,554.3274,28906,38893,Eptesicus serotinus,0.008,0.022,-1,Echolocation,/mnt/ubna_data_02_mir/recover-20221013/UBNA_001/20221012_030000.WAV,Telephone Field,recover-20221013,001,1795
554.3295,554.3401,28906,37778,Eptesicus serotinus,0.01,0.021,-1,Echolocation,/mnt/ubna_data_02_mir/recover-20221013/UBNA_001/20221012_030000.WAV,Telephone Field,recover-20221013,001,1795
554.3375,554.3459,28906,36984,Eptesicus serotinus,0.007,0.02,-1,Echolocation,/mnt/ubna_data_02_mir/recover-20221013/UBNA_001/20221012_030000.WAV,Telephone Field,recover-20221013,001,1795
554.3925,554.399,51250,59048,Pipistrellus pipistrellus,0.018,0.022,-1,Echolocation,/mnt/ubna_data_02_mir/recover-20221013/UBNA_001/20221012_030000.WAV,Telephone Field,recover-20221013,001,1795
554.3935,554.4082,57265,63232,Pipistrellus pygmaeus,0.019,0.02,-1,Echolocation,/mnt/ubna_data_02_mir/recover-20221013/UBNA_001/20221012_030000.WAV,Telephone Field,recover-20221013,001,1795
554.4095,554.4479,68437,81762,Rhinolophus ferrumequinum,0.02,0.02,-1,Echolocation,/mnt/ubna_data_02_mir/recover-20221013/UBNA_001/20221012_030000.WAV,Telephone Field,recover-20221013,001,1795
554.4115,554.4247,23750,28754,Nyctalus leisleri,0.018,0.034,-1,Echolocation,/mnt/ubna_data_02_mir/recover-20221013/UBNA_001/20221012_030000.WAV,Telephone Field,recover-20221013,001,1795
554.4425,554.4845,68437,82294,Rhinolophus ferrumequinum,0.024,0.024,-1,Echolocation,/mnt/ubna_data_02_mir/recover-20221013/UBNA_001/20221012_030000.WAV,Telephone Field,recover-20221013,001,1795
554.4505,554.4888,68437,81839,Rhinolophus ferrumequinum,0.024,0.024,-1,Echolocation,/mnt/ubna_data_02_mir/recover-20221013/UBNA_001/20221012_030000.WAV,Telephone Field,recover-20221013,001,1795
554.4715,554.484,31484,38230,Eptesicus serotinus,0.014,0.029,-1,Echolocation,/mnt/ubna_data_02_mir/recover-20221013/UBNA_001/20221012_030000.WAV,Telephone Field,recover-20221013,001,1795
554.4905,554.5224,68437,81065,Rhinolophus ferrumequinum,0.02,0.02,-1,Echolocation,/mnt/ubna_data_02_mir/recover-20221013/UBNA_001/20221012_030000.WAV,Telephone Field,recover-20221013,001,1795
554.5075,554.5471,68437,82450,Rhinolophus ferrumequinum,0.023,0.023,-1,Echolocation,/mnt/ubna_data_02_mir/recover-20221013/UBNA_001/20221012_030000.WAV,Telephone Field,recover-20221013,001,1795
554.5135,554.5541,68437,82631,Rhinolophus ferrumequinum,0.023,0.023,-1,Echolocation,/mnt/ubna_data_02_mir/recover-20221013/UBNA_001/20221012_030000.WAV,Telephone Field,recover-20221013,001,1795
554.5255,554.5657,68437,82682,Rhinolophus ferrumequinum,0.021,0.021,-1,Echolocation,/mnt/ubna_data_02_mir/recover-20221013/UBNA_001/20221012_030000.WAV,Telephone Field,recover-20221013,001,1795
554.5305,554.5384,28046,39767,Eptesicus serotinus,0.009,0.026,-1,Echolocation,/mnt/ubna_data_02_mir/recover-20221013/UBNA_001/20221012_030000.WAV,Telephone Field,recover-20221013,001,1795
554.6435,554.681,68437,81960,Rhinolophus ferrumequinum,0.021,0.021,-1,Echolocation,/mnt/ubna_data_02_mir/recover-20221013/UBNA_001/20221012_030000.WAV,Telephone Field,recover-20221013,001,1795
554.7075,554.7439,68437,81835,Rhinolophus ferrumequinum,0.02,0.02,-1,Echolocation,/mnt/ubna_data_02_mir/recover-20221013/UBNA_001/20221012_030000.WAV,Telephone Field,recover-20221013,001,1795
554.7345,554.7494,22890,26123,Nyctalus leisleri,0.018,0.027,-1,Echolocation,/mnt/ubna_data_02_mir/recover-20221013/UBNA_001/20221012_030000.WAV,Telephone Field,recover-20221013,001,1795
554.7635,554.796,68437,80496,Rhinolophus ferrumequinum,0.021,0.021,-1,Echolocation,/mnt/ubna_data_02_mir/recover-20221013/UBNA_001/20221012_030000.WAV,Telephone Field,recover-20221013,001,1795
554.7765,554.8162,68437,82329,Rhinolophus ferrumequinum,0.022,0.022,-1,Echolocation,/mnt/ubna_data_02_mir/recover-20221013/UBNA_001/20221012_030000.WAV,Telephone Field,recover-20221013,001,1795
554.7805,554.7876,26328,39490,Eptesicus serotinus,0.005,0.021,-1,Echolocation,/mnt/ubna_data_02_mir/recover-20221013/UBNA_001/20221012_030000.WAV,Telephone Field,recover-20221013,001,1795
554.7815,554.7919,38359,42674,Pipistrellus nathusii,0.01,0.03,-1,Echolocation,/mnt/ubna_data_02_mir/recover-20221013/UBNA_001/20221012_030000.WAV,Telephone Field,recover-20221013,001,1795
554.7825,554.7898,32343,40978,Myotis daubentonii,0.008,0.021,-1,Echolocation,/mnt/ubna_data_02_mir/recover-20221013/UBNA_001/20221012_030000.WAV,Telephone Field,recover-20221013,001,1795
554.8005,554.8072,23750,32209,Plecotus austriacus,0.011,0.024,-1,Echolocation,/mnt/ubna_data_02_mir/recover-20221013/UBNA_001/20221012_030000.WAV,Telephone Field,recover-20221013,001,1795
554.8225,554.8323,46953,54377,Pipistrellus pipistrellus,0.017,0.02,-1,Echolocation,/mnt/ubna_data_02_mir/recover-20221013/UBNA_001/20221012_030000.WAV,Telephone Field,recover-20221013,001,1795
554.8235,554.8597,68437,81784,Rhinolophus ferrumequinum,0.021,0.021,-1,Echolocation,/mnt/ubna_data_02_mir/recover-20221013/UBNA_001/20221012_030000.WAV,Telephone Field,recover-20221013,001,1795
554.8545,554.891,68437,81289,Rhinolophus ferrumequinum,0.021,0.021,-1,Echolocation,/mnt/ubna_data_02_mir/recover-20221013/UBNA_001/20221012_030000.WAV,Telephone Field,recover-20221013,001,1795
554.8665,554.903,68437,81622,Rhinolophus ferrumequinum,0.02,0.02,-1,Echolocation,/mnt/ubna_data_02_mir/recover-20221013/UBNA_001/20221012_030000.WAV,Telephone Field,recover-20221013,001,1795
554.8825,554.8909,28046,39217,Eptesicus serotinus,0.008,0.021,-1,Echolocation,/mnt/ubna_data_02_mir/recover-20221013/UBNA_001/20221012_030000.WAV,Telephone Field,recover-20221013,001,1795
554.9025,554.9436,68437,82777,Rhinolophus ferrumequinum,0.025,0.025,-1,Echolocation,/mnt/ubna_data_02_mir/recover-20221013/UBNA_001/20221012_030000.WAV,Telephone Field,recover-20221013,001,1795
554.9265,554.936,30625,38699,Eptesicus serotinus,0.008,0.023,-1,Echolocation,/mnt/ubna_data_02_mir/recover-20221013/UBNA_001/20221012_030000.WAV,Telephone Field,recover-20221013,001,1795
554.9345,554.9716,68437,81949,Rhinolophus ferrumequinum,0.021,0.021,-1,Echolocation,/mnt/ubna_data_02_mir/recover-20221013/UBNA_001/20221012_030000.WAV,Telephone Field,recover-20221013,001,1795
554.9415,554.9795,68437,81497,Rhinolophus ferrumequinum,0.02,0.02,-1,Echolocation,/mnt/ubna_data_02_mir/recover-20221013/UBNA_001/20221012_030000.WAV,Telephone Field,recover-20221013,001,1795
554.9655,554.976,23750,29667,Nyctalus leisleri,0.009,0.021,-1,Echolocation,/mnt/ubna_data_02_mir/recover-20221013/UBNA_001/20221012_030000.WAV,Telephone Field,recover-20221013,001,1795
554.9765,555.0189,68437,83236,Rhinolophus ferrumequinum,0.028,0.028,-1,Echolocation,/mnt/ubna_data_02_mir/recover-20221013/UBNA_001/20221012_030000.WAV,Telephone Field,recover-20221013,001,1795
555.0365,555.0476,26328,32046,Eptesicus serotinus,0.009,0.022,-1,Echolocation,/mnt/ubna_data_02_mir/recover-20221013/UBNA_001/20221012_030000.WAV,Telephone Field,recover-20221013,001,1795
555.1085,555.1469,68437,82140,Rhinolophus ferrumequinum,0.022,0.022,-1,Echolocation,/mnt/ubna_data_02_mir/recover-20221013/UBNA_001/20221012_030000.WAV,Telephone Field,recover-20221013,001,1795
555.1325,555.1718,68437,81844,Rhinolophus ferrumequinum,0.02,0.02,-1,Echolocation,/mnt/ubna_data_02_mir/recover-20221013/UBNA_001/20221012_030000.WAV,Telephone Field,recover-20221013,001,1795
555.1405,555.1539,29765,34977,Eptesicus serotinus,0.018,0.033,-1,Echolocation,/mnt/ubna_data_02_mir/recover-20221013/UBNA_001/20221012_030000.WAV,Telephone Field,recover-20221013,001,1795
555.1495,555.1903,68437,82209,Rhinolophus ferrumequinum,0.02,0.02,-1,Echolocation,/mnt/ubna_data_02_mir/recover-20221013/UBNA_001/20221012_030000.WAV,Telephone Field,recover-20221013,001,1795
555.1765,555.2152,68437,82963,Rhinolophus ferrumequinum,0.023,0.023,-1,Echolocation,/mnt/ubna_data_02_mir/recover-20221013/UBNA_001/20221012_030000.WAV,Telephone Field,recover-20221013,001,1795
555.2085,555.2513,68437,83221,Rhinolophus ferrumequinum,0.041,0.041,-1,Echolocation,/mnt/ubna_data_02_mir/recover-20221013/UBNA_001/20221012_030000.WAV,Telephone Field,recover-20221013,001,1795
555.2235,555.2329,46953,52624,Pipistrellus pipistrellus,0.02,0.022,-1,Echolocation,/mnt/ubna_data_02_mir/recover-20221013/UBNA_001/20221012_030000.WAV,Telephone Field,recover-20221013,001,1795
555.2535,555.2696,20312,23364,Nyctalus leisleri,0.017,0.026,-1,Echolocation,/mnt/ubna_data_02_mir/recover-20221013/UBNA_001/20221012_030000.WAV,Telephone Field,recover-20221013,001,1795
555.2775,555.2919,22031,25270,Nyctalus leisleri,0.016,0.025,-1,Echolocation,/mnt/ubna_data_02_mir/recover-20221013/UBNA_001/20221012_030000.WAV,Telephone Field,recover-20221013,001,1795
555.2875,555.3284,68437,82897,Rhinolophus ferrumequinum,0.027,0.027,-1,Echolocation,/mnt/ubna_data_02_mir/recover-20221013/UBNA_001/20221012_030000.WAV,Telephone Field,recover-20221013,001,1795
555.3125,555.3226,28906,37423,Eptesicus serotinus,0.01,0.021,-1,Echolocation,/mnt/ubna_data_02_mir/recover-20221013/UBNA_001/20221012_030000.WAV,Telephone Field,recover-20221013,001,1795
555.3495,555.3871,68437,81485,Rhinolophus ferrumequinum,0.02,0.02,-1,Echolocation,/mnt/ubna_data_02_mir/recover-20221013/UBNA_001/20221012_030000.WAV,Telephone Field,recover-20221013,001,1795
555.3515,555.3591,45234,55577,Pipistrellus pipistrellus,0.011,0.02,-1,Echolocation,/mnt/ubna_data_02_mir/recover-20221013/UBNA_001/20221012_030000.WAV,Telephone Field,recover-20221013,001,1795
555.4225,555.4598,68437,81676,Rhinolophus ferrumequinum,0.024,0.024,-1,Echolocation,/mnt/ubna_data_02_mir/recover-20221013/UBNA_001/20221012_030000.WAV,Telephone Field,recover-20221013,001,1795
555.4275,555.4388,28906,35572,Eptesicus serotinus,0.011,0.024,-1,Echolocation,/mnt/ubna_data_02_mir/recover-20221013/UBNA_001/20221012_030000.WAV,Telephone Field,recover-20221013,001,1795
555.4685,555.5082,68437,82470,Rhinolophus ferrumequinum,0.02,0.02,-1,Echolocation,/mnt/ubna_data_02_mir/recover-20221013/UBNA_001/20221012_030000.WAV,Telephone Field,recover-20221013,001,1795
555.4745,555.5127,68437,82053,Rhinolophus ferrumequinum,0.022,0.022,-1,Echolocation,/mnt/ubna_data_02_mir/recover-20221013/UBNA_001/20221012_030000.WAV,Telephone Field,recover-20221013,001,1795
555.4915,555.508,22890,27236,Nyctalus leisleri,0.019,0.039,-1,Echolocation,/mnt/ubna_data_02_mir/recover-20221013/UBNA_001/20221012_030000.WAV,Telephone Field,recover-20221013,001,1795
555.5235,555.5644,68437,82517,Rhinolophus ferrumequinum,0.026,0.026,-1,Echolocation,/mnt/ubna_data_02_mir/recover-20221013/UBNA_001/20221012_030000.WAV,Telephone Field,recover-20221013,001,1795
555.5255,555.5337,27187,38477,Eptesicus serotinus,0.007,0.021,-1,Echolocation,/mnt/ubna_data_02_mir/recover-20221013/UBNA_001/20221012_030000.WAV,Telephone Field,recover-20221013,001,1795
555.5595,555.5697,23750,29642,Nyctalus leisleri,0.01,0.022,-1,Echolocation,/mnt/ubna_data_02_mir/recover-20221013/UBNA_001/20221012_030000.WAV,Telephone Field,recover-20221013,001,1795
555.5655,555.5743,28046,35783,Eptesicus serotinus,0.01,0.023,-1,Echolocation,/mnt/ubna_data_02_mir/recover-20221013/UBNA_001/20221012_030000.WAV,Telephone Field,recover-20221013,001,1795
555.5755,555.6126,68437,81671,Rhinolophus ferrumequinum,0.019,0.02,-1,Echolocation,/mnt/ubna_data_02_mir/recover-20221013/UBNA_001/20221012_030000.WAV,Telephone Field,recover-20221013,001,1795
555.5975,555.6076,22031,27271,Nyctalus leisleri,0.009,0.025,-1,Echolocation,/mnt/ubna_data_02_mir/recover-20221013/UBNA_001/20221012_030000.WAV,Telephone Field,recover-20221013,001,1795
555.6155,555.6555,68437,82371,Rhinolophus ferrumequinum,0.021,0.021,-1,Echolocation,/mnt/ubna_data_02_mir/recover-20221013/UBNA_001/20221012_030000.WAV,Telephone Field,recover-20221013,001,1795
555.6315,555.6384,27187,41938,Eptesicus serotinus,0.007,0.023,-1,Echolocation,/mnt/ubna_data_02_mir/recover-20221013/UBNA_001/20221012_030000.WAV,Telephone Field,recover-20221013,001,1795
555.6475,555.6557,28046,38543,Eptesicus serotinus,0.007,0.023,-1,Echolocation,/mnt/ubna_data_02_mir/recover-20221013/UBNA_001/20221012_030000.WAV,Telephone Field,recover-20221013,001,1795
555.6535,555.6638,23750,29279,Nyctalus leisleri,0.012,0.026,-1,Echolocation,/mnt/ubna_data_02_mir/recover-20221013/UBNA_001/20221012_030000.WAV,Telephone Field,recover-20221013,001,1795
555.6885,555.7282,68437,82532,Rhinolophus ferrumequinum,0.021,0.021,-1,Echolocation,/mnt/ubna_data_02_mir/recover-20221013/UBNA_001/20221012_030000.WAV,Telephone Field,recover-20221013,001,1795
555.6915,555.7007,28046,37159,Eptesicus serotinus,0.008,0.02,-1,Echolocation,/mnt/ubna_data_02_mir/recover-20221013/UBNA_001/20221012_030000.WAV,Telephone Field,recover-20221013,001,1795
555.7245,555.765,68437,82794,Rhinolophus ferrumequinum,0.029,0.029,-1,Echolocation,/mnt/ubna_data_02_mir/recover-20221013/UBNA_001/20221012_030000.WAV,Telephone Field,recover-20221013,001,1795
555.7355,555.7741,68437,82605,Rhinolophus ferrumequinum,0.023,0.023,-1,Echolocation,/mnt/ubna_data_02_mir/recover-20221013/UBNA_001/20221012_030000.WAV,Telephone Field,recover-20221013,001,1795
555.7755,555.8144,68437,81905,Rhinolophus ferrumequinum,0.02,0.02,-1,Echolocation,/mnt/ubna_data_02_mir/recover-20221013/UBNA_001/20221012_030000.WAV,Telephone Field,recover-20221013,001,1795
555.7765,555.7869,22890,28335,Nyctalus leisleri,0.01,0.023,-1,Echolocation,/mnt/ubna_data_02_mir/recover-20221013/UBNA_001/20221012_030000.WAV,Telephone Field,recover-20221013,001,1795
555.7945,555.8041,28046,36788,Eptesicus serotinus,0.009,0.022,-1,Echolocation,/mnt/ubna_data_02_mir/recover-20221013/UBNA_001/20221012_030000.WAV,Telephone Field,recover-20221013,001,1795
555.7955,555.807,33203,38887,Eptesicus serotinus,0.005,0.02,-1,Echolocation,/mnt/ubna_data_02_mir/recover-20221013/UBNA_001/20221012_030000.WAV,Telephone Field,recover-20221013,001,1795
555.8335,555.8702,68437,81525,Rhinolophus ferrumequinum,0.023,0.023,-1,Echolocation,/mnt/ubna_data_02_mir/recover-20221013/UBNA_001/20221012_030000.WAV,Telephone Field,recover-20221013,001,1795
555.8845,555.9024,16015,19662,Nyctalus noctula,0.051,0.075,-1,Echolocation,/mnt/ubna_data_02_mir/recover-20221013/UBNA_001/20221012_030000.WAV,Telephone Field,recover-20221013,001,1795
555.9515,555.9894,68437,82190,Rhinolophus ferrumequinum,0.022,0.022,-1,Echolocation,/mnt/ubna_data_02_mir/recover-20221013/UBNA_001/20221012_030000.WAV,Telephone Field,recover-20221013,001,1795
555.9585,555.966,28046,38793,Eptesicus serotinus,0.006,0.02,-1,Echolocation,/mnt/ubna_data_02_mir/recover-20221013/UBNA_001/20221012_030000.WAV,Telephone Field,recover-20221013,001,1795
555.9815,555.991,22031,27839,Plecotus austriacus,0.007,0.02,-1,Echolocation,/mnt/ubna_data_02_mir/recover-20221013/UBNA_001/20221012_030000.WAV,Telephone Field,recover-20221013,001,1795
556.0015,556.0337,69296,80814,Rhinolophus ferrumequinum,0.031,0.032,-1,Echolocation,/mnt/ubna_data_02_mir/recover-20221013/UBNA_001/20221012_030000.WAV,Telephone Field,recover-20221013,001,1795
556.0015,556.0105,24609,31363,Nyctalus leisleri,0.014,0.035,-1,Echolocation,/mnt/ubna_data_02_mir/recover-20221013/UBNA_001/20221012_030000.WAV,Telephone Field,recover-20221013,001,1795
556.0615,556.0732,22890,27253,Nyctalus leisleri,0.011,0.021,-1,Echolocation,/mnt/ubna_data_02_mir/recover-20221013/UBNA_001/20221012_030000.WAV,Telephone Field,recover-20221013,001,1795
556.1055,556.1445,68437,81824,Rhinolophus ferrumequinum,0.024,0.024,-1,Echolocation,/mnt/ubna_data_02_mir/recover-20221013/UBNA_001/20221012_030000.WAV,Telephone Field,recover-20221013,001,1795
556.1295,556.1385,23750,30271,Plecotus austriacus,0.007,0.022,-1,Echolocation,/mnt/ubna_data_02_mir/recover-20221013/UBNA_001/20221012_030000.WAV,Telephone Field,recover-20221013,001,1795
556.1805,556.1875,14296,27202,Plecotus auritus,0.026,0.031,-1,Echolocation,/mnt/ubna_data_02_mir/recover-20221013/UBNA_001/20221012_030000.WAV,Telephone Field,recover-20221013,001,1795
556.1815,556.2188,68437,81601,Rhinolophus ferrumequinum,0.023,0.023,-1,Echolocation,/mnt/ubna_data_02_mir/recover-20221013/UBNA_001/20221012_030000.WAV,Telephone Field,recover-20221013,001,1795
556.1945,556.2318,68437,81756,Rhinolophus ferrumequinum,0.02,0.02,-1,Echolocation,/mnt/ubna_data_02_mir/recover-20221013/UBNA_001/20221012_030000.WAV,Telephone Field,recover-20221013,001,1795
556.1945,556.203,28046,37019,Eptesicus serotinus,0.007,0.021,-1,Echolocation,/mnt/ubna_data_02_mir/recover-20221013/UBNA_001/20221012_030000.WAV,Telephone Field,recover-20221013,001,1795
556.2085,556.2442,68437,81167,Rhinolophus ferrumequinum,0.021,0.021,-1,Echolocation,/mnt/ubna_data_02_mir/recover-20221013/UBNA_001/20221012_030000.WAV,Telephone Field,recover-20221013,001,1795
556.2325,556.2673,68437,81210,Rhinolophus ferrumequinum,0.022,0.022,-1,Echolocation,/mnt/ubna_data_02_mir/recover-20221013/UBNA_001/20221012_030000.WAV,Telephone Field,recover-20221013,001,1795
556.3025,556.3449,68437,82965,Rhinolophus ferrumequinum,0.024,0.024,-1,Echolocation,/mnt/ubna_data_02_mir/recover-20221013/UBNA_001/20221012_030000.WAV,Telephone Field,recover-20221013,001,1795
556.3805,556.391,22890,27975,Nyctalus leisleri,0.011,0.023,-1,Echolocation,/mnt/ubna_data_02_mir/recover-20221013/UBNA_001/20221012_030000.WAV,Telephone Field,recover-20221013,001,1795
556.4045,556.4464,68437,83012,Rhinolophus ferrumequinum,0.024,0.024,-1,Echolocation,/mnt/ubna_data_02_mir/recover-20221013/UBNA_001/20221012_030000.WAV,Telephone Field,recover-20221013,001,1795
556.4375,556.479,68437,82894,Rhinolophus ferrumequinum,0.025,0.025,-1,Echolocation,/mnt/ubna_data_02_mir/recover-20221013/UBNA_001/20221012_030000.WAV,Telephone Field,recover-20221013,001,1795
556.4865,556.5247,68437,81990,Rhinolophus ferrumequinum,0.024,0.024,-1,Echolocation,/mnt/ubna_data_02_mir/recover-20221013/UBNA_001/20221012_030000.WAV,Telephone Field,recover-20221013,001,1795
556.5125,556.5211,28906,37651,Eptesicus serotinus,0.008,0.02,-1,Echolocation,/mnt/ubna_data_02_mir/recover-20221013/UBNA_001/20221012_030000.WAV,Telephone Field,recover-20221013,001,1795
556.5545,556.5664,32343,38117,Eptesicus serotinus,0.009,0.027,-1,Echolocation,/mnt/ubna_data_02_mir/recover-20221013/UBNA_001/20221012_030000.WAV,Telephone Field,recover-20221013,001,1795
556.5545,556.5926,68437,82250,Rhinolophus ferrumequinum,0.021,0.021,-1,Echolocation,/mnt/ubna_data_02_mir/recover-20221013/UBNA_001/20221012_030000.WAV,Telephone Field,recover-20221013,001,1795
556.5645,556.6043999999999,68437,81714,Rhinolophus ferrumequinum,0.021,0.021,-1,Echolocation,/mnt/ubna_data_02_mir/recover-20221013/UBNA_001/20221012_030000.WAV,Telephone Field,recover-20221013,001,1795
556.5685,556.5785,23750,29278,Nyctalus leisleri,0.009,0.021,-1,Echolocation,/mnt/ubna_data_02_mir/recover-20221013/UBNA_001/20221012_030000.WAV,Telephone Field,recover-20221013,001,1795
556.5815,556.6208,68437,82582,Rhinolophus ferrumequinum,0.022,0.022,-1,Echolocation,/mnt/ubna_data_02_mir/recover-20221013/UBNA_001/20221012_030000.WAV,Telephone Field,recover-20221013,001,1795
556.6255,556.6374,22890,26933,Nyctalus leisleri,0.013,0.022,-1,Echolocation,/mnt/ubna_data_02_mir/recover-20221013/UBNA_001/20221012_030000.WAV,Telephone Field,recover-20221013,001,1795
556.6345,556.6733,68437,82133,Rhinolophus ferrumequinum,0.022,0.022,-1,Echolocation,/mnt/ubna_data_02_mir/recover-20221013/UBNA_001/20221012_030000.WAV,Telephone Field,recover-20221013,001,1795
556.6685,556.709,68437,82078,Rhinolophus ferrumequinum,0.021,0.021,-1,Echolocation,/mnt/ubna_data_02_mir/recover-20221013/UBNA_001/20221012_030000.WAV,Telephone Field,recover-20221013,001,1795
556.6755,556.7142,68437,81932,Rhinolophus ferrumequinum,0.02,0.02,-1,Echolocation,/mnt/ubna_data_02_mir/recover-20221013/UBNA_001/20221012_030000.WAV,Telephone Field,recover-20221013,001,1795
556.6845,556.6911,28906,39729,Myotis daubentonii,0.006,0.027,-1,Echolocation,/mnt/ubna_data_02_mir/recover-20221013/UBNA_001/20221012_030000.WAV,Telephone Field,recover-20221013,001,1795
556.6895,556.7088,16015,20258,Nyctalus noctula,0.018,0.025,-1,Echolocation,/mnt/ubna_data_02_mir/recover-20221013/UBNA_001/20221012_030000.WAV,Telephone Field,recover-20221013,001,1795
556.7045,556.7168,22890,27431,Nyctalus leisleri,0.012,0.022,-1,Echolocation,/mnt/ubna_data_02_mir/recover-20221013/UBNA_001/20221012_030000.WAV,Telephone Field,recover-20221013,001,1795
556.7165,556.7562,68437,82721,Rhinolophus ferrumequinum,0.02,0.02,-1,Echolocation,/mnt/ubna_data_02_mir/recover-20221013/UBNA_001/20221012_030000.WAV,Telephone Field,recover-20221013,001,1795
556.7395,556.7492,22031,27336,Nyctalus leisleri,0.007,0.02,-1,Echolocation,/mnt/ubna_data_02_mir/recover-20221013/UBNA_001/20221012_030000.WAV,Telephone Field,recover-20221013,001,1795
556.7715,556.7813,22890,29520,Nyctalus leisleri,0.008,0.023,-1,Echolocation,/mnt/ubna_data_02_mir/recover-20221013/UBNA_001/20221012_030000.WAV,Telephone Field,recover-20221013,001,1795
556.7895,556.8284,68437,82107,Rhinolophus ferrumequinum,0.021,0.021,-1,Echolocation,/mnt/ubna_data_02_mir/recover-20221013/UBNA_001/20221012_030000.WAV,Telephone Field,recover-20221013,001,1795
556.8235,556.8321,37500,45062,Barbastellus barbastellus,0.007,0.023,-1,Echolocation,/mnt/ubna_data_02_mir/recover-20221013/UBNA_001/20221012_030000.WAV,Telephone Field,recover-20221013,001,1795
556.8725,556.8802,28046,42065,Eptesicus serotinus,0.007,0.022,-1,Echolocation,/mnt/ubna_data_02_mir/recover-20221013/UBNA_001/20221012_030000.WAV,Telephone Field,recover-20221013,001,1795
556.9375,556.9768,68437,81627,Rhinolophus ferrumequinum,0.023,0.023,-1,Echolocation,/mnt/ubna_data_02_mir/recover-20221013/UBNA_001/20221012_030000.WAV,Telephone Field,recover-20221013,001,1795
556.9595,556.996,68437,81437,Rhinolophus ferrumequinum,0.022,0.022,-1,Echolocation,/mnt/ubna_data_02_mir/recover-20221013/UBNA_001/20221012_030000.WAV,Telephone Field,recover-20221013,001,1795
556.9735000000001,557.0114,68437,81161,Rhinolophus ferrumequinum,0.02,0.02,-1,Echolocation,/mnt/ubna_data_02_mir/recover-20221013/UBNA_001/20221012_030000.WAV,Telephone Field,recover-20221013,001,1795
557.0285,557.0661,68437,81995,Rhinolophus ferrumequinum,0.021,0.021,-1,Echolocation,/mnt/ubna_data_02_mir/recover-20221013/UBNA_001/20221012_030000.WAV,Telephone Field,recover-20221013,001,1795
557.0735,557.0833,28906,36307,Eptesicus serotinus,0.008,0.021,-1,Echolocation,/mnt/ubna_data_02_mir/recover-20221013/UBNA_001/20221012_030000.WAV,Telephone Field,recover-20221013,001,1795
557.0875,557.1241,68437,81214,Rhinolophus ferrumequinum,0.019,0.019,-1,Echolocation,/mnt/ubna_data_02_mir/recover-20221013/UBNA_001/20221012_030000.WAV,Telephone Field,recover-20221013,001,1795
557.1385,557.1792,68437,82209,Rhinolophus ferrumequinum,0.022,0.023,-1,Echolocation,/mnt/ubna_data_02_mir/recover-20221013/UBNA_001/20221012_030000.WAV,Telephone Field,recover-20221013,001,1795
557.2365,557.2764999999999,68437,82515,Rhinolophus ferrumequinum,0.022,0.022,-1,Echolocation,/mnt/ubna_data_02_mir/recover-20221013/UBNA_001/20221012_030000.WAV,Telephone Field,recover-20221013,001,1795
557.2435,557.2519,28906,38511,Eptesicus serotinus,0.007,0.02,-1,Echolocation,/mnt/ubna_data_02_mir/recover-20221013/UBNA_001/20221012_030000.WAV,Telephone Field,recover-20221013,001,1795
557.2735,557.3143,68437,82269,Rhinolophus ferrumequinum,0.02,0.02,-1,Echolocation,/mnt/ubna_data_02_mir/recover-20221013/UBNA_001/20221012_030000.WAV,Telephone Field,recover-20221013,001,1795
557.2805,557.2895,23750,30994,Nyctalus leisleri,0.006,0.02,-1,Echolocation,/mnt/ubna_data_02_mir/recover-20221013/UBNA_001/20221012_030000.WAV,Telephone Field,recover-20221013,001,1795
557.3185,557.3576,68437,81957,Rhinolophus ferrumequinum,0.021,0.021,-1,Echolocation,/mnt/ubna_data_02_mir/recover-20221013/UBNA_001/20221012_030000.WAV,Telephone Field,recover-20221013,001,1795
557.3425,557.3543,22890,26941,Nyctalus leisleri,0.015,0.026,-1,Echolocation,/mnt/ubna_data_02_mir/recover-20221013/UBNA_001/20221012_030000.WAV,Telephone Field,recover-20221013,001,1795
557.3565,557.3966,68437,82318,Rhinolophus ferrumequinum,0.021,0.021,-1,Echolocation,/mnt/ubna_data_02_mir/recover-20221013/UBNA_001/20221012_030000.WAV,Telephone Field,recover-20221013,001,1795
557.3755,557.3865,37500,41989,Pipistrellus nathusii,0.013,0.023,-1,Echolocation,/mnt/ubna_data_02_mir/recover-20221013/UBNA_001/20221012_030000.WAV,Telephone Field,recover-20221013,001,1795
557.4035,557.4425,68437,82140,Rhinolophus ferrumequinum,0.021,0.021,-1,Echolocation,/mnt/ubna_data_02_mir/recover-20221013/UBNA_001/20221012_030000.WAV,Telephone Field,recover-20221013,001,1795
557.4145,557.4525,68437,81839,Rhinolophus ferrumequinum,0.019,0.019,-1,Echolocation,/mnt/ubna_data_02_mir/recover-20221013/UBNA_001/20221012_030000.WAV,Telephone Field,recover-20221013,001,1795
557.4215,557.4567,68437,81663,Rhinolophus ferrumequinum,0.02,0.02,-1,Echolocation,/mnt/ubna_data_02_mir/recover-20221013/UBNA_001/20221012_030000.WAV,Telephone Field,recover-20221013,001,1795
557.4375,557.4742,68437,81943,Rhinolophus ferrumequinum,0.02,0.02,-1,Echolocation,/mnt/ubna_data_02_mir/recover-20221013/UBNA_001/20221012_030000.WAV,Telephone Field,recover-20221013,001,1795
557.4485,557.4862,68437,81878,Rhinolophus ferrumequinum,0.02,0.02,-1,Echolocation,/mnt/ubna_data_02_mir/recover-20221013/UBNA_001/20221012_030000.WAV,Telephone Field,recover-20221013,001,1795
557.4685,557.4757,23750,32962,Plecotus austriacus,0.01,0.023,-1,Echolocation,/mnt/ubna_data_02_mir/recover-20221013/UBNA_001/20221012_030000.WAV,Telephone Field,recover-20221013,001,1795
557.4765,557.5141,68437,81849,Rhinolophus ferrumequinum,0.022,0.022,-1,Echolocation,/mnt/ubna_data_02_mir/recover-20221013/UBNA_001/20221012_030000.WAV,Telephone Field,recover-20221013,001,1795
557.4975,557.5387,68437,82895,Rhinolophus ferrumequinum,0.026,0.026,-1,Echolocation,/mnt/ubna_data_02_mir/recover-20221013/UBNA_001/20221012_030000.WAV,Telephone Field,recover-20221013,001,1795
557.5485,557.5889999999999,68437,82075,Rhinolophus ferrumequinum,0.02,0.02,-1,Echolocation,/mnt/ubna_data_02_mir/recover-20221013/UBNA_001/20221012_030000.WAV,Telephone Field,recover-20221013,001,1795
557.5615,557.5805,51250,55180,Pipistrellus pygmaeus,0.018,0.035,-1,Echolocation,/mnt/ubna_data_02_mir/recover-20221013/UBNA_001/20221012_030000.WAV,Telephone Field,recover-20221013,001,1795
557.5715,557.6086,68437,82070,Rhinolophus ferrumequinum,0.021,0.021,-1,Echolocation,/mnt/ubna_data_02_mir/recover-20221013/UBNA_001/20221012_030000.WAV,Telephone Field,recover-20221013,001,1795
557.5925,557.6048,22031,26224,Nyctalus leisleri,0.011,0.021,-1,Echolocation,/mnt/ubna_data_02_mir/recover-20221013/UBNA_001/20221012_030000.WAV,Telephone Field,recover-20221013,001,1795
557.5985000000001,557.6367,68437,82655,Rhinolophus ferrumequinum,0.024,0.024,-1,Echolocation,/mnt/ubna_data_02_mir/recover-20221013/UBNA_001/20221012_030000.WAV,Telephone Field,recover-20221013,001,1795
557.6165,557.6526,68437,81743,Rhinolophus ferrumequinum,0.019,0.02,-1,Echolocation,/mnt/ubna_data_02_mir/recover-20221013/UBNA_001/20221012_030000.WAV,Telephone Field,recover-20221013,001,1795
557.6255,557.633,28046,38200,Eptesicus serotinus,0.006,0.02,-1,Echolocation,/mnt/ubna_data_02_mir/recover-20221013/UBNA_001/20221012_030000.WAV,Telephone Field,recover-20221013,001,1795
557.6935,557.734,68437,82273,Rhinolophus ferrumequinum,0.023,0.023,-1,Echolocation,/mnt/ubna_data_02_mir/recover-20221013/UBNA_001/20221012_030000.WAV,Telephone Field,recover-20221013,001,1795
557.7155,557.7278,14296,19938,Nyctalus noctula,0.017,0.028,-1,Echolocation,/mnt/ubna_data_02_mir/recover-20221013/UBNA_001/20221012_030000.WAV,Telephone Field,recover-20221013,001,1795
557.7365,557.7778,68437,82840,Rhinolophus ferrumequinum,0.054,0.054,-1,Echolocation,/mnt/ubna_data_02_mir/recover-20221013/UBNA_001/20221012_030000.WAV,Telephone Field,recover-20221013,001,1795
557.7375,557.7472,23750,30182,Nyctalus leisleri,0.007,0.02,-1,Echolocation,/mnt/ubna_data_02_mir/recover-20221013/UBNA_001/20221012_030000.WAV,Telephone Field,recover-20221013,001,1795
557.7835,557.8233,68437,82357,Rhinolophus ferrumequinum,0.026,0.026,-1,Echolocation,/mnt/ubna_data_02_mir/recover-20221013/UBNA_001/20221012_030000.WAV,Telephone Field,recover-20221013,001,1795
557.8115,557.8485000000001,68437,82228,Rhinolophus ferrumequinum,0.027,0.027,-1,Echolocation,/mnt/ubna_data_02_mir/recover-20221013/UBNA_001/20221012_030000.WAV,Telephone Field,recover-20221013,001,1795
557.8195,557.8309,22890,27758,Nyctalus leisleri,0.011,0.022,-1,Echolocation,/mnt/ubna_data_02_mir/recover-20221013/UBNA_001/20221012_030000.WAV,Telephone Field,recover-20221013,001,1795
557.8375,557.8768,68437,82273,Rhinolophus ferrumequinum,0.021,0.021,-1,Echolocation,/mnt/ubna_data_02_mir/recover-20221013/UBNA_001/20221012_030000.WAV,Telephone Field,recover-20221013,001,1795
557.8975,557.938,68437,82249,Rhinolophus ferrumequinum,0.021,0.021,-1,Echolocation,/mnt/ubna_data_02_mir/recover-20221013/UBNA_001/20221012_030000.WAV,Telephone Field,recover-20221013,001,1795
557.9075,557.916,27187,35562,Eptesicus serotinus,0.01,0.028,-1,Echolocation,/mnt/ubna_data_02_mir/recover-20221013/UBNA_001/20221012_030000.WAV,Telephone Field,recover-20221013,001,1795
557.9095,557.9453,68437,81840,Rhinolophus ferrumequinum,0.022,0.022,-1,Echolocation,/mnt/ubna_data_02_mir/recover-20221013/UBNA_001/20221012_030000.WAV,Telephone Field,recover-20221013,001,1795
557.9225,557.9615,68437,81828,Rhinolophus ferrumequinum,0.02,0.02,-1,Echolocation,/mnt/ubna_data_02_mir/recover-20221013/UBNA_001/20221012_030000.WAV,Telephone Field,recover-20221013,001,1795
557.9465,557.9543,28906,38441,Eptesicus serotinus,0.006,0.02,-1,Echolocation,/mnt/ubna_data_02_mir/recover-20221013/UBNA_001/20221012_030000.WAV,Telephone Field,recover-20221013,001,1795
557.9475,557.9563,22890,29656,Plecotus austriacus,0.009,0.023,-1,Echolocation,/mnt/ubna_data_02_mir/recover-20221013/UBNA_001/20221012_030000.WAV,Telephone Field,recover-20221013,001,1795
557.9495,557.956,51250,57954,Pipistrellus pipistrellus,0.015,0.02,-1,Echolocation,/mnt/ubna_data_02_mir/recover-20221013/UBNA_001/20221012_030000.WAV,Telephone Field,recover-20221013,001,1795
557.9515,557.9935,68437,83002,Rhinolophus ferrumequinum,0.022,0.022,-1,Echolocation,/mnt/ubna_data_02_mir/recover-20221013/UBNA_001/20221012_030000.WAV,Telephone Field,recover-20221013,001,1795
557.9575,557.9671,28046,35929,Eptesicus serotinus,0.008,0.02,-1,Echolocation,/mnt/ubna_data_02_mir/recover-20221013/UBNA_001/20221012_030000.WAV,Telephone Field,recover-20221013,001,1795
557.9815,557.9942,22031,25662,Nyctalus leisleri,0.013,0.021,-1,Echolocation,/mnt/ubna_data_02_mir/recover-20221013/UBNA_001/20221012_030000.WAV,Telephone Field,recover-20221013,001,1795
558.0015,558.0096,24609,32236,Nyctalus leisleri,0.007,0.024,-1,Echolocation,/mnt/ubna_data_02_mir/recover-20221013/UBNA_001/20221012_030000.WAV,Telephone Field,recover-20221013,001,1795
558.0015,558.0308,68437,79869,Rhinolophus ferrumequinum,0.022,0.023,-1,Echolocation,/mnt/ubna_data_02_mir/recover-20221013/UBNA_001/20221012_030000.WAV,Telephone Field,recover-20221013,001,1795
558.0145,558.054,68437,81905,Rhinolophus ferrumequinum,0.022,0.022,-1,Echolocation,/mnt/ubna_data_02_mir/recover-20221013/UBNA_001/20221012_030000.WAV,Telephone Field,recover-20221013,001,1795
558.0155,558.0263,22031,27569,Nyctalus leisleri,0.012,0.026,-1,Echolocation,/mnt/ubna_data_02_mir/recover-20221013/UBNA_001/20221012_030000.WAV,Telephone Field,recover-20221013,001,1795
558.0205,558.0544,68437,81584,Rhinolophus ferrumequinum,0.021,0.021,-1,Echolocation,/mnt/ubna_data_02_mir/recover-20221013/UBNA_001/20221012_030000.WAV,Telephone Field,recover-20221013,001,1795
558.0255,558.0343,22890,29993,Plecotus austriacus,0.011,0.029,-1,Echolocation,/mnt/ubna_data_02_mir/recover-20221013/UBNA_001/20221012_030000.WAV,Telephone Field,recover-20221013,001,1795
558.0255,558.0553,68437,80555,Rhinolophus ferrumequinum,0.02,0.021,-1,Echolocation,/mnt/ubna_data_02_mir/recover-20221013/UBNA_001/20221012_030000.WAV,Telephone Field,recover-20221013,001,1795
558.0625,558.1031,68437,82633,Rhinolophus ferrumequinum,0.034,0.034,-1,Echolocation,/mnt/ubna_data_02_mir/recover-20221013/UBNA_001/20221012_030000.WAV,Telephone Field,recover-20221013,001,1795
558.1055,558.1151,24609,31558,Nyctalus leisleri,0.008,0.022,-1,Echolocation,/mnt/ubna_data_02_mir/recover-20221013/UBNA_001/20221012_030000.WAV,Telephone Field,recover-20221013,001,1795
558.1845,558.1968,22031,25970,Nyctalus leisleri,0.013,0.023,-1,Echolocation,/mnt/ubna_data_02_mir/recover-20221013/UBNA_001/20221012_030000.WAV,Telephone Field,recover-20221013,001,1795
558.1925,558.2286,68437,81704,Rhinolophus ferrumequinum,0.021,0.021,-1,Echolocation,/mnt/ubna_data_02_mir/recover-20221013/UBNA_001/20221012_030000.WAV,Telephone Field,recover-20221013,001,1795
558.2055,558.2159,24609,30783,Nyctalus leisleri,0.008,0.022,-1,Echolocation,/mnt/ubna_data_02_mir/recover-20221013/UBNA_001/20221012_030000.WAV,Telephone Field,recover-20221013,001,1795
558.2125,558.224,28046,34711,Eptesicus serotinus,0.01,0.022,-1,Echolocation,/mnt/ubna_data_02_mir/recover-20221013/UBNA_001/20221012_030000.WAV,Telephone Field,recover-20221013,001,1795
558.2145,558.2514,68437,81902,Rhinolophus ferrumequinum,0.024,0.024,-1,Echolocation,/mnt/ubna_data_02_mir/recover-20221013/UBNA_001/20221012_030000.WAV,Telephone Field,recover-20221013,001,1795
558.2395,558.2775,68437,81448,Rhinolophus ferrumequinum,0.026,0.026,-1,Echolocation,/mnt/ubna_data_02_mir/recover-20221013/UBNA_001/20221012_030000.WAV,Telephone Field,recover-20221013,001,1795
558.2425,558.252,28906,37977,Eptesicus serotinus,0.01,0.023,-1,Echolocation,/mnt/ubna_data_02_mir/recover-20221013/UBNA_001/20221012_030000.WAV,Telephone Field,recover-20221013,001,1795
558.2975,558.3373,68437,82277,Rhinolophus ferrumequinum,0.022,0.022,-1,Echolocation,/mnt/ubna_data_02_mir/recover-20221013/UBNA_001/20221012_030000.WAV,Telephone Field,recover-20221013,001,1795
558.2995,558.3074,28906,37604,Eptesicus serotinus,0.008,0.023,-1,Echolocation,/mnt/ubna_data_02_mir/recover-20221013/UBNA_001/20221012_030000.WAV,Telephone Field,recover-20221013,001,1795
558.3015,558.3091,24609,33190,Plecotus austriacus,0.008,0.023,-1,Echolocation,/mnt/ubna_data_02_mir/recover-20221013/UBNA_001/20221012_030000.WAV,Telephone Field,recover-20221013,001,1795
558.3125,558.3512,68437,81489,Rhinolophus ferrumequinum,0.021,0.021,-1,Echolocation,/mnt/ubna_data_02_mir/recover-20221013/UBNA_001/20221012_030000.WAV,Telephone Field,recover-20221013,001,1795
558.3365,558.3755,68437,82291,Rhinolophus ferrumequinum,0.021,0.021,-1,Echolocation,/mnt/ubna_data_02_mir/recover-20221013/UBNA_001/20221012_030000.WAV,Telephone Field,recover-20221013,001,1795
558.3445,558.3857,68437,83328,Rhinolophus ferrumequinum,0.026,0.026,-1,Echolocation,/mnt/ubna_data_02_mir/recover-20221013/UBNA_001/20221012_030000.WAV,Telephone Field,recover-20221013,001,1795
558.3575,558.4007,68437,82871,Rhinolophus ferrumequinum,0.022,0.022,-1,Echolocation,/mnt/ubna_data_02_mir/recover-20221013/UBNA_001/20221012_030000.WAV,Telephone Field,recover-20221013,001,1795
558.3805,558.4184,68437,82002,Rhinolophus ferrumequinum,0.024,0.024,-1,Echolocation,/mnt/ubna_data_02_mir/recover-20221013/UBNA_001/20221012_030000.WAV,Telephone Field,recover-20221013,001,1795
558.4014999999999,558.4137,23750,28950,Nyctalus leisleri,0.016,0.035,-1,Echolocation,/mnt/ubna_data_02_mir/recover-20221013/UBNA_001/20221012_030000.WAV,Telephone Field,recover-20221013,001,1795
558.4155,558.4533,68437,81343,Rhinolophus ferrumequinum,0.021,0.021,-1,Echolocation,/mnt/ubna_data_02_mir/recover-20221013/UBNA_001/20221012_030000.WAV,Telephone Field,recover-20221013,001,1795
558.4175,558.4235,24609,40379,Plecotus austriacus,0.01,0.028,-1,Echolocation,/mnt/ubna_data_02_mir/recover-20221013/UBNA_001/20221012_030000.WAV,Telephone Field,recover-20221013,001,1795
558.4585,558.4961,68437,82474,Rhinolophus ferrumequinum,0.024,0.024,-1,Echolocation,/mnt/ubna_data_02_mir/recover-20221013/UBNA_001/20221012_030000.WAV,Telephone Field,recover-20221013,001,1795
558.4965,558.5339,68437,81766,Rhinolophus ferrumequinum,0.023,0.023,-1,Echolocation,/mnt/ubna_data_02_mir/recover-20221013/UBNA_001/20221012_030000.WAV,Telephone Field,recover-20221013,001,1795
558.5045,558.5163,22031,25720,Nyctalus leisleri,0.016,0.027,-1,Echolocation,/mnt/ubna_data_02_mir/recover-20221013/UBNA_001/20221012_030000.WAV,Telephone Field,recover-20221013,001,1795
558.5795,558.617,68437,81422,Rhinolophus ferrumequinum,0.021,0.021,-1,Echolocation,/mnt/ubna_data_02_mir/recover-20221013/UBNA_001/20221012_030000.WAV,Telephone Field,recover-20221013,001,1795
558.5965,558.6356,68437,81945,Rhinolophus ferrumequinum,0.021,0.022,-1,Echolocation,/mnt/ubna_data_02_mir/recover-20221013/UBNA_001/20221012_030000.WAV,Telephone Field,recover-20221013,001,1795
558.6005,558.6085,28906,39723,Eptesicus serotinus,0.007,0.021,-1,Echolocation,/mnt/ubna_data_02_mir/recover-20221013/UBNA_001/20221012_030000.WAV,Telephone Field,recover-20221013,001,1795
558.6315,558.6399,22890,30544,Plecotus austriacus,0.01,0.024,-1,Echolocation,/mnt/ubna_data_02_mir/recover-20221013/UBNA_001/20221012_030000.WAV,Telephone Field,recover-20221013,001,1795
558.6475,558.6865,68437,82448,Rhinolophus ferrumequinum,0.025,0.025,-1,Echolocation,/mnt/ubna_data_02_mir/recover-20221013/UBNA_001/20221012_030000.WAV,Telephone Field,recover-20221013,001,1795
558.6555,558.6952,68437,82388,Rhinolophus ferrumequinum,0.021,0.021,-1,Echolocation,/mnt/ubna_data_02_mir/recover-20221013/UBNA_001/20221012_030000.WAV,Telephone Field,recover-20221013,001,1795
558.6835,558.6922,45234,51005,Pipistrellus pipistrellus,0.039,0.042,-1,Echolocation,/mnt/ubna_data_02_mir/recover-20221013/UBNA_001/20221012_030000.WAV,Telephone Field,recover-20221013,001,1795
558.6935,558.7306,68437,82111,Rhinolophus ferrumequinum,0.023,0.023,-1,Echolocation,/mnt/ubna_data_02_mir/recover-20221013/UBNA_001/20221012_030000.WAV,Telephone Field,recover-20221013,001,1795
558.7085,558.7153,28046,41142,Eptesicus serotinus,0.007,0.023,-1,Echolocation,/mnt/ubna_data_02_mir/recover-20221013/UBNA_001/20221012_030000.WAV,Telephone Field,recover-20221013,001,1795
558.7175,558.7631,68437,83392,Rhinolophus ferrumequinum,0.036,0.036,-1,Echolocation,/mnt/ubna_data_02_mir/recover-20221013/UBNA_001/20221012_030000.WAV,Telephone Field,recover-20221013,001,1795
558.7185,558.729,22890,28050,Nyctalus leisleri,0.009,0.021,-1,Echolocation,/mnt/ubna_data_02_mir/recover-20221013/UBNA_001/20221012_030000.WAV,Telephone Field,recover-20221013,001,1795
558.7445,558.7842,68437,82413,Rhinolophus ferrumequinum,0.021,0.021,-1,Echolocation,/mnt/ubna_data_02_mir/recover-20221013/UBNA_001/20221012_030000.WAV,Telephone Field,recover-20221013,001,1795
558.7705,558.7901,18593,21452,Nyctalus noctula,0.013,0.025,-1,Echolocation,/mnt/ubna_data_02_mir/recover-20221013/UBNA_001/20221012_030000.WAV,Telephone Field,recover-20221013,001,1795
558.8145,558.852,68437,82289,Rhinolophus ferrumequinum,0.031,0.031,-1,Echolocation,/mnt/ubna_data_02_mir/recover-20221013/UBNA_001/20221012_030000.WAV,Telephone Field,recover-20221013,001,1795
558.8355,558.8712,68437,81825,Rhinolophus ferrumequinum,0.024,0.024,-1,Echolocation,/mnt/ubna_data_02_mir/recover-20221013/UBNA_001/20221012_030000.WAV,Telephone Field,recover-20221013,001,1795
558.8375,558.8477,53828,57315,Pipistrellus pygmaeus,0.024,0.026,-1,Echolocation,/mnt/ubna_data_02_mir/recover-20221013/UBNA_001/20221012_030000.WAV,Telephone Field,recover-20221013,001,1795
558.8485000000001,558.8852,68437,81921,Rhinolophus ferrumequinum,0.021,0.021,-1,Echolocation,/mnt/ubna_data_02_mir/recover-20221013/UBNA_001/20221012_030000.WAV,Telephone Field,recover-20221013,001,1795
558.8525,558.862,28906,37955,Eptesicus serotinus,0.009,0.022,-1,Echolocation,/mnt/ubna_data_02_mir/recover-20221013/UBNA_001/20221012_030000.WAV,Telephone Field,recover-20221013,001,1795
558.8575,558.8956000000001,68437,82145,Rhinolophus ferrumequinum,0.021,0.021,-1,Echolocation,/mnt/ubna_data_02_mir/recover-20221013/UBNA_001/20221012_030000.WAV,Telephone Field,recover-20221013,001,1795
558.8825,558.9229,68437,82579,Rhinolophus ferrumequinum,0.025,0.025,-1,Echolocation,/mnt/ubna_data_02_mir/recover-20221013/UBNA_001/20221012_030000.WAV,Telephone Field,recover-20221013,001,1795
558.9055,558.9456,68437,82666,Rhinolophus ferrumequinum,0.025,0.025,-1,Echolocation,/mnt/ubna_data_02_mir/recover-20221013/UBNA_001/20221012_030000.WAV,Telephone Field,recover-20221013,001,1795
558.9145,558.9219,28906,41249,Eptesicus serotinus,0.007,0.022,-1,Echolocation,/mnt/ubna_data_02_mir/recover-20221013/UBNA_001/20221012_030000.WAV,Telephone Field,recover-20221013,001,1795
558.9405,558.9468,28906,38594,Eptesicus serotinus,0.011,0.038,-1,Echolocation,/mnt/ubna_data_02_mir/recover-20221013/UBNA_001/20221012_030000.WAV,Telephone Field,recover-20221013,001,1795
558.9715,559.0071,68437,81475,Rhinolophus ferrumequinum,0.021,0.021,-1,Echolocation,/mnt/ubna_data_02_mir/recover-20221013/UBNA_001/20221012_030000.WAV,Telephone Field,recover-20221013,001,1795
559.0075,559.0483,68437,82862,Rhinolophus ferrumequinum,0.022,0.022,-1,Echolocation,/mnt/ubna_data_02_mir/recover-20221013/UBNA_001/20221012_030000.WAV,Telephone Field,recover-20221013,001,1795
559.0155,559.0567,68437,82776,Rhinolophus ferrumequinum,0.028,0.028,-1,Echolocation,/mnt/ubna_data_02_mir/recover-20221013/UBNA_001/20221012_030000.WAV,Telephone Field,recover-20221013,001,1795
559.0485,559.0863,68437,80804,Rhinolophus ferrumequinum,0.043,0.043,-1,Echolocation,/mnt/ubna_data_02_mir/recover-20221013/UBNA_001/20221012_030000.WAV,Telephone Field,recover-20221013,001,1795
559.1065,559.1174,24609,31713,Nyctalus leisleri,0.01,0.027,-1,Echolocation,/mnt/ubna_data_02_mir/recover-20221013/UBNA_001/20221012_030000.WAV,Telephone Field,recover-20221013,001,1795
559.1225,559.1617,68437,81895,Rhinolophus ferrumequinum,0.022,0.022,-1,Echolocation,/mnt/ubna_data_02_mir/recover-20221013/UBNA_001/20221012_030000.WAV,Telephone Field,recover-20221013,001,1795
559.1235,559.1454,19453,22244,Nyctalus noctula,0.011,0.024,-1,Echolocation,/mnt/ubna_data_02_mir/recover-20221013/UBNA_001/20221012_030000.WAV,Telephone Field,recover-20221013,001,1795
559.1555,559.192,68437,81303,Rhinolophus ferrumequinum,0.028,0.029,-1,Echolocation,/mnt/ubna_data_02_mir/recover-20221013/UBNA_001/20221012_030000.WAV,Telephone Field,recover-20221013,001,1795
559.1665,559.2064,68437,81766,Rhinolophus ferrumequinum,0.022,0.022,-1,Echolocation,/mnt/ubna_data_02_mir/recover-20221013/UBNA_001/20221012_030000.WAV,Telephone Field,recover-20221013,001,1795
559.1795,559.2208,68437,82776,Rhinolophus ferrumequinum,0.021,0.022,-1,Echolocation,/mnt/ubna_data_02_mir/recover-20221013/UBNA_001/20221012_030000.WAV,Telephone Field,recover-20221013,001,1795
559.1875,559.226,68437,82620,Rhinolophus ferrumequinum,0.021,0.021,-1,Echolocation,/mnt/ubna_data_02_mir/recover-20221013/UBNA_001/20221012_030000.WAV,Telephone Field,recover-20221013,001,1795
559.2115,559.2495,68437,82014,Rhinolophus ferrumequinum,0.021,0.021,-1,Echolocation,/mnt/ubna_data_02_mir/recover-20221013/UBNA_001/20221012_030000.WAV,Telephone Field,recover-20221013,001,1795
559.2445,559.2822,68437,82045,Rhinolophus ferrumequinum,0.024,0.024,-1,Echolocation,/mnt/ubna_data_02_mir/recover-20221013/UBNA_001/20221012_030000.WAV,Telephone Field,recover-20221013,001,1795
559.2545,559.2619,43515,46802,Pipistrellus pipistrellus,0.033,0.041,-1,Echolocation,/mnt/ubna_data_02_mir/recover-20221013/UBNA_001/20221012_030000.WAV,Telephone Field,recover-20221013,001,1795
559.2835,559.3237,68437,82928,Rhinolophus ferrumequinum,0.027,0.027,-1,Echolocation,/mnt/ubna_data_02_mir/recover-20221013/UBNA_001/20221012_030000.WAV,Telephone Field,recover-20221013,001,1795
559.3065,559.3458,68437,82862,Rhinolophus ferrumequinum,0.031,0.031,-1,Echolocation,/mnt/ubna_data_02_mir/recover-20221013/UBNA_001/20221012_030000.WAV,Telephone Field,recover-20221013,001,1795
559.3375,559.3736,68437,81602,Rhinolophus ferrumequinum,0.021,0.021,-1,Echolocation,/mnt/ubna_data_02_mir/recover-20221013/UBNA_001/20221012_030000.WAV,Telephone Field,recover-20221013,001,1795
559.3595,559.368,22031,28679,Plecotus austriacus,0.01,0.023,-1,Echolocation,/mnt/ubna_data_02_mir/recover-20221013/UBNA_001/20221012_030000.WAV,Telephone Field,recover-20221013,001,1795
559.3595,559.3934,68437,81366,Rhinolophus ferrumequinum,0.022,0.022,-1,Echolocation,/mnt/ubna_data_02_mir/recover-20221013/UBNA_001/20221012_030000.WAV,Telephone Field,recover-20221013,001,1795
559.3625,559.3719,47812,51046,Pipistrellus pipistrellus,0.028,0.032,-1,Echolocation,/mnt/ubna_data_02_mir/recover-20221013/UBNA_001/20221012_030000.WAV,Telephone Field,recover-20221013,001,1795
559.3875,559.3955,22031,29041,Plecotus austriacus,0.011,0.024,-1,Echolocation,/mnt/ubna_data_02_mir/recover-20221013/UBNA_001/20221012_030000.WAV,Telephone Field,recover-20221013,001,1795
559.3915,559.3994,27187,36274,Eptesicus serotinus,0.01,0.025,-1,Echolocation,/mnt/ubna_data_02_mir/recover-20221013/UBNA_001/20221012_030000.WAV,Telephone Field,recover-20221013,001,1795
559.4635,559.5008,68437,81355,Rhinolophus ferrumequinum,0.03,0.03,-1,Echolocation,/mnt/ubna_data_02_mir/recover-20221013/UBNA_001/20221012_030000.WAV,Telephone Field,recover-20221013,001,1795
559.5125,559.5521,68437,82979,Rhinolophus ferrumequinum,0.024,0.024,-1,Echolocation,/mnt/ubna_data_02_mir/recover-20221013/UBNA_001/20221012_030000.WAV,Telephone Field,recover-20221013,001,1795
559.5525,559.5918,68437,82215,Rhinolophus ferrumequinum,0.023,0.023,-1,Echolocation,/mnt/ubna_data_02_mir/recover-20221013/UBNA_001/20221012_030000.WAV,Telephone Field,recover-20221013,001,1795
559.5595,559.5698,22890,27519,Nyctalus leisleri,0.01,0.021,-1,Echolocation,/mnt/ubna_data_02_mir/recover-20221013/UBNA_001/20221012_030000.WAV,Telephone Field,recover-20221013,001,1795
559.5745,559.6156,68437,83120,Rhinolophus ferrumequinum,0.031,0.031,-1,Echolocation,/mnt/ubna_data_02_mir/recover-20221013/UBNA_001/20221012_030000.WAV,Telephone Field,recover-20221013,001,1795
559.5965,559.6346,68437,81514,Rhinolophus ferrumequinum,0.024,0.024,-1,Echolocation,/mnt/ubna_data_02_mir/recover-20221013/UBNA_001/20221012_030000.WAV,Telephone Field,recover-20221013,001,1795
559.5985000000001,559.6105,34921,40521,Eptesicus serotinus,0.006,0.023,-1,Echolocation,/mnt/ubna_data_02_mir/recover-20221013/UBNA_001/20221012_030000.WAV,Telephone Field,recover-20221013,001,1795
559.5995,559.608,23750,31128,Plecotus austriacus,0.007,0.021,-1,Echolocation,/mnt/ubna_data_02_mir/recover-20221013/UBNA_001/20221012_030000.WAV,Telephone Field,recover-20221013,001,1795
559.6255,559.6609,68437,81529,Rhinolophus ferrumequinum,0.021,0.021,-1,Echolocation,/mnt/ubna_data_02_mir/recover-20221013/UBNA_001/20221012_030000.WAV,Telephone Field,recover-20221013,001,1795
559.6295,559.6395,28906,36032,Eptesicus serotinus,0.009,0.021,-1,Echolocation,/mnt/ubna_data_02_mir/recover-20221013/UBNA_001/20221012_030000.WAV,Telephone Field,recover-20221013,001,1795
559.6514999999999,559.6899,68437,81760,Rhinolophus ferrumequinum,0.023,0.023,-1,Echolocation,/mnt/ubna_data_02_mir/recover-20221013/UBNA_001/20221012_030000.WAV,Telephone Field,recover-20221013,001,1795
559.7065,559.7453,68437,82127,Rhinolophus ferrumequinum,0.022,0.022,-1,Echolocation,/mnt/ubna_data_02_mir/recover-20221013/UBNA_001/20221012_030000.WAV,Telephone Field,recover-20221013,001,1795
559.7545,559.775,18593,21719,Nyctalus noctula,0.012,0.021,-1,Echolocation,/mnt/ubna_data_02_mir/recover-20221013/UBNA_001/20221012_030000.WAV,Telephone Field,recover-20221013,001,1795
559.7575,559.799,68437,82543,Rhinolophus ferrumequinum,0.022,0.022,-1,Echolocation,/mnt/ubna_data_02_mir/recover-20221013/UBNA_001/20221012_030000.WAV,Telephone Field,recover-20221013,001,1795
559.7715,559.8117,68437,82318,Rhinolophus ferrumequinum,0.022,0.022,-1,Echolocation,/mnt/ubna_data_02_mir/recover-20221013/UBNA_001/20221012_030000.WAV,Telephone Field,recover-20221013,001,1795
559.7845,559.7941,28046,36792,Eptesicus serotinus,0.009,0.021,-1,Echolocation,/mnt/ubna_data_02_mir/recover-20221013/UBNA_001/20221012_030000.WAV,Telephone Field,recover-20221013,001,1795
559.7915,559.831,68437,82835,Rhinolophus ferrumequinum,0.03,0.03,-1,Echolocation,/mnt/ubna_data_02_mir/recover-20221013/UBNA_001/20221012_030000.WAV,Telephone Field,recover-20221013,001,1795
559.8495,559.8606,28906,35593,Eptesicus serotinus,0.01,0.023,-1,Echolocation,/mnt/ubna_data_02_mir/recover-20221013/UBNA_001/20221012_030000.WAV,Telephone Field,recover-20221013,001,1795
559.8815,559.9208,68437,82298,Rhinolophus ferrumequinum,0.022,0.022,-1,Echolocation,/mnt/ubna_data_02_mir/recover-20221013/UBNA_001/20221012_030000.WAV,Telephone Field,recover-20221013,001,1795
559.8835,559.893,28906,38101,Eptesicus serotinus,0.009,0.022,-1,Echolocation,/mnt/ubna_data_02_mir/recover-20221013/UBNA_001/20221012_030000.WAV,Telephone Field,recover-20221013,001,1795
559.9014999999999,559.9443,68437,83503,Rhinolophus ferrumequinum,0.061,0.061,-1,Echolocation,/mnt/ubna_data_02_mir/recover-20221013/UBNA_001/20221012_030000.WAV,Telephone Field,recover-20221013,001,1795
560.0015,560.0105,24609,30176,Nyctalus leisleri,0.022,0.052,-1,Echolocation,/mnt/ubna_data_02_mir/recover-20221013/UBNA_001/20221012_030000.WAV,Telephone Field,recover-20221013,001,1795
560.0015,560.0381,68437,79909,Rhinolophus ferrumequinum,0.036,0.036,-1,Echolocation,/mnt/ubna_data_02_mir/recover-20221013/UBNA_001/20221012_030000.WAV,Telephone Field,recover-20221013,001,1795
560.0085,560.0515,68437,82448,Rhinolophus ferrumequinum,0.025,0.025,-1,Echolocation,/mnt/ubna_data_02_mir/recover-20221013/UBNA_001/20221012_030000.WAV,Telephone Field,recover-20221013,001,1795
560.0955,560.1366,68437,83124,Rhinolophus ferrumequinum,0.027,0.027,-1,Echolocation,/mnt/ubna_data_02_mir/recover-20221013/UBNA_001/20221012_030000.WAV,Telephone Field,recover-20221013,001,1795
560.1155,560.1232,24609,33942,Plecotus austriacus,0.006,0.023,-1,Echolocation,/mnt/ubna_data_02_mir/recover-20221013/UBNA_001/20221012_030000.WAV,Telephone Field,recover-20221013,001,1795
560.1155,560.1579,68437,82613,Rhinolophus ferrumequinum,0.024,0.024,-1,Echolocation,/mnt/ubna_data_02_mir/recover-20221013/UBNA_001/20221012_030000.WAV,Telephone Field,recover-20221013,001,1795
560.1155,560.1236,28906,40089,Eptesicus serotinus,0.007,0.023,-1,Echolocation,/mnt/ubna_data_02_mir/recover-20221013/UBNA_001/20221012_030000.WAV,Telephone Field,recover-20221013,001,1795
560.1235,560.1643,68437,82798,Rhinolophus ferrumequinum,0.026,0.026,-1,Echolocation,/mnt/ubna_data_02_mir/recover-20221013/UBNA_001/20221012_030000.WAV,Telephone Field,recover-20221013,001,1795
560.2145,560.2272,22890,27791,Nyctalus leisleri,0.013,0.025,-1,Echolocation,/mnt/ubna_data_02_mir/recover-20221013/UBNA_001/20221012_030000.WAV,Telephone Field,recover-20221013,001,1795
560.2155,560.2534,68437,81952,Rhinolophus ferrumequinum,0.023,0.023,-1,Echolocation,/mnt/ubna_data_02_mir/recover-20221013/UBNA_001/20221012_030000.WAV,Telephone Field,recover-20221013,001,1795
560.2265,560.2366,44375,51078,Pipistrellus pipistrellus,0.02,0.025,-1,Echolocation,/mnt/ubna_data_02_mir/recover-20221013/UBNA_001/20221012_030000.WAV,Telephone Field,recover-20221013,001,1795
560.2495,560.2861,68437,81653,Rhinolophus ferrumequinum,0.031,0.031,-1,Echolocation,/mnt/ubna_data_02_mir/recover-20221013/UBNA_001/20221012_030000.WAV,Telephone Field,recover-20221013,001,1795
560.3295,560.3364,24609,38669,Plecotus austriacus,0.007,0.024,-1,Echolocation,/mnt/ubna_data_02_mir/recover-20221013/UBNA_001/20221012_030000.WAV,Telephone Field,recover-20221013,001,1795
560.3775,560.4163,68437,82094,Rhinolophus ferrumequinum,0.022,0.022,-1,Echolocation,/mnt/ubna_data_02_mir/recover-20221013/UBNA_001/20221012_030000.WAV,Telephone Field,recover-20221013,001,1795
560.3975,560.4384,68437,82706,Rhinolophus ferrumequinum,0.024,0.024,-1,Echolocation,/mnt/ubna_data_02_mir/recover-20221013/UBNA_001/20221012_030000.WAV,Telephone Field,recover-20221013,001,1795
560.4185,560.427,25468,34521,Eptesicus serotinus,0.009,0.024,-1,Echolocation,/mnt/ubna_data_02_mir/recover-20221013/UBNA_001/20221012_030000.WAV,Telephone Field,recover-20221013,001,1795
560.4255,560.4653,68437,82203,Rhinolophus ferrumequinum,0.023,0.023,-1,Echolocation,/mnt/ubna_data_02_mir/recover-20221013/UBNA_001/20221012_030000.WAV,Telephone Field,recover-20221013,001,1795
560.4765,560.5154,68437,82181,Rhinolophus ferrumequinum,0.023,0.023,-1,Echolocation,/mnt/ubna_data_02_mir/recover-20221013/UBNA_001/20221012_030000.WAV,Telephone Field,recover-20221013,001,1795
560.4815,560.5214,68437,82916,Rhinolophus ferrumequinum,0.023,0.023,-1,Echolocation,/mnt/ubna_data_02_mir/recover-20221013/UBNA_001/20221012_030000.WAV,Telephone Field,recover-20221013,001,1795
560.4865,560.497,33203,39527,Eptesicus serotinus,0.006,0.024,-1,Echolocation,/mnt/ubna_data_02_mir/recover-20221013/UBNA_001/20221012_030000.WAV,Telephone Field,recover-20221013,001,1795
560.5035,560.5108,28046,40362,Eptesicus serotinus,0.007,0.023,-1,Echolocation,/mnt/ubna_data_02_mir/recover-20221013/UBNA_001/20221012_030000.WAV,Telephone Field,recover-20221013,001,1795
560.5315,560.5715,68437,82649,Rhinolophus ferrumequinum,0.025,0.025,-1,Echolocation,/mnt/ubna_data_02_mir/recover-20221013/UBNA_001/20221012_030000.WAV,Telephone Field,recover-20221013,001,1795
560.5745,560.6145,68437,82249,Rhinolophus ferrumequinum,0.023,0.023,-1,Echolocation,/mnt/ubna_data_02_mir/recover-20221013/UBNA_001/20221012_030000.WAV,Telephone Field,recover-20221013,001,1795
560.5915,560.6317,68437,82464,Rhinolophus ferrumequinum,0.03,0.031,-1,Echolocation,/mnt/ubna_data_02_mir/recover-20221013/UBNA_001/20221012_030000.WAV,Telephone Field,recover-20221013,001,1795
560.6135,560.6243,20312,27044,Nyctalus noctula,0.054,0.155,-1,Echolocation,/mnt/ubna_data_02_mir/recover-20221013/UBNA_001/20221012_030000.WAV,Telephone Field,recover-20221013,001,1795
560.6285,560.673,68437,83024,Rhinolophus ferrumequinum,0.046,0.046,-1,Echolocation,/mnt/ubna_data_02_mir/recover-20221013/UBNA_001/20221012_030000.WAV,Telephone Field,recover-20221013,001,1795
560.6365,560.642,33203,51285,Myotis daubentonii,0.024,0.046,-1,Echolocation,/mnt/ubna_data_02_mir/recover-20221013/UBNA_001/20221012_030000.WAV,Telephone Field,recover-20221013,001,1795
560.6755,560.6867,23750,30434,Nyctalus leisleri,0.01,0.026,-1,Echolocation,/mnt/ubna_data_02_mir/recover-20221013/UBNA_001/20221012_030000.WAV,Telephone Field,recover-20221013,001,1795
560.6765,560.7143,68437,82020,Rhinolophus ferrumequinum,0.023,0.023,-1,Echolocation,/mnt/ubna_data_02_mir/recover-20221013/UBNA_001/20221012_030000.WAV,Telephone Field,recover-20221013,001,1795
560.6845,560.6952,23750,29738,Nyctalus leisleri,0.011,0.023,-1,Echolocation,/mnt/ubna_data_02_mir/recover-20221013/UBNA_001/20221012_030000.WAV,Telephone Field,recover-20221013,001,1795
560.6845,560.7214,68437,81677,Rhinolophus ferrumequinum,0.025,0.025,-1,Echolocation,/mnt/ubna_data_02_mir/recover-20221013/UBNA_001/20221012_030000.WAV,Telephone Field,recover-20221013,001,1795
560.7255,560.7322,27187,36310,Eptesicus serotinus,0.007,0.023,-1,Echolocation,/mnt/ubna_data_02_mir/recover-20221013/UBNA_001/20221012_030000.WAV,Telephone Field,recover-20221013,001,1795
560.7505,560.7875,68437,81912,Rhinolophus ferrumequinum,0.023,0.023,-1,Echolocation,/mnt/ubna_data_02_mir/recover-20221013/UBNA_001/20221012_030000.WAV,Telephone Field,recover-20221013,001,1795
560.8065,560.8462,68437,82213,Rhinolophus ferrumequinum,0.022,0.022,-1,Echolocation,/mnt/ubna_data_02_mir/recover-20221013/UBNA_001/20221012_030000.WAV,Telephone Field,recover-20221013,001,1795
560.8125,560.8284,20312,23162,Nyctalus leisleri,0.015,0.024,-1,Echolocation,/mnt/ubna_data_02_mir/recover-20221013/UBNA_001/20221012_030000.WAV,Telephone Field,recover-20221013,001,1795
560.8345,560.8429,28046,38644,Eptesicus serotinus,0.007,0.025,-1,Echolocation,/mnt/ubna_data_02_mir/recover-20221013/UBNA_001/20221012_030000.WAV,Telephone Field,recover-20221013,001,1795
560.8355,560.8757,68437,82912,Rhinolophus ferrumequinum,0.029,0.029,-1,Echolocation,/mnt/ubna_data_02_mir/recover-20221013/UBNA_001/20221012_030000.WAV,Telephone Field,recover-20221013,001,1795
560.8625,560.8706999999999,28046,40249,Eptesicus serotinus,0.008,0.022,-1,Echolocation,/mnt/ubna_data_02_mir/recover-20221013/UBNA_001/20221012_030000.WAV,Telephone Field,recover-20221013,001,1795
560.8855,560.9222,68437,82387,Rhinolophus ferrumequinum,0.022,0.023,-1,Echolocation,/mnt/ubna_data_02_mir/recover-20221013/UBNA_001/20221012_030000.WAV,Telephone Field,recover-20221013,001,1795
560.8945,560.9336,68437,81486,Rhinolophus ferrumequinum,0.023,0.023,-1,Echolocation,/mnt/ubna_data_02_mir/recover-20221013/UBNA_001/20221012_030000.WAV,Telephone Field,recover-20221013,001,1795
560.9215,560.9319,37500,41672,Pipistrellus nathusii,0.085,0.117,-1,Echolocation,/mnt/ubna_data_02_mir/recover-20221013/UBNA_001/20221012_030000.WAV,Telephone Field,recover-20221013,001,1795
560.9375,560.9449,28046,41104,Eptesicus serotinus,0.007,0.023,-1,Echolocation,/mnt/ubna_data_02_mir/recover-20221013/UBNA_001/20221012_030000.WAV,Telephone Field,recover-20221013,001,1795
560.9645,561.004,68437,82334,Rhinolophus ferrumequinum,0.031,0.031,-1,Echolocation,/mnt/ubna_data_02_mir/recover-20221013/UBNA_001/20221012_030000.WAV,Telephone Field,recover-20221013,001,1795
560.9775,561.021,68437,83868,Rhinolophus ferrumequinum,0.049,0.049,-1,Echolocation,/mnt/ubna_data_02_mir/recover-20221013/UBNA_001/20221012_030000.WAV,Telephone Field,recover-20221013,001,1795
560.9835,560.9911,28046,40405,Eptesicus serotinus,0.008,0.023,-1,Echolocation,/mnt/ubna_data_02_mir/recover-20221013/UBNA_001/20221012_030000.WAV,Telephone Field,recover-20221013,001,1795
561.0395,561.0788,68437,82291,Rhinolophus ferrumequinum,0.024,0.025,-1,Echolocation,/mnt/ubna_data_02_mir/recover-20221013/UBNA_001/20221012_030000.WAV,Telephone Field,recover-20221013,001,1795
561.0745,561.1132,68437,81832,Rhinolophus ferrumequinum,0.023,0.023,-1,Echolocation,/mnt/ubna_data_02_mir/recover-20221013/UBNA_001/20221012_030000.WAV,Telephone Field,recover-20221013,001,1795
561.1195,561.126,27187,41476,Eptesicus serotinus,0.006,0.027,-1,Echolocation,/mnt/ubna_data_02_mir/recover-20221013/UBNA_001/20221012_030000.WAV,Telephone Field,recover-20221013,001,1795
561.1365,561.1762,68437,82220,Rhinolophus ferrumequinum,0.03,0.03,-1,Echolocation,/mnt/ubna_data_02_mir/recover-20221013/UBNA_001/20221012_030000.WAV,Telephone Field,recover-20221013,001,1795
561.1715,561.1792,28046,37158,Eptesicus serotinus,0.009,0.025,-1,Echolocation,/mnt/ubna_data_02_mir/recover-20221013/UBNA_001/20221012_030000.WAV,Telephone Field,recover-20221013,001,1795
561.1945,561.2298,68437,80575,Rhinolophus ferrumequinum,0.022,0.022,-1,Echolocation,/mnt/ubna_data_02_mir/recover-20221013/UBNA_001/20221012_030000.WAV,Telephone Field,recover-20221013,001,1795
561.2065,561.2483,68437,83005,Rhinolophus ferrumequinum,0.023,0.023,-1,Echolocation,/mnt/ubna_data_02_mir/recover-20221013/UBNA_001/20221012_030000.WAV,Telephone Field,recover-20221013,001,1795
561.2155,561.2541,68437,83094,Rhinolophus ferrumequinum,0.023,0.023,-1,Echolocation,/mnt/ubna_data_02_mir/recover-20221013/UBNA_001/20221012_030000.WAV,Telephone Field,recover-20221013,001,1795
561.2295,561.2677,68437,81918,Rhinolophus ferrumequinum,0.023,0.023,-1,Echolocation,/mnt/ubna_data_02_mir/recover-20221013/UBNA_001/20221012_030000.WAV,Telephone Field,recover-20221013,001,1795
561.2295,561.2397,27187,36039,Eptesicus serotinus,0.011,0.025,-1,Echolocation,/mnt/ubna_data_02_mir/recover-20221013/UBNA_001/20221012_030000.WAV,Telephone Field,recover-20221013,001,1795
561.2665,561.306,68437,82463,Rhinolophus ferrumequinum,0.028,0.028,-1,Echolocation,/mnt/ubna_data_02_mir/recover-20221013/UBNA_001/20221012_030000.WAV,Telephone Field,recover-20221013,001,1795
561.2975,561.3386,68437,82804,Rhinolophus ferrumequinum,0.025,0.025,-1,Echolocation,/mnt/ubna_data_02_mir/recover-20221013/UBNA_001/20221012_030000.WAV,Telephone Field,recover-20221013,001,1795
561.3095,561.3506,68437,83047,Rhinolophus ferrumequinum,0.025,0.025,-1,Echolocation,/mnt/ubna_data_02_mir/recover-20221013/UBNA_001/20221012_030000.WAV,Telephone Field,recover-20221013,001,1795
561.3215,561.3581,68437,82298,Rhinolophus ferrumequinum,0.025,0.025,-1,Echolocation,/mnt/ubna_data_02_mir/recover-20221013/UBNA_001/20221012_030000.WAV,Telephone Field,recover-20221013,001,1795
561.3305,561.3685,68437,81920,Rhinolophus ferrumequinum,0.023,0.023,-1,Echolocation,/mnt/ubna_data_02_mir/recover-20221013/UBNA_001/20221012_030000.WAV,Telephone Field,recover-20221013,001,1795
561.3555,561.3913,68437,80954,Rhinolophus ferrumequinum,0.031,0.031,-1,Echolocation,/mnt/ubna_data_02_mir/recover-20221013/UBNA_001/20221012_030000.WAV,Telephone Field,recover-20221013,001,1795
561.3595,561.3709,22890,28686,Nyctalus leisleri,0.013,0.031,-1,Echolocation,/mnt/ubna_data_02_mir/recover-20221013/UBNA_001/20221012_030000.WAV,Telephone Field,recover-20221013,001,1795
561.3865,561.4027,21171,24476,Nyctalus leisleri,0.018,0.031,-1,Echolocation,/mnt/ubna_data_02_mir/recover-20221013/UBNA_001/20221012_030000.WAV,Telephone Field,recover-20221013,001,1795
561.4135,561.4538,68437,82563,Rhinolophus ferrumequinum,0.023,0.024,-1,Echolocation,/mnt/ubna_data_02_mir/recover-20221013/UBNA_001/20221012_030000.WAV,Telephone Field,recover-20221013,001,1795
561.4355,561.4431,48671,53801,Pipistrellus pipistrellus,0.033,0.035,-1,Echolocation,/mnt/ubna_data_02_mir/recover-20221013/UBNA_001/20221012_030000.WAV,Telephone Field,recover-20221013,001,1795
561.5055,561.5442,68437,82262,Rhinolophus ferrumequinum,0.023,0.023,-1,Echolocation,/mnt/ubna_data_02_mir/recover-20221013/UBNA_001/20221012_030000.WAV,Telephone Field,recover-20221013,001,1795
561.5165,561.5548,68437,82065,Rhinolophus ferrumequinum,0.026,0.026,-1,Echolocation,/mnt/ubna_data_02_mir/recover-20221013/UBNA_001/20221012_030000.WAV,Telephone Field,recover-20221013,001,1795
561.5655,561.6049,68437,82325,Rhinolophus ferrumequinum,0.027,0.027,-1,Echolocation,/mnt/ubna_data_02_mir/recover-20221013/UBNA_001/20221012_030000.WAV,Telephone Field,recover-20221013,001,1795
561.6245,561.6351,25468,33123,Eptesicus serotinus,0.015,0.032,-1,Echolocation,/mnt/ubna_data_02_mir/recover-20221013/UBNA_001/20221012_030000.WAV,Telephone Field,recover-20221013,001,1795
561.6605,561.6672,26328,37914,Eptesicus serotinus,0.006,0.022,-1,Echolocation,/mnt/ubna_data_02_mir/recover-20221013/UBNA_001/20221012_030000.WAV,Telephone Field,recover-20221013,001,1795
561.6635,561.698,68437,80873,Rhinolophus ferrumequinum,0.024,0.024,-1,Echolocation,/mnt/ubna_data_02_mir/recover-20221013/UBNA_001/20221012_030000.WAV,Telephone Field,recover-20221013,001,1795
561.6755,561.7161,68437,82010,Rhinolophus ferrumequinum,0.024,0.024,-1,Echolocation,/mnt/ubna_data_02_mir/recover-20221013/UBNA_001/20221012_030000.WAV,Telephone Field,recover-20221013,001,1795
561.8375,561.8476,24609,31669,Eptesicus serotinus,0.01,0.027,-1,Echolocation,/mnt/ubna_data_02_mir/recover-20221013/UBNA_001/20221012_030000.WAV,Telephone Field,recover-20221013,001,1795
561.8505,561.8616,26328,33490,Eptesicus serotinus,0.013,0.025,-1,Echolocation,/mnt/ubna_data_02_mir/recover-20221013/UBNA_001/20221012_030000.WAV,Telephone Field,recover-20221013,001,1795
561.8645,561.9022,68437,82111,Rhinolophus ferrumequinum,0.027,0.027,-1,Echolocation,/mnt/ubna_data_02_mir/recover-20221013/UBNA_001/20221012_030000.WAV,Telephone Field,recover-20221013,001,1795
561.8715,561.8824,30625,38158,Eptesicus serotinus,0.011,0.028,-1,Echolocation,/mnt/ubna_data_02_mir/recover-20221013/UBNA_001/20221012_030000.WAV,Telephone Field,recover-20221013,001,1795
561.8845,561.9046,16875,21308,Nyctalus noctula,0.03,0.039,-1,Echolocation,/mnt/ubna_data_02_mir/recover-20221013/UBNA_001/20221012_030000.WAV,Telephone Field,recover-20221013,001,1795
561.9005,561.9371,68437,81358,Rhinolophus ferrumequinum,0.029,0.03,-1,Echolocation,/mnt/ubna_data_02_mir/recover-20221013/UBNA_001/20221012_030000.WAV,Telephone Field,recover-20221013,001,1795
561.9095,561.946,68437,81393,Rhinolophus ferrumequinum,0.023,0.023,-1,Echolocation,/mnt/ubna_data_02_mir/recover-20221013/UBNA_001/20221012_030000.WAV,Telephone Field,recover-20221013,001,1795
561.9355,561.9498,22031,25431,Nyctalus leisleri,0.018,0.029,-1,Echolocation,/mnt/ubna_data_02_mir/recover-20221013/UBNA_001/20221012_030000.WAV,Telephone Field,recover-20221013,001,1795
561.9415,561.9815,68437,82540,Rhinolophus ferrumequinum,0.023,0.023,-1,Echolocation,/mnt/ubna_data_02_mir/recover-20221013/UBNA_001/20221012_030000.WAV,Telephone Field,recover-20221013,001,1795
561.9485,561.9556,28046,41273,Eptesicus serotinus,0.007,0.026,-1,Echolocation,/mnt/ubna_data_02_mir/recover-20221013/UBNA_001/20221012_030000.WAV,Telephone Field,recover-20221013,001,1795
561.9795,561.9863,28046,40453,Eptesicus serotinus,0.006,0.023,-1,Echolocation,/mnt/ubna_data_02_mir/recover-20221013/UBNA_001/20221012_030000.WAV,Telephone Field,recover-20221013,001,1795
562.0015,562.0108,26328,34359,Nyctalus leisleri,0.009,0.031,-1,Echolocation,/mnt/ubna_data_02_mir/recover-20221013/UBNA_001/20221012_030000.WAV,Telephone Field,recover-20221013,001,1795
562.0015,562.0365,68437,79865,Rhinolophus ferrumequinum,0.027,0.027,-1,Echolocation,/mnt/ubna_data_02_mir/recover-20221013/UBNA_001/20221012_030000.WAV,Telephone Field,recover-20221013,001,1795
562.0455,562.0898,68437,83277,Rhinolophus ferrumequinum,0.026,0.026,-1,Echolocation,/mnt/ubna_data_02_mir/recover-20221013/UBNA_001/20221012_030000.WAV,Telephone Field,recover-20221013,001,1795
562.0665,562.1043999999999,68437,81550,Rhinolophus ferrumequinum,0.021,0.021,-1,Echolocation,/mnt/ubna_data_02_mir/recover-20221013/UBNA_001/20221012_030000.WAV,Telephone Field,recover-20221013,001,1795
562.1115,562.1206,27187,36236,Eptesicus serotinus,0.009,0.025,-1,Echolocation,/mnt/ubna_data_02_mir/recover-20221013/UBNA_001/20221012_030000.WAV,Telephone Field,recover-20221013,001,1795
562.1395,562.1808,68437,82840,Rhinolophus ferrumequinum,0.027,0.027,-1,Echolocation,/mnt/ubna_data_02_mir/recover-20221013/UBNA_001/20221012_030000.WAV,Telephone Field,recover-20221013,001,1795
562.1775,562.2173,68437,82613,Rhinolophus ferrumequinum,0.024,0.024,-1,Echolocation,/mnt/ubna_data_02_mir/recover-20221013/UBNA_001/20221012_030000.WAV,Telephone Field,recover-20221013,001,1795
562.2085,562.2429,68437,80644,Rhinolophus ferrumequinum,0.023,0.024,-1,Echolocation,/mnt/ubna_data_02_mir/recover-20221013/UBNA_001/20221012_030000.WAV,Telephone Field,recover-20221013,001,1795
562.2275,562.2358,50390,55841,Pipistrellus pipistrellus,0.017,0.021,-1,Echolocation,/mnt/ubna_data_02_mir/recover-20221013/UBNA_001/20221012_030000.WAV,Telephone Field,recover-20221013,001,1795
562.2375,562.2451,28046,41811,Eptesicus serotinus,0.009,0.029,-1,Echolocation,/mnt/ubna_data_02_mir/recover-20221013/UBNA_001/20221012_030000.WAV,Telephone Field,recover-20221013,001,1795
562.3165,562.3531,68437,81337,Rhinolophus ferrumequinum,0.021,0.021,-1,Echolocation,/mnt/ubna_data_02_mir/recover-20221013/UBNA_001/20221012_030000.WAV,Telephone Field,recover-20221013,001,1795
562.3175,562.326,28046,37762,Eptesicus serotinus,0.007,0.022,-1,Echolocation,/mnt/ubna_data_02_mir/recover-20221013/UBNA_001/20221012_030000.WAV,Telephone Field,recover-20221013,001,1795
562.3295,562.37,68437,82955,Rhinolophus ferrumequinum,0.021,0.021,-1,Echolocation,/mnt/ubna_data_02_mir/recover-20221013/UBNA_001/20221012_030000.WAV,Telephone Field,recover-20221013,001,1795
562.3565,562.368,22031,25854,Nyctalus leisleri,0.014,0.025,-1,Echolocation,/mnt/ubna_data_02_mir/recover-20221013/UBNA_001/20221012_030000.WAV,Telephone Field,recover-20221013,001,1795
562.4065,562.4473,68437,82721,Rhinolophus ferrumequinum,0.024,0.024,-1,Echolocation,/mnt/ubna_data_02_mir/recover-20221013/UBNA_001/20221012_030000.WAV,Telephone Field,recover-20221013,001,1795
562.4245,562.4636,68437,81919,Rhinolophus ferrumequinum,0.022,0.022,-1,Echolocation,/mnt/ubna_data_02_mir/recover-20221013/UBNA_001/20221012_030000.WAV,Telephone Field,recover-20221013,001,1795
562.4325,562.4722,68437,82279,Rhinolophus ferrumequinum,0.024,0.025,-1,Echolocation,/mnt/ubna_data_02_mir/recover-20221013/UBNA_001/20221012_030000.WAV,Telephone Field,recover-20221013,001,1795
562.4385,562.447,28906,40168,Eptesicus serotinus,0.009,0.023,-1,Echolocation,/mnt/ubna_data_02_mir/recover-20221013/UBNA_001/20221012_030000.WAV,Telephone Field,recover-20221013,001,1795
562.4385,562.4485,22031,27059,Nyctalus leisleri,0.009,0.021,-1,Echolocation,/mnt/ubna_data_02_mir/recover-20221013/UBNA_001/20221012_030000.WAV,Telephone Field,recover-20221013,001,1795
562.4665,562.509,68437,83023,Rhinolophus ferrumequinum,0.041,0.041,-1,Echolocation,/mnt/ubna_data_02_mir/recover-20221013/UBNA_001/20221012_030000.WAV,Telephone Field,recover-20221013,001,1795
562.4975,562.5383,68437,82777,Rhinolophus ferrumequinum,0.022,0.022,-1,Echolocation,/mnt/ubna_data_02_mir/recover-20221013/UBNA_001/20221012_030000.WAV,Telephone Field,recover-20221013,001,1795
562.5085,562.5478,68437,82312,Rhinolophus ferrumequinum,0.021,0.021,-1,Echolocation,/mnt/ubna_data_02_mir/recover-20221013/UBNA_001/20221012_030000.WAV,Telephone Field,recover-20221013,001,1795
562.5465,562.5886,68437,82910,Rhinolophus ferrumequinum,0.028,0.028,-1,Echolocation,/mnt/ubna_data_02_mir/recover-20221013/UBNA_001/20221012_030000.WAV,Telephone Field,recover-20221013,001,1795
562.5895,562.6295,68437,82663,Rhinolophus ferrumequinum,0.025,0.025,-1,Echolocation,/mnt/ubna_data_02_mir/recover-20221013/UBNA_001/20221012_030000.WAV,Telephone Field,recover-20221013,001,1795
562.6195,562.6291,28906,38966,Eptesicus serotinus,0.011,0.027,-1,Echolocation,/mnt/ubna_data_02_mir/recover-20221013/UBNA_001/20221012_030000.WAV,Telephone Field,recover-20221013,001,1795
562.6235,562.6646,68437,83349,Rhinolophus ferrumequinum,0.026,0.026,-1,Echolocation,/mnt/ubna_data_02_mir/recover-20221013/UBNA_001/20221012_030000.WAV,Telephone Field,recover-20221013,001,1795
562.6565,562.6683,22890,27989,Nyctalus leisleri,0.014,0.027,-1,Echolocation,/mnt/ubna_data_02_mir/recover-20221013/UBNA_001/20221012_030000.WAV,Telephone Field,recover-20221013,001,1795
562.6835,562.7225,68437,82521,Rhinolophus ferrumequinum,0.024,0.024,-1,Echolocation,/mnt/ubna_data_02_mir/recover-20221013/UBNA_001/20221012_030000.WAV,Telephone Field,recover-20221013,001,1795
562.6875,562.6961,37500,45063,Pipistrellus nathusii,0.011,0.025,-1,Echolocation,/mnt/ubna_data_02_mir/recover-20221013/UBNA_001/20221012_030000.WAV,Telephone Field,recover-20221013,001,1795
562.6875,562.6946,23750,33230,Plecotus austriacus,0.014,0.031,-1,Echolocation,/mnt/ubna_data_02_mir/recover-20221013/UBNA_001/20221012_030000.WAV,Telephone Field,recover-20221013,001,1795
562.7735,562.781,28046,38760,Eptesicus serotinus,0.006,0.027,-1,Echolocation,/mnt/ubna_data_02_mir/recover-20221013/UBNA_001/20221012_030000.WAV,Telephone Field,recover-20221013,001,1795
562.8135,562.8233,22890,28821,Nyctalus leisleri,0.009,0.024,-1,Echolocation,/mnt/ubna_data_02_mir/recover-20221013/UBNA_001/20221012_030000.WAV,Telephone Field,recover-20221013,001,1795
562.8295,562.8391,28906,38478,Eptesicus serotinus,0.008,0.021,-1,Echolocation,/mnt/ubna_data_02_mir/recover-20221013/UBNA_001/20221012_030000.WAV,Telephone Field,recover-20221013,001,1795
562.8435,562.8529,26328,34462,Eptesicus serotinus,0.013,0.033,-1,Echolocation,/mnt/ubna_data_02_mir/recover-20221013/UBNA_001/20221012_030000.WAV,Telephone Field,recover-20221013,001,1795
562.8885,562.9301,68437,82657,Rhinolophus ferrumequinum,0.024,0.024,-1,Echolocation,/mnt/ubna_data_02_mir/recover-20221013/UBNA_001/20221012_030000.WAV,Telephone Field,recover-20221013,001,1795
562.9325,562.942,24609,32051,Eptesicus serotinus,0.009,0.03,-1,Echolocation,/mnt/ubna_data_02_mir/recover-20221013/UBNA_001/20221012_030000.WAV,Telephone Field,recover-20221013,001,1795
562.9345,562.9735000000001,68437,82119,Rhinolophus ferrumequinum,0.026,0.026,-1,Echolocation,/mnt/ubna_data_02_mir/recover-20221013/UBNA_001/20221012_030000.WAV,Telephone Field,recover-20221013,001,1795
562.9545,562.9639,25468,34453,Eptesicus serotinus,0.008,0.024,-1,Echolocation,/mnt/ubna_data_02_mir/recover-20221013/UBNA_001/20221012_030000.WAV,Telephone Field,recover-20221013,001,1795
562.9705,563.011,68437,83187,Rhinolophus ferrumequinum,0.026,0.026,-1,Echolocation,/mnt/ubna_data_02_mir/recover-20221013/UBNA_001/20221012_030000.WAV,Telephone Field,recover-20221013,001,1795
562.9755,562.9815,28906,39282,Eptesicus serotinus,0.007,0.026,-1,Echolocation,/mnt/ubna_data_02_mir/recover-20221013/UBNA_001/20221012_030000.WAV,Telephone Field,recover-20221013,001,1795
563.0085,563.0248,20312,23556,Nyctalus leisleri,0.015,0.024,-1,Echolocation,/mnt/ubna_data_02_mir/recover-20221013/UBNA_001/20221012_030000.WAV,Telephone Field,recover-20221013,001,1795
563.0325,563.0394,24609,34021,Plecotus austriacus,0.015,0.032,-1,Echolocation,/mnt/ubna_data_02_mir/recover-20221013/UBNA_001/20221012_030000.WAV,Telephone Field,recover-20221013,001,1795
563.0395,563.0735999999999,68437,81205,Rhinolophus ferrumequinum,0.022,0.022,-1,Echolocation,/mnt/ubna_data_02_mir/recover-20221013/UBNA_001/20221012_030000.WAV,Telephone Field,recover-20221013,001,1795
563.0565,563.0973,68437,83050,Rhinolophus ferrumequinum,0.023,0.023,-1,Echolocation,/mnt/ubna_data_02_mir/recover-20221013/UBNA_001/20221012_030000.WAV,Telephone Field,recover-20221013,001,1795
563.0645,563.1081,68437,83557,Rhinolophus ferrumequinum,0.025,0.025,-1,Echolocation,/mnt/ubna_data_02_mir/recover-20221013/UBNA_001/20221012_030000.WAV,Telephone Field,recover-20221013,001,1795
563.0695,563.0802,22890,28150,Nyctalus leisleri,0.01,0.022,-1,Echolocation,/mnt/ubna_data_02_mir/recover-20221013/UBNA_001/20221012_030000.WAV,Telephone Field,recover-20221013,001,1795
563.0815,563.0905,28906,38362,Eptesicus serotinus,0.008,0.022,-1,Echolocation,/mnt/ubna_data_02_mir/recover-20221013/UBNA_001/20221012_030000.WAV,Telephone Field,recover-20221013,001,1795
563.0905,563.1001,28046,36465,Eptesicus serotinus,0.008,0.021,-1,Echolocation,/mnt/ubna_data_02_mir/recover-20221013/UBNA_001/20221012_030000.WAV,Telephone Field,recover-20221013,001,1795
563.0995,563.1074,28046,39945,Eptesicus serotinus,0.008,0.024,-1,Echolocation,/mnt/ubna_data_02_mir/recover-20221013/UBNA_001/20221012_030000.WAV,Telephone Field,recover-20221013,001,1795
563.1255,563.1677,68437,82650,Rhinolophus ferrumequinum,0.025,0.025,-1,Echolocation,/mnt/ubna_data_02_mir/recover-20221013/UBNA_001/20221012_030000.WAV,Telephone Field,recover-20221013,001,1795
563.1265,563.135,24609,32700,Plecotus austriacus,0.008,0.028,-1,Echolocation,/mnt/ubna_data_02_mir/recover-20221013/UBNA_001/20221012_030000.WAV,Telephone Field,recover-20221013,001,1795
563.1345,563.1747,68437,82240,Rhinolophus ferrumequinum,0.023,0.023,-1,Echolocation,/mnt/ubna_data_02_mir/recover-20221013/UBNA_001/20221012_030000.WAV,Telephone Field,recover-20221013,001,1795
563.1415,563.1827,68437,82838,Rhinolophus ferrumequinum,0.026,0.026,-1,Echolocation,/mnt/ubna_data_02_mir/recover-20221013/UBNA_001/20221012_030000.WAV,Telephone Field,recover-20221013,001,1795
563.1575,563.1951,68437,81839,Rhinolophus ferrumequinum,0.024,0.024,-1,Echolocation,/mnt/ubna_data_02_mir/recover-20221013/UBNA_001/20221012_030000.WAV,Telephone Field,recover-20221013,001,1795
563.1665,563.1772,23750,30241,Nyctalus leisleri,0.013,0.033,-1,Echolocation,/mnt/ubna_data_02_mir/recover-20221013/UBNA_001/20221012_030000.WAV,Telephone Field,recover-20221013,001,1795
563.2285,563.2367,28906,38050,Eptesicus serotinus,0.007,0.022,-1,Echolocation,/mnt/ubna_data_02_mir/recover-20221013/UBNA_001/20221012_030000.WAV,Telephone Field,recover-20221013,001,1795
563.2295,563.2406,22890,28113,Nyctalus leisleri,0.013,0.027,-1,Echolocation,/mnt/ubna_data_02_mir/recover-20221013/UBNA_001/20221012_030000.WAV,Telephone Field,recover-20221013,001,1795
563.2515,563.2879,68437,81040,Rhinolophus ferrumequinum,0.023,0.023,-1,Echolocation,/mnt/ubna_data_02_mir/recover-20221013/UBNA_001/20221012_030000.WAV,Telephone Field,recover-20221013,001,1795
563.2705,563.3112,68437,83171,Rhinolophus ferrumequinum,0.022,0.022,-1,Echolocation,/mnt/ubna_data_02_mir/recover-20221013/UBNA_001/20221012_030000.WAV,Telephone Field,recover-20221013,001,1795
563.2764999999999,563.3183,68437,82826,Rhinolophus ferrumequinum,0.022,0.022,-1,Echolocation,/mnt/ubna_data_02_mir/recover-20221013/UBNA_001/20221012_030000.WAV,Telephone Field,recover-20221013,001,1795
563.2825,563.2907,28046,38757,Eptesicus serotinus,0.008,0.022,-1,Echolocation,/mnt/ubna_data_02_mir/recover-20221013/UBNA_001/20221012_030000.WAV,Telephone Field,recover-20221013,001,1795
563.2935,563.3031,51250,55986,Pipistrellus pipistrellus,0.02,0.026,-1,Echolocation,/mnt/ubna_data_02_mir/recover-20221013/UBNA_001/20221012_030000.WAV,Telephone Field,recover-20221013,001,1795
563.3055,563.3157,24609,30961,Nyctalus leisleri,0.009,0.022,-1,Echolocation,/mnt/ubna_data_02_mir/recover-20221013/UBNA_001/20221012_030000.WAV,Telephone Field,recover-20221013,001,1795
563.3105,563.348,68437,82133,Rhinolophus ferrumequinum,0.025,0.025,-1,Echolocation,/mnt/ubna_data_02_mir/recover-20221013/UBNA_001/20221012_030000.WAV,Telephone Field,recover-20221013,001,1795
563.3245,563.3605,68437,81440,Rhinolophus ferrumequinum,0.022,0.022,-1,Echolocation,/mnt/ubna_data_02_mir/recover-20221013/UBNA_001/20221012_030000.WAV,Telephone Field,recover-20221013,001,1795
563.3475,563.3883,68437,82527,Rhinolophus ferrumequinum,0.025,0.025,-1,Echolocation,/mnt/ubna_data_02_mir/recover-20221013/UBNA_001/20221012_030000.WAV,Telephone Field,recover-20221013,001,1795
563.3675,563.4053,68437,81644,Rhinolophus ferrumequinum,0.029,0.03,-1,Echolocation,/mnt/ubna_data_02_mir/recover-20221013/UBNA_001/20221012_030000.WAV,Telephone Field,recover-20221013,001,1795
563.3845,563.4238,68437,82235,Rhinolophus ferrumequinum,0.026,0.026,-1,Echolocation,/mnt/ubna_data_02_mir/recover-20221013/UBNA_001/20221012_030000.WAV,Telephone Field,recover-20221013,001,1795
563.4175,563.4288,27187,34656,Eptesicus serotinus,0.013,0.025,-1,Echolocation,/mnt/ubna_data_02_mir/recover-20221013/UBNA_001/20221012_030000.WAV,Telephone Field,recover-20221013,001,1795
563.4665,563.5062,68437,82600,Rhinolophus ferrumequinum,0.03,0.031,-1,Echolocation,/mnt/ubna_data_02_mir/recover-20221013/UBNA_001/20221012_030000.WAV,Telephone Field,recover-20221013,001,1795
563.4735000000001,563.482,28046,40851,Eptesicus serotinus,0.007,0.021,-1,Echolocation,/mnt/ubna_data_02_mir/recover-20221013/UBNA_001/20221012_030000.WAV,Telephone Field,recover-20221013,001,1795
563.4845,563.5234,68437,81897,Rhinolophus ferrumequinum,0.023,0.023,-1,Echolocation,/mnt/ubna_data_02_mir/recover-20221013/UBNA_001/20221012_030000.WAV,Telephone Field,recover-20221013,001,1795
563.4965,563.5358,68437,82924,Rhinolophus ferrumequinum,0.026,0.026,-1,Echolocation,/mnt/ubna_data_02_mir/recover-20221013/UBNA_001/20221012_030000.WAV,Telephone Field,recover-20221013,001,1795
563.4995,563.5106,22031,25669,Nyctalus leisleri,0.013,0.021,-1,Echolocation,/mnt/ubna_data_02_mir/recover-20221013/UBNA_001/20221012_030000.WAV,Telephone Field,recover-20221013,001,1795
563.5185,563.532,23750,28621,Nyctalus leisleri,0.154,0.285,-1,Echolocation,/mnt/ubna_data_02_mir/recover-20221013/UBNA_001/20221012_030000.WAV,Telephone Field,recover-20221013,001,1795
563.5415,563.5804,68437,82699,Rhinolophus ferrumequinum,0.038,0.038,-1,Echolocation,/mnt/ubna_data_02_mir/recover-20221013/UBNA_001/20221012_030000.WAV,Telephone Field,recover-20221013,001,1795
563.5445,563.5534,48671,53914,Pipistrellus pipistrellus,0.03,0.033,-1,Echolocation,/mnt/ubna_data_02_mir/recover-20221013/UBNA_001/20221012_030000.WAV,Telephone Field,recover-20221013,001,1795
563.5945,563.604,28046,37062,Eptesicus serotinus,0.009,0.024,-1,Echolocation,/mnt/ubna_data_02_mir/recover-20221013/UBNA_001/20221012_030000.WAV,Telephone Field,recover-20221013,001,1795
563.6235,563.6305,28906,39783,Eptesicus serotinus,0.023,0.056,-1,Echolocation,/mnt/ubna_data_02_mir/recover-20221013/UBNA_001/20221012_030000.WAV,Telephone Field,recover-20221013,001,1795
563.6535,563.6929,68437,82436,Rhinolophus ferrumequinum,0.026,0.026,-1,Echolocation,/mnt/ubna_data_02_mir/recover-20221013/UBNA_001/20221012_030000.WAV,Telephone Field,recover-20221013,001,1795
563.7145,563.7517,68437,82066,Rhinolophus ferrumequinum,0.026,0.027,-1,Echolocation,/mnt/ubna_data_02_mir/recover-20221013/UBNA_001/20221012_030000.WAV,Telephone Field,recover-20221013,001,1795
563.7395,563.775,68437,81036,Rhinolophus ferrumequinum,0.024,0.024,-1,Echolocation,/mnt/ubna_data_02_mir/recover-20221013/UBNA_001/20221012_030000.WAV,Telephone Field,recover-20221013,001,1795
563.7565,563.7944,68437,81832,Rhinolophus ferrumequinum,0.022,0.022,-1,Echolocation,/mnt/ubna_data_02_mir/recover-20221013/UBNA_001/20221012_030000.WAV,Telephone Field,recover-20221013,001,1795
563.8045,563.8437,68437,82754,Rhinolophus ferrumequinum,0.021,0.021,-1,Echolocation,/mnt/ubna_data_02_mir/recover-20221013/UBNA_001/20221012_030000.WAV,Telephone Field,recover-20221013,001,1795
563.8055,563.8129,46953,54066,Pipistrellus pipistrellus,0.022,0.023,-1,Echolocation,/mnt/ubna_data_02_mir/recover-20221013/UBNA_001/20221012_030000.WAV,Telephone Field,recover-20221013,001,1795
563.8065,563.8142,28046,41442,Eptesicus serotinus,0.007,0.022,-1,Echolocation,/mnt/ubna_data_02_mir/recover-20221013/UBNA_001/20221012_030000.WAV,Telephone Field,recover-20221013,001,1795
563.8475,563.8871,68437,82621,Rhinolophus ferrumequinum,0.023,0.023,-1,Echolocation,/mnt/ubna_data_02_mir/recover-20221013/UBNA_001/20221012_030000.WAV,Telephone Field,recover-20221013,001,1795
563.8555,563.8965,68437,82716,Rhinolophus ferrumequinum,0.022,0.023,-1,Echolocation,/mnt/ubna_data_02_mir/recover-20221013/UBNA_001/20221012_030000.WAV,Telephone Field,recover-20221013,001,1795
563.8725,563.8797,33203,42012,Myotis daubentonii,0.009,0.022,-1,Echolocation,/mnt/ubna_data_02_mir/recover-20221013/UBNA_001/20221012_030000.WAV,Telephone Field,recover-20221013,001,1795
563.8735,563.8816,23750,32963,Plecotus austriacus,0.008,0.022,-1,Echolocation,/mnt/ubna_data_02_mir/recover-20221013/UBNA_001/20221012_030000.WAV,Telephone Field,recover-20221013,001,1795
563.9075,563.9437,68437,81806,Rhinolophus ferrumequinum,0.025,0.025,-1,Echolocation,/mnt/ubna_data_02_mir/recover-20221013/UBNA_001/20221012_030000.WAV,Telephone Field,recover-20221013,001,1795
564.0015,564.0088,30625,43245,Myotis daubentonii,0.006,0.021,-1,Echolocation,/mnt/ubna_data_02_mir/recover-20221013/UBNA_001/20221012_030000.WAV,Telephone Field,recover-20221013,001,1795
564.0015,564.0341,69296,81837,Rhinolophus ferrumequinum,0.041,0.042,-1,Echolocation,/mnt/ubna_data_02_mir/recover-20221013/UBNA_001/20221012_030000.WAV,Telephone Field,recover-20221013,001,1795
564.0015,564.0110999999999,21171,29803,Nyctalus leisleri,0.01,0.029,-1,Echolocation,/mnt/ubna_data_02_mir/recover-20221013/UBNA_001/20221012_030000.WAV,Telephone Field,recover-20221013,001,1795
564.0125,564.0555,68437,82691,Rhinolophus ferrumequinum,0.023,0.023,-1,Echolocation,/mnt/ubna_data_02_mir/recover-20221013/UBNA_001/20221012_030000.WAV,Telephone Field,recover-20221013,001,1795
564.0245,564.032,50390,58220,Pipistrellus pipistrellus,0.018,0.023,-1,Echolocation,/mnt/ubna_data_02_mir/recover-20221013/UBNA_001/20221012_030000.WAV,Telephone Field,recover-20221013,001,1795
564.0745,564.0811,24609,36823,Plecotus austriacus,0.009,0.024,-1,Echolocation,/mnt/ubna_data_02_mir/recover-20221013/UBNA_001/20221012_030000.WAV,Telephone Field,recover-20221013,001,1795
564.1525,564.1915,68437,82124,Rhinolophus ferrumequinum,0.02,0.02,-1,Echolocation,/mnt/ubna_data_02_mir/recover-20221013/UBNA_001/20221012_030000.WAV,Telephone Field,recover-20221013,001,1795
564.1585,564.1958,68437,82194,Rhinolophus ferrumequinum,0.021,0.021,-1,Echolocation,/mnt/ubna_data_02_mir/recover-20221013/UBNA_001/20221012_030000.WAV,Telephone Field,recover-20221013,001,1795
564.1855,564.1944,29765,38395,Eptesicus serotinus,0.007,0.022,-1,Echolocation,/mnt/ubna_data_02_mir/recover-20221013/UBNA_001/20221012_030000.WAV,Telephone Field,recover-20221013,001,1795
564.1965,564.2359,68437,82386,Rhinolophus ferrumequinum,0.024,0.024,-1,Echolocation,/mnt/ubna_data_02_mir/recover-20221013/UBNA_001/20221012_030000.WAV,Telephone Field,recover-20221013,001,1795
564.1975,564.2078,22890,28437,Nyctalus leisleri,0.009,0.021,-1,Echolocation,/mnt/ubna_data_02_mir/recover-20221013/UBNA_001/20221012_030000.WAV,Telephone Field,recover-20221013,001,1795
564.2205,564.2317,28906,36248,Eptesicus serotinus,0.012,0.026,-1,Echolocation,/mnt/ubna_data_02_mir/recover-20221013/UBNA_001/20221012_030000.WAV,Telephone Field,recover-20221013,001,1795
564.2215,564.2328,51250,56902,Pipistrellus pipistrellus,0.029,0.037,-1,Echolocation,/mnt/ubna_data_02_mir/recover-20221013/UBNA_001/20221012_030000.WAV,Telephone Field,recover-20221013,001,1795
564.2275,564.2678,68437,82277,Rhinolophus ferrumequinum,0.02,0.02,-1,Echolocation,/mnt/ubna_data_02_mir/recover-20221013/UBNA_001/20221012_030000.WAV,Telephone Field,recover-20221013,001,1795
564.2385,564.2788,68437,82907,Rhinolophus ferrumequinum,0.023,0.023,-1,Echolocation,/mnt/ubna_data_02_mir/recover-20221013/UBNA_001/20221012_030000.WAV,Telephone Field,recover-20221013,001,1795
564.2545,564.2626,27187,38633,Eptesicus serotinus,0.008,0.024,-1,Echolocation,/mnt/ubna_data_02_mir/recover-20221013/UBNA_001/20221012_030000.WAV,Telephone Field,recover-20221013,001,1795
564.2545,564.2932,68437,82435,Rhinolophus ferrumequinum,0.024,0.024,-1,Echolocation,/mnt/ubna_data_02_mir/recover-20221013/UBNA_001/20221012_030000.WAV,Telephone Field,recover-20221013,001,1795
564.2745,564.2839,28046,36733,Eptesicus serotinus,0.015,0.029,-1,Echolocation,/mnt/ubna_data_02_mir/recover-20221013/UBNA_001/20221012_030000.WAV,Telephone Field,recover-20221013,001,1795
564.2825,564.3223,68437,82191,Rhinolophus ferrumequinum,0.021,0.021,-1,Echolocation,/mnt/ubna_data_02_mir/recover-20221013/UBNA_001/20221012_030000.WAV,Telephone Field,recover-20221013,001,1795
564.3035,564.341,68437,82367,Rhinolophus ferrumequinum,0.024,0.024,-1,Echolocation,/mnt/ubna_data_02_mir/recover-20221013/UBNA_001/20221012_030000.WAV,Telephone Field,recover-20221013,001,1795
564.3085,564.3182,25468,32319,Eptesicus serotinus,0.008,0.024,-1,Echolocation,/mnt/ubna_data_02_mir/recover-20221013/UBNA_001/20221012_030000.WAV,Telephone Field,recover-20221013,001,1795
564.3655,564.372,28046,48094,Myotis daubentonii,0.006,0.021,-1,Echolocation,/mnt/ubna_data_02_mir/recover-20221013/UBNA_001/20221012_030000.WAV,Telephone Field,recover-20221013,001,1795
564.3685,564.4032,68437,82215,Rhinolophus ferrumequinum,0.021,0.021,-1,Echolocation,/mnt/ubna_data_02_mir/recover-20221013/UBNA_001/20221012_030000.WAV,Telephone Field,recover-20221013,001,1795
564.3835,564.4183,68437,80892,Rhinolophus ferrumequinum,0.022,0.022,-1,Echolocation,/mnt/ubna_data_02_mir/recover-20221013/UBNA_001/20221012_030000.WAV,Telephone Field,recover-20221013,001,1795
564.3925,564.4269,68437,80477,Rhinolophus ferrumequinum,0.021,0.021,-1,Echolocation,/mnt/ubna_data_02_mir/recover-20221013/UBNA_001/20221012_030000.WAV,Telephone Field,recover-20221013,001,1795
564.4165,564.4512,68437,81382,Rhinolophus ferrumequinum,0.022,0.022,-1,Echolocation,/mnt/ubna_data_02_mir/recover-20221013/UBNA_001/20221012_030000.WAV,Telephone Field,recover-20221013,001,1795
564.4935,564.5307,68437,82003,Rhinolophus ferrumequinum,0.026,0.026,-1,Echolocation,/mnt/ubna_data_02_mir/recover-20221013/UBNA_001/20221012_030000.WAV,Telephone Field,recover-20221013,001,1795
564.5065,564.5155,28046,36203,Eptesicus serotinus,0.012,0.027,-1,Echolocation,/mnt/ubna_data_02_mir/recover-20221013/UBNA_001/20221012_030000.WAV,Telephone Field,recover-20221013,001,1795
564.5115,564.5532,68437,82819,Rhinolophus ferrumequinum,0.022,0.022,-1,Echolocation,/mnt/ubna_data_02_mir/recover-20221013/UBNA_001/20221012_030000.WAV,Telephone Field,recover-20221013,001,1795
564.5295,564.5467,21171,24774,Nyctalus leisleri,0.017,0.029,-1,Echolocation,/mnt/ubna_data_02_mir/recover-20221013/UBNA_001/20221012_030000.WAV,Telephone Field,recover-20221013,001,1795
564.5345,564.5481,45234,48177,Pipistrellus pipistrellus,0.045,0.049,-1,Echolocation,/mnt/ubna_data_02_mir/recover-20221013/UBNA_001/20221012_030000.WAV,Telephone Field,recover-20221013,001,1795
564.5375,564.5602,18593,21255,Nyctalus leisleri,0.013,0.026,-1,Echolocation,/mnt/ubna_data_02_mir/recover-20221013/UBNA_001/20221012_030000.WAV,Telephone Field,recover-20221013,001,1795
564.5425,564.5784,68437,80834,Rhinolophus ferrumequinum,0.02,0.02,-1,Echolocation,/mnt/ubna_data_02_mir/recover-20221013/UBNA_001/20221012_030000.WAV,Telephone Field,recover-20221013,001,1795
564.5515,564.5912,68437,81727,Rhinolophus ferrumequinum,0.022,0.022,-1,Echolocation,/mnt/ubna_data_02_mir/recover-20221013/UBNA_001/20221012_030000.WAV,Telephone Field,recover-20221013,001,1795
564.5685,564.6032,68437,81160,Rhinolophus ferrumequinum,0.02,0.02,-1,Echolocation,/mnt/ubna_data_02_mir/recover-20221013/UBNA_001/20221012_030000.WAV,Telephone Field,recover-20221013,001,1795
564.5705,564.5811,28906,36633,Eptesicus serotinus,0.01,0.023,-1,Echolocation,/mnt/ubna_data_02_mir/recover-20221013/UBNA_001/20221012_030000.WAV,Telephone Field,recover-20221013,001,1795
564.5825,564.619,68437,81299,Rhinolophus ferrumequinum,0.022,0.022,-1,Echolocation,/mnt/ubna_data_02_mir/recover-20221013/UBNA_001/20221012_030000.WAV,Telephone Field,recover-20221013,001,1795
564.5955,564.6047,26328,34863,Eptesicus serotinus,0.009,0.023,-1,Echolocation,/mnt/ubna_data_02_mir/recover-20221013/UBNA_001/20221012_030000.WAV,Telephone Field,recover-20221013,001,1795
564.6265,564.6667,68437,82559,Rhinolophus ferrumequinum,0.026,0.026,-1,Echolocation,/mnt/ubna_data_02_mir/recover-20221013/UBNA_001/20221012_030000.WAV,Telephone Field,recover-20221013,001,1795
564.6315,564.6707,68437,83036,Rhinolophus ferrumequinum,0.027,0.027,-1,Echolocation,/mnt/ubna_data_02_mir/recover-20221013/UBNA_001/20221012_030000.WAV,Telephone Field,recover-20221013,001,1795
564.6575,564.697,68437,82422,Rhinolophus ferrumequinum,0.022,0.022,-1,Echolocation,/mnt/ubna_data_02_mir/recover-20221013/UBNA_001/20221012_030000.WAV,Telephone Field,recover-20221013,001,1795
564.6755,564.7149,68437,81808,Rhinolophus ferrumequinum,0.021,0.021,-1,Echolocation,/mnt/ubna_data_02_mir/recover-20221013/UBNA_001/20221012_030000.WAV,Telephone Field,recover-20221013,001,1795
564.7165,564.7244,27187,40420,Eptesicus serotinus,0.006,0.02,-1,Echolocation,/mnt/ubna_data_02_mir/recover-20221013/UBNA_001/20221012_030000.WAV,Telephone Field,recover-20221013,001,1795
564.7205,564.7610999999999,68437,82278,Rhinolophus ferrumequinum,0.027,0.027,-1,Echolocation,/mnt/ubna_data_02_mir/recover-20221013/UBNA_001/20221012_030000.WAV,Telephone Field,recover-20221013,001,1795
564.7525,564.7593,50390,58822,Pipistrellus pipistrellus,0.017,0.021,-1,Echolocation,/mnt/ubna_data_02_mir/recover-20221013/UBNA_001/20221012_030000.WAV,Telephone Field,recover-20221013,001,1795
564.7775,564.8174,68437,81912,Rhinolophus ferrumequinum,0.021,0.021,-1,Echolocation,/mnt/ubna_data_02_mir/recover-20221013/UBNA_001/20221012_030000.WAV,Telephone Field,recover-20221013,001,1795
564.8375,564.8514,23750,28802,Nyctalus leisleri,0.013,0.028,-1,Echolocation,/mnt/ubna_data_02_mir/recover-20221013/UBNA_001/20221012_030000.WAV,Telephone Field,recover-20221013,001,1795
564.8445,564.8792,68437,81316,Rhinolophus ferrumequinum,0.021,0.021,-1,Echolocation,/mnt/ubna_data_02_mir/recover-20221013/UBNA_001/20221012_030000.WAV,Telephone Field,recover-20221013,001,1795
564.8485000000001,564.8583,46093,52759,Pipistrellus pipistrellus,0.025,0.027,-1,Echolocation,/mnt/ubna_data_02_mir/recover-20221013/UBNA_001/20221012_030000.WAV,Telephone Field,recover-20221013,001,1795
564.8675,564.8842,22031,25824,Nyctalus leisleri,0.015,0.025,-1,Echolocation,/mnt/ubna_data_02_mir/recover-20221013/UBNA_001/20221012_030000.WAV,Telephone Field,recover-20221013,001,1795
564.8995,564.9377,68437,82237,Rhinolophus ferrumequinum,0.023,0.023,-1,Echolocation,/mnt/ubna_data_02_mir/recover-20221013/UBNA_001/20221012_030000.WAV,Telephone Field,recover-20221013,001,1795
564.9335,564.9718,68437,82233,Rhinolophus ferrumequinum,0.021,0.021,-1,Echolocation,/mnt/ubna_data_02_mir/recover-20221013/UBNA_001/20221012_030000.WAV,Telephone Field,recover-20221013,001,1795
564.9345,564.9402,34062,46279,Myotis daubentonii,0.013,0.028,-1,Echolocation,/mnt/ubna_data_02_mir/recover-20221013/UBNA_001/20221012_030000.WAV,Telephone Field,recover-20221013,001,1795
564.9355,564.943,26328,39864,Eptesicus serotinus,0.007,0.024,-1,Echolocation,/mnt/ubna_data_02_mir/recover-20221013/UBNA_001/20221012_030000.WAV,Telephone Field,recover-20221013,001,1795
564.9415,564.977,68437,81870,Rhinolophus ferrumequinum,0.021,0.021,-1,Echolocation,/mnt/ubna_data_02_mir/recover-20221013/UBNA_001/20221012_030000.WAV,Telephone Field,recover-20221013,001,1795
564.9615,564.9971,68437,81523,Rhinolophus ferrumequinum,0.021,0.021,-1,Echolocation,/mnt/ubna_data_02_mir/recover-20221013/UBNA_001/20221012_030000.WAV,Telephone Field,recover-20221013,001,1795
564.9665,564.9723,49531,55727,Pipistrellus pipistrellus,0.025,0.027,-1,Echolocation,/mnt/ubna_data_02_mir/recover-20221013/UBNA_001/20221012_030000.WAV,Telephone Field,recover-20221013,001,1795
564.9725,565.0104,68437,82098,Rhinolophus ferrumequinum,0.02,0.02,-1,Echolocation,/mnt/ubna_data_02_mir/recover-20221013/UBNA_001/20221012_030000.WAV,Telephone Field,recover-20221013,001,1795
565.0105,565.0189,28046,39107,Eptesicus serotinus,0.008,0.026,-1,Echolocation,/mnt/ubna_data_02_mir/recover-20221013/UBNA_001/20221012_030000.WAV,Telephone Field,recover-20221013,001,1795
565.0105,565.0466,68437,81384,Rhinolophus ferrumequinum,0.021,0.021,-1,Echolocation,/mnt/ubna_data_02_mir/recover-20221013/UBNA_001/20221012_030000.WAV,Telephone Field,recover-20221013,001,1795
565.0195,565.0332,22890,26377,Nyctalus leisleri,0.014,0.023,-1,Echolocation,/mnt/ubna_data_02_mir/recover-20221013/UBNA_001/20221012_030000.WAV,Telephone Field,recover-20221013,001,1795
565.0485,565.0864,68437,81068,Rhinolophus ferrumequinum,0.021,0.021,-1,Echolocation,/mnt/ubna_data_02_mir/recover-20221013/UBNA_001/20221012_030000.WAV,Telephone Field,recover-20221013,001,1795
565.0485,565.0591,22031,27624,Nyctalus leisleri,0.009,0.022,-1,Echolocation,/mnt/ubna_data_02_mir/recover-20221013/UBNA_001/20221012_030000.WAV,Telephone Field,recover-20221013,001,1795
565.0855,565.1245,68437,82171,Rhinolophus ferrumequinum,0.021,0.021,-1,Echolocation,/mnt/ubna_data_02_mir/recover-20221013/UBNA_001/20221012_030000.WAV,Telephone Field,recover-20221013,001,1795
565.1415,565.1504,27187,36197,Eptesicus serotinus,0.007,0.021,-1,Echolocation,/mnt/ubna_data_02_mir/recover-20221013/UBNA_001/20221012_030000.WAV,Telephone Field,recover-20221013,001,1795
565.1525,565.1921,68437,82410,Rhinolophus ferrumequinum,0.029,0.029,-1,Echolocation,/mnt/ubna_data_02_mir/recover-20221013/UBNA_001/20221012_030000.WAV,Telephone Field,recover-20221013,001,1795
565.1745,565.184,28906,39619,Eptesicus serotinus,0.008,0.021,-1,Echolocation,/mnt/ubna_data_02_mir/recover-20221013/UBNA_001/20221012_030000.WAV,Telephone Field,recover-20221013,001,1795
565.1755,565.1841,24609,33268,Plecotus austriacus,0.006,0.021,-1,Echolocation,/mnt/ubna_data_02_mir/recover-20221013/UBNA_001/20221012_030000.WAV,Telephone Field,recover-20221013,001,1795
565.2035,565.2388,68437,81330,Rhinolophus ferrumequinum,0.02,0.02,-1,Echolocation,/mnt/ubna_data_02_mir/recover-20221013/UBNA_001/20221012_030000.WAV,Telephone Field,recover-20221013,001,1795
565.2155,565.2252,27187,35758,Eptesicus serotinus,0.011,0.024,-1,Echolocation,/mnt/ubna_data_02_mir/recover-20221013/UBNA_001/20221012_030000.WAV,Telephone Field,recover-20221013,001,1795
565.2165,565.2538,68437,81880,Rhinolophus ferrumequinum,0.024,0.024,-1,Echolocation,/mnt/ubna_data_02_mir/recover-20221013/UBNA_001/20221012_030000.WAV,Telephone Field,recover-20221013,001,1795
565.2255,565.2338,25468,37830,Eptesicus serotinus,0.006,0.021,-1,Echolocation,/mnt/ubna_data_02_mir/recover-20221013/UBNA_001/20221012_030000.WAV,Telephone Field,recover-20221013,001,1795
565.2465,565.2554,22031,28273,Plecotus austriacus,0.009,0.021,-1,Echolocation,/mnt/ubna_data_02_mir/recover-20221013/UBNA_001/20221012_030000.WAV,Telephone Field,recover-20221013,001,1795
565.2465,565.2532,28046,39637,Eptesicus serotinus,0.006,0.022,-1,Echolocation,/mnt/ubna_data_02_mir/recover-20221013/UBNA_001/20221012_030000.WAV,Telephone Field,recover-20221013,001,1795
565.2495,565.2897,68437,82367,Rhinolophus ferrumequinum,0.028,0.028,-1,Echolocation,/mnt/ubna_data_02_mir/recover-20221013/UBNA_001/20221012_030000.WAV,Telephone Field,recover-20221013,001,1795
565.2695,565.2794,27187,37394,Eptesicus serotinus,0.011,0.025,-1,Echolocation,/mnt/ubna_data_02_mir/recover-20221013/UBNA_001/20221012_030000.WAV,Telephone Field,recover-20221013,001,1795
565.2815,565.2909,29765,37317,Eptesicus serotinus,0.008,0.022,-1,Echolocation,/mnt/ubna_data_02_mir/recover-20221013/UBNA_001/20221012_030000.WAV,Telephone Field,recover-20221013,001,1795
565.2875,565.3216,68437,80603,Rhinolophus ferrumequinum,0.024,0.024,-1,Echolocation,/mnt/ubna_data_02_mir/recover-20221013/UBNA_001/20221012_030000.WAV,Telephone Field,recover-20221013,001,1795
565.3255,565.3323,27187,42041,Eptesicus serotinus,0.006,0.022,-1,Echolocation,/mnt/ubna_data_02_mir/recover-20221013/UBNA_001/20221012_030000.WAV,Telephone Field,recover-20221013,001,1795
565.3475,565.3859,68437,82196,Rhinolophus ferrumequinum,0.021,0.021,-1,Echolocation,/mnt/ubna_data_02_mir/recover-20221013/UBNA_001/20221012_030000.WAV,Telephone Field,recover-20221013,001,1795
565.3495,565.3586,28046,37886,Eptesicus serotinus,0.009,0.023,-1,Echolocation,/mnt/ubna_data_02_mir/recover-20221013/UBNA_001/20221012_030000.WAV,Telephone Field,recover-20221013,001,1795
565.3525,565.3881,68437,82426,Rhinolophus ferrumequinum,0.022,0.022,-1,Echolocation,/mnt/ubna_data_02_mir/recover-20221013/UBNA_001/20221012_030000.WAV,Telephone Field,recover-20221013,001,1795
565.3835,565.393,44375,52010,Pipistrellus pipistrellus,0.019,0.027,-1,Echolocation,/mnt/ubna_data_02_mir/recover-20221013/UBNA_001/20221012_030000.WAV,Telephone Field,recover-20221013,001,1795
565.3895,565.4261,68437,81477,Rhinolophus ferrumequinum,0.022,0.022,-1,Echolocation,/mnt/ubna_data_02_mir/recover-20221013/UBNA_001/20221012_030000.WAV,Telephone Field,recover-20221013,001,1795
565.4014999999999,565.4123,23750,30015,Nyctalus leisleri,0.013,0.03,-1,Echolocation,/mnt/ubna_data_02_mir/recover-20221013/UBNA_001/20221012_030000.WAV,Telephone Field,recover-20221013,001,1795
565.4095,565.4221,22890,26703,Nyctalus leisleri,0.024,0.04,-1,Echolocation,/mnt/ubna_data_02_mir/recover-20221013/UBNA_001/20221012_030000.WAV,Telephone Field,recover-20221013,001,1795
565.4455,565.4879,68437,83100,Rhinolophus ferrumequinum,0.027,0.027,-1,Echolocation,/mnt/ubna_data_02_mir/recover-20221013/UBNA_001/20221012_030000.WAV,Telephone Field,recover-20221013,001,1795
565.4515,565.4571,34921,42660,Myotis daubentonii,0.011,0.028,-1,Echolocation,/mnt/ubna_data_02_mir/recover-20221013/UBNA_001/20221012_030000.WAV,Telephone Field,recover-20221013,001,1795
565.4585,565.4731,22890,26453,Nyctalus leisleri,0.033,0.053,-1,Echolocation,/mnt/ubna_data_02_mir/recover-20221013/UBNA_001/20221012_030000.WAV,Telephone Field,recover-20221013,001,1795
565.4725,565.481,28046,39430,Eptesicus serotinus,0.007,0.021,-1,Echolocation,/mnt/ubna_data_02_mir/recover-20221013/UBNA_001/20221012_030000.WAV,Telephone Field,recover-20221013,001,1795
565.4985,565.5055,24609,36849,Plecotus austriacus,0.007,0.023,-1,Echolocation,/mnt/ubna_data_02_mir/recover-20221013/UBNA_001/20221012_030000.WAV,Telephone Field,recover-20221013,001,1795
565.5175,565.5562,68437,82144,Rhinolophus ferrumequinum,0.023,0.023,-1,Echolocation,/mnt/ubna_data_02_mir/recover-20221013/UBNA_001/20221012_030000.WAV,Telephone Field,recover-20221013,001,1795
565.5264999999999,565.5351,28046,37919,Eptesicus serotinus,0.009,0.024,-1,Echolocation,/mnt/ubna_data_02_mir/recover-20221013/UBNA_001/20221012_030000.WAV,Telephone Field,recover-20221013,001,1795
565.5305,565.5458,14296,18297,Nyctalus noctula,0.035,0.051,-1,Echolocation,/mnt/ubna_data_02_mir/recover-20221013/UBNA_001/20221012_030000.WAV,Telephone Field,recover-20221013,001,1795
565.5495,565.5578,23750,30682,Plecotus austriacus,0.009,0.023,-1,Echolocation,/mnt/ubna_data_02_mir/recover-20221013/UBNA_001/20221012_030000.WAV,Telephone Field,recover-20221013,001,1795
565.5555,565.5942,68437,82027,Rhinolophus ferrumequinum,0.026,0.026,-1,Echolocation,/mnt/ubna_data_02_mir/recover-20221013/UBNA_001/20221012_030000.WAV,Telephone Field,recover-20221013,001,1795
565.5695,565.6096,68437,82802,Rhinolophus ferrumequinum,0.031,0.031,-1,Echolocation,/mnt/ubna_data_02_mir/recover-20221013/UBNA_001/20221012_030000.WAV,Telephone Field,recover-20221013,001,1795
565.5825,565.5931,27187,34121,Eptesicus serotinus,0.014,0.03,-1,Echolocation,/mnt/ubna_data_02_mir/recover-20221013/UBNA_001/20221012_030000.WAV,Telephone Field,recover-20221013,001,1795
565.5955,565.637,68437,82056,Rhinolophus ferrumequinum,0.023,0.023,-1,Echolocation,/mnt/ubna_data_02_mir/recover-20221013/UBNA_001/20221012_030000.WAV,Telephone Field,recover-20221013,001,1795
565.6165,565.655,68437,82022,Rhinolophus ferrumequinum,0.021,0.021,-1,Echolocation,/mnt/ubna_data_02_mir/recover-20221013/UBNA_001/20221012_030000.WAV,Telephone Field,recover-20221013,001,1795
565.6205,565.6297,28046,37708,Eptesicus serotinus,0.008,0.021,-1,Echolocation,/mnt/ubna_data_02_mir/recover-20221013/UBNA_001/20221012_030000.WAV,Telephone Field,recover-20221013,001,1795
565.6225,565.6615,68437,82644,Rhinolophus ferrumequinum,0.023,0.023,-1,Echolocation,/mnt/ubna_data_02_mir/recover-20221013/UBNA_001/20221012_030000.WAV,Telephone Field,recover-20221013,001,1795
565.6585,565.6923,68437,80546,Rhinolophus ferrumequinum,0.022,0.022,-1,Echolocation,/mnt/ubna_data_02_mir/recover-20221013/UBNA_001/20221012_030000.WAV,Telephone Field,recover-20221013,001,1795
565.6755,565.7159,68437,82497,Rhinolophus ferrumequinum,0.031,0.031,-1,Echolocation,/mnt/ubna_data_02_mir/recover-20221013/UBNA_001/20221012_030000.WAV,Telephone Field,recover-20221013,001,1795
565.7195,565.7593,68437,81957,Rhinolophus ferrumequinum,0.021,0.021,-1,Echolocation,/mnt/ubna_data_02_mir/recover-20221013/UBNA_001/20221012_030000.WAV,Telephone Field,recover-20221013,001,1795
565.7205,565.7306,22890,28820,Nyctalus leisleri,0.01,0.024,-1,Echolocation,/mnt/ubna_data_02_mir/recover-20221013/UBNA_001/20221012_030000.WAV,Telephone Field,recover-20221013,001,1795
565.7295,565.7459,21171,23864,Nyctalus leisleri,0.016,0.024,-1,Echolocation,/mnt/ubna_data_02_mir/recover-20221013/UBNA_001/20221012_030000.WAV,Telephone Field,recover-20221013,001,1795
565.7605,565.8055,68437,83320,Rhinolophus ferrumequinum,0.032,0.032,-1,Echolocation,/mnt/ubna_data_02_mir/recover-20221013/UBNA_001/20221012_030000.WAV,Telephone Field,recover-20221013,001,1795
565.8355,565.8769,68437,82879,Rhinolophus ferrumequinum,0.03,0.03,-1,Echolocation,/mnt/ubna_data_02_mir/recover-20221013/UBNA_001/20221012_030000.WAV,Telephone Field,recover-20221013,001,1795
565.8615,565.8725,23750,28774,Nyctalus leisleri,0.01,0.021,-1,Echolocation,/mnt/ubna_data_02_mir/recover-20221013/UBNA_001/20221012_030000.WAV,Telephone Field,recover-20221013,001,1795
565.8675,565.8754,27187,38414,Eptesicus serotinus,0.006,0.021,-1,Echolocation,/mnt/ubna_data_02_mir/recover-20221013/UBNA_001/20221012_030000.WAV,Telephone Field,recover-20221013,001,1795
565.8695,565.9048,68437,80581,Rhinolophus ferrumequinum,0.021,0.021,-1,Echolocation,/mnt/ubna_data_02_mir/recover-20221013/UBNA_001/20221012_030000.WAV,Telephone Field,recover-20221013,001,1795
565.8925,565.9264000000001,68437,80722,Rhinolophus ferrumequinum,0.025,0.025,-1,Echolocation,/mnt/ubna_data_02_mir/recover-20221013/UBNA_001/20221012_030000.WAV,Telephone Field,recover-20221013,001,1795
565.9425,565.962,20312,23509,Nyctalus leisleri,0.018,0.034,-1,Echolocation,/mnt/ubna_data_02_mir/recover-20221013/UBNA_001/20221012_030000.WAV,Telephone Field,recover-20221013,001,1795
565.9435,565.9841,68437,82202,Rhinolophus ferrumequinum,0.022,0.022,-1,Echolocation,/mnt/ubna_data_02_mir/recover-20221013/UBNA_001/20221012_030000.WAV,Telephone Field,recover-20221013,001,1795
565.9565,565.966,28906,37158,Eptesicus serotinus,0.01,0.024,-1,Echolocation,/mnt/ubna_data_02_mir/recover-20221013/UBNA_001/20221012_030000.WAV,Telephone Field,recover-20221013,001,1795
566.0015,566.0105,24609,32294,Nyctalus leisleri,0.01,0.028,-1,Echolocation,/mnt/ubna_data_02_mir/recover-20221013/UBNA_001/20221012_030000.WAV,Telephone Field,recover-20221013,001,1795
566.0015,566.0294,69296,81051,Rhinolophus ferrumequinum,0.039,0.039,-1,Echolocation,/mnt/ubna_data_02_mir/recover-20221013/UBNA_001/20221012_030000.WAV,Telephone Field,recover-20221013,001,1795
566.0015,566.0109,46953,54269,Pipistrellus pipistrellus,0.023,0.029,-1,Echolocation,/mnt/ubna_data_02_mir/recover-20221013/UBNA_001/20221012_030000.WAV,Telephone Field,recover-20221013,001,1795
566.0135,566.0543,68437,82322,Rhinolophus ferrumequinum,0.021,0.021,-1,Echolocation,/mnt/ubna_data_02_mir/recover-20221013/UBNA_001/20221012_030000.WAV,Telephone Field,recover-20221013,001,1795
566.1065,566.1163,23750,30448,Nyctalus leisleri,0.008,0.023,-1,Echolocation,/mnt/ubna_data_02_mir/recover-20221013/UBNA_001/20221012_030000.WAV,Telephone Field,recover-20221013,001,1795
566.1945,566.203,27187,39549,Eptesicus serotinus,0.008,0.021,-1,Echolocation,/mnt/ubna_data_02_mir/recover-20221013/UBNA_001/20221012_030000.WAV,Telephone Field,recover-20221013,001,1795
566.1955,566.2361,68437,82649,Rhinolophus ferrumequinum,0.022,0.022,-1,Echolocation,/mnt/ubna_data_02_mir/recover-20221013/UBNA_001/20221012_030000.WAV,Telephone Field,recover-20221013,001,1795
566.2355,566.2742,68437,82285,Rhinolophus ferrumequinum,0.022,0.022,-1,Echolocation,/mnt/ubna_data_02_mir/recover-20221013/UBNA_001/20221012_030000.WAV,Telephone Field,recover-20221013,001,1795
566.2565,566.2944,68437,82163,Rhinolophus ferrumequinum,0.022,0.022,-1,Echolocation,/mnt/ubna_data_02_mir/recover-20221013/UBNA_001/20221012_030000.WAV,Telephone Field,recover-20221013,001,1795
566.2985,566.338,68437,82177,Rhinolophus ferrumequinum,0.021,0.021,-1,Echolocation,/mnt/ubna_data_02_mir/recover-20221013/UBNA_001/20221012_030000.WAV,Telephone Field,recover-20221013,001,1795
566.3275,566.3677,68437,82055,Rhinolophus ferrumequinum,0.035,0.035,-1,Echolocation,/mnt/ubna_data_02_mir/recover-20221013/UBNA_001/20221012_030000.WAV,Telephone Field,recover-20221013,001,1795
566.3825,566.3907,27187,39187,Eptesicus serotinus,0.008,0.024,-1,Echolocation,/mnt/ubna_data_02_mir/recover-20221013/UBNA_001/20221012_030000.WAV,Telephone Field,recover-20221013,001,1795
566.3845,566.4271,68437,82577,Rhinolophus ferrumequinum,0.021,0.022,-1,Echolocation,/mnt/ubna_data_02_mir/recover-20221013/UBNA_001/20221012_030000.WAV,Telephone Field,recover-20221013,001,1795
566.3925,566.4314,68437,83014,Rhinolophus ferrumequinum,0.027,0.027,-1,Echolocation,/mnt/ubna_data_02_mir/recover-20221013/UBNA_001/20221012_030000.WAV,Telephone Field,recover-20221013,001,1795
566.4235,566.4325,28046,38214,Eptesicus serotinus,0.008,0.022,-1,Echolocation,/mnt/ubna_data_02_mir/recover-20221013/UBNA_001/20221012_030000.WAV,Telephone Field,recover-20221013,001,1795
566.4355,566.4749,68437,82922,Rhinolophus ferrumequinum,0.026,0.026,-1,Echolocation,/mnt/ubna_data_02_mir/recover-20221013/UBNA_001/20221012_030000.WAV,Telephone Field,recover-20221013,001,1795
566.4995,566.5368,68437,82176,Rhinolophus ferrumequinum,0.021,0.021,-1,Echolocation,/mnt/ubna_data_02_mir/recover-20221013/UBNA_001/20221012_030000.WAV,Telephone Field,recover-20221013,001,1795
566.5685,566.5758,28046,36924,Eptesicus serotinus,0.006,0.021,-1,Echolocation,/mnt/ubna_data_02_mir/recover-20221013/UBNA_001/20221012_030000.WAV,Telephone Field,recover-20221013,001,1795
566.6305,566.6388,28046,38705,Eptesicus serotinus,0.007,0.021,-1,Echolocation,/mnt/ubna_data_02_mir/recover-20221013/UBNA_001/20221012_030000.WAV,Telephone Field,recover-20221013,001,1795
566.6465,566.6576,25468,31715,Eptesicus serotinus,0.01,0.023,-1,Echolocation,/mnt/ubna_data_02_mir/recover-20221013/UBNA_001/20221012_030000.WAV,Telephone Field,recover-20221013,001,1795
566.6495,566.6566,51250,55720,Pipistrellus pipistrellus,0.03,0.035,-1,Echolocation,/mnt/ubna_data_02_mir/recover-20221013/UBNA_001/20221012_030000.WAV,Telephone Field,recover-20221013,001,1795
566.6725,566.6837,23750,28562,Nyctalus leisleri,0.013,0.025,-1,Echolocation,/mnt/ubna_data_02_mir/recover-20221013/UBNA_001/20221012_030000.WAV,Telephone Field,recover-20221013,001,1795
566.6755,566.7167,68437,82678,Rhinolophus ferrumequinum,0.041,0.041,-1,Echolocation,/mnt/ubna_data_02_mir/recover-20221013/UBNA_001/20221012_030000.WAV,Telephone Field,recover-20221013,001,1795
566.6935,566.7015,28046,37244,Eptesicus serotinus,0.007,0.023,-1,Echolocation,/mnt/ubna_data_02_mir/recover-20221013/UBNA_001/20221012_030000.WAV,Telephone Field,recover-20221013,001,1795
566.7125,566.7229,28046,38812,Eptesicus serotinus,0.01,0.023,-1,Echolocation,/mnt/ubna_data_02_mir/recover-20221013/UBNA_001/20221012_030000.WAV,Telephone Field,recover-20221013,001,1795
566.7175,566.7557,68437,82225,Rhinolophus ferrumequinum,0.022,0.022,-1,Echolocation,/mnt/ubna_data_02_mir/recover-20221013/UBNA_001/20221012_030000.WAV,Telephone Field,recover-20221013,001,1795
566.7695,566.8094,68437,83277,Rhinolophus ferrumequinum,0.031,0.031,-1,Echolocation,/mnt/ubna_data_02_mir/recover-20221013/UBNA_001/20221012_030000.WAV,Telephone Field,recover-20221013,001,1795
566.8585,566.8665,28046,39876,Eptesicus serotinus,0.008,0.025,-1,Echolocation,/mnt/ubna_data_02_mir/recover-20221013/UBNA_001/20221012_030000.WAV,Telephone Field,recover-20221013,001,1795
566.8615,566.9019,68437,82785,Rhinolophus ferrumequinum,0.027,0.027,-1,Echolocation,/mnt/ubna_data_02_mir/recover-20221013/UBNA_001/20221012_030000.WAV,Telephone Field,recover-20221013,001,1795
566.9005,566.9384,68437,81791,Rhinolophus ferrumequinum,0.036,0.036,-1,Echolocation,/mnt/ubna_data_02_mir/recover-20221013/UBNA_001/20221012_030000.WAV,Telephone Field,recover-20221013,001,1795
566.9165,566.9565,68437,82654,Rhinolophus ferrumequinum,0.023,0.023,-1,Echolocation,/mnt/ubna_data_02_mir/recover-20221013/UBNA_001/20221012_030000.WAV,Telephone Field,recover-20221013,001,1795
566.9225,566.9611,68437,82141,Rhinolophus ferrumequinum,0.022,0.022,-1,Echolocation,/mnt/ubna_data_02_mir/recover-20221013/UBNA_001/20221012_030000.WAV,Telephone Field,recover-20221013,001,1795
566.9365,566.9755,68437,82026,Rhinolophus ferrumequinum,0.022,0.022,-1,Echolocation,/mnt/ubna_data_02_mir/recover-20221013/UBNA_001/20221012_030000.WAV,Telephone Field,recover-20221013,001,1795
566.9485,566.9888,68437,83134,Rhinolophus ferrumequinum,0.024,0.024,-1,Echolocation,/mnt/ubna_data_02_mir/recover-20221013/UBNA_001/20221012_030000.WAV,Telephone Field,recover-20221013,001,1795
566.9915,567.0267,68437,81219,Rhinolophus ferrumequinum,0.023,0.023,-1,Echolocation,/mnt/ubna_data_02_mir/recover-20221013/UBNA_001/20221012_030000.WAV,Telephone Field,recover-20221013,001,1795
566.9925,567.001,28046,39382,Eptesicus serotinus,0.01,0.026,-1,Echolocation,/mnt/ubna_data_02_mir/recover-20221013/UBNA_001/20221012_030000.WAV,Telephone Field,recover-20221013,001,1795
567.0185,567.0267,27187,38394,Eptesicus serotinus,0.007,0.022,-1,Echolocation,/mnt/ubna_data_02_mir/recover-20221013/UBNA_001/20221012_030000.WAV,Telephone Field,recover-20221013,001,1795
567.0235,567.0326,28046,38054,Eptesicus serotinus,0.009,0.022,-1,Echolocation,/mnt/ubna_data_02_mir/recover-20221013/UBNA_001/20221012_030000.WAV,Telephone Field,recover-20221013,001,1795
567.0264999999999,567.0354,35781,41775,Barbastellus barbastellus,0.01,0.027,-1,Echolocation,/mnt/ubna_data_02_mir/recover-20221013/UBNA_001/20221012_030000.WAV,Telephone Field,recover-20221013,001,1795
567.0495,567.0864,68437,81468,Rhinolophus ferrumequinum,0.022,0.022,-1,Echolocation,/mnt/ubna_data_02_mir/recover-20221013/UBNA_001/20221012_030000.WAV,Telephone Field,recover-20221013,001,1795
567.0535,567.0617,28046,39451,Eptesicus serotinus,0.007,0.021,-1,Echolocation,/mnt/ubna_data_02_mir/recover-20221013/UBNA_001/20221012_030000.WAV,Telephone Field,recover-20221013,001,1795
567.0805,567.0903,22890,28703,Nyctalus leisleri,0.009,0.021,-1,Echolocation,/mnt/ubna_data_02_mir/recover-20221013/UBNA_001/20221012_030000.WAV,Telephone Field,recover-20221013,001,1795
567.1145,567.1574,68437,83303,Rhinolophus ferrumequinum,0.028,0.028,-1,Echolocation,/mnt/ubna_data_02_mir/recover-20221013/UBNA_001/20221012_030000.WAV,Telephone Field,recover-20221013,001,1795
567.1435,567.1794,68437,81415,Rhinolophus ferrumequinum,0.022,0.022,-1,Echolocation,/mnt/ubna_data_02_mir/recover-20221013/UBNA_001/20221012_030000.WAV,Telephone Field,recover-20221013,001,1795
567.1525,567.1588,27187,41280,Eptesicus serotinus,0.006,0.024,-1,Echolocation,/mnt/ubna_data_02_mir/recover-20221013/UBNA_001/20221012_030000.WAV,Telephone Field,recover-20221013,001,1795
567.2005,567.235,68437,81577,Rhinolophus ferrumequinum,0.023,0.023,-1,Echolocation,/mnt/ubna_data_02_mir/recover-20221013/UBNA_001/20221012_030000.WAV,Telephone Field,recover-20221013,001,1795
567.2175,567.2564,68437,81919,Rhinolophus ferrumequinum,0.022,0.022,-1,Echolocation,/mnt/ubna_data_02_mir/recover-20221013/UBNA_001/20221012_030000.WAV,Telephone Field,recover-20221013,001,1795
567.2255,567.2658,68437,82047,Rhinolophus ferrumequinum,0.021,0.021,-1,Echolocation,/mnt/ubna_data_02_mir/recover-20221013/UBNA_001/20221012_030000.WAV,Telephone Field,recover-20221013,001,1795
567.2345,567.2432,28046,36800,Eptesicus serotinus,0.008,0.023,-1,Echolocation,/mnt/ubna_data_02_mir/recover-20221013/UBNA_001/20221012_030000.WAV,Telephone Field,recover-20221013,001,1795
567.2665,567.2761,37500,44047,Pipistrellus nathusii,0.007,0.021,-1,Echolocation,/mnt/ubna_data_02_mir/recover-20221013/UBNA_001/20221012_030000.WAV,Telephone Field,recover-20221013,001,1795
567.2925,567.333,68437,82630,Rhinolophus ferrumequinum,0.024,0.024,-1,Echolocation,/mnt/ubna_data_02_mir/recover-20221013/UBNA_001/20221012_030000.WAV,Telephone Field,recover-20221013,001,1795
567.3135,567.334,19453,22786,Nyctalus noctula,0.026,0.051,-1,Echolocation,/mnt/ubna_data_02_mir/recover-20221013/UBNA_001/20221012_030000.WAV,Telephone Field,recover-20221013,001,1795
567.3155,567.3578,68437,83532,Rhinolophus ferrumequinum,0.026,0.026,-1,Echolocation,/mnt/ubna_data_02_mir/recover-20221013/UBNA_001/20221012_030000.WAV,Telephone Field,recover-20221013,001,1795
567.3315,567.3711,68437,82480,Rhinolophus ferrumequinum,0.022,0.022,-1,Echolocation,/mnt/ubna_data_02_mir/recover-20221013/UBNA_001/20221012_030000.WAV,Telephone Field,recover-20221013,001,1795
567.3495,567.3896,68437,81943,Rhinolophus ferrumequinum,0.028,0.028,-1,Echolocation,/mnt/ubna_data_02_mir/recover-20221013/UBNA_001/20221012_030000.WAV,Telephone Field,recover-20221013,001,1795
567.3855,567.4232,68437,81581,Rhinolophus ferrumequinum,0.023,0.023,-1,Echolocation,/mnt/ubna_data_02_mir/recover-20221013/UBNA_001/20221012_030000.WAV,Telephone Field,recover-20221013,001,1795
567.3865,567.3969,29765,39358,Eptesicus serotinus,0.009,0.021,-1,Echolocation,/mnt/ubna_data_02_mir/recover-20221013/UBNA_001/20221012_030000.WAV,Telephone Field,recover-20221013,001,1795
567.3945,567.4339,68437,82536,Rhinolophus ferrumequinum,0.024,0.024,-1,Echolocation,/mnt/ubna_data_02_mir/recover-20221013/UBNA_001/20221012_030000.WAV,Telephone Field,recover-20221013,001,1795
567.4355,567.4461,26328,33661,Eptesicus serotinus,0.01,0.024,-1,Echolocation,/mnt/ubna_data_02_mir/recover-20221013/UBNA_001/20221012_030000.WAV,Telephone Field,recover-20221013,001,1795
567.4535,567.4623,28906,37850,Eptesicus serotinus,0.008,0.024,-1,Echolocation,/mnt/ubna_data_02_mir/recover-20221013/UBNA_001/20221012_030000.WAV,Telephone Field,recover-20221013,001,1795
567.4595,567.5006,68437,82011,Rhinolophus ferrumequinum,0.023,0.023,-1,Echolocation,/mnt/ubna_data_02_mir/recover-20221013/UBNA_001/20221012_030000.WAV,Telephone Field,recover-20221013,001,1795
567.4975,567.5127,22031,25601,Nyctalus leisleri,0.016,0.026,-1,Echolocation,/mnt/ubna_data_02_mir/recover-20221013/UBNA_001/20221012_030000.WAV,Telephone Field,recover-20221013,001,1795
567.5195,567.556,68437,81741,Rhinolophus ferrumequinum,0.021,0.021,-1,Echolocation,/mnt/ubna_data_02_mir/recover-20221013/UBNA_001/20221012_030000.WAV,Telephone Field,recover-20221013,001,1795
567.5345,567.5714,68437,81664,Rhinolophus ferrumequinum,0.023,0.023,-1,Echolocation,/mnt/ubna_data_02_mir/recover-20221013/UBNA_001/20221012_030000.WAV,Telephone Field,recover-20221013,001,1795
567.5685,567.6057,68437,82014,Rhinolophus ferrumequinum,0.022,0.022,-1,Echolocation,/mnt/ubna_data_02_mir/recover-20221013/UBNA_001/20221012_030000.WAV,Telephone Field,recover-20221013,001,1795
567.6155,567.6229,27187,35857,Eptesicus serotinus,0.011,0.033,-1,Echolocation,/mnt/ubna_data_02_mir/recover-20221013/UBNA_001/20221012_030000.WAV,Telephone Field,recover-20221013,001,1795
567.6675,567.7088,68437,82826,Rhinolophus ferrumequinum,0.026,0.026,-1,Echolocation,/mnt/ubna_data_02_mir/recover-20221013/UBNA_001/20221012_030000.WAV,Telephone Field,recover-20221013,001,1795
567.7295,567.7707,68437,83083,Rhinolophus ferrumequinum,0.03,0.03,-1,Echolocation,/mnt/ubna_data_02_mir/recover-20221013/UBNA_001/20221012_030000.WAV,Telephone Field,recover-20221013,001,1795
567.7685,567.7794,23750,28819,Nyctalus leisleri,0.016,0.031,-1,Echolocation,/mnt/ubna_data_02_mir/recover-20221013/UBNA_001/20221012_030000.WAV,Telephone Field,recover-20221013,001,1795
567.7855,567.8282,68437,82589,Rhinolophus ferrumequinum,0.03,0.03,-1,Echolocation,/mnt/ubna_data_02_mir/recover-20221013/UBNA_001/20221012_030000.WAV,Telephone Field,recover-20221013,001,1795
567.7875,567.7958,27187,37939,Eptesicus serotinus,0.009,0.027,-1,Echolocation,/mnt/ubna_data_02_mir/recover-20221013/UBNA_001/20221012_030000.WAV,Telephone Field,recover-20221013,001,1795
567.7975,567.8089,23750,29081,Nyctalus leisleri,0.01,0.023,-1,Echolocation,/mnt/ubna_data_02_mir/recover-20221013/UBNA_001/20221012_030000.WAV,Telephone Field,recover-20221013,001,1795
567.8145,567.8205,34062,43491,Myotis daubentonii,0.011,0.025,-1,Echolocation,/mnt/ubna_data_02_mir/recover-20221013/UBNA_001/20221012_030000.WAV,Telephone Field,recover-20221013,001,1795
567.8145,567.8227,28046,39459,Eptesicus serotinus,0.01,0.031,-1,Echolocation,/mnt/ubna_data_02_mir/recover-20221013/UBNA_001/20221012_030000.WAV,Telephone Field,recover-20221013,001,1795
567.8405,567.8818,68437,82656,Rhinolophus ferrumequinum,0.023,0.023,-1,Echolocation,/mnt/ubna_data_02_mir/recover-20221013/UBNA_001/20221012_030000.WAV,Telephone Field,recover-20221013,001,1795
567.8525,567.8903,68437,82588,Rhinolophus ferrumequinum,0.026,0.026,-1,Echolocation,/mnt/ubna_data_02_mir/recover-20221013/UBNA_001/20221012_030000.WAV,Telephone Field,recover-20221013,001,1795
567.8775,567.8871,28906,37816,Eptesicus serotinus,0.013,0.028,-1,Echolocation,/mnt/ubna_data_02_mir/recover-20221013/UBNA_001/20221012_030000.WAV,Telephone Field,recover-20221013,001,1795
567.8955,567.9354,68437,82591,Rhinolophus ferrumequinum,0.021,0.021,-1,Echolocation,/mnt/ubna_data_02_mir/recover-20221013/UBNA_001/20221012_030000.WAV,Telephone Field,recover-20221013,001,1795
567.9025,567.9101,27187,38722,Eptesicus serotinus,0.007,0.021,-1,Echolocation,/mnt/ubna_data_02_mir/recover-20221013/UBNA_001/20221012_030000.WAV,Telephone Field,recover-20221013,001,1795
567.9075,567.9164,47812,51215,Pipistrellus pipistrellus,0.019,0.022,-1,Echolocation,/mnt/ubna_data_02_mir/recover-20221013/UBNA_001/20221012_030000.WAV,Telephone Field,recover-20221013,001,1795
567.9265,567.9662,68437,82482,Rhinolophus ferrumequinum,0.024,0.024,-1,Echolocation,/mnt/ubna_data_02_mir/recover-20221013/UBNA_001/20221012_030000.WAV,Telephone Field,recover-20221013,001,1795
567.9315,567.9413,22890,29184,Nyctalus leisleri,0.01,0.027,-1,Echolocation,/mnt/ubna_data_02_mir/recover-20221013/UBNA_001/20221012_030000.WAV,Telephone Field,recover-20221013,001,1795
567.9525,567.961,28046,38564,Eptesicus serotinus,0.008,0.022,-1,Echolocation,/mnt/ubna_data_02_mir/recover-20221013/UBNA_001/20221012_030000.WAV,Telephone Field,recover-20221013,001,1795
567.9835,567.9954,37500,42217,Pipistrellus nathusii,0.012,0.022,-1,Echolocation,/mnt/ubna_data_02_mir/recover-20221013/UBNA_001/20221012_030000.WAV,Telephone Field,recover-20221013,001,1795
568.0015,568.0299,69296,82159,Rhinolophus ferrumequinum,0.03,0.03,-1,Echolocation,/mnt/ubna_data_02_mir/recover-20221013/UBNA_001/20221012_030000.WAV,Telephone Field,recover-20221013,001,1795
568.0015,568.0078,47812,52210,Pipistrellus pipistrellus,0.017,0.024,-1,Echolocation,/mnt/ubna_data_02_mir/recover-20221013/UBNA_001/20221012_030000.WAV,Telephone Field,recover-20221013,001,1795
568.0015,568.0125,22031,29106,Nyctalus leisleri,0.011,0.033,-1,Echolocation,/mnt/ubna_data_02_mir/recover-20221013/UBNA_001/20221012_030000.WAV,Telephone Field,recover-20221013,001,1795
568.0015,568.01,26328,35527,Eptesicus serotinus,0.01,0.033,-1,Echolocation,/mnt/ubna_data_02_mir/recover-20221013/UBNA_001/20221012_030000.WAV,Telephone Field,recover-20221013,001,1795
568.0145,568.0535,68437,82551,Rhinolophus ferrumequinum,0.028,0.028,-1,Echolocation,/mnt/ubna_data_02_mir/recover-20221013/UBNA_001/20221012_030000.WAV,Telephone Field,recover-20221013,001,1795
568.0345,568.0466,35781,41030,Pipistrellus nathusii,0.02,0.036,-1,Echolocation,/mnt/ubna_data_02_mir/recover-20221013/UBNA_001/20221012_030000.WAV,Telephone Field,recover-20221013,001,1795
568.0695,568.0776,27187,37609,Eptesicus serotinus,0.007,0.022,-1,Echolocation,/mnt/ubna_data_02_mir/recover-20221013/UBNA_001/20221012_030000.WAV,Telephone Field,recover-20221013,001,1795
568.0955,568.1344,68437,81993,Rhinolophus ferrumequinum,0.024,0.024,-1,Echolocation,/mnt/ubna_data_02_mir/recover-20221013/UBNA_001/20221012_030000.WAV,Telephone Field,recover-20221013,001,1795
568.1245,568.1345,27187,34888,Eptesicus serotinus,0.009,0.021,-1,Echolocation,/mnt/ubna_data_02_mir/recover-20221013/UBNA_001/20221012_030000.WAV,Telephone Field,recover-20221013,001,1795
568.1505,568.1893,68437,82309,Rhinolophus ferrumequinum,0.023,0.023,-1,Echolocation,/mnt/ubna_data_02_mir/recover-20221013/UBNA_001/20221012_030000.WAV,Telephone Field,recover-20221013,001,1795
568.1825,568.2184,68437,81366,Rhinolophus ferrumequinum,0.024,0.024,-1,Echolocation,/mnt/ubna_data_02_mir/recover-20221013/UBNA_001/20221012_030000.WAV,Telephone Field,recover-20221013,001,1795
568.1935,568.2327,68437,82162,Rhinolophus ferrumequinum,0.022,0.022,-1,Echolocation,/mnt/ubna_data_02_mir/recover-20221013/UBNA_001/20221012_030000.WAV,Telephone Field,recover-20221013,001,1795
568.2185,568.2286,22890,28903,Nyctalus leisleri,0.009,0.021,-1,Echolocation,/mnt/ubna_data_02_mir/recover-20221013/UBNA_001/20221012_030000.WAV,Telephone Field,recover-20221013,001,1795
568.2185,568.2632,68437,83362,Rhinolophus ferrumequinum,0.027,0.027,-1,Echolocation,/mnt/ubna_data_02_mir/recover-20221013/UBNA_001/20221012_030000.WAV,Telephone Field,recover-20221013,001,1795
568.2545,568.2675,36640,41171,Pipistrellus nathusii,0.026,0.039,-1,Echolocation,/mnt/ubna_data_02_mir/recover-20221013/UBNA_001/20221012_030000.WAV,Telephone Field,recover-20221013,001,1795
568.2835,568.3227,68437,82143,Rhinolophus ferrumequinum,0.022,0.022,-1,Echolocation,/mnt/ubna_data_02_mir/recover-20221013/UBNA_001/20221012_030000.WAV,Telephone Field,recover-20221013,001,1795
568.2835,568.2907,31484,42786,Myotis daubentonii,0.014,0.034,-1,Echolocation,/mnt/ubna_data_02_mir/recover-20221013/UBNA_001/20221012_030000.WAV,Telephone Field,recover-20221013,001,1795
568.3085,568.3201,28906,35964,Eptesicus serotinus,0.011,0.026,-1,Echolocation,/mnt/ubna_data_02_mir/recover-20221013/UBNA_001/20221012_030000.WAV,Telephone Field,recover-20221013,001,1795
568.3265,568.3656,68437,82015,Rhinolophus ferrumequinum,0.024,0.025,-1,Echolocation,/mnt/ubna_data_02_mir/recover-20221013/UBNA_001/20221012_030000.WAV,Telephone Field,recover-20221013,001,1795
568.3275,568.3366,30625,39669,Myotis daubentonii,0.01,0.028,-1,Echolocation,/mnt/ubna_data_02_mir/recover-20221013/UBNA_001/20221012_030000.WAV,Telephone Field,recover-20221013,001,1795
568.3515,568.3915,68437,82405,Rhinolophus ferrumequinum,0.023,0.023,-1,Echolocation,/mnt/ubna_data_02_mir/recover-20221013/UBNA_001/20221012_030000.WAV,Telephone Field,recover-20221013,001,1795
568.3895,568.4055,22031,26134,Nyctalus leisleri,0.013,0.022,-1,Echolocation,/mnt/ubna_data_02_mir/recover-20221013/UBNA_001/20221012_030000.WAV,Telephone Field,recover-20221013,001,1795
568.3895,568.4288,68437,82151,Rhinolophus ferrumequinum,0.021,0.021,-1,Echolocation,/mnt/ubna_data_02_mir/recover-20221013/UBNA_001/20221012_030000.WAV,Telephone Field,recover-20221013,001,1795
568.4245,568.4593,68437,80646,Rhinolophus ferrumequinum,0.022,0.022,-1,Echolocation,/mnt/ubna_data_02_mir/recover-20221013/UBNA_001/20221012_030000.WAV,Telephone Field,recover-20221013,001,1795
568.4595,568.466,28046,37630,Eptesicus serotinus,0.007,0.025,-1,Echolocation,/mnt/ubna_data_02_mir/recover-20221013/UBNA_001/20221012_030000.WAV,Telephone Field,recover-20221013,001,1795
568.4605,568.4977,68437,82196,Rhinolophus ferrumequinum,0.022,0.022,-1,Echolocation,/mnt/ubna_data_02_mir/recover-20221013/UBNA_001/20221012_030000.WAV,Telephone Field,recover-20221013,001,1795
568.4675,568.5059,68437,82147,Rhinolophus ferrumequinum,0.021,0.021,-1,Echolocation,/mnt/ubna_data_02_mir/recover-20221013/UBNA_001/20221012_030000.WAV,Telephone Field,recover-20221013,001,1795
568.4775,568.4841,28906,38756,Eptesicus serotinus,0.006,0.025,-1,Echolocation,/mnt/ubna_data_02_mir/recover-20221013/UBNA_001/20221012_030000.WAV,Telephone Field,recover-20221013,001,1795
568.4925,568.5279,68437,81299,Rhinolophus ferrumequinum,0.028,0.028,-1,Echolocation,/mnt/ubna_data_02_mir/recover-20221013/UBNA_001/20221012_030000.WAV,Telephone Field,recover-20221013,001,1795
568.4955,568.5021,27187,38482,Eptesicus serotinus,0.006,0.024,-1,Echolocation,/mnt/ubna_data_02_mir/recover-20221013/UBNA_001/20221012_030000.WAV,Telephone Field,recover-20221013,001,1795
568.5005,568.5405,68437,81967,Rhinolophus ferrumequinum,0.033,0.033,-1,Echolocation,/mnt/ubna_data_02_mir/recover-20221013/UBNA_001/20221012_030000.WAV,Telephone Field,recover-20221013,001,1795
568.5155,568.5251,28046,38483,Eptesicus serotinus,0.008,0.021,-1,Echolocation,/mnt/ubna_data_02_mir/recover-20221013/UBNA_001/20221012_030000.WAV,Telephone Field,recover-20221013,001,1795
568.5235,568.5667,68437,83043,Rhinolophus ferrumequinum,0.026,0.026,-1,Echolocation,/mnt/ubna_data_02_mir/recover-20221013/UBNA_001/20221012_030000.WAV,Telephone Field,recover-20221013,001,1795
568.5505,568.5861,68437,81708,Rhinolophus ferrumequinum,0.023,0.023,-1,Echolocation,/mnt/ubna_data_02_mir/recover-20221013/UBNA_001/20221012_030000.WAV,Telephone Field,recover-20221013,001,1795
568.5735,568.6127,68437,82286,Rhinolophus ferrumequinum,0.022,0.022,-1,Echolocation,/mnt/ubna_data_02_mir/recover-20221013/UBNA_001/20221012_030000.WAV,Telephone Field,recover-20221013,001,1795
568.6035,568.6414,68437,82372,Rhinolophus ferrumequinum,0.023,0.023,-1,Echolocation,/mnt/ubna_data_02_mir/recover-20221013/UBNA_001/20221012_030000.WAV,Telephone Field,recover-20221013,001,1795
568.6325,568.641,28046,39622,Eptesicus serotinus,0.009,0.023,-1,Echolocation,/mnt/ubna_data_02_mir/recover-20221013/UBNA_001/20221012_030000.WAV,Telephone Field,recover-20221013,001,1795
568.6335,568.672,68437,82258,Rhinolophus ferrumequinum,0.022,0.022,-1,Echolocation,/mnt/ubna_data_02_mir/recover-20221013/UBNA_001/20221012_030000.WAV,Telephone Field,recover-20221013,001,1795
568.6445,568.6849,68437,81932,Rhinolophus ferrumequinum,0.021,0.021,-1,Echolocation,/mnt/ubna_data_02_mir/recover-20221013/UBNA_001/20221012_030000.WAV,Telephone Field,recover-20221013,001,1795
568.6775,568.7149,68437,81448,Rhinolophus ferrumequinum,0.021,0.022,-1,Echolocation,/mnt/ubna_data_02_mir/recover-20221013/UBNA_001/20221012_030000.WAV,Telephone Field,recover-20221013,001,1795
568.6885,568.6985999999999,22890,28732,Nyctalus leisleri,0.009,0.023,-1,Echolocation,/mnt/ubna_data_02_mir/recover-20221013/UBNA_001/20221012_030000.WAV,Telephone Field,recover-20221013,001,1795
568.7045,568.7454,68437,82137,Rhinolophus ferrumequinum,0.022,0.022,-1,Echolocation,/mnt/ubna_data_02_mir/recover-20221013/UBNA_001/20221012_030000.WAV,Telephone Field,recover-20221013,001,1795
568.7045,568.7135,27187,35497,Eptesicus serotinus,0.009,0.023,-1,Echolocation,/mnt/ubna_data_02_mir/recover-20221013/UBNA_001/20221012_030000.WAV,Telephone Field,recover-20221013,001,1795
568.7255,568.7635,68437,82032,Rhinolophus ferrumequinum,0.022,0.022,-1,Echolocation,/mnt/ubna_data_02_mir/recover-20221013/UBNA_001/20221012_030000.WAV,Telephone Field,recover-20221013,001,1795
568.8165,568.8552999999999,68437,81924,Rhinolophus ferrumequinum,0.021,0.021,-1,Echolocation,/mnt/ubna_data_02_mir/recover-20221013/UBNA_001/20221012_030000.WAV,Telephone Field,recover-20221013,001,1795
568.8225,568.8295,27187,40571,Eptesicus serotinus,0.007,0.025,-1,Echolocation,/mnt/ubna_data_02_mir/recover-20221013/UBNA_001/20221012_030000.WAV,Telephone Field,recover-20221013,001,1795
568.8245,568.8605,68437,81881,Rhinolophus ferrumequinum,0.021,0.021,-1,Echolocation,/mnt/ubna_data_02_mir/recover-20221013/UBNA_001/20221012_030000.WAV,Telephone Field,recover-20221013,001,1795
568.8775,568.9136,68437,81719,Rhinolophus ferrumequinum,0.021,0.021,-1,Echolocation,/mnt/ubna_data_02_mir/recover-20221013/UBNA_001/20221012_030000.WAV,Telephone Field,recover-20221013,001,1795
568.9125,568.9196,27187,36920,Eptesicus serotinus,0.006,0.023,-1,Echolocation,/mnt/ubna_data_02_mir/recover-20221013/UBNA_001/20221012_030000.WAV,Telephone Field,recover-20221013,001,1795
569.0005,569.009,22890,30521,Plecotus austriacus,0.01,0.024,-1,Echolocation,/mnt/ubna_data_02_mir/recover-20221013/UBNA_001/20221012_030000.WAV,Telephone Field,recover-20221013,001,1795
569.0125,569.0231,22890,27554,Nyctalus leisleri,0.012,0.022,-1,Echolocation,/mnt/ubna_data_02_mir/recover-20221013/UBNA_001/20221012_030000.WAV,Telephone Field,recover-20221013,001,1795
569.0255,569.0336,23750,31647,Plecotus austriacus,0.009,0.024,-1,Echolocation,/mnt/ubna_data_02_mir/recover-20221013/UBNA_001/20221012_030000.WAV,Telephone Field,recover-20221013,001,1795
569.0465,569.0853,68437,81972,Rhinolophus ferrumequinum,0.021,0.021,-1,Echolocation,/mnt/ubna_data_02_mir/recover-20221013/UBNA_001/20221012_030000.WAV,Telephone Field,recover-20221013,001,1795
569.0585,569.0689,28046,37597,Eptesicus serotinus,0.01,0.022,-1,Echolocation,/mnt/ubna_data_02_mir/recover-20221013/UBNA_001/20221012_030000.WAV,Telephone Field,recover-20221013,001,1795
569.0745,569.1122,68437,81211,Rhinolophus ferrumequinum,0.022,0.022,-1,Echolocation,/mnt/ubna_data_02_mir/recover-20221013/UBNA_001/20221012_030000.WAV,Telephone Field,recover-20221013,001,1795
569.1185,569.1251,28046,41580,Eptesicus serotinus,0.006,0.023,-1,Echolocation,/mnt/ubna_data_02_mir/recover-20221013/UBNA_001/20221012_030000.WAV,Telephone Field,recover-20221013,001,1795
569.1545,569.1668999999999,25468,32621,Eptesicus serotinus,0.014,0.027,-1,Echolocation,/mnt/ubna_data_02_mir/recover-20221013/UBNA_001/20221012_030000.WAV,Telephone Field,recover-20221013,001,1795
569.1805,569.2208,68437,82322,Rhinolophus ferrumequinum,0.024,0.024,-1,Echolocation,/mnt/ubna_data_02_mir/recover-20221013/UBNA_001/20221012_030000.WAV,Telephone Field,recover-20221013,001,1795
569.1925,569.2321,68437,82066,Rhinolophus ferrumequinum,0.035,0.035,-1,Echolocation,/mnt/ubna_data_02_mir/recover-20221013/UBNA_001/20221012_030000.WAV,Telephone Field,recover-20221013,001,1795
569.1995,569.24,68437,82251,Rhinolophus ferrumequinum,0.035,0.035,-1,Echolocation,/mnt/ubna_data_02_mir/recover-20221013/UBNA_001/20221012_030000.WAV,Telephone Field,recover-20221013,001,1795
569.2145,569.2223,27187,38093,Eptesicus serotinus,0.007,0.022,-1,Echolocation,/mnt/ubna_data_02_mir/recover-20221013/UBNA_001/20221012_030000.WAV,Telephone Field,recover-20221013,001,1795
569.2265,569.2682,68437,83160,Rhinolophus ferrumequinum,0.033,0.033,-1,Echolocation,/mnt/ubna_data_02_mir/recover-20221013/UBNA_001/20221012_030000.WAV,Telephone Field,recover-20221013,001,1795
569.2415,569.2823,68437,82608,Rhinolophus ferrumequinum,0.028,0.028,-1,Echolocation,/mnt/ubna_data_02_mir/recover-20221013/UBNA_001/20221012_030000.WAV,Telephone Field,recover-20221013,001,1795
569.2495,569.2873,68437,82200,Rhinolophus ferrumequinum,0.023,0.023,-1,Echolocation,/mnt/ubna_data_02_mir/recover-20221013/UBNA_001/20221012_030000.WAV,Telephone Field,recover-20221013,001,1795
569.2525,569.2591,26328,38088,Eptesicus serotinus,0.005,0.022,-1,Echolocation,/mnt/ubna_data_02_mir/recover-20221013/UBNA_001/20221012_030000.WAV,Telephone Field,recover-20221013,001,1795
569.2705,569.3145,68437,82928,Rhinolophus ferrumequinum,0.025,0.025,-1,Echolocation,/mnt/ubna_data_02_mir/recover-20221013/UBNA_001/20221012_030000.WAV,Telephone Field,recover-20221013,001,1795
569.2715,569.2801,29765,40908,Myotis daubentonii,0.007,0.024,-1,Echolocation,/mnt/ubna_data_02_mir/recover-20221013/UBNA_001/20221012_030000.WAV,Telephone Field,recover-20221013,001,1795
569.3125,569.3238,22890,27530,Nyctalus leisleri,0.012,0.022,-1,Echolocation,/mnt/ubna_data_02_mir/recover-20221013/UBNA_001/20221012_030000.WAV,Telephone Field,recover-20221013,001,1795
569.3595,569.3955,68437,81892,Rhinolophus ferrumequinum,0.023,0.023,-1,Echolocation,/mnt/ubna_data_02_mir/recover-20221013/UBNA_001/20221012_030000.WAV,Telephone Field,recover-20221013,001,1795
569.3675,569.406,68437,82162,Rhinolophus ferrumequinum,0.027,0.027,-1,Echolocation,/mnt/ubna_data_02_mir/recover-20221013/UBNA_001/20221012_030000.WAV,Telephone Field,recover-20221013,001,1795
569.3915,569.4338,68437,82742,Rhinolophus ferrumequinum,0.024,0.024,-1,Echolocation,/mnt/ubna_data_02_mir/recover-20221013/UBNA_001/20221012_030000.WAV,Telephone Field,recover-20221013,001,1795
569.4355,569.4729,68437,82420,Rhinolophus ferrumequinum,0.029,0.029,-1,Echolocation,/mnt/ubna_data_02_mir/recover-20221013/UBNA_001/20221012_030000.WAV,Telephone Field,recover-20221013,001,1795
569.4375,569.4467,25468,32513,Eptesicus serotinus,0.007,0.021,-1,Echolocation,/mnt/ubna_data_02_mir/recover-20221013/UBNA_001/20221012_030000.WAV,Telephone Field,recover-20221013,001,1795
569.4995,569.5426,68437,83453,Rhinolophus ferrumequinum,0.031,0.031,-1,Echolocation,/mnt/ubna_data_02_mir/recover-20221013/UBNA_001/20221012_030000.WAV,Telephone Field,recover-20221013,001,1795
569.5425,569.5826,68437,82673,Rhinolophus ferrumequinum,0.025,0.025,-1,Echolocation,/mnt/ubna_data_02_mir/recover-20221013/UBNA_001/20221012_030000.WAV,Telephone Field,recover-20221013,001,1795
569.5705,569.579,28046,39514,Eptesicus serotinus,0.01,0.026,-1,Echolocation,/mnt/ubna_data_02_mir/recover-20221013/UBNA_001/20221012_030000.WAV,Telephone Field,recover-20221013,001,1795
569.5965,569.6334,68437,82035,Rhinolophus ferrumequinum,0.022,0.022,-1,Echolocation,/mnt/ubna_data_02_mir/recover-20221013/UBNA_001/20221012_030000.WAV,Telephone Field,recover-20221013,001,1795
569.6155,569.6579,68437,83083,Rhinolophus ferrumequinum,0.027,0.027,-1,Echolocation,/mnt/ubna_data_02_mir/recover-20221013/UBNA_001/20221012_030000.WAV,Telephone Field,recover-20221013,001,1795
569.6215,569.6318,23750,30099,Nyctalus leisleri,0.01,0.025,-1,Echolocation,/mnt/ubna_data_02_mir/recover-20221013/UBNA_001/20221012_030000.WAV,Telephone Field,recover-20221013,001,1795
569.6875,569.7279,68437,82091,Rhinolophus ferrumequinum,0.023,0.023,-1,Echolocation,/mnt/ubna_data_02_mir/recover-20221013/UBNA_001/20221012_030000.WAV,Telephone Field,recover-20221013,001,1795
569.6985,569.7075,27187,39338,Eptesicus serotinus,0.009,0.024,-1,Echolocation,/mnt/ubna_data_02_mir/recover-20221013/UBNA_001/20221012_030000.WAV,Telephone Field,recover-20221013,001,1795
569.7015,569.7434,68437,83339,Rhinolophus ferrumequinum,0.034,0.034,-1,Echolocation,/mnt/ubna_data_02_mir/recover-20221013/UBNA_001/20221012_030000.WAV,Telephone Field,recover-20221013,001,1795
569.7365,569.7755,68437,82739,Rhinolophus ferrumequinum,0.024,0.024,-1,Echolocation,/mnt/ubna_data_02_mir/recover-20221013/UBNA_001/20221012_030000.WAV,Telephone Field,recover-20221013,001,1795
569.7555,569.7979,68437,82893,Rhinolophus ferrumequinum,0.026,0.026,-1,Echolocation,/mnt/ubna_data_02_mir/recover-20221013/UBNA_001/20221012_030000.WAV,Telephone Field,recover-20221013,001,1795
569.7705,569.7801,23750,30338,Nyctalus leisleri,0.009,0.023,-1,Echolocation,/mnt/ubna_data_02_mir/recover-20221013/UBNA_001/20221012_030000.WAV,Telephone Field,recover-20221013,001,1795
569.7825,569.8235,68437,82661,Rhinolophus ferrumequinum,0.023,0.023,-1,Echolocation,/mnt/ubna_data_02_mir/recover-20221013/UBNA_001/20221012_030000.WAV,Telephone Field,recover-20221013,001,1795
569.8145,569.8526,68437,82072,Rhinolophus ferrumequinum,0.024,0.024,-1,Echolocation,/mnt/ubna_data_02_mir/recover-20221013/UBNA_001/20221012_030000.WAV,Telephone Field,recover-20221013,001,1795
569.8415,569.8508,27187,36925,Eptesicus serotinus,0.008,0.022,-1,Echolocation,/mnt/ubna_data_02_mir/recover-20221013/UBNA_001/20221012_030000.WAV,Telephone Field,recover-20221013,001,1795
569.8425,569.8817,68437,82352,Rhinolophus ferrumequinum,0.022,0.022,-1,Echolocation,/mnt/ubna_data_02_mir/recover-20221013/UBNA_001/20221012_030000.WAV,Telephone Field,recover-20221013,001,1795
569.8585,569.8987,68437,82436,Rhinolophus ferrumequinum,0.022,0.022,-1,Echolocation,/mnt/ubna_data_02_mir/recover-20221013/UBNA_001/20221012_030000.WAV,Telephone Field,recover-20221013,001,1795
569.8825,569.8934,25468,30947,Nyctalus leisleri,0.012,0.029,-1,Echolocation,/mnt/ubna_data_02_mir/recover-20221013/UBNA_001/20221012_030000.WAV,Telephone Field,recover-20221013,001,1795
569.9075,569.919,22890,28103,Nyctalus leisleri,0.013,0.025,-1,Echolocation,/mnt/ubna_data_02_mir/recover-20221013/UBNA_001/20221012_030000.WAV,Telephone Field,recover-20221013,001,1795
569.9345,569.9746,68437,82663,Rhinolophus ferrumequinum,0.021,0.021,-1,Echolocation,/mnt/ubna_data_02_mir/recover-20221013/UBNA_001/20221012_030000.WAV,Telephone Field,recover-20221013,001,1795
569.9505,569.9894,68437,82275,Rhinolophus ferrumequinum,0.022,0.022,-1,Echolocation,/mnt/ubna_data_02_mir/recover-20221013/UBNA_001/20221012_030000.WAV,Telephone Field,recover-20221013,001,1795
569.9525,569.9609,28046,37807,Eptesicus serotinus,0.008,0.023,-1,Echolocation,/mnt/ubna_data_02_mir/recover-20221013/UBNA_001/20221012_030000.WAV,Telephone Field,recover-20221013,001,1795
569.9825,569.9899,28046,38482,Eptesicus serotinus,0.007,0.023,-1,Echolocation,/mnt/ubna_data_02_mir/recover-20221013/UBNA_001/20221012_030000.WAV,Telephone Field,recover-20221013,001,1795
570.0015,570.0377,69296,82001,Rhinolophus ferrumequinum,0.03,0.03,-1,Echolocation,/mnt/ubna_data_02_mir/recover-20221013/UBNA_001/20221012_030000.WAV,Telephone Field,recover-20221013,001,1795
570.0015,570.0105,47812,54497,Pipistrellus pipistrellus,0.019,0.027,-1,Echolocation,/mnt/ubna_data_02_mir/recover-20221013/UBNA_001/20221012_030000.WAV,Telephone Field,recover-20221013,001,1795
570.0015,570.0112,27187,35154,Nyctalus leisleri,0.01,0.03,-1,Echolocation,/mnt/ubna_data_02_mir/recover-20221013/UBNA_001/20221012_030000.WAV,Telephone Field,recover-20221013,001,1795
570.0015,570.0114,21171,26309,Nyctalus leisleri,0.01,0.022,-1,Echolocation,/mnt/ubna_data_02_mir/recover-20221013/UBNA_001/20221012_030000.WAV,Telephone Field,recover-20221013,001,1795
570.0085,570.0527,68437,83014,Rhinolophus ferrumequinum,0.026,0.026,-1,Echolocation,/mnt/ubna_data_02_mir/recover-20221013/UBNA_001/20221012_030000.WAV,Telephone Field,recover-20221013,001,1795
570.0675,570.108,68437,82689,Rhinolophus ferrumequinum,0.025,0.025,-1,Echolocation,/mnt/ubna_data_02_mir/recover-20221013/UBNA_001/20221012_030000.WAV,Telephone Field,recover-20221013,001,1795
570.0835,570.1203,68437,82201,Rhinolophus ferrumequinum,0.022,0.022,-1,Echolocation,/mnt/ubna_data_02_mir/recover-20221013/UBNA_001/20221012_030000.WAV,Telephone Field,recover-20221013,001,1795
570.1395,570.1812,68437,82709,Rhinolophus ferrumequinum,0.024,0.024,-1,Echolocation,/mnt/ubna_data_02_mir/recover-20221013/UBNA_001/20221012_030000.WAV,Telephone Field,recover-20221013,001,1795
570.1655,570.1761,22031,26825,Nyctalus leisleri,0.011,0.023,-1,Echolocation,/mnt/ubna_data_02_mir/recover-20221013/UBNA_001/20221012_030000.WAV,Telephone Field,recover-20221013,001,1795
570.1755,570.2141,68437,82357,Rhinolophus ferrumequinum,0.023,0.023,-1,Echolocation,/mnt/ubna_data_02_mir/recover-20221013/UBNA_001/20221012_030000.WAV,Telephone Field,recover-20221013,001,1795
570.1835,570.1939,22890,28345,Nyctalus leisleri,0.011,0.024,-1,Echolocation,/mnt/ubna_data_02_mir/recover-20221013/UBNA_001/20221012_030000.WAV,Telephone Field,recover-20221013,001,1795
570.2065,570.2453,68437,82190,Rhinolophus ferrumequinum,0.023,0.023,-1,Echolocation,/mnt/ubna_data_02_mir/recover-20221013/UBNA_001/20221012_030000.WAV,Telephone Field,recover-20221013,001,1795
570.2335,570.2445,28046,35073,Eptesicus serotinus,0.012,0.026,-1,Echolocation,/mnt/ubna_data_02_mir/recover-20221013/UBNA_001/20221012_030000.WAV,Telephone Field,recover-20221013,001,1795
570.2395,570.2809,68437,82784,Rhinolophus ferrumequinum,0.028,0.028,-1,Echolocation,/mnt/ubna_data_02_mir/recover-20221013/UBNA_001/20221012_030000.WAV,Telephone Field,recover-20221013,001,1795
570.2975,570.3372,68437,81813,Rhinolophus ferrumequinum,0.022,0.022,-1,Echolocation,/mnt/ubna_data_02_mir/recover-20221013/UBNA_001/20221012_030000.WAV,Telephone Field,recover-20221013,001,1795
570.3025,570.3123,13437,21098,Nyctalus noctula,0.015,0.035,-1,Echolocation,/mnt/ubna_data_02_mir/recover-20221013/UBNA_001/20221012_030000.WAV,Telephone Field,recover-20221013,001,1795
570.3035,570.3146,46953,50548,Pipistrellus pipistrellus,0.034,0.039,-1,Echolocation,/mnt/ubna_data_02_mir/recover-20221013/UBNA_001/20221012_030000.WAV,Telephone Field,recover-20221013,001,1795
570.3235,570.3627,68437,82743,Rhinolophus ferrumequinum,0.029,0.029,-1,Echolocation,/mnt/ubna_data_02_mir/recover-20221013/UBNA_001/20221012_030000.WAV,Telephone Field,recover-20221013,001,1795
570.3645,570.4043,68437,82484,Rhinolophus ferrumequinum,0.024,0.024,-1,Echolocation,/mnt/ubna_data_02_mir/recover-20221013/UBNA_001/20221012_030000.WAV,Telephone Field,recover-20221013,001,1795
570.3745,570.3905,14296,17921,Nyctalus noctula,0.024,0.037,-1,Echolocation,/mnt/ubna_data_02_mir/recover-20221013/UBNA_001/20221012_030000.WAV,Telephone Field,recover-20221013,001,1795
570.3955,570.4077,24609,29822,Nyctalus leisleri,0.013,0.028,-1,Echolocation,/mnt/ubna_data_02_mir/recover-20221013/UBNA_001/20221012_030000.WAV,Telephone Field,recover-20221013,001,1795
570.4175,570.4281,44375,48229,Pipistrellus pipistrellus,0.021,0.023,-1,Echolocation,/mnt/ubna_data_02_mir/recover-20221013/UBNA_001/20221012_030000.WAV,Telephone Field,recover-20221013,001,1795
570.4295,570.469,68437,82709,Rhinolophus ferrumequinum,0.027,0.027,-1,Echolocation,/mnt/ubna_data_02_mir/recover-20221013/UBNA_001/20221012_030000.WAV,Telephone Field,recover-20221013,001,1795
570.4525,570.492,68437,82705,Rhinolophus ferrumequinum,0.023,0.023,-1,Echolocation,/mnt/ubna_data_02_mir/recover-20221013/UBNA_001/20221012_030000.WAV,Telephone Field,recover-20221013,001,1795
570.4795,570.5172,68437,81740,Rhinolophus ferrumequinum,0.023,0.023,-1,Echolocation,/mnt/ubna_data_02_mir/recover-20221013/UBNA_001/20221012_030000.WAV,Telephone Field,recover-20221013,001,1795
570.5965,570.6395,68437,83166,Rhinolophus ferrumequinum,0.032,0.032,-1,Echolocation,/mnt/ubna_data_02_mir/recover-20221013/UBNA_001/20221012_030000.WAV,Telephone Field,recover-20221013,001,1795
570.6025,570.6109,47812,51615,Pipistrellus pipistrellus,0.027,0.029,-1,Echolocation,/mnt/ubna_data_02_mir/recover-20221013/UBNA_001/20221012_030000.WAV,Telephone Field,recover-20221013,001,1795
570.6045,570.6483,68437,83684,Rhinolophus ferrumequinum,0.027,0.027,-1,Echolocation,/mnt/ubna_data_02_mir/recover-20221013/UBNA_001/20221012_030000.WAV,Telephone Field,recover-20221013,001,1795
570.6165,570.6554,68437,82722,Rhinolophus ferrumequinum,0.021,0.021,-1,Echolocation,/mnt/ubna_data_02_mir/recover-20221013/UBNA_001/20221012_030000.WAV,Telephone Field,recover-20221013,001,1795
570.6385,570.6463,28046,39886,Eptesicus serotinus,0.007,0.023,-1,Echolocation,/mnt/ubna_data_02_mir/recover-20221013/UBNA_001/20221012_030000.WAV,Telephone Field,recover-20221013,001,1795
570.6525,570.6937,68437,82704,Rhinolophus ferrumequinum,0.034,0.034,-1,Echolocation,/mnt/ubna_data_02_mir/recover-20221013/UBNA_001/20221012_030000.WAV,Telephone Field,recover-20221013,001,1795
570.7265,570.7644,68437,82360,Rhinolophus ferrumequinum,0.022,0.022,-1,Echolocation,/mnt/ubna_data_02_mir/recover-20221013/UBNA_001/20221012_030000.WAV,Telephone Field,recover-20221013,001,1795
570.7275,570.7352,28906,40321,Eptesicus serotinus,0.007,0.022,-1,Echolocation,/mnt/ubna_data_02_mir/recover-20221013/UBNA_001/20221012_030000.WAV,Telephone Field,recover-20221013,001,1795
570.7945,570.8024,28046,38810,Eptesicus serotinus,0.011,0.03,-1,Echolocation,/mnt/ubna_data_02_mir/recover-20221013/UBNA_001/20221012_030000.WAV,Telephone Field,recover-20221013,001,1795
570.8515,570.8913,68437,82432,Rhinolophus ferrumequinum,0.023,0.023,-1,Echolocation,/mnt/ubna_data_02_mir/recover-20221013/UBNA_001/20221012_030000.WAV,Telephone Field,recover-20221013,001,1795
570.8745,570.9136,68437,82688,Rhinolophus ferrumequinum,0.021,0.022,-1,Echolocation,/mnt/ubna_data_02_mir/recover-20221013/UBNA_001/20221012_030000.WAV,Telephone Field,recover-20221013,001,1795
570.9325,570.9453,14296,20367,Nyctalus noctula,0.014,0.022,-1,Echolocation,/mnt/ubna_data_02_mir/recover-20221013/UBNA_001/20221012_030000.WAV,Telephone Field,recover-20221013,001,1795
570.9585,570.994,68437,81918,Rhinolophus ferrumequinum,0.024,0.024,-1,Echolocation,/mnt/ubna_data_02_mir/recover-20221013/UBNA_001/20221012_030000.WAV,Telephone Field,recover-20221013,001,1795
570.9635,571.0005,68437,82380,Rhinolophus ferrumequinum,0.024,0.024,-1,Echolocation,/mnt/ubna_data_02_mir/recover-20221013/UBNA_001/20221012_030000.WAV,Telephone Field,recover-20221013,001,1795
570.9715,571.0102,68437,82271,Rhinolophus ferrumequinum,0.024,0.024,-1,Echolocation,/mnt/ubna_data_02_mir/recover-20221013/UBNA_001/20221012_030000.WAV,Telephone Field,recover-20221013,001,1795
570.9805,571.0203,68437,82576,Rhinolophus ferrumequinum,0.024,0.024,-1,Echolocation,/mnt/ubna_data_02_mir/recover-20221013/UBNA_001/20221012_030000.WAV,Telephone Field,recover-20221013,001,1795
570.9905,571.0341,68437,82993,Rhinolophus ferrumequinum,0.029,0.029,-1,Echolocation,/mnt/ubna_data_02_mir/recover-20221013/UBNA_001/20221012_030000.WAV,Telephone Field,recover-20221013,001,1795
571.0345,571.0414,51250,57028,Pipistrellus pipistrellus,0.035,0.039,-1,Echolocation,/mnt/ubna_data_02_mir/recover-20221013/UBNA_001/20221012_030000.WAV,Telephone Field,recover-20221013,001,1795
571.0355,571.0755,68437,82402,Rhinolophus ferrumequinum,0.022,0.022,-1,Echolocation,/mnt/ubna_data_02_mir/recover-20221013/UBNA_001/20221012_030000.WAV,Telephone Field,recover-20221013,001,1795
571.0415,571.0505,28046,37071,Eptesicus serotinus,0.009,0.023,-1,Echolocation,/mnt/ubna_data_02_mir/recover-20221013/UBNA_001/20221012_030000.WAV,Telephone Field,recover-20221013,001,1795
571.0605,571.1016,68437,82582,Rhinolophus ferrumequinum,0.033,0.033,-1,Echolocation,/mnt/ubna_data_02_mir/recover-20221013/UBNA_001/20221012_030000.WAV,Telephone Field,recover-20221013,001,1795
571.0615,571.0684,27187,40139,Eptesicus serotinus,0.006,0.022,-1,Echolocation,/mnt/ubna_data_02_mir/recover-20221013/UBNA_001/20221012_030000.WAV,Telephone Field,recover-20221013,001,1795
571.1135,571.1243,22890,29176,Nyctalus leisleri,0.011,0.027,-1,Echolocation,/mnt/ubna_data_02_mir/recover-20221013/UBNA_001/20221012_030000.WAV,Telephone Field,recover-20221013,001,1795
571.1615,571.1734,28046,35944,Eptesicus serotinus,0.014,0.028,-1,Echolocation,/mnt/ubna_data_02_mir/recover-20221013/UBNA_001/20221012_030000.WAV,Telephone Field,recover-20221013,001,1795
571.1645,571.202,68437,81708,Rhinolophus ferrumequinum,0.022,0.022,-1,Echolocation,/mnt/ubna_data_02_mir/recover-20221013/UBNA_001/20221012_030000.WAV,Telephone Field,recover-20221013,001,1795
571.1845,571.2219,68437,81645,Rhinolophus ferrumequinum,0.021,0.022,-1,Echolocation,/mnt/ubna_data_02_mir/recover-20221013/UBNA_001/20221012_030000.WAV,Telephone Field,recover-20221013,001,1795
571.1915,571.2002,25468,33875,Eptesicus serotinus,0.006,0.022,-1,Echolocation,/mnt/ubna_data_02_mir/recover-20221013/UBNA_001/20221012_030000.WAV,Telephone Field,recover-20221013,001,1795
571.1915,571.2263,68437,81610,Rhinolophus ferrumequinum,0.023,0.023,-1,Echolocation,/mnt/ubna_data_02_mir/recover-20221013/UBNA_001/20221012_030000.WAV,Telephone Field,recover-20221013,001,1795
571.2485,571.2875,68437,81667,Rhinolophus ferrumequinum,0.022,0.022,-1,Echolocation,/mnt/ubna_data_02_mir/recover-20221013/UBNA_001/20221012_030000.WAV,Telephone Field,recover-20221013,001,1795
571.2565,571.2924,68437,81680,Rhinolophus ferrumequinum,0.023,0.024,-1,Echolocation,/mnt/ubna_data_02_mir/recover-20221013/UBNA_001/20221012_030000.WAV,Telephone Field,recover-20221013,001,1795
571.2795,571.2869,27187,37099,Eptesicus serotinus,0.009,0.024,-1,Echolocation,/mnt/ubna_data_02_mir/recover-20221013/UBNA_001/20221012_030000.WAV,Telephone Field,recover-20221013,001,1795
571.2915,571.3274,68437,82050,Rhinolophus ferrumequinum,0.023,0.023,-1,Echolocation,/mnt/ubna_data_02_mir/recover-20221013/UBNA_001/20221012_030000.WAV,Telephone Field,recover-20221013,001,1795
571.3355,571.3755,68437,83019,Rhinolophus ferrumequinum,0.025,0.025,-1,Echolocation,/mnt/ubna_data_02_mir/recover-20221013/UBNA_001/20221012_030000.WAV,Telephone Field,recover-20221013,001,1795
571.3715,571.4095,68437,81892,Rhinolophus ferrumequinum,0.026,0.026,-1,Echolocation,/mnt/ubna_data_02_mir/recover-20221013/UBNA_001/20221012_030000.WAV,Telephone Field,recover-20221013,001,1795
571.3745,571.3819,24609,34171,Plecotus austriacus,0.015,0.035,-1,Echolocation,/mnt/ubna_data_02_mir/recover-20221013/UBNA_001/20221012_030000.WAV,Telephone Field,recover-20221013,001,1795
571.3805,571.4194,68437,82205,Rhinolophus ferrumequinum,0.022,0.022,-1,Echolocation,/mnt/ubna_data_02_mir/recover-20221013/UBNA_001/20221012_030000.WAV,Telephone Field,recover-20221013,001,1795
571.4295,571.4372,23750,31864,Plecotus austriacus,0.009,0.021,-1,Echolocation,/mnt/ubna_data_02_mir/recover-20221013/UBNA_001/20221012_030000.WAV,Telephone Field,recover-20221013,001,1795
571.4305,571.4707,68437,83032,Rhinolophus ferrumequinum,0.024,0.024,-1,Echolocation,/mnt/ubna_data_02_mir/recover-20221013/UBNA_001/20221012_030000.WAV,Telephone Field,recover-20221013,001,1795
571.4445,571.484,68437,82241,Rhinolophus ferrumequinum,0.023,0.023,-1,Echolocation,/mnt/ubna_data_02_mir/recover-20221013/UBNA_001/20221012_030000.WAV,Telephone Field,recover-20221013,001,1795
571.4445,571.4561,28046,34453,Eptesicus serotinus,0.016,0.032,-1,Echolocation,/mnt/ubna_data_02_mir/recover-20221013/UBNA_001/20221012_030000.WAV,Telephone Field,recover-20221013,001,1795
571.4745,571.5127,68437,82465,Rhinolophus ferrumequinum,0.023,0.023,-1,Echolocation,/mnt/ubna_data_02_mir/recover-20221013/UBNA_001/20221012_030000.WAV,Telephone Field,recover-20221013,001,1795
571.4915,571.4998,25468,34400,Eptesicus serotinus,0.011,0.035,-1,Echolocation,/mnt/ubna_data_02_mir/recover-20221013/UBNA_001/20221012_030000.WAV,Telephone Field,recover-20221013,001,1795
571.4965,571.5348,68437,81573,Rhinolophus ferrumequinum,0.025,0.025,-1,Echolocation,/mnt/ubna_data_02_mir/recover-20221013/UBNA_001/20221012_030000.WAV,Telephone Field,recover-20221013,001,1795
571.5025,571.5414,68437,82352,Rhinolophus ferrumequinum,0.024,0.024,-1,Echolocation,/mnt/ubna_data_02_mir/recover-20221013/UBNA_001/20221012_030000.WAV,Telephone Field,recover-20221013,001,1795
571.5245,571.561,68437,82203,Rhinolophus ferrumequinum,0.022,0.022,-1,Echolocation,/mnt/ubna_data_02_mir/recover-20221013/UBNA_001/20221012_030000.WAV,Telephone Field,recover-20221013,001,1795
571.5315,571.5712,68437,81589,Rhinolophus ferrumequinum,0.022,0.022,-1,Echolocation,/mnt/ubna_data_02_mir/recover-20221013/UBNA_001/20221012_030000.WAV,Telephone Field,recover-20221013,001,1795
571.5395,571.5783,68437,82404,Rhinolophus ferrumequinum,0.028,0.028,-1,Echolocation,/mnt/ubna_data_02_mir/recover-20221013/UBNA_001/20221012_030000.WAV,Telephone Field,recover-20221013,001,1795
571.5485,571.5861,68437,82154,Rhinolophus ferrumequinum,0.022,0.022,-1,Echolocation,/mnt/ubna_data_02_mir/recover-20221013/UBNA_001/20221012_030000.WAV,Telephone Field,recover-20221013,001,1795
571.5695,571.5808,22890,27231,Nyctalus leisleri,0.02,0.035,-1,Echolocation,/mnt/ubna_data_02_mir/recover-20221013/UBNA_001/20221012_030000.WAV,Telephone Field,recover-20221013,001,1795
571.5945,571.6352,68437,82708,Rhinolophus ferrumequinum,0.024,0.024,-1,Echolocation,/mnt/ubna_data_02_mir/recover-20221013/UBNA_001/20221012_030000.WAV,Telephone Field,recover-20221013,001,1795
571.6045,571.643,68437,81812,Rhinolophus ferrumequinum,0.022,0.022,-1,Echolocation,/mnt/ubna_data_02_mir/recover-20221013/UBNA_001/20221012_030000.WAV,Telephone Field,recover-20221013,001,1795
571.6415,571.6831,68437,82656,Rhinolophus ferrumequinum,0.024,0.024,-1,Echolocation,/mnt/ubna_data_02_mir/recover-20221013/UBNA_001/20221012_030000.WAV,Telephone Field,recover-20221013,001,1795
571.6505,571.6899,68437,82675,Rhinolophus ferrumequinum,0.024,0.024,-1,Echolocation,/mnt/ubna_data_02_mir/recover-20221013/UBNA_001/20221012_030000.WAV,Telephone Field,recover-20221013,001,1795
571.6765,571.7159,68437,82276,Rhinolophus ferrumequinum,0.022,0.022,-1,Echolocation,/mnt/ubna_data_02_mir/recover-20221013/UBNA_001/20221012_030000.WAV,Telephone Field,recover-20221013,001,1795
571.7285,571.7673,68437,82417,Rhinolophus ferrumequinum,0.022,0.022,-1,Echolocation,/mnt/ubna_data_02_mir/recover-20221013/UBNA_001/20221012_030000.WAV,Telephone Field,recover-20221013,001,1795
571.7495,571.7572,44375,49234,Pipistrellus pipistrellus,0.021,0.023,-1,Echolocation,/mnt/ubna_data_02_mir/recover-20221013/UBNA_001/20221012_030000.WAV,Telephone Field,recover-20221013,001,1795
571.7595,571.7697,22890,28640,Nyctalus leisleri,0.01,0.026,-1,Echolocation,/mnt/ubna_data_02_mir/recover-20221013/UBNA_001/20221012_030000.WAV,Telephone Field,recover-20221013,001,1795
571.8175,571.8562,68437,82307,Rhinolophus ferrumequinum,0.023,0.023,-1,Echolocation,/mnt/ubna_data_02_mir/recover-20221013/UBNA_001/20221012_030000.WAV,Telephone Field,recover-20221013,001,1795
571.8195,571.8304,28046,34809,Eptesicus serotinus,0.015,0.031,-1,Echolocation,/mnt/ubna_data_02_mir/recover-20221013/UBNA_001/20221012_030000.WAV,Telephone Field,recover-20221013,001,1795
571.8245,571.8632,68437,82591,Rhinolophus ferrumequinum,0.023,0.023,-1,Echolocation,/mnt/ubna_data_02_mir/recover-20221013/UBNA_001/20221012_030000.WAV,Telephone Field,recover-20221013,001,1795
571.8445,571.8527,27187,39043,Eptesicus serotinus,0.007,0.022,-1,Echolocation,/mnt/ubna_data_02_mir/recover-20221013/UBNA_001/20221012_030000.WAV,Telephone Field,recover-20221013,001,1795
571.9315,571.9416,25468,32842,Eptesicus serotinus,0.011,0.027,-1,Echolocation,/mnt/ubna_data_02_mir/recover-20221013/UBNA_001/20221012_030000.WAV,Telephone Field,recover-20221013,001,1795
571.9625,571.9709,26328,35213,Eptesicus serotinus,0.007,0.023,-1,Echolocation,/mnt/ubna_data_02_mir/recover-20221013/UBNA_001/20221012_030000.WAV,Telephone Field,recover-20221013,001,1795
572.0015,572.0157,19453,24230,Nyctalus leisleri,0.01,0.021,-1,Echolocation,/mnt/ubna_data_02_mir/recover-20221013/UBNA_001/20221012_030000.WAV,Telephone Field,recover-20221013,001,1795
572.0015,572.0099,24609,35095,Nyctalus leisleri,0.006,0.024,-1,Echolocation,/mnt/ubna_data_02_mir/recover-20221013/UBNA_001/20221012_030000.WAV,Telephone Field,recover-20221013,001,1795
572.0015,572.0327,68437,79997,Rhinolophus ferrumequinum,0.033,0.033,-1,Echolocation,/mnt/ubna_data_02_mir/recover-20221013/UBNA_001/20221012_030000.WAV,Telephone Field,recover-20221013,001,1795
572.0015,572.0081,46093,50957,Pipistrellus pipistrellus,0.017,0.021,-1,Echolocation,/mnt/ubna_data_02_mir/recover-20221013/UBNA_001/20221012_030000.WAV,Telephone Field,recover-20221013,001,1795
572.0265,572.0641,68437,81396,Rhinolophus ferrumequinum,0.021,0.021,-1,Echolocation,/mnt/ubna_data_02_mir/recover-20221013/UBNA_001/20221012_030000.WAV,Telephone Field,recover-20221013,001,1795
572.0395,572.0796,68437,81903,Rhinolophus ferrumequinum,0.028,0.028,-1,Echolocation,/mnt/ubna_data_02_mir/recover-20221013/UBNA_001/20221012_030000.WAV,Telephone Field,recover-20221013,001,1795
572.0665,572.1034,68437,81292,Rhinolophus ferrumequinum,0.024,0.024,-1,Echolocation,/mnt/ubna_data_02_mir/recover-20221013/UBNA_001/20221012_030000.WAV,Telephone Field,recover-20221013,001,1795
572.1085,572.1495,68437,82320,Rhinolophus ferrumequinum,0.022,0.022,-1,Echolocation,/mnt/ubna_data_02_mir/recover-20221013/UBNA_001/20221012_030000.WAV,Telephone Field,recover-20221013,001,1795
572.1635,572.2035,68437,82611,Rhinolophus ferrumequinum,0.023,0.023,-1,Echolocation,/mnt/ubna_data_02_mir/recover-20221013/UBNA_001/20221012_030000.WAV,Telephone Field,recover-20221013,001,1795
572.2435,572.2524,27187,36474,Eptesicus serotinus,0.009,0.022,-1,Echolocation,/mnt/ubna_data_02_mir/recover-20221013/UBNA_001/20221012_030000.WAV,Telephone Field,recover-20221013,001,1795
572.2665,572.3042,68437,82263,Rhinolophus ferrumequinum,0.024,0.024,-1,Echolocation,/mnt/ubna_data_02_mir/recover-20221013/UBNA_001/20221012_030000.WAV,Telephone Field,recover-20221013,001,1795
572.3135,572.3226,26328,35520,Eptesicus serotinus,0.008,0.021,-1,Echolocation,/mnt/ubna_data_02_mir/recover-20221013/UBNA_001/20221012_030000.WAV,Telephone Field,recover-20221013,001,1795
572.3175,572.3576,68437,82965,Rhinolophus ferrumequinum,0.024,0.024,-1,Echolocation,/mnt/ubna_data_02_mir/recover-20221013/UBNA_001/20221012_030000.WAV,Telephone Field,recover-20221013,001,1795
572.3305,572.3698,68437,82579,Rhinolophus ferrumequinum,0.023,0.023,-1,Echolocation,/mnt/ubna_data_02_mir/recover-20221013/UBNA_001/20221012_030000.WAV,Telephone Field,recover-20221013,001,1795
572.3515,572.3585,22890,31013,Plecotus austriacus,0.01,0.021,-1,Echolocation,/mnt/ubna_data_02_mir/recover-20221013/UBNA_001/20221012_030000.WAV,Telephone Field,recover-20221013,001,1795
572.3775,572.4141,68437,81744,Rhinolophus ferrumequinum,0.022,0.022,-1,Echolocation,/mnt/ubna_data_02_mir/recover-20221013/UBNA_001/20221012_030000.WAV,Telephone Field,recover-20221013,001,1795
572.4005,572.4405,68437,82738,Rhinolophus ferrumequinum,0.023,0.023,-1,Echolocation,/mnt/ubna_data_02_mir/recover-20221013/UBNA_001/20221012_030000.WAV,Telephone Field,recover-20221013,001,1795
572.4075,572.4471,68437,82181,Rhinolophus ferrumequinum,0.022,0.022,-1,Echolocation,/mnt/ubna_data_02_mir/recover-20221013/UBNA_001/20221012_030000.WAV,Telephone Field,recover-20221013,001,1795
572.4215,572.4613,68437,82105,Rhinolophus ferrumequinum,0.023,0.023,-1,Echolocation,/mnt/ubna_data_02_mir/recover-20221013/UBNA_001/20221012_030000.WAV,Telephone Field,recover-20221013,001,1795
572.4625,572.4997,68437,81649,Rhinolophus ferrumequinum,0.022,0.022,-1,Echolocation,/mnt/ubna_data_02_mir/recover-20221013/UBNA_001/20221012_030000.WAV,Telephone Field,recover-20221013,001,1795
572.4855,572.5251,68437,82564,Rhinolophus ferrumequinum,0.021,0.021,-1,Echolocation,/mnt/ubna_data_02_mir/recover-20221013/UBNA_001/20221012_030000.WAV,Telephone Field,recover-20221013,001,1795
572.5165,572.5579,68437,82850,Rhinolophus ferrumequinum,0.022,0.022,-1,Echolocation,/mnt/ubna_data_02_mir/recover-20221013/UBNA_001/20221012_030000.WAV,Telephone Field,recover-20221013,001,1795
572.5315,572.5394,28046,39334,Eptesicus serotinus,0.007,0.022,-1,Echolocation,/mnt/ubna_data_02_mir/recover-20221013/UBNA_001/20221012_030000.WAV,Telephone Field,recover-20221013,001,1795
572.5395,572.5508,37500,41908,Pipistrellus nathusii,0.011,0.021,-1,Echolocation,/mnt/ubna_data_02_mir/recover-20221013/UBNA_001/20221012_030000.WAV,Telephone Field,recover-20221013,001,1795
572.5615,572.597,68437,80915,Rhinolophus ferrumequinum,0.021,0.021,-1,Echolocation,/mnt/ubna_data_02_mir/recover-20221013/UBNA_001/20221012_030000.WAV,Telephone Field,recover-20221013,001,1795
572.5715,572.6059,68437,80539,Rhinolophus ferrumequinum,0.021,0.021,-1,Echolocation,/mnt/ubna_data_02_mir/recover-20221013/UBNA_001/20221012_030000.WAV,Telephone Field,recover-20221013,001,1795
572.5785,572.6161,68437,82310,Rhinolophus ferrumequinum,0.021,0.021,-1,Echolocation,/mnt/ubna_data_02_mir/recover-20221013/UBNA_001/20221012_030000.WAV,Telephone Field,recover-20221013,001,1795
572.6125,572.6475,68437,80964,Rhinolophus ferrumequinum,0.022,0.022,-1,Echolocation,/mnt/ubna_data_02_mir/recover-20221013/UBNA_001/20221012_030000.WAV,Telephone Field,recover-20221013,001,1795
572.6345,572.642,28046,38700,Eptesicus serotinus,0.007,0.026,-1,Echolocation,/mnt/ubna_data_02_mir/recover-20221013/UBNA_001/20221012_030000.WAV,Telephone Field,recover-20221013,001,1795
572.6345,572.6724,68437,82496,Rhinolophus ferrumequinum,0.028,0.028,-1,Echolocation,/mnt/ubna_data_02_mir/recover-20221013/UBNA_001/20221012_030000.WAV,Telephone Field,recover-20221013,001,1795
572.6655,572.7067,68437,82732,Rhinolophus ferrumequinum,0.023,0.023,-1,Echolocation,/mnt/ubna_data_02_mir/recover-20221013/UBNA_001/20221012_030000.WAV,Telephone Field,recover-20221013,001,1795
572.6885,572.7265,68437,82110,Rhinolophus ferrumequinum,0.022,0.022,-1,Echolocation,/mnt/ubna_data_02_mir/recover-20221013/UBNA_001/20221012_030000.WAV,Telephone Field,recover-20221013,001,1795
572.7055,572.7412,68437,81827,Rhinolophus ferrumequinum,0.027,0.027,-1,Echolocation,/mnt/ubna_data_02_mir/recover-20221013/UBNA_001/20221012_030000.WAV,Telephone Field,recover-20221013,001,1795
572.7585,572.7698,25468,31851,Eptesicus serotinus,0.012,0.027,-1,Echolocation,/mnt/ubna_data_02_mir/recover-20221013/UBNA_001/20221012_030000.WAV,Telephone Field,recover-20221013,001,1795
572.7645,572.805,68437,82877,Rhinolophus ferrumequinum,0.024,0.024,-1,Echolocation,/mnt/ubna_data_02_mir/recover-20221013/UBNA_001/20221012_030000.WAV,Telephone Field,recover-20221013,001,1795
572.7665,572.7763,28046,37336,Eptesicus serotinus,0.008,0.023,-1,Echolocation,/mnt/ubna_data_02_mir/recover-20221013/UBNA_001/20221012_030000.WAV,Telephone Field,recover-20221013,001,1795
572.8355,572.8714,68437,81839,Rhinolophus ferrumequinum,0.022,0.022,-1,Echolocation,/mnt/ubna_data_02_mir/recover-20221013/UBNA_001/20221012_030000.WAV,Telephone Field,recover-20221013,001,1795
572.8405,572.8782,68437,82339,Rhinolophus ferrumequinum,0.021,0.021,-1,Echolocation,/mnt/ubna_data_02_mir/recover-20221013/UBNA_001/20221012_030000.WAV,Telephone Field,recover-20221013,001,1795
572.8495,572.8562,28046,39429,Eptesicus serotinus,0.005,0.022,-1,Echolocation,/mnt/ubna_data_02_mir/recover-20221013/UBNA_001/20221012_030000.WAV,Telephone Field,recover-20221013,001,1795
572.8845,572.9254,68437,82472,Rhinolophus ferrumequinum,0.034,0.034,-1,Echolocation,/mnt/ubna_data_02_mir/recover-20221013/UBNA_001/20221012_030000.WAV,Telephone Field,recover-20221013,001,1795
572.8855,572.894,22890,30250,Plecotus austriacus,0.008,0.023,-1,Echolocation,/mnt/ubna_data_02_mir/recover-20221013/UBNA_001/20221012_030000.WAV,Telephone Field,recover-20221013,001,1795
572.9155,572.9539,68437,82325,Rhinolophus ferrumequinum,0.024,0.024,-1,Echolocation,/mnt/ubna_data_02_mir/recover-20221013/UBNA_001/20221012_030000.WAV,Telephone Field,recover-20221013,001,1795
572.9235,572.9333,27187,36381,Eptesicus serotinus,0.01,0.022,-1,Echolocation,/mnt/ubna_data_02_mir/recover-20221013/UBNA_001/20221012_030000.WAV,Telephone Field,recover-20221013,001,1795
572.9655,573.0067,68437,82796,Rhinolophus ferrumequinum,0.023,0.023,-1,Echolocation,/mnt/ubna_data_02_mir/recover-20221013/UBNA_001/20221012_030000.WAV,Telephone Field,recover-20221013,001,1795
572.9885,573.0247,68437,81398,Rhinolophus ferrumequinum,0.023,0.023,-1,Echolocation,/mnt/ubna_data_02_mir/recover-20221013/UBNA_001/20221012_030000.WAV,Telephone Field,recover-20221013,001,1795
572.9965,573.0056,28046,37448,Eptesicus serotinus,0.009,0.024,-1,Echolocation,/mnt/ubna_data_02_mir/recover-20221013/UBNA_001/20221012_030000.WAV,Telephone Field,recover-20221013,001,1795
573.0255,573.0643,68437,82252,Rhinolophus ferrumequinum,0.022,0.022,-1,Echolocation,/mnt/ubna_data_02_mir/recover-20221013/UBNA_001/20221012_030000.WAV,Telephone Field,recover-20221013,001,1795
573.0345,573.0416,46093,50503,Pipistrellus pipistrellus,0.023,0.024,-1,Echolocation,/mnt/ubna_data_02_mir/recover-20221013/UBNA_001/20221012_030000.WAV,Telephone Field,recover-20221013,001,1795
573.0415,573.0797,68437,82029,Rhinolophus ferrumequinum,0.022,0.022,-1,Echolocation,/mnt/ubna_data_02_mir/recover-20221013/UBNA_001/20221012_030000.WAV,Telephone Field,recover-20221013,001,1795
573.0605,573.1015,68437,82717,Rhinolophus ferrumequinum,0.027,0.027,-1,Echolocation,/mnt/ubna_data_02_mir/recover-20221013/UBNA_001/20221012_030000.WAV,Telephone Field,recover-20221013,001,1795
573.0805,573.0889,37500,43381,Barbastellus barbastellus,0.012,0.029,-1,Echolocation,/mnt/ubna_data_02_mir/recover-20221013/UBNA_001/20221012_030000.WAV,Telephone Field,recover-20221013,001,1795
573.0825,573.1204,68437,81812,Rhinolophus ferrumequinum,0.023,0.023,-1,Echolocation,/mnt/ubna_data_02_mir/recover-20221013/UBNA_001/20221012_030000.WAV,Telephone Field,recover-20221013,001,1795
573.0825,573.0899,27187,39739,Eptesicus serotinus,0.007,0.022,-1,Echolocation,/mnt/ubna_data_02_mir/recover-20221013/UBNA_001/20221012_030000.WAV,Telephone Field,recover-20221013,001,1795
573.1065,573.1442,68437,82153,Rhinolophus ferrumequinum,0.03,0.03,-1,Echolocation,/mnt/ubna_data_02_mir/recover-20221013/UBNA_001/20221012_030000.WAV,Telephone Field,recover-20221013,001,1795
573.1075,573.1183,22031,27131,Nyctalus leisleri,0.011,0.023,-1,Echolocation,/mnt/ubna_data_02_mir/recover-20221013/UBNA_001/20221012_030000.WAV,Telephone Field,recover-20221013,001,1795
573.1445,573.1562,22031,27347,Nyctalus leisleri,0.013,0.028,-1,Echolocation,/mnt/ubna_data_02_mir/recover-20221013/UBNA_001/20221012_030000.WAV,Telephone Field,recover-20221013,001,1795
573.1485,573.1572,27187,38076,Eptesicus serotinus,0.009,0.024,-1,Echolocation,/mnt/ubna_data_02_mir/recover-20221013/UBNA_001/20221012_030000.WAV,Telephone Field,recover-20221013,001,1795
573.1815,573.2193,68437,81234,Rhinolophus ferrumequinum,0.023,0.023,-1,Echolocation,/mnt/ubna_data_02_mir/recover-20221013/UBNA_001/20221012_030000.WAV,Telephone Field,recover-20221013,001,1795
573.1935,573.2298,68437,81593,Rhinolophus ferrumequinum,0.024,0.024,-1,Echolocation,/mnt/ubna_data_02_mir/recover-20221013/UBNA_001/20221012_030000.WAV,Telephone Field,recover-20221013,001,1795
573.1945,573.2015,28046,41677,Eptesicus serotinus,0.008,0.026,-1,Echolocation,/mnt/ubna_data_02_mir/recover-20221013/UBNA_001/20221012_030000.WAV,Telephone Field,recover-20221013,001,1795
573.2235,573.2337,23750,29351,Nyctalus leisleri,0.009,0.021,-1,Echolocation,/mnt/ubna_data_02_mir/recover-20221013/UBNA_001/20221012_030000.WAV,Telephone Field,recover-20221013,001,1795
573.2405,573.2781,68437,82276,Rhinolophus ferrumequinum,0.028,0.028,-1,Echolocation,/mnt/ubna_data_02_mir/recover-20221013/UBNA_001/20221012_030000.WAV,Telephone Field,recover-20221013,001,1795
573.2445,573.2522,27187,37072,Eptesicus serotinus,0.007,0.023,-1,Echolocation,/mnt/ubna_data_02_mir/recover-20221013/UBNA_001/20221012_030000.WAV,Telephone Field,recover-20221013,001,1795
573.2665,573.2737,24609,33908,Plecotus austriacus,0.007,0.021,-1,Echolocation,/mnt/ubna_data_02_mir/recover-20221013/UBNA_001/20221012_030000.WAV,Telephone Field,recover-20221013,001,1795
573.2795,573.2863,31484,45443,Myotis daubentonii,0.011,0.022,-1,Echolocation,/mnt/ubna_data_02_mir/recover-20221013/UBNA_001/20221012_030000.WAV,Telephone Field,recover-20221013,001,1795
573.3015,573.3387,68437,82024,Rhinolophus ferrumequinum,0.022,0.022,-1,Echolocation,/mnt/ubna_data_02_mir/recover-20221013/UBNA_001/20221012_030000.WAV,Telephone Field,recover-20221013,001,1795
573.3125,573.3185,27187,42269,Eptesicus serotinus,0.006,0.029,-1,Echolocation,/mnt/ubna_data_02_mir/recover-20221013/UBNA_001/20221012_030000.WAV,Telephone Field,recover-20221013,001,1795
573.3425,573.3603,22031,25745,Nyctalus leisleri,0.03,0.055,-1,Echolocation,/mnt/ubna_data_02_mir/recover-20221013/UBNA_001/20221012_030000.WAV,Telephone Field,recover-20221013,001,1795
573.3515,573.3916,68437,82662,Rhinolophus ferrumequinum,0.025,0.025,-1,Echolocation,/mnt/ubna_data_02_mir/recover-20221013/UBNA_001/20221012_030000.WAV,Telephone Field,recover-20221013,001,1795
573.3945,573.4047,22890,28713,Nyctalus leisleri,0.009,0.023,-1,Echolocation,/mnt/ubna_data_02_mir/recover-20221013/UBNA_001/20221012_030000.WAV,Telephone Field,recover-20221013,001,1795
573.4065,573.4463,68437,82616,Rhinolophus ferrumequinum,0.026,0.026,-1,Echolocation,/mnt/ubna_data_02_mir/recover-20221013/UBNA_001/20221012_030000.WAV,Telephone Field,recover-20221013,001,1795
573.4755,573.4827,27187,38245,Eptesicus serotinus,0.006,0.021,-1,Echolocation,/mnt/ubna_data_02_mir/recover-20221013/UBNA_001/20221012_030000.WAV,Telephone Field,recover-20221013,001,1795
573.4855,573.4939,27187,39981,Eptesicus serotinus,0.008,0.024,-1,Echolocation,/mnt/ubna_data_02_mir/recover-20221013/UBNA_001/20221012_030000.WAV,Telephone Field,recover-20221013,001,1795
573.5055,573.5448,68437,82046,Rhinolophus ferrumequinum,0.023,0.023,-1,Echolocation,/mnt/ubna_data_02_mir/recover-20221013/UBNA_001/20221012_030000.WAV,Telephone Field,recover-20221013,001,1795
573.5115,573.549,68437,82026,Rhinolophus ferrumequinum,0.022,0.022,-1,Echolocation,/mnt/ubna_data_02_mir/recover-20221013/UBNA_001/20221012_030000.WAV,Telephone Field,recover-20221013,001,1795
573.5915,573.6293,68437,81514,Rhinolophus ferrumequinum,0.022,0.022,-1,Echolocation,/mnt/ubna_data_02_mir/recover-20221013/UBNA_001/20221012_030000.WAV,Telephone Field,recover-20221013,001,1795
573.6025,573.6401,68437,82105,Rhinolophus ferrumequinum,0.021,0.022,-1,Echolocation,/mnt/ubna_data_02_mir/recover-20221013/UBNA_001/20221012_030000.WAV,Telephone Field,recover-20221013,001,1795
573.6205,573.6301,24609,31467,Eptesicus serotinus,0.008,0.023,-1,Echolocation,/mnt/ubna_data_02_mir/recover-20221013/UBNA_001/20221012_030000.WAV,Telephone Field,recover-20221013,001,1795
573.6405,573.6483,27187,40314,Eptesicus serotinus,0.007,0.021,-1,Echolocation,/mnt/ubna_data_02_mir/recover-20221013/UBNA_001/20221012_030000.WAV,Telephone Field,recover-20221013,001,1795
573.6465,573.6853,68437,82276,Rhinolophus ferrumequinum,0.024,0.024,-1,Echolocation,/mnt/ubna_data_02_mir/recover-20221013/UBNA_001/20221012_030000.WAV,Telephone Field,recover-20221013,001,1795
573.6555,573.6967,68437,82530,Rhinolophus ferrumequinum,0.023,0.023,-1,Echolocation,/mnt/ubna_data_02_mir/recover-20221013/UBNA_001/20221012_030000.WAV,Telephone Field,recover-20221013,001,1795
573.6645,573.7064,68437,83022,Rhinolophus ferrumequinum,0.027,0.027,-1,Echolocation,/mnt/ubna_data_02_mir/recover-20221013/UBNA_001/20221012_030000.WAV,Telephone Field,recover-20221013,001,1795
573.6655,573.6728,27187,38153,Eptesicus serotinus,0.007,0.024,-1,Echolocation,/mnt/ubna_data_02_mir/recover-20221013/UBNA_001/20221012_030000.WAV,Telephone Field,recover-20221013,001,1795
573.6865,573.6969,22890,28338,Nyctalus leisleri,0.011,0.025,-1,Echolocation,/mnt/ubna_data_02_mir/recover-20221013/UBNA_001/20221012_030000.WAV,Telephone Field,recover-20221013,001,1795
573.7145,573.7538,68437,82230,Rhinolophus ferrumequinum,0.022,0.022,-1,Echolocation,/mnt/ubna_data_02_mir/recover-20221013/UBNA_001/20221012_030000.WAV,Telephone Field,recover-20221013,001,1795
573.7515,573.7584,26328,40472,Eptesicus serotinus,0.006,0.021,-1,Echolocation,/mnt/ubna_data_02_mir/recover-20221013/UBNA_001/20221012_030000.WAV,Telephone Field,recover-20221013,001,1795
573.7615,573.7986,68437,81970,Rhinolophus ferrumequinum,0.023,0.023,-1,Echolocation,/mnt/ubna_data_02_mir/recover-20221013/UBNA_001/20221012_030000.WAV,Telephone Field,recover-20221013,001,1795
573.7895,573.8297,68437,82917,Rhinolophus ferrumequinum,0.023,0.023,-1,Echolocation,/mnt/ubna_data_02_mir/recover-20221013/UBNA_001/20221012_030000.WAV,Telephone Field,recover-20221013,001,1795
573.7905,573.8004,22031,26830,Nyctalus leisleri,0.011,0.024,-1,Echolocation,/mnt/ubna_data_02_mir/recover-20221013/UBNA_001/20221012_030000.WAV,Telephone Field,recover-20221013,001,1795
573.8285,573.8605,68437,79685,Rhinolophus ferrumequinum,0.024,0.024,-1,Echolocation,/mnt/ubna_data_02_mir/recover-20221013/UBNA_001/20221012_030000.WAV,Telephone Field,recover-20221013,001,1795
573.8595,573.8689,28046,37675,Eptesicus serotinus,0.009,0.023,-1,Echolocation,/mnt/ubna_data_02_mir/recover-20221013/UBNA_001/20221012_030000.WAV,Telephone Field,recover-20221013,001,1795
573.8615,573.8989,68437,81760,Rhinolophus ferrumequinum,0.022,0.022,-1,Echolocation,/mnt/ubna_data_02_mir/recover-20221013/UBNA_001/20221012_030000.WAV,Telephone Field,recover-20221013,001,1795
573.8915,573.9243,68437,79932,Rhinolophus ferrumequinum,0.021,0.022,-1,Echolocation,/mnt/ubna_data_02_mir/recover-20221013/UBNA_001/20221012_030000.WAV,Telephone Field,recover-20221013,001,1795
573.9165,573.9571,68437,82953,Rhinolophus ferrumequinum,0.024,0.024,-1,Echolocation,/mnt/ubna_data_02_mir/recover-20221013/UBNA_001/20221012_030000.WAV,Telephone Field,recover-20221013,001,1795
573.9185,573.929,22890,28569,Nyctalus leisleri,0.009,0.022,-1,Echolocation,/mnt/ubna_data_02_mir/recover-20221013/UBNA_001/20221012_030000.WAV,Telephone Field,recover-20221013,001,1795
573.9225,573.9641,68437,83087,Rhinolophus ferrumequinum,0.022,0.022,-1,Echolocation,/mnt/ubna_data_02_mir/recover-20221013/UBNA_001/20221012_030000.WAV,Telephone Field,recover-20221013,001,1795
573.9375,573.9761,68437,82048,Rhinolophus ferrumequinum,0.028,0.028,-1,Echolocation,/mnt/ubna_data_02_mir/recover-20221013/UBNA_001/20221012_030000.WAV,Telephone Field,recover-20221013,001,1795
573.9825,573.9896,27187,41019,Eptesicus serotinus,0.006,0.023,-1,Echolocation,/mnt/ubna_data_02_mir/recover-20221013/UBNA_001/20221012_030000.WAV,Telephone Field,recover-20221013,001,1795
574.0015,574.0297,70156,81882,Rhinolophus ferrumequinum,0.054,0.055,-1,Echolocation,/mnt/ubna_data_02_mir/recover-20221013/UBNA_001/20221012_030000.WAV,Telephone Field,recover-20221013,001,1795
574.0015,574.0106,22031,29054,Nyctalus leisleri,0.011,0.029,-1,Echolocation,/mnt/ubna_data_02_mir/recover-20221013/UBNA_001/20221012_030000.WAV,Telephone Field,recover-20221013,001,1795
574.0085,574.0472,68437,81883,Rhinolophus ferrumequinum,0.022,0.022,-1,Echolocation,/mnt/ubna_data_02_mir/recover-20221013/UBNA_001/20221012_030000.WAV,Telephone Field,recover-20221013,001,1795
574.0145,574.0573,68437,82875,Rhinolophus ferrumequinum,0.02,0.02,-1,Echolocation,/mnt/ubna_data_02_mir/recover-20221013/UBNA_001/20221012_030000.WAV,Telephone Field,recover-20221013,001,1795
574.0165,574.0279,21171,25185,Nyctalus leisleri,0.012,0.022,-1,Echolocation,/mnt/ubna_data_02_mir/recover-20221013/UBNA_001/20221012_030000.WAV,Telephone Field,recover-20221013,001,1795
574.0195,574.0291,29765,38084,Eptesicus serotinus,0.008,0.02,-1,Echolocation,/mnt/ubna_data_02_mir/recover-20221013/UBNA_001/20221012_030000.WAV,Telephone Field,recover-20221013,001,1795
574.0345,574.0436,25468,32924,Eptesicus serotinus,0.008,0.02,-1,Echolocation,/mnt/ubna_data_02_mir/recover-20221013/UBNA_001/20221012_030000.WAV,Telephone Field,recover-20221013,001,1795
574.0505,574.0863,68437,82156,Rhinolophus ferrumequinum,0.021,0.021,-1,Echolocation,/mnt/ubna_data_02_mir/recover-20221013/UBNA_001/20221012_030000.WAV,Telephone Field,recover-20221013,001,1795
574.0575,574.0932,68437,81924,Rhinolophus ferrumequinum,0.021,0.021,-1,Echolocation,/mnt/ubna_data_02_mir/recover-20221013/UBNA_001/20221012_030000.WAV,Telephone Field,recover-20221013,001,1795
574.0755,574.112,68437,81833,Rhinolophus ferrumequinum,0.025,0.025,-1,Echolocation,/mnt/ubna_data_02_mir/recover-20221013/UBNA_001/20221012_030000.WAV,Telephone Field,recover-20221013,001,1795
574.1005,574.1408,68437,83149,Rhinolophus ferrumequinum,0.03,0.03,-1,Echolocation,/mnt/ubna_data_02_mir/recover-20221013/UBNA_001/20221012_030000.WAV,Telephone Field,recover-20221013,001,1795
574.1305,574.1674,68437,81655,Rhinolophus ferrumequinum,0.022,0.022,-1,Echolocation,/mnt/ubna_data_02_mir/recover-20221013/UBNA_001/20221012_030000.WAV,Telephone Field,recover-20221013,001,1795
574.1605,574.1969,68437,81759,Rhinolophus ferrumequinum,0.021,0.021,-1,Echolocation,/mnt/ubna_data_02_mir/recover-20221013/UBNA_001/20221012_030000.WAV,Telephone Field,recover-20221013,001,1795
574.1815,574.191,28046,38625,Eptesicus serotinus,0.008,0.022,-1,Echolocation,/mnt/ubna_data_02_mir/recover-20221013/UBNA_001/20221012_030000.WAV,Telephone Field,recover-20221013,001,1795
574.1835,574.2228,68437,82211,Rhinolophus ferrumequinum,0.026,0.026,-1,Echolocation,/mnt/ubna_data_02_mir/recover-20221013/UBNA_001/20221012_030000.WAV,Telephone Field,recover-20221013,001,1795
574.2105,574.2484,68437,82029,Rhinolophus ferrumequinum,0.021,0.021,-1,Echolocation,/mnt/ubna_data_02_mir/recover-20221013/UBNA_001/20221012_030000.WAV,Telephone Field,recover-20221013,001,1795
574.2265,574.2653,68437,81947,Rhinolophus ferrumequinum,0.023,0.023,-1,Echolocation,/mnt/ubna_data_02_mir/recover-20221013/UBNA_001/20221012_030000.WAV,Telephone Field,recover-20221013,001,1795
574.2355,574.2704,68437,81577,Rhinolophus ferrumequinum,0.021,0.021,-1,Echolocation,/mnt/ubna_data_02_mir/recover-20221013/UBNA_001/20221012_030000.WAV,Telephone Field,recover-20221013,001,1795
574.2365,574.243,23750,33213,Plecotus austriacus,0.014,0.029,-1,Echolocation,/mnt/ubna_data_02_mir/recover-20221013/UBNA_001/20221012_030000.WAV,Telephone Field,recover-20221013,001,1795
574.2465,574.2825,68437,80908,Rhinolophus ferrumequinum,0.025,0.025,-1,Echolocation,/mnt/ubna_data_02_mir/recover-20221013/UBNA_001/20221012_030000.WAV,Telephone Field,recover-20221013,001,1795
574.2675,574.2766,28046,38505,Eptesicus serotinus,0.01,0.023,-1,Echolocation,/mnt/ubna_data_02_mir/recover-20221013/UBNA_001/20221012_030000.WAV,Telephone Field,recover-20221013,001,1795
574.2795,574.3167,68437,81963,Rhinolophus ferrumequinum,0.022,0.022,-1,Echolocation,/mnt/ubna_data_02_mir/recover-20221013/UBNA_001/20221012_030000.WAV,Telephone Field,recover-20221013,001,1795
574.2875,574.2957,26328,38723,Eptesicus serotinus,0.007,0.02,-1,Echolocation,/mnt/ubna_data_02_mir/recover-20221013/UBNA_001/20221012_030000.WAV,Telephone Field,recover-20221013,001,1795
574.3175,574.3551,68437,83028,Rhinolophus ferrumequinum,0.027,0.027,-1,Echolocation,/mnt/ubna_data_02_mir/recover-20221013/UBNA_001/20221012_030000.WAV,Telephone Field,recover-20221013,001,1795
574.3295,574.3671,68437,81869,Rhinolophus ferrumequinum,0.02,0.02,-1,Echolocation,/mnt/ubna_data_02_mir/recover-20221013/UBNA_001/20221012_030000.WAV,Telephone Field,recover-20221013,001,1795
574.3555,574.3948,68437,82329,Rhinolophus ferrumequinum,0.024,0.024,-1,Echolocation,/mnt/ubna_data_02_mir/recover-20221013/UBNA_001/20221012_030000.WAV,Telephone Field,recover-20221013,001,1795
574.3755,574.4126,68437,82080,Rhinolophus ferrumequinum,0.022,0.022,-1,Echolocation,/mnt/ubna_data_02_mir/recover-20221013/UBNA_001/20221012_030000.WAV,Telephone Field,recover-20221013,001,1795
574.3965,574.4373,68437,83043,Rhinolophus ferrumequinum,0.025,0.025,-1,Echolocation,/mnt/ubna_data_02_mir/recover-20221013/UBNA_001/20221012_030000.WAV,Telephone Field,recover-20221013,001,1795
574.4105,574.4496,68437,82893,Rhinolophus ferrumequinum,0.024,0.024,-1,Echolocation,/mnt/ubna_data_02_mir/recover-20221013/UBNA_001/20221012_030000.WAV,Telephone Field,recover-20221013,001,1795
574.4225,574.4612,68437,81759,Rhinolophus ferrumequinum,0.026,0.026,-1,Echolocation,/mnt/ubna_data_02_mir/recover-20221013/UBNA_001/20221012_030000.WAV,Telephone Field,recover-20221013,001,1795
574.4335,574.4719,68437,82615,Rhinolophus ferrumequinum,0.025,0.025,-1,Echolocation,/mnt/ubna_data_02_mir/recover-20221013/UBNA_001/20221012_030000.WAV,Telephone Field,recover-20221013,001,1795
574.4655,574.5042,68437,82105,Rhinolophus ferrumequinum,0.02,0.02,-1,Echolocation,/mnt/ubna_data_02_mir/recover-20221013/UBNA_001/20221012_030000.WAV,Telephone Field,recover-20221013,001,1795
574.4995,574.5378,68437,82148,Rhinolophus ferrumequinum,0.024,0.024,-1,Echolocation,/mnt/ubna_data_02_mir/recover-20221013/UBNA_001/20221012_030000.WAV,Telephone Field,recover-20221013,001,1795
574.5365,574.5741,68437,81720,Rhinolophus ferrumequinum,0.022,0.022,-1,Echolocation,/mnt/ubna_data_02_mir/recover-20221013/UBNA_001/20221012_030000.WAV,Telephone Field,recover-20221013,001,1795
574.5395,574.5469,32343,41858,Myotis daubentonii,0.01,0.027,-1,Echolocation,/mnt/ubna_data_02_mir/recover-20221013/UBNA_001/20221012_030000.WAV,Telephone Field,recover-20221013,001,1795
574.5595,574.5988,68437,82661,Rhinolophus ferrumequinum,0.021,0.021,-1,Echolocation,/mnt/ubna_data_02_mir/recover-20221013/UBNA_001/20221012_030000.WAV,Telephone Field,recover-20221013,001,1795
574.5675,574.6033,68437,82321,Rhinolophus ferrumequinum,0.023,0.023,-1,Echolocation,/mnt/ubna_data_02_mir/recover-20221013/UBNA_001/20221012_030000.WAV,Telephone Field,recover-20221013,001,1795
574.5755,574.5877,22031,25662,Nyctalus leisleri,0.013,0.022,-1,Echolocation,/mnt/ubna_data_02_mir/recover-20221013/UBNA_001/20221012_030000.WAV,Telephone Field,recover-20221013,001,1795
574.5835,574.6246,68437,82111,Rhinolophus ferrumequinum,0.032,0.032,-1,Echolocation,/mnt/ubna_data_02_mir/recover-20221013/UBNA_001/20221012_030000.WAV,Telephone Field,recover-20221013,001,1795
574.5865,574.593,50390,56678,Pipistrellus pipistrellus,0.021,0.023,-1,Echolocation,/mnt/ubna_data_02_mir/recover-20221013/UBNA_001/20221012_030000.WAV,Telephone Field,recover-20221013,001,1795
574.6535,574.6647,23750,28276,Nyctalus leisleri,0.014,0.027,-1,Echolocation,/mnt/ubna_data_02_mir/recover-20221013/UBNA_001/20221012_030000.WAV,Telephone Field,recover-20221013,001,1795
574.6715,574.7118,68437,82306,Rhinolophus ferrumequinum,0.023,0.023,-1,Echolocation,/mnt/ubna_data_02_mir/recover-20221013/UBNA_001/20221012_030000.WAV,Telephone Field,recover-20221013,001,1795
574.6755,574.6859,22031,26477,Nyctalus leisleri,0.012,0.022,-1,Echolocation,/mnt/ubna_data_02_mir/recover-20221013/UBNA_001/20221012_030000.WAV,Telephone Field,recover-20221013,001,1795
574.6755,574.6828,28906,40605,Eptesicus serotinus,0.006,0.022,-1,Echolocation,/mnt/ubna_data_02_mir/recover-20221013/UBNA_001/20221012_030000.WAV,Telephone Field,recover-20221013,001,1795
574.7045,574.7136,28046,38875,Eptesicus serotinus,0.007,0.02,-1,Echolocation,/mnt/ubna_data_02_mir/recover-20221013/UBNA_001/20221012_030000.WAV,Telephone Field,recover-20221013,001,1795
574.7065,574.7432,68437,81521,Rhinolophus ferrumequinum,0.021,0.021,-1,Echolocation,/mnt/ubna_data_02_mir/recover-20221013/UBNA_001/20221012_030000.WAV,Telephone Field,recover-20221013,001,1795
574.7125,574.7217,27187,38374,Eptesicus serotinus,0.008,0.021,-1,Echolocation,/mnt/ubna_data_02_mir/recover-20221013/UBNA_001/20221012_030000.WAV,Telephone Field,recover-20221013,001,1795
574.7335,574.7718,68437,82117,Rhinolophus ferrumequinum,0.022,0.022,-1,Echolocation,/mnt/ubna_data_02_mir/recover-20221013/UBNA_001/20221012_030000.WAV,Telephone Field,recover-20221013,001,1795
574.7435,574.7811,68437,82481,Rhinolophus ferrumequinum,0.022,0.022,-1,Echolocation,/mnt/ubna_data_02_mir/recover-20221013/UBNA_001/20221012_030000.WAV,Telephone Field,recover-20221013,001,1795
574.8075,574.8488,68437,82748,Rhinolophus ferrumequinum,0.026,0.026,-1,Echolocation,/mnt/ubna_data_02_mir/recover-20221013/UBNA_001/20221012_030000.WAV,Telephone Field,recover-20221013,001,1795
574.8205,574.8574,68437,82179,Rhinolophus ferrumequinum,0.021,0.021,-1,Echolocation,/mnt/ubna_data_02_mir/recover-20221013/UBNA_001/20221012_030000.WAV,Telephone Field,recover-20221013,001,1795
574.8425,574.8833,68437,82398,Rhinolophus ferrumequinum,0.022,0.022,-1,Echolocation,/mnt/ubna_data_02_mir/recover-20221013/UBNA_001/20221012_030000.WAV,Telephone Field,recover-20221013,001,1795
574.8455,574.8569,22031,26312,Nyctalus leisleri,0.014,0.026,-1,Echolocation,/mnt/ubna_data_02_mir/recover-20221013/UBNA_001/20221012_030000.WAV,Telephone Field,recover-20221013,001,1795
574.8695,574.8797,23750,30301,Nyctalus leisleri,0.008,0.021,-1,Echolocation,/mnt/ubna_data_02_mir/recover-20221013/UBNA_001/20221012_030000.WAV,Telephone Field,recover-20221013,001,1795
574.8715,574.9104,68437,82068,Rhinolophus ferrumequinum,0.022,0.022,-1,Echolocation,/mnt/ubna_data_02_mir/recover-20221013/UBNA_001/20221012_030000.WAV,Telephone Field,recover-20221013,001,1795
574.8765,574.9133,68437,81865,Rhinolophus ferrumequinum,0.022,0.022,-1,Echolocation,/mnt/ubna_data_02_mir/recover-20221013/UBNA_001/20221012_030000.WAV,Telephone Field,recover-20221013,001,1795
574.9175,574.9308,22890,27329,Nyctalus leisleri,0.017,0.029,-1,Echolocation,/mnt/ubna_data_02_mir/recover-20221013/UBNA_001/20221012_030000.WAV,Telephone Field,recover-20221013,001,1795
574.9425,574.9794,68437,81859,Rhinolophus ferrumequinum,0.02,0.02,-1,Echolocation,/mnt/ubna_data_02_mir/recover-20221013/UBNA_001/20221012_030000.WAV,Telephone Field,recover-20221013,001,1795
574.9495,574.9574,48671,53578,Pipistrellus pipistrellus,0.019,0.021,-1,Echolocation,/mnt/ubna_data_02_mir/recover-20221013/UBNA_001/20221012_030000.WAV,Telephone Field,recover-20221013,001,1795
574.9685,575.0044,68437,81536,Rhinolophus ferrumequinum,0.022,0.022,-1,Echolocation,/mnt/ubna_data_02_mir/recover-20221013/UBNA_001/20221012_030000.WAV,Telephone Field,recover-20221013,001,1795
574.9905,575.0304,68437,82813,Rhinolophus ferrumequinum,0.02,0.021,-1,Echolocation,/mnt/ubna_data_02_mir/recover-20221013/UBNA_001/20221012_030000.WAV,Telephone Field,recover-20221013,001,1795
575.0055,575.0436,68437,81932,Rhinolophus ferrumequinum,0.02,0.02,-1,Echolocation,/mnt/ubna_data_02_mir/recover-20221013/UBNA_001/20221012_030000.WAV,Telephone Field,recover-20221013,001,1795
575.0245,575.0653,68437,83369,Rhinolophus ferrumequinum,0.041,0.041,-1,Echolocation,/mnt/ubna_data_02_mir/recover-20221013/UBNA_001/20221012_030000.WAV,Telephone Field,recover-20221013,001,1795
575.0445,575.0829,68437,82300,Rhinolophus ferrumequinum,0.023,0.023,-1,Echolocation,/mnt/ubna_data_02_mir/recover-20221013/UBNA_001/20221012_030000.WAV,Telephone Field,recover-20221013,001,1795
575.0645,575.1045,68437,82248,Rhinolophus ferrumequinum,0.022,0.022,-1,Echolocation,/mnt/ubna_data_02_mir/recover-20221013/UBNA_001/20221012_030000.WAV,Telephone Field,recover-20221013,001,1795
575.0875,575.1308,68437,83105,Rhinolophus ferrumequinum,0.023,0.023,-1,Echolocation,/mnt/ubna_data_02_mir/recover-20221013/UBNA_001/20221012_030000.WAV,Telephone Field,recover-20221013,001,1795
575.0975,575.1102,23750,28326,Nyctalus leisleri,0.014,0.028,-1,Echolocation,/mnt/ubna_data_02_mir/recover-20221013/UBNA_001/20221012_030000.WAV,Telephone Field,recover-20221013,001,1795
575.1085,575.1471,68437,82335,Rhinolophus ferrumequinum,0.024,0.024,-1,Echolocation,/mnt/ubna_data_02_mir/recover-20221013/UBNA_001/20221012_030000.WAV,Telephone Field,recover-20221013,001,1795
575.1265,575.1661,68437,82690,Rhinolophus ferrumequinum,0.022,0.022,-1,Echolocation,/mnt/ubna_data_02_mir/recover-20221013/UBNA_001/20221012_030000.WAV,Telephone Field,recover-20221013,001,1795
575.1535,575.1912,68437,82460,Rhinolophus ferrumequinum,0.025,0.025,-1,Echolocation,/mnt/ubna_data_02_mir/recover-20221013/UBNA_001/20221012_030000.WAV,Telephone Field,recover-20221013,001,1795
575.1905,575.2011,23750,30365,Nyctalus leisleri,0.008,0.021,-1,Echolocation,/mnt/ubna_data_02_mir/recover-20221013/UBNA_001/20221012_030000.WAV,Telephone Field,recover-20221013,001,1795
575.2015,575.2117,22031,26843,Nyctalus leisleri,0.011,0.021,-1,Echolocation,/mnt/ubna_data_02_mir/recover-20221013/UBNA_001/20221012_030000.WAV,Telephone Field,recover-20221013,001,1795
575.2045,575.2369,68437,80518,Rhinolophus ferrumequinum,0.021,0.021,-1,Echolocation,/mnt/ubna_data_02_mir/recover-20221013/UBNA_001/20221012_030000.WAV,Telephone Field,recover-20221013,001,1795
575.2105,575.2313,18593,21376,Nyctalus leisleri,0.01,0.02,-1,Echolocation,/mnt/ubna_data_02_mir/recover-20221013/UBNA_001/20221012_030000.WAV,Telephone Field,recover-20221013,001,1795
575.2185,575.2575,68437,82012,Rhinolophus ferrumequinum,0.025,0.025,-1,Echolocation,/mnt/ubna_data_02_mir/recover-20221013/UBNA_001/20221012_030000.WAV,Telephone Field,recover-20221013,001,1795
575.2465,575.2892,68437,82995,Rhinolophus ferrumequinum,0.026,0.026,-1,Echolocation,/mnt/ubna_data_02_mir/recover-20221013/UBNA_001/20221012_030000.WAV,Telephone Field,recover-20221013,001,1795
575.2655,575.2754,22031,28088,Plecotus austriacus,0.01,0.028,-1,Echolocation,/mnt/ubna_data_02_mir/recover-20221013/UBNA_001/20221012_030000.WAV,Telephone Field,recover-20221013,001,1795
575.2735,575.3096,68437,81818,Rhinolophus ferrumequinum,0.022,0.022,-1,Echolocation,/mnt/ubna_data_02_mir/recover-20221013/UBNA_001/20221012_030000.WAV,Telephone Field,recover-20221013,001,1795
575.3085,575.3481,68437,82136,Rhinolophus ferrumequinum,0.035,0.035,-1,Echolocation,/mnt/ubna_data_02_mir/recover-20221013/UBNA_001/20221012_030000.WAV,Telephone Field,recover-20221013,001,1795
575.3295,575.3395,28906,36906,Eptesicus serotinus,0.009,0.022,-1,Echolocation,/mnt/ubna_data_02_mir/recover-20221013/UBNA_001/20221012_030000.WAV,Telephone Field,recover-20221013,001,1795
575.3395,575.377,68437,81920,Rhinolophus ferrumequinum,0.02,0.02,-1,Echolocation,/mnt/ubna_data_02_mir/recover-20221013/UBNA_001/20221012_030000.WAV,Telephone Field,recover-20221013,001,1795
575.3685,575.3806,22031,26167,Nyctalus leisleri,0.012,0.02,-1,Echolocation,/mnt/ubna_data_02_mir/recover-20221013/UBNA_001/20221012_030000.WAV,Telephone Field,recover-20221013,001,1795
575.3725,575.4063,68437,80941,Rhinolophus ferrumequinum,0.023,0.023,-1,Echolocation,/mnt/ubna_data_02_mir/recover-20221013/UBNA_001/20221012_030000.WAV,Telephone Field,recover-20221013,001,1795
575.3835,575.4202,68437,81676,Rhinolophus ferrumequinum,0.03,0.03,-1,Echolocation,/mnt/ubna_data_02_mir/recover-20221013/UBNA_001/20221012_030000.WAV,Telephone Field,recover-20221013,001,1795
575.4015,575.4452,68437,83476,Rhinolophus ferrumequinum,0.045,0.045,-1,Echolocation,/mnt/ubna_data_02_mir/recover-20221013/UBNA_001/20221012_030000.WAV,Telephone Field,recover-20221013,001,1795
575.4435,575.4505,23750,34318,Plecotus austriacus,0.015,0.03,-1,Echolocation,/mnt/ubna_data_02_mir/recover-20221013/UBNA_001/20221012_030000.WAV,Telephone Field,recover-20221013,001,1795
575.4705,575.4805,28906,36464,Eptesicus serotinus,0.007,0.02,-1,Echolocation,/mnt/ubna_data_02_mir/recover-20221013/UBNA_001/20221012_030000.WAV,Telephone Field,recover-20221013,001,1795
575.4865,575.4979,24609,30990,Nyctalus leisleri,0.011,0.028,-1,Echolocation,/mnt/ubna_data_02_mir/recover-20221013/UBNA_001/20221012_030000.WAV,Telephone Field,recover-20221013,001,1795
575.4885,575.5244,68437,81689,Rhinolophus ferrumequinum,0.021,0.021,-1,Echolocation,/mnt/ubna_data_02_mir/recover-20221013/UBNA_001/20221012_030000.WAV,Telephone Field,recover-20221013,001,1795
575.5045,575.5142,23750,29970,Nyctalus leisleri,0.008,0.02,-1,Echolocation,/mnt/ubna_data_02_mir/recover-20221013/UBNA_001/20221012_030000.WAV,Telephone Field,recover-20221013,001,1795
575.5225,575.5643,68437,83024,Rhinolophus ferrumequinum,0.021,0.021,-1,Echolocation,/mnt/ubna_data_02_mir/recover-20221013/UBNA_001/20221012_030000.WAV,Telephone Field,recover-20221013,001,1795
575.5325,575.5402,28046,39053,Eptesicus serotinus,0.007,0.022,-1,Echolocation,/mnt/ubna_data_02_mir/recover-20221013/UBNA_001/20221012_030000.WAV,Telephone Field,recover-20221013,001,1795
575.5385,575.5756,68437,81981,Rhinolophus ferrumequinum,0.021,0.021,-1,Echolocation,/mnt/ubna_data_02_mir/recover-20221013/UBNA_001/20221012_030000.WAV,Telephone Field,recover-20221013,001,1795
575.5595,575.5971,68437,82039,Rhinolophus ferrumequinum,0.02,0.021,-1,Echolocation,/mnt/ubna_data_02_mir/recover-20221013/UBNA_001/20221012_030000.WAV,Telephone Field,recover-20221013,001,1795
575.5925,575.6035,22890,26832,Nyctalus leisleri,0.014,0.024,-1,Echolocation,/mnt/ubna_data_02_mir/recover-20221013/UBNA_001/20221012_030000.WAV,Telephone Field,recover-20221013,001,1795
575.6115,575.62,58984,64795,Pipistrellus pygmaeus,0.024,0.025,-1,Echolocation,/mnt/ubna_data_02_mir/recover-20221013/UBNA_001/20221012_030000.WAV,Telephone Field,recover-20221013,001,1795
575.6225,575.6599,68437,81486,Rhinolophus ferrumequinum,0.026,0.026,-1,Echolocation,/mnt/ubna_data_02_mir/recover-20221013/UBNA_001/20221012_030000.WAV,Telephone Field,recover-20221013,001,1795
575.6345,575.6761,68437,82967,Rhinolophus ferrumequinum,0.032,0.032,-1,Echolocation,/mnt/ubna_data_02_mir/recover-20221013/UBNA_001/20221012_030000.WAV,Telephone Field,recover-20221013,001,1795
575.6445,575.6657,21171,24399,Nyctalus leisleri,0.013,0.023,-1,Echolocation,/mnt/ubna_data_02_mir/recover-20221013/UBNA_001/20221012_030000.WAV,Telephone Field,recover-20221013,001,1795
575.6525,575.6866,68437,80886,Rhinolophus ferrumequinum,0.032,0.032,-1,Echolocation,/mnt/ubna_data_02_mir/recover-20221013/UBNA_001/20221012_030000.WAV,Telephone Field,recover-20221013,001,1795
575.6875,575.7254,68437,81341,Rhinolophus ferrumequinum,0.022,0.022,-1,Echolocation,/mnt/ubna_data_02_mir/recover-20221013/UBNA_001/20221012_030000.WAV,Telephone Field,recover-20221013,001,1795
575.6965,575.7069,28906,36364,Eptesicus serotinus,0.009,0.021,-1,Echolocation,/mnt/ubna_data_02_mir/recover-20221013/UBNA_001/20221012_030000.WAV,Telephone Field,recover-20221013,001,1795
575.6985,575.7353,68437,81647,Rhinolophus ferrumequinum,0.022,0.022,-1,Echolocation,/mnt/ubna_data_02_mir/recover-20221013/UBNA_001/20221012_030000.WAV,Telephone Field,recover-20221013,001,1795
575.7285,575.74,28046,34110,Eptesicus serotinus,0.017,0.032,-1,Echolocation,/mnt/ubna_data_02_mir/recover-20221013/UBNA_001/20221012_030000.WAV,Telephone Field,recover-20221013,001,1795
575.7335,575.7727,68437,81668,Rhinolophus ferrumequinum,0.024,0.024,-1,Echolocation,/mnt/ubna_data_02_mir/recover-20221013/UBNA_001/20221012_030000.WAV,Telephone Field,recover-20221013,001,1795
575.7525,575.7608,24609,34241,Plecotus austriacus,0.008,0.025,-1,Echolocation,/mnt/ubna_data_02_mir/recover-20221013/UBNA_001/20221012_030000.WAV,Telephone Field,recover-20221013,001,1795
575.7685,575.8144,68437,83367,Rhinolophus ferrumequinum,0.053,0.053,-1,Echolocation,/mnt/ubna_data_02_mir/recover-20221013/UBNA_001/20221012_030000.WAV,Telephone Field,recover-20221013,001,1795
575.7895,575.8019,31484,36223,Eptesicus serotinus,0.008,0.028,-1,Echolocation,/mnt/ubna_data_02_mir/recover-20221013/UBNA_001/20221012_030000.WAV,Telephone Field,recover-20221013,001,1795
575.7925,575.8322000000001,68437,82247,Rhinolophus ferrumequinum,0.021,0.021,-1,Echolocation,/mnt/ubna_data_02_mir/recover-20221013/UBNA_001/20221012_030000.WAV,Telephone Field,recover-20221013,001,1795
575.8105,575.8493,68437,81486,Rhinolophus ferrumequinum,0.022,0.022,-1,Echolocation,/mnt/ubna_data_02_mir/recover-20221013/UBNA_001/20221012_030000.WAV,Telephone Field,recover-20221013,001,1795
575.8175,575.8547,68437,81977,Rhinolophus ferrumequinum,0.023,0.023,-1,Echolocation,/mnt/ubna_data_02_mir/recover-20221013/UBNA_001/20221012_030000.WAV,Telephone Field,recover-20221013,001,1795
575.8315,575.8414,22031,26619,Nyctalus leisleri,0.009,0.021,-1,Echolocation,/mnt/ubna_data_02_mir/recover-20221013/UBNA_001/20221012_030000.WAV,Telephone Field,recover-20221013,001,1795
575.8325,575.8705,68437,82015,Rhinolophus ferrumequinum,0.022,0.022,-1,Echolocation,/mnt/ubna_data_02_mir/recover-20221013/UBNA_001/20221012_030000.WAV,Telephone Field,recover-20221013,001,1795
575.8675,575.9053,68437,81452,Rhinolophus ferrumequinum,0.021,0.021,-1,Echolocation,/mnt/ubna_data_02_mir/recover-20221013/UBNA_001/20221012_030000.WAV,Telephone Field,recover-20221013,001,1795
575.8695,575.8784,28906,38453,Eptesicus serotinus,0.007,0.02,-1,Echolocation,/mnt/ubna_data_02_mir/recover-20221013/UBNA_001/20221012_030000.WAV,Telephone Field,recover-20221013,001,1795
575.8835,575.924,68437,82775,Rhinolophus ferrumequinum,0.026,0.027,-1,Echolocation,/mnt/ubna_data_02_mir/recover-20221013/UBNA_001/20221012_030000.WAV,Telephone Field,recover-20221013,001,1795
575.9175,575.9259,28046,38474,Eptesicus serotinus,0.009,0.025,-1,Echolocation,/mnt/ubna_data_02_mir/recover-20221013/UBNA_001/20221012_030000.WAV,Telephone Field,recover-20221013,001,1795
575.9705,575.9778,27187,36095,Eptesicus serotinus,0.021,0.051,-1,Echolocation,/mnt/ubna_data_02_mir/recover-20221013/UBNA_001/20221012_030000.WAV,Telephone Field,recover-20221013,001,1795
576.0015,576.0316,69296,81529,Rhinolophus ferrumequinum,0.029,0.029,-1,Echolocation,/mnt/ubna_data_02_mir/recover-20221013/UBNA_001/20221012_030000.WAV,Telephone Field,recover-20221013,001,1795
576.0015,576.015,19453,24507,Nyctalus noctula,0.01,0.025,-1,Echolocation,/mnt/ubna_data_02_mir/recover-20221013/UBNA_001/20221012_030000.WAV,Telephone Field,recover-20221013,001,1795
576.0015,576.0082,25468,38235,Myotis nattereri,0.007,0.026,-1,Echolocation,/mnt/ubna_data_02_mir/recover-20221013/UBNA_001/20221012_030000.WAV,Telephone Field,recover-20221013,001,1795
576.0135,576.0555,68437,82677,Rhinolophus ferrumequinum,0.032,0.032,-1,Echolocation,/mnt/ubna_data_02_mir/recover-20221013/UBNA_001/20221012_030000.WAV,Telephone Field,recover-20221013,001,1795
576.0175,576.0286,22890,28569,Nyctalus leisleri,0.01,0.025,-1,Echolocation,/mnt/ubna_data_02_mir/recover-20221013/UBNA_001/20221012_030000.WAV,Telephone Field,recover-20221013,001,1795
576.0405,576.0797,68437,82273,Rhinolophus ferrumequinum,0.021,0.021,-1,Echolocation,/mnt/ubna_data_02_mir/recover-20221013/UBNA_001/20221012_030000.WAV,Telephone Field,recover-20221013,001,1795
576.0425,576.0507,28046,41840,Eptesicus serotinus,0.007,0.022,-1,Echolocation,/mnt/ubna_data_02_mir/recover-20221013/UBNA_001/20221012_030000.WAV,Telephone Field,recover-20221013,001,1795
576.0675,576.108,68437,82678,Rhinolophus ferrumequinum,0.024,0.024,-1,Echolocation,/mnt/ubna_data_02_mir/recover-20221013/UBNA_001/20221012_030000.WAV,Telephone Field,recover-20221013,001,1795
576.0935,576.1317,68437,82314,Rhinolophus ferrumequinum,0.024,0.024,-1,Echolocation,/mnt/ubna_data_02_mir/recover-20221013/UBNA_001/20221012_030000.WAV,Telephone Field,recover-20221013,001,1795
576.1165,576.1557,68437,82089,Rhinolophus ferrumequinum,0.024,0.024,-1,Echolocation,/mnt/ubna_data_02_mir/recover-20221013/UBNA_001/20221012_030000.WAV,Telephone Field,recover-20221013,001,1795
576.1475,576.1571,27187,35123,Eptesicus serotinus,0.01,0.022,-1,Echolocation,/mnt/ubna_data_02_mir/recover-20221013/UBNA_001/20221012_030000.WAV,Telephone Field,recover-20221013,001,1795
576.1905,576.2285,68437,81925,Rhinolophus ferrumequinum,0.023,0.023,-1,Echolocation,/mnt/ubna_data_02_mir/recover-20221013/UBNA_001/20221012_030000.WAV,Telephone Field,recover-20221013,001,1795
576.1975,576.2093,24609,31350,Nyctalus leisleri,0.011,0.027,-1,Echolocation,/mnt/ubna_data_02_mir/recover-20221013/UBNA_001/20221012_030000.WAV,Telephone Field,recover-20221013,001,1795
576.2695,576.3073,68437,82118,Rhinolophus ferrumequinum,0.023,0.023,-1,Echolocation,/mnt/ubna_data_02_mir/recover-20221013/UBNA_001/20221012_030000.WAV,Telephone Field,recover-20221013,001,1795
576.2935,576.3012,23750,32404,Plecotus austriacus,0.011,0.024,-1,Echolocation,/mnt/ubna_data_02_mir/recover-20221013/UBNA_001/20221012_030000.WAV,Telephone Field,recover-20221013,001,1795
576.3235,576.3317,28046,36292,Eptesicus serotinus,0.013,0.033,-1,Echolocation,/mnt/ubna_data_02_mir/recover-20221013/UBNA_001/20221012_030000.WAV,Telephone Field,recover-20221013,001,1795
576.3425,576.3554,23750,28903,Nyctalus leisleri,0.018,0.037,-1,Echolocation,/mnt/ubna_data_02_mir/recover-20221013/UBNA_001/20221012_030000.WAV,Telephone Field,recover-20221013,001,1795
576.3645,576.4097,68437,83584,Rhinolophus ferrumequinum,0.046,0.046,-1,Echolocation,/mnt/ubna_data_02_mir/recover-20221013/UBNA_001/20221012_030000.WAV,Telephone Field,recover-20221013,001,1795
576.4105,576.4207,22890,28771,Nyctalus leisleri,0.009,0.023,-1,Echolocation,/mnt/ubna_data_02_mir/recover-20221013/UBNA_001/20221012_030000.WAV,Telephone Field,recover-20221013,001,1795
576.4515,576.4911,68437,82707,Rhinolophus ferrumequinum,0.033,0.033,-1,Echolocation,/mnt/ubna_data_02_mir/recover-20221013/UBNA_001/20221012_030000.WAV,Telephone Field,recover-20221013,001,1795
576.4705,576.4795,27187,42387,Eptesicus serotinus,0.01,0.024,-1,Echolocation,/mnt/ubna_data_02_mir/recover-20221013/UBNA_001/20221012_030000.WAV,Telephone Field,recover-20221013,001,1795
576.4925,576.5314,68437,82436,Rhinolophus ferrumequinum,0.032,0.032,-1,Echolocation,/mnt/ubna_data_02_mir/recover-20221013/UBNA_001/20221012_030000.WAV,Telephone Field,recover-20221013,001,1795
576.5095,576.5198,23750,30244,Nyctalus leisleri,0.009,0.023,-1,Echolocation,/mnt/ubna_data_02_mir/recover-20221013/UBNA_001/20221012_030000.WAV,Telephone Field,recover-20221013,001,1795
576.5205,576.5318,23750,29612,Nyctalus leisleri,0.009,0.021,-1,Echolocation,/mnt/ubna_data_02_mir/recover-20221013/UBNA_001/20221012_030000.WAV,Telephone Field,recover-20221013,001,1795
576.5405,576.5791,68437,82420,Rhinolophus ferrumequinum,0.024,0.024,-1,Echolocation,/mnt/ubna_data_02_mir/recover-20221013/UBNA_001/20221012_030000.WAV,Telephone Field,recover-20221013,001,1795
576.5515,576.5593,22890,30153,Plecotus austriacus,0.011,0.023,-1,Echolocation,/mnt/ubna_data_02_mir/recover-20221013/UBNA_001/20221012_030000.WAV,Telephone Field,recover-20221013,001,1795
576.5675,576.6086,68437,82360,Rhinolophus ferrumequinum,0.021,0.021,-1,Echolocation,/mnt/ubna_data_02_mir/recover-20221013/UBNA_001/20221012_030000.WAV,Telephone Field,recover-20221013,001,1795
576.5735,576.5843,24609,32135,Eptesicus serotinus,0.01,0.026,-1,Echolocation,/mnt/ubna_data_02_mir/recover-20221013/UBNA_001/20221012_030000.WAV,Telephone Field,recover-20221013,001,1795
576.5875,576.6282,68437,82524,Rhinolophus ferrumequinum,0.024,0.024,-1,Echolocation,/mnt/ubna_data_02_mir/recover-20221013/UBNA_001/20221012_030000.WAV,Telephone Field,recover-20221013,001,1795
576.5975,576.6361,68437,82846,Rhinolophus ferrumequinum,0.023,0.023,-1,Echolocation,/mnt/ubna_data_02_mir/recover-20221013/UBNA_001/20221012_030000.WAV,Telephone Field,recover-20221013,001,1795
576.6085,576.6173,27187,35868,Eptesicus serotinus,0.007,0.021,-1,Echolocation,/mnt/ubna_data_02_mir/recover-20221013/UBNA_001/20221012_030000.WAV,Telephone Field,recover-20221013,001,1795
576.6505,576.6884,68437,81807,Rhinolophus ferrumequinum,0.023,0.023,-1,Echolocation,/mnt/ubna_data_02_mir/recover-20221013/UBNA_001/20221012_030000.WAV,Telephone Field,recover-20221013,001,1795
576.6645,576.6752,27187,34638,Eptesicus serotinus,0.011,0.022,-1,Echolocation,/mnt/ubna_data_02_mir/recover-20221013/UBNA_001/20221012_030000.WAV,Telephone Field,recover-20221013,001,1795
576.6755,576.7163,68437,81983,Rhinolophus ferrumequinum,0.022,0.022,-1,Echolocation,/mnt/ubna_data_02_mir/recover-20221013/UBNA_001/20221012_030000.WAV,Telephone Field,recover-20221013,001,1795
576.6815,576.7229,68437,82476,Rhinolophus ferrumequinum,0.029,0.029,-1,Echolocation,/mnt/ubna_data_02_mir/recover-20221013/UBNA_001/20221012_030000.WAV,Telephone Field,recover-20221013,001,1795
576.7235,576.7639,68437,82857,Rhinolophus ferrumequinum,0.026,0.026,-1,Echolocation,/mnt/ubna_data_02_mir/recover-20221013/UBNA_001/20221012_030000.WAV,Telephone Field,recover-20221013,001,1795
576.7525,576.7917,68437,82299,Rhinolophus ferrumequinum,0.021,0.021,-1,Echolocation,/mnt/ubna_data_02_mir/recover-20221013/UBNA_001/20221012_030000.WAV,Telephone Field,recover-20221013,001,1795
576.7535,576.7625,21171,27638,Plecotus austriacus,0.011,0.025,-1,Echolocation,/mnt/ubna_data_02_mir/recover-20221013/UBNA_001/20221012_030000.WAV,Telephone Field,recover-20221013,001,1795
576.7535,576.7607,47812,52785,Pipistrellus pipistrellus,0.022,0.024,-1,Echolocation,/mnt/ubna_data_02_mir/recover-20221013/UBNA_001/20221012_030000.WAV,Telephone Field,recover-20221013,001,1795
576.7615,576.8009,68437,82335,Rhinolophus ferrumequinum,0.022,0.022,-1,Echolocation,/mnt/ubna_data_02_mir/recover-20221013/UBNA_001/20221012_030000.WAV,Telephone Field,recover-20221013,001,1795
576.7655,576.7738,27187,38316,Eptesicus serotinus,0.008,0.023,-1,Echolocation,/mnt/ubna_data_02_mir/recover-20221013/UBNA_001/20221012_030000.WAV,Telephone Field,recover-20221013,001,1795
576.7865,576.8253,68437,81841,Rhinolophus ferrumequinum,0.021,0.021,-1,Echolocation,/mnt/ubna_data_02_mir/recover-20221013/UBNA_001/20221012_030000.WAV,Telephone Field,recover-20221013,001,1795
576.8135,576.8537,68437,82537,Rhinolophus ferrumequinum,0.025,0.026,-1,Echolocation,/mnt/ubna_data_02_mir/recover-20221013/UBNA_001/20221012_030000.WAV,Telephone Field,recover-20221013,001,1795
576.8365,576.8499,23750,29071,Nyctalus leisleri,0.019,0.04,-1,Echolocation,/mnt/ubna_data_02_mir/recover-20221013/UBNA_001/20221012_030000.WAV,Telephone Field,recover-20221013,001,1795
576.8945,576.9313,68437,80934,Rhinolophus ferrumequinum,0.024,0.024,-1,Echolocation,/mnt/ubna_data_02_mir/recover-20221013/UBNA_001/20221012_030000.WAV,Telephone Field,recover-20221013,001,1795
576.8945,576.9042,28906,37072,Eptesicus serotinus,0.009,0.023,-1,Echolocation,/mnt/ubna_data_02_mir/recover-20221013/UBNA_001/20221012_030000.WAV,Telephone Field,recover-20221013,001,1795
576.9135,576.9203,28046,37226,Eptesicus serotinus,0.006,0.023,-1,Echolocation,/mnt/ubna_data_02_mir/recover-20221013/UBNA_001/20221012_030000.WAV,Telephone Field,recover-20221013,001,1795
576.9385,576.9794,68437,82429,Rhinolophus ferrumequinum,0.026,0.026,-1,Echolocation,/mnt/ubna_data_02_mir/recover-20221013/UBNA_001/20221012_030000.WAV,Telephone Field,recover-20221013,001,1795
576.9415,576.9483,27187,37873,Eptesicus serotinus,0.006,0.023,-1,Echolocation,/mnt/ubna_data_02_mir/recover-20221013/UBNA_001/20221012_030000.WAV,Telephone Field,recover-20221013,001,1795
576.9805,576.9911,22890,27769,Nyctalus leisleri,0.012,0.024,-1,Echolocation,/mnt/ubna_data_02_mir/recover-20221013/UBNA_001/20221012_030000.WAV,Telephone Field,recover-20221013,001,1795
576.9885,577.0112,19453,21978,Nyctalus leisleri,0.014,0.027,-1,Echolocation,/mnt/ubna_data_02_mir/recover-20221013/UBNA_001/20221012_030000.WAV,Telephone Field,recover-20221013,001,1795
577.0135,577.0223,47812,54934,Pipistrellus pipistrellus,0.022,0.024,-1,Echolocation,/mnt/ubna_data_02_mir/recover-20221013/UBNA_001/20221012_030000.WAV,Telephone Field,recover-20221013,001,1795
577.0455,577.0541,22890,30577,Plecotus austriacus,0.012,0.028,-1,Echolocation,/mnt/ubna_data_02_mir/recover-20221013/UBNA_001/20221012_030000.WAV,Telephone Field,recover-20221013,001,1795
577.0725,577.0836,23750,28954,Nyctalus leisleri,0.011,0.024,-1,Echolocation,/mnt/ubna_data_02_mir/recover-20221013/UBNA_001/20221012_030000.WAV,Telephone Field,recover-20221013,001,1795
577.0955,577.1353,68437,82785,Rhinolophus ferrumequinum,0.024,0.024,-1,Echolocation,/mnt/ubna_data_02_mir/recover-20221013/UBNA_001/20221012_030000.WAV,Telephone Field,recover-20221013,001,1795
577.1295,577.1685,68437,81705,Rhinolophus ferrumequinum,0.022,0.022,-1,Echolocation,/mnt/ubna_data_02_mir/recover-20221013/UBNA_001/20221012_030000.WAV,Telephone Field,recover-20221013,001,1795
577.1665,577.2058,68437,81664,Rhinolophus ferrumequinum,0.025,0.025,-1,Echolocation,/mnt/ubna_data_02_mir/recover-20221013/UBNA_001/20221012_030000.WAV,Telephone Field,recover-20221013,001,1795
577.1895,577.1996,28906,36299,Eptesicus serotinus,0.012,0.031,-1,Echolocation,/mnt/ubna_data_02_mir/recover-20221013/UBNA_001/20221012_030000.WAV,Telephone Field,recover-20221013,001,1795
577.2485,577.2882,68437,81973,Rhinolophus ferrumequinum,0.021,0.021,-1,Echolocation,/mnt/ubna_data_02_mir/recover-20221013/UBNA_001/20221012_030000.WAV,Telephone Field,recover-20221013,001,1795
577.2575,577.2979,68437,82059,Rhinolophus ferrumequinum,0.022,0.022,-1,Echolocation,/mnt/ubna_data_02_mir/recover-20221013/UBNA_001/20221012_030000.WAV,Telephone Field,recover-20221013,001,1795
577.2945,577.3032,22890,29902,Plecotus austriacus,0.009,0.023,-1,Echolocation,/mnt/ubna_data_02_mir/recover-20221013/UBNA_001/20221012_030000.WAV,Telephone Field,recover-20221013,001,1795
577.2955,577.3341,68437,81505,Rhinolophus ferrumequinum,0.021,0.021,-1,Echolocation,/mnt/ubna_data_02_mir/recover-20221013/UBNA_001/20221012_030000.WAV,Telephone Field,recover-20221013,001,1795
577.3075,577.3499,68437,82981,Rhinolophus ferrumequinum,0.036,0.036,-1,Echolocation,/mnt/ubna_data_02_mir/recover-20221013/UBNA_001/20221012_030000.WAV,Telephone Field,recover-20221013,001,1795
577.3175,577.3578,68437,82761,Rhinolophus ferrumequinum,0.045,0.045,-1,Echolocation,/mnt/ubna_data_02_mir/recover-20221013/UBNA_001/20221012_030000.WAV,Telephone Field,recover-20221013,001,1795
577.3355,577.3437,59843,66533,Pipistrellus pygmaeus,0.024,0.024,-1,Echolocation,/mnt/ubna_data_02_mir/recover-20221013/UBNA_001/20221012_030000.WAV,Telephone Field,recover-20221013,001,1795
577.3665,577.4042,68437,81938,Rhinolophus ferrumequinum,0.022,0.022,-1,Echolocation,/mnt/ubna_data_02_mir/recover-20221013/UBNA_001/20221012_030000.WAV,Telephone Field,recover-20221013,001,1795
577.3935,577.4274,68437,81029,Rhinolophus ferrumequinum,0.021,0.022,-1,Echolocation,/mnt/ubna_data_02_mir/recover-20221013/UBNA_001/20221012_030000.WAV,Telephone Field,recover-20221013,001,1795
577.3945,577.4025,24609,33245,Plecotus austriacus,0.006,0.021,-1,Echolocation,/mnt/ubna_data_02_mir/recover-20221013/UBNA_001/20221012_030000.WAV,Telephone Field,recover-20221013,001,1795
577.4065,577.4137,47812,52225,Pipistrellus pipistrellus,0.025,0.028,-1,Echolocation,/mnt/ubna_data_02_mir/recover-20221013/UBNA_001/20221012_030000.WAV,Telephone Field,recover-20221013,001,1795
577.4305,577.469,68437,81975,Rhinolophus ferrumequinum,0.022,0.022,-1,Echolocation,/mnt/ubna_data_02_mir/recover-20221013/UBNA_001/20221012_030000.WAV,Telephone Field,recover-20221013,001,1795
577.4525,577.4646,23750,28368,Nyctalus leisleri,0.014,0.028,-1,Echolocation,/mnt/ubna_data_02_mir/recover-20221013/UBNA_001/20221012_030000.WAV,Telephone Field,recover-20221013,001,1795
577.4545,577.4919,68437,82036,Rhinolophus ferrumequinum,0.021,0.021,-1,Echolocation,/mnt/ubna_data_02_mir/recover-20221013/UBNA_001/20221012_030000.WAV,Telephone Field,recover-20221013,001,1795
577.4675,577.4733,24609,34786,Plecotus austriacus,0.014,0.034,-1,Echolocation,/mnt/ubna_data_02_mir/recover-20221013/UBNA_001/20221012_030000.WAV,Telephone Field,recover-20221013,001,1795
577.4755,577.5168,68437,82254,Rhinolophus ferrumequinum,0.023,0.024,-1,Echolocation,/mnt/ubna_data_02_mir/recover-20221013/UBNA_001/20221012_030000.WAV,Telephone Field,recover-20221013,001,1795
577.5015,577.5098,28906,38926,Eptesicus serotinus,0.008,0.026,-1,Echolocation,/mnt/ubna_data_02_mir/recover-20221013/UBNA_001/20221012_030000.WAV,Telephone Field,recover-20221013,001,1795
577.5325,577.5406,28046,38238,Eptesicus serotinus,0.008,0.023,-1,Echolocation,/mnt/ubna_data_02_mir/recover-20221013/UBNA_001/20221012_030000.WAV,Telephone Field,recover-20221013,001,1795
577.5495,577.5657,20312,24235,Nyctalus leisleri,0.012,0.025,-1,Echolocation,/mnt/ubna_data_02_mir/recover-20221013/UBNA_001/20221012_030000.WAV,Telephone Field,recover-20221013,001,1795
577.6095,577.6451,67578,79345,Rhinolophus ferrumequinum,0.027,0.027,-1,Echolocation,/mnt/ubna_data_02_mir/recover-20221013/UBNA_001/20221012_030000.WAV,Telephone Field,recover-20221013,001,1795
577.6305,577.6677999999999,68437,81525,Rhinolophus ferrumequinum,0.022,0.022,-1,Echolocation,/mnt/ubna_data_02_mir/recover-20221013/UBNA_001/20221012_030000.WAV,Telephone Field,recover-20221013,001,1795
577.6555,577.6938,68437,81904,Rhinolophus ferrumequinum,0.024,0.024,-1,Echolocation,/mnt/ubna_data_02_mir/recover-20221013/UBNA_001/20221012_030000.WAV,Telephone Field,recover-20221013,001,1795
577.6915,577.7329,68437,82435,Rhinolophus ferrumequinum,0.021,0.021,-1,Echolocation,/mnt/ubna_data_02_mir/recover-20221013/UBNA_001/20221012_030000.WAV,Telephone Field,recover-20221013,001,1795
577.7925,577.8027,24609,30796,Nyctalus leisleri,0.008,0.021,-1,Echolocation,/mnt/ubna_data_02_mir/recover-20221013/UBNA_001/20221012_030000.WAV,Telephone Field,recover-20221013,001,1795
577.7945,577.8325,68437,81341,Rhinolophus ferrumequinum,0.023,0.023,-1,Echolocation,/mnt/ubna_data_02_mir/recover-20221013/UBNA_001/20221012_030000.WAV,Telephone Field,recover-20221013,001,1795
577.8075,577.8479,68437,82913,Rhinolophus ferrumequinum,0.024,0.024,-1,Echolocation,/mnt/ubna_data_02_mir/recover-20221013/UBNA_001/20221012_030000.WAV,Telephone Field,recover-20221013,001,1795
577.8145,577.8541,68437,82716,Rhinolophus ferrumequinum,0.023,0.023,-1,Echolocation,/mnt/ubna_data_02_mir/recover-20221013/UBNA_001/20221012_030000.WAV,Telephone Field,recover-20221013,001,1795
577.8235,577.8645,68437,82409,Rhinolophus ferrumequinum,0.023,0.023,-1,Echolocation,/mnt/ubna_data_02_mir/recover-20221013/UBNA_001/20221012_030000.WAV,Telephone Field,recover-20221013,001,1795
577.8525,577.896,68437,83465,Rhinolophus ferrumequinum,0.036,0.036,-1,Echolocation,/mnt/ubna_data_02_mir/recover-20221013/UBNA_001/20221012_030000.WAV,Telephone Field,recover-20221013,001,1795
577.8775,577.8875,23750,29731,Nyctalus leisleri,0.009,0.022,-1,Echolocation,/mnt/ubna_data_02_mir/recover-20221013/UBNA_001/20221012_030000.WAV,Telephone Field,recover-20221013,001,1795
577.9495,577.9594,28906,35341,Eptesicus serotinus,0.009,0.023,-1,Echolocation,/mnt/ubna_data_02_mir/recover-20221013/UBNA_001/20221012_030000.WAV,Telephone Field,recover-20221013,001,1795
577.9585,577.9957,68437,81752,Rhinolophus ferrumequinum,0.021,0.021,-1,Echolocation,/mnt/ubna_data_02_mir/recover-20221013/UBNA_001/20221012_030000.WAV,Telephone Field,recover-20221013,001,1795
577.9745,577.983,28046,37901,Eptesicus serotinus,0.009,0.024,-1,Echolocation,/mnt/ubna_data_02_mir/recover-20221013/UBNA_001/20221012_030000.WAV,Telephone Field,recover-20221013,001,1795
578.0015,578.0314,70156,83387,Rhinolophus ferrumequinum,0.035,0.035,-1,Echolocation,/mnt/ubna_data_02_mir/recover-20221013/UBNA_001/20221012_030000.WAV,Telephone Field,recover-20221013,001,1795
578.0015,578.015,19453,24277,Nyctalus leisleri,0.011,0.027,-1,Echolocation,/mnt/ubna_data_02_mir/recover-20221013/UBNA_001/20221012_030000.WAV,Telephone Field,recover-20221013,001,1795
578.0015,578.0104,27187,36372,Nyctalus leisleri,0.007,0.026,-1,Echolocation,/mnt/ubna_data_02_mir/recover-20221013/UBNA_001/20221012_030000.WAV,Telephone Field,recover-20221013,001,1795
578.0375,578.0773,68437,82776,Rhinolophus ferrumequinum,0.026,0.026,-1,Echolocation,/mnt/ubna_data_02_mir/recover-20221013/UBNA_001/20221012_030000.WAV,Telephone Field,recover-20221013,001,1795
578.0815,578.1233,68437,82835,Rhinolophus ferrumequinum,0.039,0.039,-1,Echolocation,/mnt/ubna_data_02_mir/recover-20221013/UBNA_001/20221012_030000.WAV,Telephone Field,recover-20221013,001,1795
578.1675,578.2068,68437,82289,Rhinolophus ferrumequinum,0.021,0.021,-1,Echolocation,/mnt/ubna_data_02_mir/recover-20221013/UBNA_001/20221012_030000.WAV,Telephone Field,recover-20221013,001,1795
578.1925,578.2328,68437,82867,Rhinolophus ferrumequinum,0.03,0.03,-1,Echolocation,/mnt/ubna_data_02_mir/recover-20221013/UBNA_001/20221012_030000.WAV,Telephone Field,recover-20221013,001,1795
578.2045,578.2454,68437,82574,Rhinolophus ferrumequinum,0.031,0.031,-1,Echolocation,/mnt/ubna_data_02_mir/recover-20221013/UBNA_001/20221012_030000.WAV,Telephone Field,recover-20221013,001,1795
578.2565,578.2938,68437,81967,Rhinolophus ferrumequinum,0.023,0.023,-1,Echolocation,/mnt/ubna_data_02_mir/recover-20221013/UBNA_001/20221012_030000.WAV,Telephone Field,recover-20221013,001,1795
578.2645,578.3017,68437,81682,Rhinolophus ferrumequinum,0.024,0.024,-1,Echolocation,/mnt/ubna_data_02_mir/recover-20221013/UBNA_001/20221012_030000.WAV,Telephone Field,recover-20221013,001,1795
578.2735,578.3151,68437,82186,Rhinolophus ferrumequinum,0.023,0.023,-1,Echolocation,/mnt/ubna_data_02_mir/recover-20221013/UBNA_001/20221012_030000.WAV,Telephone Field,recover-20221013,001,1795
578.2835,578.2905,23750,33008,Plecotus austriacus,0.012,0.025,-1,Echolocation,/mnt/ubna_data_02_mir/recover-20221013/UBNA_001/20221012_030000.WAV,Telephone Field,recover-20221013,001,1795
578.2985,578.3353,68437,81120,Rhinolophus ferrumequinum,0.022,0.022,-1,Echolocation,/mnt/ubna_data_02_mir/recover-20221013/UBNA_001/20221012_030000.WAV,Telephone Field,recover-20221013,001,1795
578.3045,578.3135,27187,37111,Eptesicus serotinus,0.008,0.022,-1,Echolocation,/mnt/ubna_data_02_mir/recover-20221013/UBNA_001/20221012_030000.WAV,Telephone Field,recover-20221013,001,1795
578.3325,578.3696,68437,81434,Rhinolophus ferrumequinum,0.022,0.022,-1,Echolocation,/mnt/ubna_data_02_mir/recover-20221013/UBNA_001/20221012_030000.WAV,Telephone Field,recover-20221013,001,1795
578.3345,578.3427,24609,33273,Eptesicus serotinus,0.008,0.03,-1,Echolocation,/mnt/ubna_data_02_mir/recover-20221013/UBNA_001/20221012_030000.WAV,Telephone Field,recover-20221013,001,1795
578.3915,578.4266,68437,81115,Rhinolophus ferrumequinum,0.032,0.032,-1,Echolocation,/mnt/ubna_data_02_mir/recover-20221013/UBNA_001/20221012_030000.WAV,Telephone Field,recover-20221013,001,1795
578.3995,578.4101,23750,30426,Nyctalus leisleri,0.011,0.027,-1,Echolocation,/mnt/ubna_data_02_mir/recover-20221013/UBNA_001/20221012_030000.WAV,Telephone Field,recover-20221013,001,1795
578.4415,578.4767,68437,81708,Rhinolophus ferrumequinum,0.024,0.024,-1,Echolocation,/mnt/ubna_data_02_mir/recover-20221013/UBNA_001/20221012_030000.WAV,Telephone Field,recover-20221013,001,1795
578.4635,578.4727,28046,36481,Eptesicus serotinus,0.008,0.024,-1,Echolocation,/mnt/ubna_data_02_mir/recover-20221013/UBNA_001/20221012_030000.WAV,Telephone Field,recover-20221013,001,1795
578.4695,578.5051,68437,81385,Rhinolophus ferrumequinum,0.023,0.023,-1,Echolocation,/mnt/ubna_data_02_mir/recover-20221013/UBNA_001/20221012_030000.WAV,Telephone Field,recover-20221013,001,1795
578.4805,578.5179,68437,82136,Rhinolophus ferrumequinum,0.022,0.022,-1,Echolocation,/mnt/ubna_data_02_mir/recover-20221013/UBNA_001/20221012_030000.WAV,Telephone Field,recover-20221013,001,1795
578.4825,578.4943,23750,29388,Nyctalus leisleri,0.016,0.034,-1,Echolocation,/mnt/ubna_data_02_mir/recover-20221013/UBNA_001/20221012_030000.WAV,Telephone Field,recover-20221013,001,1795
578.4885,578.5005,40078,43475,Pipistrellus nathusii,0.315,0.329,-1,Echolocation,/mnt/ubna_data_02_mir/recover-20221013/UBNA_001/20221012_030000.WAV,Telephone Field,recover-20221013,001,1795
578.5195,578.5608,68437,82664,Rhinolophus ferrumequinum,0.023,0.023,-1,Echolocation,/mnt/ubna_data_02_mir/recover-20221013/UBNA_001/20221012_030000.WAV,Telephone Field,recover-20221013,001,1795
578.5395,578.5779,68437,82258,Rhinolophus ferrumequinum,0.021,0.021,-1,Echolocation,/mnt/ubna_data_02_mir/recover-20221013/UBNA_001/20221012_030000.WAV,Telephone Field,recover-20221013,001,1795
578.5565,578.5664,40078,43083,Pipistrellus nathusii,0.13,0.162,-1,Echolocation,/mnt/ubna_data_02_mir/recover-20221013/UBNA_001/20221012_030000.WAV,Telephone Field,recover-20221013,001,1795
578.5575,578.5927,68437,81461,Rhinolophus ferrumequinum,0.024,0.024,-1,Echolocation,/mnt/ubna_data_02_mir/recover-20221013/UBNA_001/20221012_030000.WAV,Telephone Field,recover-20221013,001,1795
578.5595,578.5661,27187,41700,Eptesicus serotinus,0.007,0.028,-1,Echolocation,/mnt/ubna_data_02_mir/recover-20221013/UBNA_001/20221012_030000.WAV,Telephone Field,recover-20221013,001,1795
578.6185,578.6265,23750,31608,Plecotus austriacus,0.008,0.022,-1,Echolocation,/mnt/ubna_data_02_mir/recover-20221013/UBNA_001/20221012_030000.WAV,Telephone Field,recover-20221013,001,1795
578.6605,578.7005,68437,82220,Rhinolophus ferrumequinum,0.023,0.023,-1,Echolocation,/mnt/ubna_data_02_mir/recover-20221013/UBNA_001/20221012_030000.WAV,Telephone Field,recover-20221013,001,1795
578.6665,578.7086,68437,82437,Rhinolophus ferrumequinum,0.023,0.023,-1,Echolocation,/mnt/ubna_data_02_mir/recover-20221013/UBNA_001/20221012_030000.WAV,Telephone Field,recover-20221013,001,1795
578.6765,578.6845,26328,38479,Eptesicus serotinus,0.007,0.023,-1,Echolocation,/mnt/ubna_data_02_mir/recover-20221013/UBNA_001/20221012_030000.WAV,Telephone Field,recover-20221013,001,1795
578.6895,578.6993,24609,31562,Eptesicus serotinus,0.008,0.023,-1,Echolocation,/mnt/ubna_data_02_mir/recover-20221013/UBNA_001/20221012_030000.WAV,Telephone Field,recover-20221013,001,1795
578.6935,578.731,68437,81668,Rhinolophus ferrumequinum,0.022,0.022,-1,Echolocation,/mnt/ubna_data_02_mir/recover-20221013/UBNA_001/20221012_030000.WAV,Telephone Field,recover-20221013,001,1795
578.7155,578.7575,68437,83134,Rhinolophus ferrumequinum,0.026,0.026,-1,Echolocation,/mnt/ubna_data_02_mir/recover-20221013/UBNA_001/20221012_030000.WAV,Telephone Field,recover-20221013,001,1795
578.7335,578.7728,68437,82421,Rhinolophus ferrumequinum,0.022,0.022,-1,Echolocation,/mnt/ubna_data_02_mir/recover-20221013/UBNA_001/20221012_030000.WAV,Telephone Field,recover-20221013,001,1795
578.7635,578.8,68437,82233,Rhinolophus ferrumequinum,0.026,0.026,-1,Echolocation,/mnt/ubna_data_02_mir/recover-20221013/UBNA_001/20221012_030000.WAV,Telephone Field,recover-20221013,001,1795
578.7755,578.7829,28046,40418,Eptesicus serotinus,0.007,0.024,-1,Echolocation,/mnt/ubna_data_02_mir/recover-20221013/UBNA_001/20221012_030000.WAV,Telephone Field,recover-20221013,001,1795
578.7915,578.8273,68437,81878,Rhinolophus ferrumequinum,0.021,0.021,-1,Echolocation,/mnt/ubna_data_02_mir/recover-20221013/UBNA_001/20221012_030000.WAV,Telephone Field,recover-20221013,001,1795
578.8085,578.8472,68437,82751,Rhinolophus ferrumequinum,0.027,0.027,-1,Echolocation,/mnt/ubna_data_02_mir/recover-20221013/UBNA_001/20221012_030000.WAV,Telephone Field,recover-20221013,001,1795
578.8155,578.853,68437,82324,Rhinolophus ferrumequinum,0.023,0.023,-1,Echolocation,/mnt/ubna_data_02_mir/recover-20221013/UBNA_001/20221012_030000.WAV,Telephone Field,recover-20221013,001,1795
578.8355,578.8781,68437,83056,Rhinolophus ferrumequinum,0.038,0.038,-1,Echolocation,/mnt/ubna_data_02_mir/recover-20221013/UBNA_001/20221012_030000.WAV,Telephone Field,recover-20221013,001,1795
578.8445,578.8849,68437,82638,Rhinolophus ferrumequinum,0.027,0.027,-1,Echolocation,/mnt/ubna_data_02_mir/recover-20221013/UBNA_001/20221012_030000.WAV,Telephone Field,recover-20221013,001,1795
578.9085,578.9456,68437,81222,Rhinolophus ferrumequinum,0.022,0.022,-1,Echolocation,/mnt/ubna_data_02_mir/recover-20221013/UBNA_001/20221012_030000.WAV,Telephone Field,recover-20221013,001,1795
578.9155,578.9252,28046,40180,Eptesicus serotinus,0.009,0.024,-1,Echolocation,/mnt/ubna_data_02_mir/recover-20221013/UBNA_001/20221012_030000.WAV,Telephone Field,recover-20221013,001,1795
578.9415,578.9816,68437,81897,Rhinolophus ferrumequinum,0.023,0.023,-1,Echolocation,/mnt/ubna_data_02_mir/recover-20221013/UBNA_001/20221012_030000.WAV,Telephone Field,recover-20221013,001,1795
578.9625,578.9721,28046,38856,Eptesicus serotinus,0.008,0.021,-1,Echolocation,/mnt/ubna_data_02_mir/recover-20221013/UBNA_001/20221012_030000.WAV,Telephone Field,recover-20221013,001,1795
578.9695,578.9816,22031,26756,Nyctalus leisleri,0.013,0.027,-1,Echolocation,/mnt/ubna_data_02_mir/recover-20221013/UBNA_001/20221012_030000.WAV,Telephone Field,recover-20221013,001,1795
578.9825,579.0237,68437,82708,Rhinolophus ferrumequinum,0.032,0.032,-1,Echolocation,/mnt/ubna_data_02_mir/recover-20221013/UBNA_001/20221012_030000.WAV,Telephone Field,recover-20221013,001,1795
578.9975,579.0355,68437,81865,Rhinolophus ferrumequinum,0.021,0.021,-1,Echolocation,/mnt/ubna_data_02_mir/recover-20221013/UBNA_001/20221012_030000.WAV,Telephone Field,recover-20221013,001,1795
579.0235,579.0327,23750,30513,Nyctalus leisleri,0.008,0.029,-1,Echolocation,/mnt/ubna_data_02_mir/recover-20221013/UBNA_001/20221012_030000.WAV,Telephone Field,recover-20221013,001,1795
579.0635,579.1057,68437,82897,Rhinolophus ferrumequinum,0.025,0.025,-1,Echolocation,/mnt/ubna_data_02_mir/recover-20221013/UBNA_001/20221012_030000.WAV,Telephone Field,recover-20221013,001,1795
579.0865,579.1266,68437,81705,Rhinolophus ferrumequinum,0.022,0.022,-1,Echolocation,/mnt/ubna_data_02_mir/recover-20221013/UBNA_001/20221012_030000.WAV,Telephone Field,recover-20221013,001,1795
579.0985,579.1384,68437,82313,Rhinolophus ferrumequinum,0.022,0.022,-1,Echolocation,/mnt/ubna_data_02_mir/recover-20221013/UBNA_001/20221012_030000.WAV,Telephone Field,recover-20221013,001,1795
579.1345,579.1744,68437,81756,Rhinolophus ferrumequinum,0.03,0.03,-1,Echolocation,/mnt/ubna_data_02_mir/recover-20221013/UBNA_001/20221012_030000.WAV,Telephone Field,recover-20221013,001,1795
579.1495,579.1576,28046,37643,Eptesicus serotinus,0.009,0.026,-1,Echolocation,/mnt/ubna_data_02_mir/recover-20221013/UBNA_001/20221012_030000.WAV,Telephone Field,recover-20221013,001,1795
579.1785,579.2199,68437,82325,Rhinolophus ferrumequinum,0.024,0.024,-1,Echolocation,/mnt/ubna_data_02_mir/recover-20221013/UBNA_001/20221012_030000.WAV,Telephone Field,recover-20221013,001,1795
579.1835,579.1933,28046,37123,Eptesicus serotinus,0.011,0.028,-1,Echolocation,/mnt/ubna_data_02_mir/recover-20221013/UBNA_001/20221012_030000.WAV,Telephone Field,recover-20221013,001,1795
579.1855,579.2249,68437,82253,Rhinolophus ferrumequinum,0.024,0.024,-1,Echolocation,/mnt/ubna_data_02_mir/recover-20221013/UBNA_001/20221012_030000.WAV,Telephone Field,recover-20221013,001,1795
579.2005,579.2372,68437,81920,Rhinolophus ferrumequinum,0.023,0.023,-1,Echolocation,/mnt/ubna_data_02_mir/recover-20221013/UBNA_001/20221012_030000.WAV,Telephone Field,recover-20221013,001,1795
579.2085,579.2482,68437,82671,Rhinolophus ferrumequinum,0.022,0.022,-1,Echolocation,/mnt/ubna_data_02_mir/recover-20221013/UBNA_001/20221012_030000.WAV,Telephone Field,recover-20221013,001,1795
579.2255,579.2618,68437,81654,Rhinolophus ferrumequinum,0.022,0.022,-1,Echolocation,/mnt/ubna_data_02_mir/recover-20221013/UBNA_001/20221012_030000.WAV,Telephone Field,recover-20221013,001,1795
579.2545,579.2923,68437,82082,Rhinolophus ferrumequinum,0.022,0.022,-1,Echolocation,/mnt/ubna_data_02_mir/recover-20221013/UBNA_001/20221012_030000.WAV,Telephone Field,recover-20221013,001,1795
579.2645,579.3032,68437,82474,Rhinolophus ferrumequinum,0.026,0.026,-1,Echolocation,/mnt/ubna_data_02_mir/recover-20221013/UBNA_001/20221012_030000.WAV,Telephone Field,recover-20221013,001,1795
579.2775,579.2858,54687,59534,Pipistrellus pygmaeus,0.018,0.021,-1,Echolocation,/mnt/ubna_data_02_mir/recover-20221013/UBNA_001/20221012_030000.WAV,Telephone Field,recover-20221013,001,1795
579.2995,579.3379,68437,82143,Rhinolophus ferrumequinum,0.022,0.022,-1,Echolocation,/mnt/ubna_data_02_mir/recover-20221013/UBNA_001/20221012_030000.WAV,Telephone Field,recover-20221013,001,1795
579.3095,579.3521,68437,82722,Rhinolophus ferrumequinum,0.03,0.03,-1,Echolocation,/mnt/ubna_data_02_mir/recover-20221013/UBNA_001/20221012_030000.WAV,Telephone Field,recover-20221013,001,1795
579.3315,579.3681,68437,81329,Rhinolophus ferrumequinum,0.022,0.023,-1,Echolocation,/mnt/ubna_data_02_mir/recover-20221013/UBNA_001/20221012_030000.WAV,Telephone Field,recover-20221013,001,1795
579.3485,579.3858,68437,82294,Rhinolophus ferrumequinum,0.025,0.025,-1,Echolocation,/mnt/ubna_data_02_mir/recover-20221013/UBNA_001/20221012_030000.WAV,Telephone Field,recover-20221013,001,1795
579.3585,579.3976,68437,81770,Rhinolophus ferrumequinum,0.021,0.021,-1,Echolocation,/mnt/ubna_data_02_mir/recover-20221013/UBNA_001/20221012_030000.WAV,Telephone Field,recover-20221013,001,1795
579.3685,579.3782,28046,38510,Eptesicus serotinus,0.011,0.026,-1,Echolocation,/mnt/ubna_data_02_mir/recover-20221013/UBNA_001/20221012_030000.WAV,Telephone Field,recover-20221013,001,1795
579.4085,579.4477,68437,82169,Rhinolophus ferrumequinum,0.026,0.026,-1,Echolocation,/mnt/ubna_data_02_mir/recover-20221013/UBNA_001/20221012_030000.WAV,Telephone Field,recover-20221013,001,1795
579.4185,579.4564,68437,82172,Rhinolophus ferrumequinum,0.022,0.022,-1,Echolocation,/mnt/ubna_data_02_mir/recover-20221013/UBNA_001/20221012_030000.WAV,Telephone Field,recover-20221013,001,1795
579.4495,579.4896,68437,82953,Rhinolophus ferrumequinum,0.024,0.024,-1,Echolocation,/mnt/ubna_data_02_mir/recover-20221013/UBNA_001/20221012_030000.WAV,Telephone Field,recover-20221013,001,1795
579.4655,579.5056,68437,82793,Rhinolophus ferrumequinum,0.026,0.026,-1,Echolocation,/mnt/ubna_data_02_mir/recover-20221013/UBNA_001/20221012_030000.WAV,Telephone Field,recover-20221013,001,1795
579.4675,579.4735,27187,43294,Eptesicus serotinus,0.005,0.025,-1,Echolocation,/mnt/ubna_data_02_mir/recover-20221013/UBNA_001/20221012_030000.WAV,Telephone Field,recover-20221013,001,1795
579.4905,579.5303,68437,82718,Rhinolophus ferrumequinum,0.025,0.025,-1,Echolocation,/mnt/ubna_data_02_mir/recover-20221013/UBNA_001/20221012_030000.WAV,Telephone Field,recover-20221013,001,1795
579.5095,579.547,68437,82170,Rhinolophus ferrumequinum,0.022,0.022,-1,Echolocation,/mnt/ubna_data_02_mir/recover-20221013/UBNA_001/20221012_030000.WAV,Telephone Field,recover-20221013,001,1795
579.5165,579.5581,68437,82828,Rhinolophus ferrumequinum,0.022,0.022,-1,Echolocation,/mnt/ubna_data_02_mir/recover-20221013/UBNA_001/20221012_030000.WAV,Telephone Field,recover-20221013,001,1795
579.5585,579.5952,68437,82171,Rhinolophus ferrumequinum,0.022,0.022,-1,Echolocation,/mnt/ubna_data_02_mir/recover-20221013/UBNA_001/20221012_030000.WAV,Telephone Field,recover-20221013,001,1795
579.5885,579.628,68437,81889,Rhinolophus ferrumequinum,0.022,0.022,-1,Echolocation,/mnt/ubna_data_02_mir/recover-20221013/UBNA_001/20221012_030000.WAV,Telephone Field,recover-20221013,001,1795
579.6155,579.6528,68437,81773,Rhinolophus ferrumequinum,0.023,0.023,-1,Echolocation,/mnt/ubna_data_02_mir/recover-20221013/UBNA_001/20221012_030000.WAV,Telephone Field,recover-20221013,001,1795
579.6225,579.6592,68437,81714,Rhinolophus ferrumequinum,0.022,0.023,-1,Echolocation,/mnt/ubna_data_02_mir/recover-20221013/UBNA_001/20221012_030000.WAV,Telephone Field,recover-20221013,001,1795
579.6465,579.6865,68437,82196,Rhinolophus ferrumequinum,0.026,0.026,-1,Echolocation,/mnt/ubna_data_02_mir/recover-20221013/UBNA_001/20221012_030000.WAV,Telephone Field,recover-20221013,001,1795
579.6705,579.7094,68437,82127,Rhinolophus ferrumequinum,0.025,0.025,-1,Echolocation,/mnt/ubna_data_02_mir/recover-20221013/UBNA_001/20221012_030000.WAV,Telephone Field,recover-20221013,001,1795
579.7025,579.7089,46953,52595,Pipistrellus pipistrellus,0.022,0.024,-1,Echolocation,/mnt/ubna_data_02_mir/recover-20221013/UBNA_001/20221012_030000.WAV,Telephone Field,recover-20221013,001,1795
579.7325,579.7748,68437,83152,Rhinolophus ferrumequinum,0.027,0.027,-1,Echolocation,/mnt/ubna_data_02_mir/recover-20221013/UBNA_001/20221012_030000.WAV,Telephone Field,recover-20221013,001,1795
579.7625,579.8006,68437,81745,Rhinolophus ferrumequinum,0.024,0.024,-1,Echolocation,/mnt/ubna_data_02_mir/recover-20221013/UBNA_001/20221012_030000.WAV,Telephone Field,recover-20221013,001,1795
579.7725,579.7797,28046,38638,Eptesicus serotinus,0.006,0.021,-1,Echolocation,/mnt/ubna_data_02_mir/recover-20221013/UBNA_001/20221012_030000.WAV,Telephone Field,recover-20221013,001,1795
579.7985,579.8076,22890,30078,Plecotus austriacus,0.009,0.024,-1,Echolocation,/mnt/ubna_data_02_mir/recover-20221013/UBNA_001/20221012_030000.WAV,Telephone Field,recover-20221013,001,1795
579.8195,579.8625,68437,83397,Rhinolophus ferrumequinum,0.023,0.023,-1,Echolocation,/mnt/ubna_data_02_mir/recover-20221013/UBNA_001/20221012_030000.WAV,Telephone Field,recover-20221013,001,1795
579.8465,579.8851,68437,82926,Rhinolophus ferrumequinum,0.024,0.024,-1,Echolocation,/mnt/ubna_data_02_mir/recover-20221013/UBNA_001/20221012_030000.WAV,Telephone Field,recover-20221013,001,1795
579.8695,579.9118,68437,83371,Rhinolophus ferrumequinum,0.034,0.034,-1,Echolocation,/mnt/ubna_data_02_mir/recover-20221013/UBNA_001/20221012_030000.WAV,Telephone Field,recover-20221013,001,1795
579.8715,579.8773,50390,56203,Pipistrellus pipistrellus,0.022,0.025,-1,Echolocation,/mnt/ubna_data_02_mir/recover-20221013/UBNA_001/20221012_030000.WAV,Telephone Field,recover-20221013,001,1795
579.9035,579.9436,68437,82526,Rhinolophus ferrumequinum,0.022,0.022,-1,Echolocation,/mnt/ubna_data_02_mir/recover-20221013/UBNA_001/20221012_030000.WAV,Telephone Field,recover-20221013,001,1795
579.9135,579.9208,26328,38836,Eptesicus serotinus,0.008,0.024,-1,Echolocation,/mnt/ubna_data_02_mir/recover-20221013/UBNA_001/20221012_030000.WAV,Telephone Field,recover-20221013,001,1795
579.9245,579.9618,68437,82051,Rhinolophus ferrumequinum,0.022,0.022,-1,Echolocation,/mnt/ubna_data_02_mir/recover-20221013/UBNA_001/20221012_030000.WAV,Telephone Field,recover-20221013,001,1795
579.9425,579.9832,68437,82284,Rhinolophus ferrumequinum,0.027,0.027,-1,Echolocation,/mnt/ubna_data_02_mir/recover-20221013/UBNA_001/20221012_030000.WAV,Telephone Field,recover-20221013,001,1795
579.9725,579.9831,23750,29840,Nyctalus leisleri,0.011,0.025,-1,Echolocation,/mnt/ubna_data_02_mir/recover-20221013/UBNA_001/20221012_030000.WAV,Telephone Field,recover-20221013,001,1795
580.0015,580.0107,27187,37481,Eptesicus serotinus,0.009,0.029,-1,Echolocation,/mnt/ubna_data_02_mir/recover-20221013/UBNA_001/20221012_030000.WAV,Telephone Field,recover-20221013,001,1795
580.0015,580.0098,45234,50713,Pipistrellus pipistrellus,0.02,0.024,-1,Echolocation,/mnt/ubna_data_02_mir/recover-20221013/UBNA_001/20221012_030000.WAV,Telephone Field,recover-20221013,001,1795
580.0015,580.032,68437,80539,Rhinolophus ferrumequinum,0.027,0.027,-1,Echolocation,/mnt/ubna_data_02_mir/recover-20221013/UBNA_001/20221012_030000.WAV,Telephone Field,recover-20221013,001,1795
580.0015,580.0117,21171,27015,Nyctalus leisleri,0.01,0.025,-1,Echolocation,/mnt/ubna_data_02_mir/recover-20221013/UBNA_001/20221012_030000.WAV,Telephone Field,recover-20221013,001,1795
580.0095,580.0196,28906,36316,Eptesicus serotinus,0.009,0.024,-1,Echolocation,/mnt/ubna_data_02_mir/recover-20221013/UBNA_001/20221012_030000.WAV,Telephone Field,recover-20221013,001,1795
580.0345,580.0444,28906,36551,Eptesicus serotinus,0.009,0.024,-1,Echolocation,/mnt/ubna_data_02_mir/recover-20221013/UBNA_001/20221012_030000.WAV,Telephone Field,recover-20221013,001,1795
580.0575,580.0776,18593,21732,Nyctalus noctula,0.011,0.022,-1,Echolocation,/mnt/ubna_data_02_mir/recover-20221013/UBNA_001/20221012_030000.WAV,Telephone Field,recover-20221013,001,1795
580.1115,580.1465,68437,81395,Rhinolophus ferrumequinum,0.022,0.022,-1,Echolocation,/mnt/ubna_data_02_mir/recover-20221013/UBNA_001/20221012_030000.WAV,Telephone Field,recover-20221013,001,1795
580.1235,580.1324,28046,37584,Eptesicus serotinus,0.011,0.027,-1,Echolocation,/mnt/ubna_data_02_mir/recover-20221013/UBNA_001/20221012_030000.WAV,Telephone Field,recover-20221013,001,1795
580.1355,580.1797,68437,83318,Rhinolophus ferrumequinum,0.029,0.029,-1,Echolocation,/mnt/ubna_data_02_mir/recover-20221013/UBNA_001/20221012_030000.WAV,Telephone Field,recover-20221013,001,1795
580.1665,580.175,27187,36774,Eptesicus serotinus,0.01,0.025,-1,Echolocation,/mnt/ubna_data_02_mir/recover-20221013/UBNA_001/20221012_030000.WAV,Telephone Field,recover-20221013,001,1795
580.1665,580.2038,68437,82200,Rhinolophus ferrumequinum,0.022,0.022,-1,Echolocation,/mnt/ubna_data_02_mir/recover-20221013/UBNA_001/20221012_030000.WAV,Telephone Field,recover-20221013,001,1795
580.1785,580.1879,25468,33241,Eptesicus serotinus,0.03,0.064,-1,Echolocation,/mnt/ubna_data_02_mir/recover-20221013/UBNA_001/20221012_030000.WAV,Telephone Field,recover-20221013,001,1795
580.2045,580.2163,22031,26159,Nyctalus leisleri,0.013,0.022,-1,Echolocation,/mnt/ubna_data_02_mir/recover-20221013/UBNA_001/20221012_030000.WAV,Telephone Field,recover-20221013,001,1795
580.2095,580.2515,68437,82350,Rhinolophus ferrumequinum,0.028,0.028,-1,Echolocation,/mnt/ubna_data_02_mir/recover-20221013/UBNA_001/20221012_030000.WAV,Telephone Field,recover-20221013,001,1795
580.2295,580.2366,28046,39467,Eptesicus serotinus,0.006,0.023,-1,Echolocation,/mnt/ubna_data_02_mir/recover-20221013/UBNA_001/20221012_030000.WAV,Telephone Field,recover-20221013,001,1795
580.2355,580.2774,68437,82827,Rhinolophus ferrumequinum,0.024,0.024,-1,Echolocation,/mnt/ubna_data_02_mir/recover-20221013/UBNA_001/20221012_030000.WAV,Telephone Field,recover-20221013,001,1795
580.2665,580.2777,37500,43125,Myotis daubentonii,0.004,0.022,-1,Echolocation,/mnt/ubna_data_02_mir/recover-20221013/UBNA_001/20221012_030000.WAV,Telephone Field,recover-20221013,001,1795
580.3335,580.374,68437,82585,Rhinolophus ferrumequinum,0.023,0.023,-1,Echolocation,/mnt/ubna_data_02_mir/recover-20221013/UBNA_001/20221012_030000.WAV,Telephone Field,recover-20221013,001,1795
580.3575,580.3957,68437,82430,Rhinolophus ferrumequinum,0.024,0.024,-1,Echolocation,/mnt/ubna_data_02_mir/recover-20221013/UBNA_001/20221012_030000.WAV,Telephone Field,recover-20221013,001,1795
580.3755,580.4157,68437,82975,Rhinolophus ferrumequinum,0.023,0.023,-1,Echolocation,/mnt/ubna_data_02_mir/recover-20221013/UBNA_001/20221012_030000.WAV,Telephone Field,recover-20221013,001,1795
580.4055,580.4455,68437,81909,Rhinolophus ferrumequinum,0.026,0.026,-1,Echolocation,/mnt/ubna_data_02_mir/recover-20221013/UBNA_001/20221012_030000.WAV,Telephone Field,recover-20221013,001,1795
580.4145,580.4532,68437,82038,Rhinolophus ferrumequinum,0.023,0.023,-1,Echolocation,/mnt/ubna_data_02_mir/recover-20221013/UBNA_001/20221012_030000.WAV,Telephone Field,recover-20221013,001,1795
580.4305,580.4386,28906,38628,Eptesicus serotinus,0.008,0.026,-1,Echolocation,/mnt/ubna_data_02_mir/recover-20221013/UBNA_001/20221012_030000.WAV,Telephone Field,recover-20221013,001,1795
580.4565,580.4647,27187,38226,Eptesicus serotinus,0.009,0.025,-1,Echolocation,/mnt/ubna_data_02_mir/recover-20221013/UBNA_001/20221012_030000.WAV,Telephone Field,recover-20221013,001,1795
580.4735,580.5153,68437,83095,Rhinolophus ferrumequinum,0.037,0.037,-1,Echolocation,/mnt/ubna_data_02_mir/recover-20221013/UBNA_001/20221012_030000.WAV,Telephone Field,recover-20221013,001,1795
580.5005,580.5085,27187,38416,Eptesicus serotinus,0.008,0.023,-1,Echolocation,/mnt/ubna_data_02_mir/recover-20221013/UBNA_001/20221012_030000.WAV,Telephone Field,recover-20221013,001,1795
580.5155,580.5249,27187,38847,Eptesicus serotinus,0.01,0.025,-1,Echolocation,/mnt/ubna_data_02_mir/recover-20221013/UBNA_001/20221012_030000.WAV,Telephone Field,recover-20221013,001,1795
580.5185,580.5588,68437,82429,Rhinolophus ferrumequinum,0.026,0.026,-1,Echolocation,/mnt/ubna_data_02_mir/recover-20221013/UBNA_001/20221012_030000.WAV,Telephone Field,recover-20221013,001,1795
580.5195,580.5315,48671,53169,Pipistrellus pipistrellus,0.033,0.036,-1,Echolocation,/mnt/ubna_data_02_mir/recover-20221013/UBNA_001/20221012_030000.WAV,Telephone Field,recover-20221013,001,1795
580.5415,580.5824,68437,82398,Rhinolophus ferrumequinum,0.022,0.022,-1,Echolocation,/mnt/ubna_data_02_mir/recover-20221013/UBNA_001/20221012_030000.WAV,Telephone Field,recover-20221013,001,1795
580.6385,580.6796,68437,82538,Rhinolophus ferrumequinum,0.024,0.024,-1,Echolocation,/mnt/ubna_data_02_mir/recover-20221013/UBNA_001/20221012_030000.WAV,Telephone Field,recover-20221013,001,1795
580.6525,580.6882,68437,80603,Rhinolophus ferrumequinum,0.025,0.025,-1,Echolocation,/mnt/ubna_data_02_mir/recover-20221013/UBNA_001/20221012_030000.WAV,Telephone Field,recover-20221013,001,1795
580.6605,580.6733,15156,20389,Nyctalus noctula,0.017,0.025,-1,Echolocation,/mnt/ubna_data_02_mir/recover-20221013/UBNA_001/20221012_030000.WAV,Telephone Field,recover-20221013,001,1795
580.6625,580.677,55546,59946,Pipistrellus pygmaeus,0.022,0.024,-1,Echolocation,/mnt/ubna_data_02_mir/recover-20221013/UBNA_001/20221012_030000.WAV,Telephone Field,recover-20221013,001,1795
580.6745,580.7151,68437,82161,Rhinolophus ferrumequinum,0.023,0.023,-1,Echolocation,/mnt/ubna_data_02_mir/recover-20221013/UBNA_001/20221012_030000.WAV,Telephone Field,recover-20221013,001,1795
580.6755,580.6904,23750,27755,Nyctalus leisleri,0.021,0.031,-1,Echolocation,/mnt/ubna_data_02_mir/recover-20221013/UBNA_001/20221012_030000.WAV,Telephone Field,recover-20221013,001,1795
580.6885,580.6977,28046,36552,Eptesicus serotinus,0.01,0.023,-1,Echolocation,/mnt/ubna_data_02_mir/recover-20221013/UBNA_001/20221012_030000.WAV,Telephone Field,recover-20221013,001,1795
580.7165,580.754,68437,81785,Rhinolophus ferrumequinum,0.027,0.027,-1,Echolocation,/mnt/ubna_data_02_mir/recover-20221013/UBNA_001/20221012_030000.WAV,Telephone Field,recover-20221013,001,1795
580.7215,580.7295,51250,56132,Pipistrellus pipistrellus,0.02,0.024,-1,Echolocation,/mnt/ubna_data_02_mir/recover-20221013/UBNA_001/20221012_030000.WAV,Telephone Field,recover-20221013,001,1795
580.7775,580.792,22890,26788,Nyctalus leisleri,0.013,0.022,-1,Echolocation,/mnt/ubna_data_02_mir/recover-20221013/UBNA_001/20221012_030000.WAV,Telephone Field,recover-20221013,001,1795
580.8255,580.8678,68437,82534,Rhinolophus ferrumequinum,0.025,0.025,-1,Echolocation,/mnt/ubna_data_02_mir/recover-20221013/UBNA_001/20221012_030000.WAV,Telephone Field,recover-20221013,001,1795
580.8615,580.902,68437,82410,Rhinolophus ferrumequinum,0.027,0.027,-1,Echolocation,/mnt/ubna_data_02_mir/recover-20221013/UBNA_001/20221012_030000.WAV,Telephone Field,recover-20221013,001,1795
580.8925,580.9023,44375,47763,Pipistrellus pipistrellus,0.025,0.027,-1,Echolocation,/mnt/ubna_data_02_mir/recover-20221013/UBNA_001/20221012_030000.WAV,Telephone Field,recover-20221013,001,1795
580.8945,580.9021,23750,31835,Plecotus austriacus,0.009,0.023,-1,Echolocation,/mnt/ubna_data_02_mir/recover-20221013/UBNA_001/20221012_030000.WAV,Telephone Field,recover-20221013,001,1795
580.8945,580.9323,68437,81978,Rhinolophus ferrumequinum,0.023,0.023,-1,Echolocation,/mnt/ubna_data_02_mir/recover-20221013/UBNA_001/20221012_030000.WAV,Telephone Field,recover-20221013,001,1795
580.9175,580.957,68437,82118,Rhinolophus ferrumequinum,0.023,0.023,-1,Echolocation,/mnt/ubna_data_02_mir/recover-20221013/UBNA_001/20221012_030000.WAV,Telephone Field,recover-20221013,001,1795
580.9515,580.9622,23750,30237,Nyctalus leisleri,0.01,0.024,-1,Echolocation,/mnt/ubna_data_02_mir/recover-20221013/UBNA_001/20221012_030000.WAV,Telephone Field,recover-20221013,001,1795
580.9595,580.9955,68437,81145,Rhinolophus ferrumequinum,0.026,0.026,-1,Echolocation,/mnt/ubna_data_02_mir/recover-20221013/UBNA_001/20221012_030000.WAV,Telephone Field,recover-20221013,001,1795
580.9745,580.9827,28046,39330,Eptesicus serotinus,0.007,0.022,-1,Echolocation,/mnt/ubna_data_02_mir/recover-20221013/UBNA_001/20221012_030000.WAV,Telephone Field,recover-20221013,001,1795
581.0095,581.0156,27187,41259,Eptesicus serotinus,0.007,0.032,-1,Echolocation,/mnt/ubna_data_02_mir/recover-20221013/UBNA_001/20221012_030000.WAV,Telephone Field,recover-20221013,001,1795
581.0175,581.0567,68437,82469,Rhinolophus ferrumequinum,0.032,0.032,-1,Echolocation,/mnt/ubna_data_02_mir/recover-20221013/UBNA_001/20221012_030000.WAV,Telephone Field,recover-20221013,001,1795
581.0305,581.0417,28046,33818,Eptesicus serotinus,0.012,0.025,-1,Echolocation,/mnt/ubna_data_02_mir/recover-20221013/UBNA_001/20221012_030000.WAV,Telephone Field,recover-20221013,001,1795
581.0405,581.0775,68437,81740,Rhinolophus ferrumequinum,0.024,0.024,-1,Echolocation,/mnt/ubna_data_02_mir/recover-20221013/UBNA_001/20221012_030000.WAV,Telephone Field,recover-20221013,001,1795
581.0605,581.0985,68437,81804,Rhinolophus ferrumequinum,0.022,0.022,-1,Echolocation,/mnt/ubna_data_02_mir/recover-20221013/UBNA_001/20221012_030000.WAV,Telephone Field,recover-20221013,001,1795
581.0925,581.101,27187,38805,Eptesicus serotinus,0.008,0.022,-1,Echolocation,/mnt/ubna_data_02_mir/recover-20221013/UBNA_001/20221012_030000.WAV,Telephone Field,recover-20221013,001,1795
581.1115,581.152,68437,82420,Rhinolophus ferrumequinum,0.022,0.022,-1,Echolocation,/mnt/ubna_data_02_mir/recover-20221013/UBNA_001/20221012_030000.WAV,Telephone Field,recover-20221013,001,1795
581.1245,581.1663,68437,82730,Rhinolophus ferrumequinum,0.024,0.024,-1,Echolocation,/mnt/ubna_data_02_mir/recover-20221013/UBNA_001/20221012_030000.WAV,Telephone Field,recover-20221013,001,1795
581.1315,581.173,68437,82544,Rhinolophus ferrumequinum,0.024,0.024,-1,Echolocation,/mnt/ubna_data_02_mir/recover-20221013/UBNA_001/20221012_030000.WAV,Telephone Field,recover-20221013,001,1795
581.1365,581.1437,27187,41192,Eptesicus serotinus,0.006,0.022,-1,Echolocation,/mnt/ubna_data_02_mir/recover-20221013/UBNA_001/20221012_030000.WAV,Telephone Field,recover-20221013,001,1795
581.1535,581.1926,68437,82070,Rhinolophus ferrumequinum,0.024,0.024,-1,Echolocation,/mnt/ubna_data_02_mir/recover-20221013/UBNA_001/20221012_030000.WAV,Telephone Field,recover-20221013,001,1795
581.1805,581.1949,14296,19317,Nyctalus noctula,0.014,0.023,-1,Echolocation,/mnt/ubna_data_02_mir/recover-20221013/UBNA_001/20221012_030000.WAV,Telephone Field,recover-20221013,001,1795
581.1905,581.2272,68437,81808,Rhinolophus ferrumequinum,0.026,0.026,-1,Echolocation,/mnt/ubna_data_02_mir/recover-20221013/UBNA_001/20221012_030000.WAV,Telephone Field,recover-20221013,001,1795
581.2165,581.2607,68437,83551,Rhinolophus ferrumequinum,0.034,0.034,-1,Echolocation,/mnt/ubna_data_02_mir/recover-20221013/UBNA_001/20221012_030000.WAV,Telephone Field,recover-20221013,001,1795
581.2545,581.2946,68437,81646,Rhinolophus ferrumequinum,0.026,0.026,-1,Echolocation,/mnt/ubna_data_02_mir/recover-20221013/UBNA_001/20221012_030000.WAV,Telephone Field,recover-20221013,001,1795
581.2775,581.3194,68437,82671,Rhinolophus ferrumequinum,0.023,0.023,-1,Echolocation,/mnt/ubna_data_02_mir/recover-20221013/UBNA_001/20221012_030000.WAV,Telephone Field,recover-20221013,001,1795
581.2885,581.2972,27187,38899,Eptesicus serotinus,0.01,0.028,-1,Echolocation,/mnt/ubna_data_02_mir/recover-20221013/UBNA_001/20221012_030000.WAV,Telephone Field,recover-20221013,001,1795
581.2905,581.3326,68437,82776,Rhinolophus ferrumequinum,0.021,0.021,-1,Echolocation,/mnt/ubna_data_02_mir/recover-20221013/UBNA_001/20221012_030000.WAV,Telephone Field,recover-20221013,001,1795
581.3135,581.3558,68437,82795,Rhinolophus ferrumequinum,0.024,0.024,-1,Echolocation,/mnt/ubna_data_02_mir/recover-20221013/UBNA_001/20221012_030000.WAV,Telephone Field,recover-20221013,001,1795
581.3255,581.365,68437,82222,Rhinolophus ferrumequinum,0.021,0.021,-1,Echolocation,/mnt/ubna_data_02_mir/recover-20221013/UBNA_001/20221012_030000.WAV,Telephone Field,recover-20221013,001,1795
581.3275,581.3351,28046,38593,Eptesicus serotinus,0.006,0.021,-1,Echolocation,/mnt/ubna_data_02_mir/recover-20221013/UBNA_001/20221012_030000.WAV,Telephone Field,recover-20221013,001,1795
581.3415,581.3495,48671,52502,Pipistrellus pipistrellus,0.021,0.023,-1,Echolocation,/mnt/ubna_data_02_mir/recover-20221013/UBNA_001/20221012_030000.WAV,Telephone Field,recover-20221013,001,1795
581.3835,581.4215,68437,81813,Rhinolophus ferrumequinum,0.027,0.027,-1,Echolocation,/mnt/ubna_data_02_mir/recover-20221013/UBNA_001/20221012_030000.WAV,Telephone Field,recover-20221013,001,1795
581.4055,581.4445,68437,82012,Rhinolophus ferrumequinum,0.022,0.022,-1,Echolocation,/mnt/ubna_data_02_mir/recover-20221013/UBNA_001/20221012_030000.WAV,Telephone Field,recover-20221013,001,1795
581.4075,581.4157,47812,53131,Pipistrellus pipistrellus,0.02,0.021,-1,Echolocation,/mnt/ubna_data_02_mir/recover-20221013/UBNA_001/20221012_030000.WAV,Telephone Field,recover-20221013,001,1795
581.4205,581.4616,68437,82624,Rhinolophus ferrumequinum,0.031,0.031,-1,Echolocation,/mnt/ubna_data_02_mir/recover-20221013/UBNA_001/20221012_030000.WAV,Telephone Field,recover-20221013,001,1795
581.4395,581.456,21171,24328,Nyctalus leisleri,0.014,0.023,-1,Echolocation,/mnt/ubna_data_02_mir/recover-20221013/UBNA_001/20221012_030000.WAV,Telephone Field,recover-20221013,001,1795
581.4505,581.4578,27187,37466,Eptesicus serotinus,0.006,0.023,-1,Echolocation,/mnt/ubna_data_02_mir/recover-20221013/UBNA_001/20221012_030000.WAV,Telephone Field,recover-20221013,001,1795
581.4715,581.5113,68437,82547,Rhinolophus ferrumequinum,0.027,0.027,-1,Echolocation,/mnt/ubna_data_02_mir/recover-20221013/UBNA_001/20221012_030000.WAV,Telephone Field,recover-20221013,001,1795
581.4805,581.5233,68437,82164,Rhinolophus ferrumequinum,0.024,0.024,-1,Echolocation,/mnt/ubna_data_02_mir/recover-20221013/UBNA_001/20221012_030000.WAV,Telephone Field,recover-20221013,001,1795
581.5025,581.5424,68437,82228,Rhinolophus ferrumequinum,0.023,0.023,-1,Echolocation,/mnt/ubna_data_02_mir/recover-20221013/UBNA_001/20221012_030000.WAV,Telephone Field,recover-20221013,001,1795
581.5175,581.5266,27187,35630,Eptesicus serotinus,0.011,0.024,-1,Echolocation,/mnt/ubna_data_02_mir/recover-20221013/UBNA_001/20221012_030000.WAV,Telephone Field,recover-20221013,001,1795
581.5405,581.5803,68437,82509,Rhinolophus ferrumequinum,0.023,0.023,-1,Echolocation,/mnt/ubna_data_02_mir/recover-20221013/UBNA_001/20221012_030000.WAV,Telephone Field,recover-20221013,001,1795
581.5455,581.554,28046,39564,Eptesicus serotinus,0.008,0.022,-1,Echolocation,/mnt/ubna_data_02_mir/recover-20221013/UBNA_001/20221012_030000.WAV,Telephone Field,recover-20221013,001,1795
581.6075,581.6275,19453,22552,Nyctalus leisleri,0.013,0.024,-1,Echolocation,/mnt/ubna_data_02_mir/recover-20221013/UBNA_001/20221012_030000.WAV,Telephone Field,recover-20221013,001,1795
581.6095,581.6211,54687,58874,Pipistrellus pygmaeus,0.03,0.032,-1,Echolocation,/mnt/ubna_data_02_mir/recover-20221013/UBNA_001/20221012_030000.WAV,Telephone Field,recover-20221013,001,1795
581.6155,581.6498,68437,80502,Rhinolophus ferrumequinum,0.022,0.022,-1,Echolocation,/mnt/ubna_data_02_mir/recover-20221013/UBNA_001/20221012_030000.WAV,Telephone Field,recover-20221013,001,1795
581.6825,581.7215,68437,82066,Rhinolophus ferrumequinum,0.021,0.021,-1,Echolocation,/mnt/ubna_data_02_mir/recover-20221013/UBNA_001/20221012_030000.WAV,Telephone Field,recover-20221013,001,1795
581.7235,581.7618,68437,81763,Rhinolophus ferrumequinum,0.023,0.023,-1,Echolocation,/mnt/ubna_data_02_mir/recover-20221013/UBNA_001/20221012_030000.WAV,Telephone Field,recover-20221013,001,1795
581.7245,581.734,28906,36976,Eptesicus serotinus,0.009,0.022,-1,Echolocation,/mnt/ubna_data_02_mir/recover-20221013/UBNA_001/20221012_030000.WAV,Telephone Field,recover-20221013,001,1795
581.7415,581.7802,68437,82083,Rhinolophus ferrumequinum,0.021,0.021,-1,Echolocation,/mnt/ubna_data_02_mir/recover-20221013/UBNA_001/20221012_030000.WAV,Telephone Field,recover-20221013,001,1795
581.7695,581.7792,22031,27618,Nyctalus leisleri,0.008,0.022,-1,Echolocation,/mnt/ubna_data_02_mir/recover-20221013/UBNA_001/20221012_030000.WAV,Telephone Field,recover-20221013,001,1795
581.7915,581.7998,28046,39873,Eptesicus serotinus,0.01,0.028,-1,Echolocation,/mnt/ubna_data_02_mir/recover-20221013/UBNA_001/20221012_030000.WAV,Telephone Field,recover-20221013,001,1795
581.7985,581.8078,28046,37040,Eptesicus serotinus,0.011,0.025,-1,Echolocation,/mnt/ubna_data_02_mir/recover-20221013/UBNA_001/20221012_030000.WAV,Telephone Field,recover-20221013,001,1795
581.7995,581.84,68437,82129,Rhinolophus ferrumequinum,0.023,0.023,-1,Echolocation,/mnt/ubna_data_02_mir/recover-20221013/UBNA_001/20221012_030000.WAV,Telephone Field,recover-20221013,001,1795
581.8065,581.8465,68437,82304,Rhinolophus ferrumequinum,0.025,0.025,-1,Echolocation,/mnt/ubna_data_02_mir/recover-20221013/UBNA_001/20221012_030000.WAV,Telephone Field,recover-20221013,001,1795
581.8185,581.8566,68437,81894,Rhinolophus ferrumequinum,0.022,0.022,-1,Echolocation,/mnt/ubna_data_02_mir/recover-20221013/UBNA_001/20221012_030000.WAV,Telephone Field,recover-20221013,001,1795
581.8805,581.9226,68437,82449,Rhinolophus ferrumequinum,0.024,0.024,-1,Echolocation,/mnt/ubna_data_02_mir/recover-20221013/UBNA_001/20221012_030000.WAV,Telephone Field,recover-20221013,001,1795
581.8865,581.9254,68437,82459,Rhinolophus ferrumequinum,0.025,0.025,-1,Echolocation,/mnt/ubna_data_02_mir/recover-20221013/UBNA_001/20221012_030000.WAV,Telephone Field,recover-20221013,001,1795
581.8925,581.9318,68437,82935,Rhinolophus ferrumequinum,0.025,0.025,-1,Echolocation,/mnt/ubna_data_02_mir/recover-20221013/UBNA_001/20221012_030000.WAV,Telephone Field,recover-20221013,001,1795
581.9095,581.9508,68437,83954,Rhinolophus ferrumequinum,0.045,0.045,-1,Echolocation,/mnt/ubna_data_02_mir/recover-20221013/UBNA_001/20221012_030000.WAV,Telephone Field,recover-20221013,001,1795
581.9485,581.9921,68437,82778,Rhinolophus ferrumequinum,0.031,0.031,-1,Echolocation,/mnt/ubna_data_02_mir/recover-20221013/UBNA_001/20221012_030000.WAV,Telephone Field,recover-20221013,001,1795
581.9565,581.9972,68437,82397,Rhinolophus ferrumequinum,0.036,0.036,-1,Echolocation,/mnt/ubna_data_02_mir/recover-20221013/UBNA_001/20221012_030000.WAV,Telephone Field,recover-20221013,001,1795
582.0015,582.0375,68437,80105,Rhinolophus ferrumequinum,0.042,0.042,-1,Echolocation,/mnt/ubna_data_02_mir/recover-20221013/UBNA_001/20221012_030000.WAV,Telephone Field,recover-20221013,001,1795
582.0015,582.0105,26328,36505,Eptesicus serotinus,0.008,0.028,-1,Echolocation,/mnt/ubna_data_02_mir/recover-20221013/UBNA_001/20221012_030000.WAV,Telephone Field,recover-20221013,001,1795
582.0445,582.0877,68437,82594,Rhinolophus ferrumequinum,0.024,0.024,-1,Echolocation,/mnt/ubna_data_02_mir/recover-20221013/UBNA_001/20221012_030000.WAV,Telephone Field,recover-20221013,001,1795
582.0715,582.0806,22890,29384,Plecotus austriacus,0.008,0.021,-1,Echolocation,/mnt/ubna_data_02_mir/recover-20221013/UBNA_001/20221012_030000.WAV,Telephone Field,recover-20221013,001,1795
582.0915,582.1016,27187,35446,Eptesicus serotinus,0.012,0.026,-1,Echolocation,/mnt/ubna_data_02_mir/recover-20221013/UBNA_001/20221012_030000.WAV,Telephone Field,recover-20221013,001,1795
582.1335,582.173,68437,82342,Rhinolophus ferrumequinum,0.024,0.024,-1,Echolocation,/mnt/ubna_data_02_mir/recover-20221013/UBNA_001/20221012_030000.WAV,Telephone Field,recover-20221013,001,1795
582.1405,582.1506,28046,35918,Eptesicus serotinus,0.008,0.02,-1,Echolocation,/mnt/ubna_data_02_mir/recover-20221013/UBNA_001/20221012_030000.WAV,Telephone Field,recover-20221013,001,1795
582.1815,582.2194,68437,81978,Rhinolophus ferrumequinum,0.023,0.023,-1,Echolocation,/mnt/ubna_data_02_mir/recover-20221013/UBNA_001/20221012_030000.WAV,Telephone Field,recover-20221013,001,1795
582.1935,582.2038,28046,35060,Eptesicus serotinus,0.014,0.033,-1,Echolocation,/mnt/ubna_data_02_mir/recover-20221013/UBNA_001/20221012_030000.WAV,Telephone Field,recover-20221013,001,1795
582.2165,582.2554,68437,82056,Rhinolophus ferrumequinum,0.021,0.021,-1,Echolocation,/mnt/ubna_data_02_mir/recover-20221013/UBNA_001/20221012_030000.WAV,Telephone Field,recover-20221013,001,1795
582.2235,582.2633,68437,81896,Rhinolophus ferrumequinum,0.022,0.022,-1,Echolocation,/mnt/ubna_data_02_mir/recover-20221013/UBNA_001/20221012_030000.WAV,Telephone Field,recover-20221013,001,1795
582.2265,582.2364,28046,35036,Eptesicus serotinus,0.015,0.031,-1,Echolocation,/mnt/ubna_data_02_mir/recover-20221013/UBNA_001/20221012_030000.WAV,Telephone Field,recover-20221013,001,1795
582.2385,582.277,68437,82576,Rhinolophus ferrumequinum,0.021,0.021,-1,Echolocation,/mnt/ubna_data_02_mir/recover-20221013/UBNA_001/20221012_030000.WAV,Telephone Field,recover-20221013,001,1795
582.2485,582.2551,28046,38141,Eptesicus serotinus,0.011,0.032,-1,Echolocation,/mnt/ubna_data_02_mir/recover-20221013/UBNA_001/20221012_030000.WAV,Telephone Field,recover-20221013,001,1795
582.2565,582.2925,68437,80709,Rhinolophus ferrumequinum,0.024,0.024,-1,Echolocation,/mnt/ubna_data_02_mir/recover-20221013/UBNA_001/20221012_030000.WAV,Telephone Field,recover-20221013,001,1795
582.2685,582.2773,23750,31214,Nyctalus leisleri,0.007,0.024,-1,Echolocation,/mnt/ubna_data_02_mir/recover-20221013/UBNA_001/20221012_030000.WAV,Telephone Field,recover-20221013,001,1795
582.2685,582.3081999999999,68437,81893,Rhinolophus ferrumequinum,0.023,0.023,-1,Echolocation,/mnt/ubna_data_02_mir/recover-20221013/UBNA_001/20221012_030000.WAV,Telephone Field,recover-20221013,001,1795
582.3105,582.322,28906,35935,Eptesicus serotinus,0.014,0.027,-1,Echolocation,/mnt/ubna_data_02_mir/recover-20221013/UBNA_001/20221012_030000.WAV,Telephone Field,recover-20221013,001,1795
582.3185,582.3277,28046,36320,Eptesicus serotinus,0.009,0.023,-1,Echolocation,/mnt/ubna_data_02_mir/recover-20221013/UBNA_001/20221012_030000.WAV,Telephone Field,recover-20221013,001,1795
582.3495,582.3883,68437,82354,Rhinolophus ferrumequinum,0.022,0.022,-1,Echolocation,/mnt/ubna_data_02_mir/recover-20221013/UBNA_001/20221012_030000.WAV,Telephone Field,recover-20221013,001,1795
582.3755,582.4153,68437,82429,Rhinolophus ferrumequinum,0.021,0.021,-1,Echolocation,/mnt/ubna_data_02_mir/recover-20221013/UBNA_001/20221012_030000.WAV,Telephone Field,recover-20221013,001,1795
582.4055,582.4389,68437,80059,Rhinolophus ferrumequinum,0.02,0.021,-1,Echolocation,/mnt/ubna_data_02_mir/recover-20221013/UBNA_001/20221012_030000.WAV,Telephone Field,recover-20221013,001,1795
582.4145,582.4484,68437,80376,Rhinolophus ferrumequinum,0.022,0.022,-1,Echolocation,/mnt/ubna_data_02_mir/recover-20221013/UBNA_001/20221012_030000.WAV,Telephone Field,recover-20221013,001,1795
582.4165,582.4261,22890,28790,Nyctalus leisleri,0.009,0.022,-1,Echolocation,/mnt/ubna_data_02_mir/recover-20221013/UBNA_001/20221012_030000.WAV,Telephone Field,recover-20221013,001,1795
582.4385,582.481,68437,83273,Rhinolophus ferrumequinum,0.03,0.03,-1,Echolocation,/mnt/ubna_data_02_mir/recover-20221013/UBNA_001/20221012_030000.WAV,Telephone Field,recover-20221013,001,1795
582.4605,582.5004,68437,82357,Rhinolophus ferrumequinum,0.021,0.021,-1,Echolocation,/mnt/ubna_data_02_mir/recover-20221013/UBNA_001/20221012_030000.WAV,Telephone Field,recover-20221013,001,1795
582.4705,582.4784,28046,41704,Eptesicus serotinus,0.006,0.02,-1,Echolocation,/mnt/ubna_data_02_mir/recover-20221013/UBNA_001/20221012_030000.WAV,Telephone Field,recover-20221013,001,1795
582.4815,582.521,68437,82340,Rhinolophus ferrumequinum,0.023,0.023,-1,Echolocation,/mnt/ubna_data_02_mir/recover-20221013/UBNA_001/20221012_030000.WAV,Telephone Field,recover-20221013,001,1795
582.5035,582.5133,28906,36949,Eptesicus serotinus,0.01,0.024,-1,Echolocation,/mnt/ubna_data_02_mir/recover-20221013/UBNA_001/20221012_030000.WAV,Telephone Field,recover-20221013,001,1795
582.5115,582.5443,68437,80413,Rhinolophus ferrumequinum,0.023,0.024,-1,Echolocation,/mnt/ubna_data_02_mir/recover-20221013/UBNA_001/20221012_030000.WAV,Telephone Field,recover-20221013,001,1795
582.5175,582.5561,68437,82099,Rhinolophus ferrumequinum,0.022,0.022,-1,Echolocation,/mnt/ubna_data_02_mir/recover-20221013/UBNA_001/20221012_030000.WAV,Telephone Field,recover-20221013,001,1795
582.5785,582.5868,26328,34808,Eptesicus serotinus,0.008,0.021,-1,Echolocation,/mnt/ubna_data_02_mir/recover-20221013/UBNA_001/20221012_030000.WAV,Telephone Field,recover-20221013,001,1795
582.5855,582.6274,68437,83115,Rhinolophus ferrumequinum,0.033,0.033,-1,Echolocation,/mnt/ubna_data_02_mir/recover-20221013/UBNA_001/20221012_030000.WAV,Telephone Field,recover-20221013,001,1795
582.6615,582.7048,68437,83381,Rhinolophus ferrumequinum,0.029,0.029,-1,Echolocation,/mnt/ubna_data_02_mir/recover-20221013/UBNA_001/20221012_030000.WAV,Telephone Field,recover-20221013,001,1795
582.6735,582.684,27187,36621,Eptesicus serotinus,0.012,0.027,-1,Echolocation,/mnt/ubna_data_02_mir/recover-20221013/UBNA_001/20221012_030000.WAV,Telephone Field,recover-20221013,001,1795
582.6915,582.7321,68437,82710,Rhinolophus ferrumequinum,0.023,0.024,-1,Echolocation,/mnt/ubna_data_02_mir/recover-20221013/UBNA_001/20221012_030000.WAV,Telephone Field,recover-20221013,001,1795
582.6985,582.7057,28046,42410,Eptesicus serotinus,0.008,0.029,-1,Echolocation,/mnt/ubna_data_02_mir/recover-20221013/UBNA_001/20221012_030000.WAV,Telephone Field,recover-20221013,001,1795
582.7265,582.7352,46093,51369,Pipistrellus pipistrellus,0.019,0.021,-1,Echolocation,/mnt/ubna_data_02_mir/recover-20221013/UBNA_001/20221012_030000.WAV,Telephone Field,recover-20221013,001,1795
582.7315,582.7713,68437,82173,Rhinolophus ferrumequinum,0.02,0.021,-1,Echolocation,/mnt/ubna_data_02_mir/recover-20221013/UBNA_001/20221012_030000.WAV,Telephone Field,recover-20221013,001,1795
582.7475,582.7856,68437,81844,Rhinolophus ferrumequinum,0.023,0.023,-1,Echolocation,/mnt/ubna_data_02_mir/recover-20221013/UBNA_001/20221012_030000.WAV,Telephone Field,recover-20221013,001,1795
582.7695,582.807,68437,82088,Rhinolophus ferrumequinum,0.021,0.021,-1,Echolocation,/mnt/ubna_data_02_mir/recover-20221013/UBNA_001/20221012_030000.WAV,Telephone Field,recover-20221013,001,1795
582.7705,582.7795,27187,36026,Eptesicus serotinus,0.008,0.021,-1,Echolocation,/mnt/ubna_data_02_mir/recover-20221013/UBNA_001/20221012_030000.WAV,Telephone Field,recover-20221013,001,1795
582.7745,582.8128,68437,82383,Rhinolophus ferrumequinum,0.021,0.021,-1,Echolocation,/mnt/ubna_data_02_mir/recover-20221013/UBNA_001/20221012_030000.WAV,Telephone Field,recover-20221013,001,1795
582.7825,582.8205,68437,82296,Rhinolophus ferrumequinum,0.022,0.022,-1,Echolocation,/mnt/ubna_data_02_mir/recover-20221013/UBNA_001/20221012_030000.WAV,Telephone Field,recover-20221013,001,1795
582.7895,582.8107,16015,18961,Nyctalus noctula,0.03,0.045,-1,Echolocation,/mnt/ubna_data_02_mir/recover-20221013/UBNA_001/20221012_030000.WAV,Telephone Field,recover-20221013,001,1795
582.8255,582.8337,28046,39636,Eptesicus serotinus,0.008,0.022,-1,Echolocation,/mnt/ubna_data_02_mir/recover-20221013/UBNA_001/20221012_030000.WAV,Telephone Field,recover-20221013,001,1795
582.8475,582.8562,28046,42280,Eptesicus serotinus,0.008,0.021,-1,Echolocation,/mnt/ubna_data_02_mir/recover-20221013/UBNA_001/20221012_030000.WAV,Telephone Field,recover-20221013,001,1795
582.8485,582.8594,35781,42057,Pipistrellus nathusii,0.012,0.027,-1,Echolocation,/mnt/ubna_data_02_mir/recover-20221013/UBNA_001/20221012_030000.WAV,Telephone Field,recover-20221013,001,1795
582.8625,582.9028,68437,83226,Rhinolophus ferrumequinum,0.033,0.033,-1,Echolocation,/mnt/ubna_data_02_mir/recover-20221013/UBNA_001/20221012_030000.WAV,Telephone Field,recover-20221013,001,1795
582.8695,582.8799,22890,28384,Nyctalus leisleri,0.01,0.023,-1,Echolocation,/mnt/ubna_data_02_mir/recover-20221013/UBNA_001/20221012_030000.WAV,Telephone Field,recover-20221013,001,1795
582.8785,582.9194,68437,82734,Rhinolophus ferrumequinum,0.022,0.022,-1,Echolocation,/mnt/ubna_data_02_mir/recover-20221013/UBNA_001/20221012_030000.WAV,Telephone Field,recover-20221013,001,1795
582.9015,582.9408,68437,82440,Rhinolophus ferrumequinum,0.021,0.021,-1,Echolocation,/mnt/ubna_data_02_mir/recover-20221013/UBNA_001/20221012_030000.WAV,Telephone Field,recover-20221013,001,1795
582.9355,582.9462,23750,29145,Nyctalus leisleri,0.012,0.026,-1,Echolocation,/mnt/ubna_data_02_mir/recover-20221013/UBNA_001/20221012_030000.WAV,Telephone Field,recover-20221013,001,1795
582.9415,582.9783,68437,82360,Rhinolophus ferrumequinum,0.022,0.022,-1,Echolocation,/mnt/ubna_data_02_mir/recover-20221013/UBNA_001/20221012_030000.WAV,Telephone Field,recover-20221013,001,1795
582.9635,583.0036,68437,82119,Rhinolophus ferrumequinum,0.027,0.027,-1,Echolocation,/mnt/ubna_data_02_mir/recover-20221013/UBNA_001/20221012_030000.WAV,Telephone Field,recover-20221013,001,1795
582.9665,582.9787,26328,31898,Eptesicus serotinus,0.011,0.027,-1,Echolocation,/mnt/ubna_data_02_mir/recover-20221013/UBNA_001/20221012_030000.WAV,Telephone Field,recover-20221013,001,1795
582.9905,583.0306,68437,82276,Rhinolophus ferrumequinum,0.022,0.022,-1,Echolocation,/mnt/ubna_data_02_mir/recover-20221013/UBNA_001/20221012_030000.WAV,Telephone Field,recover-20221013,001,1795
583.0055,583.0462,68437,82593,Rhinolophus ferrumequinum,0.024,0.024,-1,Echolocation,/mnt/ubna_data_02_mir/recover-20221013/UBNA_001/20221012_030000.WAV,Telephone Field,recover-20221013,001,1795
583.0245,583.0401,37500,41216,Pipistrellus nathusii,0.039,0.05,-1,Echolocation,/mnt/ubna_data_02_mir/recover-20221013/UBNA_001/20221012_030000.WAV,Telephone Field,recover-20221013,001,1795
583.0755,583.1173,68437,82591,Rhinolophus ferrumequinum,0.026,0.026,-1,Echolocation,/mnt/ubna_data_02_mir/recover-20221013/UBNA_001/20221012_030000.WAV,Telephone Field,recover-20221013,001,1795
583.1015,583.1113,22031,26855,Nyctalus leisleri,0.009,0.021,-1,Echolocation,/mnt/ubna_data_02_mir/recover-20221013/UBNA_001/20221012_030000.WAV,Telephone Field,recover-20221013,001,1795
583.1445,583.184,68437,82043,Rhinolophus ferrumequinum,0.022,0.022,-1,Echolocation,/mnt/ubna_data_02_mir/recover-20221013/UBNA_001/20221012_030000.WAV,Telephone Field,recover-20221013,001,1795
583.1515,583.1912,68437,82793,Rhinolophus ferrumequinum,0.024,0.024,-1,Echolocation,/mnt/ubna_data_02_mir/recover-20221013/UBNA_001/20221012_030000.WAV,Telephone Field,recover-20221013,001,1795
583.2175,583.2253,28046,38820,Eptesicus serotinus,0.006,0.02,-1,Echolocation,/mnt/ubna_data_02_mir/recover-20221013/UBNA_001/20221012_030000.WAV,Telephone Field,recover-20221013,001,1795
583.2415,583.2779,68437,81096,Rhinolophus ferrumequinum,0.022,0.022,-1,Echolocation,/mnt/ubna_data_02_mir/recover-20221013/UBNA_001/20221012_030000.WAV,Telephone Field,recover-20221013,001,1795
583.2455,583.2539,28046,37214,Eptesicus serotinus,0.008,0.024,-1,Echolocation,/mnt/ubna_data_02_mir/recover-20221013/UBNA_001/20221012_030000.WAV,Telephone Field,recover-20221013,001,1795
583.3135,583.3505,68437,81200,Rhinolophus ferrumequinum,0.021,0.021,-1,Echolocation,/mnt/ubna_data_02_mir/recover-20221013/UBNA_001/20221012_030000.WAV,Telephone Field,recover-20221013,001,1795
583.3495,583.3583,26328,34993,Eptesicus serotinus,0.011,0.028,-1,Echolocation,/mnt/ubna_data_02_mir/recover-20221013/UBNA_001/20221012_030000.WAV,Telephone Field,recover-20221013,001,1795
583.3635,583.4006,68437,81998,Rhinolophus ferrumequinum,0.021,0.021,-1,Echolocation,/mnt/ubna_data_02_mir/recover-20221013/UBNA_001/20221012_030000.WAV,Telephone Field,recover-20221013,001,1795
583.3835,583.3898,47812,53804,Pipistrellus pipistrellus,0.022,0.023,-1,Echolocation,/mnt/ubna_data_02_mir/recover-20221013/UBNA_001/20221012_030000.WAV,Telephone Field,recover-20221013,001,1795
583.4165,583.4582,68437,82795,Rhinolophus ferrumequinum,0.043,0.043,-1,Echolocation,/mnt/ubna_data_02_mir/recover-20221013/UBNA_001/20221012_030000.WAV,Telephone Field,recover-20221013,001,1795
583.4485,583.4561,27187,40283,Eptesicus serotinus,0.007,0.021,-1,Echolocation,/mnt/ubna_data_02_mir/recover-20221013/UBNA_001/20221012_030000.WAV,Telephone Field,recover-20221013,001,1795
583.5665,583.5729,24609,36300,Plecotus austriacus,0.015,0.036,-1,Echolocation,/mnt/ubna_data_02_mir/recover-20221013/UBNA_001/20221012_030000.WAV,Telephone Field,recover-20221013,001,1795
583.5885,583.6282,68437,82181,Rhinolophus ferrumequinum,0.02,0.021,-1,Echolocation,/mnt/ubna_data_02_mir/recover-20221013/UBNA_001/20221012_030000.WAV,Telephone Field,recover-20221013,001,1795
583.6705,583.7132,68437,83039,Rhinolophus ferrumequinum,0.023,0.023,-1,Echolocation,/mnt/ubna_data_02_mir/recover-20221013/UBNA_001/20221012_030000.WAV,Telephone Field,recover-20221013,001,1795
583.6735,583.6889,24609,29366,Nyctalus leisleri,0.02,0.043,-1,Echolocation,/mnt/ubna_data_02_mir/recover-20221013/UBNA_001/20221012_030000.WAV,Telephone Field,recover-20221013,001,1795
583.6985,583.7357,68437,81512,Rhinolophus ferrumequinum,0.021,0.021,-1,Echolocation,/mnt/ubna_data_02_mir/recover-20221013/UBNA_001/20221012_030000.WAV,Telephone Field,recover-20221013,001,1795
583.7055,583.7427,68437,81883,Rhinolophus ferrumequinum,0.021,0.021,-1,Echolocation,/mnt/ubna_data_02_mir/recover-20221013/UBNA_001/20221012_030000.WAV,Telephone Field,recover-20221013,001,1795
583.7205,583.727,28046,44035,Eptesicus serotinus,0.007,0.025,-1,Echolocation,/mnt/ubna_data_02_mir/recover-20221013/UBNA_001/20221012_030000.WAV,Telephone Field,recover-20221013,001,1795
583.8025,583.8115,22890,30589,Plecotus austriacus,0.014,0.036,-1,Echolocation,/mnt/ubna_data_02_mir/recover-20221013/UBNA_001/20221012_030000.WAV,Telephone Field,recover-20221013,001,1795
583.8165,583.8269,27187,35307,Eptesicus serotinus,0.009,0.021,-1,Echolocation,/mnt/ubna_data_02_mir/recover-20221013/UBNA_001/20221012_030000.WAV,Telephone Field,recover-20221013,001,1795
583.8415,583.8515,44375,51140,Pipistrellus pipistrellus,0.017,0.023,-1,Echolocation,/mnt/ubna_data_02_mir/recover-20221013/UBNA_001/20221012_030000.WAV,Telephone Field,recover-20221013,001,1795
583.8625,583.9001,68437,81698,Rhinolophus ferrumequinum,0.021,0.021,-1,Echolocation,/mnt/ubna_data_02_mir/recover-20221013/UBNA_001/20221012_030000.WAV,Telephone Field,recover-20221013,001,1795
583.8725,583.9137,68437,82084,Rhinolophus ferrumequinum,0.023,0.023,-1,Echolocation,/mnt/ubna_data_02_mir/recover-20221013/UBNA_001/20221012_030000.WAV,Telephone Field,recover-20221013,001,1795
583.9085,583.9464,68437,82342,Rhinolophus ferrumequinum,0.021,0.021,-1,Echolocation,/mnt/ubna_data_02_mir/recover-20221013/UBNA_001/20221012_030000.WAV,Telephone Field,recover-20221013,001,1795
583.9195,583.9257,25468,35683,Plecotus austriacus,0.013,0.034,-1,Echolocation,/mnt/ubna_data_02_mir/recover-20221013/UBNA_001/20221012_030000.WAV,Telephone Field,recover-20221013,001,1795
583.9345,583.9419,28046,39389,Eptesicus serotinus,0.006,0.021,-1,Echolocation,/mnt/ubna_data_02_mir/recover-20221013/UBNA_001/20221012_030000.WAV,Telephone Field,recover-20221013,001,1795
583.9495,583.9886,68437,82160,Rhinolophus ferrumequinum,0.024,0.024,-1,Echolocation,/mnt/ubna_data_02_mir/recover-20221013/UBNA_001/20221012_030000.WAV,Telephone Field,recover-20221013,001,1795
584.0015,584.0109,25468,31964,Nyctalus leisleri,0.016,0.039,-1,Echolocation,/mnt/ubna_data_02_mir/recover-20221013/UBNA_001/20221012_030000.WAV,Telephone Field,recover-20221013,001,1795
584.0015,584.0324,68437,79510,Rhinolophus ferrumequinum,0.037,0.038,-1,Echolocation,/mnt/ubna_data_02_mir/recover-20221013/UBNA_001/20221012_030000.WAV,Telephone Field,recover-20221013,001,1795
584.0015,584.0117,46093,53186,Pipistrellus pipistrellus,0.024,0.032,-1,Echolocation,/mnt/ubna_data_02_mir/recover-20221013/UBNA_001/20221012_030000.WAV,Telephone Field,recover-20221013,001,1795
584.0015,584.0117,21171,26355,Nyctalus leisleri,0.017,0.037,-1,Echolocation,/mnt/ubna_data_02_mir/recover-20221013/UBNA_001/20221012_030000.WAV,Telephone Field,recover-20221013,001,1795
584.0085,584.0509,68437,82277,Rhinolophus ferrumequinum,0.025,0.025,-1,Echolocation,/mnt/ubna_data_02_mir/recover-20221013/UBNA_001/20221012_030000.WAV,Telephone Field,recover-20221013,001,1795
584.0455,584.0535,27187,39523,Eptesicus serotinus,0.008,0.024,-1,Echolocation,/mnt/ubna_data_02_mir/recover-20221013/UBNA_001/20221012_030000.WAV,Telephone Field,recover-20221013,001,1795
584.0525,584.0601,28046,38092,Eptesicus serotinus,0.007,0.025,-1,Echolocation,/mnt/ubna_data_02_mir/recover-20221013/UBNA_001/20221012_030000.WAV,Telephone Field,recover-20221013,001,1795
584.0805,584.1219,68437,82909,Rhinolophus ferrumequinum,0.024,0.024,-1,Echolocation,/mnt/ubna_data_02_mir/recover-20221013/UBNA_001/20221012_030000.WAV,Telephone Field,recover-20221013,001,1795
584.0845,584.0951,22890,28492,Nyctalus leisleri,0.009,0.023,-1,Echolocation,/mnt/ubna_data_02_mir/recover-20221013/UBNA_001/20221012_030000.WAV,Telephone Field,recover-20221013,001,1795
584.0945,584.1022,28046,41702,Eptesicus serotinus,0.007,0.022,-1,Echolocation,/mnt/ubna_data_02_mir/recover-20221013/UBNA_001/20221012_030000.WAV,Telephone Field,recover-20221013,001,1795
584.1325,584.1714,68437,81972,Rhinolophus ferrumequinum,0.021,0.022,-1,Echolocation,/mnt/ubna_data_02_mir/recover-20221013/UBNA_001/20221012_030000.WAV,Telephone Field,recover-20221013,001,1795
584.1585,584.1965,68437,81579,Rhinolophus ferrumequinum,0.022,0.022,-1,Echolocation,/mnt/ubna_data_02_mir/recover-20221013/UBNA_001/20221012_030000.WAV,Telephone Field,recover-20221013,001,1795
584.1685,584.1749,51250,59778,Pipistrellus pipistrellus,0.02,0.029,-1,Echolocation,/mnt/ubna_data_02_mir/recover-20221013/UBNA_001/20221012_030000.WAV,Telephone Field,recover-20221013,001,1795
584.2465,584.2563,28046,36244,Eptesicus serotinus,0.009,0.023,-1,Echolocation,/mnt/ubna_data_02_mir/recover-20221013/UBNA_001/20221012_030000.WAV,Telephone Field,recover-20221013,001,1795
584.2525,584.262,22890,28804,Nyctalus leisleri,0.008,0.022,-1,Echolocation,/mnt/ubna_data_02_mir/recover-20221013/UBNA_001/20221012_030000.WAV,Telephone Field,recover-20221013,001,1795
584.2765,584.3133,68437,82478,Rhinolophus ferrumequinum,0.023,0.023,-1,Echolocation,/mnt/ubna_data_02_mir/recover-20221013/UBNA_001/20221012_030000.WAV,Telephone Field,recover-20221013,001,1795
584.2825,584.3216,68437,82299,Rhinolophus ferrumequinum,0.023,0.023,-1,Echolocation,/mnt/ubna_data_02_mir/recover-20221013/UBNA_001/20221012_030000.WAV,Telephone Field,recover-20221013,001,1795
584.3285,584.3661,68437,82680,Rhinolophus ferrumequinum,0.022,0.022,-1,Echolocation,/mnt/ubna_data_02_mir/recover-20221013/UBNA_001/20221012_030000.WAV,Telephone Field,recover-20221013,001,1795
584.3785,584.3893,22031,25720,Nyctalus leisleri,0.014,0.024,-1,Echolocation,/mnt/ubna_data_02_mir/recover-20221013/UBNA_001/20221012_030000.WAV,Telephone Field,recover-20221013,001,1795
584.4065,584.4453,68437,82040,Rhinolophus ferrumequinum,0.027,0.027,-1,Echolocation,/mnt/ubna_data_02_mir/recover-20221013/UBNA_001/20221012_030000.WAV,Telephone Field,recover-20221013,001,1795
584.4245,584.4341,46953,51115,Pipistrellus pipistrellus,0.026,0.028,-1,Echolocation,/mnt/ubna_data_02_mir/recover-20221013/UBNA_001/20221012_030000.WAV,Telephone Field,recover-20221013,001,1795
584.5075,584.5177,24609,32383,Eptesicus serotinus,0.009,0.026,-1,Echolocation,/mnt/ubna_data_02_mir/recover-20221013/UBNA_001/20221012_030000.WAV,Telephone Field,recover-20221013,001,1795
584.5555,584.5636,45234,54864,Pipistrellus pipistrellus,0.014,0.022,-1,Echolocation,/mnt/ubna_data_02_mir/recover-20221013/UBNA_001/20221012_030000.WAV,Telephone Field,recover-20221013,001,1795
584.5565,584.5968,68437,82945,Rhinolophus ferrumequinum,0.024,0.024,-1,Echolocation,/mnt/ubna_data_02_mir/recover-20221013/UBNA_001/20221012_030000.WAV,Telephone Field,recover-20221013,001,1795
584.5625,584.575,21171,25701,Nyctalus leisleri,0.012,0.021,-1,Echolocation,/mnt/ubna_data_02_mir/recover-20221013/UBNA_001/20221012_030000.WAV,Telephone Field,recover-20221013,001,1795
584.5635,584.5701,28046,39708,Myotis daubentonii,0.005,0.023,-1,Echolocation,/mnt/ubna_data_02_mir/recover-20221013/UBNA_001/20221012_030000.WAV,Telephone Field,recover-20221013,001,1795
584.5825,584.5982,23750,28641,Nyctalus leisleri,0.014,0.028,-1,Echolocation,/mnt/ubna_data_02_mir/recover-20221013/UBNA_001/20221012_030000.WAV,Telephone Field,recover-20221013,001,1795
584.6355,584.6729,68437,82102,Rhinolophus ferrumequinum,0.024,0.024,-1,Echolocation,/mnt/ubna_data_02_mir/recover-20221013/UBNA_001/20221012_030000.WAV,Telephone Field,recover-20221013,001,1795
584.6455,584.6827,68437,81224,Rhinolophus ferrumequinum,0.024,0.024,-1,Echolocation,/mnt/ubna_data_02_mir/recover-20221013/UBNA_001/20221012_030000.WAV,Telephone Field,recover-20221013,001,1795
584.6645,584.6736,43515,47441,Pipistrellus pipistrellus,0.019,0.027,-1,Echolocation,/mnt/ubna_data_02_mir/recover-20221013/UBNA_001/20221012_030000.WAV,Telephone Field,recover-20221013,001,1795
584.6695,584.6754,31484,52097,Myotis daubentonii,0.012,0.022,-1,Echolocation,/mnt/ubna_data_02_mir/recover-20221013/UBNA_001/20221012_030000.WAV,Telephone Field,recover-20221013,001,1795
584.6705,584.6772,25468,38779,Myotis nattereri,0.006,0.024,-1,Echolocation,/mnt/ubna_data_02_mir/recover-20221013/UBNA_001/20221012_030000.WAV,Telephone Field,recover-20221013,001,1795
584.6755,584.6946,19453,22728,Nyctalus leisleri,0.014,0.031,-1,Echolocation,/mnt/ubna_data_02_mir/recover-20221013/UBNA_001/20221012_030000.WAV,Telephone Field,recover-20221013,001,1795
584.7775,584.8193,68437,82378,Rhinolophus ferrumequinum,0.024,0.024,-1,Echolocation,/mnt/ubna_data_02_mir/recover-20221013/UBNA_001/20221012_030000.WAV,Telephone Field,recover-20221013,001,1795
584.8465,584.8855,68437,82287,Rhinolophus ferrumequinum,0.022,0.022,-1,Echolocation,/mnt/ubna_data_02_mir/recover-20221013/UBNA_001/20221012_030000.WAV,Telephone Field,recover-20221013,001,1795
584.9005,584.9418000000001,68437,82332,Rhinolophus ferrumequinum,0.025,0.025,-1,Echolocation,/mnt/ubna_data_02_mir/recover-20221013/UBNA_001/20221012_030000.WAV,Telephone Field,recover-20221013,001,1795
584.9025,584.9084,28046,41685,Myotis daubentonii,0.007,0.032,-1,Echolocation,/mnt/ubna_data_02_mir/recover-20221013/UBNA_001/20221012_030000.WAV,Telephone Field,recover-20221013,001,1795
584.9065,584.9467,68437,82658,Rhinolophus ferrumequinum,0.022,0.022,-1,Echolocation,/mnt/ubna_data_02_mir/recover-20221013/UBNA_001/20221012_030000.WAV,Telephone Field,recover-20221013,001,1795
584.9345,584.9459,25468,31609,Nyctalus leisleri,0.013,0.03,-1,Echolocation,/mnt/ubna_data_02_mir/recover-20221013/UBNA_001/20221012_030000.WAV,Telephone Field,recover-20221013,001,1795
584.9575,584.9659,28046,43123,Eptesicus serotinus,0.008,0.023,-1,Echolocation,/mnt/ubna_data_02_mir/recover-20221013/UBNA_001/20221012_030000.WAV,Telephone Field,recover-20221013,001,1795
585.0185,585.0578,68437,82126,Rhinolophus ferrumequinum,0.024,0.024,-1,Echolocation,/mnt/ubna_data_02_mir/recover-20221013/UBNA_001/20221012_030000.WAV,Telephone Field,recover-20221013,001,1795
585.0225,585.0315,26328,37060,Eptesicus serotinus,0.008,0.022,-1,Echolocation,/mnt/ubna_data_02_mir/recover-20221013/UBNA_001/20221012_030000.WAV,Telephone Field,recover-20221013,001,1795
585.0845,585.1203,68437,81250,Rhinolophus ferrumequinum,0.021,0.021,-1,Echolocation,/mnt/ubna_data_02_mir/recover-20221013/UBNA_001/20221012_030000.WAV,Telephone Field,recover-20221013,001,1795
585.0975,585.1052999999999,23750,31545,Plecotus austriacus,0.008,0.023,-1,Echolocation,/mnt/ubna_data_02_mir/recover-20221013/UBNA_001/20221012_030000.WAV,Telephone Field,recover-20221013,001,1795
585.1065,585.1462,68437,82761,Rhinolophus ferrumequinum,0.023,0.023,-1,Echolocation,/mnt/ubna_data_02_mir/recover-20221013/UBNA_001/20221012_030000.WAV,Telephone Field,recover-20221013,001,1795
585.1335,585.1758,68437,83385,Rhinolophus ferrumequinum,0.037,0.037,-1,Echolocation,/mnt/ubna_data_02_mir/recover-20221013/UBNA_001/20221012_030000.WAV,Telephone Field,recover-20221013,001,1795
585.1465,585.1596,23750,29261,Eptesicus serotinus,0.057,0.149,-1,Echolocation,/mnt/ubna_data_02_mir/recover-20221013/UBNA_001/20221012_030000.WAV,Telephone Field,recover-20221013,001,1795
585.1715,585.2122,68437,82872,Rhinolophus ferrumequinum,0.023,0.023,-1,Echolocation,/mnt/ubna_data_02_mir/recover-20221013/UBNA_001/20221012_030000.WAV,Telephone Field,recover-20221013,001,1795
585.1925,585.2029,22890,28416,Nyctalus leisleri,0.009,0.022,-1,Echolocation,/mnt/ubna_data_02_mir/recover-20221013/UBNA_001/20221012_030000.WAV,Telephone Field,recover-20221013,001,1795
585.1965,585.2098,34062,39018,Pipistrellus nathusii,0.009,0.03,-1,Echolocation,/mnt/ubna_data_02_mir/recover-20221013/UBNA_001/20221012_030000.WAV,Telephone Field,recover-20221013,001,1795
585.2195,585.2251,28046,45456,Myotis daubentonii,0.012,0.037,-1,Echolocation,/mnt/ubna_data_02_mir/recover-20221013/UBNA_001/20221012_030000.WAV,Telephone Field,recover-20221013,001,1795
585.2835,585.3247,68437,82956,Rhinolophus ferrumequinum,0.03,0.03,-1,Echolocation,/mnt/ubna_data_02_mir/recover-20221013/UBNA_001/20221012_030000.WAV,Telephone Field,recover-20221013,001,1795
585.3475,585.3875,68437,82653,Rhinolophus ferrumequinum,0.022,0.022,-1,Echolocation,/mnt/ubna_data_02_mir/recover-20221013/UBNA_001/20221012_030000.WAV,Telephone Field,recover-20221013,001,1795
585.3555,585.3933,68437,82428,Rhinolophus ferrumequinum,0.022,0.022,-1,Echolocation,/mnt/ubna_data_02_mir/recover-20221013/UBNA_001/20221012_030000.WAV,Telephone Field,recover-20221013,001,1795
585.3755,585.3852,15156,22009,Nyctalus noctula,0.009,0.021,-1,Echolocation,/mnt/ubna_data_02_mir/recover-20221013/UBNA_001/20221012_030000.WAV,Telephone Field,recover-20221013,001,1795
585.3825,585.4222,68437,82679,Rhinolophus ferrumequinum,0.023,0.023,-1,Echolocation,/mnt/ubna_data_02_mir/recover-20221013/UBNA_001/20221012_030000.WAV,Telephone Field,recover-20221013,001,1795
585.3835,585.3905,28046,39722,Eptesicus serotinus,0.006,0.022,-1,Echolocation,/mnt/ubna_data_02_mir/recover-20221013/UBNA_001/20221012_030000.WAV,Telephone Field,recover-20221013,001,1795
585.4085,585.4153,27187,38773,Eptesicus serotinus,0.008,0.034,-1,Echolocation,/mnt/ubna_data_02_mir/recover-20221013/UBNA_001/20221012_030000.WAV,Telephone Field,recover-20221013,001,1795
585.5105,585.548,68437,81568,Rhinolophus ferrumequinum,0.022,0.022,-1,Echolocation,/mnt/ubna_data_02_mir/recover-20221013/UBNA_001/20221012_030000.WAV,Telephone Field,recover-20221013,001,1795
585.5105,585.5323,19453,22425,Nyctalus leisleri,0.013,0.028,-1,Echolocation,/mnt/ubna_data_02_mir/recover-20221013/UBNA_001/20221012_030000.WAV,Telephone Field,recover-20221013,001,1795
585.5295,585.5677,68437,81750,Rhinolophus ferrumequinum,0.021,0.021,-1,Echolocation,/mnt/ubna_data_02_mir/recover-20221013/UBNA_001/20221012_030000.WAV,Telephone Field,recover-20221013,001,1795
585.5515,585.59,68437,82005,Rhinolophus ferrumequinum,0.021,0.021,-1,Echolocation,/mnt/ubna_data_02_mir/recover-20221013/UBNA_001/20221012_030000.WAV,Telephone Field,recover-20221013,001,1795
585.5535,585.562,26328,38324,Eptesicus serotinus,0.006,0.023,-1,Echolocation,/mnt/ubna_data_02_mir/recover-20221013/UBNA_001/20221012_030000.WAV,Telephone Field,recover-20221013,001,1795
585.5915,585.5996,28046,36388,Eptesicus serotinus,0.007,0.027,-1,Echolocation,/mnt/ubna_data_02_mir/recover-20221013/UBNA_001/20221012_030000.WAV,Telephone Field,recover-20221013,001,1795
585.6345,585.6457,27187,34923,Eptesicus serotinus,0.016,0.03,-1,Echolocation,/mnt/ubna_data_02_mir/recover-20221013/UBNA_001/20221012_030000.WAV,Telephone Field,recover-20221013,001,1795
585.6675,585.674,28046,40882,Eptesicus serotinus,0.005,0.022,-1,Echolocation,/mnt/ubna_data_02_mir/recover-20221013/UBNA_001/20221012_030000.WAV,Telephone Field,recover-20221013,001,1795
585.7075,585.7144,28046,39997,Eptesicus serotinus,0.007,0.028,-1,Echolocation,/mnt/ubna_data_02_mir/recover-20221013/UBNA_001/20221012_030000.WAV,Telephone Field,recover-20221013,001,1795
585.7645,585.7745,22031,27137,Nyctalus leisleri,0.009,0.023,-1,Echolocation,/mnt/ubna_data_02_mir/recover-20221013/UBNA_001/20221012_030000.WAV,Telephone Field,recover-20221013,001,1795
585.7915,585.8259,68437,81564,Rhinolophus ferrumequinum,0.026,0.026,-1,Echolocation,/mnt/ubna_data_02_mir/recover-20221013/UBNA_001/20221012_030000.WAV,Telephone Field,recover-20221013,001,1795
585.8575,585.8649,23750,32041,Plecotus austriacus,0.01,0.023,-1,Echolocation,/mnt/ubna_data_02_mir/recover-20221013/UBNA_001/20221012_030000.WAV,Telephone Field,recover-20221013,001,1795
585.8685,585.911,68437,83421,Rhinolophus ferrumequinum,0.051,0.051,-1,Echolocation,/mnt/ubna_data_02_mir/recover-20221013/UBNA_001/20221012_030000.WAV,Telephone Field,recover-20221013,001,1795
585.9145,585.9529,68437,81857,Rhinolophus ferrumequinum,0.022,0.022,-1,Echolocation,/mnt/ubna_data_02_mir/recover-20221013/UBNA_001/20221012_030000.WAV,Telephone Field,recover-20221013,001,1795
585.9225,585.9589,68437,81828,Rhinolophus ferrumequinum,0.022,0.022,-1,Echolocation,/mnt/ubna_data_02_mir/recover-20221013/UBNA_001/20221012_030000.WAV,Telephone Field,recover-20221013,001,1795
585.9435,585.9821,68437,82295,Rhinolophus ferrumequinum,0.022,0.022,-1,Echolocation,/mnt/ubna_data_02_mir/recover-20221013/UBNA_001/20221012_030000.WAV,Telephone Field,recover-20221013,001,1795
585.9555,585.9952,68437,82691,Rhinolophus ferrumequinum,0.022,0.022,-1,Echolocation,/mnt/ubna_data_02_mir/recover-20221013/UBNA_001/20221012_030000.WAV,Telephone Field,recover-20221013,001,1795
585.9585,585.9662,28046,40267,Eptesicus serotinus,0.007,0.023,-1,Echolocation,/mnt/ubna_data_02_mir/recover-20221013/UBNA_001/20221012_030000.WAV,Telephone Field,recover-20221013,001,1795
586.0015,586.0169,51250,55368,Pipistrellus pygmaeus,0.017,0.033,-1,Echolocation,/mnt/ubna_data_02_mir/recover-20221013/UBNA_001/20221012_030000.WAV,Telephone Field,recover-20221013,001,1795
586.0015,586.0343,68437,79914,Rhinolophus ferrumequinum,0.022,0.023,-1,Echolocation,/mnt/ubna_data_02_mir/recover-20221013/UBNA_001/20221012_030000.WAV,Telephone Field,recover-20221013,001,1795
586.0015,586.0109,22890,28320,Nyctalus leisleri,0.016,0.036,-1,Echolocation,/mnt/ubna_data_02_mir/recover-20221013/UBNA_001/20221012_030000.WAV,Telephone Field,recover-20221013,001,1795
586.0445,586.0568,58125,64114,Pipistrellus pygmaeus,0.025,0.026,-1,Echolocation,/mnt/ubna_data_02_mir/recover-20221013/UBNA_001/20221012_030000.WAV,Telephone Field,recover-20221013,001,1795
586.0645,586.1015,68437,82514,Rhinolophus ferrumequinum,0.023,0.023,-1,Echolocation,/mnt/ubna_data_02_mir/recover-20221013/UBNA_001/20221012_030000.WAV,Telephone Field,recover-20221013,001,1795
586.1445,586.1519,25468,33884,Plecotus austriacus,0.006,0.022,-1,Echolocation,/mnt/ubna_data_02_mir/recover-20221013/UBNA_001/20221012_030000.WAV,Telephone Field,recover-20221013,001,1795
586.2295,586.267,68437,82052,Rhinolophus ferrumequinum,0.027,0.027,-1,Echolocation,/mnt/ubna_data_02_mir/recover-20221013/UBNA_001/20221012_030000.WAV,Telephone Field,recover-20221013,001,1795
586.2365,586.2448,23750,32062,Plecotus austriacus,0.01,0.027,-1,Echolocation,/mnt/ubna_data_02_mir/recover-20221013/UBNA_001/20221012_030000.WAV,Telephone Field,recover-20221013,001,1795
586.2415,586.2775,68437,81820,Rhinolophus ferrumequinum,0.021,0.021,-1,Echolocation,/mnt/ubna_data_02_mir/recover-20221013/UBNA_001/20221012_030000.WAV,Telephone Field,recover-20221013,001,1795
586.3155,586.3555,68437,82780,Rhinolophus ferrumequinum,0.028,0.028,-1,Echolocation,/mnt/ubna_data_02_mir/recover-20221013/UBNA_001/20221012_030000.WAV,Telephone Field,recover-20221013,001,1795
586.3775,586.3856,28046,39608,Eptesicus serotinus,0.008,0.025,-1,Echolocation,/mnt/ubna_data_02_mir/recover-20221013/UBNA_001/20221012_030000.WAV,Telephone Field,recover-20221013,001,1795
586.3805,586.4193,68437,81703,Rhinolophus ferrumequinum,0.023,0.023,-1,Echolocation,/mnt/ubna_data_02_mir/recover-20221013/UBNA_001/20221012_030000.WAV,Telephone Field,recover-20221013,001,1795
586.4745,586.5173,68437,83044,Rhinolophus ferrumequinum,0.03,0.03,-1,Echolocation,/mnt/ubna_data_02_mir/recover-20221013/UBNA_001/20221012_030000.WAV,Telephone Field,recover-20221013,001,1795
586.5005,586.5393,68437,82097,Rhinolophus ferrumequinum,0.022,0.022,-1,Echolocation,/mnt/ubna_data_02_mir/recover-20221013/UBNA_001/20221012_030000.WAV,Telephone Field,recover-20221013,001,1795
586.5165,586.5543,68437,81869,Rhinolophus ferrumequinum,0.022,0.022,-1,Echolocation,/mnt/ubna_data_02_mir/recover-20221013/UBNA_001/20221012_030000.WAV,Telephone Field,recover-20221013,001,1795
586.5785,586.6138,68437,80959,Rhinolophus ferrumequinum,0.021,0.021,-1,Echolocation,/mnt/ubna_data_02_mir/recover-20221013/UBNA_001/20221012_030000.WAV,Telephone Field,recover-20221013,001,1795
586.5815,586.5981,21171,24291,Nyctalus leisleri,0.015,0.024,-1,Echolocation,/mnt/ubna_data_02_mir/recover-20221013/UBNA_001/20221012_030000.WAV,Telephone Field,recover-20221013,001,1795
586.6055,586.6458,68437,82201,Rhinolophus ferrumequinum,0.022,0.022,-1,Echolocation,/mnt/ubna_data_02_mir/recover-20221013/UBNA_001/20221012_030000.WAV,Telephone Field,recover-20221013,001,1795
586.6815,586.7219,68437,82982,Rhinolophus ferrumequinum,0.034,0.034,-1,Echolocation,/mnt/ubna_data_02_mir/recover-20221013/UBNA_001/20221012_030000.WAV,Telephone Field,recover-20221013,001,1795
586.7195,586.7297,24609,30921,Nyctalus leisleri,0.009,0.023,-1,Echolocation,/mnt/ubna_data_02_mir/recover-20221013/UBNA_001/20221012_030000.WAV,Telephone Field,recover-20221013,001,1795
586.7395,586.7775,68437,81920,Rhinolophus ferrumequinum,0.021,0.021,-1,Echolocation,/mnt/ubna_data_02_mir/recover-20221013/UBNA_001/20221012_030000.WAV,Telephone Field,recover-20221013,001,1795
586.7825,586.7932,27187,34667,Eptesicus serotinus,0.013,0.027,-1,Echolocation,/mnt/ubna_data_02_mir/recover-20221013/UBNA_001/20221012_030000.WAV,Telephone Field,recover-20221013,001,1795
586.8045,586.8437,68437,82185,Rhinolophus ferrumequinum,0.023,0.023,-1,Echolocation,/mnt/ubna_data_02_mir/recover-20221013/UBNA_001/20221012_030000.WAV,Telephone Field,recover-20221013,001,1795
586.8185,586.8262,26328,34863,Eptesicus serotinus,0.007,0.022,-1,Echolocation,/mnt/ubna_data_02_mir/recover-20221013/UBNA_001/20221012_030000.WAV,Telephone Field,recover-20221013,001,1795
586.8435,586.8511,26328,37935,Eptesicus serotinus,0.007,0.022,-1,Echolocation,/mnt/ubna_data_02_mir/recover-20221013/UBNA_001/20221012_030000.WAV,Telephone Field,recover-20221013,001,1795
586.8735,586.9148,68437,82677,Rhinolophus ferrumequinum,0.022,0.022,-1,Echolocation,/mnt/ubna_data_02_mir/recover-20221013/UBNA_001/20221012_030000.WAV,Telephone Field,recover-20221013,001,1795
586.8795,586.918,68437,82445,Rhinolophus ferrumequinum,0.022,0.022,-1,Echolocation,/mnt/ubna_data_02_mir/recover-20221013/UBNA_001/20221012_030000.WAV,Telephone Field,recover-20221013,001,1795
586.9465,586.9874,68437,82743,Rhinolophus ferrumequinum,0.022,0.022,-1,Echolocation,/mnt/ubna_data_02_mir/recover-20221013/UBNA_001/20221012_030000.WAV,Telephone Field,recover-20221013,001,1795
586.9995,587.0398,68437,82565,Rhinolophus ferrumequinum,0.023,0.023,-1,Echolocation,/mnt/ubna_data_02_mir/recover-20221013/UBNA_001/20221012_030000.WAV,Telephone Field,recover-20221013,001,1795
587.0105,587.0487,68437,82305,Rhinolophus ferrumequinum,0.023,0.023,-1,Echolocation,/mnt/ubna_data_02_mir/recover-20221013/UBNA_001/20221012_030000.WAV,Telephone Field,recover-20221013,001,1795
587.0145,587.0269,23750,29085,Nyctalus leisleri,0.01,0.022,-1,Echolocation,/mnt/ubna_data_02_mir/recover-20221013/UBNA_001/20221012_030000.WAV,Telephone Field,recover-20221013,001,1795
587.0725,587.1141,68437,82377,Rhinolophus ferrumequinum,0.022,0.022,-1,Echolocation,/mnt/ubna_data_02_mir/recover-20221013/UBNA_001/20221012_030000.WAV,Telephone Field,recover-20221013,001,1795
587.1205,587.1304,51250,55771,Pipistrellus pipistrellus,0.018,0.021,-1,Echolocation,/mnt/ubna_data_02_mir/recover-20221013/UBNA_001/20221012_030000.WAV,Telephone Field,recover-20221013,001,1795
587.1405,587.1781,68437,82372,Rhinolophus ferrumequinum,0.022,0.022,-1,Echolocation,/mnt/ubna_data_02_mir/recover-20221013/UBNA_001/20221012_030000.WAV,Telephone Field,recover-20221013,001,1795
587.1425,587.1499,31484,43289,Myotis daubentonii,0.011,0.023,-1,Echolocation,/mnt/ubna_data_02_mir/recover-20221013/UBNA_001/20221012_030000.WAV,Telephone Field,recover-20221013,001,1795
587.1585,587.1999,68437,83086,Rhinolophus ferrumequinum,0.028,0.028,-1,Echolocation,/mnt/ubna_data_02_mir/recover-20221013/UBNA_001/20221012_030000.WAV,Telephone Field,recover-20221013,001,1795
587.1795,587.1883,28046,39287,Eptesicus serotinus,0.01,0.024,-1,Echolocation,/mnt/ubna_data_02_mir/recover-20221013/UBNA_001/20221012_030000.WAV,Telephone Field,recover-20221013,001,1795
587.2405,587.2807,68437,82451,Rhinolophus ferrumequinum,0.022,0.022,-1,Echolocation,/mnt/ubna_data_02_mir/recover-20221013/UBNA_001/20221012_030000.WAV,Telephone Field,recover-20221013,001,1795
587.2455,587.2861,68437,82508,Rhinolophus ferrumequinum,0.022,0.022,-1,Echolocation,/mnt/ubna_data_02_mir/recover-20221013/UBNA_001/20221012_030000.WAV,Telephone Field,recover-20221013,001,1795
587.2685,587.3058,68437,81549,Rhinolophus ferrumequinum,0.022,0.022,-1,Echolocation,/mnt/ubna_data_02_mir/recover-20221013/UBNA_001/20221012_030000.WAV,Telephone Field,recover-20221013,001,1795
587.2755,587.3153,68437,82012,Rhinolophus ferrumequinum,0.023,0.023,-1,Echolocation,/mnt/ubna_data_02_mir/recover-20221013/UBNA_001/20221012_030000.WAV,Telephone Field,recover-20221013,001,1795
587.2835,587.2917,28906,37838,Eptesicus serotinus,0.008,0.025,-1,Echolocation,/mnt/ubna_data_02_mir/recover-20221013/UBNA_001/20221012_030000.WAV,Telephone Field,recover-20221013,001,1795
587.3255,587.3337,28906,38827,Eptesicus serotinus,0.008,0.023,-1,Echolocation,/mnt/ubna_data_02_mir/recover-20221013/UBNA_001/20221012_030000.WAV,Telephone Field,recover-20221013,001,1795
587.3515,587.3596,28046,38390,Eptesicus serotinus,0.008,0.023,-1,Echolocation,/mnt/ubna_data_02_mir/recover-20221013/UBNA_001/20221012_030000.WAV,Telephone Field,recover-20221013,001,1795
587.3765,587.3852,23750,32322,Plecotus austriacus,0.008,0.025,-1,Echolocation,/mnt/ubna_data_02_mir/recover-20221013/UBNA_001/20221012_030000.WAV,Telephone Field,recover-20221013,001,1795
587.3775,587.4177,68437,82041,Rhinolophus ferrumequinum,0.022,0.022,-1,Echolocation,/mnt/ubna_data_02_mir/recover-20221013/UBNA_001/20221012_030000.WAV,Telephone Field,recover-20221013,001,1795
587.4125,587.4509,68437,81478,Rhinolophus ferrumequinum,0.022,0.022,-1,Echolocation,/mnt/ubna_data_02_mir/recover-20221013/UBNA_001/20221012_030000.WAV,Telephone Field,recover-20221013,001,1795
587.4265,587.4334,27187,40169,Eptesicus serotinus,0.007,0.024,-1,Echolocation,/mnt/ubna_data_02_mir/recover-20221013/UBNA_001/20221012_030000.WAV,Telephone Field,recover-20221013,001,1795
587.4425,587.4532,22890,27900,Nyctalus leisleri,0.011,0.024,-1,Echolocation,/mnt/ubna_data_02_mir/recover-20221013/UBNA_001/20221012_030000.WAV,Telephone Field,recover-20221013,001,1795
587.4785,587.4875,25468,33130,Eptesicus serotinus,0.008,0.021,-1,Echolocation,/mnt/ubna_data_02_mir/recover-20221013/UBNA_001/20221012_030000.WAV,Telephone Field,recover-20221013,001,1795
587.5215,587.5299,28046,40081,Eptesicus serotinus,0.007,0.022,-1,Echolocation,/mnt/ubna_data_02_mir/recover-20221013/UBNA_001/20221012_030000.WAV,Telephone Field,recover-20221013,001,1795
587.5455,587.585,68437,82175,Rhinolophus ferrumequinum,0.024,0.024,-1,Echolocation,/mnt/ubna_data_02_mir/recover-20221013/UBNA_001/20221012_030000.WAV,Telephone Field,recover-20221013,001,1795
587.5695,587.6101,68437,82366,Rhinolophus ferrumequinum,0.026,0.026,-1,Echolocation,/mnt/ubna_data_02_mir/recover-20221013/UBNA_001/20221012_030000.WAV,Telephone Field,recover-20221013,001,1795
587.5995,587.6193,19453,22092,Nyctalus leisleri,0.012,0.025,-1,Echolocation,/mnt/ubna_data_02_mir/recover-20221013/UBNA_001/20221012_030000.WAV,Telephone Field,recover-20221013,001,1795
587.6025,587.6101,40078,52202,Myotis daubentonii,0.009,0.025,-1,Echolocation,/mnt/ubna_data_02_mir/recover-20221013/UBNA_001/20221012_030000.WAV,Telephone Field,recover-20221013,001,1795
587.6045,587.6403,68437,80894,Rhinolophus ferrumequinum,0.021,0.021,-1,Echolocation,/mnt/ubna_data_02_mir/recover-20221013/UBNA_001/20221012_030000.WAV,Telephone Field,recover-20221013,001,1795
587.6505,587.6616,24609,30668,Nyctalus leisleri,0.011,0.028,-1,Echolocation,/mnt/ubna_data_02_mir/recover-20221013/UBNA_001/20221012_030000.WAV,Telephone Field,recover-20221013,001,1795
587.6835,587.6946,22031,27238,Nyctalus leisleri,0.014,0.029,-1,Echolocation,/mnt/ubna_data_02_mir/recover-20221013/UBNA_001/20221012_030000.WAV,Telephone Field,recover-20221013,001,1795
587.6905,587.6985999999999,47812,53066,Pipistrellus pipistrellus,0.019,0.021,-1,Echolocation,/mnt/ubna_data_02_mir/recover-20221013/UBNA_001/20221012_030000.WAV,Telephone Field,recover-20221013,001,1795
587.7225,587.7329,28046,37172,Eptesicus serotinus,0.01,0.023,-1,Echolocation,/mnt/ubna_data_02_mir/recover-20221013/UBNA_001/20221012_030000.WAV,Telephone Field,recover-20221013,001,1795
587.7775,587.8175,68437,82578,Rhinolophus ferrumequinum,0.022,0.022,-1,Echolocation,/mnt/ubna_data_02_mir/recover-20221013/UBNA_001/20221012_030000.WAV,Telephone Field,recover-20221013,001,1795
587.8725,587.9139,68437,82453,Rhinolophus ferrumequinum,0.023,0.023,-1,Echolocation,/mnt/ubna_data_02_mir/recover-20221013/UBNA_001/20221012_030000.WAV,Telephone Field,recover-20221013,001,1795
587.8835,587.9053,18593,21059,Nyctalus noctula,0.012,0.025,-1,Echolocation,/mnt/ubna_data_02_mir/recover-20221013/UBNA_001/20221012_030000.WAV,Telephone Field,recover-20221013,001,1795
587.9055,587.9485999999999,68437,82566,Rhinolophus ferrumequinum,0.023,0.023,-1,Echolocation,/mnt/ubna_data_02_mir/recover-20221013/UBNA_001/20221012_030000.WAV,Telephone Field,recover-20221013,001,1795
587.9075,587.9157,27187,39074,Eptesicus serotinus,0.008,0.024,-1,Echolocation,/mnt/ubna_data_02_mir/recover-20221013/UBNA_001/20221012_030000.WAV,Telephone Field,recover-20221013,001,1795
587.9125,587.9544,68437,82280,Rhinolophus ferrumequinum,0.022,0.022,-1,Echolocation,/mnt/ubna_data_02_mir/recover-20221013/UBNA_001/20221012_030000.WAV,Telephone Field,recover-20221013,001,1795
587.9235,587.9606,68437,81239,Rhinolophus ferrumequinum,0.021,0.022,-1,Echolocation,/mnt/ubna_data_02_mir/recover-20221013/UBNA_001/20221012_030000.WAV,Telephone Field,recover-20221013,001,1795
587.9705,587.981,22890,28263,Nyctalus leisleri,0.01,0.022,-1,Echolocation,/mnt/ubna_data_02_mir/recover-20221013/UBNA_001/20221012_030000.WAV,Telephone Field,recover-20221013,001,1795
588.0015,588.0162,19453,24614,Nyctalus leisleri,0.017,0.044,-1,Echolocation,/mnt/ubna_data_02_mir/recover-20221013/UBNA_001/20221012_030000.WAV,Telephone Field,recover-20221013,001,1795
588.0015,588.0115,49531,56344,Pipistrellus pipistrellus,0.016,0.024,-1,Echolocation,/mnt/ubna_data_02_mir/recover-20221013/UBNA_001/20221012_030000.WAV,Telephone Field,recover-20221013,001,1795
588.0015,588.0347,68437,80037,Rhinolophus ferrumequinum,0.024,0.024,-1,Echolocation,/mnt/ubna_data_02_mir/recover-20221013/UBNA_001/20221012_030000.WAV,Telephone Field,recover-20221013,001,1795
588.0065,588.015,26328,37396,Eptesicus serotinus,0.008,0.024,-1,Echolocation,/mnt/ubna_data_02_mir/recover-20221013/UBNA_001/20221012_030000.WAV,Telephone Field,recover-20221013,001,1795
588.0085,588.0481,68437,81661,Rhinolophus ferrumequinum,0.023,0.023,-1,Echolocation,/mnt/ubna_data_02_mir/recover-20221013/UBNA_001/20221012_030000.WAV,Telephone Field,recover-20221013,001,1795
588.0315,588.0388,28046,39905,Eptesicus serotinus,0.007,0.022,-1,Echolocation,/mnt/ubna_data_02_mir/recover-20221013/UBNA_001/20221012_030000.WAV,Telephone Field,recover-20221013,001,1795
588.0385,588.0774,68437,82064,Rhinolophus ferrumequinum,0.025,0.025,-1,Echolocation,/mnt/ubna_data_02_mir/recover-20221013/UBNA_001/20221012_030000.WAV,Telephone Field,recover-20221013,001,1795
588.0595,588.0979,68437,81950,Rhinolophus ferrumequinum,0.022,0.022,-1,Echolocation,/mnt/ubna_data_02_mir/recover-20221013/UBNA_001/20221012_030000.WAV,Telephone Field,recover-20221013,001,1795
588.0715,588.0813,22031,27213,Nyctalus leisleri,0.008,0.022,-1,Echolocation,/mnt/ubna_data_02_mir/recover-20221013/UBNA_001/20221012_030000.WAV,Telephone Field,recover-20221013,001,1795
588.1005,588.1415,68437,82522,Rhinolophus ferrumequinum,0.031,0.031,-1,Echolocation,/mnt/ubna_data_02_mir/recover-20221013/UBNA_001/20221012_030000.WAV,Telephone Field,recover-20221013,001,1795
588.1135,588.1542,68437,82331,Rhinolophus ferrumequinum,0.022,0.022,-1,Echolocation,/mnt/ubna_data_02_mir/recover-20221013/UBNA_001/20221012_030000.WAV,Telephone Field,recover-20221013,001,1795
588.1205,588.1606,68437,82309,Rhinolophus ferrumequinum,0.022,0.022,-1,Echolocation,/mnt/ubna_data_02_mir/recover-20221013/UBNA_001/20221012_030000.WAV,Telephone Field,recover-20221013,001,1795
588.1205,588.1305,25468,33324,Eptesicus serotinus,0.01,0.025,-1,Echolocation,/mnt/ubna_data_02_mir/recover-20221013/UBNA_001/20221012_030000.WAV,Telephone Field,recover-20221013,001,1795
588.1255,588.1358,26328,34358,Eptesicus serotinus,0.012,0.026,-1,Echolocation,/mnt/ubna_data_02_mir/recover-20221013/UBNA_001/20221012_030000.WAV,Telephone Field,recover-20221013,001,1795
588.1445,588.1509,47812,53902,Pipistrellus pipistrellus,0.02,0.022,-1,Echolocation,/mnt/ubna_data_02_mir/recover-20221013/UBNA_001/20221012_030000.WAV,Telephone Field,recover-20221013,001,1795
588.1514999999999,588.1601,22890,30161,Plecotus austriacus,0.008,0.021,-1,Echolocation,/mnt/ubna_data_02_mir/recover-20221013/UBNA_001/20221012_030000.WAV,Telephone Field,recover-20221013,001,1795
588.1795,588.1879,28046,38249,Eptesicus serotinus,0.007,0.021,-1,Echolocation,/mnt/ubna_data_02_mir/recover-20221013/UBNA_001/20221012_030000.WAV,Telephone Field,recover-20221013,001,1795
588.1805,588.2186,68437,81480,Rhinolophus ferrumequinum,0.023,0.023,-1,Echolocation,/mnt/ubna_data_02_mir/recover-20221013/UBNA_001/20221012_030000.WAV,Telephone Field,recover-20221013,001,1795
588.2065,588.2188,22031,25798,Nyctalus leisleri,0.012,0.021,-1,Echolocation,/mnt/ubna_data_02_mir/recover-20221013/UBNA_001/20221012_030000.WAV,Telephone Field,recover-20221013,001,1795
588.2075,588.2461,68437,82225,Rhinolophus ferrumequinum,0.023,0.023,-1,Echolocation,/mnt/ubna_data_02_mir/recover-20221013/UBNA_001/20221012_030000.WAV,Telephone Field,recover-20221013,001,1795
588.2185,588.2586,68437,82434,Rhinolophus ferrumequinum,0.025,0.025,-1,Echolocation,/mnt/ubna_data_02_mir/recover-20221013/UBNA_001/20221012_030000.WAV,Telephone Field,recover-20221013,001,1795
588.2215,588.2302999999999,28046,41694,Eptesicus serotinus,0.008,0.022,-1,Echolocation,/mnt/ubna_data_02_mir/recover-20221013/UBNA_001/20221012_030000.WAV,Telephone Field,recover-20221013,001,1795
588.2485,588.2869,68437,82322,Rhinolophus ferrumequinum,0.023,0.023,-1,Echolocation,/mnt/ubna_data_02_mir/recover-20221013/UBNA_001/20221012_030000.WAV,Telephone Field,recover-20221013,001,1795
588.2645,588.3056,68437,81792,Rhinolophus ferrumequinum,0.024,0.024,-1,Echolocation,/mnt/ubna_data_02_mir/recover-20221013/UBNA_001/20221012_030000.WAV,Telephone Field,recover-20221013,001,1795
588.2995,588.309,28906,37553,Eptesicus serotinus,0.01,0.025,-1,Echolocation,/mnt/ubna_data_02_mir/recover-20221013/UBNA_001/20221012_030000.WAV,Telephone Field,recover-20221013,001,1795
588.3235,588.363,68437,82149,Rhinolophus ferrumequinum,0.021,0.021,-1,Echolocation,/mnt/ubna_data_02_mir/recover-20221013/UBNA_001/20221012_030000.WAV,Telephone Field,recover-20221013,001,1795
588.3305,588.3395,23750,31265,Plecotus austriacus,0.007,0.023,-1,Echolocation,/mnt/ubna_data_02_mir/recover-20221013/UBNA_001/20221012_030000.WAV,Telephone Field,recover-20221013,001,1795
588.3695,588.4082,68437,82130,Rhinolophus ferrumequinum,0.021,0.021,-1,Echolocation,/mnt/ubna_data_02_mir/recover-20221013/UBNA_001/20221012_030000.WAV,Telephone Field,recover-20221013,001,1795
588.3965,588.4352,68437,82113,Rhinolophus ferrumequinum,0.021,0.021,-1,Echolocation,/mnt/ubna_data_02_mir/recover-20221013/UBNA_001/20221012_030000.WAV,Telephone Field,recover-20221013,001,1795
588.4185,588.4576,68437,82067,Rhinolophus ferrumequinum,0.021,0.021,-1,Echolocation,/mnt/ubna_data_02_mir/recover-20221013/UBNA_001/20221012_030000.WAV,Telephone Field,recover-20221013,001,1795
588.4185,588.4316,22890,28123,Nyctalus leisleri,0.014,0.025,-1,Echolocation,/mnt/ubna_data_02_mir/recover-20221013/UBNA_001/20221012_030000.WAV,Telephone Field,recover-20221013,001,1795
588.4275,588.4386,23750,29001,Nyctalus leisleri,0.012,0.023,-1,Echolocation,/mnt/ubna_data_02_mir/recover-20221013/UBNA_001/20221012_030000.WAV,Telephone Field,recover-20221013,001,1795
588.4285,588.4682,68437,82168,Rhinolophus ferrumequinum,0.024,0.024,-1,Echolocation,/mnt/ubna_data_02_mir/recover-20221013/UBNA_001/20221012_030000.WAV,Telephone Field,recover-20221013,001,1795
588.4385,588.4786,68437,82439,Rhinolophus ferrumequinum,0.024,0.024,-1,Echolocation,/mnt/ubna_data_02_mir/recover-20221013/UBNA_001/20221012_030000.WAV,Telephone Field,recover-20221013,001,1795
588.4545,588.4894,68437,80932,Rhinolophus ferrumequinum,0.02,0.021,-1,Echolocation,/mnt/ubna_data_02_mir/recover-20221013/UBNA_001/20221012_030000.WAV,Telephone Field,recover-20221013,001,1795
588.4605,588.4712,22031,27050,Nyctalus leisleri,0.009,0.021,-1,Echolocation,/mnt/ubna_data_02_mir/recover-20221013/UBNA_001/20221012_030000.WAV,Telephone Field,recover-20221013,001,1795
588.4715,588.514,68437,82246,Rhinolophus ferrumequinum,0.023,0.023,-1,Echolocation,/mnt/ubna_data_02_mir/recover-20221013/UBNA_001/20221012_030000.WAV,Telephone Field,recover-20221013,001,1795
588.4785,588.5211,68437,83178,Rhinolophus ferrumequinum,0.026,0.026,-1,Echolocation,/mnt/ubna_data_02_mir/recover-20221013/UBNA_001/20221012_030000.WAV,Telephone Field,recover-20221013,001,1795
588.4895,588.5035,22031,25580,Nyctalus leisleri,0.016,0.026,-1,Echolocation,/mnt/ubna_data_02_mir/recover-20221013/UBNA_001/20221012_030000.WAV,Telephone Field,recover-20221013,001,1795
588.4965,588.5348,68437,81414,Rhinolophus ferrumequinum,0.024,0.024,-1,Echolocation,/mnt/ubna_data_02_mir/recover-20221013/UBNA_001/20221012_030000.WAV,Telephone Field,recover-20221013,001,1795
588.5015,588.5097,28046,40394,Eptesicus serotinus,0.009,0.029,-1,Echolocation,/mnt/ubna_data_02_mir/recover-20221013/UBNA_001/20221012_030000.WAV,Telephone Field,recover-20221013,001,1795
588.5205,588.5591,68437,82150,Rhinolophus ferrumequinum,0.023,0.023,-1,Echolocation,/mnt/ubna_data_02_mir/recover-20221013/UBNA_001/20221012_030000.WAV,Telephone Field,recover-20221013,001,1795
588.5335,588.5424,28046,38491,Eptesicus serotinus,0.009,0.022,-1,Echolocation,/mnt/ubna_data_02_mir/recover-20221013/UBNA_001/20221012_030000.WAV,Telephone Field,recover-20221013,001,1795
588.5345,588.572,68437,81582,Rhinolophus ferrumequinum,0.021,0.021,-1,Echolocation,/mnt/ubna_data_02_mir/recover-20221013/UBNA_001/20221012_030000.WAV,Telephone Field,recover-20221013,001,1795
588.5565,588.5984,68437,82767,Rhinolophus ferrumequinum,0.03,0.03,-1,Echolocation,/mnt/ubna_data_02_mir/recover-20221013/UBNA_001/20221012_030000.WAV,Telephone Field,recover-20221013,001,1795
588.5845,588.5946,28906,36626,Eptesicus serotinus,0.009,0.023,-1,Echolocation,/mnt/ubna_data_02_mir/recover-20221013/UBNA_001/20221012_030000.WAV,Telephone Field,recover-20221013,001,1795
588.6145,588.654,68437,82639,Rhinolophus ferrumequinum,0.042,0.042,-1,Echolocation,/mnt/ubna_data_02_mir/recover-20221013/UBNA_001/20221012_030000.WAV,Telephone Field,recover-20221013,001,1795
588.6155,588.6225,28046,38221,Eptesicus serotinus,0.005,0.02,-1,Echolocation,/mnt/ubna_data_02_mir/recover-20221013/UBNA_001/20221012_030000.WAV,Telephone Field,recover-20221013,001,1795
588.6395,588.6475,23750,31701,Plecotus austriacus,0.009,0.022,-1,Echolocation,/mnt/ubna_data_02_mir/recover-20221013/UBNA_001/20221012_030000.WAV,Telephone Field,recover-20221013,001,1795
588.7475,588.7568,28046,38645,Eptesicus serotinus,0.008,0.021,-1,Echolocation,/mnt/ubna_data_02_mir/recover-20221013/UBNA_001/20221012_030000.WAV,Telephone Field,recover-20221013,001,1795
588.7695,588.8103,68437,82797,Rhinolophus ferrumequinum,0.024,0.025,-1,Echolocation,/mnt/ubna_data_02_mir/recover-20221013/UBNA_001/20221012_030000.WAV,Telephone Field,recover-20221013,001,1795
588.7945,588.8046,28046,35851,Eptesicus serotinus,0.01,0.023,-1,Echolocation,/mnt/ubna_data_02_mir/recover-20221013/UBNA_001/20221012_030000.WAV,Telephone Field,recover-20221013,001,1795
588.7965,588.8313,68437,81454,Rhinolophus ferrumequinum,0.021,0.021,-1,Echolocation,/mnt/ubna_data_02_mir/recover-20221013/UBNA_001/20221012_030000.WAV,Telephone Field,recover-20221013,001,1795
588.8075,588.8466,68437,82029,Rhinolophus ferrumequinum,0.023,0.023,-1,Echolocation,/mnt/ubna_data_02_mir/recover-20221013/UBNA_001/20221012_030000.WAV,Telephone Field,recover-20221013,001,1795
588.8265,588.8627,68437,81738,Rhinolophus ferrumequinum,0.02,0.02,-1,Echolocation,/mnt/ubna_data_02_mir/recover-20221013/UBNA_001/20221012_030000.WAV,Telephone Field,recover-20221013,001,1795
588.8875,588.9232,68437,81248,Rhinolophus ferrumequinum,0.021,0.021,-1,Echolocation,/mnt/ubna_data_02_mir/recover-20221013/UBNA_001/20221012_030000.WAV,Telephone Field,recover-20221013,001,1795
588.9105,588.9471,68437,81352,Rhinolophus ferrumequinum,0.022,0.022,-1,Echolocation,/mnt/ubna_data_02_mir/recover-20221013/UBNA_001/20221012_030000.WAV,Telephone Field,recover-20221013,001,1795
588.9305,588.9405,34062,40264,Barbastellus barbastellus,0.007,0.025,-1,Echolocation,/mnt/ubna_data_02_mir/recover-20221013/UBNA_001/20221012_030000.WAV,Telephone Field,recover-20221013,001,1795
588.9315,588.9402,28046,37320,Eptesicus serotinus,0.01,0.025,-1,Echolocation,/mnt/ubna_data_02_mir/recover-20221013/UBNA_001/20221012_030000.WAV,Telephone Field,recover-20221013,001,1795
588.9415,588.95,27187,37991,Eptesicus serotinus,0.007,0.022,-1,Echolocation,/mnt/ubna_data_02_mir/recover-20221013/UBNA_001/20221012_030000.WAV,Telephone Field,recover-20221013,001,1795
588.9645,589.0029,68437,81579,Rhinolophus ferrumequinum,0.022,0.022,-1,Echolocation,/mnt/ubna_data_02_mir/recover-20221013/UBNA_001/20221012_030000.WAV,Telephone Field,recover-20221013,001,1795
588.9995,589.0085,25468,34217,Eptesicus serotinus,0.007,0.021,-1,Echolocation,/mnt/ubna_data_02_mir/recover-20221013/UBNA_001/20221012_030000.WAV,Telephone Field,recover-20221013,001,1795
589.0195,589.0583,68437,82376,Rhinolophus ferrumequinum,0.029,0.029,-1,Echolocation,/mnt/ubna_data_02_mir/recover-20221013/UBNA_001/20221012_030000.WAV,Telephone Field,recover-20221013,001,1795
589.0565,589.0924,68437,81197,Rhinolophus ferrumequinum,0.022,0.022,-1,Echolocation,/mnt/ubna_data_02_mir/recover-20221013/UBNA_001/20221012_030000.WAV,Telephone Field,recover-20221013,001,1795
589.0775,589.1173,68437,81659,Rhinolophus ferrumequinum,0.021,0.021,-1,Echolocation,/mnt/ubna_data_02_mir/recover-20221013/UBNA_001/20221012_030000.WAV,Telephone Field,recover-20221013,001,1795
589.0965,589.135,68437,81407,Rhinolophus ferrumequinum,0.02,0.02,-1,Echolocation,/mnt/ubna_data_02_mir/recover-20221013/UBNA_001/20221012_030000.WAV,Telephone Field,recover-20221013,001,1795
589.0975,589.1084,28046,36667,Eptesicus serotinus,0.012,0.027,-1,Echolocation,/mnt/ubna_data_02_mir/recover-20221013/UBNA_001/20221012_030000.WAV,Telephone Field,recover-20221013,001,1795
589.1175,589.1255,28046,43052,Eptesicus serotinus,0.007,0.021,-1,Echolocation,/mnt/ubna_data_02_mir/recover-20221013/UBNA_001/20221012_030000.WAV,Telephone Field,recover-20221013,001,1795
589.1195,589.1611,68437,82837,Rhinolophus ferrumequinum,0.027,0.027,-1,Echolocation,/mnt/ubna_data_02_mir/recover-20221013/UBNA_001/20221012_030000.WAV,Telephone Field,recover-20221013,001,1795
589.1675,589.2042,68437,81499,Rhinolophus ferrumequinum,0.021,0.021,-1,Echolocation,/mnt/ubna_data_02_mir/recover-20221013/UBNA_001/20221012_030000.WAV,Telephone Field,recover-20221013,001,1795
589.1705,589.1797,40078,47918,Pipistrellus nathusii,0.009,0.026,-1,Echolocation,/mnt/ubna_data_02_mir/recover-20221013/UBNA_001/20221012_030000.WAV,Telephone Field,recover-20221013,001,1795
589.1975,589.2386,68437,82282,Rhinolophus ferrumequinum,0.028,0.028,-1,Echolocation,/mnt/ubna_data_02_mir/recover-20221013/UBNA_001/20221012_030000.WAV,Telephone Field,recover-20221013,001,1795
589.2465,589.2849,68437,82271,Rhinolophus ferrumequinum,0.023,0.023,-1,Echolocation,/mnt/ubna_data_02_mir/recover-20221013/UBNA_001/20221012_030000.WAV,Telephone Field,recover-20221013,001,1795
589.2665,589.276,26328,33136,Eptesicus serotinus,0.026,0.051,-1,Echolocation,/mnt/ubna_data_02_mir/recover-20221013/UBNA_001/20221012_030000.WAV,Telephone Field,recover-20221013,001,1795
589.2665,589.3028,68437,82036,Rhinolophus ferrumequinum,0.029,0.029,-1,Echolocation,/mnt/ubna_data_02_mir/recover-20221013/UBNA_001/20221012_030000.WAV,Telephone Field,recover-20221013,001,1795
589.3065,589.345,68437,81905,Rhinolophus ferrumequinum,0.021,0.021,-1,Echolocation,/mnt/ubna_data_02_mir/recover-20221013/UBNA_001/20221012_030000.WAV,Telephone Field,recover-20221013,001,1795
589.3195,589.3271,28046,40022,Eptesicus serotinus,0.006,0.02,-1,Echolocation,/mnt/ubna_data_02_mir/recover-20221013/UBNA_001/20221012_030000.WAV,Telephone Field,recover-20221013,001,1795
589.3415,589.351,28046,39356,Eptesicus serotinus,0.011,0.027,-1,Echolocation,/mnt/ubna_data_02_mir/recover-20221013/UBNA_001/20221012_030000.WAV,Telephone Field,recover-20221013,001,1795
589.3565,589.3947000000001,68437,82099,Rhinolophus ferrumequinum,0.022,0.022,-1,Echolocation,/mnt/ubna_data_02_mir/recover-20221013/UBNA_001/20221012_030000.WAV,Telephone Field,recover-20221013,001,1795
589.3595,589.3669,28046,38312,Eptesicus serotinus,0.009,0.026,-1,Echolocation,/mnt/ubna_data_02_mir/recover-20221013/UBNA_001/20221012_030000.WAV,Telephone Field,recover-20221013,001,1795
589.3725,589.4109,68437,82113,Rhinolophus ferrumequinum,0.023,0.023,-1,Echolocation,/mnt/ubna_data_02_mir/recover-20221013/UBNA_001/20221012_030000.WAV,Telephone Field,recover-20221013,001,1795
589.4025,589.4437,68437,83188,Rhinolophus ferrumequinum,0.024,0.024,-1,Echolocation,/mnt/ubna_data_02_mir/recover-20221013/UBNA_001/20221012_030000.WAV,Telephone Field,recover-20221013,001,1795
589.4195,589.4602,68437,82487,Rhinolophus ferrumequinum,0.023,0.023,-1,Echolocation,/mnt/ubna_data_02_mir/recover-20221013/UBNA_001/20221012_030000.WAV,Telephone Field,recover-20221013,001,1795
589.4395,589.4821,68437,83319,Rhinolophus ferrumequinum,0.027,0.027,-1,Echolocation,/mnt/ubna_data_02_mir/recover-20221013/UBNA_001/20221012_030000.WAV,Telephone Field,recover-20221013,001,1795
589.4495,589.4595,27187,36614,Eptesicus serotinus,0.016,0.033,-1,Echolocation,/mnt/ubna_data_02_mir/recover-20221013/UBNA_001/20221012_030000.WAV,Telephone Field,recover-20221013,001,1795
589.4495,589.4562,34921,42033,Myotis daubentonii,0.009,0.022,-1,Echolocation,/mnt/ubna_data_02_mir/recover-20221013/UBNA_001/20221012_030000.WAV,Telephone Field,recover-20221013,001,1795
589.4615,589.4978,68437,81368,Rhinolophus ferrumequinum,0.022,0.022,-1,Echolocation,/mnt/ubna_data_02_mir/recover-20221013/UBNA_001/20221012_030000.WAV,Telephone Field,recover-20221013,001,1795
589.4765,589.5135,68437,81212,Rhinolophus ferrumequinum,0.021,0.021,-1,Echolocation,/mnt/ubna_data_02_mir/recover-20221013/UBNA_001/20221012_030000.WAV,Telephone Field,recover-20221013,001,1795
589.5025,589.5391,68437,81670,Rhinolophus ferrumequinum,0.021,0.021,-1,Echolocation,/mnt/ubna_data_02_mir/recover-20221013/UBNA_001/20221012_030000.WAV,Telephone Field,recover-20221013,001,1795
589.5185,589.5604,68437,82263,Rhinolophus ferrumequinum,0.042,0.042,-1,Echolocation,/mnt/ubna_data_02_mir/recover-20221013/UBNA_001/20221012_030000.WAV,Telephone Field,recover-20221013,001,1795
589.5425,589.5811,68437,81762,Rhinolophus ferrumequinum,0.022,0.022,-1,Echolocation,/mnt/ubna_data_02_mir/recover-20221013/UBNA_001/20221012_030000.WAV,Telephone Field,recover-20221013,001,1795
589.5535,589.5925,68437,82276,Rhinolophus ferrumequinum,0.021,0.021,-1,Echolocation,/mnt/ubna_data_02_mir/recover-20221013/UBNA_001/20221012_030000.WAV,Telephone Field,recover-20221013,001,1795
589.5665,589.6051,68437,81865,Rhinolophus ferrumequinum,0.021,0.021,-1,Echolocation,/mnt/ubna_data_02_mir/recover-20221013/UBNA_001/20221012_030000.WAV,Telephone Field,recover-20221013,001,1795
589.5675,589.5767,28906,42320,Eptesicus serotinus,0.009,0.024,-1,Echolocation,/mnt/ubna_data_02_mir/recover-20221013/UBNA_001/20221012_030000.WAV,Telephone Field,recover-20221013,001,1795
589.6075,589.6185,23750,29749,Nyctalus leisleri,0.011,0.026,-1,Echolocation,/mnt/ubna_data_02_mir/recover-20221013/UBNA_001/20221012_030000.WAV,Telephone Field,recover-20221013,001,1795
589.6175,589.6553,68437,81655,Rhinolophus ferrumequinum,0.026,0.026,-1,Echolocation,/mnt/ubna_data_02_mir/recover-20221013/UBNA_001/20221012_030000.WAV,Telephone Field,recover-20221013,001,1795
589.6235,589.634,22890,28799,Nyctalus leisleri,0.01,0.023,-1,Echolocation,/mnt/ubna_data_02_mir/recover-20221013/UBNA_001/20221012_030000.WAV,Telephone Field,recover-20221013,001,1795
589.6295,589.6683,68437,82107,Rhinolophus ferrumequinum,0.021,0.021,-1,Echolocation,/mnt/ubna_data_02_mir/recover-20221013/UBNA_001/20221012_030000.WAV,Telephone Field,recover-20221013,001,1795
589.6355,589.6457,44375,47391,Pipistrellus pipistrellus,0.028,0.031,-1,Echolocation,/mnt/ubna_data_02_mir/recover-20221013/UBNA_001/20221012_030000.WAV,Telephone Field,recover-20221013,001,1795
589.6405,589.6792,68437,82610,Rhinolophus ferrumequinum,0.025,0.025,-1,Echolocation,/mnt/ubna_data_02_mir/recover-20221013/UBNA_001/20221012_030000.WAV,Telephone Field,recover-20221013,001,1795
589.6645,589.7015,68437,81663,Rhinolophus ferrumequinum,0.023,0.023,-1,Echolocation,/mnt/ubna_data_02_mir/recover-20221013/UBNA_001/20221012_030000.WAV,Telephone Field,recover-20221013,001,1795
589.6965,589.7337,68437,81384,Rhinolophus ferrumequinum,0.021,0.021,-1,Echolocation,/mnt/ubna_data_02_mir/recover-20221013/UBNA_001/20221012_030000.WAV,Telephone Field,recover-20221013,001,1795
589.8125,589.8515,68437,82281,Rhinolophus ferrumequinum,0.023,0.023,-1,Echolocation,/mnt/ubna_data_02_mir/recover-20221013/UBNA_001/20221012_030000.WAV,Telephone Field,recover-20221013,001,1795
589.8245,589.8658,68437,82699,Rhinolophus ferrumequinum,0.029,0.029,-1,Echolocation,/mnt/ubna_data_02_mir/recover-20221013/UBNA_001/20221012_030000.WAV,Telephone Field,recover-20221013,001,1795
589.8305,589.8733,68437,82650,Rhinolophus ferrumequinum,0.027,0.027,-1,Echolocation,/mnt/ubna_data_02_mir/recover-20221013/UBNA_001/20221012_030000.WAV,Telephone Field,recover-20221013,001,1795
589.8355,589.8464,23750,29176,Nyctalus leisleri,0.01,0.022,-1,Echolocation,/mnt/ubna_data_02_mir/recover-20221013/UBNA_001/20221012_030000.WAV,Telephone Field,recover-20221013,001,1795
589.8565,589.8931,68437,81172,Rhinolophus ferrumequinum,0.021,0.022,-1,Echolocation,/mnt/ubna_data_02_mir/recover-20221013/UBNA_001/20221012_030000.WAV,Telephone Field,recover-20221013,001,1795
589.8715,589.8809,24609,32153,Eptesicus serotinus,0.008,0.022,-1,Echolocation,/mnt/ubna_data_02_mir/recover-20221013/UBNA_001/20221012_030000.WAV,Telephone Field,recover-20221013,001,1795
589.8815,589.8924,23750,29440,Nyctalus leisleri,0.01,0.023,-1,Echolocation,/mnt/ubna_data_02_mir/recover-20221013/UBNA_001/20221012_030000.WAV,Telephone Field,recover-20221013,001,1795
589.9014999999999,589.9093,28046,41124,Eptesicus serotinus,0.006,0.021,-1,Echolocation,/mnt/ubna_data_02_mir/recover-20221013/UBNA_001/20221012_030000.WAV,Telephone Field,recover-20221013,001,1795
589.9045,589.9455,68437,81997,Rhinolophus ferrumequinum,0.048,0.048,-1,Echolocation,/mnt/ubna_data_02_mir/recover-20221013/UBNA_001/20221012_030000.WAV,Telephone Field,recover-20221013,001,1795
589.9405,589.9537,23750,28339,Nyctalus leisleri,0.018,0.033,-1,Echolocation,/mnt/ubna_data_02_mir/recover-20221013/UBNA_001/20221012_030000.WAV,Telephone Field,recover-20221013,001,1795
589.9505,589.9872,68437,81044,Rhinolophus ferrumequinum,0.021,0.021,-1,Echolocation,/mnt/ubna_data_02_mir/recover-20221013/UBNA_001/20221012_030000.WAV,Telephone Field,recover-20221013,001,1795
590.0015,590.01,47812,56915,Pipistrellus pipistrellus,0.015,0.022,-1,Echolocation,/mnt/ubna_data_02_mir/recover-20221013/UBNA_001/20221012_030000.WAV,Telephone Field,recover-20221013,001,1795
590.0015,590.0346,68437,80250,Rhinolophus ferrumequinum,0.04,0.04,-1,Echolocation,/mnt/ubna_data_02_mir/recover-20221013/UBNA_001/20221012_030000.WAV,Telephone Field,recover-20221013,001,1795
590.0045,590.0149,23750,31703,Eptesicus serotinus,0.01,0.028,-1,Echolocation,/mnt/ubna_data_02_mir/recover-20221013/UBNA_001/20221012_030000.WAV,Telephone Field,recover-20221013,001,1795
590.0155,590.056,68437,81928,Rhinolophus ferrumequinum,0.029,0.029,-1,Echolocation,/mnt/ubna_data_02_mir/recover-20221013/UBNA_001/20221012_030000.WAV,Telephone Field,recover-20221013,001,1795
590.0515,590.0893,68437,81932,Rhinolophus ferrumequinum,0.023,0.023,-1,Echolocation,/mnt/ubna_data_02_mir/recover-20221013/UBNA_001/20221012_030000.WAV,Telephone Field,recover-20221013,001,1795
590.0695,590.1083,68437,81871,Rhinolophus ferrumequinum,0.022,0.022,-1,Echolocation,/mnt/ubna_data_02_mir/recover-20221013/UBNA_001/20221012_030000.WAV,Telephone Field,recover-20221013,001,1795
590.0995,590.1394,68437,82299,Rhinolophus ferrumequinum,0.021,0.021,-1,Echolocation,/mnt/ubna_data_02_mir/recover-20221013/UBNA_001/20221012_030000.WAV,Telephone Field,recover-20221013,001,1795
590.1935,590.2021,37500,48972,Pipistrellus nathusii,0.006,0.022,-1,Echolocation,/mnt/ubna_data_02_mir/recover-20221013/UBNA_001/20221012_030000.WAV,Telephone Field,recover-20221013,001,1795
590.2125,590.2528,68437,82490,Rhinolophus ferrumequinum,0.024,0.024,-1,Echolocation,/mnt/ubna_data_02_mir/recover-20221013/UBNA_001/20221012_030000.WAV,Telephone Field,recover-20221013,001,1795
590.2175,590.226,24609,35591,Eptesicus serotinus,0.005,0.021,-1,Echolocation,/mnt/ubna_data_02_mir/recover-20221013/UBNA_001/20221012_030000.WAV,Telephone Field,recover-20221013,001,1795
590.2325,590.2432,23750,29480,Nyctalus leisleri,0.013,0.028,-1,Echolocation,/mnt/ubna_data_02_mir/recover-20221013/UBNA_001/20221012_030000.WAV,Telephone Field,recover-20221013,001,1795
590.2525,590.2662,51250,57455,Pipistrellus pipistrellus,0.027,0.036,-1,Echolocation,/mnt/ubna_data_02_mir/recover-20221013/UBNA_001/20221012_030000.WAV,Telephone Field,recover-20221013,001,1795
590.2545,590.2906,68437,81474,Rhinolophus ferrumequinum,0.022,0.022,-1,Echolocation,/mnt/ubna_data_02_mir/recover-20221013/UBNA_001/20221012_030000.WAV,Telephone Field,recover-20221013,001,1795
590.2555,590.2627,27187,39868,Eptesicus serotinus,0.006,0.021,-1,Echolocation,/mnt/ubna_data_02_mir/recover-20221013/UBNA_001/20221012_030000.WAV,Telephone Field,recover-20221013,001,1795
590.2685,590.3044,68437,80299,Rhinolophus ferrumequinum,0.02,0.021,-1,Echolocation,/mnt/ubna_data_02_mir/recover-20221013/UBNA_001/20221012_030000.WAV,Telephone Field,recover-20221013,001,1795
590.2755,590.2852,48671,53119,Pipistrellus pipistrellus,0.022,0.024,-1,Echolocation,/mnt/ubna_data_02_mir/recover-20221013/UBNA_001/20221012_030000.WAV,Telephone Field,recover-20221013,001,1795
590.2875,590.2979,23750,29504,Nyctalus leisleri,0.011,0.024,-1,Echolocation,/mnt/ubna_data_02_mir/recover-20221013/UBNA_001/20221012_030000.WAV,Telephone Field,recover-20221013,001,1795
590.2955,590.3375,68437,83065,Rhinolophus ferrumequinum,0.035,0.035,-1,Echolocation,/mnt/ubna_data_02_mir/recover-20221013/UBNA_001/20221012_030000.WAV,Telephone Field,recover-20221013,001,1795
590.3075,590.3185,28906,36891,Eptesicus serotinus,0.011,0.024,-1,Echolocation,/mnt/ubna_data_02_mir/recover-20221013/UBNA_001/20221012_030000.WAV,Telephone Field,recover-20221013,001,1795
590.3165,590.3259,28046,35739,Eptesicus serotinus,0.009,0.022,-1,Echolocation,/mnt/ubna_data_02_mir/recover-20221013/UBNA_001/20221012_030000.WAV,Telephone Field,recover-20221013,001,1795
590.3425,590.3799,68437,82317,Rhinolophus ferrumequinum,0.021,0.021,-1,Echolocation,/mnt/ubna_data_02_mir/recover-20221013/UBNA_001/20221012_030000.WAV,Telephone Field,recover-20221013,001,1795
590.3515,590.3599,47812,54948,Pipistrellus pipistrellus,0.019,0.021,-1,Echolocation,/mnt/ubna_data_02_mir/recover-20221013/UBNA_001/20221012_030000.WAV,Telephone Field,recover-20221013,001,1795
590.3795,590.3904,28906,34995,Eptesicus serotinus,0.011,0.025,-1,Echolocation,/mnt/ubna_data_02_mir/recover-20221013/UBNA_001/20221012_030000.WAV,Telephone Field,recover-20221013,001,1795
590.3825,590.4186,68437,81549,Rhinolophus ferrumequinum,0.021,0.021,-1,Echolocation,/mnt/ubna_data_02_mir/recover-20221013/UBNA_001/20221012_030000.WAV,Telephone Field,recover-20221013,001,1795
590.4185,590.4258,27187,41202,Eptesicus serotinus,0.006,0.021,-1,Echolocation,/mnt/ubna_data_02_mir/recover-20221013/UBNA_001/20221012_030000.WAV,Telephone Field,recover-20221013,001,1795
590.4395,590.4485,14296,20962,Plecotus auritus,0.01,0.024,-1,Echolocation,/mnt/ubna_data_02_mir/recover-20221013/UBNA_001/20221012_030000.WAV,Telephone Field,recover-20221013,001,1795
590.4545,590.4653,22890,28037,Nyctalus leisleri,0.01,0.021,-1,Echolocation,/mnt/ubna_data_02_mir/recover-20221013/UBNA_001/20221012_030000.WAV,Telephone Field,recover-20221013,001,1795
590.4905,590.4996,22890,29589,Plecotus austriacus,0.007,0.021,-1,Echolocation,/mnt/ubna_data_02_mir/recover-20221013/UBNA_001/20221012_030000.WAV,Telephone Field,recover-20221013,001,1795
590.5275,590.5355,27187,38676,Eptesicus serotinus,0.007,0.022,-1,Echolocation,/mnt/ubna_data_02_mir/recover-20221013/UBNA_001/20221012_030000.WAV,Telephone Field,recover-20221013,001,1795
590.5495,590.5598,30625,40494,Eptesicus serotinus,0.008,0.026,-1,Echolocation,/mnt/ubna_data_02_mir/recover-20221013/UBNA_001/20221012_030000.WAV,Telephone Field,recover-20221013,001,1795
590.5655,590.6073,68437,83210,Rhinolophus ferrumequinum,0.026,0.026,-1,Echolocation,/mnt/ubna_data_02_mir/recover-20221013/UBNA_001/20221012_030000.WAV,Telephone Field,recover-20221013,001,1795
590.5835,590.5947,26328,34082,Eptesicus serotinus,0.01,0.021,-1,Echolocation,/mnt/ubna_data_02_mir/recover-20221013/UBNA_001/20221012_030000.WAV,Telephone Field,recover-20221013,001,1795
590.6055,590.6446,68437,81488,Rhinolophus ferrumequinum,0.021,0.021,-1,Echolocation,/mnt/ubna_data_02_mir/recover-20221013/UBNA_001/20221012_030000.WAV,Telephone Field,recover-20221013,001,1795
590.6145,590.6234,28906,37009,Eptesicus serotinus,0.006,0.021,-1,Echolocation,/mnt/ubna_data_02_mir/recover-20221013/UBNA_001/20221012_030000.WAV,Telephone Field,recover-20221013,001,1795
590.6235,590.6599,68437,82155,Rhinolophus ferrumequinum,0.021,0.021,-1,Echolocation,/mnt/ubna_data_02_mir/recover-20221013/UBNA_001/20221012_030000.WAV,Telephone Field,recover-20221013,001,1795
590.6755,590.7176,68437,83039,Rhinolophus ferrumequinum,0.027,0.027,-1,Echolocation,/mnt/ubna_data_02_mir/recover-20221013/UBNA_001/20221012_030000.WAV,Telephone Field,recover-20221013,001,1795
590.6805,590.6911,22890,28532,Nyctalus leisleri,0.01,0.025,-1,Echolocation,/mnt/ubna_data_02_mir/recover-20221013/UBNA_001/20221012_030000.WAV,Telephone Field,recover-20221013,001,1795
590.7055,590.7466,68437,81763,Rhinolophus ferrumequinum,0.024,0.024,-1,Echolocation,/mnt/ubna_data_02_mir/recover-20221013/UBNA_001/20221012_030000.WAV,Telephone Field,recover-20221013,001,1795
590.7235000000001,590.7306,28046,38402,Eptesicus serotinus,0.007,0.023,-1,Echolocation,/mnt/ubna_data_02_mir/recover-20221013/UBNA_001/20221012_030000.WAV,Telephone Field,recover-20221013,001,1795
590.7485,590.7867,68437,81430,Rhinolophus ferrumequinum,0.023,0.023,-1,Echolocation,/mnt/ubna_data_02_mir/recover-20221013/UBNA_001/20221012_030000.WAV,Telephone Field,recover-20221013,001,1795
590.7865,590.8299,68437,83196,Rhinolophus ferrumequinum,0.027,0.027,-1,Echolocation,/mnt/ubna_data_02_mir/recover-20221013/UBNA_001/20221012_030000.WAV,Telephone Field,recover-20221013,001,1795
590.8125,590.8235,23750,29080,Nyctalus leisleri,0.01,0.022,-1,Echolocation,/mnt/ubna_data_02_mir/recover-20221013/UBNA_001/20221012_030000.WAV,Telephone Field,recover-20221013,001,1795
590.9155,590.9541,68437,82271,Rhinolophus ferrumequinum,0.023,0.023,-1,Echolocation,/mnt/ubna_data_02_mir/recover-20221013/UBNA_001/20221012_030000.WAV,Telephone Field,recover-20221013,001,1795
590.9435,590.9799,68437,81948,Rhinolophus ferrumequinum,0.022,0.022,-1,Echolocation,/mnt/ubna_data_02_mir/recover-20221013/UBNA_001/20221012_030000.WAV,Telephone Field,recover-20221013,001,1795
590.9765,590.9938,58984,64365,Pipistrellus pygmaeus,0.023,0.024,-1,Echolocation,/mnt/ubna_data_02_mir/recover-20221013/UBNA_001/20221012_030000.WAV,Telephone Field,recover-20221013,001,1795
590.9785,590.9893,22890,28107,Nyctalus leisleri,0.01,0.021,-1,Echolocation,/mnt/ubna_data_02_mir/recover-20221013/UBNA_001/20221012_030000.WAV,Telephone Field,recover-20221013,001,1795
590.9965,591.0072,24609,30317,Nyctalus leisleri,0.008,0.022,-1,Echolocation,/mnt/ubna_data_02_mir/recover-20221013/UBNA_001/20221012_030000.WAV,Telephone Field,recover-20221013,001,1795
591.0065,591.0148,27187,37444,Eptesicus serotinus,0.008,0.021,-1,Echolocation,/mnt/ubna_data_02_mir/recover-20221013/UBNA_001/20221012_030000.WAV,Telephone Field,recover-20221013,001,1795
591.0295,591.0372,28046,41419,Eptesicus serotinus,0.009,0.024,-1,Echolocation,/mnt/ubna_data_02_mir/recover-20221013/UBNA_001/20221012_030000.WAV,Telephone Field,recover-20221013,001,1795
591.0365,591.0768,68437,82610,Rhinolophus ferrumequinum,0.021,0.021,-1,Echolocation,/mnt/ubna_data_02_mir/recover-20221013/UBNA_001/20221012_030000.WAV,Telephone Field,recover-20221013,001,1795
591.0595,591.0695,28046,37758,Eptesicus serotinus,0.01,0.021,-1,Echolocation,/mnt/ubna_data_02_mir/recover-20221013/UBNA_001/20221012_030000.WAV,Telephone Field,recover-20221013,001,1795
591.0675,591.0812,22031,26742,Nyctalus leisleri,0.015,0.03,-1,Echolocation,/mnt/ubna_data_02_mir/recover-20221013/UBNA_001/20221012_030000.WAV,Telephone Field,recover-20221013,001,1795
591.0705,591.1078,68437,81052,Rhinolophus ferrumequinum,0.021,0.021,-1,Echolocation,/mnt/ubna_data_02_mir/recover-20221013/UBNA_001/20221012_030000.WAV,Telephone Field,recover-20221013,001,1795
591.0855,591.1237,68437,82101,Rhinolophus ferrumequinum,0.024,0.024,-1,Echolocation,/mnt/ubna_data_02_mir/recover-20221013/UBNA_001/20221012_030000.WAV,Telephone Field,recover-20221013,001,1795
591.1185,591.1267,28046,39311,Eptesicus serotinus,0.007,0.021,-1,Echolocation,/mnt/ubna_data_02_mir/recover-20221013/UBNA_001/20221012_030000.WAV,Telephone Field,recover-20221013,001,1795
591.1185,591.1605,68437,82740,Rhinolophus ferrumequinum,0.023,0.023,-1,Echolocation,/mnt/ubna_data_02_mir/recover-20221013/UBNA_001/20221012_030000.WAV,Telephone Field,recover-20221013,001,1795
591.1455,591.1851,68437,81989,Rhinolophus ferrumequinum,0.021,0.021,-1,Echolocation,/mnt/ubna_data_02_mir/recover-20221013/UBNA_001/20221012_030000.WAV,Telephone Field,recover-20221013,001,1795
591.1514999999999,591.188,68437,81615,Rhinolophus ferrumequinum,0.02,0.021,-1,Echolocation,/mnt/ubna_data_02_mir/recover-20221013/UBNA_001/20221012_030000.WAV,Telephone Field,recover-20221013,001,1795
591.1695,591.2108,68437,82149,Rhinolophus ferrumequinum,0.058,0.058,-1,Echolocation,/mnt/ubna_data_02_mir/recover-20221013/UBNA_001/20221012_030000.WAV,Telephone Field,recover-20221013,001,1795
591.1995,591.207,27187,35662,Eptesicus serotinus,0.007,0.021,-1,Echolocation,/mnt/ubna_data_02_mir/recover-20221013/UBNA_001/20221012_030000.WAV,Telephone Field,recover-20221013,001,1795
591.2005,591.236,68437,81665,Rhinolophus ferrumequinum,0.021,0.021,-1,Echolocation,/mnt/ubna_data_02_mir/recover-20221013/UBNA_001/20221012_030000.WAV,Telephone Field,recover-20221013,001,1795
591.2095,591.2167,49531,54347,Pipistrellus pipistrellus,0.017,0.021,-1,Echolocation,/mnt/ubna_data_02_mir/recover-20221013/UBNA_001/20221012_030000.WAV,Telephone Field,recover-20221013,001,1795
591.2285,591.2665,68437,81327,Rhinolophus ferrumequinum,0.029,0.029,-1,Echolocation,/mnt/ubna_data_02_mir/recover-20221013/UBNA_001/20221012_030000.WAV,Telephone Field,recover-20221013,001,1795
591.2495,591.2582,24609,33268,Plecotus austriacus,0.009,0.031,-1,Echolocation,/mnt/ubna_data_02_mir/recover-20221013/UBNA_001/20221012_030000.WAV,Telephone Field,recover-20221013,001,1795
591.2615,591.2999,68437,82048,Rhinolophus ferrumequinum,0.022,0.022,-1,Echolocation,/mnt/ubna_data_02_mir/recover-20221013/UBNA_001/20221012_030000.WAV,Telephone Field,recover-20221013,001,1795
591.2775,591.3144,68437,82081,Rhinolophus ferrumequinum,0.023,0.023,-1,Echolocation,/mnt/ubna_data_02_mir/recover-20221013/UBNA_001/20221012_030000.WAV,Telephone Field,recover-20221013,001,1795
591.3225,591.3322000000001,24609,32380,Nyctalus leisleri,0.006,0.022,-1,Echolocation,/mnt/ubna_data_02_mir/recover-20221013/UBNA_001/20221012_030000.WAV,Telephone Field,recover-20221013,001,1795
591.3305,591.3686,68437,82909,Rhinolophus ferrumequinum,0.024,0.024,-1,Echolocation,/mnt/ubna_data_02_mir/recover-20221013/UBNA_001/20221012_030000.WAV,Telephone Field,recover-20221013,001,1795
591.3315,591.34,23750,31431,Plecotus austriacus,0.008,0.022,-1,Echolocation,/mnt/ubna_data_02_mir/recover-20221013/UBNA_001/20221012_030000.WAV,Telephone Field,recover-20221013,001,1795
591.3405,591.3814,68437,82856,Rhinolophus ferrumequinum,0.022,0.022,-1,Echolocation,/mnt/ubna_data_02_mir/recover-20221013/UBNA_001/20221012_030000.WAV,Telephone Field,recover-20221013,001,1795
591.3785,591.394,26328,31809,Eptesicus serotinus,0.013,0.029,-1,Echolocation,/mnt/ubna_data_02_mir/recover-20221013/UBNA_001/20221012_030000.WAV,Telephone Field,recover-20221013,001,1795
591.3885,591.4262,68437,81795,Rhinolophus ferrumequinum,0.021,0.021,-1,Echolocation,/mnt/ubna_data_02_mir/recover-20221013/UBNA_001/20221012_030000.WAV,Telephone Field,recover-20221013,001,1795
591.4075,591.4462,68437,81963,Rhinolophus ferrumequinum,0.021,0.021,-1,Echolocation,/mnt/ubna_data_02_mir/recover-20221013/UBNA_001/20221012_030000.WAV,Telephone Field,recover-20221013,001,1795
591.4295,591.47,68437,82758,Rhinolophus ferrumequinum,0.022,0.022,-1,Echolocation,/mnt/ubna_data_02_mir/recover-20221013/UBNA_001/20221012_030000.WAV,Telephone Field,recover-20221013,001,1795
591.4315,591.4383,28906,41009,Eptesicus serotinus,0.008,0.031,-1,Echolocation,/mnt/ubna_data_02_mir/recover-20221013/UBNA_001/20221012_030000.WAV,Telephone Field,recover-20221013,001,1795
591.4375,591.475,68437,81527,Rhinolophus ferrumequinum,0.023,0.023,-1,Echolocation,/mnt/ubna_data_02_mir/recover-20221013/UBNA_001/20221012_030000.WAV,Telephone Field,recover-20221013,001,1795
591.4575,591.4954,68437,81833,Rhinolophus ferrumequinum,0.021,0.021,-1,Echolocation,/mnt/ubna_data_02_mir/recover-20221013/UBNA_001/20221012_030000.WAV,Telephone Field,recover-20221013,001,1795
591.5405,591.5761,68437,81380,Rhinolophus ferrumequinum,0.021,0.021,-1,Echolocation,/mnt/ubna_data_02_mir/recover-20221013/UBNA_001/20221012_030000.WAV,Telephone Field,recover-20221013,001,1795
591.5415,591.5477,25468,37492,Plecotus austriacus,0.01,0.03,-1,Echolocation,/mnt/ubna_data_02_mir/recover-20221013/UBNA_001/20221012_030000.WAV,Telephone Field,recover-20221013,001,1795
591.5585,591.5662,26328,36935,Eptesicus serotinus,0.007,0.021,-1,Echolocation,/mnt/ubna_data_02_mir/recover-20221013/UBNA_001/20221012_030000.WAV,Telephone Field,recover-20221013,001,1795
591.5755,591.6149,68437,82150,Rhinolophus ferrumequinum,0.022,0.022,-1,Echolocation,/mnt/ubna_data_02_mir/recover-20221013/UBNA_001/20221012_030000.WAV,Telephone Field,recover-20221013,001,1795
591.5965,591.6371,68437,82948,Rhinolophus ferrumequinum,0.037,0.038,-1,Echolocation,/mnt/ubna_data_02_mir/recover-20221013/UBNA_001/20221012_030000.WAV,Telephone Field,recover-20221013,001,1795
591.6215,591.6601,68437,81776,Rhinolophus ferrumequinum,0.022,0.022,-1,Echolocation,/mnt/ubna_data_02_mir/recover-20221013/UBNA_001/20221012_030000.WAV,Telephone Field,recover-20221013,001,1795
591.6295,591.6389,28906,35759,Eptesicus serotinus,0.007,0.021,-1,Echolocation,/mnt/ubna_data_02_mir/recover-20221013/UBNA_001/20221012_030000.WAV,Telephone Field,recover-20221013,001,1795
591.6775,591.7162,68437,81421,Rhinolophus ferrumequinum,0.024,0.024,-1,Echolocation,/mnt/ubna_data_02_mir/recover-20221013/UBNA_001/20221012_030000.WAV,Telephone Field,recover-20221013,001,1795
591.8085,591.8186,22890,28695,Nyctalus leisleri,0.009,0.021,-1,Echolocation,/mnt/ubna_data_02_mir/recover-20221013/UBNA_001/20221012_030000.WAV,Telephone Field,recover-20221013,001,1795
591.8345,591.8752,68437,82083,Rhinolophus ferrumequinum,0.025,0.025,-1,Echolocation,/mnt/ubna_data_02_mir/recover-20221013/UBNA_001/20221012_030000.WAV,Telephone Field,recover-20221013,001,1795
591.9265,591.9631,68437,81560,Rhinolophus ferrumequinum,0.021,0.021,-1,Echolocation,/mnt/ubna_data_02_mir/recover-20221013/UBNA_001/20221012_030000.WAV,Telephone Field,recover-20221013,001,1795
591.9825,591.9913,28046,37434,Eptesicus serotinus,0.019,0.039,-1,Echolocation,/mnt/ubna_data_02_mir/recover-20221013/UBNA_001/20221012_030000.WAV,Telephone Field,recover-20221013,001,1795
592.0015,592.038,68437,80469,Rhinolophus ferrumequinum,0.082,0.082,-1,Echolocation,/mnt/ubna_data_02_mir/recover-20221013/UBNA_001/20221012_030000.WAV,Telephone Field,recover-20221013,001,1795
592.0015,592.0126,22890,28725,Nyctalus leisleri,0.015,0.034,-1,Echolocation,/mnt/ubna_data_02_mir/recover-20221013/UBNA_001/20221012_030000.WAV,Telephone Field,recover-20221013,001,1795
592.0195,592.0278,25468,33084,Eptesicus serotinus,0.009,0.026,-1,Echolocation,/mnt/ubna_data_02_mir/recover-20221013/UBNA_001/20221012_030000.WAV,Telephone Field,recover-20221013,001,1795
592.0585,592.1023,68437,82996,Rhinolophus ferrumequinum,0.042,0.042,-1,Echolocation,/mnt/ubna_data_02_mir/recover-20221013/UBNA_001/20221012_030000.WAV,Telephone Field,recover-20221013,001,1795
592.0865,592.1279,68437,82772,Rhinolophus ferrumequinum,0.023,0.023,-1,Echolocation,/mnt/ubna_data_02_mir/recover-20221013/UBNA_001/20221012_030000.WAV,Telephone Field,recover-20221013,001,1795
592.1495,592.1901,68437,83305,Rhinolophus ferrumequinum,0.042,0.042,-1,Echolocation,/mnt/ubna_data_02_mir/recover-20221013/UBNA_001/20221012_030000.WAV,Telephone Field,recover-20221013,001,1795
592.1595,592.1698,24609,31856,Eptesicus serotinus,0.008,0.022,-1,Echolocation,/mnt/ubna_data_02_mir/recover-20221013/UBNA_001/20221012_030000.WAV,Telephone Field,recover-20221013,001,1795
592.1835,592.2237,68437,82403,Rhinolophus ferrumequinum,0.023,0.023,-1,Echolocation,/mnt/ubna_data_02_mir/recover-20221013/UBNA_001/20221012_030000.WAV,Telephone Field,recover-20221013,001,1795
592.2085,592.2468,68437,82305,Rhinolophus ferrumequinum,0.024,0.024,-1,Echolocation,/mnt/ubna_data_02_mir/recover-20221013/UBNA_001/20221012_030000.WAV,Telephone Field,recover-20221013,001,1795
592.2305,592.2722,68437,82621,Rhinolophus ferrumequinum,0.025,0.025,-1,Echolocation,/mnt/ubna_data_02_mir/recover-20221013/UBNA_001/20221012_030000.WAV,Telephone Field,recover-20221013,001,1795
592.2555,592.2952,68437,81823,Rhinolophus ferrumequinum,0.031,0.031,-1,Echolocation,/mnt/ubna_data_02_mir/recover-20221013/UBNA_001/20221012_030000.WAV,Telephone Field,recover-20221013,001,1795
592.2755,592.317,68437,82759,Rhinolophus ferrumequinum,0.029,0.029,-1,Echolocation,/mnt/ubna_data_02_mir/recover-20221013/UBNA_001/20221012_030000.WAV,Telephone Field,recover-20221013,001,1795
592.2995,592.3381,68437,82126,Rhinolophus ferrumequinum,0.024,0.024,-1,Echolocation,/mnt/ubna_data_02_mir/recover-20221013/UBNA_001/20221012_030000.WAV,Telephone Field,recover-20221013,001,1795
592.3335,592.3791,68437,83253,Rhinolophus ferrumequinum,0.035,0.035,-1,Echolocation,/mnt/ubna_data_02_mir/recover-20221013/UBNA_001/20221012_030000.WAV,Telephone Field,recover-20221013,001,1795
592.3845,592.3962,22890,27134,Nyctalus leisleri,0.017,0.03,-1,Echolocation,/mnt/ubna_data_02_mir/recover-20221013/UBNA_001/20221012_030000.WAV,Telephone Field,recover-20221013,001,1795
592.4065,592.4167,26328,34814,Eptesicus serotinus,0.017,0.034,-1,Echolocation,/mnt/ubna_data_02_mir/recover-20221013/UBNA_001/20221012_030000.WAV,Telephone Field,recover-20221013,001,1795
592.4475,592.4841,68437,81394,Rhinolophus ferrumequinum,0.026,0.026,-1,Echolocation,/mnt/ubna_data_02_mir/recover-20221013/UBNA_001/20221012_030000.WAV,Telephone Field,recover-20221013,001,1795
592.4665,592.4784,23750,28546,Nyctalus leisleri,0.013,0.026,-1,Echolocation,/mnt/ubna_data_02_mir/recover-20221013/UBNA_001/20221012_030000.WAV,Telephone Field,recover-20221013,001,1795
592.4745,592.5109,68437,81907,Rhinolophus ferrumequinum,0.023,0.023,-1,Echolocation,/mnt/ubna_data_02_mir/recover-20221013/UBNA_001/20221012_030000.WAV,Telephone Field,recover-20221013,001,1795
592.5485,592.5574,23750,31118,Plecotus austriacus,0.01,0.028,-1,Echolocation,/mnt/ubna_data_02_mir/recover-20221013/UBNA_001/20221012_030000.WAV,Telephone Field,recover-20221013,001,1795
592.5585,592.601,68437,82993,Rhinolophus ferrumequinum,0.042,0.042,-1,Echolocation,/mnt/ubna_data_02_mir/recover-20221013/UBNA_001/20221012_030000.WAV,Telephone Field,recover-20221013,001,1795
592.5965,592.6353,68437,82691,Rhinolophus ferrumequinum,0.023,0.023,-1,Echolocation,/mnt/ubna_data_02_mir/recover-20221013/UBNA_001/20221012_030000.WAV,Telephone Field,recover-20221013,001,1795
592.6215,592.6616,68437,81782,Rhinolophus ferrumequinum,0.025,0.025,-1,Echolocation,/mnt/ubna_data_02_mir/recover-20221013/UBNA_001/20221012_030000.WAV,Telephone Field,recover-20221013,001,1795
592.6465,592.6823,68437,81519,Rhinolophus ferrumequinum,0.022,0.022,-1,Echolocation,/mnt/ubna_data_02_mir/recover-20221013/UBNA_001/20221012_030000.WAV,Telephone Field,recover-20221013,001,1795
592.6775,592.6864,28046,40254,Eptesicus serotinus,0.01,0.025,-1,Echolocation,/mnt/ubna_data_02_mir/recover-20221013/UBNA_001/20221012_030000.WAV,Telephone Field,recover-20221013,001,1795
592.6835,592.7204,68437,82333,Rhinolophus ferrumequinum,0.022,0.022,-1,Echolocation,/mnt/ubna_data_02_mir/recover-20221013/UBNA_001/20221012_030000.WAV,Telephone Field,recover-20221013,001,1795
592.7295,592.7687,68437,82771,Rhinolophus ferrumequinum,0.026,0.026,-1,Echolocation,/mnt/ubna_data_02_mir/recover-20221013/UBNA_001/20221012_030000.WAV,Telephone Field,recover-20221013,001,1795
592.7655,592.8038,68437,82291,Rhinolophus ferrumequinum,0.024,0.024,-1,Echolocation,/mnt/ubna_data_02_mir/recover-20221013/UBNA_001/20221012_030000.WAV,Telephone Field,recover-20221013,001,1795
592.7815,592.7931,28906,34684,Eptesicus serotinus,0.011,0.024,-1,Echolocation,/mnt/ubna_data_02_mir/recover-20221013/UBNA_001/20221012_030000.WAV,Telephone Field,recover-20221013,001,1795
592.7865,592.8228,68437,81879,Rhinolophus ferrumequinum,0.023,0.023,-1,Echolocation,/mnt/ubna_data_02_mir/recover-20221013/UBNA_001/20221012_030000.WAV,Telephone Field,recover-20221013,001,1795
592.7915,592.8014000000001,22890,27862,Nyctalus leisleri,0.01,0.022,-1,Echolocation,/mnt/ubna_data_02_mir/recover-20221013/UBNA_001/20221012_030000.WAV,Telephone Field,recover-20221013,001,1795
592.8095,592.8159,28046,40720,Eptesicus serotinus,0.005,0.022,-1,Echolocation,/mnt/ubna_data_02_mir/recover-20221013/UBNA_001/20221012_030000.WAV,Telephone Field,recover-20221013,001,1795
592.8205,592.8586,68437,81613,Rhinolophus ferrumequinum,0.03,0.03,-1,Echolocation,/mnt/ubna_data_02_mir/recover-20221013/UBNA_001/20221012_030000.WAV,Telephone Field,recover-20221013,001,1795
592.8475,592.8593,35781,40799,Pipistrellus nathusii,0.022,0.048,-1,Echolocation,/mnt/ubna_data_02_mir/recover-20221013/UBNA_001/20221012_030000.WAV,Telephone Field,recover-20221013,001,1795
592.8675,592.9055,68437,81466,Rhinolophus ferrumequinum,0.024,0.024,-1,Echolocation,/mnt/ubna_data_02_mir/recover-20221013/UBNA_001/20221012_030000.WAV,Telephone Field,recover-20221013,001,1795
592.8925,592.9302,68437,81834,Rhinolophus ferrumequinum,0.023,0.023,-1,Echolocation,/mnt/ubna_data_02_mir/recover-20221013/UBNA_001/20221012_030000.WAV,Telephone Field,recover-20221013,001,1795
592.8975,592.9343,68437,81296,Rhinolophus ferrumequinum,0.023,0.023,-1,Echolocation,/mnt/ubna_data_02_mir/recover-20221013/UBNA_001/20221012_030000.WAV,Telephone Field,recover-20221013,001,1795
592.9515,592.9622,28906,37525,Eptesicus serotinus,0.013,0.025,-1,Echolocation,/mnt/ubna_data_02_mir/recover-20221013/UBNA_001/20221012_030000.WAV,Telephone Field,recover-20221013,001,1795
592.9575,592.9682,28906,36025,Eptesicus serotinus,0.013,0.025,-1,Echolocation,/mnt/ubna_data_02_mir/recover-20221013/UBNA_001/20221012_030000.WAV,Telephone Field,recover-20221013,001,1795
592.9885,592.9959,24609,33686,Plecotus austriacus,0.01,0.024,-1,Echolocation,/mnt/ubna_data_02_mir/recover-20221013/UBNA_001/20221012_030000.WAV,Telephone Field,recover-20221013,001,1795
592.9955,593.034,68437,82269,Rhinolophus ferrumequinum,0.022,0.022,-1,Echolocation,/mnt/ubna_data_02_mir/recover-20221013/UBNA_001/20221012_030000.WAV,Telephone Field,recover-20221013,001,1795
593.0095,593.05,68437,82733,Rhinolophus ferrumequinum,0.027,0.027,-1,Echolocation,/mnt/ubna_data_02_mir/recover-20221013/UBNA_001/20221012_030000.WAV,Telephone Field,recover-20221013,001,1795
593.0264999999999,593.0675,68437,82587,Rhinolophus ferrumequinum,0.024,0.024,-1,Echolocation,/mnt/ubna_data_02_mir/recover-20221013/UBNA_001/20221012_030000.WAV,Telephone Field,recover-20221013,001,1795
593.0415,593.0517,24609,31260,Eptesicus serotinus,0.009,0.022,-1,Echolocation,/mnt/ubna_data_02_mir/recover-20221013/UBNA_001/20221012_030000.WAV,Telephone Field,recover-20221013,001,1795
593.0465,593.0842,68437,82068,Rhinolophus ferrumequinum,0.024,0.024,-1,Echolocation,/mnt/ubna_data_02_mir/recover-20221013/UBNA_001/20221012_030000.WAV,Telephone Field,recover-20221013,001,1795
593.0635,593.1036,68437,82938,Rhinolophus ferrumequinum,0.022,0.022,-1,Echolocation,/mnt/ubna_data_02_mir/recover-20221013/UBNA_001/20221012_030000.WAV,Telephone Field,recover-20221013,001,1795
593.0815,593.1146,68437,81449,Rhinolophus ferrumequinum,0.022,0.022,-1,Echolocation,/mnt/ubna_data_02_mir/recover-20221013/UBNA_001/20221012_030000.WAV,Telephone Field,recover-20221013,001,1795
593.1235,593.1638,68437,82048,Rhinolophus ferrumequinum,0.022,0.022,-1,Echolocation,/mnt/ubna_data_02_mir/recover-20221013/UBNA_001/20221012_030000.WAV,Telephone Field,recover-20221013,001,1795
593.1385,593.1512,23750,28904,Nyctalus leisleri,0.012,0.027,-1,Echolocation,/mnt/ubna_data_02_mir/recover-20221013/UBNA_001/20221012_030000.WAV,Telephone Field,recover-20221013,001,1795
593.1514999999999,593.1592,28906,41106,Eptesicus serotinus,0.008,0.026,-1,Echolocation,/mnt/ubna_data_02_mir/recover-20221013/UBNA_001/20221012_030000.WAV,Telephone Field,recover-20221013,001,1795
593.1745,593.2142,68437,82737,Rhinolophus ferrumequinum,0.023,0.023,-1,Echolocation,/mnt/ubna_data_02_mir/recover-20221013/UBNA_001/20221012_030000.WAV,Telephone Field,recover-20221013,001,1795
593.1785,593.1894,22031,27187,Nyctalus leisleri,0.011,0.024,-1,Echolocation,/mnt/ubna_data_02_mir/recover-20221013/UBNA_001/20221012_030000.WAV,Telephone Field,recover-20221013,001,1795
593.1955,593.2326,68437,81993,Rhinolophus ferrumequinum,0.025,0.025,-1,Echolocation,/mnt/ubna_data_02_mir/recover-20221013/UBNA_001/20221012_030000.WAV,Telephone Field,recover-20221013,001,1795
593.2175,593.2554,68437,82249,Rhinolophus ferrumequinum,0.024,0.024,-1,Echolocation,/mnt/ubna_data_02_mir/recover-20221013/UBNA_001/20221012_030000.WAV,Telephone Field,recover-20221013,001,1795
593.2195,593.228,46953,50813,Pipistrellus pipistrellus,0.021,0.022,-1,Echolocation,/mnt/ubna_data_02_mir/recover-20221013/UBNA_001/20221012_030000.WAV,Telephone Field,recover-20221013,001,1795
593.2505,593.2921,68437,82705,Rhinolophus ferrumequinum,0.022,0.022,-1,Echolocation,/mnt/ubna_data_02_mir/recover-20221013/UBNA_001/20221012_030000.WAV,Telephone Field,recover-20221013,001,1795
593.2815,593.3188,68437,81107,Rhinolophus ferrumequinum,0.026,0.026,-1,Echolocation,/mnt/ubna_data_02_mir/recover-20221013/UBNA_001/20221012_030000.WAV,Telephone Field,recover-20221013,001,1795
593.3235,593.3626,68437,82906,Rhinolophus ferrumequinum,0.022,0.022,-1,Echolocation,/mnt/ubna_data_02_mir/recover-20221013/UBNA_001/20221012_030000.WAV,Telephone Field,recover-20221013,001,1795
593.3485000000001,593.3674,16015,20559,Nyctalus noctula,0.025,0.034,-1,Echolocation,/mnt/ubna_data_02_mir/recover-20221013/UBNA_001/20221012_030000.WAV,Telephone Field,recover-20221013,001,1795
593.3515,593.3904,68437,82420,Rhinolophus ferrumequinum,0.025,0.025,-1,Echolocation,/mnt/ubna_data_02_mir/recover-20221013/UBNA_001/20221012_030000.WAV,Telephone Field,recover-20221013,001,1795
593.3835,593.4198,68437,82131,Rhinolophus ferrumequinum,0.023,0.023,-1,Echolocation,/mnt/ubna_data_02_mir/recover-20221013/UBNA_001/20221012_030000.WAV,Telephone Field,recover-20221013,001,1795
593.4095,593.4196,28906,36160,Eptesicus serotinus,0.012,0.024,-1,Echolocation,/mnt/ubna_data_02_mir/recover-20221013/UBNA_001/20221012_030000.WAV,Telephone Field,recover-20221013,001,1795
593.4195,593.4595,68437,82636,Rhinolophus ferrumequinum,0.028,0.028,-1,Echolocation,/mnt/ubna_data_02_mir/recover-20221013/UBNA_001/20221012_030000.WAV,Telephone Field,recover-20221013,001,1795
593.4725,593.5126,68437,82392,Rhinolophus ferrumequinum,0.024,0.024,-1,Echolocation,/mnt/ubna_data_02_mir/recover-20221013/UBNA_001/20221012_030000.WAV,Telephone Field,recover-20221013,001,1795
593.4805,593.5203,68437,83008,Rhinolophus ferrumequinum,0.026,0.026,-1,Echolocation,/mnt/ubna_data_02_mir/recover-20221013/UBNA_001/20221012_030000.WAV,Telephone Field,recover-20221013,001,1795
593.4845,593.4922,47812,52689,Pipistrellus pipistrellus,0.022,0.024,-1,Echolocation,/mnt/ubna_data_02_mir/recover-20221013/UBNA_001/20221012_030000.WAV,Telephone Field,recover-20221013,001,1795
593.5065,593.5487,68437,82738,Rhinolophus ferrumequinum,0.025,0.025,-1,Echolocation,/mnt/ubna_data_02_mir/recover-20221013/UBNA_001/20221012_030000.WAV,Telephone Field,recover-20221013,001,1795
593.5295,593.5706,68437,82646,Rhinolophus ferrumequinum,0.033,0.033,-1,Echolocation,/mnt/ubna_data_02_mir/recover-20221013/UBNA_001/20221012_030000.WAV,Telephone Field,recover-20221013,001,1795
593.5295,593.5388,25468,33510,Eptesicus serotinus,0.01,0.027,-1,Echolocation,/mnt/ubna_data_02_mir/recover-20221013/UBNA_001/20221012_030000.WAV,Telephone Field,recover-20221013,001,1795
593.5525,593.592,68437,81540,Rhinolophus ferrumequinum,0.022,0.022,-1,Echolocation,/mnt/ubna_data_02_mir/recover-20221013/UBNA_001/20221012_030000.WAV,Telephone Field,recover-20221013,001,1795
593.5585,593.5975,68437,81791,Rhinolophus ferrumequinum,0.022,0.022,-1,Echolocation,/mnt/ubna_data_02_mir/recover-20221013/UBNA_001/20221012_030000.WAV,Telephone Field,recover-20221013,001,1795
593.5755,593.5862,27187,35346,Eptesicus serotinus,0.014,0.028,-1,Echolocation,/mnt/ubna_data_02_mir/recover-20221013/UBNA_001/20221012_030000.WAV,Telephone Field,recover-20221013,001,1795
593.5825,593.6218,68437,82355,Rhinolophus ferrumequinum,0.024,0.025,-1,Echolocation,/mnt/ubna_data_02_mir/recover-20221013/UBNA_001/20221012_030000.WAV,Telephone Field,recover-20221013,001,1795
593.6075,593.6149,28906,44269,Eptesicus serotinus,0.008,0.026,-1,Echolocation,/mnt/ubna_data_02_mir/recover-20221013/UBNA_001/20221012_030000.WAV,Telephone Field,recover-20221013,001,1795
593.6085,593.6152,23750,35801,Plecotus austriacus,0.01,0.025,-1,Echolocation,/mnt/ubna_data_02_mir/recover-20221013/UBNA_001/20221012_030000.WAV,Telephone Field,recover-20221013,001,1795
593.6105,593.6479,68437,82207,Rhinolophus ferrumequinum,0.023,0.023,-1,Echolocation,/mnt/ubna_data_02_mir/recover-20221013/UBNA_001/20221012_030000.WAV,Telephone Field,recover-20221013,001,1795
593.6285,593.6687,68437,82654,Rhinolophus ferrumequinum,0.025,0.026,-1,Echolocation,/mnt/ubna_data_02_mir/recover-20221013/UBNA_001/20221012_030000.WAV,Telephone Field,recover-20221013,001,1795
593.6514999999999,593.6866,68437,80886,Rhinolophus ferrumequinum,0.047,0.047,-1,Echolocation,/mnt/ubna_data_02_mir/recover-20221013/UBNA_001/20221012_030000.WAV,Telephone Field,recover-20221013,001,1795
593.7335,593.7696,68437,81112,Rhinolophus ferrumequinum,0.025,0.025,-1,Echolocation,/mnt/ubna_data_02_mir/recover-20221013/UBNA_001/20221012_030000.WAV,Telephone Field,recover-20221013,001,1795
593.7395,593.7764999999999,68437,81106,Rhinolophus ferrumequinum,0.024,0.024,-1,Echolocation,/mnt/ubna_data_02_mir/recover-20221013/UBNA_001/20221012_030000.WAV,Telephone Field,recover-20221013,001,1795
593.7695,593.8081,68437,81382,Rhinolophus ferrumequinum,0.023,0.023,-1,Echolocation,/mnt/ubna_data_02_mir/recover-20221013/UBNA_001/20221012_030000.WAV,Telephone Field,recover-20221013,001,1795
593.7755,593.8147,68437,81476,Rhinolophus ferrumequinum,0.022,0.022,-1,Echolocation,/mnt/ubna_data_02_mir/recover-20221013/UBNA_001/20221012_030000.WAV,Telephone Field,recover-20221013,001,1795
593.7885,593.799,28906,35900,Eptesicus serotinus,0.011,0.023,-1,Echolocation,/mnt/ubna_data_02_mir/recover-20221013/UBNA_001/20221012_030000.WAV,Telephone Field,recover-20221013,001,1795
593.7975,593.8406,68437,83312,Rhinolophus ferrumequinum,0.029,0.029,-1,Echolocation,/mnt/ubna_data_02_mir/recover-20221013/UBNA_001/20221012_030000.WAV,Telephone Field,recover-20221013,001,1795
593.8315,593.8685,68437,81858,Rhinolophus ferrumequinum,0.025,0.025,-1,Echolocation,/mnt/ubna_data_02_mir/recover-20221013/UBNA_001/20221012_030000.WAV,Telephone Field,recover-20221013,001,1795
593.8405,593.8781,68437,81902,Rhinolophus ferrumequinum,0.022,0.022,-1,Echolocation,/mnt/ubna_data_02_mir/recover-20221013/UBNA_001/20221012_030000.WAV,Telephone Field,recover-20221013,001,1795
593.8605,593.8968,68437,81795,Rhinolophus ferrumequinum,0.026,0.026,-1,Echolocation,/mnt/ubna_data_02_mir/recover-20221013/UBNA_001/20221012_030000.WAV,Telephone Field,recover-20221013,001,1795
593.8675,593.9046,68437,82135,Rhinolophus ferrumequinum,0.025,0.025,-1,Echolocation,/mnt/ubna_data_02_mir/recover-20221013/UBNA_001/20221012_030000.WAV,Telephone Field,recover-20221013,001,1795
593.8965,593.934,68437,81838,Rhinolophus ferrumequinum,0.022,0.022,-1,Echolocation,/mnt/ubna_data_02_mir/recover-20221013/UBNA_001/20221012_030000.WAV,Telephone Field,recover-20221013,001,1795
593.9225,593.9319,49531,54349,Pipistrellus pipistrellus,0.022,0.026,-1,Echolocation,/mnt/ubna_data_02_mir/recover-20221013/UBNA_001/20221012_030000.WAV,Telephone Field,recover-20221013,001,1795
593.9345,593.9723,68437,81984,Rhinolophus ferrumequinum,0.027,0.027,-1,Echolocation,/mnt/ubna_data_02_mir/recover-20221013/UBNA_001/20221012_030000.WAV,Telephone Field,recover-20221013,001,1795
593.9695,593.9785,28906,37081,Eptesicus serotinus,0.01,0.024,-1,Echolocation,/mnt/ubna_data_02_mir/recover-20221013/UBNA_001/20221012_030000.WAV,Telephone Field,recover-20221013,001,1795
594.0015,594.0113,47812,54457,Pipistrellus pipistrellus,0.017,0.023,-1,Echolocation,/mnt/ubna_data_02_mir/recover-20221013/UBNA_001/20221012_030000.WAV,Telephone Field,recover-20221013,001,1795
594.0015,594.0106,22031,27710,Nyctalus leisleri,0.01,0.024,-1,Echolocation,/mnt/ubna_data_02_mir/recover-20221013/UBNA_001/20221012_030000.WAV,Telephone Field,recover-20221013,001,1795
594.0015,594.0332,68437,79807,Rhinolophus ferrumequinum,0.036,0.036,-1,Echolocation,/mnt/ubna_data_02_mir/recover-20221013/UBNA_001/20221012_030000.WAV,Telephone Field,recover-20221013,001,1795
594.0135,594.0259,47812,51509,Pipistrellus pipistrellus,0.034,0.037,-1,Echolocation,/mnt/ubna_data_02_mir/recover-20221013/UBNA_001/20221012_030000.WAV,Telephone Field,recover-20221013,001,1795
594.1055,594.145,68437,82547,Rhinolophus ferrumequinum,0.022,0.022,-1,Echolocation,/mnt/ubna_data_02_mir/recover-20221013/UBNA_001/20221012_030000.WAV,Telephone Field,recover-20221013,001,1795
594.1145,594.1212,24609,33566,Plecotus austriacus,0.01,0.024,-1,Echolocation,/mnt/ubna_data_02_mir/recover-20221013/UBNA_001/20221012_030000.WAV,Telephone Field,recover-20221013,001,1795
594.1415,594.1806,68437,82112,Rhinolophus ferrumequinum,0.021,0.021,-1,Echolocation,/mnt/ubna_data_02_mir/recover-20221013/UBNA_001/20221012_030000.WAV,Telephone Field,recover-20221013,001,1795
594.1525,594.1643,22031,25824,Nyctalus leisleri,0.015,0.025,-1,Echolocation,/mnt/ubna_data_02_mir/recover-20221013/UBNA_001/20221012_030000.WAV,Telephone Field,recover-20221013,001,1795
594.1655,594.2056,68437,82472,Rhinolophus ferrumequinum,0.023,0.023,-1,Echolocation,/mnt/ubna_data_02_mir/recover-20221013/UBNA_001/20221012_030000.WAV,Telephone Field,recover-20221013,001,1795
594.1755,594.2141,68437,81771,Rhinolophus ferrumequinum,0.021,0.021,-1,Echolocation,/mnt/ubna_data_02_mir/recover-20221013/UBNA_001/20221012_030000.WAV,Telephone Field,recover-20221013,001,1795
594.1815,594.1921,28906,36439,Eptesicus serotinus,0.011,0.025,-1,Echolocation,/mnt/ubna_data_02_mir/recover-20221013/UBNA_001/20221012_030000.WAV,Telephone Field,recover-20221013,001,1795
594.1835,594.2198,68437,81368,Rhinolophus ferrumequinum,0.022,0.022,-1,Echolocation,/mnt/ubna_data_02_mir/recover-20221013/UBNA_001/20221012_030000.WAV,Telephone Field,recover-20221013,001,1795
594.1995,594.2309,68437,80133,Rhinolophus ferrumequinum,0.021,0.021,-1,Echolocation,/mnt/ubna_data_02_mir/recover-20221013/UBNA_001/20221012_030000.WAV,Telephone Field,recover-20221013,001,1795
594.2215,594.2623,68437,82743,Rhinolophus ferrumequinum,0.022,0.022,-1,Echolocation,/mnt/ubna_data_02_mir/recover-20221013/UBNA_001/20221012_030000.WAV,Telephone Field,recover-20221013,001,1795
594.2355,594.2764999999999,68437,82534,Rhinolophus ferrumequinum,0.024,0.024,-1,Echolocation,/mnt/ubna_data_02_mir/recover-20221013/UBNA_001/20221012_030000.WAV,Telephone Field,recover-20221013,001,1795
594.2485,594.2549,28906,43195,Eptesicus serotinus,0.009,0.035,-1,Echolocation,/mnt/ubna_data_02_mir/recover-20221013/UBNA_001/20221012_030000.WAV,Telephone Field,recover-20221013,001,1795
594.2675,594.3043,68437,81731,Rhinolophus ferrumequinum,0.042,0.042,-1,Echolocation,/mnt/ubna_data_02_mir/recover-20221013/UBNA_001/20221012_030000.WAV,Telephone Field,recover-20221013,001,1795
594.2675,594.2773,24609,31318,Nyctalus leisleri,0.008,0.022,-1,Echolocation,/mnt/ubna_data_02_mir/recover-20221013/UBNA_001/20221012_030000.WAV,Telephone Field,recover-20221013,001,1795
594.2905,594.2998,34062,41566,Eptesicus serotinus,0.005,0.022,-1,Echolocation,/mnt/ubna_data_02_mir/recover-20221013/UBNA_001/20221012_030000.WAV,Telephone Field,recover-20221013,001,1795
594.2965,594.3372,68437,82407,Rhinolophus ferrumequinum,0.022,0.022,-1,Echolocation,/mnt/ubna_data_02_mir/recover-20221013/UBNA_001/20221012_030000.WAV,Telephone Field,recover-20221013,001,1795
594.3795,594.4228,68437,83110,Rhinolophus ferrumequinum,0.034,0.034,-1,Echolocation,/mnt/ubna_data_02_mir/recover-20221013/UBNA_001/20221012_030000.WAV,Telephone Field,recover-20221013,001,1795
594.4065,594.4484,68437,82363,Rhinolophus ferrumequinum,0.022,0.022,-1,Echolocation,/mnt/ubna_data_02_mir/recover-20221013/UBNA_001/20221012_030000.WAV,Telephone Field,recover-20221013,001,1795
594.4185,594.4595,68437,82678,Rhinolophus ferrumequinum,0.022,0.022,-1,Echolocation,/mnt/ubna_data_02_mir/recover-20221013/UBNA_001/20221012_030000.WAV,Telephone Field,recover-20221013,001,1795
594.4435,594.4819,68437,82040,Rhinolophus ferrumequinum,0.023,0.023,-1,Echolocation,/mnt/ubna_data_02_mir/recover-20221013/UBNA_001/20221012_030000.WAV,Telephone Field,recover-20221013,001,1795
594.4465,594.4662,18593,21887,Nyctalus noctula,0.014,0.026,-1,Echolocation,/mnt/ubna_data_02_mir/recover-20221013/UBNA_001/20221012_030000.WAV,Telephone Field,recover-20221013,001,1795
594.4665,594.474,23750,31989,Plecotus austriacus,0.011,0.024,-1,Echolocation,/mnt/ubna_data_02_mir/recover-20221013/UBNA_001/20221012_030000.WAV,Telephone Field,recover-20221013,001,1795
594.4835,594.4904,32343,42147,Myotis daubentonii,0.011,0.025,-1,Echolocation,/mnt/ubna_data_02_mir/recover-20221013/UBNA_001/20221012_030000.WAV,Telephone Field,recover-20221013,001,1795
594.4845,594.523,68437,81823,Rhinolophus ferrumequinum,0.025,0.025,-1,Echolocation,/mnt/ubna_data_02_mir/recover-20221013/UBNA_001/20221012_030000.WAV,Telephone Field,recover-20221013,001,1795
594.5035,594.512,50390,56560,Pipistrellus pipistrellus,0.017,0.021,-1,Echolocation,/mnt/ubna_data_02_mir/recover-20221013/UBNA_001/20221012_030000.WAV,Telephone Field,recover-20221013,001,1795
594.5425,594.5811,68437,82318,Rhinolophus ferrumequinum,0.021,0.021,-1,Echolocation,/mnt/ubna_data_02_mir/recover-20221013/UBNA_001/20221012_030000.WAV,Telephone Field,recover-20221013,001,1795
594.5545,594.5656,22031,27238,Nyctalus leisleri,0.014,0.031,-1,Echolocation,/mnt/ubna_data_02_mir/recover-20221013/UBNA_001/20221012_030000.WAV,Telephone Field,recover-20221013,001,1795
594.5935,594.6332,68437,81971,Rhinolophus ferrumequinum,0.023,0.023,-1,Echolocation,/mnt/ubna_data_02_mir/recover-20221013/UBNA_001/20221012_030000.WAV,Telephone Field,recover-20221013,001,1795
594.6255,594.663,68437,81960,Rhinolophus ferrumequinum,0.022,0.023,-1,Echolocation,/mnt/ubna_data_02_mir/recover-20221013/UBNA_001/20221012_030000.WAV,Telephone Field,recover-20221013,001,1795
594.6385,594.6763,68437,81551,Rhinolophus ferrumequinum,0.025,0.025,-1,Echolocation,/mnt/ubna_data_02_mir/recover-20221013/UBNA_001/20221012_030000.WAV,Telephone Field,recover-20221013,001,1795
594.6755,594.7133,68437,82390,Rhinolophus ferrumequinum,0.023,0.023,-1,Echolocation,/mnt/ubna_data_02_mir/recover-20221013/UBNA_001/20221012_030000.WAV,Telephone Field,recover-20221013,001,1795
594.7085,594.7185,57265,61819,Pipistrellus pygmaeus,0.03,0.031,-1,Echolocation,/mnt/ubna_data_02_mir/recover-20221013/UBNA_001/20221012_030000.WAV,Telephone Field,recover-20221013,001,1795
594.7265,594.7339,28906,37217,Eptesicus serotinus,0.006,0.021,-1,Echolocation,/mnt/ubna_data_02_mir/recover-20221013/UBNA_001/20221012_030000.WAV,Telephone Field,recover-20221013,001,1795
594.7385,594.7837,68437,83188,Rhinolophus ferrumequinum,0.065,0.065,-1,Echolocation,/mnt/ubna_data_02_mir/recover-20221013/UBNA_001/20221012_030000.WAV,Telephone Field,recover-20221013,001,1795
594.7645,594.8042,68437,82195,Rhinolophus ferrumequinum,0.022,0.022,-1,Echolocation,/mnt/ubna_data_02_mir/recover-20221013/UBNA_001/20221012_030000.WAV,Telephone Field,recover-20221013,001,1795
594.7915,594.8244,68437,80939,Rhinolophus ferrumequinum,0.022,0.022,-1,Echolocation,/mnt/ubna_data_02_mir/recover-20221013/UBNA_001/20221012_030000.WAV,Telephone Field,recover-20221013,001,1795
594.8085,594.8504,68437,82906,Rhinolophus ferrumequinum,0.022,0.022,-1,Echolocation,/mnt/ubna_data_02_mir/recover-20221013/UBNA_001/20221012_030000.WAV,Telephone Field,recover-20221013,001,1795
594.8155,594.8561,68437,82873,Rhinolophus ferrumequinum,0.021,0.021,-1,Echolocation,/mnt/ubna_data_02_mir/recover-20221013/UBNA_001/20221012_030000.WAV,Telephone Field,recover-20221013,001,1795
594.8545,594.8943,68437,82047,Rhinolophus ferrumequinum,0.021,0.021,-1,Echolocation,/mnt/ubna_data_02_mir/recover-20221013/UBNA_001/20221012_030000.WAV,Telephone Field,recover-20221013,001,1795
594.8595,594.9005,68437,82348,Rhinolophus ferrumequinum,0.021,0.021,-1,Echolocation,/mnt/ubna_data_02_mir/recover-20221013/UBNA_001/20221012_030000.WAV,Telephone Field,recover-20221013,001,1795
594.8945,594.9316,68437,81631,Rhinolophus ferrumequinum,0.021,0.021,-1,Echolocation,/mnt/ubna_data_02_mir/recover-20221013/UBNA_001/20221012_030000.WAV,Telephone Field,recover-20221013,001,1795
594.9025,594.9118,51250,56714,Pipistrellus pipistrellus,0.014,0.021,-1,Echolocation,/mnt/ubna_data_02_mir/recover-20221013/UBNA_001/20221012_030000.WAV,Telephone Field,recover-20221013,001,1795
594.9215,594.9404,22890,25992,Nyctalus leisleri,0.046,0.069,-1,Echolocation,/mnt/ubna_data_02_mir/recover-20221013/UBNA_001/20221012_030000.WAV,Telephone Field,recover-20221013,001,1795
594.9555,594.9907,68437,80469,Rhinolophus ferrumequinum,0.021,0.021,-1,Echolocation,/mnt/ubna_data_02_mir/recover-20221013/UBNA_001/20221012_030000.WAV,Telephone Field,recover-20221013,001,1795
594.9805,594.9919,22031,26716,Nyctalus leisleri,0.013,0.026,-1,Echolocation,/mnt/ubna_data_02_mir/recover-20221013/UBNA_001/20221012_030000.WAV,Telephone Field,recover-20221013,001,1795
594.9805,595.0196,68437,82644,Rhinolophus ferrumequinum,0.023,0.023,-1,Echolocation,/mnt/ubna_data_02_mir/recover-20221013/UBNA_001/20221012_030000.WAV,Telephone Field,recover-20221013,001,1795
595.0505,595.0598,28906,37822,Eptesicus serotinus,0.009,0.024,-1,Echolocation,/mnt/ubna_data_02_mir/recover-20221013/UBNA_001/20221012_030000.WAV,Telephone Field,recover-20221013,001,1795
595.0705,595.0786,25468,35480,Eptesicus serotinus,0.007,0.022,-1,Echolocation,/mnt/ubna_data_02_mir/recover-20221013/UBNA_001/20221012_030000.WAV,Telephone Field,recover-20221013,001,1795
595.0715,595.1092,68437,81173,Rhinolophus ferrumequinum,0.022,0.022,-1,Echolocation,/mnt/ubna_data_02_mir/recover-20221013/UBNA_001/20221012_030000.WAV,Telephone Field,recover-20221013,001,1795
595.1145,595.151,68437,80573,Rhinolophus ferrumequinum,0.022,0.022,-1,Echolocation,/mnt/ubna_data_02_mir/recover-20221013/UBNA_001/20221012_030000.WAV,Telephone Field,recover-20221013,001,1795
595.1435,595.1512,23750,33449,Plecotus austriacus,0.008,0.021,-1,Echolocation,/mnt/ubna_data_02_mir/recover-20221013/UBNA_001/20221012_030000.WAV,Telephone Field,recover-20221013,001,1795
595.1455,595.1864,68437,82383,Rhinolophus ferrumequinum,0.027,0.027,-1,Echolocation,/mnt/ubna_data_02_mir/recover-20221013/UBNA_001/20221012_030000.WAV,Telephone Field,recover-20221013,001,1795
595.1775,595.2141,68437,81358,Rhinolophus ferrumequinum,0.022,0.022,-1,Echolocation,/mnt/ubna_data_02_mir/recover-20221013/UBNA_001/20221012_030000.WAV,Telephone Field,recover-20221013,001,1795
595.2225,595.2628,68437,82104,Rhinolophus ferrumequinum,0.023,0.024,-1,Echolocation,/mnt/ubna_data_02_mir/recover-20221013/UBNA_001/20221012_030000.WAV,Telephone Field,recover-20221013,001,1795
595.2365,595.2474,29765,36285,Eptesicus serotinus,0.01,0.022,-1,Echolocation,/mnt/ubna_data_02_mir/recover-20221013/UBNA_001/20221012_030000.WAV,Telephone Field,recover-20221013,001,1795
595.2435,595.2535,28906,35268,Eptesicus serotinus,0.009,0.022,-1,Echolocation,/mnt/ubna_data_02_mir/recover-20221013/UBNA_001/20221012_030000.WAV,Telephone Field,recover-20221013,001,1795
595.2655,595.3056,68437,82577,Rhinolophus ferrumequinum,0.024,0.025,-1,Echolocation,/mnt/ubna_data_02_mir/recover-20221013/UBNA_001/20221012_030000.WAV,Telephone Field,recover-20221013,001,1795
595.3675,595.4045,68437,81538,Rhinolophus ferrumequinum,0.022,0.022,-1,Echolocation,/mnt/ubna_data_02_mir/recover-20221013/UBNA_001/20221012_030000.WAV,Telephone Field,recover-20221013,001,1795
595.3685,595.3791,28906,36775,Eptesicus serotinus,0.011,0.024,-1,Echolocation,/mnt/ubna_data_02_mir/recover-20221013/UBNA_001/20221012_030000.WAV,Telephone Field,recover-20221013,001,1795
595.3955,595.4363,68437,82241,Rhinolophus ferrumequinum,0.029,0.029,-1,Echolocation,/mnt/ubna_data_02_mir/recover-20221013/UBNA_001/20221012_030000.WAV,Telephone Field,recover-20221013,001,1795
595.4335,595.4725,68437,82253,Rhinolophus ferrumequinum,0.022,0.022,-1,Echolocation,/mnt/ubna_data_02_mir/recover-20221013/UBNA_001/20221012_030000.WAV,Telephone Field,recover-20221013,001,1795
595.4515,595.4925,68437,82805,Rhinolophus ferrumequinum,0.03,0.031,-1,Echolocation,/mnt/ubna_data_02_mir/recover-20221013/UBNA_001/20221012_030000.WAV,Telephone Field,recover-20221013,001,1795
595.4625,595.5032,68437,82886,Rhinolophus ferrumequinum,0.022,0.022,-1,Echolocation,/mnt/ubna_data_02_mir/recover-20221013/UBNA_001/20221012_030000.WAV,Telephone Field,recover-20221013,001,1795
595.4735000000001,595.481,45234,48403,Pipistrellus pipistrellus,0.023,0.023,-1,Echolocation,/mnt/ubna_data_02_mir/recover-20221013/UBNA_001/20221012_030000.WAV,Telephone Field,recover-20221013,001,1795
595.5255,595.5689,68437,83335,Rhinolophus ferrumequinum,0.03,0.03,-1,Echolocation,/mnt/ubna_data_02_mir/recover-20221013/UBNA_001/20221012_030000.WAV,Telephone Field,recover-20221013,001,1795
595.5755,595.5837,23750,31403,Plecotus austriacus,0.008,0.021,-1,Echolocation,/mnt/ubna_data_02_mir/recover-20221013/UBNA_001/20221012_030000.WAV,Telephone Field,recover-20221013,001,1795
595.5885,595.6271,68437,82414,Rhinolophus ferrumequinum,0.025,0.025,-1,Echolocation,/mnt/ubna_data_02_mir/recover-20221013/UBNA_001/20221012_030000.WAV,Telephone Field,recover-20221013,001,1795
595.6025,595.6434,68437,82549,Rhinolophus ferrumequinum,0.023,0.023,-1,Echolocation,/mnt/ubna_data_02_mir/recover-20221013/UBNA_001/20221012_030000.WAV,Telephone Field,recover-20221013,001,1795
595.6155,595.6539,68437,81895,Rhinolophus ferrumequinum,0.022,0.022,-1,Echolocation,/mnt/ubna_data_02_mir/recover-20221013/UBNA_001/20221012_030000.WAV,Telephone Field,recover-20221013,001,1795
595.6265,595.6653,68437,82026,Rhinolophus ferrumequinum,0.024,0.024,-1,Echolocation,/mnt/ubna_data_02_mir/recover-20221013/UBNA_001/20221012_030000.WAV,Telephone Field,recover-20221013,001,1795
595.6435,595.6512,24609,33913,Plecotus austriacus,0.009,0.025,-1,Echolocation,/mnt/ubna_data_02_mir/recover-20221013/UBNA_001/20221012_030000.WAV,Telephone Field,recover-20221013,001,1795
595.6565,595.6945,68437,81644,Rhinolophus ferrumequinum,0.022,0.022,-1,Echolocation,/mnt/ubna_data_02_mir/recover-20221013/UBNA_001/20221012_030000.WAV,Telephone Field,recover-20221013,001,1795
595.7075,595.7483,68437,82486,Rhinolophus ferrumequinum,0.028,0.028,-1,Echolocation,/mnt/ubna_data_02_mir/recover-20221013/UBNA_001/20221012_030000.WAV,Telephone Field,recover-20221013,001,1795
595.7365,595.7764,68437,82753,Rhinolophus ferrumequinum,0.028,0.028,-1,Echolocation,/mnt/ubna_data_02_mir/recover-20221013/UBNA_001/20221012_030000.WAV,Telephone Field,recover-20221013,001,1795
595.7795,595.7915,22890,27218,Nyctalus leisleri,0.013,0.023,-1,Echolocation,/mnt/ubna_data_02_mir/recover-20221013/UBNA_001/20221012_030000.WAV,Telephone Field,recover-20221013,001,1795
595.7845,595.826,68437,82617,Rhinolophus ferrumequinum,0.026,0.026,-1,Echolocation,/mnt/ubna_data_02_mir/recover-20221013/UBNA_001/20221012_030000.WAV,Telephone Field,recover-20221013,001,1795
595.8395,595.8806,68437,82539,Rhinolophus ferrumequinum,0.021,0.021,-1,Echolocation,/mnt/ubna_data_02_mir/recover-20221013/UBNA_001/20221012_030000.WAV,Telephone Field,recover-20221013,001,1795
595.8415,595.852,28906,35189,Eptesicus serotinus,0.01,0.026,-1,Echolocation,/mnt/ubna_data_02_mir/recover-20221013/UBNA_001/20221012_030000.WAV,Telephone Field,recover-20221013,001,1795
595.8735,595.8843,22890,27998,Nyctalus leisleri,0.011,0.023,-1,Echolocation,/mnt/ubna_data_02_mir/recover-20221013/UBNA_001/20221012_030000.WAV,Telephone Field,recover-20221013,001,1795
595.8785,595.9209,68437,82647,Rhinolophus ferrumequinum,0.022,0.022,-1,Echolocation,/mnt/ubna_data_02_mir/recover-20221013/UBNA_001/20221012_030000.WAV,Telephone Field,recover-20221013,001,1795
595.8985,595.9067,28906,39995,Eptesicus serotinus,0.008,0.022,-1,Echolocation,/mnt/ubna_data_02_mir/recover-20221013/UBNA_001/20221012_030000.WAV,Telephone Field,recover-20221013,001,1795
595.9215,595.9305,28906,38554,Eptesicus serotinus,0.009,0.023,-1,Echolocation,/mnt/ubna_data_02_mir/recover-20221013/UBNA_001/20221012_030000.WAV,Telephone Field,recover-20221013,001,1795
595.9325,595.9732,68437,82757,Rhinolophus ferrumequinum,0.022,0.022,-1,Echolocation,/mnt/ubna_data_02_mir/recover-20221013/UBNA_001/20221012_030000.WAV,Telephone Field,recover-20221013,001,1795
595.9435,595.9843,68437,82288,Rhinolophus ferrumequinum,0.021,0.021,-1,Echolocation,/mnt/ubna_data_02_mir/recover-20221013/UBNA_001/20221012_030000.WAV,Telephone Field,recover-20221013,001,1795
595.9455,595.9567,28906,35714,Eptesicus serotinus,0.014,0.026,-1,Echolocation,/mnt/ubna_data_02_mir/recover-20221013/UBNA_001/20221012_030000.WAV,Telephone Field,recover-20221013,001,1795
595.9695,595.9789,24609,32090,Nyctalus leisleri,0.008,0.025,-1,Echolocation,/mnt/ubna_data_02_mir/recover-20221013/UBNA_001/20221012_030000.WAV,Telephone Field,recover-20221013,001,1795
596.0015,596.0114,46953,51150,Pipistrellus pipistrellus,0.017,0.023,-1,Echolocation,/mnt/ubna_data_02_mir/recover-20221013/UBNA_001/20221012_030000.WAV,Telephone Field,recover-20221013,001,1795
596.0015,596.01,26328,35983,Eptesicus serotinus,0.005,0.023,-1,Echolocation,/mnt/ubna_data_02_mir/recover-20221013/UBNA_001/20221012_030000.WAV,Telephone Field,recover-20221013,001,1795
596.0015,596.0368,68437,80451,Rhinolophus ferrumequinum,0.057,0.057,-1,Echolocation,/mnt/ubna_data_02_mir/recover-20221013/UBNA_001/20221012_030000.WAV,Telephone Field,recover-20221013,001,1795
596.0085,596.0541,68437,83369,Rhinolophus ferrumequinum,0.03,0.03,-1,Echolocation,/mnt/ubna_data_02_mir/recover-20221013/UBNA_001/20221012_030000.WAV,Telephone Field,recover-20221013,001,1795
596.0185,596.024,31484,52030,Myotis daubentonii,0.015,0.033,-1,Echolocation,/mnt/ubna_data_02_mir/recover-20221013/UBNA_001/20221012_030000.WAV,Telephone Field,recover-20221013,001,1795
596.0385,596.0477,22031,28090,Plecotus austriacus,0.008,0.022,-1,Echolocation,/mnt/ubna_data_02_mir/recover-20221013/UBNA_001/20221012_030000.WAV,Telephone Field,recover-20221013,001,1795
596.0475,596.0867,68437,82647,Rhinolophus ferrumequinum,0.022,0.022,-1,Echolocation,/mnt/ubna_data_02_mir/recover-20221013/UBNA_001/20221012_030000.WAV,Telephone Field,recover-20221013,001,1795
596.0615,596.0723,23750,29099,Nyctalus leisleri,0.012,0.025,-1,Echolocation,/mnt/ubna_data_02_mir/recover-20221013/UBNA_001/20221012_030000.WAV,Telephone Field,recover-20221013,001,1795
596.0785,596.0905,28046,34440,Eptesicus serotinus,0.025,0.046,-1,Echolocation,/mnt/ubna_data_02_mir/recover-20221013/UBNA_001/20221012_030000.WAV,Telephone Field,recover-20221013,001,1795
596.1045,596.1444,68437,82019,Rhinolophus ferrumequinum,0.028,0.028,-1,Echolocation,/mnt/ubna_data_02_mir/recover-20221013/UBNA_001/20221012_030000.WAV,Telephone Field,recover-20221013,001,1795
596.1275,596.1666,68437,82458,Rhinolophus ferrumequinum,0.028,0.028,-1,Echolocation,/mnt/ubna_data_02_mir/recover-20221013/UBNA_001/20221012_030000.WAV,Telephone Field,recover-20221013,001,1795
596.1335,596.144,28906,35852,Eptesicus serotinus,0.01,0.023,-1,Echolocation,/mnt/ubna_data_02_mir/recover-20221013/UBNA_001/20221012_030000.WAV,Telephone Field,recover-20221013,001,1795
596.1945,596.1999,33203,43180,Myotis daubentonii,0.018,0.043,-1,Echolocation,/mnt/ubna_data_02_mir/recover-20221013/UBNA_001/20221012_030000.WAV,Telephone Field,recover-20221013,001,1795
596.1945,596.2001,28046,44855,Myotis daubentonii,0.01,0.044,-1,Echolocation,/mnt/ubna_data_02_mir/recover-20221013/UBNA_001/20221012_030000.WAV,Telephone Field,recover-20221013,001,1795
596.2215,596.2595,68437,81591,Rhinolophus ferrumequinum,0.024,0.024,-1,Echolocation,/mnt/ubna_data_02_mir/recover-20221013/UBNA_001/20221012_030000.WAV,Telephone Field,recover-20221013,001,1795
596.2265,596.265,68437,82049,Rhinolophus ferrumequinum,0.024,0.024,-1,Echolocation,/mnt/ubna_data_02_mir/recover-20221013/UBNA_001/20221012_030000.WAV,Telephone Field,recover-20221013,001,1795
596.2715,596.2814,23750,30229,Nyctalus leisleri,0.009,0.025,-1,Echolocation,/mnt/ubna_data_02_mir/recover-20221013/UBNA_001/20221012_030000.WAV,Telephone Field,recover-20221013,001,1795
596.2785,596.2897,28906,35309,Eptesicus serotinus,0.01,0.023,-1,Echolocation,/mnt/ubna_data_02_mir/recover-20221013/UBNA_001/20221012_030000.WAV,Telephone Field,recover-20221013,001,1795
596.3095,596.3478,68437,82010,Rhinolophus ferrumequinum,0.021,0.021,-1,Echolocation,/mnt/ubna_data_02_mir/recover-20221013/UBNA_001/20221012_030000.WAV,Telephone Field,recover-20221013,001,1795
596.3195,596.3281,28906,42046,Eptesicus serotinus,0.008,0.022,-1,Echolocation,/mnt/ubna_data_02_mir/recover-20221013/UBNA_001/20221012_030000.WAV,Telephone Field,recover-20221013,001,1795
596.3465,596.39,68437,83215,Rhinolophus ferrumequinum,0.03,0.03,-1,Echolocation,/mnt/ubna_data_02_mir/recover-20221013/UBNA_001/20221012_030000.WAV,Telephone Field,recover-20221013,001,1795
596.3925,596.3993,27187,44423,Eptesicus serotinus,0.007,0.025,-1,Echolocation,/mnt/ubna_data_02_mir/recover-20221013/UBNA_001/20221012_030000.WAV,Telephone Field,recover-20221013,001,1795
596.4155,596.4546,68437,82171,Rhinolophus ferrumequinum,0.022,0.022,-1,Echolocation,/mnt/ubna_data_02_mir/recover-20221013/UBNA_001/20221012_030000.WAV,Telephone Field,recover-20221013,001,1795
596.4495,596.4569,28046,41491,Eptesicus serotinus,0.007,0.022,-1,Echolocation,/mnt/ubna_data_02_mir/recover-20221013/UBNA_001/20221012_030000.WAV,Telephone Field,recover-20221013,001,1795
596.5375,596.5569,19453,22287,Nyctalus leisleri,0.012,0.022,-1,Echolocation,/mnt/ubna_data_02_mir/recover-20221013/UBNA_001/20221012_030000.WAV,Telephone Field,recover-20221013,001,1795
596.5445,596.5645,19453,22362,Nyctalus leisleri,0.014,0.027,-1,Echolocation,/mnt/ubna_data_02_mir/recover-20221013/UBNA_001/20221012_030000.WAV,Telephone Field,recover-20221013,001,1795
596.5655,596.6022,68437,81535,Rhinolophus ferrumequinum,0.022,0.022,-1,Echolocation,/mnt/ubna_data_02_mir/recover-20221013/UBNA_001/20221012_030000.WAV,Telephone Field,recover-20221013,001,1795
596.5905,596.6007,22031,27840,Nyctalus leisleri,0.01,0.023,-1,Echolocation,/mnt/ubna_data_02_mir/recover-20221013/UBNA_001/20221012_030000.WAV,Telephone Field,recover-20221013,001,1795
596.5915,596.5997,28046,39562,Eptesicus serotinus,0.008,0.023,-1,Echolocation,/mnt/ubna_data_02_mir/recover-20221013/UBNA_001/20221012_030000.WAV,Telephone Field,recover-20221013,001,1795
596.5925,596.6016,47812,51419,Pipistrellus pipistrellus,0.037,0.039,-1,Echolocation,/mnt/ubna_data_02_mir/recover-20221013/UBNA_001/20221012_030000.WAV,Telephone Field,recover-20221013,001,1795
596.6205,596.6305,30625,38522,Eptesicus serotinus,0.013,0.032,-1,Echolocation,/mnt/ubna_data_02_mir/recover-20221013/UBNA_001/20221012_030000.WAV,Telephone Field,recover-20221013,001,1795
596.6245,596.6329,22031,28970,Plecotus austriacus,0.012,0.025,-1,Echolocation,/mnt/ubna_data_02_mir/recover-20221013/UBNA_001/20221012_030000.WAV,Telephone Field,recover-20221013,001,1795
596.6635,596.6704,28046,40433,Eptesicus serotinus,0.006,0.022,-1,Echolocation,/mnt/ubna_data_02_mir/recover-20221013/UBNA_001/20221012_030000.WAV,Telephone Field,recover-20221013,001,1795
596.6905,596.7005,22031,26946,Nyctalus leisleri,0.011,0.024,-1,Echolocation,/mnt/ubna_data_02_mir/recover-20221013/UBNA_001/20221012_030000.WAV,Telephone Field,recover-20221013,001,1795
596.7205,596.7579,68437,82156,Rhinolophus ferrumequinum,0.025,0.025,-1,Echolocation,/mnt/ubna_data_02_mir/recover-20221013/UBNA_001/20221012_030000.WAV,Telephone Field,recover-20221013,001,1795
596.7235000000001,596.7304,28906,39604,Eptesicus serotinus,0.005,0.022,-1,Echolocation,/mnt/ubna_data_02_mir/recover-20221013/UBNA_001/20221012_030000.WAV,Telephone Field,recover-20221013,001,1795
596.7505,596.7854,68437,81542,Rhinolophus ferrumequinum,0.022,0.022,-1,Echolocation,/mnt/ubna_data_02_mir/recover-20221013/UBNA_001/20221012_030000.WAV,Telephone Field,recover-20221013,001,1795
596.8005,596.8391,68437,82632,Rhinolophus ferrumequinum,0.033,0.033,-1,Echolocation,/mnt/ubna_data_02_mir/recover-20221013/UBNA_001/20221012_030000.WAV,Telephone Field,recover-20221013,001,1795
596.8055,596.8184,22031,25702,Nyctalus leisleri,0.017,0.028,-1,Echolocation,/mnt/ubna_data_02_mir/recover-20221013/UBNA_001/20221012_030000.WAV,Telephone Field,recover-20221013,001,1795
596.8655,596.8736,44375,48508,Pipistrellus pipistrellus,0.029,0.032,-1,Echolocation,/mnt/ubna_data_02_mir/recover-20221013/UBNA_001/20221012_030000.WAV,Telephone Field,recover-20221013,001,1795
596.8675,596.8755,28046,40715,Eptesicus serotinus,0.007,0.022,-1,Echolocation,/mnt/ubna_data_02_mir/recover-20221013/UBNA_001/20221012_030000.WAV,Telephone Field,recover-20221013,001,1795
596.9155,596.9531,68437,81763,Rhinolophus ferrumequinum,0.022,0.022,-1,Echolocation,/mnt/ubna_data_02_mir/recover-20221013/UBNA_001/20221012_030000.WAV,Telephone Field,recover-20221013,001,1795
596.9315,596.9407,28906,37029,Eptesicus serotinus,0.01,0.023,-1,Echolocation,/mnt/ubna_data_02_mir/recover-20221013/UBNA_001/20221012_030000.WAV,Telephone Field,recover-20221013,001,1795
596.9355,596.9745,68437,82293,Rhinolophus ferrumequinum,0.021,0.021,-1,Echolocation,/mnt/ubna_data_02_mir/recover-20221013/UBNA_001/20221012_030000.WAV,Telephone Field,recover-20221013,001,1795
596.9435,596.9546,46093,51597,Pipistrellus pipistrellus,0.032,0.035,-1,Echolocation,/mnt/ubna_data_02_mir/recover-20221013/UBNA_001/20221012_030000.WAV,Telephone Field,recover-20221013,001,1795
596.9485,596.9849,68437,82554,Rhinolophus ferrumequinum,0.022,0.022,-1,Echolocation,/mnt/ubna_data_02_mir/recover-20221013/UBNA_001/20221012_030000.WAV,Telephone Field,recover-20221013,001,1795
596.9875,596.9974,22031,27294,Nyctalus leisleri,0.009,0.022,-1,Echolocation,/mnt/ubna_data_02_mir/recover-20221013/UBNA_001/20221012_030000.WAV,Telephone Field,recover-20221013,001,1795
596.9915,597.0326,68437,82641,Rhinolophus ferrumequinum,0.025,0.025,-1,Echolocation,/mnt/ubna_data_02_mir/recover-20221013/UBNA_001/20221012_030000.WAV,Telephone Field,recover-20221013,001,1795
597.0285,597.0667,68437,81570,Rhinolophus ferrumequinum,0.023,0.023,-1,Echolocation,/mnt/ubna_data_02_mir/recover-20221013/UBNA_001/20221012_030000.WAV,Telephone Field,recover-20221013,001,1795
597.0395,597.0788,68437,82800,Rhinolophus ferrumequinum,0.033,0.033,-1,Echolocation,/mnt/ubna_data_02_mir/recover-20221013/UBNA_001/20221012_030000.WAV,Telephone Field,recover-20221013,001,1795
597.0665,597.1059,68437,82808,Rhinolophus ferrumequinum,0.023,0.023,-1,Echolocation,/mnt/ubna_data_02_mir/recover-20221013/UBNA_001/20221012_030000.WAV,Telephone Field,recover-20221013,001,1795
597.1005,597.1075,28906,39447,Eptesicus serotinus,0.006,0.024,-1,Echolocation,/mnt/ubna_data_02_mir/recover-20221013/UBNA_001/20221012_030000.WAV,Telephone Field,recover-20221013,001,1795
597.1455,597.1601,22890,27586,Nyctalus leisleri,0.013,0.024,-1,Echolocation,/mnt/ubna_data_02_mir/recover-20221013/UBNA_001/20221012_030000.WAV,Telephone Field,recover-20221013,001,1795
597.1555,597.17,23750,28695,Nyctalus leisleri,0.022,0.038,-1,Echolocation,/mnt/ubna_data_02_mir/recover-20221013/UBNA_001/20221012_030000.WAV,Telephone Field,recover-20221013,001,1795
597.1855,597.2194,68437,80691,Rhinolophus ferrumequinum,0.027,0.027,-1,Echolocation,/mnt/ubna_data_02_mir/recover-20221013/UBNA_001/20221012_030000.WAV,Telephone Field,recover-20221013,001,1795
597.1915,597.2024,23750,28839,Nyctalus leisleri,0.011,0.022,-1,Echolocation,/mnt/ubna_data_02_mir/recover-20221013/UBNA_001/20221012_030000.WAV,Telephone Field,recover-20221013,001,1795
597.2115,597.2509,68437,82342,Rhinolophus ferrumequinum,0.026,0.026,-1,Echolocation,/mnt/ubna_data_02_mir/recover-20221013/UBNA_001/20221012_030000.WAV,Telephone Field,recover-20221013,001,1795
597.2355,597.2741,68437,81871,Rhinolophus ferrumequinum,0.022,0.022,-1,Echolocation,/mnt/ubna_data_02_mir/recover-20221013/UBNA_001/20221012_030000.WAV,Telephone Field,recover-20221013,001,1795
597.2375,597.2446,26328,39418,Eptesicus serotinus,0.005,0.021,-1,Echolocation,/mnt/ubna_data_02_mir/recover-20221013/UBNA_001/20221012_030000.WAV,Telephone Field,recover-20221013,001,1795
597.2535,597.2918,68437,81577,Rhinolophus ferrumequinum,0.022,0.022,-1,Echolocation,/mnt/ubna_data_02_mir/recover-20221013/UBNA_001/20221012_030000.WAV,Telephone Field,recover-20221013,001,1795
597.2685,597.2774,28906,36992,Eptesicus serotinus,0.008,0.022,-1,Echolocation,/mnt/ubna_data_02_mir/recover-20221013/UBNA_001/20221012_030000.WAV,Telephone Field,recover-20221013,001,1795
597.3155,597.3225,23750,34193,Plecotus austriacus,0.012,0.027,-1,Echolocation,/mnt/ubna_data_02_mir/recover-20221013/UBNA_001/20221012_030000.WAV,Telephone Field,recover-20221013,001,1795
597.3155,597.3555,68437,83140,Rhinolophus ferrumequinum,0.028,0.028,-1,Echolocation,/mnt/ubna_data_02_mir/recover-20221013/UBNA_001/20221012_030000.WAV,Telephone Field,recover-20221013,001,1795
597.3395,597.3588,19453,23016,Nyctalus noctula,0.016,0.032,-1,Echolocation,/mnt/ubna_data_02_mir/recover-20221013/UBNA_001/20221012_030000.WAV,Telephone Field,recover-20221013,001,1795
597.3635,597.405,68437,82804,Rhinolophus ferrumequinum,0.026,0.026,-1,Echolocation,/mnt/ubna_data_02_mir/recover-20221013/UBNA_001/20221012_030000.WAV,Telephone Field,recover-20221013,001,1795
597.3995,597.4377,68437,81040,Rhinolophus ferrumequinum,0.021,0.021,-1,Echolocation,/mnt/ubna_data_02_mir/recover-20221013/UBNA_001/20221012_030000.WAV,Telephone Field,recover-20221013,001,1795
597.4075,597.4462,68437,81848,Rhinolophus ferrumequinum,0.024,0.024,-1,Echolocation,/mnt/ubna_data_02_mir/recover-20221013/UBNA_001/20221012_030000.WAV,Telephone Field,recover-20221013,001,1795
597.4155,597.4534,68437,81854,Rhinolophus ferrumequinum,0.023,0.023,-1,Echolocation,/mnt/ubna_data_02_mir/recover-20221013/UBNA_001/20221012_030000.WAV,Telephone Field,recover-20221013,001,1795
597.4235,597.4313,28046,37470,Eptesicus serotinus,0.007,0.023,-1,Echolocation,/mnt/ubna_data_02_mir/recover-20221013/UBNA_001/20221012_030000.WAV,Telephone Field,recover-20221013,001,1795
597.4375,597.475,68437,82012,Rhinolophus ferrumequinum,0.025,0.025,-1,Echolocation,/mnt/ubna_data_02_mir/recover-20221013/UBNA_001/20221012_030000.WAV,Telephone Field,recover-20221013,001,1795
597.4505,597.4604,22890,29272,Nyctalus leisleri,0.009,0.024,-1,Echolocation,/mnt/ubna_data_02_mir/recover-20221013/UBNA_001/20221012_030000.WAV,Telephone Field,recover-20221013,001,1795
597.4605,597.4985,68437,82120,Rhinolophus ferrumequinum,0.023,0.023,-1,Echolocation,/mnt/ubna_data_02_mir/recover-20221013/UBNA_001/20221012_030000.WAV,Telephone Field,recover-20221013,001,1795
597.5075,597.5477,68437,82669,Rhinolophus ferrumequinum,0.035,0.035,-1,Echolocation,/mnt/ubna_data_02_mir/recover-20221013/UBNA_001/20221012_030000.WAV,Telephone Field,recover-20221013,001,1795
597.5405,597.5512,22031,26978,Nyctalus leisleri,0.01,0.022,-1,Echolocation,/mnt/ubna_data_02_mir/recover-20221013/UBNA_001/20221012_030000.WAV,Telephone Field,recover-20221013,001,1795
597.5445,597.5842,68437,82341,Rhinolophus ferrumequinum,0.024,0.025,-1,Echolocation,/mnt/ubna_data_02_mir/recover-20221013/UBNA_001/20221012_030000.WAV,Telephone Field,recover-20221013,001,1795
597.5505,597.5903,68437,82348,Rhinolophus ferrumequinum,0.024,0.024,-1,Echolocation,/mnt/ubna_data_02_mir/recover-20221013/UBNA_001/20221012_030000.WAV,Telephone Field,recover-20221013,001,1795
597.5755,597.6157,68437,82307,Rhinolophus ferrumequinum,0.025,0.025,-1,Echolocation,/mnt/ubna_data_02_mir/recover-20221013/UBNA_001/20221012_030000.WAV,Telephone Field,recover-20221013,001,1795
597.5965,597.6051,28046,38090,Eptesicus serotinus,0.009,0.023,-1,Echolocation,/mnt/ubna_data_02_mir/recover-20221013/UBNA_001/20221012_030000.WAV,Telephone Field,recover-20221013,001,1795
597.6165,597.6235,23750,32689,Plecotus austriacus,0.01,0.023,-1,Echolocation,/mnt/ubna_data_02_mir/recover-20221013/UBNA_001/20221012_030000.WAV,Telephone Field,recover-20221013,001,1795
597.6235,597.6398,16015,20800,Nyctalus noctula,0.017,0.024,-1,Echolocation,/mnt/ubna_data_02_mir/recover-20221013/UBNA_001/20221012_030000.WAV,Telephone Field,recover-20221013,001,1795
597.6435,597.6512,28046,38935,Eptesicus serotinus,0.008,0.023,-1,Echolocation,/mnt/ubna_data_02_mir/recover-20221013/UBNA_001/20221012_030000.WAV,Telephone Field,recover-20221013,001,1795
597.6725,597.6815,26328,35731,Eptesicus serotinus,0.01,0.022,-1,Echolocation,/mnt/ubna_data_02_mir/recover-20221013/UBNA_001/20221012_030000.WAV,Telephone Field,recover-20221013,001,1795
597.7275,597.7667,68437,82171,Rhinolophus ferrumequinum,0.022,0.022,-1,Echolocation,/mnt/ubna_data_02_mir/recover-20221013/UBNA_001/20221012_030000.WAV,Telephone Field,recover-20221013,001,1795
597.7725,597.8093,68437,81894,Rhinolophus ferrumequinum,0.024,0.024,-1,Echolocation,/mnt/ubna_data_02_mir/recover-20221013/UBNA_001/20221012_030000.WAV,Telephone Field,recover-20221013,001,1795
597.7915,597.8301,68437,81721,Rhinolophus ferrumequinum,0.021,0.021,-1,Echolocation,/mnt/ubna_data_02_mir/recover-20221013/UBNA_001/20221012_030000.WAV,Telephone Field,recover-20221013,001,1795
597.7995,597.8392,68437,82041,Rhinolophus ferrumequinum,0.021,0.021,-1,Echolocation,/mnt/ubna_data_02_mir/recover-20221013/UBNA_001/20221012_030000.WAV,Telephone Field,recover-20221013,001,1795
597.8115,597.8524,68437,83467,Rhinolophus ferrumequinum,0.036,0.036,-1,Echolocation,/mnt/ubna_data_02_mir/recover-20221013/UBNA_001/20221012_030000.WAV,Telephone Field,recover-20221013,001,1795
597.8335,597.8745,68437,82131,Rhinolophus ferrumequinum,0.022,0.022,-1,Echolocation,/mnt/ubna_data_02_mir/recover-20221013/UBNA_001/20221012_030000.WAV,Telephone Field,recover-20221013,001,1795
597.8365,597.8473,24609,32293,Eptesicus serotinus,0.01,0.026,-1,Echolocation,/mnt/ubna_data_02_mir/recover-20221013/UBNA_001/20221012_030000.WAV,Telephone Field,recover-20221013,001,1795
597.8625,597.9017,68437,82276,Rhinolophus ferrumequinum,0.032,0.032,-1,Echolocation,/mnt/ubna_data_02_mir/recover-20221013/UBNA_001/20221012_030000.WAV,Telephone Field,recover-20221013,001,1795
597.8705,597.8805,28906,36000,Eptesicus serotinus,0.008,0.022,-1,Echolocation,/mnt/ubna_data_02_mir/recover-20221013/UBNA_001/20221012_030000.WAV,Telephone Field,recover-20221013,001,1795
597.8735,597.8819,23750,31247,Plecotus austriacus,0.008,0.022,-1,Echolocation,/mnt/ubna_data_02_mir/recover-20221013/UBNA_001/20221012_030000.WAV,Telephone Field,recover-20221013,001,1795
597.9315,597.9414,23750,30823,Nyctalus leisleri,0.014,0.038,-1,Echolocation,/mnt/ubna_data_02_mir/recover-20221013/UBNA_001/20221012_030000.WAV,Telephone Field,recover-20221013,001,1795
597.9455,597.9838,68437,81882,Rhinolophus ferrumequinum,0.023,0.023,-1,Echolocation,/mnt/ubna_data_02_mir/recover-20221013/UBNA_001/20221012_030000.WAV,Telephone Field,recover-20221013,001,1795
597.9545,597.9946,68437,82928,Rhinolophus ferrumequinum,0.022,0.022,-1,Echolocation,/mnt/ubna_data_02_mir/recover-20221013/UBNA_001/20221012_030000.WAV,Telephone Field,recover-20221013,001,1795
597.9765,597.9842,47812,53094,Pipistrellus pipistrellus,0.02,0.022,-1,Echolocation,/mnt/ubna_data_02_mir/recover-20221013/UBNA_001/20221012_030000.WAV,Telephone Field,recover-20221013,001,1795
597.9825,597.9909,25468,34545,Eptesicus serotinus,0.007,0.027,-1,Echolocation,/mnt/ubna_data_02_mir/recover-20221013/UBNA_001/20221012_030000.WAV,Telephone Field,recover-20221013,001,1795
598.0015,598.0099,25468,33977,Nyctalus leisleri,0.009,0.027,-1,Echolocation,/mnt/ubna_data_02_mir/recover-20221013/UBNA_001/20221012_030000.WAV,Telephone Field,recover-20221013,001,1795
598.0015,598.0161,55546,62052,Pipistrellus pygmaeus,0.025,0.029,-1,Echolocation,/mnt/ubna_data_02_mir/recover-20221013/UBNA_001/20221012_030000.WAV,Telephone Field,recover-20221013,001,1795
598.0015,598.0305,68437,80212,Rhinolophus ferrumequinum,0.032,0.032,-1,Echolocation,/mnt/ubna_data_02_mir/recover-20221013/UBNA_001/20221012_030000.WAV,Telephone Field,recover-20221013,001,1795
598.0295,598.0709,68437,82982,Rhinolophus ferrumequinum,0.022,0.022,-1,Echolocation,/mnt/ubna_data_02_mir/recover-20221013/UBNA_001/20221012_030000.WAV,Telephone Field,recover-20221013,001,1795
598.0555,598.0959,68437,82602,Rhinolophus ferrumequinum,0.033,0.033,-1,Echolocation,/mnt/ubna_data_02_mir/recover-20221013/UBNA_001/20221012_030000.WAV,Telephone Field,recover-20221013,001,1795
598.1005,598.1092,49531,53615,Pipistrellus pipistrellus,0.021,0.023,-1,Echolocation,/mnt/ubna_data_02_mir/recover-20221013/UBNA_001/20221012_030000.WAV,Telephone Field,recover-20221013,001,1795
598.1085,598.1453,68437,82234,Rhinolophus ferrumequinum,0.025,0.025,-1,Echolocation,/mnt/ubna_data_02_mir/recover-20221013/UBNA_001/20221012_030000.WAV,Telephone Field,recover-20221013,001,1795
598.1505,598.1887,68437,82306,Rhinolophus ferrumequinum,0.024,0.024,-1,Echolocation,/mnt/ubna_data_02_mir/recover-20221013/UBNA_001/20221012_030000.WAV,Telephone Field,recover-20221013,001,1795
598.1705,598.2074,68437,81897,Rhinolophus ferrumequinum,0.022,0.022,-1,Echolocation,/mnt/ubna_data_02_mir/recover-20221013/UBNA_001/20221012_030000.WAV,Telephone Field,recover-20221013,001,1795
598.1815,598.2218,68437,82399,Rhinolophus ferrumequinum,0.021,0.021,-1,Echolocation,/mnt/ubna_data_02_mir/recover-20221013/UBNA_001/20221012_030000.WAV,Telephone Field,recover-20221013,001,1795
598.2015,598.2439,68437,82794,Rhinolophus ferrumequinum,0.029,0.029,-1,Echolocation,/mnt/ubna_data_02_mir/recover-20221013/UBNA_001/20221012_030000.WAV,Telephone Field,recover-20221013,001,1795
598.2265,598.2671,68437,82523,Rhinolophus ferrumequinum,0.023,0.023,-1,Echolocation,/mnt/ubna_data_02_mir/recover-20221013/UBNA_001/20221012_030000.WAV,Telephone Field,recover-20221013,001,1795
598.2345,598.2761,68437,82744,Rhinolophus ferrumequinum,0.022,0.022,-1,Echolocation,/mnt/ubna_data_02_mir/recover-20221013/UBNA_001/20221012_030000.WAV,Telephone Field,recover-20221013,001,1795
598.2695,598.2783,23750,32083,Plecotus austriacus,0.009,0.024,-1,Echolocation,/mnt/ubna_data_02_mir/recover-20221013/UBNA_001/20221012_030000.WAV,Telephone Field,recover-20221013,001,1795
598.2855,598.2957,28906,36949,Eptesicus serotinus,0.012,0.026,-1,Echolocation,/mnt/ubna_data_02_mir/recover-20221013/UBNA_001/20221012_030000.WAV,Telephone Field,recover-20221013,001,1795
598.2985,598.3072,28906,38451,Eptesicus serotinus,0.008,0.022,-1,Echolocation,/mnt/ubna_data_02_mir/recover-20221013/UBNA_001/20221012_030000.WAV,Telephone Field,recover-20221013,001,1795
598.3085,598.3499,68437,82698,Rhinolophus ferrumequinum,0.023,0.023,-1,Echolocation,/mnt/ubna_data_02_mir/recover-20221013/UBNA_001/20221012_030000.WAV,Telephone Field,recover-20221013,001,1795
598.3505,598.3843,68437,81094,Rhinolophus ferrumequinum,0.022,0.022,-1,Echolocation,/mnt/ubna_data_02_mir/recover-20221013/UBNA_001/20221012_030000.WAV,Telephone Field,recover-20221013,001,1795
598.3615,598.3981,68437,81775,Rhinolophus ferrumequinum,0.024,0.024,-1,Echolocation,/mnt/ubna_data_02_mir/recover-20221013/UBNA_001/20221012_030000.WAV,Telephone Field,recover-20221013,001,1795
598.4485,598.4562,28046,36810,Eptesicus serotinus,0.007,0.024,-1,Echolocation,/mnt/ubna_data_02_mir/recover-20221013/UBNA_001/20221012_030000.WAV,Telephone Field,recover-20221013,001,1795
598.4595,598.5015,68437,82061,Rhinolophus ferrumequinum,0.023,0.024,-1,Echolocation,/mnt/ubna_data_02_mir/recover-20221013/UBNA_001/20221012_030000.WAV,Telephone Field,recover-20221013,001,1795
598.4735000000001,598.4852,14296,21044,Nyctalus noctula,0.018,0.032,-1,Echolocation,/mnt/ubna_data_02_mir/recover-20221013/UBNA_001/20221012_030000.WAV,Telephone Field,recover-20221013,001,1795
598.4765,598.5124,68437,81580,Rhinolophus ferrumequinum,0.028,0.028,-1,Echolocation,/mnt/ubna_data_02_mir/recover-20221013/UBNA_001/20221012_030000.WAV,Telephone Field,recover-20221013,001,1795
598.4925,598.4992,25468,38155,Myotis nattereri,0.005,0.022,-1,Echolocation,/mnt/ubna_data_02_mir/recover-20221013/UBNA_001/20221012_030000.WAV,Telephone Field,recover-20221013,001,1795
598.5095,598.5179,26328,36068,Eptesicus serotinus,0.007,0.024,-1,Echolocation,/mnt/ubna_data_02_mir/recover-20221013/UBNA_001/20221012_030000.WAV,Telephone Field,recover-20221013,001,1795
598.5255,598.5593,68437,80389,Rhinolophus ferrumequinum,0.024,0.024,-1,Echolocation,/mnt/ubna_data_02_mir/recover-20221013/UBNA_001/20221012_030000.WAV,Telephone Field,recover-20221013,001,1795
598.5505,598.5887,68437,82444,Rhinolophus ferrumequinum,0.026,0.026,-1,Echolocation,/mnt/ubna_data_02_mir/recover-20221013/UBNA_001/20221012_030000.WAV,Telephone Field,recover-20221013,001,1795
598.5575,598.5676,22890,28441,Nyctalus leisleri,0.011,0.025,-1,Echolocation,/mnt/ubna_data_02_mir/recover-20221013/UBNA_001/20221012_030000.WAV,Telephone Field,recover-20221013,001,1795
598.6055,598.6483,68437,82931,Rhinolophus ferrumequinum,0.026,0.026,-1,Echolocation,/mnt/ubna_data_02_mir/recover-20221013/UBNA_001/20221012_030000.WAV,Telephone Field,recover-20221013,001,1795
598.6265,598.6659,68437,81846,Rhinolophus ferrumequinum,0.021,0.021,-1,Echolocation,/mnt/ubna_data_02_mir/recover-20221013/UBNA_001/20221012_030000.WAV,Telephone Field,recover-20221013,001,1795
598.6275,598.6341,28046,40870,Eptesicus serotinus,0.006,0.025,-1,Echolocation,/mnt/ubna_data_02_mir/recover-20221013/UBNA_001/20221012_030000.WAV,Telephone Field,recover-20221013,001,1795
598.6445,598.679,68437,81263,Rhinolophus ferrumequinum,0.024,0.024,-1,Echolocation,/mnt/ubna_data_02_mir/recover-20221013/UBNA_001/20221012_030000.WAV,Telephone Field,recover-20221013,001,1795
598.6525,598.6618,28046,39104,Eptesicus serotinus,0.01,0.025,-1,Echolocation,/mnt/ubna_data_02_mir/recover-20221013/UBNA_001/20221012_030000.WAV,Telephone Field,recover-20221013,001,1795
598.7035,598.7416,68437,82284,Rhinolophus ferrumequinum,0.024,0.024,-1,Echolocation,/mnt/ubna_data_02_mir/recover-20221013/UBNA_001/20221012_030000.WAV,Telephone Field,recover-20221013,001,1795
598.7105,598.746,68437,81870,Rhinolophus ferrumequinum,0.023,0.023,-1,Echolocation,/mnt/ubna_data_02_mir/recover-20221013/UBNA_001/20221012_030000.WAV,Telephone Field,recover-20221013,001,1795
598.7125,598.7217,28906,37691,Eptesicus serotinus,0.01,0.026,-1,Echolocation,/mnt/ubna_data_02_mir/recover-20221013/UBNA_001/20221012_030000.WAV,Telephone Field,recover-20221013,001,1795
598.7785,598.8149,68437,81869,Rhinolophus ferrumequinum,0.023,0.023,-1,Echolocation,/mnt/ubna_data_02_mir/recover-20221013/UBNA_001/20221012_030000.WAV,Telephone Field,recover-20221013,001,1795
598.7925,598.8318,68437,82552,Rhinolophus ferrumequinum,0.025,0.025,-1,Echolocation,/mnt/ubna_data_02_mir/recover-20221013/UBNA_001/20221012_030000.WAV,Telephone Field,recover-20221013,001,1795
598.8045,598.8156,23750,28540,Nyctalus leisleri,0.013,0.024,-1,Echolocation,/mnt/ubna_data_02_mir/recover-20221013/UBNA_001/20221012_030000.WAV,Telephone Field,recover-20221013,001,1795
598.8225,598.8361,28906,33683,Eptesicus serotinus,0.116,0.195,-1,Echolocation,/mnt/ubna_data_02_mir/recover-20221013/UBNA_001/20221012_030000.WAV,Telephone Field,recover-20221013,001,1795
598.8385,598.8794,68437,82863,Rhinolophus ferrumequinum,0.024,0.025,-1,Echolocation,/mnt/ubna_data_02_mir/recover-20221013/UBNA_001/20221012_030000.WAV,Telephone Field,recover-20221013,001,1795
598.8535,598.8951,68437,82836,Rhinolophus ferrumequinum,0.022,0.022,-1,Echolocation,/mnt/ubna_data_02_mir/recover-20221013/UBNA_001/20221012_030000.WAV,Telephone Field,recover-20221013,001,1795
598.8795,598.9205,68437,82319,Rhinolophus ferrumequinum,0.033,0.033,-1,Echolocation,/mnt/ubna_data_02_mir/recover-20221013/UBNA_001/20221012_030000.WAV,Telephone Field,recover-20221013,001,1795
598.8895,598.9266,68437,82289,Rhinolophus ferrumequinum,0.023,0.023,-1,Echolocation,/mnt/ubna_data_02_mir/recover-20221013/UBNA_001/20221012_030000.WAV,Telephone Field,recover-20221013,001,1795
598.8985,598.9062,27187,39046,Eptesicus serotinus,0.008,0.025,-1,Echolocation,/mnt/ubna_data_02_mir/recover-20221013/UBNA_001/20221012_030000.WAV,Telephone Field,recover-20221013,001,1795
598.9105,598.9521,68437,82613,Rhinolophus ferrumequinum,0.023,0.023,-1,Echolocation,/mnt/ubna_data_02_mir/recover-20221013/UBNA_001/20221012_030000.WAV,Telephone Field,recover-20221013,001,1795
598.9315,598.9724,68437,82834,Rhinolophus ferrumequinum,0.024,0.024,-1,Echolocation,/mnt/ubna_data_02_mir/recover-20221013/UBNA_001/20221012_030000.WAV,Telephone Field,recover-20221013,001,1795
598.9465,598.9904,68437,83466,Rhinolophus ferrumequinum,0.031,0.031,-1,Echolocation,/mnt/ubna_data_02_mir/recover-20221013/UBNA_001/20221012_030000.WAV,Telephone Field,recover-20221013,001,1795
598.9695,599.0073,68437,81688,Rhinolophus ferrumequinum,0.024,0.025,-1,Echolocation,/mnt/ubna_data_02_mir/recover-20221013/UBNA_001/20221012_030000.WAV,Telephone Field,recover-20221013,001,1795
599.0025,599.0373,68437,81749,Rhinolophus ferrumequinum,0.021,0.021,-1,Echolocation,/mnt/ubna_data_02_mir/recover-20221013/UBNA_001/20221012_030000.WAV,Telephone Field,recover-20221013,001,1795
599.0155,599.0546,68437,82815,Rhinolophus ferrumequinum,0.032,0.032,-1,Echolocation,/mnt/ubna_data_02_mir/recover-20221013/UBNA_001/20221012_030000.WAV,Telephone Field,recover-20221013,001,1795
599.0415,599.0814,68437,82001,Rhinolophus ferrumequinum,0.024,0.024,-1,Echolocation,/mnt/ubna_data_02_mir/recover-20221013/UBNA_001/20221012_030000.WAV,Telephone Field,recover-20221013,001,1795
599.0515,599.0923,68437,82943,Rhinolophus ferrumequinum,0.024,0.024,-1,Echolocation,/mnt/ubna_data_02_mir/recover-20221013/UBNA_001/20221012_030000.WAV,Telephone Field,recover-20221013,001,1795
599.0665,599.108,68437,82881,Rhinolophus ferrumequinum,0.033,0.033,-1,Echolocation,/mnt/ubna_data_02_mir/recover-20221013/UBNA_001/20221012_030000.WAV,Telephone Field,recover-20221013,001,1795
599.0765,599.0866,23750,30056,Nyctalus leisleri,0.009,0.026,-1,Echolocation,/mnt/ubna_data_02_mir/recover-20221013/UBNA_001/20221012_030000.WAV,Telephone Field,recover-20221013,001,1795
599.1015,599.1084,28906,40244,Eptesicus serotinus,0.006,0.023,-1,Echolocation,/mnt/ubna_data_02_mir/recover-20221013/UBNA_001/20221012_030000.WAV,Telephone Field,recover-20221013,001,1795
599.1105,599.1492,68437,82173,Rhinolophus ferrumequinum,0.031,0.031,-1,Echolocation,/mnt/ubna_data_02_mir/recover-20221013/UBNA_001/20221012_030000.WAV,Telephone Field,recover-20221013,001,1795
599.1465,599.1871,68437,82800,Rhinolophus ferrumequinum,0.028,0.028,-1,Echolocation,/mnt/ubna_data_02_mir/recover-20221013/UBNA_001/20221012_030000.WAV,Telephone Field,recover-20221013,001,1795
599.1595,599.1985,68437,82245,Rhinolophus ferrumequinum,0.027,0.027,-1,Echolocation,/mnt/ubna_data_02_mir/recover-20221013/UBNA_001/20221012_030000.WAV,Telephone Field,recover-20221013,001,1795
599.2085,599.2173,28046,38300,Eptesicus serotinus,0.008,0.022,-1,Echolocation,/mnt/ubna_data_02_mir/recover-20221013/UBNA_001/20221012_030000.WAV,Telephone Field,recover-20221013,001,1795
599.2415,599.2776,68437,81385,Rhinolophus ferrumequinum,0.023,0.023,-1,Echolocation,/mnt/ubna_data_02_mir/recover-20221013/UBNA_001/20221012_030000.WAV,Telephone Field,recover-20221013,001,1795
599.2545,599.2921,68437,81893,Rhinolophus ferrumequinum,0.023,0.023,-1,Echolocation,/mnt/ubna_data_02_mir/recover-20221013/UBNA_001/20221012_030000.WAV,Telephone Field,recover-20221013,001,1795
599.2625,599.3009,68437,82348,Rhinolophus ferrumequinum,0.023,0.023,-1,Echolocation,/mnt/ubna_data_02_mir/recover-20221013/UBNA_001/20221012_030000.WAV,Telephone Field,recover-20221013,001,1795
599.2805,599.3228,68437,82683,Rhinolophus ferrumequinum,0.023,0.023,-1,Echolocation,/mnt/ubna_data_02_mir/recover-20221013/UBNA_001/20221012_030000.WAV,Telephone Field,recover-20221013,001,1795
599.2975,599.3375,68437,82118,Rhinolophus ferrumequinum,0.025,0.025,-1,Echolocation,/mnt/ubna_data_02_mir/recover-20221013/UBNA_001/20221012_030000.WAV,Telephone Field,recover-20221013,001,1795
599.3165,599.328,23750,29437,Nyctalus leisleri,0.01,0.023,-1,Echolocation,/mnt/ubna_data_02_mir/recover-20221013/UBNA_001/20221012_030000.WAV,Telephone Field,recover-20221013,001,1795
599.3195,599.3601,68437,82225,Rhinolophus ferrumequinum,0.041,0.041,-1,Echolocation,/mnt/ubna_data_02_mir/recover-20221013/UBNA_001/20221012_030000.WAV,Telephone Field,recover-20221013,001,1795
599.3285,599.3369,22890,30807,Plecotus austriacus,0.014,0.031,-1,Echolocation,/mnt/ubna_data_02_mir/recover-20221013/UBNA_001/20221012_030000.WAV,Telephone Field,recover-20221013,001,1795
599.3445,599.382,68437,81389,Rhinolophus ferrumequinum,0.025,0.025,-1,Echolocation,/mnt/ubna_data_02_mir/recover-20221013/UBNA_001/20221012_030000.WAV,Telephone Field,recover-20221013,001,1795
599.3955,599.4376,68437,82720,Rhinolophus ferrumequinum,0.029,0.029,-1,Echolocation,/mnt/ubna_data_02_mir/recover-20221013/UBNA_001/20221012_030000.WAV,Telephone Field,recover-20221013,001,1795
599.4235,599.4649,68437,82420,Rhinolophus ferrumequinum,0.024,0.024,-1,Echolocation,/mnt/ubna_data_02_mir/recover-20221013/UBNA_001/20221012_030000.WAV,Telephone Field,recover-20221013,001,1795
599.4425,599.481,68437,81808,Rhinolophus ferrumequinum,0.022,0.022,-1,Echolocation,/mnt/ubna_data_02_mir/recover-20221013/UBNA_001/20221012_030000.WAV,Telephone Field,recover-20221013,001,1795
599.4475,599.4558,28046,38958,Eptesicus serotinus,0.009,0.026,-1,Echolocation,/mnt/ubna_data_02_mir/recover-20221013/UBNA_001/20221012_030000.WAV,Telephone Field,recover-20221013,001,1795
599.4765,599.5171,68437,82724,Rhinolophus ferrumequinum,0.025,0.025,-1,Echolocation,/mnt/ubna_data_02_mir/recover-20221013/UBNA_001/20221012_030000.WAV,Telephone Field,recover-20221013,001,1795
599.4915,599.4994,28906,38162,Eptesicus serotinus,0.008,0.024,-1,Echolocation,/mnt/ubna_data_02_mir/recover-20221013/UBNA_001/20221012_030000.WAV,Telephone Field,recover-20221013,001,1795
599.5555,599.5961,68437,82037,Rhinolophus ferrumequinum,0.054,0.055,-1,Echolocation,/mnt/ubna_data_02_mir/recover-20221013/UBNA_001/20221012_030000.WAV,Telephone Field,recover-20221013,001,1795
599.5555,599.5643,27187,36878,Eptesicus serotinus,0.007,0.022,-1,Echolocation,/mnt/ubna_data_02_mir/recover-20221013/UBNA_001/20221012_030000.WAV,Telephone Field,recover-20221013,001,1795
599.6115,599.6216,22890,28053,Nyctalus leisleri,0.01,0.022,-1,Echolocation,/mnt/ubna_data_02_mir/recover-20221013/UBNA_001/20221012_030000.WAV,Telephone Field,recover-20221013,001,1795
599.6385,599.6776,68437,82435,Rhinolophus ferrumequinum,0.025,0.025,-1,Echolocation,/mnt/ubna_data_02_mir/recover-20221013/UBNA_001/20221012_030000.WAV,Telephone Field,recover-20221013,001,1795
599.6595,599.6989,68437,82698,Rhinolophus ferrumequinum,0.03,0.03,-1,Echolocation,/mnt/ubna_data_02_mir/recover-20221013/UBNA_001/20221012_030000.WAV,Telephone Field,recover-20221013,001,1795
599.6595,599.6672,23750,33000,Plecotus austriacus,0.015,0.032,-1,Echolocation,/mnt/ubna_data_02_mir/recover-20221013/UBNA_001/20221012_030000.WAV,Telephone Field,recover-20221013,001,1795
599.7185,599.7573,68437,82026,Rhinolophus ferrumequinum,0.024,0.024,-1,Echolocation,/mnt/ubna_data_02_mir/recover-20221013/UBNA_001/20221012_030000.WAV,Telephone Field,recover-20221013,001,1795
599.7295,599.7375,22890,30814,Plecotus austriacus,0.012,0.024,-1,Echolocation,/mnt/ubna_data_02_mir/recover-20221013/UBNA_001/20221012_030000.WAV,Telephone Field,recover-20221013,001,1795
599.7825,599.824,68437,82192,Rhinolophus ferrumequinum,0.034,0.034,-1,Echolocation,/mnt/ubna_data_02_mir/recover-20221013/UBNA_001/20221012_030000.WAV,Telephone Field,recover-20221013,001,1795
599.8225,599.8304,28046,39237,Eptesicus serotinus,0.008,0.025,-1,Echolocation,/mnt/ubna_data_02_mir/recover-20221013/UBNA_001/20221012_030000.WAV,Telephone Field,recover-20221013,001,1795
599.8415,599.8815,68437,82732,Rhinolophus ferrumequinum,0.029,0.029,-1,Echolocation,/mnt/ubna_data_02_mir/recover-20221013/UBNA_001/20221012_030000.WAV,Telephone Field,recover-20221013,001,1795
599.8505,599.8904,68437,82398,Rhinolophus ferrumequinum,0.022,0.022,-1,Echolocation,/mnt/ubna_data_02_mir/recover-20221013/UBNA_001/20221012_030000.WAV,Telephone Field,recover-20221013,001,1795
599.9295,599.9692,68437,82341,Rhinolophus ferrumequinum,0.024,0.024,-1,Echolocation,/mnt/ubna_data_02_mir/recover-20221013/UBNA_001/20221012_030000.WAV,Telephone Field,recover-20221013,001,1795
599.9405,599.949,28906,37306,Eptesicus serotinus,0.009,0.023,-1,Echolocation,/mnt/ubna_data_02_mir/recover-20221013/UBNA_001/20221012_030000.WAV,Telephone Field,recover-20221013,001,1795
599.9815,599.9932,22031,27318,Nyctalus leisleri,0.009,0.022,-1,Echolocation,/mnt/ubna_data_02_mir/recover-20221013/UBNA_001/20221012_030000.WAV,Telephone Field,recover-20221013,001,1795
600.0015,600.0323,68437,79492,Rhinolophus ferrumequinum,0.029,0.029,-1,Echolocation,/mnt/ubna_data_02_mir/recover-20221013/UBNA_001/20221012_030000.WAV,Telephone Field,recover-20221013,001,1795
600.0015,600.0096,24609,33920,Nyctalus leisleri,0.007,0.025,-1,Echolocation,/mnt/ubna_data_02_mir/recover-20221013/UBNA_001/20221012_030000.WAV,Telephone Field,recover-20221013,001,1795
600.0025,600.0145,55546,62224,Pipistrellus pygmaeus,0.043,0.043,-1,Echolocation,/mnt/ubna_data_02_mir/recover-20221013/UBNA_001/20221012_030000.WAV,Telephone Field,recover-20221013,001,1795
600.0455,600.0825,68437,81037,Rhinolophus ferrumequinum,0.032,0.032,-1,Echolocation,/mnt/ubna_data_02_mir/recover-20221013/UBNA_001/20221012_030000.WAV,Telephone Field,recover-20221013,001,1795
600.0545,600.0899,68437,81336,Rhinolophus ferrumequinum,0.023,0.023,-1,Echolocation,/mnt/ubna_data_02_mir/recover-20221013/UBNA_001/20221012_030000.WAV,Telephone Field,recover-20221013,001,1795
600.0825,600.1223,68437,81690,Rhinolophus ferrumequinum,0.035,0.035,-1,Echolocation,/mnt/ubna_data_02_mir/recover-20221013/UBNA_001/20221012_030000.WAV,Telephone Field,recover-20221013,001,1795
600.0845,600.0948,28906,36175,Eptesicus serotinus,0.008,0.027,-1,Echolocation,/mnt/ubna_data_02_mir/recover-20221013/UBNA_001/20221012_030000.WAV,Telephone Field,recover-20221013,001,1795
600.1135,600.1231,22890,30710,Plecotus austriacus,0.014,0.037,-1,Echolocation,/mnt/ubna_data_02_mir/recover-20221013/UBNA_001/20221012_030000.WAV,Telephone Field,recover-20221013,001,1795
600.1145,600.1536,68437,82650,Rhinolophus ferrumequinum,0.024,0.024,-1,Echolocation,/mnt/ubna_data_02_mir/recover-20221013/UBNA_001/20221012_030000.WAV,Telephone Field,recover-20221013,001,1795
600.1255,600.1636,68437,82501,Rhinolophus ferrumequinum,0.028,0.028,-1,Echolocation,/mnt/ubna_data_02_mir/recover-20221013/UBNA_001/20221012_030000.WAV,Telephone Field,recover-20221013,001,1795
600.1345,600.1732,68437,82795,Rhinolophus ferrumequinum,0.023,0.023,-1,Echolocation,/mnt/ubna_data_02_mir/recover-20221013/UBNA_001/20221012_030000.WAV,Telephone Field,recover-20221013,001,1795
600.1655,600.1772,22031,26378,Nyctalus leisleri,0.014,0.028,-1,Echolocation,/mnt/ubna_data_02_mir/recover-20221013/UBNA_001/20221012_030000.WAV,Telephone Field,recover-20221013,001,1795
600.1885,600.2259,68437,81279,Rhinolophus ferrumequinum,0.028,0.028,-1,Echolocation,/mnt/ubna_data_02_mir/recover-20221013/UBNA_001/20221012_030000.WAV,Telephone Field,recover-20221013,001,1795
600.1975,600.2344,68437,81819,Rhinolophus ferrumequinum,0.025,0.025,-1,Echolocation,/mnt/ubna_data_02_mir/recover-20221013/UBNA_001/20221012_030000.WAV,Telephone Field,recover-20221013,001,1795
600.2175,600.2365,20312,23336,Nyctalus leisleri,0.019,0.035,-1,Echolocation,/mnt/ubna_data_02_mir/recover-20221013/UBNA_001/20221012_030000.WAV,Telephone Field,recover-20221013,001,1795
600.2365,600.2739,68437,81843,Rhinolophus ferrumequinum,0.022,0.022,-1,Echolocation,/mnt/ubna_data_02_mir/recover-20221013/UBNA_001/20221012_030000.WAV,Telephone Field,recover-20221013,001,1795
600.2445,600.2811,68437,81855,Rhinolophus ferrumequinum,0.022,0.023,-1,Echolocation,/mnt/ubna_data_02_mir/recover-20221013/UBNA_001/20221012_030000.WAV,Telephone Field,recover-20221013,001,1795
600.2565,600.2951,68437,81978,Rhinolophus ferrumequinum,0.022,0.022,-1,Echolocation,/mnt/ubna_data_02_mir/recover-20221013/UBNA_001/20221012_030000.WAV,Telephone Field,recover-20221013,001,1795
600.2675,600.2788,23750,29363,Nyctalus leisleri,0.011,0.024,-1,Echolocation,/mnt/ubna_data_02_mir/recover-20221013/UBNA_001/20221012_030000.WAV,Telephone Field,recover-20221013,001,1795
600.2695,600.3068,68437,82434,Rhinolophus ferrumequinum,0.024,0.024,-1,Echolocation,/mnt/ubna_data_02_mir/recover-20221013/UBNA_001/20221012_030000.WAV,Telephone Field,recover-20221013,001,1795
600.2895,600.3303,68437,82520,Rhinolophus ferrumequinum,0.033,0.033,-1,Echolocation,/mnt/ubna_data_02_mir/recover-20221013/UBNA_001/20221012_030000.WAV,Telephone Field,recover-20221013,001,1795
600.2985,600.3348,68437,81486,Rhinolophus ferrumequinum,0.022,0.022,-1,Echolocation,/mnt/ubna_data_02_mir/recover-20221013/UBNA_001/20221012_030000.WAV,Telephone Field,recover-20221013,001,1795
600.3105,600.3478,68437,81970,Rhinolophus ferrumequinum,0.022,0.022,-1,Echolocation,/mnt/ubna_data_02_mir/recover-20221013/UBNA_001/20221012_030000.WAV,Telephone Field,recover-20221013,001,1795
600.3325,600.339,28906,39759,Eptesicus serotinus,0.006,0.023,-1,Echolocation,/mnt/ubna_data_02_mir/recover-20221013/UBNA_001/20221012_030000.WAV,Telephone Field,recover-20221013,001,1795
600.3675,600.409,68437,82955,Rhinolophus ferrumequinum,0.025,0.025,-1,Echolocation,/mnt/ubna_data_02_mir/recover-20221013/UBNA_001/20221012_030000.WAV,Telephone Field,recover-20221013,001,1795
600.3775,600.4148,68437,82032,Rhinolophus ferrumequinum,0.025,0.025,-1,Echolocation,/mnt/ubna_data_02_mir/recover-20221013/UBNA_001/20221012_030000.WAV,Telephone Field,recover-20221013,001,1795
600.3925,600.4027,22890,28378,Nyctalus leisleri,0.012,0.028,-1,Echolocation,/mnt/ubna_data_02_mir/recover-20221013/UBNA_001/20221012_030000.WAV,Telephone Field,recover-20221013,001,1795
600.3935,600.4348,68437,83142,Rhinolophus ferrumequinum,0.025,0.025,-1,Echolocation,/mnt/ubna_data_02_mir/recover-20221013/UBNA_001/20221012_030000.WAV,Telephone Field,recover-20221013,001,1795
600.4185,600.439,16875,21532,Nyctalus noctula,0.03,0.038,-1,Echolocation,/mnt/ubna_data_02_mir/recover-20221013/UBNA_001/20221012_030000.WAV,Telephone Field,recover-20221013,001,1795
600.4235,600.4601,68437,81763,Rhinolophus ferrumequinum,0.023,0.023,-1,Echolocation,/mnt/ubna_data_02_mir/recover-20221013/UBNA_001/20221012_030000.WAV,Telephone Field,recover-20221013,001,1795
600.4495,600.4879,68437,82522,Rhinolophus ferrumequinum,0.024,0.024,-1,Echolocation,/mnt/ubna_data_02_mir/recover-20221013/UBNA_001/20221012_030000.WAV,Telephone Field,recover-20221013,001,1795
600.4565,600.4737,21171,24200,Nyctalus leisleri,0.018,0.028,-1,Echolocation,/mnt/ubna_data_02_mir/recover-20221013/UBNA_001/20221012_030000.WAV,Telephone Field,recover-20221013,001,1795
600.4755,600.4842,26328,35912,Eptesicus serotinus,0.009,0.022,-1,Echolocation,/mnt/ubna_data_02_mir/recover-20221013/UBNA_001/20221012_030000.WAV,Telephone Field,recover-20221013,001,1795
600.4865,600.5241,68437,82040,Rhinolophus ferrumequinum,0.027,0.028,-1,Echolocation,/mnt/ubna_data_02_mir/recover-20221013/UBNA_001/20221012_030000.WAV,Telephone Field,recover-20221013,001,1795
600.4955,600.5322,68437,82288,Rhinolophus ferrumequinum,0.029,0.029,-1,Echolocation,/mnt/ubna_data_02_mir/recover-20221013/UBNA_001/20221012_030000.WAV,Telephone Field,recover-20221013,001,1795
600.5105,600.5162,28046,45092,Myotis daubentonii,0.005,0.024,-1,Echolocation,/mnt/ubna_data_02_mir/recover-20221013/UBNA_001/20221012_030000.WAV,Telephone Field,recover-20221013,001,1795
600.5275,600.5647,68437,81400,Rhinolophus ferrumequinum,0.024,0.024,-1,Echolocation,/mnt/ubna_data_02_mir/recover-20221013/UBNA_001/20221012_030000.WAV,Telephone Field,recover-20221013,001,1795
600.5595,600.6043,68437,83840,Rhinolophus ferrumequinum,0.036,0.036,-1,Echolocation,/mnt/ubna_data_02_mir/recover-20221013/UBNA_001/20221012_030000.WAV,Telephone Field,recover-20221013,001,1795
600.6005,600.6378,68437,81831,Rhinolophus ferrumequinum,0.027,0.027,-1,Echolocation,/mnt/ubna_data_02_mir/recover-20221013/UBNA_001/20221012_030000.WAV,Telephone Field,recover-20221013,001,1795
600.6265,600.6645,68437,82139,Rhinolophus ferrumequinum,0.024,0.024,-1,Echolocation,/mnt/ubna_data_02_mir/recover-20221013/UBNA_001/20221012_030000.WAV,Telephone Field,recover-20221013,001,1795
600.6905,600.7326,68437,82711,Rhinolophus ferrumequinum,0.033,0.033,-1,Echolocation,/mnt/ubna_data_02_mir/recover-20221013/UBNA_001/20221012_030000.WAV,Telephone Field,recover-20221013,001,1795
600.7035,600.7446,68437,82799,Rhinolophus ferrumequinum,0.031,0.031,-1,Echolocation,/mnt/ubna_data_02_mir/recover-20221013/UBNA_001/20221012_030000.WAV,Telephone Field,recover-20221013,001,1795
600.7125,600.7502,68437,81784,Rhinolophus ferrumequinum,0.022,0.022,-1,Echolocation,/mnt/ubna_data_02_mir/recover-20221013/UBNA_001/20221012_030000.WAV,Telephone Field,recover-20221013,001,1795
600.7855,600.8254,68437,82554,Rhinolophus ferrumequinum,0.024,0.024,-1,Echolocation,/mnt/ubna_data_02_mir/recover-20221013/UBNA_001/20221012_030000.WAV,Telephone Field,recover-20221013,001,1795
600.7985,600.8066,23750,32148,Plecotus austriacus,0.01,0.026,-1,Echolocation,/mnt/ubna_data_02_mir/recover-20221013/UBNA_001/20221012_030000.WAV,Telephone Field,recover-20221013,001,1795
600.8295,600.8695,68437,82138,Rhinolophus ferrumequinum,0.024,0.024,-1,Echolocation,/mnt/ubna_data_02_mir/recover-20221013/UBNA_001/20221012_030000.WAV,Telephone Field,recover-20221013,001,1795
600.8445,600.8858,68437,83081,Rhinolophus ferrumequinum,0.034,0.034,-1,Echolocation,/mnt/ubna_data_02_mir/recover-20221013/UBNA_001/20221012_030000.WAV,Telephone Field,recover-20221013,001,1795
600.8765,600.917,68437,82699,Rhinolophus ferrumequinum,0.027,0.027,-1,Echolocation,/mnt/ubna_data_02_mir/recover-20221013/UBNA_001/20221012_030000.WAV,Telephone Field,recover-20221013,001,1795
600.8805,600.8892,28906,39942,Eptesicus serotinus,0.008,0.024,-1,Echolocation,/mnt/ubna_data_02_mir/recover-20221013/UBNA_001/20221012_030000.WAV,Telephone Field,recover-20221013,001,1795
600.9065,600.9415,68437,81237,Rhinolophus ferrumequinum,0.024,0.024,-1,Echolocation,/mnt/ubna_data_02_mir/recover-20221013/UBNA_001/20221012_030000.WAV,Telephone Field,recover-20221013,001,1795
600.9425,600.9535,44375,48219,Pipistrellus pipistrellus,0.025,0.031,-1,Echolocation,/mnt/ubna_data_02_mir/recover-20221013/UBNA_001/20221012_030000.WAV,Telephone Field,recover-20221013,001,1795
600.9445,600.9882,68437,83255,Rhinolophus ferrumequinum,0.031,0.031,-1,Echolocation,/mnt/ubna_data_02_mir/recover-20221013/UBNA_001/20221012_030000.WAV,Telephone Field,recover-20221013,001,1795
600.9495,600.9916,68437,83094,Rhinolophus ferrumequinum,0.031,0.031,-1,Echolocation,/mnt/ubna_data_02_mir/recover-20221013/UBNA_001/20221012_030000.WAV,Telephone Field,recover-20221013,001,1795
600.9725,601.0121,68437,81957,Rhinolophus ferrumequinum,0.025,0.025,-1,Echolocation,/mnt/ubna_data_02_mir/recover-20221013/UBNA_001/20221012_030000.WAV,Telephone Field,recover-20221013,001,1795
600.9775,600.9876,24609,31468,Nyctalus leisleri,0.008,0.023,-1,Echolocation,/mnt/ubna_data_02_mir/recover-20221013/UBNA_001/20221012_030000.WAV,Telephone Field,recover-20221013,001,1795
600.9985,601.0371,68437,82191,Rhinolophus ferrumequinum,0.022,0.022,-1,Echolocation,/mnt/ubna_data_02_mir/recover-20221013/UBNA_001/20221012_030000.WAV,Telephone Field,recover-20221013,001,1795
601.0375,601.0535,23750,28657,Nyctalus leisleri,0.014,0.028,-1,Echolocation,/mnt/ubna_data_02_mir/recover-20221013/UBNA_001/20221012_030000.WAV,Telephone Field,recover-20221013,001,1795
601.0455,601.0845,68437,82210,Rhinolophus ferrumequinum,0.025,0.025,-1,Echolocation,/mnt/ubna_data_02_mir/recover-20221013/UBNA_001/20221012_030000.WAV,Telephone Field,recover-20221013,001,1795
601.0555,601.0624,24609,34484,Plecotus austriacus,0.008,0.022,-1,Echolocation,/mnt/ubna_data_02_mir/recover-20221013/UBNA_001/20221012_030000.WAV,Telephone Field,recover-20221013,001,1795
601.0755,601.0829,28046,40429,Eptesicus serotinus,0.008,0.027,-1,Echolocation,/mnt/ubna_data_02_mir/recover-20221013/UBNA_001/20221012_030000.WAV,Telephone Field,recover-20221013,001,1795
601.1485,601.1867,68437,82252,Rhinolophus ferrumequinum,0.024,0.024,-1,Echolocation,/mnt/ubna_data_02_mir/recover-20221013/UBNA_001/20221012_030000.WAV,Telephone Field,recover-20221013,001,1795
601.2175,601.2545,68437,81801,Rhinolophus ferrumequinum,0.027,0.027,-1,Echolocation,/mnt/ubna_data_02_mir/recover-20221013/UBNA_001/20221012_030000.WAV,Telephone Field,recover-20221013,001,1795
601.2515,601.2893,68437,82180,Rhinolophus ferrumequinum,0.026,0.026,-1,Echolocation,/mnt/ubna_data_02_mir/recover-20221013/UBNA_001/20221012_030000.WAV,Telephone Field,recover-20221013,001,1795
601.2605,601.3,68437,82203,Rhinolophus ferrumequinum,0.024,0.024,-1,Echolocation,/mnt/ubna_data_02_mir/recover-20221013/UBNA_001/20221012_030000.WAV,Telephone Field,recover-20221013,001,1795
601.2715,601.3098,68437,82232,Rhinolophus ferrumequinum,0.041,0.042,-1,Echolocation,/mnt/ubna_data_02_mir/recover-20221013/UBNA_001/20221012_030000.WAV,Telephone Field,recover-20221013,001,1795
601.2935,601.3034,15156,21626,Nyctalus noctula,0.011,0.024,-1,Echolocation,/mnt/ubna_data_02_mir/recover-20221013/UBNA_001/20221012_030000.WAV,Telephone Field,recover-20221013,001,1795
601.3365,601.3763,68437,82030,Rhinolophus ferrumequinum,0.022,0.022,-1,Echolocation,/mnt/ubna_data_02_mir/recover-20221013/UBNA_001/20221012_030000.WAV,Telephone Field,recover-20221013,001,1795
601.3475,601.3932,68437,82873,Rhinolophus ferrumequinum,0.029,0.029,-1,Echolocation,/mnt/ubna_data_02_mir/recover-20221013/UBNA_001/20221012_030000.WAV,Telephone Field,recover-20221013,001,1795
601.3825,601.4264,68437,83124,Rhinolophus ferrumequinum,0.026,0.026,-1,Echolocation,/mnt/ubna_data_02_mir/recover-20221013/UBNA_001/20221012_030000.WAV,Telephone Field,recover-20221013,001,1795
601.3955,601.4298,68437,81171,Rhinolophus ferrumequinum,0.024,0.024,-1,Echolocation,/mnt/ubna_data_02_mir/recover-20221013/UBNA_001/20221012_030000.WAV,Telephone Field,recover-20221013,001,1795
601.4055,601.444,68437,82087,Rhinolophus ferrumequinum,0.024,0.024,-1,Echolocation,/mnt/ubna_data_02_mir/recover-20221013/UBNA_001/20221012_030000.WAV,Telephone Field,recover-20221013,001,1795
601.4185,601.4547,68437,81864,Rhinolophus ferrumequinum,0.022,0.022,-1,Echolocation,/mnt/ubna_data_02_mir/recover-20221013/UBNA_001/20221012_030000.WAV,Telephone Field,recover-20221013,001,1795
601.4355,601.4749,68437,82651,Rhinolophus ferrumequinum,0.046,0.046,-1,Echolocation,/mnt/ubna_data_02_mir/recover-20221013/UBNA_001/20221012_030000.WAV,Telephone Field,recover-20221013,001,1795
601.4885,601.4971,26328,34635,Eptesicus serotinus,0.009,0.023,-1,Echolocation,/mnt/ubna_data_02_mir/recover-20221013/UBNA_001/20221012_030000.WAV,Telephone Field,recover-20221013,001,1795
601.4895,601.5299,68437,82769,Rhinolophus ferrumequinum,0.024,0.024,-1,Echolocation,/mnt/ubna_data_02_mir/recover-20221013/UBNA_001/20221012_030000.WAV,Telephone Field,recover-20221013,001,1795
601.4965,601.5377,68437,82916,Rhinolophus ferrumequinum,0.025,0.025,-1,Echolocation,/mnt/ubna_data_02_mir/recover-20221013/UBNA_001/20221012_030000.WAV,Telephone Field,recover-20221013,001,1795
601.4965,601.5062,26328,34666,Eptesicus serotinus,0.012,0.026,-1,Echolocation,/mnt/ubna_data_02_mir/recover-20221013/UBNA_001/20221012_030000.WAV,Telephone Field,recover-20221013,001,1795
601.5035,601.5443,68437,83299,Rhinolophus ferrumequinum,0.026,0.026,-1,Echolocation,/mnt/ubna_data_02_mir/recover-20221013/UBNA_001/20221012_030000.WAV,Telephone Field,recover-20221013,001,1795
601.5135,601.5224,28046,37718,Eptesicus serotinus,0.008,0.023,-1,Echolocation,/mnt/ubna_data_02_mir/recover-20221013/UBNA_001/20221012_030000.WAV,Telephone Field,recover-20221013,001,1795
601.5315,601.5726,68437,82993,Rhinolophus ferrumequinum,0.037,0.037,-1,Echolocation,/mnt/ubna_data_02_mir/recover-20221013/UBNA_001/20221012_030000.WAV,Telephone Field,recover-20221013,001,1795
601.5335,601.5406,27187,38956,Eptesicus serotinus,0.007,0.023,-1,Echolocation,/mnt/ubna_data_02_mir/recover-20221013/UBNA_001/20221012_030000.WAV,Telephone Field,recover-20221013,001,1795
601.5495,601.5838,68437,80857,Rhinolophus ferrumequinum,0.031,0.031,-1,Echolocation,/mnt/ubna_data_02_mir/recover-20221013/UBNA_001/20221012_030000.WAV,Telephone Field,recover-20221013,001,1795
601.6265,601.6634,68437,82064,Rhinolophus ferrumequinum,0.023,0.023,-1,Echolocation,/mnt/ubna_data_02_mir/recover-20221013/UBNA_001/20221012_030000.WAV,Telephone Field,recover-20221013,001,1795
601.6295,601.64,25468,33456,Eptesicus serotinus,0.011,0.023,-1,Echolocation,/mnt/ubna_data_02_mir/recover-20221013/UBNA_001/20221012_030000.WAV,Telephone Field,recover-20221013,001,1795
601.6565,601.6966,68437,82628,Rhinolophus ferrumequinum,0.024,0.024,-1,Echolocation,/mnt/ubna_data_02_mir/recover-20221013/UBNA_001/20221012_030000.WAV,Telephone Field,recover-20221013,001,1795
601.7185,601.7571,68437,81613,Rhinolophus ferrumequinum,0.023,0.023,-1,Echolocation,/mnt/ubna_data_02_mir/recover-20221013/UBNA_001/20221012_030000.WAV,Telephone Field,recover-20221013,001,1795
601.7645,601.7757,22890,28488,Nyctalus leisleri,0.012,0.025,-1,Echolocation,/mnt/ubna_data_02_mir/recover-20221013/UBNA_001/20221012_030000.WAV,Telephone Field,recover-20221013,001,1795
601.7675,601.8045,68437,81754,Rhinolophus ferrumequinum,0.037,0.037,-1,Echolocation,/mnt/ubna_data_02_mir/recover-20221013/UBNA_001/20221012_030000.WAV,Telephone Field,recover-20221013,001,1795
601.7915,601.7991,27187,37108,Eptesicus serotinus,0.008,0.026,-1,Echolocation,/mnt/ubna_data_02_mir/recover-20221013/UBNA_001/20221012_030000.WAV,Telephone Field,recover-20221013,001,1795
601.8175,601.8549,68437,81935,Rhinolophus ferrumequinum,0.023,0.023,-1,Echolocation,/mnt/ubna_data_02_mir/recover-20221013/UBNA_001/20221012_030000.WAV,Telephone Field,recover-20221013,001,1795
601.8415,601.8825,68437,82911,Rhinolophus ferrumequinum,0.023,0.023,-1,Echolocation,/mnt/ubna_data_02_mir/recover-20221013/UBNA_001/20221012_030000.WAV,Telephone Field,recover-20221013,001,1795
601.8735,601.9103,68437,80968,Rhinolophus ferrumequinum,0.024,0.024,-1,Echolocation,/mnt/ubna_data_02_mir/recover-20221013/UBNA_001/20221012_030000.WAV,Telephone Field,recover-20221013,001,1795
601.8785,601.8872,26328,37219,Eptesicus serotinus,0.009,0.025,-1,Echolocation,/mnt/ubna_data_02_mir/recover-20221013/UBNA_001/20221012_030000.WAV,Telephone Field,recover-20221013,001,1795
601.9085,601.9452,68437,82131,Rhinolophus ferrumequinum,0.03,0.031,-1,Echolocation,/mnt/ubna_data_02_mir/recover-20221013/UBNA_001/20221012_030000.WAV,Telephone Field,recover-20221013,001,1795
601.9205,601.9269,27187,40635,Myotis nattereri,0.005,0.026,-1,Echolocation,/mnt/ubna_data_02_mir/recover-20221013/UBNA_001/20221012_030000.WAV,Telephone Field,recover-20221013,001,1795
601.9525,601.9896,68437,81844,Rhinolophus ferrumequinum,0.024,0.024,-1,Echolocation,/mnt/ubna_data_02_mir/recover-20221013/UBNA_001/20221012_030000.WAV,Telephone Field,recover-20221013,001,1795
601.9605,601.9702,23750,30637,Nyctalus leisleri,0.008,0.022,-1,Echolocation,/mnt/ubna_data_02_mir/recover-20221013/UBNA_001/20221012_030000.WAV,Telephone Field,recover-20221013,001,1795
601.9835,601.9926,23750,31573,Plecotus austriacus,0.008,0.026,-1,Echolocation,/mnt/ubna_data_02_mir/recover-20221013/UBNA_001/20221012_030000.WAV,Telephone Field,recover-20221013,001,1795
602.0015,602.0102,33203,41799,Myotis daubentonii,0.007,0.022,-1,Echolocation,/mnt/ubna_data_02_mir/recover-20221013/UBNA_001/20221012_030000.WAV,Telephone Field,recover-20221013,001,1795
602.0015,602.01,39218,44506,Barbastellus barbastellus,0.009,0.028,-1,Echolocation,/mnt/ubna_data_02_mir/recover-20221013/UBNA_001/20221012_030000.WAV,Telephone Field,recover-20221013,001,1795
602.0015,602.0089,23750,35583,Plecotus austriacus,0.006,0.022,-1,Echolocation,/mnt/ubna_data_02_mir/recover-20221013/UBNA_001/20221012_030000.WAV,Telephone Field,recover-20221013,001,1795
602.0015,602.0365,69296,81745,Rhinolophus ferrumequinum,0.034,0.034,-1,Echolocation,/mnt/ubna_data_02_mir/recover-20221013/UBNA_001/20221012_030000.WAV,Telephone Field,recover-20221013,001,1795
602.0105,602.0536,68437,83027,Rhinolophus ferrumequinum,0.027,0.027,-1,Echolocation,/mnt/ubna_data_02_mir/recover-20221013/UBNA_001/20221012_030000.WAV,Telephone Field,recover-20221013,001,1795
602.0315,602.0417,23750,30552,Nyctalus leisleri,0.009,0.027,-1,Echolocation,/mnt/ubna_data_02_mir/recover-20221013/UBNA_001/20221012_030000.WAV,Telephone Field,recover-20221013,001,1795
602.0475,602.0632,37500,41608,Pipistrellus nathusii,0.014,0.023,-1,Echolocation,/mnt/ubna_data_02_mir/recover-20221013/UBNA_001/20221012_030000.WAV,Telephone Field,recover-20221013,001,1795
602.0945,602.1028,24609,33151,Eptesicus serotinus,0.006,0.022,-1,Echolocation,/mnt/ubna_data_02_mir/recover-20221013/UBNA_001/20221012_030000.WAV,Telephone Field,recover-20221013,001,1795
602.1015,602.112,22890,27893,Nyctalus leisleri,0.01,0.021,-1,Echolocation,/mnt/ubna_data_02_mir/recover-20221013/UBNA_001/20221012_030000.WAV,Telephone Field,recover-20221013,001,1795
602.1065,602.1161,22890,28496,Nyctalus leisleri,0.008,0.021,-1,Echolocation,/mnt/ubna_data_02_mir/recover-20221013/UBNA_001/20221012_030000.WAV,Telephone Field,recover-20221013,001,1795
602.1075,602.1463,68437,82645,Rhinolophus ferrumequinum,0.021,0.021,-1,Echolocation,/mnt/ubna_data_02_mir/recover-20221013/UBNA_001/20221012_030000.WAV,Telephone Field,recover-20221013,001,1795
602.1145,602.1519,68437,82048,Rhinolophus ferrumequinum,0.021,0.021,-1,Echolocation,/mnt/ubna_data_02_mir/recover-20221013/UBNA_001/20221012_030000.WAV,Telephone Field,recover-20221013,001,1795
602.1495,602.1907,68437,82471,Rhinolophus ferrumequinum,0.026,0.026,-1,Echolocation,/mnt/ubna_data_02_mir/recover-20221013/UBNA_001/20221012_030000.WAV,Telephone Field,recover-20221013,001,1795
602.2085,602.2474,68437,82628,Rhinolophus ferrumequinum,0.026,0.026,-1,Echolocation,/mnt/ubna_data_02_mir/recover-20221013/UBNA_001/20221012_030000.WAV,Telephone Field,recover-20221013,001,1795
602.2175,602.2241,29765,43923,Eptesicus serotinus,0.014,0.041,-1,Echolocation,/mnt/ubna_data_02_mir/recover-20221013/UBNA_001/20221012_030000.WAV,Telephone Field,recover-20221013,001,1795
602.2255,602.2626,68437,81706,Rhinolophus ferrumequinum,0.023,0.023,-1,Echolocation,/mnt/ubna_data_02_mir/recover-20221013/UBNA_001/20221012_030000.WAV,Telephone Field,recover-20221013,001,1795
602.2705,602.3112,68437,82767,Rhinolophus ferrumequinum,0.036,0.036,-1,Echolocation,/mnt/ubna_data_02_mir/recover-20221013/UBNA_001/20221012_030000.WAV,Telephone Field,recover-20221013,001,1795
602.3285,602.3679,68437,82486,Rhinolophus ferrumequinum,0.024,0.024,-1,Echolocation,/mnt/ubna_data_02_mir/recover-20221013/UBNA_001/20221012_030000.WAV,Telephone Field,recover-20221013,001,1795
602.3575,602.3945,68437,81742,Rhinolophus ferrumequinum,0.022,0.022,-1,Echolocation,/mnt/ubna_data_02_mir/recover-20221013/UBNA_001/20221012_030000.WAV,Telephone Field,recover-20221013,001,1795
602.3605,602.3691,28046,37059,Eptesicus serotinus,0.013,0.03,-1,Echolocation,/mnt/ubna_data_02_mir/recover-20221013/UBNA_001/20221012_030000.WAV,Telephone Field,recover-20221013,001,1795
602.3875,602.3957,25468,34906,Eptesicus serotinus,0.007,0.021,-1,Echolocation,/mnt/ubna_data_02_mir/recover-20221013/UBNA_001/20221012_030000.WAV,Telephone Field,recover-20221013,001,1795
602.4005,602.4105,51250,59182,Pipistrellus pipistrellus,0.023,0.028,-1,Echolocation,/mnt/ubna_data_02_mir/recover-20221013/UBNA_001/20221012_030000.WAV,Telephone Field,recover-20221013,001,1795
602.4015,602.4422,68437,82110,Rhinolophus ferrumequinum,0.023,0.023,-1,Echolocation,/mnt/ubna_data_02_mir/recover-20221013/UBNA_001/20221012_030000.WAV,Telephone Field,recover-20221013,001,1795
602.4255,602.4346,23750,30086,Nyctalus leisleri,0.007,0.02,-1,Echolocation,/mnt/ubna_data_02_mir/recover-20221013/UBNA_001/20221012_030000.WAV,Telephone Field,recover-20221013,001,1795
602.4495,602.4896,68437,82392,Rhinolophus ferrumequinum,0.022,0.022,-1,Echolocation,/mnt/ubna_data_02_mir/recover-20221013/UBNA_001/20221012_030000.WAV,Telephone Field,recover-20221013,001,1795
602.4545,602.4655,22890,28016,Nyctalus leisleri,0.009,0.021,-1,Echolocation,/mnt/ubna_data_02_mir/recover-20221013/UBNA_001/20221012_030000.WAV,Telephone Field,recover-20221013,001,1795
602.4825,602.4903,28906,39358,Eptesicus serotinus,0.008,0.024,-1,Echolocation,/mnt/ubna_data_02_mir/recover-20221013/UBNA_001/20221012_030000.WAV,Telephone Field,recover-20221013,001,1795
602.4835,602.5212,68437,82227,Rhinolophus ferrumequinum,0.021,0.021,-1,Echolocation,/mnt/ubna_data_02_mir/recover-20221013/UBNA_001/20221012_030000.WAV,Telephone Field,recover-20221013,001,1795
602.5555,602.5976,68437,83166,Rhinolophus ferrumequinum,0.028,0.028,-1,Echolocation,/mnt/ubna_data_02_mir/recover-20221013/UBNA_001/20221012_030000.WAV,Telephone Field,recover-20221013,001,1795
602.5835,602.6232,68437,82765,Rhinolophus ferrumequinum,0.023,0.023,-1,Echolocation,/mnt/ubna_data_02_mir/recover-20221013/UBNA_001/20221012_030000.WAV,Telephone Field,recover-20221013,001,1795
602.6215,602.6575,68437,81371,Rhinolophus ferrumequinum,0.021,0.021,-1,Echolocation,/mnt/ubna_data_02_mir/recover-20221013/UBNA_001/20221012_030000.WAV,Telephone Field,recover-20221013,001,1795
602.7005,602.744,68437,82838,Rhinolophus ferrumequinum,0.031,0.031,-1,Echolocation,/mnt/ubna_data_02_mir/recover-20221013/UBNA_001/20221012_030000.WAV,Telephone Field,recover-20221013,001,1795
602.7245,602.7323,28046,39846,Eptesicus serotinus,0.008,0.025,-1,Echolocation,/mnt/ubna_data_02_mir/recover-20221013/UBNA_001/20221012_030000.WAV,Telephone Field,recover-20221013,001,1795
602.7515,602.7894,68437,82355,Rhinolophus ferrumequinum,0.021,0.021,-1,Echolocation,/mnt/ubna_data_02_mir/recover-20221013/UBNA_001/20221012_030000.WAV,Telephone Field,recover-20221013,001,1795
602.8005,602.8396,68437,82116,Rhinolophus ferrumequinum,0.022,0.022,-1,Echolocation,/mnt/ubna_data_02_mir/recover-20221013/UBNA_001/20221012_030000.WAV,Telephone Field,recover-20221013,001,1795
602.8115,602.8501,68437,81615,Rhinolophus ferrumequinum,0.021,0.021,-1,Echolocation,/mnt/ubna_data_02_mir/recover-20221013/UBNA_001/20221012_030000.WAV,Telephone Field,recover-20221013,001,1795
602.8235,602.8584,68437,81580,Rhinolophus ferrumequinum,0.02,0.021,-1,Echolocation,/mnt/ubna_data_02_mir/recover-20221013/UBNA_001/20221012_030000.WAV,Telephone Field,recover-20221013,001,1795
602.8295,602.8412,23750,29777,Nyctalus leisleri,0.012,0.028,-1,Echolocation,/mnt/ubna_data_02_mir/recover-20221013/UBNA_001/20221012_030000.WAV,Telephone Field,recover-20221013,001,1795
602.8405,602.8755,68437,81216,Rhinolophus ferrumequinum,0.021,0.021,-1,Echolocation,/mnt/ubna_data_02_mir/recover-20221013/UBNA_001/20221012_030000.WAV,Telephone Field,recover-20221013,001,1795
602.8765,602.9178,68437,82576,Rhinolophus ferrumequinum,0.026,0.026,-1,Echolocation,/mnt/ubna_data_02_mir/recover-20221013/UBNA_001/20221012_030000.WAV,Telephone Field,recover-20221013,001,1795
602.8935,602.9052,22031,25886,Nyctalus leisleri,0.013,0.022,-1,Echolocation,/mnt/ubna_data_02_mir/recover-20221013/UBNA_001/20221012_030000.WAV,Telephone Field,recover-20221013,001,1795
602.9225,602.941,20312,23836,Nyctalus leisleri,0.017,0.032,-1,Echolocation,/mnt/ubna_data_02_mir/recover-20221013/UBNA_001/20221012_030000.WAV,Telephone Field,recover-20221013,001,1795
602.9525,602.9906,68437,82320,Rhinolophus ferrumequinum,0.022,0.022,-1,Echolocation,/mnt/ubna_data_02_mir/recover-20221013/UBNA_001/20221012_030000.WAV,Telephone Field,recover-20221013,001,1795
602.9615,602.9982,68437,81582,Rhinolophus ferrumequinum,0.021,0.021,-1,Echolocation,/mnt/ubna_data_02_mir/recover-20221013/UBNA_001/20221012_030000.WAV,Telephone Field,recover-20221013,001,1795
602.9975,603.0051,25468,34428,Eptesicus serotinus,0.005,0.021,-1,Echolocation,/mnt/ubna_data_02_mir/recover-20221013/UBNA_001/20221012_030000.WAV,Telephone Field,recover-20221013,001,1795
603.0615,603.0716,28046,36135,Eptesicus serotinus,0.014,0.025,-1,Echolocation,/mnt/ubna_data_02_mir/recover-20221013/UBNA_001/20221012_030000.WAV,Telephone Field,recover-20221013,001,1795
603.0745,603.1083,68437,81111,Rhinolophus ferrumequinum,0.02,0.021,-1,Echolocation,/mnt/ubna_data_02_mir/recover-20221013/UBNA_001/20221012_030000.WAV,Telephone Field,recover-20221013,001,1795
603.0765,603.0882,23750,29471,Nyctalus leisleri,0.01,0.024,-1,Echolocation,/mnt/ubna_data_02_mir/recover-20221013/UBNA_001/20221012_030000.WAV,Telephone Field,recover-20221013,001,1795
603.0935,603.1284,68437,81613,Rhinolophus ferrumequinum,0.029,0.029,-1,Echolocation,/mnt/ubna_data_02_mir/recover-20221013/UBNA_001/20221012_030000.WAV,Telephone Field,recover-20221013,001,1795
603.0995,603.1077,26328,35185,Eptesicus serotinus,0.009,0.025,-1,Echolocation,/mnt/ubna_data_02_mir/recover-20221013/UBNA_001/20221012_030000.WAV,Telephone Field,recover-20221013,001,1795
603.1005,603.1115,37500,42064,Pipistrellus nathusii,0.019,0.031,-1,Echolocation,/mnt/ubna_data_02_mir/recover-20221013/UBNA_001/20221012_030000.WAV,Telephone Field,recover-20221013,001,1795
603.1375,603.1798,68437,83251,Rhinolophus ferrumequinum,0.026,0.026,-1,Echolocation,/mnt/ubna_data_02_mir/recover-20221013/UBNA_001/20221012_030000.WAV,Telephone Field,recover-20221013,001,1795
603.1885,603.2305,68437,82792,Rhinolophus ferrumequinum,0.025,0.025,-1,Echolocation,/mnt/ubna_data_02_mir/recover-20221013/UBNA_001/20221012_030000.WAV,Telephone Field,recover-20221013,001,1795
603.2385,603.2498,23750,29265,Nyctalus leisleri,0.01,0.022,-1,Echolocation,/mnt/ubna_data_02_mir/recover-20221013/UBNA_001/20221012_030000.WAV,Telephone Field,recover-20221013,001,1795
603.2465,603.2836,68437,82403,Rhinolophus ferrumequinum,0.024,0.024,-1,Echolocation,/mnt/ubna_data_02_mir/recover-20221013/UBNA_001/20221012_030000.WAV,Telephone Field,recover-20221013,001,1795
603.2495,603.2568,27187,41825,Eptesicus serotinus,0.009,0.025,-1,Echolocation,/mnt/ubna_data_02_mir/recover-20221013/UBNA_001/20221012_030000.WAV,Telephone Field,recover-20221013,001,1795
603.2595,603.2976,68437,82661,Rhinolophus ferrumequinum,0.023,0.023,-1,Echolocation,/mnt/ubna_data_02_mir/recover-20221013/UBNA_001/20221012_030000.WAV,Telephone Field,recover-20221013,001,1795
603.3525,603.3897,68437,81528,Rhinolophus ferrumequinum,0.021,0.021,-1,Echolocation,/mnt/ubna_data_02_mir/recover-20221013/UBNA_001/20221012_030000.WAV,Telephone Field,recover-20221013,001,1795
603.3735,603.4156,68437,82456,Rhinolophus ferrumequinum,0.028,0.028,-1,Echolocation,/mnt/ubna_data_02_mir/recover-20221013/UBNA_001/20221012_030000.WAV,Telephone Field,recover-20221013,001,1795
603.4045,603.4443,68437,82305,Rhinolophus ferrumequinum,0.022,0.022,-1,Echolocation,/mnt/ubna_data_02_mir/recover-20221013/UBNA_001/20221012_030000.WAV,Telephone Field,recover-20221013,001,1795
603.4155,603.4558,68437,82530,Rhinolophus ferrumequinum,0.021,0.021,-1,Echolocation,/mnt/ubna_data_02_mir/recover-20221013/UBNA_001/20221012_030000.WAV,Telephone Field,recover-20221013,001,1795
603.4335,603.4712,68437,81355,Rhinolophus ferrumequinum,0.022,0.022,-1,Echolocation,/mnt/ubna_data_02_mir/recover-20221013/UBNA_001/20221012_030000.WAV,Telephone Field,recover-20221013,001,1795
603.4875,603.5249,68437,81579,Rhinolophus ferrumequinum,0.022,0.022,-1,Echolocation,/mnt/ubna_data_02_mir/recover-20221013/UBNA_001/20221012_030000.WAV,Telephone Field,recover-20221013,001,1795
603.4955,603.5053,23750,30819,Nyctalus leisleri,0.007,0.023,-1,Echolocation,/mnt/ubna_data_02_mir/recover-20221013/UBNA_001/20221012_030000.WAV,Telephone Field,recover-20221013,001,1795
603.5225,603.5304,26328,39243,Eptesicus serotinus,0.008,0.022,-1,Echolocation,/mnt/ubna_data_02_mir/recover-20221013/UBNA_001/20221012_030000.WAV,Telephone Field,recover-20221013,001,1795
603.5585,603.5967,68437,81728,Rhinolophus ferrumequinum,0.024,0.025,-1,Echolocation,/mnt/ubna_data_02_mir/recover-20221013/UBNA_001/20221012_030000.WAV,Telephone Field,recover-20221013,001,1795
603.5595,603.5667,28046,38064,Eptesicus serotinus,0.007,0.023,-1,Echolocation,/mnt/ubna_data_02_mir/recover-20221013/UBNA_001/20221012_030000.WAV,Telephone Field,recover-20221013,001,1795
603.5665,603.5754,26328,34104,Eptesicus serotinus,0.009,0.021,-1,Echolocation,/mnt/ubna_data_02_mir/recover-20221013/UBNA_001/20221012_030000.WAV,Telephone Field,recover-20221013,001,1795
603.5675,603.6034,68437,80974,Rhinolophus ferrumequinum,0.022,0.022,-1,Echolocation,/mnt/ubna_data_02_mir/recover-20221013/UBNA_001/20221012_030000.WAV,Telephone Field,recover-20221013,001,1795
603.5845,603.6223,68437,82164,Rhinolophus ferrumequinum,0.021,0.021,-1,Echolocation,/mnt/ubna_data_02_mir/recover-20221013/UBNA_001/20221012_030000.WAV,Telephone Field,recover-20221013,001,1795
603.6005,603.6092,28046,39159,Eptesicus serotinus,0.009,0.023,-1,Echolocation,/mnt/ubna_data_02_mir/recover-20221013/UBNA_001/20221012_030000.WAV,Telephone Field,recover-20221013,001,1795
603.6075,603.6152,29765,39763,Eptesicus serotinus,0.007,0.023,-1,Echolocation,/mnt/ubna_data_02_mir/recover-20221013/UBNA_001/20221012_030000.WAV,Telephone Field,recover-20221013,001,1795
603.6075,603.6438,68437,82063,Rhinolophus ferrumequinum,0.022,0.022,-1,Echolocation,/mnt/ubna_data_02_mir/recover-20221013/UBNA_001/20221012_030000.WAV,Telephone Field,recover-20221013,001,1795
603.6155,603.6554,68437,82084,Rhinolophus ferrumequinum,0.026,0.026,-1,Echolocation,/mnt/ubna_data_02_mir/recover-20221013/UBNA_001/20221012_030000.WAV,Telephone Field,recover-20221013,001,1795
603.6335,603.6733,68437,82583,Rhinolophus ferrumequinum,0.04,0.04,-1,Echolocation,/mnt/ubna_data_02_mir/recover-20221013/UBNA_001/20221012_030000.WAV,Telephone Field,recover-20221013,001,1795
603.6905,603.7278,68437,82504,Rhinolophus ferrumequinum,0.023,0.023,-1,Echolocation,/mnt/ubna_data_02_mir/recover-20221013/UBNA_001/20221012_030000.WAV,Telephone Field,recover-20221013,001,1795
603.7975,603.8059,28906,38004,Eptesicus serotinus,0.008,0.022,-1,Echolocation,/mnt/ubna_data_02_mir/recover-20221013/UBNA_001/20221012_030000.WAV,Telephone Field,recover-20221013,001,1795
603.8285,603.871,68437,83095,Rhinolophus ferrumequinum,0.025,0.025,-1,Echolocation,/mnt/ubna_data_02_mir/recover-20221013/UBNA_001/20221012_030000.WAV,Telephone Field,recover-20221013,001,1795
603.8335,603.8427,22890,30038,Plecotus austriacus,0.009,0.025,-1,Echolocation,/mnt/ubna_data_02_mir/recover-20221013/UBNA_001/20221012_030000.WAV,Telephone Field,recover-20221013,001,1795
603.8405,603.8818,68437,83140,Rhinolophus ferrumequinum,0.024,0.024,-1,Echolocation,/mnt/ubna_data_02_mir/recover-20221013/UBNA_001/20221012_030000.WAV,Telephone Field,recover-20221013,001,1795
603.8625,603.9046,68437,82834,Rhinolophus ferrumequinum,0.026,0.026,-1,Echolocation,/mnt/ubna_data_02_mir/recover-20221013/UBNA_001/20221012_030000.WAV,Telephone Field,recover-20221013,001,1795
603.9615,603.9966,68437,81330,Rhinolophus ferrumequinum,0.021,0.021,-1,Echolocation,/mnt/ubna_data_02_mir/recover-20221013/UBNA_001/20221012_030000.WAV,Telephone Field,recover-20221013,001,1795
603.9695,603.9823,29765,36029,Eptesicus serotinus,0.02,0.034,-1,Echolocation,/mnt/ubna_data_02_mir/recover-20221013/UBNA_001/20221012_030000.WAV,Telephone Field,recover-20221013,001,1795
604.0015,604.0104,24609,31469,Nyctalus leisleri,0.02,0.046,-1,Echolocation,/mnt/ubna_data_02_mir/recover-20221013/UBNA_001/20221012_030000.WAV,Telephone Field,recover-20221013,001,1795
604.0015,604.0291,69296,82035,Rhinolophus ferrumequinum,0.042,0.042,-1,Echolocation,/mnt/ubna_data_02_mir/recover-20221013/UBNA_001/20221012_030000.WAV,Telephone Field,recover-20221013,001,1795
604.0175,604.0557,68437,81786,Rhinolophus ferrumequinum,0.022,0.022,-1,Echolocation,/mnt/ubna_data_02_mir/recover-20221013/UBNA_001/20221012_030000.WAV,Telephone Field,recover-20221013,001,1795
604.0185,604.0283,27187,38738,Eptesicus serotinus,0.011,0.024,-1,Echolocation,/mnt/ubna_data_02_mir/recover-20221013/UBNA_001/20221012_030000.WAV,Telephone Field,recover-20221013,001,1795
604.0255,604.0347,28046,36197,Eptesicus serotinus,0.008,0.024,-1,Echolocation,/mnt/ubna_data_02_mir/recover-20221013/UBNA_001/20221012_030000.WAV,Telephone Field,recover-20221013,001,1795
604.0435,604.0534,28906,36172,Eptesicus serotinus,0.008,0.021,-1,Echolocation,/mnt/ubna_data_02_mir/recover-20221013/UBNA_001/20221012_030000.WAV,Telephone Field,recover-20221013,001,1795
604.0825,604.0932,22890,28502,Nyctalus leisleri,0.014,0.034,-1,Echolocation,/mnt/ubna_data_02_mir/recover-20221013/UBNA_001/20221012_030000.WAV,Telephone Field,recover-20221013,001,1795
604.1325,604.1756,68437,82780,Rhinolophus ferrumequinum,0.038,0.038,-1,Echolocation,/mnt/ubna_data_02_mir/recover-20221013/UBNA_001/20221012_030000.WAV,Telephone Field,recover-20221013,001,1795
604.1365,604.145,28906,39092,Eptesicus serotinus,0.01,0.027,-1,Echolocation,/mnt/ubna_data_02_mir/recover-20221013/UBNA_001/20221012_030000.WAV,Telephone Field,recover-20221013,001,1795
604.1705,604.1825,23750,28557,Nyctalus leisleri,0.013,0.024,-1,Echolocation,/mnt/ubna_data_02_mir/recover-20221013/UBNA_001/20221012_030000.WAV,Telephone Field,recover-20221013,001,1795
604.2245,604.2606,68437,81635,Rhinolophus ferrumequinum,0.022,0.022,-1,Echolocation,/mnt/ubna_data_02_mir/recover-20221013/UBNA_001/20221012_030000.WAV,Telephone Field,recover-20221013,001,1795
604.2485,604.2892,68437,82576,Rhinolophus ferrumequinum,0.023,0.023,-1,Echolocation,/mnt/ubna_data_02_mir/recover-20221013/UBNA_001/20221012_030000.WAV,Telephone Field,recover-20221013,001,1795
604.2585,604.2653,28046,41670,Eptesicus serotinus,0.006,0.024,-1,Echolocation,/mnt/ubna_data_02_mir/recover-20221013/UBNA_001/20221012_030000.WAV,Telephone Field,recover-20221013,001,1795
604.2765,604.3138,68437,81550,Rhinolophus ferrumequinum,0.021,0.021,-1,Echolocation,/mnt/ubna_data_02_mir/recover-20221013/UBNA_001/20221012_030000.WAV,Telephone Field,recover-20221013,001,1795
604.3185,604.3267,28046,37779,Eptesicus serotinus,0.007,0.023,-1,Echolocation,/mnt/ubna_data_02_mir/recover-20221013/UBNA_001/20221012_030000.WAV,Telephone Field,recover-20221013,001,1795
604.3285,604.3647,68437,81168,Rhinolophus ferrumequinum,0.022,0.022,-1,Echolocation,/mnt/ubna_data_02_mir/recover-20221013/UBNA_001/20221012_030000.WAV,Telephone Field,recover-20221013,001,1795
604.3445,604.382,68437,82310,Rhinolophus ferrumequinum,0.025,0.025,-1,Echolocation,/mnt/ubna_data_02_mir/recover-20221013/UBNA_001/20221012_030000.WAV,Telephone Field,recover-20221013,001,1795
604.4275,604.4663,68437,82322,Rhinolophus ferrumequinum,0.022,0.022,-1,Echolocation,/mnt/ubna_data_02_mir/recover-20221013/UBNA_001/20221012_030000.WAV,Telephone Field,recover-20221013,001,1795
604.4415,604.4523,28046,35542,Eptesicus serotinus,0.011,0.026,-1,Echolocation,/mnt/ubna_data_02_mir/recover-20221013/UBNA_001/20221012_030000.WAV,Telephone Field,recover-20221013,001,1795
604.4605,604.4678,28046,38597,Eptesicus serotinus,0.006,0.023,-1,Echolocation,/mnt/ubna_data_02_mir/recover-20221013/UBNA_001/20221012_030000.WAV,Telephone Field,recover-20221013,001,1795
604.4775,604.4873,44375,50843,Pipistrellus pipistrellus,0.029,0.048,-1,Echolocation,/mnt/ubna_data_02_mir/recover-20221013/UBNA_001/20221012_030000.WAV,Telephone Field,recover-20221013,001,1795
604.4795,604.5197000000001,68437,82404,Rhinolophus ferrumequinum,0.023,0.023,-1,Echolocation,/mnt/ubna_data_02_mir/recover-20221013/UBNA_001/20221012_030000.WAV,Telephone Field,recover-20221013,001,1795
604.5015,604.5402,68437,81873,Rhinolophus ferrumequinum,0.023,0.023,-1,Echolocation,/mnt/ubna_data_02_mir/recover-20221013/UBNA_001/20221012_030000.WAV,Telephone Field,recover-20221013,001,1795
604.5225,604.5589,68437,81800,Rhinolophus ferrumequinum,0.021,0.021,-1,Echolocation,/mnt/ubna_data_02_mir/recover-20221013/UBNA_001/20221012_030000.WAV,Telephone Field,recover-20221013,001,1795
604.5375,604.5458,45234,57554,Pipistrellus pipistrellus,0.012,0.022,-1,Echolocation,/mnt/ubna_data_02_mir/recover-20221013/UBNA_001/20221012_030000.WAV,Telephone Field,recover-20221013,001,1795
604.5385,604.5835,68437,83967,Rhinolophus ferrumequinum,0.043,0.043,-1,Echolocation,/mnt/ubna_data_02_mir/recover-20221013/UBNA_001/20221012_030000.WAV,Telephone Field,recover-20221013,001,1795
604.5425,604.5591,20312,23588,Nyctalus leisleri,0.012,0.022,-1,Echolocation,/mnt/ubna_data_02_mir/recover-20221013/UBNA_001/20221012_030000.WAV,Telephone Field,recover-20221013,001,1795
604.5775,604.615,68437,81657,Rhinolophus ferrumequinum,0.022,0.022,-1,Echolocation,/mnt/ubna_data_02_mir/recover-20221013/UBNA_001/20221012_030000.WAV,Telephone Field,recover-20221013,001,1795
604.5945,604.602,28046,38173,Eptesicus serotinus,0.007,0.023,-1,Echolocation,/mnt/ubna_data_02_mir/recover-20221013/UBNA_001/20221012_030000.WAV,Telephone Field,recover-20221013,001,1795
604.6085,604.6477,68437,82652,Rhinolophus ferrumequinum,0.024,0.024,-1,Echolocation,/mnt/ubna_data_02_mir/recover-20221013/UBNA_001/20221012_030000.WAV,Telephone Field,recover-20221013,001,1795
604.6285,604.6352,28046,37582,Eptesicus serotinus,0.007,0.023,-1,Echolocation,/mnt/ubna_data_02_mir/recover-20221013/UBNA_001/20221012_030000.WAV,Telephone Field,recover-20221013,001,1795
604.6375,604.6493,52968,57042,Pipistrellus pygmaeus,0.022,0.026,-1,Echolocation,/mnt/ubna_data_02_mir/recover-20221013/UBNA_001/20221012_030000.WAV,Telephone Field,recover-20221013,001,1795
604.6555,604.6953,68437,82541,Rhinolophus ferrumequinum,0.022,0.022,-1,Echolocation,/mnt/ubna_data_02_mir/recover-20221013/UBNA_001/20221012_030000.WAV,Telephone Field,recover-20221013,001,1795
604.6745,604.7118,68437,82017,Rhinolophus ferrumequinum,0.024,0.024,-1,Echolocation,/mnt/ubna_data_02_mir/recover-20221013/UBNA_001/20221012_030000.WAV,Telephone Field,recover-20221013,001,1795
604.7085,604.7203,49531,54340,Pipistrellus pipistrellus,0.031,0.038,-1,Echolocation,/mnt/ubna_data_02_mir/recover-20221013/UBNA_001/20221012_030000.WAV,Telephone Field,recover-20221013,001,1795
604.7545,604.7612,24609,34063,Plecotus austriacus,0.008,0.023,-1,Echolocation,/mnt/ubna_data_02_mir/recover-20221013/UBNA_001/20221012_030000.WAV,Telephone Field,recover-20221013,001,1795
604.7605,604.8005,68437,81454,Rhinolophus ferrumequinum,0.023,0.023,-1,Echolocation,/mnt/ubna_data_02_mir/recover-20221013/UBNA_001/20221012_030000.WAV,Telephone Field,recover-20221013,001,1795
604.7795,604.788,28046,38322,Eptesicus serotinus,0.008,0.025,-1,Echolocation,/mnt/ubna_data_02_mir/recover-20221013/UBNA_001/20221012_030000.WAV,Telephone Field,recover-20221013,001,1795
604.7845,604.8242,68437,82863,Rhinolophus ferrumequinum,0.022,0.022,-1,Echolocation,/mnt/ubna_data_02_mir/recover-20221013/UBNA_001/20221012_030000.WAV,Telephone Field,recover-20221013,001,1795
604.8035,604.847,68437,83322,Rhinolophus ferrumequinum,0.027,0.027,-1,Echolocation,/mnt/ubna_data_02_mir/recover-20221013/UBNA_001/20221012_030000.WAV,Telephone Field,recover-20221013,001,1795
604.8155,604.8564,68437,82709,Rhinolophus ferrumequinum,0.026,0.026,-1,Echolocation,/mnt/ubna_data_02_mir/recover-20221013/UBNA_001/20221012_030000.WAV,Telephone Field,recover-20221013,001,1795
604.8225,604.8625,68437,82848,Rhinolophus ferrumequinum,0.022,0.022,-1,Echolocation,/mnt/ubna_data_02_mir/recover-20221013/UBNA_001/20221012_030000.WAV,Telephone Field,recover-20221013,001,1795
604.8445,604.883,68437,81982,Rhinolophus ferrumequinum,0.023,0.023,-1,Echolocation,/mnt/ubna_data_02_mir/recover-20221013/UBNA_001/20221012_030000.WAV,Telephone Field,recover-20221013,001,1795
604.8865,604.9233,68437,81393,Rhinolophus ferrumequinum,0.039,0.039,-1,Echolocation,/mnt/ubna_data_02_mir/recover-20221013/UBNA_001/20221012_030000.WAV,Telephone Field,recover-20221013,001,1795
604.9145,604.9503,68437,81470,Rhinolophus ferrumequinum,0.023,0.023,-1,Echolocation,/mnt/ubna_data_02_mir/recover-20221013/UBNA_001/20221012_030000.WAV,Telephone Field,recover-20221013,001,1795
604.9495,604.9884,68437,81867,Rhinolophus ferrumequinum,0.032,0.032,-1,Echolocation,/mnt/ubna_data_02_mir/recover-20221013/UBNA_001/20221012_030000.WAV,Telephone Field,recover-20221013,001,1795
604.9865,605.0279,68437,82349,Rhinolophus ferrumequinum,0.025,0.025,-1,Echolocation,/mnt/ubna_data_02_mir/recover-20221013/UBNA_001/20221012_030000.WAV,Telephone Field,recover-20221013,001,1795
604.9925,605.0336,68437,82702,Rhinolophus ferrumequinum,0.022,0.022,-1,Echolocation,/mnt/ubna_data_02_mir/recover-20221013/UBNA_001/20221012_030000.WAV,Telephone Field,recover-20221013,001,1795
605.0025,605.0438,68437,83202,Rhinolophus ferrumequinum,0.022,0.022,-1,Echolocation,/mnt/ubna_data_02_mir/recover-20221013/UBNA_001/20221012_030000.WAV,Telephone Field,recover-20221013,001,1795
605.0425,605.0498,27187,47949,Eptesicus serotinus,0.008,0.03,-1,Echolocation,/mnt/ubna_data_02_mir/recover-20221013/UBNA_001/20221012_030000.WAV,Telephone Field,recover-20221013,001,1795
605.0535,605.092,68437,82154,Rhinolophus ferrumequinum,0.029,0.029,-1,Echolocation,/mnt/ubna_data_02_mir/recover-20221013/UBNA_001/20221012_030000.WAV,Telephone Field,recover-20221013,001,1795
605.0725,605.1101,68437,81647,Rhinolophus ferrumequinum,0.024,0.024,-1,Echolocation,/mnt/ubna_data_02_mir/recover-20221013/UBNA_001/20221012_030000.WAV,Telephone Field,recover-20221013,001,1795
605.1645,605.1732,28046,37225,Eptesicus serotinus,0.007,0.022,-1,Echolocation,/mnt/ubna_data_02_mir/recover-20221013/UBNA_001/20221012_030000.WAV,Telephone Field,recover-20221013,001,1795
605.1955,605.2033,22890,30142,Plecotus austriacus,0.011,0.023,-1,Echolocation,/mnt/ubna_data_02_mir/recover-20221013/UBNA_001/20221012_030000.WAV,Telephone Field,recover-20221013,001,1795
605.2085,605.2498,68437,82256,Rhinolophus ferrumequinum,0.025,0.025,-1,Echolocation,/mnt/ubna_data_02_mir/recover-20221013/UBNA_001/20221012_030000.WAV,Telephone Field,recover-20221013,001,1795
605.2285,605.2402,23750,29982,Nyctalus leisleri,0.011,0.025,-1,Echolocation,/mnt/ubna_data_02_mir/recover-20221013/UBNA_001/20221012_030000.WAV,Telephone Field,recover-20221013,001,1795
605.2925,605.3304,68437,81682,Rhinolophus ferrumequinum,0.025,0.025,-1,Echolocation,/mnt/ubna_data_02_mir/recover-20221013/UBNA_001/20221012_030000.WAV,Telephone Field,recover-20221013,001,1795
605.3065,605.3166,24609,30827,Nyctalus leisleri,0.008,0.022,-1,Echolocation,/mnt/ubna_data_02_mir/recover-20221013/UBNA_001/20221012_030000.WAV,Telephone Field,recover-20221013,001,1795
605.3315,605.3468,15156,20439,Nyctalus noctula,0.017,0.026,-1,Echolocation,/mnt/ubna_data_02_mir/recover-20221013/UBNA_001/20221012_030000.WAV,Telephone Field,recover-20221013,001,1795
605.3405,605.3777,68437,81874,Rhinolophus ferrumequinum,0.022,0.022,-1,Echolocation,/mnt/ubna_data_02_mir/recover-20221013/UBNA_001/20221012_030000.WAV,Telephone Field,recover-20221013,001,1795
605.3595,605.3687,27187,36941,Eptesicus serotinus,0.009,0.022,-1,Echolocation,/mnt/ubna_data_02_mir/recover-20221013/UBNA_001/20221012_030000.WAV,Telephone Field,recover-20221013,001,1795
605.3625,605.4003,68437,82677,Rhinolophus ferrumequinum,0.024,0.024,-1,Echolocation,/mnt/ubna_data_02_mir/recover-20221013/UBNA_001/20221012_030000.WAV,Telephone Field,recover-20221013,001,1795
605.3785,605.4169,68437,81580,Rhinolophus ferrumequinum,0.024,0.024,-1,Echolocation,/mnt/ubna_data_02_mir/recover-20221013/UBNA_001/20221012_030000.WAV,Telephone Field,recover-20221013,001,1795
605.4175,605.4276,22890,27984,Nyctalus leisleri,0.011,0.022,-1,Echolocation,/mnt/ubna_data_02_mir/recover-20221013/UBNA_001/20221012_030000.WAV,Telephone Field,recover-20221013,001,1795
605.4765,605.4848,28906,38373,Eptesicus serotinus,0.007,0.022,-1,Echolocation,/mnt/ubna_data_02_mir/recover-20221013/UBNA_001/20221012_030000.WAV,Telephone Field,recover-20221013,001,1795
605.4845,605.4943,22890,28381,Nyctalus leisleri,0.01,0.023,-1,Echolocation,/mnt/ubna_data_02_mir/recover-20221013/UBNA_001/20221012_030000.WAV,Telephone Field,recover-20221013,001,1795
605.4955,605.5371,68437,82961,Rhinolophus ferrumequinum,0.022,0.022,-1,Echolocation,/mnt/ubna_data_02_mir/recover-20221013/UBNA_001/20221012_030000.WAV,Telephone Field,recover-20221013,001,1795
605.5015,605.5419,68437,82870,Rhinolophus ferrumequinum,0.022,0.022,-1,Echolocation,/mnt/ubna_data_02_mir/recover-20221013/UBNA_001/20221012_030000.WAV,Telephone Field,recover-20221013,001,1795
605.5165,605.5276,31484,37937,Eptesicus serotinus,0.01,0.026,-1,Echolocation,/mnt/ubna_data_02_mir/recover-20221013/UBNA_001/20221012_030000.WAV,Telephone Field,recover-20221013,001,1795
605.5435,605.5826,68437,82543,Rhinolophus ferrumequinum,0.023,0.023,-1,Echolocation,/mnt/ubna_data_02_mir/recover-20221013/UBNA_001/20221012_030000.WAV,Telephone Field,recover-20221013,001,1795
605.5485,605.5887,68437,82624,Rhinolophus ferrumequinum,0.023,0.023,-1,Echolocation,/mnt/ubna_data_02_mir/recover-20221013/UBNA_001/20221012_030000.WAV,Telephone Field,recover-20221013,001,1795
605.6025,605.6432,68437,82295,Rhinolophus ferrumequinum,0.023,0.023,-1,Echolocation,/mnt/ubna_data_02_mir/recover-20221013/UBNA_001/20221012_030000.WAV,Telephone Field,recover-20221013,001,1795
605.6075,605.6471,68437,82540,Rhinolophus ferrumequinum,0.024,0.024,-1,Echolocation,/mnt/ubna_data_02_mir/recover-20221013/UBNA_001/20221012_030000.WAV,Telephone Field,recover-20221013,001,1795
605.6115,605.6226,23750,29239,Nyctalus leisleri,0.013,0.025,-1,Echolocation,/mnt/ubna_data_02_mir/recover-20221013/UBNA_001/20221012_030000.WAV,Telephone Field,recover-20221013,001,1795
605.6315,605.666,68437,81408,Rhinolophus ferrumequinum,0.023,0.023,-1,Echolocation,/mnt/ubna_data_02_mir/recover-20221013/UBNA_001/20221012_030000.WAV,Telephone Field,recover-20221013,001,1795
605.6705,605.6775,27187,38766,Eptesicus serotinus,0.005,0.022,-1,Echolocation,/mnt/ubna_data_02_mir/recover-20221013/UBNA_001/20221012_030000.WAV,Telephone Field,recover-20221013,001,1795
605.6835,605.694,23750,29338,Nyctalus leisleri,0.013,0.031,-1,Echolocation,/mnt/ubna_data_02_mir/recover-20221013/UBNA_001/20221012_030000.WAV,Telephone Field,recover-20221013,001,1795
605.6885,605.7269,68437,81624,Rhinolophus ferrumequinum,0.022,0.022,-1,Echolocation,/mnt/ubna_data_02_mir/recover-20221013/UBNA_001/20221012_030000.WAV,Telephone Field,recover-20221013,001,1795
605.7605,605.7679,26328,37729,Myotis nattereri,0.006,0.029,-1,Echolocation,/mnt/ubna_data_02_mir/recover-20221013/UBNA_001/20221012_030000.WAV,Telephone Field,recover-20221013,001,1795
605.7985,605.8398,68437,83163,Rhinolophus ferrumequinum,0.029,0.029,-1,Echolocation,/mnt/ubna_data_02_mir/recover-20221013/UBNA_001/20221012_030000.WAV,Telephone Field,recover-20221013,001,1795
605.8085,605.8193,22890,28837,Nyctalus leisleri,0.009,0.023,-1,Echolocation,/mnt/ubna_data_02_mir/recover-20221013/UBNA_001/20221012_030000.WAV,Telephone Field,recover-20221013,001,1795
605.8115,605.8169,37500,49832,Myotis daubentonii,0.009,0.025,-1,Echolocation,/mnt/ubna_data_02_mir/recover-20221013/UBNA_001/20221012_030000.WAV,Telephone Field,recover-20221013,001,1795
605.8135,605.832,16015,20641,Nyctalus noctula,0.021,0.029,-1,Echolocation,/mnt/ubna_data_02_mir/recover-20221013/UBNA_001/20221012_030000.WAV,Telephone Field,recover-20221013,001,1795
605.8205,605.8596,68437,82377,Rhinolophus ferrumequinum,0.022,0.022,-1,Echolocation,/mnt/ubna_data_02_mir/recover-20221013/UBNA_001/20221012_030000.WAV,Telephone Field,recover-20221013,001,1795
605.8475,605.8593,22890,27476,Nyctalus leisleri,0.013,0.023,-1,Echolocation,/mnt/ubna_data_02_mir/recover-20221013/UBNA_001/20221012_030000.WAV,Telephone Field,recover-20221013,001,1795
605.8855,605.9227,68437,81819,Rhinolophus ferrumequinum,0.022,0.022,-1,Echolocation,/mnt/ubna_data_02_mir/recover-20221013/UBNA_001/20221012_030000.WAV,Telephone Field,recover-20221013,001,1795
605.8985,605.9071,28046,38968,Eptesicus serotinus,0.008,0.021,-1,Echolocation,/mnt/ubna_data_02_mir/recover-20221013/UBNA_001/20221012_030000.WAV,Telephone Field,recover-20221013,001,1795
605.9105,605.9499,68437,82492,Rhinolophus ferrumequinum,0.024,0.024,-1,Echolocation,/mnt/ubna_data_02_mir/recover-20221013/UBNA_001/20221012_030000.WAV,Telephone Field,recover-20221013,001,1795
606.0015,606.0131,22031,27227,Nyctalus leisleri,0.01,0.023,-1,Echolocation,/mnt/ubna_data_02_mir/recover-20221013/UBNA_001/20221012_030000.WAV,Telephone Field,recover-20221013,001,1795
606.0015,606.0124,48671,53978,Pipistrellus pipistrellus,0.016,0.024,-1,Echolocation,/mnt/ubna_data_02_mir/recover-20221013/UBNA_001/20221012_030000.WAV,Telephone Field,recover-20221013,001,1795
606.0325,606.0465,20312,24139,Nyctalus leisleri,0.015,0.027,-1,Echolocation,/mnt/ubna_data_02_mir/recover-20221013/UBNA_001/20221012_030000.WAV,Telephone Field,recover-20221013,001,1795
606.0375,606.0471,28906,36394,Eptesicus serotinus,0.009,0.023,-1,Echolocation,/mnt/ubna_data_02_mir/recover-20221013/UBNA_001/20221012_030000.WAV,Telephone Field,recover-20221013,001,1795
606.0745,606.1145,68437,82224,Rhinolophus ferrumequinum,0.023,0.023,-1,Echolocation,/mnt/ubna_data_02_mir/recover-20221013/UBNA_001/20221012_030000.WAV,Telephone Field,recover-20221013,001,1795
606.0805,606.0883,23750,32149,Plecotus austriacus,0.008,0.022,-1,Echolocation,/mnt/ubna_data_02_mir/recover-20221013/UBNA_001/20221012_030000.WAV,Telephone Field,recover-20221013,001,1795
606.1005,606.1102,14296,20626,Nyctalus noctula,0.014,0.026,-1,Echolocation,/mnt/ubna_data_02_mir/recover-20221013/UBNA_001/20221012_030000.WAV,Telephone Field,recover-20221013,001,1795
606.1205,606.1593,68437,82498,Rhinolophus ferrumequinum,0.021,0.021,-1,Echolocation,/mnt/ubna_data_02_mir/recover-20221013/UBNA_001/20221012_030000.WAV,Telephone Field,recover-20221013,001,1795
606.1265,606.1657,68437,81845,Rhinolophus ferrumequinum,0.022,0.022,-1,Echolocation,/mnt/ubna_data_02_mir/recover-20221013/UBNA_001/20221012_030000.WAV,Telephone Field,recover-20221013,001,1795
606.1305,606.1386,24609,33887,Plecotus austriacus,0.006,0.022,-1,Echolocation,/mnt/ubna_data_02_mir/recover-20221013/UBNA_001/20221012_030000.WAV,Telephone Field,recover-20221013,001,1795
606.1755,606.1833,23750,32175,Plecotus austriacus,0.008,0.021,-1,Echolocation,/mnt/ubna_data_02_mir/recover-20221013/UBNA_001/20221012_030000.WAV,Telephone Field,recover-20221013,001,1795
606.2045,606.2405,68437,81967,Rhinolophus ferrumequinum,0.022,0.022,-1,Echolocation,/mnt/ubna_data_02_mir/recover-20221013/UBNA_001/20221012_030000.WAV,Telephone Field,recover-20221013,001,1795
606.2205,606.2314,23750,28576,Nyctalus leisleri,0.011,0.022,-1,Echolocation,/mnt/ubna_data_02_mir/recover-20221013/UBNA_001/20221012_030000.WAV,Telephone Field,recover-20221013,001,1795
606.2305,606.2704,68437,82392,Rhinolophus ferrumequinum,0.024,0.024,-1,Echolocation,/mnt/ubna_data_02_mir/recover-20221013/UBNA_001/20221012_030000.WAV,Telephone Field,recover-20221013,001,1795
606.2535,606.2906,68437,82653,Rhinolophus ferrumequinum,0.024,0.024,-1,Echolocation,/mnt/ubna_data_02_mir/recover-20221013/UBNA_001/20221012_030000.WAV,Telephone Field,recover-20221013,001,1795
606.2775,606.3161,68437,81780,Rhinolophus ferrumequinum,0.022,0.022,-1,Echolocation,/mnt/ubna_data_02_mir/recover-20221013/UBNA_001/20221012_030000.WAV,Telephone Field,recover-20221013,001,1795
606.2875,606.325,68437,81610,Rhinolophus ferrumequinum,0.023,0.023,-1,Echolocation,/mnt/ubna_data_02_mir/recover-20221013/UBNA_001/20221012_030000.WAV,Telephone Field,recover-20221013,001,1795
606.3335,606.371,68437,82911,Rhinolophus ferrumequinum,0.022,0.022,-1,Echolocation,/mnt/ubna_data_02_mir/recover-20221013/UBNA_001/20221012_030000.WAV,Telephone Field,recover-20221013,001,1795
606.3415,606.3799,68437,82691,Rhinolophus ferrumequinum,0.022,0.022,-1,Echolocation,/mnt/ubna_data_02_mir/recover-20221013/UBNA_001/20221012_030000.WAV,Telephone Field,recover-20221013,001,1795
606.3515,606.3902,68437,82384,Rhinolophus ferrumequinum,0.022,0.022,-1,Echolocation,/mnt/ubna_data_02_mir/recover-20221013/UBNA_001/20221012_030000.WAV,Telephone Field,recover-20221013,001,1795
606.3605,606.3684,28046,37424,Eptesicus serotinus,0.012,0.03,-1,Echolocation,/mnt/ubna_data_02_mir/recover-20221013/UBNA_001/20221012_030000.WAV,Telephone Field,recover-20221013,001,1795
606.3845,606.394,24609,31616,Nyctalus leisleri,0.008,0.024,-1,Echolocation,/mnt/ubna_data_02_mir/recover-20221013/UBNA_001/20221012_030000.WAV,Telephone Field,recover-20221013,001,1795
606.3895,606.4317,68437,83075,Rhinolophus ferrumequinum,0.028,0.028,-1,Echolocation,/mnt/ubna_data_02_mir/recover-20221013/UBNA_001/20221012_030000.WAV,Telephone Field,recover-20221013,001,1795
606.4665,606.4771,22890,27857,Nyctalus leisleri,0.011,0.022,-1,Echolocation,/mnt/ubna_data_02_mir/recover-20221013/UBNA_001/20221012_030000.WAV,Telephone Field,recover-20221013,001,1795
606.4945,606.5335,68437,82393,Rhinolophus ferrumequinum,0.025,0.026,-1,Echolocation,/mnt/ubna_data_02_mir/recover-20221013/UBNA_001/20221012_030000.WAV,Telephone Field,recover-20221013,001,1795
606.5505,606.5868,68437,81653,Rhinolophus ferrumequinum,0.022,0.022,-1,Echolocation,/mnt/ubna_data_02_mir/recover-20221013/UBNA_001/20221012_030000.WAV,Telephone Field,recover-20221013,001,1795
606.5685,606.608,68437,81790,Rhinolophus ferrumequinum,0.025,0.025,-1,Echolocation,/mnt/ubna_data_02_mir/recover-20221013/UBNA_001/20221012_030000.WAV,Telephone Field,recover-20221013,001,1795
606.5805,606.5922,28906,37037,Eptesicus serotinus,0.02,0.032,-1,Echolocation,/mnt/ubna_data_02_mir/recover-20221013/UBNA_001/20221012_030000.WAV,Telephone Field,recover-20221013,001,1795
606.6135,606.6221,28906,37486,Eptesicus serotinus,0.015,0.03,-1,Echolocation,/mnt/ubna_data_02_mir/recover-20221013/UBNA_001/20221012_030000.WAV,Telephone Field,recover-20221013,001,1795
606.6545,606.6915,68437,81472,Rhinolophus ferrumequinum,0.025,0.025,-1,Echolocation,/mnt/ubna_data_02_mir/recover-20221013/UBNA_001/20221012_030000.WAV,Telephone Field,recover-20221013,001,1795
606.6715,606.7038,69296,81328,Rhinolophus ferrumequinum,0.023,0.023,-1,Echolocation,/mnt/ubna_data_02_mir/recover-20221013/UBNA_001/20221012_030000.WAV,Telephone Field,recover-20221013,001,1795
606.6855,606.699,37500,41712,Pipistrellus nathusii,0.023,0.032,-1,Echolocation,/mnt/ubna_data_02_mir/recover-20221013/UBNA_001/20221012_030000.WAV,Telephone Field,recover-20221013,001,1795
606.6885,606.6978,28906,37192,Eptesicus serotinus,0.01,0.023,-1,Echolocation,/mnt/ubna_data_02_mir/recover-20221013/UBNA_001/20221012_030000.WAV,Telephone Field,recover-20221013,001,1795
606.7045,606.7432,68437,82286,Rhinolophus ferrumequinum,0.023,0.023,-1,Echolocation,/mnt/ubna_data_02_mir/recover-20221013/UBNA_001/20221012_030000.WAV,Telephone Field,recover-20221013,001,1795
606.7075,606.7172,51250,59405,Pipistrellus pipistrellus,0.021,0.029,-1,Echolocation,/mnt/ubna_data_02_mir/recover-20221013/UBNA_001/20221012_030000.WAV,Telephone Field,recover-20221013,001,1795
606.7105,606.7498,68437,82098,Rhinolophus ferrumequinum,0.023,0.023,-1,Echolocation,/mnt/ubna_data_02_mir/recover-20221013/UBNA_001/20221012_030000.WAV,Telephone Field,recover-20221013,001,1795
606.7465,606.7845,68437,82235,Rhinolophus ferrumequinum,0.023,0.023,-1,Echolocation,/mnt/ubna_data_02_mir/recover-20221013/UBNA_001/20221012_030000.WAV,Telephone Field,recover-20221013,001,1795
606.7525,606.7905,68437,81740,Rhinolophus ferrumequinum,0.021,0.021,-1,Echolocation,/mnt/ubna_data_02_mir/recover-20221013/UBNA_001/20221012_030000.WAV,Telephone Field,recover-20221013,001,1795
606.7725,606.812,68437,82009,Rhinolophus ferrumequinum,0.023,0.023,-1,Echolocation,/mnt/ubna_data_02_mir/recover-20221013/UBNA_001/20221012_030000.WAV,Telephone Field,recover-20221013,001,1795
606.7955,606.8352,68437,82703,Rhinolophus ferrumequinum,0.021,0.021,-1,Echolocation,/mnt/ubna_data_02_mir/recover-20221013/UBNA_001/20221012_030000.WAV,Telephone Field,recover-20221013,001,1795
606.8175,606.8609,68437,83345,Rhinolophus ferrumequinum,0.032,0.032,-1,Echolocation,/mnt/ubna_data_02_mir/recover-20221013/UBNA_001/20221012_030000.WAV,Telephone Field,recover-20221013,001,1795
606.8395,606.8495,23750,29802,Nyctalus leisleri,0.009,0.023,-1,Echolocation,/mnt/ubna_data_02_mir/recover-20221013/UBNA_001/20221012_030000.WAV,Telephone Field,recover-20221013,001,1795
606.8645,606.8719,38359,43990,Barbastellus barbastellus,0.027,0.038,-1,Echolocation,/mnt/ubna_data_02_mir/recover-20221013/UBNA_001/20221012_030000.WAV,Telephone Field,recover-20221013,001,1795
606.9305,606.9414,23750,29584,Nyctalus leisleri,0.011,0.025,-1,Echolocation,/mnt/ubna_data_02_mir/recover-20221013/UBNA_001/20221012_030000.WAV,Telephone Field,recover-20221013,001,1795
606.9395,606.9763,68437,82226,Rhinolophus ferrumequinum,0.021,0.021,-1,Echolocation,/mnt/ubna_data_02_mir/recover-20221013/UBNA_001/20221012_030000.WAV,Telephone Field,recover-20221013,001,1795
606.9675,607.0156,68437,83310,Rhinolophus ferrumequinum,0.066,0.066,-1,Echolocation,/mnt/ubna_data_02_mir/recover-20221013/UBNA_001/20221012_030000.WAV,Telephone Field,recover-20221013,001,1795
607.0045,607.0128,27187,39878,Eptesicus serotinus,0.008,0.022,-1,Echolocation,/mnt/ubna_data_02_mir/recover-20221013/UBNA_001/20221012_030000.WAV,Telephone Field,recover-20221013,001,1795
607.0185,607.0567,68437,82422,Rhinolophus ferrumequinum,0.024,0.024,-1,Echolocation,/mnt/ubna_data_02_mir/recover-20221013/UBNA_001/20221012_030000.WAV,Telephone Field,recover-20221013,001,1795
607.0265,607.0345,26328,36611,Eptesicus serotinus,0.007,0.024,-1,Echolocation,/mnt/ubna_data_02_mir/recover-20221013/UBNA_001/20221012_030000.WAV,Telephone Field,recover-20221013,001,1795
607.0725,607.112,68437,82523,Rhinolophus ferrumequinum,0.023,0.023,-1,Echolocation,/mnt/ubna_data_02_mir/recover-20221013/UBNA_001/20221012_030000.WAV,Telephone Field,recover-20221013,001,1795
607.0745,607.0819,28046,41477,Eptesicus serotinus,0.008,0.026,-1,Echolocation,/mnt/ubna_data_02_mir/recover-20221013/UBNA_001/20221012_030000.WAV,Telephone Field,recover-20221013,001,1795
607.1525,607.1677999999999,21171,24859,Nyctalus leisleri,0.015,0.026,-1,Echolocation,/mnt/ubna_data_02_mir/recover-20221013/UBNA_001/20221012_030000.WAV,Telephone Field,recover-20221013,001,1795
607.1555,607.189,68437,80787,Rhinolophus ferrumequinum,0.023,0.023,-1,Echolocation,/mnt/ubna_data_02_mir/recover-20221013/UBNA_001/20221012_030000.WAV,Telephone Field,recover-20221013,001,1795
607.2045,607.2206,20312,24421,Nyctalus leisleri,0.012,0.026,-1,Echolocation,/mnt/ubna_data_02_mir/recover-20221013/UBNA_001/20221012_030000.WAV,Telephone Field,recover-20221013,001,1795
607.2605,607.2715,21171,26181,Nyctalus leisleri,0.01,0.024,-1,Echolocation,/mnt/ubna_data_02_mir/recover-20221013/UBNA_001/20221012_030000.WAV,Telephone Field,recover-20221013,001,1795
607.2685,607.3082,68437,82651,Rhinolophus ferrumequinum,0.025,0.025,-1,Echolocation,/mnt/ubna_data_02_mir/recover-20221013/UBNA_001/20221012_030000.WAV,Telephone Field,recover-20221013,001,1795
607.3145,607.3557,68437,82406,Rhinolophus ferrumequinum,0.031,0.031,-1,Echolocation,/mnt/ubna_data_02_mir/recover-20221013/UBNA_001/20221012_030000.WAV,Telephone Field,recover-20221013,001,1795
607.3275,607.3664,68437,82461,Rhinolophus ferrumequinum,0.022,0.022,-1,Echolocation,/mnt/ubna_data_02_mir/recover-20221013/UBNA_001/20221012_030000.WAV,Telephone Field,recover-20221013,001,1795
607.3725,607.4104,68437,81974,Rhinolophus ferrumequinum,0.022,0.022,-1,Echolocation,/mnt/ubna_data_02_mir/recover-20221013/UBNA_001/20221012_030000.WAV,Telephone Field,recover-20221013,001,1795
607.3835,607.3948,15156,21234,Nyctalus noctula,0.015,0.026,-1,Echolocation,/mnt/ubna_data_02_mir/recover-20221013/UBNA_001/20221012_030000.WAV,Telephone Field,recover-20221013,001,1795
607.3965,607.4363,68437,83306,Rhinolophus ferrumequinum,0.023,0.023,-1,Echolocation,/mnt/ubna_data_02_mir/recover-20221013/UBNA_001/20221012_030000.WAV,Telephone Field,recover-20221013,001,1795
607.4545,607.4986,68437,82893,Rhinolophus ferrumequinum,0.033,0.033,-1,Echolocation,/mnt/ubna_data_02_mir/recover-20221013/UBNA_001/20221012_030000.WAV,Telephone Field,recover-20221013,001,1795
607.4905,607.5001,22890,29138,Nyctalus leisleri,0.007,0.021,-1,Echolocation,/mnt/ubna_data_02_mir/recover-20221013/UBNA_001/20221012_030000.WAV,Telephone Field,recover-20221013,001,1795
607.5135,607.5521,68437,82531,Rhinolophus ferrumequinum,0.024,0.024,-1,Echolocation,/mnt/ubna_data_02_mir/recover-20221013/UBNA_001/20221012_030000.WAV,Telephone Field,recover-20221013,001,1795
607.5395,607.5459,28906,40493,Eptesicus serotinus,0.008,0.031,-1,Echolocation,/mnt/ubna_data_02_mir/recover-20221013/UBNA_001/20221012_030000.WAV,Telephone Field,recover-20221013,001,1795
607.5455,607.5824,68437,81664,Rhinolophus ferrumequinum,0.022,0.022,-1,Echolocation,/mnt/ubna_data_02_mir/recover-20221013/UBNA_001/20221012_030000.WAV,Telephone Field,recover-20221013,001,1795
607.5505,607.5587,28046,37542,Eptesicus serotinus,0.007,0.021,-1,Echolocation,/mnt/ubna_data_02_mir/recover-20221013/UBNA_001/20221012_030000.WAV,Telephone Field,recover-20221013,001,1795
607.5695,607.6087,68437,83155,Rhinolophus ferrumequinum,0.024,0.024,-1,Echolocation,/mnt/ubna_data_02_mir/recover-20221013/UBNA_001/20221012_030000.WAV,Telephone Field,recover-20221013,001,1795
607.5725,607.5812,28046,38223,Eptesicus serotinus,0.01,0.023,-1,Echolocation,/mnt/ubna_data_02_mir/recover-20221013/UBNA_001/20221012_030000.WAV,Telephone Field,recover-20221013,001,1795
607.6005,607.6082,35781,44094,Myotis daubentonii,0.007,0.029,-1,Echolocation,/mnt/ubna_data_02_mir/recover-20221013/UBNA_001/20221012_030000.WAV,Telephone Field,recover-20221013,001,1795
607.6015,607.6408,68437,83005,Rhinolophus ferrumequinum,0.023,0.023,-1,Echolocation,/mnt/ubna_data_02_mir/recover-20221013/UBNA_001/20221012_030000.WAV,Telephone Field,recover-20221013,001,1795
607.6025,607.6102,24609,39534,Plecotus austriacus,0.01,0.036,-1,Echolocation,/mnt/ubna_data_02_mir/recover-20221013/UBNA_001/20221012_030000.WAV,Telephone Field,recover-20221013,001,1795
607.6225,607.6633,68437,82881,Rhinolophus ferrumequinum,0.027,0.027,-1,Echolocation,/mnt/ubna_data_02_mir/recover-20221013/UBNA_001/20221012_030000.WAV,Telephone Field,recover-20221013,001,1795
607.6265,607.6343,25468,37356,Eptesicus serotinus,0.007,0.025,-1,Echolocation,/mnt/ubna_data_02_mir/recover-20221013/UBNA_001/20221012_030000.WAV,Telephone Field,recover-20221013,001,1795
607.6505,607.6881,68437,81926,Rhinolophus ferrumequinum,0.022,0.022,-1,Echolocation,/mnt/ubna_data_02_mir/recover-20221013/UBNA_001/20221012_030000.WAV,Telephone Field,recover-20221013,001,1795
607.7025,607.7378,68437,81256,Rhinolophus ferrumequinum,0.022,0.022,-1,Echolocation,/mnt/ubna_data_02_mir/recover-20221013/UBNA_001/20221012_030000.WAV,Telephone Field,recover-20221013,001,1795
607.7135,607.7235,30625,38248,Eptesicus serotinus,0.008,0.022,-1,Echolocation,/mnt/ubna_data_02_mir/recover-20221013/UBNA_001/20221012_030000.WAV,Telephone Field,recover-20221013,001,1795
607.7175,607.7568,68437,82758,Rhinolophus ferrumequinum,0.024,0.024,-1,Echolocation,/mnt/ubna_data_02_mir/recover-20221013/UBNA_001/20221012_030000.WAV,Telephone Field,recover-20221013,001,1795
607.7475,607.7882,68437,82846,Rhinolophus ferrumequinum,0.026,0.026,-1,Echolocation,/mnt/ubna_data_02_mir/recover-20221013/UBNA_001/20221012_030000.WAV,Telephone Field,recover-20221013,001,1795
607.7505,607.7611,24609,30703,Nyctalus leisleri,0.012,0.029,-1,Echolocation,/mnt/ubna_data_02_mir/recover-20221013/UBNA_001/20221012_030000.WAV,Telephone Field,recover-20221013,001,1795
607.7605,607.8003,68437,82722,Rhinolophus ferrumequinum,0.025,0.025,-1,Echolocation,/mnt/ubna_data_02_mir/recover-20221013/UBNA_001/20221012_030000.WAV,Telephone Field,recover-20221013,001,1795
607.7995,607.8392,68437,82685,Rhinolophus ferrumequinum,0.024,0.024,-1,Echolocation,/mnt/ubna_data_02_mir/recover-20221013/UBNA_001/20221012_030000.WAV,Telephone Field,recover-20221013,001,1795
607.8515,607.8598,30625,39223,Eptesicus serotinus,0.008,0.025,-1,Echolocation,/mnt/ubna_data_02_mir/recover-20221013/UBNA_001/20221012_030000.WAV,Telephone Field,recover-20221013,001,1795
607.9245,607.9338,25468,32562,Eptesicus serotinus,0.007,0.022,-1,Echolocation,/mnt/ubna_data_02_mir/recover-20221013/UBNA_001/20221012_030000.WAV,Telephone Field,recover-20221013,001,1795
607.9415,607.9802999999999,68437,82735,Rhinolophus ferrumequinum,0.023,0.023,-1,Echolocation,/mnt/ubna_data_02_mir/recover-20221013/UBNA_001/20221012_030000.WAV,Telephone Field,recover-20221013,001,1795
607.9555,607.9623,23750,33567,Plecotus austriacus,0.012,0.026,-1,Echolocation,/mnt/ubna_data_02_mir/recover-20221013/UBNA_001/20221012_030000.WAV,Telephone Field,recover-20221013,001,1795
608.0015,608.0107,25468,32000,Nyctalus leisleri,0.013,0.032,-1,Echolocation,/mnt/ubna_data_02_mir/recover-20221013/UBNA_001/20221012_030000.WAV,Telephone Field,recover-20221013,001,1795
608.0125,608.0542,68437,81827,Rhinolophus ferrumequinum,0.021,0.022,-1,Echolocation,/mnt/ubna_data_02_mir/recover-20221013/UBNA_001/20221012_030000.WAV,Telephone Field,recover-20221013,001,1795
608.0685,608.0757,23750,31362,Plecotus austriacus,0.009,0.02,-1,Echolocation,/mnt/ubna_data_02_mir/recover-20221013/UBNA_001/20221012_030000.WAV,Telephone Field,recover-20221013,001,1795
608.0785,608.123,68437,83210,Rhinolophus ferrumequinum,0.03,0.03,-1,Echolocation,/mnt/ubna_data_02_mir/recover-20221013/UBNA_001/20221012_030000.WAV,Telephone Field,recover-20221013,001,1795
608.1375,608.1776,68437,82237,Rhinolophus ferrumequinum,0.023,0.023,-1,Echolocation,/mnt/ubna_data_02_mir/recover-20221013/UBNA_001/20221012_030000.WAV,Telephone Field,recover-20221013,001,1795
608.1385,608.1498,23750,29987,Nyctalus leisleri,0.053,0.122,-1,Echolocation,/mnt/ubna_data_02_mir/recover-20221013/UBNA_001/20221012_030000.WAV,Telephone Field,recover-20221013,001,1795
608.2035,608.2421,68437,82380,Rhinolophus ferrumequinum,0.022,0.022,-1,Echolocation,/mnt/ubna_data_02_mir/recover-20221013/UBNA_001/20221012_030000.WAV,Telephone Field,recover-20221013,001,1795
608.2195,608.2277,24609,32654,Plecotus austriacus,0.008,0.025,-1,Echolocation,/mnt/ubna_data_02_mir/recover-20221013/UBNA_001/20221012_030000.WAV,Telephone Field,recover-20221013,001,1795
608.2265,608.2643,68437,81714,Rhinolophus ferrumequinum,0.02,0.021,-1,Echolocation,/mnt/ubna_data_02_mir/recover-20221013/UBNA_001/20221012_030000.WAV,Telephone Field,recover-20221013,001,1795
608.2375,608.2791,68437,83062,Rhinolophus ferrumequinum,0.022,0.022,-1,Echolocation,/mnt/ubna_data_02_mir/recover-20221013/UBNA_001/20221012_030000.WAV,Telephone Field,recover-20221013,001,1795
608.2665,608.3093,68437,83050,Rhinolophus ferrumequinum,0.032,0.033,-1,Echolocation,/mnt/ubna_data_02_mir/recover-20221013/UBNA_001/20221012_030000.WAV,Telephone Field,recover-20221013,001,1795
608.2815,608.2915,46953,50363,Pipistrellus pipistrellus,0.018,0.02,-1,Echolocation,/mnt/ubna_data_02_mir/recover-20221013/UBNA_001/20221012_030000.WAV,Telephone Field,recover-20221013,001,1795
608.3675,608.4089,68437,82647,Rhinolophus ferrumequinum,0.023,0.023,-1,Echolocation,/mnt/ubna_data_02_mir/recover-20221013/UBNA_001/20221012_030000.WAV,Telephone Field,recover-20221013,001,1795
608.3845,608.3937,24609,31912,Eptesicus serotinus,0.007,0.02,-1,Echolocation,/mnt/ubna_data_02_mir/recover-20221013/UBNA_001/20221012_030000.WAV,Telephone Field,recover-20221013,001,1795
608.4395,608.4787,68437,82318,Rhinolophus ferrumequinum,0.022,0.022,-1,Echolocation,/mnt/ubna_data_02_mir/recover-20221013/UBNA_001/20221012_030000.WAV,Telephone Field,recover-20221013,001,1795
608.4665,608.5047,68437,82198,Rhinolophus ferrumequinum,0.02,0.02,-1,Echolocation,/mnt/ubna_data_02_mir/recover-20221013/UBNA_001/20221012_030000.WAV,Telephone Field,recover-20221013,001,1795
608.4805,608.5213,68437,82527,Rhinolophus ferrumequinum,0.021,0.021,-1,Echolocation,/mnt/ubna_data_02_mir/recover-20221013/UBNA_001/20221012_030000.WAV,Telephone Field,recover-20221013,001,1795
608.5025,608.5157,25468,29857,Nyctalus leisleri,0.025,0.045,-1,Echolocation,/mnt/ubna_data_02_mir/recover-20221013/UBNA_001/20221012_030000.WAV,Telephone Field,recover-20221013,001,1795
608.5055,608.5431,68437,81388,Rhinolophus ferrumequinum,0.02,0.02,-1,Echolocation,/mnt/ubna_data_02_mir/recover-20221013/UBNA_001/20221012_030000.WAV,Telephone Field,recover-20221013,001,1795
608.5095,608.519,59843,65747,Pipistrellus pygmaeus,0.021,0.022,-1,Echolocation,/mnt/ubna_data_02_mir/recover-20221013/UBNA_001/20221012_030000.WAV,Telephone Field,recover-20221013,001,1795
608.5445,608.5821,68437,81795,Rhinolophus ferrumequinum,0.022,0.022,-1,Echolocation,/mnt/ubna_data_02_mir/recover-20221013/UBNA_001/20221012_030000.WAV,Telephone Field,recover-20221013,001,1795
608.5645,608.6004,68437,81530,Rhinolophus ferrumequinum,0.021,0.021,-1,Echolocation,/mnt/ubna_data_02_mir/recover-20221013/UBNA_001/20221012_030000.WAV,Telephone Field,recover-20221013,001,1795
608.5785,608.5907,22890,27453,Nyctalus leisleri,0.011,0.021,-1,Echolocation,/mnt/ubna_data_02_mir/recover-20221013/UBNA_001/20221012_030000.WAV,Telephone Field,recover-20221013,001,1795
608.6095,608.6504,68437,82486,Rhinolophus ferrumequinum,0.023,0.023,-1,Echolocation,/mnt/ubna_data_02_mir/recover-20221013/UBNA_001/20221012_030000.WAV,Telephone Field,recover-20221013,001,1795
608.6185,608.6624,68437,83222,Rhinolophus ferrumequinum,0.033,0.033,-1,Echolocation,/mnt/ubna_data_02_mir/recover-20221013/UBNA_001/20221012_030000.WAV,Telephone Field,recover-20221013,001,1795
608.6295,608.6665,68437,81911,Rhinolophus ferrumequinum,0.021,0.022,-1,Echolocation,/mnt/ubna_data_02_mir/recover-20221013/UBNA_001/20221012_030000.WAV,Telephone Field,recover-20221013,001,1795
608.6555,608.6928,68437,82142,Rhinolophus ferrumequinum,0.021,0.021,-1,Echolocation,/mnt/ubna_data_02_mir/recover-20221013/UBNA_001/20221012_030000.WAV,Telephone Field,recover-20221013,001,1795
608.7005,608.7089,27187,39020,Eptesicus serotinus,0.008,0.02,-1,Echolocation,/mnt/ubna_data_02_mir/recover-20221013/UBNA_001/20221012_030000.WAV,Telephone Field,recover-20221013,001,1795
608.7105,608.7509,68437,82086,Rhinolophus ferrumequinum,0.029,0.029,-1,Echolocation,/mnt/ubna_data_02_mir/recover-20221013/UBNA_001/20221012_030000.WAV,Telephone Field,recover-20221013,001,1795
608.7465,608.7579,25468,31752,Nyctalus leisleri,0.012,0.03,-1,Echolocation,/mnt/ubna_data_02_mir/recover-20221013/UBNA_001/20221012_030000.WAV,Telephone Field,recover-20221013,001,1795
608.7805,608.7908,28046,36139,Eptesicus serotinus,0.009,0.021,-1,Echolocation,/mnt/ubna_data_02_mir/recover-20221013/UBNA_001/20221012_030000.WAV,Telephone Field,recover-20221013,001,1795
608.8245,608.8384,46093,48937,Pipistrellus pipistrellus,0.032,0.036,-1,Echolocation,/mnt/ubna_data_02_mir/recover-20221013/UBNA_001/20221012_030000.WAV,Telephone Field,recover-20221013,001,1795
608.8275,608.8652,68437,81487,Rhinolophus ferrumequinum,0.02,0.02,-1,Echolocation,/mnt/ubna_data_02_mir/recover-20221013/UBNA_001/20221012_030000.WAV,Telephone Field,recover-20221013,001,1795
608.8365,608.8438,27187,36087,Eptesicus serotinus,0.007,0.021,-1,Echolocation,/mnt/ubna_data_02_mir/recover-20221013/UBNA_001/20221012_030000.WAV,Telephone Field,recover-20221013,001,1795
608.8465,608.8558,14296,21968,Nyctalus noctula,0.011,0.022,-1,Echolocation,/mnt/ubna_data_02_mir/recover-20221013/UBNA_001/20221012_030000.WAV,Telephone Field,recover-20221013,001,1795
608.8825,608.8946,28906,35708,Eptesicus serotinus,0.013,0.025,-1,Echolocation,/mnt/ubna_data_02_mir/recover-20221013/UBNA_001/20221012_030000.WAV,Telephone Field,recover-20221013,001,1795
608.9025,608.9433,68437,83013,Rhinolophus ferrumequinum,0.026,0.026,-1,Echolocation,/mnt/ubna_data_02_mir/recover-20221013/UBNA_001/20221012_030000.WAV,Telephone Field,recover-20221013,001,1795
608.9505,608.9873,68437,81649,Rhinolophus ferrumequinum,0.023,0.023,-1,Echolocation,/mnt/ubna_data_02_mir/recover-20221013/UBNA_001/20221012_030000.WAV,Telephone Field,recover-20221013,001,1795
608.9635,608.9715,25468,33800,Eptesicus serotinus,0.007,0.023,-1,Echolocation,/mnt/ubna_data_02_mir/recover-20221013/UBNA_001/20221012_030000.WAV,Telephone Field,recover-20221013,001,1795
608.9725,609.0132,68437,82295,Rhinolophus ferrumequinum,0.022,0.022,-1,Echolocation,/mnt/ubna_data_02_mir/recover-20221013/UBNA_001/20221012_030000.WAV,Telephone Field,recover-20221013,001,1795
608.9945,609.0355,68437,82484,Rhinolophus ferrumequinum,0.04,0.04,-1,Echolocation,/mnt/ubna_data_02_mir/recover-20221013/UBNA_001/20221012_030000.WAV,Telephone Field,recover-20221013,001,1795
609.0165,609.0281,22031,26044,Nyctalus leisleri,0.013,0.024,-1,Echolocation,/mnt/ubna_data_02_mir/recover-20221013/UBNA_001/20221012_030000.WAV,Telephone Field,recover-20221013,001,1795
609.0525,609.0941,68437,82714,Rhinolophus ferrumequinum,0.025,0.025,-1,Echolocation,/mnt/ubna_data_02_mir/recover-20221013/UBNA_001/20221012_030000.WAV,Telephone Field,recover-20221013,001,1795
609.0755,609.1159,68437,82388,Rhinolophus ferrumequinum,0.021,0.021,-1,Echolocation,/mnt/ubna_data_02_mir/recover-20221013/UBNA_001/20221012_030000.WAV,Telephone Field,recover-20221013,001,1795
609.0875,609.1237,68437,81363,Rhinolophus ferrumequinum,0.025,0.025,-1,Echolocation,/mnt/ubna_data_02_mir/recover-20221013/UBNA_001/20221012_030000.WAV,Telephone Field,recover-20221013,001,1795
609.1005,609.1406,68437,82014,Rhinolophus ferrumequinum,0.025,0.025,-1,Echolocation,/mnt/ubna_data_02_mir/recover-20221013/UBNA_001/20221012_030000.WAV,Telephone Field,recover-20221013,001,1795
609.1285,609.1696,68437,82777,Rhinolophus ferrumequinum,0.031,0.031,-1,Echolocation,/mnt/ubna_data_02_mir/recover-20221013/UBNA_001/20221012_030000.WAV,Telephone Field,recover-20221013,001,1795
609.1635,609.1716,25468,33172,Eptesicus serotinus,0.007,0.024,-1,Echolocation,/mnt/ubna_data_02_mir/recover-20221013/UBNA_001/20221012_030000.WAV,Telephone Field,recover-20221013,001,1795
609.1785,609.184,35781,46680,Myotis daubentonii,0.008,0.023,-1,Echolocation,/mnt/ubna_data_02_mir/recover-20221013/UBNA_001/20221012_030000.WAV,Telephone Field,recover-20221013,001,1795
609.1785,609.1853,23750,39142,Myotis nattereri,0.007,0.021,-1,Echolocation,/mnt/ubna_data_02_mir/recover-20221013/UBNA_001/20221012_030000.WAV,Telephone Field,recover-20221013,001,1795
609.1955,609.202,24609,33700,Plecotus austriacus,0.01,0.024,-1,Echolocation,/mnt/ubna_data_02_mir/recover-20221013/UBNA_001/20221012_030000.WAV,Telephone Field,recover-20221013,001,1795
609.2605,609.2677,26328,36826,Eptesicus serotinus,0.005,0.021,-1,Echolocation,/mnt/ubna_data_02_mir/recover-20221013/UBNA_001/20221012_030000.WAV,Telephone Field,recover-20221013,001,1795
609.3015,609.3421,68437,82333,Rhinolophus ferrumequinum,0.023,0.023,-1,Echolocation,/mnt/ubna_data_02_mir/recover-20221013/UBNA_001/20221012_030000.WAV,Telephone Field,recover-20221013,001,1795
609.3075,609.317,22031,27942,Nyctalus leisleri,0.008,0.022,-1,Echolocation,/mnt/ubna_data_02_mir/recover-20221013/UBNA_001/20221012_030000.WAV,Telephone Field,recover-20221013,001,1795
609.3545,609.3952,68437,82281,Rhinolophus ferrumequinum,0.022,0.022,-1,Echolocation,/mnt/ubna_data_02_mir/recover-20221013/UBNA_001/20221012_030000.WAV,Telephone Field,recover-20221013,001,1795
609.3855,609.3986,23750,29138,Nyctalus leisleri,0.02,0.042,-1,Echolocation,/mnt/ubna_data_02_mir/recover-20221013/UBNA_001/20221012_030000.WAV,Telephone Field,recover-20221013,001,1795
609.4165,609.4548,68437,82553,Rhinolophus ferrumequinum,0.022,0.022,-1,Echolocation,/mnt/ubna_data_02_mir/recover-20221013/UBNA_001/20221012_030000.WAV,Telephone Field,recover-20221013,001,1795
609.4455,609.4814,68437,80909,Rhinolophus ferrumequinum,0.021,0.021,-1,Echolocation,/mnt/ubna_data_02_mir/recover-20221013/UBNA_001/20221012_030000.WAV,Telephone Field,recover-20221013,001,1795
609.4735,609.5104,68437,81238,Rhinolophus ferrumequinum,0.021,0.021,-1,Echolocation,/mnt/ubna_data_02_mir/recover-20221013/UBNA_001/20221012_030000.WAV,Telephone Field,recover-20221013,001,1795
609.5435,609.5518,28906,38741,Eptesicus serotinus,0.007,0.022,-1,Echolocation,/mnt/ubna_data_02_mir/recover-20221013/UBNA_001/20221012_030000.WAV,Telephone Field,recover-20221013,001,1795
609.5595,609.5984,68437,81870,Rhinolophus ferrumequinum,0.022,0.022,-1,Echolocation,/mnt/ubna_data_02_mir/recover-20221013/UBNA_001/20221012_030000.WAV,Telephone Field,recover-20221013,001,1795
609.5675,609.6063,68437,82221,Rhinolophus ferrumequinum,0.022,0.022,-1,Echolocation,/mnt/ubna_data_02_mir/recover-20221013/UBNA_001/20221012_030000.WAV,Telephone Field,recover-20221013,001,1795
609.5815,609.6213,68437,81945,Rhinolophus ferrumequinum,0.02,0.02,-1,Echolocation,/mnt/ubna_data_02_mir/recover-20221013/UBNA_001/20221012_030000.WAV,Telephone Field,recover-20221013,001,1795
609.5855,609.5929,28046,41194,Eptesicus serotinus,0.006,0.021,-1,Echolocation,/mnt/ubna_data_02_mir/recover-20221013/UBNA_001/20221012_030000.WAV,Telephone Field,recover-20221013,001,1795
609.5875,609.6264,68437,82515,Rhinolophus ferrumequinum,0.021,0.021,-1,Echolocation,/mnt/ubna_data_02_mir/recover-20221013/UBNA_001/20221012_030000.WAV,Telephone Field,recover-20221013,001,1795
609.6065,609.624,43515,46414,Pipistrellus pipistrellus,0.054,0.063,-1,Echolocation,/mnt/ubna_data_02_mir/recover-20221013/UBNA_001/20221012_030000.WAV,Telephone Field,recover-20221013,001,1795
609.6265,609.638,23750,30354,Nyctalus leisleri,0.028,0.073,-1,Echolocation,/mnt/ubna_data_02_mir/recover-20221013/UBNA_001/20221012_030000.WAV,Telephone Field,recover-20221013,001,1795
609.6325,609.6696,68437,81565,Rhinolophus ferrumequinum,0.021,0.021,-1,Echolocation,/mnt/ubna_data_02_mir/recover-20221013/UBNA_001/20221012_030000.WAV,Telephone Field,recover-20221013,001,1795
609.7295,609.7363,28906,40311,Eptesicus serotinus,0.007,0.027,-1,Echolocation,/mnt/ubna_data_02_mir/recover-20221013/UBNA_001/20221012_030000.WAV,Telephone Field,recover-20221013,001,1795
609.7385,609.7766,68437,81909,Rhinolophus ferrumequinum,0.02,0.02,-1,Echolocation,/mnt/ubna_data_02_mir/recover-20221013/UBNA_001/20221012_030000.WAV,Telephone Field,recover-20221013,001,1795
609.7535,609.7673,19453,24694,Nyctalus noctula,0.04,0.081,-1,Echolocation,/mnt/ubna_data_02_mir/recover-20221013/UBNA_001/20221012_030000.WAV,Telephone Field,recover-20221013,001,1795
609.7565,609.7991,68437,82720,Rhinolophus ferrumequinum,0.023,0.023,-1,Echolocation,/mnt/ubna_data_02_mir/recover-20221013/UBNA_001/20221012_030000.WAV,Telephone Field,recover-20221013,001,1795
609.7695,609.809,68437,82311,Rhinolophus ferrumequinum,0.02,0.02,-1,Echolocation,/mnt/ubna_data_02_mir/recover-20221013/UBNA_001/20221012_030000.WAV,Telephone Field,recover-20221013,001,1795
609.7785,609.7872,28906,38362,Eptesicus serotinus,0.007,0.02,-1,Echolocation,/mnt/ubna_data_02_mir/recover-20221013/UBNA_001/20221012_030000.WAV,Telephone Field,recover-20221013,001,1795
609.7835,609.7936,22031,27684,Nyctalus leisleri,0.009,0.021,-1,Echolocation,/mnt/ubna_data_02_mir/recover-20221013/UBNA_001/20221012_030000.WAV,Telephone Field,recover-20221013,001,1795
609.7965,609.8364,68437,83271,Rhinolophus ferrumequinum,0.031,0.031,-1,Echolocation,/mnt/ubna_data_02_mir/recover-20221013/UBNA_001/20221012_030000.WAV,Telephone Field,recover-20221013,001,1795
609.8065,609.8157,22890,29439,Plecotus austriacus,0.007,0.024,-1,Echolocation,/mnt/ubna_data_02_mir/recover-20221013/UBNA_001/20221012_030000.WAV,Telephone Field,recover-20221013,001,1795
609.8065,609.8456,68437,81687,Rhinolophus ferrumequinum,0.023,0.023,-1,Echolocation,/mnt/ubna_data_02_mir/recover-20221013/UBNA_001/20221012_030000.WAV,Telephone Field,recover-20221013,001,1795
609.8525,609.8929,68437,82376,Rhinolophus ferrumequinum,0.023,0.023,-1,Echolocation,/mnt/ubna_data_02_mir/recover-20221013/UBNA_001/20221012_030000.WAV,Telephone Field,recover-20221013,001,1795
609.8875,609.928,68437,82333,Rhinolophus ferrumequinum,0.023,0.023,-1,Echolocation,/mnt/ubna_data_02_mir/recover-20221013/UBNA_001/20221012_030000.WAV,Telephone Field,recover-20221013,001,1795
609.8955,609.9348,68437,81714,Rhinolophus ferrumequinum,0.022,0.022,-1,Echolocation,/mnt/ubna_data_02_mir/recover-20221013/UBNA_001/20221012_030000.WAV,Telephone Field,recover-20221013,001,1795
609.9015,609.9396,68437,81926,Rhinolophus ferrumequinum,0.022,0.022,-1,Echolocation,/mnt/ubna_data_02_mir/recover-20221013/UBNA_001/20221012_030000.WAV,Telephone Field,recover-20221013,001,1795
609.9155,609.9543,68437,82236,Rhinolophus ferrumequinum,0.024,0.024,-1,Echolocation,/mnt/ubna_data_02_mir/recover-20221013/UBNA_001/20221012_030000.WAV,Telephone Field,recover-20221013,001,1795
609.9575,609.9641,28046,40510,Eptesicus serotinus,0.006,0.023,-1,Echolocation,/mnt/ubna_data_02_mir/recover-20221013/UBNA_001/20221012_030000.WAV,Telephone Field,recover-20221013,001,1795
609.9765,609.9854,23750,30826,Plecotus austriacus,0.006,0.021,-1,Echolocation,/mnt/ubna_data_02_mir/recover-20221013/UBNA_001/20221012_030000.WAV,Telephone Field,recover-20221013,001,1795
610.0015,610.0094,25468,36210,Nyctalus leisleri,0.006,0.027,-1,Echolocation,/mnt/ubna_data_02_mir/recover-20221013/UBNA_001/20221012_030000.WAV,Telephone Field,recover-20221013,001,1795
610.0015,610.0345,68437,79499,Rhinolophus ferrumequinum,0.029,0.03,-1,Echolocation,/mnt/ubna_data_02_mir/recover-20221013/UBNA_001/20221012_030000.WAV,Telephone Field,recover-20221013,001,1795
610.0085,610.0487,68437,82015,Rhinolophus ferrumequinum,0.021,0.021,-1,Echolocation,/mnt/ubna_data_02_mir/recover-20221013/UBNA_001/20221012_030000.WAV,Telephone Field,recover-20221013,001,1795
610.0145,610.0231,28046,39430,Eptesicus serotinus,0.009,0.022,-1,Echolocation,/mnt/ubna_data_02_mir/recover-20221013/UBNA_001/20221012_030000.WAV,Telephone Field,recover-20221013,001,1795
610.0535,610.0899,68437,81973,Rhinolophus ferrumequinum,0.022,0.022,-1,Echolocation,/mnt/ubna_data_02_mir/recover-20221013/UBNA_001/20221012_030000.WAV,Telephone Field,recover-20221013,001,1795
610.0795,610.1224,68437,83038,Rhinolophus ferrumequinum,0.024,0.024,-1,Echolocation,/mnt/ubna_data_02_mir/recover-20221013/UBNA_001/20221012_030000.WAV,Telephone Field,recover-20221013,001,1795
610.1205,610.1592,68437,82747,Rhinolophus ferrumequinum,0.029,0.029,-1,Echolocation,/mnt/ubna_data_02_mir/recover-20221013/UBNA_001/20221012_030000.WAV,Telephone Field,recover-20221013,001,1795
610.1265,610.1355,28046,39480,Eptesicus serotinus,0.009,0.021,-1,Echolocation,/mnt/ubna_data_02_mir/recover-20221013/UBNA_001/20221012_030000.WAV,Telephone Field,recover-20221013,001,1795
610.1275,610.1681,68437,82746,Rhinolophus ferrumequinum,0.025,0.025,-1,Echolocation,/mnt/ubna_data_02_mir/recover-20221013/UBNA_001/20221012_030000.WAV,Telephone Field,recover-20221013,001,1795
610.1585,610.1686,24609,31216,Eptesicus serotinus,0.007,0.022,-1,Echolocation,/mnt/ubna_data_02_mir/recover-20221013/UBNA_001/20221012_030000.WAV,Telephone Field,recover-20221013,001,1795
610.1805,610.2187,68437,82660,Rhinolophus ferrumequinum,0.028,0.028,-1,Echolocation,/mnt/ubna_data_02_mir/recover-20221013/UBNA_001/20221012_030000.WAV,Telephone Field,recover-20221013,001,1795
610.1965,610.2365,68437,81995,Rhinolophus ferrumequinum,0.024,0.024,-1,Echolocation,/mnt/ubna_data_02_mir/recover-20221013/UBNA_001/20221012_030000.WAV,Telephone Field,recover-20221013,001,1795
610.2315,610.2712,68437,81833,Rhinolophus ferrumequinum,0.023,0.023,-1,Echolocation,/mnt/ubna_data_02_mir/recover-20221013/UBNA_001/20221012_030000.WAV,Telephone Field,recover-20221013,001,1795
610.2665,610.3071,68437,82208,Rhinolophus ferrumequinum,0.023,0.023,-1,Echolocation,/mnt/ubna_data_02_mir/recover-20221013/UBNA_001/20221012_030000.WAV,Telephone Field,recover-20221013,001,1795
610.2945,610.3015,26328,44182,Eptesicus serotinus,0.007,0.023,-1,Echolocation,/mnt/ubna_data_02_mir/recover-20221013/UBNA_001/20221012_030000.WAV,Telephone Field,recover-20221013,001,1795
610.3345,610.376,68437,82550,Rhinolophus ferrumequinum,0.022,0.022,-1,Echolocation,/mnt/ubna_data_02_mir/recover-20221013/UBNA_001/20221012_030000.WAV,Telephone Field,recover-20221013,001,1795
610.3755,610.4106,68437,81416,Rhinolophus ferrumequinum,0.021,0.021,-1,Echolocation,/mnt/ubna_data_02_mir/recover-20221013/UBNA_001/20221012_030000.WAV,Telephone Field,recover-20221013,001,1795
610.3755,610.3828,28046,37589,Eptesicus serotinus,0.008,0.023,-1,Echolocation,/mnt/ubna_data_02_mir/recover-20221013/UBNA_001/20221012_030000.WAV,Telephone Field,recover-20221013,001,1795
610.3765,610.3833,23750,32803,Plecotus austriacus,0.01,0.023,-1,Echolocation,/mnt/ubna_data_02_mir/recover-20221013/UBNA_001/20221012_030000.WAV,Telephone Field,recover-20221013,001,1795
610.4045,610.4207,21171,24720,Nyctalus leisleri,0.016,0.029,-1,Echolocation,/mnt/ubna_data_02_mir/recover-20221013/UBNA_001/20221012_030000.WAV,Telephone Field,recover-20221013,001,1795
610.4175,610.427,23750,31365,Nyctalus leisleri,0.007,0.021,-1,Echolocation,/mnt/ubna_data_02_mir/recover-20221013/UBNA_001/20221012_030000.WAV,Telephone Field,recover-20221013,001,1795
610.4605,610.4996,68437,82414,Rhinolophus ferrumequinum,0.025,0.025,-1,Echolocation,/mnt/ubna_data_02_mir/recover-20221013/UBNA_001/20221012_030000.WAV,Telephone Field,recover-20221013,001,1795
610.4635,610.4715,28906,39563,Eptesicus serotinus,0.008,0.022,-1,Echolocation,/mnt/ubna_data_02_mir/recover-20221013/UBNA_001/20221012_030000.WAV,Telephone Field,recover-20221013,001,1795
610.5175,610.5294,28906,35304,Eptesicus serotinus,0.013,0.024,-1,Echolocation,/mnt/ubna_data_02_mir/recover-20221013/UBNA_001/20221012_030000.WAV,Telephone Field,recover-20221013,001,1795
610.5295,610.5689,68437,82837,Rhinolophus ferrumequinum,0.022,0.022,-1,Echolocation,/mnt/ubna_data_02_mir/recover-20221013/UBNA_001/20221012_030000.WAV,Telephone Field,recover-20221013,001,1795
610.5705,610.6107,68437,82598,Rhinolophus ferrumequinum,0.025,0.025,-1,Echolocation,/mnt/ubna_data_02_mir/recover-20221013/UBNA_001/20221012_030000.WAV,Telephone Field,recover-20221013,001,1795
610.6205,610.6271,28046,39231,Eptesicus serotinus,0.006,0.024,-1,Echolocation,/mnt/ubna_data_02_mir/recover-20221013/UBNA_001/20221012_030000.WAV,Telephone Field,recover-20221013,001,1795
610.6815,610.6923,22890,27204,Nyctalus leisleri,0.011,0.021,-1,Echolocation,/mnt/ubna_data_02_mir/recover-20221013/UBNA_001/20221012_030000.WAV,Telephone Field,recover-20221013,001,1795
610.7015,610.7096,28046,38901,Eptesicus serotinus,0.008,0.024,-1,Echolocation,/mnt/ubna_data_02_mir/recover-20221013/UBNA_001/20221012_030000.WAV,Telephone Field,recover-20221013,001,1795
610.7295,610.7681,68437,82231,Rhinolophus ferrumequinum,0.022,0.022,-1,Echolocation,/mnt/ubna_data_02_mir/recover-20221013/UBNA_001/20221012_030000.WAV,Telephone Field,recover-20221013,001,1795
610.8365,610.8739,68437,81446,Rhinolophus ferrumequinum,0.022,0.022,-1,Echolocation,/mnt/ubna_data_02_mir/recover-20221013/UBNA_001/20221012_030000.WAV,Telephone Field,recover-20221013,001,1795
610.8525,610.8627,22890,29334,Nyctalus leisleri,0.011,0.03,-1,Echolocation,/mnt/ubna_data_02_mir/recover-20221013/UBNA_001/20221012_030000.WAV,Telephone Field,recover-20221013,001,1795
610.8725,610.9126,68437,81883,Rhinolophus ferrumequinum,0.021,0.021,-1,Echolocation,/mnt/ubna_data_02_mir/recover-20221013/UBNA_001/20221012_030000.WAV,Telephone Field,recover-20221013,001,1795
610.8795,610.9195,68437,82085,Rhinolophus ferrumequinum,0.024,0.024,-1,Echolocation,/mnt/ubna_data_02_mir/recover-20221013/UBNA_001/20221012_030000.WAV,Telephone Field,recover-20221013,001,1795
610.8905,610.9329,68437,82619,Rhinolophus ferrumequinum,0.022,0.022,-1,Echolocation,/mnt/ubna_data_02_mir/recover-20221013/UBNA_001/20221012_030000.WAV,Telephone Field,recover-20221013,001,1795
610.9175,610.9587,68437,82575,Rhinolophus ferrumequinum,0.027,0.027,-1,Echolocation,/mnt/ubna_data_02_mir/recover-20221013/UBNA_001/20221012_030000.WAV,Telephone Field,recover-20221013,001,1795
610.9315,610.9408,26328,33556,Eptesicus serotinus,0.011,0.027,-1,Echolocation,/mnt/ubna_data_02_mir/recover-20221013/UBNA_001/20221012_030000.WAV,Telephone Field,recover-20221013,001,1795
610.9545,610.9668,24609,30508,Eptesicus serotinus,0.011,0.028,-1,Echolocation,/mnt/ubna_data_02_mir/recover-20221013/UBNA_001/20221012_030000.WAV,Telephone Field,recover-20221013,001,1795
610.9695,611.0047,68437,81333,Rhinolophus ferrumequinum,0.021,0.021,-1,Echolocation,/mnt/ubna_data_02_mir/recover-20221013/UBNA_001/20221012_030000.WAV,Telephone Field,recover-20221013,001,1795
610.9765,611.0141,68437,81988,Rhinolophus ferrumequinum,0.021,0.021,-1,Echolocation,/mnt/ubna_data_02_mir/recover-20221013/UBNA_001/20221012_030000.WAV,Telephone Field,recover-20221013,001,1795
610.9965,611.0069,22890,27917,Nyctalus leisleri,0.011,0.021,-1,Echolocation,/mnt/ubna_data_02_mir/recover-20221013/UBNA_001/20221012_030000.WAV,Telephone Field,recover-20221013,001,1795
611.0035,611.0418,68437,82773,Rhinolophus ferrumequinum,0.025,0.025,-1,Echolocation,/mnt/ubna_data_02_mir/recover-20221013/UBNA_001/20221012_030000.WAV,Telephone Field,recover-20221013,001,1795
611.0065,611.0191,22890,27047,Nyctalus leisleri,0.016,0.026,-1,Echolocation,/mnt/ubna_data_02_mir/recover-20221013/UBNA_001/20221012_030000.WAV,Telephone Field,recover-20221013,001,1795
611.0335,611.0407,27187,41071,Eptesicus serotinus,0.007,0.022,-1,Echolocation,/mnt/ubna_data_02_mir/recover-20221013/UBNA_001/20221012_030000.WAV,Telephone Field,recover-20221013,001,1795
611.0645,611.1063,68437,83169,Rhinolophus ferrumequinum,0.033,0.033,-1,Echolocation,/mnt/ubna_data_02_mir/recover-20221013/UBNA_001/20221012_030000.WAV,Telephone Field,recover-20221013,001,1795
611.0775,611.0869,22890,29747,Plecotus austriacus,0.008,0.025,-1,Echolocation,/mnt/ubna_data_02_mir/recover-20221013/UBNA_001/20221012_030000.WAV,Telephone Field,recover-20221013,001,1795
611.1195,611.1272,26328,36465,Eptesicus serotinus,0.008,0.022,-1,Echolocation,/mnt/ubna_data_02_mir/recover-20221013/UBNA_001/20221012_030000.WAV,Telephone Field,recover-20221013,001,1795
611.1455,611.1535,42656,46819,Pipistrellus pipistrellus,0.03,0.036,-1,Echolocation,/mnt/ubna_data_02_mir/recover-20221013/UBNA_001/20221012_030000.WAV,Telephone Field,recover-20221013,001,1795
611.1995,611.2387,68437,82371,Rhinolophus ferrumequinum,0.021,0.021,-1,Echolocation,/mnt/ubna_data_02_mir/recover-20221013/UBNA_001/20221012_030000.WAV,Telephone Field,recover-20221013,001,1795
611.2215,611.2585,68437,81287,Rhinolophus ferrumequinum,0.022,0.022,-1,Echolocation,/mnt/ubna_data_02_mir/recover-20221013/UBNA_001/20221012_030000.WAV,Telephone Field,recover-20221013,001,1795
611.2315,611.2726,68437,82249,Rhinolophus ferrumequinum,0.022,0.022,-1,Echolocation,/mnt/ubna_data_02_mir/recover-20221013/UBNA_001/20221012_030000.WAV,Telephone Field,recover-20221013,001,1795
611.2605,611.272,22890,28109,Nyctalus leisleri,0.017,0.032,-1,Echolocation,/mnt/ubna_data_02_mir/recover-20221013/UBNA_001/20221012_030000.WAV,Telephone Field,recover-20221013,001,1795
611.3205,611.3311,27187,34151,Eptesicus serotinus,0.012,0.025,-1,Echolocation,/mnt/ubna_data_02_mir/recover-20221013/UBNA_001/20221012_030000.WAV,Telephone Field,recover-20221013,001,1795
611.3575,611.3987,68437,82428,Rhinolophus ferrumequinum,0.038,0.038,-1,Echolocation,/mnt/ubna_data_02_mir/recover-20221013/UBNA_001/20221012_030000.WAV,Telephone Field,recover-20221013,001,1795
611.3825,611.3928,28046,36137,Eptesicus serotinus,0.011,0.024,-1,Echolocation,/mnt/ubna_data_02_mir/recover-20221013/UBNA_001/20221012_030000.WAV,Telephone Field,recover-20221013,001,1795
611.4005,611.4109,23750,29823,Nyctalus leisleri,0.008,0.021,-1,Echolocation,/mnt/ubna_data_02_mir/recover-20221013/UBNA_001/20221012_030000.WAV,Telephone Field,recover-20221013,001,1795
611.4345,611.4753,68437,82435,Rhinolophus ferrumequinum,0.022,0.022,-1,Echolocation,/mnt/ubna_data_02_mir/recover-20221013/UBNA_001/20221012_030000.WAV,Telephone Field,recover-20221013,001,1795
611.4595,611.4997,68437,82347,Rhinolophus ferrumequinum,0.023,0.023,-1,Echolocation,/mnt/ubna_data_02_mir/recover-20221013/UBNA_001/20221012_030000.WAV,Telephone Field,recover-20221013,001,1795
611.4845,611.5257,68437,82800,Rhinolophus ferrumequinum,0.021,0.021,-1,Echolocation,/mnt/ubna_data_02_mir/recover-20221013/UBNA_001/20221012_030000.WAV,Telephone Field,recover-20221013,001,1795
611.5115,611.5525,68437,82297,Rhinolophus ferrumequinum,0.021,0.021,-1,Echolocation,/mnt/ubna_data_02_mir/recover-20221013/UBNA_001/20221012_030000.WAV,Telephone Field,recover-20221013,001,1795
611.5195,611.5562,68437,82667,Rhinolophus ferrumequinum,0.021,0.021,-1,Echolocation,/mnt/ubna_data_02_mir/recover-20221013/UBNA_001/20221012_030000.WAV,Telephone Field,recover-20221013,001,1795
611.5305,611.5706,68437,82173,Rhinolophus ferrumequinum,0.022,0.022,-1,Echolocation,/mnt/ubna_data_02_mir/recover-20221013/UBNA_001/20221012_030000.WAV,Telephone Field,recover-20221013,001,1795
611.5325,611.5408,28046,38607,Eptesicus serotinus,0.009,0.023,-1,Echolocation,/mnt/ubna_data_02_mir/recover-20221013/UBNA_001/20221012_030000.WAV,Telephone Field,recover-20221013,001,1795
611.5615,611.5717,24609,31895,Eptesicus serotinus,0.01,0.027,-1,Echolocation,/mnt/ubna_data_02_mir/recover-20221013/UBNA_001/20221012_030000.WAV,Telephone Field,recover-20221013,001,1795
611.5985,611.6087,23750,29995,Nyctalus leisleri,0.01,0.024,-1,Echolocation,/mnt/ubna_data_02_mir/recover-20221013/UBNA_001/20221012_030000.WAV,Telephone Field,recover-20221013,001,1795
611.6095,611.6491,68437,82336,Rhinolophus ferrumequinum,0.024,0.024,-1,Echolocation,/mnt/ubna_data_02_mir/recover-20221013/UBNA_001/20221012_030000.WAV,Telephone Field,recover-20221013,001,1795
611.6175,611.6558,68437,82713,Rhinolophus ferrumequinum,0.025,0.025,-1,Echolocation,/mnt/ubna_data_02_mir/recover-20221013/UBNA_001/20221012_030000.WAV,Telephone Field,recover-20221013,001,1795
611.6545,611.6946,68437,82998,Rhinolophus ferrumequinum,0.027,0.027,-1,Echolocation,/mnt/ubna_data_02_mir/recover-20221013/UBNA_001/20221012_030000.WAV,Telephone Field,recover-20221013,001,1795
611.6725,611.6811,47812,52762,Pipistrellus pipistrellus,0.021,0.022,-1,Echolocation,/mnt/ubna_data_02_mir/recover-20221013/UBNA_001/20221012_030000.WAV,Telephone Field,recover-20221013,001,1795
611.6845,611.7195,68437,81570,Rhinolophus ferrumequinum,0.021,0.021,-1,Echolocation,/mnt/ubna_data_02_mir/recover-20221013/UBNA_001/20221012_030000.WAV,Telephone Field,recover-20221013,001,1795
611.7095,611.7177,23750,31952,Plecotus austriacus,0.006,0.022,-1,Echolocation,/mnt/ubna_data_02_mir/recover-20221013/UBNA_001/20221012_030000.WAV,Telephone Field,recover-20221013,001,1795
611.7345,611.7731,68437,82500,Rhinolophus ferrumequinum,0.021,0.021,-1,Echolocation,/mnt/ubna_data_02_mir/recover-20221013/UBNA_001/20221012_030000.WAV,Telephone Field,recover-20221013,001,1795
611.7555,611.7948,68437,82098,Rhinolophus ferrumequinum,0.035,0.035,-1,Echolocation,/mnt/ubna_data_02_mir/recover-20221013/UBNA_001/20221012_030000.WAV,Telephone Field,recover-20221013,001,1795
611.7635,611.8018,68437,82104,Rhinolophus ferrumequinum,0.022,0.022,-1,Echolocation,/mnt/ubna_data_02_mir/recover-20221013/UBNA_001/20221012_030000.WAV,Telephone Field,recover-20221013,001,1795
611.8045,611.846,68437,82304,Rhinolophus ferrumequinum,0.024,0.024,-1,Echolocation,/mnt/ubna_data_02_mir/recover-20221013/UBNA_001/20221012_030000.WAV,Telephone Field,recover-20221013,001,1795
611.8305,611.8711,68437,82639,Rhinolophus ferrumequinum,0.026,0.026,-1,Echolocation,/mnt/ubna_data_02_mir/recover-20221013/UBNA_001/20221012_030000.WAV,Telephone Field,recover-20221013,001,1795
611.8635,611.8728,22890,30050,Plecotus austriacus,0.007,0.025,-1,Echolocation,/mnt/ubna_data_02_mir/recover-20221013/UBNA_001/20221012_030000.WAV,Telephone Field,recover-20221013,001,1795
611.8765,611.9154,68437,82384,Rhinolophus ferrumequinum,0.025,0.025,-1,Echolocation,/mnt/ubna_data_02_mir/recover-20221013/UBNA_001/20221012_030000.WAV,Telephone Field,recover-20221013,001,1795
611.8885,611.899,22890,28274,Nyctalus leisleri,0.01,0.022,-1,Echolocation,/mnt/ubna_data_02_mir/recover-20221013/UBNA_001/20221012_030000.WAV,Telephone Field,recover-20221013,001,1795
611.8985,611.9105,33203,38651,Eptesicus serotinus,0.007,0.024,-1,Echolocation,/mnt/ubna_data_02_mir/recover-20221013/UBNA_001/20221012_030000.WAV,Telephone Field,recover-20221013,001,1795
611.9175,611.9539,68437,81698,Rhinolophus ferrumequinum,0.023,0.023,-1,Echolocation,/mnt/ubna_data_02_mir/recover-20221013/UBNA_001/20221012_030000.WAV,Telephone Field,recover-20221013,001,1795
611.9525,611.9635,28906,35916,Eptesicus serotinus,0.011,0.022,-1,Echolocation,/mnt/ubna_data_02_mir/recover-20221013/UBNA_001/20221012_030000.WAV,Telephone Field,recover-20221013,001,1795
611.9645,611.9735,24609,34236,Eptesicus serotinus,0.007,0.023,-1,Echolocation,/mnt/ubna_data_02_mir/recover-20221013/UBNA_001/20221012_030000.WAV,Telephone Field,recover-20221013,001,1795
611.9775,611.9873,22890,30102,Nyctalus leisleri,0.009,0.028,-1,Echolocation,/mnt/ubna_data_02_mir/recover-20221013/UBNA_001/20221012_030000.WAV,Telephone Field,recover-20221013,001,1795
612.0015,612.0101,49531,59628,Pipistrellus pipistrellus,0.018,0.029,-1,Echolocation,/mnt/ubna_data_02_mir/recover-20221013/UBNA_001/20221012_030000.WAV,Telephone Field,recover-20221013,001,1795
612.0015,612.0359,68437,79945,Rhinolophus ferrumequinum,0.058,0.058,-1,Echolocation,/mnt/ubna_data_02_mir/recover-20221013/UBNA_001/20221012_030000.WAV,Telephone Field,recover-20221013,001,1795
612.0015,612.0098,24609,33445,Nyctalus leisleri,0.012,0.036,-1,Echolocation,/mnt/ubna_data_02_mir/recover-20221013/UBNA_001/20221012_030000.WAV,Telephone Field,recover-20221013,001,1795
612.0105,612.0542,68437,82578,Rhinolophus ferrumequinum,0.031,0.031,-1,Echolocation,/mnt/ubna_data_02_mir/recover-20221013/UBNA_001/20221012_030000.WAV,Telephone Field,recover-20221013,001,1795
612.0365,612.0438,27187,42099,Eptesicus serotinus,0.006,0.021,-1,Echolocation,/mnt/ubna_data_02_mir/recover-20221013/UBNA_001/20221012_030000.WAV,Telephone Field,recover-20221013,001,1795
612.0445,612.0815,68437,81706,Rhinolophus ferrumequinum,0.03,0.03,-1,Echolocation,/mnt/ubna_data_02_mir/recover-20221013/UBNA_001/20221012_030000.WAV,Telephone Field,recover-20221013,001,1795
612.0985,612.1388,68437,82775,Rhinolophus ferrumequinum,0.024,0.024,-1,Echolocation,/mnt/ubna_data_02_mir/recover-20221013/UBNA_001/20221012_030000.WAV,Telephone Field,recover-20221013,001,1795
612.1105,612.1202,22890,29007,Nyctalus leisleri,0.008,0.021,-1,Echolocation,/mnt/ubna_data_02_mir/recover-20221013/UBNA_001/20221012_030000.WAV,Telephone Field,recover-20221013,001,1795
612.1175,612.155,68437,81818,Rhinolophus ferrumequinum,0.026,0.026,-1,Echolocation,/mnt/ubna_data_02_mir/recover-20221013/UBNA_001/20221012_030000.WAV,Telephone Field,recover-20221013,001,1795
612.1465,612.1895,68437,83017,Rhinolophus ferrumequinum,0.031,0.031,-1,Echolocation,/mnt/ubna_data_02_mir/recover-20221013/UBNA_001/20221012_030000.WAV,Telephone Field,recover-20221013,001,1795
612.2125,612.2541,68437,82264,Rhinolophus ferrumequinum,0.025,0.025,-1,Echolocation,/mnt/ubna_data_02_mir/recover-20221013/UBNA_001/20221012_030000.WAV,Telephone Field,recover-20221013,001,1795
612.2555,612.2943,68437,81800,Rhinolophus ferrumequinum,0.022,0.022,-1,Echolocation,/mnt/ubna_data_02_mir/recover-20221013/UBNA_001/20221012_030000.WAV,Telephone Field,recover-20221013,001,1795
612.2705,612.3033,68437,80553,Rhinolophus ferrumequinum,0.021,0.021,-1,Echolocation,/mnt/ubna_data_02_mir/recover-20221013/UBNA_001/20221012_030000.WAV,Telephone Field,recover-20221013,001,1795
612.2715,612.2808,28046,36913,Eptesicus serotinus,0.009,0.025,-1,Echolocation,/mnt/ubna_data_02_mir/recover-20221013/UBNA_001/20221012_030000.WAV,Telephone Field,recover-20221013,001,1795
612.3215,612.3287,26328,41048,Eptesicus serotinus,0.006,0.022,-1,Echolocation,/mnt/ubna_data_02_mir/recover-20221013/UBNA_001/20221012_030000.WAV,Telephone Field,recover-20221013,001,1795
612.3375,612.3735,68437,81890,Rhinolophus ferrumequinum,0.028,0.028,-1,Echolocation,/mnt/ubna_data_02_mir/recover-20221013/UBNA_001/20221012_030000.WAV,Telephone Field,recover-20221013,001,1795
612.3895,612.3966,28046,38546,Eptesicus serotinus,0.007,0.025,-1,Echolocation,/mnt/ubna_data_02_mir/recover-20221013/UBNA_001/20221012_030000.WAV,Telephone Field,recover-20221013,001,1795
612.3905,612.4285,68437,82357,Rhinolophus ferrumequinum,0.026,0.026,-1,Echolocation,/mnt/ubna_data_02_mir/recover-20221013/UBNA_001/20221012_030000.WAV,Telephone Field,recover-20221013,001,1795
612.4015,612.4122,27187,35269,Eptesicus serotinus,0.01,0.023,-1,Echolocation,/mnt/ubna_data_02_mir/recover-20221013/UBNA_001/20221012_030000.WAV,Telephone Field,recover-20221013,001,1795
612.4255,612.4335,28046,37952,Eptesicus serotinus,0.007,0.022,-1,Echolocation,/mnt/ubna_data_02_mir/recover-20221013/UBNA_001/20221012_030000.WAV,Telephone Field,recover-20221013,001,1795
612.4545,612.4917,68437,81653,Rhinolophus ferrumequinum,0.023,0.023,-1,Echolocation,/mnt/ubna_data_02_mir/recover-20221013/UBNA_001/20221012_030000.WAV,Telephone Field,recover-20221013,001,1795
612.4915,612.4987,28046,40955,Eptesicus serotinus,0.008,0.027,-1,Echolocation,/mnt/ubna_data_02_mir/recover-20221013/UBNA_001/20221012_030000.WAV,Telephone Field,recover-20221013,001,1795
612.4975,612.5352,68437,82141,Rhinolophus ferrumequinum,0.023,0.023,-1,Echolocation,/mnt/ubna_data_02_mir/recover-20221013/UBNA_001/20221012_030000.WAV,Telephone Field,recover-20221013,001,1795
612.5025,612.5415,68437,82358,Rhinolophus ferrumequinum,0.023,0.023,-1,Echolocation,/mnt/ubna_data_02_mir/recover-20221013/UBNA_001/20221012_030000.WAV,Telephone Field,recover-20221013,001,1795
612.5245,612.5632,68437,81869,Rhinolophus ferrumequinum,0.022,0.022,-1,Echolocation,/mnt/ubna_data_02_mir/recover-20221013/UBNA_001/20221012_030000.WAV,Telephone Field,recover-20221013,001,1795
612.5485,612.5892,68437,82704,Rhinolophus ferrumequinum,0.03,0.03,-1,Echolocation,/mnt/ubna_data_02_mir/recover-20221013/UBNA_001/20221012_030000.WAV,Telephone Field,recover-20221013,001,1795
612.5605,612.5682,22890,30454,Plecotus austriacus,0.009,0.021,-1,Echolocation,/mnt/ubna_data_02_mir/recover-20221013/UBNA_001/20221012_030000.WAV,Telephone Field,recover-20221013,001,1795
612.5725,612.6125,68437,82205,Rhinolophus ferrumequinum,0.022,0.022,-1,Echolocation,/mnt/ubna_data_02_mir/recover-20221013/UBNA_001/20221012_030000.WAV,Telephone Field,recover-20221013,001,1795
612.6475,612.6854,68437,81835,Rhinolophus ferrumequinum,0.021,0.021,-1,Echolocation,/mnt/ubna_data_02_mir/recover-20221013/UBNA_001/20221012_030000.WAV,Telephone Field,recover-20221013,001,1795
612.6785,612.6888,22031,26869,Nyctalus leisleri,0.012,0.023,-1,Echolocation,/mnt/ubna_data_02_mir/recover-20221013/UBNA_001/20221012_030000.WAV,Telephone Field,recover-20221013,001,1795
612.6975,612.7074,28046,36235,Eptesicus serotinus,0.008,0.021,-1,Echolocation,/mnt/ubna_data_02_mir/recover-20221013/UBNA_001/20221012_030000.WAV,Telephone Field,recover-20221013,001,1795
612.7415,612.751,27187,36984,Eptesicus serotinus,0.009,0.022,-1,Echolocation,/mnt/ubna_data_02_mir/recover-20221013/UBNA_001/20221012_030000.WAV,Telephone Field,recover-20221013,001,1795
612.7745,612.8152,68437,82964,Rhinolophus ferrumequinum,0.03,0.03,-1,Echolocation,/mnt/ubna_data_02_mir/recover-20221013/UBNA_001/20221012_030000.WAV,Telephone Field,recover-20221013,001,1795
612.7985,612.8054,28046,37646,Eptesicus serotinus,0.008,0.027,-1,Echolocation,/mnt/ubna_data_02_mir/recover-20221013/UBNA_001/20221012_030000.WAV,Telephone Field,recover-20221013,001,1795
612.8125,612.8522,68437,82971,Rhinolophus ferrumequinum,0.021,0.022,-1,Echolocation,/mnt/ubna_data_02_mir/recover-20221013/UBNA_001/20221012_030000.WAV,Telephone Field,recover-20221013,001,1795
612.8155,612.8228,27187,38498,Eptesicus serotinus,0.006,0.021,-1,Echolocation,/mnt/ubna_data_02_mir/recover-20221013/UBNA_001/20221012_030000.WAV,Telephone Field,recover-20221013,001,1795
612.8515,612.8927,68437,82179,Rhinolophus ferrumequinum,0.022,0.022,-1,Echolocation,/mnt/ubna_data_02_mir/recover-20221013/UBNA_001/20221012_030000.WAV,Telephone Field,recover-20221013,001,1795
612.8585,612.8973,68437,82131,Rhinolophus ferrumequinum,0.021,0.021,-1,Echolocation,/mnt/ubna_data_02_mir/recover-20221013/UBNA_001/20221012_030000.WAV,Telephone Field,recover-20221013,001,1795
612.8965,612.9071,24609,31566,Eptesicus serotinus,0.017,0.047,-1,Echolocation,/mnt/ubna_data_02_mir/recover-20221013/UBNA_001/20221012_030000.WAV,Telephone Field,recover-20221013,001,1795
612.8965,612.937,68437,82801,Rhinolophus ferrumequinum,0.023,0.023,-1,Echolocation,/mnt/ubna_data_02_mir/recover-20221013/UBNA_001/20221012_030000.WAV,Telephone Field,recover-20221013,001,1795
612.9055,612.9415,68437,81932,Rhinolophus ferrumequinum,0.023,0.023,-1,Echolocation,/mnt/ubna_data_02_mir/recover-20221013/UBNA_001/20221012_030000.WAV,Telephone Field,recover-20221013,001,1795
612.9205,612.9315,34921,40311,Pipistrellus nathusii,0.005,0.022,-1,Echolocation,/mnt/ubna_data_02_mir/recover-20221013/UBNA_001/20221012_030000.WAV,Telephone Field,recover-20221013,001,1795
612.9265,612.9604,68437,81596,Rhinolophus ferrumequinum,0.021,0.021,-1,Echolocation,/mnt/ubna_data_02_mir/recover-20221013/UBNA_001/20221012_030000.WAV,Telephone Field,recover-20221013,001,1795
612.9385,612.9498,23750,29215,Nyctalus leisleri,0.01,0.022,-1,Echolocation,/mnt/ubna_data_02_mir/recover-20221013/UBNA_001/20221012_030000.WAV,Telephone Field,recover-20221013,001,1795
612.9485,612.9566,28046,36859,Eptesicus serotinus,0.007,0.022,-1,Echolocation,/mnt/ubna_data_02_mir/recover-20221013/UBNA_001/20221012_030000.WAV,Telephone Field,recover-20221013,001,1795
612.9675,612.9739,27187,41675,Eptesicus serotinus,0.006,0.026,-1,Echolocation,/mnt/ubna_data_02_mir/recover-20221013/UBNA_001/20221012_030000.WAV,Telephone Field,recover-20221013,001,1795
612.9725,613.0069,68437,81502,Rhinolophus ferrumequinum,0.02,0.02,-1,Echolocation,/mnt/ubna_data_02_mir/recover-20221013/UBNA_001/20221012_030000.WAV,Telephone Field,recover-20221013,001,1795
612.9825,612.9948,54687,59604,Pipistrellus pygmaeus,0.019,0.022,-1,Echolocation,/mnt/ubna_data_02_mir/recover-20221013/UBNA_001/20221012_030000.WAV,Telephone Field,recover-20221013,001,1795
613.0075,613.0189,28046,35329,Eptesicus serotinus,0.016,0.032,-1,Echolocation,/mnt/ubna_data_02_mir/recover-20221013/UBNA_001/20221012_030000.WAV,Telephone Field,recover-20221013,001,1795
613.0145,613.0519,68437,81965,Rhinolophus ferrumequinum,0.024,0.024,-1,Echolocation,/mnt/ubna_data_02_mir/recover-20221013/UBNA_001/20221012_030000.WAV,Telephone Field,recover-20221013,001,1795
613.0205,613.0595,68437,82264,Rhinolophus ferrumequinum,0.023,0.023,-1,Echolocation,/mnt/ubna_data_02_mir/recover-20221013/UBNA_001/20221012_030000.WAV,Telephone Field,recover-20221013,001,1795
613.0285,613.0373,27187,37988,Eptesicus serotinus,0.008,0.021,-1,Echolocation,/mnt/ubna_data_02_mir/recover-20221013/UBNA_001/20221012_030000.WAV,Telephone Field,recover-20221013,001,1795
613.0565,613.0985,68437,82647,Rhinolophus ferrumequinum,0.023,0.023,-1,Echolocation,/mnt/ubna_data_02_mir/recover-20221013/UBNA_001/20221012_030000.WAV,Telephone Field,recover-20221013,001,1795
613.0965,613.1355,68437,82136,Rhinolophus ferrumequinum,0.021,0.021,-1,Echolocation,/mnt/ubna_data_02_mir/recover-20221013/UBNA_001/20221012_030000.WAV,Telephone Field,recover-20221013,001,1795
613.1005,613.108,23750,31872,Plecotus austriacus,0.009,0.021,-1,Echolocation,/mnt/ubna_data_02_mir/recover-20221013/UBNA_001/20221012_030000.WAV,Telephone Field,recover-20221013,001,1795
613.1175,613.1251,27187,35113,Eptesicus serotinus,0.022,0.049,-1,Echolocation,/mnt/ubna_data_02_mir/recover-20221013/UBNA_001/20221012_030000.WAV,Telephone Field,recover-20221013,001,1795
613.1315,613.1696,68437,80984,Rhinolophus ferrumequinum,0.025,0.025,-1,Echolocation,/mnt/ubna_data_02_mir/recover-20221013/UBNA_001/20221012_030000.WAV,Telephone Field,recover-20221013,001,1795
613.1575,613.1959,68437,82320,Rhinolophus ferrumequinum,0.027,0.027,-1,Echolocation,/mnt/ubna_data_02_mir/recover-20221013/UBNA_001/20221012_030000.WAV,Telephone Field,recover-20221013,001,1795
613.2235,613.2625,68437,81523,Rhinolophus ferrumequinum,0.021,0.021,-1,Echolocation,/mnt/ubna_data_02_mir/recover-20221013/UBNA_001/20221012_030000.WAV,Telephone Field,recover-20221013,001,1795
613.2835,613.3006,16015,21410,Nyctalus noctula,0.017,0.023,-1,Echolocation,/mnt/ubna_data_02_mir/recover-20221013/UBNA_001/20221012_030000.WAV,Telephone Field,recover-20221013,001,1795
613.3465,613.3551,28046,37824,Eptesicus serotinus,0.009,0.027,-1,Echolocation,/mnt/ubna_data_02_mir/recover-20221013/UBNA_001/20221012_030000.WAV,Telephone Field,recover-20221013,001,1795
613.3795,613.3904,23750,29672,Nyctalus leisleri,0.009,0.023,-1,Echolocation,/mnt/ubna_data_02_mir/recover-20221013/UBNA_001/20221012_030000.WAV,Telephone Field,recover-20221013,001,1795
613.3805,613.42,68437,82124,Rhinolophus ferrumequinum,0.024,0.024,-1,Echolocation,/mnt/ubna_data_02_mir/recover-20221013/UBNA_001/20221012_030000.WAV,Telephone Field,recover-20221013,001,1795
613.3945,613.4039,28906,39184,Eptesicus serotinus,0.008,0.022,-1,Echolocation,/mnt/ubna_data_02_mir/recover-20221013/UBNA_001/20221012_030000.WAV,Telephone Field,recover-20221013,001,1795
613.4295,613.4716,68437,83031,Rhinolophus ferrumequinum,0.022,0.022,-1,Echolocation,/mnt/ubna_data_02_mir/recover-20221013/UBNA_001/20221012_030000.WAV,Telephone Field,recover-20221013,001,1795
613.4375,613.445,26328,38022,Eptesicus serotinus,0.006,0.023,-1,Echolocation,/mnt/ubna_data_02_mir/recover-20221013/UBNA_001/20221012_030000.WAV,Telephone Field,recover-20221013,001,1795
613.5225,613.5305,28046,38716,Eptesicus serotinus,0.007,0.023,-1,Echolocation,/mnt/ubna_data_02_mir/recover-20221013/UBNA_001/20221012_030000.WAV,Telephone Field,recover-20221013,001,1795
613.5495,613.5599,22031,27015,Nyctalus leisleri,0.01,0.021,-1,Echolocation,/mnt/ubna_data_02_mir/recover-20221013/UBNA_001/20221012_030000.WAV,Telephone Field,recover-20221013,001,1795
613.5555,613.5661,22031,26024,Nyctalus leisleri,0.012,0.021,-1,Echolocation,/mnt/ubna_data_02_mir/recover-20221013/UBNA_001/20221012_030000.WAV,Telephone Field,recover-20221013,001,1795
613.5665,613.5764,28046,36060,Eptesicus serotinus,0.009,0.023,-1,Echolocation,/mnt/ubna_data_02_mir/recover-20221013/UBNA_001/20221012_030000.WAV,Telephone Field,recover-20221013,001,1795
613.5785,613.6142,68437,81560,Rhinolophus ferrumequinum,0.022,0.022,-1,Echolocation,/mnt/ubna_data_02_mir/recover-20221013/UBNA_001/20221012_030000.WAV,Telephone Field,recover-20221013,001,1795
613.6075,613.6158,28046,36971,Eptesicus serotinus,0.007,0.021,-1,Echolocation,/mnt/ubna_data_02_mir/recover-20221013/UBNA_001/20221012_030000.WAV,Telephone Field,recover-20221013,001,1795
613.6155,613.6568,68437,82639,Rhinolophus ferrumequinum,0.022,0.022,-1,Echolocation,/mnt/ubna_data_02_mir/recover-20221013/UBNA_001/20221012_030000.WAV,Telephone Field,recover-20221013,001,1795
613.6445,613.6813,68437,81679,Rhinolophus ferrumequinum,0.023,0.023,-1,Echolocation,/mnt/ubna_data_02_mir/recover-20221013/UBNA_001/20221012_030000.WAV,Telephone Field,recover-20221013,001,1795
613.6705,613.6835,23750,28528,Nyctalus leisleri,0.017,0.031,-1,Echolocation,/mnt/ubna_data_02_mir/recover-20221013/UBNA_001/20221012_030000.WAV,Telephone Field,recover-20221013,001,1795
613.6865,613.6962,28046,35878,Eptesicus serotinus,0.008,0.021,-1,Echolocation,/mnt/ubna_data_02_mir/recover-20221013/UBNA_001/20221012_030000.WAV,Telephone Field,recover-20221013,001,1795
613.6975,613.7366,68437,82501,Rhinolophus ferrumequinum,0.022,0.022,-1,Echolocation,/mnt/ubna_data_02_mir/recover-20221013/UBNA_001/20221012_030000.WAV,Telephone Field,recover-20221013,001,1795
613.7595,613.7687,28046,36335,Eptesicus serotinus,0.009,0.022,-1,Echolocation,/mnt/ubna_data_02_mir/recover-20221013/UBNA_001/20221012_030000.WAV,Telephone Field,recover-20221013,001,1795
613.7745,613.7878,22890,27028,Nyctalus leisleri,0.013,0.023,-1,Echolocation,/mnt/ubna_data_02_mir/recover-20221013/UBNA_001/20221012_030000.WAV,Telephone Field,recover-20221013,001,1795
613.7815,613.7931,23750,29087,Nyctalus leisleri,0.01,0.022,-1,Echolocation,/mnt/ubna_data_02_mir/recover-20221013/UBNA_001/20221012_030000.WAV,Telephone Field,recover-20221013,001,1795
613.8175,613.8572,68437,82877,Rhinolophus ferrumequinum,0.022,0.022,-1,Echolocation,/mnt/ubna_data_02_mir/recover-20221013/UBNA_001/20221012_030000.WAV,Telephone Field,recover-20221013,001,1795
613.8455,613.888,68437,82963,Rhinolophus ferrumequinum,0.052,0.052,-1,Echolocation,/mnt/ubna_data_02_mir/recover-20221013/UBNA_001/20221012_030000.WAV,Telephone Field,recover-20221013,001,1795
613.8625,613.87,27187,38978,Eptesicus serotinus,0.006,0.021,-1,Echolocation,/mnt/ubna_data_02_mir/recover-20221013/UBNA_001/20221012_030000.WAV,Telephone Field,recover-20221013,001,1795
613.8785,613.8918,35781,41129,Pipistrellus nathusii,0.021,0.039,-1,Echolocation,/mnt/ubna_data_02_mir/recover-20221013/UBNA_001/20221012_030000.WAV,Telephone Field,recover-20221013,001,1795
613.8785,613.9199,68437,82103,Rhinolophus ferrumequinum,0.028,0.028,-1,Echolocation,/mnt/ubna_data_02_mir/recover-20221013/UBNA_001/20221012_030000.WAV,Telephone Field,recover-20221013,001,1795
613.9265,613.9658,68437,81871,Rhinolophus ferrumequinum,0.024,0.024,-1,Echolocation,/mnt/ubna_data_02_mir/recover-20221013/UBNA_001/20221012_030000.WAV,Telephone Field,recover-20221013,001,1795
613.9815,613.9931,28046,35452,Eptesicus serotinus,0.016,0.031,-1,Echolocation,/mnt/ubna_data_02_mir/recover-20221013/UBNA_001/20221012_030000.WAV,Telephone Field,recover-20221013,001,1795
614.0015,614.0107,23750,30360,Nyctalus leisleri,0.011,0.031,-1,Echolocation,/mnt/ubna_data_02_mir/recover-20221013/UBNA_001/20221012_030000.WAV,Telephone Field,recover-20221013,001,1795
614.0015,614.0302,68437,80355,Rhinolophus ferrumequinum,0.039,0.04,-1,Echolocation,/mnt/ubna_data_02_mir/recover-20221013/UBNA_001/20221012_030000.WAV,Telephone Field,recover-20221013,001,1795
614.0295,614.07,68437,82317,Rhinolophus ferrumequinum,0.022,0.022,-1,Echolocation,/mnt/ubna_data_02_mir/recover-20221013/UBNA_001/20221012_030000.WAV,Telephone Field,recover-20221013,001,1795
614.0865,614.0939,23750,32316,Plecotus austriacus,0.009,0.024,-1,Echolocation,/mnt/ubna_data_02_mir/recover-20221013/UBNA_001/20221012_030000.WAV,Telephone Field,recover-20221013,001,1795
614.1005,614.1408,68437,81961,Rhinolophus ferrumequinum,0.022,0.022,-1,Echolocation,/mnt/ubna_data_02_mir/recover-20221013/UBNA_001/20221012_030000.WAV,Telephone Field,recover-20221013,001,1795
614.1075,614.144,68437,81359,Rhinolophus ferrumequinum,0.022,0.022,-1,Echolocation,/mnt/ubna_data_02_mir/recover-20221013/UBNA_001/20221012_030000.WAV,Telephone Field,recover-20221013,001,1795
614.1215,614.1536,68437,81032,Rhinolophus ferrumequinum,0.023,0.023,-1,Echolocation,/mnt/ubna_data_02_mir/recover-20221013/UBNA_001/20221012_030000.WAV,Telephone Field,recover-20221013,001,1795
614.1345,614.1734,68437,82147,Rhinolophus ferrumequinum,0.023,0.023,-1,Echolocation,/mnt/ubna_data_02_mir/recover-20221013/UBNA_001/20221012_030000.WAV,Telephone Field,recover-20221013,001,1795
614.1515,614.1574,27187,46181,Plecotus auritus,0.006,0.027,-1,Echolocation,/mnt/ubna_data_02_mir/recover-20221013/UBNA_001/20221012_030000.WAV,Telephone Field,recover-20221013,001,1795
614.2475,614.2573,28906,36234,Eptesicus serotinus,0.014,0.029,-1,Echolocation,/mnt/ubna_data_02_mir/recover-20221013/UBNA_001/20221012_030000.WAV,Telephone Field,recover-20221013,001,1795
614.2845,614.3249,68437,82592,Rhinolophus ferrumequinum,0.025,0.025,-1,Echolocation,/mnt/ubna_data_02_mir/recover-20221013/UBNA_001/20221012_030000.WAV,Telephone Field,recover-20221013,001,1795
614.3065,614.3447,68437,82082,Rhinolophus ferrumequinum,0.024,0.024,-1,Echolocation,/mnt/ubna_data_02_mir/recover-20221013/UBNA_001/20221012_030000.WAV,Telephone Field,recover-20221013,001,1795
614.3555,614.394,68437,82001,Rhinolophus ferrumequinum,0.026,0.027,-1,Echolocation,/mnt/ubna_data_02_mir/recover-20221013/UBNA_001/20221012_030000.WAV,Telephone Field,recover-20221013,001,1795
614.3565,614.3667,26328,33009,Eptesicus serotinus,0.01,0.022,-1,Echolocation,/mnt/ubna_data_02_mir/recover-20221013/UBNA_001/20221012_030000.WAV,Telephone Field,recover-20221013,001,1795
614.3885,614.4263,68437,82159,Rhinolophus ferrumequinum,0.023,0.023,-1,Echolocation,/mnt/ubna_data_02_mir/recover-20221013/UBNA_001/20221012_030000.WAV,Telephone Field,recover-20221013,001,1795
614.3965,614.4352,68437,81899,Rhinolophus ferrumequinum,0.022,0.022,-1,Echolocation,/mnt/ubna_data_02_mir/recover-20221013/UBNA_001/20221012_030000.WAV,Telephone Field,recover-20221013,001,1795
614.4015,614.4118,28906,37786,Eptesicus serotinus,0.011,0.024,-1,Echolocation,/mnt/ubna_data_02_mir/recover-20221013/UBNA_001/20221012_030000.WAV,Telephone Field,recover-20221013,001,1795
614.4625,614.5048,68437,83317,Rhinolophus ferrumequinum,0.033,0.033,-1,Echolocation,/mnt/ubna_data_02_mir/recover-20221013/UBNA_001/20221012_030000.WAV,Telephone Field,recover-20221013,001,1795
614.4815,614.5196,68437,82387,Rhinolophus ferrumequinum,0.022,0.022,-1,Echolocation,/mnt/ubna_data_02_mir/recover-20221013/UBNA_001/20221012_030000.WAV,Telephone Field,recover-20221013,001,1795
614.4895,614.5275,68437,82343,Rhinolophus ferrumequinum,0.022,0.022,-1,Echolocation,/mnt/ubna_data_02_mir/recover-20221013/UBNA_001/20221012_030000.WAV,Telephone Field,recover-20221013,001,1795
614.5035,614.5139,23750,28971,Nyctalus leisleri,0.01,0.022,-1,Echolocation,/mnt/ubna_data_02_mir/recover-20221013/UBNA_001/20221012_030000.WAV,Telephone Field,recover-20221013,001,1795
614.5285,614.5381,26328,34316,Eptesicus serotinus,0.012,0.029,-1,Echolocation,/mnt/ubna_data_02_mir/recover-20221013/UBNA_001/20221012_030000.WAV,Telephone Field,recover-20221013,001,1795
614.5645,614.6018,68437,82256,Rhinolophus ferrumequinum,0.033,0.033,-1,Echolocation,/mnt/ubna_data_02_mir/recover-20221013/UBNA_001/20221012_030000.WAV,Telephone Field,recover-20221013,001,1795
614.5655,614.5733,28906,39132,Eptesicus serotinus,0.007,0.022,-1,Echolocation,/mnt/ubna_data_02_mir/recover-20221013/UBNA_001/20221012_030000.WAV,Telephone Field,recover-20221013,001,1795
614.5735,614.6052999999999,68437,80374,Rhinolophus ferrumequinum,0.027,0.027,-1,Echolocation,/mnt/ubna_data_02_mir/recover-20221013/UBNA_001/20221012_030000.WAV,Telephone Field,recover-20221013,001,1795
614.6235,614.6299,28046,42152,Eptesicus serotinus,0.005,0.022,-1,Echolocation,/mnt/ubna_data_02_mir/recover-20221013/UBNA_001/20221012_030000.WAV,Telephone Field,recover-20221013,001,1795
614.6385,614.6766,68437,82228,Rhinolophus ferrumequinum,0.022,0.022,-1,Echolocation,/mnt/ubna_data_02_mir/recover-20221013/UBNA_001/20221012_030000.WAV,Telephone Field,recover-20221013,001,1795
614.6435,614.6568,23750,28412,Nyctalus leisleri,0.018,0.039,-1,Echolocation,/mnt/ubna_data_02_mir/recover-20221013/UBNA_001/20221012_030000.WAV,Telephone Field,recover-20221013,001,1795
614.6505,614.6939,68437,83286,Rhinolophus ferrumequinum,0.027,0.027,-1,Echolocation,/mnt/ubna_data_02_mir/recover-20221013/UBNA_001/20221012_030000.WAV,Telephone Field,recover-20221013,001,1795
614.6805,614.7188,68437,81698,Rhinolophus ferrumequinum,0.023,0.023,-1,Echolocation,/mnt/ubna_data_02_mir/recover-20221013/UBNA_001/20221012_030000.WAV,Telephone Field,recover-20221013,001,1795
614.6895,614.7004,28046,35727,Eptesicus serotinus,0.011,0.024,-1,Echolocation,/mnt/ubna_data_02_mir/recover-20221013/UBNA_001/20221012_030000.WAV,Telephone Field,recover-20221013,001,1795
614.7535,614.7927999999999,68437,82034,Rhinolophus ferrumequinum,0.025,0.025,-1,Echolocation,/mnt/ubna_data_02_mir/recover-20221013/UBNA_001/20221012_030000.WAV,Telephone Field,recover-20221013,001,1795
614.7795,614.8214,68437,82828,Rhinolophus ferrumequinum,0.023,0.023,-1,Echolocation,/mnt/ubna_data_02_mir/recover-20221013/UBNA_001/20221012_030000.WAV,Telephone Field,recover-20221013,001,1795
614.7865,614.7964,44375,55199,Pipistrellus pipistrellus,0.019,0.032,-1,Echolocation,/mnt/ubna_data_02_mir/recover-20221013/UBNA_001/20221012_030000.WAV,Telephone Field,recover-20221013,001,1795
614.7905,614.7987,28046,39013,Eptesicus serotinus,0.008,0.022,-1,Echolocation,/mnt/ubna_data_02_mir/recover-20221013/UBNA_001/20221012_030000.WAV,Telephone Field,recover-20221013,001,1795
614.8135,614.8516,68437,82336,Rhinolophus ferrumequinum,0.024,0.024,-1,Echolocation,/mnt/ubna_data_02_mir/recover-20221013/UBNA_001/20221012_030000.WAV,Telephone Field,recover-20221013,001,1795
614.8245,614.8659,68437,82397,Rhinolophus ferrumequinum,0.026,0.026,-1,Echolocation,/mnt/ubna_data_02_mir/recover-20221013/UBNA_001/20221012_030000.WAV,Telephone Field,recover-20221013,001,1795
614.8265,614.8377,49531,54442,Pipistrellus pipistrellus,0.041,0.046,-1,Echolocation,/mnt/ubna_data_02_mir/recover-20221013/UBNA_001/20221012_030000.WAV,Telephone Field,recover-20221013,001,1795
614.8635,614.8985,68437,80409,Rhinolophus ferrumequinum,0.023,0.023,-1,Echolocation,/mnt/ubna_data_02_mir/recover-20221013/UBNA_001/20221012_030000.WAV,Telephone Field,recover-20221013,001,1795
614.8895,614.926,68437,81610,Rhinolophus ferrumequinum,0.023,0.023,-1,Echolocation,/mnt/ubna_data_02_mir/recover-20221013/UBNA_001/20221012_030000.WAV,Telephone Field,recover-20221013,001,1795
614.9315,614.9727,68437,82848,Rhinolophus ferrumequinum,0.031,0.031,-1,Echolocation,/mnt/ubna_data_02_mir/recover-20221013/UBNA_001/20221012_030000.WAV,Telephone Field,recover-20221013,001,1795
614.9405,614.9833,68437,82216,Rhinolophus ferrumequinum,0.03,0.03,-1,Echolocation,/mnt/ubna_data_02_mir/recover-20221013/UBNA_001/20221012_030000.WAV,Telephone Field,recover-20221013,001,1795
614.9535,614.9628,44375,54967,Pipistrellus pipistrellus,0.016,0.027,-1,Echolocation,/mnt/ubna_data_02_mir/recover-20221013/UBNA_001/20221012_030000.WAV,Telephone Field,recover-20221013,001,1795
614.9755,615.0144,68437,81703,Rhinolophus ferrumequinum,0.026,0.026,-1,Echolocation,/mnt/ubna_data_02_mir/recover-20221013/UBNA_001/20221012_030000.WAV,Telephone Field,recover-20221013,001,1795
615.0145,615.0529,68437,82310,Rhinolophus ferrumequinum,0.025,0.025,-1,Echolocation,/mnt/ubna_data_02_mir/recover-20221013/UBNA_001/20221012_030000.WAV,Telephone Field,recover-20221013,001,1795
615.0655,615.1051,68437,82192,Rhinolophus ferrumequinum,0.021,0.021,-1,Echolocation,/mnt/ubna_data_02_mir/recover-20221013/UBNA_001/20221012_030000.WAV,Telephone Field,recover-20221013,001,1795
615.0785,615.0849,24609,34336,Plecotus austriacus,0.011,0.028,-1,Echolocation,/mnt/ubna_data_02_mir/recover-20221013/UBNA_001/20221012_030000.WAV,Telephone Field,recover-20221013,001,1795
615.0865,615.1235,68437,81750,Rhinolophus ferrumequinum,0.023,0.023,-1,Echolocation,/mnt/ubna_data_02_mir/recover-20221013/UBNA_001/20221012_030000.WAV,Telephone Field,recover-20221013,001,1795
615.1035,615.1465,68437,83334,Rhinolophus ferrumequinum,0.043,0.043,-1,Echolocation,/mnt/ubna_data_02_mir/recover-20221013/UBNA_001/20221012_030000.WAV,Telephone Field,recover-20221013,001,1795
615.1565,615.194,68437,82336,Rhinolophus ferrumequinum,0.027,0.027,-1,Echolocation,/mnt/ubna_data_02_mir/recover-20221013/UBNA_001/20221012_030000.WAV,Telephone Field,recover-20221013,001,1795
615.1635,615.1728,24609,32472,Nyctalus leisleri,0.007,0.022,-1,Echolocation,/mnt/ubna_data_02_mir/recover-20221013/UBNA_001/20221012_030000.WAV,Telephone Field,recover-20221013,001,1795
615.1825,615.2193,68437,81257,Rhinolophus ferrumequinum,0.022,0.022,-1,Echolocation,/mnt/ubna_data_02_mir/recover-20221013/UBNA_001/20221012_030000.WAV,Telephone Field,recover-20221013,001,1795
615.2075,615.2435,68437,82026,Rhinolophus ferrumequinum,0.027,0.027,-1,Echolocation,/mnt/ubna_data_02_mir/recover-20221013/UBNA_001/20221012_030000.WAV,Telephone Field,recover-20221013,001,1795
615.2215,615.2586,68437,81663,Rhinolophus ferrumequinum,0.026,0.026,-1,Echolocation,/mnt/ubna_data_02_mir/recover-20221013/UBNA_001/20221012_030000.WAV,Telephone Field,recover-20221013,001,1795
615.2315,615.2707,68437,82987,Rhinolophus ferrumequinum,0.028,0.028,-1,Echolocation,/mnt/ubna_data_02_mir/recover-20221013/UBNA_001/20221012_030000.WAV,Telephone Field,recover-20221013,001,1795
615.2555,615.2946,68437,82170,Rhinolophus ferrumequinum,0.022,0.023,-1,Echolocation,/mnt/ubna_data_02_mir/recover-20221013/UBNA_001/20221012_030000.WAV,Telephone Field,recover-20221013,001,1795
615.2895,615.3002,22890,28413,Nyctalus leisleri,0.01,0.023,-1,Echolocation,/mnt/ubna_data_02_mir/recover-20221013/UBNA_001/20221012_030000.WAV,Telephone Field,recover-20221013,001,1795
615.2965,615.3053,22890,29491,Plecotus austriacus,0.008,0.022,-1,Echolocation,/mnt/ubna_data_02_mir/recover-20221013/UBNA_001/20221012_030000.WAV,Telephone Field,recover-20221013,001,1795
615.3055,615.3178,44375,47740,Pipistrellus pipistrellus,0.022,0.025,-1,Echolocation,/mnt/ubna_data_02_mir/recover-20221013/UBNA_001/20221012_030000.WAV,Telephone Field,recover-20221013,001,1795
615.3355,615.345,25468,32895,Eptesicus serotinus,0.01,0.024,-1,Echolocation,/mnt/ubna_data_02_mir/recover-20221013/UBNA_001/20221012_030000.WAV,Telephone Field,recover-20221013,001,1795
615.3495,615.3569,26328,35198,Eptesicus serotinus,0.008,0.022,-1,Echolocation,/mnt/ubna_data_02_mir/recover-20221013/UBNA_001/20221012_030000.WAV,Telephone Field,recover-20221013,001,1795
615.4725,615.4849,23750,29046,Nyctalus leisleri,0.012,0.024,-1,Echolocation,/mnt/ubna_data_02_mir/recover-20221013/UBNA_001/20221012_030000.WAV,Telephone Field,recover-20221013,001,1795
615.4865,615.4984,22890,27753,Nyctalus leisleri,0.015,0.03,-1,Echolocation,/mnt/ubna_data_02_mir/recover-20221013/UBNA_001/20221012_030000.WAV,Telephone Field,recover-20221013,001,1795
615.4955,615.5359,68437,83018,Rhinolophus ferrumequinum,0.035,0.035,-1,Echolocation,/mnt/ubna_data_02_mir/recover-20221013/UBNA_001/20221012_030000.WAV,Telephone Field,recover-20221013,001,1795
615.5075,615.5492,68437,82504,Rhinolophus ferrumequinum,0.024,0.024,-1,Echolocation,/mnt/ubna_data_02_mir/recover-20221013/UBNA_001/20221012_030000.WAV,Telephone Field,recover-20221013,001,1795
615.5155,615.5557,68437,82440,Rhinolophus ferrumequinum,0.022,0.022,-1,Echolocation,/mnt/ubna_data_02_mir/recover-20221013/UBNA_001/20221012_030000.WAV,Telephone Field,recover-20221013,001,1795
615.5695,615.6085,68437,82057,Rhinolophus ferrumequinum,0.024,0.024,-1,Echolocation,/mnt/ubna_data_02_mir/recover-20221013/UBNA_001/20221012_030000.WAV,Telephone Field,recover-20221013,001,1795
615.5915,615.628,68437,82318,Rhinolophus ferrumequinum,0.025,0.025,-1,Echolocation,/mnt/ubna_data_02_mir/recover-20221013/UBNA_001/20221012_030000.WAV,Telephone Field,recover-20221013,001,1795
615.5925,615.6036,54687,60818,Pipistrellus pygmaeus,0.021,0.022,-1,Echolocation,/mnt/ubna_data_02_mir/recover-20221013/UBNA_001/20221012_030000.WAV,Telephone Field,recover-20221013,001,1795
615.6155,615.6583,68437,83320,Rhinolophus ferrumequinum,0.037,0.037,-1,Echolocation,/mnt/ubna_data_02_mir/recover-20221013/UBNA_001/20221012_030000.WAV,Telephone Field,recover-20221013,001,1795
615.6545,615.6939,68437,82608,Rhinolophus ferrumequinum,0.024,0.025,-1,Echolocation,/mnt/ubna_data_02_mir/recover-20221013/UBNA_001/20221012_030000.WAV,Telephone Field,recover-20221013,001,1795
615.6725,615.685,28906,35949,Eptesicus serotinus,0.013,0.024,-1,Echolocation,/mnt/ubna_data_02_mir/recover-20221013/UBNA_001/20221012_030000.WAV,Telephone Field,recover-20221013,001,1795
615.6745,615.7148,68437,82365,Rhinolophus ferrumequinum,0.022,0.022,-1,Echolocation,/mnt/ubna_data_02_mir/recover-20221013/UBNA_001/20221012_030000.WAV,Telephone Field,recover-20221013,001,1795
615.7075,615.7477,68437,82772,Rhinolophus ferrumequinum,0.024,0.024,-1,Echolocation,/mnt/ubna_data_02_mir/recover-20221013/UBNA_001/20221012_030000.WAV,Telephone Field,recover-20221013,001,1795
615.7135,615.7208,28906,41061,Eptesicus serotinus,0.009,0.029,-1,Echolocation,/mnt/ubna_data_02_mir/recover-20221013/UBNA_001/20221012_030000.WAV,Telephone Field,recover-20221013,001,1795
615.7515,615.7921,68437,82239,Rhinolophus ferrumequinum,0.026,0.026,-1,Echolocation,/mnt/ubna_data_02_mir/recover-20221013/UBNA_001/20221012_030000.WAV,Telephone Field,recover-20221013,001,1795
615.7735,615.7813,28906,39783,Eptesicus serotinus,0.007,0.022,-1,Echolocation,/mnt/ubna_data_02_mir/recover-20221013/UBNA_001/20221012_030000.WAV,Telephone Field,recover-20221013,001,1795
615.7885,615.8262,68437,81935,Rhinolophus ferrumequinum,0.022,0.022,-1,Echolocation,/mnt/ubna_data_02_mir/recover-20221013/UBNA_001/20221012_030000.WAV,Telephone Field,recover-20221013,001,1795
615.7975,615.8371,68437,82489,Rhinolophus ferrumequinum,0.022,0.022,-1,Echolocation,/mnt/ubna_data_02_mir/recover-20221013/UBNA_001/20221012_030000.WAV,Telephone Field,recover-20221013,001,1795
615.8635,615.901,68437,81825,Rhinolophus ferrumequinum,0.026,0.026,-1,Echolocation,/mnt/ubna_data_02_mir/recover-20221013/UBNA_001/20221012_030000.WAV,Telephone Field,recover-20221013,001,1795
615.8715,615.9087,68437,82132,Rhinolophus ferrumequinum,0.024,0.024,-1,Echolocation,/mnt/ubna_data_02_mir/recover-20221013/UBNA_001/20221012_030000.WAV,Telephone Field,recover-20221013,001,1795
615.8725,615.88,25468,34279,Eptesicus serotinus,0.006,0.022,-1,Echolocation,/mnt/ubna_data_02_mir/recover-20221013/UBNA_001/20221012_030000.WAV,Telephone Field,recover-20221013,001,1795
615.8895,615.9249,68437,81220,Rhinolophus ferrumequinum,0.022,0.022,-1,Echolocation,/mnt/ubna_data_02_mir/recover-20221013/UBNA_001/20221012_030000.WAV,Telephone Field,recover-20221013,001,1795
615.9095,615.9183,25468,33960,Eptesicus serotinus,0.009,0.023,-1,Echolocation,/mnt/ubna_data_02_mir/recover-20221013/UBNA_001/20221012_030000.WAV,Telephone Field,recover-20221013,001,1795
615.9355,615.9735,68437,82087,Rhinolophus ferrumequinum,0.022,0.022,-1,Echolocation,/mnt/ubna_data_02_mir/recover-20221013/UBNA_001/20221012_030000.WAV,Telephone Field,recover-20221013,001,1795
615.9435,615.9835,68437,82363,Rhinolophus ferrumequinum,0.023,0.023,-1,Echolocation,/mnt/ubna_data_02_mir/recover-20221013/UBNA_001/20221012_030000.WAV,Telephone Field,recover-20221013,001,1795
615.9435,615.9553,22890,27192,Nyctalus leisleri,0.013,0.023,-1,Echolocation,/mnt/ubna_data_02_mir/recover-20221013/UBNA_001/20221012_030000.WAV,Telephone Field,recover-20221013,001,1795
615.9815,615.9925,22031,27394,Nyctalus leisleri,0.013,0.03,-1,Echolocation,/mnt/ubna_data_02_mir/recover-20221013/UBNA_001/20221012_030000.WAV,Telephone Field,recover-20221013,001,1795
616.0015,616.0071,48671,54888,Pipistrellus pipistrellus,0.026,0.034,-1,Echolocation,/mnt/ubna_data_02_mir/recover-20221013/UBNA_001/20221012_030000.WAV,Telephone Field,recover-20221013,001,1795
616.0015,616.0103,22031,27907,Nyctalus leisleri,0.011,0.028,-1,Echolocation,/mnt/ubna_data_02_mir/recover-20221013/UBNA_001/20221012_030000.WAV,Telephone Field,recover-20221013,001,1795
616.0015,616.0322,68437,80531,Rhinolophus ferrumequinum,0.037,0.038,-1,Echolocation,/mnt/ubna_data_02_mir/recover-20221013/UBNA_001/20221012_030000.WAV,Telephone Field,recover-20221013,001,1795
616.0155,616.0554,68437,83009,Rhinolophus ferrumequinum,0.023,0.023,-1,Echolocation,/mnt/ubna_data_02_mir/recover-20221013/UBNA_001/20221012_030000.WAV,Telephone Field,recover-20221013,001,1795
616.0225,616.0624,68437,82342,Rhinolophus ferrumequinum,0.024,0.024,-1,Echolocation,/mnt/ubna_data_02_mir/recover-20221013/UBNA_001/20221012_030000.WAV,Telephone Field,recover-20221013,001,1795
616.0465,616.0549,46953,54874,Pipistrellus pipistrellus,0.028,0.033,-1,Echolocation,/mnt/ubna_data_02_mir/recover-20221013/UBNA_001/20221012_030000.WAV,Telephone Field,recover-20221013,001,1795
616.0585,616.0958,68437,82194,Rhinolophus ferrumequinum,0.023,0.023,-1,Echolocation,/mnt/ubna_data_02_mir/recover-20221013/UBNA_001/20221012_030000.WAV,Telephone Field,recover-20221013,001,1795
616.0675,616.0784,25468,32183,Eptesicus serotinus,0.008,0.023,-1,Echolocation,/mnt/ubna_data_02_mir/recover-20221013/UBNA_001/20221012_030000.WAV,Telephone Field,recover-20221013,001,1795
616.1735,616.1905,20312,23368,Nyctalus leisleri,0.015,0.026,-1,Echolocation,/mnt/ubna_data_02_mir/recover-20221013/UBNA_001/20221012_030000.WAV,Telephone Field,recover-20221013,001,1795
616.2045,616.2178,25468,31570,Nyctalus leisleri,0.011,0.029,-1,Echolocation,/mnt/ubna_data_02_mir/recover-20221013/UBNA_001/20221012_030000.WAV,Telephone Field,recover-20221013,001,1795
616.2155,616.2543000000001,68437,82477,Rhinolophus ferrumequinum,0.025,0.025,-1,Echolocation,/mnt/ubna_data_02_mir/recover-20221013/UBNA_001/20221012_030000.WAV,Telephone Field,recover-20221013,001,1795
616.2815,616.2891,28046,39961,Eptesicus serotinus,0.008,0.024,-1,Echolocation,/mnt/ubna_data_02_mir/recover-20221013/UBNA_001/20221012_030000.WAV,Telephone Field,recover-20221013,001,1795
616.2845,616.324,68437,83015,Rhinolophus ferrumequinum,0.026,0.026,-1,Echolocation,/mnt/ubna_data_02_mir/recover-20221013/UBNA_001/20221012_030000.WAV,Telephone Field,recover-20221013,001,1795
616.3125,616.3242,22031,26720,Nyctalus leisleri,0.013,0.025,-1,Echolocation,/mnt/ubna_data_02_mir/recover-20221013/UBNA_001/20221012_030000.WAV,Telephone Field,recover-20221013,001,1795
616.3305,616.3689,68437,82162,Rhinolophus ferrumequinum,0.023,0.023,-1,Echolocation,/mnt/ubna_data_02_mir/recover-20221013/UBNA_001/20221012_030000.WAV,Telephone Field,recover-20221013,001,1795
616.3315,616.3439,22031,25651,Nyctalus leisleri,0.016,0.025,-1,Echolocation,/mnt/ubna_data_02_mir/recover-20221013/UBNA_001/20221012_030000.WAV,Telephone Field,recover-20221013,001,1795
616.3595,616.3674,58125,63726,Pipistrellus pygmaeus,0.045,0.045,-1,Echolocation,/mnt/ubna_data_02_mir/recover-20221013/UBNA_001/20221012_030000.WAV,Telephone Field,recover-20221013,001,1795
616.3875,616.4242,68437,81879,Rhinolophus ferrumequinum,0.023,0.023,-1,Echolocation,/mnt/ubna_data_02_mir/recover-20221013/UBNA_001/20221012_030000.WAV,Telephone Field,recover-20221013,001,1795
616.3905,616.3973,28046,40608,Eptesicus serotinus,0.007,0.026,-1,Echolocation,/mnt/ubna_data_02_mir/recover-20221013/UBNA_001/20221012_030000.WAV,Telephone Field,recover-20221013,001,1795
616.4125,616.4557,68437,83591,Rhinolophus ferrumequinum,0.048,0.048,-1,Echolocation,/mnt/ubna_data_02_mir/recover-20221013/UBNA_001/20221012_030000.WAV,Telephone Field,recover-20221013,001,1795
616.4225,616.433,15156,24629,Nyctalus noctula,0.016,0.027,-1,Echolocation,/mnt/ubna_data_02_mir/recover-20221013/UBNA_001/20221012_030000.WAV,Telephone Field,recover-20221013,001,1795
616.4235,616.4335,28906,36363,Eptesicus serotinus,0.009,0.023,-1,Echolocation,/mnt/ubna_data_02_mir/recover-20221013/UBNA_001/20221012_030000.WAV,Telephone Field,recover-20221013,001,1795
616.4485,616.4554,23750,32894,Plecotus austriacus,0.011,0.022,-1,Echolocation,/mnt/ubna_data_02_mir/recover-20221013/UBNA_001/20221012_030000.WAV,Telephone Field,recover-20221013,001,1795
616.4515,616.4639,51250,56484,Pipistrellus pipistrellus,0.017,0.027,-1,Echolocation,/mnt/ubna_data_02_mir/recover-20221013/UBNA_001/20221012_030000.WAV,Telephone Field,recover-20221013,001,1795
616.4635,616.5021,68437,82246,Rhinolophus ferrumequinum,0.026,0.026,-1,Echolocation,/mnt/ubna_data_02_mir/recover-20221013/UBNA_001/20221012_030000.WAV,Telephone Field,recover-20221013,001,1795
616.4815,616.5195,68437,82252,Rhinolophus ferrumequinum,0.023,0.023,-1,Echolocation,/mnt/ubna_data_02_mir/recover-20221013/UBNA_001/20221012_030000.WAV,Telephone Field,recover-20221013,001,1795
616.4865,616.4994,14296,19333,Nyctalus noctula,0.036,0.054,-1,Echolocation,/mnt/ubna_data_02_mir/recover-20221013/UBNA_001/20221012_030000.WAV,Telephone Field,recover-20221013,001,1795
616.4885,616.527,68437,82491,Rhinolophus ferrumequinum,0.024,0.024,-1,Echolocation,/mnt/ubna_data_02_mir/recover-20221013/UBNA_001/20221012_030000.WAV,Telephone Field,recover-20221013,001,1795
616.5275,616.5369,38359,45973,Pipistrellus nathusii,0.012,0.026,-1,Echolocation,/mnt/ubna_data_02_mir/recover-20221013/UBNA_001/20221012_030000.WAV,Telephone Field,recover-20221013,001,1795
616.5985000000001,616.604,51250,59269,Pipistrellus pipistrellus,0.018,0.022,-1,Echolocation,/mnt/ubna_data_02_mir/recover-20221013/UBNA_001/20221012_030000.WAV,Telephone Field,recover-20221013,001,1795
616.5985000000001,616.6368,68437,82039,Rhinolophus ferrumequinum,0.024,0.025,-1,Echolocation,/mnt/ubna_data_02_mir/recover-20221013/UBNA_001/20221012_030000.WAV,Telephone Field,recover-20221013,001,1795
616.6245,616.6311,28906,40286,Eptesicus serotinus,0.007,0.03,-1,Echolocation,/mnt/ubna_data_02_mir/recover-20221013/UBNA_001/20221012_030000.WAV,Telephone Field,recover-20221013,001,1795
616.6514999999999,616.6604,28046,41323,Eptesicus serotinus,0.011,0.028,-1,Echolocation,/mnt/ubna_data_02_mir/recover-20221013/UBNA_001/20221012_030000.WAV,Telephone Field,recover-20221013,001,1795
616.6725,616.6806,23750,32107,Plecotus austriacus,0.009,0.025,-1,Echolocation,/mnt/ubna_data_02_mir/recover-20221013/UBNA_001/20221012_030000.WAV,Telephone Field,recover-20221013,001,1795
616.6985,616.7068,28046,41245,Eptesicus serotinus,0.008,0.023,-1,Echolocation,/mnt/ubna_data_02_mir/recover-20221013/UBNA_001/20221012_030000.WAV,Telephone Field,recover-20221013,001,1795
616.6995,616.738,68437,82405,Rhinolophus ferrumequinum,0.025,0.025,-1,Echolocation,/mnt/ubna_data_02_mir/recover-20221013/UBNA_001/20221012_030000.WAV,Telephone Field,recover-20221013,001,1795
616.7065,616.7479,68437,82484,Rhinolophus ferrumequinum,0.025,0.025,-1,Echolocation,/mnt/ubna_data_02_mir/recover-20221013/UBNA_001/20221012_030000.WAV,Telephone Field,recover-20221013,001,1795
616.7235000000001,616.7634,68437,82766,Rhinolophus ferrumequinum,0.026,0.026,-1,Echolocation,/mnt/ubna_data_02_mir/recover-20221013/UBNA_001/20221012_030000.WAV,Telephone Field,recover-20221013,001,1795
616.7395,616.7836,68437,82787,Rhinolophus ferrumequinum,0.035,0.035,-1,Echolocation,/mnt/ubna_data_02_mir/recover-20221013/UBNA_001/20221012_030000.WAV,Telephone Field,recover-20221013,001,1795
616.7545,616.7967,68437,83267,Rhinolophus ferrumequinum,0.031,0.031,-1,Echolocation,/mnt/ubna_data_02_mir/recover-20221013/UBNA_001/20221012_030000.WAV,Telephone Field,recover-20221013,001,1795
616.7755,616.8171,68437,82308,Rhinolophus ferrumequinum,0.023,0.023,-1,Echolocation,/mnt/ubna_data_02_mir/recover-20221013/UBNA_001/20221012_030000.WAV,Telephone Field,recover-20221013,001,1795
616.7855,616.826,68437,83322,Rhinolophus ferrumequinum,0.023,0.023,-1,Echolocation,/mnt/ubna_data_02_mir/recover-20221013/UBNA_001/20221012_030000.WAV,Telephone Field,recover-20221013,001,1795
616.8255,616.862,68437,81859,Rhinolophus ferrumequinum,0.029,0.029,-1,Echolocation,/mnt/ubna_data_02_mir/recover-20221013/UBNA_001/20221012_030000.WAV,Telephone Field,recover-20221013,001,1795
616.8305,616.8389,44375,49927,Pipistrellus pipistrellus,0.041,0.046,-1,Echolocation,/mnt/ubna_data_02_mir/recover-20221013/UBNA_001/20221012_030000.WAV,Telephone Field,recover-20221013,001,1795
616.8515,616.8934,68437,82306,Rhinolophus ferrumequinum,0.028,0.028,-1,Echolocation,/mnt/ubna_data_02_mir/recover-20221013/UBNA_001/20221012_030000.WAV,Telephone Field,recover-20221013,001,1795
616.8875,616.8949,28046,39990,Eptesicus serotinus,0.008,0.026,-1,Echolocation,/mnt/ubna_data_02_mir/recover-20221013/UBNA_001/20221012_030000.WAV,Telephone Field,recover-20221013,001,1795
616.9255,616.9652,68437,82541,Rhinolophus ferrumequinum,0.023,0.023,-1,Echolocation,/mnt/ubna_data_02_mir/recover-20221013/UBNA_001/20221012_030000.WAV,Telephone Field,recover-20221013,001,1795
616.9365,616.9456,28906,36497,Eptesicus serotinus,0.009,0.025,-1,Echolocation,/mnt/ubna_data_02_mir/recover-20221013/UBNA_001/20221012_030000.WAV,Telephone Field,recover-20221013,001,1795
616.9415,616.9495,50390,54776,Pipistrellus pipistrellus,0.021,0.023,-1,Echolocation,/mnt/ubna_data_02_mir/recover-20221013/UBNA_001/20221012_030000.WAV,Telephone Field,recover-20221013,001,1795
616.9475,616.9871,68437,83083,Rhinolophus ferrumequinum,0.026,0.026,-1,Echolocation,/mnt/ubna_data_02_mir/recover-20221013/UBNA_001/20221012_030000.WAV,Telephone Field,recover-20221013,001,1795
616.9635,617.0022,68437,81658,Rhinolophus ferrumequinum,0.024,0.024,-1,Echolocation,/mnt/ubna_data_02_mir/recover-20221013/UBNA_001/20221012_030000.WAV,Telephone Field,recover-20221013,001,1795
617.0075,617.0484,68437,82753,Rhinolophus ferrumequinum,0.022,0.022,-1,Echolocation,/mnt/ubna_data_02_mir/recover-20221013/UBNA_001/20221012_030000.WAV,Telephone Field,recover-20221013,001,1795
617.0085,617.0188,39218,45681,Pipistrellus nathusii,0.013,0.025,-1,Echolocation,/mnt/ubna_data_02_mir/recover-20221013/UBNA_001/20221012_030000.WAV,Telephone Field,recover-20221013,001,1795
617.0385,617.0499,27187,34857,Eptesicus serotinus,0.01,0.023,-1,Echolocation,/mnt/ubna_data_02_mir/recover-20221013/UBNA_001/20221012_030000.WAV,Telephone Field,recover-20221013,001,1795
617.0895,617.1315,68437,82525,Rhinolophus ferrumequinum,0.035,0.035,-1,Echolocation,/mnt/ubna_data_02_mir/recover-20221013/UBNA_001/20221012_030000.WAV,Telephone Field,recover-20221013,001,1795
617.1165,617.1239,47812,60021,Pipistrellus pipistrellus,0.017,0.028,-1,Echolocation,/mnt/ubna_data_02_mir/recover-20221013/UBNA_001/20221012_030000.WAV,Telephone Field,recover-20221013,001,1795
617.1255,617.1441,18593,22561,Nyctalus noctula,0.014,0.023,-1,Echolocation,/mnt/ubna_data_02_mir/recover-20221013/UBNA_001/20221012_030000.WAV,Telephone Field,recover-20221013,001,1795
617.1335,617.1444,22890,28386,Nyctalus leisleri,0.011,0.026,-1,Echolocation,/mnt/ubna_data_02_mir/recover-20221013/UBNA_001/20221012_030000.WAV,Telephone Field,recover-20221013,001,1795
617.1495,617.1914,68437,83488,Rhinolophus ferrumequinum,0.03,0.03,-1,Echolocation,/mnt/ubna_data_02_mir/recover-20221013/UBNA_001/20221012_030000.WAV,Telephone Field,recover-20221013,001,1795
617.1615,617.1714,28906,37017,Eptesicus serotinus,0.01,0.024,-1,Echolocation,/mnt/ubna_data_02_mir/recover-20221013/UBNA_001/20221012_030000.WAV,Telephone Field,recover-20221013,001,1795
617.1825,617.2204,68437,81811,Rhinolophus ferrumequinum,0.024,0.024,-1,Echolocation,/mnt/ubna_data_02_mir/recover-20221013/UBNA_001/20221012_030000.WAV,Telephone Field,recover-20221013,001,1795
617.1985,617.2353,68437,81925,Rhinolophus ferrumequinum,0.024,0.024,-1,Echolocation,/mnt/ubna_data_02_mir/recover-20221013/UBNA_001/20221012_030000.WAV,Telephone Field,recover-20221013,001,1795
617.2155,617.224,28906,40230,Eptesicus serotinus,0.008,0.023,-1,Echolocation,/mnt/ubna_data_02_mir/recover-20221013/UBNA_001/20221012_030000.WAV,Telephone Field,recover-20221013,001,1795
617.2355,617.2727,68437,82309,Rhinolophus ferrumequinum,0.023,0.023,-1,Echolocation,/mnt/ubna_data_02_mir/recover-20221013/UBNA_001/20221012_030000.WAV,Telephone Field,recover-20221013,001,1795
617.2565,617.2656,28906,38052,Eptesicus serotinus,0.009,0.024,-1,Echolocation,/mnt/ubna_data_02_mir/recover-20221013/UBNA_001/20221012_030000.WAV,Telephone Field,recover-20221013,001,1795
617.2645,617.3044,68437,82644,Rhinolophus ferrumequinum,0.025,0.025,-1,Echolocation,/mnt/ubna_data_02_mir/recover-20221013/UBNA_001/20221012_030000.WAV,Telephone Field,recover-20221013,001,1795
617.2985,617.3073,27187,37244,Eptesicus serotinus,0.009,0.024,-1,Echolocation,/mnt/ubna_data_02_mir/recover-20221013/UBNA_001/20221012_030000.WAV,Telephone Field,recover-20221013,001,1795
617.3005,617.3414,68437,82392,Rhinolophus ferrumequinum,0.022,0.022,-1,Echolocation,/mnt/ubna_data_02_mir/recover-20221013/UBNA_001/20221012_030000.WAV,Telephone Field,recover-20221013,001,1795
617.3175,617.3565,68437,82350,Rhinolophus ferrumequinum,0.024,0.024,-1,Echolocation,/mnt/ubna_data_02_mir/recover-20221013/UBNA_001/20221012_030000.WAV,Telephone Field,recover-20221013,001,1795
617.3255,617.336,14296,20156,Nyctalus noctula,0.012,0.022,-1,Echolocation,/mnt/ubna_data_02_mir/recover-20221013/UBNA_001/20221012_030000.WAV,Telephone Field,recover-20221013,001,1795
617.3405,617.38,68437,82267,Rhinolophus ferrumequinum,0.033,0.033,-1,Echolocation,/mnt/ubna_data_02_mir/recover-20221013/UBNA_001/20221012_030000.WAV,Telephone Field,recover-20221013,001,1795
617.3685,617.4101,68437,83011,Rhinolophus ferrumequinum,0.033,0.033,-1,Echolocation,/mnt/ubna_data_02_mir/recover-20221013/UBNA_001/20221012_030000.WAV,Telephone Field,recover-20221013,001,1795
617.3695,617.3806,22031,26049,Nyctalus leisleri,0.014,0.025,-1,Echolocation,/mnt/ubna_data_02_mir/recover-20221013/UBNA_001/20221012_030000.WAV,Telephone Field,recover-20221013,001,1795
617.3845,617.3942,27187,37446,Eptesicus serotinus,0.009,0.022,-1,Echolocation,/mnt/ubna_data_02_mir/recover-20221013/UBNA_001/20221012_030000.WAV,Telephone Field,recover-20221013,001,1795
617.4055,617.4416,68437,81601,Rhinolophus ferrumequinum,0.028,0.028,-1,Echolocation,/mnt/ubna_data_02_mir/recover-20221013/UBNA_001/20221012_030000.WAV,Telephone Field,recover-20221013,001,1795
617.4265,617.435,28906,38167,Eptesicus serotinus,0.009,0.023,-1,Echolocation,/mnt/ubna_data_02_mir/recover-20221013/UBNA_001/20221012_030000.WAV,Telephone Field,recover-20221013,001,1795
617.4525,617.4938,68437,82925,Rhinolophus ferrumequinum,0.025,0.025,-1,Echolocation,/mnt/ubna_data_02_mir/recover-20221013/UBNA_001/20221012_030000.WAV,Telephone Field,recover-20221013,001,1795
617.4735000000001,617.515,68437,83605,Rhinolophus ferrumequinum,0.037,0.037,-1,Echolocation,/mnt/ubna_data_02_mir/recover-20221013/UBNA_001/20221012_030000.WAV,Telephone Field,recover-20221013,001,1795
617.4985,617.5047,27187,41601,Eptesicus serotinus,0.005,0.024,-1,Echolocation,/mnt/ubna_data_02_mir/recover-20221013/UBNA_001/20221012_030000.WAV,Telephone Field,recover-20221013,001,1795
617.5135,617.5487,68437,81608,Rhinolophus ferrumequinum,0.022,0.022,-1,Echolocation,/mnt/ubna_data_02_mir/recover-20221013/UBNA_001/20221012_030000.WAV,Telephone Field,recover-20221013,001,1795
617.5355,617.5457,28906,37762,Eptesicus serotinus,0.01,0.025,-1,Echolocation,/mnt/ubna_data_02_mir/recover-20221013/UBNA_001/20221012_030000.WAV,Telephone Field,recover-20221013,001,1795
617.5355,617.5754,68437,82697,Rhinolophus ferrumequinum,0.026,0.026,-1,Echolocation,/mnt/ubna_data_02_mir/recover-20221013/UBNA_001/20221012_030000.WAV,Telephone Field,recover-20221013,001,1795
617.5915,617.6311,68437,82449,Rhinolophus ferrumequinum,0.026,0.026,-1,Echolocation,/mnt/ubna_data_02_mir/recover-20221013/UBNA_001/20221012_030000.WAV,Telephone Field,recover-20221013,001,1795
617.6135,617.6566,68437,83479,Rhinolophus ferrumequinum,0.045,0.045,-1,Echolocation,/mnt/ubna_data_02_mir/recover-20221013/UBNA_001/20221012_030000.WAV,Telephone Field,recover-20221013,001,1795
617.6375,617.6464,25468,34144,Eptesicus serotinus,0.008,0.024,-1,Echolocation,/mnt/ubna_data_02_mir/recover-20221013/UBNA_001/20221012_030000.WAV,Telephone Field,recover-20221013,001,1795
617.6645,617.7035,68437,82022,Rhinolophus ferrumequinum,0.022,0.023,-1,Echolocation,/mnt/ubna_data_02_mir/recover-20221013/UBNA_001/20221012_030000.WAV,Telephone Field,recover-20221013,001,1795
617.6935,617.7073,54687,58845,Pipistrellus pygmaeus,0.031,0.033,-1,Echolocation,/mnt/ubna_data_02_mir/recover-20221013/UBNA_001/20221012_030000.WAV,Telephone Field,recover-20221013,001,1795
617.6945,617.7059,23750,28632,Nyctalus leisleri,0.012,0.024,-1,Echolocation,/mnt/ubna_data_02_mir/recover-20221013/UBNA_001/20221012_030000.WAV,Telephone Field,recover-20221013,001,1795
617.7075,617.7452,68437,82477,Rhinolophus ferrumequinum,0.023,0.023,-1,Echolocation,/mnt/ubna_data_02_mir/recover-20221013/UBNA_001/20221012_030000.WAV,Telephone Field,recover-20221013,001,1795
617.7305,617.7386,28906,40834,Eptesicus serotinus,0.008,0.024,-1,Echolocation,/mnt/ubna_data_02_mir/recover-20221013/UBNA_001/20221012_030000.WAV,Telephone Field,recover-20221013,001,1795
617.7485,617.7851,68437,81547,Rhinolophus ferrumequinum,0.034,0.034,-1,Echolocation,/mnt/ubna_data_02_mir/recover-20221013/UBNA_001/20221012_030000.WAV,Telephone Field,recover-20221013,001,1795
617.7685,617.8073,68437,82582,Rhinolophus ferrumequinum,0.023,0.023,-1,Echolocation,/mnt/ubna_data_02_mir/recover-20221013/UBNA_001/20221012_030000.WAV,Telephone Field,recover-20221013,001,1795
617.7935,617.8342,68437,82647,Rhinolophus ferrumequinum,0.023,0.023,-1,Echolocation,/mnt/ubna_data_02_mir/recover-20221013/UBNA_001/20221012_030000.WAV,Telephone Field,recover-20221013,001,1795
617.7965,617.8063,25468,32240,Nyctalus leisleri,0.009,0.025,-1,Echolocation,/mnt/ubna_data_02_mir/recover-20221013/UBNA_001/20221012_030000.WAV,Telephone Field,recover-20221013,001,1795
617.8225,617.8635,68437,82437,Rhinolophus ferrumequinum,0.041,0.041,-1,Echolocation,/mnt/ubna_data_02_mir/recover-20221013/UBNA_001/20221012_030000.WAV,Telephone Field,recover-20221013,001,1795
617.8435,617.8541,22890,28048,Nyctalus leisleri,0.011,0.025,-1,Echolocation,/mnt/ubna_data_02_mir/recover-20221013/UBNA_001/20221012_030000.WAV,Telephone Field,recover-20221013,001,1795
617.8505,617.86,28046,36064,Eptesicus serotinus,0.008,0.022,-1,Echolocation,/mnt/ubna_data_02_mir/recover-20221013/UBNA_001/20221012_030000.WAV,Telephone Field,recover-20221013,001,1795
617.8595,617.8659,48671,53540,Pipistrellus pipistrellus,0.049,0.053,-1,Echolocation,/mnt/ubna_data_02_mir/recover-20221013/UBNA_001/20221012_030000.WAV,Telephone Field,recover-20221013,001,1795
617.8595,617.8995,68437,82518,Rhinolophus ferrumequinum,0.025,0.025,-1,Echolocation,/mnt/ubna_data_02_mir/recover-20221013/UBNA_001/20221012_030000.WAV,Telephone Field,recover-20221013,001,1795
617.8865,617.9311,68437,83836,Rhinolophus ferrumequinum,0.048,0.048,-1,Echolocation,/mnt/ubna_data_02_mir/recover-20221013/UBNA_001/20221012_030000.WAV,Telephone Field,recover-20221013,001,1795
617.9135,617.9204,47812,55204,Pipistrellus pipistrellus,0.031,0.037,-1,Echolocation,/mnt/ubna_data_02_mir/recover-20221013/UBNA_001/20221012_030000.WAV,Telephone Field,recover-20221013,001,1795
617.9415,617.9774,68437,82387,Rhinolophus ferrumequinum,0.025,0.025,-1,Echolocation,/mnt/ubna_data_02_mir/recover-20221013/UBNA_001/20221012_030000.WAV,Telephone Field,recover-20221013,001,1795
617.9805,617.9917,24609,30399,Nyctalus leisleri,0.013,0.029,-1,Echolocation,/mnt/ubna_data_02_mir/recover-20221013/UBNA_001/20221012_030000.WAV,Telephone Field,recover-20221013,001,1795
618.0015,618.0339,68437,80626,Rhinolophus ferrumequinum,0.042,0.042,-1,Echolocation,/mnt/ubna_data_02_mir/recover-20221013/UBNA_001/20221012_030000.WAV,Telephone Field,recover-20221013,001,1795
618.0015,618.0108,27187,34996,Eptesicus serotinus,0.01,0.032,-1,Echolocation,/mnt/ubna_data_02_mir/recover-20221013/UBNA_001/20221012_030000.WAV,Telephone Field,recover-20221013,001,1795
618.0075,618.0479,68437,81594,Rhinolophus ferrumequinum,0.022,0.022,-1,Echolocation,/mnt/ubna_data_02_mir/recover-20221013/UBNA_001/20221012_030000.WAV,Telephone Field,recover-20221013,001,1795
618.0255,618.0651,68437,82569,Rhinolophus ferrumequinum,0.027,0.027,-1,Echolocation,/mnt/ubna_data_02_mir/recover-20221013/UBNA_001/20221012_030000.WAV,Telephone Field,recover-20221013,001,1795
618.0815,618.1246,68437,82383,Rhinolophus ferrumequinum,0.024,0.024,-1,Echolocation,/mnt/ubna_data_02_mir/recover-20221013/UBNA_001/20221012_030000.WAV,Telephone Field,recover-20221013,001,1795
618.1055,618.1265,18593,21651,Nyctalus noctula,0.025,0.039,-1,Echolocation,/mnt/ubna_data_02_mir/recover-20221013/UBNA_001/20221012_030000.WAV,Telephone Field,recover-20221013,001,1795
618.1165,618.1563,68437,82288,Rhinolophus ferrumequinum,0.021,0.021,-1,Echolocation,/mnt/ubna_data_02_mir/recover-20221013/UBNA_001/20221012_030000.WAV,Telephone Field,recover-20221013,001,1795
618.1335,618.169,68437,81904,Rhinolophus ferrumequinum,0.023,0.023,-1,Echolocation,/mnt/ubna_data_02_mir/recover-20221013/UBNA_001/20221012_030000.WAV,Telephone Field,recover-20221013,001,1795
618.1605,618.1706,28046,35902,Eptesicus serotinus,0.018,0.032,-1,Echolocation,/mnt/ubna_data_02_mir/recover-20221013/UBNA_001/20221012_030000.WAV,Telephone Field,recover-20221013,001,1795
618.1815,618.2198,68437,81937,Rhinolophus ferrumequinum,0.023,0.023,-1,Echolocation,/mnt/ubna_data_02_mir/recover-20221013/UBNA_001/20221012_030000.WAV,Telephone Field,recover-20221013,001,1795
618.2185,618.2271,28046,37396,Eptesicus serotinus,0.008,0.021,-1,Echolocation,/mnt/ubna_data_02_mir/recover-20221013/UBNA_001/20221012_030000.WAV,Telephone Field,recover-20221013,001,1795
618.2795,618.3154,68437,81622,Rhinolophus ferrumequinum,0.022,0.022,-1,Echolocation,/mnt/ubna_data_02_mir/recover-20221013/UBNA_001/20221012_030000.WAV,Telephone Field,recover-20221013,001,1795
618.3055,618.3466,68437,82768,Rhinolophus ferrumequinum,0.025,0.025,-1,Echolocation,/mnt/ubna_data_02_mir/recover-20221013/UBNA_001/20221012_030000.WAV,Telephone Field,recover-20221013,001,1795
618.3145,618.3225,26328,37967,Eptesicus serotinus,0.006,0.021,-1,Echolocation,/mnt/ubna_data_02_mir/recover-20221013/UBNA_001/20221012_030000.WAV,Telephone Field,recover-20221013,001,1795
618.3305,618.3683,68437,81571,Rhinolophus ferrumequinum,0.022,0.022,-1,Echolocation,/mnt/ubna_data_02_mir/recover-20221013/UBNA_001/20221012_030000.WAV,Telephone Field,recover-20221013,001,1795
618.3335,618.343,28046,38458,Eptesicus serotinus,0.009,0.022,-1,Echolocation,/mnt/ubna_data_02_mir/recover-20221013/UBNA_001/20221012_030000.WAV,Telephone Field,recover-20221013,001,1795
618.3385,618.3489,28906,36589,Eptesicus serotinus,0.01,0.022,-1,Echolocation,/mnt/ubna_data_02_mir/recover-20221013/UBNA_001/20221012_030000.WAV,Telephone Field,recover-20221013,001,1795
618.3495,618.3821,68437,80737,Rhinolophus ferrumequinum,0.026,0.026,-1,Echolocation,/mnt/ubna_data_02_mir/recover-20221013/UBNA_001/20221012_030000.WAV,Telephone Field,recover-20221013,001,1795
618.3575,618.3941,68437,81708,Rhinolophus ferrumequinum,0.024,0.024,-1,Echolocation,/mnt/ubna_data_02_mir/recover-20221013/UBNA_001/20221012_030000.WAV,Telephone Field,recover-20221013,001,1795
618.3675,618.4064,68437,82039,Rhinolophus ferrumequinum,0.023,0.023,-1,Echolocation,/mnt/ubna_data_02_mir/recover-20221013/UBNA_001/20221012_030000.WAV,Telephone Field,recover-20221013,001,1795
618.3885,618.3995,26328,32189,Eptesicus serotinus,0.028,0.064,-1,Echolocation,/mnt/ubna_data_02_mir/recover-20221013/UBNA_001/20221012_030000.WAV,Telephone Field,recover-20221013,001,1795
618.3985,618.4428,68437,83314,Rhinolophus ferrumequinum,0.041,0.041,-1,Echolocation,/mnt/ubna_data_02_mir/recover-20221013/UBNA_001/20221012_030000.WAV,Telephone Field,recover-20221013,001,1795
618.4325,618.4503,18593,22443,Nyctalus noctula,0.012,0.02,-1,Echolocation,/mnt/ubna_data_02_mir/recover-20221013/UBNA_001/20221012_030000.WAV,Telephone Field,recover-20221013,001,1795
618.4355,618.4746,68437,82051,Rhinolophus ferrumequinum,0.021,0.021,-1,Echolocation,/mnt/ubna_data_02_mir/recover-20221013/UBNA_001/20221012_030000.WAV,Telephone Field,recover-20221013,001,1795
618.4605,618.4995,68437,82271,Rhinolophus ferrumequinum,0.029,0.029,-1,Echolocation,/mnt/ubna_data_02_mir/recover-20221013/UBNA_001/20221012_030000.WAV,Telephone Field,recover-20221013,001,1795
618.5285,618.5674,68437,82078,Rhinolophus ferrumequinum,0.021,0.021,-1,Echolocation,/mnt/ubna_data_02_mir/recover-20221013/UBNA_001/20221012_030000.WAV,Telephone Field,recover-20221013,001,1795
618.5355,618.5737,68437,82149,Rhinolophus ferrumequinum,0.021,0.021,-1,Echolocation,/mnt/ubna_data_02_mir/recover-20221013/UBNA_001/20221012_030000.WAV,Telephone Field,recover-20221013,001,1795
618.5715,618.6078,68437,81684,Rhinolophus ferrumequinum,0.025,0.026,-1,Echolocation,/mnt/ubna_data_02_mir/recover-20221013/UBNA_001/20221012_030000.WAV,Telephone Field,recover-20221013,001,1795
618.5805,618.6199,68437,82551,Rhinolophus ferrumequinum,0.025,0.025,-1,Echolocation,/mnt/ubna_data_02_mir/recover-20221013/UBNA_001/20221012_030000.WAV,Telephone Field,recover-20221013,001,1795
618.5805,618.5888,26328,35752,Eptesicus serotinus,0.009,0.026,-1,Echolocation,/mnt/ubna_data_02_mir/recover-20221013/UBNA_001/20221012_030000.WAV,Telephone Field,recover-20221013,001,1795
618.6155,618.6535,68437,82130,Rhinolophus ferrumequinum,0.022,0.022,-1,Echolocation,/mnt/ubna_data_02_mir/recover-20221013/UBNA_001/20221012_030000.WAV,Telephone Field,recover-20221013,001,1795
618.6355,618.6738,68437,82561,Rhinolophus ferrumequinum,0.026,0.026,-1,Echolocation,/mnt/ubna_data_02_mir/recover-20221013/UBNA_001/20221012_030000.WAV,Telephone Field,recover-20221013,001,1795
618.6485,618.6869,68437,81664,Rhinolophus ferrumequinum,0.025,0.025,-1,Echolocation,/mnt/ubna_data_02_mir/recover-20221013/UBNA_001/20221012_030000.WAV,Telephone Field,recover-20221013,001,1795
618.6785,618.7132,68437,80953,Rhinolophus ferrumequinum,0.02,0.021,-1,Echolocation,/mnt/ubna_data_02_mir/recover-20221013/UBNA_001/20221012_030000.WAV,Telephone Field,recover-20221013,001,1795
618.6805,618.6914,28046,36079,Eptesicus serotinus,0.012,0.027,-1,Echolocation,/mnt/ubna_data_02_mir/recover-20221013/UBNA_001/20221012_030000.WAV,Telephone Field,recover-20221013,001,1795
618.6915,618.7322,68437,82707,Rhinolophus ferrumequinum,0.031,0.031,-1,Echolocation,/mnt/ubna_data_02_mir/recover-20221013/UBNA_001/20221012_030000.WAV,Telephone Field,recover-20221013,001,1795
618.7055,618.7152,28046,36764,Eptesicus serotinus,0.01,0.025,-1,Echolocation,/mnt/ubna_data_02_mir/recover-20221013/UBNA_001/20221012_030000.WAV,Telephone Field,recover-20221013,001,1795
618.7315,618.7734,68437,82330,Rhinolophus ferrumequinum,0.031,0.031,-1,Echolocation,/mnt/ubna_data_02_mir/recover-20221013/UBNA_001/20221012_030000.WAV,Telephone Field,recover-20221013,001,1795
618.7405,618.7755,68437,81685,Rhinolophus ferrumequinum,0.023,0.023,-1,Echolocation,/mnt/ubna_data_02_mir/recover-20221013/UBNA_001/20221012_030000.WAV,Telephone Field,recover-20221013,001,1795
618.7585,618.7713,29765,36664,Eptesicus serotinus,0.013,0.025,-1,Echolocation,/mnt/ubna_data_02_mir/recover-20221013/UBNA_001/20221012_030000.WAV,Telephone Field,recover-20221013,001,1795
618.7805,618.8192,68437,81865,Rhinolophus ferrumequinum,0.034,0.034,-1,Echolocation,/mnt/ubna_data_02_mir/recover-20221013/UBNA_001/20221012_030000.WAV,Telephone Field,recover-20221013,001,1795
618.8225,618.8642,68437,82911,Rhinolophus ferrumequinum,0.027,0.027,-1,Echolocation,/mnt/ubna_data_02_mir/recover-20221013/UBNA_001/20221012_030000.WAV,Telephone Field,recover-20221013,001,1795
618.8285,618.8687,68437,82831,Rhinolophus ferrumequinum,0.027,0.027,-1,Echolocation,/mnt/ubna_data_02_mir/recover-20221013/UBNA_001/20221012_030000.WAV,Telephone Field,recover-20221013,001,1795
618.8285,618.8381,23750,30500,Nyctalus leisleri,0.01,0.026,-1,Echolocation,/mnt/ubna_data_02_mir/recover-20221013/UBNA_001/20221012_030000.WAV,Telephone Field,recover-20221013,001,1795
618.8425,618.8854,68437,82752,Rhinolophus ferrumequinum,0.025,0.025,-1,Echolocation,/mnt/ubna_data_02_mir/recover-20221013/UBNA_001/20221012_030000.WAV,Telephone Field,recover-20221013,001,1795
618.8695,618.9054,68437,81938,Rhinolophus ferrumequinum,0.021,0.021,-1,Echolocation,/mnt/ubna_data_02_mir/recover-20221013/UBNA_001/20221012_030000.WAV,Telephone Field,recover-20221013,001,1795
618.8985,618.9058,28046,38188,Eptesicus serotinus,0.006,0.021,-1,Echolocation,/mnt/ubna_data_02_mir/recover-20221013/UBNA_001/20221012_030000.WAV,Telephone Field,recover-20221013,001,1795
618.9095,618.9485999999999,68437,81969,Rhinolophus ferrumequinum,0.021,0.021,-1,Echolocation,/mnt/ubna_data_02_mir/recover-20221013/UBNA_001/20221012_030000.WAV,Telephone Field,recover-20221013,001,1795
618.9255,618.9689,68437,83442,Rhinolophus ferrumequinum,0.032,0.032,-1,Echolocation,/mnt/ubna_data_02_mir/recover-20221013/UBNA_001/20221012_030000.WAV,Telephone Field,recover-20221013,001,1795
618.9405,618.9799,68437,82605,Rhinolophus ferrumequinum,0.024,0.024,-1,Echolocation,/mnt/ubna_data_02_mir/recover-20221013/UBNA_001/20221012_030000.WAV,Telephone Field,recover-20221013,001,1795
618.9545,618.9643,14296,22000,Nyctalus noctula,0.022,0.041,-1,Echolocation,/mnt/ubna_data_02_mir/recover-20221013/UBNA_001/20221012_030000.WAV,Telephone Field,recover-20221013,001,1795
618.9555,618.9665,28046,36014,Eptesicus serotinus,0.026,0.043,-1,Echolocation,/mnt/ubna_data_02_mir/recover-20221013/UBNA_001/20221012_030000.WAV,Telephone Field,recover-20221013,001,1795
618.9615,618.9987,68437,82066,Rhinolophus ferrumequinum,0.021,0.021,-1,Echolocation,/mnt/ubna_data_02_mir/recover-20221013/UBNA_001/20221012_030000.WAV,Telephone Field,recover-20221013,001,1795
618.9875,619.0286,68437,82410,Rhinolophus ferrumequinum,0.023,0.023,-1,Echolocation,/mnt/ubna_data_02_mir/recover-20221013/UBNA_001/20221012_030000.WAV,Telephone Field,recover-20221013,001,1795
619.0015,619.0098,26328,35222,Eptesicus serotinus,0.01,0.027,-1,Echolocation,/mnt/ubna_data_02_mir/recover-20221013/UBNA_001/20221012_030000.WAV,Telephone Field,recover-20221013,001,1795
619.0045,619.0438,68437,82065,Rhinolophus ferrumequinum,0.021,0.021,-1,Echolocation,/mnt/ubna_data_02_mir/recover-20221013/UBNA_001/20221012_030000.WAV,Telephone Field,recover-20221013,001,1795
619.0525,619.0626,26328,34026,Eptesicus serotinus,0.01,0.024,-1,Echolocation,/mnt/ubna_data_02_mir/recover-20221013/UBNA_001/20221012_030000.WAV,Telephone Field,recover-20221013,001,1795
619.0665,619.1092,68437,83182,Rhinolophus ferrumequinum,0.029,0.029,-1,Echolocation,/mnt/ubna_data_02_mir/recover-20221013/UBNA_001/20221012_030000.WAV,Telephone Field,recover-20221013,001,1795
619.0725,619.0815,28046,37838,Eptesicus serotinus,0.007,0.021,-1,Echolocation,/mnt/ubna_data_02_mir/recover-20221013/UBNA_001/20221012_030000.WAV,Telephone Field,recover-20221013,001,1795
619.0915,619.1032,14296,19736,Nyctalus noctula,0.014,0.024,-1,Echolocation,/mnt/ubna_data_02_mir/recover-20221013/UBNA_001/20221012_030000.WAV,Telephone Field,recover-20221013,001,1795
619.1125,619.1532,68437,82564,Rhinolophus ferrumequinum,0.025,0.025,-1,Echolocation,/mnt/ubna_data_02_mir/recover-20221013/UBNA_001/20221012_030000.WAV,Telephone Field,recover-20221013,001,1795
619.1495,619.1856,68437,81149,Rhinolophus ferrumequinum,0.035,0.035,-1,Echolocation,/mnt/ubna_data_02_mir/recover-20221013/UBNA_001/20221012_030000.WAV,Telephone Field,recover-20221013,001,1795
619.1825,619.2187,68437,81596,Rhinolophus ferrumequinum,0.021,0.021,-1,Echolocation,/mnt/ubna_data_02_mir/recover-20221013/UBNA_001/20221012_030000.WAV,Telephone Field,recover-20221013,001,1795
619.2155,619.253,68437,82462,Rhinolophus ferrumequinum,0.024,0.024,-1,Echolocation,/mnt/ubna_data_02_mir/recover-20221013/UBNA_001/20221012_030000.WAV,Telephone Field,recover-20221013,001,1795
619.2305,619.2696,68437,82997,Rhinolophus ferrumequinum,0.026,0.026,-1,Echolocation,/mnt/ubna_data_02_mir/recover-20221013/UBNA_001/20221012_030000.WAV,Telephone Field,recover-20221013,001,1795
619.2565,619.303,68437,83964,Rhinolophus ferrumequinum,0.041,0.041,-1,Echolocation,/mnt/ubna_data_02_mir/recover-20221013/UBNA_001/20221012_030000.WAV,Telephone Field,recover-20221013,001,1795
619.2715,619.2924,19453,22167,Nyctalus leisleri,0.02,0.038,-1,Echolocation,/mnt/ubna_data_02_mir/recover-20221013/UBNA_001/20221012_030000.WAV,Telephone Field,recover-20221013,001,1795
619.2995,619.3374,68437,81641,Rhinolophus ferrumequinum,0.02,0.021,-1,Echolocation,/mnt/ubna_data_02_mir/recover-20221013/UBNA_001/20221012_030000.WAV,Telephone Field,recover-20221013,001,1795
619.3185,619.3286,22890,28880,Nyctalus leisleri,0.009,0.023,-1,Echolocation,/mnt/ubna_data_02_mir/recover-20221013/UBNA_001/20221012_030000.WAV,Telephone Field,recover-20221013,001,1795
619.3225,619.3631,68437,82973,Rhinolophus ferrumequinum,0.036,0.036,-1,Echolocation,/mnt/ubna_data_02_mir/recover-20221013/UBNA_001/20221012_030000.WAV,Telephone Field,recover-20221013,001,1795
619.3415,619.3797,68437,82086,Rhinolophus ferrumequinum,0.025,0.025,-1,Echolocation,/mnt/ubna_data_02_mir/recover-20221013/UBNA_001/20221012_030000.WAV,Telephone Field,recover-20221013,001,1795
619.3565,619.396,68437,82724,Rhinolophus ferrumequinum,0.026,0.026,-1,Echolocation,/mnt/ubna_data_02_mir/recover-20221013/UBNA_001/20221012_030000.WAV,Telephone Field,recover-20221013,001,1795
619.3595,619.3698,28906,38026,Eptesicus serotinus,0.015,0.028,-1,Echolocation,/mnt/ubna_data_02_mir/recover-20221013/UBNA_001/20221012_030000.WAV,Telephone Field,recover-20221013,001,1795
619.3815,619.4175,68437,81784,Rhinolophus ferrumequinum,0.021,0.021,-1,Echolocation,/mnt/ubna_data_02_mir/recover-20221013/UBNA_001/20221012_030000.WAV,Telephone Field,recover-20221013,001,1795
619.4385,619.475,68437,81574,Rhinolophus ferrumequinum,0.021,0.021,-1,Echolocation,/mnt/ubna_data_02_mir/recover-20221013/UBNA_001/20221012_030000.WAV,Telephone Field,recover-20221013,001,1795
619.4495,619.4835,68437,80886,Rhinolophus ferrumequinum,0.023,0.023,-1,Echolocation,/mnt/ubna_data_02_mir/recover-20221013/UBNA_001/20221012_030000.WAV,Telephone Field,recover-20221013,001,1795
619.4725,619.5118,68437,82389,Rhinolophus ferrumequinum,0.028,0.028,-1,Echolocation,/mnt/ubna_data_02_mir/recover-20221013/UBNA_001/20221012_030000.WAV,Telephone Field,recover-20221013,001,1795
619.4785,619.4923,24609,29653,Nyctalus leisleri,0.027,0.052,-1,Echolocation,/mnt/ubna_data_02_mir/recover-20221013/UBNA_001/20221012_030000.WAV,Telephone Field,recover-20221013,001,1795
619.5075,619.5455,68437,82269,Rhinolophus ferrumequinum,0.022,0.022,-1,Echolocation,/mnt/ubna_data_02_mir/recover-20221013/UBNA_001/20221012_030000.WAV,Telephone Field,recover-20221013,001,1795
619.5255,619.5641,68437,82374,Rhinolophus ferrumequinum,0.023,0.023,-1,Echolocation,/mnt/ubna_data_02_mir/recover-20221013/UBNA_001/20221012_030000.WAV,Telephone Field,recover-20221013,001,1795
619.5355,619.5761,68437,83001,Rhinolophus ferrumequinum,0.023,0.023,-1,Echolocation,/mnt/ubna_data_02_mir/recover-20221013/UBNA_001/20221012_030000.WAV,Telephone Field,recover-20221013,001,1795
619.5875,619.6261,68437,81677,Rhinolophus ferrumequinum,0.022,0.022,-1,Echolocation,/mnt/ubna_data_02_mir/recover-20221013/UBNA_001/20221012_030000.WAV,Telephone Field,recover-20221013,001,1795
619.6075,619.6478,68437,82622,Rhinolophus ferrumequinum,0.027,0.027,-1,Echolocation,/mnt/ubna_data_02_mir/recover-20221013/UBNA_001/20221012_030000.WAV,Telephone Field,recover-20221013,001,1795
619.6745,619.7058,68437,80592,Rhinolophus ferrumequinum,0.025,0.025,-1,Echolocation,/mnt/ubna_data_02_mir/recover-20221013/UBNA_001/20221012_030000.WAV,Telephone Field,recover-20221013,001,1795
619.6865,619.721,68437,81423,Rhinolophus ferrumequinum,0.022,0.022,-1,Echolocation,/mnt/ubna_data_02_mir/recover-20221013/UBNA_001/20221012_030000.WAV,Telephone Field,recover-20221013,001,1795
619.7095,619.7471,68437,81473,Rhinolophus ferrumequinum,0.021,0.021,-1,Echolocation,/mnt/ubna_data_02_mir/recover-20221013/UBNA_001/20221012_030000.WAV,Telephone Field,recover-20221013,001,1795
619.7155,619.7524,68437,81442,Rhinolophus ferrumequinum,0.02,0.02,-1,Echolocation,/mnt/ubna_data_02_mir/recover-20221013/UBNA_001/20221012_030000.WAV,Telephone Field,recover-20221013,001,1795
619.7175,619.728,22890,28596,Nyctalus leisleri,0.009,0.021,-1,Echolocation,/mnt/ubna_data_02_mir/recover-20221013/UBNA_001/20221012_030000.WAV,Telephone Field,recover-20221013,001,1795
619.7385,619.7804,68437,82921,Rhinolophus ferrumequinum,0.029,0.029,-1,Echolocation,/mnt/ubna_data_02_mir/recover-20221013/UBNA_001/20221012_030000.WAV,Telephone Field,recover-20221013,001,1795
619.7545,619.796,68437,82968,Rhinolophus ferrumequinum,0.024,0.024,-1,Echolocation,/mnt/ubna_data_02_mir/recover-20221013/UBNA_001/20221012_030000.WAV,Telephone Field,recover-20221013,001,1795
619.7695,619.7825,22031,26970,Nyctalus leisleri,0.023,0.048,-1,Echolocation,/mnt/ubna_data_02_mir/recover-20221013/UBNA_001/20221012_030000.WAV,Telephone Field,recover-20221013,001,1795
619.7825,619.7934,37500,43180,Pipistrellus nathusii,0.015,0.025,-1,Echolocation,/mnt/ubna_data_02_mir/recover-20221013/UBNA_001/20221012_030000.WAV,Telephone Field,recover-20221013,001,1795
619.8285,619.837,27187,41129,Eptesicus serotinus,0.007,0.02,-1,Echolocation,/mnt/ubna_data_02_mir/recover-20221013/UBNA_001/20221012_030000.WAV,Telephone Field,recover-20221013,001,1795
619.8315,619.8385,34062,43993,Myotis daubentonii,0.009,0.023,-1,Echolocation,/mnt/ubna_data_02_mir/recover-20221013/UBNA_001/20221012_030000.WAV,Telephone Field,recover-20221013,001,1795
619.8405,619.8772,68437,82144,Rhinolophus ferrumequinum,0.02,0.02,-1,Echolocation,/mnt/ubna_data_02_mir/recover-20221013/UBNA_001/20221012_030000.WAV,Telephone Field,recover-20221013,001,1795
619.8445,619.8554,22890,27875,Nyctalus leisleri,0.011,0.022,-1,Echolocation,/mnt/ubna_data_02_mir/recover-20221013/UBNA_001/20221012_030000.WAV,Telephone Field,recover-20221013,001,1795
619.8475,619.8858,68437,81952,Rhinolophus ferrumequinum,0.021,0.021,-1,Echolocation,/mnt/ubna_data_02_mir/recover-20221013/UBNA_001/20221012_030000.WAV,Telephone Field,recover-20221013,001,1795
619.8485000000001,619.8564,46953,54872,Pipistrellus pipistrellus,0.022,0.025,-1,Echolocation,/mnt/ubna_data_02_mir/recover-20221013/UBNA_001/20221012_030000.WAV,Telephone Field,recover-20221013,001,1795
619.8685,619.9074,68437,82968,Rhinolophus ferrumequinum,0.027,0.027,-1,Echolocation,/mnt/ubna_data_02_mir/recover-20221013/UBNA_001/20221012_030000.WAV,Telephone Field,recover-20221013,001,1795
619.8835,619.9222,68437,82256,Rhinolophus ferrumequinum,0.021,0.021,-1,Echolocation,/mnt/ubna_data_02_mir/recover-20221013/UBNA_001/20221012_030000.WAV,Telephone Field,recover-20221013,001,1795
619.8965,619.9355,68437,81745,Rhinolophus ferrumequinum,0.021,0.021,-1,Echolocation,/mnt/ubna_data_02_mir/recover-20221013/UBNA_001/20221012_030000.WAV,Telephone Field,recover-20221013,001,1795
619.9025,619.9104,28046,39083,Eptesicus serotinus,0.007,0.022,-1,Echolocation,/mnt/ubna_data_02_mir/recover-20221013/UBNA_001/20221012_030000.WAV,Telephone Field,recover-20221013,001,1795
619.9325,619.9681,68437,81638,Rhinolophus ferrumequinum,0.022,0.022,-1,Echolocation,/mnt/ubna_data_02_mir/recover-20221013/UBNA_001/20221012_030000.WAV,Telephone Field,recover-20221013,001,1795
619.9465,619.9569,22890,29098,Nyctalus leisleri,0.009,0.024,-1,Echolocation,/mnt/ubna_data_02_mir/recover-20221013/UBNA_001/20221012_030000.WAV,Telephone Field,recover-20221013,001,1795
619.9765,619.9831,30625,40843,Myotis daubentonii,0.01,0.029,-1,Echolocation,/mnt/ubna_data_02_mir/recover-20221013/UBNA_001/20221012_030000.WAV,Telephone Field,recover-20221013,001,1795
620.0015,620.0377,68437,80207,Rhinolophus ferrumequinum,0.03,0.031,-1,Echolocation,/mnt/ubna_data_02_mir/recover-20221013/UBNA_001/20221012_030000.WAV,Telephone Field,recover-20221013,001,1795
620.0015,620.0106,23750,33027,Nyctalus leisleri,0.011,0.032,-1,Echolocation,/mnt/ubna_data_02_mir/recover-20221013/UBNA_001/20221012_030000.WAV,Telephone Field,recover-20221013,001,1795
620.0085,620.0511,68437,81714,Rhinolophus ferrumequinum,0.022,0.023,-1,Echolocation,/mnt/ubna_data_02_mir/recover-20221013/UBNA_001/20221012_030000.WAV,Telephone Field,recover-20221013,001,1795
620.0585,620.0946,68437,81356,Rhinolophus ferrumequinum,0.021,0.021,-1,Echolocation,/mnt/ubna_data_02_mir/recover-20221013/UBNA_001/20221012_030000.WAV,Telephone Field,recover-20221013,001,1795
620.0655,620.1017,68437,81667,Rhinolophus ferrumequinum,0.023,0.023,-1,Echolocation,/mnt/ubna_data_02_mir/recover-20221013/UBNA_001/20221012_030000.WAV,Telephone Field,recover-20221013,001,1795
620.0765,620.1158,68437,82808,Rhinolophus ferrumequinum,0.024,0.024,-1,Echolocation,/mnt/ubna_data_02_mir/recover-20221013/UBNA_001/20221012_030000.WAV,Telephone Field,recover-20221013,001,1795
620.0915,620.0985000000001,23750,34072,Plecotus austriacus,0.01,0.023,-1,Echolocation,/mnt/ubna_data_02_mir/recover-20221013/UBNA_001/20221012_030000.WAV,Telephone Field,recover-20221013,001,1795
620.1085,620.1478,68437,82417,Rhinolophus ferrumequinum,0.023,0.023,-1,Echolocation,/mnt/ubna_data_02_mir/recover-20221013/UBNA_001/20221012_030000.WAV,Telephone Field,recover-20221013,001,1795
620.1595,620.2022,68437,83047,Rhinolophus ferrumequinum,0.041,0.041,-1,Echolocation,/mnt/ubna_data_02_mir/recover-20221013/UBNA_001/20221012_030000.WAV,Telephone Field,recover-20221013,001,1795
620.1615,620.1803,19453,22291,Nyctalus leisleri,0.021,0.041,-1,Echolocation,/mnt/ubna_data_02_mir/recover-20221013/UBNA_001/20221012_030000.WAV,Telephone Field,recover-20221013,001,1795
620.1745,620.1835,28046,37384,Eptesicus serotinus,0.008,0.022,-1,Echolocation,/mnt/ubna_data_02_mir/recover-20221013/UBNA_001/20221012_030000.WAV,Telephone Field,recover-20221013,001,1795
620.1845,620.2238,68437,82117,Rhinolophus ferrumequinum,0.022,0.022,-1,Echolocation,/mnt/ubna_data_02_mir/recover-20221013/UBNA_001/20221012_030000.WAV,Telephone Field,recover-20221013,001,1795
620.2095,620.2479,68437,82424,Rhinolophus ferrumequinum,0.023,0.023,-1,Echolocation,/mnt/ubna_data_02_mir/recover-20221013/UBNA_001/20221012_030000.WAV,Telephone Field,recover-20221013,001,1795
620.2355,620.2456999999999,22890,28857,Nyctalus leisleri,0.01,0.024,-1,Echolocation,/mnt/ubna_data_02_mir/recover-20221013/UBNA_001/20221012_030000.WAV,Telephone Field,recover-20221013,001,1795
620.2635,620.3034,68437,82272,Rhinolophus ferrumequinum,0.024,0.024,-1,Echolocation,/mnt/ubna_data_02_mir/recover-20221013/UBNA_001/20221012_030000.WAV,Telephone Field,recover-20221013,001,1795
620.2715,620.2814,27187,34893,Eptesicus serotinus,0.01,0.021,-1,Echolocation,/mnt/ubna_data_02_mir/recover-20221013/UBNA_001/20221012_030000.WAV,Telephone Field,recover-20221013,001,1795
620.2745,620.3153,68437,83043,Rhinolophus ferrumequinum,0.032,0.032,-1,Echolocation,/mnt/ubna_data_02_mir/recover-20221013/UBNA_001/20221012_030000.WAV,Telephone Field,recover-20221013,001,1795
620.3315,620.3676,68437,81940,Rhinolophus ferrumequinum,0.021,0.021,-1,Echolocation,/mnt/ubna_data_02_mir/recover-20221013/UBNA_001/20221012_030000.WAV,Telephone Field,recover-20221013,001,1795
620.3435,620.3832,68437,83182,Rhinolophus ferrumequinum,0.025,0.025,-1,Echolocation,/mnt/ubna_data_02_mir/recover-20221013/UBNA_001/20221012_030000.WAV,Telephone Field,recover-20221013,001,1795
620.3475,620.3566,28046,39504,Eptesicus serotinus,0.008,0.021,-1,Echolocation,/mnt/ubna_data_02_mir/recover-20221013/UBNA_001/20221012_030000.WAV,Telephone Field,recover-20221013,001,1795
620.3745,620.4116,68437,82138,Rhinolophus ferrumequinum,0.021,0.021,-1,Echolocation,/mnt/ubna_data_02_mir/recover-20221013/UBNA_001/20221012_030000.WAV,Telephone Field,recover-20221013,001,1795
620.3935,620.4331,68437,82230,Rhinolophus ferrumequinum,0.023,0.023,-1,Echolocation,/mnt/ubna_data_02_mir/recover-20221013/UBNA_001/20221012_030000.WAV,Telephone Field,recover-20221013,001,1795
620.4075,620.4436,68437,81804,Rhinolophus ferrumequinum,0.021,0.021,-1,Echolocation,/mnt/ubna_data_02_mir/recover-20221013/UBNA_001/20221012_030000.WAV,Telephone Field,recover-20221013,001,1795
620.4325,620.4744,68437,82655,Rhinolophus ferrumequinum,0.028,0.028,-1,Echolocation,/mnt/ubna_data_02_mir/recover-20221013/UBNA_001/20221012_030000.WAV,Telephone Field,recover-20221013,001,1795
620.4405,620.4811,68437,82524,Rhinolophus ferrumequinum,0.031,0.031,-1,Echolocation,/mnt/ubna_data_02_mir/recover-20221013/UBNA_001/20221012_030000.WAV,Telephone Field,recover-20221013,001,1795
620.5285,620.5626,68437,81181,Rhinolophus ferrumequinum,0.023,0.023,-1,Echolocation,/mnt/ubna_data_02_mir/recover-20221013/UBNA_001/20221012_030000.WAV,Telephone Field,recover-20221013,001,1795
620.5545,620.5955,68437,82773,Rhinolophus ferrumequinum,0.026,0.026,-1,Echolocation,/mnt/ubna_data_02_mir/recover-20221013/UBNA_001/20221012_030000.WAV,Telephone Field,recover-20221013,001,1795
620.5555,620.5688,25468,30744,Nyctalus leisleri,0.014,0.033,-1,Echolocation,/mnt/ubna_data_02_mir/recover-20221013/UBNA_001/20221012_030000.WAV,Telephone Field,recover-20221013,001,1795
620.5685,620.608,68437,82562,Rhinolophus ferrumequinum,0.033,0.033,-1,Echolocation,/mnt/ubna_data_02_mir/recover-20221013/UBNA_001/20221012_030000.WAV,Telephone Field,recover-20221013,001,1795
620.5825,620.5925,22031,27189,Nyctalus leisleri,0.01,0.023,-1,Echolocation,/mnt/ubna_data_02_mir/recover-20221013/UBNA_001/20221012_030000.WAV,Telephone Field,recover-20221013,001,1795
620.5985000000001,620.6377,68437,82309,Rhinolophus ferrumequinum,0.02,0.02,-1,Echolocation,/mnt/ubna_data_02_mir/recover-20221013/UBNA_001/20221012_030000.WAV,Telephone Field,recover-20221013,001,1795
620.6245,620.6608,68437,81981,Rhinolophus ferrumequinum,0.022,0.022,-1,Echolocation,/mnt/ubna_data_02_mir/recover-20221013/UBNA_001/20221012_030000.WAV,Telephone Field,recover-20221013,001,1795
620.6465,620.6854,68437,81997,Rhinolophus ferrumequinum,0.024,0.024,-1,Echolocation,/mnt/ubna_data_02_mir/recover-20221013/UBNA_001/20221012_030000.WAV,Telephone Field,recover-20221013,001,1795
620.6595,620.6671,28046,39143,Eptesicus serotinus,0.006,0.023,-1,Echolocation,/mnt/ubna_data_02_mir/recover-20221013/UBNA_001/20221012_030000.WAV,Telephone Field,recover-20221013,001,1795
620.6665,620.6743,15156,26962,Plecotus auritus,0.031,0.043,-1,Echolocation,/mnt/ubna_data_02_mir/recover-20221013/UBNA_001/20221012_030000.WAV,Telephone Field,recover-20221013,001,1795
620.6885,620.7296,68437,82413,Rhinolophus ferrumequinum,0.026,0.026,-1,Echolocation,/mnt/ubna_data_02_mir/recover-20221013/UBNA_001/20221012_030000.WAV,Telephone Field,recover-20221013,001,1795
620.7035,620.7112,44375,48258,Pipistrellus pipistrellus,0.034,0.038,-1,Echolocation,/mnt/ubna_data_02_mir/recover-20221013/UBNA_001/20221012_030000.WAV,Telephone Field,recover-20221013,001,1795
620.7065,620.747,68437,81781,Rhinolophus ferrumequinum,0.025,0.025,-1,Echolocation,/mnt/ubna_data_02_mir/recover-20221013/UBNA_001/20221012_030000.WAV,Telephone Field,recover-20221013,001,1795
620.7555,620.7911,68437,81361,Rhinolophus ferrumequinum,0.021,0.021,-1,Echolocation,/mnt/ubna_data_02_mir/recover-20221013/UBNA_001/20221012_030000.WAV,Telephone Field,recover-20221013,001,1795
620.7685,620.777,28906,36710,Eptesicus serotinus,0.007,0.021,-1,Echolocation,/mnt/ubna_data_02_mir/recover-20221013/UBNA_001/20221012_030000.WAV,Telephone Field,recover-20221013,001,1795
620.7725,620.8074,68437,81777,Rhinolophus ferrumequinum,0.021,0.021,-1,Echolocation,/mnt/ubna_data_02_mir/recover-20221013/UBNA_001/20221012_030000.WAV,Telephone Field,recover-20221013,001,1795
620.8015,620.8379,68437,81217,Rhinolophus ferrumequinum,0.022,0.022,-1,Echolocation,/mnt/ubna_data_02_mir/recover-20221013/UBNA_001/20221012_030000.WAV,Telephone Field,recover-20221013,001,1795
620.8075,620.8144,51250,58356,Pipistrellus pipistrellus,0.018,0.026,-1,Echolocation,/mnt/ubna_data_02_mir/recover-20221013/UBNA_001/20221012_030000.WAV,Telephone Field,recover-20221013,001,1795
620.8225,620.8621,68437,82479,Rhinolophus ferrumequinum,0.024,0.024,-1,Echolocation,/mnt/ubna_data_02_mir/recover-20221013/UBNA_001/20221012_030000.WAV,Telephone Field,recover-20221013,001,1795
620.8345,620.844,23750,31455,Nyctalus leisleri,0.009,0.025,-1,Echolocation,/mnt/ubna_data_02_mir/recover-20221013/UBNA_001/20221012_030000.WAV,Telephone Field,recover-20221013,001,1795
620.8615,620.9017,68437,82610,Rhinolophus ferrumequinum,0.024,0.024,-1,Echolocation,/mnt/ubna_data_02_mir/recover-20221013/UBNA_001/20221012_030000.WAV,Telephone Field,recover-20221013,001,1795
620.8945,620.9367,68437,82793,Rhinolophus ferrumequinum,0.027,0.027,-1,Echolocation,/mnt/ubna_data_02_mir/recover-20221013/UBNA_001/20221012_030000.WAV,Telephone Field,recover-20221013,001,1795
620.8995,620.9069,27187,38463,Eptesicus serotinus,0.006,0.022,-1,Echolocation,/mnt/ubna_data_02_mir/recover-20221013/UBNA_001/20221012_030000.WAV,Telephone Field,recover-20221013,001,1795
620.9125,620.9211,26328,34507,Eptesicus serotinus,0.008,0.02,-1,Echolocation,/mnt/ubna_data_02_mir/recover-20221013/UBNA_001/20221012_030000.WAV,Telephone Field,recover-20221013,001,1795
620.9205,620.9308,28046,36833,Eptesicus serotinus,0.012,0.025,-1,Echolocation,/mnt/ubna_data_02_mir/recover-20221013/UBNA_001/20221012_030000.WAV,Telephone Field,recover-20221013,001,1795
620.9225,620.9605,68437,82018,Rhinolophus ferrumequinum,0.026,0.026,-1,Echolocation,/mnt/ubna_data_02_mir/recover-20221013/UBNA_001/20221012_030000.WAV,Telephone Field,recover-20221013,001,1795
620.9465,620.9624,20312,24115,Nyctalus leisleri,0.013,0.028,-1,Echolocation,/mnt/ubna_data_02_mir/recover-20221013/UBNA_001/20221012_030000.WAV,Telephone Field,recover-20221013,001,1795
620.9615,620.9682,27187,37757,Eptesicus serotinus,0.008,0.026,-1,Echolocation,/mnt/ubna_data_02_mir/recover-20221013/UBNA_001/20221012_030000.WAV,Telephone Field,recover-20221013,001,1795
620.9735000000001,621.0102,68437,81777,Rhinolophus ferrumequinum,0.022,0.022,-1,Echolocation,/mnt/ubna_data_02_mir/recover-20221013/UBNA_001/20221012_030000.WAV,Telephone Field,recover-20221013,001,1795
620.9755,620.9833,50390,56641,Pipistrellus pipistrellus,0.022,0.025,-1,Echolocation,/mnt/ubna_data_02_mir/recover-20221013/UBNA_001/20221012_030000.WAV,Telephone Field,recover-20221013,001,1795
620.9915,621.0304,68437,82337,Rhinolophus ferrumequinum,0.024,0.024,-1,Echolocation,/mnt/ubna_data_02_mir/recover-20221013/UBNA_001/20221012_030000.WAV,Telephone Field,recover-20221013,001,1795
620.9935,621.0019,27187,39552,Eptesicus serotinus,0.007,0.021,-1,Echolocation,/mnt/ubna_data_02_mir/recover-20221013/UBNA_001/20221012_030000.WAV,Telephone Field,recover-20221013,001,1795
621.0245,621.0598,68437,81189,Rhinolophus ferrumequinum,0.02,0.02,-1,Echolocation,/mnt/ubna_data_02_mir/recover-20221013/UBNA_001/20221012_030000.WAV,Telephone Field,recover-20221013,001,1795
621.0565,621.0991,68437,82786,Rhinolophus ferrumequinum,0.023,0.023,-1,Echolocation,/mnt/ubna_data_02_mir/recover-20221013/UBNA_001/20221012_030000.WAV,Telephone Field,recover-20221013,001,1795
621.0815,621.0927,22890,27753,Nyctalus leisleri,0.011,0.022,-1,Echolocation,/mnt/ubna_data_02_mir/recover-20221013/UBNA_001/20221012_030000.WAV,Telephone Field,recover-20221013,001,1795
621.1055,621.1457,68437,82753,Rhinolophus ferrumequinum,0.021,0.021,-1,Echolocation,/mnt/ubna_data_02_mir/recover-20221013/UBNA_001/20221012_030000.WAV,Telephone Field,recover-20221013,001,1795
621.1055,621.1163,43515,47505,Pipistrellus pipistrellus,0.023,0.031,-1,Echolocation,/mnt/ubna_data_02_mir/recover-20221013/UBNA_001/20221012_030000.WAV,Telephone Field,recover-20221013,001,1795
621.1295,621.1709,68437,82617,Rhinolophus ferrumequinum,0.021,0.021,-1,Echolocation,/mnt/ubna_data_02_mir/recover-20221013/UBNA_001/20221012_030000.WAV,Telephone Field,recover-20221013,001,1795
621.1495,621.1881,68437,82201,Rhinolophus ferrumequinum,0.023,0.023,-1,Echolocation,/mnt/ubna_data_02_mir/recover-20221013/UBNA_001/20221012_030000.WAV,Telephone Field,recover-20221013,001,1795
621.2025,621.2462,68437,83858,Rhinolophus ferrumequinum,0.04,0.04,-1,Echolocation,/mnt/ubna_data_02_mir/recover-20221013/UBNA_001/20221012_030000.WAV,Telephone Field,recover-20221013,001,1795
621.2125,621.2216,28046,39189,Eptesicus serotinus,0.009,0.022,-1,Echolocation,/mnt/ubna_data_02_mir/recover-20221013/UBNA_001/20221012_030000.WAV,Telephone Field,recover-20221013,001,1795
621.2705,621.2812,22890,27998,Nyctalus leisleri,0.012,0.024,-1,Echolocation,/mnt/ubna_data_02_mir/recover-20221013/UBNA_001/20221012_030000.WAV,Telephone Field,recover-20221013,001,1795
621.2745,621.3151,68437,82266,Rhinolophus ferrumequinum,0.02,0.02,-1,Echolocation,/mnt/ubna_data_02_mir/recover-20221013/UBNA_001/20221012_030000.WAV,Telephone Field,recover-20221013,001,1795
621.3045,621.3124,28046,39656,Eptesicus serotinus,0.007,0.021,-1,Echolocation,/mnt/ubna_data_02_mir/recover-20221013/UBNA_001/20221012_030000.WAV,Telephone Field,recover-20221013,001,1795
621.3205,621.3609,68437,82436,Rhinolophus ferrumequinum,0.021,0.021,-1,Echolocation,/mnt/ubna_data_02_mir/recover-20221013/UBNA_001/20221012_030000.WAV,Telephone Field,recover-20221013,001,1795
621.3595,621.3678,28906,37468,Eptesicus serotinus,0.007,0.021,-1,Echolocation,/mnt/ubna_data_02_mir/recover-20221013/UBNA_001/20221012_030000.WAV,Telephone Field,recover-20221013,001,1795
621.3675,621.4032,68437,80576,Rhinolophus ferrumequinum,0.021,0.021,-1,Echolocation,/mnt/ubna_data_02_mir/recover-20221013/UBNA_001/20221012_030000.WAV,Telephone Field,recover-20221013,001,1795
621.4305,621.4682,68437,81962,Rhinolophus ferrumequinum,0.032,0.032,-1,Echolocation,/mnt/ubna_data_02_mir/recover-20221013/UBNA_001/20221012_030000.WAV,Telephone Field,recover-20221013,001,1795
621.4525,621.4913,68437,82860,Rhinolophus ferrumequinum,0.03,0.03,-1,Echolocation,/mnt/ubna_data_02_mir/recover-20221013/UBNA_001/20221012_030000.WAV,Telephone Field,recover-20221013,001,1795
621.4615,621.4706,27187,36402,Eptesicus serotinus,0.008,0.022,-1,Echolocation,/mnt/ubna_data_02_mir/recover-20221013/UBNA_001/20221012_030000.WAV,Telephone Field,recover-20221013,001,1795
621.4625,621.4733,37500,42589,Pipistrellus nathusii,0.007,0.02,-1,Echolocation,/mnt/ubna_data_02_mir/recover-20221013/UBNA_001/20221012_030000.WAV,Telephone Field,recover-20221013,001,1795
621.4625,621.5008,68437,82449,Rhinolophus ferrumequinum,0.023,0.024,-1,Echolocation,/mnt/ubna_data_02_mir/recover-20221013/UBNA_001/20221012_030000.WAV,Telephone Field,recover-20221013,001,1795
621.5065,621.5178,23750,28495,Nyctalus leisleri,0.011,0.022,-1,Echolocation,/mnt/ubna_data_02_mir/recover-20221013/UBNA_001/20221012_030000.WAV,Telephone Field,recover-20221013,001,1795
621.5325,621.5694,68437,82177,Rhinolophus ferrumequinum,0.02,0.02,-1,Echolocation,/mnt/ubna_data_02_mir/recover-20221013/UBNA_001/20221012_030000.WAV,Telephone Field,recover-20221013,001,1795
621.5445,621.5763,68437,81395,Rhinolophus ferrumequinum,0.021,0.021,-1,Echolocation,/mnt/ubna_data_02_mir/recover-20221013/UBNA_001/20221012_030000.WAV,Telephone Field,recover-20221013,001,1795
621.5715,621.6097,68437,83085,Rhinolophus ferrumequinum,0.022,0.022,-1,Echolocation,/mnt/ubna_data_02_mir/recover-20221013/UBNA_001/20221012_030000.WAV,Telephone Field,recover-20221013,001,1795
621.5855,621.5973,22031,26425,Nyctalus leisleri,0.011,0.021,-1,Echolocation,/mnt/ubna_data_02_mir/recover-20221013/UBNA_001/20221012_030000.WAV,Telephone Field,recover-20221013,001,1795
621.6095,621.6461,68437,81828,Rhinolophus ferrumequinum,0.021,0.021,-1,Echolocation,/mnt/ubna_data_02_mir/recover-20221013/UBNA_001/20221012_030000.WAV,Telephone Field,recover-20221013,001,1795
621.6205,621.6587,68437,82973,Rhinolophus ferrumequinum,0.024,0.024,-1,Echolocation,/mnt/ubna_data_02_mir/recover-20221013/UBNA_001/20221012_030000.WAV,Telephone Field,recover-20221013,001,1795
621.6525,621.6921,68437,82723,Rhinolophus ferrumequinum,0.022,0.022,-1,Echolocation,/mnt/ubna_data_02_mir/recover-20221013/UBNA_001/20221012_030000.WAV,Telephone Field,recover-20221013,001,1795
621.6785,621.7142,68437,81370,Rhinolophus ferrumequinum,0.023,0.023,-1,Echolocation,/mnt/ubna_data_02_mir/recover-20221013/UBNA_001/20221012_030000.WAV,Telephone Field,recover-20221013,001,1795
621.7075,621.7165,28046,39142,Eptesicus serotinus,0.008,0.02,-1,Echolocation,/mnt/ubna_data_02_mir/recover-20221013/UBNA_001/20221012_030000.WAV,Telephone Field,recover-20221013,001,1795
621.7345,621.774,68437,82666,Rhinolophus ferrumequinum,0.024,0.024,-1,Echolocation,/mnt/ubna_data_02_mir/recover-20221013/UBNA_001/20221012_030000.WAV,Telephone Field,recover-20221013,001,1795
621.7435,621.7533,23750,30430,Nyctalus leisleri,0.008,0.022,-1,Echolocation,/mnt/ubna_data_02_mir/recover-20221013/UBNA_001/20221012_030000.WAV,Telephone Field,recover-20221013,001,1795
621.7915,621.7977,28046,41782,Eptesicus serotinus,0.006,0.023,-1,Echolocation,/mnt/ubna_data_02_mir/recover-20221013/UBNA_001/20221012_030000.WAV,Telephone Field,recover-20221013,001,1795
621.8505,621.8876,68437,82027,Rhinolophus ferrumequinum,0.024,0.024,-1,Echolocation,/mnt/ubna_data_02_mir/recover-20221013/UBNA_001/20221012_030000.WAV,Telephone Field,recover-20221013,001,1795
621.8995,621.9402,68437,82447,Rhinolophus ferrumequinum,0.023,0.023,-1,Echolocation,/mnt/ubna_data_02_mir/recover-20221013/UBNA_001/20221012_030000.WAV,Telephone Field,recover-20221013,001,1795
621.9285,621.9677,68437,82643,Rhinolophus ferrumequinum,0.022,0.022,-1,Echolocation,/mnt/ubna_data_02_mir/recover-20221013/UBNA_001/20221012_030000.WAV,Telephone Field,recover-20221013,001,1795
621.9585,621.9704,22890,26921,Nyctalus leisleri,0.013,0.023,-1,Echolocation,/mnt/ubna_data_02_mir/recover-20221013/UBNA_001/20221012_030000.WAV,Telephone Field,recover-20221013,001,1795
621.9595,621.9993,68437,82157,Rhinolophus ferrumequinum,0.022,0.022,-1,Echolocation,/mnt/ubna_data_02_mir/recover-20221013/UBNA_001/20221012_030000.WAV,Telephone Field,recover-20221013,001,1795
621.9805,621.9934,25468,30130,Nyctalus leisleri,0.015,0.034,-1,Echolocation,/mnt/ubna_data_02_mir/recover-20221013/UBNA_001/20221012_030000.WAV,Telephone Field,recover-20221013,001,1795
622.0015,622.0106,26328,33512,Nyctalus leisleri,0.008,0.029,-1,Echolocation,/mnt/ubna_data_02_mir/recover-20221013/UBNA_001/20221012_030000.WAV,Telephone Field,recover-20221013,001,1795
622.0025,622.0453,68437,82073,Rhinolophus ferrumequinum,0.024,0.024,-1,Echolocation,/mnt/ubna_data_02_mir/recover-20221013/UBNA_001/20221012_030000.WAV,Telephone Field,recover-20221013,001,1795
622.0105,622.0533,68437,82806,Rhinolophus ferrumequinum,0.021,0.021,-1,Echolocation,/mnt/ubna_data_02_mir/recover-20221013/UBNA_001/20221012_030000.WAV,Telephone Field,recover-20221013,001,1795
622.0165,622.025,27187,38856,Eptesicus serotinus,0.009,0.024,-1,Echolocation,/mnt/ubna_data_02_mir/recover-20221013/UBNA_001/20221012_030000.WAV,Telephone Field,recover-20221013,001,1795
622.0185,622.0299,35781,40579,Pipistrellus nathusii,0.015,0.027,-1,Echolocation,/mnt/ubna_data_02_mir/recover-20221013/UBNA_001/20221012_030000.WAV,Telephone Field,recover-20221013,001,1795
622.0745,622.0881,37500,40864,Pipistrellus nathusii,0.02,0.027,-1,Echolocation,/mnt/ubna_data_02_mir/recover-20221013/UBNA_001/20221012_030000.WAV,Telephone Field,recover-20221013,001,1795
622.0895,622.1283,68437,82611,Rhinolophus ferrumequinum,0.022,0.022,-1,Echolocation,/mnt/ubna_data_02_mir/recover-20221013/UBNA_001/20221012_030000.WAV,Telephone Field,recover-20221013,001,1795
622.1305,622.1379,27187,38904,Eptesicus serotinus,0.007,0.022,-1,Echolocation,/mnt/ubna_data_02_mir/recover-20221013/UBNA_001/20221012_030000.WAV,Telephone Field,recover-20221013,001,1795
622.1375,622.1448,28046,38513,Eptesicus serotinus,0.005,0.022,-1,Echolocation,/mnt/ubna_data_02_mir/recover-20221013/UBNA_001/20221012_030000.WAV,Telephone Field,recover-20221013,001,1795
622.1405,622.1814,68437,82393,Rhinolophus ferrumequinum,0.023,0.023,-1,Echolocation,/mnt/ubna_data_02_mir/recover-20221013/UBNA_001/20221012_030000.WAV,Telephone Field,recover-20221013,001,1795
622.1765,622.1855,28046,38455,Eptesicus serotinus,0.014,0.027,-1,Echolocation,/mnt/ubna_data_02_mir/recover-20221013/UBNA_001/20221012_030000.WAV,Telephone Field,recover-20221013,001,1795
622.1955,622.2357,68437,82575,Rhinolophus ferrumequinum,0.024,0.024,-1,Echolocation,/mnt/ubna_data_02_mir/recover-20221013/UBNA_001/20221012_030000.WAV,Telephone Field,recover-20221013,001,1795
622.2145,622.2571,68437,82556,Rhinolophus ferrumequinum,0.026,0.026,-1,Echolocation,/mnt/ubna_data_02_mir/recover-20221013/UBNA_001/20221012_030000.WAV,Telephone Field,recover-20221013,001,1795
622.2215,622.2311,28906,37660,Eptesicus serotinus,0.008,0.021,-1,Echolocation,/mnt/ubna_data_02_mir/recover-20221013/UBNA_001/20221012_030000.WAV,Telephone Field,recover-20221013,001,1795
622.2235000000001,622.2648,68437,82390,Rhinolophus ferrumequinum,0.021,0.022,-1,Echolocation,/mnt/ubna_data_02_mir/recover-20221013/UBNA_001/20221012_030000.WAV,Telephone Field,recover-20221013,001,1795
622.2555,622.2983,68437,83178,Rhinolophus ferrumequinum,0.03,0.03,-1,Echolocation,/mnt/ubna_data_02_mir/recover-20221013/UBNA_001/20221012_030000.WAV,Telephone Field,recover-20221013,001,1795
622.3235,622.3641,68437,82888,Rhinolophus ferrumequinum,0.025,0.025,-1,Echolocation,/mnt/ubna_data_02_mir/recover-20221013/UBNA_001/20221012_030000.WAV,Telephone Field,recover-20221013,001,1795
622.3385,622.3473,28046,37829,Eptesicus serotinus,0.008,0.021,-1,Echolocation,/mnt/ubna_data_02_mir/recover-20221013/UBNA_001/20221012_030000.WAV,Telephone Field,recover-20221013,001,1795
622.3685,622.4089,68437,82353,Rhinolophus ferrumequinum,0.022,0.022,-1,Echolocation,/mnt/ubna_data_02_mir/recover-20221013/UBNA_001/20221012_030000.WAV,Telephone Field,recover-20221013,001,1795
622.3715,622.3803,25468,34688,Eptesicus serotinus,0.008,0.025,-1,Echolocation,/mnt/ubna_data_02_mir/recover-20221013/UBNA_001/20221012_030000.WAV,Telephone Field,recover-20221013,001,1795
622.3795,622.4174,68437,81803,Rhinolophus ferrumequinum,0.022,0.022,-1,Echolocation,/mnt/ubna_data_02_mir/recover-20221013/UBNA_001/20221012_030000.WAV,Telephone Field,recover-20221013,001,1795
622.3795,622.3881,23750,31518,Plecotus austriacus,0.007,0.022,-1,Echolocation,/mnt/ubna_data_02_mir/recover-20221013/UBNA_001/20221012_030000.WAV,Telephone Field,recover-20221013,001,1795
622.4055,622.4124,51250,57706,Pipistrellus pipistrellus,0.021,0.024,-1,Echolocation,/mnt/ubna_data_02_mir/recover-20221013/UBNA_001/20221012_030000.WAV,Telephone Field,recover-20221013,001,1795
622.4125,622.4211,28046,39557,Eptesicus serotinus,0.008,0.021,-1,Echolocation,/mnt/ubna_data_02_mir/recover-20221013/UBNA_001/20221012_030000.WAV,Telephone Field,recover-20221013,001,1795
622.4265,622.4629,68437,81954,Rhinolophus ferrumequinum,0.024,0.024,-1,Echolocation,/mnt/ubna_data_02_mir/recover-20221013/UBNA_001/20221012_030000.WAV,Telephone Field,recover-20221013,001,1795
622.4325,622.4702,68437,82482,Rhinolophus ferrumequinum,0.025,0.025,-1,Echolocation,/mnt/ubna_data_02_mir/recover-20221013/UBNA_001/20221012_030000.WAV,Telephone Field,recover-20221013,001,1795
622.4415,622.4604,16015,20480,Nyctalus noctula,0.02,0.028,-1,Echolocation,/mnt/ubna_data_02_mir/recover-20221013/UBNA_001/20221012_030000.WAV,Telephone Field,recover-20221013,001,1795
622.4475,622.4545,27187,38450,Eptesicus serotinus,0.007,0.021,-1,Echolocation,/mnt/ubna_data_02_mir/recover-20221013/UBNA_001/20221012_030000.WAV,Telephone Field,recover-20221013,001,1795
622.4475,622.4852,68437,82520,Rhinolophus ferrumequinum,0.024,0.024,-1,Echolocation,/mnt/ubna_data_02_mir/recover-20221013/UBNA_001/20221012_030000.WAV,Telephone Field,recover-20221013,001,1795
622.5095,622.5201,22890,28098,Nyctalus leisleri,0.01,0.023,-1,Echolocation,/mnt/ubna_data_02_mir/recover-20221013/UBNA_001/20221012_030000.WAV,Telephone Field,recover-20221013,001,1795
622.5125,622.5503,68437,82046,Rhinolophus ferrumequinum,0.021,0.021,-1,Echolocation,/mnt/ubna_data_02_mir/recover-20221013/UBNA_001/20221012_030000.WAV,Telephone Field,recover-20221013,001,1795
622.5225,622.5615,68437,82324,Rhinolophus ferrumequinum,0.024,0.024,-1,Echolocation,/mnt/ubna_data_02_mir/recover-20221013/UBNA_001/20221012_030000.WAV,Telephone Field,recover-20221013,001,1795
622.5705,622.6109,68437,83076,Rhinolophus ferrumequinum,0.037,0.037,-1,Echolocation,/mnt/ubna_data_02_mir/recover-20221013/UBNA_001/20221012_030000.WAV,Telephone Field,recover-20221013,001,1795
622.5795,622.6186,68437,82473,Rhinolophus ferrumequinum,0.029,0.029,-1,Echolocation,/mnt/ubna_data_02_mir/recover-20221013/UBNA_001/20221012_030000.WAV,Telephone Field,recover-20221013,001,1795
622.6035,622.6383,68437,80830,Rhinolophus ferrumequinum,0.022,0.022,-1,Echolocation,/mnt/ubna_data_02_mir/recover-20221013/UBNA_001/20221012_030000.WAV,Telephone Field,recover-20221013,001,1795
622.6195,622.6303,22031,27434,Nyctalus leisleri,0.01,0.023,-1,Echolocation,/mnt/ubna_data_02_mir/recover-20221013/UBNA_001/20221012_030000.WAV,Telephone Field,recover-20221013,001,1795
622.6575,622.6976,68437,82076,Rhinolophus ferrumequinum,0.023,0.023,-1,Echolocation,/mnt/ubna_data_02_mir/recover-20221013/UBNA_001/20221012_030000.WAV,Telephone Field,recover-20221013,001,1795
622.6815,622.7178,68437,81159,Rhinolophus ferrumequinum,0.022,0.022,-1,Echolocation,/mnt/ubna_data_02_mir/recover-20221013/UBNA_001/20221012_030000.WAV,Telephone Field,recover-20221013,001,1795
622.6825,622.6904,28906,41566,Eptesicus serotinus,0.007,0.022,-1,Echolocation,/mnt/ubna_data_02_mir/recover-20221013/UBNA_001/20221012_030000.WAV,Telephone Field,recover-20221013,001,1795
622.7235000000001,622.7318,28906,36870,Eptesicus serotinus,0.02,0.042,-1,Echolocation,/mnt/ubna_data_02_mir/recover-20221013/UBNA_001/20221012_030000.WAV,Telephone Field,recover-20221013,001,1795
622.7515,622.7912,68437,82303,Rhinolophus ferrumequinum,0.022,0.022,-1,Echolocation,/mnt/ubna_data_02_mir/recover-20221013/UBNA_001/20221012_030000.WAV,Telephone Field,recover-20221013,001,1795
622.7615,622.8018,68437,82489,Rhinolophus ferrumequinum,0.022,0.022,-1,Echolocation,/mnt/ubna_data_02_mir/recover-20221013/UBNA_001/20221012_030000.WAV,Telephone Field,recover-20221013,001,1795
622.7885,622.7975,28046,38783,Eptesicus serotinus,0.008,0.022,-1,Echolocation,/mnt/ubna_data_02_mir/recover-20221013/UBNA_001/20221012_030000.WAV,Telephone Field,recover-20221013,001,1795
622.8235,622.8586,68437,81039,Rhinolophus ferrumequinum,0.021,0.021,-1,Echolocation,/mnt/ubna_data_02_mir/recover-20221013/UBNA_001/20221012_030000.WAV,Telephone Field,recover-20221013,001,1795
622.8375,622.8491,50390,55802,Pipistrellus pipistrellus,0.019,0.024,-1,Echolocation,/mnt/ubna_data_02_mir/recover-20221013/UBNA_001/20221012_030000.WAV,Telephone Field,recover-20221013,001,1795
622.8395,622.8521,22890,27916,Nyctalus leisleri,0.016,0.033,-1,Echolocation,/mnt/ubna_data_02_mir/recover-20221013/UBNA_001/20221012_030000.WAV,Telephone Field,recover-20221013,001,1795
622.8585,622.8693,23750,29209,Nyctalus leisleri,0.01,0.022,-1,Echolocation,/mnt/ubna_data_02_mir/recover-20221013/UBNA_001/20221012_030000.WAV,Telephone Field,recover-20221013,001,1795
622.9055,622.9141,23750,30833,Plecotus austriacus,0.009,0.023,-1,Echolocation,/mnt/ubna_data_02_mir/recover-20221013/UBNA_001/20221012_030000.WAV,Telephone Field,recover-20221013,001,1795
622.9105,622.948,68437,82084,Rhinolophus ferrumequinum,0.023,0.023,-1,Echolocation,/mnt/ubna_data_02_mir/recover-20221013/UBNA_001/20221012_030000.WAV,Telephone Field,recover-20221013,001,1795
622.9255,622.9334,43515,47657,Pipistrellus pipistrellus,0.02,0.024,-1,Echolocation,/mnt/ubna_data_02_mir/recover-20221013/UBNA_001/20221012_030000.WAV,Telephone Field,recover-20221013,001,1795
622.9615,622.9679,34921,44214,Myotis daubentonii,0.013,0.036,-1,Echolocation,/mnt/ubna_data_02_mir/recover-20221013/UBNA_001/20221012_030000.WAV,Telephone Field,recover-20221013,001,1795
622.9615,622.9681,28046,43367,Eptesicus serotinus,0.008,0.029,-1,Echolocation,/mnt/ubna_data_02_mir/recover-20221013/UBNA_001/20221012_030000.WAV,Telephone Field,recover-20221013,001,1795
623.0035,623.039,68437,81961,Rhinolophus ferrumequinum,0.021,0.022,-1,Echolocation,/mnt/ubna_data_02_mir/recover-20221013/UBNA_001/20221012_030000.WAV,Telephone Field,recover-20221013,001,1795
623.0285,623.0654,68437,81852,Rhinolophus ferrumequinum,0.023,0.023,-1,Echolocation,/mnt/ubna_data_02_mir/recover-20221013/UBNA_001/20221012_030000.WAV,Telephone Field,recover-20221013,001,1795
623.0355,623.043,28046,37969,Eptesicus serotinus,0.008,0.027,-1,Echolocation,/mnt/ubna_data_02_mir/recover-20221013/UBNA_001/20221012_030000.WAV,Telephone Field,recover-20221013,001,1795
623.0555,623.0939,68437,82256,Rhinolophus ferrumequinum,0.022,0.022,-1,Echolocation,/mnt/ubna_data_02_mir/recover-20221013/UBNA_001/20221012_030000.WAV,Telephone Field,recover-20221013,001,1795
623.0835,623.093,25468,33281,Nyctalus leisleri,0.012,0.037,-1,Echolocation,/mnt/ubna_data_02_mir/recover-20221013/UBNA_001/20221012_030000.WAV,Telephone Field,recover-20221013,001,1795
623.1385,623.1457,28046,39539,Eptesicus serotinus,0.007,0.023,-1,Echolocation,/mnt/ubna_data_02_mir/recover-20221013/UBNA_001/20221012_030000.WAV,Telephone Field,recover-20221013,001,1795
623.1585,623.1976,68437,82196,Rhinolophus ferrumequinum,0.022,0.022,-1,Echolocation,/mnt/ubna_data_02_mir/recover-20221013/UBNA_001/20221012_030000.WAV,Telephone Field,recover-20221013,001,1795
623.1995,623.217,21171,24443,Nyctalus leisleri,0.02,0.039,-1,Echolocation,/mnt/ubna_data_02_mir/recover-20221013/UBNA_001/20221012_030000.WAV,Telephone Field,recover-20221013,001,1795
623.2305,623.264,68437,80637,Rhinolophus ferrumequinum,0.025,0.026,-1,Echolocation,/mnt/ubna_data_02_mir/recover-20221013/UBNA_001/20221012_030000.WAV,Telephone Field,recover-20221013,001,1795
623.2405,623.2773,68437,81710,Rhinolophus ferrumequinum,0.024,0.024,-1,Echolocation,/mnt/ubna_data_02_mir/recover-20221013/UBNA_001/20221012_030000.WAV,Telephone Field,recover-20221013,001,1795
623.2615,623.2999,68437,82284,Rhinolophus ferrumequinum,0.024,0.024,-1,Echolocation,/mnt/ubna_data_02_mir/recover-20221013/UBNA_001/20221012_030000.WAV,Telephone Field,recover-20221013,001,1795
623.2685,623.3067,68437,81882,Rhinolophus ferrumequinum,0.023,0.023,-1,Echolocation,/mnt/ubna_data_02_mir/recover-20221013/UBNA_001/20221012_030000.WAV,Telephone Field,recover-20221013,001,1795
623.2745,623.283,28046,37970,Eptesicus serotinus,0.01,0.028,-1,Echolocation,/mnt/ubna_data_02_mir/recover-20221013/UBNA_001/20221012_030000.WAV,Telephone Field,recover-20221013,001,1795
623.3015,623.342,68437,82372,Rhinolophus ferrumequinum,0.022,0.022,-1,Echolocation,/mnt/ubna_data_02_mir/recover-20221013/UBNA_001/20221012_030000.WAV,Telephone Field,recover-20221013,001,1795
623.3105,623.3517,68437,82559,Rhinolophus ferrumequinum,0.022,0.022,-1,Echolocation,/mnt/ubna_data_02_mir/recover-20221013/UBNA_001/20221012_030000.WAV,Telephone Field,recover-20221013,001,1795
623.3155,623.324,24609,32207,Eptesicus serotinus,0.006,0.022,-1,Echolocation,/mnt/ubna_data_02_mir/recover-20221013/UBNA_001/20221012_030000.WAV,Telephone Field,recover-20221013,001,1795
623.3315,623.3388,28046,41094,Eptesicus serotinus,0.007,0.023,-1,Echolocation,/mnt/ubna_data_02_mir/recover-20221013/UBNA_001/20221012_030000.WAV,Telephone Field,recover-20221013,001,1795
623.3325,623.3436,40937,44908,Pipistrellus nathusii,0.008,0.022,-1,Echolocation,/mnt/ubna_data_02_mir/recover-20221013/UBNA_001/20221012_030000.WAV,Telephone Field,recover-20221013,001,1795
623.3405,623.3766,68437,81774,Rhinolophus ferrumequinum,0.022,0.022,-1,Echolocation,/mnt/ubna_data_02_mir/recover-20221013/UBNA_001/20221012_030000.WAV,Telephone Field,recover-20221013,001,1795
623.3465,623.3822,68437,82047,Rhinolophus ferrumequinum,0.021,0.022,-1,Echolocation,/mnt/ubna_data_02_mir/recover-20221013/UBNA_001/20221012_030000.WAV,Telephone Field,recover-20221013,001,1795
623.4075,623.4144,28046,41230,Eptesicus serotinus,0.007,0.023,-1,Echolocation,/mnt/ubna_data_02_mir/recover-20221013/UBNA_001/20221012_030000.WAV,Telephone Field,recover-20221013,001,1795
623.4395,623.4793999999999,68437,82245,Rhinolophus ferrumequinum,0.025,0.025,-1,Echolocation,/mnt/ubna_data_02_mir/recover-20221013/UBNA_001/20221012_030000.WAV,Telephone Field,recover-20221013,001,1795
623.4575,623.4673,23750,30030,Nyctalus leisleri,0.008,0.023,-1,Echolocation,/mnt/ubna_data_02_mir/recover-20221013/UBNA_001/20221012_030000.WAV,Telephone Field,recover-20221013,001,1795
623.5025,623.5412,68437,82208,Rhinolophus ferrumequinum,0.023,0.023,-1,Echolocation,/mnt/ubna_data_02_mir/recover-20221013/UBNA_001/20221012_030000.WAV,Telephone Field,recover-20221013,001,1795
623.5255,623.5622,68437,81853,Rhinolophus ferrumequinum,0.022,0.022,-1,Echolocation,/mnt/ubna_data_02_mir/recover-20221013/UBNA_001/20221012_030000.WAV,Telephone Field,recover-20221013,001,1795
623.5325,623.5723,68437,82032,Rhinolophus ferrumequinum,0.023,0.023,-1,Echolocation,/mnt/ubna_data_02_mir/recover-20221013/UBNA_001/20221012_030000.WAV,Telephone Field,recover-20221013,001,1795
623.5675,623.5756,28906,37480,Eptesicus serotinus,0.008,0.023,-1,Echolocation,/mnt/ubna_data_02_mir/recover-20221013/UBNA_001/20221012_030000.WAV,Telephone Field,recover-20221013,001,1795
623.5775,623.6149,68437,81805,Rhinolophus ferrumequinum,0.025,0.025,-1,Echolocation,/mnt/ubna_data_02_mir/recover-20221013/UBNA_001/20221012_030000.WAV,Telephone Field,recover-20221013,001,1795
623.5865,623.6253,68437,81673,Rhinolophus ferrumequinum,0.025,0.025,-1,Echolocation,/mnt/ubna_data_02_mir/recover-20221013/UBNA_001/20221012_030000.WAV,Telephone Field,recover-20221013,001,1795
623.5985000000001,623.6373,68437,81945,Rhinolophus ferrumequinum,0.021,0.021,-1,Echolocation,/mnt/ubna_data_02_mir/recover-20221013/UBNA_001/20221012_030000.WAV,Telephone Field,recover-20221013,001,1795
623.6445,623.6549,25468,32347,Eptesicus serotinus,0.012,0.03,-1,Echolocation,/mnt/ubna_data_02_mir/recover-20221013/UBNA_001/20221012_030000.WAV,Telephone Field,recover-20221013,001,1795
623.6605,623.6685,28046,38790,Eptesicus serotinus,0.007,0.023,-1,Echolocation,/mnt/ubna_data_02_mir/recover-20221013/UBNA_001/20221012_030000.WAV,Telephone Field,recover-20221013,001,1795
623.6845,623.695,22890,28378,Nyctalus leisleri,0.011,0.023,-1,Echolocation,/mnt/ubna_data_02_mir/recover-20221013/UBNA_001/20221012_030000.WAV,Telephone Field,recover-20221013,001,1795
623.6855,623.726,68437,82800,Rhinolophus ferrumequinum,0.026,0.026,-1,Echolocation,/mnt/ubna_data_02_mir/recover-20221013/UBNA_001/20221012_030000.WAV,Telephone Field,recover-20221013,001,1795
623.7275,623.7355,28046,38775,Eptesicus serotinus,0.006,0.021,-1,Echolocation,/mnt/ubna_data_02_mir/recover-20221013/UBNA_001/20221012_030000.WAV,Telephone Field,recover-20221013,001,1795
623.7385,623.7764,68437,81899,Rhinolophus ferrumequinum,0.021,0.021,-1,Echolocation,/mnt/ubna_data_02_mir/recover-20221013/UBNA_001/20221012_030000.WAV,Telephone Field,recover-20221013,001,1795
623.7425,623.7505,26328,35216,Eptesicus serotinus,0.012,0.031,-1,Echolocation,/mnt/ubna_data_02_mir/recover-20221013/UBNA_001/20221012_030000.WAV,Telephone Field,recover-20221013,001,1795
623.7805,623.8237,68437,83133,Rhinolophus ferrumequinum,0.042,0.042,-1,Echolocation,/mnt/ubna_data_02_mir/recover-20221013/UBNA_001/20221012_030000.WAV,Telephone Field,recover-20221013,001,1795
623.7835,623.7903,28046,37539,Eptesicus serotinus,0.006,0.021,-1,Echolocation,/mnt/ubna_data_02_mir/recover-20221013/UBNA_001/20221012_030000.WAV,Telephone Field,recover-20221013,001,1795
623.7845,623.7941,22031,27641,Nyctalus leisleri,0.007,0.021,-1,Echolocation,/mnt/ubna_data_02_mir/recover-20221013/UBNA_001/20221012_030000.WAV,Telephone Field,recover-20221013,001,1795
623.8045,623.8449,68437,82444,Rhinolophus ferrumequinum,0.022,0.022,-1,Echolocation,/mnt/ubna_data_02_mir/recover-20221013/UBNA_001/20221012_030000.WAV,Telephone Field,recover-20221013,001,1795
623.8395,623.8754,68437,81246,Rhinolophus ferrumequinum,0.021,0.021,-1,Echolocation,/mnt/ubna_data_02_mir/recover-20221013/UBNA_001/20221012_030000.WAV,Telephone Field,recover-20221013,001,1795
623.8575,623.8965,68437,81866,Rhinolophus ferrumequinum,0.021,0.021,-1,Echolocation,/mnt/ubna_data_02_mir/recover-20221013/UBNA_001/20221012_030000.WAV,Telephone Field,recover-20221013,001,1795
623.8715,623.8802,25468,33642,Eptesicus serotinus,0.008,0.022,-1,Echolocation,/mnt/ubna_data_02_mir/recover-20221013/UBNA_001/20221012_030000.WAV,Telephone Field,recover-20221013,001,1795
623.8845,623.9283,68437,83567,Rhinolophus ferrumequinum,0.038,0.038,-1,Echolocation,/mnt/ubna_data_02_mir/recover-20221013/UBNA_001/20221012_030000.WAV,Telephone Field,recover-20221013,001,1795
623.8845,623.8952,22890,28619,Nyctalus leisleri,0.01,0.026,-1,Echolocation,/mnt/ubna_data_02_mir/recover-20221013/UBNA_001/20221012_030000.WAV,Telephone Field,recover-20221013,001,1795
623.8985,623.907,48671,54225,Pipistrellus pipistrellus,0.033,0.036,-1,Echolocation,/mnt/ubna_data_02_mir/recover-20221013/UBNA_001/20221012_030000.WAV,Telephone Field,recover-20221013,001,1795
623.9105,623.9494,68437,81954,Rhinolophus ferrumequinum,0.024,0.024,-1,Echolocation,/mnt/ubna_data_02_mir/recover-20221013/UBNA_001/20221012_030000.WAV,Telephone Field,recover-20221013,001,1795
623.9535,623.9612,26328,35908,Eptesicus serotinus,0.007,0.025,-1,Echolocation,/mnt/ubna_data_02_mir/recover-20221013/UBNA_001/20221012_030000.WAV,Telephone Field,recover-20221013,001,1795
623.9885,623.9963,25468,35937,Eptesicus serotinus,0.006,0.022,-1,Echolocation,/mnt/ubna_data_02_mir/recover-20221013/UBNA_001/20221012_030000.WAV,Telephone Field,recover-20221013,001,1795
624.0015,624.0328,68437,79792,Rhinolophus ferrumequinum,0.054,0.054,-1,Echolocation,/mnt/ubna_data_02_mir/recover-20221013/UBNA_001/20221012_030000.WAV,Telephone Field,recover-20221013,001,1795
624.0015,624.0142,20312,25796,Nyctalus leisleri,0.01,0.028,-1,Echolocation,/mnt/ubna_data_02_mir/recover-20221013/UBNA_001/20221012_030000.WAV,Telephone Field,recover-20221013,001,1795
624.0145,624.0572,68437,83117,Rhinolophus ferrumequinum,0.036,0.036,-1,Echolocation,/mnt/ubna_data_02_mir/recover-20221013/UBNA_001/20221012_030000.WAV,Telephone Field,recover-20221013,001,1795
624.0264999999999,624.065,68437,82478,Rhinolophus ferrumequinum,0.022,0.022,-1,Echolocation,/mnt/ubna_data_02_mir/recover-20221013/UBNA_001/20221012_030000.WAV,Telephone Field,recover-20221013,001,1795
624.0415,624.0796,68437,82282,Rhinolophus ferrumequinum,0.022,0.022,-1,Echolocation,/mnt/ubna_data_02_mir/recover-20221013/UBNA_001/20221012_030000.WAV,Telephone Field,recover-20221013,001,1795
624.0475,624.0832,68437,81472,Rhinolophus ferrumequinum,0.022,0.022,-1,Echolocation,/mnt/ubna_data_02_mir/recover-20221013/UBNA_001/20221012_030000.WAV,Telephone Field,recover-20221013,001,1795
624.0555,624.0901,68437,80729,Rhinolophus ferrumequinum,0.022,0.022,-1,Echolocation,/mnt/ubna_data_02_mir/recover-20221013/UBNA_001/20221012_030000.WAV,Telephone Field,recover-20221013,001,1795
624.0905,624.0993,28906,37104,Eptesicus serotinus,0.011,0.029,-1,Echolocation,/mnt/ubna_data_02_mir/recover-20221013/UBNA_001/20221012_030000.WAV,Telephone Field,recover-20221013,001,1795
624.1465,624.1824,68437,81734,Rhinolophus ferrumequinum,0.023,0.023,-1,Echolocation,/mnt/ubna_data_02_mir/recover-20221013/UBNA_001/20221012_030000.WAV,Telephone Field,recover-20221013,001,1795
624.1465,624.1541,23750,32282,Plecotus austriacus,0.008,0.022,-1,Echolocation,/mnt/ubna_data_02_mir/recover-20221013/UBNA_001/20221012_030000.WAV,Telephone Field,recover-20221013,001,1795
624.1755,624.2141,68437,82219,Rhinolophus ferrumequinum,0.022,0.022,-1,Echolocation,/mnt/ubna_data_02_mir/recover-20221013/UBNA_001/20221012_030000.WAV,Telephone Field,recover-20221013,001,1795
624.1885,624.1965,44375,49008,Pipistrellus pipistrellus,0.022,0.025,-1,Echolocation,/mnt/ubna_data_02_mir/recover-20221013/UBNA_001/20221012_030000.WAV,Telephone Field,recover-20221013,001,1795
624.2205,624.2592,68437,82278,Rhinolophus ferrumequinum,0.028,0.028,-1,Echolocation,/mnt/ubna_data_02_mir/recover-20221013/UBNA_001/20221012_030000.WAV,Telephone Field,recover-20221013,001,1795
624.2345,624.272,68437,81318,Rhinolophus ferrumequinum,0.022,0.022,-1,Echolocation,/mnt/ubna_data_02_mir/recover-20221013/UBNA_001/20221012_030000.WAV,Telephone Field,recover-20221013,001,1795
624.2555,624.2914,68437,82116,Rhinolophus ferrumequinum,0.023,0.023,-1,Echolocation,/mnt/ubna_data_02_mir/recover-20221013/UBNA_001/20221012_030000.WAV,Telephone Field,recover-20221013,001,1795
624.2575,624.2681,23750,29880,Nyctalus leisleri,0.011,0.027,-1,Echolocation,/mnt/ubna_data_02_mir/recover-20221013/UBNA_001/20221012_030000.WAV,Telephone Field,recover-20221013,001,1795
624.2855,624.2948,24609,32998,Eptesicus serotinus,0.011,0.039,-1,Echolocation,/mnt/ubna_data_02_mir/recover-20221013/UBNA_001/20221012_030000.WAV,Telephone Field,recover-20221013,001,1795
624.2895,624.3285,68437,82293,Rhinolophus ferrumequinum,0.022,0.022,-1,Echolocation,/mnt/ubna_data_02_mir/recover-20221013/UBNA_001/20221012_030000.WAV,Telephone Field,recover-20221013,001,1795
624.3075,624.3469,68437,82752,Rhinolophus ferrumequinum,0.031,0.031,-1,Echolocation,/mnt/ubna_data_02_mir/recover-20221013/UBNA_001/20221012_030000.WAV,Telephone Field,recover-20221013,001,1795
624.3425,624.3604,16875,21111,Nyctalus noctula,0.016,0.023,-1,Echolocation,/mnt/ubna_data_02_mir/recover-20221013/UBNA_001/20221012_030000.WAV,Telephone Field,recover-20221013,001,1795
624.3615,624.3985,68437,82160,Rhinolophus ferrumequinum,0.027,0.027,-1,Echolocation,/mnt/ubna_data_02_mir/recover-20221013/UBNA_001/20221012_030000.WAV,Telephone Field,recover-20221013,001,1795
624.3645,624.3722,28046,38883,Eptesicus serotinus,0.008,0.027,-1,Echolocation,/mnt/ubna_data_02_mir/recover-20221013/UBNA_001/20221012_030000.WAV,Telephone Field,recover-20221013,001,1795
624.4115,624.4505,68437,82124,Rhinolophus ferrumequinum,0.024,0.024,-1,Echolocation,/mnt/ubna_data_02_mir/recover-20221013/UBNA_001/20221012_030000.WAV,Telephone Field,recover-20221013,001,1795
624.4315,624.469,68437,81319,Rhinolophus ferrumequinum,0.024,0.024,-1,Echolocation,/mnt/ubna_data_02_mir/recover-20221013/UBNA_001/20221012_030000.WAV,Telephone Field,recover-20221013,001,1795
624.4575,624.5005,68437,83369,Rhinolophus ferrumequinum,0.03,0.03,-1,Echolocation,/mnt/ubna_data_02_mir/recover-20221013/UBNA_001/20221012_030000.WAV,Telephone Field,recover-20221013,001,1795
624.5155,624.5256,28046,39859,Eptesicus serotinus,0.01,0.023,-1,Echolocation,/mnt/ubna_data_02_mir/recover-20221013/UBNA_001/20221012_030000.WAV,Telephone Field,recover-20221013,001,1795
624.5165,624.5522,68437,80663,Rhinolophus ferrumequinum,0.022,0.022,-1,Echolocation,/mnt/ubna_data_02_mir/recover-20221013/UBNA_001/20221012_030000.WAV,Telephone Field,recover-20221013,001,1795
624.5225,624.5311,26328,37108,Eptesicus serotinus,0.008,0.026,-1,Echolocation,/mnt/ubna_data_02_mir/recover-20221013/UBNA_001/20221012_030000.WAV,Telephone Field,recover-20221013,001,1795
624.5705,624.58,28046,36676,Eptesicus serotinus,0.009,0.022,-1,Echolocation,/mnt/ubna_data_02_mir/recover-20221013/UBNA_001/20221012_030000.WAV,Telephone Field,recover-20221013,001,1795
624.5805,624.6209,68437,82906,Rhinolophus ferrumequinum,0.022,0.023,-1,Echolocation,/mnt/ubna_data_02_mir/recover-20221013/UBNA_001/20221012_030000.WAV,Telephone Field,recover-20221013,001,1795
624.6295,624.6389,24609,32010,Eptesicus serotinus,0.008,0.022,-1,Echolocation,/mnt/ubna_data_02_mir/recover-20221013/UBNA_001/20221012_030000.WAV,Telephone Field,recover-20221013,001,1795
624.6395,624.6791,68437,82318,Rhinolophus ferrumequinum,0.023,0.023,-1,Echolocation,/mnt/ubna_data_02_mir/recover-20221013/UBNA_001/20221012_030000.WAV,Telephone Field,recover-20221013,001,1795
624.6605,624.6995,68437,82571,Rhinolophus ferrumequinum,0.024,0.024,-1,Echolocation,/mnt/ubna_data_02_mir/recover-20221013/UBNA_001/20221012_030000.WAV,Telephone Field,recover-20221013,001,1795
624.6905,624.7001,28046,35724,Eptesicus serotinus,0.021,0.039,-1,Echolocation,/mnt/ubna_data_02_mir/recover-20221013/UBNA_001/20221012_030000.WAV,Telephone Field,recover-20221013,001,1795
624.7315,624.7374,30625,43279,Myotis daubentonii,0.025,0.05,-1,Echolocation,/mnt/ubna_data_02_mir/recover-20221013/UBNA_001/20221012_030000.WAV,Telephone Field,recover-20221013,001,1795
624.7455,624.7827,68437,81871,Rhinolophus ferrumequinum,0.022,0.022,-1,Echolocation,/mnt/ubna_data_02_mir/recover-20221013/UBNA_001/20221012_030000.WAV,Telephone Field,recover-20221013,001,1795
624.7655,624.7771,28906,35248,Eptesicus serotinus,0.012,0.027,-1,Echolocation,/mnt/ubna_data_02_mir/recover-20221013/UBNA_001/20221012_030000.WAV,Telephone Field,recover-20221013,001,1795
624.7735,624.781,50390,54783,Pipistrellus pipistrellus,0.025,0.028,-1,Echolocation,/mnt/ubna_data_02_mir/recover-20221013/UBNA_001/20221012_030000.WAV,Telephone Field,recover-20221013,001,1795
624.7975,624.8349,68437,81177,Rhinolophus ferrumequinum,0.022,0.022,-1,Echolocation,/mnt/ubna_data_02_mir/recover-20221013/UBNA_001/20221012_030000.WAV,Telephone Field,recover-20221013,001,1795
624.8425,624.852,27187,35386,Eptesicus serotinus,0.019,0.039,-1,Echolocation,/mnt/ubna_data_02_mir/recover-20221013/UBNA_001/20221012_030000.WAV,Telephone Field,recover-20221013,001,1795
624.8435,624.8804,68437,81747,Rhinolophus ferrumequinum,0.024,0.024,-1,Echolocation,/mnt/ubna_data_02_mir/recover-20221013/UBNA_001/20221012_030000.WAV,Telephone Field,recover-20221013,001,1795
624.9025,624.9404,68437,81452,Rhinolophus ferrumequinum,0.022,0.022,-1,Echolocation,/mnt/ubna_data_02_mir/recover-20221013/UBNA_001/20221012_030000.WAV,Telephone Field,recover-20221013,001,1795
624.9105,624.9472,68437,82070,Rhinolophus ferrumequinum,0.023,0.023,-1,Echolocation,/mnt/ubna_data_02_mir/recover-20221013/UBNA_001/20221012_030000.WAV,Telephone Field,recover-20221013,001,1795
624.9125,624.9188,27187,42090,Eptesicus serotinus,0.009,0.039,-1,Echolocation,/mnt/ubna_data_02_mir/recover-20221013/UBNA_001/20221012_030000.WAV,Telephone Field,recover-20221013,001,1795
624.9535,624.9909,68437,81905,Rhinolophus ferrumequinum,0.022,0.022,-1,Echolocation,/mnt/ubna_data_02_mir/recover-20221013/UBNA_001/20221012_030000.WAV,Telephone Field,recover-20221013,001,1795
624.9795,624.9902,22890,29177,Nyctalus leisleri,0.013,0.031,-1,Echolocation,/mnt/ubna_data_02_mir/recover-20221013/UBNA_001/20221012_030000.WAV,Telephone Field,recover-20221013,001,1795
625.0095,625.0165,26328,43074,Eptesicus serotinus,0.007,0.023,-1,Echolocation,/mnt/ubna_data_02_mir/recover-20221013/UBNA_001/20221012_030000.WAV,Telephone Field,recover-20221013,001,1795
625.0105,625.0165,34921,45474,Myotis daubentonii,0.013,0.025,-1,Echolocation,/mnt/ubna_data_02_mir/recover-20221013/UBNA_001/20221012_030000.WAV,Telephone Field,recover-20221013,001,1795
625.1005,625.1071,30625,40033,Myotis daubentonii,0.014,0.031,-1,Echolocation,/mnt/ubna_data_02_mir/recover-20221013/UBNA_001/20221012_030000.WAV,Telephone Field,recover-20221013,001,1795
625.1365,625.1769,68437,82578,Rhinolophus ferrumequinum,0.029,0.029,-1,Echolocation,/mnt/ubna_data_02_mir/recover-20221013/UBNA_001/20221012_030000.WAV,Telephone Field,recover-20221013,001,1795
625.1365,625.1468,25468,32688,Eptesicus serotinus,0.011,0.024,-1,Echolocation,/mnt/ubna_data_02_mir/recover-20221013/UBNA_001/20221012_030000.WAV,Telephone Field,recover-20221013,001,1795
625.1635,625.2066,68437,82818,Rhinolophus ferrumequinum,0.024,0.024,-1,Echolocation,/mnt/ubna_data_02_mir/recover-20221013/UBNA_001/20221012_030000.WAV,Telephone Field,recover-20221013,001,1795
625.1785,625.1853,27187,36829,Eptesicus serotinus,0.007,0.024,-1,Echolocation,/mnt/ubna_data_02_mir/recover-20221013/UBNA_001/20221012_030000.WAV,Telephone Field,recover-20221013,001,1795
625.2055,625.2148,24609,31824,Eptesicus serotinus,0.008,0.023,-1,Echolocation,/mnt/ubna_data_02_mir/recover-20221013/UBNA_001/20221012_030000.WAV,Telephone Field,recover-20221013,001,1795
625.2325,625.2396,27187,39332,Eptesicus serotinus,0.006,0.022,-1,Echolocation,/mnt/ubna_data_02_mir/recover-20221013/UBNA_001/20221012_030000.WAV,Telephone Field,recover-20221013,001,1795
625.2445,625.2832,68437,81541,Rhinolophus ferrumequinum,0.034,0.034,-1,Echolocation,/mnt/ubna_data_02_mir/recover-20221013/UBNA_001/20221012_030000.WAV,Telephone Field,recover-20221013,001,1795
625.2635,625.2992,68437,82106,Rhinolophus ferrumequinum,0.022,0.022,-1,Echolocation,/mnt/ubna_data_02_mir/recover-20221013/UBNA_001/20221012_030000.WAV,Telephone Field,recover-20221013,001,1795
625.2805,625.2913,28046,36315,Eptesicus serotinus,0.013,0.027,-1,Echolocation,/mnt/ubna_data_02_mir/recover-20221013/UBNA_001/20221012_030000.WAV,Telephone Field,recover-20221013,001,1795
625.2855,625.2941,28906,36454,Eptesicus serotinus,0.008,0.028,-1,Echolocation,/mnt/ubna_data_02_mir/recover-20221013/UBNA_001/20221012_030000.WAV,Telephone Field,recover-20221013,001,1795
625.3305,625.3718,68437,82700,Rhinolophus ferrumequinum,0.025,0.025,-1,Echolocation,/mnt/ubna_data_02_mir/recover-20221013/UBNA_001/20221012_030000.WAV,Telephone Field,recover-20221013,001,1795
625.3435,625.3837,68437,82831,Rhinolophus ferrumequinum,0.023,0.023,-1,Echolocation,/mnt/ubna_data_02_mir/recover-20221013/UBNA_001/20221012_030000.WAV,Telephone Field,recover-20221013,001,1795
625.3625,625.3695,28046,37955,Eptesicus serotinus,0.006,0.025,-1,Echolocation,/mnt/ubna_data_02_mir/recover-20221013/UBNA_001/20221012_030000.WAV,Telephone Field,recover-20221013,001,1795
625.3725,625.4175,68437,83591,Rhinolophus ferrumequinum,0.04,0.04,-1,Echolocation,/mnt/ubna_data_02_mir/recover-20221013/UBNA_001/20221012_030000.WAV,Telephone Field,recover-20221013,001,1795
625.4055,625.4166,31484,38630,Eptesicus serotinus,0.01,0.026,-1,Echolocation,/mnt/ubna_data_02_mir/recover-20221013/UBNA_001/20221012_030000.WAV,Telephone Field,recover-20221013,001,1795
625.4315,625.4686,68437,81653,Rhinolophus ferrumequinum,0.024,0.024,-1,Echolocation,/mnt/ubna_data_02_mir/recover-20221013/UBNA_001/20221012_030000.WAV,Telephone Field,recover-20221013,001,1795
625.4385,625.4765,68437,82136,Rhinolophus ferrumequinum,0.022,0.022,-1,Echolocation,/mnt/ubna_data_02_mir/recover-20221013/UBNA_001/20221012_030000.WAV,Telephone Field,recover-20221013,001,1795
625.4475,625.4588,23750,29028,Nyctalus leisleri,0.011,0.023,-1,Echolocation,/mnt/ubna_data_02_mir/recover-20221013/UBNA_001/20221012_030000.WAV,Telephone Field,recover-20221013,001,1795
625.4845,625.5225,68437,81745,Rhinolophus ferrumequinum,0.023,0.023,-1,Echolocation,/mnt/ubna_data_02_mir/recover-20221013/UBNA_001/20221012_030000.WAV,Telephone Field,recover-20221013,001,1795
625.4885,625.4978,28046,40266,Eptesicus serotinus,0.009,0.023,-1,Echolocation,/mnt/ubna_data_02_mir/recover-20221013/UBNA_001/20221012_030000.WAV,Telephone Field,recover-20221013,001,1795
625.4945,625.5023,27187,36517,Eptesicus serotinus,0.006,0.022,-1,Echolocation,/mnt/ubna_data_02_mir/recover-20221013/UBNA_001/20221012_030000.WAV,Telephone Field,recover-20221013,001,1795
625.5325,625.5753,68437,82948,Rhinolophus ferrumequinum,0.031,0.031,-1,Echolocation,/mnt/ubna_data_02_mir/recover-20221013/UBNA_001/20221012_030000.WAV,Telephone Field,recover-20221013,001,1795
625.5505,625.5881,68437,82360,Rhinolophus ferrumequinum,0.025,0.025,-1,Echolocation,/mnt/ubna_data_02_mir/recover-20221013/UBNA_001/20221012_030000.WAV,Telephone Field,recover-20221013,001,1795
625.5515,625.5716,20312,23483,Nyctalus noctula,0.031,0.064,-1,Echolocation,/mnt/ubna_data_02_mir/recover-20221013/UBNA_001/20221012_030000.WAV,Telephone Field,recover-20221013,001,1795
625.6105,625.6511,68437,82530,Rhinolophus ferrumequinum,0.023,0.023,-1,Echolocation,/mnt/ubna_data_02_mir/recover-20221013/UBNA_001/20221012_030000.WAV,Telephone Field,recover-20221013,001,1795
625.6514999999999,625.6886,68437,82038,Rhinolophus ferrumequinum,0.022,0.022,-1,Echolocation,/mnt/ubna_data_02_mir/recover-20221013/UBNA_001/20221012_030000.WAV,Telephone Field,recover-20221013,001,1795
625.6585,625.6675,28046,39486,Eptesicus serotinus,0.009,0.026,-1,Echolocation,/mnt/ubna_data_02_mir/recover-20221013/UBNA_001/20221012_030000.WAV,Telephone Field,recover-20221013,001,1795
625.6815,625.7197,68437,81142,Rhinolophus ferrumequinum,0.024,0.024,-1,Echolocation,/mnt/ubna_data_02_mir/recover-20221013/UBNA_001/20221012_030000.WAV,Telephone Field,recover-20221013,001,1795
625.7175,625.7588,68437,83036,Rhinolophus ferrumequinum,0.033,0.033,-1,Echolocation,/mnt/ubna_data_02_mir/recover-20221013/UBNA_001/20221012_030000.WAV,Telephone Field,recover-20221013,001,1795
625.7265,625.77,68437,83448,Rhinolophus ferrumequinum,0.029,0.029,-1,Echolocation,/mnt/ubna_data_02_mir/recover-20221013/UBNA_001/20221012_030000.WAV,Telephone Field,recover-20221013,001,1795
625.7495,625.7589,22890,29486,Nyctalus leisleri,0.009,0.024,-1,Echolocation,/mnt/ubna_data_02_mir/recover-20221013/UBNA_001/20221012_030000.WAV,Telephone Field,recover-20221013,001,1795
625.7655,625.8062,68437,82918,Rhinolophus ferrumequinum,0.026,0.026,-1,Echolocation,/mnt/ubna_data_02_mir/recover-20221013/UBNA_001/20221012_030000.WAV,Telephone Field,recover-20221013,001,1795
625.7995,625.8106,22031,27078,Nyctalus leisleri,0.01,0.022,-1,Echolocation,/mnt/ubna_data_02_mir/recover-20221013/UBNA_001/20221012_030000.WAV,Telephone Field,recover-20221013,001,1795
625.8185,625.8572,68437,82548,Rhinolophus ferrumequinum,0.022,0.022,-1,Echolocation,/mnt/ubna_data_02_mir/recover-20221013/UBNA_001/20221012_030000.WAV,Telephone Field,recover-20221013,001,1795
625.8625,625.8717,28046,38373,Eptesicus serotinus,0.008,0.022,-1,Echolocation,/mnt/ubna_data_02_mir/recover-20221013/UBNA_001/20221012_030000.WAV,Telephone Field,recover-20221013,001,1795
625.8665,625.9083,68437,82423,Rhinolophus ferrumequinum,0.026,0.026,-1,Echolocation,/mnt/ubna_data_02_mir/recover-20221013/UBNA_001/20221012_030000.WAV,Telephone Field,recover-20221013,001,1795
625.8935,625.9029,44375,55359,Pipistrellus pipistrellus,0.015,0.027,-1,Echolocation,/mnt/ubna_data_02_mir/recover-20221013/UBNA_001/20221012_030000.WAV,Telephone Field,recover-20221013,001,1795
625.8955,625.9341,68437,82062,Rhinolophus ferrumequinum,0.022,0.022,-1,Echolocation,/mnt/ubna_data_02_mir/recover-20221013/UBNA_001/20221012_030000.WAV,Telephone Field,recover-20221013,001,1795
625.8965,625.902,49531,55366,Pipistrellus pipistrellus,0.023,0.024,-1,Echolocation,/mnt/ubna_data_02_mir/recover-20221013/UBNA_001/20221012_030000.WAV,Telephone Field,recover-20221013,001,1795
625.9415,625.9765,68437,80333,Rhinolophus ferrumequinum,0.026,0.026,-1,Echolocation,/mnt/ubna_data_02_mir/recover-20221013/UBNA_001/20221012_030000.WAV,Telephone Field,recover-20221013,001,1795
625.9835,625.9911,28906,42780,Myotis daubentonii,0.009,0.022,-1,Echolocation,/mnt/ubna_data_02_mir/recover-20221013/UBNA_001/20221012_030000.WAV,Telephone Field,recover-20221013,001,1795
626.0015,626.0089,46953,52482,Pipistrellus pipistrellus,0.016,0.02,-1,Echolocation,/mnt/ubna_data_02_mir/recover-20221013/UBNA_001/20221012_030000.WAV,Telephone Field,recover-20221013,001,1795
626.0015,626.0359,68437,80106,Rhinolophus ferrumequinum,0.052,0.052,-1,Echolocation,/mnt/ubna_data_02_mir/recover-20221013/UBNA_001/20221012_030000.WAV,Telephone Field,recover-20221013,001,1795
626.0015,626.0099,26328,39390,Eptesicus serotinus,0.007,0.027,-1,Echolocation,/mnt/ubna_data_02_mir/recover-20221013/UBNA_001/20221012_030000.WAV,Telephone Field,recover-20221013,001,1795
626.0095,626.0186,28046,37209,Eptesicus serotinus,0.009,0.023,-1,Echolocation,/mnt/ubna_data_02_mir/recover-20221013/UBNA_001/20221012_030000.WAV,Telephone Field,recover-20221013,001,1795
626.0215,626.0322,23750,29642,Nyctalus leisleri,0.012,0.027,-1,Echolocation,/mnt/ubna_data_02_mir/recover-20221013/UBNA_001/20221012_030000.WAV,Telephone Field,recover-20221013,001,1795
626.0725,626.1117,68437,82541,Rhinolophus ferrumequinum,0.023,0.023,-1,Echolocation,/mnt/ubna_data_02_mir/recover-20221013/UBNA_001/20221012_030000.WAV,Telephone Field,recover-20221013,001,1795
626.0845,626.0943,22031,27459,Nyctalus leisleri,0.008,0.02,-1,Echolocation,/mnt/ubna_data_02_mir/recover-20221013/UBNA_001/20221012_030000.WAV,Telephone Field,recover-20221013,001,1795
626.0995,626.1348,68437,81138,Rhinolophus ferrumequinum,0.021,0.021,-1,Echolocation,/mnt/ubna_data_02_mir/recover-20221013/UBNA_001/20221012_030000.WAV,Telephone Field,recover-20221013,001,1795
626.1205,626.1311,28046,35509,Eptesicus serotinus,0.01,0.022,-1,Echolocation,/mnt/ubna_data_02_mir/recover-20221013/UBNA_001/20221012_030000.WAV,Telephone Field,recover-20221013,001,1795
626.1805,626.2221,68437,82961,Rhinolophus ferrumequinum,0.024,0.024,-1,Echolocation,/mnt/ubna_data_02_mir/recover-20221013/UBNA_001/20221012_030000.WAV,Telephone Field,recover-20221013,001,1795
626.1905,626.2308,68437,82559,Rhinolophus ferrumequinum,0.025,0.025,-1,Echolocation,/mnt/ubna_data_02_mir/recover-20221013/UBNA_001/20221012_030000.WAV,Telephone Field,recover-20221013,001,1795
626.2515,626.2609,22031,28548,Plecotus austriacus,0.008,0.023,-1,Echolocation,/mnt/ubna_data_02_mir/recover-20221013/UBNA_001/20221012_030000.WAV,Telephone Field,recover-20221013,001,1795
626.2635,626.3018,68437,81420,Rhinolophus ferrumequinum,0.021,0.021,-1,Echolocation,/mnt/ubna_data_02_mir/recover-20221013/UBNA_001/20221012_030000.WAV,Telephone Field,recover-20221013,001,1795
626.2745,626.3101,68437,81558,Rhinolophus ferrumequinum,0.021,0.021,-1,Echolocation,/mnt/ubna_data_02_mir/recover-20221013/UBNA_001/20221012_030000.WAV,Telephone Field,recover-20221013,001,1795
626.3045,626.3149,22890,28083,Nyctalus leisleri,0.013,0.028,-1,Echolocation,/mnt/ubna_data_02_mir/recover-20221013/UBNA_001/20221012_030000.WAV,Telephone Field,recover-20221013,001,1795
626.3245,626.3635,68437,82844,Rhinolophus ferrumequinum,0.024,0.024,-1,Echolocation,/mnt/ubna_data_02_mir/recover-20221013/UBNA_001/20221012_030000.WAV,Telephone Field,recover-20221013,001,1795
626.3455,626.383,68437,81705,Rhinolophus ferrumequinum,0.022,0.022,-1,Echolocation,/mnt/ubna_data_02_mir/recover-20221013/UBNA_001/20221012_030000.WAV,Telephone Field,recover-20221013,001,1795
626.3545,626.3762,18593,21690,Nyctalus noctula,0.017,0.031,-1,Echolocation,/mnt/ubna_data_02_mir/recover-20221013/UBNA_001/20221012_030000.WAV,Telephone Field,recover-20221013,001,1795
626.3585,626.3939,68437,80985,Rhinolophus ferrumequinum,0.021,0.021,-1,Echolocation,/mnt/ubna_data_02_mir/recover-20221013/UBNA_001/20221012_030000.WAV,Telephone Field,recover-20221013,001,1795
626.4115,626.4504,68437,82678,Rhinolophus ferrumequinum,0.027,0.027,-1,Echolocation,/mnt/ubna_data_02_mir/recover-20221013/UBNA_001/20221012_030000.WAV,Telephone Field,recover-20221013,001,1795
626.4325,626.476,68437,83093,Rhinolophus ferrumequinum,0.04,0.04,-1,Echolocation,/mnt/ubna_data_02_mir/recover-20221013/UBNA_001/20221012_030000.WAV,Telephone Field,recover-20221013,001,1795
626.4925,626.5052,22031,26000,Nyctalus leisleri,0.012,0.021,-1,Echolocation,/mnt/ubna_data_02_mir/recover-20221013/UBNA_001/20221012_030000.WAV,Telephone Field,recover-20221013,001,1795
626.5465,626.5542,27187,40405,Eptesicus serotinus,0.008,0.025,-1,Echolocation,/mnt/ubna_data_02_mir/recover-20221013/UBNA_001/20221012_030000.WAV,Telephone Field,recover-20221013,001,1795
626.5955,626.6324,68437,82823,Rhinolophus ferrumequinum,0.024,0.024,-1,Echolocation,/mnt/ubna_data_02_mir/recover-20221013/UBNA_001/20221012_030000.WAV,Telephone Field,recover-20221013,001,1795
626.6075,626.6189,22890,28381,Nyctalus leisleri,0.009,0.02,-1,Echolocation,/mnt/ubna_data_02_mir/recover-20221013/UBNA_001/20221012_030000.WAV,Telephone Field,recover-20221013,001,1795
626.6385,626.6479,23750,31037,Nyctalus leisleri,0.007,0.027,-1,Echolocation,/mnt/ubna_data_02_mir/recover-20221013/UBNA_001/20221012_030000.WAV,Telephone Field,recover-20221013,001,1795
626.6505,626.6876,68437,81835,Rhinolophus ferrumequinum,0.024,0.024,-1,Echolocation,/mnt/ubna_data_02_mir/recover-20221013/UBNA_001/20221012_030000.WAV,Telephone Field,recover-20221013,001,1795
626.6805,626.7145,68437,81843,Rhinolophus ferrumequinum,0.024,0.024,-1,Echolocation,/mnt/ubna_data_02_mir/recover-20221013/UBNA_001/20221012_030000.WAV,Telephone Field,recover-20221013,001,1795
626.7335,626.7446,25468,32961,Eptesicus serotinus,0.013,0.028,-1,Echolocation,/mnt/ubna_data_02_mir/recover-20221013/UBNA_001/20221012_030000.WAV,Telephone Field,recover-20221013,001,1795
626.7345,626.7746,68437,82269,Rhinolophus ferrumequinum,0.029,0.029,-1,Echolocation,/mnt/ubna_data_02_mir/recover-20221013/UBNA_001/20221012_030000.WAV,Telephone Field,recover-20221013,001,1795
626.7755,626.7841,28906,38073,Eptesicus serotinus,0.007,0.02,-1,Echolocation,/mnt/ubna_data_02_mir/recover-20221013/UBNA_001/20221012_030000.WAV,Telephone Field,recover-20221013,001,1795
626.7885,626.7959,27187,40089,Eptesicus serotinus,0.006,0.022,-1,Echolocation,/mnt/ubna_data_02_mir/recover-20221013/UBNA_001/20221012_030000.WAV,Telephone Field,recover-20221013,001,1795
626.8735,626.9056,68437,81408,Rhinolophus ferrumequinum,0.029,0.029,-1,Echolocation,/mnt/ubna_data_02_mir/recover-20221013/UBNA_001/20221012_030000.WAV,Telephone Field,recover-20221013,001,1795
626.8965,626.9175,21171,24280,Nyctalus leisleri,0.02,0.036,-1,Echolocation,/mnt/ubna_data_02_mir/recover-20221013/UBNA_001/20221012_030000.WAV,Telephone Field,recover-20221013,001,1795
626.9225,626.9611,68437,82026,Rhinolophus ferrumequinum,0.023,0.023,-1,Echolocation,/mnt/ubna_data_02_mir/recover-20221013/UBNA_001/20221012_030000.WAV,Telephone Field,recover-20221013,001,1795
626.9355,626.9433,23750,31367,Plecotus austriacus,0.007,0.021,-1,Echolocation,/mnt/ubna_data_02_mir/recover-20221013/UBNA_001/20221012_030000.WAV,Telephone Field,recover-20221013,001,1795
626.9515,626.9919,68437,82938,Rhinolophus ferrumequinum,0.021,0.021,-1,Echolocation,/mnt/ubna_data_02_mir/recover-20221013/UBNA_001/20221012_030000.WAV,Telephone Field,recover-20221013,001,1795
626.9765,626.9848,44375,49391,Pipistrellus pipistrellus,0.023,0.025,-1,Echolocation,/mnt/ubna_data_02_mir/recover-20221013/UBNA_001/20221012_030000.WAV,Telephone Field,recover-20221013,001,1795
626.9835,627.0208,68437,81605,Rhinolophus ferrumequinum,0.022,0.023,-1,Echolocation,/mnt/ubna_data_02_mir/recover-20221013/UBNA_001/20221012_030000.WAV,Telephone Field,recover-20221013,001,1795
626.9915,627.0298,68437,82658,Rhinolophus ferrumequinum,0.024,0.024,-1,Echolocation,/mnt/ubna_data_02_mir/recover-20221013/UBNA_001/20221012_030000.WAV,Telephone Field,recover-20221013,001,1795
626.9995,627.0062,24609,36518,Plecotus austriacus,0.007,0.022,-1,Echolocation,/mnt/ubna_data_02_mir/recover-20221013/UBNA_001/20221012_030000.WAV,Telephone Field,recover-20221013,001,1795
627.0225,627.0305,26328,37559,Eptesicus serotinus,0.006,0.021,-1,Echolocation,/mnt/ubna_data_02_mir/recover-20221013/UBNA_001/20221012_030000.WAV,Telephone Field,recover-20221013,001,1795
627.0425,627.0512,28906,40295,Eptesicus serotinus,0.009,0.022,-1,Echolocation,/mnt/ubna_data_02_mir/recover-20221013/UBNA_001/20221012_030000.WAV,Telephone Field,recover-20221013,001,1795
627.0555,627.0642,37500,44152,Barbastellus barbastellus,0.011,0.027,-1,Echolocation,/mnt/ubna_data_02_mir/recover-20221013/UBNA_001/20221012_030000.WAV,Telephone Field,recover-20221013,001,1795
627.0565,627.0648,28046,42015,Eptesicus serotinus,0.008,0.021,-1,Echolocation,/mnt/ubna_data_02_mir/recover-20221013/UBNA_001/20221012_030000.WAV,Telephone Field,recover-20221013,001,1795
627.0715,627.1063,68437,81778,Rhinolophus ferrumequinum,0.021,0.021,-1,Echolocation,/mnt/ubna_data_02_mir/recover-20221013/UBNA_001/20221012_030000.WAV,Telephone Field,recover-20221013,001,1795
627.0885,627.1279,68437,82489,Rhinolophus ferrumequinum,0.022,0.022,-1,Echolocation,/mnt/ubna_data_02_mir/recover-20221013/UBNA_001/20221012_030000.WAV,Telephone Field,recover-20221013,001,1795
627.1315,627.1718,68437,82332,Rhinolophus ferrumequinum,0.021,0.021,-1,Echolocation,/mnt/ubna_data_02_mir/recover-20221013/UBNA_001/20221012_030000.WAV,Telephone Field,recover-20221013,001,1795
627.1855,627.2259,68437,82192,Rhinolophus ferrumequinum,0.021,0.021,-1,Echolocation,/mnt/ubna_data_02_mir/recover-20221013/UBNA_001/20221012_030000.WAV,Telephone Field,recover-20221013,001,1795
627.1865,627.1939,27187,39471,Eptesicus serotinus,0.006,0.021,-1,Echolocation,/mnt/ubna_data_02_mir/recover-20221013/UBNA_001/20221012_030000.WAV,Telephone Field,recover-20221013,001,1795
627.2155,627.2539,68437,82175,Rhinolophus ferrumequinum,0.021,0.021,-1,Echolocation,/mnt/ubna_data_02_mir/recover-20221013/UBNA_001/20221012_030000.WAV,Telephone Field,recover-20221013,001,1795
627.2475,627.2585,23750,29067,Nyctalus leisleri,0.01,0.023,-1,Echolocation,/mnt/ubna_data_02_mir/recover-20221013/UBNA_001/20221012_030000.WAV,Telephone Field,recover-20221013,001,1795
627.2485,627.2824,68437,80742,Rhinolophus ferrumequinum,0.021,0.021,-1,Echolocation,/mnt/ubna_data_02_mir/recover-20221013/UBNA_001/20221012_030000.WAV,Telephone Field,recover-20221013,001,1795
627.2735,627.2836,22890,29352,Nyctalus leisleri,0.012,0.031,-1,Echolocation,/mnt/ubna_data_02_mir/recover-20221013/UBNA_001/20221012_030000.WAV,Telephone Field,recover-20221013,001,1795
627.2995,627.34,68437,82055,Rhinolophus ferrumequinum,0.022,0.022,-1,Echolocation,/mnt/ubna_data_02_mir/recover-20221013/UBNA_001/20221012_030000.WAV,Telephone Field,recover-20221013,001,1795
627.3285,627.3412,23750,29304,Nyctalus leisleri,0.019,0.039,-1,Echolocation,/mnt/ubna_data_02_mir/recover-20221013/UBNA_001/20221012_030000.WAV,Telephone Field,recover-20221013,001,1795
627.3455,627.3528,27187,39849,Eptesicus serotinus,0.007,0.022,-1,Echolocation,/mnt/ubna_data_02_mir/recover-20221013/UBNA_001/20221012_030000.WAV,Telephone Field,recover-20221013,001,1795
627.3485000000001,627.3862,68437,81766,Rhinolophus ferrumequinum,0.02,0.021,-1,Echolocation,/mnt/ubna_data_02_mir/recover-20221013/UBNA_001/20221012_030000.WAV,Telephone Field,recover-20221013,001,1795
627.3525,627.3628,23750,29772,Nyctalus leisleri,0.008,0.023,-1,Echolocation,/mnt/ubna_data_02_mir/recover-20221013/UBNA_001/20221012_030000.WAV,Telephone Field,recover-20221013,001,1795
627.3755,627.4151,68437,82101,Rhinolophus ferrumequinum,0.027,0.027,-1,Echolocation,/mnt/ubna_data_02_mir/recover-20221013/UBNA_001/20221012_030000.WAV,Telephone Field,recover-20221013,001,1795
627.3775,627.3846,27187,41735,Eptesicus serotinus,0.006,0.021,-1,Echolocation,/mnt/ubna_data_02_mir/recover-20221013/UBNA_001/20221012_030000.WAV,Telephone Field,recover-20221013,001,1795
627.4325,627.4423,23750,30533,Nyctalus leisleri,0.009,0.024,-1,Echolocation,/mnt/ubna_data_02_mir/recover-20221013/UBNA_001/20221012_030000.WAV,Telephone Field,recover-20221013,001,1795
627.4475,627.485,68437,81845,Rhinolophus ferrumequinum,0.021,0.021,-1,Echolocation,/mnt/ubna_data_02_mir/recover-20221013/UBNA_001/20221012_030000.WAV,Telephone Field,recover-20221013,001,1795
627.4955,627.5362,68437,82826,Rhinolophus ferrumequinum,0.036,0.036,-1,Echolocation,/mnt/ubna_data_02_mir/recover-20221013/UBNA_001/20221012_030000.WAV,Telephone Field,recover-20221013,001,1795
627.4965,627.5068,28906,36625,Eptesicus serotinus,0.009,0.023,-1,Echolocation,/mnt/ubna_data_02_mir/recover-20221013/UBNA_001/20221012_030000.WAV,Telephone Field,recover-20221013,001,1795
627.5635,627.6049,68437,82637,Rhinolophus ferrumequinum,0.026,0.026,-1,Echolocation,/mnt/ubna_data_02_mir/recover-20221013/UBNA_001/20221012_030000.WAV,Telephone Field,recover-20221013,001,1795
627.5825,627.6221,68437,81997,Rhinolophus ferrumequinum,0.023,0.023,-1,Echolocation,/mnt/ubna_data_02_mir/recover-20221013/UBNA_001/20221012_030000.WAV,Telephone Field,recover-20221013,001,1795
627.7105,627.721,28046,37160,Eptesicus serotinus,0.009,0.022,-1,Echolocation,/mnt/ubna_data_02_mir/recover-20221013/UBNA_001/20221012_030000.WAV,Telephone Field,recover-20221013,001,1795
627.7115,627.7197,15156,26282,Plecotus auritus,0.012,0.021,-1,Echolocation,/mnt/ubna_data_02_mir/recover-20221013/UBNA_001/20221012_030000.WAV,Telephone Field,recover-20221013,001,1795
627.7325,627.772,68437,82103,Rhinolophus ferrumequinum,0.021,0.021,-1,Echolocation,/mnt/ubna_data_02_mir/recover-20221013/UBNA_001/20221012_030000.WAV,Telephone Field,recover-20221013,001,1795
627.7425,627.75,28046,40133,Eptesicus serotinus,0.006,0.021,-1,Echolocation,/mnt/ubna_data_02_mir/recover-20221013/UBNA_001/20221012_030000.WAV,Telephone Field,recover-20221013,001,1795
627.7795,627.7873,23750,32592,Plecotus austriacus,0.01,0.024,-1,Echolocation,/mnt/ubna_data_02_mir/recover-20221013/UBNA_001/20221012_030000.WAV,Telephone Field,recover-20221013,001,1795
627.8145,627.8524,68437,82208,Rhinolophus ferrumequinum,0.021,0.021,-1,Echolocation,/mnt/ubna_data_02_mir/recover-20221013/UBNA_001/20221012_030000.WAV,Telephone Field,recover-20221013,001,1795
627.8225,627.8589,68437,81877,Rhinolophus ferrumequinum,0.021,0.021,-1,Echolocation,/mnt/ubna_data_02_mir/recover-20221013/UBNA_001/20221012_030000.WAV,Telephone Field,recover-20221013,001,1795
627.8255,627.8341,46953,50826,Pipistrellus pipistrellus,0.023,0.025,-1,Echolocation,/mnt/ubna_data_02_mir/recover-20221013/UBNA_001/20221012_030000.WAV,Telephone Field,recover-20221013,001,1795
627.8295,627.8377,26328,41688,Eptesicus serotinus,0.008,0.026,-1,Echolocation,/mnt/ubna_data_02_mir/recover-20221013/UBNA_001/20221012_030000.WAV,Telephone Field,recover-20221013,001,1795
627.8475,627.8879,68437,83047,Rhinolophus ferrumequinum,0.02,0.02,-1,Echolocation,/mnt/ubna_data_02_mir/recover-20221013/UBNA_001/20221012_030000.WAV,Telephone Field,recover-20221013,001,1795
627.8805,627.918,68437,81798,Rhinolophus ferrumequinum,0.023,0.023,-1,Echolocation,/mnt/ubna_data_02_mir/recover-20221013/UBNA_001/20221012_030000.WAV,Telephone Field,recover-20221013,001,1795
627.8895,627.8975,27187,38169,Eptesicus serotinus,0.007,0.02,-1,Echolocation,/mnt/ubna_data_02_mir/recover-20221013/UBNA_001/20221012_030000.WAV,Telephone Field,recover-20221013,001,1795
627.9005,627.9097,22890,29757,Plecotus austriacus,0.009,0.024,-1,Echolocation,/mnt/ubna_data_02_mir/recover-20221013/UBNA_001/20221012_030000.WAV,Telephone Field,recover-20221013,001,1795
627.9014999999999,627.9439,68437,83415,Rhinolophus ferrumequinum,0.039,0.039,-1,Echolocation,/mnt/ubna_data_02_mir/recover-20221013/UBNA_001/20221012_030000.WAV,Telephone Field,recover-20221013,001,1795
627.9215,627.9581000000001,68437,82157,Rhinolophus ferrumequinum,0.023,0.023,-1,Echolocation,/mnt/ubna_data_02_mir/recover-20221013/UBNA_001/20221012_030000.WAV,Telephone Field,recover-20221013,001,1795
627.9465,627.9571,28906,36638,Eptesicus serotinus,0.012,0.024,-1,Echolocation,/mnt/ubna_data_02_mir/recover-20221013/UBNA_001/20221012_030000.WAV,Telephone Field,recover-20221013,001,1795
627.9565,627.9986,68437,82506,Rhinolophus ferrumequinum,0.021,0.021,-1,Echolocation,/mnt/ubna_data_02_mir/recover-20221013/UBNA_001/20221012_030000.WAV,Telephone Field,recover-20221013,001,1795
628.0015,628.0113,21171,27202,Nyctalus leisleri,0.009,0.023,-1,Echolocation,/mnt/ubna_data_02_mir/recover-20221013/UBNA_001/20221012_030000.WAV,Telephone Field,recover-20221013,001,1795
628.0015,628.0102,26328,34364,Nyctalus leisleri,0.007,0.024,-1,Echolocation,/mnt/ubna_data_02_mir/recover-20221013/UBNA_001/20221012_030000.WAV,Telephone Field,recover-20221013,001,1795
628.0385,628.0793,68437,83038,Rhinolophus ferrumequinum,0.027,0.027,-1,Echolocation,/mnt/ubna_data_02_mir/recover-20221013/UBNA_001/20221012_030000.WAV,Telephone Field,recover-20221013,001,1795
628.0415,628.0506,23750,30172,Nyctalus leisleri,0.007,0.022,-1,Echolocation,/mnt/ubna_data_02_mir/recover-20221013/UBNA_001/20221012_030000.WAV,Telephone Field,recover-20221013,001,1795
628.0695,628.1091,68437,82571,Rhinolophus ferrumequinum,0.025,0.025,-1,Echolocation,/mnt/ubna_data_02_mir/recover-20221013/UBNA_001/20221012_030000.WAV,Telephone Field,recover-20221013,001,1795
628.0955,628.1365,68437,83169,Rhinolophus ferrumequinum,0.024,0.024,-1,Echolocation,/mnt/ubna_data_02_mir/recover-20221013/UBNA_001/20221012_030000.WAV,Telephone Field,recover-20221013,001,1795
628.0975,628.1061,50390,54841,Pipistrellus pipistrellus,0.044,0.048,-1,Echolocation,/mnt/ubna_data_02_mir/recover-20221013/UBNA_001/20221012_030000.WAV,Telephone Field,recover-20221013,001,1795
628.1195,628.1616,68437,83413,Rhinolophus ferrumequinum,0.029,0.029,-1,Echolocation,/mnt/ubna_data_02_mir/recover-20221013/UBNA_001/20221012_030000.WAV,Telephone Field,recover-20221013,001,1795
628.1385,628.1796,68437,83052,Rhinolophus ferrumequinum,0.032,0.032,-1,Echolocation,/mnt/ubna_data_02_mir/recover-20221013/UBNA_001/20221012_030000.WAV,Telephone Field,recover-20221013,001,1795
628.1405,628.1455,42656,51614,Myotis daubentonii,0.005,0.024,-1,Echolocation,/mnt/ubna_data_02_mir/recover-20221013/UBNA_001/20221012_030000.WAV,Telephone Field,recover-20221013,001,1795
628.1514999999999,628.1611,54687,58816,Pipistrellus pygmaeus,0.022,0.023,-1,Echolocation,/mnt/ubna_data_02_mir/recover-20221013/UBNA_001/20221012_030000.WAV,Telephone Field,recover-20221013,001,1795
628.1665,628.2033,68437,81727,Rhinolophus ferrumequinum,0.022,0.022,-1,Echolocation,/mnt/ubna_data_02_mir/recover-20221013/UBNA_001/20221012_030000.WAV,Telephone Field,recover-20221013,001,1795
628.2525,628.2629,23750,29898,Nyctalus leisleri,0.01,0.024,-1,Echolocation,/mnt/ubna_data_02_mir/recover-20221013/UBNA_001/20221012_030000.WAV,Telephone Field,recover-20221013,001,1795
628.3385,628.3802,68437,83066,Rhinolophus ferrumequinum,0.029,0.029,-1,Echolocation,/mnt/ubna_data_02_mir/recover-20221013/UBNA_001/20221012_030000.WAV,Telephone Field,recover-20221013,001,1795
628.3405,628.348,24609,36031,Plecotus austriacus,0.008,0.023,-1,Echolocation,/mnt/ubna_data_02_mir/recover-20221013/UBNA_001/20221012_030000.WAV,Telephone Field,recover-20221013,001,1795
628.3675,628.407,68437,82635,Rhinolophus ferrumequinum,0.022,0.022,-1,Echolocation,/mnt/ubna_data_02_mir/recover-20221013/UBNA_001/20221012_030000.WAV,Telephone Field,recover-20221013,001,1795
628.3875,628.3953,27187,39795,Eptesicus serotinus,0.008,0.023,-1,Echolocation,/mnt/ubna_data_02_mir/recover-20221013/UBNA_001/20221012_030000.WAV,Telephone Field,recover-20221013,001,1795
628.4075,628.4531,68437,83730,Rhinolophus ferrumequinum,0.044,0.044,-1,Echolocation,/mnt/ubna_data_02_mir/recover-20221013/UBNA_001/20221012_030000.WAV,Telephone Field,recover-20221013,001,1795
628.4415,628.4502,45234,49592,Pipistrellus pipistrellus,0.034,0.035,-1,Echolocation,/mnt/ubna_data_02_mir/recover-20221013/UBNA_001/20221012_030000.WAV,Telephone Field,recover-20221013,001,1795
628.4515,628.4914,68437,82381,Rhinolophus ferrumequinum,0.026,0.026,-1,Echolocation,/mnt/ubna_data_02_mir/recover-20221013/UBNA_001/20221012_030000.WAV,Telephone Field,recover-20221013,001,1795
628.4655,628.4729,47812,54056,Pipistrellus pipistrellus,0.02,0.023,-1,Echolocation,/mnt/ubna_data_02_mir/recover-20221013/UBNA_001/20221012_030000.WAV,Telephone Field,recover-20221013,001,1795
628.4895,628.526,68437,81570,Rhinolophus ferrumequinum,0.023,0.023,-1,Echolocation,/mnt/ubna_data_02_mir/recover-20221013/UBNA_001/20221012_030000.WAV,Telephone Field,recover-20221013,001,1795
628.4895,628.4956,25468,42623,Myotis nattereri,0.006,0.023,-1,Echolocation,/mnt/ubna_data_02_mir/recover-20221013/UBNA_001/20221012_030000.WAV,Telephone Field,recover-20221013,001,1795
628.5205,628.5295,22890,30287,Plecotus austriacus,0.009,0.023,-1,Echolocation,/mnt/ubna_data_02_mir/recover-20221013/UBNA_001/20221012_030000.WAV,Telephone Field,recover-20221013,001,1795
628.5385,628.5461,28046,40005,Eptesicus serotinus,0.007,0.023,-1,Echolocation,/mnt/ubna_data_02_mir/recover-20221013/UBNA_001/20221012_030000.WAV,Telephone Field,recover-20221013,001,1795
628.5395,628.548,45234,50203,Pipistrellus pipistrellus,0.033,0.034,-1,Echolocation,/mnt/ubna_data_02_mir/recover-20221013/UBNA_001/20221012_030000.WAV,Telephone Field,recover-20221013,001,1795
628.5835,628.6209,68437,82315,Rhinolophus ferrumequinum,0.022,0.022,-1,Echolocation,/mnt/ubna_data_02_mir/recover-20221013/UBNA_001/20221012_030000.WAV,Telephone Field,recover-20221013,001,1795
628.5965,628.6043999999999,27187,41851,Eptesicus serotinus,0.007,0.022,-1,Echolocation,/mnt/ubna_data_02_mir/recover-20221013/UBNA_001/20221012_030000.WAV,Telephone Field,recover-20221013,001,1795
628.6085,628.6501,68437,82950,Rhinolophus ferrumequinum,0.036,0.036,-1,Echolocation,/mnt/ubna_data_02_mir/recover-20221013/UBNA_001/20221012_030000.WAV,Telephone Field,recover-20221013,001,1795
628.6305,628.6706,68437,82402,Rhinolophus ferrumequinum,0.026,0.026,-1,Echolocation,/mnt/ubna_data_02_mir/recover-20221013/UBNA_001/20221012_030000.WAV,Telephone Field,recover-20221013,001,1795
628.6665,628.705,68437,82020,Rhinolophus ferrumequinum,0.022,0.022,-1,Echolocation,/mnt/ubna_data_02_mir/recover-20221013/UBNA_001/20221012_030000.WAV,Telephone Field,recover-20221013,001,1795
628.6685,628.6785,22031,27633,Nyctalus leisleri,0.009,0.022,-1,Echolocation,/mnt/ubna_data_02_mir/recover-20221013/UBNA_001/20221012_030000.WAV,Telephone Field,recover-20221013,001,1795
628.6875,628.7242,68437,81511,Rhinolophus ferrumequinum,0.023,0.023,-1,Echolocation,/mnt/ubna_data_02_mir/recover-20221013/UBNA_001/20221012_030000.WAV,Telephone Field,recover-20221013,001,1795
628.6975,628.7354,68437,81909,Rhinolophus ferrumequinum,0.026,0.026,-1,Echolocation,/mnt/ubna_data_02_mir/recover-20221013/UBNA_001/20221012_030000.WAV,Telephone Field,recover-20221013,001,1795
628.7505,628.7592,22890,30637,Plecotus austriacus,0.009,0.026,-1,Echolocation,/mnt/ubna_data_02_mir/recover-20221013/UBNA_001/20221012_030000.WAV,Telephone Field,recover-20221013,001,1795
628.7585,628.7971,68437,81820,Rhinolophus ferrumequinum,0.025,0.025,-1,Echolocation,/mnt/ubna_data_02_mir/recover-20221013/UBNA_001/20221012_030000.WAV,Telephone Field,recover-20221013,001,1795
628.7825,628.8196,68437,81407,Rhinolophus ferrumequinum,0.022,0.022,-1,Echolocation,/mnt/ubna_data_02_mir/recover-20221013/UBNA_001/20221012_030000.WAV,Telephone Field,recover-20221013,001,1795
628.7835,628.7935,22031,27111,Nyctalus leisleri,0.01,0.023,-1,Echolocation,/mnt/ubna_data_02_mir/recover-20221013/UBNA_001/20221012_030000.WAV,Telephone Field,recover-20221013,001,1795
628.8035,628.8108,28906,42940,Eptesicus serotinus,0.007,0.023,-1,Echolocation,/mnt/ubna_data_02_mir/recover-20221013/UBNA_001/20221012_030000.WAV,Telephone Field,recover-20221013,001,1795
628.8655,628.8737,22890,30687,Plecotus austriacus,0.011,0.023,-1,Echolocation,/mnt/ubna_data_02_mir/recover-20221013/UBNA_001/20221012_030000.WAV,Telephone Field,recover-20221013,001,1795
628.8855,628.922,68437,81310,Rhinolophus ferrumequinum,0.027,0.027,-1,Echolocation,/mnt/ubna_data_02_mir/recover-20221013/UBNA_001/20221012_030000.WAV,Telephone Field,recover-20221013,001,1795
628.9075,628.944,68437,82256,Rhinolophus ferrumequinum,0.028,0.028,-1,Echolocation,/mnt/ubna_data_02_mir/recover-20221013/UBNA_001/20221012_030000.WAV,Telephone Field,recover-20221013,001,1795
628.9235,628.9329,28046,38233,Eptesicus serotinus,0.01,0.023,-1,Echolocation,/mnt/ubna_data_02_mir/recover-20221013/UBNA_001/20221012_030000.WAV,Telephone Field,recover-20221013,001,1795
628.9305,628.938,28046,37523,Eptesicus serotinus,0.008,0.023,-1,Echolocation,/mnt/ubna_data_02_mir/recover-20221013/UBNA_001/20221012_030000.WAV,Telephone Field,recover-20221013,001,1795
628.9375,628.981,68437,83153,Rhinolophus ferrumequinum,0.032,0.032,-1,Echolocation,/mnt/ubna_data_02_mir/recover-20221013/UBNA_001/20221012_030000.WAV,Telephone Field,recover-20221013,001,1795
628.9595,629.0004,68437,83065,Rhinolophus ferrumequinum,0.022,0.022,-1,Echolocation,/mnt/ubna_data_02_mir/recover-20221013/UBNA_001/20221012_030000.WAV,Telephone Field,recover-20221013,001,1795
628.9675,629.0094,68437,82726,Rhinolophus ferrumequinum,0.022,0.022,-1,Echolocation,/mnt/ubna_data_02_mir/recover-20221013/UBNA_001/20221012_030000.WAV,Telephone Field,recover-20221013,001,1795
629.0155,629.0524,68437,81585,Rhinolophus ferrumequinum,0.024,0.024,-1,Echolocation,/mnt/ubna_data_02_mir/recover-20221013/UBNA_001/20221012_030000.WAV,Telephone Field,recover-20221013,001,1795
629.0175,629.0257,47812,54326,Pipistrellus pipistrellus,0.02,0.022,-1,Echolocation,/mnt/ubna_data_02_mir/recover-20221013/UBNA_001/20221012_030000.WAV,Telephone Field,recover-20221013,001,1795
629.0305,629.0667,68437,81577,Rhinolophus ferrumequinum,0.022,0.022,-1,Echolocation,/mnt/ubna_data_02_mir/recover-20221013/UBNA_001/20221012_030000.WAV,Telephone Field,recover-20221013,001,1795
629.0445,629.0532,28046,37545,Eptesicus serotinus,0.008,0.023,-1,Echolocation,/mnt/ubna_data_02_mir/recover-20221013/UBNA_001/20221012_030000.WAV,Telephone Field,recover-20221013,001,1795
629.0505,629.0602,28906,36987,Eptesicus serotinus,0.011,0.024,-1,Echolocation,/mnt/ubna_data_02_mir/recover-20221013/UBNA_001/20221012_030000.WAV,Telephone Field,recover-20221013,001,1795
629.0925,629.1313,68437,82657,Rhinolophus ferrumequinum,0.022,0.022,-1,Echolocation,/mnt/ubna_data_02_mir/recover-20221013/UBNA_001/20221012_030000.WAV,Telephone Field,recover-20221013,001,1795
629.1325,629.1697,68437,82294,Rhinolophus ferrumequinum,0.028,0.028,-1,Echolocation,/mnt/ubna_data_02_mir/recover-20221013/UBNA_001/20221012_030000.WAV,Telephone Field,recover-20221013,001,1795
629.1615,629.1714,24609,31143,Nyctalus leisleri,0.009,0.024,-1,Echolocation,/mnt/ubna_data_02_mir/recover-20221013/UBNA_001/20221012_030000.WAV,Telephone Field,recover-20221013,001,1795
629.1835,629.2213,68437,81888,Rhinolophus ferrumequinum,0.025,0.025,-1,Echolocation,/mnt/ubna_data_02_mir/recover-20221013/UBNA_001/20221012_030000.WAV,Telephone Field,recover-20221013,001,1795
629.2145,629.2545,68437,82113,Rhinolophus ferrumequinum,0.025,0.025,-1,Echolocation,/mnt/ubna_data_02_mir/recover-20221013/UBNA_001/20221012_030000.WAV,Telephone Field,recover-20221013,001,1795
629.2395,629.2764999999999,68437,82094,Rhinolophus ferrumequinum,0.024,0.024,-1,Echolocation,/mnt/ubna_data_02_mir/recover-20221013/UBNA_001/20221012_030000.WAV,Telephone Field,recover-20221013,001,1795
629.2565,629.2983,68437,82753,Rhinolophus ferrumequinum,0.037,0.037,-1,Echolocation,/mnt/ubna_data_02_mir/recover-20221013/UBNA_001/20221012_030000.WAV,Telephone Field,recover-20221013,001,1795
629.3405,629.3475,28046,42044,Eptesicus serotinus,0.007,0.023,-1,Echolocation,/mnt/ubna_data_02_mir/recover-20221013/UBNA_001/20221012_030000.WAV,Telephone Field,recover-20221013,001,1795
629.3555,629.397,68437,82771,Rhinolophus ferrumequinum,0.024,0.024,-1,Echolocation,/mnt/ubna_data_02_mir/recover-20221013/UBNA_001/20221012_030000.WAV,Telephone Field,recover-20221013,001,1795
629.3575,629.3647,27187,39308,Eptesicus serotinus,0.008,0.026,-1,Echolocation,/mnt/ubna_data_02_mir/recover-20221013/UBNA_001/20221012_030000.WAV,Telephone Field,recover-20221013,001,1795
629.4065,629.4448,68437,82339,Rhinolophus ferrumequinum,0.024,0.024,-1,Echolocation,/mnt/ubna_data_02_mir/recover-20221013/UBNA_001/20221012_030000.WAV,Telephone Field,recover-20221013,001,1795
629.4775,629.5167,68437,82587,Rhinolophus ferrumequinum,0.023,0.023,-1,Echolocation,/mnt/ubna_data_02_mir/recover-20221013/UBNA_001/20221012_030000.WAV,Telephone Field,recover-20221013,001,1795
629.5055,629.519,24609,29691,Nyctalus leisleri,0.011,0.025,-1,Echolocation,/mnt/ubna_data_02_mir/recover-20221013/UBNA_001/20221012_030000.WAV,Telephone Field,recover-20221013,001,1795
629.5065,629.546,68437,82260,Rhinolophus ferrumequinum,0.031,0.031,-1,Echolocation,/mnt/ubna_data_02_mir/recover-20221013/UBNA_001/20221012_030000.WAV,Telephone Field,recover-20221013,001,1795
629.5415,629.5838,68437,83523,Rhinolophus ferrumequinum,0.03,0.03,-1,Echolocation,/mnt/ubna_data_02_mir/recover-20221013/UBNA_001/20221012_030000.WAV,Telephone Field,recover-20221013,001,1795
629.5935,629.6337,68437,82849,Rhinolophus ferrumequinum,0.023,0.023,-1,Echolocation,/mnt/ubna_data_02_mir/recover-20221013/UBNA_001/20221012_030000.WAV,Telephone Field,recover-20221013,001,1795
629.6135,629.6548,68437,82997,Rhinolophus ferrumequinum,0.026,0.026,-1,Echolocation,/mnt/ubna_data_02_mir/recover-20221013/UBNA_001/20221012_030000.WAV,Telephone Field,recover-20221013,001,1795
629.6305,629.6391,50390,55173,Pipistrellus pipistrellus,0.018,0.022,-1,Echolocation,/mnt/ubna_data_02_mir/recover-20221013/UBNA_001/20221012_030000.WAV,Telephone Field,recover-20221013,001,1795
629.6505,629.6899,68437,81754,Rhinolophus ferrumequinum,0.022,0.022,-1,Echolocation,/mnt/ubna_data_02_mir/recover-20221013/UBNA_001/20221012_030000.WAV,Telephone Field,recover-20221013,001,1795
629.6545,629.6621,28046,38656,Eptesicus serotinus,0.011,0.029,-1,Echolocation,/mnt/ubna_data_02_mir/recover-20221013/UBNA_001/20221012_030000.WAV,Telephone Field,recover-20221013,001,1795
629.6685,629.7078,68437,82163,Rhinolophus ferrumequinum,0.027,0.027,-1,Echolocation,/mnt/ubna_data_02_mir/recover-20221013/UBNA_001/20221012_030000.WAV,Telephone Field,recover-20221013,001,1795
629.6915,629.6977,28046,44235,Eptesicus serotinus,0.013,0.045,-1,Echolocation,/mnt/ubna_data_02_mir/recover-20221013/UBNA_001/20221012_030000.WAV,Telephone Field,recover-20221013,001,1795
629.7445,629.7516,28046,47368,Eptesicus serotinus,0.012,0.037,-1,Echolocation,/mnt/ubna_data_02_mir/recover-20221013/UBNA_001/20221012_030000.WAV,Telephone Field,recover-20221013,001,1795
629.8305,629.8442,51250,55735,Pipistrellus pipistrellus,0.015,0.024,-1,Echolocation,/mnt/ubna_data_02_mir/recover-20221013/UBNA_001/20221012_030000.WAV,Telephone Field,recover-20221013,001,1795
629.8315,629.8732,68437,82151,Rhinolophus ferrumequinum,0.022,0.022,-1,Echolocation,/mnt/ubna_data_02_mir/recover-20221013/UBNA_001/20221012_030000.WAV,Telephone Field,recover-20221013,001,1795
629.8645,629.885,19453,22110,Nyctalus leisleri,0.015,0.031,-1,Echolocation,/mnt/ubna_data_02_mir/recover-20221013/UBNA_001/20221012_030000.WAV,Telephone Field,recover-20221013,001,1795
629.8745,629.9126,68437,82550,Rhinolophus ferrumequinum,0.024,0.024,-1,Echolocation,/mnt/ubna_data_02_mir/recover-20221013/UBNA_001/20221012_030000.WAV,Telephone Field,recover-20221013,001,1795
629.9365,629.9714,68437,81694,Rhinolophus ferrumequinum,0.022,0.022,-1,Echolocation,/mnt/ubna_data_02_mir/recover-20221013/UBNA_001/20221012_030000.WAV,Telephone Field,recover-20221013,001,1795
629.9445,629.9769,68437,81012,Rhinolophus ferrumequinum,0.022,0.022,-1,Echolocation,/mnt/ubna_data_02_mir/recover-20221013/UBNA_001/20221012_030000.WAV,Telephone Field,recover-20221013,001,1795
629.9685,629.9806,38359,43402,Pipistrellus nathusii,0.016,0.031,-1,Echolocation,/mnt/ubna_data_02_mir/recover-20221013/UBNA_001/20221012_030000.WAV,Telephone Field,recover-20221013,001,1795
629.9875,629.9983,22890,29320,Nyctalus leisleri,0.011,0.027,-1,Echolocation,/mnt/ubna_data_02_mir/recover-20221013/UBNA_001/20221012_030000.WAV,Telephone Field,recover-20221013,001,1795
630.0015,630.0096,31484,44040,Myotis daubentonii,0.01,0.023,-1,Echolocation,/mnt/ubna_data_02_mir/recover-20221013/UBNA_001/20221012_030000.WAV,Telephone Field,recover-20221013,001,1795
630.0015,630.0165,16875,22186,Nyctalus noctula,0.012,0.024,-1,Echolocation,/mnt/ubna_data_02_mir/recover-20221013/UBNA_001/20221012_030000.WAV,Telephone Field,recover-20221013,001,1795
630.0015,630.0111,23750,30663,Nyctalus leisleri,0.013,0.033,-1,Echolocation,/mnt/ubna_data_02_mir/recover-20221013/UBNA_001/20221012_030000.WAV,Telephone Field,recover-20221013,001,1795
630.0015,630.0327,68437,80318,Rhinolophus ferrumequinum,0.037,0.037,-1,Echolocation,/mnt/ubna_data_02_mir/recover-20221013/UBNA_001/20221012_030000.WAV,Telephone Field,recover-20221013,001,1795
630.0085,630.0494,68437,82140,Rhinolophus ferrumequinum,0.022,0.022,-1,Echolocation,/mnt/ubna_data_02_mir/recover-20221013/UBNA_001/20221012_030000.WAV,Telephone Field,recover-20221013,001,1795
630.0315,630.0731,68437,82119,Rhinolophus ferrumequinum,0.023,0.023,-1,Echolocation,/mnt/ubna_data_02_mir/recover-20221013/UBNA_001/20221012_030000.WAV,Telephone Field,recover-20221013,001,1795
630.0525,630.0918,68437,82344,Rhinolophus ferrumequinum,0.021,0.021,-1,Echolocation,/mnt/ubna_data_02_mir/recover-20221013/UBNA_001/20221012_030000.WAV,Telephone Field,recover-20221013,001,1795
630.0575,630.0642,28046,47889,Eptesicus serotinus,0.006,0.022,-1,Echolocation,/mnt/ubna_data_02_mir/recover-20221013/UBNA_001/20221012_030000.WAV,Telephone Field,recover-20221013,001,1795
630.0595,630.0659,33203,45433,Myotis daubentonii,0.009,0.022,-1,Echolocation,/mnt/ubna_data_02_mir/recover-20221013/UBNA_001/20221012_030000.WAV,Telephone Field,recover-20221013,001,1795
630.0715,630.0792,46093,50153,Pipistrellus pipistrellus,0.02,0.022,-1,Echolocation,/mnt/ubna_data_02_mir/recover-20221013/UBNA_001/20221012_030000.WAV,Telephone Field,recover-20221013,001,1795
630.0735,630.1126,68437,82718,Rhinolophus ferrumequinum,0.028,0.028,-1,Echolocation,/mnt/ubna_data_02_mir/recover-20221013/UBNA_001/20221012_030000.WAV,Telephone Field,recover-20221013,001,1795
630.0765,630.0852,24609,32872,Eptesicus serotinus,0.008,0.022,-1,Echolocation,/mnt/ubna_data_02_mir/recover-20221013/UBNA_001/20221012_030000.WAV,Telephone Field,recover-20221013,001,1795
630.1455,630.1564,24609,31557,Eptesicus serotinus,0.009,0.022,-1,Echolocation,/mnt/ubna_data_02_mir/recover-20221013/UBNA_001/20221012_030000.WAV,Telephone Field,recover-20221013,001,1795
630.1555,630.166,22890,28685,Nyctalus leisleri,0.009,0.023,-1,Echolocation,/mnt/ubna_data_02_mir/recover-20221013/UBNA_001/20221012_030000.WAV,Telephone Field,recover-20221013,001,1795
630.1755,630.2142,68437,82975,Rhinolophus ferrumequinum,0.043,0.043,-1,Echolocation,/mnt/ubna_data_02_mir/recover-20221013/UBNA_001/20221012_030000.WAV,Telephone Field,recover-20221013,001,1795
630.1865,630.2273,68437,82247,Rhinolophus ferrumequinum,0.022,0.022,-1,Echolocation,/mnt/ubna_data_02_mir/recover-20221013/UBNA_001/20221012_030000.WAV,Telephone Field,recover-20221013,001,1795
630.2055,630.2157,27187,36710,Eptesicus serotinus,0.011,0.025,-1,Echolocation,/mnt/ubna_data_02_mir/recover-20221013/UBNA_001/20221012_030000.WAV,Telephone Field,recover-20221013,001,1795
630.2105,630.2489,68437,81917,Rhinolophus ferrumequinum,0.023,0.023,-1,Echolocation,/mnt/ubna_data_02_mir/recover-20221013/UBNA_001/20221012_030000.WAV,Telephone Field,recover-20221013,001,1795
630.2445,630.2811,68437,82932,Rhinolophus ferrumequinum,0.033,0.033,-1,Echolocation,/mnt/ubna_data_02_mir/recover-20221013/UBNA_001/20221012_030000.WAV,Telephone Field,recover-20221013,001,1795
630.2645,630.2988,68437,81517,Rhinolophus ferrumequinum,0.022,0.022,-1,Echolocation,/mnt/ubna_data_02_mir/recover-20221013/UBNA_001/20221012_030000.WAV,Telephone Field,recover-20221013,001,1795
630.2715,630.2806,28046,37595,Eptesicus serotinus,0.009,0.023,-1,Echolocation,/mnt/ubna_data_02_mir/recover-20221013/UBNA_001/20221012_030000.WAV,Telephone Field,recover-20221013,001,1795
630.2745,630.2885,56406,64896,Pipistrellus pygmaeus,0.024,0.025,-1,Echolocation,/mnt/ubna_data_02_mir/recover-20221013/UBNA_001/20221012_030000.WAV,Telephone Field,recover-20221013,001,1795
630.2955,630.3327,68437,81764,Rhinolophus ferrumequinum,0.028,0.028,-1,Echolocation,/mnt/ubna_data_02_mir/recover-20221013/UBNA_001/20221012_030000.WAV,Telephone Field,recover-20221013,001,1795
630.3145,630.3523,68437,81545,Rhinolophus ferrumequinum,0.022,0.022,-1,Echolocation,/mnt/ubna_data_02_mir/recover-20221013/UBNA_001/20221012_030000.WAV,Telephone Field,recover-20221013,001,1795
630.3345,630.3462,22031,25912,Nyctalus leisleri,0.013,0.023,-1,Echolocation,/mnt/ubna_data_02_mir/recover-20221013/UBNA_001/20221012_030000.WAV,Telephone Field,recover-20221013,001,1795
630.3915,630.3997,28046,38947,Eptesicus serotinus,0.008,0.022,-1,Echolocation,/mnt/ubna_data_02_mir/recover-20221013/UBNA_001/20221012_030000.WAV,Telephone Field,recover-20221013,001,1795
630.4055,630.442,68437,81776,Rhinolophus ferrumequinum,0.022,0.022,-1,Echolocation,/mnt/ubna_data_02_mir/recover-20221013/UBNA_001/20221012_030000.WAV,Telephone Field,recover-20221013,001,1795
630.4405,630.4493,28906,40066,Eptesicus serotinus,0.008,0.023,-1,Echolocation,/mnt/ubna_data_02_mir/recover-20221013/UBNA_001/20221012_030000.WAV,Telephone Field,recover-20221013,001,1795
630.4505,630.4897,68437,82372,Rhinolophus ferrumequinum,0.024,0.024,-1,Echolocation,/mnt/ubna_data_02_mir/recover-20221013/UBNA_001/20221012_030000.WAV,Telephone Field,recover-20221013,001,1795
630.4885,630.5239,68437,82105,Rhinolophus ferrumequinum,0.022,0.022,-1,Echolocation,/mnt/ubna_data_02_mir/recover-20221013/UBNA_001/20221012_030000.WAV,Telephone Field,recover-20221013,001,1795
630.4915,630.5003,27187,36786,Eptesicus serotinus,0.01,0.024,-1,Echolocation,/mnt/ubna_data_02_mir/recover-20221013/UBNA_001/20221012_030000.WAV,Telephone Field,recover-20221013,001,1795
630.5125,630.5219,28906,39854,Eptesicus serotinus,0.009,0.023,-1,Echolocation,/mnt/ubna_data_02_mir/recover-20221013/UBNA_001/20221012_030000.WAV,Telephone Field,recover-20221013,001,1795
630.5145,630.5517,68437,81633,Rhinolophus ferrumequinum,0.022,0.023,-1,Echolocation,/mnt/ubna_data_02_mir/recover-20221013/UBNA_001/20221012_030000.WAV,Telephone Field,recover-20221013,001,1795
630.5455,630.5847,68437,82538,Rhinolophus ferrumequinum,0.023,0.023,-1,Echolocation,/mnt/ubna_data_02_mir/recover-20221013/UBNA_001/20221012_030000.WAV,Telephone Field,recover-20221013,001,1795
630.5645,630.5737,26328,35318,Eptesicus serotinus,0.01,0.023,-1,Echolocation,/mnt/ubna_data_02_mir/recover-20221013/UBNA_001/20221012_030000.WAV,Telephone Field,recover-20221013,001,1795
630.5835,630.6213,68437,82125,Rhinolophus ferrumequinum,0.025,0.025,-1,Echolocation,/mnt/ubna_data_02_mir/recover-20221013/UBNA_001/20221012_030000.WAV,Telephone Field,recover-20221013,001,1795
630.5905,630.6301,68437,82468,Rhinolophus ferrumequinum,0.024,0.024,-1,Echolocation,/mnt/ubna_data_02_mir/recover-20221013/UBNA_001/20221012_030000.WAV,Telephone Field,recover-20221013,001,1795
630.6205,630.6274,26328,41213,Eptesicus serotinus,0.006,0.022,-1,Echolocation,/mnt/ubna_data_02_mir/recover-20221013/UBNA_001/20221012_030000.WAV,Telephone Field,recover-20221013,001,1795
630.6655,630.6771,23750,29259,Nyctalus leisleri,0.011,0.024,-1,Echolocation,/mnt/ubna_data_02_mir/recover-20221013/UBNA_001/20221012_030000.WAV,Telephone Field,recover-20221013,001,1795
630.7755,630.7893,22890,28218,Nyctalus leisleri,0.012,0.026,-1,Echolocation,/mnt/ubna_data_02_mir/recover-20221013/UBNA_001/20221012_030000.WAV,Telephone Field,recover-20221013,001,1795
630.7845,630.8002,21171,25102,Nyctalus leisleri,0.013,0.024,-1,Echolocation,/mnt/ubna_data_02_mir/recover-20221013/UBNA_001/20221012_030000.WAV,Telephone Field,recover-20221013,001,1795
630.8165,630.8593,68437,83163,Rhinolophus ferrumequinum,0.032,0.032,-1,Echolocation,/mnt/ubna_data_02_mir/recover-20221013/UBNA_001/20221012_030000.WAV,Telephone Field,recover-20221013,001,1795
630.8645,630.8988,68437,81852,Rhinolophus ferrumequinum,0.022,0.022,-1,Echolocation,/mnt/ubna_data_02_mir/recover-20221013/UBNA_001/20221012_030000.WAV,Telephone Field,recover-20221013,001,1795
630.8905,630.9273,68437,81437,Rhinolophus ferrumequinum,0.025,0.025,-1,Echolocation,/mnt/ubna_data_02_mir/recover-20221013/UBNA_001/20221012_030000.WAV,Telephone Field,recover-20221013,001,1795
630.9105,630.9486,68437,82502,Rhinolophus ferrumequinum,0.025,0.025,-1,Echolocation,/mnt/ubna_data_02_mir/recover-20221013/UBNA_001/20221012_030000.WAV,Telephone Field,recover-20221013,001,1795
630.9155,630.9224,28046,42494,Eptesicus serotinus,0.006,0.026,-1,Echolocation,/mnt/ubna_data_02_mir/recover-20221013/UBNA_001/20221012_030000.WAV,Telephone Field,recover-20221013,001,1795
630.9465,630.9823,68437,81857,Rhinolophus ferrumequinum,0.023,0.023,-1,Echolocation,/mnt/ubna_data_02_mir/recover-20221013/UBNA_001/20221012_030000.WAV,Telephone Field,recover-20221013,001,1795
630.9535,630.9616,27187,38697,Eptesicus serotinus,0.007,0.022,-1,Echolocation,/mnt/ubna_data_02_mir/recover-20221013/UBNA_001/20221012_030000.WAV,Telephone Field,recover-20221013,001,1795
630.9885,631.0255,68437,81429,Rhinolophus ferrumequinum,0.022,0.022,-1,Echolocation,/mnt/ubna_data_02_mir/recover-20221013/UBNA_001/20221012_030000.WAV,Telephone Field,recover-20221013,001,1795
631.0225,631.0628,68437,83087,Rhinolophus ferrumequinum,0.023,0.023,-1,Echolocation,/mnt/ubna_data_02_mir/recover-20221013/UBNA_001/20221012_030000.WAV,Telephone Field,recover-20221013,001,1795
631.0525,631.0906,68437,81465,Rhinolophus ferrumequinum,0.021,0.021,-1,Echolocation,/mnt/ubna_data_02_mir/recover-20221013/UBNA_001/20221012_030000.WAV,Telephone Field,recover-20221013,001,1795
631.0905,631.1012,22890,28180,Nyctalus leisleri,0.013,0.032,-1,Echolocation,/mnt/ubna_data_02_mir/recover-20221013/UBNA_001/20221012_030000.WAV,Telephone Field,recover-20221013,001,1795
631.1205,631.1577,68437,82093,Rhinolophus ferrumequinum,0.021,0.021,-1,Echolocation,/mnt/ubna_data_02_mir/recover-20221013/UBNA_001/20221012_030000.WAV,Telephone Field,recover-20221013,001,1795
631.1425,631.1515,28046,36534,Eptesicus serotinus,0.012,0.028,-1,Echolocation,/mnt/ubna_data_02_mir/recover-20221013/UBNA_001/20221012_030000.WAV,Telephone Field,recover-20221013,001,1795
631.1795,631.1882,45234,48885,Pipistrellus pipistrellus,0.042,0.044,-1,Echolocation,/mnt/ubna_data_02_mir/recover-20221013/UBNA_001/20221012_030000.WAV,Telephone Field,recover-20221013,001,1795
631.1815,631.2164,68437,81729,Rhinolophus ferrumequinum,0.024,0.024,-1,Echolocation,/mnt/ubna_data_02_mir/recover-20221013/UBNA_001/20221012_030000.WAV,Telephone Field,recover-20221013,001,1795
631.2235,631.2333,22890,29398,Nyctalus leisleri,0.008,0.023,-1,Echolocation,/mnt/ubna_data_02_mir/recover-20221013/UBNA_001/20221012_030000.WAV,Telephone Field,recover-20221013,001,1795
631.2335,631.2436,24609,31749,Eptesicus serotinus,0.01,0.029,-1,Echolocation,/mnt/ubna_data_02_mir/recover-20221013/UBNA_001/20221012_030000.WAV,Telephone Field,recover-20221013,001,1795
631.2365,631.28,68437,83091,Rhinolophus ferrumequinum,0.031,0.031,-1,Echolocation,/mnt/ubna_data_02_mir/recover-20221013/UBNA_001/20221012_030000.WAV,Telephone Field,recover-20221013,001,1795
631.2515,631.2908,68437,82761,Rhinolophus ferrumequinum,0.024,0.024,-1,Echolocation,/mnt/ubna_data_02_mir/recover-20221013/UBNA_001/20221012_030000.WAV,Telephone Field,recover-20221013,001,1795
631.2765,631.3194,68437,83586,Rhinolophus ferrumequinum,0.054,0.054,-1,Echolocation,/mnt/ubna_data_02_mir/recover-20221013/UBNA_001/20221012_030000.WAV,Telephone Field,recover-20221013,001,1795
631.3085,631.3448,68437,82068,Rhinolophus ferrumequinum,0.024,0.024,-1,Echolocation,/mnt/ubna_data_02_mir/recover-20221013/UBNA_001/20221012_030000.WAV,Telephone Field,recover-20221013,001,1795
631.3285,631.3363,28046,37405,Eptesicus serotinus,0.008,0.022,-1,Echolocation,/mnt/ubna_data_02_mir/recover-20221013/UBNA_001/20221012_030000.WAV,Telephone Field,recover-20221013,001,1795
631.3345,631.372,68437,81935,Rhinolophus ferrumequinum,0.024,0.024,-1,Echolocation,/mnt/ubna_data_02_mir/recover-20221013/UBNA_001/20221012_030000.WAV,Telephone Field,recover-20221013,001,1795
631.3715,631.4076,68437,81430,Rhinolophus ferrumequinum,0.037,0.037,-1,Echolocation,/mnt/ubna_data_02_mir/recover-20221013/UBNA_001/20221012_030000.WAV,Telephone Field,recover-20221013,001,1795
631.3795,631.4165,68437,82085,Rhinolophus ferrumequinum,0.038,0.038,-1,Echolocation,/mnt/ubna_data_02_mir/recover-20221013/UBNA_001/20221012_030000.WAV,Telephone Field,recover-20221013,001,1795
631.4205,631.4603,68437,82215,Rhinolophus ferrumequinum,0.021,0.021,-1,Echolocation,/mnt/ubna_data_02_mir/recover-20221013/UBNA_001/20221012_030000.WAV,Telephone Field,recover-20221013,001,1795
631.4295,631.4686,68437,82808,Rhinolophus ferrumequinum,0.027,0.027,-1,Echolocation,/mnt/ubna_data_02_mir/recover-20221013/UBNA_001/20221012_030000.WAV,Telephone Field,recover-20221013,001,1795
631.4955,631.5066,22890,28169,Nyctalus leisleri,0.011,0.022,-1,Echolocation,/mnt/ubna_data_02_mir/recover-20221013/UBNA_001/20221012_030000.WAV,Telephone Field,recover-20221013,001,1795
631.5215,631.5303,45234,48863,Pipistrellus pipistrellus,0.022,0.023,-1,Echolocation,/mnt/ubna_data_02_mir/recover-20221013/UBNA_001/20221012_030000.WAV,Telephone Field,recover-20221013,001,1795
631.5385,631.5503,22031,26839,Nyctalus leisleri,0.012,0.022,-1,Echolocation,/mnt/ubna_data_02_mir/recover-20221013/UBNA_001/20221012_030000.WAV,Telephone Field,recover-20221013,001,1795
631.5395,631.5482,28046,36425,Eptesicus serotinus,0.008,0.021,-1,Echolocation,/mnt/ubna_data_02_mir/recover-20221013/UBNA_001/20221012_030000.WAV,Telephone Field,recover-20221013,001,1795
631.5405,631.5785,68437,81761,Rhinolophus ferrumequinum,0.022,0.022,-1,Echolocation,/mnt/ubna_data_02_mir/recover-20221013/UBNA_001/20221012_030000.WAV,Telephone Field,recover-20221013,001,1795
631.5635,631.6064,68437,83575,Rhinolophus ferrumequinum,0.038,0.038,-1,Echolocation,/mnt/ubna_data_02_mir/recover-20221013/UBNA_001/20221012_030000.WAV,Telephone Field,recover-20221013,001,1795
631.5895,631.5988,28046,42073,Eptesicus serotinus,0.011,0.028,-1,Echolocation,/mnt/ubna_data_02_mir/recover-20221013/UBNA_001/20221012_030000.WAV,Telephone Field,recover-20221013,001,1795
631.6335,631.669,68437,81254,Rhinolophus ferrumequinum,0.025,0.025,-1,Echolocation,/mnt/ubna_data_02_mir/recover-20221013/UBNA_001/20221012_030000.WAV,Telephone Field,recover-20221013,001,1795
631.6645,631.7052,68437,82927,Rhinolophus ferrumequinum,0.027,0.027,-1,Echolocation,/mnt/ubna_data_02_mir/recover-20221013/UBNA_001/20221012_030000.WAV,Telephone Field,recover-20221013,001,1795
631.6895,631.7316,68437,82840,Rhinolophus ferrumequinum,0.037,0.038,-1,Echolocation,/mnt/ubna_data_02_mir/recover-20221013/UBNA_001/20221012_030000.WAV,Telephone Field,recover-20221013,001,1795
631.7335,631.7712,68437,82395,Rhinolophus ferrumequinum,0.025,0.025,-1,Echolocation,/mnt/ubna_data_02_mir/recover-20221013/UBNA_001/20221012_030000.WAV,Telephone Field,recover-20221013,001,1795
631.7515,631.7909,68437,82381,Rhinolophus ferrumequinum,0.022,0.022,-1,Echolocation,/mnt/ubna_data_02_mir/recover-20221013/UBNA_001/20221012_030000.WAV,Telephone Field,recover-20221013,001,1795
631.7515,631.7595,28046,38651,Eptesicus serotinus,0.007,0.022,-1,Echolocation,/mnt/ubna_data_02_mir/recover-20221013/UBNA_001/20221012_030000.WAV,Telephone Field,recover-20221013,001,1795
631.7895,631.7999,28046,37074,Eptesicus serotinus,0.014,0.03,-1,Echolocation,/mnt/ubna_data_02_mir/recover-20221013/UBNA_001/20221012_030000.WAV,Telephone Field,recover-20221013,001,1795
631.8075,631.8458,68437,81777,Rhinolophus ferrumequinum,0.022,0.022,-1,Echolocation,/mnt/ubna_data_02_mir/recover-20221013/UBNA_001/20221012_030000.WAV,Telephone Field,recover-20221013,001,1795
631.8215,631.8557,68437,81609,Rhinolophus ferrumequinum,0.021,0.022,-1,Echolocation,/mnt/ubna_data_02_mir/recover-20221013/UBNA_001/20221012_030000.WAV,Telephone Field,recover-20221013,001,1795
631.8355,631.8466,49531,53652,Pipistrellus pipistrellus,0.019,0.024,-1,Echolocation,/mnt/ubna_data_02_mir/recover-20221013/UBNA_001/20221012_030000.WAV,Telephone Field,recover-20221013,001,1795
631.8395,631.8472,27187,38891,Eptesicus serotinus,0.006,0.022,-1,Echolocation,/mnt/ubna_data_02_mir/recover-20221013/UBNA_001/20221012_030000.WAV,Telephone Field,recover-20221013,001,1795
631.8475,631.8588,22031,25808,Nyctalus leisleri,0.014,0.027,-1,Echolocation,/mnt/ubna_data_02_mir/recover-20221013/UBNA_001/20221012_030000.WAV,Telephone Field,recover-20221013,001,1795
631.8745,631.9111,68437,81315,Rhinolophus ferrumequinum,0.024,0.024,-1,Echolocation,/mnt/ubna_data_02_mir/recover-20221013/UBNA_001/20221012_030000.WAV,Telephone Field,recover-20221013,001,1795
631.9105,631.9205,28046,36429,Eptesicus serotinus,0.01,0.023,-1,Echolocation,/mnt/ubna_data_02_mir/recover-20221013/UBNA_001/20221012_030000.WAV,Telephone Field,recover-20221013,001,1795
631.9465,631.987,68437,82278,Rhinolophus ferrumequinum,0.024,0.024,-1,Echolocation,/mnt/ubna_data_02_mir/recover-20221013/UBNA_001/20221012_030000.WAV,Telephone Field,recover-20221013,001,1795
631.9765,631.9866,23750,30262,Nyctalus leisleri,0.008,0.021,-1,Echolocation,/mnt/ubna_data_02_mir/recover-20221013/UBNA_001/20221012_030000.WAV,Telephone Field,recover-20221013,001,1795
631.9845,631.9945,27187,37911,Eptesicus serotinus,0.01,0.023,-1,Echolocation,/mnt/ubna_data_02_mir/recover-20221013/UBNA_001/20221012_030000.WAV,Telephone Field,recover-20221013,001,1795
632.0015,632.014,13437,19385,Nyctalus noctula,0.009,0.025,-1,Echolocation,/mnt/ubna_data_02_mir/recover-20221013/UBNA_001/20221012_030000.WAV,Telephone Field,recover-20221013,001,1795
632.0015,632.0373,68437,80105,Rhinolophus ferrumequinum,0.032,0.032,-1,Echolocation,/mnt/ubna_data_02_mir/recover-20221013/UBNA_001/20221012_030000.WAV,Telephone Field,recover-20221013,001,1795
632.0075,632.0177,28046,37254,Eptesicus serotinus,0.019,0.036,-1,Echolocation,/mnt/ubna_data_02_mir/recover-20221013/UBNA_001/20221012_030000.WAV,Telephone Field,recover-20221013,001,1795
632.0085,632.0476,68437,80968,Rhinolophus ferrumequinum,0.021,0.021,-1,Echolocation,/mnt/ubna_data_02_mir/recover-20221013/UBNA_001/20221012_030000.WAV,Telephone Field,recover-20221013,001,1795
632.0175,632.0503,67578,78526,Rhinolophus ferrumequinum,0.02,0.02,-1,Echolocation,/mnt/ubna_data_02_mir/recover-20221013/UBNA_001/20221012_030000.WAV,Telephone Field,recover-20221013,001,1795
632.0495,632.0899,68437,82697,Rhinolophus ferrumequinum,0.021,0.021,-1,Echolocation,/mnt/ubna_data_02_mir/recover-20221013/UBNA_001/20221012_030000.WAV,Telephone Field,recover-20221013,001,1795
632.0605,632.0704,24609,31957,Nyctalus leisleri,0.007,0.02,-1,Echolocation,/mnt/ubna_data_02_mir/recover-20221013/UBNA_001/20221012_030000.WAV,Telephone Field,recover-20221013,001,1795
632.0885,632.0968,28046,40843,Eptesicus serotinus,0.007,0.021,-1,Echolocation,/mnt/ubna_data_02_mir/recover-20221013/UBNA_001/20221012_030000.WAV,Telephone Field,recover-20221013,001,1795
632.1125,632.1516,68437,82373,Rhinolophus ferrumequinum,0.026,0.026,-1,Echolocation,/mnt/ubna_data_02_mir/recover-20221013/UBNA_001/20221012_030000.WAV,Telephone Field,recover-20221013,001,1795
632.1155,632.1256,28046,35775,Eptesicus serotinus,0.012,0.026,-1,Echolocation,/mnt/ubna_data_02_mir/recover-20221013/UBNA_001/20221012_030000.WAV,Telephone Field,recover-20221013,001,1795
632.1175,632.1567,68437,82943,Rhinolophus ferrumequinum,0.025,0.025,-1,Echolocation,/mnt/ubna_data_02_mir/recover-20221013/UBNA_001/20221012_030000.WAV,Telephone Field,recover-20221013,001,1795
632.1205,632.1314,22890,27867,Nyctalus leisleri,0.012,0.024,-1,Echolocation,/mnt/ubna_data_02_mir/recover-20221013/UBNA_001/20221012_030000.WAV,Telephone Field,recover-20221013,001,1795
632.1775,632.2179,68437,82506,Rhinolophus ferrumequinum,0.027,0.027,-1,Echolocation,/mnt/ubna_data_02_mir/recover-20221013/UBNA_001/20221012_030000.WAV,Telephone Field,recover-20221013,001,1795
632.1885,632.198,28906,37516,Eptesicus serotinus,0.008,0.022,-1,Echolocation,/mnt/ubna_data_02_mir/recover-20221013/UBNA_001/20221012_030000.WAV,Telephone Field,recover-20221013,001,1795
632.2115,632.2285,22031,25738,Nyctalus leisleri,0.049,0.086,-1,Echolocation,/mnt/ubna_data_02_mir/recover-20221013/UBNA_001/20221012_030000.WAV,Telephone Field,recover-20221013,001,1795
632.2185,632.2535,68437,81504,Rhinolophus ferrumequinum,0.02,0.02,-1,Echolocation,/mnt/ubna_data_02_mir/recover-20221013/UBNA_001/20221012_030000.WAV,Telephone Field,recover-20221013,001,1795
632.2385,632.2568,18593,21741,Nyctalus noctula,0.01,0.021,-1,Echolocation,/mnt/ubna_data_02_mir/recover-20221013/UBNA_001/20221012_030000.WAV,Telephone Field,recover-20221013,001,1795
632.2425,632.2504,27187,40428,Eptesicus serotinus,0.007,0.021,-1,Echolocation,/mnt/ubna_data_02_mir/recover-20221013/UBNA_001/20221012_030000.WAV,Telephone Field,recover-20221013,001,1795
632.2635,632.2748,22890,28125,Nyctalus leisleri,0.012,0.024,-1,Echolocation,/mnt/ubna_data_02_mir/recover-20221013/UBNA_001/20221012_030000.WAV,Telephone Field,recover-20221013,001,1795
632.2855,632.3265,68437,82290,Rhinolophus ferrumequinum,0.02,0.02,-1,Echolocation,/mnt/ubna_data_02_mir/recover-20221013/UBNA_001/20221012_030000.WAV,Telephone Field,recover-20221013,001,1795
632.2895,632.2988,24609,32239,Eptesicus serotinus,0.008,0.021,-1,Echolocation,/mnt/ubna_data_02_mir/recover-20221013/UBNA_001/20221012_030000.WAV,Telephone Field,recover-20221013,001,1795
632.2995,632.3064,28906,40432,Eptesicus serotinus,0.007,0.025,-1,Echolocation,/mnt/ubna_data_02_mir/recover-20221013/UBNA_001/20221012_030000.WAV,Telephone Field,recover-20221013,001,1795
632.3305,632.3386,27187,37427,Eptesicus serotinus,0.006,0.02,-1,Echolocation,/mnt/ubna_data_02_mir/recover-20221013/UBNA_001/20221012_030000.WAV,Telephone Field,recover-20221013,001,1795
632.3405,632.3776,68437,81658,Rhinolophus ferrumequinum,0.021,0.021,-1,Echolocation,/mnt/ubna_data_02_mir/recover-20221013/UBNA_001/20221012_030000.WAV,Telephone Field,recover-20221013,001,1795
632.3635,632.4022,68437,82238,Rhinolophus ferrumequinum,0.025,0.025,-1,Echolocation,/mnt/ubna_data_02_mir/recover-20221013/UBNA_001/20221012_030000.WAV,Telephone Field,recover-20221013,001,1795
632.3755,632.3828,26328,35503,Eptesicus serotinus,0.007,0.023,-1,Echolocation,/mnt/ubna_data_02_mir/recover-20221013/UBNA_001/20221012_030000.WAV,Telephone Field,recover-20221013,001,1795
632.4145,632.4216,28046,40132,Eptesicus serotinus,0.006,0.022,-1,Echolocation,/mnt/ubna_data_02_mir/recover-20221013/UBNA_001/20221012_030000.WAV,Telephone Field,recover-20221013,001,1795
632.4365,632.4469,23750,31089,Nyctalus leisleri,0.008,0.023,-1,Echolocation,/mnt/ubna_data_02_mir/recover-20221013/UBNA_001/20221012_030000.WAV,Telephone Field,recover-20221013,001,1795
632.4485,632.4845,68437,81166,Rhinolophus ferrumequinum,0.022,0.022,-1,Echolocation,/mnt/ubna_data_02_mir/recover-20221013/UBNA_001/20221012_030000.WAV,Telephone Field,recover-20221013,001,1795
632.4495,632.4584,26328,34949,Eptesicus serotinus,0.007,0.021,-1,Echolocation,/mnt/ubna_data_02_mir/recover-20221013/UBNA_001/20221012_030000.WAV,Telephone Field,recover-20221013,001,1795
632.4665,632.5034,68437,81790,Rhinolophus ferrumequinum,0.02,0.02,-1,Echolocation,/mnt/ubna_data_02_mir/recover-20221013/UBNA_001/20221012_030000.WAV,Telephone Field,recover-20221013,001,1795
632.4805,632.519,68437,81932,Rhinolophus ferrumequinum,0.022,0.022,-1,Echolocation,/mnt/ubna_data_02_mir/recover-20221013/UBNA_001/20221012_030000.WAV,Telephone Field,recover-20221013,001,1795
632.4875,632.5255,68437,82207,Rhinolophus ferrumequinum,0.023,0.023,-1,Echolocation,/mnt/ubna_data_02_mir/recover-20221013/UBNA_001/20221012_030000.WAV,Telephone Field,recover-20221013,001,1795
632.5085,632.5456,68437,82133,Rhinolophus ferrumequinum,0.025,0.025,-1,Echolocation,/mnt/ubna_data_02_mir/recover-20221013/UBNA_001/20221012_030000.WAV,Telephone Field,recover-20221013,001,1795
632.5265,632.5335,52109,58545,Pipistrellus pipistrellus,0.015,0.02,-1,Echolocation,/mnt/ubna_data_02_mir/recover-20221013/UBNA_001/20221012_030000.WAV,Telephone Field,recover-20221013,001,1795
632.5275,632.5372,22890,29207,Nyctalus leisleri,0.008,0.021,-1,Echolocation,/mnt/ubna_data_02_mir/recover-20221013/UBNA_001/20221012_030000.WAV,Telephone Field,recover-20221013,001,1795
632.5555,632.5722,21171,25185,Nyctalus leisleri,0.019,0.034,-1,Echolocation,/mnt/ubna_data_02_mir/recover-20221013/UBNA_001/20221012_030000.WAV,Telephone Field,recover-20221013,001,1795
632.5915,632.6003,24609,32534,Nyctalus leisleri,0.006,0.02,-1,Echolocation,/mnt/ubna_data_02_mir/recover-20221013/UBNA_001/20221012_030000.WAV,Telephone Field,recover-20221013,001,1795
632.5995,632.6389,68437,82458,Rhinolophus ferrumequinum,0.02,0.02,-1,Echolocation,/mnt/ubna_data_02_mir/recover-20221013/UBNA_001/20221012_030000.WAV,Telephone Field,recover-20221013,001,1795
632.6225,632.6586,68437,81709,Rhinolophus ferrumequinum,0.021,0.021,-1,Echolocation,/mnt/ubna_data_02_mir/recover-20221013/UBNA_001/20221012_030000.WAV,Telephone Field,recover-20221013,001,1795
632.6305,632.6385,26328,38419,Eptesicus serotinus,0.006,0.02,-1,Echolocation,/mnt/ubna_data_02_mir/recover-20221013/UBNA_001/20221012_030000.WAV,Telephone Field,recover-20221013,001,1795
632.6485,632.6561,23750,32758,Plecotus austriacus,0.008,0.021,-1,Echolocation,/mnt/ubna_data_02_mir/recover-20221013/UBNA_001/20221012_030000.WAV,Telephone Field,recover-20221013,001,1795
632.6665,632.7033,68437,81624,Rhinolophus ferrumequinum,0.021,0.021,-1,Echolocation,/mnt/ubna_data_02_mir/recover-20221013/UBNA_001/20221012_030000.WAV,Telephone Field,recover-20221013,001,1795
632.6735,632.7095,68437,81070,Rhinolophus ferrumequinum,0.021,0.021,-1,Echolocation,/mnt/ubna_data_02_mir/recover-20221013/UBNA_001/20221012_030000.WAV,Telephone Field,recover-20221013,001,1795
632.6885,632.6992,28906,35190,Eptesicus serotinus,0.011,0.023,-1,Echolocation,/mnt/ubna_data_02_mir/recover-20221013/UBNA_001/20221012_030000.WAV,Telephone Field,recover-20221013,001,1795
632.7055,632.7162,22031,26176,Nyctalus leisleri,0.011,0.02,-1,Echolocation,/mnt/ubna_data_02_mir/recover-20221013/UBNA_001/20221012_030000.WAV,Telephone Field,recover-20221013,001,1795
632.7175,632.7591,68437,82716,Rhinolophus ferrumequinum,0.023,0.023,-1,Echolocation,/mnt/ubna_data_02_mir/recover-20221013/UBNA_001/20221012_030000.WAV,Telephone Field,recover-20221013,001,1795
632.7385,632.7476,28906,39447,Eptesicus serotinus,0.008,0.022,-1,Echolocation,/mnt/ubna_data_02_mir/recover-20221013/UBNA_001/20221012_030000.WAV,Telephone Field,recover-20221013,001,1795
632.7525,632.7892,68437,81719,Rhinolophus ferrumequinum,0.02,0.02,-1,Echolocation,/mnt/ubna_data_02_mir/recover-20221013/UBNA_001/20221012_030000.WAV,Telephone Field,recover-20221013,001,1795
632.7615,632.7755,21171,24413,Nyctalus leisleri,0.02,0.031,-1,Echolocation,/mnt/ubna_data_02_mir/recover-20221013/UBNA_001/20221012_030000.WAV,Telephone Field,recover-20221013,001,1795
632.7815,632.7882,26328,39914,Eptesicus serotinus,0.005,0.022,-1,Echolocation,/mnt/ubna_data_02_mir/recover-20221013/UBNA_001/20221012_030000.WAV,Telephone Field,recover-20221013,001,1795
632.7845,632.8227,68437,81963,Rhinolophus ferrumequinum,0.021,0.021,-1,Echolocation,/mnt/ubna_data_02_mir/recover-20221013/UBNA_001/20221012_030000.WAV,Telephone Field,recover-20221013,001,1795
632.7905,632.827,68437,81771,Rhinolophus ferrumequinum,0.02,0.02,-1,Echolocation,/mnt/ubna_data_02_mir/recover-20221013/UBNA_001/20221012_030000.WAV,Telephone Field,recover-20221013,001,1795
632.8125,632.8211,27187,35505,Eptesicus serotinus,0.009,0.025,-1,Echolocation,/mnt/ubna_data_02_mir/recover-20221013/UBNA_001/20221012_030000.WAV,Telephone Field,recover-20221013,001,1795
632.8225,632.8613,68437,82590,Rhinolophus ferrumequinum,0.033,0.033,-1,Echolocation,/mnt/ubna_data_02_mir/recover-20221013/UBNA_001/20221012_030000.WAV,Telephone Field,recover-20221013,001,1795
632.8375,632.8453,28046,36695,Eptesicus serotinus,0.007,0.021,-1,Echolocation,/mnt/ubna_data_02_mir/recover-20221013/UBNA_001/20221012_030000.WAV,Telephone Field,recover-20221013,001,1795
632.8645,632.873,28046,38331,Eptesicus serotinus,0.007,0.021,-1,Echolocation,/mnt/ubna_data_02_mir/recover-20221013/UBNA_001/20221012_030000.WAV,Telephone Field,recover-20221013,001,1795
632.8665,632.8773,22031,26685,Nyctalus leisleri,0.009,0.022,-1,Echolocation,/mnt/ubna_data_02_mir/recover-20221013/UBNA_001/20221012_030000.WAV,Telephone Field,recover-20221013,001,1795
632.8865,632.9229,68437,81570,Rhinolophus ferrumequinum,0.022,0.022,-1,Echolocation,/mnt/ubna_data_02_mir/recover-20221013/UBNA_001/20221012_030000.WAV,Telephone Field,recover-20221013,001,1795
632.9245,632.9617,68437,82014,Rhinolophus ferrumequinum,0.023,0.023,-1,Echolocation,/mnt/ubna_data_02_mir/recover-20221013/UBNA_001/20221012_030000.WAV,Telephone Field,recover-20221013,001,1795
632.9325,632.942,27187,38592,Eptesicus serotinus,0.009,0.022,-1,Echolocation,/mnt/ubna_data_02_mir/recover-20221013/UBNA_001/20221012_030000.WAV,Telephone Field,recover-20221013,001,1795
632.9855,632.9978,22031,25925,Nyctalus leisleri,0.013,0.025,-1,Echolocation,/mnt/ubna_data_02_mir/recover-20221013/UBNA_001/20221012_030000.WAV,Telephone Field,recover-20221013,001,1795
632.9985,633.0372,68437,82386,Rhinolophus ferrumequinum,0.024,0.024,-1,Echolocation,/mnt/ubna_data_02_mir/recover-20221013/UBNA_001/20221012_030000.WAV,Telephone Field,recover-20221013,001,1795
633.0245,633.0649,68437,82756,Rhinolophus ferrumequinum,0.022,0.023,-1,Echolocation,/mnt/ubna_data_02_mir/recover-20221013/UBNA_001/20221012_030000.WAV,Telephone Field,recover-20221013,001,1795
633.0325,633.0407,28046,38023,Eptesicus serotinus,0.007,0.02,-1,Echolocation,/mnt/ubna_data_02_mir/recover-20221013/UBNA_001/20221012_030000.WAV,Telephone Field,recover-20221013,001,1795
633.0415,633.0807,68437,82259,Rhinolophus ferrumequinum,0.02,0.02,-1,Echolocation,/mnt/ubna_data_02_mir/recover-20221013/UBNA_001/20221012_030000.WAV,Telephone Field,recover-20221013,001,1795
633.0475,633.0562,27187,36863,Eptesicus serotinus,0.008,0.022,-1,Echolocation,/mnt/ubna_data_02_mir/recover-20221013/UBNA_001/20221012_030000.WAV,Telephone Field,recover-20221013,001,1795
633.0575,633.0951,68437,82432,Rhinolophus ferrumequinum,0.021,0.021,-1,Echolocation,/mnt/ubna_data_02_mir/recover-20221013/UBNA_001/20221012_030000.WAV,Telephone Field,recover-20221013,001,1795
633.0765,633.0857,58125,63141,Pipistrellus pygmaeus,0.022,0.022,-1,Echolocation,/mnt/ubna_data_02_mir/recover-20221013/UBNA_001/20221012_030000.WAV,Telephone Field,recover-20221013,001,1795
633.0785,633.1174,68437,82135,Rhinolophus ferrumequinum,0.02,0.02,-1,Echolocation,/mnt/ubna_data_02_mir/recover-20221013/UBNA_001/20221012_030000.WAV,Telephone Field,recover-20221013,001,1795
633.0855,633.1247,68437,82264,Rhinolophus ferrumequinum,0.022,0.022,-1,Echolocation,/mnt/ubna_data_02_mir/recover-20221013/UBNA_001/20221012_030000.WAV,Telephone Field,recover-20221013,001,1795
633.0895,633.0973,24609,32732,Plecotus austriacus,0.007,0.023,-1,Echolocation,/mnt/ubna_data_02_mir/recover-20221013/UBNA_001/20221012_030000.WAV,Telephone Field,recover-20221013,001,1795
633.1145,633.1249,42656,47077,Pipistrellus pipistrellus,0.035,0.041,-1,Echolocation,/mnt/ubna_data_02_mir/recover-20221013/UBNA_001/20221012_030000.WAV,Telephone Field,recover-20221013,001,1795
633.1305,633.1382,28906,39081,Eptesicus serotinus,0.007,0.021,-1,Echolocation,/mnt/ubna_data_02_mir/recover-20221013/UBNA_001/20221012_030000.WAV,Telephone Field,recover-20221013,001,1795
633.1395,633.1787,68437,82307,Rhinolophus ferrumequinum,0.021,0.021,-1,Echolocation,/mnt/ubna_data_02_mir/recover-20221013/UBNA_001/20221012_030000.WAV,Telephone Field,recover-20221013,001,1795
633.1555,633.1705,23750,27808,Nyctalus leisleri,0.038,0.077,-1,Echolocation,/mnt/ubna_data_02_mir/recover-20221013/UBNA_001/20221012_030000.WAV,Telephone Field,recover-20221013,001,1795
633.1745,633.1829,28906,39693,Eptesicus serotinus,0.007,0.021,-1,Echolocation,/mnt/ubna_data_02_mir/recover-20221013/UBNA_001/20221012_030000.WAV,Telephone Field,recover-20221013,001,1795
633.1825,633.2185,68437,81241,Rhinolophus ferrumequinum,0.021,0.021,-1,Echolocation,/mnt/ubna_data_02_mir/recover-20221013/UBNA_001/20221012_030000.WAV,Telephone Field,recover-20221013,001,1795
633.1995,633.2074,25468,34378,Eptesicus serotinus,0.006,0.022,-1,Echolocation,/mnt/ubna_data_02_mir/recover-20221013/UBNA_001/20221012_030000.WAV,Telephone Field,recover-20221013,001,1795
633.2075,633.2176,25468,31789,Nyctalus leisleri,0.008,0.022,-1,Echolocation,/mnt/ubna_data_02_mir/recover-20221013/UBNA_001/20221012_030000.WAV,Telephone Field,recover-20221013,001,1795
633.2285,633.2699,68437,82996,Rhinolophus ferrumequinum,0.025,0.025,-1,Echolocation,/mnt/ubna_data_02_mir/recover-20221013/UBNA_001/20221012_030000.WAV,Telephone Field,recover-20221013,001,1795
633.2315,633.2396,24609,32940,Plecotus austriacus,0.013,0.049,-1,Echolocation,/mnt/ubna_data_02_mir/recover-20221013/UBNA_001/20221012_030000.WAV,Telephone Field,recover-20221013,001,1795
633.2575,633.2928,68437,81106,Rhinolophus ferrumequinum,0.02,0.02,-1,Echolocation,/mnt/ubna_data_02_mir/recover-20221013/UBNA_001/20221012_030000.WAV,Telephone Field,recover-20221013,001,1795
633.2625,633.2708,27187,39412,Eptesicus serotinus,0.008,0.023,-1,Echolocation,/mnt/ubna_data_02_mir/recover-20221013/UBNA_001/20221012_030000.WAV,Telephone Field,recover-20221013,001,1795
633.2765,633.3131,68437,81290,Rhinolophus ferrumequinum,0.022,0.022,-1,Echolocation,/mnt/ubna_data_02_mir/recover-20221013/UBNA_001/20221012_030000.WAV,Telephone Field,recover-20221013,001,1795
633.2975,633.3356,68437,82186,Rhinolophus ferrumequinum,0.022,0.022,-1,Echolocation,/mnt/ubna_data_02_mir/recover-20221013/UBNA_001/20221012_030000.WAV,Telephone Field,recover-20221013,001,1795
633.3255,633.3653,68437,83076,Rhinolophus ferrumequinum,0.023,0.023,-1,Echolocation,/mnt/ubna_data_02_mir/recover-20221013/UBNA_001/20221012_030000.WAV,Telephone Field,recover-20221013,001,1795
633.3355,633.3439,26328,38122,Eptesicus serotinus,0.006,0.021,-1,Echolocation,/mnt/ubna_data_02_mir/recover-20221013/UBNA_001/20221012_030000.WAV,Telephone Field,recover-20221013,001,1795
633.3655,633.3794,22890,27797,Nyctalus leisleri,0.016,0.032,-1,Echolocation,/mnt/ubna_data_02_mir/recover-20221013/UBNA_001/20221012_030000.WAV,Telephone Field,recover-20221013,001,1795
633.3745,633.3844,26328,33445,Eptesicus serotinus,0.012,0.034,-1,Echolocation,/mnt/ubna_data_02_mir/recover-20221013/UBNA_001/20221012_030000.WAV,Telephone Field,recover-20221013,001,1795
633.3755,633.4106,68437,82004,Rhinolophus ferrumequinum,0.021,0.021,-1,Echolocation,/mnt/ubna_data_02_mir/recover-20221013/UBNA_001/20221012_030000.WAV,Telephone Field,recover-20221013,001,1795
633.3915,633.4286,68437,82211,Rhinolophus ferrumequinum,0.021,0.021,-1,Echolocation,/mnt/ubna_data_02_mir/recover-20221013/UBNA_001/20221012_030000.WAV,Telephone Field,recover-20221013,001,1795
633.4005,633.4104,22890,29478,Nyctalus leisleri,0.008,0.021,-1,Echolocation,/mnt/ubna_data_02_mir/recover-20221013/UBNA_001/20221012_030000.WAV,Telephone Field,recover-20221013,001,1795
633.4215,633.4305,28046,37831,Eptesicus serotinus,0.009,0.023,-1,Echolocation,/mnt/ubna_data_02_mir/recover-20221013/UBNA_001/20221012_030000.WAV,Telephone Field,recover-20221013,001,1795
633.4385,633.4736,68437,80936,Rhinolophus ferrumequinum,0.02,0.02,-1,Echolocation,/mnt/ubna_data_02_mir/recover-20221013/UBNA_001/20221012_030000.WAV,Telephone Field,recover-20221013,001,1795
633.4925,633.5325,68437,82384,Rhinolophus ferrumequinum,0.023,0.023,-1,Echolocation,/mnt/ubna_data_02_mir/recover-20221013/UBNA_001/20221012_030000.WAV,Telephone Field,recover-20221013,001,1795
633.4995,633.507,28046,39071,Eptesicus serotinus,0.007,0.024,-1,Echolocation,/mnt/ubna_data_02_mir/recover-20221013/UBNA_001/20221012_030000.WAV,Telephone Field,recover-20221013,001,1795
633.5395,633.5775,68437,81998,Rhinolophus ferrumequinum,0.022,0.022,-1,Echolocation,/mnt/ubna_data_02_mir/recover-20221013/UBNA_001/20221012_030000.WAV,Telephone Field,recover-20221013,001,1795
633.5535,633.5629,24609,32706,Eptesicus serotinus,0.006,0.022,-1,Echolocation,/mnt/ubna_data_02_mir/recover-20221013/UBNA_001/20221012_030000.WAV,Telephone Field,recover-20221013,001,1795
633.5565,633.5939,68437,81672,Rhinolophus ferrumequinum,0.024,0.024,-1,Echolocation,/mnt/ubna_data_02_mir/recover-20221013/UBNA_001/20221012_030000.WAV,Telephone Field,recover-20221013,001,1795
633.5775,633.6158,68437,82154,Rhinolophus ferrumequinum,0.025,0.025,-1,Echolocation,/mnt/ubna_data_02_mir/recover-20221013/UBNA_001/20221012_030000.WAV,Telephone Field,recover-20221013,001,1795
633.5795,633.5926,22890,27165,Nyctalus leisleri,0.013,0.022,-1,Echolocation,/mnt/ubna_data_02_mir/recover-20221013/UBNA_001/20221012_030000.WAV,Telephone Field,recover-20221013,001,1795
633.5865,633.5986,22031,25945,Nyctalus leisleri,0.013,0.021,-1,Echolocation,/mnt/ubna_data_02_mir/recover-20221013/UBNA_001/20221012_030000.WAV,Telephone Field,recover-20221013,001,1795
633.5895,633.6312,68437,83010,Rhinolophus ferrumequinum,0.023,0.023,-1,Echolocation,/mnt/ubna_data_02_mir/recover-20221013/UBNA_001/20221012_030000.WAV,Telephone Field,recover-20221013,001,1795
633.6185,633.6554,68437,81537,Rhinolophus ferrumequinum,0.021,0.021,-1,Echolocation,/mnt/ubna_data_02_mir/recover-20221013/UBNA_001/20221012_030000.WAV,Telephone Field,recover-20221013,001,1795
633.6875,633.7258,68437,82253,Rhinolophus ferrumequinum,0.024,0.024,-1,Echolocation,/mnt/ubna_data_02_mir/recover-20221013/UBNA_001/20221012_030000.WAV,Telephone Field,recover-20221013,001,1795
633.7165,633.7245,28046,38828,Eptesicus serotinus,0.006,0.02,-1,Echolocation,/mnt/ubna_data_02_mir/recover-20221013/UBNA_001/20221012_030000.WAV,Telephone Field,recover-20221013,001,1795
633.7475,633.7578,28906,37649,Eptesicus serotinus,0.015,0.029,-1,Echolocation,/mnt/ubna_data_02_mir/recover-20221013/UBNA_001/20221012_030000.WAV,Telephone Field,recover-20221013,001,1795
633.7905,633.8272,68437,81508,Rhinolophus ferrumequinum,0.024,0.024,-1,Echolocation,/mnt/ubna_data_02_mir/recover-20221013/UBNA_001/20221012_030000.WAV,Telephone Field,recover-20221013,001,1795
633.7925,633.8033,22031,27042,Nyctalus leisleri,0.01,0.021,-1,Echolocation,/mnt/ubna_data_02_mir/recover-20221013/UBNA_001/20221012_030000.WAV,Telephone Field,recover-20221013,001,1795
633.7975,633.8077,44375,50589,Pipistrellus pipistrellus,0.017,0.021,-1,Echolocation,/mnt/ubna_data_02_mir/recover-20221013/UBNA_001/20221012_030000.WAV,Telephone Field,recover-20221013,001,1795
633.8025,633.8106,28046,36598,Eptesicus serotinus,0.007,0.021,-1,Echolocation,/mnt/ubna_data_02_mir/recover-20221013/UBNA_001/20221012_030000.WAV,Telephone Field,recover-20221013,001,1795
633.8045,633.8399,68437,81385,Rhinolophus ferrumequinum,0.022,0.022,-1,Echolocation,/mnt/ubna_data_02_mir/recover-20221013/UBNA_001/20221012_030000.WAV,Telephone Field,recover-20221013,001,1795
633.8315,633.8713,68437,83301,Rhinolophus ferrumequinum,0.035,0.035,-1,Echolocation,/mnt/ubna_data_02_mir/recover-20221013/UBNA_001/20221012_030000.WAV,Telephone Field,recover-20221013,001,1795
633.8805,633.8909,15156,20754,Nyctalus noctula,0.016,0.04,-1,Echolocation,/mnt/ubna_data_02_mir/recover-20221013/UBNA_001/20221012_030000.WAV,Telephone Field,recover-20221013,001,1795
633.8915,633.9264,68437,81794,Rhinolophus ferrumequinum,0.021,0.021,-1,Echolocation,/mnt/ubna_data_02_mir/recover-20221013/UBNA_001/20221012_030000.WAV,Telephone Field,recover-20221013,001,1795
633.9015,633.9396,68437,81563,Rhinolophus ferrumequinum,0.022,0.022,-1,Echolocation,/mnt/ubna_data_02_mir/recover-20221013/UBNA_001/20221012_030000.WAV,Telephone Field,recover-20221013,001,1795
633.9265,633.9654,68437,82188,Rhinolophus ferrumequinum,0.025,0.025,-1,Echolocation,/mnt/ubna_data_02_mir/recover-20221013/UBNA_001/20221012_030000.WAV,Telephone Field,recover-20221013,001,1795
633.9355,633.9462,23750,29969,Nyctalus leisleri,0.011,0.026,-1,Echolocation,/mnt/ubna_data_02_mir/recover-20221013/UBNA_001/20221012_030000.WAV,Telephone Field,recover-20221013,001,1795
633.9625,633.9727,22031,26967,Nyctalus leisleri,0.01,0.023,-1,Echolocation,/mnt/ubna_data_02_mir/recover-20221013/UBNA_001/20221012_030000.WAV,Telephone Field,recover-20221013,001,1795
633.9635,633.972,28046,38534,Eptesicus serotinus,0.01,0.026,-1,Echolocation,/mnt/ubna_data_02_mir/recover-20221013/UBNA_001/20221012_030000.WAV,Telephone Field,recover-20221013,001,1795
634.0015,634.0328,68437,80454,Rhinolophus ferrumequinum,0.043,0.044,-1,Echolocation,/mnt/ubna_data_02_mir/recover-20221013/UBNA_001/20221012_030000.WAV,Telephone Field,recover-20221013,001,1795
634.0015,634.0103,26328,35321,Eptesicus serotinus,0.013,0.033,-1,Echolocation,/mnt/ubna_data_02_mir/recover-20221013/UBNA_001/20221012_030000.WAV,Telephone Field,recover-20221013,001,1795
634.0065,634.0161,27187,35670,Eptesicus serotinus,0.015,0.029,-1,Echolocation,/mnt/ubna_data_02_mir/recover-20221013/UBNA_001/20221012_030000.WAV,Telephone Field,recover-20221013,001,1795
634.0165,634.0249,27187,39642,Eptesicus serotinus,0.008,0.022,-1,Echolocation,/mnt/ubna_data_02_mir/recover-20221013/UBNA_001/20221012_030000.WAV,Telephone Field,recover-20221013,001,1795
634.0255,634.0354,46953,51128,Pipistrellus pipistrellus,0.06,0.063,-1,Echolocation,/mnt/ubna_data_02_mir/recover-20221013/UBNA_001/20221012_030000.WAV,Telephone Field,recover-20221013,001,1795
634.0455,634.066,18593,22441,Nyctalus noctula,0.017,0.032,-1,Echolocation,/mnt/ubna_data_02_mir/recover-20221013/UBNA_001/20221012_030000.WAV,Telephone Field,recover-20221013,001,1795
634.0635,634.1027,68437,82366,Rhinolophus ferrumequinum,0.023,0.023,-1,Echolocation,/mnt/ubna_data_02_mir/recover-20221013/UBNA_001/20221012_030000.WAV,Telephone Field,recover-20221013,001,1795
634.1325,634.1759,68437,83134,Rhinolophus ferrumequinum,0.029,0.029,-1,Echolocation,/mnt/ubna_data_02_mir/recover-20221013/UBNA_001/20221012_030000.WAV,Telephone Field,recover-20221013,001,1795
634.1355,634.1512,16875,22593,Nyctalus noctula,0.018,0.024,-1,Echolocation,/mnt/ubna_data_02_mir/recover-20221013/UBNA_001/20221012_030000.WAV,Telephone Field,recover-20221013,001,1795
634.1625,634.2014,68437,82477,Rhinolophus ferrumequinum,0.021,0.021,-1,Echolocation,/mnt/ubna_data_02_mir/recover-20221013/UBNA_001/20221012_030000.WAV,Telephone Field,recover-20221013,001,1795
634.1985,634.2082,23750,30741,Nyctalus leisleri,0.012,0.037,-1,Echolocation,/mnt/ubna_data_02_mir/recover-20221013/UBNA_001/20221012_030000.WAV,Telephone Field,recover-20221013,001,1795
634.2115,634.2226,40937,45214,Pipistrellus nathusii,0.018,0.032,-1,Echolocation,/mnt/ubna_data_02_mir/recover-20221013/UBNA_001/20221012_030000.WAV,Telephone Field,recover-20221013,001,1795
634.2135,634.2487,68437,80858,Rhinolophus ferrumequinum,0.024,0.024,-1,Echolocation,/mnt/ubna_data_02_mir/recover-20221013/UBNA_001/20221012_030000.WAV,Telephone Field,recover-20221013,001,1795
634.2185,634.2263,28046,40449,Eptesicus serotinus,0.008,0.022,-1,Echolocation,/mnt/ubna_data_02_mir/recover-20221013/UBNA_001/20221012_030000.WAV,Telephone Field,recover-20221013,001,1795
634.2395,634.2806,68437,82160,Rhinolophus ferrumequinum,0.023,0.023,-1,Echolocation,/mnt/ubna_data_02_mir/recover-20221013/UBNA_001/20221012_030000.WAV,Telephone Field,recover-20221013,001,1795
634.2435,634.2516,23750,31923,Plecotus austriacus,0.006,0.022,-1,Echolocation,/mnt/ubna_data_02_mir/recover-20221013/UBNA_001/20221012_030000.WAV,Telephone Field,recover-20221013,001,1795
634.2705,634.3095,68437,83107,Rhinolophus ferrumequinum,0.026,0.026,-1,Echolocation,/mnt/ubna_data_02_mir/recover-20221013/UBNA_001/20221012_030000.WAV,Telephone Field,recover-20221013,001,1795
634.2725,634.2819,24609,31105,Nyctalus leisleri,0.007,0.024,-1,Echolocation,/mnt/ubna_data_02_mir/recover-20221013/UBNA_001/20221012_030000.WAV,Telephone Field,recover-20221013,001,1795
634.3065,634.3473,68437,82509,Rhinolophus ferrumequinum,0.026,0.026,-1,Echolocation,/mnt/ubna_data_02_mir/recover-20221013/UBNA_001/20221012_030000.WAV,Telephone Field,recover-20221013,001,1795
634.3735,634.3822,28046,37502,Eptesicus serotinus,0.008,0.021,-1,Echolocation,/mnt/ubna_data_02_mir/recover-20221013/UBNA_001/20221012_030000.WAV,Telephone Field,recover-20221013,001,1795
634.3845,634.4228,68437,82165,Rhinolophus ferrumequinum,0.022,0.022,-1,Echolocation,/mnt/ubna_data_02_mir/recover-20221013/UBNA_001/20221012_030000.WAV,Telephone Field,recover-20221013,001,1795
634.3925,634.4304,68437,81929,Rhinolophus ferrumequinum,0.021,0.021,-1,Echolocation,/mnt/ubna_data_02_mir/recover-20221013/UBNA_001/20221012_030000.WAV,Telephone Field,recover-20221013,001,1795
634.4525,634.4918,68437,82550,Rhinolophus ferrumequinum,0.022,0.022,-1,Echolocation,/mnt/ubna_data_02_mir/recover-20221013/UBNA_001/20221012_030000.WAV,Telephone Field,recover-20221013,001,1795
634.4795,634.4879,27187,40627,Eptesicus serotinus,0.014,0.032,-1,Echolocation,/mnt/ubna_data_02_mir/recover-20221013/UBNA_001/20221012_030000.WAV,Telephone Field,recover-20221013,001,1795
634.4975,634.5406,68437,82923,Rhinolophus ferrumequinum,0.025,0.025,-1,Echolocation,/mnt/ubna_data_02_mir/recover-20221013/UBNA_001/20221012_030000.WAV,Telephone Field,recover-20221013,001,1795
634.5355,634.5707,68437,81182,Rhinolophus ferrumequinum,0.022,0.022,-1,Echolocation,/mnt/ubna_data_02_mir/recover-20221013/UBNA_001/20221012_030000.WAV,Telephone Field,recover-20221013,001,1795
634.5465,634.5545,25468,35065,Eptesicus serotinus,0.01,0.03,-1,Echolocation,/mnt/ubna_data_02_mir/recover-20221013/UBNA_001/20221012_030000.WAV,Telephone Field,recover-20221013,001,1795
634.5595,634.5967,68437,81590,Rhinolophus ferrumequinum,0.023,0.023,-1,Echolocation,/mnt/ubna_data_02_mir/recover-20221013/UBNA_001/20221012_030000.WAV,Telephone Field,recover-20221013,001,1795
634.5775,634.5851,25468,34327,Plecotus austriacus,0.006,0.022,-1,Echolocation,/mnt/ubna_data_02_mir/recover-20221013/UBNA_001/20221012_030000.WAV,Telephone Field,recover-20221013,001,1795
634.5835,634.6211,68437,82129,Rhinolophus ferrumequinum,0.023,0.023,-1,Echolocation,/mnt/ubna_data_02_mir/recover-20221013/UBNA_001/20221012_030000.WAV,Telephone Field,recover-20221013,001,1795
634.5905,634.6019,22031,26225,Nyctalus leisleri,0.011,0.021,-1,Echolocation,/mnt/ubna_data_02_mir/recover-20221013/UBNA_001/20221012_030000.WAV,Telephone Field,recover-20221013,001,1795
634.6075,634.6438,68437,80918,Rhinolophus ferrumequinum,0.024,0.024,-1,Echolocation,/mnt/ubna_data_02_mir/recover-20221013/UBNA_001/20221012_030000.WAV,Telephone Field,recover-20221013,001,1795
634.6395,634.6814,68437,82893,Rhinolophus ferrumequinum,0.031,0.031,-1,Echolocation,/mnt/ubna_data_02_mir/recover-20221013/UBNA_001/20221012_030000.WAV,Telephone Field,recover-20221013,001,1795
634.6525,634.6929,68437,83102,Rhinolophus ferrumequinum,0.027,0.027,-1,Echolocation,/mnt/ubna_data_02_mir/recover-20221013/UBNA_001/20221012_030000.WAV,Telephone Field,recover-20221013,001,1795
634.6555,634.666,28906,36180,Eptesicus serotinus,0.014,0.029,-1,Echolocation,/mnt/ubna_data_02_mir/recover-20221013/UBNA_001/20221012_030000.WAV,Telephone Field,recover-20221013,001,1795
634.6635,634.6749,27187,33862,Eptesicus serotinus,0.012,0.027,-1,Echolocation,/mnt/ubna_data_02_mir/recover-20221013/UBNA_001/20221012_030000.WAV,Telephone Field,recover-20221013,001,1795
634.6665,634.7059,68437,82160,Rhinolophus ferrumequinum,0.022,0.022,-1,Echolocation,/mnt/ubna_data_02_mir/recover-20221013/UBNA_001/20221012_030000.WAV,Telephone Field,recover-20221013,001,1795
634.6715,634.6825,22890,27505,Nyctalus leisleri,0.012,0.022,-1,Echolocation,/mnt/ubna_data_02_mir/recover-20221013/UBNA_001/20221012_030000.WAV,Telephone Field,recover-20221013,001,1795
634.6975,634.7059,26328,35675,Eptesicus serotinus,0.009,0.024,-1,Echolocation,/mnt/ubna_data_02_mir/recover-20221013/UBNA_001/20221012_030000.WAV,Telephone Field,recover-20221013,001,1795
634.7135,634.7256,28906,35586,Eptesicus serotinus,0.015,0.028,-1,Echolocation,/mnt/ubna_data_02_mir/recover-20221013/UBNA_001/20221012_030000.WAV,Telephone Field,recover-20221013,001,1795
634.7285,634.7425,51250,55659,Pipistrellus pipistrellus,0.022,0.031,-1,Echolocation,/mnt/ubna_data_02_mir/recover-20221013/UBNA_001/20221012_030000.WAV,Telephone Field,recover-20221013,001,1795
634.7355,634.7472,25468,31086,Nyctalus leisleri,0.011,0.027,-1,Echolocation,/mnt/ubna_data_02_mir/recover-20221013/UBNA_001/20221012_030000.WAV,Telephone Field,recover-20221013,001,1795
634.7985,634.8067,27187,36432,Eptesicus serotinus,0.012,0.029,-1,Echolocation,/mnt/ubna_data_02_mir/recover-20221013/UBNA_001/20221012_030000.WAV,Telephone Field,recover-20221013,001,1795
634.8145,634.8456,68437,79523,Rhinolophus ferrumequinum,0.023,0.023,-1,Echolocation,/mnt/ubna_data_02_mir/recover-20221013/UBNA_001/20221012_030000.WAV,Telephone Field,recover-20221013,001,1795
634.8285,634.8683,68437,82335,Rhinolophus ferrumequinum,0.021,0.022,-1,Echolocation,/mnt/ubna_data_02_mir/recover-20221013/UBNA_001/20221012_030000.WAV,Telephone Field,recover-20221013,001,1795
634.8325,634.8392,24609,34617,Plecotus austriacus,0.013,0.03,-1,Echolocation,/mnt/ubna_data_02_mir/recover-20221013/UBNA_001/20221012_030000.WAV,Telephone Field,recover-20221013,001,1795
634.8495,634.8564,28906,37986,Eptesicus serotinus,0.008,0.027,-1,Echolocation,/mnt/ubna_data_02_mir/recover-20221013/UBNA_001/20221012_030000.WAV,Telephone Field,recover-20221013,001,1795
634.8495,634.8556,23750,34337,Plecotus austriacus,0.013,0.029,-1,Echolocation,/mnt/ubna_data_02_mir/recover-20221013/UBNA_001/20221012_030000.WAV,Telephone Field,recover-20221013,001,1795
634.8635,634.9033,68437,82397,Rhinolophus ferrumequinum,0.025,0.025,-1,Echolocation,/mnt/ubna_data_02_mir/recover-20221013/UBNA_001/20221012_030000.WAV,Telephone Field,recover-20221013,001,1795
634.8765,634.9112,68437,80822,Rhinolophus ferrumequinum,0.021,0.021,-1,Echolocation,/mnt/ubna_data_02_mir/recover-20221013/UBNA_001/20221012_030000.WAV,Telephone Field,recover-20221013,001,1795
634.8955,634.9299,68437,81560,Rhinolophus ferrumequinum,0.023,0.023,-1,Echolocation,/mnt/ubna_data_02_mir/recover-20221013/UBNA_001/20221012_030000.WAV,Telephone Field,recover-20221013,001,1795
634.9235,634.9651,68437,83270,Rhinolophus ferrumequinum,0.034,0.034,-1,Echolocation,/mnt/ubna_data_02_mir/recover-20221013/UBNA_001/20221012_030000.WAV,Telephone Field,recover-20221013,001,1795
634.9435,634.9516,44375,53715,Pipistrellus pipistrellus,0.017,0.022,-1,Echolocation,/mnt/ubna_data_02_mir/recover-20221013/UBNA_001/20221012_030000.WAV,Telephone Field,recover-20221013,001,1795
634.9775,635.0164,68437,82161,Rhinolophus ferrumequinum,0.023,0.024,-1,Echolocation,/mnt/ubna_data_02_mir/recover-20221013/UBNA_001/20221012_030000.WAV,Telephone Field,recover-20221013,001,1795
634.9835,634.9918,28906,39712,Eptesicus serotinus,0.011,0.028,-1,Echolocation,/mnt/ubna_data_02_mir/recover-20221013/UBNA_001/20221012_030000.WAV,Telephone Field,recover-20221013,001,1795
635.0205,635.0589,68437,82732,Rhinolophus ferrumequinum,0.025,0.025,-1,Echolocation,/mnt/ubna_data_02_mir/recover-20221013/UBNA_001/20221012_030000.WAV,Telephone Field,recover-20221013,001,1795
635.0615,635.0985,68437,81558,Rhinolophus ferrumequinum,0.023,0.023,-1,Echolocation,/mnt/ubna_data_02_mir/recover-20221013/UBNA_001/20221012_030000.WAV,Telephone Field,recover-20221013,001,1795
635.0925,635.1024,22890,28268,Nyctalus leisleri,0.01,0.024,-1,Echolocation,/mnt/ubna_data_02_mir/recover-20221013/UBNA_001/20221012_030000.WAV,Telephone Field,recover-20221013,001,1795
635.1345,635.1731,68437,82247,Rhinolophus ferrumequinum,0.024,0.024,-1,Echolocation,/mnt/ubna_data_02_mir/recover-20221013/UBNA_001/20221012_030000.WAV,Telephone Field,recover-20221013,001,1795
635.1675,635.1977,68437,79601,Rhinolophus ferrumequinum,0.021,0.021,-1,Echolocation,/mnt/ubna_data_02_mir/recover-20221013/UBNA_001/20221012_030000.WAV,Telephone Field,recover-20221013,001,1795
635.2225,635.2302999999999,47812,56933,Pipistrellus pipistrellus,0.019,0.024,-1,Echolocation,/mnt/ubna_data_02_mir/recover-20221013/UBNA_001/20221012_030000.WAV,Telephone Field,recover-20221013,001,1795
635.2235,635.2616,68437,82642,Rhinolophus ferrumequinum,0.029,0.029,-1,Echolocation,/mnt/ubna_data_02_mir/recover-20221013/UBNA_001/20221012_030000.WAV,Telephone Field,recover-20221013,001,1795
635.2315,635.272,68437,81961,Rhinolophus ferrumequinum,0.026,0.026,-1,Echolocation,/mnt/ubna_data_02_mir/recover-20221013/UBNA_001/20221012_030000.WAV,Telephone Field,recover-20221013,001,1795
635.2825,635.2895,27187,39100,Eptesicus serotinus,0.006,0.022,-1,Echolocation,/mnt/ubna_data_02_mir/recover-20221013/UBNA_001/20221012_030000.WAV,Telephone Field,recover-20221013,001,1795
635.2945,635.3315,68437,81864,Rhinolophus ferrumequinum,0.021,0.021,-1,Echolocation,/mnt/ubna_data_02_mir/recover-20221013/UBNA_001/20221012_030000.WAV,Telephone Field,recover-20221013,001,1795
635.3315,635.343,14296,19650,Nyctalus noctula,0.014,0.026,-1,Echolocation,/mnt/ubna_data_02_mir/recover-20221013/UBNA_001/20221012_030000.WAV,Telephone Field,recover-20221013,001,1795
635.3425,635.3517,27187,35816,Eptesicus serotinus,0.008,0.022,-1,Echolocation,/mnt/ubna_data_02_mir/recover-20221013/UBNA_001/20221012_030000.WAV,Telephone Field,recover-20221013,001,1795
635.3755,635.412,68437,81507,Rhinolophus ferrumequinum,0.022,0.022,-1,Echolocation,/mnt/ubna_data_02_mir/recover-20221013/UBNA_001/20221012_030000.WAV,Telephone Field,recover-20221013,001,1795
635.3865,635.4261,68437,81780,Rhinolophus ferrumequinum,0.022,0.022,-1,Echolocation,/mnt/ubna_data_02_mir/recover-20221013/UBNA_001/20221012_030000.WAV,Telephone Field,recover-20221013,001,1795
635.3895,635.3982,28046,38857,Eptesicus serotinus,0.008,0.024,-1,Echolocation,/mnt/ubna_data_02_mir/recover-20221013/UBNA_001/20221012_030000.WAV,Telephone Field,recover-20221013,001,1795
635.4115,635.4221,23750,28998,Nyctalus leisleri,0.011,0.024,-1,Echolocation,/mnt/ubna_data_02_mir/recover-20221013/UBNA_001/20221012_030000.WAV,Telephone Field,recover-20221013,001,1795
635.4325,635.4745,68437,82859,Rhinolophus ferrumequinum,0.026,0.026,-1,Echolocation,/mnt/ubna_data_02_mir/recover-20221013/UBNA_001/20221012_030000.WAV,Telephone Field,recover-20221013,001,1795
635.4375,635.4512,15156,21024,Nyctalus noctula,0.016,0.024,-1,Echolocation,/mnt/ubna_data_02_mir/recover-20221013/UBNA_001/20221012_030000.WAV,Telephone Field,recover-20221013,001,1795
635.4475,635.4546,27187,41565,Eptesicus serotinus,0.007,0.022,-1,Echolocation,/mnt/ubna_data_02_mir/recover-20221013/UBNA_001/20221012_030000.WAV,Telephone Field,recover-20221013,001,1795
635.4605,635.5056,68437,83666,Rhinolophus ferrumequinum,0.038,0.038,-1,Echolocation,/mnt/ubna_data_02_mir/recover-20221013/UBNA_001/20221012_030000.WAV,Telephone Field,recover-20221013,001,1795
635.4895,635.4998,24609,31267,Nyctalus leisleri,0.009,0.026,-1,Echolocation,/mnt/ubna_data_02_mir/recover-20221013/UBNA_001/20221012_030000.WAV,Telephone Field,recover-20221013,001,1795
635.5115,635.5493,68437,82876,Rhinolophus ferrumequinum,0.029,0.029,-1,Echolocation,/mnt/ubna_data_02_mir/recover-20221013/UBNA_001/20221012_030000.WAV,Telephone Field,recover-20221013,001,1795
635.5325,635.5439,23750,29693,Nyctalus leisleri,0.012,0.028,-1,Echolocation,/mnt/ubna_data_02_mir/recover-20221013/UBNA_001/20221012_030000.WAV,Telephone Field,recover-20221013,001,1795
635.5525,635.5603,27187,37107,Eptesicus serotinus,0.011,0.026,-1,Echolocation,/mnt/ubna_data_02_mir/recover-20221013/UBNA_001/20221012_030000.WAV,Telephone Field,recover-20221013,001,1795
635.5855,635.6267,68437,82697,Rhinolophus ferrumequinum,0.026,0.026,-1,Echolocation,/mnt/ubna_data_02_mir/recover-20221013/UBNA_001/20221012_030000.WAV,Telephone Field,recover-20221013,001,1795
635.6115,635.6526,68437,82375,Rhinolophus ferrumequinum,0.029,0.029,-1,Echolocation,/mnt/ubna_data_02_mir/recover-20221013/UBNA_001/20221012_030000.WAV,Telephone Field,recover-20221013,001,1795
635.6305,635.6384,28906,38911,Eptesicus serotinus,0.008,0.023,-1,Echolocation,/mnt/ubna_data_02_mir/recover-20221013/UBNA_001/20221012_030000.WAV,Telephone Field,recover-20221013,001,1795
635.6415,635.6797,68437,81092,Rhinolophus ferrumequinum,0.03,0.03,-1,Echolocation,/mnt/ubna_data_02_mir/recover-20221013/UBNA_001/20221012_030000.WAV,Telephone Field,recover-20221013,001,1795
635.6895,635.6969,27187,40727,Eptesicus serotinus,0.006,0.021,-1,Echolocation,/mnt/ubna_data_02_mir/recover-20221013/UBNA_001/20221012_030000.WAV,Telephone Field,recover-20221013,001,1795
635.7075,635.7158,32343,41076,Myotis daubentonii,0.009,0.023,-1,Echolocation,/mnt/ubna_data_02_mir/recover-20221013/UBNA_001/20221012_030000.WAV,Telephone Field,recover-20221013,001,1795
635.7095,635.7491,68437,82629,Rhinolophus ferrumequinum,0.023,0.023,-1,Echolocation,/mnt/ubna_data_02_mir/recover-20221013/UBNA_001/20221012_030000.WAV,Telephone Field,recover-20221013,001,1795
635.7125,635.7204,28046,39758,Eptesicus serotinus,0.008,0.024,-1,Echolocation,/mnt/ubna_data_02_mir/recover-20221013/UBNA_001/20221012_030000.WAV,Telephone Field,recover-20221013,001,1795
635.7405,635.7747,68437,81600,Rhinolophus ferrumequinum,0.023,0.024,-1,Echolocation,/mnt/ubna_data_02_mir/recover-20221013/UBNA_001/20221012_030000.WAV,Telephone Field,recover-20221013,001,1795
635.7415,635.7507,28906,36922,Eptesicus serotinus,0.007,0.021,-1,Echolocation,/mnt/ubna_data_02_mir/recover-20221013/UBNA_001/20221012_030000.WAV,Telephone Field,recover-20221013,001,1795
635.7535,635.7897,68437,81748,Rhinolophus ferrumequinum,0.024,0.024,-1,Echolocation,/mnt/ubna_data_02_mir/recover-20221013/UBNA_001/20221012_030000.WAV,Telephone Field,recover-20221013,001,1795
635.9095,635.948,68437,82503,Rhinolophus ferrumequinum,0.022,0.022,-1,Echolocation,/mnt/ubna_data_02_mir/recover-20221013/UBNA_001/20221012_030000.WAV,Telephone Field,recover-20221013,001,1795
635.9165,635.924,28046,47277,Eptesicus serotinus,0.007,0.024,-1,Echolocation,/mnt/ubna_data_02_mir/recover-20221013/UBNA_001/20221012_030000.WAV,Telephone Field,recover-20221013,001,1795
635.9245,635.9351,22031,25859,Nyctalus leisleri,0.013,0.022,-1,Echolocation,/mnt/ubna_data_02_mir/recover-20221013/UBNA_001/20221012_030000.WAV,Telephone Field,recover-20221013,001,1795
635.9345,635.9718,68437,81698,Rhinolophus ferrumequinum,0.021,0.021,-1,Echolocation,/mnt/ubna_data_02_mir/recover-20221013/UBNA_001/20221012_030000.WAV,Telephone Field,recover-20221013,001,1795
636.0015,636.009,20312,26523,Plecotus austriacus,0.009,0.026,-1,Echolocation,/mnt/ubna_data_02_mir/recover-20221013/UBNA_001/20221012_030000.WAV,Telephone Field,recover-20221013,001,1795
636.0015,636.0103,48671,55011,Pipistrellus pipistrellus,0.017,0.022,-1,Echolocation,/mnt/ubna_data_02_mir/recover-20221013/UBNA_001/20221012_030000.WAV,Telephone Field,recover-20221013,001,1795
636.0015,636.0326,69296,81076,Rhinolophus ferrumequinum,0.028,0.028,-1,Echolocation,/mnt/ubna_data_02_mir/recover-20221013/UBNA_001/20221012_030000.WAV,Telephone Field,recover-20221013,001,1795
636.0155,636.0577,68437,83654,Rhinolophus ferrumequinum,0.028,0.028,-1,Echolocation,/mnt/ubna_data_02_mir/recover-20221013/UBNA_001/20221012_030000.WAV,Telephone Field,recover-20221013,001,1795
636.0635,636.1046,68437,82279,Rhinolophus ferrumequinum,0.027,0.027,-1,Echolocation,/mnt/ubna_data_02_mir/recover-20221013/UBNA_001/20221012_030000.WAV,Telephone Field,recover-20221013,001,1795
636.1075,636.1473,68437,81881,Rhinolophus ferrumequinum,0.022,0.022,-1,Echolocation,/mnt/ubna_data_02_mir/recover-20221013/UBNA_001/20221012_030000.WAV,Telephone Field,recover-20221013,001,1795
636.1145,636.1244,22890,28842,Nyctalus leisleri,0.009,0.024,-1,Echolocation,/mnt/ubna_data_02_mir/recover-20221013/UBNA_001/20221012_030000.WAV,Telephone Field,recover-20221013,001,1795
636.1485,636.1889,68437,82662,Rhinolophus ferrumequinum,0.024,0.024,-1,Echolocation,/mnt/ubna_data_02_mir/recover-20221013/UBNA_001/20221012_030000.WAV,Telephone Field,recover-20221013,001,1795
636.1565,636.17,35781,40707,Pipistrellus nathusii,0.012,0.03,-1,Echolocation,/mnt/ubna_data_02_mir/recover-20221013/UBNA_001/20221012_030000.WAV,Telephone Field,recover-20221013,001,1795
636.2225,636.2602,68437,81980,Rhinolophus ferrumequinum,0.023,0.023,-1,Echolocation,/mnt/ubna_data_02_mir/recover-20221013/UBNA_001/20221012_030000.WAV,Telephone Field,recover-20221013,001,1795
636.2525,636.2899,68437,82332,Rhinolophus ferrumequinum,0.025,0.025,-1,Echolocation,/mnt/ubna_data_02_mir/recover-20221013/UBNA_001/20221012_030000.WAV,Telephone Field,recover-20221013,001,1795
636.2905,636.3306,68437,82582,Rhinolophus ferrumequinum,0.024,0.024,-1,Echolocation,/mnt/ubna_data_02_mir/recover-20221013/UBNA_001/20221012_030000.WAV,Telephone Field,recover-20221013,001,1795
636.2995,636.3103,22031,26336,Nyctalus leisleri,0.011,0.021,-1,Echolocation,/mnt/ubna_data_02_mir/recover-20221013/UBNA_001/20221012_030000.WAV,Telephone Field,recover-20221013,001,1795
636.3165,636.3248,28906,42073,Eptesicus serotinus,0.007,0.021,-1,Echolocation,/mnt/ubna_data_02_mir/recover-20221013/UBNA_001/20221012_030000.WAV,Telephone Field,recover-20221013,001,1795
636.3305,636.3688,68437,82419,Rhinolophus ferrumequinum,0.026,0.026,-1,Echolocation,/mnt/ubna_data_02_mir/recover-20221013/UBNA_001/20221012_030000.WAV,Telephone Field,recover-20221013,001,1795
636.3835,636.3949,23750,29422,Nyctalus leisleri,0.012,0.026,-1,Echolocation,/mnt/ubna_data_02_mir/recover-20221013/UBNA_001/20221012_030000.WAV,Telephone Field,recover-20221013,001,1795
636.4235,636.4622,68437,82162,Rhinolophus ferrumequinum,0.022,0.022,-1,Echolocation,/mnt/ubna_data_02_mir/recover-20221013/UBNA_001/20221012_030000.WAV,Telephone Field,recover-20221013,001,1795
636.4575,636.4969,68437,82409,Rhinolophus ferrumequinum,0.023,0.023,-1,Echolocation,/mnt/ubna_data_02_mir/recover-20221013/UBNA_001/20221012_030000.WAV,Telephone Field,recover-20221013,001,1795
636.4865,636.5289,68437,83208,Rhinolophus ferrumequinum,0.032,0.032,-1,Echolocation,/mnt/ubna_data_02_mir/recover-20221013/UBNA_001/20221012_030000.WAV,Telephone Field,recover-20221013,001,1795
636.4905,636.4977,28046,40857,Eptesicus serotinus,0.006,0.022,-1,Echolocation,/mnt/ubna_data_02_mir/recover-20221013/UBNA_001/20221012_030000.WAV,Telephone Field,recover-20221013,001,1795
636.5085,636.5179,22031,28363,Plecotus austriacus,0.008,0.022,-1,Echolocation,/mnt/ubna_data_02_mir/recover-20221013/UBNA_001/20221012_030000.WAV,Telephone Field,recover-20221013,001,1795
636.5105,636.5482,68437,81511,Rhinolophus ferrumequinum,0.022,0.022,-1,Echolocation,/mnt/ubna_data_02_mir/recover-20221013/UBNA_001/20221012_030000.WAV,Telephone Field,recover-20221013,001,1795
636.5185,636.5279,27187,35183,Eptesicus serotinus,0.01,0.022,-1,Echolocation,/mnt/ubna_data_02_mir/recover-20221013/UBNA_001/20221012_030000.WAV,Telephone Field,recover-20221013,001,1795
636.5375,636.5746,68437,81591,Rhinolophus ferrumequinum,0.022,0.022,-1,Echolocation,/mnt/ubna_data_02_mir/recover-20221013/UBNA_001/20221012_030000.WAV,Telephone Field,recover-20221013,001,1795
636.5385,636.5464,27187,39928,Eptesicus serotinus,0.016,0.049,-1,Echolocation,/mnt/ubna_data_02_mir/recover-20221013/UBNA_001/20221012_030000.WAV,Telephone Field,recover-20221013,001,1795
636.5595,636.5984,68437,81970,Rhinolophus ferrumequinum,0.021,0.021,-1,Echolocation,/mnt/ubna_data_02_mir/recover-20221013/UBNA_001/20221012_030000.WAV,Telephone Field,recover-20221013,001,1795
636.5715,636.5851,12578,16050,Nyctalus leisleri,0.017,0.03,-1,Echolocation,/mnt/ubna_data_02_mir/recover-20221013/UBNA_001/20221012_030000.WAV,Telephone Field,recover-20221013,001,1795
636.5835,636.6217,68437,82284,Rhinolophus ferrumequinum,0.021,0.021,-1,Echolocation,/mnt/ubna_data_02_mir/recover-20221013/UBNA_001/20221012_030000.WAV,Telephone Field,recover-20221013,001,1795
636.6075,636.6482,68437,82325,Rhinolophus ferrumequinum,0.022,0.022,-1,Echolocation,/mnt/ubna_data_02_mir/recover-20221013/UBNA_001/20221012_030000.WAV,Telephone Field,recover-20221013,001,1795
636.6225,636.6599,68437,81445,Rhinolophus ferrumequinum,0.022,0.022,-1,Echolocation,/mnt/ubna_data_02_mir/recover-20221013/UBNA_001/20221012_030000.WAV,Telephone Field,recover-20221013,001,1795
636.6695,636.7084,68437,81605,Rhinolophus ferrumequinum,0.022,0.022,-1,Echolocation,/mnt/ubna_data_02_mir/recover-20221013/UBNA_001/20221012_030000.WAV,Telephone Field,recover-20221013,001,1795
636.6775,636.6854,27187,37128,Eptesicus serotinus,0.008,0.022,-1,Echolocation,/mnt/ubna_data_02_mir/recover-20221013/UBNA_001/20221012_030000.WAV,Telephone Field,recover-20221013,001,1795
636.6895,636.6996,22890,29387,Nyctalus leisleri,0.008,0.022,-1,Echolocation,/mnt/ubna_data_02_mir/recover-20221013/UBNA_001/20221012_030000.WAV,Telephone Field,recover-20221013,001,1795
636.7005,636.7419,68437,83067,Rhinolophus ferrumequinum,0.026,0.026,-1,Echolocation,/mnt/ubna_data_02_mir/recover-20221013/UBNA_001/20221012_030000.WAV,Telephone Field,recover-20221013,001,1795
636.7045,636.7123,22890,30890,Plecotus austriacus,0.012,0.024,-1,Echolocation,/mnt/ubna_data_02_mir/recover-20221013/UBNA_001/20221012_030000.WAV,Telephone Field,recover-20221013,001,1795
636.7145,636.7543,68437,82603,Rhinolophus ferrumequinum,0.025,0.025,-1,Echolocation,/mnt/ubna_data_02_mir/recover-20221013/UBNA_001/20221012_030000.WAV,Telephone Field,recover-20221013,001,1795
636.7215,636.7624,68437,82752,Rhinolophus ferrumequinum,0.022,0.022,-1,Echolocation,/mnt/ubna_data_02_mir/recover-20221013/UBNA_001/20221012_030000.WAV,Telephone Field,recover-20221013,001,1795
636.7295,636.7663,68437,82194,Rhinolophus ferrumequinum,0.022,0.022,-1,Echolocation,/mnt/ubna_data_02_mir/recover-20221013/UBNA_001/20221012_030000.WAV,Telephone Field,recover-20221013,001,1795
636.7495,636.7905,68437,82477,Rhinolophus ferrumequinum,0.029,0.029,-1,Echolocation,/mnt/ubna_data_02_mir/recover-20221013/UBNA_001/20221012_030000.WAV,Telephone Field,recover-20221013,001,1795
636.7505,636.7584,27187,40078,Eptesicus serotinus,0.008,0.025,-1,Echolocation,/mnt/ubna_data_02_mir/recover-20221013/UBNA_001/20221012_030000.WAV,Telephone Field,recover-20221013,001,1795
636.7675,636.7746,23750,31912,Plecotus austriacus,0.01,0.022,-1,Echolocation,/mnt/ubna_data_02_mir/recover-20221013/UBNA_001/20221012_030000.WAV,Telephone Field,recover-20221013,001,1795
636.7795,636.8183,68437,81917,Rhinolophus ferrumequinum,0.021,0.021,-1,Echolocation,/mnt/ubna_data_02_mir/recover-20221013/UBNA_001/20221012_030000.WAV,Telephone Field,recover-20221013,001,1795
636.8345,636.8724,68437,81776,Rhinolophus ferrumequinum,0.022,0.022,-1,Echolocation,/mnt/ubna_data_02_mir/recover-20221013/UBNA_001/20221012_030000.WAV,Telephone Field,recover-20221013,001,1795
636.8545,636.8951,68437,82379,Rhinolophus ferrumequinum,0.023,0.023,-1,Echolocation,/mnt/ubna_data_02_mir/recover-20221013/UBNA_001/20221012_030000.WAV,Telephone Field,recover-20221013,001,1795
636.8655,636.9035,68437,82043,Rhinolophus ferrumequinum,0.023,0.023,-1,Echolocation,/mnt/ubna_data_02_mir/recover-20221013/UBNA_001/20221012_030000.WAV,Telephone Field,recover-20221013,001,1795
636.9015,636.9464,68437,83636,Rhinolophus ferrumequinum,0.05,0.05,-1,Echolocation,/mnt/ubna_data_02_mir/recover-20221013/UBNA_001/20221012_030000.WAV,Telephone Field,recover-20221013,001,1795
636.9215,636.9639,68437,82569,Rhinolophus ferrumequinum,0.023,0.023,-1,Echolocation,/mnt/ubna_data_02_mir/recover-20221013/UBNA_001/20221012_030000.WAV,Telephone Field,recover-20221013,001,1795
636.9385,636.9778,68437,82486,Rhinolophus ferrumequinum,0.025,0.025,-1,Echolocation,/mnt/ubna_data_02_mir/recover-20221013/UBNA_001/20221012_030000.WAV,Telephone Field,recover-20221013,001,1795
636.9625,636.9725,28046,36100,Eptesicus serotinus,0.011,0.022,-1,Echolocation,/mnt/ubna_data_02_mir/recover-20221013/UBNA_001/20221012_030000.WAV,Telephone Field,recover-20221013,001,1795
637.0145,637.0212,26328,35590,Plecotus auritus,0.007,0.026,-1,Echolocation,/mnt/ubna_data_02_mir/recover-20221013/UBNA_001/20221012_030000.WAV,Telephone Field,recover-20221013,001,1795
637.0245,637.0305,47812,52023,Pipistrellus pipistrellus,0.02,0.021,-1,Echolocation,/mnt/ubna_data_02_mir/recover-20221013/UBNA_001/20221012_030000.WAV,Telephone Field,recover-20221013,001,1795
637.0425,637.051,28046,40395,Eptesicus serotinus,0.008,0.021,-1,Echolocation,/mnt/ubna_data_02_mir/recover-20221013/UBNA_001/20221012_030000.WAV,Telephone Field,recover-20221013,001,1795
637.0565,637.0945,68437,81493,Rhinolophus ferrumequinum,0.021,0.021,-1,Echolocation,/mnt/ubna_data_02_mir/recover-20221013/UBNA_001/20221012_030000.WAV,Telephone Field,recover-20221013,001,1795
637.0635,637.1038,68437,82401,Rhinolophus ferrumequinum,0.023,0.023,-1,Echolocation,/mnt/ubna_data_02_mir/recover-20221013/UBNA_001/20221012_030000.WAV,Telephone Field,recover-20221013,001,1795
637.0845,637.1219,68437,81662,Rhinolophus ferrumequinum,0.027,0.027,-1,Echolocation,/mnt/ubna_data_02_mir/recover-20221013/UBNA_001/20221012_030000.WAV,Telephone Field,recover-20221013,001,1795
637.1095,637.1482,68437,82203,Rhinolophus ferrumequinum,0.025,0.025,-1,Echolocation,/mnt/ubna_data_02_mir/recover-20221013/UBNA_001/20221012_030000.WAV,Telephone Field,recover-20221013,001,1795
637.1315,637.1717,68437,82389,Rhinolophus ferrumequinum,0.024,0.024,-1,Echolocation,/mnt/ubna_data_02_mir/recover-20221013/UBNA_001/20221012_030000.WAV,Telephone Field,recover-20221013,001,1795
637.1475,637.1583,23750,29487,Nyctalus leisleri,0.01,0.024,-1,Echolocation,/mnt/ubna_data_02_mir/recover-20221013/UBNA_001/20221012_030000.WAV,Telephone Field,recover-20221013,001,1795
637.1555,637.1641,26328,35245,Eptesicus serotinus,0.008,0.022,-1,Echolocation,/mnt/ubna_data_02_mir/recover-20221013/UBNA_001/20221012_030000.WAV,Telephone Field,recover-20221013,001,1795
637.2365,637.2746,68437,81517,Rhinolophus ferrumequinum,0.026,0.027,-1,Echolocation,/mnt/ubna_data_02_mir/recover-20221013/UBNA_001/20221012_030000.WAV,Telephone Field,recover-20221013,001,1795
637.2465,637.2862,68437,82222,Rhinolophus ferrumequinum,0.022,0.022,-1,Echolocation,/mnt/ubna_data_02_mir/recover-20221013/UBNA_001/20221012_030000.WAV,Telephone Field,recover-20221013,001,1795
637.2715,637.3094,68437,82426,Rhinolophus ferrumequinum,0.024,0.024,-1,Echolocation,/mnt/ubna_data_02_mir/recover-20221013/UBNA_001/20221012_030000.WAV,Telephone Field,recover-20221013,001,1795
637.2815,637.3212,68437,81977,Rhinolophus ferrumequinum,0.021,0.021,-1,Echolocation,/mnt/ubna_data_02_mir/recover-20221013/UBNA_001/20221012_030000.WAV,Telephone Field,recover-20221013,001,1795
637.3175,637.336,20312,23980,Nyctalus leisleri,0.011,0.023,-1,Echolocation,/mnt/ubna_data_02_mir/recover-20221013/UBNA_001/20221012_030000.WAV,Telephone Field,recover-20221013,001,1795
637.3425,637.3537,22031,26529,Nyctalus leisleri,0.013,0.024,-1,Echolocation,/mnt/ubna_data_02_mir/recover-20221013/UBNA_001/20221012_030000.WAV,Telephone Field,recover-20221013,001,1795
637.3485,637.3914,68437,83415,Rhinolophus ferrumequinum,0.028,0.028,-1,Echolocation,/mnt/ubna_data_02_mir/recover-20221013/UBNA_001/20221012_030000.WAV,Telephone Field,recover-20221013,001,1795
637.3635,637.4017,68437,81908,Rhinolophus ferrumequinum,0.021,0.021,-1,Echolocation,/mnt/ubna_data_02_mir/recover-20221013/UBNA_001/20221012_030000.WAV,Telephone Field,recover-20221013,001,1795
637.3915,637.4284,68437,81794,Rhinolophus ferrumequinum,0.021,0.021,-1,Echolocation,/mnt/ubna_data_02_mir/recover-20221013/UBNA_001/20221012_030000.WAV,Telephone Field,recover-20221013,001,1795
637.4135,637.4213,26328,35900,Eptesicus serotinus,0.007,0.021,-1,Echolocation,/mnt/ubna_data_02_mir/recover-20221013/UBNA_001/20221012_030000.WAV,Telephone Field,recover-20221013,001,1795
637.4225,637.4566,68437,81129,Rhinolophus ferrumequinum,0.022,0.022,-1,Echolocation,/mnt/ubna_data_02_mir/recover-20221013/UBNA_001/20221012_030000.WAV,Telephone Field,recover-20221013,001,1795
637.4235,637.4351,29765,36799,Eptesicus serotinus,0.012,0.024,-1,Echolocation,/mnt/ubna_data_02_mir/recover-20221013/UBNA_001/20221012_030000.WAV,Telephone Field,recover-20221013,001,1795
637.4475,637.4885,68437,82564,Rhinolophus ferrumequinum,0.03,0.03,-1,Echolocation,/mnt/ubna_data_02_mir/recover-20221013/UBNA_001/20221012_030000.WAV,Telephone Field,recover-20221013,001,1795
637.4855,637.4985,50390,55756,Pipistrellus pipistrellus,0.028,0.036,-1,Echolocation,/mnt/ubna_data_02_mir/recover-20221013/UBNA_001/20221012_030000.WAV,Telephone Field,recover-20221013,001,1795
637.4915,637.5321,68437,82619,Rhinolophus ferrumequinum,0.021,0.021,-1,Echolocation,/mnt/ubna_data_02_mir/recover-20221013/UBNA_001/20221012_030000.WAV,Telephone Field,recover-20221013,001,1795
637.5095,637.5547,68437,83921,Rhinolophus ferrumequinum,0.044,0.044,-1,Echolocation,/mnt/ubna_data_02_mir/recover-20221013/UBNA_001/20221012_030000.WAV,Telephone Field,recover-20221013,001,1795
637.5295,637.5429,22031,25876,Nyctalus leisleri,0.016,0.027,-1,Echolocation,/mnt/ubna_data_02_mir/recover-20221013/UBNA_001/20221012_030000.WAV,Telephone Field,recover-20221013,001,1795
637.5405,637.5501,50390,54625,Pipistrellus pipistrellus,0.022,0.03,-1,Echolocation,/mnt/ubna_data_02_mir/recover-20221013/UBNA_001/20221012_030000.WAV,Telephone Field,recover-20221013,001,1795
637.5485,637.5869,68437,81972,Rhinolophus ferrumequinum,0.036,0.036,-1,Echolocation,/mnt/ubna_data_02_mir/recover-20221013/UBNA_001/20221012_030000.WAV,Telephone Field,recover-20221013,001,1795
637.5665,637.6082,68437,82740,Rhinolophus ferrumequinum,0.021,0.021,-1,Echolocation,/mnt/ubna_data_02_mir/recover-20221013/UBNA_001/20221012_030000.WAV,Telephone Field,recover-20221013,001,1795
637.6045,637.6469,68437,82964,Rhinolophus ferrumequinum,0.034,0.034,-1,Echolocation,/mnt/ubna_data_02_mir/recover-20221013/UBNA_001/20221012_030000.WAV,Telephone Field,recover-20221013,001,1795
637.6195,637.6279,28046,36899,Eptesicus serotinus,0.007,0.021,-1,Echolocation,/mnt/ubna_data_02_mir/recover-20221013/UBNA_001/20221012_030000.WAV,Telephone Field,recover-20221013,001,1795
637.6285,637.6668,68437,82885,Rhinolophus ferrumequinum,0.024,0.024,-1,Echolocation,/mnt/ubna_data_02_mir/recover-20221013/UBNA_001/20221012_030000.WAV,Telephone Field,recover-20221013,001,1795
637.6475,637.6563,28046,38469,Eptesicus serotinus,0.013,0.028,-1,Echolocation,/mnt/ubna_data_02_mir/recover-20221013/UBNA_001/20221012_030000.WAV,Telephone Field,recover-20221013,001,1795
637.6775,637.689,28906,35810,Eptesicus serotinus,0.02,0.034,-1,Echolocation,/mnt/ubna_data_02_mir/recover-20221013/UBNA_001/20221012_030000.WAV,Telephone Field,recover-20221013,001,1795
637.6835,637.7281,68437,83438,Rhinolophus ferrumequinum,0.052,0.052,-1,Echolocation,/mnt/ubna_data_02_mir/recover-20221013/UBNA_001/20221012_030000.WAV,Telephone Field,recover-20221013,001,1795
637.6875,637.6965,28906,38469,Eptesicus serotinus,0.01,0.028,-1,Echolocation,/mnt/ubna_data_02_mir/recover-20221013/UBNA_001/20221012_030000.WAV,Telephone Field,recover-20221013,001,1795
637.7095,637.7477,68437,82022,Rhinolophus ferrumequinum,0.023,0.023,-1,Echolocation,/mnt/ubna_data_02_mir/recover-20221013/UBNA_001/20221012_030000.WAV,Telephone Field,recover-20221013,001,1795
637.7175,637.7254,26328,35691,Eptesicus serotinus,0.007,0.023,-1,Echolocation,/mnt/ubna_data_02_mir/recover-20221013/UBNA_001/20221012_030000.WAV,Telephone Field,recover-20221013,001,1795
637.7305,637.7687,68437,81814,Rhinolophus ferrumequinum,0.021,0.021,-1,Echolocation,/mnt/ubna_data_02_mir/recover-20221013/UBNA_001/20221012_030000.WAV,Telephone Field,recover-20221013,001,1795
637.7415,637.7786,68437,81156,Rhinolophus ferrumequinum,0.021,0.021,-1,Echolocation,/mnt/ubna_data_02_mir/recover-20221013/UBNA_001/20221012_030000.WAV,Telephone Field,recover-20221013,001,1795
637.7685,637.8102,68437,82956,Rhinolophus ferrumequinum,0.027,0.027,-1,Echolocation,/mnt/ubna_data_02_mir/recover-20221013/UBNA_001/20221012_030000.WAV,Telephone Field,recover-20221013,001,1795
637.7765,637.8192,68437,82330,Rhinolophus ferrumequinum,0.028,0.028,-1,Echolocation,/mnt/ubna_data_02_mir/recover-20221013/UBNA_001/20221012_030000.WAV,Telephone Field,recover-20221013,001,1795
637.7855,637.7939,28046,37562,Eptesicus serotinus,0.008,0.023,-1,Echolocation,/mnt/ubna_data_02_mir/recover-20221013/UBNA_001/20221012_030000.WAV,Telephone Field,recover-20221013,001,1795
637.8055,637.8164,22031,26367,Nyctalus leisleri,0.012,0.023,-1,Echolocation,/mnt/ubna_data_02_mir/recover-20221013/UBNA_001/20221012_030000.WAV,Telephone Field,recover-20221013,001,1795
637.8235,637.8628,68437,82345,Rhinolophus ferrumequinum,0.028,0.028,-1,Echolocation,/mnt/ubna_data_02_mir/recover-20221013/UBNA_001/20221012_030000.WAV,Telephone Field,recover-20221013,001,1795
637.8285,637.8363,27187,36604,Eptesicus serotinus,0.013,0.036,-1,Echolocation,/mnt/ubna_data_02_mir/recover-20221013/UBNA_001/20221012_030000.WAV,Telephone Field,recover-20221013,001,1795
637.8815,637.9208,68437,82157,Rhinolophus ferrumequinum,0.022,0.022,-1,Echolocation,/mnt/ubna_data_02_mir/recover-20221013/UBNA_001/20221012_030000.WAV,Telephone Field,recover-20221013,001,1795
637.9155,637.9579,68437,83615,Rhinolophus ferrumequinum,0.043,0.043,-1,Echolocation,/mnt/ubna_data_02_mir/recover-20221013/UBNA_001/20221012_030000.WAV,Telephone Field,recover-20221013,001,1795
637.9275,637.9704,68437,82998,Rhinolophus ferrumequinum,0.026,0.026,-1,Echolocation,/mnt/ubna_data_02_mir/recover-20221013/UBNA_001/20221012_030000.WAV,Telephone Field,recover-20221013,001,1795
637.9595,637.9671,28046,37751,Eptesicus serotinus,0.007,0.022,-1,Echolocation,/mnt/ubna_data_02_mir/recover-20221013/UBNA_001/20221012_030000.WAV,Telephone Field,recover-20221013,001,1795
638.0015,638.0109,31484,38799,Eptesicus serotinus,0.015,0.039,-1,Echolocation,/mnt/ubna_data_02_mir/recover-20221013/UBNA_001/20221012_030000.WAV,Telephone Field,recover-20221013,001,1795
638.0015,638.0309,68437,79297,Rhinolophus ferrumequinum,0.029,0.03,-1,Echolocation,/mnt/ubna_data_02_mir/recover-20221013/UBNA_001/20221012_030000.WAV,Telephone Field,recover-20221013,001,1795
638.0015,638.0098,26328,39438,Eptesicus serotinus,0.008,0.033,-1,Echolocation,/mnt/ubna_data_02_mir/recover-20221013/UBNA_001/20221012_030000.WAV,Telephone Field,recover-20221013,001,1795
638.0015,638.0116,47812,53338,Pipistrellus pipistrellus,0.019,0.023,-1,Echolocation,/mnt/ubna_data_02_mir/recover-20221013/UBNA_001/20221012_030000.WAV,Telephone Field,recover-20221013,001,1795
638.0475,638.0926,68437,83596,Rhinolophus ferrumequinum,0.039,0.039,-1,Echolocation,/mnt/ubna_data_02_mir/recover-20221013/UBNA_001/20221012_030000.WAV,Telephone Field,recover-20221013,001,1795
638.0925,638.1327,68437,82240,Rhinolophus ferrumequinum,0.031,0.031,-1,Echolocation,/mnt/ubna_data_02_mir/recover-20221013/UBNA_001/20221012_030000.WAV,Telephone Field,recover-20221013,001,1795
638.1155,638.1237,28046,36928,Eptesicus serotinus,0.009,0.022,-1,Echolocation,/mnt/ubna_data_02_mir/recover-20221013/UBNA_001/20221012_030000.WAV,Telephone Field,recover-20221013,001,1795
638.1265,638.1378,23750,29557,Nyctalus leisleri,0.01,0.024,-1,Echolocation,/mnt/ubna_data_02_mir/recover-20221013/UBNA_001/20221012_030000.WAV,Telephone Field,recover-20221013,001,1795
638.1565,638.1681,28046,33948,Eptesicus serotinus,0.014,0.027,-1,Echolocation,/mnt/ubna_data_02_mir/recover-20221013/UBNA_001/20221012_030000.WAV,Telephone Field,recover-20221013,001,1795
638.1595,638.2023,68437,82942,Rhinolophus ferrumequinum,0.025,0.025,-1,Echolocation,/mnt/ubna_data_02_mir/recover-20221013/UBNA_001/20221012_030000.WAV,Telephone Field,recover-20221013,001,1795
638.1815,638.2173,68437,82146,Rhinolophus ferrumequinum,0.022,0.022,-1,Echolocation,/mnt/ubna_data_02_mir/recover-20221013/UBNA_001/20221012_030000.WAV,Telephone Field,recover-20221013,001,1795
638.2035,638.2436,68437,82472,Rhinolophus ferrumequinum,0.022,0.022,-1,Echolocation,/mnt/ubna_data_02_mir/recover-20221013/UBNA_001/20221012_030000.WAV,Telephone Field,recover-20221013,001,1795
638.2095,638.2197,27187,34982,Eptesicus serotinus,0.012,0.025,-1,Echolocation,/mnt/ubna_data_02_mir/recover-20221013/UBNA_001/20221012_030000.WAV,Telephone Field,recover-20221013,001,1795
638.2505,638.2893,68437,82505,Rhinolophus ferrumequinum,0.024,0.024,-1,Echolocation,/mnt/ubna_data_02_mir/recover-20221013/UBNA_001/20221012_030000.WAV,Telephone Field,recover-20221013,001,1795
638.2535,638.2619,28046,38302,Eptesicus serotinus,0.008,0.022,-1,Echolocation,/mnt/ubna_data_02_mir/recover-20221013/UBNA_001/20221012_030000.WAV,Telephone Field,recover-20221013,001,1795
638.3025,638.3123,22031,27130,Nyctalus leisleri,0.009,0.022,-1,Echolocation,/mnt/ubna_data_02_mir/recover-20221013/UBNA_001/20221012_030000.WAV,Telephone Field,recover-20221013,001,1795
638.3085,638.3461,68437,81988,Rhinolophus ferrumequinum,0.029,0.029,-1,Echolocation,/mnt/ubna_data_02_mir/recover-20221013/UBNA_001/20221012_030000.WAV,Telephone Field,recover-20221013,001,1795
638.3245,638.3617,68437,81902,Rhinolophus ferrumequinum,0.022,0.022,-1,Echolocation,/mnt/ubna_data_02_mir/recover-20221013/UBNA_001/20221012_030000.WAV,Telephone Field,recover-20221013,001,1795
638.3455,638.3848,68437,82034,Rhinolophus ferrumequinum,0.022,0.022,-1,Echolocation,/mnt/ubna_data_02_mir/recover-20221013/UBNA_001/20221012_030000.WAV,Telephone Field,recover-20221013,001,1795
638.3485,638.357,28046,37882,Eptesicus serotinus,0.013,0.028,-1,Echolocation,/mnt/ubna_data_02_mir/recover-20221013/UBNA_001/20221012_030000.WAV,Telephone Field,recover-20221013,001,1795
638.3615,638.3948,68437,81371,Rhinolophus ferrumequinum,0.022,0.022,-1,Echolocation,/mnt/ubna_data_02_mir/recover-20221013/UBNA_001/20221012_030000.WAV,Telephone Field,recover-20221013,001,1795
638.3675,638.3792,26328,32495,Eptesicus serotinus,0.013,0.026,-1,Echolocation,/mnt/ubna_data_02_mir/recover-20221013/UBNA_001/20221012_030000.WAV,Telephone Field,recover-20221013,001,1795
638.3785,638.4146,68437,82040,Rhinolophus ferrumequinum,0.022,0.022,-1,Echolocation,/mnt/ubna_data_02_mir/recover-20221013/UBNA_001/20221012_030000.WAV,Telephone Field,recover-20221013,001,1795
638.4005,638.4108,22031,26945,Nyctalus leisleri,0.01,0.022,-1,Echolocation,/mnt/ubna_data_02_mir/recover-20221013/UBNA_001/20221012_030000.WAV,Telephone Field,recover-20221013,001,1795
638.4255,638.4663,68437,82444,Rhinolophus ferrumequinum,0.023,0.023,-1,Echolocation,/mnt/ubna_data_02_mir/recover-20221013/UBNA_001/20221012_030000.WAV,Telephone Field,recover-20221013,001,1795
638.4305,638.44,28906,39944,Eptesicus serotinus,0.009,0.022,-1,Echolocation,/mnt/ubna_data_02_mir/recover-20221013/UBNA_001/20221012_030000.WAV,Telephone Field,recover-20221013,001,1795
638.4535,638.4943,68437,83024,Rhinolophus ferrumequinum,0.032,0.032,-1,Echolocation,/mnt/ubna_data_02_mir/recover-20221013/UBNA_001/20221012_030000.WAV,Telephone Field,recover-20221013,001,1795
638.4895,638.5272,68437,82286,Rhinolophus ferrumequinum,0.025,0.025,-1,Echolocation,/mnt/ubna_data_02_mir/recover-20221013/UBNA_001/20221012_030000.WAV,Telephone Field,recover-20221013,001,1795
638.4975,638.5046,46953,54234,Pipistrellus pipistrellus,0.02,0.022,-1,Echolocation,/mnt/ubna_data_02_mir/recover-20221013/UBNA_001/20221012_030000.WAV,Telephone Field,recover-20221013,001,1795
638.5355,638.5718,68437,82167,Rhinolophus ferrumequinum,0.022,0.022,-1,Echolocation,/mnt/ubna_data_02_mir/recover-20221013/UBNA_001/20221012_030000.WAV,Telephone Field,recover-20221013,001,1795
638.5445,638.5618,19453,22809,Nyctalus leisleri,0.014,0.025,-1,Echolocation,/mnt/ubna_data_02_mir/recover-20221013/UBNA_001/20221012_030000.WAV,Telephone Field,recover-20221013,001,1795
638.5895,638.6302,68437,82876,Rhinolophus ferrumequinum,0.023,0.023,-1,Echolocation,/mnt/ubna_data_02_mir/recover-20221013/UBNA_001/20221012_030000.WAV,Telephone Field,recover-20221013,001,1795
638.5935,638.6055,22031,27427,Nyctalus leisleri,0.012,0.026,-1,Echolocation,/mnt/ubna_data_02_mir/recover-20221013/UBNA_001/20221012_030000.WAV,Telephone Field,recover-20221013,001,1795
638.6085,638.6488,68437,82819,Rhinolophus ferrumequinum,0.025,0.025,-1,Echolocation,/mnt/ubna_data_02_mir/recover-20221013/UBNA_001/20221012_030000.WAV,Telephone Field,recover-20221013,001,1795
638.6745,638.7145,68437,82592,Rhinolophus ferrumequinum,0.023,0.023,-1,Echolocation,/mnt/ubna_data_02_mir/recover-20221013/UBNA_001/20221012_030000.WAV,Telephone Field,recover-20221013,001,1795
638.6805,638.7208,68437,82705,Rhinolophus ferrumequinum,0.023,0.023,-1,Echolocation,/mnt/ubna_data_02_mir/recover-20221013/UBNA_001/20221012_030000.WAV,Telephone Field,recover-20221013,001,1795
638.6865,638.695,28046,41718,Eptesicus serotinus,0.008,0.022,-1,Echolocation,/mnt/ubna_data_02_mir/recover-20221013/UBNA_001/20221012_030000.WAV,Telephone Field,recover-20221013,001,1795
638.7085,638.7464,68437,82481,Rhinolophus ferrumequinum,0.025,0.025,-1,Echolocation,/mnt/ubna_data_02_mir/recover-20221013/UBNA_001/20221012_030000.WAV,Telephone Field,recover-20221013,001,1795
638.7525,638.7892,68437,81827,Rhinolophus ferrumequinum,0.025,0.025,-1,Echolocation,/mnt/ubna_data_02_mir/recover-20221013/UBNA_001/20221012_030000.WAV,Telephone Field,recover-20221013,001,1795
638.7545,638.7645,28906,38885,Eptesicus serotinus,0.009,0.023,-1,Echolocation,/mnt/ubna_data_02_mir/recover-20221013/UBNA_001/20221012_030000.WAV,Telephone Field,recover-20221013,001,1795
638.7645,638.7757,28906,36063,Eptesicus serotinus,0.012,0.025,-1,Echolocation,/mnt/ubna_data_02_mir/recover-20221013/UBNA_001/20221012_030000.WAV,Telephone Field,recover-20221013,001,1795
638.7755,638.7866,26328,32493,Eptesicus serotinus,0.01,0.023,-1,Echolocation,/mnt/ubna_data_02_mir/recover-20221013/UBNA_001/20221012_030000.WAV,Telephone Field,recover-20221013,001,1795
638.7835,638.8229,68437,81560,Rhinolophus ferrumequinum,0.022,0.022,-1,Echolocation,/mnt/ubna_data_02_mir/recover-20221013/UBNA_001/20221012_030000.WAV,Telephone Field,recover-20221013,001,1795
638.8145,638.8537,68437,82826,Rhinolophus ferrumequinum,0.027,0.027,-1,Echolocation,/mnt/ubna_data_02_mir/recover-20221013/UBNA_001/20221012_030000.WAV,Telephone Field,recover-20221013,001,1795
638.9165,638.9577,68437,82887,Rhinolophus ferrumequinum,0.025,0.025,-1,Echolocation,/mnt/ubna_data_02_mir/recover-20221013/UBNA_001/20221012_030000.WAV,Telephone Field,recover-20221013,001,1795
638.9255,638.9673,68437,82758,Rhinolophus ferrumequinum,0.022,0.022,-1,Echolocation,/mnt/ubna_data_02_mir/recover-20221013/UBNA_001/20221012_030000.WAV,Telephone Field,recover-20221013,001,1795
638.9675,639.0059,68437,81497,Rhinolophus ferrumequinum,0.022,0.023,-1,Echolocation,/mnt/ubna_data_02_mir/recover-20221013/UBNA_001/20221012_030000.WAV,Telephone Field,recover-20221013,001,1795
639.0155,639.0533,68437,81736,Rhinolophus ferrumequinum,0.024,0.024,-1,Echolocation,/mnt/ubna_data_02_mir/recover-20221013/UBNA_001/20221012_030000.WAV,Telephone Field,recover-20221013,001,1795
639.0395,639.0795,68437,82775,Rhinolophus ferrumequinum,0.022,0.022,-1,Echolocation,/mnt/ubna_data_02_mir/recover-20221013/UBNA_001/20221012_030000.WAV,Telephone Field,recover-20221013,001,1795
639.1055,639.1415,68437,81418,Rhinolophus ferrumequinum,0.023,0.023,-1,Echolocation,/mnt/ubna_data_02_mir/recover-20221013/UBNA_001/20221012_030000.WAV,Telephone Field,recover-20221013,001,1795
639.1225,639.1607,68437,82393,Rhinolophus ferrumequinum,0.026,0.026,-1,Echolocation,/mnt/ubna_data_02_mir/recover-20221013/UBNA_001/20221012_030000.WAV,Telephone Field,recover-20221013,001,1795
639.1375,639.1764,68437,82092,Rhinolophus ferrumequinum,0.023,0.023,-1,Echolocation,/mnt/ubna_data_02_mir/recover-20221013/UBNA_001/20221012_030000.WAV,Telephone Field,recover-20221013,001,1795
639.1685,639.1767,26328,34866,Eptesicus serotinus,0.007,0.023,-1,Echolocation,/mnt/ubna_data_02_mir/recover-20221013/UBNA_001/20221012_030000.WAV,Telephone Field,recover-20221013,001,1795
639.1835,639.2178,68437,81189,Rhinolophus ferrumequinum,0.022,0.022,-1,Echolocation,/mnt/ubna_data_02_mir/recover-20221013/UBNA_001/20221012_030000.WAV,Telephone Field,recover-20221013,001,1795
639.2015,639.2367,68437,81390,Rhinolophus ferrumequinum,0.023,0.023,-1,Echolocation,/mnt/ubna_data_02_mir/recover-20221013/UBNA_001/20221012_030000.WAV,Telephone Field,recover-20221013,001,1795
639.2935,639.3321,68437,82194,Rhinolophus ferrumequinum,0.028,0.028,-1,Echolocation,/mnt/ubna_data_02_mir/recover-20221013/UBNA_001/20221012_030000.WAV,Telephone Field,recover-20221013,001,1795
639.3405,639.3817,68437,83014,Rhinolophus ferrumequinum,0.028,0.028,-1,Echolocation,/mnt/ubna_data_02_mir/recover-20221013/UBNA_001/20221012_030000.WAV,Telephone Field,recover-20221013,001,1795
639.3495,639.3894,68437,82142,Rhinolophus ferrumequinum,0.021,0.022,-1,Echolocation,/mnt/ubna_data_02_mir/recover-20221013/UBNA_001/20221012_030000.WAV,Telephone Field,recover-20221013,001,1795
639.3605,639.3678,23750,32997,Plecotus austriacus,0.015,0.031,-1,Echolocation,/mnt/ubna_data_02_mir/recover-20221013/UBNA_001/20221012_030000.WAV,Telephone Field,recover-20221013,001,1795
639.3645,639.4071,68437,83150,Rhinolophus ferrumequinum,0.032,0.032,-1,Echolocation,/mnt/ubna_data_02_mir/recover-20221013/UBNA_001/20221012_030000.WAV,Telephone Field,recover-20221013,001,1795
639.3795,639.3914,22890,27336,Nyctalus leisleri,0.012,0.023,-1,Echolocation,/mnt/ubna_data_02_mir/recover-20221013/UBNA_001/20221012_030000.WAV,Telephone Field,recover-20221013,001,1795
639.4185,639.427,26328,36000,Eptesicus serotinus,0.012,0.038,-1,Echolocation,/mnt/ubna_data_02_mir/recover-20221013/UBNA_001/20221012_030000.WAV,Telephone Field,recover-20221013,001,1795
639.4205,639.4574,68437,81739,Rhinolophus ferrumequinum,0.027,0.027,-1,Echolocation,/mnt/ubna_data_02_mir/recover-20221013/UBNA_001/20221012_030000.WAV,Telephone Field,recover-20221013,001,1795
639.6135,639.6534,68437,82210,Rhinolophus ferrumequinum,0.025,0.025,-1,Echolocation,/mnt/ubna_data_02_mir/recover-20221013/UBNA_001/20221012_030000.WAV,Telephone Field,recover-20221013,001,1795
639.6195,639.6285,35781,42507,Barbastellus barbastellus,0.013,0.036,-1,Echolocation,/mnt/ubna_data_02_mir/recover-20221013/UBNA_001/20221012_030000.WAV,Telephone Field,recover-20221013,001,1795
639.6215,639.6284,28046,39855,Eptesicus serotinus,0.007,0.025,-1,Echolocation,/mnt/ubna_data_02_mir/recover-20221013/UBNA_001/20221012_030000.WAV,Telephone Field,recover-20221013,001,1795
639.6355,639.6741,68437,82249,Rhinolophus ferrumequinum,0.025,0.025,-1,Echolocation,/mnt/ubna_data_02_mir/recover-20221013/UBNA_001/20221012_030000.WAV,Telephone Field,recover-20221013,001,1795
639.6825,639.7218,68437,81717,Rhinolophus ferrumequinum,0.024,0.025,-1,Echolocation,/mnt/ubna_data_02_mir/recover-20221013/UBNA_001/20221012_030000.WAV,Telephone Field,recover-20221013,001,1795
639.6885,639.6982,23750,30998,Nyctalus leisleri,0.008,0.026,-1,Echolocation,/mnt/ubna_data_02_mir/recover-20221013/UBNA_001/20221012_030000.WAV,Telephone Field,recover-20221013,001,1795
639.6945,639.7061,22890,27356,Nyctalus leisleri,0.013,0.024,-1,Echolocation,/mnt/ubna_data_02_mir/recover-20221013/UBNA_001/20221012_030000.WAV,Telephone Field,recover-20221013,001,1795
639.7035,639.7424,68437,82498,Rhinolophus ferrumequinum,0.023,0.023,-1,Echolocation,/mnt/ubna_data_02_mir/recover-20221013/UBNA_001/20221012_030000.WAV,Telephone Field,recover-20221013,001,1795
639.7065,639.716,28046,37686,Eptesicus serotinus,0.011,0.026,-1,Echolocation,/mnt/ubna_data_02_mir/recover-20221013/UBNA_001/20221012_030000.WAV,Telephone Field,recover-20221013,001,1795
639.7325,639.7694,68437,81491,Rhinolophus ferrumequinum,0.023,0.023,-1,Echolocation,/mnt/ubna_data_02_mir/recover-20221013/UBNA_001/20221012_030000.WAV,Telephone Field,recover-20221013,001,1795
639.7835,639.8227,68437,81764,Rhinolophus ferrumequinum,0.022,0.022,-1,Echolocation,/mnt/ubna_data_02_mir/recover-20221013/UBNA_001/20221012_030000.WAV,Telephone Field,recover-20221013,001,1795
639.7855,639.795,50390,57728,Pipistrellus pipistrellus,0.022,0.026,-1,Echolocation,/mnt/ubna_data_02_mir/recover-20221013/UBNA_001/20221012_030000.WAV,Telephone Field,recover-20221013,001,1795
639.8165,639.8532,68437,82042,Rhinolophus ferrumequinum,0.022,0.022,-1,Echolocation,/mnt/ubna_data_02_mir/recover-20221013/UBNA_001/20221012_030000.WAV,Telephone Field,recover-20221013,001,1795
639.8715,639.8797,23750,31903,Plecotus austriacus,0.009,0.023,-1,Echolocation,/mnt/ubna_data_02_mir/recover-20221013/UBNA_001/20221012_030000.WAV,Telephone Field,recover-20221013,001,1795
639.8725,639.9097,68437,81083,Rhinolophus ferrumequinum,0.025,0.025,-1,Echolocation,/mnt/ubna_data_02_mir/recover-20221013/UBNA_001/20221012_030000.WAV,Telephone Field,recover-20221013,001,1795
639.9245,639.9356,28906,36158,Eptesicus serotinus,0.013,0.025,-1,Echolocation,/mnt/ubna_data_02_mir/recover-20221013/UBNA_001/20221012_030000.WAV,Telephone Field,recover-20221013,001,1795
639.9605,639.9971,68437,81501,Rhinolophus ferrumequinum,0.021,0.021,-1,Echolocation,/mnt/ubna_data_02_mir/recover-20221013/UBNA_001/20221012_030000.WAV,Telephone Field,recover-20221013,001,1795
639.9815,639.9902,28906,40609,Eptesicus serotinus,0.009,0.023,-1,Echolocation,/mnt/ubna_data_02_mir/recover-20221013/UBNA_001/20221012_030000.WAV,Telephone Field,recover-20221013,001,1795
640.0015,640.0354,69296,81856,Rhinolophus ferrumequinum,0.037,0.037,-1,Echolocation,/mnt/ubna_data_02_mir/recover-20221013/UBNA_001/20221012_030000.WAV,Telephone Field,recover-20221013,001,1795
640.0015,640.0104,23750,32346,Nyctalus leisleri,0.008,0.024,-1,Echolocation,/mnt/ubna_data_02_mir/recover-20221013/UBNA_001/20221012_030000.WAV,Telephone Field,recover-20221013,001,1795
640.0015,640.0102,48671,55856,Pipistrellus pipistrellus,0.015,0.022,-1,Echolocation,/mnt/ubna_data_02_mir/recover-20221013/UBNA_001/20221012_030000.WAV,Telephone Field,recover-20221013,001,1795
640.0105,640.0513,68437,82656,Rhinolophus ferrumequinum,0.024,0.024,-1,Echolocation,/mnt/ubna_data_02_mir/recover-20221013/UBNA_001/20221012_030000.WAV,Telephone Field,recover-20221013,001,1795
640.0245,640.0631,68437,82521,Rhinolophus ferrumequinum,0.021,0.021,-1,Echolocation,/mnt/ubna_data_02_mir/recover-20221013/UBNA_001/20221012_030000.WAV,Telephone Field,recover-20221013,001,1795
640.0635,640.0721,27187,39829,Eptesicus serotinus,0.009,0.023,-1,Echolocation,/mnt/ubna_data_02_mir/recover-20221013/UBNA_001/20221012_030000.WAV,Telephone Field,recover-20221013,001,1795
640.1095,640.1479,68437,82105,Rhinolophus ferrumequinum,0.022,0.022,-1,Echolocation,/mnt/ubna_data_02_mir/recover-20221013/UBNA_001/20221012_030000.WAV,Telephone Field,recover-20221013,001,1795
640.1275,640.1658,68437,82371,Rhinolophus ferrumequinum,0.021,0.021,-1,Echolocation,/mnt/ubna_data_02_mir/recover-20221013/UBNA_001/20221012_030000.WAV,Telephone Field,recover-20221013,001,1795
640.1415,640.1806,68437,82309,Rhinolophus ferrumequinum,0.023,0.023,-1,Echolocation,/mnt/ubna_data_02_mir/recover-20221013/UBNA_001/20221012_030000.WAV,Telephone Field,recover-20221013,001,1795
640.2235,640.2618,68437,82010,Rhinolophus ferrumequinum,0.021,0.021,-1,Echolocation,/mnt/ubna_data_02_mir/recover-20221013/UBNA_001/20221012_030000.WAV,Telephone Field,recover-20221013,001,1795
640.2325,640.2397,28046,41898,Eptesicus serotinus,0.006,0.022,-1,Echolocation,/mnt/ubna_data_02_mir/recover-20221013/UBNA_001/20221012_030000.WAV,Telephone Field,recover-20221013,001,1795
640.2715,640.3116,68437,82513,Rhinolophus ferrumequinum,0.021,0.021,-1,Echolocation,/mnt/ubna_data_02_mir/recover-20221013/UBNA_001/20221012_030000.WAV,Telephone Field,recover-20221013,001,1795
640.2975,640.337,68437,82579,Rhinolophus ferrumequinum,0.025,0.025,-1,Echolocation,/mnt/ubna_data_02_mir/recover-20221013/UBNA_001/20221012_030000.WAV,Telephone Field,recover-20221013,001,1795
640.3395,640.3462,28046,41178,Eptesicus serotinus,0.007,0.027,-1,Echolocation,/mnt/ubna_data_02_mir/recover-20221013/UBNA_001/20221012_030000.WAV,Telephone Field,recover-20221013,001,1795
640.3955,640.4303,68437,81334,Rhinolophus ferrumequinum,0.021,0.021,-1,Echolocation,/mnt/ubna_data_02_mir/recover-20221013/UBNA_001/20221012_030000.WAV,Telephone Field,recover-20221013,001,1795
640.4205,640.4579,68437,81815,Rhinolophus ferrumequinum,0.024,0.024,-1,Echolocation,/mnt/ubna_data_02_mir/recover-20221013/UBNA_001/20221012_030000.WAV,Telephone Field,recover-20221013,001,1795
640.4225,640.433,23750,29612,Nyctalus leisleri,0.01,0.023,-1,Echolocation,/mnt/ubna_data_02_mir/recover-20221013/UBNA_001/20221012_030000.WAV,Telephone Field,recover-20221013,001,1795
640.4255,640.4343,28906,41049,Eptesicus serotinus,0.008,0.021,-1,Echolocation,/mnt/ubna_data_02_mir/recover-20221013/UBNA_001/20221012_030000.WAV,Telephone Field,recover-20221013,001,1795
640.4305,640.465,68437,81109,Rhinolophus ferrumequinum,0.021,0.021,-1,Echolocation,/mnt/ubna_data_02_mir/recover-20221013/UBNA_001/20221012_030000.WAV,Telephone Field,recover-20221013,001,1795
640.4435,640.4791,68437,82034,Rhinolophus ferrumequinum,0.021,0.021,-1,Echolocation,/mnt/ubna_data_02_mir/recover-20221013/UBNA_001/20221012_030000.WAV,Telephone Field,recover-20221013,001,1795
640.4605,640.4988,68437,82153,Rhinolophus ferrumequinum,0.025,0.026,-1,Echolocation,/mnt/ubna_data_02_mir/recover-20221013/UBNA_001/20221012_030000.WAV,Telephone Field,recover-20221013,001,1795
640.4845,640.4914,26328,37229,Eptesicus serotinus,0.006,0.021,-1,Echolocation,/mnt/ubna_data_02_mir/recover-20221013/UBNA_001/20221012_030000.WAV,Telephone Field,recover-20221013,001,1795
640.5185,640.558,68437,82464,Rhinolophus ferrumequinum,0.021,0.021,-1,Echolocation,/mnt/ubna_data_02_mir/recover-20221013/UBNA_001/20221012_030000.WAV,Telephone Field,recover-20221013,001,1795
640.5895,640.6272,68437,81873,Rhinolophus ferrumequinum,0.021,0.021,-1,Echolocation,/mnt/ubna_data_02_mir/recover-20221013/UBNA_001/20221012_030000.WAV,Telephone Field,recover-20221013,001,1795
640.5975,640.6032,28046,40988,Eptesicus serotinus,0.005,0.025,-1,Echolocation,/mnt/ubna_data_02_mir/recover-20221013/UBNA_001/20221012_030000.WAV,Telephone Field,recover-20221013,001,1795
640.6145,640.6561,68437,83084,Rhinolophus ferrumequinum,0.035,0.035,-1,Echolocation,/mnt/ubna_data_02_mir/recover-20221013/UBNA_001/20221012_030000.WAV,Telephone Field,recover-20221013,001,1795
640.6275,640.6666,68437,82370,Rhinolophus ferrumequinum,0.023,0.023,-1,Echolocation,/mnt/ubna_data_02_mir/recover-20221013/UBNA_001/20221012_030000.WAV,Telephone Field,recover-20221013,001,1795
640.6345,640.6446,28046,35407,Eptesicus serotinus,0.012,0.023,-1,Echolocation,/mnt/ubna_data_02_mir/recover-20221013/UBNA_001/20221012_030000.WAV,Telephone Field,recover-20221013,001,1795
640.6375,640.6754,68437,82200,Rhinolophus ferrumequinum,0.021,0.021,-1,Echolocation,/mnt/ubna_data_02_mir/recover-20221013/UBNA_001/20221012_030000.WAV,Telephone Field,recover-20221013,001,1795
640.6405,640.6509,22890,28499,Nyctalus leisleri,0.01,0.023,-1,Echolocation,/mnt/ubna_data_02_mir/recover-20221013/UBNA_001/20221012_030000.WAV,Telephone Field,recover-20221013,001,1795
640.6625,640.6707,25468,34032,Eptesicus serotinus,0.009,0.027,-1,Echolocation,/mnt/ubna_data_02_mir/recover-20221013/UBNA_001/20221012_030000.WAV,Telephone Field,recover-20221013,001,1795
640.6885,640.6962,27187,37937,Eptesicus serotinus,0.006,0.021,-1,Echolocation,/mnt/ubna_data_02_mir/recover-20221013/UBNA_001/20221012_030000.WAV,Telephone Field,recover-20221013,001,1795
640.6905,640.7261,68437,81686,Rhinolophus ferrumequinum,0.022,0.022,-1,Echolocation,/mnt/ubna_data_02_mir/recover-20221013/UBNA_001/20221012_030000.WAV,Telephone Field,recover-20221013,001,1795
640.7995,640.8065,49531,57525,Pipistrellus pipistrellus,0.02,0.023,-1,Echolocation,/mnt/ubna_data_02_mir/recover-20221013/UBNA_001/20221012_030000.WAV,Telephone Field,recover-20221013,001,1795
640.8065,640.8169,25468,32134,Nyctalus leisleri,0.009,0.026,-1,Echolocation,/mnt/ubna_data_02_mir/recover-20221013/UBNA_001/20221012_030000.WAV,Telephone Field,recover-20221013,001,1795
640.8265,640.8342,28046,41172,Eptesicus serotinus,0.008,0.025,-1,Echolocation,/mnt/ubna_data_02_mir/recover-20221013/UBNA_001/20221012_030000.WAV,Telephone Field,recover-20221013,001,1795
640.8425,640.8795,68437,81618,Rhinolophus ferrumequinum,0.024,0.024,-1,Echolocation,/mnt/ubna_data_02_mir/recover-20221013/UBNA_001/20221012_030000.WAV,Telephone Field,recover-20221013,001,1795
640.8435,640.8537,23750,30208,Nyctalus leisleri,0.012,0.03,-1,Echolocation,/mnt/ubna_data_02_mir/recover-20221013/UBNA_001/20221012_030000.WAV,Telephone Field,recover-20221013,001,1795
640.8825,640.8918,47812,54039,Pipistrellus pipistrellus,0.024,0.025,-1,Echolocation,/mnt/ubna_data_02_mir/recover-20221013/UBNA_001/20221012_030000.WAV,Telephone Field,recover-20221013,001,1795
640.9285,640.9679,68437,81948,Rhinolophus ferrumequinum,0.023,0.023,-1,Echolocation,/mnt/ubna_data_02_mir/recover-20221013/UBNA_001/20221012_030000.WAV,Telephone Field,recover-20221013,001,1795
640.9475,640.9546,28906,40282,Eptesicus serotinus,0.009,0.033,-1,Echolocation,/mnt/ubna_data_02_mir/recover-20221013/UBNA_001/20221012_030000.WAV,Telephone Field,recover-20221013,001,1795
640.9575,640.9955,68437,81837,Rhinolophus ferrumequinum,0.021,0.021,-1,Echolocation,/mnt/ubna_data_02_mir/recover-20221013/UBNA_001/20221012_030000.WAV,Telephone Field,recover-20221013,001,1795
641.0095,641.0468,68437,81253,Rhinolophus ferrumequinum,0.022,0.022,-1,Echolocation,/mnt/ubna_data_02_mir/recover-20221013/UBNA_001/20221012_030000.WAV,Telephone Field,recover-20221013,001,1795
641.0295,641.0665,68437,81832,Rhinolophus ferrumequinum,0.022,0.022,-1,Echolocation,/mnt/ubna_data_02_mir/recover-20221013/UBNA_001/20221012_030000.WAV,Telephone Field,recover-20221013,001,1795
641.0635,641.0961,68437,82137,Rhinolophus ferrumequinum,0.024,0.024,-1,Echolocation,/mnt/ubna_data_02_mir/recover-20221013/UBNA_001/20221012_030000.WAV,Telephone Field,recover-20221013,001,1795
641.0685,641.0792,23750,30888,Eptesicus serotinus,0.007,0.022,-1,Echolocation,/mnt/ubna_data_02_mir/recover-20221013/UBNA_001/20221012_030000.WAV,Telephone Field,recover-20221013,001,1795
641.0755,641.1115,68437,81737,Rhinolophus ferrumequinum,0.023,0.023,-1,Echolocation,/mnt/ubna_data_02_mir/recover-20221013/UBNA_001/20221012_030000.WAV,Telephone Field,recover-20221013,001,1795
641.0945,641.1322,68437,82466,Rhinolophus ferrumequinum,0.033,0.033,-1,Echolocation,/mnt/ubna_data_02_mir/recover-20221013/UBNA_001/20221012_030000.WAV,Telephone Field,recover-20221013,001,1795
641.0945,641.1052999999999,28046,35796,Eptesicus serotinus,0.021,0.038,-1,Echolocation,/mnt/ubna_data_02_mir/recover-20221013/UBNA_001/20221012_030000.WAV,Telephone Field,recover-20221013,001,1795
641.1055,641.1442,68437,82886,Rhinolophus ferrumequinum,0.023,0.023,-1,Echolocation,/mnt/ubna_data_02_mir/recover-20221013/UBNA_001/20221012_030000.WAV,Telephone Field,recover-20221013,001,1795
641.1295,641.1381,25468,34377,Eptesicus serotinus,0.007,0.021,-1,Echolocation,/mnt/ubna_data_02_mir/recover-20221013/UBNA_001/20221012_030000.WAV,Telephone Field,recover-20221013,001,1795
641.1405,641.1807,68437,82438,Rhinolophus ferrumequinum,0.024,0.024,-1,Echolocation,/mnt/ubna_data_02_mir/recover-20221013/UBNA_001/20221012_030000.WAV,Telephone Field,recover-20221013,001,1795
641.2005,641.2392,68437,82688,Rhinolophus ferrumequinum,0.025,0.025,-1,Echolocation,/mnt/ubna_data_02_mir/recover-20221013/UBNA_001/20221012_030000.WAV,Telephone Field,recover-20221013,001,1795
641.2225,641.2341,23750,28902,Nyctalus leisleri,0.011,0.024,-1,Echolocation,/mnt/ubna_data_02_mir/recover-20221013/UBNA_001/20221012_030000.WAV,Telephone Field,recover-20221013,001,1795
641.2445,641.2792,68437,81268,Rhinolophus ferrumequinum,0.021,0.021,-1,Echolocation,/mnt/ubna_data_02_mir/recover-20221013/UBNA_001/20221012_030000.WAV,Telephone Field,recover-20221013,001,1795
641.2545,641.2671,29765,37270,Eptesicus serotinus,0.013,0.025,-1,Echolocation,/mnt/ubna_data_02_mir/recover-20221013/UBNA_001/20221012_030000.WAV,Telephone Field,recover-20221013,001,1795
641.2565,641.2931,68437,81320,Rhinolophus ferrumequinum,0.021,0.021,-1,Echolocation,/mnt/ubna_data_02_mir/recover-20221013/UBNA_001/20221012_030000.WAV,Telephone Field,recover-20221013,001,1795
641.2845,641.2976,23750,28308,Nyctalus leisleri,0.014,0.026,-1,Echolocation,/mnt/ubna_data_02_mir/recover-20221013/UBNA_001/20221012_030000.WAV,Telephone Field,recover-20221013,001,1795
641.3305,641.3397,23750,30361,Nyctalus leisleri,0.009,0.027,-1,Echolocation,/mnt/ubna_data_02_mir/recover-20221013/UBNA_001/20221012_030000.WAV,Telephone Field,recover-20221013,001,1795
641.3395,641.3821,68437,83319,Rhinolophus ferrumequinum,0.047,0.047,-1,Echolocation,/mnt/ubna_data_02_mir/recover-20221013/UBNA_001/20221012_030000.WAV,Telephone Field,recover-20221013,001,1795
641.3435,641.3557,36640,41074,Pipistrellus nathusii,0.007,0.021,-1,Echolocation,/mnt/ubna_data_02_mir/recover-20221013/UBNA_001/20221012_030000.WAV,Telephone Field,recover-20221013,001,1795
641.3685,641.4033,68437,80943,Rhinolophus ferrumequinum,0.021,0.021,-1,Echolocation,/mnt/ubna_data_02_mir/recover-20221013/UBNA_001/20221012_030000.WAV,Telephone Field,recover-20221013,001,1795
641.3815,641.3918,28046,36586,Eptesicus serotinus,0.01,0.024,-1,Echolocation,/mnt/ubna_data_02_mir/recover-20221013/UBNA_001/20221012_030000.WAV,Telephone Field,recover-20221013,001,1795
641.3905,641.3992,28906,37371,Eptesicus serotinus,0.007,0.022,-1,Echolocation,/mnt/ubna_data_02_mir/recover-20221013/UBNA_001/20221012_030000.WAV,Telephone Field,recover-20221013,001,1795
641.4115,641.4268,21171,24934,Nyctalus leisleri,0.014,0.025,-1,Echolocation,/mnt/ubna_data_02_mir/recover-20221013/UBNA_001/20221012_030000.WAV,Telephone Field,recover-20221013,001,1795
641.4125,641.4545,68437,83070,Rhinolophus ferrumequinum,0.027,0.027,-1,Echolocation,/mnt/ubna_data_02_mir/recover-20221013/UBNA_001/20221012_030000.WAV,Telephone Field,recover-20221013,001,1795
641.4335,641.4713,68437,82338,Rhinolophus ferrumequinum,0.024,0.025,-1,Echolocation,/mnt/ubna_data_02_mir/recover-20221013/UBNA_001/20221012_030000.WAV,Telephone Field,recover-20221013,001,1795
641.4625,641.4812,19453,22320,Nyctalus leisleri,0.011,0.022,-1,Echolocation,/mnt/ubna_data_02_mir/recover-20221013/UBNA_001/20221012_030000.WAV,Telephone Field,recover-20221013,001,1795
641.4635,641.4978,68437,80972,Rhinolophus ferrumequinum,0.021,0.021,-1,Echolocation,/mnt/ubna_data_02_mir/recover-20221013/UBNA_001/20221012_030000.WAV,Telephone Field,recover-20221013,001,1795
641.4805,641.4882,23750,32439,Plecotus austriacus,0.009,0.023,-1,Echolocation,/mnt/ubna_data_02_mir/recover-20221013/UBNA_001/20221012_030000.WAV,Telephone Field,recover-20221013,001,1795
641.5185,641.5552,68437,81377,Rhinolophus ferrumequinum,0.022,0.022,-1,Echolocation,/mnt/ubna_data_02_mir/recover-20221013/UBNA_001/20221012_030000.WAV,Telephone Field,recover-20221013,001,1795
641.5365,641.5427999999999,26328,42951,Eptesicus serotinus,0.005,0.023,-1,Echolocation,/mnt/ubna_data_02_mir/recover-20221013/UBNA_001/20221012_030000.WAV,Telephone Field,recover-20221013,001,1795
641.5415,641.5785,68437,81852,Rhinolophus ferrumequinum,0.021,0.021,-1,Echolocation,/mnt/ubna_data_02_mir/recover-20221013/UBNA_001/20221012_030000.WAV,Telephone Field,recover-20221013,001,1795
641.5475,641.5577,28046,35992,Eptesicus serotinus,0.009,0.021,-1,Echolocation,/mnt/ubna_data_02_mir/recover-20221013/UBNA_001/20221012_030000.WAV,Telephone Field,recover-20221013,001,1795
641.5645,641.6024,68437,82273,Rhinolophus ferrumequinum,0.021,0.021,-1,Echolocation,/mnt/ubna_data_02_mir/recover-20221013/UBNA_001/20221012_030000.WAV,Telephone Field,recover-20221013,001,1795
641.6125,641.62,26328,35349,Plecotus austriacus,0.007,0.026,-1,Echolocation,/mnt/ubna_data_02_mir/recover-20221013/UBNA_001/20221012_030000.WAV,Telephone Field,recover-20221013,001,1795
641.6555,641.6938,68437,81896,Rhinolophus ferrumequinum,0.024,0.024,-1,Echolocation,/mnt/ubna_data_02_mir/recover-20221013/UBNA_001/20221012_030000.WAV,Telephone Field,recover-20221013,001,1795
641.6625,641.6719,28906,37084,Eptesicus serotinus,0.008,0.021,-1,Echolocation,/mnt/ubna_data_02_mir/recover-20221013/UBNA_001/20221012_030000.WAV,Telephone Field,recover-20221013,001,1795
641.6795,641.6886,28046,37690,Eptesicus serotinus,0.008,0.022,-1,Echolocation,/mnt/ubna_data_02_mir/recover-20221013/UBNA_001/20221012_030000.WAV,Telephone Field,recover-20221013,001,1795
641.6805,641.7186,68437,81644,Rhinolophus ferrumequinum,0.023,0.023,-1,Echolocation,/mnt/ubna_data_02_mir/recover-20221013/UBNA_001/20221012_030000.WAV,Telephone Field,recover-20221013,001,1795
641.7225,641.7606,68437,82024,Rhinolophus ferrumequinum,0.022,0.022,-1,Echolocation,/mnt/ubna_data_02_mir/recover-20221013/UBNA_001/20221012_030000.WAV,Telephone Field,recover-20221013,001,1795
641.7365,641.7763,68437,82965,Rhinolophus ferrumequinum,0.026,0.026,-1,Echolocation,/mnt/ubna_data_02_mir/recover-20221013/UBNA_001/20221012_030000.WAV,Telephone Field,recover-20221013,001,1795
641.7415,641.7505,22031,28228,Plecotus austriacus,0.009,0.022,-1,Echolocation,/mnt/ubna_data_02_mir/recover-20221013/UBNA_001/20221012_030000.WAV,Telephone Field,recover-20221013,001,1795
641.7825,641.8181,68437,80740,Rhinolophus ferrumequinum,0.025,0.025,-1,Echolocation,/mnt/ubna_data_02_mir/recover-20221013/UBNA_001/20221012_030000.WAV,Telephone Field,recover-20221013,001,1795
641.7845,641.793,25468,34011,Eptesicus serotinus,0.007,0.021,-1,Echolocation,/mnt/ubna_data_02_mir/recover-20221013/UBNA_001/20221012_030000.WAV,Telephone Field,recover-20221013,001,1795
641.7975,641.8355,68437,81875,Rhinolophus ferrumequinum,0.021,0.021,-1,Echolocation,/mnt/ubna_data_02_mir/recover-20221013/UBNA_001/20221012_030000.WAV,Telephone Field,recover-20221013,001,1795
641.8025,641.8229,19453,22808,Nyctalus noctula,0.018,0.036,-1,Echolocation,/mnt/ubna_data_02_mir/recover-20221013/UBNA_001/20221012_030000.WAV,Telephone Field,recover-20221013,001,1795
641.8345,641.8785,68437,83362,Rhinolophus ferrumequinum,0.043,0.043,-1,Echolocation,/mnt/ubna_data_02_mir/recover-20221013/UBNA_001/20221012_030000.WAV,Telephone Field,recover-20221013,001,1795
641.8595,641.8979,68437,82233,Rhinolophus ferrumequinum,0.026,0.026,-1,Echolocation,/mnt/ubna_data_02_mir/recover-20221013/UBNA_001/20221012_030000.WAV,Telephone Field,recover-20221013,001,1795
641.8885,641.9271,68437,82065,Rhinolophus ferrumequinum,0.021,0.021,-1,Echolocation,/mnt/ubna_data_02_mir/recover-20221013/UBNA_001/20221012_030000.WAV,Telephone Field,recover-20221013,001,1795
641.9075,641.919,23750,29136,Nyctalus leisleri,0.013,0.028,-1,Echolocation,/mnt/ubna_data_02_mir/recover-20221013/UBNA_001/20221012_030000.WAV,Telephone Field,recover-20221013,001,1795
641.9435,641.9513,26328,37586,Eptesicus serotinus,0.007,0.021,-1,Echolocation,/mnt/ubna_data_02_mir/recover-20221013/UBNA_001/20221012_030000.WAV,Telephone Field,recover-20221013,001,1795
641.9525,641.9942,68437,82859,Rhinolophus ferrumequinum,0.027,0.027,-1,Echolocation,/mnt/ubna_data_02_mir/recover-20221013/UBNA_001/20221012_030000.WAV,Telephone Field,recover-20221013,001,1795
642.0015,642.0318,69296,81121,Rhinolophus ferrumequinum,0.03,0.03,-1,Echolocation,/mnt/ubna_data_02_mir/recover-20221013/UBNA_001/20221012_030000.WAV,Telephone Field,recover-20221013,001,1795
642.0015,642.0098,25468,34687,Nyctalus leisleri,0.009,0.028,-1,Echolocation,/mnt/ubna_data_02_mir/recover-20221013/UBNA_001/20221012_030000.WAV,Telephone Field,recover-20221013,001,1795
642.0075,642.0442,68437,80907,Rhinolophus ferrumequinum,0.022,0.022,-1,Echolocation,/mnt/ubna_data_02_mir/recover-20221013/UBNA_001/20221012_030000.WAV,Telephone Field,recover-20221013,001,1795
642.0315,642.0414,25468,32521,Eptesicus serotinus,0.009,0.023,-1,Echolocation,/mnt/ubna_data_02_mir/recover-20221013/UBNA_001/20221012_030000.WAV,Telephone Field,recover-20221013,001,1795
642.0845,642.1208,68437,80683,Rhinolophus ferrumequinum,0.027,0.027,-1,Echolocation,/mnt/ubna_data_02_mir/recover-20221013/UBNA_001/20221012_030000.WAV,Telephone Field,recover-20221013,001,1795
642.0875,642.0963,28046,39116,Eptesicus serotinus,0.009,0.022,-1,Echolocation,/mnt/ubna_data_02_mir/recover-20221013/UBNA_001/20221012_030000.WAV,Telephone Field,recover-20221013,001,1795
642.1555,642.1959,68437,82236,Rhinolophus ferrumequinum,0.025,0.025,-1,Echolocation,/mnt/ubna_data_02_mir/recover-20221013/UBNA_001/20221012_030000.WAV,Telephone Field,recover-20221013,001,1795
642.1945,642.2348,68437,82578,Rhinolophus ferrumequinum,0.023,0.023,-1,Echolocation,/mnt/ubna_data_02_mir/recover-20221013/UBNA_001/20221012_030000.WAV,Telephone Field,recover-20221013,001,1795
642.2445,642.2854,68437,82466,Rhinolophus ferrumequinum,0.022,0.022,-1,Echolocation,/mnt/ubna_data_02_mir/recover-20221013/UBNA_001/20221012_030000.WAV,Telephone Field,recover-20221013,001,1795
642.2735,642.3123,68437,82467,Rhinolophus ferrumequinum,0.024,0.024,-1,Echolocation,/mnt/ubna_data_02_mir/recover-20221013/UBNA_001/20221012_030000.WAV,Telephone Field,recover-20221013,001,1795
642.3195,642.3292,22890,29007,Nyctalus leisleri,0.008,0.021,-1,Echolocation,/mnt/ubna_data_02_mir/recover-20221013/UBNA_001/20221012_030000.WAV,Telephone Field,recover-20221013,001,1795
642.3225,642.332,43515,51124,Pipistrellus pipistrellus,0.016,0.031,-1,Echolocation,/mnt/ubna_data_02_mir/recover-20221013/UBNA_001/20221012_030000.WAV,Telephone Field,recover-20221013,001,1795
642.3425,642.3817,68437,81645,Rhinolophus ferrumequinum,0.022,0.022,-1,Echolocation,/mnt/ubna_data_02_mir/recover-20221013/UBNA_001/20221012_030000.WAV,Telephone Field,recover-20221013,001,1795
642.3575,642.3959,68437,82526,Rhinolophus ferrumequinum,0.022,0.022,-1,Echolocation,/mnt/ubna_data_02_mir/recover-20221013/UBNA_001/20221012_030000.WAV,Telephone Field,recover-20221013,001,1795
642.3915,642.4027,43515,47903,Pipistrellus pipistrellus,0.031,0.038,-1,Echolocation,/mnt/ubna_data_02_mir/recover-20221013/UBNA_001/20221012_030000.WAV,Telephone Field,recover-20221013,001,1795
642.4005,642.4353,68437,80908,Rhinolophus ferrumequinum,0.021,0.021,-1,Echolocation,/mnt/ubna_data_02_mir/recover-20221013/UBNA_001/20221012_030000.WAV,Telephone Field,recover-20221013,001,1795
642.4245,642.434,27187,37588,Eptesicus serotinus,0.01,0.025,-1,Echolocation,/mnt/ubna_data_02_mir/recover-20221013/UBNA_001/20221012_030000.WAV,Telephone Field,recover-20221013,001,1795
642.4525,642.4921,68437,82882,Rhinolophus ferrumequinum,0.026,0.026,-1,Echolocation,/mnt/ubna_data_02_mir/recover-20221013/UBNA_001/20221012_030000.WAV,Telephone Field,recover-20221013,001,1795
642.4565,642.4643,27187,42857,Eptesicus serotinus,0.007,0.021,-1,Echolocation,/mnt/ubna_data_02_mir/recover-20221013/UBNA_001/20221012_030000.WAV,Telephone Field,recover-20221013,001,1795
642.4775,642.5134,68437,81200,Rhinolophus ferrumequinum,0.022,0.022,-1,Echolocation,/mnt/ubna_data_02_mir/recover-20221013/UBNA_001/20221012_030000.WAV,Telephone Field,recover-20221013,001,1795
642.4865,642.4949,27187,37503,Eptesicus serotinus,0.008,0.021,-1,Echolocation,/mnt/ubna_data_02_mir/recover-20221013/UBNA_001/20221012_030000.WAV,Telephone Field,recover-20221013,001,1795
642.5385,642.5481,25468,33397,Eptesicus serotinus,0.008,0.022,-1,Echolocation,/mnt/ubna_data_02_mir/recover-20221013/UBNA_001/20221012_030000.WAV,Telephone Field,recover-20221013,001,1795
642.5615,642.5695,27187,41510,Eptesicus serotinus,0.007,0.021,-1,Echolocation,/mnt/ubna_data_02_mir/recover-20221013/UBNA_001/20221012_030000.WAV,Telephone Field,recover-20221013,001,1795
642.5635,642.6028,68437,82037,Rhinolophus ferrumequinum,0.021,0.021,-1,Echolocation,/mnt/ubna_data_02_mir/recover-20221013/UBNA_001/20221012_030000.WAV,Telephone Field,recover-20221013,001,1795
642.6065,642.6168,47812,52118,Pipistrellus pipistrellus,0.022,0.025,-1,Echolocation,/mnt/ubna_data_02_mir/recover-20221013/UBNA_001/20221012_030000.WAV,Telephone Field,recover-20221013,001,1795
642.6345,642.646,23750,28666,Nyctalus leisleri,0.01,0.023,-1,Echolocation,/mnt/ubna_data_02_mir/recover-20221013/UBNA_001/20221012_030000.WAV,Telephone Field,recover-20221013,001,1795
642.6375,642.6748,68437,82156,Rhinolophus ferrumequinum,0.023,0.023,-1,Echolocation,/mnt/ubna_data_02_mir/recover-20221013/UBNA_001/20221012_030000.WAV,Telephone Field,recover-20221013,001,1795
642.6455,642.6857,68437,82532,Rhinolophus ferrumequinum,0.023,0.023,-1,Echolocation,/mnt/ubna_data_02_mir/recover-20221013/UBNA_001/20221012_030000.WAV,Telephone Field,recover-20221013,001,1795
642.6635,642.6984,68437,81024,Rhinolophus ferrumequinum,0.024,0.024,-1,Echolocation,/mnt/ubna_data_02_mir/recover-20221013/UBNA_001/20221012_030000.WAV,Telephone Field,recover-20221013,001,1795
642.6865,642.6961,23750,30071,Nyctalus leisleri,0.008,0.022,-1,Echolocation,/mnt/ubna_data_02_mir/recover-20221013/UBNA_001/20221012_030000.WAV,Telephone Field,recover-20221013,001,1795
642.7055,642.7432,68437,82112,Rhinolophus ferrumequinum,0.023,0.023,-1,Echolocation,/mnt/ubna_data_02_mir/recover-20221013/UBNA_001/20221012_030000.WAV,Telephone Field,recover-20221013,001,1795
642.7265,642.7626,68437,81850,Rhinolophus ferrumequinum,0.023,0.023,-1,Echolocation,/mnt/ubna_data_02_mir/recover-20221013/UBNA_001/20221012_030000.WAV,Telephone Field,recover-20221013,001,1795
642.7545,642.7951,68437,82573,Rhinolophus ferrumequinum,0.034,0.034,-1,Echolocation,/mnt/ubna_data_02_mir/recover-20221013/UBNA_001/20221012_030000.WAV,Telephone Field,recover-20221013,001,1795
642.7825,642.8245,68437,82411,Rhinolophus ferrumequinum,0.025,0.025,-1,Echolocation,/mnt/ubna_data_02_mir/recover-20221013/UBNA_001/20221012_030000.WAV,Telephone Field,recover-20221013,001,1795
642.8075,642.8476,68437,82468,Rhinolophus ferrumequinum,0.025,0.025,-1,Echolocation,/mnt/ubna_data_02_mir/recover-20221013/UBNA_001/20221012_030000.WAV,Telephone Field,recover-20221013,001,1795
642.8275,642.8387,26328,33731,Eptesicus serotinus,0.01,0.025,-1,Echolocation,/mnt/ubna_data_02_mir/recover-20221013/UBNA_001/20221012_030000.WAV,Telephone Field,recover-20221013,001,1795
642.8305,642.8716,68437,83173,Rhinolophus ferrumequinum,0.024,0.024,-1,Echolocation,/mnt/ubna_data_02_mir/recover-20221013/UBNA_001/20221012_030000.WAV,Telephone Field,recover-20221013,001,1795
642.8365,642.847,26328,33868,Eptesicus serotinus,0.011,0.025,-1,Echolocation,/mnt/ubna_data_02_mir/recover-20221013/UBNA_001/20221012_030000.WAV,Telephone Field,recover-20221013,001,1795
642.8665,642.9058,68437,82057,Rhinolophus ferrumequinum,0.021,0.021,-1,Echolocation,/mnt/ubna_data_02_mir/recover-20221013/UBNA_001/20221012_030000.WAV,Telephone Field,recover-20221013,001,1795
642.8825,642.9183,68437,81763,Rhinolophus ferrumequinum,0.023,0.023,-1,Echolocation,/mnt/ubna_data_02_mir/recover-20221013/UBNA_001/20221012_030000.WAV,Telephone Field,recover-20221013,001,1795
642.8905,642.9281,68437,81597,Rhinolophus ferrumequinum,0.023,0.023,-1,Echolocation,/mnt/ubna_data_02_mir/recover-20221013/UBNA_001/20221012_030000.WAV,Telephone Field,recover-20221013,001,1795
642.8975,642.9337,68437,81488,Rhinolophus ferrumequinum,0.022,0.022,-1,Echolocation,/mnt/ubna_data_02_mir/recover-20221013/UBNA_001/20221012_030000.WAV,Telephone Field,recover-20221013,001,1795
642.9095,642.9519,68437,82967,Rhinolophus ferrumequinum,0.029,0.029,-1,Echolocation,/mnt/ubna_data_02_mir/recover-20221013/UBNA_001/20221012_030000.WAV,Telephone Field,recover-20221013,001,1795
642.9245,642.9304,28046,42602,Eptesicus serotinus,0.007,0.032,-1,Echolocation,/mnt/ubna_data_02_mir/recover-20221013/UBNA_001/20221012_030000.WAV,Telephone Field,recover-20221013,001,1795
642.9475,642.9845,68437,82065,Rhinolophus ferrumequinum,0.021,0.021,-1,Echolocation,/mnt/ubna_data_02_mir/recover-20221013/UBNA_001/20221012_030000.WAV,Telephone Field,recover-20221013,001,1795
642.9625,643.0026,68437,82774,Rhinolophus ferrumequinum,0.029,0.029,-1,Echolocation,/mnt/ubna_data_02_mir/recover-20221013/UBNA_001/20221012_030000.WAV,Telephone Field,recover-20221013,001,1795
642.9855,643.0271,68437,83162,Rhinolophus ferrumequinum,0.023,0.023,-1,Echolocation,/mnt/ubna_data_02_mir/recover-20221013/UBNA_001/20221012_030000.WAV,Telephone Field,recover-20221013,001,1795
642.9995,643.041,68437,83069,Rhinolophus ferrumequinum,0.023,0.023,-1,Echolocation,/mnt/ubna_data_02_mir/recover-20221013/UBNA_001/20221012_030000.WAV,Telephone Field,recover-20221013,001,1795
643.0255,643.0649,68437,82284,Rhinolophus ferrumequinum,0.023,0.023,-1,Echolocation,/mnt/ubna_data_02_mir/recover-20221013/UBNA_001/20221012_030000.WAV,Telephone Field,recover-20221013,001,1795
643.0835,643.0906,28046,39435,Eptesicus serotinus,0.007,0.023,-1,Echolocation,/mnt/ubna_data_02_mir/recover-20221013/UBNA_001/20221012_030000.WAV,Telephone Field,recover-20221013,001,1795
643.0885,643.1269,68437,81798,Rhinolophus ferrumequinum,0.022,0.022,-1,Echolocation,/mnt/ubna_data_02_mir/recover-20221013/UBNA_001/20221012_030000.WAV,Telephone Field,recover-20221013,001,1795
643.1085,643.1167,25468,33988,Eptesicus serotinus,0.008,0.021,-1,Echolocation,/mnt/ubna_data_02_mir/recover-20221013/UBNA_001/20221012_030000.WAV,Telephone Field,recover-20221013,001,1795
643.1165,643.1268,24609,30799,Nyctalus leisleri,0.009,0.024,-1,Echolocation,/mnt/ubna_data_02_mir/recover-20221013/UBNA_001/20221012_030000.WAV,Telephone Field,recover-20221013,001,1795
643.1235,643.1642,68437,82343,Rhinolophus ferrumequinum,0.022,0.022,-1,Echolocation,/mnt/ubna_data_02_mir/recover-20221013/UBNA_001/20221012_030000.WAV,Telephone Field,recover-20221013,001,1795
643.1445,643.1873,68437,82825,Rhinolophus ferrumequinum,0.025,0.025,-1,Echolocation,/mnt/ubna_data_02_mir/recover-20221013/UBNA_001/20221012_030000.WAV,Telephone Field,recover-20221013,001,1795
643.1815,643.2201,68437,82843,Rhinolophus ferrumequinum,0.025,0.025,-1,Echolocation,/mnt/ubna_data_02_mir/recover-20221013/UBNA_001/20221012_030000.WAV,Telephone Field,recover-20221013,001,1795
643.1875,643.2252,68437,82646,Rhinolophus ferrumequinum,0.022,0.022,-1,Echolocation,/mnt/ubna_data_02_mir/recover-20221013/UBNA_001/20221012_030000.WAV,Telephone Field,recover-20221013,001,1795
643.2025,643.2116,28046,37614,Eptesicus serotinus,0.01,0.023,-1,Echolocation,/mnt/ubna_data_02_mir/recover-20221013/UBNA_001/20221012_030000.WAV,Telephone Field,recover-20221013,001,1795
643.2065,643.2437,68437,81660,Rhinolophus ferrumequinum,0.022,0.022,-1,Echolocation,/mnt/ubna_data_02_mir/recover-20221013/UBNA_001/20221012_030000.WAV,Telephone Field,recover-20221013,001,1795
643.2185,643.2582,68437,81909,Rhinolophus ferrumequinum,0.022,0.022,-1,Echolocation,/mnt/ubna_data_02_mir/recover-20221013/UBNA_001/20221012_030000.WAV,Telephone Field,recover-20221013,001,1795
643.2425,643.2534,25468,32272,Eptesicus serotinus,0.017,0.04,-1,Echolocation,/mnt/ubna_data_02_mir/recover-20221013/UBNA_001/20221012_030000.WAV,Telephone Field,recover-20221013,001,1795
643.2435,643.2824,68437,81879,Rhinolophus ferrumequinum,0.022,0.022,-1,Echolocation,/mnt/ubna_data_02_mir/recover-20221013/UBNA_001/20221012_030000.WAV,Telephone Field,recover-20221013,001,1795
643.2925,643.3348,68437,83388,Rhinolophus ferrumequinum,0.049,0.049,-1,Echolocation,/mnt/ubna_data_02_mir/recover-20221013/UBNA_001/20221012_030000.WAV,Telephone Field,recover-20221013,001,1795
643.3215,643.3562,68437,81579,Rhinolophus ferrumequinum,0.022,0.022,-1,Echolocation,/mnt/ubna_data_02_mir/recover-20221013/UBNA_001/20221012_030000.WAV,Telephone Field,recover-20221013,001,1795
643.3295,643.3657,68437,81626,Rhinolophus ferrumequinum,0.021,0.021,-1,Echolocation,/mnt/ubna_data_02_mir/recover-20221013/UBNA_001/20221012_030000.WAV,Telephone Field,recover-20221013,001,1795
643.3535,643.3956,68437,82831,Rhinolophus ferrumequinum,0.022,0.022,-1,Echolocation,/mnt/ubna_data_02_mir/recover-20221013/UBNA_001/20221012_030000.WAV,Telephone Field,recover-20221013,001,1795
643.3575,643.3662,28046,40051,Eptesicus serotinus,0.008,0.022,-1,Echolocation,/mnt/ubna_data_02_mir/recover-20221013/UBNA_001/20221012_030000.WAV,Telephone Field,recover-20221013,001,1795
643.3805,643.4152,68437,81530,Rhinolophus ferrumequinum,0.022,0.022,-1,Echolocation,/mnt/ubna_data_02_mir/recover-20221013/UBNA_001/20221012_030000.WAV,Telephone Field,recover-20221013,001,1795
643.4645,643.5022,68437,81831,Rhinolophus ferrumequinum,0.023,0.023,-1,Echolocation,/mnt/ubna_data_02_mir/recover-20221013/UBNA_001/20221012_030000.WAV,Telephone Field,recover-20221013,001,1795
643.4675,643.476,32343,42272,Myotis daubentonii,0.008,0.024,-1,Echolocation,/mnt/ubna_data_02_mir/recover-20221013/UBNA_001/20221012_030000.WAV,Telephone Field,recover-20221013,001,1795
643.4995,643.5396,68437,82181,Rhinolophus ferrumequinum,0.023,0.023,-1,Echolocation,/mnt/ubna_data_02_mir/recover-20221013/UBNA_001/20221012_030000.WAV,Telephone Field,recover-20221013,001,1795
643.5095,643.5466,68437,82133,Rhinolophus ferrumequinum,0.023,0.023,-1,Echolocation,/mnt/ubna_data_02_mir/recover-20221013/UBNA_001/20221012_030000.WAV,Telephone Field,recover-20221013,001,1795
643.5395,643.577,68437,82179,Rhinolophus ferrumequinum,0.023,0.023,-1,Echolocation,/mnt/ubna_data_02_mir/recover-20221013/UBNA_001/20221012_030000.WAV,Telephone Field,recover-20221013,001,1795
643.6345,643.6744,68437,82134,Rhinolophus ferrumequinum,0.021,0.021,-1,Echolocation,/mnt/ubna_data_02_mir/recover-20221013/UBNA_001/20221012_030000.WAV,Telephone Field,recover-20221013,001,1795
643.6635,643.6831,18593,22101,Nyctalus noctula,0.014,0.023,-1,Echolocation,/mnt/ubna_data_02_mir/recover-20221013/UBNA_001/20221012_030000.WAV,Telephone Field,recover-20221013,001,1795
643.7155,643.7256,27187,35019,Eptesicus serotinus,0.018,0.034,-1,Echolocation,/mnt/ubna_data_02_mir/recover-20221013/UBNA_001/20221012_030000.WAV,Telephone Field,recover-20221013,001,1795
643.7165,643.7565,68437,82486,Rhinolophus ferrumequinum,0.023,0.023,-1,Echolocation,/mnt/ubna_data_02_mir/recover-20221013/UBNA_001/20221012_030000.WAV,Telephone Field,recover-20221013,001,1795
643.7245,643.7642,68437,82064,Rhinolophus ferrumequinum,0.022,0.022,-1,Echolocation,/mnt/ubna_data_02_mir/recover-20221013/UBNA_001/20221012_030000.WAV,Telephone Field,recover-20221013,001,1795
643.7715,643.7816,25468,33238,Eptesicus serotinus,0.009,0.025,-1,Echolocation,/mnt/ubna_data_02_mir/recover-20221013/UBNA_001/20221012_030000.WAV,Telephone Field,recover-20221013,001,1795
643.8705,643.9111,68437,82626,Rhinolophus ferrumequinum,0.022,0.022,-1,Echolocation,/mnt/ubna_data_02_mir/recover-20221013/UBNA_001/20221012_030000.WAV,Telephone Field,recover-20221013,001,1795
643.8965,643.9058,24609,32497,Eptesicus serotinus,0.008,0.023,-1,Echolocation,/mnt/ubna_data_02_mir/recover-20221013/UBNA_001/20221012_030000.WAV,Telephone Field,recover-20221013,001,1795
643.9155,643.9242,28046,40822,Eptesicus serotinus,0.011,0.027,-1,Echolocation,/mnt/ubna_data_02_mir/recover-20221013/UBNA_001/20221012_030000.WAV,Telephone Field,recover-20221013,001,1795
643.9245,643.9569,68437,79894,Rhinolophus ferrumequinum,0.022,0.022,-1,Echolocation,/mnt/ubna_data_02_mir/recover-20221013/UBNA_001/20221012_030000.WAV,Telephone Field,recover-20221013,001,1795
643.9825,643.9911,26328,41738,Eptesicus serotinus,0.011,0.028,-1,Echolocation,/mnt/ubna_data_02_mir/recover-20221013/UBNA_001/20221012_030000.WAV,Telephone Field,recover-20221013,001,1795
644.0015,644.0103,22031,28662,Nyctalus leisleri,0.008,0.026,-1,Echolocation,/mnt/ubna_data_02_mir/recover-20221013/UBNA_001/20221012_030000.WAV,Telephone Field,recover-20221013,001,1795
644.0015,644.018,53828,59194,Pipistrellus pygmaeus,0.02,0.025,-1,Echolocation,/mnt/ubna_data_02_mir/recover-20221013/UBNA_001/20221012_030000.WAV,Telephone Field,recover-20221013,001,1795
644.0315,644.0715,68437,82364,Rhinolophus ferrumequinum,0.029,0.029,-1,Echolocation,/mnt/ubna_data_02_mir/recover-20221013/UBNA_001/20221012_030000.WAV,Telephone Field,recover-20221013,001,1795
644.0385,644.0807,68437,82818,Rhinolophus ferrumequinum,0.024,0.024,-1,Echolocation,/mnt/ubna_data_02_mir/recover-20221013/UBNA_001/20221012_030000.WAV,Telephone Field,recover-20221013,001,1795
644.1095,644.1448,67578,79092,Rhinolophus ferrumequinum,0.021,0.021,-1,Echolocation,/mnt/ubna_data_02_mir/recover-20221013/UBNA_001/20221012_030000.WAV,Telephone Field,recover-20221013,001,1795
644.1175,644.1487,68437,79398,Rhinolophus ferrumequinum,0.02,0.022,-1,Echolocation,/mnt/ubna_data_02_mir/recover-20221013/UBNA_001/20221012_030000.WAV,Telephone Field,recover-20221013,001,1795
644.1235,644.131,23750,31838,Plecotus austriacus,0.009,0.022,-1,Echolocation,/mnt/ubna_data_02_mir/recover-20221013/UBNA_001/20221012_030000.WAV,Telephone Field,recover-20221013,001,1795
644.1585,644.1961,68437,82495,Rhinolophus ferrumequinum,0.021,0.021,-1,Echolocation,/mnt/ubna_data_02_mir/recover-20221013/UBNA_001/20221012_030000.WAV,Telephone Field,recover-20221013,001,1795
644.1655,644.1761,22890,29000,Nyctalus leisleri,0.01,0.024,-1,Echolocation,/mnt/ubna_data_02_mir/recover-20221013/UBNA_001/20221012_030000.WAV,Telephone Field,recover-20221013,001,1795
644.1755,644.1848,28906,36871,Eptesicus serotinus,0.008,0.024,-1,Echolocation,/mnt/ubna_data_02_mir/recover-20221013/UBNA_001/20221012_030000.WAV,Telephone Field,recover-20221013,001,1795
644.1975,644.2345,68437,81452,Rhinolophus ferrumequinum,0.021,0.021,-1,Echolocation,/mnt/ubna_data_02_mir/recover-20221013/UBNA_001/20221012_030000.WAV,Telephone Field,recover-20221013,001,1795
644.1985,644.2085,22890,30244,Nyctalus leisleri,0.01,0.034,-1,Echolocation,/mnt/ubna_data_02_mir/recover-20221013/UBNA_001/20221012_030000.WAV,Telephone Field,recover-20221013,001,1795
644.2075,644.2465,68437,82144,Rhinolophus ferrumequinum,0.021,0.021,-1,Echolocation,/mnt/ubna_data_02_mir/recover-20221013/UBNA_001/20221012_030000.WAV,Telephone Field,recover-20221013,001,1795
644.2145,644.2499,68437,81561,Rhinolophus ferrumequinum,0.022,0.022,-1,Echolocation,/mnt/ubna_data_02_mir/recover-20221013/UBNA_001/20221012_030000.WAV,Telephone Field,recover-20221013,001,1795
644.2395,644.2515,28046,35649,Eptesicus serotinus,0.017,0.031,-1,Echolocation,/mnt/ubna_data_02_mir/recover-20221013/UBNA_001/20221012_030000.WAV,Telephone Field,recover-20221013,001,1795
644.2625,644.2743,28906,35132,Eptesicus serotinus,0.015,0.032,-1,Echolocation,/mnt/ubna_data_02_mir/recover-20221013/UBNA_001/20221012_030000.WAV,Telephone Field,recover-20221013,001,1795
644.2705,644.3099,68437,82972,Rhinolophus ferrumequinum,0.025,0.025,-1,Echolocation,/mnt/ubna_data_02_mir/recover-20221013/UBNA_001/20221012_030000.WAV,Telephone Field,recover-20221013,001,1795
644.2885,644.2974,26328,36955,Eptesicus serotinus,0.007,0.021,-1,Echolocation,/mnt/ubna_data_02_mir/recover-20221013/UBNA_001/20221012_030000.WAV,Telephone Field,recover-20221013,001,1795
644.3105,644.3493,68437,82073,Rhinolophus ferrumequinum,0.021,0.021,-1,Echolocation,/mnt/ubna_data_02_mir/recover-20221013/UBNA_001/20221012_030000.WAV,Telephone Field,recover-20221013,001,1795
644.3155,644.3249,28046,37221,Eptesicus serotinus,0.01,0.026,-1,Echolocation,/mnt/ubna_data_02_mir/recover-20221013/UBNA_001/20221012_030000.WAV,Telephone Field,recover-20221013,001,1795
644.3305,644.3658,68437,81494,Rhinolophus ferrumequinum,0.021,0.021,-1,Echolocation,/mnt/ubna_data_02_mir/recover-20221013/UBNA_001/20221012_030000.WAV,Telephone Field,recover-20221013,001,1795
644.3375,644.3441,28906,39047,Eptesicus serotinus,0.011,0.037,-1,Echolocation,/mnt/ubna_data_02_mir/recover-20221013/UBNA_001/20221012_030000.WAV,Telephone Field,recover-20221013,001,1795
644.3455,644.3844,68437,82863,Rhinolophus ferrumequinum,0.029,0.029,-1,Echolocation,/mnt/ubna_data_02_mir/recover-20221013/UBNA_001/20221012_030000.WAV,Telephone Field,recover-20221013,001,1795
644.3905,644.3979,26328,38537,Eptesicus serotinus,0.006,0.022,-1,Echolocation,/mnt/ubna_data_02_mir/recover-20221013/UBNA_001/20221012_030000.WAV,Telephone Field,recover-20221013,001,1795
644.3985,644.4367,68437,82268,Rhinolophus ferrumequinum,0.025,0.025,-1,Echolocation,/mnt/ubna_data_02_mir/recover-20221013/UBNA_001/20221012_030000.WAV,Telephone Field,recover-20221013,001,1795
644.4115,644.4535,68437,82792,Rhinolophus ferrumequinum,0.026,0.026,-1,Echolocation,/mnt/ubna_data_02_mir/recover-20221013/UBNA_001/20221012_030000.WAV,Telephone Field,recover-20221013,001,1795
644.4685,644.4767,28046,38664,Eptesicus serotinus,0.008,0.026,-1,Echolocation,/mnt/ubna_data_02_mir/recover-20221013/UBNA_001/20221012_030000.WAV,Telephone Field,recover-20221013,001,1795
644.4685,644.5076,68437,82065,Rhinolophus ferrumequinum,0.021,0.021,-1,Echolocation,/mnt/ubna_data_02_mir/recover-20221013/UBNA_001/20221012_030000.WAV,Telephone Field,recover-20221013,001,1795
644.4755,644.5123,68437,82200,Rhinolophus ferrumequinum,0.023,0.023,-1,Echolocation,/mnt/ubna_data_02_mir/recover-20221013/UBNA_001/20221012_030000.WAV,Telephone Field,recover-20221013,001,1795
644.5075,644.5153,28906,37516,Eptesicus serotinus,0.007,0.023,-1,Echolocation,/mnt/ubna_data_02_mir/recover-20221013/UBNA_001/20221012_030000.WAV,Telephone Field,recover-20221013,001,1795
644.5245,644.5362,44375,48759,Pipistrellus pipistrellus,0.025,0.03,-1,Echolocation,/mnt/ubna_data_02_mir/recover-20221013/UBNA_001/20221012_030000.WAV,Telephone Field,recover-20221013,001,1795
644.5265,644.5674,68437,82099,Rhinolophus ferrumequinum,0.021,0.021,-1,Echolocation,/mnt/ubna_data_02_mir/recover-20221013/UBNA_001/20221012_030000.WAV,Telephone Field,recover-20221013,001,1795
644.5345,644.5696,68437,81717,Rhinolophus ferrumequinum,0.023,0.023,-1,Echolocation,/mnt/ubna_data_02_mir/recover-20221013/UBNA_001/20221012_030000.WAV,Telephone Field,recover-20221013,001,1795
644.5425,644.5516,28046,39422,Eptesicus serotinus,0.008,0.022,-1,Echolocation,/mnt/ubna_data_02_mir/recover-20221013/UBNA_001/20221012_030000.WAV,Telephone Field,recover-20221013,001,1795
644.5665,644.5756,24609,32365,Eptesicus serotinus,0.007,0.022,-1,Echolocation,/mnt/ubna_data_02_mir/recover-20221013/UBNA_001/20221012_030000.WAV,Telephone Field,recover-20221013,001,1795
644.6045,644.6436,68437,82505,Rhinolophus ferrumequinum,0.027,0.027,-1,Echolocation,/mnt/ubna_data_02_mir/recover-20221013/UBNA_001/20221012_030000.WAV,Telephone Field,recover-20221013,001,1795
644.6265,644.6344,27187,37077,Eptesicus serotinus,0.006,0.022,-1,Echolocation,/mnt/ubna_data_02_mir/recover-20221013/UBNA_001/20221012_030000.WAV,Telephone Field,recover-20221013,001,1795
644.6305,644.6652,68437,81850,Rhinolophus ferrumequinum,0.021,0.021,-1,Echolocation,/mnt/ubna_data_02_mir/recover-20221013/UBNA_001/20221012_030000.WAV,Telephone Field,recover-20221013,001,1795
644.6675,644.6747,27187,39031,Eptesicus serotinus,0.006,0.021,-1,Echolocation,/mnt/ubna_data_02_mir/recover-20221013/UBNA_001/20221012_030000.WAV,Telephone Field,recover-20221013,001,1795
644.6765,644.7171,68437,82472,Rhinolophus ferrumequinum,0.025,0.025,-1,Echolocation,/mnt/ubna_data_02_mir/recover-20221013/UBNA_001/20221012_030000.WAV,Telephone Field,recover-20221013,001,1795
644.6905,644.7283,68437,81921,Rhinolophus ferrumequinum,0.021,0.021,-1,Echolocation,/mnt/ubna_data_02_mir/recover-20221013/UBNA_001/20221012_030000.WAV,Telephone Field,recover-20221013,001,1795
644.7225,644.7313,26328,34347,Eptesicus serotinus,0.01,0.028,-1,Echolocation,/mnt/ubna_data_02_mir/recover-20221013/UBNA_001/20221012_030000.WAV,Telephone Field,recover-20221013,001,1795
644.7445,644.7877,68437,82857,Rhinolophus ferrumequinum,0.022,0.022,-1,Echolocation,/mnt/ubna_data_02_mir/recover-20221013/UBNA_001/20221012_030000.WAV,Telephone Field,recover-20221013,001,1795
644.7475,644.756,28046,40166,Eptesicus serotinus,0.007,0.022,-1,Echolocation,/mnt/ubna_data_02_mir/recover-20221013/UBNA_001/20221012_030000.WAV,Telephone Field,recover-20221013,001,1795
644.7725,644.813,68437,82781,Rhinolophus ferrumequinum,0.028,0.028,-1,Echolocation,/mnt/ubna_data_02_mir/recover-20221013/UBNA_001/20221012_030000.WAV,Telephone Field,recover-20221013,001,1795
644.7875,644.797,28046,36723,Eptesicus serotinus,0.008,0.022,-1,Echolocation,/mnt/ubna_data_02_mir/recover-20221013/UBNA_001/20221012_030000.WAV,Telephone Field,recover-20221013,001,1795
644.7875,644.826,68437,82517,Rhinolophus ferrumequinum,0.029,0.029,-1,Echolocation,/mnt/ubna_data_02_mir/recover-20221013/UBNA_001/20221012_030000.WAV,Telephone Field,recover-20221013,001,1795
644.8565,644.8651,25468,34422,Eptesicus serotinus,0.007,0.024,-1,Echolocation,/mnt/ubna_data_02_mir/recover-20221013/UBNA_001/20221012_030000.WAV,Telephone Field,recover-20221013,001,1795
644.8875,644.8978,22031,28036,Nyctalus leisleri,0.011,0.029,-1,Echolocation,/mnt/ubna_data_02_mir/recover-20221013/UBNA_001/20221012_030000.WAV,Telephone Field,recover-20221013,001,1795
644.8895,644.9293,68437,82399,Rhinolophus ferrumequinum,0.022,0.022,-1,Echolocation,/mnt/ubna_data_02_mir/recover-20221013/UBNA_001/20221012_030000.WAV,Telephone Field,recover-20221013,001,1795
644.9165,644.9244,26328,38746,Eptesicus serotinus,0.007,0.022,-1,Echolocation,/mnt/ubna_data_02_mir/recover-20221013/UBNA_001/20221012_030000.WAV,Telephone Field,recover-20221013,001,1795
644.9685,645.0084,68437,82975,Rhinolophus ferrumequinum,0.024,0.024,-1,Echolocation,/mnt/ubna_data_02_mir/recover-20221013/UBNA_001/20221012_030000.WAV,Telephone Field,recover-20221013,001,1795
644.9855,645.0271,68437,82916,Rhinolophus ferrumequinum,0.023,0.023,-1,Echolocation,/mnt/ubna_data_02_mir/recover-20221013/UBNA_001/20221012_030000.WAV,Telephone Field,recover-20221013,001,1795
645.0085,645.0473,68437,82063,Rhinolophus ferrumequinum,0.022,0.022,-1,Echolocation,/mnt/ubna_data_02_mir/recover-20221013/UBNA_001/20221012_030000.WAV,Telephone Field,recover-20221013,001,1795
645.0175,645.0584,68437,82741,Rhinolophus ferrumequinum,0.027,0.027,-1,Echolocation,/mnt/ubna_data_02_mir/recover-20221013/UBNA_001/20221012_030000.WAV,Telephone Field,recover-20221013,001,1795
645.1015,645.1099,28046,40253,Eptesicus serotinus,0.008,0.022,-1,Echolocation,/mnt/ubna_data_02_mir/recover-20221013/UBNA_001/20221012_030000.WAV,Telephone Field,recover-20221013,001,1795
645.1115,645.1226,28046,36970,Eptesicus serotinus,0.013,0.026,-1,Echolocation,/mnt/ubna_data_02_mir/recover-20221013/UBNA_001/20221012_030000.WAV,Telephone Field,recover-20221013,001,1795
645.1135,645.1531,68437,82361,Rhinolophus ferrumequinum,0.025,0.025,-1,Echolocation,/mnt/ubna_data_02_mir/recover-20221013/UBNA_001/20221012_030000.WAV,Telephone Field,recover-20221013,001,1795
645.1215,645.1623,68437,83097,Rhinolophus ferrumequinum,0.028,0.028,-1,Echolocation,/mnt/ubna_data_02_mir/recover-20221013/UBNA_001/20221012_030000.WAV,Telephone Field,recover-20221013,001,1795
645.1395,645.1479,49531,53375,Pipistrellus pipistrellus,0.024,0.026,-1,Echolocation,/mnt/ubna_data_02_mir/recover-20221013/UBNA_001/20221012_030000.WAV,Telephone Field,recover-20221013,001,1795
645.1945,645.2073,22890,26961,Nyctalus leisleri,0.012,0.021,-1,Echolocation,/mnt/ubna_data_02_mir/recover-20221013/UBNA_001/20221012_030000.WAV,Telephone Field,recover-20221013,001,1795
645.2175,645.2555,68437,81478,Rhinolophus ferrumequinum,0.024,0.024,-1,Echolocation,/mnt/ubna_data_02_mir/recover-20221013/UBNA_001/20221012_030000.WAV,Telephone Field,recover-20221013,001,1795
645.2295,645.2383,26328,36123,Eptesicus serotinus,0.008,0.024,-1,Echolocation,/mnt/ubna_data_02_mir/recover-20221013/UBNA_001/20221012_030000.WAV,Telephone Field,recover-20221013,001,1795
645.2625,645.274,22890,28316,Nyctalus leisleri,0.013,0.027,-1,Echolocation,/mnt/ubna_data_02_mir/recover-20221013/UBNA_001/20221012_030000.WAV,Telephone Field,recover-20221013,001,1795
645.3085,645.3501,68437,83152,Rhinolophus ferrumequinum,0.026,0.026,-1,Echolocation,/mnt/ubna_data_02_mir/recover-20221013/UBNA_001/20221012_030000.WAV,Telephone Field,recover-20221013,001,1795
645.3375,645.3768,68437,82613,Rhinolophus ferrumequinum,0.021,0.021,-1,Echolocation,/mnt/ubna_data_02_mir/recover-20221013/UBNA_001/20221012_030000.WAV,Telephone Field,recover-20221013,001,1795
645.3475,645.3838,68437,81883,Rhinolophus ferrumequinum,0.023,0.023,-1,Echolocation,/mnt/ubna_data_02_mir/recover-20221013/UBNA_001/20221012_030000.WAV,Telephone Field,recover-20221013,001,1795
645.3725,645.4109,68437,82121,Rhinolophus ferrumequinum,0.029,0.029,-1,Echolocation,/mnt/ubna_data_02_mir/recover-20221013/UBNA_001/20221012_030000.WAV,Telephone Field,recover-20221013,001,1795
645.3735,645.382,25468,33699,Eptesicus serotinus,0.009,0.025,-1,Echolocation,/mnt/ubna_data_02_mir/recover-20221013/UBNA_001/20221012_030000.WAV,Telephone Field,recover-20221013,001,1795
645.4005,645.4112,22031,27571,Nyctalus leisleri,0.01,0.024,-1,Echolocation,/mnt/ubna_data_02_mir/recover-20221013/UBNA_001/20221012_030000.WAV,Telephone Field,recover-20221013,001,1795
645.4325,645.4672,68437,81167,Rhinolophus ferrumequinum,0.025,0.025,-1,Echolocation,/mnt/ubna_data_02_mir/recover-20221013/UBNA_001/20221012_030000.WAV,Telephone Field,recover-20221013,001,1795
645.4585,645.468,28906,37835,Eptesicus serotinus,0.009,0.024,-1,Echolocation,/mnt/ubna_data_02_mir/recover-20221013/UBNA_001/20221012_030000.WAV,Telephone Field,recover-20221013,001,1795
645.5115,645.5507,68437,81788,Rhinolophus ferrumequinum,0.022,0.022,-1,Echolocation,/mnt/ubna_data_02_mir/recover-20221013/UBNA_001/20221012_030000.WAV,Telephone Field,recover-20221013,001,1795
645.5765,645.6162,68437,82553,Rhinolophus ferrumequinum,0.033,0.033,-1,Echolocation,/mnt/ubna_data_02_mir/recover-20221013/UBNA_001/20221012_030000.WAV,Telephone Field,recover-20221013,001,1795
645.6375,645.6481,22031,25910,Nyctalus leisleri,0.012,0.021,-1,Echolocation,/mnt/ubna_data_02_mir/recover-20221013/UBNA_001/20221012_030000.WAV,Telephone Field,recover-20221013,001,1795
645.6905,645.7017,29765,37548,Eptesicus serotinus,0.012,0.027,-1,Echolocation,/mnt/ubna_data_02_mir/recover-20221013/UBNA_001/20221012_030000.WAV,Telephone Field,recover-20221013,001,1795
645.6925,645.7324,68437,82280,Rhinolophus ferrumequinum,0.021,0.021,-1,Echolocation,/mnt/ubna_data_02_mir/recover-20221013/UBNA_001/20221012_030000.WAV,Telephone Field,recover-20221013,001,1795
645.6985,645.7096,33203,38555,Eptesicus serotinus,0.006,0.024,-1,Echolocation,/mnt/ubna_data_02_mir/recover-20221013/UBNA_001/20221012_030000.WAV,Telephone Field,recover-20221013,001,1795
645.7185,645.7281,24609,32237,Eptesicus serotinus,0.007,0.021,-1,Echolocation,/mnt/ubna_data_02_mir/recover-20221013/UBNA_001/20221012_030000.WAV,Telephone Field,recover-20221013,001,1795
645.7465,645.7566,22890,29629,Nyctalus leisleri,0.008,0.028,-1,Echolocation,/mnt/ubna_data_02_mir/recover-20221013/UBNA_001/20221012_030000.WAV,Telephone Field,recover-20221013,001,1795
645.7585,645.7967,68437,81688,Rhinolophus ferrumequinum,0.024,0.024,-1,Echolocation,/mnt/ubna_data_02_mir/recover-20221013/UBNA_001/20221012_030000.WAV,Telephone Field,recover-20221013,001,1795
645.7665,645.8053,68437,81293,Rhinolophus ferrumequinum,0.025,0.025,-1,Echolocation,/mnt/ubna_data_02_mir/recover-20221013/UBNA_001/20221012_030000.WAV,Telephone Field,recover-20221013,001,1795
645.7895,645.7996,50390,55379,Pipistrellus pipistrellus,0.044,0.051,-1,Echolocation,/mnt/ubna_data_02_mir/recover-20221013/UBNA_001/20221012_030000.WAV,Telephone Field,recover-20221013,001,1795
645.7895,645.8224,68437,80983,Rhinolophus ferrumequinum,0.021,0.021,-1,Echolocation,/mnt/ubna_data_02_mir/recover-20221013/UBNA_001/20221012_030000.WAV,Telephone Field,recover-20221013,001,1795
645.8445,645.8854,68437,82814,Rhinolophus ferrumequinum,0.032,0.032,-1,Echolocation,/mnt/ubna_data_02_mir/recover-20221013/UBNA_001/20221012_030000.WAV,Telephone Field,recover-20221013,001,1795
645.8825,645.9219,68437,82686,Rhinolophus ferrumequinum,0.026,0.026,-1,Echolocation,/mnt/ubna_data_02_mir/recover-20221013/UBNA_001/20221012_030000.WAV,Telephone Field,recover-20221013,001,1795
645.9405,645.9795,68437,81912,Rhinolophus ferrumequinum,0.023,0.023,-1,Echolocation,/mnt/ubna_data_02_mir/recover-20221013/UBNA_001/20221012_030000.WAV,Telephone Field,recover-20221013,001,1795
645.9535,645.9615,28046,38241,Eptesicus serotinus,0.007,0.022,-1,Echolocation,/mnt/ubna_data_02_mir/recover-20221013/UBNA_001/20221012_030000.WAV,Telephone Field,recover-20221013,001,1795
646.0015,646.0099,25468,34119,Nyctalus leisleri,0.009,0.033,-1,Echolocation,/mnt/ubna_data_02_mir/recover-20221013/UBNA_001/20221012_030000.WAV,Telephone Field,recover-20221013,001,1795
646.0015,646.0313,68437,79487,Rhinolophus ferrumequinum,0.021,0.022,-1,Echolocation,/mnt/ubna_data_02_mir/recover-20221013/UBNA_001/20221012_030000.WAV,Telephone Field,recover-20221013,001,1795
646.0105,646.0536,68437,82539,Rhinolophus ferrumequinum,0.022,0.022,-1,Echolocation,/mnt/ubna_data_02_mir/recover-20221013/UBNA_001/20221012_030000.WAV,Telephone Field,recover-20221013,001,1795
646.0115,646.0216,23750,29276,Nyctalus leisleri,0.008,0.021,-1,Echolocation,/mnt/ubna_data_02_mir/recover-20221013/UBNA_001/20221012_030000.WAV,Telephone Field,recover-20221013,001,1795
646.0205,646.0603,68437,82032,Rhinolophus ferrumequinum,0.022,0.022,-1,Echolocation,/mnt/ubna_data_02_mir/recover-20221013/UBNA_001/20221012_030000.WAV,Telephone Field,recover-20221013,001,1795
646.0264999999999,646.0338,28046,39531,Eptesicus serotinus,0.007,0.024,-1,Echolocation,/mnt/ubna_data_02_mir/recover-20221013/UBNA_001/20221012_030000.WAV,Telephone Field,recover-20221013,001,1795
646.0925,646.1332,68437,82831,Rhinolophus ferrumequinum,0.021,0.021,-1,Echolocation,/mnt/ubna_data_02_mir/recover-20221013/UBNA_001/20221012_030000.WAV,Telephone Field,recover-20221013,001,1795
646.0975,646.1377,68437,82948,Rhinolophus ferrumequinum,0.021,0.021,-1,Echolocation,/mnt/ubna_data_02_mir/recover-20221013/UBNA_001/20221012_030000.WAV,Telephone Field,recover-20221013,001,1795
646.1545,646.1632,47812,53572,Pipistrellus pipistrellus,0.021,0.024,-1,Echolocation,/mnt/ubna_data_02_mir/recover-20221013/UBNA_001/20221012_030000.WAV,Telephone Field,recover-20221013,001,1795
646.1865,646.226,68437,82234,Rhinolophus ferrumequinum,0.022,0.022,-1,Echolocation,/mnt/ubna_data_02_mir/recover-20221013/UBNA_001/20221012_030000.WAV,Telephone Field,recover-20221013,001,1795
646.2425,646.2505,28046,37952,Eptesicus serotinus,0.007,0.022,-1,Echolocation,/mnt/ubna_data_02_mir/recover-20221013/UBNA_001/20221012_030000.WAV,Telephone Field,recover-20221013,001,1795
646.2525,646.2616,25468,32729,Eptesicus serotinus,0.007,0.021,-1,Echolocation,/mnt/ubna_data_02_mir/recover-20221013/UBNA_001/20221012_030000.WAV,Telephone Field,recover-20221013,001,1795
646.3285,646.342,49531,53567,Pipistrellus pipistrellus,0.082,0.092,-1,Echolocation,/mnt/ubna_data_02_mir/recover-20221013/UBNA_001/20221012_030000.WAV,Telephone Field,recover-20221013,001,1795
646.3595,646.367,28046,42090,Eptesicus serotinus,0.007,0.021,-1,Echolocation,/mnt/ubna_data_02_mir/recover-20221013/UBNA_001/20221012_030000.WAV,Telephone Field,recover-20221013,001,1795
646.3705,646.4073,68437,81858,Rhinolophus ferrumequinum,0.024,0.024,-1,Echolocation,/mnt/ubna_data_02_mir/recover-20221013/UBNA_001/20221012_030000.WAV,Telephone Field,recover-20221013,001,1795
646.3925,646.4036,23750,29364,Nyctalus leisleri,0.011,0.025,-1,Echolocation,/mnt/ubna_data_02_mir/recover-20221013/UBNA_001/20221012_030000.WAV,Telephone Field,recover-20221013,001,1795
646.4105,646.4533,68437,82826,Rhinolophus ferrumequinum,0.021,0.021,-1,Echolocation,/mnt/ubna_data_02_mir/recover-20221013/UBNA_001/20221012_030000.WAV,Telephone Field,recover-20221013,001,1795
646.4115,646.4201,28046,40008,Eptesicus serotinus,0.009,0.025,-1,Echolocation,/mnt/ubna_data_02_mir/recover-20221013/UBNA_001/20221012_030000.WAV,Telephone Field,recover-20221013,001,1795
646.4405,646.4808,68437,82042,Rhinolophus ferrumequinum,0.021,0.021,-1,Echolocation,/mnt/ubna_data_02_mir/recover-20221013/UBNA_001/20221012_030000.WAV,Telephone Field,recover-20221013,001,1795
646.4455,646.4533,28046,38729,Eptesicus serotinus,0.008,0.022,-1,Echolocation,/mnt/ubna_data_02_mir/recover-20221013/UBNA_001/20221012_030000.WAV,Telephone Field,recover-20221013,001,1795
646.4915,646.5313,68437,82593,Rhinolophus ferrumequinum,0.021,0.021,-1,Echolocation,/mnt/ubna_data_02_mir/recover-20221013/UBNA_001/20221012_030000.WAV,Telephone Field,recover-20221013,001,1795
646.5145,646.5531,68437,82079,Rhinolophus ferrumequinum,0.022,0.022,-1,Echolocation,/mnt/ubna_data_02_mir/recover-20221013/UBNA_001/20221012_030000.WAV,Telephone Field,recover-20221013,001,1795
646.5185,646.5286,22890,28812,Nyctalus leisleri,0.009,0.023,-1,Echolocation,/mnt/ubna_data_02_mir/recover-20221013/UBNA_001/20221012_030000.WAV,Telephone Field,recover-20221013,001,1795
646.5725,646.5849,40078,44373,Pipistrellus nathusii,0.025,0.04,-1,Echolocation,/mnt/ubna_data_02_mir/recover-20221013/UBNA_001/20221012_030000.WAV,Telephone Field,recover-20221013,001,1795
646.6285,646.639,22890,27818,Nyctalus leisleri,0.012,0.025,-1,Echolocation,/mnt/ubna_data_02_mir/recover-20221013/UBNA_001/20221012_030000.WAV,Telephone Field,recover-20221013,001,1795
646.6755,646.6831999999999,28046,41251,Eptesicus serotinus,0.007,0.022,-1,Echolocation,/mnt/ubna_data_02_mir/recover-20221013/UBNA_001/20221012_030000.WAV,Telephone Field,recover-20221013,001,1795
646.6955,646.7152,18593,21720,Nyctalus noctula,0.012,0.024,-1,Echolocation,/mnt/ubna_data_02_mir/recover-20221013/UBNA_001/20221012_030000.WAV,Telephone Field,recover-20221013,001,1795
646.7175,646.7544,68437,81905,Rhinolophus ferrumequinum,0.021,0.021,-1,Echolocation,/mnt/ubna_data_02_mir/recover-20221013/UBNA_001/20221012_030000.WAV,Telephone Field,recover-20221013,001,1795
646.7255,646.7414,21171,24437,Nyctalus leisleri,0.013,0.021,-1,Echolocation,/mnt/ubna_data_02_mir/recover-20221013/UBNA_001/20221012_030000.WAV,Telephone Field,recover-20221013,001,1795
646.7505,646.7915,68437,82424,Rhinolophus ferrumequinum,0.025,0.025,-1,Echolocation,/mnt/ubna_data_02_mir/recover-20221013/UBNA_001/20221012_030000.WAV,Telephone Field,recover-20221013,001,1795
646.7555,646.763,24609,33804,Plecotus auritus,0.008,0.026,-1,Echolocation,/mnt/ubna_data_02_mir/recover-20221013/UBNA_001/20221012_030000.WAV,Telephone Field,recover-20221013,001,1795
646.8495,646.8887,68437,82311,Rhinolophus ferrumequinum,0.024,0.024,-1,Echolocation,/mnt/ubna_data_02_mir/recover-20221013/UBNA_001/20221012_030000.WAV,Telephone Field,recover-20221013,001,1795
646.8525,646.8621,24609,31814,Eptesicus serotinus,0.008,0.022,-1,Echolocation,/mnt/ubna_data_02_mir/recover-20221013/UBNA_001/20221012_030000.WAV,Telephone Field,recover-20221013,001,1795
646.9435,646.9824,68437,82396,Rhinolophus ferrumequinum,0.021,0.021,-1,Echolocation,/mnt/ubna_data_02_mir/recover-20221013/UBNA_001/20221012_030000.WAV,Telephone Field,recover-20221013,001,1795
646.9455,646.9547,29765,39265,Eptesicus serotinus,0.008,0.023,-1,Echolocation,/mnt/ubna_data_02_mir/recover-20221013/UBNA_001/20221012_030000.WAV,Telephone Field,recover-20221013,001,1795
646.9595,646.9979,68437,81780,Rhinolophus ferrumequinum,0.021,0.021,-1,Echolocation,/mnt/ubna_data_02_mir/recover-20221013/UBNA_001/20221012_030000.WAV,Telephone Field,recover-20221013,001,1795
646.9875,647.0274,68437,82160,Rhinolophus ferrumequinum,0.023,0.023,-1,Echolocation,/mnt/ubna_data_02_mir/recover-20221013/UBNA_001/20221012_030000.WAV,Telephone Field,recover-20221013,001,1795
646.9905,647.0076,53828,59830,Pipistrellus pygmaeus,0.016,0.022,-1,Echolocation,/mnt/ubna_data_02_mir/recover-20221013/UBNA_001/20221012_030000.WAV,Telephone Field,recover-20221013,001,1795
646.9975,647.0063,28046,36463,Eptesicus serotinus,0.009,0.022,-1,Echolocation,/mnt/ubna_data_02_mir/recover-20221013/UBNA_001/20221012_030000.WAV,Telephone Field,recover-20221013,001,1795
647.0305,647.0408,36640,42093,Pipistrellus nathusii,0.01,0.024,-1,Echolocation,/mnt/ubna_data_02_mir/recover-20221013/UBNA_001/20221012_030000.WAV,Telephone Field,recover-20221013,001,1795
647.0345,647.0414,28046,39825,Eptesicus serotinus,0.006,0.021,-1,Echolocation,/mnt/ubna_data_02_mir/recover-20221013/UBNA_001/20221012_030000.WAV,Telephone Field,recover-20221013,001,1795
647.0505,647.0901,68437,82256,Rhinolophus ferrumequinum,0.025,0.025,-1,Echolocation,/mnt/ubna_data_02_mir/recover-20221013/UBNA_001/20221012_030000.WAV,Telephone Field,recover-20221013,001,1795
647.0705,647.1093,68437,81896,Rhinolophus ferrumequinum,0.029,0.029,-1,Echolocation,/mnt/ubna_data_02_mir/recover-20221013/UBNA_001/20221012_030000.WAV,Telephone Field,recover-20221013,001,1795
647.0755,647.0859,26328,32666,Eptesicus serotinus,0.01,0.026,-1,Echolocation,/mnt/ubna_data_02_mir/recover-20221013/UBNA_001/20221012_030000.WAV,Telephone Field,recover-20221013,001,1795
647.0835,647.1208,68437,82751,Rhinolophus ferrumequinum,0.023,0.023,-1,Echolocation,/mnt/ubna_data_02_mir/recover-20221013/UBNA_001/20221012_030000.WAV,Telephone Field,recover-20221013,001,1795
647.0955,647.1326,68437,82051,Rhinolophus ferrumequinum,0.021,0.021,-1,Echolocation,/mnt/ubna_data_02_mir/recover-20221013/UBNA_001/20221012_030000.WAV,Telephone Field,recover-20221013,001,1795
647.1775,647.1827,27187,37624,Plecotus auritus,0.06,0.112,-1,Echolocation,/mnt/ubna_data_02_mir/recover-20221013/UBNA_001/20221012_030000.WAV,Telephone Field,recover-20221013,001,1795
647.1945,647.2297,68437,81467,Rhinolophus ferrumequinum,0.023,0.023,-1,Echolocation,/mnt/ubna_data_02_mir/recover-20221013/UBNA_001/20221012_030000.WAV,Telephone Field,recover-20221013,001,1795
647.2495,647.2889,68437,82194,Rhinolophus ferrumequinum,0.022,0.022,-1,Echolocation,/mnt/ubna_data_02_mir/recover-20221013/UBNA_001/20221012_030000.WAV,Telephone Field,recover-20221013,001,1795
647.2915,647.2984,25468,35934,Plecotus austriacus,0.009,0.031,-1,Echolocation,/mnt/ubna_data_02_mir/recover-20221013/UBNA_001/20221012_030000.WAV,Telephone Field,recover-20221013,001,1795
647.3245,647.3337,25468,32393,Eptesicus serotinus,0.009,0.024,-1,Echolocation,/mnt/ubna_data_02_mir/recover-20221013/UBNA_001/20221012_030000.WAV,Telephone Field,recover-20221013,001,1795
647.3495,647.3599,23750,29892,Nyctalus leisleri,0.01,0.025,-1,Echolocation,/mnt/ubna_data_02_mir/recover-20221013/UBNA_001/20221012_030000.WAV,Telephone Field,recover-20221013,001,1795
647.3645,647.373,45234,51042,Pipistrellus pipistrellus,0.019,0.021,-1,Echolocation,/mnt/ubna_data_02_mir/recover-20221013/UBNA_001/20221012_030000.WAV,Telephone Field,recover-20221013,001,1795
647.3655,647.4053,68437,82648,Rhinolophus ferrumequinum,0.021,0.021,-1,Echolocation,/mnt/ubna_data_02_mir/recover-20221013/UBNA_001/20221012_030000.WAV,Telephone Field,recover-20221013,001,1795
647.3825,647.391,28046,39164,Eptesicus serotinus,0.008,0.021,-1,Echolocation,/mnt/ubna_data_02_mir/recover-20221013/UBNA_001/20221012_030000.WAV,Telephone Field,recover-20221013,001,1795
647.4335,647.4741,68437,82483,Rhinolophus ferrumequinum,0.021,0.021,-1,Echolocation,/mnt/ubna_data_02_mir/recover-20221013/UBNA_001/20221012_030000.WAV,Telephone Field,recover-20221013,001,1795
647.4855,647.5022,20312,23388,Nyctalus leisleri,0.013,0.021,-1,Echolocation,/mnt/ubna_data_02_mir/recover-20221013/UBNA_001/20221012_030000.WAV,Telephone Field,recover-20221013,001,1795
647.4945,647.5348,68437,83167,Rhinolophus ferrumequinum,0.053,0.053,-1,Echolocation,/mnt/ubna_data_02_mir/recover-20221013/UBNA_001/20221012_030000.WAV,Telephone Field,recover-20221013,001,1795
647.5255,647.5648,68437,82321,Rhinolophus ferrumequinum,0.022,0.022,-1,Echolocation,/mnt/ubna_data_02_mir/recover-20221013/UBNA_001/20221012_030000.WAV,Telephone Field,recover-20221013,001,1795
647.5575,647.5978,68437,83273,Rhinolophus ferrumequinum,0.026,0.026,-1,Echolocation,/mnt/ubna_data_02_mir/recover-20221013/UBNA_001/20221012_030000.WAV,Telephone Field,recover-20221013,001,1795
647.5675,647.6076,68437,82443,Rhinolophus ferrumequinum,0.02,0.021,-1,Echolocation,/mnt/ubna_data_02_mir/recover-20221013/UBNA_001/20221012_030000.WAV,Telephone Field,recover-20221013,001,1795
647.6005,647.6371,68437,82098,Rhinolophus ferrumequinum,0.022,0.022,-1,Echolocation,/mnt/ubna_data_02_mir/recover-20221013/UBNA_001/20221012_030000.WAV,Telephone Field,recover-20221013,001,1795
647.6285,647.6351,28046,37915,Eptesicus serotinus,0.007,0.025,-1,Echolocation,/mnt/ubna_data_02_mir/recover-20221013/UBNA_001/20221012_030000.WAV,Telephone Field,recover-20221013,001,1795
647.6775,647.6843,25468,39628,Eptesicus serotinus,0.005,0.022,-1,Echolocation,/mnt/ubna_data_02_mir/recover-20221013/UBNA_001/20221012_030000.WAV,Telephone Field,recover-20221013,001,1795
647.7275,647.7672,68437,82050,Rhinolophus ferrumequinum,0.02,0.021,-1,Echolocation,/mnt/ubna_data_02_mir/recover-20221013/UBNA_001/20221012_030000.WAV,Telephone Field,recover-20221013,001,1795
647.7465,647.7838,68437,81692,Rhinolophus ferrumequinum,0.021,0.021,-1,Echolocation,/mnt/ubna_data_02_mir/recover-20221013/UBNA_001/20221012_030000.WAV,Telephone Field,recover-20221013,001,1795
647.7485,647.7585,24609,31306,Eptesicus serotinus,0.008,0.025,-1,Echolocation,/mnt/ubna_data_02_mir/recover-20221013/UBNA_001/20221012_030000.WAV,Telephone Field,recover-20221013,001,1795
647.7545,647.7917,68437,81716,Rhinolophus ferrumequinum,0.021,0.021,-1,Echolocation,/mnt/ubna_data_02_mir/recover-20221013/UBNA_001/20221012_030000.WAV,Telephone Field,recover-20221013,001,1795
647.7695,647.8081,68437,82120,Rhinolophus ferrumequinum,0.021,0.021,-1,Echolocation,/mnt/ubna_data_02_mir/recover-20221013/UBNA_001/20221012_030000.WAV,Telephone Field,recover-20221013,001,1795
647.7755,647.8165,68437,82472,Rhinolophus ferrumequinum,0.021,0.022,-1,Echolocation,/mnt/ubna_data_02_mir/recover-20221013/UBNA_001/20221012_030000.WAV,Telephone Field,recover-20221013,001,1795
647.7995,647.8078,28046,41583,Eptesicus serotinus,0.009,0.022,-1,Echolocation,/mnt/ubna_data_02_mir/recover-20221013/UBNA_001/20221012_030000.WAV,Telephone Field,recover-20221013,001,1795
647.8395,647.8526,15156,21822,Nyctalus noctula,0.014,0.021,-1,Echolocation,/mnt/ubna_data_02_mir/recover-20221013/UBNA_001/20221012_030000.WAV,Telephone Field,recover-20221013,001,1795
647.8405,647.8493,27187,38328,Eptesicus serotinus,0.009,0.022,-1,Echolocation,/mnt/ubna_data_02_mir/recover-20221013/UBNA_001/20221012_030000.WAV,Telephone Field,recover-20221013,001,1795
647.8525,647.8596,22031,29147,Plecotus austriacus,0.01,0.024,-1,Echolocation,/mnt/ubna_data_02_mir/recover-20221013/UBNA_001/20221012_030000.WAV,Telephone Field,recover-20221013,001,1795
647.8655,647.8734,28046,39537,Eptesicus serotinus,0.008,0.021,-1,Echolocation,/mnt/ubna_data_02_mir/recover-20221013/UBNA_001/20221012_030000.WAV,Telephone Field,recover-20221013,001,1795
647.8755,647.9110000000001,68437,81745,Rhinolophus ferrumequinum,0.022,0.022,-1,Echolocation,/mnt/ubna_data_02_mir/recover-20221013/UBNA_001/20221012_030000.WAV,Telephone Field,recover-20221013,001,1795
647.8885,647.9269,68437,82025,Rhinolophus ferrumequinum,0.022,0.022,-1,Echolocation,/mnt/ubna_data_02_mir/recover-20221013/UBNA_001/20221012_030000.WAV,Telephone Field,recover-20221013,001,1795
647.9175,647.9255,28046,40051,Eptesicus serotinus,0.008,0.023,-1,Echolocation,/mnt/ubna_data_02_mir/recover-20221013/UBNA_001/20221012_030000.WAV,Telephone Field,recover-20221013,001,1795
648.0015,648.0104,23750,31116,Nyctalus leisleri,0.009,0.026,-1,Echolocation,/mnt/ubna_data_02_mir/recover-20221013/UBNA_001/20221012_030000.WAV,Telephone Field,recover-20221013,001,1795
648.0015,648.0346,68437,80025,Rhinolophus ferrumequinum,0.022,0.022,-1,Echolocation,/mnt/ubna_data_02_mir/recover-20221013/UBNA_001/20221012_030000.WAV,Telephone Field,recover-20221013,001,1795
648.0015,648.0079,46093,50301,Pipistrellus pipistrellus,0.023,0.027,-1,Echolocation,/mnt/ubna_data_02_mir/recover-20221013/UBNA_001/20221012_030000.WAV,Telephone Field,recover-20221013,001,1795
648.0115,648.0197000000001,28046,37749,Eptesicus serotinus,0.008,0.021,-1,Echolocation,/mnt/ubna_data_02_mir/recover-20221013/UBNA_001/20221012_030000.WAV,Telephone Field,recover-20221013,001,1795
648.0505,648.0575,28046,41669,Eptesicus serotinus,0.006,0.021,-1,Echolocation,/mnt/ubna_data_02_mir/recover-20221013/UBNA_001/20221012_030000.WAV,Telephone Field,recover-20221013,001,1795
648.0535,648.0922,68437,82249,Rhinolophus ferrumequinum,0.022,0.022,-1,Echolocation,/mnt/ubna_data_02_mir/recover-20221013/UBNA_001/20221012_030000.WAV,Telephone Field,recover-20221013,001,1795
648.0555,648.0731,19453,23211,Nyctalus leisleri,0.009,0.021,-1,Echolocation,/mnt/ubna_data_02_mir/recover-20221013/UBNA_001/20221012_030000.WAV,Telephone Field,recover-20221013,001,1795
648.0935,648.1039,26328,33696,Eptesicus serotinus,0.015,0.028,-1,Echolocation,/mnt/ubna_data_02_mir/recover-20221013/UBNA_001/20221012_030000.WAV,Telephone Field,recover-20221013,001,1795
648.1535,648.1619,51250,56604,Pipistrellus pipistrellus,0.031,0.035,-1,Echolocation,/mnt/ubna_data_02_mir/recover-20221013/UBNA_001/20221012_030000.WAV,Telephone Field,recover-20221013,001,1795
648.1885,648.2223,68437,81463,Rhinolophus ferrumequinum,0.022,0.022,-1,Echolocation,/mnt/ubna_data_02_mir/recover-20221013/UBNA_001/20221012_030000.WAV,Telephone Field,recover-20221013,001,1795
648.1945,648.232,68437,81836,Rhinolophus ferrumequinum,0.021,0.021,-1,Echolocation,/mnt/ubna_data_02_mir/recover-20221013/UBNA_001/20221012_030000.WAV,Telephone Field,recover-20221013,001,1795
648.1985,648.2062,28046,40188,Eptesicus serotinus,0.007,0.022,-1,Echolocation,/mnt/ubna_data_02_mir/recover-20221013/UBNA_001/20221012_030000.WAV,Telephone Field,recover-20221013,001,1795
648.2105,648.2475,68437,81528,Rhinolophus ferrumequinum,0.021,0.021,-1,Echolocation,/mnt/ubna_data_02_mir/recover-20221013/UBNA_001/20221012_030000.WAV,Telephone Field,recover-20221013,001,1795
648.2195,648.2578,68437,82492,Rhinolophus ferrumequinum,0.024,0.024,-1,Echolocation,/mnt/ubna_data_02_mir/recover-20221013/UBNA_001/20221012_030000.WAV,Telephone Field,recover-20221013,001,1795
648.2585,648.2958,68437,81420,Rhinolophus ferrumequinum,0.022,0.022,-1,Echolocation,/mnt/ubna_data_02_mir/recover-20221013/UBNA_001/20221012_030000.WAV,Telephone Field,recover-20221013,001,1795
648.2915,648.3318,68437,82194,Rhinolophus ferrumequinum,0.021,0.021,-1,Echolocation,/mnt/ubna_data_02_mir/recover-20221013/UBNA_001/20221012_030000.WAV,Telephone Field,recover-20221013,001,1795
648.2935,648.3011,24609,33075,Plecotus austriacus,0.006,0.021,-1,Echolocation,/mnt/ubna_data_02_mir/recover-20221013/UBNA_001/20221012_030000.WAV,Telephone Field,recover-20221013,001,1795
648.3365,648.3748,68437,81396,Rhinolophus ferrumequinum,0.025,0.026,-1,Echolocation,/mnt/ubna_data_02_mir/recover-20221013/UBNA_001/20221012_030000.WAV,Telephone Field,recover-20221013,001,1795
648.4035,648.4422,68437,81957,Rhinolophus ferrumequinum,0.022,0.022,-1,Echolocation,/mnt/ubna_data_02_mir/recover-20221013/UBNA_001/20221012_030000.WAV,Telephone Field,recover-20221013,001,1795
648.4055,648.4131,28046,40717,Eptesicus serotinus,0.007,0.022,-1,Echolocation,/mnt/ubna_data_02_mir/recover-20221013/UBNA_001/20221012_030000.WAV,Telephone Field,recover-20221013,001,1795
648.4135,648.4195,28906,40620,Eptesicus serotinus,0.006,0.028,-1,Echolocation,/mnt/ubna_data_02_mir/recover-20221013/UBNA_001/20221012_030000.WAV,Telephone Field,recover-20221013,001,1795
648.4265,648.466,68437,82079,Rhinolophus ferrumequinum,0.021,0.021,-1,Echolocation,/mnt/ubna_data_02_mir/recover-20221013/UBNA_001/20221012_030000.WAV,Telephone Field,recover-20221013,001,1795
648.4925,648.5327,68437,82536,Rhinolophus ferrumequinum,0.023,0.023,-1,Echolocation,/mnt/ubna_data_02_mir/recover-20221013/UBNA_001/20221012_030000.WAV,Telephone Field,recover-20221013,001,1795
648.5005,648.5117,24609,30048,Nyctalus leisleri,0.013,0.033,-1,Echolocation,/mnt/ubna_data_02_mir/recover-20221013/UBNA_001/20221012_030000.WAV,Telephone Field,recover-20221013,001,1795
648.5195,648.5562,68437,81711,Rhinolophus ferrumequinum,0.02,0.021,-1,Echolocation,/mnt/ubna_data_02_mir/recover-20221013/UBNA_001/20221012_030000.WAV,Telephone Field,recover-20221013,001,1795
648.5425,648.5504,28046,37889,Eptesicus serotinus,0.006,0.021,-1,Echolocation,/mnt/ubna_data_02_mir/recover-20221013/UBNA_001/20221012_030000.WAV,Telephone Field,recover-20221013,001,1795
648.5625,648.5703,28046,38269,Eptesicus serotinus,0.008,0.022,-1,Echolocation,/mnt/ubna_data_02_mir/recover-20221013/UBNA_001/20221012_030000.WAV,Telephone Field,recover-20221013,001,1795
648.5755,648.6126,68437,81777,Rhinolophus ferrumequinum,0.021,0.021,-1,Echolocation,/mnt/ubna_data_02_mir/recover-20221013/UBNA_001/20221012_030000.WAV,Telephone Field,recover-20221013,001,1795
648.5825,648.5993,17734,22600,Nyctalus noctula,0.014,0.021,-1,Echolocation,/mnt/ubna_data_02_mir/recover-20221013/UBNA_001/20221012_030000.WAV,Telephone Field,recover-20221013,001,1795
648.5875,648.5969,24609,32103,Eptesicus serotinus,0.007,0.022,-1,Echolocation,/mnt/ubna_data_02_mir/recover-20221013/UBNA_001/20221012_030000.WAV,Telephone Field,recover-20221013,001,1795
648.5935,648.6339,68437,83275,Rhinolophus ferrumequinum,0.036,0.036,-1,Echolocation,/mnt/ubna_data_02_mir/recover-20221013/UBNA_001/20221012_030000.WAV,Telephone Field,recover-20221013,001,1795
648.6275,648.6674,68437,82766,Rhinolophus ferrumequinum,0.032,0.032,-1,Echolocation,/mnt/ubna_data_02_mir/recover-20221013/UBNA_001/20221012_030000.WAV,Telephone Field,recover-20221013,001,1795
648.6355,648.6435,24609,32927,Plecotus austriacus,0.006,0.022,-1,Echolocation,/mnt/ubna_data_02_mir/recover-20221013/UBNA_001/20221012_030000.WAV,Telephone Field,recover-20221013,001,1795
648.6555,648.6912,68437,80845,Rhinolophus ferrumequinum,0.021,0.021,-1,Echolocation,/mnt/ubna_data_02_mir/recover-20221013/UBNA_001/20221012_030000.WAV,Telephone Field,recover-20221013,001,1795
648.6575,648.6679,22031,27539,Nyctalus leisleri,0.009,0.021,-1,Echolocation,/mnt/ubna_data_02_mir/recover-20221013/UBNA_001/20221012_030000.WAV,Telephone Field,recover-20221013,001,1795
648.6595,648.6679,28046,37740,Eptesicus serotinus,0.009,0.022,-1,Echolocation,/mnt/ubna_data_02_mir/recover-20221013/UBNA_001/20221012_030000.WAV,Telephone Field,recover-20221013,001,1795
648.7665,648.8042,68437,81713,Rhinolophus ferrumequinum,0.021,0.021,-1,Echolocation,/mnt/ubna_data_02_mir/recover-20221013/UBNA_001/20221012_030000.WAV,Telephone Field,recover-20221013,001,1795
648.7764999999999,648.8145,68437,80989,Rhinolophus ferrumequinum,0.021,0.021,-1,Echolocation,/mnt/ubna_data_02_mir/recover-20221013/UBNA_001/20221012_030000.WAV,Telephone Field,recover-20221013,001,1795
648.7875,648.7977,28046,35402,Eptesicus serotinus,0.041,0.068,-1,Echolocation,/mnt/ubna_data_02_mir/recover-20221013/UBNA_001/20221012_030000.WAV,Telephone Field,recover-20221013,001,1795
648.8525,648.8927,68437,82317,Rhinolophus ferrumequinum,0.027,0.027,-1,Echolocation,/mnt/ubna_data_02_mir/recover-20221013/UBNA_001/20221012_030000.WAV,Telephone Field,recover-20221013,001,1795
648.8545,648.8628,24609,32354,Eptesicus serotinus,0.005,0.021,-1,Echolocation,/mnt/ubna_data_02_mir/recover-20221013/UBNA_001/20221012_030000.WAV,Telephone Field,recover-20221013,001,1795
648.8705,648.8789,33203,40975,Myotis daubentonii,0.009,0.027,-1,Echolocation,/mnt/ubna_data_02_mir/recover-20221013/UBNA_001/20221012_030000.WAV,Telephone Field,recover-20221013,001,1795
648.8875,648.9273,68437,81632,Rhinolophus ferrumequinum,0.022,0.022,-1,Echolocation,/mnt/ubna_data_02_mir/recover-20221013/UBNA_001/20221012_030000.WAV,Telephone Field,recover-20221013,001,1795
648.9095,648.9309,19453,22621,Nyctalus noctula,0.045,0.081,-1,Echolocation,/mnt/ubna_data_02_mir/recover-20221013/UBNA_001/20221012_030000.WAV,Telephone Field,recover-20221013,001,1795
648.9105,648.949,68437,82256,Rhinolophus ferrumequinum,0.022,0.022,-1,Echolocation,/mnt/ubna_data_02_mir/recover-20221013/UBNA_001/20221012_030000.WAV,Telephone Field,recover-20221013,001,1795
648.9335,648.9441,54687,59345,Pipistrellus pygmaeus,0.025,0.027,-1,Echolocation,/mnt/ubna_data_02_mir/recover-20221013/UBNA_001/20221012_030000.WAV,Telephone Field,recover-20221013,001,1795
648.9505,648.9569,27187,43160,Eptesicus serotinus,0.006,0.026,-1,Echolocation,/mnt/ubna_data_02_mir/recover-20221013/UBNA_001/20221012_030000.WAV,Telephone Field,recover-20221013,001,1795
648.9635,648.999,68437,80647,Rhinolophus ferrumequinum,0.022,0.022,-1,Echolocation,/mnt/ubna_data_02_mir/recover-20221013/UBNA_001/20221012_030000.WAV,Telephone Field,recover-20221013,001,1795
649.0025,649.0116,28046,38827,Eptesicus serotinus,0.008,0.021,-1,Echolocation,/mnt/ubna_data_02_mir/recover-20221013/UBNA_001/20221012_030000.WAV,Telephone Field,recover-20221013,001,1795
649.0285,649.0367,23750,31494,Plecotus austriacus,0.008,0.022,-1,Echolocation,/mnt/ubna_data_02_mir/recover-20221013/UBNA_001/20221012_030000.WAV,Telephone Field,recover-20221013,001,1795
649.0465,649.0546,47812,56159,Pipistrellus pipistrellus,0.022,0.026,-1,Echolocation,/mnt/ubna_data_02_mir/recover-20221013/UBNA_001/20221012_030000.WAV,Telephone Field,recover-20221013,001,1795
649.0865,649.1239,68437,81733,Rhinolophus ferrumequinum,0.021,0.021,-1,Echolocation,/mnt/ubna_data_02_mir/recover-20221013/UBNA_001/20221012_030000.WAV,Telephone Field,recover-20221013,001,1795
649.0985000000001,649.1072,28046,41015,Eptesicus serotinus,0.008,0.021,-1,Echolocation,/mnt/ubna_data_02_mir/recover-20221013/UBNA_001/20221012_030000.WAV,Telephone Field,recover-20221013,001,1795
649.1815,649.2195,68437,81576,Rhinolophus ferrumequinum,0.021,0.021,-1,Echolocation,/mnt/ubna_data_02_mir/recover-20221013/UBNA_001/20221012_030000.WAV,Telephone Field,recover-20221013,001,1795
649.2015,649.2133,23750,29127,Nyctalus leisleri,0.009,0.021,-1,Echolocation,/mnt/ubna_data_02_mir/recover-20221013/UBNA_001/20221012_030000.WAV,Telephone Field,recover-20221013,001,1795
649.2055,649.2425,68437,81840,Rhinolophus ferrumequinum,0.026,0.026,-1,Echolocation,/mnt/ubna_data_02_mir/recover-20221013/UBNA_001/20221012_030000.WAV,Telephone Field,recover-20221013,001,1795
649.2415,649.2584,21171,24159,Nyctalus leisleri,0.019,0.029,-1,Echolocation,/mnt/ubna_data_02_mir/recover-20221013/UBNA_001/20221012_030000.WAV,Telephone Field,recover-20221013,001,1795
649.2665,649.3032,68437,81748,Rhinolophus ferrumequinum,0.022,0.022,-1,Echolocation,/mnt/ubna_data_02_mir/recover-20221013/UBNA_001/20221012_030000.WAV,Telephone Field,recover-20221013,001,1795
649.2915,649.3251,68437,81231,Rhinolophus ferrumequinum,0.023,0.023,-1,Echolocation,/mnt/ubna_data_02_mir/recover-20221013/UBNA_001/20221012_030000.WAV,Telephone Field,recover-20221013,001,1795
649.3005,649.3072,25468,38904,Plecotus austriacus,0.006,0.025,-1,Echolocation,/mnt/ubna_data_02_mir/recover-20221013/UBNA_001/20221012_030000.WAV,Telephone Field,recover-20221013,001,1795
649.3095,649.3474,68437,81799,Rhinolophus ferrumequinum,0.022,0.022,-1,Echolocation,/mnt/ubna_data_02_mir/recover-20221013/UBNA_001/20221012_030000.WAV,Telephone Field,recover-20221013,001,1795
649.3175,649.3552,68437,81629,Rhinolophus ferrumequinum,0.021,0.021,-1,Echolocation,/mnt/ubna_data_02_mir/recover-20221013/UBNA_001/20221012_030000.WAV,Telephone Field,recover-20221013,001,1795
649.3645,649.3713,24609,33546,Plecotus austriacus,0.009,0.023,-1,Echolocation,/mnt/ubna_data_02_mir/recover-20221013/UBNA_001/20221012_030000.WAV,Telephone Field,recover-20221013,001,1795
649.3735,649.4153,68437,83016,Rhinolophus ferrumequinum,0.029,0.029,-1,Echolocation,/mnt/ubna_data_02_mir/recover-20221013/UBNA_001/20221012_030000.WAV,Telephone Field,recover-20221013,001,1795
649.3975,649.4071,28046,41965,Eptesicus serotinus,0.009,0.023,-1,Echolocation,/mnt/ubna_data_02_mir/recover-20221013/UBNA_001/20221012_030000.WAV,Telephone Field,recover-20221013,001,1795
649.4245,649.4316,49531,53587,Pipistrellus pipistrellus,0.023,0.024,-1,Echolocation,/mnt/ubna_data_02_mir/recover-20221013/UBNA_001/20221012_030000.WAV,Telephone Field,recover-20221013,001,1795
649.4465,649.4622,21171,24716,Nyctalus leisleri,0.017,0.029,-1,Echolocation,/mnt/ubna_data_02_mir/recover-20221013/UBNA_001/20221012_030000.WAV,Telephone Field,recover-20221013,001,1795
649.4815,649.4944,22031,26545,Nyctalus leisleri,0.011,0.021,-1,Echolocation,/mnt/ubna_data_02_mir/recover-20221013/UBNA_001/20221012_030000.WAV,Telephone Field,recover-20221013,001,1795
649.5305,649.5393,23750,30899,Nyctalus leisleri,0.007,0.022,-1,Echolocation,/mnt/ubna_data_02_mir/recover-20221013/UBNA_001/20221012_030000.WAV,Telephone Field,recover-20221013,001,1795
649.5545,649.5651,22031,27509,Nyctalus leisleri,0.011,0.026,-1,Echolocation,/mnt/ubna_data_02_mir/recover-20221013/UBNA_001/20221012_030000.WAV,Telephone Field,recover-20221013,001,1795
649.5645,649.6043999999999,68437,82400,Rhinolophus ferrumequinum,0.021,0.021,-1,Echolocation,/mnt/ubna_data_02_mir/recover-20221013/UBNA_001/20221012_030000.WAV,Telephone Field,recover-20221013,001,1795
649.5725,649.5852,43515,47201,Pipistrellus pipistrellus,0.021,0.028,-1,Echolocation,/mnt/ubna_data_02_mir/recover-20221013/UBNA_001/20221012_030000.WAV,Telephone Field,recover-20221013,001,1795
649.5915,649.6311,68437,81917,Rhinolophus ferrumequinum,0.026,0.026,-1,Echolocation,/mnt/ubna_data_02_mir/recover-20221013/UBNA_001/20221012_030000.WAV,Telephone Field,recover-20221013,001,1795
649.6135,649.6522,68437,82223,Rhinolophus ferrumequinum,0.021,0.021,-1,Echolocation,/mnt/ubna_data_02_mir/recover-20221013/UBNA_001/20221012_030000.WAV,Telephone Field,recover-20221013,001,1795
649.6345,649.6743,68437,82457,Rhinolophus ferrumequinum,0.021,0.021,-1,Echolocation,/mnt/ubna_data_02_mir/recover-20221013/UBNA_001/20221012_030000.WAV,Telephone Field,recover-20221013,001,1795
649.6365,649.6471,28046,35660,Eptesicus serotinus,0.013,0.026,-1,Echolocation,/mnt/ubna_data_02_mir/recover-20221013/UBNA_001/20221012_030000.WAV,Telephone Field,recover-20221013,001,1795
649.6725,649.7066,68437,80766,Rhinolophus ferrumequinum,0.021,0.021,-1,Echolocation,/mnt/ubna_data_02_mir/recover-20221013/UBNA_001/20221012_030000.WAV,Telephone Field,recover-20221013,001,1795
649.7115,649.749,68437,81295,Rhinolophus ferrumequinum,0.021,0.021,-1,Echolocation,/mnt/ubna_data_02_mir/recover-20221013/UBNA_001/20221012_030000.WAV,Telephone Field,recover-20221013,001,1795
649.7155,649.7231,28046,40313,Eptesicus serotinus,0.007,0.021,-1,Echolocation,/mnt/ubna_data_02_mir/recover-20221013/UBNA_001/20221012_030000.WAV,Telephone Field,recover-20221013,001,1795
649.7345,649.7719,68437,81958,Rhinolophus ferrumequinum,0.021,0.021,-1,Echolocation,/mnt/ubna_data_02_mir/recover-20221013/UBNA_001/20221012_030000.WAV,Telephone Field,recover-20221013,001,1795
649.7395,649.7468,28046,39839,Eptesicus serotinus,0.006,0.021,-1,Echolocation,/mnt/ubna_data_02_mir/recover-20221013/UBNA_001/20221012_030000.WAV,Telephone Field,recover-20221013,001,1795
649.7445,649.7836,68437,81910,Rhinolophus ferrumequinum,0.023,0.023,-1,Echolocation,/mnt/ubna_data_02_mir/recover-20221013/UBNA_001/20221012_030000.WAV,Telephone Field,recover-20221013,001,1795
649.7655,649.8049,68437,82610,Rhinolophus ferrumequinum,0.021,0.021,-1,Echolocation,/mnt/ubna_data_02_mir/recover-20221013/UBNA_001/20221012_030000.WAV,Telephone Field,recover-20221013,001,1795
649.7905,649.7985,28046,38962,Eptesicus serotinus,0.007,0.021,-1,Echolocation,/mnt/ubna_data_02_mir/recover-20221013/UBNA_001/20221012_030000.WAV,Telephone Field,recover-20221013,001,1795
649.8205,649.8285,28046,39403,Eptesicus serotinus,0.008,0.023,-1,Echolocation,/mnt/ubna_data_02_mir/recover-20221013/UBNA_001/20221012_030000.WAV,Telephone Field,recover-20221013,001,1795
649.8245,649.8634,68437,81665,Rhinolophus ferrumequinum,0.035,0.035,-1,Echolocation,/mnt/ubna_data_02_mir/recover-20221013/UBNA_001/20221012_030000.WAV,Telephone Field,recover-20221013,001,1795
649.8585,649.8985,68437,82512,Rhinolophus ferrumequinum,0.024,0.024,-1,Echolocation,/mnt/ubna_data_02_mir/recover-20221013/UBNA_001/20221012_030000.WAV,Telephone Field,recover-20221013,001,1795
649.8735,649.8844,22031,26492,Nyctalus leisleri,0.012,0.023,-1,Echolocation,/mnt/ubna_data_02_mir/recover-20221013/UBNA_001/20221012_030000.WAV,Telephone Field,recover-20221013,001,1795
649.8885,649.9278,68437,81947,Rhinolophus ferrumequinum,0.022,0.022,-1,Echolocation,/mnt/ubna_data_02_mir/recover-20221013/UBNA_001/20221012_030000.WAV,Telephone Field,recover-20221013,001,1795
649.9065,649.943,68437,81694,Rhinolophus ferrumequinum,0.021,0.021,-1,Echolocation,/mnt/ubna_data_02_mir/recover-20221013/UBNA_001/20221012_030000.WAV,Telephone Field,recover-20221013,001,1795
650.0015,650.0103,24609,32747,Nyctalus leisleri,0.008,0.027,-1,Echolocation,/mnt/ubna_data_02_mir/recover-20221013/UBNA_001/20221012_030000.WAV,Telephone Field,recover-20221013,001,1795
650.0015,650.0336,68437,80542,Rhinolophus ferrumequinum,0.022,0.023,-1,Echolocation,/mnt/ubna_data_02_mir/recover-20221013/UBNA_001/20221012_030000.WAV,Telephone Field,recover-20221013,001,1795
650.0235,650.0324,22890,29354,Plecotus austriacus,0.008,0.022,-1,Echolocation,/mnt/ubna_data_02_mir/recover-20221013/UBNA_001/20221012_030000.WAV,Telephone Field,recover-20221013,001,1795
650.0565,650.0633,27187,41752,Eptesicus serotinus,0.006,0.022,-1,Echolocation,/mnt/ubna_data_02_mir/recover-20221013/UBNA_001/20221012_030000.WAV,Telephone Field,recover-20221013,001,1795
650.0755,650.0832,23750,31830,Plecotus austriacus,0.01,0.023,-1,Echolocation,/mnt/ubna_data_02_mir/recover-20221013/UBNA_001/20221012_030000.WAV,Telephone Field,recover-20221013,001,1795
650.1015,650.1406,68437,82663,Rhinolophus ferrumequinum,0.025,0.025,-1,Echolocation,/mnt/ubna_data_02_mir/recover-20221013/UBNA_001/20221012_030000.WAV,Telephone Field,recover-20221013,001,1795
650.1195,650.1293000000001,26328,33943,Eptesicus serotinus,0.011,0.025,-1,Echolocation,/mnt/ubna_data_02_mir/recover-20221013/UBNA_001/20221012_030000.WAV,Telephone Field,recover-20221013,001,1795
650.1485,650.1567,29765,37071,Eptesicus serotinus,0.065,0.111,-1,Echolocation,/mnt/ubna_data_02_mir/recover-20221013/UBNA_001/20221012_030000.WAV,Telephone Field,recover-20221013,001,1795
650.2125,650.2229,22031,26561,Nyctalus leisleri,0.011,0.022,-1,Echolocation,/mnt/ubna_data_02_mir/recover-20221013/UBNA_001/20221012_030000.WAV,Telephone Field,recover-20221013,001,1795
650.2745,650.3161,68437,82612,Rhinolophus ferrumequinum,0.026,0.026,-1,Echolocation,/mnt/ubna_data_02_mir/recover-20221013/UBNA_001/20221012_030000.WAV,Telephone Field,recover-20221013,001,1795
650.3005,650.3399,68437,82663,Rhinolophus ferrumequinum,0.025,0.025,-1,Echolocation,/mnt/ubna_data_02_mir/recover-20221013/UBNA_001/20221012_030000.WAV,Telephone Field,recover-20221013,001,1795
650.3425,650.3846,68437,82582,Rhinolophus ferrumequinum,0.024,0.024,-1,Echolocation,/mnt/ubna_data_02_mir/recover-20221013/UBNA_001/20221012_030000.WAV,Telephone Field,recover-20221013,001,1795
650.3735,650.3837,22031,27366,Nyctalus leisleri,0.011,0.027,-1,Echolocation,/mnt/ubna_data_02_mir/recover-20221013/UBNA_001/20221012_030000.WAV,Telephone Field,recover-20221013,001,1795
650.4065,650.4185,22890,26930,Nyctalus leisleri,0.015,0.027,-1,Echolocation,/mnt/ubna_data_02_mir/recover-20221013/UBNA_001/20221012_030000.WAV,Telephone Field,recover-20221013,001,1795
650.4275,650.4675,68437,82288,Rhinolophus ferrumequinum,0.023,0.023,-1,Echolocation,/mnt/ubna_data_02_mir/recover-20221013/UBNA_001/20221012_030000.WAV,Telephone Field,recover-20221013,001,1795
650.4425,650.4541,22031,26257,Nyctalus leisleri,0.013,0.023,-1,Echolocation,/mnt/ubna_data_02_mir/recover-20221013/UBNA_001/20221012_030000.WAV,Telephone Field,recover-20221013,001,1795
650.4495,650.4823,68437,80825,Rhinolophus ferrumequinum,0.026,0.026,-1,Echolocation,/mnt/ubna_data_02_mir/recover-20221013/UBNA_001/20221012_030000.WAV,Telephone Field,recover-20221013,001,1795
650.4645,650.4747,23750,30224,Nyctalus leisleri,0.007,0.022,-1,Echolocation,/mnt/ubna_data_02_mir/recover-20221013/UBNA_001/20221012_030000.WAV,Telephone Field,recover-20221013,001,1795
650.4835,650.5201,68437,81044,Rhinolophus ferrumequinum,0.023,0.023,-1,Echolocation,/mnt/ubna_data_02_mir/recover-20221013/UBNA_001/20221012_030000.WAV,Telephone Field,recover-20221013,001,1795
650.5035,650.5134,27187,34922,Eptesicus serotinus,0.011,0.029,-1,Echolocation,/mnt/ubna_data_02_mir/recover-20221013/UBNA_001/20221012_030000.WAV,Telephone Field,recover-20221013,001,1795
650.5245,650.565,68437,82705,Rhinolophus ferrumequinum,0.023,0.023,-1,Echolocation,/mnt/ubna_data_02_mir/recover-20221013/UBNA_001/20221012_030000.WAV,Telephone Field,recover-20221013,001,1795
650.5345,650.5451,22890,28808,Nyctalus leisleri,0.009,0.022,-1,Echolocation,/mnt/ubna_data_02_mir/recover-20221013/UBNA_001/20221012_030000.WAV,Telephone Field,recover-20221013,001,1795
650.5505,650.5961,68437,83578,Rhinolophus ferrumequinum,0.043,0.043,-1,Echolocation,/mnt/ubna_data_02_mir/recover-20221013/UBNA_001/20221012_030000.WAV,Telephone Field,recover-20221013,001,1795
650.5595,650.5703,26328,33308,Eptesicus serotinus,0.01,0.022,-1,Echolocation,/mnt/ubna_data_02_mir/recover-20221013/UBNA_001/20221012_030000.WAV,Telephone Field,recover-20221013,001,1795
650.5725,650.581,22890,30008,Plecotus austriacus,0.011,0.026,-1,Echolocation,/mnt/ubna_data_02_mir/recover-20221013/UBNA_001/20221012_030000.WAV,Telephone Field,recover-20221013,001,1795
650.5965,650.6375,68437,82637,Rhinolophus ferrumequinum,0.025,0.025,-1,Echolocation,/mnt/ubna_data_02_mir/recover-20221013/UBNA_001/20221012_030000.WAV,Telephone Field,recover-20221013,001,1795
650.6215,650.6610000000001,68437,82137,Rhinolophus ferrumequinum,0.024,0.024,-1,Echolocation,/mnt/ubna_data_02_mir/recover-20221013/UBNA_001/20221012_030000.WAV,Telephone Field,recover-20221013,001,1795
650.6335,650.6724,68437,81934,Rhinolophus ferrumequinum,0.026,0.026,-1,Echolocation,/mnt/ubna_data_02_mir/recover-20221013/UBNA_001/20221012_030000.WAV,Telephone Field,recover-20221013,001,1795
650.6825,650.6898,28906,39647,Eptesicus serotinus,0.007,0.023,-1,Echolocation,/mnt/ubna_data_02_mir/recover-20221013/UBNA_001/20221012_030000.WAV,Telephone Field,recover-20221013,001,1795
650.6915,650.7018,24609,30460,Nyctalus leisleri,0.01,0.024,-1,Echolocation,/mnt/ubna_data_02_mir/recover-20221013/UBNA_001/20221012_030000.WAV,Telephone Field,recover-20221013,001,1795
650.7055,650.715,28906,39373,Eptesicus serotinus,0.01,0.024,-1,Echolocation,/mnt/ubna_data_02_mir/recover-20221013/UBNA_001/20221012_030000.WAV,Telephone Field,recover-20221013,001,1795
650.7145,650.7218,26328,35562,Plecotus austriacus,0.006,0.024,-1,Echolocation,/mnt/ubna_data_02_mir/recover-20221013/UBNA_001/20221012_030000.WAV,Telephone Field,recover-20221013,001,1795
650.7295,650.7391,32343,39719,Barbastellus barbastellus,0.006,0.022,-1,Echolocation,/mnt/ubna_data_02_mir/recover-20221013/UBNA_001/20221012_030000.WAV,Telephone Field,recover-20221013,001,1795
650.7305,650.7735,68437,83105,Rhinolophus ferrumequinum,0.026,0.026,-1,Echolocation,/mnt/ubna_data_02_mir/recover-20221013/UBNA_001/20221012_030000.WAV,Telephone Field,recover-20221013,001,1795
650.7305,650.7378,42656,46695,Pipistrellus pipistrellus,0.02,0.022,-1,Echolocation,/mnt/ubna_data_02_mir/recover-20221013/UBNA_001/20221012_030000.WAV,Telephone Field,recover-20221013,001,1795
650.7595,650.7684,28906,37397,Eptesicus serotinus,0.008,0.023,-1,Echolocation,/mnt/ubna_data_02_mir/recover-20221013/UBNA_001/20221012_030000.WAV,Telephone Field,recover-20221013,001,1795
650.7785,650.7884,40078,44362,Pipistrellus nathusii,0.046,0.063,-1,Echolocation,/mnt/ubna_data_02_mir/recover-20221013/UBNA_001/20221012_030000.WAV,Telephone Field,recover-20221013,001,1795
650.8075,650.8509,68437,83199,Rhinolophus ferrumequinum,0.029,0.029,-1,Echolocation,/mnt/ubna_data_02_mir/recover-20221013/UBNA_001/20221012_030000.WAV,Telephone Field,recover-20221013,001,1795
650.8155,650.8587,68437,83060,Rhinolophus ferrumequinum,0.03,0.03,-1,Echolocation,/mnt/ubna_data_02_mir/recover-20221013/UBNA_001/20221012_030000.WAV,Telephone Field,recover-20221013,001,1795
650.8165,650.8276,28046,34458,Eptesicus serotinus,0.015,0.029,-1,Echolocation,/mnt/ubna_data_02_mir/recover-20221013/UBNA_001/20221012_030000.WAV,Telephone Field,recover-20221013,001,1795
650.8215,650.8643,68437,83290,Rhinolophus ferrumequinum,0.028,0.028,-1,Echolocation,/mnt/ubna_data_02_mir/recover-20221013/UBNA_001/20221012_030000.WAV,Telephone Field,recover-20221013,001,1795
650.8545,650.8959,68437,82308,Rhinolophus ferrumequinum,0.031,0.031,-1,Echolocation,/mnt/ubna_data_02_mir/recover-20221013/UBNA_001/20221012_030000.WAV,Telephone Field,recover-20221013,001,1795
650.8675,650.8769,27187,34913,Eptesicus serotinus,0.011,0.024,-1,Echolocation,/mnt/ubna_data_02_mir/recover-20221013/UBNA_001/20221012_030000.WAV,Telephone Field,recover-20221013,001,1795
650.8965,650.9052,28906,41011,Eptesicus serotinus,0.008,0.023,-1,Echolocation,/mnt/ubna_data_02_mir/recover-20221013/UBNA_001/20221012_030000.WAV,Telephone Field,recover-20221013,001,1795
650.9095,650.9493,68437,82542,Rhinolophus ferrumequinum,0.023,0.023,-1,Echolocation,/mnt/ubna_data_02_mir/recover-20221013/UBNA_001/20221012_030000.WAV,Telephone Field,recover-20221013,001,1795
650.9305,650.9391,49531,54192,Pipistrellus pipistrellus,0.028,0.031,-1,Echolocation,/mnt/ubna_data_02_mir/recover-20221013/UBNA_001/20221012_030000.WAV,Telephone Field,recover-20221013,001,1795
650.9425,650.9514,28906,39157,Eptesicus serotinus,0.01,0.027,-1,Echolocation,/mnt/ubna_data_02_mir/recover-20221013/UBNA_001/20221012_030000.WAV,Telephone Field,recover-20221013,001,1795
650.9605,651.0,68437,82695,Rhinolophus ferrumequinum,0.022,0.022,-1,Echolocation,/mnt/ubna_data_02_mir/recover-20221013/UBNA_001/20221012_030000.WAV,Telephone Field,recover-20221013,001,1795
650.9745,651.0128,68437,82451,Rhinolophus ferrumequinum,0.022,0.022,-1,Echolocation,/mnt/ubna_data_02_mir/recover-20221013/UBNA_001/20221012_030000.WAV,Telephone Field,recover-20221013,001,1795
650.9805,651.0187,68437,82514,Rhinolophus ferrumequinum,0.022,0.022,-1,Echolocation,/mnt/ubna_data_02_mir/recover-20221013/UBNA_001/20221012_030000.WAV,Telephone Field,recover-20221013,001,1795
650.9885,651.0013,26328,32789,Eptesicus serotinus,0.016,0.034,-1,Echolocation,/mnt/ubna_data_02_mir/recover-20221013/UBNA_001/20221012_030000.WAV,Telephone Field,recover-20221013,001,1795
650.9985,651.0082,44375,49812,Pipistrellus pipistrellus,0.022,0.024,-1,Echolocation,/mnt/ubna_data_02_mir/recover-20221013/UBNA_001/20221012_030000.WAV,Telephone Field,recover-20221013,001,1795
650.9995,651.0404,68437,82781,Rhinolophus ferrumequinum,0.022,0.022,-1,Echolocation,/mnt/ubna_data_02_mir/recover-20221013/UBNA_001/20221012_030000.WAV,Telephone Field,recover-20221013,001,1795
651.0325,651.0429,46093,49990,Pipistrellus pipistrellus,0.035,0.039,-1,Echolocation,/mnt/ubna_data_02_mir/recover-20221013/UBNA_001/20221012_030000.WAV,Telephone Field,recover-20221013,001,1795
651.0355,651.0765,68437,83202,Rhinolophus ferrumequinum,0.023,0.023,-1,Echolocation,/mnt/ubna_data_02_mir/recover-20221013/UBNA_001/20221012_030000.WAV,Telephone Field,recover-20221013,001,1795
651.0755,651.1139000000001,68437,82313,Rhinolophus ferrumequinum,0.025,0.025,-1,Echolocation,/mnt/ubna_data_02_mir/recover-20221013/UBNA_001/20221012_030000.WAV,Telephone Field,recover-20221013,001,1795
651.0845,651.1222,68437,82434,Rhinolophus ferrumequinum,0.025,0.025,-1,Echolocation,/mnt/ubna_data_02_mir/recover-20221013/UBNA_001/20221012_030000.WAV,Telephone Field,recover-20221013,001,1795
651.1165,651.156,68437,81989,Rhinolophus ferrumequinum,0.031,0.031,-1,Echolocation,/mnt/ubna_data_02_mir/recover-20221013/UBNA_001/20221012_030000.WAV,Telephone Field,recover-20221013,001,1795
651.1235,651.134,22890,29020,Nyctalus leisleri,0.012,0.027,-1,Echolocation,/mnt/ubna_data_02_mir/recover-20221013/UBNA_001/20221012_030000.WAV,Telephone Field,recover-20221013,001,1795
651.1675,651.2047,68437,81067,Rhinolophus ferrumequinum,0.026,0.027,-1,Echolocation,/mnt/ubna_data_02_mir/recover-20221013/UBNA_001/20221012_030000.WAV,Telephone Field,recover-20221013,001,1795
651.1835,651.1941,23750,28277,Nyctalus leisleri,0.012,0.025,-1,Echolocation,/mnt/ubna_data_02_mir/recover-20221013/UBNA_001/20221012_030000.WAV,Telephone Field,recover-20221013,001,1795
651.2135,651.222,28906,38911,Eptesicus serotinus,0.008,0.022,-1,Echolocation,/mnt/ubna_data_02_mir/recover-20221013/UBNA_001/20221012_030000.WAV,Telephone Field,recover-20221013,001,1795
651.2235000000001,651.2626,68437,81615,Rhinolophus ferrumequinum,0.022,0.022,-1,Echolocation,/mnt/ubna_data_02_mir/recover-20221013/UBNA_001/20221012_030000.WAV,Telephone Field,recover-20221013,001,1795
651.2875,651.3256,68437,81971,Rhinolophus ferrumequinum,0.022,0.022,-1,Echolocation,/mnt/ubna_data_02_mir/recover-20221013/UBNA_001/20221012_030000.WAV,Telephone Field,recover-20221013,001,1795
651.3765,651.3847,24609,33201,Plecotus austriacus,0.007,0.022,-1,Echolocation,/mnt/ubna_data_02_mir/recover-20221013/UBNA_001/20221012_030000.WAV,Telephone Field,recover-20221013,001,1795
651.3905,651.3992,53828,58634,Pipistrellus pygmaeus,0.049,0.056,-1,Echolocation,/mnt/ubna_data_02_mir/recover-20221013/UBNA_001/20221012_030000.WAV,Telephone Field,recover-20221013,001,1795
651.4135,651.4541,68437,82390,Rhinolophus ferrumequinum,0.022,0.022,-1,Echolocation,/mnt/ubna_data_02_mir/recover-20221013/UBNA_001/20221012_030000.WAV,Telephone Field,recover-20221013,001,1795
651.4235,651.463,68437,82754,Rhinolophus ferrumequinum,0.024,0.024,-1,Echolocation,/mnt/ubna_data_02_mir/recover-20221013/UBNA_001/20221012_030000.WAV,Telephone Field,recover-20221013,001,1795
651.4475,651.4895,68437,82793,Rhinolophus ferrumequinum,0.024,0.024,-1,Echolocation,/mnt/ubna_data_02_mir/recover-20221013/UBNA_001/20221012_030000.WAV,Telephone Field,recover-20221013,001,1795
651.4565,651.4648,23750,31751,Plecotus austriacus,0.009,0.022,-1,Echolocation,/mnt/ubna_data_02_mir/recover-20221013/UBNA_001/20221012_030000.WAV,Telephone Field,recover-20221013,001,1795
651.4775,651.5168,68437,82607,Rhinolophus ferrumequinum,0.024,0.024,-1,Echolocation,/mnt/ubna_data_02_mir/recover-20221013/UBNA_001/20221012_030000.WAV,Telephone Field,recover-20221013,001,1795
651.4955,651.5061,28046,35335,Eptesicus serotinus,0.013,0.026,-1,Echolocation,/mnt/ubna_data_02_mir/recover-20221013/UBNA_001/20221012_030000.WAV,Telephone Field,recover-20221013,001,1795
651.5055,651.5136,28906,37876,Eptesicus serotinus,0.007,0.023,-1,Echolocation,/mnt/ubna_data_02_mir/recover-20221013/UBNA_001/20221012_030000.WAV,Telephone Field,recover-20221013,001,1795
651.5135,651.5542,68437,82408,Rhinolophus ferrumequinum,0.028,0.028,-1,Echolocation,/mnt/ubna_data_02_mir/recover-20221013/UBNA_001/20221012_030000.WAV,Telephone Field,recover-20221013,001,1795
651.5255,651.5634,68437,82219,Rhinolophus ferrumequinum,0.023,0.024,-1,Echolocation,/mnt/ubna_data_02_mir/recover-20221013/UBNA_001/20221012_030000.WAV,Telephone Field,recover-20221013,001,1795
651.5345,651.5735,68437,82123,Rhinolophus ferrumequinum,0.022,0.022,-1,Echolocation,/mnt/ubna_data_02_mir/recover-20221013/UBNA_001/20221012_030000.WAV,Telephone Field,recover-20221013,001,1795
651.5615,651.5993,68437,82529,Rhinolophus ferrumequinum,0.023,0.023,-1,Echolocation,/mnt/ubna_data_02_mir/recover-20221013/UBNA_001/20221012_030000.WAV,Telephone Field,recover-20221013,001,1795
651.6075,651.6149,28046,38995,Eptesicus serotinus,0.022,0.056,-1,Echolocation,/mnt/ubna_data_02_mir/recover-20221013/UBNA_001/20221012_030000.WAV,Telephone Field,recover-20221013,001,1795
651.6305,651.6674,68437,81305,Rhinolophus ferrumequinum,0.022,0.022,-1,Echolocation,/mnt/ubna_data_02_mir/recover-20221013/UBNA_001/20221012_030000.WAV,Telephone Field,recover-20221013,001,1795
651.6585,651.6664,26328,39008,Eptesicus serotinus,0.007,0.022,-1,Echolocation,/mnt/ubna_data_02_mir/recover-20221013/UBNA_001/20221012_030000.WAV,Telephone Field,recover-20221013,001,1795
651.7355,651.7714,68437,81521,Rhinolophus ferrumequinum,0.025,0.025,-1,Echolocation,/mnt/ubna_data_02_mir/recover-20221013/UBNA_001/20221012_030000.WAV,Telephone Field,recover-20221013,001,1795
651.7575,651.7915,68437,81446,Rhinolophus ferrumequinum,0.022,0.022,-1,Echolocation,/mnt/ubna_data_02_mir/recover-20221013/UBNA_001/20221012_030000.WAV,Telephone Field,recover-20221013,001,1795
651.8005,651.8412,68437,83292,Rhinolophus ferrumequinum,0.024,0.024,-1,Echolocation,/mnt/ubna_data_02_mir/recover-20221013/UBNA_001/20221012_030000.WAV,Telephone Field,recover-20221013,001,1795
651.8035,651.8112,24609,33543,Plecotus austriacus,0.007,0.022,-1,Echolocation,/mnt/ubna_data_02_mir/recover-20221013/UBNA_001/20221012_030000.WAV,Telephone Field,recover-20221013,001,1795
651.8235,651.8336,22031,28138,Nyctalus leisleri,0.011,0.029,-1,Echolocation,/mnt/ubna_data_02_mir/recover-20221013/UBNA_001/20221012_030000.WAV,Telephone Field,recover-20221013,001,1795
651.8595,651.8682,50390,56433,Pipistrellus pipistrellus,0.018,0.022,-1,Echolocation,/mnt/ubna_data_02_mir/recover-20221013/UBNA_001/20221012_030000.WAV,Telephone Field,recover-20221013,001,1795
651.8615,651.9019,68437,82724,Rhinolophus ferrumequinum,0.031,0.031,-1,Echolocation,/mnt/ubna_data_02_mir/recover-20221013/UBNA_001/20221012_030000.WAV,Telephone Field,recover-20221013,001,1795
651.8965,651.9323,68437,81508,Rhinolophus ferrumequinum,0.022,0.022,-1,Echolocation,/mnt/ubna_data_02_mir/recover-20221013/UBNA_001/20221012_030000.WAV,Telephone Field,recover-20221013,001,1795
651.8975,651.9057,27187,37910,Eptesicus serotinus,0.006,0.023,-1,Echolocation,/mnt/ubna_data_02_mir/recover-20221013/UBNA_001/20221012_030000.WAV,Telephone Field,recover-20221013,001,1795
651.8995,651.9196,18593,22497,Nyctalus noctula,0.025,0.039,-1,Echolocation,/mnt/ubna_data_02_mir/recover-20221013/UBNA_001/20221012_030000.WAV,Telephone Field,recover-20221013,001,1795
652.0015,652.0337,68437,79851,Rhinolophus ferrumequinum,0.02,0.02,-1,Echolocation,/mnt/ubna_data_02_mir/recover-20221013/UBNA_001/20221012_030000.WAV,Telephone Field,recover-20221013,001,1795
652.0015,652.011,25468,34640,Eptesicus serotinus,0.008,0.027,-1,Echolocation,/mnt/ubna_data_02_mir/recover-20221013/UBNA_001/20221012_030000.WAV,Telephone Field,recover-20221013,001,1795
652.0095,652.0505,68437,82343,Rhinolophus ferrumequinum,0.023,0.023,-1,Echolocation,/mnt/ubna_data_02_mir/recover-20221013/UBNA_001/20221012_030000.WAV,Telephone Field,recover-20221013,001,1795
652.0295,652.07,68437,82799,Rhinolophus ferrumequinum,0.022,0.022,-1,Echolocation,/mnt/ubna_data_02_mir/recover-20221013/UBNA_001/20221012_030000.WAV,Telephone Field,recover-20221013,001,1795
652.0305,652.0403,28906,37217,Eptesicus serotinus,0.01,0.023,-1,Echolocation,/mnt/ubna_data_02_mir/recover-20221013/UBNA_001/20221012_030000.WAV,Telephone Field,recover-20221013,001,1795
652.0535,652.0919,68437,81843,Rhinolophus ferrumequinum,0.022,0.022,-1,Echolocation,/mnt/ubna_data_02_mir/recover-20221013/UBNA_001/20221012_030000.WAV,Telephone Field,recover-20221013,001,1795
652.0535,652.0632,44375,50978,Pipistrellus pipistrellus,0.016,0.022,-1,Echolocation,/mnt/ubna_data_02_mir/recover-20221013/UBNA_001/20221012_030000.WAV,Telephone Field,recover-20221013,001,1795
652.0715,652.0785,28046,38472,Eptesicus serotinus,0.006,0.023,-1,Echolocation,/mnt/ubna_data_02_mir/recover-20221013/UBNA_001/20221012_030000.WAV,Telephone Field,recover-20221013,001,1795
652.0805,652.092,14296,19100,Nyctalus noctula,0.011,0.021,-1,Echolocation,/mnt/ubna_data_02_mir/recover-20221013/UBNA_001/20221012_030000.WAV,Telephone Field,recover-20221013,001,1795
652.0965,652.1373,68437,82226,Rhinolophus ferrumequinum,0.022,0.022,-1,Echolocation,/mnt/ubna_data_02_mir/recover-20221013/UBNA_001/20221012_030000.WAV,Telephone Field,recover-20221013,001,1795
652.1325,652.1422,28906,40045,Eptesicus serotinus,0.008,0.022,-1,Echolocation,/mnt/ubna_data_02_mir/recover-20221013/UBNA_001/20221012_030000.WAV,Telephone Field,recover-20221013,001,1795
652.1345,652.1729,68437,82156,Rhinolophus ferrumequinum,0.021,0.021,-1,Echolocation,/mnt/ubna_data_02_mir/recover-20221013/UBNA_001/20221012_030000.WAV,Telephone Field,recover-20221013,001,1795
652.1425,652.1516,37500,43036,Myotis daubentonii,0.006,0.024,-1,Echolocation,/mnt/ubna_data_02_mir/recover-20221013/UBNA_001/20221012_030000.WAV,Telephone Field,recover-20221013,001,1795
652.1455,652.1523,27187,40935,Eptesicus serotinus,0.006,0.021,-1,Echolocation,/mnt/ubna_data_02_mir/recover-20221013/UBNA_001/20221012_030000.WAV,Telephone Field,recover-20221013,001,1795
652.1705,652.1809,22890,29100,Nyctalus leisleri,0.01,0.027,-1,Echolocation,/mnt/ubna_data_02_mir/recover-20221013/UBNA_001/20221012_030000.WAV,Telephone Field,recover-20221013,001,1795
652.1965,652.238,68437,82372,Rhinolophus ferrumequinum,0.024,0.024,-1,Echolocation,/mnt/ubna_data_02_mir/recover-20221013/UBNA_001/20221012_030000.WAV,Telephone Field,recover-20221013,001,1795
652.2025,652.2135,26328,33538,Nyctalus leisleri,0.013,0.036,-1,Echolocation,/mnt/ubna_data_02_mir/recover-20221013/UBNA_001/20221012_030000.WAV,Telephone Field,recover-20221013,001,1795
652.2095,652.2509,68437,82696,Rhinolophus ferrumequinum,0.023,0.023,-1,Echolocation,/mnt/ubna_data_02_mir/recover-20221013/UBNA_001/20221012_030000.WAV,Telephone Field,recover-20221013,001,1795
652.2305,652.2391,28046,40713,Eptesicus serotinus,0.007,0.02,-1,Echolocation,/mnt/ubna_data_02_mir/recover-20221013/UBNA_001/20221012_030000.WAV,Telephone Field,recover-20221013,001,1795
652.2405,652.2786,68437,81385,Rhinolophus ferrumequinum,0.021,0.021,-1,Echolocation,/mnt/ubna_data_02_mir/recover-20221013/UBNA_001/20221012_030000.WAV,Telephone Field,recover-20221013,001,1795
652.2795,652.2869,28046,38819,Eptesicus serotinus,0.006,0.021,-1,Echolocation,/mnt/ubna_data_02_mir/recover-20221013/UBNA_001/20221012_030000.WAV,Telephone Field,recover-20221013,001,1795
652.3075,652.3198,22890,28198,Nyctalus leisleri,0.013,0.028,-1,Echolocation,/mnt/ubna_data_02_mir/recover-20221013/UBNA_001/20221012_030000.WAV,Telephone Field,recover-20221013,001,1795
652.3095,652.3463,68437,81834,Rhinolophus ferrumequinum,0.02,0.02,-1,Echolocation,/mnt/ubna_data_02_mir/recover-20221013/UBNA_001/20221012_030000.WAV,Telephone Field,recover-20221013,001,1795
652.3315,652.3711,68437,82735,Rhinolophus ferrumequinum,0.024,0.024,-1,Echolocation,/mnt/ubna_data_02_mir/recover-20221013/UBNA_001/20221012_030000.WAV,Telephone Field,recover-20221013,001,1795
652.3575,652.3634,26328,40678,Myotis nattereri,0.004,0.021,-1,Echolocation,/mnt/ubna_data_02_mir/recover-20221013/UBNA_001/20221012_030000.WAV,Telephone Field,recover-20221013,001,1795
652.3695,652.3802,46093,49456,Pipistrellus pipistrellus,0.033,0.036,-1,Echolocation,/mnt/ubna_data_02_mir/recover-20221013/UBNA_001/20221012_030000.WAV,Telephone Field,recover-20221013,001,1795
652.3955,652.4401,68437,83534,Rhinolophus ferrumequinum,0.04,0.04,-1,Echolocation,/mnt/ubna_data_02_mir/recover-20221013/UBNA_001/20221012_030000.WAV,Telephone Field,recover-20221013,001,1795
652.4005,652.4115,22031,26011,Nyctalus leisleri,0.011,0.02,-1,Echolocation,/mnt/ubna_data_02_mir/recover-20221013/UBNA_001/20221012_030000.WAV,Telephone Field,recover-20221013,001,1795
652.4675,652.4753,28046,37008,Eptesicus serotinus,0.007,0.021,-1,Echolocation,/mnt/ubna_data_02_mir/recover-20221013/UBNA_001/20221012_030000.WAV,Telephone Field,recover-20221013,001,1795
652.4725,652.4829,22031,26600,Nyctalus leisleri,0.01,0.02,-1,Echolocation,/mnt/ubna_data_02_mir/recover-20221013/UBNA_001/20221012_030000.WAV,Telephone Field,recover-20221013,001,1795
652.4735000000001,652.5133,68437,82139,Rhinolophus ferrumequinum,0.024,0.024,-1,Echolocation,/mnt/ubna_data_02_mir/recover-20221013/UBNA_001/20221012_030000.WAV,Telephone Field,recover-20221013,001,1795
652.5335,652.5721,68437,82786,Rhinolophus ferrumequinum,0.024,0.024,-1,Echolocation,/mnt/ubna_data_02_mir/recover-20221013/UBNA_001/20221012_030000.WAV,Telephone Field,recover-20221013,001,1795
652.5865,652.5968,24609,31906,Nyctalus leisleri,0.008,0.027,-1,Echolocation,/mnt/ubna_data_02_mir/recover-20221013/UBNA_001/20221012_030000.WAV,Telephone Field,recover-20221013,001,1795
652.5905,652.6294,68437,82353,Rhinolophus ferrumequinum,0.022,0.022,-1,Echolocation,/mnt/ubna_data_02_mir/recover-20221013/UBNA_001/20221012_030000.WAV,Telephone Field,recover-20221013,001,1795
652.6125,652.6219,28046,36648,Eptesicus serotinus,0.007,0.021,-1,Echolocation,/mnt/ubna_data_02_mir/recover-20221013/UBNA_001/20221012_030000.WAV,Telephone Field,recover-20221013,001,1795
652.6375,652.6787,68437,82313,Rhinolophus ferrumequinum,0.04,0.04,-1,Echolocation,/mnt/ubna_data_02_mir/recover-20221013/UBNA_001/20221012_030000.WAV,Telephone Field,recover-20221013,001,1795
652.6645,652.6752,22031,26575,Nyctalus leisleri,0.011,0.023,-1,Echolocation,/mnt/ubna_data_02_mir/recover-20221013/UBNA_001/20221012_030000.WAV,Telephone Field,recover-20221013,001,1795
652.6695,652.7071,68437,81472,Rhinolophus ferrumequinum,0.021,0.021,-1,Echolocation,/mnt/ubna_data_02_mir/recover-20221013/UBNA_001/20221012_030000.WAV,Telephone Field,recover-20221013,001,1795
652.6785,652.7158,68437,81928,Rhinolophus ferrumequinum,0.023,0.023,-1,Echolocation,/mnt/ubna_data_02_mir/recover-20221013/UBNA_001/20221012_030000.WAV,Telephone Field,recover-20221013,001,1795
652.6935,652.731,68437,82089,Rhinolophus ferrumequinum,0.022,0.022,-1,Echolocation,/mnt/ubna_data_02_mir/recover-20221013/UBNA_001/20221012_030000.WAV,Telephone Field,recover-20221013,001,1795
652.7215,652.7327,29765,36287,Eptesicus serotinus,0.011,0.024,-1,Echolocation,/mnt/ubna_data_02_mir/recover-20221013/UBNA_001/20221012_030000.WAV,Telephone Field,recover-20221013,001,1795
652.7395,652.7773,68437,81174,Rhinolophus ferrumequinum,0.028,0.028,-1,Echolocation,/mnt/ubna_data_02_mir/recover-20221013/UBNA_001/20221012_030000.WAV,Telephone Field,recover-20221013,001,1795
652.7445,652.7781,68437,81462,Rhinolophus ferrumequinum,0.027,0.027,-1,Echolocation,/mnt/ubna_data_02_mir/recover-20221013/UBNA_001/20221012_030000.WAV,Telephone Field,recover-20221013,001,1795
652.7665,652.8037,68437,82008,Rhinolophus ferrumequinum,0.021,0.021,-1,Echolocation,/mnt/ubna_data_02_mir/recover-20221013/UBNA_001/20221012_030000.WAV,Telephone Field,recover-20221013,001,1795
652.7735,652.8077,68437,81469,Rhinolophus ferrumequinum,0.02,0.02,-1,Echolocation,/mnt/ubna_data_02_mir/recover-20221013/UBNA_001/20221012_030000.WAV,Telephone Field,recover-20221013,001,1795
652.8155,652.8543,68437,82350,Rhinolophus ferrumequinum,0.02,0.02,-1,Echolocation,/mnt/ubna_data_02_mir/recover-20221013/UBNA_001/20221012_030000.WAV,Telephone Field,recover-20221013,001,1795
652.8365,652.8746,68437,81921,Rhinolophus ferrumequinum,0.024,0.024,-1,Echolocation,/mnt/ubna_data_02_mir/recover-20221013/UBNA_001/20221012_030000.WAV,Telephone Field,recover-20221013,001,1795
652.8435,652.8825,68437,82118,Rhinolophus ferrumequinum,0.026,0.026,-1,Echolocation,/mnt/ubna_data_02_mir/recover-20221013/UBNA_001/20221012_030000.WAV,Telephone Field,recover-20221013,001,1795
652.8715,652.8787,28906,39967,Eptesicus serotinus,0.006,0.024,-1,Echolocation,/mnt/ubna_data_02_mir/recover-20221013/UBNA_001/20221012_030000.WAV,Telephone Field,recover-20221013,001,1795
652.8905,652.9304,68437,82483,Rhinolophus ferrumequinum,0.026,0.026,-1,Echolocation,/mnt/ubna_data_02_mir/recover-20221013/UBNA_001/20221012_030000.WAV,Telephone Field,recover-20221013,001,1795
652.8975,652.9055,28046,37919,Eptesicus serotinus,0.006,0.021,-1,Echolocation,/mnt/ubna_data_02_mir/recover-20221013/UBNA_001/20221012_030000.WAV,Telephone Field,recover-20221013,001,1795
652.9175,652.9609,68437,83268,Rhinolophus ferrumequinum,0.026,0.026,-1,Echolocation,/mnt/ubna_data_02_mir/recover-20221013/UBNA_001/20221012_030000.WAV,Telephone Field,recover-20221013,001,1795
652.9445,652.9837,68437,82458,Rhinolophus ferrumequinum,0.023,0.023,-1,Echolocation,/mnt/ubna_data_02_mir/recover-20221013/UBNA_001/20221012_030000.WAV,Telephone Field,recover-20221013,001,1795
652.9515,652.9934,68437,82933,Rhinolophus ferrumequinum,0.022,0.022,-1,Echolocation,/mnt/ubna_data_02_mir/recover-20221013/UBNA_001/20221012_030000.WAV,Telephone Field,recover-20221013,001,1795
652.9945,653.0392,68437,83495,Rhinolophus ferrumequinum,0.024,0.024,-1,Echolocation,/mnt/ubna_data_02_mir/recover-20221013/UBNA_001/20221012_030000.WAV,Telephone Field,recover-20221013,001,1795
652.9965,653.0053,26328,35929,Eptesicus serotinus,0.007,0.021,-1,Echolocation,/mnt/ubna_data_02_mir/recover-20221013/UBNA_001/20221012_030000.WAV,Telephone Field,recover-20221013,001,1795
653.0264999999999,653.0651,68437,82126,Rhinolophus ferrumequinum,0.021,0.021,-1,Echolocation,/mnt/ubna_data_02_mir/recover-20221013/UBNA_001/20221012_030000.WAV,Telephone Field,recover-20221013,001,1795
653.0285,653.0355,47812,56545,Pipistrellus pipistrellus,0.017,0.025,-1,Echolocation,/mnt/ubna_data_02_mir/recover-20221013/UBNA_001/20221012_030000.WAV,Telephone Field,recover-20221013,001,1795
653.0305,653.0376,23750,36212,Plecotus austriacus,0.01,0.025,-1,Echolocation,/mnt/ubna_data_02_mir/recover-20221013/UBNA_001/20221012_030000.WAV,Telephone Field,recover-20221013,001,1795
653.0595,653.0952,68437,81215,Rhinolophus ferrumequinum,0.021,0.021,-1,Echolocation,/mnt/ubna_data_02_mir/recover-20221013/UBNA_001/20221012_030000.WAV,Telephone Field,recover-20221013,001,1795
653.0645,653.0751,28906,35991,Eptesicus serotinus,0.01,0.023,-1,Echolocation,/mnt/ubna_data_02_mir/recover-20221013/UBNA_001/20221012_030000.WAV,Telephone Field,recover-20221013,001,1795
653.0765,653.0872,23750,29263,Nyctalus leisleri,0.01,0.022,-1,Echolocation,/mnt/ubna_data_02_mir/recover-20221013/UBNA_001/20221012_030000.WAV,Telephone Field,recover-20221013,001,1795
653.0785,653.1145,68437,82298,Rhinolophus ferrumequinum,0.021,0.021,-1,Echolocation,/mnt/ubna_data_02_mir/recover-20221013/UBNA_001/20221012_030000.WAV,Telephone Field,recover-20221013,001,1795
653.0835,653.1206999999999,68437,81949,Rhinolophus ferrumequinum,0.021,0.021,-1,Echolocation,/mnt/ubna_data_02_mir/recover-20221013/UBNA_001/20221012_030000.WAV,Telephone Field,recover-20221013,001,1795
653.0985000000001,653.1091,22031,26246,Nyctalus leisleri,0.011,0.021,-1,Echolocation,/mnt/ubna_data_02_mir/recover-20221013/UBNA_001/20221012_030000.WAV,Telephone Field,recover-20221013,001,1795
653.1035,653.1424,68437,82085,Rhinolophus ferrumequinum,0.02,0.02,-1,Echolocation,/mnt/ubna_data_02_mir/recover-20221013/UBNA_001/20221012_030000.WAV,Telephone Field,recover-20221013,001,1795
653.1245,653.1645,68437,83221,Rhinolophus ferrumequinum,0.025,0.025,-1,Echolocation,/mnt/ubna_data_02_mir/recover-20221013/UBNA_001/20221012_030000.WAV,Telephone Field,recover-20221013,001,1795
653.1315,653.1454,22031,25852,Nyctalus leisleri,0.014,0.025,-1,Echolocation,/mnt/ubna_data_02_mir/recover-20221013/UBNA_001/20221012_030000.WAV,Telephone Field,recover-20221013,001,1795
653.1655,653.1731,37500,48458,Myotis daubentonii,0.006,0.02,-1,Echolocation,/mnt/ubna_data_02_mir/recover-20221013/UBNA_001/20221012_030000.WAV,Telephone Field,recover-20221013,001,1795
653.1685,653.1761,26328,39044,Eptesicus serotinus,0.006,0.021,-1,Echolocation,/mnt/ubna_data_02_mir/recover-20221013/UBNA_001/20221012_030000.WAV,Telephone Field,recover-20221013,001,1795
653.2025,653.2092,26328,39488,Eptesicus serotinus,0.004,0.02,-1,Echolocation,/mnt/ubna_data_02_mir/recover-20221013/UBNA_001/20221012_030000.WAV,Telephone Field,recover-20221013,001,1795
653.2585,653.2966,68437,81867,Rhinolophus ferrumequinum,0.022,0.022,-1,Echolocation,/mnt/ubna_data_02_mir/recover-20221013/UBNA_001/20221012_030000.WAV,Telephone Field,recover-20221013,001,1795
653.2655,653.2982,68437,80980,Rhinolophus ferrumequinum,0.02,0.02,-1,Echolocation,/mnt/ubna_data_02_mir/recover-20221013/UBNA_001/20221012_030000.WAV,Telephone Field,recover-20221013,001,1795
653.2735,653.2838,24609,30569,Nyctalus leisleri,0.008,0.02,-1,Echolocation,/mnt/ubna_data_02_mir/recover-20221013/UBNA_001/20221012_030000.WAV,Telephone Field,recover-20221013,001,1795
653.3015,653.3392,68437,81855,Rhinolophus ferrumequinum,0.021,0.021,-1,Echolocation,/mnt/ubna_data_02_mir/recover-20221013/UBNA_001/20221012_030000.WAV,Telephone Field,recover-20221013,001,1795
653.3215,653.3551,68437,79795,Rhinolophus ferrumequinum,0.021,0.022,-1,Echolocation,/mnt/ubna_data_02_mir/recover-20221013/UBNA_001/20221012_030000.WAV,Telephone Field,recover-20221013,001,1795
653.3435,653.3813,68437,82380,Rhinolophus ferrumequinum,0.02,0.02,-1,Echolocation,/mnt/ubna_data_02_mir/recover-20221013/UBNA_001/20221012_030000.WAV,Telephone Field,recover-20221013,001,1795
653.3495,653.3556,25468,40812,Myotis nattereri,0.009,0.03,-1,Echolocation,/mnt/ubna_data_02_mir/recover-20221013/UBNA_001/20221012_030000.WAV,Telephone Field,recover-20221013,001,1795
653.3575,653.3944,68437,81586,Rhinolophus ferrumequinum,0.021,0.021,-1,Echolocation,/mnt/ubna_data_02_mir/recover-20221013/UBNA_001/20221012_030000.WAV,Telephone Field,recover-20221013,001,1795
653.3845,653.4237,68437,82010,Rhinolophus ferrumequinum,0.025,0.025,-1,Echolocation,/mnt/ubna_data_02_mir/recover-20221013/UBNA_001/20221012_030000.WAV,Telephone Field,recover-20221013,001,1795
653.4085,653.4266,21171,24248,Nyctalus leisleri,0.017,0.026,-1,Echolocation,/mnt/ubna_data_02_mir/recover-20221013/UBNA_001/20221012_030000.WAV,Telephone Field,recover-20221013,001,1795
653.4245,653.4615,68437,81721,Rhinolophus ferrumequinum,0.021,0.022,-1,Echolocation,/mnt/ubna_data_02_mir/recover-20221013/UBNA_001/20221012_030000.WAV,Telephone Field,recover-20221013,001,1795
653.4345,653.472,68437,81353,Rhinolophus ferrumequinum,0.02,0.02,-1,Echolocation,/mnt/ubna_data_02_mir/recover-20221013/UBNA_001/20221012_030000.WAV,Telephone Field,recover-20221013,001,1795
653.4475,653.4579,22890,27319,Nyctalus leisleri,0.011,0.022,-1,Echolocation,/mnt/ubna_data_02_mir/recover-20221013/UBNA_001/20221012_030000.WAV,Telephone Field,recover-20221013,001,1795
653.4525,653.4913,68437,82581,Rhinolophus ferrumequinum,0.022,0.022,-1,Echolocation,/mnt/ubna_data_02_mir/recover-20221013/UBNA_001/20221012_030000.WAV,Telephone Field,recover-20221013,001,1795
653.4625,653.5019,68437,82389,Rhinolophus ferrumequinum,0.021,0.021,-1,Echolocation,/mnt/ubna_data_02_mir/recover-20221013/UBNA_001/20221012_030000.WAV,Telephone Field,recover-20221013,001,1795
653.5025,653.5113,28046,37121,Eptesicus serotinus,0.009,0.022,-1,Echolocation,/mnt/ubna_data_02_mir/recover-20221013/UBNA_001/20221012_030000.WAV,Telephone Field,recover-20221013,001,1795
653.5075,653.5469,68437,82102,Rhinolophus ferrumequinum,0.02,0.02,-1,Echolocation,/mnt/ubna_data_02_mir/recover-20221013/UBNA_001/20221012_030000.WAV,Telephone Field,recover-20221013,001,1795
653.5305,653.5412,22890,28271,Nyctalus leisleri,0.01,0.021,-1,Echolocation,/mnt/ubna_data_02_mir/recover-20221013/UBNA_001/20221012_030000.WAV,Telephone Field,recover-20221013,001,1795
653.5385,653.5461,25468,34462,Eptesicus serotinus,0.006,0.021,-1,Echolocation,/mnt/ubna_data_02_mir/recover-20221013/UBNA_001/20221012_030000.WAV,Telephone Field,recover-20221013,001,1795
653.5415,653.5765,68437,81925,Rhinolophus ferrumequinum,0.022,0.022,-1,Echolocation,/mnt/ubna_data_02_mir/recover-20221013/UBNA_001/20221012_030000.WAV,Telephone Field,recover-20221013,001,1795
653.5595,653.5744,15156,21637,Nyctalus noctula,0.018,0.026,-1,Echolocation,/mnt/ubna_data_02_mir/recover-20221013/UBNA_001/20221012_030000.WAV,Telephone Field,recover-20221013,001,1795
653.5895,653.5967,28046,39101,Eptesicus serotinus,0.008,0.025,-1,Echolocation,/mnt/ubna_data_02_mir/recover-20221013/UBNA_001/20221012_030000.WAV,Telephone Field,recover-20221013,001,1795
653.6025,653.6383,68437,80859,Rhinolophus ferrumequinum,0.02,0.02,-1,Echolocation,/mnt/ubna_data_02_mir/recover-20221013/UBNA_001/20221012_030000.WAV,Telephone Field,recover-20221013,001,1795
653.6175,653.656,68437,82547,Rhinolophus ferrumequinum,0.021,0.021,-1,Echolocation,/mnt/ubna_data_02_mir/recover-20221013/UBNA_001/20221012_030000.WAV,Telephone Field,recover-20221013,001,1795
653.6385,653.6765,68437,82055,Rhinolophus ferrumequinum,0.024,0.024,-1,Echolocation,/mnt/ubna_data_02_mir/recover-20221013/UBNA_001/20221012_030000.WAV,Telephone Field,recover-20221013,001,1795
653.6385,653.6491,28906,36598,Eptesicus serotinus,0.01,0.023,-1,Echolocation,/mnt/ubna_data_02_mir/recover-20221013/UBNA_001/20221012_030000.WAV,Telephone Field,recover-20221013,001,1795
653.6855,653.696,22890,28917,Nyctalus leisleri,0.012,0.028,-1,Echolocation,/mnt/ubna_data_02_mir/recover-20221013/UBNA_001/20221012_030000.WAV,Telephone Field,recover-20221013,001,1795
653.6895,653.7282,68437,82411,Rhinolophus ferrumequinum,0.02,0.02,-1,Echolocation,/mnt/ubna_data_02_mir/recover-20221013/UBNA_001/20221012_030000.WAV,Telephone Field,recover-20221013,001,1795
653.7005,653.7387,68437,82069,Rhinolophus ferrumequinum,0.022,0.022,-1,Echolocation,/mnt/ubna_data_02_mir/recover-20221013/UBNA_001/20221012_030000.WAV,Telephone Field,recover-20221013,001,1795
653.7065,653.7455,68437,82096,Rhinolophus ferrumequinum,0.021,0.021,-1,Echolocation,/mnt/ubna_data_02_mir/recover-20221013/UBNA_001/20221012_030000.WAV,Telephone Field,recover-20221013,001,1795
653.7345,653.7416,26328,37274,Eptesicus serotinus,0.005,0.02,-1,Echolocation,/mnt/ubna_data_02_mir/recover-20221013/UBNA_001/20221012_030000.WAV,Telephone Field,recover-20221013,001,1795
653.7465,653.7875,68437,83028,Rhinolophus ferrumequinum,0.029,0.029,-1,Echolocation,/mnt/ubna_data_02_mir/recover-20221013/UBNA_001/20221012_030000.WAV,Telephone Field,recover-20221013,001,1795
653.7645,653.8032,68437,81637,Rhinolophus ferrumequinum,0.021,0.021,-1,Echolocation,/mnt/ubna_data_02_mir/recover-20221013/UBNA_001/20221012_030000.WAV,Telephone Field,recover-20221013,001,1795
653.7925,653.8304,68437,82566,Rhinolophus ferrumequinum,0.025,0.025,-1,Echolocation,/mnt/ubna_data_02_mir/recover-20221013/UBNA_001/20221012_030000.WAV,Telephone Field,recover-20221013,001,1795
653.8015,653.8093,44375,55323,Pipistrellus pipistrellus,0.013,0.025,-1,Echolocation,/mnt/ubna_data_02_mir/recover-20221013/UBNA_001/20221012_030000.WAV,Telephone Field,recover-20221013,001,1795
653.8015,653.8122,26328,34160,Eptesicus serotinus,0.012,0.024,-1,Echolocation,/mnt/ubna_data_02_mir/recover-20221013/UBNA_001/20221012_030000.WAV,Telephone Field,recover-20221013,001,1795
653.8205,653.8535,68437,81454,Rhinolophus ferrumequinum,0.022,0.022,-1,Echolocation,/mnt/ubna_data_02_mir/recover-20221013/UBNA_001/20221012_030000.WAV,Telephone Field,recover-20221013,001,1795
653.8235,653.8309,28046,41988,Eptesicus serotinus,0.006,0.023,-1,Echolocation,/mnt/ubna_data_02_mir/recover-20221013/UBNA_001/20221012_030000.WAV,Telephone Field,recover-20221013,001,1795
653.8615,653.8708,26328,35124,Eptesicus serotinus,0.011,0.027,-1,Echolocation,/mnt/ubna_data_02_mir/recover-20221013/UBNA_001/20221012_030000.WAV,Telephone Field,recover-20221013,001,1795
653.8695,653.9057,68437,81568,Rhinolophus ferrumequinum,0.02,0.02,-1,Echolocation,/mnt/ubna_data_02_mir/recover-20221013/UBNA_001/20221012_030000.WAV,Telephone Field,recover-20221013,001,1795
653.8915,653.9283,68437,81332,Rhinolophus ferrumequinum,0.023,0.023,-1,Echolocation,/mnt/ubna_data_02_mir/recover-20221013/UBNA_001/20221012_030000.WAV,Telephone Field,recover-20221013,001,1795
653.8995,653.9379,68437,81431,Rhinolophus ferrumequinum,0.021,0.021,-1,Echolocation,/mnt/ubna_data_02_mir/recover-20221013/UBNA_001/20221012_030000.WAV,Telephone Field,recover-20221013,001,1795
653.9125,653.9202,49531,59930,Pipistrellus pipistrellus,0.016,0.022,-1,Echolocation,/mnt/ubna_data_02_mir/recover-20221013/UBNA_001/20221012_030000.WAV,Telephone Field,recover-20221013,001,1795
653.9305,653.968,68437,82286,Rhinolophus ferrumequinum,0.022,0.022,-1,Echolocation,/mnt/ubna_data_02_mir/recover-20221013/UBNA_001/20221012_030000.WAV,Telephone Field,recover-20221013,001,1795
653.9355,653.9456,25468,33498,Nyctalus leisleri,0.008,0.026,-1,Echolocation,/mnt/ubna_data_02_mir/recover-20221013/UBNA_001/20221012_030000.WAV,Telephone Field,recover-20221013,001,1795
653.9505,653.9866,68437,81556,Rhinolophus ferrumequinum,0.023,0.023,-1,Echolocation,/mnt/ubna_data_02_mir/recover-20221013/UBNA_001/20221012_030000.WAV,Telephone Field,recover-20221013,001,1795
654.0015,654.0083,24609,35140,Plecotus austriacus,0.01,0.038,-1,Echolocation,/mnt/ubna_data_02_mir/recover-20221013/UBNA_001/20221012_030000.WAV,Telephone Field,recover-20221013,001,1795
654.0015,654.0162,48671,53657,Pipistrellus pipistrellus,0.03,0.038,-1,Echolocation,/mnt/ubna_data_02_mir/recover-20221013/UBNA_001/20221012_030000.WAV,Telephone Field,recover-20221013,001,1795
654.0015,654.0344,68437,79364,Rhinolophus ferrumequinum,0.028,0.029,-1,Echolocation,/mnt/ubna_data_02_mir/recover-20221013/UBNA_001/20221012_030000.WAV,Telephone Field,recover-20221013,001,1795
654.0095,654.051,68437,82659,Rhinolophus ferrumequinum,0.021,0.021,-1,Echolocation,/mnt/ubna_data_02_mir/recover-20221013/UBNA_001/20221012_030000.WAV,Telephone Field,recover-20221013,001,1795
654.0245,654.0327,23750,32288,Plecotus austriacus,0.007,0.02,-1,Echolocation,/mnt/ubna_data_02_mir/recover-20221013/UBNA_001/20221012_030000.WAV,Telephone Field,recover-20221013,001,1795
654.0405,654.0826,68437,82774,Rhinolophus ferrumequinum,0.025,0.025,-1,Echolocation,/mnt/ubna_data_02_mir/recover-20221013/UBNA_001/20221012_030000.WAV,Telephone Field,recover-20221013,001,1795
654.0645,654.0729,22890,30470,Plecotus austriacus,0.008,0.021,-1,Echolocation,/mnt/ubna_data_02_mir/recover-20221013/UBNA_001/20221012_030000.WAV,Telephone Field,recover-20221013,001,1795
654.0745,654.113,68437,82343,Rhinolophus ferrumequinum,0.032,0.032,-1,Echolocation,/mnt/ubna_data_02_mir/recover-20221013/UBNA_001/20221012_030000.WAV,Telephone Field,recover-20221013,001,1795
654.0795,654.0889,28046,35996,Eptesicus serotinus,0.009,0.021,-1,Echolocation,/mnt/ubna_data_02_mir/recover-20221013/UBNA_001/20221012_030000.WAV,Telephone Field,recover-20221013,001,1795
654.0875,654.1269,68437,82348,Rhinolophus ferrumequinum,0.021,0.021,-1,Echolocation,/mnt/ubna_data_02_mir/recover-20221013/UBNA_001/20221012_030000.WAV,Telephone Field,recover-20221013,001,1795
654.1125,654.1474,68437,80547,Rhinolophus ferrumequinum,0.02,0.02,-1,Echolocation,/mnt/ubna_data_02_mir/recover-20221013/UBNA_001/20221012_030000.WAV,Telephone Field,recover-20221013,001,1795
654.1175,654.1493,68437,80400,Rhinolophus ferrumequinum,0.02,0.02,-1,Echolocation,/mnt/ubna_data_02_mir/recover-20221013/UBNA_001/20221012_030000.WAV,Telephone Field,recover-20221013,001,1795
654.1375,654.1733,68437,81018,Rhinolophus ferrumequinum,0.02,0.02,-1,Echolocation,/mnt/ubna_data_02_mir/recover-20221013/UBNA_001/20221012_030000.WAV,Telephone Field,recover-20221013,001,1795
654.1635,654.1994,68437,81616,Rhinolophus ferrumequinum,0.02,0.02,-1,Echolocation,/mnt/ubna_data_02_mir/recover-20221013/UBNA_001/20221012_030000.WAV,Telephone Field,recover-20221013,001,1795
654.2275,654.2663,68437,81689,Rhinolophus ferrumequinum,0.021,0.021,-1,Echolocation,/mnt/ubna_data_02_mir/recover-20221013/UBNA_001/20221012_030000.WAV,Telephone Field,recover-20221013,001,1795
654.2445,654.2543000000001,28906,37187,Eptesicus serotinus,0.01,0.023,-1,Echolocation,/mnt/ubna_data_02_mir/recover-20221013/UBNA_001/20221012_030000.WAV,Telephone Field,recover-20221013,001,1795
654.2675,654.3081999999999,68437,82343,Rhinolophus ferrumequinum,0.022,0.022,-1,Echolocation,/mnt/ubna_data_02_mir/recover-20221013/UBNA_001/20221012_030000.WAV,Telephone Field,recover-20221013,001,1795
654.2764999999999,654.3171,68437,82598,Rhinolophus ferrumequinum,0.022,0.022,-1,Echolocation,/mnt/ubna_data_02_mir/recover-20221013/UBNA_001/20221012_030000.WAV,Telephone Field,recover-20221013,001,1795
654.2955,654.3372,68437,82927,Rhinolophus ferrumequinum,0.022,0.022,-1,Echolocation,/mnt/ubna_data_02_mir/recover-20221013/UBNA_001/20221012_030000.WAV,Telephone Field,recover-20221013,001,1795
654.3245,654.3607,68437,81400,Rhinolophus ferrumequinum,0.024,0.024,-1,Echolocation,/mnt/ubna_data_02_mir/recover-20221013/UBNA_001/20221012_030000.WAV,Telephone Field,recover-20221013,001,1795
654.3335,654.371,68437,82130,Rhinolophus ferrumequinum,0.021,0.021,-1,Echolocation,/mnt/ubna_data_02_mir/recover-20221013/UBNA_001/20221012_030000.WAV,Telephone Field,recover-20221013,001,1795
654.3575,654.393,68437,81200,Rhinolophus ferrumequinum,0.02,0.02,-1,Echolocation,/mnt/ubna_data_02_mir/recover-20221013/UBNA_001/20221012_030000.WAV,Telephone Field,recover-20221013,001,1795
654.3725,654.4118,68437,81839,Rhinolophus ferrumequinum,0.021,0.021,-1,Echolocation,/mnt/ubna_data_02_mir/recover-20221013/UBNA_001/20221012_030000.WAV,Telephone Field,recover-20221013,001,1795
654.3795,654.4205,68437,82405,Rhinolophus ferrumequinum,0.021,0.021,-1,Echolocation,/mnt/ubna_data_02_mir/recover-20221013/UBNA_001/20221012_030000.WAV,Telephone Field,recover-20221013,001,1795
654.4025,654.4171,44375,47958,Pipistrellus pipistrellus,0.024,0.028,-1,Echolocation,/mnt/ubna_data_02_mir/recover-20221013/UBNA_001/20221012_030000.WAV,Telephone Field,recover-20221013,001,1795
654.4265,654.4655,68437,81992,Rhinolophus ferrumequinum,0.024,0.024,-1,Echolocation,/mnt/ubna_data_02_mir/recover-20221013/UBNA_001/20221012_030000.WAV,Telephone Field,recover-20221013,001,1795
654.4425,654.4797,68437,81406,Rhinolophus ferrumequinum,0.02,0.02,-1,Echolocation,/mnt/ubna_data_02_mir/recover-20221013/UBNA_001/20221012_030000.WAV,Telephone Field,recover-20221013,001,1795
654.4495,654.4601,22890,27153,Nyctalus leisleri,0.011,0.02,-1,Echolocation,/mnt/ubna_data_02_mir/recover-20221013/UBNA_001/20221012_030000.WAV,Telephone Field,recover-20221013,001,1795
654.4505,654.4894,68437,81502,Rhinolophus ferrumequinum,0.021,0.021,-1,Echolocation,/mnt/ubna_data_02_mir/recover-20221013/UBNA_001/20221012_030000.WAV,Telephone Field,recover-20221013,001,1795
654.4725,654.5110999999999,68437,82207,Rhinolophus ferrumequinum,0.028,0.028,-1,Echolocation,/mnt/ubna_data_02_mir/recover-20221013/UBNA_001/20221012_030000.WAV,Telephone Field,recover-20221013,001,1795
654.4815,654.5169,68437,81712,Rhinolophus ferrumequinum,0.025,0.025,-1,Echolocation,/mnt/ubna_data_02_mir/recover-20221013/UBNA_001/20221012_030000.WAV,Telephone Field,recover-20221013,001,1795
654.5125,654.5232,39218,44980,Pipistrellus nathusii,0.009,0.022,-1,Echolocation,/mnt/ubna_data_02_mir/recover-20221013/UBNA_001/20221012_030000.WAV,Telephone Field,recover-20221013,001,1795
654.5355,654.5715,68437,81292,Rhinolophus ferrumequinum,0.021,0.021,-1,Echolocation,/mnt/ubna_data_02_mir/recover-20221013/UBNA_001/20221012_030000.WAV,Telephone Field,recover-20221013,001,1795
654.5565,654.5944,68437,81639,Rhinolophus ferrumequinum,0.021,0.021,-1,Echolocation,/mnt/ubna_data_02_mir/recover-20221013/UBNA_001/20221012_030000.WAV,Telephone Field,recover-20221013,001,1795
654.5835,654.6215,68437,82545,Rhinolophus ferrumequinum,0.025,0.025,-1,Echolocation,/mnt/ubna_data_02_mir/recover-20221013/UBNA_001/20221012_030000.WAV,Telephone Field,recover-20221013,001,1795
654.6075,654.6154,27187,35652,Eptesicus serotinus,0.008,0.026,-1,Echolocation,/mnt/ubna_data_02_mir/recover-20221013/UBNA_001/20221012_030000.WAV,Telephone Field,recover-20221013,001,1795
654.6105,654.6178,50390,57011,Pipistrellus pipistrellus,0.016,0.02,-1,Echolocation,/mnt/ubna_data_02_mir/recover-20221013/UBNA_001/20221012_030000.WAV,Telephone Field,recover-20221013,001,1795
654.6115,654.6487,68437,81926,Rhinolophus ferrumequinum,0.024,0.024,-1,Echolocation,/mnt/ubna_data_02_mir/recover-20221013/UBNA_001/20221012_030000.WAV,Telephone Field,recover-20221013,001,1795
654.6525,654.6915,68437,82012,Rhinolophus ferrumequinum,0.02,0.02,-1,Echolocation,/mnt/ubna_data_02_mir/recover-20221013/UBNA_001/20221012_030000.WAV,Telephone Field,recover-20221013,001,1795
654.6885,654.7244,68437,81072,Rhinolophus ferrumequinum,0.02,0.02,-1,Echolocation,/mnt/ubna_data_02_mir/recover-20221013/UBNA_001/20221012_030000.WAV,Telephone Field,recover-20221013,001,1795
654.7075,654.7456,68437,81361,Rhinolophus ferrumequinum,0.021,0.021,-1,Echolocation,/mnt/ubna_data_02_mir/recover-20221013/UBNA_001/20221012_030000.WAV,Telephone Field,recover-20221013,001,1795
654.7155,654.7261,28906,36359,Eptesicus serotinus,0.016,0.029,-1,Echolocation,/mnt/ubna_data_02_mir/recover-20221013/UBNA_001/20221012_030000.WAV,Telephone Field,recover-20221013,001,1795
654.7405,654.7773,68437,81808,Rhinolophus ferrumequinum,0.02,0.02,-1,Echolocation,/mnt/ubna_data_02_mir/recover-20221013/UBNA_001/20221012_030000.WAV,Telephone Field,recover-20221013,001,1795
654.7625,654.8005,68437,81642,Rhinolophus ferrumequinum,0.022,0.022,-1,Echolocation,/mnt/ubna_data_02_mir/recover-20221013/UBNA_001/20221012_030000.WAV,Telephone Field,recover-20221013,001,1795
654.7635,654.7725,22890,29065,Nyctalus leisleri,0.007,0.02,-1,Echolocation,/mnt/ubna_data_02_mir/recover-20221013/UBNA_001/20221012_030000.WAV,Telephone Field,recover-20221013,001,1795
654.7905,654.7995,28046,38026,Eptesicus serotinus,0.007,0.02,-1,Echolocation,/mnt/ubna_data_02_mir/recover-20221013/UBNA_001/20221012_030000.WAV,Telephone Field,recover-20221013,001,1795
654.7915,654.8291,68437,82462,Rhinolophus ferrumequinum,0.021,0.021,-1,Echolocation,/mnt/ubna_data_02_mir/recover-20221013/UBNA_001/20221012_030000.WAV,Telephone Field,recover-20221013,001,1795
654.8195,654.856,68437,82433,Rhinolophus ferrumequinum,0.024,0.024,-1,Echolocation,/mnt/ubna_data_02_mir/recover-20221013/UBNA_001/20221012_030000.WAV,Telephone Field,recover-20221013,001,1795
654.8285,654.8368,23750,31781,Plecotus austriacus,0.008,0.023,-1,Echolocation,/mnt/ubna_data_02_mir/recover-20221013/UBNA_001/20221012_030000.WAV,Telephone Field,recover-20221013,001,1795
654.8405,654.8748,68437,81216,Rhinolophus ferrumequinum,0.022,0.022,-1,Echolocation,/mnt/ubna_data_02_mir/recover-20221013/UBNA_001/20221012_030000.WAV,Telephone Field,recover-20221013,001,1795
654.8535,654.8928,68437,82016,Rhinolophus ferrumequinum,0.02,0.02,-1,Echolocation,/mnt/ubna_data_02_mir/recover-20221013/UBNA_001/20221012_030000.WAV,Telephone Field,recover-20221013,001,1795
654.8695,654.8801,22031,26939,Nyctalus leisleri,0.01,0.021,-1,Echolocation,/mnt/ubna_data_02_mir/recover-20221013/UBNA_001/20221012_030000.WAV,Telephone Field,recover-20221013,001,1795
654.8835,654.8938,22031,26599,Nyctalus leisleri,0.011,0.021,-1,Echolocation,/mnt/ubna_data_02_mir/recover-20221013/UBNA_001/20221012_030000.WAV,Telephone Field,recover-20221013,001,1795
654.8965,654.9337,68437,81637,Rhinolophus ferrumequinum,0.02,0.02,-1,Echolocation,/mnt/ubna_data_02_mir/recover-20221013/UBNA_001/20221012_030000.WAV,Telephone Field,recover-20221013,001,1795
654.9145,654.9223,28046,38311,Eptesicus serotinus,0.007,0.02,-1,Echolocation,/mnt/ubna_data_02_mir/recover-20221013/UBNA_001/20221012_030000.WAV,Telephone Field,recover-20221013,001,1795
654.9585,654.9665,22890,30151,Plecotus austriacus,0.009,0.022,-1,Echolocation,/mnt/ubna_data_02_mir/recover-20221013/UBNA_001/20221012_030000.WAV,Telephone Field,recover-20221013,001,1795
654.9785,655.0185,68437,82141,Rhinolophus ferrumequinum,0.025,0.025,-1,Echolocation,/mnt/ubna_data_02_mir/recover-20221013/UBNA_001/20221012_030000.WAV,Telephone Field,recover-20221013,001,1795
655.0175,655.055,68437,81912,Rhinolophus ferrumequinum,0.021,0.021,-1,Echolocation,/mnt/ubna_data_02_mir/recover-20221013/UBNA_001/20221012_030000.WAV,Telephone Field,recover-20221013,001,1795
655.0595,655.0688,27187,35520,Eptesicus serotinus,0.01,0.024,-1,Echolocation,/mnt/ubna_data_02_mir/recover-20221013/UBNA_001/20221012_030000.WAV,Telephone Field,recover-20221013,001,1795
655.0685,655.1037,68437,81465,Rhinolophus ferrumequinum,0.021,0.021,-1,Echolocation,/mnt/ubna_data_02_mir/recover-20221013/UBNA_001/20221012_030000.WAV,Telephone Field,recover-20221013,001,1795
655.0755,655.1158,68437,82218,Rhinolophus ferrumequinum,0.025,0.025,-1,Echolocation,/mnt/ubna_data_02_mir/recover-20221013/UBNA_001/20221012_030000.WAV,Telephone Field,recover-20221013,001,1795
655.1105,655.12,23750,30022,Nyctalus leisleri,0.008,0.022,-1,Echolocation,/mnt/ubna_data_02_mir/recover-20221013/UBNA_001/20221012_030000.WAV,Telephone Field,recover-20221013,001,1795
655.1595,655.1719,26328,32899,Eptesicus serotinus,0.012,0.026,-1,Echolocation,/mnt/ubna_data_02_mir/recover-20221013/UBNA_001/20221012_030000.WAV,Telephone Field,recover-20221013,001,1795
655.1665,655.1803,23750,28983,Nyctalus leisleri,0.012,0.024,-1,Echolocation,/mnt/ubna_data_02_mir/recover-20221013/UBNA_001/20221012_030000.WAV,Telephone Field,recover-20221013,001,1795
655.1835,655.2217,68437,81472,Rhinolophus ferrumequinum,0.021,0.021,-1,Echolocation,/mnt/ubna_data_02_mir/recover-20221013/UBNA_001/20221012_030000.WAV,Telephone Field,recover-20221013,001,1795
655.2155,655.2513,68437,81708,Rhinolophus ferrumequinum,0.02,0.02,-1,Echolocation,/mnt/ubna_data_02_mir/recover-20221013/UBNA_001/20221012_030000.WAV,Telephone Field,recover-20221013,001,1795
655.2405,655.2807,68437,82358,Rhinolophus ferrumequinum,0.022,0.022,-1,Echolocation,/mnt/ubna_data_02_mir/recover-20221013/UBNA_001/20221012_030000.WAV,Telephone Field,recover-20221013,001,1795
655.2665,655.3069,68437,82430,Rhinolophus ferrumequinum,0.025,0.025,-1,Echolocation,/mnt/ubna_data_02_mir/recover-20221013/UBNA_001/20221012_030000.WAV,Telephone Field,recover-20221013,001,1795
655.2675,655.2779,22031,26816,Nyctalus leisleri,0.011,0.024,-1,Echolocation,/mnt/ubna_data_02_mir/recover-20221013/UBNA_001/20221012_030000.WAV,Telephone Field,recover-20221013,001,1795
655.2935,655.3034,24609,30605,Nyctalus leisleri,0.007,0.02,-1,Echolocation,/mnt/ubna_data_02_mir/recover-20221013/UBNA_001/20221012_030000.WAV,Telephone Field,recover-20221013,001,1795
655.3475,655.3876,68437,82590,Rhinolophus ferrumequinum,0.021,0.021,-1,Echolocation,/mnt/ubna_data_02_mir/recover-20221013/UBNA_001/20221012_030000.WAV,Telephone Field,recover-20221013,001,1795
655.3545,655.3663,55546,61014,Pipistrellus pygmaeus,0.02,0.021,-1,Echolocation,/mnt/ubna_data_02_mir/recover-20221013/UBNA_001/20221012_030000.WAV,Telephone Field,recover-20221013,001,1795
655.3735,655.4138,68437,82141,Rhinolophus ferrumequinum,0.023,0.023,-1,Echolocation,/mnt/ubna_data_02_mir/recover-20221013/UBNA_001/20221012_030000.WAV,Telephone Field,recover-20221013,001,1795
655.4125,655.4237,23750,28689,Nyctalus leisleri,0.011,0.022,-1,Echolocation,/mnt/ubna_data_02_mir/recover-20221013/UBNA_001/20221012_030000.WAV,Telephone Field,recover-20221013,001,1795
655.4245,655.463,68437,82123,Rhinolophus ferrumequinum,0.024,0.024,-1,Echolocation,/mnt/ubna_data_02_mir/recover-20221013/UBNA_001/20221012_030000.WAV,Telephone Field,recover-20221013,001,1795
655.4515,655.4623,23750,28622,Nyctalus leisleri,0.013,0.025,-1,Echolocation,/mnt/ubna_data_02_mir/recover-20221013/UBNA_001/20221012_030000.WAV,Telephone Field,recover-20221013,001,1795
655.4775,655.5152,68437,81639,Rhinolophus ferrumequinum,0.033,0.033,-1,Echolocation,/mnt/ubna_data_02_mir/recover-20221013/UBNA_001/20221012_030000.WAV,Telephone Field,recover-20221013,001,1795
655.5145,655.5533,68437,81563,Rhinolophus ferrumequinum,0.023,0.023,-1,Echolocation,/mnt/ubna_data_02_mir/recover-20221013/UBNA_001/20221012_030000.WAV,Telephone Field,recover-20221013,001,1795
655.5245,655.5381,22890,27938,Nyctalus leisleri,0.014,0.028,-1,Echolocation,/mnt/ubna_data_02_mir/recover-20221013/UBNA_001/20221012_030000.WAV,Telephone Field,recover-20221013,001,1795
655.5385,655.5755,68437,81863,Rhinolophus ferrumequinum,0.024,0.024,-1,Echolocation,/mnt/ubna_data_02_mir/recover-20221013/UBNA_001/20221012_030000.WAV,Telephone Field,recover-20221013,001,1795
655.5475,655.5844,68437,81336,Rhinolophus ferrumequinum,0.026,0.026,-1,Echolocation,/mnt/ubna_data_02_mir/recover-20221013/UBNA_001/20221012_030000.WAV,Telephone Field,recover-20221013,001,1795
655.5515,655.5623,27187,34807,Eptesicus serotinus,0.011,0.023,-1,Echolocation,/mnt/ubna_data_02_mir/recover-20221013/UBNA_001/20221012_030000.WAV,Telephone Field,recover-20221013,001,1795
655.5745,655.6102,68437,81826,Rhinolophus ferrumequinum,0.021,0.021,-1,Echolocation,/mnt/ubna_data_02_mir/recover-20221013/UBNA_001/20221012_030000.WAV,Telephone Field,recover-20221013,001,1795
655.5975,655.6077,22890,28201,Nyctalus leisleri,0.009,0.021,-1,Echolocation,/mnt/ubna_data_02_mir/recover-20221013/UBNA_001/20221012_030000.WAV,Telephone Field,recover-20221013,001,1795
655.5975,655.6401,68437,82745,Rhinolophus ferrumequinum,0.032,0.032,-1,Echolocation,/mnt/ubna_data_02_mir/recover-20221013/UBNA_001/20221012_030000.WAV,Telephone Field,recover-20221013,001,1795
655.6045,655.614,27187,35233,Eptesicus serotinus,0.009,0.021,-1,Echolocation,/mnt/ubna_data_02_mir/recover-20221013/UBNA_001/20221012_030000.WAV,Telephone Field,recover-20221013,001,1795
655.6325,655.642,29765,38513,Eptesicus serotinus,0.012,0.03,-1,Echolocation,/mnt/ubna_data_02_mir/recover-20221013/UBNA_001/20221012_030000.WAV,Telephone Field,recover-20221013,001,1795
655.6575,655.6952,68437,81656,Rhinolophus ferrumequinum,0.02,0.02,-1,Echolocation,/mnt/ubna_data_02_mir/recover-20221013/UBNA_001/20221012_030000.WAV,Telephone Field,recover-20221013,001,1795
655.6595,655.667,28046,37331,Eptesicus serotinus,0.011,0.03,-1,Echolocation,/mnt/ubna_data_02_mir/recover-20221013/UBNA_001/20221012_030000.WAV,Telephone Field,recover-20221013,001,1795
655.6645,655.7042,68437,81868,Rhinolophus ferrumequinum,0.02,0.02,-1,Echolocation,/mnt/ubna_data_02_mir/recover-20221013/UBNA_001/20221012_030000.WAV,Telephone Field,recover-20221013,001,1795
655.6845,655.7221,68437,82472,Rhinolophus ferrumequinum,0.021,0.021,-1,Echolocation,/mnt/ubna_data_02_mir/recover-20221013/UBNA_001/20221012_030000.WAV,Telephone Field,recover-20221013,001,1795
655.7115,655.7516,68437,82318,Rhinolophus ferrumequinum,0.02,0.02,-1,Echolocation,/mnt/ubna_data_02_mir/recover-20221013/UBNA_001/20221012_030000.WAV,Telephone Field,recover-20221013,001,1795
655.7155,655.7352,19453,22388,Nyctalus leisleri,0.012,0.022,-1,Echolocation,/mnt/ubna_data_02_mir/recover-20221013/UBNA_001/20221012_030000.WAV,Telephone Field,recover-20221013,001,1795
655.7215,655.7643,68437,82588,Rhinolophus ferrumequinum,0.023,0.023,-1,Echolocation,/mnt/ubna_data_02_mir/recover-20221013/UBNA_001/20221012_030000.WAV,Telephone Field,recover-20221013,001,1795
655.7275,655.7676,68437,82311,Rhinolophus ferrumequinum,0.022,0.022,-1,Echolocation,/mnt/ubna_data_02_mir/recover-20221013/UBNA_001/20221012_030000.WAV,Telephone Field,recover-20221013,001,1795
655.7675,655.8066,68437,81420,Rhinolophus ferrumequinum,0.021,0.021,-1,Echolocation,/mnt/ubna_data_02_mir/recover-20221013/UBNA_001/20221012_030000.WAV,Telephone Field,recover-20221013,001,1795
655.7755,655.8145,68437,82100,Rhinolophus ferrumequinum,0.023,0.023,-1,Echolocation,/mnt/ubna_data_02_mir/recover-20221013/UBNA_001/20221012_030000.WAV,Telephone Field,recover-20221013,001,1795
655.7875,655.8234,68437,81581,Rhinolophus ferrumequinum,0.021,0.021,-1,Echolocation,/mnt/ubna_data_02_mir/recover-20221013/UBNA_001/20221012_030000.WAV,Telephone Field,recover-20221013,001,1795
655.8165,655.8546,68437,81483,Rhinolophus ferrumequinum,0.028,0.028,-1,Echolocation,/mnt/ubna_data_02_mir/recover-20221013/UBNA_001/20221012_030000.WAV,Telephone Field,recover-20221013,001,1795
655.8455,655.8847,68437,81952,Rhinolophus ferrumequinum,0.028,0.028,-1,Echolocation,/mnt/ubna_data_02_mir/recover-20221013/UBNA_001/20221012_030000.WAV,Telephone Field,recover-20221013,001,1795
655.8935,655.9289,68437,82020,Rhinolophus ferrumequinum,0.022,0.022,-1,Echolocation,/mnt/ubna_data_02_mir/recover-20221013/UBNA_001/20221012_030000.WAV,Telephone Field,recover-20221013,001,1795
655.9125,655.9513,68437,82084,Rhinolophus ferrumequinum,0.025,0.025,-1,Echolocation,/mnt/ubna_data_02_mir/recover-20221013/UBNA_001/20221012_030000.WAV,Telephone Field,recover-20221013,001,1795
655.9165,655.9254,28046,38294,Eptesicus serotinus,0.007,0.02,-1,Echolocation,/mnt/ubna_data_02_mir/recover-20221013/UBNA_001/20221012_030000.WAV,Telephone Field,recover-20221013,001,1795
655.9325,655.9721,68437,83102,Rhinolophus ferrumequinum,0.023,0.023,-1,Echolocation,/mnt/ubna_data_02_mir/recover-20221013/UBNA_001/20221012_030000.WAV,Telephone Field,recover-20221013,001,1795
655.9535,655.9619,27187,38033,Eptesicus serotinus,0.007,0.02,-1,Echolocation,/mnt/ubna_data_02_mir/recover-20221013/UBNA_001/20221012_030000.WAV,Telephone Field,recover-20221013,001,1795
655.9875,655.996,28046,38724,Eptesicus serotinus,0.007,0.021,-1,Echolocation,/mnt/ubna_data_02_mir/recover-20221013/UBNA_001/20221012_030000.WAV,Telephone Field,recover-20221013,001,1795
656.0015,656.0345,69296,80751,Rhinolophus ferrumequinum,0.034,0.034,-1,Echolocation,/mnt/ubna_data_02_mir/recover-20221013/UBNA_001/20221012_030000.WAV,Telephone Field,recover-20221013,001,1795
656.0015,656.0097,46093,50636,Pipistrellus pipistrellus,0.029,0.035,-1,Echolocation,/mnt/ubna_data_02_mir/recover-20221013/UBNA_001/20221012_030000.WAV,Telephone Field,recover-20221013,001,1795
656.0015,656.0105,35781,41890,Pipistrellus nathusii,0.011,0.022,-1,Echolocation,/mnt/ubna_data_02_mir/recover-20221013/UBNA_001/20221012_030000.WAV,Telephone Field,recover-20221013,001,1795
656.0015,656.0093,25468,33934,Nyctalus leisleri,0.008,0.03,-1,Echolocation,/mnt/ubna_data_02_mir/recover-20221013/UBNA_001/20221012_030000.WAV,Telephone Field,recover-20221013,001,1795
656.0925,656.1347,68437,82582,Rhinolophus ferrumequinum,0.027,0.027,-1,Echolocation,/mnt/ubna_data_02_mir/recover-20221013/UBNA_001/20221012_030000.WAV,Telephone Field,recover-20221013,001,1795
656.1015,656.1085,26328,40731,Eptesicus serotinus,0.006,0.021,-1,Echolocation,/mnt/ubna_data_02_mir/recover-20221013/UBNA_001/20221012_030000.WAV,Telephone Field,recover-20221013,001,1795
656.1335,656.1704,68437,81810,Rhinolophus ferrumequinum,0.023,0.023,-1,Echolocation,/mnt/ubna_data_02_mir/recover-20221013/UBNA_001/20221012_030000.WAV,Telephone Field,recover-20221013,001,1795
656.1355,656.144,24609,33742,Eptesicus serotinus,0.008,0.032,-1,Echolocation,/mnt/ubna_data_02_mir/recover-20221013/UBNA_001/20221012_030000.WAV,Telephone Field,recover-20221013,001,1795
656.1595,656.1972,68437,82197,Rhinolophus ferrumequinum,0.021,0.021,-1,Echolocation,/mnt/ubna_data_02_mir/recover-20221013/UBNA_001/20221012_030000.WAV,Telephone Field,recover-20221013,001,1795
656.1675,656.2049,68437,81377,Rhinolophus ferrumequinum,0.021,0.021,-1,Echolocation,/mnt/ubna_data_02_mir/recover-20221013/UBNA_001/20221012_030000.WAV,Telephone Field,recover-20221013,001,1795
656.1695,656.1811,28906,37425,Eptesicus serotinus,0.013,0.025,-1,Echolocation,/mnt/ubna_data_02_mir/recover-20221013/UBNA_001/20221012_030000.WAV,Telephone Field,recover-20221013,001,1795
656.1905,656.2307,68437,82950,Rhinolophus ferrumequinum,0.024,0.024,-1,Echolocation,/mnt/ubna_data_02_mir/recover-20221013/UBNA_001/20221012_030000.WAV,Telephone Field,recover-20221013,001,1795
656.2205,656.2568,68437,81540,Rhinolophus ferrumequinum,0.021,0.021,-1,Echolocation,/mnt/ubna_data_02_mir/recover-20221013/UBNA_001/20221012_030000.WAV,Telephone Field,recover-20221013,001,1795
656.2515,656.2929,68437,82753,Rhinolophus ferrumequinum,0.035,0.035,-1,Echolocation,/mnt/ubna_data_02_mir/recover-20221013/UBNA_001/20221012_030000.WAV,Telephone Field,recover-20221013,001,1795
656.2715,656.2796,25468,33943,Eptesicus serotinus,0.007,0.021,-1,Echolocation,/mnt/ubna_data_02_mir/recover-20221013/UBNA_001/20221012_030000.WAV,Telephone Field,recover-20221013,001,1795
656.2905,656.2977,28046,40329,Eptesicus serotinus,0.006,0.021,-1,Echolocation,/mnt/ubna_data_02_mir/recover-20221013/UBNA_001/20221012_030000.WAV,Telephone Field,recover-20221013,001,1795
656.3265,656.3683,68437,82869,Rhinolophus ferrumequinum,0.021,0.021,-1,Echolocation,/mnt/ubna_data_02_mir/recover-20221013/UBNA_001/20221012_030000.WAV,Telephone Field,recover-20221013,001,1795
656.3645,656.4016,68437,81739,Rhinolophus ferrumequinum,0.02,0.021,-1,Echolocation,/mnt/ubna_data_02_mir/recover-20221013/UBNA_001/20221012_030000.WAV,Telephone Field,recover-20221013,001,1795
656.3805,656.3878,28046,41833,Eptesicus serotinus,0.006,0.022,-1,Echolocation,/mnt/ubna_data_02_mir/recover-20221013/UBNA_001/20221012_030000.WAV,Telephone Field,recover-20221013,001,1795
656.4255,656.4361,22031,26925,Nyctalus leisleri,0.011,0.021,-1,Echolocation,/mnt/ubna_data_02_mir/recover-20221013/UBNA_001/20221012_030000.WAV,Telephone Field,recover-20221013,001,1795
656.4455,656.4853,68437,82757,Rhinolophus ferrumequinum,0.023,0.023,-1,Echolocation,/mnt/ubna_data_02_mir/recover-20221013/UBNA_001/20221012_030000.WAV,Telephone Field,recover-20221013,001,1795
656.4915,656.5289,68437,81796,Rhinolophus ferrumequinum,0.02,0.021,-1,Echolocation,/mnt/ubna_data_02_mir/recover-20221013/UBNA_001/20221012_030000.WAV,Telephone Field,recover-20221013,001,1795
656.5395,656.5514000000001,28046,35902,Eptesicus serotinus,0.017,0.03,-1,Echolocation,/mnt/ubna_data_02_mir/recover-20221013/UBNA_001/20221012_030000.WAV,Telephone Field,recover-20221013,001,1795
656.5405,656.5817,68437,82901,Rhinolophus ferrumequinum,0.025,0.025,-1,Echolocation,/mnt/ubna_data_02_mir/recover-20221013/UBNA_001/20221012_030000.WAV,Telephone Field,recover-20221013,001,1795
656.5735,656.6144,68437,82974,Rhinolophus ferrumequinum,0.026,0.026,-1,Echolocation,/mnt/ubna_data_02_mir/recover-20221013/UBNA_001/20221012_030000.WAV,Telephone Field,recover-20221013,001,1795
656.5885,656.5977,28906,37000,Eptesicus serotinus,0.01,0.024,-1,Echolocation,/mnt/ubna_data_02_mir/recover-20221013/UBNA_001/20221012_030000.WAV,Telephone Field,recover-20221013,001,1795
656.6325,656.6716,68437,82445,Rhinolophus ferrumequinum,0.022,0.022,-1,Echolocation,/mnt/ubna_data_02_mir/recover-20221013/UBNA_001/20221012_030000.WAV,Telephone Field,recover-20221013,001,1795
656.6385,656.6776,68437,82554,Rhinolophus ferrumequinum,0.023,0.023,-1,Echolocation,/mnt/ubna_data_02_mir/recover-20221013/UBNA_001/20221012_030000.WAV,Telephone Field,recover-20221013,001,1795
656.6615,656.6706,23750,31323,Nyctalus leisleri,0.009,0.032,-1,Echolocation,/mnt/ubna_data_02_mir/recover-20221013/UBNA_001/20221012_030000.WAV,Telephone Field,recover-20221013,001,1795
656.6775,656.7165,68437,81545,Rhinolophus ferrumequinum,0.021,0.021,-1,Echolocation,/mnt/ubna_data_02_mir/recover-20221013/UBNA_001/20221012_030000.WAV,Telephone Field,recover-20221013,001,1795
656.6925,656.6983,49531,54068,Pipistrellus pipistrellus,0.025,0.027,-1,Echolocation,/mnt/ubna_data_02_mir/recover-20221013/UBNA_001/20221012_030000.WAV,Telephone Field,recover-20221013,001,1795
656.7065,656.7159,26328,36578,Eptesicus serotinus,0.011,0.023,-1,Echolocation,/mnt/ubna_data_02_mir/recover-20221013/UBNA_001/20221012_030000.WAV,Telephone Field,recover-20221013,001,1795
656.7435,656.7819,68437,81484,Rhinolophus ferrumequinum,0.023,0.023,-1,Echolocation,/mnt/ubna_data_02_mir/recover-20221013/UBNA_001/20221012_030000.WAV,Telephone Field,recover-20221013,001,1795
656.7865,656.8271,68437,82478,Rhinolophus ferrumequinum,0.027,0.027,-1,Echolocation,/mnt/ubna_data_02_mir/recover-20221013/UBNA_001/20221012_030000.WAV,Telephone Field,recover-20221013,001,1795
656.8525,656.8903,68437,81629,Rhinolophus ferrumequinum,0.021,0.021,-1,Echolocation,/mnt/ubna_data_02_mir/recover-20221013/UBNA_001/20221012_030000.WAV,Telephone Field,recover-20221013,001,1795
656.9655,657.0063,68437,83162,Rhinolophus ferrumequinum,0.029,0.029,-1,Echolocation,/mnt/ubna_data_02_mir/recover-20221013/UBNA_001/20221012_030000.WAV,Telephone Field,recover-20221013,001,1795
656.9935,657.0052,23750,29239,Nyctalus leisleri,0.013,0.026,-1,Echolocation,/mnt/ubna_data_02_mir/recover-20221013/UBNA_001/20221012_030000.WAV,Telephone Field,recover-20221013,001,1795
657.0005,657.0426,68437,82867,Rhinolophus ferrumequinum,0.022,0.022,-1,Echolocation,/mnt/ubna_data_02_mir/recover-20221013/UBNA_001/20221012_030000.WAV,Telephone Field,recover-20221013,001,1795
657.0025,657.0119,43515,51638,Pipistrellus pipistrellus,0.016,0.021,-1,Echolocation,/mnt/ubna_data_02_mir/recover-20221013/UBNA_001/20221012_030000.WAV,Telephone Field,recover-20221013,001,1795
657.0285,657.0676,68437,81941,Rhinolophus ferrumequinum,0.023,0.023,-1,Echolocation,/mnt/ubna_data_02_mir/recover-20221013/UBNA_001/20221012_030000.WAV,Telephone Field,recover-20221013,001,1795
657.0425,657.0522,28046,38112,Eptesicus serotinus,0.015,0.032,-1,Echolocation,/mnt/ubna_data_02_mir/recover-20221013/UBNA_001/20221012_030000.WAV,Telephone Field,recover-20221013,001,1795
657.0435,657.0506,34921,42805,Myotis daubentonii,0.008,0.022,-1,Echolocation,/mnt/ubna_data_02_mir/recover-20221013/UBNA_001/20221012_030000.WAV,Telephone Field,recover-20221013,001,1795
657.0835,657.0935,47812,51806,Pipistrellus pipistrellus,0.017,0.021,-1,Echolocation,/mnt/ubna_data_02_mir/recover-20221013/UBNA_001/20221012_030000.WAV,Telephone Field,recover-20221013,001,1795
657.1095,657.1464,68437,81906,Rhinolophus ferrumequinum,0.022,0.022,-1,Echolocation,/mnt/ubna_data_02_mir/recover-20221013/UBNA_001/20221012_030000.WAV,Telephone Field,recover-20221013,001,1795
657.1405,657.1812,68437,82381,Rhinolophus ferrumequinum,0.023,0.023,-1,Echolocation,/mnt/ubna_data_02_mir/recover-20221013/UBNA_001/20221012_030000.WAV,Telephone Field,recover-20221013,001,1795
657.1475,657.1571,23750,29735,Nyctalus leisleri,0.012,0.027,-1,Echolocation,/mnt/ubna_data_02_mir/recover-20221013/UBNA_001/20221012_030000.WAV,Telephone Field,recover-20221013,001,1795
657.1514999999999,657.1904,68437,82032,Rhinolophus ferrumequinum,0.022,0.022,-1,Echolocation,/mnt/ubna_data_02_mir/recover-20221013/UBNA_001/20221012_030000.WAV,Telephone Field,recover-20221013,001,1795
657.2365,657.2769,68437,82283,Rhinolophus ferrumequinum,0.023,0.023,-1,Echolocation,/mnt/ubna_data_02_mir/recover-20221013/UBNA_001/20221012_030000.WAV,Telephone Field,recover-20221013,001,1795
657.2425,657.2531,22031,27254,Nyctalus leisleri,0.011,0.027,-1,Echolocation,/mnt/ubna_data_02_mir/recover-20221013/UBNA_001/20221012_030000.WAV,Telephone Field,recover-20221013,001,1795
657.2435,657.281,68437,82846,Rhinolophus ferrumequinum,0.023,0.023,-1,Echolocation,/mnt/ubna_data_02_mir/recover-20221013/UBNA_001/20221012_030000.WAV,Telephone Field,recover-20221013,001,1795
657.2645,657.3027,68437,81489,Rhinolophus ferrumequinum,0.024,0.024,-1,Echolocation,/mnt/ubna_data_02_mir/recover-20221013/UBNA_001/20221012_030000.WAV,Telephone Field,recover-20221013,001,1795
657.3035,657.3434,68437,82463,Rhinolophus ferrumequinum,0.025,0.025,-1,Echolocation,/mnt/ubna_data_02_mir/recover-20221013/UBNA_001/20221012_030000.WAV,Telephone Field,recover-20221013,001,1795
657.3195,657.328,25468,33861,Eptesicus serotinus,0.008,0.021,-1,Echolocation,/mnt/ubna_data_02_mir/recover-20221013/UBNA_001/20221012_030000.WAV,Telephone Field,recover-20221013,001,1795
657.3505,657.3867,68437,81482,Rhinolophus ferrumequinum,0.022,0.022,-1,Echolocation,/mnt/ubna_data_02_mir/recover-20221013/UBNA_001/20221012_030000.WAV,Telephone Field,recover-20221013,001,1795
657.3525,657.3633,28046,35425,Eptesicus serotinus,0.016,0.029,-1,Echolocation,/mnt/ubna_data_02_mir/recover-20221013/UBNA_001/20221012_030000.WAV,Telephone Field,recover-20221013,001,1795
657.4325,657.4416,22031,28099,Plecotus austriacus,0.01,0.025,-1,Echolocation,/mnt/ubna_data_02_mir/recover-20221013/UBNA_001/20221012_030000.WAV,Telephone Field,recover-20221013,001,1795
657.4395,657.4758,68437,82174,Rhinolophus ferrumequinum,0.021,0.021,-1,Echolocation,/mnt/ubna_data_02_mir/recover-20221013/UBNA_001/20221012_030000.WAV,Telephone Field,recover-20221013,001,1795
657.4565,657.4892,68437,80517,Rhinolophus ferrumequinum,0.021,0.021,-1,Echolocation,/mnt/ubna_data_02_mir/recover-20221013/UBNA_001/20221012_030000.WAV,Telephone Field,recover-20221013,001,1795
657.4795,657.5141,68437,80607,Rhinolophus ferrumequinum,0.023,0.023,-1,Echolocation,/mnt/ubna_data_02_mir/recover-20221013/UBNA_001/20221012_030000.WAV,Telephone Field,recover-20221013,001,1795
657.5065,657.5168,28046,39112,Eptesicus serotinus,0.009,0.021,-1,Echolocation,/mnt/ubna_data_02_mir/recover-20221013/UBNA_001/20221012_030000.WAV,Telephone Field,recover-20221013,001,1795
657.5155,657.5248,29765,39709,Eptesicus serotinus,0.008,0.023,-1,Echolocation,/mnt/ubna_data_02_mir/recover-20221013/UBNA_001/20221012_030000.WAV,Telephone Field,recover-20221013,001,1795
657.5325,657.5409,27187,40657,Eptesicus serotinus,0.007,0.021,-1,Echolocation,/mnt/ubna_data_02_mir/recover-20221013/UBNA_001/20221012_030000.WAV,Telephone Field,recover-20221013,001,1795
657.5355,657.5753,68437,82444,Rhinolophus ferrumequinum,0.028,0.028,-1,Echolocation,/mnt/ubna_data_02_mir/recover-20221013/UBNA_001/20221012_030000.WAV,Telephone Field,recover-20221013,001,1795
657.5615,657.5976,68437,81664,Rhinolophus ferrumequinum,0.021,0.021,-1,Echolocation,/mnt/ubna_data_02_mir/recover-20221013/UBNA_001/20221012_030000.WAV,Telephone Field,recover-20221013,001,1795
657.5845,657.5933,27187,37964,Eptesicus serotinus,0.008,0.021,-1,Echolocation,/mnt/ubna_data_02_mir/recover-20221013/UBNA_001/20221012_030000.WAV,Telephone Field,recover-20221013,001,1795
657.5995,657.6381,68437,82410,Rhinolophus ferrumequinum,0.021,0.021,-1,Echolocation,/mnt/ubna_data_02_mir/recover-20221013/UBNA_001/20221012_030000.WAV,Telephone Field,recover-20221013,001,1795
657.6435,657.6839,68437,83099,Rhinolophus ferrumequinum,0.023,0.023,-1,Echolocation,/mnt/ubna_data_02_mir/recover-20221013/UBNA_001/20221012_030000.WAV,Telephone Field,recover-20221013,001,1795
657.6625,657.7038,68437,82120,Rhinolophus ferrumequinum,0.021,0.021,-1,Echolocation,/mnt/ubna_data_02_mir/recover-20221013/UBNA_001/20221012_030000.WAV,Telephone Field,recover-20221013,001,1795
657.7165,657.7333,22031,25555,Nyctalus leisleri,0.017,0.027,-1,Echolocation,/mnt/ubna_data_02_mir/recover-20221013/UBNA_001/20221012_030000.WAV,Telephone Field,recover-20221013,001,1795
657.7335,657.775,68437,82817,Rhinolophus ferrumequinum,0.027,0.027,-1,Echolocation,/mnt/ubna_data_02_mir/recover-20221013/UBNA_001/20221012_030000.WAV,Telephone Field,recover-20221013,001,1795
657.7475,657.7582,43515,46349,Pipistrellus pipistrellus,0.031,0.04,-1,Echolocation,/mnt/ubna_data_02_mir/recover-20221013/UBNA_001/20221012_030000.WAV,Telephone Field,recover-20221013,001,1795
657.7565,657.7689,24609,30057,Nyctalus leisleri,0.017,0.037,-1,Echolocation,/mnt/ubna_data_02_mir/recover-20221013/UBNA_001/20221012_030000.WAV,Telephone Field,recover-20221013,001,1795
657.7675,657.8033,68437,81502,Rhinolophus ferrumequinum,0.02,0.021,-1,Echolocation,/mnt/ubna_data_02_mir/recover-20221013/UBNA_001/20221012_030000.WAV,Telephone Field,recover-20221013,001,1795
657.8015,657.8117,28906,36401,Eptesicus serotinus,0.008,0.021,-1,Echolocation,/mnt/ubna_data_02_mir/recover-20221013/UBNA_001/20221012_030000.WAV,Telephone Field,recover-20221013,001,1795
657.8465,657.855,25468,33817,Eptesicus serotinus,0.008,0.024,-1,Echolocation,/mnt/ubna_data_02_mir/recover-20221013/UBNA_001/20221012_030000.WAV,Telephone Field,recover-20221013,001,1795
657.8665,657.9091,68437,82981,Rhinolophus ferrumequinum,0.033,0.033,-1,Echolocation,/mnt/ubna_data_02_mir/recover-20221013/UBNA_001/20221012_030000.WAV,Telephone Field,recover-20221013,001,1795
657.8905,657.9245,68437,81136,Rhinolophus ferrumequinum,0.022,0.022,-1,Echolocation,/mnt/ubna_data_02_mir/recover-20221013/UBNA_001/20221012_030000.WAV,Telephone Field,recover-20221013,001,1795
657.8915,657.8997,27187,37966,Eptesicus serotinus,0.009,0.023,-1,Echolocation,/mnt/ubna_data_02_mir/recover-20221013/UBNA_001/20221012_030000.WAV,Telephone Field,recover-20221013,001,1795
657.9175,657.9254,28906,37671,Eptesicus serotinus,0.007,0.021,-1,Echolocation,/mnt/ubna_data_02_mir/recover-20221013/UBNA_001/20221012_030000.WAV,Telephone Field,recover-20221013,001,1795
657.9205,657.9596,68437,81770,Rhinolophus ferrumequinum,0.022,0.022,-1,Echolocation,/mnt/ubna_data_02_mir/recover-20221013/UBNA_001/20221012_030000.WAV,Telephone Field,recover-20221013,001,1795
657.9555,657.9982,68437,82862,Rhinolophus ferrumequinum,0.028,0.028,-1,Echolocation,/mnt/ubna_data_02_mir/recover-20221013/UBNA_001/20221012_030000.WAV,Telephone Field,recover-20221013,001,1795
658.0015,658.0331,69296,81663,Rhinolophus ferrumequinum,0.024,0.024,-1,Echolocation,/mnt/ubna_data_02_mir/recover-20221013/UBNA_001/20221012_030000.WAV,Telephone Field,recover-20221013,001,1795
658.0015,658.0156,18593,23019,Nyctalus leisleri,0.014,0.035,-1,Echolocation,/mnt/ubna_data_02_mir/recover-20221013/UBNA_001/20221012_030000.WAV,Telephone Field,recover-20221013,001,1795
658.0205,658.0382,21171,24452,Nyctalus leisleri,0.015,0.025,-1,Echolocation,/mnt/ubna_data_02_mir/recover-20221013/UBNA_001/20221012_030000.WAV,Telephone Field,recover-20221013,001,1795
658.0335,658.0418999999999,28906,39621,Eptesicus serotinus,0.009,0.023,-1,Echolocation,/mnt/ubna_data_02_mir/recover-20221013/UBNA_001/20221012_030000.WAV,Telephone Field,recover-20221013,001,1795
658.0515,658.0653,39218,42444,Pipistrellus nathusii,0.031,0.045,-1,Echolocation,/mnt/ubna_data_02_mir/recover-20221013/UBNA_001/20221012_030000.WAV,Telephone Field,recover-20221013,001,1795
658.0535,658.092,68437,81956,Rhinolophus ferrumequinum,0.024,0.024,-1,Echolocation,/mnt/ubna_data_02_mir/recover-20221013/UBNA_001/20221012_030000.WAV,Telephone Field,recover-20221013,001,1795
658.0795,658.1194,68437,82743,Rhinolophus ferrumequinum,0.024,0.024,-1,Echolocation,/mnt/ubna_data_02_mir/recover-20221013/UBNA_001/20221012_030000.WAV,Telephone Field,recover-20221013,001,1795
658.0825,658.0895,28046,42595,Eptesicus serotinus,0.006,0.024,-1,Echolocation,/mnt/ubna_data_02_mir/recover-20221013/UBNA_001/20221012_030000.WAV,Telephone Field,recover-20221013,001,1795
658.0985000000001,658.1084,23750,31412,Nyctalus leisleri,0.007,0.024,-1,Echolocation,/mnt/ubna_data_02_mir/recover-20221013/UBNA_001/20221012_030000.WAV,Telephone Field,recover-20221013,001,1795
658.1165,658.1562,68437,82194,Rhinolophus ferrumequinum,0.023,0.023,-1,Echolocation,/mnt/ubna_data_02_mir/recover-20221013/UBNA_001/20221012_030000.WAV,Telephone Field,recover-20221013,001,1795
658.1225,658.1635,68437,82817,Rhinolophus ferrumequinum,0.025,0.025,-1,Echolocation,/mnt/ubna_data_02_mir/recover-20221013/UBNA_001/20221012_030000.WAV,Telephone Field,recover-20221013,001,1795
658.1425,658.1544,29765,37124,Eptesicus serotinus,0.016,0.031,-1,Echolocation,/mnt/ubna_data_02_mir/recover-20221013/UBNA_001/20221012_030000.WAV,Telephone Field,recover-20221013,001,1795
658.1525,658.1598,28906,40147,Eptesicus serotinus,0.007,0.026,-1,Echolocation,/mnt/ubna_data_02_mir/recover-20221013/UBNA_001/20221012_030000.WAV,Telephone Field,recover-20221013,001,1795
658.1925,658.2311,68437,81820,Rhinolophus ferrumequinum,0.025,0.025,-1,Echolocation,/mnt/ubna_data_02_mir/recover-20221013/UBNA_001/20221012_030000.WAV,Telephone Field,recover-20221013,001,1795
658.2005,658.2088,23750,32220,Plecotus austriacus,0.008,0.023,-1,Echolocation,/mnt/ubna_data_02_mir/recover-20221013/UBNA_001/20221012_030000.WAV,Telephone Field,recover-20221013,001,1795
658.2015,658.2087,28046,42049,Eptesicus serotinus,0.007,0.023,-1,Echolocation,/mnt/ubna_data_02_mir/recover-20221013/UBNA_001/20221012_030000.WAV,Telephone Field,recover-20221013,001,1795
658.2225,658.2321,27187,35541,Eptesicus serotinus,0.011,0.024,-1,Echolocation,/mnt/ubna_data_02_mir/recover-20221013/UBNA_001/20221012_030000.WAV,Telephone Field,recover-20221013,001,1795
658.2325,658.2725,68437,82669,Rhinolophus ferrumequinum,0.03,0.03,-1,Echolocation,/mnt/ubna_data_02_mir/recover-20221013/UBNA_001/20221012_030000.WAV,Telephone Field,recover-20221013,001,1795
658.2605,658.2704,22031,27988,Plecotus austriacus,0.009,0.028,-1,Echolocation,/mnt/ubna_data_02_mir/recover-20221013/UBNA_001/20221012_030000.WAV,Telephone Field,recover-20221013,001,1795
658.2975,658.3353,68437,81520,Rhinolophus ferrumequinum,0.023,0.023,-1,Echolocation,/mnt/ubna_data_02_mir/recover-20221013/UBNA_001/20221012_030000.WAV,Telephone Field,recover-20221013,001,1795
658.3265,658.3392,51250,56151,Pipistrellus pipistrellus,0.016,0.023,-1,Echolocation,/mnt/ubna_data_02_mir/recover-20221013/UBNA_001/20221012_030000.WAV,Telephone Field,recover-20221013,001,1795
658.3285,658.3638,68437,81162,Rhinolophus ferrumequinum,0.024,0.024,-1,Echolocation,/mnt/ubna_data_02_mir/recover-20221013/UBNA_001/20221012_030000.WAV,Telephone Field,recover-20221013,001,1795
658.3405,658.3549,14296,18786,Nyctalus noctula,0.016,0.026,-1,Echolocation,/mnt/ubna_data_02_mir/recover-20221013/UBNA_001/20221012_030000.WAV,Telephone Field,recover-20221013,001,1795
658.3435,658.3516,34921,44873,Myotis daubentonii,0.009,0.024,-1,Echolocation,/mnt/ubna_data_02_mir/recover-20221013/UBNA_001/20221012_030000.WAV,Telephone Field,recover-20221013,001,1795
658.3605,658.369,23750,32516,Plecotus austriacus,0.01,0.026,-1,Echolocation,/mnt/ubna_data_02_mir/recover-20221013/UBNA_001/20221012_030000.WAV,Telephone Field,recover-20221013,001,1795
658.3705,658.4136,68437,83395,Rhinolophus ferrumequinum,0.028,0.028,-1,Echolocation,/mnt/ubna_data_02_mir/recover-20221013/UBNA_001/20221012_030000.WAV,Telephone Field,recover-20221013,001,1795
658.3925,658.3989,51250,59042,Pipistrellus pipistrellus,0.021,0.025,-1,Echolocation,/mnt/ubna_data_02_mir/recover-20221013/UBNA_001/20221012_030000.WAV,Telephone Field,recover-20221013,001,1795
658.4175,658.4273,28906,37490,Eptesicus serotinus,0.011,0.026,-1,Echolocation,/mnt/ubna_data_02_mir/recover-20221013/UBNA_001/20221012_030000.WAV,Telephone Field,recover-20221013,001,1795
658.4755,658.5155,68437,82412,Rhinolophus ferrumequinum,0.024,0.024,-1,Echolocation,/mnt/ubna_data_02_mir/recover-20221013/UBNA_001/20221012_030000.WAV,Telephone Field,recover-20221013,001,1795
658.5475,658.5886,68437,82737,Rhinolophus ferrumequinum,0.03,0.03,-1,Echolocation,/mnt/ubna_data_02_mir/recover-20221013/UBNA_001/20221012_030000.WAV,Telephone Field,recover-20221013,001,1795
658.5635,658.573,46093,49777,Pipistrellus pipistrellus,0.022,0.023,-1,Echolocation,/mnt/ubna_data_02_mir/recover-20221013/UBNA_001/20221012_030000.WAV,Telephone Field,recover-20221013,001,1795
658.6185,658.6617,68437,82966,Rhinolophus ferrumequinum,0.029,0.029,-1,Echolocation,/mnt/ubna_data_02_mir/recover-20221013/UBNA_001/20221012_030000.WAV,Telephone Field,recover-20221013,001,1795
658.6335,658.641,28046,39259,Eptesicus serotinus,0.008,0.028,-1,Echolocation,/mnt/ubna_data_02_mir/recover-20221013/UBNA_001/20221012_030000.WAV,Telephone Field,recover-20221013,001,1795
658.6575,658.6662,46953,53703,Pipistrellus pipistrellus,0.031,0.035,-1,Echolocation,/mnt/ubna_data_02_mir/recover-20221013/UBNA_001/20221012_030000.WAV,Telephone Field,recover-20221013,001,1795
658.6825,658.7177,68437,81295,Rhinolophus ferrumequinum,0.023,0.023,-1,Echolocation,/mnt/ubna_data_02_mir/recover-20221013/UBNA_001/20221012_030000.WAV,Telephone Field,recover-20221013,001,1795
658.7035,658.7116,28906,38100,Eptesicus serotinus,0.009,0.025,-1,Echolocation,/mnt/ubna_data_02_mir/recover-20221013/UBNA_001/20221012_030000.WAV,Telephone Field,recover-20221013,001,1795
658.7975,658.8379,68437,82492,Rhinolophus ferrumequinum,0.026,0.026,-1,Echolocation,/mnt/ubna_data_02_mir/recover-20221013/UBNA_001/20221012_030000.WAV,Telephone Field,recover-20221013,001,1795
658.8335,658.844,28046,36141,Eptesicus serotinus,0.01,0.022,-1,Echolocation,/mnt/ubna_data_02_mir/recover-20221013/UBNA_001/20221012_030000.WAV,Telephone Field,recover-20221013,001,1795
658.8455,658.8562,25468,31780,Nyctalus leisleri,0.012,0.031,-1,Echolocation,/mnt/ubna_data_02_mir/recover-20221013/UBNA_001/20221012_030000.WAV,Telephone Field,recover-20221013,001,1795
658.8795,658.9255,68437,83715,Rhinolophus ferrumequinum,0.06,0.06,-1,Echolocation,/mnt/ubna_data_02_mir/recover-20221013/UBNA_001/20221012_030000.WAV,Telephone Field,recover-20221013,001,1795
658.9125,658.9231,48671,53513,Pipistrellus pipistrellus,0.026,0.03,-1,Echolocation,/mnt/ubna_data_02_mir/recover-20221013/UBNA_001/20221012_030000.WAV,Telephone Field,recover-20221013,001,1795
658.9665,658.9819,21171,24447,Nyctalus leisleri,0.016,0.025,-1,Echolocation,/mnt/ubna_data_02_mir/recover-20221013/UBNA_001/20221012_030000.WAV,Telephone Field,recover-20221013,001,1795
658.9855,659.0266,68437,82908,Rhinolophus ferrumequinum,0.027,0.027,-1,Echolocation,/mnt/ubna_data_02_mir/recover-20221013/UBNA_001/20221012_030000.WAV,Telephone Field,recover-20221013,001,1795
659.0085,659.0215,22890,26980,Nyctalus leisleri,0.014,0.024,-1,Echolocation,/mnt/ubna_data_02_mir/recover-20221013/UBNA_001/20221012_030000.WAV,Telephone Field,recover-20221013,001,1795
659.0665,659.1072,68437,82819,Rhinolophus ferrumequinum,0.026,0.026,-1,Echolocation,/mnt/ubna_data_02_mir/recover-20221013/UBNA_001/20221012_030000.WAV,Telephone Field,recover-20221013,001,1795
659.0675,659.0786,52109,56937,Pipistrellus pipistrellus,0.015,0.023,-1,Echolocation,/mnt/ubna_data_02_mir/recover-20221013/UBNA_001/20221012_030000.WAV,Telephone Field,recover-20221013,001,1795
659.0675,659.0754,22890,31142,Plecotus austriacus,0.014,0.028,-1,Echolocation,/mnt/ubna_data_02_mir/recover-20221013/UBNA_001/20221012_030000.WAV,Telephone Field,recover-20221013,001,1795
659.1405,659.1826,68437,82904,Rhinolophus ferrumequinum,0.027,0.027,-1,Echolocation,/mnt/ubna_data_02_mir/recover-20221013/UBNA_001/20221012_030000.WAV,Telephone Field,recover-20221013,001,1795
659.1655,659.2072000000001,68437,83117,Rhinolophus ferrumequinum,0.039,0.039,-1,Echolocation,/mnt/ubna_data_02_mir/recover-20221013/UBNA_001/20221012_030000.WAV,Telephone Field,recover-20221013,001,1795
659.1985,659.2084,28906,37524,Eptesicus serotinus,0.01,0.024,-1,Echolocation,/mnt/ubna_data_02_mir/recover-20221013/UBNA_001/20221012_030000.WAV,Telephone Field,recover-20221013,001,1795
659.1995,659.2374,68437,81746,Rhinolophus ferrumequinum,0.024,0.024,-1,Echolocation,/mnt/ubna_data_02_mir/recover-20221013/UBNA_001/20221012_030000.WAV,Telephone Field,recover-20221013,001,1795
659.2145,659.2302999999999,28906,32900,Eptesicus serotinus,0.071,0.139,-1,Echolocation,/mnt/ubna_data_02_mir/recover-20221013/UBNA_001/20221012_030000.WAV,Telephone Field,recover-20221013,001,1795
659.2195,659.2608,68437,82377,Rhinolophus ferrumequinum,0.029,0.029,-1,Echolocation,/mnt/ubna_data_02_mir/recover-20221013/UBNA_001/20221012_030000.WAV,Telephone Field,recover-20221013,001,1795
659.3185,659.3587,68437,82202,Rhinolophus ferrumequinum,0.023,0.023,-1,Echolocation,/mnt/ubna_data_02_mir/recover-20221013/UBNA_001/20221012_030000.WAV,Telephone Field,recover-20221013,001,1795
659.3335,659.3454,22890,26766,Nyctalus leisleri,0.016,0.027,-1,Echolocation,/mnt/ubna_data_02_mir/recover-20221013/UBNA_001/20221012_030000.WAV,Telephone Field,recover-20221013,001,1795
659.3435,659.3851,68437,82785,Rhinolophus ferrumequinum,0.027,0.027,-1,Echolocation,/mnt/ubna_data_02_mir/recover-20221013/UBNA_001/20221012_030000.WAV,Telephone Field,recover-20221013,001,1795
659.3585,659.3667,26328,34697,Eptesicus serotinus,0.008,0.023,-1,Echolocation,/mnt/ubna_data_02_mir/recover-20221013/UBNA_001/20221012_030000.WAV,Telephone Field,recover-20221013,001,1795
659.3975,659.4389,68437,83457,Rhinolophus ferrumequinum,0.028,0.028,-1,Echolocation,/mnt/ubna_data_02_mir/recover-20221013/UBNA_001/20221012_030000.WAV,Telephone Field,recover-20221013,001,1795
659.4355,659.473,68437,82061,Rhinolophus ferrumequinum,0.023,0.023,-1,Echolocation,/mnt/ubna_data_02_mir/recover-20221013/UBNA_001/20221012_030000.WAV,Telephone Field,recover-20221013,001,1795
659.4475,659.4579,28046,34955,Eptesicus serotinus,0.013,0.027,-1,Echolocation,/mnt/ubna_data_02_mir/recover-20221013/UBNA_001/20221012_030000.WAV,Telephone Field,recover-20221013,001,1795
659.4905,659.5294,68437,81865,Rhinolophus ferrumequinum,0.023,0.023,-1,Echolocation,/mnt/ubna_data_02_mir/recover-20221013/UBNA_001/20221012_030000.WAV,Telephone Field,recover-20221013,001,1795
659.5175,659.5575,68437,82116,Rhinolophus ferrumequinum,0.024,0.024,-1,Echolocation,/mnt/ubna_data_02_mir/recover-20221013/UBNA_001/20221012_030000.WAV,Telephone Field,recover-20221013,001,1795
659.5615,659.5678,26328,36220,Plecotus austriacus,0.012,0.036,-1,Echolocation,/mnt/ubna_data_02_mir/recover-20221013/UBNA_001/20221012_030000.WAV,Telephone Field,recover-20221013,001,1795
659.5815,659.5924,23750,30376,Nyctalus leisleri,0.011,0.026,-1,Echolocation,/mnt/ubna_data_02_mir/recover-20221013/UBNA_001/20221012_030000.WAV,Telephone Field,recover-20221013,001,1795
659.5845,659.6224,68437,82252,Rhinolophus ferrumequinum,0.029,0.029,-1,Echolocation,/mnt/ubna_data_02_mir/recover-20221013/UBNA_001/20221012_030000.WAV,Telephone Field,recover-20221013,001,1795
659.6235,659.6617,68437,81721,Rhinolophus ferrumequinum,0.025,0.025,-1,Echolocation,/mnt/ubna_data_02_mir/recover-20221013/UBNA_001/20221012_030000.WAV,Telephone Field,recover-20221013,001,1795
659.6445,659.6821,68437,81502,Rhinolophus ferrumequinum,0.023,0.023,-1,Echolocation,/mnt/ubna_data_02_mir/recover-20221013/UBNA_001/20221012_030000.WAV,Telephone Field,recover-20221013,001,1795
659.7385,659.78,68437,82598,Rhinolophus ferrumequinum,0.023,0.023,-1,Echolocation,/mnt/ubna_data_02_mir/recover-20221013/UBNA_001/20221012_030000.WAV,Telephone Field,recover-20221013,001,1795
659.7555,659.7665,22890,28413,Nyctalus leisleri,0.011,0.023,-1,Echolocation,/mnt/ubna_data_02_mir/recover-20221013/UBNA_001/20221012_030000.WAV,Telephone Field,recover-20221013,001,1795
659.7825,659.823,68437,81764,Rhinolophus ferrumequinum,0.024,0.024,-1,Echolocation,/mnt/ubna_data_02_mir/recover-20221013/UBNA_001/20221012_030000.WAV,Telephone Field,recover-20221013,001,1795
659.8515,659.8944,68437,82894,Rhinolophus ferrumequinum,0.03,0.03,-1,Echolocation,/mnt/ubna_data_02_mir/recover-20221013/UBNA_001/20221012_030000.WAV,Telephone Field,recover-20221013,001,1795
659.8535,659.8589,31484,47750,Myotis daubentonii,0.011,0.023,-1,Echolocation,/mnt/ubna_data_02_mir/recover-20221013/UBNA_001/20221012_030000.WAV,Telephone Field,recover-20221013,001,1795
659.8545,659.8608,24609,37163,Myotis nattereri,0.007,0.023,-1,Echolocation,/mnt/ubna_data_02_mir/recover-20221013/UBNA_001/20221012_030000.WAV,Telephone Field,recover-20221013,001,1795
659.8785,659.9133,68437,81467,Rhinolophus ferrumequinum,0.023,0.023,-1,Echolocation,/mnt/ubna_data_02_mir/recover-20221013/UBNA_001/20221012_030000.WAV,Telephone Field,recover-20221013,001,1795
659.8965,659.9338,68437,82092,Rhinolophus ferrumequinum,0.025,0.025,-1,Echolocation,/mnt/ubna_data_02_mir/recover-20221013/UBNA_001/20221012_030000.WAV,Telephone Field,recover-20221013,001,1795
659.9135,659.922,23750,30654,Nyctalus leisleri,0.007,0.023,-1,Echolocation,/mnt/ubna_data_02_mir/recover-20221013/UBNA_001/20221012_030000.WAV,Telephone Field,recover-20221013,001,1795
659.9585,659.9692,23750,29235,Nyctalus leisleri,0.011,0.023,-1,Echolocation,/mnt/ubna_data_02_mir/recover-20221013/UBNA_001/20221012_030000.WAV,Telephone Field,recover-20221013,001,1795
660.0015,660.0346,68437,80483,Rhinolophus ferrumequinum,0.04,0.041,-1,Echolocation,/mnt/ubna_data_02_mir/recover-20221013/UBNA_001/20221012_030000.WAV,Telephone Field,recover-20221013,001,1795
660.0015,660.0097,25468,34880,Nyctalus leisleri,0.007,0.027,-1,Echolocation,/mnt/ubna_data_02_mir/recover-20221013/UBNA_001/20221012_030000.WAV,Telephone Field,recover-20221013,001,1795
660.0015,660.0089,46953,51297,Pipistrellus pipistrellus,0.015,0.022,-1,Echolocation,/mnt/ubna_data_02_mir/recover-20221013/UBNA_001/20221012_030000.WAV,Telephone Field,recover-20221013,001,1795
660.0105,660.0516,68437,82583,Rhinolophus ferrumequinum,0.021,0.021,-1,Echolocation,/mnt/ubna_data_02_mir/recover-20221013/UBNA_001/20221012_030000.WAV,Telephone Field,recover-20221013,001,1795
660.0155,660.0252,28046,36590,Eptesicus serotinus,0.007,0.02,-1,Echolocation,/mnt/ubna_data_02_mir/recover-20221013/UBNA_001/20221012_030000.WAV,Telephone Field,recover-20221013,001,1795
660.0165,660.0551,68437,82175,Rhinolophus ferrumequinum,0.021,0.021,-1,Echolocation,/mnt/ubna_data_02_mir/recover-20221013/UBNA_001/20221012_030000.WAV,Telephone Field,recover-20221013,001,1795
660.0365,660.0442,27187,38434,Eptesicus serotinus,0.007,0.022,-1,Echolocation,/mnt/ubna_data_02_mir/recover-20221013/UBNA_001/20221012_030000.WAV,Telephone Field,recover-20221013,001,1795
660.0545,660.0926,68437,81478,Rhinolophus ferrumequinum,0.023,0.023,-1,Echolocation,/mnt/ubna_data_02_mir/recover-20221013/UBNA_001/20221012_030000.WAV,Telephone Field,recover-20221013,001,1795
660.0555,660.0648,26328,36017,Eptesicus serotinus,0.008,0.02,-1,Echolocation,/mnt/ubna_data_02_mir/recover-20221013/UBNA_001/20221012_030000.WAV,Telephone Field,recover-20221013,001,1795
660.0635,660.1008,68437,81890,Rhinolophus ferrumequinum,0.02,0.02,-1,Echolocation,/mnt/ubna_data_02_mir/recover-20221013/UBNA_001/20221012_030000.WAV,Telephone Field,recover-20221013,001,1795
660.0875,660.1256,68437,82079,Rhinolophus ferrumequinum,0.02,0.02,-1,Echolocation,/mnt/ubna_data_02_mir/recover-20221013/UBNA_001/20221012_030000.WAV,Telephone Field,recover-20221013,001,1795
660.1045,660.1474,68437,82732,Rhinolophus ferrumequinum,0.025,0.025,-1,Echolocation,/mnt/ubna_data_02_mir/recover-20221013/UBNA_001/20221012_030000.WAV,Telephone Field,recover-20221013,001,1795
660.1275,660.1645,68437,81598,Rhinolophus ferrumequinum,0.024,0.024,-1,Echolocation,/mnt/ubna_data_02_mir/recover-20221013/UBNA_001/20221012_030000.WAV,Telephone Field,recover-20221013,001,1795
660.1335,660.1404,24609,33209,Plecotus austriacus,0.01,0.024,-1,Echolocation,/mnt/ubna_data_02_mir/recover-20221013/UBNA_001/20221012_030000.WAV,Telephone Field,recover-20221013,001,1795
660.1335,660.1682,68437,81141,Rhinolophus ferrumequinum,0.025,0.026,-1,Echolocation,/mnt/ubna_data_02_mir/recover-20221013/UBNA_001/20221012_030000.WAV,Telephone Field,recover-20221013,001,1795
660.1515,660.1903,68437,81837,Rhinolophus ferrumequinum,0.021,0.021,-1,Echolocation,/mnt/ubna_data_02_mir/recover-20221013/UBNA_001/20221012_030000.WAV,Telephone Field,recover-20221013,001,1795
660.2585,660.2948,68437,81381,Rhinolophus ferrumequinum,0.021,0.021,-1,Echolocation,/mnt/ubna_data_02_mir/recover-20221013/UBNA_001/20221012_030000.WAV,Telephone Field,recover-20221013,001,1795
660.2675,660.3066,68437,82184,Rhinolophus ferrumequinum,0.021,0.021,-1,Echolocation,/mnt/ubna_data_02_mir/recover-20221013/UBNA_001/20221012_030000.WAV,Telephone Field,recover-20221013,001,1795
660.2835,660.2905,48671,54172,Pipistrellus pipistrellus,0.02,0.021,-1,Echolocation,/mnt/ubna_data_02_mir/recover-20221013/UBNA_001/20221012_030000.WAV,Telephone Field,recover-20221013,001,1795
660.2955,660.3331,68437,81526,Rhinolophus ferrumequinum,0.02,0.02,-1,Echolocation,/mnt/ubna_data_02_mir/recover-20221013/UBNA_001/20221012_030000.WAV,Telephone Field,recover-20221013,001,1795
660.3125,660.3523,68437,81967,Rhinolophus ferrumequinum,0.022,0.022,-1,Echolocation,/mnt/ubna_data_02_mir/recover-20221013/UBNA_001/20221012_030000.WAV,Telephone Field,recover-20221013,001,1795
660.3495,660.3571,45234,54921,Pipistrellus pipistrellus,0.02,0.029,-1,Echolocation,/mnt/ubna_data_02_mir/recover-20221013/UBNA_001/20221012_030000.WAV,Telephone Field,recover-20221013,001,1795
660.3495,660.3892,68437,82607,Rhinolophus ferrumequinum,0.02,0.02,-1,Echolocation,/mnt/ubna_data_02_mir/recover-20221013/UBNA_001/20221012_030000.WAV,Telephone Field,recover-20221013,001,1795
660.3745,660.4146,68437,82611,Rhinolophus ferrumequinum,0.022,0.022,-1,Echolocation,/mnt/ubna_data_02_mir/recover-20221013/UBNA_001/20221012_030000.WAV,Telephone Field,recover-20221013,001,1795
660.3845,660.4263,68437,82838,Rhinolophus ferrumequinum,0.029,0.029,-1,Echolocation,/mnt/ubna_data_02_mir/recover-20221013/UBNA_001/20221012_030000.WAV,Telephone Field,recover-20221013,001,1795
660.4345,660.4729,68437,82212,Rhinolophus ferrumequinum,0.02,0.02,-1,Echolocation,/mnt/ubna_data_02_mir/recover-20221013/UBNA_001/20221012_030000.WAV,Telephone Field,recover-20221013,001,1795
660.4625,660.5027,68437,82164,Rhinolophus ferrumequinum,0.027,0.027,-1,Echolocation,/mnt/ubna_data_02_mir/recover-20221013/UBNA_001/20221012_030000.WAV,Telephone Field,recover-20221013,001,1795
660.5015,660.5085,28046,40011,Eptesicus serotinus,0.006,0.023,-1,Echolocation,/mnt/ubna_data_02_mir/recover-20221013/UBNA_001/20221012_030000.WAV,Telephone Field,recover-20221013,001,1795
660.5235,660.5333,24609,31082,Nyctalus leisleri,0.007,0.021,-1,Echolocation,/mnt/ubna_data_02_mir/recover-20221013/UBNA_001/20221012_030000.WAV,Telephone Field,recover-20221013,001,1795
660.5325,660.5712,68437,81931,Rhinolophus ferrumequinum,0.023,0.023,-1,Echolocation,/mnt/ubna_data_02_mir/recover-20221013/UBNA_001/20221012_030000.WAV,Telephone Field,recover-20221013,001,1795
660.5735,660.6119,68437,82008,Rhinolophus ferrumequinum,0.02,0.02,-1,Echolocation,/mnt/ubna_data_02_mir/recover-20221013/UBNA_001/20221012_030000.WAV,Telephone Field,recover-20221013,001,1795
660.5785,660.5868,23750,32231,Plecotus austriacus,0.009,0.024,-1,Echolocation,/mnt/ubna_data_02_mir/recover-20221013/UBNA_001/20221012_030000.WAV,Telephone Field,recover-20221013,001,1795
660.5955,660.6033,28906,39265,Eptesicus serotinus,0.007,0.021,-1,Echolocation,/mnt/ubna_data_02_mir/recover-20221013/UBNA_001/20221012_030000.WAV,Telephone Field,recover-20221013,001,1795
660.6275,660.6653,68437,82393,Rhinolophus ferrumequinum,0.02,0.02,-1,Echolocation,/mnt/ubna_data_02_mir/recover-20221013/UBNA_001/20221012_030000.WAV,Telephone Field,recover-20221013,001,1795
660.6305,660.6382,27187,35765,Eptesicus serotinus,0.007,0.021,-1,Echolocation,/mnt/ubna_data_02_mir/recover-20221013/UBNA_001/20221012_030000.WAV,Telephone Field,recover-20221013,001,1795
660.6525,660.6922,68437,82557,Rhinolophus ferrumequinum,0.031,0.031,-1,Echolocation,/mnt/ubna_data_02_mir/recover-20221013/UBNA_001/20221012_030000.WAV,Telephone Field,recover-20221013,001,1795
660.6725,660.7129,68437,82667,Rhinolophus ferrumequinum,0.022,0.022,-1,Echolocation,/mnt/ubna_data_02_mir/recover-20221013/UBNA_001/20221012_030000.WAV,Telephone Field,recover-20221013,001,1795
660.6915,660.7287,68437,81913,Rhinolophus ferrumequinum,0.021,0.021,-1,Echolocation,/mnt/ubna_data_02_mir/recover-20221013/UBNA_001/20221012_030000.WAV,Telephone Field,recover-20221013,001,1795
660.7375,660.7759,68437,82472,Rhinolophus ferrumequinum,0.027,0.027,-1,Echolocation,/mnt/ubna_data_02_mir/recover-20221013/UBNA_001/20221012_030000.WAV,Telephone Field,recover-20221013,001,1795
660.7915,660.83,68437,82238,Rhinolophus ferrumequinum,0.023,0.023,-1,Echolocation,/mnt/ubna_data_02_mir/recover-20221013/UBNA_001/20221012_030000.WAV,Telephone Field,recover-20221013,001,1795
660.8075,660.8475,68437,82240,Rhinolophus ferrumequinum,0.023,0.023,-1,Echolocation,/mnt/ubna_data_02_mir/recover-20221013/UBNA_001/20221012_030000.WAV,Telephone Field,recover-20221013,001,1795
660.8265,660.8644,68437,82049,Rhinolophus ferrumequinum,0.021,0.021,-1,Echolocation,/mnt/ubna_data_02_mir/recover-20221013/UBNA_001/20221012_030000.WAV,Telephone Field,recover-20221013,001,1795
660.8545,660.8619,28046,38823,Eptesicus serotinus,0.007,0.024,-1,Echolocation,/mnt/ubna_data_02_mir/recover-20221013/UBNA_001/20221012_030000.WAV,Telephone Field,recover-20221013,001,1795
660.8585,660.8984,68437,83069,Rhinolophus ferrumequinum,0.026,0.026,-1,Echolocation,/mnt/ubna_data_02_mir/recover-20221013/UBNA_001/20221012_030000.WAV,Telephone Field,recover-20221013,001,1795
660.8665,660.9076,68437,82917,Rhinolophus ferrumequinum,0.025,0.025,-1,Echolocation,/mnt/ubna_data_02_mir/recover-20221013/UBNA_001/20221012_030000.WAV,Telephone Field,recover-20221013,001,1795
660.8675,660.8746,28046,40250,Eptesicus serotinus,0.007,0.023,-1,Echolocation,/mnt/ubna_data_02_mir/recover-20221013/UBNA_001/20221012_030000.WAV,Telephone Field,recover-20221013,001,1795
660.8885,660.9297,68437,82583,Rhinolophus ferrumequinum,0.027,0.027,-1,Echolocation,/mnt/ubna_data_02_mir/recover-20221013/UBNA_001/20221012_030000.WAV,Telephone Field,recover-20221013,001,1795
660.8915,660.8995,26328,36148,Eptesicus serotinus,0.008,0.022,-1,Echolocation,/mnt/ubna_data_02_mir/recover-20221013/UBNA_001/20221012_030000.WAV,Telephone Field,recover-20221013,001,1795
660.9195,660.9366,22890,26407,Nyctalus leisleri,0.021,0.032,-1,Echolocation,/mnt/ubna_data_02_mir/recover-20221013/UBNA_001/20221012_030000.WAV,Telephone Field,recover-20221013,001,1795
660.9325,660.9706,68437,81583,Rhinolophus ferrumequinum,0.022,0.022,-1,Echolocation,/mnt/ubna_data_02_mir/recover-20221013/UBNA_001/20221012_030000.WAV,Telephone Field,recover-20221013,001,1795
660.9505,660.9895,68437,82021,Rhinolophus ferrumequinum,0.021,0.021,-1,Echolocation,/mnt/ubna_data_02_mir/recover-20221013/UBNA_001/20221012_030000.WAV,Telephone Field,recover-20221013,001,1795
660.9545,660.9661,23750,29349,Nyctalus leisleri,0.022,0.045,-1,Echolocation,/mnt/ubna_data_02_mir/recover-20221013/UBNA_001/20221012_030000.WAV,Telephone Field,recover-20221013,001,1795
660.9755,661.0174,68437,82539,Rhinolophus ferrumequinum,0.024,0.024,-1,Echolocation,/mnt/ubna_data_02_mir/recover-20221013/UBNA_001/20221012_030000.WAV,Telephone Field,recover-20221013,001,1795
661.0035,661.0376,68437,80937,Rhinolophus ferrumequinum,0.02,0.02,-1,Echolocation,/mnt/ubna_data_02_mir/recover-20221013/UBNA_001/20221012_030000.WAV,Telephone Field,recover-20221013,001,1795
661.0165,661.024,28046,38824,Eptesicus serotinus,0.008,0.022,-1,Echolocation,/mnt/ubna_data_02_mir/recover-20221013/UBNA_001/20221012_030000.WAV,Telephone Field,recover-20221013,001,1795
661.0275,661.0678,68437,83334,Rhinolophus ferrumequinum,0.026,0.026,-1,Echolocation,/mnt/ubna_data_02_mir/recover-20221013/UBNA_001/20221012_030000.WAV,Telephone Field,recover-20221013,001,1795
661.0295,661.0371,43515,46932,Pipistrellus pipistrellus,0.019,0.021,-1,Echolocation,/mnt/ubna_data_02_mir/recover-20221013/UBNA_001/20221012_030000.WAV,Telephone Field,recover-20221013,001,1795
661.0415,661.0771,68437,81706,Rhinolophus ferrumequinum,0.022,0.022,-1,Echolocation,/mnt/ubna_data_02_mir/recover-20221013/UBNA_001/20221012_030000.WAV,Telephone Field,recover-20221013,001,1795
661.0525,661.0912,68437,82087,Rhinolophus ferrumequinum,0.025,0.025,-1,Echolocation,/mnt/ubna_data_02_mir/recover-20221013/UBNA_001/20221012_030000.WAV,Telephone Field,recover-20221013,001,1795
661.0795,661.1198,68437,82611,Rhinolophus ferrumequinum,0.024,0.024,-1,Echolocation,/mnt/ubna_data_02_mir/recover-20221013/UBNA_001/20221012_030000.WAV,Telephone Field,recover-20221013,001,1795
661.0885,661.0971,51250,55607,Pipistrellus pipistrellus,0.017,0.022,-1,Echolocation,/mnt/ubna_data_02_mir/recover-20221013/UBNA_001/20221012_030000.WAV,Telephone Field,recover-20221013,001,1795
661.1405,661.1785,68437,82288,Rhinolophus ferrumequinum,0.022,0.022,-1,Echolocation,/mnt/ubna_data_02_mir/recover-20221013/UBNA_001/20221012_030000.WAV,Telephone Field,recover-20221013,001,1795
661.1625,661.2019,68437,82817,Rhinolophus ferrumequinum,0.022,0.022,-1,Echolocation,/mnt/ubna_data_02_mir/recover-20221013/UBNA_001/20221012_030000.WAV,Telephone Field,recover-20221013,001,1795
661.1865,661.1959,24609,31855,Eptesicus serotinus,0.008,0.023,-1,Echolocation,/mnt/ubna_data_02_mir/recover-20221013/UBNA_001/20221012_030000.WAV,Telephone Field,recover-20221013,001,1795
661.1915,661.2292,68437,81054,Rhinolophus ferrumequinum,0.022,0.022,-1,Echolocation,/mnt/ubna_data_02_mir/recover-20221013/UBNA_001/20221012_030000.WAV,Telephone Field,recover-20221013,001,1795
661.2125,661.2471,68437,81494,Rhinolophus ferrumequinum,0.02,0.02,-1,Echolocation,/mnt/ubna_data_02_mir/recover-20221013/UBNA_001/20221012_030000.WAV,Telephone Field,recover-20221013,001,1795
661.2315,661.2707,68437,81853,Rhinolophus ferrumequinum,0.021,0.021,-1,Echolocation,/mnt/ubna_data_02_mir/recover-20221013/UBNA_001/20221012_030000.WAV,Telephone Field,recover-20221013,001,1795
661.2755,661.3113,68437,81599,Rhinolophus ferrumequinum,0.022,0.022,-1,Echolocation,/mnt/ubna_data_02_mir/recover-20221013/UBNA_001/20221012_030000.WAV,Telephone Field,recover-20221013,001,1795
661.2865,661.2951,23750,31285,Plecotus austriacus,0.01,0.028,-1,Echolocation,/mnt/ubna_data_02_mir/recover-20221013/UBNA_001/20221012_030000.WAV,Telephone Field,recover-20221013,001,1795
661.2955,661.333,68437,82114,Rhinolophus ferrumequinum,0.025,0.025,-1,Echolocation,/mnt/ubna_data_02_mir/recover-20221013/UBNA_001/20221012_030000.WAV,Telephone Field,recover-20221013,001,1795
661.3035,661.3399,68437,81986,Rhinolophus ferrumequinum,0.024,0.024,-1,Echolocation,/mnt/ubna_data_02_mir/recover-20221013/UBNA_001/20221012_030000.WAV,Telephone Field,recover-20221013,001,1795
661.3385,661.3773,68437,81886,Rhinolophus ferrumequinum,0.02,0.02,-1,Echolocation,/mnt/ubna_data_02_mir/recover-20221013/UBNA_001/20221012_030000.WAV,Telephone Field,recover-20221013,001,1795
661.3455,661.3553,24609,31341,Eptesicus serotinus,0.007,0.021,-1,Echolocation,/mnt/ubna_data_02_mir/recover-20221013/UBNA_001/20221012_030000.WAV,Telephone Field,recover-20221013,001,1795
661.3565,661.3948,68437,82229,Rhinolophus ferrumequinum,0.028,0.028,-1,Echolocation,/mnt/ubna_data_02_mir/recover-20221013/UBNA_001/20221012_030000.WAV,Telephone Field,recover-20221013,001,1795
661.3785,661.4183,68437,82142,Rhinolophus ferrumequinum,0.023,0.023,-1,Echolocation,/mnt/ubna_data_02_mir/recover-20221013/UBNA_001/20221012_030000.WAV,Telephone Field,recover-20221013,001,1795
661.3935,661.4006,39218,52305,Myotis daubentonii,0.007,0.022,-1,Echolocation,/mnt/ubna_data_02_mir/recover-20221013/UBNA_001/20221012_030000.WAV,Telephone Field,recover-20221013,001,1795
661.4045,661.416,23750,28970,Nyctalus leisleri,0.01,0.021,-1,Echolocation,/mnt/ubna_data_02_mir/recover-20221013/UBNA_001/20221012_030000.WAV,Telephone Field,recover-20221013,001,1795
661.4115,661.4482,68437,80832,Rhinolophus ferrumequinum,0.02,0.02,-1,Echolocation,/mnt/ubna_data_02_mir/recover-20221013/UBNA_001/20221012_030000.WAV,Telephone Field,recover-20221013,001,1795
661.4155,661.4253,27187,35554,Eptesicus serotinus,0.01,0.022,-1,Echolocation,/mnt/ubna_data_02_mir/recover-20221013/UBNA_001/20221012_030000.WAV,Telephone Field,recover-20221013,001,1795
661.4305,661.4687,68437,81587,Rhinolophus ferrumequinum,0.02,0.02,-1,Echolocation,/mnt/ubna_data_02_mir/recover-20221013/UBNA_001/20221012_030000.WAV,Telephone Field,recover-20221013,001,1795
661.4575,661.466,28046,40862,Eptesicus serotinus,0.008,0.024,-1,Echolocation,/mnt/ubna_data_02_mir/recover-20221013/UBNA_001/20221012_030000.WAV,Telephone Field,recover-20221013,001,1795
661.4595,661.497,68437,81638,Rhinolophus ferrumequinum,0.023,0.023,-1,Echolocation,/mnt/ubna_data_02_mir/recover-20221013/UBNA_001/20221012_030000.WAV,Telephone Field,recover-20221013,001,1795
661.4785,661.5219,68437,83202,Rhinolophus ferrumequinum,0.064,0.064,-1,Echolocation,/mnt/ubna_data_02_mir/recover-20221013/UBNA_001/20221012_030000.WAV,Telephone Field,recover-20221013,001,1795
661.4915,661.4995,24609,33624,Plecotus austriacus,0.009,0.03,-1,Echolocation,/mnt/ubna_data_02_mir/recover-20221013/UBNA_001/20221012_030000.WAV,Telephone Field,recover-20221013,001,1795
661.4915,661.5009,28906,38044,Eptesicus serotinus,0.014,0.029,-1,Echolocation,/mnt/ubna_data_02_mir/recover-20221013/UBNA_001/20221012_030000.WAV,Telephone Field,recover-20221013,001,1795
661.5065,661.542,68437,81465,Rhinolophus ferrumequinum,0.021,0.021,-1,Echolocation,/mnt/ubna_data_02_mir/recover-20221013/UBNA_001/20221012_030000.WAV,Telephone Field,recover-20221013,001,1795
661.5145,661.552,68437,81949,Rhinolophus ferrumequinum,0.021,0.021,-1,Echolocation,/mnt/ubna_data_02_mir/recover-20221013/UBNA_001/20221012_030000.WAV,Telephone Field,recover-20221013,001,1795
661.5395,661.5782,68437,82056,Rhinolophus ferrumequinum,0.021,0.021,-1,Echolocation,/mnt/ubna_data_02_mir/recover-20221013/UBNA_001/20221012_030000.WAV,Telephone Field,recover-20221013,001,1795
661.5605,661.5986,68437,81944,Rhinolophus ferrumequinum,0.02,0.02,-1,Echolocation,/mnt/ubna_data_02_mir/recover-20221013/UBNA_001/20221012_030000.WAV,Telephone Field,recover-20221013,001,1795
661.5925,661.6315,68437,81532,Rhinolophus ferrumequinum,0.022,0.022,-1,Echolocation,/mnt/ubna_data_02_mir/recover-20221013/UBNA_001/20221012_030000.WAV,Telephone Field,recover-20221013,001,1795
661.5935,661.6054,22031,26528,Nyctalus leisleri,0.013,0.024,-1,Echolocation,/mnt/ubna_data_02_mir/recover-20221013/UBNA_001/20221012_030000.WAV,Telephone Field,recover-20221013,001,1795
661.6195,661.6264,27187,37413,Eptesicus serotinus,0.006,0.022,-1,Echolocation,/mnt/ubna_data_02_mir/recover-20221013/UBNA_001/20221012_030000.WAV,Telephone Field,recover-20221013,001,1795
661.6365,661.6735,68437,81786,Rhinolophus ferrumequinum,0.022,0.022,-1,Echolocation,/mnt/ubna_data_02_mir/recover-20221013/UBNA_001/20221012_030000.WAV,Telephone Field,recover-20221013,001,1795
661.6385,661.6488,28906,35876,Eptesicus serotinus,0.01,0.024,-1,Echolocation,/mnt/ubna_data_02_mir/recover-20221013/UBNA_001/20221012_030000.WAV,Telephone Field,recover-20221013,001,1795
661.6465,661.6844,68437,82143,Rhinolophus ferrumequinum,0.023,0.023,-1,Echolocation,/mnt/ubna_data_02_mir/recover-20221013/UBNA_001/20221012_030000.WAV,Telephone Field,recover-20221013,001,1795
661.6995,661.7081,27187,37804,Eptesicus serotinus,0.008,0.023,-1,Echolocation,/mnt/ubna_data_02_mir/recover-20221013/UBNA_001/20221012_030000.WAV,Telephone Field,recover-20221013,001,1795
661.7205,661.7602,68437,81489,Rhinolophus ferrumequinum,0.023,0.023,-1,Echolocation,/mnt/ubna_data_02_mir/recover-20221013/UBNA_001/20221012_030000.WAV,Telephone Field,recover-20221013,001,1795
661.7675,661.8087,68437,83067,Rhinolophus ferrumequinum,0.02,0.02,-1,Echolocation,/mnt/ubna_data_02_mir/recover-20221013/UBNA_001/20221012_030000.WAV,Telephone Field,recover-20221013,001,1795
661.7965,661.807,22890,28183,Nyctalus leisleri,0.009,0.021,-1,Echolocation,/mnt/ubna_data_02_mir/recover-20221013/UBNA_001/20221012_030000.WAV,Telephone Field,recover-20221013,001,1795
661.8175,661.8517,68437,79849,Rhinolophus ferrumequinum,0.025,0.025,-1,Echolocation,/mnt/ubna_data_02_mir/recover-20221013/UBNA_001/20221012_030000.WAV,Telephone Field,recover-20221013,001,1795
661.8505,661.8887,68437,81754,Rhinolophus ferrumequinum,0.02,0.02,-1,Echolocation,/mnt/ubna_data_02_mir/recover-20221013/UBNA_001/20221012_030000.WAV,Telephone Field,recover-20221013,001,1795
661.9025,661.945,68437,83249,Rhinolophus ferrumequinum,0.025,0.025,-1,Echolocation,/mnt/ubna_data_02_mir/recover-20221013/UBNA_001/20221012_030000.WAV,Telephone Field,recover-20221013,001,1795
661.9205,661.9603,68437,82364,Rhinolophus ferrumequinum,0.021,0.021,-1,Echolocation,/mnt/ubna_data_02_mir/recover-20221013/UBNA_001/20221012_030000.WAV,Telephone Field,recover-20221013,001,1795
661.9305,661.9409,26328,33304,Eptesicus serotinus,0.011,0.024,-1,Echolocation,/mnt/ubna_data_02_mir/recover-20221013/UBNA_001/20221012_030000.WAV,Telephone Field,recover-20221013,001,1795
661.9565,661.9948,68437,82236,Rhinolophus ferrumequinum,0.023,0.023,-1,Echolocation,/mnt/ubna_data_02_mir/recover-20221013/UBNA_001/20221012_030000.WAV,Telephone Field,recover-20221013,001,1795
661.9795,661.9903,22890,28310,Nyctalus leisleri,0.009,0.02,-1,Echolocation,/mnt/ubna_data_02_mir/recover-20221013/UBNA_001/20221012_030000.WAV,Telephone Field,recover-20221013,001,1795
662.0015,662.0105,23750,32969,Nyctalus leisleri,0.007,0.025,-1,Echolocation,/mnt/ubna_data_02_mir/recover-20221013/UBNA_001/20221012_030000.WAV,Telephone Field,recover-20221013,001,1795
662.0015,662.0333,68437,79650,Rhinolophus ferrumequinum,0.027,0.027,-1,Echolocation,/mnt/ubna_data_02_mir/recover-20221013/UBNA_001/20221012_030000.WAV,Telephone Field,recover-20221013,001,1795
662.0115,662.0529,68437,82330,Rhinolophus ferrumequinum,0.022,0.022,-1,Echolocation,/mnt/ubna_data_02_mir/recover-20221013/UBNA_001/20221012_030000.WAV,Telephone Field,recover-20221013,001,1795
662.0215,662.0605,68437,82748,Rhinolophus ferrumequinum,0.022,0.022,-1,Echolocation,/mnt/ubna_data_02_mir/recover-20221013/UBNA_001/20221012_030000.WAV,Telephone Field,recover-20221013,001,1795
662.0335,662.044,24609,31959,Eptesicus serotinus,0.009,0.025,-1,Echolocation,/mnt/ubna_data_02_mir/recover-20221013/UBNA_001/20221012_030000.WAV,Telephone Field,recover-20221013,001,1795
662.0585,662.0958,68437,81900,Rhinolophus ferrumequinum,0.023,0.023,-1,Echolocation,/mnt/ubna_data_02_mir/recover-20221013/UBNA_001/20221012_030000.WAV,Telephone Field,recover-20221013,001,1795
662.0615,662.0696,44375,48632,Pipistrellus pipistrellus,0.026,0.028,-1,Echolocation,/mnt/ubna_data_02_mir/recover-20221013/UBNA_001/20221012_030000.WAV,Telephone Field,recover-20221013,001,1795
662.0855,662.1267,68437,82356,Rhinolophus ferrumequinum,0.023,0.023,-1,Echolocation,/mnt/ubna_data_02_mir/recover-20221013/UBNA_001/20221012_030000.WAV,Telephone Field,recover-20221013,001,1795
662.1095,662.1509,68437,83123,Rhinolophus ferrumequinum,0.028,0.028,-1,Echolocation,/mnt/ubna_data_02_mir/recover-20221013/UBNA_001/20221012_030000.WAV,Telephone Field,recover-20221013,001,1795
662.1735,662.2141,68437,82641,Rhinolophus ferrumequinum,0.024,0.024,-1,Echolocation,/mnt/ubna_data_02_mir/recover-20221013/UBNA_001/20221012_030000.WAV,Telephone Field,recover-20221013,001,1795
662.1825,662.19,28046,38355,Eptesicus serotinus,0.008,0.025,-1,Echolocation,/mnt/ubna_data_02_mir/recover-20221013/UBNA_001/20221012_030000.WAV,Telephone Field,recover-20221013,001,1795
662.2075,662.2166,24609,31949,Nyctalus leisleri,0.008,0.024,-1,Echolocation,/mnt/ubna_data_02_mir/recover-20221013/UBNA_001/20221012_030000.WAV,Telephone Field,recover-20221013,001,1795
662.2985,662.3078,39218,46971,Pipistrellus nathusii,0.013,0.03,-1,Echolocation,/mnt/ubna_data_02_mir/recover-20221013/UBNA_001/20221012_030000.WAV,Telephone Field,recover-20221013,001,1795
662.3255,662.3326,28046,39355,Eptesicus serotinus,0.006,0.023,-1,Echolocation,/mnt/ubna_data_02_mir/recover-20221013/UBNA_001/20221012_030000.WAV,Telephone Field,recover-20221013,001,1795
662.3495,662.3605,22890,27848,Nyctalus leisleri,0.011,0.022,-1,Echolocation,/mnt/ubna_data_02_mir/recover-20221013/UBNA_001/20221012_030000.WAV,Telephone Field,recover-20221013,001,1795
662.3515,662.3943,68437,83108,Rhinolophus ferrumequinum,0.032,0.032,-1,Echolocation,/mnt/ubna_data_02_mir/recover-20221013/UBNA_001/20221012_030000.WAV,Telephone Field,recover-20221013,001,1795
662.4295,662.4377,28046,38330,Eptesicus serotinus,0.008,0.024,-1,Echolocation,/mnt/ubna_data_02_mir/recover-20221013/UBNA_001/20221012_030000.WAV,Telephone Field,recover-20221013,001,1795
662.4535,662.4636,24609,31098,Nyctalus leisleri,0.008,0.024,-1,Echolocation,/mnt/ubna_data_02_mir/recover-20221013/UBNA_001/20221012_030000.WAV,Telephone Field,recover-20221013,001,1795
662.4665,662.5041,68437,81449,Rhinolophus ferrumequinum,0.024,0.024,-1,Echolocation,/mnt/ubna_data_02_mir/recover-20221013/UBNA_001/20221012_030000.WAV,Telephone Field,recover-20221013,001,1795
662.4845,662.491,24609,33553,Plecotus austriacus,0.01,0.025,-1,Echolocation,/mnt/ubna_data_02_mir/recover-20221013/UBNA_001/20221012_030000.WAV,Telephone Field,recover-20221013,001,1795
662.5145,662.5238,27187,35588,Eptesicus serotinus,0.008,0.021,-1,Echolocation,/mnt/ubna_data_02_mir/recover-20221013/UBNA_001/20221012_030000.WAV,Telephone Field,recover-20221013,001,1795
662.5385,662.5506,22031,26703,Nyctalus leisleri,0.01,0.022,-1,Echolocation,/mnt/ubna_data_02_mir/recover-20221013/UBNA_001/20221012_030000.WAV,Telephone Field,recover-20221013,001,1795
662.5455,662.5863,68437,82800,Rhinolophus ferrumequinum,0.029,0.029,-1,Echolocation,/mnt/ubna_data_02_mir/recover-20221013/UBNA_001/20221012_030000.WAV,Telephone Field,recover-20221013,001,1795
662.5735,662.5828,45234,48666,Pipistrellus pipistrellus,0.023,0.025,-1,Echolocation,/mnt/ubna_data_02_mir/recover-20221013/UBNA_001/20221012_030000.WAV,Telephone Field,recover-20221013,001,1795
662.5795,662.5862,28046,37726,Eptesicus serotinus,0.007,0.023,-1,Echolocation,/mnt/ubna_data_02_mir/recover-20221013/UBNA_001/20221012_030000.WAV,Telephone Field,recover-20221013,001,1795
662.5885,662.5992,54687,59002,Pipistrellus pygmaeus,0.022,0.025,-1,Echolocation,/mnt/ubna_data_02_mir/recover-20221013/UBNA_001/20221012_030000.WAV,Telephone Field,recover-20221013,001,1795
662.5925,662.6011,28046,40125,Eptesicus serotinus,0.009,0.024,-1,Echolocation,/mnt/ubna_data_02_mir/recover-20221013/UBNA_001/20221012_030000.WAV,Telephone Field,recover-20221013,001,1795
662.6505,662.6899,68437,82200,Rhinolophus ferrumequinum,0.021,0.021,-1,Echolocation,/mnt/ubna_data_02_mir/recover-20221013/UBNA_001/20221012_030000.WAV,Telephone Field,recover-20221013,001,1795
662.6555,662.6624,28046,40917,Eptesicus serotinus,0.014,0.037,-1,Echolocation,/mnt/ubna_data_02_mir/recover-20221013/UBNA_001/20221012_030000.WAV,Telephone Field,recover-20221013,001,1795
662.6685,662.7085,68437,83145,Rhinolophus ferrumequinum,0.024,0.024,-1,Echolocation,/mnt/ubna_data_02_mir/recover-20221013/UBNA_001/20221012_030000.WAV,Telephone Field,recover-20221013,001,1795
662.6745,662.7135,68437,83235,Rhinolophus ferrumequinum,0.022,0.022,-1,Echolocation,/mnt/ubna_data_02_mir/recover-20221013/UBNA_001/20221012_030000.WAV,Telephone Field,recover-20221013,001,1795
662.6785,662.6855,28906,40509,Eptesicus serotinus,0.006,0.023,-1,Echolocation,/mnt/ubna_data_02_mir/recover-20221013/UBNA_001/20221012_030000.WAV,Telephone Field,recover-20221013,001,1795
662.7315,662.7689,68437,81846,Rhinolophus ferrumequinum,0.021,0.021,-1,Echolocation,/mnt/ubna_data_02_mir/recover-20221013/UBNA_001/20221012_030000.WAV,Telephone Field,recover-20221013,001,1795
662.7485,662.7891,68437,82831,Rhinolophus ferrumequinum,0.024,0.024,-1,Echolocation,/mnt/ubna_data_02_mir/recover-20221013/UBNA_001/20221012_030000.WAV,Telephone Field,recover-20221013,001,1795
662.7515,662.7581,28046,40884,Eptesicus serotinus,0.006,0.025,-1,Echolocation,/mnt/ubna_data_02_mir/recover-20221013/UBNA_001/20221012_030000.WAV,Telephone Field,recover-20221013,001,1795
662.7525,662.7626,22890,29508,Nyctalus leisleri,0.009,0.028,-1,Echolocation,/mnt/ubna_data_02_mir/recover-20221013/UBNA_001/20221012_030000.WAV,Telephone Field,recover-20221013,001,1795
662.7815,662.821,68437,82142,Rhinolophus ferrumequinum,0.024,0.025,-1,Echolocation,/mnt/ubna_data_02_mir/recover-20221013/UBNA_001/20221012_030000.WAV,Telephone Field,recover-20221013,001,1795
662.7835,662.7911,28046,40781,Eptesicus serotinus,0.008,0.022,-1,Echolocation,/mnt/ubna_data_02_mir/recover-20221013/UBNA_001/20221012_030000.WAV,Telephone Field,recover-20221013,001,1795
662.8035,662.8134,45234,49098,Pipistrellus pipistrellus,0.043,0.045,-1,Echolocation,/mnt/ubna_data_02_mir/recover-20221013/UBNA_001/20221012_030000.WAV,Telephone Field,recover-20221013,001,1795
662.8085,662.8159,27187,36865,Eptesicus serotinus,0.006,0.021,-1,Echolocation,/mnt/ubna_data_02_mir/recover-20221013/UBNA_001/20221012_030000.WAV,Telephone Field,recover-20221013,001,1795
662.8085,662.8487,68437,82326,Rhinolophus ferrumequinum,0.024,0.024,-1,Echolocation,/mnt/ubna_data_02_mir/recover-20221013/UBNA_001/20221012_030000.WAV,Telephone Field,recover-20221013,001,1795
662.8145,662.8248,22890,28087,Nyctalus leisleri,0.01,0.021,-1,Echolocation,/mnt/ubna_data_02_mir/recover-20221013/UBNA_001/20221012_030000.WAV,Telephone Field,recover-20221013,001,1795
662.8805,662.9173,68437,81830,Rhinolophus ferrumequinum,0.03,0.03,-1,Echolocation,/mnt/ubna_data_02_mir/recover-20221013/UBNA_001/20221012_030000.WAV,Telephone Field,recover-20221013,001,1795
662.8985,662.9359,68437,82113,Rhinolophus ferrumequinum,0.022,0.022,-1,Echolocation,/mnt/ubna_data_02_mir/recover-20221013/UBNA_001/20221012_030000.WAV,Telephone Field,recover-20221013,001,1795
662.9205,662.9583,68437,81969,Rhinolophus ferrumequinum,0.028,0.028,-1,Echolocation,/mnt/ubna_data_02_mir/recover-20221013/UBNA_001/20221012_030000.WAV,Telephone Field,recover-20221013,001,1795
662.9835,662.9937,22890,27907,Nyctalus leisleri,0.012,0.024,-1,Echolocation,/mnt/ubna_data_02_mir/recover-20221013/UBNA_001/20221012_030000.WAV,Telephone Field,recover-20221013,001,1795
663.0065,663.0441,68437,81966,Rhinolophus ferrumequinum,0.021,0.021,-1,Echolocation,/mnt/ubna_data_02_mir/recover-20221013/UBNA_001/20221012_030000.WAV,Telephone Field,recover-20221013,001,1795
663.0125,663.0205,40937,50999,Pipistrellus nathusii,0.009,0.025,-1,Echolocation,/mnt/ubna_data_02_mir/recover-20221013/UBNA_001/20221012_030000.WAV,Telephone Field,recover-20221013,001,1795
663.0475,663.0576,24609,31584,Eptesicus serotinus,0.009,0.024,-1,Echolocation,/mnt/ubna_data_02_mir/recover-20221013/UBNA_001/20221012_030000.WAV,Telephone Field,recover-20221013,001,1795
663.0765,663.1172,68437,82563,Rhinolophus ferrumequinum,0.025,0.025,-1,Echolocation,/mnt/ubna_data_02_mir/recover-20221013/UBNA_001/20221012_030000.WAV,Telephone Field,recover-20221013,001,1795
663.0785,663.0893,35781,40844,Pipistrellus nathusii,0.011,0.024,-1,Echolocation,/mnt/ubna_data_02_mir/recover-20221013/UBNA_001/20221012_030000.WAV,Telephone Field,recover-20221013,001,1795
663.0795,663.0884,28046,36604,Eptesicus serotinus,0.008,0.021,-1,Echolocation,/mnt/ubna_data_02_mir/recover-20221013/UBNA_001/20221012_030000.WAV,Telephone Field,recover-20221013,001,1795
663.1145,663.1553,68437,82718,Rhinolophus ferrumequinum,0.022,0.022,-1,Echolocation,/mnt/ubna_data_02_mir/recover-20221013/UBNA_001/20221012_030000.WAV,Telephone Field,recover-20221013,001,1795
663.1245,663.1636,68437,82404,Rhinolophus ferrumequinum,0.021,0.021,-1,Echolocation,/mnt/ubna_data_02_mir/recover-20221013/UBNA_001/20221012_030000.WAV,Telephone Field,recover-20221013,001,1795
663.1395,663.179,68437,82168,Rhinolophus ferrumequinum,0.024,0.024,-1,Echolocation,/mnt/ubna_data_02_mir/recover-20221013/UBNA_001/20221012_030000.WAV,Telephone Field,recover-20221013,001,1795
663.1605,663.1703,54687,58909,Pipistrellus pygmaeus,0.024,0.027,-1,Echolocation,/mnt/ubna_data_02_mir/recover-20221013/UBNA_001/20221012_030000.WAV,Telephone Field,recover-20221013,001,1795
663.2015,663.242,68437,82982,Rhinolophus ferrumequinum,0.023,0.023,-1,Echolocation,/mnt/ubna_data_02_mir/recover-20221013/UBNA_001/20221012_030000.WAV,Telephone Field,recover-20221013,001,1795
663.2015,663.2085,45234,54610,Pipistrellus pipistrellus,0.016,0.022,-1,Echolocation,/mnt/ubna_data_02_mir/recover-20221013/UBNA_001/20221012_030000.WAV,Telephone Field,recover-20221013,001,1795
663.2075,663.2481,68437,82866,Rhinolophus ferrumequinum,0.023,0.023,-1,Echolocation,/mnt/ubna_data_02_mir/recover-20221013/UBNA_001/20221012_030000.WAV,Telephone Field,recover-20221013,001,1795
663.2325,663.2412,27187,35682,Eptesicus serotinus,0.011,0.025,-1,Echolocation,/mnt/ubna_data_02_mir/recover-20221013/UBNA_001/20221012_030000.WAV,Telephone Field,recover-20221013,001,1795
663.3295,663.3679,68437,82648,Rhinolophus ferrumequinum,0.024,0.024,-1,Echolocation,/mnt/ubna_data_02_mir/recover-20221013/UBNA_001/20221012_030000.WAV,Telephone Field,recover-20221013,001,1795
663.3345,663.345,24609,31066,Nyctalus leisleri,0.008,0.023,-1,Echolocation,/mnt/ubna_data_02_mir/recover-20221013/UBNA_001/20221012_030000.WAV,Telephone Field,recover-20221013,001,1795
663.3665,663.3778,28906,35242,Eptesicus serotinus,0.013,0.027,-1,Echolocation,/mnt/ubna_data_02_mir/recover-20221013/UBNA_001/20221012_030000.WAV,Telephone Field,recover-20221013,001,1795
663.3725,663.4116,68437,82282,Rhinolophus ferrumequinum,0.021,0.021,-1,Echolocation,/mnt/ubna_data_02_mir/recover-20221013/UBNA_001/20221012_030000.WAV,Telephone Field,recover-20221013,001,1795
663.4165,663.4272,22890,28022,Nyctalus leisleri,0.01,0.021,-1,Echolocation,/mnt/ubna_data_02_mir/recover-20221013/UBNA_001/20221012_030000.WAV,Telephone Field,recover-20221013,001,1795
663.4185,663.4591,68437,82000,Rhinolophus ferrumequinum,0.021,0.021,-1,Echolocation,/mnt/ubna_data_02_mir/recover-20221013/UBNA_001/20221012_030000.WAV,Telephone Field,recover-20221013,001,1795
663.4415,663.4808,68437,82756,Rhinolophus ferrumequinum,0.026,0.026,-1,Echolocation,/mnt/ubna_data_02_mir/recover-20221013/UBNA_001/20221012_030000.WAV,Telephone Field,recover-20221013,001,1795
663.4655,663.5058,68437,82069,Rhinolophus ferrumequinum,0.022,0.022,-1,Echolocation,/mnt/ubna_data_02_mir/recover-20221013/UBNA_001/20221012_030000.WAV,Telephone Field,recover-20221013,001,1795
663.4685,663.476,50390,57887,Pipistrellus pipistrellus,0.018,0.022,-1,Echolocation,/mnt/ubna_data_02_mir/recover-20221013/UBNA_001/20221012_030000.WAV,Telephone Field,recover-20221013,001,1795
663.5085,663.5177,24609,32713,Eptesicus serotinus,0.011,0.043,-1,Echolocation,/mnt/ubna_data_02_mir/recover-20221013/UBNA_001/20221012_030000.WAV,Telephone Field,recover-20221013,001,1795
663.5185,663.5623,68437,83166,Rhinolophus ferrumequinum,0.03,0.03,-1,Echolocation,/mnt/ubna_data_02_mir/recover-20221013/UBNA_001/20221012_030000.WAV,Telephone Field,recover-20221013,001,1795
663.6185,663.6601,68437,83078,Rhinolophus ferrumequinum,0.025,0.025,-1,Echolocation,/mnt/ubna_data_02_mir/recover-20221013/UBNA_001/20221012_030000.WAV,Telephone Field,recover-20221013,001,1795
663.6245,663.633,28906,38162,Eptesicus serotinus,0.007,0.022,-1,Echolocation,/mnt/ubna_data_02_mir/recover-20221013/UBNA_001/20221012_030000.WAV,Telephone Field,recover-20221013,001,1795
663.6595,663.6702,22890,26962,Nyctalus leisleri,0.012,0.021,-1,Echolocation,/mnt/ubna_data_02_mir/recover-20221013/UBNA_001/20221012_030000.WAV,Telephone Field,recover-20221013,001,1795
663.6645,663.7053,68437,82198,Rhinolophus ferrumequinum,0.023,0.023,-1,Echolocation,/mnt/ubna_data_02_mir/recover-20221013/UBNA_001/20221012_030000.WAV,Telephone Field,recover-20221013,001,1795
663.7125,663.7222,28046,43132,Eptesicus serotinus,0.012,0.027,-1,Echolocation,/mnt/ubna_data_02_mir/recover-20221013/UBNA_001/20221012_030000.WAV,Telephone Field,recover-20221013,001,1795
663.7135,663.7507,68437,81538,Rhinolophus ferrumequinum,0.024,0.024,-1,Echolocation,/mnt/ubna_data_02_mir/recover-20221013/UBNA_001/20221012_030000.WAV,Telephone Field,recover-20221013,001,1795
663.7155,663.7238,61562,68575,Pipistrellus pygmaeus,0.023,0.023,-1,Echolocation,/mnt/ubna_data_02_mir/recover-20221013/UBNA_001/20221012_030000.WAV,Telephone Field,recover-20221013,001,1795
663.7445,663.7529,28906,38609,Eptesicus serotinus,0.008,0.022,-1,Echolocation,/mnt/ubna_data_02_mir/recover-20221013/UBNA_001/20221012_030000.WAV,Telephone Field,recover-20221013,001,1795
663.7515,663.7601,28046,38918,Eptesicus serotinus,0.009,0.024,-1,Echolocation,/mnt/ubna_data_02_mir/recover-20221013/UBNA_001/20221012_030000.WAV,Telephone Field,recover-20221013,001,1795
663.7915,663.8009,45234,52767,Pipistrellus pipistrellus,0.029,0.033,-1,Echolocation,/mnt/ubna_data_02_mir/recover-20221013/UBNA_001/20221012_030000.WAV,Telephone Field,recover-20221013,001,1795
663.8185,663.8573,68437,82572,Rhinolophus ferrumequinum,0.022,0.022,-1,Echolocation,/mnt/ubna_data_02_mir/recover-20221013/UBNA_001/20221012_030000.WAV,Telephone Field,recover-20221013,001,1795
663.8545,663.8949,68437,82105,Rhinolophus ferrumequinum,0.022,0.022,-1,Echolocation,/mnt/ubna_data_02_mir/recover-20221013/UBNA_001/20221012_030000.WAV,Telephone Field,recover-20221013,001,1795
663.8675,663.9058,68437,82547,Rhinolophus ferrumequinum,0.027,0.027,-1,Echolocation,/mnt/ubna_data_02_mir/recover-20221013/UBNA_001/20221012_030000.WAV,Telephone Field,recover-20221013,001,1795
663.9005,663.9403,68437,82246,Rhinolophus ferrumequinum,0.023,0.023,-1,Echolocation,/mnt/ubna_data_02_mir/recover-20221013/UBNA_001/20221012_030000.WAV,Telephone Field,recover-20221013,001,1795
663.9105,663.9178,27187,41963,Eptesicus serotinus,0.006,0.021,-1,Echolocation,/mnt/ubna_data_02_mir/recover-20221013/UBNA_001/20221012_030000.WAV,Telephone Field,recover-20221013,001,1795
663.9345,663.9427,24609,32555,Plecotus austriacus,0.007,0.025,-1,Echolocation,/mnt/ubna_data_02_mir/recover-20221013/UBNA_001/20221012_030000.WAV,Telephone Field,recover-20221013,001,1795
663.9505,663.9915,68437,82806,Rhinolophus ferrumequinum,0.022,0.022,-1,Echolocation,/mnt/ubna_data_02_mir/recover-20221013/UBNA_001/20221012_030000.WAV,Telephone Field,recover-20221013,001,1795
663.9875,664.0,24609,31428,Eptesicus serotinus,0.01,0.027,-1,Echolocation,/mnt/ubna_data_02_mir/recover-20221013/UBNA_001/20221012_030000.WAV,Telephone Field,recover-20221013,001,1795
664.0015,664.0105,24609,33213,Nyctalus leisleri,0.01,0.028,-1,Echolocation,/mnt/ubna_data_02_mir/recover-20221013/UBNA_001/20221012_030000.WAV,Telephone Field,recover-20221013,001,1795
664.0015,664.0342,69296,80651,Rhinolophus ferrumequinum,0.034,0.035,-1,Echolocation,/mnt/ubna_data_02_mir/recover-20221013/UBNA_001/20221012_030000.WAV,Telephone Field,recover-20221013,001,1795
664.0015,664.0136,54687,59611,Pipistrellus pygmaeus,0.031,0.035,-1,Echolocation,/mnt/ubna_data_02_mir/recover-20221013/UBNA_001/20221012_030000.WAV,Telephone Field,recover-20221013,001,1795
664.0825,664.1213,68437,81991,Rhinolophus ferrumequinum,0.022,0.022,-1,Echolocation,/mnt/ubna_data_02_mir/recover-20221013/UBNA_001/20221012_030000.WAV,Telephone Field,recover-20221013,001,1795
664.0915,664.1274,68437,81973,Rhinolophus ferrumequinum,0.022,0.022,-1,Echolocation,/mnt/ubna_data_02_mir/recover-20221013/UBNA_001/20221012_030000.WAV,Telephone Field,recover-20221013,001,1795
664.1085,664.1506,68437,82728,Rhinolophus ferrumequinum,0.026,0.026,-1,Echolocation,/mnt/ubna_data_02_mir/recover-20221013/UBNA_001/20221012_030000.WAV,Telephone Field,recover-20221013,001,1795
664.1195,664.1266,28906,42879,Eptesicus serotinus,0.009,0.031,-1,Echolocation,/mnt/ubna_data_02_mir/recover-20221013/UBNA_001/20221012_030000.WAV,Telephone Field,recover-20221013,001,1795
664.1335,664.1719,68437,82192,Rhinolophus ferrumequinum,0.023,0.023,-1,Echolocation,/mnt/ubna_data_02_mir/recover-20221013/UBNA_001/20221012_030000.WAV,Telephone Field,recover-20221013,001,1795
664.1705,664.1785,28906,37914,Eptesicus serotinus,0.008,0.022,-1,Echolocation,/mnt/ubna_data_02_mir/recover-20221013/UBNA_001/20221012_030000.WAV,Telephone Field,recover-20221013,001,1795
664.1755,664.1852,22890,28219,Nyctalus leisleri,0.01,0.024,-1,Echolocation,/mnt/ubna_data_02_mir/recover-20221013/UBNA_001/20221012_030000.WAV,Telephone Field,recover-20221013,001,1795
664.1925,664.1999,27187,43047,Eptesicus serotinus,0.007,0.024,-1,Echolocation,/mnt/ubna_data_02_mir/recover-20221013/UBNA_001/20221012_030000.WAV,Telephone Field,recover-20221013,001,1795
664.1965,664.234,68437,81608,Rhinolophus ferrumequinum,0.022,0.022,-1,Echolocation,/mnt/ubna_data_02_mir/recover-20221013/UBNA_001/20221012_030000.WAV,Telephone Field,recover-20221013,001,1795
664.2115,664.2512,68437,82531,Rhinolophus ferrumequinum,0.021,0.021,-1,Echolocation,/mnt/ubna_data_02_mir/recover-20221013/UBNA_001/20221012_030000.WAV,Telephone Field,recover-20221013,001,1795
664.2415,664.2765,68437,81087,Rhinolophus ferrumequinum,0.023,0.023,-1,Echolocation,/mnt/ubna_data_02_mir/recover-20221013/UBNA_001/20221012_030000.WAV,Telephone Field,recover-20221013,001,1795
664.2795,664.2873,27187,36604,Eptesicus serotinus,0.009,0.026,-1,Echolocation,/mnt/ubna_data_02_mir/recover-20221013/UBNA_001/20221012_030000.WAV,Telephone Field,recover-20221013,001,1795
664.2995,664.3375,68437,82097,Rhinolophus ferrumequinum,0.021,0.021,-1,Echolocation,/mnt/ubna_data_02_mir/recover-20221013/UBNA_001/20221012_030000.WAV,Telephone Field,recover-20221013,001,1795
664.3095,664.3217,22031,26178,Nyctalus leisleri,0.013,0.023,-1,Echolocation,/mnt/ubna_data_02_mir/recover-20221013/UBNA_001/20221012_030000.WAV,Telephone Field,recover-20221013,001,1795
664.3115,664.3367,65000,72460,Pipistrellus pygmaeus,0.02,0.023,-1,Echolocation,/mnt/ubna_data_02_mir/recover-20221013/UBNA_001/20221012_030000.WAV,Telephone Field,recover-20221013,001,1795
664.3355,664.344,28046,41064,Eptesicus serotinus,0.01,0.026,-1,Echolocation,/mnt/ubna_data_02_mir/recover-20221013/UBNA_001/20221012_030000.WAV,Telephone Field,recover-20221013,001,1795
664.3545,664.3921,68437,81953,Rhinolophus ferrumequinum,0.024,0.024,-1,Echolocation,/mnt/ubna_data_02_mir/recover-20221013/UBNA_001/20221012_030000.WAV,Telephone Field,recover-20221013,001,1795
664.3595,664.3664,28046,41158,Eptesicus serotinus,0.011,0.035,-1,Echolocation,/mnt/ubna_data_02_mir/recover-20221013/UBNA_001/20221012_030000.WAV,Telephone Field,recover-20221013,001,1795
664.3665,664.3761,28906,37377,Eptesicus serotinus,0.011,0.025,-1,Echolocation,/mnt/ubna_data_02_mir/recover-20221013/UBNA_001/20221012_030000.WAV,Telephone Field,recover-20221013,001,1795
664.3925,664.4082,22890,27869,Nyctalus leisleri,0.036,0.083,-1,Echolocation,/mnt/ubna_data_02_mir/recover-20221013/UBNA_001/20221012_030000.WAV,Telephone Field,recover-20221013,001,1795
664.4055,664.4176,58125,63437,Pipistrellus pygmaeus,0.024,0.024,-1,Echolocation,/mnt/ubna_data_02_mir/recover-20221013/UBNA_001/20221012_030000.WAV,Telephone Field,recover-20221013,001,1795
664.4315,664.4522,65859,74331,Pipistrellus pygmaeus,0.035,0.037,-1,Echolocation,/mnt/ubna_data_02_mir/recover-20221013/UBNA_001/20221012_030000.WAV,Telephone Field,recover-20221013,001,1795
664.4485,664.4877,68437,82778,Rhinolophus ferrumequinum,0.025,0.025,-1,Echolocation,/mnt/ubna_data_02_mir/recover-20221013/UBNA_001/20221012_030000.WAV,Telephone Field,recover-20221013,001,1795
664.4495,664.4582,36640,42811,Barbastellus barbastellus,0.019,0.037,-1,Echolocation,/mnt/ubna_data_02_mir/recover-20221013/UBNA_001/20221012_030000.WAV,Telephone Field,recover-20221013,001,1795
664.4505,664.4579,27187,40770,Eptesicus serotinus,0.008,0.024,-1,Echolocation,/mnt/ubna_data_02_mir/recover-20221013/UBNA_001/20221012_030000.WAV,Telephone Field,recover-20221013,001,1795
664.4685,664.5055,68437,81646,Rhinolophus ferrumequinum,0.021,0.021,-1,Echolocation,/mnt/ubna_data_02_mir/recover-20221013/UBNA_001/20221012_030000.WAV,Telephone Field,recover-20221013,001,1795
664.5565,664.5982,68437,82062,Rhinolophus ferrumequinum,0.033,0.033,-1,Echolocation,/mnt/ubna_data_02_mir/recover-20221013/UBNA_001/20221012_030000.WAV,Telephone Field,recover-20221013,001,1795
664.5565,664.5664,23750,29985,Nyctalus leisleri,0.008,0.021,-1,Echolocation,/mnt/ubna_data_02_mir/recover-20221013/UBNA_001/20221012_030000.WAV,Telephone Field,recover-20221013,001,1795
664.5935,664.6013,28046,40754,Eptesicus serotinus,0.007,0.023,-1,Echolocation,/mnt/ubna_data_02_mir/recover-20221013/UBNA_001/20221012_030000.WAV,Telephone Field,recover-20221013,001,1795
664.6145,664.6228,52109,56934,Pipistrellus pipistrellus,0.026,0.03,-1,Echolocation,/mnt/ubna_data_02_mir/recover-20221013/UBNA_001/20221012_030000.WAV,Telephone Field,recover-20221013,001,1795
664.6335,664.6752,68437,83177,Rhinolophus ferrumequinum,0.027,0.027,-1,Echolocation,/mnt/ubna_data_02_mir/recover-20221013/UBNA_001/20221012_030000.WAV,Telephone Field,recover-20221013,001,1795
664.6465,664.6574,22890,28889,Nyctalus leisleri,0.01,0.025,-1,Echolocation,/mnt/ubna_data_02_mir/recover-20221013/UBNA_001/20221012_030000.WAV,Telephone Field,recover-20221013,001,1795
664.6595,664.6689,27187,34404,Eptesicus serotinus,0.015,0.03,-1,Echolocation,/mnt/ubna_data_02_mir/recover-20221013/UBNA_001/20221012_030000.WAV,Telephone Field,recover-20221013,001,1795
664.6675,664.6749,47812,51837,Pipistrellus pipistrellus,0.021,0.023,-1,Echolocation,/mnt/ubna_data_02_mir/recover-20221013/UBNA_001/20221012_030000.WAV,Telephone Field,recover-20221013,001,1795
664.6725,664.681,28046,38189,Eptesicus serotinus,0.007,0.021,-1,Echolocation,/mnt/ubna_data_02_mir/recover-20221013/UBNA_001/20221012_030000.WAV,Telephone Field,recover-20221013,001,1795
664.7285,664.7671,68437,82420,Rhinolophus ferrumequinum,0.023,0.023,-1,Echolocation,/mnt/ubna_data_02_mir/recover-20221013/UBNA_001/20221012_030000.WAV,Telephone Field,recover-20221013,001,1795
664.7325,664.7413,28906,37228,Eptesicus serotinus,0.008,0.022,-1,Echolocation,/mnt/ubna_data_02_mir/recover-20221013/UBNA_001/20221012_030000.WAV,Telephone Field,recover-20221013,001,1795
664.7845,664.7969,22890,28066,Nyctalus leisleri,0.017,0.033,-1,Echolocation,/mnt/ubna_data_02_mir/recover-20221013/UBNA_001/20221012_030000.WAV,Telephone Field,recover-20221013,001,1795
664.8095,664.8447,68437,81336,Rhinolophus ferrumequinum,0.023,0.023,-1,Echolocation,/mnt/ubna_data_02_mir/recover-20221013/UBNA_001/20221012_030000.WAV,Telephone Field,recover-20221013,001,1795
664.8545,664.8609,51250,57525,Pipistrellus pipistrellus,0.019,0.023,-1,Echolocation,/mnt/ubna_data_02_mir/recover-20221013/UBNA_001/20221012_030000.WAV,Telephone Field,recover-20221013,001,1795
664.8685,664.9104,68437,83067,Rhinolophus ferrumequinum,0.03,0.03,-1,Echolocation,/mnt/ubna_data_02_mir/recover-20221013/UBNA_001/20221012_030000.WAV,Telephone Field,recover-20221013,001,1795
664.8975,664.9054,27187,36540,Eptesicus serotinus,0.01,0.029,-1,Echolocation,/mnt/ubna_data_02_mir/recover-20221013/UBNA_001/20221012_030000.WAV,Telephone Field,recover-20221013,001,1795
664.9205,664.9297,48671,56084,Pipistrellus pipistrellus,0.017,0.021,-1,Echolocation,/mnt/ubna_data_02_mir/recover-20221013/UBNA_001/20221012_030000.WAV,Telephone Field,recover-20221013,001,1795
664.9215,664.9306,25468,32818,Eptesicus serotinus,0.009,0.023,-1,Echolocation,/mnt/ubna_data_02_mir/recover-20221013/UBNA_001/20221012_030000.WAV,Telephone Field,recover-20221013,001,1795
664.9475,664.9558,28046,37075,Eptesicus serotinus,0.01,0.024,-1,Echolocation,/mnt/ubna_data_02_mir/recover-20221013/UBNA_001/20221012_030000.WAV,Telephone Field,recover-20221013,001,1795
664.9675,665.0065,68437,82253,Rhinolophus ferrumequinum,0.025,0.025,-1,Echolocation,/mnt/ubna_data_02_mir/recover-20221013/UBNA_001/20221012_030000.WAV,Telephone Field,recover-20221013,001,1795
665.0075,665.0444,68437,81859,Rhinolophus ferrumequinum,0.023,0.024,-1,Echolocation,/mnt/ubna_data_02_mir/recover-20221013/UBNA_001/20221012_030000.WAV,Telephone Field,recover-20221013,001,1795
665.0145,665.0488,68437,81891,Rhinolophus ferrumequinum,0.024,0.024,-1,Echolocation,/mnt/ubna_data_02_mir/recover-20221013/UBNA_001/20221012_030000.WAV,Telephone Field,recover-20221013,001,1795
665.0225,665.0631,68437,82620,Rhinolophus ferrumequinum,0.024,0.024,-1,Echolocation,/mnt/ubna_data_02_mir/recover-20221013/UBNA_001/20221012_030000.WAV,Telephone Field,recover-20221013,001,1795
665.0335,665.0427999999999,26328,34620,Eptesicus serotinus,0.01,0.023,-1,Echolocation,/mnt/ubna_data_02_mir/recover-20221013/UBNA_001/20221012_030000.WAV,Telephone Field,recover-20221013,001,1795
665.0755,665.0834,25468,38074,Eptesicus serotinus,0.007,0.022,-1,Echolocation,/mnt/ubna_data_02_mir/recover-20221013/UBNA_001/20221012_030000.WAV,Telephone Field,recover-20221013,001,1795
665.0945,665.1337,68437,82344,Rhinolophus ferrumequinum,0.024,0.024,-1,Echolocation,/mnt/ubna_data_02_mir/recover-20221013/UBNA_001/20221012_030000.WAV,Telephone Field,recover-20221013,001,1795
665.1165,665.1561,68437,83021,Rhinolophus ferrumequinum,0.027,0.027,-1,Echolocation,/mnt/ubna_data_02_mir/recover-20221013/UBNA_001/20221012_030000.WAV,Telephone Field,recover-20221013,001,1795
665.1455,665.1837,68437,82017,Rhinolophus ferrumequinum,0.022,0.022,-1,Echolocation,/mnt/ubna_data_02_mir/recover-20221013/UBNA_001/20221012_030000.WAV,Telephone Field,recover-20221013,001,1795
665.1595,665.1926,68437,80933,Rhinolophus ferrumequinum,0.029,0.029,-1,Echolocation,/mnt/ubna_data_02_mir/recover-20221013/UBNA_001/20221012_030000.WAV,Telephone Field,recover-20221013,001,1795
665.1755,665.2161,68437,82401,Rhinolophus ferrumequinum,0.023,0.023,-1,Echolocation,/mnt/ubna_data_02_mir/recover-20221013/UBNA_001/20221012_030000.WAV,Telephone Field,recover-20221013,001,1795
665.1775,665.1869,28046,38097,Eptesicus serotinus,0.01,0.024,-1,Echolocation,/mnt/ubna_data_02_mir/recover-20221013/UBNA_001/20221012_030000.WAV,Telephone Field,recover-20221013,001,1795
665.1875,665.2254,68437,82509,Rhinolophus ferrumequinum,0.022,0.022,-1,Echolocation,/mnt/ubna_data_02_mir/recover-20221013/UBNA_001/20221012_030000.WAV,Telephone Field,recover-20221013,001,1795
665.1935,665.2296,68437,82215,Rhinolophus ferrumequinum,0.024,0.024,-1,Echolocation,/mnt/ubna_data_02_mir/recover-20221013/UBNA_001/20221012_030000.WAV,Telephone Field,recover-20221013,001,1795
665.2185,665.2282,47812,51898,Pipistrellus pipistrellus,0.051,0.056,-1,Echolocation,/mnt/ubna_data_02_mir/recover-20221013/UBNA_001/20221012_030000.WAV,Telephone Field,recover-20221013,001,1795
665.2555,665.2653,27187,36177,Eptesicus serotinus,0.009,0.022,-1,Echolocation,/mnt/ubna_data_02_mir/recover-20221013/UBNA_001/20221012_030000.WAV,Telephone Field,recover-20221013,001,1795
665.2575,665.2959,68437,81448,Rhinolophus ferrumequinum,0.028,0.028,-1,Echolocation,/mnt/ubna_data_02_mir/recover-20221013/UBNA_001/20221012_030000.WAV,Telephone Field,recover-20221013,001,1795
665.2645,665.2723,28906,37814,Eptesicus serotinus,0.007,0.022,-1,Echolocation,/mnt/ubna_data_02_mir/recover-20221013/UBNA_001/20221012_030000.WAV,Telephone Field,recover-20221013,001,1795
665.2825,665.3227,68437,82198,Rhinolophus ferrumequinum,0.024,0.024,-1,Echolocation,/mnt/ubna_data_02_mir/recover-20221013/UBNA_001/20221012_030000.WAV,Telephone Field,recover-20221013,001,1795
665.2925,665.3345,68437,82184,Rhinolophus ferrumequinum,0.022,0.022,-1,Echolocation,/mnt/ubna_data_02_mir/recover-20221013/UBNA_001/20221012_030000.WAV,Telephone Field,recover-20221013,001,1795
665.3275,665.3672,68437,82233,Rhinolophus ferrumequinum,0.023,0.023,-1,Echolocation,/mnt/ubna_data_02_mir/recover-20221013/UBNA_001/20221012_030000.WAV,Telephone Field,recover-20221013,001,1795
665.3725,665.4111,68437,81568,Rhinolophus ferrumequinum,0.022,0.022,-1,Echolocation,/mnt/ubna_data_02_mir/recover-20221013/UBNA_001/20221012_030000.WAV,Telephone Field,recover-20221013,001,1795
665.3745,665.382,27187,39575,Eptesicus serotinus,0.008,0.022,-1,Echolocation,/mnt/ubna_data_02_mir/recover-20221013/UBNA_001/20221012_030000.WAV,Telephone Field,recover-20221013,001,1795
665.4055,665.4487,68437,83129,Rhinolophus ferrumequinum,0.035,0.035,-1,Echolocation,/mnt/ubna_data_02_mir/recover-20221013/UBNA_001/20221012_030000.WAV,Telephone Field,recover-20221013,001,1795
665.4175,665.457,68437,82932,Rhinolophus ferrumequinum,0.023,0.023,-1,Echolocation,/mnt/ubna_data_02_mir/recover-20221013/UBNA_001/20221012_030000.WAV,Telephone Field,recover-20221013,001,1795
665.4455,665.4856,68437,81699,Rhinolophus ferrumequinum,0.023,0.023,-1,Echolocation,/mnt/ubna_data_02_mir/recover-20221013/UBNA_001/20221012_030000.WAV,Telephone Field,recover-20221013,001,1795
665.4525,665.4898,68437,81825,Rhinolophus ferrumequinum,0.024,0.024,-1,Echolocation,/mnt/ubna_data_02_mir/recover-20221013/UBNA_001/20221012_030000.WAV,Telephone Field,recover-20221013,001,1795
665.4595,665.467,26328,35317,Eptesicus serotinus,0.008,0.023,-1,Echolocation,/mnt/ubna_data_02_mir/recover-20221013/UBNA_001/20221012_030000.WAV,Telephone Field,recover-20221013,001,1795
665.4595,665.4987,68437,82414,Rhinolophus ferrumequinum,0.023,0.023,-1,Echolocation,/mnt/ubna_data_02_mir/recover-20221013/UBNA_001/20221012_030000.WAV,Telephone Field,recover-20221013,001,1795
665.4845,665.5233,68437,82516,Rhinolophus ferrumequinum,0.022,0.022,-1,Echolocation,/mnt/ubna_data_02_mir/recover-20221013/UBNA_001/20221012_030000.WAV,Telephone Field,recover-20221013,001,1795
665.4995,665.5063,25468,34783,Plecotus auritus,0.01,0.031,-1,Echolocation,/mnt/ubna_data_02_mir/recover-20221013/UBNA_001/20221012_030000.WAV,Telephone Field,recover-20221013,001,1795
665.5075,665.5144,24609,33028,Plecotus austriacus,0.015,0.036,-1,Echolocation,/mnt/ubna_data_02_mir/recover-20221013/UBNA_001/20221012_030000.WAV,Telephone Field,recover-20221013,001,1795
665.5265,665.5371,22890,28516,Nyctalus leisleri,0.009,0.022,-1,Echolocation,/mnt/ubna_data_02_mir/recover-20221013/UBNA_001/20221012_030000.WAV,Telephone Field,recover-20221013,001,1795
665.5305,665.5701,68437,81910,Rhinolophus ferrumequinum,0.022,0.022,-1,Echolocation,/mnt/ubna_data_02_mir/recover-20221013/UBNA_001/20221012_030000.WAV,Telephone Field,recover-20221013,001,1795
665.5325,665.5407,28906,39078,Eptesicus serotinus,0.008,0.022,-1,Echolocation,/mnt/ubna_data_02_mir/recover-20221013/UBNA_001/20221012_030000.WAV,Telephone Field,recover-20221013,001,1795
665.5345,665.5439,22031,27607,Nyctalus leisleri,0.009,0.023,-1,Echolocation,/mnt/ubna_data_02_mir/recover-20221013/UBNA_001/20221012_030000.WAV,Telephone Field,recover-20221013,001,1795
665.5495,665.5855,68437,81724,Rhinolophus ferrumequinum,0.022,0.022,-1,Echolocation,/mnt/ubna_data_02_mir/recover-20221013/UBNA_001/20221012_030000.WAV,Telephone Field,recover-20221013,001,1795
665.5515,665.5599,28046,39047,Eptesicus serotinus,0.009,0.024,-1,Echolocation,/mnt/ubna_data_02_mir/recover-20221013/UBNA_001/20221012_030000.WAV,Telephone Field,recover-20221013,001,1795
665.5805,665.6222,68437,82726,Rhinolophus ferrumequinum,0.027,0.027,-1,Echolocation,/mnt/ubna_data_02_mir/recover-20221013/UBNA_001/20221012_030000.WAV,Telephone Field,recover-20221013,001,1795
665.6115,665.6491,68437,82023,Rhinolophus ferrumequinum,0.024,0.024,-1,Echolocation,/mnt/ubna_data_02_mir/recover-20221013/UBNA_001/20221012_030000.WAV,Telephone Field,recover-20221013,001,1795
665.6465,665.6877,68437,82724,Rhinolophus ferrumequinum,0.026,0.026,-1,Echolocation,/mnt/ubna_data_02_mir/recover-20221013/UBNA_001/20221012_030000.WAV,Telephone Field,recover-20221013,001,1795
665.6775,665.6871,28906,37396,Eptesicus serotinus,0.01,0.023,-1,Echolocation,/mnt/ubna_data_02_mir/recover-20221013/UBNA_001/20221012_030000.WAV,Telephone Field,recover-20221013,001,1795
665.6925,665.7,28906,38352,Eptesicus serotinus,0.006,0.022,-1,Echolocation,/mnt/ubna_data_02_mir/recover-20221013/UBNA_001/20221012_030000.WAV,Telephone Field,recover-20221013,001,1795
665.7225,665.7558,68437,80907,Rhinolophus ferrumequinum,0.024,0.024,-1,Echolocation,/mnt/ubna_data_02_mir/recover-20221013/UBNA_001/20221012_030000.WAV,Telephone Field,recover-20221013,001,1795
665.7545,665.7649,52109,56290,Pipistrellus pygmaeus,0.022,0.026,-1,Echolocation,/mnt/ubna_data_02_mir/recover-20221013/UBNA_001/20221012_030000.WAV,Telephone Field,recover-20221013,001,1795
665.8025,665.8377,68437,80598,Rhinolophus ferrumequinum,0.021,0.021,-1,Echolocation,/mnt/ubna_data_02_mir/recover-20221013/UBNA_001/20221012_030000.WAV,Telephone Field,recover-20221013,001,1795
665.8095,665.8172,28046,40209,Eptesicus serotinus,0.007,0.023,-1,Echolocation,/mnt/ubna_data_02_mir/recover-20221013/UBNA_001/20221012_030000.WAV,Telephone Field,recover-20221013,001,1795
665.8265,665.8673,68437,82271,Rhinolophus ferrumequinum,0.026,0.026,-1,Echolocation,/mnt/ubna_data_02_mir/recover-20221013/UBNA_001/20221012_030000.WAV,Telephone Field,recover-20221013,001,1795
665.8475,665.8875,68437,82575,Rhinolophus ferrumequinum,0.021,0.021,-1,Echolocation,/mnt/ubna_data_02_mir/recover-20221013/UBNA_001/20221012_030000.WAV,Telephone Field,recover-20221013,001,1795
665.8665,665.9055,68437,82248,Rhinolophus ferrumequinum,0.022,0.022,-1,Echolocation,/mnt/ubna_data_02_mir/recover-20221013/UBNA_001/20221012_030000.WAV,Telephone Field,recover-20221013,001,1795
665.8695,665.8776,28906,40566,Eptesicus serotinus,0.01,0.029,-1,Echolocation,/mnt/ubna_data_02_mir/recover-20221013/UBNA_001/20221012_030000.WAV,Telephone Field,recover-20221013,001,1795
665.8955,665.933,68437,81008,Rhinolophus ferrumequinum,0.022,0.022,-1,Echolocation,/mnt/ubna_data_02_mir/recover-20221013/UBNA_001/20221012_030000.WAV,Telephone Field,recover-20221013,001,1795
665.8965,665.9117,22890,28253,Nyctalus leisleri,0.035,0.084,-1,Echolocation,/mnt/ubna_data_02_mir/recover-20221013/UBNA_001/20221012_030000.WAV,Telephone Field,recover-20221013,001,1795
665.9195,665.9273,26328,35631,Eptesicus serotinus,0.007,0.024,-1,Echolocation,/mnt/ubna_data_02_mir/recover-20221013/UBNA_001/20221012_030000.WAV,Telephone Field,recover-20221013,001,1795
665.9355,665.97,68437,81042,Rhinolophus ferrumequinum,0.022,0.022,-1,Echolocation,/mnt/ubna_data_02_mir/recover-20221013/UBNA_001/20221012_030000.WAV,Telephone Field,recover-20221013,001,1795
665.9595,665.9978,68437,81643,Rhinolophus ferrumequinum,0.021,0.021,-1,Echolocation,/mnt/ubna_data_02_mir/recover-20221013/UBNA_001/20221012_030000.WAV,Telephone Field,recover-20221013,001,1795
665.9595,665.9701,23750,29484,Nyctalus leisleri,0.011,0.024,-1,Echolocation,/mnt/ubna_data_02_mir/recover-20221013/UBNA_001/20221012_030000.WAV,Telephone Field,recover-20221013,001,1795
665.9705,665.9777,27187,37467,Eptesicus serotinus,0.007,0.022,-1,Echolocation,/mnt/ubna_data_02_mir/recover-20221013/UBNA_001/20221012_030000.WAV,Telephone Field,recover-20221013,001,1795
666.0015,666.0334,69296,81691,Rhinolophus ferrumequinum,0.041,0.041,-1,Echolocation,/mnt/ubna_data_02_mir/recover-20221013/UBNA_001/20221012_030000.WAV,Telephone Field,recover-20221013,001,1795
666.0015,666.0087,47812,53996,Pipistrellus pipistrellus,0.021,0.024,-1,Echolocation,/mnt/ubna_data_02_mir/recover-20221013/UBNA_001/20221012_030000.WAV,Telephone Field,recover-20221013,001,1795
666.0015,666.0145,21171,25541,Nyctalus leisleri,0.044,0.078,-1,Echolocation,/mnt/ubna_data_02_mir/recover-20221013/UBNA_001/20221012_030000.WAV,Telephone Field,recover-20221013,001,1795
666.0085,666.049,68437,81824,Rhinolophus ferrumequinum,0.021,0.021,-1,Echolocation,/mnt/ubna_data_02_mir/recover-20221013/UBNA_001/20221012_030000.WAV,Telephone Field,recover-20221013,001,1795
666.0305,666.0387,28046,38655,Eptesicus serotinus,0.006,0.02,-1,Echolocation,/mnt/ubna_data_02_mir/recover-20221013/UBNA_001/20221012_030000.WAV,Telephone Field,recover-20221013,001,1795
666.0435,666.0875,68437,83624,Rhinolophus ferrumequinum,0.036,0.036,-1,Echolocation,/mnt/ubna_data_02_mir/recover-20221013/UBNA_001/20221012_030000.WAV,Telephone Field,recover-20221013,001,1795
666.0535,666.0936,68437,82712,Rhinolophus ferrumequinum,0.022,0.022,-1,Echolocation,/mnt/ubna_data_02_mir/recover-20221013/UBNA_001/20221012_030000.WAV,Telephone Field,recover-20221013,001,1795
666.0595,666.1004,68437,82498,Rhinolophus ferrumequinum,0.022,0.022,-1,Echolocation,/mnt/ubna_data_02_mir/recover-20221013/UBNA_001/20221012_030000.WAV,Telephone Field,recover-20221013,001,1795
666.1045,666.1423,68437,82281,Rhinolophus ferrumequinum,0.021,0.021,-1,Echolocation,/mnt/ubna_data_02_mir/recover-20221013/UBNA_001/20221012_030000.WAV,Telephone Field,recover-20221013,001,1795
666.1095,666.1479,68437,82806,Rhinolophus ferrumequinum,0.021,0.021,-1,Echolocation,/mnt/ubna_data_02_mir/recover-20221013/UBNA_001/20221012_030000.WAV,Telephone Field,recover-20221013,001,1795
666.1815,666.22,68437,82275,Rhinolophus ferrumequinum,0.033,0.033,-1,Echolocation,/mnt/ubna_data_02_mir/recover-20221013/UBNA_001/20221012_030000.WAV,Telephone Field,recover-20221013,001,1795
666.2005,666.2106,22031,27980,Plecotus austriacus,0.007,0.023,-1,Echolocation,/mnt/ubna_data_02_mir/recover-20221013/UBNA_001/20221012_030000.WAV,Telephone Field,recover-20221013,001,1795
666.2075,666.2176,22031,27256,Nyctalus leisleri,0.01,0.024,-1,Echolocation,/mnt/ubna_data_02_mir/recover-20221013/UBNA_001/20221012_030000.WAV,Telephone Field,recover-20221013,001,1795
666.2165,666.2273,23750,30012,Nyctalus leisleri,0.01,0.023,-1,Echolocation,/mnt/ubna_data_02_mir/recover-20221013/UBNA_001/20221012_030000.WAV,Telephone Field,recover-20221013,001,1795
666.2235,666.2353,23750,28581,Nyctalus leisleri,0.014,0.03,-1,Echolocation,/mnt/ubna_data_02_mir/recover-20221013/UBNA_001/20221012_030000.WAV,Telephone Field,recover-20221013,001,1795
666.2675,666.3074,68437,82648,Rhinolophus ferrumequinum,0.021,0.021,-1,Echolocation,/mnt/ubna_data_02_mir/recover-20221013/UBNA_001/20221012_030000.WAV,Telephone Field,recover-20221013,001,1795
666.3135,666.322,28046,40269,Eptesicus serotinus,0.009,0.023,-1,Echolocation,/mnt/ubna_data_02_mir/recover-20221013/UBNA_001/20221012_030000.WAV,Telephone Field,recover-20221013,001,1795
666.3335,666.3706,68437,81283,Rhinolophus ferrumequinum,0.022,0.022,-1,Echolocation,/mnt/ubna_data_02_mir/recover-20221013/UBNA_001/20221012_030000.WAV,Telephone Field,recover-20221013,001,1795
666.3755,666.3822,28046,43585,Eptesicus serotinus,0.009,0.03,-1,Echolocation,/mnt/ubna_data_02_mir/recover-20221013/UBNA_001/20221012_030000.WAV,Telephone Field,recover-20221013,001,1795
666.4015,666.4383,68437,81625,Rhinolophus ferrumequinum,0.023,0.023,-1,Echolocation,/mnt/ubna_data_02_mir/recover-20221013/UBNA_001/20221012_030000.WAV,Telephone Field,recover-20221013,001,1795
666.4375,666.445,47812,52892,Pipistrellus pipistrellus,0.031,0.032,-1,Echolocation,/mnt/ubna_data_02_mir/recover-20221013/UBNA_001/20221012_030000.WAV,Telephone Field,recover-20221013,001,1795
666.5045,666.5451,68437,83170,Rhinolophus ferrumequinum,0.026,0.026,-1,Echolocation,/mnt/ubna_data_02_mir/recover-20221013/UBNA_001/20221012_030000.WAV,Telephone Field,recover-20221013,001,1795
666.5185,666.5331,22890,27092,Nyctalus leisleri,0.018,0.034,-1,Echolocation,/mnt/ubna_data_02_mir/recover-20221013/UBNA_001/20221012_030000.WAV,Telephone Field,recover-20221013,001,1795
666.5435,666.5848,68437,82854,Rhinolophus ferrumequinum,0.022,0.022,-1,Echolocation,/mnt/ubna_data_02_mir/recover-20221013/UBNA_001/20221012_030000.WAV,Telephone Field,recover-20221013,001,1795
666.5505,666.5599,28906,37053,Eptesicus serotinus,0.01,0.026,-1,Echolocation,/mnt/ubna_data_02_mir/recover-20221013/UBNA_001/20221012_030000.WAV,Telephone Field,recover-20221013,001,1795
666.5835,666.6212,68437,81397,Rhinolophus ferrumequinum,0.021,0.021,-1,Echolocation,/mnt/ubna_data_02_mir/recover-20221013/UBNA_001/20221012_030000.WAV,Telephone Field,recover-20221013,001,1795
666.6005,666.6433,68437,83381,Rhinolophus ferrumequinum,0.026,0.026,-1,Echolocation,/mnt/ubna_data_02_mir/recover-20221013/UBNA_001/20221012_030000.WAV,Telephone Field,recover-20221013,001,1795
666.6065,666.6147,25468,38192,Eptesicus serotinus,0.007,0.021,-1,Echolocation,/mnt/ubna_data_02_mir/recover-20221013/UBNA_001/20221012_030000.WAV,Telephone Field,recover-20221013,001,1795
666.6525,666.6602,28046,37387,Eptesicus serotinus,0.006,0.02,-1,Echolocation,/mnt/ubna_data_02_mir/recover-20221013/UBNA_001/20221012_030000.WAV,Telephone Field,recover-20221013,001,1795
666.6635,666.6776,22890,27574,Nyctalus leisleri,0.01,0.02,-1,Echolocation,/mnt/ubna_data_02_mir/recover-20221013/UBNA_001/20221012_030000.WAV,Telephone Field,recover-20221013,001,1795
666.6845,666.7262,68437,83628,Rhinolophus ferrumequinum,0.036,0.036,-1,Echolocation,/mnt/ubna_data_02_mir/recover-20221013/UBNA_001/20221012_030000.WAV,Telephone Field,recover-20221013,001,1795
666.7215,666.7602,68437,81330,Rhinolophus ferrumequinum,0.023,0.023,-1,Echolocation,/mnt/ubna_data_02_mir/recover-20221013/UBNA_001/20221012_030000.WAV,Telephone Field,recover-20221013,001,1795
666.7285,666.7662,68437,82565,Rhinolophus ferrumequinum,0.022,0.022,-1,Echolocation,/mnt/ubna_data_02_mir/recover-20221013/UBNA_001/20221012_030000.WAV,Telephone Field,recover-20221013,001,1795
666.7545,666.7641,26328,34108,Eptesicus serotinus,0.016,0.035,-1,Echolocation,/mnt/ubna_data_02_mir/recover-20221013/UBNA_001/20221012_030000.WAV,Telephone Field,recover-20221013,001,1795
666.7745,666.8123,68437,81952,Rhinolophus ferrumequinum,0.022,0.022,-1,Echolocation,/mnt/ubna_data_02_mir/recover-20221013/UBNA_001/20221012_030000.WAV,Telephone Field,recover-20221013,001,1795
666.7905,666.8,28906,37390,Eptesicus serotinus,0.009,0.022,-1,Echolocation,/mnt/ubna_data_02_mir/recover-20221013/UBNA_001/20221012_030000.WAV,Telephone Field,recover-20221013,001,1795
666.8355,666.8429,51250,58341,Pipistrellus pipistrellus,0.019,0.024,-1,Echolocation,/mnt/ubna_data_02_mir/recover-20221013/UBNA_001/20221012_030000.WAV,Telephone Field,recover-20221013,001,1795
666.8745,666.8823,25468,34495,Eptesicus serotinus,0.006,0.02,-1,Echolocation,/mnt/ubna_data_02_mir/recover-20221013/UBNA_001/20221012_030000.WAV,Telephone Field,recover-20221013,001,1795
666.8845,666.9274,68437,83046,Rhinolophus ferrumequinum,0.023,0.023,-1,Echolocation,/mnt/ubna_data_02_mir/recover-20221013/UBNA_001/20221012_030000.WAV,Telephone Field,recover-20221013,001,1795
666.9115,666.9542,68437,83316,Rhinolophus ferrumequinum,0.037,0.037,-1,Echolocation,/mnt/ubna_data_02_mir/recover-20221013/UBNA_001/20221012_030000.WAV,Telephone Field,recover-20221013,001,1795
666.9585,666.9709,28906,36891,Eptesicus serotinus,0.017,0.031,-1,Echolocation,/mnt/ubna_data_02_mir/recover-20221013/UBNA_001/20221012_030000.WAV,Telephone Field,recover-20221013,001,1795
666.9765,666.9849,28906,37619,Eptesicus serotinus,0.011,0.026,-1,Echolocation,/mnt/ubna_data_02_mir/recover-20221013/UBNA_001/20221012_030000.WAV,Telephone Field,recover-20221013,001,1795
666.9775,666.986,23750,31859,Plecotus austriacus,0.008,0.026,-1,Echolocation,/mnt/ubna_data_02_mir/recover-20221013/UBNA_001/20221012_030000.WAV,Telephone Field,recover-20221013,001,1795
666.9885,667.0302,68437,82632,Rhinolophus ferrumequinum,0.023,0.023,-1,Echolocation,/mnt/ubna_data_02_mir/recover-20221013/UBNA_001/20221012_030000.WAV,Telephone Field,recover-20221013,001,1795
667.0115,667.0216,46953,50012,Pipistrellus pipistrellus,0.019,0.021,-1,Echolocation,/mnt/ubna_data_02_mir/recover-20221013/UBNA_001/20221012_030000.WAV,Telephone Field,recover-20221013,001,1795
667.0205,667.03,27187,39296,Eptesicus serotinus,0.009,0.022,-1,Echolocation,/mnt/ubna_data_02_mir/recover-20221013/UBNA_001/20221012_030000.WAV,Telephone Field,recover-20221013,001,1795
667.0415,667.0496,22890,30775,Plecotus austriacus,0.013,0.028,-1,Echolocation,/mnt/ubna_data_02_mir/recover-20221013/UBNA_001/20221012_030000.WAV,Telephone Field,recover-20221013,001,1795
667.0535,667.091,68437,80759,Rhinolophus ferrumequinum,0.026,0.026,-1,Echolocation,/mnt/ubna_data_02_mir/recover-20221013/UBNA_001/20221012_030000.WAV,Telephone Field,recover-20221013,001,1795
667.0795,667.1181,68437,82178,Rhinolophus ferrumequinum,0.022,0.022,-1,Echolocation,/mnt/ubna_data_02_mir/recover-20221013/UBNA_001/20221012_030000.WAV,Telephone Field,recover-20221013,001,1795
667.0955,667.1028,24609,33792,Plecotus austriacus,0.007,0.021,-1,Echolocation,/mnt/ubna_data_02_mir/recover-20221013/UBNA_001/20221012_030000.WAV,Telephone Field,recover-20221013,001,1795
667.1365,667.1765,68437,82590,Rhinolophus ferrumequinum,0.029,0.029,-1,Echolocation,/mnt/ubna_data_02_mir/recover-20221013/UBNA_001/20221012_030000.WAV,Telephone Field,recover-20221013,001,1795
667.1985,667.2072000000001,28046,39765,Eptesicus serotinus,0.009,0.024,-1,Echolocation,/mnt/ubna_data_02_mir/recover-20221013/UBNA_001/20221012_030000.WAV,Telephone Field,recover-20221013,001,1795
667.1995,667.2347,68437,81463,Rhinolophus ferrumequinum,0.02,0.02,-1,Echolocation,/mnt/ubna_data_02_mir/recover-20221013/UBNA_001/20221012_030000.WAV,Telephone Field,recover-20221013,001,1795
667.2005,667.2111,22031,27660,Nyctalus leisleri,0.011,0.027,-1,Echolocation,/mnt/ubna_data_02_mir/recover-20221013/UBNA_001/20221012_030000.WAV,Telephone Field,recover-20221013,001,1795
667.2125,667.2196,28046,43591,Eptesicus serotinus,0.007,0.024,-1,Echolocation,/mnt/ubna_data_02_mir/recover-20221013/UBNA_001/20221012_030000.WAV,Telephone Field,recover-20221013,001,1795
667.2245,667.2625,68437,82036,Rhinolophus ferrumequinum,0.025,0.025,-1,Echolocation,/mnt/ubna_data_02_mir/recover-20221013/UBNA_001/20221012_030000.WAV,Telephone Field,recover-20221013,001,1795
667.2525,667.2588,25468,36570,Plecotus auritus,0.011,0.035,-1,Echolocation,/mnt/ubna_data_02_mir/recover-20221013/UBNA_001/20221012_030000.WAV,Telephone Field,recover-20221013,001,1795
667.2695,667.2799,23750,29696,Nyctalus leisleri,0.008,0.021,-1,Echolocation,/mnt/ubna_data_02_mir/recover-20221013/UBNA_001/20221012_030000.WAV,Telephone Field,recover-20221013,001,1795
667.3035,667.3139,27187,35609,Eptesicus serotinus,0.013,0.027,-1,Echolocation,/mnt/ubna_data_02_mir/recover-20221013/UBNA_001/20221012_030000.WAV,Telephone Field,recover-20221013,001,1795
667.3615,667.3988,68437,80755,Rhinolophus ferrumequinum,0.021,0.021,-1,Echolocation,/mnt/ubna_data_02_mir/recover-20221013/UBNA_001/20221012_030000.WAV,Telephone Field,recover-20221013,001,1795
667.3625,667.3725,22890,29247,Nyctalus leisleri,0.01,0.028,-1,Echolocation,/mnt/ubna_data_02_mir/recover-20221013/UBNA_001/20221012_030000.WAV,Telephone Field,recover-20221013,001,1795
667.3775,667.4147,68437,82194,Rhinolophus ferrumequinum,0.022,0.022,-1,Echolocation,/mnt/ubna_data_02_mir/recover-20221013/UBNA_001/20221012_030000.WAV,Telephone Field,recover-20221013,001,1795
667.4425,667.4508,46953,50981,Pipistrellus pipistrellus,0.027,0.028,-1,Echolocation,/mnt/ubna_data_02_mir/recover-20221013/UBNA_001/20221012_030000.WAV,Telephone Field,recover-20221013,001,1795
667.4775,667.4889,26328,33560,Eptesicus serotinus,0.013,0.028,-1,Echolocation,/mnt/ubna_data_02_mir/recover-20221013/UBNA_001/20221012_030000.WAV,Telephone Field,recover-20221013,001,1795
667.4785,667.516,68437,81624,Rhinolophus ferrumequinum,0.023,0.023,-1,Echolocation,/mnt/ubna_data_02_mir/recover-20221013/UBNA_001/20221012_030000.WAV,Telephone Field,recover-20221013,001,1795
667.5595,667.6003,68437,83108,Rhinolophus ferrumequinum,0.025,0.025,-1,Echolocation,/mnt/ubna_data_02_mir/recover-20221013/UBNA_001/20221012_030000.WAV,Telephone Field,recover-20221013,001,1795
667.5665,667.6082,68437,83350,Rhinolophus ferrumequinum,0.026,0.026,-1,Echolocation,/mnt/ubna_data_02_mir/recover-20221013/UBNA_001/20221012_030000.WAV,Telephone Field,recover-20221013,001,1795
667.5845,667.5924,28046,40132,Eptesicus serotinus,0.007,0.021,-1,Echolocation,/mnt/ubna_data_02_mir/recover-20221013/UBNA_001/20221012_030000.WAV,Telephone Field,recover-20221013,001,1795
667.6425,667.684,68437,83115,Rhinolophus ferrumequinum,0.026,0.026,-1,Echolocation,/mnt/ubna_data_02_mir/recover-20221013/UBNA_001/20221012_030000.WAV,Telephone Field,recover-20221013,001,1795
667.6455,667.653,28046,42465,Eptesicus serotinus,0.009,0.029,-1,Echolocation,/mnt/ubna_data_02_mir/recover-20221013/UBNA_001/20221012_030000.WAV,Telephone Field,recover-20221013,001,1795
667.6465,667.6583,47812,55312,Pipistrellus pipistrellus,0.024,0.028,-1,Echolocation,/mnt/ubna_data_02_mir/recover-20221013/UBNA_001/20221012_030000.WAV,Telephone Field,recover-20221013,001,1795
667.6535,667.6643,23750,29674,Nyctalus leisleri,0.014,0.031,-1,Echolocation,/mnt/ubna_data_02_mir/recover-20221013/UBNA_001/20221012_030000.WAV,Telephone Field,recover-20221013,001,1795
667.6915,667.6992,26328,39244,Eptesicus serotinus,0.007,0.022,-1,Echolocation,/mnt/ubna_data_02_mir/recover-20221013/UBNA_001/20221012_030000.WAV,Telephone Field,recover-20221013,001,1795
667.6925,667.7315,68437,82400,Rhinolophus ferrumequinum,0.022,0.022,-1,Echolocation,/mnt/ubna_data_02_mir/recover-20221013/UBNA_001/20221012_030000.WAV,Telephone Field,recover-20221013,001,1795
667.7065,667.7173,25468,33491,Eptesicus serotinus,0.015,0.033,-1,Echolocation,/mnt/ubna_data_02_mir/recover-20221013/UBNA_001/20221012_030000.WAV,Telephone Field,recover-20221013,001,1795
667.7115,667.7535,68437,82495,Rhinolophus ferrumequinum,0.022,0.022,-1,Echolocation,/mnt/ubna_data_02_mir/recover-20221013/UBNA_001/20221012_030000.WAV,Telephone Field,recover-20221013,001,1795
667.7385,667.7449,24609,33944,Plecotus austriacus,0.009,0.024,-1,Echolocation,/mnt/ubna_data_02_mir/recover-20221013/UBNA_001/20221012_030000.WAV,Telephone Field,recover-20221013,001,1795
667.7705,667.7783,27187,38802,Eptesicus serotinus,0.007,0.021,-1,Echolocation,/mnt/ubna_data_02_mir/recover-20221013/UBNA_001/20221012_030000.WAV,Telephone Field,recover-20221013,001,1795
667.7965,667.8391,68437,82561,Rhinolophus ferrumequinum,0.023,0.023,-1,Echolocation,/mnt/ubna_data_02_mir/recover-20221013/UBNA_001/20221012_030000.WAV,Telephone Field,recover-20221013,001,1795
667.8275,667.8375,23750,30133,Nyctalus leisleri,0.009,0.024,-1,Echolocation,/mnt/ubna_data_02_mir/recover-20221013/UBNA_001/20221012_030000.WAV,Telephone Field,recover-20221013,001,1795
667.8585,667.8666,46953,51190,Pipistrellus pipistrellus,0.034,0.035,-1,Echolocation,/mnt/ubna_data_02_mir/recover-20221013/UBNA_001/20221012_030000.WAV,Telephone Field,recover-20221013,001,1795
667.8885,667.9289,68437,82298,Rhinolophus ferrumequinum,0.023,0.023,-1,Echolocation,/mnt/ubna_data_02_mir/recover-20221013/UBNA_001/20221012_030000.WAV,Telephone Field,recover-20221013,001,1795
667.9085,667.9487,68437,82485,Rhinolophus ferrumequinum,0.026,0.026,-1,Echolocation,/mnt/ubna_data_02_mir/recover-20221013/UBNA_001/20221012_030000.WAV,Telephone Field,recover-20221013,001,1795
667.9425,667.95,28046,42627,Eptesicus serotinus,0.008,0.026,-1,Echolocation,/mnt/ubna_data_02_mir/recover-20221013/UBNA_001/20221012_030000.WAV,Telephone Field,recover-20221013,001,1795
667.9745,667.9821,47812,53672,Pipistrellus pipistrellus,0.019,0.02,-1,Echolocation,/mnt/ubna_data_02_mir/recover-20221013/UBNA_001/20221012_030000.WAV,Telephone Field,recover-20221013,001,1795
667.9835,667.9919,28046,38186,Eptesicus serotinus,0.009,0.024,-1,Echolocation,/mnt/ubna_data_02_mir/recover-20221013/UBNA_001/20221012_030000.WAV,Telephone Field,recover-20221013,001,1795
668.0015,668.0108,25468,34713,Nyctalus leisleri,0.009,0.028,-1,Echolocation,/mnt/ubna_data_02_mir/recover-20221013/UBNA_001/20221012_030000.WAV,Telephone Field,recover-20221013,001,1795
668.0015,668.0336,69296,82182,Rhinolophus ferrumequinum,0.031,0.031,-1,Echolocation,/mnt/ubna_data_02_mir/recover-20221013/UBNA_001/20221012_030000.WAV,Telephone Field,recover-20221013,001,1795
668.0405,668.0628,19453,22419,Nyctalus noctula,0.023,0.047,-1,Echolocation,/mnt/ubna_data_02_mir/recover-20221013/UBNA_001/20221012_030000.WAV,Telephone Field,recover-20221013,001,1795
668.0635,668.1034,68437,82499,Rhinolophus ferrumequinum,0.023,0.023,-1,Echolocation,/mnt/ubna_data_02_mir/recover-20221013/UBNA_001/20221012_030000.WAV,Telephone Field,recover-20221013,001,1795
668.0825,668.0916,25468,36642,Eptesicus serotinus,0.007,0.022,-1,Echolocation,/mnt/ubna_data_02_mir/recover-20221013/UBNA_001/20221012_030000.WAV,Telephone Field,recover-20221013,001,1795
668.0865,668.128,68437,82714,Rhinolophus ferrumequinum,0.024,0.024,-1,Echolocation,/mnt/ubna_data_02_mir/recover-20221013/UBNA_001/20221012_030000.WAV,Telephone Field,recover-20221013,001,1795
668.1255,668.1348,28046,42060,Eptesicus serotinus,0.009,0.022,-1,Echolocation,/mnt/ubna_data_02_mir/recover-20221013/UBNA_001/20221012_030000.WAV,Telephone Field,recover-20221013,001,1795
668.1465,668.1834,68437,81651,Rhinolophus ferrumequinum,0.021,0.021,-1,Echolocation,/mnt/ubna_data_02_mir/recover-20221013/UBNA_001/20221012_030000.WAV,Telephone Field,recover-20221013,001,1795
668.1625,668.1713,46953,52262,Pipistrellus pipistrellus,0.027,0.029,-1,Echolocation,/mnt/ubna_data_02_mir/recover-20221013/UBNA_001/20221012_030000.WAV,Telephone Field,recover-20221013,001,1795
668.2215,668.2625,68437,82448,Rhinolophus ferrumequinum,0.021,0.021,-1,Echolocation,/mnt/ubna_data_02_mir/recover-20221013/UBNA_001/20221012_030000.WAV,Telephone Field,recover-20221013,001,1795
668.2455,668.255,23750,29905,Nyctalus leisleri,0.008,0.022,-1,Echolocation,/mnt/ubna_data_02_mir/recover-20221013/UBNA_001/20221012_030000.WAV,Telephone Field,recover-20221013,001,1795
668.2725,668.3042,68437,80509,Rhinolophus ferrumequinum,0.022,0.022,-1,Echolocation,/mnt/ubna_data_02_mir/recover-20221013/UBNA_001/20221012_030000.WAV,Telephone Field,recover-20221013,001,1795
668.2815,668.322,68437,82431,Rhinolophus ferrumequinum,0.033,0.033,-1,Echolocation,/mnt/ubna_data_02_mir/recover-20221013/UBNA_001/20221012_030000.WAV,Telephone Field,recover-20221013,001,1795
668.2975,668.3064,23750,30974,Plecotus austriacus,0.009,0.024,-1,Echolocation,/mnt/ubna_data_02_mir/recover-20221013/UBNA_001/20221012_030000.WAV,Telephone Field,recover-20221013,001,1795
668.3155,668.3566,68437,82390,Rhinolophus ferrumequinum,0.021,0.021,-1,Echolocation,/mnt/ubna_data_02_mir/recover-20221013/UBNA_001/20221012_030000.WAV,Telephone Field,recover-20221013,001,1795
668.3495,668.39,68437,82623,Rhinolophus ferrumequinum,0.027,0.027,-1,Echolocation,/mnt/ubna_data_02_mir/recover-20221013/UBNA_001/20221012_030000.WAV,Telephone Field,recover-20221013,001,1795
668.3605,668.3703,24609,31507,Eptesicus serotinus,0.008,0.025,-1,Echolocation,/mnt/ubna_data_02_mir/recover-20221013/UBNA_001/20221012_030000.WAV,Telephone Field,recover-20221013,001,1795
668.4055,668.4467,68437,82175,Rhinolophus ferrumequinum,0.029,0.029,-1,Echolocation,/mnt/ubna_data_02_mir/recover-20221013/UBNA_001/20221012_030000.WAV,Telephone Field,recover-20221013,001,1795
668.4355,668.4732,68437,81614,Rhinolophus ferrumequinum,0.022,0.022,-1,Echolocation,/mnt/ubna_data_02_mir/recover-20221013/UBNA_001/20221012_030000.WAV,Telephone Field,recover-20221013,001,1795
668.4515,668.4899,68437,82242,Rhinolophus ferrumequinum,0.031,0.031,-1,Echolocation,/mnt/ubna_data_02_mir/recover-20221013/UBNA_001/20221012_030000.WAV,Telephone Field,recover-20221013,001,1795
668.4635,668.4708,28046,38817,Eptesicus serotinus,0.006,0.023,-1,Echolocation,/mnt/ubna_data_02_mir/recover-20221013/UBNA_001/20221012_030000.WAV,Telephone Field,recover-20221013,001,1795
668.4865,668.5232,68437,80514,Rhinolophus ferrumequinum,0.022,0.022,-1,Echolocation,/mnt/ubna_data_02_mir/recover-20221013/UBNA_001/20221012_030000.WAV,Telephone Field,recover-20221013,001,1795
668.4925,668.5284,68437,80514,Rhinolophus ferrumequinum,0.022,0.023,-1,Echolocation,/mnt/ubna_data_02_mir/recover-20221013/UBNA_001/20221012_030000.WAV,Telephone Field,recover-20221013,001,1795
668.5285,668.5689,68437,82855,Rhinolophus ferrumequinum,0.024,0.024,-1,Echolocation,/mnt/ubna_data_02_mir/recover-20221013/UBNA_001/20221012_030000.WAV,Telephone Field,recover-20221013,001,1795
668.5455,668.5549,24609,32654,Nyctalus leisleri,0.006,0.022,-1,Echolocation,/mnt/ubna_data_02_mir/recover-20221013/UBNA_001/20221012_030000.WAV,Telephone Field,recover-20221013,001,1795
668.5665,668.5781,23750,29468,Nyctalus leisleri,0.011,0.024,-1,Echolocation,/mnt/ubna_data_02_mir/recover-20221013/UBNA_001/20221012_030000.WAV,Telephone Field,recover-20221013,001,1795
668.5665,668.6094,68437,83092,Rhinolophus ferrumequinum,0.024,0.024,-1,Echolocation,/mnt/ubna_data_02_mir/recover-20221013/UBNA_001/20221012_030000.WAV,Telephone Field,recover-20221013,001,1795
668.5905,668.6338,68437,82596,Rhinolophus ferrumequinum,0.031,0.031,-1,Echolocation,/mnt/ubna_data_02_mir/recover-20221013/UBNA_001/20221012_030000.WAV,Telephone Field,recover-20221013,001,1795
668.6175,668.6551,68437,82264,Rhinolophus ferrumequinum,0.022,0.022,-1,Echolocation,/mnt/ubna_data_02_mir/recover-20221013/UBNA_001/20221012_030000.WAV,Telephone Field,recover-20221013,001,1795
668.6195,668.6278,31484,41451,Myotis daubentonii,0.006,0.022,-1,Echolocation,/mnt/ubna_data_02_mir/recover-20221013/UBNA_001/20221012_030000.WAV,Telephone Field,recover-20221013,001,1795
668.6485,668.6845,68437,80567,Rhinolophus ferrumequinum,0.032,0.032,-1,Echolocation,/mnt/ubna_data_02_mir/recover-20221013/UBNA_001/20221012_030000.WAV,Telephone Field,recover-20221013,001,1795
668.6675,668.7095,68437,82585,Rhinolophus ferrumequinum,0.05,0.05,-1,Echolocation,/mnt/ubna_data_02_mir/recover-20221013/UBNA_001/20221012_030000.WAV,Telephone Field,recover-20221013,001,1795
668.7015,668.7414,68437,82518,Rhinolophus ferrumequinum,0.025,0.025,-1,Echolocation,/mnt/ubna_data_02_mir/recover-20221013/UBNA_001/20221012_030000.WAV,Telephone Field,recover-20221013,001,1795
668.7095,668.7146,40078,51014,Myotis daubentonii,0.005,0.024,-1,Echolocation,/mnt/ubna_data_02_mir/recover-20221013/UBNA_001/20221012_030000.WAV,Telephone Field,recover-20221013,001,1795
668.7105,668.716,30625,52540,Myotis daubentonii,0.01,0.025,-1,Echolocation,/mnt/ubna_data_02_mir/recover-20221013/UBNA_001/20221012_030000.WAV,Telephone Field,recover-20221013,001,1795
668.7465,668.7584,50390,55306,Pipistrellus pipistrellus,0.021,0.026,-1,Echolocation,/mnt/ubna_data_02_mir/recover-20221013/UBNA_001/20221012_030000.WAV,Telephone Field,recover-20221013,001,1795
668.7545,668.7611,28046,40634,Eptesicus serotinus,0.006,0.025,-1,Echolocation,/mnt/ubna_data_02_mir/recover-20221013/UBNA_001/20221012_030000.WAV,Telephone Field,recover-20221013,001,1795
668.7685,668.7799,22031,26348,Nyctalus leisleri,0.011,0.022,-1,Echolocation,/mnt/ubna_data_02_mir/recover-20221013/UBNA_001/20221012_030000.WAV,Telephone Field,recover-20221013,001,1795
668.7875,668.8242,68437,81856,Rhinolophus ferrumequinum,0.022,0.022,-1,Echolocation,/mnt/ubna_data_02_mir/recover-20221013/UBNA_001/20221012_030000.WAV,Telephone Field,recover-20221013,001,1795
668.8155,668.8296,22890,26961,Nyctalus leisleri,0.016,0.027,-1,Echolocation,/mnt/ubna_data_02_mir/recover-20221013/UBNA_001/20221012_030000.WAV,Telephone Field,recover-20221013,001,1795
668.8365,668.8778,68437,82901,Rhinolophus ferrumequinum,0.029,0.029,-1,Echolocation,/mnt/ubna_data_02_mir/recover-20221013/UBNA_001/20221012_030000.WAV,Telephone Field,recover-20221013,001,1795
668.8555,668.8947000000001,68437,82190,Rhinolophus ferrumequinum,0.022,0.022,-1,Echolocation,/mnt/ubna_data_02_mir/recover-20221013/UBNA_001/20221012_030000.WAV,Telephone Field,recover-20221013,001,1795
668.8755,668.9129,68437,82020,Rhinolophus ferrumequinum,0.022,0.022,-1,Echolocation,/mnt/ubna_data_02_mir/recover-20221013/UBNA_001/20221012_030000.WAV,Telephone Field,recover-20221013,001,1795
668.8835,668.9257,68437,82509,Rhinolophus ferrumequinum,0.026,0.026,-1,Echolocation,/mnt/ubna_data_02_mir/recover-20221013/UBNA_001/20221012_030000.WAV,Telephone Field,recover-20221013,001,1795
668.9315,668.9405,28906,36692,Eptesicus serotinus,0.011,0.027,-1,Echolocation,/mnt/ubna_data_02_mir/recover-20221013/UBNA_001/20221012_030000.WAV,Telephone Field,recover-20221013,001,1795
668.9705,669.0109,68437,83108,Rhinolophus ferrumequinum,0.035,0.035,-1,Echolocation,/mnt/ubna_data_02_mir/recover-20221013/UBNA_001/20221012_030000.WAV,Telephone Field,recover-20221013,001,1795
669.0265,669.0346,22890,30242,Plecotus austriacus,0.01,0.024,-1,Echolocation,/mnt/ubna_data_02_mir/recover-20221013/UBNA_001/20221012_030000.WAV,Telephone Field,recover-20221013,001,1795
669.0635,669.1041,68437,82050,Rhinolophus ferrumequinum,0.025,0.025,-1,Echolocation,/mnt/ubna_data_02_mir/recover-20221013/UBNA_001/20221012_030000.WAV,Telephone Field,recover-20221013,001,1795
669.0765,669.0843,23750,32633,Plecotus austriacus,0.011,0.026,-1,Echolocation,/mnt/ubna_data_02_mir/recover-20221013/UBNA_001/20221012_030000.WAV,Telephone Field,recover-20221013,001,1795
669.0985,669.1396,68437,82802,Rhinolophus ferrumequinum,0.026,0.026,-1,Echolocation,/mnt/ubna_data_02_mir/recover-20221013/UBNA_001/20221012_030000.WAV,Telephone Field,recover-20221013,001,1795
669.1125,669.1209,28046,38045,Eptesicus serotinus,0.008,0.023,-1,Echolocation,/mnt/ubna_data_02_mir/recover-20221013/UBNA_001/20221012_030000.WAV,Telephone Field,recover-20221013,001,1795
669.1255,669.1653,68437,82658,Rhinolophus ferrumequinum,0.022,0.022,-1,Echolocation,/mnt/ubna_data_02_mir/recover-20221013/UBNA_001/20221012_030000.WAV,Telephone Field,recover-20221013,001,1795
669.1275,669.134,27187,37964,Eptesicus serotinus,0.006,0.024,-1,Echolocation,/mnt/ubna_data_02_mir/recover-20221013/UBNA_001/20221012_030000.WAV,Telephone Field,recover-20221013,001,1795
669.1445,669.1577,22031,25657,Nyctalus leisleri,0.024,0.041,-1,Echolocation,/mnt/ubna_data_02_mir/recover-20221013/UBNA_001/20221012_030000.WAV,Telephone Field,recover-20221013,001,1795
669.1895,669.2083,19453,22686,Nyctalus noctula,0.018,0.036,-1,Echolocation,/mnt/ubna_data_02_mir/recover-20221013/UBNA_001/20221012_030000.WAV,Telephone Field,recover-20221013,001,1795
669.1985,669.2382,68437,82364,Rhinolophus ferrumequinum,0.024,0.024,-1,Echolocation,/mnt/ubna_data_02_mir/recover-20221013/UBNA_001/20221012_030000.WAV,Telephone Field,recover-20221013,001,1795
669.2125,669.249,68437,81076,Rhinolophus ferrumequinum,0.023,0.023,-1,Echolocation,/mnt/ubna_data_02_mir/recover-20221013/UBNA_001/20221012_030000.WAV,Telephone Field,recover-20221013,001,1795
669.2405,669.2786,68437,82190,Rhinolophus ferrumequinum,0.022,0.022,-1,Echolocation,/mnt/ubna_data_02_mir/recover-20221013/UBNA_001/20221012_030000.WAV,Telephone Field,recover-20221013,001,1795
669.2435,669.2528,23750,31851,Plecotus austriacus,0.008,0.026,-1,Echolocation,/mnt/ubna_data_02_mir/recover-20221013/UBNA_001/20221012_030000.WAV,Telephone Field,recover-20221013,001,1795
669.2675,669.2762,29765,37800,Eptesicus serotinus,0.007,0.021,-1,Echolocation,/mnt/ubna_data_02_mir/recover-20221013/UBNA_001/20221012_030000.WAV,Telephone Field,recover-20221013,001,1795
669.2705,669.3115,68437,82483,Rhinolophus ferrumequinum,0.027,0.027,-1,Echolocation,/mnt/ubna_data_02_mir/recover-20221013/UBNA_001/20221012_030000.WAV,Telephone Field,recover-20221013,001,1795
669.2845,669.3207,68437,80867,Rhinolophus ferrumequinum,0.022,0.022,-1,Echolocation,/mnt/ubna_data_02_mir/recover-20221013/UBNA_001/20221012_030000.WAV,Telephone Field,recover-20221013,001,1795
669.3045,669.3114,28046,38878,Eptesicus serotinus,0.006,0.023,-1,Echolocation,/mnt/ubna_data_02_mir/recover-20221013/UBNA_001/20221012_030000.WAV,Telephone Field,recover-20221013,001,1795
669.3675,669.3765,26328,34014,Eptesicus serotinus,0.01,0.026,-1,Echolocation,/mnt/ubna_data_02_mir/recover-20221013/UBNA_001/20221012_030000.WAV,Telephone Field,recover-20221013,001,1795
669.3705,669.4105,68437,82185,Rhinolophus ferrumequinum,0.021,0.021,-1,Echolocation,/mnt/ubna_data_02_mir/recover-20221013/UBNA_001/20221012_030000.WAV,Telephone Field,recover-20221013,001,1795
669.3885,669.3984,28906,37151,Eptesicus serotinus,0.01,0.025,-1,Echolocation,/mnt/ubna_data_02_mir/recover-20221013/UBNA_001/20221012_030000.WAV,Telephone Field,recover-20221013,001,1795
669.3905,669.4303,68437,82096,Rhinolophus ferrumequinum,0.021,0.021,-1,Echolocation,/mnt/ubna_data_02_mir/recover-20221013/UBNA_001/20221012_030000.WAV,Telephone Field,recover-20221013,001,1795
669.3965,669.4041,23750,32000,Plecotus austriacus,0.009,0.023,-1,Echolocation,/mnt/ubna_data_02_mir/recover-20221013/UBNA_001/20221012_030000.WAV,Telephone Field,recover-20221013,001,1795
669.4175,669.4355,20312,23757,Nyctalus leisleri,0.022,0.043,-1,Echolocation,/mnt/ubna_data_02_mir/recover-20221013/UBNA_001/20221012_030000.WAV,Telephone Field,recover-20221013,001,1795
669.4635,669.5027,68437,81702,Rhinolophus ferrumequinum,0.022,0.023,-1,Echolocation,/mnt/ubna_data_02_mir/recover-20221013/UBNA_001/20221012_030000.WAV,Telephone Field,recover-20221013,001,1795
669.4665,669.4791,22031,25916,Nyctalus leisleri,0.014,0.024,-1,Echolocation,/mnt/ubna_data_02_mir/recover-20221013/UBNA_001/20221012_030000.WAV,Telephone Field,recover-20221013,001,1795
669.5615,669.6028,68437,82512,Rhinolophus ferrumequinum,0.023,0.023,-1,Echolocation,/mnt/ubna_data_02_mir/recover-20221013/UBNA_001/20221012_030000.WAV,Telephone Field,recover-20221013,001,1795
669.6195,669.6622,68437,82787,Rhinolophus ferrumequinum,0.051,0.051,-1,Echolocation,/mnt/ubna_data_02_mir/recover-20221013/UBNA_001/20221012_030000.WAV,Telephone Field,recover-20221013,001,1795
669.6255,669.6655,68437,83003,Rhinolophus ferrumequinum,0.046,0.046,-1,Echolocation,/mnt/ubna_data_02_mir/recover-20221013/UBNA_001/20221012_030000.WAV,Telephone Field,recover-20221013,001,1795
669.6625,669.6743,34062,42471,Pipistrellus nathusii,0.006,0.027,-1,Echolocation,/mnt/ubna_data_02_mir/recover-20221013/UBNA_001/20221012_030000.WAV,Telephone Field,recover-20221013,001,1795
669.7275,669.7659,68437,82046,Rhinolophus ferrumequinum,0.023,0.023,-1,Echolocation,/mnt/ubna_data_02_mir/recover-20221013/UBNA_001/20221012_030000.WAV,Telephone Field,recover-20221013,001,1795
669.7375,669.7769,68437,81660,Rhinolophus ferrumequinum,0.024,0.024,-1,Echolocation,/mnt/ubna_data_02_mir/recover-20221013/UBNA_001/20221012_030000.WAV,Telephone Field,recover-20221013,001,1795
669.7845,669.8224,68437,81825,Rhinolophus ferrumequinum,0.021,0.021,-1,Echolocation,/mnt/ubna_data_02_mir/recover-20221013/UBNA_001/20221012_030000.WAV,Telephone Field,recover-20221013,001,1795
669.7965,669.831,68437,81548,Rhinolophus ferrumequinum,0.022,0.022,-1,Echolocation,/mnt/ubna_data_02_mir/recover-20221013/UBNA_001/20221012_030000.WAV,Telephone Field,recover-20221013,001,1795
669.8115,669.8517,68437,82458,Rhinolophus ferrumequinum,0.025,0.025,-1,Echolocation,/mnt/ubna_data_02_mir/recover-20221013/UBNA_001/20221012_030000.WAV,Telephone Field,recover-20221013,001,1795
669.8905,669.8986,28046,43780,Eptesicus serotinus,0.009,0.026,-1,Echolocation,/mnt/ubna_data_02_mir/recover-20221013/UBNA_001/20221012_030000.WAV,Telephone Field,recover-20221013,001,1795
669.8915,669.9338,68437,83019,Rhinolophus ferrumequinum,0.029,0.029,-1,Echolocation,/mnt/ubna_data_02_mir/recover-20221013/UBNA_001/20221012_030000.WAV,Telephone Field,recover-20221013,001,1795
669.9125,669.9509,68437,82173,Rhinolophus ferrumequinum,0.022,0.022,-1,Echolocation,/mnt/ubna_data_02_mir/recover-20221013/UBNA_001/20221012_030000.WAV,Telephone Field,recover-20221013,001,1795
669.9345,669.9769,68437,82756,Rhinolophus ferrumequinum,0.024,0.024,-1,Echolocation,/mnt/ubna_data_02_mir/recover-20221013/UBNA_001/20221012_030000.WAV,Telephone Field,recover-20221013,001,1795
669.9455,669.9884,68437,82700,Rhinolophus ferrumequinum,0.023,0.023,-1,Echolocation,/mnt/ubna_data_02_mir/recover-20221013/UBNA_001/20221012_030000.WAV,Telephone Field,recover-20221013,001,1795
669.9555,669.9932,68437,82649,Rhinolophus ferrumequinum,0.022,0.022,-1,Echolocation,/mnt/ubna_data_02_mir/recover-20221013/UBNA_001/20221012_030000.WAV,Telephone Field,recover-20221013,001,1795
669.9745,669.9854,22890,28204,Nyctalus leisleri,0.011,0.025,-1,Echolocation,/mnt/ubna_data_02_mir/recover-20221013/UBNA_001/20221012_030000.WAV,Telephone Field,recover-20221013,001,1795
669.9835,669.9922,28046,39585,Eptesicus serotinus,0.008,0.022,-1,Echolocation,/mnt/ubna_data_02_mir/recover-20221013/UBNA_001/20221012_030000.WAV,Telephone Field,recover-20221013,001,1795
670.0015,670.0065,36640,51980,Myotis daubentonii,0.01,0.025,-1,Echolocation,/mnt/ubna_data_02_mir/recover-20221013/UBNA_001/20221012_030000.WAV,Telephone Field,recover-20221013,001,1795
670.0015,670.0097,26328,35574,Nyctalus leisleri,0.01,0.032,-1,Echolocation,/mnt/ubna_data_02_mir/recover-20221013/UBNA_001/20221012_030000.WAV,Telephone Field,recover-20221013,001,1795
670.0015,670.008,46093,51666,Pipistrellus pipistrellus,0.018,0.023,-1,Echolocation,/mnt/ubna_data_02_mir/recover-20221013/UBNA_001/20221012_030000.WAV,Telephone Field,recover-20221013,001,1795
670.0015,670.0347,68437,80646,Rhinolophus ferrumequinum,0.036,0.036,-1,Echolocation,/mnt/ubna_data_02_mir/recover-20221013/UBNA_001/20221012_030000.WAV,Telephone Field,recover-20221013,001,1795
670.0075,670.0491,68437,82237,Rhinolophus ferrumequinum,0.022,0.022,-1,Echolocation,/mnt/ubna_data_02_mir/recover-20221013/UBNA_001/20221012_030000.WAV,Telephone Field,recover-20221013,001,1795
670.0245,670.0363,23750,28396,Nyctalus leisleri,0.013,0.027,-1,Echolocation,/mnt/ubna_data_02_mir/recover-20221013/UBNA_001/20221012_030000.WAV,Telephone Field,recover-20221013,001,1795
670.0515,670.066,54687,58948,Pipistrellus pygmaeus,0.022,0.024,-1,Echolocation,/mnt/ubna_data_02_mir/recover-20221013/UBNA_001/20221012_030000.WAV,Telephone Field,recover-20221013,001,1795
670.0715,670.1123,68437,82499,Rhinolophus ferrumequinum,0.023,0.023,-1,Echolocation,/mnt/ubna_data_02_mir/recover-20221013/UBNA_001/20221012_030000.WAV,Telephone Field,recover-20221013,001,1795
670.0865,670.0956,27187,37031,Eptesicus serotinus,0.009,0.022,-1,Echolocation,/mnt/ubna_data_02_mir/recover-20221013/UBNA_001/20221012_030000.WAV,Telephone Field,recover-20221013,001,1795
670.0875,670.1243,68437,81179,Rhinolophus ferrumequinum,0.022,0.022,-1,Echolocation,/mnt/ubna_data_02_mir/recover-20221013/UBNA_001/20221012_030000.WAV,Telephone Field,recover-20221013,001,1795
670.1105,670.1194,27187,36576,Eptesicus serotinus,0.008,0.023,-1,Echolocation,/mnt/ubna_data_02_mir/recover-20221013/UBNA_001/20221012_030000.WAV,Telephone Field,recover-20221013,001,1795
670.1315,670.1734,68437,82832,Rhinolophus ferrumequinum,0.026,0.026,-1,Echolocation,/mnt/ubna_data_02_mir/recover-20221013/UBNA_001/20221012_030000.WAV,Telephone Field,recover-20221013,001,1795
670.1335,670.1432,46093,50070,Pipistrellus pipistrellus,0.029,0.032,-1,Echolocation,/mnt/ubna_data_02_mir/recover-20221013/UBNA_001/20221012_030000.WAV,Telephone Field,recover-20221013,001,1795
670.1715,670.205,68437,81428,Rhinolophus ferrumequinum,0.023,0.023,-1,Echolocation,/mnt/ubna_data_02_mir/recover-20221013/UBNA_001/20221012_030000.WAV,Telephone Field,recover-20221013,001,1795
670.1925,670.2344,68437,82668,Rhinolophus ferrumequinum,0.022,0.022,-1,Echolocation,/mnt/ubna_data_02_mir/recover-20221013/UBNA_001/20221012_030000.WAV,Telephone Field,recover-20221013,001,1795
670.1995,670.2376,68437,82580,Rhinolophus ferrumequinum,0.024,0.024,-1,Echolocation,/mnt/ubna_data_02_mir/recover-20221013/UBNA_001/20221012_030000.WAV,Telephone Field,recover-20221013,001,1795
670.2285,670.2386,22890,29197,Nyctalus leisleri,0.009,0.024,-1,Echolocation,/mnt/ubna_data_02_mir/recover-20221013/UBNA_001/20221012_030000.WAV,Telephone Field,recover-20221013,001,1795
670.2365,670.2747,68437,81986,Rhinolophus ferrumequinum,0.022,0.022,-1,Echolocation,/mnt/ubna_data_02_mir/recover-20221013/UBNA_001/20221012_030000.WAV,Telephone Field,recover-20221013,001,1795
670.2385,670.2466,26328,37980,Eptesicus serotinus,0.007,0.024,-1,Echolocation,/mnt/ubna_data_02_mir/recover-20221013/UBNA_001/20221012_030000.WAV,Telephone Field,recover-20221013,001,1795
670.2505,670.2685,21171,24359,Nyctalus leisleri,0.019,0.031,-1,Echolocation,/mnt/ubna_data_02_mir/recover-20221013/UBNA_001/20221012_030000.WAV,Telephone Field,recover-20221013,001,1795
670.2515,670.2905,68437,82341,Rhinolophus ferrumequinum,0.024,0.024,-1,Echolocation,/mnt/ubna_data_02_mir/recover-20221013/UBNA_001/20221012_030000.WAV,Telephone Field,recover-20221013,001,1795
670.2585,670.2682,28046,35392,Eptesicus serotinus,0.008,0.022,-1,Echolocation,/mnt/ubna_data_02_mir/recover-20221013/UBNA_001/20221012_030000.WAV,Telephone Field,recover-20221013,001,1795
670.2765,670.3142,68437,81935,Rhinolophus ferrumequinum,0.022,0.022,-1,Echolocation,/mnt/ubna_data_02_mir/recover-20221013/UBNA_001/20221012_030000.WAV,Telephone Field,recover-20221013,001,1795
670.2835,670.2918,28046,39434,Eptesicus serotinus,0.007,0.022,-1,Echolocation,/mnt/ubna_data_02_mir/recover-20221013/UBNA_001/20221012_030000.WAV,Telephone Field,recover-20221013,001,1795
670.3645,670.4084,68437,83053,Rhinolophus ferrumequinum,0.031,0.031,-1,Echolocation,/mnt/ubna_data_02_mir/recover-20221013/UBNA_001/20221012_030000.WAV,Telephone Field,recover-20221013,001,1795
670.3885,670.4287,68437,82705,Rhinolophus ferrumequinum,0.028,0.028,-1,Echolocation,/mnt/ubna_data_02_mir/recover-20221013/UBNA_001/20221012_030000.WAV,Telephone Field,recover-20221013,001,1795
670.3995,670.4109,27187,34274,Eptesicus serotinus,0.011,0.023,-1,Echolocation,/mnt/ubna_data_02_mir/recover-20221013/UBNA_001/20221012_030000.WAV,Telephone Field,recover-20221013,001,1795
670.4365,670.4546,21171,24884,Nyctalus leisleri,0.016,0.03,-1,Echolocation,/mnt/ubna_data_02_mir/recover-20221013/UBNA_001/20221012_030000.WAV,Telephone Field,recover-20221013,001,1795
670.5095,670.5456,68437,81894,Rhinolophus ferrumequinum,0.023,0.023,-1,Echolocation,/mnt/ubna_data_02_mir/recover-20221013/UBNA_001/20221012_030000.WAV,Telephone Field,recover-20221013,001,1795
670.5245,670.5655,68437,83079,Rhinolophus ferrumequinum,0.037,0.037,-1,Echolocation,/mnt/ubna_data_02_mir/recover-20221013/UBNA_001/20221012_030000.WAV,Telephone Field,recover-20221013,001,1795
670.5545,670.5634,28046,38310,Eptesicus serotinus,0.008,0.022,-1,Echolocation,/mnt/ubna_data_02_mir/recover-20221013/UBNA_001/20221012_030000.WAV,Telephone Field,recover-20221013,001,1795
670.5595,670.5972,68437,82293,Rhinolophus ferrumequinum,0.027,0.027,-1,Echolocation,/mnt/ubna_data_02_mir/recover-20221013/UBNA_001/20221012_030000.WAV,Telephone Field,recover-20221013,001,1795
670.5685,670.6097,68437,82686,Rhinolophus ferrumequinum,0.031,0.031,-1,Echolocation,/mnt/ubna_data_02_mir/recover-20221013/UBNA_001/20221012_030000.WAV,Telephone Field,recover-20221013,001,1795
670.5815,670.5894,28046,38292,Eptesicus serotinus,0.007,0.022,-1,Echolocation,/mnt/ubna_data_02_mir/recover-20221013/UBNA_001/20221012_030000.WAV,Telephone Field,recover-20221013,001,1795
670.5965,670.6033,50390,56666,Pipistrellus pipistrellus,0.021,0.024,-1,Echolocation,/mnt/ubna_data_02_mir/recover-20221013/UBNA_001/20221012_030000.WAV,Telephone Field,recover-20221013,001,1795
670.6105,670.6514,68437,82559,Rhinolophus ferrumequinum,0.027,0.027,-1,Echolocation,/mnt/ubna_data_02_mir/recover-20221013/UBNA_001/20221012_030000.WAV,Telephone Field,recover-20221013,001,1795
670.6435,670.6815,68437,81923,Rhinolophus ferrumequinum,0.022,0.022,-1,Echolocation,/mnt/ubna_data_02_mir/recover-20221013/UBNA_001/20221012_030000.WAV,Telephone Field,recover-20221013,001,1795
670.6515,670.6627,25468,32846,Eptesicus serotinus,0.011,0.026,-1,Echolocation,/mnt/ubna_data_02_mir/recover-20221013/UBNA_001/20221012_030000.WAV,Telephone Field,recover-20221013,001,1795
670.7165,670.735,16015,20497,Nyctalus noctula,0.031,0.041,-1,Echolocation,/mnt/ubna_data_02_mir/recover-20221013/UBNA_001/20221012_030000.WAV,Telephone Field,recover-20221013,001,1795
670.7245,670.7623,68437,82334,Rhinolophus ferrumequinum,0.027,0.027,-1,Echolocation,/mnt/ubna_data_02_mir/recover-20221013/UBNA_001/20221012_030000.WAV,Telephone Field,recover-20221013,001,1795
670.7355,670.7749,68437,81935,Rhinolophus ferrumequinum,0.023,0.023,-1,Echolocation,/mnt/ubna_data_02_mir/recover-20221013/UBNA_001/20221012_030000.WAV,Telephone Field,recover-20221013,001,1795
670.7405,670.7508,38359,43387,Pipistrellus nathusii,0.024,0.041,-1,Echolocation,/mnt/ubna_data_02_mir/recover-20221013/UBNA_001/20221012_030000.WAV,Telephone Field,recover-20221013,001,1795
670.8035,670.8422,68437,82536,Rhinolophus ferrumequinum,0.022,0.022,-1,Echolocation,/mnt/ubna_data_02_mir/recover-20221013/UBNA_001/20221012_030000.WAV,Telephone Field,recover-20221013,001,1795
670.8465,670.8568,25468,32427,Eptesicus serotinus,0.008,0.023,-1,Echolocation,/mnt/ubna_data_02_mir/recover-20221013/UBNA_001/20221012_030000.WAV,Telephone Field,recover-20221013,001,1795
670.8685,670.9104,68437,82673,Rhinolophus ferrumequinum,0.023,0.023,-1,Echolocation,/mnt/ubna_data_02_mir/recover-20221013/UBNA_001/20221012_030000.WAV,Telephone Field,recover-20221013,001,1795
670.9115,670.9184,27187,38684,Eptesicus serotinus,0.006,0.023,-1,Echolocation,/mnt/ubna_data_02_mir/recover-20221013/UBNA_001/20221012_030000.WAV,Telephone Field,recover-20221013,001,1795
670.9285,670.9348,28046,40211,Eptesicus serotinus,0.005,0.023,-1,Echolocation,/mnt/ubna_data_02_mir/recover-20221013/UBNA_001/20221012_030000.WAV,Telephone Field,recover-20221013,001,1795
670.9425,670.9493,25468,35900,Plecotus austriacus,0.007,0.029,-1,Echolocation,/mnt/ubna_data_02_mir/recover-20221013/UBNA_001/20221012_030000.WAV,Telephone Field,recover-20221013,001,1795
670.9455,670.9826,68437,82341,Rhinolophus ferrumequinum,0.023,0.023,-1,Echolocation,/mnt/ubna_data_02_mir/recover-20221013/UBNA_001/20221012_030000.WAV,Telephone Field,recover-20221013,001,1795
670.9515,670.99,68437,82289,Rhinolophus ferrumequinum,0.024,0.024,-1,Echolocation,/mnt/ubna_data_02_mir/recover-20221013/UBNA_001/20221012_030000.WAV,Telephone Field,recover-20221013,001,1795
670.9765,671.0138,68437,81936,Rhinolophus ferrumequinum,0.022,0.022,-1,Echolocation,/mnt/ubna_data_02_mir/recover-20221013/UBNA_001/20221012_030000.WAV,Telephone Field,recover-20221013,001,1795
671.0185,671.0271,28046,43557,Eptesicus serotinus,0.009,0.025,-1,Echolocation,/mnt/ubna_data_02_mir/recover-20221013/UBNA_001/20221012_030000.WAV,Telephone Field,recover-20221013,001,1795
671.0275,671.0686,68437,82640,Rhinolophus ferrumequinum,0.027,0.027,-1,Echolocation,/mnt/ubna_data_02_mir/recover-20221013/UBNA_001/20221012_030000.WAV,Telephone Field,recover-20221013,001,1795
671.0445,671.0858,68437,81768,Rhinolophus ferrumequinum,0.023,0.023,-1,Echolocation,/mnt/ubna_data_02_mir/recover-20221013/UBNA_001/20221012_030000.WAV,Telephone Field,recover-20221013,001,1795
671.0525,671.0946,68437,82656,Rhinolophus ferrumequinum,0.022,0.022,-1,Echolocation,/mnt/ubna_data_02_mir/recover-20221013/UBNA_001/20221012_030000.WAV,Telephone Field,recover-20221013,001,1795
671.0735,671.1138,68437,82430,Rhinolophus ferrumequinum,0.024,0.024,-1,Echolocation,/mnt/ubna_data_02_mir/recover-20221013/UBNA_001/20221012_030000.WAV,Telephone Field,recover-20221013,001,1795
671.1145,671.155,68437,82183,Rhinolophus ferrumequinum,0.024,0.024,-1,Echolocation,/mnt/ubna_data_02_mir/recover-20221013/UBNA_001/20221012_030000.WAV,Telephone Field,recover-20221013,001,1795
671.1155,671.1245,28046,38780,Eptesicus serotinus,0.008,0.023,-1,Echolocation,/mnt/ubna_data_02_mir/recover-20221013/UBNA_001/20221012_030000.WAV,Telephone Field,recover-20221013,001,1795
671.1485,671.1825,68437,80829,Rhinolophus ferrumequinum,0.023,0.024,-1,Echolocation,/mnt/ubna_data_02_mir/recover-20221013/UBNA_001/20221012_030000.WAV,Telephone Field,recover-20221013,001,1795
671.1865,671.2264,68437,82413,Rhinolophus ferrumequinum,0.022,0.022,-1,Echolocation,/mnt/ubna_data_02_mir/recover-20221013/UBNA_001/20221012_030000.WAV,Telephone Field,recover-20221013,001,1795
671.2085,671.2474,68437,82070,Rhinolophus ferrumequinum,0.024,0.024,-1,Echolocation,/mnt/ubna_data_02_mir/recover-20221013/UBNA_001/20221012_030000.WAV,Telephone Field,recover-20221013,001,1795
671.2825,671.3193,68437,81866,Rhinolophus ferrumequinum,0.022,0.022,-1,Echolocation,/mnt/ubna_data_02_mir/recover-20221013/UBNA_001/20221012_030000.WAV,Telephone Field,recover-20221013,001,1795
671.3035,671.3454,68437,82773,Rhinolophus ferrumequinum,0.023,0.023,-1,Echolocation,/mnt/ubna_data_02_mir/recover-20221013/UBNA_001/20221012_030000.WAV,Telephone Field,recover-20221013,001,1795
671.3355,671.3477,24609,30360,Nyctalus leisleri,0.015,0.033,-1,Echolocation,/mnt/ubna_data_02_mir/recover-20221013/UBNA_001/20221012_030000.WAV,Telephone Field,recover-20221013,001,1795
671.3645,671.4051,68437,82906,Rhinolophus ferrumequinum,0.022,0.022,-1,Echolocation,/mnt/ubna_data_02_mir/recover-20221013/UBNA_001/20221012_030000.WAV,Telephone Field,recover-20221013,001,1795
671.3715,671.3787,45234,51814,Pipistrellus pipistrellus,0.023,0.027,-1,Echolocation,/mnt/ubna_data_02_mir/recover-20221013/UBNA_001/20221012_030000.WAV,Telephone Field,recover-20221013,001,1795
671.3925,671.4321,68437,82325,Rhinolophus ferrumequinum,0.024,0.024,-1,Echolocation,/mnt/ubna_data_02_mir/recover-20221013/UBNA_001/20221012_030000.WAV,Telephone Field,recover-20221013,001,1795
671.3945,671.405,28046,36302,Eptesicus serotinus,0.01,0.024,-1,Echolocation,/mnt/ubna_data_02_mir/recover-20221013/UBNA_001/20221012_030000.WAV,Telephone Field,recover-20221013,001,1795
671.4015,671.4399,68437,82046,Rhinolophus ferrumequinum,0.022,0.022,-1,Echolocation,/mnt/ubna_data_02_mir/recover-20221013/UBNA_001/20221012_030000.WAV,Telephone Field,recover-20221013,001,1795
671.4435,671.4521,36640,45635,Myotis daubentonii,0.01,0.034,-1,Echolocation,/mnt/ubna_data_02_mir/recover-20221013/UBNA_001/20221012_030000.WAV,Telephone Field,recover-20221013,001,1795
671.4445,671.4516,27187,43271,Eptesicus serotinus,0.006,0.025,-1,Echolocation,/mnt/ubna_data_02_mir/recover-20221013/UBNA_001/20221012_030000.WAV,Telephone Field,recover-20221013,001,1795
671.4445,671.4545,22031,28039,Nyctalus leisleri,0.008,0.024,-1,Echolocation,/mnt/ubna_data_02_mir/recover-20221013/UBNA_001/20221012_030000.WAV,Telephone Field,recover-20221013,001,1795
671.4855,671.5262,68437,82027,Rhinolophus ferrumequinum,0.022,0.022,-1,Echolocation,/mnt/ubna_data_02_mir/recover-20221013/UBNA_001/20221012_030000.WAV,Telephone Field,recover-20221013,001,1795
671.4865,671.4984,25468,32236,Eptesicus serotinus,0.013,0.029,-1,Echolocation,/mnt/ubna_data_02_mir/recover-20221013/UBNA_001/20221012_030000.WAV,Telephone Field,recover-20221013,001,1795
671.4915,671.5309,68437,82465,Rhinolophus ferrumequinum,0.022,0.022,-1,Echolocation,/mnt/ubna_data_02_mir/recover-20221013/UBNA_001/20221012_030000.WAV,Telephone Field,recover-20221013,001,1795
671.5185,671.5268,26328,36075,Eptesicus serotinus,0.006,0.022,-1,Echolocation,/mnt/ubna_data_02_mir/recover-20221013/UBNA_001/20221012_030000.WAV,Telephone Field,recover-20221013,001,1795
671.5305,671.5682,68437,82015,Rhinolophus ferrumequinum,0.023,0.023,-1,Echolocation,/mnt/ubna_data_02_mir/recover-20221013/UBNA_001/20221012_030000.WAV,Telephone Field,recover-20221013,001,1795
671.5625,671.6026,68437,82761,Rhinolophus ferrumequinum,0.026,0.026,-1,Echolocation,/mnt/ubna_data_02_mir/recover-20221013/UBNA_001/20221012_030000.WAV,Telephone Field,recover-20221013,001,1795
671.5705,671.6106,68437,82011,Rhinolophus ferrumequinum,0.022,0.022,-1,Echolocation,/mnt/ubna_data_02_mir/recover-20221013/UBNA_001/20221012_030000.WAV,Telephone Field,recover-20221013,001,1795
671.5865,671.5945,22890,30225,Plecotus austriacus,0.01,0.022,-1,Echolocation,/mnt/ubna_data_02_mir/recover-20221013/UBNA_001/20221012_030000.WAV,Telephone Field,recover-20221013,001,1795
671.7275,671.7651,68437,82367,Rhinolophus ferrumequinum,0.022,0.022,-1,Echolocation,/mnt/ubna_data_02_mir/recover-20221013/UBNA_001/20221012_030000.WAV,Telephone Field,recover-20221013,001,1795
671.7585,671.7977,68437,81799,Rhinolophus ferrumequinum,0.022,0.022,-1,Echolocation,/mnt/ubna_data_02_mir/recover-20221013/UBNA_001/20221012_030000.WAV,Telephone Field,recover-20221013,001,1795
671.7625,671.773,28046,36084,Eptesicus serotinus,0.011,0.027,-1,Echolocation,/mnt/ubna_data_02_mir/recover-20221013/UBNA_001/20221012_030000.WAV,Telephone Field,recover-20221013,001,1795
671.7885,671.7978,50390,54925,Pipistrellus pipistrellus,0.023,0.027,-1,Echolocation,/mnt/ubna_data_02_mir/recover-20221013/UBNA_001/20221012_030000.WAV,Telephone Field,recover-20221013,001,1795
671.8015,671.8404,68437,83180,Rhinolophus ferrumequinum,0.03,0.03,-1,Echolocation,/mnt/ubna_data_02_mir/recover-20221013/UBNA_001/20221012_030000.WAV,Telephone Field,recover-20221013,001,1795
671.8035,671.8109,28046,38306,Eptesicus serotinus,0.009,0.024,-1,Echolocation,/mnt/ubna_data_02_mir/recover-20221013/UBNA_001/20221012_030000.WAV,Telephone Field,recover-20221013,001,1795
671.8475,671.8582,24609,30568,Nyctalus leisleri,0.011,0.028,-1,Echolocation,/mnt/ubna_data_02_mir/recover-20221013/UBNA_001/20221012_030000.WAV,Telephone Field,recover-20221013,001,1795
671.8755,671.9153,68437,82283,Rhinolophus ferrumequinum,0.026,0.026,-1,Echolocation,/mnt/ubna_data_02_mir/recover-20221013/UBNA_001/20221012_030000.WAV,Telephone Field,recover-20221013,001,1795
671.8775,671.8941,22031,25555,Nyctalus leisleri,0.017,0.027,-1,Echolocation,/mnt/ubna_data_02_mir/recover-20221013/UBNA_001/20221012_030000.WAV,Telephone Field,recover-20221013,001,1795
671.8825,671.9252,68437,83021,Rhinolophus ferrumequinum,0.026,0.026,-1,Echolocation,/mnt/ubna_data_02_mir/recover-20221013/UBNA_001/20221012_030000.WAV,Telephone Field,recover-20221013,001,1795
671.9035,671.9422,68437,82670,Rhinolophus ferrumequinum,0.023,0.023,-1,Echolocation,/mnt/ubna_data_02_mir/recover-20221013/UBNA_001/20221012_030000.WAV,Telephone Field,recover-20221013,001,1795
671.9555,671.996,68437,82985,Rhinolophus ferrumequinum,0.027,0.027,-1,Echolocation,/mnt/ubna_data_02_mir/recover-20221013/UBNA_001/20221012_030000.WAV,Telephone Field,recover-20221013,001,1795
672.0015,672.0118,23750,30398,Nyctalus leisleri,0.018,0.041,-1,Echolocation,/mnt/ubna_data_02_mir/recover-20221013/UBNA_001/20221012_030000.WAV,Telephone Field,recover-20221013,001,1795
672.0015,672.0343,68437,80392,Rhinolophus ferrumequinum,0.029,0.029,-1,Echolocation,/mnt/ubna_data_02_mir/recover-20221013/UBNA_001/20221012_030000.WAV,Telephone Field,recover-20221013,001,1795
672.0095,672.0515,68437,82534,Rhinolophus ferrumequinum,0.02,0.02,-1,Echolocation,/mnt/ubna_data_02_mir/recover-20221013/UBNA_001/20221012_030000.WAV,Telephone Field,recover-20221013,001,1795
672.0155,672.0566,68437,82717,Rhinolophus ferrumequinum,0.02,0.02,-1,Echolocation,/mnt/ubna_data_02_mir/recover-20221013/UBNA_001/20221012_030000.WAV,Telephone Field,recover-20221013,001,1795
672.0235,672.0625,68437,82231,Rhinolophus ferrumequinum,0.02,0.02,-1,Echolocation,/mnt/ubna_data_02_mir/recover-20221013/UBNA_001/20221012_030000.WAV,Telephone Field,recover-20221013,001,1795
672.0475,672.0581,22890,29151,Nyctalus leisleri,0.013,0.031,-1,Echolocation,/mnt/ubna_data_02_mir/recover-20221013/UBNA_001/20221012_030000.WAV,Telephone Field,recover-20221013,001,1795
672.0685,672.1114,68437,82414,Rhinolophus ferrumequinum,0.021,0.021,-1,Echolocation,/mnt/ubna_data_02_mir/recover-20221013/UBNA_001/20221012_030000.WAV,Telephone Field,recover-20221013,001,1795
672.0685,672.078,26328,36156,Eptesicus serotinus,0.014,0.028,-1,Echolocation,/mnt/ubna_data_02_mir/recover-20221013/UBNA_001/20221012_030000.WAV,Telephone Field,recover-20221013,001,1795
672.0745,672.1152,68437,82627,Rhinolophus ferrumequinum,0.021,0.021,-1,Echolocation,/mnt/ubna_data_02_mir/recover-20221013/UBNA_001/20221012_030000.WAV,Telephone Field,recover-20221013,001,1795
672.1675,672.2114,68437,83083,Rhinolophus ferrumequinum,0.024,0.024,-1,Echolocation,/mnt/ubna_data_02_mir/recover-20221013/UBNA_001/20221012_030000.WAV,Telephone Field,recover-20221013,001,1795
672.1695,672.1768,28046,40599,Eptesicus serotinus,0.006,0.02,-1,Echolocation,/mnt/ubna_data_02_mir/recover-20221013/UBNA_001/20221012_030000.WAV,Telephone Field,recover-20221013,001,1795
672.2105,672.2189,27187,39158,Eptesicus serotinus,0.008,0.021,-1,Echolocation,/mnt/ubna_data_02_mir/recover-20221013/UBNA_001/20221012_030000.WAV,Telephone Field,recover-20221013,001,1795
672.2295,672.269,68437,81667,Rhinolophus ferrumequinum,0.024,0.024,-1,Echolocation,/mnt/ubna_data_02_mir/recover-20221013/UBNA_001/20221012_030000.WAV,Telephone Field,recover-20221013,001,1795
672.2435,672.2832,68437,82730,Rhinolophus ferrumequinum,0.023,0.023,-1,Echolocation,/mnt/ubna_data_02_mir/recover-20221013/UBNA_001/20221012_030000.WAV,Telephone Field,recover-20221013,001,1795
672.2675,672.3104,68437,82940,Rhinolophus ferrumequinum,0.027,0.027,-1,Echolocation,/mnt/ubna_data_02_mir/recover-20221013/UBNA_001/20221012_030000.WAV,Telephone Field,recover-20221013,001,1795
672.2905,672.3303,68437,82237,Rhinolophus ferrumequinum,0.02,0.02,-1,Echolocation,/mnt/ubna_data_02_mir/recover-20221013/UBNA_001/20221012_030000.WAV,Telephone Field,recover-20221013,001,1795
672.3455,672.3864,68437,82594,Rhinolophus ferrumequinum,0.024,0.024,-1,Echolocation,/mnt/ubna_data_02_mir/recover-20221013/UBNA_001/20221012_030000.WAV,Telephone Field,recover-20221013,001,1795
672.3535,672.3645,23750,29672,Nyctalus leisleri,0.01,0.026,-1,Echolocation,/mnt/ubna_data_02_mir/recover-20221013/UBNA_001/20221012_030000.WAV,Telephone Field,recover-20221013,001,1795
672.3555,672.3927,68437,81956,Rhinolophus ferrumequinum,0.021,0.021,-1,Echolocation,/mnt/ubna_data_02_mir/recover-20221013/UBNA_001/20221012_030000.WAV,Telephone Field,recover-20221013,001,1795
672.3655,672.3992,68437,80497,Rhinolophus ferrumequinum,0.02,0.02,-1,Echolocation,/mnt/ubna_data_02_mir/recover-20221013/UBNA_001/20221012_030000.WAV,Telephone Field,recover-20221013,001,1795
672.3795,672.388,28046,36881,Eptesicus serotinus,0.008,0.022,-1,Echolocation,/mnt/ubna_data_02_mir/recover-20221013/UBNA_001/20221012_030000.WAV,Telephone Field,recover-20221013,001,1795
672.3925,672.4327,68437,82305,Rhinolophus ferrumequinum,0.022,0.022,-1,Echolocation,/mnt/ubna_data_02_mir/recover-20221013/UBNA_001/20221012_030000.WAV,Telephone Field,recover-20221013,001,1795
672.4155,672.424,26328,34323,Eptesicus serotinus,0.009,0.026,-1,Echolocation,/mnt/ubna_data_02_mir/recover-20221013/UBNA_001/20221012_030000.WAV,Telephone Field,recover-20221013,001,1795
672.4205,672.4585,68437,82165,Rhinolophus ferrumequinum,0.022,0.022,-1,Echolocation,/mnt/ubna_data_02_mir/recover-20221013/UBNA_001/20221012_030000.WAV,Telephone Field,recover-20221013,001,1795
672.4375,672.4753,68437,81519,Rhinolophus ferrumequinum,0.02,0.021,-1,Echolocation,/mnt/ubna_data_02_mir/recover-20221013/UBNA_001/20221012_030000.WAV,Telephone Field,recover-20221013,001,1795
672.4605,672.4681,28046,40234,Eptesicus serotinus,0.006,0.021,-1,Echolocation,/mnt/ubna_data_02_mir/recover-20221013/UBNA_001/20221012_030000.WAV,Telephone Field,recover-20221013,001,1795
672.4615,672.4973,68437,81162,Rhinolophus ferrumequinum,0.02,0.02,-1,Echolocation,/mnt/ubna_data_02_mir/recover-20221013/UBNA_001/20221012_030000.WAV,Telephone Field,recover-20221013,001,1795
672.5295,672.5705,68437,82850,Rhinolophus ferrumequinum,0.026,0.026,-1,Echolocation,/mnt/ubna_data_02_mir/recover-20221013/UBNA_001/20221012_030000.WAV,Telephone Field,recover-20221013,001,1795
672.5495,672.5593,34062,40234,Barbastellus barbastellus,0.013,0.038,-1,Echolocation,/mnt/ubna_data_02_mir/recover-20221013/UBNA_001/20221012_030000.WAV,Telephone Field,recover-20221013,001,1795
672.5935,672.6321,68437,81884,Rhinolophus ferrumequinum,0.022,0.022,-1,Echolocation,/mnt/ubna_data_02_mir/recover-20221013/UBNA_001/20221012_030000.WAV,Telephone Field,recover-20221013,001,1795
672.6155,672.6224,28046,37895,Eptesicus serotinus,0.006,0.024,-1,Echolocation,/mnt/ubna_data_02_mir/recover-20221013/UBNA_001/20221012_030000.WAV,Telephone Field,recover-20221013,001,1795
672.6235,672.6591,68437,81965,Rhinolophus ferrumequinum,0.023,0.023,-1,Echolocation,/mnt/ubna_data_02_mir/recover-20221013/UBNA_001/20221012_030000.WAV,Telephone Field,recover-20221013,001,1795
672.6325,672.6413,28046,37834,Eptesicus serotinus,0.008,0.021,-1,Echolocation,/mnt/ubna_data_02_mir/recover-20221013/UBNA_001/20221012_030000.WAV,Telephone Field,recover-20221013,001,1795
672.6415,672.6502,26328,34786,Eptesicus serotinus,0.009,0.022,-1,Echolocation,/mnt/ubna_data_02_mir/recover-20221013/UBNA_001/20221012_030000.WAV,Telephone Field,recover-20221013,001,1795
672.6615,672.7023,68437,82527,Rhinolophus ferrumequinum,0.033,0.033,-1,Echolocation,/mnt/ubna_data_02_mir/recover-20221013/UBNA_001/20221012_030000.WAV,Telephone Field,recover-20221013,001,1795
672.6805,672.7212,68437,82531,Rhinolophus ferrumequinum,0.022,0.022,-1,Echolocation,/mnt/ubna_data_02_mir/recover-20221013/UBNA_001/20221012_030000.WAV,Telephone Field,recover-20221013,001,1795
672.6985,672.7097,25468,30603,Eptesicus serotinus,0.008,0.021,-1,Echolocation,/mnt/ubna_data_02_mir/recover-20221013/UBNA_001/20221012_030000.WAV,Telephone Field,recover-20221013,001,1795
672.7305,672.7698,68437,82140,Rhinolophus ferrumequinum,0.023,0.023,-1,Echolocation,/mnt/ubna_data_02_mir/recover-20221013/UBNA_001/20221012_030000.WAV,Telephone Field,recover-20221013,001,1795
672.7395,672.7482,28046,36900,Eptesicus serotinus,0.007,0.02,-1,Echolocation,/mnt/ubna_data_02_mir/recover-20221013/UBNA_001/20221012_030000.WAV,Telephone Field,recover-20221013,001,1795
672.7615,672.8018,68437,82037,Rhinolophus ferrumequinum,0.021,0.021,-1,Echolocation,/mnt/ubna_data_02_mir/recover-20221013/UBNA_001/20221012_030000.WAV,Telephone Field,recover-20221013,001,1795
672.8025,672.8413,68437,82472,Rhinolophus ferrumequinum,0.02,0.02,-1,Echolocation,/mnt/ubna_data_02_mir/recover-20221013/UBNA_001/20221012_030000.WAV,Telephone Field,recover-20221013,001,1795
672.8045,672.814,22890,29965,Nyctalus leisleri,0.007,0.021,-1,Echolocation,/mnt/ubna_data_02_mir/recover-20221013/UBNA_001/20221012_030000.WAV,Telephone Field,recover-20221013,001,1795
672.8045,672.8128,27187,38486,Eptesicus serotinus,0.007,0.021,-1,Echolocation,/mnt/ubna_data_02_mir/recover-20221013/UBNA_001/20221012_030000.WAV,Telephone Field,recover-20221013,001,1795
672.8375,672.8486,28046,34411,Eptesicus serotinus,0.009,0.022,-1,Echolocation,/mnt/ubna_data_02_mir/recover-20221013/UBNA_001/20221012_030000.WAV,Telephone Field,recover-20221013,001,1795
672.8925,672.9366,68437,83493,Rhinolophus ferrumequinum,0.047,0.047,-1,Echolocation,/mnt/ubna_data_02_mir/recover-20221013/UBNA_001/20221012_030000.WAV,Telephone Field,recover-20221013,001,1795
672.9125,672.9496,68437,81573,Rhinolophus ferrumequinum,0.022,0.022,-1,Echolocation,/mnt/ubna_data_02_mir/recover-20221013/UBNA_001/20221012_030000.WAV,Telephone Field,recover-20221013,001,1795
672.9235,672.9625,68437,82321,Rhinolophus ferrumequinum,0.022,0.022,-1,Echolocation,/mnt/ubna_data_02_mir/recover-20221013/UBNA_001/20221012_030000.WAV,Telephone Field,recover-20221013,001,1795
672.9745,673.0118,68437,81851,Rhinolophus ferrumequinum,0.022,0.022,-1,Echolocation,/mnt/ubna_data_02_mir/recover-20221013/UBNA_001/20221012_030000.WAV,Telephone Field,recover-20221013,001,1795
672.9785,672.9875,28046,39711,Eptesicus serotinus,0.007,0.021,-1,Echolocation,/mnt/ubna_data_02_mir/recover-20221013/UBNA_001/20221012_030000.WAV,Telephone Field,recover-20221013,001,1795
672.9885,673.0259,68437,82099,Rhinolophus ferrumequinum,0.02,0.02,-1,Echolocation,/mnt/ubna_data_02_mir/recover-20221013/UBNA_001/20221012_030000.WAV,Telephone Field,recover-20221013,001,1795
673.0155,673.059,68437,83045,Rhinolophus ferrumequinum,0.026,0.026,-1,Echolocation,/mnt/ubna_data_02_mir/recover-20221013/UBNA_001/20221012_030000.WAV,Telephone Field,recover-20221013,001,1795
673.0395,673.0476,27187,37928,Eptesicus serotinus,0.007,0.022,-1,Echolocation,/mnt/ubna_data_02_mir/recover-20221013/UBNA_001/20221012_030000.WAV,Telephone Field,recover-20221013,001,1795
673.0405,673.0783,68437,82293,Rhinolophus ferrumequinum,0.021,0.021,-1,Echolocation,/mnt/ubna_data_02_mir/recover-20221013/UBNA_001/20221012_030000.WAV,Telephone Field,recover-20221013,001,1795
673.0505,673.0919,68437,82547,Rhinolophus ferrumequinum,0.027,0.027,-1,Echolocation,/mnt/ubna_data_02_mir/recover-20221013/UBNA_001/20221012_030000.WAV,Telephone Field,recover-20221013,001,1795
673.1055,673.1133,47812,53817,Pipistrellus pipistrellus,0.018,0.02,-1,Echolocation,/mnt/ubna_data_02_mir/recover-20221013/UBNA_001/20221012_030000.WAV,Telephone Field,recover-20221013,001,1795
673.1095,673.147,68437,82025,Rhinolophus ferrumequinum,0.023,0.023,-1,Echolocation,/mnt/ubna_data_02_mir/recover-20221013/UBNA_001/20221012_030000.WAV,Telephone Field,recover-20221013,001,1795
673.1265,673.1373,28906,36547,Eptesicus serotinus,0.038,0.059,-1,Echolocation,/mnt/ubna_data_02_mir/recover-20221013/UBNA_001/20221012_030000.WAV,Telephone Field,recover-20221013,001,1795
673.1435,673.1831,68437,82261,Rhinolophus ferrumequinum,0.023,0.023,-1,Echolocation,/mnt/ubna_data_02_mir/recover-20221013/UBNA_001/20221012_030000.WAV,Telephone Field,recover-20221013,001,1795
673.1475,673.155,28046,40138,Eptesicus serotinus,0.006,0.022,-1,Echolocation,/mnt/ubna_data_02_mir/recover-20221013/UBNA_001/20221012_030000.WAV,Telephone Field,recover-20221013,001,1795
673.1715,673.2103,68437,82523,Rhinolophus ferrumequinum,0.027,0.027,-1,Echolocation,/mnt/ubna_data_02_mir/recover-20221013/UBNA_001/20221012_030000.WAV,Telephone Field,recover-20221013,001,1795
673.1765,673.2185,68437,82523,Rhinolophus ferrumequinum,0.027,0.027,-1,Echolocation,/mnt/ubna_data_02_mir/recover-20221013/UBNA_001/20221012_030000.WAV,Telephone Field,recover-20221013,001,1795
673.2625,673.3042,68437,82744,Rhinolophus ferrumequinum,0.021,0.021,-1,Echolocation,/mnt/ubna_data_02_mir/recover-20221013/UBNA_001/20221012_030000.WAV,Telephone Field,recover-20221013,001,1795
673.3045,673.3425,68437,81947,Rhinolophus ferrumequinum,0.021,0.021,-1,Echolocation,/mnt/ubna_data_02_mir/recover-20221013/UBNA_001/20221012_030000.WAV,Telephone Field,recover-20221013,001,1795
673.3125,673.3481,68437,81077,Rhinolophus ferrumequinum,0.02,0.02,-1,Echolocation,/mnt/ubna_data_02_mir/recover-20221013/UBNA_001/20221012_030000.WAV,Telephone Field,recover-20221013,001,1795
673.3285,673.3377,23750,31640,Nyctalus leisleri,0.006,0.021,-1,Echolocation,/mnt/ubna_data_02_mir/recover-20221013/UBNA_001/20221012_030000.WAV,Telephone Field,recover-20221013,001,1795
673.3305,673.3388,28046,40499,Eptesicus serotinus,0.007,0.02,-1,Echolocation,/mnt/ubna_data_02_mir/recover-20221013/UBNA_001/20221012_030000.WAV,Telephone Field,recover-20221013,001,1795
673.3445,673.383,68437,81891,Rhinolophus ferrumequinum,0.024,0.024,-1,Echolocation,/mnt/ubna_data_02_mir/recover-20221013/UBNA_001/20221012_030000.WAV,Telephone Field,recover-20221013,001,1795
673.3785,673.4208,68437,82704,Rhinolophus ferrumequinum,0.028,0.028,-1,Echolocation,/mnt/ubna_data_02_mir/recover-20221013/UBNA_001/20221012_030000.WAV,Telephone Field,recover-20221013,001,1795
673.3825,673.3914,28046,38143,Eptesicus serotinus,0.008,0.023,-1,Echolocation,/mnt/ubna_data_02_mir/recover-20221013/UBNA_001/20221012_030000.WAV,Telephone Field,recover-20221013,001,1795
673.4065,673.4466,68437,82834,Rhinolophus ferrumequinum,0.023,0.023,-1,Echolocation,/mnt/ubna_data_02_mir/recover-20221013/UBNA_001/20221012_030000.WAV,Telephone Field,recover-20221013,001,1795
673.4315,673.4736,68437,82941,Rhinolophus ferrumequinum,0.025,0.025,-1,Echolocation,/mnt/ubna_data_02_mir/recover-20221013/UBNA_001/20221012_030000.WAV,Telephone Field,recover-20221013,001,1795
673.4575,673.4944,68437,81738,Rhinolophus ferrumequinum,0.02,0.02,-1,Echolocation,/mnt/ubna_data_02_mir/recover-20221013/UBNA_001/20221012_030000.WAV,Telephone Field,recover-20221013,001,1795
673.4645,673.4746,23750,31168,Nyctalus leisleri,0.008,0.023,-1,Echolocation,/mnt/ubna_data_02_mir/recover-20221013/UBNA_001/20221012_030000.WAV,Telephone Field,recover-20221013,001,1795
673.5135,673.5232,27187,35446,Eptesicus serotinus,0.009,0.021,-1,Echolocation,/mnt/ubna_data_02_mir/recover-20221013/UBNA_001/20221012_030000.WAV,Telephone Field,recover-20221013,001,1795
673.5325,673.576,68437,82775,Rhinolophus ferrumequinum,0.027,0.027,-1,Echolocation,/mnt/ubna_data_02_mir/recover-20221013/UBNA_001/20221012_030000.WAV,Telephone Field,recover-20221013,001,1795
673.5365,673.5438,28906,39560,Eptesicus serotinus,0.007,0.023,-1,Echolocation,/mnt/ubna_data_02_mir/recover-20221013/UBNA_001/20221012_030000.WAV,Telephone Field,recover-20221013,001,1795
673.5625,673.5723,23750,30446,Nyctalus leisleri,0.007,0.022,-1,Echolocation,/mnt/ubna_data_02_mir/recover-20221013/UBNA_001/20221012_030000.WAV,Telephone Field,recover-20221013,001,1795
673.5665,673.5753,15156,23516,Plecotus auritus,0.008,0.021,-1,Echolocation,/mnt/ubna_data_02_mir/recover-20221013/UBNA_001/20221012_030000.WAV,Telephone Field,recover-20221013,001,1795
673.6535,673.6924,68437,82203,Rhinolophus ferrumequinum,0.025,0.025,-1,Echolocation,/mnt/ubna_data_02_mir/recover-20221013/UBNA_001/20221012_030000.WAV,Telephone Field,recover-20221013,001,1795
673.6635,673.6718,14296,24398,Plecotus auritus,0.051,0.071,-1,Echolocation,/mnt/ubna_data_02_mir/recover-20221013/UBNA_001/20221012_030000.WAV,Telephone Field,recover-20221013,001,1795
673.6665,673.7048,68437,81750,Rhinolophus ferrumequinum,0.021,0.021,-1,Echolocation,/mnt/ubna_data_02_mir/recover-20221013/UBNA_001/20221012_030000.WAV,Telephone Field,recover-20221013,001,1795
673.6735,673.6825,27187,36260,Eptesicus serotinus,0.008,0.021,-1,Echolocation,/mnt/ubna_data_02_mir/recover-20221013/UBNA_001/20221012_030000.WAV,Telephone Field,recover-20221013,001,1795
673.6875,673.728,68437,82737,Rhinolophus ferrumequinum,0.025,0.025,-1,Echolocation,/mnt/ubna_data_02_mir/recover-20221013/UBNA_001/20221012_030000.WAV,Telephone Field,recover-20221013,001,1795
673.7115,673.7482,68437,81323,Rhinolophus ferrumequinum,0.025,0.025,-1,Echolocation,/mnt/ubna_data_02_mir/recover-20221013/UBNA_001/20221012_030000.WAV,Telephone Field,recover-20221013,001,1795
673.7165,673.7245,27187,41798,Eptesicus serotinus,0.007,0.021,-1,Echolocation,/mnt/ubna_data_02_mir/recover-20221013/UBNA_001/20221012_030000.WAV,Telephone Field,recover-20221013,001,1795
673.7345,673.7723,68437,81567,Rhinolophus ferrumequinum,0.022,0.022,-1,Echolocation,/mnt/ubna_data_02_mir/recover-20221013/UBNA_001/20221012_030000.WAV,Telephone Field,recover-20221013,001,1795
673.7475,673.7859,68437,80824,Rhinolophus ferrumequinum,0.022,0.022,-1,Echolocation,/mnt/ubna_data_02_mir/recover-20221013/UBNA_001/20221012_030000.WAV,Telephone Field,recover-20221013,001,1795
673.7545,673.7641,28906,38945,Eptesicus serotinus,0.008,0.021,-1,Echolocation,/mnt/ubna_data_02_mir/recover-20221013/UBNA_001/20221012_030000.WAV,Telephone Field,recover-20221013,001,1795
673.7705,673.8106,68437,82699,Rhinolophus ferrumequinum,0.027,0.027,-1,Echolocation,/mnt/ubna_data_02_mir/recover-20221013/UBNA_001/20221012_030000.WAV,Telephone Field,recover-20221013,001,1795
673.7815,673.7904,27187,39552,Eptesicus serotinus,0.009,0.023,-1,Echolocation,/mnt/ubna_data_02_mir/recover-20221013/UBNA_001/20221012_030000.WAV,Telephone Field,recover-20221013,001,1795
673.7865,673.8002,15156,20955,Nyctalus noctula,0.019,0.027,-1,Echolocation,/mnt/ubna_data_02_mir/recover-20221013/UBNA_001/20221012_030000.WAV,Telephone Field,recover-20221013,001,1795
673.8245,673.8667,68437,82984,Rhinolophus ferrumequinum,0.022,0.022,-1,Echolocation,/mnt/ubna_data_02_mir/recover-20221013/UBNA_001/20221012_030000.WAV,Telephone Field,recover-20221013,001,1795
673.8485,673.8852,68437,81236,Rhinolophus ferrumequinum,0.021,0.021,-1,Echolocation,/mnt/ubna_data_02_mir/recover-20221013/UBNA_001/20221012_030000.WAV,Telephone Field,recover-20221013,001,1795
673.8605,673.8983,68437,81758,Rhinolophus ferrumequinum,0.022,0.022,-1,Echolocation,/mnt/ubna_data_02_mir/recover-20221013/UBNA_001/20221012_030000.WAV,Telephone Field,recover-20221013,001,1795
673.8865,673.9262,68437,82403,Rhinolophus ferrumequinum,0.021,0.021,-1,Echolocation,/mnt/ubna_data_02_mir/recover-20221013/UBNA_001/20221012_030000.WAV,Telephone Field,recover-20221013,001,1795
673.8865,673.9,55546,60830,Pipistrellus pygmaeus,0.023,0.025,-1,Echolocation,/mnt/ubna_data_02_mir/recover-20221013/UBNA_001/20221012_030000.WAV,Telephone Field,recover-20221013,001,1795
673.8905,673.8989,28046,39776,Eptesicus serotinus,0.008,0.021,-1,Echolocation,/mnt/ubna_data_02_mir/recover-20221013/UBNA_001/20221012_030000.WAV,Telephone Field,recover-20221013,001,1795
673.9125,673.9225,28046,36287,Eptesicus serotinus,0.011,0.024,-1,Echolocation,/mnt/ubna_data_02_mir/recover-20221013/UBNA_001/20221012_030000.WAV,Telephone Field,recover-20221013,001,1795
673.9135,673.9545,68437,82534,Rhinolophus ferrumequinum,0.022,0.022,-1,Echolocation,/mnt/ubna_data_02_mir/recover-20221013/UBNA_001/20221012_030000.WAV,Telephone Field,recover-20221013,001,1795
673.9365,673.9447,28906,38593,Eptesicus serotinus,0.008,0.022,-1,Echolocation,/mnt/ubna_data_02_mir/recover-20221013/UBNA_001/20221012_030000.WAV,Telephone Field,recover-20221013,001,1795
673.9855,673.9963,22890,29348,Nyctalus leisleri,0.009,0.023,-1,Echolocation,/mnt/ubna_data_02_mir/recover-20221013/UBNA_001/20221012_030000.WAV,Telephone Field,recover-20221013,001,1795
674.0015,674.0352,68437,79797,Rhinolophus ferrumequinum,0.066,0.066,-1,Echolocation,/mnt/ubna_data_02_mir/recover-20221013/UBNA_001/20221012_030000.WAV,Telephone Field,recover-20221013,001,1795
674.0015,674.0113,23750,32707,Nyctalus leisleri,0.009,0.026,-1,Echolocation,/mnt/ubna_data_02_mir/recover-20221013/UBNA_001/20221012_030000.WAV,Telephone Field,recover-20221013,001,1795
674.0075,674.0518,68437,83081,Rhinolophus ferrumequinum,0.035,0.035,-1,Echolocation,/mnt/ubna_data_02_mir/recover-20221013/UBNA_001/20221012_030000.WAV,Telephone Field,recover-20221013,001,1795
674.0185,674.0265,27187,38062,Eptesicus serotinus,0.007,0.022,-1,Echolocation,/mnt/ubna_data_02_mir/recover-20221013/UBNA_001/20221012_030000.WAV,Telephone Field,recover-20221013,001,1795
674.0575,674.0945,68437,81689,Rhinolophus ferrumequinum,0.022,0.022,-1,Echolocation,/mnt/ubna_data_02_mir/recover-20221013/UBNA_001/20221012_030000.WAV,Telephone Field,recover-20221013,001,1795
674.0755,674.0832,37500,43545,Barbastellus barbastellus,0.018,0.03,-1,Echolocation,/mnt/ubna_data_02_mir/recover-20221013/UBNA_001/20221012_030000.WAV,Telephone Field,recover-20221013,001,1795
674.0775,674.1178,68437,82729,Rhinolophus ferrumequinum,0.029,0.029,-1,Echolocation,/mnt/ubna_data_02_mir/recover-20221013/UBNA_001/20221012_030000.WAV,Telephone Field,recover-20221013,001,1795
674.0945,674.1033,25468,34383,Eptesicus serotinus,0.01,0.027,-1,Echolocation,/mnt/ubna_data_02_mir/recover-20221013/UBNA_001/20221012_030000.WAV,Telephone Field,recover-20221013,001,1795
674.2025,674.2414,68437,81194,Rhinolophus ferrumequinum,0.028,0.028,-1,Echolocation,/mnt/ubna_data_02_mir/recover-20221013/UBNA_001/20221012_030000.WAV,Telephone Field,recover-20221013,001,1795
674.2045,674.2153,28046,35975,Eptesicus serotinus,0.012,0.027,-1,Echolocation,/mnt/ubna_data_02_mir/recover-20221013/UBNA_001/20221012_030000.WAV,Telephone Field,recover-20221013,001,1795
674.2155,674.2216,25468,36393,Plecotus austriacus,0.014,0.04,-1,Echolocation,/mnt/ubna_data_02_mir/recover-20221013/UBNA_001/20221012_030000.WAV,Telephone Field,recover-20221013,001,1795
674.2395,674.2794,68437,82882,Rhinolophus ferrumequinum,0.034,0.034,-1,Echolocation,/mnt/ubna_data_02_mir/recover-20221013/UBNA_001/20221012_030000.WAV,Telephone Field,recover-20221013,001,1795
674.2725,674.3109,68437,82234,Rhinolophus ferrumequinum,0.024,0.024,-1,Echolocation,/mnt/ubna_data_02_mir/recover-20221013/UBNA_001/20221012_030000.WAV,Telephone Field,recover-20221013,001,1795
674.2955,674.3324,68437,82228,Rhinolophus ferrumequinum,0.022,0.022,-1,Echolocation,/mnt/ubna_data_02_mir/recover-20221013/UBNA_001/20221012_030000.WAV,Telephone Field,recover-20221013,001,1795
674.3215,674.3327,22031,27528,Nyctalus leisleri,0.008,0.024,-1,Echolocation,/mnt/ubna_data_02_mir/recover-20221013/UBNA_001/20221012_030000.WAV,Telephone Field,recover-20221013,001,1795
674.3285,674.3362,28906,37352,Eptesicus serotinus,0.008,0.026,-1,Echolocation,/mnt/ubna_data_02_mir/recover-20221013/UBNA_001/20221012_030000.WAV,Telephone Field,recover-20221013,001,1795
674.3495,674.3855,68437,81176,Rhinolophus ferrumequinum,0.022,0.022,-1,Echolocation,/mnt/ubna_data_02_mir/recover-20221013/UBNA_001/20221012_030000.WAV,Telephone Field,recover-20221013,001,1795
674.3695,674.3772,28046,39702,Eptesicus serotinus,0.006,0.021,-1,Echolocation,/mnt/ubna_data_02_mir/recover-20221013/UBNA_001/20221012_030000.WAV,Telephone Field,recover-20221013,001,1795
674.3925,674.4337,68437,82475,Rhinolophus ferrumequinum,0.023,0.023,-1,Echolocation,/mnt/ubna_data_02_mir/recover-20221013/UBNA_001/20221012_030000.WAV,Telephone Field,recover-20221013,001,1795
674.4035,674.4128,28906,37309,Eptesicus serotinus,0.01,0.025,-1,Echolocation,/mnt/ubna_data_02_mir/recover-20221013/UBNA_001/20221012_030000.WAV,Telephone Field,recover-20221013,001,1795
674.4035,674.4112,23750,32306,Plecotus austriacus,0.009,0.024,-1,Echolocation,/mnt/ubna_data_02_mir/recover-20221013/UBNA_001/20221012_030000.WAV,Telephone Field,recover-20221013,001,1795
674.4485,674.4886,68437,82574,Rhinolophus ferrumequinum,0.025,0.025,-1,Echolocation,/mnt/ubna_data_02_mir/recover-20221013/UBNA_001/20221012_030000.WAV,Telephone Field,recover-20221013,001,1795
674.4495,674.4581,50390,56750,Pipistrellus pipistrellus,0.018,0.021,-1,Echolocation,/mnt/ubna_data_02_mir/recover-20221013/UBNA_001/20221012_030000.WAV,Telephone Field,recover-20221013,001,1795
674.4875,674.4936,25468,36990,Plecotus austriacus,0.012,0.038,-1,Echolocation,/mnt/ubna_data_02_mir/recover-20221013/UBNA_001/20221012_030000.WAV,Telephone Field,recover-20221013,001,1795
674.5165,674.5591,68437,83069,Rhinolophus ferrumequinum,0.023,0.023,-1,Echolocation,/mnt/ubna_data_02_mir/recover-20221013/UBNA_001/20221012_030000.WAV,Telephone Field,recover-20221013,001,1795
674.5605,674.6027,68437,82904,Rhinolophus ferrumequinum,0.041,0.041,-1,Echolocation,/mnt/ubna_data_02_mir/recover-20221013/UBNA_001/20221012_030000.WAV,Telephone Field,recover-20221013,001,1795
674.5955,674.6035,28046,37396,Eptesicus serotinus,0.008,0.025,-1,Echolocation,/mnt/ubna_data_02_mir/recover-20221013/UBNA_001/20221012_030000.WAV,Telephone Field,recover-20221013,001,1795
674.6295,674.6338,36640,48478,Myotis daubentonii,0.013,0.034,-1,Echolocation,/mnt/ubna_data_02_mir/recover-20221013/UBNA_001/20221012_030000.WAV,Telephone Field,recover-20221013,001,1795
674.6295,674.6353,27187,52509,Myotis nattereri,0.008,0.028,-1,Echolocation,/mnt/ubna_data_02_mir/recover-20221013/UBNA_001/20221012_030000.WAV,Telephone Field,recover-20221013,001,1795
674.6515,674.6904,68437,82798,Rhinolophus ferrumequinum,0.028,0.028,-1,Echolocation,/mnt/ubna_data_02_mir/recover-20221013/UBNA_001/20221012_030000.WAV,Telephone Field,recover-20221013,001,1795
674.6835,674.7208,68437,82146,Rhinolophus ferrumequinum,0.026,0.026,-1,Echolocation,/mnt/ubna_data_02_mir/recover-20221013/UBNA_001/20221012_030000.WAV,Telephone Field,recover-20221013,001,1795
674.7075,674.7464,68437,82634,Rhinolophus ferrumequinum,0.023,0.023,-1,Echolocation,/mnt/ubna_data_02_mir/recover-20221013/UBNA_001/20221012_030000.WAV,Telephone Field,recover-20221013,001,1795
674.7405,674.7494,28046,38777,Eptesicus serotinus,0.009,0.025,-1,Echolocation,/mnt/ubna_data_02_mir/recover-20221013/UBNA_001/20221012_030000.WAV,Telephone Field,recover-20221013,001,1795
674.7555,674.7912,68437,81599,Rhinolophus ferrumequinum,0.022,0.022,-1,Echolocation,/mnt/ubna_data_02_mir/recover-20221013/UBNA_001/20221012_030000.WAV,Telephone Field,recover-20221013,001,1795
674.7755,674.8152,68437,82967,Rhinolophus ferrumequinum,0.025,0.025,-1,Echolocation,/mnt/ubna_data_02_mir/recover-20221013/UBNA_001/20221012_030000.WAV,Telephone Field,recover-20221013,001,1795
674.7865,674.8284,68437,83408,Rhinolophus ferrumequinum,0.031,0.031,-1,Echolocation,/mnt/ubna_data_02_mir/recover-20221013/UBNA_001/20221012_030000.WAV,Telephone Field,recover-20221013,001,1795
674.7895,674.7972,25468,34619,Eptesicus serotinus,0.006,0.021,-1,Echolocation,/mnt/ubna_data_02_mir/recover-20221013/UBNA_001/20221012_030000.WAV,Telephone Field,recover-20221013,001,1795
674.8195,674.8572,68437,82007,Rhinolophus ferrumequinum,0.023,0.023,-1,Echolocation,/mnt/ubna_data_02_mir/recover-20221013/UBNA_001/20221012_030000.WAV,Telephone Field,recover-20221013,001,1795
674.8435,674.884,68437,82576,Rhinolophus ferrumequinum,0.034,0.034,-1,Echolocation,/mnt/ubna_data_02_mir/recover-20221013/UBNA_001/20221012_030000.WAV,Telephone Field,recover-20221013,001,1795
674.8675,674.9059,68437,82015,Rhinolophus ferrumequinum,0.027,0.027,-1,Echolocation,/mnt/ubna_data_02_mir/recover-20221013/UBNA_001/20221012_030000.WAV,Telephone Field,recover-20221013,001,1795
674.9225,674.9599,68437,82127,Rhinolophus ferrumequinum,0.021,0.022,-1,Echolocation,/mnt/ubna_data_02_mir/recover-20221013/UBNA_001/20221012_030000.WAV,Telephone Field,recover-20221013,001,1795
674.9475,674.9542,27187,38088,Eptesicus serotinus,0.007,0.023,-1,Echolocation,/mnt/ubna_data_02_mir/recover-20221013/UBNA_001/20221012_030000.WAV,Telephone Field,recover-20221013,001,1795
674.9605,675.0014,68437,82092,Rhinolophus ferrumequinum,0.025,0.025,-1,Echolocation,/mnt/ubna_data_02_mir/recover-20221013/UBNA_001/20221012_030000.WAV,Telephone Field,recover-20221013,001,1795
674.9785,674.9893,22890,28014,Nyctalus leisleri,0.013,0.027,-1,Echolocation,/mnt/ubna_data_02_mir/recover-20221013/UBNA_001/20221012_030000.WAV,Telephone Field,recover-20221013,001,1795
674.9835,675.0241,68437,83209,Rhinolophus ferrumequinum,0.032,0.032,-1,Echolocation,/mnt/ubna_data_02_mir/recover-20221013/UBNA_001/20221012_030000.WAV,Telephone Field,recover-20221013,001,1795
674.9985,675.0402,68437,82836,Rhinolophus ferrumequinum,0.023,0.023,-1,Echolocation,/mnt/ubna_data_02_mir/recover-20221013/UBNA_001/20221012_030000.WAV,Telephone Field,recover-20221013,001,1795
675.0305,675.0684,68437,81811,Rhinolophus ferrumequinum,0.026,0.026,-1,Echolocation,/mnt/ubna_data_02_mir/recover-20221013/UBNA_001/20221012_030000.WAV,Telephone Field,recover-20221013,001,1795
675.0425,675.0515,26328,35293,Eptesicus serotinus,0.012,0.029,-1,Echolocation,/mnt/ubna_data_02_mir/recover-20221013/UBNA_001/20221012_030000.WAV,Telephone Field,recover-20221013,001,1795
675.0635,675.0723,27187,37491,Eptesicus serotinus,0.008,0.022,-1,Echolocation,/mnt/ubna_data_02_mir/recover-20221013/UBNA_001/20221012_030000.WAV,Telephone Field,recover-20221013,001,1795
675.0665,675.0779,22890,28083,Nyctalus leisleri,0.011,0.023,-1,Echolocation,/mnt/ubna_data_02_mir/recover-20221013/UBNA_001/20221012_030000.WAV,Telephone Field,recover-20221013,001,1795
675.0675,675.0752,44375,48690,Pipistrellus pipistrellus,0.022,0.024,-1,Echolocation,/mnt/ubna_data_02_mir/recover-20221013/UBNA_001/20221012_030000.WAV,Telephone Field,recover-20221013,001,1795
675.0805,675.1163,68437,81736,Rhinolophus ferrumequinum,0.024,0.024,-1,Echolocation,/mnt/ubna_data_02_mir/recover-20221013/UBNA_001/20221012_030000.WAV,Telephone Field,recover-20221013,001,1795
675.0925,675.1029,22890,28636,Nyctalus leisleri,0.01,0.025,-1,Echolocation,/mnt/ubna_data_02_mir/recover-20221013/UBNA_001/20221012_030000.WAV,Telephone Field,recover-20221013,001,1795
675.1055,675.1135,28046,36670,Eptesicus serotinus,0.007,0.023,-1,Echolocation,/mnt/ubna_data_02_mir/recover-20221013/UBNA_001/20221012_030000.WAV,Telephone Field,recover-20221013,001,1795
675.1065,675.1416,68437,81373,Rhinolophus ferrumequinum,0.022,0.022,-1,Echolocation,/mnt/ubna_data_02_mir/recover-20221013/UBNA_001/20221012_030000.WAV,Telephone Field,recover-20221013,001,1795
675.1315,675.1707,68437,82429,Rhinolophus ferrumequinum,0.023,0.023,-1,Echolocation,/mnt/ubna_data_02_mir/recover-20221013/UBNA_001/20221012_030000.WAV,Telephone Field,recover-20221013,001,1795
675.1365,675.1451,49531,55468,Pipistrellus pipistrellus,0.026,0.029,-1,Echolocation,/mnt/ubna_data_02_mir/recover-20221013/UBNA_001/20221012_030000.WAV,Telephone Field,recover-20221013,001,1795
675.1455,675.1792,68437,81286,Rhinolophus ferrumequinum,0.025,0.025,-1,Echolocation,/mnt/ubna_data_02_mir/recover-20221013/UBNA_001/20221012_030000.WAV,Telephone Field,recover-20221013,001,1795
675.1635,675.1709,27187,42440,Eptesicus serotinus,0.007,0.024,-1,Echolocation,/mnt/ubna_data_02_mir/recover-20221013/UBNA_001/20221012_030000.WAV,Telephone Field,recover-20221013,001,1795
675.1775,675.2171,68437,82262,Rhinolophus ferrumequinum,0.028,0.028,-1,Echolocation,/mnt/ubna_data_02_mir/recover-20221013/UBNA_001/20221012_030000.WAV,Telephone Field,recover-20221013,001,1795
675.1855,675.1926,28046,44076,Eptesicus serotinus,0.008,0.024,-1,Echolocation,/mnt/ubna_data_02_mir/recover-20221013/UBNA_001/20221012_030000.WAV,Telephone Field,recover-20221013,001,1795
675.2055,675.2443,68437,82085,Rhinolophus ferrumequinum,0.023,0.023,-1,Echolocation,/mnt/ubna_data_02_mir/recover-20221013/UBNA_001/20221012_030000.WAV,Telephone Field,recover-20221013,001,1795
675.2055,675.2127,30625,49314,Myotis daubentonii,0.008,0.023,-1,Echolocation,/mnt/ubna_data_02_mir/recover-20221013/UBNA_001/20221012_030000.WAV,Telephone Field,recover-20221013,001,1795
675.2115,675.2469,68437,81738,Rhinolophus ferrumequinum,0.021,0.021,-1,Echolocation,/mnt/ubna_data_02_mir/recover-20221013/UBNA_001/20221012_030000.WAV,Telephone Field,recover-20221013,001,1795
675.2335,675.2737,68437,82858,Rhinolophus ferrumequinum,0.021,0.021,-1,Echolocation,/mnt/ubna_data_02_mir/recover-20221013/UBNA_001/20221012_030000.WAV,Telephone Field,recover-20221013,001,1795
675.2425,675.2837,68437,82397,Rhinolophus ferrumequinum,0.022,0.022,-1,Echolocation,/mnt/ubna_data_02_mir/recover-20221013/UBNA_001/20221012_030000.WAV,Telephone Field,recover-20221013,001,1795
675.2595,675.2703,23750,30687,Nyctalus leisleri,0.017,0.051,-1,Echolocation,/mnt/ubna_data_02_mir/recover-20221013/UBNA_001/20221012_030000.WAV,Telephone Field,recover-20221013,001,1795
675.2785,675.2869,27187,38519,Eptesicus serotinus,0.008,0.022,-1,Echolocation,/mnt/ubna_data_02_mir/recover-20221013/UBNA_001/20221012_030000.WAV,Telephone Field,recover-20221013,001,1795
675.2875,675.3253,68437,82213,Rhinolophus ferrumequinum,0.023,0.023,-1,Echolocation,/mnt/ubna_data_02_mir/recover-20221013/UBNA_001/20221012_030000.WAV,Telephone Field,recover-20221013,001,1795
675.3475,675.3557,26328,34577,Eptesicus serotinus,0.008,0.029,-1,Echolocation,/mnt/ubna_data_02_mir/recover-20221013/UBNA_001/20221012_030000.WAV,Telephone Field,recover-20221013,001,1795
675.3515,675.391,68437,82333,Rhinolophus ferrumequinum,0.023,0.023,-1,Echolocation,/mnt/ubna_data_02_mir/recover-20221013/UBNA_001/20221012_030000.WAV,Telephone Field,recover-20221013,001,1795
675.3565,675.3712,15156,20402,Nyctalus noctula,0.018,0.027,-1,Echolocation,/mnt/ubna_data_02_mir/recover-20221013/UBNA_001/20221012_030000.WAV,Telephone Field,recover-20221013,001,1795
675.3735,675.4124,68437,82204,Rhinolophus ferrumequinum,0.025,0.025,-1,Echolocation,/mnt/ubna_data_02_mir/recover-20221013/UBNA_001/20221012_030000.WAV,Telephone Field,recover-20221013,001,1795
675.4035,675.4402,68437,80968,Rhinolophus ferrumequinum,0.021,0.021,-1,Echolocation,/mnt/ubna_data_02_mir/recover-20221013/UBNA_001/20221012_030000.WAV,Telephone Field,recover-20221013,001,1795
675.4405,675.4483,28046,40794,Eptesicus serotinus,0.008,0.028,-1,Echolocation,/mnt/ubna_data_02_mir/recover-20221013/UBNA_001/20221012_030000.WAV,Telephone Field,recover-20221013,001,1795
675.4415,675.4813,68437,82709,Rhinolophus ferrumequinum,0.022,0.022,-1,Echolocation,/mnt/ubna_data_02_mir/recover-20221013/UBNA_001/20221012_030000.WAV,Telephone Field,recover-20221013,001,1795
675.4935,675.5339,68437,82291,Rhinolophus ferrumequinum,0.024,0.024,-1,Echolocation,/mnt/ubna_data_02_mir/recover-20221013/UBNA_001/20221012_030000.WAV,Telephone Field,recover-20221013,001,1795
675.5005,675.5387,68437,82243,Rhinolophus ferrumequinum,0.021,0.021,-1,Echolocation,/mnt/ubna_data_02_mir/recover-20221013/UBNA_001/20221012_030000.WAV,Telephone Field,recover-20221013,001,1795
675.5035,675.5133,22890,28966,Nyctalus leisleri,0.009,0.022,-1,Echolocation,/mnt/ubna_data_02_mir/recover-20221013/UBNA_001/20221012_030000.WAV,Telephone Field,recover-20221013,001,1795
675.5265,675.5658,68437,81922,Rhinolophus ferrumequinum,0.022,0.022,-1,Echolocation,/mnt/ubna_data_02_mir/recover-20221013/UBNA_001/20221012_030000.WAV,Telephone Field,recover-20221013,001,1795
675.5385,675.5773,68437,82160,Rhinolophus ferrumequinum,0.026,0.026,-1,Echolocation,/mnt/ubna_data_02_mir/recover-20221013/UBNA_001/20221012_030000.WAV,Telephone Field,recover-20221013,001,1795
675.5815,675.6154,68437,80710,Rhinolophus ferrumequinum,0.022,0.022,-1,Echolocation,/mnt/ubna_data_02_mir/recover-20221013/UBNA_001/20221012_030000.WAV,Telephone Field,recover-20221013,001,1795
675.6105,675.646,68437,81809,Rhinolophus ferrumequinum,0.022,0.022,-1,Echolocation,/mnt/ubna_data_02_mir/recover-20221013/UBNA_001/20221012_030000.WAV,Telephone Field,recover-20221013,001,1795
675.6115,675.6206,24609,32665,Eptesicus serotinus,0.007,0.022,-1,Echolocation,/mnt/ubna_data_02_mir/recover-20221013/UBNA_001/20221012_030000.WAV,Telephone Field,recover-20221013,001,1795
675.6485,675.6918000000001,68437,83755,Rhinolophus ferrumequinum,0.034,0.034,-1,Echolocation,/mnt/ubna_data_02_mir/recover-20221013/UBNA_001/20221012_030000.WAV,Telephone Field,recover-20221013,001,1795
675.6745,675.6805,27187,40654,Eptesicus serotinus,0.006,0.026,-1,Echolocation,/mnt/ubna_data_02_mir/recover-20221013/UBNA_001/20221012_030000.WAV,Telephone Field,recover-20221013,001,1795
675.6855,675.7262,68437,82853,Rhinolophus ferrumequinum,0.028,0.028,-1,Echolocation,/mnt/ubna_data_02_mir/recover-20221013/UBNA_001/20221012_030000.WAV,Telephone Field,recover-20221013,001,1795
675.6855,675.6936,45234,54353,Pipistrellus pipistrellus,0.013,0.026,-1,Echolocation,/mnt/ubna_data_02_mir/recover-20221013/UBNA_001/20221012_030000.WAV,Telephone Field,recover-20221013,001,1795
675.7535,675.7923,68437,82230,Rhinolophus ferrumequinum,0.026,0.026,-1,Echolocation,/mnt/ubna_data_02_mir/recover-20221013/UBNA_001/20221012_030000.WAV,Telephone Field,recover-20221013,001,1795
675.7655,675.7744,28046,39409,Eptesicus serotinus,0.01,0.026,-1,Echolocation,/mnt/ubna_data_02_mir/recover-20221013/UBNA_001/20221012_030000.WAV,Telephone Field,recover-20221013,001,1795
675.7755,675.7885,26328,32633,Eptesicus serotinus,0.016,0.033,-1,Echolocation,/mnt/ubna_data_02_mir/recover-20221013/UBNA_001/20221012_030000.WAV,Telephone Field,recover-20221013,001,1795
675.8015,675.8396,68437,82527,Rhinolophus ferrumequinum,0.022,0.022,-1,Echolocation,/mnt/ubna_data_02_mir/recover-20221013/UBNA_001/20221012_030000.WAV,Telephone Field,recover-20221013,001,1795
675.8095,675.8513,68437,82478,Rhinolophus ferrumequinum,0.022,0.022,-1,Echolocation,/mnt/ubna_data_02_mir/recover-20221013/UBNA_001/20221012_030000.WAV,Telephone Field,recover-20221013,001,1795
675.8135,675.8219,30625,39031,Myotis daubentonii,0.008,0.023,-1,Echolocation,/mnt/ubna_data_02_mir/recover-20221013/UBNA_001/20221012_030000.WAV,Telephone Field,recover-20221013,001,1795
675.8315,675.8705,68437,81943,Rhinolophus ferrumequinum,0.023,0.023,-1,Echolocation,/mnt/ubna_data_02_mir/recover-20221013/UBNA_001/20221012_030000.WAV,Telephone Field,recover-20221013,001,1795
675.8355,675.8453,28046,39945,Eptesicus serotinus,0.012,0.026,-1,Echolocation,/mnt/ubna_data_02_mir/recover-20221013/UBNA_001/20221012_030000.WAV,Telephone Field,recover-20221013,001,1795
675.8885,675.929,68437,82508,Rhinolophus ferrumequinum,0.022,0.022,-1,Echolocation,/mnt/ubna_data_02_mir/recover-20221013/UBNA_001/20221012_030000.WAV,Telephone Field,recover-20221013,001,1795
675.9095,675.947,68437,82040,Rhinolophus ferrumequinum,0.028,0.028,-1,Echolocation,/mnt/ubna_data_02_mir/recover-20221013/UBNA_001/20221012_030000.WAV,Telephone Field,recover-20221013,001,1795
675.9095,675.918,27187,35578,Eptesicus serotinus,0.013,0.03,-1,Echolocation,/mnt/ubna_data_02_mir/recover-20221013/UBNA_001/20221012_030000.WAV,Telephone Field,recover-20221013,001,1795
675.9485,675.987,68437,82904,Rhinolophus ferrumequinum,0.022,0.022,-1,Echolocation,/mnt/ubna_data_02_mir/recover-20221013/UBNA_001/20221012_030000.WAV,Telephone Field,recover-20221013,001,1795
675.9635,675.9736,22890,29424,Nyctalus leisleri,0.009,0.025,-1,Echolocation,/mnt/ubna_data_02_mir/recover-20221013/UBNA_001/20221012_030000.WAV,Telephone Field,recover-20221013,001,1795
676.0015,676.0101,26328,35832,Nyctalus leisleri,0.007,0.028,-1,Echolocation,/mnt/ubna_data_02_mir/recover-20221013/UBNA_001/20221012_030000.WAV,Telephone Field,recover-20221013,001,1795
676.0015,676.0116,48671,55948,Pipistrellus pipistrellus,0.015,0.022,-1,Echolocation,/mnt/ubna_data_02_mir/recover-20221013/UBNA_001/20221012_030000.WAV,Telephone Field,recover-20221013,001,1795
676.0015,676.0344,68437,79882,Rhinolophus ferrumequinum,0.054,0.054,-1,Echolocation,/mnt/ubna_data_02_mir/recover-20221013/UBNA_001/20221012_030000.WAV,Telephone Field,recover-20221013,001,1795
676.0395,676.0794,68437,82220,Rhinolophus ferrumequinum,0.021,0.021,-1,Echolocation,/mnt/ubna_data_02_mir/recover-20221013/UBNA_001/20221012_030000.WAV,Telephone Field,recover-20221013,001,1795
676.0705,676.0778,45234,53963,Pipistrellus pipistrellus,0.016,0.021,-1,Echolocation,/mnt/ubna_data_02_mir/recover-20221013/UBNA_001/20221012_030000.WAV,Telephone Field,recover-20221013,001,1795
676.0745,676.1153,68437,82490,Rhinolophus ferrumequinum,0.024,0.024,-1,Echolocation,/mnt/ubna_data_02_mir/recover-20221013/UBNA_001/20221012_030000.WAV,Telephone Field,recover-20221013,001,1795
676.0845,676.0931,25468,33582,Eptesicus serotinus,0.008,0.021,-1,Echolocation,/mnt/ubna_data_02_mir/recover-20221013/UBNA_001/20221012_030000.WAV,Telephone Field,recover-20221013,001,1795
676.1105,676.1499,68437,82547,Rhinolophus ferrumequinum,0.021,0.021,-1,Echolocation,/mnt/ubna_data_02_mir/recover-20221013/UBNA_001/20221012_030000.WAV,Telephone Field,recover-20221013,001,1795
676.1115,676.1188,27187,38859,Eptesicus serotinus,0.006,0.024,-1,Echolocation,/mnt/ubna_data_02_mir/recover-20221013/UBNA_001/20221012_030000.WAV,Telephone Field,recover-20221013,001,1795
676.1215,676.1594,68437,81705,Rhinolophus ferrumequinum,0.022,0.022,-1,Echolocation,/mnt/ubna_data_02_mir/recover-20221013/UBNA_001/20221012_030000.WAV,Telephone Field,recover-20221013,001,1795
676.1435,676.1809,68437,81708,Rhinolophus ferrumequinum,0.021,0.021,-1,Echolocation,/mnt/ubna_data_02_mir/recover-20221013/UBNA_001/20221012_030000.WAV,Telephone Field,recover-20221013,001,1795
676.1685,676.2099,68437,82386,Rhinolophus ferrumequinum,0.029,0.029,-1,Echolocation,/mnt/ubna_data_02_mir/recover-20221013/UBNA_001/20221012_030000.WAV,Telephone Field,recover-20221013,001,1795
676.2125,676.2228,22031,26329,Nyctalus leisleri,0.011,0.02,-1,Echolocation,/mnt/ubna_data_02_mir/recover-20221013/UBNA_001/20221012_030000.WAV,Telephone Field,recover-20221013,001,1795
676.2455,676.2525,28046,40952,Eptesicus serotinus,0.006,0.022,-1,Echolocation,/mnt/ubna_data_02_mir/recover-20221013/UBNA_001/20221012_030000.WAV,Telephone Field,recover-20221013,001,1795
676.2785,676.318,68437,82842,Rhinolophus ferrumequinum,0.025,0.025,-1,Echolocation,/mnt/ubna_data_02_mir/recover-20221013/UBNA_001/20221012_030000.WAV,Telephone Field,recover-20221013,001,1795
676.2945,676.3022,28906,40433,Eptesicus serotinus,0.007,0.024,-1,Echolocation,/mnt/ubna_data_02_mir/recover-20221013/UBNA_001/20221012_030000.WAV,Telephone Field,recover-20221013,001,1795
676.3105,676.3518,68437,82402,Rhinolophus ferrumequinum,0.023,0.023,-1,Echolocation,/mnt/ubna_data_02_mir/recover-20221013/UBNA_001/20221012_030000.WAV,Telephone Field,recover-20221013,001,1795
676.3605,676.4011,68437,81938,Rhinolophus ferrumequinum,0.022,0.022,-1,Echolocation,/mnt/ubna_data_02_mir/recover-20221013/UBNA_001/20221012_030000.WAV,Telephone Field,recover-20221013,001,1795
676.3745,676.414,68437,81710,Rhinolophus ferrumequinum,0.025,0.025,-1,Echolocation,/mnt/ubna_data_02_mir/recover-20221013/UBNA_001/20221012_030000.WAV,Telephone Field,recover-20221013,001,1795
676.3745,676.3826,26328,34532,Eptesicus serotinus,0.008,0.022,-1,Echolocation,/mnt/ubna_data_02_mir/recover-20221013/UBNA_001/20221012_030000.WAV,Telephone Field,recover-20221013,001,1795
676.3885,676.3988,22031,26700,Nyctalus leisleri,0.01,0.022,-1,Echolocation,/mnt/ubna_data_02_mir/recover-20221013/UBNA_001/20221012_030000.WAV,Telephone Field,recover-20221013,001,1795
676.3995,676.4405,68437,82645,Rhinolophus ferrumequinum,0.022,0.022,-1,Echolocation,/mnt/ubna_data_02_mir/recover-20221013/UBNA_001/20221012_030000.WAV,Telephone Field,recover-20221013,001,1795
676.4025,676.4095,28046,38678,Eptesicus serotinus,0.006,0.021,-1,Echolocation,/mnt/ubna_data_02_mir/recover-20221013/UBNA_001/20221012_030000.WAV,Telephone Field,recover-20221013,001,1795
676.4445,676.4566,35781,40921,Pipistrellus nathusii,0.03,0.058,-1,Echolocation,/mnt/ubna_data_02_mir/recover-20221013/UBNA_001/20221012_030000.WAV,Telephone Field,recover-20221013,001,1795
676.4625,676.4986,68437,81720,Rhinolophus ferrumequinum,0.022,0.022,-1,Echolocation,/mnt/ubna_data_02_mir/recover-20221013/UBNA_001/20221012_030000.WAV,Telephone Field,recover-20221013,001,1795
676.4835,676.4926,25468,33516,Eptesicus serotinus,0.008,0.025,-1,Echolocation,/mnt/ubna_data_02_mir/recover-20221013/UBNA_001/20221012_030000.WAV,Telephone Field,recover-20221013,001,1795
676.4995,676.5363,68437,81803,Rhinolophus ferrumequinum,0.023,0.023,-1,Echolocation,/mnt/ubna_data_02_mir/recover-20221013/UBNA_001/20221012_030000.WAV,Telephone Field,recover-20221013,001,1795
676.4995,676.5067,28906,38954,Eptesicus serotinus,0.008,0.027,-1,Echolocation,/mnt/ubna_data_02_mir/recover-20221013/UBNA_001/20221012_030000.WAV,Telephone Field,recover-20221013,001,1795
676.5205,676.5575,68437,82248,Rhinolophus ferrumequinum,0.022,0.022,-1,Echolocation,/mnt/ubna_data_02_mir/recover-20221013/UBNA_001/20221012_030000.WAV,Telephone Field,recover-20221013,001,1795
676.5305,676.5395,28046,40932,Eptesicus serotinus,0.009,0.023,-1,Echolocation,/mnt/ubna_data_02_mir/recover-20221013/UBNA_001/20221012_030000.WAV,Telephone Field,recover-20221013,001,1795
676.5485,676.5577,26328,36955,Eptesicus serotinus,0.008,0.021,-1,Echolocation,/mnt/ubna_data_02_mir/recover-20221013/UBNA_001/20221012_030000.WAV,Telephone Field,recover-20221013,001,1795
676.5815,676.6184,68437,81500,Rhinolophus ferrumequinum,0.02,0.021,-1,Echolocation,/mnt/ubna_data_02_mir/recover-20221013/UBNA_001/20221012_030000.WAV,Telephone Field,recover-20221013,001,1795
676.6125,676.6498,68437,81388,Rhinolophus ferrumequinum,0.024,0.024,-1,Echolocation,/mnt/ubna_data_02_mir/recover-20221013/UBNA_001/20221012_030000.WAV,Telephone Field,recover-20221013,001,1795
676.6155,676.6305,22031,26086,Nyctalus leisleri,0.013,0.023,-1,Echolocation,/mnt/ubna_data_02_mir/recover-20221013/UBNA_001/20221012_030000.WAV,Telephone Field,recover-20221013,001,1795
676.6215,676.6323,24609,30176,Nyctalus leisleri,0.011,0.025,-1,Echolocation,/mnt/ubna_data_02_mir/recover-20221013/UBNA_001/20221012_030000.WAV,Telephone Field,recover-20221013,001,1795
676.6445,676.6844,68437,82285,Rhinolophus ferrumequinum,0.021,0.021,-1,Echolocation,/mnt/ubna_data_02_mir/recover-20221013/UBNA_001/20221012_030000.WAV,Telephone Field,recover-20221013,001,1795
676.6555,676.6659,22890,28801,Nyctalus leisleri,0.01,0.024,-1,Echolocation,/mnt/ubna_data_02_mir/recover-20221013/UBNA_001/20221012_030000.WAV,Telephone Field,recover-20221013,001,1795
676.6635,676.7023,68437,81931,Rhinolophus ferrumequinum,0.023,0.023,-1,Echolocation,/mnt/ubna_data_02_mir/recover-20221013/UBNA_001/20221012_030000.WAV,Telephone Field,recover-20221013,001,1795
676.6715,676.7123,68437,83228,Rhinolophus ferrumequinum,0.03,0.03,-1,Echolocation,/mnt/ubna_data_02_mir/recover-20221013/UBNA_001/20221012_030000.WAV,Telephone Field,recover-20221013,001,1795
676.7135,676.7532,68437,82060,Rhinolophus ferrumequinum,0.022,0.022,-1,Echolocation,/mnt/ubna_data_02_mir/recover-20221013/UBNA_001/20221012_030000.WAV,Telephone Field,recover-20221013,001,1795
676.7225,676.7301,27187,39224,Eptesicus serotinus,0.008,0.024,-1,Echolocation,/mnt/ubna_data_02_mir/recover-20221013/UBNA_001/20221012_030000.WAV,Telephone Field,recover-20221013,001,1795
676.7635,676.7995,68437,81979,Rhinolophus ferrumequinum,0.025,0.025,-1,Echolocation,/mnt/ubna_data_02_mir/recover-20221013/UBNA_001/20221012_030000.WAV,Telephone Field,recover-20221013,001,1795
676.7715,676.7814,26328,34273,Eptesicus serotinus,0.012,0.029,-1,Echolocation,/mnt/ubna_data_02_mir/recover-20221013/UBNA_001/20221012_030000.WAV,Telephone Field,recover-20221013,001,1795
676.7785,676.8137,68437,81444,Rhinolophus ferrumequinum,0.021,0.021,-1,Echolocation,/mnt/ubna_data_02_mir/recover-20221013/UBNA_001/20221012_030000.WAV,Telephone Field,recover-20221013,001,1795
676.7855,676.7948,28046,36835,Eptesicus serotinus,0.01,0.026,-1,Echolocation,/mnt/ubna_data_02_mir/recover-20221013/UBNA_001/20221012_030000.WAV,Telephone Field,recover-20221013,001,1795
676.8075,676.8452,68437,81566,Rhinolophus ferrumequinum,0.021,0.021,-1,Echolocation,/mnt/ubna_data_02_mir/recover-20221013/UBNA_001/20221012_030000.WAV,Telephone Field,recover-20221013,001,1795
676.8255,676.8637,68437,82352,Rhinolophus ferrumequinum,0.024,0.024,-1,Echolocation,/mnt/ubna_data_02_mir/recover-20221013/UBNA_001/20221012_030000.WAV,Telephone Field,recover-20221013,001,1795
676.8515,676.8906,68437,82675,Rhinolophus ferrumequinum,0.027,0.027,-1,Echolocation,/mnt/ubna_data_02_mir/recover-20221013/UBNA_001/20221012_030000.WAV,Telephone Field,recover-20221013,001,1795
676.8795,676.8886,28906,37309,Eptesicus serotinus,0.008,0.023,-1,Echolocation,/mnt/ubna_data_02_mir/recover-20221013/UBNA_001/20221012_030000.WAV,Telephone Field,recover-20221013,001,1795
676.8865,676.9228,68437,80697,Rhinolophus ferrumequinum,0.024,0.024,-1,Echolocation,/mnt/ubna_data_02_mir/recover-20221013/UBNA_001/20221012_030000.WAV,Telephone Field,recover-20221013,001,1795
676.9025,676.9407,68437,82086,Rhinolophus ferrumequinum,0.021,0.021,-1,Echolocation,/mnt/ubna_data_02_mir/recover-20221013/UBNA_001/20221012_030000.WAV,Telephone Field,recover-20221013,001,1795
676.9605,676.9974,68437,82123,Rhinolophus ferrumequinum,0.022,0.022,-1,Echolocation,/mnt/ubna_data_02_mir/recover-20221013/UBNA_001/20221012_030000.WAV,Telephone Field,recover-20221013,001,1795
676.9915,677.0284,68437,81647,Rhinolophus ferrumequinum,0.021,0.021,-1,Echolocation,/mnt/ubna_data_02_mir/recover-20221013/UBNA_001/20221012_030000.WAV,Telephone Field,recover-20221013,001,1795
676.9955,677.0085,32343,38047,Eptesicus serotinus,0.009,0.029,-1,Echolocation,/mnt/ubna_data_02_mir/recover-20221013/UBNA_001/20221012_030000.WAV,Telephone Field,recover-20221013,001,1795
677.0255,677.0373,37500,42593,Pipistrellus nathusii,0.019,0.029,-1,Echolocation,/mnt/ubna_data_02_mir/recover-20221013/UBNA_001/20221012_030000.WAV,Telephone Field,recover-20221013,001,1795
677.0315,677.0402,26328,37265,Eptesicus serotinus,0.008,0.021,-1,Echolocation,/mnt/ubna_data_02_mir/recover-20221013/UBNA_001/20221012_030000.WAV,Telephone Field,recover-20221013,001,1795
677.0805,677.1195,68437,83328,Rhinolophus ferrumequinum,0.024,0.024,-1,Echolocation,/mnt/ubna_data_02_mir/recover-20221013/UBNA_001/20221012_030000.WAV,Telephone Field,recover-20221013,001,1795
677.0915,677.0999,46093,50332,Pipistrellus pipistrellus,0.019,0.021,-1,Echolocation,/mnt/ubna_data_02_mir/recover-20221013/UBNA_001/20221012_030000.WAV,Telephone Field,recover-20221013,001,1795
677.1105,677.1474,68437,81823,Rhinolophus ferrumequinum,0.021,0.021,-1,Echolocation,/mnt/ubna_data_02_mir/recover-20221013/UBNA_001/20221012_030000.WAV,Telephone Field,recover-20221013,001,1795
677.1275,677.1611,68437,80903,Rhinolophus ferrumequinum,0.023,0.024,-1,Echolocation,/mnt/ubna_data_02_mir/recover-20221013/UBNA_001/20221012_030000.WAV,Telephone Field,recover-20221013,001,1795
677.1425,677.1528,29765,38006,Eptesicus serotinus,0.009,0.021,-1,Echolocation,/mnt/ubna_data_02_mir/recover-20221013/UBNA_001/20221012_030000.WAV,Telephone Field,recover-20221013,001,1795
677.1775,677.1855,23750,31633,Plecotus austriacus,0.008,0.02,-1,Echolocation,/mnt/ubna_data_02_mir/recover-20221013/UBNA_001/20221012_030000.WAV,Telephone Field,recover-20221013,001,1795
677.2055,677.2431,68437,82464,Rhinolophus ferrumequinum,0.024,0.024,-1,Echolocation,/mnt/ubna_data_02_mir/recover-20221013/UBNA_001/20221012_030000.WAV,Telephone Field,recover-20221013,001,1795
677.2155,677.2243,27187,36005,Eptesicus serotinus,0.008,0.02,-1,Echolocation,/mnt/ubna_data_02_mir/recover-20221013/UBNA_001/20221012_030000.WAV,Telephone Field,recover-20221013,001,1795
677.2515,677.2958,68437,83723,Rhinolophus ferrumequinum,0.044,0.044,-1,Echolocation,/mnt/ubna_data_02_mir/recover-20221013/UBNA_001/20221012_030000.WAV,Telephone Field,recover-20221013,001,1795
677.2595,677.2674,54687,60165,Pipistrellus pygmaeus,0.03,0.031,-1,Echolocation,/mnt/ubna_data_02_mir/recover-20221013/UBNA_001/20221012_030000.WAV,Telephone Field,recover-20221013,001,1795
677.2735,677.3128,68437,82001,Rhinolophus ferrumequinum,0.027,0.027,-1,Echolocation,/mnt/ubna_data_02_mir/recover-20221013/UBNA_001/20221012_030000.WAV,Telephone Field,recover-20221013,001,1795
677.2755,677.2854,28906,36695,Eptesicus serotinus,0.009,0.023,-1,Echolocation,/mnt/ubna_data_02_mir/recover-20221013/UBNA_001/20221012_030000.WAV,Telephone Field,recover-20221013,001,1795
677.2955,677.3364,68437,83387,Rhinolophus ferrumequinum,0.035,0.035,-1,Echolocation,/mnt/ubna_data_02_mir/recover-20221013/UBNA_001/20221012_030000.WAV,Telephone Field,recover-20221013,001,1795
677.3365,677.3759,68437,82292,Rhinolophus ferrumequinum,0.022,0.022,-1,Echolocation,/mnt/ubna_data_02_mir/recover-20221013/UBNA_001/20221012_030000.WAV,Telephone Field,recover-20221013,001,1795
677.3555,677.3929,68437,81822,Rhinolophus ferrumequinum,0.021,0.021,-1,Echolocation,/mnt/ubna_data_02_mir/recover-20221013/UBNA_001/20221012_030000.WAV,Telephone Field,recover-20221013,001,1795
677.4145,677.4483,68437,80520,Rhinolophus ferrumequinum,0.025,0.025,-1,Echolocation,/mnt/ubna_data_02_mir/recover-20221013/UBNA_001/20221012_030000.WAV,Telephone Field,recover-20221013,001,1795
677.4215,677.431,23750,30465,Nyctalus leisleri,0.007,0.021,-1,Echolocation,/mnt/ubna_data_02_mir/recover-20221013/UBNA_001/20221012_030000.WAV,Telephone Field,recover-20221013,001,1795
677.4425,677.4824,68437,82585,Rhinolophus ferrumequinum,0.032,0.032,-1,Echolocation,/mnt/ubna_data_02_mir/recover-20221013/UBNA_001/20221012_030000.WAV,Telephone Field,recover-20221013,001,1795
677.4475,677.455,22890,32590,Plecotus austriacus,0.014,0.03,-1,Echolocation,/mnt/ubna_data_02_mir/recover-20221013/UBNA_001/20221012_030000.WAV,Telephone Field,recover-20221013,001,1795
677.4585,677.4692,28046,37832,Eptesicus serotinus,0.01,0.022,-1,Echolocation,/mnt/ubna_data_02_mir/recover-20221013/UBNA_001/20221012_030000.WAV,Telephone Field,recover-20221013,001,1795
677.4625,677.5001,68437,81961,Rhinolophus ferrumequinum,0.022,0.022,-1,Echolocation,/mnt/ubna_data_02_mir/recover-20221013/UBNA_001/20221012_030000.WAV,Telephone Field,recover-20221013,001,1795
677.4785,677.5172,68437,82032,Rhinolophus ferrumequinum,0.033,0.033,-1,Echolocation,/mnt/ubna_data_02_mir/recover-20221013/UBNA_001/20221012_030000.WAV,Telephone Field,recover-20221013,001,1795
677.4895,677.503,23750,28977,Nyctalus leisleri,0.016,0.033,-1,Echolocation,/mnt/ubna_data_02_mir/recover-20221013/UBNA_001/20221012_030000.WAV,Telephone Field,recover-20221013,001,1795
677.5055,677.512,28046,44469,Eptesicus serotinus,0.008,0.03,-1,Echolocation,/mnt/ubna_data_02_mir/recover-20221013/UBNA_001/20221012_030000.WAV,Telephone Field,recover-20221013,001,1795
677.5195,677.5588,68437,82490,Rhinolophus ferrumequinum,0.022,0.022,-1,Echolocation,/mnt/ubna_data_02_mir/recover-20221013/UBNA_001/20221012_030000.WAV,Telephone Field,recover-20221013,001,1795
677.5305,677.5683,68437,82379,Rhinolophus ferrumequinum,0.021,0.021,-1,Echolocation,/mnt/ubna_data_02_mir/recover-20221013/UBNA_001/20221012_030000.WAV,Telephone Field,recover-20221013,001,1795
677.5545,677.5974,68437,83095,Rhinolophus ferrumequinum,0.033,0.033,-1,Echolocation,/mnt/ubna_data_02_mir/recover-20221013/UBNA_001/20221012_030000.WAV,Telephone Field,recover-20221013,001,1795
677.5705,677.5814,22031,26509,Nyctalus leisleri,0.011,0.021,-1,Echolocation,/mnt/ubna_data_02_mir/recover-20221013/UBNA_001/20221012_030000.WAV,Telephone Field,recover-20221013,001,1795
677.5965,677.6045,26328,37773,Eptesicus serotinus,0.006,0.021,-1,Echolocation,/mnt/ubna_data_02_mir/recover-20221013/UBNA_001/20221012_030000.WAV,Telephone Field,recover-20221013,001,1795
677.6325,677.6683,68437,81715,Rhinolophus ferrumequinum,0.021,0.021,-1,Echolocation,/mnt/ubna_data_02_mir/recover-20221013/UBNA_001/20221012_030000.WAV,Telephone Field,recover-20221013,001,1795
677.6915,677.7022,28046,35881,Eptesicus serotinus,0.016,0.032,-1,Echolocation,/mnt/ubna_data_02_mir/recover-20221013/UBNA_001/20221012_030000.WAV,Telephone Field,recover-20221013,001,1795
677.6935,677.7301,68437,81662,Rhinolophus ferrumequinum,0.029,0.029,-1,Echolocation,/mnt/ubna_data_02_mir/recover-20221013/UBNA_001/20221012_030000.WAV,Telephone Field,recover-20221013,001,1795
677.7375,677.7755,68437,82040,Rhinolophus ferrumequinum,0.021,0.021,-1,Echolocation,/mnt/ubna_data_02_mir/recover-20221013/UBNA_001/20221012_030000.WAV,Telephone Field,recover-20221013,001,1795
677.7435,677.754,23750,30443,Nyctalus leisleri,0.008,0.023,-1,Echolocation,/mnt/ubna_data_02_mir/recover-20221013/UBNA_001/20221012_030000.WAV,Telephone Field,recover-20221013,001,1795
677.7605,677.7968,68437,82257,Rhinolophus ferrumequinum,0.023,0.023,-1,Echolocation,/mnt/ubna_data_02_mir/recover-20221013/UBNA_001/20221012_030000.WAV,Telephone Field,recover-20221013,001,1795
677.7675,677.804,68437,82322,Rhinolophus ferrumequinum,0.021,0.021,-1,Echolocation,/mnt/ubna_data_02_mir/recover-20221013/UBNA_001/20221012_030000.WAV,Telephone Field,recover-20221013,001,1795
677.7875,677.7971,28046,38596,Eptesicus serotinus,0.008,0.021,-1,Echolocation,/mnt/ubna_data_02_mir/recover-20221013/UBNA_001/20221012_030000.WAV,Telephone Field,recover-20221013,001,1795
677.7985,677.8086,22890,28388,Nyctalus leisleri,0.01,0.022,-1,Echolocation,/mnt/ubna_data_02_mir/recover-20221013/UBNA_001/20221012_030000.WAV,Telephone Field,recover-20221013,001,1795
677.8165,677.8596,68437,83259,Rhinolophus ferrumequinum,0.064,0.064,-1,Echolocation,/mnt/ubna_data_02_mir/recover-20221013/UBNA_001/20221012_030000.WAV,Telephone Field,recover-20221013,001,1795
677.8275,677.8355,28906,36830,Eptesicus serotinus,0.006,0.021,-1,Echolocation,/mnt/ubna_data_02_mir/recover-20221013/UBNA_001/20221012_030000.WAV,Telephone Field,recover-20221013,001,1795
677.8415,677.8778,68437,81979,Rhinolophus ferrumequinum,0.022,0.022,-1,Echolocation,/mnt/ubna_data_02_mir/recover-20221013/UBNA_001/20221012_030000.WAV,Telephone Field,recover-20221013,001,1795
677.8625,677.8697,26328,42203,Eptesicus serotinus,0.007,0.026,-1,Echolocation,/mnt/ubna_data_02_mir/recover-20221013/UBNA_001/20221012_030000.WAV,Telephone Field,recover-20221013,001,1795
677.8935,677.9016,27187,41900,Eptesicus serotinus,0.008,0.022,-1,Echolocation,/mnt/ubna_data_02_mir/recover-20221013/UBNA_001/20221012_030000.WAV,Telephone Field,recover-20221013,001,1795
677.8965,677.9357,68437,82334,Rhinolophus ferrumequinum,0.035,0.035,-1,Echolocation,/mnt/ubna_data_02_mir/recover-20221013/UBNA_001/20221012_030000.WAV,Telephone Field,recover-20221013,001,1795
677.9235,677.9305,27187,39343,Eptesicus serotinus,0.006,0.021,-1,Echolocation,/mnt/ubna_data_02_mir/recover-20221013/UBNA_001/20221012_030000.WAV,Telephone Field,recover-20221013,001,1795
677.9795,677.9909,22890,28577,Nyctalus leisleri,0.014,0.031,-1,Echolocation,/mnt/ubna_data_02_mir/recover-20221013/UBNA_001/20221012_030000.WAV,Telephone Field,recover-20221013,001,1795
678.0015,678.0307,69296,81268,Rhinolophus ferrumequinum,0.027,0.027,-1,Echolocation,/mnt/ubna_data_02_mir/recover-20221013/UBNA_001/20221012_030000.WAV,Telephone Field,recover-20221013,001,1795
678.0015,678.0107,26328,33822,Nyctalus leisleri,0.007,0.024,-1,Echolocation,/mnt/ubna_data_02_mir/recover-20221013/UBNA_001/20221012_030000.WAV,Telephone Field,recover-20221013,001,1795
678.0135,678.057,68437,83691,Rhinolophus ferrumequinum,0.026,0.026,-1,Echolocation,/mnt/ubna_data_02_mir/recover-20221013/UBNA_001/20221012_030000.WAV,Telephone Field,recover-20221013,001,1795
678.0225,678.0322,27187,34485,Eptesicus serotinus,0.014,0.028,-1,Echolocation,/mnt/ubna_data_02_mir/recover-20221013/UBNA_001/20221012_030000.WAV,Telephone Field,recover-20221013,001,1795
678.0345,678.075,68437,83408,Rhinolophus ferrumequinum,0.026,0.026,-1,Echolocation,/mnt/ubna_data_02_mir/recover-20221013/UBNA_001/20221012_030000.WAV,Telephone Field,recover-20221013,001,1795
678.0465,678.0863,68437,81938,Rhinolophus ferrumequinum,0.023,0.023,-1,Echolocation,/mnt/ubna_data_02_mir/recover-20221013/UBNA_001/20221012_030000.WAV,Telephone Field,recover-20221013,001,1795
678.0845,678.1212,68437,81856,Rhinolophus ferrumequinum,0.025,0.025,-1,Echolocation,/mnt/ubna_data_02_mir/recover-20221013/UBNA_001/20221012_030000.WAV,Telephone Field,recover-20221013,001,1795
678.1075,678.1481,68437,82890,Rhinolophus ferrumequinum,0.032,0.032,-1,Echolocation,/mnt/ubna_data_02_mir/recover-20221013/UBNA_001/20221012_030000.WAV,Telephone Field,recover-20221013,001,1795
678.1105,678.119,26328,36412,Eptesicus serotinus,0.01,0.026,-1,Echolocation,/mnt/ubna_data_02_mir/recover-20221013/UBNA_001/20221012_030000.WAV,Telephone Field,recover-20221013,001,1795
678.1485,678.1579,44375,53257,Pipistrellus pipistrellus,0.017,0.025,-1,Echolocation,/mnt/ubna_data_02_mir/recover-20221013/UBNA_001/20221012_030000.WAV,Telephone Field,recover-20221013,001,1795
678.1485,678.1913,68437,83054,Rhinolophus ferrumequinum,0.035,0.035,-1,Echolocation,/mnt/ubna_data_02_mir/recover-20221013/UBNA_001/20221012_030000.WAV,Telephone Field,recover-20221013,001,1795
678.1625,678.1735,22890,27449,Nyctalus leisleri,0.011,0.022,-1,Echolocation,/mnt/ubna_data_02_mir/recover-20221013/UBNA_001/20221012_030000.WAV,Telephone Field,recover-20221013,001,1795
678.1765,678.2143,68437,81095,Rhinolophus ferrumequinum,0.021,0.021,-1,Echolocation,/mnt/ubna_data_02_mir/recover-20221013/UBNA_001/20221012_030000.WAV,Telephone Field,recover-20221013,001,1795
678.2085,678.2488,68437,82123,Rhinolophus ferrumequinum,0.024,0.024,-1,Echolocation,/mnt/ubna_data_02_mir/recover-20221013/UBNA_001/20221012_030000.WAV,Telephone Field,recover-20221013,001,1795
678.2255,678.234,24609,33115,Eptesicus serotinus,0.006,0.023,-1,Echolocation,/mnt/ubna_data_02_mir/recover-20221013/UBNA_001/20221012_030000.WAV,Telephone Field,recover-20221013,001,1795
678.2425,678.2796,68437,81379,Rhinolophus ferrumequinum,0.022,0.022,-1,Echolocation,/mnt/ubna_data_02_mir/recover-20221013/UBNA_001/20221012_030000.WAV,Telephone Field,recover-20221013,001,1795
678.3325,678.3412,51250,57309,Pipistrellus pipistrellus,0.017,0.023,-1,Echolocation,/mnt/ubna_data_02_mir/recover-20221013/UBNA_001/20221012_030000.WAV,Telephone Field,recover-20221013,001,1795
678.3325,678.3679,68437,81251,Rhinolophus ferrumequinum,0.021,0.021,-1,Echolocation,/mnt/ubna_data_02_mir/recover-20221013/UBNA_001/20221012_030000.WAV,Telephone Field,recover-20221013,001,1795
678.3605,678.4006,68437,82008,Rhinolophus ferrumequinum,0.023,0.023,-1,Echolocation,/mnt/ubna_data_02_mir/recover-20221013/UBNA_001/20221012_030000.WAV,Telephone Field,recover-20221013,001,1795
678.3865,678.3942,42656,55030,Myotis mystacinus,0.006,0.025,-1,Echolocation,/mnt/ubna_data_02_mir/recover-20221013/UBNA_001/20221012_030000.WAV,Telephone Field,recover-20221013,001,1795
678.4405,678.4775,68437,82080,Rhinolophus ferrumequinum,0.021,0.021,-1,Echolocation,/mnt/ubna_data_02_mir/recover-20221013/UBNA_001/20221012_030000.WAV,Telephone Field,recover-20221013,001,1795
678.4565,678.4675,23750,29779,Nyctalus leisleri,0.013,0.031,-1,Echolocation,/mnt/ubna_data_02_mir/recover-20221013/UBNA_001/20221012_030000.WAV,Telephone Field,recover-20221013,001,1795
678.4805,678.4877,24609,33371,Plecotus austriacus,0.009,0.024,-1,Echolocation,/mnt/ubna_data_02_mir/recover-20221013/UBNA_001/20221012_030000.WAV,Telephone Field,recover-20221013,001,1795
678.5335,678.5711,68437,82172,Rhinolophus ferrumequinum,0.022,0.022,-1,Echolocation,/mnt/ubna_data_02_mir/recover-20221013/UBNA_001/20221012_030000.WAV,Telephone Field,recover-20221013,001,1795
678.6205,678.6535,68437,81368,Rhinolophus ferrumequinum,0.021,0.022,-1,Echolocation,/mnt/ubna_data_02_mir/recover-20221013/UBNA_001/20221012_030000.WAV,Telephone Field,recover-20221013,001,1795
678.6295,678.6623,68437,80901,Rhinolophus ferrumequinum,0.022,0.022,-1,Echolocation,/mnt/ubna_data_02_mir/recover-20221013/UBNA_001/20221012_030000.WAV,Telephone Field,recover-20221013,001,1795
678.6435,678.6553,28906,35855,Eptesicus serotinus,0.012,0.025,-1,Echolocation,/mnt/ubna_data_02_mir/recover-20221013/UBNA_001/20221012_030000.WAV,Telephone Field,recover-20221013,001,1795
678.6915,678.7315,68437,82492,Rhinolophus ferrumequinum,0.032,0.032,-1,Echolocation,/mnt/ubna_data_02_mir/recover-20221013/UBNA_001/20221012_030000.WAV,Telephone Field,recover-20221013,001,1795
678.7695,678.7809,39218,43989,Pipistrellus nathusii,0.009,0.021,-1,Echolocation,/mnt/ubna_data_02_mir/recover-20221013/UBNA_001/20221012_030000.WAV,Telephone Field,recover-20221013,001,1795
678.7835,678.8237,68437,82752,Rhinolophus ferrumequinum,0.024,0.024,-1,Echolocation,/mnt/ubna_data_02_mir/recover-20221013/UBNA_001/20221012_030000.WAV,Telephone Field,recover-20221013,001,1795
678.7965,678.8069,22890,28819,Nyctalus leisleri,0.008,0.022,-1,Echolocation,/mnt/ubna_data_02_mir/recover-20221013/UBNA_001/20221012_030000.WAV,Telephone Field,recover-20221013,001,1795
678.8635,678.8713,23750,31520,Plecotus austriacus,0.008,0.021,-1,Echolocation,/mnt/ubna_data_02_mir/recover-20221013/UBNA_001/20221012_030000.WAV,Telephone Field,recover-20221013,001,1795
678.8955,678.9066,23750,29384,Nyctalus leisleri,0.011,0.027,-1,Echolocation,/mnt/ubna_data_02_mir/recover-20221013/UBNA_001/20221012_030000.WAV,Telephone Field,recover-20221013,001,1795
678.9215,678.9611,68437,82681,Rhinolophus ferrumequinum,0.023,0.023,-1,Echolocation,/mnt/ubna_data_02_mir/recover-20221013/UBNA_001/20221012_030000.WAV,Telephone Field,recover-20221013,001,1795
678.9465,678.9858,68437,82146,Rhinolophus ferrumequinum,0.021,0.021,-1,Echolocation,/mnt/ubna_data_02_mir/recover-20221013/UBNA_001/20221012_030000.WAV,Telephone Field,recover-20221013,001,1795
678.9655,679.0042,68437,81779,Rhinolophus ferrumequinum,0.021,0.022,-1,Echolocation,/mnt/ubna_data_02_mir/recover-20221013/UBNA_001/20221012_030000.WAV,Telephone Field,recover-20221013,001,1795
678.9715,678.9791,24609,33491,Plecotus austriacus,0.012,0.03,-1,Echolocation,/mnt/ubna_data_02_mir/recover-20221013/UBNA_001/20221012_030000.WAV,Telephone Field,recover-20221013,001,1795
678.9885,678.9982,28046,35511,Eptesicus serotinus,0.014,0.027,-1,Echolocation,/mnt/ubna_data_02_mir/recover-20221013/UBNA_001/20221012_030000.WAV,Telephone Field,recover-20221013,001,1795
679.0015,679.0084,28906,39452,Eptesicus serotinus,0.007,0.023,-1,Echolocation,/mnt/ubna_data_02_mir/recover-20221013/UBNA_001/20221012_030000.WAV,Telephone Field,recover-20221013,001,1795
679.0115,679.0552,68437,83311,Rhinolophus ferrumequinum,0.041,0.041,-1,Echolocation,/mnt/ubna_data_02_mir/recover-20221013/UBNA_001/20221012_030000.WAV,Telephone Field,recover-20221013,001,1795
679.0415,679.0802,68437,82456,Rhinolophus ferrumequinum,0.027,0.027,-1,Echolocation,/mnt/ubna_data_02_mir/recover-20221013/UBNA_001/20221012_030000.WAV,Telephone Field,recover-20221013,001,1795
679.0845,679.1231,68437,82126,Rhinolophus ferrumequinum,0.022,0.023,-1,Echolocation,/mnt/ubna_data_02_mir/recover-20221013/UBNA_001/20221012_030000.WAV,Telephone Field,recover-20221013,001,1795
679.1015,679.1423,68437,82827,Rhinolophus ferrumequinum,0.025,0.025,-1,Echolocation,/mnt/ubna_data_02_mir/recover-20221013/UBNA_001/20221012_030000.WAV,Telephone Field,recover-20221013,001,1795
679.1735,679.2097,68437,81329,Rhinolophus ferrumequinum,0.021,0.021,-1,Echolocation,/mnt/ubna_data_02_mir/recover-20221013/UBNA_001/20221012_030000.WAV,Telephone Field,recover-20221013,001,1795
679.1955,679.2092,23750,28639,Nyctalus leisleri,0.014,0.027,-1,Echolocation,/mnt/ubna_data_02_mir/recover-20221013/UBNA_001/20221012_030000.WAV,Telephone Field,recover-20221013,001,1795
679.1965,679.2338,68437,81945,Rhinolophus ferrumequinum,0.024,0.024,-1,Echolocation,/mnt/ubna_data_02_mir/recover-20221013/UBNA_001/20221012_030000.WAV,Telephone Field,recover-20221013,001,1795
679.2225,679.2624,68437,82850,Rhinolophus ferrumequinum,0.032,0.032,-1,Echolocation,/mnt/ubna_data_02_mir/recover-20221013/UBNA_001/20221012_030000.WAV,Telephone Field,recover-20221013,001,1795
679.2385,679.247,27187,38605,Eptesicus serotinus,0.007,0.021,-1,Echolocation,/mnt/ubna_data_02_mir/recover-20221013/UBNA_001/20221012_030000.WAV,Telephone Field,recover-20221013,001,1795
679.2775,679.287,28046,38226,Eptesicus serotinus,0.009,0.021,-1,Echolocation,/mnt/ubna_data_02_mir/recover-20221013/UBNA_001/20221012_030000.WAV,Telephone Field,recover-20221013,001,1795
679.2945,679.3041,22031,27602,Plecotus austriacus,0.008,0.023,-1,Echolocation,/mnt/ubna_data_02_mir/recover-20221013/UBNA_001/20221012_030000.WAV,Telephone Field,recover-20221013,001,1795
679.3005,679.3427,68437,83027,Rhinolophus ferrumequinum,0.028,0.028,-1,Echolocation,/mnt/ubna_data_02_mir/recover-20221013/UBNA_001/20221012_030000.WAV,Telephone Field,recover-20221013,001,1795
679.3195,679.3602,68437,82775,Rhinolophus ferrumequinum,0.023,0.023,-1,Echolocation,/mnt/ubna_data_02_mir/recover-20221013/UBNA_001/20221012_030000.WAV,Telephone Field,recover-20221013,001,1795
679.3445,679.353,46953,54575,Pipistrellus pipistrellus,0.019,0.022,-1,Echolocation,/mnt/ubna_data_02_mir/recover-20221013/UBNA_001/20221012_030000.WAV,Telephone Field,recover-20221013,001,1795
679.3455,679.385,68437,82065,Rhinolophus ferrumequinum,0.031,0.031,-1,Echolocation,/mnt/ubna_data_02_mir/recover-20221013/UBNA_001/20221012_030000.WAV,Telephone Field,recover-20221013,001,1795
679.4355,679.4691,68437,81564,Rhinolophus ferrumequinum,0.021,0.021,-1,Echolocation,/mnt/ubna_data_02_mir/recover-20221013/UBNA_001/20221012_030000.WAV,Telephone Field,recover-20221013,001,1795
679.4365,679.4496,22031,26583,Nyctalus leisleri,0.011,0.023,-1,Echolocation,/mnt/ubna_data_02_mir/recover-20221013/UBNA_001/20221012_030000.WAV,Telephone Field,recover-20221013,001,1795
679.4605,679.469,47812,56378,Pipistrellus pipistrellus,0.027,0.031,-1,Echolocation,/mnt/ubna_data_02_mir/recover-20221013/UBNA_001/20221012_030000.WAV,Telephone Field,recover-20221013,001,1795
679.4865,679.5272,68437,82832,Rhinolophus ferrumequinum,0.026,0.026,-1,Echolocation,/mnt/ubna_data_02_mir/recover-20221013/UBNA_001/20221012_030000.WAV,Telephone Field,recover-20221013,001,1795
679.5215,679.5337,22890,27634,Nyctalus leisleri,0.012,0.022,-1,Echolocation,/mnt/ubna_data_02_mir/recover-20221013/UBNA_001/20221012_030000.WAV,Telephone Field,recover-20221013,001,1795
679.5385,679.5457,28046,39771,Eptesicus serotinus,0.006,0.021,-1,Echolocation,/mnt/ubna_data_02_mir/recover-20221013/UBNA_001/20221012_030000.WAV,Telephone Field,recover-20221013,001,1795
679.5475,679.5837,68437,82113,Rhinolophus ferrumequinum,0.021,0.021,-1,Echolocation,/mnt/ubna_data_02_mir/recover-20221013/UBNA_001/20221012_030000.WAV,Telephone Field,recover-20221013,001,1795
679.5805,679.6169,68437,81688,Rhinolophus ferrumequinum,0.038,0.038,-1,Echolocation,/mnt/ubna_data_02_mir/recover-20221013/UBNA_001/20221012_030000.WAV,Telephone Field,recover-20221013,001,1795
679.6085,679.6206,14296,19719,Nyctalus noctula,0.012,0.021,-1,Echolocation,/mnt/ubna_data_02_mir/recover-20221013/UBNA_001/20221012_030000.WAV,Telephone Field,recover-20221013,001,1795
679.6485,679.6881,68437,82555,Rhinolophus ferrumequinum,0.026,0.026,-1,Echolocation,/mnt/ubna_data_02_mir/recover-20221013/UBNA_001/20221012_030000.WAV,Telephone Field,recover-20221013,001,1795
679.6695,679.6769,28046,41141,Eptesicus serotinus,0.007,0.021,-1,Echolocation,/mnt/ubna_data_02_mir/recover-20221013/UBNA_001/20221012_030000.WAV,Telephone Field,recover-20221013,001,1795
679.7205,679.7613,68437,82171,Rhinolophus ferrumequinum,0.03,0.03,-1,Echolocation,/mnt/ubna_data_02_mir/recover-20221013/UBNA_001/20221012_030000.WAV,Telephone Field,recover-20221013,001,1795
679.7525,679.7847,68437,80443,Rhinolophus ferrumequinum,0.023,0.023,-1,Echolocation,/mnt/ubna_data_02_mir/recover-20221013/UBNA_001/20221012_030000.WAV,Telephone Field,recover-20221013,001,1795
679.7585,679.7649,28046,42262,Eptesicus serotinus,0.007,0.026,-1,Echolocation,/mnt/ubna_data_02_mir/recover-20221013/UBNA_001/20221012_030000.WAV,Telephone Field,recover-20221013,001,1795
679.7855,679.7957,22890,29116,Nyctalus leisleri,0.011,0.03,-1,Echolocation,/mnt/ubna_data_02_mir/recover-20221013/UBNA_001/20221012_030000.WAV,Telephone Field,recover-20221013,001,1795
679.8005,679.8382,68437,81353,Rhinolophus ferrumequinum,0.023,0.023,-1,Echolocation,/mnt/ubna_data_02_mir/recover-20221013/UBNA_001/20221012_030000.WAV,Telephone Field,recover-20221013,001,1795
679.8135,679.8545,68437,82925,Rhinolophus ferrumequinum,0.024,0.024,-1,Echolocation,/mnt/ubna_data_02_mir/recover-20221013/UBNA_001/20221012_030000.WAV,Telephone Field,recover-20221013,001,1795
679.8485000000001,679.8905,68437,82884,Rhinolophus ferrumequinum,0.027,0.027,-1,Echolocation,/mnt/ubna_data_02_mir/recover-20221013/UBNA_001/20221012_030000.WAV,Telephone Field,recover-20221013,001,1795
679.8655,679.8724,22890,32321,Plecotus austriacus,0.014,0.028,-1,Echolocation,/mnt/ubna_data_02_mir/recover-20221013/UBNA_001/20221012_030000.WAV,Telephone Field,recover-20221013,001,1795
679.8865,679.9265,68437,82338,Rhinolophus ferrumequinum,0.021,0.021,-1,Echolocation,/mnt/ubna_data_02_mir/recover-20221013/UBNA_001/20221012_030000.WAV,Telephone Field,recover-20221013,001,1795
679.9495,679.9575,46093,50208,Pipistrellus pipistrellus,0.025,0.027,-1,Echolocation,/mnt/ubna_data_02_mir/recover-20221013/UBNA_001/20221012_030000.WAV,Telephone Field,recover-20221013,001,1795
679.9835,679.9915,27187,39041,Eptesicus serotinus,0.007,0.022,-1,Echolocation,/mnt/ubna_data_02_mir/recover-20221013/UBNA_001/20221012_030000.WAV,Telephone Field,recover-20221013,001,1795
680.0015,680.0096,48671,54266,Pipistrellus pipistrellus,0.017,0.022,-1,Echolocation,/mnt/ubna_data_02_mir/recover-20221013/UBNA_001/20221012_030000.WAV,Telephone Field,recover-20221013,001,1795
680.0015,680.0102,26328,35969,Eptesicus serotinus,0.009,0.03,-1,Echolocation,/mnt/ubna_data_02_mir/recover-20221013/UBNA_001/20221012_030000.WAV,Telephone Field,recover-20221013,001,1795
680.0015,680.0335,69296,80865,Rhinolophus ferrumequinum,0.04,0.04,-1,Echolocation,/mnt/ubna_data_02_mir/recover-20221013/UBNA_001/20221012_030000.WAV,Telephone Field,recover-20221013,001,1795
680.0115,680.0531,68437,82589,Rhinolophus ferrumequinum,0.022,0.022,-1,Echolocation,/mnt/ubna_data_02_mir/recover-20221013/UBNA_001/20221012_030000.WAV,Telephone Field,recover-20221013,001,1795
680.0165,680.023,24609,37541,Plecotus austriacus,0.013,0.035,-1,Echolocation,/mnt/ubna_data_02_mir/recover-20221013/UBNA_001/20221012_030000.WAV,Telephone Field,recover-20221013,001,1795
680.0264999999999,680.0361,28046,35342,Eptesicus serotinus,0.011,0.025,-1,Echolocation,/mnt/ubna_data_02_mir/recover-20221013/UBNA_001/20221012_030000.WAV,Telephone Field,recover-20221013,001,1795
680.0435,680.0842,68437,82353,Rhinolophus ferrumequinum,0.023,0.023,-1,Echolocation,/mnt/ubna_data_02_mir/recover-20221013/UBNA_001/20221012_030000.WAV,Telephone Field,recover-20221013,001,1795
680.0855,680.1243,68437,81978,Rhinolophus ferrumequinum,0.023,0.024,-1,Echolocation,/mnt/ubna_data_02_mir/recover-20221013/UBNA_001/20221012_030000.WAV,Telephone Field,recover-20221013,001,1795
680.0905,680.1311,68437,82278,Rhinolophus ferrumequinum,0.024,0.024,-1,Echolocation,/mnt/ubna_data_02_mir/recover-20221013/UBNA_001/20221012_030000.WAV,Telephone Field,recover-20221013,001,1795
680.1215,680.1605,68437,81524,Rhinolophus ferrumequinum,0.022,0.022,-1,Echolocation,/mnt/ubna_data_02_mir/recover-20221013/UBNA_001/20221012_030000.WAV,Telephone Field,recover-20221013,001,1795
680.1345,680.1726,68437,82449,Rhinolophus ferrumequinum,0.023,0.023,-1,Echolocation,/mnt/ubna_data_02_mir/recover-20221013/UBNA_001/20221012_030000.WAV,Telephone Field,recover-20221013,001,1795
680.1415,680.1781,68437,82137,Rhinolophus ferrumequinum,0.021,0.021,-1,Echolocation,/mnt/ubna_data_02_mir/recover-20221013/UBNA_001/20221012_030000.WAV,Telephone Field,recover-20221013,001,1795
680.1665,680.1779,28906,36541,Eptesicus serotinus,0.013,0.027,-1,Echolocation,/mnt/ubna_data_02_mir/recover-20221013/UBNA_001/20221012_030000.WAV,Telephone Field,recover-20221013,001,1795
680.1945,680.2372,68437,82774,Rhinolophus ferrumequinum,0.024,0.024,-1,Echolocation,/mnt/ubna_data_02_mir/recover-20221013/UBNA_001/20221012_030000.WAV,Telephone Field,recover-20221013,001,1795
680.1975,680.2052,28046,38628,Eptesicus serotinus,0.007,0.023,-1,Echolocation,/mnt/ubna_data_02_mir/recover-20221013/UBNA_001/20221012_030000.WAV,Telephone Field,recover-20221013,001,1795
680.2125,680.2552,68437,82852,Rhinolophus ferrumequinum,0.023,0.023,-1,Echolocation,/mnt/ubna_data_02_mir/recover-20221013/UBNA_001/20221012_030000.WAV,Telephone Field,recover-20221013,001,1795
680.2145,680.2253,22890,27527,Nyctalus leisleri,0.012,0.022,-1,Echolocation,/mnt/ubna_data_02_mir/recover-20221013/UBNA_001/20221012_030000.WAV,Telephone Field,recover-20221013,001,1795
680.2325,680.2396,46953,51785,Pipistrellus pipistrellus,0.023,0.024,-1,Echolocation,/mnt/ubna_data_02_mir/recover-20221013/UBNA_001/20221012_030000.WAV,Telephone Field,recover-20221013,001,1795
680.2335,680.27,68437,81751,Rhinolophus ferrumequinum,0.023,0.023,-1,Echolocation,/mnt/ubna_data_02_mir/recover-20221013/UBNA_001/20221012_030000.WAV,Telephone Field,recover-20221013,001,1795
680.2815,680.3202,68437,81392,Rhinolophus ferrumequinum,0.022,0.022,-1,Echolocation,/mnt/ubna_data_02_mir/recover-20221013/UBNA_001/20221012_030000.WAV,Telephone Field,recover-20221013,001,1795
680.2845,680.2913,28046,39469,Eptesicus serotinus,0.006,0.022,-1,Echolocation,/mnt/ubna_data_02_mir/recover-20221013/UBNA_001/20221012_030000.WAV,Telephone Field,recover-20221013,001,1795
680.3195,680.3591,68437,82692,Rhinolophus ferrumequinum,0.031,0.031,-1,Echolocation,/mnt/ubna_data_02_mir/recover-20221013/UBNA_001/20221012_030000.WAV,Telephone Field,recover-20221013,001,1795
680.3225,680.3311,27187,37743,Eptesicus serotinus,0.008,0.022,-1,Echolocation,/mnt/ubna_data_02_mir/recover-20221013/UBNA_001/20221012_030000.WAV,Telephone Field,recover-20221013,001,1795
680.3285,680.3676,68437,82106,Rhinolophus ferrumequinum,0.022,0.022,-1,Echolocation,/mnt/ubna_data_02_mir/recover-20221013/UBNA_001/20221012_030000.WAV,Telephone Field,recover-20221013,001,1795
680.3635,680.404,68437,82318,Rhinolophus ferrumequinum,0.027,0.027,-1,Echolocation,/mnt/ubna_data_02_mir/recover-20221013/UBNA_001/20221012_030000.WAV,Telephone Field,recover-20221013,001,1795
680.3785,680.416,68437,82408,Rhinolophus ferrumequinum,0.025,0.025,-1,Echolocation,/mnt/ubna_data_02_mir/recover-20221013/UBNA_001/20221012_030000.WAV,Telephone Field,recover-20221013,001,1795
680.3875,680.4283,68437,81939,Rhinolophus ferrumequinum,0.022,0.022,-1,Echolocation,/mnt/ubna_data_02_mir/recover-20221013/UBNA_001/20221012_030000.WAV,Telephone Field,recover-20221013,001,1795
680.3875,680.396,25468,34424,Eptesicus serotinus,0.008,0.023,-1,Echolocation,/mnt/ubna_data_02_mir/recover-20221013/UBNA_001/20221012_030000.WAV,Telephone Field,recover-20221013,001,1795
680.3985,680.4057,27187,40779,Eptesicus serotinus,0.007,0.024,-1,Echolocation,/mnt/ubna_data_02_mir/recover-20221013/UBNA_001/20221012_030000.WAV,Telephone Field,recover-20221013,001,1795
680.4175,680.4288,22031,26008,Nyctalus leisleri,0.017,0.027,-1,Echolocation,/mnt/ubna_data_02_mir/recover-20221013/UBNA_001/20221012_030000.WAV,Telephone Field,recover-20221013,001,1795
680.4385,680.4481,27187,36147,Eptesicus serotinus,0.013,0.027,-1,Echolocation,/mnt/ubna_data_02_mir/recover-20221013/UBNA_001/20221012_030000.WAV,Telephone Field,recover-20221013,001,1795
680.4405,680.4796,68437,81442,Rhinolophus ferrumequinum,0.024,0.024,-1,Echolocation,/mnt/ubna_data_02_mir/recover-20221013/UBNA_001/20221012_030000.WAV,Telephone Field,recover-20221013,001,1795
680.4555,680.4674,22890,26964,Nyctalus leisleri,0.015,0.025,-1,Echolocation,/mnt/ubna_data_02_mir/recover-20221013/UBNA_001/20221012_030000.WAV,Telephone Field,recover-20221013,001,1795
680.4665,680.4771,22890,27774,Nyctalus leisleri,0.011,0.022,-1,Echolocation,/mnt/ubna_data_02_mir/recover-20221013/UBNA_001/20221012_030000.WAV,Telephone Field,recover-20221013,001,1795
680.5095,680.5183,29765,38409,Myotis daubentonii,0.007,0.023,-1,Echolocation,/mnt/ubna_data_02_mir/recover-20221013/UBNA_001/20221012_030000.WAV,Telephone Field,recover-20221013,001,1795
680.5095,680.5488,68437,82317,Rhinolophus ferrumequinum,0.026,0.026,-1,Echolocation,/mnt/ubna_data_02_mir/recover-20221013/UBNA_001/20221012_030000.WAV,Telephone Field,recover-20221013,001,1795
680.5555,680.564,28046,37237,Eptesicus serotinus,0.008,0.024,-1,Echolocation,/mnt/ubna_data_02_mir/recover-20221013/UBNA_001/20221012_030000.WAV,Telephone Field,recover-20221013,001,1795
680.6145,680.6211,27187,47498,Eptesicus serotinus,0.005,0.021,-1,Echolocation,/mnt/ubna_data_02_mir/recover-20221013/UBNA_001/20221012_030000.WAV,Telephone Field,recover-20221013,001,1795
680.6235,680.6337,23750,30485,Nyctalus leisleri,0.009,0.021,-1,Echolocation,/mnt/ubna_data_02_mir/recover-20221013/UBNA_001/20221012_030000.WAV,Telephone Field,recover-20221013,001,1795
680.6425,680.6823,68437,82405,Rhinolophus ferrumequinum,0.023,0.023,-1,Echolocation,/mnt/ubna_data_02_mir/recover-20221013/UBNA_001/20221012_030000.WAV,Telephone Field,recover-20221013,001,1795
680.6465,680.6539,28046,40965,Eptesicus serotinus,0.008,0.026,-1,Echolocation,/mnt/ubna_data_02_mir/recover-20221013/UBNA_001/20221012_030000.WAV,Telephone Field,recover-20221013,001,1795
680.6655,680.7041,68437,82178,Rhinolophus ferrumequinum,0.025,0.025,-1,Echolocation,/mnt/ubna_data_02_mir/recover-20221013/UBNA_001/20221012_030000.WAV,Telephone Field,recover-20221013,001,1795
680.6665,680.6755,27187,36477,Eptesicus serotinus,0.013,0.029,-1,Echolocation,/mnt/ubna_data_02_mir/recover-20221013/UBNA_001/20221012_030000.WAV,Telephone Field,recover-20221013,001,1795
680.6945,680.7346,68437,82579,Rhinolophus ferrumequinum,0.027,0.027,-1,Echolocation,/mnt/ubna_data_02_mir/recover-20221013/UBNA_001/20221012_030000.WAV,Telephone Field,recover-20221013,001,1795
680.7115,680.7479,68437,81364,Rhinolophus ferrumequinum,0.023,0.023,-1,Echolocation,/mnt/ubna_data_02_mir/recover-20221013/UBNA_001/20221012_030000.WAV,Telephone Field,recover-20221013,001,1795
680.7145,680.7247,22031,27348,Nyctalus leisleri,0.009,0.023,-1,Echolocation,/mnt/ubna_data_02_mir/recover-20221013/UBNA_001/20221012_030000.WAV,Telephone Field,recover-20221013,001,1795
680.7495,680.7558,28906,37606,Eptesicus serotinus,0.007,0.025,-1,Echolocation,/mnt/ubna_data_02_mir/recover-20221013/UBNA_001/20221012_030000.WAV,Telephone Field,recover-20221013,001,1795
680.7655,680.807,68437,83341,Rhinolophus ferrumequinum,0.036,0.036,-1,Echolocation,/mnt/ubna_data_02_mir/recover-20221013/UBNA_001/20221012_030000.WAV,Telephone Field,recover-20221013,001,1795
680.7675,680.7755,27187,38217,Eptesicus serotinus,0.008,0.024,-1,Echolocation,/mnt/ubna_data_02_mir/recover-20221013/UBNA_001/20221012_030000.WAV,Telephone Field,recover-20221013,001,1795
680.7725,680.7821,22890,28455,Nyctalus leisleri,0.01,0.023,-1,Echolocation,/mnt/ubna_data_02_mir/recover-20221013/UBNA_001/20221012_030000.WAV,Telephone Field,recover-20221013,001,1795
680.7725,680.8134,68437,82697,Rhinolophus ferrumequinum,0.027,0.027,-1,Echolocation,/mnt/ubna_data_02_mir/recover-20221013/UBNA_001/20221012_030000.WAV,Telephone Field,recover-20221013,001,1795
680.8045,680.8445,68437,81941,Rhinolophus ferrumequinum,0.023,0.023,-1,Echolocation,/mnt/ubna_data_02_mir/recover-20221013/UBNA_001/20221012_030000.WAV,Telephone Field,recover-20221013,001,1795
680.8105,680.8172,24609,36691,Myotis nattereri,0.006,0.022,-1,Echolocation,/mnt/ubna_data_02_mir/recover-20221013/UBNA_001/20221012_030000.WAV,Telephone Field,recover-20221013,001,1795
680.8165,680.8572,68437,82857,Rhinolophus ferrumequinum,0.024,0.024,-1,Echolocation,/mnt/ubna_data_02_mir/recover-20221013/UBNA_001/20221012_030000.WAV,Telephone Field,recover-20221013,001,1795
680.8385,680.8795,68437,82619,Rhinolophus ferrumequinum,0.034,0.034,-1,Echolocation,/mnt/ubna_data_02_mir/recover-20221013/UBNA_001/20221012_030000.WAV,Telephone Field,recover-20221013,001,1795
680.8685,680.8767,27187,36601,Eptesicus serotinus,0.008,0.024,-1,Echolocation,/mnt/ubna_data_02_mir/recover-20221013/UBNA_001/20221012_030000.WAV,Telephone Field,recover-20221013,001,1795
680.8725,680.9127,68437,82998,Rhinolophus ferrumequinum,0.025,0.025,-1,Echolocation,/mnt/ubna_data_02_mir/recover-20221013/UBNA_001/20221012_030000.WAV,Telephone Field,recover-20221013,001,1795
680.8805,680.9218,68437,82741,Rhinolophus ferrumequinum,0.022,0.023,-1,Echolocation,/mnt/ubna_data_02_mir/recover-20221013/UBNA_001/20221012_030000.WAV,Telephone Field,recover-20221013,001,1795
680.8875,680.8966,28046,37310,Eptesicus serotinus,0.008,0.021,-1,Echolocation,/mnt/ubna_data_02_mir/recover-20221013/UBNA_001/20221012_030000.WAV,Telephone Field,recover-20221013,001,1795
680.9645,681.0025,68437,82640,Rhinolophus ferrumequinum,0.023,0.023,-1,Echolocation,/mnt/ubna_data_02_mir/recover-20221013/UBNA_001/20221012_030000.WAV,Telephone Field,recover-20221013,001,1795
680.9745,680.986,23750,29536,Nyctalus leisleri,0.011,0.024,-1,Echolocation,/mnt/ubna_data_02_mir/recover-20221013/UBNA_001/20221012_030000.WAV,Telephone Field,recover-20221013,001,1795
680.9985,681.0391,68437,82575,Rhinolophus ferrumequinum,0.03,0.03,-1,Echolocation,/mnt/ubna_data_02_mir/recover-20221013/UBNA_001/20221012_030000.WAV,Telephone Field,recover-20221013,001,1795
681.0045,681.0105,27187,44851,Myotis daubentonii,0.007,0.032,-1,Echolocation,/mnt/ubna_data_02_mir/recover-20221013/UBNA_001/20221012_030000.WAV,Telephone Field,recover-20221013,001,1795
681.0115,681.0332,19453,21932,Nyctalus leisleri,0.015,0.029,-1,Echolocation,/mnt/ubna_data_02_mir/recover-20221013/UBNA_001/20221012_030000.WAV,Telephone Field,recover-20221013,001,1795
681.0365,681.0804,68437,83078,Rhinolophus ferrumequinum,0.038,0.038,-1,Echolocation,/mnt/ubna_data_02_mir/recover-20221013/UBNA_001/20221012_030000.WAV,Telephone Field,recover-20221013,001,1795
681.0415,681.0523,23750,29874,Nyctalus leisleri,0.011,0.028,-1,Echolocation,/mnt/ubna_data_02_mir/recover-20221013/UBNA_001/20221012_030000.WAV,Telephone Field,recover-20221013,001,1795
681.0525,681.0609,27187,38686,Eptesicus serotinus,0.012,0.029,-1,Echolocation,/mnt/ubna_data_02_mir/recover-20221013/UBNA_001/20221012_030000.WAV,Telephone Field,recover-20221013,001,1795
681.0635,681.104,68437,82490,Rhinolophus ferrumequinum,0.026,0.026,-1,Echolocation,/mnt/ubna_data_02_mir/recover-20221013/UBNA_001/20221012_030000.WAV,Telephone Field,recover-20221013,001,1795
681.0845,681.0937,28046,37156,Eptesicus serotinus,0.009,0.023,-1,Echolocation,/mnt/ubna_data_02_mir/recover-20221013/UBNA_001/20221012_030000.WAV,Telephone Field,recover-20221013,001,1795
681.0865,681.097,34921,40349,Pipistrellus nathusii,0.01,0.03,-1,Echolocation,/mnt/ubna_data_02_mir/recover-20221013/UBNA_001/20221012_030000.WAV,Telephone Field,recover-20221013,001,1795
681.1115,681.1504,68437,81895,Rhinolophus ferrumequinum,0.023,0.023,-1,Echolocation,/mnt/ubna_data_02_mir/recover-20221013/UBNA_001/20221012_030000.WAV,Telephone Field,recover-20221013,001,1795
681.1415,681.1514999999999,22031,27660,Nyctalus leisleri,0.01,0.023,-1,Echolocation,/mnt/ubna_data_02_mir/recover-20221013/UBNA_001/20221012_030000.WAV,Telephone Field,recover-20221013,001,1795
681.1595,681.2021,68437,83135,Rhinolophus ferrumequinum,0.024,0.024,-1,Echolocation,/mnt/ubna_data_02_mir/recover-20221013/UBNA_001/20221012_030000.WAV,Telephone Field,recover-20221013,001,1795
681.1675,681.2097,68437,82812,Rhinolophus ferrumequinum,0.024,0.024,-1,Echolocation,/mnt/ubna_data_02_mir/recover-20221013/UBNA_001/20221012_030000.WAV,Telephone Field,recover-20221013,001,1795
681.1835,681.2228,68437,82288,Rhinolophus ferrumequinum,0.022,0.022,-1,Echolocation,/mnt/ubna_data_02_mir/recover-20221013/UBNA_001/20221012_030000.WAV,Telephone Field,recover-20221013,001,1795
681.2215,681.2321,28046,35339,Eptesicus serotinus,0.111,0.156,-1,Echolocation,/mnt/ubna_data_02_mir/recover-20221013/UBNA_001/20221012_030000.WAV,Telephone Field,recover-20221013,001,1795
681.2585,681.2666,27187,40290,Eptesicus serotinus,0.012,0.033,-1,Echolocation,/mnt/ubna_data_02_mir/recover-20221013/UBNA_001/20221012_030000.WAV,Telephone Field,recover-20221013,001,1795
681.2715,681.28,26328,37044,Eptesicus serotinus,0.007,0.021,-1,Echolocation,/mnt/ubna_data_02_mir/recover-20221013/UBNA_001/20221012_030000.WAV,Telephone Field,recover-20221013,001,1795
681.2815,681.3196,68437,82335,Rhinolophus ferrumequinum,0.042,0.042,-1,Echolocation,/mnt/ubna_data_02_mir/recover-20221013/UBNA_001/20221012_030000.WAV,Telephone Field,recover-20221013,001,1795
681.3285,681.3393,22890,28649,Nyctalus leisleri,0.01,0.024,-1,Echolocation,/mnt/ubna_data_02_mir/recover-20221013/UBNA_001/20221012_030000.WAV,Telephone Field,recover-20221013,001,1795
681.3705,681.4091,68437,82129,Rhinolophus ferrumequinum,0.024,0.024,-1,Echolocation,/mnt/ubna_data_02_mir/recover-20221013/UBNA_001/20221012_030000.WAV,Telephone Field,recover-20221013,001,1795
681.3905,681.4064,52109,55973,Pipistrellus pygmaeus,0.039,0.055,-1,Echolocation,/mnt/ubna_data_02_mir/recover-20221013/UBNA_001/20221012_030000.WAV,Telephone Field,recover-20221013,001,1795
681.4245,681.4315,28046,40513,Eptesicus serotinus,0.006,0.022,-1,Echolocation,/mnt/ubna_data_02_mir/recover-20221013/UBNA_001/20221012_030000.WAV,Telephone Field,recover-20221013,001,1795
681.4715,681.4789,27187,38417,Eptesicus serotinus,0.006,0.022,-1,Echolocation,/mnt/ubna_data_02_mir/recover-20221013/UBNA_001/20221012_030000.WAV,Telephone Field,recover-20221013,001,1795
681.5165,681.5319,21171,23952,Nyctalus leisleri,0.014,0.021,-1,Echolocation,/mnt/ubna_data_02_mir/recover-20221013/UBNA_001/20221012_030000.WAV,Telephone Field,recover-20221013,001,1795
681.5425,681.5834,68437,82491,Rhinolophus ferrumequinum,0.032,0.032,-1,Echolocation,/mnt/ubna_data_02_mir/recover-20221013/UBNA_001/20221012_030000.WAV,Telephone Field,recover-20221013,001,1795
681.5545,681.5936,68437,81544,Rhinolophus ferrumequinum,0.024,0.024,-1,Echolocation,/mnt/ubna_data_02_mir/recover-20221013/UBNA_001/20221012_030000.WAV,Telephone Field,recover-20221013,001,1795
681.5645,681.6023,68437,80810,Rhinolophus ferrumequinum,0.026,0.026,-1,Echolocation,/mnt/ubna_data_02_mir/recover-20221013/UBNA_001/20221012_030000.WAV,Telephone Field,recover-20221013,001,1795
681.5705,681.5769,26328,39861,Myotis nattereri,0.006,0.026,-1,Echolocation,/mnt/ubna_data_02_mir/recover-20221013/UBNA_001/20221012_030000.WAV,Telephone Field,recover-20221013,001,1795
681.5925,681.6344,68437,82639,Rhinolophus ferrumequinum,0.024,0.024,-1,Echolocation,/mnt/ubna_data_02_mir/recover-20221013/UBNA_001/20221012_030000.WAV,Telephone Field,recover-20221013,001,1795
681.6015,681.6116,24609,31336,Nyctalus leisleri,0.01,0.027,-1,Echolocation,/mnt/ubna_data_02_mir/recover-20221013/UBNA_001/20221012_030000.WAV,Telephone Field,recover-20221013,001,1795
681.6395,681.6814,68437,82221,Rhinolophus ferrumequinum,0.024,0.024,-1,Echolocation,/mnt/ubna_data_02_mir/recover-20221013/UBNA_001/20221012_030000.WAV,Telephone Field,recover-20221013,001,1795
681.6435,681.6507,26328,42889,Eptesicus serotinus,0.006,0.022,-1,Echolocation,/mnt/ubna_data_02_mir/recover-20221013/UBNA_001/20221012_030000.WAV,Telephone Field,recover-20221013,001,1795
681.6535,681.6896,68437,81472,Rhinolophus ferrumequinum,0.023,0.023,-1,Echolocation,/mnt/ubna_data_02_mir/recover-20221013/UBNA_001/20221012_030000.WAV,Telephone Field,recover-20221013,001,1795
681.6775,681.6849,44375,52292,Pipistrellus pipistrellus,0.023,0.028,-1,Echolocation,/mnt/ubna_data_02_mir/recover-20221013/UBNA_001/20221012_030000.WAV,Telephone Field,recover-20221013,001,1795
681.7045,681.7417,68437,81846,Rhinolophus ferrumequinum,0.022,0.022,-1,Echolocation,/mnt/ubna_data_02_mir/recover-20221013/UBNA_001/20221012_030000.WAV,Telephone Field,recover-20221013,001,1795
681.7195,681.7571,68437,82465,Rhinolophus ferrumequinum,0.022,0.022,-1,Echolocation,/mnt/ubna_data_02_mir/recover-20221013/UBNA_001/20221012_030000.WAV,Telephone Field,recover-20221013,001,1795
681.7235000000001,681.7325,29765,38829,Eptesicus serotinus,0.01,0.027,-1,Echolocation,/mnt/ubna_data_02_mir/recover-20221013/UBNA_001/20221012_030000.WAV,Telephone Field,recover-20221013,001,1795
681.7395,681.779,68437,82939,Rhinolophus ferrumequinum,0.023,0.023,-1,Echolocation,/mnt/ubna_data_02_mir/recover-20221013/UBNA_001/20221012_030000.WAV,Telephone Field,recover-20221013,001,1795
681.7695,681.8115,68437,82920,Rhinolophus ferrumequinum,0.028,0.028,-1,Echolocation,/mnt/ubna_data_02_mir/recover-20221013/UBNA_001/20221012_030000.WAV,Telephone Field,recover-20221013,001,1795
681.8165,681.8378,20312,23283,Nyctalus leisleri,0.018,0.03,-1,Echolocation,/mnt/ubna_data_02_mir/recover-20221013/UBNA_001/20221012_030000.WAV,Telephone Field,recover-20221013,001,1795
681.8445,681.8831,68437,82402,Rhinolophus ferrumequinum,0.025,0.025,-1,Echolocation,/mnt/ubna_data_02_mir/recover-20221013/UBNA_001/20221012_030000.WAV,Telephone Field,recover-20221013,001,1795
681.8685,681.9092,68437,82161,Rhinolophus ferrumequinum,0.022,0.022,-1,Echolocation,/mnt/ubna_data_02_mir/recover-20221013/UBNA_001/20221012_030000.WAV,Telephone Field,recover-20221013,001,1795
681.8775,681.9179,68437,82224,Rhinolophus ferrumequinum,0.022,0.022,-1,Echolocation,/mnt/ubna_data_02_mir/recover-20221013/UBNA_001/20221012_030000.WAV,Telephone Field,recover-20221013,001,1795
681.8995,681.9062,27187,40671,Eptesicus serotinus,0.007,0.028,-1,Echolocation,/mnt/ubna_data_02_mir/recover-20221013/UBNA_001/20221012_030000.WAV,Telephone Field,recover-20221013,001,1795
681.9315,681.9381,34921,46835,Myotis daubentonii,0.009,0.025,-1,Echolocation,/mnt/ubna_data_02_mir/recover-20221013/UBNA_001/20221012_030000.WAV,Telephone Field,recover-20221013,001,1795
681.9325,681.9677,68437,81964,Rhinolophus ferrumequinum,0.022,0.023,-1,Echolocation,/mnt/ubna_data_02_mir/recover-20221013/UBNA_001/20221012_030000.WAV,Telephone Field,recover-20221013,001,1795
681.9345,681.9414,27187,41264,Eptesicus serotinus,0.006,0.023,-1,Echolocation,/mnt/ubna_data_02_mir/recover-20221013/UBNA_001/20221012_030000.WAV,Telephone Field,recover-20221013,001,1795
681.9475,681.9898,68437,82837,Rhinolophus ferrumequinum,0.031,0.031,-1,Echolocation,/mnt/ubna_data_02_mir/recover-20221013/UBNA_001/20221012_030000.WAV,Telephone Field,recover-20221013,001,1795
681.9545,681.9961,68437,82544,Rhinolophus ferrumequinum,0.027,0.027,-1,Echolocation,/mnt/ubna_data_02_mir/recover-20221013/UBNA_001/20221012_030000.WAV,Telephone Field,recover-20221013,001,1795
682.0015,682.0331,68437,79922,Rhinolophus ferrumequinum,0.024,0.024,-1,Echolocation,/mnt/ubna_data_02_mir/recover-20221013/UBNA_001/20221012_030000.WAV,Telephone Field,recover-20221013,001,1795
682.0015,682.0089,46953,51494,Pipistrellus pipistrellus,0.016,0.02,-1,Echolocation,/mnt/ubna_data_02_mir/recover-20221013/UBNA_001/20221012_030000.WAV,Telephone Field,recover-20221013,001,1795
682.0015,682.0126,17734,23147,Nyctalus noctula,0.011,0.027,-1,Echolocation,/mnt/ubna_data_02_mir/recover-20221013/UBNA_001/20221012_030000.WAV,Telephone Field,recover-20221013,001,1795
682.0175,682.0276,23750,30042,Nyctalus leisleri,0.007,0.022,-1,Echolocation,/mnt/ubna_data_02_mir/recover-20221013/UBNA_001/20221012_030000.WAV,Telephone Field,recover-20221013,001,1795
682.0385,682.0771,68437,81597,Rhinolophus ferrumequinum,0.022,0.022,-1,Echolocation,/mnt/ubna_data_02_mir/recover-20221013/UBNA_001/20221012_030000.WAV,Telephone Field,recover-20221013,001,1795
682.0535,682.0915,68437,81589,Rhinolophus ferrumequinum,0.024,0.024,-1,Echolocation,/mnt/ubna_data_02_mir/recover-20221013/UBNA_001/20221012_030000.WAV,Telephone Field,recover-20221013,001,1795
682.1265,682.1369,28046,38195,Eptesicus serotinus,0.013,0.028,-1,Echolocation,/mnt/ubna_data_02_mir/recover-20221013/UBNA_001/20221012_030000.WAV,Telephone Field,recover-20221013,001,1795
682.1285,682.1693,68437,82533,Rhinolophus ferrumequinum,0.024,0.024,-1,Echolocation,/mnt/ubna_data_02_mir/recover-20221013/UBNA_001/20221012_030000.WAV,Telephone Field,recover-20221013,001,1795
682.1575,682.1984,68437,82084,Rhinolophus ferrumequinum,0.026,0.026,-1,Echolocation,/mnt/ubna_data_02_mir/recover-20221013/UBNA_001/20221012_030000.WAV,Telephone Field,recover-20221013,001,1795
682.1715,682.1805,28046,38934,Eptesicus serotinus,0.008,0.02,-1,Echolocation,/mnt/ubna_data_02_mir/recover-20221013/UBNA_001/20221012_030000.WAV,Telephone Field,recover-20221013,001,1795
682.1905,682.2293,68437,81552,Rhinolophus ferrumequinum,0.021,0.021,-1,Echolocation,/mnt/ubna_data_02_mir/recover-20221013/UBNA_001/20221012_030000.WAV,Telephone Field,recover-20221013,001,1795
682.2155,682.2529,68437,81296,Rhinolophus ferrumequinum,0.021,0.021,-1,Echolocation,/mnt/ubna_data_02_mir/recover-20221013/UBNA_001/20221012_030000.WAV,Telephone Field,recover-20221013,001,1795
682.2325,682.2444,23750,28322,Nyctalus leisleri,0.014,0.026,-1,Echolocation,/mnt/ubna_data_02_mir/recover-20221013/UBNA_001/20221012_030000.WAV,Telephone Field,recover-20221013,001,1795
682.2355,682.2758,68437,82710,Rhinolophus ferrumequinum,0.024,0.024,-1,Echolocation,/mnt/ubna_data_02_mir/recover-20221013/UBNA_001/20221012_030000.WAV,Telephone Field,recover-20221013,001,1795
682.2645,682.275,24609,30625,Nyctalus leisleri,0.013,0.032,-1,Echolocation,/mnt/ubna_data_02_mir/recover-20221013/UBNA_001/20221012_030000.WAV,Telephone Field,recover-20221013,001,1795
682.3045,682.3439,68437,82463,Rhinolophus ferrumequinum,0.023,0.023,-1,Echolocation,/mnt/ubna_data_02_mir/recover-20221013/UBNA_001/20221012_030000.WAV,Telephone Field,recover-20221013,001,1795
682.3325,682.373,68437,81873,Rhinolophus ferrumequinum,0.021,0.021,-1,Echolocation,/mnt/ubna_data_02_mir/recover-20221013/UBNA_001/20221012_030000.WAV,Telephone Field,recover-20221013,001,1795
682.3445,682.3566,23750,29130,Nyctalus leisleri,0.01,0.022,-1,Echolocation,/mnt/ubna_data_02_mir/recover-20221013/UBNA_001/20221012_030000.WAV,Telephone Field,recover-20221013,001,1795
682.3715,682.3811,54687,59120,Pipistrellus pygmaeus,0.02,0.02,-1,Echolocation,/mnt/ubna_data_02_mir/recover-20221013/UBNA_001/20221012_030000.WAV,Telephone Field,recover-20221013,001,1795
682.3775,682.4177,68437,82245,Rhinolophus ferrumequinum,0.022,0.022,-1,Echolocation,/mnt/ubna_data_02_mir/recover-20221013/UBNA_001/20221012_030000.WAV,Telephone Field,recover-20221013,001,1795
682.3935,682.4313,68437,82908,Rhinolophus ferrumequinum,0.023,0.023,-1,Echolocation,/mnt/ubna_data_02_mir/recover-20221013/UBNA_001/20221012_030000.WAV,Telephone Field,recover-20221013,001,1795
682.4105,682.4198,24609,32127,Nyctalus leisleri,0.009,0.032,-1,Echolocation,/mnt/ubna_data_02_mir/recover-20221013/UBNA_001/20221012_030000.WAV,Telephone Field,recover-20221013,001,1795
682.4255,682.4621,68437,81892,Rhinolophus ferrumequinum,0.021,0.021,-1,Echolocation,/mnt/ubna_data_02_mir/recover-20221013/UBNA_001/20221012_030000.WAV,Telephone Field,recover-20221013,001,1795
682.4815,682.4953,23750,28692,Nyctalus leisleri,0.016,0.031,-1,Echolocation,/mnt/ubna_data_02_mir/recover-20221013/UBNA_001/20221012_030000.WAV,Telephone Field,recover-20221013,001,1795
682.4905,682.5304,68437,82064,Rhinolophus ferrumequinum,0.022,0.022,-1,Echolocation,/mnt/ubna_data_02_mir/recover-20221013/UBNA_001/20221012_030000.WAV,Telephone Field,recover-20221013,001,1795
682.5264999999999,682.5697,68437,83029,Rhinolophus ferrumequinum,0.026,0.026,-1,Echolocation,/mnt/ubna_data_02_mir/recover-20221013/UBNA_001/20221012_030000.WAV,Telephone Field,recover-20221013,001,1795
682.5315,682.5416,27187,36141,Eptesicus serotinus,0.01,0.023,-1,Echolocation,/mnt/ubna_data_02_mir/recover-20221013/UBNA_001/20221012_030000.WAV,Telephone Field,recover-20221013,001,1795
682.5485,682.5911,68437,83432,Rhinolophus ferrumequinum,0.031,0.031,-1,Echolocation,/mnt/ubna_data_02_mir/recover-20221013/UBNA_001/20221012_030000.WAV,Telephone Field,recover-20221013,001,1795
682.5505,682.5616,23750,28571,Nyctalus leisleri,0.017,0.031,-1,Echolocation,/mnt/ubna_data_02_mir/recover-20221013/UBNA_001/20221012_030000.WAV,Telephone Field,recover-20221013,001,1795
682.6035,682.612,25468,33905,Eptesicus serotinus,0.007,0.023,-1,Echolocation,/mnt/ubna_data_02_mir/recover-20221013/UBNA_001/20221012_030000.WAV,Telephone Field,recover-20221013,001,1795
682.6215,682.6597,68437,81788,Rhinolophus ferrumequinum,0.021,0.021,-1,Echolocation,/mnt/ubna_data_02_mir/recover-20221013/UBNA_001/20221012_030000.WAV,Telephone Field,recover-20221013,001,1795
682.6335,682.6435,25468,31389,Eptesicus serotinus,0.008,0.021,-1,Echolocation,/mnt/ubna_data_02_mir/recover-20221013/UBNA_001/20221012_030000.WAV,Telephone Field,recover-20221013,001,1795
682.6625,682.7019,68437,82077,Rhinolophus ferrumequinum,0.022,0.022,-1,Echolocation,/mnt/ubna_data_02_mir/recover-20221013/UBNA_001/20221012_030000.WAV,Telephone Field,recover-20221013,001,1795
682.6955,682.7329,68437,81673,Rhinolophus ferrumequinum,0.02,0.02,-1,Echolocation,/mnt/ubna_data_02_mir/recover-20221013/UBNA_001/20221012_030000.WAV,Telephone Field,recover-20221013,001,1795
682.7125,682.7525,68437,82389,Rhinolophus ferrumequinum,0.021,0.021,-1,Echolocation,/mnt/ubna_data_02_mir/recover-20221013/UBNA_001/20221012_030000.WAV,Telephone Field,recover-20221013,001,1795
682.7415,682.781,68437,82299,Rhinolophus ferrumequinum,0.02,0.02,-1,Echolocation,/mnt/ubna_data_02_mir/recover-20221013/UBNA_001/20221012_030000.WAV,Telephone Field,recover-20221013,001,1795
682.7515,682.7602,23750,31154,Nyctalus leisleri,0.006,0.02,-1,Echolocation,/mnt/ubna_data_02_mir/recover-20221013/UBNA_001/20221012_030000.WAV,Telephone Field,recover-20221013,001,1795
682.7965,682.8074,23750,29271,Nyctalus leisleri,0.012,0.025,-1,Echolocation,/mnt/ubna_data_02_mir/recover-20221013/UBNA_001/20221012_030000.WAV,Telephone Field,recover-20221013,001,1795
682.8235,682.8618,68437,81926,Rhinolophus ferrumequinum,0.022,0.022,-1,Echolocation,/mnt/ubna_data_02_mir/recover-20221013/UBNA_001/20221012_030000.WAV,Telephone Field,recover-20221013,001,1795
682.8305,682.8656,68437,81276,Rhinolophus ferrumequinum,0.02,0.02,-1,Echolocation,/mnt/ubna_data_02_mir/recover-20221013/UBNA_001/20221012_030000.WAV,Telephone Field,recover-20221013,001,1795
682.8625,682.8711,28046,39658,Eptesicus serotinus,0.009,0.025,-1,Echolocation,/mnt/ubna_data_02_mir/recover-20221013/UBNA_001/20221012_030000.WAV,Telephone Field,recover-20221013,001,1795
682.8695,682.9113,68437,82938,Rhinolophus ferrumequinum,0.036,0.036,-1,Echolocation,/mnt/ubna_data_02_mir/recover-20221013/UBNA_001/20221012_030000.WAV,Telephone Field,recover-20221013,001,1795
682.9225,682.9641,68437,82818,Rhinolophus ferrumequinum,0.024,0.024,-1,Echolocation,/mnt/ubna_data_02_mir/recover-20221013/UBNA_001/20221012_030000.WAV,Telephone Field,recover-20221013,001,1795
682.9225,682.9305,28046,38182,Eptesicus serotinus,0.009,0.024,-1,Echolocation,/mnt/ubna_data_02_mir/recover-20221013/UBNA_001/20221012_030000.WAV,Telephone Field,recover-20221013,001,1795
682.9785,683.0139,68437,81406,Rhinolophus ferrumequinum,0.023,0.023,-1,Echolocation,/mnt/ubna_data_02_mir/recover-20221013/UBNA_001/20221012_030000.WAV,Telephone Field,recover-20221013,001,1795
682.9935,683.0292,68437,80966,Rhinolophus ferrumequinum,0.02,0.021,-1,Echolocation,/mnt/ubna_data_02_mir/recover-20221013/UBNA_001/20221012_030000.WAV,Telephone Field,recover-20221013,001,1795
683.0085,683.049,68437,82040,Rhinolophus ferrumequinum,0.024,0.024,-1,Echolocation,/mnt/ubna_data_02_mir/recover-20221013/UBNA_001/20221012_030000.WAV,Telephone Field,recover-20221013,001,1795
683.0295,683.0703,68437,82734,Rhinolophus ferrumequinum,0.036,0.036,-1,Echolocation,/mnt/ubna_data_02_mir/recover-20221013/UBNA_001/20221012_030000.WAV,Telephone Field,recover-20221013,001,1795
683.0445,683.0844,68437,82809,Rhinolophus ferrumequinum,0.022,0.022,-1,Echolocation,/mnt/ubna_data_02_mir/recover-20221013/UBNA_001/20221012_030000.WAV,Telephone Field,recover-20221013,001,1795
683.0625,683.0723,27187,35153,Eptesicus serotinus,0.012,0.025,-1,Echolocation,/mnt/ubna_data_02_mir/recover-20221013/UBNA_001/20221012_030000.WAV,Telephone Field,recover-20221013,001,1795
683.0635,683.1022,68437,82524,Rhinolophus ferrumequinum,0.021,0.021,-1,Echolocation,/mnt/ubna_data_02_mir/recover-20221013/UBNA_001/20221012_030000.WAV,Telephone Field,recover-20221013,001,1795
683.0925,683.1312,68437,82052,Rhinolophus ferrumequinum,0.026,0.026,-1,Echolocation,/mnt/ubna_data_02_mir/recover-20221013/UBNA_001/20221012_030000.WAV,Telephone Field,recover-20221013,001,1795
683.1445,683.1548,47812,51787,Pipistrellus pipistrellus,0.02,0.022,-1,Echolocation,/mnt/ubna_data_02_mir/recover-20221013/UBNA_001/20221012_030000.WAV,Telephone Field,recover-20221013,001,1795
683.1685,683.2077,68437,82121,Rhinolophus ferrumequinum,0.021,0.021,-1,Echolocation,/mnt/ubna_data_02_mir/recover-20221013/UBNA_001/20221012_030000.WAV,Telephone Field,recover-20221013,001,1795
683.1875,683.2291,68437,82332,Rhinolophus ferrumequinum,0.025,0.025,-1,Echolocation,/mnt/ubna_data_02_mir/recover-20221013/UBNA_001/20221012_030000.WAV,Telephone Field,recover-20221013,001,1795
683.1935,683.2032,27187,35783,Eptesicus serotinus,0.008,0.02,-1,Echolocation,/mnt/ubna_data_02_mir/recover-20221013/UBNA_001/20221012_030000.WAV,Telephone Field,recover-20221013,001,1795
683.1995,683.2097,23750,29754,Nyctalus leisleri,0.008,0.021,-1,Echolocation,/mnt/ubna_data_02_mir/recover-20221013/UBNA_001/20221012_030000.WAV,Telephone Field,recover-20221013,001,1795
683.2235000000001,683.2638,68437,81862,Rhinolophus ferrumequinum,0.021,0.021,-1,Echolocation,/mnt/ubna_data_02_mir/recover-20221013/UBNA_001/20221012_030000.WAV,Telephone Field,recover-20221013,001,1795
683.2555,683.2962,68437,83084,Rhinolophus ferrumequinum,0.028,0.028,-1,Echolocation,/mnt/ubna_data_02_mir/recover-20221013/UBNA_001/20221012_030000.WAV,Telephone Field,recover-20221013,001,1795
683.2815,683.32,68437,81836,Rhinolophus ferrumequinum,0.02,0.02,-1,Echolocation,/mnt/ubna_data_02_mir/recover-20221013/UBNA_001/20221012_030000.WAV,Telephone Field,recover-20221013,001,1795
683.3025,683.3402,68437,82653,Rhinolophus ferrumequinum,0.027,0.027,-1,Echolocation,/mnt/ubna_data_02_mir/recover-20221013/UBNA_001/20221012_030000.WAV,Telephone Field,recover-20221013,001,1795
683.3755,683.4146,68437,82085,Rhinolophus ferrumequinum,0.021,0.021,-1,Echolocation,/mnt/ubna_data_02_mir/recover-20221013/UBNA_001/20221012_030000.WAV,Telephone Field,recover-20221013,001,1795
683.3965,683.4345,68437,82140,Rhinolophus ferrumequinum,0.02,0.02,-1,Echolocation,/mnt/ubna_data_02_mir/recover-20221013/UBNA_001/20221012_030000.WAV,Telephone Field,recover-20221013,001,1795
683.4445,683.4544,28046,35727,Eptesicus serotinus,0.011,0.022,-1,Echolocation,/mnt/ubna_data_02_mir/recover-20221013/UBNA_001/20221012_030000.WAV,Telephone Field,recover-20221013,001,1795
683.4485,683.4866,68437,81586,Rhinolophus ferrumequinum,0.025,0.025,-1,Echolocation,/mnt/ubna_data_02_mir/recover-20221013/UBNA_001/20221012_030000.WAV,Telephone Field,recover-20221013,001,1795
683.4575,683.4663,23750,31193,Nyctalus leisleri,0.006,0.021,-1,Echolocation,/mnt/ubna_data_02_mir/recover-20221013/UBNA_001/20221012_030000.WAV,Telephone Field,recover-20221013,001,1795
683.4625,683.5023,68437,82078,Rhinolophus ferrumequinum,0.021,0.021,-1,Echolocation,/mnt/ubna_data_02_mir/recover-20221013/UBNA_001/20221012_030000.WAV,Telephone Field,recover-20221013,001,1795
683.4855,683.5261,68437,81998,Rhinolophus ferrumequinum,0.021,0.021,-1,Echolocation,/mnt/ubna_data_02_mir/recover-20221013/UBNA_001/20221012_030000.WAV,Telephone Field,recover-20221013,001,1795
683.5135,683.552,68437,81715,Rhinolophus ferrumequinum,0.022,0.022,-1,Echolocation,/mnt/ubna_data_02_mir/recover-20221013/UBNA_001/20221012_030000.WAV,Telephone Field,recover-20221013,001,1795
683.5325,683.5733,68437,82646,Rhinolophus ferrumequinum,0.025,0.025,-1,Echolocation,/mnt/ubna_data_02_mir/recover-20221013/UBNA_001/20221012_030000.WAV,Telephone Field,recover-20221013,001,1795
683.5685,683.6062,68437,81476,Rhinolophus ferrumequinum,0.022,0.022,-1,Echolocation,/mnt/ubna_data_02_mir/recover-20221013/UBNA_001/20221012_030000.WAV,Telephone Field,recover-20221013,001,1795
683.5875,683.5961,28046,38379,Eptesicus serotinus,0.008,0.022,-1,Echolocation,/mnt/ubna_data_02_mir/recover-20221013/UBNA_001/20221012_030000.WAV,Telephone Field,recover-20221013,001,1795
683.5975,683.6371,68437,81980,Rhinolophus ferrumequinum,0.022,0.022,-1,Echolocation,/mnt/ubna_data_02_mir/recover-20221013/UBNA_001/20221012_030000.WAV,Telephone Field,recover-20221013,001,1795
683.6135,683.6513,68437,82195,Rhinolophus ferrumequinum,0.02,0.02,-1,Echolocation,/mnt/ubna_data_02_mir/recover-20221013/UBNA_001/20221012_030000.WAV,Telephone Field,recover-20221013,001,1795
683.6175,683.626,28906,37714,Eptesicus serotinus,0.008,0.026,-1,Echolocation,/mnt/ubna_data_02_mir/recover-20221013/UBNA_001/20221012_030000.WAV,Telephone Field,recover-20221013,001,1795
683.6605,683.7,68437,82064,Rhinolophus ferrumequinum,0.022,0.022,-1,Echolocation,/mnt/ubna_data_02_mir/recover-20221013/UBNA_001/20221012_030000.WAV,Telephone Field,recover-20221013,001,1795
683.6925,683.7043,22890,26827,Nyctalus leisleri,0.013,0.023,-1,Echolocation,/mnt/ubna_data_02_mir/recover-20221013/UBNA_001/20221012_030000.WAV,Telephone Field,recover-20221013,001,1795
683.6965,683.7369,68437,82624,Rhinolophus ferrumequinum,0.021,0.021,-1,Echolocation,/mnt/ubna_data_02_mir/recover-20221013/UBNA_001/20221012_030000.WAV,Telephone Field,recover-20221013,001,1795
683.7065,683.7159,28906,36967,Eptesicus serotinus,0.01,0.023,-1,Echolocation,/mnt/ubna_data_02_mir/recover-20221013/UBNA_001/20221012_030000.WAV,Telephone Field,recover-20221013,001,1795
683.7285,683.7705,68437,82730,Rhinolophus ferrumequinum,0.03,0.03,-1,Echolocation,/mnt/ubna_data_02_mir/recover-20221013/UBNA_001/20221012_030000.WAV,Telephone Field,recover-20221013,001,1795
683.7325,683.7435,23750,29322,Nyctalus leisleri,0.011,0.025,-1,Echolocation,/mnt/ubna_data_02_mir/recover-20221013/UBNA_001/20221012_030000.WAV,Telephone Field,recover-20221013,001,1795
683.7385,683.7496,23750,29350,Nyctalus leisleri,0.011,0.025,-1,Echolocation,/mnt/ubna_data_02_mir/recover-20221013/UBNA_001/20221012_030000.WAV,Telephone Field,recover-20221013,001,1795
683.7735,683.8124,68437,81130,Rhinolophus ferrumequinum,0.021,0.021,-1,Echolocation,/mnt/ubna_data_02_mir/recover-20221013/UBNA_001/20221012_030000.WAV,Telephone Field,recover-20221013,001,1795
683.8115,683.8187,28046,41632,Eptesicus serotinus,0.007,0.022,-1,Echolocation,/mnt/ubna_data_02_mir/recover-20221013/UBNA_001/20221012_030000.WAV,Telephone Field,recover-20221013,001,1795
683.8185,683.8556,68437,81058,Rhinolophus ferrumequinum,0.023,0.023,-1,Echolocation,/mnt/ubna_data_02_mir/recover-20221013/UBNA_001/20221012_030000.WAV,Telephone Field,recover-20221013,001,1795
683.8255,683.833,44375,49294,Pipistrellus pipistrellus,0.053,0.056,-1,Echolocation,/mnt/ubna_data_02_mir/recover-20221013/UBNA_001/20221012_030000.WAV,Telephone Field,recover-20221013,001,1795
683.8435,683.8528,28046,35725,Eptesicus serotinus,0.008,0.021,-1,Echolocation,/mnt/ubna_data_02_mir/recover-20221013/UBNA_001/20221012_030000.WAV,Telephone Field,recover-20221013,001,1795
683.9035,683.9405,68437,82204,Rhinolophus ferrumequinum,0.02,0.02,-1,Echolocation,/mnt/ubna_data_02_mir/recover-20221013/UBNA_001/20221012_030000.WAV,Telephone Field,recover-20221013,001,1795
683.9135,683.9521,68437,81602,Rhinolophus ferrumequinum,0.022,0.022,-1,Echolocation,/mnt/ubna_data_02_mir/recover-20221013/UBNA_001/20221012_030000.WAV,Telephone Field,recover-20221013,001,1795
683.9345,683.9433,28046,37222,Eptesicus serotinus,0.007,0.021,-1,Echolocation,/mnt/ubna_data_02_mir/recover-20221013/UBNA_001/20221012_030000.WAV,Telephone Field,recover-20221013,001,1795
683.9875,683.9972,26328,35657,Eptesicus serotinus,0.009,0.02,-1,Echolocation,/mnt/ubna_data_02_mir/recover-20221013/UBNA_001/20221012_030000.WAV,Telephone Field,recover-20221013,001,1795
684.0015,684.0106,23750,30233,Nyctalus leisleri,0.015,0.035,-1,Echolocation,/mnt/ubna_data_02_mir/recover-20221013/UBNA_001/20221012_030000.WAV,Telephone Field,recover-20221013,001,1795
684.0015,684.0349,68437,79669,Rhinolophus ferrumequinum,0.034,0.034,-1,Echolocation,/mnt/ubna_data_02_mir/recover-20221013/UBNA_001/20221012_030000.WAV,Telephone Field,recover-20221013,001,1795
684.0095,684.0521,68437,82717,Rhinolophus ferrumequinum,0.021,0.021,-1,Echolocation,/mnt/ubna_data_02_mir/recover-20221013/UBNA_001/20221012_030000.WAV,Telephone Field,recover-20221013,001,1795
684.0205,684.0299,28906,37745,Eptesicus serotinus,0.01,0.025,-1,Echolocation,/mnt/ubna_data_02_mir/recover-20221013/UBNA_001/20221012_030000.WAV,Telephone Field,recover-20221013,001,1795
684.0515,684.0614,28046,36461,Eptesicus serotinus,0.009,0.022,-1,Echolocation,/mnt/ubna_data_02_mir/recover-20221013/UBNA_001/20221012_030000.WAV,Telephone Field,recover-20221013,001,1795
684.0595,684.099,68437,82206,Rhinolophus ferrumequinum,0.024,0.024,-1,Echolocation,/mnt/ubna_data_02_mir/recover-20221013/UBNA_001/20221012_030000.WAV,Telephone Field,recover-20221013,001,1795
684.0765,684.0892,23750,27971,Nyctalus leisleri,0.012,0.021,-1,Echolocation,/mnt/ubna_data_02_mir/recover-20221013/UBNA_001/20221012_030000.WAV,Telephone Field,recover-20221013,001,1795
684.0855,684.1233,68437,81659,Rhinolophus ferrumequinum,0.021,0.021,-1,Echolocation,/mnt/ubna_data_02_mir/recover-20221013/UBNA_001/20221012_030000.WAV,Telephone Field,recover-20221013,001,1795
684.0915,684.1303,68437,82325,Rhinolophus ferrumequinum,0.023,0.023,-1,Echolocation,/mnt/ubna_data_02_mir/recover-20221013/UBNA_001/20221012_030000.WAV,Telephone Field,recover-20221013,001,1795
684.1145,684.1551,68437,83069,Rhinolophus ferrumequinum,0.023,0.023,-1,Echolocation,/mnt/ubna_data_02_mir/recover-20221013/UBNA_001/20221012_030000.WAV,Telephone Field,recover-20221013,001,1795
684.1215,684.1315,25468,32992,Eptesicus serotinus,0.009,0.022,-1,Echolocation,/mnt/ubna_data_02_mir/recover-20221013/UBNA_001/20221012_030000.WAV,Telephone Field,recover-20221013,001,1795
684.1355,684.1456000000001,23750,30150,Nyctalus leisleri,0.01,0.025,-1,Echolocation,/mnt/ubna_data_02_mir/recover-20221013/UBNA_001/20221012_030000.WAV,Telephone Field,recover-20221013,001,1795
684.1565,684.1957,68437,81857,Rhinolophus ferrumequinum,0.022,0.022,-1,Echolocation,/mnt/ubna_data_02_mir/recover-20221013/UBNA_001/20221012_030000.WAV,Telephone Field,recover-20221013,001,1795
684.1735,684.1834,23750,31354,Nyctalus leisleri,0.008,0.024,-1,Echolocation,/mnt/ubna_data_02_mir/recover-20221013/UBNA_001/20221012_030000.WAV,Telephone Field,recover-20221013,001,1795
684.1835,684.2169,68437,81737,Rhinolophus ferrumequinum,0.022,0.022,-1,Echolocation,/mnt/ubna_data_02_mir/recover-20221013/UBNA_001/20221012_030000.WAV,Telephone Field,recover-20221013,001,1795
684.1955,684.2031,28046,39210,Eptesicus serotinus,0.006,0.024,-1,Echolocation,/mnt/ubna_data_02_mir/recover-20221013/UBNA_001/20221012_030000.WAV,Telephone Field,recover-20221013,001,1795
684.1985,684.2106,22031,26568,Nyctalus leisleri,0.015,0.029,-1,Echolocation,/mnt/ubna_data_02_mir/recover-20221013/UBNA_001/20221012_030000.WAV,Telephone Field,recover-20221013,001,1795
684.2275,684.2673,68437,82857,Rhinolophus ferrumequinum,0.024,0.024,-1,Echolocation,/mnt/ubna_data_02_mir/recover-20221013/UBNA_001/20221012_030000.WAV,Telephone Field,recover-20221013,001,1795
684.2405,684.283,68437,83162,Rhinolophus ferrumequinum,0.031,0.031,-1,Echolocation,/mnt/ubna_data_02_mir/recover-20221013/UBNA_001/20221012_030000.WAV,Telephone Field,recover-20221013,001,1795
684.2425,684.2508,46093,50726,Pipistrellus pipistrellus,0.021,0.022,-1,Echolocation,/mnt/ubna_data_02_mir/recover-20221013/UBNA_001/20221012_030000.WAV,Telephone Field,recover-20221013,001,1795
684.2764999999999,684.3129,68437,80960,Rhinolophus ferrumequinum,0.022,0.022,-1,Echolocation,/mnt/ubna_data_02_mir/recover-20221013/UBNA_001/20221012_030000.WAV,Telephone Field,recover-20221013,001,1795
684.2885,684.2956,28046,40571,Eptesicus serotinus,0.006,0.022,-1,Echolocation,/mnt/ubna_data_02_mir/recover-20221013/UBNA_001/20221012_030000.WAV,Telephone Field,recover-20221013,001,1795
684.3085,684.3157,30625,41956,Myotis daubentonii,0.011,0.026,-1,Echolocation,/mnt/ubna_data_02_mir/recover-20221013/UBNA_001/20221012_030000.WAV,Telephone Field,recover-20221013,001,1795
684.3295,684.3666,68437,81136,Rhinolophus ferrumequinum,0.021,0.021,-1,Echolocation,/mnt/ubna_data_02_mir/recover-20221013/UBNA_001/20221012_030000.WAV,Telephone Field,recover-20221013,001,1795
684.3565,684.364,28046,39683,Eptesicus serotinus,0.006,0.021,-1,Echolocation,/mnt/ubna_data_02_mir/recover-20221013/UBNA_001/20221012_030000.WAV,Telephone Field,recover-20221013,001,1795
684.4235,684.4309,24609,33824,Plecotus austriacus,0.014,0.046,-1,Echolocation,/mnt/ubna_data_02_mir/recover-20221013/UBNA_001/20221012_030000.WAV,Telephone Field,recover-20221013,001,1795
684.4335,684.4719,68437,81541,Rhinolophus ferrumequinum,0.023,0.023,-1,Echolocation,/mnt/ubna_data_02_mir/recover-20221013/UBNA_001/20221012_030000.WAV,Telephone Field,recover-20221013,001,1795
684.4705,684.5105,68437,82935,Rhinolophus ferrumequinum,0.03,0.03,-1,Echolocation,/mnt/ubna_data_02_mir/recover-20221013/UBNA_001/20221012_030000.WAV,Telephone Field,recover-20221013,001,1795
684.5015,684.5404,68437,81940,Rhinolophus ferrumequinum,0.021,0.021,-1,Echolocation,/mnt/ubna_data_02_mir/recover-20221013/UBNA_001/20221012_030000.WAV,Telephone Field,recover-20221013,001,1795
684.5415,684.5808,68437,82648,Rhinolophus ferrumequinum,0.028,0.028,-1,Echolocation,/mnt/ubna_data_02_mir/recover-20221013/UBNA_001/20221012_030000.WAV,Telephone Field,recover-20221013,001,1795
684.5525,684.5581999999999,47812,55816,Pipistrellus pipistrellus,0.019,0.021,-1,Echolocation,/mnt/ubna_data_02_mir/recover-20221013/UBNA_001/20221012_030000.WAV,Telephone Field,recover-20221013,001,1795
684.5585,684.5969,68437,82221,Rhinolophus ferrumequinum,0.021,0.021,-1,Echolocation,/mnt/ubna_data_02_mir/recover-20221013/UBNA_001/20221012_030000.WAV,Telephone Field,recover-20221013,001,1795
684.6105,684.6192,25468,34160,Eptesicus serotinus,0.009,0.026,-1,Echolocation,/mnt/ubna_data_02_mir/recover-20221013/UBNA_001/20221012_030000.WAV,Telephone Field,recover-20221013,001,1795
684.6235,684.6633,68437,82349,Rhinolophus ferrumequinum,0.026,0.026,-1,Echolocation,/mnt/ubna_data_02_mir/recover-20221013/UBNA_001/20221012_030000.WAV,Telephone Field,recover-20221013,001,1795
684.6275,684.6388,22890,27766,Nyctalus leisleri,0.012,0.023,-1,Echolocation,/mnt/ubna_data_02_mir/recover-20221013/UBNA_001/20221012_030000.WAV,Telephone Field,recover-20221013,001,1795
684.6505,684.6914,68437,82209,Rhinolophus ferrumequinum,0.024,0.024,-1,Echolocation,/mnt/ubna_data_02_mir/recover-20221013/UBNA_001/20221012_030000.WAV,Telephone Field,recover-20221013,001,1795
684.6535,684.6644,22031,27037,Nyctalus leisleri,0.01,0.022,-1,Echolocation,/mnt/ubna_data_02_mir/recover-20221013/UBNA_001/20221012_030000.WAV,Telephone Field,recover-20221013,001,1795
684.6785,684.6874,28046,38703,Eptesicus serotinus,0.009,0.024,-1,Echolocation,/mnt/ubna_data_02_mir/recover-20221013/UBNA_001/20221012_030000.WAV,Telephone Field,recover-20221013,001,1795
684.7035,684.7141,22890,28217,Nyctalus leisleri,0.01,0.021,-1,Echolocation,/mnt/ubna_data_02_mir/recover-20221013/UBNA_001/20221012_030000.WAV,Telephone Field,recover-20221013,001,1795
684.7215,684.7597,68437,81954,Rhinolophus ferrumequinum,0.022,0.022,-1,Echolocation,/mnt/ubna_data_02_mir/recover-20221013/UBNA_001/20221012_030000.WAV,Telephone Field,recover-20221013,001,1795
684.7405,684.7473,26328,39968,Eptesicus serotinus,0.005,0.024,-1,Echolocation,/mnt/ubna_data_02_mir/recover-20221013/UBNA_001/20221012_030000.WAV,Telephone Field,recover-20221013,001,1795
684.7655,684.8039,68437,81814,Rhinolophus ferrumequinum,0.022,0.022,-1,Echolocation,/mnt/ubna_data_02_mir/recover-20221013/UBNA_001/20221012_030000.WAV,Telephone Field,recover-20221013,001,1795
684.7855,684.8234,68437,82150,Rhinolophus ferrumequinum,0.021,0.021,-1,Echolocation,/mnt/ubna_data_02_mir/recover-20221013/UBNA_001/20221012_030000.WAV,Telephone Field,recover-20221013,001,1795
684.8065,684.8477,68437,83359,Rhinolophus ferrumequinum,0.028,0.029,-1,Echolocation,/mnt/ubna_data_02_mir/recover-20221013/UBNA_001/20221012_030000.WAV,Telephone Field,recover-20221013,001,1795
684.8405,684.8496,25468,34384,Eptesicus serotinus,0.007,0.022,-1,Echolocation,/mnt/ubna_data_02_mir/recover-20221013/UBNA_001/20221012_030000.WAV,Telephone Field,recover-20221013,001,1795
684.8425,684.8505,50390,54755,Pipistrellus pipistrellus,0.019,0.022,-1,Echolocation,/mnt/ubna_data_02_mir/recover-20221013/UBNA_001/20221012_030000.WAV,Telephone Field,recover-20221013,001,1795
684.9014999999999,684.9424,68437,82925,Rhinolophus ferrumequinum,0.024,0.024,-1,Echolocation,/mnt/ubna_data_02_mir/recover-20221013/UBNA_001/20221012_030000.WAV,Telephone Field,recover-20221013,001,1795
684.9065,684.9462,68437,82683,Rhinolophus ferrumequinum,0.024,0.024,-1,Echolocation,/mnt/ubna_data_02_mir/recover-20221013/UBNA_001/20221012_030000.WAV,Telephone Field,recover-20221013,001,1795
684.9235,684.9617,68437,81849,Rhinolophus ferrumequinum,0.021,0.021,-1,Echolocation,/mnt/ubna_data_02_mir/recover-20221013/UBNA_001/20221012_030000.WAV,Telephone Field,recover-20221013,001,1795
684.9235,684.9305,26328,39420,Eptesicus serotinus,0.007,0.022,-1,Echolocation,/mnt/ubna_data_02_mir/recover-20221013/UBNA_001/20221012_030000.WAV,Telephone Field,recover-20221013,001,1795
684.9245,684.9334,46093,52595,Pipistrellus pipistrellus,0.021,0.027,-1,Echolocation,/mnt/ubna_data_02_mir/recover-20221013/UBNA_001/20221012_030000.WAV,Telephone Field,recover-20221013,001,1795
684.9545,684.9836,68437,79625,Rhinolophus ferrumequinum,0.023,0.024,-1,Echolocation,/mnt/ubna_data_02_mir/recover-20221013/UBNA_001/20221012_030000.WAV,Telephone Field,recover-20221013,001,1795
684.9945,685.0357,68437,82704,Rhinolophus ferrumequinum,0.023,0.023,-1,Echolocation,/mnt/ubna_data_02_mir/recover-20221013/UBNA_001/20221012_030000.WAV,Telephone Field,recover-20221013,001,1795
685.0325,685.0436,22890,27686,Nyctalus leisleri,0.011,0.021,-1,Echolocation,/mnt/ubna_data_02_mir/recover-20221013/UBNA_001/20221012_030000.WAV,Telephone Field,recover-20221013,001,1795
685.0875,685.1284,68437,83120,Rhinolophus ferrumequinum,0.026,0.026,-1,Echolocation,/mnt/ubna_data_02_mir/recover-20221013/UBNA_001/20221012_030000.WAV,Telephone Field,recover-20221013,001,1795
685.1155,685.1578,68437,82809,Rhinolophus ferrumequinum,0.03,0.03,-1,Echolocation,/mnt/ubna_data_02_mir/recover-20221013/UBNA_001/20221012_030000.WAV,Telephone Field,recover-20221013,001,1795
685.1475,685.1843,68437,82066,Rhinolophus ferrumequinum,0.023,0.023,-1,Echolocation,/mnt/ubna_data_02_mir/recover-20221013/UBNA_001/20221012_030000.WAV,Telephone Field,recover-20221013,001,1795
685.1765,685.2167,68437,82626,Rhinolophus ferrumequinum,0.024,0.024,-1,Echolocation,/mnt/ubna_data_02_mir/recover-20221013/UBNA_001/20221012_030000.WAV,Telephone Field,recover-20221013,001,1795
685.1835,685.1917,28046,37071,Eptesicus serotinus,0.007,0.022,-1,Echolocation,/mnt/ubna_data_02_mir/recover-20221013/UBNA_001/20221012_030000.WAV,Telephone Field,recover-20221013,001,1795
685.1845,685.1936,23750,30626,Nyctalus leisleri,0.007,0.021,-1,Echolocation,/mnt/ubna_data_02_mir/recover-20221013/UBNA_001/20221012_030000.WAV,Telephone Field,recover-20221013,001,1795
685.2005,685.2337,68437,80507,Rhinolophus ferrumequinum,0.021,0.021,-1,Echolocation,/mnt/ubna_data_02_mir/recover-20221013/UBNA_001/20221012_030000.WAV,Telephone Field,recover-20221013,001,1795
685.2165,685.2258,23750,31299,Nyctalus leisleri,0.007,0.021,-1,Echolocation,/mnt/ubna_data_02_mir/recover-20221013/UBNA_001/20221012_030000.WAV,Telephone Field,recover-20221013,001,1795
685.2445,685.2833,68437,82016,Rhinolophus ferrumequinum,0.03,0.03,-1,Echolocation,/mnt/ubna_data_02_mir/recover-20221013/UBNA_001/20221012_030000.WAV,Telephone Field,recover-20221013,001,1795
685.2495,685.2604,28046,34963,Eptesicus serotinus,0.015,0.028,-1,Echolocation,/mnt/ubna_data_02_mir/recover-20221013/UBNA_001/20221012_030000.WAV,Telephone Field,recover-20221013,001,1795
685.2675,685.3084,68437,82778,Rhinolophus ferrumequinum,0.038,0.038,-1,Echolocation,/mnt/ubna_data_02_mir/recover-20221013/UBNA_001/20221012_030000.WAV,Telephone Field,recover-20221013,001,1795
685.2764999999999,685.3168000000001,68437,82532,Rhinolophus ferrumequinum,0.026,0.026,-1,Echolocation,/mnt/ubna_data_02_mir/recover-20221013/UBNA_001/20221012_030000.WAV,Telephone Field,recover-20221013,001,1795
685.3585,685.3968,68437,82018,Rhinolophus ferrumequinum,0.021,0.022,-1,Echolocation,/mnt/ubna_data_02_mir/recover-20221013/UBNA_001/20221012_030000.WAV,Telephone Field,recover-20221013,001,1795
685.3925,685.4041,28906,37529,Eptesicus serotinus,0.019,0.033,-1,Echolocation,/mnt/ubna_data_02_mir/recover-20221013/UBNA_001/20221012_030000.WAV,Telephone Field,recover-20221013,001,1795
685.4255,685.4641,68437,82774,Rhinolophus ferrumequinum,0.027,0.027,-1,Echolocation,/mnt/ubna_data_02_mir/recover-20221013/UBNA_001/20221012_030000.WAV,Telephone Field,recover-20221013,001,1795
685.4275,685.4344,28046,43664,Myotis daubentonii,0.006,0.024,-1,Echolocation,/mnt/ubna_data_02_mir/recover-20221013/UBNA_001/20221012_030000.WAV,Telephone Field,recover-20221013,001,1795
685.4755,685.4833,28046,39432,Eptesicus serotinus,0.007,0.022,-1,Echolocation,/mnt/ubna_data_02_mir/recover-20221013/UBNA_001/20221012_030000.WAV,Telephone Field,recover-20221013,001,1795
685.4915,685.499,27187,37651,Eptesicus serotinus,0.006,0.021,-1,Echolocation,/mnt/ubna_data_02_mir/recover-20221013/UBNA_001/20221012_030000.WAV,Telephone Field,recover-20221013,001,1795
685.5025,685.5407,68437,82251,Rhinolophus ferrumequinum,0.024,0.024,-1,Echolocation,/mnt/ubna_data_02_mir/recover-20221013/UBNA_001/20221012_030000.WAV,Telephone Field,recover-20221013,001,1795
685.5255,685.567,68437,82287,Rhinolophus ferrumequinum,0.021,0.021,-1,Echolocation,/mnt/ubna_data_02_mir/recover-20221013/UBNA_001/20221012_030000.WAV,Telephone Field,recover-20221013,001,1795
685.5495,685.5877,68437,82355,Rhinolophus ferrumequinum,0.025,0.025,-1,Echolocation,/mnt/ubna_data_02_mir/recover-20221013/UBNA_001/20221012_030000.WAV,Telephone Field,recover-20221013,001,1795
685.5585,685.5638,33203,44441,Myotis daubentonii,0.039,0.074,-1,Echolocation,/mnt/ubna_data_02_mir/recover-20221013/UBNA_001/20221012_030000.WAV,Telephone Field,recover-20221013,001,1795
685.5885,685.6257,68437,81813,Rhinolophus ferrumequinum,0.021,0.021,-1,Echolocation,/mnt/ubna_data_02_mir/recover-20221013/UBNA_001/20221012_030000.WAV,Telephone Field,recover-20221013,001,1795
685.5965,685.6074,22031,26570,Nyctalus leisleri,0.013,0.024,-1,Echolocation,/mnt/ubna_data_02_mir/recover-20221013/UBNA_001/20221012_030000.WAV,Telephone Field,recover-20221013,001,1795
685.6225,685.6316,28046,39764,Eptesicus serotinus,0.009,0.023,-1,Echolocation,/mnt/ubna_data_02_mir/recover-20221013/UBNA_001/20221012_030000.WAV,Telephone Field,recover-20221013,001,1795
685.6335,685.6705,68437,80646,Rhinolophus ferrumequinum,0.022,0.022,-1,Echolocation,/mnt/ubna_data_02_mir/recover-20221013/UBNA_001/20221012_030000.WAV,Telephone Field,recover-20221013,001,1795
685.6555,685.665,28906,36461,Eptesicus serotinus,0.013,0.03,-1,Echolocation,/mnt/ubna_data_02_mir/recover-20221013/UBNA_001/20221012_030000.WAV,Telephone Field,recover-20221013,001,1795
685.6965,685.7024,30625,52195,Myotis daubentonii,0.011,0.021,-1,Echolocation,/mnt/ubna_data_02_mir/recover-20221013/UBNA_001/20221012_030000.WAV,Telephone Field,recover-20221013,001,1795
685.8135,685.8208,28046,40102,Eptesicus serotinus,0.008,0.024,-1,Echolocation,/mnt/ubna_data_02_mir/recover-20221013/UBNA_001/20221012_030000.WAV,Telephone Field,recover-20221013,001,1795
685.8165,685.8583,68437,82630,Rhinolophus ferrumequinum,0.023,0.023,-1,Echolocation,/mnt/ubna_data_02_mir/recover-20221013/UBNA_001/20221012_030000.WAV,Telephone Field,recover-20221013,001,1795
685.8405,685.8811,68437,82681,Rhinolophus ferrumequinum,0.025,0.025,-1,Echolocation,/mnt/ubna_data_02_mir/recover-20221013/UBNA_001/20221012_030000.WAV,Telephone Field,recover-20221013,001,1795
685.8465,685.8876,68437,82877,Rhinolophus ferrumequinum,0.025,0.025,-1,Echolocation,/mnt/ubna_data_02_mir/recover-20221013/UBNA_001/20221012_030000.WAV,Telephone Field,recover-20221013,001,1795
685.8575,685.87,22890,28514,Nyctalus leisleri,0.014,0.028,-1,Echolocation,/mnt/ubna_data_02_mir/recover-20221013/UBNA_001/20221012_030000.WAV,Telephone Field,recover-20221013,001,1795
685.9085,685.9293,20312,23433,Nyctalus leisleri,0.021,0.04,-1,Echolocation,/mnt/ubna_data_02_mir/recover-20221013/UBNA_001/20221012_030000.WAV,Telephone Field,recover-20221013,001,1795
685.9425,685.9532,24609,32026,Nyctalus leisleri,0.01,0.03,-1,Echolocation,/mnt/ubna_data_02_mir/recover-20221013/UBNA_001/20221012_030000.WAV,Telephone Field,recover-20221013,001,1795
685.9435,685.9797,68437,82391,Rhinolophus ferrumequinum,0.023,0.023,-1,Echolocation,/mnt/ubna_data_02_mir/recover-20221013/UBNA_001/20221012_030000.WAV,Telephone Field,recover-20221013,001,1795
686.0015,686.016,20312,26196,Nyctalus leisleri,0.013,0.035,-1,Echolocation,/mnt/ubna_data_02_mir/recover-20221013/UBNA_001/20221012_030000.WAV,Telephone Field,recover-20221013,001,1795
686.0015,686.0344,69296,81091,Rhinolophus ferrumequinum,0.034,0.034,-1,Echolocation,/mnt/ubna_data_02_mir/recover-20221013/UBNA_001/20221012_030000.WAV,Telephone Field,recover-20221013,001,1795
686.0105,686.0515,68437,82892,Rhinolophus ferrumequinum,0.03,0.03,-1,Echolocation,/mnt/ubna_data_02_mir/recover-20221013/UBNA_001/20221012_030000.WAV,Telephone Field,recover-20221013,001,1795
686.0105,686.0154,32343,51248,Myotis daubentonii,0.013,0.026,-1,Echolocation,/mnt/ubna_data_02_mir/recover-20221013/UBNA_001/20221012_030000.WAV,Telephone Field,recover-20221013,001,1795
686.0105,686.0163,26328,41655,Plecotus auritus,0.005,0.027,-1,Echolocation,/mnt/ubna_data_02_mir/recover-20221013/UBNA_001/20221012_030000.WAV,Telephone Field,recover-20221013,001,1795
686.0195,686.0573,68437,82483,Rhinolophus ferrumequinum,0.022,0.022,-1,Echolocation,/mnt/ubna_data_02_mir/recover-20221013/UBNA_001/20221012_030000.WAV,Telephone Field,recover-20221013,001,1795
686.1305,686.1715,68437,82780,Rhinolophus ferrumequinum,0.023,0.023,-1,Echolocation,/mnt/ubna_data_02_mir/recover-20221013/UBNA_001/20221012_030000.WAV,Telephone Field,recover-20221013,001,1795
686.1435,686.1816,68437,82646,Rhinolophus ferrumequinum,0.023,0.023,-1,Echolocation,/mnt/ubna_data_02_mir/recover-20221013/UBNA_001/20221012_030000.WAV,Telephone Field,recover-20221013,001,1795
686.1435,686.1516,29765,39772,Eptesicus serotinus,0.007,0.022,-1,Echolocation,/mnt/ubna_data_02_mir/recover-20221013/UBNA_001/20221012_030000.WAV,Telephone Field,recover-20221013,001,1795
686.1635,686.2037,68437,81966,Rhinolophus ferrumequinum,0.032,0.032,-1,Echolocation,/mnt/ubna_data_02_mir/recover-20221013/UBNA_001/20221012_030000.WAV,Telephone Field,recover-20221013,001,1795
686.1685,686.177,26328,35221,Eptesicus serotinus,0.008,0.022,-1,Echolocation,/mnt/ubna_data_02_mir/recover-20221013/UBNA_001/20221012_030000.WAV,Telephone Field,recover-20221013,001,1795
686.1975,686.2088,24609,30878,Nyctalus leisleri,0.009,0.023,-1,Echolocation,/mnt/ubna_data_02_mir/recover-20221013/UBNA_001/20221012_030000.WAV,Telephone Field,recover-20221013,001,1795
686.2115,686.2535,68437,82024,Rhinolophus ferrumequinum,0.025,0.025,-1,Echolocation,/mnt/ubna_data_02_mir/recover-20221013/UBNA_001/20221012_030000.WAV,Telephone Field,recover-20221013,001,1795
686.2185,686.2263,28906,38263,Eptesicus serotinus,0.007,0.022,-1,Echolocation,/mnt/ubna_data_02_mir/recover-20221013/UBNA_001/20221012_030000.WAV,Telephone Field,recover-20221013,001,1795
686.2515,686.2598,28906,38763,Eptesicus serotinus,0.009,0.024,-1,Echolocation,/mnt/ubna_data_02_mir/recover-20221013/UBNA_001/20221012_030000.WAV,Telephone Field,recover-20221013,001,1795
686.2605,686.2976,68437,82095,Rhinolophus ferrumequinum,0.025,0.025,-1,Echolocation,/mnt/ubna_data_02_mir/recover-20221013/UBNA_001/20221012_030000.WAV,Telephone Field,recover-20221013,001,1795
686.2735,686.3101,68437,81837,Rhinolophus ferrumequinum,0.022,0.022,-1,Echolocation,/mnt/ubna_data_02_mir/recover-20221013/UBNA_001/20221012_030000.WAV,Telephone Field,recover-20221013,001,1795
686.2865,686.2933,30625,39989,Eptesicus serotinus,0.008,0.027,-1,Echolocation,/mnt/ubna_data_02_mir/recover-20221013/UBNA_001/20221012_030000.WAV,Telephone Field,recover-20221013,001,1795
686.2975,686.3099,49531,54264,Pipistrellus pipistrellus,0.019,0.022,-1,Echolocation,/mnt/ubna_data_02_mir/recover-20221013/UBNA_001/20221012_030000.WAV,Telephone Field,recover-20221013,001,1795
686.3035,686.3426,68437,82386,Rhinolophus ferrumequinum,0.023,0.023,-1,Echolocation,/mnt/ubna_data_02_mir/recover-20221013/UBNA_001/20221012_030000.WAV,Telephone Field,recover-20221013,001,1795
686.3235,686.3622,68437,82225,Rhinolophus ferrumequinum,0.027,0.027,-1,Echolocation,/mnt/ubna_data_02_mir/recover-20221013/UBNA_001/20221012_030000.WAV,Telephone Field,recover-20221013,001,1795
686.3295,686.3398,24609,32132,Nyctalus leisleri,0.009,0.028,-1,Echolocation,/mnt/ubna_data_02_mir/recover-20221013/UBNA_001/20221012_030000.WAV,Telephone Field,recover-20221013,001,1795
686.3365,686.3478,25468,30248,Nyctalus leisleri,0.012,0.027,-1,Echolocation,/mnt/ubna_data_02_mir/recover-20221013/UBNA_001/20221012_030000.WAV,Telephone Field,recover-20221013,001,1795
686.3625,686.3716,28046,36249,Eptesicus serotinus,0.011,0.024,-1,Echolocation,/mnt/ubna_data_02_mir/recover-20221013/UBNA_001/20221012_030000.WAV,Telephone Field,recover-20221013,001,1795
686.3845,686.4273,68437,82466,Rhinolophus ferrumequinum,0.023,0.023,-1,Echolocation,/mnt/ubna_data_02_mir/recover-20221013/UBNA_001/20221012_030000.WAV,Telephone Field,recover-20221013,001,1795
686.3895,686.4314,68437,82970,Rhinolophus ferrumequinum,0.023,0.023,-1,Echolocation,/mnt/ubna_data_02_mir/recover-20221013/UBNA_001/20221012_030000.WAV,Telephone Field,recover-20221013,001,1795
686.3975,686.405,28906,40565,Eptesicus serotinus,0.007,0.025,-1,Echolocation,/mnt/ubna_data_02_mir/recover-20221013/UBNA_001/20221012_030000.WAV,Telephone Field,recover-20221013,001,1795
686.4075,686.4488,68437,83073,Rhinolophus ferrumequinum,0.035,0.035,-1,Echolocation,/mnt/ubna_data_02_mir/recover-20221013/UBNA_001/20221012_030000.WAV,Telephone Field,recover-20221013,001,1795
686.4435,686.4516,28046,39374,Eptesicus serotinus,0.009,0.022,-1,Echolocation,/mnt/ubna_data_02_mir/recover-20221013/UBNA_001/20221012_030000.WAV,Telephone Field,recover-20221013,001,1795
686.4585,686.4988,68437,82452,Rhinolophus ferrumequinum,0.027,0.027,-1,Echolocation,/mnt/ubna_data_02_mir/recover-20221013/UBNA_001/20221012_030000.WAV,Telephone Field,recover-20221013,001,1795
686.4785,686.5175,68437,82514,Rhinolophus ferrumequinum,0.022,0.022,-1,Echolocation,/mnt/ubna_data_02_mir/recover-20221013/UBNA_001/20221012_030000.WAV,Telephone Field,recover-20221013,001,1795
686.4875,686.4987,27187,33640,Eptesicus serotinus,0.012,0.027,-1,Echolocation,/mnt/ubna_data_02_mir/recover-20221013/UBNA_001/20221012_030000.WAV,Telephone Field,recover-20221013,001,1795
686.5165,686.5498,68437,81108,Rhinolophus ferrumequinum,0.026,0.026,-1,Echolocation,/mnt/ubna_data_02_mir/recover-20221013/UBNA_001/20221012_030000.WAV,Telephone Field,recover-20221013,001,1795
686.5264999999999,686.5626,68437,81931,Rhinolophus ferrumequinum,0.022,0.022,-1,Echolocation,/mnt/ubna_data_02_mir/recover-20221013/UBNA_001/20221012_030000.WAV,Telephone Field,recover-20221013,001,1795
686.6165,686.6322,22890,27518,Nyctalus leisleri,0.016,0.029,-1,Echolocation,/mnt/ubna_data_02_mir/recover-20221013/UBNA_001/20221012_030000.WAV,Telephone Field,recover-20221013,001,1795
686.6735,686.6847,49531,53529,Pipistrellus pipistrellus,0.019,0.023,-1,Echolocation,/mnt/ubna_data_02_mir/recover-20221013/UBNA_001/20221012_030000.WAV,Telephone Field,recover-20221013,001,1795
686.7125,686.7532,68437,82723,Rhinolophus ferrumequinum,0.03,0.03,-1,Echolocation,/mnt/ubna_data_02_mir/recover-20221013/UBNA_001/20221012_030000.WAV,Telephone Field,recover-20221013,001,1795
686.7255,686.7353,28906,37766,Eptesicus serotinus,0.009,0.022,-1,Echolocation,/mnt/ubna_data_02_mir/recover-20221013/UBNA_001/20221012_030000.WAV,Telephone Field,recover-20221013,001,1795
686.7525,686.7915,68437,82284,Rhinolophus ferrumequinum,0.022,0.022,-1,Echolocation,/mnt/ubna_data_02_mir/recover-20221013/UBNA_001/20221012_030000.WAV,Telephone Field,recover-20221013,001,1795
686.7965,686.8076,23750,28559,Nyctalus leisleri,0.011,0.022,-1,Echolocation,/mnt/ubna_data_02_mir/recover-20221013/UBNA_001/20221012_030000.WAV,Telephone Field,recover-20221013,001,1795
686.7975,686.8376,68437,82625,Rhinolophus ferrumequinum,0.025,0.025,-1,Echolocation,/mnt/ubna_data_02_mir/recover-20221013/UBNA_001/20221012_030000.WAV,Telephone Field,recover-20221013,001,1795
686.8065,686.8462,68437,82259,Rhinolophus ferrumequinum,0.022,0.022,-1,Echolocation,/mnt/ubna_data_02_mir/recover-20221013/UBNA_001/20221012_030000.WAV,Telephone Field,recover-20221013,001,1795
686.8345,686.8758,68437,82541,Rhinolophus ferrumequinum,0.034,0.034,-1,Echolocation,/mnt/ubna_data_02_mir/recover-20221013/UBNA_001/20221012_030000.WAV,Telephone Field,recover-20221013,001,1795
686.8485000000001,686.8551,28046,41182,Eptesicus serotinus,0.008,0.03,-1,Echolocation,/mnt/ubna_data_02_mir/recover-20221013/UBNA_001/20221012_030000.WAV,Telephone Field,recover-20221013,001,1795
686.8545,686.8624,46953,50829,Pipistrellus pipistrellus,0.042,0.043,-1,Echolocation,/mnt/ubna_data_02_mir/recover-20221013/UBNA_001/20221012_030000.WAV,Telephone Field,recover-20221013,001,1795
686.8995,686.9116,27187,33071,Eptesicus serotinus,0.014,0.029,-1,Echolocation,/mnt/ubna_data_02_mir/recover-20221013/UBNA_001/20221012_030000.WAV,Telephone Field,recover-20221013,001,1795
686.9115,686.9198,34062,41464,Myotis daubentonii,0.006,0.022,-1,Echolocation,/mnt/ubna_data_02_mir/recover-20221013/UBNA_001/20221012_030000.WAV,Telephone Field,recover-20221013,001,1795
686.9305,686.9692,68437,82627,Rhinolophus ferrumequinum,0.024,0.024,-1,Echolocation,/mnt/ubna_data_02_mir/recover-20221013/UBNA_001/20221012_030000.WAV,Telephone Field,recover-20221013,001,1795
686.9355,686.9515,23750,29039,Nyctalus leisleri,0.014,0.031,-1,Echolocation,/mnt/ubna_data_02_mir/recover-20221013/UBNA_001/20221012_030000.WAV,Telephone Field,recover-20221013,001,1795
686.9565,686.9652,25468,34496,Eptesicus serotinus,0.01,0.024,-1,Echolocation,/mnt/ubna_data_02_mir/recover-20221013/UBNA_001/20221012_030000.WAV,Telephone Field,recover-20221013,001,1795
686.9795,686.99,23750,29849,Nyctalus leisleri,0.009,0.023,-1,Echolocation,/mnt/ubna_data_02_mir/recover-20221013/UBNA_001/20221012_030000.WAV,Telephone Field,recover-20221013,001,1795
686.9955,687.0087,23750,29587,Nyctalus leisleri,0.011,0.025,-1,Echolocation,/mnt/ubna_data_02_mir/recover-20221013/UBNA_001/20221012_030000.WAV,Telephone Field,recover-20221013,001,1795
687.0145,687.0579,68437,82928,Rhinolophus ferrumequinum,0.025,0.025,-1,Echolocation,/mnt/ubna_data_02_mir/recover-20221013/UBNA_001/20221012_030000.WAV,Telephone Field,recover-20221013,001,1795
687.0195,687.0317,22031,25778,Nyctalus leisleri,0.015,0.024,-1,Echolocation,/mnt/ubna_data_02_mir/recover-20221013/UBNA_001/20221012_030000.WAV,Telephone Field,recover-20221013,001,1795
687.0295,687.0693,68437,82737,Rhinolophus ferrumequinum,0.023,0.023,-1,Echolocation,/mnt/ubna_data_02_mir/recover-20221013/UBNA_001/20221012_030000.WAV,Telephone Field,recover-20221013,001,1795
687.0575,687.0934,68437,81408,Rhinolophus ferrumequinum,0.022,0.022,-1,Echolocation,/mnt/ubna_data_02_mir/recover-20221013/UBNA_001/20221012_030000.WAV,Telephone Field,recover-20221013,001,1795
687.0985000000001,687.1072,26328,35513,Eptesicus serotinus,0.011,0.026,-1,Echolocation,/mnt/ubna_data_02_mir/recover-20221013/UBNA_001/20221012_030000.WAV,Telephone Field,recover-20221013,001,1795
687.1065,687.1429,68437,82002,Rhinolophus ferrumequinum,0.023,0.023,-1,Echolocation,/mnt/ubna_data_02_mir/recover-20221013/UBNA_001/20221012_030000.WAV,Telephone Field,recover-20221013,001,1795
687.1514999999999,687.1935,68437,82677,Rhinolophus ferrumequinum,0.026,0.027,-1,Echolocation,/mnt/ubna_data_02_mir/recover-20221013/UBNA_001/20221012_030000.WAV,Telephone Field,recover-20221013,001,1795
687.2125,687.2246,22890,28907,Nyctalus leisleri,0.019,0.051,-1,Echolocation,/mnt/ubna_data_02_mir/recover-20221013/UBNA_001/20221012_030000.WAV,Telephone Field,recover-20221013,001,1795
687.2335,687.2746,68437,82931,Rhinolophus ferrumequinum,0.025,0.025,-1,Echolocation,/mnt/ubna_data_02_mir/recover-20221013/UBNA_001/20221012_030000.WAV,Telephone Field,recover-20221013,001,1795
687.2665,687.3109,68437,83541,Rhinolophus ferrumequinum,0.048,0.048,-1,Echolocation,/mnt/ubna_data_02_mir/recover-20221013/UBNA_001/20221012_030000.WAV,Telephone Field,recover-20221013,001,1795
687.2835,687.2942,23750,29240,Nyctalus leisleri,0.01,0.022,-1,Echolocation,/mnt/ubna_data_02_mir/recover-20221013/UBNA_001/20221012_030000.WAV,Telephone Field,recover-20221013,001,1795
687.3145,687.3552,68437,82028,Rhinolophus ferrumequinum,0.023,0.023,-1,Echolocation,/mnt/ubna_data_02_mir/recover-20221013/UBNA_001/20221012_030000.WAV,Telephone Field,recover-20221013,001,1795
687.3435,687.3797,68437,81974,Rhinolophus ferrumequinum,0.022,0.022,-1,Echolocation,/mnt/ubna_data_02_mir/recover-20221013/UBNA_001/20221012_030000.WAV,Telephone Field,recover-20221013,001,1795
687.3825,687.3951,42656,46692,Pipistrellus pipistrellus,0.024,0.03,-1,Echolocation,/mnt/ubna_data_02_mir/recover-20221013/UBNA_001/20221012_030000.WAV,Telephone Field,recover-20221013,001,1795
687.4075,687.4461,68437,81998,Rhinolophus ferrumequinum,0.023,0.023,-1,Echolocation,/mnt/ubna_data_02_mir/recover-20221013/UBNA_001/20221012_030000.WAV,Telephone Field,recover-20221013,001,1795
687.4165,687.4554,68437,81587,Rhinolophus ferrumequinum,0.022,0.023,-1,Echolocation,/mnt/ubna_data_02_mir/recover-20221013/UBNA_001/20221012_030000.WAV,Telephone Field,recover-20221013,001,1795
687.4355,687.4445,27187,37370,Eptesicus serotinus,0.012,0.028,-1,Echolocation,/mnt/ubna_data_02_mir/recover-20221013/UBNA_001/20221012_030000.WAV,Telephone Field,recover-20221013,001,1795
687.4765,687.4874,25468,32541,Eptesicus serotinus,0.008,0.022,-1,Echolocation,/mnt/ubna_data_02_mir/recover-20221013/UBNA_001/20221012_030000.WAV,Telephone Field,recover-20221013,001,1795
687.4895,687.4999,27187,35050,Eptesicus serotinus,0.012,0.024,-1,Echolocation,/mnt/ubna_data_02_mir/recover-20221013/UBNA_001/20221012_030000.WAV,Telephone Field,recover-20221013,001,1795
687.5165,687.5231,28046,39516,Eptesicus serotinus,0.006,0.023,-1,Echolocation,/mnt/ubna_data_02_mir/recover-20221013/UBNA_001/20221012_030000.WAV,Telephone Field,recover-20221013,001,1795
687.5355,687.5425,28046,39842,Eptesicus serotinus,0.007,0.023,-1,Echolocation,/mnt/ubna_data_02_mir/recover-20221013/UBNA_001/20221012_030000.WAV,Telephone Field,recover-20221013,001,1795
687.5555,687.5659,22890,27907,Nyctalus leisleri,0.01,0.022,-1,Echolocation,/mnt/ubna_data_02_mir/recover-20221013/UBNA_001/20221012_030000.WAV,Telephone Field,recover-20221013,001,1795
687.5705,687.6082,68437,82108,Rhinolophus ferrumequinum,0.032,0.032,-1,Echolocation,/mnt/ubna_data_02_mir/recover-20221013/UBNA_001/20221012_030000.WAV,Telephone Field,recover-20221013,001,1795
687.5735,687.585,24609,29369,Nyctalus leisleri,0.014,0.029,-1,Echolocation,/mnt/ubna_data_02_mir/recover-20221013/UBNA_001/20221012_030000.WAV,Telephone Field,recover-20221013,001,1795
687.5995,687.6052999999999,32343,45527,Myotis daubentonii,0.018,0.057,-1,Echolocation,/mnt/ubna_data_02_mir/recover-20221013/UBNA_001/20221012_030000.WAV,Telephone Field,recover-20221013,001,1795
687.6425,687.6513,28906,37274,Eptesicus serotinus,0.008,0.023,-1,Echolocation,/mnt/ubna_data_02_mir/recover-20221013/UBNA_001/20221012_030000.WAV,Telephone Field,recover-20221013,001,1795
687.6525,687.6598,23750,31986,Plecotus austriacus,0.01,0.024,-1,Echolocation,/mnt/ubna_data_02_mir/recover-20221013/UBNA_001/20221012_030000.WAV,Telephone Field,recover-20221013,001,1795
687.6565,687.6646,28906,39731,Eptesicus serotinus,0.009,0.023,-1,Echolocation,/mnt/ubna_data_02_mir/recover-20221013/UBNA_001/20221012_030000.WAV,Telephone Field,recover-20221013,001,1795
687.6795,687.6906,28906,34594,Eptesicus serotinus,0.018,0.034,-1,Echolocation,/mnt/ubna_data_02_mir/recover-20221013/UBNA_001/20221012_030000.WAV,Telephone Field,recover-20221013,001,1795
687.7155,687.725,22890,28403,Nyctalus leisleri,0.008,0.022,-1,Echolocation,/mnt/ubna_data_02_mir/recover-20221013/UBNA_001/20221012_030000.WAV,Telephone Field,recover-20221013,001,1795
687.7195,687.7553,68437,81579,Rhinolophus ferrumequinum,0.022,0.022,-1,Echolocation,/mnt/ubna_data_02_mir/recover-20221013/UBNA_001/20221012_030000.WAV,Telephone Field,recover-20221013,001,1795
687.7835,687.8148,68437,80055,Rhinolophus ferrumequinum,0.023,0.023,-1,Echolocation,/mnt/ubna_data_02_mir/recover-20221013/UBNA_001/20221012_030000.WAV,Telephone Field,recover-20221013,001,1795
687.8105,687.8509,68437,82341,Rhinolophus ferrumequinum,0.023,0.023,-1,Echolocation,/mnt/ubna_data_02_mir/recover-20221013/UBNA_001/20221012_030000.WAV,Telephone Field,recover-20221013,001,1795
687.8145,687.8245,23750,31203,Nyctalus leisleri,0.01,0.031,-1,Echolocation,/mnt/ubna_data_02_mir/recover-20221013/UBNA_001/20221012_030000.WAV,Telephone Field,recover-20221013,001,1795
687.8355,687.8758,68437,82536,Rhinolophus ferrumequinum,0.025,0.025,-1,Echolocation,/mnt/ubna_data_02_mir/recover-20221013/UBNA_001/20221012_030000.WAV,Telephone Field,recover-20221013,001,1795
687.8415,687.8511,23750,30665,Nyctalus leisleri,0.007,0.023,-1,Echolocation,/mnt/ubna_data_02_mir/recover-20221013/UBNA_001/20221012_030000.WAV,Telephone Field,recover-20221013,001,1795
687.8515,687.8586,28046,40391,Eptesicus serotinus,0.007,0.024,-1,Echolocation,/mnt/ubna_data_02_mir/recover-20221013/UBNA_001/20221012_030000.WAV,Telephone Field,recover-20221013,001,1795
687.8615,687.8971,68437,80905,Rhinolophus ferrumequinum,0.023,0.023,-1,Echolocation,/mnt/ubna_data_02_mir/recover-20221013/UBNA_001/20221012_030000.WAV,Telephone Field,recover-20221013,001,1795
687.8695,687.9035,68437,80824,Rhinolophus ferrumequinum,0.025,0.025,-1,Echolocation,/mnt/ubna_data_02_mir/recover-20221013/UBNA_001/20221012_030000.WAV,Telephone Field,recover-20221013,001,1795
687.8945,687.9354,68437,82485,Rhinolophus ferrumequinum,0.025,0.025,-1,Echolocation,/mnt/ubna_data_02_mir/recover-20221013/UBNA_001/20221012_030000.WAV,Telephone Field,recover-20221013,001,1795
687.9405,687.9788,68437,81528,Rhinolophus ferrumequinum,0.023,0.023,-1,Echolocation,/mnt/ubna_data_02_mir/recover-20221013/UBNA_001/20221012_030000.WAV,Telephone Field,recover-20221013,001,1795
687.9465,687.9821,68437,81423,Rhinolophus ferrumequinum,0.025,0.025,-1,Echolocation,/mnt/ubna_data_02_mir/recover-20221013/UBNA_001/20221012_030000.WAV,Telephone Field,recover-20221013,001,1795
687.9715,687.9816,28906,36921,Eptesicus serotinus,0.01,0.022,-1,Echolocation,/mnt/ubna_data_02_mir/recover-20221013/UBNA_001/20221012_030000.WAV,Telephone Field,recover-20221013,001,1795
687.9785,687.9869,24609,31663,Nyctalus leisleri,0.007,0.022,-1,Echolocation,/mnt/ubna_data_02_mir/recover-20221013/UBNA_001/20221012_030000.WAV,Telephone Field,recover-20221013,001,1795
688.0015,688.0337,68437,80380,Rhinolophus ferrumequinum,0.044,0.044,-1,Echolocation,/mnt/ubna_data_02_mir/recover-20221013/UBNA_001/20221012_030000.WAV,Telephone Field,recover-20221013,001,1795
688.0015,688.0099,23750,31224,Nyctalus leisleri,0.008,0.027,-1,Echolocation,/mnt/ubna_data_02_mir/recover-20221013/UBNA_001/20221012_030000.WAV,Telephone Field,recover-20221013,001,1795
688.0415,688.0801,68437,82222,Rhinolophus ferrumequinum,0.032,0.032,-1,Echolocation,/mnt/ubna_data_02_mir/recover-20221013/UBNA_001/20221012_030000.WAV,Telephone Field,recover-20221013,001,1795
688.0795,688.1193,68437,82402,Rhinolophus ferrumequinum,0.023,0.023,-1,Echolocation,/mnt/ubna_data_02_mir/recover-20221013/UBNA_001/20221012_030000.WAV,Telephone Field,recover-20221013,001,1795
688.1005,688.1085,45234,53126,Pipistrellus pipistrellus,0.017,0.022,-1,Echolocation,/mnt/ubna_data_02_mir/recover-20221013/UBNA_001/20221012_030000.WAV,Telephone Field,recover-20221013,001,1795
688.1035,688.1102,24609,36919,Myotis nattereri,0.007,0.023,-1,Echolocation,/mnt/ubna_data_02_mir/recover-20221013/UBNA_001/20221012_030000.WAV,Telephone Field,recover-20221013,001,1795
688.1525,688.1892,68437,81383,Rhinolophus ferrumequinum,0.021,0.021,-1,Echolocation,/mnt/ubna_data_02_mir/recover-20221013/UBNA_001/20221012_030000.WAV,Telephone Field,recover-20221013,001,1795
688.1925,688.2296,68437,81348,Rhinolophus ferrumequinum,0.042,0.042,-1,Echolocation,/mnt/ubna_data_02_mir/recover-20221013/UBNA_001/20221012_030000.WAV,Telephone Field,recover-20221013,001,1795
688.2185,688.2306,28906,35592,Eptesicus serotinus,0.011,0.025,-1,Echolocation,/mnt/ubna_data_02_mir/recover-20221013/UBNA_001/20221012_030000.WAV,Telephone Field,recover-20221013,001,1795
688.2225,688.2629,68437,82441,Rhinolophus ferrumequinum,0.024,0.024,-1,Echolocation,/mnt/ubna_data_02_mir/recover-20221013/UBNA_001/20221012_030000.WAV,Telephone Field,recover-20221013,001,1795
688.2325,688.2406,23750,31486,Plecotus austriacus,0.01,0.026,-1,Echolocation,/mnt/ubna_data_02_mir/recover-20221013/UBNA_001/20221012_030000.WAV,Telephone Field,recover-20221013,001,1795
688.2445,688.2815,68437,81575,Rhinolophus ferrumequinum,0.021,0.021,-1,Echolocation,/mnt/ubna_data_02_mir/recover-20221013/UBNA_001/20221012_030000.WAV,Telephone Field,recover-20221013,001,1795
688.2545,688.2953,68437,82196,Rhinolophus ferrumequinum,0.022,0.022,-1,Echolocation,/mnt/ubna_data_02_mir/recover-20221013/UBNA_001/20221012_030000.WAV,Telephone Field,recover-20221013,001,1795
688.2855,688.3263,68437,82353,Rhinolophus ferrumequinum,0.031,0.031,-1,Echolocation,/mnt/ubna_data_02_mir/recover-20221013/UBNA_001/20221012_030000.WAV,Telephone Field,recover-20221013,001,1795
688.3185,688.3578,68437,81979,Rhinolophus ferrumequinum,0.021,0.021,-1,Echolocation,/mnt/ubna_data_02_mir/recover-20221013/UBNA_001/20221012_030000.WAV,Telephone Field,recover-20221013,001,1795
688.3385,688.3778,68437,83092,Rhinolophus ferrumequinum,0.026,0.026,-1,Echolocation,/mnt/ubna_data_02_mir/recover-20221013/UBNA_001/20221012_030000.WAV,Telephone Field,recover-20221013,001,1795
688.3565,688.3954,68437,82599,Rhinolophus ferrumequinum,0.021,0.021,-1,Echolocation,/mnt/ubna_data_02_mir/recover-20221013/UBNA_001/20221012_030000.WAV,Telephone Field,recover-20221013,001,1795
688.3835,688.4214,68437,82306,Rhinolophus ferrumequinum,0.022,0.022,-1,Echolocation,/mnt/ubna_data_02_mir/recover-20221013/UBNA_001/20221012_030000.WAV,Telephone Field,recover-20221013,001,1795
688.3895,688.4297,68437,82130,Rhinolophus ferrumequinum,0.022,0.022,-1,Echolocation,/mnt/ubna_data_02_mir/recover-20221013/UBNA_001/20221012_030000.WAV,Telephone Field,recover-20221013,001,1795
688.4395,688.4474,26328,34867,Eptesicus serotinus,0.007,0.021,-1,Echolocation,/mnt/ubna_data_02_mir/recover-20221013/UBNA_001/20221012_030000.WAV,Telephone Field,recover-20221013,001,1795
688.4405,688.4817,68437,81865,Rhinolophus ferrumequinum,0.022,0.022,-1,Echolocation,/mnt/ubna_data_02_mir/recover-20221013/UBNA_001/20221012_030000.WAV,Telephone Field,recover-20221013,001,1795
688.4455,688.4861,68437,82421,Rhinolophus ferrumequinum,0.023,0.023,-1,Echolocation,/mnt/ubna_data_02_mir/recover-20221013/UBNA_001/20221012_030000.WAV,Telephone Field,recover-20221013,001,1795
688.4945,688.5344,68437,82008,Rhinolophus ferrumequinum,0.022,0.022,-1,Echolocation,/mnt/ubna_data_02_mir/recover-20221013/UBNA_001/20221012_030000.WAV,Telephone Field,recover-20221013,001,1795
688.5005,688.5388,68437,82119,Rhinolophus ferrumequinum,0.022,0.022,-1,Echolocation,/mnt/ubna_data_02_mir/recover-20221013/UBNA_001/20221012_030000.WAV,Telephone Field,recover-20221013,001,1795
688.5015,688.5091,28046,43339,Eptesicus serotinus,0.006,0.021,-1,Echolocation,/mnt/ubna_data_02_mir/recover-20221013/UBNA_001/20221012_030000.WAV,Telephone Field,recover-20221013,001,1795
688.5095,688.5476,68437,82436,Rhinolophus ferrumequinum,0.022,0.022,-1,Echolocation,/mnt/ubna_data_02_mir/recover-20221013/UBNA_001/20221012_030000.WAV,Telephone Field,recover-20221013,001,1795
688.5345,688.5749,68437,82570,Rhinolophus ferrumequinum,0.022,0.022,-1,Echolocation,/mnt/ubna_data_02_mir/recover-20221013/UBNA_001/20221012_030000.WAV,Telephone Field,recover-20221013,001,1795
688.5685,688.5761,26328,36881,Eptesicus serotinus,0.005,0.024,-1,Echolocation,/mnt/ubna_data_02_mir/recover-20221013/UBNA_001/20221012_030000.WAV,Telephone Field,recover-20221013,001,1795
688.5695,688.5799,22031,27534,Nyctalus leisleri,0.01,0.024,-1,Echolocation,/mnt/ubna_data_02_mir/recover-20221013/UBNA_001/20221012_030000.WAV,Telephone Field,recover-20221013,001,1795
688.5745,688.6162,68437,83013,Rhinolophus ferrumequinum,0.025,0.025,-1,Echolocation,/mnt/ubna_data_02_mir/recover-20221013/UBNA_001/20221012_030000.WAV,Telephone Field,recover-20221013,001,1795
688.6575,688.6942,68437,81015,Rhinolophus ferrumequinum,0.023,0.023,-1,Echolocation,/mnt/ubna_data_02_mir/recover-20221013/UBNA_001/20221012_030000.WAV,Telephone Field,recover-20221013,001,1795
688.6725,688.6797,23750,32125,Plecotus austriacus,0.009,0.021,-1,Echolocation,/mnt/ubna_data_02_mir/recover-20221013/UBNA_001/20221012_030000.WAV,Telephone Field,recover-20221013,001,1795
688.6735,688.683,46953,53728,Pipistrellus pipistrellus,0.016,0.021,-1,Echolocation,/mnt/ubna_data_02_mir/recover-20221013/UBNA_001/20221012_030000.WAV,Telephone Field,recover-20221013,001,1795
688.7145,688.7248,28906,36152,Eptesicus serotinus,0.018,0.036,-1,Echolocation,/mnt/ubna_data_02_mir/recover-20221013/UBNA_001/20221012_030000.WAV,Telephone Field,recover-20221013,001,1795
688.7345,688.7716,68437,82003,Rhinolophus ferrumequinum,0.023,0.023,-1,Echolocation,/mnt/ubna_data_02_mir/recover-20221013/UBNA_001/20221012_030000.WAV,Telephone Field,recover-20221013,001,1795
688.8165,688.8588,68437,82527,Rhinolophus ferrumequinum,0.024,0.024,-1,Echolocation,/mnt/ubna_data_02_mir/recover-20221013/UBNA_001/20221012_030000.WAV,Telephone Field,recover-20221013,001,1795
688.8295,688.836,28046,39700,Eptesicus serotinus,0.005,0.021,-1,Echolocation,/mnt/ubna_data_02_mir/recover-20221013/UBNA_001/20221012_030000.WAV,Telephone Field,recover-20221013,001,1795
688.8625,688.9001,68437,81794,Rhinolophus ferrumequinum,0.021,0.021,-1,Echolocation,/mnt/ubna_data_02_mir/recover-20221013/UBNA_001/20221012_030000.WAV,Telephone Field,recover-20221013,001,1795
688.8735,688.9125,68437,82530,Rhinolophus ferrumequinum,0.022,0.022,-1,Echolocation,/mnt/ubna_data_02_mir/recover-20221013/UBNA_001/20221012_030000.WAV,Telephone Field,recover-20221013,001,1795
688.8805,688.9231,68437,82893,Rhinolophus ferrumequinum,0.022,0.022,-1,Echolocation,/mnt/ubna_data_02_mir/recover-20221013/UBNA_001/20221012_030000.WAV,Telephone Field,recover-20221013,001,1795
688.8875,688.9284,68437,82185,Rhinolophus ferrumequinum,0.021,0.021,-1,Echolocation,/mnt/ubna_data_02_mir/recover-20221013/UBNA_001/20221012_030000.WAV,Telephone Field,recover-20221013,001,1795
688.9105,688.9179,28046,38205,Eptesicus serotinus,0.006,0.022,-1,Echolocation,/mnt/ubna_data_02_mir/recover-20221013/UBNA_001/20221012_030000.WAV,Telephone Field,recover-20221013,001,1795
688.9245,688.9325,28046,37493,Eptesicus serotinus,0.007,0.025,-1,Echolocation,/mnt/ubna_data_02_mir/recover-20221013/UBNA_001/20221012_030000.WAV,Telephone Field,recover-20221013,001,1795
688.9975,689.0363,68437,81505,Rhinolophus ferrumequinum,0.022,0.022,-1,Echolocation,/mnt/ubna_data_02_mir/recover-20221013/UBNA_001/20221012_030000.WAV,Telephone Field,recover-20221013,001,1795
689.0315,689.0396,26328,34583,Eptesicus serotinus,0.008,0.027,-1,Echolocation,/mnt/ubna_data_02_mir/recover-20221013/UBNA_001/20221012_030000.WAV,Telephone Field,recover-20221013,001,1795
689.0435,689.0809,68437,81831,Rhinolophus ferrumequinum,0.022,0.022,-1,Echolocation,/mnt/ubna_data_02_mir/recover-20221013/UBNA_001/20221012_030000.WAV,Telephone Field,recover-20221013,001,1795
689.0515,689.0931,68437,83132,Rhinolophus ferrumequinum,0.03,0.03,-1,Echolocation,/mnt/ubna_data_02_mir/recover-20221013/UBNA_001/20221012_030000.WAV,Telephone Field,recover-20221013,001,1795
689.1305,689.1722,68437,82681,Rhinolophus ferrumequinum,0.024,0.024,-1,Echolocation,/mnt/ubna_data_02_mir/recover-20221013/UBNA_001/20221012_030000.WAV,Telephone Field,recover-20221013,001,1795
689.1675,689.206,68437,82379,Rhinolophus ferrumequinum,0.024,0.024,-1,Echolocation,/mnt/ubna_data_02_mir/recover-20221013/UBNA_001/20221012_030000.WAV,Telephone Field,recover-20221013,001,1795
689.2285,689.238,28046,36146,Eptesicus serotinus,0.008,0.021,-1,Echolocation,/mnt/ubna_data_02_mir/recover-20221013/UBNA_001/20221012_030000.WAV,Telephone Field,recover-20221013,001,1795
689.2285,689.2689,68437,82542,Rhinolophus ferrumequinum,0.022,0.022,-1,Echolocation,/mnt/ubna_data_02_mir/recover-20221013/UBNA_001/20221012_030000.WAV,Telephone Field,recover-20221013,001,1795
689.3295,689.3393,28046,37244,Eptesicus serotinus,0.009,0.021,-1,Echolocation,/mnt/ubna_data_02_mir/recover-20221013/UBNA_001/20221012_030000.WAV,Telephone Field,recover-20221013,001,1795
689.3425,689.3825,68437,82462,Rhinolophus ferrumequinum,0.021,0.021,-1,Echolocation,/mnt/ubna_data_02_mir/recover-20221013/UBNA_001/20221012_030000.WAV,Telephone Field,recover-20221013,001,1795
689.3585,689.3958,68437,81896,Rhinolophus ferrumequinum,0.021,0.021,-1,Echolocation,/mnt/ubna_data_02_mir/recover-20221013/UBNA_001/20221012_030000.WAV,Telephone Field,recover-20221013,001,1795
689.3685,689.3762,27187,39547,Eptesicus serotinus,0.007,0.024,-1,Echolocation,/mnt/ubna_data_02_mir/recover-20221013/UBNA_001/20221012_030000.WAV,Telephone Field,recover-20221013,001,1795
689.3995,689.4414,68437,83209,Rhinolophus ferrumequinum,0.029,0.029,-1,Echolocation,/mnt/ubna_data_02_mir/recover-20221013/UBNA_001/20221012_030000.WAV,Telephone Field,recover-20221013,001,1795
689.4175,689.4307,56406,62160,Pipistrellus pygmaeus,0.022,0.023,-1,Echolocation,/mnt/ubna_data_02_mir/recover-20221013/UBNA_001/20221012_030000.WAV,Telephone Field,recover-20221013,001,1795
689.4405,689.4816,68437,82241,Rhinolophus ferrumequinum,0.023,0.023,-1,Echolocation,/mnt/ubna_data_02_mir/recover-20221013/UBNA_001/20221012_030000.WAV,Telephone Field,recover-20221013,001,1795
689.4715,689.4844,36640,41194,Pipistrellus nathusii,0.016,0.034,-1,Echolocation,/mnt/ubna_data_02_mir/recover-20221013/UBNA_001/20221012_030000.WAV,Telephone Field,recover-20221013,001,1795
689.5645,689.6038,68437,82163,Rhinolophus ferrumequinum,0.021,0.021,-1,Echolocation,/mnt/ubna_data_02_mir/recover-20221013/UBNA_001/20221012_030000.WAV,Telephone Field,recover-20221013,001,1795
689.5685,689.5774,28046,37041,Eptesicus serotinus,0.01,0.025,-1,Echolocation,/mnt/ubna_data_02_mir/recover-20221013/UBNA_001/20221012_030000.WAV,Telephone Field,recover-20221013,001,1795
689.5885,689.6272,68437,82067,Rhinolophus ferrumequinum,0.023,0.023,-1,Echolocation,/mnt/ubna_data_02_mir/recover-20221013/UBNA_001/20221012_030000.WAV,Telephone Field,recover-20221013,001,1795
689.6105,689.649,68437,82719,Rhinolophus ferrumequinum,0.023,0.023,-1,Echolocation,/mnt/ubna_data_02_mir/recover-20221013/UBNA_001/20221012_030000.WAV,Telephone Field,recover-20221013,001,1795
689.6345,689.6737,68437,82362,Rhinolophus ferrumequinum,0.021,0.021,-1,Echolocation,/mnt/ubna_data_02_mir/recover-20221013/UBNA_001/20221012_030000.WAV,Telephone Field,recover-20221013,001,1795
689.6415,689.6502,28046,36892,Eptesicus serotinus,0.008,0.021,-1,Echolocation,/mnt/ubna_data_02_mir/recover-20221013/UBNA_001/20221012_030000.WAV,Telephone Field,recover-20221013,001,1795
689.7075,689.7174,27187,36267,Eptesicus serotinus,0.008,0.022,-1,Echolocation,/mnt/ubna_data_02_mir/recover-20221013/UBNA_001/20221012_030000.WAV,Telephone Field,recover-20221013,001,1795
689.7315,689.7661,68437,80302,Rhinolophus ferrumequinum,0.021,0.021,-1,Echolocation,/mnt/ubna_data_02_mir/recover-20221013/UBNA_001/20221012_030000.WAV,Telephone Field,recover-20221013,001,1795
689.7525,689.7909,68437,81778,Rhinolophus ferrumequinum,0.021,0.021,-1,Echolocation,/mnt/ubna_data_02_mir/recover-20221013/UBNA_001/20221012_030000.WAV,Telephone Field,recover-20221013,001,1795
689.7755,689.8145,68437,81293,Rhinolophus ferrumequinum,0.022,0.022,-1,Echolocation,/mnt/ubna_data_02_mir/recover-20221013/UBNA_001/20221012_030000.WAV,Telephone Field,recover-20221013,001,1795
689.7825,689.8208,68437,81898,Rhinolophus ferrumequinum,0.021,0.021,-1,Echolocation,/mnt/ubna_data_02_mir/recover-20221013/UBNA_001/20221012_030000.WAV,Telephone Field,recover-20221013,001,1795
689.7935,689.8029,28046,38628,Eptesicus serotinus,0.009,0.025,-1,Echolocation,/mnt/ubna_data_02_mir/recover-20221013/UBNA_001/20221012_030000.WAV,Telephone Field,recover-20221013,001,1795
689.8155,689.8288,22890,27353,Nyctalus leisleri,0.014,0.025,-1,Echolocation,/mnt/ubna_data_02_mir/recover-20221013/UBNA_001/20221012_030000.WAV,Telephone Field,recover-20221013,001,1795
689.8345,689.873,68437,81893,Rhinolophus ferrumequinum,0.022,0.022,-1,Echolocation,/mnt/ubna_data_02_mir/recover-20221013/UBNA_001/20221012_030000.WAV,Telephone Field,recover-20221013,001,1795
689.8905,689.9006,22890,29474,Nyctalus leisleri,0.008,0.023,-1,Echolocation,/mnt/ubna_data_02_mir/recover-20221013/UBNA_001/20221012_030000.WAV,Telephone Field,recover-20221013,001,1795
689.9115,689.9513,68437,82041,Rhinolophus ferrumequinum,0.022,0.022,-1,Echolocation,/mnt/ubna_data_02_mir/recover-20221013/UBNA_001/20221012_030000.WAV,Telephone Field,recover-20221013,001,1795
689.9175,689.9596,68437,82696,Rhinolophus ferrumequinum,0.023,0.023,-1,Echolocation,/mnt/ubna_data_02_mir/recover-20221013/UBNA_001/20221012_030000.WAV,Telephone Field,recover-20221013,001,1795
689.9485,689.988,68437,82293,Rhinolophus ferrumequinum,0.021,0.021,-1,Echolocation,/mnt/ubna_data_02_mir/recover-20221013/UBNA_001/20221012_030000.WAV,Telephone Field,recover-20221013,001,1795
689.9565,689.965,28046,38167,Eptesicus serotinus,0.008,0.022,-1,Echolocation,/mnt/ubna_data_02_mir/recover-20221013/UBNA_001/20221012_030000.WAV,Telephone Field,recover-20221013,001,1795
690.0015,690.0339,68437,79024,Rhinolophus ferrumequinum,0.065,0.066,-1,Echolocation,/mnt/ubna_data_02_mir/recover-20221013/UBNA_001/20221012_030000.WAV,Telephone Field,recover-20221013,001,1795
690.0015,690.0101,26328,38072,Nyctalus leisleri,0.007,0.031,-1,Echolocation,/mnt/ubna_data_02_mir/recover-20221013/UBNA_001/20221012_030000.WAV,Telephone Field,recover-20221013,001,1795
690.0105,690.0481,68437,81829,Rhinolophus ferrumequinum,0.024,0.024,-1,Echolocation,/mnt/ubna_data_02_mir/recover-20221013/UBNA_001/20221012_030000.WAV,Telephone Field,recover-20221013,001,1795
690.0455,690.0843,68437,82314,Rhinolophus ferrumequinum,0.027,0.028,-1,Echolocation,/mnt/ubna_data_02_mir/recover-20221013/UBNA_001/20221012_030000.WAV,Telephone Field,recover-20221013,001,1795
690.1035,690.1433,68437,82716,Rhinolophus ferrumequinum,0.024,0.024,-1,Echolocation,/mnt/ubna_data_02_mir/recover-20221013/UBNA_001/20221012_030000.WAV,Telephone Field,recover-20221013,001,1795
690.1345,690.1719,68437,82431,Rhinolophus ferrumequinum,0.026,0.026,-1,Echolocation,/mnt/ubna_data_02_mir/recover-20221013/UBNA_001/20221012_030000.WAV,Telephone Field,recover-20221013,001,1795
690.1475,690.1868,68437,81952,Rhinolophus ferrumequinum,0.021,0.021,-1,Echolocation,/mnt/ubna_data_02_mir/recover-20221013/UBNA_001/20221012_030000.WAV,Telephone Field,recover-20221013,001,1795
690.1695,690.21,68437,82651,Rhinolophus ferrumequinum,0.026,0.026,-1,Echolocation,/mnt/ubna_data_02_mir/recover-20221013/UBNA_001/20221012_030000.WAV,Telephone Field,recover-20221013,001,1795
690.2065,690.2444,68437,82476,Rhinolophus ferrumequinum,0.022,0.022,-1,Echolocation,/mnt/ubna_data_02_mir/recover-20221013/UBNA_001/20221012_030000.WAV,Telephone Field,recover-20221013,001,1795
690.2275,690.2357,28046,38817,Eptesicus serotinus,0.007,0.021,-1,Echolocation,/mnt/ubna_data_02_mir/recover-20221013/UBNA_001/20221012_030000.WAV,Telephone Field,recover-20221013,001,1795
690.2345,690.2772,68437,83060,Rhinolophus ferrumequinum,0.025,0.025,-1,Echolocation,/mnt/ubna_data_02_mir/recover-20221013/UBNA_001/20221012_030000.WAV,Telephone Field,recover-20221013,001,1795
690.2405,690.2507,24609,30979,Nyctalus leisleri,0.008,0.021,-1,Echolocation,/mnt/ubna_data_02_mir/recover-20221013/UBNA_001/20221012_030000.WAV,Telephone Field,recover-20221013,001,1795
690.2425,690.2844,68437,82706,Rhinolophus ferrumequinum,0.024,0.024,-1,Echolocation,/mnt/ubna_data_02_mir/recover-20221013/UBNA_001/20221012_030000.WAV,Telephone Field,recover-20221013,001,1795
690.2835,690.3216,68437,82448,Rhinolophus ferrumequinum,0.028,0.028,-1,Echolocation,/mnt/ubna_data_02_mir/recover-20221013/UBNA_001/20221012_030000.WAV,Telephone Field,recover-20221013,001,1795
690.2845,690.3017,49531,53382,Pipistrellus pipistrellus,0.032,0.042,-1,Echolocation,/mnt/ubna_data_02_mir/recover-20221013/UBNA_001/20221012_030000.WAV,Telephone Field,recover-20221013,001,1795
690.3245,690.3653,68437,82413,Rhinolophus ferrumequinum,0.025,0.025,-1,Echolocation,/mnt/ubna_data_02_mir/recover-20221013/UBNA_001/20221012_030000.WAV,Telephone Field,recover-20221013,001,1795
690.4975,690.5365,68437,81613,Rhinolophus ferrumequinum,0.026,0.026,-1,Echolocation,/mnt/ubna_data_02_mir/recover-20221013/UBNA_001/20221012_030000.WAV,Telephone Field,recover-20221013,001,1795
690.5065,690.5472,68437,81929,Rhinolophus ferrumequinum,0.022,0.022,-1,Echolocation,/mnt/ubna_data_02_mir/recover-20221013/UBNA_001/20221012_030000.WAV,Telephone Field,recover-20221013,001,1795
690.5105,690.5212,23750,30866,Nyctalus leisleri,0.008,0.024,-1,Echolocation,/mnt/ubna_data_02_mir/recover-20221013/UBNA_001/20221012_030000.WAV,Telephone Field,recover-20221013,001,1795
690.5135,690.5531,68437,82559,Rhinolophus ferrumequinum,0.021,0.021,-1,Echolocation,/mnt/ubna_data_02_mir/recover-20221013/UBNA_001/20221012_030000.WAV,Telephone Field,recover-20221013,001,1795
690.5395,690.5804,68437,82699,Rhinolophus ferrumequinum,0.022,0.023,-1,Echolocation,/mnt/ubna_data_02_mir/recover-20221013/UBNA_001/20221012_030000.WAV,Telephone Field,recover-20221013,001,1795
690.5405,690.5472,28046,39075,Eptesicus serotinus,0.006,0.021,-1,Echolocation,/mnt/ubna_data_02_mir/recover-20221013/UBNA_001/20221012_030000.WAV,Telephone Field,recover-20221013,001,1795
690.5585,690.5697,22890,28932,Nyctalus leisleri,0.014,0.031,-1,Echolocation,/mnt/ubna_data_02_mir/recover-20221013/UBNA_001/20221012_030000.WAV,Telephone Field,recover-20221013,001,1795
690.5745,690.6085,68437,80704,Rhinolophus ferrumequinum,0.023,0.023,-1,Echolocation,/mnt/ubna_data_02_mir/recover-20221013/UBNA_001/20221012_030000.WAV,Telephone Field,recover-20221013,001,1795
690.5925,690.6013,27187,38133,Eptesicus serotinus,0.009,0.022,-1,Echolocation,/mnt/ubna_data_02_mir/recover-20221013/UBNA_001/20221012_030000.WAV,Telephone Field,recover-20221013,001,1795
690.6165,690.6295,37500,41720,Pipistrellus nathusii,0.015,0.023,-1,Echolocation,/mnt/ubna_data_02_mir/recover-20221013/UBNA_001/20221012_030000.WAV,Telephone Field,recover-20221013,001,1795
690.6405,690.6815,68437,82255,Rhinolophus ferrumequinum,0.022,0.022,-1,Echolocation,/mnt/ubna_data_02_mir/recover-20221013/UBNA_001/20221012_030000.WAV,Telephone Field,recover-20221013,001,1795
690.6465,690.6866,68437,82287,Rhinolophus ferrumequinum,0.022,0.022,-1,Echolocation,/mnt/ubna_data_02_mir/recover-20221013/UBNA_001/20221012_030000.WAV,Telephone Field,recover-20221013,001,1795
690.6515,690.6902,68437,82312,Rhinolophus ferrumequinum,0.022,0.022,-1,Echolocation,/mnt/ubna_data_02_mir/recover-20221013/UBNA_001/20221012_030000.WAV,Telephone Field,recover-20221013,001,1795
690.6815,690.7226,68437,82331,Rhinolophus ferrumequinum,0.025,0.025,-1,Echolocation,/mnt/ubna_data_02_mir/recover-20221013/UBNA_001/20221012_030000.WAV,Telephone Field,recover-20221013,001,1795
690.6935,690.7347,68437,81987,Rhinolophus ferrumequinum,0.029,0.029,-1,Echolocation,/mnt/ubna_data_02_mir/recover-20221013/UBNA_001/20221012_030000.WAV,Telephone Field,recover-20221013,001,1795
690.7075,690.7446,68437,81715,Rhinolophus ferrumequinum,0.023,0.023,-1,Echolocation,/mnt/ubna_data_02_mir/recover-20221013/UBNA_001/20221012_030000.WAV,Telephone Field,recover-20221013,001,1795
690.7275,690.7673,68437,82162,Rhinolophus ferrumequinum,0.023,0.023,-1,Echolocation,/mnt/ubna_data_02_mir/recover-20221013/UBNA_001/20221012_030000.WAV,Telephone Field,recover-20221013,001,1795
690.7485,690.7582,25468,32890,Eptesicus serotinus,0.01,0.023,-1,Echolocation,/mnt/ubna_data_02_mir/recover-20221013/UBNA_001/20221012_030000.WAV,Telephone Field,recover-20221013,001,1795
690.7575,690.7952,68437,81721,Rhinolophus ferrumequinum,0.022,0.022,-1,Echolocation,/mnt/ubna_data_02_mir/recover-20221013/UBNA_001/20221012_030000.WAV,Telephone Field,recover-20221013,001,1795
690.7655,690.8023,68437,82184,Rhinolophus ferrumequinum,0.024,0.024,-1,Echolocation,/mnt/ubna_data_02_mir/recover-20221013/UBNA_001/20221012_030000.WAV,Telephone Field,recover-20221013,001,1795
690.8025,690.8126,28906,36366,Eptesicus serotinus,0.009,0.022,-1,Echolocation,/mnt/ubna_data_02_mir/recover-20221013/UBNA_001/20221012_030000.WAV,Telephone Field,recover-20221013,001,1795
690.8155,690.8547,68437,82660,Rhinolophus ferrumequinum,0.026,0.026,-1,Echolocation,/mnt/ubna_data_02_mir/recover-20221013/UBNA_001/20221012_030000.WAV,Telephone Field,recover-20221013,001,1795
690.8385,690.8801,68437,82325,Rhinolophus ferrumequinum,0.023,0.023,-1,Echolocation,/mnt/ubna_data_02_mir/recover-20221013/UBNA_001/20221012_030000.WAV,Telephone Field,recover-20221013,001,1795
690.8525,690.8928,68437,82273,Rhinolophus ferrumequinum,0.022,0.022,-1,Echolocation,/mnt/ubna_data_02_mir/recover-20221013/UBNA_001/20221012_030000.WAV,Telephone Field,recover-20221013,001,1795
690.8565,690.8689,22031,25973,Nyctalus leisleri,0.015,0.025,-1,Echolocation,/mnt/ubna_data_02_mir/recover-20221013/UBNA_001/20221012_030000.WAV,Telephone Field,recover-20221013,001,1795
690.9345,690.9732,68437,82311,Rhinolophus ferrumequinum,0.026,0.026,-1,Echolocation,/mnt/ubna_data_02_mir/recover-20221013/UBNA_001/20221012_030000.WAV,Telephone Field,recover-20221013,001,1795
690.9415,690.9516,28906,35355,Eptesicus serotinus,0.009,0.022,-1,Echolocation,/mnt/ubna_data_02_mir/recover-20221013/UBNA_001/20221012_030000.WAV,Telephone Field,recover-20221013,001,1795
690.9535,690.9913,68437,81682,Rhinolophus ferrumequinum,0.021,0.021,-1,Echolocation,/mnt/ubna_data_02_mir/recover-20221013/UBNA_001/20221012_030000.WAV,Telephone Field,recover-20221013,001,1795
690.9565,690.9779,16875,19995,Nyctalus noctula,0.018,0.029,-1,Echolocation,/mnt/ubna_data_02_mir/recover-20221013/UBNA_001/20221012_030000.WAV,Telephone Field,recover-20221013,001,1795
690.9635,690.9749,50390,57590,Pipistrellus pipistrellus,0.019,0.025,-1,Echolocation,/mnt/ubna_data_02_mir/recover-20221013/UBNA_001/20221012_030000.WAV,Telephone Field,recover-20221013,001,1795
690.9825,690.992,27187,37955,Eptesicus serotinus,0.01,0.023,-1,Echolocation,/mnt/ubna_data_02_mir/recover-20221013/UBNA_001/20221012_030000.WAV,Telephone Field,recover-20221013,001,1795
691.0035,691.0428,68437,82443,Rhinolophus ferrumequinum,0.023,0.023,-1,Echolocation,/mnt/ubna_data_02_mir/recover-20221013/UBNA_001/20221012_030000.WAV,Telephone Field,recover-20221013,001,1795
691.0125,691.023,22031,26813,Nyctalus leisleri,0.01,0.022,-1,Echolocation,/mnt/ubna_data_02_mir/recover-20221013/UBNA_001/20221012_030000.WAV,Telephone Field,recover-20221013,001,1795
691.0155,691.0232,28906,41550,Eptesicus serotinus,0.009,0.025,-1,Echolocation,/mnt/ubna_data_02_mir/recover-20221013/UBNA_001/20221012_030000.WAV,Telephone Field,recover-20221013,001,1795
691.0185,691.0559,68437,81717,Rhinolophus ferrumequinum,0.023,0.023,-1,Echolocation,/mnt/ubna_data_02_mir/recover-20221013/UBNA_001/20221012_030000.WAV,Telephone Field,recover-20221013,001,1795
691.0435,691.0512,46953,53999,Pipistrellus pipistrellus,0.019,0.021,-1,Echolocation,/mnt/ubna_data_02_mir/recover-20221013/UBNA_001/20221012_030000.WAV,Telephone Field,recover-20221013,001,1795
691.0545,691.0941,68437,82647,Rhinolophus ferrumequinum,0.021,0.021,-1,Echolocation,/mnt/ubna_data_02_mir/recover-20221013/UBNA_001/20221012_030000.WAV,Telephone Field,recover-20221013,001,1795
691.0635,691.0733,28046,35464,Eptesicus serotinus,0.013,0.026,-1,Echolocation,/mnt/ubna_data_02_mir/recover-20221013/UBNA_001/20221012_030000.WAV,Telephone Field,recover-20221013,001,1795
691.1435,691.1856,68437,82895,Rhinolophus ferrumequinum,0.04,0.04,-1,Echolocation,/mnt/ubna_data_02_mir/recover-20221013/UBNA_001/20221012_030000.WAV,Telephone Field,recover-20221013,001,1795
691.1705,691.2104,68437,82209,Rhinolophus ferrumequinum,0.022,0.022,-1,Echolocation,/mnt/ubna_data_02_mir/recover-20221013/UBNA_001/20221012_030000.WAV,Telephone Field,recover-20221013,001,1795
691.1775,691.2182,68437,82135,Rhinolophus ferrumequinum,0.022,0.022,-1,Echolocation,/mnt/ubna_data_02_mir/recover-20221013/UBNA_001/20221012_030000.WAV,Telephone Field,recover-20221013,001,1795
691.2065,691.2456,68437,82225,Rhinolophus ferrumequinum,0.023,0.023,-1,Echolocation,/mnt/ubna_data_02_mir/recover-20221013/UBNA_001/20221012_030000.WAV,Telephone Field,recover-20221013,001,1795
691.2285,691.2686,68437,82645,Rhinolophus ferrumequinum,0.022,0.022,-1,Echolocation,/mnt/ubna_data_02_mir/recover-20221013/UBNA_001/20221012_030000.WAV,Telephone Field,recover-20221013,001,1795
691.2435,691.2537,29765,36617,Eptesicus serotinus,0.011,0.024,-1,Echolocation,/mnt/ubna_data_02_mir/recover-20221013/UBNA_001/20221012_030000.WAV,Telephone Field,recover-20221013,001,1795
691.2485,691.2842,68437,81005,Rhinolophus ferrumequinum,0.022,0.022,-1,Echolocation,/mnt/ubna_data_02_mir/recover-20221013/UBNA_001/20221012_030000.WAV,Telephone Field,recover-20221013,001,1795
691.2745,691.2839,27187,39874,Eptesicus serotinus,0.009,0.022,-1,Echolocation,/mnt/ubna_data_02_mir/recover-20221013/UBNA_001/20221012_030000.WAV,Telephone Field,recover-20221013,001,1795
691.2825,691.2903,28046,38817,Eptesicus serotinus,0.009,0.026,-1,Echolocation,/mnt/ubna_data_02_mir/recover-20221013/UBNA_001/20221012_030000.WAV,Telephone Field,recover-20221013,001,1795
691.3275,691.3359,26328,35444,Eptesicus serotinus,0.009,0.023,-1,Echolocation,/mnt/ubna_data_02_mir/recover-20221013/UBNA_001/20221012_030000.WAV,Telephone Field,recover-20221013,001,1795
691.3825,691.4209,68437,81947,Rhinolophus ferrumequinum,0.021,0.021,-1,Echolocation,/mnt/ubna_data_02_mir/recover-20221013/UBNA_001/20221012_030000.WAV,Telephone Field,recover-20221013,001,1795
691.3865,691.3936,28046,39971,Eptesicus serotinus,0.006,0.023,-1,Echolocation,/mnt/ubna_data_02_mir/recover-20221013/UBNA_001/20221012_030000.WAV,Telephone Field,recover-20221013,001,1795
691.4245,691.4633,68437,82261,Rhinolophus ferrumequinum,0.022,0.022,-1,Echolocation,/mnt/ubna_data_02_mir/recover-20221013/UBNA_001/20221012_030000.WAV,Telephone Field,recover-20221013,001,1795
691.4295,691.4399,24609,31074,Nyctalus leisleri,0.008,0.022,-1,Echolocation,/mnt/ubna_data_02_mir/recover-20221013/UBNA_001/20221012_030000.WAV,Telephone Field,recover-20221013,001,1795
691.5115,691.5511,68437,82359,Rhinolophus ferrumequinum,0.022,0.022,-1,Echolocation,/mnt/ubna_data_02_mir/recover-20221013/UBNA_001/20221012_030000.WAV,Telephone Field,recover-20221013,001,1795
691.5455,691.5874,68437,82728,Rhinolophus ferrumequinum,0.025,0.025,-1,Echolocation,/mnt/ubna_data_02_mir/recover-20221013/UBNA_001/20221012_030000.WAV,Telephone Field,recover-20221013,001,1795
691.5665,691.6041,68437,81848,Rhinolophus ferrumequinum,0.023,0.023,-1,Echolocation,/mnt/ubna_data_02_mir/recover-20221013/UBNA_001/20221012_030000.WAV,Telephone Field,recover-20221013,001,1795
691.6115,691.6199,27187,37115,Eptesicus serotinus,0.007,0.022,-1,Echolocation,/mnt/ubna_data_02_mir/recover-20221013/UBNA_001/20221012_030000.WAV,Telephone Field,recover-20221013,001,1795
691.6325,691.6456,23750,27961,Nyctalus leisleri,0.013,0.024,-1,Echolocation,/mnt/ubna_data_02_mir/recover-20221013/UBNA_001/20221012_030000.WAV,Telephone Field,recover-20221013,001,1795
691.6335,691.6725,68437,82304,Rhinolophus ferrumequinum,0.022,0.022,-1,Echolocation,/mnt/ubna_data_02_mir/recover-20221013/UBNA_001/20221012_030000.WAV,Telephone Field,recover-20221013,001,1795
691.6625,691.6694,25468,35002,Plecotus austriacus,0.008,0.027,-1,Echolocation,/mnt/ubna_data_02_mir/recover-20221013/UBNA_001/20221012_030000.WAV,Telephone Field,recover-20221013,001,1795
691.6955,691.7339,68437,82212,Rhinolophus ferrumequinum,0.021,0.021,-1,Echolocation,/mnt/ubna_data_02_mir/recover-20221013/UBNA_001/20221012_030000.WAV,Telephone Field,recover-20221013,001,1795
691.7235,691.7609,68437,81960,Rhinolophus ferrumequinum,0.026,0.026,-1,Echolocation,/mnt/ubna_data_02_mir/recover-20221013/UBNA_001/20221012_030000.WAV,Telephone Field,recover-20221013,001,1795
691.7535,691.7658,46093,50174,Pipistrellus pipistrellus,0.045,0.047,-1,Echolocation,/mnt/ubna_data_02_mir/recover-20221013/UBNA_001/20221012_030000.WAV,Telephone Field,recover-20221013,001,1795
691.7615,691.7983,68437,81502,Rhinolophus ferrumequinum,0.022,0.022,-1,Echolocation,/mnt/ubna_data_02_mir/recover-20221013/UBNA_001/20221012_030000.WAV,Telephone Field,recover-20221013,001,1795
691.7805,691.8189,68437,81428,Rhinolophus ferrumequinum,0.027,0.027,-1,Echolocation,/mnt/ubna_data_02_mir/recover-20221013/UBNA_001/20221012_030000.WAV,Telephone Field,recover-20221013,001,1795
691.8125,691.8219,31484,43337,Myotis daubentonii,0.007,0.025,-1,Echolocation,/mnt/ubna_data_02_mir/recover-20221013/UBNA_001/20221012_030000.WAV,Telephone Field,recover-20221013,001,1795
691.8145,691.8273,51250,56609,Pipistrellus pipistrellus,0.029,0.04,-1,Echolocation,/mnt/ubna_data_02_mir/recover-20221013/UBNA_001/20221012_030000.WAV,Telephone Field,recover-20221013,001,1795
691.8355,691.8758,68437,82529,Rhinolophus ferrumequinum,0.023,0.023,-1,Echolocation,/mnt/ubna_data_02_mir/recover-20221013/UBNA_001/20221012_030000.WAV,Telephone Field,recover-20221013,001,1795
691.8455,691.8535,23750,31705,Plecotus austriacus,0.007,0.022,-1,Echolocation,/mnt/ubna_data_02_mir/recover-20221013/UBNA_001/20221012_030000.WAV,Telephone Field,recover-20221013,001,1795
691.8875,691.8975,23750,30438,Nyctalus leisleri,0.009,0.026,-1,Echolocation,/mnt/ubna_data_02_mir/recover-20221013/UBNA_001/20221012_030000.WAV,Telephone Field,recover-20221013,001,1795
691.8905,691.9006,44375,51259,Pipistrellus pipistrellus,0.023,0.03,-1,Echolocation,/mnt/ubna_data_02_mir/recover-20221013/UBNA_001/20221012_030000.WAV,Telephone Field,recover-20221013,001,1795
691.9155,691.9245,23750,30816,Nyctalus leisleri,0.009,0.026,-1,Echolocation,/mnt/ubna_data_02_mir/recover-20221013/UBNA_001/20221012_030000.WAV,Telephone Field,recover-20221013,001,1795
691.9475,691.9581,25468,31954,Nyctalus leisleri,0.011,0.029,-1,Echolocation,/mnt/ubna_data_02_mir/recover-20221013/UBNA_001/20221012_030000.WAV,Telephone Field,recover-20221013,001,1795
691.9835,691.9917,28046,39506,Eptesicus serotinus,0.008,0.022,-1,Echolocation,/mnt/ubna_data_02_mir/recover-20221013/UBNA_001/20221012_030000.WAV,Telephone Field,recover-20221013,001,1795
692.0015,692.0111,26328,33396,Eptesicus serotinus,0.011,0.032,-1,Echolocation,/mnt/ubna_data_02_mir/recover-20221013/UBNA_001/20221012_030000.WAV,Telephone Field,recover-20221013,001,1795
692.0015,692.013,21171,26211,Nyctalus leisleri,0.011,0.025,-1,Echolocation,/mnt/ubna_data_02_mir/recover-20221013/UBNA_001/20221012_030000.WAV,Telephone Field,recover-20221013,001,1795
692.0015,692.032,68437,79446,Rhinolophus ferrumequinum,0.028,0.029,-1,Echolocation,/mnt/ubna_data_02_mir/recover-20221013/UBNA_001/20221012_030000.WAV,Telephone Field,recover-20221013,001,1795
692.0165,692.0576,68437,83074,Rhinolophus ferrumequinum,0.022,0.022,-1,Echolocation,/mnt/ubna_data_02_mir/recover-20221013/UBNA_001/20221012_030000.WAV,Telephone Field,recover-20221013,001,1795
692.0415,692.0822,68437,82311,Rhinolophus ferrumequinum,0.027,0.027,-1,Echolocation,/mnt/ubna_data_02_mir/recover-20221013/UBNA_001/20221012_030000.WAV,Telephone Field,recover-20221013,001,1795
692.0585,692.0701,22890,28359,Nyctalus leisleri,0.01,0.022,-1,Echolocation,/mnt/ubna_data_02_mir/recover-20221013/UBNA_001/20221012_030000.WAV,Telephone Field,recover-20221013,001,1795
692.0605,692.0991,68437,82310,Rhinolophus ferrumequinum,0.022,0.022,-1,Echolocation,/mnt/ubna_data_02_mir/recover-20221013/UBNA_001/20221012_030000.WAV,Telephone Field,recover-20221013,001,1795
692.1165,692.1539,68437,81495,Rhinolophus ferrumequinum,0.021,0.021,-1,Echolocation,/mnt/ubna_data_02_mir/recover-20221013/UBNA_001/20221012_030000.WAV,Telephone Field,recover-20221013,001,1795
692.1255,692.1348,36640,45041,Myotis daubentonii,0.006,0.024,-1,Echolocation,/mnt/ubna_data_02_mir/recover-20221013/UBNA_001/20221012_030000.WAV,Telephone Field,recover-20221013,001,1795
692.1585,692.197,68437,82370,Rhinolophus ferrumequinum,0.023,0.023,-1,Echolocation,/mnt/ubna_data_02_mir/recover-20221013/UBNA_001/20221012_030000.WAV,Telephone Field,recover-20221013,001,1795
692.1955,692.2325,68437,80592,Rhinolophus ferrumequinum,0.024,0.024,-1,Echolocation,/mnt/ubna_data_02_mir/recover-20221013/UBNA_001/20221012_030000.WAV,Telephone Field,recover-20221013,001,1795
692.2665,692.2741,28046,38617,Eptesicus serotinus,0.008,0.024,-1,Echolocation,/mnt/ubna_data_02_mir/recover-20221013/UBNA_001/20221012_030000.WAV,Telephone Field,recover-20221013,001,1795
692.3255,692.3616,68437,81756,Rhinolophus ferrumequinum,0.024,0.024,-1,Echolocation,/mnt/ubna_data_02_mir/recover-20221013/UBNA_001/20221012_030000.WAV,Telephone Field,recover-20221013,001,1795
692.3355,692.3437,28046,39054,Eptesicus serotinus,0.008,0.023,-1,Echolocation,/mnt/ubna_data_02_mir/recover-20221013/UBNA_001/20221012_030000.WAV,Telephone Field,recover-20221013,001,1795
692.3765,692.4179,68437,82938,Rhinolophus ferrumequinum,0.036,0.036,-1,Echolocation,/mnt/ubna_data_02_mir/recover-20221013/UBNA_001/20221012_030000.WAV,Telephone Field,recover-20221013,001,1795
692.3825,692.4241,68437,83364,Rhinolophus ferrumequinum,0.033,0.033,-1,Echolocation,/mnt/ubna_data_02_mir/recover-20221013/UBNA_001/20221012_030000.WAV,Telephone Field,recover-20221013,001,1795
692.4155,692.455,68437,82561,Rhinolophus ferrumequinum,0.03,0.03,-1,Echolocation,/mnt/ubna_data_02_mir/recover-20221013/UBNA_001/20221012_030000.WAV,Telephone Field,recover-20221013,001,1795
692.4205,692.4307,22890,28772,Nyctalus leisleri,0.009,0.021,-1,Echolocation,/mnt/ubna_data_02_mir/recover-20221013/UBNA_001/20221012_030000.WAV,Telephone Field,recover-20221013,001,1795
692.4235,692.4619,68437,81560,Rhinolophus ferrumequinum,0.022,0.022,-1,Echolocation,/mnt/ubna_data_02_mir/recover-20221013/UBNA_001/20221012_030000.WAV,Telephone Field,recover-20221013,001,1795
692.4345,692.4425,25468,35037,Eptesicus serotinus,0.009,0.024,-1,Echolocation,/mnt/ubna_data_02_mir/recover-20221013/UBNA_001/20221012_030000.WAV,Telephone Field,recover-20221013,001,1795
692.5025,692.5172,20312,23247,Nyctalus leisleri,0.015,0.024,-1,Echolocation,/mnt/ubna_data_02_mir/recover-20221013/UBNA_001/20221012_030000.WAV,Telephone Field,recover-20221013,001,1795
692.5245,692.5339,24609,31593,Eptesicus serotinus,0.01,0.027,-1,Echolocation,/mnt/ubna_data_02_mir/recover-20221013/UBNA_001/20221012_030000.WAV,Telephone Field,recover-20221013,001,1795
692.5425,692.5516,26328,34474,Eptesicus serotinus,0.01,0.025,-1,Echolocation,/mnt/ubna_data_02_mir/recover-20221013/UBNA_001/20221012_030000.WAV,Telephone Field,recover-20221013,001,1795
692.5565,692.5966,68437,82968,Rhinolophus ferrumequinum,0.025,0.025,-1,Echolocation,/mnt/ubna_data_02_mir/recover-20221013/UBNA_001/20221012_030000.WAV,Telephone Field,recover-20221013,001,1795
692.6155,692.6262,45234,53388,Pipistrellus pipistrellus,0.028,0.037,-1,Echolocation,/mnt/ubna_data_02_mir/recover-20221013/UBNA_001/20221012_030000.WAV,Telephone Field,recover-20221013,001,1795
692.6165,692.6276,22890,27654,Nyctalus leisleri,0.012,0.023,-1,Echolocation,/mnt/ubna_data_02_mir/recover-20221013/UBNA_001/20221012_030000.WAV,Telephone Field,recover-20221013,001,1795
692.6295,692.6706,68437,83449,Rhinolophus ferrumequinum,0.026,0.026,-1,Echolocation,/mnt/ubna_data_02_mir/recover-20221013/UBNA_001/20221012_030000.WAV,Telephone Field,recover-20221013,001,1795
692.6515,692.6594,22890,30975,Plecotus austriacus,0.013,0.028,-1,Echolocation,/mnt/ubna_data_02_mir/recover-20221013/UBNA_001/20221012_030000.WAV,Telephone Field,recover-20221013,001,1795
692.6575,692.6934,68437,81548,Rhinolophus ferrumequinum,0.021,0.022,-1,Echolocation,/mnt/ubna_data_02_mir/recover-20221013/UBNA_001/20221012_030000.WAV,Telephone Field,recover-20221013,001,1795
692.6845,692.6943,28046,36311,Eptesicus serotinus,0.009,0.021,-1,Echolocation,/mnt/ubna_data_02_mir/recover-20221013/UBNA_001/20221012_030000.WAV,Telephone Field,recover-20221013,001,1795
692.6875,692.7259,68437,81856,Rhinolophus ferrumequinum,0.021,0.021,-1,Echolocation,/mnt/ubna_data_02_mir/recover-20221013/UBNA_001/20221012_030000.WAV,Telephone Field,recover-20221013,001,1795
692.6975,692.7059,51250,57340,Pipistrellus pipistrellus,0.017,0.021,-1,Echolocation,/mnt/ubna_data_02_mir/recover-20221013/UBNA_001/20221012_030000.WAV,Telephone Field,recover-20221013,001,1795
692.7195,692.7599,68437,82260,Rhinolophus ferrumequinum,0.021,0.021,-1,Echolocation,/mnt/ubna_data_02_mir/recover-20221013/UBNA_001/20221012_030000.WAV,Telephone Field,recover-20221013,001,1795
692.7575,692.7973,68437,82602,Rhinolophus ferrumequinum,0.025,0.025,-1,Echolocation,/mnt/ubna_data_02_mir/recover-20221013/UBNA_001/20221012_030000.WAV,Telephone Field,recover-20221013,001,1795
692.7855,692.8223,68437,81918,Rhinolophus ferrumequinum,0.023,0.023,-1,Echolocation,/mnt/ubna_data_02_mir/recover-20221013/UBNA_001/20221012_030000.WAV,Telephone Field,recover-20221013,001,1795
692.7905,692.8016,25468,31514,Eptesicus serotinus,0.011,0.028,-1,Echolocation,/mnt/ubna_data_02_mir/recover-20221013/UBNA_001/20221012_030000.WAV,Telephone Field,recover-20221013,001,1795
692.8325,692.8742,68437,82119,Rhinolophus ferrumequinum,0.032,0.032,-1,Echolocation,/mnt/ubna_data_02_mir/recover-20221013/UBNA_001/20221012_030000.WAV,Telephone Field,recover-20221013,001,1795
692.9105,692.9499,68437,82441,Rhinolophus ferrumequinum,0.022,0.022,-1,Echolocation,/mnt/ubna_data_02_mir/recover-20221013/UBNA_001/20221012_030000.WAV,Telephone Field,recover-20221013,001,1795
692.9345,692.9755,68437,82918,Rhinolophus ferrumequinum,0.035,0.035,-1,Echolocation,/mnt/ubna_data_02_mir/recover-20221013/UBNA_001/20221012_030000.WAV,Telephone Field,recover-20221013,001,1795
692.9415,692.9527,22890,28482,Nyctalus leisleri,0.013,0.026,-1,Echolocation,/mnt/ubna_data_02_mir/recover-20221013/UBNA_001/20221012_030000.WAV,Telephone Field,recover-20221013,001,1795
692.9835,692.9929,28046,37498,Eptesicus serotinus,0.011,0.026,-1,Echolocation,/mnt/ubna_data_02_mir/recover-20221013/UBNA_001/20221012_030000.WAV,Telephone Field,recover-20221013,001,1795
693.0135,693.0499,68437,81088,Rhinolophus ferrumequinum,0.021,0.021,-1,Echolocation,/mnt/ubna_data_02_mir/recover-20221013/UBNA_001/20221012_030000.WAV,Telephone Field,recover-20221013,001,1795
693.0395,693.0483,29765,38358,Eptesicus serotinus,0.017,0.034,-1,Echolocation,/mnt/ubna_data_02_mir/recover-20221013/UBNA_001/20221012_030000.WAV,Telephone Field,recover-20221013,001,1795
693.0865,693.1268,68437,82124,Rhinolophus ferrumequinum,0.022,0.022,-1,Echolocation,/mnt/ubna_data_02_mir/recover-20221013/UBNA_001/20221012_030000.WAV,Telephone Field,recover-20221013,001,1795
693.2245,693.2634,68437,82004,Rhinolophus ferrumequinum,0.022,0.022,-1,Echolocation,/mnt/ubna_data_02_mir/recover-20221013/UBNA_001/20221012_030000.WAV,Telephone Field,recover-20221013,001,1795
693.2355,693.2482,23750,29026,Nyctalus leisleri,0.015,0.029,-1,Echolocation,/mnt/ubna_data_02_mir/recover-20221013/UBNA_001/20221012_030000.WAV,Telephone Field,recover-20221013,001,1795
693.2435,693.2858,68437,82757,Rhinolophus ferrumequinum,0.036,0.036,-1,Echolocation,/mnt/ubna_data_02_mir/recover-20221013/UBNA_001/20221012_030000.WAV,Telephone Field,recover-20221013,001,1795
693.2895,693.3271,68437,82071,Rhinolophus ferrumequinum,0.021,0.021,-1,Echolocation,/mnt/ubna_data_02_mir/recover-20221013/UBNA_001/20221012_030000.WAV,Telephone Field,recover-20221013,001,1795
693.2925,693.3014,26328,35175,Eptesicus serotinus,0.008,0.023,-1,Echolocation,/mnt/ubna_data_02_mir/recover-20221013/UBNA_001/20221012_030000.WAV,Telephone Field,recover-20221013,001,1795
693.3035,693.3155,23750,28995,Nyctalus leisleri,0.01,0.022,-1,Echolocation,/mnt/ubna_data_02_mir/recover-20221013/UBNA_001/20221012_030000.WAV,Telephone Field,recover-20221013,001,1795
693.3075,693.3486,68437,82173,Rhinolophus ferrumequinum,0.027,0.027,-1,Echolocation,/mnt/ubna_data_02_mir/recover-20221013/UBNA_001/20221012_030000.WAV,Telephone Field,recover-20221013,001,1795
693.3495,693.3571,28906,39252,Eptesicus serotinus,0.007,0.025,-1,Echolocation,/mnt/ubna_data_02_mir/recover-20221013/UBNA_001/20221012_030000.WAV,Telephone Field,recover-20221013,001,1795
693.4345,693.4725,68437,81941,Rhinolophus ferrumequinum,0.024,0.024,-1,Echolocation,/mnt/ubna_data_02_mir/recover-20221013/UBNA_001/20221012_030000.WAV,Telephone Field,recover-20221013,001,1795
693.4435,693.4841,68437,82690,Rhinolophus ferrumequinum,0.025,0.025,-1,Echolocation,/mnt/ubna_data_02_mir/recover-20221013/UBNA_001/20221012_030000.WAV,Telephone Field,recover-20221013,001,1795
693.4865,693.5252,68437,82182,Rhinolophus ferrumequinum,0.022,0.022,-1,Echolocation,/mnt/ubna_data_02_mir/recover-20221013/UBNA_001/20221012_030000.WAV,Telephone Field,recover-20221013,001,1795
693.4915,693.5002,27187,36179,Eptesicus serotinus,0.008,0.024,-1,Echolocation,/mnt/ubna_data_02_mir/recover-20221013/UBNA_001/20221012_030000.WAV,Telephone Field,recover-20221013,001,1795
693.5225,693.5595,68437,81898,Rhinolophus ferrumequinum,0.022,0.022,-1,Echolocation,/mnt/ubna_data_02_mir/recover-20221013/UBNA_001/20221012_030000.WAV,Telephone Field,recover-20221013,001,1795
693.5385,693.5778,68437,81475,Rhinolophus ferrumequinum,0.022,0.022,-1,Echolocation,/mnt/ubna_data_02_mir/recover-20221013/UBNA_001/20221012_030000.WAV,Telephone Field,recover-20221013,001,1795
693.5565,693.5929,68437,81493,Rhinolophus ferrumequinum,0.024,0.024,-1,Echolocation,/mnt/ubna_data_02_mir/recover-20221013/UBNA_001/20221012_030000.WAV,Telephone Field,recover-20221013,001,1795
693.5755,693.6175,68437,83252,Rhinolophus ferrumequinum,0.037,0.037,-1,Echolocation,/mnt/ubna_data_02_mir/recover-20221013/UBNA_001/20221012_030000.WAV,Telephone Field,recover-20221013,001,1795
693.6355,693.6431,28046,41014,Eptesicus serotinus,0.008,0.024,-1,Echolocation,/mnt/ubna_data_02_mir/recover-20221013/UBNA_001/20221012_030000.WAV,Telephone Field,recover-20221013,001,1795
693.7085,693.7467,68437,81435,Rhinolophus ferrumequinum,0.023,0.023,-1,Echolocation,/mnt/ubna_data_02_mir/recover-20221013/UBNA_001/20221012_030000.WAV,Telephone Field,recover-20221013,001,1795
693.7105,693.7184,27187,39983,Eptesicus serotinus,0.008,0.023,-1,Echolocation,/mnt/ubna_data_02_mir/recover-20221013/UBNA_001/20221012_030000.WAV,Telephone Field,recover-20221013,001,1795
693.7115,693.7212,34921,41572,Barbastellus barbastellus,0.008,0.027,-1,Echolocation,/mnt/ubna_data_02_mir/recover-20221013/UBNA_001/20221012_030000.WAV,Telephone Field,recover-20221013,001,1795
693.8335,693.8702,68437,82547,Rhinolophus ferrumequinum,0.027,0.027,-1,Echolocation,/mnt/ubna_data_02_mir/recover-20221013/UBNA_001/20221012_030000.WAV,Telephone Field,recover-20221013,001,1795
693.8615,693.8993,68437,82107,Rhinolophus ferrumequinum,0.027,0.027,-1,Echolocation,/mnt/ubna_data_02_mir/recover-20221013/UBNA_001/20221012_030000.WAV,Telephone Field,recover-20221013,001,1795
693.8705,693.9073,68437,81697,Rhinolophus ferrumequinum,0.022,0.022,-1,Echolocation,/mnt/ubna_data_02_mir/recover-20221013/UBNA_001/20221012_030000.WAV,Telephone Field,recover-20221013,001,1795
693.9075,693.9152,28906,39022,Eptesicus serotinus,0.007,0.022,-1,Echolocation,/mnt/ubna_data_02_mir/recover-20221013/UBNA_001/20221012_030000.WAV,Telephone Field,recover-20221013,001,1795
693.9225,693.9569,68437,80901,Rhinolophus ferrumequinum,0.021,0.021,-1,Echolocation,/mnt/ubna_data_02_mir/recover-20221013/UBNA_001/20221012_030000.WAV,Telephone Field,recover-20221013,001,1795
693.9585,693.998,68437,82853,Rhinolophus ferrumequinum,0.026,0.026,-1,Echolocation,/mnt/ubna_data_02_mir/recover-20221013/UBNA_001/20221012_030000.WAV,Telephone Field,recover-20221013,001,1795
693.9735,693.9834,28046,36316,Eptesicus serotinus,0.01,0.022,-1,Echolocation,/mnt/ubna_data_02_mir/recover-20221013/UBNA_001/20221012_030000.WAV,Telephone Field,recover-20221013,001,1795
693.9815,693.9916,28906,35962,Eptesicus serotinus,0.01,0.024,-1,Echolocation,/mnt/ubna_data_02_mir/recover-20221013/UBNA_001/20221012_030000.WAV,Telephone Field,recover-20221013,001,1795
693.9825,693.9921,14296,19782,Nyctalus noctula,0.017,0.033,-1,Echolocation,/mnt/ubna_data_02_mir/recover-20221013/UBNA_001/20221012_030000.WAV,Telephone Field,recover-20221013,001,1795
694.0015,694.0356,69296,81447,Rhinolophus ferrumequinum,0.029,0.029,-1,Echolocation,/mnt/ubna_data_02_mir/recover-20221013/UBNA_001/20221012_030000.WAV,Telephone Field,recover-20221013,001,1795
694.0015,694.0124,22890,29004,Nyctalus leisleri,0.018,0.04,-1,Echolocation,/mnt/ubna_data_02_mir/recover-20221013/UBNA_001/20221012_030000.WAV,Telephone Field,recover-20221013,001,1795
694.0085,694.0538,68437,82616,Rhinolophus ferrumequinum,0.024,0.024,-1,Echolocation,/mnt/ubna_data_02_mir/recover-20221013/UBNA_001/20221012_030000.WAV,Telephone Field,recover-20221013,001,1795
694.0255,694.0319,28046,39768,Eptesicus serotinus,0.006,0.021,-1,Echolocation,/mnt/ubna_data_02_mir/recover-20221013/UBNA_001/20221012_030000.WAV,Telephone Field,recover-20221013,001,1795
694.0345,694.0696,68437,81012,Rhinolophus ferrumequinum,0.022,0.022,-1,Echolocation,/mnt/ubna_data_02_mir/recover-20221013/UBNA_001/20221012_030000.WAV,Telephone Field,recover-20221013,001,1795
694.0495,694.0849,68437,80921,Rhinolophus ferrumequinum,0.021,0.021,-1,Echolocation,/mnt/ubna_data_02_mir/recover-20221013/UBNA_001/20221012_030000.WAV,Telephone Field,recover-20221013,001,1795
694.0505,694.0581,27187,36957,Eptesicus serotinus,0.009,0.024,-1,Echolocation,/mnt/ubna_data_02_mir/recover-20221013/UBNA_001/20221012_030000.WAV,Telephone Field,recover-20221013,001,1795
694.0595,694.097,68437,81909,Rhinolophus ferrumequinum,0.021,0.021,-1,Echolocation,/mnt/ubna_data_02_mir/recover-20221013/UBNA_001/20221012_030000.WAV,Telephone Field,recover-20221013,001,1795
694.0665,694.1065,68437,82509,Rhinolophus ferrumequinum,0.021,0.021,-1,Echolocation,/mnt/ubna_data_02_mir/recover-20221013/UBNA_001/20221012_030000.WAV,Telephone Field,recover-20221013,001,1795
694.1005,694.1411,68437,82544,Rhinolophus ferrumequinum,0.022,0.022,-1,Echolocation,/mnt/ubna_data_02_mir/recover-20221013/UBNA_001/20221012_030000.WAV,Telephone Field,recover-20221013,001,1795
694.1235,694.1628,68437,82396,Rhinolophus ferrumequinum,0.026,0.026,-1,Echolocation,/mnt/ubna_data_02_mir/recover-20221013/UBNA_001/20221012_030000.WAV,Telephone Field,recover-20221013,001,1795
694.1295,694.1368,34921,41381,Barbastellus barbastellus,0.068,0.097,-1,Echolocation,/mnt/ubna_data_02_mir/recover-20221013/UBNA_001/20221012_030000.WAV,Telephone Field,recover-20221013,001,1795
694.1295,694.1377,28046,41464,Eptesicus serotinus,0.022,0.042,-1,Echolocation,/mnt/ubna_data_02_mir/recover-20221013/UBNA_001/20221012_030000.WAV,Telephone Field,recover-20221013,001,1795
694.1325,694.1728,68437,83086,Rhinolophus ferrumequinum,0.027,0.027,-1,Echolocation,/mnt/ubna_data_02_mir/recover-20221013/UBNA_001/20221012_030000.WAV,Telephone Field,recover-20221013,001,1795
694.1525,694.1909,68437,81930,Rhinolophus ferrumequinum,0.025,0.025,-1,Echolocation,/mnt/ubna_data_02_mir/recover-20221013/UBNA_001/20221012_030000.WAV,Telephone Field,recover-20221013,001,1795
694.1655,694.204,68437,82259,Rhinolophus ferrumequinum,0.021,0.021,-1,Echolocation,/mnt/ubna_data_02_mir/recover-20221013/UBNA_001/20221012_030000.WAV,Telephone Field,recover-20221013,001,1795
694.1785,694.2083,68437,80441,Rhinolophus ferrumequinum,0.021,0.022,-1,Echolocation,/mnt/ubna_data_02_mir/recover-20221013/UBNA_001/20221012_030000.WAV,Telephone Field,recover-20221013,001,1795
694.1925,694.2312,68437,82567,Rhinolophus ferrumequinum,0.023,0.023,-1,Echolocation,/mnt/ubna_data_02_mir/recover-20221013/UBNA_001/20221012_030000.WAV,Telephone Field,recover-20221013,001,1795
694.2035,694.236,68437,81065,Rhinolophus ferrumequinum,0.021,0.021,-1,Echolocation,/mnt/ubna_data_02_mir/recover-20221013/UBNA_001/20221012_030000.WAV,Telephone Field,recover-20221013,001,1795
694.2125,694.2505,68437,82375,Rhinolophus ferrumequinum,0.021,0.021,-1,Echolocation,/mnt/ubna_data_02_mir/recover-20221013/UBNA_001/20221012_030000.WAV,Telephone Field,recover-20221013,001,1795
694.2375,694.2763,68437,82243,Rhinolophus ferrumequinum,0.025,0.025,-1,Echolocation,/mnt/ubna_data_02_mir/recover-20221013/UBNA_001/20221012_030000.WAV,Telephone Field,recover-20221013,001,1795
694.2665,694.3019,68437,81135,Rhinolophus ferrumequinum,0.021,0.021,-1,Echolocation,/mnt/ubna_data_02_mir/recover-20221013/UBNA_001/20221012_030000.WAV,Telephone Field,recover-20221013,001,1795
694.2755,694.2836,28046,38729,Eptesicus serotinus,0.008,0.022,-1,Echolocation,/mnt/ubna_data_02_mir/recover-20221013/UBNA_001/20221012_030000.WAV,Telephone Field,recover-20221013,001,1795
694.3335,694.3735,68437,82445,Rhinolophus ferrumequinum,0.023,0.023,-1,Echolocation,/mnt/ubna_data_02_mir/recover-20221013/UBNA_001/20221012_030000.WAV,Telephone Field,recover-20221013,001,1795
694.3475,694.3559,23750,32267,Plecotus austriacus,0.009,0.024,-1,Echolocation,/mnt/ubna_data_02_mir/recover-20221013/UBNA_001/20221012_030000.WAV,Telephone Field,recover-20221013,001,1795
694.3615,694.3833,18593,22146,Nyctalus noctula,0.027,0.039,-1,Echolocation,/mnt/ubna_data_02_mir/recover-20221013/UBNA_001/20221012_030000.WAV,Telephone Field,recover-20221013,001,1795
694.3645,694.4034,68437,82399,Rhinolophus ferrumequinum,0.027,0.027,-1,Echolocation,/mnt/ubna_data_02_mir/recover-20221013/UBNA_001/20221012_030000.WAV,Telephone Field,recover-20221013,001,1795
694.3845,694.4235,68437,82366,Rhinolophus ferrumequinum,0.021,0.021,-1,Echolocation,/mnt/ubna_data_02_mir/recover-20221013/UBNA_001/20221012_030000.WAV,Telephone Field,recover-20221013,001,1795
694.4165,694.4253,28046,38316,Eptesicus serotinus,0.009,0.023,-1,Echolocation,/mnt/ubna_data_02_mir/recover-20221013/UBNA_001/20221012_030000.WAV,Telephone Field,recover-20221013,001,1795
694.4475,694.4899,68437,83124,Rhinolophus ferrumequinum,0.028,0.028,-1,Echolocation,/mnt/ubna_data_02_mir/recover-20221013/UBNA_001/20221012_030000.WAV,Telephone Field,recover-20221013,001,1795
694.4795,694.4876,27187,39178,Eptesicus serotinus,0.008,0.022,-1,Echolocation,/mnt/ubna_data_02_mir/recover-20221013/UBNA_001/20221012_030000.WAV,Telephone Field,recover-20221013,001,1795
694.5095,694.5201,28046,35814,Eptesicus serotinus,0.01,0.021,-1,Echolocation,/mnt/ubna_data_02_mir/recover-20221013/UBNA_001/20221012_030000.WAV,Telephone Field,recover-20221013,001,1795
694.5095,694.5461,68437,81680,Rhinolophus ferrumequinum,0.024,0.024,-1,Echolocation,/mnt/ubna_data_02_mir/recover-20221013/UBNA_001/20221012_030000.WAV,Telephone Field,recover-20221013,001,1795
694.5275,694.5365,28046,39360,Eptesicus serotinus,0.01,0.023,-1,Echolocation,/mnt/ubna_data_02_mir/recover-20221013/UBNA_001/20221012_030000.WAV,Telephone Field,recover-20221013,001,1795
694.5345,694.575,68437,82441,Rhinolophus ferrumequinum,0.023,0.023,-1,Echolocation,/mnt/ubna_data_02_mir/recover-20221013/UBNA_001/20221012_030000.WAV,Telephone Field,recover-20221013,001,1795
694.5375,694.5434,28906,40847,Eptesicus serotinus,0.008,0.035,-1,Echolocation,/mnt/ubna_data_02_mir/recover-20221013/UBNA_001/20221012_030000.WAV,Telephone Field,recover-20221013,001,1795
694.5525,694.5918,68437,81665,Rhinolophus ferrumequinum,0.023,0.023,-1,Echolocation,/mnt/ubna_data_02_mir/recover-20221013/UBNA_001/20221012_030000.WAV,Telephone Field,recover-20221013,001,1795
694.5565,694.5691,37500,42821,Pipistrellus nathusii,0.018,0.034,-1,Echolocation,/mnt/ubna_data_02_mir/recover-20221013/UBNA_001/20221012_030000.WAV,Telephone Field,recover-20221013,001,1795
694.5765,694.6151,68437,82243,Rhinolophus ferrumequinum,0.024,0.024,-1,Echolocation,/mnt/ubna_data_02_mir/recover-20221013/UBNA_001/20221012_030000.WAV,Telephone Field,recover-20221013,001,1795
694.5955,694.6314,68437,81240,Rhinolophus ferrumequinum,0.023,0.023,-1,Echolocation,/mnt/ubna_data_02_mir/recover-20221013/UBNA_001/20221012_030000.WAV,Telephone Field,recover-20221013,001,1795
694.6335,694.6392,49531,55758,Pipistrellus pipistrellus,0.035,0.038,-1,Echolocation,/mnt/ubna_data_02_mir/recover-20221013/UBNA_001/20221012_030000.WAV,Telephone Field,recover-20221013,001,1795
694.6555,694.6951,68437,82379,Rhinolophus ferrumequinum,0.026,0.026,-1,Echolocation,/mnt/ubna_data_02_mir/recover-20221013/UBNA_001/20221012_030000.WAV,Telephone Field,recover-20221013,001,1795
694.6615,694.6695,28046,39226,Eptesicus serotinus,0.007,0.021,-1,Echolocation,/mnt/ubna_data_02_mir/recover-20221013/UBNA_001/20221012_030000.WAV,Telephone Field,recover-20221013,001,1795
694.7305,694.7487,20312,23605,Nyctalus leisleri,0.012,0.022,-1,Echolocation,/mnt/ubna_data_02_mir/recover-20221013/UBNA_001/20221012_030000.WAV,Telephone Field,recover-20221013,001,1795
694.7355,694.776,68437,82455,Rhinolophus ferrumequinum,0.022,0.022,-1,Echolocation,/mnt/ubna_data_02_mir/recover-20221013/UBNA_001/20221012_030000.WAV,Telephone Field,recover-20221013,001,1795
694.7435,694.7532,28906,36463,Eptesicus serotinus,0.01,0.022,-1,Echolocation,/mnt/ubna_data_02_mir/recover-20221013/UBNA_001/20221012_030000.WAV,Telephone Field,recover-20221013,001,1795
694.9105,694.9493,68437,81912,Rhinolophus ferrumequinum,0.022,0.022,-1,Echolocation,/mnt/ubna_data_02_mir/recover-20221013/UBNA_001/20221012_030000.WAV,Telephone Field,recover-20221013,001,1795
694.9185,694.9261,28046,38718,Eptesicus serotinus,0.007,0.022,-1,Echolocation,/mnt/ubna_data_02_mir/recover-20221013/UBNA_001/20221012_030000.WAV,Telephone Field,recover-20221013,001,1795
694.9365,694.9465,24609,31195,Nyctalus leisleri,0.008,0.025,-1,Echolocation,/mnt/ubna_data_02_mir/recover-20221013/UBNA_001/20221012_030000.WAV,Telephone Field,recover-20221013,001,1795
694.9455,694.9812,68437,81955,Rhinolophus ferrumequinum,0.021,0.021,-1,Echolocation,/mnt/ubna_data_02_mir/recover-20221013/UBNA_001/20221012_030000.WAV,Telephone Field,recover-20221013,001,1795
694.9625,694.997,68437,80857,Rhinolophus ferrumequinum,0.022,0.022,-1,Echolocation,/mnt/ubna_data_02_mir/recover-20221013/UBNA_001/20221012_030000.WAV,Telephone Field,recover-20221013,001,1795
694.9715,695.0107,68437,82124,Rhinolophus ferrumequinum,0.022,0.022,-1,Echolocation,/mnt/ubna_data_02_mir/recover-20221013/UBNA_001/20221012_030000.WAV,Telephone Field,recover-20221013,001,1795
694.9975,695.0352,68437,82905,Rhinolophus ferrumequinum,0.03,0.03,-1,Echolocation,/mnt/ubna_data_02_mir/recover-20221013/UBNA_001/20221012_030000.WAV,Telephone Field,recover-20221013,001,1795
695.0285,695.0369,22890,30901,Plecotus austriacus,0.009,0.023,-1,Echolocation,/mnt/ubna_data_02_mir/recover-20221013/UBNA_001/20221012_030000.WAV,Telephone Field,recover-20221013,001,1795
695.0285,695.0359,28046,40830,Eptesicus serotinus,0.007,0.022,-1,Echolocation,/mnt/ubna_data_02_mir/recover-20221013/UBNA_001/20221012_030000.WAV,Telephone Field,recover-20221013,001,1795
695.0325,695.0501,52109,56012,Pipistrellus pygmaeus,0.039,0.058,-1,Echolocation,/mnt/ubna_data_02_mir/recover-20221013/UBNA_001/20221012_030000.WAV,Telephone Field,recover-20221013,001,1795
695.0495,695.0569,23750,32643,Plecotus austriacus,0.009,0.021,-1,Echolocation,/mnt/ubna_data_02_mir/recover-20221013/UBNA_001/20221012_030000.WAV,Telephone Field,recover-20221013,001,1795
695.0725,695.0805,24609,33698,Eptesicus serotinus,0.007,0.021,-1,Echolocation,/mnt/ubna_data_02_mir/recover-20221013/UBNA_001/20221012_030000.WAV,Telephone Field,recover-20221013,001,1795
695.0735,695.1121,68437,81929,Rhinolophus ferrumequinum,0.022,0.022,-1,Echolocation,/mnt/ubna_data_02_mir/recover-20221013/UBNA_001/20221012_030000.WAV,Telephone Field,recover-20221013,001,1795
695.0885,695.0967,28906,39395,Eptesicus serotinus,0.008,0.022,-1,Echolocation,/mnt/ubna_data_02_mir/recover-20221013/UBNA_001/20221012_030000.WAV,Telephone Field,recover-20221013,001,1795
695.1005,695.142,68437,82090,Rhinolophus ferrumequinum,0.027,0.027,-1,Echolocation,/mnt/ubna_data_02_mir/recover-20221013/UBNA_001/20221012_030000.WAV,Telephone Field,recover-20221013,001,1795
695.1555,695.1622,28046,40818,Eptesicus serotinus,0.007,0.029,-1,Echolocation,/mnt/ubna_data_02_mir/recover-20221013/UBNA_001/20221012_030000.WAV,Telephone Field,recover-20221013,001,1795
695.2135,695.2579,68437,83809,Rhinolophus ferrumequinum,0.043,0.043,-1,Echolocation,/mnt/ubna_data_02_mir/recover-20221013/UBNA_001/20221012_030000.WAV,Telephone Field,recover-20221013,001,1795
695.2345,695.2718,68437,81946,Rhinolophus ferrumequinum,0.025,0.025,-1,Echolocation,/mnt/ubna_data_02_mir/recover-20221013/UBNA_001/20221012_030000.WAV,Telephone Field,recover-20221013,001,1795
695.2355,695.2446,31484,44485,Myotis daubentonii,0.007,0.025,-1,Echolocation,/mnt/ubna_data_02_mir/recover-20221013/UBNA_001/20221012_030000.WAV,Telephone Field,recover-20221013,001,1795
695.2495,695.2884,68437,82283,Rhinolophus ferrumequinum,0.023,0.023,-1,Echolocation,/mnt/ubna_data_02_mir/recover-20221013/UBNA_001/20221012_030000.WAV,Telephone Field,recover-20221013,001,1795
695.2515,695.2594,28046,38767,Eptesicus serotinus,0.008,0.022,-1,Echolocation,/mnt/ubna_data_02_mir/recover-20221013/UBNA_001/20221012_030000.WAV,Telephone Field,recover-20221013,001,1795
695.2685,695.2777,22890,29744,Nyctalus leisleri,0.007,0.022,-1,Echolocation,/mnt/ubna_data_02_mir/recover-20221013/UBNA_001/20221012_030000.WAV,Telephone Field,recover-20221013,001,1795
695.2995,695.3088,28906,37254,Eptesicus serotinus,0.01,0.024,-1,Echolocation,/mnt/ubna_data_02_mir/recover-20221013/UBNA_001/20221012_030000.WAV,Telephone Field,recover-20221013,001,1795
695.3265,695.3629,68437,81139,Rhinolophus ferrumequinum,0.022,0.022,-1,Echolocation,/mnt/ubna_data_02_mir/recover-20221013/UBNA_001/20221012_030000.WAV,Telephone Field,recover-20221013,001,1795
695.3525,695.3901,68437,82499,Rhinolophus ferrumequinum,0.027,0.027,-1,Echolocation,/mnt/ubna_data_02_mir/recover-20221013/UBNA_001/20221012_030000.WAV,Telephone Field,recover-20221013,001,1795
695.3715,695.3815,28046,36713,Eptesicus serotinus,0.011,0.024,-1,Echolocation,/mnt/ubna_data_02_mir/recover-20221013/UBNA_001/20221012_030000.WAV,Telephone Field,recover-20221013,001,1795
695.3845,695.4199,68437,81283,Rhinolophus ferrumequinum,0.021,0.021,-1,Echolocation,/mnt/ubna_data_02_mir/recover-20221013/UBNA_001/20221012_030000.WAV,Telephone Field,recover-20221013,001,1795
695.4025,695.4416,68437,82270,Rhinolophus ferrumequinum,0.024,0.024,-1,Echolocation,/mnt/ubna_data_02_mir/recover-20221013/UBNA_001/20221012_030000.WAV,Telephone Field,recover-20221013,001,1795
695.4115,695.4218,28046,36100,Eptesicus serotinus,0.009,0.021,-1,Echolocation,/mnt/ubna_data_02_mir/recover-20221013/UBNA_001/20221012_030000.WAV,Telephone Field,recover-20221013,001,1795
695.4225,695.462,68437,82485,Rhinolophus ferrumequinum,0.021,0.021,-1,Echolocation,/mnt/ubna_data_02_mir/recover-20221013/UBNA_001/20221012_030000.WAV,Telephone Field,recover-20221013,001,1795
695.4365,695.4437,28046,43093,Eptesicus serotinus,0.008,0.023,-1,Echolocation,/mnt/ubna_data_02_mir/recover-20221013/UBNA_001/20221012_030000.WAV,Telephone Field,recover-20221013,001,1795
695.4635,695.4733,28906,35438,Eptesicus serotinus,0.015,0.031,-1,Echolocation,/mnt/ubna_data_02_mir/recover-20221013/UBNA_001/20221012_030000.WAV,Telephone Field,recover-20221013,001,1795
695.4765,695.5171,68437,82411,Rhinolophus ferrumequinum,0.022,0.022,-1,Echolocation,/mnt/ubna_data_02_mir/recover-20221013/UBNA_001/20221012_030000.WAV,Telephone Field,recover-20221013,001,1795
695.4865,695.4948,28046,40604,Eptesicus serotinus,0.009,0.022,-1,Echolocation,/mnt/ubna_data_02_mir/recover-20221013/UBNA_001/20221012_030000.WAV,Telephone Field,recover-20221013,001,1795
695.5015,695.5396,68437,82357,Rhinolophus ferrumequinum,0.024,0.024,-1,Echolocation,/mnt/ubna_data_02_mir/recover-20221013/UBNA_001/20221012_030000.WAV,Telephone Field,recover-20221013,001,1795
695.5055,695.5129,28046,40438,Eptesicus serotinus,0.007,0.022,-1,Echolocation,/mnt/ubna_data_02_mir/recover-20221013/UBNA_001/20221012_030000.WAV,Telephone Field,recover-20221013,001,1795
695.5215,695.532,24609,31625,Nyctalus leisleri,0.007,0.021,-1,Echolocation,/mnt/ubna_data_02_mir/recover-20221013/UBNA_001/20221012_030000.WAV,Telephone Field,recover-20221013,001,1795
695.5825,695.6207,68437,82083,Rhinolophus ferrumequinum,0.021,0.021,-1,Echolocation,/mnt/ubna_data_02_mir/recover-20221013/UBNA_001/20221012_030000.WAV,Telephone Field,recover-20221013,001,1795
695.5885,695.6269,68437,81618,Rhinolophus ferrumequinum,0.021,0.021,-1,Echolocation,/mnt/ubna_data_02_mir/recover-20221013/UBNA_001/20221012_030000.WAV,Telephone Field,recover-20221013,001,1795
695.5915,695.603,24609,30577,Nyctalus leisleri,0.009,0.023,-1,Echolocation,/mnt/ubna_data_02_mir/recover-20221013/UBNA_001/20221012_030000.WAV,Telephone Field,recover-20221013,001,1795
695.6395,695.6794,68437,81781,Rhinolophus ferrumequinum,0.027,0.027,-1,Echolocation,/mnt/ubna_data_02_mir/recover-20221013/UBNA_001/20221012_030000.WAV,Telephone Field,recover-20221013,001,1795
695.6695,695.7089,68437,81991,Rhinolophus ferrumequinum,0.021,0.021,-1,Echolocation,/mnt/ubna_data_02_mir/recover-20221013/UBNA_001/20221012_030000.WAV,Telephone Field,recover-20221013,001,1795
695.7105,695.7509,68437,82678,Rhinolophus ferrumequinum,0.028,0.029,-1,Echolocation,/mnt/ubna_data_02_mir/recover-20221013/UBNA_001/20221012_030000.WAV,Telephone Field,recover-20221013,001,1795
695.7365,695.7413,40078,55519,Myotis bechsteinii,0.006,0.023,-1,Echolocation,/mnt/ubna_data_02_mir/recover-20221013/UBNA_001/20221012_030000.WAV,Telephone Field,recover-20221013,001,1795
695.7995,695.8092,23750,31096,Nyctalus leisleri,0.007,0.022,-1,Echolocation,/mnt/ubna_data_02_mir/recover-20221013/UBNA_001/20221012_030000.WAV,Telephone Field,recover-20221013,001,1795
695.8045,695.8476,68437,82287,Rhinolophus ferrumequinum,0.025,0.025,-1,Echolocation,/mnt/ubna_data_02_mir/recover-20221013/UBNA_001/20221012_030000.WAV,Telephone Field,recover-20221013,001,1795
695.8795,695.8859,27187,40330,Eptesicus serotinus,0.007,0.028,-1,Echolocation,/mnt/ubna_data_02_mir/recover-20221013/UBNA_001/20221012_030000.WAV,Telephone Field,recover-20221013,001,1795
695.8875,695.9315,68437,83323,Rhinolophus ferrumequinum,0.031,0.031,-1,Echolocation,/mnt/ubna_data_02_mir/recover-20221013/UBNA_001/20221012_030000.WAV,Telephone Field,recover-20221013,001,1795
695.9245,695.9656,68437,82680,Rhinolophus ferrumequinum,0.03,0.03,-1,Echolocation,/mnt/ubna_data_02_mir/recover-20221013/UBNA_001/20221012_030000.WAV,Telephone Field,recover-20221013,001,1795
696.0015,696.0177,23750,29888,Nyctalus leisleri,0.022,0.056,-1,Echolocation,/mnt/ubna_data_02_mir/recover-20221013/UBNA_001/20221012_030000.WAV,Telephone Field,recover-20221013,001,1795
696.0015,696.014,48671,54429,Pipistrellus pipistrellus,0.027,0.036,-1,Echolocation,/mnt/ubna_data_02_mir/recover-20221013/UBNA_001/20221012_030000.WAV,Telephone Field,recover-20221013,001,1795
696.0015,696.0337,69296,81286,Rhinolophus ferrumequinum,0.024,0.024,-1,Echolocation,/mnt/ubna_data_02_mir/recover-20221013/UBNA_001/20221012_030000.WAV,Telephone Field,recover-20221013,001,1795
696.0115,696.0228,24609,29821,Nyctalus leisleri,0.015,0.035,-1,Echolocation,/mnt/ubna_data_02_mir/recover-20221013/UBNA_001/20221012_030000.WAV,Telephone Field,recover-20221013,001,1795
696.0235,696.0651,68437,82784,Rhinolophus ferrumequinum,0.026,0.026,-1,Echolocation,/mnt/ubna_data_02_mir/recover-20221013/UBNA_001/20221012_030000.WAV,Telephone Field,recover-20221013,001,1795
696.0555,696.0634,28046,39191,Eptesicus serotinus,0.008,0.021,-1,Echolocation,/mnt/ubna_data_02_mir/recover-20221013/UBNA_001/20221012_030000.WAV,Telephone Field,recover-20221013,001,1795
696.0615,696.069,28906,39403,Eptesicus serotinus,0.007,0.022,-1,Echolocation,/mnt/ubna_data_02_mir/recover-20221013/UBNA_001/20221012_030000.WAV,Telephone Field,recover-20221013,001,1795
696.0835,696.1216,68437,82203,Rhinolophus ferrumequinum,0.021,0.021,-1,Echolocation,/mnt/ubna_data_02_mir/recover-20221013/UBNA_001/20221012_030000.WAV,Telephone Field,recover-20221013,001,1795
696.1195,696.1266,28906,40899,Eptesicus serotinus,0.007,0.024,-1,Echolocation,/mnt/ubna_data_02_mir/recover-20221013/UBNA_001/20221012_030000.WAV,Telephone Field,recover-20221013,001,1795
696.1205,696.1295,22890,30609,Plecotus austriacus,0.011,0.027,-1,Echolocation,/mnt/ubna_data_02_mir/recover-20221013/UBNA_001/20221012_030000.WAV,Telephone Field,recover-20221013,001,1795
696.1355,696.1738,68437,81643,Rhinolophus ferrumequinum,0.022,0.022,-1,Echolocation,/mnt/ubna_data_02_mir/recover-20221013/UBNA_001/20221012_030000.WAV,Telephone Field,recover-20221013,001,1795
696.1465,696.1567,28906,37260,Eptesicus serotinus,0.009,0.023,-1,Echolocation,/mnt/ubna_data_02_mir/recover-20221013/UBNA_001/20221012_030000.WAV,Telephone Field,recover-20221013,001,1795
696.1475,696.1869,68437,82056,Rhinolophus ferrumequinum,0.027,0.027,-1,Echolocation,/mnt/ubna_data_02_mir/recover-20221013/UBNA_001/20221012_030000.WAV,Telephone Field,recover-20221013,001,1795
696.1905,696.1974,28046,39570,Eptesicus serotinus,0.006,0.021,-1,Echolocation,/mnt/ubna_data_02_mir/recover-20221013/UBNA_001/20221012_030000.WAV,Telephone Field,recover-20221013,001,1795
696.2105,696.2239,23750,28809,Nyctalus leisleri,0.016,0.031,-1,Echolocation,/mnt/ubna_data_02_mir/recover-20221013/UBNA_001/20221012_030000.WAV,Telephone Field,recover-20221013,001,1795
696.2305,696.2685,68437,81595,Rhinolophus ferrumequinum,0.021,0.021,-1,Echolocation,/mnt/ubna_data_02_mir/recover-20221013/UBNA_001/20221012_030000.WAV,Telephone Field,recover-20221013,001,1795
696.2465,696.2859,68437,82267,Rhinolophus ferrumequinum,0.021,0.022,-1,Echolocation,/mnt/ubna_data_02_mir/recover-20221013/UBNA_001/20221012_030000.WAV,Telephone Field,recover-20221013,001,1795
696.2935,696.3334,68437,82119,Rhinolophus ferrumequinum,0.026,0.026,-1,Echolocation,/mnt/ubna_data_02_mir/recover-20221013/UBNA_001/20221012_030000.WAV,Telephone Field,recover-20221013,001,1795
696.3165,696.3244,45234,51636,Pipistrellus pipistrellus,0.019,0.021,-1,Echolocation,/mnt/ubna_data_02_mir/recover-20221013/UBNA_001/20221012_030000.WAV,Telephone Field,recover-20221013,001,1795
696.3455,696.3849,68437,82389,Rhinolophus ferrumequinum,0.022,0.022,-1,Echolocation,/mnt/ubna_data_02_mir/recover-20221013/UBNA_001/20221012_030000.WAV,Telephone Field,recover-20221013,001,1795
696.3635,696.4057,68437,82816,Rhinolophus ferrumequinum,0.031,0.031,-1,Echolocation,/mnt/ubna_data_02_mir/recover-20221013/UBNA_001/20221012_030000.WAV,Telephone Field,recover-20221013,001,1795
696.3885,696.4295,68437,83016,Rhinolophus ferrumequinum,0.026,0.026,-1,Echolocation,/mnt/ubna_data_02_mir/recover-20221013/UBNA_001/20221012_030000.WAV,Telephone Field,recover-20221013,001,1795
696.4025,696.4109,28046,37666,Eptesicus serotinus,0.008,0.023,-1,Echolocation,/mnt/ubna_data_02_mir/recover-20221013/UBNA_001/20221012_030000.WAV,Telephone Field,recover-20221013,001,1795
696.4035,696.4138,22031,27211,Nyctalus leisleri,0.011,0.024,-1,Echolocation,/mnt/ubna_data_02_mir/recover-20221013/UBNA_001/20221012_030000.WAV,Telephone Field,recover-20221013,001,1795
696.4755,696.5155,68437,82377,Rhinolophus ferrumequinum,0.022,0.022,-1,Echolocation,/mnt/ubna_data_02_mir/recover-20221013/UBNA_001/20221012_030000.WAV,Telephone Field,recover-20221013,001,1795
696.4785,696.4867,31484,43518,Myotis daubentonii,0.007,0.023,-1,Echolocation,/mnt/ubna_data_02_mir/recover-20221013/UBNA_001/20221012_030000.WAV,Telephone Field,recover-20221013,001,1795
696.5115,696.551,68437,82173,Rhinolophus ferrumequinum,0.025,0.025,-1,Echolocation,/mnt/ubna_data_02_mir/recover-20221013/UBNA_001/20221012_030000.WAV,Telephone Field,recover-20221013,001,1795
696.5445,696.5544,24609,31673,Eptesicus serotinus,0.007,0.022,-1,Echolocation,/mnt/ubna_data_02_mir/recover-20221013/UBNA_001/20221012_030000.WAV,Telephone Field,recover-20221013,001,1795
696.5795,696.6201,68437,82524,Rhinolophus ferrumequinum,0.023,0.023,-1,Echolocation,/mnt/ubna_data_02_mir/recover-20221013/UBNA_001/20221012_030000.WAV,Telephone Field,recover-20221013,001,1795
696.5815,696.5901,28906,39511,Eptesicus serotinus,0.009,0.024,-1,Echolocation,/mnt/ubna_data_02_mir/recover-20221013/UBNA_001/20221012_030000.WAV,Telephone Field,recover-20221013,001,1795
696.5945,696.6325,68437,81037,Rhinolophus ferrumequinum,0.024,0.024,-1,Echolocation,/mnt/ubna_data_02_mir/recover-20221013/UBNA_001/20221012_030000.WAV,Telephone Field,recover-20221013,001,1795
696.5955,696.6094,22890,26449,Nyctalus leisleri,0.02,0.035,-1,Echolocation,/mnt/ubna_data_02_mir/recover-20221013/UBNA_001/20221012_030000.WAV,Telephone Field,recover-20221013,001,1795
696.6125,696.6494,68437,81256,Rhinolophus ferrumequinum,0.022,0.022,-1,Echolocation,/mnt/ubna_data_02_mir/recover-20221013/UBNA_001/20221012_030000.WAV,Telephone Field,recover-20221013,001,1795
696.6175,696.6258,28046,37460,Eptesicus serotinus,0.007,0.021,-1,Echolocation,/mnt/ubna_data_02_mir/recover-20221013/UBNA_001/20221012_030000.WAV,Telephone Field,recover-20221013,001,1795
696.6255,696.6622,68437,82029,Rhinolophus ferrumequinum,0.022,0.022,-1,Echolocation,/mnt/ubna_data_02_mir/recover-20221013/UBNA_001/20221012_030000.WAV,Telephone Field,recover-20221013,001,1795
696.6355,696.648,22031,25594,Nyctalus leisleri,0.013,0.023,-1,Echolocation,/mnt/ubna_data_02_mir/recover-20221013/UBNA_001/20221012_030000.WAV,Telephone Field,recover-20221013,001,1795
696.6785,696.7169,68437,81641,Rhinolophus ferrumequinum,0.022,0.022,-1,Echolocation,/mnt/ubna_data_02_mir/recover-20221013/UBNA_001/20221012_030000.WAV,Telephone Field,recover-20221013,001,1795
696.6905,696.6978,25468,38003,Myotis nattereri,0.005,0.022,-1,Echolocation,/mnt/ubna_data_02_mir/recover-20221013/UBNA_001/20221012_030000.WAV,Telephone Field,recover-20221013,001,1795
696.7055,696.7158,23750,30717,Nyctalus leisleri,0.008,0.024,-1,Echolocation,/mnt/ubna_data_02_mir/recover-20221013/UBNA_001/20221012_030000.WAV,Telephone Field,recover-20221013,001,1795
696.7125,696.7532,68437,83514,Rhinolophus ferrumequinum,0.026,0.026,-1,Echolocation,/mnt/ubna_data_02_mir/recover-20221013/UBNA_001/20221012_030000.WAV,Telephone Field,recover-20221013,001,1795
696.7185,696.7607,68437,82787,Rhinolophus ferrumequinum,0.025,0.025,-1,Echolocation,/mnt/ubna_data_02_mir/recover-20221013/UBNA_001/20221012_030000.WAV,Telephone Field,recover-20221013,001,1795
696.7275,696.77,68437,83169,Rhinolophus ferrumequinum,0.035,0.035,-1,Echolocation,/mnt/ubna_data_02_mir/recover-20221013/UBNA_001/20221012_030000.WAV,Telephone Field,recover-20221013,001,1795
696.7435,696.7503,28046,42145,Eptesicus serotinus,0.008,0.026,-1,Echolocation,/mnt/ubna_data_02_mir/recover-20221013/UBNA_001/20221012_030000.WAV,Telephone Field,recover-20221013,001,1795
696.7895,696.8294,68437,82562,Rhinolophus ferrumequinum,0.022,0.022,-1,Echolocation,/mnt/ubna_data_02_mir/recover-20221013/UBNA_001/20221012_030000.WAV,Telephone Field,recover-20221013,001,1795
696.8125,696.8464,68437,81381,Rhinolophus ferrumequinum,0.022,0.023,-1,Echolocation,/mnt/ubna_data_02_mir/recover-20221013/UBNA_001/20221012_030000.WAV,Telephone Field,recover-20221013,001,1795
696.8335,696.8729,68437,82160,Rhinolophus ferrumequinum,0.021,0.021,-1,Echolocation,/mnt/ubna_data_02_mir/recover-20221013/UBNA_001/20221012_030000.WAV,Telephone Field,recover-20221013,001,1795
696.8715,696.8814,28906,39743,Eptesicus serotinus,0.01,0.023,-1,Echolocation,/mnt/ubna_data_02_mir/recover-20221013/UBNA_001/20221012_030000.WAV,Telephone Field,recover-20221013,001,1795
696.9105,696.9212,28906,35118,Eptesicus serotinus,0.017,0.031,-1,Echolocation,/mnt/ubna_data_02_mir/recover-20221013/UBNA_001/20221012_030000.WAV,Telephone Field,recover-20221013,001,1795
696.9535,696.9936,68437,82535,Rhinolophus ferrumequinum,0.022,0.022,-1,Echolocation,/mnt/ubna_data_02_mir/recover-20221013/UBNA_001/20221012_030000.WAV,Telephone Field,recover-20221013,001,1795
696.9825,696.9916,28906,37853,Eptesicus serotinus,0.008,0.022,-1,Echolocation,/mnt/ubna_data_02_mir/recover-20221013/UBNA_001/20221012_030000.WAV,Telephone Field,recover-20221013,001,1795
696.9845,697.021,68437,82215,Rhinolophus ferrumequinum,0.027,0.027,-1,Echolocation,/mnt/ubna_data_02_mir/recover-20221013/UBNA_001/20221012_030000.WAV,Telephone Field,recover-20221013,001,1795
697.0085,697.0237,22890,27065,Nyctalus leisleri,0.018,0.032,-1,Echolocation,/mnt/ubna_data_02_mir/recover-20221013/UBNA_001/20221012_030000.WAV,Telephone Field,recover-20221013,001,1795
697.0095,697.054,68437,83343,Rhinolophus ferrumequinum,0.047,0.047,-1,Echolocation,/mnt/ubna_data_02_mir/recover-20221013/UBNA_001/20221012_030000.WAV,Telephone Field,recover-20221013,001,1795
697.0375,697.0467,23750,31374,Plecotus austriacus,0.007,0.023,-1,Echolocation,/mnt/ubna_data_02_mir/recover-20221013/UBNA_001/20221012_030000.WAV,Telephone Field,recover-20221013,001,1795
697.0465,697.0576,23750,29276,Nyctalus leisleri,0.011,0.024,-1,Echolocation,/mnt/ubna_data_02_mir/recover-20221013/UBNA_001/20221012_030000.WAV,Telephone Field,recover-20221013,001,1795
697.0605,697.0981,68437,82027,Rhinolophus ferrumequinum,0.022,0.022,-1,Echolocation,/mnt/ubna_data_02_mir/recover-20221013/UBNA_001/20221012_030000.WAV,Telephone Field,recover-20221013,001,1795
697.0975,697.1353,68437,81934,Rhinolophus ferrumequinum,0.021,0.021,-1,Echolocation,/mnt/ubna_data_02_mir/recover-20221013/UBNA_001/20221012_030000.WAV,Telephone Field,recover-20221013,001,1795
697.1005,697.1086,28046,39703,Eptesicus serotinus,0.008,0.025,-1,Echolocation,/mnt/ubna_data_02_mir/recover-20221013/UBNA_001/20221012_030000.WAV,Telephone Field,recover-20221013,001,1795
697.1175,697.152,68437,79980,Rhinolophus ferrumequinum,0.023,0.023,-1,Echolocation,/mnt/ubna_data_02_mir/recover-20221013/UBNA_001/20221012_030000.WAV,Telephone Field,recover-20221013,001,1795
697.1285,697.1401,22890,27375,Nyctalus leisleri,0.011,0.021,-1,Echolocation,/mnt/ubna_data_02_mir/recover-20221013/UBNA_001/20221012_030000.WAV,Telephone Field,recover-20221013,001,1795
697.1585,697.1699,23750,29086,Nyctalus leisleri,0.015,0.03,-1,Echolocation,/mnt/ubna_data_02_mir/recover-20221013/UBNA_001/20221012_030000.WAV,Telephone Field,recover-20221013,001,1795
697.1795,697.2196,68437,82089,Rhinolophus ferrumequinum,0.029,0.029,-1,Echolocation,/mnt/ubna_data_02_mir/recover-20221013/UBNA_001/20221012_030000.WAV,Telephone Field,recover-20221013,001,1795
697.1995,697.2388,68437,82131,Rhinolophus ferrumequinum,0.024,0.024,-1,Echolocation,/mnt/ubna_data_02_mir/recover-20221013/UBNA_001/20221012_030000.WAV,Telephone Field,recover-20221013,001,1795
697.2175,697.2525,68437,80862,Rhinolophus ferrumequinum,0.027,0.027,-1,Echolocation,/mnt/ubna_data_02_mir/recover-20221013/UBNA_001/20221012_030000.WAV,Telephone Field,recover-20221013,001,1795
697.2275,697.2645,68437,81937,Rhinolophus ferrumequinum,0.022,0.022,-1,Echolocation,/mnt/ubna_data_02_mir/recover-20221013/UBNA_001/20221012_030000.WAV,Telephone Field,recover-20221013,001,1795
697.2295,697.2387,22890,29438,Plecotus austriacus,0.007,0.022,-1,Echolocation,/mnt/ubna_data_02_mir/recover-20221013/UBNA_001/20221012_030000.WAV,Telephone Field,recover-20221013,001,1795
697.2495,697.2578,23750,31349,Plecotus austriacus,0.007,0.021,-1,Echolocation,/mnt/ubna_data_02_mir/recover-20221013/UBNA_001/20221012_030000.WAV,Telephone Field,recover-20221013,001,1795
697.2565,697.2671,28906,36415,Eptesicus serotinus,0.01,0.022,-1,Echolocation,/mnt/ubna_data_02_mir/recover-20221013/UBNA_001/20221012_030000.WAV,Telephone Field,recover-20221013,001,1795
697.2735,697.3149,68437,82654,Rhinolophus ferrumequinum,0.03,0.03,-1,Echolocation,/mnt/ubna_data_02_mir/recover-20221013/UBNA_001/20221012_030000.WAV,Telephone Field,recover-20221013,001,1795
697.3065,697.3454,68437,82264,Rhinolophus ferrumequinum,0.024,0.024,-1,Echolocation,/mnt/ubna_data_02_mir/recover-20221013/UBNA_001/20221012_030000.WAV,Telephone Field,recover-20221013,001,1795
697.3085,697.3169,26328,36032,Eptesicus serotinus,0.01,0.03,-1,Echolocation,/mnt/ubna_data_02_mir/recover-20221013/UBNA_001/20221012_030000.WAV,Telephone Field,recover-20221013,001,1795
697.3235,697.3622,68437,81866,Rhinolophus ferrumequinum,0.021,0.021,-1,Echolocation,/mnt/ubna_data_02_mir/recover-20221013/UBNA_001/20221012_030000.WAV,Telephone Field,recover-20221013,001,1795
697.3435,697.3819,68437,81527,Rhinolophus ferrumequinum,0.023,0.023,-1,Echolocation,/mnt/ubna_data_02_mir/recover-20221013/UBNA_001/20221012_030000.WAV,Telephone Field,recover-20221013,001,1795
697.3565,697.3964,68437,82493,Rhinolophus ferrumequinum,0.024,0.024,-1,Echolocation,/mnt/ubna_data_02_mir/recover-20221013/UBNA_001/20221012_030000.WAV,Telephone Field,recover-20221013,001,1795
697.4235,697.4624,68437,81773,Rhinolophus ferrumequinum,0.021,0.022,-1,Echolocation,/mnt/ubna_data_02_mir/recover-20221013/UBNA_001/20221012_030000.WAV,Telephone Field,recover-20221013,001,1795
697.4275,697.4348,27187,37293,Eptesicus serotinus,0.014,0.043,-1,Echolocation,/mnt/ubna_data_02_mir/recover-20221013/UBNA_001/20221012_030000.WAV,Telephone Field,recover-20221013,001,1795
697.4585,697.5001,68437,82883,Rhinolophus ferrumequinum,0.025,0.025,-1,Echolocation,/mnt/ubna_data_02_mir/recover-20221013/UBNA_001/20221012_030000.WAV,Telephone Field,recover-20221013,001,1795
697.4715,697.508,68437,81431,Rhinolophus ferrumequinum,0.022,0.022,-1,Echolocation,/mnt/ubna_data_02_mir/recover-20221013/UBNA_001/20221012_030000.WAV,Telephone Field,recover-20221013,001,1795
697.4835,697.4919,28046,37865,Eptesicus serotinus,0.009,0.026,-1,Echolocation,/mnt/ubna_data_02_mir/recover-20221013/UBNA_001/20221012_030000.WAV,Telephone Field,recover-20221013,001,1795
697.4995,697.5386,68437,82005,Rhinolophus ferrumequinum,0.022,0.022,-1,Echolocation,/mnt/ubna_data_02_mir/recover-20221013/UBNA_001/20221012_030000.WAV,Telephone Field,recover-20221013,001,1795
697.5215,697.5623,68437,82917,Rhinolophus ferrumequinum,0.023,0.023,-1,Echolocation,/mnt/ubna_data_02_mir/recover-20221013/UBNA_001/20221012_030000.WAV,Telephone Field,recover-20221013,001,1795
697.5405,697.5514,28906,35729,Eptesicus serotinus,0.008,0.022,-1,Echolocation,/mnt/ubna_data_02_mir/recover-20221013/UBNA_001/20221012_030000.WAV,Telephone Field,recover-20221013,001,1795
697.5805,697.6179,68437,82410,Rhinolophus ferrumequinum,0.031,0.031,-1,Echolocation,/mnt/ubna_data_02_mir/recover-20221013/UBNA_001/20221012_030000.WAV,Telephone Field,recover-20221013,001,1795
697.5895,697.6267,68437,81424,Rhinolophus ferrumequinum,0.021,0.021,-1,Echolocation,/mnt/ubna_data_02_mir/recover-20221013/UBNA_001/20221012_030000.WAV,Telephone Field,recover-20221013,001,1795
697.5985,697.6398,68437,82710,Rhinolophus ferrumequinum,0.026,0.026,-1,Echolocation,/mnt/ubna_data_02_mir/recover-20221013/UBNA_001/20221012_030000.WAV,Telephone Field,recover-20221013,001,1795
697.6065,697.6131,50390,56331,Pipistrellus pipistrellus,0.025,0.028,-1,Echolocation,/mnt/ubna_data_02_mir/recover-20221013/UBNA_001/20221012_030000.WAV,Telephone Field,recover-20221013,001,1795
697.6355,697.677,68437,82960,Rhinolophus ferrumequinum,0.042,0.042,-1,Echolocation,/mnt/ubna_data_02_mir/recover-20221013/UBNA_001/20221012_030000.WAV,Telephone Field,recover-20221013,001,1795
697.6555,697.6684,23750,29658,Nyctalus leisleri,0.013,0.03,-1,Echolocation,/mnt/ubna_data_02_mir/recover-20221013/UBNA_001/20221012_030000.WAV,Telephone Field,recover-20221013,001,1795
697.6915,697.7009,23750,30149,Nyctalus leisleri,0.008,0.021,-1,Echolocation,/mnt/ubna_data_02_mir/recover-20221013/UBNA_001/20221012_030000.WAV,Telephone Field,recover-20221013,001,1795
697.7735,697.812,68437,81803,Rhinolophus ferrumequinum,0.023,0.023,-1,Echolocation,/mnt/ubna_data_02_mir/recover-20221013/UBNA_001/20221012_030000.WAV,Telephone Field,recover-20221013,001,1795
697.7805,697.787,51250,58860,Pipistrellus pipistrellus,0.023,0.027,-1,Echolocation,/mnt/ubna_data_02_mir/recover-20221013/UBNA_001/20221012_030000.WAV,Telephone Field,recover-20221013,001,1795
697.8125,697.8493,68437,80999,Rhinolophus ferrumequinum,0.024,0.024,-1,Echolocation,/mnt/ubna_data_02_mir/recover-20221013/UBNA_001/20221012_030000.WAV,Telephone Field,recover-20221013,001,1795
697.8615,697.8695,28046,36956,Eptesicus serotinus,0.007,0.021,-1,Echolocation,/mnt/ubna_data_02_mir/recover-20221013/UBNA_001/20221012_030000.WAV,Telephone Field,recover-20221013,001,1795
697.8695,697.9098,68437,82383,Rhinolophus ferrumequinum,0.026,0.026,-1,Echolocation,/mnt/ubna_data_02_mir/recover-20221013/UBNA_001/20221012_030000.WAV,Telephone Field,recover-20221013,001,1795
697.8995,697.9449,68437,83557,Rhinolophus ferrumequinum,0.038,0.038,-1,Echolocation,/mnt/ubna_data_02_mir/recover-20221013/UBNA_001/20221012_030000.WAV,Telephone Field,recover-20221013,001,1795
697.8995,697.9112,22890,27873,Nyctalus leisleri,0.011,0.022,-1,Echolocation,/mnt/ubna_data_02_mir/recover-20221013/UBNA_001/20221012_030000.WAV,Telephone Field,recover-20221013,001,1795
697.9015,697.9113,45234,50366,Pipistrellus pipistrellus,0.02,0.022,-1,Echolocation,/mnt/ubna_data_02_mir/recover-20221013/UBNA_001/20221012_030000.WAV,Telephone Field,recover-20221013,001,1795
697.9215,697.9599,68437,82381,Rhinolophus ferrumequinum,0.022,0.022,-1,Echolocation,/mnt/ubna_data_02_mir/recover-20221013/UBNA_001/20221012_030000.WAV,Telephone Field,recover-20221013,001,1795
697.9805,697.9903,25468,32873,Eptesicus serotinus,0.012,0.034,-1,Echolocation,/mnt/ubna_data_02_mir/recover-20221013/UBNA_001/20221012_030000.WAV,Telephone Field,recover-20221013,001,1795
698.0015,698.0131,48671,54942,Pipistrellus pipistrellus,0.016,0.023,-1,Echolocation,/mnt/ubna_data_02_mir/recover-20221013/UBNA_001/20221012_030000.WAV,Telephone Field,recover-20221013,001,1795
698.0015,698.0356,69296,81739,Rhinolophus ferrumequinum,0.026,0.027,-1,Echolocation,/mnt/ubna_data_02_mir/recover-20221013/UBNA_001/20221012_030000.WAV,Telephone Field,recover-20221013,001,1795
698.0015,698.0108,25468,32056,Nyctalus leisleri,0.012,0.029,-1,Echolocation,/mnt/ubna_data_02_mir/recover-20221013/UBNA_001/20221012_030000.WAV,Telephone Field,recover-20221013,001,1795
698.0085,698.0486,68437,81993,Rhinolophus ferrumequinum,0.022,0.022,-1,Echolocation,/mnt/ubna_data_02_mir/recover-20221013/UBNA_001/20221012_030000.WAV,Telephone Field,recover-20221013,001,1795
698.0635,698.104,68437,82282,Rhinolophus ferrumequinum,0.023,0.023,-1,Echolocation,/mnt/ubna_data_02_mir/recover-20221013/UBNA_001/20221012_030000.WAV,Telephone Field,recover-20221013,001,1795
698.0705,698.1101,68437,82137,Rhinolophus ferrumequinum,0.023,0.023,-1,Echolocation,/mnt/ubna_data_02_mir/recover-20221013/UBNA_001/20221012_030000.WAV,Telephone Field,recover-20221013,001,1795
698.1115,698.1457,68437,81218,Rhinolophus ferrumequinum,0.021,0.021,-1,Echolocation,/mnt/ubna_data_02_mir/recover-20221013/UBNA_001/20221012_030000.WAV,Telephone Field,recover-20221013,001,1795
698.1195,698.1298,23750,29986,Nyctalus leisleri,0.009,0.023,-1,Echolocation,/mnt/ubna_data_02_mir/recover-20221013/UBNA_001/20221012_030000.WAV,Telephone Field,recover-20221013,001,1795
698.1365,698.1713,68437,81576,Rhinolophus ferrumequinum,0.027,0.027,-1,Echolocation,/mnt/ubna_data_02_mir/recover-20221013/UBNA_001/20221012_030000.WAV,Telephone Field,recover-20221013,001,1795
698.1415,698.1477,28046,45650,Myotis daubentonii,0.011,0.036,-1,Echolocation,/mnt/ubna_data_02_mir/recover-20221013/UBNA_001/20221012_030000.WAV,Telephone Field,recover-20221013,001,1795
698.2115,698.2519,68437,82644,Rhinolophus ferrumequinum,0.021,0.021,-1,Echolocation,/mnt/ubna_data_02_mir/recover-20221013/UBNA_001/20221012_030000.WAV,Telephone Field,recover-20221013,001,1795
698.2215,698.2644,68437,82563,Rhinolophus ferrumequinum,0.022,0.022,-1,Echolocation,/mnt/ubna_data_02_mir/recover-20221013/UBNA_001/20221012_030000.WAV,Telephone Field,recover-20221013,001,1795
698.2285,698.2381,22031,27649,Nyctalus leisleri,0.007,0.021,-1,Echolocation,/mnt/ubna_data_02_mir/recover-20221013/UBNA_001/20221012_030000.WAV,Telephone Field,recover-20221013,001,1795
698.2505,698.262,54687,59688,Pipistrellus pygmaeus,0.021,0.026,-1,Echolocation,/mnt/ubna_data_02_mir/recover-20221013/UBNA_001/20221012_030000.WAV,Telephone Field,recover-20221013,001,1795
698.2675,698.2757,26328,35106,Eptesicus serotinus,0.007,0.022,-1,Echolocation,/mnt/ubna_data_02_mir/recover-20221013/UBNA_001/20221012_030000.WAV,Telephone Field,recover-20221013,001,1795
698.2935,698.3014,47812,51212,Pipistrellus pipistrellus,0.024,0.026,-1,Echolocation,/mnt/ubna_data_02_mir/recover-20221013/UBNA_001/20221012_030000.WAV,Telephone Field,recover-20221013,001,1795
698.3075,698.3443,68437,81437,Rhinolophus ferrumequinum,0.022,0.023,-1,Echolocation,/mnt/ubna_data_02_mir/recover-20221013/UBNA_001/20221012_030000.WAV,Telephone Field,recover-20221013,001,1795
698.3525,698.3937,68437,82579,Rhinolophus ferrumequinum,0.026,0.026,-1,Echolocation,/mnt/ubna_data_02_mir/recover-20221013/UBNA_001/20221012_030000.WAV,Telephone Field,recover-20221013,001,1795
698.3585,698.3653,26328,41702,Eptesicus serotinus,0.006,0.023,-1,Echolocation,/mnt/ubna_data_02_mir/recover-20221013/UBNA_001/20221012_030000.WAV,Telephone Field,recover-20221013,001,1795
698.3755,698.4161,68437,82808,Rhinolophus ferrumequinum,0.022,0.022,-1,Echolocation,/mnt/ubna_data_02_mir/recover-20221013/UBNA_001/20221012_030000.WAV,Telephone Field,recover-20221013,001,1795
698.3975,698.4089,22890,27952,Nyctalus leisleri,0.011,0.024,-1,Echolocation,/mnt/ubna_data_02_mir/recover-20221013/UBNA_001/20221012_030000.WAV,Telephone Field,recover-20221013,001,1795
698.4005,698.4427,68437,82812,Rhinolophus ferrumequinum,0.029,0.029,-1,Echolocation,/mnt/ubna_data_02_mir/recover-20221013/UBNA_001/20221012_030000.WAV,Telephone Field,recover-20221013,001,1795
698.4475,698.4857,68437,82435,Rhinolophus ferrumequinum,0.023,0.023,-1,Echolocation,/mnt/ubna_data_02_mir/recover-20221013/UBNA_001/20221012_030000.WAV,Telephone Field,recover-20221013,001,1795
698.4665,698.4792,26328,31399,Nyctalus leisleri,0.01,0.024,-1,Echolocation,/mnt/ubna_data_02_mir/recover-20221013/UBNA_001/20221012_030000.WAV,Telephone Field,recover-20221013,001,1795
698.4775,698.5133,68437,81565,Rhinolophus ferrumequinum,0.021,0.021,-1,Echolocation,/mnt/ubna_data_02_mir/recover-20221013/UBNA_001/20221012_030000.WAV,Telephone Field,recover-20221013,001,1795
698.4805,698.4883,28046,39366,Eptesicus serotinus,0.007,0.024,-1,Echolocation,/mnt/ubna_data_02_mir/recover-20221013/UBNA_001/20221012_030000.WAV,Telephone Field,recover-20221013,001,1795
698.5185,698.5597,68437,82569,Rhinolophus ferrumequinum,0.024,0.024,-1,Echolocation,/mnt/ubna_data_02_mir/recover-20221013/UBNA_001/20221012_030000.WAV,Telephone Field,recover-20221013,001,1795
698.5445,698.5527,35781,43917,Myotis daubentonii,0.012,0.03,-1,Echolocation,/mnt/ubna_data_02_mir/recover-20221013/UBNA_001/20221012_030000.WAV,Telephone Field,recover-20221013,001,1795
698.5455,698.5531,27187,41873,Eptesicus serotinus,0.008,0.027,-1,Echolocation,/mnt/ubna_data_02_mir/recover-20221013/UBNA_001/20221012_030000.WAV,Telephone Field,recover-20221013,001,1795
698.5965,698.6356,68437,82878,Rhinolophus ferrumequinum,0.028,0.028,-1,Echolocation,/mnt/ubna_data_02_mir/recover-20221013/UBNA_001/20221012_030000.WAV,Telephone Field,recover-20221013,001,1795
698.6205,698.6299,23750,30583,Nyctalus leisleri,0.01,0.027,-1,Echolocation,/mnt/ubna_data_02_mir/recover-20221013/UBNA_001/20221012_030000.WAV,Telephone Field,recover-20221013,001,1795
698.6225,698.6298,58984,66012,Pipistrellus pygmaeus,0.021,0.021,-1,Echolocation,/mnt/ubna_data_02_mir/recover-20221013/UBNA_001/20221012_030000.WAV,Telephone Field,recover-20221013,001,1795
698.6765,698.7149,68437,81882,Rhinolophus ferrumequinum,0.022,0.022,-1,Echolocation,/mnt/ubna_data_02_mir/recover-20221013/UBNA_001/20221012_030000.WAV,Telephone Field,recover-20221013,001,1795
698.6815,698.6904,28046,39270,Eptesicus serotinus,0.008,0.022,-1,Echolocation,/mnt/ubna_data_02_mir/recover-20221013/UBNA_001/20221012_030000.WAV,Telephone Field,recover-20221013,001,1795
698.6955,698.7055,22890,28800,Nyctalus leisleri,0.009,0.022,-1,Echolocation,/mnt/ubna_data_02_mir/recover-20221013/UBNA_001/20221012_030000.WAV,Telephone Field,recover-20221013,001,1795
698.7385,698.7756,68437,82195,Rhinolophus ferrumequinum,0.025,0.025,-1,Echolocation,/mnt/ubna_data_02_mir/recover-20221013/UBNA_001/20221012_030000.WAV,Telephone Field,recover-20221013,001,1795
698.7485,698.7876,68437,82978,Rhinolophus ferrumequinum,0.024,0.024,-1,Echolocation,/mnt/ubna_data_02_mir/recover-20221013/UBNA_001/20221012_030000.WAV,Telephone Field,recover-20221013,001,1795
698.7615,698.7978,68437,81537,Rhinolophus ferrumequinum,0.021,0.021,-1,Echolocation,/mnt/ubna_data_02_mir/recover-20221013/UBNA_001/20221012_030000.WAV,Telephone Field,recover-20221013,001,1795
698.7825,698.8225,68437,82126,Rhinolophus ferrumequinum,0.023,0.023,-1,Echolocation,/mnt/ubna_data_02_mir/recover-20221013/UBNA_001/20221012_030000.WAV,Telephone Field,recover-20221013,001,1795
698.8215,698.859,68437,82041,Rhinolophus ferrumequinum,0.026,0.026,-1,Echolocation,/mnt/ubna_data_02_mir/recover-20221013/UBNA_001/20221012_030000.WAV,Telephone Field,recover-20221013,001,1795
698.8215,698.8323,23750,28714,Nyctalus leisleri,0.013,0.026,-1,Echolocation,/mnt/ubna_data_02_mir/recover-20221013/UBNA_001/20221012_030000.WAV,Telephone Field,recover-20221013,001,1795
698.8515,698.8903,68437,81282,Rhinolophus ferrumequinum,0.022,0.022,-1,Echolocation,/mnt/ubna_data_02_mir/recover-20221013/UBNA_001/20221012_030000.WAV,Telephone Field,recover-20221013,001,1795
698.8615,698.8966,68437,80864,Rhinolophus ferrumequinum,0.021,0.021,-1,Echolocation,/mnt/ubna_data_02_mir/recover-20221013/UBNA_001/20221012_030000.WAV,Telephone Field,recover-20221013,001,1795
698.8655,698.8725,28046,40346,Eptesicus serotinus,0.007,0.024,-1,Echolocation,/mnt/ubna_data_02_mir/recover-20221013/UBNA_001/20221012_030000.WAV,Telephone Field,recover-20221013,001,1795
698.9115,698.9501,68437,82047,Rhinolophus ferrumequinum,0.021,0.021,-1,Echolocation,/mnt/ubna_data_02_mir/recover-20221013/UBNA_001/20221012_030000.WAV,Telephone Field,recover-20221013,001,1795
698.9415,698.9834,68437,82288,Rhinolophus ferrumequinum,0.023,0.023,-1,Echolocation,/mnt/ubna_data_02_mir/recover-20221013/UBNA_001/20221012_030000.WAV,Telephone Field,recover-20221013,001,1795
698.9445,698.9519,27187,38986,Eptesicus serotinus,0.006,0.022,-1,Echolocation,/mnt/ubna_data_02_mir/recover-20221013/UBNA_001/20221012_030000.WAV,Telephone Field,recover-20221013,001,1795
698.9705,699.007,68437,81682,Rhinolophus ferrumequinum,0.025,0.025,-1,Echolocation,/mnt/ubna_data_02_mir/recover-20221013/UBNA_001/20221012_030000.WAV,Telephone Field,recover-20221013,001,1795
698.9845,698.9915,22890,31646,Plecotus austriacus,0.013,0.027,-1,Echolocation,/mnt/ubna_data_02_mir/recover-20221013/UBNA_001/20221012_030000.WAV,Telephone Field,recover-20221013,001,1795
699.0055,699.0139,27187,39493,Eptesicus serotinus,0.007,0.022,-1,Echolocation,/mnt/ubna_data_02_mir/recover-20221013/UBNA_001/20221012_030000.WAV,Telephone Field,recover-20221013,001,1795
699.0475,699.0544,46093,51299,Pipistrellus pipistrellus,0.023,0.024,-1,Echolocation,/mnt/ubna_data_02_mir/recover-20221013/UBNA_001/20221012_030000.WAV,Telephone Field,recover-20221013,001,1795
699.0605,699.0702,28906,36219,Eptesicus serotinus,0.008,0.022,-1,Echolocation,/mnt/ubna_data_02_mir/recover-20221013/UBNA_001/20221012_030000.WAV,Telephone Field,recover-20221013,001,1795
699.0995,699.1367,68437,81638,Rhinolophus ferrumequinum,0.022,0.022,-1,Echolocation,/mnt/ubna_data_02_mir/recover-20221013/UBNA_001/20221012_030000.WAV,Telephone Field,recover-20221013,001,1795
699.1155,699.1259,29765,38663,Eptesicus serotinus,0.01,0.023,-1,Echolocation,/mnt/ubna_data_02_mir/recover-20221013/UBNA_001/20221012_030000.WAV,Telephone Field,recover-20221013,001,1795
699.1505,699.1908,68437,82456,Rhinolophus ferrumequinum,0.023,0.023,-1,Echolocation,/mnt/ubna_data_02_mir/recover-20221013/UBNA_001/20221012_030000.WAV,Telephone Field,recover-20221013,001,1795
699.1595,699.1964,68437,82333,Rhinolophus ferrumequinum,0.022,0.022,-1,Echolocation,/mnt/ubna_data_02_mir/recover-20221013/UBNA_001/20221012_030000.WAV,Telephone Field,recover-20221013,001,1795
699.1675,699.1764,23750,31402,Plecotus austriacus,0.009,0.027,-1,Echolocation,/mnt/ubna_data_02_mir/recover-20221013/UBNA_001/20221012_030000.WAV,Telephone Field,recover-20221013,001,1795
699.1925,699.2305,68437,82079,Rhinolophus ferrumequinum,0.023,0.023,-1,Echolocation,/mnt/ubna_data_02_mir/recover-20221013/UBNA_001/20221012_030000.WAV,Telephone Field,recover-20221013,001,1795
699.2065,699.2442,68437,81457,Rhinolophus ferrumequinum,0.021,0.021,-1,Echolocation,/mnt/ubna_data_02_mir/recover-20221013/UBNA_001/20221012_030000.WAV,Telephone Field,recover-20221013,001,1795
699.2795,699.3182,68437,82133,Rhinolophus ferrumequinum,0.022,0.022,-1,Echolocation,/mnt/ubna_data_02_mir/recover-20221013/UBNA_001/20221012_030000.WAV,Telephone Field,recover-20221013,001,1795
699.2865,699.3242,68437,82421,Rhinolophus ferrumequinum,0.024,0.024,-1,Echolocation,/mnt/ubna_data_02_mir/recover-20221013/UBNA_001/20221012_030000.WAV,Telephone Field,recover-20221013,001,1795
699.2945,699.3312,68437,81869,Rhinolophus ferrumequinum,0.021,0.021,-1,Echolocation,/mnt/ubna_data_02_mir/recover-20221013/UBNA_001/20221012_030000.WAV,Telephone Field,recover-20221013,001,1795
699.3005,699.3386,68437,81919,Rhinolophus ferrumequinum,0.022,0.022,-1,Echolocation,/mnt/ubna_data_02_mir/recover-20221013/UBNA_001/20221012_030000.WAV,Telephone Field,recover-20221013,001,1795
699.3225,699.3592,68437,81591,Rhinolophus ferrumequinum,0.022,0.022,-1,Echolocation,/mnt/ubna_data_02_mir/recover-20221013/UBNA_001/20221012_030000.WAV,Telephone Field,recover-20221013,001,1795
699.3505,699.3858,68437,81538,Rhinolophus ferrumequinum,0.022,0.022,-1,Echolocation,/mnt/ubna_data_02_mir/recover-20221013/UBNA_001/20221012_030000.WAV,Telephone Field,recover-20221013,001,1795
699.3855,699.4248,68437,81740,Rhinolophus ferrumequinum,0.026,0.026,-1,Echolocation,/mnt/ubna_data_02_mir/recover-20221013/UBNA_001/20221012_030000.WAV,Telephone Field,recover-20221013,001,1795
699.3905,699.3995,28906,39429,Eptesicus serotinus,0.011,0.028,-1,Echolocation,/mnt/ubna_data_02_mir/recover-20221013/UBNA_001/20221012_030000.WAV,Telephone Field,recover-20221013,001,1795
699.3925,699.431,68437,82492,Rhinolophus ferrumequinum,0.023,0.023,-1,Echolocation,/mnt/ubna_data_02_mir/recover-20221013/UBNA_001/20221012_030000.WAV,Telephone Field,recover-20221013,001,1795
699.4035,699.4152,23750,28970,Nyctalus leisleri,0.01,0.021,-1,Echolocation,/mnt/ubna_data_02_mir/recover-20221013/UBNA_001/20221012_030000.WAV,Telephone Field,recover-20221013,001,1795
699.4315,699.4417,26328,34050,Eptesicus serotinus,0.011,0.024,-1,Echolocation,/mnt/ubna_data_02_mir/recover-20221013/UBNA_001/20221012_030000.WAV,Telephone Field,recover-20221013,001,1795
699.4405,699.4812,68437,82532,Rhinolophus ferrumequinum,0.03,0.03,-1,Echolocation,/mnt/ubna_data_02_mir/recover-20221013/UBNA_001/20221012_030000.WAV,Telephone Field,recover-20221013,001,1795
699.4415,699.4502,26328,37819,Eptesicus serotinus,0.007,0.021,-1,Echolocation,/mnt/ubna_data_02_mir/recover-20221013/UBNA_001/20221012_030000.WAV,Telephone Field,recover-20221013,001,1795
699.4785,699.4884,27187,36313,Eptesicus serotinus,0.009,0.021,-1,Echolocation,/mnt/ubna_data_02_mir/recover-20221013/UBNA_001/20221012_030000.WAV,Telephone Field,recover-20221013,001,1795
699.4905,699.5291,68437,81730,Rhinolophus ferrumequinum,0.022,0.022,-1,Echolocation,/mnt/ubna_data_02_mir/recover-20221013/UBNA_001/20221012_030000.WAV,Telephone Field,recover-20221013,001,1795
699.5495,699.5904,68437,82113,Rhinolophus ferrumequinum,0.024,0.024,-1,Echolocation,/mnt/ubna_data_02_mir/recover-20221013/UBNA_001/20221012_030000.WAV,Telephone Field,recover-20221013,001,1795
699.5625,699.5705,28046,38061,Eptesicus serotinus,0.007,0.022,-1,Echolocation,/mnt/ubna_data_02_mir/recover-20221013/UBNA_001/20221012_030000.WAV,Telephone Field,recover-20221013,001,1795
699.5995,699.6355,68437,81306,Rhinolophus ferrumequinum,0.021,0.021,-1,Echolocation,/mnt/ubna_data_02_mir/recover-20221013/UBNA_001/20221012_030000.WAV,Telephone Field,recover-20221013,001,1795
699.6045,699.6133,28046,37003,Eptesicus serotinus,0.009,0.024,-1,Echolocation,/mnt/ubna_data_02_mir/recover-20221013/UBNA_001/20221012_030000.WAV,Telephone Field,recover-20221013,001,1795
699.6285,699.6705,68437,82668,Rhinolophus ferrumequinum,0.024,0.024,-1,Echolocation,/mnt/ubna_data_02_mir/recover-20221013/UBNA_001/20221012_030000.WAV,Telephone Field,recover-20221013,001,1795
699.6465,699.6845,68437,81846,Rhinolophus ferrumequinum,0.021,0.021,-1,Echolocation,/mnt/ubna_data_02_mir/recover-20221013/UBNA_001/20221012_030000.WAV,Telephone Field,recover-20221013,001,1795
699.6545,699.663,26328,38017,Eptesicus serotinus,0.007,0.022,-1,Echolocation,/mnt/ubna_data_02_mir/recover-20221013/UBNA_001/20221012_030000.WAV,Telephone Field,recover-20221013,001,1795
699.6955,699.734,68437,81332,Rhinolophus ferrumequinum,0.024,0.024,-1,Echolocation,/mnt/ubna_data_02_mir/recover-20221013/UBNA_001/20221012_030000.WAV,Telephone Field,recover-20221013,001,1795
699.7005,699.7088,28046,38664,Eptesicus serotinus,0.007,0.024,-1,Echolocation,/mnt/ubna_data_02_mir/recover-20221013/UBNA_001/20221012_030000.WAV,Telephone Field,recover-20221013,001,1795
699.7205,699.7532,68437,81232,Rhinolophus ferrumequinum,0.023,0.023,-1,Echolocation,/mnt/ubna_data_02_mir/recover-20221013/UBNA_001/20221012_030000.WAV,Telephone Field,recover-20221013,001,1795
699.7665,699.7762,28046,37584,Eptesicus serotinus,0.01,0.023,-1,Echolocation,/mnt/ubna_data_02_mir/recover-20221013/UBNA_001/20221012_030000.WAV,Telephone Field,recover-20221013,001,1795
699.7965,699.815,21171,24972,Nyctalus leisleri,0.018,0.039,-1,Echolocation,/mnt/ubna_data_02_mir/recover-20221013/UBNA_001/20221012_030000.WAV,Telephone Field,recover-20221013,001,1795
699.8155,699.8539,68437,82525,Rhinolophus ferrumequinum,0.024,0.024,-1,Echolocation,/mnt/ubna_data_02_mir/recover-20221013/UBNA_001/20221012_030000.WAV,Telephone Field,recover-20221013,001,1795
699.8655,699.9026,68437,81899,Rhinolophus ferrumequinum,0.022,0.022,-1,Echolocation,/mnt/ubna_data_02_mir/recover-20221013/UBNA_001/20221012_030000.WAV,Telephone Field,recover-20221013,001,1795
699.8755,699.9131,68437,82261,Rhinolophus ferrumequinum,0.021,0.021,-1,Echolocation,/mnt/ubna_data_02_mir/recover-20221013/UBNA_001/20221012_030000.WAV,Telephone Field,recover-20221013,001,1795
699.8845,699.8925,27187,35952,Eptesicus serotinus,0.01,0.027,-1,Echolocation,/mnt/ubna_data_02_mir/recover-20221013/UBNA_001/20221012_030000.WAV,Telephone Field,recover-20221013,001,1795
699.8965,699.9385,68437,82981,Rhinolophus ferrumequinum,0.027,0.027,-1,Echolocation,/mnt/ubna_data_02_mir/recover-20221013/UBNA_001/20221012_030000.WAV,Telephone Field,recover-20221013,001,1795
699.9505,699.995,68437,83651,Rhinolophus ferrumequinum,0.03,0.03,-1,Echolocation,/mnt/ubna_data_02_mir/recover-20221013/UBNA_001/20221012_030000.WAV,Telephone Field,recover-20221013,001,1795
699.9675,699.9783,22031,26663,Nyctalus leisleri,0.011,0.023,-1,Echolocation,/mnt/ubna_data_02_mir/recover-20221013/UBNA_001/20221012_030000.WAV,Telephone Field,recover-20221013,001,1795
699.9895,699.9965,28046,44184,Eptesicus serotinus,0.007,0.025,-1,Echolocation,/mnt/ubna_data_02_mir/recover-20221013/UBNA_001/20221012_030000.WAV,Telephone Field,recover-20221013,001,1795
700.0015,700.0092,26328,37046,Myotis nattereri,0.005,0.025,-1,Echolocation,/mnt/ubna_data_02_mir/recover-20221013/UBNA_001/20221012_030000.WAV,Telephone Field,recover-20221013,001,1795
700.0015,700.0109,21171,26600,Nyctalus leisleri,0.01,0.027,-1,Echolocation,/mnt/ubna_data_02_mir/recover-20221013/UBNA_001/20221012_030000.WAV,Telephone Field,recover-20221013,001,1795
700.0015,700.0311,68437,79641,Rhinolophus ferrumequinum,0.038,0.038,-1,Echolocation,/mnt/ubna_data_02_mir/recover-20221013/UBNA_001/20221012_030000.WAV,Telephone Field,recover-20221013,001,1795
700.0095,700.0506,68437,81495,Rhinolophus ferrumequinum,0.029,0.029,-1,Echolocation,/mnt/ubna_data_02_mir/recover-20221013/UBNA_001/20221012_030000.WAV,Telephone Field,recover-20221013,001,1795
700.0115,700.0202,28906,37083,Eptesicus serotinus,0.009,0.024,-1,Echolocation,/mnt/ubna_data_02_mir/recover-20221013/UBNA_001/20221012_030000.WAV,Telephone Field,recover-20221013,001,1795
700.0615,700.0989,68437,82368,Rhinolophus ferrumequinum,0.027,0.027,-1,Echolocation,/mnt/ubna_data_02_mir/recover-20221013/UBNA_001/20221012_030000.WAV,Telephone Field,recover-20221013,001,1795
700.0635,700.073,23750,30017,Nyctalus leisleri,0.008,0.023,-1,Echolocation,/mnt/ubna_data_02_mir/recover-20221013/UBNA_001/20221012_030000.WAV,Telephone Field,recover-20221013,001,1795
700.0785,700.0854,28906,39078,Eptesicus serotinus,0.006,0.022,-1,Echolocation,/mnt/ubna_data_02_mir/recover-20221013/UBNA_001/20221012_030000.WAV,Telephone Field,recover-20221013,001,1795
700.0865,700.1261,68437,82974,Rhinolophus ferrumequinum,0.024,0.024,-1,Echolocation,/mnt/ubna_data_02_mir/recover-20221013/UBNA_001/20221012_030000.WAV,Telephone Field,recover-20221013,001,1795
700.1075,700.1462,68437,82199,Rhinolophus ferrumequinum,0.022,0.022,-1,Echolocation,/mnt/ubna_data_02_mir/recover-20221013/UBNA_001/20221012_030000.WAV,Telephone Field,recover-20221013,001,1795
700.1225,700.1299,26328,40020,Eptesicus serotinus,0.007,0.023,-1,Echolocation,/mnt/ubna_data_02_mir/recover-20221013/UBNA_001/20221012_030000.WAV,Telephone Field,recover-20221013,001,1795
700.1445,700.1835,68437,81792,Rhinolophus ferrumequinum,0.023,0.023,-1,Echolocation,/mnt/ubna_data_02_mir/recover-20221013/UBNA_001/20221012_030000.WAV,Telephone Field,recover-20221013,001,1795
700.1485,700.1571,28046,39668,Eptesicus serotinus,0.009,0.022,-1,Echolocation,/mnt/ubna_data_02_mir/recover-20221013/UBNA_001/20221012_030000.WAV,Telephone Field,recover-20221013,001,1795
700.1995,700.2376,68437,81946,Rhinolophus ferrumequinum,0.022,0.022,-1,Echolocation,/mnt/ubna_data_02_mir/recover-20221013/UBNA_001/20221012_030000.WAV,Telephone Field,recover-20221013,001,1795
700.2385,700.2805,68437,83243,Rhinolophus ferrumequinum,0.029,0.029,-1,Echolocation,/mnt/ubna_data_02_mir/recover-20221013/UBNA_001/20221012_030000.WAV,Telephone Field,recover-20221013,001,1795
700.2415,700.2507,25468,33808,Eptesicus serotinus,0.009,0.022,-1,Echolocation,/mnt/ubna_data_02_mir/recover-20221013/UBNA_001/20221012_030000.WAV,Telephone Field,recover-20221013,001,1795
700.2525,700.2882,68437,82081,Rhinolophus ferrumequinum,0.022,0.022,-1,Echolocation,/mnt/ubna_data_02_mir/recover-20221013/UBNA_001/20221012_030000.WAV,Telephone Field,recover-20221013,001,1795
700.2625,700.2729,23750,29849,Nyctalus leisleri,0.01,0.026,-1,Echolocation,/mnt/ubna_data_02_mir/recover-20221013/UBNA_001/20221012_030000.WAV,Telephone Field,recover-20221013,001,1795
700.2655,700.3099,68437,83335,Rhinolophus ferrumequinum,0.043,0.043,-1,Echolocation,/mnt/ubna_data_02_mir/recover-20221013/UBNA_001/20221012_030000.WAV,Telephone Field,recover-20221013,001,1795
700.2925,700.3037,22890,27990,Nyctalus leisleri,0.011,0.022,-1,Echolocation,/mnt/ubna_data_02_mir/recover-20221013/UBNA_001/20221012_030000.WAV,Telephone Field,recover-20221013,001,1795
700.2935,700.3345,68437,82288,Rhinolophus ferrumequinum,0.022,0.022,-1,Echolocation,/mnt/ubna_data_02_mir/recover-20221013/UBNA_001/20221012_030000.WAV,Telephone Field,recover-20221013,001,1795
700.3265,700.3664,68437,82512,Rhinolophus ferrumequinum,0.021,0.021,-1,Echolocation,/mnt/ubna_data_02_mir/recover-20221013/UBNA_001/20221012_030000.WAV,Telephone Field,recover-20221013,001,1795
700.3545,700.3926,68437,82244,Rhinolophus ferrumequinum,0.022,0.022,-1,Echolocation,/mnt/ubna_data_02_mir/recover-20221013/UBNA_001/20221012_030000.WAV,Telephone Field,recover-20221013,001,1795
700.3555,700.3642,26328,34836,Eptesicus serotinus,0.012,0.026,-1,Echolocation,/mnt/ubna_data_02_mir/recover-20221013/UBNA_001/20221012_030000.WAV,Telephone Field,recover-20221013,001,1795
700.3655,700.3722,51250,56888,Pipistrellus pipistrellus,0.022,0.028,-1,Echolocation,/mnt/ubna_data_02_mir/recover-20221013/UBNA_001/20221012_030000.WAV,Telephone Field,recover-20221013,001,1795
700.3665,700.4067,68437,82943,Rhinolophus ferrumequinum,0.021,0.021,-1,Echolocation,/mnt/ubna_data_02_mir/recover-20221013/UBNA_001/20221012_030000.WAV,Telephone Field,recover-20221013,001,1795
700.3855,700.4251,68437,82096,Rhinolophus ferrumequinum,0.023,0.023,-1,Echolocation,/mnt/ubna_data_02_mir/recover-20221013/UBNA_001/20221012_030000.WAV,Telephone Field,recover-20221013,001,1795
700.3865,700.396,25468,34061,Eptesicus serotinus,0.01,0.023,-1,Echolocation,/mnt/ubna_data_02_mir/recover-20221013/UBNA_001/20221012_030000.WAV,Telephone Field,recover-20221013,001,1795
700.3925,700.4014,28046,39350,Eptesicus serotinus,0.01,0.024,-1,Echolocation,/mnt/ubna_data_02_mir/recover-20221013/UBNA_001/20221012_030000.WAV,Telephone Field,recover-20221013,001,1795
700.4415,700.4796,68437,81056,Rhinolophus ferrumequinum,0.022,0.022,-1,Echolocation,/mnt/ubna_data_02_mir/recover-20221013/UBNA_001/20221012_030000.WAV,Telephone Field,recover-20221013,001,1795
700.4745,700.5083,68437,81755,Rhinolophus ferrumequinum,0.025,0.025,-1,Echolocation,/mnt/ubna_data_02_mir/recover-20221013/UBNA_001/20221012_030000.WAV,Telephone Field,recover-20221013,001,1795
700.5015,700.5106,51250,56557,Pipistrellus pipistrellus,0.018,0.027,-1,Echolocation,/mnt/ubna_data_02_mir/recover-20221013/UBNA_001/20221012_030000.WAV,Telephone Field,recover-20221013,001,1795
700.5055,700.5115,28046,47731,Eptesicus serotinus,0.005,0.023,-1,Echolocation,/mnt/ubna_data_02_mir/recover-20221013/UBNA_001/20221012_030000.WAV,Telephone Field,recover-20221013,001,1795
700.5745,700.6152,68437,82362,Rhinolophus ferrumequinum,0.024,0.024,-1,Echolocation,/mnt/ubna_data_02_mir/recover-20221013/UBNA_001/20221012_030000.WAV,Telephone Field,recover-20221013,001,1795
700.5855,700.6267,68437,82666,Rhinolophus ferrumequinum,0.023,0.023,-1,Echolocation,/mnt/ubna_data_02_mir/recover-20221013/UBNA_001/20221012_030000.WAV,Telephone Field,recover-20221013,001,1795
700.6335,700.6751,68437,82353,Rhinolophus ferrumequinum,0.038,0.038,-1,Echolocation,/mnt/ubna_data_02_mir/recover-20221013/UBNA_001/20221012_030000.WAV,Telephone Field,recover-20221013,001,1795
700.6545,700.694,68437,82670,Rhinolophus ferrumequinum,0.029,0.029,-1,Echolocation,/mnt/ubna_data_02_mir/recover-20221013/UBNA_001/20221012_030000.WAV,Telephone Field,recover-20221013,001,1795
700.6715,700.6819,22890,27542,Nyctalus leisleri,0.011,0.022,-1,Echolocation,/mnt/ubna_data_02_mir/recover-20221013/UBNA_001/20221012_030000.WAV,Telephone Field,recover-20221013,001,1795
700.6715,700.7116,68437,82026,Rhinolophus ferrumequinum,0.022,0.022,-1,Echolocation,/mnt/ubna_data_02_mir/recover-20221013/UBNA_001/20221012_030000.WAV,Telephone Field,recover-20221013,001,1795
700.7445,700.7547,28046,36613,Eptesicus serotinus,0.009,0.021,-1,Echolocation,/mnt/ubna_data_02_mir/recover-20221013/UBNA_001/20221012_030000.WAV,Telephone Field,recover-20221013,001,1795
700.7655,700.8047,68437,82664,Rhinolophus ferrumequinum,0.028,0.028,-1,Echolocation,/mnt/ubna_data_02_mir/recover-20221013/UBNA_001/20221012_030000.WAV,Telephone Field,recover-20221013,001,1795
700.7655,700.7744,22890,30110,Plecotus austriacus,0.008,0.025,-1,Echolocation,/mnt/ubna_data_02_mir/recover-20221013/UBNA_001/20221012_030000.WAV,Telephone Field,recover-20221013,001,1795
700.7985,700.8381,68437,82196,Rhinolophus ferrumequinum,0.022,0.022,-1,Echolocation,/mnt/ubna_data_02_mir/recover-20221013/UBNA_001/20221012_030000.WAV,Telephone Field,recover-20221013,001,1795
700.8675,700.8784,23750,29315,Nyctalus leisleri,0.017,0.041,-1,Echolocation,/mnt/ubna_data_02_mir/recover-20221013/UBNA_001/20221012_030000.WAV,Telephone Field,recover-20221013,001,1795
700.8865,700.8961,28906,36385,Eptesicus serotinus,0.011,0.022,-1,Echolocation,/mnt/ubna_data_02_mir/recover-20221013/UBNA_001/20221012_030000.WAV,Telephone Field,recover-20221013,001,1795
700.9235,700.9586,68437,81744,Rhinolophus ferrumequinum,0.045,0.045,-1,Echolocation,/mnt/ubna_data_02_mir/recover-20221013/UBNA_001/20221012_030000.WAV,Telephone Field,recover-20221013,001,1795
700.9815,700.9917,22031,27523,Nyctalus leisleri,0.01,0.028,-1,Echolocation,/mnt/ubna_data_02_mir/recover-20221013/UBNA_001/20221012_030000.WAV,Telephone Field,recover-20221013,001,1795
701.0095,701.0174,28046,39505,Eptesicus serotinus,0.01,0.027,-1,Echolocation,/mnt/ubna_data_02_mir/recover-20221013/UBNA_001/20221012_030000.WAV,Telephone Field,recover-20221013,001,1795
701.0375,701.0449,26328,36384,Eptesicus serotinus,0.01,0.032,-1,Echolocation,/mnt/ubna_data_02_mir/recover-20221013/UBNA_001/20221012_030000.WAV,Telephone Field,recover-20221013,001,1795
701.0495,701.0579,26328,35635,Eptesicus serotinus,0.008,0.023,-1,Echolocation,/mnt/ubna_data_02_mir/recover-20221013/UBNA_001/20221012_030000.WAV,Telephone Field,recover-20221013,001,1795
701.0705,701.0809,23750,29406,Nyctalus leisleri,0.01,0.023,-1,Echolocation,/mnt/ubna_data_02_mir/recover-20221013/UBNA_001/20221012_030000.WAV,Telephone Field,recover-20221013,001,1795
701.0785,701.1184,68437,82314,Rhinolophus ferrumequinum,0.026,0.026,-1,Echolocation,/mnt/ubna_data_02_mir/recover-20221013/UBNA_001/20221012_030000.WAV,Telephone Field,recover-20221013,001,1795
701.0875,701.123,68437,81605,Rhinolophus ferrumequinum,0.022,0.022,-1,Echolocation,/mnt/ubna_data_02_mir/recover-20221013/UBNA_001/20221012_030000.WAV,Telephone Field,recover-20221013,001,1795
701.1325,701.1735,68437,82671,Rhinolophus ferrumequinum,0.023,0.023,-1,Echolocation,/mnt/ubna_data_02_mir/recover-20221013/UBNA_001/20221012_030000.WAV,Telephone Field,recover-20221013,001,1795
701.1425,701.1499,26328,40281,Eptesicus serotinus,0.007,0.022,-1,Echolocation,/mnt/ubna_data_02_mir/recover-20221013/UBNA_001/20221012_030000.WAV,Telephone Field,recover-20221013,001,1795
701.1945,701.2034,28046,36433,Eptesicus serotinus,0.009,0.023,-1,Echolocation,/mnt/ubna_data_02_mir/recover-20221013/UBNA_001/20221012_030000.WAV,Telephone Field,recover-20221013,001,1795
701.2205,701.2296,28046,38660,Eptesicus serotinus,0.01,0.025,-1,Echolocation,/mnt/ubna_data_02_mir/recover-20221013/UBNA_001/20221012_030000.WAV,Telephone Field,recover-20221013,001,1795
701.2255,701.2653,68437,82146,Rhinolophus ferrumequinum,0.025,0.025,-1,Echolocation,/mnt/ubna_data_02_mir/recover-20221013/UBNA_001/20221012_030000.WAV,Telephone Field,recover-20221013,001,1795
701.2375,701.2756,68437,82192,Rhinolophus ferrumequinum,0.022,0.022,-1,Echolocation,/mnt/ubna_data_02_mir/recover-20221013/UBNA_001/20221012_030000.WAV,Telephone Field,recover-20221013,001,1795
701.2495,701.2583,25468,34361,Eptesicus serotinus,0.01,0.025,-1,Echolocation,/mnt/ubna_data_02_mir/recover-20221013/UBNA_001/20221012_030000.WAV,Telephone Field,recover-20221013,001,1795
701.2875,701.3233,68437,81596,Rhinolophus ferrumequinum,0.023,0.023,-1,Echolocation,/mnt/ubna_data_02_mir/recover-20221013/UBNA_001/20221012_030000.WAV,Telephone Field,recover-20221013,001,1795
701.3045,701.3436,68437,82708,Rhinolophus ferrumequinum,0.023,0.023,-1,Echolocation,/mnt/ubna_data_02_mir/recover-20221013/UBNA_001/20221012_030000.WAV,Telephone Field,recover-20221013,001,1795
701.3605,701.3681,28046,38620,Eptesicus serotinus,0.008,0.022,-1,Echolocation,/mnt/ubna_data_02_mir/recover-20221013/UBNA_001/20221012_030000.WAV,Telephone Field,recover-20221013,001,1795
701.4055,701.4437,68437,81948,Rhinolophus ferrumequinum,0.023,0.023,-1,Echolocation,/mnt/ubna_data_02_mir/recover-20221013/UBNA_001/20221012_030000.WAV,Telephone Field,recover-20221013,001,1795
701.4365,701.4473,28906,37258,Eptesicus serotinus,0.011,0.024,-1,Echolocation,/mnt/ubna_data_02_mir/recover-20221013/UBNA_001/20221012_030000.WAV,Telephone Field,recover-20221013,001,1795
701.4455,701.4556,28906,37192,Eptesicus serotinus,0.01,0.025,-1,Echolocation,/mnt/ubna_data_02_mir/recover-20221013/UBNA_001/20221012_030000.WAV,Telephone Field,recover-20221013,001,1795
701.4765,701.4851,28046,36838,Eptesicus serotinus,0.012,0.026,-1,Echolocation,/mnt/ubna_data_02_mir/recover-20221013/UBNA_001/20221012_030000.WAV,Telephone Field,recover-20221013,001,1795
701.4945,701.5401,68437,83375,Rhinolophus ferrumequinum,0.042,0.042,-1,Echolocation,/mnt/ubna_data_02_mir/recover-20221013/UBNA_001/20221012_030000.WAV,Telephone Field,recover-20221013,001,1795
701.5755,701.5819,28046,38101,Eptesicus serotinus,0.012,0.038,-1,Echolocation,/mnt/ubna_data_02_mir/recover-20221013/UBNA_001/20221012_030000.WAV,Telephone Field,recover-20221013,001,1795
701.6125,701.6477,68437,81306,Rhinolophus ferrumequinum,0.021,0.021,-1,Echolocation,/mnt/ubna_data_02_mir/recover-20221013/UBNA_001/20221012_030000.WAV,Telephone Field,recover-20221013,001,1795
701.6245,701.6627,68437,82339,Rhinolophus ferrumequinum,0.026,0.026,-1,Echolocation,/mnt/ubna_data_02_mir/recover-20221013/UBNA_001/20221012_030000.WAV,Telephone Field,recover-20221013,001,1795
701.6405,701.6478,26328,35227,Eptesicus serotinus,0.008,0.024,-1,Echolocation,/mnt/ubna_data_02_mir/recover-20221013/UBNA_001/20221012_030000.WAV,Telephone Field,recover-20221013,001,1795
701.6465,701.6845,68437,82656,Rhinolophus ferrumequinum,0.024,0.024,-1,Echolocation,/mnt/ubna_data_02_mir/recover-20221013/UBNA_001/20221012_030000.WAV,Telephone Field,recover-20221013,001,1795
701.6645,701.7037,68437,82515,Rhinolophus ferrumequinum,0.026,0.026,-1,Echolocation,/mnt/ubna_data_02_mir/recover-20221013/UBNA_001/20221012_030000.WAV,Telephone Field,recover-20221013,001,1795
701.6955,701.7062,46953,50541,Pipistrellus pipistrellus,0.022,0.024,-1,Echolocation,/mnt/ubna_data_02_mir/recover-20221013/UBNA_001/20221012_030000.WAV,Telephone Field,recover-20221013,001,1795
701.6955,701.7327,68437,81830,Rhinolophus ferrumequinum,0.025,0.025,-1,Echolocation,/mnt/ubna_data_02_mir/recover-20221013/UBNA_001/20221012_030000.WAV,Telephone Field,recover-20221013,001,1795
701.7005,701.7105,26328,33475,Eptesicus serotinus,0.012,0.027,-1,Echolocation,/mnt/ubna_data_02_mir/recover-20221013/UBNA_001/20221012_030000.WAV,Telephone Field,recover-20221013,001,1795
701.7065,701.7407,68437,81193,Rhinolophus ferrumequinum,0.023,0.023,-1,Echolocation,/mnt/ubna_data_02_mir/recover-20221013/UBNA_001/20221012_030000.WAV,Telephone Field,recover-20221013,001,1795
701.7215,701.7618,68437,82568,Rhinolophus ferrumequinum,0.027,0.027,-1,Echolocation,/mnt/ubna_data_02_mir/recover-20221013/UBNA_001/20221012_030000.WAV,Telephone Field,recover-20221013,001,1795
701.7555,701.7605,34921,47094,Myotis daubentonii,0.01,0.031,-1,Echolocation,/mnt/ubna_data_02_mir/recover-20221013/UBNA_001/20221012_030000.WAV,Telephone Field,recover-20221013,001,1795
701.7565,701.7622,27187,44909,Plecotus auritus,0.005,0.028,-1,Echolocation,/mnt/ubna_data_02_mir/recover-20221013/UBNA_001/20221012_030000.WAV,Telephone Field,recover-20221013,001,1795
701.7615,701.8013,68437,82317,Rhinolophus ferrumequinum,0.023,0.023,-1,Echolocation,/mnt/ubna_data_02_mir/recover-20221013/UBNA_001/20221012_030000.WAV,Telephone Field,recover-20221013,001,1795
701.7875,701.8286,68437,82744,Rhinolophus ferrumequinum,0.024,0.025,-1,Echolocation,/mnt/ubna_data_02_mir/recover-20221013/UBNA_001/20221012_030000.WAV,Telephone Field,recover-20221013,001,1795
701.7965,701.8399,68437,83458,Rhinolophus ferrumequinum,0.027,0.027,-1,Echolocation,/mnt/ubna_data_02_mir/recover-20221013/UBNA_001/20221012_030000.WAV,Telephone Field,recover-20221013,001,1795
701.8205,701.8314,25468,32603,Eptesicus serotinus,0.01,0.022,-1,Echolocation,/mnt/ubna_data_02_mir/recover-20221013/UBNA_001/20221012_030000.WAV,Telephone Field,recover-20221013,001,1795
701.8325,701.8728,68437,82353,Rhinolophus ferrumequinum,0.022,0.022,-1,Echolocation,/mnt/ubna_data_02_mir/recover-20221013/UBNA_001/20221012_030000.WAV,Telephone Field,recover-20221013,001,1795
701.8475,701.8888,68437,82120,Rhinolophus ferrumequinum,0.022,0.022,-1,Echolocation,/mnt/ubna_data_02_mir/recover-20221013/UBNA_001/20221012_030000.WAV,Telephone Field,recover-20221013,001,1795
701.8935,701.9319,68437,82403,Rhinolophus ferrumequinum,0.023,0.023,-1,Echolocation,/mnt/ubna_data_02_mir/recover-20221013/UBNA_001/20221012_030000.WAV,Telephone Field,recover-20221013,001,1795
701.9095,701.9512,68437,82816,Rhinolophus ferrumequinum,0.031,0.031,-1,Echolocation,/mnt/ubna_data_02_mir/recover-20221013/UBNA_001/20221012_030000.WAV,Telephone Field,recover-20221013,001,1795
701.9445,701.981,68437,81442,Rhinolophus ferrumequinum,0.021,0.022,-1,Echolocation,/mnt/ubna_data_02_mir/recover-20221013/UBNA_001/20221012_030000.WAV,Telephone Field,recover-20221013,001,1795
701.9475,701.9562,28046,37374,Eptesicus serotinus,0.009,0.023,-1,Echolocation,/mnt/ubna_data_02_mir/recover-20221013/UBNA_001/20221012_030000.WAV,Telephone Field,recover-20221013,001,1795
701.9555,701.9645,28046,38168,Eptesicus serotinus,0.008,0.021,-1,Echolocation,/mnt/ubna_data_02_mir/recover-20221013/UBNA_001/20221012_030000.WAV,Telephone Field,recover-20221013,001,1795
701.9845,701.9952,28046,37409,Eptesicus serotinus,0.013,0.026,-1,Echolocation,/mnt/ubna_data_02_mir/recover-20221013/UBNA_001/20221012_030000.WAV,Telephone Field,recover-20221013,001,1795
702.0015,702.0101,25468,32241,Nyctalus leisleri,0.011,0.03,-1,Echolocation,/mnt/ubna_data_02_mir/recover-20221013/UBNA_001/20221012_030000.WAV,Telephone Field,recover-20221013,001,1795
702.0015,702.0337,69296,80733,Rhinolophus ferrumequinum,0.036,0.036,-1,Echolocation,/mnt/ubna_data_02_mir/recover-20221013/UBNA_001/20221012_030000.WAV,Telephone Field,recover-20221013,001,1795
702.0085,702.0446,68437,80836,Rhinolophus ferrumequinum,0.021,0.021,-1,Echolocation,/mnt/ubna_data_02_mir/recover-20221013/UBNA_001/20221012_030000.WAV,Telephone Field,recover-20221013,001,1795
702.0755,702.0832,51250,57429,Pipistrellus pipistrellus,0.02,0.023,-1,Echolocation,/mnt/ubna_data_02_mir/recover-20221013/UBNA_001/20221012_030000.WAV,Telephone Field,recover-20221013,001,1795
702.0805,702.0888,27187,38903,Eptesicus serotinus,0.008,0.022,-1,Echolocation,/mnt/ubna_data_02_mir/recover-20221013/UBNA_001/20221012_030000.WAV,Telephone Field,recover-20221013,001,1795
702.0805,702.1222,68437,82631,Rhinolophus ferrumequinum,0.032,0.032,-1,Echolocation,/mnt/ubna_data_02_mir/recover-20221013/UBNA_001/20221012_030000.WAV,Telephone Field,recover-20221013,001,1795
702.1045,702.1121,23750,32783,Plecotus austriacus,0.008,0.022,-1,Echolocation,/mnt/ubna_data_02_mir/recover-20221013/UBNA_001/20221012_030000.WAV,Telephone Field,recover-20221013,001,1795
702.1195,702.1267,49531,56992,Pipistrellus pipistrellus,0.017,0.022,-1,Echolocation,/mnt/ubna_data_02_mir/recover-20221013/UBNA_001/20221012_030000.WAV,Telephone Field,recover-20221013,001,1795
702.1215,702.1561,68437,81347,Rhinolophus ferrumequinum,0.021,0.021,-1,Echolocation,/mnt/ubna_data_02_mir/recover-20221013/UBNA_001/20221012_030000.WAV,Telephone Field,recover-20221013,001,1795
702.1275,702.1355,27187,40058,Eptesicus serotinus,0.008,0.021,-1,Echolocation,/mnt/ubna_data_02_mir/recover-20221013/UBNA_001/20221012_030000.WAV,Telephone Field,recover-20221013,001,1795
702.1415,702.1516,23750,29841,Nyctalus leisleri,0.008,0.021,-1,Echolocation,/mnt/ubna_data_02_mir/recover-20221013/UBNA_001/20221012_030000.WAV,Telephone Field,recover-20221013,001,1795
702.1545,702.1962,68437,82821,Rhinolophus ferrumequinum,0.023,0.023,-1,Echolocation,/mnt/ubna_data_02_mir/recover-20221013/UBNA_001/20221012_030000.WAV,Telephone Field,recover-20221013,001,1795
702.2015,702.2433,68437,82442,Rhinolophus ferrumequinum,0.028,0.028,-1,Echolocation,/mnt/ubna_data_02_mir/recover-20221013/UBNA_001/20221012_030000.WAV,Telephone Field,recover-20221013,001,1795
702.2345,702.2724,68437,81863,Rhinolophus ferrumequinum,0.021,0.022,-1,Echolocation,/mnt/ubna_data_02_mir/recover-20221013/UBNA_001/20221012_030000.WAV,Telephone Field,recover-20221013,001,1795
702.2345,702.2494,22890,27242,Nyctalus leisleri,0.012,0.021,-1,Echolocation,/mnt/ubna_data_02_mir/recover-20221013/UBNA_001/20221012_030000.WAV,Telephone Field,recover-20221013,001,1795
702.2445,702.2561,23750,28705,Nyctalus leisleri,0.013,0.026,-1,Echolocation,/mnt/ubna_data_02_mir/recover-20221013/UBNA_001/20221012_030000.WAV,Telephone Field,recover-20221013,001,1795
702.2535,702.2642,23750,29006,Nyctalus leisleri,0.011,0.023,-1,Echolocation,/mnt/ubna_data_02_mir/recover-20221013/UBNA_001/20221012_030000.WAV,Telephone Field,recover-20221013,001,1795
702.2585,702.2675,28906,36896,Eptesicus serotinus,0.008,0.021,-1,Echolocation,/mnt/ubna_data_02_mir/recover-20221013/UBNA_001/20221012_030000.WAV,Telephone Field,recover-20221013,001,1795
702.2915,702.3053,22031,25944,Nyctalus leisleri,0.016,0.027,-1,Echolocation,/mnt/ubna_data_02_mir/recover-20221013/UBNA_001/20221012_030000.WAV,Telephone Field,recover-20221013,001,1795
702.2925,702.3318,68437,81526,Rhinolophus ferrumequinum,0.022,0.022,-1,Echolocation,/mnt/ubna_data_02_mir/recover-20221013/UBNA_001/20221012_030000.WAV,Telephone Field,recover-20221013,001,1795
702.3135,702.3513,68437,82182,Rhinolophus ferrumequinum,0.023,0.023,-1,Echolocation,/mnt/ubna_data_02_mir/recover-20221013/UBNA_001/20221012_030000.WAV,Telephone Field,recover-20221013,001,1795
702.3195,702.3279,28046,48109,Eptesicus serotinus,0.008,0.021,-1,Echolocation,/mnt/ubna_data_02_mir/recover-20221013/UBNA_001/20221012_030000.WAV,Telephone Field,recover-20221013,001,1795
702.3805,702.3885,26328,34862,Eptesicus serotinus,0.009,0.024,-1,Echolocation,/mnt/ubna_data_02_mir/recover-20221013/UBNA_001/20221012_030000.WAV,Telephone Field,recover-20221013,001,1795
702.3965,702.436,68437,82543,Rhinolophus ferrumequinum,0.022,0.022,-1,Echolocation,/mnt/ubna_data_02_mir/recover-20221013/UBNA_001/20221012_030000.WAV,Telephone Field,recover-20221013,001,1795
702.4175,702.4282,28906,35512,Eptesicus serotinus,0.049,0.074,-1,Echolocation,/mnt/ubna_data_02_mir/recover-20221013/UBNA_001/20221012_030000.WAV,Telephone Field,recover-20221013,001,1795
702.4445,702.4539,49531,53536,Pipistrellus pipistrellus,0.021,0.023,-1,Echolocation,/mnt/ubna_data_02_mir/recover-20221013/UBNA_001/20221012_030000.WAV,Telephone Field,recover-20221013,001,1795
702.4465,702.4837,68437,82120,Rhinolophus ferrumequinum,0.021,0.021,-1,Echolocation,/mnt/ubna_data_02_mir/recover-20221013/UBNA_001/20221012_030000.WAV,Telephone Field,recover-20221013,001,1795
702.4485,702.457,28906,44158,Eptesicus serotinus,0.008,0.021,-1,Echolocation,/mnt/ubna_data_02_mir/recover-20221013/UBNA_001/20221012_030000.WAV,Telephone Field,recover-20221013,001,1795
702.4755,702.4851,28906,36306,Eptesicus serotinus,0.009,0.021,-1,Echolocation,/mnt/ubna_data_02_mir/recover-20221013/UBNA_001/20221012_030000.WAV,Telephone Field,recover-20221013,001,1795
702.5195,702.528,28046,37454,Eptesicus serotinus,0.007,0.021,-1,Echolocation,/mnt/ubna_data_02_mir/recover-20221013/UBNA_001/20221012_030000.WAV,Telephone Field,recover-20221013,001,1795
702.5425,702.5806,68437,82370,Rhinolophus ferrumequinum,0.022,0.022,-1,Echolocation,/mnt/ubna_data_02_mir/recover-20221013/UBNA_001/20221012_030000.WAV,Telephone Field,recover-20221013,001,1795
702.5875,702.6018,20312,23432,Nyctalus leisleri,0.015,0.024,-1,Echolocation,/mnt/ubna_data_02_mir/recover-20221013/UBNA_001/20221012_030000.WAV,Telephone Field,recover-20221013,001,1795
702.6645,702.6728,25468,34340,Eptesicus serotinus,0.008,0.021,-1,Echolocation,/mnt/ubna_data_02_mir/recover-20221013/UBNA_001/20221012_030000.WAV,Telephone Field,recover-20221013,001,1795
702.6785,702.6899,23750,28953,Nyctalus leisleri,0.011,0.026,-1,Echolocation,/mnt/ubna_data_02_mir/recover-20221013/UBNA_001/20221012_030000.WAV,Telephone Field,recover-20221013,001,1795
702.6795,702.7189,68437,82655,Rhinolophus ferrumequinum,0.024,0.024,-1,Echolocation,/mnt/ubna_data_02_mir/recover-20221013/UBNA_001/20221012_030000.WAV,Telephone Field,recover-20221013,001,1795
702.6895,702.7309,68437,81922,Rhinolophus ferrumequinum,0.021,0.021,-1,Echolocation,/mnt/ubna_data_02_mir/recover-20221013/UBNA_001/20221012_030000.WAV,Telephone Field,recover-20221013,001,1795
702.7015,702.7106,25468,34513,Eptesicus serotinus,0.008,0.023,-1,Echolocation,/mnt/ubna_data_02_mir/recover-20221013/UBNA_001/20221012_030000.WAV,Telephone Field,recover-20221013,001,1795
702.7215,702.7636,68437,83074,Rhinolophus ferrumequinum,0.024,0.024,-1,Echolocation,/mnt/ubna_data_02_mir/recover-20221013/UBNA_001/20221012_030000.WAV,Telephone Field,recover-20221013,001,1795
702.7735,702.8106,68437,82336,Rhinolophus ferrumequinum,0.021,0.021,-1,Echolocation,/mnt/ubna_data_02_mir/recover-20221013/UBNA_001/20221012_030000.WAV,Telephone Field,recover-20221013,001,1795
702.7855,702.7939,23750,31740,Plecotus austriacus,0.006,0.023,-1,Echolocation,/mnt/ubna_data_02_mir/recover-20221013/UBNA_001/20221012_030000.WAV,Telephone Field,recover-20221013,001,1795
702.8315,702.841,38359,45733,Pipistrellus nathusii,0.01,0.021,-1,Echolocation,/mnt/ubna_data_02_mir/recover-20221013/UBNA_001/20221012_030000.WAV,Telephone Field,recover-20221013,001,1795
702.8465,702.8567,26328,33880,Eptesicus serotinus,0.01,0.021,-1,Echolocation,/mnt/ubna_data_02_mir/recover-20221013/UBNA_001/20221012_030000.WAV,Telephone Field,recover-20221013,001,1795
702.8475,702.8865,68437,82535,Rhinolophus ferrumequinum,0.021,0.021,-1,Echolocation,/mnt/ubna_data_02_mir/recover-20221013/UBNA_001/20221012_030000.WAV,Telephone Field,recover-20221013,001,1795
702.9425,702.9518,15156,20842,Plecotus auritus,0.009,0.022,-1,Echolocation,/mnt/ubna_data_02_mir/recover-20221013/UBNA_001/20221012_030000.WAV,Telephone Field,recover-20221013,001,1795
702.9905,703.0306,68437,82888,Rhinolophus ferrumequinum,0.024,0.024,-1,Echolocation,/mnt/ubna_data_02_mir/recover-20221013/UBNA_001/20221012_030000.WAV,Telephone Field,recover-20221013,001,1795
703.0035,703.0135,22890,27964,Nyctalus leisleri,0.01,0.021,-1,Echolocation,/mnt/ubna_data_02_mir/recover-20221013/UBNA_001/20221012_030000.WAV,Telephone Field,recover-20221013,001,1795
703.0105,703.0273,20312,23330,Nyctalus leisleri,0.014,0.024,-1,Echolocation,/mnt/ubna_data_02_mir/recover-20221013/UBNA_001/20221012_030000.WAV,Telephone Field,recover-20221013,001,1795
703.0295,703.0696,68437,82463,Rhinolophus ferrumequinum,0.027,0.027,-1,Echolocation,/mnt/ubna_data_02_mir/recover-20221013/UBNA_001/20221012_030000.WAV,Telephone Field,recover-20221013,001,1795
703.0535,703.0949,68437,82842,Rhinolophus ferrumequinum,0.024,0.024,-1,Echolocation,/mnt/ubna_data_02_mir/recover-20221013/UBNA_001/20221012_030000.WAV,Telephone Field,recover-20221013,001,1795
703.0635,703.1026,68437,81984,Rhinolophus ferrumequinum,0.022,0.022,-1,Echolocation,/mnt/ubna_data_02_mir/recover-20221013/UBNA_001/20221012_030000.WAV,Telephone Field,recover-20221013,001,1795
703.0815,703.123,68437,82732,Rhinolophus ferrumequinum,0.028,0.028,-1,Echolocation,/mnt/ubna_data_02_mir/recover-20221013/UBNA_001/20221012_030000.WAV,Telephone Field,recover-20221013,001,1795
703.0825,703.0933,24609,31627,Eptesicus serotinus,0.008,0.021,-1,Echolocation,/mnt/ubna_data_02_mir/recover-20221013/UBNA_001/20221012_030000.WAV,Telephone Field,recover-20221013,001,1795
703.0895,703.1004,23750,29386,Nyctalus leisleri,0.009,0.021,-1,Echolocation,/mnt/ubna_data_02_mir/recover-20221013/UBNA_001/20221012_030000.WAV,Telephone Field,recover-20221013,001,1795
703.1245,703.1647,68437,83199,Rhinolophus ferrumequinum,0.038,0.038,-1,Echolocation,/mnt/ubna_data_02_mir/recover-20221013/UBNA_001/20221012_030000.WAV,Telephone Field,recover-20221013,001,1795
703.1355,703.174,68437,81286,Rhinolophus ferrumequinum,0.021,0.021,-1,Echolocation,/mnt/ubna_data_02_mir/recover-20221013/UBNA_001/20221012_030000.WAV,Telephone Field,recover-20221013,001,1795
703.1775,703.2149,68437,82217,Rhinolophus ferrumequinum,0.023,0.023,-1,Echolocation,/mnt/ubna_data_02_mir/recover-20221013/UBNA_001/20221012_030000.WAV,Telephone Field,recover-20221013,001,1795
703.2035,703.2116,28906,37617,Eptesicus serotinus,0.008,0.022,-1,Echolocation,/mnt/ubna_data_02_mir/recover-20221013/UBNA_001/20221012_030000.WAV,Telephone Field,recover-20221013,001,1795
703.2325,703.2407,23750,32167,Plecotus austriacus,0.008,0.022,-1,Echolocation,/mnt/ubna_data_02_mir/recover-20221013/UBNA_001/20221012_030000.WAV,Telephone Field,recover-20221013,001,1795
703.2325,703.2665,68437,81553,Rhinolophus ferrumequinum,0.021,0.021,-1,Echolocation,/mnt/ubna_data_02_mir/recover-20221013/UBNA_001/20221012_030000.WAV,Telephone Field,recover-20221013,001,1795
703.2665,703.3095,68437,83141,Rhinolophus ferrumequinum,0.024,0.024,-1,Echolocation,/mnt/ubna_data_02_mir/recover-20221013/UBNA_001/20221012_030000.WAV,Telephone Field,recover-20221013,001,1795
703.2865,703.2979,24609,31206,Nyctalus leisleri,0.01,0.026,-1,Echolocation,/mnt/ubna_data_02_mir/recover-20221013/UBNA_001/20221012_030000.WAV,Telephone Field,recover-20221013,001,1795
703.3945,703.4141,15156,19356,Nyctalus noctula,0.019,0.028,-1,Echolocation,/mnt/ubna_data_02_mir/recover-20221013/UBNA_001/20221012_030000.WAV,Telephone Field,recover-20221013,001,1795
703.3955,703.4342,68437,82633,Rhinolophus ferrumequinum,0.022,0.022,-1,Echolocation,/mnt/ubna_data_02_mir/recover-20221013/UBNA_001/20221012_030000.WAV,Telephone Field,recover-20221013,001,1795
703.4125,703.4535,68437,82151,Rhinolophus ferrumequinum,0.022,0.022,-1,Echolocation,/mnt/ubna_data_02_mir/recover-20221013/UBNA_001/20221012_030000.WAV,Telephone Field,recover-20221013,001,1795
703.4225,703.4302,28906,39389,Eptesicus serotinus,0.009,0.031,-1,Echolocation,/mnt/ubna_data_02_mir/recover-20221013/UBNA_001/20221012_030000.WAV,Telephone Field,recover-20221013,001,1795
703.4435,703.4849,68437,82683,Rhinolophus ferrumequinum,0.029,0.029,-1,Echolocation,/mnt/ubna_data_02_mir/recover-20221013/UBNA_001/20221012_030000.WAV,Telephone Field,recover-20221013,001,1795
703.4715,703.4775,28046,44650,Myotis daubentonii,0.006,0.031,-1,Echolocation,/mnt/ubna_data_02_mir/recover-20221013/UBNA_001/20221012_030000.WAV,Telephone Field,recover-20221013,001,1795
703.5025,703.5391,68437,81611,Rhinolophus ferrumequinum,0.021,0.021,-1,Echolocation,/mnt/ubna_data_02_mir/recover-20221013/UBNA_001/20221012_030000.WAV,Telephone Field,recover-20221013,001,1795
703.5085,703.5197000000001,24609,31245,Eptesicus serotinus,0.009,0.025,-1,Echolocation,/mnt/ubna_data_02_mir/recover-20221013/UBNA_001/20221012_030000.WAV,Telephone Field,recover-20221013,001,1795
703.5335,703.5451,24609,30455,Nyctalus leisleri,0.014,0.034,-1,Echolocation,/mnt/ubna_data_02_mir/recover-20221013/UBNA_001/20221012_030000.WAV,Telephone Field,recover-20221013,001,1795
703.5365,703.5751,68437,81980,Rhinolophus ferrumequinum,0.02,0.021,-1,Echolocation,/mnt/ubna_data_02_mir/recover-20221013/UBNA_001/20221012_030000.WAV,Telephone Field,recover-20221013,001,1795
703.5855,703.6234,68437,81787,Rhinolophus ferrumequinum,0.021,0.021,-1,Echolocation,/mnt/ubna_data_02_mir/recover-20221013/UBNA_001/20221012_030000.WAV,Telephone Field,recover-20221013,001,1795
703.6175,703.662,68437,82928,Rhinolophus ferrumequinum,0.028,0.028,-1,Echolocation,/mnt/ubna_data_02_mir/recover-20221013/UBNA_001/20221012_030000.WAV,Telephone Field,recover-20221013,001,1795
703.6875,703.6971,25468,33158,Eptesicus serotinus,0.011,0.028,-1,Echolocation,/mnt/ubna_data_02_mir/recover-20221013/UBNA_001/20221012_030000.WAV,Telephone Field,recover-20221013,001,1795
703.6925,703.7027,44375,48095,Pipistrellus pipistrellus,0.029,0.032,-1,Echolocation,/mnt/ubna_data_02_mir/recover-20221013/UBNA_001/20221012_030000.WAV,Telephone Field,recover-20221013,001,1795
703.7635,703.7711,27187,39012,Eptesicus serotinus,0.007,0.022,-1,Echolocation,/mnt/ubna_data_02_mir/recover-20221013/UBNA_001/20221012_030000.WAV,Telephone Field,recover-20221013,001,1795
703.7635,703.7752,37500,44104,Pipistrellus nathusii,0.006,0.022,-1,Echolocation,/mnt/ubna_data_02_mir/recover-20221013/UBNA_001/20221012_030000.WAV,Telephone Field,recover-20221013,001,1795
703.8195,703.827,28046,40096,Eptesicus serotinus,0.007,0.022,-1,Echolocation,/mnt/ubna_data_02_mir/recover-20221013/UBNA_001/20221012_030000.WAV,Telephone Field,recover-20221013,001,1795
703.8395,703.8467,24609,36298,Plecotus austriacus,0.006,0.023,-1,Echolocation,/mnt/ubna_data_02_mir/recover-20221013/UBNA_001/20221012_030000.WAV,Telephone Field,recover-20221013,001,1795
703.8645,703.8753,26328,32850,Eptesicus serotinus,0.011,0.028,-1,Echolocation,/mnt/ubna_data_02_mir/recover-20221013/UBNA_001/20221012_030000.WAV,Telephone Field,recover-20221013,001,1795
703.9105,703.9208,23750,30629,Nyctalus leisleri,0.008,0.023,-1,Echolocation,/mnt/ubna_data_02_mir/recover-20221013/UBNA_001/20221012_030000.WAV,Telephone Field,recover-20221013,001,1795
703.9305,703.9719,68437,83069,Rhinolophus ferrumequinum,0.021,0.021,-1,Echolocation,/mnt/ubna_data_02_mir/recover-20221013/UBNA_001/20221012_030000.WAV,Telephone Field,recover-20221013,001,1795
703.9735,703.983,22890,29385,Nyctalus leisleri,0.007,0.022,-1,Echolocation,/mnt/ubna_data_02_mir/recover-20221013/UBNA_001/20221012_030000.WAV,Telephone Field,recover-20221013,001,1795
703.9855,703.9931,26328,38728,Eptesicus serotinus,0.006,0.021,-1,Echolocation,/mnt/ubna_data_02_mir/recover-20221013/UBNA_001/20221012_030000.WAV,Telephone Field,recover-20221013,001,1795
704.0015,704.0088,24609,34302,Plecotus austriacus,0.007,0.027,-1,Echolocation,/mnt/ubna_data_02_mir/recover-20221013/UBNA_001/20221012_030000.WAV,Telephone Field,recover-20221013,001,1795
704.0015,704.011,45234,50631,Pipistrellus pipistrellus,0.026,0.033,-1,Echolocation,/mnt/ubna_data_02_mir/recover-20221013/UBNA_001/20221012_030000.WAV,Telephone Field,recover-20221013,001,1795
704.0275,704.0382,23750,29580,Nyctalus leisleri,0.009,0.022,-1,Echolocation,/mnt/ubna_data_02_mir/recover-20221013/UBNA_001/20221012_030000.WAV,Telephone Field,recover-20221013,001,1795
704.0805,704.0891,28046,40051,Eptesicus serotinus,0.007,0.021,-1,Echolocation,/mnt/ubna_data_02_mir/recover-20221013/UBNA_001/20221012_030000.WAV,Telephone Field,recover-20221013,001,1795
704.1055,704.1151,23750,30715,Nyctalus leisleri,0.008,0.022,-1,Echolocation,/mnt/ubna_data_02_mir/recover-20221013/UBNA_001/20221012_030000.WAV,Telephone Field,recover-20221013,001,1795
704.1135,704.1521,68437,82004,Rhinolophus ferrumequinum,0.021,0.021,-1,Echolocation,/mnt/ubna_data_02_mir/recover-20221013/UBNA_001/20221012_030000.WAV,Telephone Field,recover-20221013,001,1795
704.1335,704.1426,27187,37063,Eptesicus serotinus,0.01,0.028,-1,Echolocation,/mnt/ubna_data_02_mir/recover-20221013/UBNA_001/20221012_030000.WAV,Telephone Field,recover-20221013,001,1795
704.1375,704.1759,68437,81998,Rhinolophus ferrumequinum,0.021,0.021,-1,Echolocation,/mnt/ubna_data_02_mir/recover-20221013/UBNA_001/20221012_030000.WAV,Telephone Field,recover-20221013,001,1795
704.1855,704.1924,27187,38823,Eptesicus serotinus,0.006,0.022,-1,Echolocation,/mnt/ubna_data_02_mir/recover-20221013/UBNA_001/20221012_030000.WAV,Telephone Field,recover-20221013,001,1795
704.1985,704.2356,68437,82520,Rhinolophus ferrumequinum,0.023,0.023,-1,Echolocation,/mnt/ubna_data_02_mir/recover-20221013/UBNA_001/20221012_030000.WAV,Telephone Field,recover-20221013,001,1795
704.2225,704.2575,68437,81108,Rhinolophus ferrumequinum,0.021,0.021,-1,Echolocation,/mnt/ubna_data_02_mir/recover-20221013/UBNA_001/20221012_030000.WAV,Telephone Field,recover-20221013,001,1795
704.2955,704.3355,68437,82691,Rhinolophus ferrumequinum,0.021,0.021,-1,Echolocation,/mnt/ubna_data_02_mir/recover-20221013/UBNA_001/20221012_030000.WAV,Telephone Field,recover-20221013,001,1795
704.3015,704.3132,43515,46619,Pipistrellus pipistrellus,0.066,0.083,-1,Echolocation,/mnt/ubna_data_02_mir/recover-20221013/UBNA_001/20221012_030000.WAV,Telephone Field,recover-20221013,001,1795
704.3025,704.3442,68437,82514,Rhinolophus ferrumequinum,0.021,0.021,-1,Echolocation,/mnt/ubna_data_02_mir/recover-20221013/UBNA_001/20221012_030000.WAV,Telephone Field,recover-20221013,001,1795
704.3215,704.3615,68437,82191,Rhinolophus ferrumequinum,0.023,0.023,-1,Echolocation,/mnt/ubna_data_02_mir/recover-20221013/UBNA_001/20221012_030000.WAV,Telephone Field,recover-20221013,001,1795
704.3445,704.3567,28906,35677,Eptesicus serotinus,0.017,0.031,-1,Echolocation,/mnt/ubna_data_02_mir/recover-20221013/UBNA_001/20221012_030000.WAV,Telephone Field,recover-20221013,001,1795
704.3545,704.3948,68437,82458,Rhinolophus ferrumequinum,0.024,0.024,-1,Echolocation,/mnt/ubna_data_02_mir/recover-20221013/UBNA_001/20221012_030000.WAV,Telephone Field,recover-20221013,001,1795
704.3625,704.3987,68437,81490,Rhinolophus ferrumequinum,0.022,0.022,-1,Echolocation,/mnt/ubna_data_02_mir/recover-20221013/UBNA_001/20221012_030000.WAV,Telephone Field,recover-20221013,001,1795
704.3695,704.3767,28046,43514,Eptesicus serotinus,0.006,0.021,-1,Echolocation,/mnt/ubna_data_02_mir/recover-20221013/UBNA_001/20221012_030000.WAV,Telephone Field,recover-20221013,001,1795
704.3725,704.4137,68437,82112,Rhinolophus ferrumequinum,0.023,0.023,-1,Echolocation,/mnt/ubna_data_02_mir/recover-20221013/UBNA_001/20221012_030000.WAV,Telephone Field,recover-20221013,001,1795
704.4155,704.4559,68437,82478,Rhinolophus ferrumequinum,0.024,0.024,-1,Echolocation,/mnt/ubna_data_02_mir/recover-20221013/UBNA_001/20221012_030000.WAV,Telephone Field,recover-20221013,001,1795
704.4175,704.4257,28046,38737,Eptesicus serotinus,0.007,0.022,-1,Echolocation,/mnt/ubna_data_02_mir/recover-20221013/UBNA_001/20221012_030000.WAV,Telephone Field,recover-20221013,001,1795
704.4365,704.4739,68437,82181,Rhinolophus ferrumequinum,0.023,0.023,-1,Echolocation,/mnt/ubna_data_02_mir/recover-20221013/UBNA_001/20221012_030000.WAV,Telephone Field,recover-20221013,001,1795
704.4415,704.4544,23750,29355,Nyctalus leisleri,0.012,0.025,-1,Echolocation,/mnt/ubna_data_02_mir/recover-20221013/UBNA_001/20221012_030000.WAV,Telephone Field,recover-20221013,001,1795
704.4735,704.5131,68437,82793,Rhinolophus ferrumequinum,0.028,0.028,-1,Echolocation,/mnt/ubna_data_02_mir/recover-20221013/UBNA_001/20221012_030000.WAV,Telephone Field,recover-20221013,001,1795
704.4795,704.4901,29765,36730,Eptesicus serotinus,0.009,0.022,-1,Echolocation,/mnt/ubna_data_02_mir/recover-20221013/UBNA_001/20221012_030000.WAV,Telephone Field,recover-20221013,001,1795
704.4865,704.526,68437,82450,Rhinolophus ferrumequinum,0.025,0.025,-1,Echolocation,/mnt/ubna_data_02_mir/recover-20221013/UBNA_001/20221012_030000.WAV,Telephone Field,recover-20221013,001,1795
704.5175,704.5571,68437,82562,Rhinolophus ferrumequinum,0.023,0.023,-1,Echolocation,/mnt/ubna_data_02_mir/recover-20221013/UBNA_001/20221012_030000.WAV,Telephone Field,recover-20221013,001,1795
704.5245,704.5331,28046,36130,Eptesicus serotinus,0.011,0.027,-1,Echolocation,/mnt/ubna_data_02_mir/recover-20221013/UBNA_001/20221012_030000.WAV,Telephone Field,recover-20221013,001,1795
704.5425,704.5797,68437,81898,Rhinolophus ferrumequinum,0.029,0.029,-1,Echolocation,/mnt/ubna_data_02_mir/recover-20221013/UBNA_001/20221012_030000.WAV,Telephone Field,recover-20221013,001,1795
704.5465,704.5553,28906,37879,Eptesicus serotinus,0.008,0.023,-1,Echolocation,/mnt/ubna_data_02_mir/recover-20221013/UBNA_001/20221012_030000.WAV,Telephone Field,recover-20221013,001,1795
704.5565,704.5949,68437,81561,Rhinolophus ferrumequinum,0.022,0.022,-1,Echolocation,/mnt/ubna_data_02_mir/recover-20221013/UBNA_001/20221012_030000.WAV,Telephone Field,recover-20221013,001,1795
704.5585,704.567,49531,59606,Pipistrellus pipistrellus,0.018,0.022,-1,Echolocation,/mnt/ubna_data_02_mir/recover-20221013/UBNA_001/20221012_030000.WAV,Telephone Field,recover-20221013,001,1795
704.5815,704.6194,68437,81951,Rhinolophus ferrumequinum,0.021,0.021,-1,Echolocation,/mnt/ubna_data_02_mir/recover-20221013/UBNA_001/20221012_030000.WAV,Telephone Field,recover-20221013,001,1795
704.6935,704.7336,68437,82260,Rhinolophus ferrumequinum,0.024,0.024,-1,Echolocation,/mnt/ubna_data_02_mir/recover-20221013/UBNA_001/20221012_030000.WAV,Telephone Field,recover-20221013,001,1795
704.7105,704.7483,68437,82016,Rhinolophus ferrumequinum,0.021,0.021,-1,Echolocation,/mnt/ubna_data_02_mir/recover-20221013/UBNA_001/20221012_030000.WAV,Telephone Field,recover-20221013,001,1795
704.7395,704.7781,68437,81985,Rhinolophus ferrumequinum,0.028,0.028,-1,Echolocation,/mnt/ubna_data_02_mir/recover-20221013/UBNA_001/20221012_030000.WAV,Telephone Field,recover-20221013,001,1795
704.7505,704.7627,28046,35254,Eptesicus serotinus,0.019,0.033,-1,Echolocation,/mnt/ubna_data_02_mir/recover-20221013/UBNA_001/20221012_030000.WAV,Telephone Field,recover-20221013,001,1795
704.7935,704.8031,40937,50767,Pipistrellus nathusii,0.008,0.024,-1,Echolocation,/mnt/ubna_data_02_mir/recover-20221013/UBNA_001/20221012_030000.WAV,Telephone Field,recover-20221013,001,1795
704.7955,704.8368,68437,82763,Rhinolophus ferrumequinum,0.027,0.027,-1,Echolocation,/mnt/ubna_data_02_mir/recover-20221013/UBNA_001/20221012_030000.WAV,Telephone Field,recover-20221013,001,1795
704.8255,704.8651,68437,82144,Rhinolophus ferrumequinum,0.028,0.028,-1,Echolocation,/mnt/ubna_data_02_mir/recover-20221013/UBNA_001/20221012_030000.WAV,Telephone Field,recover-20221013,001,1795
704.8585,704.8978,68437,82092,Rhinolophus ferrumequinum,0.021,0.021,-1,Echolocation,/mnt/ubna_data_02_mir/recover-20221013/UBNA_001/20221012_030000.WAV,Telephone Field,recover-20221013,001,1795
704.8745,704.8833,28046,40207,Eptesicus serotinus,0.008,0.022,-1,Echolocation,/mnt/ubna_data_02_mir/recover-20221013/UBNA_001/20221012_030000.WAV,Telephone Field,recover-20221013,001,1795
704.8785,704.9179,68437,81846,Rhinolophus ferrumequinum,0.022,0.022,-1,Echolocation,/mnt/ubna_data_02_mir/recover-20221013/UBNA_001/20221012_030000.WAV,Telephone Field,recover-20221013,001,1795
704.8875,704.9273,68437,82467,Rhinolophus ferrumequinum,0.026,0.026,-1,Echolocation,/mnt/ubna_data_02_mir/recover-20221013/UBNA_001/20221012_030000.WAV,Telephone Field,recover-20221013,001,1795
704.8955,704.9026,28046,38904,Eptesicus serotinus,0.016,0.04,-1,Echolocation,/mnt/ubna_data_02_mir/recover-20221013/UBNA_001/20221012_030000.WAV,Telephone Field,recover-20221013,001,1795
704.9215,704.9584,68437,81619,Rhinolophus ferrumequinum,0.021,0.021,-1,Echolocation,/mnt/ubna_data_02_mir/recover-20221013/UBNA_001/20221012_030000.WAV,Telephone Field,recover-20221013,001,1795
704.9525,704.9916,68437,82278,Rhinolophus ferrumequinum,0.023,0.023,-1,Echolocation,/mnt/ubna_data_02_mir/recover-20221013/UBNA_001/20221012_030000.WAV,Telephone Field,recover-20221013,001,1795
704.9745,705.0134,68437,82285,Rhinolophus ferrumequinum,0.021,0.021,-1,Echolocation,/mnt/ubna_data_02_mir/recover-20221013/UBNA_001/20221012_030000.WAV,Telephone Field,recover-20221013,001,1795
705.0345,705.0726,68437,81719,Rhinolophus ferrumequinum,0.021,0.021,-1,Echolocation,/mnt/ubna_data_02_mir/recover-20221013/UBNA_001/20221012_030000.WAV,Telephone Field,recover-20221013,001,1795
705.0355,705.0463,22890,27979,Nyctalus leisleri,0.01,0.021,-1,Echolocation,/mnt/ubna_data_02_mir/recover-20221013/UBNA_001/20221012_030000.WAV,Telephone Field,recover-20221013,001,1795
705.0415,705.0784,68437,81405,Rhinolophus ferrumequinum,0.021,0.021,-1,Echolocation,/mnt/ubna_data_02_mir/recover-20221013/UBNA_001/20221012_030000.WAV,Telephone Field,recover-20221013,001,1795
705.0445,705.0609,20312,23814,Nyctalus leisleri,0.015,0.025,-1,Echolocation,/mnt/ubna_data_02_mir/recover-20221013/UBNA_001/20221012_030000.WAV,Telephone Field,recover-20221013,001,1795
705.0535,705.0916,68437,81872,Rhinolophus ferrumequinum,0.023,0.023,-1,Echolocation,/mnt/ubna_data_02_mir/recover-20221013/UBNA_001/20221012_030000.WAV,Telephone Field,recover-20221013,001,1795
705.0775,705.1188,68437,82708,Rhinolophus ferrumequinum,0.021,0.021,-1,Echolocation,/mnt/ubna_data_02_mir/recover-20221013/UBNA_001/20221012_030000.WAV,Telephone Field,recover-20221013,001,1795
705.1015,705.1414,68437,82761,Rhinolophus ferrumequinum,0.021,0.021,-1,Echolocation,/mnt/ubna_data_02_mir/recover-20221013/UBNA_001/20221012_030000.WAV,Telephone Field,recover-20221013,001,1795
705.1115,705.1228,22890,27824,Nyctalus leisleri,0.014,0.028,-1,Echolocation,/mnt/ubna_data_02_mir/recover-20221013/UBNA_001/20221012_030000.WAV,Telephone Field,recover-20221013,001,1795
705.1425,705.1838,68437,82335,Rhinolophus ferrumequinum,0.021,0.021,-1,Echolocation,/mnt/ubna_data_02_mir/recover-20221013/UBNA_001/20221012_030000.WAV,Telephone Field,recover-20221013,001,1795
705.1585,705.1654,28046,37657,Eptesicus serotinus,0.006,0.024,-1,Echolocation,/mnt/ubna_data_02_mir/recover-20221013/UBNA_001/20221012_030000.WAV,Telephone Field,recover-20221013,001,1795
705.1745,705.2155,68437,82556,Rhinolophus ferrumequinum,0.022,0.022,-1,Echolocation,/mnt/ubna_data_02_mir/recover-20221013/UBNA_001/20221012_030000.WAV,Telephone Field,recover-20221013,001,1795
705.2005,705.2395,68437,82147,Rhinolophus ferrumequinum,0.022,0.022,-1,Echolocation,/mnt/ubna_data_02_mir/recover-20221013/UBNA_001/20221012_030000.WAV,Telephone Field,recover-20221013,001,1795
705.2215,705.2624,68437,82603,Rhinolophus ferrumequinum,0.024,0.024,-1,Echolocation,/mnt/ubna_data_02_mir/recover-20221013/UBNA_001/20221012_030000.WAV,Telephone Field,recover-20221013,001,1795
705.2605,705.2696,23750,30367,Nyctalus leisleri,0.007,0.021,-1,Echolocation,/mnt/ubna_data_02_mir/recover-20221013/UBNA_001/20221012_030000.WAV,Telephone Field,recover-20221013,001,1795
705.2645,705.3028,68437,82000,Rhinolophus ferrumequinum,0.021,0.021,-1,Echolocation,/mnt/ubna_data_02_mir/recover-20221013/UBNA_001/20221012_030000.WAV,Telephone Field,recover-20221013,001,1795
705.2825,705.316,68437,80831,Rhinolophus ferrumequinum,0.02,0.021,-1,Echolocation,/mnt/ubna_data_02_mir/recover-20221013/UBNA_001/20221012_030000.WAV,Telephone Field,recover-20221013,001,1795
705.2995,705.3377,68437,82261,Rhinolophus ferrumequinum,0.023,0.023,-1,Echolocation,/mnt/ubna_data_02_mir/recover-20221013/UBNA_001/20221012_030000.WAV,Telephone Field,recover-20221013,001,1795
705.3565,705.3956,68437,82661,Rhinolophus ferrumequinum,0.026,0.027,-1,Echolocation,/mnt/ubna_data_02_mir/recover-20221013/UBNA_001/20221012_030000.WAV,Telephone Field,recover-20221013,001,1795
705.3795,705.4194,68437,81834,Rhinolophus ferrumequinum,0.027,0.027,-1,Echolocation,/mnt/ubna_data_02_mir/recover-20221013/UBNA_001/20221012_030000.WAV,Telephone Field,recover-20221013,001,1795
705.4215,705.461,68437,81867,Rhinolophus ferrumequinum,0.021,0.021,-1,Echolocation,/mnt/ubna_data_02_mir/recover-20221013/UBNA_001/20221012_030000.WAV,Telephone Field,recover-20221013,001,1795
705.4235,705.4307,28046,40056,Eptesicus serotinus,0.006,0.021,-1,Echolocation,/mnt/ubna_data_02_mir/recover-20221013/UBNA_001/20221012_030000.WAV,Telephone Field,recover-20221013,001,1795
705.4465,705.4545,28046,39488,Eptesicus serotinus,0.008,0.024,-1,Echolocation,/mnt/ubna_data_02_mir/recover-20221013/UBNA_001/20221012_030000.WAV,Telephone Field,recover-20221013,001,1795
705.4535,705.4895,68437,81802,Rhinolophus ferrumequinum,0.023,0.023,-1,Echolocation,/mnt/ubna_data_02_mir/recover-20221013/UBNA_001/20221012_030000.WAV,Telephone Field,recover-20221013,001,1795
705.4585,705.4699,29765,36635,Eptesicus serotinus,0.015,0.028,-1,Echolocation,/mnt/ubna_data_02_mir/recover-20221013/UBNA_001/20221012_030000.WAV,Telephone Field,recover-20221013,001,1795
705.4725,705.5119,68437,82073,Rhinolophus ferrumequinum,0.023,0.023,-1,Echolocation,/mnt/ubna_data_02_mir/recover-20221013/UBNA_001/20221012_030000.WAV,Telephone Field,recover-20221013,001,1795
705.4905,705.5067,21171,24365,Nyctalus leisleri,0.019,0.031,-1,Echolocation,/mnt/ubna_data_02_mir/recover-20221013/UBNA_001/20221012_030000.WAV,Telephone Field,recover-20221013,001,1795
705.5415,705.5852,68437,82914,Rhinolophus ferrumequinum,0.024,0.024,-1,Echolocation,/mnt/ubna_data_02_mir/recover-20221013/UBNA_001/20221012_030000.WAV,Telephone Field,recover-20221013,001,1795
705.5975,705.634,68437,81726,Rhinolophus ferrumequinum,0.022,0.023,-1,Echolocation,/mnt/ubna_data_02_mir/recover-20221013/UBNA_001/20221012_030000.WAV,Telephone Field,recover-20221013,001,1795
705.6385,705.677,68437,82057,Rhinolophus ferrumequinum,0.021,0.021,-1,Echolocation,/mnt/ubna_data_02_mir/recover-20221013/UBNA_001/20221012_030000.WAV,Telephone Field,recover-20221013,001,1795
705.6405,705.6482,26328,35720,Eptesicus serotinus,0.006,0.023,-1,Echolocation,/mnt/ubna_data_02_mir/recover-20221013/UBNA_001/20221012_030000.WAV,Telephone Field,recover-20221013,001,1795
705.6675,705.705,68437,81908,Rhinolophus ferrumequinum,0.022,0.022,-1,Echolocation,/mnt/ubna_data_02_mir/recover-20221013/UBNA_001/20221012_030000.WAV,Telephone Field,recover-20221013,001,1795
705.6785,705.6908,52109,56168,Pipistrellus pygmaeus,0.014,0.021,-1,Echolocation,/mnt/ubna_data_02_mir/recover-20221013/UBNA_001/20221012_030000.WAV,Telephone Field,recover-20221013,001,1795
705.6975,705.7368,68437,82617,Rhinolophus ferrumequinum,0.027,0.027,-1,Echolocation,/mnt/ubna_data_02_mir/recover-20221013/UBNA_001/20221012_030000.WAV,Telephone Field,recover-20221013,001,1795
705.7075,705.7492,68437,82178,Rhinolophus ferrumequinum,0.026,0.026,-1,Echolocation,/mnt/ubna_data_02_mir/recover-20221013/UBNA_001/20221012_030000.WAV,Telephone Field,recover-20221013,001,1795
705.7225,705.7327,25468,33773,Eptesicus serotinus,0.01,0.025,-1,Echolocation,/mnt/ubna_data_02_mir/recover-20221013/UBNA_001/20221012_030000.WAV,Telephone Field,recover-20221013,001,1795
705.7385,705.7758,68437,81053,Rhinolophus ferrumequinum,0.022,0.022,-1,Echolocation,/mnt/ubna_data_02_mir/recover-20221013/UBNA_001/20221012_030000.WAV,Telephone Field,recover-20221013,001,1795
705.7765,705.7869,22890,27993,Nyctalus leisleri,0.009,0.021,-1,Echolocation,/mnt/ubna_data_02_mir/recover-20221013/UBNA_001/20221012_030000.WAV,Telephone Field,recover-20221013,001,1795
705.7805,705.8204,68437,81914,Rhinolophus ferrumequinum,0.021,0.021,-1,Echolocation,/mnt/ubna_data_02_mir/recover-20221013/UBNA_001/20221012_030000.WAV,Telephone Field,recover-20221013,001,1795
705.7925,705.801,28046,37565,Eptesicus serotinus,0.008,0.022,-1,Echolocation,/mnt/ubna_data_02_mir/recover-20221013/UBNA_001/20221012_030000.WAV,Telephone Field,recover-20221013,001,1795
705.7975,705.8367,68437,82448,Rhinolophus ferrumequinum,0.021,0.021,-1,Echolocation,/mnt/ubna_data_02_mir/recover-20221013/UBNA_001/20221012_030000.WAV,Telephone Field,recover-20221013,001,1795
705.8485,705.8873,68437,82716,Rhinolophus ferrumequinum,0.024,0.024,-1,Echolocation,/mnt/ubna_data_02_mir/recover-20221013/UBNA_001/20221012_030000.WAV,Telephone Field,recover-20221013,001,1795
705.8695,705.908,68437,82623,Rhinolophus ferrumequinum,0.022,0.022,-1,Echolocation,/mnt/ubna_data_02_mir/recover-20221013/UBNA_001/20221012_030000.WAV,Telephone Field,recover-20221013,001,1795
705.8795,705.8911,28906,34929,Eptesicus serotinus,0.043,0.079,-1,Echolocation,/mnt/ubna_data_02_mir/recover-20221013/UBNA_001/20221012_030000.WAV,Telephone Field,recover-20221013,001,1795
705.8955,705.9346,68437,82653,Rhinolophus ferrumequinum,0.021,0.021,-1,Echolocation,/mnt/ubna_data_02_mir/recover-20221013/UBNA_001/20221012_030000.WAV,Telephone Field,recover-20221013,001,1795
705.9365,705.9747,68437,81788,Rhinolophus ferrumequinum,0.024,0.024,-1,Echolocation,/mnt/ubna_data_02_mir/recover-20221013/UBNA_001/20221012_030000.WAV,Telephone Field,recover-20221013,001,1795
705.9765,705.9893,22890,27508,Nyctalus leisleri,0.016,0.028,-1,Echolocation,/mnt/ubna_data_02_mir/recover-20221013/UBNA_001/20221012_030000.WAV,Telephone Field,recover-20221013,001,1795
705.9845,705.991,46093,51656,Pipistrellus pipistrellus,0.033,0.034,-1,Echolocation,/mnt/ubna_data_02_mir/recover-20221013/UBNA_001/20221012_030000.WAV,Telephone Field,recover-20221013,001,1795
706.0015,706.0116,47812,53134,Pipistrellus pipistrellus,0.013,0.024,-1,Echolocation,/mnt/ubna_data_02_mir/recover-20221013/UBNA_001/20221012_030000.WAV,Telephone Field,recover-20221013,001,1795
706.0015,706.0104,25468,35809,Nyctalus leisleri,0.006,0.022,-1,Echolocation,/mnt/ubna_data_02_mir/recover-20221013/UBNA_001/20221012_030000.WAV,Telephone Field,recover-20221013,001,1795
706.0015,706.0351,68437,80944,Rhinolophus ferrumequinum,0.033,0.033,-1,Echolocation,/mnt/ubna_data_02_mir/recover-20221013/UBNA_001/20221012_030000.WAV,Telephone Field,recover-20221013,001,1795
706.0295,706.0648,68437,81094,Rhinolophus ferrumequinum,0.021,0.022,-1,Echolocation,/mnt/ubna_data_02_mir/recover-20221013/UBNA_001/20221012_030000.WAV,Telephone Field,recover-20221013,001,1795
706.0465,706.0833,68437,81415,Rhinolophus ferrumequinum,0.023,0.023,-1,Echolocation,/mnt/ubna_data_02_mir/recover-20221013/UBNA_001/20221012_030000.WAV,Telephone Field,recover-20221013,001,1795
706.0785,706.0854,46953,51055,Pipistrellus pipistrellus,0.032,0.033,-1,Echolocation,/mnt/ubna_data_02_mir/recover-20221013/UBNA_001/20221012_030000.WAV,Telephone Field,recover-20221013,001,1795
706.0845,706.1247,68437,82141,Rhinolophus ferrumequinum,0.022,0.022,-1,Echolocation,/mnt/ubna_data_02_mir/recover-20221013/UBNA_001/20221012_030000.WAV,Telephone Field,recover-20221013,001,1795
706.1035,706.1418,68437,81998,Rhinolophus ferrumequinum,0.022,0.022,-1,Echolocation,/mnt/ubna_data_02_mir/recover-20221013/UBNA_001/20221012_030000.WAV,Telephone Field,recover-20221013,001,1795
706.1075,706.1143,27187,38718,Eptesicus serotinus,0.006,0.022,-1,Echolocation,/mnt/ubna_data_02_mir/recover-20221013/UBNA_001/20221012_030000.WAV,Telephone Field,recover-20221013,001,1795
706.1425,706.1843,68437,82682,Rhinolophus ferrumequinum,0.027,0.027,-1,Echolocation,/mnt/ubna_data_02_mir/recover-20221013/UBNA_001/20221012_030000.WAV,Telephone Field,recover-20221013,001,1795
706.1514999999999,706.1616,22890,28397,Nyctalus leisleri,0.009,0.022,-1,Echolocation,/mnt/ubna_data_02_mir/recover-20221013/UBNA_001/20221012_030000.WAV,Telephone Field,recover-20221013,001,1795
706.2035,706.2112,27187,38404,Eptesicus serotinus,0.007,0.021,-1,Echolocation,/mnt/ubna_data_02_mir/recover-20221013/UBNA_001/20221012_030000.WAV,Telephone Field,recover-20221013,001,1795
706.2595,706.2973,68437,82077,Rhinolophus ferrumequinum,0.022,0.022,-1,Echolocation,/mnt/ubna_data_02_mir/recover-20221013/UBNA_001/20221012_030000.WAV,Telephone Field,recover-20221013,001,1795
706.2835,706.2916,28046,37357,Eptesicus serotinus,0.007,0.022,-1,Echolocation,/mnt/ubna_data_02_mir/recover-20221013/UBNA_001/20221012_030000.WAV,Telephone Field,recover-20221013,001,1795
706.3155,706.3543999999999,68437,81724,Rhinolophus ferrumequinum,0.027,0.027,-1,Echolocation,/mnt/ubna_data_02_mir/recover-20221013/UBNA_001/20221012_030000.WAV,Telephone Field,recover-20221013,001,1795
706.3265,706.3694,68437,82587,Rhinolophus ferrumequinum,0.027,0.027,-1,Echolocation,/mnt/ubna_data_02_mir/recover-20221013/UBNA_001/20221012_030000.WAV,Telephone Field,recover-20221013,001,1795
706.3485000000001,706.3564,28906,39224,Eptesicus serotinus,0.008,0.029,-1,Echolocation,/mnt/ubna_data_02_mir/recover-20221013/UBNA_001/20221012_030000.WAV,Telephone Field,recover-20221013,001,1795
706.3665,706.404,68437,81692,Rhinolophus ferrumequinum,0.022,0.022,-1,Echolocation,/mnt/ubna_data_02_mir/recover-20221013/UBNA_001/20221012_030000.WAV,Telephone Field,recover-20221013,001,1795
706.4035,706.4412,68437,81936,Rhinolophus ferrumequinum,0.03,0.03,-1,Echolocation,/mnt/ubna_data_02_mir/recover-20221013/UBNA_001/20221012_030000.WAV,Telephone Field,recover-20221013,001,1795
706.4125,706.4248,51250,55213,Pipistrellus pipistrellus,0.042,0.05,-1,Echolocation,/mnt/ubna_data_02_mir/recover-20221013/UBNA_001/20221012_030000.WAV,Telephone Field,recover-20221013,001,1795
706.4165,706.424,32343,47753,Myotis daubentonii,0.008,0.022,-1,Echolocation,/mnt/ubna_data_02_mir/recover-20221013/UBNA_001/20221012_030000.WAV,Telephone Field,recover-20221013,001,1795
706.4165,706.4582,68437,82750,Rhinolophus ferrumequinum,0.027,0.027,-1,Echolocation,/mnt/ubna_data_02_mir/recover-20221013/UBNA_001/20221012_030000.WAV,Telephone Field,recover-20221013,001,1795
706.4185,706.4269,27187,38391,Eptesicus serotinus,0.008,0.023,-1,Echolocation,/mnt/ubna_data_02_mir/recover-20221013/UBNA_001/20221012_030000.WAV,Telephone Field,recover-20221013,001,1795
706.4415,706.4817,68437,82202,Rhinolophus ferrumequinum,0.023,0.023,-1,Echolocation,/mnt/ubna_data_02_mir/recover-20221013/UBNA_001/20221012_030000.WAV,Telephone Field,recover-20221013,001,1795
706.5185,706.558,68437,81919,Rhinolophus ferrumequinum,0.027,0.027,-1,Echolocation,/mnt/ubna_data_02_mir/recover-20221013/UBNA_001/20221012_030000.WAV,Telephone Field,recover-20221013,001,1795
706.5205,706.5274,27187,40545,Eptesicus serotinus,0.007,0.023,-1,Echolocation,/mnt/ubna_data_02_mir/recover-20221013/UBNA_001/20221012_030000.WAV,Telephone Field,recover-20221013,001,1795
706.5595,706.5665,28906,39182,Eptesicus serotinus,0.007,0.025,-1,Echolocation,/mnt/ubna_data_02_mir/recover-20221013/UBNA_001/20221012_030000.WAV,Telephone Field,recover-20221013,001,1795
706.5815,706.6197,68437,81710,Rhinolophus ferrumequinum,0.021,0.021,-1,Echolocation,/mnt/ubna_data_02_mir/recover-20221013/UBNA_001/20221012_030000.WAV,Telephone Field,recover-20221013,001,1795
706.5895,706.6273,68437,81924,Rhinolophus ferrumequinum,0.022,0.022,-1,Echolocation,/mnt/ubna_data_02_mir/recover-20221013/UBNA_001/20221012_030000.WAV,Telephone Field,recover-20221013,001,1795
706.5905,706.5983,28046,37879,Eptesicus serotinus,0.007,0.023,-1,Echolocation,/mnt/ubna_data_02_mir/recover-20221013/UBNA_001/20221012_030000.WAV,Telephone Field,recover-20221013,001,1795
706.6235,706.6639,68437,82727,Rhinolophus ferrumequinum,0.024,0.024,-1,Echolocation,/mnt/ubna_data_02_mir/recover-20221013/UBNA_001/20221012_030000.WAV,Telephone Field,recover-20221013,001,1795
706.6265,706.6352,27187,36413,Eptesicus serotinus,0.009,0.027,-1,Echolocation,/mnt/ubna_data_02_mir/recover-20221013/UBNA_001/20221012_030000.WAV,Telephone Field,recover-20221013,001,1795
706.6655,706.6761,22031,27405,Nyctalus leisleri,0.011,0.026,-1,Echolocation,/mnt/ubna_data_02_mir/recover-20221013/UBNA_001/20221012_030000.WAV,Telephone Field,recover-20221013,001,1795
706.6705,706.7098,68437,81955,Rhinolophus ferrumequinum,0.022,0.023,-1,Echolocation,/mnt/ubna_data_02_mir/recover-20221013/UBNA_001/20221012_030000.WAV,Telephone Field,recover-20221013,001,1795
706.6715,706.6798,28046,39885,Eptesicus serotinus,0.007,0.021,-1,Echolocation,/mnt/ubna_data_02_mir/recover-20221013/UBNA_001/20221012_030000.WAV,Telephone Field,recover-20221013,001,1795
706.6855,706.7209,68437,81458,Rhinolophus ferrumequinum,0.022,0.022,-1,Echolocation,/mnt/ubna_data_02_mir/recover-20221013/UBNA_001/20221012_030000.WAV,Telephone Field,recover-20221013,001,1795
706.6925,706.7007,27187,38137,Eptesicus serotinus,0.007,0.022,-1,Echolocation,/mnt/ubna_data_02_mir/recover-20221013/UBNA_001/20221012_030000.WAV,Telephone Field,recover-20221013,001,1795
706.7025,706.7424,68437,82148,Rhinolophus ferrumequinum,0.022,0.022,-1,Echolocation,/mnt/ubna_data_02_mir/recover-20221013/UBNA_001/20221012_030000.WAV,Telephone Field,recover-20221013,001,1795
706.7385,706.7455,28046,37129,Eptesicus serotinus,0.009,0.028,-1,Echolocation,/mnt/ubna_data_02_mir/recover-20221013/UBNA_001/20221012_030000.WAV,Telephone Field,recover-20221013,001,1795
706.7395,706.7767,68437,82027,Rhinolophus ferrumequinum,0.022,0.022,-1,Echolocation,/mnt/ubna_data_02_mir/recover-20221013/UBNA_001/20221012_030000.WAV,Telephone Field,recover-20221013,001,1795
706.7595,706.7721,24609,30771,Nyctalus leisleri,0.011,0.027,-1,Echolocation,/mnt/ubna_data_02_mir/recover-20221013/UBNA_001/20221012_030000.WAV,Telephone Field,recover-20221013,001,1795
706.7665,706.8036,68437,82196,Rhinolophus ferrumequinum,0.029,0.029,-1,Echolocation,/mnt/ubna_data_02_mir/recover-20221013/UBNA_001/20221012_030000.WAV,Telephone Field,recover-20221013,001,1795
706.8155,706.8551,68437,82380,Rhinolophus ferrumequinum,0.023,0.023,-1,Echolocation,/mnt/ubna_data_02_mir/recover-20221013/UBNA_001/20221012_030000.WAV,Telephone Field,recover-20221013,001,1795
706.8495,706.8873,68437,81697,Rhinolophus ferrumequinum,0.023,0.023,-1,Echolocation,/mnt/ubna_data_02_mir/recover-20221013/UBNA_001/20221012_030000.WAV,Telephone Field,recover-20221013,001,1795
706.8545,706.8938,68437,82418,Rhinolophus ferrumequinum,0.023,0.023,-1,Echolocation,/mnt/ubna_data_02_mir/recover-20221013/UBNA_001/20221012_030000.WAV,Telephone Field,recover-20221013,001,1795
706.8725,706.8793000000001,28906,37442,Eptesicus serotinus,0.017,0.041,-1,Echolocation,/mnt/ubna_data_02_mir/recover-20221013/UBNA_001/20221012_030000.WAV,Telephone Field,recover-20221013,001,1795
706.8815,706.9202,68437,82359,Rhinolophus ferrumequinum,0.023,0.023,-1,Echolocation,/mnt/ubna_data_02_mir/recover-20221013/UBNA_001/20221012_030000.WAV,Telephone Field,recover-20221013,001,1795
706.8925,706.9304,68437,81981,Rhinolophus ferrumequinum,0.023,0.023,-1,Echolocation,/mnt/ubna_data_02_mir/recover-20221013/UBNA_001/20221012_030000.WAV,Telephone Field,recover-20221013,001,1795
706.8975,706.9073,46093,51643,Pipistrellus pipistrellus,0.031,0.035,-1,Echolocation,/mnt/ubna_data_02_mir/recover-20221013/UBNA_001/20221012_030000.WAV,Telephone Field,recover-20221013,001,1795
706.9195,706.9596,68437,82855,Rhinolophus ferrumequinum,0.023,0.023,-1,Echolocation,/mnt/ubna_data_02_mir/recover-20221013/UBNA_001/20221012_030000.WAV,Telephone Field,recover-20221013,001,1795
706.9315,706.9755,68437,83541,Rhinolophus ferrumequinum,0.036,0.036,-1,Echolocation,/mnt/ubna_data_02_mir/recover-20221013/UBNA_001/20221012_030000.WAV,Telephone Field,recover-20221013,001,1795
706.9345,706.9435,28046,36987,Eptesicus serotinus,0.01,0.024,-1,Echolocation,/mnt/ubna_data_02_mir/recover-20221013/UBNA_001/20221012_030000.WAV,Telephone Field,recover-20221013,001,1795
706.9425,706.9499,28046,39332,Eptesicus serotinus,0.006,0.022,-1,Echolocation,/mnt/ubna_data_02_mir/recover-20221013/UBNA_001/20221012_030000.WAV,Telephone Field,recover-20221013,001,1795
706.9665,707.0042,68437,81531,Rhinolophus ferrumequinum,0.026,0.026,-1,Echolocation,/mnt/ubna_data_02_mir/recover-20221013/UBNA_001/20221012_030000.WAV,Telephone Field,recover-20221013,001,1795
706.9795,707.0207,68437,82428,Rhinolophus ferrumequinum,0.023,0.023,-1,Echolocation,/mnt/ubna_data_02_mir/recover-20221013/UBNA_001/20221012_030000.WAV,Telephone Field,recover-20221013,001,1795
707.0255,707.0654,68437,82044,Rhinolophus ferrumequinum,0.022,0.022,-1,Echolocation,/mnt/ubna_data_02_mir/recover-20221013/UBNA_001/20221012_030000.WAV,Telephone Field,recover-20221013,001,1795
707.0395,707.0474,28906,37351,Eptesicus serotinus,0.007,0.023,-1,Echolocation,/mnt/ubna_data_02_mir/recover-20221013/UBNA_001/20221012_030000.WAV,Telephone Field,recover-20221013,001,1795
707.0675,707.1062,68437,82150,Rhinolophus ferrumequinum,0.023,0.023,-1,Echolocation,/mnt/ubna_data_02_mir/recover-20221013/UBNA_001/20221012_030000.WAV,Telephone Field,recover-20221013,001,1795
707.1415,707.1831,68437,83003,Rhinolophus ferrumequinum,0.029,0.029,-1,Echolocation,/mnt/ubna_data_02_mir/recover-20221013/UBNA_001/20221012_030000.WAV,Telephone Field,recover-20221013,001,1795
707.1415,707.151,45234,52706,Pipistrellus pipistrellus,0.016,0.024,-1,Echolocation,/mnt/ubna_data_02_mir/recover-20221013/UBNA_001/20221012_030000.WAV,Telephone Field,recover-20221013,001,1795
707.1625,707.1738,30625,39742,Eptesicus serotinus,0.007,0.022,-1,Echolocation,/mnt/ubna_data_02_mir/recover-20221013/UBNA_001/20221012_030000.WAV,Telephone Field,recover-20221013,001,1795
707.1745,707.2094,68437,81164,Rhinolophus ferrumequinum,0.023,0.023,-1,Echolocation,/mnt/ubna_data_02_mir/recover-20221013/UBNA_001/20221012_030000.WAV,Telephone Field,recover-20221013,001,1795
707.1965,707.2378,68437,82869,Rhinolophus ferrumequinum,0.028,0.028,-1,Echolocation,/mnt/ubna_data_02_mir/recover-20221013/UBNA_001/20221012_030000.WAV,Telephone Field,recover-20221013,001,1795
707.2035,707.2459,68437,83124,Rhinolophus ferrumequinum,0.023,0.023,-1,Echolocation,/mnt/ubna_data_02_mir/recover-20221013/UBNA_001/20221012_030000.WAV,Telephone Field,recover-20221013,001,1795
707.2285,707.2672,68437,83133,Rhinolophus ferrumequinum,0.022,0.022,-1,Echolocation,/mnt/ubna_data_02_mir/recover-20221013/UBNA_001/20221012_030000.WAV,Telephone Field,recover-20221013,001,1795
707.2425,707.2799,68437,81877,Rhinolophus ferrumequinum,0.022,0.022,-1,Echolocation,/mnt/ubna_data_02_mir/recover-20221013/UBNA_001/20221012_030000.WAV,Telephone Field,recover-20221013,001,1795
707.2775,707.2854,27187,39730,Eptesicus serotinus,0.007,0.021,-1,Echolocation,/mnt/ubna_data_02_mir/recover-20221013/UBNA_001/20221012_030000.WAV,Telephone Field,recover-20221013,001,1795
707.2795,707.3199,68437,83293,Rhinolophus ferrumequinum,0.022,0.022,-1,Echolocation,/mnt/ubna_data_02_mir/recover-20221013/UBNA_001/20221012_030000.WAV,Telephone Field,recover-20221013,001,1795
707.2885,707.3315,68437,83000,Rhinolophus ferrumequinum,0.024,0.024,-1,Echolocation,/mnt/ubna_data_02_mir/recover-20221013/UBNA_001/20221012_030000.WAV,Telephone Field,recover-20221013,001,1795
707.3475,707.3888,68437,82780,Rhinolophus ferrumequinum,0.039,0.039,-1,Echolocation,/mnt/ubna_data_02_mir/recover-20221013/UBNA_001/20221012_030000.WAV,Telephone Field,recover-20221013,001,1795
707.3975,707.4366,68437,82519,Rhinolophus ferrumequinum,0.024,0.024,-1,Echolocation,/mnt/ubna_data_02_mir/recover-20221013/UBNA_001/20221012_030000.WAV,Telephone Field,recover-20221013,001,1795
707.4645,707.5056,68437,82363,Rhinolophus ferrumequinum,0.024,0.024,-1,Echolocation,/mnt/ubna_data_02_mir/recover-20221013/UBNA_001/20221012_030000.WAV,Telephone Field,recover-20221013,001,1795
707.4705,707.4804,22031,27488,Nyctalus leisleri,0.009,0.022,-1,Echolocation,/mnt/ubna_data_02_mir/recover-20221013/UBNA_001/20221012_030000.WAV,Telephone Field,recover-20221013,001,1795
707.5035,707.5412,68437,82146,Rhinolophus ferrumequinum,0.022,0.022,-1,Echolocation,/mnt/ubna_data_02_mir/recover-20221013/UBNA_001/20221012_030000.WAV,Telephone Field,recover-20221013,001,1795
707.5225,707.5318,28046,37108,Eptesicus serotinus,0.011,0.027,-1,Echolocation,/mnt/ubna_data_02_mir/recover-20221013/UBNA_001/20221012_030000.WAV,Telephone Field,recover-20221013,001,1795
707.5475,707.5562,51250,55847,Pipistrellus pipistrellus,0.025,0.031,-1,Echolocation,/mnt/ubna_data_02_mir/recover-20221013/UBNA_001/20221012_030000.WAV,Telephone Field,recover-20221013,001,1795
707.5515,707.5926,68437,82828,Rhinolophus ferrumequinum,0.023,0.023,-1,Echolocation,/mnt/ubna_data_02_mir/recover-20221013/UBNA_001/20221012_030000.WAV,Telephone Field,recover-20221013,001,1795
707.5795,707.6214,68437,82152,Rhinolophus ferrumequinum,0.024,0.024,-1,Echolocation,/mnt/ubna_data_02_mir/recover-20221013/UBNA_001/20221012_030000.WAV,Telephone Field,recover-20221013,001,1795
707.5825,707.5935,26328,33308,Eptesicus serotinus,0.013,0.027,-1,Echolocation,/mnt/ubna_data_02_mir/recover-20221013/UBNA_001/20221012_030000.WAV,Telephone Field,recover-20221013,001,1795
707.6695,707.7106,68437,82127,Rhinolophus ferrumequinum,0.024,0.024,-1,Echolocation,/mnt/ubna_data_02_mir/recover-20221013/UBNA_001/20221012_030000.WAV,Telephone Field,recover-20221013,001,1795
707.6705,707.6819,44375,47541,Pipistrellus pipistrellus,0.031,0.035,-1,Echolocation,/mnt/ubna_data_02_mir/recover-20221013/UBNA_001/20221012_030000.WAV,Telephone Field,recover-20221013,001,1795
707.6815,707.6931,22890,27549,Nyctalus leisleri,0.015,0.028,-1,Echolocation,/mnt/ubna_data_02_mir/recover-20221013/UBNA_001/20221012_030000.WAV,Telephone Field,recover-20221013,001,1795
707.7035,707.7417,68437,82267,Rhinolophus ferrumequinum,0.031,0.031,-1,Echolocation,/mnt/ubna_data_02_mir/recover-20221013/UBNA_001/20221012_030000.WAV,Telephone Field,recover-20221013,001,1795
707.7185,707.7582,68437,82462,Rhinolophus ferrumequinum,0.026,0.026,-1,Echolocation,/mnt/ubna_data_02_mir/recover-20221013/UBNA_001/20221012_030000.WAV,Telephone Field,recover-20221013,001,1795
707.7385,707.7461,26328,36936,Eptesicus serotinus,0.006,0.021,-1,Echolocation,/mnt/ubna_data_02_mir/recover-20221013/UBNA_001/20221012_030000.WAV,Telephone Field,recover-20221013,001,1795
707.7985,707.837,68437,82112,Rhinolophus ferrumequinum,0.021,0.021,-1,Echolocation,/mnt/ubna_data_02_mir/recover-20221013/UBNA_001/20221012_030000.WAV,Telephone Field,recover-20221013,001,1795
707.8015,707.8102,28046,37026,Eptesicus serotinus,0.008,0.023,-1,Echolocation,/mnt/ubna_data_02_mir/recover-20221013/UBNA_001/20221012_030000.WAV,Telephone Field,recover-20221013,001,1795
707.8295,707.8374,28046,45722,Eptesicus serotinus,0.008,0.023,-1,Echolocation,/mnt/ubna_data_02_mir/recover-20221013/UBNA_001/20221012_030000.WAV,Telephone Field,recover-20221013,001,1795
707.8405,707.8798,68437,82440,Rhinolophus ferrumequinum,0.021,0.021,-1,Echolocation,/mnt/ubna_data_02_mir/recover-20221013/UBNA_001/20221012_030000.WAV,Telephone Field,recover-20221013,001,1795
707.8485000000001,707.8882,68437,81810,Rhinolophus ferrumequinum,0.022,0.022,-1,Echolocation,/mnt/ubna_data_02_mir/recover-20221013/UBNA_001/20221012_030000.WAV,Telephone Field,recover-20221013,001,1795
707.8805,707.9193,68437,82323,Rhinolophus ferrumequinum,0.022,0.022,-1,Echolocation,/mnt/ubna_data_02_mir/recover-20221013/UBNA_001/20221012_030000.WAV,Telephone Field,recover-20221013,001,1795
707.8995,707.9395,68437,82764,Rhinolophus ferrumequinum,0.024,0.024,-1,Echolocation,/mnt/ubna_data_02_mir/recover-20221013/UBNA_001/20221012_030000.WAV,Telephone Field,recover-20221013,001,1795
707.9065,707.916,24609,32157,Eptesicus serotinus,0.007,0.022,-1,Echolocation,/mnt/ubna_data_02_mir/recover-20221013/UBNA_001/20221012_030000.WAV,Telephone Field,recover-20221013,001,1795
707.9455,707.9785,68437,80304,Rhinolophus ferrumequinum,0.023,0.023,-1,Echolocation,/mnt/ubna_data_02_mir/recover-20221013/UBNA_001/20221012_030000.WAV,Telephone Field,recover-20221013,001,1795
707.9835,707.9944,22890,27443,Nyctalus leisleri,0.012,0.024,-1,Echolocation,/mnt/ubna_data_02_mir/recover-20221013/UBNA_001/20221012_030000.WAV,Telephone Field,recover-20221013,001,1795
708.0015,708.0092,22890,31794,Plecotus austriacus,0.007,0.026,-1,Echolocation,/mnt/ubna_data_02_mir/recover-20221013/UBNA_001/20221012_030000.WAV,Telephone Field,recover-20221013,001,1795
708.0015,708.0112,46953,52708,Pipistrellus pipistrellus,0.018,0.023,-1,Echolocation,/mnt/ubna_data_02_mir/recover-20221013/UBNA_001/20221012_030000.WAV,Telephone Field,recover-20221013,001,1795
708.0015,708.0314,69296,81393,Rhinolophus ferrumequinum,0.037,0.037,-1,Echolocation,/mnt/ubna_data_02_mir/recover-20221013/UBNA_001/20221012_030000.WAV,Telephone Field,recover-20221013,001,1795
708.0085,708.0479,68437,81450,Rhinolophus ferrumequinum,0.022,0.022,-1,Echolocation,/mnt/ubna_data_02_mir/recover-20221013/UBNA_001/20221012_030000.WAV,Telephone Field,recover-20221013,001,1795
708.0155,708.0548,68437,83144,Rhinolophus ferrumequinum,0.023,0.023,-1,Echolocation,/mnt/ubna_data_02_mir/recover-20221013/UBNA_001/20221012_030000.WAV,Telephone Field,recover-20221013,001,1795
708.0385,708.0464,27187,37755,Eptesicus serotinus,0.006,0.022,-1,Echolocation,/mnt/ubna_data_02_mir/recover-20221013/UBNA_001/20221012_030000.WAV,Telephone Field,recover-20221013,001,1795
708.0485,708.0588,23750,29415,Nyctalus leisleri,0.008,0.021,-1,Echolocation,/mnt/ubna_data_02_mir/recover-20221013/UBNA_001/20221012_030000.WAV,Telephone Field,recover-20221013,001,1795
708.0535,708.0915,68437,82113,Rhinolophus ferrumequinum,0.02,0.02,-1,Echolocation,/mnt/ubna_data_02_mir/recover-20221013/UBNA_001/20221012_030000.WAV,Telephone Field,recover-20221013,001,1795
708.0695,708.1043,68437,81366,Rhinolophus ferrumequinum,0.02,0.021,-1,Echolocation,/mnt/ubna_data_02_mir/recover-20221013/UBNA_001/20221012_030000.WAV,Telephone Field,recover-20221013,001,1795
708.0785,708.0849,49531,58638,Pipistrellus pipistrellus,0.02,0.022,-1,Echolocation,/mnt/ubna_data_02_mir/recover-20221013/UBNA_001/20221012_030000.WAV,Telephone Field,recover-20221013,001,1795
708.1025,708.1106,25468,36767,Eptesicus serotinus,0.008,0.022,-1,Echolocation,/mnt/ubna_data_02_mir/recover-20221013/UBNA_001/20221012_030000.WAV,Telephone Field,recover-20221013,001,1795
708.1395,708.1821,68437,83213,Rhinolophus ferrumequinum,0.029,0.029,-1,Echolocation,/mnt/ubna_data_02_mir/recover-20221013/UBNA_001/20221012_030000.WAV,Telephone Field,recover-20221013,001,1795
708.1705,708.1796,28046,38265,Eptesicus serotinus,0.01,0.023,-1,Echolocation,/mnt/ubna_data_02_mir/recover-20221013/UBNA_001/20221012_030000.WAV,Telephone Field,recover-20221013,001,1795
708.2035,708.2436,68437,82395,Rhinolophus ferrumequinum,0.023,0.023,-1,Echolocation,/mnt/ubna_data_02_mir/recover-20221013/UBNA_001/20221012_030000.WAV,Telephone Field,recover-20221013,001,1795
708.2365,708.2469,22031,28027,Nyctalus leisleri,0.009,0.023,-1,Echolocation,/mnt/ubna_data_02_mir/recover-20221013/UBNA_001/20221012_030000.WAV,Telephone Field,recover-20221013,001,1795
708.2555,708.264,26328,35193,Eptesicus serotinus,0.009,0.024,-1,Echolocation,/mnt/ubna_data_02_mir/recover-20221013/UBNA_001/20221012_030000.WAV,Telephone Field,recover-20221013,001,1795
708.2955,708.3365,68437,81818,Rhinolophus ferrumequinum,0.044,0.045,-1,Echolocation,/mnt/ubna_data_02_mir/recover-20221013/UBNA_001/20221012_030000.WAV,Telephone Field,recover-20221013,001,1795
708.3205,708.3292,28906,40561,Eptesicus serotinus,0.009,0.026,-1,Echolocation,/mnt/ubna_data_02_mir/recover-20221013/UBNA_001/20221012_030000.WAV,Telephone Field,recover-20221013,001,1795
708.3525,708.3946,68437,82966,Rhinolophus ferrumequinum,0.024,0.024,-1,Echolocation,/mnt/ubna_data_02_mir/recover-20221013/UBNA_001/20221012_030000.WAV,Telephone Field,recover-20221013,001,1795
708.3765,708.4167,68437,82293,Rhinolophus ferrumequinum,0.022,0.022,-1,Echolocation,/mnt/ubna_data_02_mir/recover-20221013/UBNA_001/20221012_030000.WAV,Telephone Field,recover-20221013,001,1795
708.3795,708.3889,24609,31736,Eptesicus serotinus,0.007,0.022,-1,Echolocation,/mnt/ubna_data_02_mir/recover-20221013/UBNA_001/20221012_030000.WAV,Telephone Field,recover-20221013,001,1795
708.3925,708.4061,25468,30647,Nyctalus leisleri,0.011,0.026,-1,Echolocation,/mnt/ubna_data_02_mir/recover-20221013/UBNA_001/20221012_030000.WAV,Telephone Field,recover-20221013,001,1795
708.3985,708.4367,68437,81712,Rhinolophus ferrumequinum,0.021,0.021,-1,Echolocation,/mnt/ubna_data_02_mir/recover-20221013/UBNA_001/20221012_030000.WAV,Telephone Field,recover-20221013,001,1795
708.4145,708.4534,68437,81981,Rhinolophus ferrumequinum,0.022,0.022,-1,Echolocation,/mnt/ubna_data_02_mir/recover-20221013/UBNA_001/20221012_030000.WAV,Telephone Field,recover-20221013,001,1795
708.4695,708.5083,68437,81792,Rhinolophus ferrumequinum,0.032,0.032,-1,Echolocation,/mnt/ubna_data_02_mir/recover-20221013/UBNA_001/20221012_030000.WAV,Telephone Field,recover-20221013,001,1795
708.4835,708.518,68437,81375,Rhinolophus ferrumequinum,0.02,0.021,-1,Echolocation,/mnt/ubna_data_02_mir/recover-20221013/UBNA_001/20221012_030000.WAV,Telephone Field,recover-20221013,001,1795
708.5055,708.5154,22890,28686,Nyctalus leisleri,0.008,0.02,-1,Echolocation,/mnt/ubna_data_02_mir/recover-20221013/UBNA_001/20221012_030000.WAV,Telephone Field,recover-20221013,001,1795
708.5465,708.5826,68437,81139,Rhinolophus ferrumequinum,0.022,0.022,-1,Echolocation,/mnt/ubna_data_02_mir/recover-20221013/UBNA_001/20221012_030000.WAV,Telephone Field,recover-20221013,001,1795
708.5735,708.5819,27187,38249,Eptesicus serotinus,0.007,0.022,-1,Echolocation,/mnt/ubna_data_02_mir/recover-20221013/UBNA_001/20221012_030000.WAV,Telephone Field,recover-20221013,001,1795
708.5855,708.6233,68437,81632,Rhinolophus ferrumequinum,0.021,0.021,-1,Echolocation,/mnt/ubna_data_02_mir/recover-20221013/UBNA_001/20221012_030000.WAV,Telephone Field,recover-20221013,001,1795
708.6385,708.678,68437,82224,Rhinolophus ferrumequinum,0.021,0.021,-1,Echolocation,/mnt/ubna_data_02_mir/recover-20221013/UBNA_001/20221012_030000.WAV,Telephone Field,recover-20221013,001,1795
708.6725,708.7076,68437,80880,Rhinolophus ferrumequinum,0.023,0.023,-1,Echolocation,/mnt/ubna_data_02_mir/recover-20221013/UBNA_001/20221012_030000.WAV,Telephone Field,recover-20221013,001,1795
708.6835,708.6932,24609,32764,Eptesicus serotinus,0.008,0.021,-1,Echolocation,/mnt/ubna_data_02_mir/recover-20221013/UBNA_001/20221012_030000.WAV,Telephone Field,recover-20221013,001,1795
708.6975,708.7383,68437,82542,Rhinolophus ferrumequinum,0.021,0.021,-1,Echolocation,/mnt/ubna_data_02_mir/recover-20221013/UBNA_001/20221012_030000.WAV,Telephone Field,recover-20221013,001,1795
708.7315,708.7417,26328,33131,Eptesicus serotinus,0.034,0.061,-1,Echolocation,/mnt/ubna_data_02_mir/recover-20221013/UBNA_001/20221012_030000.WAV,Telephone Field,recover-20221013,001,1795
708.7545,708.7953,68437,82203,Rhinolophus ferrumequinum,0.022,0.022,-1,Echolocation,/mnt/ubna_data_02_mir/recover-20221013/UBNA_001/20221012_030000.WAV,Telephone Field,recover-20221013,001,1795
708.7895,708.7982,28046,38880,Eptesicus serotinus,0.01,0.026,-1,Echolocation,/mnt/ubna_data_02_mir/recover-20221013/UBNA_001/20221012_030000.WAV,Telephone Field,recover-20221013,001,1795
708.7945,708.8325,68437,81595,Rhinolophus ferrumequinum,0.027,0.028,-1,Echolocation,/mnt/ubna_data_02_mir/recover-20221013/UBNA_001/20221012_030000.WAV,Telephone Field,recover-20221013,001,1795
708.7995,708.8116,28046,34260,Eptesicus serotinus,0.015,0.032,-1,Echolocation,/mnt/ubna_data_02_mir/recover-20221013/UBNA_001/20221012_030000.WAV,Telephone Field,recover-20221013,001,1795
708.8135,708.851,68437,82268,Rhinolophus ferrumequinum,0.028,0.028,-1,Echolocation,/mnt/ubna_data_02_mir/recover-20221013/UBNA_001/20221012_030000.WAV,Telephone Field,recover-20221013,001,1795
708.8555,708.8947000000001,68437,81962,Rhinolophus ferrumequinum,0.034,0.034,-1,Echolocation,/mnt/ubna_data_02_mir/recover-20221013/UBNA_001/20221012_030000.WAV,Telephone Field,recover-20221013,001,1795
708.8685,708.8768,26328,34827,Eptesicus serotinus,0.008,0.023,-1,Echolocation,/mnt/ubna_data_02_mir/recover-20221013/UBNA_001/20221012_030000.WAV,Telephone Field,recover-20221013,001,1795
708.8745,708.8853,22890,28333,Nyctalus leisleri,0.01,0.023,-1,Echolocation,/mnt/ubna_data_02_mir/recover-20221013/UBNA_001/20221012_030000.WAV,Telephone Field,recover-20221013,001,1795
708.8795,708.9158,68437,81747,Rhinolophus ferrumequinum,0.021,0.022,-1,Echolocation,/mnt/ubna_data_02_mir/recover-20221013/UBNA_001/20221012_030000.WAV,Telephone Field,recover-20221013,001,1795
708.9405,708.981,68437,82024,Rhinolophus ferrumequinum,0.021,0.021,-1,Echolocation,/mnt/ubna_data_02_mir/recover-20221013/UBNA_001/20221012_030000.WAV,Telephone Field,recover-20221013,001,1795
708.9675,709.0017,68437,81491,Rhinolophus ferrumequinum,0.021,0.021,-1,Echolocation,/mnt/ubna_data_02_mir/recover-20221013/UBNA_001/20221012_030000.WAV,Telephone Field,recover-20221013,001,1795
708.9745,708.9848,37500,43473,Pipistrellus nathusii,0.011,0.032,-1,Echolocation,/mnt/ubna_data_02_mir/recover-20221013/UBNA_001/20221012_030000.WAV,Telephone Field,recover-20221013,001,1795
708.9755,709.0156,68437,82389,Rhinolophus ferrumequinum,0.022,0.022,-1,Echolocation,/mnt/ubna_data_02_mir/recover-20221013/UBNA_001/20221012_030000.WAV,Telephone Field,recover-20221013,001,1795
708.9785,708.9857,28046,40727,Eptesicus serotinus,0.006,0.021,-1,Echolocation,/mnt/ubna_data_02_mir/recover-20221013/UBNA_001/20221012_030000.WAV,Telephone Field,recover-20221013,001,1795
709.0115,709.0224,28906,36154,Eptesicus serotinus,0.011,0.023,-1,Echolocation,/mnt/ubna_data_02_mir/recover-20221013/UBNA_001/20221012_030000.WAV,Telephone Field,recover-20221013,001,1795
709.0135,709.0542,68437,81772,Rhinolophus ferrumequinum,0.021,0.021,-1,Echolocation,/mnt/ubna_data_02_mir/recover-20221013/UBNA_001/20221012_030000.WAV,Telephone Field,recover-20221013,001,1795
709.0525,709.0896,68437,82170,Rhinolophus ferrumequinum,0.037,0.037,-1,Echolocation,/mnt/ubna_data_02_mir/recover-20221013/UBNA_001/20221012_030000.WAV,Telephone Field,recover-20221013,001,1795
709.0745,709.1142,68437,81799,Rhinolophus ferrumequinum,0.021,0.021,-1,Echolocation,/mnt/ubna_data_02_mir/recover-20221013/UBNA_001/20221012_030000.WAV,Telephone Field,recover-20221013,001,1795
709.0795,709.087,28046,38281,Eptesicus serotinus,0.007,0.021,-1,Echolocation,/mnt/ubna_data_02_mir/recover-20221013/UBNA_001/20221012_030000.WAV,Telephone Field,recover-20221013,001,1795
709.1605,709.1705,38359,43203,Pipistrellus nathusii,0.014,0.023,-1,Echolocation,/mnt/ubna_data_02_mir/recover-20221013/UBNA_001/20221012_030000.WAV,Telephone Field,recover-20221013,001,1795
709.1735,709.213,68437,82790,Rhinolophus ferrumequinum,0.023,0.023,-1,Echolocation,/mnt/ubna_data_02_mir/recover-20221013/UBNA_001/20221012_030000.WAV,Telephone Field,recover-20221013,001,1795
709.1955,709.2329,68437,82442,Rhinolophus ferrumequinum,0.024,0.024,-1,Echolocation,/mnt/ubna_data_02_mir/recover-20221013/UBNA_001/20221012_030000.WAV,Telephone Field,recover-20221013,001,1795
709.2065,709.2175,27187,34797,Eptesicus serotinus,0.012,0.024,-1,Echolocation,/mnt/ubna_data_02_mir/recover-20221013/UBNA_001/20221012_030000.WAV,Telephone Field,recover-20221013,001,1795
709.2115,709.2497,68437,81246,Rhinolophus ferrumequinum,0.022,0.022,-1,Echolocation,/mnt/ubna_data_02_mir/recover-20221013/UBNA_001/20221012_030000.WAV,Telephone Field,recover-20221013,001,1795
709.2435,709.2535,49531,57026,Pipistrellus pipistrellus,0.016,0.02,-1,Echolocation,/mnt/ubna_data_02_mir/recover-20221013/UBNA_001/20221012_030000.WAV,Telephone Field,recover-20221013,001,1795
709.2485,709.2582,22890,29194,Nyctalus leisleri,0.008,0.021,-1,Echolocation,/mnt/ubna_data_02_mir/recover-20221013/UBNA_001/20221012_030000.WAV,Telephone Field,recover-20221013,001,1795
709.2635,709.3003,68437,81000,Rhinolophus ferrumequinum,0.032,0.032,-1,Echolocation,/mnt/ubna_data_02_mir/recover-20221013/UBNA_001/20221012_030000.WAV,Telephone Field,recover-20221013,001,1795
709.2725,709.3104,68437,81977,Rhinolophus ferrumequinum,0.029,0.029,-1,Echolocation,/mnt/ubna_data_02_mir/recover-20221013/UBNA_001/20221012_030000.WAV,Telephone Field,recover-20221013,001,1795
709.2815,709.3187,68437,81197,Rhinolophus ferrumequinum,0.021,0.021,-1,Echolocation,/mnt/ubna_data_02_mir/recover-20221013/UBNA_001/20221012_030000.WAV,Telephone Field,recover-20221013,001,1795
709.3035,709.3438,68437,82594,Rhinolophus ferrumequinum,0.025,0.025,-1,Echolocation,/mnt/ubna_data_02_mir/recover-20221013/UBNA_001/20221012_030000.WAV,Telephone Field,recover-20221013,001,1795
709.3205,709.329,28046,38387,Eptesicus serotinus,0.007,0.021,-1,Echolocation,/mnt/ubna_data_02_mir/recover-20221013/UBNA_001/20221012_030000.WAV,Telephone Field,recover-20221013,001,1795
709.3215,709.3295,57265,62134,Pipistrellus pygmaeus,0.021,0.021,-1,Echolocation,/mnt/ubna_data_02_mir/recover-20221013/UBNA_001/20221012_030000.WAV,Telephone Field,recover-20221013,001,1795
709.3415,709.3818,68437,82114,Rhinolophus ferrumequinum,0.03,0.03,-1,Echolocation,/mnt/ubna_data_02_mir/recover-20221013/UBNA_001/20221012_030000.WAV,Telephone Field,recover-20221013,001,1795
709.3785,709.4195,68437,82546,Rhinolophus ferrumequinum,0.038,0.038,-1,Echolocation,/mnt/ubna_data_02_mir/recover-20221013/UBNA_001/20221012_030000.WAV,Telephone Field,recover-20221013,001,1795
709.3865,709.4295,68437,82632,Rhinolophus ferrumequinum,0.032,0.032,-1,Echolocation,/mnt/ubna_data_02_mir/recover-20221013/UBNA_001/20221012_030000.WAV,Telephone Field,recover-20221013,001,1795
709.4465,709.4543,28046,39834,Eptesicus serotinus,0.008,0.026,-1,Echolocation,/mnt/ubna_data_02_mir/recover-20221013/UBNA_001/20221012_030000.WAV,Telephone Field,recover-20221013,001,1795
709.4615,709.4999,68437,82175,Rhinolophus ferrumequinum,0.024,0.024,-1,Echolocation,/mnt/ubna_data_02_mir/recover-20221013/UBNA_001/20221012_030000.WAV,Telephone Field,recover-20221013,001,1795
709.5195,709.5594,68437,82652,Rhinolophus ferrumequinum,0.028,0.028,-1,Echolocation,/mnt/ubna_data_02_mir/recover-20221013/UBNA_001/20221012_030000.WAV,Telephone Field,recover-20221013,001,1795
709.5725,709.6148,68437,82220,Rhinolophus ferrumequinum,0.032,0.032,-1,Echolocation,/mnt/ubna_data_02_mir/recover-20221013/UBNA_001/20221012_030000.WAV,Telephone Field,recover-20221013,001,1795
709.6015,709.6414,68437,82038,Rhinolophus ferrumequinum,0.021,0.021,-1,Echolocation,/mnt/ubna_data_02_mir/recover-20221013/UBNA_001/20221012_030000.WAV,Telephone Field,recover-20221013,001,1795
709.6605,709.6702,28906,37403,Eptesicus serotinus,0.01,0.023,-1,Echolocation,/mnt/ubna_data_02_mir/recover-20221013/UBNA_001/20221012_030000.WAV,Telephone Field,recover-20221013,001,1795
709.6605,709.6982,68437,82644,Rhinolophus ferrumequinum,0.021,0.021,-1,Echolocation,/mnt/ubna_data_02_mir/recover-20221013/UBNA_001/20221012_030000.WAV,Telephone Field,recover-20221013,001,1795
709.6865,709.7262,68437,82287,Rhinolophus ferrumequinum,0.021,0.021,-1,Echolocation,/mnt/ubna_data_02_mir/recover-20221013/UBNA_001/20221012_030000.WAV,Telephone Field,recover-20221013,001,1795
709.7185,709.7603,68437,82773,Rhinolophus ferrumequinum,0.03,0.03,-1,Echolocation,/mnt/ubna_data_02_mir/recover-20221013/UBNA_001/20221012_030000.WAV,Telephone Field,recover-20221013,001,1795
709.7185,709.7292,23750,30050,Nyctalus leisleri,0.009,0.023,-1,Echolocation,/mnt/ubna_data_02_mir/recover-20221013/UBNA_001/20221012_030000.WAV,Telephone Field,recover-20221013,001,1795
709.7295,709.7408,24609,30448,Nyctalus leisleri,0.009,0.025,-1,Echolocation,/mnt/ubna_data_02_mir/recover-20221013/UBNA_001/20221012_030000.WAV,Telephone Field,recover-20221013,001,1795
709.7475,709.7828,68437,81712,Rhinolophus ferrumequinum,0.021,0.021,-1,Echolocation,/mnt/ubna_data_02_mir/recover-20221013/UBNA_001/20221012_030000.WAV,Telephone Field,recover-20221013,001,1795
709.7485,709.756,27187,36374,Eptesicus serotinus,0.015,0.039,-1,Echolocation,/mnt/ubna_data_02_mir/recover-20221013/UBNA_001/20221012_030000.WAV,Telephone Field,recover-20221013,001,1795
709.7945,709.8303,68437,81007,Rhinolophus ferrumequinum,0.021,0.021,-1,Echolocation,/mnt/ubna_data_02_mir/recover-20221013/UBNA_001/20221012_030000.WAV,Telephone Field,recover-20221013,001,1795
709.8095,709.8485000000001,68437,81962,Rhinolophus ferrumequinum,0.021,0.021,-1,Echolocation,/mnt/ubna_data_02_mir/recover-20221013/UBNA_001/20221012_030000.WAV,Telephone Field,recover-20221013,001,1795
709.8295,709.8698,68437,82655,Rhinolophus ferrumequinum,0.024,0.024,-1,Echolocation,/mnt/ubna_data_02_mir/recover-20221013/UBNA_001/20221012_030000.WAV,Telephone Field,recover-20221013,001,1795
709.8395,709.8785,68437,81867,Rhinolophus ferrumequinum,0.023,0.023,-1,Echolocation,/mnt/ubna_data_02_mir/recover-20221013/UBNA_001/20221012_030000.WAV,Telephone Field,recover-20221013,001,1795
709.8875,709.9275,68437,82448,Rhinolophus ferrumequinum,0.022,0.022,-1,Echolocation,/mnt/ubna_data_02_mir/recover-20221013/UBNA_001/20221012_030000.WAV,Telephone Field,recover-20221013,001,1795
709.9005,709.9097,22890,29230,Plecotus austriacus,0.007,0.021,-1,Echolocation,/mnt/ubna_data_02_mir/recover-20221013/UBNA_001/20221012_030000.WAV,Telephone Field,recover-20221013,001,1795
709.9095,709.9457,68437,81694,Rhinolophus ferrumequinum,0.021,0.021,-1,Echolocation,/mnt/ubna_data_02_mir/recover-20221013/UBNA_001/20221012_030000.WAV,Telephone Field,recover-20221013,001,1795
709.9455,709.9827,68437,81508,Rhinolophus ferrumequinum,0.02,0.021,-1,Echolocation,/mnt/ubna_data_02_mir/recover-20221013/UBNA_001/20221012_030000.WAV,Telephone Field,recover-20221013,001,1795
709.9535,709.9879,68437,81417,Rhinolophus ferrumequinum,0.021,0.021,-1,Echolocation,/mnt/ubna_data_02_mir/recover-20221013/UBNA_001/20221012_030000.WAV,Telephone Field,recover-20221013,001,1795
709.9625,709.9999,68437,82220,Rhinolophus ferrumequinum,0.021,0.021,-1,Echolocation,/mnt/ubna_data_02_mir/recover-20221013/UBNA_001/20221012_030000.WAV,Telephone Field,recover-20221013,001,1795
710.0015,710.0336,68437,79927,Rhinolophus ferrumequinum,0.055,0.055,-1,Echolocation,/mnt/ubna_data_02_mir/recover-20221013/UBNA_001/20221012_030000.WAV,Telephone Field,recover-20221013,001,1795
710.0015,710.0134,27187,33782,Nyctalus leisleri,0.018,0.046,-1,Echolocation,/mnt/ubna_data_02_mir/recover-20221013/UBNA_001/20221012_030000.WAV,Telephone Field,recover-20221013,001,1795
710.0015,710.0136,46953,51398,Pipistrellus pipistrellus,0.031,0.04,-1,Echolocation,/mnt/ubna_data_02_mir/recover-20221013/UBNA_001/20221012_030000.WAV,Telephone Field,recover-20221013,001,1795
710.0085,710.0505,68437,82745,Rhinolophus ferrumequinum,0.021,0.021,-1,Echolocation,/mnt/ubna_data_02_mir/recover-20221013/UBNA_001/20221012_030000.WAV,Telephone Field,recover-20221013,001,1795
710.0335,710.0733,68437,82309,Rhinolophus ferrumequinum,0.024,0.024,-1,Echolocation,/mnt/ubna_data_02_mir/recover-20221013/UBNA_001/20221012_030000.WAV,Telephone Field,recover-20221013,001,1795
710.0575,710.0668000000001,23750,30577,Nyctalus leisleri,0.007,0.022,-1,Echolocation,/mnt/ubna_data_02_mir/recover-20221013/UBNA_001/20221012_030000.WAV,Telephone Field,recover-20221013,001,1795
710.0685,710.1091,68437,82831,Rhinolophus ferrumequinum,0.033,0.033,-1,Echolocation,/mnt/ubna_data_02_mir/recover-20221013/UBNA_001/20221012_030000.WAV,Telephone Field,recover-20221013,001,1795
710.1155,710.1514999999999,68437,82184,Rhinolophus ferrumequinum,0.026,0.026,-1,Echolocation,/mnt/ubna_data_02_mir/recover-20221013/UBNA_001/20221012_030000.WAV,Telephone Field,recover-20221013,001,1795
710.1255,710.1624,68437,81446,Rhinolophus ferrumequinum,0.02,0.02,-1,Echolocation,/mnt/ubna_data_02_mir/recover-20221013/UBNA_001/20221012_030000.WAV,Telephone Field,recover-20221013,001,1795
710.1345,710.1683,68437,81094,Rhinolophus ferrumequinum,0.021,0.021,-1,Echolocation,/mnt/ubna_data_02_mir/recover-20221013/UBNA_001/20221012_030000.WAV,Telephone Field,recover-20221013,001,1795
710.1495,710.1627,22031,28401,Nyctalus noctula,0.032,0.09,-1,Echolocation,/mnt/ubna_data_02_mir/recover-20221013/UBNA_001/20221012_030000.WAV,Telephone Field,recover-20221013,001,1795
710.1525,710.1951,68437,82588,Rhinolophus ferrumequinum,0.02,0.02,-1,Echolocation,/mnt/ubna_data_02_mir/recover-20221013/UBNA_001/20221012_030000.WAV,Telephone Field,recover-20221013,001,1795
710.1865,710.2252,68437,82212,Rhinolophus ferrumequinum,0.024,0.024,-1,Echolocation,/mnt/ubna_data_02_mir/recover-20221013/UBNA_001/20221012_030000.WAV,Telephone Field,recover-20221013,001,1795
710.1895,710.1998,23750,30262,Nyctalus leisleri,0.009,0.022,-1,Echolocation,/mnt/ubna_data_02_mir/recover-20221013/UBNA_001/20221012_030000.WAV,Telephone Field,recover-20221013,001,1795
710.2025,710.2212,21171,24477,Nyctalus leisleri,0.024,0.041,-1,Echolocation,/mnt/ubna_data_02_mir/recover-20221013/UBNA_001/20221012_030000.WAV,Telephone Field,recover-20221013,001,1795
710.2375,710.2763,68437,82568,Rhinolophus ferrumequinum,0.022,0.022,-1,Echolocation,/mnt/ubna_data_02_mir/recover-20221013/UBNA_001/20221012_030000.WAV,Telephone Field,recover-20221013,001,1795
710.2555,710.2624,28046,37696,Eptesicus serotinus,0.005,0.02,-1,Echolocation,/mnt/ubna_data_02_mir/recover-20221013/UBNA_001/20221012_030000.WAV,Telephone Field,recover-20221013,001,1795
710.2875,710.3262,68437,82085,Rhinolophus ferrumequinum,0.021,0.021,-1,Echolocation,/mnt/ubna_data_02_mir/recover-20221013/UBNA_001/20221012_030000.WAV,Telephone Field,recover-20221013,001,1795
710.2915,710.3035,22890,26994,Nyctalus leisleri,0.015,0.027,-1,Echolocation,/mnt/ubna_data_02_mir/recover-20221013/UBNA_001/20221012_030000.WAV,Telephone Field,recover-20221013,001,1795
710.2975,710.3334,68437,81949,Rhinolophus ferrumequinum,0.025,0.025,-1,Echolocation,/mnt/ubna_data_02_mir/recover-20221013/UBNA_001/20221012_030000.WAV,Telephone Field,recover-20221013,001,1795
710.3225,710.3357,24609,30339,Nyctalus leisleri,0.014,0.03,-1,Echolocation,/mnt/ubna_data_02_mir/recover-20221013/UBNA_001/20221012_030000.WAV,Telephone Field,recover-20221013,001,1795
710.3495,710.3932,68437,83320,Rhinolophus ferrumequinum,0.04,0.04,-1,Echolocation,/mnt/ubna_data_02_mir/recover-20221013/UBNA_001/20221012_030000.WAV,Telephone Field,recover-20221013,001,1795
710.3565,710.4023,68437,83404,Rhinolophus ferrumequinum,0.042,0.042,-1,Echolocation,/mnt/ubna_data_02_mir/recover-20221013/UBNA_001/20221012_030000.WAV,Telephone Field,recover-20221013,001,1795
710.4145,710.4529,68437,82604,Rhinolophus ferrumequinum,0.036,0.036,-1,Echolocation,/mnt/ubna_data_02_mir/recover-20221013/UBNA_001/20221012_030000.WAV,Telephone Field,recover-20221013,001,1795
710.4175,710.4238,23750,35513,Plecotus austriacus,0.014,0.031,-1,Echolocation,/mnt/ubna_data_02_mir/recover-20221013/UBNA_001/20221012_030000.WAV,Telephone Field,recover-20221013,001,1795
710.4375,710.4466,25468,33584,Eptesicus serotinus,0.01,0.023,-1,Echolocation,/mnt/ubna_data_02_mir/recover-20221013/UBNA_001/20221012_030000.WAV,Telephone Field,recover-20221013,001,1795
710.4405,710.4512,36640,42274,Barbastellus barbastellus,0.015,0.042,-1,Echolocation,/mnt/ubna_data_02_mir/recover-20221013/UBNA_001/20221012_030000.WAV,Telephone Field,recover-20221013,001,1795
710.4435,710.4817,68437,82336,Rhinolophus ferrumequinum,0.021,0.021,-1,Echolocation,/mnt/ubna_data_02_mir/recover-20221013/UBNA_001/20221012_030000.WAV,Telephone Field,recover-20221013,001,1795
710.4515,710.4859,68437,81634,Rhinolophus ferrumequinum,0.021,0.021,-1,Echolocation,/mnt/ubna_data_02_mir/recover-20221013/UBNA_001/20221012_030000.WAV,Telephone Field,recover-20221013,001,1795
710.4715,710.4792,28046,39189,Eptesicus serotinus,0.006,0.022,-1,Echolocation,/mnt/ubna_data_02_mir/recover-20221013/UBNA_001/20221012_030000.WAV,Telephone Field,recover-20221013,001,1795
710.4985,710.5378,68437,82176,Rhinolophus ferrumequinum,0.025,0.025,-1,Echolocation,/mnt/ubna_data_02_mir/recover-20221013/UBNA_001/20221012_030000.WAV,Telephone Field,recover-20221013,001,1795
710.5075,710.5147,27187,37119,Eptesicus serotinus,0.007,0.025,-1,Echolocation,/mnt/ubna_data_02_mir/recover-20221013/UBNA_001/20221012_030000.WAV,Telephone Field,recover-20221013,001,1795
710.5225,710.5294,30625,39214,Eptesicus serotinus,0.007,0.026,-1,Echolocation,/mnt/ubna_data_02_mir/recover-20221013/UBNA_001/20221012_030000.WAV,Telephone Field,recover-20221013,001,1795
710.5725,710.5834,24609,30778,Eptesicus serotinus,0.011,0.03,-1,Echolocation,/mnt/ubna_data_02_mir/recover-20221013/UBNA_001/20221012_030000.WAV,Telephone Field,recover-20221013,001,1795
710.5975,710.6360999999999,68437,82125,Rhinolophus ferrumequinum,0.02,0.02,-1,Echolocation,/mnt/ubna_data_02_mir/recover-20221013/UBNA_001/20221012_030000.WAV,Telephone Field,recover-20221013,001,1795
710.6145,710.6556,68437,82886,Rhinolophus ferrumequinum,0.025,0.025,-1,Echolocation,/mnt/ubna_data_02_mir/recover-20221013/UBNA_001/20221012_030000.WAV,Telephone Field,recover-20221013,001,1795
710.6305,710.6667,68437,81650,Rhinolophus ferrumequinum,0.024,0.024,-1,Echolocation,/mnt/ubna_data_02_mir/recover-20221013/UBNA_001/20221012_030000.WAV,Telephone Field,recover-20221013,001,1795
710.6425,710.6833,68437,83058,Rhinolophus ferrumequinum,0.026,0.026,-1,Echolocation,/mnt/ubna_data_02_mir/recover-20221013/UBNA_001/20221012_030000.WAV,Telephone Field,recover-20221013,001,1795
710.6885,710.7287,68437,82816,Rhinolophus ferrumequinum,0.026,0.026,-1,Echolocation,/mnt/ubna_data_02_mir/recover-20221013/UBNA_001/20221012_030000.WAV,Telephone Field,recover-20221013,001,1795
710.6945,710.7379,68437,83688,Rhinolophus ferrumequinum,0.025,0.025,-1,Echolocation,/mnt/ubna_data_02_mir/recover-20221013/UBNA_001/20221012_030000.WAV,Telephone Field,recover-20221013,001,1795
710.7105,710.7494,68437,82351,Rhinolophus ferrumequinum,0.022,0.022,-1,Echolocation,/mnt/ubna_data_02_mir/recover-20221013/UBNA_001/20221012_030000.WAV,Telephone Field,recover-20221013,001,1795
710.7275,710.7672,68437,82676,Rhinolophus ferrumequinum,0.024,0.024,-1,Echolocation,/mnt/ubna_data_02_mir/recover-20221013/UBNA_001/20221012_030000.WAV,Telephone Field,recover-20221013,001,1795
710.7335,710.7439,25468,33741,Eptesicus serotinus,0.012,0.024,-1,Echolocation,/mnt/ubna_data_02_mir/recover-20221013/UBNA_001/20221012_030000.WAV,Telephone Field,recover-20221013,001,1795
710.7475,710.79,68437,82910,Rhinolophus ferrumequinum,0.045,0.045,-1,Echolocation,/mnt/ubna_data_02_mir/recover-20221013/UBNA_001/20221012_030000.WAV,Telephone Field,recover-20221013,001,1795
710.7635,710.805,68437,82768,Rhinolophus ferrumequinum,0.026,0.026,-1,Echolocation,/mnt/ubna_data_02_mir/recover-20221013/UBNA_001/20221012_030000.WAV,Telephone Field,recover-20221013,001,1795
710.7735,710.8124,68437,82678,Rhinolophus ferrumequinum,0.02,0.02,-1,Echolocation,/mnt/ubna_data_02_mir/recover-20221013/UBNA_001/20221012_030000.WAV,Telephone Field,recover-20221013,001,1795
710.7745,710.7812,27187,39190,Eptesicus serotinus,0.006,0.022,-1,Echolocation,/mnt/ubna_data_02_mir/recover-20221013/UBNA_001/20221012_030000.WAV,Telephone Field,recover-20221013,001,1795
710.8145,710.822,27187,42409,Eptesicus serotinus,0.006,0.02,-1,Echolocation,/mnt/ubna_data_02_mir/recover-20221013/UBNA_001/20221012_030000.WAV,Telephone Field,recover-20221013,001,1795
710.8505,710.8592,28046,38213,Eptesicus serotinus,0.008,0.023,-1,Echolocation,/mnt/ubna_data_02_mir/recover-20221013/UBNA_001/20221012_030000.WAV,Telephone Field,recover-20221013,001,1795
710.8735,710.9118,68437,82045,Rhinolophus ferrumequinum,0.021,0.021,-1,Echolocation,/mnt/ubna_data_02_mir/recover-20221013/UBNA_001/20221012_030000.WAV,Telephone Field,recover-20221013,001,1795
710.8845,710.9216,68437,82454,Rhinolophus ferrumequinum,0.025,0.025,-1,Echolocation,/mnt/ubna_data_02_mir/recover-20221013/UBNA_001/20221012_030000.WAV,Telephone Field,recover-20221013,001,1795
710.9075,710.9465,68437,82091,Rhinolophus ferrumequinum,0.022,0.022,-1,Echolocation,/mnt/ubna_data_02_mir/recover-20221013/UBNA_001/20221012_030000.WAV,Telephone Field,recover-20221013,001,1795
710.9415,710.9511,22890,28251,Nyctalus leisleri,0.011,0.024,-1,Echolocation,/mnt/ubna_data_02_mir/recover-20221013/UBNA_001/20221012_030000.WAV,Telephone Field,recover-20221013,001,1795
710.9725,711.0116,68437,82282,Rhinolophus ferrumequinum,0.026,0.026,-1,Echolocation,/mnt/ubna_data_02_mir/recover-20221013/UBNA_001/20221012_030000.WAV,Telephone Field,recover-20221013,001,1795
710.9725,710.982,25468,33961,Eptesicus serotinus,0.009,0.027,-1,Echolocation,/mnt/ubna_data_02_mir/recover-20221013/UBNA_001/20221012_030000.WAV,Telephone Field,recover-20221013,001,1795
710.9835,711.0183,68437,81328,Rhinolophus ferrumequinum,0.02,0.02,-1,Echolocation,/mnt/ubna_data_02_mir/recover-20221013/UBNA_001/20221012_030000.WAV,Telephone Field,recover-20221013,001,1795
711.0885,711.1284,68437,82882,Rhinolophus ferrumequinum,0.024,0.024,-1,Echolocation,/mnt/ubna_data_02_mir/recover-20221013/UBNA_001/20221012_030000.WAV,Telephone Field,recover-20221013,001,1795
711.1155,711.124,28046,38119,Eptesicus serotinus,0.009,0.025,-1,Echolocation,/mnt/ubna_data_02_mir/recover-20221013/UBNA_001/20221012_030000.WAV,Telephone Field,recover-20221013,001,1795
711.1495,711.1559,28046,37611,Eptesicus serotinus,0.006,0.022,-1,Echolocation,/mnt/ubna_data_02_mir/recover-20221013/UBNA_001/20221012_030000.WAV,Telephone Field,recover-20221013,001,1795
711.1675,711.2074,68437,82255,Rhinolophus ferrumequinum,0.023,0.023,-1,Echolocation,/mnt/ubna_data_02_mir/recover-20221013/UBNA_001/20221012_030000.WAV,Telephone Field,recover-20221013,001,1795
711.1685,711.1763,28046,39164,Eptesicus serotinus,0.007,0.022,-1,Echolocation,/mnt/ubna_data_02_mir/recover-20221013/UBNA_001/20221012_030000.WAV,Telephone Field,recover-20221013,001,1795
711.1785,711.2153,68437,82271,Rhinolophus ferrumequinum,0.021,0.021,-1,Echolocation,/mnt/ubna_data_02_mir/recover-20221013/UBNA_001/20221012_030000.WAV,Telephone Field,recover-20221013,001,1795
711.1925,711.2292,68437,82005,Rhinolophus ferrumequinum,0.024,0.024,-1,Echolocation,/mnt/ubna_data_02_mir/recover-20221013/UBNA_001/20221012_030000.WAV,Telephone Field,recover-20221013,001,1795
711.2055,711.2178,22031,26775,Nyctalus leisleri,0.012,0.023,-1,Echolocation,/mnt/ubna_data_02_mir/recover-20221013/UBNA_001/20221012_030000.WAV,Telephone Field,recover-20221013,001,1795
711.2215,711.2579,68437,82404,Rhinolophus ferrumequinum,0.023,0.023,-1,Echolocation,/mnt/ubna_data_02_mir/recover-20221013/UBNA_001/20221012_030000.WAV,Telephone Field,recover-20221013,001,1795
711.2515,711.2597,28906,39505,Eptesicus serotinus,0.007,0.021,-1,Echolocation,/mnt/ubna_data_02_mir/recover-20221013/UBNA_001/20221012_030000.WAV,Telephone Field,recover-20221013,001,1795
711.2515,711.2852,68437,80626,Rhinolophus ferrumequinum,0.02,0.021,-1,Echolocation,/mnt/ubna_data_02_mir/recover-20221013/UBNA_001/20221012_030000.WAV,Telephone Field,recover-20221013,001,1795
711.2625,711.3029,68437,82644,Rhinolophus ferrumequinum,0.039,0.039,-1,Echolocation,/mnt/ubna_data_02_mir/recover-20221013/UBNA_001/20221012_030000.WAV,Telephone Field,recover-20221013,001,1795
711.2965,711.3081,22031,26044,Nyctalus leisleri,0.012,0.022,-1,Echolocation,/mnt/ubna_data_02_mir/recover-20221013/UBNA_001/20221012_030000.WAV,Telephone Field,recover-20221013,001,1795
711.3085,711.3453,68437,82008,Rhinolophus ferrumequinum,0.025,0.025,-1,Echolocation,/mnt/ubna_data_02_mir/recover-20221013/UBNA_001/20221012_030000.WAV,Telephone Field,recover-20221013,001,1795
711.3485000000001,711.3855,68437,80813,Rhinolophus ferrumequinum,0.026,0.026,-1,Echolocation,/mnt/ubna_data_02_mir/recover-20221013/UBNA_001/20221012_030000.WAV,Telephone Field,recover-20221013,001,1795
711.3725,711.3787,33203,43140,Myotis daubentonii,0.009,0.024,-1,Echolocation,/mnt/ubna_data_02_mir/recover-20221013/UBNA_001/20221012_030000.WAV,Telephone Field,recover-20221013,001,1795
711.3955,711.4343,68437,82416,Rhinolophus ferrumequinum,0.023,0.023,-1,Echolocation,/mnt/ubna_data_02_mir/recover-20221013/UBNA_001/20221012_030000.WAV,Telephone Field,recover-20221013,001,1795
711.4055,711.4417,68437,81505,Rhinolophus ferrumequinum,0.024,0.024,-1,Echolocation,/mnt/ubna_data_02_mir/recover-20221013/UBNA_001/20221012_030000.WAV,Telephone Field,recover-20221013,001,1795
711.4145,711.4221,26328,39371,Eptesicus serotinus,0.006,0.021,-1,Echolocation,/mnt/ubna_data_02_mir/recover-20221013/UBNA_001/20221012_030000.WAV,Telephone Field,recover-20221013,001,1795
711.4415,711.4527,23750,29381,Nyctalus leisleri,0.011,0.025,-1,Echolocation,/mnt/ubna_data_02_mir/recover-20221013/UBNA_001/20221012_030000.WAV,Telephone Field,recover-20221013,001,1795
711.4735000000001,711.5136,68437,82640,Rhinolophus ferrumequinum,0.024,0.024,-1,Echolocation,/mnt/ubna_data_02_mir/recover-20221013/UBNA_001/20221012_030000.WAV,Telephone Field,recover-20221013,001,1795
711.4755,711.4847,27187,38735,Eptesicus serotinus,0.01,0.025,-1,Echolocation,/mnt/ubna_data_02_mir/recover-20221013/UBNA_001/20221012_030000.WAV,Telephone Field,recover-20221013,001,1795
711.5325,711.5422,22890,29408,Nyctalus leisleri,0.008,0.024,-1,Echolocation,/mnt/ubna_data_02_mir/recover-20221013/UBNA_001/20221012_030000.WAV,Telephone Field,recover-20221013,001,1795
711.5445,711.5546,23750,29844,Nyctalus leisleri,0.008,0.023,-1,Echolocation,/mnt/ubna_data_02_mir/recover-20221013/UBNA_001/20221012_030000.WAV,Telephone Field,recover-20221013,001,1795
711.5565,711.5644,28046,39900,Eptesicus serotinus,0.009,0.024,-1,Echolocation,/mnt/ubna_data_02_mir/recover-20221013/UBNA_001/20221012_030000.WAV,Telephone Field,recover-20221013,001,1795
711.5645,711.6043,68437,82681,Rhinolophus ferrumequinum,0.037,0.037,-1,Echolocation,/mnt/ubna_data_02_mir/recover-20221013/UBNA_001/20221012_030000.WAV,Telephone Field,recover-20221013,001,1795
711.5855,711.6206,68437,80969,Rhinolophus ferrumequinum,0.022,0.022,-1,Echolocation,/mnt/ubna_data_02_mir/recover-20221013/UBNA_001/20221012_030000.WAV,Telephone Field,recover-20221013,001,1795
711.6045,711.6458,68437,82895,Rhinolophus ferrumequinum,0.024,0.024,-1,Echolocation,/mnt/ubna_data_02_mir/recover-20221013/UBNA_001/20221012_030000.WAV,Telephone Field,recover-20221013,001,1795
711.6125,711.619,25468,34866,Plecotus auritus,0.006,0.022,-1,Echolocation,/mnt/ubna_data_02_mir/recover-20221013/UBNA_001/20221012_030000.WAV,Telephone Field,recover-20221013,001,1795
711.6185,711.656,68437,82117,Rhinolophus ferrumequinum,0.022,0.022,-1,Echolocation,/mnt/ubna_data_02_mir/recover-20221013/UBNA_001/20221012_030000.WAV,Telephone Field,recover-20221013,001,1795
711.6715,711.7122,68437,82952,Rhinolophus ferrumequinum,0.034,0.034,-1,Echolocation,/mnt/ubna_data_02_mir/recover-20221013/UBNA_001/20221012_030000.WAV,Telephone Field,recover-20221013,001,1795
711.6805,711.6909,23750,29882,Nyctalus leisleri,0.008,0.021,-1,Echolocation,/mnt/ubna_data_02_mir/recover-20221013/UBNA_001/20221012_030000.WAV,Telephone Field,recover-20221013,001,1795
711.7195,711.7569,68437,81861,Rhinolophus ferrumequinum,0.02,0.021,-1,Echolocation,/mnt/ubna_data_02_mir/recover-20221013/UBNA_001/20221012_030000.WAV,Telephone Field,recover-20221013,001,1795
711.7445,711.7784,68437,80631,Rhinolophus ferrumequinum,0.02,0.02,-1,Echolocation,/mnt/ubna_data_02_mir/recover-20221013/UBNA_001/20221012_030000.WAV,Telephone Field,recover-20221013,001,1795
711.7475,711.755,28046,38399,Eptesicus serotinus,0.008,0.025,-1,Echolocation,/mnt/ubna_data_02_mir/recover-20221013/UBNA_001/20221012_030000.WAV,Telephone Field,recover-20221013,001,1795
711.7725,711.8154,68437,82939,Rhinolophus ferrumequinum,0.027,0.028,-1,Echolocation,/mnt/ubna_data_02_mir/recover-20221013/UBNA_001/20221012_030000.WAV,Telephone Field,recover-20221013,001,1795
711.8035,711.8442,68437,82887,Rhinolophus ferrumequinum,0.022,0.022,-1,Echolocation,/mnt/ubna_data_02_mir/recover-20221013/UBNA_001/20221012_030000.WAV,Telephone Field,recover-20221013,001,1795
711.8195,711.8274,28046,40206,Eptesicus serotinus,0.008,0.025,-1,Echolocation,/mnt/ubna_data_02_mir/recover-20221013/UBNA_001/20221012_030000.WAV,Telephone Field,recover-20221013,001,1795
711.8495,711.8567,27187,38044,Eptesicus serotinus,0.007,0.023,-1,Echolocation,/mnt/ubna_data_02_mir/recover-20221013/UBNA_001/20221012_030000.WAV,Telephone Field,recover-20221013,001,1795
711.8625,711.9052,68437,82975,Rhinolophus ferrumequinum,0.027,0.027,-1,Echolocation,/mnt/ubna_data_02_mir/recover-20221013/UBNA_001/20221012_030000.WAV,Telephone Field,recover-20221013,001,1795
711.8825,711.9173,68437,81309,Rhinolophus ferrumequinum,0.02,0.02,-1,Echolocation,/mnt/ubna_data_02_mir/recover-20221013/UBNA_001/20221012_030000.WAV,Telephone Field,recover-20221013,001,1795
711.8995,711.9365,68437,81272,Rhinolophus ferrumequinum,0.022,0.022,-1,Echolocation,/mnt/ubna_data_02_mir/recover-20221013/UBNA_001/20221012_030000.WAV,Telephone Field,recover-20221013,001,1795
711.9325,711.9401,27187,39195,Eptesicus serotinus,0.008,0.023,-1,Echolocation,/mnt/ubna_data_02_mir/recover-20221013/UBNA_001/20221012_030000.WAV,Telephone Field,recover-20221013,001,1795
711.9405,711.9802999999999,68437,82527,Rhinolophus ferrumequinum,0.025,0.025,-1,Echolocation,/mnt/ubna_data_02_mir/recover-20221013/UBNA_001/20221012_030000.WAV,Telephone Field,recover-20221013,001,1795
711.9485,711.9595,25468,32491,Eptesicus serotinus,0.013,0.03,-1,Echolocation,/mnt/ubna_data_02_mir/recover-20221013/UBNA_001/20221012_030000.WAV,Telephone Field,recover-20221013,001,1795
711.9815,711.9963,22031,25645,Nyctalus leisleri,0.017,0.028,-1,Echolocation,/mnt/ubna_data_02_mir/recover-20221013/UBNA_001/20221012_030000.WAV,Telephone Field,recover-20221013,001,1795
712.0015,712.0360000000001,68437,80030,Rhinolophus ferrumequinum,0.024,0.024,-1,Echolocation,/mnt/ubna_data_02_mir/recover-20221013/UBNA_001/20221012_030000.WAV,Telephone Field,recover-20221013,001,1795
712.0015,712.0109,26328,33645,Eptesicus serotinus,0.011,0.035,-1,Echolocation,/mnt/ubna_data_02_mir/recover-20221013/UBNA_001/20221012_030000.WAV,Telephone Field,recover-20221013,001,1795
712.0015,712.0064,48671,55519,Pipistrellus pipistrellus,0.016,0.02,-1,Echolocation,/mnt/ubna_data_02_mir/recover-20221013/UBNA_001/20221012_030000.WAV,Telephone Field,recover-20221013,001,1795
712.0305,712.0399,26328,34330,Eptesicus serotinus,0.01,0.025,-1,Echolocation,/mnt/ubna_data_02_mir/recover-20221013/UBNA_001/20221012_030000.WAV,Telephone Field,recover-20221013,001,1795
712.0575,712.0948,68437,81699,Rhinolophus ferrumequinum,0.022,0.023,-1,Echolocation,/mnt/ubna_data_02_mir/recover-20221013/UBNA_001/20221012_030000.WAV,Telephone Field,recover-20221013,001,1795
712.0635,712.1001,68437,82169,Rhinolophus ferrumequinum,0.021,0.021,-1,Echolocation,/mnt/ubna_data_02_mir/recover-20221013/UBNA_001/20221012_030000.WAV,Telephone Field,recover-20221013,001,1795
712.0945,712.1299,68437,81495,Rhinolophus ferrumequinum,0.022,0.022,-1,Echolocation,/mnt/ubna_data_02_mir/recover-20221013/UBNA_001/20221012_030000.WAV,Telephone Field,recover-20221013,001,1795
712.1065,712.1484,68437,82239,Rhinolophus ferrumequinum,0.02,0.02,-1,Echolocation,/mnt/ubna_data_02_mir/recover-20221013/UBNA_001/20221012_030000.WAV,Telephone Field,recover-20221013,001,1795
712.1165,712.1234,46093,50674,Pipistrellus pipistrellus,0.024,0.025,-1,Echolocation,/mnt/ubna_data_02_mir/recover-20221013/UBNA_001/20221012_030000.WAV,Telephone Field,recover-20221013,001,1795
712.1255,712.1663,68437,82032,Rhinolophus ferrumequinum,0.022,0.022,-1,Echolocation,/mnt/ubna_data_02_mir/recover-20221013/UBNA_001/20221012_030000.WAV,Telephone Field,recover-20221013,001,1795
712.1405,712.1531,22031,26743,Nyctalus leisleri,0.012,0.025,-1,Echolocation,/mnt/ubna_data_02_mir/recover-20221013/UBNA_001/20221012_030000.WAV,Telephone Field,recover-20221013,001,1795
712.1565,712.1774,18593,21640,Nyctalus noctula,0.019,0.035,-1,Echolocation,/mnt/ubna_data_02_mir/recover-20221013/UBNA_001/20221012_030000.WAV,Telephone Field,recover-20221013,001,1795
712.1765,712.217,68437,82726,Rhinolophus ferrumequinum,0.026,0.026,-1,Echolocation,/mnt/ubna_data_02_mir/recover-20221013/UBNA_001/20221012_030000.WAV,Telephone Field,recover-20221013,001,1795
712.1825,712.2215,68437,82225,Rhinolophus ferrumequinum,0.024,0.024,-1,Echolocation,/mnt/ubna_data_02_mir/recover-20221013/UBNA_001/20221012_030000.WAV,Telephone Field,recover-20221013,001,1795
712.1865,712.1967,23750,30485,Nyctalus leisleri,0.009,0.026,-1,Echolocation,/mnt/ubna_data_02_mir/recover-20221013/UBNA_001/20221012_030000.WAV,Telephone Field,recover-20221013,001,1795
712.2005,712.2412,68437,82404,Rhinolophus ferrumequinum,0.023,0.023,-1,Echolocation,/mnt/ubna_data_02_mir/recover-20221013/UBNA_001/20221012_030000.WAV,Telephone Field,recover-20221013,001,1795
712.2225,712.2302,28046,39033,Eptesicus serotinus,0.007,0.022,-1,Echolocation,/mnt/ubna_data_02_mir/recover-20221013/UBNA_001/20221012_030000.WAV,Telephone Field,recover-20221013,001,1795
712.2535,712.2956,68437,83270,Rhinolophus ferrumequinum,0.021,0.021,-1,Echolocation,/mnt/ubna_data_02_mir/recover-20221013/UBNA_001/20221012_030000.WAV,Telephone Field,recover-20221013,001,1795
712.2975,712.3397,68437,82996,Rhinolophus ferrumequinum,0.029,0.029,-1,Echolocation,/mnt/ubna_data_02_mir/recover-20221013/UBNA_001/20221012_030000.WAV,Telephone Field,recover-20221013,001,1795
712.3145,712.3227,28046,36809,Eptesicus serotinus,0.008,0.021,-1,Echolocation,/mnt/ubna_data_02_mir/recover-20221013/UBNA_001/20221012_030000.WAV,Telephone Field,recover-20221013,001,1795
712.3345,712.3706999999999,68437,81926,Rhinolophus ferrumequinum,0.023,0.023,-1,Echolocation,/mnt/ubna_data_02_mir/recover-20221013/UBNA_001/20221012_030000.WAV,Telephone Field,recover-20221013,001,1795
712.3715,712.41,68437,81574,Rhinolophus ferrumequinum,0.023,0.024,-1,Echolocation,/mnt/ubna_data_02_mir/recover-20221013/UBNA_001/20221012_030000.WAV,Telephone Field,recover-20221013,001,1795
712.3905,712.397,27187,37769,Eptesicus serotinus,0.006,0.021,-1,Echolocation,/mnt/ubna_data_02_mir/recover-20221013/UBNA_001/20221012_030000.WAV,Telephone Field,recover-20221013,001,1795
712.3995,712.4406,68437,82658,Rhinolophus ferrumequinum,0.026,0.026,-1,Echolocation,/mnt/ubna_data_02_mir/recover-20221013/UBNA_001/20221012_030000.WAV,Telephone Field,recover-20221013,001,1795
712.4255,712.4651,68437,81976,Rhinolophus ferrumequinum,0.021,0.021,-1,Echolocation,/mnt/ubna_data_02_mir/recover-20221013/UBNA_001/20221012_030000.WAV,Telephone Field,recover-20221013,001,1795
712.4505,712.4909,68437,82713,Rhinolophus ferrumequinum,0.04,0.04,-1,Echolocation,/mnt/ubna_data_02_mir/recover-20221013/UBNA_001/20221012_030000.WAV,Telephone Field,recover-20221013,001,1795
712.4695,712.4789,28046,36352,Eptesicus serotinus,0.012,0.027,-1,Echolocation,/mnt/ubna_data_02_mir/recover-20221013/UBNA_001/20221012_030000.WAV,Telephone Field,recover-20221013,001,1795
712.5195,712.5564,68437,82155,Rhinolophus ferrumequinum,0.021,0.021,-1,Echolocation,/mnt/ubna_data_02_mir/recover-20221013/UBNA_001/20221012_030000.WAV,Telephone Field,recover-20221013,001,1795
712.5445,712.5563,24609,29864,Nyctalus leisleri,0.012,0.027,-1,Echolocation,/mnt/ubna_data_02_mir/recover-20221013/UBNA_001/20221012_030000.WAV,Telephone Field,recover-20221013,001,1795
712.5475,712.5839,68437,81676,Rhinolophus ferrumequinum,0.023,0.023,-1,Echolocation,/mnt/ubna_data_02_mir/recover-20221013/UBNA_001/20221012_030000.WAV,Telephone Field,recover-20221013,001,1795
712.5805,712.5954,32343,37228,Eptesicus serotinus,0.009,0.026,-1,Echolocation,/mnt/ubna_data_02_mir/recover-20221013/UBNA_001/20221012_030000.WAV,Telephone Field,recover-20221013,001,1795
712.5885,712.628,68437,82007,Rhinolophus ferrumequinum,0.022,0.022,-1,Echolocation,/mnt/ubna_data_02_mir/recover-20221013/UBNA_001/20221012_030000.WAV,Telephone Field,recover-20221013,001,1795
712.5935,712.6337,68437,82106,Rhinolophus ferrumequinum,0.021,0.021,-1,Echolocation,/mnt/ubna_data_02_mir/recover-20221013/UBNA_001/20221012_030000.WAV,Telephone Field,recover-20221013,001,1795
712.6165,712.6239,23750,33371,Plecotus austriacus,0.012,0.025,-1,Echolocation,/mnt/ubna_data_02_mir/recover-20221013/UBNA_001/20221012_030000.WAV,Telephone Field,recover-20221013,001,1795
712.6245,712.6352,28906,36566,Eptesicus serotinus,0.011,0.024,-1,Echolocation,/mnt/ubna_data_02_mir/recover-20221013/UBNA_001/20221012_030000.WAV,Telephone Field,recover-20221013,001,1795
712.6355,712.6514999999999,22031,26139,Nyctalus leisleri,0.016,0.027,-1,Echolocation,/mnt/ubna_data_02_mir/recover-20221013/UBNA_001/20221012_030000.WAV,Telephone Field,recover-20221013,001,1795
712.6445,712.6786,68437,81044,Rhinolophus ferrumequinum,0.031,0.031,-1,Echolocation,/mnt/ubna_data_02_mir/recover-20221013/UBNA_001/20221012_030000.WAV,Telephone Field,recover-20221013,001,1795
712.6625,712.701,68437,82251,Rhinolophus ferrumequinum,0.028,0.028,-1,Echolocation,/mnt/ubna_data_02_mir/recover-20221013/UBNA_001/20221012_030000.WAV,Telephone Field,recover-20221013,001,1795
712.6755,712.7126,68437,82112,Rhinolophus ferrumequinum,0.021,0.022,-1,Echolocation,/mnt/ubna_data_02_mir/recover-20221013/UBNA_001/20221012_030000.WAV,Telephone Field,recover-20221013,001,1795
712.7195,712.7596,68437,82404,Rhinolophus ferrumequinum,0.03,0.03,-1,Echolocation,/mnt/ubna_data_02_mir/recover-20221013/UBNA_001/20221012_030000.WAV,Telephone Field,recover-20221013,001,1795
712.7255,712.7656,68437,82716,Rhinolophus ferrumequinum,0.034,0.034,-1,Echolocation,/mnt/ubna_data_02_mir/recover-20221013/UBNA_001/20221012_030000.WAV,Telephone Field,recover-20221013,001,1795
712.7575,712.7954,68437,82538,Rhinolophus ferrumequinum,0.023,0.023,-1,Echolocation,/mnt/ubna_data_02_mir/recover-20221013/UBNA_001/20221012_030000.WAV,Telephone Field,recover-20221013,001,1795
712.7805,712.7912,28906,36102,Eptesicus serotinus,0.009,0.021,-1,Echolocation,/mnt/ubna_data_02_mir/recover-20221013/UBNA_001/20221012_030000.WAV,Telephone Field,recover-20221013,001,1795
712.8105,712.848,68437,82384,Rhinolophus ferrumequinum,0.022,0.022,-1,Echolocation,/mnt/ubna_data_02_mir/recover-20221013/UBNA_001/20221012_030000.WAV,Telephone Field,recover-20221013,001,1795
712.8265,712.8337,27187,39006,Eptesicus serotinus,0.009,0.026,-1,Echolocation,/mnt/ubna_data_02_mir/recover-20221013/UBNA_001/20221012_030000.WAV,Telephone Field,recover-20221013,001,1795
712.8395,712.8804,68437,82334,Rhinolophus ferrumequinum,0.027,0.027,-1,Echolocation,/mnt/ubna_data_02_mir/recover-20221013/UBNA_001/20221012_030000.WAV,Telephone Field,recover-20221013,001,1795
712.8675,712.8766,27187,36267,Eptesicus serotinus,0.008,0.022,-1,Echolocation,/mnt/ubna_data_02_mir/recover-20221013/UBNA_001/20221012_030000.WAV,Telephone Field,recover-20221013,001,1795
712.8915,712.9303,68437,81981,Rhinolophus ferrumequinum,0.023,0.023,-1,Echolocation,/mnt/ubna_data_02_mir/recover-20221013/UBNA_001/20221012_030000.WAV,Telephone Field,recover-20221013,001,1795
712.9315,712.9403,28906,37103,Eptesicus serotinus,0.007,0.02,-1,Echolocation,/mnt/ubna_data_02_mir/recover-20221013/UBNA_001/20221012_030000.WAV,Telephone Field,recover-20221013,001,1795
712.9615,712.9981,68437,81199,Rhinolophus ferrumequinum,0.022,0.022,-1,Echolocation,/mnt/ubna_data_02_mir/recover-20221013/UBNA_001/20221012_030000.WAV,Telephone Field,recover-20221013,001,1795
712.9895,713.0285,68437,82082,Rhinolophus ferrumequinum,0.022,0.022,-1,Echolocation,/mnt/ubna_data_02_mir/recover-20221013/UBNA_001/20221012_030000.WAV,Telephone Field,recover-20221013,001,1795
713.0255,713.063,68437,81820,Rhinolophus ferrumequinum,0.021,0.021,-1,Echolocation,/mnt/ubna_data_02_mir/recover-20221013/UBNA_001/20221012_030000.WAV,Telephone Field,recover-20221013,001,1795
713.0475,713.056,25468,34349,Eptesicus serotinus,0.007,0.02,-1,Echolocation,/mnt/ubna_data_02_mir/recover-20221013/UBNA_001/20221012_030000.WAV,Telephone Field,recover-20221013,001,1795
713.0495,713.0863,68437,81466,Rhinolophus ferrumequinum,0.02,0.02,-1,Echolocation,/mnt/ubna_data_02_mir/recover-20221013/UBNA_001/20221012_030000.WAV,Telephone Field,recover-20221013,001,1795
713.0735,713.114,68437,82585,Rhinolophus ferrumequinum,0.021,0.021,-1,Echolocation,/mnt/ubna_data_02_mir/recover-20221013/UBNA_001/20221012_030000.WAV,Telephone Field,recover-20221013,001,1795
713.0885,713.098,22890,28707,Nyctalus leisleri,0.008,0.021,-1,Echolocation,/mnt/ubna_data_02_mir/recover-20221013/UBNA_001/20221012_030000.WAV,Telephone Field,recover-20221013,001,1795
713.0985000000001,713.1371,68437,82388,Rhinolophus ferrumequinum,0.024,0.024,-1,Echolocation,/mnt/ubna_data_02_mir/recover-20221013/UBNA_001/20221012_030000.WAV,Telephone Field,recover-20221013,001,1795
713.1015,713.1095,24609,33081,Plecotus austriacus,0.008,0.024,-1,Echolocation,/mnt/ubna_data_02_mir/recover-20221013/UBNA_001/20221012_030000.WAV,Telephone Field,recover-20221013,001,1795
713.1135,713.152,68437,82351,Rhinolophus ferrumequinum,0.022,0.022,-1,Echolocation,/mnt/ubna_data_02_mir/recover-20221013/UBNA_001/20221012_030000.WAV,Telephone Field,recover-20221013,001,1795
713.1305,713.1397,25468,32988,Eptesicus serotinus,0.008,0.022,-1,Echolocation,/mnt/ubna_data_02_mir/recover-20221013/UBNA_001/20221012_030000.WAV,Telephone Field,recover-20221013,001,1795
713.1325,713.1674,68437,80936,Rhinolophus ferrumequinum,0.027,0.027,-1,Echolocation,/mnt/ubna_data_02_mir/recover-20221013/UBNA_001/20221012_030000.WAV,Telephone Field,recover-20221013,001,1795
713.1635,713.2059,68437,83139,Rhinolophus ferrumequinum,0.039,0.039,-1,Echolocation,/mnt/ubna_data_02_mir/recover-20221013/UBNA_001/20221012_030000.WAV,Telephone Field,recover-20221013,001,1795
713.1805,713.1911,22890,27751,Nyctalus leisleri,0.011,0.021,-1,Echolocation,/mnt/ubna_data_02_mir/recover-20221013/UBNA_001/20221012_030000.WAV,Telephone Field,recover-20221013,001,1795
713.2455,713.285,68437,82489,Rhinolophus ferrumequinum,0.026,0.026,-1,Echolocation,/mnt/ubna_data_02_mir/recover-20221013/UBNA_001/20221012_030000.WAV,Telephone Field,recover-20221013,001,1795
713.2575,713.2676,26328,35467,Eptesicus serotinus,0.01,0.024,-1,Echolocation,/mnt/ubna_data_02_mir/recover-20221013/UBNA_001/20221012_030000.WAV,Telephone Field,recover-20221013,001,1795
713.2725,713.3115,68437,82234,Rhinolophus ferrumequinum,0.02,0.02,-1,Echolocation,/mnt/ubna_data_02_mir/recover-20221013/UBNA_001/20221012_030000.WAV,Telephone Field,recover-20221013,001,1795
713.2895,713.3263,68437,81363,Rhinolophus ferrumequinum,0.022,0.022,-1,Echolocation,/mnt/ubna_data_02_mir/recover-20221013/UBNA_001/20221012_030000.WAV,Telephone Field,recover-20221013,001,1795
713.3215,713.3592,68437,81789,Rhinolophus ferrumequinum,0.021,0.021,-1,Echolocation,/mnt/ubna_data_02_mir/recover-20221013/UBNA_001/20221012_030000.WAV,Telephone Field,recover-20221013,001,1795
713.3295,713.3689,68437,81772,Rhinolophus ferrumequinum,0.02,0.02,-1,Echolocation,/mnt/ubna_data_02_mir/recover-20221013/UBNA_001/20221012_030000.WAV,Telephone Field,recover-20221013,001,1795
713.3345,713.3429,28046,39817,Eptesicus serotinus,0.009,0.024,-1,Echolocation,/mnt/ubna_data_02_mir/recover-20221013/UBNA_001/20221012_030000.WAV,Telephone Field,recover-20221013,001,1795
713.3575,713.368,22031,27318,Nyctalus leisleri,0.011,0.024,-1,Echolocation,/mnt/ubna_data_02_mir/recover-20221013/UBNA_001/20221012_030000.WAV,Telephone Field,recover-20221013,001,1795
713.3585,713.3977,68437,81672,Rhinolophus ferrumequinum,0.027,0.027,-1,Echolocation,/mnt/ubna_data_02_mir/recover-20221013/UBNA_001/20221012_030000.WAV,Telephone Field,recover-20221013,001,1795
713.4295,713.4687,68437,81877,Rhinolophus ferrumequinum,0.021,0.021,-1,Echolocation,/mnt/ubna_data_02_mir/recover-20221013/UBNA_001/20221012_030000.WAV,Telephone Field,recover-20221013,001,1795
713.4365,713.4457,23750,31647,Plecotus austriacus,0.007,0.021,-1,Echolocation,/mnt/ubna_data_02_mir/recover-20221013/UBNA_001/20221012_030000.WAV,Telephone Field,recover-20221013,001,1795
713.4855,713.5257,68437,82822,Rhinolophus ferrumequinum,0.027,0.027,-1,Echolocation,/mnt/ubna_data_02_mir/recover-20221013/UBNA_001/20221012_030000.WAV,Telephone Field,recover-20221013,001,1795
713.5005,713.5097,25468,33141,Eptesicus serotinus,0.009,0.025,-1,Echolocation,/mnt/ubna_data_02_mir/recover-20221013/UBNA_001/20221012_030000.WAV,Telephone Field,recover-20221013,001,1795
713.5645,713.6017,68437,81889,Rhinolophus ferrumequinum,0.021,0.021,-1,Echolocation,/mnt/ubna_data_02_mir/recover-20221013/UBNA_001/20221012_030000.WAV,Telephone Field,recover-20221013,001,1795
713.5645,713.5727,24609,32850,Plecotus austriacus,0.006,0.022,-1,Echolocation,/mnt/ubna_data_02_mir/recover-20221013/UBNA_001/20221012_030000.WAV,Telephone Field,recover-20221013,001,1795
713.5935,713.6036,26328,33792,Eptesicus serotinus,0.012,0.024,-1,Echolocation,/mnt/ubna_data_02_mir/recover-20221013/UBNA_001/20221012_030000.WAV,Telephone Field,recover-20221013,001,1795
713.6275,713.6432,22890,26699,Nyctalus leisleri,0.018,0.03,-1,Echolocation,/mnt/ubna_data_02_mir/recover-20221013/UBNA_001/20221012_030000.WAV,Telephone Field,recover-20221013,001,1795
713.6295,713.6684,68437,82229,Rhinolophus ferrumequinum,0.022,0.022,-1,Echolocation,/mnt/ubna_data_02_mir/recover-20221013/UBNA_001/20221012_030000.WAV,Telephone Field,recover-20221013,001,1795
713.6445,713.683,68437,82828,Rhinolophus ferrumequinum,0.021,0.021,-1,Echolocation,/mnt/ubna_data_02_mir/recover-20221013/UBNA_001/20221012_030000.WAV,Telephone Field,recover-20221013,001,1795
713.6795,713.7189,68437,82167,Rhinolophus ferrumequinum,0.021,0.021,-1,Echolocation,/mnt/ubna_data_02_mir/recover-20221013/UBNA_001/20221012_030000.WAV,Telephone Field,recover-20221013,001,1795
713.6915,713.6987,27187,39006,Eptesicus serotinus,0.007,0.026,-1,Echolocation,/mnt/ubna_data_02_mir/recover-20221013/UBNA_001/20221012_030000.WAV,Telephone Field,recover-20221013,001,1795
713.6985,713.7346,68437,81624,Rhinolophus ferrumequinum,0.021,0.021,-1,Echolocation,/mnt/ubna_data_02_mir/recover-20221013/UBNA_001/20221012_030000.WAV,Telephone Field,recover-20221013,001,1795
713.7055,713.7448,68437,82295,Rhinolophus ferrumequinum,0.021,0.021,-1,Echolocation,/mnt/ubna_data_02_mir/recover-20221013/UBNA_001/20221012_030000.WAV,Telephone Field,recover-20221013,001,1795
713.7315,713.7687,68437,82143,Rhinolophus ferrumequinum,0.024,0.024,-1,Echolocation,/mnt/ubna_data_02_mir/recover-20221013/UBNA_001/20221012_030000.WAV,Telephone Field,recover-20221013,001,1795
713.7635,713.8045,68437,82749,Rhinolophus ferrumequinum,0.022,0.022,-1,Echolocation,/mnt/ubna_data_02_mir/recover-20221013/UBNA_001/20221012_030000.WAV,Telephone Field,recover-20221013,001,1795
713.7785,713.819,68437,82848,Rhinolophus ferrumequinum,0.027,0.027,-1,Echolocation,/mnt/ubna_data_02_mir/recover-20221013/UBNA_001/20221012_030000.WAV,Telephone Field,recover-20221013,001,1795
713.7885,713.8282,68437,82143,Rhinolophus ferrumequinum,0.024,0.024,-1,Echolocation,/mnt/ubna_data_02_mir/recover-20221013/UBNA_001/20221012_030000.WAV,Telephone Field,recover-20221013,001,1795
713.7955,713.8025,28046,40405,Eptesicus serotinus,0.007,0.023,-1,Echolocation,/mnt/ubna_data_02_mir/recover-20221013/UBNA_001/20221012_030000.WAV,Telephone Field,recover-20221013,001,1795
713.8235,713.8641,68437,82378,Rhinolophus ferrumequinum,0.026,0.026,-1,Echolocation,/mnt/ubna_data_02_mir/recover-20221013/UBNA_001/20221012_030000.WAV,Telephone Field,recover-20221013,001,1795
713.8455,713.8824,68437,81394,Rhinolophus ferrumequinum,0.022,0.022,-1,Echolocation,/mnt/ubna_data_02_mir/recover-20221013/UBNA_001/20221012_030000.WAV,Telephone Field,recover-20221013,001,1795
713.8575,713.8934,68437,81722,Rhinolophus ferrumequinum,0.02,0.021,-1,Echolocation,/mnt/ubna_data_02_mir/recover-20221013/UBNA_001/20221012_030000.WAV,Telephone Field,recover-20221013,001,1795
713.8725,713.8854,22031,25725,Nyctalus leisleri,0.012,0.02,-1,Echolocation,/mnt/ubna_data_02_mir/recover-20221013/UBNA_001/20221012_030000.WAV,Telephone Field,recover-20221013,001,1795
713.8795,713.9152,68437,82479,Rhinolophus ferrumequinum,0.021,0.021,-1,Echolocation,/mnt/ubna_data_02_mir/recover-20221013/UBNA_001/20221012_030000.WAV,Telephone Field,recover-20221013,001,1795
713.8975,713.9087,28906,36213,Eptesicus serotinus,0.016,0.031,-1,Echolocation,/mnt/ubna_data_02_mir/recover-20221013/UBNA_001/20221012_030000.WAV,Telephone Field,recover-20221013,001,1795
713.9455,713.9835,68437,81915,Rhinolophus ferrumequinum,0.023,0.023,-1,Echolocation,/mnt/ubna_data_02_mir/recover-20221013/UBNA_001/20221012_030000.WAV,Telephone Field,recover-20221013,001,1795
713.9675,713.9778,22031,27472,Nyctalus leisleri,0.009,0.024,-1,Echolocation,/mnt/ubna_data_02_mir/recover-20221013/UBNA_001/20221012_030000.WAV,Telephone Field,recover-20221013,001,1795
714.0015,714.0364,68437,80988,Rhinolophus ferrumequinum,0.068,0.068,-1,Echolocation,/mnt/ubna_data_02_mir/recover-20221013/UBNA_001/20221012_030000.WAV,Telephone Field,recover-20221013,001,1795
714.0015,714.0114,25468,33700,Nyctalus leisleri,0.01,0.027,-1,Echolocation,/mnt/ubna_data_02_mir/recover-20221013/UBNA_001/20221012_030000.WAV,Telephone Field,recover-20221013,001,1795
714.0085,714.0542,68437,83261,Rhinolophus ferrumequinum,0.033,0.033,-1,Echolocation,/mnt/ubna_data_02_mir/recover-20221013/UBNA_001/20221012_030000.WAV,Telephone Field,recover-20221013,001,1795
714.0535,714.0904,68437,81129,Rhinolophus ferrumequinum,0.026,0.026,-1,Echolocation,/mnt/ubna_data_02_mir/recover-20221013/UBNA_001/20221012_030000.WAV,Telephone Field,recover-20221013,001,1795
714.1415,714.1516,28906,36387,Eptesicus serotinus,0.008,0.023,-1,Echolocation,/mnt/ubna_data_02_mir/recover-20221013/UBNA_001/20221012_030000.WAV,Telephone Field,recover-20221013,001,1795
714.1605,714.1724,26328,33179,Eptesicus serotinus,0.011,0.023,-1,Echolocation,/mnt/ubna_data_02_mir/recover-20221013/UBNA_001/20221012_030000.WAV,Telephone Field,recover-20221013,001,1795
714.1735,714.2106,68437,81708,Rhinolophus ferrumequinum,0.021,0.021,-1,Echolocation,/mnt/ubna_data_02_mir/recover-20221013/UBNA_001/20221012_030000.WAV,Telephone Field,recover-20221013,001,1795
714.1835,714.2238,68437,82395,Rhinolophus ferrumequinum,0.03,0.03,-1,Echolocation,/mnt/ubna_data_02_mir/recover-20221013/UBNA_001/20221012_030000.WAV,Telephone Field,recover-20221013,001,1795
714.1995,714.2082,24609,32057,Nyctalus leisleri,0.006,0.022,-1,Echolocation,/mnt/ubna_data_02_mir/recover-20221013/UBNA_001/20221012_030000.WAV,Telephone Field,recover-20221013,001,1795
714.2095,714.2497,68437,82782,Rhinolophus ferrumequinum,0.023,0.023,-1,Echolocation,/mnt/ubna_data_02_mir/recover-20221013/UBNA_001/20221012_030000.WAV,Telephone Field,recover-20221013,001,1795
714.2315,714.2393,51250,55516,Pipistrellus pipistrellus,0.02,0.024,-1,Echolocation,/mnt/ubna_data_02_mir/recover-20221013/UBNA_001/20221012_030000.WAV,Telephone Field,recover-20221013,001,1795
714.2325,714.2399,24609,38840,Myotis nattereri,0.007,0.022,-1,Echolocation,/mnt/ubna_data_02_mir/recover-20221013/UBNA_001/20221012_030000.WAV,Telephone Field,recover-20221013,001,1795
714.2395,714.2477,50390,56864,Pipistrellus pipistrellus,0.02,0.024,-1,Echolocation,/mnt/ubna_data_02_mir/recover-20221013/UBNA_001/20221012_030000.WAV,Telephone Field,recover-20221013,001,1795
714.2405,714.2855,68437,83585,Rhinolophus ferrumequinum,0.042,0.042,-1,Echolocation,/mnt/ubna_data_02_mir/recover-20221013/UBNA_001/20221012_030000.WAV,Telephone Field,recover-20221013,001,1795
714.2785,714.2879,28906,35322,Eptesicus serotinus,0.008,0.022,-1,Echolocation,/mnt/ubna_data_02_mir/recover-20221013/UBNA_001/20221012_030000.WAV,Telephone Field,recover-20221013,001,1795
714.2925,714.3009,46953,54225,Pipistrellus pipistrellus,0.057,0.06,-1,Echolocation,/mnt/ubna_data_02_mir/recover-20221013/UBNA_001/20221012_030000.WAV,Telephone Field,recover-20221013,001,1795
714.3055,714.3152,27187,35442,Eptesicus serotinus,0.011,0.023,-1,Echolocation,/mnt/ubna_data_02_mir/recover-20221013/UBNA_001/20221012_030000.WAV,Telephone Field,recover-20221013,001,1795
714.3105,714.3436,68437,80237,Rhinolophus ferrumequinum,0.03,0.03,-1,Echolocation,/mnt/ubna_data_02_mir/recover-20221013/UBNA_001/20221012_030000.WAV,Telephone Field,recover-20221013,001,1795
714.3815,714.4212,68437,82037,Rhinolophus ferrumequinum,0.023,0.023,-1,Echolocation,/mnt/ubna_data_02_mir/recover-20221013/UBNA_001/20221012_030000.WAV,Telephone Field,recover-20221013,001,1795
714.3885,714.43,68437,82483,Rhinolophus ferrumequinum,0.021,0.021,-1,Echolocation,/mnt/ubna_data_02_mir/recover-20221013/UBNA_001/20221012_030000.WAV,Telephone Field,recover-20221013,001,1795
714.4325,714.4692,68437,81906,Rhinolophus ferrumequinum,0.021,0.021,-1,Echolocation,/mnt/ubna_data_02_mir/recover-20221013/UBNA_001/20221012_030000.WAV,Telephone Field,recover-20221013,001,1795
714.4415,714.4514,22031,27706,Nyctalus leisleri,0.01,0.029,-1,Echolocation,/mnt/ubna_data_02_mir/recover-20221013/UBNA_001/20221012_030000.WAV,Telephone Field,recover-20221013,001,1795
714.4835,714.5234,68437,82345,Rhinolophus ferrumequinum,0.023,0.023,-1,Echolocation,/mnt/ubna_data_02_mir/recover-20221013/UBNA_001/20221012_030000.WAV,Telephone Field,recover-20221013,001,1795
714.5005,714.5142,24609,29743,Nyctalus leisleri,0.024,0.054,-1,Echolocation,/mnt/ubna_data_02_mir/recover-20221013/UBNA_001/20221012_030000.WAV,Telephone Field,recover-20221013,001,1795
714.5165,714.5256,28046,38491,Eptesicus serotinus,0.008,0.021,-1,Echolocation,/mnt/ubna_data_02_mir/recover-20221013/UBNA_001/20221012_030000.WAV,Telephone Field,recover-20221013,001,1795
714.5275,714.564,68437,82045,Rhinolophus ferrumequinum,0.022,0.022,-1,Echolocation,/mnt/ubna_data_02_mir/recover-20221013/UBNA_001/20221012_030000.WAV,Telephone Field,recover-20221013,001,1795
714.5435,714.5854,68437,82795,Rhinolophus ferrumequinum,0.025,0.025,-1,Echolocation,/mnt/ubna_data_02_mir/recover-20221013/UBNA_001/20221012_030000.WAV,Telephone Field,recover-20221013,001,1795
714.5675,714.575,23750,32027,Plecotus austriacus,0.009,0.023,-1,Echolocation,/mnt/ubna_data_02_mir/recover-20221013/UBNA_001/20221012_030000.WAV,Telephone Field,recover-20221013,001,1795
714.5795,714.6179,68437,82595,Rhinolophus ferrumequinum,0.03,0.03,-1,Echolocation,/mnt/ubna_data_02_mir/recover-20221013/UBNA_001/20221012_030000.WAV,Telephone Field,recover-20221013,001,1795
714.6025,714.6414,68437,81455,Rhinolophus ferrumequinum,0.025,0.025,-1,Echolocation,/mnt/ubna_data_02_mir/recover-20221013/UBNA_001/20221012_030000.WAV,Telephone Field,recover-20221013,001,1795
714.6075,714.6479,68437,82689,Rhinolophus ferrumequinum,0.025,0.025,-1,Echolocation,/mnt/ubna_data_02_mir/recover-20221013/UBNA_001/20221012_030000.WAV,Telephone Field,recover-20221013,001,1795
714.6295,714.6659,68437,81849,Rhinolophus ferrumequinum,0.021,0.021,-1,Echolocation,/mnt/ubna_data_02_mir/recover-20221013/UBNA_001/20221012_030000.WAV,Telephone Field,recover-20221013,001,1795
714.6575,714.6652,42656,46394,Pipistrellus pipistrellus,0.018,0.021,-1,Echolocation,/mnt/ubna_data_02_mir/recover-20221013/UBNA_001/20221012_030000.WAV,Telephone Field,recover-20221013,001,1795
714.6605,714.6967,68437,81389,Rhinolophus ferrumequinum,0.021,0.021,-1,Echolocation,/mnt/ubna_data_02_mir/recover-20221013/UBNA_001/20221012_030000.WAV,Telephone Field,recover-20221013,001,1795
714.6895,714.7279,68437,81544,Rhinolophus ferrumequinum,0.021,0.021,-1,Echolocation,/mnt/ubna_data_02_mir/recover-20221013/UBNA_001/20221012_030000.WAV,Telephone Field,recover-20221013,001,1795
714.7005,714.7102,28046,36549,Eptesicus serotinus,0.009,0.023,-1,Echolocation,/mnt/ubna_data_02_mir/recover-20221013/UBNA_001/20221012_030000.WAV,Telephone Field,recover-20221013,001,1795
714.7525,714.7886,68437,81379,Rhinolophus ferrumequinum,0.022,0.022,-1,Echolocation,/mnt/ubna_data_02_mir/recover-20221013/UBNA_001/20221012_030000.WAV,Telephone Field,recover-20221013,001,1795
714.7715,714.8105,68437,82281,Rhinolophus ferrumequinum,0.026,0.026,-1,Echolocation,/mnt/ubna_data_02_mir/recover-20221013/UBNA_001/20221012_030000.WAV,Telephone Field,recover-20221013,001,1795
714.7795,714.7897,49531,54284,Pipistrellus pipistrellus,0.021,0.028,-1,Echolocation,/mnt/ubna_data_02_mir/recover-20221013/UBNA_001/20221012_030000.WAV,Telephone Field,recover-20221013,001,1795
714.7955,714.8046,14296,21553,Nyctalus noctula,0.009,0.023,-1,Echolocation,/mnt/ubna_data_02_mir/recover-20221013/UBNA_001/20221012_030000.WAV,Telephone Field,recover-20221013,001,1795
714.8055,714.8452,68437,81991,Rhinolophus ferrumequinum,0.021,0.021,-1,Echolocation,/mnt/ubna_data_02_mir/recover-20221013/UBNA_001/20221012_030000.WAV,Telephone Field,recover-20221013,001,1795
714.8235,714.8332,23750,30530,Nyctalus leisleri,0.008,0.022,-1,Echolocation,/mnt/ubna_data_02_mir/recover-20221013/UBNA_001/20221012_030000.WAV,Telephone Field,recover-20221013,001,1795
714.8235,714.8349,44375,47250,Pipistrellus pipistrellus,0.023,0.028,-1,Echolocation,/mnt/ubna_data_02_mir/recover-20221013/UBNA_001/20221012_030000.WAV,Telephone Field,recover-20221013,001,1795
714.8555,714.8945,68437,82162,Rhinolophus ferrumequinum,0.022,0.022,-1,Echolocation,/mnt/ubna_data_02_mir/recover-20221013/UBNA_001/20221012_030000.WAV,Telephone Field,recover-20221013,001,1795
714.9045,714.9449,68437,82723,Rhinolophus ferrumequinum,0.039,0.039,-1,Echolocation,/mnt/ubna_data_02_mir/recover-20221013/UBNA_001/20221012_030000.WAV,Telephone Field,recover-20221013,001,1795
714.9645,715.0035,68437,82472,Rhinolophus ferrumequinum,0.022,0.022,-1,Echolocation,/mnt/ubna_data_02_mir/recover-20221013/UBNA_001/20221012_030000.WAV,Telephone Field,recover-20221013,001,1795
714.9865,715.0031,20312,22971,Nyctalus leisleri,0.016,0.026,-1,Echolocation,/mnt/ubna_data_02_mir/recover-20221013/UBNA_001/20221012_030000.WAV,Telephone Field,recover-20221013,001,1795
714.9995,715.0375,68437,82102,Rhinolophus ferrumequinum,0.023,0.023,-1,Echolocation,/mnt/ubna_data_02_mir/recover-20221013/UBNA_001/20221012_030000.WAV,Telephone Field,recover-20221013,001,1795
714.9995,715.0081,27187,36953,Eptesicus serotinus,0.007,0.022,-1,Echolocation,/mnt/ubna_data_02_mir/recover-20221013/UBNA_001/20221012_030000.WAV,Telephone Field,recover-20221013,001,1795
715.0135,715.0561,68437,83811,Rhinolophus ferrumequinum,0.028,0.028,-1,Echolocation,/mnt/ubna_data_02_mir/recover-20221013/UBNA_001/20221012_030000.WAV,Telephone Field,recover-20221013,001,1795
715.0465,715.0849,68437,82257,Rhinolophus ferrumequinum,0.022,0.022,-1,Echolocation,/mnt/ubna_data_02_mir/recover-20221013/UBNA_001/20221012_030000.WAV,Telephone Field,recover-20221013,001,1795
715.0475,715.0547,28046,37559,Eptesicus serotinus,0.005,0.021,-1,Echolocation,/mnt/ubna_data_02_mir/recover-20221013/UBNA_001/20221012_030000.WAV,Telephone Field,recover-20221013,001,1795
715.0815,715.1185,68437,81837,Rhinolophus ferrumequinum,0.022,0.022,-1,Echolocation,/mnt/ubna_data_02_mir/recover-20221013/UBNA_001/20221012_030000.WAV,Telephone Field,recover-20221013,001,1795
715.0875,715.0945,32343,43133,Myotis daubentonii,0.009,0.021,-1,Echolocation,/mnt/ubna_data_02_mir/recover-20221013/UBNA_001/20221012_030000.WAV,Telephone Field,recover-20221013,001,1795
715.0885,715.095,28046,39684,Eptesicus serotinus,0.006,0.024,-1,Echolocation,/mnt/ubna_data_02_mir/recover-20221013/UBNA_001/20221012_030000.WAV,Telephone Field,recover-20221013,001,1795
715.1055,715.1173,22031,26099,Nyctalus leisleri,0.012,0.023,-1,Echolocation,/mnt/ubna_data_02_mir/recover-20221013/UBNA_001/20221012_030000.WAV,Telephone Field,recover-20221013,001,1795
715.1545,715.1914,68437,81750,Rhinolophus ferrumequinum,0.022,0.022,-1,Echolocation,/mnt/ubna_data_02_mir/recover-20221013/UBNA_001/20221012_030000.WAV,Telephone Field,recover-20221013,001,1795
715.1795,715.2184,68437,82224,Rhinolophus ferrumequinum,0.028,0.028,-1,Echolocation,/mnt/ubna_data_02_mir/recover-20221013/UBNA_001/20221012_030000.WAV,Telephone Field,recover-20221013,001,1795
715.1805,715.1888,28046,40563,Eptesicus serotinus,0.008,0.023,-1,Echolocation,/mnt/ubna_data_02_mir/recover-20221013/UBNA_001/20221012_030000.WAV,Telephone Field,recover-20221013,001,1795
715.2035,715.2115,27187,37934,Eptesicus serotinus,0.006,0.021,-1,Echolocation,/mnt/ubna_data_02_mir/recover-20221013/UBNA_001/20221012_030000.WAV,Telephone Field,recover-20221013,001,1795
715.2345,715.2439,28906,38756,Eptesicus serotinus,0.008,0.022,-1,Echolocation,/mnt/ubna_data_02_mir/recover-20221013/UBNA_001/20221012_030000.WAV,Telephone Field,recover-20221013,001,1795
715.2665,715.3043,68437,81955,Rhinolophus ferrumequinum,0.024,0.024,-1,Echolocation,/mnt/ubna_data_02_mir/recover-20221013/UBNA_001/20221012_030000.WAV,Telephone Field,recover-20221013,001,1795
715.2695,715.2783,47812,54627,Pipistrellus pipistrellus,0.029,0.032,-1,Echolocation,/mnt/ubna_data_02_mir/recover-20221013/UBNA_001/20221012_030000.WAV,Telephone Field,recover-20221013,001,1795
715.2785,715.2907,22031,26552,Nyctalus leisleri,0.012,0.024,-1,Echolocation,/mnt/ubna_data_02_mir/recover-20221013/UBNA_001/20221012_030000.WAV,Telephone Field,recover-20221013,001,1795
715.2805,715.3174,68437,81729,Rhinolophus ferrumequinum,0.021,0.021,-1,Echolocation,/mnt/ubna_data_02_mir/recover-20221013/UBNA_001/20221012_030000.WAV,Telephone Field,recover-20221013,001,1795
715.2985,715.3087,28906,36759,Eptesicus serotinus,0.01,0.023,-1,Echolocation,/mnt/ubna_data_02_mir/recover-20221013/UBNA_001/20221012_030000.WAV,Telephone Field,recover-20221013,001,1795
715.3115,715.3191,27187,39127,Eptesicus serotinus,0.007,0.021,-1,Echolocation,/mnt/ubna_data_02_mir/recover-20221013/UBNA_001/20221012_030000.WAV,Telephone Field,recover-20221013,001,1795
715.3825,715.3917,24609,32351,Eptesicus serotinus,0.008,0.026,-1,Echolocation,/mnt/ubna_data_02_mir/recover-20221013/UBNA_001/20221012_030000.WAV,Telephone Field,recover-20221013,001,1795
715.4065,715.4478,68437,82217,Rhinolophus ferrumequinum,0.024,0.024,-1,Echolocation,/mnt/ubna_data_02_mir/recover-20221013/UBNA_001/20221012_030000.WAV,Telephone Field,recover-20221013,001,1795
715.4135,715.4544,68437,82855,Rhinolophus ferrumequinum,0.023,0.024,-1,Echolocation,/mnt/ubna_data_02_mir/recover-20221013/UBNA_001/20221012_030000.WAV,Telephone Field,recover-20221013,001,1795
715.4595,715.4687,14296,22093,Nyctalus noctula,0.011,0.022,-1,Echolocation,/mnt/ubna_data_02_mir/recover-20221013/UBNA_001/20221012_030000.WAV,Telephone Field,recover-20221013,001,1795
715.4835,715.492,28046,36397,Eptesicus serotinus,0.007,0.021,-1,Echolocation,/mnt/ubna_data_02_mir/recover-20221013/UBNA_001/20221012_030000.WAV,Telephone Field,recover-20221013,001,1795
715.5005,715.5095,26328,34251,Eptesicus serotinus,0.009,0.025,-1,Echolocation,/mnt/ubna_data_02_mir/recover-20221013/UBNA_001/20221012_030000.WAV,Telephone Field,recover-20221013,001,1795
715.5115,715.551,68437,81913,Rhinolophus ferrumequinum,0.026,0.026,-1,Echolocation,/mnt/ubna_data_02_mir/recover-20221013/UBNA_001/20221012_030000.WAV,Telephone Field,recover-20221013,001,1795
715.5155,715.522,42656,51273,Pipistrellus pipistrellus,0.018,0.023,-1,Echolocation,/mnt/ubna_data_02_mir/recover-20221013/UBNA_001/20221012_030000.WAV,Telephone Field,recover-20221013,001,1795
715.5235,715.559,68437,82091,Rhinolophus ferrumequinum,0.025,0.025,-1,Echolocation,/mnt/ubna_data_02_mir/recover-20221013/UBNA_001/20221012_030000.WAV,Telephone Field,recover-20221013,001,1795
715.5285,715.5371,27187,38433,Eptesicus serotinus,0.009,0.024,-1,Echolocation,/mnt/ubna_data_02_mir/recover-20221013/UBNA_001/20221012_030000.WAV,Telephone Field,recover-20221013,001,1795
715.5885,715.6264,68437,81750,Rhinolophus ferrumequinum,0.022,0.022,-1,Echolocation,/mnt/ubna_data_02_mir/recover-20221013/UBNA_001/20221012_030000.WAV,Telephone Field,recover-20221013,001,1795
715.5955,715.6035,28046,39960,Eptesicus serotinus,0.01,0.027,-1,Echolocation,/mnt/ubna_data_02_mir/recover-20221013/UBNA_001/20221012_030000.WAV,Telephone Field,recover-20221013,001,1795
715.6135,715.6533,68437,82645,Rhinolophus ferrumequinum,0.022,0.022,-1,Echolocation,/mnt/ubna_data_02_mir/recover-20221013/UBNA_001/20221012_030000.WAV,Telephone Field,recover-20221013,001,1795
715.6585,715.6984,68437,82740,Rhinolophus ferrumequinum,0.022,0.022,-1,Echolocation,/mnt/ubna_data_02_mir/recover-20221013/UBNA_001/20221012_030000.WAV,Telephone Field,recover-20221013,001,1795
715.7095,715.7497,68437,82900,Rhinolophus ferrumequinum,0.021,0.021,-1,Echolocation,/mnt/ubna_data_02_mir/recover-20221013/UBNA_001/20221012_030000.WAV,Telephone Field,recover-20221013,001,1795
715.7245,715.7351,22031,27280,Nyctalus leisleri,0.009,0.021,-1,Echolocation,/mnt/ubna_data_02_mir/recover-20221013/UBNA_001/20221012_030000.WAV,Telephone Field,recover-20221013,001,1795
715.7335,715.7697000000001,68437,82185,Rhinolophus ferrumequinum,0.026,0.026,-1,Echolocation,/mnt/ubna_data_02_mir/recover-20221013/UBNA_001/20221012_030000.WAV,Telephone Field,recover-20221013,001,1795
715.7725,715.813,68437,82195,Rhinolophus ferrumequinum,0.026,0.026,-1,Echolocation,/mnt/ubna_data_02_mir/recover-20221013/UBNA_001/20221012_030000.WAV,Telephone Field,recover-20221013,001,1795
715.7915,715.8284,68437,82265,Rhinolophus ferrumequinum,0.022,0.022,-1,Echolocation,/mnt/ubna_data_02_mir/recover-20221013/UBNA_001/20221012_030000.WAV,Telephone Field,recover-20221013,001,1795
715.8155,715.8564,68437,82838,Rhinolophus ferrumequinum,0.024,0.024,-1,Echolocation,/mnt/ubna_data_02_mir/recover-20221013/UBNA_001/20221012_030000.WAV,Telephone Field,recover-20221013,001,1795
715.8235,715.8319,50390,55375,Pipistrellus pipistrellus,0.02,0.024,-1,Echolocation,/mnt/ubna_data_02_mir/recover-20221013/UBNA_001/20221012_030000.WAV,Telephone Field,recover-20221013,001,1795
715.8465,715.8848,68437,82021,Rhinolophus ferrumequinum,0.021,0.021,-1,Echolocation,/mnt/ubna_data_02_mir/recover-20221013/UBNA_001/20221012_030000.WAV,Telephone Field,recover-20221013,001,1795
715.8555,715.8937,68437,81695,Rhinolophus ferrumequinum,0.022,0.022,-1,Echolocation,/mnt/ubna_data_02_mir/recover-20221013/UBNA_001/20221012_030000.WAV,Telephone Field,recover-20221013,001,1795
715.9025,715.943,68437,82463,Rhinolophus ferrumequinum,0.028,0.028,-1,Echolocation,/mnt/ubna_data_02_mir/recover-20221013/UBNA_001/20221012_030000.WAV,Telephone Field,recover-20221013,001,1795
715.9095,715.9232,21171,24716,Nyctalus leisleri,0.015,0.024,-1,Echolocation,/mnt/ubna_data_02_mir/recover-20221013/UBNA_001/20221012_030000.WAV,Telephone Field,recover-20221013,001,1795
715.9205,715.9596,68437,82326,Rhinolophus ferrumequinum,0.023,0.023,-1,Echolocation,/mnt/ubna_data_02_mir/recover-20221013/UBNA_001/20221012_030000.WAV,Telephone Field,recover-20221013,001,1795
715.9285,715.9639999999999,68437,81488,Rhinolophus ferrumequinum,0.023,0.023,-1,Echolocation,/mnt/ubna_data_02_mir/recover-20221013/UBNA_001/20221012_030000.WAV,Telephone Field,recover-20221013,001,1795
715.9285,715.9386,23750,29750,Nyctalus leisleri,0.008,0.021,-1,Echolocation,/mnt/ubna_data_02_mir/recover-20221013/UBNA_001/20221012_030000.WAV,Telephone Field,recover-20221013,001,1795
715.9375,715.9468,27187,36004,Eptesicus serotinus,0.01,0.022,-1,Echolocation,/mnt/ubna_data_02_mir/recover-20221013/UBNA_001/20221012_030000.WAV,Telephone Field,recover-20221013,001,1795
716.0015,716.0197000000001,54687,60298,Pipistrellus pygmaeus,0.016,0.02,-1,Echolocation,/mnt/ubna_data_02_mir/recover-20221013/UBNA_001/20221012_030000.WAV,Telephone Field,recover-20221013,001,1795
716.0015,716.0305,68437,79508,Rhinolophus ferrumequinum,0.023,0.023,-1,Echolocation,/mnt/ubna_data_02_mir/recover-20221013/UBNA_001/20221012_030000.WAV,Telephone Field,recover-20221013,001,1795
716.0015,716.0106,26328,35476,Nyctalus leisleri,0.008,0.028,-1,Echolocation,/mnt/ubna_data_02_mir/recover-20221013/UBNA_001/20221012_030000.WAV,Telephone Field,recover-20221013,001,1795
716.0115,716.021,24609,32922,Eptesicus serotinus,0.009,0.028,-1,Echolocation,/mnt/ubna_data_02_mir/recover-20221013/UBNA_001/20221012_030000.WAV,Telephone Field,recover-20221013,001,1795
716.0385,716.0737,68437,81444,Rhinolophus ferrumequinum,0.02,0.02,-1,Echolocation,/mnt/ubna_data_02_mir/recover-20221013/UBNA_001/20221012_030000.WAV,Telephone Field,recover-20221013,001,1795
716.0495,716.0564,28046,40821,Eptesicus serotinus,0.007,0.022,-1,Echolocation,/mnt/ubna_data_02_mir/recover-20221013/UBNA_001/20221012_030000.WAV,Telephone Field,recover-20221013,001,1795
716.0655,716.0786,22890,27971,Nyctalus leisleri,0.011,0.024,-1,Echolocation,/mnt/ubna_data_02_mir/recover-20221013/UBNA_001/20221012_030000.WAV,Telephone Field,recover-20221013,001,1795
716.1765,716.1972,17734,21700,Nyctalus noctula,0.033,0.048,-1,Echolocation,/mnt/ubna_data_02_mir/recover-20221013/UBNA_001/20221012_030000.WAV,Telephone Field,recover-20221013,001,1795
716.1875,716.202,22031,25907,Nyctalus leisleri,0.015,0.027,-1,Echolocation,/mnt/ubna_data_02_mir/recover-20221013/UBNA_001/20221012_030000.WAV,Telephone Field,recover-20221013,001,1795
716.1985,716.2371,68437,82006,Rhinolophus ferrumequinum,0.02,0.021,-1,Echolocation,/mnt/ubna_data_02_mir/recover-20221013/UBNA_001/20221012_030000.WAV,Telephone Field,recover-20221013,001,1795
716.2045,716.2119,30625,41255,Myotis daubentonii,0.01,0.032,-1,Echolocation,/mnt/ubna_data_02_mir/recover-20221013/UBNA_001/20221012_030000.WAV,Telephone Field,recover-20221013,001,1795
716.2395,716.2791,68437,81880,Rhinolophus ferrumequinum,0.021,0.021,-1,Echolocation,/mnt/ubna_data_02_mir/recover-20221013/UBNA_001/20221012_030000.WAV,Telephone Field,recover-20221013,001,1795
716.2645,716.2717,24609,36486,Plecotus austriacus,0.008,0.025,-1,Echolocation,/mnt/ubna_data_02_mir/recover-20221013/UBNA_001/20221012_030000.WAV,Telephone Field,recover-20221013,001,1795
716.2995,716.3393,68437,82406,Rhinolophus ferrumequinum,0.024,0.024,-1,Echolocation,/mnt/ubna_data_02_mir/recover-20221013/UBNA_001/20221012_030000.WAV,Telephone Field,recover-20221013,001,1795
716.3395,716.3775,68437,81248,Rhinolophus ferrumequinum,0.022,0.022,-1,Echolocation,/mnt/ubna_data_02_mir/recover-20221013/UBNA_001/20221012_030000.WAV,Telephone Field,recover-20221013,001,1795
716.3565,716.3759,19453,21995,Nyctalus leisleri,0.012,0.022,-1,Echolocation,/mnt/ubna_data_02_mir/recover-20221013/UBNA_001/20221012_030000.WAV,Telephone Field,recover-20221013,001,1795
716.4245,716.4627,68437,81419,Rhinolophus ferrumequinum,0.025,0.025,-1,Echolocation,/mnt/ubna_data_02_mir/recover-20221013/UBNA_001/20221012_030000.WAV,Telephone Field,recover-20221013,001,1795
716.4325,716.4408,26328,34369,Eptesicus serotinus,0.01,0.026,-1,Echolocation,/mnt/ubna_data_02_mir/recover-20221013/UBNA_001/20221012_030000.WAV,Telephone Field,recover-20221013,001,1795
716.4795,716.4866,26328,36670,Eptesicus serotinus,0.006,0.021,-1,Echolocation,/mnt/ubna_data_02_mir/recover-20221013/UBNA_001/20221012_030000.WAV,Telephone Field,recover-20221013,001,1795
716.4895,716.5293,68437,82041,Rhinolophus ferrumequinum,0.023,0.023,-1,Echolocation,/mnt/ubna_data_02_mir/recover-20221013/UBNA_001/20221012_030000.WAV,Telephone Field,recover-20221013,001,1795
716.5095,716.5201,28046,34758,Eptesicus serotinus,0.01,0.022,-1,Echolocation,/mnt/ubna_data_02_mir/recover-20221013/UBNA_001/20221012_030000.WAV,Telephone Field,recover-20221013,001,1795
716.5355,716.5746,68437,82238,Rhinolophus ferrumequinum,0.023,0.023,-1,Echolocation,/mnt/ubna_data_02_mir/recover-20221013/UBNA_001/20221012_030000.WAV,Telephone Field,recover-20221013,001,1795
716.5635,716.6016,68437,82057,Rhinolophus ferrumequinum,0.021,0.021,-1,Echolocation,/mnt/ubna_data_02_mir/recover-20221013/UBNA_001/20221012_030000.WAV,Telephone Field,recover-20221013,001,1795
716.5835,716.6215,68437,81590,Rhinolophus ferrumequinum,0.021,0.021,-1,Echolocation,/mnt/ubna_data_02_mir/recover-20221013/UBNA_001/20221012_030000.WAV,Telephone Field,recover-20221013,001,1795
716.5965,716.6341,68437,82760,Rhinolophus ferrumequinum,0.022,0.022,-1,Echolocation,/mnt/ubna_data_02_mir/recover-20221013/UBNA_001/20221012_030000.WAV,Telephone Field,recover-20221013,001,1795
716.6365,716.6773,68437,82556,Rhinolophus ferrumequinum,0.021,0.021,-1,Echolocation,/mnt/ubna_data_02_mir/recover-20221013/UBNA_001/20221012_030000.WAV,Telephone Field,recover-20221013,001,1795
716.6395,716.6495,28906,37653,Eptesicus serotinus,0.009,0.022,-1,Echolocation,/mnt/ubna_data_02_mir/recover-20221013/UBNA_001/20221012_030000.WAV,Telephone Field,recover-20221013,001,1795
716.6745,716.7139999999999,68437,82094,Rhinolophus ferrumequinum,0.022,0.022,-1,Echolocation,/mnt/ubna_data_02_mir/recover-20221013/UBNA_001/20221012_030000.WAV,Telephone Field,recover-20221013,001,1795
716.6915,716.7344,68437,83471,Rhinolophus ferrumequinum,0.045,0.045,-1,Echolocation,/mnt/ubna_data_02_mir/recover-20221013/UBNA_001/20221012_030000.WAV,Telephone Field,recover-20221013,001,1795
716.7195,716.7298,35781,42766,Pipistrellus nathusii,0.005,0.021,-1,Echolocation,/mnt/ubna_data_02_mir/recover-20221013/UBNA_001/20221012_030000.WAV,Telephone Field,recover-20221013,001,1795
716.7525,716.763,28046,35961,Eptesicus serotinus,0.009,0.022,-1,Echolocation,/mnt/ubna_data_02_mir/recover-20221013/UBNA_001/20221012_030000.WAV,Telephone Field,recover-20221013,001,1795
716.7715,716.8091,68437,82373,Rhinolophus ferrumequinum,0.025,0.025,-1,Echolocation,/mnt/ubna_data_02_mir/recover-20221013/UBNA_001/20221012_030000.WAV,Telephone Field,recover-20221013,001,1795
716.8225,716.863,68437,82115,Rhinolophus ferrumequinum,0.021,0.021,-1,Echolocation,/mnt/ubna_data_02_mir/recover-20221013/UBNA_001/20221012_030000.WAV,Telephone Field,recover-20221013,001,1795
716.8585,716.8662,23750,31907,Plecotus austriacus,0.009,0.022,-1,Echolocation,/mnt/ubna_data_02_mir/recover-20221013/UBNA_001/20221012_030000.WAV,Telephone Field,recover-20221013,001,1795
716.8655,716.8767,28906,34341,Eptesicus serotinus,0.01,0.022,-1,Echolocation,/mnt/ubna_data_02_mir/recover-20221013/UBNA_001/20221012_030000.WAV,Telephone Field,recover-20221013,001,1795
716.8765,716.8866,23750,31210,Eptesicus serotinus,0.009,0.025,-1,Echolocation,/mnt/ubna_data_02_mir/recover-20221013/UBNA_001/20221012_030000.WAV,Telephone Field,recover-20221013,001,1795
716.8995,716.9075,28906,38180,Eptesicus serotinus,0.007,0.022,-1,Echolocation,/mnt/ubna_data_02_mir/recover-20221013/UBNA_001/20221012_030000.WAV,Telephone Field,recover-20221013,001,1795
716.9655,717.005,68437,82358,Rhinolophus ferrumequinum,0.021,0.021,-1,Echolocation,/mnt/ubna_data_02_mir/recover-20221013/UBNA_001/20221012_030000.WAV,Telephone Field,recover-20221013,001,1795
716.9985,717.0363,68437,81904,Rhinolophus ferrumequinum,0.022,0.022,-1,Echolocation,/mnt/ubna_data_02_mir/recover-20221013/UBNA_001/20221012_030000.WAV,Telephone Field,recover-20221013,001,1795
717.0585,717.0973,68437,81923,Rhinolophus ferrumequinum,0.023,0.023,-1,Echolocation,/mnt/ubna_data_02_mir/recover-20221013/UBNA_001/20221012_030000.WAV,Telephone Field,recover-20221013,001,1795
717.0805,717.1239,68437,83224,Rhinolophus ferrumequinum,0.025,0.025,-1,Echolocation,/mnt/ubna_data_02_mir/recover-20221013/UBNA_001/20221012_030000.WAV,Telephone Field,recover-20221013,001,1795
717.0895,717.1105,18593,22301,Nyctalus noctula,0.012,0.021,-1,Echolocation,/mnt/ubna_data_02_mir/recover-20221013/UBNA_001/20221012_030000.WAV,Telephone Field,recover-20221013,001,1795
717.1015,717.1097,28906,37824,Eptesicus serotinus,0.006,0.021,-1,Echolocation,/mnt/ubna_data_02_mir/recover-20221013/UBNA_001/20221012_030000.WAV,Telephone Field,recover-20221013,001,1795
717.1725,717.2122,68437,82487,Rhinolophus ferrumequinum,0.023,0.023,-1,Echolocation,/mnt/ubna_data_02_mir/recover-20221013/UBNA_001/20221012_030000.WAV,Telephone Field,recover-20221013,001,1795
717.2095,717.2455,68437,81574,Rhinolophus ferrumequinum,0.021,0.021,-1,Echolocation,/mnt/ubna_data_02_mir/recover-20221013/UBNA_001/20221012_030000.WAV,Telephone Field,recover-20221013,001,1795
717.2315,717.2423,24609,31138,Eptesicus serotinus,0.009,0.025,-1,Echolocation,/mnt/ubna_data_02_mir/recover-20221013/UBNA_001/20221012_030000.WAV,Telephone Field,recover-20221013,001,1795
717.2445,717.2825,68437,81799,Rhinolophus ferrumequinum,0.021,0.021,-1,Echolocation,/mnt/ubna_data_02_mir/recover-20221013/UBNA_001/20221012_030000.WAV,Telephone Field,recover-20221013,001,1795
717.2565,717.2924,68437,81150,Rhinolophus ferrumequinum,0.02,0.02,-1,Echolocation,/mnt/ubna_data_02_mir/recover-20221013/UBNA_001/20221012_030000.WAV,Telephone Field,recover-20221013,001,1795
717.2605,717.2706000000001,27187,35294,Eptesicus serotinus,0.013,0.025,-1,Echolocation,/mnt/ubna_data_02_mir/recover-20221013/UBNA_001/20221012_030000.WAV,Telephone Field,recover-20221013,001,1795
717.2975,717.3364,68437,82014,Rhinolophus ferrumequinum,0.022,0.022,-1,Echolocation,/mnt/ubna_data_02_mir/recover-20221013/UBNA_001/20221012_030000.WAV,Telephone Field,recover-20221013,001,1795
717.3515,717.3641,27187,32685,Eptesicus serotinus,0.012,0.026,-1,Echolocation,/mnt/ubna_data_02_mir/recover-20221013/UBNA_001/20221012_030000.WAV,Telephone Field,recover-20221013,001,1795
717.3635,717.3731,28906,36764,Eptesicus serotinus,0.009,0.022,-1,Echolocation,/mnt/ubna_data_02_mir/recover-20221013/UBNA_001/20221012_030000.WAV,Telephone Field,recover-20221013,001,1795
717.3705,717.4083,68437,82135,Rhinolophus ferrumequinum,0.021,0.021,-1,Echolocation,/mnt/ubna_data_02_mir/recover-20221013/UBNA_001/20221012_030000.WAV,Telephone Field,recover-20221013,001,1795
717.3795,717.3864,28906,39954,Eptesicus serotinus,0.006,0.022,-1,Echolocation,/mnt/ubna_data_02_mir/recover-20221013/UBNA_001/20221012_030000.WAV,Telephone Field,recover-20221013,001,1795
717.3795,717.3894,22031,27686,Nyctalus leisleri,0.008,0.021,-1,Echolocation,/mnt/ubna_data_02_mir/recover-20221013/UBNA_001/20221012_030000.WAV,Telephone Field,recover-20221013,001,1795
717.4215,717.4577,68437,81980,Rhinolophus ferrumequinum,0.022,0.022,-1,Echolocation,/mnt/ubna_data_02_mir/recover-20221013/UBNA_001/20221012_030000.WAV,Telephone Field,recover-20221013,001,1795
717.4395,717.451,47812,50997,Pipistrellus pipistrellus,0.027,0.03,-1,Echolocation,/mnt/ubna_data_02_mir/recover-20221013/UBNA_001/20221012_030000.WAV,Telephone Field,recover-20221013,001,1795
717.4475,717.4844,68437,81905,Rhinolophus ferrumequinum,0.021,0.021,-1,Echolocation,/mnt/ubna_data_02_mir/recover-20221013/UBNA_001/20221012_030000.WAV,Telephone Field,recover-20221013,001,1795
717.4955,717.5091,24609,30615,Nyctalus leisleri,0.017,0.038,-1,Echolocation,/mnt/ubna_data_02_mir/recover-20221013/UBNA_001/20221012_030000.WAV,Telephone Field,recover-20221013,001,1795
717.5185,717.5498,68437,80380,Rhinolophus ferrumequinum,0.021,0.021,-1,Echolocation,/mnt/ubna_data_02_mir/recover-20221013/UBNA_001/20221012_030000.WAV,Telephone Field,recover-20221013,001,1795
717.5565,717.5671,28046,35978,Eptesicus serotinus,0.016,0.03,-1,Echolocation,/mnt/ubna_data_02_mir/recover-20221013/UBNA_001/20221012_030000.WAV,Telephone Field,recover-20221013,001,1795
717.5855,717.6194,68437,81407,Rhinolophus ferrumequinum,0.021,0.021,-1,Echolocation,/mnt/ubna_data_02_mir/recover-20221013/UBNA_001/20221012_030000.WAV,Telephone Field,recover-20221013,001,1795
717.6065,717.6157,25468,33260,Eptesicus serotinus,0.011,0.028,-1,Echolocation,/mnt/ubna_data_02_mir/recover-20221013/UBNA_001/20221012_030000.WAV,Telephone Field,recover-20221013,001,1795
717.6145,717.6549,68437,82332,Rhinolophus ferrumequinum,0.026,0.026,-1,Echolocation,/mnt/ubna_data_02_mir/recover-20221013/UBNA_001/20221012_030000.WAV,Telephone Field,recover-20221013,001,1795
717.6545,717.6945,68437,82094,Rhinolophus ferrumequinum,0.021,0.021,-1,Echolocation,/mnt/ubna_data_02_mir/recover-20221013/UBNA_001/20221012_030000.WAV,Telephone Field,recover-20221013,001,1795
717.7005,717.709,23750,31214,Plecotus austriacus,0.006,0.021,-1,Echolocation,/mnt/ubna_data_02_mir/recover-20221013/UBNA_001/20221012_030000.WAV,Telephone Field,recover-20221013,001,1795
717.7045,717.7126,28906,41262,Eptesicus serotinus,0.009,0.023,-1,Echolocation,/mnt/ubna_data_02_mir/recover-20221013/UBNA_001/20221012_030000.WAV,Telephone Field,recover-20221013,001,1795
717.7135,717.7249,38359,42665,Pipistrellus nathusii,0.012,0.025,-1,Echolocation,/mnt/ubna_data_02_mir/recover-20221013/UBNA_001/20221012_030000.WAV,Telephone Field,recover-20221013,001,1795
717.7245,717.764,68437,82443,Rhinolophus ferrumequinum,0.021,0.021,-1,Echolocation,/mnt/ubna_data_02_mir/recover-20221013/UBNA_001/20221012_030000.WAV,Telephone Field,recover-20221013,001,1795
717.7425,717.7779,68437,81252,Rhinolophus ferrumequinum,0.02,0.02,-1,Echolocation,/mnt/ubna_data_02_mir/recover-20221013/UBNA_001/20221012_030000.WAV,Telephone Field,recover-20221013,001,1795
717.7745,717.8102,68437,81806,Rhinolophus ferrumequinum,0.025,0.025,-1,Echolocation,/mnt/ubna_data_02_mir/recover-20221013/UBNA_001/20221012_030000.WAV,Telephone Field,recover-20221013,001,1795
717.8155,717.8242,26328,36416,Eptesicus serotinus,0.009,0.021,-1,Echolocation,/mnt/ubna_data_02_mir/recover-20221013/UBNA_001/20221012_030000.WAV,Telephone Field,recover-20221013,001,1795
717.8655,717.905,68437,82283,Rhinolophus ferrumequinum,0.021,0.021,-1,Echolocation,/mnt/ubna_data_02_mir/recover-20221013/UBNA_001/20221012_030000.WAV,Telephone Field,recover-20221013,001,1795
717.8815,717.9214,68437,82722,Rhinolophus ferrumequinum,0.022,0.022,-1,Echolocation,/mnt/ubna_data_02_mir/recover-20221013/UBNA_001/20221012_030000.WAV,Telephone Field,recover-20221013,001,1795
717.9045,717.9146,22031,27084,Nyctalus leisleri,0.01,0.021,-1,Echolocation,/mnt/ubna_data_02_mir/recover-20221013/UBNA_001/20221012_030000.WAV,Telephone Field,recover-20221013,001,1795
717.9375,717.9448,28046,40889,Eptesicus serotinus,0.007,0.023,-1,Echolocation,/mnt/ubna_data_02_mir/recover-20221013/UBNA_001/20221012_030000.WAV,Telephone Field,recover-20221013,001,1795
718.0015,718.0101,23750,30600,Nyctalus leisleri,0.008,0.024,-1,Echolocation,/mnt/ubna_data_02_mir/recover-20221013/UBNA_001/20221012_030000.WAV,Telephone Field,recover-20221013,001,1795
718.0015,718.0333,68437,79794,Rhinolophus ferrumequinum,0.039,0.039,-1,Echolocation,/mnt/ubna_data_02_mir/recover-20221013/UBNA_001/20221012_030000.WAV,Telephone Field,recover-20221013,001,1795
718.0215,718.0291,27187,38552,Eptesicus serotinus,0.008,0.025,-1,Echolocation,/mnt/ubna_data_02_mir/recover-20221013/UBNA_001/20221012_030000.WAV,Telephone Field,recover-20221013,001,1795
718.0495,718.0901,68437,82752,Rhinolophus ferrumequinum,0.023,0.023,-1,Echolocation,/mnt/ubna_data_02_mir/recover-20221013/UBNA_001/20221012_030000.WAV,Telephone Field,recover-20221013,001,1795
718.0575,718.0953,68437,82559,Rhinolophus ferrumequinum,0.023,0.023,-1,Echolocation,/mnt/ubna_data_02_mir/recover-20221013/UBNA_001/20221012_030000.WAV,Telephone Field,recover-20221013,001,1795
718.0715,718.0816,47812,52643,Pipistrellus pipistrellus,0.034,0.037,-1,Echolocation,/mnt/ubna_data_02_mir/recover-20221013/UBNA_001/20221012_030000.WAV,Telephone Field,recover-20221013,001,1795
718.1435,718.1846,68437,82840,Rhinolophus ferrumequinum,0.023,0.023,-1,Echolocation,/mnt/ubna_data_02_mir/recover-20221013/UBNA_001/20221012_030000.WAV,Telephone Field,recover-20221013,001,1795
718.1555,718.1963,68437,83001,Rhinolophus ferrumequinum,0.024,0.024,-1,Echolocation,/mnt/ubna_data_02_mir/recover-20221013/UBNA_001/20221012_030000.WAV,Telephone Field,recover-20221013,001,1795
718.1745,718.1827,28046,39608,Eptesicus serotinus,0.009,0.027,-1,Echolocation,/mnt/ubna_data_02_mir/recover-20221013/UBNA_001/20221012_030000.WAV,Telephone Field,recover-20221013,001,1795
718.1935,718.2142,21171,24850,Nyctalus leisleri,0.035,0.077,-1,Echolocation,/mnt/ubna_data_02_mir/recover-20221013/UBNA_001/20221012_030000.WAV,Telephone Field,recover-20221013,001,1795
718.2035,718.2452,68437,82521,Rhinolophus ferrumequinum,0.022,0.022,-1,Echolocation,/mnt/ubna_data_02_mir/recover-20221013/UBNA_001/20221012_030000.WAV,Telephone Field,recover-20221013,001,1795
718.2665,718.3104,68437,83479,Rhinolophus ferrumequinum,0.042,0.042,-1,Echolocation,/mnt/ubna_data_02_mir/recover-20221013/UBNA_001/20221012_030000.WAV,Telephone Field,recover-20221013,001,1795
718.3045,718.3449,68437,82234,Rhinolophus ferrumequinum,0.049,0.049,-1,Echolocation,/mnt/ubna_data_02_mir/recover-20221013/UBNA_001/20221012_030000.WAV,Telephone Field,recover-20221013,001,1795
718.3235,718.361,68437,81487,Rhinolophus ferrumequinum,0.022,0.022,-1,Echolocation,/mnt/ubna_data_02_mir/recover-20221013/UBNA_001/20221012_030000.WAV,Telephone Field,recover-20221013,001,1795
718.3285,718.3361,26328,36852,Eptesicus serotinus,0.009,0.024,-1,Echolocation,/mnt/ubna_data_02_mir/recover-20221013/UBNA_001/20221012_030000.WAV,Telephone Field,recover-20221013,001,1795
718.3295,718.3394,22031,28063,Nyctalus leisleri,0.009,0.024,-1,Echolocation,/mnt/ubna_data_02_mir/recover-20221013/UBNA_001/20221012_030000.WAV,Telephone Field,recover-20221013,001,1795
718.3325,718.3691,68437,81645,Rhinolophus ferrumequinum,0.022,0.022,-1,Echolocation,/mnt/ubna_data_02_mir/recover-20221013/UBNA_001/20221012_030000.WAV,Telephone Field,recover-20221013,001,1795
718.3425,718.379,68437,81471,Rhinolophus ferrumequinum,0.022,0.022,-1,Echolocation,/mnt/ubna_data_02_mir/recover-20221013/UBNA_001/20221012_030000.WAV,Telephone Field,recover-20221013,001,1795
718.4025,718.4165,22890,27849,Nyctalus leisleri,0.018,0.037,-1,Echolocation,/mnt/ubna_data_02_mir/recover-20221013/UBNA_001/20221012_030000.WAV,Telephone Field,recover-20221013,001,1795
718.4315,718.4423,28906,35598,Eptesicus serotinus,0.01,0.023,-1,Echolocation,/mnt/ubna_data_02_mir/recover-20221013/UBNA_001/20221012_030000.WAV,Telephone Field,recover-20221013,001,1795
718.4765,718.5125,68437,81134,Rhinolophus ferrumequinum,0.022,0.022,-1,Echolocation,/mnt/ubna_data_02_mir/recover-20221013/UBNA_001/20221012_030000.WAV,Telephone Field,recover-20221013,001,1795
718.5225,718.5673,68437,83620,Rhinolophus ferrumequinum,0.04,0.04,-1,Echolocation,/mnt/ubna_data_02_mir/recover-20221013/UBNA_001/20221012_030000.WAV,Telephone Field,recover-20221013,001,1795
718.5255,718.5387,50390,54371,Pipistrellus pipistrellus,0.032,0.04,-1,Echolocation,/mnt/ubna_data_02_mir/recover-20221013/UBNA_001/20221012_030000.WAV,Telephone Field,recover-20221013,001,1795
718.5705,718.5813,25468,31246,Eptesicus serotinus,0.028,0.062,-1,Echolocation,/mnt/ubna_data_02_mir/recover-20221013/UBNA_001/20221012_030000.WAV,Telephone Field,recover-20221013,001,1795
718.6065,718.6468,68437,82133,Rhinolophus ferrumequinum,0.034,0.034,-1,Echolocation,/mnt/ubna_data_02_mir/recover-20221013/UBNA_001/20221012_030000.WAV,Telephone Field,recover-20221013,001,1795
718.6135,718.6536,68437,82673,Rhinolophus ferrumequinum,0.036,0.036,-1,Echolocation,/mnt/ubna_data_02_mir/recover-20221013/UBNA_001/20221012_030000.WAV,Telephone Field,recover-20221013,001,1795
718.7115,718.72,26328,37215,Eptesicus serotinus,0.008,0.023,-1,Echolocation,/mnt/ubna_data_02_mir/recover-20221013/UBNA_001/20221012_030000.WAV,Telephone Field,recover-20221013,001,1795
718.7385,718.7498,23750,29602,Nyctalus leisleri,0.014,0.029,-1,Echolocation,/mnt/ubna_data_02_mir/recover-20221013/UBNA_001/20221012_030000.WAV,Telephone Field,recover-20221013,001,1795
718.7395,718.7768,68437,81749,Rhinolophus ferrumequinum,0.032,0.032,-1,Echolocation,/mnt/ubna_data_02_mir/recover-20221013/UBNA_001/20221012_030000.WAV,Telephone Field,recover-20221013,001,1795
718.7475,718.7908,68437,83014,Rhinolophus ferrumequinum,0.024,0.024,-1,Echolocation,/mnt/ubna_data_02_mir/recover-20221013/UBNA_001/20221012_030000.WAV,Telephone Field,recover-20221013,001,1795
718.7675,718.7743,27187,43374,Eptesicus serotinus,0.006,0.023,-1,Echolocation,/mnt/ubna_data_02_mir/recover-20221013/UBNA_001/20221012_030000.WAV,Telephone Field,recover-20221013,001,1795
718.7675,718.7735,31484,45580,Myotis daubentonii,0.011,0.022,-1,Echolocation,/mnt/ubna_data_02_mir/recover-20221013/UBNA_001/20221012_030000.WAV,Telephone Field,recover-20221013,001,1795
718.7705,718.8068,68437,82179,Rhinolophus ferrumequinum,0.022,0.022,-1,Echolocation,/mnt/ubna_data_02_mir/recover-20221013/UBNA_001/20221012_030000.WAV,Telephone Field,recover-20221013,001,1795
718.7935,718.8018,27187,40437,Eptesicus serotinus,0.007,0.024,-1,Echolocation,/mnt/ubna_data_02_mir/recover-20221013/UBNA_001/20221012_030000.WAV,Telephone Field,recover-20221013,001,1795
718.8305,718.8409,28906,37089,Eptesicus serotinus,0.013,0.028,-1,Echolocation,/mnt/ubna_data_02_mir/recover-20221013/UBNA_001/20221012_030000.WAV,Telephone Field,recover-20221013,001,1795
718.8355,718.8745,68437,82243,Rhinolophus ferrumequinum,0.022,0.022,-1,Echolocation,/mnt/ubna_data_02_mir/recover-20221013/UBNA_001/20221012_030000.WAV,Telephone Field,recover-20221013,001,1795
718.8545,718.8669,22890,27413,Nyctalus leisleri,0.016,0.028,-1,Echolocation,/mnt/ubna_data_02_mir/recover-20221013/UBNA_001/20221012_030000.WAV,Telephone Field,recover-20221013,001,1795
718.8685,718.8779,23750,30865,Nyctalus leisleri,0.009,0.029,-1,Echolocation,/mnt/ubna_data_02_mir/recover-20221013/UBNA_001/20221012_030000.WAV,Telephone Field,recover-20221013,001,1795
718.8825,718.9218,68437,82135,Rhinolophus ferrumequinum,0.024,0.024,-1,Echolocation,/mnt/ubna_data_02_mir/recover-20221013/UBNA_001/20221012_030000.WAV,Telephone Field,recover-20221013,001,1795
718.8985,718.9335,68437,80964,Rhinolophus ferrumequinum,0.022,0.022,-1,Echolocation,/mnt/ubna_data_02_mir/recover-20221013/UBNA_001/20221012_030000.WAV,Telephone Field,recover-20221013,001,1795
718.9135,718.9505,68437,81359,Rhinolophus ferrumequinum,0.023,0.023,-1,Echolocation,/mnt/ubna_data_02_mir/recover-20221013/UBNA_001/20221012_030000.WAV,Telephone Field,recover-20221013,001,1795
718.9565,718.9935,68437,81294,Rhinolophus ferrumequinum,0.027,0.027,-1,Echolocation,/mnt/ubna_data_02_mir/recover-20221013/UBNA_001/20221012_030000.WAV,Telephone Field,recover-20221013,001,1795
718.9845,718.9962,25468,32693,Eptesicus serotinus,0.018,0.034,-1,Echolocation,/mnt/ubna_data_02_mir/recover-20221013/UBNA_001/20221012_030000.WAV,Telephone Field,recover-20221013,001,1795
719.0485,719.0584,28046,36689,Eptesicus serotinus,0.023,0.04,-1,Echolocation,/mnt/ubna_data_02_mir/recover-20221013/UBNA_001/20221012_030000.WAV,Telephone Field,recover-20221013,001,1795
719.0865,719.0958,28046,38237,Eptesicus serotinus,0.009,0.022,-1,Echolocation,/mnt/ubna_data_02_mir/recover-20221013/UBNA_001/20221012_030000.WAV,Telephone Field,recover-20221013,001,1795
719.1015,719.1399,68437,81727,Rhinolophus ferrumequinum,0.032,0.032,-1,Echolocation,/mnt/ubna_data_02_mir/recover-20221013/UBNA_001/20221012_030000.WAV,Telephone Field,recover-20221013,001,1795
719.1285,719.1434,14296,18959,Nyctalus noctula,0.02,0.031,-1,Echolocation,/mnt/ubna_data_02_mir/recover-20221013/UBNA_001/20221012_030000.WAV,Telephone Field,recover-20221013,001,1795
719.1325,719.1701,68437,81993,Rhinolophus ferrumequinum,0.022,0.022,-1,Echolocation,/mnt/ubna_data_02_mir/recover-20221013/UBNA_001/20221012_030000.WAV,Telephone Field,recover-20221013,001,1795
719.1514999999999,719.1941,68437,82857,Rhinolophus ferrumequinum,0.031,0.031,-1,Echolocation,/mnt/ubna_data_02_mir/recover-20221013/UBNA_001/20221012_030000.WAV,Telephone Field,recover-20221013,001,1795
719.2045,719.216,23750,29517,Nyctalus leisleri,0.016,0.033,-1,Echolocation,/mnt/ubna_data_02_mir/recover-20221013/UBNA_001/20221012_030000.WAV,Telephone Field,recover-20221013,001,1795
719.2235000000001,719.2316,28046,39177,Eptesicus serotinus,0.007,0.024,-1,Echolocation,/mnt/ubna_data_02_mir/recover-20221013/UBNA_001/20221012_030000.WAV,Telephone Field,recover-20221013,001,1795
719.2505,719.2878,68437,81828,Rhinolophus ferrumequinum,0.022,0.022,-1,Echolocation,/mnt/ubna_data_02_mir/recover-20221013/UBNA_001/20221012_030000.WAV,Telephone Field,recover-20221013,001,1795
719.2745,719.3167,68437,82954,Rhinolophus ferrumequinum,0.034,0.034,-1,Echolocation,/mnt/ubna_data_02_mir/recover-20221013/UBNA_001/20221012_030000.WAV,Telephone Field,recover-20221013,001,1795
719.3095,719.3213,27187,33868,Eptesicus serotinus,0.038,0.063,-1,Echolocation,/mnt/ubna_data_02_mir/recover-20221013/UBNA_001/20221012_030000.WAV,Telephone Field,recover-20221013,001,1795
719.3705,719.4124,68437,83341,Rhinolophus ferrumequinum,0.032,0.032,-1,Echolocation,/mnt/ubna_data_02_mir/recover-20221013/UBNA_001/20221012_030000.WAV,Telephone Field,recover-20221013,001,1795
719.3715,719.3799,27187,37718,Eptesicus serotinus,0.008,0.024,-1,Echolocation,/mnt/ubna_data_02_mir/recover-20221013/UBNA_001/20221012_030000.WAV,Telephone Field,recover-20221013,001,1795
719.3835,719.4213,68437,82528,Rhinolophus ferrumequinum,0.023,0.023,-1,Echolocation,/mnt/ubna_data_02_mir/recover-20221013/UBNA_001/20221012_030000.WAV,Telephone Field,recover-20221013,001,1795
719.4145,719.4264000000001,23750,28795,Nyctalus leisleri,0.012,0.024,-1,Echolocation,/mnt/ubna_data_02_mir/recover-20221013/UBNA_001/20221012_030000.WAV,Telephone Field,recover-20221013,001,1795
719.4315,719.4403,26328,34365,Eptesicus serotinus,0.009,0.027,-1,Echolocation,/mnt/ubna_data_02_mir/recover-20221013/UBNA_001/20221012_030000.WAV,Telephone Field,recover-20221013,001,1795
719.4535,719.4619,27187,36326,Eptesicus serotinus,0.007,0.022,-1,Echolocation,/mnt/ubna_data_02_mir/recover-20221013/UBNA_001/20221012_030000.WAV,Telephone Field,recover-20221013,001,1795
719.4745,719.5104,68437,81973,Rhinolophus ferrumequinum,0.022,0.022,-1,Echolocation,/mnt/ubna_data_02_mir/recover-20221013/UBNA_001/20221012_030000.WAV,Telephone Field,recover-20221013,001,1795
719.4805,719.4899,28046,39234,Eptesicus serotinus,0.01,0.026,-1,Echolocation,/mnt/ubna_data_02_mir/recover-20221013/UBNA_001/20221012_030000.WAV,Telephone Field,recover-20221013,001,1795
719.5005,719.5391,68437,82166,Rhinolophus ferrumequinum,0.026,0.026,-1,Echolocation,/mnt/ubna_data_02_mir/recover-20221013/UBNA_001/20221012_030000.WAV,Telephone Field,recover-20221013,001,1795
719.5095,719.5189,28906,36747,Eptesicus serotinus,0.008,0.022,-1,Echolocation,/mnt/ubna_data_02_mir/recover-20221013/UBNA_001/20221012_030000.WAV,Telephone Field,recover-20221013,001,1795
719.5475,719.5879,68437,82434,Rhinolophus ferrumequinum,0.022,0.022,-1,Echolocation,/mnt/ubna_data_02_mir/recover-20221013/UBNA_001/20221012_030000.WAV,Telephone Field,recover-20221013,001,1795
719.5765,719.5882,23750,29756,Nyctalus leisleri,0.009,0.023,-1,Echolocation,/mnt/ubna_data_02_mir/recover-20221013/UBNA_001/20221012_030000.WAV,Telephone Field,recover-20221013,001,1795
719.5825,719.6195,68437,81587,Rhinolophus ferrumequinum,0.024,0.024,-1,Echolocation,/mnt/ubna_data_02_mir/recover-20221013/UBNA_001/20221012_030000.WAV,Telephone Field,recover-20221013,001,1795
719.6385,719.6488,23750,29947,Nyctalus leisleri,0.009,0.022,-1,Echolocation,/mnt/ubna_data_02_mir/recover-20221013/UBNA_001/20221012_030000.WAV,Telephone Field,recover-20221013,001,1795
719.6615,719.6994,68437,81870,Rhinolophus ferrumequinum,0.023,0.024,-1,Echolocation,/mnt/ubna_data_02_mir/recover-20221013/UBNA_001/20221012_030000.WAV,Telephone Field,recover-20221013,001,1795
719.6755,719.686,22031,27193,Nyctalus leisleri,0.012,0.026,-1,Echolocation,/mnt/ubna_data_02_mir/recover-20221013/UBNA_001/20221012_030000.WAV,Telephone Field,recover-20221013,001,1795
719.6965,719.7336,68437,81768,Rhinolophus ferrumequinum,0.022,0.022,-1,Echolocation,/mnt/ubna_data_02_mir/recover-20221013/UBNA_001/20221012_030000.WAV,Telephone Field,recover-20221013,001,1795
719.7085,719.7196,14296,19757,Nyctalus noctula,0.011,0.023,-1,Echolocation,/mnt/ubna_data_02_mir/recover-20221013/UBNA_001/20221012_030000.WAV,Telephone Field,recover-20221013,001,1795
719.7095,719.7205,26328,33435,Eptesicus serotinus,0.011,0.023,-1,Echolocation,/mnt/ubna_data_02_mir/recover-20221013/UBNA_001/20221012_030000.WAV,Telephone Field,recover-20221013,001,1795
719.7275,719.765,68437,82474,Rhinolophus ferrumequinum,0.023,0.023,-1,Echolocation,/mnt/ubna_data_02_mir/recover-20221013/UBNA_001/20221012_030000.WAV,Telephone Field,recover-20221013,001,1795
719.7675,719.8085,68437,83108,Rhinolophus ferrumequinum,0.03,0.03,-1,Echolocation,/mnt/ubna_data_02_mir/recover-20221013/UBNA_001/20221012_030000.WAV,Telephone Field,recover-20221013,001,1795
719.8215,719.8587,68437,82519,Rhinolophus ferrumequinum,0.024,0.024,-1,Echolocation,/mnt/ubna_data_02_mir/recover-20221013/UBNA_001/20221012_030000.WAV,Telephone Field,recover-20221013,001,1795
719.8745,719.9091,68437,81122,Rhinolophus ferrumequinum,0.024,0.024,-1,Echolocation,/mnt/ubna_data_02_mir/recover-20221013/UBNA_001/20221012_030000.WAV,Telephone Field,recover-20221013,001,1795
719.8845,719.8998,15156,21088,Nyctalus noctula,0.018,0.024,-1,Echolocation,/mnt/ubna_data_02_mir/recover-20221013/UBNA_001/20221012_030000.WAV,Telephone Field,recover-20221013,001,1795
719.9005,719.9373,68437,81591,Rhinolophus ferrumequinum,0.022,0.022,-1,Echolocation,/mnt/ubna_data_02_mir/recover-20221013/UBNA_001/20221012_030000.WAV,Telephone Field,recover-20221013,001,1795
719.9385,719.9756,68437,81208,Rhinolophus ferrumequinum,0.022,0.022,-1,Echolocation,/mnt/ubna_data_02_mir/recover-20221013/UBNA_001/20221012_030000.WAV,Telephone Field,recover-20221013,001,1795
720.0015,720.0341,68437,80250,Rhinolophus ferrumequinum,0.027,0.027,-1,Echolocation,/mnt/ubna_data_02_mir/recover-20221013/UBNA_001/20221012_030000.WAV,Telephone Field,recover-20221013,001,1795
720.0015,720.0111,25468,32992,Nyctalus leisleri,0.011,0.032,-1,Echolocation,/mnt/ubna_data_02_mir/recover-20221013/UBNA_001/20221012_030000.WAV,Telephone Field,recover-20221013,001,1795
720.0145,720.0236,27187,39481,Eptesicus serotinus,0.008,0.021,-1,Echolocation,/mnt/ubna_data_02_mir/recover-20221013/UBNA_001/20221012_030000.WAV,Telephone Field,recover-20221013,001,1795
720.0285,720.0359,27187,35360,Eptesicus serotinus,0.007,0.024,-1,Echolocation,/mnt/ubna_data_02_mir/recover-20221013/UBNA_001/20221012_030000.WAV,Telephone Field,recover-20221013,001,1795
720.0405,720.0594,20312,23237,Nyctalus leisleri,0.013,0.022,-1,Echolocation,/mnt/ubna_data_02_mir/recover-20221013/UBNA_001/20221012_030000.WAV,Telephone Field,recover-20221013,001,1795
720.1195,720.1274,28046,40188,Eptesicus serotinus,0.007,0.024,-1,Echolocation,/mnt/ubna_data_02_mir/recover-20221013/UBNA_001/20221012_030000.WAV,Telephone Field,recover-20221013,001,1795
720.1305,720.1661,68437,80820,Rhinolophus ferrumequinum,0.024,0.024,-1,Echolocation,/mnt/ubna_data_02_mir/recover-20221013/UBNA_001/20221012_030000.WAV,Telephone Field,recover-20221013,001,1795
720.1385,720.1533,28046,33160,Eptesicus serotinus,0.019,0.035,-1,Echolocation,/mnt/ubna_data_02_mir/recover-20221013/UBNA_001/20221012_030000.WAV,Telephone Field,recover-20221013,001,1795
720.1575,720.1651,28046,37533,Eptesicus serotinus,0.005,0.024,-1,Echolocation,/mnt/ubna_data_02_mir/recover-20221013/UBNA_001/20221012_030000.WAV,Telephone Field,recover-20221013,001,1795
720.1835,720.2227,68437,82090,Rhinolophus ferrumequinum,0.021,0.021,-1,Echolocation,/mnt/ubna_data_02_mir/recover-20221013/UBNA_001/20221012_030000.WAV,Telephone Field,recover-20221013,001,1795
720.2055,720.2463,68437,82500,Rhinolophus ferrumequinum,0.021,0.021,-1,Echolocation,/mnt/ubna_data_02_mir/recover-20221013/UBNA_001/20221012_030000.WAV,Telephone Field,recover-20221013,001,1795
720.2295,720.2382,44375,48202,Pipistrellus pipistrellus,0.024,0.025,-1,Echolocation,/mnt/ubna_data_02_mir/recover-20221013/UBNA_001/20221012_030000.WAV,Telephone Field,recover-20221013,001,1795
720.2315,720.2395,26328,40632,Eptesicus serotinus,0.006,0.022,-1,Echolocation,/mnt/ubna_data_02_mir/recover-20221013/UBNA_001/20221012_030000.WAV,Telephone Field,recover-20221013,001,1795
720.2415,720.2521,28906,35857,Eptesicus serotinus,0.011,0.024,-1,Echolocation,/mnt/ubna_data_02_mir/recover-20221013/UBNA_001/20221012_030000.WAV,Telephone Field,recover-20221013,001,1795
720.2475,720.2563,28906,36825,Eptesicus serotinus,0.01,0.027,-1,Echolocation,/mnt/ubna_data_02_mir/recover-20221013/UBNA_001/20221012_030000.WAV,Telephone Field,recover-20221013,001,1795
720.2565,720.263,46953,51201,Pipistrellus pipistrellus,0.027,0.028,-1,Echolocation,/mnt/ubna_data_02_mir/recover-20221013/UBNA_001/20221012_030000.WAV,Telephone Field,recover-20221013,001,1795
720.2655,720.2757,22031,27428,Nyctalus leisleri,0.01,0.025,-1,Echolocation,/mnt/ubna_data_02_mir/recover-20221013/UBNA_001/20221012_030000.WAV,Telephone Field,recover-20221013,001,1795
720.2895,720.3005,26328,32699,Eptesicus serotinus,0.01,0.025,-1,Echolocation,/mnt/ubna_data_02_mir/recover-20221013/UBNA_001/20221012_030000.WAV,Telephone Field,recover-20221013,001,1795
720.3015,720.3095,28046,38542,Eptesicus serotinus,0.006,0.021,-1,Echolocation,/mnt/ubna_data_02_mir/recover-20221013/UBNA_001/20221012_030000.WAV,Telephone Field,recover-20221013,001,1795
720.3055,720.3454,68437,82397,Rhinolophus ferrumequinum,0.024,0.024,-1,Echolocation,/mnt/ubna_data_02_mir/recover-20221013/UBNA_001/20221012_030000.WAV,Telephone Field,recover-20221013,001,1795
720.3235,720.3594,68437,81694,Rhinolophus ferrumequinum,0.029,0.029,-1,Echolocation,/mnt/ubna_data_02_mir/recover-20221013/UBNA_001/20221012_030000.WAV,Telephone Field,recover-20221013,001,1795
720.3395,720.3479,23750,31356,Plecotus austriacus,0.012,0.031,-1,Echolocation,/mnt/ubna_data_02_mir/recover-20221013/UBNA_001/20221012_030000.WAV,Telephone Field,recover-20221013,001,1795
720.3415,720.3517,38359,43199,Pipistrellus nathusii,0.01,0.021,-1,Echolocation,/mnt/ubna_data_02_mir/recover-20221013/UBNA_001/20221012_030000.WAV,Telephone Field,recover-20221013,001,1795
720.3775,720.4162,68437,82261,Rhinolophus ferrumequinum,0.021,0.021,-1,Echolocation,/mnt/ubna_data_02_mir/recover-20221013/UBNA_001/20221012_030000.WAV,Telephone Field,recover-20221013,001,1795
720.4245,720.4629,68437,82393,Rhinolophus ferrumequinum,0.024,0.024,-1,Echolocation,/mnt/ubna_data_02_mir/recover-20221013/UBNA_001/20221012_030000.WAV,Telephone Field,recover-20221013,001,1795
720.4425,720.4527,24609,31401,Nyctalus leisleri,0.011,0.028,-1,Echolocation,/mnt/ubna_data_02_mir/recover-20221013/UBNA_001/20221012_030000.WAV,Telephone Field,recover-20221013,001,1795
720.4575,720.468,22031,27355,Nyctalus leisleri,0.009,0.021,-1,Echolocation,/mnt/ubna_data_02_mir/recover-20221013/UBNA_001/20221012_030000.WAV,Telephone Field,recover-20221013,001,1795
720.4745,720.4817,28046,40652,Eptesicus serotinus,0.006,0.022,-1,Echolocation,/mnt/ubna_data_02_mir/recover-20221013/UBNA_001/20221012_030000.WAV,Telephone Field,recover-20221013,001,1795
720.4945,720.5353,68437,82473,Rhinolophus ferrumequinum,0.029,0.029,-1,Echolocation,/mnt/ubna_data_02_mir/recover-20221013/UBNA_001/20221012_030000.WAV,Telephone Field,recover-20221013,001,1795
720.5235,720.5322,28906,37235,Eptesicus serotinus,0.007,0.022,-1,Echolocation,/mnt/ubna_data_02_mir/recover-20221013/UBNA_001/20221012_030000.WAV,Telephone Field,recover-20221013,001,1795
720.5305,720.5417,23750,28656,Nyctalus leisleri,0.012,0.025,-1,Echolocation,/mnt/ubna_data_02_mir/recover-20221013/UBNA_001/20221012_030000.WAV,Telephone Field,recover-20221013,001,1795
720.6315,720.6424,15156,20628,Nyctalus noctula,0.013,0.023,-1,Echolocation,/mnt/ubna_data_02_mir/recover-20221013/UBNA_001/20221012_030000.WAV,Telephone Field,recover-20221013,001,1795
720.6335,720.6403,23750,32232,Plecotus austriacus,0.01,0.021,-1,Echolocation,/mnt/ubna_data_02_mir/recover-20221013/UBNA_001/20221012_030000.WAV,Telephone Field,recover-20221013,001,1795
720.6345,720.6425,28906,38509,Eptesicus serotinus,0.008,0.022,-1,Echolocation,/mnt/ubna_data_02_mir/recover-20221013/UBNA_001/20221012_030000.WAV,Telephone Field,recover-20221013,001,1795
720.6435,720.6812,68437,81548,Rhinolophus ferrumequinum,0.026,0.026,-1,Echolocation,/mnt/ubna_data_02_mir/recover-20221013/UBNA_001/20221012_030000.WAV,Telephone Field,recover-20221013,001,1795
720.6635,720.6803,22031,25191,Nyctalus leisleri,0.017,0.028,-1,Echolocation,/mnt/ubna_data_02_mir/recover-20221013/UBNA_001/20221012_030000.WAV,Telephone Field,recover-20221013,001,1795
720.6825,720.7194,68437,81828,Rhinolophus ferrumequinum,0.021,0.021,-1,Echolocation,/mnt/ubna_data_02_mir/recover-20221013/UBNA_001/20221012_030000.WAV,Telephone Field,recover-20221013,001,1795
720.6855,720.6979,22031,27273,Nyctalus leisleri,0.013,0.034,-1,Echolocation,/mnt/ubna_data_02_mir/recover-20221013/UBNA_001/20221012_030000.WAV,Telephone Field,recover-20221013,001,1795
720.7405,720.7485,28046,38262,Eptesicus serotinus,0.006,0.021,-1,Echolocation,/mnt/ubna_data_02_mir/recover-20221013/UBNA_001/20221012_030000.WAV,Telephone Field,recover-20221013,001,1795
720.8155,720.8227,28046,39659,Eptesicus serotinus,0.007,0.022,-1,Echolocation,/mnt/ubna_data_02_mir/recover-20221013/UBNA_001/20221012_030000.WAV,Telephone Field,recover-20221013,001,1795
720.8455,720.8865,68437,82305,Rhinolophus ferrumequinum,0.022,0.022,-1,Echolocation,/mnt/ubna_data_02_mir/recover-20221013/UBNA_001/20221012_030000.WAV,Telephone Field,recover-20221013,001,1795
720.8735,720.8831,28046,36522,Eptesicus serotinus,0.029,0.054,-1,Echolocation,/mnt/ubna_data_02_mir/recover-20221013/UBNA_001/20221012_030000.WAV,Telephone Field,recover-20221013,001,1795
720.8755,720.9139,68437,82274,Rhinolophus ferrumequinum,0.024,0.024,-1,Echolocation,/mnt/ubna_data_02_mir/recover-20221013/UBNA_001/20221012_030000.WAV,Telephone Field,recover-20221013,001,1795
720.8985,720.9387,68437,81986,Rhinolophus ferrumequinum,0.022,0.022,-1,Echolocation,/mnt/ubna_data_02_mir/recover-20221013/UBNA_001/20221012_030000.WAV,Telephone Field,recover-20221013,001,1795
720.9205,720.9317,23750,28932,Nyctalus leisleri,0.014,0.028,-1,Echolocation,/mnt/ubna_data_02_mir/recover-20221013/UBNA_001/20221012_030000.WAV,Telephone Field,recover-20221013,001,1795
720.9765,721.0154,68437,81786,Rhinolophus ferrumequinum,0.028,0.028,-1,Echolocation,/mnt/ubna_data_02_mir/recover-20221013/UBNA_001/20221012_030000.WAV,Telephone Field,recover-20221013,001,1795
720.9845,720.9934,28906,38442,Eptesicus serotinus,0.011,0.03,-1,Echolocation,/mnt/ubna_data_02_mir/recover-20221013/UBNA_001/20221012_030000.WAV,Telephone Field,recover-20221013,001,1795
720.9895,720.999,27187,35048,Eptesicus serotinus,0.013,0.031,-1,Echolocation,/mnt/ubna_data_02_mir/recover-20221013/UBNA_001/20221012_030000.WAV,Telephone Field,recover-20221013,001,1795
721.0025,721.0429,68437,82591,Rhinolophus ferrumequinum,0.022,0.022,-1,Echolocation,/mnt/ubna_data_02_mir/recover-20221013/UBNA_001/20221012_030000.WAV,Telephone Field,recover-20221013,001,1795
721.0125,721.0277,20312,23163,Nyctalus leisleri,0.016,0.024,-1,Echolocation,/mnt/ubna_data_02_mir/recover-20221013/UBNA_001/20221012_030000.WAV,Telephone Field,recover-20221013,001,1795
721.0305,721.038,28046,39421,Eptesicus serotinus,0.007,0.022,-1,Echolocation,/mnt/ubna_data_02_mir/recover-20221013/UBNA_001/20221012_030000.WAV,Telephone Field,recover-20221013,001,1795
721.0355,721.0439,48671,53731,Pipistrellus pipistrellus,0.026,0.028,-1,Echolocation,/mnt/ubna_data_02_mir/recover-20221013/UBNA_001/20221012_030000.WAV,Telephone Field,recover-20221013,001,1795
721.0625,721.1061,68437,83072,Rhinolophus ferrumequinum,0.033,0.033,-1,Echolocation,/mnt/ubna_data_02_mir/recover-20221013/UBNA_001/20221012_030000.WAV,Telephone Field,recover-20221013,001,1795
721.0645,721.0724,46953,54107,Pipistrellus pipistrellus,0.023,0.025,-1,Echolocation,/mnt/ubna_data_02_mir/recover-20221013/UBNA_001/20221012_030000.WAV,Telephone Field,recover-20221013,001,1795
721.0775,721.0849,27187,39707,Eptesicus serotinus,0.006,0.022,-1,Echolocation,/mnt/ubna_data_02_mir/recover-20221013/UBNA_001/20221012_030000.WAV,Telephone Field,recover-20221013,001,1795
721.0795,721.0861,32343,43428,Myotis daubentonii,0.009,0.024,-1,Echolocation,/mnt/ubna_data_02_mir/recover-20221013/UBNA_001/20221012_030000.WAV,Telephone Field,recover-20221013,001,1795
721.1015,721.1099,28046,39733,Eptesicus serotinus,0.007,0.022,-1,Echolocation,/mnt/ubna_data_02_mir/recover-20221013/UBNA_001/20221012_030000.WAV,Telephone Field,recover-20221013,001,1795
721.1215,721.1589,68437,80836,Rhinolophus ferrumequinum,0.021,0.021,-1,Echolocation,/mnt/ubna_data_02_mir/recover-20221013/UBNA_001/20221012_030000.WAV,Telephone Field,recover-20221013,001,1795
721.1655,721.1732,28906,39348,Eptesicus serotinus,0.008,0.026,-1,Echolocation,/mnt/ubna_data_02_mir/recover-20221013/UBNA_001/20221012_030000.WAV,Telephone Field,recover-20221013,001,1795
721.2325,721.2392,24609,33906,Plecotus austriacus,0.014,0.034,-1,Echolocation,/mnt/ubna_data_02_mir/recover-20221013/UBNA_001/20221012_030000.WAV,Telephone Field,recover-20221013,001,1795
721.2935,721.3362,68437,82774,Rhinolophus ferrumequinum,0.023,0.023,-1,Echolocation,/mnt/ubna_data_02_mir/recover-20221013/UBNA_001/20221012_030000.WAV,Telephone Field,recover-20221013,001,1795
721.2995,721.3063,26328,38489,Eptesicus serotinus,0.006,0.025,-1,Echolocation,/mnt/ubna_data_02_mir/recover-20221013/UBNA_001/20221012_030000.WAV,Telephone Field,recover-20221013,001,1795
721.3255,721.3319,28046,41209,Eptesicus serotinus,0.005,0.024,-1,Echolocation,/mnt/ubna_data_02_mir/recover-20221013/UBNA_001/20221012_030000.WAV,Telephone Field,recover-20221013,001,1795
721.3325,721.3756,68437,83116,Rhinolophus ferrumequinum,0.025,0.025,-1,Echolocation,/mnt/ubna_data_02_mir/recover-20221013/UBNA_001/20221012_030000.WAV,Telephone Field,recover-20221013,001,1795
721.3685,721.3768,22890,29985,Plecotus austriacus,0.009,0.022,-1,Echolocation,/mnt/ubna_data_02_mir/recover-20221013/UBNA_001/20221012_030000.WAV,Telephone Field,recover-20221013,001,1795
721.3695,721.3779,28046,39169,Eptesicus serotinus,0.007,0.022,-1,Echolocation,/mnt/ubna_data_02_mir/recover-20221013/UBNA_001/20221012_030000.WAV,Telephone Field,recover-20221013,001,1795
721.4355,721.4724,68437,82749,Rhinolophus ferrumequinum,0.027,0.027,-1,Echolocation,/mnt/ubna_data_02_mir/recover-20221013/UBNA_001/20221012_030000.WAV,Telephone Field,recover-20221013,001,1795
721.4905,721.4994,26328,34426,Eptesicus serotinus,0.008,0.022,-1,Echolocation,/mnt/ubna_data_02_mir/recover-20221013/UBNA_001/20221012_030000.WAV,Telephone Field,recover-20221013,001,1795
721.4905,721.5338,68437,83170,Rhinolophus ferrumequinum,0.034,0.034,-1,Echolocation,/mnt/ubna_data_02_mir/recover-20221013/UBNA_001/20221012_030000.WAV,Telephone Field,recover-20221013,001,1795
721.5185,721.5288,28046,36530,Eptesicus serotinus,0.01,0.024,-1,Echolocation,/mnt/ubna_data_02_mir/recover-20221013/UBNA_001/20221012_030000.WAV,Telephone Field,recover-20221013,001,1795
721.5255,721.5694,68437,83342,Rhinolophus ferrumequinum,0.037,0.037,-1,Echolocation,/mnt/ubna_data_02_mir/recover-20221013/UBNA_001/20221012_030000.WAV,Telephone Field,recover-20221013,001,1795
721.5395,721.5805,68437,82880,Rhinolophus ferrumequinum,0.023,0.023,-1,Echolocation,/mnt/ubna_data_02_mir/recover-20221013/UBNA_001/20221012_030000.WAV,Telephone Field,recover-20221013,001,1795
721.5515,721.5575,32343,46486,Myotis daubentonii,0.01,0.022,-1,Echolocation,/mnt/ubna_data_02_mir/recover-20221013/UBNA_001/20221012_030000.WAV,Telephone Field,recover-20221013,001,1795
721.5525,721.5589,25468,40563,Plecotus austriacus,0.007,0.027,-1,Echolocation,/mnt/ubna_data_02_mir/recover-20221013/UBNA_001/20221012_030000.WAV,Telephone Field,recover-20221013,001,1795
721.5665,721.5753,28046,39096,Eptesicus serotinus,0.007,0.022,-1,Echolocation,/mnt/ubna_data_02_mir/recover-20221013/UBNA_001/20221012_030000.WAV,Telephone Field,recover-20221013,001,1795
721.5815,721.6194,68437,81280,Rhinolophus ferrumequinum,0.021,0.021,-1,Echolocation,/mnt/ubna_data_02_mir/recover-20221013/UBNA_001/20221012_030000.WAV,Telephone Field,recover-20221013,001,1795
721.5855,721.594,28046,38850,Eptesicus serotinus,0.008,0.022,-1,Echolocation,/mnt/ubna_data_02_mir/recover-20221013/UBNA_001/20221012_030000.WAV,Telephone Field,recover-20221013,001,1795
721.6425,721.6515,47812,51595,Pipistrellus pipistrellus,0.019,0.022,-1,Echolocation,/mnt/ubna_data_02_mir/recover-20221013/UBNA_001/20221012_030000.WAV,Telephone Field,recover-20221013,001,1795
721.6425,721.6524,28046,37126,Eptesicus serotinus,0.017,0.033,-1,Echolocation,/mnt/ubna_data_02_mir/recover-20221013/UBNA_001/20221012_030000.WAV,Telephone Field,recover-20221013,001,1795
721.6795,721.6919,14296,19088,Nyctalus noctula,0.013,0.023,-1,Echolocation,/mnt/ubna_data_02_mir/recover-20221013/UBNA_001/20221012_030000.WAV,Telephone Field,recover-20221013,001,1795
721.6825,721.7254,68437,83360,Rhinolophus ferrumequinum,0.035,0.035,-1,Echolocation,/mnt/ubna_data_02_mir/recover-20221013/UBNA_001/20221012_030000.WAV,Telephone Field,recover-20221013,001,1795
721.7175,721.7559,68437,82131,Rhinolophus ferrumequinum,0.022,0.022,-1,Echolocation,/mnt/ubna_data_02_mir/recover-20221013/UBNA_001/20221012_030000.WAV,Telephone Field,recover-20221013,001,1795
721.7185,721.7288,23750,30444,Nyctalus leisleri,0.009,0.024,-1,Echolocation,/mnt/ubna_data_02_mir/recover-20221013/UBNA_001/20221012_030000.WAV,Telephone Field,recover-20221013,001,1795
721.7515,721.7911,68437,81859,Rhinolophus ferrumequinum,0.022,0.022,-1,Echolocation,/mnt/ubna_data_02_mir/recover-20221013/UBNA_001/20221012_030000.WAV,Telephone Field,recover-20221013,001,1795
721.7805,721.7889,28906,39057,Eptesicus serotinus,0.008,0.024,-1,Echolocation,/mnt/ubna_data_02_mir/recover-20221013/UBNA_001/20221012_030000.WAV,Telephone Field,recover-20221013,001,1795
721.7915,721.7981,46953,54318,Pipistrellus pipistrellus,0.018,0.021,-1,Echolocation,/mnt/ubna_data_02_mir/recover-20221013/UBNA_001/20221012_030000.WAV,Telephone Field,recover-20221013,001,1795
721.8135,721.8243,23750,29788,Nyctalus leisleri,0.009,0.022,-1,Echolocation,/mnt/ubna_data_02_mir/recover-20221013/UBNA_001/20221012_030000.WAV,Telephone Field,recover-20221013,001,1795
721.8175,721.857,68437,82810,Rhinolophus ferrumequinum,0.026,0.026,-1,Echolocation,/mnt/ubna_data_02_mir/recover-20221013/UBNA_001/20221012_030000.WAV,Telephone Field,recover-20221013,001,1795
721.8345,721.8772,68437,82576,Rhinolophus ferrumequinum,0.025,0.025,-1,Echolocation,/mnt/ubna_data_02_mir/recover-20221013/UBNA_001/20221012_030000.WAV,Telephone Field,recover-20221013,001,1795
721.8705,721.9094,68437,83175,Rhinolophus ferrumequinum,0.023,0.023,-1,Echolocation,/mnt/ubna_data_02_mir/recover-20221013/UBNA_001/20221012_030000.WAV,Telephone Field,recover-20221013,001,1795
721.8845,721.9258,68437,82508,Rhinolophus ferrumequinum,0.023,0.023,-1,Echolocation,/mnt/ubna_data_02_mir/recover-20221013/UBNA_001/20221012_030000.WAV,Telephone Field,recover-20221013,001,1795
721.8915,721.9319,68437,82408,Rhinolophus ferrumequinum,0.024,0.024,-1,Echolocation,/mnt/ubna_data_02_mir/recover-20221013/UBNA_001/20221012_030000.WAV,Telephone Field,recover-20221013,001,1795
721.9645,721.9769,23750,29185,Nyctalus leisleri,0.018,0.036,-1,Echolocation,/mnt/ubna_data_02_mir/recover-20221013/UBNA_001/20221012_030000.WAV,Telephone Field,recover-20221013,001,1795
721.9725,721.9817,28906,36532,Eptesicus serotinus,0.007,0.022,-1,Echolocation,/mnt/ubna_data_02_mir/recover-20221013/UBNA_001/20221012_030000.WAV,Telephone Field,recover-20221013,001,1795
722.0015,722.0105,25468,32546,Nyctalus leisleri,0.02,0.057,-1,Echolocation,/mnt/ubna_data_02_mir/recover-20221013/UBNA_001/20221012_030000.WAV,Telephone Field,recover-20221013,001,1795
722.0015,722.0362,68437,79659,Rhinolophus ferrumequinum,0.031,0.032,-1,Echolocation,/mnt/ubna_data_02_mir/recover-20221013/UBNA_001/20221012_030000.WAV,Telephone Field,recover-20221013,001,1795
722.0115,722.0551,68437,83331,Rhinolophus ferrumequinum,0.029,0.029,-1,Echolocation,/mnt/ubna_data_02_mir/recover-20221013/UBNA_001/20221012_030000.WAV,Telephone Field,recover-20221013,001,1795
722.0735,722.1119,68437,81953,Rhinolophus ferrumequinum,0.027,0.027,-1,Echolocation,/mnt/ubna_data_02_mir/recover-20221013/UBNA_001/20221012_030000.WAV,Telephone Field,recover-20221013,001,1795
722.0825,722.0898,23750,32351,Plecotus austriacus,0.01,0.027,-1,Echolocation,/mnt/ubna_data_02_mir/recover-20221013/UBNA_001/20221012_030000.WAV,Telephone Field,recover-20221013,001,1795
722.0975,722.138,68437,83419,Rhinolophus ferrumequinum,0.028,0.028,-1,Echolocation,/mnt/ubna_data_02_mir/recover-20221013/UBNA_001/20221012_030000.WAV,Telephone Field,recover-20221013,001,1795
722.1245,722.1564,68437,81528,Rhinolophus ferrumequinum,0.026,0.026,-1,Echolocation,/mnt/ubna_data_02_mir/recover-20221013/UBNA_001/20221012_030000.WAV,Telephone Field,recover-20221013,001,1795
722.1675,722.2055,68437,82183,Rhinolophus ferrumequinum,0.023,0.023,-1,Echolocation,/mnt/ubna_data_02_mir/recover-20221013/UBNA_001/20221012_030000.WAV,Telephone Field,recover-20221013,001,1795
722.1915,722.1988,28046,40803,Eptesicus serotinus,0.008,0.025,-1,Echolocation,/mnt/ubna_data_02_mir/recover-20221013/UBNA_001/20221012_030000.WAV,Telephone Field,recover-20221013,001,1795
722.2035,722.2431,68437,82208,Rhinolophus ferrumequinum,0.033,0.033,-1,Echolocation,/mnt/ubna_data_02_mir/recover-20221013/UBNA_001/20221012_030000.WAV,Telephone Field,recover-20221013,001,1795
722.2255,722.2682,68437,82903,Rhinolophus ferrumequinum,0.029,0.029,-1,Echolocation,/mnt/ubna_data_02_mir/recover-20221013/UBNA_001/20221012_030000.WAV,Telephone Field,recover-20221013,001,1795
722.2765,722.3168,68437,83232,Rhinolophus ferrumequinum,0.028,0.028,-1,Echolocation,/mnt/ubna_data_02_mir/recover-20221013/UBNA_001/20221012_030000.WAV,Telephone Field,recover-20221013,001,1795
722.2825,722.3203,68437,82485,Rhinolophus ferrumequinum,0.028,0.028,-1,Echolocation,/mnt/ubna_data_02_mir/recover-20221013/UBNA_001/20221012_030000.WAV,Telephone Field,recover-20221013,001,1795
722.2955,722.3324,68437,81287,Rhinolophus ferrumequinum,0.025,0.026,-1,Echolocation,/mnt/ubna_data_02_mir/recover-20221013/UBNA_001/20221012_030000.WAV,Telephone Field,recover-20221013,001,1795
722.3405,722.3505,23750,30488,Nyctalus leisleri,0.01,0.028,-1,Echolocation,/mnt/ubna_data_02_mir/recover-20221013/UBNA_001/20221012_030000.WAV,Telephone Field,recover-20221013,001,1795
722.3455,722.384,68437,81555,Rhinolophus ferrumequinum,0.025,0.025,-1,Echolocation,/mnt/ubna_data_02_mir/recover-20221013/UBNA_001/20221012_030000.WAV,Telephone Field,recover-20221013,001,1795
722.3535,722.3936,68437,82555,Rhinolophus ferrumequinum,0.03,0.03,-1,Echolocation,/mnt/ubna_data_02_mir/recover-20221013/UBNA_001/20221012_030000.WAV,Telephone Field,recover-20221013,001,1795
722.3735,722.38,24609,35866,Plecotus austriacus,0.019,0.045,-1,Echolocation,/mnt/ubna_data_02_mir/recover-20221013/UBNA_001/20221012_030000.WAV,Telephone Field,recover-20221013,001,1795
722.3985,722.4061,27187,36137,Eptesicus serotinus,0.01,0.026,-1,Echolocation,/mnt/ubna_data_02_mir/recover-20221013/UBNA_001/20221012_030000.WAV,Telephone Field,recover-20221013,001,1795
722.4235,722.4378,44375,47958,Pipistrellus pipistrellus,0.035,0.038,-1,Echolocation,/mnt/ubna_data_02_mir/recover-20221013/UBNA_001/20221012_030000.WAV,Telephone Field,recover-20221013,001,1795
722.4265,722.4658,68437,82412,Rhinolophus ferrumequinum,0.026,0.026,-1,Echolocation,/mnt/ubna_data_02_mir/recover-20221013/UBNA_001/20221012_030000.WAV,Telephone Field,recover-20221013,001,1795
722.4665,722.5077,68437,83260,Rhinolophus ferrumequinum,0.029,0.029,-1,Echolocation,/mnt/ubna_data_02_mir/recover-20221013/UBNA_001/20221012_030000.WAV,Telephone Field,recover-20221013,001,1795
722.5095,722.5164,28906,40130,Eptesicus serotinus,0.006,0.024,-1,Echolocation,/mnt/ubna_data_02_mir/recover-20221013/UBNA_001/20221012_030000.WAV,Telephone Field,recover-20221013,001,1795
722.5735,722.6127,68437,82340,Rhinolophus ferrumequinum,0.025,0.025,-1,Echolocation,/mnt/ubna_data_02_mir/recover-20221013/UBNA_001/20221012_030000.WAV,Telephone Field,recover-20221013,001,1795
722.6065,722.6461,68437,82432,Rhinolophus ferrumequinum,0.026,0.026,-1,Echolocation,/mnt/ubna_data_02_mir/recover-20221013/UBNA_001/20221012_030000.WAV,Telephone Field,recover-20221013,001,1795
722.6155,722.6564,68437,82756,Rhinolophus ferrumequinum,0.023,0.023,-1,Echolocation,/mnt/ubna_data_02_mir/recover-20221013/UBNA_001/20221012_030000.WAV,Telephone Field,recover-20221013,001,1795
722.6325,722.6735,68437,82326,Rhinolophus ferrumequinum,0.025,0.025,-1,Echolocation,/mnt/ubna_data_02_mir/recover-20221013/UBNA_001/20221012_030000.WAV,Telephone Field,recover-20221013,001,1795
722.6405,722.6558,21171,24549,Nyctalus leisleri,0.017,0.028,-1,Echolocation,/mnt/ubna_data_02_mir/recover-20221013/UBNA_001/20221012_030000.WAV,Telephone Field,recover-20221013,001,1795
722.7145,722.7231,48671,54709,Pipistrellus pipistrellus,0.03,0.032,-1,Echolocation,/mnt/ubna_data_02_mir/recover-20221013/UBNA_001/20221012_030000.WAV,Telephone Field,recover-20221013,001,1795
722.7215,722.762,68437,81935,Rhinolophus ferrumequinum,0.024,0.025,-1,Echolocation,/mnt/ubna_data_02_mir/recover-20221013/UBNA_001/20221012_030000.WAV,Telephone Field,recover-20221013,001,1795
722.7285,722.7662,68437,81818,Rhinolophus ferrumequinum,0.023,0.023,-1,Echolocation,/mnt/ubna_data_02_mir/recover-20221013/UBNA_001/20221012_030000.WAV,Telephone Field,recover-20221013,001,1795
722.7545,722.7658,23750,29409,Nyctalus leisleri,0.011,0.023,-1,Echolocation,/mnt/ubna_data_02_mir/recover-20221013/UBNA_001/20221012_030000.WAV,Telephone Field,recover-20221013,001,1795
722.7755,722.8142,68437,82276,Rhinolophus ferrumequinum,0.026,0.026,-1,Echolocation,/mnt/ubna_data_02_mir/recover-20221013/UBNA_001/20221012_030000.WAV,Telephone Field,recover-20221013,001,1795
722.7915,722.8287,68437,82054,Rhinolophus ferrumequinum,0.023,0.023,-1,Echolocation,/mnt/ubna_data_02_mir/recover-20221013/UBNA_001/20221012_030000.WAV,Telephone Field,recover-20221013,001,1795
722.8005,722.808,47812,55289,Pipistrellus pipistrellus,0.025,0.027,-1,Echolocation,/mnt/ubna_data_02_mir/recover-20221013/UBNA_001/20221012_030000.WAV,Telephone Field,recover-20221013,001,1795
722.8025,722.8106,28046,43134,Eptesicus serotinus,0.015,0.035,-1,Echolocation,/mnt/ubna_data_02_mir/recover-20221013/UBNA_001/20221012_030000.WAV,Telephone Field,recover-20221013,001,1795
722.8605,722.9014,68437,82548,Rhinolophus ferrumequinum,0.026,0.026,-1,Echolocation,/mnt/ubna_data_02_mir/recover-20221013/UBNA_001/20221012_030000.WAV,Telephone Field,recover-20221013,001,1795
722.8875,722.8977,22890,29449,Nyctalus leisleri,0.009,0.024,-1,Echolocation,/mnt/ubna_data_02_mir/recover-20221013/UBNA_001/20221012_030000.WAV,Telephone Field,recover-20221013,001,1795
722.9275,722.9377,22890,29407,Nyctalus leisleri,0.009,0.024,-1,Echolocation,/mnt/ubna_data_02_mir/recover-20221013/UBNA_001/20221012_030000.WAV,Telephone Field,recover-20221013,001,1795
722.9445,722.9557,28046,37673,Eptesicus serotinus,0.016,0.029,-1,Echolocation,/mnt/ubna_data_02_mir/recover-20221013/UBNA_001/20221012_030000.WAV,Telephone Field,recover-20221013,001,1795
722.9515,722.9603,28906,40347,Eptesicus serotinus,0.01,0.027,-1,Echolocation,/mnt/ubna_data_02_mir/recover-20221013/UBNA_001/20221012_030000.WAV,Telephone Field,recover-20221013,001,1795
722.9815,722.989,58984,66107,Pipistrellus pygmaeus,0.027,0.028,-1,Echolocation,/mnt/ubna_data_02_mir/recover-20221013/UBNA_001/20221012_030000.WAV,Telephone Field,recover-20221013,001,1795
722.9995,723.0092,47812,54969,Pipistrellus pipistrellus,0.019,0.023,-1,Echolocation,/mnt/ubna_data_02_mir/recover-20221013/UBNA_001/20221012_030000.WAV,Telephone Field,recover-20221013,001,1795
723.0045,723.0444,68437,82788,Rhinolophus ferrumequinum,0.023,0.023,-1,Echolocation,/mnt/ubna_data_02_mir/recover-20221013/UBNA_001/20221012_030000.WAV,Telephone Field,recover-20221013,001,1795
723.0515,723.092,68437,82826,Rhinolophus ferrumequinum,0.028,0.028,-1,Echolocation,/mnt/ubna_data_02_mir/recover-20221013/UBNA_001/20221012_030000.WAV,Telephone Field,recover-20221013,001,1795
723.0525,723.0634,14296,19818,Nyctalus noctula,0.015,0.027,-1,Echolocation,/mnt/ubna_data_02_mir/recover-20221013/UBNA_001/20221012_030000.WAV,Telephone Field,recover-20221013,001,1795
723.0785,723.1173,68437,81814,Rhinolophus ferrumequinum,0.024,0.024,-1,Echolocation,/mnt/ubna_data_02_mir/recover-20221013/UBNA_001/20221012_030000.WAV,Telephone Field,recover-20221013,001,1795
723.1075,723.1167,28046,41210,Eptesicus serotinus,0.008,0.023,-1,Echolocation,/mnt/ubna_data_02_mir/recover-20221013/UBNA_001/20221012_030000.WAV,Telephone Field,recover-20221013,001,1795
723.1655,723.2046,68437,82055,Rhinolophus ferrumequinum,0.023,0.023,-1,Echolocation,/mnt/ubna_data_02_mir/recover-20221013/UBNA_001/20221012_030000.WAV,Telephone Field,recover-20221013,001,1795
723.1775,723.2143,68437,82149,Rhinolophus ferrumequinum,0.025,0.025,-1,Echolocation,/mnt/ubna_data_02_mir/recover-20221013/UBNA_001/20221012_030000.WAV,Telephone Field,recover-20221013,001,1795
723.1905,723.2321,68437,82845,Rhinolophus ferrumequinum,0.035,0.035,-1,Echolocation,/mnt/ubna_data_02_mir/recover-20221013/UBNA_001/20221012_030000.WAV,Telephone Field,recover-20221013,001,1795
723.2375,723.2461,24609,32821,Plecotus austriacus,0.007,0.023,-1,Echolocation,/mnt/ubna_data_02_mir/recover-20221013/UBNA_001/20221012_030000.WAV,Telephone Field,recover-20221013,001,1795
723.2675,723.3075,68437,82819,Rhinolophus ferrumequinum,0.025,0.025,-1,Echolocation,/mnt/ubna_data_02_mir/recover-20221013/UBNA_001/20221012_030000.WAV,Telephone Field,recover-20221013,001,1795
723.2785,723.2866,50390,55966,Pipistrellus pipistrellus,0.026,0.029,-1,Echolocation,/mnt/ubna_data_02_mir/recover-20221013/UBNA_001/20221012_030000.WAV,Telephone Field,recover-20221013,001,1795
723.2905,723.3004,26328,36517,Eptesicus serotinus,0.012,0.025,-1,Echolocation,/mnt/ubna_data_02_mir/recover-20221013/UBNA_001/20221012_030000.WAV,Telephone Field,recover-20221013,001,1795
723.3185,723.3599,68437,82693,Rhinolophus ferrumequinum,0.03,0.03,-1,Echolocation,/mnt/ubna_data_02_mir/recover-20221013/UBNA_001/20221012_030000.WAV,Telephone Field,recover-20221013,001,1795
723.4235,723.4652,68437,83053,Rhinolophus ferrumequinum,0.046,0.046,-1,Echolocation,/mnt/ubna_data_02_mir/recover-20221013/UBNA_001/20221012_030000.WAV,Telephone Field,recover-20221013,001,1795
723.4515,723.4635,22031,25614,Nyctalus leisleri,0.014,0.024,-1,Echolocation,/mnt/ubna_data_02_mir/recover-20221013/UBNA_001/20221012_030000.WAV,Telephone Field,recover-20221013,001,1795
723.4735,723.513,68437,81714,Rhinolophus ferrumequinum,0.023,0.023,-1,Echolocation,/mnt/ubna_data_02_mir/recover-20221013/UBNA_001/20221012_030000.WAV,Telephone Field,recover-20221013,001,1795
723.4735,723.4833,29765,38002,Eptesicus serotinus,0.009,0.025,-1,Echolocation,/mnt/ubna_data_02_mir/recover-20221013/UBNA_001/20221012_030000.WAV,Telephone Field,recover-20221013,001,1795
723.4995,723.5097,22031,28156,Nyctalus leisleri,0.009,0.029,-1,Echolocation,/mnt/ubna_data_02_mir/recover-20221013/UBNA_001/20221012_030000.WAV,Telephone Field,recover-20221013,001,1795
723.5315,723.57,68437,82037,Rhinolophus ferrumequinum,0.026,0.026,-1,Echolocation,/mnt/ubna_data_02_mir/recover-20221013/UBNA_001/20221012_030000.WAV,Telephone Field,recover-20221013,001,1795
723.5515,723.5881,68437,81628,Rhinolophus ferrumequinum,0.026,0.026,-1,Echolocation,/mnt/ubna_data_02_mir/recover-20221013/UBNA_001/20221012_030000.WAV,Telephone Field,recover-20221013,001,1795
723.5745,723.6152,68437,82919,Rhinolophus ferrumequinum,0.025,0.025,-1,Echolocation,/mnt/ubna_data_02_mir/recover-20221013/UBNA_001/20221012_030000.WAV,Telephone Field,recover-20221013,001,1795
723.5835,723.6248,68437,82757,Rhinolophus ferrumequinum,0.023,0.023,-1,Echolocation,/mnt/ubna_data_02_mir/recover-20221013/UBNA_001/20221012_030000.WAV,Telephone Field,recover-20221013,001,1795
723.6195,723.6618,68437,82963,Rhinolophus ferrumequinum,0.036,0.036,-1,Echolocation,/mnt/ubna_data_02_mir/recover-20221013/UBNA_001/20221012_030000.WAV,Telephone Field,recover-20221013,001,1795
723.6385,723.6776,68437,82316,Rhinolophus ferrumequinum,0.023,0.023,-1,Echolocation,/mnt/ubna_data_02_mir/recover-20221013/UBNA_001/20221012_030000.WAV,Telephone Field,recover-20221013,001,1795
723.6545,723.6923,68437,82495,Rhinolophus ferrumequinum,0.026,0.026,-1,Echolocation,/mnt/ubna_data_02_mir/recover-20221013/UBNA_001/20221012_030000.WAV,Telephone Field,recover-20221013,001,1795
723.6625,723.701,68437,82073,Rhinolophus ferrumequinum,0.027,0.027,-1,Echolocation,/mnt/ubna_data_02_mir/recover-20221013/UBNA_001/20221012_030000.WAV,Telephone Field,recover-20221013,001,1795
723.6635,723.6754,23750,30289,Nyctalus leisleri,0.01,0.025,-1,Echolocation,/mnt/ubna_data_02_mir/recover-20221013/UBNA_001/20221012_030000.WAV,Telephone Field,recover-20221013,001,1795
723.6695,723.6772,28046,39781,Eptesicus serotinus,0.007,0.024,-1,Echolocation,/mnt/ubna_data_02_mir/recover-20221013/UBNA_001/20221012_030000.WAV,Telephone Field,recover-20221013,001,1795
723.6955,723.7352,68437,82250,Rhinolophus ferrumequinum,0.025,0.025,-1,Echolocation,/mnt/ubna_data_02_mir/recover-20221013/UBNA_001/20221012_030000.WAV,Telephone Field,recover-20221013,001,1795
723.7045,723.7455,68437,82224,Rhinolophus ferrumequinum,0.027,0.027,-1,Echolocation,/mnt/ubna_data_02_mir/recover-20221013/UBNA_001/20221012_030000.WAV,Telephone Field,recover-20221013,001,1795
723.7065,723.7195,14296,19329,Nyctalus noctula,0.017,0.028,-1,Echolocation,/mnt/ubna_data_02_mir/recover-20221013/UBNA_001/20221012_030000.WAV,Telephone Field,recover-20221013,001,1795
723.7255,723.7621,68437,81972,Rhinolophus ferrumequinum,0.023,0.023,-1,Echolocation,/mnt/ubna_data_02_mir/recover-20221013/UBNA_001/20221012_030000.WAV,Telephone Field,recover-20221013,001,1795
723.7555,723.7938,68437,82111,Rhinolophus ferrumequinum,0.023,0.023,-1,Echolocation,/mnt/ubna_data_02_mir/recover-20221013/UBNA_001/20221012_030000.WAV,Telephone Field,recover-20221013,001,1795
723.7645,723.7728,28046,40044,Eptesicus serotinus,0.011,0.028,-1,Echolocation,/mnt/ubna_data_02_mir/recover-20221013/UBNA_001/20221012_030000.WAV,Telephone Field,recover-20221013,001,1795
723.7745,723.782,28046,39123,Eptesicus serotinus,0.008,0.025,-1,Echolocation,/mnt/ubna_data_02_mir/recover-20221013/UBNA_001/20221012_030000.WAV,Telephone Field,recover-20221013,001,1795
723.8045,723.8481,68437,82814,Rhinolophus ferrumequinum,0.047,0.047,-1,Echolocation,/mnt/ubna_data_02_mir/recover-20221013/UBNA_001/20221012_030000.WAV,Telephone Field,recover-20221013,001,1795
723.8315,723.8729,68437,82234,Rhinolophus ferrumequinum,0.023,0.023,-1,Echolocation,/mnt/ubna_data_02_mir/recover-20221013/UBNA_001/20221012_030000.WAV,Telephone Field,recover-20221013,001,1795
723.8705,723.9115,68437,82517,Rhinolophus ferrumequinum,0.029,0.03,-1,Echolocation,/mnt/ubna_data_02_mir/recover-20221013/UBNA_001/20221012_030000.WAV,Telephone Field,recover-20221013,001,1795
723.8705,723.8793,26328,36945,Eptesicus serotinus,0.009,0.024,-1,Echolocation,/mnt/ubna_data_02_mir/recover-20221013/UBNA_001/20221012_030000.WAV,Telephone Field,recover-20221013,001,1795
723.8955,723.9023,23750,33195,Plecotus austriacus,0.023,0.042,-1,Echolocation,/mnt/ubna_data_02_mir/recover-20221013/UBNA_001/20221012_030000.WAV,Telephone Field,recover-20221013,001,1795
723.9035,723.942,68437,81926,Rhinolophus ferrumequinum,0.024,0.024,-1,Echolocation,/mnt/ubna_data_02_mir/recover-20221013/UBNA_001/20221012_030000.WAV,Telephone Field,recover-20221013,001,1795
723.9455,723.951,24609,39763,Plecotus austriacus,0.009,0.026,-1,Echolocation,/mnt/ubna_data_02_mir/recover-20221013/UBNA_001/20221012_030000.WAV,Telephone Field,recover-20221013,001,1795
723.9815,723.9898,28046,38846,Eptesicus serotinus,0.009,0.025,-1,Echolocation,/mnt/ubna_data_02_mir/recover-20221013/UBNA_001/20221012_030000.WAV,Telephone Field,recover-20221013,001,1795
724.0015,724.0099,25468,34281,Nyctalus leisleri,0.008,0.025,-1,Echolocation,/mnt/ubna_data_02_mir/recover-20221013/UBNA_001/20221012_030000.WAV,Telephone Field,recover-20221013,001,1795
724.0015,724.0321,69296,81685,Rhinolophus ferrumequinum,0.026,0.026,-1,Echolocation,/mnt/ubna_data_02_mir/recover-20221013/UBNA_001/20221012_030000.WAV,Telephone Field,recover-20221013,001,1795
724.0945,724.1349,68437,82750,Rhinolophus ferrumequinum,0.028,0.028,-1,Echolocation,/mnt/ubna_data_02_mir/recover-20221013/UBNA_001/20221012_030000.WAV,Telephone Field,recover-20221013,001,1795
724.1435,724.1521,46953,52704,Pipistrellus pipistrellus,0.019,0.021,-1,Echolocation,/mnt/ubna_data_02_mir/recover-20221013/UBNA_001/20221012_030000.WAV,Telephone Field,recover-20221013,001,1795
724.1475,724.158,22031,27749,Nyctalus leisleri,0.009,0.024,-1,Echolocation,/mnt/ubna_data_02_mir/recover-20221013/UBNA_001/20221012_030000.WAV,Telephone Field,recover-20221013,001,1795
724.1675,724.2065,68437,81874,Rhinolophus ferrumequinum,0.021,0.021,-1,Echolocation,/mnt/ubna_data_02_mir/recover-20221013/UBNA_001/20221012_030000.WAV,Telephone Field,recover-20221013,001,1795
724.2145,724.2248,23750,29795,Nyctalus leisleri,0.01,0.024,-1,Echolocation,/mnt/ubna_data_02_mir/recover-20221013/UBNA_001/20221012_030000.WAV,Telephone Field,recover-20221013,001,1795
724.2385,724.2789,68437,82348,Rhinolophus ferrumequinum,0.029,0.029,-1,Echolocation,/mnt/ubna_data_02_mir/recover-20221013/UBNA_001/20221012_030000.WAV,Telephone Field,recover-20221013,001,1795
724.2415,724.2511,28046,37713,Eptesicus serotinus,0.018,0.033,-1,Echolocation,/mnt/ubna_data_02_mir/recover-20221013/UBNA_001/20221012_030000.WAV,Telephone Field,recover-20221013,001,1795
724.2515,724.2897,68437,81819,Rhinolophus ferrumequinum,0.024,0.024,-1,Echolocation,/mnt/ubna_data_02_mir/recover-20221013/UBNA_001/20221012_030000.WAV,Telephone Field,recover-20221013,001,1795
724.2595,724.3012,68437,82297,Rhinolophus ferrumequinum,0.025,0.025,-1,Echolocation,/mnt/ubna_data_02_mir/recover-20221013/UBNA_001/20221012_030000.WAV,Telephone Field,recover-20221013,001,1795
724.2645,724.3035,68437,82275,Rhinolophus ferrumequinum,0.024,0.024,-1,Echolocation,/mnt/ubna_data_02_mir/recover-20221013/UBNA_001/20221012_030000.WAV,Telephone Field,recover-20221013,001,1795
724.3015,724.308,27187,40194,Eptesicus serotinus,0.005,0.023,-1,Echolocation,/mnt/ubna_data_02_mir/recover-20221013/UBNA_001/20221012_030000.WAV,Telephone Field,recover-20221013,001,1795
724.3495,724.39,68437,82791,Rhinolophus ferrumequinum,0.023,0.023,-1,Echolocation,/mnt/ubna_data_02_mir/recover-20221013/UBNA_001/20221012_030000.WAV,Telephone Field,recover-20221013,001,1795
724.3945,724.4323,68437,81880,Rhinolophus ferrumequinum,0.021,0.021,-1,Echolocation,/mnt/ubna_data_02_mir/recover-20221013/UBNA_001/20221012_030000.WAV,Telephone Field,recover-20221013,001,1795
724.3995,724.4349,68437,82002,Rhinolophus ferrumequinum,0.02,0.02,-1,Echolocation,/mnt/ubna_data_02_mir/recover-20221013/UBNA_001/20221012_030000.WAV,Telephone Field,recover-20221013,001,1795
724.4155,724.4534,68437,81957,Rhinolophus ferrumequinum,0.022,0.022,-1,Echolocation,/mnt/ubna_data_02_mir/recover-20221013/UBNA_001/20221012_030000.WAV,Telephone Field,recover-20221013,001,1795
724.4435,724.4536,22890,28654,Nyctalus leisleri,0.008,0.021,-1,Echolocation,/mnt/ubna_data_02_mir/recover-20221013/UBNA_001/20221012_030000.WAV,Telephone Field,recover-20221013,001,1795
724.4645,724.5075,68437,83276,Rhinolophus ferrumequinum,0.027,0.027,-1,Echolocation,/mnt/ubna_data_02_mir/recover-20221013/UBNA_001/20221012_030000.WAV,Telephone Field,recover-20221013,001,1795
724.5175,724.5273,22890,28493,Nyctalus leisleri,0.008,0.021,-1,Echolocation,/mnt/ubna_data_02_mir/recover-20221013/UBNA_001/20221012_030000.WAV,Telephone Field,recover-20221013,001,1795
724.5245,724.5626,68437,82343,Rhinolophus ferrumequinum,0.021,0.021,-1,Echolocation,/mnt/ubna_data_02_mir/recover-20221013/UBNA_001/20221012_030000.WAV,Telephone Field,recover-20221013,001,1795
724.5815,724.6224,68437,83284,Rhinolophus ferrumequinum,0.027,0.027,-1,Echolocation,/mnt/ubna_data_02_mir/recover-20221013/UBNA_001/20221012_030000.WAV,Telephone Field,recover-20221013,001,1795
724.6155,724.6577,68437,82917,Rhinolophus ferrumequinum,0.064,0.064,-1,Echolocation,/mnt/ubna_data_02_mir/recover-20221013/UBNA_001/20221012_030000.WAV,Telephone Field,recover-20221013,001,1795
724.6425,724.6512,27187,40479,Eptesicus serotinus,0.008,0.021,-1,Echolocation,/mnt/ubna_data_02_mir/recover-20221013/UBNA_001/20221012_030000.WAV,Telephone Field,recover-20221013,001,1795
724.6595,724.6683,23750,31330,Plecotus austriacus,0.007,0.021,-1,Echolocation,/mnt/ubna_data_02_mir/recover-20221013/UBNA_001/20221012_030000.WAV,Telephone Field,recover-20221013,001,1795
724.6785,724.7213,68437,82841,Rhinolophus ferrumequinum,0.028,0.028,-1,Echolocation,/mnt/ubna_data_02_mir/recover-20221013/UBNA_001/20221012_030000.WAV,Telephone Field,recover-20221013,001,1795
724.6915,724.7119,22031,25145,Nyctalus leisleri,0.04,0.069,-1,Echolocation,/mnt/ubna_data_02_mir/recover-20221013/UBNA_001/20221012_030000.WAV,Telephone Field,recover-20221013,001,1795
724.7345,724.7713,68437,82031,Rhinolophus ferrumequinum,0.021,0.021,-1,Echolocation,/mnt/ubna_data_02_mir/recover-20221013/UBNA_001/20221012_030000.WAV,Telephone Field,recover-20221013,001,1795
724.7845,724.7914,25468,40830,Myotis nattereri,0.007,0.026,-1,Echolocation,/mnt/ubna_data_02_mir/recover-20221013/UBNA_001/20221012_030000.WAV,Telephone Field,recover-20221013,001,1795
724.7875,724.8251,68437,82140,Rhinolophus ferrumequinum,0.022,0.022,-1,Echolocation,/mnt/ubna_data_02_mir/recover-20221013/UBNA_001/20221012_030000.WAV,Telephone Field,recover-20221013,001,1795
724.8245,724.8318,28046,37861,Eptesicus serotinus,0.006,0.022,-1,Echolocation,/mnt/ubna_data_02_mir/recover-20221013/UBNA_001/20221012_030000.WAV,Telephone Field,recover-20221013,001,1795
724.8555,724.8943,68437,81357,Rhinolophus ferrumequinum,0.023,0.023,-1,Echolocation,/mnt/ubna_data_02_mir/recover-20221013/UBNA_001/20221012_030000.WAV,Telephone Field,recover-20221013,001,1795
724.9135,724.951,68437,81130,Rhinolophus ferrumequinum,0.026,0.026,-1,Echolocation,/mnt/ubna_data_02_mir/recover-20221013/UBNA_001/20221012_030000.WAV,Telephone Field,recover-20221013,001,1795
724.9525,724.9934,68437,82126,Rhinolophus ferrumequinum,0.022,0.022,-1,Echolocation,/mnt/ubna_data_02_mir/recover-20221013/UBNA_001/20221012_030000.WAV,Telephone Field,recover-20221013,001,1795
724.9835,725.0241,68437,82461,Rhinolophus ferrumequinum,0.029,0.029,-1,Echolocation,/mnt/ubna_data_02_mir/recover-20221013/UBNA_001/20221012_030000.WAV,Telephone Field,recover-20221013,001,1795
725.0485,725.0848,68437,82201,Rhinolophus ferrumequinum,0.021,0.021,-1,Echolocation,/mnt/ubna_data_02_mir/recover-20221013/UBNA_001/20221012_030000.WAV,Telephone Field,recover-20221013,001,1795
725.0645,725.1022,68437,82149,Rhinolophus ferrumequinum,0.023,0.023,-1,Echolocation,/mnt/ubna_data_02_mir/recover-20221013/UBNA_001/20221012_030000.WAV,Telephone Field,recover-20221013,001,1795
725.0815,725.12,68437,81710,Rhinolophus ferrumequinum,0.021,0.021,-1,Echolocation,/mnt/ubna_data_02_mir/recover-20221013/UBNA_001/20221012_030000.WAV,Telephone Field,recover-20221013,001,1795
725.1135,725.1242,22031,26254,Nyctalus leisleri,0.01,0.021,-1,Echolocation,/mnt/ubna_data_02_mir/recover-20221013/UBNA_001/20221012_030000.WAV,Telephone Field,recover-20221013,001,1795
725.1215,725.1289,51250,58944,Pipistrellus pipistrellus,0.015,0.022,-1,Echolocation,/mnt/ubna_data_02_mir/recover-20221013/UBNA_001/20221012_030000.WAV,Telephone Field,recover-20221013,001,1795
725.1475,725.1565,28046,36022,Eptesicus serotinus,0.008,0.021,-1,Echolocation,/mnt/ubna_data_02_mir/recover-20221013/UBNA_001/20221012_030000.WAV,Telephone Field,recover-20221013,001,1795
725.1915,725.1992,28046,41016,Eptesicus serotinus,0.008,0.024,-1,Echolocation,/mnt/ubna_data_02_mir/recover-20221013/UBNA_001/20221012_030000.WAV,Telephone Field,recover-20221013,001,1795
725.2195,725.2581,68437,82060,Rhinolophus ferrumequinum,0.022,0.022,-1,Echolocation,/mnt/ubna_data_02_mir/recover-20221013/UBNA_001/20221012_030000.WAV,Telephone Field,recover-20221013,001,1795
725.2715,725.31,68437,81976,Rhinolophus ferrumequinum,0.021,0.021,-1,Echolocation,/mnt/ubna_data_02_mir/recover-20221013/UBNA_001/20221012_030000.WAV,Telephone Field,recover-20221013,001,1795
725.2775,725.3129,68437,81206,Rhinolophus ferrumequinum,0.021,0.021,-1,Echolocation,/mnt/ubna_data_02_mir/recover-20221013/UBNA_001/20221012_030000.WAV,Telephone Field,recover-20221013,001,1795
725.2785,725.2862,28046,38229,Eptesicus serotinus,0.007,0.021,-1,Echolocation,/mnt/ubna_data_02_mir/recover-20221013/UBNA_001/20221012_030000.WAV,Telephone Field,recover-20221013,001,1795
725.3395,725.3765,68437,82169,Rhinolophus ferrumequinum,0.02,0.02,-1,Echolocation,/mnt/ubna_data_02_mir/recover-20221013/UBNA_001/20221012_030000.WAV,Telephone Field,recover-20221013,001,1795
725.4205,725.4609,68437,81981,Rhinolophus ferrumequinum,0.021,0.021,-1,Echolocation,/mnt/ubna_data_02_mir/recover-20221013/UBNA_001/20221012_030000.WAV,Telephone Field,recover-20221013,001,1795
725.4275,725.4638,68437,81494,Rhinolophus ferrumequinum,0.021,0.021,-1,Echolocation,/mnt/ubna_data_02_mir/recover-20221013/UBNA_001/20221012_030000.WAV,Telephone Field,recover-20221013,001,1795
725.4275,725.4356,23750,32261,Plecotus austriacus,0.008,0.022,-1,Echolocation,/mnt/ubna_data_02_mir/recover-20221013/UBNA_001/20221012_030000.WAV,Telephone Field,recover-20221013,001,1795
725.4545,725.4656,22890,27691,Nyctalus leisleri,0.011,0.022,-1,Echolocation,/mnt/ubna_data_02_mir/recover-20221013/UBNA_001/20221012_030000.WAV,Telephone Field,recover-20221013,001,1795
725.4885,725.5314,68437,82369,Rhinolophus ferrumequinum,0.025,0.025,-1,Echolocation,/mnt/ubna_data_02_mir/recover-20221013/UBNA_001/20221012_030000.WAV,Telephone Field,recover-20221013,001,1795
725.4905,725.5049,24609,28802,Nyctalus leisleri,0.036,0.079,-1,Echolocation,/mnt/ubna_data_02_mir/recover-20221013/UBNA_001/20221012_030000.WAV,Telephone Field,recover-20221013,001,1795
725.5195,725.5275,26328,34856,Eptesicus serotinus,0.008,0.023,-1,Echolocation,/mnt/ubna_data_02_mir/recover-20221013/UBNA_001/20221012_030000.WAV,Telephone Field,recover-20221013,001,1795
725.5255,725.561,68437,81266,Rhinolophus ferrumequinum,0.02,0.02,-1,Echolocation,/mnt/ubna_data_02_mir/recover-20221013/UBNA_001/20221012_030000.WAV,Telephone Field,recover-20221013,001,1795
725.5715,725.6117,68437,82660,Rhinolophus ferrumequinum,0.021,0.021,-1,Echolocation,/mnt/ubna_data_02_mir/recover-20221013/UBNA_001/20221012_030000.WAV,Telephone Field,recover-20221013,001,1795
725.5935,725.6322,68437,82420,Rhinolophus ferrumequinum,0.021,0.021,-1,Echolocation,/mnt/ubna_data_02_mir/recover-20221013/UBNA_001/20221012_030000.WAV,Telephone Field,recover-20221013,001,1795
725.6055,725.6461,68437,82519,Rhinolophus ferrumequinum,0.02,0.02,-1,Echolocation,/mnt/ubna_data_02_mir/recover-20221013/UBNA_001/20221012_030000.WAV,Telephone Field,recover-20221013,001,1795
725.6465,725.6563,22890,27988,Nyctalus leisleri,0.009,0.021,-1,Echolocation,/mnt/ubna_data_02_mir/recover-20221013/UBNA_001/20221012_030000.WAV,Telephone Field,recover-20221013,001,1795
725.6665,725.6759,41796,51654,Pipistrellus nathusii,0.005,0.021,-1,Echolocation,/mnt/ubna_data_02_mir/recover-20221013/UBNA_001/20221012_030000.WAV,Telephone Field,recover-20221013,001,1795
725.6675,725.7072000000001,68437,82588,Rhinolophus ferrumequinum,0.023,0.023,-1,Echolocation,/mnt/ubna_data_02_mir/recover-20221013/UBNA_001/20221012_030000.WAV,Telephone Field,recover-20221013,001,1795
725.7265,725.7687,68437,82873,Rhinolophus ferrumequinum,0.026,0.026,-1,Echolocation,/mnt/ubna_data_02_mir/recover-20221013/UBNA_001/20221012_030000.WAV,Telephone Field,recover-20221013,001,1795
725.7645,725.7776,28906,33589,Eptesicus serotinus,0.024,0.053,-1,Echolocation,/mnt/ubna_data_02_mir/recover-20221013/UBNA_001/20221012_030000.WAV,Telephone Field,recover-20221013,001,1795
725.7695,725.8113,68437,83385,Rhinolophus ferrumequinum,0.028,0.028,-1,Echolocation,/mnt/ubna_data_02_mir/recover-20221013/UBNA_001/20221012_030000.WAV,Telephone Field,recover-20221013,001,1795
725.8085,725.8159,22890,31683,Plecotus austriacus,0.012,0.025,-1,Echolocation,/mnt/ubna_data_02_mir/recover-20221013/UBNA_001/20221012_030000.WAV,Telephone Field,recover-20221013,001,1795
725.8195,725.8297,24609,30754,Eptesicus serotinus,0.009,0.026,-1,Echolocation,/mnt/ubna_data_02_mir/recover-20221013/UBNA_001/20221012_030000.WAV,Telephone Field,recover-20221013,001,1795
725.8265,725.8654,68437,82533,Rhinolophus ferrumequinum,0.022,0.022,-1,Echolocation,/mnt/ubna_data_02_mir/recover-20221013/UBNA_001/20221012_030000.WAV,Telephone Field,recover-20221013,001,1795
725.8515,725.8905,68437,82666,Rhinolophus ferrumequinum,0.024,0.024,-1,Echolocation,/mnt/ubna_data_02_mir/recover-20221013/UBNA_001/20221012_030000.WAV,Telephone Field,recover-20221013,001,1795
725.8665,725.8735,27187,40543,Eptesicus serotinus,0.006,0.022,-1,Echolocation,/mnt/ubna_data_02_mir/recover-20221013/UBNA_001/20221012_030000.WAV,Telephone Field,recover-20221013,001,1795
725.8905,725.9023,44375,47666,Pipistrellus pipistrellus,0.026,0.029,-1,Echolocation,/mnt/ubna_data_02_mir/recover-20221013/UBNA_001/20221012_030000.WAV,Telephone Field,recover-20221013,001,1795
725.8935,725.9334,68437,82800,Rhinolophus ferrumequinum,0.027,0.027,-1,Echolocation,/mnt/ubna_data_02_mir/recover-20221013/UBNA_001/20221012_030000.WAV,Telephone Field,recover-20221013,001,1795
725.9245,725.931,25468,35700,Plecotus auritus,0.014,0.036,-1,Echolocation,/mnt/ubna_data_02_mir/recover-20221013/UBNA_001/20221012_030000.WAV,Telephone Field,recover-20221013,001,1795
725.9335,725.9729,68437,82268,Rhinolophus ferrumequinum,0.023,0.023,-1,Echolocation,/mnt/ubna_data_02_mir/recover-20221013/UBNA_001/20221012_030000.WAV,Telephone Field,recover-20221013,001,1795
725.9425,725.9512,28046,36364,Eptesicus serotinus,0.008,0.02,-1,Echolocation,/mnt/ubna_data_02_mir/recover-20221013/UBNA_001/20221012_030000.WAV,Telephone Field,recover-20221013,001,1795
726.0015,726.0315,69296,80923,Rhinolophus ferrumequinum,0.023,0.023,-1,Echolocation,/mnt/ubna_data_02_mir/recover-20221013/UBNA_001/20221012_030000.WAV,Telephone Field,recover-20221013,001,1795
726.0015,726.0123,23750,30128,Nyctalus leisleri,0.013,0.033,-1,Echolocation,/mnt/ubna_data_02_mir/recover-20221013/UBNA_001/20221012_030000.WAV,Telephone Field,recover-20221013,001,1795
726.0125,726.023,22031,26749,Nyctalus leisleri,0.011,0.022,-1,Echolocation,/mnt/ubna_data_02_mir/recover-20221013/UBNA_001/20221012_030000.WAV,Telephone Field,recover-20221013,001,1795
726.0125,726.052,68437,81703,Rhinolophus ferrumequinum,0.02,0.021,-1,Echolocation,/mnt/ubna_data_02_mir/recover-20221013/UBNA_001/20221012_030000.WAV,Telephone Field,recover-20221013,001,1795
726.0395,726.0787,68437,82012,Rhinolophus ferrumequinum,0.022,0.022,-1,Echolocation,/mnt/ubna_data_02_mir/recover-20221013/UBNA_001/20221012_030000.WAV,Telephone Field,recover-20221013,001,1795
726.0915,726.1309,68437,82758,Rhinolophus ferrumequinum,0.024,0.024,-1,Echolocation,/mnt/ubna_data_02_mir/recover-20221013/UBNA_001/20221012_030000.WAV,Telephone Field,recover-20221013,001,1795
726.1085,726.1492,68437,83072,Rhinolophus ferrumequinum,0.021,0.021,-1,Echolocation,/mnt/ubna_data_02_mir/recover-20221013/UBNA_001/20221012_030000.WAV,Telephone Field,recover-20221013,001,1795
726.1685,726.1751,24609,37878,Plecotus austriacus,0.007,0.023,-1,Echolocation,/mnt/ubna_data_02_mir/recover-20221013/UBNA_001/20221012_030000.WAV,Telephone Field,recover-20221013,001,1795
726.1835,726.2228,68437,81981,Rhinolophus ferrumequinum,0.026,0.026,-1,Echolocation,/mnt/ubna_data_02_mir/recover-20221013/UBNA_001/20221012_030000.WAV,Telephone Field,recover-20221013,001,1795
726.2065,726.2439,68437,81761,Rhinolophus ferrumequinum,0.024,0.025,-1,Echolocation,/mnt/ubna_data_02_mir/recover-20221013/UBNA_001/20221012_030000.WAV,Telephone Field,recover-20221013,001,1795
726.2385,726.276,68437,81585,Rhinolophus ferrumequinum,0.021,0.021,-1,Echolocation,/mnt/ubna_data_02_mir/recover-20221013/UBNA_001/20221012_030000.WAV,Telephone Field,recover-20221013,001,1795
726.2435,726.2804,68437,81891,Rhinolophus ferrumequinum,0.02,0.02,-1,Echolocation,/mnt/ubna_data_02_mir/recover-20221013/UBNA_001/20221012_030000.WAV,Telephone Field,recover-20221013,001,1795
726.2435,726.2533,23750,30186,Nyctalus leisleri,0.009,0.024,-1,Echolocation,/mnt/ubna_data_02_mir/recover-20221013/UBNA_001/20221012_030000.WAV,Telephone Field,recover-20221013,001,1795
726.2605,726.3035,68437,83030,Rhinolophus ferrumequinum,0.031,0.031,-1,Echolocation,/mnt/ubna_data_02_mir/recover-20221013/UBNA_001/20221012_030000.WAV,Telephone Field,recover-20221013,001,1795
726.2855,726.2951,26328,34772,Eptesicus serotinus,0.009,0.021,-1,Echolocation,/mnt/ubna_data_02_mir/recover-20221013/UBNA_001/20221012_030000.WAV,Telephone Field,recover-20221013,001,1795
726.3225,726.3318,26328,35136,Eptesicus serotinus,0.011,0.025,-1,Echolocation,/mnt/ubna_data_02_mir/recover-20221013/UBNA_001/20221012_030000.WAV,Telephone Field,recover-20221013,001,1795
726.3325,726.3712,68437,82650,Rhinolophus ferrumequinum,0.023,0.023,-1,Echolocation,/mnt/ubna_data_02_mir/recover-20221013/UBNA_001/20221012_030000.WAV,Telephone Field,recover-20221013,001,1795
726.3365,726.3449,56406,60666,Pipistrellus pygmaeus,0.021,0.022,-1,Echolocation,/mnt/ubna_data_02_mir/recover-20221013/UBNA_001/20221012_030000.WAV,Telephone Field,recover-20221013,001,1795
726.3435,726.3842,68437,82133,Rhinolophus ferrumequinum,0.022,0.022,-1,Echolocation,/mnt/ubna_data_02_mir/recover-20221013/UBNA_001/20221012_030000.WAV,Telephone Field,recover-20221013,001,1795
726.3505,726.36,32343,39838,Myotis daubentonii,0.007,0.023,-1,Echolocation,/mnt/ubna_data_02_mir/recover-20221013/UBNA_001/20221012_030000.WAV,Telephone Field,recover-20221013,001,1795
726.3645,726.4034,68437,82237,Rhinolophus ferrumequinum,0.021,0.021,-1,Echolocation,/mnt/ubna_data_02_mir/recover-20221013/UBNA_001/20221012_030000.WAV,Telephone Field,recover-20221013,001,1795
726.3685,726.3798,22031,26174,Nyctalus leisleri,0.011,0.022,-1,Echolocation,/mnt/ubna_data_02_mir/recover-20221013/UBNA_001/20221012_030000.WAV,Telephone Field,recover-20221013,001,1795
726.4145,726.4516,68437,81886,Rhinolophus ferrumequinum,0.021,0.022,-1,Echolocation,/mnt/ubna_data_02_mir/recover-20221013/UBNA_001/20221012_030000.WAV,Telephone Field,recover-20221013,001,1795
726.4415,726.4821,68437,82055,Rhinolophus ferrumequinum,0.022,0.022,-1,Echolocation,/mnt/ubna_data_02_mir/recover-20221013/UBNA_001/20221012_030000.WAV,Telephone Field,recover-20221013,001,1795
726.4655,726.5049,68437,82323,Rhinolophus ferrumequinum,0.021,0.021,-1,Echolocation,/mnt/ubna_data_02_mir/recover-20221013/UBNA_001/20221012_030000.WAV,Telephone Field,recover-20221013,001,1795
726.4915,726.5338,68437,83674,Rhinolophus ferrumequinum,0.027,0.027,-1,Echolocation,/mnt/ubna_data_02_mir/recover-20221013/UBNA_001/20221012_030000.WAV,Telephone Field,recover-20221013,001,1795
726.5105,726.5214,23750,28901,Nyctalus leisleri,0.014,0.028,-1,Echolocation,/mnt/ubna_data_02_mir/recover-20221013/UBNA_001/20221012_030000.WAV,Telephone Field,recover-20221013,001,1795
726.5265,726.5383,23750,28431,Nyctalus leisleri,0.011,0.022,-1,Echolocation,/mnt/ubna_data_02_mir/recover-20221013/UBNA_001/20221012_030000.WAV,Telephone Field,recover-20221013,001,1795
726.5465,726.5862,68437,82436,Rhinolophus ferrumequinum,0.022,0.022,-1,Echolocation,/mnt/ubna_data_02_mir/recover-20221013/UBNA_001/20221012_030000.WAV,Telephone Field,recover-20221013,001,1795
726.5535,726.5732,20312,23166,Nyctalus leisleri,0.012,0.023,-1,Echolocation,/mnt/ubna_data_02_mir/recover-20221013/UBNA_001/20221012_030000.WAV,Telephone Field,recover-20221013,001,1795
726.5765,726.6153,68437,82444,Rhinolophus ferrumequinum,0.023,0.023,-1,Echolocation,/mnt/ubna_data_02_mir/recover-20221013/UBNA_001/20221012_030000.WAV,Telephone Field,recover-20221013,001,1795
726.5765,726.5843,27187,37487,Eptesicus serotinus,0.007,0.021,-1,Echolocation,/mnt/ubna_data_02_mir/recover-20221013/UBNA_001/20221012_030000.WAV,Telephone Field,recover-20221013,001,1795
726.5885,726.6278,68437,81715,Rhinolophus ferrumequinum,0.021,0.021,-1,Echolocation,/mnt/ubna_data_02_mir/recover-20221013/UBNA_001/20221012_030000.WAV,Telephone Field,recover-20221013,001,1795
726.6115,726.6493,68437,81883,Rhinolophus ferrumequinum,0.021,0.021,-1,Echolocation,/mnt/ubna_data_02_mir/recover-20221013/UBNA_001/20221012_030000.WAV,Telephone Field,recover-20221013,001,1795
726.6255,726.6635,68437,82410,Rhinolophus ferrumequinum,0.022,0.022,-1,Echolocation,/mnt/ubna_data_02_mir/recover-20221013/UBNA_001/20221012_030000.WAV,Telephone Field,recover-20221013,001,1795
726.6435,726.6547,26328,33605,Eptesicus serotinus,0.011,0.024,-1,Echolocation,/mnt/ubna_data_02_mir/recover-20221013/UBNA_001/20221012_030000.WAV,Telephone Field,recover-20221013,001,1795
726.6505,726.6616,26328,32355,Eptesicus serotinus,0.011,0.025,-1,Echolocation,/mnt/ubna_data_02_mir/recover-20221013/UBNA_001/20221012_030000.WAV,Telephone Field,recover-20221013,001,1795
726.6645,726.6746,28046,40342,Eptesicus serotinus,0.013,0.026,-1,Echolocation,/mnt/ubna_data_02_mir/recover-20221013/UBNA_001/20221012_030000.WAV,Telephone Field,recover-20221013,001,1795
726.6705,726.6782,34062,40560,Barbastellus barbastellus,0.021,0.033,-1,Echolocation,/mnt/ubna_data_02_mir/recover-20221013/UBNA_001/20221012_030000.WAV,Telephone Field,recover-20221013,001,1795
726.7455,726.7852,68437,81966,Rhinolophus ferrumequinum,0.022,0.022,-1,Echolocation,/mnt/ubna_data_02_mir/recover-20221013/UBNA_001/20221012_030000.WAV,Telephone Field,recover-20221013,001,1795
726.7545,726.7614,27187,36586,Eptesicus serotinus,0.007,0.024,-1,Echolocation,/mnt/ubna_data_02_mir/recover-20221013/UBNA_001/20221012_030000.WAV,Telephone Field,recover-20221013,001,1795
726.7765,726.815,68437,81865,Rhinolophus ferrumequinum,0.021,0.021,-1,Echolocation,/mnt/ubna_data_02_mir/recover-20221013/UBNA_001/20221012_030000.WAV,Telephone Field,recover-20221013,001,1795
726.7825,726.8205,68437,82024,Rhinolophus ferrumequinum,0.022,0.022,-1,Echolocation,/mnt/ubna_data_02_mir/recover-20221013/UBNA_001/20221012_030000.WAV,Telephone Field,recover-20221013,001,1795
726.8355,726.8475,23750,29922,Nyctalus leisleri,0.014,0.031,-1,Echolocation,/mnt/ubna_data_02_mir/recover-20221013/UBNA_001/20221012_030000.WAV,Telephone Field,recover-20221013,001,1795
726.8475,726.8861,68437,81925,Rhinolophus ferrumequinum,0.021,0.021,-1,Echolocation,/mnt/ubna_data_02_mir/recover-20221013/UBNA_001/20221012_030000.WAV,Telephone Field,recover-20221013,001,1795
726.8595,726.8993,68437,82093,Rhinolophus ferrumequinum,0.024,0.024,-1,Echolocation,/mnt/ubna_data_02_mir/recover-20221013/UBNA_001/20221012_030000.WAV,Telephone Field,recover-20221013,001,1795
726.8895,726.9279,68437,81287,Rhinolophus ferrumequinum,0.022,0.022,-1,Echolocation,/mnt/ubna_data_02_mir/recover-20221013/UBNA_001/20221012_030000.WAV,Telephone Field,recover-20221013,001,1795
726.8915,726.8987,28046,40239,Eptesicus serotinus,0.007,0.023,-1,Echolocation,/mnt/ubna_data_02_mir/recover-20221013/UBNA_001/20221012_030000.WAV,Telephone Field,recover-20221013,001,1795
726.9195,726.9589,68437,82555,Rhinolophus ferrumequinum,0.021,0.021,-1,Echolocation,/mnt/ubna_data_02_mir/recover-20221013/UBNA_001/20221012_030000.WAV,Telephone Field,recover-20221013,001,1795
726.9555,726.9894,68437,80483,Rhinolophus ferrumequinum,0.024,0.024,-1,Echolocation,/mnt/ubna_data_02_mir/recover-20221013/UBNA_001/20221012_030000.WAV,Telephone Field,recover-20221013,001,1795
726.9645,727.0032,68437,82473,Rhinolophus ferrumequinum,0.021,0.021,-1,Echolocation,/mnt/ubna_data_02_mir/recover-20221013/UBNA_001/20221012_030000.WAV,Telephone Field,recover-20221013,001,1795
726.9695,726.9791,28046,37092,Eptesicus serotinus,0.011,0.024,-1,Echolocation,/mnt/ubna_data_02_mir/recover-20221013/UBNA_001/20221012_030000.WAV,Telephone Field,recover-20221013,001,1795
726.9725,727.0109,68437,82082,Rhinolophus ferrumequinum,0.021,0.021,-1,Echolocation,/mnt/ubna_data_02_mir/recover-20221013/UBNA_001/20221012_030000.WAV,Telephone Field,recover-20221013,001,1795
726.9865,727.0307,68437,82826,Rhinolophus ferrumequinum,0.024,0.024,-1,Echolocation,/mnt/ubna_data_02_mir/recover-20221013/UBNA_001/20221012_030000.WAV,Telephone Field,recover-20221013,001,1795
727.0255,727.0625,68437,81663,Rhinolophus ferrumequinum,0.023,0.023,-1,Echolocation,/mnt/ubna_data_02_mir/recover-20221013/UBNA_001/20221012_030000.WAV,Telephone Field,recover-20221013,001,1795
727.0545,727.0931,68437,81864,Rhinolophus ferrumequinum,0.021,0.021,-1,Echolocation,/mnt/ubna_data_02_mir/recover-20221013/UBNA_001/20221012_030000.WAV,Telephone Field,recover-20221013,001,1795
727.1055,727.1418,68437,81613,Rhinolophus ferrumequinum,0.022,0.022,-1,Echolocation,/mnt/ubna_data_02_mir/recover-20221013/UBNA_001/20221012_030000.WAV,Telephone Field,recover-20221013,001,1795
727.1255,727.1682,68437,83249,Rhinolophus ferrumequinum,0.025,0.025,-1,Echolocation,/mnt/ubna_data_02_mir/recover-20221013/UBNA_001/20221012_030000.WAV,Telephone Field,recover-20221013,001,1795
727.1545,727.1958,68437,82738,Rhinolophus ferrumequinum,0.027,0.027,-1,Echolocation,/mnt/ubna_data_02_mir/recover-20221013/UBNA_001/20221012_030000.WAV,Telephone Field,recover-20221013,001,1795
727.1745,727.1899,15156,19748,Nyctalus noctula,0.028,0.041,-1,Echolocation,/mnt/ubna_data_02_mir/recover-20221013/UBNA_001/20221012_030000.WAV,Telephone Field,recover-20221013,001,1795
727.2035,727.2125,28046,38609,Eptesicus serotinus,0.008,0.021,-1,Echolocation,/mnt/ubna_data_02_mir/recover-20221013/UBNA_001/20221012_030000.WAV,Telephone Field,recover-20221013,001,1795
727.2315,727.2503,15156,18462,Nyctalus noctula,0.031,0.044,-1,Echolocation,/mnt/ubna_data_02_mir/recover-20221013/UBNA_001/20221012_030000.WAV,Telephone Field,recover-20221013,001,1795
727.2445,727.289,68437,83340,Rhinolophus ferrumequinum,0.036,0.036,-1,Echolocation,/mnt/ubna_data_02_mir/recover-20221013/UBNA_001/20221012_030000.WAV,Telephone Field,recover-20221013,001,1795
727.2895,727.3276,68437,81952,Rhinolophus ferrumequinum,0.022,0.022,-1,Echolocation,/mnt/ubna_data_02_mir/recover-20221013/UBNA_001/20221012_030000.WAV,Telephone Field,recover-20221013,001,1795
727.3295,727.37,68437,82105,Rhinolophus ferrumequinum,0.022,0.022,-1,Echolocation,/mnt/ubna_data_02_mir/recover-20221013/UBNA_001/20221012_030000.WAV,Telephone Field,recover-20221013,001,1795
727.3485,727.386,68437,81348,Rhinolophus ferrumequinum,0.022,0.022,-1,Echolocation,/mnt/ubna_data_02_mir/recover-20221013/UBNA_001/20221012_030000.WAV,Telephone Field,recover-20221013,001,1795
727.3775,727.4141,68437,81095,Rhinolophus ferrumequinum,0.02,0.021,-1,Echolocation,/mnt/ubna_data_02_mir/recover-20221013/UBNA_001/20221012_030000.WAV,Telephone Field,recover-20221013,001,1795
727.4495,727.4869,68437,81506,Rhinolophus ferrumequinum,0.021,0.021,-1,Echolocation,/mnt/ubna_data_02_mir/recover-20221013/UBNA_001/20221012_030000.WAV,Telephone Field,recover-20221013,001,1795
727.4595,727.4722,23750,29390,Nyctalus leisleri,0.013,0.028,-1,Echolocation,/mnt/ubna_data_02_mir/recover-20221013/UBNA_001/20221012_030000.WAV,Telephone Field,recover-20221013,001,1795
727.5075,727.5468,68437,82380,Rhinolophus ferrumequinum,0.022,0.022,-1,Echolocation,/mnt/ubna_data_02_mir/recover-20221013/UBNA_001/20221012_030000.WAV,Telephone Field,recover-20221013,001,1795
727.5145,727.5526,68437,82379,Rhinolophus ferrumequinum,0.022,0.022,-1,Echolocation,/mnt/ubna_data_02_mir/recover-20221013/UBNA_001/20221012_030000.WAV,Telephone Field,recover-20221013,001,1795
727.5205,727.5598,68437,81966,Rhinolophus ferrumequinum,0.021,0.022,-1,Echolocation,/mnt/ubna_data_02_mir/recover-20221013/UBNA_001/20221012_030000.WAV,Telephone Field,recover-20221013,001,1795
727.5535,727.5635,34921,40894,Pipistrellus nathusii,0.011,0.029,-1,Echolocation,/mnt/ubna_data_02_mir/recover-20221013/UBNA_001/20221012_030000.WAV,Telephone Field,recover-20221013,001,1795
727.5605,727.5985,68437,81776,Rhinolophus ferrumequinum,0.022,0.022,-1,Echolocation,/mnt/ubna_data_02_mir/recover-20221013/UBNA_001/20221012_030000.WAV,Telephone Field,recover-20221013,001,1795
727.5825,727.5906,45234,55392,Pipistrellus pipistrellus,0.021,0.033,-1,Echolocation,/mnt/ubna_data_02_mir/recover-20221013/UBNA_001/20221012_030000.WAV,Telephone Field,recover-20221013,001,1795
727.6255,727.6322,28046,40146,Eptesicus serotinus,0.007,0.024,-1,Echolocation,/mnt/ubna_data_02_mir/recover-20221013/UBNA_001/20221012_030000.WAV,Telephone Field,recover-20221013,001,1795
727.6495,727.6864,68437,81856,Rhinolophus ferrumequinum,0.021,0.022,-1,Echolocation,/mnt/ubna_data_02_mir/recover-20221013/UBNA_001/20221012_030000.WAV,Telephone Field,recover-20221013,001,1795
727.6535,727.6622,43515,48997,Pipistrellus pipistrellus,0.018,0.024,-1,Echolocation,/mnt/ubna_data_02_mir/recover-20221013/UBNA_001/20221012_030000.WAV,Telephone Field,recover-20221013,001,1795
727.6555,727.6949,68437,82111,Rhinolophus ferrumequinum,0.021,0.021,-1,Echolocation,/mnt/ubna_data_02_mir/recover-20221013/UBNA_001/20221012_030000.WAV,Telephone Field,recover-20221013,001,1795
727.6555,727.6645,28046,39122,Eptesicus serotinus,0.01,0.025,-1,Echolocation,/mnt/ubna_data_02_mir/recover-20221013/UBNA_001/20221012_030000.WAV,Telephone Field,recover-20221013,001,1795
727.6675,727.6789,26328,31591,Eptesicus serotinus,0.011,0.027,-1,Echolocation,/mnt/ubna_data_02_mir/recover-20221013/UBNA_001/20221012_030000.WAV,Telephone Field,recover-20221013,001,1795
727.6845,727.7213,68437,81407,Rhinolophus ferrumequinum,0.023,0.023,-1,Echolocation,/mnt/ubna_data_02_mir/recover-20221013/UBNA_001/20221012_030000.WAV,Telephone Field,recover-20221013,001,1795
727.7215,727.7594,68437,82225,Rhinolophus ferrumequinum,0.023,0.023,-1,Echolocation,/mnt/ubna_data_02_mir/recover-20221013/UBNA_001/20221012_030000.WAV,Telephone Field,recover-20221013,001,1795
727.7375,727.7467,25468,33416,Eptesicus serotinus,0.008,0.024,-1,Echolocation,/mnt/ubna_data_02_mir/recover-20221013/UBNA_001/20221012_030000.WAV,Telephone Field,recover-20221013,001,1795
727.7495,727.7862,68437,80944,Rhinolophus ferrumequinum,0.021,0.021,-1,Echolocation,/mnt/ubna_data_02_mir/recover-20221013/UBNA_001/20221012_030000.WAV,Telephone Field,recover-20221013,001,1795
727.7655,727.7762,22890,27158,Nyctalus leisleri,0.011,0.02,-1,Echolocation,/mnt/ubna_data_02_mir/recover-20221013/UBNA_001/20221012_030000.WAV,Telephone Field,recover-20221013,001,1795
727.7795,727.789,28046,37074,Eptesicus serotinus,0.009,0.023,-1,Echolocation,/mnt/ubna_data_02_mir/recover-20221013/UBNA_001/20221012_030000.WAV,Telephone Field,recover-20221013,001,1795
727.7875,727.7985,28906,35016,Eptesicus serotinus,0.01,0.024,-1,Echolocation,/mnt/ubna_data_02_mir/recover-20221013/UBNA_001/20221012_030000.WAV,Telephone Field,recover-20221013,001,1795
727.7925,727.8031,29765,37100,Eptesicus serotinus,0.009,0.024,-1,Echolocation,/mnt/ubna_data_02_mir/recover-20221013/UBNA_001/20221012_030000.WAV,Telephone Field,recover-20221013,001,1795
727.8015,727.8142,33203,38756,Pipistrellus nathusii,0.008,0.031,-1,Echolocation,/mnt/ubna_data_02_mir/recover-20221013/UBNA_001/20221012_030000.WAV,Telephone Field,recover-20221013,001,1795
727.8215,727.8647,68437,82724,Rhinolophus ferrumequinum,0.027,0.027,-1,Echolocation,/mnt/ubna_data_02_mir/recover-20221013/UBNA_001/20221012_030000.WAV,Telephone Field,recover-20221013,001,1795
727.8515,727.8894,68437,82283,Rhinolophus ferrumequinum,0.02,0.021,-1,Echolocation,/mnt/ubna_data_02_mir/recover-20221013/UBNA_001/20221012_030000.WAV,Telephone Field,recover-20221013,001,1795
727.8695,727.9089,68437,82697,Rhinolophus ferrumequinum,0.022,0.022,-1,Echolocation,/mnt/ubna_data_02_mir/recover-20221013/UBNA_001/20221012_030000.WAV,Telephone Field,recover-20221013,001,1795
727.8795,727.921,68437,82441,Rhinolophus ferrumequinum,0.021,0.021,-1,Echolocation,/mnt/ubna_data_02_mir/recover-20221013/UBNA_001/20221012_030000.WAV,Telephone Field,recover-20221013,001,1795
727.8825,727.8956,22031,26196,Nyctalus leisleri,0.014,0.025,-1,Echolocation,/mnt/ubna_data_02_mir/recover-20221013/UBNA_001/20221012_030000.WAV,Telephone Field,recover-20221013,001,1795
727.8975,727.942,68437,83344,Rhinolophus ferrumequinum,0.025,0.025,-1,Echolocation,/mnt/ubna_data_02_mir/recover-20221013/UBNA_001/20221012_030000.WAV,Telephone Field,recover-20221013,001,1795
727.9185,727.9588,68437,82253,Rhinolophus ferrumequinum,0.022,0.022,-1,Echolocation,/mnt/ubna_data_02_mir/recover-20221013/UBNA_001/20221012_030000.WAV,Telephone Field,recover-20221013,001,1795
727.9405,727.9515,22890,26662,Nyctalus leisleri,0.017,0.028,-1,Echolocation,/mnt/ubna_data_02_mir/recover-20221013/UBNA_001/20221012_030000.WAV,Telephone Field,recover-20221013,001,1795
728.0015,728.0093,26328,36448,Nyctalus leisleri,0.006,0.027,-1,Echolocation,/mnt/ubna_data_02_mir/recover-20221013/UBNA_001/20221012_030000.WAV,Telephone Field,recover-20221013,001,1795
728.0015,728.0361,69296,81695,Rhinolophus ferrumequinum,0.035,0.035,-1,Echolocation,/mnt/ubna_data_02_mir/recover-20221013/UBNA_001/20221012_030000.WAV,Telephone Field,recover-20221013,001,1795
728.0075,728.051,68437,82448,Rhinolophus ferrumequinum,0.027,0.027,-1,Echolocation,/mnt/ubna_data_02_mir/recover-20221013/UBNA_001/20221012_030000.WAV,Telephone Field,recover-20221013,001,1795
728.0105,728.02,22890,28972,Nyctalus leisleri,0.008,0.023,-1,Echolocation,/mnt/ubna_data_02_mir/recover-20221013/UBNA_001/20221012_030000.WAV,Telephone Field,recover-20221013,001,1795
728.0485,728.0919,68437,83682,Rhinolophus ferrumequinum,0.032,0.032,-1,Echolocation,/mnt/ubna_data_02_mir/recover-20221013/UBNA_001/20221012_030000.WAV,Telephone Field,recover-20221013,001,1795
728.0955,728.1026,28046,39964,Eptesicus serotinus,0.006,0.022,-1,Echolocation,/mnt/ubna_data_02_mir/recover-20221013/UBNA_001/20221012_030000.WAV,Telephone Field,recover-20221013,001,1795
728.0965,728.1058,22890,29099,Plecotus austriacus,0.008,0.022,-1,Echolocation,/mnt/ubna_data_02_mir/recover-20221013/UBNA_001/20221012_030000.WAV,Telephone Field,recover-20221013,001,1795
728.1295,728.1714,68437,83361,Rhinolophus ferrumequinum,0.029,0.029,-1,Echolocation,/mnt/ubna_data_02_mir/recover-20221013/UBNA_001/20221012_030000.WAV,Telephone Field,recover-20221013,001,1795
728.1805,728.2205,68437,81655,Rhinolophus ferrumequinum,0.022,0.022,-1,Echolocation,/mnt/ubna_data_02_mir/recover-20221013/UBNA_001/20221012_030000.WAV,Telephone Field,recover-20221013,001,1795
728.2435,728.2541,36640,42245,Pipistrellus nathusii,0.007,0.022,-1,Echolocation,/mnt/ubna_data_02_mir/recover-20221013/UBNA_001/20221012_030000.WAV,Telephone Field,recover-20221013,001,1795
728.2495,728.2896,68437,81897,Rhinolophus ferrumequinum,0.024,0.024,-1,Echolocation,/mnt/ubna_data_02_mir/recover-20221013/UBNA_001/20221012_030000.WAV,Telephone Field,recover-20221013,001,1795
728.2625,728.3011,68437,82277,Rhinolophus ferrumequinum,0.026,0.026,-1,Echolocation,/mnt/ubna_data_02_mir/recover-20221013/UBNA_001/20221012_030000.WAV,Telephone Field,recover-20221013,001,1795
728.2745,728.2854,26328,32900,Eptesicus serotinus,0.009,0.021,-1,Echolocation,/mnt/ubna_data_02_mir/recover-20221013/UBNA_001/20221012_030000.WAV,Telephone Field,recover-20221013,001,1795
728.2925,728.3292,68437,81388,Rhinolophus ferrumequinum,0.022,0.022,-1,Echolocation,/mnt/ubna_data_02_mir/recover-20221013/UBNA_001/20221012_030000.WAV,Telephone Field,recover-20221013,001,1795
728.3285,728.3365,25468,33609,Plecotus austriacus,0.008,0.029,-1,Echolocation,/mnt/ubna_data_02_mir/recover-20221013/UBNA_001/20221012_030000.WAV,Telephone Field,recover-20221013,001,1795
728.3415,728.3478,46093,53247,Pipistrellus pipistrellus,0.019,0.022,-1,Echolocation,/mnt/ubna_data_02_mir/recover-20221013/UBNA_001/20221012_030000.WAV,Telephone Field,recover-20221013,001,1795
728.3485,728.356,28046,40839,Eptesicus serotinus,0.007,0.023,-1,Echolocation,/mnt/ubna_data_02_mir/recover-20221013/UBNA_001/20221012_030000.WAV,Telephone Field,recover-20221013,001,1795
728.4195,728.426,26328,36907,Plecotus austriacus,0.009,0.03,-1,Echolocation,/mnt/ubna_data_02_mir/recover-20221013/UBNA_001/20221012_030000.WAV,Telephone Field,recover-20221013,001,1795
728.4395,728.4842,68437,84204,Rhinolophus ferrumequinum,0.035,0.035,-1,Echolocation,/mnt/ubna_data_02_mir/recover-20221013/UBNA_001/20221012_030000.WAV,Telephone Field,recover-20221013,001,1795
728.4735,728.4815,22890,31545,Plecotus austriacus,0.016,0.037,-1,Echolocation,/mnt/ubna_data_02_mir/recover-20221013/UBNA_001/20221012_030000.WAV,Telephone Field,recover-20221013,001,1795
728.4915,728.5291,68437,81634,Rhinolophus ferrumequinum,0.022,0.023,-1,Echolocation,/mnt/ubna_data_02_mir/recover-20221013/UBNA_001/20221012_030000.WAV,Telephone Field,recover-20221013,001,1795
728.4925,728.5001,28046,39258,Eptesicus serotinus,0.007,0.022,-1,Echolocation,/mnt/ubna_data_02_mir/recover-20221013/UBNA_001/20221012_030000.WAV,Telephone Field,recover-20221013,001,1795
728.5335,728.5415,28046,41675,Eptesicus serotinus,0.008,0.023,-1,Echolocation,/mnt/ubna_data_02_mir/recover-20221013/UBNA_001/20221012_030000.WAV,Telephone Field,recover-20221013,001,1795
728.5405,728.5796,68437,82597,Rhinolophus ferrumequinum,0.023,0.023,-1,Echolocation,/mnt/ubna_data_02_mir/recover-20221013/UBNA_001/20221012_030000.WAV,Telephone Field,recover-20221013,001,1795
728.5425,728.5524,23750,29685,Nyctalus leisleri,0.009,0.022,-1,Echolocation,/mnt/ubna_data_02_mir/recover-20221013/UBNA_001/20221012_030000.WAV,Telephone Field,recover-20221013,001,1795
728.5945,728.602,27187,36727,Eptesicus serotinus,0.011,0.028,-1,Echolocation,/mnt/ubna_data_02_mir/recover-20221013/UBNA_001/20221012_030000.WAV,Telephone Field,recover-20221013,001,1795
728.7005,728.7094,27187,35573,Eptesicus serotinus,0.01,0.023,-1,Echolocation,/mnt/ubna_data_02_mir/recover-20221013/UBNA_001/20221012_030000.WAV,Telephone Field,recover-20221013,001,1795
728.7785,728.8176,68437,82379,Rhinolophus ferrumequinum,0.023,0.023,-1,Echolocation,/mnt/ubna_data_02_mir/recover-20221013/UBNA_001/20221012_030000.WAV,Telephone Field,recover-20221013,001,1795
728.7945,728.8026,28046,37346,Eptesicus serotinus,0.007,0.022,-1,Echolocation,/mnt/ubna_data_02_mir/recover-20221013/UBNA_001/20221012_030000.WAV,Telephone Field,recover-20221013,001,1795
728.8095,728.8505,68437,83034,Rhinolophus ferrumequinum,0.032,0.032,-1,Echolocation,/mnt/ubna_data_02_mir/recover-20221013/UBNA_001/20221012_030000.WAV,Telephone Field,recover-20221013,001,1795
728.8425,728.8809,68437,82014,Rhinolophus ferrumequinum,0.022,0.022,-1,Echolocation,/mnt/ubna_data_02_mir/recover-20221013/UBNA_001/20221012_030000.WAV,Telephone Field,recover-20221013,001,1795
728.8635,728.9022,68437,82300,Rhinolophus ferrumequinum,0.022,0.022,-1,Echolocation,/mnt/ubna_data_02_mir/recover-20221013/UBNA_001/20221012_030000.WAV,Telephone Field,recover-20221013,001,1795
728.9195,728.9293,22031,27805,Plecotus austriacus,0.012,0.032,-1,Echolocation,/mnt/ubna_data_02_mir/recover-20221013/UBNA_001/20221012_030000.WAV,Telephone Field,recover-20221013,001,1795
728.9825,728.9891,23750,33182,Plecotus austriacus,0.01,0.023,-1,Echolocation,/mnt/ubna_data_02_mir/recover-20221013/UBNA_001/20221012_030000.WAV,Telephone Field,recover-20221013,001,1795
729.0085,729.0482,68437,82294,Rhinolophus ferrumequinum,0.023,0.023,-1,Echolocation,/mnt/ubna_data_02_mir/recover-20221013/UBNA_001/20221012_030000.WAV,Telephone Field,recover-20221013,001,1795
729.0265,729.0392,22890,27211,Nyctalus leisleri,0.015,0.026,-1,Echolocation,/mnt/ubna_data_02_mir/recover-20221013/UBNA_001/20221012_030000.WAV,Telephone Field,recover-20221013,001,1795
729.0445,729.0512,28046,39446,Eptesicus serotinus,0.007,0.024,-1,Echolocation,/mnt/ubna_data_02_mir/recover-20221013/UBNA_001/20221012_030000.WAV,Telephone Field,recover-20221013,001,1795
729.0785,729.1171,68437,81915,Rhinolophus ferrumequinum,0.024,0.024,-1,Echolocation,/mnt/ubna_data_02_mir/recover-20221013/UBNA_001/20221012_030000.WAV,Telephone Field,recover-20221013,001,1795
729.0845,729.1198,68437,80703,Rhinolophus ferrumequinum,0.024,0.024,-1,Echolocation,/mnt/ubna_data_02_mir/recover-20221013/UBNA_001/20221012_030000.WAV,Telephone Field,recover-20221013,001,1795
729.0875,729.1012,22890,26995,Nyctalus leisleri,0.015,0.026,-1,Echolocation,/mnt/ubna_data_02_mir/recover-20221013/UBNA_001/20221012_030000.WAV,Telephone Field,recover-20221013,001,1795
729.0965,729.1084,23750,29379,Nyctalus leisleri,0.009,0.022,-1,Echolocation,/mnt/ubna_data_02_mir/recover-20221013/UBNA_001/20221012_030000.WAV,Telephone Field,recover-20221013,001,1795
729.1115,729.1199,28046,40577,Eptesicus serotinus,0.007,0.021,-1,Echolocation,/mnt/ubna_data_02_mir/recover-20221013/UBNA_001/20221012_030000.WAV,Telephone Field,recover-20221013,001,1795
729.1405,729.183,68437,82928,Rhinolophus ferrumequinum,0.027,0.027,-1,Echolocation,/mnt/ubna_data_02_mir/recover-20221013/UBNA_001/20221012_030000.WAV,Telephone Field,recover-20221013,001,1795
729.2005,729.209,25468,33958,Eptesicus serotinus,0.008,0.022,-1,Echolocation,/mnt/ubna_data_02_mir/recover-20221013/UBNA_001/20221012_030000.WAV,Telephone Field,recover-20221013,001,1795
729.2125,729.2474,68437,81835,Rhinolophus ferrumequinum,0.021,0.022,-1,Echolocation,/mnt/ubna_data_02_mir/recover-20221013/UBNA_001/20221012_030000.WAV,Telephone Field,recover-20221013,001,1795
729.2205,729.2306,22031,27182,Nyctalus leisleri,0.009,0.022,-1,Echolocation,/mnt/ubna_data_02_mir/recover-20221013/UBNA_001/20221012_030000.WAV,Telephone Field,recover-20221013,001,1795
729.2285,729.239,23750,30145,Nyctalus leisleri,0.008,0.021,-1,Echolocation,/mnt/ubna_data_02_mir/recover-20221013/UBNA_001/20221012_030000.WAV,Telephone Field,recover-20221013,001,1795
729.2445,729.2802,68437,81707,Rhinolophus ferrumequinum,0.025,0.025,-1,Echolocation,/mnt/ubna_data_02_mir/recover-20221013/UBNA_001/20221012_030000.WAV,Telephone Field,recover-20221013,001,1795
729.2605,729.3013,68437,82527,Rhinolophus ferrumequinum,0.022,0.022,-1,Echolocation,/mnt/ubna_data_02_mir/recover-20221013/UBNA_001/20221012_030000.WAV,Telephone Field,recover-20221013,001,1795
729.2855,729.3235,68437,81773,Rhinolophus ferrumequinum,0.021,0.021,-1,Echolocation,/mnt/ubna_data_02_mir/recover-20221013/UBNA_001/20221012_030000.WAV,Telephone Field,recover-20221013,001,1795
729.3095,729.3473,68437,81744,Rhinolophus ferrumequinum,0.023,0.023,-1,Echolocation,/mnt/ubna_data_02_mir/recover-20221013/UBNA_001/20221012_030000.WAV,Telephone Field,recover-20221013,001,1795
729.3325,729.3422,36640,42004,Barbastellus barbastellus,0.01,0.028,-1,Echolocation,/mnt/ubna_data_02_mir/recover-20221013/UBNA_001/20221012_030000.WAV,Telephone Field,recover-20221013,001,1795
729.3345,729.3411,27187,38849,Eptesicus serotinus,0.005,0.025,-1,Echolocation,/mnt/ubna_data_02_mir/recover-20221013/UBNA_001/20221012_030000.WAV,Telephone Field,recover-20221013,001,1795
729.3475,729.3871,68437,82597,Rhinolophus ferrumequinum,0.023,0.023,-1,Echolocation,/mnt/ubna_data_02_mir/recover-20221013/UBNA_001/20221012_030000.WAV,Telephone Field,recover-20221013,001,1795
729.3895,729.3986,28046,37724,Eptesicus serotinus,0.01,0.025,-1,Echolocation,/mnt/ubna_data_02_mir/recover-20221013/UBNA_001/20221012_030000.WAV,Telephone Field,recover-20221013,001,1795
729.4075,729.4515,68437,83088,Rhinolophus ferrumequinum,0.028,0.028,-1,Echolocation,/mnt/ubna_data_02_mir/recover-20221013/UBNA_001/20221012_030000.WAV,Telephone Field,recover-20221013,001,1795
729.4455,729.485,68437,82494,Rhinolophus ferrumequinum,0.022,0.022,-1,Echolocation,/mnt/ubna_data_02_mir/recover-20221013/UBNA_001/20221012_030000.WAV,Telephone Field,recover-20221013,001,1795
729.4605,729.4696,28046,35685,Eptesicus serotinus,0.012,0.027,-1,Echolocation,/mnt/ubna_data_02_mir/recover-20221013/UBNA_001/20221012_030000.WAV,Telephone Field,recover-20221013,001,1795
729.4755,729.5143,68437,82667,Rhinolophus ferrumequinum,0.022,0.022,-1,Echolocation,/mnt/ubna_data_02_mir/recover-20221013/UBNA_001/20221012_030000.WAV,Telephone Field,recover-20221013,001,1795
729.5065,729.5439,68437,81578,Rhinolophus ferrumequinum,0.022,0.022,-1,Echolocation,/mnt/ubna_data_02_mir/recover-20221013/UBNA_001/20221012_030000.WAV,Telephone Field,recover-20221013,001,1795
729.5375,729.5583,16015,19192,Nyctalus noctula,0.017,0.028,-1,Echolocation,/mnt/ubna_data_02_mir/recover-20221013/UBNA_001/20221012_030000.WAV,Telephone Field,recover-20221013,001,1795
729.5995,729.6434,68437,83045,Rhinolophus ferrumequinum,0.034,0.034,-1,Echolocation,/mnt/ubna_data_02_mir/recover-20221013/UBNA_001/20221012_030000.WAV,Telephone Field,recover-20221013,001,1795
729.6625,729.7029,68437,82605,Rhinolophus ferrumequinum,0.025,0.025,-1,Echolocation,/mnt/ubna_data_02_mir/recover-20221013/UBNA_001/20221012_030000.WAV,Telephone Field,recover-20221013,001,1795
729.6625,729.6726,28046,36055,Eptesicus serotinus,0.01,0.023,-1,Echolocation,/mnt/ubna_data_02_mir/recover-20221013/UBNA_001/20221012_030000.WAV,Telephone Field,recover-20221013,001,1795
729.6855,729.6967,28046,35672,Eptesicus serotinus,0.014,0.025,-1,Echolocation,/mnt/ubna_data_02_mir/recover-20221013/UBNA_001/20221012_030000.WAV,Telephone Field,recover-20221013,001,1795
729.6855,729.7197,68437,80655,Rhinolophus ferrumequinum,0.022,0.022,-1,Echolocation,/mnt/ubna_data_02_mir/recover-20221013/UBNA_001/20221012_030000.WAV,Telephone Field,recover-20221013,001,1795
729.7775,729.8159,68437,82613,Rhinolophus ferrumequinum,0.024,0.024,-1,Echolocation,/mnt/ubna_data_02_mir/recover-20221013/UBNA_001/20221012_030000.WAV,Telephone Field,recover-20221013,001,1795
729.7985,729.809,23750,29824,Nyctalus leisleri,0.008,0.022,-1,Echolocation,/mnt/ubna_data_02_mir/recover-20221013/UBNA_001/20221012_030000.WAV,Telephone Field,recover-20221013,001,1795
729.8065,729.8472,68437,83007,Rhinolophus ferrumequinum,0.032,0.032,-1,Echolocation,/mnt/ubna_data_02_mir/recover-20221013/UBNA_001/20221012_030000.WAV,Telephone Field,recover-20221013,001,1795
729.8205,729.8297,28046,36060,Eptesicus serotinus,0.017,0.034,-1,Echolocation,/mnt/ubna_data_02_mir/recover-20221013/UBNA_001/20221012_030000.WAV,Telephone Field,recover-20221013,001,1795
729.8485,729.8682,20312,23260,Nyctalus leisleri,0.028,0.057,-1,Echolocation,/mnt/ubna_data_02_mir/recover-20221013/UBNA_001/20221012_030000.WAV,Telephone Field,recover-20221013,001,1795
729.8595,729.8676,50390,54687,Pipistrellus pipistrellus,0.02,0.022,-1,Echolocation,/mnt/ubna_data_02_mir/recover-20221013/UBNA_001/20221012_030000.WAV,Telephone Field,recover-20221013,001,1795
729.8855,729.9253,68437,82628,Rhinolophus ferrumequinum,0.023,0.023,-1,Echolocation,/mnt/ubna_data_02_mir/recover-20221013/UBNA_001/20221012_030000.WAV,Telephone Field,recover-20221013,001,1795
729.9145,729.9534,68437,82323,Rhinolophus ferrumequinum,0.024,0.024,-1,Echolocation,/mnt/ubna_data_02_mir/recover-20221013/UBNA_001/20221012_030000.WAV,Telephone Field,recover-20221013,001,1795
729.9455,729.9538,28046,38835,Eptesicus serotinus,0.008,0.022,-1,Echolocation,/mnt/ubna_data_02_mir/recover-20221013/UBNA_001/20221012_030000.WAV,Telephone Field,recover-20221013,001,1795
729.9585,729.9979,68437,82357,Rhinolophus ferrumequinum,0.022,0.022,-1,Echolocation,/mnt/ubna_data_02_mir/recover-20221013/UBNA_001/20221012_030000.WAV,Telephone Field,recover-20221013,001,1795
729.9655,729.9745,28046,37581,Eptesicus serotinus,0.009,0.023,-1,Echolocation,/mnt/ubna_data_02_mir/recover-20221013/UBNA_001/20221012_030000.WAV,Telephone Field,recover-20221013,001,1795
729.9825,729.9934,28046,35017,Eptesicus serotinus,0.017,0.032,-1,Echolocation,/mnt/ubna_data_02_mir/recover-20221013/UBNA_001/20221012_030000.WAV,Telephone Field,recover-20221013,001,1795
730.0015,730.0101,23750,32756,Eptesicus serotinus,0.007,0.026,-1,Echolocation,/mnt/ubna_data_02_mir/recover-20221013/UBNA_001/20221012_030000.WAV,Telephone Field,recover-20221013,001,1795
730.0015,730.031,68437,79870,Rhinolophus ferrumequinum,0.023,0.023,-1,Echolocation,/mnt/ubna_data_02_mir/recover-20221013/UBNA_001/20221012_030000.WAV,Telephone Field,recover-20221013,001,1795
730.0015,730.0117,46093,50492,Pipistrellus pipistrellus,0.023,0.028,-1,Echolocation,/mnt/ubna_data_02_mir/recover-20221013/UBNA_001/20221012_030000.WAV,Telephone Field,recover-20221013,001,1795
730.0275,730.0396,23750,28225,Nyctalus leisleri,0.013,0.026,-1,Echolocation,/mnt/ubna_data_02_mir/recover-20221013/UBNA_001/20221012_030000.WAV,Telephone Field,recover-20221013,001,1795
730.0335,730.0727,68437,82072,Rhinolophus ferrumequinum,0.024,0.024,-1,Echolocation,/mnt/ubna_data_02_mir/recover-20221013/UBNA_001/20221012_030000.WAV,Telephone Field,recover-20221013,001,1795
730.0535,730.0951,68437,82918,Rhinolophus ferrumequinum,0.029,0.029,-1,Echolocation,/mnt/ubna_data_02_mir/recover-20221013/UBNA_001/20221012_030000.WAV,Telephone Field,recover-20221013,001,1795
730.0865,730.1214,68437,81834,Rhinolophus ferrumequinum,0.024,0.025,-1,Echolocation,/mnt/ubna_data_02_mir/recover-20221013/UBNA_001/20221012_030000.WAV,Telephone Field,recover-20221013,001,1795
730.0935,730.1014,49531,54442,Pipistrellus pipistrellus,0.027,0.031,-1,Echolocation,/mnt/ubna_data_02_mir/recover-20221013/UBNA_001/20221012_030000.WAV,Telephone Field,recover-20221013,001,1795
730.0945,730.1322,68437,81302,Rhinolophus ferrumequinum,0.023,0.023,-1,Echolocation,/mnt/ubna_data_02_mir/recover-20221013/UBNA_001/20221012_030000.WAV,Telephone Field,recover-20221013,001,1795
730.1025,730.1133,22031,26648,Nyctalus leisleri,0.012,0.022,-1,Echolocation,/mnt/ubna_data_02_mir/recover-20221013/UBNA_001/20221012_030000.WAV,Telephone Field,recover-20221013,001,1795
730.1115,730.118,28046,38455,Eptesicus serotinus,0.006,0.023,-1,Echolocation,/mnt/ubna_data_02_mir/recover-20221013/UBNA_001/20221012_030000.WAV,Telephone Field,recover-20221013,001,1795
730.1215,730.1645,68437,83376,Rhinolophus ferrumequinum,0.041,0.041,-1,Echolocation,/mnt/ubna_data_02_mir/recover-20221013/UBNA_001/20221012_030000.WAV,Telephone Field,recover-20221013,001,1795
730.1905,730.2302999999999,68437,82403,Rhinolophus ferrumequinum,0.023,0.023,-1,Echolocation,/mnt/ubna_data_02_mir/recover-20221013/UBNA_001/20221012_030000.WAV,Telephone Field,recover-20221013,001,1795
730.2035,730.21,27187,42039,Eptesicus serotinus,0.007,0.025,-1,Echolocation,/mnt/ubna_data_02_mir/recover-20221013/UBNA_001/20221012_030000.WAV,Telephone Field,recover-20221013,001,1795
730.2395,730.2805,68437,82873,Rhinolophus ferrumequinum,0.023,0.023,-1,Echolocation,/mnt/ubna_data_02_mir/recover-20221013/UBNA_001/20221012_030000.WAV,Telephone Field,recover-20221013,001,1795
730.2515,730.2944,68437,83269,Rhinolophus ferrumequinum,0.025,0.025,-1,Echolocation,/mnt/ubna_data_02_mir/recover-20221013/UBNA_001/20221012_030000.WAV,Telephone Field,recover-20221013,001,1795
730.2875,730.299,22031,26575,Nyctalus leisleri,0.012,0.026,-1,Echolocation,/mnt/ubna_data_02_mir/recover-20221013/UBNA_001/20221012_030000.WAV,Telephone Field,recover-20221013,001,1795
730.2995,730.3398,68437,82209,Rhinolophus ferrumequinum,0.023,0.023,-1,Echolocation,/mnt/ubna_data_02_mir/recover-20221013/UBNA_001/20221012_030000.WAV,Telephone Field,recover-20221013,001,1795
730.3115,730.319,28046,41135,Eptesicus serotinus,0.009,0.028,-1,Echolocation,/mnt/ubna_data_02_mir/recover-20221013/UBNA_001/20221012_030000.WAV,Telephone Field,recover-20221013,001,1795
730.3205,730.3306,38359,43650,Pipistrellus nathusii,0.014,0.028,-1,Echolocation,/mnt/ubna_data_02_mir/recover-20221013/UBNA_001/20221012_030000.WAV,Telephone Field,recover-20221013,001,1795
730.3845,730.3908,28046,39947,Myotis daubentonii,0.008,0.028,-1,Echolocation,/mnt/ubna_data_02_mir/recover-20221013/UBNA_001/20221012_030000.WAV,Telephone Field,recover-20221013,001,1795
730.4165,730.4237,23750,32034,Plecotus austriacus,0.01,0.023,-1,Echolocation,/mnt/ubna_data_02_mir/recover-20221013/UBNA_001/20221012_030000.WAV,Telephone Field,recover-20221013,001,1795
730.4385,730.4454,23750,32957,Plecotus austriacus,0.01,0.025,-1,Echolocation,/mnt/ubna_data_02_mir/recover-20221013/UBNA_001/20221012_030000.WAV,Telephone Field,recover-20221013,001,1795
730.4395,730.4478,34062,40945,Myotis daubentonii,0.008,0.025,-1,Echolocation,/mnt/ubna_data_02_mir/recover-20221013/UBNA_001/20221012_030000.WAV,Telephone Field,recover-20221013,001,1795
730.4485,730.4891,68437,82905,Rhinolophus ferrumequinum,0.043,0.043,-1,Echolocation,/mnt/ubna_data_02_mir/recover-20221013/UBNA_001/20221012_030000.WAV,Telephone Field,recover-20221013,001,1795
730.4815,730.523,68437,83102,Rhinolophus ferrumequinum,0.027,0.027,-1,Echolocation,/mnt/ubna_data_02_mir/recover-20221013/UBNA_001/20221012_030000.WAV,Telephone Field,recover-20221013,001,1795
730.4905,730.5345,68437,84015,Rhinolophus ferrumequinum,0.044,0.044,-1,Echolocation,/mnt/ubna_data_02_mir/recover-20221013/UBNA_001/20221012_030000.WAV,Telephone Field,recover-20221013,001,1795
730.5345,730.5722,68437,81758,Rhinolophus ferrumequinum,0.023,0.024,-1,Echolocation,/mnt/ubna_data_02_mir/recover-20221013/UBNA_001/20221012_030000.WAV,Telephone Field,recover-20221013,001,1795
730.5365,730.5479,27187,33949,Eptesicus serotinus,0.019,0.034,-1,Echolocation,/mnt/ubna_data_02_mir/recover-20221013/UBNA_001/20221012_030000.WAV,Telephone Field,recover-20221013,001,1795
730.5445,730.583,68437,83134,Rhinolophus ferrumequinum,0.026,0.026,-1,Echolocation,/mnt/ubna_data_02_mir/recover-20221013/UBNA_001/20221012_030000.WAV,Telephone Field,recover-20221013,001,1795
730.6285,730.6652,68437,81472,Rhinolophus ferrumequinum,0.024,0.024,-1,Echolocation,/mnt/ubna_data_02_mir/recover-20221013/UBNA_001/20221012_030000.WAV,Telephone Field,recover-20221013,001,1795
730.6515,730.6608,28906,37181,Eptesicus serotinus,0.009,0.025,-1,Echolocation,/mnt/ubna_data_02_mir/recover-20221013/UBNA_001/20221012_030000.WAV,Telephone Field,recover-20221013,001,1795
730.6795,730.6897,23750,30305,Nyctalus leisleri,0.009,0.024,-1,Echolocation,/mnt/ubna_data_02_mir/recover-20221013/UBNA_001/20221012_030000.WAV,Telephone Field,recover-20221013,001,1795
730.7095,730.7206,22890,29146,Nyctalus leisleri,0.012,0.027,-1,Echolocation,/mnt/ubna_data_02_mir/recover-20221013/UBNA_001/20221012_030000.WAV,Telephone Field,recover-20221013,001,1795
730.7215,730.7319,25468,32007,Eptesicus serotinus,0.01,0.027,-1,Echolocation,/mnt/ubna_data_02_mir/recover-20221013/UBNA_001/20221012_030000.WAV,Telephone Field,recover-20221013,001,1795
730.7245,730.7618,68437,81223,Rhinolophus ferrumequinum,0.024,0.024,-1,Echolocation,/mnt/ubna_data_02_mir/recover-20221013/UBNA_001/20221012_030000.WAV,Telephone Field,recover-20221013,001,1795
730.7375,730.7719,68437,81018,Rhinolophus ferrumequinum,0.024,0.024,-1,Echolocation,/mnt/ubna_data_02_mir/recover-20221013/UBNA_001/20221012_030000.WAV,Telephone Field,recover-20221013,001,1795
730.7505,730.7575,28046,39224,Eptesicus serotinus,0.009,0.03,-1,Echolocation,/mnt/ubna_data_02_mir/recover-20221013/UBNA_001/20221012_030000.WAV,Telephone Field,recover-20221013,001,1795
730.7535,730.7919,68437,82582,Rhinolophus ferrumequinum,0.025,0.025,-1,Echolocation,/mnt/ubna_data_02_mir/recover-20221013/UBNA_001/20221012_030000.WAV,Telephone Field,recover-20221013,001,1795
730.7625,730.8031,68437,82792,Rhinolophus ferrumequinum,0.023,0.023,-1,Echolocation,/mnt/ubna_data_02_mir/recover-20221013/UBNA_001/20221012_030000.WAV,Telephone Field,recover-20221013,001,1795
730.8085,730.817,28906,37657,Eptesicus serotinus,0.009,0.025,-1,Echolocation,/mnt/ubna_data_02_mir/recover-20221013/UBNA_001/20221012_030000.WAV,Telephone Field,recover-20221013,001,1795
730.8165,730.8556,68437,82882,Rhinolophus ferrumequinum,0.029,0.029,-1,Echolocation,/mnt/ubna_data_02_mir/recover-20221013/UBNA_001/20221012_030000.WAV,Telephone Field,recover-20221013,001,1795
730.8485,730.8913,68437,82936,Rhinolophus ferrumequinum,0.038,0.038,-1,Echolocation,/mnt/ubna_data_02_mir/recover-20221013/UBNA_001/20221012_030000.WAV,Telephone Field,recover-20221013,001,1795
730.8505,730.8609,22031,26974,Nyctalus leisleri,0.011,0.022,-1,Echolocation,/mnt/ubna_data_02_mir/recover-20221013/UBNA_001/20221012_030000.WAV,Telephone Field,recover-20221013,001,1795
730.8895,730.8979,28906,39090,Eptesicus serotinus,0.008,0.024,-1,Echolocation,/mnt/ubna_data_02_mir/recover-20221013/UBNA_001/20221012_030000.WAV,Telephone Field,recover-20221013,001,1795
730.9005,730.9106,28046,36092,Eptesicus serotinus,0.01,0.025,-1,Echolocation,/mnt/ubna_data_02_mir/recover-20221013/UBNA_001/20221012_030000.WAV,Telephone Field,recover-20221013,001,1795
730.9155,730.9586,68437,83171,Rhinolophus ferrumequinum,0.034,0.034,-1,Echolocation,/mnt/ubna_data_02_mir/recover-20221013/UBNA_001/20221012_030000.WAV,Telephone Field,recover-20221013,001,1795
730.9195,730.9289,28046,37092,Eptesicus serotinus,0.01,0.024,-1,Echolocation,/mnt/ubna_data_02_mir/recover-20221013/UBNA_001/20221012_030000.WAV,Telephone Field,recover-20221013,001,1795
730.9325,730.9735,68437,82401,Rhinolophus ferrumequinum,0.024,0.024,-1,Echolocation,/mnt/ubna_data_02_mir/recover-20221013/UBNA_001/20221012_030000.WAV,Telephone Field,recover-20221013,001,1795
730.9415,730.9807,68437,82611,Rhinolophus ferrumequinum,0.022,0.023,-1,Echolocation,/mnt/ubna_data_02_mir/recover-20221013/UBNA_001/20221012_030000.WAV,Telephone Field,recover-20221013,001,1795
730.9825,730.9947,22031,25759,Nyctalus leisleri,0.015,0.026,-1,Echolocation,/mnt/ubna_data_02_mir/recover-20221013/UBNA_001/20221012_030000.WAV,Telephone Field,recover-20221013,001,1795
731.0145,731.0228,27187,41224,Eptesicus serotinus,0.008,0.022,-1,Echolocation,/mnt/ubna_data_02_mir/recover-20221013/UBNA_001/20221012_030000.WAV,Telephone Field,recover-20221013,001,1795
731.0595,731.07,27187,35202,Eptesicus serotinus,0.01,0.022,-1,Echolocation,/mnt/ubna_data_02_mir/recover-20221013/UBNA_001/20221012_030000.WAV,Telephone Field,recover-20221013,001,1795
731.0805,731.1224,68437,82932,Rhinolophus ferrumequinum,0.029,0.029,-1,Echolocation,/mnt/ubna_data_02_mir/recover-20221013/UBNA_001/20221012_030000.WAV,Telephone Field,recover-20221013,001,1795
731.0865,731.1296,68437,83339,Rhinolophus ferrumequinum,0.034,0.034,-1,Echolocation,/mnt/ubna_data_02_mir/recover-20221013/UBNA_001/20221012_030000.WAV,Telephone Field,recover-20221013,001,1795
731.0975,731.1065,14296,20912,Nyctalus noctula,0.011,0.026,-1,Echolocation,/mnt/ubna_data_02_mir/recover-20221013/UBNA_001/20221012_030000.WAV,Telephone Field,recover-20221013,001,1795
731.1365,731.1756,68437,82243,Rhinolophus ferrumequinum,0.026,0.026,-1,Echolocation,/mnt/ubna_data_02_mir/recover-20221013/UBNA_001/20221012_030000.WAV,Telephone Field,recover-20221013,001,1795
731.1395,731.1499,45234,49354,Pipistrellus pipistrellus,0.023,0.025,-1,Echolocation,/mnt/ubna_data_02_mir/recover-20221013/UBNA_001/20221012_030000.WAV,Telephone Field,recover-20221013,001,1795
731.1495,731.1606,28906,35294,Eptesicus serotinus,0.012,0.026,-1,Echolocation,/mnt/ubna_data_02_mir/recover-20221013/UBNA_001/20221012_030000.WAV,Telephone Field,recover-20221013,001,1795
731.1515,731.1906,68437,81548,Rhinolophus ferrumequinum,0.026,0.026,-1,Echolocation,/mnt/ubna_data_02_mir/recover-20221013/UBNA_001/20221012_030000.WAV,Telephone Field,recover-20221013,001,1795
731.1635,731.201,68437,82321,Rhinolophus ferrumequinum,0.023,0.024,-1,Echolocation,/mnt/ubna_data_02_mir/recover-20221013/UBNA_001/20221012_030000.WAV,Telephone Field,recover-20221013,001,1795
731.1635,731.1737,21171,25948,Nyctalus leisleri,0.01,0.024,-1,Echolocation,/mnt/ubna_data_02_mir/recover-20221013/UBNA_001/20221012_030000.WAV,Telephone Field,recover-20221013,001,1795
731.1995,731.2067,27187,39201,Eptesicus serotinus,0.009,0.027,-1,Echolocation,/mnt/ubna_data_02_mir/recover-20221013/UBNA_001/20221012_030000.WAV,Telephone Field,recover-20221013,001,1795
731.2035,731.2436,68437,82591,Rhinolophus ferrumequinum,0.031,0.031,-1,Echolocation,/mnt/ubna_data_02_mir/recover-20221013/UBNA_001/20221012_030000.WAV,Telephone Field,recover-20221013,001,1795
731.2275,731.2354,28046,39774,Eptesicus serotinus,0.009,0.026,-1,Echolocation,/mnt/ubna_data_02_mir/recover-20221013/UBNA_001/20221012_030000.WAV,Telephone Field,recover-20221013,001,1795
731.2435,731.2841,68437,82786,Rhinolophus ferrumequinum,0.028,0.028,-1,Echolocation,/mnt/ubna_data_02_mir/recover-20221013/UBNA_001/20221012_030000.WAV,Telephone Field,recover-20221013,001,1795
731.2615,731.3051,68437,83372,Rhinolophus ferrumequinum,0.027,0.027,-1,Echolocation,/mnt/ubna_data_02_mir/recover-20221013/UBNA_001/20221012_030000.WAV,Telephone Field,recover-20221013,001,1795
731.2705,731.2769,32343,42369,Myotis daubentonii,0.013,0.031,-1,Echolocation,/mnt/ubna_data_02_mir/recover-20221013/UBNA_001/20221012_030000.WAV,Telephone Field,recover-20221013,001,1795
731.2865,731.3289,68437,82981,Rhinolophus ferrumequinum,0.025,0.025,-1,Echolocation,/mnt/ubna_data_02_mir/recover-20221013/UBNA_001/20221012_030000.WAV,Telephone Field,recover-20221013,001,1795
731.2915,731.3341,68437,82941,Rhinolophus ferrumequinum,0.025,0.025,-1,Echolocation,/mnt/ubna_data_02_mir/recover-20221013/UBNA_001/20221012_030000.WAV,Telephone Field,recover-20221013,001,1795
731.3055,731.3158,23750,31308,Nyctalus leisleri,0.008,0.025,-1,Echolocation,/mnt/ubna_data_02_mir/recover-20221013/UBNA_001/20221012_030000.WAV,Telephone Field,recover-20221013,001,1795
731.3225,731.3296,27187,39794,Eptesicus serotinus,0.007,0.025,-1,Echolocation,/mnt/ubna_data_02_mir/recover-20221013/UBNA_001/20221012_030000.WAV,Telephone Field,recover-20221013,001,1795
731.3505,731.3621,23750,30021,Nyctalus leisleri,0.011,0.026,-1,Echolocation,/mnt/ubna_data_02_mir/recover-20221013/UBNA_001/20221012_030000.WAV,Telephone Field,recover-20221013,001,1795
731.3775,731.4173,68437,82013,Rhinolophus ferrumequinum,0.023,0.023,-1,Echolocation,/mnt/ubna_data_02_mir/recover-20221013/UBNA_001/20221012_030000.WAV,Telephone Field,recover-20221013,001,1795
731.4305,731.4398,28046,37686,Eptesicus serotinus,0.012,0.028,-1,Echolocation,/mnt/ubna_data_02_mir/recover-20221013/UBNA_001/20221012_030000.WAV,Telephone Field,recover-20221013,001,1795
731.4745,731.5125,68437,82433,Rhinolophus ferrumequinum,0.027,0.027,-1,Echolocation,/mnt/ubna_data_02_mir/recover-20221013/UBNA_001/20221012_030000.WAV,Telephone Field,recover-20221013,001,1795
731.4995,731.538,68437,82334,Rhinolophus ferrumequinum,0.023,0.023,-1,Echolocation,/mnt/ubna_data_02_mir/recover-20221013/UBNA_001/20221012_030000.WAV,Telephone Field,recover-20221013,001,1795
731.5215,731.5613,68437,82638,Rhinolophus ferrumequinum,0.025,0.025,-1,Echolocation,/mnt/ubna_data_02_mir/recover-20221013/UBNA_001/20221012_030000.WAV,Telephone Field,recover-20221013,001,1795
731.5675,731.6066,68437,83042,Rhinolophus ferrumequinum,0.023,0.023,-1,Echolocation,/mnt/ubna_data_02_mir/recover-20221013/UBNA_001/20221012_030000.WAV,Telephone Field,recover-20221013,001,1795
731.6305,731.6419,23750,30605,Nyctalus leisleri,0.013,0.032,-1,Echolocation,/mnt/ubna_data_02_mir/recover-20221013/UBNA_001/20221012_030000.WAV,Telephone Field,recover-20221013,001,1795
731.6325,731.674,68437,82446,Rhinolophus ferrumequinum,0.024,0.024,-1,Echolocation,/mnt/ubna_data_02_mir/recover-20221013/UBNA_001/20221012_030000.WAV,Telephone Field,recover-20221013,001,1795
731.6605,731.6672,26328,38779,Eptesicus serotinus,0.006,0.024,-1,Echolocation,/mnt/ubna_data_02_mir/recover-20221013/UBNA_001/20221012_030000.WAV,Telephone Field,recover-20221013,001,1795
731.6955,731.7335,68437,81850,Rhinolophus ferrumequinum,0.023,0.023,-1,Echolocation,/mnt/ubna_data_02_mir/recover-20221013/UBNA_001/20221012_030000.WAV,Telephone Field,recover-20221013,001,1795
731.7065,731.7422,68437,81475,Rhinolophus ferrumequinum,0.022,0.022,-1,Echolocation,/mnt/ubna_data_02_mir/recover-20221013/UBNA_001/20221012_030000.WAV,Telephone Field,recover-20221013,001,1795
731.7465,731.7556,44375,51809,Pipistrellus pipistrellus,0.031,0.037,-1,Echolocation,/mnt/ubna_data_02_mir/recover-20221013/UBNA_001/20221012_030000.WAV,Telephone Field,recover-20221013,001,1795
731.7485,731.7873,68437,82186,Rhinolophus ferrumequinum,0.024,0.024,-1,Echolocation,/mnt/ubna_data_02_mir/recover-20221013/UBNA_001/20221012_030000.WAV,Telephone Field,recover-20221013,001,1795
731.7575,731.777,20312,23335,Nyctalus leisleri,0.015,0.027,-1,Echolocation,/mnt/ubna_data_02_mir/recover-20221013/UBNA_001/20221012_030000.WAV,Telephone Field,recover-20221013,001,1795
731.7605,731.7945,68437,80846,Rhinolophus ferrumequinum,0.027,0.027,-1,Echolocation,/mnt/ubna_data_02_mir/recover-20221013/UBNA_001/20221012_030000.WAV,Telephone Field,recover-20221013,001,1795
731.7805,731.8162,68437,81097,Rhinolophus ferrumequinum,0.024,0.024,-1,Echolocation,/mnt/ubna_data_02_mir/recover-20221013/UBNA_001/20221012_030000.WAV,Telephone Field,recover-20221013,001,1795
731.7875,731.8242,68437,81060,Rhinolophus ferrumequinum,0.026,0.026,-1,Echolocation,/mnt/ubna_data_02_mir/recover-20221013/UBNA_001/20221012_030000.WAV,Telephone Field,recover-20221013,001,1795
731.8445,731.8789,68437,81903,Rhinolophus ferrumequinum,0.024,0.024,-1,Echolocation,/mnt/ubna_data_02_mir/recover-20221013/UBNA_001/20221012_030000.WAV,Telephone Field,recover-20221013,001,1795
731.8905,731.9001,28906,37300,Eptesicus serotinus,0.011,0.028,-1,Echolocation,/mnt/ubna_data_02_mir/recover-20221013/UBNA_001/20221012_030000.WAV,Telephone Field,recover-20221013,001,1795
731.9295,731.9373,27187,39526,Eptesicus serotinus,0.007,0.024,-1,Echolocation,/mnt/ubna_data_02_mir/recover-20221013/UBNA_001/20221012_030000.WAV,Telephone Field,recover-20221013,001,1795
731.9315,731.9384,33203,45098,Myotis daubentonii,0.011,0.023,-1,Echolocation,/mnt/ubna_data_02_mir/recover-20221013/UBNA_001/20221012_030000.WAV,Telephone Field,recover-20221013,001,1795
731.9475,731.9858,68437,82636,Rhinolophus ferrumequinum,0.025,0.025,-1,Echolocation,/mnt/ubna_data_02_mir/recover-20221013/UBNA_001/20221012_030000.WAV,Telephone Field,recover-20221013,001,1795
731.9585,731.9985,68437,83011,Rhinolophus ferrumequinum,0.03,0.03,-1,Echolocation,/mnt/ubna_data_02_mir/recover-20221013/UBNA_001/20221012_030000.WAV,Telephone Field,recover-20221013,001,1795
731.9695,731.9762,27187,38705,Eptesicus serotinus,0.011,0.038,-1,Echolocation,/mnt/ubna_data_02_mir/recover-20221013/UBNA_001/20221012_030000.WAV,Telephone Field,recover-20221013,001,1795
732.0015,732.0092,24609,35358,Plecotus austriacus,0.006,0.03,-1,Echolocation,/mnt/ubna_data_02_mir/recover-20221013/UBNA_001/20221012_030000.WAV,Telephone Field,recover-20221013,001,1795
732.0025,732.0413,68437,81973,Rhinolophus ferrumequinum,0.021,0.022,-1,Echolocation,/mnt/ubna_data_02_mir/recover-20221013/UBNA_001/20221012_030000.WAV,Telephone Field,recover-20221013,001,1795
732.0245,732.0329,23750,31481,Plecotus austriacus,0.009,0.027,-1,Echolocation,/mnt/ubna_data_02_mir/recover-20221013/UBNA_001/20221012_030000.WAV,Telephone Field,recover-20221013,001,1795
732.0715,732.0808,27187,37029,Eptesicus serotinus,0.009,0.021,-1,Echolocation,/mnt/ubna_data_02_mir/recover-20221013/UBNA_001/20221012_030000.WAV,Telephone Field,recover-20221013,001,1795
732.0765,732.1124,68437,81108,Rhinolophus ferrumequinum,0.022,0.022,-1,Echolocation,/mnt/ubna_data_02_mir/recover-20221013/UBNA_001/20221012_030000.WAV,Telephone Field,recover-20221013,001,1795
732.0885,732.0976,28046,39221,Eptesicus serotinus,0.013,0.026,-1,Echolocation,/mnt/ubna_data_02_mir/recover-20221013/UBNA_001/20221012_030000.WAV,Telephone Field,recover-20221013,001,1795
732.1935,732.2002,25468,34983,Plecotus auritus,0.006,0.023,-1,Echolocation,/mnt/ubna_data_02_mir/recover-20221013/UBNA_001/20221012_030000.WAV,Telephone Field,recover-20221013,001,1795
732.2015,732.2389,68437,81607,Rhinolophus ferrumequinum,0.021,0.021,-1,Echolocation,/mnt/ubna_data_02_mir/recover-20221013/UBNA_001/20221012_030000.WAV,Telephone Field,recover-20221013,001,1795
732.2525,732.2604,28046,40381,Eptesicus serotinus,0.007,0.022,-1,Echolocation,/mnt/ubna_data_02_mir/recover-20221013/UBNA_001/20221012_030000.WAV,Telephone Field,recover-20221013,001,1795
732.2815,732.3192,68437,82595,Rhinolophus ferrumequinum,0.027,0.027,-1,Echolocation,/mnt/ubna_data_02_mir/recover-20221013/UBNA_001/20221012_030000.WAV,Telephone Field,recover-20221013,001,1795
732.3165,732.3263,24609,32470,Eptesicus serotinus,0.009,0.022,-1,Echolocation,/mnt/ubna_data_02_mir/recover-20221013/UBNA_001/20221012_030000.WAV,Telephone Field,recover-20221013,001,1795
732.3345,732.3726,68437,82513,Rhinolophus ferrumequinum,0.021,0.021,-1,Echolocation,/mnt/ubna_data_02_mir/recover-20221013/UBNA_001/20221012_030000.WAV,Telephone Field,recover-20221013,001,1795
732.3615,732.3708,28046,38498,Eptesicus serotinus,0.011,0.025,-1,Echolocation,/mnt/ubna_data_02_mir/recover-20221013/UBNA_001/20221012_030000.WAV,Telephone Field,recover-20221013,001,1795
732.3725,732.4098,68437,81695,Rhinolophus ferrumequinum,0.02,0.02,-1,Echolocation,/mnt/ubna_data_02_mir/recover-20221013/UBNA_001/20221012_030000.WAV,Telephone Field,recover-20221013,001,1795
732.4075,732.4147,29765,37542,Eptesicus serotinus,0.09,0.144,-1,Echolocation,/mnt/ubna_data_02_mir/recover-20221013/UBNA_001/20221012_030000.WAV,Telephone Field,recover-20221013,001,1795
732.4115,732.4487,68437,81749,Rhinolophus ferrumequinum,0.023,0.023,-1,Echolocation,/mnt/ubna_data_02_mir/recover-20221013/UBNA_001/20221012_030000.WAV,Telephone Field,recover-20221013,001,1795
732.4455,732.4859,68437,83028,Rhinolophus ferrumequinum,0.022,0.023,-1,Echolocation,/mnt/ubna_data_02_mir/recover-20221013/UBNA_001/20221012_030000.WAV,Telephone Field,recover-20221013,001,1795
732.4505,732.492,68437,82887,Rhinolophus ferrumequinum,0.023,0.023,-1,Echolocation,/mnt/ubna_data_02_mir/recover-20221013/UBNA_001/20221012_030000.WAV,Telephone Field,recover-20221013,001,1795
732.4945,732.5026,26328,34640,Eptesicus serotinus,0.01,0.025,-1,Echolocation,/mnt/ubna_data_02_mir/recover-20221013/UBNA_001/20221012_030000.WAV,Telephone Field,recover-20221013,001,1795
732.5175,732.5561,68437,81921,Rhinolophus ferrumequinum,0.026,0.026,-1,Echolocation,/mnt/ubna_data_02_mir/recover-20221013/UBNA_001/20221012_030000.WAV,Telephone Field,recover-20221013,001,1795
732.5515,732.5914,68437,82194,Rhinolophus ferrumequinum,0.023,0.023,-1,Echolocation,/mnt/ubna_data_02_mir/recover-20221013/UBNA_001/20221012_030000.WAV,Telephone Field,recover-20221013,001,1795
732.5665,732.5766,26328,34732,Eptesicus serotinus,0.011,0.023,-1,Echolocation,/mnt/ubna_data_02_mir/recover-20221013/UBNA_001/20221012_030000.WAV,Telephone Field,recover-20221013,001,1795
732.7445,732.7848,68437,82391,Rhinolophus ferrumequinum,0.022,0.022,-1,Echolocation,/mnt/ubna_data_02_mir/recover-20221013/UBNA_001/20221012_030000.WAV,Telephone Field,recover-20221013,001,1795
732.7655,732.7744,34062,41770,Myotis daubentonii,0.006,0.021,-1,Echolocation,/mnt/ubna_data_02_mir/recover-20221013/UBNA_001/20221012_030000.WAV,Telephone Field,recover-20221013,001,1795
732.7855,732.8249,68437,81935,Rhinolophus ferrumequinum,0.022,0.022,-1,Echolocation,/mnt/ubna_data_02_mir/recover-20221013/UBNA_001/20221012_030000.WAV,Telephone Field,recover-20221013,001,1795
732.8055,732.8428,68437,81751,Rhinolophus ferrumequinum,0.021,0.022,-1,Echolocation,/mnt/ubna_data_02_mir/recover-20221013/UBNA_001/20221012_030000.WAV,Telephone Field,recover-20221013,001,1795
732.8305,732.8672,68437,81295,Rhinolophus ferrumequinum,0.023,0.023,-1,Echolocation,/mnt/ubna_data_02_mir/recover-20221013/UBNA_001/20221012_030000.WAV,Telephone Field,recover-20221013,001,1795
732.9105,732.919,28906,39681,Eptesicus serotinus,0.008,0.022,-1,Echolocation,/mnt/ubna_data_02_mir/recover-20221013/UBNA_001/20221012_030000.WAV,Telephone Field,recover-20221013,001,1795
732.9265,732.9402,23750,28020,Nyctalus leisleri,0.01,0.02,-1,Echolocation,/mnt/ubna_data_02_mir/recover-20221013/UBNA_001/20221012_030000.WAV,Telephone Field,recover-20221013,001,1795
732.9435,732.9522,27187,38359,Eptesicus serotinus,0.01,0.026,-1,Echolocation,/mnt/ubna_data_02_mir/recover-20221013/UBNA_001/20221012_030000.WAV,Telephone Field,recover-20221013,001,1795
732.9645,732.9999,68437,81862,Rhinolophus ferrumequinum,0.022,0.022,-1,Echolocation,/mnt/ubna_data_02_mir/recover-20221013/UBNA_001/20221012_030000.WAV,Telephone Field,recover-20221013,001,1795
732.9785,733.0155,68437,81918,Rhinolophus ferrumequinum,0.021,0.021,-1,Echolocation,/mnt/ubna_data_02_mir/recover-20221013/UBNA_001/20221012_030000.WAV,Telephone Field,recover-20221013,001,1795
732.9935,733.0042,35781,42180,Eptesicus serotinus,0.006,0.023,-1,Echolocation,/mnt/ubna_data_02_mir/recover-20221013/UBNA_001/20221012_030000.WAV,Telephone Field,recover-20221013,001,1795
732.9935,733.0019,28906,39507,Eptesicus serotinus,0.009,0.027,-1,Echolocation,/mnt/ubna_data_02_mir/recover-20221013/UBNA_001/20221012_030000.WAV,Telephone Field,recover-20221013,001,1795
733.0395,733.0477,28046,40308,Eptesicus serotinus,0.009,0.022,-1,Echolocation,/mnt/ubna_data_02_mir/recover-20221013/UBNA_001/20221012_030000.WAV,Telephone Field,recover-20221013,001,1795
733.0695,733.0767,28046,38111,Eptesicus serotinus,0.007,0.021,-1,Echolocation,/mnt/ubna_data_02_mir/recover-20221013/UBNA_001/20221012_030000.WAV,Telephone Field,recover-20221013,001,1795
733.0935,733.1009,26328,35922,Eptesicus serotinus,0.007,0.021,-1,Echolocation,/mnt/ubna_data_02_mir/recover-20221013/UBNA_001/20221012_030000.WAV,Telephone Field,recover-20221013,001,1795
733.1125,733.1513,68437,81833,Rhinolophus ferrumequinum,0.021,0.021,-1,Echolocation,/mnt/ubna_data_02_mir/recover-20221013/UBNA_001/20221012_030000.WAV,Telephone Field,recover-20221013,001,1795
733.1445,733.184,68437,81952,Rhinolophus ferrumequinum,0.023,0.023,-1,Echolocation,/mnt/ubna_data_02_mir/recover-20221013/UBNA_001/20221012_030000.WAV,Telephone Field,recover-20221013,001,1795
733.1695,733.1805,23750,29207,Nyctalus leisleri,0.009,0.022,-1,Echolocation,/mnt/ubna_data_02_mir/recover-20221013/UBNA_001/20221012_030000.WAV,Telephone Field,recover-20221013,001,1795
733.1825,733.1972,21171,24177,Nyctalus leisleri,0.013,0.021,-1,Echolocation,/mnt/ubna_data_02_mir/recover-20221013/UBNA_001/20221012_030000.WAV,Telephone Field,recover-20221013,001,1795
733.1965,733.2052,28906,38612,Eptesicus serotinus,0.01,0.025,-1,Echolocation,/mnt/ubna_data_02_mir/recover-20221013/UBNA_001/20221012_030000.WAV,Telephone Field,recover-20221013,001,1795
733.2075,733.2458,68437,81997,Rhinolophus ferrumequinum,0.021,0.021,-1,Echolocation,/mnt/ubna_data_02_mir/recover-20221013/UBNA_001/20221012_030000.WAV,Telephone Field,recover-20221013,001,1795
733.2365,733.2449,25468,33583,Eptesicus serotinus,0.008,0.023,-1,Echolocation,/mnt/ubna_data_02_mir/recover-20221013/UBNA_001/20221012_030000.WAV,Telephone Field,recover-20221013,001,1795
733.2505,733.2896,68437,82269,Rhinolophus ferrumequinum,0.023,0.023,-1,Echolocation,/mnt/ubna_data_02_mir/recover-20221013/UBNA_001/20221012_030000.WAV,Telephone Field,recover-20221013,001,1795
733.2695,733.2772,50390,55609,Pipistrellus pipistrellus,0.022,0.025,-1,Echolocation,/mnt/ubna_data_02_mir/recover-20221013/UBNA_001/20221012_030000.WAV,Telephone Field,recover-20221013,001,1795
733.2725,733.2786,27187,42147,Eptesicus serotinus,0.005,0.023,-1,Echolocation,/mnt/ubna_data_02_mir/recover-20221013/UBNA_001/20221012_030000.WAV,Telephone Field,recover-20221013,001,1795
733.2835,733.3229,68437,82517,Rhinolophus ferrumequinum,0.029,0.029,-1,Echolocation,/mnt/ubna_data_02_mir/recover-20221013/UBNA_001/20221012_030000.WAV,Telephone Field,recover-20221013,001,1795
733.3265,733.3619,68437,81853,Rhinolophus ferrumequinum,0.02,0.02,-1,Echolocation,/mnt/ubna_data_02_mir/recover-20221013/UBNA_001/20221012_030000.WAV,Telephone Field,recover-20221013,001,1795
733.3505,733.3898,68437,81693,Rhinolophus ferrumequinum,0.02,0.02,-1,Echolocation,/mnt/ubna_data_02_mir/recover-20221013/UBNA_001/20221012_030000.WAV,Telephone Field,recover-20221013,001,1795
733.3645,733.4036,68437,83101,Rhinolophus ferrumequinum,0.024,0.024,-1,Echolocation,/mnt/ubna_data_02_mir/recover-20221013/UBNA_001/20221012_030000.WAV,Telephone Field,recover-20221013,001,1795
733.3655,733.3732,28046,39590,Eptesicus serotinus,0.007,0.021,-1,Echolocation,/mnt/ubna_data_02_mir/recover-20221013/UBNA_001/20221012_030000.WAV,Telephone Field,recover-20221013,001,1795
733.4175,733.4269,25468,33194,Eptesicus serotinus,0.007,0.022,-1,Echolocation,/mnt/ubna_data_02_mir/recover-20221013/UBNA_001/20221012_030000.WAV,Telephone Field,recover-20221013,001,1795
733.4445,733.4805,68437,81545,Rhinolophus ferrumequinum,0.021,0.021,-1,Echolocation,/mnt/ubna_data_02_mir/recover-20221013/UBNA_001/20221012_030000.WAV,Telephone Field,recover-20221013,001,1795
733.4475,733.4587,22031,26059,Nyctalus leisleri,0.013,0.022,-1,Echolocation,/mnt/ubna_data_02_mir/recover-20221013/UBNA_001/20221012_030000.WAV,Telephone Field,recover-20221013,001,1795
733.5105,733.5201,47812,53563,Pipistrellus pipistrellus,0.025,0.029,-1,Echolocation,/mnt/ubna_data_02_mir/recover-20221013/UBNA_001/20221012_030000.WAV,Telephone Field,recover-20221013,001,1795
733.5355,733.5448,25468,33367,Eptesicus serotinus,0.008,0.023,-1,Echolocation,/mnt/ubna_data_02_mir/recover-20221013/UBNA_001/20221012_030000.WAV,Telephone Field,recover-20221013,001,1795
733.5555,733.5947,68437,82679,Rhinolophus ferrumequinum,0.022,0.022,-1,Echolocation,/mnt/ubna_data_02_mir/recover-20221013/UBNA_001/20221012_030000.WAV,Telephone Field,recover-20221013,001,1795
733.5635,733.5746,23750,29001,Nyctalus leisleri,0.01,0.023,-1,Echolocation,/mnt/ubna_data_02_mir/recover-20221013/UBNA_001/20221012_030000.WAV,Telephone Field,recover-20221013,001,1795
733.5795,733.6204,68437,82924,Rhinolophus ferrumequinum,0.032,0.032,-1,Echolocation,/mnt/ubna_data_02_mir/recover-20221013/UBNA_001/20221012_030000.WAV,Telephone Field,recover-20221013,001,1795
733.6355,733.6438,56406,60921,Pipistrellus pygmaeus,0.021,0.022,-1,Echolocation,/mnt/ubna_data_02_mir/recover-20221013/UBNA_001/20221012_030000.WAV,Telephone Field,recover-20221013,001,1795
733.6475,733.6852,68437,82643,Rhinolophus ferrumequinum,0.025,0.025,-1,Echolocation,/mnt/ubna_data_02_mir/recover-20221013/UBNA_001/20221012_030000.WAV,Telephone Field,recover-20221013,001,1795
733.6615,733.6699,26328,34481,Eptesicus serotinus,0.01,0.026,-1,Echolocation,/mnt/ubna_data_02_mir/recover-20221013/UBNA_001/20221012_030000.WAV,Telephone Field,recover-20221013,001,1795
733.6755,733.7167,68437,82822,Rhinolophus ferrumequinum,0.022,0.022,-1,Echolocation,/mnt/ubna_data_02_mir/recover-20221013/UBNA_001/20221012_030000.WAV,Telephone Field,recover-20221013,001,1795
733.6925,733.7325,68437,82467,Rhinolophus ferrumequinum,0.023,0.023,-1,Echolocation,/mnt/ubna_data_02_mir/recover-20221013/UBNA_001/20221012_030000.WAV,Telephone Field,recover-20221013,001,1795
733.7735,733.8122,68437,81954,Rhinolophus ferrumequinum,0.022,0.022,-1,Echolocation,/mnt/ubna_data_02_mir/recover-20221013/UBNA_001/20221012_030000.WAV,Telephone Field,recover-20221013,001,1795
733.8235,733.8648,68437,82240,Rhinolophus ferrumequinum,0.021,0.021,-1,Echolocation,/mnt/ubna_data_02_mir/recover-20221013/UBNA_001/20221012_030000.WAV,Telephone Field,recover-20221013,001,1795
733.8435,733.8858,68437,82526,Rhinolophus ferrumequinum,0.023,0.023,-1,Echolocation,/mnt/ubna_data_02_mir/recover-20221013/UBNA_001/20221012_030000.WAV,Telephone Field,recover-20221013,001,1795
733.8485,733.8562,26328,37687,Eptesicus serotinus,0.006,0.021,-1,Echolocation,/mnt/ubna_data_02_mir/recover-20221013/UBNA_001/20221012_030000.WAV,Telephone Field,recover-20221013,001,1795
733.8625,733.9036,68437,82738,Rhinolophus ferrumequinum,0.023,0.023,-1,Echolocation,/mnt/ubna_data_02_mir/recover-20221013/UBNA_001/20221012_030000.WAV,Telephone Field,recover-20221013,001,1795
733.8645,733.8725,28046,39836,Eptesicus serotinus,0.007,0.02,-1,Echolocation,/mnt/ubna_data_02_mir/recover-20221013/UBNA_001/20221012_030000.WAV,Telephone Field,recover-20221013,001,1795
733.8865,733.9251,68437,82528,Rhinolophus ferrumequinum,0.023,0.023,-1,Echolocation,/mnt/ubna_data_02_mir/recover-20221013/UBNA_001/20221012_030000.WAV,Telephone Field,recover-20221013,001,1795
733.8995,733.9101,42656,45858,Pipistrellus pipistrellus,0.034,0.04,-1,Echolocation,/mnt/ubna_data_02_mir/recover-20221013/UBNA_001/20221012_030000.WAV,Telephone Field,recover-20221013,001,1795
733.9805,733.9863,28046,40845,Myotis daubentonii,0.007,0.029,-1,Echolocation,/mnt/ubna_data_02_mir/recover-20221013/UBNA_001/20221012_030000.WAV,Telephone Field,recover-20221013,001,1795
734.0015,734.0333,68437,79695,Rhinolophus ferrumequinum,0.028,0.028,-1,Echolocation,/mnt/ubna_data_02_mir/recover-20221013/UBNA_001/20221012_030000.WAV,Telephone Field,recover-20221013,001,1795
734.0015,734.0106,25468,35301,Nyctalus leisleri,0.009,0.03,-1,Echolocation,/mnt/ubna_data_02_mir/recover-20221013/UBNA_001/20221012_030000.WAV,Telephone Field,recover-20221013,001,1795
734.0315,734.0706,68437,82237,Rhinolophus ferrumequinum,0.021,0.021,-1,Echolocation,/mnt/ubna_data_02_mir/recover-20221013/UBNA_001/20221012_030000.WAV,Telephone Field,recover-20221013,001,1795
734.0405,734.0781,68437,82420,Rhinolophus ferrumequinum,0.023,0.023,-1,Echolocation,/mnt/ubna_data_02_mir/recover-20221013/UBNA_001/20221012_030000.WAV,Telephone Field,recover-20221013,001,1795
734.0745,734.1138,68437,82330,Rhinolophus ferrumequinum,0.025,0.025,-1,Echolocation,/mnt/ubna_data_02_mir/recover-20221013/UBNA_001/20221012_030000.WAV,Telephone Field,recover-20221013,001,1795
734.0775,734.088,24609,30666,Nyctalus leisleri,0.009,0.024,-1,Echolocation,/mnt/ubna_data_02_mir/recover-20221013/UBNA_001/20221012_030000.WAV,Telephone Field,recover-20221013,001,1795
734.0865,734.0955,28046,37923,Eptesicus serotinus,0.01,0.024,-1,Echolocation,/mnt/ubna_data_02_mir/recover-20221013/UBNA_001/20221012_030000.WAV,Telephone Field,recover-20221013,001,1795
734.1095,734.148,68437,81848,Rhinolophus ferrumequinum,0.021,0.021,-1,Echolocation,/mnt/ubna_data_02_mir/recover-20221013/UBNA_001/20221012_030000.WAV,Telephone Field,recover-20221013,001,1795
734.1145,734.1229,28906,36866,Eptesicus serotinus,0.008,0.021,-1,Echolocation,/mnt/ubna_data_02_mir/recover-20221013/UBNA_001/20221012_030000.WAV,Telephone Field,recover-20221013,001,1795
734.1405,734.1513,22031,25598,Nyctalus leisleri,0.013,0.022,-1,Echolocation,/mnt/ubna_data_02_mir/recover-20221013/UBNA_001/20221012_030000.WAV,Telephone Field,recover-20221013,001,1795
734.1605,734.2013,68437,82524,Rhinolophus ferrumequinum,0.024,0.024,-1,Echolocation,/mnt/ubna_data_02_mir/recover-20221013/UBNA_001/20221012_030000.WAV,Telephone Field,recover-20221013,001,1795
734.1835,734.1911,46093,54055,Pipistrellus pipistrellus,0.015,0.022,-1,Echolocation,/mnt/ubna_data_02_mir/recover-20221013/UBNA_001/20221012_030000.WAV,Telephone Field,recover-20221013,001,1795
734.1835,734.2229,68437,82474,Rhinolophus ferrumequinum,0.023,0.023,-1,Echolocation,/mnt/ubna_data_02_mir/recover-20221013/UBNA_001/20221012_030000.WAV,Telephone Field,recover-20221013,001,1795
734.2275,734.2351,28046,38817,Eptesicus serotinus,0.006,0.022,-1,Echolocation,/mnt/ubna_data_02_mir/recover-20221013/UBNA_001/20221012_030000.WAV,Telephone Field,recover-20221013,001,1795
734.2795,734.3176,68437,82470,Rhinolophus ferrumequinum,0.021,0.021,-1,Echolocation,/mnt/ubna_data_02_mir/recover-20221013/UBNA_001/20221012_030000.WAV,Telephone Field,recover-20221013,001,1795
734.3555,734.3971,68437,82618,Rhinolophus ferrumequinum,0.027,0.027,-1,Echolocation,/mnt/ubna_data_02_mir/recover-20221013/UBNA_001/20221012_030000.WAV,Telephone Field,recover-20221013,001,1795
734.4775,734.5162,68437,82928,Rhinolophus ferrumequinum,0.024,0.024,-1,Echolocation,/mnt/ubna_data_02_mir/recover-20221013/UBNA_001/20221012_030000.WAV,Telephone Field,recover-20221013,001,1795
734.5005,734.5386,68437,81454,Rhinolophus ferrumequinum,0.024,0.024,-1,Echolocation,/mnt/ubna_data_02_mir/recover-20221013/UBNA_001/20221012_030000.WAV,Telephone Field,recover-20221013,001,1795
734.5435,734.584,68437,82723,Rhinolophus ferrumequinum,0.028,0.028,-1,Echolocation,/mnt/ubna_data_02_mir/recover-20221013/UBNA_001/20221012_030000.WAV,Telephone Field,recover-20221013,001,1795
734.5605,734.5986,68437,82200,Rhinolophus ferrumequinum,0.023,0.023,-1,Echolocation,/mnt/ubna_data_02_mir/recover-20221013/UBNA_001/20221012_030000.WAV,Telephone Field,recover-20221013,001,1795
734.5715,734.588,18593,23279,Nyctalus noctula,0.015,0.024,-1,Echolocation,/mnt/ubna_data_02_mir/recover-20221013/UBNA_001/20221012_030000.WAV,Telephone Field,recover-20221013,001,1795
734.6125,734.6512,68437,82244,Rhinolophus ferrumequinum,0.021,0.021,-1,Echolocation,/mnt/ubna_data_02_mir/recover-20221013/UBNA_001/20221012_030000.WAV,Telephone Field,recover-20221013,001,1795
734.6245,734.637,14296,20485,Nyctalus noctula,0.015,0.026,-1,Echolocation,/mnt/ubna_data_02_mir/recover-20221013/UBNA_001/20221012_030000.WAV,Telephone Field,recover-20221013,001,1795
734.6515,734.6958,68437,83579,Rhinolophus ferrumequinum,0.042,0.042,-1,Echolocation,/mnt/ubna_data_02_mir/recover-20221013/UBNA_001/20221012_030000.WAV,Telephone Field,recover-20221013,001,1795
734.6545,734.6669,25468,31408,Nyctalus leisleri,0.014,0.038,-1,Echolocation,/mnt/ubna_data_02_mir/recover-20221013/UBNA_001/20221012_030000.WAV,Telephone Field,recover-20221013,001,1795
734.6805,734.6899,28046,39795,Eptesicus serotinus,0.008,0.021,-1,Echolocation,/mnt/ubna_data_02_mir/recover-20221013/UBNA_001/20221012_030000.WAV,Telephone Field,recover-20221013,001,1795
734.6825,734.6919,46953,50257,Pipistrellus pipistrellus,0.03,0.032,-1,Echolocation,/mnt/ubna_data_02_mir/recover-20221013/UBNA_001/20221012_030000.WAV,Telephone Field,recover-20221013,001,1795
734.7015,734.7361,68437,80746,Rhinolophus ferrumequinum,0.021,0.022,-1,Echolocation,/mnt/ubna_data_02_mir/recover-20221013/UBNA_001/20221012_030000.WAV,Telephone Field,recover-20221013,001,1795
734.7405,734.7529,44375,46811,Pipistrellus pipistrellus,0.03,0.033,-1,Echolocation,/mnt/ubna_data_02_mir/recover-20221013/UBNA_001/20221012_030000.WAV,Telephone Field,recover-20221013,001,1795
734.7415,734.7795,68437,82155,Rhinolophus ferrumequinum,0.021,0.021,-1,Echolocation,/mnt/ubna_data_02_mir/recover-20221013/UBNA_001/20221012_030000.WAV,Telephone Field,recover-20221013,001,1795
734.7715,734.8093,68437,82511,Rhinolophus ferrumequinum,0.026,0.026,-1,Echolocation,/mnt/ubna_data_02_mir/recover-20221013/UBNA_001/20221012_030000.WAV,Telephone Field,recover-20221013,001,1795
734.7885,734.7995,22890,27743,Nyctalus leisleri,0.012,0.024,-1,Echolocation,/mnt/ubna_data_02_mir/recover-20221013/UBNA_001/20221012_030000.WAV,Telephone Field,recover-20221013,001,1795
734.8205,734.8555,68437,80872,Rhinolophus ferrumequinum,0.028,0.028,-1,Echolocation,/mnt/ubna_data_02_mir/recover-20221013/UBNA_001/20221012_030000.WAV,Telephone Field,recover-20221013,001,1795
734.8275,734.8663,68437,81156,Rhinolophus ferrumequinum,0.025,0.025,-1,Echolocation,/mnt/ubna_data_02_mir/recover-20221013/UBNA_001/20221012_030000.WAV,Telephone Field,recover-20221013,001,1795
734.8575,734.8964,68437,82145,Rhinolophus ferrumequinum,0.023,0.023,-1,Echolocation,/mnt/ubna_data_02_mir/recover-20221013/UBNA_001/20221012_030000.WAV,Telephone Field,recover-20221013,001,1795
734.9265,734.9336,29765,39088,Eptesicus serotinus,0.022,0.053,-1,Echolocation,/mnt/ubna_data_02_mir/recover-20221013/UBNA_001/20221012_030000.WAV,Telephone Field,recover-20221013,001,1795
735.0105,735.0246,22890,27861,Nyctalus leisleri,0.014,0.026,-1,Echolocation,/mnt/ubna_data_02_mir/recover-20221013/UBNA_001/20221012_030000.WAV,Telephone Field,recover-20221013,001,1795
735.0185,735.0556,68437,82366,Rhinolophus ferrumequinum,0.023,0.023,-1,Echolocation,/mnt/ubna_data_02_mir/recover-20221013/UBNA_001/20221012_030000.WAV,Telephone Field,recover-20221013,001,1795
735.0315,735.0401,28906,36715,Eptesicus serotinus,0.008,0.022,-1,Echolocation,/mnt/ubna_data_02_mir/recover-20221013/UBNA_001/20221012_030000.WAV,Telephone Field,recover-20221013,001,1795
735.0455,735.0855,68437,82730,Rhinolophus ferrumequinum,0.024,0.024,-1,Echolocation,/mnt/ubna_data_02_mir/recover-20221013/UBNA_001/20221012_030000.WAV,Telephone Field,recover-20221013,001,1795
735.0745,735.0831,28906,36992,Eptesicus serotinus,0.009,0.023,-1,Echolocation,/mnt/ubna_data_02_mir/recover-20221013/UBNA_001/20221012_030000.WAV,Telephone Field,recover-20221013,001,1795
735.0855,735.1276,68437,82852,Rhinolophus ferrumequinum,0.023,0.023,-1,Echolocation,/mnt/ubna_data_02_mir/recover-20221013/UBNA_001/20221012_030000.WAV,Telephone Field,recover-20221013,001,1795
735.0895,735.0958,24609,39340,Plecotus austriacus,0.008,0.026,-1,Echolocation,/mnt/ubna_data_02_mir/recover-20221013/UBNA_001/20221012_030000.WAV,Telephone Field,recover-20221013,001,1795
735.1555,735.1924,68437,81502,Rhinolophus ferrumequinum,0.022,0.022,-1,Echolocation,/mnt/ubna_data_02_mir/recover-20221013/UBNA_001/20221012_030000.WAV,Telephone Field,recover-20221013,001,1795
735.1615,735.2013,68437,82034,Rhinolophus ferrumequinum,0.022,0.022,-1,Echolocation,/mnt/ubna_data_02_mir/recover-20221013/UBNA_001/20221012_030000.WAV,Telephone Field,recover-20221013,001,1795
735.1675,735.1749,28046,37905,Eptesicus serotinus,0.01,0.03,-1,Echolocation,/mnt/ubna_data_02_mir/recover-20221013/UBNA_001/20221012_030000.WAV,Telephone Field,recover-20221013,001,1795
735.1695,735.1795,22031,27624,Nyctalus leisleri,0.01,0.025,-1,Echolocation,/mnt/ubna_data_02_mir/recover-20221013/UBNA_001/20221012_030000.WAV,Telephone Field,recover-20221013,001,1795
735.1785,735.1993,18593,21438,Nyctalus leisleri,0.015,0.029,-1,Echolocation,/mnt/ubna_data_02_mir/recover-20221013/UBNA_001/20221012_030000.WAV,Telephone Field,recover-20221013,001,1795
735.2145,735.2301,22890,27204,Nyctalus leisleri,0.014,0.026,-1,Echolocation,/mnt/ubna_data_02_mir/recover-20221013/UBNA_001/20221012_030000.WAV,Telephone Field,recover-20221013,001,1795
735.2235,735.2339,22890,27617,Nyctalus leisleri,0.013,0.024,-1,Echolocation,/mnt/ubna_data_02_mir/recover-20221013/UBNA_001/20221012_030000.WAV,Telephone Field,recover-20221013,001,1795
735.2285,735.2677,68437,82598,Rhinolophus ferrumequinum,0.021,0.021,-1,Echolocation,/mnt/ubna_data_02_mir/recover-20221013/UBNA_001/20221012_030000.WAV,Telephone Field,recover-20221013,001,1795
735.2685,735.309,68437,81861,Rhinolophus ferrumequinum,0.026,0.026,-1,Echolocation,/mnt/ubna_data_02_mir/recover-20221013/UBNA_001/20221012_030000.WAV,Telephone Field,recover-20221013,001,1795
735.3095,735.318,28046,39311,Eptesicus serotinus,0.009,0.029,-1,Echolocation,/mnt/ubna_data_02_mir/recover-20221013/UBNA_001/20221012_030000.WAV,Telephone Field,recover-20221013,001,1795
735.3215,735.3319,28906,36660,Eptesicus serotinus,0.009,0.022,-1,Echolocation,/mnt/ubna_data_02_mir/recover-20221013/UBNA_001/20221012_030000.WAV,Telephone Field,recover-20221013,001,1795
735.3495,735.3874,68437,82535,Rhinolophus ferrumequinum,0.031,0.031,-1,Echolocation,/mnt/ubna_data_02_mir/recover-20221013/UBNA_001/20221012_030000.WAV,Telephone Field,recover-20221013,001,1795
735.3755,735.3829,27187,36395,Eptesicus serotinus,0.01,0.029,-1,Echolocation,/mnt/ubna_data_02_mir/recover-20221013/UBNA_001/20221012_030000.WAV,Telephone Field,recover-20221013,001,1795
735.3895,735.4235,68437,80754,Rhinolophus ferrumequinum,0.021,0.021,-1,Echolocation,/mnt/ubna_data_02_mir/recover-20221013/UBNA_001/20221012_030000.WAV,Telephone Field,recover-20221013,001,1795
735.4175,735.4261,27187,35104,Eptesicus serotinus,0.022,0.042,-1,Echolocation,/mnt/ubna_data_02_mir/recover-20221013/UBNA_001/20221012_030000.WAV,Telephone Field,recover-20221013,001,1795
735.4725,735.5126,68437,81783,Rhinolophus ferrumequinum,0.025,0.025,-1,Echolocation,/mnt/ubna_data_02_mir/recover-20221013/UBNA_001/20221012_030000.WAV,Telephone Field,recover-20221013,001,1795
735.5705,735.5811,26328,32771,Eptesicus serotinus,0.01,0.024,-1,Echolocation,/mnt/ubna_data_02_mir/recover-20221013/UBNA_001/20221012_030000.WAV,Telephone Field,recover-20221013,001,1795
735.5835,735.6213,68437,81705,Rhinolophus ferrumequinum,0.022,0.022,-1,Echolocation,/mnt/ubna_data_02_mir/recover-20221013/UBNA_001/20221012_030000.WAV,Telephone Field,recover-20221013,001,1795
735.5875,735.5954,32343,41254,Myotis daubentonii,0.01,0.026,-1,Echolocation,/mnt/ubna_data_02_mir/recover-20221013/UBNA_001/20221012_030000.WAV,Telephone Field,recover-20221013,001,1795
735.5885,735.5982,14296,23915,Nyctalus noctula,0.011,0.022,-1,Echolocation,/mnt/ubna_data_02_mir/recover-20221013/UBNA_001/20221012_030000.WAV,Telephone Field,recover-20221013,001,1795
735.6365,735.6478,22890,28056,Nyctalus leisleri,0.011,0.023,-1,Echolocation,/mnt/ubna_data_02_mir/recover-20221013/UBNA_001/20221012_030000.WAV,Telephone Field,recover-20221013,001,1795
735.6445,735.6798,68437,81650,Rhinolophus ferrumequinum,0.021,0.021,-1,Echolocation,/mnt/ubna_data_02_mir/recover-20221013/UBNA_001/20221012_030000.WAV,Telephone Field,recover-20221013,001,1795
735.6465,735.6568,23750,30162,Nyctalus leisleri,0.009,0.025,-1,Echolocation,/mnt/ubna_data_02_mir/recover-20221013/UBNA_001/20221012_030000.WAV,Telephone Field,recover-20221013,001,1795
735.6655,735.7038,68437,81804,Rhinolophus ferrumequinum,0.025,0.025,-1,Echolocation,/mnt/ubna_data_02_mir/recover-20221013/UBNA_001/20221012_030000.WAV,Telephone Field,recover-20221013,001,1795
735.6715,735.7105,68437,82233,Rhinolophus ferrumequinum,0.025,0.026,-1,Echolocation,/mnt/ubna_data_02_mir/recover-20221013/UBNA_001/20221012_030000.WAV,Telephone Field,recover-20221013,001,1795
735.6885,735.6964,26328,39175,Eptesicus serotinus,0.006,0.021,-1,Echolocation,/mnt/ubna_data_02_mir/recover-20221013/UBNA_001/20221012_030000.WAV,Telephone Field,recover-20221013,001,1795
735.7145,735.7572,68437,83421,Rhinolophus ferrumequinum,0.028,0.028,-1,Echolocation,/mnt/ubna_data_02_mir/recover-20221013/UBNA_001/20221012_030000.WAV,Telephone Field,recover-20221013,001,1795
735.7185,735.7256,28046,38458,Eptesicus serotinus,0.006,0.024,-1,Echolocation,/mnt/ubna_data_02_mir/recover-20221013/UBNA_001/20221012_030000.WAV,Telephone Field,recover-20221013,001,1795
735.7575,735.7941,68437,82347,Rhinolophus ferrumequinum,0.023,0.023,-1,Echolocation,/mnt/ubna_data_02_mir/recover-20221013/UBNA_001/20221012_030000.WAV,Telephone Field,recover-20221013,001,1795
735.7685,735.7768,28046,40267,Eptesicus serotinus,0.007,0.023,-1,Echolocation,/mnt/ubna_data_02_mir/recover-20221013/UBNA_001/20221012_030000.WAV,Telephone Field,recover-20221013,001,1795
735.7835,735.7913,28906,39389,Eptesicus serotinus,0.006,0.021,-1,Echolocation,/mnt/ubna_data_02_mir/recover-20221013/UBNA_001/20221012_030000.WAV,Telephone Field,recover-20221013,001,1795
735.8195,735.86,68437,82493,Rhinolophus ferrumequinum,0.025,0.025,-1,Echolocation,/mnt/ubna_data_02_mir/recover-20221013/UBNA_001/20221012_030000.WAV,Telephone Field,recover-20221013,001,1795
735.8425,735.8505,27187,36067,Eptesicus serotinus,0.006,0.021,-1,Echolocation,/mnt/ubna_data_02_mir/recover-20221013/UBNA_001/20221012_030000.WAV,Telephone Field,recover-20221013,001,1795
735.8465,735.8868,68437,82770,Rhinolophus ferrumequinum,0.021,0.021,-1,Echolocation,/mnt/ubna_data_02_mir/recover-20221013/UBNA_001/20221012_030000.WAV,Telephone Field,recover-20221013,001,1795
735.8705,735.9097,68437,82726,Rhinolophus ferrumequinum,0.025,0.025,-1,Echolocation,/mnt/ubna_data_02_mir/recover-20221013/UBNA_001/20221012_030000.WAV,Telephone Field,recover-20221013,001,1795
735.8795,735.919,68437,82274,Rhinolophus ferrumequinum,0.027,0.027,-1,Echolocation,/mnt/ubna_data_02_mir/recover-20221013/UBNA_001/20221012_030000.WAV,Telephone Field,recover-20221013,001,1795
735.9125,735.9498,68437,82399,Rhinolophus ferrumequinum,0.022,0.022,-1,Echolocation,/mnt/ubna_data_02_mir/recover-20221013/UBNA_001/20221012_030000.WAV,Telephone Field,recover-20221013,001,1795
735.9185,735.9592,68437,82448,Rhinolophus ferrumequinum,0.022,0.022,-1,Echolocation,/mnt/ubna_data_02_mir/recover-20221013/UBNA_001/20221012_030000.WAV,Telephone Field,recover-20221013,001,1795
735.9185,735.926,28046,39061,Eptesicus serotinus,0.008,0.027,-1,Echolocation,/mnt/ubna_data_02_mir/recover-20221013/UBNA_001/20221012_030000.WAV,Telephone Field,recover-20221013,001,1795
735.9395,735.9514,22890,28002,Nyctalus leisleri,0.014,0.029,-1,Echolocation,/mnt/ubna_data_02_mir/recover-20221013/UBNA_001/20221012_030000.WAV,Telephone Field,recover-20221013,001,1795
735.9405,735.9489,50390,54786,Pipistrellus pipistrellus,0.025,0.028,-1,Echolocation,/mnt/ubna_data_02_mir/recover-20221013/UBNA_001/20221012_030000.WAV,Telephone Field,recover-20221013,001,1795
735.9565,735.9665,44375,48791,Pipistrellus pipistrellus,0.028,0.031,-1,Echolocation,/mnt/ubna_data_02_mir/recover-20221013/UBNA_001/20221012_030000.WAV,Telephone Field,recover-20221013,001,1795
735.9855,735.9934,48671,55618,Pipistrellus pipistrellus,0.019,0.022,-1,Echolocation,/mnt/ubna_data_02_mir/recover-20221013/UBNA_001/20221012_030000.WAV,Telephone Field,recover-20221013,001,1795
736.0015,736.031,68437,79439,Rhinolophus ferrumequinum,0.025,0.025,-1,Echolocation,/mnt/ubna_data_02_mir/recover-20221013/UBNA_001/20221012_030000.WAV,Telephone Field,recover-20221013,001,1795
736.0015,736.0081,23750,34238,Plecotus austriacus,0.014,0.044,-1,Echolocation,/mnt/ubna_data_02_mir/recover-20221013/UBNA_001/20221012_030000.WAV,Telephone Field,recover-20221013,001,1795
736.0435,736.0827,68437,82734,Rhinolophus ferrumequinum,0.025,0.025,-1,Echolocation,/mnt/ubna_data_02_mir/recover-20221013/UBNA_001/20221012_030000.WAV,Telephone Field,recover-20221013,001,1795
736.0685,736.1096,68437,82301,Rhinolophus ferrumequinum,0.022,0.022,-1,Echolocation,/mnt/ubna_data_02_mir/recover-20221013/UBNA_001/20221012_030000.WAV,Telephone Field,recover-20221013,001,1795
736.0745,736.0822000000001,27187,41591,Eptesicus serotinus,0.007,0.022,-1,Echolocation,/mnt/ubna_data_02_mir/recover-20221013/UBNA_001/20221012_030000.WAV,Telephone Field,recover-20221013,001,1795
736.0855,736.1245,68437,82450,Rhinolophus ferrumequinum,0.023,0.023,-1,Echolocation,/mnt/ubna_data_02_mir/recover-20221013/UBNA_001/20221012_030000.WAV,Telephone Field,recover-20221013,001,1795
736.1175,736.1281,23750,30034,Nyctalus leisleri,0.009,0.022,-1,Echolocation,/mnt/ubna_data_02_mir/recover-20221013/UBNA_001/20221012_030000.WAV,Telephone Field,recover-20221013,001,1795
736.1385,736.1497,23750,29372,Nyctalus leisleri,0.011,0.024,-1,Echolocation,/mnt/ubna_data_02_mir/recover-20221013/UBNA_001/20221012_030000.WAV,Telephone Field,recover-20221013,001,1795
736.1545,736.1907,68437,81641,Rhinolophus ferrumequinum,0.021,0.021,-1,Echolocation,/mnt/ubna_data_02_mir/recover-20221013/UBNA_001/20221012_030000.WAV,Telephone Field,recover-20221013,001,1795
736.1935,736.2009,27187,38762,Eptesicus serotinus,0.007,0.021,-1,Echolocation,/mnt/ubna_data_02_mir/recover-20221013/UBNA_001/20221012_030000.WAV,Telephone Field,recover-20221013,001,1795
736.2425,736.2789,68437,82123,Rhinolophus ferrumequinum,0.021,0.021,-1,Echolocation,/mnt/ubna_data_02_mir/recover-20221013/UBNA_001/20221012_030000.WAV,Telephone Field,recover-20221013,001,1795
736.2505,736.2613,23750,29433,Nyctalus leisleri,0.009,0.022,-1,Echolocation,/mnt/ubna_data_02_mir/recover-20221013/UBNA_001/20221012_030000.WAV,Telephone Field,recover-20221013,001,1795
736.2625,736.2703,28046,39883,Eptesicus serotinus,0.007,0.022,-1,Echolocation,/mnt/ubna_data_02_mir/recover-20221013/UBNA_001/20221012_030000.WAV,Telephone Field,recover-20221013,001,1795
736.2635,736.3052,68437,82699,Rhinolophus ferrumequinum,0.029,0.029,-1,Echolocation,/mnt/ubna_data_02_mir/recover-20221013/UBNA_001/20221012_030000.WAV,Telephone Field,recover-20221013,001,1795
736.2915,736.3237,68437,80381,Rhinolophus ferrumequinum,0.021,0.021,-1,Echolocation,/mnt/ubna_data_02_mir/recover-20221013/UBNA_001/20221012_030000.WAV,Telephone Field,recover-20221013,001,1795
736.3075,736.3167,28046,35923,Eptesicus serotinus,0.008,0.022,-1,Echolocation,/mnt/ubna_data_02_mir/recover-20221013/UBNA_001/20221012_030000.WAV,Telephone Field,recover-20221013,001,1795
736.3235,736.3644,68437,83353,Rhinolophus ferrumequinum,0.033,0.033,-1,Echolocation,/mnt/ubna_data_02_mir/recover-20221013/UBNA_001/20221012_030000.WAV,Telephone Field,recover-20221013,001,1795
736.3355,736.3459,23750,30872,Nyctalus leisleri,0.009,0.024,-1,Echolocation,/mnt/ubna_data_02_mir/recover-20221013/UBNA_001/20221012_030000.WAV,Telephone Field,recover-20221013,001,1795
736.3805,736.4173,68437,81598,Rhinolophus ferrumequinum,0.033,0.033,-1,Echolocation,/mnt/ubna_data_02_mir/recover-20221013/UBNA_001/20221012_030000.WAV,Telephone Field,recover-20221013,001,1795
736.4105,736.4491,68437,81993,Rhinolophus ferrumequinum,0.023,0.023,-1,Echolocation,/mnt/ubna_data_02_mir/recover-20221013/UBNA_001/20221012_030000.WAV,Telephone Field,recover-20221013,001,1795
736.4455,736.4853,68437,82298,Rhinolophus ferrumequinum,0.026,0.026,-1,Echolocation,/mnt/ubna_data_02_mir/recover-20221013/UBNA_001/20221012_030000.WAV,Telephone Field,recover-20221013,001,1795
736.4555,736.4638,24609,36075,Eptesicus serotinus,0.006,0.021,-1,Echolocation,/mnt/ubna_data_02_mir/recover-20221013/UBNA_001/20221012_030000.WAV,Telephone Field,recover-20221013,001,1795
736.4715,736.4788,23750,32397,Plecotus austriacus,0.01,0.024,-1,Echolocation,/mnt/ubna_data_02_mir/recover-20221013/UBNA_001/20221012_030000.WAV,Telephone Field,recover-20221013,001,1795
736.5195,736.526,28046,41845,Eptesicus serotinus,0.007,0.027,-1,Echolocation,/mnt/ubna_data_02_mir/recover-20221013/UBNA_001/20221012_030000.WAV,Telephone Field,recover-20221013,001,1795
736.5235,736.5589,68437,81280,Rhinolophus ferrumequinum,0.021,0.021,-1,Echolocation,/mnt/ubna_data_02_mir/recover-20221013/UBNA_001/20221012_030000.WAV,Telephone Field,recover-20221013,001,1795
736.5485,736.556,28046,37938,Eptesicus serotinus,0.007,0.021,-1,Echolocation,/mnt/ubna_data_02_mir/recover-20221013/UBNA_001/20221012_030000.WAV,Telephone Field,recover-20221013,001,1795
736.5585,736.5992,68437,82522,Rhinolophus ferrumequinum,0.023,0.023,-1,Echolocation,/mnt/ubna_data_02_mir/recover-20221013/UBNA_001/20221012_030000.WAV,Telephone Field,recover-20221013,001,1795
736.5745,736.6096,68437,81393,Rhinolophus ferrumequinum,0.022,0.022,-1,Echolocation,/mnt/ubna_data_02_mir/recover-20221013/UBNA_001/20221012_030000.WAV,Telephone Field,recover-20221013,001,1795
736.5945,736.6387,68437,83064,Rhinolophus ferrumequinum,0.03,0.03,-1,Echolocation,/mnt/ubna_data_02_mir/recover-20221013/UBNA_001/20221012_030000.WAV,Telephone Field,recover-20221013,001,1795
736.6435,736.6856,68437,82843,Rhinolophus ferrumequinum,0.027,0.027,-1,Echolocation,/mnt/ubna_data_02_mir/recover-20221013/UBNA_001/20221012_030000.WAV,Telephone Field,recover-20221013,001,1795
736.6555,736.6668,24609,30249,Nyctalus leisleri,0.011,0.026,-1,Echolocation,/mnt/ubna_data_02_mir/recover-20221013/UBNA_001/20221012_030000.WAV,Telephone Field,recover-20221013,001,1795
736.6725,736.7106,68437,82364,Rhinolophus ferrumequinum,0.024,0.024,-1,Echolocation,/mnt/ubna_data_02_mir/recover-20221013/UBNA_001/20221012_030000.WAV,Telephone Field,recover-20221013,001,1795
736.6755,736.6857,28046,36456,Eptesicus serotinus,0.01,0.021,-1,Echolocation,/mnt/ubna_data_02_mir/recover-20221013/UBNA_001/20221012_030000.WAV,Telephone Field,recover-20221013,001,1795
736.6835,736.6954,32343,37592,Eptesicus serotinus,0.008,0.023,-1,Echolocation,/mnt/ubna_data_02_mir/recover-20221013/UBNA_001/20221012_030000.WAV,Telephone Field,recover-20221013,001,1795
736.7135,736.722,23750,31776,Plecotus austriacus,0.009,0.026,-1,Echolocation,/mnt/ubna_data_02_mir/recover-20221013/UBNA_001/20221012_030000.WAV,Telephone Field,recover-20221013,001,1795
736.7445,736.7841,68437,82661,Rhinolophus ferrumequinum,0.023,0.023,-1,Echolocation,/mnt/ubna_data_02_mir/recover-20221013/UBNA_001/20221012_030000.WAV,Telephone Field,recover-20221013,001,1795
736.7615,736.7715,28046,36224,Eptesicus serotinus,0.011,0.023,-1,Echolocation,/mnt/ubna_data_02_mir/recover-20221013/UBNA_001/20221012_030000.WAV,Telephone Field,recover-20221013,001,1795
736.7825,736.7911,26328,39154,Eptesicus serotinus,0.007,0.024,-1,Echolocation,/mnt/ubna_data_02_mir/recover-20221013/UBNA_001/20221012_030000.WAV,Telephone Field,recover-20221013,001,1795
736.7825,736.7917,36640,44100,Barbastellus barbastellus,0.008,0.025,-1,Echolocation,/mnt/ubna_data_02_mir/recover-20221013/UBNA_001/20221012_030000.WAV,Telephone Field,recover-20221013,001,1795
736.7875,736.8265,68437,82535,Rhinolophus ferrumequinum,0.024,0.024,-1,Echolocation,/mnt/ubna_data_02_mir/recover-20221013/UBNA_001/20221012_030000.WAV,Telephone Field,recover-20221013,001,1795
736.8145,736.8247,24609,31334,Eptesicus serotinus,0.008,0.022,-1,Echolocation,/mnt/ubna_data_02_mir/recover-20221013/UBNA_001/20221012_030000.WAV,Telephone Field,recover-20221013,001,1795
736.8275,736.8644,68437,81884,Rhinolophus ferrumequinum,0.03,0.03,-1,Echolocation,/mnt/ubna_data_02_mir/recover-20221013/UBNA_001/20221012_030000.WAV,Telephone Field,recover-20221013,001,1795
736.8445,736.886,68437,82665,Rhinolophus ferrumequinum,0.028,0.028,-1,Echolocation,/mnt/ubna_data_02_mir/recover-20221013/UBNA_001/20221012_030000.WAV,Telephone Field,recover-20221013,001,1795
736.8715,736.8794,28046,38954,Eptesicus serotinus,0.007,0.021,-1,Echolocation,/mnt/ubna_data_02_mir/recover-20221013/UBNA_001/20221012_030000.WAV,Telephone Field,recover-20221013,001,1795
736.9515,736.9871,68437,81491,Rhinolophus ferrumequinum,0.022,0.022,-1,Echolocation,/mnt/ubna_data_02_mir/recover-20221013/UBNA_001/20221012_030000.WAV,Telephone Field,recover-20221013,001,1795
736.9815,737.0204,68437,81770,Rhinolophus ferrumequinum,0.024,0.024,-1,Echolocation,/mnt/ubna_data_02_mir/recover-20221013/UBNA_001/20221012_030000.WAV,Telephone Field,recover-20221013,001,1795
737.0205,737.0544,68437,81115,Rhinolophus ferrumequinum,0.023,0.023,-1,Echolocation,/mnt/ubna_data_02_mir/recover-20221013/UBNA_001/20221012_030000.WAV,Telephone Field,recover-20221013,001,1795
737.0465,737.0846,68437,82292,Rhinolophus ferrumequinum,0.022,0.022,-1,Echolocation,/mnt/ubna_data_02_mir/recover-20221013/UBNA_001/20221012_030000.WAV,Telephone Field,recover-20221013,001,1795
737.0565,737.0672,22031,26489,Nyctalus leisleri,0.012,0.022,-1,Echolocation,/mnt/ubna_data_02_mir/recover-20221013/UBNA_001/20221012_030000.WAV,Telephone Field,recover-20221013,001,1795
737.0605,737.0979,68437,82020,Rhinolophus ferrumequinum,0.022,0.022,-1,Echolocation,/mnt/ubna_data_02_mir/recover-20221013/UBNA_001/20221012_030000.WAV,Telephone Field,recover-20221013,001,1795
737.0755,737.1146,68437,82505,Rhinolophus ferrumequinum,0.032,0.032,-1,Echolocation,/mnt/ubna_data_02_mir/recover-20221013/UBNA_001/20221012_030000.WAV,Telephone Field,recover-20221013,001,1795
737.0855,737.1228,68437,81707,Rhinolophus ferrumequinum,0.021,0.021,-1,Echolocation,/mnt/ubna_data_02_mir/recover-20221013/UBNA_001/20221012_030000.WAV,Telephone Field,recover-20221013,001,1795
737.1315,737.1682,68437,82277,Rhinolophus ferrumequinum,0.021,0.021,-1,Echolocation,/mnt/ubna_data_02_mir/recover-20221013/UBNA_001/20221012_030000.WAV,Telephone Field,recover-20221013,001,1795
737.1705,737.2072000000001,68437,81518,Rhinolophus ferrumequinum,0.022,0.022,-1,Echolocation,/mnt/ubna_data_02_mir/recover-20221013/UBNA_001/20221012_030000.WAV,Telephone Field,recover-20221013,001,1795
737.1995,737.2103,30625,38037,Eptesicus serotinus,0.009,0.025,-1,Echolocation,/mnt/ubna_data_02_mir/recover-20221013/UBNA_001/20221012_030000.WAV,Telephone Field,recover-20221013,001,1795
737.2275,737.2629,68437,81565,Rhinolophus ferrumequinum,0.022,0.022,-1,Echolocation,/mnt/ubna_data_02_mir/recover-20221013/UBNA_001/20221012_030000.WAV,Telephone Field,recover-20221013,001,1795
737.2905,737.328,68437,81234,Rhinolophus ferrumequinum,0.026,0.026,-1,Echolocation,/mnt/ubna_data_02_mir/recover-20221013/UBNA_001/20221012_030000.WAV,Telephone Field,recover-20221013,001,1795
737.2995,737.3365,68437,81977,Rhinolophus ferrumequinum,0.021,0.021,-1,Echolocation,/mnt/ubna_data_02_mir/recover-20221013/UBNA_001/20221012_030000.WAV,Telephone Field,recover-20221013,001,1795
737.3205,737.329,28046,39032,Eptesicus serotinus,0.007,0.021,-1,Echolocation,/mnt/ubna_data_02_mir/recover-20221013/UBNA_001/20221012_030000.WAV,Telephone Field,recover-20221013,001,1795
737.3235,737.3619,68437,82125,Rhinolophus ferrumequinum,0.021,0.021,-1,Echolocation,/mnt/ubna_data_02_mir/recover-20221013/UBNA_001/20221012_030000.WAV,Telephone Field,recover-20221013,001,1795
737.3665,737.4039,68437,81930,Rhinolophus ferrumequinum,0.021,0.021,-1,Echolocation,/mnt/ubna_data_02_mir/recover-20221013/UBNA_001/20221012_030000.WAV,Telephone Field,recover-20221013,001,1795
737.3775,737.3844,28046,40240,Eptesicus serotinus,0.007,0.025,-1,Echolocation,/mnt/ubna_data_02_mir/recover-20221013/UBNA_001/20221012_030000.WAV,Telephone Field,recover-20221013,001,1795
737.4035,737.4415,68437,82462,Rhinolophus ferrumequinum,0.022,0.022,-1,Echolocation,/mnt/ubna_data_02_mir/recover-20221013/UBNA_001/20221012_030000.WAV,Telephone Field,recover-20221013,001,1795
737.4265,737.4378,22890,28592,Nyctalus leisleri,0.013,0.029,-1,Echolocation,/mnt/ubna_data_02_mir/recover-20221013/UBNA_001/20221012_030000.WAV,Telephone Field,recover-20221013,001,1795
737.4515,737.4644,23750,29136,Nyctalus leisleri,0.02,0.044,-1,Echolocation,/mnt/ubna_data_02_mir/recover-20221013/UBNA_001/20221012_030000.WAV,Telephone Field,recover-20221013,001,1795
737.4705,737.5062,68437,81794,Rhinolophus ferrumequinum,0.021,0.021,-1,Echolocation,/mnt/ubna_data_02_mir/recover-20221013/UBNA_001/20221012_030000.WAV,Telephone Field,recover-20221013,001,1795
737.4755,737.4828,28046,39974,Eptesicus serotinus,0.007,0.023,-1,Echolocation,/mnt/ubna_data_02_mir/recover-20221013/UBNA_001/20221012_030000.WAV,Telephone Field,recover-20221013,001,1795
737.4965,737.5343,68437,82062,Rhinolophus ferrumequinum,0.023,0.023,-1,Echolocation,/mnt/ubna_data_02_mir/recover-20221013/UBNA_001/20221012_030000.WAV,Telephone Field,recover-20221013,001,1795
737.5175,737.5572,68437,82525,Rhinolophus ferrumequinum,0.022,0.022,-1,Echolocation,/mnt/ubna_data_02_mir/recover-20221013/UBNA_001/20221012_030000.WAV,Telephone Field,recover-20221013,001,1795
737.5345,737.5412,26328,36625,Eptesicus serotinus,0.01,0.038,-1,Echolocation,/mnt/ubna_data_02_mir/recover-20221013/UBNA_001/20221012_030000.WAV,Telephone Field,recover-20221013,001,1795
737.5495,737.5609,28046,35025,Eptesicus serotinus,0.014,0.028,-1,Echolocation,/mnt/ubna_data_02_mir/recover-20221013/UBNA_001/20221012_030000.WAV,Telephone Field,recover-20221013,001,1795
737.5985000000001,737.6054,33203,45387,Myotis daubentonii,0.01,0.022,-1,Echolocation,/mnt/ubna_data_02_mir/recover-20221013/UBNA_001/20221012_030000.WAV,Telephone Field,recover-20221013,001,1795
737.6015,737.6084,28046,39328,Eptesicus serotinus,0.007,0.025,-1,Echolocation,/mnt/ubna_data_02_mir/recover-20221013/UBNA_001/20221012_030000.WAV,Telephone Field,recover-20221013,001,1795
737.6255,737.6318,49531,54040,Pipistrellus pipistrellus,0.02,0.021,-1,Echolocation,/mnt/ubna_data_02_mir/recover-20221013/UBNA_001/20221012_030000.WAV,Telephone Field,recover-20221013,001,1795
737.7205,737.7571,68437,82058,Rhinolophus ferrumequinum,0.025,0.026,-1,Echolocation,/mnt/ubna_data_02_mir/recover-20221013/UBNA_001/20221012_030000.WAV,Telephone Field,recover-20221013,001,1795
737.7305,737.7686,68437,81514,Rhinolophus ferrumequinum,0.026,0.026,-1,Echolocation,/mnt/ubna_data_02_mir/recover-20221013/UBNA_001/20221012_030000.WAV,Telephone Field,recover-20221013,001,1795
737.7355,737.751,21171,24004,Nyctalus leisleri,0.015,0.023,-1,Echolocation,/mnt/ubna_data_02_mir/recover-20221013/UBNA_001/20221012_030000.WAV,Telephone Field,recover-20221013,001,1795
737.7535,737.7902,68437,81538,Rhinolophus ferrumequinum,0.024,0.024,-1,Echolocation,/mnt/ubna_data_02_mir/recover-20221013/UBNA_001/20221012_030000.WAV,Telephone Field,recover-20221013,001,1795
737.7805,737.8235,68437,83062,Rhinolophus ferrumequinum,0.024,0.024,-1,Echolocation,/mnt/ubna_data_02_mir/recover-20221013/UBNA_001/20221012_030000.WAV,Telephone Field,recover-20221013,001,1795
737.7925,737.8017,27187,38949,Eptesicus serotinus,0.009,0.023,-1,Echolocation,/mnt/ubna_data_02_mir/recover-20221013/UBNA_001/20221012_030000.WAV,Telephone Field,recover-20221013,001,1795
737.7955,737.832,68437,82272,Rhinolophus ferrumequinum,0.022,0.022,-1,Echolocation,/mnt/ubna_data_02_mir/recover-20221013/UBNA_001/20221012_030000.WAV,Telephone Field,recover-20221013,001,1795
737.8565,737.8638,23750,32594,Plecotus austriacus,0.014,0.032,-1,Echolocation,/mnt/ubna_data_02_mir/recover-20221013/UBNA_001/20221012_030000.WAV,Telephone Field,recover-20221013,001,1795
737.8695,737.9088,68437,82344,Rhinolophus ferrumequinum,0.022,0.022,-1,Echolocation,/mnt/ubna_data_02_mir/recover-20221013/UBNA_001/20221012_030000.WAV,Telephone Field,recover-20221013,001,1795
737.9225,737.9415,18593,22509,Nyctalus noctula,0.013,0.021,-1,Echolocation,/mnt/ubna_data_02_mir/recover-20221013/UBNA_001/20221012_030000.WAV,Telephone Field,recover-20221013,001,1795
737.9425,737.977,68437,80910,Rhinolophus ferrumequinum,0.024,0.024,-1,Echolocation,/mnt/ubna_data_02_mir/recover-20221013/UBNA_001/20221012_030000.WAV,Telephone Field,recover-20221013,001,1795
738.0015,738.0329,71875,85365,Rhinolophus ferrumequinum,0.063,0.063,-1,Echolocation,/mnt/ubna_data_02_mir/recover-20221013/UBNA_001/20221012_030000.WAV,Telephone Field,recover-20221013,001,1795
738.0015,738.0144,24609,33059,Eptesicus serotinus,0.013,0.036,-1,Echolocation,/mnt/ubna_data_02_mir/recover-20221013/UBNA_001/20221012_030000.WAV,Telephone Field,recover-20221013,001,1795
738.0105,738.0185,27187,36014,Eptesicus serotinus,0.035,0.067,-1,Echolocation,/mnt/ubna_data_02_mir/recover-20221013/UBNA_001/20221012_030000.WAV,Telephone Field,recover-20221013,001,1795
738.0245,738.0623,68437,81487,Rhinolophus ferrumequinum,0.026,0.026,-1,Echolocation,/mnt/ubna_data_02_mir/recover-20221013/UBNA_001/20221012_030000.WAV,Telephone Field,recover-20221013,001,1795
738.0755,738.0836,26328,35811,Eptesicus serotinus,0.01,0.031,-1,Echolocation,/mnt/ubna_data_02_mir/recover-20221013/UBNA_001/20221012_030000.WAV,Telephone Field,recover-20221013,001,1795
738.0865,738.1216,68437,81008,Rhinolophus ferrumequinum,0.026,0.026,-1,Echolocation,/mnt/ubna_data_02_mir/recover-20221013/UBNA_001/20221012_030000.WAV,Telephone Field,recover-20221013,001,1795
738.0885,738.095,50390,56570,Pipistrellus pipistrellus,0.042,0.045,-1,Echolocation,/mnt/ubna_data_02_mir/recover-20221013/UBNA_001/20221012_030000.WAV,Telephone Field,recover-20221013,001,1795
738.1005,738.1374,68437,81503,Rhinolophus ferrumequinum,0.021,0.021,-1,Echolocation,/mnt/ubna_data_02_mir/recover-20221013/UBNA_001/20221012_030000.WAV,Telephone Field,recover-20221013,001,1795
738.1185,738.1574,68437,81746,Rhinolophus ferrumequinum,0.022,0.022,-1,Echolocation,/mnt/ubna_data_02_mir/recover-20221013/UBNA_001/20221012_030000.WAV,Telephone Field,recover-20221013,001,1795
738.1475,738.1817,68437,80677,Rhinolophus ferrumequinum,0.024,0.024,-1,Echolocation,/mnt/ubna_data_02_mir/recover-20221013/UBNA_001/20221012_030000.WAV,Telephone Field,recover-20221013,001,1795
738.1905,738.1994,52109,58536,Pipistrellus pipistrellus,0.025,0.03,-1,Echolocation,/mnt/ubna_data_02_mir/recover-20221013/UBNA_001/20221012_030000.WAV,Telephone Field,recover-20221013,001,1795
738.2065,738.2451,68437,81771,Rhinolophus ferrumequinum,0.022,0.022,-1,Echolocation,/mnt/ubna_data_02_mir/recover-20221013/UBNA_001/20221012_030000.WAV,Telephone Field,recover-20221013,001,1795
738.2065,738.2177,28046,34886,Eptesicus serotinus,0.014,0.027,-1,Echolocation,/mnt/ubna_data_02_mir/recover-20221013/UBNA_001/20221012_030000.WAV,Telephone Field,recover-20221013,001,1795
738.2155,738.2549,68437,82400,Rhinolophus ferrumequinum,0.024,0.024,-1,Echolocation,/mnt/ubna_data_02_mir/recover-20221013/UBNA_001/20221012_030000.WAV,Telephone Field,recover-20221013,001,1795
738.2385,738.2458,26328,34839,Eptesicus serotinus,0.008,0.022,-1,Echolocation,/mnt/ubna_data_02_mir/recover-20221013/UBNA_001/20221012_030000.WAV,Telephone Field,recover-20221013,001,1795
738.2705,738.2814,28906,36106,Eptesicus serotinus,0.012,0.025,-1,Echolocation,/mnt/ubna_data_02_mir/recover-20221013/UBNA_001/20221012_030000.WAV,Telephone Field,recover-20221013,001,1795
738.3045,738.3187,24609,29662,Nyctalus leisleri,0.015,0.032,-1,Echolocation,/mnt/ubna_data_02_mir/recover-20221013/UBNA_001/20221012_030000.WAV,Telephone Field,recover-20221013,001,1795
738.3075,738.3474,68437,82565,Rhinolophus ferrumequinum,0.023,0.023,-1,Echolocation,/mnt/ubna_data_02_mir/recover-20221013/UBNA_001/20221012_030000.WAV,Telephone Field,recover-20221013,001,1795
738.3725,738.382,22890,28865,Nyctalus leisleri,0.008,0.022,-1,Echolocation,/mnt/ubna_data_02_mir/recover-20221013/UBNA_001/20221012_030000.WAV,Telephone Field,recover-20221013,001,1795
738.4125,738.4494,68437,81301,Rhinolophus ferrumequinum,0.021,0.021,-1,Echolocation,/mnt/ubna_data_02_mir/recover-20221013/UBNA_001/20221012_030000.WAV,Telephone Field,recover-20221013,001,1795
738.4235,738.4636,68437,82792,Rhinolophus ferrumequinum,0.026,0.026,-1,Echolocation,/mnt/ubna_data_02_mir/recover-20221013/UBNA_001/20221012_030000.WAV,Telephone Field,recover-20221013,001,1795
738.4235,738.4297,26328,46053,Myotis nattereri,0.008,0.028,-1,Echolocation,/mnt/ubna_data_02_mir/recover-20221013/UBNA_001/20221012_030000.WAV,Telephone Field,recover-20221013,001,1795
738.4235,738.4293,31484,52651,Myotis daubentonii,0.012,0.028,-1,Echolocation,/mnt/ubna_data_02_mir/recover-20221013/UBNA_001/20221012_030000.WAV,Telephone Field,recover-20221013,001,1795
738.4695,738.5073,68437,82022,Rhinolophus ferrumequinum,0.022,0.022,-1,Echolocation,/mnt/ubna_data_02_mir/recover-20221013/UBNA_001/20221012_030000.WAV,Telephone Field,recover-20221013,001,1795
738.4965,738.5368,68437,82734,Rhinolophus ferrumequinum,0.024,0.024,-1,Echolocation,/mnt/ubna_data_02_mir/recover-20221013/UBNA_001/20221012_030000.WAV,Telephone Field,recover-20221013,001,1795
738.5135,738.521,27187,40320,Eptesicus serotinus,0.006,0.021,-1,Echolocation,/mnt/ubna_data_02_mir/recover-20221013/UBNA_001/20221012_030000.WAV,Telephone Field,recover-20221013,001,1795
738.5215,738.5584,68437,82088,Rhinolophus ferrumequinum,0.021,0.021,-1,Echolocation,/mnt/ubna_data_02_mir/recover-20221013/UBNA_001/20221012_030000.WAV,Telephone Field,recover-20221013,001,1795
738.5535,738.5928,68437,82252,Rhinolophus ferrumequinum,0.024,0.024,-1,Echolocation,/mnt/ubna_data_02_mir/recover-20221013/UBNA_001/20221012_030000.WAV,Telephone Field,recover-20221013,001,1795
738.6095,738.652,68437,82989,Rhinolophus ferrumequinum,0.027,0.027,-1,Echolocation,/mnt/ubna_data_02_mir/recover-20221013/UBNA_001/20221012_030000.WAV,Telephone Field,recover-20221013,001,1795
738.6335,738.6739,68437,82565,Rhinolophus ferrumequinum,0.022,0.022,-1,Echolocation,/mnt/ubna_data_02_mir/recover-20221013/UBNA_001/20221012_030000.WAV,Telephone Field,recover-20221013,001,1795
738.6665,738.7062,68437,82027,Rhinolophus ferrumequinum,0.021,0.021,-1,Echolocation,/mnt/ubna_data_02_mir/recover-20221013/UBNA_001/20221012_030000.WAV,Telephone Field,recover-20221013,001,1795
738.7585,738.7695,22890,27761,Nyctalus leisleri,0.013,0.024,-1,Echolocation,/mnt/ubna_data_02_mir/recover-20221013/UBNA_001/20221012_030000.WAV,Telephone Field,recover-20221013,001,1795
738.7945,738.8327,68437,82153,Rhinolophus ferrumequinum,0.022,0.022,-1,Echolocation,/mnt/ubna_data_02_mir/recover-20221013/UBNA_001/20221012_030000.WAV,Telephone Field,recover-20221013,001,1795
738.7945,738.8032,27187,38400,Eptesicus serotinus,0.008,0.023,-1,Echolocation,/mnt/ubna_data_02_mir/recover-20221013/UBNA_001/20221012_030000.WAV,Telephone Field,recover-20221013,001,1795
738.8325,738.8694,68437,81344,Rhinolophus ferrumequinum,0.021,0.021,-1,Echolocation,/mnt/ubna_data_02_mir/recover-20221013/UBNA_001/20221012_030000.WAV,Telephone Field,recover-20221013,001,1795
738.8445,738.8868,68437,83187,Rhinolophus ferrumequinum,0.026,0.026,-1,Echolocation,/mnt/ubna_data_02_mir/recover-20221013/UBNA_001/20221012_030000.WAV,Telephone Field,recover-20221013,001,1795
738.9295,738.9392,28906,37003,Eptesicus serotinus,0.014,0.029,-1,Echolocation,/mnt/ubna_data_02_mir/recover-20221013/UBNA_001/20221012_030000.WAV,Telephone Field,recover-20221013,001,1795
738.9295,738.968,68437,81997,Rhinolophus ferrumequinum,0.021,0.021,-1,Echolocation,/mnt/ubna_data_02_mir/recover-20221013/UBNA_001/20221012_030000.WAV,Telephone Field,recover-20221013,001,1795
738.9445,738.9622,22031,25084,Nyctalus leisleri,0.013,0.021,-1,Echolocation,/mnt/ubna_data_02_mir/recover-20221013/UBNA_001/20221012_030000.WAV,Telephone Field,recover-20221013,001,1795
738.9555,738.9917,68437,81797,Rhinolophus ferrumequinum,0.025,0.025,-1,Echolocation,/mnt/ubna_data_02_mir/recover-20221013/UBNA_001/20221012_030000.WAV,Telephone Field,recover-20221013,001,1795
738.9665,739.0034,68437,81814,Rhinolophus ferrumequinum,0.024,0.024,-1,Echolocation,/mnt/ubna_data_02_mir/recover-20221013/UBNA_001/20221012_030000.WAV,Telephone Field,recover-20221013,001,1795
738.9745,739.0138,68437,82373,Rhinolophus ferrumequinum,0.022,0.022,-1,Echolocation,/mnt/ubna_data_02_mir/recover-20221013/UBNA_001/20221012_030000.WAV,Telephone Field,recover-20221013,001,1795
738.9815,738.9903,23750,31341,Plecotus austriacus,0.007,0.022,-1,Echolocation,/mnt/ubna_data_02_mir/recover-20221013/UBNA_001/20221012_030000.WAV,Telephone Field,recover-20221013,001,1795
739.0185,739.0253,24609,33244,Plecotus austriacus,0.008,0.022,-1,Echolocation,/mnt/ubna_data_02_mir/recover-20221013/UBNA_001/20221012_030000.WAV,Telephone Field,recover-20221013,001,1795
739.0245,739.064,68437,81940,Rhinolophus ferrumequinum,0.025,0.025,-1,Echolocation,/mnt/ubna_data_02_mir/recover-20221013/UBNA_001/20221012_030000.WAV,Telephone Field,recover-20221013,001,1795
739.0405,739.0545,22890,26953,Nyctalus leisleri,0.012,0.022,-1,Echolocation,/mnt/ubna_data_02_mir/recover-20221013/UBNA_001/20221012_030000.WAV,Telephone Field,recover-20221013,001,1795
739.0475,739.0581999999999,22890,27062,Nyctalus leisleri,0.012,0.022,-1,Echolocation,/mnt/ubna_data_02_mir/recover-20221013/UBNA_001/20221012_030000.WAV,Telephone Field,recover-20221013,001,1795
739.1465,739.1566,24609,31085,Nyctalus leisleri,0.008,0.021,-1,Echolocation,/mnt/ubna_data_02_mir/recover-20221013/UBNA_001/20221012_030000.WAV,Telephone Field,recover-20221013,001,1795
739.1675,739.2041,68437,81617,Rhinolophus ferrumequinum,0.022,0.022,-1,Echolocation,/mnt/ubna_data_02_mir/recover-20221013/UBNA_001/20221012_030000.WAV,Telephone Field,recover-20221013,001,1795
739.1715,739.1783,24609,34284,Plecotus austriacus,0.008,0.022,-1,Echolocation,/mnt/ubna_data_02_mir/recover-20221013/UBNA_001/20221012_030000.WAV,Telephone Field,recover-20221013,001,1795
739.2135,739.2543000000001,68437,82188,Rhinolophus ferrumequinum,0.023,0.023,-1,Echolocation,/mnt/ubna_data_02_mir/recover-20221013/UBNA_001/20221012_030000.WAV,Telephone Field,recover-20221013,001,1795
739.2265,739.2641,68437,82251,Rhinolophus ferrumequinum,0.022,0.022,-1,Echolocation,/mnt/ubna_data_02_mir/recover-20221013/UBNA_001/20221012_030000.WAV,Telephone Field,recover-20221013,001,1795
739.2795,739.317,68437,81608,Rhinolophus ferrumequinum,0.021,0.021,-1,Echolocation,/mnt/ubna_data_02_mir/recover-20221013/UBNA_001/20221012_030000.WAV,Telephone Field,recover-20221013,001,1795
739.3025,739.3426,68437,82562,Rhinolophus ferrumequinum,0.021,0.021,-1,Echolocation,/mnt/ubna_data_02_mir/recover-20221013/UBNA_001/20221012_030000.WAV,Telephone Field,recover-20221013,001,1795
739.3265,739.3681,68437,82685,Rhinolophus ferrumequinum,0.023,0.023,-1,Echolocation,/mnt/ubna_data_02_mir/recover-20221013/UBNA_001/20221012_030000.WAV,Telephone Field,recover-20221013,001,1795
739.3475,739.3864,68437,81884,Rhinolophus ferrumequinum,0.023,0.023,-1,Echolocation,/mnt/ubna_data_02_mir/recover-20221013/UBNA_001/20221012_030000.WAV,Telephone Field,recover-20221013,001,1795
739.3535,739.392,68437,81973,Rhinolophus ferrumequinum,0.023,0.023,-1,Echolocation,/mnt/ubna_data_02_mir/recover-20221013/UBNA_001/20221012_030000.WAV,Telephone Field,recover-20221013,001,1795
739.3695,739.4122,68437,82840,Rhinolophus ferrumequinum,0.023,0.023,-1,Echolocation,/mnt/ubna_data_02_mir/recover-20221013/UBNA_001/20221012_030000.WAV,Telephone Field,recover-20221013,001,1795
739.4205,739.4594,68437,82131,Rhinolophus ferrumequinum,0.024,0.024,-1,Echolocation,/mnt/ubna_data_02_mir/recover-20221013/UBNA_001/20221012_030000.WAV,Telephone Field,recover-20221013,001,1795
739.4355,739.4753,68437,82617,Rhinolophus ferrumequinum,0.024,0.024,-1,Echolocation,/mnt/ubna_data_02_mir/recover-20221013/UBNA_001/20221012_030000.WAV,Telephone Field,recover-20221013,001,1795
739.4395,739.4504,23750,29622,Nyctalus leisleri,0.01,0.022,-1,Echolocation,/mnt/ubna_data_02_mir/recover-20221013/UBNA_001/20221012_030000.WAV,Telephone Field,recover-20221013,001,1795
739.4555,739.4647,28906,38409,Eptesicus serotinus,0.009,0.024,-1,Echolocation,/mnt/ubna_data_02_mir/recover-20221013/UBNA_001/20221012_030000.WAV,Telephone Field,recover-20221013,001,1795
739.4725,739.4823,28046,36569,Eptesicus serotinus,0.01,0.022,-1,Echolocation,/mnt/ubna_data_02_mir/recover-20221013/UBNA_001/20221012_030000.WAV,Telephone Field,recover-20221013,001,1795
739.4805,739.5232,68437,82641,Rhinolophus ferrumequinum,0.027,0.027,-1,Echolocation,/mnt/ubna_data_02_mir/recover-20221013/UBNA_001/20221012_030000.WAV,Telephone Field,recover-20221013,001,1795
739.5125,739.5525,68437,81492,Rhinolophus ferrumequinum,0.024,0.024,-1,Echolocation,/mnt/ubna_data_02_mir/recover-20221013/UBNA_001/20221012_030000.WAV,Telephone Field,recover-20221013,001,1795
739.5215,739.533,23750,29845,Nyctalus leisleri,0.012,0.027,-1,Echolocation,/mnt/ubna_data_02_mir/recover-20221013/UBNA_001/20221012_030000.WAV,Telephone Field,recover-20221013,001,1795
739.5275,739.5402,23750,28511,Nyctalus leisleri,0.015,0.029,-1,Echolocation,/mnt/ubna_data_02_mir/recover-20221013/UBNA_001/20221012_030000.WAV,Telephone Field,recover-20221013,001,1795
739.5405,739.583,68437,83165,Rhinolophus ferrumequinum,0.036,0.036,-1,Echolocation,/mnt/ubna_data_02_mir/recover-20221013/UBNA_001/20221012_030000.WAV,Telephone Field,recover-20221013,001,1795
739.5525,739.5915,68437,82243,Rhinolophus ferrumequinum,0.022,0.022,-1,Echolocation,/mnt/ubna_data_02_mir/recover-20221013/UBNA_001/20221012_030000.WAV,Telephone Field,recover-20221013,001,1795
739.5595,739.5691,28906,39716,Eptesicus serotinus,0.008,0.022,-1,Echolocation,/mnt/ubna_data_02_mir/recover-20221013/UBNA_001/20221012_030000.WAV,Telephone Field,recover-20221013,001,1795
739.5835,739.6218,68437,81689,Rhinolophus ferrumequinum,0.024,0.024,-1,Echolocation,/mnt/ubna_data_02_mir/recover-20221013/UBNA_001/20221012_030000.WAV,Telephone Field,recover-20221013,001,1795
739.5925,739.6011,28906,38888,Eptesicus serotinus,0.009,0.024,-1,Echolocation,/mnt/ubna_data_02_mir/recover-20221013/UBNA_001/20221012_030000.WAV,Telephone Field,recover-20221013,001,1795
739.6195,739.6588,68437,82226,Rhinolophus ferrumequinum,0.021,0.021,-1,Echolocation,/mnt/ubna_data_02_mir/recover-20221013/UBNA_001/20221012_030000.WAV,Telephone Field,recover-20221013,001,1795
739.6345,739.6751,68437,82899,Rhinolophus ferrumequinum,0.025,0.025,-1,Echolocation,/mnt/ubna_data_02_mir/recover-20221013/UBNA_001/20221012_030000.WAV,Telephone Field,recover-20221013,001,1795
739.7105,739.752,68437,82458,Rhinolophus ferrumequinum,0.024,0.024,-1,Echolocation,/mnt/ubna_data_02_mir/recover-20221013/UBNA_001/20221012_030000.WAV,Telephone Field,recover-20221013,001,1795
739.7764999999999,739.8141,68437,81979,Rhinolophus ferrumequinum,0.023,0.023,-1,Echolocation,/mnt/ubna_data_02_mir/recover-20221013/UBNA_001/20221012_030000.WAV,Telephone Field,recover-20221013,001,1795
739.7905,739.8002,26328,34360,Eptesicus serotinus,0.01,0.023,-1,Echolocation,/mnt/ubna_data_02_mir/recover-20221013/UBNA_001/20221012_030000.WAV,Telephone Field,recover-20221013,001,1795
739.8045,739.8421,68437,82320,Rhinolophus ferrumequinum,0.022,0.022,-1,Echolocation,/mnt/ubna_data_02_mir/recover-20221013/UBNA_001/20221012_030000.WAV,Telephone Field,recover-20221013,001,1795
739.8325,739.8748,68437,82766,Rhinolophus ferrumequinum,0.031,0.031,-1,Echolocation,/mnt/ubna_data_02_mir/recover-20221013/UBNA_001/20221012_030000.WAV,Telephone Field,recover-20221013,001,1795
739.8565,739.896,68437,82579,Rhinolophus ferrumequinum,0.031,0.031,-1,Echolocation,/mnt/ubna_data_02_mir/recover-20221013/UBNA_001/20221012_030000.WAV,Telephone Field,recover-20221013,001,1795
739.9455,739.9856,68437,82631,Rhinolophus ferrumequinum,0.023,0.023,-1,Echolocation,/mnt/ubna_data_02_mir/recover-20221013/UBNA_001/20221012_030000.WAV,Telephone Field,recover-20221013,001,1795
740.0015,740.0129,51250,58216,Pipistrellus pygmaeus,0.012,0.02,-1,Echolocation,/mnt/ubna_data_02_mir/recover-20221013/UBNA_001/20221012_030000.WAV,Telephone Field,recover-20221013,001,1795
740.0015,740.0106,24609,33087,Nyctalus leisleri,0.01,0.032,-1,Echolocation,/mnt/ubna_data_02_mir/recover-20221013/UBNA_001/20221012_030000.WAV,Telephone Field,recover-20221013,001,1795
740.0015,740.0338,68437,80443,Rhinolophus ferrumequinum,0.034,0.035,-1,Echolocation,/mnt/ubna_data_02_mir/recover-20221013/UBNA_001/20221012_030000.WAV,Telephone Field,recover-20221013,001,1795
740.0115,740.0561,68437,83540,Rhinolophus ferrumequinum,0.024,0.024,-1,Echolocation,/mnt/ubna_data_02_mir/recover-20221013/UBNA_001/20221012_030000.WAV,Telephone Field,recover-20221013,001,1795
740.0145,740.0242,22890,28517,Nyctalus leisleri,0.009,0.02,-1,Echolocation,/mnt/ubna_data_02_mir/recover-20221013/UBNA_001/20221012_030000.WAV,Telephone Field,recover-20221013,001,1795
740.0315,740.0682,68437,81935,Rhinolophus ferrumequinum,0.023,0.023,-1,Echolocation,/mnt/ubna_data_02_mir/recover-20221013/UBNA_001/20221012_030000.WAV,Telephone Field,recover-20221013,001,1795
740.0715,740.079,39218,49831,Myotis daubentonii,0.005,0.022,-1,Echolocation,/mnt/ubna_data_02_mir/recover-20221013/UBNA_001/20221012_030000.WAV,Telephone Field,recover-20221013,001,1795
740.0735,740.1127,68437,82529,Rhinolophus ferrumequinum,0.023,0.023,-1,Echolocation,/mnt/ubna_data_02_mir/recover-20221013/UBNA_001/20221012_030000.WAV,Telephone Field,recover-20221013,001,1795
740.0785,740.0902,23750,28809,Nyctalus leisleri,0.012,0.025,-1,Echolocation,/mnt/ubna_data_02_mir/recover-20221013/UBNA_001/20221012_030000.WAV,Telephone Field,recover-20221013,001,1795
740.1115,740.1194,28906,39611,Eptesicus serotinus,0.007,0.024,-1,Echolocation,/mnt/ubna_data_02_mir/recover-20221013/UBNA_001/20221012_030000.WAV,Telephone Field,recover-20221013,001,1795
740.1205,740.159,68437,82007,Rhinolophus ferrumequinum,0.029,0.029,-1,Echolocation,/mnt/ubna_data_02_mir/recover-20221013/UBNA_001/20221012_030000.WAV,Telephone Field,recover-20221013,001,1795
740.1315,740.1418,22890,28390,Nyctalus leisleri,0.011,0.024,-1,Echolocation,/mnt/ubna_data_02_mir/recover-20221013/UBNA_001/20221012_030000.WAV,Telephone Field,recover-20221013,001,1795
740.1525,740.1911,68437,82056,Rhinolophus ferrumequinum,0.022,0.022,-1,Echolocation,/mnt/ubna_data_02_mir/recover-20221013/UBNA_001/20221012_030000.WAV,Telephone Field,recover-20221013,001,1795
740.1755,740.1874,26328,33789,Eptesicus serotinus,0.013,0.024,-1,Echolocation,/mnt/ubna_data_02_mir/recover-20221013/UBNA_001/20221012_030000.WAV,Telephone Field,recover-20221013,001,1795
740.1795,740.2198,68437,81961,Rhinolophus ferrumequinum,0.024,0.024,-1,Echolocation,/mnt/ubna_data_02_mir/recover-20221013/UBNA_001/20221012_030000.WAV,Telephone Field,recover-20221013,001,1795
740.1865,740.2243,68437,81890,Rhinolophus ferrumequinum,0.022,0.022,-1,Echolocation,/mnt/ubna_data_02_mir/recover-20221013/UBNA_001/20221012_030000.WAV,Telephone Field,recover-20221013,001,1795
740.2045,740.2154,22031,26293,Nyctalus leisleri,0.011,0.022,-1,Echolocation,/mnt/ubna_data_02_mir/recover-20221013/UBNA_001/20221012_030000.WAV,Telephone Field,recover-20221013,001,1795
740.2115,740.2216,22890,28145,Nyctalus leisleri,0.01,0.02,-1,Echolocation,/mnt/ubna_data_02_mir/recover-20221013/UBNA_001/20221012_030000.WAV,Telephone Field,recover-20221013,001,1795
740.2425,740.2789,68437,81110,Rhinolophus ferrumequinum,0.021,0.021,-1,Echolocation,/mnt/ubna_data_02_mir/recover-20221013/UBNA_001/20221012_030000.WAV,Telephone Field,recover-20221013,001,1795
740.2455,740.2593,37500,42015,Pipistrellus nathusii,0.059,0.068,-1,Echolocation,/mnt/ubna_data_02_mir/recover-20221013/UBNA_001/20221012_030000.WAV,Telephone Field,recover-20221013,001,1795
740.2645,740.3019,68437,81716,Rhinolophus ferrumequinum,0.023,0.023,-1,Echolocation,/mnt/ubna_data_02_mir/recover-20221013/UBNA_001/20221012_030000.WAV,Telephone Field,recover-20221013,001,1795
740.2865,740.321,68437,82020,Rhinolophus ferrumequinum,0.022,0.022,-1,Echolocation,/mnt/ubna_data_02_mir/recover-20221013/UBNA_001/20221012_030000.WAV,Telephone Field,recover-20221013,001,1795
740.3985,740.408,28046,37901,Eptesicus serotinus,0.009,0.021,-1,Echolocation,/mnt/ubna_data_02_mir/recover-20221013/UBNA_001/20221012_030000.WAV,Telephone Field,recover-20221013,001,1795
740.4225,740.4583,68437,81652,Rhinolophus ferrumequinum,0.021,0.021,-1,Echolocation,/mnt/ubna_data_02_mir/recover-20221013/UBNA_001/20221012_030000.WAV,Telephone Field,recover-20221013,001,1795
740.4625,740.4701,23750,32003,Plecotus austriacus,0.008,0.022,-1,Echolocation,/mnt/ubna_data_02_mir/recover-20221013/UBNA_001/20221012_030000.WAV,Telephone Field,recover-20221013,001,1795
740.4925,740.5305,68437,81486,Rhinolophus ferrumequinum,0.02,0.02,-1,Echolocation,/mnt/ubna_data_02_mir/recover-20221013/UBNA_001/20221012_030000.WAV,Telephone Field,recover-20221013,001,1795
740.5005,740.5097,22031,28036,Plecotus austriacus,0.008,0.021,-1,Echolocation,/mnt/ubna_data_02_mir/recover-20221013/UBNA_001/20221012_030000.WAV,Telephone Field,recover-20221013,001,1795
740.5145,740.5251,22890,27699,Nyctalus leisleri,0.011,0.021,-1,Echolocation,/mnt/ubna_data_02_mir/recover-20221013/UBNA_001/20221012_030000.WAV,Telephone Field,recover-20221013,001,1795
740.5215,740.5606,68437,82531,Rhinolophus ferrumequinum,0.021,0.021,-1,Echolocation,/mnt/ubna_data_02_mir/recover-20221013/UBNA_001/20221012_030000.WAV,Telephone Field,recover-20221013,001,1795
740.5725,740.6078,68437,81581,Rhinolophus ferrumequinum,0.021,0.021,-1,Echolocation,/mnt/ubna_data_02_mir/recover-20221013/UBNA_001/20221012_030000.WAV,Telephone Field,recover-20221013,001,1795
740.5925,740.6265,68437,80737,Rhinolophus ferrumequinum,0.02,0.02,-1,Echolocation,/mnt/ubna_data_02_mir/recover-20221013/UBNA_001/20221012_030000.WAV,Telephone Field,recover-20221013,001,1795
740.6015,740.6396,68437,81624,Rhinolophus ferrumequinum,0.024,0.024,-1,Echolocation,/mnt/ubna_data_02_mir/recover-20221013/UBNA_001/20221012_030000.WAV,Telephone Field,recover-20221013,001,1795
740.6055,740.6166,24609,30617,Nyctalus leisleri,0.011,0.027,-1,Echolocation,/mnt/ubna_data_02_mir/recover-20221013/UBNA_001/20221012_030000.WAV,Telephone Field,recover-20221013,001,1795
740.6315,740.6693,68437,81536,Rhinolophus ferrumequinum,0.021,0.021,-1,Echolocation,/mnt/ubna_data_02_mir/recover-20221013/UBNA_001/20221012_030000.WAV,Telephone Field,recover-20221013,001,1795
740.6805,740.7157,68437,81546,Rhinolophus ferrumequinum,0.021,0.021,-1,Echolocation,/mnt/ubna_data_02_mir/recover-20221013/UBNA_001/20221012_030000.WAV,Telephone Field,recover-20221013,001,1795
740.6985,740.738,68437,82850,Rhinolophus ferrumequinum,0.025,0.025,-1,Echolocation,/mnt/ubna_data_02_mir/recover-20221013/UBNA_001/20221012_030000.WAV,Telephone Field,recover-20221013,001,1795
740.7495,740.7577,26328,36720,Eptesicus serotinus,0.006,0.021,-1,Echolocation,/mnt/ubna_data_02_mir/recover-20221013/UBNA_001/20221012_030000.WAV,Telephone Field,recover-20221013,001,1795
740.7795,740.8164,68437,82295,Rhinolophus ferrumequinum,0.022,0.022,-1,Echolocation,/mnt/ubna_data_02_mir/recover-20221013/UBNA_001/20221012_030000.WAV,Telephone Field,recover-20221013,001,1795
740.7795,740.7873,27187,40259,Eptesicus serotinus,0.006,0.02,-1,Echolocation,/mnt/ubna_data_02_mir/recover-20221013/UBNA_001/20221012_030000.WAV,Telephone Field,recover-20221013,001,1795
740.7925,740.8027,23750,30041,Nyctalus leisleri,0.008,0.02,-1,Echolocation,/mnt/ubna_data_02_mir/recover-20221013/UBNA_001/20221012_030000.WAV,Telephone Field,recover-20221013,001,1795
740.8145,740.8534,68437,82400,Rhinolophus ferrumequinum,0.022,0.022,-1,Echolocation,/mnt/ubna_data_02_mir/recover-20221013/UBNA_001/20221012_030000.WAV,Telephone Field,recover-20221013,001,1795
740.8365,740.8737,68437,81915,Rhinolophus ferrumequinum,0.023,0.023,-1,Echolocation,/mnt/ubna_data_02_mir/recover-20221013/UBNA_001/20221012_030000.WAV,Telephone Field,recover-20221013,001,1795
740.8515,740.8902,68437,82495,Rhinolophus ferrumequinum,0.022,0.022,-1,Echolocation,/mnt/ubna_data_02_mir/recover-20221013/UBNA_001/20221012_030000.WAV,Telephone Field,recover-20221013,001,1795
740.8625,740.875,26328,33158,Eptesicus serotinus,0.029,0.047,-1,Echolocation,/mnt/ubna_data_02_mir/recover-20221013/UBNA_001/20221012_030000.WAV,Telephone Field,recover-20221013,001,1795
740.8785,740.9191,68437,82674,Rhinolophus ferrumequinum,0.025,0.025,-1,Echolocation,/mnt/ubna_data_02_mir/recover-20221013/UBNA_001/20221012_030000.WAV,Telephone Field,recover-20221013,001,1795
740.8915,740.9298,68437,82102,Rhinolophus ferrumequinum,0.024,0.024,-1,Echolocation,/mnt/ubna_data_02_mir/recover-20221013/UBNA_001/20221012_030000.WAV,Telephone Field,recover-20221013,001,1795
740.8915,740.9011,23750,29944,Nyctalus leisleri,0.008,0.022,-1,Echolocation,/mnt/ubna_data_02_mir/recover-20221013/UBNA_001/20221012_030000.WAV,Telephone Field,recover-20221013,001,1795
740.9014999999999,740.939,68437,82045,Rhinolophus ferrumequinum,0.021,0.021,-1,Echolocation,/mnt/ubna_data_02_mir/recover-20221013/UBNA_001/20221012_030000.WAV,Telephone Field,recover-20221013,001,1795
740.9155,740.9547,68437,82544,Rhinolophus ferrumequinum,0.022,0.022,-1,Echolocation,/mnt/ubna_data_02_mir/recover-20221013/UBNA_001/20221012_030000.WAV,Telephone Field,recover-20221013,001,1795
740.9605,740.9993,68437,82492,Rhinolophus ferrumequinum,0.028,0.028,-1,Echolocation,/mnt/ubna_data_02_mir/recover-20221013/UBNA_001/20221012_030000.WAV,Telephone Field,recover-20221013,001,1795
740.9725,740.9909,18593,23002,Nyctalus noctula,0.036,0.055,-1,Echolocation,/mnt/ubna_data_02_mir/recover-20221013/UBNA_001/20221012_030000.WAV,Telephone Field,recover-20221013,001,1795
740.9875,741.0278,68437,82617,Rhinolophus ferrumequinum,0.022,0.022,-1,Echolocation,/mnt/ubna_data_02_mir/recover-20221013/UBNA_001/20221012_030000.WAV,Telephone Field,recover-20221013,001,1795
740.9895,741.0005,42656,48048,Pipistrellus nathusii,0.024,0.055,-1,Echolocation,/mnt/ubna_data_02_mir/recover-20221013/UBNA_001/20221012_030000.WAV,Telephone Field,recover-20221013,001,1795
741.0235,741.0326,23750,30970,Nyctalus leisleri,0.009,0.032,-1,Echolocation,/mnt/ubna_data_02_mir/recover-20221013/UBNA_001/20221012_030000.WAV,Telephone Field,recover-20221013,001,1795
741.0255,741.0606,68437,82076,Rhinolophus ferrumequinum,0.022,0.022,-1,Echolocation,/mnt/ubna_data_02_mir/recover-20221013/UBNA_001/20221012_030000.WAV,Telephone Field,recover-20221013,001,1795
741.0485,741.06,22031,25890,Nyctalus leisleri,0.012,0.02,-1,Echolocation,/mnt/ubna_data_02_mir/recover-20221013/UBNA_001/20221012_030000.WAV,Telephone Field,recover-20221013,001,1795
741.0495,741.0853,68437,81678,Rhinolophus ferrumequinum,0.022,0.022,-1,Echolocation,/mnt/ubna_data_02_mir/recover-20221013/UBNA_001/20221012_030000.WAV,Telephone Field,recover-20221013,001,1795
741.0885,741.0998,24609,30500,Nyctalus leisleri,0.01,0.023,-1,Echolocation,/mnt/ubna_data_02_mir/recover-20221013/UBNA_001/20221012_030000.WAV,Telephone Field,recover-20221013,001,1795
741.1075,741.1464,68437,81546,Rhinolophus ferrumequinum,0.043,0.043,-1,Echolocation,/mnt/ubna_data_02_mir/recover-20221013/UBNA_001/20221012_030000.WAV,Telephone Field,recover-20221013,001,1795
741.1335,741.1734,68437,82268,Rhinolophus ferrumequinum,0.022,0.022,-1,Echolocation,/mnt/ubna_data_02_mir/recover-20221013/UBNA_001/20221012_030000.WAV,Telephone Field,recover-20221013,001,1795
741.1545,741.1623,24609,33120,Plecotus austriacus,0.007,0.022,-1,Echolocation,/mnt/ubna_data_02_mir/recover-20221013/UBNA_001/20221012_030000.WAV,Telephone Field,recover-20221013,001,1795
741.1555,741.1912,68437,81738,Rhinolophus ferrumequinum,0.021,0.022,-1,Echolocation,/mnt/ubna_data_02_mir/recover-20221013/UBNA_001/20221012_030000.WAV,Telephone Field,recover-20221013,001,1795
741.1685,741.2075,68437,82830,Rhinolophus ferrumequinum,0.022,0.022,-1,Echolocation,/mnt/ubna_data_02_mir/recover-20221013/UBNA_001/20221012_030000.WAV,Telephone Field,recover-20221013,001,1795
741.1775,741.2212,68437,83298,Rhinolophus ferrumequinum,0.031,0.031,-1,Echolocation,/mnt/ubna_data_02_mir/recover-20221013/UBNA_001/20221012_030000.WAV,Telephone Field,recover-20221013,001,1795
741.1825,741.1915,27187,37601,Eptesicus serotinus,0.008,0.022,-1,Echolocation,/mnt/ubna_data_02_mir/recover-20221013/UBNA_001/20221012_030000.WAV,Telephone Field,recover-20221013,001,1795
741.2345,741.2756,68437,82431,Rhinolophus ferrumequinum,0.023,0.023,-1,Echolocation,/mnt/ubna_data_02_mir/recover-20221013/UBNA_001/20221012_030000.WAV,Telephone Field,recover-20221013,001,1795
741.2365,741.2456,23750,31130,Nyctalus leisleri,0.007,0.021,-1,Echolocation,/mnt/ubna_data_02_mir/recover-20221013/UBNA_001/20221012_030000.WAV,Telephone Field,recover-20221013,001,1795
741.2505,741.2883,68437,81894,Rhinolophus ferrumequinum,0.021,0.021,-1,Echolocation,/mnt/ubna_data_02_mir/recover-20221013/UBNA_001/20221012_030000.WAV,Telephone Field,recover-20221013,001,1795
741.2505,741.2595,28046,38183,Eptesicus serotinus,0.009,0.022,-1,Echolocation,/mnt/ubna_data_02_mir/recover-20221013/UBNA_001/20221012_030000.WAV,Telephone Field,recover-20221013,001,1795
741.2755,741.3137,68437,82529,Rhinolophus ferrumequinum,0.023,0.023,-1,Echolocation,/mnt/ubna_data_02_mir/recover-20221013/UBNA_001/20221012_030000.WAV,Telephone Field,recover-20221013,001,1795
741.2895,741.3002,28906,36904,Eptesicus serotinus,0.013,0.03,-1,Echolocation,/mnt/ubna_data_02_mir/recover-20221013/UBNA_001/20221012_030000.WAV,Telephone Field,recover-20221013,001,1795
741.2895,741.329,68437,82701,Rhinolophus ferrumequinum,0.02,0.02,-1,Echolocation,/mnt/ubna_data_02_mir/recover-20221013/UBNA_001/20221012_030000.WAV,Telephone Field,recover-20221013,001,1795
741.3115,741.3186,25468,38314,Plecotus austriacus,0.005,0.021,-1,Echolocation,/mnt/ubna_data_02_mir/recover-20221013/UBNA_001/20221012_030000.WAV,Telephone Field,recover-20221013,001,1795
741.3435,741.3831,68437,82736,Rhinolophus ferrumequinum,0.023,0.023,-1,Echolocation,/mnt/ubna_data_02_mir/recover-20221013/UBNA_001/20221012_030000.WAV,Telephone Field,recover-20221013,001,1795
741.3505,741.3594,28906,39508,Eptesicus serotinus,0.008,0.021,-1,Echolocation,/mnt/ubna_data_02_mir/recover-20221013/UBNA_001/20221012_030000.WAV,Telephone Field,recover-20221013,001,1795
741.3625,741.4013,68437,82051,Rhinolophus ferrumequinum,0.021,0.021,-1,Echolocation,/mnt/ubna_data_02_mir/recover-20221013/UBNA_001/20221012_030000.WAV,Telephone Field,recover-20221013,001,1795
741.3815,741.421,68437,82204,Rhinolophus ferrumequinum,0.024,0.024,-1,Echolocation,/mnt/ubna_data_02_mir/recover-20221013/UBNA_001/20221012_030000.WAV,Telephone Field,recover-20221013,001,1795
741.3905,741.3992,23750,31836,Plecotus austriacus,0.008,0.025,-1,Echolocation,/mnt/ubna_data_02_mir/recover-20221013/UBNA_001/20221012_030000.WAV,Telephone Field,recover-20221013,001,1795
741.4175,741.4281,23750,29497,Nyctalus leisleri,0.008,0.021,-1,Echolocation,/mnt/ubna_data_02_mir/recover-20221013/UBNA_001/20221012_030000.WAV,Telephone Field,recover-20221013,001,1795
741.4405,741.478,68437,82254,Rhinolophus ferrumequinum,0.024,0.024,-1,Echolocation,/mnt/ubna_data_02_mir/recover-20221013/UBNA_001/20221012_030000.WAV,Telephone Field,recover-20221013,001,1795
741.4525,741.4939,68437,83121,Rhinolophus ferrumequinum,0.026,0.026,-1,Echolocation,/mnt/ubna_data_02_mir/recover-20221013/UBNA_001/20221012_030000.WAV,Telephone Field,recover-20221013,001,1795
741.4765,741.4902,22031,25928,Nyctalus leisleri,0.012,0.022,-1,Echolocation,/mnt/ubna_data_02_mir/recover-20221013/UBNA_001/20221012_030000.WAV,Telephone Field,recover-20221013,001,1795
741.4825,741.521,68437,81830,Rhinolophus ferrumequinum,0.02,0.02,-1,Echolocation,/mnt/ubna_data_02_mir/recover-20221013/UBNA_001/20221012_030000.WAV,Telephone Field,recover-20221013,001,1795
741.4855,741.4929,27187,39629,Eptesicus serotinus,0.007,0.021,-1,Echolocation,/mnt/ubna_data_02_mir/recover-20221013/UBNA_001/20221012_030000.WAV,Telephone Field,recover-20221013,001,1795
741.4975,741.5327,68437,81363,Rhinolophus ferrumequinum,0.023,0.023,-1,Echolocation,/mnt/ubna_data_02_mir/recover-20221013/UBNA_001/20221012_030000.WAV,Telephone Field,recover-20221013,001,1795
741.5035,741.5439,68437,82373,Rhinolophus ferrumequinum,0.021,0.021,-1,Echolocation,/mnt/ubna_data_02_mir/recover-20221013/UBNA_001/20221012_030000.WAV,Telephone Field,recover-20221013,001,1795
741.5145,741.553,68437,82232,Rhinolophus ferrumequinum,0.021,0.021,-1,Echolocation,/mnt/ubna_data_02_mir/recover-20221013/UBNA_001/20221012_030000.WAV,Telephone Field,recover-20221013,001,1795
741.5395,741.5754,68437,81607,Rhinolophus ferrumequinum,0.021,0.021,-1,Echolocation,/mnt/ubna_data_02_mir/recover-20221013/UBNA_001/20221012_030000.WAV,Telephone Field,recover-20221013,001,1795
741.5485,741.5883,68437,82042,Rhinolophus ferrumequinum,0.021,0.021,-1,Echolocation,/mnt/ubna_data_02_mir/recover-20221013/UBNA_001/20221012_030000.WAV,Telephone Field,recover-20221013,001,1795
741.5835,741.6233,68437,82566,Rhinolophus ferrumequinum,0.023,0.023,-1,Echolocation,/mnt/ubna_data_02_mir/recover-20221013/UBNA_001/20221012_030000.WAV,Telephone Field,recover-20221013,001,1795
741.6095,741.6229,25468,30641,Eptesicus serotinus,0.009,0.022,-1,Echolocation,/mnt/ubna_data_02_mir/recover-20221013/UBNA_001/20221012_030000.WAV,Telephone Field,recover-20221013,001,1795
741.6475,741.6574,23750,29810,Nyctalus leisleri,0.008,0.022,-1,Echolocation,/mnt/ubna_data_02_mir/recover-20221013/UBNA_001/20221012_030000.WAV,Telephone Field,recover-20221013,001,1795
741.6695,741.682,23750,29597,Nyctalus leisleri,0.012,0.028,-1,Echolocation,/mnt/ubna_data_02_mir/recover-20221013/UBNA_001/20221012_030000.WAV,Telephone Field,recover-20221013,001,1795
741.6955,741.7385,68437,82912,Rhinolophus ferrumequinum,0.03,0.03,-1,Echolocation,/mnt/ubna_data_02_mir/recover-20221013/UBNA_001/20221012_030000.WAV,Telephone Field,recover-20221013,001,1795
741.7065,741.7473,68437,82541,Rhinolophus ferrumequinum,0.025,0.025,-1,Echolocation,/mnt/ubna_data_02_mir/recover-20221013/UBNA_001/20221012_030000.WAV,Telephone Field,recover-20221013,001,1795
741.7445,741.7535,37500,43545,Pipistrellus nathusii,0.008,0.024,-1,Echolocation,/mnt/ubna_data_02_mir/recover-20221013/UBNA_001/20221012_030000.WAV,Telephone Field,recover-20221013,001,1795
741.7485,741.7572,28046,37648,Eptesicus serotinus,0.009,0.023,-1,Echolocation,/mnt/ubna_data_02_mir/recover-20221013/UBNA_001/20221012_030000.WAV,Telephone Field,recover-20221013,001,1795
741.7895,741.8291,68437,82128,Rhinolophus ferrumequinum,0.024,0.024,-1,Echolocation,/mnt/ubna_data_02_mir/recover-20221013/UBNA_001/20221012_030000.WAV,Telephone Field,recover-20221013,001,1795
741.7955,741.802,27187,40840,Eptesicus serotinus,0.006,0.022,-1,Echolocation,/mnt/ubna_data_02_mir/recover-20221013/UBNA_001/20221012_030000.WAV,Telephone Field,recover-20221013,001,1795
741.8075,741.8203,22031,26198,Nyctalus leisleri,0.013,0.024,-1,Echolocation,/mnt/ubna_data_02_mir/recover-20221013/UBNA_001/20221012_030000.WAV,Telephone Field,recover-20221013,001,1795
741.8215,741.8593,68437,82160,Rhinolophus ferrumequinum,0.04,0.04,-1,Echolocation,/mnt/ubna_data_02_mir/recover-20221013/UBNA_001/20221012_030000.WAV,Telephone Field,recover-20221013,001,1795
741.8285,741.8371,22031,28750,Plecotus austriacus,0.009,0.021,-1,Echolocation,/mnt/ubna_data_02_mir/recover-20221013/UBNA_001/20221012_030000.WAV,Telephone Field,recover-20221013,001,1795
741.8555,741.8903,68437,81046,Rhinolophus ferrumequinum,0.021,0.021,-1,Echolocation,/mnt/ubna_data_02_mir/recover-20221013/UBNA_001/20221012_030000.WAV,Telephone Field,recover-20221013,001,1795
741.8645,741.8738,23750,30930,Nyctalus leisleri,0.007,0.022,-1,Echolocation,/mnt/ubna_data_02_mir/recover-20221013/UBNA_001/20221012_030000.WAV,Telephone Field,recover-20221013,001,1795
741.8835,741.9197,68437,80736,Rhinolophus ferrumequinum,0.02,0.02,-1,Echolocation,/mnt/ubna_data_02_mir/recover-20221013/UBNA_001/20221012_030000.WAV,Telephone Field,recover-20221013,001,1795
741.8885,741.9213,68437,80819,Rhinolophus ferrumequinum,0.02,0.02,-1,Echolocation,/mnt/ubna_data_02_mir/recover-20221013/UBNA_001/20221012_030000.WAV,Telephone Field,recover-20221013,001,1795
741.9535,741.996,68437,83155,Rhinolophus ferrumequinum,0.03,0.031,-1,Echolocation,/mnt/ubna_data_02_mir/recover-20221013/UBNA_001/20221012_030000.WAV,Telephone Field,recover-20221013,001,1795
741.9535,741.9651,28046,35694,Eptesicus serotinus,0.017,0.031,-1,Echolocation,/mnt/ubna_data_02_mir/recover-20221013/UBNA_001/20221012_030000.WAV,Telephone Field,recover-20221013,001,1795
741.9695,741.978,27187,35860,Eptesicus serotinus,0.007,0.02,-1,Echolocation,/mnt/ubna_data_02_mir/recover-20221013/UBNA_001/20221012_030000.WAV,Telephone Field,recover-20221013,001,1795
742.0015,742.0322,68437,80478,Rhinolophus ferrumequinum,0.05,0.05,-1,Echolocation,/mnt/ubna_data_02_mir/recover-20221013/UBNA_001/20221012_030000.WAV,Telephone Field,recover-20221013,001,1795
742.0015,742.0107,22890,29119,Nyctalus leisleri,0.011,0.025,-1,Echolocation,/mnt/ubna_data_02_mir/recover-20221013/UBNA_001/20221012_030000.WAV,Telephone Field,recover-20221013,001,1795
742.0445,742.0538,22890,28908,Nyctalus leisleri,0.007,0.021,-1,Echolocation,/mnt/ubna_data_02_mir/recover-20221013/UBNA_001/20221012_030000.WAV,Telephone Field,recover-20221013,001,1795
742.0545,742.0942,68437,82019,Rhinolophus ferrumequinum,0.023,0.023,-1,Echolocation,/mnt/ubna_data_02_mir/recover-20221013/UBNA_001/20221012_030000.WAV,Telephone Field,recover-20221013,001,1795
742.0575,742.068,22890,28371,Nyctalus leisleri,0.009,0.021,-1,Echolocation,/mnt/ubna_data_02_mir/recover-20221013/UBNA_001/20221012_030000.WAV,Telephone Field,recover-20221013,001,1795
742.0825,742.1215,68437,81885,Rhinolophus ferrumequinum,0.022,0.022,-1,Echolocation,/mnt/ubna_data_02_mir/recover-20221013/UBNA_001/20221012_030000.WAV,Telephone Field,recover-20221013,001,1795
742.0915,742.099,26328,37979,Eptesicus serotinus,0.006,0.021,-1,Echolocation,/mnt/ubna_data_02_mir/recover-20221013/UBNA_001/20221012_030000.WAV,Telephone Field,recover-20221013,001,1795
742.1615,742.1684,26328,39701,Eptesicus serotinus,0.006,0.022,-1,Echolocation,/mnt/ubna_data_02_mir/recover-20221013/UBNA_001/20221012_030000.WAV,Telephone Field,recover-20221013,001,1795
742.1685,742.2075,68437,82128,Rhinolophus ferrumequinum,0.021,0.022,-1,Echolocation,/mnt/ubna_data_02_mir/recover-20221013/UBNA_001/20221012_030000.WAV,Telephone Field,recover-20221013,001,1795
742.1905,742.2272,68437,81789,Rhinolophus ferrumequinum,0.021,0.021,-1,Echolocation,/mnt/ubna_data_02_mir/recover-20221013/UBNA_001/20221012_030000.WAV,Telephone Field,recover-20221013,001,1795
742.2245,742.2635,68437,82397,Rhinolophus ferrumequinum,0.023,0.023,-1,Echolocation,/mnt/ubna_data_02_mir/recover-20221013/UBNA_001/20221012_030000.WAV,Telephone Field,recover-20221013,001,1795
742.2405,742.2789,68437,81795,Rhinolophus ferrumequinum,0.021,0.021,-1,Echolocation,/mnt/ubna_data_02_mir/recover-20221013/UBNA_001/20221012_030000.WAV,Telephone Field,recover-20221013,001,1795
742.2685,742.2743,28046,41524,Eptesicus serotinus,0.006,0.029,-1,Echolocation,/mnt/ubna_data_02_mir/recover-20221013/UBNA_001/20221012_030000.WAV,Telephone Field,recover-20221013,001,1795
742.2875,742.3282,68437,82256,Rhinolophus ferrumequinum,0.022,0.022,-1,Echolocation,/mnt/ubna_data_02_mir/recover-20221013/UBNA_001/20221012_030000.WAV,Telephone Field,recover-20221013,001,1795
742.3035,742.3444,68437,82200,Rhinolophus ferrumequinum,0.021,0.021,-1,Echolocation,/mnt/ubna_data_02_mir/recover-20221013/UBNA_001/20221012_030000.WAV,Telephone Field,recover-20221013,001,1795
742.3075,742.3142,27187,39894,Eptesicus serotinus,0.007,0.026,-1,Echolocation,/mnt/ubna_data_02_mir/recover-20221013/UBNA_001/20221012_030000.WAV,Telephone Field,recover-20221013,001,1795
742.3465,742.3863,68437,82958,Rhinolophus ferrumequinum,0.022,0.022,-1,Echolocation,/mnt/ubna_data_02_mir/recover-20221013/UBNA_001/20221012_030000.WAV,Telephone Field,recover-20221013,001,1795
742.3655,742.3781,27187,33242,Eptesicus serotinus,0.018,0.036,-1,Echolocation,/mnt/ubna_data_02_mir/recover-20221013/UBNA_001/20221012_030000.WAV,Telephone Field,recover-20221013,001,1795
742.3895,742.4289,68437,81950,Rhinolophus ferrumequinum,0.022,0.022,-1,Echolocation,/mnt/ubna_data_02_mir/recover-20221013/UBNA_001/20221012_030000.WAV,Telephone Field,recover-20221013,001,1795
742.4535,742.4921,68437,82279,Rhinolophus ferrumequinum,0.021,0.021,-1,Echolocation,/mnt/ubna_data_02_mir/recover-20221013/UBNA_001/20221012_030000.WAV,Telephone Field,recover-20221013,001,1795
742.4545,742.4624,27187,38206,Eptesicus serotinus,0.007,0.023,-1,Echolocation,/mnt/ubna_data_02_mir/recover-20221013/UBNA_001/20221012_030000.WAV,Telephone Field,recover-20221013,001,1795
742.4655,742.5094,68437,83072,Rhinolophus ferrumequinum,0.025,0.026,-1,Echolocation,/mnt/ubna_data_02_mir/recover-20221013/UBNA_001/20221012_030000.WAV,Telephone Field,recover-20221013,001,1795
742.4675,742.4796,55546,60238,Pipistrellus pygmaeus,0.022,0.023,-1,Echolocation,/mnt/ubna_data_02_mir/recover-20221013/UBNA_001/20221012_030000.WAV,Telephone Field,recover-20221013,001,1795
742.4835,742.4927,25468,34047,Eptesicus serotinus,0.01,0.025,-1,Echolocation,/mnt/ubna_data_02_mir/recover-20221013/UBNA_001/20221012_030000.WAV,Telephone Field,recover-20221013,001,1795
742.4835,742.5208,68437,82166,Rhinolophus ferrumequinum,0.023,0.023,-1,Echolocation,/mnt/ubna_data_02_mir/recover-20221013/UBNA_001/20221012_030000.WAV,Telephone Field,recover-20221013,001,1795
742.5015,742.5121,22890,29389,Nyctalus leisleri,0.011,0.029,-1,Echolocation,/mnt/ubna_data_02_mir/recover-20221013/UBNA_001/20221012_030000.WAV,Telephone Field,recover-20221013,001,1795
742.5385,742.5812,68437,83122,Rhinolophus ferrumequinum,0.03,0.03,-1,Echolocation,/mnt/ubna_data_02_mir/recover-20221013/UBNA_001/20221012_030000.WAV,Telephone Field,recover-20221013,001,1795
742.5545,742.5885,68437,81667,Rhinolophus ferrumequinum,0.022,0.022,-1,Echolocation,/mnt/ubna_data_02_mir/recover-20221013/UBNA_001/20221012_030000.WAV,Telephone Field,recover-20221013,001,1795
742.5585,742.5671,28046,38264,Eptesicus serotinus,0.008,0.021,-1,Echolocation,/mnt/ubna_data_02_mir/recover-20221013/UBNA_001/20221012_030000.WAV,Telephone Field,recover-20221013,001,1795
742.5645,742.5979,68437,81505,Rhinolophus ferrumequinum,0.021,0.021,-1,Echolocation,/mnt/ubna_data_02_mir/recover-20221013/UBNA_001/20221012_030000.WAV,Telephone Field,recover-20221013,001,1795
742.5885,742.6325,68437,83592,Rhinolophus ferrumequinum,0.032,0.032,-1,Echolocation,/mnt/ubna_data_02_mir/recover-20221013/UBNA_001/20221012_030000.WAV,Telephone Field,recover-20221013,001,1795
742.6025,742.6135,23750,29245,Nyctalus leisleri,0.009,0.021,-1,Echolocation,/mnt/ubna_data_02_mir/recover-20221013/UBNA_001/20221012_030000.WAV,Telephone Field,recover-20221013,001,1795
742.6315,742.6717,68437,82849,Rhinolophus ferrumequinum,0.023,0.023,-1,Echolocation,/mnt/ubna_data_02_mir/recover-20221013/UBNA_001/20221012_030000.WAV,Telephone Field,recover-20221013,001,1795
742.6535,742.6995,68437,83940,Rhinolophus ferrumequinum,0.039,0.039,-1,Echolocation,/mnt/ubna_data_02_mir/recover-20221013/UBNA_001/20221012_030000.WAV,Telephone Field,recover-20221013,001,1795
742.6905,742.7295,68437,82468,Rhinolophus ferrumequinum,0.021,0.021,-1,Echolocation,/mnt/ubna_data_02_mir/recover-20221013/UBNA_001/20221012_030000.WAV,Telephone Field,recover-20221013,001,1795
742.6935,742.7005,49531,55529,Pipistrellus pipistrellus,0.019,0.025,-1,Echolocation,/mnt/ubna_data_02_mir/recover-20221013/UBNA_001/20221012_030000.WAV,Telephone Field,recover-20221013,001,1795
742.6995,742.7062,28046,39560,Eptesicus serotinus,0.006,0.024,-1,Echolocation,/mnt/ubna_data_02_mir/recover-20221013/UBNA_001/20221012_030000.WAV,Telephone Field,recover-20221013,001,1795
742.7205,742.7307,28046,36003,Eptesicus serotinus,0.01,0.024,-1,Echolocation,/mnt/ubna_data_02_mir/recover-20221013/UBNA_001/20221012_030000.WAV,Telephone Field,recover-20221013,001,1795
742.7205,742.7583,68437,82239,Rhinolophus ferrumequinum,0.023,0.023,-1,Echolocation,/mnt/ubna_data_02_mir/recover-20221013/UBNA_001/20221012_030000.WAV,Telephone Field,recover-20221013,001,1795
742.7395,742.7492,37500,42067,Pipistrellus nathusii,0.04,0.071,-1,Echolocation,/mnt/ubna_data_02_mir/recover-20221013/UBNA_001/20221012_030000.WAV,Telephone Field,recover-20221013,001,1795
742.7425,742.7494,27187,39378,Eptesicus serotinus,0.006,0.021,-1,Echolocation,/mnt/ubna_data_02_mir/recover-20221013/UBNA_001/20221012_030000.WAV,Telephone Field,recover-20221013,001,1795
742.7685,742.8093,68437,83275,Rhinolophus ferrumequinum,0.025,0.025,-1,Echolocation,/mnt/ubna_data_02_mir/recover-20221013/UBNA_001/20221012_030000.WAV,Telephone Field,recover-20221013,001,1795
742.7945,742.8356,68437,82303,Rhinolophus ferrumequinum,0.022,0.022,-1,Echolocation,/mnt/ubna_data_02_mir/recover-20221013/UBNA_001/20221012_030000.WAV,Telephone Field,recover-20221013,001,1795
742.8145,742.8219,27187,38480,Eptesicus serotinus,0.005,0.022,-1,Echolocation,/mnt/ubna_data_02_mir/recover-20221013/UBNA_001/20221012_030000.WAV,Telephone Field,recover-20221013,001,1795
742.8555,742.8642,27187,37737,Eptesicus serotinus,0.007,0.022,-1,Echolocation,/mnt/ubna_data_02_mir/recover-20221013/UBNA_001/20221012_030000.WAV,Telephone Field,recover-20221013,001,1795
742.9035,742.9126,23750,31492,Plecotus austriacus,0.007,0.023,-1,Echolocation,/mnt/ubna_data_02_mir/recover-20221013/UBNA_001/20221012_030000.WAV,Telephone Field,recover-20221013,001,1795
742.9045,742.9405,68437,81712,Rhinolophus ferrumequinum,0.024,0.024,-1,Echolocation,/mnt/ubna_data_02_mir/recover-20221013/UBNA_001/20221012_030000.WAV,Telephone Field,recover-20221013,001,1795
742.9455,742.9827,68437,81646,Rhinolophus ferrumequinum,0.024,0.024,-1,Echolocation,/mnt/ubna_data_02_mir/recover-20221013/UBNA_001/20221012_030000.WAV,Telephone Field,recover-20221013,001,1795
743.0045,743.0463,68437,82926,Rhinolophus ferrumequinum,0.022,0.022,-1,Echolocation,/mnt/ubna_data_02_mir/recover-20221013/UBNA_001/20221012_030000.WAV,Telephone Field,recover-20221013,001,1795
743.0205,743.0299,26328,33564,Eptesicus serotinus,0.01,0.027,-1,Echolocation,/mnt/ubna_data_02_mir/recover-20221013/UBNA_001/20221012_030000.WAV,Telephone Field,recover-20221013,001,1795
743.0565,743.0691,22031,25920,Nyctalus leisleri,0.013,0.024,-1,Echolocation,/mnt/ubna_data_02_mir/recover-20221013/UBNA_001/20221012_030000.WAV,Telephone Field,recover-20221013,001,1795
743.0705,743.0787,28046,41502,Eptesicus serotinus,0.008,0.022,-1,Echolocation,/mnt/ubna_data_02_mir/recover-20221013/UBNA_001/20221012_030000.WAV,Telephone Field,recover-20221013,001,1795
743.0845,743.125,68437,83178,Rhinolophus ferrumequinum,0.027,0.027,-1,Echolocation,/mnt/ubna_data_02_mir/recover-20221013/UBNA_001/20221012_030000.WAV,Telephone Field,recover-20221013,001,1795
743.0895,743.0997,28046,38809,Eptesicus serotinus,0.01,0.023,-1,Echolocation,/mnt/ubna_data_02_mir/recover-20221013/UBNA_001/20221012_030000.WAV,Telephone Field,recover-20221013,001,1795
743.1035,743.1121,28046,37762,Eptesicus serotinus,0.008,0.021,-1,Echolocation,/mnt/ubna_data_02_mir/recover-20221013/UBNA_001/20221012_030000.WAV,Telephone Field,recover-20221013,001,1795
743.1245,743.1603,68437,81501,Rhinolophus ferrumequinum,0.022,0.022,-1,Echolocation,/mnt/ubna_data_02_mir/recover-20221013/UBNA_001/20221012_030000.WAV,Telephone Field,recover-20221013,001,1795
743.1405,743.1489,28046,39575,Eptesicus serotinus,0.007,0.021,-1,Echolocation,/mnt/ubna_data_02_mir/recover-20221013/UBNA_001/20221012_030000.WAV,Telephone Field,recover-20221013,001,1795
743.1514999999999,743.159,27187,37433,Eptesicus serotinus,0.011,0.029,-1,Echolocation,/mnt/ubna_data_02_mir/recover-20221013/UBNA_001/20221012_030000.WAV,Telephone Field,recover-20221013,001,1795
743.1865,743.2232,68437,81722,Rhinolophus ferrumequinum,0.021,0.021,-1,Echolocation,/mnt/ubna_data_02_mir/recover-20221013/UBNA_001/20221012_030000.WAV,Telephone Field,recover-20221013,001,1795
743.2025,743.2398,68437,82392,Rhinolophus ferrumequinum,0.027,0.027,-1,Echolocation,/mnt/ubna_data_02_mir/recover-20221013/UBNA_001/20221012_030000.WAV,Telephone Field,recover-20221013,001,1795
743.2115,743.2203,22890,30455,Plecotus austriacus,0.011,0.027,-1,Echolocation,/mnt/ubna_data_02_mir/recover-20221013/UBNA_001/20221012_030000.WAV,Telephone Field,recover-20221013,001,1795
743.2155,743.2593,68437,83749,Rhinolophus ferrumequinum,0.028,0.028,-1,Echolocation,/mnt/ubna_data_02_mir/recover-20221013/UBNA_001/20221012_030000.WAV,Telephone Field,recover-20221013,001,1795
743.2715,743.3114,68437,82632,Rhinolophus ferrumequinum,0.021,0.021,-1,Echolocation,/mnt/ubna_data_02_mir/recover-20221013/UBNA_001/20221012_030000.WAV,Telephone Field,recover-20221013,001,1795
743.2895,743.2956,24609,37297,Plecotus austriacus,0.007,0.022,-1,Echolocation,/mnt/ubna_data_02_mir/recover-20221013/UBNA_001/20221012_030000.WAV,Telephone Field,recover-20221013,001,1795
743.3135,743.3202,24609,35170,Plecotus austriacus,0.011,0.026,-1,Echolocation,/mnt/ubna_data_02_mir/recover-20221013/UBNA_001/20221012_030000.WAV,Telephone Field,recover-20221013,001,1795
743.3135,743.3194,28906,39727,Eptesicus serotinus,0.006,0.026,-1,Echolocation,/mnt/ubna_data_02_mir/recover-20221013/UBNA_001/20221012_030000.WAV,Telephone Field,recover-20221013,001,1795
743.3545,743.3594,37500,51475,Myotis daubentonii,0.017,0.046,-1,Echolocation,/mnt/ubna_data_02_mir/recover-20221013/UBNA_001/20221012_030000.WAV,Telephone Field,recover-20221013,001,1795
743.3565,743.363,27187,49049,Eptesicus serotinus,0.006,0.021,-1,Echolocation,/mnt/ubna_data_02_mir/recover-20221013/UBNA_001/20221012_030000.WAV,Telephone Field,recover-20221013,001,1795
743.3585,743.3979,68437,82600,Rhinolophus ferrumequinum,0.029,0.029,-1,Echolocation,/mnt/ubna_data_02_mir/recover-20221013/UBNA_001/20221012_030000.WAV,Telephone Field,recover-20221013,001,1795
743.3785,743.3885,24609,31676,Eptesicus serotinus,0.009,0.025,-1,Echolocation,/mnt/ubna_data_02_mir/recover-20221013/UBNA_001/20221012_030000.WAV,Telephone Field,recover-20221013,001,1795
743.3865,743.3964,28906,36388,Eptesicus serotinus,0.011,0.025,-1,Echolocation,/mnt/ubna_data_02_mir/recover-20221013/UBNA_001/20221012_030000.WAV,Telephone Field,recover-20221013,001,1795
743.4095,743.4165,28046,40572,Eptesicus serotinus,0.007,0.027,-1,Echolocation,/mnt/ubna_data_02_mir/recover-20221013/UBNA_001/20221012_030000.WAV,Telephone Field,recover-20221013,001,1795
743.4245,743.4616,68437,81166,Rhinolophus ferrumequinum,0.021,0.021,-1,Echolocation,/mnt/ubna_data_02_mir/recover-20221013/UBNA_001/20221012_030000.WAV,Telephone Field,recover-20221013,001,1795
743.4565,743.4687,23750,29687,Nyctalus leisleri,0.01,0.024,-1,Echolocation,/mnt/ubna_data_02_mir/recover-20221013/UBNA_001/20221012_030000.WAV,Telephone Field,recover-20221013,001,1795
743.4615,743.501,68437,82874,Rhinolophus ferrumequinum,0.023,0.023,-1,Echolocation,/mnt/ubna_data_02_mir/recover-20221013/UBNA_001/20221012_030000.WAV,Telephone Field,recover-20221013,001,1795
743.4835,743.5234,68437,82344,Rhinolophus ferrumequinum,0.03,0.03,-1,Echolocation,/mnt/ubna_data_02_mir/recover-20221013/UBNA_001/20221012_030000.WAV,Telephone Field,recover-20221013,001,1795
743.4985,743.5064,27187,37467,Eptesicus serotinus,0.007,0.021,-1,Echolocation,/mnt/ubna_data_02_mir/recover-20221013/UBNA_001/20221012_030000.WAV,Telephone Field,recover-20221013,001,1795
743.5205,743.5581,68437,81577,Rhinolophus ferrumequinum,0.022,0.022,-1,Echolocation,/mnt/ubna_data_02_mir/recover-20221013/UBNA_001/20221012_030000.WAV,Telephone Field,recover-20221013,001,1795
743.5795,743.5906,28906,36456,Eptesicus serotinus,0.01,0.024,-1,Echolocation,/mnt/ubna_data_02_mir/recover-20221013/UBNA_001/20221012_030000.WAV,Telephone Field,recover-20221013,001,1795
743.6205,743.6287,27187,41582,Eptesicus serotinus,0.009,0.025,-1,Echolocation,/mnt/ubna_data_02_mir/recover-20221013/UBNA_001/20221012_030000.WAV,Telephone Field,recover-20221013,001,1795
743.6375,743.6743,68437,81755,Rhinolophus ferrumequinum,0.021,0.021,-1,Echolocation,/mnt/ubna_data_02_mir/recover-20221013/UBNA_001/20221012_030000.WAV,Telephone Field,recover-20221013,001,1795
743.6485,743.6574,27187,37150,Eptesicus serotinus,0.008,0.021,-1,Echolocation,/mnt/ubna_data_02_mir/recover-20221013/UBNA_001/20221012_030000.WAV,Telephone Field,recover-20221013,001,1795
743.6705,743.6795,28906,37692,Eptesicus serotinus,0.008,0.022,-1,Echolocation,/mnt/ubna_data_02_mir/recover-20221013/UBNA_001/20221012_030000.WAV,Telephone Field,recover-20221013,001,1795
743.6795,743.6862,47812,53809,Pipistrellus pipistrellus,0.019,0.021,-1,Echolocation,/mnt/ubna_data_02_mir/recover-20221013/UBNA_001/20221012_030000.WAV,Telephone Field,recover-20221013,001,1795
743.6915,743.7314,68437,82135,Rhinolophus ferrumequinum,0.021,0.021,-1,Echolocation,/mnt/ubna_data_02_mir/recover-20221013/UBNA_001/20221012_030000.WAV,Telephone Field,recover-20221013,001,1795
743.7255,743.7362,23750,29642,Nyctalus leisleri,0.009,0.022,-1,Echolocation,/mnt/ubna_data_02_mir/recover-20221013/UBNA_001/20221012_030000.WAV,Telephone Field,recover-20221013,001,1795
743.7495,743.7851,68437,81689,Rhinolophus ferrumequinum,0.022,0.022,-1,Echolocation,/mnt/ubna_data_02_mir/recover-20221013/UBNA_001/20221012_030000.WAV,Telephone Field,recover-20221013,001,1795
743.7515,743.7577,27187,40857,Eptesicus serotinus,0.006,0.026,-1,Echolocation,/mnt/ubna_data_02_mir/recover-20221013/UBNA_001/20221012_030000.WAV,Telephone Field,recover-20221013,001,1795
743.7565,743.7696,54687,59008,Pipistrellus pygmaeus,0.025,0.028,-1,Echolocation,/mnt/ubna_data_02_mir/recover-20221013/UBNA_001/20221012_030000.WAV,Telephone Field,recover-20221013,001,1795
743.7805,743.7912,22031,26170,Nyctalus leisleri,0.011,0.021,-1,Echolocation,/mnt/ubna_data_02_mir/recover-20221013/UBNA_001/20221012_030000.WAV,Telephone Field,recover-20221013,001,1795
743.8345,743.8774,68437,83083,Rhinolophus ferrumequinum,0.031,0.031,-1,Echolocation,/mnt/ubna_data_02_mir/recover-20221013/UBNA_001/20221012_030000.WAV,Telephone Field,recover-20221013,001,1795
743.8515,743.8921,68437,82404,Rhinolophus ferrumequinum,0.023,0.023,-1,Echolocation,/mnt/ubna_data_02_mir/recover-20221013/UBNA_001/20221012_030000.WAV,Telephone Field,recover-20221013,001,1795
743.8635,743.9009,68437,82682,Rhinolophus ferrumequinum,0.022,0.022,-1,Echolocation,/mnt/ubna_data_02_mir/recover-20221013/UBNA_001/20221012_030000.WAV,Telephone Field,recover-20221013,001,1795
743.8745,743.8848,27187,35474,Eptesicus serotinus,0.009,0.022,-1,Echolocation,/mnt/ubna_data_02_mir/recover-20221013/UBNA_001/20221012_030000.WAV,Telephone Field,recover-20221013,001,1795
743.9215,743.9648,68437,82885,Rhinolophus ferrumequinum,0.022,0.022,-1,Echolocation,/mnt/ubna_data_02_mir/recover-20221013/UBNA_001/20221012_030000.WAV,Telephone Field,recover-20221013,001,1795
744.0015,744.0348,68437,80645,Rhinolophus ferrumequinum,0.053,0.053,-1,Echolocation,/mnt/ubna_data_02_mir/recover-20221013/UBNA_001/20221012_030000.WAV,Telephone Field,recover-20221013,001,1795
744.0015,744.0110999999999,34062,41295,Myotis daubentonii,0.007,0.025,-1,Echolocation,/mnt/ubna_data_02_mir/recover-20221013/UBNA_001/20221012_030000.WAV,Telephone Field,recover-20221013,001,1795
744.0015,744.0097,20312,25733,Nyctalus leisleri,0.012,0.029,-1,Echolocation,/mnt/ubna_data_02_mir/recover-20221013/UBNA_001/20221012_030000.WAV,Telephone Field,recover-20221013,001,1795
744.0015,744.011,14296,20098,Nyctalus leisleri,0.005,0.022,-1,Echolocation,/mnt/ubna_data_02_mir/recover-20221013/UBNA_001/20221012_030000.WAV,Telephone Field,recover-20221013,001,1795
744.0085,744.0514000000001,68437,82726,Rhinolophus ferrumequinum,0.022,0.022,-1,Echolocation,/mnt/ubna_data_02_mir/recover-20221013/UBNA_001/20221012_030000.WAV,Telephone Field,recover-20221013,001,1795
744.0195,744.029,24609,32675,Eptesicus serotinus,0.009,0.027,-1,Echolocation,/mnt/ubna_data_02_mir/recover-20221013/UBNA_001/20221012_030000.WAV,Telephone Field,recover-20221013,001,1795
744.0315,744.0404,27187,36177,Eptesicus serotinus,0.008,0.022,-1,Echolocation,/mnt/ubna_data_02_mir/recover-20221013/UBNA_001/20221012_030000.WAV,Telephone Field,recover-20221013,001,1795
744.1195,744.1565,68437,81532,Rhinolophus ferrumequinum,0.023,0.023,-1,Echolocation,/mnt/ubna_data_02_mir/recover-20221013/UBNA_001/20221012_030000.WAV,Telephone Field,recover-20221013,001,1795
744.1755,744.2147,68437,82081,Rhinolophus ferrumequinum,0.024,0.024,-1,Echolocation,/mnt/ubna_data_02_mir/recover-20221013/UBNA_001/20221012_030000.WAV,Telephone Field,recover-20221013,001,1795
744.2105,744.2202,25468,32863,Eptesicus serotinus,0.013,0.036,-1,Echolocation,/mnt/ubna_data_02_mir/recover-20221013/UBNA_001/20221012_030000.WAV,Telephone Field,recover-20221013,001,1795
744.2255,744.2676,68437,82695,Rhinolophus ferrumequinum,0.033,0.033,-1,Echolocation,/mnt/ubna_data_02_mir/recover-20221013/UBNA_001/20221012_030000.WAV,Telephone Field,recover-20221013,001,1795
744.2285,744.2368,22890,30713,Plecotus austriacus,0.008,0.021,-1,Echolocation,/mnt/ubna_data_02_mir/recover-20221013/UBNA_001/20221012_030000.WAV,Telephone Field,recover-20221013,001,1795
744.2395,744.25,22890,28694,Nyctalus leisleri,0.009,0.021,-1,Echolocation,/mnt/ubna_data_02_mir/recover-20221013/UBNA_001/20221012_030000.WAV,Telephone Field,recover-20221013,001,1795
744.2675,744.3095,68437,82503,Rhinolophus ferrumequinum,0.025,0.025,-1,Echolocation,/mnt/ubna_data_02_mir/recover-20221013/UBNA_001/20221012_030000.WAV,Telephone Field,recover-20221013,001,1795
744.3025,744.345,68437,82621,Rhinolophus ferrumequinum,0.025,0.025,-1,Echolocation,/mnt/ubna_data_02_mir/recover-20221013/UBNA_001/20221012_030000.WAV,Telephone Field,recover-20221013,001,1795
744.3055,744.3185,15156,21257,Nyctalus noctula,0.014,0.021,-1,Echolocation,/mnt/ubna_data_02_mir/recover-20221013/UBNA_001/20221012_030000.WAV,Telephone Field,recover-20221013,001,1795
744.3235,744.3326,48671,57051,Pipistrellus pipistrellus,0.023,0.026,-1,Echolocation,/mnt/ubna_data_02_mir/recover-20221013/UBNA_001/20221012_030000.WAV,Telephone Field,recover-20221013,001,1795
744.3305,744.3425,22890,28356,Nyctalus leisleri,0.014,0.027,-1,Echolocation,/mnt/ubna_data_02_mir/recover-20221013/UBNA_001/20221012_030000.WAV,Telephone Field,recover-20221013,001,1795
744.3555,744.3977,68437,82739,Rhinolophus ferrumequinum,0.028,0.028,-1,Echolocation,/mnt/ubna_data_02_mir/recover-20221013/UBNA_001/20221012_030000.WAV,Telephone Field,recover-20221013,001,1795
744.4115,744.4507,68437,82430,Rhinolophus ferrumequinum,0.025,0.025,-1,Echolocation,/mnt/ubna_data_02_mir/recover-20221013/UBNA_001/20221012_030000.WAV,Telephone Field,recover-20221013,001,1795
744.4385,744.471,68437,80399,Rhinolophus ferrumequinum,0.021,0.021,-1,Echolocation,/mnt/ubna_data_02_mir/recover-20221013/UBNA_001/20221012_030000.WAV,Telephone Field,recover-20221013,001,1795
744.4385,744.4474,26328,37968,Eptesicus serotinus,0.009,0.025,-1,Echolocation,/mnt/ubna_data_02_mir/recover-20221013/UBNA_001/20221012_030000.WAV,Telephone Field,recover-20221013,001,1795
744.4605,744.4705,23750,30445,Nyctalus leisleri,0.015,0.042,-1,Echolocation,/mnt/ubna_data_02_mir/recover-20221013/UBNA_001/20221012_030000.WAV,Telephone Field,recover-20221013,001,1795
744.4945,744.5338,68437,82464,Rhinolophus ferrumequinum,0.025,0.025,-1,Echolocation,/mnt/ubna_data_02_mir/recover-20221013/UBNA_001/20221012_030000.WAV,Telephone Field,recover-20221013,001,1795
744.5175,744.557,68437,82934,Rhinolophus ferrumequinum,0.024,0.024,-1,Echolocation,/mnt/ubna_data_02_mir/recover-20221013/UBNA_001/20221012_030000.WAV,Telephone Field,recover-20221013,001,1795
744.5345,744.5733,68437,81944,Rhinolophus ferrumequinum,0.023,0.023,-1,Echolocation,/mnt/ubna_data_02_mir/recover-20221013/UBNA_001/20221012_030000.WAV,Telephone Field,recover-20221013,001,1795
744.5415,744.5517,22890,28377,Nyctalus leisleri,0.01,0.024,-1,Echolocation,/mnt/ubna_data_02_mir/recover-20221013/UBNA_001/20221012_030000.WAV,Telephone Field,recover-20221013,001,1795
744.5735,744.6113,68437,82349,Rhinolophus ferrumequinum,0.025,0.025,-1,Echolocation,/mnt/ubna_data_02_mir/recover-20221013/UBNA_001/20221012_030000.WAV,Telephone Field,recover-20221013,001,1795
744.6085,744.6483,68437,82343,Rhinolophus ferrumequinum,0.023,0.023,-1,Echolocation,/mnt/ubna_data_02_mir/recover-20221013/UBNA_001/20221012_030000.WAV,Telephone Field,recover-20221013,001,1795
744.7045,744.7141,28046,35779,Eptesicus serotinus,0.01,0.024,-1,Echolocation,/mnt/ubna_data_02_mir/recover-20221013/UBNA_001/20221012_030000.WAV,Telephone Field,recover-20221013,001,1795
744.7575,744.767,27187,36002,Eptesicus serotinus,0.009,0.022,-1,Echolocation,/mnt/ubna_data_02_mir/recover-20221013/UBNA_001/20221012_030000.WAV,Telephone Field,recover-20221013,001,1795
744.7675,744.7788,28046,35342,Eptesicus serotinus,0.019,0.035,-1,Echolocation,/mnt/ubna_data_02_mir/recover-20221013/UBNA_001/20221012_030000.WAV,Telephone Field,recover-20221013,001,1795
744.8075,744.8439,68437,81894,Rhinolophus ferrumequinum,0.021,0.021,-1,Echolocation,/mnt/ubna_data_02_mir/recover-20221013/UBNA_001/20221012_030000.WAV,Telephone Field,recover-20221013,001,1795
744.8185,744.8266,27187,36252,Eptesicus serotinus,0.007,0.021,-1,Echolocation,/mnt/ubna_data_02_mir/recover-20221013/UBNA_001/20221012_030000.WAV,Telephone Field,recover-20221013,001,1795
744.8305,744.8678,68437,81522,Rhinolophus ferrumequinum,0.022,0.022,-1,Echolocation,/mnt/ubna_data_02_mir/recover-20221013/UBNA_001/20221012_030000.WAV,Telephone Field,recover-20221013,001,1795
744.8365,744.8458,27187,35768,Eptesicus serotinus,0.01,0.024,-1,Echolocation,/mnt/ubna_data_02_mir/recover-20221013/UBNA_001/20221012_030000.WAV,Telephone Field,recover-20221013,001,1795
744.8425,744.8543999999999,45234,49980,Pipistrellus pipistrellus,0.019,0.025,-1,Echolocation,/mnt/ubna_data_02_mir/recover-20221013/UBNA_001/20221012_030000.WAV,Telephone Field,recover-20221013,001,1795
744.8635,744.8718,15156,26130,Plecotus auritus,0.012,0.027,-1,Echolocation,/mnt/ubna_data_02_mir/recover-20221013/UBNA_001/20221012_030000.WAV,Telephone Field,recover-20221013,001,1795
744.8635,744.8715,24609,33124,Plecotus austriacus,0.009,0.033,-1,Echolocation,/mnt/ubna_data_02_mir/recover-20221013/UBNA_001/20221012_030000.WAV,Telephone Field,recover-20221013,001,1795
744.8645,744.9053,68437,82179,Rhinolophus ferrumequinum,0.029,0.029,-1,Echolocation,/mnt/ubna_data_02_mir/recover-20221013/UBNA_001/20221012_030000.WAV,Telephone Field,recover-20221013,001,1795
744.8935,744.9335,68437,82392,Rhinolophus ferrumequinum,0.023,0.023,-1,Echolocation,/mnt/ubna_data_02_mir/recover-20221013/UBNA_001/20221012_030000.WAV,Telephone Field,recover-20221013,001,1795
744.9065,744.9449,68437,81766,Rhinolophus ferrumequinum,0.022,0.022,-1,Echolocation,/mnt/ubna_data_02_mir/recover-20221013/UBNA_001/20221012_030000.WAV,Telephone Field,recover-20221013,001,1795
744.9215,744.9284,28046,39035,Eptesicus serotinus,0.007,0.026,-1,Echolocation,/mnt/ubna_data_02_mir/recover-20221013/UBNA_001/20221012_030000.WAV,Telephone Field,recover-20221013,001,1795
744.9385,744.9776,68437,82275,Rhinolophus ferrumequinum,0.025,0.025,-1,Echolocation,/mnt/ubna_data_02_mir/recover-20221013/UBNA_001/20221012_030000.WAV,Telephone Field,recover-20221013,001,1795
744.9565,744.9932,68437,81766,Rhinolophus ferrumequinum,0.021,0.021,-1,Echolocation,/mnt/ubna_data_02_mir/recover-20221013/UBNA_001/20221012_030000.WAV,Telephone Field,recover-20221013,001,1795
744.9675,744.9752,26328,37895,Eptesicus serotinus,0.007,0.023,-1,Echolocation,/mnt/ubna_data_02_mir/recover-20221013/UBNA_001/20221012_030000.WAV,Telephone Field,recover-20221013,001,1795
744.9955,745.0026,26328,35226,Eptesicus serotinus,0.006,0.022,-1,Echolocation,/mnt/ubna_data_02_mir/recover-20221013/UBNA_001/20221012_030000.WAV,Telephone Field,recover-20221013,001,1795
745.0065,745.0495,68437,82352,Rhinolophus ferrumequinum,0.024,0.024,-1,Echolocation,/mnt/ubna_data_02_mir/recover-20221013/UBNA_001/20221012_030000.WAV,Telephone Field,recover-20221013,001,1795
745.0305,745.0707,68437,82589,Rhinolophus ferrumequinum,0.041,0.041,-1,Echolocation,/mnt/ubna_data_02_mir/recover-20221013/UBNA_001/20221012_030000.WAV,Telephone Field,recover-20221013,001,1795
745.0555,745.0664,22031,26560,Nyctalus leisleri,0.012,0.024,-1,Echolocation,/mnt/ubna_data_02_mir/recover-20221013/UBNA_001/20221012_030000.WAV,Telephone Field,recover-20221013,001,1795
745.0775,745.1196,68437,83379,Rhinolophus ferrumequinum,0.03,0.03,-1,Echolocation,/mnt/ubna_data_02_mir/recover-20221013/UBNA_001/20221012_030000.WAV,Telephone Field,recover-20221013,001,1795
745.0795,745.0887,24609,32165,Eptesicus serotinus,0.009,0.026,-1,Echolocation,/mnt/ubna_data_02_mir/recover-20221013/UBNA_001/20221012_030000.WAV,Telephone Field,recover-20221013,001,1795
745.0845,745.1276,68437,83437,Rhinolophus ferrumequinum,0.031,0.031,-1,Echolocation,/mnt/ubna_data_02_mir/recover-20221013/UBNA_001/20221012_030000.WAV,Telephone Field,recover-20221013,001,1795
745.1155,745.1296,51250,55138,Pipistrellus pygmaeus,0.024,0.033,-1,Echolocation,/mnt/ubna_data_02_mir/recover-20221013/UBNA_001/20221012_030000.WAV,Telephone Field,recover-20221013,001,1795
745.1215,745.1327,22890,28485,Nyctalus leisleri,0.013,0.028,-1,Echolocation,/mnt/ubna_data_02_mir/recover-20221013/UBNA_001/20221012_030000.WAV,Telephone Field,recover-20221013,001,1795
745.1605,745.1997,68437,81999,Rhinolophus ferrumequinum,0.028,0.029,-1,Echolocation,/mnt/ubna_data_02_mir/recover-20221013/UBNA_001/20221012_030000.WAV,Telephone Field,recover-20221013,001,1795
745.1815,745.1903,27187,37194,Eptesicus serotinus,0.007,0.021,-1,Echolocation,/mnt/ubna_data_02_mir/recover-20221013/UBNA_001/20221012_030000.WAV,Telephone Field,recover-20221013,001,1795
745.1965,745.2338,68437,82377,Rhinolophus ferrumequinum,0.023,0.023,-1,Echolocation,/mnt/ubna_data_02_mir/recover-20221013/UBNA_001/20221012_030000.WAV,Telephone Field,recover-20221013,001,1795
745.2045,745.2194,30625,37045,Eptesicus serotinus,0.015,0.029,-1,Echolocation,/mnt/ubna_data_02_mir/recover-20221013/UBNA_001/20221012_030000.WAV,Telephone Field,recover-20221013,001,1795
745.2275,745.2451,22031,25535,Nyctalus leisleri,0.021,0.032,-1,Echolocation,/mnt/ubna_data_02_mir/recover-20221013/UBNA_001/20221012_030000.WAV,Telephone Field,recover-20221013,001,1795
745.2485,745.2866,68437,81569,Rhinolophus ferrumequinum,0.022,0.023,-1,Echolocation,/mnt/ubna_data_02_mir/recover-20221013/UBNA_001/20221012_030000.WAV,Telephone Field,recover-20221013,001,1795
745.2735,745.3137,68437,82882,Rhinolophus ferrumequinum,0.023,0.023,-1,Echolocation,/mnt/ubna_data_02_mir/recover-20221013/UBNA_001/20221012_030000.WAV,Telephone Field,recover-20221013,001,1795
745.2755,745.2827,27187,38752,Eptesicus serotinus,0.017,0.039,-1,Echolocation,/mnt/ubna_data_02_mir/recover-20221013/UBNA_001/20221012_030000.WAV,Telephone Field,recover-20221013,001,1795
745.2865,745.327,68437,82618,Rhinolophus ferrumequinum,0.027,0.027,-1,Echolocation,/mnt/ubna_data_02_mir/recover-20221013/UBNA_001/20221012_030000.WAV,Telephone Field,recover-20221013,001,1795
745.3845,745.3966,24609,31038,Nyctalus leisleri,0.01,0.025,-1,Echolocation,/mnt/ubna_data_02_mir/recover-20221013/UBNA_001/20221012_030000.WAV,Telephone Field,recover-20221013,001,1795
745.3885,745.3975,47812,51776,Pipistrellus pipistrellus,0.025,0.027,-1,Echolocation,/mnt/ubna_data_02_mir/recover-20221013/UBNA_001/20221012_030000.WAV,Telephone Field,recover-20221013,001,1795
745.3945,745.4061,23750,29261,Nyctalus leisleri,0.011,0.023,-1,Echolocation,/mnt/ubna_data_02_mir/recover-20221013/UBNA_001/20221012_030000.WAV,Telephone Field,recover-20221013,001,1795
745.4135,745.4556,68437,82950,Rhinolophus ferrumequinum,0.04,0.04,-1,Echolocation,/mnt/ubna_data_02_mir/recover-20221013/UBNA_001/20221012_030000.WAV,Telephone Field,recover-20221013,001,1795
745.4355,745.4697,68437,80966,Rhinolophus ferrumequinum,0.024,0.025,-1,Echolocation,/mnt/ubna_data_02_mir/recover-20221013/UBNA_001/20221012_030000.WAV,Telephone Field,recover-20221013,001,1795
745.4435,745.4503,27187,40943,Eptesicus serotinus,0.006,0.026,-1,Echolocation,/mnt/ubna_data_02_mir/recover-20221013/UBNA_001/20221012_030000.WAV,Telephone Field,recover-20221013,001,1795
745.4515,745.4915,68437,82143,Rhinolophus ferrumequinum,0.024,0.024,-1,Echolocation,/mnt/ubna_data_02_mir/recover-20221013/UBNA_001/20221012_030000.WAV,Telephone Field,recover-20221013,001,1795
745.4815,745.5196,68437,81545,Rhinolophus ferrumequinum,0.021,0.021,-1,Echolocation,/mnt/ubna_data_02_mir/recover-20221013/UBNA_001/20221012_030000.WAV,Telephone Field,recover-20221013,001,1795
745.4875,745.5229,68437,81711,Rhinolophus ferrumequinum,0.021,0.021,-1,Echolocation,/mnt/ubna_data_02_mir/recover-20221013/UBNA_001/20221012_030000.WAV,Telephone Field,recover-20221013,001,1795
745.5095,745.5197000000001,22890,28755,Nyctalus leisleri,0.01,0.024,-1,Echolocation,/mnt/ubna_data_02_mir/recover-20221013/UBNA_001/20221012_030000.WAV,Telephone Field,recover-20221013,001,1795
745.5125,745.5516,68437,81685,Rhinolophus ferrumequinum,0.022,0.022,-1,Echolocation,/mnt/ubna_data_02_mir/recover-20221013/UBNA_001/20221012_030000.WAV,Telephone Field,recover-20221013,001,1795
745.5215,745.5294,27187,36498,Eptesicus serotinus,0.007,0.021,-1,Echolocation,/mnt/ubna_data_02_mir/recover-20221013/UBNA_001/20221012_030000.WAV,Telephone Field,recover-20221013,001,1795
745.5805,745.6184,68437,81563,Rhinolophus ferrumequinum,0.022,0.022,-1,Echolocation,/mnt/ubna_data_02_mir/recover-20221013/UBNA_001/20221012_030000.WAV,Telephone Field,recover-20221013,001,1795
745.6145,745.6534,68437,81745,Rhinolophus ferrumequinum,0.021,0.021,-1,Echolocation,/mnt/ubna_data_02_mir/recover-20221013/UBNA_001/20221012_030000.WAV,Telephone Field,recover-20221013,001,1795
745.6465,745.6867,68437,82588,Rhinolophus ferrumequinum,0.023,0.023,-1,Echolocation,/mnt/ubna_data_02_mir/recover-20221013/UBNA_001/20221012_030000.WAV,Telephone Field,recover-20221013,001,1795
745.6685,745.6785,26328,35806,Eptesicus serotinus,0.01,0.023,-1,Echolocation,/mnt/ubna_data_02_mir/recover-20221013/UBNA_001/20221012_030000.WAV,Telephone Field,recover-20221013,001,1795
745.6755,745.6834,28046,37207,Eptesicus serotinus,0.007,0.023,-1,Echolocation,/mnt/ubna_data_02_mir/recover-20221013/UBNA_001/20221012_030000.WAV,Telephone Field,recover-20221013,001,1795
745.6955,745.736,68437,82860,Rhinolophus ferrumequinum,0.023,0.023,-1,Echolocation,/mnt/ubna_data_02_mir/recover-20221013/UBNA_001/20221012_030000.WAV,Telephone Field,recover-20221013,001,1795
745.7155,745.751,68437,80772,Rhinolophus ferrumequinum,0.021,0.021,-1,Echolocation,/mnt/ubna_data_02_mir/recover-20221013/UBNA_001/20221012_030000.WAV,Telephone Field,recover-20221013,001,1795
745.7405,745.7788,68437,82293,Rhinolophus ferrumequinum,0.024,0.024,-1,Echolocation,/mnt/ubna_data_02_mir/recover-20221013/UBNA_001/20221012_030000.WAV,Telephone Field,recover-20221013,001,1795
745.7875,745.8287,68437,82667,Rhinolophus ferrumequinum,0.027,0.027,-1,Echolocation,/mnt/ubna_data_02_mir/recover-20221013/UBNA_001/20221012_030000.WAV,Telephone Field,recover-20221013,001,1795
745.7945,745.8351,68437,81996,Rhinolophus ferrumequinum,0.021,0.021,-1,Echolocation,/mnt/ubna_data_02_mir/recover-20221013/UBNA_001/20221012_030000.WAV,Telephone Field,recover-20221013,001,1795
745.8155,745.8534,68437,82208,Rhinolophus ferrumequinum,0.021,0.021,-1,Echolocation,/mnt/ubna_data_02_mir/recover-20221013/UBNA_001/20221012_030000.WAV,Telephone Field,recover-20221013,001,1795
745.8195,745.8265,28046,38748,Eptesicus serotinus,0.007,0.025,-1,Echolocation,/mnt/ubna_data_02_mir/recover-20221013/UBNA_001/20221012_030000.WAV,Telephone Field,recover-20221013,001,1795
745.8385,745.8802,68437,82989,Rhinolophus ferrumequinum,0.023,0.023,-1,Echolocation,/mnt/ubna_data_02_mir/recover-20221013/UBNA_001/20221012_030000.WAV,Telephone Field,recover-20221013,001,1795
745.8395,745.8498,23750,30015,Nyctalus leisleri,0.009,0.022,-1,Echolocation,/mnt/ubna_data_02_mir/recover-20221013/UBNA_001/20221012_030000.WAV,Telephone Field,recover-20221013,001,1795
745.8875,745.9282,68437,82189,Rhinolophus ferrumequinum,0.029,0.029,-1,Echolocation,/mnt/ubna_data_02_mir/recover-20221013/UBNA_001/20221012_030000.WAV,Telephone Field,recover-20221013,001,1795
745.9395,745.9797,68437,81991,Rhinolophus ferrumequinum,0.022,0.022,-1,Echolocation,/mnt/ubna_data_02_mir/recover-20221013/UBNA_001/20221012_030000.WAV,Telephone Field,recover-20221013,001,1795
746.0015,746.0096,24609,34479,Nyctalus leisleri,0.008,0.029,-1,Echolocation,/mnt/ubna_data_02_mir/recover-20221013/UBNA_001/20221012_030000.WAV,Telephone Field,recover-20221013,001,1795
746.0015,746.0177,58125,64216,Pipistrellus pygmaeus,0.024,0.026,-1,Echolocation,/mnt/ubna_data_02_mir/recover-20221013/UBNA_001/20221012_030000.WAV,Telephone Field,recover-20221013,001,1795
746.0015,746.034,68437,79625,Rhinolophus ferrumequinum,0.038,0.039,-1,Echolocation,/mnt/ubna_data_02_mir/recover-20221013/UBNA_001/20221012_030000.WAV,Telephone Field,recover-20221013,001,1795
746.0075,746.0477,68437,81800,Rhinolophus ferrumequinum,0.023,0.023,-1,Echolocation,/mnt/ubna_data_02_mir/recover-20221013/UBNA_001/20221012_030000.WAV,Telephone Field,recover-20221013,001,1795
746.0115,746.0219,22890,28192,Nyctalus leisleri,0.01,0.024,-1,Echolocation,/mnt/ubna_data_02_mir/recover-20221013/UBNA_001/20221012_030000.WAV,Telephone Field,recover-20221013,001,1795
746.0585,746.0956,68437,82514,Rhinolophus ferrumequinum,0.033,0.033,-1,Echolocation,/mnt/ubna_data_02_mir/recover-20221013/UBNA_001/20221012_030000.WAV,Telephone Field,recover-20221013,001,1795
746.0705,746.0893,19453,21831,Nyctalus leisleri,0.013,0.022,-1,Echolocation,/mnt/ubna_data_02_mir/recover-20221013/UBNA_001/20221012_030000.WAV,Telephone Field,recover-20221013,001,1795
746.0925,746.1259,68437,81624,Rhinolophus ferrumequinum,0.022,0.022,-1,Echolocation,/mnt/ubna_data_02_mir/recover-20221013/UBNA_001/20221012_030000.WAV,Telephone Field,recover-20221013,001,1795
746.0945,746.1043999999999,28906,36779,Eptesicus serotinus,0.008,0.023,-1,Echolocation,/mnt/ubna_data_02_mir/recover-20221013/UBNA_001/20221012_030000.WAV,Telephone Field,recover-20221013,001,1795
746.1125,746.1229,28046,35971,Eptesicus serotinus,0.009,0.022,-1,Echolocation,/mnt/ubna_data_02_mir/recover-20221013/UBNA_001/20221012_030000.WAV,Telephone Field,recover-20221013,001,1795
746.1595,746.2006,68437,83021,Rhinolophus ferrumequinum,0.028,0.028,-1,Echolocation,/mnt/ubna_data_02_mir/recover-20221013/UBNA_001/20221012_030000.WAV,Telephone Field,recover-20221013,001,1795
746.1605,746.167,23750,39108,Myotis nattereri,0.009,0.024,-1,Echolocation,/mnt/ubna_data_02_mir/recover-20221013/UBNA_001/20221012_030000.WAV,Telephone Field,recover-20221013,001,1795
746.1735,746.1833,28046,36457,Eptesicus serotinus,0.011,0.027,-1,Echolocation,/mnt/ubna_data_02_mir/recover-20221013/UBNA_001/20221012_030000.WAV,Telephone Field,recover-20221013,001,1795
746.1855,746.2269,68437,83244,Rhinolophus ferrumequinum,0.036,0.036,-1,Echolocation,/mnt/ubna_data_02_mir/recover-20221013/UBNA_001/20221012_030000.WAV,Telephone Field,recover-20221013,001,1795
746.2035,746.2387,68437,81554,Rhinolophus ferrumequinum,0.022,0.022,-1,Echolocation,/mnt/ubna_data_02_mir/recover-20221013/UBNA_001/20221012_030000.WAV,Telephone Field,recover-20221013,001,1795
746.2335,746.2445,22890,27268,Nyctalus leisleri,0.013,0.024,-1,Echolocation,/mnt/ubna_data_02_mir/recover-20221013/UBNA_001/20221012_030000.WAV,Telephone Field,recover-20221013,001,1795
746.2345,746.2739,68437,82436,Rhinolophus ferrumequinum,0.027,0.027,-1,Echolocation,/mnt/ubna_data_02_mir/recover-20221013/UBNA_001/20221012_030000.WAV,Telephone Field,recover-20221013,001,1795
746.2635,746.2716,28046,41116,Eptesicus serotinus,0.007,0.023,-1,Echolocation,/mnt/ubna_data_02_mir/recover-20221013/UBNA_001/20221012_030000.WAV,Telephone Field,recover-20221013,001,1795
746.2725,746.309,68437,82131,Rhinolophus ferrumequinum,0.021,0.021,-1,Echolocation,/mnt/ubna_data_02_mir/recover-20221013/UBNA_001/20221012_030000.WAV,Telephone Field,recover-20221013,001,1795
746.2865,746.3245,68437,81780,Rhinolophus ferrumequinum,0.021,0.021,-1,Echolocation,/mnt/ubna_data_02_mir/recover-20221013/UBNA_001/20221012_030000.WAV,Telephone Field,recover-20221013,001,1795
746.2955,746.3355,68437,82091,Rhinolophus ferrumequinum,0.024,0.024,-1,Echolocation,/mnt/ubna_data_02_mir/recover-20221013/UBNA_001/20221012_030000.WAV,Telephone Field,recover-20221013,001,1795
746.3195,746.356,68437,81733,Rhinolophus ferrumequinum,0.037,0.037,-1,Echolocation,/mnt/ubna_data_02_mir/recover-20221013/UBNA_001/20221012_030000.WAV,Telephone Field,recover-20221013,001,1795
746.3305,746.368,68437,82159,Rhinolophus ferrumequinum,0.022,0.022,-1,Echolocation,/mnt/ubna_data_02_mir/recover-20221013/UBNA_001/20221012_030000.WAV,Telephone Field,recover-20221013,001,1795
746.3615,746.3984,68437,82015,Rhinolophus ferrumequinum,0.024,0.024,-1,Echolocation,/mnt/ubna_data_02_mir/recover-20221013/UBNA_001/20221012_030000.WAV,Telephone Field,recover-20221013,001,1795
746.4125,746.4207,24609,33166,Plecotus austriacus,0.009,0.027,-1,Echolocation,/mnt/ubna_data_02_mir/recover-20221013/UBNA_001/20221012_030000.WAV,Telephone Field,recover-20221013,001,1795
746.4245,746.4612,68437,82296,Rhinolophus ferrumequinum,0.022,0.022,-1,Echolocation,/mnt/ubna_data_02_mir/recover-20221013/UBNA_001/20221012_030000.WAV,Telephone Field,recover-20221013,001,1795
746.4565,746.4663,24609,31750,Nyctalus leisleri,0.007,0.021,-1,Echolocation,/mnt/ubna_data_02_mir/recover-20221013/UBNA_001/20221012_030000.WAV,Telephone Field,recover-20221013,001,1795
746.4645,746.5039,68437,81704,Rhinolophus ferrumequinum,0.031,0.031,-1,Echolocation,/mnt/ubna_data_02_mir/recover-20221013/UBNA_001/20221012_030000.WAV,Telephone Field,recover-20221013,001,1795
746.4875,746.496,28906,38107,Eptesicus serotinus,0.01,0.028,-1,Echolocation,/mnt/ubna_data_02_mir/recover-20221013/UBNA_001/20221012_030000.WAV,Telephone Field,recover-20221013,001,1795
746.4945,746.5363,68437,83012,Rhinolophus ferrumequinum,0.025,0.025,-1,Echolocation,/mnt/ubna_data_02_mir/recover-20221013/UBNA_001/20221012_030000.WAV,Telephone Field,recover-20221013,001,1795
746.5545,746.5956,68437,82956,Rhinolophus ferrumequinum,0.026,0.026,-1,Echolocation,/mnt/ubna_data_02_mir/recover-20221013/UBNA_001/20221012_030000.WAV,Telephone Field,recover-20221013,001,1795
746.6185,746.6555,68437,81575,Rhinolophus ferrumequinum,0.023,0.023,-1,Echolocation,/mnt/ubna_data_02_mir/recover-20221013/UBNA_001/20221012_030000.WAV,Telephone Field,recover-20221013,001,1795
746.6255,746.6583,68437,80587,Rhinolophus ferrumequinum,0.023,0.023,-1,Echolocation,/mnt/ubna_data_02_mir/recover-20221013/UBNA_001/20221012_030000.WAV,Telephone Field,recover-20221013,001,1795
746.6365,746.68,68437,82543,Rhinolophus ferrumequinum,0.042,0.042,-1,Echolocation,/mnt/ubna_data_02_mir/recover-20221013/UBNA_001/20221012_030000.WAV,Telephone Field,recover-20221013,001,1795
746.6385,746.6489,28046,36622,Eptesicus serotinus,0.01,0.026,-1,Echolocation,/mnt/ubna_data_02_mir/recover-20221013/UBNA_001/20221012_030000.WAV,Telephone Field,recover-20221013,001,1795
746.6635,746.6722,27187,39607,Eptesicus serotinus,0.009,0.026,-1,Echolocation,/mnt/ubna_data_02_mir/recover-20221013/UBNA_001/20221012_030000.WAV,Telephone Field,recover-20221013,001,1795
746.6795,746.7177,68437,82432,Rhinolophus ferrumequinum,0.025,0.026,-1,Echolocation,/mnt/ubna_data_02_mir/recover-20221013/UBNA_001/20221012_030000.WAV,Telephone Field,recover-20221013,001,1795
746.7115,746.75,68437,82079,Rhinolophus ferrumequinum,0.024,0.024,-1,Echolocation,/mnt/ubna_data_02_mir/recover-20221013/UBNA_001/20221012_030000.WAV,Telephone Field,recover-20221013,001,1795
746.7295,746.7725,68437,83261,Rhinolophus ferrumequinum,0.055,0.055,-1,Echolocation,/mnt/ubna_data_02_mir/recover-20221013/UBNA_001/20221012_030000.WAV,Telephone Field,recover-20221013,001,1795
746.7625,746.802,68437,82247,Rhinolophus ferrumequinum,0.022,0.022,-1,Echolocation,/mnt/ubna_data_02_mir/recover-20221013/UBNA_001/20221012_030000.WAV,Telephone Field,recover-20221013,001,1795
746.7935,746.8349,68437,83173,Rhinolophus ferrumequinum,0.03,0.03,-1,Echolocation,/mnt/ubna_data_02_mir/recover-20221013/UBNA_001/20221012_030000.WAV,Telephone Field,recover-20221013,001,1795
746.8225,746.8629,68437,82140,Rhinolophus ferrumequinum,0.025,0.025,-1,Echolocation,/mnt/ubna_data_02_mir/recover-20221013/UBNA_001/20221012_030000.WAV,Telephone Field,recover-20221013,001,1795
746.8465,746.8868,68437,82579,Rhinolophus ferrumequinum,0.022,0.022,-1,Echolocation,/mnt/ubna_data_02_mir/recover-20221013/UBNA_001/20221012_030000.WAV,Telephone Field,recover-20221013,001,1795
746.8705,746.9069,68437,81635,Rhinolophus ferrumequinum,0.024,0.024,-1,Echolocation,/mnt/ubna_data_02_mir/recover-20221013/UBNA_001/20221012_030000.WAV,Telephone Field,recover-20221013,001,1795
746.8745,746.8807,26328,37272,Plecotus austriacus,0.01,0.033,-1,Echolocation,/mnt/ubna_data_02_mir/recover-20221013/UBNA_001/20221012_030000.WAV,Telephone Field,recover-20221013,001,1795
746.8955,746.9389,68437,83339,Rhinolophus ferrumequinum,0.031,0.031,-1,Echolocation,/mnt/ubna_data_02_mir/recover-20221013/UBNA_001/20221012_030000.WAV,Telephone Field,recover-20221013,001,1795
746.9225,746.9618,68437,82325,Rhinolophus ferrumequinum,0.024,0.024,-1,Echolocation,/mnt/ubna_data_02_mir/recover-20221013/UBNA_001/20221012_030000.WAV,Telephone Field,recover-20221013,001,1795
746.9485,746.9832,68437,80406,Rhinolophus ferrumequinum,0.021,0.021,-1,Echolocation,/mnt/ubna_data_02_mir/recover-20221013/UBNA_001/20221012_030000.WAV,Telephone Field,recover-20221013,001,1795
746.9585,746.9677,28046,37791,Eptesicus serotinus,0.008,0.021,-1,Echolocation,/mnt/ubna_data_02_mir/recover-20221013/UBNA_001/20221012_030000.WAV,Telephone Field,recover-20221013,001,1795
746.9825,747.021,68437,81674,Rhinolophus ferrumequinum,0.021,0.021,-1,Echolocation,/mnt/ubna_data_02_mir/recover-20221013/UBNA_001/20221012_030000.WAV,Telephone Field,recover-20221013,001,1795
746.9975,747.0397,68437,82950,Rhinolophus ferrumequinum,0.048,0.048,-1,Echolocation,/mnt/ubna_data_02_mir/recover-20221013/UBNA_001/20221012_030000.WAV,Telephone Field,recover-20221013,001,1795
747.0015,747.0095,28046,39035,Eptesicus serotinus,0.007,0.024,-1,Echolocation,/mnt/ubna_data_02_mir/recover-20221013/UBNA_001/20221012_030000.WAV,Telephone Field,recover-20221013,001,1795
747.0045,747.0153,33203,40546,Eptesicus serotinus,0.006,0.025,-1,Echolocation,/mnt/ubna_data_02_mir/recover-20221013/UBNA_001/20221012_030000.WAV,Telephone Field,recover-20221013,001,1795
747.0065,747.0443,68437,82613,Rhinolophus ferrumequinum,0.022,0.023,-1,Echolocation,/mnt/ubna_data_02_mir/recover-20221013/UBNA_001/20221012_030000.WAV,Telephone Field,recover-20221013,001,1795
747.0225,747.0563,68437,80785,Rhinolophus ferrumequinum,0.022,0.022,-1,Echolocation,/mnt/ubna_data_02_mir/recover-20221013/UBNA_001/20221012_030000.WAV,Telephone Field,recover-20221013,001,1795
747.0505,747.06,24609,31666,Nyctalus leisleri,0.007,0.021,-1,Echolocation,/mnt/ubna_data_02_mir/recover-20221013/UBNA_001/20221012_030000.WAV,Telephone Field,recover-20221013,001,1795
747.0635,747.1005,68437,81457,Rhinolophus ferrumequinum,0.022,0.022,-1,Echolocation,/mnt/ubna_data_02_mir/recover-20221013/UBNA_001/20221012_030000.WAV,Telephone Field,recover-20221013,001,1795
747.0815,747.093,21171,25874,Nyctalus leisleri,0.012,0.026,-1,Echolocation,/mnt/ubna_data_02_mir/recover-20221013/UBNA_001/20221012_030000.WAV,Telephone Field,recover-20221013,001,1795
747.0905,747.1299,68437,82583,Rhinolophus ferrumequinum,0.022,0.022,-1,Echolocation,/mnt/ubna_data_02_mir/recover-20221013/UBNA_001/20221012_030000.WAV,Telephone Field,recover-20221013,001,1795
747.1115,747.1259,22890,26325,Nyctalus leisleri,0.024,0.037,-1,Echolocation,/mnt/ubna_data_02_mir/recover-20221013/UBNA_001/20221012_030000.WAV,Telephone Field,recover-20221013,001,1795
747.1305,747.1702,68437,82663,Rhinolophus ferrumequinum,0.028,0.028,-1,Echolocation,/mnt/ubna_data_02_mir/recover-20221013/UBNA_001/20221012_030000.WAV,Telephone Field,recover-20221013,001,1795
747.1585,747.1952,68437,81531,Rhinolophus ferrumequinum,0.022,0.022,-1,Echolocation,/mnt/ubna_data_02_mir/recover-20221013/UBNA_001/20221012_030000.WAV,Telephone Field,recover-20221013,001,1795
747.1895,747.2261,68437,81749,Rhinolophus ferrumequinum,0.023,0.023,-1,Echolocation,/mnt/ubna_data_02_mir/recover-20221013/UBNA_001/20221012_030000.WAV,Telephone Field,recover-20221013,001,1795
747.2025,747.2104,28906,39482,Myotis daubentonii,0.006,0.021,-1,Echolocation,/mnt/ubna_data_02_mir/recover-20221013/UBNA_001/20221012_030000.WAV,Telephone Field,recover-20221013,001,1795
747.2365,747.2773,68437,82719,Rhinolophus ferrumequinum,0.026,0.026,-1,Echolocation,/mnt/ubna_data_02_mir/recover-20221013/UBNA_001/20221012_030000.WAV,Telephone Field,recover-20221013,001,1795
747.2655,747.2764999999999,23750,29809,Nyctalus leisleri,0.013,0.029,-1,Echolocation,/mnt/ubna_data_02_mir/recover-20221013/UBNA_001/20221012_030000.WAV,Telephone Field,recover-20221013,001,1795
747.2815,747.3211,68437,81880,Rhinolophus ferrumequinum,0.021,0.021,-1,Echolocation,/mnt/ubna_data_02_mir/recover-20221013/UBNA_001/20221012_030000.WAV,Telephone Field,recover-20221013,001,1795
747.2905,747.3066,26328,31108,Nyctalus leisleri,0.015,0.035,-1,Echolocation,/mnt/ubna_data_02_mir/recover-20221013/UBNA_001/20221012_030000.WAV,Telephone Field,recover-20221013,001,1795
747.3165,747.3567,68437,82155,Rhinolophus ferrumequinum,0.021,0.022,-1,Echolocation,/mnt/ubna_data_02_mir/recover-20221013/UBNA_001/20221012_030000.WAV,Telephone Field,recover-20221013,001,1795
747.3175,747.329,42656,48327,Pipistrellus pipistrellus,0.022,0.032,-1,Echolocation,/mnt/ubna_data_02_mir/recover-20221013/UBNA_001/20221012_030000.WAV,Telephone Field,recover-20221013,001,1795
747.3265,747.3346,28906,38834,Eptesicus serotinus,0.007,0.021,-1,Echolocation,/mnt/ubna_data_02_mir/recover-20221013/UBNA_001/20221012_030000.WAV,Telephone Field,recover-20221013,001,1795
747.3465,747.3531,28046,44584,Eptesicus serotinus,0.006,0.021,-1,Echolocation,/mnt/ubna_data_02_mir/recover-20221013/UBNA_001/20221012_030000.WAV,Telephone Field,recover-20221013,001,1795
747.3535,747.3917,68437,82091,Rhinolophus ferrumequinum,0.022,0.022,-1,Echolocation,/mnt/ubna_data_02_mir/recover-20221013/UBNA_001/20221012_030000.WAV,Telephone Field,recover-20221013,001,1795
747.3795,747.4187,68437,82973,Rhinolophus ferrumequinum,0.033,0.033,-1,Echolocation,/mnt/ubna_data_02_mir/recover-20221013/UBNA_001/20221012_030000.WAV,Telephone Field,recover-20221013,001,1795
747.4475,747.4886,68437,83377,Rhinolophus ferrumequinum,0.025,0.025,-1,Echolocation,/mnt/ubna_data_02_mir/recover-20221013/UBNA_001/20221012_030000.WAV,Telephone Field,recover-20221013,001,1795
747.4685,747.4778,28906,41479,Eptesicus serotinus,0.008,0.024,-1,Echolocation,/mnt/ubna_data_02_mir/recover-20221013/UBNA_001/20221012_030000.WAV,Telephone Field,recover-20221013,001,1795
747.4895,747.5264,68437,81837,Rhinolophus ferrumequinum,0.021,0.021,-1,Echolocation,/mnt/ubna_data_02_mir/recover-20221013/UBNA_001/20221012_030000.WAV,Telephone Field,recover-20221013,001,1795
747.5475,747.5603,23750,28858,Nyctalus leisleri,0.017,0.034,-1,Echolocation,/mnt/ubna_data_02_mir/recover-20221013/UBNA_001/20221012_030000.WAV,Telephone Field,recover-20221013,001,1795
747.5795,747.5879,28906,37320,Eptesicus serotinus,0.006,0.021,-1,Echolocation,/mnt/ubna_data_02_mir/recover-20221013/UBNA_001/20221012_030000.WAV,Telephone Field,recover-20221013,001,1795
747.5795,747.6183,68437,82055,Rhinolophus ferrumequinum,0.023,0.023,-1,Echolocation,/mnt/ubna_data_02_mir/recover-20221013/UBNA_001/20221012_030000.WAV,Telephone Field,recover-20221013,001,1795
747.5885,747.6269,68437,82417,Rhinolophus ferrumequinum,0.022,0.022,-1,Echolocation,/mnt/ubna_data_02_mir/recover-20221013/UBNA_001/20221012_030000.WAV,Telephone Field,recover-20221013,001,1795
747.5925,747.6113,21171,24856,Nyctalus leisleri,0.021,0.043,-1,Echolocation,/mnt/ubna_data_02_mir/recover-20221013/UBNA_001/20221012_030000.WAV,Telephone Field,recover-20221013,001,1795
747.6045,747.6109,28906,39855,Myotis daubentonii,0.006,0.024,-1,Echolocation,/mnt/ubna_data_02_mir/recover-20221013/UBNA_001/20221012_030000.WAV,Telephone Field,recover-20221013,001,1795
747.6235,747.6621,68437,81810,Rhinolophus ferrumequinum,0.022,0.022,-1,Echolocation,/mnt/ubna_data_02_mir/recover-20221013/UBNA_001/20221012_030000.WAV,Telephone Field,recover-20221013,001,1795
747.6405,747.6514,21171,25863,Nyctalus leisleri,0.012,0.026,-1,Echolocation,/mnt/ubna_data_02_mir/recover-20221013/UBNA_001/20221012_030000.WAV,Telephone Field,recover-20221013,001,1795
747.6514999999999,747.6905,68437,82979,Rhinolophus ferrumequinum,0.024,0.024,-1,Echolocation,/mnt/ubna_data_02_mir/recover-20221013/UBNA_001/20221012_030000.WAV,Telephone Field,recover-20221013,001,1795
747.6675,747.706,68437,82407,Rhinolophus ferrumequinum,0.022,0.022,-1,Echolocation,/mnt/ubna_data_02_mir/recover-20221013/UBNA_001/20221012_030000.WAV,Telephone Field,recover-20221013,001,1795
747.6815,747.6917,28906,38635,Eptesicus serotinus,0.009,0.022,-1,Echolocation,/mnt/ubna_data_02_mir/recover-20221013/UBNA_001/20221012_030000.WAV,Telephone Field,recover-20221013,001,1795
747.7085,747.7461,68437,82132,Rhinolophus ferrumequinum,0.024,0.024,-1,Echolocation,/mnt/ubna_data_02_mir/recover-20221013/UBNA_001/20221012_030000.WAV,Telephone Field,recover-20221013,001,1795
747.7215,747.7319,22890,29558,Nyctalus leisleri,0.011,0.028,-1,Echolocation,/mnt/ubna_data_02_mir/recover-20221013/UBNA_001/20221012_030000.WAV,Telephone Field,recover-20221013,001,1795
747.7305,747.7372,27187,39330,Eptesicus serotinus,0.006,0.025,-1,Echolocation,/mnt/ubna_data_02_mir/recover-20221013/UBNA_001/20221012_030000.WAV,Telephone Field,recover-20221013,001,1795
747.7365,747.7434,46093,49928,Pipistrellus pipistrellus,0.036,0.037,-1,Echolocation,/mnt/ubna_data_02_mir/recover-20221013/UBNA_001/20221012_030000.WAV,Telephone Field,recover-20221013,001,1795
747.7405,747.7783,68437,81440,Rhinolophus ferrumequinum,0.023,0.023,-1,Echolocation,/mnt/ubna_data_02_mir/recover-20221013/UBNA_001/20221012_030000.WAV,Telephone Field,recover-20221013,001,1795
747.7515,747.7921,68437,82500,Rhinolophus ferrumequinum,0.023,0.023,-1,Echolocation,/mnt/ubna_data_02_mir/recover-20221013/UBNA_001/20221012_030000.WAV,Telephone Field,recover-20221013,001,1795
747.7565,747.7977,68437,82611,Rhinolophus ferrumequinum,0.023,0.023,-1,Echolocation,/mnt/ubna_data_02_mir/recover-20221013/UBNA_001/20221012_030000.WAV,Telephone Field,recover-20221013,001,1795
747.7615,747.7685,27187,47000,Eptesicus serotinus,0.006,0.022,-1,Echolocation,/mnt/ubna_data_02_mir/recover-20221013/UBNA_001/20221012_030000.WAV,Telephone Field,recover-20221013,001,1795
747.7815,747.8249,68437,83323,Rhinolophus ferrumequinum,0.031,0.031,-1,Echolocation,/mnt/ubna_data_02_mir/recover-20221013/UBNA_001/20221012_030000.WAV,Telephone Field,recover-20221013,001,1795
747.7995,747.8073,28046,39431,Eptesicus serotinus,0.007,0.022,-1,Echolocation,/mnt/ubna_data_02_mir/recover-20221013/UBNA_001/20221012_030000.WAV,Telephone Field,recover-20221013,001,1795
747.8085,747.8173,26328,34665,Eptesicus serotinus,0.011,0.026,-1,Echolocation,/mnt/ubna_data_02_mir/recover-20221013/UBNA_001/20221012_030000.WAV,Telephone Field,recover-20221013,001,1795
747.8195,747.8585,68437,82375,Rhinolophus ferrumequinum,0.025,0.025,-1,Echolocation,/mnt/ubna_data_02_mir/recover-20221013/UBNA_001/20221012_030000.WAV,Telephone Field,recover-20221013,001,1795
747.8265,747.8662,68437,81965,Rhinolophus ferrumequinum,0.025,0.025,-1,Echolocation,/mnt/ubna_data_02_mir/recover-20221013/UBNA_001/20221012_030000.WAV,Telephone Field,recover-20221013,001,1795
747.8405,747.8511,22890,28391,Nyctalus leisleri,0.011,0.024,-1,Echolocation,/mnt/ubna_data_02_mir/recover-20221013/UBNA_001/20221012_030000.WAV,Telephone Field,recover-20221013,001,1795
747.8505,747.8616,22031,26337,Nyctalus leisleri,0.013,0.024,-1,Echolocation,/mnt/ubna_data_02_mir/recover-20221013/UBNA_001/20221012_030000.WAV,Telephone Field,recover-20221013,001,1795
747.8785,747.9175,68437,82283,Rhinolophus ferrumequinum,0.022,0.022,-1,Echolocation,/mnt/ubna_data_02_mir/recover-20221013/UBNA_001/20221012_030000.WAV,Telephone Field,recover-20221013,001,1795
747.9045,747.915,30625,38326,Eptesicus serotinus,0.007,0.021,-1,Echolocation,/mnt/ubna_data_02_mir/recover-20221013/UBNA_001/20221012_030000.WAV,Telephone Field,recover-20221013,001,1795
747.9135,747.9229,27187,36288,Eptesicus serotinus,0.009,0.022,-1,Echolocation,/mnt/ubna_data_02_mir/recover-20221013/UBNA_001/20221012_030000.WAV,Telephone Field,recover-20221013,001,1795
747.9325,747.9703,68437,81372,Rhinolophus ferrumequinum,0.022,0.022,-1,Echolocation,/mnt/ubna_data_02_mir/recover-20221013/UBNA_001/20221012_030000.WAV,Telephone Field,recover-20221013,001,1795
747.9535,747.9939,68437,82548,Rhinolophus ferrumequinum,0.024,0.024,-1,Echolocation,/mnt/ubna_data_02_mir/recover-20221013/UBNA_001/20221012_030000.WAV,Telephone Field,recover-20221013,001,1795
748.0015,748.0333,68437,79748,Rhinolophus ferrumequinum,0.04,0.041,-1,Echolocation,/mnt/ubna_data_02_mir/recover-20221013/UBNA_001/20221012_030000.WAV,Telephone Field,recover-20221013,001,1795
748.0015,748.0104,27187,35123,Eptesicus serotinus,0.009,0.026,-1,Echolocation,/mnt/ubna_data_02_mir/recover-20221013/UBNA_001/20221012_030000.WAV,Telephone Field,recover-20221013,001,1795
748.0015,748.0109,21171,26409,Nyctalus leisleri,0.01,0.025,-1,Echolocation,/mnt/ubna_data_02_mir/recover-20221013/UBNA_001/20221012_030000.WAV,Telephone Field,recover-20221013,001,1795
748.0215,748.0602,68437,82166,Rhinolophus ferrumequinum,0.024,0.024,-1,Echolocation,/mnt/ubna_data_02_mir/recover-20221013/UBNA_001/20221012_030000.WAV,Telephone Field,recover-20221013,001,1795
748.0455,748.0846,68437,82309,Rhinolophus ferrumequinum,0.022,0.022,-1,Echolocation,/mnt/ubna_data_02_mir/recover-20221013/UBNA_001/20221012_030000.WAV,Telephone Field,recover-20221013,001,1795
748.0515,748.0675,15156,20790,Nyctalus noctula,0.02,0.027,-1,Echolocation,/mnt/ubna_data_02_mir/recover-20221013/UBNA_001/20221012_030000.WAV,Telephone Field,recover-20221013,001,1795
748.0585,748.1008,68437,82391,Rhinolophus ferrumequinum,0.023,0.023,-1,Echolocation,/mnt/ubna_data_02_mir/recover-20221013/UBNA_001/20221012_030000.WAV,Telephone Field,recover-20221013,001,1795
748.0735,748.1114,68437,82142,Rhinolophus ferrumequinum,0.022,0.022,-1,Echolocation,/mnt/ubna_data_02_mir/recover-20221013/UBNA_001/20221012_030000.WAV,Telephone Field,recover-20221013,001,1795
748.1435,748.1519,30625,44268,Myotis daubentonii,0.009,0.022,-1,Echolocation,/mnt/ubna_data_02_mir/recover-20221013/UBNA_001/20221012_030000.WAV,Telephone Field,recover-20221013,001,1795
748.1535,748.1948,68437,83029,Rhinolophus ferrumequinum,0.023,0.023,-1,Echolocation,/mnt/ubna_data_02_mir/recover-20221013/UBNA_001/20221012_030000.WAV,Telephone Field,recover-20221013,001,1795
748.1615,748.1989,68437,82321,Rhinolophus ferrumequinum,0.021,0.021,-1,Echolocation,/mnt/ubna_data_02_mir/recover-20221013/UBNA_001/20221012_030000.WAV,Telephone Field,recover-20221013,001,1795
748.1645,748.172,27187,37945,Eptesicus serotinus,0.006,0.024,-1,Echolocation,/mnt/ubna_data_02_mir/recover-20221013/UBNA_001/20221012_030000.WAV,Telephone Field,recover-20221013,001,1795
748.1965,748.2359,68437,82073,Rhinolophus ferrumequinum,0.021,0.021,-1,Echolocation,/mnt/ubna_data_02_mir/recover-20221013/UBNA_001/20221012_030000.WAV,Telephone Field,recover-20221013,001,1795
748.2135,748.2248,23750,29362,Nyctalus leisleri,0.011,0.025,-1,Echolocation,/mnt/ubna_data_02_mir/recover-20221013/UBNA_001/20221012_030000.WAV,Telephone Field,recover-20221013,001,1795
748.2145,748.2545,68437,82903,Rhinolophus ferrumequinum,0.021,0.021,-1,Echolocation,/mnt/ubna_data_02_mir/recover-20221013/UBNA_001/20221012_030000.WAV,Telephone Field,recover-20221013,001,1795
748.2195,748.2293999999999,28046,35966,Eptesicus serotinus,0.01,0.025,-1,Echolocation,/mnt/ubna_data_02_mir/recover-20221013/UBNA_001/20221012_030000.WAV,Telephone Field,recover-20221013,001,1795
748.2505,748.2886,68437,81827,Rhinolophus ferrumequinum,0.021,0.021,-1,Echolocation,/mnt/ubna_data_02_mir/recover-20221013/UBNA_001/20221012_030000.WAV,Telephone Field,recover-20221013,001,1795
748.3325,748.3392,26328,40674,Eptesicus serotinus,0.005,0.025,-1,Echolocation,/mnt/ubna_data_02_mir/recover-20221013/UBNA_001/20221012_030000.WAV,Telephone Field,recover-20221013,001,1795
748.4195,748.4622,68437,83028,Rhinolophus ferrumequinum,0.03,0.03,-1,Echolocation,/mnt/ubna_data_02_mir/recover-20221013/UBNA_001/20221012_030000.WAV,Telephone Field,recover-20221013,001,1795
748.4385,748.4464,28046,37596,Eptesicus serotinus,0.007,0.021,-1,Echolocation,/mnt/ubna_data_02_mir/recover-20221013/UBNA_001/20221012_030000.WAV,Telephone Field,recover-20221013,001,1795
748.4495,748.4594,28046,35571,Eptesicus serotinus,0.016,0.034,-1,Echolocation,/mnt/ubna_data_02_mir/recover-20221013/UBNA_001/20221012_030000.WAV,Telephone Field,recover-20221013,001,1795
748.4505,748.4871,68437,81538,Rhinolophus ferrumequinum,0.021,0.021,-1,Echolocation,/mnt/ubna_data_02_mir/recover-20221013/UBNA_001/20221012_030000.WAV,Telephone Field,recover-20221013,001,1795
748.5155,748.5537,68437,81911,Rhinolophus ferrumequinum,0.022,0.022,-1,Echolocation,/mnt/ubna_data_02_mir/recover-20221013/UBNA_001/20221012_030000.WAV,Telephone Field,recover-20221013,001,1795
748.5195,748.5284,27187,37635,Eptesicus serotinus,0.007,0.021,-1,Echolocation,/mnt/ubna_data_02_mir/recover-20221013/UBNA_001/20221012_030000.WAV,Telephone Field,recover-20221013,001,1795
748.5335,748.5729,68437,82296,Rhinolophus ferrumequinum,0.021,0.021,-1,Echolocation,/mnt/ubna_data_02_mir/recover-20221013/UBNA_001/20221012_030000.WAV,Telephone Field,recover-20221013,001,1795
748.5735,748.6134,68437,82239,Rhinolophus ferrumequinum,0.023,0.023,-1,Echolocation,/mnt/ubna_data_02_mir/recover-20221013/UBNA_001/20221012_030000.WAV,Telephone Field,recover-20221013,001,1795
748.6545,748.6932,68437,82445,Rhinolophus ferrumequinum,0.023,0.023,-1,Echolocation,/mnt/ubna_data_02_mir/recover-20221013/UBNA_001/20221012_030000.WAV,Telephone Field,recover-20221013,001,1795
748.6735,748.7105,68437,81742,Rhinolophus ferrumequinum,0.022,0.022,-1,Echolocation,/mnt/ubna_data_02_mir/recover-20221013/UBNA_001/20221012_030000.WAV,Telephone Field,recover-20221013,001,1795
748.6765,748.6872,22890,28329,Nyctalus leisleri,0.01,0.022,-1,Echolocation,/mnt/ubna_data_02_mir/recover-20221013/UBNA_001/20221012_030000.WAV,Telephone Field,recover-20221013,001,1795
748.6875,748.7272,68437,82334,Rhinolophus ferrumequinum,0.022,0.022,-1,Echolocation,/mnt/ubna_data_02_mir/recover-20221013/UBNA_001/20221012_030000.WAV,Telephone Field,recover-20221013,001,1795
748.7055,748.7149,25468,32675,Eptesicus serotinus,0.013,0.032,-1,Echolocation,/mnt/ubna_data_02_mir/recover-20221013/UBNA_001/20221012_030000.WAV,Telephone Field,recover-20221013,001,1795
748.7315,748.7723,68437,82210,Rhinolophus ferrumequinum,0.031,0.031,-1,Echolocation,/mnt/ubna_data_02_mir/recover-20221013/UBNA_001/20221012_030000.WAV,Telephone Field,recover-20221013,001,1795
748.7485,748.7583,24609,31049,Nyctalus leisleri,0.009,0.025,-1,Echolocation,/mnt/ubna_data_02_mir/recover-20221013/UBNA_001/20221012_030000.WAV,Telephone Field,recover-20221013,001,1795
748.7605,748.7993,68437,81708,Rhinolophus ferrumequinum,0.021,0.021,-1,Echolocation,/mnt/ubna_data_02_mir/recover-20221013/UBNA_001/20221012_030000.WAV,Telephone Field,recover-20221013,001,1795
748.7995,748.8093,24609,31449,Nyctalus leisleri,0.008,0.023,-1,Echolocation,/mnt/ubna_data_02_mir/recover-20221013/UBNA_001/20221012_030000.WAV,Telephone Field,recover-20221013,001,1795
748.7995,748.8368,68437,81596,Rhinolophus ferrumequinum,0.021,0.022,-1,Echolocation,/mnt/ubna_data_02_mir/recover-20221013/UBNA_001/20221012_030000.WAV,Telephone Field,recover-20221013,001,1795
748.8325,748.8732,68437,82428,Rhinolophus ferrumequinum,0.021,0.021,-1,Echolocation,/mnt/ubna_data_02_mir/recover-20221013/UBNA_001/20221012_030000.WAV,Telephone Field,recover-20221013,001,1795
748.8455,748.8549,26328,33428,Eptesicus serotinus,0.009,0.025,-1,Echolocation,/mnt/ubna_data_02_mir/recover-20221013/UBNA_001/20221012_030000.WAV,Telephone Field,recover-20221013,001,1795
748.8505,748.8617,22031,26494,Nyctalus leisleri,0.013,0.025,-1,Echolocation,/mnt/ubna_data_02_mir/recover-20221013/UBNA_001/20221012_030000.WAV,Telephone Field,recover-20221013,001,1795
748.8685,748.9085,68437,82174,Rhinolophus ferrumequinum,0.021,0.021,-1,Echolocation,/mnt/ubna_data_02_mir/recover-20221013/UBNA_001/20221012_030000.WAV,Telephone Field,recover-20221013,001,1795
748.8865,748.8969,22031,26617,Nyctalus leisleri,0.013,0.024,-1,Echolocation,/mnt/ubna_data_02_mir/recover-20221013/UBNA_001/20221012_030000.WAV,Telephone Field,recover-20221013,001,1795
748.8935,748.9329,68437,82287,Rhinolophus ferrumequinum,0.022,0.022,-1,Echolocation,/mnt/ubna_data_02_mir/recover-20221013/UBNA_001/20221012_030000.WAV,Telephone Field,recover-20221013,001,1795
748.9115,748.9514,68437,82015,Rhinolophus ferrumequinum,0.023,0.023,-1,Echolocation,/mnt/ubna_data_02_mir/recover-20221013/UBNA_001/20221012_030000.WAV,Telephone Field,recover-20221013,001,1795
749.0035,749.045,68437,82980,Rhinolophus ferrumequinum,0.031,0.031,-1,Echolocation,/mnt/ubna_data_02_mir/recover-20221013/UBNA_001/20221012_030000.WAV,Telephone Field,recover-20221013,001,1795
749.0745,749.1129,68437,82338,Rhinolophus ferrumequinum,0.023,0.023,-1,Echolocation,/mnt/ubna_data_02_mir/recover-20221013/UBNA_001/20221012_030000.WAV,Telephone Field,recover-20221013,001,1795
749.0885,749.0949,40078,56272,Myotis brandtii,0.006,0.021,-1,Echolocation,/mnt/ubna_data_02_mir/recover-20221013/UBNA_001/20221012_030000.WAV,Telephone Field,recover-20221013,001,1795
749.1035,749.1109,28046,39050,Eptesicus serotinus,0.007,0.024,-1,Echolocation,/mnt/ubna_data_02_mir/recover-20221013/UBNA_001/20221012_030000.WAV,Telephone Field,recover-20221013,001,1795
749.1315,749.1688,68437,81754,Rhinolophus ferrumequinum,0.022,0.022,-1,Echolocation,/mnt/ubna_data_02_mir/recover-20221013/UBNA_001/20221012_030000.WAV,Telephone Field,recover-20221013,001,1795
749.1395,749.1479,28046,37470,Eptesicus serotinus,0.008,0.024,-1,Echolocation,/mnt/ubna_data_02_mir/recover-20221013/UBNA_001/20221012_030000.WAV,Telephone Field,recover-20221013,001,1795
749.1745,749.2129,68437,82142,Rhinolophus ferrumequinum,0.021,0.021,-1,Echolocation,/mnt/ubna_data_02_mir/recover-20221013/UBNA_001/20221012_030000.WAV,Telephone Field,recover-20221013,001,1795
749.2195,749.2281,27187,38416,Eptesicus serotinus,0.008,0.022,-1,Echolocation,/mnt/ubna_data_02_mir/recover-20221013/UBNA_001/20221012_030000.WAV,Telephone Field,recover-20221013,001,1795
749.2365,749.2787,68437,82680,Rhinolophus ferrumequinum,0.024,0.024,-1,Echolocation,/mnt/ubna_data_02_mir/recover-20221013/UBNA_001/20221012_030000.WAV,Telephone Field,recover-20221013,001,1795
749.2595,749.3002,68437,83109,Rhinolophus ferrumequinum,0.024,0.024,-1,Echolocation,/mnt/ubna_data_02_mir/recover-20221013/UBNA_001/20221012_030000.WAV,Telephone Field,recover-20221013,001,1795
749.2725,749.2799,24609,33222,Plecotus austriacus,0.006,0.021,-1,Echolocation,/mnt/ubna_data_02_mir/recover-20221013/UBNA_001/20221012_030000.WAV,Telephone Field,recover-20221013,001,1795
749.3085,749.3148,24609,39889,Plecotus austriacus,0.011,0.032,-1,Echolocation,/mnt/ubna_data_02_mir/recover-20221013/UBNA_001/20221012_030000.WAV,Telephone Field,recover-20221013,001,1795
749.3405,749.3824,68437,83263,Rhinolophus ferrumequinum,0.027,0.028,-1,Echolocation,/mnt/ubna_data_02_mir/recover-20221013/UBNA_001/20221012_030000.WAV,Telephone Field,recover-20221013,001,1795
749.3895,749.3971,29765,39320,Myotis daubentonii,0.011,0.026,-1,Echolocation,/mnt/ubna_data_02_mir/recover-20221013/UBNA_001/20221012_030000.WAV,Telephone Field,recover-20221013,001,1795
749.4395,749.4785,68437,82066,Rhinolophus ferrumequinum,0.022,0.022,-1,Echolocation,/mnt/ubna_data_02_mir/recover-20221013/UBNA_001/20221012_030000.WAV,Telephone Field,recover-20221013,001,1795
749.4715,749.4792,29765,43189,Myotis daubentonii,0.011,0.024,-1,Echolocation,/mnt/ubna_data_02_mir/recover-20221013/UBNA_001/20221012_030000.WAV,Telephone Field,recover-20221013,001,1795
749.4725,749.5096,68437,82166,Rhinolophus ferrumequinum,0.023,0.023,-1,Echolocation,/mnt/ubna_data_02_mir/recover-20221013/UBNA_001/20221012_030000.WAV,Telephone Field,recover-20221013,001,1795
749.5165,749.5536,68437,81872,Rhinolophus ferrumequinum,0.03,0.03,-1,Echolocation,/mnt/ubna_data_02_mir/recover-20221013/UBNA_001/20221012_030000.WAV,Telephone Field,recover-20221013,001,1795
749.5245,749.5641,68437,82466,Rhinolophus ferrumequinum,0.028,0.028,-1,Echolocation,/mnt/ubna_data_02_mir/recover-20221013/UBNA_001/20221012_030000.WAV,Telephone Field,recover-20221013,001,1795
749.5635,749.6051,68437,82999,Rhinolophus ferrumequinum,0.026,0.026,-1,Echolocation,/mnt/ubna_data_02_mir/recover-20221013/UBNA_001/20221012_030000.WAV,Telephone Field,recover-20221013,001,1795
749.5755,749.5841,23750,31077,Plecotus austriacus,0.007,0.021,-1,Echolocation,/mnt/ubna_data_02_mir/recover-20221013/UBNA_001/20221012_030000.WAV,Telephone Field,recover-20221013,001,1795
749.5865,749.621,68437,81060,Rhinolophus ferrumequinum,0.021,0.021,-1,Echolocation,/mnt/ubna_data_02_mir/recover-20221013/UBNA_001/20221012_030000.WAV,Telephone Field,recover-20221013,001,1795
749.6085,749.6475,68437,81678,Rhinolophus ferrumequinum,0.023,0.023,-1,Echolocation,/mnt/ubna_data_02_mir/recover-20221013/UBNA_001/20221012_030000.WAV,Telephone Field,recover-20221013,001,1795
749.6545,749.6605,50390,55071,Pipistrellus pipistrellus,0.024,0.026,-1,Echolocation,/mnt/ubna_data_02_mir/recover-20221013/UBNA_001/20221012_030000.WAV,Telephone Field,recover-20221013,001,1795
749.6635,749.7037,68437,83177,Rhinolophus ferrumequinum,0.027,0.027,-1,Echolocation,/mnt/ubna_data_02_mir/recover-20221013/UBNA_001/20221012_030000.WAV,Telephone Field,recover-20221013,001,1795
749.6965,749.7335,68437,81858,Rhinolophus ferrumequinum,0.024,0.024,-1,Echolocation,/mnt/ubna_data_02_mir/recover-20221013/UBNA_001/20221012_030000.WAV,Telephone Field,recover-20221013,001,1795
749.7055,749.7443,68437,82412,Rhinolophus ferrumequinum,0.026,0.026,-1,Echolocation,/mnt/ubna_data_02_mir/recover-20221013/UBNA_001/20221012_030000.WAV,Telephone Field,recover-20221013,001,1795
749.7085,749.7189,24609,31174,Nyctalus leisleri,0.013,0.035,-1,Echolocation,/mnt/ubna_data_02_mir/recover-20221013/UBNA_001/20221012_030000.WAV,Telephone Field,recover-20221013,001,1795
749.7215,749.7295,25468,34765,Eptesicus serotinus,0.006,0.021,-1,Echolocation,/mnt/ubna_data_02_mir/recover-20221013/UBNA_001/20221012_030000.WAV,Telephone Field,recover-20221013,001,1795
749.7675,749.8086,68437,82463,Rhinolophus ferrumequinum,0.021,0.021,-1,Echolocation,/mnt/ubna_data_02_mir/recover-20221013/UBNA_001/20221012_030000.WAV,Telephone Field,recover-20221013,001,1795
749.7915,749.8332,68437,82355,Rhinolophus ferrumequinum,0.021,0.022,-1,Echolocation,/mnt/ubna_data_02_mir/recover-20221013/UBNA_001/20221012_030000.WAV,Telephone Field,recover-20221013,001,1795
749.7925,749.8009,27187,37083,Eptesicus serotinus,0.008,0.025,-1,Echolocation,/mnt/ubna_data_02_mir/recover-20221013/UBNA_001/20221012_030000.WAV,Telephone Field,recover-20221013,001,1795
749.7925,749.8017,22031,28477,Plecotus austriacus,0.008,0.022,-1,Echolocation,/mnt/ubna_data_02_mir/recover-20221013/UBNA_001/20221012_030000.WAV,Telephone Field,recover-20221013,001,1795
749.8155,749.8257,24609,32908,Nyctalus leisleri,0.007,0.025,-1,Echolocation,/mnt/ubna_data_02_mir/recover-20221013/UBNA_001/20221012_030000.WAV,Telephone Field,recover-20221013,001,1795
749.8245,749.8348,25468,32197,Eptesicus serotinus,0.009,0.022,-1,Echolocation,/mnt/ubna_data_02_mir/recover-20221013/UBNA_001/20221012_030000.WAV,Telephone Field,recover-20221013,001,1795
749.8315,749.8421,26328,33446,Eptesicus serotinus,0.01,0.021,-1,Echolocation,/mnt/ubna_data_02_mir/recover-20221013/UBNA_001/20221012_030000.WAV,Telephone Field,recover-20221013,001,1795
749.8635,749.8993,68437,81736,Rhinolophus ferrumequinum,0.021,0.021,-1,Echolocation,/mnt/ubna_data_02_mir/recover-20221013/UBNA_001/20221012_030000.WAV,Telephone Field,recover-20221013,001,1795
749.8885,749.9252,68437,81896,Rhinolophus ferrumequinum,0.021,0.021,-1,Echolocation,/mnt/ubna_data_02_mir/recover-20221013/UBNA_001/20221012_030000.WAV,Telephone Field,recover-20221013,001,1795
749.9165,749.9537,68437,81896,Rhinolophus ferrumequinum,0.022,0.022,-1,Echolocation,/mnt/ubna_data_02_mir/recover-20221013/UBNA_001/20221012_030000.WAV,Telephone Field,recover-20221013,001,1795
749.9255,749.9342,41796,50494,Pipistrellus nathusii,0.006,0.021,-1,Echolocation,/mnt/ubna_data_02_mir/recover-20221013/UBNA_001/20221012_030000.WAV,Telephone Field,recover-20221013,001,1795
749.9645,749.972,28046,37299,Eptesicus serotinus,0.007,0.024,-1,Echolocation,/mnt/ubna_data_02_mir/recover-20221013/UBNA_001/20221012_030000.WAV,Telephone Field,recover-20221013,001,1795
749.9695,749.9782,28046,36840,Eptesicus serotinus,0.008,0.023,-1,Echolocation,/mnt/ubna_data_02_mir/recover-20221013/UBNA_001/20221012_030000.WAV,Telephone Field,recover-20221013,001,1795
750.0015,750.0104,22890,28812,Nyctalus leisleri,0.011,0.027,-1,Echolocation,/mnt/ubna_data_02_mir/recover-20221013/UBNA_001/20221012_030000.WAV,Telephone Field,recover-20221013,001,1795
750.0015,750.0338,69296,80975,Rhinolophus ferrumequinum,0.034,0.034,-1,Echolocation,/mnt/ubna_data_02_mir/recover-20221013/UBNA_001/20221012_030000.WAV,Telephone Field,recover-20221013,001,1795
750.0135,750.0233,23750,30255,Eptesicus serotinus,0.007,0.022,-1,Echolocation,/mnt/ubna_data_02_mir/recover-20221013/UBNA_001/20221012_030000.WAV,Telephone Field,recover-20221013,001,1795
750.0635,750.1002,68437,81550,Rhinolophus ferrumequinum,0.02,0.02,-1,Echolocation,/mnt/ubna_data_02_mir/recover-20221013/UBNA_001/20221012_030000.WAV,Telephone Field,recover-20221013,001,1795
750.0925,750.1013,28046,40837,Eptesicus serotinus,0.008,0.022,-1,Echolocation,/mnt/ubna_data_02_mir/recover-20221013/UBNA_001/20221012_030000.WAV,Telephone Field,recover-20221013,001,1795
750.1055,750.1135,27187,40038,Eptesicus serotinus,0.009,0.026,-1,Echolocation,/mnt/ubna_data_02_mir/recover-20221013/UBNA_001/20221012_030000.WAV,Telephone Field,recover-20221013,001,1795
750.1565,750.1643,28046,41258,Eptesicus serotinus,0.007,0.021,-1,Echolocation,/mnt/ubna_data_02_mir/recover-20221013/UBNA_001/20221012_030000.WAV,Telephone Field,recover-20221013,001,1795
750.2015,750.2367,68437,81967,Rhinolophus ferrumequinum,0.02,0.02,-1,Echolocation,/mnt/ubna_data_02_mir/recover-20221013/UBNA_001/20221012_030000.WAV,Telephone Field,recover-20221013,001,1795
750.2135,750.2522,68437,81843,Rhinolophus ferrumequinum,0.022,0.022,-1,Echolocation,/mnt/ubna_data_02_mir/recover-20221013/UBNA_001/20221012_030000.WAV,Telephone Field,recover-20221013,001,1795
750.2485,750.2617,46953,50229,Pipistrellus pipistrellus,0.043,0.049,-1,Echolocation,/mnt/ubna_data_02_mir/recover-20221013/UBNA_001/20221012_030000.WAV,Telephone Field,recover-20221013,001,1795
750.2495,750.2895,68437,81414,Rhinolophus ferrumequinum,0.031,0.031,-1,Echolocation,/mnt/ubna_data_02_mir/recover-20221013/UBNA_001/20221012_030000.WAV,Telephone Field,recover-20221013,001,1795
750.2655,750.2742,28046,37544,Eptesicus serotinus,0.008,0.022,-1,Echolocation,/mnt/ubna_data_02_mir/recover-20221013/UBNA_001/20221012_030000.WAV,Telephone Field,recover-20221013,001,1795
750.2925,750.3286,68437,81018,Rhinolophus ferrumequinum,0.021,0.021,-1,Echolocation,/mnt/ubna_data_02_mir/recover-20221013/UBNA_001/20221012_030000.WAV,Telephone Field,recover-20221013,001,1795
750.3165,750.3564,68437,82348,Rhinolophus ferrumequinum,0.02,0.02,-1,Echolocation,/mnt/ubna_data_02_mir/recover-20221013/UBNA_001/20221012_030000.WAV,Telephone Field,recover-20221013,001,1795
750.3225,750.3607,68437,82281,Rhinolophus ferrumequinum,0.02,0.02,-1,Echolocation,/mnt/ubna_data_02_mir/recover-20221013/UBNA_001/20221012_030000.WAV,Telephone Field,recover-20221013,001,1795
750.3625,750.3718,28046,37335,Eptesicus serotinus,0.011,0.026,-1,Echolocation,/mnt/ubna_data_02_mir/recover-20221013/UBNA_001/20221012_030000.WAV,Telephone Field,recover-20221013,001,1795
750.4175,750.4323,22890,27304,Nyctalus leisleri,0.016,0.029,-1,Echolocation,/mnt/ubna_data_02_mir/recover-20221013/UBNA_001/20221012_030000.WAV,Telephone Field,recover-20221013,001,1795
750.4255,750.4644,68437,82545,Rhinolophus ferrumequinum,0.021,0.021,-1,Echolocation,/mnt/ubna_data_02_mir/recover-20221013/UBNA_001/20221012_030000.WAV,Telephone Field,recover-20221013,001,1795
750.4635,750.4768,43515,47157,Pipistrellus pipistrellus,0.033,0.042,-1,Echolocation,/mnt/ubna_data_02_mir/recover-20221013/UBNA_001/20221012_030000.WAV,Telephone Field,recover-20221013,001,1795
750.4675,750.5085,68437,82202,Rhinolophus ferrumequinum,0.024,0.024,-1,Echolocation,/mnt/ubna_data_02_mir/recover-20221013/UBNA_001/20221012_030000.WAV,Telephone Field,recover-20221013,001,1795
750.4735,750.5146,68437,82964,Rhinolophus ferrumequinum,0.025,0.025,-1,Echolocation,/mnt/ubna_data_02_mir/recover-20221013/UBNA_001/20221012_030000.WAV,Telephone Field,recover-20221013,001,1795
750.4805,750.5211,68437,82866,Rhinolophus ferrumequinum,0.024,0.024,-1,Echolocation,/mnt/ubna_data_02_mir/recover-20221013/UBNA_001/20221012_030000.WAV,Telephone Field,recover-20221013,001,1795
750.4995,750.5129,36640,41148,Pipistrellus nathusii,0.012,0.021,-1,Echolocation,/mnt/ubna_data_02_mir/recover-20221013/UBNA_001/20221012_030000.WAV,Telephone Field,recover-20221013,001,1795
750.5205,750.5576,68437,81616,Rhinolophus ferrumequinum,0.021,0.021,-1,Echolocation,/mnt/ubna_data_02_mir/recover-20221013/UBNA_001/20221012_030000.WAV,Telephone Field,recover-20221013,001,1795
750.5325,750.5724,68437,81969,Rhinolophus ferrumequinum,0.021,0.021,-1,Echolocation,/mnt/ubna_data_02_mir/recover-20221013/UBNA_001/20221012_030000.WAV,Telephone Field,recover-20221013,001,1795
750.5385,750.5464,28046,40626,Eptesicus serotinus,0.007,0.02,-1,Echolocation,/mnt/ubna_data_02_mir/recover-20221013/UBNA_001/20221012_030000.WAV,Telephone Field,recover-20221013,001,1795
750.5905,750.6298,68437,82237,Rhinolophus ferrumequinum,0.023,0.023,-1,Echolocation,/mnt/ubna_data_02_mir/recover-20221013/UBNA_001/20221012_030000.WAV,Telephone Field,recover-20221013,001,1795
750.5905,750.6003,29765,38029,Eptesicus serotinus,0.023,0.044,-1,Echolocation,/mnt/ubna_data_02_mir/recover-20221013/UBNA_001/20221012_030000.WAV,Telephone Field,recover-20221013,001,1795
750.6235,750.6312,45234,51033,Pipistrellus pipistrellus,0.019,0.021,-1,Echolocation,/mnt/ubna_data_02_mir/recover-20221013/UBNA_001/20221012_030000.WAV,Telephone Field,recover-20221013,001,1795
750.6345,750.6435,23750,31529,Plecotus austriacus,0.009,0.026,-1,Echolocation,/mnt/ubna_data_02_mir/recover-20221013/UBNA_001/20221012_030000.WAV,Telephone Field,recover-20221013,001,1795
750.6435,750.6852,68437,82093,Rhinolophus ferrumequinum,0.04,0.04,-1,Echolocation,/mnt/ubna_data_02_mir/recover-20221013/UBNA_001/20221012_030000.WAV,Telephone Field,recover-20221013,001,1795
750.6745,750.7205,68437,83358,Rhinolophus ferrumequinum,0.03,0.03,-1,Echolocation,/mnt/ubna_data_02_mir/recover-20221013/UBNA_001/20221012_030000.WAV,Telephone Field,recover-20221013,001,1795
750.7315,750.7393,46093,56870,Pipistrellus pipistrellus,0.021,0.035,-1,Echolocation,/mnt/ubna_data_02_mir/recover-20221013/UBNA_001/20221012_030000.WAV,Telephone Field,recover-20221013,001,1795
750.7395,750.7815,68437,83005,Rhinolophus ferrumequinum,0.025,0.025,-1,Echolocation,/mnt/ubna_data_02_mir/recover-20221013/UBNA_001/20221012_030000.WAV,Telephone Field,recover-20221013,001,1795
750.7465,750.7556,26328,34266,Eptesicus serotinus,0.009,0.022,-1,Echolocation,/mnt/ubna_data_02_mir/recover-20221013/UBNA_001/20221012_030000.WAV,Telephone Field,recover-20221013,001,1795
750.7605,750.7977,68437,81618,Rhinolophus ferrumequinum,0.028,0.028,-1,Echolocation,/mnt/ubna_data_02_mir/recover-20221013/UBNA_001/20221012_030000.WAV,Telephone Field,recover-20221013,001,1795
750.7715,750.7823,22031,26808,Nyctalus leisleri,0.012,0.024,-1,Echolocation,/mnt/ubna_data_02_mir/recover-20221013/UBNA_001/20221012_030000.WAV,Telephone Field,recover-20221013,001,1795
750.7855,750.8262,68437,82089,Rhinolophus ferrumequinum,0.022,0.022,-1,Echolocation,/mnt/ubna_data_02_mir/recover-20221013/UBNA_001/20221012_030000.WAV,Telephone Field,recover-20221013,001,1795
750.8155,750.8238,25468,34027,Eptesicus serotinus,0.011,0.031,-1,Echolocation,/mnt/ubna_data_02_mir/recover-20221013/UBNA_001/20221012_030000.WAV,Telephone Field,recover-20221013,001,1795
750.8405,750.8484,26328,35245,Eptesicus serotinus,0.007,0.021,-1,Echolocation,/mnt/ubna_data_02_mir/recover-20221013/UBNA_001/20221012_030000.WAV,Telephone Field,recover-20221013,001,1795
750.8485,750.8906,68437,83250,Rhinolophus ferrumequinum,0.04,0.04,-1,Echolocation,/mnt/ubna_data_02_mir/recover-20221013/UBNA_001/20221012_030000.WAV,Telephone Field,recover-20221013,001,1795
750.8695,750.9109,68437,82607,Rhinolophus ferrumequinum,0.024,0.024,-1,Echolocation,/mnt/ubna_data_02_mir/recover-20221013/UBNA_001/20221012_030000.WAV,Telephone Field,recover-20221013,001,1795
750.8845,750.9231,68437,81938,Rhinolophus ferrumequinum,0.022,0.022,-1,Echolocation,/mnt/ubna_data_02_mir/recover-20221013/UBNA_001/20221012_030000.WAV,Telephone Field,recover-20221013,001,1795
750.9135,750.9313,20312,23974,Nyctalus leisleri,0.012,0.023,-1,Echolocation,/mnt/ubna_data_02_mir/recover-20221013/UBNA_001/20221012_030000.WAV,Telephone Field,recover-20221013,001,1795
750.9535,750.9618,25468,35163,Eptesicus serotinus,0.007,0.021,-1,Echolocation,/mnt/ubna_data_02_mir/recover-20221013/UBNA_001/20221012_030000.WAV,Telephone Field,recover-20221013,001,1795
750.9675,751.0054,68437,81677,Rhinolophus ferrumequinum,0.022,0.022,-1,Echolocation,/mnt/ubna_data_02_mir/recover-20221013/UBNA_001/20221012_030000.WAV,Telephone Field,recover-20221013,001,1795
750.9885,750.9951,42656,47158,Pipistrellus pipistrellus,0.033,0.038,-1,Echolocation,/mnt/ubna_data_02_mir/recover-20221013/UBNA_001/20221012_030000.WAV,Telephone Field,recover-20221013,001,1795
750.9925,751.0014,28046,37853,Eptesicus serotinus,0.008,0.021,-1,Echolocation,/mnt/ubna_data_02_mir/recover-20221013/UBNA_001/20221012_030000.WAV,Telephone Field,recover-20221013,001,1795
750.9985,751.0347,68437,81404,Rhinolophus ferrumequinum,0.022,0.022,-1,Echolocation,/mnt/ubna_data_02_mir/recover-20221013/UBNA_001/20221012_030000.WAV,Telephone Field,recover-20221013,001,1795
751.0175,751.0246,28046,39249,Eptesicus serotinus,0.007,0.025,-1,Echolocation,/mnt/ubna_data_02_mir/recover-20221013/UBNA_001/20221012_030000.WAV,Telephone Field,recover-20221013,001,1795
751.0195,751.0294,22031,27165,Nyctalus leisleri,0.01,0.022,-1,Echolocation,/mnt/ubna_data_02_mir/recover-20221013/UBNA_001/20221012_030000.WAV,Telephone Field,recover-20221013,001,1795
751.0365,751.0745,68437,82920,Rhinolophus ferrumequinum,0.026,0.026,-1,Echolocation,/mnt/ubna_data_02_mir/recover-20221013/UBNA_001/20221012_030000.WAV,Telephone Field,recover-20221013,001,1795
751.0445,751.0535,24609,32100,Eptesicus serotinus,0.007,0.021,-1,Echolocation,/mnt/ubna_data_02_mir/recover-20221013/UBNA_001/20221012_030000.WAV,Telephone Field,recover-20221013,001,1795
751.0615,751.1017,68437,82161,Rhinolophus ferrumequinum,0.023,0.023,-1,Echolocation,/mnt/ubna_data_02_mir/recover-20221013/UBNA_001/20221012_030000.WAV,Telephone Field,recover-20221013,001,1795
751.0715,751.1083,68437,82277,Rhinolophus ferrumequinum,0.023,0.023,-1,Echolocation,/mnt/ubna_data_02_mir/recover-20221013/UBNA_001/20221012_030000.WAV,Telephone Field,recover-20221013,001,1795
751.0985,751.1067,28046,41449,Eptesicus serotinus,0.009,0.023,-1,Echolocation,/mnt/ubna_data_02_mir/recover-20221013/UBNA_001/20221012_030000.WAV,Telephone Field,recover-20221013,001,1795
751.1665,751.2037,68437,81909,Rhinolophus ferrumequinum,0.02,0.02,-1,Echolocation,/mnt/ubna_data_02_mir/recover-20221013/UBNA_001/20221012_030000.WAV,Telephone Field,recover-20221013,001,1795
751.2525,751.2887,68437,81713,Rhinolophus ferrumequinum,0.02,0.02,-1,Echolocation,/mnt/ubna_data_02_mir/recover-20221013/UBNA_001/20221012_030000.WAV,Telephone Field,recover-20221013,001,1795
751.2635,751.3023,68437,81601,Rhinolophus ferrumequinum,0.023,0.023,-1,Echolocation,/mnt/ubna_data_02_mir/recover-20221013/UBNA_001/20221012_030000.WAV,Telephone Field,recover-20221013,001,1795
751.2725,751.3094,68437,81946,Rhinolophus ferrumequinum,0.02,0.02,-1,Echolocation,/mnt/ubna_data_02_mir/recover-20221013/UBNA_001/20221012_030000.WAV,Telephone Field,recover-20221013,001,1795
751.2915,751.3297,68437,82141,Rhinolophus ferrumequinum,0.022,0.022,-1,Echolocation,/mnt/ubna_data_02_mir/recover-20221013/UBNA_001/20221012_030000.WAV,Telephone Field,recover-20221013,001,1795
751.3195,751.3622,68437,82774,Rhinolophus ferrumequinum,0.042,0.042,-1,Echolocation,/mnt/ubna_data_02_mir/recover-20221013/UBNA_001/20221012_030000.WAV,Telephone Field,recover-20221013,001,1795
751.3225,751.3321,22890,28991,Nyctalus leisleri,0.008,0.02,-1,Echolocation,/mnt/ubna_data_02_mir/recover-20221013/UBNA_001/20221012_030000.WAV,Telephone Field,recover-20221013,001,1795
751.3385,751.3437,35781,46632,Myotis daubentonii,0.009,0.029,-1,Echolocation,/mnt/ubna_data_02_mir/recover-20221013/UBNA_001/20221012_030000.WAV,Telephone Field,recover-20221013,001,1795
751.3395,751.3459,28046,44210,Eptesicus serotinus,0.006,0.025,-1,Echolocation,/mnt/ubna_data_02_mir/recover-20221013/UBNA_001/20221012_030000.WAV,Telephone Field,recover-20221013,001,1795
751.3515,751.3924,68437,82499,Rhinolophus ferrumequinum,0.023,0.023,-1,Echolocation,/mnt/ubna_data_02_mir/recover-20221013/UBNA_001/20221012_030000.WAV,Telephone Field,recover-20221013,001,1795
751.3845,751.4253,68437,82493,Rhinolophus ferrumequinum,0.02,0.02,-1,Echolocation,/mnt/ubna_data_02_mir/recover-20221013/UBNA_001/20221012_030000.WAV,Telephone Field,recover-20221013,001,1795
751.3935,751.4025,47812,51073,Pipistrellus pipistrellus,0.041,0.044,-1,Echolocation,/mnt/ubna_data_02_mir/recover-20221013/UBNA_001/20221012_030000.WAV,Telephone Field,recover-20221013,001,1795
751.4005,751.4386,68437,81973,Rhinolophus ferrumequinum,0.032,0.032,-1,Echolocation,/mnt/ubna_data_02_mir/recover-20221013/UBNA_001/20221012_030000.WAV,Telephone Field,recover-20221013,001,1795
751.4085,751.4508,68437,83348,Rhinolophus ferrumequinum,0.033,0.033,-1,Echolocation,/mnt/ubna_data_02_mir/recover-20221013/UBNA_001/20221012_030000.WAV,Telephone Field,recover-20221013,001,1795
751.4555,751.466,28046,36235,Eptesicus serotinus,0.011,0.024,-1,Echolocation,/mnt/ubna_data_02_mir/recover-20221013/UBNA_001/20221012_030000.WAV,Telephone Field,recover-20221013,001,1795
751.4755,751.4858,29765,37742,Eptesicus serotinus,0.011,0.024,-1,Echolocation,/mnt/ubna_data_02_mir/recover-20221013/UBNA_001/20221012_030000.WAV,Telephone Field,recover-20221013,001,1795
751.4875,751.4981,22890,28011,Nyctalus leisleri,0.011,0.024,-1,Echolocation,/mnt/ubna_data_02_mir/recover-20221013/UBNA_001/20221012_030000.WAV,Telephone Field,recover-20221013,001,1795
751.5035,751.5131,44375,48174,Pipistrellus pipistrellus,0.019,0.021,-1,Echolocation,/mnt/ubna_data_02_mir/recover-20221013/UBNA_001/20221012_030000.WAV,Telephone Field,recover-20221013,001,1795
751.5165,751.5276,23750,29685,Nyctalus leisleri,0.011,0.029,-1,Echolocation,/mnt/ubna_data_02_mir/recover-20221013/UBNA_001/20221012_030000.WAV,Telephone Field,recover-20221013,001,1795
751.5255,751.5642,68437,81568,Rhinolophus ferrumequinum,0.022,0.022,-1,Echolocation,/mnt/ubna_data_02_mir/recover-20221013/UBNA_001/20221012_030000.WAV,Telephone Field,recover-20221013,001,1795
751.5445,751.5556,27187,35712,Eptesicus serotinus,0.014,0.026,-1,Echolocation,/mnt/ubna_data_02_mir/recover-20221013/UBNA_001/20221012_030000.WAV,Telephone Field,recover-20221013,001,1795
751.5495,751.5896,68437,82484,Rhinolophus ferrumequinum,0.022,0.022,-1,Echolocation,/mnt/ubna_data_02_mir/recover-20221013/UBNA_001/20221012_030000.WAV,Telephone Field,recover-20221013,001,1795
751.5765,751.6146,68437,81685,Rhinolophus ferrumequinum,0.021,0.021,-1,Echolocation,/mnt/ubna_data_02_mir/recover-20221013/UBNA_001/20221012_030000.WAV,Telephone Field,recover-20221013,001,1795
751.5895,751.6263,68437,81292,Rhinolophus ferrumequinum,0.022,0.022,-1,Echolocation,/mnt/ubna_data_02_mir/recover-20221013/UBNA_001/20221012_030000.WAV,Telephone Field,recover-20221013,001,1795
751.5965,751.6082,25468,31007,Eptesicus serotinus,0.01,0.023,-1,Echolocation,/mnt/ubna_data_02_mir/recover-20221013/UBNA_001/20221012_030000.WAV,Telephone Field,recover-20221013,001,1795
751.6155,751.656,68437,82545,Rhinolophus ferrumequinum,0.024,0.024,-1,Echolocation,/mnt/ubna_data_02_mir/recover-20221013/UBNA_001/20221012_030000.WAV,Telephone Field,recover-20221013,001,1795
751.6765,751.7156,68437,82448,Rhinolophus ferrumequinum,0.022,0.022,-1,Echolocation,/mnt/ubna_data_02_mir/recover-20221013/UBNA_001/20221012_030000.WAV,Telephone Field,recover-20221013,001,1795
751.7155,751.7238,26328,38079,Eptesicus serotinus,0.007,0.021,-1,Echolocation,/mnt/ubna_data_02_mir/recover-20221013/UBNA_001/20221012_030000.WAV,Telephone Field,recover-20221013,001,1795
751.7205,751.7615,68437,82085,Rhinolophus ferrumequinum,0.031,0.031,-1,Echolocation,/mnt/ubna_data_02_mir/recover-20221013/UBNA_001/20221012_030000.WAV,Telephone Field,recover-20221013,001,1795
751.7395,751.7789,68437,81493,Rhinolophus ferrumequinum,0.022,0.022,-1,Echolocation,/mnt/ubna_data_02_mir/recover-20221013/UBNA_001/20221012_030000.WAV,Telephone Field,recover-20221013,001,1795
751.7525,751.7925,68437,82396,Rhinolophus ferrumequinum,0.021,0.021,-1,Echolocation,/mnt/ubna_data_02_mir/recover-20221013/UBNA_001/20221012_030000.WAV,Telephone Field,recover-20221013,001,1795
751.7765,751.8087,68437,79338,Rhinolophus ferrumequinum,0.024,0.025,-1,Echolocation,/mnt/ubna_data_02_mir/recover-20221013/UBNA_001/20221012_030000.WAV,Telephone Field,recover-20221013,001,1795
751.7815,751.8122,68437,79071,Rhinolophus ferrumequinum,0.021,0.021,-1,Echolocation,/mnt/ubna_data_02_mir/recover-20221013/UBNA_001/20221012_030000.WAV,Telephone Field,recover-20221013,001,1795
751.7995,751.8361,68437,81747,Rhinolophus ferrumequinum,0.027,0.027,-1,Echolocation,/mnt/ubna_data_02_mir/recover-20221013/UBNA_001/20221012_030000.WAV,Telephone Field,recover-20221013,001,1795
751.8395,751.8796,68437,82484,Rhinolophus ferrumequinum,0.024,0.024,-1,Echolocation,/mnt/ubna_data_02_mir/recover-20221013/UBNA_001/20221012_030000.WAV,Telephone Field,recover-20221013,001,1795
751.8925,751.9315,68437,82051,Rhinolophus ferrumequinum,0.025,0.025,-1,Echolocation,/mnt/ubna_data_02_mir/recover-20221013/UBNA_001/20221012_030000.WAV,Telephone Field,recover-20221013,001,1795
751.9315,751.9391,27187,38932,Eptesicus serotinus,0.007,0.021,-1,Echolocation,/mnt/ubna_data_02_mir/recover-20221013/UBNA_001/20221012_030000.WAV,Telephone Field,recover-20221013,001,1795
751.9405,751.9779,68437,81469,Rhinolophus ferrumequinum,0.024,0.024,-1,Echolocation,/mnt/ubna_data_02_mir/recover-20221013/UBNA_001/20221012_030000.WAV,Telephone Field,recover-20221013,001,1795
752.0015,752.0097,23750,30799,Nyctalus leisleri,0.013,0.036,-1,Echolocation,/mnt/ubna_data_02_mir/recover-20221013/UBNA_001/20221012_030000.WAV,Telephone Field,recover-20221013,001,1795
752.0015,752.0325,68437,80135,Rhinolophus ferrumequinum,0.024,0.024,-1,Echolocation,/mnt/ubna_data_02_mir/recover-20221013/UBNA_001/20221012_030000.WAV,Telephone Field,recover-20221013,001,1795
752.0285,752.0389,22890,28425,Nyctalus leisleri,0.01,0.022,-1,Echolocation,/mnt/ubna_data_02_mir/recover-20221013/UBNA_001/20221012_030000.WAV,Telephone Field,recover-20221013,001,1795
752.0465,752.0844,68437,82092,Rhinolophus ferrumequinum,0.022,0.022,-1,Echolocation,/mnt/ubna_data_02_mir/recover-20221013/UBNA_001/20221012_030000.WAV,Telephone Field,recover-20221013,001,1795
752.1175,752.1532,68437,81864,Rhinolophus ferrumequinum,0.022,0.022,-1,Echolocation,/mnt/ubna_data_02_mir/recover-20221013/UBNA_001/20221012_030000.WAV,Telephone Field,recover-20221013,001,1795
752.1455,752.1559,28046,36950,Eptesicus serotinus,0.012,0.025,-1,Echolocation,/mnt/ubna_data_02_mir/recover-20221013/UBNA_001/20221012_030000.WAV,Telephone Field,recover-20221013,001,1795
752.2095,752.2488,68437,82562,Rhinolophus ferrumequinum,0.023,0.023,-1,Echolocation,/mnt/ubna_data_02_mir/recover-20221013/UBNA_001/20221012_030000.WAV,Telephone Field,recover-20221013,001,1795
752.2395,752.2511,27187,34503,Eptesicus serotinus,0.013,0.026,-1,Echolocation,/mnt/ubna_data_02_mir/recover-20221013/UBNA_001/20221012_030000.WAV,Telephone Field,recover-20221013,001,1795
752.3195,752.328,28046,39917,Eptesicus serotinus,0.008,0.022,-1,Echolocation,/mnt/ubna_data_02_mir/recover-20221013/UBNA_001/20221012_030000.WAV,Telephone Field,recover-20221013,001,1795
752.3425,752.3808,68437,81510,Rhinolophus ferrumequinum,0.024,0.024,-1,Echolocation,/mnt/ubna_data_02_mir/recover-20221013/UBNA_001/20221012_030000.WAV,Telephone Field,recover-20221013,001,1795
752.3595,752.3969,68437,81564,Rhinolophus ferrumequinum,0.022,0.022,-1,Echolocation,/mnt/ubna_data_02_mir/recover-20221013/UBNA_001/20221012_030000.WAV,Telephone Field,recover-20221013,001,1795
752.3675,752.4054,68437,82324,Rhinolophus ferrumequinum,0.026,0.026,-1,Echolocation,/mnt/ubna_data_02_mir/recover-20221013/UBNA_001/20221012_030000.WAV,Telephone Field,recover-20221013,001,1795
752.3825,752.3895,28046,38585,Eptesicus serotinus,0.006,0.021,-1,Echolocation,/mnt/ubna_data_02_mir/recover-20221013/UBNA_001/20221012_030000.WAV,Telephone Field,recover-20221013,001,1795
752.3885,752.3993,22890,27632,Nyctalus leisleri,0.012,0.023,-1,Echolocation,/mnt/ubna_data_02_mir/recover-20221013/UBNA_001/20221012_030000.WAV,Telephone Field,recover-20221013,001,1795
752.3925,752.4325,68437,82948,Rhinolophus ferrumequinum,0.021,0.021,-1,Echolocation,/mnt/ubna_data_02_mir/recover-20221013/UBNA_001/20221012_030000.WAV,Telephone Field,recover-20221013,001,1795
752.4075,752.4499,68437,82689,Rhinolophus ferrumequinum,0.027,0.027,-1,Echolocation,/mnt/ubna_data_02_mir/recover-20221013/UBNA_001/20221012_030000.WAV,Telephone Field,recover-20221013,001,1795
752.4305,752.47,68437,82469,Rhinolophus ferrumequinum,0.022,0.022,-1,Echolocation,/mnt/ubna_data_02_mir/recover-20221013/UBNA_001/20221012_030000.WAV,Telephone Field,recover-20221013,001,1795
752.4535,752.4655,23750,29293,Nyctalus leisleri,0.012,0.025,-1,Echolocation,/mnt/ubna_data_02_mir/recover-20221013/UBNA_001/20221012_030000.WAV,Telephone Field,recover-20221013,001,1795
752.4625,752.4734,23750,29750,Nyctalus leisleri,0.009,0.022,-1,Echolocation,/mnt/ubna_data_02_mir/recover-20221013/UBNA_001/20221012_030000.WAV,Telephone Field,recover-20221013,001,1795
752.4835,752.497,43515,47625,Pipistrellus pipistrellus,0.023,0.031,-1,Echolocation,/mnt/ubna_data_02_mir/recover-20221013/UBNA_001/20221012_030000.WAV,Telephone Field,recover-20221013,001,1795
752.5015,752.5414,68437,82678,Rhinolophus ferrumequinum,0.033,0.033,-1,Echolocation,/mnt/ubna_data_02_mir/recover-20221013/UBNA_001/20221012_030000.WAV,Telephone Field,recover-20221013,001,1795
752.5535,752.592,68437,82429,Rhinolophus ferrumequinum,0.024,0.024,-1,Echolocation,/mnt/ubna_data_02_mir/recover-20221013/UBNA_001/20221012_030000.WAV,Telephone Field,recover-20221013,001,1795
752.5635,752.5715,27187,36184,Eptesicus serotinus,0.008,0.022,-1,Echolocation,/mnt/ubna_data_02_mir/recover-20221013/UBNA_001/20221012_030000.WAV,Telephone Field,recover-20221013,001,1795
752.5635,752.5998,68437,81542,Rhinolophus ferrumequinum,0.022,0.022,-1,Echolocation,/mnt/ubna_data_02_mir/recover-20221013/UBNA_001/20221012_030000.WAV,Telephone Field,recover-20221013,001,1795
752.5915,752.6316,68437,82314,Rhinolophus ferrumequinum,0.035,0.035,-1,Echolocation,/mnt/ubna_data_02_mir/recover-20221013/UBNA_001/20221012_030000.WAV,Telephone Field,recover-20221013,001,1795
752.5925,752.5991,27187,39865,Eptesicus serotinus,0.006,0.026,-1,Echolocation,/mnt/ubna_data_02_mir/recover-20221013/UBNA_001/20221012_030000.WAV,Telephone Field,recover-20221013,001,1795
752.6065,752.6137,28046,38219,Eptesicus serotinus,0.007,0.023,-1,Echolocation,/mnt/ubna_data_02_mir/recover-20221013/UBNA_001/20221012_030000.WAV,Telephone Field,recover-20221013,001,1795
752.6165,752.6566,68437,82651,Rhinolophus ferrumequinum,0.026,0.026,-1,Echolocation,/mnt/ubna_data_02_mir/recover-20221013/UBNA_001/20221012_030000.WAV,Telephone Field,recover-20221013,001,1795
752.6245,752.6636,68437,82427,Rhinolophus ferrumequinum,0.023,0.023,-1,Echolocation,/mnt/ubna_data_02_mir/recover-20221013/UBNA_001/20221012_030000.WAV,Telephone Field,recover-20221013,001,1795
752.6335,752.6408,28046,43630,Eptesicus serotinus,0.008,0.024,-1,Echolocation,/mnt/ubna_data_02_mir/recover-20221013/UBNA_001/20221012_030000.WAV,Telephone Field,recover-20221013,001,1795
752.6955,752.7338,68437,82356,Rhinolophus ferrumequinum,0.022,0.022,-1,Echolocation,/mnt/ubna_data_02_mir/recover-20221013/UBNA_001/20221012_030000.WAV,Telephone Field,recover-20221013,001,1795
752.6985,752.7098,23750,29432,Nyctalus leisleri,0.012,0.028,-1,Echolocation,/mnt/ubna_data_02_mir/recover-20221013/UBNA_001/20221012_030000.WAV,Telephone Field,recover-20221013,001,1795
752.7295,752.7398,28046,36983,Eptesicus serotinus,0.009,0.021,-1,Echolocation,/mnt/ubna_data_02_mir/recover-20221013/UBNA_001/20221012_030000.WAV,Telephone Field,recover-20221013,001,1795
752.7305,752.7712,68437,82713,Rhinolophus ferrumequinum,0.025,0.025,-1,Echolocation,/mnt/ubna_data_02_mir/recover-20221013/UBNA_001/20221012_030000.WAV,Telephone Field,recover-20221013,001,1795
752.7365,752.7473,23750,29376,Nyctalus leisleri,0.01,0.023,-1,Echolocation,/mnt/ubna_data_02_mir/recover-20221013/UBNA_001/20221012_030000.WAV,Telephone Field,recover-20221013,001,1795
752.7515,752.7601,28046,41807,Eptesicus serotinus,0.009,0.024,-1,Echolocation,/mnt/ubna_data_02_mir/recover-20221013/UBNA_001/20221012_030000.WAV,Telephone Field,recover-20221013,001,1795
752.7515,752.7875,68437,81680,Rhinolophus ferrumequinum,0.022,0.022,-1,Echolocation,/mnt/ubna_data_02_mir/recover-20221013/UBNA_001/20221012_030000.WAV,Telephone Field,recover-20221013,001,1795
752.7645,752.8061,68437,82796,Rhinolophus ferrumequinum,0.023,0.023,-1,Echolocation,/mnt/ubna_data_02_mir/recover-20221013/UBNA_001/20221012_030000.WAV,Telephone Field,recover-20221013,001,1795
752.8395,752.8765,68437,82055,Rhinolophus ferrumequinum,0.022,0.022,-1,Echolocation,/mnt/ubna_data_02_mir/recover-20221013/UBNA_001/20221012_030000.WAV,Telephone Field,recover-20221013,001,1795
752.8555,752.8629,28046,41728,Eptesicus serotinus,0.007,0.022,-1,Echolocation,/mnt/ubna_data_02_mir/recover-20221013/UBNA_001/20221012_030000.WAV,Telephone Field,recover-20221013,001,1795
752.8675,752.8773,44375,50150,Pipistrellus pipistrellus,0.02,0.022,-1,Echolocation,/mnt/ubna_data_02_mir/recover-20221013/UBNA_001/20221012_030000.WAV,Telephone Field,recover-20221013,001,1795
752.8825,752.8934,28046,36039,Eptesicus serotinus,0.013,0.024,-1,Echolocation,/mnt/ubna_data_02_mir/recover-20221013/UBNA_001/20221012_030000.WAV,Telephone Field,recover-20221013,001,1795
752.8995,752.9396,68437,82651,Rhinolophus ferrumequinum,0.025,0.026,-1,Echolocation,/mnt/ubna_data_02_mir/recover-20221013/UBNA_001/20221012_030000.WAV,Telephone Field,recover-20221013,001,1795
752.9475,752.9875,68437,82754,Rhinolophus ferrumequinum,0.023,0.023,-1,Echolocation,/mnt/ubna_data_02_mir/recover-20221013/UBNA_001/20221012_030000.WAV,Telephone Field,recover-20221013,001,1795
752.9665,753.0072,68437,82357,Rhinolophus ferrumequinum,0.022,0.022,-1,Echolocation,/mnt/ubna_data_02_mir/recover-20221013/UBNA_001/20221012_030000.WAV,Telephone Field,recover-20221013,001,1795
752.9865,753.0254,68437,81866,Rhinolophus ferrumequinum,0.022,0.022,-1,Echolocation,/mnt/ubna_data_02_mir/recover-20221013/UBNA_001/20221012_030000.WAV,Telephone Field,recover-20221013,001,1795
753.0155,753.0543,68437,81846,Rhinolophus ferrumequinum,0.021,0.021,-1,Echolocation,/mnt/ubna_data_02_mir/recover-20221013/UBNA_001/20221012_030000.WAV,Telephone Field,recover-20221013,001,1795
753.0385,753.0816,68437,82718,Rhinolophus ferrumequinum,0.028,0.028,-1,Echolocation,/mnt/ubna_data_02_mir/recover-20221013/UBNA_001/20221012_030000.WAV,Telephone Field,recover-20221013,001,1795
753.0955,753.1323,68437,81851,Rhinolophus ferrumequinum,0.021,0.021,-1,Echolocation,/mnt/ubna_data_02_mir/recover-20221013/UBNA_001/20221012_030000.WAV,Telephone Field,recover-20221013,001,1795
753.1085,753.1151,24609,34437,Plecotus austriacus,0.007,0.023,-1,Echolocation,/mnt/ubna_data_02_mir/recover-20221013/UBNA_001/20221012_030000.WAV,Telephone Field,recover-20221013,001,1795
753.1235,753.1613,68437,82166,Rhinolophus ferrumequinum,0.025,0.026,-1,Echolocation,/mnt/ubna_data_02_mir/recover-20221013/UBNA_001/20221012_030000.WAV,Telephone Field,recover-20221013,001,1795
753.1895,753.2292,68437,82377,Rhinolophus ferrumequinum,0.023,0.023,-1,Echolocation,/mnt/ubna_data_02_mir/recover-20221013/UBNA_001/20221012_030000.WAV,Telephone Field,recover-20221013,001,1795
753.1975,753.2367,68437,81882,Rhinolophus ferrumequinum,0.022,0.022,-1,Echolocation,/mnt/ubna_data_02_mir/recover-20221013/UBNA_001/20221012_030000.WAV,Telephone Field,recover-20221013,001,1795
753.2065,753.2154,28046,38580,Eptesicus serotinus,0.009,0.023,-1,Echolocation,/mnt/ubna_data_02_mir/recover-20221013/UBNA_001/20221012_030000.WAV,Telephone Field,recover-20221013,001,1795
753.2105,753.2483,68437,81989,Rhinolophus ferrumequinum,0.024,0.024,-1,Echolocation,/mnt/ubna_data_02_mir/recover-20221013/UBNA_001/20221012_030000.WAV,Telephone Field,recover-20221013,001,1795
753.2195,753.2579,68437,82440,Rhinolophus ferrumequinum,0.024,0.024,-1,Echolocation,/mnt/ubna_data_02_mir/recover-20221013/UBNA_001/20221012_030000.WAV,Telephone Field,recover-20221013,001,1795
753.2425,753.2539,27187,33099,Eptesicus serotinus,0.012,0.024,-1,Echolocation,/mnt/ubna_data_02_mir/recover-20221013/UBNA_001/20221012_030000.WAV,Telephone Field,recover-20221013,001,1795
753.2755,753.3159,68437,82589,Rhinolophus ferrumequinum,0.028,0.028,-1,Echolocation,/mnt/ubna_data_02_mir/recover-20221013/UBNA_001/20221012_030000.WAV,Telephone Field,recover-20221013,001,1795
753.2995,753.3389,68437,82777,Rhinolophus ferrumequinum,0.023,0.023,-1,Echolocation,/mnt/ubna_data_02_mir/recover-20221013/UBNA_001/20221012_030000.WAV,Telephone Field,recover-20221013,001,1795
753.3175,753.3239,58984,64153,Pipistrellus pygmaeus,0.022,0.022,-1,Echolocation,/mnt/ubna_data_02_mir/recover-20221013/UBNA_001/20221012_030000.WAV,Telephone Field,recover-20221013,001,1795
753.3405,753.3796,68437,82318,Rhinolophus ferrumequinum,0.025,0.025,-1,Echolocation,/mnt/ubna_data_02_mir/recover-20221013/UBNA_001/20221012_030000.WAV,Telephone Field,recover-20221013,001,1795
753.3515,753.3881,68437,82314,Rhinolophus ferrumequinum,0.022,0.022,-1,Echolocation,/mnt/ubna_data_02_mir/recover-20221013/UBNA_001/20221012_030000.WAV,Telephone Field,recover-20221013,001,1795
753.3605,753.3696,28046,37403,Eptesicus serotinus,0.007,0.021,-1,Echolocation,/mnt/ubna_data_02_mir/recover-20221013/UBNA_001/20221012_030000.WAV,Telephone Field,recover-20221013,001,1795
753.3705,753.3792,31484,40763,Myotis daubentonii,0.009,0.021,-1,Echolocation,/mnt/ubna_data_02_mir/recover-20221013/UBNA_001/20221012_030000.WAV,Telephone Field,recover-20221013,001,1795
753.3855,753.4252,68437,82184,Rhinolophus ferrumequinum,0.029,0.029,-1,Echolocation,/mnt/ubna_data_02_mir/recover-20221013/UBNA_001/20221012_030000.WAV,Telephone Field,recover-20221013,001,1795
753.3885,753.3991,23750,30007,Nyctalus leisleri,0.01,0.023,-1,Echolocation,/mnt/ubna_data_02_mir/recover-20221013/UBNA_001/20221012_030000.WAV,Telephone Field,recover-20221013,001,1795
753.4235,753.4614,68437,82245,Rhinolophus ferrumequinum,0.022,0.022,-1,Echolocation,/mnt/ubna_data_02_mir/recover-20221013/UBNA_001/20221012_030000.WAV,Telephone Field,recover-20221013,001,1795
753.4655,753.5068,68437,82826,Rhinolophus ferrumequinum,0.035,0.035,-1,Echolocation,/mnt/ubna_data_02_mir/recover-20221013/UBNA_001/20221012_030000.WAV,Telephone Field,recover-20221013,001,1795
753.4675,753.4755,28906,37846,Eptesicus serotinus,0.008,0.023,-1,Echolocation,/mnt/ubna_data_02_mir/recover-20221013/UBNA_001/20221012_030000.WAV,Telephone Field,recover-20221013,001,1795
753.4675,753.4756,23750,31947,Plecotus austriacus,0.008,0.022,-1,Echolocation,/mnt/ubna_data_02_mir/recover-20221013/UBNA_001/20221012_030000.WAV,Telephone Field,recover-20221013,001,1795
753.5115,753.5547,68437,83098,Rhinolophus ferrumequinum,0.028,0.028,-1,Echolocation,/mnt/ubna_data_02_mir/recover-20221013/UBNA_001/20221012_030000.WAV,Telephone Field,recover-20221013,001,1795
753.5485,753.5592,22890,28596,Nyctalus leisleri,0.011,0.026,-1,Echolocation,/mnt/ubna_data_02_mir/recover-20221013/UBNA_001/20221012_030000.WAV,Telephone Field,recover-20221013,001,1795
753.5535,753.5934,68437,82199,Rhinolophus ferrumequinum,0.022,0.022,-1,Echolocation,/mnt/ubna_data_02_mir/recover-20221013/UBNA_001/20221012_030000.WAV,Telephone Field,recover-20221013,001,1795
753.5835,753.6221,68437,82335,Rhinolophus ferrumequinum,0.023,0.023,-1,Echolocation,/mnt/ubna_data_02_mir/recover-20221013/UBNA_001/20221012_030000.WAV,Telephone Field,recover-20221013,001,1795
753.6075,753.6178,23750,29940,Nyctalus leisleri,0.008,0.021,-1,Echolocation,/mnt/ubna_data_02_mir/recover-20221013/UBNA_001/20221012_030000.WAV,Telephone Field,recover-20221013,001,1795
753.6175,753.6288,25468,31180,Eptesicus serotinus,0.008,0.022,-1,Echolocation,/mnt/ubna_data_02_mir/recover-20221013/UBNA_001/20221012_030000.WAV,Telephone Field,recover-20221013,001,1795
753.6195,753.6312,44375,47727,Pipistrellus pipistrellus,0.028,0.032,-1,Echolocation,/mnt/ubna_data_02_mir/recover-20221013/UBNA_001/20221012_030000.WAV,Telephone Field,recover-20221013,001,1795
753.6225,753.632,28906,36835,Eptesicus serotinus,0.009,0.023,-1,Echolocation,/mnt/ubna_data_02_mir/recover-20221013/UBNA_001/20221012_030000.WAV,Telephone Field,recover-20221013,001,1795
753.6365,753.6739,68437,82632,Rhinolophus ferrumequinum,0.022,0.022,-1,Echolocation,/mnt/ubna_data_02_mir/recover-20221013/UBNA_001/20221012_030000.WAV,Telephone Field,recover-20221013,001,1795
753.6445,753.6553,24609,31032,Eptesicus serotinus,0.01,0.026,-1,Echolocation,/mnt/ubna_data_02_mir/recover-20221013/UBNA_001/20221012_030000.WAV,Telephone Field,recover-20221013,001,1795
753.6695,753.6807,28906,36093,Eptesicus serotinus,0.012,0.026,-1,Echolocation,/mnt/ubna_data_02_mir/recover-20221013/UBNA_001/20221012_030000.WAV,Telephone Field,recover-20221013,001,1795
753.6985,753.7367,68437,81777,Rhinolophus ferrumequinum,0.021,0.021,-1,Echolocation,/mnt/ubna_data_02_mir/recover-20221013/UBNA_001/20221012_030000.WAV,Telephone Field,recover-20221013,001,1795
753.7045,753.7425,68437,81696,Rhinolophus ferrumequinum,0.021,0.021,-1,Echolocation,/mnt/ubna_data_02_mir/recover-20221013/UBNA_001/20221012_030000.WAV,Telephone Field,recover-20221013,001,1795
753.7345,753.7711,68437,81813,Rhinolophus ferrumequinum,0.022,0.022,-1,Echolocation,/mnt/ubna_data_02_mir/recover-20221013/UBNA_001/20221012_030000.WAV,Telephone Field,recover-20221013,001,1795
753.7545,753.7939,68437,82324,Rhinolophus ferrumequinum,0.027,0.027,-1,Echolocation,/mnt/ubna_data_02_mir/recover-20221013/UBNA_001/20221012_030000.WAV,Telephone Field,recover-20221013,001,1795
753.7645,753.7726,25468,33934,Eptesicus serotinus,0.008,0.025,-1,Echolocation,/mnt/ubna_data_02_mir/recover-20221013/UBNA_001/20221012_030000.WAV,Telephone Field,recover-20221013,001,1795
753.7905,753.8013,22890,28125,Nyctalus leisleri,0.01,0.022,-1,Echolocation,/mnt/ubna_data_02_mir/recover-20221013/UBNA_001/20221012_030000.WAV,Telephone Field,recover-20221013,001,1795
753.8065,753.8462,68437,82756,Rhinolophus ferrumequinum,0.026,0.026,-1,Echolocation,/mnt/ubna_data_02_mir/recover-20221013/UBNA_001/20221012_030000.WAV,Telephone Field,recover-20221013,001,1795
753.8145,753.8237,28906,38492,Eptesicus serotinus,0.009,0.023,-1,Echolocation,/mnt/ubna_data_02_mir/recover-20221013/UBNA_001/20221012_030000.WAV,Telephone Field,recover-20221013,001,1795
753.8525,753.8913,68437,82322,Rhinolophus ferrumequinum,0.024,0.024,-1,Echolocation,/mnt/ubna_data_02_mir/recover-20221013/UBNA_001/20221012_030000.WAV,Telephone Field,recover-20221013,001,1795
753.8955,753.9349,68437,82758,Rhinolophus ferrumequinum,0.022,0.022,-1,Echolocation,/mnt/ubna_data_02_mir/recover-20221013/UBNA_001/20221012_030000.WAV,Telephone Field,recover-20221013,001,1795
753.9155,753.9244,24609,32505,Eptesicus serotinus,0.007,0.023,-1,Echolocation,/mnt/ubna_data_02_mir/recover-20221013/UBNA_001/20221012_030000.WAV,Telephone Field,recover-20221013,001,1795
753.9265,753.9599,68437,79596,Rhinolophus ferrumequinum,0.04,0.04,-1,Echolocation,/mnt/ubna_data_02_mir/recover-20221013/UBNA_001/20221012_030000.WAV,Telephone Field,recover-20221013,001,1795
753.9815,753.9898,28906,37413,Eptesicus serotinus,0.008,0.025,-1,Echolocation,/mnt/ubna_data_02_mir/recover-20221013/UBNA_001/20221012_030000.WAV,Telephone Field,recover-20221013,001,1795
754.0015,754.0101,24609,34273,Nyctalus leisleri,0.009,0.032,-1,Echolocation,/mnt/ubna_data_02_mir/recover-20221013/UBNA_001/20221012_030000.WAV,Telephone Field,recover-20221013,001,1795
754.0015,754.0292,69296,81839,Rhinolophus ferrumequinum,0.025,0.025,-1,Echolocation,/mnt/ubna_data_02_mir/recover-20221013/UBNA_001/20221012_030000.WAV,Telephone Field,recover-20221013,001,1795
754.0195,754.0609,68437,82866,Rhinolophus ferrumequinum,0.027,0.027,-1,Echolocation,/mnt/ubna_data_02_mir/recover-20221013/UBNA_001/20221012_030000.WAV,Telephone Field,recover-20221013,001,1795
754.1105,754.1478,68437,81900,Rhinolophus ferrumequinum,0.022,0.022,-1,Echolocation,/mnt/ubna_data_02_mir/recover-20221013/UBNA_001/20221012_030000.WAV,Telephone Field,recover-20221013,001,1795
754.1465,754.1554,47812,52570,Pipistrellus pipistrellus,0.028,0.03,-1,Echolocation,/mnt/ubna_data_02_mir/recover-20221013/UBNA_001/20221012_030000.WAV,Telephone Field,recover-20221013,001,1795
754.1905,754.2011,28906,36994,Eptesicus serotinus,0.01,0.022,-1,Echolocation,/mnt/ubna_data_02_mir/recover-20221013/UBNA_001/20221012_030000.WAV,Telephone Field,recover-20221013,001,1795
754.2595,754.3023,68437,83252,Rhinolophus ferrumequinum,0.037,0.037,-1,Echolocation,/mnt/ubna_data_02_mir/recover-20221013/UBNA_001/20221012_030000.WAV,Telephone Field,recover-20221013,001,1795
754.2855,754.2966,22890,28442,Nyctalus leisleri,0.01,0.023,-1,Echolocation,/mnt/ubna_data_02_mir/recover-20221013/UBNA_001/20221012_030000.WAV,Telephone Field,recover-20221013,001,1795
754.2955,754.3036,27187,44325,Eptesicus serotinus,0.008,0.022,-1,Echolocation,/mnt/ubna_data_02_mir/recover-20221013/UBNA_001/20221012_030000.WAV,Telephone Field,recover-20221013,001,1795
754.2965,754.3341,68437,81870,Rhinolophus ferrumequinum,0.028,0.028,-1,Echolocation,/mnt/ubna_data_02_mir/recover-20221013/UBNA_001/20221012_030000.WAV,Telephone Field,recover-20221013,001,1795
754.3345,754.3722,68437,81693,Rhinolophus ferrumequinum,0.021,0.021,-1,Echolocation,/mnt/ubna_data_02_mir/recover-20221013/UBNA_001/20221012_030000.WAV,Telephone Field,recover-20221013,001,1795
754.3915,754.402,26328,33804,Eptesicus serotinus,0.013,0.031,-1,Echolocation,/mnt/ubna_data_02_mir/recover-20221013/UBNA_001/20221012_030000.WAV,Telephone Field,recover-20221013,001,1795
754.4235,754.4669,68437,82862,Rhinolophus ferrumequinum,0.026,0.026,-1,Echolocation,/mnt/ubna_data_02_mir/recover-20221013/UBNA_001/20221012_030000.WAV,Telephone Field,recover-20221013,001,1795
754.4255,754.4359,27187,35056,Eptesicus serotinus,0.009,0.022,-1,Echolocation,/mnt/ubna_data_02_mir/recover-20221013/UBNA_001/20221012_030000.WAV,Telephone Field,recover-20221013,001,1795
754.5045,754.5447,68437,82432,Rhinolophus ferrumequinum,0.023,0.023,-1,Echolocation,/mnt/ubna_data_02_mir/recover-20221013/UBNA_001/20221012_030000.WAV,Telephone Field,recover-20221013,001,1795
754.5415,754.5841,68437,83124,Rhinolophus ferrumequinum,0.032,0.032,-1,Echolocation,/mnt/ubna_data_02_mir/recover-20221013/UBNA_001/20221012_030000.WAV,Telephone Field,recover-20221013,001,1795
754.5525,754.5636,56406,61007,Pipistrellus pygmaeus,0.026,0.027,-1,Echolocation,/mnt/ubna_data_02_mir/recover-20221013/UBNA_001/20221012_030000.WAV,Telephone Field,recover-20221013,001,1795
754.6395,754.6788,68437,82789,Rhinolophus ferrumequinum,0.027,0.027,-1,Echolocation,/mnt/ubna_data_02_mir/recover-20221013/UBNA_001/20221012_030000.WAV,Telephone Field,recover-20221013,001,1795
754.6415,754.65,23750,31658,Plecotus austriacus,0.006,0.022,-1,Echolocation,/mnt/ubna_data_02_mir/recover-20221013/UBNA_001/20221012_030000.WAV,Telephone Field,recover-20221013,001,1795
754.6955,754.7332,68437,81725,Rhinolophus ferrumequinum,0.022,0.022,-1,Echolocation,/mnt/ubna_data_02_mir/recover-20221013/UBNA_001/20221012_030000.WAV,Telephone Field,recover-20221013,001,1795
754.7105,754.7485,68437,82069,Rhinolophus ferrumequinum,0.021,0.021,-1,Echolocation,/mnt/ubna_data_02_mir/recover-20221013/UBNA_001/20221012_030000.WAV,Telephone Field,recover-20221013,001,1795
754.7165,754.7562,68437,82420,Rhinolophus ferrumequinum,0.021,0.021,-1,Echolocation,/mnt/ubna_data_02_mir/recover-20221013/UBNA_001/20221012_030000.WAV,Telephone Field,recover-20221013,001,1795
754.7225,754.7313,27187,37376,Eptesicus serotinus,0.008,0.022,-1,Echolocation,/mnt/ubna_data_02_mir/recover-20221013/UBNA_001/20221012_030000.WAV,Telephone Field,recover-20221013,001,1795
754.7335,754.7698,68437,82526,Rhinolophus ferrumequinum,0.023,0.023,-1,Echolocation,/mnt/ubna_data_02_mir/recover-20221013/UBNA_001/20221012_030000.WAV,Telephone Field,recover-20221013,001,1795
754.7795,754.818,68437,82775,Rhinolophus ferrumequinum,0.023,0.023,-1,Echolocation,/mnt/ubna_data_02_mir/recover-20221013/UBNA_001/20221012_030000.WAV,Telephone Field,recover-20221013,001,1795
754.8065,754.8446,68437,81787,Rhinolophus ferrumequinum,0.021,0.021,-1,Echolocation,/mnt/ubna_data_02_mir/recover-20221013/UBNA_001/20221012_030000.WAV,Telephone Field,recover-20221013,001,1795
754.8295,754.8664,68437,82482,Rhinolophus ferrumequinum,0.025,0.025,-1,Echolocation,/mnt/ubna_data_02_mir/recover-20221013/UBNA_001/20221012_030000.WAV,Telephone Field,recover-20221013,001,1795
754.8435,754.8512,28046,38898,Eptesicus serotinus,0.007,0.023,-1,Echolocation,/mnt/ubna_data_02_mir/recover-20221013/UBNA_001/20221012_030000.WAV,Telephone Field,recover-20221013,001,1795
754.8645,754.874,28046,37112,Eptesicus serotinus,0.011,0.024,-1,Echolocation,/mnt/ubna_data_02_mir/recover-20221013/UBNA_001/20221012_030000.WAV,Telephone Field,recover-20221013,001,1795
754.8905,754.9271,68437,82114,Rhinolophus ferrumequinum,0.022,0.022,-1,Echolocation,/mnt/ubna_data_02_mir/recover-20221013/UBNA_001/20221012_030000.WAV,Telephone Field,recover-20221013,001,1795
754.9315,754.972,68437,82396,Rhinolophus ferrumequinum,0.031,0.031,-1,Echolocation,/mnt/ubna_data_02_mir/recover-20221013/UBNA_001/20221012_030000.WAV,Telephone Field,recover-20221013,001,1795
754.9485,754.9831,68437,81604,Rhinolophus ferrumequinum,0.029,0.029,-1,Echolocation,/mnt/ubna_data_02_mir/recover-20221013/UBNA_001/20221012_030000.WAV,Telephone Field,recover-20221013,001,1795
754.9545,754.9641,14296,21977,Nyctalus noctula,0.01,0.029,-1,Echolocation,/mnt/ubna_data_02_mir/recover-20221013/UBNA_001/20221012_030000.WAV,Telephone Field,recover-20221013,001,1795
754.9565,754.9948,68437,82358,Rhinolophus ferrumequinum,0.022,0.022,-1,Echolocation,/mnt/ubna_data_02_mir/recover-20221013/UBNA_001/20221012_030000.WAV,Telephone Field,recover-20221013,001,1795
754.9805,754.9922,22031,27888,Nyctalus leisleri,0.011,0.031,-1,Echolocation,/mnt/ubna_data_02_mir/recover-20221013/UBNA_001/20221012_030000.WAV,Telephone Field,recover-20221013,001,1795
755.0045,755.0487,68437,83837,Rhinolophus ferrumequinum,0.027,0.027,-1,Echolocation,/mnt/ubna_data_02_mir/recover-20221013/UBNA_001/20221012_030000.WAV,Telephone Field,recover-20221013,001,1795
755.0115,755.0208,33203,40025,Barbastellus barbastellus,0.009,0.027,-1,Echolocation,/mnt/ubna_data_02_mir/recover-20221013/UBNA_001/20221012_030000.WAV,Telephone Field,recover-20221013,001,1795
755.0115,755.0206,27187,38647,Eptesicus serotinus,0.012,0.026,-1,Echolocation,/mnt/ubna_data_02_mir/recover-20221013/UBNA_001/20221012_030000.WAV,Telephone Field,recover-20221013,001,1795
755.0205,755.0291,21171,28283,Plecotus austriacus,0.012,0.025,-1,Echolocation,/mnt/ubna_data_02_mir/recover-20221013/UBNA_001/20221012_030000.WAV,Telephone Field,recover-20221013,001,1795
755.0535,755.091,68437,82097,Rhinolophus ferrumequinum,0.028,0.028,-1,Echolocation,/mnt/ubna_data_02_mir/recover-20221013/UBNA_001/20221012_030000.WAV,Telephone Field,recover-20221013,001,1795
755.0905,755.0996,28906,39039,Eptesicus serotinus,0.008,0.022,-1,Echolocation,/mnt/ubna_data_02_mir/recover-20221013/UBNA_001/20221012_030000.WAV,Telephone Field,recover-20221013,001,1795
755.1095,755.1473,68437,82034,Rhinolophus ferrumequinum,0.023,0.023,-1,Echolocation,/mnt/ubna_data_02_mir/recover-20221013/UBNA_001/20221012_030000.WAV,Telephone Field,recover-20221013,001,1795
755.1095,755.1202,26328,33946,Eptesicus serotinus,0.01,0.022,-1,Echolocation,/mnt/ubna_data_02_mir/recover-20221013/UBNA_001/20221012_030000.WAV,Telephone Field,recover-20221013,001,1795
755.2215,755.2284,27187,37105,Eptesicus serotinus,0.012,0.034,-1,Echolocation,/mnt/ubna_data_02_mir/recover-20221013/UBNA_001/20221012_030000.WAV,Telephone Field,recover-20221013,001,1795
755.2235,755.2618,68437,82617,Rhinolophus ferrumequinum,0.022,0.022,-1,Echolocation,/mnt/ubna_data_02_mir/recover-20221013/UBNA_001/20221012_030000.WAV,Telephone Field,recover-20221013,001,1795
755.2595,755.2991,68437,82726,Rhinolophus ferrumequinum,0.036,0.036,-1,Echolocation,/mnt/ubna_data_02_mir/recover-20221013/UBNA_001/20221012_030000.WAV,Telephone Field,recover-20221013,001,1795
755.2995,755.3371,68437,81894,Rhinolophus ferrumequinum,0.022,0.022,-1,Echolocation,/mnt/ubna_data_02_mir/recover-20221013/UBNA_001/20221012_030000.WAV,Telephone Field,recover-20221013,001,1795
755.3415,755.38,68437,81702,Rhinolophus ferrumequinum,0.022,0.022,-1,Echolocation,/mnt/ubna_data_02_mir/recover-20221013/UBNA_001/20221012_030000.WAV,Telephone Field,recover-20221013,001,1795
755.3465,755.3571,22031,27081,Nyctalus leisleri,0.013,0.029,-1,Echolocation,/mnt/ubna_data_02_mir/recover-20221013/UBNA_001/20221012_030000.WAV,Telephone Field,recover-20221013,001,1795
755.3685,755.3802,28046,35926,Eptesicus serotinus,0.017,0.032,-1,Echolocation,/mnt/ubna_data_02_mir/recover-20221013/UBNA_001/20221012_030000.WAV,Telephone Field,recover-20221013,001,1795
755.3715,755.4115,68437,82015,Rhinolophus ferrumequinum,0.023,0.023,-1,Echolocation,/mnt/ubna_data_02_mir/recover-20221013/UBNA_001/20221012_030000.WAV,Telephone Field,recover-20221013,001,1795
755.4215,755.4562,68437,81280,Rhinolophus ferrumequinum,0.025,0.025,-1,Echolocation,/mnt/ubna_data_02_mir/recover-20221013/UBNA_001/20221012_030000.WAV,Telephone Field,recover-20221013,001,1795
755.5025,755.5446,68437,83033,Rhinolophus ferrumequinum,0.032,0.032,-1,Echolocation,/mnt/ubna_data_02_mir/recover-20221013/UBNA_001/20221012_030000.WAV,Telephone Field,recover-20221013,001,1795
755.5065,755.5147,28046,39319,Eptesicus serotinus,0.01,0.028,-1,Echolocation,/mnt/ubna_data_02_mir/recover-20221013/UBNA_001/20221012_030000.WAV,Telephone Field,recover-20221013,001,1795
755.5175,755.5252,31484,41570,Myotis daubentonii,0.008,0.025,-1,Echolocation,/mnt/ubna_data_02_mir/recover-20221013/UBNA_001/20221012_030000.WAV,Telephone Field,recover-20221013,001,1795
755.5365,755.5461,22031,28235,Nyctalus leisleri,0.008,0.024,-1,Echolocation,/mnt/ubna_data_02_mir/recover-20221013/UBNA_001/20221012_030000.WAV,Telephone Field,recover-20221013,001,1795
755.5535,755.595,68437,82198,Rhinolophus ferrumequinum,0.023,0.023,-1,Echolocation,/mnt/ubna_data_02_mir/recover-20221013/UBNA_001/20221012_030000.WAV,Telephone Field,recover-20221013,001,1795
755.5555,755.5639,28046,38200,Eptesicus serotinus,0.008,0.024,-1,Echolocation,/mnt/ubna_data_02_mir/recover-20221013/UBNA_001/20221012_030000.WAV,Telephone Field,recover-20221013,001,1795
755.5655,755.6011,68437,82500,Rhinolophus ferrumequinum,0.022,0.022,-1,Echolocation,/mnt/ubna_data_02_mir/recover-20221013/UBNA_001/20221012_030000.WAV,Telephone Field,recover-20221013,001,1795
755.5675,755.5774,38359,44174,Pipistrellus nathusii,0.008,0.031,-1,Echolocation,/mnt/ubna_data_02_mir/recover-20221013/UBNA_001/20221012_030000.WAV,Telephone Field,recover-20221013,001,1795
755.5985,755.6073,22890,29724,Plecotus austriacus,0.007,0.021,-1,Echolocation,/mnt/ubna_data_02_mir/recover-20221013/UBNA_001/20221012_030000.WAV,Telephone Field,recover-20221013,001,1795
755.6005,755.6429,68437,82860,Rhinolophus ferrumequinum,0.035,0.035,-1,Echolocation,/mnt/ubna_data_02_mir/recover-20221013/UBNA_001/20221012_030000.WAV,Telephone Field,recover-20221013,001,1795
755.6545,755.6644,28906,37750,Eptesicus serotinus,0.011,0.024,-1,Echolocation,/mnt/ubna_data_02_mir/recover-20221013/UBNA_001/20221012_030000.WAV,Telephone Field,recover-20221013,001,1795
755.6625,755.6703,28046,38343,Eptesicus serotinus,0.008,0.022,-1,Echolocation,/mnt/ubna_data_02_mir/recover-20221013/UBNA_001/20221012_030000.WAV,Telephone Field,recover-20221013,001,1795
755.7075,755.7494,68437,82931,Rhinolophus ferrumequinum,0.027,0.027,-1,Echolocation,/mnt/ubna_data_02_mir/recover-20221013/UBNA_001/20221012_030000.WAV,Telephone Field,recover-20221013,001,1795
755.7145,755.7228,23750,31845,Plecotus austriacus,0.009,0.023,-1,Echolocation,/mnt/ubna_data_02_mir/recover-20221013/UBNA_001/20221012_030000.WAV,Telephone Field,recover-20221013,001,1795
755.7315,755.74,26328,39921,Eptesicus serotinus,0.009,0.024,-1,Echolocation,/mnt/ubna_data_02_mir/recover-20221013/UBNA_001/20221012_030000.WAV,Telephone Field,recover-20221013,001,1795
755.7345,755.7414,34062,44419,Myotis daubentonii,0.011,0.026,-1,Echolocation,/mnt/ubna_data_02_mir/recover-20221013/UBNA_001/20221012_030000.WAV,Telephone Field,recover-20221013,001,1795
755.7825,755.7918,26328,34537,Eptesicus serotinus,0.013,0.026,-1,Echolocation,/mnt/ubna_data_02_mir/recover-20221013/UBNA_001/20221012_030000.WAV,Telephone Field,recover-20221013,001,1795
755.7845,755.825,68437,82772,Rhinolophus ferrumequinum,0.023,0.023,-1,Echolocation,/mnt/ubna_data_02_mir/recover-20221013/UBNA_001/20221012_030000.WAV,Telephone Field,recover-20221013,001,1795
755.8635,755.9028,68437,82279,Rhinolophus ferrumequinum,0.023,0.023,-1,Echolocation,/mnt/ubna_data_02_mir/recover-20221013/UBNA_001/20221012_030000.WAV,Telephone Field,recover-20221013,001,1795
755.8735,755.8929,20312,23530,Nyctalus leisleri,0.013,0.027,-1,Echolocation,/mnt/ubna_data_02_mir/recover-20221013/UBNA_001/20221012_030000.WAV,Telephone Field,recover-20221013,001,1795
755.9395,755.9763,68437,81359,Rhinolophus ferrumequinum,0.023,0.023,-1,Echolocation,/mnt/ubna_data_02_mir/recover-20221013/UBNA_001/20221012_030000.WAV,Telephone Field,recover-20221013,001,1795
755.9565,755.9679,28046,34136,Eptesicus serotinus,0.013,0.026,-1,Echolocation,/mnt/ubna_data_02_mir/recover-20221013/UBNA_001/20221012_030000.WAV,Telephone Field,recover-20221013,001,1795
755.9585,755.9957,68437,81840,Rhinolophus ferrumequinum,0.021,0.021,-1,Echolocation,/mnt/ubna_data_02_mir/recover-20221013/UBNA_001/20221012_030000.WAV,Telephone Field,recover-20221013,001,1795
756.0015,756.012,47812,52883,Pipistrellus pipistrellus,0.022,0.031,-1,Echolocation,/mnt/ubna_data_02_mir/recover-20221013/UBNA_001/20221012_030000.WAV,Telephone Field,recover-20221013,001,1795
756.0015,756.034,68437,80858,Rhinolophus ferrumequinum,0.028,0.028,-1,Echolocation,/mnt/ubna_data_02_mir/recover-20221013/UBNA_001/20221012_030000.WAV,Telephone Field,recover-20221013,001,1795
756.0015,756.0109,24609,31387,Nyctalus leisleri,0.013,0.034,-1,Echolocation,/mnt/ubna_data_02_mir/recover-20221013/UBNA_001/20221012_030000.WAV,Telephone Field,recover-20221013,001,1795
756.0315,756.0706,68437,82347,Rhinolophus ferrumequinum,0.022,0.022,-1,Echolocation,/mnt/ubna_data_02_mir/recover-20221013/UBNA_001/20221012_030000.WAV,Telephone Field,recover-20221013,001,1795
756.0715,756.1086,68437,82296,Rhinolophus ferrumequinum,0.024,0.024,-1,Echolocation,/mnt/ubna_data_02_mir/recover-20221013/UBNA_001/20221012_030000.WAV,Telephone Field,recover-20221013,001,1795
756.0965,756.1352,68437,81945,Rhinolophus ferrumequinum,0.024,0.024,-1,Echolocation,/mnt/ubna_data_02_mir/recover-20221013/UBNA_001/20221012_030000.WAV,Telephone Field,recover-20221013,001,1795
756.1255,756.1632,68437,81588,Rhinolophus ferrumequinum,0.022,0.022,-1,Echolocation,/mnt/ubna_data_02_mir/recover-20221013/UBNA_001/20221012_030000.WAV,Telephone Field,recover-20221013,001,1795
756.1585,756.1652,51250,58502,Pipistrellus pipistrellus,0.016,0.021,-1,Echolocation,/mnt/ubna_data_02_mir/recover-20221013/UBNA_001/20221012_030000.WAV,Telephone Field,recover-20221013,001,1795
756.1645,756.2059,68437,82661,Rhinolophus ferrumequinum,0.023,0.023,-1,Echolocation,/mnt/ubna_data_02_mir/recover-20221013/UBNA_001/20221012_030000.WAV,Telephone Field,recover-20221013,001,1795
756.1705,756.2113,68437,82513,Rhinolophus ferrumequinum,0.024,0.024,-1,Echolocation,/mnt/ubna_data_02_mir/recover-20221013/UBNA_001/20221012_030000.WAV,Telephone Field,recover-20221013,001,1795
756.1875,756.2253,68437,81131,Rhinolophus ferrumequinum,0.021,0.021,-1,Echolocation,/mnt/ubna_data_02_mir/recover-20221013/UBNA_001/20221012_030000.WAV,Telephone Field,recover-20221013,001,1795
756.1945,756.2023,28046,41498,Eptesicus serotinus,0.009,0.026,-1,Echolocation,/mnt/ubna_data_02_mir/recover-20221013/UBNA_001/20221012_030000.WAV,Telephone Field,recover-20221013,001,1795
756.2015,756.2427,68437,83033,Rhinolophus ferrumequinum,0.032,0.032,-1,Echolocation,/mnt/ubna_data_02_mir/recover-20221013/UBNA_001/20221012_030000.WAV,Telephone Field,recover-20221013,001,1795
756.2035,756.2125,27187,36546,Eptesicus serotinus,0.008,0.022,-1,Echolocation,/mnt/ubna_data_02_mir/recover-20221013/UBNA_001/20221012_030000.WAV,Telephone Field,recover-20221013,001,1795
756.2105,756.2186,22890,31385,Plecotus austriacus,0.011,0.024,-1,Echolocation,/mnt/ubna_data_02_mir/recover-20221013/UBNA_001/20221012_030000.WAV,Telephone Field,recover-20221013,001,1795
756.2275,756.267,68437,82340,Rhinolophus ferrumequinum,0.025,0.025,-1,Echolocation,/mnt/ubna_data_02_mir/recover-20221013/UBNA_001/20221012_030000.WAV,Telephone Field,recover-20221013,001,1795
756.2385,756.2772,68437,82395,Rhinolophus ferrumequinum,0.025,0.025,-1,Echolocation,/mnt/ubna_data_02_mir/recover-20221013/UBNA_001/20221012_030000.WAV,Telephone Field,recover-20221013,001,1795
756.2555,756.2948,68437,82913,Rhinolophus ferrumequinum,0.022,0.022,-1,Echolocation,/mnt/ubna_data_02_mir/recover-20221013/UBNA_001/20221012_030000.WAV,Telephone Field,recover-20221013,001,1795
756.2995,756.3351,68437,81848,Rhinolophus ferrumequinum,0.022,0.022,-1,Echolocation,/mnt/ubna_data_02_mir/recover-20221013/UBNA_001/20221012_030000.WAV,Telephone Field,recover-20221013,001,1795
756.3235,756.3659,68437,83626,Rhinolophus ferrumequinum,0.047,0.047,-1,Echolocation,/mnt/ubna_data_02_mir/recover-20221013/UBNA_001/20221012_030000.WAV,Telephone Field,recover-20221013,001,1795
756.3465,756.3845,68437,81699,Rhinolophus ferrumequinum,0.021,0.021,-1,Echolocation,/mnt/ubna_data_02_mir/recover-20221013/UBNA_001/20221012_030000.WAV,Telephone Field,recover-20221013,001,1795
756.3905,756.4296,68437,82123,Rhinolophus ferrumequinum,0.022,0.022,-1,Echolocation,/mnt/ubna_data_02_mir/recover-20221013/UBNA_001/20221012_030000.WAV,Telephone Field,recover-20221013,001,1795
756.4055,756.4144,50390,55286,Pipistrellus pipistrellus,0.033,0.037,-1,Echolocation,/mnt/ubna_data_02_mir/recover-20221013/UBNA_001/20221012_030000.WAV,Telephone Field,recover-20221013,001,1795
756.4435,756.4838,68437,82021,Rhinolophus ferrumequinum,0.022,0.022,-1,Echolocation,/mnt/ubna_data_02_mir/recover-20221013/UBNA_001/20221012_030000.WAV,Telephone Field,recover-20221013,001,1795
756.4465,756.4588,22031,25970,Nyctalus leisleri,0.013,0.022,-1,Echolocation,/mnt/ubna_data_02_mir/recover-20221013/UBNA_001/20221012_030000.WAV,Telephone Field,recover-20221013,001,1795
756.4975,756.5038,28046,43211,Eptesicus serotinus,0.005,0.024,-1,Echolocation,/mnt/ubna_data_02_mir/recover-20221013/UBNA_001/20221012_030000.WAV,Telephone Field,recover-20221013,001,1795
756.5045,756.5438,68437,82240,Rhinolophus ferrumequinum,0.032,0.032,-1,Echolocation,/mnt/ubna_data_02_mir/recover-20221013/UBNA_001/20221012_030000.WAV,Telephone Field,recover-20221013,001,1795
756.5855,756.5935,28046,41153,Eptesicus serotinus,0.007,0.021,-1,Echolocation,/mnt/ubna_data_02_mir/recover-20221013/UBNA_001/20221012_030000.WAV,Telephone Field,recover-20221013,001,1795
756.6025,756.6138,44375,46563,Pipistrellus pipistrellus,0.028,0.031,-1,Echolocation,/mnt/ubna_data_02_mir/recover-20221013/UBNA_001/20221012_030000.WAV,Telephone Field,recover-20221013,001,1795
756.6775,756.7151,68437,82110,Rhinolophus ferrumequinum,0.025,0.025,-1,Echolocation,/mnt/ubna_data_02_mir/recover-20221013/UBNA_001/20221012_030000.WAV,Telephone Field,recover-20221013,001,1795
756.6835,756.7235,68437,82450,Rhinolophus ferrumequinum,0.026,0.026,-1,Echolocation,/mnt/ubna_data_02_mir/recover-20221013/UBNA_001/20221012_030000.WAV,Telephone Field,recover-20221013,001,1795
756.6995,756.7403,68437,82470,Rhinolophus ferrumequinum,0.036,0.036,-1,Echolocation,/mnt/ubna_data_02_mir/recover-20221013/UBNA_001/20221012_030000.WAV,Telephone Field,recover-20221013,001,1795
756.7355,756.7433,26328,36081,Eptesicus serotinus,0.008,0.027,-1,Echolocation,/mnt/ubna_data_02_mir/recover-20221013/UBNA_001/20221012_030000.WAV,Telephone Field,recover-20221013,001,1795
756.7435,756.7798,68437,81053,Rhinolophus ferrumequinum,0.022,0.022,-1,Echolocation,/mnt/ubna_data_02_mir/recover-20221013/UBNA_001/20221012_030000.WAV,Telephone Field,recover-20221013,001,1795
756.7595,756.7697000000001,28906,38676,Eptesicus serotinus,0.012,0.026,-1,Echolocation,/mnt/ubna_data_02_mir/recover-20221013/UBNA_001/20221012_030000.WAV,Telephone Field,recover-20221013,001,1795
756.7635,756.8032,68437,82144,Rhinolophus ferrumequinum,0.024,0.024,-1,Echolocation,/mnt/ubna_data_02_mir/recover-20221013/UBNA_001/20221012_030000.WAV,Telephone Field,recover-20221013,001,1795
756.7975,756.808,22890,28250,Nyctalus leisleri,0.01,0.023,-1,Echolocation,/mnt/ubna_data_02_mir/recover-20221013/UBNA_001/20221012_030000.WAV,Telephone Field,recover-20221013,001,1795
756.8525,756.8914,68437,82573,Rhinolophus ferrumequinum,0.029,0.029,-1,Echolocation,/mnt/ubna_data_02_mir/recover-20221013/UBNA_001/20221012_030000.WAV,Telephone Field,recover-20221013,001,1795
756.8725,756.8823,24609,31849,Nyctalus leisleri,0.009,0.026,-1,Echolocation,/mnt/ubna_data_02_mir/recover-20221013/UBNA_001/20221012_030000.WAV,Telephone Field,recover-20221013,001,1795
756.9255,756.9631,68437,81824,Rhinolophus ferrumequinum,0.023,0.023,-1,Echolocation,/mnt/ubna_data_02_mir/recover-20221013/UBNA_001/20221012_030000.WAV,Telephone Field,recover-20221013,001,1795
756.9795,757.015,68437,81666,Rhinolophus ferrumequinum,0.021,0.021,-1,Echolocation,/mnt/ubna_data_02_mir/recover-20221013/UBNA_001/20221012_030000.WAV,Telephone Field,recover-20221013,001,1795
757.0055,757.0424,68437,81851,Rhinolophus ferrumequinum,0.022,0.022,-1,Echolocation,/mnt/ubna_data_02_mir/recover-20221013/UBNA_001/20221012_030000.WAV,Telephone Field,recover-20221013,001,1795
757.0235,757.06,68437,82099,Rhinolophus ferrumequinum,0.021,0.021,-1,Echolocation,/mnt/ubna_data_02_mir/recover-20221013/UBNA_001/20221012_030000.WAV,Telephone Field,recover-20221013,001,1795
757.0395,757.0488,28046,37467,Eptesicus serotinus,0.012,0.026,-1,Echolocation,/mnt/ubna_data_02_mir/recover-20221013/UBNA_001/20221012_030000.WAV,Telephone Field,recover-20221013,001,1795
757.0485,757.0863,68437,82145,Rhinolophus ferrumequinum,0.023,0.023,-1,Echolocation,/mnt/ubna_data_02_mir/recover-20221013/UBNA_001/20221012_030000.WAV,Telephone Field,recover-20221013,001,1795
757.0575,757.0954,68437,82077,Rhinolophus ferrumequinum,0.021,0.021,-1,Echolocation,/mnt/ubna_data_02_mir/recover-20221013/UBNA_001/20221012_030000.WAV,Telephone Field,recover-20221013,001,1795
757.0755,757.1146,68437,82223,Rhinolophus ferrumequinum,0.027,0.027,-1,Echolocation,/mnt/ubna_data_02_mir/recover-20221013/UBNA_001/20221012_030000.WAV,Telephone Field,recover-20221013,001,1795
757.1305,757.142,22890,27577,Nyctalus leisleri,0.01,0.022,-1,Echolocation,/mnt/ubna_data_02_mir/recover-20221013/UBNA_001/20221012_030000.WAV,Telephone Field,recover-20221013,001,1795
757.1365,757.179,68437,82974,Rhinolophus ferrumequinum,0.023,0.023,-1,Echolocation,/mnt/ubna_data_02_mir/recover-20221013/UBNA_001/20221012_030000.WAV,Telephone Field,recover-20221013,001,1795
757.1405,757.1487,28906,41571,Eptesicus serotinus,0.007,0.021,-1,Echolocation,/mnt/ubna_data_02_mir/recover-20221013/UBNA_001/20221012_030000.WAV,Telephone Field,recover-20221013,001,1795
757.1825,757.1893,47812,52256,Pipistrellus pipistrellus,0.033,0.035,-1,Echolocation,/mnt/ubna_data_02_mir/recover-20221013/UBNA_001/20221012_030000.WAV,Telephone Field,recover-20221013,001,1795
757.1845,757.1928,28906,39423,Eptesicus serotinus,0.008,0.024,-1,Echolocation,/mnt/ubna_data_02_mir/recover-20221013/UBNA_001/20221012_030000.WAV,Telephone Field,recover-20221013,001,1795
757.1875,757.2237,68437,81415,Rhinolophus ferrumequinum,0.022,0.022,-1,Echolocation,/mnt/ubna_data_02_mir/recover-20221013/UBNA_001/20221012_030000.WAV,Telephone Field,recover-20221013,001,1795
757.2275,757.2362,27187,36553,Eptesicus serotinus,0.008,0.022,-1,Echolocation,/mnt/ubna_data_02_mir/recover-20221013/UBNA_001/20221012_030000.WAV,Telephone Field,recover-20221013,001,1795
757.2385,757.2486,28046,36095,Eptesicus serotinus,0.009,0.023,-1,Echolocation,/mnt/ubna_data_02_mir/recover-20221013/UBNA_001/20221012_030000.WAV,Telephone Field,recover-20221013,001,1795
757.2435,757.2532,22890,29832,Nyctalus leisleri,0.007,0.021,-1,Echolocation,/mnt/ubna_data_02_mir/recover-20221013/UBNA_001/20221012_030000.WAV,Telephone Field,recover-20221013,001,1795
757.2465,757.2534,28046,38906,Eptesicus serotinus,0.006,0.022,-1,Echolocation,/mnt/ubna_data_02_mir/recover-20221013/UBNA_001/20221012_030000.WAV,Telephone Field,recover-20221013,001,1795
757.2485,757.2864,68437,81428,Rhinolophus ferrumequinum,0.022,0.022,-1,Echolocation,/mnt/ubna_data_02_mir/recover-20221013/UBNA_001/20221012_030000.WAV,Telephone Field,recover-20221013,001,1795
757.2565,757.2952,68437,82331,Rhinolophus ferrumequinum,0.023,0.023,-1,Echolocation,/mnt/ubna_data_02_mir/recover-20221013/UBNA_001/20221012_030000.WAV,Telephone Field,recover-20221013,001,1795
757.3125,757.3208,25468,34229,Eptesicus serotinus,0.007,0.022,-1,Echolocation,/mnt/ubna_data_02_mir/recover-20221013/UBNA_001/20221012_030000.WAV,Telephone Field,recover-20221013,001,1795
757.3345,757.3772,68437,83235,Rhinolophus ferrumequinum,0.034,0.034,-1,Echolocation,/mnt/ubna_data_02_mir/recover-20221013/UBNA_001/20221012_030000.WAV,Telephone Field,recover-20221013,001,1795
757.3855,757.4223,68437,81875,Rhinolophus ferrumequinum,0.024,0.024,-1,Echolocation,/mnt/ubna_data_02_mir/recover-20221013/UBNA_001/20221012_030000.WAV,Telephone Field,recover-20221013,001,1795
757.3945,757.4343,68437,83066,Rhinolophus ferrumequinum,0.026,0.027,-1,Echolocation,/mnt/ubna_data_02_mir/recover-20221013/UBNA_001/20221012_030000.WAV,Telephone Field,recover-20221013,001,1795
757.3955,757.404,28046,39159,Eptesicus serotinus,0.008,0.021,-1,Echolocation,/mnt/ubna_data_02_mir/recover-20221013/UBNA_001/20221012_030000.WAV,Telephone Field,recover-20221013,001,1795
757.4195,757.4586,68437,82640,Rhinolophus ferrumequinum,0.023,0.023,-1,Echolocation,/mnt/ubna_data_02_mir/recover-20221013/UBNA_001/20221012_030000.WAV,Telephone Field,recover-20221013,001,1795
757.4385,757.4727,68437,80959,Rhinolophus ferrumequinum,0.022,0.022,-1,Echolocation,/mnt/ubna_data_02_mir/recover-20221013/UBNA_001/20221012_030000.WAV,Telephone Field,recover-20221013,001,1795
757.4455,757.4823,68437,81681,Rhinolophus ferrumequinum,0.024,0.024,-1,Echolocation,/mnt/ubna_data_02_mir/recover-20221013/UBNA_001/20221012_030000.WAV,Telephone Field,recover-20221013,001,1795
757.4755,757.5117,68437,81860,Rhinolophus ferrumequinum,0.021,0.022,-1,Echolocation,/mnt/ubna_data_02_mir/recover-20221013/UBNA_001/20221012_030000.WAV,Telephone Field,recover-20221013,001,1795
757.4825,757.5171,68437,81487,Rhinolophus ferrumequinum,0.021,0.021,-1,Echolocation,/mnt/ubna_data_02_mir/recover-20221013/UBNA_001/20221012_030000.WAV,Telephone Field,recover-20221013,001,1795
757.5375,757.5767,68437,82696,Rhinolophus ferrumequinum,0.029,0.029,-1,Echolocation,/mnt/ubna_data_02_mir/recover-20221013/UBNA_001/20221012_030000.WAV,Telephone Field,recover-20221013,001,1795
757.5635,757.6045,68437,83053,Rhinolophus ferrumequinum,0.023,0.023,-1,Echolocation,/mnt/ubna_data_02_mir/recover-20221013/UBNA_001/20221012_030000.WAV,Telephone Field,recover-20221013,001,1795
757.6165,757.6553,68437,82136,Rhinolophus ferrumequinum,0.021,0.021,-1,Echolocation,/mnt/ubna_data_02_mir/recover-20221013/UBNA_001/20221012_030000.WAV,Telephone Field,recover-20221013,001,1795
757.6475,757.6882,68437,82734,Rhinolophus ferrumequinum,0.024,0.024,-1,Echolocation,/mnt/ubna_data_02_mir/recover-20221013/UBNA_001/20221012_030000.WAV,Telephone Field,recover-20221013,001,1795
757.6515,757.6591,28046,40156,Eptesicus serotinus,0.008,0.025,-1,Echolocation,/mnt/ubna_data_02_mir/recover-20221013/UBNA_001/20221012_030000.WAV,Telephone Field,recover-20221013,001,1795
757.6755,757.6845,22890,29147,Plecotus austriacus,0.008,0.021,-1,Echolocation,/mnt/ubna_data_02_mir/recover-20221013/UBNA_001/20221012_030000.WAV,Telephone Field,recover-20221013,001,1795
757.6915,757.7289,68437,81909,Rhinolophus ferrumequinum,0.023,0.023,-1,Echolocation,/mnt/ubna_data_02_mir/recover-20221013/UBNA_001/20221012_030000.WAV,Telephone Field,recover-20221013,001,1795
757.7015,757.7369,68437,81569,Rhinolophus ferrumequinum,0.022,0.022,-1,Echolocation,/mnt/ubna_data_02_mir/recover-20221013/UBNA_001/20221012_030000.WAV,Telephone Field,recover-20221013,001,1795
757.7085,757.7445,68437,81367,Rhinolophus ferrumequinum,0.023,0.024,-1,Echolocation,/mnt/ubna_data_02_mir/recover-20221013/UBNA_001/20221012_030000.WAV,Telephone Field,recover-20221013,001,1795
757.7365,757.7786,68437,82538,Rhinolophus ferrumequinum,0.023,0.023,-1,Echolocation,/mnt/ubna_data_02_mir/recover-20221013/UBNA_001/20221012_030000.WAV,Telephone Field,recover-20221013,001,1795
757.7645,757.8007,68437,81860,Rhinolophus ferrumequinum,0.022,0.022,-1,Echolocation,/mnt/ubna_data_02_mir/recover-20221013/UBNA_001/20221012_030000.WAV,Telephone Field,recover-20221013,001,1795
757.8005,757.8095,25468,33853,Eptesicus serotinus,0.009,0.022,-1,Echolocation,/mnt/ubna_data_02_mir/recover-20221013/UBNA_001/20221012_030000.WAV,Telephone Field,recover-20221013,001,1795
757.8125,757.8216,28046,38669,Eptesicus serotinus,0.008,0.021,-1,Echolocation,/mnt/ubna_data_02_mir/recover-20221013/UBNA_001/20221012_030000.WAV,Telephone Field,recover-20221013,001,1795
757.8385,757.8489,27187,34890,Eptesicus serotinus,0.01,0.023,-1,Echolocation,/mnt/ubna_data_02_mir/recover-20221013/UBNA_001/20221012_030000.WAV,Telephone Field,recover-20221013,001,1795
757.8745,757.8848,25468,32898,Eptesicus serotinus,0.008,0.023,-1,Echolocation,/mnt/ubna_data_02_mir/recover-20221013/UBNA_001/20221012_030000.WAV,Telephone Field,recover-20221013,001,1795
757.8935,757.9319,68437,82888,Rhinolophus ferrumequinum,0.025,0.025,-1,Echolocation,/mnt/ubna_data_02_mir/recover-20221013/UBNA_001/20221012_030000.WAV,Telephone Field,recover-20221013,001,1795
757.9065,757.942,68437,81404,Rhinolophus ferrumequinum,0.022,0.022,-1,Echolocation,/mnt/ubna_data_02_mir/recover-20221013/UBNA_001/20221012_030000.WAV,Telephone Field,recover-20221013,001,1795
757.9175,757.9262,28906,39805,Eptesicus serotinus,0.008,0.021,-1,Echolocation,/mnt/ubna_data_02_mir/recover-20221013/UBNA_001/20221012_030000.WAV,Telephone Field,recover-20221013,001,1795
757.9245,757.9628,68437,82215,Rhinolophus ferrumequinum,0.025,0.025,-1,Echolocation,/mnt/ubna_data_02_mir/recover-20221013/UBNA_001/20221012_030000.WAV,Telephone Field,recover-20221013,001,1795
757.9515,757.9914,68437,82389,Rhinolophus ferrumequinum,0.025,0.025,-1,Echolocation,/mnt/ubna_data_02_mir/recover-20221013/UBNA_001/20221012_030000.WAV,Telephone Field,recover-20221013,001,1795
757.9625,757.9995,68437,80978,Rhinolophus ferrumequinum,0.021,0.021,-1,Echolocation,/mnt/ubna_data_02_mir/recover-20221013/UBNA_001/20221012_030000.WAV,Telephone Field,recover-20221013,001,1795
758.0015,758.034,68437,80074,Rhinolophus ferrumequinum,0.026,0.026,-1,Echolocation,/mnt/ubna_data_02_mir/recover-20221013/UBNA_001/20221012_030000.WAV,Telephone Field,recover-20221013,001,1795
758.0015,758.0107,22890,29088,Nyctalus leisleri,0.011,0.028,-1,Echolocation,/mnt/ubna_data_02_mir/recover-20221013/UBNA_001/20221012_030000.WAV,Telephone Field,recover-20221013,001,1795
758.0015,758.0124,46953,53389,Pipistrellus pipistrellus,0.015,0.021,-1,Echolocation,/mnt/ubna_data_02_mir/recover-20221013/UBNA_001/20221012_030000.WAV,Telephone Field,recover-20221013,001,1795
758.0085,758.0479,68437,81867,Rhinolophus ferrumequinum,0.02,0.02,-1,Echolocation,/mnt/ubna_data_02_mir/recover-20221013/UBNA_001/20221012_030000.WAV,Telephone Field,recover-20221013,001,1795
758.0175,758.026,23750,31058,Nyctalus leisleri,0.006,0.021,-1,Echolocation,/mnt/ubna_data_02_mir/recover-20221013/UBNA_001/20221012_030000.WAV,Telephone Field,recover-20221013,001,1795
758.0315,758.0715,68437,82468,Rhinolophus ferrumequinum,0.023,0.023,-1,Echolocation,/mnt/ubna_data_02_mir/recover-20221013/UBNA_001/20221012_030000.WAV,Telephone Field,recover-20221013,001,1795
758.0725,758.1101,68437,82018,Rhinolophus ferrumequinum,0.021,0.021,-1,Echolocation,/mnt/ubna_data_02_mir/recover-20221013/UBNA_001/20221012_030000.WAV,Telephone Field,recover-20221013,001,1795
758.0745,758.0826,46093,52057,Pipistrellus pipistrellus,0.019,0.021,-1,Echolocation,/mnt/ubna_data_02_mir/recover-20221013/UBNA_001/20221012_030000.WAV,Telephone Field,recover-20221013,001,1795
758.0885,758.1273,68437,81831,Rhinolophus ferrumequinum,0.021,0.021,-1,Echolocation,/mnt/ubna_data_02_mir/recover-20221013/UBNA_001/20221012_030000.WAV,Telephone Field,recover-20221013,001,1795
758.1115,758.1511,68437,82249,Rhinolophus ferrumequinum,0.024,0.024,-1,Echolocation,/mnt/ubna_data_02_mir/recover-20221013/UBNA_001/20221012_030000.WAV,Telephone Field,recover-20221013,001,1795
758.1715,758.1782,46953,52067,Pipistrellus pipistrellus,0.022,0.024,-1,Echolocation,/mnt/ubna_data_02_mir/recover-20221013/UBNA_001/20221012_030000.WAV,Telephone Field,recover-20221013,001,1795
758.1935,758.2028,23750,31529,Nyctalus leisleri,0.007,0.025,-1,Echolocation,/mnt/ubna_data_02_mir/recover-20221013/UBNA_001/20221012_030000.WAV,Telephone Field,recover-20221013,001,1795
758.2105,758.2502,68437,82711,Rhinolophus ferrumequinum,0.025,0.025,-1,Echolocation,/mnt/ubna_data_02_mir/recover-20221013/UBNA_001/20221012_030000.WAV,Telephone Field,recover-20221013,001,1795
758.2235,758.2688,68437,82577,Rhinolophus ferrumequinum,0.033,0.033,-1,Echolocation,/mnt/ubna_data_02_mir/recover-20221013/UBNA_001/20221012_030000.WAV,Telephone Field,recover-20221013,001,1795
758.2455,758.2855,68437,82629,Rhinolophus ferrumequinum,0.023,0.023,-1,Echolocation,/mnt/ubna_data_02_mir/recover-20221013/UBNA_001/20221012_030000.WAV,Telephone Field,recover-20221013,001,1795
758.2555,758.2636,28046,39380,Eptesicus serotinus,0.007,0.021,-1,Echolocation,/mnt/ubna_data_02_mir/recover-20221013/UBNA_001/20221012_030000.WAV,Telephone Field,recover-20221013,001,1795
758.2735,758.3112,68437,81903,Rhinolophus ferrumequinum,0.02,0.02,-1,Echolocation,/mnt/ubna_data_02_mir/recover-20221013/UBNA_001/20221012_030000.WAV,Telephone Field,recover-20221013,001,1795
758.2935,758.3313,68437,82132,Rhinolophus ferrumequinum,0.021,0.021,-1,Echolocation,/mnt/ubna_data_02_mir/recover-20221013/UBNA_001/20221012_030000.WAV,Telephone Field,recover-20221013,001,1795
758.2935,758.3003,24609,33924,Plecotus austriacus,0.008,0.021,-1,Echolocation,/mnt/ubna_data_02_mir/recover-20221013/UBNA_001/20221012_030000.WAV,Telephone Field,recover-20221013,001,1795
758.3105,758.319,23750,31740,Plecotus austriacus,0.007,0.022,-1,Echolocation,/mnt/ubna_data_02_mir/recover-20221013/UBNA_001/20221012_030000.WAV,Telephone Field,recover-20221013,001,1795
758.3235,758.332,28046,38056,Eptesicus serotinus,0.008,0.021,-1,Echolocation,/mnt/ubna_data_02_mir/recover-20221013/UBNA_001/20221012_030000.WAV,Telephone Field,recover-20221013,001,1795
758.3345,758.3748,68437,82684,Rhinolophus ferrumequinum,0.026,0.026,-1,Echolocation,/mnt/ubna_data_02_mir/recover-20221013/UBNA_001/20221012_030000.WAV,Telephone Field,recover-20221013,001,1795
758.3355,758.3467,23750,29944,Nyctalus leisleri,0.013,0.03,-1,Echolocation,/mnt/ubna_data_02_mir/recover-20221013/UBNA_001/20221012_030000.WAV,Telephone Field,recover-20221013,001,1795
758.3555,758.3941,68437,81762,Rhinolophus ferrumequinum,0.022,0.022,-1,Echolocation,/mnt/ubna_data_02_mir/recover-20221013/UBNA_001/20221012_030000.WAV,Telephone Field,recover-20221013,001,1795
758.3605,758.3693,22890,29309,Plecotus austriacus,0.007,0.022,-1,Echolocation,/mnt/ubna_data_02_mir/recover-20221013/UBNA_001/20221012_030000.WAV,Telephone Field,recover-20221013,001,1795
758.3815,758.393,25468,31526,Nyctalus leisleri,0.011,0.029,-1,Echolocation,/mnt/ubna_data_02_mir/recover-20221013/UBNA_001/20221012_030000.WAV,Telephone Field,recover-20221013,001,1795
758.4445,758.4543,28046,36057,Eptesicus serotinus,0.009,0.022,-1,Echolocation,/mnt/ubna_data_02_mir/recover-20221013/UBNA_001/20221012_030000.WAV,Telephone Field,recover-20221013,001,1795
758.4485,758.4907,68437,82674,Rhinolophus ferrumequinum,0.022,0.022,-1,Echolocation,/mnt/ubna_data_02_mir/recover-20221013/UBNA_001/20221012_030000.WAV,Telephone Field,recover-20221013,001,1795
758.4665,758.4754,28046,36591,Eptesicus serotinus,0.009,0.021,-1,Echolocation,/mnt/ubna_data_02_mir/recover-20221013/UBNA_001/20221012_030000.WAV,Telephone Field,recover-20221013,001,1795
758.4675,758.5071,68437,82714,Rhinolophus ferrumequinum,0.023,0.023,-1,Echolocation,/mnt/ubna_data_02_mir/recover-20221013/UBNA_001/20221012_030000.WAV,Telephone Field,recover-20221013,001,1795
758.4815,758.5179,68437,81088,Rhinolophus ferrumequinum,0.02,0.02,-1,Echolocation,/mnt/ubna_data_02_mir/recover-20221013/UBNA_001/20221012_030000.WAV,Telephone Field,recover-20221013,001,1795
758.4865,758.4945,26328,35202,Eptesicus serotinus,0.009,0.024,-1,Echolocation,/mnt/ubna_data_02_mir/recover-20221013/UBNA_001/20221012_030000.WAV,Telephone Field,recover-20221013,001,1795
758.4895,758.5256,68437,81642,Rhinolophus ferrumequinum,0.026,0.026,-1,Echolocation,/mnt/ubna_data_02_mir/recover-20221013/UBNA_001/20221012_030000.WAV,Telephone Field,recover-20221013,001,1795
758.4955,758.5342,68437,82474,Rhinolophus ferrumequinum,0.024,0.024,-1,Echolocation,/mnt/ubna_data_02_mir/recover-20221013/UBNA_001/20221012_030000.WAV,Telephone Field,recover-20221013,001,1795
758.5185,758.5268,26328,34756,Eptesicus serotinus,0.009,0.026,-1,Echolocation,/mnt/ubna_data_02_mir/recover-20221013/UBNA_001/20221012_030000.WAV,Telephone Field,recover-20221013,001,1795
758.5185,758.5308,15156,22006,Nyctalus noctula,0.019,0.028,-1,Echolocation,/mnt/ubna_data_02_mir/recover-20221013/UBNA_001/20221012_030000.WAV,Telephone Field,recover-20221013,001,1795
758.5315,758.5691,68437,81440,Rhinolophus ferrumequinum,0.033,0.033,-1,Echolocation,/mnt/ubna_data_02_mir/recover-20221013/UBNA_001/20221012_030000.WAV,Telephone Field,recover-20221013,001,1795
758.5515,758.56,28046,38172,Eptesicus serotinus,0.011,0.029,-1,Echolocation,/mnt/ubna_data_02_mir/recover-20221013/UBNA_001/20221012_030000.WAV,Telephone Field,recover-20221013,001,1795
758.5595,758.599,68437,81824,Rhinolophus ferrumequinum,0.023,0.024,-1,Echolocation,/mnt/ubna_data_02_mir/recover-20221013/UBNA_001/20221012_030000.WAV,Telephone Field,recover-20221013,001,1795
758.5775,758.5843,28906,38353,Eptesicus serotinus,0.014,0.037,-1,Echolocation,/mnt/ubna_data_02_mir/recover-20221013/UBNA_001/20221012_030000.WAV,Telephone Field,recover-20221013,001,1795
758.5995,758.6114,33203,38923,Eptesicus serotinus,0.007,0.023,-1,Echolocation,/mnt/ubna_data_02_mir/recover-20221013/UBNA_001/20221012_030000.WAV,Telephone Field,recover-20221013,001,1795
758.6065,758.6167,34062,41629,Barbastellus barbastellus,0.005,0.022,-1,Echolocation,/mnt/ubna_data_02_mir/recover-20221013/UBNA_001/20221012_030000.WAV,Telephone Field,recover-20221013,001,1795
758.6515,758.6874,68437,81434,Rhinolophus ferrumequinum,0.021,0.021,-1,Echolocation,/mnt/ubna_data_02_mir/recover-20221013/UBNA_001/20221012_030000.WAV,Telephone Field,recover-20221013,001,1795
758.6755,758.7149,68437,81837,Rhinolophus ferrumequinum,0.023,0.023,-1,Echolocation,/mnt/ubna_data_02_mir/recover-20221013/UBNA_001/20221012_030000.WAV,Telephone Field,recover-20221013,001,1795
758.6885,758.7292,68437,82002,Rhinolophus ferrumequinum,0.022,0.022,-1,Echolocation,/mnt/ubna_data_02_mir/recover-20221013/UBNA_001/20221012_030000.WAV,Telephone Field,recover-20221013,001,1795
758.6935,758.7042,28906,36357,Eptesicus serotinus,0.009,0.021,-1,Echolocation,/mnt/ubna_data_02_mir/recover-20221013/UBNA_001/20221012_030000.WAV,Telephone Field,recover-20221013,001,1795
758.7155,758.7547,68437,81570,Rhinolophus ferrumequinum,0.021,0.021,-1,Echolocation,/mnt/ubna_data_02_mir/recover-20221013/UBNA_001/20221012_030000.WAV,Telephone Field,recover-20221013,001,1795
758.7485,758.7581,22890,28328,Nyctalus leisleri,0.009,0.021,-1,Echolocation,/mnt/ubna_data_02_mir/recover-20221013/UBNA_001/20221012_030000.WAV,Telephone Field,recover-20221013,001,1795
758.7585,758.7968,68437,81735,Rhinolophus ferrumequinum,0.02,0.02,-1,Echolocation,/mnt/ubna_data_02_mir/recover-20221013/UBNA_001/20221012_030000.WAV,Telephone Field,recover-20221013,001,1795
758.7705,758.8103,68437,82409,Rhinolophus ferrumequinum,0.021,0.021,-1,Echolocation,/mnt/ubna_data_02_mir/recover-20221013/UBNA_001/20221012_030000.WAV,Telephone Field,recover-20221013,001,1795
758.7835,758.7911,27187,40222,Eptesicus serotinus,0.006,0.021,-1,Echolocation,/mnt/ubna_data_02_mir/recover-20221013/UBNA_001/20221012_030000.WAV,Telephone Field,recover-20221013,001,1795
758.7935,758.8307,68437,81446,Rhinolophus ferrumequinum,0.022,0.022,-1,Echolocation,/mnt/ubna_data_02_mir/recover-20221013/UBNA_001/20221012_030000.WAV,Telephone Field,recover-20221013,001,1795
758.8185,758.83,23750,29741,Nyctalus leisleri,0.012,0.028,-1,Echolocation,/mnt/ubna_data_02_mir/recover-20221013/UBNA_001/20221012_030000.WAV,Telephone Field,recover-20221013,001,1795
758.8245,758.8355,23750,28747,Nyctalus leisleri,0.013,0.027,-1,Echolocation,/mnt/ubna_data_02_mir/recover-20221013/UBNA_001/20221012_030000.WAV,Telephone Field,recover-20221013,001,1795
758.8355,758.879,68437,83528,Rhinolophus ferrumequinum,0.036,0.036,-1,Echolocation,/mnt/ubna_data_02_mir/recover-20221013/UBNA_001/20221012_030000.WAV,Telephone Field,recover-20221013,001,1795
758.8815,758.9174,68437,82070,Rhinolophus ferrumequinum,0.022,0.022,-1,Echolocation,/mnt/ubna_data_02_mir/recover-20221013/UBNA_001/20221012_030000.WAV,Telephone Field,recover-20221013,001,1795
758.9155,758.9247,27187,38343,Eptesicus serotinus,0.008,0.021,-1,Echolocation,/mnt/ubna_data_02_mir/recover-20221013/UBNA_001/20221012_030000.WAV,Telephone Field,recover-20221013,001,1795
758.9365,758.9437,28046,37592,Eptesicus serotinus,0.007,0.02,-1,Echolocation,/mnt/ubna_data_02_mir/recover-20221013/UBNA_001/20221012_030000.WAV,Telephone Field,recover-20221013,001,1795
758.9395,758.952,47812,51656,Pipistrellus pipistrellus,0.038,0.042,-1,Echolocation,/mnt/ubna_data_02_mir/recover-20221013/UBNA_001/20221012_030000.WAV,Telephone Field,recover-20221013,001,1795
758.9725,759.0121,68437,82920,Rhinolophus ferrumequinum,0.023,0.023,-1,Echolocation,/mnt/ubna_data_02_mir/recover-20221013/UBNA_001/20221012_030000.WAV,Telephone Field,recover-20221013,001,1795
758.9845,759.0227,68437,81248,Rhinolophus ferrumequinum,0.023,0.023,-1,Echolocation,/mnt/ubna_data_02_mir/recover-20221013/UBNA_001/20221012_030000.WAV,Telephone Field,recover-20221013,001,1795
759.0015,759.037,68437,81934,Rhinolophus ferrumequinum,0.026,0.026,-1,Echolocation,/mnt/ubna_data_02_mir/recover-20221013/UBNA_001/20221012_030000.WAV,Telephone Field,recover-20221013,001,1795
759.0105,759.0486,68437,82206,Rhinolophus ferrumequinum,0.021,0.021,-1,Echolocation,/mnt/ubna_data_02_mir/recover-20221013/UBNA_001/20221012_030000.WAV,Telephone Field,recover-20221013,001,1795
759.0275,759.0381,27187,34804,Eptesicus serotinus,0.011,0.023,-1,Echolocation,/mnt/ubna_data_02_mir/recover-20221013/UBNA_001/20221012_030000.WAV,Telephone Field,recover-20221013,001,1795
759.0365,759.0559,16015,19248,Nyctalus noctula,0.029,0.043,-1,Echolocation,/mnt/ubna_data_02_mir/recover-20221013/UBNA_001/20221012_030000.WAV,Telephone Field,recover-20221013,001,1795
759.0655,759.1048,68437,82307,Rhinolophus ferrumequinum,0.031,0.031,-1,Echolocation,/mnt/ubna_data_02_mir/recover-20221013/UBNA_001/20221012_030000.WAV,Telephone Field,recover-20221013,001,1795
759.1005,759.1079,27187,38084,Eptesicus serotinus,0.005,0.02,-1,Echolocation,/mnt/ubna_data_02_mir/recover-20221013/UBNA_001/20221012_030000.WAV,Telephone Field,recover-20221013,001,1795
759.1085,759.1493,68437,82679,Rhinolophus ferrumequinum,0.024,0.024,-1,Echolocation,/mnt/ubna_data_02_mir/recover-20221013/UBNA_001/20221012_030000.WAV,Telephone Field,recover-20221013,001,1795
759.1095,759.1208,52109,55744,Pipistrellus pygmaeus,0.02,0.027,-1,Echolocation,/mnt/ubna_data_02_mir/recover-20221013/UBNA_001/20221012_030000.WAV,Telephone Field,recover-20221013,001,1795
759.1365,759.1482,23750,29191,Nyctalus leisleri,0.011,0.024,-1,Echolocation,/mnt/ubna_data_02_mir/recover-20221013/UBNA_001/20221012_030000.WAV,Telephone Field,recover-20221013,001,1795
759.1425,759.1831999999999,68437,82494,Rhinolophus ferrumequinum,0.021,0.021,-1,Echolocation,/mnt/ubna_data_02_mir/recover-20221013/UBNA_001/20221012_030000.WAV,Telephone Field,recover-20221013,001,1795
759.1775,759.2158,68437,81494,Rhinolophus ferrumequinum,0.021,0.021,-1,Echolocation,/mnt/ubna_data_02_mir/recover-20221013/UBNA_001/20221012_030000.WAV,Telephone Field,recover-20221013,001,1795
759.1935,759.2333,68437,81954,Rhinolophus ferrumequinum,0.023,0.023,-1,Echolocation,/mnt/ubna_data_02_mir/recover-20221013/UBNA_001/20221012_030000.WAV,Telephone Field,recover-20221013,001,1795
759.2235,759.2601,68437,81670,Rhinolophus ferrumequinum,0.026,0.026,-1,Echolocation,/mnt/ubna_data_02_mir/recover-20221013/UBNA_001/20221012_030000.WAV,Telephone Field,recover-20221013,001,1795
759.2585,759.2695,37500,43283,Barbastellus barbastellus,0.007,0.03,-1,Echolocation,/mnt/ubna_data_02_mir/recover-20221013/UBNA_001/20221012_030000.WAV,Telephone Field,recover-20221013,001,1795
759.2755,759.2866,31484,36934,Eptesicus serotinus,0.011,0.029,-1,Echolocation,/mnt/ubna_data_02_mir/recover-20221013/UBNA_001/20221012_030000.WAV,Telephone Field,recover-20221013,001,1795
759.2945,759.3307,68437,81349,Rhinolophus ferrumequinum,0.024,0.024,-1,Echolocation,/mnt/ubna_data_02_mir/recover-20221013/UBNA_001/20221012_030000.WAV,Telephone Field,recover-20221013,001,1795
759.3225,759.3645,68437,83286,Rhinolophus ferrumequinum,0.028,0.028,-1,Echolocation,/mnt/ubna_data_02_mir/recover-20221013/UBNA_001/20221012_030000.WAV,Telephone Field,recover-20221013,001,1795
759.3365,759.3446,23750,32298,Plecotus austriacus,0.009,0.025,-1,Echolocation,/mnt/ubna_data_02_mir/recover-20221013/UBNA_001/20221012_030000.WAV,Telephone Field,recover-20221013,001,1795
759.3435,759.3812,68437,81961,Rhinolophus ferrumequinum,0.021,0.021,-1,Echolocation,/mnt/ubna_data_02_mir/recover-20221013/UBNA_001/20221012_030000.WAV,Telephone Field,recover-20221013,001,1795
759.3445,759.3549,22031,26430,Nyctalus leisleri,0.011,0.023,-1,Echolocation,/mnt/ubna_data_02_mir/recover-20221013/UBNA_001/20221012_030000.WAV,Telephone Field,recover-20221013,001,1795
759.3625,759.4039,68437,82560,Rhinolophus ferrumequinum,0.024,0.024,-1,Echolocation,/mnt/ubna_data_02_mir/recover-20221013/UBNA_001/20221012_030000.WAV,Telephone Field,recover-20221013,001,1795
759.3675,759.4092,68437,82600,Rhinolophus ferrumequinum,0.025,0.025,-1,Echolocation,/mnt/ubna_data_02_mir/recover-20221013/UBNA_001/20221012_030000.WAV,Telephone Field,recover-20221013,001,1795
759.3895,759.4297,68437,82157,Rhinolophus ferrumequinum,0.03,0.03,-1,Echolocation,/mnt/ubna_data_02_mir/recover-20221013/UBNA_001/20221012_030000.WAV,Telephone Field,recover-20221013,001,1795
759.3985,759.4362,68437,81650,Rhinolophus ferrumequinum,0.022,0.022,-1,Echolocation,/mnt/ubna_data_02_mir/recover-20221013/UBNA_001/20221012_030000.WAV,Telephone Field,recover-20221013,001,1795
759.4245,759.4618,68437,82022,Rhinolophus ferrumequinum,0.022,0.022,-1,Echolocation,/mnt/ubna_data_02_mir/recover-20221013/UBNA_001/20221012_030000.WAV,Telephone Field,recover-20221013,001,1795
759.4715,759.5086,68437,81653,Rhinolophus ferrumequinum,0.021,0.021,-1,Echolocation,/mnt/ubna_data_02_mir/recover-20221013/UBNA_001/20221012_030000.WAV,Telephone Field,recover-20221013,001,1795
759.4995,759.5398,68437,81606,Rhinolophus ferrumequinum,0.028,0.028,-1,Echolocation,/mnt/ubna_data_02_mir/recover-20221013/UBNA_001/20221012_030000.WAV,Telephone Field,recover-20221013,001,1795
759.5415,759.5827,68437,82638,Rhinolophus ferrumequinum,0.029,0.029,-1,Echolocation,/mnt/ubna_data_02_mir/recover-20221013/UBNA_001/20221012_030000.WAV,Telephone Field,recover-20221013,001,1795
759.5635,759.6026,68437,82206,Rhinolophus ferrumequinum,0.031,0.031,-1,Echolocation,/mnt/ubna_data_02_mir/recover-20221013/UBNA_001/20221012_030000.WAV,Telephone Field,recover-20221013,001,1795
759.5955,759.6316,68437,81977,Rhinolophus ferrumequinum,0.022,0.022,-1,Echolocation,/mnt/ubna_data_02_mir/recover-20221013/UBNA_001/20221012_030000.WAV,Telephone Field,recover-20221013,001,1795
759.6155,759.6251,24609,31113,Nyctalus leisleri,0.008,0.022,-1,Echolocation,/mnt/ubna_data_02_mir/recover-20221013/UBNA_001/20221012_030000.WAV,Telephone Field,recover-20221013,001,1795
759.6285,759.6661,68437,81739,Rhinolophus ferrumequinum,0.021,0.021,-1,Echolocation,/mnt/ubna_data_02_mir/recover-20221013/UBNA_001/20221012_030000.WAV,Telephone Field,recover-20221013,001,1795
759.6535,759.6929,68437,81991,Rhinolophus ferrumequinum,0.029,0.029,-1,Echolocation,/mnt/ubna_data_02_mir/recover-20221013/UBNA_001/20221012_030000.WAV,Telephone Field,recover-20221013,001,1795
759.6855,759.696,24609,31500,Eptesicus serotinus,0.009,0.022,-1,Echolocation,/mnt/ubna_data_02_mir/recover-20221013/UBNA_001/20221012_030000.WAV,Telephone Field,recover-20221013,001,1795
759.6915,759.7289,68437,81880,Rhinolophus ferrumequinum,0.022,0.022,-1,Echolocation,/mnt/ubna_data_02_mir/recover-20221013/UBNA_001/20221012_030000.WAV,Telephone Field,recover-20221013,001,1795
759.7055,759.7462,68437,82789,Rhinolophus ferrumequinum,0.032,0.032,-1,Echolocation,/mnt/ubna_data_02_mir/recover-20221013/UBNA_001/20221012_030000.WAV,Telephone Field,recover-20221013,001,1795
759.7295,759.7402,25468,32330,Eptesicus serotinus,0.008,0.022,-1,Echolocation,/mnt/ubna_data_02_mir/recover-20221013/UBNA_001/20221012_030000.WAV,Telephone Field,recover-20221013,001,1795
759.7425,759.7815,68437,82375,Rhinolophus ferrumequinum,0.024,0.024,-1,Echolocation,/mnt/ubna_data_02_mir/recover-20221013/UBNA_001/20221012_030000.WAV,Telephone Field,recover-20221013,001,1795
759.7515,759.7585,50390,56708,Pipistrellus pipistrellus,0.021,0.023,-1,Echolocation,/mnt/ubna_data_02_mir/recover-20221013/UBNA_001/20221012_030000.WAV,Telephone Field,recover-20221013,001,1795
759.7565,759.7664,22890,28500,Nyctalus leisleri,0.011,0.024,-1,Echolocation,/mnt/ubna_data_02_mir/recover-20221013/UBNA_001/20221012_030000.WAV,Telephone Field,recover-20221013,001,1795
759.7715,759.7792,26328,37548,Eptesicus serotinus,0.006,0.021,-1,Echolocation,/mnt/ubna_data_02_mir/recover-20221013/UBNA_001/20221012_030000.WAV,Telephone Field,recover-20221013,001,1795
759.7715,759.8117,68437,82574,Rhinolophus ferrumequinum,0.022,0.022,-1,Echolocation,/mnt/ubna_data_02_mir/recover-20221013/UBNA_001/20221012_030000.WAV,Telephone Field,recover-20221013,001,1795
759.7785,759.8188,68437,82433,Rhinolophus ferrumequinum,0.02,0.02,-1,Echolocation,/mnt/ubna_data_02_mir/recover-20221013/UBNA_001/20221012_030000.WAV,Telephone Field,recover-20221013,001,1795
759.8065,759.8152,28046,39063,Eptesicus serotinus,0.008,0.021,-1,Echolocation,/mnt/ubna_data_02_mir/recover-20221013/UBNA_001/20221012_030000.WAV,Telephone Field,recover-20221013,001,1795
759.8265,759.8637,68437,81153,Rhinolophus ferrumequinum,0.021,0.021,-1,Echolocation,/mnt/ubna_data_02_mir/recover-20221013/UBNA_001/20221012_030000.WAV,Telephone Field,recover-20221013,001,1795
759.8455,759.8878,68437,82557,Rhinolophus ferrumequinum,0.032,0.033,-1,Echolocation,/mnt/ubna_data_02_mir/recover-20221013/UBNA_001/20221012_030000.WAV,Telephone Field,recover-20221013,001,1795
759.8635,759.9011,68437,82134,Rhinolophus ferrumequinum,0.024,0.024,-1,Echolocation,/mnt/ubna_data_02_mir/recover-20221013/UBNA_001/20221012_030000.WAV,Telephone Field,recover-20221013,001,1795
759.9125,759.9483,68437,81664,Rhinolophus ferrumequinum,0.021,0.022,-1,Echolocation,/mnt/ubna_data_02_mir/recover-20221013/UBNA_001/20221012_030000.WAV,Telephone Field,recover-20221013,001,1795
759.9295,759.9676,68437,81705,Rhinolophus ferrumequinum,0.024,0.024,-1,Echolocation,/mnt/ubna_data_02_mir/recover-20221013/UBNA_001/20221012_030000.WAV,Telephone Field,recover-20221013,001,1795
759.9425,759.9514,27187,35923,Eptesicus serotinus,0.008,0.023,-1,Echolocation,/mnt/ubna_data_02_mir/recover-20221013/UBNA_001/20221012_030000.WAV,Telephone Field,recover-20221013,001,1795
759.9775,759.9877,30625,40007,Eptesicus serotinus,0.009,0.023,-1,Echolocation,/mnt/ubna_data_02_mir/recover-20221013/UBNA_001/20221012_030000.WAV,Telephone Field,recover-20221013,001,1795
760.0015,760.0102,25468,38415,Eptesicus serotinus,0.007,0.024,-1,Echolocation,/mnt/ubna_data_02_mir/recover-20221013/UBNA_001/20221012_030000.WAV,Telephone Field,recover-20221013,001,1795
760.0135,760.0513,68437,81144,Rhinolophus ferrumequinum,0.021,0.021,-1,Echolocation,/mnt/ubna_data_02_mir/recover-20221013/UBNA_001/20221012_030000.WAV,Telephone Field,recover-20221013,001,1795
760.0445,760.0495,28046,43749,Plecotus auritus,0.009,0.042,-1,Echolocation,/mnt/ubna_data_02_mir/recover-20221013/UBNA_001/20221012_030000.WAV,Telephone Field,recover-20221013,001,1795
760.0675,760.1085,68437,82748,Rhinolophus ferrumequinum,0.022,0.022,-1,Echolocation,/mnt/ubna_data_02_mir/recover-20221013/UBNA_001/20221012_030000.WAV,Telephone Field,recover-20221013,001,1795
760.1045,760.1154,23750,30098,Nyctalus leisleri,0.009,0.023,-1,Echolocation,/mnt/ubna_data_02_mir/recover-20221013/UBNA_001/20221012_030000.WAV,Telephone Field,recover-20221013,001,1795
760.1225,760.1639,68437,82673,Rhinolophus ferrumequinum,0.027,0.027,-1,Echolocation,/mnt/ubna_data_02_mir/recover-20221013/UBNA_001/20221012_030000.WAV,Telephone Field,recover-20221013,001,1795
760.1455,760.1839,68437,81688,Rhinolophus ferrumequinum,0.026,0.026,-1,Echolocation,/mnt/ubna_data_02_mir/recover-20221013/UBNA_001/20221012_030000.WAV,Telephone Field,recover-20221013,001,1795
760.1795,760.2184,68437,82132,Rhinolophus ferrumequinum,0.021,0.021,-1,Echolocation,/mnt/ubna_data_02_mir/recover-20221013/UBNA_001/20221012_030000.WAV,Telephone Field,recover-20221013,001,1795
760.2115,760.2189,45234,48238,Pipistrellus pipistrellus,0.033,0.034,-1,Echolocation,/mnt/ubna_data_02_mir/recover-20221013/UBNA_001/20221012_030000.WAV,Telephone Field,recover-20221013,001,1795
760.2425,760.2513,23750,32210,Plecotus austriacus,0.008,0.026,-1,Echolocation,/mnt/ubna_data_02_mir/recover-20221013/UBNA_001/20221012_030000.WAV,Telephone Field,recover-20221013,001,1795
760.2425,760.2827,68437,82629,Rhinolophus ferrumequinum,0.022,0.022,-1,Echolocation,/mnt/ubna_data_02_mir/recover-20221013/UBNA_001/20221012_030000.WAV,Telephone Field,recover-20221013,001,1795
760.2825,760.3226,68437,82905,Rhinolophus ferrumequinum,0.03,0.03,-1,Echolocation,/mnt/ubna_data_02_mir/recover-20221013/UBNA_001/20221012_030000.WAV,Telephone Field,recover-20221013,001,1795
760.2955,760.3343,68437,81994,Rhinolophus ferrumequinum,0.022,0.022,-1,Echolocation,/mnt/ubna_data_02_mir/recover-20221013/UBNA_001/20221012_030000.WAV,Telephone Field,recover-20221013,001,1795
760.3045,760.3112,28906,40390,Eptesicus serotinus,0.008,0.027,-1,Echolocation,/mnt/ubna_data_02_mir/recover-20221013/UBNA_001/20221012_030000.WAV,Telephone Field,recover-20221013,001,1795
760.3215,760.3322000000001,28046,34542,Eptesicus serotinus,0.027,0.048,-1,Echolocation,/mnt/ubna_data_02_mir/recover-20221013/UBNA_001/20221012_030000.WAV,Telephone Field,recover-20221013,001,1795
760.3585,760.3952,68437,82043,Rhinolophus ferrumequinum,0.035,0.035,-1,Echolocation,/mnt/ubna_data_02_mir/recover-20221013/UBNA_001/20221012_030000.WAV,Telephone Field,recover-20221013,001,1795
760.3635,760.3792,21171,24620,Nyctalus leisleri,0.016,0.026,-1,Echolocation,/mnt/ubna_data_02_mir/recover-20221013/UBNA_001/20221012_030000.WAV,Telephone Field,recover-20221013,001,1795
760.3685,760.408,68437,82124,Rhinolophus ferrumequinum,0.022,0.022,-1,Echolocation,/mnt/ubna_data_02_mir/recover-20221013/UBNA_001/20221012_030000.WAV,Telephone Field,recover-20221013,001,1795
760.3945,760.4368,68437,82882,Rhinolophus ferrumequinum,0.025,0.026,-1,Echolocation,/mnt/ubna_data_02_mir/recover-20221013/UBNA_001/20221012_030000.WAV,Telephone Field,recover-20221013,001,1795
760.4105,760.4483,68437,82550,Rhinolophus ferrumequinum,0.022,0.022,-1,Echolocation,/mnt/ubna_data_02_mir/recover-20221013/UBNA_001/20221012_030000.WAV,Telephone Field,recover-20221013,001,1795
760.4195,760.4569,68437,82289,Rhinolophus ferrumequinum,0.025,0.025,-1,Echolocation,/mnt/ubna_data_02_mir/recover-20221013/UBNA_001/20221012_030000.WAV,Telephone Field,recover-20221013,001,1795
760.4595,760.4995,68437,82385,Rhinolophus ferrumequinum,0.022,0.022,-1,Echolocation,/mnt/ubna_data_02_mir/recover-20221013/UBNA_001/20221012_030000.WAV,Telephone Field,recover-20221013,001,1795
760.4695,760.5092,68437,82575,Rhinolophus ferrumequinum,0.023,0.023,-1,Echolocation,/mnt/ubna_data_02_mir/recover-20221013/UBNA_001/20221012_030000.WAV,Telephone Field,recover-20221013,001,1795
760.4915,760.4995,43515,55384,Myotis mystacinus,0.006,0.021,-1,Echolocation,/mnt/ubna_data_02_mir/recover-20221013/UBNA_001/20221012_030000.WAV,Telephone Field,recover-20221013,001,1795
760.4935,760.5033,23750,30062,Nyctalus leisleri,0.009,0.024,-1,Echolocation,/mnt/ubna_data_02_mir/recover-20221013/UBNA_001/20221012_030000.WAV,Telephone Field,recover-20221013,001,1795
760.5735,760.5822000000001,28046,39450,Eptesicus serotinus,0.009,0.024,-1,Echolocation,/mnt/ubna_data_02_mir/recover-20221013/UBNA_001/20221012_030000.WAV,Telephone Field,recover-20221013,001,1795
760.5905,760.5997,28906,36981,Eptesicus serotinus,0.008,0.021,-1,Echolocation,/mnt/ubna_data_02_mir/recover-20221013/UBNA_001/20221012_030000.WAV,Telephone Field,recover-20221013,001,1795
760.5975,760.6344,68437,81065,Rhinolophus ferrumequinum,0.023,0.023,-1,Echolocation,/mnt/ubna_data_02_mir/recover-20221013/UBNA_001/20221012_030000.WAV,Telephone Field,recover-20221013,001,1795
760.6035,760.6117,47812,53655,Pipistrellus pipistrellus,0.027,0.03,-1,Echolocation,/mnt/ubna_data_02_mir/recover-20221013/UBNA_001/20221012_030000.WAV,Telephone Field,recover-20221013,001,1795
760.6195,760.6608,68437,82408,Rhinolophus ferrumequinum,0.021,0.021,-1,Echolocation,/mnt/ubna_data_02_mir/recover-20221013/UBNA_001/20221012_030000.WAV,Telephone Field,recover-20221013,001,1795
760.6285,760.6679,68437,82722,Rhinolophus ferrumequinum,0.022,0.022,-1,Echolocation,/mnt/ubna_data_02_mir/recover-20221013/UBNA_001/20221012_030000.WAV,Telephone Field,recover-20221013,001,1795
760.6435,760.6816,68437,82222,Rhinolophus ferrumequinum,0.023,0.023,-1,Echolocation,/mnt/ubna_data_02_mir/recover-20221013/UBNA_001/20221012_030000.WAV,Telephone Field,recover-20221013,001,1795
760.6615,760.6734,23750,30000,Nyctalus leisleri,0.01,0.024,-1,Echolocation,/mnt/ubna_data_02_mir/recover-20221013/UBNA_001/20221012_030000.WAV,Telephone Field,recover-20221013,001,1795
760.6865,760.6955,26328,34125,Eptesicus serotinus,0.009,0.021,-1,Echolocation,/mnt/ubna_data_02_mir/recover-20221013/UBNA_001/20221012_030000.WAV,Telephone Field,recover-20221013,001,1795
760.6875,760.7272,68437,82294,Rhinolophus ferrumequinum,0.026,0.026,-1,Echolocation,/mnt/ubna_data_02_mir/recover-20221013/UBNA_001/20221012_030000.WAV,Telephone Field,recover-20221013,001,1795
760.7175,760.7587,68437,83357,Rhinolophus ferrumequinum,0.036,0.036,-1,Echolocation,/mnt/ubna_data_02_mir/recover-20221013/UBNA_001/20221012_030000.WAV,Telephone Field,recover-20221013,001,1795
760.7275,760.7358,28046,39320,Eptesicus serotinus,0.008,0.021,-1,Echolocation,/mnt/ubna_data_02_mir/recover-20221013/UBNA_001/20221012_030000.WAV,Telephone Field,recover-20221013,001,1795
760.7445,760.7508,36640,43004,Myotis daubentonii,0.008,0.023,-1,Echolocation,/mnt/ubna_data_02_mir/recover-20221013/UBNA_001/20221012_030000.WAV,Telephone Field,recover-20221013,001,1795
760.7445,760.7521,27187,39553,Eptesicus serotinus,0.007,0.023,-1,Echolocation,/mnt/ubna_data_02_mir/recover-20221013/UBNA_001/20221012_030000.WAV,Telephone Field,recover-20221013,001,1795
760.7655,760.8045,68437,81820,Rhinolophus ferrumequinum,0.025,0.025,-1,Echolocation,/mnt/ubna_data_02_mir/recover-20221013/UBNA_001/20221012_030000.WAV,Telephone Field,recover-20221013,001,1795
760.8125,760.8472,68437,81022,Rhinolophus ferrumequinum,0.027,0.027,-1,Echolocation,/mnt/ubna_data_02_mir/recover-20221013/UBNA_001/20221012_030000.WAV,Telephone Field,recover-20221013,001,1795
760.8405,760.8759,68437,81425,Rhinolophus ferrumequinum,0.023,0.023,-1,Echolocation,/mnt/ubna_data_02_mir/recover-20221013/UBNA_001/20221012_030000.WAV,Telephone Field,recover-20221013,001,1795
760.8535,760.889,68437,79982,Rhinolophus ferrumequinum,0.021,0.022,-1,Echolocation,/mnt/ubna_data_02_mir/recover-20221013/UBNA_001/20221012_030000.WAV,Telephone Field,recover-20221013,001,1795
760.8845,760.9211,68437,80638,Rhinolophus ferrumequinum,0.023,0.023,-1,Echolocation,/mnt/ubna_data_02_mir/recover-20221013/UBNA_001/20221012_030000.WAV,Telephone Field,recover-20221013,001,1795
760.8905,760.9234,68437,80582,Rhinolophus ferrumequinum,0.022,0.023,-1,Echolocation,/mnt/ubna_data_02_mir/recover-20221013/UBNA_001/20221012_030000.WAV,Telephone Field,recover-20221013,001,1795
760.9495,760.9572000000001,28906,37546,Eptesicus serotinus,0.007,0.021,-1,Echolocation,/mnt/ubna_data_02_mir/recover-20221013/UBNA_001/20221012_030000.WAV,Telephone Field,recover-20221013,001,1795
760.9915,761.0297,68437,82552,Rhinolophus ferrumequinum,0.021,0.021,-1,Echolocation,/mnt/ubna_data_02_mir/recover-20221013/UBNA_001/20221012_030000.WAV,Telephone Field,recover-20221013,001,1795
761.0005,761.0379,68437,81991,Rhinolophus ferrumequinum,0.022,0.022,-1,Echolocation,/mnt/ubna_data_02_mir/recover-20221013/UBNA_001/20221012_030000.WAV,Telephone Field,recover-20221013,001,1795
761.0125,761.0214,24609,31961,Eptesicus serotinus,0.006,0.021,-1,Echolocation,/mnt/ubna_data_02_mir/recover-20221013/UBNA_001/20221012_030000.WAV,Telephone Field,recover-20221013,001,1795
761.0195,761.0272,51250,59260,Pipistrellus pipistrellus,0.017,0.021,-1,Echolocation,/mnt/ubna_data_02_mir/recover-20221013/UBNA_001/20221012_030000.WAV,Telephone Field,recover-20221013,001,1795
761.0335,761.073,68437,82097,Rhinolophus ferrumequinum,0.021,0.021,-1,Echolocation,/mnt/ubna_data_02_mir/recover-20221013/UBNA_001/20221012_030000.WAV,Telephone Field,recover-20221013,001,1795
761.0395,761.0463,24609,35032,Plecotus austriacus,0.015,0.038,-1,Echolocation,/mnt/ubna_data_02_mir/recover-20221013/UBNA_001/20221012_030000.WAV,Telephone Field,recover-20221013,001,1795
761.0495,761.0914,68437,82892,Rhinolophus ferrumequinum,0.023,0.023,-1,Echolocation,/mnt/ubna_data_02_mir/recover-20221013/UBNA_001/20221012_030000.WAV,Telephone Field,recover-20221013,001,1795
761.0815,761.1224,68437,82667,Rhinolophus ferrumequinum,0.024,0.024,-1,Echolocation,/mnt/ubna_data_02_mir/recover-20221013/UBNA_001/20221012_030000.WAV,Telephone Field,recover-20221013,001,1795
761.0875,761.095,28046,40069,Eptesicus serotinus,0.008,0.026,-1,Echolocation,/mnt/ubna_data_02_mir/recover-20221013/UBNA_001/20221012_030000.WAV,Telephone Field,recover-20221013,001,1795
761.1035,761.1435,68437,81494,Rhinolophus ferrumequinum,0.069,0.07,-1,Echolocation,/mnt/ubna_data_02_mir/recover-20221013/UBNA_001/20221012_030000.WAV,Telephone Field,recover-20221013,001,1795
761.1675,761.1747,58125,63738,Pipistrellus pygmaeus,0.021,0.021,-1,Echolocation,/mnt/ubna_data_02_mir/recover-20221013/UBNA_001/20221012_030000.WAV,Telephone Field,recover-20221013,001,1795
761.1755,761.2138,68437,81758,Rhinolophus ferrumequinum,0.022,0.022,-1,Echolocation,/mnt/ubna_data_02_mir/recover-20221013/UBNA_001/20221012_030000.WAV,Telephone Field,recover-20221013,001,1795
761.2005,761.2373,68437,81995,Rhinolophus ferrumequinum,0.023,0.023,-1,Echolocation,/mnt/ubna_data_02_mir/recover-20221013/UBNA_001/20221012_030000.WAV,Telephone Field,recover-20221013,001,1795
761.2075,761.2172,22031,28054,Plecotus austriacus,0.009,0.026,-1,Echolocation,/mnt/ubna_data_02_mir/recover-20221013/UBNA_001/20221012_030000.WAV,Telephone Field,recover-20221013,001,1795
761.2195,761.2272,27187,36177,Eptesicus serotinus,0.01,0.023,-1,Echolocation,/mnt/ubna_data_02_mir/recover-20221013/UBNA_001/20221012_030000.WAV,Telephone Field,recover-20221013,001,1795
761.2245,761.2629,68437,82261,Rhinolophus ferrumequinum,0.022,0.022,-1,Echolocation,/mnt/ubna_data_02_mir/recover-20221013/UBNA_001/20221012_030000.WAV,Telephone Field,recover-20221013,001,1795
761.2305,761.2709,68437,81959,Rhinolophus ferrumequinum,0.022,0.022,-1,Echolocation,/mnt/ubna_data_02_mir/recover-20221013/UBNA_001/20221012_030000.WAV,Telephone Field,recover-20221013,001,1795
761.2505,761.2902,68437,82287,Rhinolophus ferrumequinum,0.035,0.035,-1,Echolocation,/mnt/ubna_data_02_mir/recover-20221013/UBNA_001/20221012_030000.WAV,Telephone Field,recover-20221013,001,1795
761.2935,761.3319,68437,81810,Rhinolophus ferrumequinum,0.023,0.023,-1,Echolocation,/mnt/ubna_data_02_mir/recover-20221013/UBNA_001/20221012_030000.WAV,Telephone Field,recover-20221013,001,1795
761.3035,761.3409,68437,82030,Rhinolophus ferrumequinum,0.024,0.024,-1,Echolocation,/mnt/ubna_data_02_mir/recover-20221013/UBNA_001/20221012_030000.WAV,Telephone Field,recover-20221013,001,1795
761.3435,761.3536,23750,30593,Nyctalus leisleri,0.008,0.023,-1,Echolocation,/mnt/ubna_data_02_mir/recover-20221013/UBNA_001/20221012_030000.WAV,Telephone Field,recover-20221013,001,1795
761.3595,761.3978,68437,82304,Rhinolophus ferrumequinum,0.022,0.022,-1,Echolocation,/mnt/ubna_data_02_mir/recover-20221013/UBNA_001/20221012_030000.WAV,Telephone Field,recover-20221013,001,1795
761.3815,761.4225,68437,82924,Rhinolophus ferrumequinum,0.024,0.024,-1,Echolocation,/mnt/ubna_data_02_mir/recover-20221013/UBNA_001/20221012_030000.WAV,Telephone Field,recover-20221013,001,1795
761.3955,761.4052,24609,31697,Nyctalus leisleri,0.008,0.022,-1,Echolocation,/mnt/ubna_data_02_mir/recover-20221013/UBNA_001/20221012_030000.WAV,Telephone Field,recover-20221013,001,1795
761.4045,761.417,23750,28445,Nyctalus leisleri,0.015,0.026,-1,Echolocation,/mnt/ubna_data_02_mir/recover-20221013/UBNA_001/20221012_030000.WAV,Telephone Field,recover-20221013,001,1795
761.4455,761.4876,68437,82738,Rhinolophus ferrumequinum,0.029,0.029,-1,Echolocation,/mnt/ubna_data_02_mir/recover-20221013/UBNA_001/20221012_030000.WAV,Telephone Field,recover-20221013,001,1795
761.4655,761.5038,68437,81983,Rhinolophus ferrumequinum,0.021,0.021,-1,Echolocation,/mnt/ubna_data_02_mir/recover-20221013/UBNA_001/20221012_030000.WAV,Telephone Field,recover-20221013,001,1795
761.4835,761.494,22890,28232,Nyctalus leisleri,0.009,0.022,-1,Echolocation,/mnt/ubna_data_02_mir/recover-20221013/UBNA_001/20221012_030000.WAV,Telephone Field,recover-20221013,001,1795
761.4945,761.5032,28906,39312,Eptesicus serotinus,0.009,0.023,-1,Echolocation,/mnt/ubna_data_02_mir/recover-20221013/UBNA_001/20221012_030000.WAV,Telephone Field,recover-20221013,001,1795
761.5115,761.5506,68437,81762,Rhinolophus ferrumequinum,0.023,0.023,-1,Echolocation,/mnt/ubna_data_02_mir/recover-20221013/UBNA_001/20221012_030000.WAV,Telephone Field,recover-20221013,001,1795
761.5575,761.5954,68437,82431,Rhinolophus ferrumequinum,0.021,0.021,-1,Echolocation,/mnt/ubna_data_02_mir/recover-20221013/UBNA_001/20221012_030000.WAV,Telephone Field,recover-20221013,001,1795
761.6375,761.6695,68437,80719,Rhinolophus ferrumequinum,0.021,0.021,-1,Echolocation,/mnt/ubna_data_02_mir/recover-20221013/UBNA_001/20221012_030000.WAV,Telephone Field,recover-20221013,001,1795
761.6485,761.6834,68437,80892,Rhinolophus ferrumequinum,0.021,0.021,-1,Echolocation,/mnt/ubna_data_02_mir/recover-20221013/UBNA_001/20221012_030000.WAV,Telephone Field,recover-20221013,001,1795
761.6565,761.6694,23750,29001,Nyctalus leisleri,0.015,0.033,-1,Echolocation,/mnt/ubna_data_02_mir/recover-20221013/UBNA_001/20221012_030000.WAV,Telephone Field,recover-20221013,001,1795
761.6685,761.7065,68437,82249,Rhinolophus ferrumequinum,0.023,0.023,-1,Echolocation,/mnt/ubna_data_02_mir/recover-20221013/UBNA_001/20221012_030000.WAV,Telephone Field,recover-20221013,001,1795
761.6855,761.6933,24609,33607,Plecotus auritus,0.006,0.024,-1,Echolocation,/mnt/ubna_data_02_mir/recover-20221013/UBNA_001/20221012_030000.WAV,Telephone Field,recover-20221013,001,1795
761.7035,761.7404,68437,81535,Rhinolophus ferrumequinum,0.021,0.021,-1,Echolocation,/mnt/ubna_data_02_mir/recover-20221013/UBNA_001/20221012_030000.WAV,Telephone Field,recover-20221013,001,1795
761.7235,761.7616,68437,81603,Rhinolophus ferrumequinum,0.023,0.023,-1,Echolocation,/mnt/ubna_data_02_mir/recover-20221013/UBNA_001/20221012_030000.WAV,Telephone Field,recover-20221013,001,1795
761.7495,761.7605,28046,35479,Eptesicus serotinus,0.011,0.024,-1,Echolocation,/mnt/ubna_data_02_mir/recover-20221013/UBNA_001/20221012_030000.WAV,Telephone Field,recover-20221013,001,1795
761.7595,761.795,68437,81806,Rhinolophus ferrumequinum,0.021,0.021,-1,Echolocation,/mnt/ubna_data_02_mir/recover-20221013/UBNA_001/20221012_030000.WAV,Telephone Field,recover-20221013,001,1795
761.7685,761.7802,24609,31432,Nyctalus leisleri,0.01,0.03,-1,Echolocation,/mnt/ubna_data_02_mir/recover-20221013/UBNA_001/20221012_030000.WAV,Telephone Field,recover-20221013,001,1795
761.7875,761.7956,28906,37894,Eptesicus serotinus,0.007,0.021,-1,Echolocation,/mnt/ubna_data_02_mir/recover-20221013/UBNA_001/20221012_030000.WAV,Telephone Field,recover-20221013,001,1795
761.8375,761.8762,68437,82305,Rhinolophus ferrumequinum,0.022,0.022,-1,Echolocation,/mnt/ubna_data_02_mir/recover-20221013/UBNA_001/20221012_030000.WAV,Telephone Field,recover-20221013,001,1795
761.8615,761.8722,22890,28284,Nyctalus leisleri,0.01,0.022,-1,Echolocation,/mnt/ubna_data_02_mir/recover-20221013/UBNA_001/20221012_030000.WAV,Telephone Field,recover-20221013,001,1795
761.9215,761.9289,28046,40325,Eptesicus serotinus,0.007,0.022,-1,Echolocation,/mnt/ubna_data_02_mir/recover-20221013/UBNA_001/20221012_030000.WAV,Telephone Field,recover-20221013,001,1795
762.0015,762.0354,68437,79822,Rhinolophus ferrumequinum,0.037,0.038,-1,Echolocation,/mnt/ubna_data_02_mir/recover-20221013/UBNA_001/20221012_030000.WAV,Telephone Field,recover-20221013,001,1795
762.0015,762.0105,30625,38611,Eptesicus serotinus,0.007,0.025,-1,Echolocation,/mnt/ubna_data_02_mir/recover-20221013/UBNA_001/20221012_030000.WAV,Telephone Field,recover-20221013,001,1795
762.0015,762.0104,22890,31574,Nyctalus leisleri,0.013,0.034,-1,Echolocation,/mnt/ubna_data_02_mir/recover-20221013/UBNA_001/20221012_030000.WAV,Telephone Field,recover-20221013,001,1795
762.0085,762.0507,68437,82607,Rhinolophus ferrumequinum,0.024,0.025,-1,Echolocation,/mnt/ubna_data_02_mir/recover-20221013/UBNA_001/20221012_030000.WAV,Telephone Field,recover-20221013,001,1795
762.0195,762.0272,23750,31926,Plecotus austriacus,0.008,0.023,-1,Echolocation,/mnt/ubna_data_02_mir/recover-20221013/UBNA_001/20221012_030000.WAV,Telephone Field,recover-20221013,001,1795
762.0565,762.0933,68437,81367,Rhinolophus ferrumequinum,0.022,0.022,-1,Echolocation,/mnt/ubna_data_02_mir/recover-20221013/UBNA_001/20221012_030000.WAV,Telephone Field,recover-20221013,001,1795
762.0565,762.064,28906,39362,Eptesicus serotinus,0.006,0.023,-1,Echolocation,/mnt/ubna_data_02_mir/recover-20221013/UBNA_001/20221012_030000.WAV,Telephone Field,recover-20221013,001,1795
762.0735,762.115,68437,82343,Rhinolophus ferrumequinum,0.024,0.024,-1,Echolocation,/mnt/ubna_data_02_mir/recover-20221013/UBNA_001/20221012_030000.WAV,Telephone Field,recover-20221013,001,1795
762.0795,762.1196,68437,82868,Rhinolophus ferrumequinum,0.023,0.023,-1,Echolocation,/mnt/ubna_data_02_mir/recover-20221013/UBNA_001/20221012_030000.WAV,Telephone Field,recover-20221013,001,1795
762.0815,762.0895,27187,37758,Eptesicus serotinus,0.009,0.026,-1,Echolocation,/mnt/ubna_data_02_mir/recover-20221013/UBNA_001/20221012_030000.WAV,Telephone Field,recover-20221013,001,1795
762.0815,762.088,46953,55979,Pipistrellus pipistrellus,0.02,0.022,-1,Echolocation,/mnt/ubna_data_02_mir/recover-20221013/UBNA_001/20221012_030000.WAV,Telephone Field,recover-20221013,001,1795
762.1095,762.1508,68437,83014,Rhinolophus ferrumequinum,0.03,0.03,-1,Echolocation,/mnt/ubna_data_02_mir/recover-20221013/UBNA_001/20221012_030000.WAV,Telephone Field,recover-20221013,001,1795
762.1245,762.1322,28906,40907,Eptesicus serotinus,0.009,0.028,-1,Echolocation,/mnt/ubna_data_02_mir/recover-20221013/UBNA_001/20221012_030000.WAV,Telephone Field,recover-20221013,001,1795
762.2615,762.271,28906,37839,Eptesicus serotinus,0.009,0.024,-1,Echolocation,/mnt/ubna_data_02_mir/recover-20221013/UBNA_001/20221012_030000.WAV,Telephone Field,recover-20221013,001,1795
762.2745,762.312,68437,81948,Rhinolophus ferrumequinum,0.026,0.026,-1,Echolocation,/mnt/ubna_data_02_mir/recover-20221013/UBNA_001/20221012_030000.WAV,Telephone Field,recover-20221013,001,1795
762.2945,762.3347,68437,83108,Rhinolophus ferrumequinum,0.028,0.028,-1,Echolocation,/mnt/ubna_data_02_mir/recover-20221013/UBNA_001/20221012_030000.WAV,Telephone Field,recover-20221013,001,1795
762.3035,762.3415,68437,82303,Rhinolophus ferrumequinum,0.022,0.022,-1,Echolocation,/mnt/ubna_data_02_mir/recover-20221013/UBNA_001/20221012_030000.WAV,Telephone Field,recover-20221013,001,1795
762.3325,762.3718,68437,82371,Rhinolophus ferrumequinum,0.022,0.022,-1,Echolocation,/mnt/ubna_data_02_mir/recover-20221013/UBNA_001/20221012_030000.WAV,Telephone Field,recover-20221013,001,1795
762.3565,762.3949,68437,82267,Rhinolophus ferrumequinum,0.022,0.022,-1,Echolocation,/mnt/ubna_data_02_mir/recover-20221013/UBNA_001/20221012_030000.WAV,Telephone Field,recover-20221013,001,1795
762.3665,762.4019,68437,81701,Rhinolophus ferrumequinum,0.022,0.022,-1,Echolocation,/mnt/ubna_data_02_mir/recover-20221013/UBNA_001/20221012_030000.WAV,Telephone Field,recover-20221013,001,1795
762.3935,762.4308,68437,82075,Rhinolophus ferrumequinum,0.026,0.026,-1,Echolocation,/mnt/ubna_data_02_mir/recover-20221013/UBNA_001/20221012_030000.WAV,Telephone Field,recover-20221013,001,1795
762.4315,762.4416,23750,30910,Nyctalus leisleri,0.008,0.024,-1,Echolocation,/mnt/ubna_data_02_mir/recover-20221013/UBNA_001/20221012_030000.WAV,Telephone Field,recover-20221013,001,1795
762.4515,762.4586,28906,37303,Eptesicus serotinus,0.009,0.025,-1,Echolocation,/mnt/ubna_data_02_mir/recover-20221013/UBNA_001/20221012_030000.WAV,Telephone Field,recover-20221013,001,1795
762.4775,762.5165,68437,82153,Rhinolophus ferrumequinum,0.025,0.025,-1,Echolocation,/mnt/ubna_data_02_mir/recover-20221013/UBNA_001/20221012_030000.WAV,Telephone Field,recover-20221013,001,1795
762.5115,762.5218,22031,27870,Nyctalus leisleri,0.009,0.025,-1,Echolocation,/mnt/ubna_data_02_mir/recover-20221013/UBNA_001/20221012_030000.WAV,Telephone Field,recover-20221013,001,1795
762.5485,762.558,24609,31380,Nyctalus leisleri,0.008,0.024,-1,Echolocation,/mnt/ubna_data_02_mir/recover-20221013/UBNA_001/20221012_030000.WAV,Telephone Field,recover-20221013,001,1795
762.5505,762.5901,68437,82796,Rhinolophus ferrumequinum,0.024,0.024,-1,Echolocation,/mnt/ubna_data_02_mir/recover-20221013/UBNA_001/20221012_030000.WAV,Telephone Field,recover-20221013,001,1795
762.5785,762.6196,68437,82841,Rhinolophus ferrumequinum,0.027,0.027,-1,Echolocation,/mnt/ubna_data_02_mir/recover-20221013/UBNA_001/20221012_030000.WAV,Telephone Field,recover-20221013,001,1795
762.5865,762.628,68437,82695,Rhinolophus ferrumequinum,0.027,0.027,-1,Echolocation,/mnt/ubna_data_02_mir/recover-20221013/UBNA_001/20221012_030000.WAV,Telephone Field,recover-20221013,001,1795
762.6195,762.6597,68437,82100,Rhinolophus ferrumequinum,0.024,0.024,-1,Echolocation,/mnt/ubna_data_02_mir/recover-20221013/UBNA_001/20221012_030000.WAV,Telephone Field,recover-20221013,001,1795
762.6605,762.7035,68437,83118,Rhinolophus ferrumequinum,0.023,0.023,-1,Echolocation,/mnt/ubna_data_02_mir/recover-20221013/UBNA_001/20221012_030000.WAV,Telephone Field,recover-20221013,001,1795
762.6645,762.6751,40937,48256,Pipistrellus nathusii,0.008,0.023,-1,Echolocation,/mnt/ubna_data_02_mir/recover-20221013/UBNA_001/20221012_030000.WAV,Telephone Field,recover-20221013,001,1795
762.6805,762.7157,68437,81547,Rhinolophus ferrumequinum,0.023,0.023,-1,Echolocation,/mnt/ubna_data_02_mir/recover-20221013/UBNA_001/20221012_030000.WAV,Telephone Field,recover-20221013,001,1795
762.6915,762.6988,28906,38322,Eptesicus serotinus,0.009,0.025,-1,Echolocation,/mnt/ubna_data_02_mir/recover-20221013/UBNA_001/20221012_030000.WAV,Telephone Field,recover-20221013,001,1795
762.7245,762.7632,68437,82291,Rhinolophus ferrumequinum,0.022,0.022,-1,Echolocation,/mnt/ubna_data_02_mir/recover-20221013/UBNA_001/20221012_030000.WAV,Telephone Field,recover-20221013,001,1795
762.7755,762.7867,22031,25893,Nyctalus leisleri,0.013,0.022,-1,Echolocation,/mnt/ubna_data_02_mir/recover-20221013/UBNA_001/20221012_030000.WAV,Telephone Field,recover-20221013,001,1795
762.7895,762.828,68437,82782,Rhinolophus ferrumequinum,0.027,0.027,-1,Echolocation,/mnt/ubna_data_02_mir/recover-20221013/UBNA_001/20221012_030000.WAV,Telephone Field,recover-20221013,001,1795
762.8225,762.8574,68437,81811,Rhinolophus ferrumequinum,0.023,0.023,-1,Echolocation,/mnt/ubna_data_02_mir/recover-20221013/UBNA_001/20221012_030000.WAV,Telephone Field,recover-20221013,001,1795
762.8385,762.8481,22890,29441,Nyctalus leisleri,0.01,0.028,-1,Echolocation,/mnt/ubna_data_02_mir/recover-20221013/UBNA_001/20221012_030000.WAV,Telephone Field,recover-20221013,001,1795
762.8965,762.9064,28906,36268,Eptesicus serotinus,0.009,0.023,-1,Echolocation,/mnt/ubna_data_02_mir/recover-20221013/UBNA_001/20221012_030000.WAV,Telephone Field,recover-20221013,001,1795
762.8985,762.9338,68437,80953,Rhinolophus ferrumequinum,0.023,0.023,-1,Echolocation,/mnt/ubna_data_02_mir/recover-20221013/UBNA_001/20221012_030000.WAV,Telephone Field,recover-20221013,001,1795
762.9035,762.911,22890,30395,Plecotus austriacus,0.012,0.025,-1,Echolocation,/mnt/ubna_data_02_mir/recover-20221013/UBNA_001/20221012_030000.WAV,Telephone Field,recover-20221013,001,1795
762.9195,762.958,68437,82458,Rhinolophus ferrumequinum,0.022,0.022,-1,Echolocation,/mnt/ubna_data_02_mir/recover-20221013/UBNA_001/20221012_030000.WAV,Telephone Field,recover-20221013,001,1795
762.9435,762.9835,68437,82853,Rhinolophus ferrumequinum,0.021,0.021,-1,Echolocation,/mnt/ubna_data_02_mir/recover-20221013/UBNA_001/20221012_030000.WAV,Telephone Field,recover-20221013,001,1795
762.9685,762.982,15156,20945,Nyctalus noctula,0.019,0.028,-1,Echolocation,/mnt/ubna_data_02_mir/recover-20221013/UBNA_001/20221012_030000.WAV,Telephone Field,recover-20221013,001,1795
762.9715,762.9817,28046,36323,Eptesicus serotinus,0.01,0.025,-1,Echolocation,/mnt/ubna_data_02_mir/recover-20221013/UBNA_001/20221012_030000.WAV,Telephone Field,recover-20221013,001,1795
762.9935,763.0338,68437,82373,Rhinolophus ferrumequinum,0.022,0.022,-1,Echolocation,/mnt/ubna_data_02_mir/recover-20221013/UBNA_001/20221012_030000.WAV,Telephone Field,recover-20221013,001,1795
762.9995,763.0092,23750,30870,Nyctalus leisleri,0.008,0.026,-1,Echolocation,/mnt/ubna_data_02_mir/recover-20221013/UBNA_001/20221012_030000.WAV,Telephone Field,recover-20221013,001,1795
763.0245,763.0346,22031,27004,Nyctalus leisleri,0.01,0.023,-1,Echolocation,/mnt/ubna_data_02_mir/recover-20221013/UBNA_001/20221012_030000.WAV,Telephone Field,recover-20221013,001,1795
763.0505,763.0573,47812,55869,Pipistrellus pipistrellus,0.014,0.024,-1,Echolocation,/mnt/ubna_data_02_mir/recover-20221013/UBNA_001/20221012_030000.WAV,Telephone Field,recover-20221013,001,1795
763.0755,763.0832,23750,32362,Plecotus austriacus,0.01,0.024,-1,Echolocation,/mnt/ubna_data_02_mir/recover-20221013/UBNA_001/20221012_030000.WAV,Telephone Field,recover-20221013,001,1795
763.1025,763.1103,28906,37845,Eptesicus serotinus,0.007,0.023,-1,Echolocation,/mnt/ubna_data_02_mir/recover-20221013/UBNA_001/20221012_030000.WAV,Telephone Field,recover-20221013,001,1795
763.1045,763.109,49531,58945,Pipistrellus pipistrellus,0.017,0.022,-1,Echolocation,/mnt/ubna_data_02_mir/recover-20221013/UBNA_001/20221012_030000.WAV,Telephone Field,recover-20221013,001,1795
763.1045,763.1431,68437,82039,Rhinolophus ferrumequinum,0.027,0.027,-1,Echolocation,/mnt/ubna_data_02_mir/recover-20221013/UBNA_001/20221012_030000.WAV,Telephone Field,recover-20221013,001,1795
763.1285,763.1634,68437,81841,Rhinolophus ferrumequinum,0.024,0.024,-1,Echolocation,/mnt/ubna_data_02_mir/recover-20221013/UBNA_001/20221012_030000.WAV,Telephone Field,recover-20221013,001,1795
763.1425,763.1507,28906,38549,Eptesicus serotinus,0.008,0.025,-1,Echolocation,/mnt/ubna_data_02_mir/recover-20221013/UBNA_001/20221012_030000.WAV,Telephone Field,recover-20221013,001,1795
763.1435,763.1519,23750,31925,Plecotus austriacus,0.008,0.023,-1,Echolocation,/mnt/ubna_data_02_mir/recover-20221013/UBNA_001/20221012_030000.WAV,Telephone Field,recover-20221013,001,1795
763.1635,763.2035,68437,82285,Rhinolophus ferrumequinum,0.024,0.024,-1,Echolocation,/mnt/ubna_data_02_mir/recover-20221013/UBNA_001/20221012_030000.WAV,Telephone Field,recover-20221013,001,1795
763.1785,763.1891,23750,29562,Nyctalus leisleri,0.009,0.023,-1,Echolocation,/mnt/ubna_data_02_mir/recover-20221013/UBNA_001/20221012_030000.WAV,Telephone Field,recover-20221013,001,1795
763.1895,763.2003,24609,29955,Nyctalus leisleri,0.009,0.022,-1,Echolocation,/mnt/ubna_data_02_mir/recover-20221013/UBNA_001/20221012_030000.WAV,Telephone Field,recover-20221013,001,1795
763.1935,763.234,68437,82816,Rhinolophus ferrumequinum,0.025,0.025,-1,Echolocation,/mnt/ubna_data_02_mir/recover-20221013/UBNA_001/20221012_030000.WAV,Telephone Field,recover-20221013,001,1795
763.2245,763.2326,28046,38720,Eptesicus serotinus,0.007,0.022,-1,Echolocation,/mnt/ubna_data_02_mir/recover-20221013/UBNA_001/20221012_030000.WAV,Telephone Field,recover-20221013,001,1795
763.2315,763.2417,25468,31290,Nyctalus leisleri,0.008,0.022,-1,Echolocation,/mnt/ubna_data_02_mir/recover-20221013/UBNA_001/20221012_030000.WAV,Telephone Field,recover-20221013,001,1795
763.2375,763.2768,68437,82755,Rhinolophus ferrumequinum,0.023,0.023,-1,Echolocation,/mnt/ubna_data_02_mir/recover-20221013/UBNA_001/20221012_030000.WAV,Telephone Field,recover-20221013,001,1795
763.2445,763.2836,68437,82898,Rhinolophus ferrumequinum,0.026,0.026,-1,Echolocation,/mnt/ubna_data_02_mir/recover-20221013/UBNA_001/20221012_030000.WAV,Telephone Field,recover-20221013,001,1795
763.2535,763.2938,68437,82525,Rhinolophus ferrumequinum,0.024,0.024,-1,Echolocation,/mnt/ubna_data_02_mir/recover-20221013/UBNA_001/20221012_030000.WAV,Telephone Field,recover-20221013,001,1795
763.2635,763.2715,23750,31067,Plecotus austriacus,0.008,0.022,-1,Echolocation,/mnt/ubna_data_02_mir/recover-20221013/UBNA_001/20221012_030000.WAV,Telephone Field,recover-20221013,001,1795
763.2875,763.3238,68437,81742,Rhinolophus ferrumequinum,0.022,0.022,-1,Echolocation,/mnt/ubna_data_02_mir/recover-20221013/UBNA_001/20221012_030000.WAV,Telephone Field,recover-20221013,001,1795
763.2965,763.3063,28906,37043,Eptesicus serotinus,0.009,0.022,-1,Echolocation,/mnt/ubna_data_02_mir/recover-20221013/UBNA_001/20221012_030000.WAV,Telephone Field,recover-20221013,001,1795
763.3865,763.4231,68437,81941,Rhinolophus ferrumequinum,0.037,0.037,-1,Echolocation,/mnt/ubna_data_02_mir/recover-20221013/UBNA_001/20221012_030000.WAV,Telephone Field,recover-20221013,001,1795
763.3925,763.3988,26328,39656,Myotis nattereri,0.005,0.022,-1,Echolocation,/mnt/ubna_data_02_mir/recover-20221013/UBNA_001/20221012_030000.WAV,Telephone Field,recover-20221013,001,1795
763.4095,763.4502,68437,82639,Rhinolophus ferrumequinum,0.035,0.035,-1,Echolocation,/mnt/ubna_data_02_mir/recover-20221013/UBNA_001/20221012_030000.WAV,Telephone Field,recover-20221013,001,1795
763.4205,763.4578,68437,82219,Rhinolophus ferrumequinum,0.021,0.021,-1,Echolocation,/mnt/ubna_data_02_mir/recover-20221013/UBNA_001/20221012_030000.WAV,Telephone Field,recover-20221013,001,1795
763.4395,763.4491,28046,38237,Eptesicus serotinus,0.039,0.06,-1,Echolocation,/mnt/ubna_data_02_mir/recover-20221013/UBNA_001/20221012_030000.WAV,Telephone Field,recover-20221013,001,1795
763.4655,763.477,22890,28100,Nyctalus leisleri,0.015,0.028,-1,Echolocation,/mnt/ubna_data_02_mir/recover-20221013/UBNA_001/20221012_030000.WAV,Telephone Field,recover-20221013,001,1795
763.5075,763.547,68437,82878,Rhinolophus ferrumequinum,0.023,0.023,-1,Echolocation,/mnt/ubna_data_02_mir/recover-20221013/UBNA_001/20221012_030000.WAV,Telephone Field,recover-20221013,001,1795
763.5375,763.5779,68437,82424,Rhinolophus ferrumequinum,0.024,0.024,-1,Echolocation,/mnt/ubna_data_02_mir/recover-20221013/UBNA_001/20221012_030000.WAV,Telephone Field,recover-20221013,001,1795
763.5495,763.5924,68437,83700,Rhinolophus ferrumequinum,0.041,0.041,-1,Echolocation,/mnt/ubna_data_02_mir/recover-20221013/UBNA_001/20221012_030000.WAV,Telephone Field,recover-20221013,001,1795
763.5755,763.6156,68437,82832,Rhinolophus ferrumequinum,0.022,0.022,-1,Echolocation,/mnt/ubna_data_02_mir/recover-20221013/UBNA_001/20221012_030000.WAV,Telephone Field,recover-20221013,001,1795
763.5765,763.5857,28046,37279,Eptesicus serotinus,0.01,0.024,-1,Echolocation,/mnt/ubna_data_02_mir/recover-20221013/UBNA_001/20221012_030000.WAV,Telephone Field,recover-20221013,001,1795
763.5925,763.5995,28046,41424,Eptesicus serotinus,0.006,0.024,-1,Echolocation,/mnt/ubna_data_02_mir/recover-20221013/UBNA_001/20221012_030000.WAV,Telephone Field,recover-20221013,001,1795
763.6025,763.6146,22890,28720,Nyctalus leisleri,0.015,0.033,-1,Echolocation,/mnt/ubna_data_02_mir/recover-20221013/UBNA_001/20221012_030000.WAV,Telephone Field,recover-20221013,001,1795
763.6205,763.6564,68437,81733,Rhinolophus ferrumequinum,0.022,0.022,-1,Echolocation,/mnt/ubna_data_02_mir/recover-20221013/UBNA_001/20221012_030000.WAV,Telephone Field,recover-20221013,001,1795
763.6595,763.6972,68437,81584,Rhinolophus ferrumequinum,0.023,0.023,-1,Echolocation,/mnt/ubna_data_02_mir/recover-20221013/UBNA_001/20221012_030000.WAV,Telephone Field,recover-20221013,001,1795
763.6675,763.6749,23750,31912,Plecotus austriacus,0.01,0.023,-1,Echolocation,/mnt/ubna_data_02_mir/recover-20221013/UBNA_001/20221012_030000.WAV,Telephone Field,recover-20221013,001,1795
763.6875,763.6943,28046,43913,Eptesicus serotinus,0.008,0.029,-1,Echolocation,/mnt/ubna_data_02_mir/recover-20221013/UBNA_001/20221012_030000.WAV,Telephone Field,recover-20221013,001,1795
763.7035,763.7408,68437,81489,Rhinolophus ferrumequinum,0.023,0.023,-1,Echolocation,/mnt/ubna_data_02_mir/recover-20221013/UBNA_001/20221012_030000.WAV,Telephone Field,recover-20221013,001,1795
763.7195,763.7583,68437,82494,Rhinolophus ferrumequinum,0.022,0.022,-1,Echolocation,/mnt/ubna_data_02_mir/recover-20221013/UBNA_001/20221012_030000.WAV,Telephone Field,recover-20221013,001,1795
763.7315,763.7392,25468,34022,Eptesicus serotinus,0.006,0.021,-1,Echolocation,/mnt/ubna_data_02_mir/recover-20221013/UBNA_001/20221012_030000.WAV,Telephone Field,recover-20221013,001,1795
763.7605,763.7734,24609,30052,Nyctalus leisleri,0.016,0.032,-1,Echolocation,/mnt/ubna_data_02_mir/recover-20221013/UBNA_001/20221012_030000.WAV,Telephone Field,recover-20221013,001,1795
763.8155,763.8221,28046,40473,Eptesicus serotinus,0.006,0.027,-1,Echolocation,/mnt/ubna_data_02_mir/recover-20221013/UBNA_001/20221012_030000.WAV,Telephone Field,recover-20221013,001,1795
763.8175,763.8518,68437,81677,Rhinolophus ferrumequinum,0.022,0.022,-1,Echolocation,/mnt/ubna_data_02_mir/recover-20221013/UBNA_001/20221012_030000.WAV,Telephone Field,recover-20221013,001,1795
763.8265,763.8647,68437,82499,Rhinolophus ferrumequinum,0.026,0.026,-1,Echolocation,/mnt/ubna_data_02_mir/recover-20221013/UBNA_001/20221012_030000.WAV,Telephone Field,recover-20221013,001,1795
763.8595,763.872,22890,26756,Nyctalus leisleri,0.016,0.027,-1,Echolocation,/mnt/ubna_data_02_mir/recover-20221013/UBNA_001/20221012_030000.WAV,Telephone Field,recover-20221013,001,1795
763.8615,763.8967,68437,81130,Rhinolophus ferrumequinum,0.023,0.023,-1,Echolocation,/mnt/ubna_data_02_mir/recover-20221013/UBNA_001/20221012_030000.WAV,Telephone Field,recover-20221013,001,1795
763.8675,763.8857,19453,22736,Nyctalus leisleri,0.015,0.025,-1,Echolocation,/mnt/ubna_data_02_mir/recover-20221013/UBNA_001/20221012_030000.WAV,Telephone Field,recover-20221013,001,1795
763.9485,763.9605,23750,28684,Nyctalus leisleri,0.013,0.026,-1,Echolocation,/mnt/ubna_data_02_mir/recover-20221013/UBNA_001/20221012_030000.WAV,Telephone Field,recover-20221013,001,1795
763.9585,763.968,27187,36661,Eptesicus serotinus,0.009,0.022,-1,Echolocation,/mnt/ubna_data_02_mir/recover-20221013/UBNA_001/20221012_030000.WAV,Telephone Field,recover-20221013,001,1795
763.9595,763.9961,68437,82221,Rhinolophus ferrumequinum,0.022,0.022,-1,Echolocation,/mnt/ubna_data_02_mir/recover-20221013/UBNA_001/20221012_030000.WAV,Telephone Field,recover-20221013,001,1795
763.9825,763.9927,51250,58355,Pipistrellus pipistrellus,0.018,0.026,-1,Echolocation,/mnt/ubna_data_02_mir/recover-20221013/UBNA_001/20221012_030000.WAV,Telephone Field,recover-20221013,001,1795
764.0015,764.0136,45234,49186,Pipistrellus pipistrellus,0.041,0.051,-1,Echolocation,/mnt/ubna_data_02_mir/recover-20221013/UBNA_001/20221012_030000.WAV,Telephone Field,recover-20221013,001,1795
764.0015,764.0377,68437,80046,Rhinolophus ferrumequinum,0.044,0.045,-1,Echolocation,/mnt/ubna_data_02_mir/recover-20221013/UBNA_001/20221012_030000.WAV,Telephone Field,recover-20221013,001,1795
764.0015,764.0088,30625,45198,Myotis daubentonii,0.007,0.021,-1,Echolocation,/mnt/ubna_data_02_mir/recover-20221013/UBNA_001/20221012_030000.WAV,Telephone Field,recover-20221013,001,1795
764.0025,764.0233,19453,23219,Nyctalus noctula,0.027,0.051,-1,Echolocation,/mnt/ubna_data_02_mir/recover-20221013/UBNA_001/20221012_030000.WAV,Telephone Field,recover-20221013,001,1795
764.0075,764.0511,68437,82492,Rhinolophus ferrumequinum,0.026,0.026,-1,Echolocation,/mnt/ubna_data_02_mir/recover-20221013/UBNA_001/20221012_030000.WAV,Telephone Field,recover-20221013,001,1795
764.0635,764.1032,68437,81911,Rhinolophus ferrumequinum,0.023,0.023,-1,Echolocation,/mnt/ubna_data_02_mir/recover-20221013/UBNA_001/20221012_030000.WAV,Telephone Field,recover-20221013,001,1795
764.0745,764.118,68437,83535,Rhinolophus ferrumequinum,0.032,0.032,-1,Echolocation,/mnt/ubna_data_02_mir/recover-20221013/UBNA_001/20221012_030000.WAV,Telephone Field,recover-20221013,001,1795
764.0915,764.1307,68437,82892,Rhinolophus ferrumequinum,0.035,0.035,-1,Echolocation,/mnt/ubna_data_02_mir/recover-20221013/UBNA_001/20221012_030000.WAV,Telephone Field,recover-20221013,001,1795
764.0925,764.1032,23750,30430,Nyctalus leisleri,0.01,0.024,-1,Echolocation,/mnt/ubna_data_02_mir/recover-20221013/UBNA_001/20221012_030000.WAV,Telephone Field,recover-20221013,001,1795
764.1095,764.1165,25468,35695,Plecotus austriacus,0.013,0.034,-1,Echolocation,/mnt/ubna_data_02_mir/recover-20221013/UBNA_001/20221012_030000.WAV,Telephone Field,recover-20221013,001,1795
764.1375,764.1474,46093,50275,Pipistrellus pipistrellus,0.029,0.032,-1,Echolocation,/mnt/ubna_data_02_mir/recover-20221013/UBNA_001/20221012_030000.WAV,Telephone Field,recover-20221013,001,1795
764.1475,764.1595,27187,33195,Eptesicus serotinus,0.014,0.028,-1,Echolocation,/mnt/ubna_data_02_mir/recover-20221013/UBNA_001/20221012_030000.WAV,Telephone Field,recover-20221013,001,1795
764.2105,764.2476,68437,81452,Rhinolophus ferrumequinum,0.022,0.022,-1,Echolocation,/mnt/ubna_data_02_mir/recover-20221013/UBNA_001/20221012_030000.WAV,Telephone Field,recover-20221013,001,1795
764.2325,764.2736,68437,82930,Rhinolophus ferrumequinum,0.028,0.028,-1,Echolocation,/mnt/ubna_data_02_mir/recover-20221013/UBNA_001/20221012_030000.WAV,Telephone Field,recover-20221013,001,1795
764.2755,764.2839,34062,41334,Myotis daubentonii,0.007,0.022,-1,Echolocation,/mnt/ubna_data_02_mir/recover-20221013/UBNA_001/20221012_030000.WAV,Telephone Field,recover-20221013,001,1795
764.2925,764.3319,68437,82525,Rhinolophus ferrumequinum,0.022,0.022,-1,Echolocation,/mnt/ubna_data_02_mir/recover-20221013/UBNA_001/20221012_030000.WAV,Telephone Field,recover-20221013,001,1795
764.3045,764.3126,27187,39965,Eptesicus serotinus,0.008,0.026,-1,Echolocation,/mnt/ubna_data_02_mir/recover-20221013/UBNA_001/20221012_030000.WAV,Telephone Field,recover-20221013,001,1795
764.3305,764.3697,68437,81978,Rhinolophus ferrumequinum,0.021,0.021,-1,Echolocation,/mnt/ubna_data_02_mir/recover-20221013/UBNA_001/20221012_030000.WAV,Telephone Field,recover-20221013,001,1795
764.3435,764.3561,22031,26675,Nyctalus leisleri,0.016,0.034,-1,Echolocation,/mnt/ubna_data_02_mir/recover-20221013/UBNA_001/20221012_030000.WAV,Telephone Field,recover-20221013,001,1795
764.3585,764.3971,68437,82544,Rhinolophus ferrumequinum,0.033,0.033,-1,Echolocation,/mnt/ubna_data_02_mir/recover-20221013/UBNA_001/20221012_030000.WAV,Telephone Field,recover-20221013,001,1795
764.3645,764.3757,22031,26834,Nyctalus leisleri,0.012,0.023,-1,Echolocation,/mnt/ubna_data_02_mir/recover-20221013/UBNA_001/20221012_030000.WAV,Telephone Field,recover-20221013,001,1795
764.4045,764.4412,68437,81339,Rhinolophus ferrumequinum,0.024,0.024,-1,Echolocation,/mnt/ubna_data_02_mir/recover-20221013/UBNA_001/20221012_030000.WAV,Telephone Field,recover-20221013,001,1795
764.4325,764.4556,17734,20944,Nyctalus noctula,0.023,0.035,-1,Echolocation,/mnt/ubna_data_02_mir/recover-20221013/UBNA_001/20221012_030000.WAV,Telephone Field,recover-20221013,001,1795
764.4565,764.4913,68437,81032,Rhinolophus ferrumequinum,0.021,0.021,-1,Echolocation,/mnt/ubna_data_02_mir/recover-20221013/UBNA_001/20221012_030000.WAV,Telephone Field,recover-20221013,001,1795
764.4825,764.5232,68437,82492,Rhinolophus ferrumequinum,0.022,0.022,-1,Echolocation,/mnt/ubna_data_02_mir/recover-20221013/UBNA_001/20221012_030000.WAV,Telephone Field,recover-20221013,001,1795
764.4975,764.507,28906,36318,Eptesicus serotinus,0.01,0.022,-1,Echolocation,/mnt/ubna_data_02_mir/recover-20221013/UBNA_001/20221012_030000.WAV,Telephone Field,recover-20221013,001,1795
764.5145,764.5563,68437,82570,Rhinolophus ferrumequinum,0.023,0.023,-1,Echolocation,/mnt/ubna_data_02_mir/recover-20221013/UBNA_001/20221012_030000.WAV,Telephone Field,recover-20221013,001,1795
764.5255,764.5665,68437,83245,Rhinolophus ferrumequinum,0.024,0.024,-1,Echolocation,/mnt/ubna_data_02_mir/recover-20221013/UBNA_001/20221012_030000.WAV,Telephone Field,recover-20221013,001,1795
764.5315,764.5478,21171,25079,Nyctalus leisleri,0.015,0.027,-1,Echolocation,/mnt/ubna_data_02_mir/recover-20221013/UBNA_001/20221012_030000.WAV,Telephone Field,recover-20221013,001,1795
764.5595,764.5992,68437,82224,Rhinolophus ferrumequinum,0.021,0.021,-1,Echolocation,/mnt/ubna_data_02_mir/recover-20221013/UBNA_001/20221012_030000.WAV,Telephone Field,recover-20221013,001,1795
764.6125,764.6245,21171,25133,Nyctalus leisleri,0.012,0.022,-1,Echolocation,/mnt/ubna_data_02_mir/recover-20221013/UBNA_001/20221012_030000.WAV,Telephone Field,recover-20221013,001,1795
764.6565,764.6659,28906,38662,Eptesicus serotinus,0.012,0.031,-1,Echolocation,/mnt/ubna_data_02_mir/recover-20221013/UBNA_001/20221012_030000.WAV,Telephone Field,recover-20221013,001,1795
764.6835,764.7243,68437,82462,Rhinolophus ferrumequinum,0.035,0.035,-1,Echolocation,/mnt/ubna_data_02_mir/recover-20221013/UBNA_001/20221012_030000.WAV,Telephone Field,recover-20221013,001,1795
764.7115,764.72,28046,38879,Eptesicus serotinus,0.009,0.023,-1,Echolocation,/mnt/ubna_data_02_mir/recover-20221013/UBNA_001/20221012_030000.WAV,Telephone Field,recover-20221013,001,1795
764.7255,764.7606,68437,81374,Rhinolophus ferrumequinum,0.022,0.022,-1,Echolocation,/mnt/ubna_data_02_mir/recover-20221013/UBNA_001/20221012_030000.WAV,Telephone Field,recover-20221013,001,1795
764.7665,764.7761,23750,31321,Eptesicus serotinus,0.006,0.021,-1,Echolocation,/mnt/ubna_data_02_mir/recover-20221013/UBNA_001/20221012_030000.WAV,Telephone Field,recover-20221013,001,1795
764.7675,764.8071,68437,82390,Rhinolophus ferrumequinum,0.022,0.022,-1,Echolocation,/mnt/ubna_data_02_mir/recover-20221013/UBNA_001/20221012_030000.WAV,Telephone Field,recover-20221013,001,1795
764.7855,764.8234,68437,82054,Rhinolophus ferrumequinum,0.026,0.026,-1,Echolocation,/mnt/ubna_data_02_mir/recover-20221013/UBNA_001/20221012_030000.WAV,Telephone Field,recover-20221013,001,1795
764.7875,764.7973,28046,38599,Eptesicus serotinus,0.026,0.042,-1,Echolocation,/mnt/ubna_data_02_mir/recover-20221013/UBNA_001/20221012_030000.WAV,Telephone Field,recover-20221013,001,1795
764.8015,764.8106,28046,37472,Eptesicus serotinus,0.008,0.021,-1,Echolocation,/mnt/ubna_data_02_mir/recover-20221013/UBNA_001/20221012_030000.WAV,Telephone Field,recover-20221013,001,1795
764.8145,764.8535,68437,82653,Rhinolophus ferrumequinum,0.024,0.024,-1,Echolocation,/mnt/ubna_data_02_mir/recover-20221013/UBNA_001/20221012_030000.WAV,Telephone Field,recover-20221013,001,1795
764.8365,764.8444,27187,39427,Eptesicus serotinus,0.008,0.023,-1,Echolocation,/mnt/ubna_data_02_mir/recover-20221013/UBNA_001/20221012_030000.WAV,Telephone Field,recover-20221013,001,1795
764.8435,764.8537,23750,30206,Nyctalus leisleri,0.008,0.021,-1,Echolocation,/mnt/ubna_data_02_mir/recover-20221013/UBNA_001/20221012_030000.WAV,Telephone Field,recover-20221013,001,1795
764.8515,764.8886,68437,81274,Rhinolophus ferrumequinum,0.021,0.021,-1,Echolocation,/mnt/ubna_data_02_mir/recover-20221013/UBNA_001/20221012_030000.WAV,Telephone Field,recover-20221013,001,1795
764.8605,764.897,68437,81475,Rhinolophus ferrumequinum,0.023,0.023,-1,Echolocation,/mnt/ubna_data_02_mir/recover-20221013/UBNA_001/20221012_030000.WAV,Telephone Field,recover-20221013,001,1795
764.9075,764.9457,68437,81450,Rhinolophus ferrumequinum,0.022,0.022,-1,Echolocation,/mnt/ubna_data_02_mir/recover-20221013/UBNA_001/20221012_030000.WAV,Telephone Field,recover-20221013,001,1795
764.9525,764.9922,68437,82566,Rhinolophus ferrumequinum,0.023,0.023,-1,Echolocation,/mnt/ubna_data_02_mir/recover-20221013/UBNA_001/20221012_030000.WAV,Telephone Field,recover-20221013,001,1795
764.9685,765.0065,68437,82493,Rhinolophus ferrumequinum,0.029,0.029,-1,Echolocation,/mnt/ubna_data_02_mir/recover-20221013/UBNA_001/20221012_030000.WAV,Telephone Field,recover-20221013,001,1795
764.9825,764.9937,22890,27257,Nyctalus leisleri,0.011,0.021,-1,Echolocation,/mnt/ubna_data_02_mir/recover-20221013/UBNA_001/20221012_030000.WAV,Telephone Field,recover-20221013,001,1795
765.0055,765.0441,68437,82667,Rhinolophus ferrumequinum,0.026,0.026,-1,Echolocation,/mnt/ubna_data_02_mir/recover-20221013/UBNA_001/20221012_030000.WAV,Telephone Field,recover-20221013,001,1795
765.0325,765.0701,68437,81632,Rhinolophus ferrumequinum,0.022,0.022,-1,Echolocation,/mnt/ubna_data_02_mir/recover-20221013/UBNA_001/20221012_030000.WAV,Telephone Field,recover-20221013,001,1795
765.0525,765.0623,28046,38105,Eptesicus serotinus,0.01,0.024,-1,Echolocation,/mnt/ubna_data_02_mir/recover-20221013/UBNA_001/20221012_030000.WAV,Telephone Field,recover-20221013,001,1795
765.0535,765.0925,68437,82305,Rhinolophus ferrumequinum,0.021,0.021,-1,Echolocation,/mnt/ubna_data_02_mir/recover-20221013/UBNA_001/20221012_030000.WAV,Telephone Field,recover-20221013,001,1795
765.0645,765.075,22890,28915,Nyctalus leisleri,0.01,0.025,-1,Echolocation,/mnt/ubna_data_02_mir/recover-20221013/UBNA_001/20221012_030000.WAV,Telephone Field,recover-20221013,001,1795
765.1255,765.136,27187,35245,Eptesicus serotinus,0.011,0.025,-1,Echolocation,/mnt/ubna_data_02_mir/recover-20221013/UBNA_001/20221012_030000.WAV,Telephone Field,recover-20221013,001,1795
765.1545,765.193,68437,82272,Rhinolophus ferrumequinum,0.022,0.022,-1,Echolocation,/mnt/ubna_data_02_mir/recover-20221013/UBNA_001/20221012_030000.WAV,Telephone Field,recover-20221013,001,1795
765.1635,765.2019,68437,82090,Rhinolophus ferrumequinum,0.022,0.022,-1,Echolocation,/mnt/ubna_data_02_mir/recover-20221013/UBNA_001/20221012_030000.WAV,Telephone Field,recover-20221013,001,1795
765.2395,765.2781,68437,82381,Rhinolophus ferrumequinum,0.034,0.034,-1,Echolocation,/mnt/ubna_data_02_mir/recover-20221013/UBNA_001/20221012_030000.WAV,Telephone Field,recover-20221013,001,1795
765.2405,765.2505,24609,32036,Eptesicus serotinus,0.008,0.025,-1,Echolocation,/mnt/ubna_data_02_mir/recover-20221013/UBNA_001/20221012_030000.WAV,Telephone Field,recover-20221013,001,1795
765.2615,765.2681,27187,39389,Eptesicus serotinus,0.006,0.023,-1,Echolocation,/mnt/ubna_data_02_mir/recover-20221013/UBNA_001/20221012_030000.WAV,Telephone Field,recover-20221013,001,1795
765.3205,765.3595,68437,82123,Rhinolophus ferrumequinum,0.023,0.023,-1,Echolocation,/mnt/ubna_data_02_mir/recover-20221013/UBNA_001/20221012_030000.WAV,Telephone Field,recover-20221013,001,1795
765.3395,765.3749,68437,81552,Rhinolophus ferrumequinum,0.022,0.023,-1,Echolocation,/mnt/ubna_data_02_mir/recover-20221013/UBNA_001/20221012_030000.WAV,Telephone Field,recover-20221013,001,1795
765.3615,765.3981,68437,81660,Rhinolophus ferrumequinum,0.022,0.022,-1,Echolocation,/mnt/ubna_data_02_mir/recover-20221013/UBNA_001/20221012_030000.WAV,Telephone Field,recover-20221013,001,1795
765.3815,765.3919,22031,26678,Nyctalus leisleri,0.011,0.021,-1,Echolocation,/mnt/ubna_data_02_mir/recover-20221013/UBNA_001/20221012_030000.WAV,Telephone Field,recover-20221013,001,1795
765.5185,765.53,25468,31980,Eptesicus serotinus,0.009,0.024,-1,Echolocation,/mnt/ubna_data_02_mir/recover-20221013/UBNA_001/20221012_030000.WAV,Telephone Field,recover-20221013,001,1795
765.5415,765.5787,68437,82458,Rhinolophus ferrumequinum,0.021,0.021,-1,Echolocation,/mnt/ubna_data_02_mir/recover-20221013/UBNA_001/20221012_030000.WAV,Telephone Field,recover-20221013,001,1795
765.5435,765.5537,22890,28531,Nyctalus leisleri,0.011,0.026,-1,Echolocation,/mnt/ubna_data_02_mir/recover-20221013/UBNA_001/20221012_030000.WAV,Telephone Field,recover-20221013,001,1795
765.5665,765.575,26328,37050,Eptesicus serotinus,0.009,0.022,-1,Echolocation,/mnt/ubna_data_02_mir/recover-20221013/UBNA_001/20221012_030000.WAV,Telephone Field,recover-20221013,001,1795
765.6085,765.6463,68437,82134,Rhinolophus ferrumequinum,0.022,0.022,-1,Echolocation,/mnt/ubna_data_02_mir/recover-20221013/UBNA_001/20221012_030000.WAV,Telephone Field,recover-20221013,001,1795
765.6155,765.6544,68437,81940,Rhinolophus ferrumequinum,0.022,0.022,-1,Echolocation,/mnt/ubna_data_02_mir/recover-20221013/UBNA_001/20221012_030000.WAV,Telephone Field,recover-20221013,001,1795
765.6175,765.6253,23750,31949,Plecotus austriacus,0.008,0.021,-1,Echolocation,/mnt/ubna_data_02_mir/recover-20221013/UBNA_001/20221012_030000.WAV,Telephone Field,recover-20221013,001,1795
765.6415,765.6818,68437,82591,Rhinolophus ferrumequinum,0.031,0.031,-1,Echolocation,/mnt/ubna_data_02_mir/recover-20221013/UBNA_001/20221012_030000.WAV,Telephone Field,recover-20221013,001,1795
765.6665,765.7025,68437,81204,Rhinolophus ferrumequinum,0.021,0.022,-1,Echolocation,/mnt/ubna_data_02_mir/recover-20221013/UBNA_001/20221012_030000.WAV,Telephone Field,recover-20221013,001,1795
765.6855,765.7201,68437,80578,Rhinolophus ferrumequinum,0.022,0.022,-1,Echolocation,/mnt/ubna_data_02_mir/recover-20221013/UBNA_001/20221012_030000.WAV,Telephone Field,recover-20221013,001,1795
765.7155,765.7582,68437,83898,Rhinolophus ferrumequinum,0.055,0.055,-1,Echolocation,/mnt/ubna_data_02_mir/recover-20221013/UBNA_001/20221012_030000.WAV,Telephone Field,recover-20221013,001,1795
765.7375,765.7758,68437,82683,Rhinolophus ferrumequinum,0.021,0.021,-1,Echolocation,/mnt/ubna_data_02_mir/recover-20221013/UBNA_001/20221012_030000.WAV,Telephone Field,recover-20221013,001,1795
765.7445,765.7847,68437,82797,Rhinolophus ferrumequinum,0.022,0.022,-1,Echolocation,/mnt/ubna_data_02_mir/recover-20221013/UBNA_001/20221012_030000.WAV,Telephone Field,recover-20221013,001,1795
765.7585,765.7996,68437,82988,Rhinolophus ferrumequinum,0.027,0.027,-1,Echolocation,/mnt/ubna_data_02_mir/recover-20221013/UBNA_001/20221012_030000.WAV,Telephone Field,recover-20221013,001,1795
765.8015,765.8092,23750,35200,Plecotus austriacus,0.008,0.024,-1,Echolocation,/mnt/ubna_data_02_mir/recover-20221013/UBNA_001/20221012_030000.WAV,Telephone Field,recover-20221013,001,1795
765.8025,765.8427,68437,82247,Rhinolophus ferrumequinum,0.022,0.022,-1,Echolocation,/mnt/ubna_data_02_mir/recover-20221013/UBNA_001/20221012_030000.WAV,Telephone Field,recover-20221013,001,1795
765.8195,765.8564,68437,81515,Rhinolophus ferrumequinum,0.022,0.022,-1,Echolocation,/mnt/ubna_data_02_mir/recover-20221013/UBNA_001/20221012_030000.WAV,Telephone Field,recover-20221013,001,1795
765.8345,765.8421,28046,39350,Eptesicus serotinus,0.007,0.022,-1,Echolocation,/mnt/ubna_data_02_mir/recover-20221013/UBNA_001/20221012_030000.WAV,Telephone Field,recover-20221013,001,1795
765.8835,765.8913,25468,34545,Eptesicus serotinus,0.007,0.023,-1,Echolocation,/mnt/ubna_data_02_mir/recover-20221013/UBNA_001/20221012_030000.WAV,Telephone Field,recover-20221013,001,1795
765.8845,765.9249,68437,82820,Rhinolophus ferrumequinum,0.052,0.052,-1,Echolocation,/mnt/ubna_data_02_mir/recover-20221013/UBNA_001/20221012_030000.WAV,Telephone Field,recover-20221013,001,1795
765.9065,765.945,68437,81910,Rhinolophus ferrumequinum,0.022,0.022,-1,Echolocation,/mnt/ubna_data_02_mir/recover-20221013/UBNA_001/20221012_030000.WAV,Telephone Field,recover-20221013,001,1795
765.9275,765.9663,68437,82169,Rhinolophus ferrumequinum,0.022,0.022,-1,Echolocation,/mnt/ubna_data_02_mir/recover-20221013/UBNA_001/20221012_030000.WAV,Telephone Field,recover-20221013,001,1795
765.9475,765.9858,68437,81290,Rhinolophus ferrumequinum,0.024,0.024,-1,Echolocation,/mnt/ubna_data_02_mir/recover-20221013/UBNA_001/20221012_030000.WAV,Telephone Field,recover-20221013,001,1795
765.9485,765.9582,34921,41523,Barbastellus barbastellus,0.006,0.023,-1,Echolocation,/mnt/ubna_data_02_mir/recover-20221013/UBNA_001/20221012_030000.WAV,Telephone Field,recover-20221013,001,1795
765.9555,765.9629,28046,40962,Eptesicus serotinus,0.007,0.022,-1,Echolocation,/mnt/ubna_data_02_mir/recover-20221013/UBNA_001/20221012_030000.WAV,Telephone Field,recover-20221013,001,1795
765.9565,765.9674,46093,50213,Pipistrellus pipistrellus,0.046,0.05,-1,Echolocation,/mnt/ubna_data_02_mir/recover-20221013/UBNA_001/20221012_030000.WAV,Telephone Field,recover-20221013,001,1795
765.9795,765.999,19453,22950,Nyctalus noctula,0.016,0.029,-1,Echolocation,/mnt/ubna_data_02_mir/recover-20221013/UBNA_001/20221012_030000.WAV,Telephone Field,recover-20221013,001,1795
766.0015,766.0103,22890,28881,Nyctalus leisleri,0.012,0.03,-1,Echolocation,/mnt/ubna_data_02_mir/recover-20221013/UBNA_001/20221012_030000.WAV,Telephone Field,recover-20221013,001,1795
766.0015,766.0343,68437,81037,Rhinolophus ferrumequinum,0.036,0.036,-1,Echolocation,/mnt/ubna_data_02_mir/recover-20221013/UBNA_001/20221012_030000.WAV,Telephone Field,recover-20221013,001,1795
766.0075,766.0523,68437,82536,Rhinolophus ferrumequinum,0.03,0.03,-1,Echolocation,/mnt/ubna_data_02_mir/recover-20221013/UBNA_001/20221012_030000.WAV,Telephone Field,recover-20221013,001,1795
766.0355,766.0454,22890,28177,Nyctalus leisleri,0.011,0.025,-1,Echolocation,/mnt/ubna_data_02_mir/recover-20221013/UBNA_001/20221012_030000.WAV,Telephone Field,recover-20221013,001,1795
766.0365,766.0759,68437,82925,Rhinolophus ferrumequinum,0.023,0.023,-1,Echolocation,/mnt/ubna_data_02_mir/recover-20221013/UBNA_001/20221012_030000.WAV,Telephone Field,recover-20221013,001,1795
766.1105,766.1494,68437,82122,Rhinolophus ferrumequinum,0.021,0.021,-1,Echolocation,/mnt/ubna_data_02_mir/recover-20221013/UBNA_001/20221012_030000.WAV,Telephone Field,recover-20221013,001,1795
766.1175,766.1258,28046,40649,Eptesicus serotinus,0.007,0.02,-1,Echolocation,/mnt/ubna_data_02_mir/recover-20221013/UBNA_001/20221012_030000.WAV,Telephone Field,recover-20221013,001,1795
766.1305,766.1419,33203,39443,Eptesicus serotinus,0.01,0.033,-1,Echolocation,/mnt/ubna_data_02_mir/recover-20221013/UBNA_001/20221012_030000.WAV,Telephone Field,recover-20221013,001,1795
766.1555,766.1617,46953,50897,Pipistrellus pipistrellus,0.02,0.02,-1,Echolocation,/mnt/ubna_data_02_mir/recover-20221013/UBNA_001/20221012_030000.WAV,Telephone Field,recover-20221013,001,1795
766.1905,766.2,24609,31523,Eptesicus serotinus,0.007,0.021,-1,Echolocation,/mnt/ubna_data_02_mir/recover-20221013/UBNA_001/20221012_030000.WAV,Telephone Field,recover-20221013,001,1795
766.2065,766.2424,68437,80783,Rhinolophus ferrumequinum,0.023,0.023,-1,Echolocation,/mnt/ubna_data_02_mir/recover-20221013/UBNA_001/20221012_030000.WAV,Telephone Field,recover-20221013,001,1795
766.2165,766.2554,68437,81659,Rhinolophus ferrumequinum,0.023,0.023,-1,Echolocation,/mnt/ubna_data_02_mir/recover-20221013/UBNA_001/20221012_030000.WAV,Telephone Field,recover-20221013,001,1795
766.2605,766.2686,22031,29852,Plecotus austriacus,0.013,0.027,-1,Echolocation,/mnt/ubna_data_02_mir/recover-20221013/UBNA_001/20221012_030000.WAV,Telephone Field,recover-20221013,001,1795
766.3115,766.352,68437,82984,Rhinolophus ferrumequinum,0.027,0.027,-1,Echolocation,/mnt/ubna_data_02_mir/recover-20221013/UBNA_001/20221012_030000.WAV,Telephone Field,recover-20221013,001,1795
766.3505,766.3891,68437,82349,Rhinolophus ferrumequinum,0.024,0.024,-1,Echolocation,/mnt/ubna_data_02_mir/recover-20221013/UBNA_001/20221012_030000.WAV,Telephone Field,recover-20221013,001,1795
766.3765,766.3852,28046,37879,Eptesicus serotinus,0.007,0.02,-1,Echolocation,/mnt/ubna_data_02_mir/recover-20221013/UBNA_001/20221012_030000.WAV,Telephone Field,recover-20221013,001,1795
766.4455,766.4563,25468,32349,Eptesicus serotinus,0.009,0.025,-1,Echolocation,/mnt/ubna_data_02_mir/recover-20221013/UBNA_001/20221012_030000.WAV,Telephone Field,recover-20221013,001,1795
766.4525,766.4919,68437,82471,Rhinolophus ferrumequinum,0.029,0.029,-1,Echolocation,/mnt/ubna_data_02_mir/recover-20221013/UBNA_001/20221012_030000.WAV,Telephone Field,recover-20221013,001,1795
766.4655,766.5015,68437,81925,Rhinolophus ferrumequinum,0.027,0.027,-1,Echolocation,/mnt/ubna_data_02_mir/recover-20221013/UBNA_001/20221012_030000.WAV,Telephone Field,recover-20221013,001,1795
766.4755,766.4865,24609,30313,Nyctalus leisleri,0.009,0.024,-1,Echolocation,/mnt/ubna_data_02_mir/recover-20221013/UBNA_001/20221012_030000.WAV,Telephone Field,recover-20221013,001,1795
766.4905,766.4978,27187,38318,Eptesicus serotinus,0.008,0.025,-1,Echolocation,/mnt/ubna_data_02_mir/recover-20221013/UBNA_001/20221012_030000.WAV,Telephone Field,recover-20221013,001,1795
766.4955,766.5353,68437,82879,Rhinolophus ferrumequinum,0.021,0.021,-1,Echolocation,/mnt/ubna_data_02_mir/recover-20221013/UBNA_001/20221012_030000.WAV,Telephone Field,recover-20221013,001,1795
766.5045,766.5452,68437,82621,Rhinolophus ferrumequinum,0.022,0.022,-1,Echolocation,/mnt/ubna_data_02_mir/recover-20221013/UBNA_001/20221012_030000.WAV,Telephone Field,recover-20221013,001,1795
766.5264999999999,766.5687,68437,82582,Rhinolophus ferrumequinum,0.022,0.022,-1,Echolocation,/mnt/ubna_data_02_mir/recover-20221013/UBNA_001/20221012_030000.WAV,Telephone Field,recover-20221013,001,1795
766.5405,766.583,68437,82304,Rhinolophus ferrumequinum,0.023,0.023,-1,Echolocation,/mnt/ubna_data_02_mir/recover-20221013/UBNA_001/20221012_030000.WAV,Telephone Field,recover-20221013,001,1795
766.5525,766.5612,28046,38294,Eptesicus serotinus,0.008,0.021,-1,Echolocation,/mnt/ubna_data_02_mir/recover-20221013/UBNA_001/20221012_030000.WAV,Telephone Field,recover-20221013,001,1795
766.5985000000001,766.6348,68437,82291,Rhinolophus ferrumequinum,0.022,0.022,-1,Echolocation,/mnt/ubna_data_02_mir/recover-20221013/UBNA_001/20221012_030000.WAV,Telephone Field,recover-20221013,001,1795
766.6015,766.6095,28046,39293,Eptesicus serotinus,0.007,0.023,-1,Echolocation,/mnt/ubna_data_02_mir/recover-20221013/UBNA_001/20221012_030000.WAV,Telephone Field,recover-20221013,001,1795
766.6215,766.6595,68437,82174,Rhinolophus ferrumequinum,0.023,0.023,-1,Echolocation,/mnt/ubna_data_02_mir/recover-20221013/UBNA_001/20221012_030000.WAV,Telephone Field,recover-20221013,001,1795
766.6435,766.6825,68437,81858,Rhinolophus ferrumequinum,0.027,0.027,-1,Echolocation,/mnt/ubna_data_02_mir/recover-20221013/UBNA_001/20221012_030000.WAV,Telephone Field,recover-20221013,001,1795
766.6635,766.7025,68437,81873,Rhinolophus ferrumequinum,0.024,0.024,-1,Echolocation,/mnt/ubna_data_02_mir/recover-20221013/UBNA_001/20221012_030000.WAV,Telephone Field,recover-20221013,001,1795
766.6755,766.6873,38359,41952,Pipistrellus nathusii,0.016,0.023,-1,Echolocation,/mnt/ubna_data_02_mir/recover-20221013/UBNA_001/20221012_030000.WAV,Telephone Field,recover-20221013,001,1795
766.7365,766.7789,68437,82984,Rhinolophus ferrumequinum,0.029,0.029,-1,Echolocation,/mnt/ubna_data_02_mir/recover-20221013/UBNA_001/20221012_030000.WAV,Telephone Field,recover-20221013,001,1795
766.7635,766.7989,68437,81668,Rhinolophus ferrumequinum,0.02,0.02,-1,Echolocation,/mnt/ubna_data_02_mir/recover-20221013/UBNA_001/20221012_030000.WAV,Telephone Field,recover-20221013,001,1795
766.7645,766.7723,28046,39874,Eptesicus serotinus,0.008,0.024,-1,Echolocation,/mnt/ubna_data_02_mir/recover-20221013/UBNA_001/20221012_030000.WAV,Telephone Field,recover-20221013,001,1795
766.7745,766.8125,68437,81612,Rhinolophus ferrumequinum,0.021,0.021,-1,Echolocation,/mnt/ubna_data_02_mir/recover-20221013/UBNA_001/20221012_030000.WAV,Telephone Field,recover-20221013,001,1795
766.8185,766.8557,68437,82119,Rhinolophus ferrumequinum,0.022,0.022,-1,Echolocation,/mnt/ubna_data_02_mir/recover-20221013/UBNA_001/20221012_030000.WAV,Telephone Field,recover-20221013,001,1795
766.8505,766.8911,68437,82663,Rhinolophus ferrumequinum,0.023,0.023,-1,Echolocation,/mnt/ubna_data_02_mir/recover-20221013/UBNA_001/20221012_030000.WAV,Telephone Field,recover-20221013,001,1795
766.8685,766.9075,68437,81919,Rhinolophus ferrumequinum,0.022,0.022,-1,Echolocation,/mnt/ubna_data_02_mir/recover-20221013/UBNA_001/20221012_030000.WAV,Telephone Field,recover-20221013,001,1795
766.8845,766.9204,68437,82252,Rhinolophus ferrumequinum,0.022,0.022,-1,Echolocation,/mnt/ubna_data_02_mir/recover-20221013/UBNA_001/20221012_030000.WAV,Telephone Field,recover-20221013,001,1795
766.9365,766.976,68437,82741,Rhinolophus ferrumequinum,0.024,0.024,-1,Echolocation,/mnt/ubna_data_02_mir/recover-20221013/UBNA_001/20221012_030000.WAV,Telephone Field,recover-20221013,001,1795
766.9615,766.9996,68437,81862,Rhinolophus ferrumequinum,0.021,0.021,-1,Echolocation,/mnt/ubna_data_02_mir/recover-20221013/UBNA_001/20221012_030000.WAV,Telephone Field,recover-20221013,001,1795
766.9825,767.0167,68437,80603,Rhinolophus ferrumequinum,0.024,0.024,-1,Echolocation,/mnt/ubna_data_02_mir/recover-20221013/UBNA_001/20221012_030000.WAV,Telephone Field,recover-20221013,001,1795
766.9965,767.0078,28906,34783,Eptesicus serotinus,0.011,0.024,-1,Echolocation,/mnt/ubna_data_02_mir/recover-20221013/UBNA_001/20221012_030000.WAV,Telephone Field,recover-20221013,001,1795
767.0095,767.0463,68437,81839,Rhinolophus ferrumequinum,0.024,0.024,-1,Echolocation,/mnt/ubna_data_02_mir/recover-20221013/UBNA_001/20221012_030000.WAV,Telephone Field,recover-20221013,001,1795
767.0725,767.1098,68437,82175,Rhinolophus ferrumequinum,0.023,0.023,-1,Echolocation,/mnt/ubna_data_02_mir/recover-20221013/UBNA_001/20221012_030000.WAV,Telephone Field,recover-20221013,001,1795
767.1355,767.1773,68437,82958,Rhinolophus ferrumequinum,0.027,0.027,-1,Echolocation,/mnt/ubna_data_02_mir/recover-20221013/UBNA_001/20221012_030000.WAV,Telephone Field,recover-20221013,001,1795
767.1495,767.1914,68437,82890,Rhinolophus ferrumequinum,0.021,0.021,-1,Echolocation,/mnt/ubna_data_02_mir/recover-20221013/UBNA_001/20221012_030000.WAV,Telephone Field,recover-20221013,001,1795
767.1725,767.1826,22890,28245,Nyctalus leisleri,0.009,0.02,-1,Echolocation,/mnt/ubna_data_02_mir/recover-20221013/UBNA_001/20221012_030000.WAV,Telephone Field,recover-20221013,001,1795
767.1905,767.2314,68437,82962,Rhinolophus ferrumequinum,0.027,0.027,-1,Echolocation,/mnt/ubna_data_02_mir/recover-20221013/UBNA_001/20221012_030000.WAV,Telephone Field,recover-20221013,001,1795
767.2025,767.2433,68437,82426,Rhinolophus ferrumequinum,0.023,0.023,-1,Echolocation,/mnt/ubna_data_02_mir/recover-20221013/UBNA_001/20221012_030000.WAV,Telephone Field,recover-20221013,001,1795
767.2175,767.228,28906,36392,Eptesicus serotinus,0.009,0.021,-1,Echolocation,/mnt/ubna_data_02_mir/recover-20221013/UBNA_001/20221012_030000.WAV,Telephone Field,recover-20221013,001,1795
767.2175,767.255,68437,82067,Rhinolophus ferrumequinum,0.022,0.022,-1,Echolocation,/mnt/ubna_data_02_mir/recover-20221013/UBNA_001/20221012_030000.WAV,Telephone Field,recover-20221013,001,1795
767.2245,767.2316,28046,40464,Eptesicus serotinus,0.007,0.024,-1,Echolocation,/mnt/ubna_data_02_mir/recover-20221013/UBNA_001/20221012_030000.WAV,Telephone Field,recover-20221013,001,1795
767.2435,767.2859,68437,83613,Rhinolophus ferrumequinum,0.06,0.06,-1,Echolocation,/mnt/ubna_data_02_mir/recover-20221013/UBNA_001/20221012_030000.WAV,Telephone Field,recover-20221013,001,1795
767.2705,767.3094,68437,82514,Rhinolophus ferrumequinum,0.024,0.024,-1,Echolocation,/mnt/ubna_data_02_mir/recover-20221013/UBNA_001/20221012_030000.WAV,Telephone Field,recover-20221013,001,1795
767.2775,767.2849,27187,38127,Eptesicus serotinus,0.006,0.022,-1,Echolocation,/mnt/ubna_data_02_mir/recover-20221013/UBNA_001/20221012_030000.WAV,Telephone Field,recover-20221013,001,1795
767.2885,767.3015,25468,31675,Eptesicus serotinus,0.012,0.026,-1,Echolocation,/mnt/ubna_data_02_mir/recover-20221013/UBNA_001/20221012_030000.WAV,Telephone Field,recover-20221013,001,1795
767.3065,767.3166,28046,36591,Eptesicus serotinus,0.01,0.023,-1,Echolocation,/mnt/ubna_data_02_mir/recover-20221013/UBNA_001/20221012_030000.WAV,Telephone Field,recover-20221013,001,1795
767.3105,767.3484,68437,82483,Rhinolophus ferrumequinum,0.023,0.023,-1,Echolocation,/mnt/ubna_data_02_mir/recover-20221013/UBNA_001/20221012_030000.WAV,Telephone Field,recover-20221013,001,1795
767.3455,767.3836,68437,82546,Rhinolophus ferrumequinum,0.022,0.022,-1,Echolocation,/mnt/ubna_data_02_mir/recover-20221013/UBNA_001/20221012_030000.WAV,Telephone Field,recover-20221013,001,1795
767.3645,767.4033,68437,82195,Rhinolophus ferrumequinum,0.022,0.022,-1,Echolocation,/mnt/ubna_data_02_mir/recover-20221013/UBNA_001/20221012_030000.WAV,Telephone Field,recover-20221013,001,1795
767.3725,767.4118,68437,82453,Rhinolophus ferrumequinum,0.021,0.021,-1,Echolocation,/mnt/ubna_data_02_mir/recover-20221013/UBNA_001/20221012_030000.WAV,Telephone Field,recover-20221013,001,1795
767.3895,767.4242,68437,81250,Rhinolophus ferrumequinum,0.02,0.02,-1,Echolocation,/mnt/ubna_data_02_mir/recover-20221013/UBNA_001/20221012_030000.WAV,Telephone Field,recover-20221013,001,1795
767.4014999999999,767.4098,28906,38036,Eptesicus serotinus,0.009,0.024,-1,Echolocation,/mnt/ubna_data_02_mir/recover-20221013/UBNA_001/20221012_030000.WAV,Telephone Field,recover-20221013,001,1795
767.4225,767.4307,28046,38003,Eptesicus serotinus,0.008,0.026,-1,Echolocation,/mnt/ubna_data_02_mir/recover-20221013/UBNA_001/20221012_030000.WAV,Telephone Field,recover-20221013,001,1795
767.4375,767.4766,68437,82944,Rhinolophus ferrumequinum,0.022,0.022,-1,Echolocation,/mnt/ubna_data_02_mir/recover-20221013/UBNA_001/20221012_030000.WAV,Telephone Field,recover-20221013,001,1795
767.4475,767.4574,28046,35612,Eptesicus serotinus,0.009,0.021,-1,Echolocation,/mnt/ubna_data_02_mir/recover-20221013/UBNA_001/20221012_030000.WAV,Telephone Field,recover-20221013,001,1795
767.4825,767.5244,68437,82446,Rhinolophus ferrumequinum,0.023,0.023,-1,Echolocation,/mnt/ubna_data_02_mir/recover-20221013/UBNA_001/20221012_030000.WAV,Telephone Field,recover-20221013,001,1795
767.5145,767.5546,68437,82604,Rhinolophus ferrumequinum,0.027,0.027,-1,Echolocation,/mnt/ubna_data_02_mir/recover-20221013/UBNA_001/20221012_030000.WAV,Telephone Field,recover-20221013,001,1795
767.5535,767.5924,68437,81930,Rhinolophus ferrumequinum,0.021,0.021,-1,Echolocation,/mnt/ubna_data_02_mir/recover-20221013/UBNA_001/20221012_030000.WAV,Telephone Field,recover-20221013,001,1795
767.5985000000001,767.642,68437,83055,Rhinolophus ferrumequinum,0.03,0.03,-1,Echolocation,/mnt/ubna_data_02_mir/recover-20221013/UBNA_001/20221012_030000.WAV,Telephone Field,recover-20221013,001,1795
767.6255,767.666,68437,82469,Rhinolophus ferrumequinum,0.022,0.022,-1,Echolocation,/mnt/ubna_data_02_mir/recover-20221013/UBNA_001/20221012_030000.WAV,Telephone Field,recover-20221013,001,1795
767.6395,767.6763,68437,81696,Rhinolophus ferrumequinum,0.021,0.021,-1,Echolocation,/mnt/ubna_data_02_mir/recover-20221013/UBNA_001/20221012_030000.WAV,Telephone Field,recover-20221013,001,1795
767.6495,767.689,68437,81816,Rhinolophus ferrumequinum,0.024,0.024,-1,Echolocation,/mnt/ubna_data_02_mir/recover-20221013/UBNA_001/20221012_030000.WAV,Telephone Field,recover-20221013,001,1795
767.6795,767.6863,23750,32764,Plecotus austriacus,0.013,0.029,-1,Echolocation,/mnt/ubna_data_02_mir/recover-20221013/UBNA_001/20221012_030000.WAV,Telephone Field,recover-20221013,001,1795
767.6925,767.7286,68437,81326,Rhinolophus ferrumequinum,0.02,0.02,-1,Echolocation,/mnt/ubna_data_02_mir/recover-20221013/UBNA_001/20221012_030000.WAV,Telephone Field,recover-20221013,001,1795
767.7335,767.7399,27187,41183,Eptesicus serotinus,0.006,0.025,-1,Echolocation,/mnt/ubna_data_02_mir/recover-20221013/UBNA_001/20221012_030000.WAV,Telephone Field,recover-20221013,001,1795
767.7675,767.8054,68437,82874,Rhinolophus ferrumequinum,0.022,0.022,-1,Echolocation,/mnt/ubna_data_02_mir/recover-20221013/UBNA_001/20221012_030000.WAV,Telephone Field,recover-20221013,001,1795
767.7835,767.8207,68437,81269,Rhinolophus ferrumequinum,0.021,0.021,-1,Echolocation,/mnt/ubna_data_02_mir/recover-20221013/UBNA_001/20221012_030000.WAV,Telephone Field,recover-20221013,001,1795
767.7995,767.8348,68437,81899,Rhinolophus ferrumequinum,0.02,0.02,-1,Echolocation,/mnt/ubna_data_02_mir/recover-20221013/UBNA_001/20221012_030000.WAV,Telephone Field,recover-20221013,001,1795
767.8185,767.8588,68437,82519,Rhinolophus ferrumequinum,0.027,0.027,-1,Echolocation,/mnt/ubna_data_02_mir/recover-20221013/UBNA_001/20221012_030000.WAV,Telephone Field,recover-20221013,001,1795
767.8245,767.832,24609,33161,Plecotus austriacus,0.008,0.024,-1,Echolocation,/mnt/ubna_data_02_mir/recover-20221013/UBNA_001/20221012_030000.WAV,Telephone Field,recover-20221013,001,1795
767.8495,767.8898,68437,81895,Rhinolophus ferrumequinum,0.023,0.023,-1,Echolocation,/mnt/ubna_data_02_mir/recover-20221013/UBNA_001/20221012_030000.WAV,Telephone Field,recover-20221013,001,1795
767.8765,767.914,68437,81956,Rhinolophus ferrumequinum,0.021,0.021,-1,Echolocation,/mnt/ubna_data_02_mir/recover-20221013/UBNA_001/20221012_030000.WAV,Telephone Field,recover-20221013,001,1795
767.8815,767.8895,27187,38227,Eptesicus serotinus,0.006,0.02,-1,Echolocation,/mnt/ubna_data_02_mir/recover-20221013/UBNA_001/20221012_030000.WAV,Telephone Field,recover-20221013,001,1795
767.8935,767.9316,68437,82201,Rhinolophus ferrumequinum,0.022,0.022,-1,Echolocation,/mnt/ubna_data_02_mir/recover-20221013/UBNA_001/20221012_030000.WAV,Telephone Field,recover-20221013,001,1795
767.9455,767.9857,68437,82847,Rhinolophus ferrumequinum,0.028,0.029,-1,Echolocation,/mnt/ubna_data_02_mir/recover-20221013/UBNA_001/20221012_030000.WAV,Telephone Field,recover-20221013,001,1795
767.9485,767.9589,22031,26953,Nyctalus leisleri,0.011,0.023,-1,Echolocation,/mnt/ubna_data_02_mir/recover-20221013/UBNA_001/20221012_030000.WAV,Telephone Field,recover-20221013,001,1795
767.9615,767.9996,68437,81528,Rhinolophus ferrumequinum,0.02,0.02,-1,Echolocation,/mnt/ubna_data_02_mir/recover-20221013/UBNA_001/20221012_030000.WAV,Telephone Field,recover-20221013,001,1795
767.9765,767.9845,28046,38383,Eptesicus serotinus,0.007,0.02,-1,Echolocation,/mnt/ubna_data_02_mir/recover-20221013/UBNA_001/20221012_030000.WAV,Telephone Field,recover-20221013,001,1795
768.0015,768.0113,28906,36636,Eptesicus serotinus,0.012,0.029,-1,Echolocation,/mnt/ubna_data_02_mir/recover-20221013/UBNA_001/20221012_030000.WAV,Telephone Field,recover-20221013,001,1795
768.0015,768.01,22890,29431,Nyctalus leisleri,0.012,0.029,-1,Echolocation,/mnt/ubna_data_02_mir/recover-20221013/UBNA_001/20221012_030000.WAV,Telephone Field,recover-20221013,001,1795
768.0015,768.0104,35781,43172,Myotis daubentonii,0.005,0.021,-1,Echolocation,/mnt/ubna_data_02_mir/recover-20221013/UBNA_001/20221012_030000.WAV,Telephone Field,recover-20221013,001,1795
768.0015,768.0321,69296,81817,Rhinolophus ferrumequinum,0.023,0.023,-1,Echolocation,/mnt/ubna_data_02_mir/recover-20221013/UBNA_001/20221012_030000.WAV,Telephone Field,recover-20221013,001,1795
768.0225,768.0599,68437,81847,Rhinolophus ferrumequinum,0.022,0.022,-1,Echolocation,/mnt/ubna_data_02_mir/recover-20221013/UBNA_001/20221012_030000.WAV,Telephone Field,recover-20221013,001,1795
768.0295,768.0676,68437,81652,Rhinolophus ferrumequinum,0.023,0.023,-1,Echolocation,/mnt/ubna_data_02_mir/recover-20221013/UBNA_001/20221012_030000.WAV,Telephone Field,recover-20221013,001,1795
768.0745,768.0859,39218,43236,Pipistrellus nathusii,0.021,0.031,-1,Echolocation,/mnt/ubna_data_02_mir/recover-20221013/UBNA_001/20221012_030000.WAV,Telephone Field,recover-20221013,001,1795
768.1275,768.1374,28046,36646,Eptesicus serotinus,0.015,0.03,-1,Echolocation,/mnt/ubna_data_02_mir/recover-20221013/UBNA_001/20221012_030000.WAV,Telephone Field,recover-20221013,001,1795
768.1845,768.1922,28046,38693,Eptesicus serotinus,0.007,0.021,-1,Echolocation,/mnt/ubna_data_02_mir/recover-20221013/UBNA_001/20221012_030000.WAV,Telephone Field,recover-20221013,001,1795
768.2075,768.2446,68437,81909,Rhinolophus ferrumequinum,0.021,0.021,-1,Echolocation,/mnt/ubna_data_02_mir/recover-20221013/UBNA_001/20221012_030000.WAV,Telephone Field,recover-20221013,001,1795
768.2275,768.2659,68437,81964,Rhinolophus ferrumequinum,0.022,0.022,-1,Echolocation,/mnt/ubna_data_02_mir/recover-20221013/UBNA_001/20221012_030000.WAV,Telephone Field,recover-20221013,001,1795
768.2365,768.2744,68437,82552,Rhinolophus ferrumequinum,0.021,0.021,-1,Echolocation,/mnt/ubna_data_02_mir/recover-20221013/UBNA_001/20221012_030000.WAV,Telephone Field,recover-20221013,001,1795
768.2625,768.2988,68437,82304,Rhinolophus ferrumequinum,0.024,0.024,-1,Echolocation,/mnt/ubna_data_02_mir/recover-20221013/UBNA_001/20221012_030000.WAV,Telephone Field,recover-20221013,001,1795
768.3065,768.3491,68437,82967,Rhinolophus ferrumequinum,0.025,0.025,-1,Echolocation,/mnt/ubna_data_02_mir/recover-20221013/UBNA_001/20221012_030000.WAV,Telephone Field,recover-20221013,001,1795
768.3115,768.3533,68437,83333,Rhinolophus ferrumequinum,0.025,0.025,-1,Echolocation,/mnt/ubna_data_02_mir/recover-20221013/UBNA_001/20221012_030000.WAV,Telephone Field,recover-20221013,001,1795
768.3185,768.3246,34062,48880,Myotis daubentonii,0.013,0.029,-1,Echolocation,/mnt/ubna_data_02_mir/recover-20221013/UBNA_001/20221012_030000.WAV,Telephone Field,recover-20221013,001,1795
768.3775,768.3873,28046,36492,Eptesicus serotinus,0.01,0.021,-1,Echolocation,/mnt/ubna_data_02_mir/recover-20221013/UBNA_001/20221012_030000.WAV,Telephone Field,recover-20221013,001,1795
768.4405,768.448,32343,43829,Myotis daubentonii,0.008,0.021,-1,Echolocation,/mnt/ubna_data_02_mir/recover-20221013/UBNA_001/20221012_030000.WAV,Telephone Field,recover-20221013,001,1795
768.4405,768.4775,68437,81640,Rhinolophus ferrumequinum,0.022,0.022,-1,Echolocation,/mnt/ubna_data_02_mir/recover-20221013/UBNA_001/20221012_030000.WAV,Telephone Field,recover-20221013,001,1795
768.4685,768.5089,68437,83157,Rhinolophus ferrumequinum,0.04,0.04,-1,Echolocation,/mnt/ubna_data_02_mir/recover-20221013/UBNA_001/20221012_030000.WAV,Telephone Field,recover-20221013,001,1795
768.4685,768.4813,32343,37247,Eptesicus serotinus,0.008,0.024,-1,Echolocation,/mnt/ubna_data_02_mir/recover-20221013/UBNA_001/20221012_030000.WAV,Telephone Field,recover-20221013,001,1795
768.5155,768.5553,68437,82271,Rhinolophus ferrumequinum,0.025,0.025,-1,Echolocation,/mnt/ubna_data_02_mir/recover-20221013/UBNA_001/20221012_030000.WAV,Telephone Field,recover-20221013,001,1795
768.5205,768.5293,25468,34898,Eptesicus serotinus,0.008,0.021,-1,Echolocation,/mnt/ubna_data_02_mir/recover-20221013/UBNA_001/20221012_030000.WAV,Telephone Field,recover-20221013,001,1795
768.5565,768.5647,27187,38296,Eptesicus serotinus,0.007,0.022,-1,Echolocation,/mnt/ubna_data_02_mir/recover-20221013/UBNA_001/20221012_030000.WAV,Telephone Field,recover-20221013,001,1795
768.5635,768.605,68437,83347,Rhinolophus ferrumequinum,0.03,0.03,-1,Echolocation,/mnt/ubna_data_02_mir/recover-20221013/UBNA_001/20221012_030000.WAV,Telephone Field,recover-20221013,001,1795
768.5665,768.5759,28046,37026,Eptesicus serotinus,0.01,0.023,-1,Echolocation,/mnt/ubna_data_02_mir/recover-20221013/UBNA_001/20221012_030000.WAV,Telephone Field,recover-20221013,001,1795
768.5785,768.5875,28046,35714,Eptesicus serotinus,0.011,0.024,-1,Echolocation,/mnt/ubna_data_02_mir/recover-20221013/UBNA_001/20221012_030000.WAV,Telephone Field,recover-20221013,001,1795
768.5815,768.5962,17734,23029,Nyctalus noctula,0.017,0.027,-1,Echolocation,/mnt/ubna_data_02_mir/recover-20221013/UBNA_001/20221012_030000.WAV,Telephone Field,recover-20221013,001,1795
768.6275,768.6405,22890,26535,Nyctalus leisleri,0.02,0.032,-1,Echolocation,/mnt/ubna_data_02_mir/recover-20221013/UBNA_001/20221012_030000.WAV,Telephone Field,recover-20221013,001,1795
768.6625,768.6716,28046,39169,Eptesicus serotinus,0.01,0.023,-1,Echolocation,/mnt/ubna_data_02_mir/recover-20221013/UBNA_001/20221012_030000.WAV,Telephone Field,recover-20221013,001,1795
768.7235000000001,768.7633,68437,82512,Rhinolophus ferrumequinum,0.023,0.023,-1,Echolocation,/mnt/ubna_data_02_mir/recover-20221013/UBNA_001/20221012_030000.WAV,Telephone Field,recover-20221013,001,1795
768.7365,768.7776,68437,82946,Rhinolophus ferrumequinum,0.024,0.024,-1,Echolocation,/mnt/ubna_data_02_mir/recover-20221013/UBNA_001/20221012_030000.WAV,Telephone Field,recover-20221013,001,1795
768.7675,768.774,28046,43995,Eptesicus serotinus,0.007,0.026,-1,Echolocation,/mnt/ubna_data_02_mir/recover-20221013/UBNA_001/20221012_030000.WAV,Telephone Field,recover-20221013,001,1795
768.8305,768.8393,46953,49937,Pipistrellus pipistrellus,0.022,0.025,-1,Echolocation,/mnt/ubna_data_02_mir/recover-20221013/UBNA_001/20221012_030000.WAV,Telephone Field,recover-20221013,001,1795
768.8725,768.8864,22890,27976,Nyctalus leisleri,0.017,0.035,-1,Echolocation,/mnt/ubna_data_02_mir/recover-20221013/UBNA_001/20221012_030000.WAV,Telephone Field,recover-20221013,001,1795
768.8775,768.9131,68437,81777,Rhinolophus ferrumequinum,0.027,0.027,-1,Echolocation,/mnt/ubna_data_02_mir/recover-20221013/UBNA_001/20221012_030000.WAV,Telephone Field,recover-20221013,001,1795
768.8865,768.9256,68437,82112,Rhinolophus ferrumequinum,0.024,0.024,-1,Echolocation,/mnt/ubna_data_02_mir/recover-20221013/UBNA_001/20221012_030000.WAV,Telephone Field,recover-20221013,001,1795
768.8935,768.932,68437,82955,Rhinolophus ferrumequinum,0.024,0.024,-1,Echolocation,/mnt/ubna_data_02_mir/recover-20221013/UBNA_001/20221012_030000.WAV,Telephone Field,recover-20221013,001,1795
768.8955,768.9037,22031,28036,Plecotus austriacus,0.008,0.021,-1,Echolocation,/mnt/ubna_data_02_mir/recover-20221013/UBNA_001/20221012_030000.WAV,Telephone Field,recover-20221013,001,1795
768.9105,768.9464,68437,82369,Rhinolophus ferrumequinum,0.022,0.022,-1,Echolocation,/mnt/ubna_data_02_mir/recover-20221013/UBNA_001/20221012_030000.WAV,Telephone Field,recover-20221013,001,1795
768.9235,768.9327,22031,28056,Plecotus austriacus,0.006,0.023,-1,Echolocation,/mnt/ubna_data_02_mir/recover-20221013/UBNA_001/20221012_030000.WAV,Telephone Field,recover-20221013,001,1795
768.9635,769.0042,68437,82575,Rhinolophus ferrumequinum,0.022,0.022,-1,Echolocation,/mnt/ubna_data_02_mir/recover-20221013/UBNA_001/20221012_030000.WAV,Telephone Field,recover-20221013,001,1795
768.9835,768.9929,23750,30846,Nyctalus leisleri,0.008,0.027,-1,Echolocation,/mnt/ubna_data_02_mir/recover-20221013/UBNA_001/20221012_030000.WAV,Telephone Field,recover-20221013,001,1795
768.9895,769.0279,68437,82795,Rhinolophus ferrumequinum,0.022,0.022,-1,Echolocation,/mnt/ubna_data_02_mir/recover-20221013/UBNA_001/20221012_030000.WAV,Telephone Field,recover-20221013,001,1795
769.0145,769.0489,68437,80843,Rhinolophus ferrumequinum,0.025,0.025,-1,Echolocation,/mnt/ubna_data_02_mir/recover-20221013/UBNA_001/20221012_030000.WAV,Telephone Field,recover-20221013,001,1795
769.0145,769.0213,28046,40882,Eptesicus serotinus,0.015,0.041,-1,Echolocation,/mnt/ubna_data_02_mir/recover-20221013/UBNA_001/20221012_030000.WAV,Telephone Field,recover-20221013,001,1795
769.0275,769.067,68437,82477,Rhinolophus ferrumequinum,0.022,0.022,-1,Echolocation,/mnt/ubna_data_02_mir/recover-20221013/UBNA_001/20221012_030000.WAV,Telephone Field,recover-20221013,001,1795
769.0585,769.0986,68437,82635,Rhinolophus ferrumequinum,0.025,0.025,-1,Echolocation,/mnt/ubna_data_02_mir/recover-20221013/UBNA_001/20221012_030000.WAV,Telephone Field,recover-20221013,001,1795
769.0715,769.1107,68437,82354,Rhinolophus ferrumequinum,0.021,0.021,-1,Echolocation,/mnt/ubna_data_02_mir/recover-20221013/UBNA_001/20221012_030000.WAV,Telephone Field,recover-20221013,001,1795
769.0985000000001,769.1392,68437,82258,Rhinolophus ferrumequinum,0.022,0.022,-1,Echolocation,/mnt/ubna_data_02_mir/recover-20221013/UBNA_001/20221012_030000.WAV,Telephone Field,recover-20221013,001,1795
769.1265,769.1667,68437,82573,Rhinolophus ferrumequinum,0.024,0.024,-1,Echolocation,/mnt/ubna_data_02_mir/recover-20221013/UBNA_001/20221012_030000.WAV,Telephone Field,recover-20221013,001,1795
769.1325,769.1743,68437,83148,Rhinolophus ferrumequinum,0.024,0.024,-1,Echolocation,/mnt/ubna_data_02_mir/recover-20221013/UBNA_001/20221012_030000.WAV,Telephone Field,recover-20221013,001,1795
769.1665,769.2043,68437,82349,Rhinolophus ferrumequinum,0.021,0.021,-1,Echolocation,/mnt/ubna_data_02_mir/recover-20221013/UBNA_001/20221012_030000.WAV,Telephone Field,recover-20221013,001,1795
769.1795,769.2182,68437,82646,Rhinolophus ferrumequinum,0.025,0.025,-1,Echolocation,/mnt/ubna_data_02_mir/recover-20221013/UBNA_001/20221012_030000.WAV,Telephone Field,recover-20221013,001,1795
769.2445,769.2574,36640,40350,Pipistrellus nathusii,0.015,0.029,-1,Echolocation,/mnt/ubna_data_02_mir/recover-20221013/UBNA_001/20221012_030000.WAV,Telephone Field,recover-20221013,001,1795
769.2675,769.2753,28046,41521,Eptesicus serotinus,0.01,0.029,-1,Echolocation,/mnt/ubna_data_02_mir/recover-20221013/UBNA_001/20221012_030000.WAV,Telephone Field,recover-20221013,001,1795
769.2845,769.292,25468,36215,Eptesicus serotinus,0.006,0.022,-1,Echolocation,/mnt/ubna_data_02_mir/recover-20221013/UBNA_001/20221012_030000.WAV,Telephone Field,recover-20221013,001,1795
769.3105,769.351,68437,82949,Rhinolophus ferrumequinum,0.022,0.022,-1,Echolocation,/mnt/ubna_data_02_mir/recover-20221013/UBNA_001/20221012_030000.WAV,Telephone Field,recover-20221013,001,1795
769.3135,769.3204,26328,37317,Eptesicus serotinus,0.006,0.022,-1,Echolocation,/mnt/ubna_data_02_mir/recover-20221013/UBNA_001/20221012_030000.WAV,Telephone Field,recover-20221013,001,1795
769.3355,769.3761,68437,82969,Rhinolophus ferrumequinum,0.027,0.027,-1,Echolocation,/mnt/ubna_data_02_mir/recover-20221013/UBNA_001/20221012_030000.WAV,Telephone Field,recover-20221013,001,1795
769.3445,769.3835,68437,82168,Rhinolophus ferrumequinum,0.022,0.022,-1,Echolocation,/mnt/ubna_data_02_mir/recover-20221013/UBNA_001/20221012_030000.WAV,Telephone Field,recover-20221013,001,1795
769.3475,769.3585,25468,32709,Eptesicus serotinus,0.014,0.03,-1,Echolocation,/mnt/ubna_data_02_mir/recover-20221013/UBNA_001/20221012_030000.WAV,Telephone Field,recover-20221013,001,1795
769.3765,769.3842,28046,42376,Eptesicus serotinus,0.007,0.022,-1,Echolocation,/mnt/ubna_data_02_mir/recover-20221013/UBNA_001/20221012_030000.WAV,Telephone Field,recover-20221013,001,1795
769.3955,769.4326,68437,81903,Rhinolophus ferrumequinum,0.022,0.022,-1,Echolocation,/mnt/ubna_data_02_mir/recover-20221013/UBNA_001/20221012_030000.WAV,Telephone Field,recover-20221013,001,1795
769.4175,769.4578,68437,82933,Rhinolophus ferrumequinum,0.026,0.026,-1,Echolocation,/mnt/ubna_data_02_mir/recover-20221013/UBNA_001/20221012_030000.WAV,Telephone Field,recover-20221013,001,1795
769.5115,769.5187,28046,41028,Eptesicus serotinus,0.006,0.022,-1,Echolocation,/mnt/ubna_data_02_mir/recover-20221013/UBNA_001/20221012_030000.WAV,Telephone Field,recover-20221013,001,1795
769.5125,769.55,68437,81442,Rhinolophus ferrumequinum,0.021,0.021,-1,Echolocation,/mnt/ubna_data_02_mir/recover-20221013/UBNA_001/20221012_030000.WAV,Telephone Field,recover-20221013,001,1795
769.5505,769.5652,27187,32403,Eptesicus serotinus,0.021,0.043,-1,Echolocation,/mnt/ubna_data_02_mir/recover-20221013/UBNA_001/20221012_030000.WAV,Telephone Field,recover-20221013,001,1795
769.5675,769.6056,68437,82112,Rhinolophus ferrumequinum,0.021,0.021,-1,Echolocation,/mnt/ubna_data_02_mir/recover-20221013/UBNA_001/20221012_030000.WAV,Telephone Field,recover-20221013,001,1795
769.5845,769.595,22890,28837,Nyctalus leisleri,0.011,0.027,-1,Echolocation,/mnt/ubna_data_02_mir/recover-20221013/UBNA_001/20221012_030000.WAV,Telephone Field,recover-20221013,001,1795
769.5905,769.6297,68437,82304,Rhinolophus ferrumequinum,0.024,0.024,-1,Echolocation,/mnt/ubna_data_02_mir/recover-20221013/UBNA_001/20221012_030000.WAV,Telephone Field,recover-20221013,001,1795
769.6425,769.6776,68437,81214,Rhinolophus ferrumequinum,0.021,0.022,-1,Echolocation,/mnt/ubna_data_02_mir/recover-20221013/UBNA_001/20221012_030000.WAV,Telephone Field,recover-20221013,001,1795
769.6685,769.6761,27187,42674,Eptesicus serotinus,0.009,0.026,-1,Echolocation,/mnt/ubna_data_02_mir/recover-20221013/UBNA_001/20221012_030000.WAV,Telephone Field,recover-20221013,001,1795
769.6705,769.6776,32343,45320,Myotis daubentonii,0.007,0.022,-1,Echolocation,/mnt/ubna_data_02_mir/recover-20221013/UBNA_001/20221012_030000.WAV,Telephone Field,recover-20221013,001,1795
769.6925,769.701,28046,38645,Eptesicus serotinus,0.008,0.022,-1,Echolocation,/mnt/ubna_data_02_mir/recover-20221013/UBNA_001/20221012_030000.WAV,Telephone Field,recover-20221013,001,1795
769.7145,769.7535,68437,82094,Rhinolophus ferrumequinum,0.022,0.022,-1,Echolocation,/mnt/ubna_data_02_mir/recover-20221013/UBNA_001/20221012_030000.WAV,Telephone Field,recover-20221013,001,1795
769.7215,769.7289,28046,38592,Eptesicus serotinus,0.008,0.023,-1,Echolocation,/mnt/ubna_data_02_mir/recover-20221013/UBNA_001/20221012_030000.WAV,Telephone Field,recover-20221013,001,1795
769.7675,769.779,23750,28429,Nyctalus leisleri,0.012,0.025,-1,Echolocation,/mnt/ubna_data_02_mir/recover-20221013/UBNA_001/20221012_030000.WAV,Telephone Field,recover-20221013,001,1795
769.7715,769.7852,45234,48489,Pipistrellus pipistrellus,0.038,0.042,-1,Echolocation,/mnt/ubna_data_02_mir/recover-20221013/UBNA_001/20221012_030000.WAV,Telephone Field,recover-20221013,001,1795
769.7785,769.7862,28046,40325,Eptesicus serotinus,0.008,0.023,-1,Echolocation,/mnt/ubna_data_02_mir/recover-20221013/UBNA_001/20221012_030000.WAV,Telephone Field,recover-20221013,001,1795
769.8025,769.8104,47812,54165,Pipistrellus pipistrellus,0.021,0.023,-1,Echolocation,/mnt/ubna_data_02_mir/recover-20221013/UBNA_001/20221012_030000.WAV,Telephone Field,recover-20221013,001,1795
769.8155,769.8253,28906,38473,Eptesicus serotinus,0.013,0.026,-1,Echolocation,/mnt/ubna_data_02_mir/recover-20221013/UBNA_001/20221012_030000.WAV,Telephone Field,recover-20221013,001,1795
769.8235,769.8315,28906,36624,Eptesicus serotinus,0.011,0.027,-1,Echolocation,/mnt/ubna_data_02_mir/recover-20221013/UBNA_001/20221012_030000.WAV,Telephone Field,recover-20221013,001,1795
769.8485000000001,769.8845,68437,81801,Rhinolophus ferrumequinum,0.022,0.022,-1,Echolocation,/mnt/ubna_data_02_mir/recover-20221013/UBNA_001/20221012_030000.WAV,Telephone Field,recover-20221013,001,1795
769.8525,769.8606,27187,41186,Eptesicus serotinus,0.008,0.022,-1,Echolocation,/mnt/ubna_data_02_mir/recover-20221013/UBNA_001/20221012_030000.WAV,Telephone Field,recover-20221013,001,1795
769.8585,769.868,26328,35248,Eptesicus serotinus,0.01,0.023,-1,Echolocation,/mnt/ubna_data_02_mir/recover-20221013/UBNA_001/20221012_030000.WAV,Telephone Field,recover-20221013,001,1795
769.8635,769.9024,68437,82490,Rhinolophus ferrumequinum,0.021,0.021,-1,Echolocation,/mnt/ubna_data_02_mir/recover-20221013/UBNA_001/20221012_030000.WAV,Telephone Field,recover-20221013,001,1795
769.8685,769.8803,23750,29645,Nyctalus leisleri,0.009,0.023,-1,Echolocation,/mnt/ubna_data_02_mir/recover-20221013/UBNA_001/20221012_030000.WAV,Telephone Field,recover-20221013,001,1795
769.8685,769.9074,68437,82374,Rhinolophus ferrumequinum,0.021,0.022,-1,Echolocation,/mnt/ubna_data_02_mir/recover-20221013/UBNA_001/20221012_030000.WAV,Telephone Field,recover-20221013,001,1795
769.8995,769.936,68437,82091,Rhinolophus ferrumequinum,0.024,0.024,-1,Echolocation,/mnt/ubna_data_02_mir/recover-20221013/UBNA_001/20221012_030000.WAV,Telephone Field,recover-20221013,001,1795
769.9035,769.9132,24609,30845,Nyctalus leisleri,0.008,0.026,-1,Echolocation,/mnt/ubna_data_02_mir/recover-20221013/UBNA_001/20221012_030000.WAV,Telephone Field,recover-20221013,001,1795
769.9155,769.9234,28906,40935,Eptesicus serotinus,0.007,0.022,-1,Echolocation,/mnt/ubna_data_02_mir/recover-20221013/UBNA_001/20221012_030000.WAV,Telephone Field,recover-20221013,001,1795
769.9165,769.9544,68437,82310,Rhinolophus ferrumequinum,0.028,0.028,-1,Echolocation,/mnt/ubna_data_02_mir/recover-20221013/UBNA_001/20221012_030000.WAV,Telephone Field,recover-20221013,001,1795
769.9395,769.9817,68437,82755,Rhinolophus ferrumequinum,0.024,0.024,-1,Echolocation,/mnt/ubna_data_02_mir/recover-20221013/UBNA_001/20221012_030000.WAV,Telephone Field,recover-20221013,001,1795
769.9865,769.9958,28906,37195,Eptesicus serotinus,0.011,0.025,-1,Echolocation,/mnt/ubna_data_02_mir/recover-20221013/UBNA_001/20221012_030000.WAV,Telephone Field,recover-20221013,001,1795
770.0015,770.0334,68437,80115,Rhinolophus ferrumequinum,0.066,0.066,-1,Echolocation,/mnt/ubna_data_02_mir/recover-20221013/UBNA_001/20221012_030000.WAV,Telephone Field,recover-20221013,001,1795
770.0015,770.0097,23750,31332,Nyctalus leisleri,0.007,0.024,-1,Echolocation,/mnt/ubna_data_02_mir/recover-20221013/UBNA_001/20221012_030000.WAV,Telephone Field,recover-20221013,001,1795
770.0015,770.0121,47812,53744,Pipistrellus pipistrellus,0.019,0.027,-1,Echolocation,/mnt/ubna_data_02_mir/recover-20221013/UBNA_001/20221012_030000.WAV,Telephone Field,recover-20221013,001,1795
770.0015,770.015,17734,23320,Nyctalus noctula,0.008,0.02,-1,Echolocation,/mnt/ubna_data_02_mir/recover-20221013/UBNA_001/20221012_030000.WAV,Telephone Field,recover-20221013,001,1795
770.0165,770.0601,68437,83037,Rhinolophus ferrumequinum,0.023,0.023,-1,Echolocation,/mnt/ubna_data_02_mir/recover-20221013/UBNA_001/20221012_030000.WAV,Telephone Field,recover-20221013,001,1795
770.0415,770.0509,26328,33628,Eptesicus serotinus,0.013,0.028,-1,Echolocation,/mnt/ubna_data_02_mir/recover-20221013/UBNA_001/20221012_030000.WAV,Telephone Field,recover-20221013,001,1795
770.0835,770.092,45234,53345,Pipistrellus pipistrellus,0.018,0.028,-1,Echolocation,/mnt/ubna_data_02_mir/recover-20221013/UBNA_001/20221012_030000.WAV,Telephone Field,recover-20221013,001,1795
770.1175,770.1562,68437,81964,Rhinolophus ferrumequinum,0.02,0.02,-1,Echolocation,/mnt/ubna_data_02_mir/recover-20221013/UBNA_001/20221012_030000.WAV,Telephone Field,recover-20221013,001,1795
770.1385,770.1809,68437,82878,Rhinolophus ferrumequinum,0.039,0.039,-1,Echolocation,/mnt/ubna_data_02_mir/recover-20221013/UBNA_001/20221012_030000.WAV,Telephone Field,recover-20221013,001,1795
770.1815,770.2203,68437,82724,Rhinolophus ferrumequinum,0.038,0.038,-1,Echolocation,/mnt/ubna_data_02_mir/recover-20221013/UBNA_001/20221012_030000.WAV,Telephone Field,recover-20221013,001,1795
770.1825,770.1892,39218,54050,Myotis daubentonii,0.006,0.021,-1,Echolocation,/mnt/ubna_data_02_mir/recover-20221013/UBNA_001/20221012_030000.WAV,Telephone Field,recover-20221013,001,1795
770.1845,770.1916,34062,53318,Myotis brandtii,0.007,0.02,-1,Echolocation,/mnt/ubna_data_02_mir/recover-20221013/UBNA_001/20221012_030000.WAV,Telephone Field,recover-20221013,001,1795
770.1995,770.2094,22890,28760,Nyctalus leisleri,0.01,0.026,-1,Echolocation,/mnt/ubna_data_02_mir/recover-20221013/UBNA_001/20221012_030000.WAV,Telephone Field,recover-20221013,001,1795
770.2045,770.2433,68437,82399,Rhinolophus ferrumequinum,0.023,0.023,-1,Echolocation,/mnt/ubna_data_02_mir/recover-20221013/UBNA_001/20221012_030000.WAV,Telephone Field,recover-20221013,001,1795
770.2245,770.2361,23750,29419,Nyctalus leisleri,0.01,0.023,-1,Echolocation,/mnt/ubna_data_02_mir/recover-20221013/UBNA_001/20221012_030000.WAV,Telephone Field,recover-20221013,001,1795
770.2525,770.2898,68437,81103,Rhinolophus ferrumequinum,0.022,0.022,-1,Echolocation,/mnt/ubna_data_02_mir/recover-20221013/UBNA_001/20221012_030000.WAV,Telephone Field,recover-20221013,001,1795
770.2615,770.2961,68437,81270,Rhinolophus ferrumequinum,0.02,0.021,-1,Echolocation,/mnt/ubna_data_02_mir/recover-20221013/UBNA_001/20221012_030000.WAV,Telephone Field,recover-20221013,001,1795
770.2735,770.3116,68437,81645,Rhinolophus ferrumequinum,0.02,0.02,-1,Echolocation,/mnt/ubna_data_02_mir/recover-20221013/UBNA_001/20221012_030000.WAV,Telephone Field,recover-20221013,001,1795
770.2795,770.2879,28046,36850,Eptesicus serotinus,0.008,0.024,-1,Echolocation,/mnt/ubna_data_02_mir/recover-20221013/UBNA_001/20221012_030000.WAV,Telephone Field,recover-20221013,001,1795
770.2825,770.3221,68437,82566,Rhinolophus ferrumequinum,0.021,0.021,-1,Echolocation,/mnt/ubna_data_02_mir/recover-20221013/UBNA_001/20221012_030000.WAV,Telephone Field,recover-20221013,001,1795
770.3415,770.3755,68437,80679,Rhinolophus ferrumequinum,0.021,0.021,-1,Echolocation,/mnt/ubna_data_02_mir/recover-20221013/UBNA_001/20221012_030000.WAV,Telephone Field,recover-20221013,001,1795
770.3535,770.3607,28046,39187,Eptesicus serotinus,0.008,0.026,-1,Echolocation,/mnt/ubna_data_02_mir/recover-20221013/UBNA_001/20221012_030000.WAV,Telephone Field,recover-20221013,001,1795
770.3655,770.4045,68437,82358,Rhinolophus ferrumequinum,0.025,0.025,-1,Echolocation,/mnt/ubna_data_02_mir/recover-20221013/UBNA_001/20221012_030000.WAV,Telephone Field,recover-20221013,001,1795
770.3845,770.4236,68437,82258,Rhinolophus ferrumequinum,0.022,0.022,-1,Echolocation,/mnt/ubna_data_02_mir/recover-20221013/UBNA_001/20221012_030000.WAV,Telephone Field,recover-20221013,001,1795
770.4165,770.453,68437,81609,Rhinolophus ferrumequinum,0.023,0.023,-1,Echolocation,/mnt/ubna_data_02_mir/recover-20221013/UBNA_001/20221012_030000.WAV,Telephone Field,recover-20221013,001,1795
770.4315,770.4407,50390,55257,Pipistrellus pipistrellus,0.017,0.022,-1,Echolocation,/mnt/ubna_data_02_mir/recover-20221013/UBNA_001/20221012_030000.WAV,Telephone Field,recover-20221013,001,1795
770.4505,770.4883,68437,81708,Rhinolophus ferrumequinum,0.022,0.022,-1,Echolocation,/mnt/ubna_data_02_mir/recover-20221013/UBNA_001/20221012_030000.WAV,Telephone Field,recover-20221013,001,1795
770.4575,770.4728,23750,27505,Nyctalus leisleri,0.022,0.035,-1,Echolocation,/mnt/ubna_data_02_mir/recover-20221013/UBNA_001/20221012_030000.WAV,Telephone Field,recover-20221013,001,1795
770.5075,770.5448,68437,82059,Rhinolophus ferrumequinum,0.021,0.021,-1,Echolocation,/mnt/ubna_data_02_mir/recover-20221013/UBNA_001/20221012_030000.WAV,Telephone Field,recover-20221013,001,1795
770.5225,770.5299,27187,38517,Eptesicus serotinus,0.006,0.022,-1,Echolocation,/mnt/ubna_data_02_mir/recover-20221013/UBNA_001/20221012_030000.WAV,Telephone Field,recover-20221013,001,1795
770.5475,770.5853,68437,81954,Rhinolophus ferrumequinum,0.021,0.021,-1,Echolocation,/mnt/ubna_data_02_mir/recover-20221013/UBNA_001/20221012_030000.WAV,Telephone Field,recover-20221013,001,1795
770.5795,770.5884,23750,31990,Plecotus austriacus,0.008,0.027,-1,Echolocation,/mnt/ubna_data_02_mir/recover-20221013/UBNA_001/20221012_030000.WAV,Telephone Field,recover-20221013,001,1795
770.6265,770.6356,27187,38672,Eptesicus serotinus,0.009,0.021,-1,Echolocation,/mnt/ubna_data_02_mir/recover-20221013/UBNA_001/20221012_030000.WAV,Telephone Field,recover-20221013,001,1795
770.6305,770.6691,68437,82237,Rhinolophus ferrumequinum,0.02,0.02,-1,Echolocation,/mnt/ubna_data_02_mir/recover-20221013/UBNA_001/20221012_030000.WAV,Telephone Field,recover-20221013,001,1795
770.6895,770.7316,68437,83182,Rhinolophus ferrumequinum,0.026,0.026,-1,Echolocation,/mnt/ubna_data_02_mir/recover-20221013/UBNA_001/20221012_030000.WAV,Telephone Field,recover-20221013,001,1795
770.7005,770.7121,22890,27631,Nyctalus leisleri,0.012,0.023,-1,Echolocation,/mnt/ubna_data_02_mir/recover-20221013/UBNA_001/20221012_030000.WAV,Telephone Field,recover-20221013,001,1795
770.7225,770.7627,68437,82257,Rhinolophus ferrumequinum,0.026,0.026,-1,Echolocation,/mnt/ubna_data_02_mir/recover-20221013/UBNA_001/20221012_030000.WAV,Telephone Field,recover-20221013,001,1795
770.7295,770.771,68437,82402,Rhinolophus ferrumequinum,0.027,0.027,-1,Echolocation,/mnt/ubna_data_02_mir/recover-20221013/UBNA_001/20221012_030000.WAV,Telephone Field,recover-20221013,001,1795
770.7375,770.7772,68437,82494,Rhinolophus ferrumequinum,0.023,0.023,-1,Echolocation,/mnt/ubna_data_02_mir/recover-20221013/UBNA_001/20221012_030000.WAV,Telephone Field,recover-20221013,001,1795
770.7615,770.7989,68437,81839,Rhinolophus ferrumequinum,0.021,0.021,-1,Echolocation,/mnt/ubna_data_02_mir/recover-20221013/UBNA_001/20221012_030000.WAV,Telephone Field,recover-20221013,001,1795
770.7675,770.7787,22890,27387,Nyctalus leisleri,0.012,0.022,-1,Echolocation,/mnt/ubna_data_02_mir/recover-20221013/UBNA_001/20221012_030000.WAV,Telephone Field,recover-20221013,001,1795
770.7795,770.8173,68437,82506,Rhinolophus ferrumequinum,0.02,0.02,-1,Echolocation,/mnt/ubna_data_02_mir/recover-20221013/UBNA_001/20221012_030000.WAV,Telephone Field,recover-20221013,001,1795
770.7995,770.8371,68437,81957,Rhinolophus ferrumequinum,0.02,0.02,-1,Echolocation,/mnt/ubna_data_02_mir/recover-20221013/UBNA_001/20221012_030000.WAV,Telephone Field,recover-20221013,001,1795
770.8095,770.848,68437,81844,Rhinolophus ferrumequinum,0.02,0.02,-1,Echolocation,/mnt/ubna_data_02_mir/recover-20221013/UBNA_001/20221012_030000.WAV,Telephone Field,recover-20221013,001,1795
770.8225,770.8612,68437,82722,Rhinolophus ferrumequinum,0.023,0.023,-1,Echolocation,/mnt/ubna_data_02_mir/recover-20221013/UBNA_001/20221012_030000.WAV,Telephone Field,recover-20221013,001,1795
770.8635,770.8706999999999,26328,38392,Eptesicus serotinus,0.007,0.023,-1,Echolocation,/mnt/ubna_data_02_mir/recover-20221013/UBNA_001/20221012_030000.WAV,Telephone Field,recover-20221013,001,1795
770.8885,770.9269,68437,82454,Rhinolophus ferrumequinum,0.022,0.022,-1,Echolocation,/mnt/ubna_data_02_mir/recover-20221013/UBNA_001/20221012_030000.WAV,Telephone Field,recover-20221013,001,1795
770.8975,770.9347,68437,81922,Rhinolophus ferrumequinum,0.023,0.023,-1,Echolocation,/mnt/ubna_data_02_mir/recover-20221013/UBNA_001/20221012_030000.WAV,Telephone Field,recover-20221013,001,1795
770.9005,770.9116,28046,34934,Eptesicus serotinus,0.01,0.021,-1,Echolocation,/mnt/ubna_data_02_mir/recover-20221013/UBNA_001/20221012_030000.WAV,Telephone Field,recover-20221013,001,1795
770.9045,770.944,68437,82038,Rhinolophus ferrumequinum,0.02,0.02,-1,Echolocation,/mnt/ubna_data_02_mir/recover-20221013/UBNA_001/20221012_030000.WAV,Telephone Field,recover-20221013,001,1795
770.9255,770.9627,68437,82261,Rhinolophus ferrumequinum,0.023,0.023,-1,Echolocation,/mnt/ubna_data_02_mir/recover-20221013/UBNA_001/20221012_030000.WAV,Telephone Field,recover-20221013,001,1795
770.9265,770.9338,26328,36905,Eptesicus serotinus,0.007,0.022,-1,Echolocation,/mnt/ubna_data_02_mir/recover-20221013/UBNA_001/20221012_030000.WAV,Telephone Field,recover-20221013,001,1795
770.9545,770.9899,68437,81014,Rhinolophus ferrumequinum,0.02,0.02,-1,Echolocation,/mnt/ubna_data_02_mir/recover-20221013/UBNA_001/20221012_030000.WAV,Telephone Field,recover-20221013,001,1795
770.9715,770.9838,28906,34317,Eptesicus serotinus,0.063,0.109,-1,Echolocation,/mnt/ubna_data_02_mir/recover-20221013/UBNA_001/20221012_030000.WAV,Telephone Field,recover-20221013,001,1795
771.0025,771.0103,28046,37421,Eptesicus serotinus,0.007,0.021,-1,Echolocation,/mnt/ubna_data_02_mir/recover-20221013/UBNA_001/20221012_030000.WAV,Telephone Field,recover-20221013,001,1795
771.0135,771.0511,68437,82124,Rhinolophus ferrumequinum,0.022,0.022,-1,Echolocation,/mnt/ubna_data_02_mir/recover-20221013/UBNA_001/20221012_030000.WAV,Telephone Field,recover-20221013,001,1795
771.0245,771.0618,68437,82055,Rhinolophus ferrumequinum,0.023,0.023,-1,Echolocation,/mnt/ubna_data_02_mir/recover-20221013/UBNA_001/20221012_030000.WAV,Telephone Field,recover-20221013,001,1795
771.0345,771.0718,68437,81481,Rhinolophus ferrumequinum,0.02,0.02,-1,Echolocation,/mnt/ubna_data_02_mir/recover-20221013/UBNA_001/20221012_030000.WAV,Telephone Field,recover-20221013,001,1795
771.0355,771.0433,27187,39625,Eptesicus serotinus,0.007,0.022,-1,Echolocation,/mnt/ubna_data_02_mir/recover-20221013/UBNA_001/20221012_030000.WAV,Telephone Field,recover-20221013,001,1795
771.0405,771.0468,30625,51496,Myotis daubentonii,0.01,0.021,-1,Echolocation,/mnt/ubna_data_02_mir/recover-20221013/UBNA_001/20221012_030000.WAV,Telephone Field,recover-20221013,001,1795
771.0675,771.1064,68437,82192,Rhinolophus ferrumequinum,0.02,0.02,-1,Echolocation,/mnt/ubna_data_02_mir/recover-20221013/UBNA_001/20221012_030000.WAV,Telephone Field,recover-20221013,001,1795
771.0865,771.0961,22890,28909,Nyctalus leisleri,0.008,0.02,-1,Echolocation,/mnt/ubna_data_02_mir/recover-20221013/UBNA_001/20221012_030000.WAV,Telephone Field,recover-20221013,001,1795
771.1125,771.1524,68437,82093,Rhinolophus ferrumequinum,0.021,0.021,-1,Echolocation,/mnt/ubna_data_02_mir/recover-20221013/UBNA_001/20221012_030000.WAV,Telephone Field,recover-20221013,001,1795
771.1195,771.1279,28046,38498,Eptesicus serotinus,0.007,0.021,-1,Echolocation,/mnt/ubna_data_02_mir/recover-20221013/UBNA_001/20221012_030000.WAV,Telephone Field,recover-20221013,001,1795
771.1325,771.1706,68437,82289,Rhinolophus ferrumequinum,0.021,0.021,-1,Echolocation,/mnt/ubna_data_02_mir/recover-20221013/UBNA_001/20221012_030000.WAV,Telephone Field,recover-20221013,001,1795
771.1625,771.2002,68437,81919,Rhinolophus ferrumequinum,0.02,0.021,-1,Echolocation,/mnt/ubna_data_02_mir/recover-20221013/UBNA_001/20221012_030000.WAV,Telephone Field,recover-20221013,001,1795
771.2225,771.2607,68437,81974,Rhinolophus ferrumequinum,0.024,0.024,-1,Echolocation,/mnt/ubna_data_02_mir/recover-20221013/UBNA_001/20221012_030000.WAV,Telephone Field,recover-20221013,001,1795
771.2345,771.2732,68437,81379,Rhinolophus ferrumequinum,0.02,0.02,-1,Echolocation,/mnt/ubna_data_02_mir/recover-20221013/UBNA_001/20221012_030000.WAV,Telephone Field,recover-20221013,001,1795
771.2915,771.3288,68437,81784,Rhinolophus ferrumequinum,0.02,0.021,-1,Echolocation,/mnt/ubna_data_02_mir/recover-20221013/UBNA_001/20221012_030000.WAV,Telephone Field,recover-20221013,001,1795
771.2975,771.336,68437,81828,Rhinolophus ferrumequinum,0.021,0.021,-1,Echolocation,/mnt/ubna_data_02_mir/recover-20221013/UBNA_001/20221012_030000.WAV,Telephone Field,recover-20221013,001,1795
771.3295,771.369,68437,82769,Rhinolophus ferrumequinum,0.024,0.024,-1,Echolocation,/mnt/ubna_data_02_mir/recover-20221013/UBNA_001/20221012_030000.WAV,Telephone Field,recover-20221013,001,1795
771.3425,771.3819,68437,81882,Rhinolophus ferrumequinum,0.02,0.02,-1,Echolocation,/mnt/ubna_data_02_mir/recover-20221013/UBNA_001/20221012_030000.WAV,Telephone Field,recover-20221013,001,1795
771.3465,771.3579,24609,30920,Nyctalus leisleri,0.011,0.028,-1,Echolocation,/mnt/ubna_data_02_mir/recover-20221013/UBNA_001/20221012_030000.WAV,Telephone Field,recover-20221013,001,1795
771.3605,771.3711,26328,32859,Eptesicus serotinus,0.01,0.02,-1,Echolocation,/mnt/ubna_data_02_mir/recover-20221013/UBNA_001/20221012_030000.WAV,Telephone Field,recover-20221013,001,1795
771.3615,771.3743,57265,62470,Pipistrellus pygmaeus,0.022,0.022,-1,Echolocation,/mnt/ubna_data_02_mir/recover-20221013/UBNA_001/20221012_030000.WAV,Telephone Field,recover-20221013,001,1795
771.3835,771.4217,68437,81895,Rhinolophus ferrumequinum,0.02,0.02,-1,Echolocation,/mnt/ubna_data_02_mir/recover-20221013/UBNA_001/20221012_030000.WAV,Telephone Field,recover-20221013,001,1795
771.3915,771.4262,68437,81127,Rhinolophus ferrumequinum,0.02,0.02,-1,Echolocation,/mnt/ubna_data_02_mir/recover-20221013/UBNA_001/20221012_030000.WAV,Telephone Field,recover-20221013,001,1795
771.3995,771.4069,28046,37257,Eptesicus serotinus,0.009,0.029,-1,Echolocation,/mnt/ubna_data_02_mir/recover-20221013/UBNA_001/20221012_030000.WAV,Telephone Field,recover-20221013,001,1795
771.4165,771.4545,68437,82327,Rhinolophus ferrumequinum,0.023,0.023,-1,Echolocation,/mnt/ubna_data_02_mir/recover-20221013/UBNA_001/20221012_030000.WAV,Telephone Field,recover-20221013,001,1795
771.4495,771.4836,68437,81020,Rhinolophus ferrumequinum,0.023,0.024,-1,Echolocation,/mnt/ubna_data_02_mir/recover-20221013/UBNA_001/20221012_030000.WAV,Telephone Field,recover-20221013,001,1795
771.4505,771.4589,28046,38261,Eptesicus serotinus,0.008,0.023,-1,Echolocation,/mnt/ubna_data_02_mir/recover-20221013/UBNA_001/20221012_030000.WAV,Telephone Field,recover-20221013,001,1795
771.4605,771.499,68437,82502,Rhinolophus ferrumequinum,0.022,0.022,-1,Echolocation,/mnt/ubna_data_02_mir/recover-20221013/UBNA_001/20221012_030000.WAV,Telephone Field,recover-20221013,001,1795
771.4815,771.4902,25468,34130,Eptesicus serotinus,0.009,0.024,-1,Echolocation,/mnt/ubna_data_02_mir/recover-20221013/UBNA_001/20221012_030000.WAV,Telephone Field,recover-20221013,001,1795
771.4865,771.5258,68437,82675,Rhinolophus ferrumequinum,0.022,0.022,-1,Echolocation,/mnt/ubna_data_02_mir/recover-20221013/UBNA_001/20221012_030000.WAV,Telephone Field,recover-20221013,001,1795
771.5125,771.521,28906,36771,Eptesicus serotinus,0.007,0.02,-1,Echolocation,/mnt/ubna_data_02_mir/recover-20221013/UBNA_001/20221012_030000.WAV,Telephone Field,recover-20221013,001,1795
771.5165,771.5501,68437,81467,Rhinolophus ferrumequinum,0.026,0.026,-1,Echolocation,/mnt/ubna_data_02_mir/recover-20221013/UBNA_001/20221012_030000.WAV,Telephone Field,recover-20221013,001,1795
771.5595,771.5965,68437,82168,Rhinolophus ferrumequinum,0.02,0.02,-1,Echolocation,/mnt/ubna_data_02_mir/recover-20221013/UBNA_001/20221012_030000.WAV,Telephone Field,recover-20221013,001,1795
771.5595,771.5703,22031,27414,Nyctalus leisleri,0.012,0.028,-1,Echolocation,/mnt/ubna_data_02_mir/recover-20221013/UBNA_001/20221012_030000.WAV,Telephone Field,recover-20221013,001,1795
771.5725,771.6125,68437,82253,Rhinolophus ferrumequinum,0.02,0.02,-1,Echolocation,/mnt/ubna_data_02_mir/recover-20221013/UBNA_001/20221012_030000.WAV,Telephone Field,recover-20221013,001,1795
771.5825,771.5909,50390,55247,Pipistrellus pipistrellus,0.027,0.032,-1,Echolocation,/mnt/ubna_data_02_mir/recover-20221013/UBNA_001/20221012_030000.WAV,Telephone Field,recover-20221013,001,1795
771.5845,771.6201,68437,81913,Rhinolophus ferrumequinum,0.019,0.02,-1,Echolocation,/mnt/ubna_data_02_mir/recover-20221013/UBNA_001/20221012_030000.WAV,Telephone Field,recover-20221013,001,1795
771.5905,771.6279,68437,82244,Rhinolophus ferrumequinum,0.02,0.02,-1,Echolocation,/mnt/ubna_data_02_mir/recover-20221013/UBNA_001/20221012_030000.WAV,Telephone Field,recover-20221013,001,1795
771.6095,771.6477,68437,81782,Rhinolophus ferrumequinum,0.023,0.023,-1,Echolocation,/mnt/ubna_data_02_mir/recover-20221013/UBNA_001/20221012_030000.WAV,Telephone Field,recover-20221013,001,1795
771.6115,771.6186,28046,39168,Eptesicus serotinus,0.006,0.022,-1,Echolocation,/mnt/ubna_data_02_mir/recover-20221013/UBNA_001/20221012_030000.WAV,Telephone Field,recover-20221013,001,1795
771.6285,771.663,68437,80926,Rhinolophus ferrumequinum,0.028,0.028,-1,Echolocation,/mnt/ubna_data_02_mir/recover-20221013/UBNA_001/20221012_030000.WAV,Telephone Field,recover-20221013,001,1795
771.6445,771.6827,68437,81878,Rhinolophus ferrumequinum,0.02,0.02,-1,Echolocation,/mnt/ubna_data_02_mir/recover-20221013/UBNA_001/20221012_030000.WAV,Telephone Field,recover-20221013,001,1795
771.6535,771.6615,27187,39652,Eptesicus serotinus,0.007,0.02,-1,Echolocation,/mnt/ubna_data_02_mir/recover-20221013/UBNA_001/20221012_030000.WAV,Telephone Field,recover-20221013,001,1795
771.6665,771.7064,68437,83067,Rhinolophus ferrumequinum,0.047,0.047,-1,Echolocation,/mnt/ubna_data_02_mir/recover-20221013/UBNA_001/20221012_030000.WAV,Telephone Field,recover-20221013,001,1795
771.6875,771.6949,27187,36793,Eptesicus serotinus,0.006,0.021,-1,Echolocation,/mnt/ubna_data_02_mir/recover-20221013/UBNA_001/20221012_030000.WAV,Telephone Field,recover-20221013,001,1795
771.6875,771.7291,68437,82908,Rhinolophus ferrumequinum,0.023,0.023,-1,Echolocation,/mnt/ubna_data_02_mir/recover-20221013/UBNA_001/20221012_030000.WAV,Telephone Field,recover-20221013,001,1795
771.6945,771.7334,68437,82703,Rhinolophus ferrumequinum,0.023,0.023,-1,Echolocation,/mnt/ubna_data_02_mir/recover-20221013/UBNA_001/20221012_030000.WAV,Telephone Field,recover-20221013,001,1795
771.7125,771.7228,24609,31221,Nyctalus leisleri,0.012,0.036,-1,Echolocation,/mnt/ubna_data_02_mir/recover-20221013/UBNA_001/20221012_030000.WAV,Telephone Field,recover-20221013,001,1795
771.7525,771.763,22890,28182,Nyctalus leisleri,0.009,0.02,-1,Echolocation,/mnt/ubna_data_02_mir/recover-20221013/UBNA_001/20221012_030000.WAV,Telephone Field,recover-20221013,001,1795
771.7625,771.7973,68437,81322,Rhinolophus ferrumequinum,0.021,0.021,-1,Echolocation,/mnt/ubna_data_02_mir/recover-20221013/UBNA_001/20221012_030000.WAV,Telephone Field,recover-20221013,001,1795
771.8045,771.8149,28906,36877,Eptesicus serotinus,0.009,0.021,-1,Echolocation,/mnt/ubna_data_02_mir/recover-20221013/UBNA_001/20221012_030000.WAV,Telephone Field,recover-20221013,001,1795
771.8105,771.8222,34062,39240,Eptesicus serotinus,0.005,0.02,-1,Echolocation,/mnt/ubna_data_02_mir/recover-20221013/UBNA_001/20221012_030000.WAV,Telephone Field,recover-20221013,001,1795
771.8145,771.8227,28906,37814,Eptesicus serotinus,0.006,0.02,-1,Echolocation,/mnt/ubna_data_02_mir/recover-20221013/UBNA_001/20221012_030000.WAV,Telephone Field,recover-20221013,001,1795
771.8145,771.8495,68437,81090,Rhinolophus ferrumequinum,0.019,0.02,-1,Echolocation,/mnt/ubna_data_02_mir/recover-20221013/UBNA_001/20221012_030000.WAV,Telephone Field,recover-20221013,001,1795
771.8385,771.8749,68437,81496,Rhinolophus ferrumequinum,0.022,0.022,-1,Echolocation,/mnt/ubna_data_02_mir/recover-20221013/UBNA_001/20221012_030000.WAV,Telephone Field,recover-20221013,001,1795
771.8435,771.8524,22031,28886,Plecotus austriacus,0.01,0.025,-1,Echolocation,/mnt/ubna_data_02_mir/recover-20221013/UBNA_001/20221012_030000.WAV,Telephone Field,recover-20221013,001,1795
771.8745,771.9110000000001,68437,81481,Rhinolophus ferrumequinum,0.022,0.022,-1,Echolocation,/mnt/ubna_data_02_mir/recover-20221013/UBNA_001/20221012_030000.WAV,Telephone Field,recover-20221013,001,1795
771.8845,771.8943,24609,31405,Nyctalus leisleri,0.01,0.03,-1,Echolocation,/mnt/ubna_data_02_mir/recover-20221013/UBNA_001/20221012_030000.WAV,Telephone Field,recover-20221013,001,1795
771.9085,771.9433,68437,81050,Rhinolophus ferrumequinum,0.02,0.02,-1,Echolocation,/mnt/ubna_data_02_mir/recover-20221013/UBNA_001/20221012_030000.WAV,Telephone Field,recover-20221013,001,1795
771.9405,771.9512,28906,35546,Eptesicus serotinus,0.012,0.025,-1,Echolocation,/mnt/ubna_data_02_mir/recover-20221013/UBNA_001/20221012_030000.WAV,Telephone Field,recover-20221013,001,1795
771.9505,771.9873,68437,82089,Rhinolophus ferrumequinum,0.02,0.02,-1,Echolocation,/mnt/ubna_data_02_mir/recover-20221013/UBNA_001/20221012_030000.WAV,Telephone Field,recover-20221013,001,1795
771.9515,771.9612,37500,43130,Barbastellus barbastellus,0.005,0.021,-1,Echolocation,/mnt/ubna_data_02_mir/recover-20221013/UBNA_001/20221012_030000.WAV,Telephone Field,recover-20221013,001,1795
771.9525,771.9605,27187,38341,Eptesicus serotinus,0.007,0.021,-1,Echolocation,/mnt/ubna_data_02_mir/recover-20221013/UBNA_001/20221012_030000.WAV,Telephone Field,recover-20221013,001,1795
771.9595,771.9672,28046,38056,Eptesicus serotinus,0.007,0.021,-1,Echolocation,/mnt/ubna_data_02_mir/recover-20221013/UBNA_001/20221012_030000.WAV,Telephone Field,recover-20221013,001,1795
771.9705,771.9779,27187,38258,Eptesicus serotinus,0.007,0.022,-1,Echolocation,/mnt/ubna_data_02_mir/recover-20221013/UBNA_001/20221012_030000.WAV,Telephone Field,recover-20221013,001,1795
771.9805,771.9976,21171,24444,Nyctalus leisleri,0.018,0.03,-1,Echolocation,/mnt/ubna_data_02_mir/recover-20221013/UBNA_001/20221012_030000.WAV,Telephone Field,recover-20221013,001,1795
772.0015,772.0093,21171,28297,Plecotus austriacus,0.009,0.025,-1,Echolocation,/mnt/ubna_data_02_mir/recover-20221013/UBNA_001/20221012_030000.WAV,Telephone Field,recover-20221013,001,1795
772.0015,772.0341,69296,81381,Rhinolophus ferrumequinum,0.029,0.029,-1,Echolocation,/mnt/ubna_data_02_mir/recover-20221013/UBNA_001/20221012_030000.WAV,Telephone Field,recover-20221013,001,1795
772.0155,772.0249,29765,38977,Eptesicus serotinus,0.007,0.02,-1,Echolocation,/mnt/ubna_data_02_mir/recover-20221013/UBNA_001/20221012_030000.WAV,Telephone Field,recover-20221013,001,1795
772.0595,772.0977,68437,82617,Rhinolophus ferrumequinum,0.022,0.022,-1,Echolocation,/mnt/ubna_data_02_mir/recover-20221013/UBNA_001/20221012_030000.WAV,Telephone Field,recover-20221013,001,1795
772.0725,772.1103,68437,82747,Rhinolophus ferrumequinum,0.022,0.022,-1,Echolocation,/mnt/ubna_data_02_mir/recover-20221013/UBNA_001/20221012_030000.WAV,Telephone Field,recover-20221013,001,1795
772.1035,772.1114,28906,39880,Eptesicus serotinus,0.007,0.025,-1,Echolocation,/mnt/ubna_data_02_mir/recover-20221013/UBNA_001/20221012_030000.WAV,Telephone Field,recover-20221013,001,1795
772.1045,772.1111,24609,34299,Plecotus austriacus,0.011,0.025,-1,Echolocation,/mnt/ubna_data_02_mir/recover-20221013/UBNA_001/20221012_030000.WAV,Telephone Field,recover-20221013,001,1795
772.1275,772.1665,68437,81950,Rhinolophus ferrumequinum,0.022,0.022,-1,Echolocation,/mnt/ubna_data_02_mir/recover-20221013/UBNA_001/20221012_030000.WAV,Telephone Field,recover-20221013,001,1795
772.1355,772.1703,68437,81652,Rhinolophus ferrumequinum,0.02,0.02,-1,Echolocation,/mnt/ubna_data_02_mir/recover-20221013/UBNA_001/20221012_030000.WAV,Telephone Field,recover-20221013,001,1795
772.1605,772.1671,28906,41219,Eptesicus serotinus,0.006,0.022,-1,Echolocation,/mnt/ubna_data_02_mir/recover-20221013/UBNA_001/20221012_030000.WAV,Telephone Field,recover-20221013,001,1795
772.1905,772.2091,19453,22407,Nyctalus leisleri,0.011,0.02,-1,Echolocation,/mnt/ubna_data_02_mir/recover-20221013/UBNA_001/20221012_030000.WAV,Telephone Field,recover-20221013,001,1795
772.2265,772.2645,68437,81500,Rhinolophus ferrumequinum,0.02,0.02,-1,Echolocation,/mnt/ubna_data_02_mir/recover-20221013/UBNA_001/20221012_030000.WAV,Telephone Field,recover-20221013,001,1795
772.2445,772.2523,28906,39986,Eptesicus serotinus,0.006,0.02,-1,Echolocation,/mnt/ubna_data_02_mir/recover-20221013/UBNA_001/20221012_030000.WAV,Telephone Field,recover-20221013,001,1795
772.2505,772.2893,68437,81795,Rhinolophus ferrumequinum,0.021,0.021,-1,Echolocation,/mnt/ubna_data_02_mir/recover-20221013/UBNA_001/20221012_030000.WAV,Telephone Field,recover-20221013,001,1795
772.2815,772.3197,68437,82236,Rhinolophus ferrumequinum,0.021,0.021,-1,Echolocation,/mnt/ubna_data_02_mir/recover-20221013/UBNA_001/20221012_030000.WAV,Telephone Field,recover-20221013,001,1795
772.2835,772.2954,28906,35993,Eptesicus serotinus,0.016,0.029,-1,Echolocation,/mnt/ubna_data_02_mir/recover-20221013/UBNA_001/20221012_030000.WAV,Telephone Field,recover-20221013,001,1795
772.3255,772.3624,68437,82178,Rhinolophus ferrumequinum,0.02,0.02,-1,Echolocation,/mnt/ubna_data_02_mir/recover-20221013/UBNA_001/20221012_030000.WAV,Telephone Field,recover-20221013,001,1795
772.3455,772.3541,28046,41627,Eptesicus serotinus,0.011,0.03,-1,Echolocation,/mnt/ubna_data_02_mir/recover-20221013/UBNA_001/20221012_030000.WAV,Telephone Field,recover-20221013,001,1795
772.3615,772.3715,23750,29859,Nyctalus leisleri,0.007,0.02,-1,Echolocation,/mnt/ubna_data_02_mir/recover-20221013/UBNA_001/20221012_030000.WAV,Telephone Field,recover-20221013,001,1795
772.4025,772.4117,28906,37169,Eptesicus serotinus,0.01,0.026,-1,Echolocation,/mnt/ubna_data_02_mir/recover-20221013/UBNA_001/20221012_030000.WAV,Telephone Field,recover-20221013,001,1795
772.4275,772.4691,68437,82705,Rhinolophus ferrumequinum,0.025,0.025,-1,Echolocation,/mnt/ubna_data_02_mir/recover-20221013/UBNA_001/20221012_030000.WAV,Telephone Field,recover-20221013,001,1795
772.4495,772.4572000000001,24609,32717,Plecotus austriacus,0.007,0.022,-1,Echolocation,/mnt/ubna_data_02_mir/recover-20221013/UBNA_001/20221012_030000.WAV,Telephone Field,recover-20221013,001,1795
772.4905,772.5329,68437,82644,Rhinolophus ferrumequinum,0.021,0.021,-1,Echolocation,/mnt/ubna_data_02_mir/recover-20221013/UBNA_001/20221012_030000.WAV,Telephone Field,recover-20221013,001,1795
772.4955,772.5027,28046,39770,Eptesicus serotinus,0.005,0.02,-1,Echolocation,/mnt/ubna_data_02_mir/recover-20221013/UBNA_001/20221012_030000.WAV,Telephone Field,recover-20221013,001,1795
772.5075,772.5445,68437,81985,Rhinolophus ferrumequinum,0.021,0.021,-1,Echolocation,/mnt/ubna_data_02_mir/recover-20221013/UBNA_001/20221012_030000.WAV,Telephone Field,recover-20221013,001,1795
772.5975,772.6189,18593,21501,Nyctalus noctula,0.019,0.035,-1,Echolocation,/mnt/ubna_data_02_mir/recover-20221013/UBNA_001/20221012_030000.WAV,Telephone Field,recover-20221013,001,1795
772.5985000000001,772.6069,32343,41308,Myotis daubentonii,0.008,0.021,-1,Echolocation,/mnt/ubna_data_02_mir/recover-20221013/UBNA_001/20221012_030000.WAV,Telephone Field,recover-20221013,001,1795
772.6065,772.6437,68437,82155,Rhinolophus ferrumequinum,0.021,0.021,-1,Echolocation,/mnt/ubna_data_02_mir/recover-20221013/UBNA_001/20221012_030000.WAV,Telephone Field,recover-20221013,001,1795
772.6215,772.6616,68437,81879,Rhinolophus ferrumequinum,0.02,0.02,-1,Echolocation,/mnt/ubna_data_02_mir/recover-20221013/UBNA_001/20221012_030000.WAV,Telephone Field,recover-20221013,001,1795
772.6665,772.6743,27187,38496,Eptesicus serotinus,0.006,0.021,-1,Echolocation,/mnt/ubna_data_02_mir/recover-20221013/UBNA_001/20221012_030000.WAV,Telephone Field,recover-20221013,001,1795
772.6725,772.6796,27187,39031,Eptesicus serotinus,0.006,0.021,-1,Echolocation,/mnt/ubna_data_02_mir/recover-20221013/UBNA_001/20221012_030000.WAV,Telephone Field,recover-20221013,001,1795
772.6975,772.7355,68437,82693,Rhinolophus ferrumequinum,0.02,0.02,-1,Echolocation,/mnt/ubna_data_02_mir/recover-20221013/UBNA_001/20221012_030000.WAV,Telephone Field,recover-20221013,001,1795
772.7095,772.7189,22890,28796,Nyctalus leisleri,0.008,0.022,-1,Echolocation,/mnt/ubna_data_02_mir/recover-20221013/UBNA_001/20221012_030000.WAV,Telephone Field,recover-20221013,001,1795
772.7375,772.7444,23750,32430,Plecotus austriacus,0.009,0.02,-1,Echolocation,/mnt/ubna_data_02_mir/recover-20221013/UBNA_001/20221012_030000.WAV,Telephone Field,recover-20221013,001,1795
772.7505,772.7628,28906,33561,Eptesicus serotinus,0.012,0.024,-1,Echolocation,/mnt/ubna_data_02_mir/recover-20221013/UBNA_001/20221012_030000.WAV,Telephone Field,recover-20221013,001,1795
772.7815,772.7926,22890,27938,Nyctalus leisleri,0.01,0.02,-1,Echolocation,/mnt/ubna_data_02_mir/recover-20221013/UBNA_001/20221012_030000.WAV,Telephone Field,recover-20221013,001,1795
772.7995,772.8398,68437,81847,Rhinolophus ferrumequinum,0.021,0.021,-1,Echolocation,/mnt/ubna_data_02_mir/recover-20221013/UBNA_001/20221012_030000.WAV,Telephone Field,recover-20221013,001,1795
772.8085,772.8467,68437,82412,Rhinolophus ferrumequinum,0.02,0.02,-1,Echolocation,/mnt/ubna_data_02_mir/recover-20221013/UBNA_001/20221012_030000.WAV,Telephone Field,recover-20221013,001,1795
772.8195,772.8316,38359,44492,Pipistrellus nathusii,0.01,0.021,-1,Echolocation,/mnt/ubna_data_02_mir/recover-20221013/UBNA_001/20221012_030000.WAV,Telephone Field,recover-20221013,001,1795
772.8215,772.8606,68437,82573,Rhinolophus ferrumequinum,0.022,0.022,-1,Echolocation,/mnt/ubna_data_02_mir/recover-20221013/UBNA_001/20221012_030000.WAV,Telephone Field,recover-20221013,001,1795
772.8385,772.8772,68437,82446,Rhinolophus ferrumequinum,0.021,0.021,-1,Echolocation,/mnt/ubna_data_02_mir/recover-20221013/UBNA_001/20221012_030000.WAV,Telephone Field,recover-20221013,001,1795
772.8525,772.8634,22031,26776,Nyctalus leisleri,0.011,0.022,-1,Echolocation,/mnt/ubna_data_02_mir/recover-20221013/UBNA_001/20221012_030000.WAV,Telephone Field,recover-20221013,001,1795
772.8745,772.9142,68437,82328,Rhinolophus ferrumequinum,0.021,0.021,-1,Echolocation,/mnt/ubna_data_02_mir/recover-20221013/UBNA_001/20221012_030000.WAV,Telephone Field,recover-20221013,001,1795
772.9185,772.9252,51250,58406,Pipistrellus pipistrellus,0.02,0.023,-1,Echolocation,/mnt/ubna_data_02_mir/recover-20221013/UBNA_001/20221012_030000.WAV,Telephone Field,recover-20221013,001,1795
772.9475,772.9581000000001,28046,35181,Eptesicus serotinus,0.009,0.021,-1,Echolocation,/mnt/ubna_data_02_mir/recover-20221013/UBNA_001/20221012_030000.WAV,Telephone Field,recover-20221013,001,1795
772.9515,772.9906,68437,81988,Rhinolophus ferrumequinum,0.025,0.026,-1,Echolocation,/mnt/ubna_data_02_mir/recover-20221013/UBNA_001/20221012_030000.WAV,Telephone Field,recover-20221013,001,1795
772.9535,772.9628,28906,37620,Eptesicus serotinus,0.008,0.021,-1,Echolocation,/mnt/ubna_data_02_mir/recover-20221013/UBNA_001/20221012_030000.WAV,Telephone Field,recover-20221013,001,1795
772.9595,772.9668,28906,40085,Eptesicus serotinus,0.006,0.022,-1,Echolocation,/mnt/ubna_data_02_mir/recover-20221013/UBNA_001/20221012_030000.WAV,Telephone Field,recover-20221013,001,1795
772.9625,773.0032,68437,82705,Rhinolophus ferrumequinum,0.022,0.022,-1,Echolocation,/mnt/ubna_data_02_mir/recover-20221013/UBNA_001/20221012_030000.WAV,Telephone Field,recover-20221013,001,1795
772.9695,773.0105,68437,83401,Rhinolophus ferrumequinum,0.022,0.022,-1,Echolocation,/mnt/ubna_data_02_mir/recover-20221013/UBNA_001/20221012_030000.WAV,Telephone Field,recover-20221013,001,1795
772.9785,772.9857,32343,45203,Myotis daubentonii,0.007,0.023,-1,Echolocation,/mnt/ubna_data_02_mir/recover-20221013/UBNA_001/20221012_030000.WAV,Telephone Field,recover-20221013,001,1795
773.0175,773.0266,25468,33736,Eptesicus serotinus,0.007,0.024,-1,Echolocation,/mnt/ubna_data_02_mir/recover-20221013/UBNA_001/20221012_030000.WAV,Telephone Field,recover-20221013,001,1795
773.0345,773.0737,68437,82288,Rhinolophus ferrumequinum,0.021,0.021,-1,Echolocation,/mnt/ubna_data_02_mir/recover-20221013/UBNA_001/20221012_030000.WAV,Telephone Field,recover-20221013,001,1795
773.0595,773.0997,68437,82390,Rhinolophus ferrumequinum,0.03,0.031,-1,Echolocation,/mnt/ubna_data_02_mir/recover-20221013/UBNA_001/20221012_030000.WAV,Telephone Field,recover-20221013,001,1795
773.0665,773.0743,27187,39981,Eptesicus serotinus,0.006,0.02,-1,Echolocation,/mnt/ubna_data_02_mir/recover-20221013/UBNA_001/20221012_030000.WAV,Telephone Field,recover-20221013,001,1795
773.0745,773.082,28046,38832,Eptesicus serotinus,0.006,0.02,-1,Echolocation,/mnt/ubna_data_02_mir/recover-20221013/UBNA_001/20221012_030000.WAV,Telephone Field,recover-20221013,001,1795
773.1195,773.1264,28046,39780,Eptesicus serotinus,0.005,0.02,-1,Echolocation,/mnt/ubna_data_02_mir/recover-20221013/UBNA_001/20221012_030000.WAV,Telephone Field,recover-20221013,001,1795
773.1275,773.165,68437,81822,Rhinolophus ferrumequinum,0.026,0.026,-1,Echolocation,/mnt/ubna_data_02_mir/recover-20221013/UBNA_001/20221012_030000.WAV,Telephone Field,recover-20221013,001,1795
773.1755,773.2094,68437,80634,Rhinolophus ferrumequinum,0.02,0.02,-1,Echolocation,/mnt/ubna_data_02_mir/recover-20221013/UBNA_001/20221012_030000.WAV,Telephone Field,recover-20221013,001,1795
773.1795,773.1925,23750,28726,Nyctalus leisleri,0.014,0.028,-1,Echolocation,/mnt/ubna_data_02_mir/recover-20221013/UBNA_001/20221012_030000.WAV,Telephone Field,recover-20221013,001,1795
773.1865,773.223,68437,81788,Rhinolophus ferrumequinum,0.021,0.021,-1,Echolocation,/mnt/ubna_data_02_mir/recover-20221013/UBNA_001/20221012_030000.WAV,Telephone Field,recover-20221013,001,1795
773.2435,773.253,23750,30438,Nyctalus leisleri,0.009,0.026,-1,Echolocation,/mnt/ubna_data_02_mir/recover-20221013/UBNA_001/20221012_030000.WAV,Telephone Field,recover-20221013,001,1795
773.2615,773.2983,68437,81880,Rhinolophus ferrumequinum,0.024,0.024,-1,Echolocation,/mnt/ubna_data_02_mir/recover-20221013/UBNA_001/20221012_030000.WAV,Telephone Field,recover-20221013,001,1795
773.2785,773.2856,28046,39136,Eptesicus serotinus,0.007,0.02,-1,Echolocation,/mnt/ubna_data_02_mir/recover-20221013/UBNA_001/20221012_030000.WAV,Telephone Field,recover-20221013,001,1795
773.3215,773.3615,68437,82188,Rhinolophus ferrumequinum,0.024,0.024,-1,Echolocation,/mnt/ubna_data_02_mir/recover-20221013/UBNA_001/20221012_030000.WAV,Telephone Field,recover-20221013,001,1795
773.3325,773.3427,23750,29536,Nyctalus leisleri,0.009,0.023,-1,Echolocation,/mnt/ubna_data_02_mir/recover-20221013/UBNA_001/20221012_030000.WAV,Telephone Field,recover-20221013,001,1795
773.3415,773.382,68437,82351,Rhinolophus ferrumequinum,0.022,0.022,-1,Echolocation,/mnt/ubna_data_02_mir/recover-20221013/UBNA_001/20221012_030000.WAV,Telephone Field,recover-20221013,001,1795
773.3945,773.4312,68437,81343,Rhinolophus ferrumequinum,0.02,0.02,-1,Echolocation,/mnt/ubna_data_02_mir/recover-20221013/UBNA_001/20221012_030000.WAV,Telephone Field,recover-20221013,001,1795
773.3965,773.4083,23750,28684,Nyctalus leisleri,0.015,0.03,-1,Echolocation,/mnt/ubna_data_02_mir/recover-20221013/UBNA_001/20221012_030000.WAV,Telephone Field,recover-20221013,001,1795
773.4755,773.5151,68437,82672,Rhinolophus ferrumequinum,0.024,0.024,-1,Echolocation,/mnt/ubna_data_02_mir/recover-20221013/UBNA_001/20221012_030000.WAV,Telephone Field,recover-20221013,001,1795
773.5225,773.533,27187,34657,Eptesicus serotinus,0.009,0.02,-1,Echolocation,/mnt/ubna_data_02_mir/recover-20221013/UBNA_001/20221012_030000.WAV,Telephone Field,recover-20221013,001,1795
773.5445,773.584,68437,81956,Rhinolophus ferrumequinum,0.024,0.025,-1,Echolocation,/mnt/ubna_data_02_mir/recover-20221013/UBNA_001/20221012_030000.WAV,Telephone Field,recover-20221013,001,1795
773.5805,773.6173,68437,81120,Rhinolophus ferrumequinum,0.022,0.022,-1,Echolocation,/mnt/ubna_data_02_mir/recover-20221013/UBNA_001/20221012_030000.WAV,Telephone Field,recover-20221013,001,1795
773.6075,773.6145,27187,41735,Eptesicus serotinus,0.005,0.021,-1,Echolocation,/mnt/ubna_data_02_mir/recover-20221013/UBNA_001/20221012_030000.WAV,Telephone Field,recover-20221013,001,1795
773.6295,773.6663,68437,81576,Rhinolophus ferrumequinum,0.021,0.021,-1,Echolocation,/mnt/ubna_data_02_mir/recover-20221013/UBNA_001/20221012_030000.WAV,Telephone Field,recover-20221013,001,1795
773.6645,773.6727,22890,30248,Plecotus austriacus,0.009,0.021,-1,Echolocation,/mnt/ubna_data_02_mir/recover-20221013/UBNA_001/20221012_030000.WAV,Telephone Field,recover-20221013,001,1795
773.6785,773.7169,68437,82541,Rhinolophus ferrumequinum,0.022,0.022,-1,Echolocation,/mnt/ubna_data_02_mir/recover-20221013/UBNA_001/20221012_030000.WAV,Telephone Field,recover-20221013,001,1795
773.7155,773.7525,68437,82008,Rhinolophus ferrumequinum,0.02,0.02,-1,Echolocation,/mnt/ubna_data_02_mir/recover-20221013/UBNA_001/20221012_030000.WAV,Telephone Field,recover-20221013,001,1795
773.7945,773.8295,68437,81081,Rhinolophus ferrumequinum,0.025,0.025,-1,Echolocation,/mnt/ubna_data_02_mir/recover-20221013/UBNA_001/20221012_030000.WAV,Telephone Field,recover-20221013,001,1795
773.8285,773.8365,28046,38843,Eptesicus serotinus,0.006,0.021,-1,Echolocation,/mnt/ubna_data_02_mir/recover-20221013/UBNA_001/20221012_030000.WAV,Telephone Field,recover-20221013,001,1795
773.8435,773.8844,68437,82603,Rhinolophus ferrumequinum,0.026,0.026,-1,Echolocation,/mnt/ubna_data_02_mir/recover-20221013/UBNA_001/20221012_030000.WAV,Telephone Field,recover-20221013,001,1795
773.8535,773.8715,22031,25715,Nyctalus leisleri,0.016,0.028,-1,Echolocation,/mnt/ubna_data_02_mir/recover-20221013/UBNA_001/20221012_030000.WAV,Telephone Field,recover-20221013,001,1795
773.8575,773.8968,68437,82819,Rhinolophus ferrumequinum,0.025,0.025,-1,Echolocation,/mnt/ubna_data_02_mir/recover-20221013/UBNA_001/20221012_030000.WAV,Telephone Field,recover-20221013,001,1795
773.8835,773.9215,68437,81969,Rhinolophus ferrumequinum,0.02,0.02,-1,Echolocation,/mnt/ubna_data_02_mir/recover-20221013/UBNA_001/20221012_030000.WAV,Telephone Field,recover-20221013,001,1795
773.9145,773.953,68437,81896,Rhinolophus ferrumequinum,0.021,0.021,-1,Echolocation,/mnt/ubna_data_02_mir/recover-20221013/UBNA_001/20221012_030000.WAV,Telephone Field,recover-20221013,001,1795
773.9275,773.968,68437,82462,Rhinolophus ferrumequinum,0.021,0.021,-1,Echolocation,/mnt/ubna_data_02_mir/recover-20221013/UBNA_001/20221012_030000.WAV,Telephone Field,recover-20221013,001,1795
773.9595,773.9962,68437,81363,Rhinolophus ferrumequinum,0.021,0.021,-1,Echolocation,/mnt/ubna_data_02_mir/recover-20221013/UBNA_001/20221012_030000.WAV,Telephone Field,recover-20221013,001,1795
773.9765,773.9829,28046,39974,Eptesicus serotinus,0.006,0.025,-1,Echolocation,/mnt/ubna_data_02_mir/recover-20221013/UBNA_001/20221012_030000.WAV,Telephone Field,recover-20221013,001,1795
774.0015,774.0358,69296,81208,Rhinolophus ferrumequinum,0.04,0.04,-1,Echolocation,/mnt/ubna_data_02_mir/recover-20221013/UBNA_001/20221012_030000.WAV,Telephone Field,recover-20221013,001,1795
774.0015,774.0117,23750,30327,Nyctalus leisleri,0.015,0.035,-1,Echolocation,/mnt/ubna_data_02_mir/recover-20221013/UBNA_001/20221012_030000.WAV,Telephone Field,recover-20221013,001,1795
774.0085,774.0531,68437,82147,Rhinolophus ferrumequinum,0.025,0.025,-1,Echolocation,/mnt/ubna_data_02_mir/recover-20221013/UBNA_001/20221012_030000.WAV,Telephone Field,recover-20221013,001,1795
774.0085,774.0262,20312,23362,Nyctalus leisleri,0.014,0.022,-1,Echolocation,/mnt/ubna_data_02_mir/recover-20221013/UBNA_001/20221012_030000.WAV,Telephone Field,recover-20221013,001,1795
774.0185,774.0585,68437,82224,Rhinolophus ferrumequinum,0.021,0.021,-1,Echolocation,/mnt/ubna_data_02_mir/recover-20221013/UBNA_001/20221012_030000.WAV,Telephone Field,recover-20221013,001,1795
774.1105,774.1193,46093,55883,Pipistrellus pipistrellus,0.014,0.021,-1,Echolocation,/mnt/ubna_data_02_mir/recover-20221013/UBNA_001/20221012_030000.WAV,Telephone Field,recover-20221013,001,1795
774.1145,774.124,22890,28980,Nyctalus leisleri,0.009,0.025,-1,Echolocation,/mnt/ubna_data_02_mir/recover-20221013/UBNA_001/20221012_030000.WAV,Telephone Field,recover-20221013,001,1795
774.1245,774.1642,68437,82702,Rhinolophus ferrumequinum,0.025,0.025,-1,Echolocation,/mnt/ubna_data_02_mir/recover-20221013/UBNA_001/20221012_030000.WAV,Telephone Field,recover-20221013,001,1795
774.1355,774.1733,68437,82254,Rhinolophus ferrumequinum,0.022,0.022,-1,Echolocation,/mnt/ubna_data_02_mir/recover-20221013/UBNA_001/20221012_030000.WAV,Telephone Field,recover-20221013,001,1795
774.1685,774.1791,25468,31554,Nyctalus leisleri,0.011,0.028,-1,Echolocation,/mnt/ubna_data_02_mir/recover-20221013/UBNA_001/20221012_030000.WAV,Telephone Field,recover-20221013,001,1795
774.1735,774.2116,68437,82020,Rhinolophus ferrumequinum,0.021,0.022,-1,Echolocation,/mnt/ubna_data_02_mir/recover-20221013/UBNA_001/20221012_030000.WAV,Telephone Field,recover-20221013,001,1795
774.1835,774.1936,24609,30503,Nyctalus leisleri,0.009,0.023,-1,Echolocation,/mnt/ubna_data_02_mir/recover-20221013/UBNA_001/20221012_030000.WAV,Telephone Field,recover-20221013,001,1795
774.1835,774.2215,68437,82382,Rhinolophus ferrumequinum,0.024,0.024,-1,Echolocation,/mnt/ubna_data_02_mir/recover-20221013/UBNA_001/20221012_030000.WAV,Telephone Field,recover-20221013,001,1795
774.2015,774.2077,25468,39777,Myotis nattereri,0.009,0.026,-1,Echolocation,/mnt/ubna_data_02_mir/recover-20221013/UBNA_001/20221012_030000.WAV,Telephone Field,recover-20221013,001,1795
774.2375,774.2734,68437,81819,Rhinolophus ferrumequinum,0.021,0.021,-1,Echolocation,/mnt/ubna_data_02_mir/recover-20221013/UBNA_001/20221012_030000.WAV,Telephone Field,recover-20221013,001,1795
774.2395,774.2495,28906,36201,Eptesicus serotinus,0.019,0.035,-1,Echolocation,/mnt/ubna_data_02_mir/recover-20221013/UBNA_001/20221012_030000.WAV,Telephone Field,recover-20221013,001,1795
774.2505,774.288,68437,81541,Rhinolophus ferrumequinum,0.022,0.022,-1,Echolocation,/mnt/ubna_data_02_mir/recover-20221013/UBNA_001/20221012_030000.WAV,Telephone Field,recover-20221013,001,1795
774.2595,774.2718,25468,30572,Nyctalus leisleri,0.015,0.034,-1,Echolocation,/mnt/ubna_data_02_mir/recover-20221013/UBNA_001/20221012_030000.WAV,Telephone Field,recover-20221013,001,1795
774.2685,774.3065,68437,81763,Rhinolophus ferrumequinum,0.024,0.024,-1,Echolocation,/mnt/ubna_data_02_mir/recover-20221013/UBNA_001/20221012_030000.WAV,Telephone Field,recover-20221013,001,1795
774.3065,774.3449,68437,82347,Rhinolophus ferrumequinum,0.02,0.02,-1,Echolocation,/mnt/ubna_data_02_mir/recover-20221013/UBNA_001/20221012_030000.WAV,Telephone Field,recover-20221013,001,1795
774.3265,774.3657,68437,82475,Rhinolophus ferrumequinum,0.04,0.04,-1,Echolocation,/mnt/ubna_data_02_mir/recover-20221013/UBNA_001/20221012_030000.WAV,Telephone Field,recover-20221013,001,1795
774.3505,774.3899,68437,81849,Rhinolophus ferrumequinum,0.024,0.024,-1,Echolocation,/mnt/ubna_data_02_mir/recover-20221013/UBNA_001/20221012_030000.WAV,Telephone Field,recover-20221013,001,1795
774.3745,774.4135,68437,81965,Rhinolophus ferrumequinum,0.023,0.023,-1,Echolocation,/mnt/ubna_data_02_mir/recover-20221013/UBNA_001/20221012_030000.WAV,Telephone Field,recover-20221013,001,1795
774.4045,774.4121,28046,39536,Eptesicus serotinus,0.006,0.022,-1,Echolocation,/mnt/ubna_data_02_mir/recover-20221013/UBNA_001/20221012_030000.WAV,Telephone Field,recover-20221013,001,1795
774.4275,774.4689,68437,82868,Rhinolophus ferrumequinum,0.027,0.027,-1,Echolocation,/mnt/ubna_data_02_mir/recover-20221013/UBNA_001/20221012_030000.WAV,Telephone Field,recover-20221013,001,1795
774.4295,774.4396,22031,26691,Nyctalus leisleri,0.01,0.023,-1,Echolocation,/mnt/ubna_data_02_mir/recover-20221013/UBNA_001/20221012_030000.WAV,Telephone Field,recover-20221013,001,1795
774.4355,774.4488,51250,55768,Pipistrellus pipistrellus,0.013,0.023,-1,Echolocation,/mnt/ubna_data_02_mir/recover-20221013/UBNA_001/20221012_030000.WAV,Telephone Field,recover-20221013,001,1795
774.4395,774.4796,68437,82743,Rhinolophus ferrumequinum,0.021,0.021,-1,Echolocation,/mnt/ubna_data_02_mir/recover-20221013/UBNA_001/20221012_030000.WAV,Telephone Field,recover-20221013,001,1795
774.4445,774.4842,68437,82893,Rhinolophus ferrumequinum,0.021,0.021,-1,Echolocation,/mnt/ubna_data_02_mir/recover-20221013/UBNA_001/20221012_030000.WAV,Telephone Field,recover-20221013,001,1795
774.4505,774.4887,68437,82630,Rhinolophus ferrumequinum,0.022,0.022,-1,Echolocation,/mnt/ubna_data_02_mir/recover-20221013/UBNA_001/20221012_030000.WAV,Telephone Field,recover-20221013,001,1795
774.4675,774.4777,27187,35458,Eptesicus serotinus,0.009,0.02,-1,Echolocation,/mnt/ubna_data_02_mir/recover-20221013/UBNA_001/20221012_030000.WAV,Telephone Field,recover-20221013,001,1795
774.4765,774.5171,68437,82857,Rhinolophus ferrumequinum,0.026,0.026,-1,Echolocation,/mnt/ubna_data_02_mir/recover-20221013/UBNA_001/20221012_030000.WAV,Telephone Field,recover-20221013,001,1795
774.5195,774.5266,28046,40741,Eptesicus serotinus,0.007,0.023,-1,Echolocation,/mnt/ubna_data_02_mir/recover-20221013/UBNA_001/20221012_030000.WAV,Telephone Field,recover-20221013,001,1795
774.5235,774.5602,68437,81684,Rhinolophus ferrumequinum,0.029,0.029,-1,Echolocation,/mnt/ubna_data_02_mir/recover-20221013/UBNA_001/20221012_030000.WAV,Telephone Field,recover-20221013,001,1795
774.5495,774.5871,68437,81661,Rhinolophus ferrumequinum,0.022,0.022,-1,Echolocation,/mnt/ubna_data_02_mir/recover-20221013/UBNA_001/20221012_030000.WAV,Telephone Field,recover-20221013,001,1795
774.5625,774.5719,28906,36430,Eptesicus serotinus,0.008,0.021,-1,Echolocation,/mnt/ubna_data_02_mir/recover-20221013/UBNA_001/20221012_030000.WAV,Telephone Field,recover-20221013,001,1795
774.5725,774.61,68437,81352,Rhinolophus ferrumequinum,0.02,0.02,-1,Echolocation,/mnt/ubna_data_02_mir/recover-20221013/UBNA_001/20221012_030000.WAV,Telephone Field,recover-20221013,001,1795
774.5865,774.6271,68437,83178,Rhinolophus ferrumequinum,0.03,0.03,-1,Echolocation,/mnt/ubna_data_02_mir/recover-20221013/UBNA_001/20221012_030000.WAV,Telephone Field,recover-20221013,001,1795
774.6025,774.6082,24609,34557,Plecotus austriacus,0.012,0.026,-1,Echolocation,/mnt/ubna_data_02_mir/recover-20221013/UBNA_001/20221012_030000.WAV,Telephone Field,recover-20221013,001,1795
774.6385,774.6758,68437,81565,Rhinolophus ferrumequinum,0.022,0.022,-1,Echolocation,/mnt/ubna_data_02_mir/recover-20221013/UBNA_001/20221012_030000.WAV,Telephone Field,recover-20221013,001,1795
774.6555,774.6921,68437,81912,Rhinolophus ferrumequinum,0.021,0.021,-1,Echolocation,/mnt/ubna_data_02_mir/recover-20221013/UBNA_001/20221012_030000.WAV,Telephone Field,recover-20221013,001,1795
774.6565,774.6659,22031,27716,Plecotus austriacus,0.008,0.022,-1,Echolocation,/mnt/ubna_data_02_mir/recover-20221013/UBNA_001/20221012_030000.WAV,Telephone Field,recover-20221013,001,1795
774.6715,774.7071,68437,81301,Rhinolophus ferrumequinum,0.022,0.022,-1,Echolocation,/mnt/ubna_data_02_mir/recover-20221013/UBNA_001/20221012_030000.WAV,Telephone Field,recover-20221013,001,1795
774.6755,774.6831,23750,32230,Plecotus austriacus,0.01,0.023,-1,Echolocation,/mnt/ubna_data_02_mir/recover-20221013/UBNA_001/20221012_030000.WAV,Telephone Field,recover-20221013,001,1795
774.7265,774.7342,28046,36728,Eptesicus serotinus,0.006,0.021,-1,Echolocation,/mnt/ubna_data_02_mir/recover-20221013/UBNA_001/20221012_030000.WAV,Telephone Field,recover-20221013,001,1795
774.7335,774.743,22890,28358,Nyctalus leisleri,0.008,0.02,-1,Echolocation,/mnt/ubna_data_02_mir/recover-20221013/UBNA_001/20221012_030000.WAV,Telephone Field,recover-20221013,001,1795
774.7345,774.7736,68437,82062,Rhinolophus ferrumequinum,0.021,0.021,-1,Echolocation,/mnt/ubna_data_02_mir/recover-20221013/UBNA_001/20221012_030000.WAV,Telephone Field,recover-20221013,001,1795
774.7455,774.7846,68437,82314,Rhinolophus ferrumequinum,0.022,0.022,-1,Echolocation,/mnt/ubna_data_02_mir/recover-20221013/UBNA_001/20221012_030000.WAV,Telephone Field,recover-20221013,001,1795
774.7815,774.8203,68437,82196,Rhinolophus ferrumequinum,0.026,0.026,-1,Echolocation,/mnt/ubna_data_02_mir/recover-20221013/UBNA_001/20221012_030000.WAV,Telephone Field,recover-20221013,001,1795
774.8015,774.8122,22890,29147,Nyctalus leisleri,0.009,0.024,-1,Echolocation,/mnt/ubna_data_02_mir/recover-20221013/UBNA_001/20221012_030000.WAV,Telephone Field,recover-20221013,001,1795
774.8165,774.8297,22031,25529,Nyctalus leisleri,0.013,0.02,-1,Echolocation,/mnt/ubna_data_02_mir/recover-20221013/UBNA_001/20221012_030000.WAV,Telephone Field,recover-20221013,001,1795
774.8495,774.8888,68437,82246,Rhinolophus ferrumequinum,0.024,0.024,-1,Echolocation,/mnt/ubna_data_02_mir/recover-20221013/UBNA_001/20221012_030000.WAV,Telephone Field,recover-20221013,001,1795
774.8585,774.8969,68437,81674,Rhinolophus ferrumequinum,0.023,0.023,-1,Echolocation,/mnt/ubna_data_02_mir/recover-20221013/UBNA_001/20221012_030000.WAV,Telephone Field,recover-20221013,001,1795
774.8595,774.8683,22890,30168,Plecotus austriacus,0.008,0.022,-1,Echolocation,/mnt/ubna_data_02_mir/recover-20221013/UBNA_001/20221012_030000.WAV,Telephone Field,recover-20221013,001,1795
774.8995,774.9075,25468,34327,Plecotus austriacus,0.005,0.021,-1,Echolocation,/mnt/ubna_data_02_mir/recover-20221013/UBNA_001/20221012_030000.WAV,Telephone Field,recover-20221013,001,1795
774.9005,774.9403,68437,82228,Rhinolophus ferrumequinum,0.021,0.021,-1,Echolocation,/mnt/ubna_data_02_mir/recover-20221013/UBNA_001/20221012_030000.WAV,Telephone Field,recover-20221013,001,1795
774.9345,774.9746,68437,82287,Rhinolophus ferrumequinum,0.026,0.026,-1,Echolocation,/mnt/ubna_data_02_mir/recover-20221013/UBNA_001/20221012_030000.WAV,Telephone Field,recover-20221013,001,1795
774.9425,774.9514,28046,38329,Eptesicus serotinus,0.009,0.023,-1,Echolocation,/mnt/ubna_data_02_mir/recover-20221013/UBNA_001/20221012_030000.WAV,Telephone Field,recover-20221013,001,1795
774.9635,775.0006,68437,81947,Rhinolophus ferrumequinum,0.021,0.021,-1,Echolocation,/mnt/ubna_data_02_mir/recover-20221013/UBNA_001/20221012_030000.WAV,Telephone Field,recover-20221013,001,1795
774.9795,775.0168,68437,81929,Rhinolophus ferrumequinum,0.021,0.021,-1,Echolocation,/mnt/ubna_data_02_mir/recover-20221013/UBNA_001/20221012_030000.WAV,Telephone Field,recover-20221013,001,1795
774.9825,774.9924,22031,27689,Plecotus austriacus,0.008,0.023,-1,Echolocation,/mnt/ubna_data_02_mir/recover-20221013/UBNA_001/20221012_030000.WAV,Telephone Field,recover-20221013,001,1795
774.9915,775.0262,68437,81734,Rhinolophus ferrumequinum,0.02,0.02,-1,Echolocation,/mnt/ubna_data_02_mir/recover-20221013/UBNA_001/20221012_030000.WAV,Telephone Field,recover-20221013,001,1795
774.9965,775.0305,68437,80790,Rhinolophus ferrumequinum,0.021,0.021,-1,Echolocation,/mnt/ubna_data_02_mir/recover-20221013/UBNA_001/20221012_030000.WAV,Telephone Field,recover-20221013,001,1795
775.0085,775.0452,68437,80481,Rhinolophus ferrumequinum,0.026,0.026,-1,Echolocation,/mnt/ubna_data_02_mir/recover-20221013/UBNA_001/20221012_030000.WAV,Telephone Field,recover-20221013,001,1795
775.0185,775.0578,68437,82397,Rhinolophus ferrumequinum,0.028,0.028,-1,Echolocation,/mnt/ubna_data_02_mir/recover-20221013/UBNA_001/20221012_030000.WAV,Telephone Field,recover-20221013,001,1795
775.0795,775.1165,68437,81558,Rhinolophus ferrumequinum,0.022,0.022,-1,Echolocation,/mnt/ubna_data_02_mir/recover-20221013/UBNA_001/20221012_030000.WAV,Telephone Field,recover-20221013,001,1795
775.1075,775.1415,68437,81179,Rhinolophus ferrumequinum,0.022,0.022,-1,Echolocation,/mnt/ubna_data_02_mir/recover-20221013/UBNA_001/20221012_030000.WAV,Telephone Field,recover-20221013,001,1795
775.1395,775.1807,68437,82947,Rhinolophus ferrumequinum,0.026,0.026,-1,Echolocation,/mnt/ubna_data_02_mir/recover-20221013/UBNA_001/20221012_030000.WAV,Telephone Field,recover-20221013,001,1795
775.1435,775.151,28046,40278,Eptesicus serotinus,0.007,0.023,-1,Echolocation,/mnt/ubna_data_02_mir/recover-20221013/UBNA_001/20221012_030000.WAV,Telephone Field,recover-20221013,001,1795
775.1655,775.2009,68437,81755,Rhinolophus ferrumequinum,0.021,0.021,-1,Echolocation,/mnt/ubna_data_02_mir/recover-20221013/UBNA_001/20221012_030000.WAV,Telephone Field,recover-20221013,001,1795
775.1905,775.232,68437,82946,Rhinolophus ferrumequinum,0.032,0.032,-1,Echolocation,/mnt/ubna_data_02_mir/recover-20221013/UBNA_001/20221012_030000.WAV,Telephone Field,recover-20221013,001,1795
775.2145,775.2505,68437,81374,Rhinolophus ferrumequinum,0.021,0.021,-1,Echolocation,/mnt/ubna_data_02_mir/recover-20221013/UBNA_001/20221012_030000.WAV,Telephone Field,recover-20221013,001,1795
775.2255,775.2364,22031,25991,Nyctalus leisleri,0.012,0.022,-1,Echolocation,/mnt/ubna_data_02_mir/recover-20221013/UBNA_001/20221012_030000.WAV,Telephone Field,recover-20221013,001,1795
775.2715,775.3112,68437,81931,Rhinolophus ferrumequinum,0.021,0.021,-1,Echolocation,/mnt/ubna_data_02_mir/recover-20221013/UBNA_001/20221012_030000.WAV,Telephone Field,recover-20221013,001,1795
775.2865,775.3208,68437,81123,Rhinolophus ferrumequinum,0.022,0.022,-1,Echolocation,/mnt/ubna_data_02_mir/recover-20221013/UBNA_001/20221012_030000.WAV,Telephone Field,recover-20221013,001,1795
775.3245,775.3356,22890,27525,Nyctalus leisleri,0.012,0.023,-1,Echolocation,/mnt/ubna_data_02_mir/recover-20221013/UBNA_001/20221012_030000.WAV,Telephone Field,recover-20221013,001,1795
775.3355,775.3731,68437,81799,Rhinolophus ferrumequinum,0.021,0.021,-1,Echolocation,/mnt/ubna_data_02_mir/recover-20221013/UBNA_001/20221012_030000.WAV,Telephone Field,recover-20221013,001,1795
775.3435,775.3813,68437,82034,Rhinolophus ferrumequinum,0.021,0.021,-1,Echolocation,/mnt/ubna_data_02_mir/recover-20221013/UBNA_001/20221012_030000.WAV,Telephone Field,recover-20221013,001,1795
775.3535,775.3636,22890,29118,Nyctalus leisleri,0.008,0.021,-1,Echolocation,/mnt/ubna_data_02_mir/recover-20221013/UBNA_001/20221012_030000.WAV,Telephone Field,recover-20221013,001,1795
775.3665,775.3752,28046,36957,Eptesicus serotinus,0.025,0.058,-1,Echolocation,/mnt/ubna_data_02_mir/recover-20221013/UBNA_001/20221012_030000.WAV,Telephone Field,recover-20221013,001,1795
775.3675,775.4056,68437,82079,Rhinolophus ferrumequinum,0.023,0.023,-1,Echolocation,/mnt/ubna_data_02_mir/recover-20221013/UBNA_001/20221012_030000.WAV,Telephone Field,recover-20221013,001,1795
775.4235,775.4308,27187,36544,Eptesicus serotinus,0.006,0.022,-1,Echolocation,/mnt/ubna_data_02_mir/recover-20221013/UBNA_001/20221012_030000.WAV,Telephone Field,recover-20221013,001,1795
775.4265,775.4688,68437,82374,Rhinolophus ferrumequinum,0.021,0.021,-1,Echolocation,/mnt/ubna_data_02_mir/recover-20221013/UBNA_001/20221012_030000.WAV,Telephone Field,recover-20221013,001,1795
775.4425,775.4514,25468,35090,Eptesicus serotinus,0.007,0.021,-1,Echolocation,/mnt/ubna_data_02_mir/recover-20221013/UBNA_001/20221012_030000.WAV,Telephone Field,recover-20221013,001,1795
775.4885,775.5208,68437,80716,Rhinolophus ferrumequinum,0.026,0.026,-1,Echolocation,/mnt/ubna_data_02_mir/recover-20221013/UBNA_001/20221012_030000.WAV,Telephone Field,recover-20221013,001,1795
775.5055,775.5159,54687,58983,Pipistrellus pygmaeus,0.017,0.023,-1,Echolocation,/mnt/ubna_data_02_mir/recover-20221013/UBNA_001/20221012_030000.WAV,Telephone Field,recover-20221013,001,1795
775.5135,775.5205,23750,32770,Plecotus austriacus,0.01,0.023,-1,Echolocation,/mnt/ubna_data_02_mir/recover-20221013/UBNA_001/20221012_030000.WAV,Telephone Field,recover-20221013,001,1795
775.5264999999999,775.5617,68437,80773,Rhinolophus ferrumequinum,0.021,0.021,-1,Echolocation,/mnt/ubna_data_02_mir/recover-20221013/UBNA_001/20221012_030000.WAV,Telephone Field,recover-20221013,001,1795
775.5715,775.6111,68437,82714,Rhinolophus ferrumequinum,0.022,0.022,-1,Echolocation,/mnt/ubna_data_02_mir/recover-20221013/UBNA_001/20221012_030000.WAV,Telephone Field,recover-20221013,001,1795
775.5805,775.5894,28906,37438,Eptesicus serotinus,0.009,0.026,-1,Echolocation,/mnt/ubna_data_02_mir/recover-20221013/UBNA_001/20221012_030000.WAV,Telephone Field,recover-20221013,001,1795
775.5915,775.6299,68437,81888,Rhinolophus ferrumequinum,0.026,0.026,-1,Echolocation,/mnt/ubna_data_02_mir/recover-20221013/UBNA_001/20221012_030000.WAV,Telephone Field,recover-20221013,001,1795
775.5995,775.637,68437,81234,Rhinolophus ferrumequinum,0.022,0.022,-1,Echolocation,/mnt/ubna_data_02_mir/recover-20221013/UBNA_001/20221012_030000.WAV,Telephone Field,recover-20221013,001,1795
775.6125,775.6521,68437,82453,Rhinolophus ferrumequinum,0.022,0.022,-1,Echolocation,/mnt/ubna_data_02_mir/recover-20221013/UBNA_001/20221012_030000.WAV,Telephone Field,recover-20221013,001,1795
775.6145,775.6261,22031,25880,Nyctalus leisleri,0.013,0.022,-1,Echolocation,/mnt/ubna_data_02_mir/recover-20221013/UBNA_001/20221012_030000.WAV,Telephone Field,recover-20221013,001,1795
775.6365,775.6758,68437,82737,Rhinolophus ferrumequinum,0.021,0.021,-1,Echolocation,/mnt/ubna_data_02_mir/recover-20221013/UBNA_001/20221012_030000.WAV,Telephone Field,recover-20221013,001,1795
775.6385,775.6477,27187,34926,Eptesicus serotinus,0.013,0.031,-1,Echolocation,/mnt/ubna_data_02_mir/recover-20221013/UBNA_001/20221012_030000.WAV,Telephone Field,recover-20221013,001,1795
775.6715,775.7062,68437,81236,Rhinolophus ferrumequinum,0.023,0.023,-1,Echolocation,/mnt/ubna_data_02_mir/recover-20221013/UBNA_001/20221012_030000.WAV,Telephone Field,recover-20221013,001,1795
775.6795,775.6888,22890,29564,Plecotus austriacus,0.008,0.022,-1,Echolocation,/mnt/ubna_data_02_mir/recover-20221013/UBNA_001/20221012_030000.WAV,Telephone Field,recover-20221013,001,1795
775.6835,775.7232,68437,82272,Rhinolophus ferrumequinum,0.021,0.021,-1,Echolocation,/mnt/ubna_data_02_mir/recover-20221013/UBNA_001/20221012_030000.WAV,Telephone Field,recover-20221013,001,1795
775.7065,775.7147,28046,38873,Eptesicus serotinus,0.007,0.021,-1,Echolocation,/mnt/ubna_data_02_mir/recover-20221013/UBNA_001/20221012_030000.WAV,Telephone Field,recover-20221013,001,1795
775.7175,775.7589,68437,83197,Rhinolophus ferrumequinum,0.03,0.03,-1,Echolocation,/mnt/ubna_data_02_mir/recover-20221013/UBNA_001/20221012_030000.WAV,Telephone Field,recover-20221013,001,1795
775.7435,775.7826,68437,82419,Rhinolophus ferrumequinum,0.022,0.022,-1,Echolocation,/mnt/ubna_data_02_mir/recover-20221013/UBNA_001/20221012_030000.WAV,Telephone Field,recover-20221013,001,1795
775.7505,775.7894,68437,82045,Rhinolophus ferrumequinum,0.021,0.021,-1,Echolocation,/mnt/ubna_data_02_mir/recover-20221013/UBNA_001/20221012_030000.WAV,Telephone Field,recover-20221013,001,1795
775.8075,775.8126,50390,57335,Pipistrellus pipistrellus,0.026,0.032,-1,Echolocation,/mnt/ubna_data_02_mir/recover-20221013/UBNA_001/20221012_030000.WAV,Telephone Field,recover-20221013,001,1795
775.8315,775.8688,68437,82360,Rhinolophus ferrumequinum,0.021,0.021,-1,Echolocation,/mnt/ubna_data_02_mir/recover-20221013/UBNA_001/20221012_030000.WAV,Telephone Field,recover-20221013,001,1795
775.8545,775.8617,27187,39138,Eptesicus serotinus,0.005,0.021,-1,Echolocation,/mnt/ubna_data_02_mir/recover-20221013/UBNA_001/20221012_030000.WAV,Telephone Field,recover-20221013,001,1795
775.8925,775.9357,68437,83242,Rhinolophus ferrumequinum,0.035,0.035,-1,Echolocation,/mnt/ubna_data_02_mir/recover-20221013/UBNA_001/20221012_030000.WAV,Telephone Field,recover-20221013,001,1795
775.8985,775.9094,28046,34781,Eptesicus serotinus,0.008,0.021,-1,Echolocation,/mnt/ubna_data_02_mir/recover-20221013/UBNA_001/20221012_030000.WAV,Telephone Field,recover-20221013,001,1795
775.9065,775.9168,28906,35589,Eptesicus serotinus,0.007,0.02,-1,Echolocation,/mnt/ubna_data_02_mir/recover-20221013/UBNA_001/20221012_030000.WAV,Telephone Field,recover-20221013,001,1795
775.9095,775.9191,22890,28485,Nyctalus leisleri,0.009,0.021,-1,Echolocation,/mnt/ubna_data_02_mir/recover-20221013/UBNA_001/20221012_030000.WAV,Telephone Field,recover-20221013,001,1795
775.9345,775.9718,68437,81682,Rhinolophus ferrumequinum,0.027,0.027,-1,Echolocation,/mnt/ubna_data_02_mir/recover-20221013/UBNA_001/20221012_030000.WAV,Telephone Field,recover-20221013,001,1795
775.9455,775.982,68437,81719,Rhinolophus ferrumequinum,0.021,0.021,-1,Echolocation,/mnt/ubna_data_02_mir/recover-20221013/UBNA_001/20221012_030000.WAV,Telephone Field,recover-20221013,001,1795
775.9515,775.9904,68437,81924,Rhinolophus ferrumequinum,0.021,0.021,-1,Echolocation,/mnt/ubna_data_02_mir/recover-20221013/UBNA_001/20221012_030000.WAV,Telephone Field,recover-20221013,001,1795
775.9545,775.9672,24609,29765,Nyctalus leisleri,0.016,0.032,-1,Echolocation,/mnt/ubna_data_02_mir/recover-20221013/UBNA_001/20221012_030000.WAV,Telephone Field,recover-20221013,001,1795
775.9595,775.9963,68437,82231,Rhinolophus ferrumequinum,0.02,0.02,-1,Echolocation,/mnt/ubna_data_02_mir/recover-20221013/UBNA_001/20221012_030000.WAV,Telephone Field,recover-20221013,001,1795
775.9885,775.9985,28906,38177,Eptesicus serotinus,0.01,0.025,-1,Echolocation,/mnt/ubna_data_02_mir/recover-20221013/UBNA_001/20221012_030000.WAV,Telephone Field,recover-20221013,001,1795
776.0015,776.0333,68437,79884,Rhinolophus ferrumequinum,0.025,0.025,-1,Echolocation,/mnt/ubna_data_02_mir/recover-20221013/UBNA_001/20221012_030000.WAV,Telephone Field,recover-20221013,001,1795
776.0015,776.0098,26328,38091,Eptesicus serotinus,0.007,0.028,-1,Echolocation,/mnt/ubna_data_02_mir/recover-20221013/UBNA_001/20221012_030000.WAV,Telephone Field,recover-20221013,001,1795
776.0125,776.0186,34921,45142,Myotis daubentonii,0.009,0.021,-1,Echolocation,/mnt/ubna_data_02_mir/recover-20221013/UBNA_001/20221012_030000.WAV,Telephone Field,recover-20221013,001,1795
776.0145,776.0233,25468,35962,Eptesicus serotinus,0.008,0.022,-1,Echolocation,/mnt/ubna_data_02_mir/recover-20221013/UBNA_001/20221012_030000.WAV,Telephone Field,recover-20221013,001,1795
776.0475,776.0546,28046,40222,Eptesicus serotinus,0.006,0.021,-1,Echolocation,/mnt/ubna_data_02_mir/recover-20221013/UBNA_001/20221012_030000.WAV,Telephone Field,recover-20221013,001,1795
776.0815,776.0916,28906,37313,Eptesicus serotinus,0.01,0.021,-1,Echolocation,/mnt/ubna_data_02_mir/recover-20221013/UBNA_001/20221012_030000.WAV,Telephone Field,recover-20221013,001,1795
776.0945,776.1335,68437,82122,Rhinolophus ferrumequinum,0.028,0.028,-1,Echolocation,/mnt/ubna_data_02_mir/recover-20221013/UBNA_001/20221012_030000.WAV,Telephone Field,recover-20221013,001,1795
776.1055,776.1445,68437,82137,Rhinolophus ferrumequinum,0.029,0.029,-1,Echolocation,/mnt/ubna_data_02_mir/recover-20221013/UBNA_001/20221012_030000.WAV,Telephone Field,recover-20221013,001,1795
776.1195,776.1295,27187,36594,Eptesicus serotinus,0.013,0.026,-1,Echolocation,/mnt/ubna_data_02_mir/recover-20221013/UBNA_001/20221012_030000.WAV,Telephone Field,recover-20221013,001,1795
776.1535,776.162,26328,37141,Eptesicus serotinus,0.007,0.023,-1,Echolocation,/mnt/ubna_data_02_mir/recover-20221013/UBNA_001/20221012_030000.WAV,Telephone Field,recover-20221013,001,1795
776.2105,776.2521,68437,83170,Rhinolophus ferrumequinum,0.032,0.032,-1,Echolocation,/mnt/ubna_data_02_mir/recover-20221013/UBNA_001/20221012_030000.WAV,Telephone Field,recover-20221013,001,1795
776.2115,776.2198,24609,34023,Plecotus austriacus,0.008,0.026,-1,Echolocation,/mnt/ubna_data_02_mir/recover-20221013/UBNA_001/20221012_030000.WAV,Telephone Field,recover-20221013,001,1795
776.2425,776.2853,68437,82875,Rhinolophus ferrumequinum,0.023,0.023,-1,Echolocation,/mnt/ubna_data_02_mir/recover-20221013/UBNA_001/20221012_030000.WAV,Telephone Field,recover-20221013,001,1795
776.3045,776.3193,22890,27104,Nyctalus leisleri,0.017,0.029,-1,Echolocation,/mnt/ubna_data_02_mir/recover-20221013/UBNA_001/20221012_030000.WAV,Telephone Field,recover-20221013,001,1795
776.3115,776.329,22031,25603,Nyctalus leisleri,0.018,0.029,-1,Echolocation,/mnt/ubna_data_02_mir/recover-20221013/UBNA_001/20221012_030000.WAV,Telephone Field,recover-20221013,001,1795
776.3155,776.3585,68437,82940,Rhinolophus ferrumequinum,0.024,0.024,-1,Echolocation,/mnt/ubna_data_02_mir/recover-20221013/UBNA_001/20221012_030000.WAV,Telephone Field,recover-20221013,001,1795
776.3245,776.3632,68437,82809,Rhinolophus ferrumequinum,0.021,0.021,-1,Echolocation,/mnt/ubna_data_02_mir/recover-20221013/UBNA_001/20221012_030000.WAV,Telephone Field,recover-20221013,001,1795
776.3455,776.3838,68437,82109,Rhinolophus ferrumequinum,0.021,0.021,-1,Echolocation,/mnt/ubna_data_02_mir/recover-20221013/UBNA_001/20221012_030000.WAV,Telephone Field,recover-20221013,001,1795
776.3615,776.3706,28046,38593,Eptesicus serotinus,0.009,0.021,-1,Echolocation,/mnt/ubna_data_02_mir/recover-20221013/UBNA_001/20221012_030000.WAV,Telephone Field,recover-20221013,001,1795
776.3945,776.4053,26328,33937,Eptesicus serotinus,0.015,0.032,-1,Echolocation,/mnt/ubna_data_02_mir/recover-20221013/UBNA_001/20221012_030000.WAV,Telephone Field,recover-20221013,001,1795
776.4065,776.4461,68437,81960,Rhinolophus ferrumequinum,0.022,0.022,-1,Echolocation,/mnt/ubna_data_02_mir/recover-20221013/UBNA_001/20221012_030000.WAV,Telephone Field,recover-20221013,001,1795
776.4095,776.4168999999999,23750,33203,Plecotus austriacus,0.011,0.026,-1,Echolocation,/mnt/ubna_data_02_mir/recover-20221013/UBNA_001/20221012_030000.WAV,Telephone Field,recover-20221013,001,1795
776.4265,776.4351,27187,39082,Eptesicus serotinus,0.008,0.021,-1,Echolocation,/mnt/ubna_data_02_mir/recover-20221013/UBNA_001/20221012_030000.WAV,Telephone Field,recover-20221013,001,1795
776.4415,776.4797,68437,82004,Rhinolophus ferrumequinum,0.022,0.022,-1,Echolocation,/mnt/ubna_data_02_mir/recover-20221013/UBNA_001/20221012_030000.WAV,Telephone Field,recover-20221013,001,1795
776.5315,776.5402,29765,37858,Eptesicus serotinus,0.007,0.021,-1,Echolocation,/mnt/ubna_data_02_mir/recover-20221013/UBNA_001/20221012_030000.WAV,Telephone Field,recover-20221013,001,1795
776.5805,776.6211,68437,82786,Rhinolophus ferrumequinum,0.021,0.021,-1,Echolocation,/mnt/ubna_data_02_mir/recover-20221013/UBNA_001/20221012_030000.WAV,Telephone Field,recover-20221013,001,1795
776.5975,776.6358,68437,81702,Rhinolophus ferrumequinum,0.02,0.02,-1,Echolocation,/mnt/ubna_data_02_mir/recover-20221013/UBNA_001/20221012_030000.WAV,Telephone Field,recover-20221013,001,1795
776.5985000000001,776.6063,24609,33545,Plecotus austriacus,0.006,0.024,-1,Echolocation,/mnt/ubna_data_02_mir/recover-20221013/UBNA_001/20221012_030000.WAV,Telephone Field,recover-20221013,001,1795
776.6205,776.6359,25468,29558,Nyctalus leisleri,0.022,0.044,-1,Echolocation,/mnt/ubna_data_02_mir/recover-20221013/UBNA_001/20221012_030000.WAV,Telephone Field,recover-20221013,001,1795
776.6305,776.6714,68437,82123,Rhinolophus ferrumequinum,0.037,0.037,-1,Echolocation,/mnt/ubna_data_02_mir/recover-20221013/UBNA_001/20221012_030000.WAV,Telephone Field,recover-20221013,001,1795
776.6765,776.7115,68437,80787,Rhinolophus ferrumequinum,0.022,0.022,-1,Echolocation,/mnt/ubna_data_02_mir/recover-20221013/UBNA_001/20221012_030000.WAV,Telephone Field,recover-20221013,001,1795
776.6875,776.7229,68437,81911,Rhinolophus ferrumequinum,0.021,0.021,-1,Echolocation,/mnt/ubna_data_02_mir/recover-20221013/UBNA_001/20221012_030000.WAV,Telephone Field,recover-20221013,001,1795
776.7355,776.7728,68437,82313,Rhinolophus ferrumequinum,0.021,0.021,-1,Echolocation,/mnt/ubna_data_02_mir/recover-20221013/UBNA_001/20221012_030000.WAV,Telephone Field,recover-20221013,001,1795
776.7415,776.7772,68437,82048,Rhinolophus ferrumequinum,0.021,0.021,-1,Echolocation,/mnt/ubna_data_02_mir/recover-20221013/UBNA_001/20221012_030000.WAV,Telephone Field,recover-20221013,001,1795
776.7495,776.7576,26328,39072,Eptesicus serotinus,0.007,0.021,-1,Echolocation,/mnt/ubna_data_02_mir/recover-20221013/UBNA_001/20221012_030000.WAV,Telephone Field,recover-20221013,001,1795
776.7805,776.7882,28046,38257,Eptesicus serotinus,0.007,0.022,-1,Echolocation,/mnt/ubna_data_02_mir/recover-20221013/UBNA_001/20221012_030000.WAV,Telephone Field,recover-20221013,001,1795
776.8325,776.8407,28906,37629,Eptesicus serotinus,0.008,0.021,-1,Echolocation,/mnt/ubna_data_02_mir/recover-20221013/UBNA_001/20221012_030000.WAV,Telephone Field,recover-20221013,001,1795
776.8575,776.8693,23750,29608,Nyctalus leisleri,0.011,0.025,-1,Echolocation,/mnt/ubna_data_02_mir/recover-20221013/UBNA_001/20221012_030000.WAV,Telephone Field,recover-20221013,001,1795
776.8605,776.8997,68437,82453,Rhinolophus ferrumequinum,0.023,0.023,-1,Echolocation,/mnt/ubna_data_02_mir/recover-20221013/UBNA_001/20221012_030000.WAV,Telephone Field,recover-20221013,001,1795
776.8925,776.933,68437,82632,Rhinolophus ferrumequinum,0.027,0.027,-1,Echolocation,/mnt/ubna_data_02_mir/recover-20221013/UBNA_001/20221012_030000.WAV,Telephone Field,recover-20221013,001,1795
776.9455,776.9823,68437,81633,Rhinolophus ferrumequinum,0.024,0.024,-1,Echolocation,/mnt/ubna_data_02_mir/recover-20221013/UBNA_001/20221012_030000.WAV,Telephone Field,recover-20221013,001,1795
776.9955,777.0027,28906,40015,Eptesicus serotinus,0.007,0.022,-1,Echolocation,/mnt/ubna_data_02_mir/recover-20221013/UBNA_001/20221012_030000.WAV,Telephone Field,recover-20221013,001,1795
777.0035,777.0439,68437,82365,Rhinolophus ferrumequinum,0.028,0.028,-1,Echolocation,/mnt/ubna_data_02_mir/recover-20221013/UBNA_001/20221012_030000.WAV,Telephone Field,recover-20221013,001,1795
777.0115,777.0232,22890,27054,Nyctalus leisleri,0.018,0.029,-1,Echolocation,/mnt/ubna_data_02_mir/recover-20221013/UBNA_001/20221012_030000.WAV,Telephone Field,recover-20221013,001,1795
777.0415,777.0488,28046,40731,Eptesicus serotinus,0.007,0.023,-1,Echolocation,/mnt/ubna_data_02_mir/recover-20221013/UBNA_001/20221012_030000.WAV,Telephone Field,recover-20221013,001,1795
777.0425,777.0523,22031,28231,Nyctalus leisleri,0.008,0.022,-1,Echolocation,/mnt/ubna_data_02_mir/recover-20221013/UBNA_001/20221012_030000.WAV,Telephone Field,recover-20221013,001,1795
777.0615,777.1043999999999,68437,83255,Rhinolophus ferrumequinum,0.033,0.033,-1,Echolocation,/mnt/ubna_data_02_mir/recover-20221013/UBNA_001/20221012_030000.WAV,Telephone Field,recover-20221013,001,1795
777.0685,777.0808,22890,27450,Nyctalus leisleri,0.011,0.022,-1,Echolocation,/mnt/ubna_data_02_mir/recover-20221013/UBNA_001/20221012_030000.WAV,Telephone Field,recover-20221013,001,1795
777.1085,777.1478,68437,82079,Rhinolophus ferrumequinum,0.024,0.024,-1,Echolocation,/mnt/ubna_data_02_mir/recover-20221013/UBNA_001/20221012_030000.WAV,Telephone Field,recover-20221013,001,1795
777.1115,777.1196,28046,41995,Eptesicus serotinus,0.008,0.023,-1,Echolocation,/mnt/ubna_data_02_mir/recover-20221013/UBNA_001/20221012_030000.WAV,Telephone Field,recover-20221013,001,1795
777.1445,777.155,23750,29313,Nyctalus leisleri,0.009,0.021,-1,Echolocation,/mnt/ubna_data_02_mir/recover-20221013/UBNA_001/20221012_030000.WAV,Telephone Field,recover-20221013,001,1795
777.1505,777.1883,68437,82516,Rhinolophus ferrumequinum,0.021,0.021,-1,Echolocation,/mnt/ubna_data_02_mir/recover-20221013/UBNA_001/20221012_030000.WAV,Telephone Field,recover-20221013,001,1795
777.1905,777.2289,68437,81982,Rhinolophus ferrumequinum,0.022,0.022,-1,Echolocation,/mnt/ubna_data_02_mir/recover-20221013/UBNA_001/20221012_030000.WAV,Telephone Field,recover-20221013,001,1795
777.2095,777.2428,68437,80987,Rhinolophus ferrumequinum,0.021,0.021,-1,Echolocation,/mnt/ubna_data_02_mir/recover-20221013/UBNA_001/20221012_030000.WAV,Telephone Field,recover-20221013,001,1795
777.2195,777.2276,26328,35025,Eptesicus serotinus,0.008,0.022,-1,Echolocation,/mnt/ubna_data_02_mir/recover-20221013/UBNA_001/20221012_030000.WAV,Telephone Field,recover-20221013,001,1795
777.2475,777.2908,68437,82870,Rhinolophus ferrumequinum,0.024,0.024,-1,Echolocation,/mnt/ubna_data_02_mir/recover-20221013/UBNA_001/20221012_030000.WAV,Telephone Field,recover-20221013,001,1795
777.2625,777.2704,28046,40774,Eptesicus serotinus,0.008,0.021,-1,Echolocation,/mnt/ubna_data_02_mir/recover-20221013/UBNA_001/20221012_030000.WAV,Telephone Field,recover-20221013,001,1795
777.2675,777.3052,68437,81565,Rhinolophus ferrumequinum,0.022,0.022,-1,Echolocation,/mnt/ubna_data_02_mir/recover-20221013/UBNA_001/20221012_030000.WAV,Telephone Field,recover-20221013,001,1795
777.2895,777.3276,68437,82289,Rhinolophus ferrumequinum,0.022,0.022,-1,Echolocation,/mnt/ubna_data_02_mir/recover-20221013/UBNA_001/20221012_030000.WAV,Telephone Field,recover-20221013,001,1795
777.3015,777.3089,26328,34962,Eptesicus serotinus,0.007,0.021,-1,Echolocation,/mnt/ubna_data_02_mir/recover-20221013/UBNA_001/20221012_030000.WAV,Telephone Field,recover-20221013,001,1795
777.3235,777.3618,68437,82175,Rhinolophus ferrumequinum,0.024,0.024,-1,Echolocation,/mnt/ubna_data_02_mir/recover-20221013/UBNA_001/20221012_030000.WAV,Telephone Field,recover-20221013,001,1795
777.3505,777.3915,68437,82376,Rhinolophus ferrumequinum,0.025,0.025,-1,Echolocation,/mnt/ubna_data_02_mir/recover-20221013/UBNA_001/20221012_030000.WAV,Telephone Field,recover-20221013,001,1795
777.4125,777.4485999999999,68437,81796,Rhinolophus ferrumequinum,0.022,0.022,-1,Echolocation,/mnt/ubna_data_02_mir/recover-20221013/UBNA_001/20221012_030000.WAV,Telephone Field,recover-20221013,001,1795
777.4205,777.4274,27187,40324,Eptesicus serotinus,0.007,0.026,-1,Echolocation,/mnt/ubna_data_02_mir/recover-20221013/UBNA_001/20221012_030000.WAV,Telephone Field,recover-20221013,001,1795
777.4275,777.4374,22890,28815,Nyctalus leisleri,0.009,0.022,-1,Echolocation,/mnt/ubna_data_02_mir/recover-20221013/UBNA_001/20221012_030000.WAV,Telephone Field,recover-20221013,001,1795
777.4455,777.4867,68437,82971,Rhinolophus ferrumequinum,0.031,0.031,-1,Echolocation,/mnt/ubna_data_02_mir/recover-20221013/UBNA_001/20221012_030000.WAV,Telephone Field,recover-20221013,001,1795
777.4555,777.4642,28046,40581,Eptesicus serotinus,0.009,0.025,-1,Echolocation,/mnt/ubna_data_02_mir/recover-20221013/UBNA_001/20221012_030000.WAV,Telephone Field,recover-20221013,001,1795
777.5025,777.5125,28046,36377,Eptesicus serotinus,0.012,0.027,-1,Echolocation,/mnt/ubna_data_02_mir/recover-20221013/UBNA_001/20221012_030000.WAV,Telephone Field,recover-20221013,001,1795
777.5345,777.5429,46093,51347,Pipistrellus pipistrellus,0.019,0.021,-1,Echolocation,/mnt/ubna_data_02_mir/recover-20221013/UBNA_001/20221012_030000.WAV,Telephone Field,recover-20221013,001,1795
777.5545,777.5636,28046,38261,Eptesicus serotinus,0.01,0.024,-1,Echolocation,/mnt/ubna_data_02_mir/recover-20221013/UBNA_001/20221012_030000.WAV,Telephone Field,recover-20221013,001,1795
777.5545,777.5658,33203,38839,Eptesicus serotinus,0.006,0.022,-1,Echolocation,/mnt/ubna_data_02_mir/recover-20221013/UBNA_001/20221012_030000.WAV,Telephone Field,recover-20221013,001,1795
777.6295,777.6664,68437,81921,Rhinolophus ferrumequinum,0.023,0.023,-1,Echolocation,/mnt/ubna_data_02_mir/recover-20221013/UBNA_001/20221012_030000.WAV,Telephone Field,recover-20221013,001,1795
777.6555,777.6956,68437,82494,Rhinolophus ferrumequinum,0.023,0.023,-1,Echolocation,/mnt/ubna_data_02_mir/recover-20221013/UBNA_001/20221012_030000.WAV,Telephone Field,recover-20221013,001,1795
777.7185,777.7586,68437,82062,Rhinolophus ferrumequinum,0.021,0.021,-1,Echolocation,/mnt/ubna_data_02_mir/recover-20221013/UBNA_001/20221012_030000.WAV,Telephone Field,recover-20221013,001,1795
777.7405,777.7784,68437,81638,Rhinolophus ferrumequinum,0.02,0.021,-1,Echolocation,/mnt/ubna_data_02_mir/recover-20221013/UBNA_001/20221012_030000.WAV,Telephone Field,recover-20221013,001,1795
777.7685,777.8067,68437,81978,Rhinolophus ferrumequinum,0.021,0.021,-1,Echolocation,/mnt/ubna_data_02_mir/recover-20221013/UBNA_001/20221012_030000.WAV,Telephone Field,recover-20221013,001,1795
777.7955,777.8107,22031,25824,Nyctalus leisleri,0.016,0.029,-1,Echolocation,/mnt/ubna_data_02_mir/recover-20221013/UBNA_001/20221012_030000.WAV,Telephone Field,recover-20221013,001,1795
777.8085,777.8158,28046,39630,Eptesicus serotinus,0.006,0.022,-1,Echolocation,/mnt/ubna_data_02_mir/recover-20221013/UBNA_001/20221012_030000.WAV,Telephone Field,recover-20221013,001,1795
777.8615,777.9013,68437,82249,Rhinolophus ferrumequinum,0.021,0.021,-1,Echolocation,/mnt/ubna_data_02_mir/recover-20221013/UBNA_001/20221012_030000.WAV,Telephone Field,recover-20221013,001,1795
777.8785,777.9168999999999,68437,81619,Rhinolophus ferrumequinum,0.021,0.021,-1,Echolocation,/mnt/ubna_data_02_mir/recover-20221013/UBNA_001/20221012_030000.WAV,Telephone Field,recover-20221013,001,1795
777.9155,777.9567,68437,82250,Rhinolophus ferrumequinum,0.028,0.028,-1,Echolocation,/mnt/ubna_data_02_mir/recover-20221013/UBNA_001/20221012_030000.WAV,Telephone Field,recover-20221013,001,1795
777.9565,777.9942,68437,82423,Rhinolophus ferrumequinum,0.021,0.021,-1,Echolocation,/mnt/ubna_data_02_mir/recover-20221013/UBNA_001/20221012_030000.WAV,Telephone Field,recover-20221013,001,1795
777.9565,777.9669,27187,35447,Eptesicus serotinus,0.012,0.024,-1,Echolocation,/mnt/ubna_data_02_mir/recover-20221013/UBNA_001/20221012_030000.WAV,Telephone Field,recover-20221013,001,1795
777.9675,777.976,28906,40779,Eptesicus serotinus,0.008,0.023,-1,Echolocation,/mnt/ubna_data_02_mir/recover-20221013/UBNA_001/20221012_030000.WAV,Telephone Field,recover-20221013,001,1795
778.0015,778.031,69296,80672,Rhinolophus ferrumequinum,0.039,0.039,-1,Echolocation,/mnt/ubna_data_02_mir/recover-20221013/UBNA_001/20221012_030000.WAV,Telephone Field,recover-20221013,001,1795
778.0015,778.0101,26328,35543,Eptesicus serotinus,0.007,0.025,-1,Echolocation,/mnt/ubna_data_02_mir/recover-20221013/UBNA_001/20221012_030000.WAV,Telephone Field,recover-20221013,001,1795
778.0015,778.0129,46953,52899,Pipistrellus pipistrellus,0.028,0.037,-1,Echolocation,/mnt/ubna_data_02_mir/recover-20221013/UBNA_001/20221012_030000.WAV,Telephone Field,recover-20221013,001,1795
778.0075,778.0458,68437,81683,Rhinolophus ferrumequinum,0.022,0.022,-1,Echolocation,/mnt/ubna_data_02_mir/recover-20221013/UBNA_001/20221012_030000.WAV,Telephone Field,recover-20221013,001,1795
778.0325,778.0722,68437,82309,Rhinolophus ferrumequinum,0.032,0.032,-1,Echolocation,/mnt/ubna_data_02_mir/recover-20221013/UBNA_001/20221012_030000.WAV,Telephone Field,recover-20221013,001,1795
778.0535,778.092,68437,82671,Rhinolophus ferrumequinum,0.022,0.022,-1,Echolocation,/mnt/ubna_data_02_mir/recover-20221013/UBNA_001/20221012_030000.WAV,Telephone Field,recover-20221013,001,1795
778.0565,778.0684,14296,20837,Nyctalus noctula,0.017,0.029,-1,Echolocation,/mnt/ubna_data_02_mir/recover-20221013/UBNA_001/20221012_030000.WAV,Telephone Field,recover-20221013,001,1795
778.0595,778.0983,68437,82596,Rhinolophus ferrumequinum,0.022,0.022,-1,Echolocation,/mnt/ubna_data_02_mir/recover-20221013/UBNA_001/20221012_030000.WAV,Telephone Field,recover-20221013,001,1795
778.0665,778.0743,28906,39481,Eptesicus serotinus,0.007,0.023,-1,Echolocation,/mnt/ubna_data_02_mir/recover-20221013/UBNA_001/20221012_030000.WAV,Telephone Field,recover-20221013,001,1795
778.0855,778.1221,68437,82378,Rhinolophus ferrumequinum,0.027,0.027,-1,Echolocation,/mnt/ubna_data_02_mir/recover-20221013/UBNA_001/20221012_030000.WAV,Telephone Field,recover-20221013,001,1795
778.1035,778.1122,26328,35309,Eptesicus serotinus,0.011,0.025,-1,Echolocation,/mnt/ubna_data_02_mir/recover-20221013/UBNA_001/20221012_030000.WAV,Telephone Field,recover-20221013,001,1795
778.1135,778.1252,58125,65301,Pipistrellus pygmaeus,0.025,0.026,-1,Echolocation,/mnt/ubna_data_02_mir/recover-20221013/UBNA_001/20221012_030000.WAV,Telephone Field,recover-20221013,001,1795
778.1365,778.174,68437,81953,Rhinolophus ferrumequinum,0.021,0.021,-1,Echolocation,/mnt/ubna_data_02_mir/recover-20221013/UBNA_001/20221012_030000.WAV,Telephone Field,recover-20221013,001,1795
778.1535,778.1897,68437,80893,Rhinolophus ferrumequinum,0.024,0.024,-1,Echolocation,/mnt/ubna_data_02_mir/recover-20221013/UBNA_001/20221012_030000.WAV,Telephone Field,recover-20221013,001,1795
778.1655,778.2036,68437,81742,Rhinolophus ferrumequinum,0.022,0.022,-1,Echolocation,/mnt/ubna_data_02_mir/recover-20221013/UBNA_001/20221012_030000.WAV,Telephone Field,recover-20221013,001,1795
778.1655,778.1732,26328,35845,Eptesicus serotinus,0.008,0.025,-1,Echolocation,/mnt/ubna_data_02_mir/recover-20221013/UBNA_001/20221012_030000.WAV,Telephone Field,recover-20221013,001,1795
778.1885,778.1971,46093,49131,Pipistrellus pipistrellus,0.02,0.021,-1,Echolocation,/mnt/ubna_data_02_mir/recover-20221013/UBNA_001/20221012_030000.WAV,Telephone Field,recover-20221013,001,1795
778.2005,778.2448,68437,83533,Rhinolophus ferrumequinum,0.036,0.036,-1,Echolocation,/mnt/ubna_data_02_mir/recover-20221013/UBNA_001/20221012_030000.WAV,Telephone Field,recover-20221013,001,1795
778.2075,778.2502,68437,83226,Rhinolophus ferrumequinum,0.031,0.031,-1,Echolocation,/mnt/ubna_data_02_mir/recover-20221013/UBNA_001/20221012_030000.WAV,Telephone Field,recover-20221013,001,1795
778.2595,778.2975,68437,81913,Rhinolophus ferrumequinum,0.022,0.022,-1,Echolocation,/mnt/ubna_data_02_mir/recover-20221013/UBNA_001/20221012_030000.WAV,Telephone Field,recover-20221013,001,1795
778.2764999999999,778.3136,68437,82095,Rhinolophus ferrumequinum,0.021,0.021,-1,Echolocation,/mnt/ubna_data_02_mir/recover-20221013/UBNA_001/20221012_030000.WAV,Telephone Field,recover-20221013,001,1795
778.3105,778.3488,68437,81932,Rhinolophus ferrumequinum,0.022,0.022,-1,Echolocation,/mnt/ubna_data_02_mir/recover-20221013/UBNA_001/20221012_030000.WAV,Telephone Field,recover-20221013,001,1795
778.3235,778.3654,68437,83191,Rhinolophus ferrumequinum,0.025,0.025,-1,Echolocation,/mnt/ubna_data_02_mir/recover-20221013/UBNA_001/20221012_030000.WAV,Telephone Field,recover-20221013,001,1795
778.3835,778.3916,25468,34529,Eptesicus serotinus,0.007,0.021,-1,Echolocation,/mnt/ubna_data_02_mir/recover-20221013/UBNA_001/20221012_030000.WAV,Telephone Field,recover-20221013,001,1795
778.3975,778.4378,68437,82786,Rhinolophus ferrumequinum,0.024,0.024,-1,Echolocation,/mnt/ubna_data_02_mir/recover-20221013/UBNA_001/20221012_030000.WAV,Telephone Field,recover-20221013,001,1795
778.4045,778.442,68437,81958,Rhinolophus ferrumequinum,0.023,0.023,-1,Echolocation,/mnt/ubna_data_02_mir/recover-20221013/UBNA_001/20221012_030000.WAV,Telephone Field,recover-20221013,001,1795
778.4155,778.4512,68437,82168,Rhinolophus ferrumequinum,0.025,0.025,-1,Echolocation,/mnt/ubna_data_02_mir/recover-20221013/UBNA_001/20221012_030000.WAV,Telephone Field,recover-20221013,001,1795
778.4485,778.4575,22890,29003,Plecotus austriacus,0.007,0.02,-1,Echolocation,/mnt/ubna_data_02_mir/recover-20221013/UBNA_001/20221012_030000.WAV,Telephone Field,recover-20221013,001,1795
778.4595,778.4976,68437,82215,Rhinolophus ferrumequinum,0.021,0.021,-1,Echolocation,/mnt/ubna_data_02_mir/recover-20221013/UBNA_001/20221012_030000.WAV,Telephone Field,recover-20221013,001,1795
778.4825,778.493,27187,34726,Eptesicus serotinus,0.011,0.023,-1,Echolocation,/mnt/ubna_data_02_mir/recover-20221013/UBNA_001/20221012_030000.WAV,Telephone Field,recover-20221013,001,1795
778.4875,778.5287,68437,82651,Rhinolophus ferrumequinum,0.037,0.037,-1,Echolocation,/mnt/ubna_data_02_mir/recover-20221013/UBNA_001/20221012_030000.WAV,Telephone Field,recover-20221013,001,1795
778.5175,778.5617,68437,83877,Rhinolophus ferrumequinum,0.033,0.033,-1,Echolocation,/mnt/ubna_data_02_mir/recover-20221013/UBNA_001/20221012_030000.WAV,Telephone Field,recover-20221013,001,1795
778.5605,778.5722,42656,45617,Pipistrellus pipistrellus,0.024,0.027,-1,Echolocation,/mnt/ubna_data_02_mir/recover-20221013/UBNA_001/20221012_030000.WAV,Telephone Field,recover-20221013,001,1795
778.5775,778.6171,68437,82818,Rhinolophus ferrumequinum,0.025,0.025,-1,Echolocation,/mnt/ubna_data_02_mir/recover-20221013/UBNA_001/20221012_030000.WAV,Telephone Field,recover-20221013,001,1795
778.5835,778.5931,22890,27991,Nyctalus leisleri,0.009,0.022,-1,Echolocation,/mnt/ubna_data_02_mir/recover-20221013/UBNA_001/20221012_030000.WAV,Telephone Field,recover-20221013,001,1795
778.5895,778.6297,68437,83171,Rhinolophus ferrumequinum,0.027,0.027,-1,Echolocation,/mnt/ubna_data_02_mir/recover-20221013/UBNA_001/20221012_030000.WAV,Telephone Field,recover-20221013,001,1795
778.6245,778.6697,68437,83097,Rhinolophus ferrumequinum,0.033,0.033,-1,Echolocation,/mnt/ubna_data_02_mir/recover-20221013/UBNA_001/20221012_030000.WAV,Telephone Field,recover-20221013,001,1795
778.6305,778.6421,27187,33715,Eptesicus serotinus,0.012,0.026,-1,Echolocation,/mnt/ubna_data_02_mir/recover-20221013/UBNA_001/20221012_030000.WAV,Telephone Field,recover-20221013,001,1795
778.6835,778.6938,28046,34994,Eptesicus serotinus,0.013,0.027,-1,Echolocation,/mnt/ubna_data_02_mir/recover-20221013/UBNA_001/20221012_030000.WAV,Telephone Field,recover-20221013,001,1795
778.7185,778.7281,22890,29264,Nyctalus leisleri,0.008,0.023,-1,Echolocation,/mnt/ubna_data_02_mir/recover-20221013/UBNA_001/20221012_030000.WAV,Telephone Field,recover-20221013,001,1795
778.7225,778.7349,37500,41568,Pipistrellus nathusii,0.01,0.023,-1,Echolocation,/mnt/ubna_data_02_mir/recover-20221013/UBNA_001/20221012_030000.WAV,Telephone Field,recover-20221013,001,1795
778.7285,778.7692,68437,83165,Rhinolophus ferrumequinum,0.025,0.025,-1,Echolocation,/mnt/ubna_data_02_mir/recover-20221013/UBNA_001/20221012_030000.WAV,Telephone Field,recover-20221013,001,1795
778.7375,778.7464,46953,53126,Pipistrellus pipistrellus,0.033,0.035,-1,Echolocation,/mnt/ubna_data_02_mir/recover-20221013/UBNA_001/20221012_030000.WAV,Telephone Field,recover-20221013,001,1795
778.7655,778.8057,68437,82494,Rhinolophus ferrumequinum,0.022,0.022,-1,Echolocation,/mnt/ubna_data_02_mir/recover-20221013/UBNA_001/20221012_030000.WAV,Telephone Field,recover-20221013,001,1795
778.7955,778.8295,68437,81367,Rhinolophus ferrumequinum,0.021,0.021,-1,Echolocation,/mnt/ubna_data_02_mir/recover-20221013/UBNA_001/20221012_030000.WAV,Telephone Field,recover-20221013,001,1795
778.8325,778.8395,25468,34496,Plecotus austriacus,0.006,0.024,-1,Echolocation,/mnt/ubna_data_02_mir/recover-20221013/UBNA_001/20221012_030000.WAV,Telephone Field,recover-20221013,001,1795
778.8405,778.8805,68437,81909,Rhinolophus ferrumequinum,0.026,0.026,-1,Echolocation,/mnt/ubna_data_02_mir/recover-20221013/UBNA_001/20221012_030000.WAV,Telephone Field,recover-20221013,001,1795
778.8725,778.9141,68437,83692,Rhinolophus ferrumequinum,0.028,0.029,-1,Echolocation,/mnt/ubna_data_02_mir/recover-20221013/UBNA_001/20221012_030000.WAV,Telephone Field,recover-20221013,001,1795
778.8985,778.9099,23750,29607,Nyctalus leisleri,0.014,0.032,-1,Echolocation,/mnt/ubna_data_02_mir/recover-20221013/UBNA_001/20221012_030000.WAV,Telephone Field,recover-20221013,001,1795
778.9255,778.9603,68437,81807,Rhinolophus ferrumequinum,0.021,0.021,-1,Echolocation,/mnt/ubna_data_02_mir/recover-20221013/UBNA_001/20221012_030000.WAV,Telephone Field,recover-20221013,001,1795
778.9335,778.9432,28046,37508,Eptesicus serotinus,0.009,0.021,-1,Echolocation,/mnt/ubna_data_02_mir/recover-20221013/UBNA_001/20221012_030000.WAV,Telephone Field,recover-20221013,001,1795
778.9515,778.9901,68437,82796,Rhinolophus ferrumequinum,0.023,0.023,-1,Echolocation,/mnt/ubna_data_02_mir/recover-20221013/UBNA_001/20221012_030000.WAV,Telephone Field,recover-20221013,001,1795
778.9555,778.9625,28046,38805,Eptesicus serotinus,0.006,0.023,-1,Echolocation,/mnt/ubna_data_02_mir/recover-20221013/UBNA_001/20221012_030000.WAV,Telephone Field,recover-20221013,001,1795
778.9585,778.9685,22031,27152,Nyctalus leisleri,0.01,0.025,-1,Echolocation,/mnt/ubna_data_02_mir/recover-20221013/UBNA_001/20221012_030000.WAV,Telephone Field,recover-20221013,001,1795
778.9785,779.0154,68437,81678,Rhinolophus ferrumequinum,0.021,0.021,-1,Echolocation,/mnt/ubna_data_02_mir/recover-20221013/UBNA_001/20221012_030000.WAV,Telephone Field,recover-20221013,001,1795
778.9915,779.0293,68437,81920,Rhinolophus ferrumequinum,0.025,0.025,-1,Echolocation,/mnt/ubna_data_02_mir/recover-20221013/UBNA_001/20221012_030000.WAV,Telephone Field,recover-20221013,001,1795
779.0235,779.0317,25468,33746,Eptesicus serotinus,0.008,0.023,-1,Echolocation,/mnt/ubna_data_02_mir/recover-20221013/UBNA_001/20221012_030000.WAV,Telephone Field,recover-20221013,001,1795
779.0555,779.0931,68437,81661,Rhinolophus ferrumequinum,0.026,0.026,-1,Echolocation,/mnt/ubna_data_02_mir/recover-20221013/UBNA_001/20221012_030000.WAV,Telephone Field,recover-20221013,001,1795
779.0645,779.1022,68437,81560,Rhinolophus ferrumequinum,0.022,0.022,-1,Echolocation,/mnt/ubna_data_02_mir/recover-20221013/UBNA_001/20221012_030000.WAV,Telephone Field,recover-20221013,001,1795
779.1125,779.1203,27187,39193,Eptesicus serotinus,0.006,0.022,-1,Echolocation,/mnt/ubna_data_02_mir/recover-20221013/UBNA_001/20221012_030000.WAV,Telephone Field,recover-20221013,001,1795
779.1475,779.1862,68437,82322,Rhinolophus ferrumequinum,0.022,0.022,-1,Echolocation,/mnt/ubna_data_02_mir/recover-20221013/UBNA_001/20221012_030000.WAV,Telephone Field,recover-20221013,001,1795
779.1525,779.1915,68437,82271,Rhinolophus ferrumequinum,0.022,0.022,-1,Echolocation,/mnt/ubna_data_02_mir/recover-20221013/UBNA_001/20221012_030000.WAV,Telephone Field,recover-20221013,001,1795
779.1605,779.1999,68437,82133,Rhinolophus ferrumequinum,0.02,0.02,-1,Echolocation,/mnt/ubna_data_02_mir/recover-20221013/UBNA_001/20221012_030000.WAV,Telephone Field,recover-20221013,001,1795
779.1775,779.2178,68437,82002,Rhinolophus ferrumequinum,0.021,0.021,-1,Echolocation,/mnt/ubna_data_02_mir/recover-20221013/UBNA_001/20221012_030000.WAV,Telephone Field,recover-20221013,001,1795
779.2005,779.2367,68437,81219,Rhinolophus ferrumequinum,0.022,0.022,-1,Echolocation,/mnt/ubna_data_02_mir/recover-20221013/UBNA_001/20221012_030000.WAV,Telephone Field,recover-20221013,001,1795
779.2075,779.2432,68437,82129,Rhinolophus ferrumequinum,0.022,0.022,-1,Echolocation,/mnt/ubna_data_02_mir/recover-20221013/UBNA_001/20221012_030000.WAV,Telephone Field,recover-20221013,001,1795
779.2145,779.2522,68437,82329,Rhinolophus ferrumequinum,0.023,0.023,-1,Echolocation,/mnt/ubna_data_02_mir/recover-20221013/UBNA_001/20221012_030000.WAV,Telephone Field,recover-20221013,001,1795
779.2165,779.2265,28046,36602,Eptesicus serotinus,0.011,0.024,-1,Echolocation,/mnt/ubna_data_02_mir/recover-20221013/UBNA_001/20221012_030000.WAV,Telephone Field,recover-20221013,001,1795
779.2265,779.266,68437,81645,Rhinolophus ferrumequinum,0.022,0.022,-1,Echolocation,/mnt/ubna_data_02_mir/recover-20221013/UBNA_001/20221012_030000.WAV,Telephone Field,recover-20221013,001,1795
779.2575,779.2676,24609,30210,Nyctalus leisleri,0.009,0.021,-1,Echolocation,/mnt/ubna_data_02_mir/recover-20221013/UBNA_001/20221012_030000.WAV,Telephone Field,recover-20221013,001,1795
779.2705,779.2804,22890,28454,Nyctalus leisleri,0.009,0.021,-1,Echolocation,/mnt/ubna_data_02_mir/recover-20221013/UBNA_001/20221012_030000.WAV,Telephone Field,recover-20221013,001,1795
779.2785,779.3155,68437,81701,Rhinolophus ferrumequinum,0.021,0.021,-1,Echolocation,/mnt/ubna_data_02_mir/recover-20221013/UBNA_001/20221012_030000.WAV,Telephone Field,recover-20221013,001,1795
779.3055,779.3436,68437,81528,Rhinolophus ferrumequinum,0.022,0.022,-1,Echolocation,/mnt/ubna_data_02_mir/recover-20221013/UBNA_001/20221012_030000.WAV,Telephone Field,recover-20221013,001,1795
779.3075,779.3194,22031,26181,Nyctalus leisleri,0.011,0.02,-1,Echolocation,/mnt/ubna_data_02_mir/recover-20221013/UBNA_001/20221012_030000.WAV,Telephone Field,recover-20221013,001,1795
779.3315,779.3421,22031,26995,Nyctalus leisleri,0.01,0.021,-1,Echolocation,/mnt/ubna_data_02_mir/recover-20221013/UBNA_001/20221012_030000.WAV,Telephone Field,recover-20221013,001,1795
779.3405,779.3525,22031,26184,Nyctalus leisleri,0.012,0.022,-1,Echolocation,/mnt/ubna_data_02_mir/recover-20221013/UBNA_001/20221012_030000.WAV,Telephone Field,recover-20221013,001,1795
779.3645,779.4077,68437,83267,Rhinolophus ferrumequinum,0.038,0.038,-1,Echolocation,/mnt/ubna_data_02_mir/recover-20221013/UBNA_001/20221012_030000.WAV,Telephone Field,recover-20221013,001,1795
779.3675,779.3776,28046,36692,Eptesicus serotinus,0.009,0.02,-1,Echolocation,/mnt/ubna_data_02_mir/recover-20221013/UBNA_001/20221012_030000.WAV,Telephone Field,recover-20221013,001,1795
779.3875,779.3953,27187,36220,Eptesicus serotinus,0.01,0.027,-1,Echolocation,/mnt/ubna_data_02_mir/recover-20221013/UBNA_001/20221012_030000.WAV,Telephone Field,recover-20221013,001,1795
779.4035,779.4136,22890,27488,Nyctalus leisleri,0.011,0.021,-1,Echolocation,/mnt/ubna_data_02_mir/recover-20221013/UBNA_001/20221012_030000.WAV,Telephone Field,recover-20221013,001,1795
779.4255,779.4653,68437,82814,Rhinolophus ferrumequinum,0.024,0.024,-1,Echolocation,/mnt/ubna_data_02_mir/recover-20221013/UBNA_001/20221012_030000.WAV,Telephone Field,recover-20221013,001,1795
779.4345,779.4436,22890,29202,Nyctalus leisleri,0.008,0.022,-1,Echolocation,/mnt/ubna_data_02_mir/recover-20221013/UBNA_001/20221012_030000.WAV,Telephone Field,recover-20221013,001,1795
779.4345,779.4749,68437,82355,Rhinolophus ferrumequinum,0.024,0.024,-1,Echolocation,/mnt/ubna_data_02_mir/recover-20221013/UBNA_001/20221012_030000.WAV,Telephone Field,recover-20221013,001,1795
779.4475,779.4575,27187,35291,Eptesicus serotinus,0.009,0.022,-1,Echolocation,/mnt/ubna_data_02_mir/recover-20221013/UBNA_001/20221012_030000.WAV,Telephone Field,recover-20221013,001,1795
779.5035,779.5094,46953,51207,Pipistrellus pipistrellus,0.021,0.021,-1,Echolocation,/mnt/ubna_data_02_mir/recover-20221013/UBNA_001/20221012_030000.WAV,Telephone Field,recover-20221013,001,1795
779.5155,779.524,28906,40297,Eptesicus serotinus,0.007,0.021,-1,Echolocation,/mnt/ubna_data_02_mir/recover-20221013/UBNA_001/20221012_030000.WAV,Telephone Field,recover-20221013,001,1795
779.5515,779.5907,68437,82598,Rhinolophus ferrumequinum,0.021,0.021,-1,Echolocation,/mnt/ubna_data_02_mir/recover-20221013/UBNA_001/20221012_030000.WAV,Telephone Field,recover-20221013,001,1795
779.5815,779.6189,68437,81767,Rhinolophus ferrumequinum,0.021,0.021,-1,Echolocation,/mnt/ubna_data_02_mir/recover-20221013/UBNA_001/20221012_030000.WAV,Telephone Field,recover-20221013,001,1795
779.5905,779.6278,68437,81669,Rhinolophus ferrumequinum,0.021,0.021,-1,Echolocation,/mnt/ubna_data_02_mir/recover-20221013/UBNA_001/20221012_030000.WAV,Telephone Field,recover-20221013,001,1795
779.5905,779.5982,27187,42395,Eptesicus serotinus,0.007,0.02,-1,Echolocation,/mnt/ubna_data_02_mir/recover-20221013/UBNA_001/20221012_030000.WAV,Telephone Field,recover-20221013,001,1795
779.6215,779.6411,16875,20478,Nyctalus noctula,0.014,0.021,-1,Echolocation,/mnt/ubna_data_02_mir/recover-20221013/UBNA_001/20221012_030000.WAV,Telephone Field,recover-20221013,001,1795
779.6445,779.6624,19453,23137,Nyctalus noctula,0.019,0.038,-1,Echolocation,/mnt/ubna_data_02_mir/recover-20221013/UBNA_001/20221012_030000.WAV,Telephone Field,recover-20221013,001,1795
779.6735,779.6811,27187,40913,Eptesicus serotinus,0.007,0.025,-1,Echolocation,/mnt/ubna_data_02_mir/recover-20221013/UBNA_001/20221012_030000.WAV,Telephone Field,recover-20221013,001,1795
779.6765,779.7175,68437,82817,Rhinolophus ferrumequinum,0.022,0.022,-1,Echolocation,/mnt/ubna_data_02_mir/recover-20221013/UBNA_001/20221012_030000.WAV,Telephone Field,recover-20221013,001,1795
779.6915,779.735,68437,83173,Rhinolophus ferrumequinum,0.04,0.04,-1,Echolocation,/mnt/ubna_data_02_mir/recover-20221013/UBNA_001/20221012_030000.WAV,Telephone Field,recover-20221013,001,1795
779.7125,779.7545,68437,83303,Rhinolophus ferrumequinum,0.026,0.026,-1,Echolocation,/mnt/ubna_data_02_mir/recover-20221013/UBNA_001/20221012_030000.WAV,Telephone Field,recover-20221013,001,1795
779.7365,779.7523,31484,35726,Eptesicus serotinus,0.022,0.055,-1,Echolocation,/mnt/ubna_data_02_mir/recover-20221013/UBNA_001/20221012_030000.WAV,Telephone Field,recover-20221013,001,1795
779.7595,779.8005,68437,83302,Rhinolophus ferrumequinum,0.023,0.023,-1,Echolocation,/mnt/ubna_data_02_mir/recover-20221013/UBNA_001/20221012_030000.WAV,Telephone Field,recover-20221013,001,1795
779.7735,779.8181,68437,83451,Rhinolophus ferrumequinum,0.029,0.029,-1,Echolocation,/mnt/ubna_data_02_mir/recover-20221013/UBNA_001/20221012_030000.WAV,Telephone Field,recover-20221013,001,1795
779.7865,779.824,68437,82343,Rhinolophus ferrumequinum,0.022,0.022,-1,Echolocation,/mnt/ubna_data_02_mir/recover-20221013/UBNA_001/20221012_030000.WAV,Telephone Field,recover-20221013,001,1795
779.8055,779.8134,28046,39706,Eptesicus serotinus,0.008,0.027,-1,Echolocation,/mnt/ubna_data_02_mir/recover-20221013/UBNA_001/20221012_030000.WAV,Telephone Field,recover-20221013,001,1795
779.8215,779.8635,68437,83135,Rhinolophus ferrumequinum,0.026,0.026,-1,Echolocation,/mnt/ubna_data_02_mir/recover-20221013/UBNA_001/20221012_030000.WAV,Telephone Field,recover-20221013,001,1795
779.8255,779.8363,23750,29478,Nyctalus leisleri,0.011,0.023,-1,Echolocation,/mnt/ubna_data_02_mir/recover-20221013/UBNA_001/20221012_030000.WAV,Telephone Field,recover-20221013,001,1795
779.8365,779.8476,23750,29754,Nyctalus leisleri,0.012,0.027,-1,Echolocation,/mnt/ubna_data_02_mir/recover-20221013/UBNA_001/20221012_030000.WAV,Telephone Field,recover-20221013,001,1795
779.8605,779.9032,68437,83409,Rhinolophus ferrumequinum,0.029,0.029,-1,Echolocation,/mnt/ubna_data_02_mir/recover-20221013/UBNA_001/20221012_030000.WAV,Telephone Field,recover-20221013,001,1795
779.8615,779.8731,37500,42436,Pipistrellus nathusii,0.008,0.021,-1,Echolocation,/mnt/ubna_data_02_mir/recover-20221013/UBNA_001/20221012_030000.WAV,Telephone Field,recover-20221013,001,1795
779.8795,779.8903,28906,37264,Eptesicus serotinus,0.01,0.023,-1,Echolocation,/mnt/ubna_data_02_mir/recover-20221013/UBNA_001/20221012_030000.WAV,Telephone Field,recover-20221013,001,1795
779.9105,779.9463,68437,82204,Rhinolophus ferrumequinum,0.021,0.021,-1,Echolocation,/mnt/ubna_data_02_mir/recover-20221013/UBNA_001/20221012_030000.WAV,Telephone Field,recover-20221013,001,1795
779.9615,779.9981,68437,82004,Rhinolophus ferrumequinum,0.022,0.022,-1,Echolocation,/mnt/ubna_data_02_mir/recover-20221013/UBNA_001/20221012_030000.WAV,Telephone Field,recover-20221013,001,1795
779.9795,779.9898,22031,28523,Nyctalus leisleri,0.009,0.027,-1,Echolocation,/mnt/ubna_data_02_mir/recover-20221013/UBNA_001/20221012_030000.WAV,Telephone Field,recover-20221013,001,1795
779.9805,779.9887,28906,39936,Eptesicus serotinus,0.01,0.028,-1,Echolocation,/mnt/ubna_data_02_mir/recover-20221013/UBNA_001/20221012_030000.WAV,Telephone Field,recover-20221013,001,1795
780.0015,780.0339,68437,79659,Rhinolophus ferrumequinum,0.028,0.029,-1,Echolocation,/mnt/ubna_data_02_mir/recover-20221013/UBNA_001/20221012_030000.WAV,Telephone Field,recover-20221013,001,1795
780.0015,780.0113,23750,30104,Nyctalus leisleri,0.02,0.046,-1,Echolocation,/mnt/ubna_data_02_mir/recover-20221013/UBNA_001/20221012_030000.WAV,Telephone Field,recover-20221013,001,1795
780.0015,780.017,18593,24297,Nyctalus noctula,0.018,0.043,-1,Echolocation,/mnt/ubna_data_02_mir/recover-20221013/UBNA_001/20221012_030000.WAV,Telephone Field,recover-20221013,001,1795
780.0105,780.0231,22031,26106,Nyctalus leisleri,0.018,0.036,-1,Echolocation,/mnt/ubna_data_02_mir/recover-20221013/UBNA_001/20221012_030000.WAV,Telephone Field,recover-20221013,001,1795
780.0435,780.0798,68437,81433,Rhinolophus ferrumequinum,0.021,0.021,-1,Echolocation,/mnt/ubna_data_02_mir/recover-20221013/UBNA_001/20221012_030000.WAV,Telephone Field,recover-20221013,001,1795
780.0475,780.0565,25468,32964,Eptesicus serotinus,0.065,0.13,-1,Echolocation,/mnt/ubna_data_02_mir/recover-20221013/UBNA_001/20221012_030000.WAV,Telephone Field,recover-20221013,001,1795
780.0505,780.088,68437,81763,Rhinolophus ferrumequinum,0.022,0.022,-1,Echolocation,/mnt/ubna_data_02_mir/recover-20221013/UBNA_001/20221012_030000.WAV,Telephone Field,recover-20221013,001,1795
780.0715,780.0842,22031,25618,Nyctalus leisleri,0.019,0.031,-1,Echolocation,/mnt/ubna_data_02_mir/recover-20221013/UBNA_001/20221012_030000.WAV,Telephone Field,recover-20221013,001,1795
780.0845,780.1226,68437,81482,Rhinolophus ferrumequinum,0.024,0.024,-1,Echolocation,/mnt/ubna_data_02_mir/recover-20221013/UBNA_001/20221012_030000.WAV,Telephone Field,recover-20221013,001,1795
780.0965,780.1376,68437,82553,Rhinolophus ferrumequinum,0.037,0.037,-1,Echolocation,/mnt/ubna_data_02_mir/recover-20221013/UBNA_001/20221012_030000.WAV,Telephone Field,recover-20221013,001,1795
780.1675,780.2076,68437,82333,Rhinolophus ferrumequinum,0.028,0.028,-1,Echolocation,/mnt/ubna_data_02_mir/recover-20221013/UBNA_001/20221012_030000.WAV,Telephone Field,recover-20221013,001,1795
780.1755,780.1837,28046,38678,Eptesicus serotinus,0.008,0.022,-1,Echolocation,/mnt/ubna_data_02_mir/recover-20221013/UBNA_001/20221012_030000.WAV,Telephone Field,recover-20221013,001,1795
780.1985,780.2101,23750,29393,Nyctalus leisleri,0.016,0.033,-1,Echolocation,/mnt/ubna_data_02_mir/recover-20221013/UBNA_001/20221012_030000.WAV,Telephone Field,recover-20221013,001,1795
780.2335,780.2428,50390,55457,Pipistrellus pipistrellus,0.018,0.022,-1,Echolocation,/mnt/ubna_data_02_mir/recover-20221013/UBNA_001/20221012_030000.WAV,Telephone Field,recover-20221013,001,1795
780.2345,780.2715,68437,81502,Rhinolophus ferrumequinum,0.021,0.021,-1,Echolocation,/mnt/ubna_data_02_mir/recover-20221013/UBNA_001/20221012_030000.WAV,Telephone Field,recover-20221013,001,1795
780.2615,780.2688,27187,42394,Eptesicus serotinus,0.007,0.026,-1,Echolocation,/mnt/ubna_data_02_mir/recover-20221013/UBNA_001/20221012_030000.WAV,Telephone Field,recover-20221013,001,1795
780.2845,780.3259,68437,82107,Rhinolophus ferrumequinum,0.022,0.022,-1,Echolocation,/mnt/ubna_data_02_mir/recover-20221013/UBNA_001/20221012_030000.WAV,Telephone Field,recover-20221013,001,1795
780.2905,780.299,25468,33723,Eptesicus serotinus,0.009,0.033,-1,Echolocation,/mnt/ubna_data_02_mir/recover-20221013/UBNA_001/20221012_030000.WAV,Telephone Field,recover-20221013,001,1795
780.3025,780.3376,68437,81237,Rhinolophus ferrumequinum,0.021,0.021,-1,Echolocation,/mnt/ubna_data_02_mir/recover-20221013/UBNA_001/20221012_030000.WAV,Telephone Field,recover-20221013,001,1795
780.3185,780.3263,27187,39874,Eptesicus serotinus,0.007,0.024,-1,Echolocation,/mnt/ubna_data_02_mir/recover-20221013/UBNA_001/20221012_030000.WAV,Telephone Field,recover-20221013,001,1795
780.3235,780.3664,68437,83107,Rhinolophus ferrumequinum,0.022,0.022,-1,Echolocation,/mnt/ubna_data_02_mir/recover-20221013/UBNA_001/20221012_030000.WAV,Telephone Field,recover-20221013,001,1795
780.3315,780.3389,28046,37388,Eptesicus serotinus,0.006,0.021,-1,Echolocation,/mnt/ubna_data_02_mir/recover-20221013/UBNA_001/20221012_030000.WAV,Telephone Field,recover-20221013,001,1795
780.3425,780.3511,28046,39934,Eptesicus serotinus,0.007,0.021,-1,Echolocation,/mnt/ubna_data_02_mir/recover-20221013/UBNA_001/20221012_030000.WAV,Telephone Field,recover-20221013,001,1795
780.3615,780.4021,68437,81981,Rhinolophus ferrumequinum,0.023,0.023,-1,Echolocation,/mnt/ubna_data_02_mir/recover-20221013/UBNA_001/20221012_030000.WAV,Telephone Field,recover-20221013,001,1795
780.3675,780.4064,68437,82038,Rhinolophus ferrumequinum,0.022,0.023,-1,Echolocation,/mnt/ubna_data_02_mir/recover-20221013/UBNA_001/20221012_030000.WAV,Telephone Field,recover-20221013,001,1795
780.3775,780.4157,68437,82595,Rhinolophus ferrumequinum,0.023,0.023,-1,Echolocation,/mnt/ubna_data_02_mir/recover-20221013/UBNA_001/20221012_030000.WAV,Telephone Field,recover-20221013,001,1795
780.4185,780.46,68437,82817,Rhinolophus ferrumequinum,0.027,0.027,-1,Echolocation,/mnt/ubna_data_02_mir/recover-20221013/UBNA_001/20221012_030000.WAV,Telephone Field,recover-20221013,001,1795
780.4585,780.4686,27187,34626,Eptesicus serotinus,0.009,0.022,-1,Echolocation,/mnt/ubna_data_02_mir/recover-20221013/UBNA_001/20221012_030000.WAV,Telephone Field,recover-20221013,001,1795
780.4735,780.5094,68437,81512,Rhinolophus ferrumequinum,0.022,0.022,-1,Echolocation,/mnt/ubna_data_02_mir/recover-20221013/UBNA_001/20221012_030000.WAV,Telephone Field,recover-20221013,001,1795
780.4985,780.5403,68437,83016,Rhinolophus ferrumequinum,0.026,0.026,-1,Echolocation,/mnt/ubna_data_02_mir/recover-20221013/UBNA_001/20221012_030000.WAV,Telephone Field,recover-20221013,001,1795
780.5185,780.5298,39218,43982,Pipistrellus nathusii,0.013,0.023,-1,Echolocation,/mnt/ubna_data_02_mir/recover-20221013/UBNA_001/20221012_030000.WAV,Telephone Field,recover-20221013,001,1795
780.5265,780.5644,68437,82036,Rhinolophus ferrumequinum,0.022,0.022,-1,Echolocation,/mnt/ubna_data_02_mir/recover-20221013/UBNA_001/20221012_030000.WAV,Telephone Field,recover-20221013,001,1795
780.5405,780.5804,68437,82180,Rhinolophus ferrumequinum,0.024,0.024,-1,Echolocation,/mnt/ubna_data_02_mir/recover-20221013/UBNA_001/20221012_030000.WAV,Telephone Field,recover-20221013,001,1795
780.5465,780.5541,28046,41926,Eptesicus serotinus,0.007,0.021,-1,Echolocation,/mnt/ubna_data_02_mir/recover-20221013/UBNA_001/20221012_030000.WAV,Telephone Field,recover-20221013,001,1795
780.5855,780.6256,68437,82663,Rhinolophus ferrumequinum,0.028,0.028,-1,Echolocation,/mnt/ubna_data_02_mir/recover-20221013/UBNA_001/20221012_030000.WAV,Telephone Field,recover-20221013,001,1795
780.5915,780.5995,44375,48522,Pipistrellus pipistrellus,0.026,0.028,-1,Echolocation,/mnt/ubna_data_02_mir/recover-20221013/UBNA_001/20221012_030000.WAV,Telephone Field,recover-20221013,001,1795
780.5915,780.6022,22031,26683,Nyctalus leisleri,0.012,0.024,-1,Echolocation,/mnt/ubna_data_02_mir/recover-20221013/UBNA_001/20221012_030000.WAV,Telephone Field,recover-20221013,001,1795
780.5975,780.6177,18593,21108,Nyctalus noctula,0.011,0.024,-1,Echolocation,/mnt/ubna_data_02_mir/recover-20221013/UBNA_001/20221012_030000.WAV,Telephone Field,recover-20221013,001,1795
780.6015,780.6136,38359,42695,Pipistrellus nathusii,0.015,0.025,-1,Echolocation,/mnt/ubna_data_02_mir/recover-20221013/UBNA_001/20221012_030000.WAV,Telephone Field,recover-20221013,001,1795
780.6075,780.6148,27187,39182,Eptesicus serotinus,0.006,0.023,-1,Echolocation,/mnt/ubna_data_02_mir/recover-20221013/UBNA_001/20221012_030000.WAV,Telephone Field,recover-20221013,001,1795
780.6315,780.6664,68437,81405,Rhinolophus ferrumequinum,0.023,0.023,-1,Echolocation,/mnt/ubna_data_02_mir/recover-20221013/UBNA_001/20221012_030000.WAV,Telephone Field,recover-20221013,001,1795
780.6315,780.6429,54687,59435,Pipistrellus pygmaeus,0.021,0.023,-1,Echolocation,/mnt/ubna_data_02_mir/recover-20221013/UBNA_001/20221012_030000.WAV,Telephone Field,recover-20221013,001,1795
780.6465,780.6855,68437,82338,Rhinolophus ferrumequinum,0.024,0.024,-1,Echolocation,/mnt/ubna_data_02_mir/recover-20221013/UBNA_001/20221012_030000.WAV,Telephone Field,recover-20221013,001,1795
780.6595,780.6718,14296,19761,Nyctalus noctula,0.029,0.045,-1,Echolocation,/mnt/ubna_data_02_mir/recover-20221013/UBNA_001/20221012_030000.WAV,Telephone Field,recover-20221013,001,1795
780.7015,780.7419,68437,82367,Rhinolophus ferrumequinum,0.022,0.022,-1,Echolocation,/mnt/ubna_data_02_mir/recover-20221013/UBNA_001/20221012_030000.WAV,Telephone Field,recover-20221013,001,1795
780.7305,780.7687,68437,81821,Rhinolophus ferrumequinum,0.027,0.027,-1,Echolocation,/mnt/ubna_data_02_mir/recover-20221013/UBNA_001/20221012_030000.WAV,Telephone Field,recover-20221013,001,1795
780.7345,780.7449,28046,35260,Eptesicus serotinus,0.014,0.028,-1,Echolocation,/mnt/ubna_data_02_mir/recover-20221013/UBNA_001/20221012_030000.WAV,Telephone Field,recover-20221013,001,1795
780.7765,780.7833,28046,43527,Eptesicus serotinus,0.009,0.033,-1,Echolocation,/mnt/ubna_data_02_mir/recover-20221013/UBNA_001/20221012_030000.WAV,Telephone Field,recover-20221013,001,1795
780.8255,780.8397,22031,25730,Nyctalus leisleri,0.016,0.028,-1,Echolocation,/mnt/ubna_data_02_mir/recover-20221013/UBNA_001/20221012_030000.WAV,Telephone Field,recover-20221013,001,1795
780.8345,780.8717,68437,81683,Rhinolophus ferrumequinum,0.028,0.028,-1,Echolocation,/mnt/ubna_data_02_mir/recover-20221013/UBNA_001/20221012_030000.WAV,Telephone Field,recover-20221013,001,1795
780.8505,780.8886,68437,81734,Rhinolophus ferrumequinum,0.023,0.023,-1,Echolocation,/mnt/ubna_data_02_mir/recover-20221013/UBNA_001/20221012_030000.WAV,Telephone Field,recover-20221013,001,1795
780.8505,780.8591,29765,39549,Eptesicus serotinus,0.009,0.027,-1,Echolocation,/mnt/ubna_data_02_mir/recover-20221013/UBNA_001/20221012_030000.WAV,Telephone Field,recover-20221013,001,1795
780.8645,780.9025,68437,82369,Rhinolophus ferrumequinum,0.023,0.023,-1,Echolocation,/mnt/ubna_data_02_mir/recover-20221013/UBNA_001/20221012_030000.WAV,Telephone Field,recover-20221013,001,1795
780.8935,780.9308,68437,81599,Rhinolophus ferrumequinum,0.021,0.022,-1,Echolocation,/mnt/ubna_data_02_mir/recover-20221013/UBNA_001/20221012_030000.WAV,Telephone Field,recover-20221013,001,1795
780.9495,780.9581,26328,34221,Eptesicus serotinus,0.008,0.021,-1,Echolocation,/mnt/ubna_data_02_mir/recover-20221013/UBNA_001/20221012_030000.WAV,Telephone Field,recover-20221013,001,1795
780.9635,781.0015,68437,82509,Rhinolophus ferrumequinum,0.025,0.025,-1,Echolocation,/mnt/ubna_data_02_mir/recover-20221013/UBNA_001/20221012_030000.WAV,Telephone Field,recover-20221013,001,1795
780.9795,781.0205,68437,82759,Rhinolophus ferrumequinum,0.036,0.036,-1,Echolocation,/mnt/ubna_data_02_mir/recover-20221013/UBNA_001/20221012_030000.WAV,Telephone Field,recover-20221013,001,1795
781.0085,781.0425,68437,80825,Rhinolophus ferrumequinum,0.03,0.031,-1,Echolocation,/mnt/ubna_data_02_mir/recover-20221013/UBNA_001/20221012_030000.WAV,Telephone Field,recover-20221013,001,1795
781.0455,781.0532,26328,35693,Eptesicus serotinus,0.008,0.025,-1,Echolocation,/mnt/ubna_data_02_mir/recover-20221013/UBNA_001/20221012_030000.WAV,Telephone Field,recover-20221013,001,1795
781.0885,781.1258,68437,81898,Rhinolophus ferrumequinum,0.022,0.022,-1,Echolocation,/mnt/ubna_data_02_mir/recover-20221013/UBNA_001/20221012_030000.WAV,Telephone Field,recover-20221013,001,1795
781.1375,781.1782,68437,82004,Rhinolophus ferrumequinum,0.026,0.026,-1,Echolocation,/mnt/ubna_data_02_mir/recover-20221013/UBNA_001/20221012_030000.WAV,Telephone Field,recover-20221013,001,1795
781.1435,781.1538,22890,28510,Nyctalus leisleri,0.01,0.023,-1,Echolocation,/mnt/ubna_data_02_mir/recover-20221013/UBNA_001/20221012_030000.WAV,Telephone Field,recover-20221013,001,1795
781.1705,781.1773,46953,50816,Pipistrellus pipistrellus,0.033,0.034,-1,Echolocation,/mnt/ubna_data_02_mir/recover-20221013/UBNA_001/20221012_030000.WAV,Telephone Field,recover-20221013,001,1795
781.1785,781.2161,68437,82257,Rhinolophus ferrumequinum,0.022,0.022,-1,Echolocation,/mnt/ubna_data_02_mir/recover-20221013/UBNA_001/20221012_030000.WAV,Telephone Field,recover-20221013,001,1795
781.1975,781.2342,68437,81133,Rhinolophus ferrumequinum,0.022,0.022,-1,Echolocation,/mnt/ubna_data_02_mir/recover-20221013/UBNA_001/20221012_030000.WAV,Telephone Field,recover-20221013,001,1795
781.2375,781.2759,68437,82633,Rhinolophus ferrumequinum,0.024,0.024,-1,Echolocation,/mnt/ubna_data_02_mir/recover-20221013/UBNA_001/20221012_030000.WAV,Telephone Field,recover-20221013,001,1795
781.2505,781.2908,68437,81726,Rhinolophus ferrumequinum,0.022,0.022,-1,Echolocation,/mnt/ubna_data_02_mir/recover-20221013/UBNA_001/20221012_030000.WAV,Telephone Field,recover-20221013,001,1795
781.2665,781.2787,52109,56343,Pipistrellus pygmaeus,0.017,0.028,-1,Echolocation,/mnt/ubna_data_02_mir/recover-20221013/UBNA_001/20221012_030000.WAV,Telephone Field,recover-20221013,001,1795
781.2695,781.276,28906,41238,Eptesicus serotinus,0.012,0.037,-1,Echolocation,/mnt/ubna_data_02_mir/recover-20221013/UBNA_001/20221012_030000.WAV,Telephone Field,recover-20221013,001,1795
781.2835,781.3216,68437,81885,Rhinolophus ferrumequinum,0.023,0.023,-1,Echolocation,/mnt/ubna_data_02_mir/recover-20221013/UBNA_001/20221012_030000.WAV,Telephone Field,recover-20221013,001,1795
781.3715,781.4135,68437,82731,Rhinolophus ferrumequinum,0.023,0.023,-1,Echolocation,/mnt/ubna_data_02_mir/recover-20221013/UBNA_001/20221012_030000.WAV,Telephone Field,recover-20221013,001,1795
781.3715,781.3826,26328,33078,Eptesicus serotinus,0.016,0.033,-1,Echolocation,/mnt/ubna_data_02_mir/recover-20221013/UBNA_001/20221012_030000.WAV,Telephone Field,recover-20221013,001,1795
781.3945,781.4327,68437,82458,Rhinolophus ferrumequinum,0.021,0.021,-1,Echolocation,/mnt/ubna_data_02_mir/recover-20221013/UBNA_001/20221012_030000.WAV,Telephone Field,recover-20221013,001,1795
781.3985,781.4063,28046,37835,Eptesicus serotinus,0.009,0.023,-1,Echolocation,/mnt/ubna_data_02_mir/recover-20221013/UBNA_001/20221012_030000.WAV,Telephone Field,recover-20221013,001,1795
781.4095,781.4229,36640,40566,Pipistrellus nathusii,0.015,0.033,-1,Echolocation,/mnt/ubna_data_02_mir/recover-20221013/UBNA_001/20221012_030000.WAV,Telephone Field,recover-20221013,001,1795
781.4145,781.423,27187,36140,Eptesicus serotinus,0.007,0.021,-1,Echolocation,/mnt/ubna_data_02_mir/recover-20221013/UBNA_001/20221012_030000.WAV,Telephone Field,recover-20221013,001,1795
781.4515,781.4591,28046,37758,Eptesicus serotinus,0.007,0.021,-1,Echolocation,/mnt/ubna_data_02_mir/recover-20221013/UBNA_001/20221012_030000.WAV,Telephone Field,recover-20221013,001,1795
781.4805,781.5239,68437,82971,Rhinolophus ferrumequinum,0.039,0.039,-1,Echolocation,/mnt/ubna_data_02_mir/recover-20221013/UBNA_001/20221012_030000.WAV,Telephone Field,recover-20221013,001,1795
781.4925,781.502,33203,38964,Barbastellus barbastellus,0.005,0.021,-1,Echolocation,/mnt/ubna_data_02_mir/recover-20221013/UBNA_001/20221012_030000.WAV,Telephone Field,recover-20221013,001,1795
781.4945,781.5033,28046,37021,Eptesicus serotinus,0.007,0.022,-1,Echolocation,/mnt/ubna_data_02_mir/recover-20221013/UBNA_001/20221012_030000.WAV,Telephone Field,recover-20221013,001,1795
781.5015,781.5089,46093,55871,Pipistrellus pipistrellus,0.012,0.021,-1,Echolocation,/mnt/ubna_data_02_mir/recover-20221013/UBNA_001/20221012_030000.WAV,Telephone Field,recover-20221013,001,1795
781.5195,781.5573,68437,82421,Rhinolophus ferrumequinum,0.024,0.024,-1,Echolocation,/mnt/ubna_data_02_mir/recover-20221013/UBNA_001/20221012_030000.WAV,Telephone Field,recover-20221013,001,1795
781.5275,781.5372,44375,52766,Pipistrellus pipistrellus,0.014,0.021,-1,Echolocation,/mnt/ubna_data_02_mir/recover-20221013/UBNA_001/20221012_030000.WAV,Telephone Field,recover-20221013,001,1795
781.5415,781.5783,68437,81222,Rhinolophus ferrumequinum,0.021,0.022,-1,Echolocation,/mnt/ubna_data_02_mir/recover-20221013/UBNA_001/20221012_030000.WAV,Telephone Field,recover-20221013,001,1795
781.5675,781.6045,68437,81680,Rhinolophus ferrumequinum,0.022,0.022,-1,Echolocation,/mnt/ubna_data_02_mir/recover-20221013/UBNA_001/20221012_030000.WAV,Telephone Field,recover-20221013,001,1795
781.5865,781.5926,33203,42510,Myotis daubentonii,0.022,0.053,-1,Echolocation,/mnt/ubna_data_02_mir/recover-20221013/UBNA_001/20221012_030000.WAV,Telephone Field,recover-20221013,001,1795
781.6515,781.6897,68437,82041,Rhinolophus ferrumequinum,0.023,0.023,-1,Echolocation,/mnt/ubna_data_02_mir/recover-20221013/UBNA_001/20221012_030000.WAV,Telephone Field,recover-20221013,001,1795
781.6905,781.7015,22890,27320,Nyctalus leisleri,0.011,0.021,-1,Echolocation,/mnt/ubna_data_02_mir/recover-20221013/UBNA_001/20221012_030000.WAV,Telephone Field,recover-20221013,001,1795
781.7205,781.7606,68437,82226,Rhinolophus ferrumequinum,0.022,0.022,-1,Echolocation,/mnt/ubna_data_02_mir/recover-20221013/UBNA_001/20221012_030000.WAV,Telephone Field,recover-20221013,001,1795
781.7535,781.7925,68437,82279,Rhinolophus ferrumequinum,0.033,0.033,-1,Echolocation,/mnt/ubna_data_02_mir/recover-20221013/UBNA_001/20221012_030000.WAV,Telephone Field,recover-20221013,001,1795
781.7845,781.8235,68437,82072,Rhinolophus ferrumequinum,0.021,0.021,-1,Echolocation,/mnt/ubna_data_02_mir/recover-20221013/UBNA_001/20221012_030000.WAV,Telephone Field,recover-20221013,001,1795
781.8375,781.8806,68437,83445,Rhinolophus ferrumequinum,0.032,0.032,-1,Echolocation,/mnt/ubna_data_02_mir/recover-20221013/UBNA_001/20221012_030000.WAV,Telephone Field,recover-20221013,001,1795
781.8555,781.8926,68437,81536,Rhinolophus ferrumequinum,0.021,0.021,-1,Echolocation,/mnt/ubna_data_02_mir/recover-20221013/UBNA_001/20221012_030000.WAV,Telephone Field,recover-20221013,001,1795
781.8835,781.8939,28046,35938,Eptesicus serotinus,0.009,0.021,-1,Echolocation,/mnt/ubna_data_02_mir/recover-20221013/UBNA_001/20221012_030000.WAV,Telephone Field,recover-20221013,001,1795
781.8925,781.9265,68437,81792,Rhinolophus ferrumequinum,0.021,0.021,-1,Echolocation,/mnt/ubna_data_02_mir/recover-20221013/UBNA_001/20221012_030000.WAV,Telephone Field,recover-20221013,001,1795
781.8955,781.9073,22890,28810,Nyctalus leisleri,0.012,0.027,-1,Echolocation,/mnt/ubna_data_02_mir/recover-20221013/UBNA_001/20221012_030000.WAV,Telephone Field,recover-20221013,001,1795
781.9045,781.9418,68437,81506,Rhinolophus ferrumequinum,0.021,0.021,-1,Echolocation,/mnt/ubna_data_02_mir/recover-20221013/UBNA_001/20221012_030000.WAV,Telephone Field,recover-20221013,001,1795
781.9125,781.9488,68437,80866,Rhinolophus ferrumequinum,0.023,0.023,-1,Echolocation,/mnt/ubna_data_02_mir/recover-20221013/UBNA_001/20221012_030000.WAV,Telephone Field,recover-20221013,001,1795
781.9405,781.9762,68437,80927,Rhinolophus ferrumequinum,0.021,0.021,-1,Echolocation,/mnt/ubna_data_02_mir/recover-20221013/UBNA_001/20221012_030000.WAV,Telephone Field,recover-20221013,001,1795
781.9455,781.9552,35781,43067,Barbastellus barbastellus,0.007,0.026,-1,Echolocation,/mnt/ubna_data_02_mir/recover-20221013/UBNA_001/20221012_030000.WAV,Telephone Field,recover-20221013,001,1795
781.9465,781.9552,27187,38938,Eptesicus serotinus,0.008,0.022,-1,Echolocation,/mnt/ubna_data_02_mir/recover-20221013/UBNA_001/20221012_030000.WAV,Telephone Field,recover-20221013,001,1795
781.9555,781.9953,68437,82560,Rhinolophus ferrumequinum,0.022,0.022,-1,Echolocation,/mnt/ubna_data_02_mir/recover-20221013/UBNA_001/20221012_030000.WAV,Telephone Field,recover-20221013,001,1795
781.9785,781.9847,28046,38289,Eptesicus serotinus,0.006,0.026,-1,Echolocation,/mnt/ubna_data_02_mir/recover-20221013/UBNA_001/20221012_030000.WAV,Telephone Field,recover-20221013,001,1795
782.0015,782.011,48671,55992,Pipistrellus pipistrellus,0.014,0.022,-1,Echolocation,/mnt/ubna_data_02_mir/recover-20221013/UBNA_001/20221012_030000.WAV,Telephone Field,recover-20221013,001,1795
782.0015,782.0312,68437,80077,Rhinolophus ferrumequinum,0.021,0.022,-1,Echolocation,/mnt/ubna_data_02_mir/recover-20221013/UBNA_001/20221012_030000.WAV,Telephone Field,recover-20221013,001,1795
782.0015,782.0105,22031,28242,Nyctalus leisleri,0.008,0.025,-1,Echolocation,/mnt/ubna_data_02_mir/recover-20221013/UBNA_001/20221012_030000.WAV,Telephone Field,recover-20221013,001,1795
782.0135,782.054,68437,81904,Rhinolophus ferrumequinum,0.021,0.021,-1,Echolocation,/mnt/ubna_data_02_mir/recover-20221013/UBNA_001/20221012_030000.WAV,Telephone Field,recover-20221013,001,1795
782.0485,782.0905,68437,82781,Rhinolophus ferrumequinum,0.032,0.032,-1,Echolocation,/mnt/ubna_data_02_mir/recover-20221013/UBNA_001/20221012_030000.WAV,Telephone Field,recover-20221013,001,1795
782.0585,782.0984,68437,81410,Rhinolophus ferrumequinum,0.021,0.021,-1,Echolocation,/mnt/ubna_data_02_mir/recover-20221013/UBNA_001/20221012_030000.WAV,Telephone Field,recover-20221013,001,1795
782.0685,782.1104,68437,82707,Rhinolophus ferrumequinum,0.026,0.026,-1,Echolocation,/mnt/ubna_data_02_mir/recover-20221013/UBNA_001/20221012_030000.WAV,Telephone Field,recover-20221013,001,1795
782.0995,782.1374,68437,81634,Rhinolophus ferrumequinum,0.02,0.021,-1,Echolocation,/mnt/ubna_data_02_mir/recover-20221013/UBNA_001/20221012_030000.WAV,Telephone Field,recover-20221013,001,1795
782.1105,782.1473,68437,81736,Rhinolophus ferrumequinum,0.021,0.021,-1,Echolocation,/mnt/ubna_data_02_mir/recover-20221013/UBNA_001/20221012_030000.WAV,Telephone Field,recover-20221013,001,1795
782.1185,782.1271,26328,34959,Eptesicus serotinus,0.011,0.03,-1,Echolocation,/mnt/ubna_data_02_mir/recover-20221013/UBNA_001/20221012_030000.WAV,Telephone Field,recover-20221013,001,1795
782.1835,782.2188,68437,81822,Rhinolophus ferrumequinum,0.022,0.022,-1,Echolocation,/mnt/ubna_data_02_mir/recover-20221013/UBNA_001/20221012_030000.WAV,Telephone Field,recover-20221013,001,1795
782.2095,782.2465,68437,81540,Rhinolophus ferrumequinum,0.024,0.024,-1,Echolocation,/mnt/ubna_data_02_mir/recover-20221013/UBNA_001/20221012_030000.WAV,Telephone Field,recover-20221013,001,1795
782.2135,782.2244,22890,28507,Nyctalus leisleri,0.011,0.023,-1,Echolocation,/mnt/ubna_data_02_mir/recover-20221013/UBNA_001/20221012_030000.WAV,Telephone Field,recover-20221013,001,1795
782.2395,782.2467,27187,38043,Eptesicus serotinus,0.006,0.021,-1,Echolocation,/mnt/ubna_data_02_mir/recover-20221013/UBNA_001/20221012_030000.WAV,Telephone Field,recover-20221013,001,1795
782.2535,782.2645,23750,29824,Nyctalus leisleri,0.01,0.025,-1,Echolocation,/mnt/ubna_data_02_mir/recover-20221013/UBNA_001/20221012_030000.WAV,Telephone Field,recover-20221013,001,1795
782.2625,782.3014,68437,82493,Rhinolophus ferrumequinum,0.021,0.021,-1,Echolocation,/mnt/ubna_data_02_mir/recover-20221013/UBNA_001/20221012_030000.WAV,Telephone Field,recover-20221013,001,1795
782.3005,782.3098,28906,36204,Eptesicus serotinus,0.008,0.024,-1,Echolocation,/mnt/ubna_data_02_mir/recover-20221013/UBNA_001/20221012_030000.WAV,Telephone Field,recover-20221013,001,1795
782.3355,782.3747,68437,82180,Rhinolophus ferrumequinum,0.021,0.021,-1,Echolocation,/mnt/ubna_data_02_mir/recover-20221013/UBNA_001/20221012_030000.WAV,Telephone Field,recover-20221013,001,1795
782.3365,782.3452,28046,38413,Eptesicus serotinus,0.008,0.021,-1,Echolocation,/mnt/ubna_data_02_mir/recover-20221013/UBNA_001/20221012_030000.WAV,Telephone Field,recover-20221013,001,1795
782.3445,782.3807,68437,81708,Rhinolophus ferrumequinum,0.021,0.022,-1,Echolocation,/mnt/ubna_data_02_mir/recover-20221013/UBNA_001/20221012_030000.WAV,Telephone Field,recover-20221013,001,1795
782.3825,782.391,26328,34739,Eptesicus serotinus,0.005,0.021,-1,Echolocation,/mnt/ubna_data_02_mir/recover-20221013/UBNA_001/20221012_030000.WAV,Telephone Field,recover-20221013,001,1795
782.4335,782.4401,28906,38122,Eptesicus serotinus,0.007,0.028,-1,Echolocation,/mnt/ubna_data_02_mir/recover-20221013/UBNA_001/20221012_030000.WAV,Telephone Field,recover-20221013,001,1795
782.4665,782.506,68437,81383,Rhinolophus ferrumequinum,0.024,0.024,-1,Echolocation,/mnt/ubna_data_02_mir/recover-20221013/UBNA_001/20221012_030000.WAV,Telephone Field,recover-20221013,001,1795
782.4995,782.5106,22031,27668,Nyctalus leisleri,0.009,0.027,-1,Echolocation,/mnt/ubna_data_02_mir/recover-20221013/UBNA_001/20221012_030000.WAV,Telephone Field,recover-20221013,001,1795
782.5235,782.5594,68437,81578,Rhinolophus ferrumequinum,0.021,0.021,-1,Echolocation,/mnt/ubna_data_02_mir/recover-20221013/UBNA_001/20221012_030000.WAV,Telephone Field,recover-20221013,001,1795
782.5595,782.5992,68437,81534,Rhinolophus ferrumequinum,0.022,0.022,-1,Echolocation,/mnt/ubna_data_02_mir/recover-20221013/UBNA_001/20221012_030000.WAV,Telephone Field,recover-20221013,001,1795
782.5665,782.576,28046,37665,Eptesicus serotinus,0.009,0.025,-1,Echolocation,/mnt/ubna_data_02_mir/recover-20221013/UBNA_001/20221012_030000.WAV,Telephone Field,recover-20221013,001,1795
782.6005,782.6059,39218,59632,Myotis mystacinus,0.009,0.025,-1,Echolocation,/mnt/ubna_data_02_mir/recover-20221013/UBNA_001/20221012_030000.WAV,Telephone Field,recover-20221013,001,1795
782.6105,782.648,68437,81951,Rhinolophus ferrumequinum,0.024,0.024,-1,Echolocation,/mnt/ubna_data_02_mir/recover-20221013/UBNA_001/20221012_030000.WAV,Telephone Field,recover-20221013,001,1795
782.6165,782.6274,25468,31720,Eptesicus serotinus,0.009,0.022,-1,Echolocation,/mnt/ubna_data_02_mir/recover-20221013/UBNA_001/20221012_030000.WAV,Telephone Field,recover-20221013,001,1795
782.6345,782.6443,28046,38632,Eptesicus serotinus,0.01,0.025,-1,Echolocation,/mnt/ubna_data_02_mir/recover-20221013/UBNA_001/20221012_030000.WAV,Telephone Field,recover-20221013,001,1795
782.6495,782.6893,68437,82011,Rhinolophus ferrumequinum,0.021,0.021,-1,Echolocation,/mnt/ubna_data_02_mir/recover-20221013/UBNA_001/20221012_030000.WAV,Telephone Field,recover-20221013,001,1795
782.6585,782.6675,45234,52630,Pipistrellus pipistrellus,0.016,0.021,-1,Echolocation,/mnt/ubna_data_02_mir/recover-20221013/UBNA_001/20221012_030000.WAV,Telephone Field,recover-20221013,001,1795
782.6845,782.7205,68437,81049,Rhinolophus ferrumequinum,0.021,0.021,-1,Echolocation,/mnt/ubna_data_02_mir/recover-20221013/UBNA_001/20221012_030000.WAV,Telephone Field,recover-20221013,001,1795
782.7645,782.7708,40937,54450,Myotis mystacinus,0.007,0.022,-1,Echolocation,/mnt/ubna_data_02_mir/recover-20221013/UBNA_001/20221012_030000.WAV,Telephone Field,recover-20221013,001,1795
782.8085,782.8168,28046,41603,Eptesicus serotinus,0.008,0.022,-1,Echolocation,/mnt/ubna_data_02_mir/recover-20221013/UBNA_001/20221012_030000.WAV,Telephone Field,recover-20221013,001,1795
782.8165,782.8262,28906,37072,Eptesicus serotinus,0.008,0.022,-1,Echolocation,/mnt/ubna_data_02_mir/recover-20221013/UBNA_001/20221012_030000.WAV,Telephone Field,recover-20221013,001,1795
782.8435,782.8838,68437,82320,Rhinolophus ferrumequinum,0.024,0.024,-1,Echolocation,/mnt/ubna_data_02_mir/recover-20221013/UBNA_001/20221012_030000.WAV,Telephone Field,recover-20221013,001,1795
782.8785,782.8867,28046,36865,Eptesicus serotinus,0.008,0.023,-1,Echolocation,/mnt/ubna_data_02_mir/recover-20221013/UBNA_001/20221012_030000.WAV,Telephone Field,recover-20221013,001,1795
782.9095,782.9177,28046,43004,Eptesicus serotinus,0.006,0.021,-1,Echolocation,/mnt/ubna_data_02_mir/recover-20221013/UBNA_001/20221012_030000.WAV,Telephone Field,recover-20221013,001,1795
782.9185,782.9599,68437,82378,Rhinolophus ferrumequinum,0.024,0.024,-1,Echolocation,/mnt/ubna_data_02_mir/recover-20221013/UBNA_001/20221012_030000.WAV,Telephone Field,recover-20221013,001,1795
782.9235,782.9649,68437,83033,Rhinolophus ferrumequinum,0.024,0.024,-1,Echolocation,/mnt/ubna_data_02_mir/recover-20221013/UBNA_001/20221012_030000.WAV,Telephone Field,recover-20221013,001,1795
782.9685,783.0078,68437,82593,Rhinolophus ferrumequinum,0.031,0.031,-1,Echolocation,/mnt/ubna_data_02_mir/recover-20221013/UBNA_001/20221012_030000.WAV,Telephone Field,recover-20221013,001,1795
782.9695,782.9758,23750,33535,Plecotus austriacus,0.012,0.027,-1,Echolocation,/mnt/ubna_data_02_mir/recover-20221013/UBNA_001/20221012_030000.WAV,Telephone Field,recover-20221013,001,1795
783.0035,783.0383,68437,81537,Rhinolophus ferrumequinum,0.021,0.021,-1,Echolocation,/mnt/ubna_data_02_mir/recover-20221013/UBNA_001/20221012_030000.WAV,Telephone Field,recover-20221013,001,1795
783.0275,783.0679,68437,82584,Rhinolophus ferrumequinum,0.026,0.026,-1,Echolocation,/mnt/ubna_data_02_mir/recover-20221013/UBNA_001/20221012_030000.WAV,Telephone Field,recover-20221013,001,1795
783.0585,783.0682,24609,31530,Nyctalus leisleri,0.008,0.022,-1,Echolocation,/mnt/ubna_data_02_mir/recover-20221013/UBNA_001/20221012_030000.WAV,Telephone Field,recover-20221013,001,1795
783.0665,783.1038,68437,81519,Rhinolophus ferrumequinum,0.025,0.025,-1,Echolocation,/mnt/ubna_data_02_mir/recover-20221013/UBNA_001/20221012_030000.WAV,Telephone Field,recover-20221013,001,1795
783.0895,783.1071,18593,22395,Nyctalus noctula,0.013,0.024,-1,Echolocation,/mnt/ubna_data_02_mir/recover-20221013/UBNA_001/20221012_030000.WAV,Telephone Field,recover-20221013,001,1795
783.1025,783.1419,68437,82003,Rhinolophus ferrumequinum,0.021,0.021,-1,Echolocation,/mnt/ubna_data_02_mir/recover-20221013/UBNA_001/20221012_030000.WAV,Telephone Field,recover-20221013,001,1795
783.1065,783.1182,22031,26064,Nyctalus leisleri,0.013,0.022,-1,Echolocation,/mnt/ubna_data_02_mir/recover-20221013/UBNA_001/20221012_030000.WAV,Telephone Field,recover-20221013,001,1795
783.1355,783.1445,50390,54305,Pipistrellus pipistrellus,0.026,0.029,-1,Echolocation,/mnt/ubna_data_02_mir/recover-20221013/UBNA_001/20221012_030000.WAV,Telephone Field,recover-20221013,001,1795
783.1605,783.1985,68437,82373,Rhinolophus ferrumequinum,0.023,0.023,-1,Echolocation,/mnt/ubna_data_02_mir/recover-20221013/UBNA_001/20221012_030000.WAV,Telephone Field,recover-20221013,001,1795
783.2325,783.2716,68437,81464,Rhinolophus ferrumequinum,0.021,0.021,-1,Echolocation,/mnt/ubna_data_02_mir/recover-20221013/UBNA_001/20221012_030000.WAV,Telephone Field,recover-20221013,001,1795
783.2395,783.2775,68437,82022,Rhinolophus ferrumequinum,0.021,0.021,-1,Echolocation,/mnt/ubna_data_02_mir/recover-20221013/UBNA_001/20221012_030000.WAV,Telephone Field,recover-20221013,001,1795
783.2515,783.2616,28906,36666,Eptesicus serotinus,0.011,0.026,-1,Echolocation,/mnt/ubna_data_02_mir/recover-20221013/UBNA_001/20221012_030000.WAV,Telephone Field,recover-20221013,001,1795
783.2595,783.2989,68437,82164,Rhinolophus ferrumequinum,0.022,0.022,-1,Echolocation,/mnt/ubna_data_02_mir/recover-20221013/UBNA_001/20221012_030000.WAV,Telephone Field,recover-20221013,001,1795
783.2875,783.3289,68437,82705,Rhinolophus ferrumequinum,0.024,0.024,-1,Echolocation,/mnt/ubna_data_02_mir/recover-20221013/UBNA_001/20221012_030000.WAV,Telephone Field,recover-20221013,001,1795
783.3195,783.3619,68437,82502,Rhinolophus ferrumequinum,0.029,0.029,-1,Echolocation,/mnt/ubna_data_02_mir/recover-20221013/UBNA_001/20221012_030000.WAV,Telephone Field,recover-20221013,001,1795
783.3495,783.3878,68437,81963,Rhinolophus ferrumequinum,0.022,0.022,-1,Echolocation,/mnt/ubna_data_02_mir/recover-20221013/UBNA_001/20221012_030000.WAV,Telephone Field,recover-20221013,001,1795
783.3545,783.3654,23750,30533,Nyctalus leisleri,0.008,0.024,-1,Echolocation,/mnt/ubna_data_02_mir/recover-20221013/UBNA_001/20221012_030000.WAV,Telephone Field,recover-20221013,001,1795
783.4015,783.4115,27187,35456,Eptesicus serotinus,0.009,0.022,-1,Echolocation,/mnt/ubna_data_02_mir/recover-20221013/UBNA_001/20221012_030000.WAV,Telephone Field,recover-20221013,001,1795
783.4175,783.4571,68437,82180,Rhinolophus ferrumequinum,0.022,0.023,-1,Echolocation,/mnt/ubna_data_02_mir/recover-20221013/UBNA_001/20221012_030000.WAV,Telephone Field,recover-20221013,001,1795
783.4395,783.4777,68437,82286,Rhinolophus ferrumequinum,0.023,0.023,-1,Echolocation,/mnt/ubna_data_02_mir/recover-20221013/UBNA_001/20221012_030000.WAV,Telephone Field,recover-20221013,001,1795
783.4415,783.4482,24609,39193,Myotis nattereri,0.007,0.025,-1,Echolocation,/mnt/ubna_data_02_mir/recover-20221013/UBNA_001/20221012_030000.WAV,Telephone Field,recover-20221013,001,1795
783.4565,783.4933,68437,81832,Rhinolophus ferrumequinum,0.023,0.023,-1,Echolocation,/mnt/ubna_data_02_mir/recover-20221013/UBNA_001/20221012_030000.WAV,Telephone Field,recover-20221013,001,1795
783.4585,783.4657,45234,57429,Pipistrellus pipistrellus,0.009,0.025,-1,Echolocation,/mnt/ubna_data_02_mir/recover-20221013/UBNA_001/20221012_030000.WAV,Telephone Field,recover-20221013,001,1795
783.5265,783.5374,23750,29015,Nyctalus leisleri,0.014,0.029,-1,Echolocation,/mnt/ubna_data_02_mir/recover-20221013/UBNA_001/20221012_030000.WAV,Telephone Field,recover-20221013,001,1795
783.6035,783.6439,68437,82174,Rhinolophus ferrumequinum,0.023,0.023,-1,Echolocation,/mnt/ubna_data_02_mir/recover-20221013/UBNA_001/20221012_030000.WAV,Telephone Field,recover-20221013,001,1795
783.6115,783.6512,68437,82431,Rhinolophus ferrumequinum,0.021,0.021,-1,Echolocation,/mnt/ubna_data_02_mir/recover-20221013/UBNA_001/20221012_030000.WAV,Telephone Field,recover-20221013,001,1795
783.6215,783.6617,68437,82052,Rhinolophus ferrumequinum,0.023,0.023,-1,Echolocation,/mnt/ubna_data_02_mir/recover-20221013/UBNA_001/20221012_030000.WAV,Telephone Field,recover-20221013,001,1795
783.6225,783.6388,21171,24668,Nyctalus leisleri,0.014,0.023,-1,Echolocation,/mnt/ubna_data_02_mir/recover-20221013/UBNA_001/20221012_030000.WAV,Telephone Field,recover-20221013,001,1795
783.6315,783.6704,68437,82731,Rhinolophus ferrumequinum,0.021,0.021,-1,Echolocation,/mnt/ubna_data_02_mir/recover-20221013/UBNA_001/20221012_030000.WAV,Telephone Field,recover-20221013,001,1795
783.6425,783.6808,68437,81744,Rhinolophus ferrumequinum,0.023,0.023,-1,Echolocation,/mnt/ubna_data_02_mir/recover-20221013/UBNA_001/20221012_030000.WAV,Telephone Field,recover-20221013,001,1795
783.6525,783.6914,68437,82372,Rhinolophus ferrumequinum,0.022,0.022,-1,Echolocation,/mnt/ubna_data_02_mir/recover-20221013/UBNA_001/20221012_030000.WAV,Telephone Field,recover-20221013,001,1795
783.6685,783.6789,28906,35433,Eptesicus serotinus,0.008,0.022,-1,Echolocation,/mnt/ubna_data_02_mir/recover-20221013/UBNA_001/20221012_030000.WAV,Telephone Field,recover-20221013,001,1795
783.7385,783.7788,68437,82194,Rhinolophus ferrumequinum,0.021,0.021,-1,Echolocation,/mnt/ubna_data_02_mir/recover-20221013/UBNA_001/20221012_030000.WAV,Telephone Field,recover-20221013,001,1795
783.7415,783.7517,45234,49410,Pipistrellus pipistrellus,0.026,0.029,-1,Echolocation,/mnt/ubna_data_02_mir/recover-20221013/UBNA_001/20221012_030000.WAV,Telephone Field,recover-20221013,001,1795
783.7425,783.7591,21171,24591,Nyctalus leisleri,0.017,0.029,-1,Echolocation,/mnt/ubna_data_02_mir/recover-20221013/UBNA_001/20221012_030000.WAV,Telephone Field,recover-20221013,001,1795
783.7825,783.8238,68437,82761,Rhinolophus ferrumequinum,0.027,0.027,-1,Echolocation,/mnt/ubna_data_02_mir/recover-20221013/UBNA_001/20221012_030000.WAV,Telephone Field,recover-20221013,001,1795
783.7885,783.7965,26328,37190,Eptesicus serotinus,0.006,0.021,-1,Echolocation,/mnt/ubna_data_02_mir/recover-20221013/UBNA_001/20221012_030000.WAV,Telephone Field,recover-20221013,001,1795
783.8095,783.818,28046,36954,Eptesicus serotinus,0.007,0.021,-1,Echolocation,/mnt/ubna_data_02_mir/recover-20221013/UBNA_001/20221012_030000.WAV,Telephone Field,recover-20221013,001,1795
783.8265,783.8656,68437,82401,Rhinolophus ferrumequinum,0.024,0.024,-1,Echolocation,/mnt/ubna_data_02_mir/recover-20221013/UBNA_001/20221012_030000.WAV,Telephone Field,recover-20221013,001,1795
783.8755,783.9135,68437,81720,Rhinolophus ferrumequinum,0.022,0.022,-1,Echolocation,/mnt/ubna_data_02_mir/recover-20221013/UBNA_001/20221012_030000.WAV,Telephone Field,recover-20221013,001,1795
783.8855,783.9234,68437,82392,Rhinolophus ferrumequinum,0.022,0.022,-1,Echolocation,/mnt/ubna_data_02_mir/recover-20221013/UBNA_001/20221012_030000.WAV,Telephone Field,recover-20221013,001,1795
783.9105,783.9182,28046,41240,Eptesicus serotinus,0.007,0.022,-1,Echolocation,/mnt/ubna_data_02_mir/recover-20221013/UBNA_001/20221012_030000.WAV,Telephone Field,recover-20221013,001,1795
783.9335,783.9735,68437,82163,Rhinolophus ferrumequinum,0.024,0.024,-1,Echolocation,/mnt/ubna_data_02_mir/recover-20221013/UBNA_001/20221012_030000.WAV,Telephone Field,recover-20221013,001,1795
783.9475,783.9543,28046,54079,Myotis daubentonii,0.008,0.021,-1,Echolocation,/mnt/ubna_data_02_mir/recover-20221013/UBNA_001/20221012_030000.WAV,Telephone Field,recover-20221013,001,1795
783.9825,783.9929,28046,36989,Eptesicus serotinus,0.011,0.028,-1,Echolocation,/mnt/ubna_data_02_mir/recover-20221013/UBNA_001/20221012_030000.WAV,Telephone Field,recover-20221013,001,1795
784.0015,784.0116,47812,52416,Pipistrellus pipistrellus,0.017,0.022,-1,Echolocation,/mnt/ubna_data_02_mir/recover-20221013/UBNA_001/20221012_030000.WAV,Telephone Field,recover-20221013,001,1795
784.0015,784.0374,68437,80254,Rhinolophus ferrumequinum,0.044,0.044,-1,Echolocation,/mnt/ubna_data_02_mir/recover-20221013/UBNA_001/20221012_030000.WAV,Telephone Field,recover-20221013,001,1795
784.0015,784.0111,22031,27766,Nyctalus leisleri,0.018,0.037,-1,Echolocation,/mnt/ubna_data_02_mir/recover-20221013/UBNA_001/20221012_030000.WAV,Telephone Field,recover-20221013,001,1795
784.0085,784.0555,68437,83632,Rhinolophus ferrumequinum,0.051,0.051,-1,Echolocation,/mnt/ubna_data_02_mir/recover-20221013/UBNA_001/20221012_030000.WAV,Telephone Field,recover-20221013,001,1795
784.0355,784.0755,68437,82451,Rhinolophus ferrumequinum,0.023,0.023,-1,Echolocation,/mnt/ubna_data_02_mir/recover-20221013/UBNA_001/20221012_030000.WAV,Telephone Field,recover-20221013,001,1795
784.0365,784.0456,22890,30276,Plecotus austriacus,0.011,0.028,-1,Echolocation,/mnt/ubna_data_02_mir/recover-20221013/UBNA_001/20221012_030000.WAV,Telephone Field,recover-20221013,001,1795
784.0515,784.0877,68437,81518,Rhinolophus ferrumequinum,0.024,0.024,-1,Echolocation,/mnt/ubna_data_02_mir/recover-20221013/UBNA_001/20221012_030000.WAV,Telephone Field,recover-20221013,001,1795
784.0685,784.0771,27187,36628,Eptesicus serotinus,0.008,0.022,-1,Echolocation,/mnt/ubna_data_02_mir/recover-20221013/UBNA_001/20221012_030000.WAV,Telephone Field,recover-20221013,001,1795
784.0725,784.1138,68437,83094,Rhinolophus ferrumequinum,0.028,0.028,-1,Echolocation,/mnt/ubna_data_02_mir/recover-20221013/UBNA_001/20221012_030000.WAV,Telephone Field,recover-20221013,001,1795
784.1035,784.144,68437,82368,Rhinolophus ferrumequinum,0.023,0.023,-1,Echolocation,/mnt/ubna_data_02_mir/recover-20221013/UBNA_001/20221012_030000.WAV,Telephone Field,recover-20221013,001,1795
784.1075,784.1168,46093,49254,Pipistrellus pipistrellus,0.038,0.041,-1,Echolocation,/mnt/ubna_data_02_mir/recover-20221013/UBNA_001/20221012_030000.WAV,Telephone Field,recover-20221013,001,1795
784.1555,784.1934,68437,81838,Rhinolophus ferrumequinum,0.023,0.023,-1,Echolocation,/mnt/ubna_data_02_mir/recover-20221013/UBNA_001/20221012_030000.WAV,Telephone Field,recover-20221013,001,1795
784.1905,784.2008,22890,29649,Nyctalus leisleri,0.01,0.03,-1,Echolocation,/mnt/ubna_data_02_mir/recover-20221013/UBNA_001/20221012_030000.WAV,Telephone Field,recover-20221013,001,1795
784.2065,784.2157,28046,40122,Eptesicus serotinus,0.009,0.023,-1,Echolocation,/mnt/ubna_data_02_mir/recover-20221013/UBNA_001/20221012_030000.WAV,Telephone Field,recover-20221013,001,1795
784.2185,784.2556,68437,82282,Rhinolophus ferrumequinum,0.022,0.022,-1,Echolocation,/mnt/ubna_data_02_mir/recover-20221013/UBNA_001/20221012_030000.WAV,Telephone Field,recover-20221013,001,1795
784.2535,784.2709,22890,26619,Nyctalus leisleri,0.027,0.046,-1,Echolocation,/mnt/ubna_data_02_mir/recover-20221013/UBNA_001/20221012_030000.WAV,Telephone Field,recover-20221013,001,1795
784.2615,784.2697000000001,44375,48736,Pipistrellus pipistrellus,0.024,0.026,-1,Echolocation,/mnt/ubna_data_02_mir/recover-20221013/UBNA_001/20221012_030000.WAV,Telephone Field,recover-20221013,001,1795
784.2645,784.2752,23750,28805,Nyctalus leisleri,0.015,0.032,-1,Echolocation,/mnt/ubna_data_02_mir/recover-20221013/UBNA_001/20221012_030000.WAV,Telephone Field,recover-20221013,001,1795
784.3105,784.3299,18593,21705,Nyctalus noctula,0.012,0.023,-1,Echolocation,/mnt/ubna_data_02_mir/recover-20221013/UBNA_001/20221012_030000.WAV,Telephone Field,recover-20221013,001,1795
784.3265,784.3643,68437,81778,Rhinolophus ferrumequinum,0.024,0.024,-1,Echolocation,/mnt/ubna_data_02_mir/recover-20221013/UBNA_001/20221012_030000.WAV,Telephone Field,recover-20221013,001,1795
784.3325,784.3524,21171,24592,Nyctalus leisleri,0.028,0.045,-1,Echolocation,/mnt/ubna_data_02_mir/recover-20221013/UBNA_001/20221012_030000.WAV,Telephone Field,recover-20221013,001,1795
784.3815,784.4227,68437,83069,Rhinolophus ferrumequinum,0.028,0.028,-1,Echolocation,/mnt/ubna_data_02_mir/recover-20221013/UBNA_001/20221012_030000.WAV,Telephone Field,recover-20221013,001,1795
784.4215,784.4655,68437,83076,Rhinolophus ferrumequinum,0.037,0.037,-1,Echolocation,/mnt/ubna_data_02_mir/recover-20221013/UBNA_001/20221012_030000.WAV,Telephone Field,recover-20221013,001,1795
784.4225,784.4294,24609,35384,Plecotus austriacus,0.01,0.029,-1,Echolocation,/mnt/ubna_data_02_mir/recover-20221013/UBNA_001/20221012_030000.WAV,Telephone Field,recover-20221013,001,1795
784.4445,784.4857,68437,82648,Rhinolophus ferrumequinum,0.029,0.029,-1,Echolocation,/mnt/ubna_data_02_mir/recover-20221013/UBNA_001/20221012_030000.WAV,Telephone Field,recover-20221013,001,1795
784.4815,784.5208,68437,82116,Rhinolophus ferrumequinum,0.026,0.026,-1,Echolocation,/mnt/ubna_data_02_mir/recover-20221013/UBNA_001/20221012_030000.WAV,Telephone Field,recover-20221013,001,1795
784.4895,784.5265,68437,81940,Rhinolophus ferrumequinum,0.023,0.023,-1,Echolocation,/mnt/ubna_data_02_mir/recover-20221013/UBNA_001/20221012_030000.WAV,Telephone Field,recover-20221013,001,1795
784.4985,784.5066,27187,36247,Eptesicus serotinus,0.009,0.024,-1,Echolocation,/mnt/ubna_data_02_mir/recover-20221013/UBNA_001/20221012_030000.WAV,Telephone Field,recover-20221013,001,1795
784.4985,784.5346,68437,81715,Rhinolophus ferrumequinum,0.022,0.022,-1,Echolocation,/mnt/ubna_data_02_mir/recover-20221013/UBNA_001/20221012_030000.WAV,Telephone Field,recover-20221013,001,1795
784.5055,784.5427,68437,81582,Rhinolophus ferrumequinum,0.024,0.024,-1,Echolocation,/mnt/ubna_data_02_mir/recover-20221013/UBNA_001/20221012_030000.WAV,Telephone Field,recover-20221013,001,1795
784.5435,784.552,28046,40985,Eptesicus serotinus,0.009,0.026,-1,Echolocation,/mnt/ubna_data_02_mir/recover-20221013/UBNA_001/20221012_030000.WAV,Telephone Field,recover-20221013,001,1795
784.5445,784.5887,68437,83056,Rhinolophus ferrumequinum,0.074,0.074,-1,Echolocation,/mnt/ubna_data_02_mir/recover-20221013/UBNA_001/20221012_030000.WAV,Telephone Field,recover-20221013,001,1795
784.5595,784.5953,68437,82248,Rhinolophus ferrumequinum,0.022,0.022,-1,Echolocation,/mnt/ubna_data_02_mir/recover-20221013/UBNA_001/20221012_030000.WAV,Telephone Field,recover-20221013,001,1795
784.5835,784.6222,68437,81701,Rhinolophus ferrumequinum,0.028,0.028,-1,Echolocation,/mnt/ubna_data_02_mir/recover-20221013/UBNA_001/20221012_030000.WAV,Telephone Field,recover-20221013,001,1795
784.6475,784.6858,68437,82129,Rhinolophus ferrumequinum,0.024,0.024,-1,Echolocation,/mnt/ubna_data_02_mir/recover-20221013/UBNA_001/20221012_030000.WAV,Telephone Field,recover-20221013,001,1795
784.6595,784.6975,68437,81351,Rhinolophus ferrumequinum,0.024,0.024,-1,Echolocation,/mnt/ubna_data_02_mir/recover-20221013/UBNA_001/20221012_030000.WAV,Telephone Field,recover-20221013,001,1795
784.6695,784.7075,68437,82328,Rhinolophus ferrumequinum,0.022,0.022,-1,Echolocation,/mnt/ubna_data_02_mir/recover-20221013/UBNA_001/20221012_030000.WAV,Telephone Field,recover-20221013,001,1795
784.6815,784.6931,25468,31492,Nyctalus leisleri,0.013,0.031,-1,Echolocation,/mnt/ubna_data_02_mir/recover-20221013/UBNA_001/20221012_030000.WAV,Telephone Field,recover-20221013,001,1795
784.6935,784.7302,68437,81786,Rhinolophus ferrumequinum,0.022,0.022,-1,Echolocation,/mnt/ubna_data_02_mir/recover-20221013/UBNA_001/20221012_030000.WAV,Telephone Field,recover-20221013,001,1795
784.6995,784.7066,27187,37421,Eptesicus serotinus,0.006,0.022,-1,Echolocation,/mnt/ubna_data_02_mir/recover-20221013/UBNA_001/20221012_030000.WAV,Telephone Field,recover-20221013,001,1795
784.7145,784.755,68437,82594,Rhinolophus ferrumequinum,0.029,0.029,-1,Echolocation,/mnt/ubna_data_02_mir/recover-20221013/UBNA_001/20221012_030000.WAV,Telephone Field,recover-20221013,001,1795
784.7325,784.7744,68437,83172,Rhinolophus ferrumequinum,0.025,0.025,-1,Echolocation,/mnt/ubna_data_02_mir/recover-20221013/UBNA_001/20221012_030000.WAV,Telephone Field,recover-20221013,001,1795
784.7345,784.7424,47812,54901,Pipistrellus pipistrellus,0.02,0.022,-1,Echolocation,/mnt/ubna_data_02_mir/recover-20221013/UBNA_001/20221012_030000.WAV,Telephone Field,recover-20221013,001,1795
784.7555,784.7657,23750,30431,Nyctalus leisleri,0.009,0.022,-1,Echolocation,/mnt/ubna_data_02_mir/recover-20221013/UBNA_001/20221012_030000.WAV,Telephone Field,recover-20221013,001,1795
784.7595,784.8033,68437,83451,Rhinolophus ferrumequinum,0.046,0.046,-1,Echolocation,/mnt/ubna_data_02_mir/recover-20221013/UBNA_001/20221012_030000.WAV,Telephone Field,recover-20221013,001,1795
784.7645,784.784,17734,21551,Nyctalus noctula,0.016,0.023,-1,Echolocation,/mnt/ubna_data_02_mir/recover-20221013/UBNA_001/20221012_030000.WAV,Telephone Field,recover-20221013,001,1795
784.7795,784.7908,28906,36865,Eptesicus serotinus,0.011,0.024,-1,Echolocation,/mnt/ubna_data_02_mir/recover-20221013/UBNA_001/20221012_030000.WAV,Telephone Field,recover-20221013,001,1795
784.7805,784.8186,68437,82053,Rhinolophus ferrumequinum,0.026,0.026,-1,Echolocation,/mnt/ubna_data_02_mir/recover-20221013/UBNA_001/20221012_030000.WAV,Telephone Field,recover-20221013,001,1795
784.7975,784.8379,68437,82687,Rhinolophus ferrumequinum,0.025,0.025,-1,Echolocation,/mnt/ubna_data_02_mir/recover-20221013/UBNA_001/20221012_030000.WAV,Telephone Field,recover-20221013,001,1795
784.8105,784.8213,55546,59396,Pipistrellus pygmaeus,0.026,0.029,-1,Echolocation,/mnt/ubna_data_02_mir/recover-20221013/UBNA_001/20221012_030000.WAV,Telephone Field,recover-20221013,001,1795
784.8595,784.8939,68437,80743,Rhinolophus ferrumequinum,0.024,0.024,-1,Echolocation,/mnt/ubna_data_02_mir/recover-20221013/UBNA_001/20221012_030000.WAV,Telephone Field,recover-20221013,001,1795
784.8775,784.9157,68437,81532,Rhinolophus ferrumequinum,0.022,0.022,-1,Echolocation,/mnt/ubna_data_02_mir/recover-20221013/UBNA_001/20221012_030000.WAV,Telephone Field,recover-20221013,001,1795
784.8815,784.8971,20312,23094,Nyctalus leisleri,0.014,0.023,-1,Echolocation,/mnt/ubna_data_02_mir/recover-20221013/UBNA_001/20221012_030000.WAV,Telephone Field,recover-20221013,001,1795
784.8935,784.9312,68437,82143,Rhinolophus ferrumequinum,0.023,0.023,-1,Echolocation,/mnt/ubna_data_02_mir/recover-20221013/UBNA_001/20221012_030000.WAV,Telephone Field,recover-20221013,001,1795
784.9175,784.9553,68437,82322,Rhinolophus ferrumequinum,0.022,0.022,-1,Echolocation,/mnt/ubna_data_02_mir/recover-20221013/UBNA_001/20221012_030000.WAV,Telephone Field,recover-20221013,001,1795
784.9205,784.9268,27187,40162,Eptesicus serotinus,0.006,0.025,-1,Echolocation,/mnt/ubna_data_02_mir/recover-20221013/UBNA_001/20221012_030000.WAV,Telephone Field,recover-20221013,001,1795
784.9455,784.9555,22031,27933,Nyctalus leisleri,0.009,0.024,-1,Echolocation,/mnt/ubna_data_02_mir/recover-20221013/UBNA_001/20221012_030000.WAV,Telephone Field,recover-20221013,001,1795
784.9705,785.009,68437,81781,Rhinolophus ferrumequinum,0.024,0.024,-1,Echolocation,/mnt/ubna_data_02_mir/recover-20221013/UBNA_001/20221012_030000.WAV,Telephone Field,recover-20221013,001,1795
784.9745,784.9852,22890,30325,Nyctalus leisleri,0.01,0.03,-1,Echolocation,/mnt/ubna_data_02_mir/recover-20221013/UBNA_001/20221012_030000.WAV,Telephone Field,recover-20221013,001,1795
785.0075,785.0454,68437,82038,Rhinolophus ferrumequinum,0.025,0.025,-1,Echolocation,/mnt/ubna_data_02_mir/recover-20221013/UBNA_001/20221012_030000.WAV,Telephone Field,recover-20221013,001,1795
785.0105,785.0162,27187,49363,Myotis nattereri,0.008,0.026,-1,Echolocation,/mnt/ubna_data_02_mir/recover-20221013/UBNA_001/20221012_030000.WAV,Telephone Field,recover-20221013,001,1795
785.0105,785.0155,36640,54454,Myotis daubentonii,0.007,0.023,-1,Echolocation,/mnt/ubna_data_02_mir/recover-20221013/UBNA_001/20221012_030000.WAV,Telephone Field,recover-20221013,001,1795
785.0235,785.0296,39218,46640,Myotis daubentonii,0.012,0.025,-1,Echolocation,/mnt/ubna_data_02_mir/recover-20221013/UBNA_001/20221012_030000.WAV,Telephone Field,recover-20221013,001,1795
785.0505,785.0599,28906,39579,Eptesicus serotinus,0.01,0.026,-1,Echolocation,/mnt/ubna_data_02_mir/recover-20221013/UBNA_001/20221012_030000.WAV,Telephone Field,recover-20221013,001,1795
785.1105,785.1454,68437,81120,Rhinolophus ferrumequinum,0.022,0.022,-1,Echolocation,/mnt/ubna_data_02_mir/recover-20221013/UBNA_001/20221012_030000.WAV,Telephone Field,recover-20221013,001,1795
785.1175,785.1535,68437,81615,Rhinolophus ferrumequinum,0.022,0.022,-1,Echolocation,/mnt/ubna_data_02_mir/recover-20221013/UBNA_001/20221012_030000.WAV,Telephone Field,recover-20221013,001,1795
785.1185,785.1391,16875,20611,Nyctalus noctula,0.017,0.025,-1,Echolocation,/mnt/ubna_data_02_mir/recover-20221013/UBNA_001/20221012_030000.WAV,Telephone Field,recover-20221013,001,1795
785.1275,785.1656,68437,81679,Rhinolophus ferrumequinum,0.025,0.025,-1,Echolocation,/mnt/ubna_data_02_mir/recover-20221013/UBNA_001/20221012_030000.WAV,Telephone Field,recover-20221013,001,1795
785.1355,785.1439,28046,39017,Eptesicus serotinus,0.008,0.024,-1,Echolocation,/mnt/ubna_data_02_mir/recover-20221013/UBNA_001/20221012_030000.WAV,Telephone Field,recover-20221013,001,1795
785.1375,785.1779,68437,82089,Rhinolophus ferrumequinum,0.022,0.022,-1,Echolocation,/mnt/ubna_data_02_mir/recover-20221013/UBNA_001/20221012_030000.WAV,Telephone Field,recover-20221013,001,1795
785.1675,785.1832,28906,33784,Eptesicus serotinus,0.026,0.043,-1,Echolocation,/mnt/ubna_data_02_mir/recover-20221013/UBNA_001/20221012_030000.WAV,Telephone Field,recover-20221013,001,1795
785.1945,785.205,30625,38101,Eptesicus serotinus,0.007,0.022,-1,Echolocation,/mnt/ubna_data_02_mir/recover-20221013/UBNA_001/20221012_030000.WAV,Telephone Field,recover-20221013,001,1795
785.2115,785.2246,22031,25854,Nyctalus leisleri,0.014,0.024,-1,Echolocation,/mnt/ubna_data_02_mir/recover-20221013/UBNA_001/20221012_030000.WAV,Telephone Field,recover-20221013,001,1795
785.2145,785.2546,68437,82423,Rhinolophus ferrumequinum,0.028,0.028,-1,Echolocation,/mnt/ubna_data_02_mir/recover-20221013/UBNA_001/20221012_030000.WAV,Telephone Field,recover-20221013,001,1795
785.2365,785.2437,28046,37231,Eptesicus serotinus,0.006,0.023,-1,Echolocation,/mnt/ubna_data_02_mir/recover-20221013/UBNA_001/20221012_030000.WAV,Telephone Field,recover-20221013,001,1795
785.2735,785.3134,68437,83072,Rhinolophus ferrumequinum,0.023,0.023,-1,Echolocation,/mnt/ubna_data_02_mir/recover-20221013/UBNA_001/20221012_030000.WAV,Telephone Field,recover-20221013,001,1795
785.3135,785.3276,32343,36507,Pipistrellus nathusii,0.012,0.04,-1,Echolocation,/mnt/ubna_data_02_mir/recover-20221013/UBNA_001/20221012_030000.WAV,Telephone Field,recover-20221013,001,1795
785.3225,785.3585,68437,81337,Rhinolophus ferrumequinum,0.024,0.024,-1,Echolocation,/mnt/ubna_data_02_mir/recover-20221013/UBNA_001/20221012_030000.WAV,Telephone Field,recover-20221013,001,1795
785.3345,785.376,68437,82206,Rhinolophus ferrumequinum,0.026,0.026,-1,Echolocation,/mnt/ubna_data_02_mir/recover-20221013/UBNA_001/20221012_030000.WAV,Telephone Field,recover-20221013,001,1795
785.3395,785.3472,26328,35393,Eptesicus serotinus,0.011,0.036,-1,Echolocation,/mnt/ubna_data_02_mir/recover-20221013/UBNA_001/20221012_030000.WAV,Telephone Field,recover-20221013,001,1795
785.3765,785.3889,22890,27752,Nyctalus leisleri,0.014,0.025,-1,Echolocation,/mnt/ubna_data_02_mir/recover-20221013/UBNA_001/20221012_030000.WAV,Telephone Field,recover-20221013,001,1795
785.3885,785.4246,68437,82343,Rhinolophus ferrumequinum,0.025,0.025,-1,Echolocation,/mnt/ubna_data_02_mir/recover-20221013/UBNA_001/20221012_030000.WAV,Telephone Field,recover-20221013,001,1795
785.4025,785.4094,27187,40120,Eptesicus serotinus,0.007,0.025,-1,Echolocation,/mnt/ubna_data_02_mir/recover-20221013/UBNA_001/20221012_030000.WAV,Telephone Field,recover-20221013,001,1795
785.4375,785.4451,28046,38498,Eptesicus serotinus,0.007,0.022,-1,Echolocation,/mnt/ubna_data_02_mir/recover-20221013/UBNA_001/20221012_030000.WAV,Telephone Field,recover-20221013,001,1795
785.4695,785.4814,22031,26673,Nyctalus leisleri,0.012,0.023,-1,Echolocation,/mnt/ubna_data_02_mir/recover-20221013/UBNA_001/20221012_030000.WAV,Telephone Field,recover-20221013,001,1795
785.5025,785.5102,28046,40751,Eptesicus serotinus,0.007,0.023,-1,Echolocation,/mnt/ubna_data_02_mir/recover-20221013/UBNA_001/20221012_030000.WAV,Telephone Field,recover-20221013,001,1795
785.5095,785.5531,68437,83424,Rhinolophus ferrumequinum,0.032,0.032,-1,Echolocation,/mnt/ubna_data_02_mir/recover-20221013/UBNA_001/20221012_030000.WAV,Telephone Field,recover-20221013,001,1795
785.6125,785.6533,68437,82297,Rhinolophus ferrumequinum,0.022,0.022,-1,Echolocation,/mnt/ubna_data_02_mir/recover-20221013/UBNA_001/20221012_030000.WAV,Telephone Field,recover-20221013,001,1795
785.6265,785.6346,23750,31700,Plecotus austriacus,0.006,0.022,-1,Echolocation,/mnt/ubna_data_02_mir/recover-20221013/UBNA_001/20221012_030000.WAV,Telephone Field,recover-20221013,001,1795
785.6305,785.6665,68437,81259,Rhinolophus ferrumequinum,0.023,0.023,-1,Echolocation,/mnt/ubna_data_02_mir/recover-20221013/UBNA_001/20221012_030000.WAV,Telephone Field,recover-20221013,001,1795
785.6465,785.6562,28046,37518,Eptesicus serotinus,0.011,0.027,-1,Echolocation,/mnt/ubna_data_02_mir/recover-20221013/UBNA_001/20221012_030000.WAV,Telephone Field,recover-20221013,001,1795
785.6525,785.6901,68437,82002,Rhinolophus ferrumequinum,0.024,0.024,-1,Echolocation,/mnt/ubna_data_02_mir/recover-20221013/UBNA_001/20221012_030000.WAV,Telephone Field,recover-20221013,001,1795
785.6925,785.7333,68437,83071,Rhinolophus ferrumequinum,0.027,0.027,-1,Echolocation,/mnt/ubna_data_02_mir/recover-20221013/UBNA_001/20221012_030000.WAV,Telephone Field,recover-20221013,001,1795
785.6935,785.6979,40937,56853,Myotis mystacinus,0.016,0.044,-1,Echolocation,/mnt/ubna_data_02_mir/recover-20221013/UBNA_001/20221012_030000.WAV,Telephone Field,recover-20221013,001,1795
785.7155,785.7551,68437,82375,Rhinolophus ferrumequinum,0.027,0.028,-1,Echolocation,/mnt/ubna_data_02_mir/recover-20221013/UBNA_001/20221012_030000.WAV,Telephone Field,recover-20221013,001,1795
785.7335,785.7439,42656,46447,Pipistrellus pipistrellus,0.018,0.022,-1,Echolocation,/mnt/ubna_data_02_mir/recover-20221013/UBNA_001/20221012_030000.WAV,Telephone Field,recover-20221013,001,1795
785.7645,785.7778,22890,27329,Nyctalus leisleri,0.015,0.026,-1,Echolocation,/mnt/ubna_data_02_mir/recover-20221013/UBNA_001/20221012_030000.WAV,Telephone Field,recover-20221013,001,1795
785.7745,785.8106,68437,81490,Rhinolophus ferrumequinum,0.024,0.024,-1,Echolocation,/mnt/ubna_data_02_mir/recover-20221013/UBNA_001/20221012_030000.WAV,Telephone Field,recover-20221013,001,1795
785.7785,785.7854,27187,46616,Eptesicus serotinus,0.007,0.024,-1,Echolocation,/mnt/ubna_data_02_mir/recover-20221013/UBNA_001/20221012_030000.WAV,Telephone Field,recover-20221013,001,1795
785.8355,785.8421,28046,40651,Eptesicus serotinus,0.008,0.034,-1,Echolocation,/mnt/ubna_data_02_mir/recover-20221013/UBNA_001/20221012_030000.WAV,Telephone Field,recover-20221013,001,1795
785.8855,785.9231,68437,81719,Rhinolophus ferrumequinum,0.024,0.024,-1,Echolocation,/mnt/ubna_data_02_mir/recover-20221013/UBNA_001/20221012_030000.WAV,Telephone Field,recover-20221013,001,1795
785.8895,785.899,28046,40806,Eptesicus serotinus,0.012,0.032,-1,Echolocation,/mnt/ubna_data_02_mir/recover-20221013/UBNA_001/20221012_030000.WAV,Telephone Field,recover-20221013,001,1795
785.9735,785.9799,31484,45334,Myotis daubentonii,0.013,0.028,-1,Echolocation,/mnt/ubna_data_02_mir/recover-20221013/UBNA_001/20221012_030000.WAV,Telephone Field,recover-20221013,001,1795
786.0015,786.0357,69296,81017,Rhinolophus ferrumequinum,0.037,0.037,-1,Echolocation,/mnt/ubna_data_02_mir/recover-20221013/UBNA_001/20221012_030000.WAV,Telephone Field,recover-20221013,001,1795
786.0015,786.0113,22031,27764,Nyctalus leisleri,0.01,0.024,-1,Echolocation,/mnt/ubna_data_02_mir/recover-20221013/UBNA_001/20221012_030000.WAV,Telephone Field,recover-20221013,001,1795
786.0015,786.0109,27187,35121,Eptesicus serotinus,0.009,0.025,-1,Echolocation,/mnt/ubna_data_02_mir/recover-20221013/UBNA_001/20221012_030000.WAV,Telephone Field,recover-20221013,001,1795
786.0195,786.0588,68437,82383,Rhinolophus ferrumequinum,0.022,0.022,-1,Echolocation,/mnt/ubna_data_02_mir/recover-20221013/UBNA_001/20221012_030000.WAV,Telephone Field,recover-20221013,001,1795
786.0435,786.0516,28046,40493,Eptesicus serotinus,0.007,0.021,-1,Echolocation,/mnt/ubna_data_02_mir/recover-20221013/UBNA_001/20221012_030000.WAV,Telephone Field,recover-20221013,001,1795
786.0615,786.0799,21171,24304,Nyctalus leisleri,0.018,0.031,-1,Echolocation,/mnt/ubna_data_02_mir/recover-20221013/UBNA_001/20221012_030000.WAV,Telephone Field,recover-20221013,001,1795
786.0665,786.1065,68437,82470,Rhinolophus ferrumequinum,0.026,0.026,-1,Echolocation,/mnt/ubna_data_02_mir/recover-20221013/UBNA_001/20221012_030000.WAV,Telephone Field,recover-20221013,001,1795
786.0835,786.0929,15156,21006,Nyctalus noctula,0.009,0.024,-1,Echolocation,/mnt/ubna_data_02_mir/recover-20221013/UBNA_001/20221012_030000.WAV,Telephone Field,recover-20221013,001,1795
786.0915,786.1325,68437,82499,Rhinolophus ferrumequinum,0.028,0.028,-1,Echolocation,/mnt/ubna_data_02_mir/recover-20221013/UBNA_001/20221012_030000.WAV,Telephone Field,recover-20221013,001,1795
786.1265,786.1346,26328,37826,Eptesicus serotinus,0.007,0.021,-1,Echolocation,/mnt/ubna_data_02_mir/recover-20221013/UBNA_001/20221012_030000.WAV,Telephone Field,recover-20221013,001,1795
786.1725,786.2102,68437,81401,Rhinolophus ferrumequinum,0.023,0.023,-1,Echolocation,/mnt/ubna_data_02_mir/recover-20221013/UBNA_001/20221012_030000.WAV,Telephone Field,recover-20221013,001,1795
786.1995,786.2445,68437,83157,Rhinolophus ferrumequinum,0.038,0.038,-1,Echolocation,/mnt/ubna_data_02_mir/recover-20221013/UBNA_001/20221012_030000.WAV,Telephone Field,recover-20221013,001,1795
786.2075,786.2148,28906,40220,Eptesicus serotinus,0.006,0.022,-1,Echolocation,/mnt/ubna_data_02_mir/recover-20221013/UBNA_001/20221012_030000.WAV,Telephone Field,recover-20221013,001,1795
786.2235,786.2604,68437,82082,Rhinolophus ferrumequinum,0.023,0.023,-1,Echolocation,/mnt/ubna_data_02_mir/recover-20221013/UBNA_001/20221012_030000.WAV,Telephone Field,recover-20221013,001,1795
786.2435,786.2792,68437,80664,Rhinolophus ferrumequinum,0.039,0.039,-1,Echolocation,/mnt/ubna_data_02_mir/recover-20221013/UBNA_001/20221012_030000.WAV,Telephone Field,recover-20221013,001,1795
786.2465,786.2539,27187,38687,Eptesicus serotinus,0.007,0.023,-1,Echolocation,/mnt/ubna_data_02_mir/recover-20221013/UBNA_001/20221012_030000.WAV,Telephone Field,recover-20221013,001,1795
786.2655,786.3058,68437,82549,Rhinolophus ferrumequinum,0.026,0.026,-1,Echolocation,/mnt/ubna_data_02_mir/recover-20221013/UBNA_001/20221012_030000.WAV,Telephone Field,recover-20221013,001,1795
786.2825,786.2943,24609,29901,Nyctalus leisleri,0.017,0.039,-1,Echolocation,/mnt/ubna_data_02_mir/recover-20221013/UBNA_001/20221012_030000.WAV,Telephone Field,recover-20221013,001,1795
786.3035,786.3121,28046,37055,Eptesicus serotinus,0.008,0.021,-1,Echolocation,/mnt/ubna_data_02_mir/recover-20221013/UBNA_001/20221012_030000.WAV,Telephone Field,recover-20221013,001,1795
786.3115,786.3474,68437,82273,Rhinolophus ferrumequinum,0.023,0.023,-1,Echolocation,/mnt/ubna_data_02_mir/recover-20221013/UBNA_001/20221012_030000.WAV,Telephone Field,recover-20221013,001,1795
786.3445,786.3517,23750,32647,Plecotus austriacus,0.013,0.03,-1,Echolocation,/mnt/ubna_data_02_mir/recover-20221013/UBNA_001/20221012_030000.WAV,Telephone Field,recover-20221013,001,1795
786.3535,786.3689,33203,37283,Pipistrellus nathusii,0.019,0.046,-1,Echolocation,/mnt/ubna_data_02_mir/recover-20221013/UBNA_001/20221012_030000.WAV,Telephone Field,recover-20221013,001,1795
786.3585,786.393,68437,81462,Rhinolophus ferrumequinum,0.022,0.022,-1,Echolocation,/mnt/ubna_data_02_mir/recover-20221013/UBNA_001/20221012_030000.WAV,Telephone Field,recover-20221013,001,1795
786.3725,786.4161,68437,83407,Rhinolophus ferrumequinum,0.032,0.032,-1,Echolocation,/mnt/ubna_data_02_mir/recover-20221013/UBNA_001/20221012_030000.WAV,Telephone Field,recover-20221013,001,1795
786.3945,786.4335,68437,81575,Rhinolophus ferrumequinum,0.024,0.024,-1,Echolocation,/mnt/ubna_data_02_mir/recover-20221013/UBNA_001/20221012_030000.WAV,Telephone Field,recover-20221013,001,1795
786.4145,786.4229,44375,49302,Pipistrellus pipistrellus,0.021,0.024,-1,Echolocation,/mnt/ubna_data_02_mir/recover-20221013/UBNA_001/20221012_030000.WAV,Telephone Field,recover-20221013,001,1795
786.4375,786.4783,68437,82936,Rhinolophus ferrumequinum,0.028,0.028,-1,Echolocation,/mnt/ubna_data_02_mir/recover-20221013/UBNA_001/20221012_030000.WAV,Telephone Field,recover-20221013,001,1795
786.4635,786.5013,68437,81503,Rhinolophus ferrumequinum,0.028,0.028,-1,Echolocation,/mnt/ubna_data_02_mir/recover-20221013/UBNA_001/20221012_030000.WAV,Telephone Field,recover-20221013,001,1795
786.4735,786.5124,68437,82550,Rhinolophus ferrumequinum,0.021,0.021,-1,Echolocation,/mnt/ubna_data_02_mir/recover-20221013/UBNA_001/20221012_030000.WAV,Telephone Field,recover-20221013,001,1795
786.4755,786.4857,22890,28463,Nyctalus leisleri,0.009,0.021,-1,Echolocation,/mnt/ubna_data_02_mir/recover-20221013/UBNA_001/20221012_030000.WAV,Telephone Field,recover-20221013,001,1795
786.5205,786.5619,68437,83012,Rhinolophus ferrumequinum,0.033,0.033,-1,Echolocation,/mnt/ubna_data_02_mir/recover-20221013/UBNA_001/20221012_030000.WAV,Telephone Field,recover-20221013,001,1795
786.5455,786.5532,27187,39024,Eptesicus serotinus,0.008,0.022,-1,Echolocation,/mnt/ubna_data_02_mir/recover-20221013/UBNA_001/20221012_030000.WAV,Telephone Field,recover-20221013,001,1795
786.6055,786.6423,68437,80841,Rhinolophus ferrumequinum,0.022,0.022,-1,Echolocation,/mnt/ubna_data_02_mir/recover-20221013/UBNA_001/20221012_030000.WAV,Telephone Field,recover-20221013,001,1795
786.6135,786.6477,68437,81175,Rhinolophus ferrumequinum,0.021,0.021,-1,Echolocation,/mnt/ubna_data_02_mir/recover-20221013/UBNA_001/20221012_030000.WAV,Telephone Field,recover-20221013,001,1795
786.6335,786.6755,68437,83375,Rhinolophus ferrumequinum,0.051,0.051,-1,Echolocation,/mnt/ubna_data_02_mir/recover-20221013/UBNA_001/20221012_030000.WAV,Telephone Field,recover-20221013,001,1795
786.6505,786.6595,28906,37575,Eptesicus serotinus,0.01,0.025,-1,Echolocation,/mnt/ubna_data_02_mir/recover-20221013/UBNA_001/20221012_030000.WAV,Telephone Field,recover-20221013,001,1795
786.6785,786.6873,28906,37879,Eptesicus serotinus,0.009,0.027,-1,Echolocation,/mnt/ubna_data_02_mir/recover-20221013/UBNA_001/20221012_030000.WAV,Telephone Field,recover-20221013,001,1795
786.6795,786.7186,68437,82155,Rhinolophus ferrumequinum,0.021,0.021,-1,Echolocation,/mnt/ubna_data_02_mir/recover-20221013/UBNA_001/20221012_030000.WAV,Telephone Field,recover-20221013,001,1795
786.6865,786.7228,68437,81557,Rhinolophus ferrumequinum,0.022,0.022,-1,Echolocation,/mnt/ubna_data_02_mir/recover-20221013/UBNA_001/20221012_030000.WAV,Telephone Field,recover-20221013,001,1795
786.6985,786.7418,68437,82988,Rhinolophus ferrumequinum,0.032,0.032,-1,Echolocation,/mnt/ubna_data_02_mir/recover-20221013/UBNA_001/20221012_030000.WAV,Telephone Field,recover-20221013,001,1795
786.7035,786.7108,28046,40823,Eptesicus serotinus,0.007,0.025,-1,Echolocation,/mnt/ubna_data_02_mir/recover-20221013/UBNA_001/20221012_030000.WAV,Telephone Field,recover-20221013,001,1795
786.7175,786.7559,68437,81867,Rhinolophus ferrumequinum,0.025,0.025,-1,Echolocation,/mnt/ubna_data_02_mir/recover-20221013/UBNA_001/20221012_030000.WAV,Telephone Field,recover-20221013,001,1795
786.7205,786.7268,27187,39612,Eptesicus serotinus,0.006,0.025,-1,Echolocation,/mnt/ubna_data_02_mir/recover-20221013/UBNA_001/20221012_030000.WAV,Telephone Field,recover-20221013,001,1795
786.7615,786.8007,68437,82191,Rhinolophus ferrumequinum,0.023,0.023,-1,Echolocation,/mnt/ubna_data_02_mir/recover-20221013/UBNA_001/20221012_030000.WAV,Telephone Field,recover-20221013,001,1795
786.7675,786.8063,68437,81763,Rhinolophus ferrumequinum,0.024,0.024,-1,Echolocation,/mnt/ubna_data_02_mir/recover-20221013/UBNA_001/20221012_030000.WAV,Telephone Field,recover-20221013,001,1795
786.7795,786.7926,22890,28197,Nyctalus leisleri,0.013,0.027,-1,Echolocation,/mnt/ubna_data_02_mir/recover-20221013/UBNA_001/20221012_030000.WAV,Telephone Field,recover-20221013,001,1795
786.7825,786.8221,68437,82321,Rhinolophus ferrumequinum,0.023,0.023,-1,Echolocation,/mnt/ubna_data_02_mir/recover-20221013/UBNA_001/20221012_030000.WAV,Telephone Field,recover-20221013,001,1795
786.7965,786.8071,27187,34499,Eptesicus serotinus,0.013,0.025,-1,Echolocation,/mnt/ubna_data_02_mir/recover-20221013/UBNA_001/20221012_030000.WAV,Telephone Field,recover-20221013,001,1795
786.8025,786.8118,26328,34424,Eptesicus serotinus,0.01,0.024,-1,Echolocation,/mnt/ubna_data_02_mir/recover-20221013/UBNA_001/20221012_030000.WAV,Telephone Field,recover-20221013,001,1795
786.8365,786.8753,68437,82108,Rhinolophus ferrumequinum,0.021,0.021,-1,Echolocation,/mnt/ubna_data_02_mir/recover-20221013/UBNA_001/20221012_030000.WAV,Telephone Field,recover-20221013,001,1795
786.8495,786.8875,68437,81887,Rhinolophus ferrumequinum,0.022,0.022,-1,Echolocation,/mnt/ubna_data_02_mir/recover-20221013/UBNA_001/20221012_030000.WAV,Telephone Field,recover-20221013,001,1795
786.8795,786.8894,22031,27253,Nyctalus leisleri,0.009,0.022,-1,Echolocation,/mnt/ubna_data_02_mir/recover-20221013/UBNA_001/20221012_030000.WAV,Telephone Field,recover-20221013,001,1795
786.9005,786.9363,68437,81333,Rhinolophus ferrumequinum,0.022,0.022,-1,Echolocation,/mnt/ubna_data_02_mir/recover-20221013/UBNA_001/20221012_030000.WAV,Telephone Field,recover-20221013,001,1795
786.9325,786.9698,68437,82077,Rhinolophus ferrumequinum,0.022,0.022,-1,Echolocation,/mnt/ubna_data_02_mir/recover-20221013/UBNA_001/20221012_030000.WAV,Telephone Field,recover-20221013,001,1795
786.9375,786.9446,28046,41685,Eptesicus serotinus,0.006,0.023,-1,Echolocation,/mnt/ubna_data_02_mir/recover-20221013/UBNA_001/20221012_030000.WAV,Telephone Field,recover-20221013,001,1795
786.9665,787.0046,68437,82033,Rhinolophus ferrumequinum,0.022,0.022,-1,Echolocation,/mnt/ubna_data_02_mir/recover-20221013/UBNA_001/20221012_030000.WAV,Telephone Field,recover-20221013,001,1795
787.0115,787.0203,27187,37011,Eptesicus serotinus,0.011,0.027,-1,Echolocation,/mnt/ubna_data_02_mir/recover-20221013/UBNA_001/20221012_030000.WAV,Telephone Field,recover-20221013,001,1795
787.0345,787.0739,68437,82076,Rhinolophus ferrumequinum,0.024,0.024,-1,Echolocation,/mnt/ubna_data_02_mir/recover-20221013/UBNA_001/20221012_030000.WAV,Telephone Field,recover-20221013,001,1795
787.0735,787.1084,68437,81771,Rhinolophus ferrumequinum,0.022,0.022,-1,Echolocation,/mnt/ubna_data_02_mir/recover-20221013/UBNA_001/20221012_030000.WAV,Telephone Field,recover-20221013,001,1795
787.0905,787.099,28906,37316,Eptesicus serotinus,0.008,0.024,-1,Echolocation,/mnt/ubna_data_02_mir/recover-20221013/UBNA_001/20221012_030000.WAV,Telephone Field,recover-20221013,001,1795
787.0905,787.0977,23750,32282,Plecotus austriacus,0.012,0.024,-1,Echolocation,/mnt/ubna_data_02_mir/recover-20221013/UBNA_001/20221012_030000.WAV,Telephone Field,recover-20221013,001,1795
787.0985,787.1346,68437,81766,Rhinolophus ferrumequinum,0.021,0.022,-1,Echolocation,/mnt/ubna_data_02_mir/recover-20221013/UBNA_001/20221012_030000.WAV,Telephone Field,recover-20221013,001,1795
787.1165,787.1553,68437,82269,Rhinolophus ferrumequinum,0.022,0.022,-1,Echolocation,/mnt/ubna_data_02_mir/recover-20221013/UBNA_001/20221012_030000.WAV,Telephone Field,recover-20221013,001,1795
787.1265,787.1637,68437,81779,Rhinolophus ferrumequinum,0.022,0.022,-1,Echolocation,/mnt/ubna_data_02_mir/recover-20221013/UBNA_001/20221012_030000.WAV,Telephone Field,recover-20221013,001,1795
787.1585,787.1987,68437,81960,Rhinolophus ferrumequinum,0.028,0.028,-1,Echolocation,/mnt/ubna_data_02_mir/recover-20221013/UBNA_001/20221012_030000.WAV,Telephone Field,recover-20221013,001,1795
787.1625,787.173,24609,31619,Nyctalus leisleri,0.01,0.028,-1,Echolocation,/mnt/ubna_data_02_mir/recover-20221013/UBNA_001/20221012_030000.WAV,Telephone Field,recover-20221013,001,1795
787.1925,787.2335,68437,82569,Rhinolophus ferrumequinum,0.024,0.025,-1,Echolocation,/mnt/ubna_data_02_mir/recover-20221013/UBNA_001/20221012_030000.WAV,Telephone Field,recover-20221013,001,1795
787.2145,787.2509,68437,81222,Rhinolophus ferrumequinum,0.022,0.022,-1,Echolocation,/mnt/ubna_data_02_mir/recover-20221013/UBNA_001/20221012_030000.WAV,Telephone Field,recover-20221013,001,1795
787.2335,787.2402,24609,34711,Plecotus austriacus,0.011,0.028,-1,Echolocation,/mnt/ubna_data_02_mir/recover-20221013/UBNA_001/20221012_030000.WAV,Telephone Field,recover-20221013,001,1795
787.2515,787.2925,68437,82589,Rhinolophus ferrumequinum,0.043,0.043,-1,Echolocation,/mnt/ubna_data_02_mir/recover-20221013/UBNA_001/20221012_030000.WAV,Telephone Field,recover-20221013,001,1795
787.2605,787.2681,24609,32990,Plecotus austriacus,0.008,0.025,-1,Echolocation,/mnt/ubna_data_02_mir/recover-20221013/UBNA_001/20221012_030000.WAV,Telephone Field,recover-20221013,001,1795
787.2885,787.3011,24609,29857,Nyctalus leisleri,0.011,0.027,-1,Echolocation,/mnt/ubna_data_02_mir/recover-20221013/UBNA_001/20221012_030000.WAV,Telephone Field,recover-20221013,001,1795
787.3085,787.3449,68437,81321,Rhinolophus ferrumequinum,0.021,0.021,-1,Echolocation,/mnt/ubna_data_02_mir/recover-20221013/UBNA_001/20221012_030000.WAV,Telephone Field,recover-20221013,001,1795
787.3275,787.3642,68437,81319,Rhinolophus ferrumequinum,0.028,0.028,-1,Echolocation,/mnt/ubna_data_02_mir/recover-20221013/UBNA_001/20221012_030000.WAV,Telephone Field,recover-20221013,001,1795
787.3405,787.3515,23750,29538,Nyctalus leisleri,0.012,0.026,-1,Echolocation,/mnt/ubna_data_02_mir/recover-20221013/UBNA_001/20221012_030000.WAV,Telephone Field,recover-20221013,001,1795
787.3705,787.4101,68437,82475,Rhinolophus ferrumequinum,0.024,0.024,-1,Echolocation,/mnt/ubna_data_02_mir/recover-20221013/UBNA_001/20221012_030000.WAV,Telephone Field,recover-20221013,001,1795
787.3775,787.4184,68437,82629,Rhinolophus ferrumequinum,0.025,0.025,-1,Echolocation,/mnt/ubna_data_02_mir/recover-20221013/UBNA_001/20221012_030000.WAV,Telephone Field,recover-20221013,001,1795
787.4035,787.4118,29765,42005,Eptesicus serotinus,0.008,0.027,-1,Echolocation,/mnt/ubna_data_02_mir/recover-20221013/UBNA_001/20221012_030000.WAV,Telephone Field,recover-20221013,001,1795
787.4055,787.443,68437,82263,Rhinolophus ferrumequinum,0.023,0.023,-1,Echolocation,/mnt/ubna_data_02_mir/recover-20221013/UBNA_001/20221012_030000.WAV,Telephone Field,recover-20221013,001,1795
787.4245,787.4365,23750,29231,Nyctalus leisleri,0.012,0.025,-1,Echolocation,/mnt/ubna_data_02_mir/recover-20221013/UBNA_001/20221012_030000.WAV,Telephone Field,recover-20221013,001,1795
787.4505,787.4618,23750,29856,Nyctalus leisleri,0.01,0.023,-1,Echolocation,/mnt/ubna_data_02_mir/recover-20221013/UBNA_001/20221012_030000.WAV,Telephone Field,recover-20221013,001,1795
787.4755,787.4865,27187,34996,Eptesicus serotinus,0.01,0.022,-1,Echolocation,/mnt/ubna_data_02_mir/recover-20221013/UBNA_001/20221012_030000.WAV,Telephone Field,recover-20221013,001,1795
787.4875,787.4963,28046,37165,Eptesicus serotinus,0.007,0.022,-1,Echolocation,/mnt/ubna_data_02_mir/recover-20221013/UBNA_001/20221012_030000.WAV,Telephone Field,recover-20221013,001,1795
787.5075,787.5436,68437,81435,Rhinolophus ferrumequinum,0.021,0.021,-1,Echolocation,/mnt/ubna_data_02_mir/recover-20221013/UBNA_001/20221012_030000.WAV,Telephone Field,recover-20221013,001,1795
787.5275,787.5661,68437,81483,Rhinolophus ferrumequinum,0.022,0.022,-1,Echolocation,/mnt/ubna_data_02_mir/recover-20221013/UBNA_001/20221012_030000.WAV,Telephone Field,recover-20221013,001,1795
787.5695,787.6063,68437,82073,Rhinolophus ferrumequinum,0.021,0.021,-1,Echolocation,/mnt/ubna_data_02_mir/recover-20221013/UBNA_001/20221012_030000.WAV,Telephone Field,recover-20221013,001,1795
787.5775,787.6175,68437,81816,Rhinolophus ferrumequinum,0.023,0.023,-1,Echolocation,/mnt/ubna_data_02_mir/recover-20221013/UBNA_001/20221012_030000.WAV,Telephone Field,recover-20221013,001,1795
787.5845,787.621,68437,82188,Rhinolophus ferrumequinum,0.023,0.023,-1,Echolocation,/mnt/ubna_data_02_mir/recover-20221013/UBNA_001/20221012_030000.WAV,Telephone Field,recover-20221013,001,1795
787.6175,787.6563,68437,81610,Rhinolophus ferrumequinum,0.022,0.022,-1,Echolocation,/mnt/ubna_data_02_mir/recover-20221013/UBNA_001/20221012_030000.WAV,Telephone Field,recover-20221013,001,1795
787.6185,787.6267,28046,40024,Eptesicus serotinus,0.007,0.021,-1,Echolocation,/mnt/ubna_data_02_mir/recover-20221013/UBNA_001/20221012_030000.WAV,Telephone Field,recover-20221013,001,1795
787.6375,787.6784,68437,83457,Rhinolophus ferrumequinum,0.034,0.034,-1,Echolocation,/mnt/ubna_data_02_mir/recover-20221013/UBNA_001/20221012_030000.WAV,Telephone Field,recover-20221013,001,1795
787.6555,787.6942,68437,82155,Rhinolophus ferrumequinum,0.025,0.025,-1,Echolocation,/mnt/ubna_data_02_mir/recover-20221013/UBNA_001/20221012_030000.WAV,Telephone Field,recover-20221013,001,1795
787.6805,787.6922,31484,37826,Eptesicus serotinus,0.009,0.022,-1,Echolocation,/mnt/ubna_data_02_mir/recover-20221013/UBNA_001/20221012_030000.WAV,Telephone Field,recover-20221013,001,1795
787.7005,787.7112,48671,52434,Pipistrellus pipistrellus,0.022,0.025,-1,Echolocation,/mnt/ubna_data_02_mir/recover-20221013/UBNA_001/20221012_030000.WAV,Telephone Field,recover-20221013,001,1795
787.7115,787.7214,28046,36045,Eptesicus serotinus,0.008,0.021,-1,Echolocation,/mnt/ubna_data_02_mir/recover-20221013/UBNA_001/20221012_030000.WAV,Telephone Field,recover-20221013,001,1795
787.7355,787.775,68437,82238,Rhinolophus ferrumequinum,0.027,0.027,-1,Echolocation,/mnt/ubna_data_02_mir/recover-20221013/UBNA_001/20221012_030000.WAV,Telephone Field,recover-20221013,001,1795
787.7415,787.7797,68437,82151,Rhinolophus ferrumequinum,0.026,0.026,-1,Echolocation,/mnt/ubna_data_02_mir/recover-20221013/UBNA_001/20221012_030000.WAV,Telephone Field,recover-20221013,001,1795
787.7645,787.8013,68437,82176,Rhinolophus ferrumequinum,0.024,0.024,-1,Echolocation,/mnt/ubna_data_02_mir/recover-20221013/UBNA_001/20221012_030000.WAV,Telephone Field,recover-20221013,001,1795
787.8005,787.8414,68437,82420,Rhinolophus ferrumequinum,0.022,0.022,-1,Echolocation,/mnt/ubna_data_02_mir/recover-20221013/UBNA_001/20221012_030000.WAV,Telephone Field,recover-20221013,001,1795
787.8245,787.8627,68437,80928,Rhinolophus ferrumequinum,0.022,0.022,-1,Echolocation,/mnt/ubna_data_02_mir/recover-20221013/UBNA_001/20221012_030000.WAV,Telephone Field,recover-20221013,001,1795
787.8435,787.8806,68437,81673,Rhinolophus ferrumequinum,0.021,0.021,-1,Echolocation,/mnt/ubna_data_02_mir/recover-20221013/UBNA_001/20221012_030000.WAV,Telephone Field,recover-20221013,001,1795
787.8675,787.9054,68437,81832,Rhinolophus ferrumequinum,0.023,0.023,-1,Echolocation,/mnt/ubna_data_02_mir/recover-20221013/UBNA_001/20221012_030000.WAV,Telephone Field,recover-20221013,001,1795
787.8755,787.8846,22031,28055,Plecotus austriacus,0.008,0.022,-1,Echolocation,/mnt/ubna_data_02_mir/recover-20221013/UBNA_001/20221012_030000.WAV,Telephone Field,recover-20221013,001,1795
787.8965,787.9341,68437,81661,Rhinolophus ferrumequinum,0.021,0.021,-1,Echolocation,/mnt/ubna_data_02_mir/recover-20221013/UBNA_001/20221012_030000.WAV,Telephone Field,recover-20221013,001,1795
787.9115,787.9503,68437,81703,Rhinolophus ferrumequinum,0.024,0.024,-1,Echolocation,/mnt/ubna_data_02_mir/recover-20221013/UBNA_001/20221012_030000.WAV,Telephone Field,recover-20221013,001,1795
787.9395,787.9482,50390,55471,Pipistrellus pipistrellus,0.019,0.023,-1,Echolocation,/mnt/ubna_data_02_mir/recover-20221013/UBNA_001/20221012_030000.WAV,Telephone Field,recover-20221013,001,1795
788.0015,788.0158,17734,22531,Nyctalus noctula,0.012,0.028,-1,Echolocation,/mnt/ubna_data_02_mir/recover-20221013/UBNA_001/20221012_030000.WAV,Telephone Field,recover-20221013,001,1795
788.0015,788.0297,68437,78909,Rhinolophus ferrumequinum,0.03,0.031,-1,Echolocation,/mnt/ubna_data_02_mir/recover-20221013/UBNA_001/20221012_030000.WAV,Telephone Field,recover-20221013,001,1795
788.0015,788.0085,48671,55441,Pipistrellus pipistrellus,0.023,0.028,-1,Echolocation,/mnt/ubna_data_02_mir/recover-20221013/UBNA_001/20221012_030000.WAV,Telephone Field,recover-20221013,001,1795
788.0015,788.0099,27187,37368,Eptesicus serotinus,0.006,0.022,-1,Echolocation,/mnt/ubna_data_02_mir/recover-20221013/UBNA_001/20221012_030000.WAV,Telephone Field,recover-20221013,001,1795
788.0155,788.0514,68437,81012,Rhinolophus ferrumequinum,0.021,0.021,-1,Echolocation,/mnt/ubna_data_02_mir/recover-20221013/UBNA_001/20221012_030000.WAV,Telephone Field,recover-20221013,001,1795
788.0545,788.0985,68437,83427,Rhinolophus ferrumequinum,0.039,0.039,-1,Echolocation,/mnt/ubna_data_02_mir/recover-20221013/UBNA_001/20221012_030000.WAV,Telephone Field,recover-20221013,001,1795
788.1315,788.1741,68437,82916,Rhinolophus ferrumequinum,0.038,0.038,-1,Echolocation,/mnt/ubna_data_02_mir/recover-20221013/UBNA_001/20221012_030000.WAV,Telephone Field,recover-20221013,001,1795
788.1505,788.191,68437,82075,Rhinolophus ferrumequinum,0.023,0.023,-1,Echolocation,/mnt/ubna_data_02_mir/recover-20221013/UBNA_001/20221012_030000.WAV,Telephone Field,recover-20221013,001,1795
788.1575,788.1977,68437,82631,Rhinolophus ferrumequinum,0.021,0.021,-1,Echolocation,/mnt/ubna_data_02_mir/recover-20221013/UBNA_001/20221012_030000.WAV,Telephone Field,recover-20221013,001,1795
788.1725,788.2091,68437,81747,Rhinolophus ferrumequinum,0.021,0.021,-1,Echolocation,/mnt/ubna_data_02_mir/recover-20221013/UBNA_001/20221012_030000.WAV,Telephone Field,recover-20221013,001,1795
788.1865,788.2245,68437,82077,Rhinolophus ferrumequinum,0.025,0.025,-1,Echolocation,/mnt/ubna_data_02_mir/recover-20221013/UBNA_001/20221012_030000.WAV,Telephone Field,recover-20221013,001,1795
788.2145,788.2232,28906,38755,Eptesicus serotinus,0.008,0.023,-1,Echolocation,/mnt/ubna_data_02_mir/recover-20221013/UBNA_001/20221012_030000.WAV,Telephone Field,recover-20221013,001,1795
788.2275,788.268,68437,82836,Rhinolophus ferrumequinum,0.024,0.024,-1,Echolocation,/mnt/ubna_data_02_mir/recover-20221013/UBNA_001/20221012_030000.WAV,Telephone Field,recover-20221013,001,1795
788.2555,788.296,68437,82518,Rhinolophus ferrumequinum,0.023,0.023,-1,Echolocation,/mnt/ubna_data_02_mir/recover-20221013/UBNA_001/20221012_030000.WAV,Telephone Field,recover-20221013,001,1795
788.2885,788.3254,68437,81793,Rhinolophus ferrumequinum,0.022,0.022,-1,Echolocation,/mnt/ubna_data_02_mir/recover-20221013/UBNA_001/20221012_030000.WAV,Telephone Field,recover-20221013,001,1795
788.3055,788.3169,49531,54125,Pipistrellus pipistrellus,0.018,0.022,-1,Echolocation,/mnt/ubna_data_02_mir/recover-20221013/UBNA_001/20221012_030000.WAV,Telephone Field,recover-20221013,001,1795
788.3395,788.3463,33203,44044,Myotis daubentonii,0.008,0.021,-1,Echolocation,/mnt/ubna_data_02_mir/recover-20221013/UBNA_001/20221012_030000.WAV,Telephone Field,recover-20221013,001,1795
788.3395,788.3461,28046,43548,Eptesicus serotinus,0.006,0.021,-1,Echolocation,/mnt/ubna_data_02_mir/recover-20221013/UBNA_001/20221012_030000.WAV,Telephone Field,recover-20221013,001,1795
788.3745,788.3882,22890,27198,Nyctalus leisleri,0.018,0.031,-1,Echolocation,/mnt/ubna_data_02_mir/recover-20221013/UBNA_001/20221012_030000.WAV,Telephone Field,recover-20221013,001,1795
788.3815,788.4206,68437,82233,Rhinolophus ferrumequinum,0.024,0.024,-1,Echolocation,/mnt/ubna_data_02_mir/recover-20221013/UBNA_001/20221012_030000.WAV,Telephone Field,recover-20221013,001,1795
788.4085,788.4495,68437,81911,Rhinolophus ferrumequinum,0.021,0.021,-1,Echolocation,/mnt/ubna_data_02_mir/recover-20221013/UBNA_001/20221012_030000.WAV,Telephone Field,recover-20221013,001,1795
788.4245,788.4626,68437,82361,Rhinolophus ferrumequinum,0.024,0.024,-1,Echolocation,/mnt/ubna_data_02_mir/recover-20221013/UBNA_001/20221012_030000.WAV,Telephone Field,recover-20221013,001,1795
788.4335,788.4752,68437,82898,Rhinolophus ferrumequinum,0.024,0.024,-1,Echolocation,/mnt/ubna_data_02_mir/recover-20221013/UBNA_001/20221012_030000.WAV,Telephone Field,recover-20221013,001,1795
788.4435,788.482,68437,82670,Rhinolophus ferrumequinum,0.021,0.021,-1,Echolocation,/mnt/ubna_data_02_mir/recover-20221013/UBNA_001/20221012_030000.WAV,Telephone Field,recover-20221013,001,1795
788.4525,788.4925,68437,82077,Rhinolophus ferrumequinum,0.023,0.023,-1,Echolocation,/mnt/ubna_data_02_mir/recover-20221013/UBNA_001/20221012_030000.WAV,Telephone Field,recover-20221013,001,1795
788.4755,788.5143,68437,82450,Rhinolophus ferrumequinum,0.021,0.021,-1,Echolocation,/mnt/ubna_data_02_mir/recover-20221013/UBNA_001/20221012_030000.WAV,Telephone Field,recover-20221013,001,1795
788.4915,788.5028,33203,38585,Eptesicus serotinus,0.005,0.023,-1,Echolocation,/mnt/ubna_data_02_mir/recover-20221013/UBNA_001/20221012_030000.WAV,Telephone Field,recover-20221013,001,1795
788.4935,788.5311,68437,82056,Rhinolophus ferrumequinum,0.022,0.022,-1,Echolocation,/mnt/ubna_data_02_mir/recover-20221013/UBNA_001/20221012_030000.WAV,Telephone Field,recover-20221013,001,1795
788.5325,788.5407,48671,55647,Pipistrellus pipistrellus,0.019,0.022,-1,Echolocation,/mnt/ubna_data_02_mir/recover-20221013/UBNA_001/20221012_030000.WAV,Telephone Field,recover-20221013,001,1795
788.5345,788.576,68437,82431,Rhinolophus ferrumequinum,0.024,0.024,-1,Echolocation,/mnt/ubna_data_02_mir/recover-20221013/UBNA_001/20221012_030000.WAV,Telephone Field,recover-20221013,001,1795
788.5665,788.6029,68437,81619,Rhinolophus ferrumequinum,0.026,0.026,-1,Echolocation,/mnt/ubna_data_02_mir/recover-20221013/UBNA_001/20221012_030000.WAV,Telephone Field,recover-20221013,001,1795
788.6125,788.654,68437,82666,Rhinolophus ferrumequinum,0.028,0.028,-1,Echolocation,/mnt/ubna_data_02_mir/recover-20221013/UBNA_001/20221012_030000.WAV,Telephone Field,recover-20221013,001,1795
788.6515,788.689,68437,82073,Rhinolophus ferrumequinum,0.026,0.026,-1,Echolocation,/mnt/ubna_data_02_mir/recover-20221013/UBNA_001/20221012_030000.WAV,Telephone Field,recover-20221013,001,1795
788.6515,788.6612,22031,27432,Nyctalus leisleri,0.009,0.023,-1,Echolocation,/mnt/ubna_data_02_mir/recover-20221013/UBNA_001/20221012_030000.WAV,Telephone Field,recover-20221013,001,1795
788.7365,788.7432,45234,53975,Pipistrellus pipistrellus,0.031,0.033,-1,Echolocation,/mnt/ubna_data_02_mir/recover-20221013/UBNA_001/20221012_030000.WAV,Telephone Field,recover-20221013,001,1795
788.7455,788.7849,68437,83426,Rhinolophus ferrumequinum,0.027,0.027,-1,Echolocation,/mnt/ubna_data_02_mir/recover-20221013/UBNA_001/20221012_030000.WAV,Telephone Field,recover-20221013,001,1795
788.7585,788.7672,23750,31855,Plecotus austriacus,0.008,0.022,-1,Echolocation,/mnt/ubna_data_02_mir/recover-20221013/UBNA_001/20221012_030000.WAV,Telephone Field,recover-20221013,001,1795
788.7735,788.7817,45234,53571,Pipistrellus pipistrellus,0.023,0.031,-1,Echolocation,/mnt/ubna_data_02_mir/recover-20221013/UBNA_001/20221012_030000.WAV,Telephone Field,recover-20221013,001,1795
788.7765,788.7821,38359,58090,Myotis mystacinus,0.007,0.023,-1,Echolocation,/mnt/ubna_data_02_mir/recover-20221013/UBNA_001/20221012_030000.WAV,Telephone Field,recover-20221013,001,1795
788.7905,788.83,68437,83104,Rhinolophus ferrumequinum,0.032,0.032,-1,Echolocation,/mnt/ubna_data_02_mir/recover-20221013/UBNA_001/20221012_030000.WAV,Telephone Field,recover-20221013,001,1795
788.8275,788.8657,68437,82824,Rhinolophus ferrumequinum,0.029,0.029,-1,Echolocation,/mnt/ubna_data_02_mir/recover-20221013/UBNA_001/20221012_030000.WAV,Telephone Field,recover-20221013,001,1795
788.8605,788.9002,68437,82909,Rhinolophus ferrumequinum,0.023,0.023,-1,Echolocation,/mnt/ubna_data_02_mir/recover-20221013/UBNA_001/20221012_030000.WAV,Telephone Field,recover-20221013,001,1795
788.8745,788.9141,68437,82224,Rhinolophus ferrumequinum,0.021,0.021,-1,Echolocation,/mnt/ubna_data_02_mir/recover-20221013/UBNA_001/20221012_030000.WAV,Telephone Field,recover-20221013,001,1795
788.8805,788.92,68437,82049,Rhinolophus ferrumequinum,0.021,0.022,-1,Echolocation,/mnt/ubna_data_02_mir/recover-20221013/UBNA_001/20221012_030000.WAV,Telephone Field,recover-20221013,001,1795
788.9175,788.9318,14296,18478,Nyctalus noctula,0.02,0.031,-1,Echolocation,/mnt/ubna_data_02_mir/recover-20221013/UBNA_001/20221012_030000.WAV,Telephone Field,recover-20221013,001,1795
788.9235,788.9623,68437,82446,Rhinolophus ferrumequinum,0.023,0.023,-1,Echolocation,/mnt/ubna_data_02_mir/recover-20221013/UBNA_001/20221012_030000.WAV,Telephone Field,recover-20221013,001,1795
788.9265,788.9368,26328,33319,Eptesicus serotinus,0.011,0.023,-1,Echolocation,/mnt/ubna_data_02_mir/recover-20221013/UBNA_001/20221012_030000.WAV,Telephone Field,recover-20221013,001,1795
788.9415,788.981,68437,81795,Rhinolophus ferrumequinum,0.024,0.024,-1,Echolocation,/mnt/ubna_data_02_mir/recover-20221013/UBNA_001/20221012_030000.WAV,Telephone Field,recover-20221013,001,1795
788.9845,788.9933,27187,35136,Eptesicus serotinus,0.01,0.025,-1,Echolocation,/mnt/ubna_data_02_mir/recover-20221013/UBNA_001/20221012_030000.WAV,Telephone Field,recover-20221013,001,1795
788.9855,789.0244,68437,82544,Rhinolophus ferrumequinum,0.029,0.029,-1,Echolocation,/mnt/ubna_data_02_mir/recover-20221013/UBNA_001/20221012_030000.WAV,Telephone Field,recover-20221013,001,1795
788.9985,789.0346,68437,81453,Rhinolophus ferrumequinum,0.023,0.023,-1,Echolocation,/mnt/ubna_data_02_mir/recover-20221013/UBNA_001/20221012_030000.WAV,Telephone Field,recover-20221013,001,1795
789.0355,789.0752,68437,82118,Rhinolophus ferrumequinum,0.023,0.023,-1,Echolocation,/mnt/ubna_data_02_mir/recover-20221013/UBNA_001/20221012_030000.WAV,Telephone Field,recover-20221013,001,1795
789.0425,789.0809,68437,82188,Rhinolophus ferrumequinum,0.021,0.021,-1,Echolocation,/mnt/ubna_data_02_mir/recover-20221013/UBNA_001/20221012_030000.WAV,Telephone Field,recover-20221013,001,1795
789.0715,789.1086,68437,81982,Rhinolophus ferrumequinum,0.021,0.021,-1,Echolocation,/mnt/ubna_data_02_mir/recover-20221013/UBNA_001/20221012_030000.WAV,Telephone Field,recover-20221013,001,1795
789.0805,789.1215,68437,82123,Rhinolophus ferrumequinum,0.022,0.022,-1,Echolocation,/mnt/ubna_data_02_mir/recover-20221013/UBNA_001/20221012_030000.WAV,Telephone Field,recover-20221013,001,1795
789.0925,789.1292,68437,82449,Rhinolophus ferrumequinum,0.023,0.023,-1,Echolocation,/mnt/ubna_data_02_mir/recover-20221013/UBNA_001/20221012_030000.WAV,Telephone Field,recover-20221013,001,1795
789.1305,789.1448,44375,46549,Pipistrellus pipistrellus,0.038,0.042,-1,Echolocation,/mnt/ubna_data_02_mir/recover-20221013/UBNA_001/20221012_030000.WAV,Telephone Field,recover-20221013,001,1795
789.1425,789.1829,68437,82678,Rhinolophus ferrumequinum,0.025,0.025,-1,Echolocation,/mnt/ubna_data_02_mir/recover-20221013/UBNA_001/20221012_030000.WAV,Telephone Field,recover-20221013,001,1795
789.1825,789.2236,68437,83216,Rhinolophus ferrumequinum,0.026,0.026,-1,Echolocation,/mnt/ubna_data_02_mir/recover-20221013/UBNA_001/20221012_030000.WAV,Telephone Field,recover-20221013,001,1795
789.1915,789.2002,27187,40067,Eptesicus serotinus,0.008,0.022,-1,Echolocation,/mnt/ubna_data_02_mir/recover-20221013/UBNA_001/20221012_030000.WAV,Telephone Field,recover-20221013,001,1795
789.2095,789.2474,68437,82496,Rhinolophus ferrumequinum,0.023,0.023,-1,Echolocation,/mnt/ubna_data_02_mir/recover-20221013/UBNA_001/20221012_030000.WAV,Telephone Field,recover-20221013,001,1795
789.2235,789.2326,25468,33887,Nyctalus leisleri,0.006,0.023,-1,Echolocation,/mnt/ubna_data_02_mir/recover-20221013/UBNA_001/20221012_030000.WAV,Telephone Field,recover-20221013,001,1795
789.2475,789.2822,68437,81340,Rhinolophus ferrumequinum,0.021,0.021,-1,Echolocation,/mnt/ubna_data_02_mir/recover-20221013/UBNA_001/20221012_030000.WAV,Telephone Field,recover-20221013,001,1795
789.2675,789.3069,68437,82526,Rhinolophus ferrumequinum,0.025,0.025,-1,Echolocation,/mnt/ubna_data_02_mir/recover-20221013/UBNA_001/20221012_030000.WAV,Telephone Field,recover-20221013,001,1795
789.3025,789.3098,28046,39640,Eptesicus serotinus,0.008,0.03,-1,Echolocation,/mnt/ubna_data_02_mir/recover-20221013/UBNA_001/20221012_030000.WAV,Telephone Field,recover-20221013,001,1795
789.3265,789.3676,68437,82348,Rhinolophus ferrumequinum,0.026,0.026,-1,Echolocation,/mnt/ubna_data_02_mir/recover-20221013/UBNA_001/20221012_030000.WAV,Telephone Field,recover-20221013,001,1795
789.3595,789.3713,28906,35367,Eptesicus serotinus,0.014,0.028,-1,Echolocation,/mnt/ubna_data_02_mir/recover-20221013/UBNA_001/20221012_030000.WAV,Telephone Field,recover-20221013,001,1795
789.3735,789.4111,68437,81862,Rhinolophus ferrumequinum,0.026,0.027,-1,Echolocation,/mnt/ubna_data_02_mir/recover-20221013/UBNA_001/20221012_030000.WAV,Telephone Field,recover-20221013,001,1795
789.3895,789.4328,68437,83674,Rhinolophus ferrumequinum,0.032,0.032,-1,Echolocation,/mnt/ubna_data_02_mir/recover-20221013/UBNA_001/20221012_030000.WAV,Telephone Field,recover-20221013,001,1795
789.4035,789.4424,68437,82138,Rhinolophus ferrumequinum,0.021,0.021,-1,Echolocation,/mnt/ubna_data_02_mir/recover-20221013/UBNA_001/20221012_030000.WAV,Telephone Field,recover-20221013,001,1795
789.4285,789.4367,28906,40812,Eptesicus serotinus,0.01,0.027,-1,Echolocation,/mnt/ubna_data_02_mir/recover-20221013/UBNA_001/20221012_030000.WAV,Telephone Field,recover-20221013,001,1795
789.4315,789.4693,68437,82029,Rhinolophus ferrumequinum,0.022,0.022,-1,Echolocation,/mnt/ubna_data_02_mir/recover-20221013/UBNA_001/20221012_030000.WAV,Telephone Field,recover-20221013,001,1795
789.4735,789.5085,68437,81601,Rhinolophus ferrumequinum,0.023,0.023,-1,Echolocation,/mnt/ubna_data_02_mir/recover-20221013/UBNA_001/20221012_030000.WAV,Telephone Field,recover-20221013,001,1795
789.4845,789.5204,68437,80480,Rhinolophus ferrumequinum,0.036,0.036,-1,Echolocation,/mnt/ubna_data_02_mir/recover-20221013/UBNA_001/20221012_030000.WAV,Telephone Field,recover-20221013,001,1795
789.4995,789.5386,68437,82260,Rhinolophus ferrumequinum,0.021,0.021,-1,Echolocation,/mnt/ubna_data_02_mir/recover-20221013/UBNA_001/20221012_030000.WAV,Telephone Field,recover-20221013,001,1795
789.5265,789.5657,68437,82239,Rhinolophus ferrumequinum,0.023,0.023,-1,Echolocation,/mnt/ubna_data_02_mir/recover-20221013/UBNA_001/20221012_030000.WAV,Telephone Field,recover-20221013,001,1795
789.5415,789.5804,68437,82432,Rhinolophus ferrumequinum,0.021,0.021,-1,Echolocation,/mnt/ubna_data_02_mir/recover-20221013/UBNA_001/20221012_030000.WAV,Telephone Field,recover-20221013,001,1795
789.5505,789.5893,68437,82802,Rhinolophus ferrumequinum,0.023,0.023,-1,Echolocation,/mnt/ubna_data_02_mir/recover-20221013/UBNA_001/20221012_030000.WAV,Telephone Field,recover-20221013,001,1795
789.5515,789.5734,19453,22615,Nyctalus noctula,0.017,0.035,-1,Echolocation,/mnt/ubna_data_02_mir/recover-20221013/UBNA_001/20221012_030000.WAV,Telephone Field,recover-20221013,001,1795
789.5665,789.6071,68437,82824,Rhinolophus ferrumequinum,0.028,0.028,-1,Echolocation,/mnt/ubna_data_02_mir/recover-20221013/UBNA_001/20221012_030000.WAV,Telephone Field,recover-20221013,001,1795
789.5735,789.6164,68437,83274,Rhinolophus ferrumequinum,0.024,0.024,-1,Echolocation,/mnt/ubna_data_02_mir/recover-20221013/UBNA_001/20221012_030000.WAV,Telephone Field,recover-20221013,001,1795
789.6135,789.6355,20312,23073,Nyctalus leisleri,0.018,0.034,-1,Echolocation,/mnt/ubna_data_02_mir/recover-20221013/UBNA_001/20221012_030000.WAV,Telephone Field,recover-20221013,001,1795
789.6155,789.6576,68437,83147,Rhinolophus ferrumequinum,0.027,0.027,-1,Echolocation,/mnt/ubna_data_02_mir/recover-20221013/UBNA_001/20221012_030000.WAV,Telephone Field,recover-20221013,001,1795
789.6365,789.6743,68437,82204,Rhinolophus ferrumequinum,0.022,0.022,-1,Echolocation,/mnt/ubna_data_02_mir/recover-20221013/UBNA_001/20221012_030000.WAV,Telephone Field,recover-20221013,001,1795
789.6545,789.6936,68437,82353,Rhinolophus ferrumequinum,0.035,0.035,-1,Echolocation,/mnt/ubna_data_02_mir/recover-20221013/UBNA_001/20221012_030000.WAV,Telephone Field,recover-20221013,001,1795
789.6635,789.6712,24609,33536,Plecotus austriacus,0.007,0.022,-1,Echolocation,/mnt/ubna_data_02_mir/recover-20221013/UBNA_001/20221012_030000.WAV,Telephone Field,recover-20221013,001,1795
789.7075,789.7446,68437,81751,Rhinolophus ferrumequinum,0.022,0.022,-1,Echolocation,/mnt/ubna_data_02_mir/recover-20221013/UBNA_001/20221012_030000.WAV,Telephone Field,recover-20221013,001,1795
789.7295,789.7709,68437,82467,Rhinolophus ferrumequinum,0.023,0.023,-1,Echolocation,/mnt/ubna_data_02_mir/recover-20221013/UBNA_001/20221012_030000.WAV,Telephone Field,recover-20221013,001,1795
789.7345,789.7749,68437,82827,Rhinolophus ferrumequinum,0.023,0.023,-1,Echolocation,/mnt/ubna_data_02_mir/recover-20221013/UBNA_001/20221012_030000.WAV,Telephone Field,recover-20221013,001,1795
789.7595,789.8023,68437,83075,Rhinolophus ferrumequinum,0.036,0.036,-1,Echolocation,/mnt/ubna_data_02_mir/recover-20221013/UBNA_001/20221012_030000.WAV,Telephone Field,recover-20221013,001,1795
789.7895,789.8276,68437,82022,Rhinolophus ferrumequinum,0.021,0.021,-1,Echolocation,/mnt/ubna_data_02_mir/recover-20221013/UBNA_001/20221012_030000.WAV,Telephone Field,recover-20221013,001,1795
789.8165,789.8271,28046,35625,Eptesicus serotinus,0.011,0.023,-1,Echolocation,/mnt/ubna_data_02_mir/recover-20221013/UBNA_001/20221012_030000.WAV,Telephone Field,recover-20221013,001,1795
789.8175,789.8574,68437,82584,Rhinolophus ferrumequinum,0.021,0.021,-1,Echolocation,/mnt/ubna_data_02_mir/recover-20221013/UBNA_001/20221012_030000.WAV,Telephone Field,recover-20221013,001,1795
789.8495,789.8895,68437,82531,Rhinolophus ferrumequinum,0.022,0.022,-1,Echolocation,/mnt/ubna_data_02_mir/recover-20221013/UBNA_001/20221012_030000.WAV,Telephone Field,recover-20221013,001,1795
789.8615,789.9,68437,82169,Rhinolophus ferrumequinum,0.024,0.024,-1,Echolocation,/mnt/ubna_data_02_mir/recover-20221013/UBNA_001/20221012_030000.WAV,Telephone Field,recover-20221013,001,1795
789.9195,789.9279,23750,31577,Plecotus austriacus,0.01,0.027,-1,Echolocation,/mnt/ubna_data_02_mir/recover-20221013/UBNA_001/20221012_030000.WAV,Telephone Field,recover-20221013,001,1795
789.9375,789.9749,68437,82086,Rhinolophus ferrumequinum,0.022,0.022,-1,Echolocation,/mnt/ubna_data_02_mir/recover-20221013/UBNA_001/20221012_030000.WAV,Telephone Field,recover-20221013,001,1795
789.9485,789.9881,68437,82529,Rhinolophus ferrumequinum,0.022,0.022,-1,Echolocation,/mnt/ubna_data_02_mir/recover-20221013/UBNA_001/20221012_030000.WAV,Telephone Field,recover-20221013,001,1795
789.9555,789.9931,68437,81806,Rhinolophus ferrumequinum,0.021,0.021,-1,Echolocation,/mnt/ubna_data_02_mir/recover-20221013/UBNA_001/20221012_030000.WAV,Telephone Field,recover-20221013,001,1795
789.9725,789.9932,19453,22263,Nyctalus leisleri,0.013,0.026,-1,Echolocation,/mnt/ubna_data_02_mir/recover-20221013/UBNA_001/20221012_030000.WAV,Telephone Field,recover-20221013,001,1795
790.0015,790.0098,46953,53427,Pipistrellus pipistrellus,0.017,0.023,-1,Echolocation,/mnt/ubna_data_02_mir/recover-20221013/UBNA_001/20221012_030000.WAV,Telephone Field,recover-20221013,001,1795
790.0015,790.0306,68437,79079,Rhinolophus ferrumequinum,0.021,0.022,-1,Echolocation,/mnt/ubna_data_02_mir/recover-20221013/UBNA_001/20221012_030000.WAV,Telephone Field,recover-20221013,001,1795
790.0015,790.0184,18593,22827,Nyctalus noctula,0.016,0.037,-1,Echolocation,/mnt/ubna_data_02_mir/recover-20221013/UBNA_001/20221012_030000.WAV,Telephone Field,recover-20221013,001,1795
790.0105,790.051,68437,81513,Rhinolophus ferrumequinum,0.025,0.025,-1,Echolocation,/mnt/ubna_data_02_mir/recover-20221013/UBNA_001/20221012_030000.WAV,Telephone Field,recover-20221013,001,1795
790.0175,790.0559,68437,81941,Rhinolophus ferrumequinum,0.021,0.021,-1,Echolocation,/mnt/ubna_data_02_mir/recover-20221013/UBNA_001/20221012_030000.WAV,Telephone Field,recover-20221013,001,1795
790.0325,790.0739,68437,83441,Rhinolophus ferrumequinum,0.039,0.039,-1,Echolocation,/mnt/ubna_data_02_mir/recover-20221013/UBNA_001/20221012_030000.WAV,Telephone Field,recover-20221013,001,1795
790.0545,790.0658,50390,55082,Pipistrellus pipistrellus,0.019,0.026,-1,Echolocation,/mnt/ubna_data_02_mir/recover-20221013/UBNA_001/20221012_030000.WAV,Telephone Field,recover-20221013,001,1795
790.0755,790.1185,68437,83194,Rhinolophus ferrumequinum,0.034,0.034,-1,Echolocation,/mnt/ubna_data_02_mir/recover-20221013/UBNA_001/20221012_030000.WAV,Telephone Field,recover-20221013,001,1795
790.0965,790.106,28046,38291,Eptesicus serotinus,0.008,0.021,-1,Echolocation,/mnt/ubna_data_02_mir/recover-20221013/UBNA_001/20221012_030000.WAV,Telephone Field,recover-20221013,001,1795
790.1115,790.146,68437,81009,Rhinolophus ferrumequinum,0.021,0.021,-1,Echolocation,/mnt/ubna_data_02_mir/recover-20221013/UBNA_001/20221012_030000.WAV,Telephone Field,recover-20221013,001,1795
790.1445,790.1824,68437,81662,Rhinolophus ferrumequinum,0.024,0.024,-1,Echolocation,/mnt/ubna_data_02_mir/recover-20221013/UBNA_001/20221012_030000.WAV,Telephone Field,recover-20221013,001,1795
790.1455,790.1561,27187,34332,Eptesicus serotinus,0.011,0.024,-1,Echolocation,/mnt/ubna_data_02_mir/recover-20221013/UBNA_001/20221012_030000.WAV,Telephone Field,recover-20221013,001,1795
790.1635,790.2001,68437,81483,Rhinolophus ferrumequinum,0.021,0.021,-1,Echolocation,/mnt/ubna_data_02_mir/recover-20221013/UBNA_001/20221012_030000.WAV,Telephone Field,recover-20221013,001,1795
790.2015,790.2439,68437,82677,Rhinolophus ferrumequinum,0.032,0.032,-1,Echolocation,/mnt/ubna_data_02_mir/recover-20221013/UBNA_001/20221012_030000.WAV,Telephone Field,recover-20221013,001,1795
790.2065,790.2188,24609,30656,Nyctalus leisleri,0.014,0.034,-1,Echolocation,/mnt/ubna_data_02_mir/recover-20221013/UBNA_001/20221012_030000.WAV,Telephone Field,recover-20221013,001,1795
790.2235,790.2607,68437,82122,Rhinolophus ferrumequinum,0.022,0.022,-1,Echolocation,/mnt/ubna_data_02_mir/recover-20221013/UBNA_001/20221012_030000.WAV,Telephone Field,recover-20221013,001,1795
790.2245,790.2374,25468,30822,Nyctalus leisleri,0.012,0.027,-1,Echolocation,/mnt/ubna_data_02_mir/recover-20221013/UBNA_001/20221012_030000.WAV,Telephone Field,recover-20221013,001,1795
790.2695,790.2786,24609,32599,Eptesicus serotinus,0.007,0.022,-1,Echolocation,/mnt/ubna_data_02_mir/recover-20221013/UBNA_001/20221012_030000.WAV,Telephone Field,recover-20221013,001,1795
790.2875,790.3278,68437,82975,Rhinolophus ferrumequinum,0.023,0.023,-1,Echolocation,/mnt/ubna_data_02_mir/recover-20221013/UBNA_001/20221012_030000.WAV,Telephone Field,recover-20221013,001,1795
790.2945,790.3361,68437,82730,Rhinolophus ferrumequinum,0.022,0.022,-1,Echolocation,/mnt/ubna_data_02_mir/recover-20221013/UBNA_001/20221012_030000.WAV,Telephone Field,recover-20221013,001,1795
790.3015,790.3118,23750,29158,Nyctalus leisleri,0.011,0.024,-1,Echolocation,/mnt/ubna_data_02_mir/recover-20221013/UBNA_001/20221012_030000.WAV,Telephone Field,recover-20221013,001,1795
790.3255,790.3674,68437,83057,Rhinolophus ferrumequinum,0.025,0.025,-1,Echolocation,/mnt/ubna_data_02_mir/recover-20221013/UBNA_001/20221012_030000.WAV,Telephone Field,recover-20221013,001,1795
790.3365,790.3763,68437,82798,Rhinolophus ferrumequinum,0.022,0.022,-1,Echolocation,/mnt/ubna_data_02_mir/recover-20221013/UBNA_001/20221012_030000.WAV,Telephone Field,recover-20221013,001,1795
790.3385,790.3494,28906,35241,Eptesicus serotinus,0.009,0.021,-1,Echolocation,/mnt/ubna_data_02_mir/recover-20221013/UBNA_001/20221012_030000.WAV,Telephone Field,recover-20221013,001,1795
790.3535,790.3926,68437,82004,Rhinolophus ferrumequinum,0.021,0.021,-1,Echolocation,/mnt/ubna_data_02_mir/recover-20221013/UBNA_001/20221012_030000.WAV,Telephone Field,recover-20221013,001,1795
790.3835,790.4251,68437,82578,Rhinolophus ferrumequinum,0.032,0.032,-1,Echolocation,/mnt/ubna_data_02_mir/recover-20221013/UBNA_001/20221012_030000.WAV,Telephone Field,recover-20221013,001,1795
790.4415,790.4816,68437,82572,Rhinolophus ferrumequinum,0.023,0.023,-1,Echolocation,/mnt/ubna_data_02_mir/recover-20221013/UBNA_001/20221012_030000.WAV,Telephone Field,recover-20221013,001,1795
790.4645,790.5047,68437,82367,Rhinolophus ferrumequinum,0.026,0.026,-1,Echolocation,/mnt/ubna_data_02_mir/recover-20221013/UBNA_001/20221012_030000.WAV,Telephone Field,recover-20221013,001,1795
790.4825,790.5217,68437,82322,Rhinolophus ferrumequinum,0.022,0.022,-1,Echolocation,/mnt/ubna_data_02_mir/recover-20221013/UBNA_001/20221012_030000.WAV,Telephone Field,recover-20221013,001,1795
790.4885,790.5269,68437,82479,Rhinolophus ferrumequinum,0.024,0.024,-1,Echolocation,/mnt/ubna_data_02_mir/recover-20221013/UBNA_001/20221012_030000.WAV,Telephone Field,recover-20221013,001,1795
790.5095,790.5173,28046,36914,Eptesicus serotinus,0.007,0.022,-1,Echolocation,/mnt/ubna_data_02_mir/recover-20221013/UBNA_001/20221012_030000.WAV,Telephone Field,recover-20221013,001,1795
790.5145,790.5277,21171,24655,Nyctalus leisleri,0.013,0.022,-1,Echolocation,/mnt/ubna_data_02_mir/recover-20221013/UBNA_001/20221012_030000.WAV,Telephone Field,recover-20221013,001,1795
790.5275,790.5362,25468,33985,Eptesicus serotinus,0.01,0.027,-1,Echolocation,/mnt/ubna_data_02_mir/recover-20221013/UBNA_001/20221012_030000.WAV,Telephone Field,recover-20221013,001,1795
790.5485,790.5591,22031,27935,Nyctalus leisleri,0.01,0.025,-1,Echolocation,/mnt/ubna_data_02_mir/recover-20221013/UBNA_001/20221012_030000.WAV,Telephone Field,recover-20221013,001,1795
790.5705,790.5786,44375,52866,Pipistrellus pipistrellus,0.016,0.023,-1,Echolocation,/mnt/ubna_data_02_mir/recover-20221013/UBNA_001/20221012_030000.WAV,Telephone Field,recover-20221013,001,1795
790.5785,790.5871,28046,38508,Eptesicus serotinus,0.008,0.021,-1,Echolocation,/mnt/ubna_data_02_mir/recover-20221013/UBNA_001/20221012_030000.WAV,Telephone Field,recover-20221013,001,1795
790.5815,790.6234,68437,83196,Rhinolophus ferrumequinum,0.028,0.028,-1,Echolocation,/mnt/ubna_data_02_mir/recover-20221013/UBNA_001/20221012_030000.WAV,Telephone Field,recover-20221013,001,1795
790.5935,790.6313,68437,82284,Rhinolophus ferrumequinum,0.03,0.03,-1,Echolocation,/mnt/ubna_data_02_mir/recover-20221013/UBNA_001/20221012_030000.WAV,Telephone Field,recover-20221013,001,1795
790.6385,790.6759,68437,82226,Rhinolophus ferrumequinum,0.022,0.022,-1,Echolocation,/mnt/ubna_data_02_mir/recover-20221013/UBNA_001/20221012_030000.WAV,Telephone Field,recover-20221013,001,1795
790.6425,790.6586,22031,25844,Nyctalus leisleri,0.013,0.023,-1,Echolocation,/mnt/ubna_data_02_mir/recover-20221013/UBNA_001/20221012_030000.WAV,Telephone Field,recover-20221013,001,1795
790.6485,790.6623,22031,25480,Nyctalus leisleri,0.014,0.022,-1,Echolocation,/mnt/ubna_data_02_mir/recover-20221013/UBNA_001/20221012_030000.WAV,Telephone Field,recover-20221013,001,1795
790.6845,790.6956,23750,29252,Nyctalus leisleri,0.01,0.021,-1,Echolocation,/mnt/ubna_data_02_mir/recover-20221013/UBNA_001/20221012_030000.WAV,Telephone Field,recover-20221013,001,1795
790.7115,790.7456999999999,68437,80834,Rhinolophus ferrumequinum,0.021,0.021,-1,Echolocation,/mnt/ubna_data_02_mir/recover-20221013/UBNA_001/20221012_030000.WAV,Telephone Field,recover-20221013,001,1795
790.7225,790.7603,68437,81767,Rhinolophus ferrumequinum,0.021,0.021,-1,Echolocation,/mnt/ubna_data_02_mir/recover-20221013/UBNA_001/20221012_030000.WAV,Telephone Field,recover-20221013,001,1795
790.7565,790.7986,68437,82739,Rhinolophus ferrumequinum,0.022,0.022,-1,Echolocation,/mnt/ubna_data_02_mir/recover-20221013/UBNA_001/20221012_030000.WAV,Telephone Field,recover-20221013,001,1795
790.7865,790.8264,68437,82292,Rhinolophus ferrumequinum,0.023,0.023,-1,Echolocation,/mnt/ubna_data_02_mir/recover-20221013/UBNA_001/20221012_030000.WAV,Telephone Field,recover-20221013,001,1795
790.8365,790.8757,68437,82450,Rhinolophus ferrumequinum,0.023,0.023,-1,Echolocation,/mnt/ubna_data_02_mir/recover-20221013/UBNA_001/20221012_030000.WAV,Telephone Field,recover-20221013,001,1795
790.8575,790.899,68437,82916,Rhinolophus ferrumequinum,0.024,0.024,-1,Echolocation,/mnt/ubna_data_02_mir/recover-20221013/UBNA_001/20221012_030000.WAV,Telephone Field,recover-20221013,001,1795
790.8845,790.9237,68437,81582,Rhinolophus ferrumequinum,0.023,0.023,-1,Echolocation,/mnt/ubna_data_02_mir/recover-20221013/UBNA_001/20221012_030000.WAV,Telephone Field,recover-20221013,001,1795
790.8905,790.9064,21171,24655,Nyctalus leisleri,0.016,0.027,-1,Echolocation,/mnt/ubna_data_02_mir/recover-20221013/UBNA_001/20221012_030000.WAV,Telephone Field,recover-20221013,001,1795
790.8965,790.9375,68437,83049,Rhinolophus ferrumequinum,0.028,0.028,-1,Echolocation,/mnt/ubna_data_02_mir/recover-20221013/UBNA_001/20221012_030000.WAV,Telephone Field,recover-20221013,001,1795
790.9115,790.9546,68437,83476,Rhinolophus ferrumequinum,0.032,0.032,-1,Echolocation,/mnt/ubna_data_02_mir/recover-20221013/UBNA_001/20221012_030000.WAV,Telephone Field,recover-20221013,001,1795
790.9305,790.9719,68437,82890,Rhinolophus ferrumequinum,0.028,0.028,-1,Echolocation,/mnt/ubna_data_02_mir/recover-20221013/UBNA_001/20221012_030000.WAV,Telephone Field,recover-20221013,001,1795
790.9315,790.9389,28046,39506,Eptesicus serotinus,0.007,0.023,-1,Echolocation,/mnt/ubna_data_02_mir/recover-20221013/UBNA_001/20221012_030000.WAV,Telephone Field,recover-20221013,001,1795
790.9535,790.9646,22890,27591,Nyctalus leisleri,0.011,0.021,-1,Echolocation,/mnt/ubna_data_02_mir/recover-20221013/UBNA_001/20221012_030000.WAV,Telephone Field,recover-20221013,001,1795
790.9835,791.0178,68437,81411,Rhinolophus ferrumequinum,0.021,0.021,-1,Echolocation,/mnt/ubna_data_02_mir/recover-20221013/UBNA_001/20221012_030000.WAV,Telephone Field,recover-20221013,001,1795
790.9915,791.0056,22890,27866,Nyctalus leisleri,0.012,0.023,-1,Echolocation,/mnt/ubna_data_02_mir/recover-20221013/UBNA_001/20221012_030000.WAV,Telephone Field,recover-20221013,001,1795
791.0695,791.0799,28906,37567,Eptesicus serotinus,0.013,0.03,-1,Echolocation,/mnt/ubna_data_02_mir/recover-20221013/UBNA_001/20221012_030000.WAV,Telephone Field,recover-20221013,001,1795
791.0985,791.1065,29765,43426,Myotis daubentonii,0.008,0.026,-1,Echolocation,/mnt/ubna_data_02_mir/recover-20221013/UBNA_001/20221012_030000.WAV,Telephone Field,recover-20221013,001,1795
791.0995,791.1373,68437,82507,Rhinolophus ferrumequinum,0.024,0.024,-1,Echolocation,/mnt/ubna_data_02_mir/recover-20221013/UBNA_001/20221012_030000.WAV,Telephone Field,recover-20221013,001,1795
791.1255,791.1626,68437,82213,Rhinolophus ferrumequinum,0.023,0.023,-1,Echolocation,/mnt/ubna_data_02_mir/recover-20221013/UBNA_001/20221012_030000.WAV,Telephone Field,recover-20221013,001,1795
791.1435,791.1822,68437,82312,Rhinolophus ferrumequinum,0.023,0.023,-1,Echolocation,/mnt/ubna_data_02_mir/recover-20221013/UBNA_001/20221012_030000.WAV,Telephone Field,recover-20221013,001,1795
791.1665,791.2058,68437,82313,Rhinolophus ferrumequinum,0.022,0.022,-1,Echolocation,/mnt/ubna_data_02_mir/recover-20221013/UBNA_001/20221012_030000.WAV,Telephone Field,recover-20221013,001,1795
791.1745,791.2112,68437,81930,Rhinolophus ferrumequinum,0.022,0.022,-1,Echolocation,/mnt/ubna_data_02_mir/recover-20221013/UBNA_001/20221012_030000.WAV,Telephone Field,recover-20221013,001,1795
791.1765,791.1856,40078,46784,Pipistrellus nathusii,0.012,0.025,-1,Echolocation,/mnt/ubna_data_02_mir/recover-20221013/UBNA_001/20221012_030000.WAV,Telephone Field,recover-20221013,001,1795
791.1805,791.1877,28046,40490,Eptesicus serotinus,0.007,0.023,-1,Echolocation,/mnt/ubna_data_02_mir/recover-20221013/UBNA_001/20221012_030000.WAV,Telephone Field,recover-20221013,001,1795
791.2025,791.2134,22890,27267,Nyctalus leisleri,0.012,0.023,-1,Echolocation,/mnt/ubna_data_02_mir/recover-20221013/UBNA_001/20221012_030000.WAV,Telephone Field,recover-20221013,001,1795
791.2105,791.2494,68437,82889,Rhinolophus ferrumequinum,0.022,0.022,-1,Echolocation,/mnt/ubna_data_02_mir/recover-20221013/UBNA_001/20221012_030000.WAV,Telephone Field,recover-20221013,001,1795
791.2365,791.2456999999999,26328,35724,Eptesicus serotinus,0.009,0.024,-1,Echolocation,/mnt/ubna_data_02_mir/recover-20221013/UBNA_001/20221012_030000.WAV,Telephone Field,recover-20221013,001,1795
791.2615,791.3017,68437,82230,Rhinolophus ferrumequinum,0.027,0.027,-1,Echolocation,/mnt/ubna_data_02_mir/recover-20221013/UBNA_001/20221012_030000.WAV,Telephone Field,recover-20221013,001,1795
791.2795,791.317,68437,81912,Rhinolophus ferrumequinum,0.024,0.024,-1,Echolocation,/mnt/ubna_data_02_mir/recover-20221013/UBNA_001/20221012_030000.WAV,Telephone Field,recover-20221013,001,1795
791.2925,791.3024,29765,37023,Eptesicus serotinus,0.024,0.045,-1,Echolocation,/mnt/ubna_data_02_mir/recover-20221013/UBNA_001/20221012_030000.WAV,Telephone Field,recover-20221013,001,1795
791.2935,791.3335,68437,82891,Rhinolophus ferrumequinum,0.023,0.023,-1,Echolocation,/mnt/ubna_data_02_mir/recover-20221013/UBNA_001/20221012_030000.WAV,Telephone Field,recover-20221013,001,1795
791.3165,791.3547,68437,82256,Rhinolophus ferrumequinum,0.021,0.021,-1,Echolocation,/mnt/ubna_data_02_mir/recover-20221013/UBNA_001/20221012_030000.WAV,Telephone Field,recover-20221013,001,1795
791.3745,791.4127,68437,82001,Rhinolophus ferrumequinum,0.021,0.021,-1,Echolocation,/mnt/ubna_data_02_mir/recover-20221013/UBNA_001/20221012_030000.WAV,Telephone Field,recover-20221013,001,1795
791.3905,791.4013,28906,35032,Eptesicus serotinus,0.009,0.023,-1,Echolocation,/mnt/ubna_data_02_mir/recover-20221013/UBNA_001/20221012_030000.WAV,Telephone Field,recover-20221013,001,1795
791.4435,791.4816,68437,82799,Rhinolophus ferrumequinum,0.023,0.023,-1,Echolocation,/mnt/ubna_data_02_mir/recover-20221013/UBNA_001/20221012_030000.WAV,Telephone Field,recover-20221013,001,1795
791.4835,791.4907,24609,33046,Plecotus austriacus,0.008,0.024,-1,Echolocation,/mnt/ubna_data_02_mir/recover-20221013/UBNA_001/20221012_030000.WAV,Telephone Field,recover-20221013,001,1795
791.5175,791.5552,68437,82110,Rhinolophus ferrumequinum,0.021,0.021,-1,Echolocation,/mnt/ubna_data_02_mir/recover-20221013/UBNA_001/20221012_030000.WAV,Telephone Field,recover-20221013,001,1795
791.5415,791.5831,68437,82398,Rhinolophus ferrumequinum,0.058,0.058,-1,Echolocation,/mnt/ubna_data_02_mir/recover-20221013/UBNA_001/20221012_030000.WAV,Telephone Field,recover-20221013,001,1795
791.5525,791.5944,68437,82589,Rhinolophus ferrumequinum,0.024,0.024,-1,Echolocation,/mnt/ubna_data_02_mir/recover-20221013/UBNA_001/20221012_030000.WAV,Telephone Field,recover-20221013,001,1795
791.6015,791.6369,68437,81932,Rhinolophus ferrumequinum,0.023,0.023,-1,Echolocation,/mnt/ubna_data_02_mir/recover-20221013/UBNA_001/20221012_030000.WAV,Telephone Field,recover-20221013,001,1795
791.6105,791.6528,68437,83110,Rhinolophus ferrumequinum,0.026,0.026,-1,Echolocation,/mnt/ubna_data_02_mir/recover-20221013/UBNA_001/20221012_030000.WAV,Telephone Field,recover-20221013,001,1795
791.6385,791.6753,68437,81555,Rhinolophus ferrumequinum,0.023,0.023,-1,Echolocation,/mnt/ubna_data_02_mir/recover-20221013/UBNA_001/20221012_030000.WAV,Telephone Field,recover-20221013,001,1795
791.6435,791.6533,22031,27395,Nyctalus leisleri,0.009,0.022,-1,Echolocation,/mnt/ubna_data_02_mir/recover-20221013/UBNA_001/20221012_030000.WAV,Telephone Field,recover-20221013,001,1795
791.6655,791.6761,37500,43314,Pipistrellus nathusii,0.012,0.027,-1,Echolocation,/mnt/ubna_data_02_mir/recover-20221013/UBNA_001/20221012_030000.WAV,Telephone Field,recover-20221013,001,1795
791.6725,791.7144,68437,83015,Rhinolophus ferrumequinum,0.024,0.024,-1,Echolocation,/mnt/ubna_data_02_mir/recover-20221013/UBNA_001/20221012_030000.WAV,Telephone Field,recover-20221013,001,1795
791.6775,791.6886,22890,27746,Nyctalus leisleri,0.013,0.026,-1,Echolocation,/mnt/ubna_data_02_mir/recover-20221013/UBNA_001/20221012_030000.WAV,Telephone Field,recover-20221013,001,1795
791.6895,791.6982,49531,53304,Pipistrellus pipistrellus,0.027,0.03,-1,Echolocation,/mnt/ubna_data_02_mir/recover-20221013/UBNA_001/20221012_030000.WAV,Telephone Field,recover-20221013,001,1795
791.7085,791.7436,68437,81362,Rhinolophus ferrumequinum,0.022,0.022,-1,Echolocation,/mnt/ubna_data_02_mir/recover-20221013/UBNA_001/20221012_030000.WAV,Telephone Field,recover-20221013,001,1795
791.7145,791.7224,28046,43592,Eptesicus serotinus,0.009,0.022,-1,Echolocation,/mnt/ubna_data_02_mir/recover-20221013/UBNA_001/20221012_030000.WAV,Telephone Field,recover-20221013,001,1795
791.7225,791.7324,27187,34822,Eptesicus serotinus,0.01,0.021,-1,Echolocation,/mnt/ubna_data_02_mir/recover-20221013/UBNA_001/20221012_030000.WAV,Telephone Field,recover-20221013,001,1795
791.7315,791.7714,68437,82183,Rhinolophus ferrumequinum,0.025,0.025,-1,Echolocation,/mnt/ubna_data_02_mir/recover-20221013/UBNA_001/20221012_030000.WAV,Telephone Field,recover-20221013,001,1795
791.7335,791.7417,26328,36518,Eptesicus serotinus,0.009,0.025,-1,Echolocation,/mnt/ubna_data_02_mir/recover-20221013/UBNA_001/20221012_030000.WAV,Telephone Field,recover-20221013,001,1795
791.7575,791.7997,68437,83268,Rhinolophus ferrumequinum,0.026,0.026,-1,Echolocation,/mnt/ubna_data_02_mir/recover-20221013/UBNA_001/20221012_030000.WAV,Telephone Field,recover-20221013,001,1795
791.7895,791.8306,68437,83300,Rhinolophus ferrumequinum,0.043,0.043,-1,Echolocation,/mnt/ubna_data_02_mir/recover-20221013/UBNA_001/20221012_030000.WAV,Telephone Field,recover-20221013,001,1795
791.7905,791.7995,28046,38513,Eptesicus serotinus,0.008,0.021,-1,Echolocation,/mnt/ubna_data_02_mir/recover-20221013/UBNA_001/20221012_030000.WAV,Telephone Field,recover-20221013,001,1795
791.8035,791.8107,27187,38550,Eptesicus serotinus,0.006,0.021,-1,Echolocation,/mnt/ubna_data_02_mir/recover-20221013/UBNA_001/20221012_030000.WAV,Telephone Field,recover-20221013,001,1795
791.8115,791.8485,68437,81820,Rhinolophus ferrumequinum,0.021,0.021,-1,Echolocation,/mnt/ubna_data_02_mir/recover-20221013/UBNA_001/20221012_030000.WAV,Telephone Field,recover-20221013,001,1795
791.8405,791.8511,42656,46400,Pipistrellus pipistrellus,0.016,0.022,-1,Echolocation,/mnt/ubna_data_02_mir/recover-20221013/UBNA_001/20221012_030000.WAV,Telephone Field,recover-20221013,001,1795
791.9095,791.9184,28906,38159,Eptesicus serotinus,0.007,0.021,-1,Echolocation,/mnt/ubna_data_02_mir/recover-20221013/UBNA_001/20221012_030000.WAV,Telephone Field,recover-20221013,001,1795
791.9185,791.9575,68437,82503,Rhinolophus ferrumequinum,0.021,0.021,-1,Echolocation,/mnt/ubna_data_02_mir/recover-20221013/UBNA_001/20221012_030000.WAV,Telephone Field,recover-20221013,001,1795
791.9275,791.9362,28906,40527,Eptesicus serotinus,0.008,0.022,-1,Echolocation,/mnt/ubna_data_02_mir/recover-20221013/UBNA_001/20221012_030000.WAV,Telephone Field,recover-20221013,001,1795
791.9495,791.9907,68437,82825,Rhinolophus ferrumequinum,0.024,0.024,-1,Echolocation,/mnt/ubna_data_02_mir/recover-20221013/UBNA_001/20221012_030000.WAV,Telephone Field,recover-20221013,001,1795
791.9505,791.9572000000001,26328,40272,Eptesicus serotinus,0.006,0.024,-1,Echolocation,/mnt/ubna_data_02_mir/recover-20221013/UBNA_001/20221012_030000.WAV,Telephone Field,recover-20221013,001,1795
792.0015,792.0091,23750,33668,Nyctalus leisleri,0.009,0.031,-1,Echolocation,/mnt/ubna_data_02_mir/recover-20221013/UBNA_001/20221012_030000.WAV,Telephone Field,recover-20221013,001,1795
792.0015,792.0307,68437,79683,Rhinolophus ferrumequinum,0.024,0.024,-1,Echolocation,/mnt/ubna_data_02_mir/recover-20221013/UBNA_001/20221012_030000.WAV,Telephone Field,recover-20221013,001,1795
792.0075,792.0447,68437,81715,Rhinolophus ferrumequinum,0.024,0.024,-1,Echolocation,/mnt/ubna_data_02_mir/recover-20221013/UBNA_001/20221012_030000.WAV,Telephone Field,recover-20221013,001,1795
792.0585,792.0973,68437,82253,Rhinolophus ferrumequinum,0.024,0.024,-1,Echolocation,/mnt/ubna_data_02_mir/recover-20221013/UBNA_001/20221012_030000.WAV,Telephone Field,recover-20221013,001,1795
792.1095,792.1202,23750,28770,Nyctalus leisleri,0.011,0.023,-1,Echolocation,/mnt/ubna_data_02_mir/recover-20221013/UBNA_001/20221012_030000.WAV,Telephone Field,recover-20221013,001,1795
792.1235,792.1331,28906,41692,Eptesicus serotinus,0.01,0.024,-1,Echolocation,/mnt/ubna_data_02_mir/recover-20221013/UBNA_001/20221012_030000.WAV,Telephone Field,recover-20221013,001,1795
792.1745,792.2148,68437,83078,Rhinolophus ferrumequinum,0.033,0.033,-1,Echolocation,/mnt/ubna_data_02_mir/recover-20221013/UBNA_001/20221012_030000.WAV,Telephone Field,recover-20221013,001,1795
792.1765,792.1831,25468,36143,Plecotus austriacus,0.01,0.032,-1,Echolocation,/mnt/ubna_data_02_mir/recover-20221013/UBNA_001/20221012_030000.WAV,Telephone Field,recover-20221013,001,1795
792.2505,792.2855,68437,81283,Rhinolophus ferrumequinum,0.025,0.025,-1,Echolocation,/mnt/ubna_data_02_mir/recover-20221013/UBNA_001/20221012_030000.WAV,Telephone Field,recover-20221013,001,1795
792.2745,792.3105,68437,80814,Rhinolophus ferrumequinum,0.024,0.024,-1,Echolocation,/mnt/ubna_data_02_mir/recover-20221013/UBNA_001/20221012_030000.WAV,Telephone Field,recover-20221013,001,1795
792.2755,792.282,28046,41305,Eptesicus serotinus,0.008,0.031,-1,Echolocation,/mnt/ubna_data_02_mir/recover-20221013/UBNA_001/20221012_030000.WAV,Telephone Field,recover-20221013,001,1795
792.2925,792.3275,68437,81910,Rhinolophus ferrumequinum,0.025,0.026,-1,Echolocation,/mnt/ubna_data_02_mir/recover-20221013/UBNA_001/20221012_030000.WAV,Telephone Field,recover-20221013,001,1795
792.3155,792.3228,27187,44170,Eptesicus serotinus,0.008,0.022,-1,Echolocation,/mnt/ubna_data_02_mir/recover-20221013/UBNA_001/20221012_030000.WAV,Telephone Field,recover-20221013,001,1795
792.3205,792.3564,68437,81631,Rhinolophus ferrumequinum,0.025,0.025,-1,Echolocation,/mnt/ubna_data_02_mir/recover-20221013/UBNA_001/20221012_030000.WAV,Telephone Field,recover-20221013,001,1795
792.3255,792.3636,68437,82492,Rhinolophus ferrumequinum,0.025,0.025,-1,Echolocation,/mnt/ubna_data_02_mir/recover-20221013/UBNA_001/20221012_030000.WAV,Telephone Field,recover-20221013,001,1795
792.3315,792.339,28046,40974,Eptesicus serotinus,0.009,0.025,-1,Echolocation,/mnt/ubna_data_02_mir/recover-20221013/UBNA_001/20221012_030000.WAV,Telephone Field,recover-20221013,001,1795
792.3415,792.3518,22890,28558,Nyctalus leisleri,0.011,0.027,-1,Echolocation,/mnt/ubna_data_02_mir/recover-20221013/UBNA_001/20221012_030000.WAV,Telephone Field,recover-20221013,001,1795
792.3575,792.392,68437,80306,Rhinolophus ferrumequinum,0.023,0.023,-1,Echolocation,/mnt/ubna_data_02_mir/recover-20221013/UBNA_001/20221012_030000.WAV,Telephone Field,recover-20221013,001,1795
792.4105,792.419,28046,38448,Eptesicus serotinus,0.008,0.023,-1,Echolocation,/mnt/ubna_data_02_mir/recover-20221013/UBNA_001/20221012_030000.WAV,Telephone Field,recover-20221013,001,1795
792.4935,792.5298,68437,82173,Rhinolophus ferrumequinum,0.026,0.026,-1,Echolocation,/mnt/ubna_data_02_mir/recover-20221013/UBNA_001/20221012_030000.WAV,Telephone Field,recover-20221013,001,1795
792.5245,792.5358,26328,34472,Eptesicus serotinus,0.013,0.025,-1,Echolocation,/mnt/ubna_data_02_mir/recover-20221013/UBNA_001/20221012_030000.WAV,Telephone Field,recover-20221013,001,1795
792.5745,792.5852,24609,31765,Nyctalus leisleri,0.012,0.033,-1,Echolocation,/mnt/ubna_data_02_mir/recover-20221013/UBNA_001/20221012_030000.WAV,Telephone Field,recover-20221013,001,1795
792.6025,792.6425,68437,82010,Rhinolophus ferrumequinum,0.022,0.022,-1,Echolocation,/mnt/ubna_data_02_mir/recover-20221013/UBNA_001/20221012_030000.WAV,Telephone Field,recover-20221013,001,1795
792.6175,792.6249,23750,32100,Plecotus austriacus,0.009,0.023,-1,Echolocation,/mnt/ubna_data_02_mir/recover-20221013/UBNA_001/20221012_030000.WAV,Telephone Field,recover-20221013,001,1795
792.6185,792.6254,15156,28761,Plecotus auritus,0.017,0.023,-1,Echolocation,/mnt/ubna_data_02_mir/recover-20221013/UBNA_001/20221012_030000.WAV,Telephone Field,recover-20221013,001,1795
792.6365,792.6748,68437,81460,Rhinolophus ferrumequinum,0.022,0.022,-1,Echolocation,/mnt/ubna_data_02_mir/recover-20221013/UBNA_001/20221012_030000.WAV,Telephone Field,recover-20221013,001,1795
792.6445,792.681,68437,81312,Rhinolophus ferrumequinum,0.029,0.029,-1,Echolocation,/mnt/ubna_data_02_mir/recover-20221013/UBNA_001/20221012_030000.WAV,Telephone Field,recover-20221013,001,1795
792.6705,792.6763,28906,47099,Myotis daubentonii,0.008,0.03,-1,Echolocation,/mnt/ubna_data_02_mir/recover-20221013/UBNA_001/20221012_030000.WAV,Telephone Field,recover-20221013,001,1795
792.7175,792.7568,68437,82895,Rhinolophus ferrumequinum,0.025,0.025,-1,Echolocation,/mnt/ubna_data_02_mir/recover-20221013/UBNA_001/20221012_030000.WAV,Telephone Field,recover-20221013,001,1795
792.7235,792.7641,68437,82897,Rhinolophus ferrumequinum,0.027,0.027,-1,Echolocation,/mnt/ubna_data_02_mir/recover-20221013/UBNA_001/20221012_030000.WAV,Telephone Field,recover-20221013,001,1795
792.7345,792.7429,28046,38459,Eptesicus serotinus,0.009,0.023,-1,Echolocation,/mnt/ubna_data_02_mir/recover-20221013/UBNA_001/20221012_030000.WAV,Telephone Field,recover-20221013,001,1795
792.7425,792.7492,23750,32402,Plecotus austriacus,0.008,0.022,-1,Echolocation,/mnt/ubna_data_02_mir/recover-20221013/UBNA_001/20221012_030000.WAV,Telephone Field,recover-20221013,001,1795
792.7435,792.7813,68437,81906,Rhinolophus ferrumequinum,0.025,0.025,-1,Echolocation,/mnt/ubna_data_02_mir/recover-20221013/UBNA_001/20221012_030000.WAV,Telephone Field,recover-20221013,001,1795
792.7685,792.7775,46953,52152,Pipistrellus pipistrellus,0.027,0.029,-1,Echolocation,/mnt/ubna_data_02_mir/recover-20221013/UBNA_001/20221012_030000.WAV,Telephone Field,recover-20221013,001,1795
792.7695,792.7762,27187,38707,Eptesicus serotinus,0.006,0.022,-1,Echolocation,/mnt/ubna_data_02_mir/recover-20221013/UBNA_001/20221012_030000.WAV,Telephone Field,recover-20221013,001,1795
792.8475,792.8563,26328,34742,Eptesicus serotinus,0.01,0.025,-1,Echolocation,/mnt/ubna_data_02_mir/recover-20221013/UBNA_001/20221012_030000.WAV,Telephone Field,recover-20221013,001,1795
792.9225,792.9275,46953,54206,Pipistrellus pipistrellus,0.024,0.028,-1,Echolocation,/mnt/ubna_data_02_mir/recover-20221013/UBNA_001/20221012_030000.WAV,Telephone Field,recover-20221013,001,1795
792.9745,793.0128,68437,82145,Rhinolophus ferrumequinum,0.025,0.025,-1,Echolocation,/mnt/ubna_data_02_mir/recover-20221013/UBNA_001/20221012_030000.WAV,Telephone Field,recover-20221013,001,1795
792.9795,792.9884,26328,33964,Eptesicus serotinus,0.011,0.03,-1,Echolocation,/mnt/ubna_data_02_mir/recover-20221013/UBNA_001/20221012_030000.WAV,Telephone Field,recover-20221013,001,1795
792.9965,793.006,23750,31671,Eptesicus serotinus,0.007,0.023,-1,Echolocation,/mnt/ubna_data_02_mir/recover-20221013/UBNA_001/20221012_030000.WAV,Telephone Field,recover-20221013,001,1795
793.0225,793.0672,68437,83732,Rhinolophus ferrumequinum,0.038,0.038,-1,Echolocation,/mnt/ubna_data_02_mir/recover-20221013/UBNA_001/20221012_030000.WAV,Telephone Field,recover-20221013,001,1795
793.0235,793.0308,28046,38450,Eptesicus serotinus,0.006,0.022,-1,Echolocation,/mnt/ubna_data_02_mir/recover-20221013/UBNA_001/20221012_030000.WAV,Telephone Field,recover-20221013,001,1795
793.0575,793.0665,28906,41120,Eptesicus serotinus,0.009,0.022,-1,Echolocation,/mnt/ubna_data_02_mir/recover-20221013/UBNA_001/20221012_030000.WAV,Telephone Field,recover-20221013,001,1795
793.0855,793.0925,28906,38637,Eptesicus serotinus,0.013,0.031,-1,Echolocation,/mnt/ubna_data_02_mir/recover-20221013/UBNA_001/20221012_030000.WAV,Telephone Field,recover-20221013,001,1795
793.0975,793.1394,68437,82644,Rhinolophus ferrumequinum,0.052,0.052,-1,Echolocation,/mnt/ubna_data_02_mir/recover-20221013/UBNA_001/20221012_030000.WAV,Telephone Field,recover-20221013,001,1795
793.1075,793.1203,51250,55089,Pipistrellus pygmaeus,0.017,0.026,-1,Echolocation,/mnt/ubna_data_02_mir/recover-20221013/UBNA_001/20221012_030000.WAV,Telephone Field,recover-20221013,001,1795
793.1445,793.183,68437,82179,Rhinolophus ferrumequinum,0.023,0.023,-1,Echolocation,/mnt/ubna_data_02_mir/recover-20221013/UBNA_001/20221012_030000.WAV,Telephone Field,recover-20221013,001,1795
793.1475,793.1543,27187,41519,Eptesicus serotinus,0.006,0.023,-1,Echolocation,/mnt/ubna_data_02_mir/recover-20221013/UBNA_001/20221012_030000.WAV,Telephone Field,recover-20221013,001,1795
793.1755,793.182,46093,50252,Pipistrellus pipistrellus,0.022,0.023,-1,Echolocation,/mnt/ubna_data_02_mir/recover-20221013/UBNA_001/20221012_030000.WAV,Telephone Field,recover-20221013,001,1795
793.1895,793.2034,24609,29300,Nyctalus leisleri,0.02,0.044,-1,Echolocation,/mnt/ubna_data_02_mir/recover-20221013/UBNA_001/20221012_030000.WAV,Telephone Field,recover-20221013,001,1795
793.1985,793.2065,25468,37530,Eptesicus serotinus,0.005,0.022,-1,Echolocation,/mnt/ubna_data_02_mir/recover-20221013/UBNA_001/20221012_030000.WAV,Telephone Field,recover-20221013,001,1795
793.2055,793.2465,68437,82791,Rhinolophus ferrumequinum,0.027,0.027,-1,Echolocation,/mnt/ubna_data_02_mir/recover-20221013/UBNA_001/20221012_030000.WAV,Telephone Field,recover-20221013,001,1795
793.2165,793.258,68437,82059,Rhinolophus ferrumequinum,0.025,0.025,-1,Echolocation,/mnt/ubna_data_02_mir/recover-20221013/UBNA_001/20221012_030000.WAV,Telephone Field,recover-20221013,001,1795
793.2325,793.2404,50390,55544,Pipistrellus pipistrellus,0.032,0.036,-1,Echolocation,/mnt/ubna_data_02_mir/recover-20221013/UBNA_001/20221012_030000.WAV,Telephone Field,recover-20221013,001,1795
793.2745,793.2874,23750,28534,Nyctalus leisleri,0.013,0.025,-1,Echolocation,/mnt/ubna_data_02_mir/recover-20221013/UBNA_001/20221012_030000.WAV,Telephone Field,recover-20221013,001,1795
793.3065,793.3459,68437,82413,Rhinolophus ferrumequinum,0.025,0.025,-1,Echolocation,/mnt/ubna_data_02_mir/recover-20221013/UBNA_001/20221012_030000.WAV,Telephone Field,recover-20221013,001,1795
793.3355,793.3749,68437,82800,Rhinolophus ferrumequinum,0.023,0.023,-1,Echolocation,/mnt/ubna_data_02_mir/recover-20221013/UBNA_001/20221012_030000.WAV,Telephone Field,recover-20221013,001,1795
793.3455,793.3847,68437,81641,Rhinolophus ferrumequinum,0.022,0.022,-1,Echolocation,/mnt/ubna_data_02_mir/recover-20221013/UBNA_001/20221012_030000.WAV,Telephone Field,recover-20221013,001,1795
793.3915,793.4325,68437,82730,Rhinolophus ferrumequinum,0.033,0.033,-1,Echolocation,/mnt/ubna_data_02_mir/recover-20221013/UBNA_001/20221012_030000.WAV,Telephone Field,recover-20221013,001,1795
793.4315,793.439,50390,57901,Pipistrellus pipistrellus,0.026,0.028,-1,Echolocation,/mnt/ubna_data_02_mir/recover-20221013/UBNA_001/20221012_030000.WAV,Telephone Field,recover-20221013,001,1795
793.4345,793.4423,26328,40557,Eptesicus serotinus,0.008,0.032,-1,Echolocation,/mnt/ubna_data_02_mir/recover-20221013/UBNA_001/20221012_030000.WAV,Telephone Field,recover-20221013,001,1795
793.4345,793.4388,37500,52941,Myotis daubentonii,0.007,0.029,-1,Echolocation,/mnt/ubna_data_02_mir/recover-20221013/UBNA_001/20221012_030000.WAV,Telephone Field,recover-20221013,001,1795
793.4355,793.4724,68437,81274,Rhinolophus ferrumequinum,0.023,0.023,-1,Echolocation,/mnt/ubna_data_02_mir/recover-20221013/UBNA_001/20221012_030000.WAV,Telephone Field,recover-20221013,001,1795
793.4625,793.5013,68437,82043,Rhinolophus ferrumequinum,0.023,0.023,-1,Echolocation,/mnt/ubna_data_02_mir/recover-20221013/UBNA_001/20221012_030000.WAV,Telephone Field,recover-20221013,001,1795
793.4705,793.4779,28046,44944,Eptesicus serotinus,0.007,0.024,-1,Echolocation,/mnt/ubna_data_02_mir/recover-20221013/UBNA_001/20221012_030000.WAV,Telephone Field,recover-20221013,001,1795
793.4955,793.5324,68437,80986,Rhinolophus ferrumequinum,0.024,0.025,-1,Echolocation,/mnt/ubna_data_02_mir/recover-20221013/UBNA_001/20221012_030000.WAV,Telephone Field,recover-20221013,001,1795
793.5185,793.5322,30625,37776,Eptesicus serotinus,0.014,0.025,-1,Echolocation,/mnt/ubna_data_02_mir/recover-20221013/UBNA_001/20221012_030000.WAV,Telephone Field,recover-20221013,001,1795
793.5365,793.5745,68437,82487,Rhinolophus ferrumequinum,0.022,0.022,-1,Echolocation,/mnt/ubna_data_02_mir/recover-20221013/UBNA_001/20221012_030000.WAV,Telephone Field,recover-20221013,001,1795
793.5555,793.5621,28906,42951,Eptesicus serotinus,0.007,0.028,-1,Echolocation,/mnt/ubna_data_02_mir/recover-20221013/UBNA_001/20221012_030000.WAV,Telephone Field,recover-20221013,001,1795
793.5705,793.6096,68437,82210,Rhinolophus ferrumequinum,0.037,0.037,-1,Echolocation,/mnt/ubna_data_02_mir/recover-20221013/UBNA_001/20221012_030000.WAV,Telephone Field,recover-20221013,001,1795
793.5755,793.5839,28906,36945,Eptesicus serotinus,0.016,0.036,-1,Echolocation,/mnt/ubna_data_02_mir/recover-20221013/UBNA_001/20221012_030000.WAV,Telephone Field,recover-20221013,001,1795
793.5875,793.6261,68437,82512,Rhinolophus ferrumequinum,0.024,0.024,-1,Echolocation,/mnt/ubna_data_02_mir/recover-20221013/UBNA_001/20221012_030000.WAV,Telephone Field,recover-20221013,001,1795
793.6055,793.6148,24609,31729,Nyctalus leisleri,0.007,0.022,-1,Echolocation,/mnt/ubna_data_02_mir/recover-20221013/UBNA_001/20221012_030000.WAV,Telephone Field,recover-20221013,001,1795
793.6285,793.6336,33203,43087,Myotis daubentonii,0.015,0.032,-1,Echolocation,/mnt/ubna_data_02_mir/recover-20221013/UBNA_001/20221012_030000.WAV,Telephone Field,recover-20221013,001,1795
793.6285,793.6344,27187,40367,Eptesicus serotinus,0.007,0.034,-1,Echolocation,/mnt/ubna_data_02_mir/recover-20221013/UBNA_001/20221012_030000.WAV,Telephone Field,recover-20221013,001,1795
793.6385,793.6482,23750,30245,Nyctalus leisleri,0.008,0.023,-1,Echolocation,/mnt/ubna_data_02_mir/recover-20221013/UBNA_001/20221012_030000.WAV,Telephone Field,recover-20221013,001,1795
793.6545,793.6911,68437,82060,Rhinolophus ferrumequinum,0.025,0.025,-1,Echolocation,/mnt/ubna_data_02_mir/recover-20221013/UBNA_001/20221012_030000.WAV,Telephone Field,recover-20221013,001,1795
793.6935,793.7025,46953,50561,Pipistrellus pipistrellus,0.039,0.041,-1,Echolocation,/mnt/ubna_data_02_mir/recover-20221013/UBNA_001/20221012_030000.WAV,Telephone Field,recover-20221013,001,1795
793.7705,793.7782,27187,36952,Eptesicus serotinus,0.009,0.024,-1,Echolocation,/mnt/ubna_data_02_mir/recover-20221013/UBNA_001/20221012_030000.WAV,Telephone Field,recover-20221013,001,1795
793.7775,793.8124,68437,81513,Rhinolophus ferrumequinum,0.023,0.023,-1,Echolocation,/mnt/ubna_data_02_mir/recover-20221013/UBNA_001/20221012_030000.WAV,Telephone Field,recover-20221013,001,1795
793.8005,793.8094,23750,31574,Plecotus austriacus,0.006,0.023,-1,Echolocation,/mnt/ubna_data_02_mir/recover-20221013/UBNA_001/20221012_030000.WAV,Telephone Field,recover-20221013,001,1795
793.8365,793.8452,28046,39954,Eptesicus serotinus,0.008,0.023,-1,Echolocation,/mnt/ubna_data_02_mir/recover-20221013/UBNA_001/20221012_030000.WAV,Telephone Field,recover-20221013,001,1795
793.8625,793.9008,68437,82333,Rhinolophus ferrumequinum,0.024,0.024,-1,Echolocation,/mnt/ubna_data_02_mir/recover-20221013/UBNA_001/20221012_030000.WAV,Telephone Field,recover-20221013,001,1795
793.8895,793.8958,46093,53704,Pipistrellus pipistrellus,0.033,0.036,-1,Echolocation,/mnt/ubna_data_02_mir/recover-20221013/UBNA_001/20221012_030000.WAV,Telephone Field,recover-20221013,001,1795
793.8895,793.9298,68437,82038,Rhinolophus ferrumequinum,0.023,0.023,-1,Echolocation,/mnt/ubna_data_02_mir/recover-20221013/UBNA_001/20221012_030000.WAV,Telephone Field,recover-20221013,001,1795
793.8915,793.899,23750,33331,Plecotus austriacus,0.015,0.032,-1,Echolocation,/mnt/ubna_data_02_mir/recover-20221013/UBNA_001/20221012_030000.WAV,Telephone Field,recover-20221013,001,1795
793.9375,793.9497,54687,59224,Pipistrellus pygmaeus,0.023,0.024,-1,Echolocation,/mnt/ubna_data_02_mir/recover-20221013/UBNA_001/20221012_030000.WAV,Telephone Field,recover-20221013,001,1795
793.9765,793.9863,46953,53259,Pipistrellus pipistrellus,0.021,0.023,-1,Echolocation,/mnt/ubna_data_02_mir/recover-20221013/UBNA_001/20221012_030000.WAV,Telephone Field,recover-20221013,001,1795
794.0015,794.0302,69296,80495,Rhinolophus ferrumequinum,0.022,0.022,-1,Echolocation,/mnt/ubna_data_02_mir/recover-20221013/UBNA_001/20221012_030000.WAV,Telephone Field,recover-20221013,001,1795
794.0015,794.0096,23750,31798,Nyctalus leisleri,0.006,0.021,-1,Echolocation,/mnt/ubna_data_02_mir/recover-20221013/UBNA_001/20221012_030000.WAV,Telephone Field,recover-20221013,001,1795
794.0365,794.0478,22031,26044,Nyctalus leisleri,0.011,0.02,-1,Echolocation,/mnt/ubna_data_02_mir/recover-20221013/UBNA_001/20221012_030000.WAV,Telephone Field,recover-20221013,001,1795
794.1115,794.1514,68437,82383,Rhinolophus ferrumequinum,0.021,0.021,-1,Echolocation,/mnt/ubna_data_02_mir/recover-20221013/UBNA_001/20221012_030000.WAV,Telephone Field,recover-20221013,001,1795
794.1405,794.1503,28046,37015,Eptesicus serotinus,0.009,0.021,-1,Echolocation,/mnt/ubna_data_02_mir/recover-20221013/UBNA_001/20221012_030000.WAV,Telephone Field,recover-20221013,001,1795
794.1705,794.1801,23750,30607,Nyctalus leisleri,0.007,0.021,-1,Echolocation,/mnt/ubna_data_02_mir/recover-20221013/UBNA_001/20221012_030000.WAV,Telephone Field,recover-20221013,001,1795
794.1775,794.2132,68437,81823,Rhinolophus ferrumequinum,0.021,0.022,-1,Echolocation,/mnt/ubna_data_02_mir/recover-20221013/UBNA_001/20221012_030000.WAV,Telephone Field,recover-20221013,001,1795
794.1865,794.2271,68437,82309,Rhinolophus ferrumequinum,0.021,0.021,-1,Echolocation,/mnt/ubna_data_02_mir/recover-20221013/UBNA_001/20221012_030000.WAV,Telephone Field,recover-20221013,001,1795
794.2305,794.2388,22890,30298,Plecotus austriacus,0.008,0.02,-1,Echolocation,/mnt/ubna_data_02_mir/recover-20221013/UBNA_001/20221012_030000.WAV,Telephone Field,recover-20221013,001,1795
794.2405,794.279,68437,82217,Rhinolophus ferrumequinum,0.025,0.025,-1,Echolocation,/mnt/ubna_data_02_mir/recover-20221013/UBNA_001/20221012_030000.WAV,Telephone Field,recover-20221013,001,1795
794.2505,794.2909,68437,82797,Rhinolophus ferrumequinum,0.026,0.026,-1,Echolocation,/mnt/ubna_data_02_mir/recover-20221013/UBNA_001/20221012_030000.WAV,Telephone Field,recover-20221013,001,1795
794.2855,794.3249,68437,82233,Rhinolophus ferrumequinum,0.022,0.022,-1,Echolocation,/mnt/ubna_data_02_mir/recover-20221013/UBNA_001/20221012_030000.WAV,Telephone Field,recover-20221013,001,1795
794.3155,794.355,68437,82682,Rhinolophus ferrumequinum,0.027,0.027,-1,Echolocation,/mnt/ubna_data_02_mir/recover-20221013/UBNA_001/20221012_030000.WAV,Telephone Field,recover-20221013,001,1795
794.3215,794.3328,22890,28529,Nyctalus leisleri,0.012,0.026,-1,Echolocation,/mnt/ubna_data_02_mir/recover-20221013/UBNA_001/20221012_030000.WAV,Telephone Field,recover-20221013,001,1795
794.3375,794.3754,68437,81314,Rhinolophus ferrumequinum,0.021,0.021,-1,Echolocation,/mnt/ubna_data_02_mir/recover-20221013/UBNA_001/20221012_030000.WAV,Telephone Field,recover-20221013,001,1795
794.3535,794.393,68437,82128,Rhinolophus ferrumequinum,0.029,0.029,-1,Echolocation,/mnt/ubna_data_02_mir/recover-20221013/UBNA_001/20221012_030000.WAV,Telephone Field,recover-20221013,001,1795
794.3665,794.4047,68437,81368,Rhinolophus ferrumequinum,0.02,0.02,-1,Echolocation,/mnt/ubna_data_02_mir/recover-20221013/UBNA_001/20221012_030000.WAV,Telephone Field,recover-20221013,001,1795
794.3865,794.4237,68437,81736,Rhinolophus ferrumequinum,0.02,0.02,-1,Echolocation,/mnt/ubna_data_02_mir/recover-20221013/UBNA_001/20221012_030000.WAV,Telephone Field,recover-20221013,001,1795
794.3925,794.4306,68437,81701,Rhinolophus ferrumequinum,0.02,0.02,-1,Echolocation,/mnt/ubna_data_02_mir/recover-20221013/UBNA_001/20221012_030000.WAV,Telephone Field,recover-20221013,001,1795
794.4115,794.4485,68437,81546,Rhinolophus ferrumequinum,0.023,0.023,-1,Echolocation,/mnt/ubna_data_02_mir/recover-20221013/UBNA_001/20221012_030000.WAV,Telephone Field,recover-20221013,001,1795
794.4225,794.4626,68437,82486,Rhinolophus ferrumequinum,0.021,0.021,-1,Echolocation,/mnt/ubna_data_02_mir/recover-20221013/UBNA_001/20221012_030000.WAV,Telephone Field,recover-20221013,001,1795
794.4455,794.4854,68437,82348,Rhinolophus ferrumequinum,0.02,0.02,-1,Echolocation,/mnt/ubna_data_02_mir/recover-20221013/UBNA_001/20221012_030000.WAV,Telephone Field,recover-20221013,001,1795
794.4565,794.4965,68437,82551,Rhinolophus ferrumequinum,0.023,0.023,-1,Echolocation,/mnt/ubna_data_02_mir/recover-20221013/UBNA_001/20221012_030000.WAV,Telephone Field,recover-20221013,001,1795
794.4635,794.4719,22890,30147,Plecotus austriacus,0.008,0.021,-1,Echolocation,/mnt/ubna_data_02_mir/recover-20221013/UBNA_001/20221012_030000.WAV,Telephone Field,recover-20221013,001,1795
794.4735,794.5127,68437,82562,Rhinolophus ferrumequinum,0.03,0.03,-1,Echolocation,/mnt/ubna_data_02_mir/recover-20221013/UBNA_001/20221012_030000.WAV,Telephone Field,recover-20221013,001,1795
794.4855,794.4951,28906,37729,Eptesicus serotinus,0.011,0.025,-1,Echolocation,/mnt/ubna_data_02_mir/recover-20221013/UBNA_001/20221012_030000.WAV,Telephone Field,recover-20221013,001,1795
794.5065,794.5422,68437,82134,Rhinolophus ferrumequinum,0.033,0.033,-1,Echolocation,/mnt/ubna_data_02_mir/recover-20221013/UBNA_001/20221012_030000.WAV,Telephone Field,recover-20221013,001,1795
794.5335,794.5473,27187,33513,Eptesicus serotinus,0.022,0.036,-1,Echolocation,/mnt/ubna_data_02_mir/recover-20221013/UBNA_001/20221012_030000.WAV,Telephone Field,recover-20221013,001,1795
794.5495,794.5622,44375,49024,Pipistrellus pipistrellus,0.037,0.047,-1,Echolocation,/mnt/ubna_data_02_mir/recover-20221013/UBNA_001/20221012_030000.WAV,Telephone Field,recover-20221013,001,1795
794.5755,794.6134,68437,81726,Rhinolophus ferrumequinum,0.02,0.02,-1,Echolocation,/mnt/ubna_data_02_mir/recover-20221013/UBNA_001/20221012_030000.WAV,Telephone Field,recover-20221013,001,1795
794.5775,794.5838,50390,55022,Pipistrellus pipistrellus,0.018,0.02,-1,Echolocation,/mnt/ubna_data_02_mir/recover-20221013/UBNA_001/20221012_030000.WAV,Telephone Field,recover-20221013,001,1795
794.5875,794.6245,68437,81672,Rhinolophus ferrumequinum,0.02,0.02,-1,Echolocation,/mnt/ubna_data_02_mir/recover-20221013/UBNA_001/20221012_030000.WAV,Telephone Field,recover-20221013,001,1795
794.5955,794.6054,28046,36641,Eptesicus serotinus,0.013,0.026,-1,Echolocation,/mnt/ubna_data_02_mir/recover-20221013/UBNA_001/20221012_030000.WAV,Telephone Field,recover-20221013,001,1795
794.6075,794.6471,68437,82369,Rhinolophus ferrumequinum,0.023,0.023,-1,Echolocation,/mnt/ubna_data_02_mir/recover-20221013/UBNA_001/20221012_030000.WAV,Telephone Field,recover-20221013,001,1795
794.6375,794.6744,68437,81277,Rhinolophus ferrumequinum,0.022,0.022,-1,Echolocation,/mnt/ubna_data_02_mir/recover-20221013/UBNA_001/20221012_030000.WAV,Telephone Field,recover-20221013,001,1795
794.6465,794.6589,26328,32890,Eptesicus serotinus,0.017,0.032,-1,Echolocation,/mnt/ubna_data_02_mir/recover-20221013/UBNA_001/20221012_030000.WAV,Telephone Field,recover-20221013,001,1795
794.6795,794.6874,44375,53826,Pipistrellus pipistrellus,0.015,0.023,-1,Echolocation,/mnt/ubna_data_02_mir/recover-20221013/UBNA_001/20221012_030000.WAV,Telephone Field,recover-20221013,001,1795
794.6835,794.7229,68437,82115,Rhinolophus ferrumequinum,0.025,0.025,-1,Echolocation,/mnt/ubna_data_02_mir/recover-20221013/UBNA_001/20221012_030000.WAV,Telephone Field,recover-20221013,001,1795
794.6875,794.6948,24609,33220,Plecotus austriacus,0.007,0.021,-1,Echolocation,/mnt/ubna_data_02_mir/recover-20221013/UBNA_001/20221012_030000.WAV,Telephone Field,recover-20221013,001,1795
794.6875,794.6986,15156,22013,Nyctalus noctula,0.013,0.022,-1,Echolocation,/mnt/ubna_data_02_mir/recover-20221013/UBNA_001/20221012_030000.WAV,Telephone Field,recover-20221013,001,1795
794.7125,794.7535,68437,82325,Rhinolophus ferrumequinum,0.021,0.021,-1,Echolocation,/mnt/ubna_data_02_mir/recover-20221013/UBNA_001/20221012_030000.WAV,Telephone Field,recover-20221013,001,1795
794.7345,794.7746,68437,82346,Rhinolophus ferrumequinum,0.022,0.022,-1,Echolocation,/mnt/ubna_data_02_mir/recover-20221013/UBNA_001/20221012_030000.WAV,Telephone Field,recover-20221013,001,1795
794.7555,794.7931,68437,81924,Rhinolophus ferrumequinum,0.023,0.023,-1,Echolocation,/mnt/ubna_data_02_mir/recover-20221013/UBNA_001/20221012_030000.WAV,Telephone Field,recover-20221013,001,1795
794.7705,794.8059,68437,81234,Rhinolophus ferrumequinum,0.02,0.02,-1,Echolocation,/mnt/ubna_data_02_mir/recover-20221013/UBNA_001/20221012_030000.WAV,Telephone Field,recover-20221013,001,1795
794.7775,794.814,68437,81848,Rhinolophus ferrumequinum,0.021,0.021,-1,Echolocation,/mnt/ubna_data_02_mir/recover-20221013/UBNA_001/20221012_030000.WAV,Telephone Field,recover-20221013,001,1795
794.8215,794.8289,28046,40620,Eptesicus serotinus,0.006,0.021,-1,Echolocation,/mnt/ubna_data_02_mir/recover-20221013/UBNA_001/20221012_030000.WAV,Telephone Field,recover-20221013,001,1795
794.8305,794.871,68437,82338,Rhinolophus ferrumequinum,0.022,0.022,-1,Echolocation,/mnt/ubna_data_02_mir/recover-20221013/UBNA_001/20221012_030000.WAV,Telephone Field,recover-20221013,001,1795
794.8345,794.845,22890,28670,Nyctalus leisleri,0.008,0.02,-1,Echolocation,/mnt/ubna_data_02_mir/recover-20221013/UBNA_001/20221012_030000.WAV,Telephone Field,recover-20221013,001,1795
794.8615,794.9043,68437,82748,Rhinolophus ferrumequinum,0.023,0.023,-1,Echolocation,/mnt/ubna_data_02_mir/recover-20221013/UBNA_001/20221012_030000.WAV,Telephone Field,recover-20221013,001,1795
794.8795,794.8892,24609,31128,Nyctalus leisleri,0.008,0.023,-1,Echolocation,/mnt/ubna_data_02_mir/recover-20221013/UBNA_001/20221012_030000.WAV,Telephone Field,recover-20221013,001,1795
794.8845,794.9246,68437,82540,Rhinolophus ferrumequinum,0.023,0.023,-1,Echolocation,/mnt/ubna_data_02_mir/recover-20221013/UBNA_001/20221012_030000.WAV,Telephone Field,recover-20221013,001,1795
794.9045,794.9423,68437,81780,Rhinolophus ferrumequinum,0.021,0.021,-1,Echolocation,/mnt/ubna_data_02_mir/recover-20221013/UBNA_001/20221012_030000.WAV,Telephone Field,recover-20221013,001,1795
794.9115,794.9492,68437,81609,Rhinolophus ferrumequinum,0.023,0.023,-1,Echolocation,/mnt/ubna_data_02_mir/recover-20221013/UBNA_001/20221012_030000.WAV,Telephone Field,recover-20221013,001,1795
794.9265,794.9645,68437,82507,Rhinolophus ferrumequinum,0.02,0.02,-1,Echolocation,/mnt/ubna_data_02_mir/recover-20221013/UBNA_001/20221012_030000.WAV,Telephone Field,recover-20221013,001,1795
794.9355,794.9726,68437,82038,Rhinolophus ferrumequinum,0.022,0.022,-1,Echolocation,/mnt/ubna_data_02_mir/recover-20221013/UBNA_001/20221012_030000.WAV,Telephone Field,recover-20221013,001,1795
794.9475,794.9857,68437,81592,Rhinolophus ferrumequinum,0.021,0.021,-1,Echolocation,/mnt/ubna_data_02_mir/recover-20221013/UBNA_001/20221012_030000.WAV,Telephone Field,recover-20221013,001,1795
794.9595,794.9951,68437,81407,Rhinolophus ferrumequinum,0.021,0.021,-1,Echolocation,/mnt/ubna_data_02_mir/recover-20221013/UBNA_001/20221012_030000.WAV,Telephone Field,recover-20221013,001,1795
794.9675,795.0049,68437,82435,Rhinolophus ferrumequinum,0.024,0.024,-1,Echolocation,/mnt/ubna_data_02_mir/recover-20221013/UBNA_001/20221012_030000.WAV,Telephone Field,recover-20221013,001,1795
795.0045,795.039,68437,81183,Rhinolophus ferrumequinum,0.021,0.021,-1,Echolocation,/mnt/ubna_data_02_mir/recover-20221013/UBNA_001/20221012_030000.WAV,Telephone Field,recover-20221013,001,1795
795.0255,795.0629,68437,82352,Rhinolophus ferrumequinum,0.024,0.024,-1,Echolocation,/mnt/ubna_data_02_mir/recover-20221013/UBNA_001/20221012_030000.WAV,Telephone Field,recover-20221013,001,1795
795.0995,795.143,68437,83437,Rhinolophus ferrumequinum,0.035,0.035,-1,Echolocation,/mnt/ubna_data_02_mir/recover-20221013/UBNA_001/20221012_030000.WAV,Telephone Field,recover-20221013,001,1795
795.1465,795.1857,68437,81959,Rhinolophus ferrumequinum,0.023,0.023,-1,Echolocation,/mnt/ubna_data_02_mir/recover-20221013/UBNA_001/20221012_030000.WAV,Telephone Field,recover-20221013,001,1795
795.1675,795.1743,26328,37647,Eptesicus serotinus,0.006,0.02,-1,Echolocation,/mnt/ubna_data_02_mir/recover-20221013/UBNA_001/20221012_030000.WAV,Telephone Field,recover-20221013,001,1795
795.1755,795.2146,68437,82334,Rhinolophus ferrumequinum,0.021,0.021,-1,Echolocation,/mnt/ubna_data_02_mir/recover-20221013/UBNA_001/20221012_030000.WAV,Telephone Field,recover-20221013,001,1795
795.2155,795.2553,68437,82717,Rhinolophus ferrumequinum,0.021,0.021,-1,Echolocation,/mnt/ubna_data_02_mir/recover-20221013/UBNA_001/20221012_030000.WAV,Telephone Field,recover-20221013,001,1795
795.2195,795.229,28046,36620,Eptesicus serotinus,0.009,0.022,-1,Echolocation,/mnt/ubna_data_02_mir/recover-20221013/UBNA_001/20221012_030000.WAV,Telephone Field,recover-20221013,001,1795
795.2605,795.3007,68437,82101,Rhinolophus ferrumequinum,0.02,0.02,-1,Echolocation,/mnt/ubna_data_02_mir/recover-20221013/UBNA_001/20221012_030000.WAV,Telephone Field,recover-20221013,001,1795
795.2855,795.3244,68437,81965,Rhinolophus ferrumequinum,0.023,0.023,-1,Echolocation,/mnt/ubna_data_02_mir/recover-20221013/UBNA_001/20221012_030000.WAV,Telephone Field,recover-20221013,001,1795
795.2935,795.3031,28906,36866,Eptesicus serotinus,0.019,0.035,-1,Echolocation,/mnt/ubna_data_02_mir/recover-20221013/UBNA_001/20221012_030000.WAV,Telephone Field,recover-20221013,001,1795
795.3005,795.3363,68437,81052,Rhinolophus ferrumequinum,0.021,0.021,-1,Echolocation,/mnt/ubna_data_02_mir/recover-20221013/UBNA_001/20221012_030000.WAV,Telephone Field,recover-20221013,001,1795
795.3125,795.3537,68437,83042,Rhinolophus ferrumequinum,0.02,0.02,-1,Echolocation,/mnt/ubna_data_02_mir/recover-20221013/UBNA_001/20221012_030000.WAV,Telephone Field,recover-20221013,001,1795
795.3215,795.3627,68437,82497,Rhinolophus ferrumequinum,0.024,0.024,-1,Echolocation,/mnt/ubna_data_02_mir/recover-20221013/UBNA_001/20221012_030000.WAV,Telephone Field,recover-20221013,001,1795
795.3445,795.3782,68437,81054,Rhinolophus ferrumequinum,0.021,0.021,-1,Echolocation,/mnt/ubna_data_02_mir/recover-20221013/UBNA_001/20221012_030000.WAV,Telephone Field,recover-20221013,001,1795
795.3785,795.4193,68437,83024,Rhinolophus ferrumequinum,0.027,0.027,-1,Echolocation,/mnt/ubna_data_02_mir/recover-20221013/UBNA_001/20221012_030000.WAV,Telephone Field,recover-20221013,001,1795
795.3945,795.4292,68437,81352,Rhinolophus ferrumequinum,0.023,0.023,-1,Echolocation,/mnt/ubna_data_02_mir/recover-20221013/UBNA_001/20221012_030000.WAV,Telephone Field,recover-20221013,001,1795
795.4135,795.4493,68437,81216,Rhinolophus ferrumequinum,0.021,0.021,-1,Echolocation,/mnt/ubna_data_02_mir/recover-20221013/UBNA_001/20221012_030000.WAV,Telephone Field,recover-20221013,001,1795
795.4485,795.457,28046,37994,Eptesicus serotinus,0.012,0.024,-1,Echolocation,/mnt/ubna_data_02_mir/recover-20221013/UBNA_001/20221012_030000.WAV,Telephone Field,recover-20221013,001,1795
795.4585,795.4968,68437,82462,Rhinolophus ferrumequinum,0.024,0.024,-1,Echolocation,/mnt/ubna_data_02_mir/recover-20221013/UBNA_001/20221012_030000.WAV,Telephone Field,recover-20221013,001,1795
795.5285,795.5394,25468,33157,Eptesicus serotinus,0.011,0.025,-1,Echolocation,/mnt/ubna_data_02_mir/recover-20221013/UBNA_001/20221012_030000.WAV,Telephone Field,recover-20221013,001,1795
795.5605,795.5998,68437,82263,Rhinolophus ferrumequinum,0.024,0.024,-1,Echolocation,/mnt/ubna_data_02_mir/recover-20221013/UBNA_001/20221012_030000.WAV,Telephone Field,recover-20221013,001,1795
795.5935,795.6018,28906,39654,Eptesicus serotinus,0.007,0.021,-1,Echolocation,/mnt/ubna_data_02_mir/recover-20221013/UBNA_001/20221012_030000.WAV,Telephone Field,recover-20221013,001,1795
795.6185,795.6536,68437,81105,Rhinolophus ferrumequinum,0.021,0.021,-1,Echolocation,/mnt/ubna_data_02_mir/recover-20221013/UBNA_001/20221012_030000.WAV,Telephone Field,recover-20221013,001,1795
795.6305,795.6399,28046,36243,Eptesicus serotinus,0.008,0.02,-1,Echolocation,/mnt/ubna_data_02_mir/recover-20221013/UBNA_001/20221012_030000.WAV,Telephone Field,recover-20221013,001,1795
795.6335,795.6728,68437,82018,Rhinolophus ferrumequinum,0.02,0.02,-1,Echolocation,/mnt/ubna_data_02_mir/recover-20221013/UBNA_001/20221012_030000.WAV,Telephone Field,recover-20221013,001,1795
795.6395,795.6761,68437,81949,Rhinolophus ferrumequinum,0.02,0.02,-1,Echolocation,/mnt/ubna_data_02_mir/recover-20221013/UBNA_001/20221012_030000.WAV,Telephone Field,recover-20221013,001,1795
795.6985,795.7334,68437,81095,Rhinolophus ferrumequinum,0.021,0.021,-1,Echolocation,/mnt/ubna_data_02_mir/recover-20221013/UBNA_001/20221012_030000.WAV,Telephone Field,recover-20221013,001,1795
795.7675,795.8075,68437,83076,Rhinolophus ferrumequinum,0.032,0.032,-1,Echolocation,/mnt/ubna_data_02_mir/recover-20221013/UBNA_001/20221012_030000.WAV,Telephone Field,recover-20221013,001,1795
795.8075,795.8453,68437,82038,Rhinolophus ferrumequinum,0.02,0.02,-1,Echolocation,/mnt/ubna_data_02_mir/recover-20221013/UBNA_001/20221012_030000.WAV,Telephone Field,recover-20221013,001,1795
795.8315,795.8719,68437,82491,Rhinolophus ferrumequinum,0.021,0.021,-1,Echolocation,/mnt/ubna_data_02_mir/recover-20221013/UBNA_001/20221012_030000.WAV,Telephone Field,recover-20221013,001,1795
795.8415,795.8512,28046,37023,Eptesicus serotinus,0.012,0.025,-1,Echolocation,/mnt/ubna_data_02_mir/recover-20221013/UBNA_001/20221012_030000.WAV,Telephone Field,recover-20221013,001,1795
795.8735,795.9183,68437,83575,Rhinolophus ferrumequinum,0.054,0.054,-1,Echolocation,/mnt/ubna_data_02_mir/recover-20221013/UBNA_001/20221012_030000.WAV,Telephone Field,recover-20221013,001,1795
795.8955,795.9045,28046,38448,Eptesicus serotinus,0.008,0.021,-1,Echolocation,/mnt/ubna_data_02_mir/recover-20221013/UBNA_001/20221012_030000.WAV,Telephone Field,recover-20221013,001,1795
795.9025,795.9397,68437,81991,Rhinolophus ferrumequinum,0.02,0.02,-1,Echolocation,/mnt/ubna_data_02_mir/recover-20221013/UBNA_001/20221012_030000.WAV,Telephone Field,recover-20221013,001,1795
795.9145,795.9226,28046,39773,Eptesicus serotinus,0.01,0.027,-1,Echolocation,/mnt/ubna_data_02_mir/recover-20221013/UBNA_001/20221012_030000.WAV,Telephone Field,recover-20221013,001,1795
795.9245,795.9638,68437,81824,Rhinolophus ferrumequinum,0.021,0.021,-1,Echolocation,/mnt/ubna_data_02_mir/recover-20221013/UBNA_001/20221012_030000.WAV,Telephone Field,recover-20221013,001,1795
795.9305,795.9692,68437,82508,Rhinolophus ferrumequinum,0.021,0.021,-1,Echolocation,/mnt/ubna_data_02_mir/recover-20221013/UBNA_001/20221012_030000.WAV,Telephone Field,recover-20221013,001,1795
795.9495,795.9579,28046,37742,Eptesicus serotinus,0.014,0.031,-1,Echolocation,/mnt/ubna_data_02_mir/recover-20221013/UBNA_001/20221012_030000.WAV,Telephone Field,recover-20221013,001,1795
795.9495,795.991,68437,82862,Rhinolophus ferrumequinum,0.029,0.029,-1,Echolocation,/mnt/ubna_data_02_mir/recover-20221013/UBNA_001/20221012_030000.WAV,Telephone Field,recover-20221013,001,1795
795.9575,795.9681,29765,35140,Eptesicus serotinus,0.009,0.023,-1,Echolocation,/mnt/ubna_data_02_mir/recover-20221013/UBNA_001/20221012_030000.WAV,Telephone Field,recover-20221013,001,1795
795.9685,795.9817,33203,37212,Pipistrellus nathusii,0.008,0.027,-1,Echolocation,/mnt/ubna_data_02_mir/recover-20221013/UBNA_001/20221012_030000.WAV,Telephone Field,recover-20221013,001,1795
795.9715,795.9812,28046,36111,Eptesicus serotinus,0.009,0.021,-1,Echolocation,/mnt/ubna_data_02_mir/recover-20221013/UBNA_001/20221012_030000.WAV,Telephone Field,recover-20221013,001,1795
795.9785,795.9879,23750,30746,Nyctalus leisleri,0.007,0.02,-1,Echolocation,/mnt/ubna_data_02_mir/recover-20221013/UBNA_001/20221012_030000.WAV,Telephone Field,recover-20221013,001,1795
796.0015,796.0112,21171,26724,Nyctalus leisleri,0.009,0.023,-1,Echolocation,/mnt/ubna_data_02_mir/recover-20221013/UBNA_001/20221012_030000.WAV,Telephone Field,recover-20221013,001,1795
796.0015,796.0337,68437,80104,Rhinolophus ferrumequinum,0.025,0.025,-1,Echolocation,/mnt/ubna_data_02_mir/recover-20221013/UBNA_001/20221012_030000.WAV,Telephone Field,recover-20221013,001,1795
796.0015,796.009,44375,49427,Pipistrellus pipistrellus,0.017,0.022,-1,Echolocation,/mnt/ubna_data_02_mir/recover-20221013/UBNA_001/20221012_030000.WAV,Telephone Field,recover-20221013,001,1795
796.0015,796.0097,26328,38067,Eptesicus serotinus,0.006,0.022,-1,Echolocation,/mnt/ubna_data_02_mir/recover-20221013/UBNA_001/20221012_030000.WAV,Telephone Field,recover-20221013,001,1795
796.0425,796.0809,68437,82750,Rhinolophus ferrumequinum,0.022,0.022,-1,Echolocation,/mnt/ubna_data_02_mir/recover-20221013/UBNA_001/20221012_030000.WAV,Telephone Field,recover-20221013,001,1795
796.1505,796.1907,68437,82054,Rhinolophus ferrumequinum,0.026,0.026,-1,Echolocation,/mnt/ubna_data_02_mir/recover-20221013/UBNA_001/20221012_030000.WAV,Telephone Field,recover-20221013,001,1795
796.1715,796.2134,68437,82704,Rhinolophus ferrumequinum,0.027,0.027,-1,Echolocation,/mnt/ubna_data_02_mir/recover-20221013/UBNA_001/20221012_030000.WAV,Telephone Field,recover-20221013,001,1795
796.1895,796.1975,26328,35250,Eptesicus serotinus,0.008,0.026,-1,Echolocation,/mnt/ubna_data_02_mir/recover-20221013/UBNA_001/20221012_030000.WAV,Telephone Field,recover-20221013,001,1795
796.1925,796.2056,51250,54895,Pipistrellus pipistrellus,0.024,0.045,-1,Echolocation,/mnt/ubna_data_02_mir/recover-20221013/UBNA_001/20221012_030000.WAV,Telephone Field,recover-20221013,001,1795
796.2465,796.2574,23750,29159,Nyctalus leisleri,0.012,0.025,-1,Echolocation,/mnt/ubna_data_02_mir/recover-20221013/UBNA_001/20221012_030000.WAV,Telephone Field,recover-20221013,001,1795
796.2845,796.3212,68437,82628,Rhinolophus ferrumequinum,0.022,0.022,-1,Echolocation,/mnt/ubna_data_02_mir/recover-20221013/UBNA_001/20221012_030000.WAV,Telephone Field,recover-20221013,001,1795
796.3635,796.3742,24609,30192,Nyctalus leisleri,0.009,0.022,-1,Echolocation,/mnt/ubna_data_02_mir/recover-20221013/UBNA_001/20221012_030000.WAV,Telephone Field,recover-20221013,001,1795
796.4515,796.4725,18593,21811,Nyctalus noctula,0.028,0.047,-1,Echolocation,/mnt/ubna_data_02_mir/recover-20221013/UBNA_001/20221012_030000.WAV,Telephone Field,recover-20221013,001,1795
796.4685,796.5076,68437,82384,Rhinolophus ferrumequinum,0.022,0.022,-1,Echolocation,/mnt/ubna_data_02_mir/recover-20221013/UBNA_001/20221012_030000.WAV,Telephone Field,recover-20221013,001,1795
796.4945,796.5057,22031,26261,Nyctalus leisleri,0.011,0.023,-1,Echolocation,/mnt/ubna_data_02_mir/recover-20221013/UBNA_001/20221012_030000.WAV,Telephone Field,recover-20221013,001,1795
796.5255,796.5618,68437,81487,Rhinolophus ferrumequinum,0.025,0.025,-1,Echolocation,/mnt/ubna_data_02_mir/recover-20221013/UBNA_001/20221012_030000.WAV,Telephone Field,recover-20221013,001,1795
796.5425,796.5833,68437,82330,Rhinolophus ferrumequinum,0.022,0.022,-1,Echolocation,/mnt/ubna_data_02_mir/recover-20221013/UBNA_001/20221012_030000.WAV,Telephone Field,recover-20221013,001,1795
796.5685,796.579,23750,30723,Nyctalus leisleri,0.01,0.025,-1,Echolocation,/mnt/ubna_data_02_mir/recover-20221013/UBNA_001/20221012_030000.WAV,Telephone Field,recover-20221013,001,1795
796.5725,796.6125,68437,82225,Rhinolophus ferrumequinum,0.022,0.022,-1,Echolocation,/mnt/ubna_data_02_mir/recover-20221013/UBNA_001/20221012_030000.WAV,Telephone Field,recover-20221013,001,1795
796.6185,796.6244,24609,38455,Plecotus austriacus,0.018,0.038,-1,Echolocation,/mnt/ubna_data_02_mir/recover-20221013/UBNA_001/20221012_030000.WAV,Telephone Field,recover-20221013,001,1795
796.6195,796.6252,28906,41817,Myotis daubentonii,0.009,0.039,-1,Echolocation,/mnt/ubna_data_02_mir/recover-20221013/UBNA_001/20221012_030000.WAV,Telephone Field,recover-20221013,001,1795
796.6215,796.6616,68437,82643,Rhinolophus ferrumequinum,0.025,0.025,-1,Echolocation,/mnt/ubna_data_02_mir/recover-20221013/UBNA_001/20221012_030000.WAV,Telephone Field,recover-20221013,001,1795
796.6265,796.6651,68437,82728,Rhinolophus ferrumequinum,0.025,0.025,-1,Echolocation,/mnt/ubna_data_02_mir/recover-20221013/UBNA_001/20221012_030000.WAV,Telephone Field,recover-20221013,001,1795
796.6465,796.682,68437,82482,Rhinolophus ferrumequinum,0.022,0.022,-1,Echolocation,/mnt/ubna_data_02_mir/recover-20221013/UBNA_001/20221012_030000.WAV,Telephone Field,recover-20221013,001,1795
796.7115,796.7489,68437,82305,Rhinolophus ferrumequinum,0.023,0.023,-1,Echolocation,/mnt/ubna_data_02_mir/recover-20221013/UBNA_001/20221012_030000.WAV,Telephone Field,recover-20221013,001,1795
796.7505,796.7923,68437,82322,Rhinolophus ferrumequinum,0.022,0.023,-1,Echolocation,/mnt/ubna_data_02_mir/recover-20221013/UBNA_001/20221012_030000.WAV,Telephone Field,recover-20221013,001,1795
796.7735,796.8123,68437,81821,Rhinolophus ferrumequinum,0.022,0.022,-1,Echolocation,/mnt/ubna_data_02_mir/recover-20221013/UBNA_001/20221012_030000.WAV,Telephone Field,recover-20221013,001,1795
796.8095,796.8489,68437,82970,Rhinolophus ferrumequinum,0.024,0.024,-1,Echolocation,/mnt/ubna_data_02_mir/recover-20221013/UBNA_001/20221012_030000.WAV,Telephone Field,recover-20221013,001,1795
796.8585,796.8982,68437,82484,Rhinolophus ferrumequinum,0.022,0.022,-1,Echolocation,/mnt/ubna_data_02_mir/recover-20221013/UBNA_001/20221012_030000.WAV,Telephone Field,recover-20221013,001,1795
796.8915,796.932,68437,82314,Rhinolophus ferrumequinum,0.025,0.025,-1,Echolocation,/mnt/ubna_data_02_mir/recover-20221013/UBNA_001/20221012_030000.WAV,Telephone Field,recover-20221013,001,1795
796.9005,796.9097,28046,37381,Eptesicus serotinus,0.009,0.024,-1,Echolocation,/mnt/ubna_data_02_mir/recover-20221013/UBNA_001/20221012_030000.WAV,Telephone Field,recover-20221013,001,1795
796.9205,796.9581000000001,68437,82222,Rhinolophus ferrumequinum,0.027,0.027,-1,Echolocation,/mnt/ubna_data_02_mir/recover-20221013/UBNA_001/20221012_030000.WAV,Telephone Field,recover-20221013,001,1795
796.9225,796.931,28046,38778,Eptesicus serotinus,0.008,0.022,-1,Echolocation,/mnt/ubna_data_02_mir/recover-20221013/UBNA_001/20221012_030000.WAV,Telephone Field,recover-20221013,001,1795
796.9275,796.9661,68437,82227,Rhinolophus ferrumequinum,0.022,0.022,-1,Echolocation,/mnt/ubna_data_02_mir/recover-20221013/UBNA_001/20221012_030000.WAV,Telephone Field,recover-20221013,001,1795
796.9545,796.9943,68437,82201,Rhinolophus ferrumequinum,0.029,0.029,-1,Echolocation,/mnt/ubna_data_02_mir/recover-20221013/UBNA_001/20221012_030000.WAV,Telephone Field,recover-20221013,001,1795
796.9915,796.9991,26328,39645,Eptesicus serotinus,0.006,0.022,-1,Echolocation,/mnt/ubna_data_02_mir/recover-20221013/UBNA_001/20221012_030000.WAV,Telephone Field,recover-20221013,001,1795
797.0155,797.0557,68437,82215,Rhinolophus ferrumequinum,0.022,0.022,-1,Echolocation,/mnt/ubna_data_02_mir/recover-20221013/UBNA_001/20221012_030000.WAV,Telephone Field,recover-20221013,001,1795
797.0405,797.0476,28906,41791,Eptesicus serotinus,0.01,0.033,-1,Echolocation,/mnt/ubna_data_02_mir/recover-20221013/UBNA_001/20221012_030000.WAV,Telephone Field,recover-20221013,001,1795
797.1075,797.146,68437,82688,Rhinolophus ferrumequinum,0.024,0.024,-1,Echolocation,/mnt/ubna_data_02_mir/recover-20221013/UBNA_001/20221012_030000.WAV,Telephone Field,recover-20221013,001,1795
797.1415,797.152,23750,30184,Nyctalus leisleri,0.009,0.025,-1,Echolocation,/mnt/ubna_data_02_mir/recover-20221013/UBNA_001/20221012_030000.WAV,Telephone Field,recover-20221013,001,1795
797.1695,797.2073,68437,81387,Rhinolophus ferrumequinum,0.022,0.022,-1,Echolocation,/mnt/ubna_data_02_mir/recover-20221013/UBNA_001/20221012_030000.WAV,Telephone Field,recover-20221013,001,1795
797.1755,797.1857,28046,35323,Eptesicus serotinus,0.014,0.029,-1,Echolocation,/mnt/ubna_data_02_mir/recover-20221013/UBNA_001/20221012_030000.WAV,Telephone Field,recover-20221013,001,1795
797.1765,797.2147,68437,81715,Rhinolophus ferrumequinum,0.023,0.023,-1,Echolocation,/mnt/ubna_data_02_mir/recover-20221013/UBNA_001/20221012_030000.WAV,Telephone Field,recover-20221013,001,1795
797.2475,797.2866,68437,82898,Rhinolophus ferrumequinum,0.022,0.022,-1,Echolocation,/mnt/ubna_data_02_mir/recover-20221013/UBNA_001/20221012_030000.WAV,Telephone Field,recover-20221013,001,1795
797.3105,797.3171,23750,32310,Plecotus austriacus,0.015,0.027,-1,Echolocation,/mnt/ubna_data_02_mir/recover-20221013/UBNA_001/20221012_030000.WAV,Telephone Field,recover-20221013,001,1795
797.3475,797.3821,68437,81270,Rhinolophus ferrumequinum,0.022,0.022,-1,Echolocation,/mnt/ubna_data_02_mir/recover-20221013/UBNA_001/20221012_030000.WAV,Telephone Field,recover-20221013,001,1795
797.3795,797.3902,22890,28216,Nyctalus leisleri,0.01,0.023,-1,Echolocation,/mnt/ubna_data_02_mir/recover-20221013/UBNA_001/20221012_030000.WAV,Telephone Field,recover-20221013,001,1795
797.3895,797.4019,25468,31264,Eptesicus serotinus,0.012,0.03,-1,Echolocation,/mnt/ubna_data_02_mir/recover-20221013/UBNA_001/20221012_030000.WAV,Telephone Field,recover-20221013,001,1795
797.4045,797.446,68437,83108,Rhinolophus ferrumequinum,0.029,0.029,-1,Echolocation,/mnt/ubna_data_02_mir/recover-20221013/UBNA_001/20221012_030000.WAV,Telephone Field,recover-20221013,001,1795
797.4455,797.4558,23750,29457,Nyctalus leisleri,0.014,0.03,-1,Echolocation,/mnt/ubna_data_02_mir/recover-20221013/UBNA_001/20221012_030000.WAV,Telephone Field,recover-20221013,001,1795
797.5015,797.5413,68437,82067,Rhinolophus ferrumequinum,0.024,0.024,-1,Echolocation,/mnt/ubna_data_02_mir/recover-20221013/UBNA_001/20221012_030000.WAV,Telephone Field,recover-20221013,001,1795
797.5425,797.5521,28046,36710,Eptesicus serotinus,0.011,0.025,-1,Echolocation,/mnt/ubna_data_02_mir/recover-20221013/UBNA_001/20221012_030000.WAV,Telephone Field,recover-20221013,001,1795
797.5525,797.5599,27187,39751,Eptesicus serotinus,0.006,0.022,-1,Echolocation,/mnt/ubna_data_02_mir/recover-20221013/UBNA_001/20221012_030000.WAV,Telephone Field,recover-20221013,001,1795
797.5895,797.627,68437,82334,Rhinolophus ferrumequinum,0.024,0.024,-1,Echolocation,/mnt/ubna_data_02_mir/recover-20221013/UBNA_001/20221012_030000.WAV,Telephone Field,recover-20221013,001,1795
797.6105,797.6498,68437,82225,Rhinolophus ferrumequinum,0.026,0.026,-1,Echolocation,/mnt/ubna_data_02_mir/recover-20221013/UBNA_001/20221012_030000.WAV,Telephone Field,recover-20221013,001,1795
797.6315,797.6415,28046,36810,Eptesicus serotinus,0.012,0.027,-1,Echolocation,/mnt/ubna_data_02_mir/recover-20221013/UBNA_001/20221012_030000.WAV,Telephone Field,recover-20221013,001,1795
797.6465,797.6827,68437,81836,Rhinolophus ferrumequinum,0.022,0.022,-1,Echolocation,/mnt/ubna_data_02_mir/recover-20221013/UBNA_001/20221012_030000.WAV,Telephone Field,recover-20221013,001,1795
797.6715,797.7127,68437,82089,Rhinolophus ferrumequinum,0.039,0.039,-1,Echolocation,/mnt/ubna_data_02_mir/recover-20221013/UBNA_001/20221012_030000.WAV,Telephone Field,recover-20221013,001,1795
797.6785,797.6896,22031,27250,Nyctalus leisleri,0.011,0.025,-1,Echolocation,/mnt/ubna_data_02_mir/recover-20221013/UBNA_001/20221012_030000.WAV,Telephone Field,recover-20221013,001,1795
797.7345,797.7724,68437,82035,Rhinolophus ferrumequinum,0.022,0.022,-1,Echolocation,/mnt/ubna_data_02_mir/recover-20221013/UBNA_001/20221012_030000.WAV,Telephone Field,recover-20221013,001,1795
797.7455,797.754,27187,41375,Eptesicus serotinus,0.011,0.028,-1,Echolocation,/mnt/ubna_data_02_mir/recover-20221013/UBNA_001/20221012_030000.WAV,Telephone Field,recover-20221013,001,1795
797.7465,797.7536,33203,43470,Myotis daubentonii,0.01,0.03,-1,Echolocation,/mnt/ubna_data_02_mir/recover-20221013/UBNA_001/20221012_030000.WAV,Telephone Field,recover-20221013,001,1795
797.7685,797.8031,68437,81178,Rhinolophus ferrumequinum,0.024,0.024,-1,Echolocation,/mnt/ubna_data_02_mir/recover-20221013/UBNA_001/20221012_030000.WAV,Telephone Field,recover-20221013,001,1795
797.7725,797.7805,23750,31626,Plecotus austriacus,0.009,0.022,-1,Echolocation,/mnt/ubna_data_02_mir/recover-20221013/UBNA_001/20221012_030000.WAV,Telephone Field,recover-20221013,001,1795
797.7845,797.793,26328,38780,Eptesicus serotinus,0.008,0.023,-1,Echolocation,/mnt/ubna_data_02_mir/recover-20221013/UBNA_001/20221012_030000.WAV,Telephone Field,recover-20221013,001,1795
797.8245,797.8355,22890,28351,Nyctalus leisleri,0.011,0.023,-1,Echolocation,/mnt/ubna_data_02_mir/recover-20221013/UBNA_001/20221012_030000.WAV,Telephone Field,recover-20221013,001,1795
797.8485000000001,797.8587,23750,29468,Nyctalus leisleri,0.009,0.022,-1,Echolocation,/mnt/ubna_data_02_mir/recover-20221013/UBNA_001/20221012_030000.WAV,Telephone Field,recover-20221013,001,1795
797.8595,797.87,27187,34661,Eptesicus serotinus,0.01,0.022,-1,Echolocation,/mnt/ubna_data_02_mir/recover-20221013/UBNA_001/20221012_030000.WAV,Telephone Field,recover-20221013,001,1795
797.8875,797.931,68437,83354,Rhinolophus ferrumequinum,0.052,0.052,-1,Echolocation,/mnt/ubna_data_02_mir/recover-20221013/UBNA_001/20221012_030000.WAV,Telephone Field,recover-20221013,001,1795
797.9435,797.9531,26328,36210,Eptesicus serotinus,0.008,0.023,-1,Echolocation,/mnt/ubna_data_02_mir/recover-20221013/UBNA_001/20221012_030000.WAV,Telephone Field,recover-20221013,001,1795
797.9875,797.9969,27187,38727,Eptesicus serotinus,0.01,0.023,-1,Echolocation,/mnt/ubna_data_02_mir/recover-20221013/UBNA_001/20221012_030000.WAV,Telephone Field,recover-20221013,001,1795
798.0015,798.0102,22890,31192,Nyctalus leisleri,0.008,0.029,-1,Echolocation,/mnt/ubna_data_02_mir/recover-20221013/UBNA_001/20221012_030000.WAV,Telephone Field,recover-20221013,001,1795
798.0015,798.0113,37500,42546,Pipistrellus nathusii,0.007,0.024,-1,Echolocation,/mnt/ubna_data_02_mir/recover-20221013/UBNA_001/20221012_030000.WAV,Telephone Field,recover-20221013,001,1795
798.0015,798.0385,68437,80211,Rhinolophus ferrumequinum,0.043,0.043,-1,Echolocation,/mnt/ubna_data_02_mir/recover-20221013/UBNA_001/20221012_030000.WAV,Telephone Field,recover-20221013,001,1795
798.0085,798.0533,68437,83036,Rhinolophus ferrumequinum,0.027,0.027,-1,Echolocation,/mnt/ubna_data_02_mir/recover-20221013/UBNA_001/20221012_030000.WAV,Telephone Field,recover-20221013,001,1795
798.0145,798.0579,68437,83000,Rhinolophus ferrumequinum,0.031,0.031,-1,Echolocation,/mnt/ubna_data_02_mir/recover-20221013/UBNA_001/20221012_030000.WAV,Telephone Field,recover-20221013,001,1795
798.0405,798.0775,68437,81912,Rhinolophus ferrumequinum,0.021,0.021,-1,Echolocation,/mnt/ubna_data_02_mir/recover-20221013/UBNA_001/20221012_030000.WAV,Telephone Field,recover-20221013,001,1795
798.0405,798.0488,22890,31576,Plecotus austriacus,0.014,0.029,-1,Echolocation,/mnt/ubna_data_02_mir/recover-20221013/UBNA_001/20221012_030000.WAV,Telephone Field,recover-20221013,001,1795
798.0585,798.0996,68437,83149,Rhinolophus ferrumequinum,0.027,0.027,-1,Echolocation,/mnt/ubna_data_02_mir/recover-20221013/UBNA_001/20221012_030000.WAV,Telephone Field,recover-20221013,001,1795
798.0765,798.1145,68437,82292,Rhinolophus ferrumequinum,0.042,0.042,-1,Echolocation,/mnt/ubna_data_02_mir/recover-20221013/UBNA_001/20221012_030000.WAV,Telephone Field,recover-20221013,001,1795
798.1215,798.1631,68437,83034,Rhinolophus ferrumequinum,0.027,0.027,-1,Echolocation,/mnt/ubna_data_02_mir/recover-20221013/UBNA_001/20221012_030000.WAV,Telephone Field,recover-20221013,001,1795
798.1275,798.1398,22890,27401,Nyctalus leisleri,0.018,0.032,-1,Echolocation,/mnt/ubna_data_02_mir/recover-20221013/UBNA_001/20221012_030000.WAV,Telephone Field,recover-20221013,001,1795
798.1425,798.1823,68437,82065,Rhinolophus ferrumequinum,0.025,0.025,-1,Echolocation,/mnt/ubna_data_02_mir/recover-20221013/UBNA_001/20221012_030000.WAV,Telephone Field,recover-20221013,001,1795
798.1495,798.1576,27187,36021,Eptesicus serotinus,0.009,0.025,-1,Echolocation,/mnt/ubna_data_02_mir/recover-20221013/UBNA_001/20221012_030000.WAV,Telephone Field,recover-20221013,001,1795
798.1895,798.2275,68437,81971,Rhinolophus ferrumequinum,0.022,0.023,-1,Echolocation,/mnt/ubna_data_02_mir/recover-20221013/UBNA_001/20221012_030000.WAV,Telephone Field,recover-20221013,001,1795
798.2015,798.2378,68437,81586,Rhinolophus ferrumequinum,0.023,0.023,-1,Echolocation,/mnt/ubna_data_02_mir/recover-20221013/UBNA_001/20221012_030000.WAV,Telephone Field,recover-20221013,001,1795
798.2215,798.2582,68437,81968,Rhinolophus ferrumequinum,0.022,0.022,-1,Echolocation,/mnt/ubna_data_02_mir/recover-20221013/UBNA_001/20221012_030000.WAV,Telephone Field,recover-20221013,001,1795
798.2365,798.2727,68437,81441,Rhinolophus ferrumequinum,0.022,0.022,-1,Echolocation,/mnt/ubna_data_02_mir/recover-20221013/UBNA_001/20221012_030000.WAV,Telephone Field,recover-20221013,001,1795
798.2365,798.2435,28906,39993,Eptesicus serotinus,0.007,0.023,-1,Echolocation,/mnt/ubna_data_02_mir/recover-20221013/UBNA_001/20221012_030000.WAV,Telephone Field,recover-20221013,001,1795
798.2535,798.2712,21171,24518,Nyctalus leisleri,0.016,0.029,-1,Echolocation,/mnt/ubna_data_02_mir/recover-20221013/UBNA_001/20221012_030000.WAV,Telephone Field,recover-20221013,001,1795
798.2625,798.3015,68437,82740,Rhinolophus ferrumequinum,0.027,0.027,-1,Echolocation,/mnt/ubna_data_02_mir/recover-20221013/UBNA_001/20221012_030000.WAV,Telephone Field,recover-20221013,001,1795
798.2945,798.3379,68437,83367,Rhinolophus ferrumequinum,0.028,0.028,-1,Echolocation,/mnt/ubna_data_02_mir/recover-20221013/UBNA_001/20221012_030000.WAV,Telephone Field,recover-20221013,001,1795
798.3475,798.3908,68437,82829,Rhinolophus ferrumequinum,0.037,0.037,-1,Echolocation,/mnt/ubna_data_02_mir/recover-20221013/UBNA_001/20221012_030000.WAV,Telephone Field,recover-20221013,001,1795
798.3765,798.4167,68437,82862,Rhinolophus ferrumequinum,0.022,0.022,-1,Echolocation,/mnt/ubna_data_02_mir/recover-20221013/UBNA_001/20221012_030000.WAV,Telephone Field,recover-20221013,001,1795
798.4345,798.4762,68437,82762,Rhinolophus ferrumequinum,0.021,0.021,-1,Echolocation,/mnt/ubna_data_02_mir/recover-20221013/UBNA_001/20221012_030000.WAV,Telephone Field,recover-20221013,001,1795
798.4735000000001,798.5152,68437,82287,Rhinolophus ferrumequinum,0.021,0.021,-1,Echolocation,/mnt/ubna_data_02_mir/recover-20221013/UBNA_001/20221012_030000.WAV,Telephone Field,recover-20221013,001,1795
798.5395,798.5782,68437,81581,Rhinolophus ferrumequinum,0.021,0.021,-1,Echolocation,/mnt/ubna_data_02_mir/recover-20221013/UBNA_001/20221012_030000.WAV,Telephone Field,recover-20221013,001,1795
798.5555,798.5957,68437,82414,Rhinolophus ferrumequinum,0.021,0.021,-1,Echolocation,/mnt/ubna_data_02_mir/recover-20221013/UBNA_001/20221012_030000.WAV,Telephone Field,recover-20221013,001,1795
798.5745,798.615,68437,82293,Rhinolophus ferrumequinum,0.027,0.027,-1,Echolocation,/mnt/ubna_data_02_mir/recover-20221013/UBNA_001/20221012_030000.WAV,Telephone Field,recover-20221013,001,1795
798.6595,798.6929,68437,80580,Rhinolophus ferrumequinum,0.025,0.025,-1,Echolocation,/mnt/ubna_data_02_mir/recover-20221013/UBNA_001/20221012_030000.WAV,Telephone Field,recover-20221013,001,1795
798.6695,798.6768,24609,34947,Plecotus austriacus,0.009,0.024,-1,Echolocation,/mnt/ubna_data_02_mir/recover-20221013/UBNA_001/20221012_030000.WAV,Telephone Field,recover-20221013,001,1795
798.7635,798.8017,68437,82270,Rhinolophus ferrumequinum,0.025,0.025,-1,Echolocation,/mnt/ubna_data_02_mir/recover-20221013/UBNA_001/20221012_030000.WAV,Telephone Field,recover-20221013,001,1795
798.7945,798.8321,68437,81859,Rhinolophus ferrumequinum,0.041,0.041,-1,Echolocation,/mnt/ubna_data_02_mir/recover-20221013/UBNA_001/20221012_030000.WAV,Telephone Field,recover-20221013,001,1795
798.8135,798.8212,23750,32383,Plecotus austriacus,0.012,0.027,-1,Echolocation,/mnt/ubna_data_02_mir/recover-20221013/UBNA_001/20221012_030000.WAV,Telephone Field,recover-20221013,001,1795
798.8275,798.8669,68437,81882,Rhinolophus ferrumequinum,0.022,0.022,-1,Echolocation,/mnt/ubna_data_02_mir/recover-20221013/UBNA_001/20221012_030000.WAV,Telephone Field,recover-20221013,001,1795
798.8475,798.861,22031,25715,Nyctalus leisleri,0.013,0.021,-1,Echolocation,/mnt/ubna_data_02_mir/recover-20221013/UBNA_001/20221012_030000.WAV,Telephone Field,recover-20221013,001,1795
798.8665,798.8742,28906,40114,Eptesicus serotinus,0.008,0.027,-1,Echolocation,/mnt/ubna_data_02_mir/recover-20221013/UBNA_001/20221012_030000.WAV,Telephone Field,recover-20221013,001,1795
798.8985,798.9365,68437,82260,Rhinolophus ferrumequinum,0.021,0.021,-1,Echolocation,/mnt/ubna_data_02_mir/recover-20221013/UBNA_001/20221012_030000.WAV,Telephone Field,recover-20221013,001,1795
798.9014999999999,798.9149,56406,62100,Pipistrellus pygmaeus,0.035,0.036,-1,Echolocation,/mnt/ubna_data_02_mir/recover-20221013/UBNA_001/20221012_030000.WAV,Telephone Field,recover-20221013,001,1795
798.9275,798.9654,68437,82282,Rhinolophus ferrumequinum,0.023,0.023,-1,Echolocation,/mnt/ubna_data_02_mir/recover-20221013/UBNA_001/20221012_030000.WAV,Telephone Field,recover-20221013,001,1795
798.9625,799.0016,68437,82302,Rhinolophus ferrumequinum,0.022,0.022,-1,Echolocation,/mnt/ubna_data_02_mir/recover-20221013/UBNA_001/20221012_030000.WAV,Telephone Field,recover-20221013,001,1795
798.9945,799.0277,68437,81211,Rhinolophus ferrumequinum,0.022,0.022,-1,Echolocation,/mnt/ubna_data_02_mir/recover-20221013/UBNA_001/20221012_030000.WAV,Telephone Field,recover-20221013,001,1795
799.0745,799.0837,27187,35936,Eptesicus serotinus,0.008,0.023,-1,Echolocation,/mnt/ubna_data_02_mir/recover-20221013/UBNA_001/20221012_030000.WAV,Telephone Field,recover-20221013,001,1795
799.1375,799.1778,68437,82195,Rhinolophus ferrumequinum,0.021,0.021,-1,Echolocation,/mnt/ubna_data_02_mir/recover-20221013/UBNA_001/20221012_030000.WAV,Telephone Field,recover-20221013,001,1795
799.1875,799.1995,26328,32115,Eptesicus serotinus,0.011,0.026,-1,Echolocation,/mnt/ubna_data_02_mir/recover-20221013/UBNA_001/20221012_030000.WAV,Telephone Field,recover-20221013,001,1795
799.2115,799.2462,68437,81163,Rhinolophus ferrumequinum,0.021,0.021,-1,Echolocation,/mnt/ubna_data_02_mir/recover-20221013/UBNA_001/20221012_030000.WAV,Telephone Field,recover-20221013,001,1795
799.2275,799.2633,68437,81775,Rhinolophus ferrumequinum,0.021,0.021,-1,Echolocation,/mnt/ubna_data_02_mir/recover-20221013/UBNA_001/20221012_030000.WAV,Telephone Field,recover-20221013,001,1795
799.2435,799.2802,68437,81748,Rhinolophus ferrumequinum,0.027,0.027,-1,Echolocation,/mnt/ubna_data_02_mir/recover-20221013/UBNA_001/20221012_030000.WAV,Telephone Field,recover-20221013,001,1795
799.2785,799.2945,22890,27025,Nyctalus leisleri,0.014,0.027,-1,Echolocation,/mnt/ubna_data_02_mir/recover-20221013/UBNA_001/20221012_030000.WAV,Telephone Field,recover-20221013,001,1795
799.2895,799.2975,29765,39092,Eptesicus serotinus,0.006,0.021,-1,Echolocation,/mnt/ubna_data_02_mir/recover-20221013/UBNA_001/20221012_030000.WAV,Telephone Field,recover-20221013,001,1795
799.2995,799.3126,50390,55496,Pipistrellus pipistrellus,0.042,0.051,-1,Echolocation,/mnt/ubna_data_02_mir/recover-20221013/UBNA_001/20221012_030000.WAV,Telephone Field,recover-20221013,001,1795
799.3115,799.3503,68437,82026,Rhinolophus ferrumequinum,0.024,0.024,-1,Echolocation,/mnt/ubna_data_02_mir/recover-20221013/UBNA_001/20221012_030000.WAV,Telephone Field,recover-20221013,001,1795
799.3435,799.3813,68437,81297,Rhinolophus ferrumequinum,0.021,0.021,-1,Echolocation,/mnt/ubna_data_02_mir/recover-20221013/UBNA_001/20221012_030000.WAV,Telephone Field,recover-20221013,001,1795
799.3605,799.3751,24609,28996,Nyctalus leisleri,0.022,0.044,-1,Echolocation,/mnt/ubna_data_02_mir/recover-20221013/UBNA_001/20221012_030000.WAV,Telephone Field,recover-20221013,001,1795
799.3625,799.3706,55546,60146,Pipistrellus pygmaeus,0.02,0.021,-1,Echolocation,/mnt/ubna_data_02_mir/recover-20221013/UBNA_001/20221012_030000.WAV,Telephone Field,recover-20221013,001,1795
799.4135,799.452,68437,82159,Rhinolophus ferrumequinum,0.022,0.022,-1,Echolocation,/mnt/ubna_data_02_mir/recover-20221013/UBNA_001/20221012_030000.WAV,Telephone Field,recover-20221013,001,1795
799.4185,799.4573,68437,82285,Rhinolophus ferrumequinum,0.022,0.022,-1,Echolocation,/mnt/ubna_data_02_mir/recover-20221013/UBNA_001/20221012_030000.WAV,Telephone Field,recover-20221013,001,1795
799.4305,799.4678,68437,81799,Rhinolophus ferrumequinum,0.022,0.022,-1,Echolocation,/mnt/ubna_data_02_mir/recover-20221013/UBNA_001/20221012_030000.WAV,Telephone Field,recover-20221013,001,1795
799.4455,799.4829,68437,81767,Rhinolophus ferrumequinum,0.023,0.023,-1,Echolocation,/mnt/ubna_data_02_mir/recover-20221013/UBNA_001/20221012_030000.WAV,Telephone Field,recover-20221013,001,1795
799.5085,799.5217,22890,27094,Nyctalus leisleri,0.026,0.048,-1,Echolocation,/mnt/ubna_data_02_mir/recover-20221013/UBNA_001/20221012_030000.WAV,Telephone Field,recover-20221013,001,1795
799.5365,799.5745,68437,81837,Rhinolophus ferrumequinum,0.021,0.021,-1,Echolocation,/mnt/ubna_data_02_mir/recover-20221013/UBNA_001/20221012_030000.WAV,Telephone Field,recover-20221013,001,1795
799.5735,799.6141,68437,82137,Rhinolophus ferrumequinum,0.023,0.023,-1,Echolocation,/mnt/ubna_data_02_mir/recover-20221013/UBNA_001/20221012_030000.WAV,Telephone Field,recover-20221013,001,1795
799.5985000000001,799.6068,37500,44931,Pipistrellus nathusii,0.007,0.025,-1,Echolocation,/mnt/ubna_data_02_mir/recover-20221013/UBNA_001/20221012_030000.WAV,Telephone Field,recover-20221013,001,1795
799.6015,799.6082,28046,46582,Eptesicus serotinus,0.006,0.021,-1,Echolocation,/mnt/ubna_data_02_mir/recover-20221013/UBNA_001/20221012_030000.WAV,Telephone Field,recover-20221013,001,1795
799.6345,799.672,68437,81805,Rhinolophus ferrumequinum,0.021,0.021,-1,Echolocation,/mnt/ubna_data_02_mir/recover-20221013/UBNA_001/20221012_030000.WAV,Telephone Field,recover-20221013,001,1795
799.6475,799.6579,22890,28325,Nyctalus leisleri,0.01,0.025,-1,Echolocation,/mnt/ubna_data_02_mir/recover-20221013/UBNA_001/20221012_030000.WAV,Telephone Field,recover-20221013,001,1795
799.6675,799.7051,68437,81475,Rhinolophus ferrumequinum,0.021,0.021,-1,Echolocation,/mnt/ubna_data_02_mir/recover-20221013/UBNA_001/20221012_030000.WAV,Telephone Field,recover-20221013,001,1795
799.6925,799.705,36640,41364,Pipistrellus nathusii,0.046,0.071,-1,Echolocation,/mnt/ubna_data_02_mir/recover-20221013/UBNA_001/20221012_030000.WAV,Telephone Field,recover-20221013,001,1795
799.7095,799.7166,50390,54659,Pipistrellus pipistrellus,0.02,0.023,-1,Echolocation,/mnt/ubna_data_02_mir/recover-20221013/UBNA_001/20221012_030000.WAV,Telephone Field,recover-20221013,001,1795
799.7255,799.7359,22031,27149,Nyctalus leisleri,0.01,0.023,-1,Echolocation,/mnt/ubna_data_02_mir/recover-20221013/UBNA_001/20221012_030000.WAV,Telephone Field,recover-20221013,001,1795
799.7255,799.7634,68437,82023,Rhinolophus ferrumequinum,0.024,0.024,-1,Echolocation,/mnt/ubna_data_02_mir/recover-20221013/UBNA_001/20221012_030000.WAV,Telephone Field,recover-20221013,001,1795
799.7305,799.7377,48671,56315,Pipistrellus pipistrellus,0.019,0.022,-1,Echolocation,/mnt/ubna_data_02_mir/recover-20221013/UBNA_001/20221012_030000.WAV,Telephone Field,recover-20221013,001,1795
799.7615,799.7958,68437,81148,Rhinolophus ferrumequinum,0.027,0.027,-1,Echolocation,/mnt/ubna_data_02_mir/recover-20221013/UBNA_001/20221012_030000.WAV,Telephone Field,recover-20221013,001,1795
799.7855,799.8265,68437,82925,Rhinolophus ferrumequinum,0.031,0.031,-1,Echolocation,/mnt/ubna_data_02_mir/recover-20221013/UBNA_001/20221012_030000.WAV,Telephone Field,recover-20221013,001,1795
799.8065,799.825,19453,22544,Nyctalus leisleri,0.02,0.038,-1,Echolocation,/mnt/ubna_data_02_mir/recover-20221013/UBNA_001/20221012_030000.WAV,Telephone Field,recover-20221013,001,1795
799.8085,799.8495,68437,82164,Rhinolophus ferrumequinum,0.021,0.021,-1,Echolocation,/mnt/ubna_data_02_mir/recover-20221013/UBNA_001/20221012_030000.WAV,Telephone Field,recover-20221013,001,1795
799.8175,799.8246,48671,57608,Pipistrellus pipistrellus,0.016,0.022,-1,Echolocation,/mnt/ubna_data_02_mir/recover-20221013/UBNA_001/20221012_030000.WAV,Telephone Field,recover-20221013,001,1795
799.8545,799.8901,68437,82483,Rhinolophus ferrumequinum,0.022,0.022,-1,Echolocation,/mnt/ubna_data_02_mir/recover-20221013/UBNA_001/20221012_030000.WAV,Telephone Field,recover-20221013,001,1795
799.8715,799.9079,68437,81197,Rhinolophus ferrumequinum,0.023,0.023,-1,Echolocation,/mnt/ubna_data_02_mir/recover-20221013/UBNA_001/20221012_030000.WAV,Telephone Field,recover-20221013,001,1795
799.8825,799.9199,68437,81737,Rhinolophus ferrumequinum,0.021,0.021,-1,Echolocation,/mnt/ubna_data_02_mir/recover-20221013/UBNA_001/20221012_030000.WAV,Telephone Field,recover-20221013,001,1795
799.9035,799.9457,68437,82874,Rhinolophus ferrumequinum,0.034,0.034,-1,Echolocation,/mnt/ubna_data_02_mir/recover-20221013/UBNA_001/20221012_030000.WAV,Telephone Field,recover-20221013,001,1795
799.9285,799.9714,68437,83059,Rhinolophus ferrumequinum,0.052,0.052,-1,Echolocation,/mnt/ubna_data_02_mir/recover-20221013/UBNA_001/20221012_030000.WAV,Telephone Field,recover-20221013,001,1795
799.9365,799.9467,22031,27398,Nyctalus leisleri,0.009,0.022,-1,Echolocation,/mnt/ubna_data_02_mir/recover-20221013/UBNA_001/20221012_030000.WAV,Telephone Field,recover-20221013,001,1795
799.9495,799.9618,23750,28498,Nyctalus leisleri,0.012,0.026,-1,Echolocation,/mnt/ubna_data_02_mir/recover-20221013/UBNA_001/20221012_030000.WAV,Telephone Field,recover-20221013,001,1795
799.9655,799.9751,28906,37578,Eptesicus serotinus,0.008,0.021,-1,Echolocation,/mnt/ubna_data_02_mir/recover-20221013/UBNA_001/20221012_030000.WAV,Telephone Field,recover-20221013,001,1795
800.0015,800.0357,69296,81859,Rhinolophus ferrumequinum,0.035,0.035,-1,Echolocation,/mnt/ubna_data_02_mir/recover-20221013/UBNA_001/20221012_030000.WAV,Telephone Field,recover-20221013,001,1795
800.0015,800.0159,20312,25461,Nyctalus leisleri,0.015,0.036,-1,Echolocation,/mnt/ubna_data_02_mir/recover-20221013/UBNA_001/20221012_030000.WAV,Telephone Field,recover-20221013,001,1795
800.0085,800.0536,68437,81605,Rhinolophus ferrumequinum,0.028,0.028,-1,Echolocation,/mnt/ubna_data_02_mir/recover-20221013/UBNA_001/20221012_030000.WAV,Telephone Field,recover-20221013,001,1795
800.0145,800.0357,18593,22193,Nyctalus noctula,0.056,0.096,-1,Echolocation,/mnt/ubna_data_02_mir/recover-20221013/UBNA_001/20221012_030000.WAV,Telephone Field,recover-20221013,001,1795
800.0755,800.1122,68437,81527,Rhinolophus ferrumequinum,0.023,0.023,-1,Echolocation,/mnt/ubna_data_02_mir/recover-20221013/UBNA_001/20221012_030000.WAV,Telephone Field,recover-20221013,001,1795
800.1195,800.1588,68437,82445,Rhinolophus ferrumequinum,0.023,0.023,-1,Echolocation,/mnt/ubna_data_02_mir/recover-20221013/UBNA_001/20221012_030000.WAV,Telephone Field,recover-20221013,001,1795
800.1255,800.1352,22890,28919,Plecotus austriacus,0.01,0.029,-1,Echolocation,/mnt/ubna_data_02_mir/recover-20221013/UBNA_001/20221012_030000.WAV,Telephone Field,recover-20221013,001,1795
800.1535,800.1985999999999,68437,83729,Rhinolophus ferrumequinum,0.057,0.057,-1,Echolocation,/mnt/ubna_data_02_mir/recover-20221013/UBNA_001/20221012_030000.WAV,Telephone Field,recover-20221013,001,1795
800.1835,800.1904,27187,37406,Eptesicus serotinus,0.006,0.023,-1,Echolocation,/mnt/ubna_data_02_mir/recover-20221013/UBNA_001/20221012_030000.WAV,Telephone Field,recover-20221013,001,1795
800.1875,800.2279,68437,82403,Rhinolophus ferrumequinum,0.022,0.022,-1,Echolocation,/mnt/ubna_data_02_mir/recover-20221013/UBNA_001/20221012_030000.WAV,Telephone Field,recover-20221013,001,1795
800.2155,800.2246,25468,33240,Eptesicus serotinus,0.008,0.022,-1,Echolocation,/mnt/ubna_data_02_mir/recover-20221013/UBNA_001/20221012_030000.WAV,Telephone Field,recover-20221013,001,1795
800.2345,800.244,50390,54566,Pipistrellus pipistrellus,0.029,0.033,-1,Echolocation,/mnt/ubna_data_02_mir/recover-20221013/UBNA_001/20221012_030000.WAV,Telephone Field,recover-20221013,001,1795
800.2355,800.2763,68437,82567,Rhinolophus ferrumequinum,0.022,0.022,-1,Echolocation,/mnt/ubna_data_02_mir/recover-20221013/UBNA_001/20221012_030000.WAV,Telephone Field,recover-20221013,001,1795
800.2585,800.2965,68437,81542,Rhinolophus ferrumequinum,0.023,0.023,-1,Echolocation,/mnt/ubna_data_02_mir/recover-20221013/UBNA_001/20221012_030000.WAV,Telephone Field,recover-20221013,001,1795
800.2785,800.2874,28046,36386,Eptesicus serotinus,0.01,0.025,-1,Echolocation,/mnt/ubna_data_02_mir/recover-20221013/UBNA_001/20221012_030000.WAV,Telephone Field,recover-20221013,001,1795
800.2905,800.3263,68437,81416,Rhinolophus ferrumequinum,0.024,0.024,-1,Echolocation,/mnt/ubna_data_02_mir/recover-20221013/UBNA_001/20221012_030000.WAV,Telephone Field,recover-20221013,001,1795
800.2955,800.3064,22890,28224,Nyctalus leisleri,0.011,0.023,-1,Echolocation,/mnt/ubna_data_02_mir/recover-20221013/UBNA_001/20221012_030000.WAV,Telephone Field,recover-20221013,001,1795
800.3205,800.3561,68437,81071,Rhinolophus ferrumequinum,0.024,0.024,-1,Echolocation,/mnt/ubna_data_02_mir/recover-20221013/UBNA_001/20221012_030000.WAV,Telephone Field,recover-20221013,001,1795
800.3275,800.3633,68437,81032,Rhinolophus ferrumequinum,0.022,0.022,-1,Echolocation,/mnt/ubna_data_02_mir/recover-20221013/UBNA_001/20221012_030000.WAV,Telephone Field,recover-20221013,001,1795
800.3285,800.3374,22890,29988,Plecotus austriacus,0.01,0.025,-1,Echolocation,/mnt/ubna_data_02_mir/recover-20221013/UBNA_001/20221012_030000.WAV,Telephone Field,recover-20221013,001,1795
800.3305,800.3385,28906,38479,Eptesicus serotinus,0.007,0.022,-1,Echolocation,/mnt/ubna_data_02_mir/recover-20221013/UBNA_001/20221012_030000.WAV,Telephone Field,recover-20221013,001,1795
800.3525,800.3932,68437,83002,Rhinolophus ferrumequinum,0.023,0.024,-1,Echolocation,/mnt/ubna_data_02_mir/recover-20221013/UBNA_001/20221012_030000.WAV,Telephone Field,recover-20221013,001,1795
800.4045,800.4399,68437,81552,Rhinolophus ferrumequinum,0.021,0.021,-1,Echolocation,/mnt/ubna_data_02_mir/recover-20221013/UBNA_001/20221012_030000.WAV,Telephone Field,recover-20221013,001,1795
800.4185,800.4281,22031,27510,Nyctalus leisleri,0.008,0.021,-1,Echolocation,/mnt/ubna_data_02_mir/recover-20221013/UBNA_001/20221012_030000.WAV,Telephone Field,recover-20221013,001,1795
800.4505,800.4927,68437,82582,Rhinolophus ferrumequinum,0.023,0.023,-1,Echolocation,/mnt/ubna_data_02_mir/recover-20221013/UBNA_001/20221012_030000.WAV,Telephone Field,recover-20221013,001,1795
800.4715,800.4825,28906,36245,Eptesicus serotinus,0.01,0.024,-1,Echolocation,/mnt/ubna_data_02_mir/recover-20221013/UBNA_001/20221012_030000.WAV,Telephone Field,recover-20221013,001,1795
800.4845,800.5192,68437,81087,Rhinolophus ferrumequinum,0.022,0.022,-1,Echolocation,/mnt/ubna_data_02_mir/recover-20221013/UBNA_001/20221012_030000.WAV,Telephone Field,recover-20221013,001,1795
800.5025,800.5163,15156,20485,Nyctalus noctula,0.016,0.023,-1,Echolocation,/mnt/ubna_data_02_mir/recover-20221013/UBNA_001/20221012_030000.WAV,Telephone Field,recover-20221013,001,1795
800.5115,800.547,68437,81674,Rhinolophus ferrumequinum,0.021,0.021,-1,Echolocation,/mnt/ubna_data_02_mir/recover-20221013/UBNA_001/20221012_030000.WAV,Telephone Field,recover-20221013,001,1795
800.5425,800.5791,68437,81892,Rhinolophus ferrumequinum,0.021,0.021,-1,Echolocation,/mnt/ubna_data_02_mir/recover-20221013/UBNA_001/20221012_030000.WAV,Telephone Field,recover-20221013,001,1795
800.5595,800.6009,68437,82704,Rhinolophus ferrumequinum,0.023,0.023,-1,Echolocation,/mnt/ubna_data_02_mir/recover-20221013/UBNA_001/20221012_030000.WAV,Telephone Field,recover-20221013,001,1795
800.5865,800.5965,22031,27485,Nyctalus leisleri,0.01,0.024,-1,Echolocation,/mnt/ubna_data_02_mir/recover-20221013/UBNA_001/20221012_030000.WAV,Telephone Field,recover-20221013,001,1795
800.6005,800.6406,68437,82331,Rhinolophus ferrumequinum,0.023,0.023,-1,Echolocation,/mnt/ubna_data_02_mir/recover-20221013/UBNA_001/20221012_030000.WAV,Telephone Field,recover-20221013,001,1795
800.6155,800.6221,25468,34812,Plecotus austriacus,0.008,0.025,-1,Echolocation,/mnt/ubna_data_02_mir/recover-20221013/UBNA_001/20221012_030000.WAV,Telephone Field,recover-20221013,001,1795
800.6295,800.6682,68437,82260,Rhinolophus ferrumequinum,0.022,0.022,-1,Echolocation,/mnt/ubna_data_02_mir/recover-20221013/UBNA_001/20221012_030000.WAV,Telephone Field,recover-20221013,001,1795
800.6355,800.6757,68437,82303,Rhinolophus ferrumequinum,0.022,0.022,-1,Echolocation,/mnt/ubna_data_02_mir/recover-20221013/UBNA_001/20221012_030000.WAV,Telephone Field,recover-20221013,001,1795
800.6415,800.6516,24609,32584,Eptesicus serotinus,0.007,0.022,-1,Echolocation,/mnt/ubna_data_02_mir/recover-20221013/UBNA_001/20221012_030000.WAV,Telephone Field,recover-20221013,001,1795
800.6595,800.6666,23750,32631,Plecotus austriacus,0.012,0.026,-1,Echolocation,/mnt/ubna_data_02_mir/recover-20221013/UBNA_001/20221012_030000.WAV,Telephone Field,recover-20221013,001,1795
800.6895,800.7295,68437,82564,Rhinolophus ferrumequinum,0.022,0.022,-1,Echolocation,/mnt/ubna_data_02_mir/recover-20221013/UBNA_001/20221012_030000.WAV,Telephone Field,recover-20221013,001,1795
800.6915,800.6991,27187,39435,Eptesicus serotinus,0.008,0.027,-1,Echolocation,/mnt/ubna_data_02_mir/recover-20221013/UBNA_001/20221012_030000.WAV,Telephone Field,recover-20221013,001,1795
800.7075,800.7432,68437,80699,Rhinolophus ferrumequinum,0.022,0.022,-1,Echolocation,/mnt/ubna_data_02_mir/recover-20221013/UBNA_001/20221012_030000.WAV,Telephone Field,recover-20221013,001,1795
800.7285,800.7707,68437,82871,Rhinolophus ferrumequinum,0.025,0.025,-1,Echolocation,/mnt/ubna_data_02_mir/recover-20221013/UBNA_001/20221012_030000.WAV,Telephone Field,recover-20221013,001,1795
800.7935,800.8332,68437,81446,Rhinolophus ferrumequinum,0.023,0.023,-1,Echolocation,/mnt/ubna_data_02_mir/recover-20221013/UBNA_001/20221012_030000.WAV,Telephone Field,recover-20221013,001,1795
800.8115,800.8185,23750,32458,Plecotus austriacus,0.012,0.027,-1,Echolocation,/mnt/ubna_data_02_mir/recover-20221013/UBNA_001/20221012_030000.WAV,Telephone Field,recover-20221013,001,1795
800.8215,800.8319,28906,36066,Eptesicus serotinus,0.013,0.026,-1,Echolocation,/mnt/ubna_data_02_mir/recover-20221013/UBNA_001/20221012_030000.WAV,Telephone Field,recover-20221013,001,1795
800.8285,800.8492,17734,21176,Nyctalus noctula,0.014,0.023,-1,Echolocation,/mnt/ubna_data_02_mir/recover-20221013/UBNA_001/20221012_030000.WAV,Telephone Field,recover-20221013,001,1795
800.8325,800.8742,68437,82324,Rhinolophus ferrumequinum,0.022,0.022,-1,Echolocation,/mnt/ubna_data_02_mir/recover-20221013/UBNA_001/20221012_030000.WAV,Telephone Field,recover-20221013,001,1795
800.8385,800.8467,28046,40525,Eptesicus serotinus,0.007,0.022,-1,Echolocation,/mnt/ubna_data_02_mir/recover-20221013/UBNA_001/20221012_030000.WAV,Telephone Field,recover-20221013,001,1795
800.8675,800.8805,22890,27928,Nyctalus leisleri,0.012,0.025,-1,Echolocation,/mnt/ubna_data_02_mir/recover-20221013/UBNA_001/20221012_030000.WAV,Telephone Field,recover-20221013,001,1795
800.8705,800.9095,68437,82038,Rhinolophus ferrumequinum,0.026,0.026,-1,Echolocation,/mnt/ubna_data_02_mir/recover-20221013/UBNA_001/20221012_030000.WAV,Telephone Field,recover-20221013,001,1795
800.9014999999999,800.9409,68437,81863,Rhinolophus ferrumequinum,0.021,0.021,-1,Echolocation,/mnt/ubna_data_02_mir/recover-20221013/UBNA_001/20221012_030000.WAV,Telephone Field,recover-20221013,001,1795
800.9185,800.956,68437,81617,Rhinolophus ferrumequinum,0.024,0.024,-1,Echolocation,/mnt/ubna_data_02_mir/recover-20221013/UBNA_001/20221012_030000.WAV,Telephone Field,recover-20221013,001,1795
800.9205,800.9286,27187,39215,Eptesicus serotinus,0.008,0.022,-1,Echolocation,/mnt/ubna_data_02_mir/recover-20221013/UBNA_001/20221012_030000.WAV,Telephone Field,recover-20221013,001,1795
800.9385,800.9769,68437,81689,Rhinolophus ferrumequinum,0.024,0.024,-1,Echolocation,/mnt/ubna_data_02_mir/recover-20221013/UBNA_001/20221012_030000.WAV,Telephone Field,recover-20221013,001,1795
800.9595,800.9985,68437,81817,Rhinolophus ferrumequinum,0.022,0.022,-1,Echolocation,/mnt/ubna_data_02_mir/recover-20221013/UBNA_001/20221012_030000.WAV,Telephone Field,recover-20221013,001,1795
800.9655,800.9763,22890,27618,Nyctalus leisleri,0.011,0.021,-1,Echolocation,/mnt/ubna_data_02_mir/recover-20221013/UBNA_001/20221012_030000.WAV,Telephone Field,recover-20221013,001,1795
800.9825,801.0206000000001,68437,82280,Rhinolophus ferrumequinum,0.024,0.024,-1,Echolocation,/mnt/ubna_data_02_mir/recover-20221013/UBNA_001/20221012_030000.WAV,Telephone Field,recover-20221013,001,1795
800.9925,801.0036,28046,35398,Eptesicus serotinus,0.011,0.023,-1,Echolocation,/mnt/ubna_data_02_mir/recover-20221013/UBNA_001/20221012_030000.WAV,Telephone Field,recover-20221013,001,1795
801.0325,801.0733,68437,82124,Rhinolophus ferrumequinum,0.023,0.023,-1,Echolocation,/mnt/ubna_data_02_mir/recover-20221013/UBNA_001/20221012_030000.WAV,Telephone Field,recover-20221013,001,1795
801.0385,801.0776,68437,82364,Rhinolophus ferrumequinum,0.022,0.022,-1,Echolocation,/mnt/ubna_data_02_mir/recover-20221013/UBNA_001/20221012_030000.WAV,Telephone Field,recover-20221013,001,1795
801.0545,801.0927,68437,81753,Rhinolophus ferrumequinum,0.022,0.022,-1,Echolocation,/mnt/ubna_data_02_mir/recover-20221013/UBNA_001/20221012_030000.WAV,Telephone Field,recover-20221013,001,1795
801.0685,801.0742,39218,49361,Myotis daubentonii,0.009,0.021,-1,Echolocation,/mnt/ubna_data_02_mir/recover-20221013/UBNA_001/20221012_030000.WAV,Telephone Field,recover-20221013,001,1795
801.0705,801.0768,28046,46094,Eptesicus serotinus,0.006,0.024,-1,Echolocation,/mnt/ubna_data_02_mir/recover-20221013/UBNA_001/20221012_030000.WAV,Telephone Field,recover-20221013,001,1795
801.0715,801.0768,32343,48904,Myotis daubentonii,0.011,0.023,-1,Echolocation,/mnt/ubna_data_02_mir/recover-20221013/UBNA_001/20221012_030000.WAV,Telephone Field,recover-20221013,001,1795
801.2755,801.2851,28906,38253,Eptesicus serotinus,0.011,0.028,-1,Echolocation,/mnt/ubna_data_02_mir/recover-20221013/UBNA_001/20221012_030000.WAV,Telephone Field,recover-20221013,001,1795
801.2785,801.3192,68437,82362,Rhinolophus ferrumequinum,0.024,0.024,-1,Echolocation,/mnt/ubna_data_02_mir/recover-20221013/UBNA_001/20221012_030000.WAV,Telephone Field,recover-20221013,001,1795
801.3325,801.341,27187,37897,Eptesicus serotinus,0.009,0.028,-1,Echolocation,/mnt/ubna_data_02_mir/recover-20221013/UBNA_001/20221012_030000.WAV,Telephone Field,recover-20221013,001,1795
801.3505,801.3908,68437,82808,Rhinolophus ferrumequinum,0.026,0.026,-1,Echolocation,/mnt/ubna_data_02_mir/recover-20221013/UBNA_001/20221012_030000.WAV,Telephone Field,recover-20221013,001,1795
801.3575,801.3663,28046,38893,Eptesicus serotinus,0.01,0.026,-1,Echolocation,/mnt/ubna_data_02_mir/recover-20221013/UBNA_001/20221012_030000.WAV,Telephone Field,recover-20221013,001,1795
801.3685,801.3785,56406,61088,Pipistrellus pygmaeus,0.026,0.028,-1,Echolocation,/mnt/ubna_data_02_mir/recover-20221013/UBNA_001/20221012_030000.WAV,Telephone Field,recover-20221013,001,1795
801.3815,801.4195,68437,82055,Rhinolophus ferrumequinum,0.024,0.024,-1,Echolocation,/mnt/ubna_data_02_mir/recover-20221013/UBNA_001/20221012_030000.WAV,Telephone Field,recover-20221013,001,1795
801.4105,801.4247,45234,48495,Pipistrellus pipistrellus,0.078,0.091,-1,Echolocation,/mnt/ubna_data_02_mir/recover-20221013/UBNA_001/20221012_030000.WAV,Telephone Field,recover-20221013,001,1795
801.4365,801.4736,68437,81845,Rhinolophus ferrumequinum,0.025,0.026,-1,Echolocation,/mnt/ubna_data_02_mir/recover-20221013/UBNA_001/20221012_030000.WAV,Telephone Field,recover-20221013,001,1795
801.4665,801.5028,68437,81354,Rhinolophus ferrumequinum,0.021,0.021,-1,Echolocation,/mnt/ubna_data_02_mir/recover-20221013/UBNA_001/20221012_030000.WAV,Telephone Field,recover-20221013,001,1795
801.4725,801.4827,22890,28041,Nyctalus leisleri,0.01,0.021,-1,Echolocation,/mnt/ubna_data_02_mir/recover-20221013/UBNA_001/20221012_030000.WAV,Telephone Field,recover-20221013,001,1795
801.5235,801.5596,68437,81258,Rhinolophus ferrumequinum,0.023,0.023,-1,Echolocation,/mnt/ubna_data_02_mir/recover-20221013/UBNA_001/20221012_030000.WAV,Telephone Field,recover-20221013,001,1795
801.5985000000001,801.6395,68437,82465,Rhinolophus ferrumequinum,0.025,0.025,-1,Echolocation,/mnt/ubna_data_02_mir/recover-20221013/UBNA_001/20221012_030000.WAV,Telephone Field,recover-20221013,001,1795
801.6495,801.6606,37500,42800,Pipistrellus nathusii,0.014,0.027,-1,Echolocation,/mnt/ubna_data_02_mir/recover-20221013/UBNA_001/20221012_030000.WAV,Telephone Field,recover-20221013,001,1795
801.6565,801.6936,68437,81095,Rhinolophus ferrumequinum,0.023,0.023,-1,Echolocation,/mnt/ubna_data_02_mir/recover-20221013/UBNA_001/20221012_030000.WAV,Telephone Field,recover-20221013,001,1795
801.7245,801.7632,68437,81940,Rhinolophus ferrumequinum,0.022,0.022,-1,Echolocation,/mnt/ubna_data_02_mir/recover-20221013/UBNA_001/20221012_030000.WAV,Telephone Field,recover-20221013,001,1795
801.7485,801.7595,54687,59310,Pipistrellus pygmaeus,0.018,0.022,-1,Echolocation,/mnt/ubna_data_02_mir/recover-20221013/UBNA_001/20221012_030000.WAV,Telephone Field,recover-20221013,001,1795
801.7495,801.7599,22031,27311,Nyctalus leisleri,0.009,0.023,-1,Echolocation,/mnt/ubna_data_02_mir/recover-20221013/UBNA_001/20221012_030000.WAV,Telephone Field,recover-20221013,001,1795
801.7695,801.8092,68437,82637,Rhinolophus ferrumequinum,0.023,0.023,-1,Echolocation,/mnt/ubna_data_02_mir/recover-20221013/UBNA_001/20221012_030000.WAV,Telephone Field,recover-20221013,001,1795
801.8005,801.8126,23750,28935,Nyctalus leisleri,0.014,0.029,-1,Echolocation,/mnt/ubna_data_02_mir/recover-20221013/UBNA_001/20221012_030000.WAV,Telephone Field,recover-20221013,001,1795
801.8105,801.85,68437,83167,Rhinolophus ferrumequinum,0.034,0.035,-1,Echolocation,/mnt/ubna_data_02_mir/recover-20221013/UBNA_001/20221012_030000.WAV,Telephone Field,recover-20221013,001,1795
801.8285,801.8668,68437,82510,Rhinolophus ferrumequinum,0.023,0.023,-1,Echolocation,/mnt/ubna_data_02_mir/recover-20221013/UBNA_001/20221012_030000.WAV,Telephone Field,recover-20221013,001,1795
801.8315,801.8416,27187,34445,Eptesicus serotinus,0.011,0.023,-1,Echolocation,/mnt/ubna_data_02_mir/recover-20221013/UBNA_001/20221012_030000.WAV,Telephone Field,recover-20221013,001,1795
801.9275,801.9674,68437,82477,Rhinolophus ferrumequinum,0.025,0.025,-1,Echolocation,/mnt/ubna_data_02_mir/recover-20221013/UBNA_001/20221012_030000.WAV,Telephone Field,recover-20221013,001,1795
801.9495,801.9873,68437,81846,Rhinolophus ferrumequinum,0.024,0.024,-1,Echolocation,/mnt/ubna_data_02_mir/recover-20221013/UBNA_001/20221012_030000.WAV,Telephone Field,recover-20221013,001,1795
801.9565,801.9958,68437,82270,Rhinolophus ferrumequinum,0.026,0.026,-1,Echolocation,/mnt/ubna_data_02_mir/recover-20221013/UBNA_001/20221012_030000.WAV,Telephone Field,recover-20221013,001,1795
801.9585,801.9763,16015,21825,Nyctalus noctula,0.018,0.024,-1,Echolocation,/mnt/ubna_data_02_mir/recover-20221013/UBNA_001/20221012_030000.WAV,Telephone Field,recover-20221013,001,1795
802.0015,802.0115,28906,35870,Eptesicus serotinus,0.01,0.024,-1,Echolocation,/mnt/ubna_data_02_mir/recover-20221013/UBNA_001/20221012_030000.WAV,Telephone Field,recover-20221013,001,1795
802.0015,802.0094,23750,33204,Nyctalus leisleri,0.006,0.025,-1,Echolocation,/mnt/ubna_data_02_mir/recover-20221013/UBNA_001/20221012_030000.WAV,Telephone Field,recover-20221013,001,1795
802.0015,802.0339,68437,80624,Rhinolophus ferrumequinum,0.037,0.037,-1,Echolocation,/mnt/ubna_data_02_mir/recover-20221013/UBNA_001/20221012_030000.WAV,Telephone Field,recover-20221013,001,1795
802.0015,802.014,18593,23950,Nyctalus noctula,0.009,0.023,-1,Echolocation,/mnt/ubna_data_02_mir/recover-20221013/UBNA_001/20221012_030000.WAV,Telephone Field,recover-20221013,001,1795
802.0065,802.0487,68437,81444,Rhinolophus ferrumequinum,0.021,0.021,-1,Echolocation,/mnt/ubna_data_02_mir/recover-20221013/UBNA_001/20221012_030000.WAV,Telephone Field,recover-20221013,001,1795
802.0065,802.0153,27187,35536,Eptesicus serotinus,0.009,0.024,-1,Echolocation,/mnt/ubna_data_02_mir/recover-20221013/UBNA_001/20221012_030000.WAV,Telephone Field,recover-20221013,001,1795
802.0415,802.0472,24609,37865,Plecotus austriacus,0.008,0.025,-1,Echolocation,/mnt/ubna_data_02_mir/recover-20221013/UBNA_001/20221012_030000.WAV,Telephone Field,recover-20221013,001,1795
802.0595,802.0675,25468,33370,Eptesicus serotinus,0.007,0.022,-1,Echolocation,/mnt/ubna_data_02_mir/recover-20221013/UBNA_001/20221012_030000.WAV,Telephone Field,recover-20221013,001,1795
802.0875,802.0956,27187,36181,Eptesicus serotinus,0.007,0.022,-1,Echolocation,/mnt/ubna_data_02_mir/recover-20221013/UBNA_001/20221012_030000.WAV,Telephone Field,recover-20221013,001,1795
802.1155,802.1242,26328,35703,Eptesicus serotinus,0.008,0.024,-1,Echolocation,/mnt/ubna_data_02_mir/recover-20221013/UBNA_001/20221012_030000.WAV,Telephone Field,recover-20221013,001,1795
802.1345,802.1733,68437,82364,Rhinolophus ferrumequinum,0.027,0.027,-1,Echolocation,/mnt/ubna_data_02_mir/recover-20221013/UBNA_001/20221012_030000.WAV,Telephone Field,recover-20221013,001,1795
802.1535,802.1636,28046,34810,Eptesicus serotinus,0.01,0.023,-1,Echolocation,/mnt/ubna_data_02_mir/recover-20221013/UBNA_001/20221012_030000.WAV,Telephone Field,recover-20221013,001,1795
802.1765,802.2161,68437,82029,Rhinolophus ferrumequinum,0.028,0.028,-1,Echolocation,/mnt/ubna_data_02_mir/recover-20221013/UBNA_001/20221012_030000.WAV,Telephone Field,recover-20221013,001,1795
802.1785,802.1856,27187,38750,Eptesicus serotinus,0.005,0.022,-1,Echolocation,/mnt/ubna_data_02_mir/recover-20221013/UBNA_001/20221012_030000.WAV,Telephone Field,recover-20221013,001,1795
802.2315,802.2402,27187,36114,Eptesicus serotinus,0.009,0.023,-1,Echolocation,/mnt/ubna_data_02_mir/recover-20221013/UBNA_001/20221012_030000.WAV,Telephone Field,recover-20221013,001,1795
802.2825,802.319,68437,81844,Rhinolophus ferrumequinum,0.025,0.025,-1,Echolocation,/mnt/ubna_data_02_mir/recover-20221013/UBNA_001/20221012_030000.WAV,Telephone Field,recover-20221013,001,1795
802.3045,802.314,24609,32296,Nyctalus leisleri,0.007,0.024,-1,Echolocation,/mnt/ubna_data_02_mir/recover-20221013/UBNA_001/20221012_030000.WAV,Telephone Field,recover-20221013,001,1795
802.3125,802.3232,23750,29320,Nyctalus leisleri,0.012,0.026,-1,Echolocation,/mnt/ubna_data_02_mir/recover-20221013/UBNA_001/20221012_030000.WAV,Telephone Field,recover-20221013,001,1795
802.3285,802.3608,68437,80654,Rhinolophus ferrumequinum,0.024,0.024,-1,Echolocation,/mnt/ubna_data_02_mir/recover-20221013/UBNA_001/20221012_030000.WAV,Telephone Field,recover-20221013,001,1795
802.3375,802.3721,68437,81466,Rhinolophus ferrumequinum,0.021,0.021,-1,Echolocation,/mnt/ubna_data_02_mir/recover-20221013/UBNA_001/20221012_030000.WAV,Telephone Field,recover-20221013,001,1795
802.3495,802.3575,43515,51197,Pipistrellus pipistrellus,0.012,0.022,-1,Echolocation,/mnt/ubna_data_02_mir/recover-20221013/UBNA_001/20221012_030000.WAV,Telephone Field,recover-20221013,001,1795
802.3505,802.387,68437,82277,Rhinolophus ferrumequinum,0.024,0.024,-1,Echolocation,/mnt/ubna_data_02_mir/recover-20221013/UBNA_001/20221012_030000.WAV,Telephone Field,recover-20221013,001,1795
802.3745,802.4124,68437,82124,Rhinolophus ferrumequinum,0.024,0.024,-1,Echolocation,/mnt/ubna_data_02_mir/recover-20221013/UBNA_001/20221012_030000.WAV,Telephone Field,recover-20221013,001,1795
802.4265,802.4627,68437,81877,Rhinolophus ferrumequinum,0.022,0.022,-1,Echolocation,/mnt/ubna_data_02_mir/recover-20221013/UBNA_001/20221012_030000.WAV,Telephone Field,recover-20221013,001,1795
802.4935,802.5333,68437,82181,Rhinolophus ferrumequinum,0.022,0.022,-1,Echolocation,/mnt/ubna_data_02_mir/recover-20221013/UBNA_001/20221012_030000.WAV,Telephone Field,recover-20221013,001,1795
802.5135,802.5238,27187,36939,Eptesicus serotinus,0.02,0.035,-1,Echolocation,/mnt/ubna_data_02_mir/recover-20221013/UBNA_001/20221012_030000.WAV,Telephone Field,recover-20221013,001,1795
802.5785,802.6147,68437,81956,Rhinolophus ferrumequinum,0.021,0.021,-1,Echolocation,/mnt/ubna_data_02_mir/recover-20221013/UBNA_001/20221012_030000.WAV,Telephone Field,recover-20221013,001,1795
802.5935,802.6299,68437,81298,Rhinolophus ferrumequinum,0.022,0.022,-1,Echolocation,/mnt/ubna_data_02_mir/recover-20221013/UBNA_001/20221012_030000.WAV,Telephone Field,recover-20221013,001,1795
802.6475,802.6807,68437,80553,Rhinolophus ferrumequinum,0.021,0.022,-1,Echolocation,/mnt/ubna_data_02_mir/recover-20221013/UBNA_001/20221012_030000.WAV,Telephone Field,recover-20221013,001,1795
802.6695,802.7113,68437,83053,Rhinolophus ferrumequinum,0.025,0.025,-1,Echolocation,/mnt/ubna_data_02_mir/recover-20221013/UBNA_001/20221012_030000.WAV,Telephone Field,recover-20221013,001,1795
802.6865,802.7243,68437,82238,Rhinolophus ferrumequinum,0.021,0.021,-1,Echolocation,/mnt/ubna_data_02_mir/recover-20221013/UBNA_001/20221012_030000.WAV,Telephone Field,recover-20221013,001,1795
802.6965,802.7386,68437,82353,Rhinolophus ferrumequinum,0.025,0.025,-1,Echolocation,/mnt/ubna_data_02_mir/recover-20221013/UBNA_001/20221012_030000.WAV,Telephone Field,recover-20221013,001,1795
802.7125,802.7504,68437,81773,Rhinolophus ferrumequinum,0.021,0.022,-1,Echolocation,/mnt/ubna_data_02_mir/recover-20221013/UBNA_001/20221012_030000.WAV,Telephone Field,recover-20221013,001,1795
802.7605,802.7966,68437,82177,Rhinolophus ferrumequinum,0.022,0.023,-1,Echolocation,/mnt/ubna_data_02_mir/recover-20221013/UBNA_001/20221012_030000.WAV,Telephone Field,recover-20221013,001,1795
802.7885,802.8283,68437,82371,Rhinolophus ferrumequinum,0.023,0.023,-1,Echolocation,/mnt/ubna_data_02_mir/recover-20221013/UBNA_001/20221012_030000.WAV,Telephone Field,recover-20221013,001,1795
802.8175,802.8532,68437,81516,Rhinolophus ferrumequinum,0.023,0.023,-1,Echolocation,/mnt/ubna_data_02_mir/recover-20221013/UBNA_001/20221012_030000.WAV,Telephone Field,recover-20221013,001,1795
802.8345,802.8726,68437,82627,Rhinolophus ferrumequinum,0.026,0.026,-1,Echolocation,/mnt/ubna_data_02_mir/recover-20221013/UBNA_001/20221012_030000.WAV,Telephone Field,recover-20221013,001,1795
802.8455,802.8824,68437,82318,Rhinolophus ferrumequinum,0.026,0.026,-1,Echolocation,/mnt/ubna_data_02_mir/recover-20221013/UBNA_001/20221012_030000.WAV,Telephone Field,recover-20221013,001,1795
802.8925,802.905,24609,30358,Eptesicus serotinus,0.044,0.1,-1,Echolocation,/mnt/ubna_data_02_mir/recover-20221013/UBNA_001/20221012_030000.WAV,Telephone Field,recover-20221013,001,1795
802.9265,802.9645,68437,82029,Rhinolophus ferrumequinum,0.022,0.022,-1,Echolocation,/mnt/ubna_data_02_mir/recover-20221013/UBNA_001/20221012_030000.WAV,Telephone Field,recover-20221013,001,1795
802.9435,802.9499,28046,37908,Eptesicus serotinus,0.008,0.032,-1,Echolocation,/mnt/ubna_data_02_mir/recover-20221013/UBNA_001/20221012_030000.WAV,Telephone Field,recover-20221013,001,1795
802.9545,802.9924,68437,82002,Rhinolophus ferrumequinum,0.035,0.035,-1,Echolocation,/mnt/ubna_data_02_mir/recover-20221013/UBNA_001/20221012_030000.WAV,Telephone Field,recover-20221013,001,1795
802.9805,803.0211,68437,82844,Rhinolophus ferrumequinum,0.026,0.026,-1,Echolocation,/mnt/ubna_data_02_mir/recover-20221013/UBNA_001/20221012_030000.WAV,Telephone Field,recover-20221013,001,1795
803.0165,803.027,23750,29796,Nyctalus leisleri,0.009,0.022,-1,Echolocation,/mnt/ubna_data_02_mir/recover-20221013/UBNA_001/20221012_030000.WAV,Telephone Field,recover-20221013,001,1795
803.0285,803.0366,27187,38020,Eptesicus serotinus,0.006,0.021,-1,Echolocation,/mnt/ubna_data_02_mir/recover-20221013/UBNA_001/20221012_030000.WAV,Telephone Field,recover-20221013,001,1795
803.0795,803.0874,28046,40159,Eptesicus serotinus,0.009,0.026,-1,Echolocation,/mnt/ubna_data_02_mir/recover-20221013/UBNA_001/20221012_030000.WAV,Telephone Field,recover-20221013,001,1795
803.1805,803.22,68437,81941,Rhinolophus ferrumequinum,0.022,0.022,-1,Echolocation,/mnt/ubna_data_02_mir/recover-20221013/UBNA_001/20221012_030000.WAV,Telephone Field,recover-20221013,001,1795
803.2245,803.2364,22031,26625,Nyctalus leisleri,0.012,0.023,-1,Echolocation,/mnt/ubna_data_02_mir/recover-20221013/UBNA_001/20221012_030000.WAV,Telephone Field,recover-20221013,001,1795
803.2385,803.2776,68437,82729,Rhinolophus ferrumequinum,0.025,0.025,-1,Echolocation,/mnt/ubna_data_02_mir/recover-20221013/UBNA_001/20221012_030000.WAV,Telephone Field,recover-20221013,001,1795
803.2415,803.2505,28046,40027,Eptesicus serotinus,0.008,0.022,-1,Echolocation,/mnt/ubna_data_02_mir/recover-20221013/UBNA_001/20221012_030000.WAV,Telephone Field,recover-20221013,001,1795
803.2625,803.2997,68437,82211,Rhinolophus ferrumequinum,0.022,0.022,-1,Echolocation,/mnt/ubna_data_02_mir/recover-20221013/UBNA_001/20221012_030000.WAV,Telephone Field,recover-20221013,001,1795
803.2745,803.2851,28046,34213,Eptesicus serotinus,0.025,0.046,-1,Echolocation,/mnt/ubna_data_02_mir/recover-20221013/UBNA_001/20221012_030000.WAV,Telephone Field,recover-20221013,001,1795
803.3045,803.3106,28046,46212,Myotis daubentonii,0.008,0.031,-1,Echolocation,/mnt/ubna_data_02_mir/recover-20221013/UBNA_001/20221012_030000.WAV,Telephone Field,recover-20221013,001,1795
803.3095,803.343,68437,80838,Rhinolophus ferrumequinum,0.021,0.022,-1,Echolocation,/mnt/ubna_data_02_mir/recover-20221013/UBNA_001/20221012_030000.WAV,Telephone Field,recover-20221013,001,1795
803.3385,803.3753,68437,81747,Rhinolophus ferrumequinum,0.021,0.021,-1,Echolocation,/mnt/ubna_data_02_mir/recover-20221013/UBNA_001/20221012_030000.WAV,Telephone Field,recover-20221013,001,1795
803.3905,803.4303,68437,83119,Rhinolophus ferrumequinum,0.03,0.03,-1,Echolocation,/mnt/ubna_data_02_mir/recover-20221013/UBNA_001/20221012_030000.WAV,Telephone Field,recover-20221013,001,1795
803.4285,803.4654,68437,82113,Rhinolophus ferrumequinum,0.021,0.021,-1,Echolocation,/mnt/ubna_data_02_mir/recover-20221013/UBNA_001/20221012_030000.WAV,Telephone Field,recover-20221013,001,1795
803.4715,803.5114,68437,82910,Rhinolophus ferrumequinum,0.026,0.026,-1,Echolocation,/mnt/ubna_data_02_mir/recover-20221013/UBNA_001/20221012_030000.WAV,Telephone Field,recover-20221013,001,1795
803.4935,803.5347,68437,82375,Rhinolophus ferrumequinum,0.023,0.023,-1,Echolocation,/mnt/ubna_data_02_mir/recover-20221013/UBNA_001/20221012_030000.WAV,Telephone Field,recover-20221013,001,1795
803.4985,803.5376,68437,82853,Rhinolophus ferrumequinum,0.023,0.023,-1,Echolocation,/mnt/ubna_data_02_mir/recover-20221013/UBNA_001/20221012_030000.WAV,Telephone Field,recover-20221013,001,1795
803.5185,803.5581999999999,68437,82242,Rhinolophus ferrumequinum,0.026,0.026,-1,Echolocation,/mnt/ubna_data_02_mir/recover-20221013/UBNA_001/20221012_030000.WAV,Telephone Field,recover-20221013,001,1795
803.5405,803.5479,27187,40572,Eptesicus serotinus,0.007,0.022,-1,Echolocation,/mnt/ubna_data_02_mir/recover-20221013/UBNA_001/20221012_030000.WAV,Telephone Field,recover-20221013,001,1795
803.5725,803.6113,68437,82943,Rhinolophus ferrumequinum,0.022,0.022,-1,Echolocation,/mnt/ubna_data_02_mir/recover-20221013/UBNA_001/20221012_030000.WAV,Telephone Field,recover-20221013,001,1795
803.5985000000001,803.6358,68437,81922,Rhinolophus ferrumequinum,0.023,0.023,-1,Echolocation,/mnt/ubna_data_02_mir/recover-20221013/UBNA_001/20221012_030000.WAV,Telephone Field,recover-20221013,001,1795
803.6245,803.6329,45234,49825,Pipistrellus pipistrellus,0.021,0.022,-1,Echolocation,/mnt/ubna_data_02_mir/recover-20221013/UBNA_001/20221012_030000.WAV,Telephone Field,recover-20221013,001,1795
803.6775,803.7173,68437,82363,Rhinolophus ferrumequinum,0.025,0.025,-1,Echolocation,/mnt/ubna_data_02_mir/recover-20221013/UBNA_001/20221012_030000.WAV,Telephone Field,recover-20221013,001,1795
803.7115,803.7456999999999,68437,81231,Rhinolophus ferrumequinum,0.024,0.024,-1,Echolocation,/mnt/ubna_data_02_mir/recover-20221013/UBNA_001/20221012_030000.WAV,Telephone Field,recover-20221013,001,1795
803.7235000000001,803.7324,28906,37366,Eptesicus serotinus,0.009,0.026,-1,Echolocation,/mnt/ubna_data_02_mir/recover-20221013/UBNA_001/20221012_030000.WAV,Telephone Field,recover-20221013,001,1795
803.7375,803.7427,31484,61908,Myotis daubentonii,0.008,0.023,-1,Echolocation,/mnt/ubna_data_02_mir/recover-20221013/UBNA_001/20221012_030000.WAV,Telephone Field,recover-20221013,001,1795
803.7385,803.7438,41796,56689,Myotis mystacinus,0.007,0.023,-1,Echolocation,/mnt/ubna_data_02_mir/recover-20221013/UBNA_001/20221012_030000.WAV,Telephone Field,recover-20221013,001,1795
803.7535,803.7909,68437,82148,Rhinolophus ferrumequinum,0.021,0.021,-1,Echolocation,/mnt/ubna_data_02_mir/recover-20221013/UBNA_001/20221012_030000.WAV,Telephone Field,recover-20221013,001,1795
803.7805,803.7915,23750,29936,Nyctalus leisleri,0.012,0.03,-1,Echolocation,/mnt/ubna_data_02_mir/recover-20221013/UBNA_001/20221012_030000.WAV,Telephone Field,recover-20221013,001,1795
803.7955,803.8345,68437,82693,Rhinolophus ferrumequinum,0.035,0.035,-1,Echolocation,/mnt/ubna_data_02_mir/recover-20221013/UBNA_001/20221012_030000.WAV,Telephone Field,recover-20221013,001,1795
803.8005,803.8078,28046,38619,Eptesicus serotinus,0.007,0.021,-1,Echolocation,/mnt/ubna_data_02_mir/recover-20221013/UBNA_001/20221012_030000.WAV,Telephone Field,recover-20221013,001,1795
803.8025,803.8419,68437,82778,Rhinolophus ferrumequinum,0.025,0.025,-1,Echolocation,/mnt/ubna_data_02_mir/recover-20221013/UBNA_001/20221012_030000.WAV,Telephone Field,recover-20221013,001,1795
803.8105,803.8488,68437,82465,Rhinolophus ferrumequinum,0.026,0.026,-1,Echolocation,/mnt/ubna_data_02_mir/recover-20221013/UBNA_001/20221012_030000.WAV,Telephone Field,recover-20221013,001,1795
803.8235,803.8306,24609,33784,Plecotus austriacus,0.009,0.024,-1,Echolocation,/mnt/ubna_data_02_mir/recover-20221013/UBNA_001/20221012_030000.WAV,Telephone Field,recover-20221013,001,1795
803.8445,803.8551,22890,27898,Nyctalus leisleri,0.011,0.025,-1,Echolocation,/mnt/ubna_data_02_mir/recover-20221013/UBNA_001/20221012_030000.WAV,Telephone Field,recover-20221013,001,1795
803.8515,803.8876,68437,81745,Rhinolophus ferrumequinum,0.025,0.025,-1,Echolocation,/mnt/ubna_data_02_mir/recover-20221013/UBNA_001/20221012_030000.WAV,Telephone Field,recover-20221013,001,1795
803.8685,803.9095,68437,82841,Rhinolophus ferrumequinum,0.029,0.029,-1,Echolocation,/mnt/ubna_data_02_mir/recover-20221013/UBNA_001/20221012_030000.WAV,Telephone Field,recover-20221013,001,1795
803.8755,803.8817,27187,39336,Eptesicus serotinus,0.005,0.023,-1,Echolocation,/mnt/ubna_data_02_mir/recover-20221013/UBNA_001/20221012_030000.WAV,Telephone Field,recover-20221013,001,1795
803.8845,803.8937,50390,55443,Pipistrellus pipistrellus,0.02,0.025,-1,Echolocation,/mnt/ubna_data_02_mir/recover-20221013/UBNA_001/20221012_030000.WAV,Telephone Field,recover-20221013,001,1795
803.9275,803.9673,68437,81907,Rhinolophus ferrumequinum,0.022,0.022,-1,Echolocation,/mnt/ubna_data_02_mir/recover-20221013/UBNA_001/20221012_030000.WAV,Telephone Field,recover-20221013,001,1795
803.9335,803.9723,68437,82319,Rhinolophus ferrumequinum,0.021,0.021,-1,Echolocation,/mnt/ubna_data_02_mir/recover-20221013/UBNA_001/20221012_030000.WAV,Telephone Field,recover-20221013,001,1795
803.9345,803.9418000000001,23750,32089,Plecotus austriacus,0.009,0.023,-1,Echolocation,/mnt/ubna_data_02_mir/recover-20221013/UBNA_001/20221012_030000.WAV,Telephone Field,recover-20221013,001,1795
803.9505,803.9915,68437,82743,Rhinolophus ferrumequinum,0.024,0.024,-1,Echolocation,/mnt/ubna_data_02_mir/recover-20221013/UBNA_001/20221012_030000.WAV,Telephone Field,recover-20221013,001,1795
804.0015,804.013,21171,26048,Nyctalus leisleri,0.017,0.042,-1,Echolocation,/mnt/ubna_data_02_mir/recover-20221013/UBNA_001/20221012_030000.WAV,Telephone Field,recover-20221013,001,1795
804.0015,804.0334,69296,81582,Rhinolophus ferrumequinum,0.034,0.034,-1,Echolocation,/mnt/ubna_data_02_mir/recover-20221013/UBNA_001/20221012_030000.WAV,Telephone Field,recover-20221013,001,1795
804.0315,804.0423,22890,27909,Nyctalus leisleri,0.013,0.025,-1,Echolocation,/mnt/ubna_data_02_mir/recover-20221013/UBNA_001/20221012_030000.WAV,Telephone Field,recover-20221013,001,1795
804.0745,804.0814,28046,38997,Eptesicus serotinus,0.005,0.02,-1,Echolocation,/mnt/ubna_data_02_mir/recover-20221013/UBNA_001/20221012_030000.WAV,Telephone Field,recover-20221013,001,1795
804.0835,804.121,68437,82179,Rhinolophus ferrumequinum,0.02,0.02,-1,Echolocation,/mnt/ubna_data_02_mir/recover-20221013/UBNA_001/20221012_030000.WAV,Telephone Field,recover-20221013,001,1795
804.1265,804.1685,68437,82385,Rhinolophus ferrumequinum,0.029,0.029,-1,Echolocation,/mnt/ubna_data_02_mir/recover-20221013/UBNA_001/20221012_030000.WAV,Telephone Field,recover-20221013,001,1795
804.1705,804.1921,19453,22047,Nyctalus leisleri,0.012,0.025,-1,Echolocation,/mnt/ubna_data_02_mir/recover-20221013/UBNA_001/20221012_030000.WAV,Telephone Field,recover-20221013,001,1795
804.2025,804.2121,22890,29043,Nyctalus leisleri,0.008,0.023,-1,Echolocation,/mnt/ubna_data_02_mir/recover-20221013/UBNA_001/20221012_030000.WAV,Telephone Field,recover-20221013,001,1795
804.2165,804.2534,68437,82020,Rhinolophus ferrumequinum,0.024,0.024,-1,Echolocation,/mnt/ubna_data_02_mir/recover-20221013/UBNA_001/20221012_030000.WAV,Telephone Field,recover-20221013,001,1795
804.2255,804.26,68437,81088,Rhinolophus ferrumequinum,0.021,0.021,-1,Echolocation,/mnt/ubna_data_02_mir/recover-20221013/UBNA_001/20221012_030000.WAV,Telephone Field,recover-20221013,001,1795
804.2445,804.2854,68437,81806,Rhinolophus ferrumequinum,0.019,0.02,-1,Echolocation,/mnt/ubna_data_02_mir/recover-20221013/UBNA_001/20221012_030000.WAV,Telephone Field,recover-20221013,001,1795
804.2635,804.3012,68437,81471,Rhinolophus ferrumequinum,0.021,0.021,-1,Echolocation,/mnt/ubna_data_02_mir/recover-20221013/UBNA_001/20221012_030000.WAV,Telephone Field,recover-20221013,001,1795
804.2645,804.2745,28906,35867,Eptesicus serotinus,0.01,0.024,-1,Echolocation,/mnt/ubna_data_02_mir/recover-20221013/UBNA_001/20221012_030000.WAV,Telephone Field,recover-20221013,001,1795
804.2835,804.2935,22890,29410,Nyctalus leisleri,0.009,0.026,-1,Echolocation,/mnt/ubna_data_02_mir/recover-20221013/UBNA_001/20221012_030000.WAV,Telephone Field,recover-20221013,001,1795
804.2905,804.3025,58125,63644,Pipistrellus pygmaeus,0.02,0.02,-1,Echolocation,/mnt/ubna_data_02_mir/recover-20221013/UBNA_001/20221012_030000.WAV,Telephone Field,recover-20221013,001,1795
804.2985,804.3397,68437,82573,Rhinolophus ferrumequinum,0.03,0.03,-1,Echolocation,/mnt/ubna_data_02_mir/recover-20221013/UBNA_001/20221012_030000.WAV,Telephone Field,recover-20221013,001,1795
804.3195,804.3591,68437,82347,Rhinolophus ferrumequinum,0.04,0.04,-1,Echolocation,/mnt/ubna_data_02_mir/recover-20221013/UBNA_001/20221012_030000.WAV,Telephone Field,recover-20221013,001,1795
804.3495,804.3574,28046,39918,Eptesicus serotinus,0.007,0.02,-1,Echolocation,/mnt/ubna_data_02_mir/recover-20221013/UBNA_001/20221012_030000.WAV,Telephone Field,recover-20221013,001,1795
804.3515,804.3893,68437,81258,Rhinolophus ferrumequinum,0.02,0.02,-1,Echolocation,/mnt/ubna_data_02_mir/recover-20221013/UBNA_001/20221012_030000.WAV,Telephone Field,recover-20221013,001,1795
804.3565,804.3655,22031,28009,Plecotus austriacus,0.007,0.02,-1,Echolocation,/mnt/ubna_data_02_mir/recover-20221013/UBNA_001/20221012_030000.WAV,Telephone Field,recover-20221013,001,1795
804.3595,804.3937,68437,80950,Rhinolophus ferrumequinum,0.021,0.021,-1,Echolocation,/mnt/ubna_data_02_mir/recover-20221013/UBNA_001/20221012_030000.WAV,Telephone Field,recover-20221013,001,1795
804.4045,804.4443,68437,81860,Rhinolophus ferrumequinum,0.021,0.021,-1,Echolocation,/mnt/ubna_data_02_mir/recover-20221013/UBNA_001/20221012_030000.WAV,Telephone Field,recover-20221013,001,1795
804.4125,804.4516,68437,82162,Rhinolophus ferrumequinum,0.022,0.022,-1,Echolocation,/mnt/ubna_data_02_mir/recover-20221013/UBNA_001/20221012_030000.WAV,Telephone Field,recover-20221013,001,1795
804.4415,804.4791,68437,81839,Rhinolophus ferrumequinum,0.02,0.02,-1,Echolocation,/mnt/ubna_data_02_mir/recover-20221013/UBNA_001/20221012_030000.WAV,Telephone Field,recover-20221013,001,1795
804.4705,804.5082,68437,81395,Rhinolophus ferrumequinum,0.021,0.021,-1,Echolocation,/mnt/ubna_data_02_mir/recover-20221013/UBNA_001/20221012_030000.WAV,Telephone Field,recover-20221013,001,1795
804.4785,804.5163,68437,81884,Rhinolophus ferrumequinum,0.02,0.02,-1,Echolocation,/mnt/ubna_data_02_mir/recover-20221013/UBNA_001/20221012_030000.WAV,Telephone Field,recover-20221013,001,1795
804.5035,804.5394,68437,81669,Rhinolophus ferrumequinum,0.021,0.021,-1,Echolocation,/mnt/ubna_data_02_mir/recover-20221013/UBNA_001/20221012_030000.WAV,Telephone Field,recover-20221013,001,1795
804.5475,804.5843,68437,81454,Rhinolophus ferrumequinum,0.034,0.034,-1,Echolocation,/mnt/ubna_data_02_mir/recover-20221013/UBNA_001/20221012_030000.WAV,Telephone Field,recover-20221013,001,1795
804.5515,804.559,28046,38993,Eptesicus serotinus,0.006,0.022,-1,Echolocation,/mnt/ubna_data_02_mir/recover-20221013/UBNA_001/20221012_030000.WAV,Telephone Field,recover-20221013,001,1795
804.5705,804.5799,34921,41538,Myotis daubentonii,0.006,0.021,-1,Echolocation,/mnt/ubna_data_02_mir/recover-20221013/UBNA_001/20221012_030000.WAV,Telephone Field,recover-20221013,001,1795
804.6315,804.6418,22031,27096,Nyctalus leisleri,0.01,0.022,-1,Echolocation,/mnt/ubna_data_02_mir/recover-20221013/UBNA_001/20221012_030000.WAV,Telephone Field,recover-20221013,001,1795
804.6935,804.7027,28046,38204,Eptesicus serotinus,0.011,0.024,-1,Echolocation,/mnt/ubna_data_02_mir/recover-20221013/UBNA_001/20221012_030000.WAV,Telephone Field,recover-20221013,001,1795
804.7035,804.7417,68437,81809,Rhinolophus ferrumequinum,0.024,0.024,-1,Echolocation,/mnt/ubna_data_02_mir/recover-20221013/UBNA_001/20221012_030000.WAV,Telephone Field,recover-20221013,001,1795
804.7035,804.712,28046,37787,Eptesicus serotinus,0.008,0.02,-1,Echolocation,/mnt/ubna_data_02_mir/recover-20221013/UBNA_001/20221012_030000.WAV,Telephone Field,recover-20221013,001,1795
804.7165,804.7276,39218,46406,Pipistrellus nathusii,0.005,0.02,-1,Echolocation,/mnt/ubna_data_02_mir/recover-20221013/UBNA_001/20221012_030000.WAV,Telephone Field,recover-20221013,001,1795
804.7225,804.7309,25468,33706,Eptesicus serotinus,0.006,0.02,-1,Echolocation,/mnt/ubna_data_02_mir/recover-20221013/UBNA_001/20221012_030000.WAV,Telephone Field,recover-20221013,001,1795
804.7345,804.7456999999999,22890,26666,Nyctalus leisleri,0.013,0.022,-1,Echolocation,/mnt/ubna_data_02_mir/recover-20221013/UBNA_001/20221012_030000.WAV,Telephone Field,recover-20221013,001,1795
804.7405,804.751,22890,27680,Nyctalus leisleri,0.01,0.02,-1,Echolocation,/mnt/ubna_data_02_mir/recover-20221013/UBNA_001/20221012_030000.WAV,Telephone Field,recover-20221013,001,1795
804.7565,804.798,68437,82587,Rhinolophus ferrumequinum,0.024,0.024,-1,Echolocation,/mnt/ubna_data_02_mir/recover-20221013/UBNA_001/20221012_030000.WAV,Telephone Field,recover-20221013,001,1795
804.7645,804.7753,27187,33498,Eptesicus serotinus,0.01,0.021,-1,Echolocation,/mnt/ubna_data_02_mir/recover-20221013/UBNA_001/20221012_030000.WAV,Telephone Field,recover-20221013,001,1795
804.7795,804.8208,68437,82674,Rhinolophus ferrumequinum,0.026,0.026,-1,Echolocation,/mnt/ubna_data_02_mir/recover-20221013/UBNA_001/20221012_030000.WAV,Telephone Field,recover-20221013,001,1795
804.7895,804.7961,47812,51583,Pipistrellus pipistrellus,0.025,0.026,-1,Echolocation,/mnt/ubna_data_02_mir/recover-20221013/UBNA_001/20221012_030000.WAV,Telephone Field,recover-20221013,001,1795
804.8155,804.8515,68437,81466,Rhinolophus ferrumequinum,0.023,0.024,-1,Echolocation,/mnt/ubna_data_02_mir/recover-20221013/UBNA_001/20221012_030000.WAV,Telephone Field,recover-20221013,001,1795
804.8245,804.8643,68437,82555,Rhinolophus ferrumequinum,0.021,0.021,-1,Echolocation,/mnt/ubna_data_02_mir/recover-20221013/UBNA_001/20221012_030000.WAV,Telephone Field,recover-20221013,001,1795
804.8795,804.9197,68437,81641,Rhinolophus ferrumequinum,0.023,0.023,-1,Echolocation,/mnt/ubna_data_02_mir/recover-20221013/UBNA_001/20221012_030000.WAV,Telephone Field,recover-20221013,001,1795
804.8905,804.9291,68437,82382,Rhinolophus ferrumequinum,0.024,0.024,-1,Echolocation,/mnt/ubna_data_02_mir/recover-20221013/UBNA_001/20221012_030000.WAV,Telephone Field,recover-20221013,001,1795
804.9055,804.942,68437,80989,Rhinolophus ferrumequinum,0.019,0.02,-1,Echolocation,/mnt/ubna_data_02_mir/recover-20221013/UBNA_001/20221012_030000.WAV,Telephone Field,recover-20221013,001,1795
804.9265,804.9348,26328,34818,Eptesicus serotinus,0.007,0.02,-1,Echolocation,/mnt/ubna_data_02_mir/recover-20221013/UBNA_001/20221012_030000.WAV,Telephone Field,recover-20221013,001,1795
804.9365,804.9453,54687,59917,Pipistrellus pygmaeus,0.023,0.024,-1,Echolocation,/mnt/ubna_data_02_mir/recover-20221013/UBNA_001/20221012_030000.WAV,Telephone Field,recover-20221013,001,1795
804.9565,804.9956999999999,68437,81743,Rhinolophus ferrumequinum,0.021,0.021,-1,Echolocation,/mnt/ubna_data_02_mir/recover-20221013/UBNA_001/20221012_030000.WAV,Telephone Field,recover-20221013,001,1795
804.9775,805.0138,68437,81415,Rhinolophus ferrumequinum,0.019,0.019,-1,Echolocation,/mnt/ubna_data_02_mir/recover-20221013/UBNA_001/20221012_030000.WAV,Telephone Field,recover-20221013,001,1795
804.9775,804.985,28046,38670,Eptesicus serotinus,0.008,0.024,-1,Echolocation,/mnt/ubna_data_02_mir/recover-20221013/UBNA_001/20221012_030000.WAV,Telephone Field,recover-20221013,001,1795
804.9855,804.9938,51250,57949,Pipistrellus pipistrellus,0.02,0.023,-1,Echolocation,/mnt/ubna_data_02_mir/recover-20221013/UBNA_001/20221012_030000.WAV,Telephone Field,recover-20221013,001,1795
805.0375,805.0755,68437,81707,Rhinolophus ferrumequinum,0.019,0.019,-1,Echolocation,/mnt/ubna_data_02_mir/recover-20221013/UBNA_001/20221012_030000.WAV,Telephone Field,recover-20221013,001,1795
805.0395,805.0484,28046,37711,Eptesicus serotinus,0.008,0.021,-1,Echolocation,/mnt/ubna_data_02_mir/recover-20221013/UBNA_001/20221012_030000.WAV,Telephone Field,recover-20221013,001,1795
805.0645,805.1074,68437,82416,Rhinolophus ferrumequinum,0.024,0.024,-1,Echolocation,/mnt/ubna_data_02_mir/recover-20221013/UBNA_001/20221012_030000.WAV,Telephone Field,recover-20221013,001,1795
805.0785,805.0887,23750,30115,Nyctalus leisleri,0.009,0.025,-1,Echolocation,/mnt/ubna_data_02_mir/recover-20221013/UBNA_001/20221012_030000.WAV,Telephone Field,recover-20221013,001,1795
805.0795,805.1188,68437,82472,Rhinolophus ferrumequinum,0.023,0.023,-1,Echolocation,/mnt/ubna_data_02_mir/recover-20221013/UBNA_001/20221012_030000.WAV,Telephone Field,recover-20221013,001,1795
805.1005,805.111,27187,35069,Eptesicus serotinus,0.011,0.024,-1,Echolocation,/mnt/ubna_data_02_mir/recover-20221013/UBNA_001/20221012_030000.WAV,Telephone Field,recover-20221013,001,1795
805.1045,805.1442,68437,82389,Rhinolophus ferrumequinum,0.03,0.03,-1,Echolocation,/mnt/ubna_data_02_mir/recover-20221013/UBNA_001/20221012_030000.WAV,Telephone Field,recover-20221013,001,1795
805.1145,805.1523,68437,81441,Rhinolophus ferrumequinum,0.023,0.023,-1,Echolocation,/mnt/ubna_data_02_mir/recover-20221013/UBNA_001/20221012_030000.WAV,Telephone Field,recover-20221013,001,1795
805.1325,805.1684,68437,81208,Rhinolophus ferrumequinum,0.019,0.019,-1,Echolocation,/mnt/ubna_data_02_mir/recover-20221013/UBNA_001/20221012_030000.WAV,Telephone Field,recover-20221013,001,1795
805.1505,805.1892,68437,82236,Rhinolophus ferrumequinum,0.02,0.02,-1,Echolocation,/mnt/ubna_data_02_mir/recover-20221013/UBNA_001/20221012_030000.WAV,Telephone Field,recover-20221013,001,1795
805.1555,805.169,22031,25914,Nyctalus leisleri,0.015,0.024,-1,Echolocation,/mnt/ubna_data_02_mir/recover-20221013/UBNA_001/20221012_030000.WAV,Telephone Field,recover-20221013,001,1795
805.1725,805.2118,68437,82296,Rhinolophus ferrumequinum,0.022,0.022,-1,Echolocation,/mnt/ubna_data_02_mir/recover-20221013/UBNA_001/20221012_030000.WAV,Telephone Field,recover-20221013,001,1795
805.2125,805.2213,23750,30794,Nyctalus leisleri,0.006,0.021,-1,Echolocation,/mnt/ubna_data_02_mir/recover-20221013/UBNA_001/20221012_030000.WAV,Telephone Field,recover-20221013,001,1795
805.2165,805.2237,51250,56904,Pipistrellus pipistrellus,0.066,0.073,-1,Echolocation,/mnt/ubna_data_02_mir/recover-20221013/UBNA_001/20221012_030000.WAV,Telephone Field,recover-20221013,001,1795
805.2375,805.2822,68437,83499,Rhinolophus ferrumequinum,0.03,0.03,-1,Echolocation,/mnt/ubna_data_02_mir/recover-20221013/UBNA_001/20221012_030000.WAV,Telephone Field,recover-20221013,001,1795
805.2665,805.2752,28906,37041,Eptesicus serotinus,0.007,0.021,-1,Echolocation,/mnt/ubna_data_02_mir/recover-20221013/UBNA_001/20221012_030000.WAV,Telephone Field,recover-20221013,001,1795
805.3205,805.3336,26328,32653,Eptesicus serotinus,0.013,0.026,-1,Echolocation,/mnt/ubna_data_02_mir/recover-20221013/UBNA_001/20221012_030000.WAV,Telephone Field,recover-20221013,001,1795
805.3215,805.3609,68437,82361,Rhinolophus ferrumequinum,0.021,0.021,-1,Echolocation,/mnt/ubna_data_02_mir/recover-20221013/UBNA_001/20221012_030000.WAV,Telephone Field,recover-20221013,001,1795
805.3515,805.3874,68437,81330,Rhinolophus ferrumequinum,0.02,0.02,-1,Echolocation,/mnt/ubna_data_02_mir/recover-20221013/UBNA_001/20221012_030000.WAV,Telephone Field,recover-20221013,001,1795
805.3545,805.3628,28046,39464,Eptesicus serotinus,0.007,0.021,-1,Echolocation,/mnt/ubna_data_02_mir/recover-20221013/UBNA_001/20221012_030000.WAV,Telephone Field,recover-20221013,001,1795
805.3665,805.4023,68437,81165,Rhinolophus ferrumequinum,0.021,0.021,-1,Echolocation,/mnt/ubna_data_02_mir/recover-20221013/UBNA_001/20221012_030000.WAV,Telephone Field,recover-20221013,001,1795
805.3885,805.424,68437,81475,Rhinolophus ferrumequinum,0.02,0.021,-1,Echolocation,/mnt/ubna_data_02_mir/recover-20221013/UBNA_001/20221012_030000.WAV,Telephone Field,recover-20221013,001,1795
805.3895,805.4072,20312,23105,Nyctalus leisleri,0.014,0.024,-1,Echolocation,/mnt/ubna_data_02_mir/recover-20221013/UBNA_001/20221012_030000.WAV,Telephone Field,recover-20221013,001,1795
805.4155,805.4263,27187,35358,Eptesicus serotinus,0.011,0.026,-1,Echolocation,/mnt/ubna_data_02_mir/recover-20221013/UBNA_001/20221012_030000.WAV,Telephone Field,recover-20221013,001,1795
805.4425,805.483,68437,82921,Rhinolophus ferrumequinum,0.042,0.042,-1,Echolocation,/mnt/ubna_data_02_mir/recover-20221013/UBNA_001/20221012_030000.WAV,Telephone Field,recover-20221013,001,1795
805.4655,805.4762,46093,49551,Pipistrellus pipistrellus,0.02,0.022,-1,Echolocation,/mnt/ubna_data_02_mir/recover-20221013/UBNA_001/20221012_030000.WAV,Telephone Field,recover-20221013,001,1795
805.4725,805.4831,23750,29853,Nyctalus leisleri,0.009,0.022,-1,Echolocation,/mnt/ubna_data_02_mir/recover-20221013/UBNA_001/20221012_030000.WAV,Telephone Field,recover-20221013,001,1795
805.4755,805.5129,68437,81807,Rhinolophus ferrumequinum,0.022,0.022,-1,Echolocation,/mnt/ubna_data_02_mir/recover-20221013/UBNA_001/20221012_030000.WAV,Telephone Field,recover-20221013,001,1795
805.4985,805.5053,28046,37328,Eptesicus serotinus,0.009,0.026,-1,Echolocation,/mnt/ubna_data_02_mir/recover-20221013/UBNA_001/20221012_030000.WAV,Telephone Field,recover-20221013,001,1795
805.5015,805.537,68437,81746,Rhinolophus ferrumequinum,0.02,0.02,-1,Echolocation,/mnt/ubna_data_02_mir/recover-20221013/UBNA_001/20221012_030000.WAV,Telephone Field,recover-20221013,001,1795
805.5225,805.5639,68437,82052,Rhinolophus ferrumequinum,0.022,0.022,-1,Echolocation,/mnt/ubna_data_02_mir/recover-20221013/UBNA_001/20221012_030000.WAV,Telephone Field,recover-20221013,001,1795
805.5425,805.5509,28046,38640,Eptesicus serotinus,0.007,0.02,-1,Echolocation,/mnt/ubna_data_02_mir/recover-20221013/UBNA_001/20221012_030000.WAV,Telephone Field,recover-20221013,001,1795
805.5635,805.604,68437,82587,Rhinolophus ferrumequinum,0.023,0.023,-1,Echolocation,/mnt/ubna_data_02_mir/recover-20221013/UBNA_001/20221012_030000.WAV,Telephone Field,recover-20221013,001,1795
805.5675,805.5759,28906,39215,Eptesicus serotinus,0.008,0.024,-1,Echolocation,/mnt/ubna_data_02_mir/recover-20221013/UBNA_001/20221012_030000.WAV,Telephone Field,recover-20221013,001,1795
805.5975,805.6366,68437,82321,Rhinolophus ferrumequinum,0.02,0.02,-1,Echolocation,/mnt/ubna_data_02_mir/recover-20221013/UBNA_001/20221012_030000.WAV,Telephone Field,recover-20221013,001,1795
805.6045,805.613,28046,41464,Eptesicus serotinus,0.008,0.021,-1,Echolocation,/mnt/ubna_data_02_mir/recover-20221013/UBNA_001/20221012_030000.WAV,Telephone Field,recover-20221013,001,1795
805.6555,805.6686,23750,29314,Nyctalus leisleri,0.012,0.027,-1,Echolocation,/mnt/ubna_data_02_mir/recover-20221013/UBNA_001/20221012_030000.WAV,Telephone Field,recover-20221013,001,1795
805.6865,805.6953,28046,36924,Eptesicus serotinus,0.012,0.025,-1,Echolocation,/mnt/ubna_data_02_mir/recover-20221013/UBNA_001/20221012_030000.WAV,Telephone Field,recover-20221013,001,1795
805.6965,805.7344,68437,81696,Rhinolophus ferrumequinum,0.02,0.02,-1,Echolocation,/mnt/ubna_data_02_mir/recover-20221013/UBNA_001/20221012_030000.WAV,Telephone Field,recover-20221013,001,1795
805.7505,805.7839,68437,81102,Rhinolophus ferrumequinum,0.02,0.02,-1,Echolocation,/mnt/ubna_data_02_mir/recover-20221013/UBNA_001/20221012_030000.WAV,Telephone Field,recover-20221013,001,1795
805.7665,805.8019,68437,81407,Rhinolophus ferrumequinum,0.02,0.02,-1,Echolocation,/mnt/ubna_data_02_mir/recover-20221013/UBNA_001/20221012_030000.WAV,Telephone Field,recover-20221013,001,1795
805.7875,805.8231,68437,81525,Rhinolophus ferrumequinum,0.02,0.02,-1,Echolocation,/mnt/ubna_data_02_mir/recover-20221013/UBNA_001/20221012_030000.WAV,Telephone Field,recover-20221013,001,1795
805.8095,805.8207,28046,35418,Eptesicus serotinus,0.01,0.021,-1,Echolocation,/mnt/ubna_data_02_mir/recover-20221013/UBNA_001/20221012_030000.WAV,Telephone Field,recover-20221013,001,1795
805.8105,805.8497,68437,81733,Rhinolophus ferrumequinum,0.021,0.021,-1,Echolocation,/mnt/ubna_data_02_mir/recover-20221013/UBNA_001/20221012_030000.WAV,Telephone Field,recover-20221013,001,1795
805.8175,805.8259,25468,33397,Eptesicus serotinus,0.007,0.02,-1,Echolocation,/mnt/ubna_data_02_mir/recover-20221013/UBNA_001/20221012_030000.WAV,Telephone Field,recover-20221013,001,1795
805.8475,805.8588,38359,42961,Pipistrellus nathusii,0.103,0.147,-1,Echolocation,/mnt/ubna_data_02_mir/recover-20221013/UBNA_001/20221012_030000.WAV,Telephone Field,recover-20221013,001,1795
805.8475,805.8551,26328,37064,Eptesicus serotinus,0.006,0.021,-1,Echolocation,/mnt/ubna_data_02_mir/recover-20221013/UBNA_001/20221012_030000.WAV,Telephone Field,recover-20221013,001,1795
805.8675,805.8749,27187,39777,Eptesicus serotinus,0.006,0.019,-1,Echolocation,/mnt/ubna_data_02_mir/recover-20221013/UBNA_001/20221012_030000.WAV,Telephone Field,recover-20221013,001,1795
805.8835,805.9229,68437,82128,Rhinolophus ferrumequinum,0.022,0.022,-1,Echolocation,/mnt/ubna_data_02_mir/recover-20221013/UBNA_001/20221012_030000.WAV,Telephone Field,recover-20221013,001,1795
805.8885,805.8986,22890,28489,Nyctalus leisleri,0.008,0.02,-1,Echolocation,/mnt/ubna_data_02_mir/recover-20221013/UBNA_001/20221012_030000.WAV,Telephone Field,recover-20221013,001,1795
805.9115,805.9509,68437,82602,Rhinolophus ferrumequinum,0.021,0.021,-1,Echolocation,/mnt/ubna_data_02_mir/recover-20221013/UBNA_001/20221012_030000.WAV,Telephone Field,recover-20221013,001,1795
805.9375,805.9465,28906,37234,Eptesicus serotinus,0.01,0.023,-1,Echolocation,/mnt/ubna_data_02_mir/recover-20221013/UBNA_001/20221012_030000.WAV,Telephone Field,recover-20221013,001,1795
805.9745,805.9887,25468,31090,Eptesicus serotinus,0.011,0.028,-1,Echolocation,/mnt/ubna_data_02_mir/recover-20221013/UBNA_001/20221012_030000.WAV,Telephone Field,recover-20221013,001,1795
806.0015,806.0371,69296,81157,Rhinolophus ferrumequinum,0.044,0.044,-1,Echolocation,/mnt/ubna_data_02_mir/recover-20221013/UBNA_001/20221012_030000.WAV,Telephone Field,recover-20221013,001,1795
806.0015,806.0105,26328,37132,Nyctalus leisleri,0.006,0.023,-1,Echolocation,/mnt/ubna_data_02_mir/recover-20221013/UBNA_001/20221012_030000.WAV,Telephone Field,recover-20221013,001,1795
806.0305,806.0704,68437,82332,Rhinolophus ferrumequinum,0.021,0.022,-1,Echolocation,/mnt/ubna_data_02_mir/recover-20221013/UBNA_001/20221012_030000.WAV,Telephone Field,recover-20221013,001,1795
806.0625,806.1026,68437,82463,Rhinolophus ferrumequinum,0.021,0.021,-1,Echolocation,/mnt/ubna_data_02_mir/recover-20221013/UBNA_001/20221012_030000.WAV,Telephone Field,recover-20221013,001,1795
806.1175,806.159,68437,83042,Rhinolophus ferrumequinum,0.022,0.022,-1,Echolocation,/mnt/ubna_data_02_mir/recover-20221013/UBNA_001/20221012_030000.WAV,Telephone Field,recover-20221013,001,1795
806.1725,806.2105,68437,81782,Rhinolophus ferrumequinum,0.026,0.026,-1,Echolocation,/mnt/ubna_data_02_mir/recover-20221013/UBNA_001/20221012_030000.WAV,Telephone Field,recover-20221013,001,1795
806.2085,806.2464,68437,82032,Rhinolophus ferrumequinum,0.022,0.022,-1,Echolocation,/mnt/ubna_data_02_mir/recover-20221013/UBNA_001/20221012_030000.WAV,Telephone Field,recover-20221013,001,1795
806.2305,806.2533,17734,20621,Nyctalus noctula,0.014,0.025,-1,Echolocation,/mnt/ubna_data_02_mir/recover-20221013/UBNA_001/20221012_030000.WAV,Telephone Field,recover-20221013,001,1795
806.2805,806.2922,23750,30551,Nyctalus leisleri,0.011,0.027,-1,Echolocation,/mnt/ubna_data_02_mir/recover-20221013/UBNA_001/20221012_030000.WAV,Telephone Field,recover-20221013,001,1795
806.3475,806.3860999999999,68437,82030,Rhinolophus ferrumequinum,0.021,0.021,-1,Echolocation,/mnt/ubna_data_02_mir/recover-20221013/UBNA_001/20221012_030000.WAV,Telephone Field,recover-20221013,001,1795
806.3995,806.423,17734,20340,Nyctalus noctula,0.031,0.05,-1,Echolocation,/mnt/ubna_data_02_mir/recover-20221013/UBNA_001/20221012_030000.WAV,Telephone Field,recover-20221013,001,1795
806.4005,806.4406,68437,81679,Rhinolophus ferrumequinum,0.024,0.024,-1,Echolocation,/mnt/ubna_data_02_mir/recover-20221013/UBNA_001/20221012_030000.WAV,Telephone Field,recover-20221013,001,1795
806.4275,806.4381,24609,31741,Eptesicus serotinus,0.011,0.029,-1,Echolocation,/mnt/ubna_data_02_mir/recover-20221013/UBNA_001/20221012_030000.WAV,Telephone Field,recover-20221013,001,1795
806.4665,806.5081,68437,82329,Rhinolophus ferrumequinum,0.029,0.029,-1,Echolocation,/mnt/ubna_data_02_mir/recover-20221013/UBNA_001/20221012_030000.WAV,Telephone Field,recover-20221013,001,1795
806.4965,806.5071,22890,28536,Nyctalus leisleri,0.012,0.025,-1,Echolocation,/mnt/ubna_data_02_mir/recover-20221013/UBNA_001/20221012_030000.WAV,Telephone Field,recover-20221013,001,1795
806.5335,806.5495,20312,23286,Nyctalus leisleri,0.014,0.023,-1,Echolocation,/mnt/ubna_data_02_mir/recover-20221013/UBNA_001/20221012_030000.WAV,Telephone Field,recover-20221013,001,1795
806.5675,806.6093,68437,82713,Rhinolophus ferrumequinum,0.024,0.024,-1,Echolocation,/mnt/ubna_data_02_mir/recover-20221013/UBNA_001/20221012_030000.WAV,Telephone Field,recover-20221013,001,1795
806.5775,806.6172,68437,82213,Rhinolophus ferrumequinum,0.022,0.022,-1,Echolocation,/mnt/ubna_data_02_mir/recover-20221013/UBNA_001/20221012_030000.WAV,Telephone Field,recover-20221013,001,1795
806.6035,806.6444,68437,82560,Rhinolophus ferrumequinum,0.023,0.023,-1,Echolocation,/mnt/ubna_data_02_mir/recover-20221013/UBNA_001/20221012_030000.WAV,Telephone Field,recover-20221013,001,1795
806.6255,806.6655,68437,82084,Rhinolophus ferrumequinum,0.023,0.023,-1,Echolocation,/mnt/ubna_data_02_mir/recover-20221013/UBNA_001/20221012_030000.WAV,Telephone Field,recover-20221013,001,1795
806.6545,806.6932,68437,82315,Rhinolophus ferrumequinum,0.027,0.027,-1,Echolocation,/mnt/ubna_data_02_mir/recover-20221013/UBNA_001/20221012_030000.WAV,Telephone Field,recover-20221013,001,1795
806.6635,806.702,68437,82433,Rhinolophus ferrumequinum,0.022,0.022,-1,Echolocation,/mnt/ubna_data_02_mir/recover-20221013/UBNA_001/20221012_030000.WAV,Telephone Field,recover-20221013,001,1795
806.6685,806.7076,68437,82695,Rhinolophus ferrumequinum,0.021,0.021,-1,Echolocation,/mnt/ubna_data_02_mir/recover-20221013/UBNA_001/20221012_030000.WAV,Telephone Field,recover-20221013,001,1795
806.7325,806.7428,25468,32444,Eptesicus serotinus,0.01,0.024,-1,Echolocation,/mnt/ubna_data_02_mir/recover-20221013/UBNA_001/20221012_030000.WAV,Telephone Field,recover-20221013,001,1795
806.7895,806.8294,68437,82341,Rhinolophus ferrumequinum,0.022,0.022,-1,Echolocation,/mnt/ubna_data_02_mir/recover-20221013/UBNA_001/20221012_030000.WAV,Telephone Field,recover-20221013,001,1795
806.7925,806.8016,43515,46931,Pipistrellus pipistrellus,0.029,0.031,-1,Echolocation,/mnt/ubna_data_02_mir/recover-20221013/UBNA_001/20221012_030000.WAV,Telephone Field,recover-20221013,001,1795
806.7925,806.801,27187,37280,Eptesicus serotinus,0.008,0.021,-1,Echolocation,/mnt/ubna_data_02_mir/recover-20221013/UBNA_001/20221012_030000.WAV,Telephone Field,recover-20221013,001,1795
806.8185,806.8566,68437,81753,Rhinolophus ferrumequinum,0.022,0.022,-1,Echolocation,/mnt/ubna_data_02_mir/recover-20221013/UBNA_001/20221012_030000.WAV,Telephone Field,recover-20221013,001,1795
806.8355,806.8786,68437,83118,Rhinolophus ferrumequinum,0.037,0.037,-1,Echolocation,/mnt/ubna_data_02_mir/recover-20221013/UBNA_001/20221012_030000.WAV,Telephone Field,recover-20221013,001,1795
806.8565,806.8675,26328,35635,Eptesicus serotinus,0.011,0.022,-1,Echolocation,/mnt/ubna_data_02_mir/recover-20221013/UBNA_001/20221012_030000.WAV,Telephone Field,recover-20221013,001,1795
806.8585,806.8988,68437,82871,Rhinolophus ferrumequinum,0.024,0.024,-1,Echolocation,/mnt/ubna_data_02_mir/recover-20221013/UBNA_001/20221012_030000.WAV,Telephone Field,recover-20221013,001,1795
806.8825,806.9254,68437,82499,Rhinolophus ferrumequinum,0.034,0.034,-1,Echolocation,/mnt/ubna_data_02_mir/recover-20221013/UBNA_001/20221012_030000.WAV,Telephone Field,recover-20221013,001,1795
806.9115,806.9509,68437,82435,Rhinolophus ferrumequinum,0.023,0.023,-1,Echolocation,/mnt/ubna_data_02_mir/recover-20221013/UBNA_001/20221012_030000.WAV,Telephone Field,recover-20221013,001,1795
806.9155,806.9249,30625,40657,Myotis daubentonii,0.007,0.021,-1,Echolocation,/mnt/ubna_data_02_mir/recover-20221013/UBNA_001/20221012_030000.WAV,Telephone Field,recover-20221013,001,1795
806.9695,807.0107,68437,82706,Rhinolophus ferrumequinum,0.026,0.026,-1,Echolocation,/mnt/ubna_data_02_mir/recover-20221013/UBNA_001/20221012_030000.WAV,Telephone Field,recover-20221013,001,1795
807.0085,807.0174,28906,39858,Eptesicus serotinus,0.009,0.025,-1,Echolocation,/mnt/ubna_data_02_mir/recover-20221013/UBNA_001/20221012_030000.WAV,Telephone Field,recover-20221013,001,1795
807.0535,807.0932,68437,82110,Rhinolophus ferrumequinum,0.023,0.023,-1,Echolocation,/mnt/ubna_data_02_mir/recover-20221013/UBNA_001/20221012_030000.WAV,Telephone Field,recover-20221013,001,1795
807.0625,807.0968,68437,81344,Rhinolophus ferrumequinum,0.021,0.021,-1,Echolocation,/mnt/ubna_data_02_mir/recover-20221013/UBNA_001/20221012_030000.WAV,Telephone Field,recover-20221013,001,1795
807.0725,807.1069,68437,81058,Rhinolophus ferrumequinum,0.023,0.023,-1,Echolocation,/mnt/ubna_data_02_mir/recover-20221013/UBNA_001/20221012_030000.WAV,Telephone Field,recover-20221013,001,1795
807.0735,807.081,27187,41449,Eptesicus serotinus,0.006,0.021,-1,Echolocation,/mnt/ubna_data_02_mir/recover-20221013/UBNA_001/20221012_030000.WAV,Telephone Field,recover-20221013,001,1795
807.0795,807.0889999999999,28906,37047,Eptesicus serotinus,0.01,0.023,-1,Echolocation,/mnt/ubna_data_02_mir/recover-20221013/UBNA_001/20221012_030000.WAV,Telephone Field,recover-20221013,001,1795
807.0795,807.1169,68437,82117,Rhinolophus ferrumequinum,0.022,0.022,-1,Echolocation,/mnt/ubna_data_02_mir/recover-20221013/UBNA_001/20221012_030000.WAV,Telephone Field,recover-20221013,001,1795
807.0815,807.0996,20312,23475,Nyctalus leisleri,0.013,0.022,-1,Echolocation,/mnt/ubna_data_02_mir/recover-20221013/UBNA_001/20221012_030000.WAV,Telephone Field,recover-20221013,001,1795
807.0915,807.1304,68437,81330,Rhinolophus ferrumequinum,0.022,0.022,-1,Echolocation,/mnt/ubna_data_02_mir/recover-20221013/UBNA_001/20221012_030000.WAV,Telephone Field,recover-20221013,001,1795
807.1455,807.1814,68437,80832,Rhinolophus ferrumequinum,0.021,0.022,-1,Echolocation,/mnt/ubna_data_02_mir/recover-20221013/UBNA_001/20221012_030000.WAV,Telephone Field,recover-20221013,001,1795
807.2005,807.2112,28046,36142,Eptesicus serotinus,0.019,0.032,-1,Echolocation,/mnt/ubna_data_02_mir/recover-20221013/UBNA_001/20221012_030000.WAV,Telephone Field,recover-20221013,001,1795
807.2035,807.2412,68437,82281,Rhinolophus ferrumequinum,0.022,0.022,-1,Echolocation,/mnt/ubna_data_02_mir/recover-20221013/UBNA_001/20221012_030000.WAV,Telephone Field,recover-20221013,001,1795
807.2115,807.222,23750,29470,Nyctalus leisleri,0.01,0.023,-1,Echolocation,/mnt/ubna_data_02_mir/recover-20221013/UBNA_001/20221012_030000.WAV,Telephone Field,recover-20221013,001,1795
807.2135,807.2219,47812,55224,Pipistrellus pipistrellus,0.02,0.022,-1,Echolocation,/mnt/ubna_data_02_mir/recover-20221013/UBNA_001/20221012_030000.WAV,Telephone Field,recover-20221013,001,1795
807.2185,807.2586,68437,82737,Rhinolophus ferrumequinum,0.022,0.022,-1,Echolocation,/mnt/ubna_data_02_mir/recover-20221013/UBNA_001/20221012_030000.WAV,Telephone Field,recover-20221013,001,1795
807.2595,807.2712,23750,28034,Nyctalus leisleri,0.016,0.03,-1,Echolocation,/mnt/ubna_data_02_mir/recover-20221013/UBNA_001/20221012_030000.WAV,Telephone Field,recover-20221013,001,1795
807.2785,807.3188,68437,82488,Rhinolophus ferrumequinum,0.026,0.026,-1,Echolocation,/mnt/ubna_data_02_mir/recover-20221013/UBNA_001/20221012_030000.WAV,Telephone Field,recover-20221013,001,1795
807.3195,807.3569,68437,82428,Rhinolophus ferrumequinum,0.023,0.023,-1,Echolocation,/mnt/ubna_data_02_mir/recover-20221013/UBNA_001/20221012_030000.WAV,Telephone Field,recover-20221013,001,1795
807.3655,807.4062,68437,83234,Rhinolophus ferrumequinum,0.03,0.03,-1,Echolocation,/mnt/ubna_data_02_mir/recover-20221013/UBNA_001/20221012_030000.WAV,Telephone Field,recover-20221013,001,1795
807.3785,807.4208,68437,82619,Rhinolophus ferrumequinum,0.024,0.024,-1,Echolocation,/mnt/ubna_data_02_mir/recover-20221013/UBNA_001/20221012_030000.WAV,Telephone Field,recover-20221013,001,1795
807.3855,807.427,68437,82914,Rhinolophus ferrumequinum,0.023,0.023,-1,Echolocation,/mnt/ubna_data_02_mir/recover-20221013/UBNA_001/20221012_030000.WAV,Telephone Field,recover-20221013,001,1795
807.4315,807.4725,68437,82759,Rhinolophus ferrumequinum,0.03,0.03,-1,Echolocation,/mnt/ubna_data_02_mir/recover-20221013/UBNA_001/20221012_030000.WAV,Telephone Field,recover-20221013,001,1795
807.4585,807.4664,28046,39101,Eptesicus serotinus,0.007,0.021,-1,Echolocation,/mnt/ubna_data_02_mir/recover-20221013/UBNA_001/20221012_030000.WAV,Telephone Field,recover-20221013,001,1795
807.5005,807.5110999999999,26328,33063,Eptesicus serotinus,0.012,0.025,-1,Echolocation,/mnt/ubna_data_02_mir/recover-20221013/UBNA_001/20221012_030000.WAV,Telephone Field,recover-20221013,001,1795
807.5465,807.5562,28046,37798,Eptesicus serotinus,0.008,0.021,-1,Echolocation,/mnt/ubna_data_02_mir/recover-20221013/UBNA_001/20221012_030000.WAV,Telephone Field,recover-20221013,001,1795
807.5725,807.6135,68437,81957,Rhinolophus ferrumequinum,0.023,0.023,-1,Echolocation,/mnt/ubna_data_02_mir/recover-20221013/UBNA_001/20221012_030000.WAV,Telephone Field,recover-20221013,001,1795
807.6205,807.637,21171,24722,Nyctalus leisleri,0.014,0.026,-1,Echolocation,/mnt/ubna_data_02_mir/recover-20221013/UBNA_001/20221012_030000.WAV,Telephone Field,recover-20221013,001,1795
807.6235,807.6596,68437,81964,Rhinolophus ferrumequinum,0.021,0.021,-1,Echolocation,/mnt/ubna_data_02_mir/recover-20221013/UBNA_001/20221012_030000.WAV,Telephone Field,recover-20221013,001,1795
807.6325,807.643,24609,31875,Nyctalus leisleri,0.014,0.041,-1,Echolocation,/mnt/ubna_data_02_mir/recover-20221013/UBNA_001/20221012_030000.WAV,Telephone Field,recover-20221013,001,1795
807.6685,807.7069,68437,82264,Rhinolophus ferrumequinum,0.021,0.021,-1,Echolocation,/mnt/ubna_data_02_mir/recover-20221013/UBNA_001/20221012_030000.WAV,Telephone Field,recover-20221013,001,1795
807.6945,807.7333,68437,82186,Rhinolophus ferrumequinum,0.021,0.021,-1,Echolocation,/mnt/ubna_data_02_mir/recover-20221013/UBNA_001/20221012_030000.WAV,Telephone Field,recover-20221013,001,1795
807.7135,807.7491,68437,81526,Rhinolophus ferrumequinum,0.021,0.022,-1,Echolocation,/mnt/ubna_data_02_mir/recover-20221013/UBNA_001/20221012_030000.WAV,Telephone Field,recover-20221013,001,1795
807.7185,807.7555,68437,81524,Rhinolophus ferrumequinum,0.021,0.021,-1,Echolocation,/mnt/ubna_data_02_mir/recover-20221013/UBNA_001/20221012_030000.WAV,Telephone Field,recover-20221013,001,1795
807.7265,807.7351,26328,38517,Eptesicus serotinus,0.007,0.021,-1,Echolocation,/mnt/ubna_data_02_mir/recover-20221013/UBNA_001/20221012_030000.WAV,Telephone Field,recover-20221013,001,1795
807.7305,807.769,68437,81508,Rhinolophus ferrumequinum,0.021,0.021,-1,Echolocation,/mnt/ubna_data_02_mir/recover-20221013/UBNA_001/20221012_030000.WAV,Telephone Field,recover-20221013,001,1795
807.7885,807.8234,68437,81992,Rhinolophus ferrumequinum,0.023,0.023,-1,Echolocation,/mnt/ubna_data_02_mir/recover-20221013/UBNA_001/20221012_030000.WAV,Telephone Field,recover-20221013,001,1795
807.8375,807.8501,28046,34546,Eptesicus serotinus,0.012,0.026,-1,Echolocation,/mnt/ubna_data_02_mir/recover-20221013/UBNA_001/20221012_030000.WAV,Telephone Field,recover-20221013,001,1795
807.8485000000001,807.8604,26328,32641,Eptesicus serotinus,0.013,0.026,-1,Echolocation,/mnt/ubna_data_02_mir/recover-20221013/UBNA_001/20221012_030000.WAV,Telephone Field,recover-20221013,001,1795
807.8635,807.88,40078,43491,Pipistrellus nathusii,0.221,0.245,-1,Echolocation,/mnt/ubna_data_02_mir/recover-20221013/UBNA_001/20221012_030000.WAV,Telephone Field,recover-20221013,001,1795
807.8925,807.9308,68437,81798,Rhinolophus ferrumequinum,0.03,0.03,-1,Echolocation,/mnt/ubna_data_02_mir/recover-20221013/UBNA_001/20221012_030000.WAV,Telephone Field,recover-20221013,001,1795
807.9115,807.924,30625,35761,Eptesicus serotinus,0.012,0.027,-1,Echolocation,/mnt/ubna_data_02_mir/recover-20221013/UBNA_001/20221012_030000.WAV,Telephone Field,recover-20221013,001,1795
807.9295,807.9696,68437,82838,Rhinolophus ferrumequinum,0.025,0.025,-1,Echolocation,/mnt/ubna_data_02_mir/recover-20221013/UBNA_001/20221012_030000.WAV,Telephone Field,recover-20221013,001,1795
807.9315,807.9426,39218,43123,Pipistrellus nathusii,0.057,0.136,-1,Echolocation,/mnt/ubna_data_02_mir/recover-20221013/UBNA_001/20221012_030000.WAV,Telephone Field,recover-20221013,001,1795
807.9365,807.9448,23750,32497,Plecotus austriacus,0.007,0.022,-1,Echolocation,/mnt/ubna_data_02_mir/recover-20221013/UBNA_001/20221012_030000.WAV,Telephone Field,recover-20221013,001,1795
807.9435,807.9807,68437,82175,Rhinolophus ferrumequinum,0.021,0.022,-1,Echolocation,/mnt/ubna_data_02_mir/recover-20221013/UBNA_001/20221012_030000.WAV,Telephone Field,recover-20221013,001,1795
807.9665,807.9786,22890,27924,Nyctalus leisleri,0.013,0.025,-1,Echolocation,/mnt/ubna_data_02_mir/recover-20221013/UBNA_001/20221012_030000.WAV,Telephone Field,recover-20221013,001,1795
807.9785,807.9872,25468,34043,Nyctalus leisleri,0.011,0.038,-1,Echolocation,/mnt/ubna_data_02_mir/recover-20221013/UBNA_001/20221012_030000.WAV,Telephone Field,recover-20221013,001,1795
808.0015,808.008,24609,38553,Myotis nattereri,0.006,0.025,-1,Echolocation,/mnt/ubna_data_02_mir/recover-20221013/UBNA_001/20221012_030000.WAV,Telephone Field,recover-20221013,001,1795
808.0015,808.0081,48671,55705,Pipistrellus pipistrellus,0.02,0.024,-1,Echolocation,/mnt/ubna_data_02_mir/recover-20221013/UBNA_001/20221012_030000.WAV,Telephone Field,recover-20221013,001,1795
808.0015,808.0336,69296,81441,Rhinolophus ferrumequinum,0.028,0.029,-1,Echolocation,/mnt/ubna_data_02_mir/recover-20221013/UBNA_001/20221012_030000.WAV,Telephone Field,recover-20221013,001,1795
808.0015,808.0096,30625,45196,Myotis daubentonii,0.009,0.022,-1,Echolocation,/mnt/ubna_data_02_mir/recover-20221013/UBNA_001/20221012_030000.WAV,Telephone Field,recover-20221013,001,1795
808.0225,808.0309,28046,42313,Eptesicus serotinus,0.008,0.022,-1,Echolocation,/mnt/ubna_data_02_mir/recover-20221013/UBNA_001/20221012_030000.WAV,Telephone Field,recover-20221013,001,1795
808.0425,808.0536,29765,35607,Eptesicus serotinus,0.012,0.028,-1,Echolocation,/mnt/ubna_data_02_mir/recover-20221013/UBNA_001/20221012_030000.WAV,Telephone Field,recover-20221013,001,1795
808.0705,808.1104,68437,83143,Rhinolophus ferrumequinum,0.026,0.026,-1,Echolocation,/mnt/ubna_data_02_mir/recover-20221013/UBNA_001/20221012_030000.WAV,Telephone Field,recover-20221013,001,1795
808.0875,808.0982,22890,28567,Nyctalus leisleri,0.01,0.023,-1,Echolocation,/mnt/ubna_data_02_mir/recover-20221013/UBNA_001/20221012_030000.WAV,Telephone Field,recover-20221013,001,1795
808.1355,808.1424,27187,45028,Eptesicus serotinus,0.006,0.02,-1,Echolocation,/mnt/ubna_data_02_mir/recover-20221013/UBNA_001/20221012_030000.WAV,Telephone Field,recover-20221013,001,1795
808.1495,808.1881,68437,81766,Rhinolophus ferrumequinum,0.021,0.021,-1,Echolocation,/mnt/ubna_data_02_mir/recover-20221013/UBNA_001/20221012_030000.WAV,Telephone Field,recover-20221013,001,1795
808.1605,808.2019,68437,82777,Rhinolophus ferrumequinum,0.028,0.028,-1,Echolocation,/mnt/ubna_data_02_mir/recover-20221013/UBNA_001/20221012_030000.WAV,Telephone Field,recover-20221013,001,1795
808.1845,808.2216,68437,81934,Rhinolophus ferrumequinum,0.021,0.021,-1,Echolocation,/mnt/ubna_data_02_mir/recover-20221013/UBNA_001/20221012_030000.WAV,Telephone Field,recover-20221013,001,1795
808.1975,808.208,24609,30460,Nyctalus leisleri,0.008,0.022,-1,Echolocation,/mnt/ubna_data_02_mir/recover-20221013/UBNA_001/20221012_030000.WAV,Telephone Field,recover-20221013,001,1795
808.2225,808.233,22890,29150,Nyctalus leisleri,0.01,0.024,-1,Echolocation,/mnt/ubna_data_02_mir/recover-20221013/UBNA_001/20221012_030000.WAV,Telephone Field,recover-20221013,001,1795
808.2365,808.2745,68437,81657,Rhinolophus ferrumequinum,0.021,0.021,-1,Echolocation,/mnt/ubna_data_02_mir/recover-20221013/UBNA_001/20221012_030000.WAV,Telephone Field,recover-20221013,001,1795
808.2705,808.309,68437,82401,Rhinolophus ferrumequinum,0.026,0.026,-1,Echolocation,/mnt/ubna_data_02_mir/recover-20221013/UBNA_001/20221012_030000.WAV,Telephone Field,recover-20221013,001,1795
808.2935,808.3036,22031,27877,Nyctalus leisleri,0.009,0.027,-1,Echolocation,/mnt/ubna_data_02_mir/recover-20221013/UBNA_001/20221012_030000.WAV,Telephone Field,recover-20221013,001,1795
808.3115,808.3205,24609,32826,Nyctalus leisleri,0.007,0.024,-1,Echolocation,/mnt/ubna_data_02_mir/recover-20221013/UBNA_001/20221012_030000.WAV,Telephone Field,recover-20221013,001,1795
808.3205,808.3592,68437,81977,Rhinolophus ferrumequinum,0.021,0.021,-1,Echolocation,/mnt/ubna_data_02_mir/recover-20221013/UBNA_001/20221012_030000.WAV,Telephone Field,recover-20221013,001,1795
808.3635,808.4007,68437,82076,Rhinolophus ferrumequinum,0.022,0.022,-1,Echolocation,/mnt/ubna_data_02_mir/recover-20221013/UBNA_001/20221012_030000.WAV,Telephone Field,recover-20221013,001,1795
808.4045,808.4452,68437,82628,Rhinolophus ferrumequinum,0.023,0.023,-1,Echolocation,/mnt/ubna_data_02_mir/recover-20221013/UBNA_001/20221012_030000.WAV,Telephone Field,recover-20221013,001,1795
808.4115,808.4522,68437,82627,Rhinolophus ferrumequinum,0.022,0.022,-1,Echolocation,/mnt/ubna_data_02_mir/recover-20221013/UBNA_001/20221012_030000.WAV,Telephone Field,recover-20221013,001,1795
808.4145,808.4339,16015,19514,Nyctalus noctula,0.014,0.021,-1,Echolocation,/mnt/ubna_data_02_mir/recover-20221013/UBNA_001/20221012_030000.WAV,Telephone Field,recover-20221013,001,1795
808.4205,808.4591,68437,82505,Rhinolophus ferrumequinum,0.021,0.021,-1,Echolocation,/mnt/ubna_data_02_mir/recover-20221013/UBNA_001/20221012_030000.WAV,Telephone Field,recover-20221013,001,1795
808.4365,808.4753,68437,82379,Rhinolophus ferrumequinum,0.021,0.021,-1,Echolocation,/mnt/ubna_data_02_mir/recover-20221013/UBNA_001/20221012_030000.WAV,Telephone Field,recover-20221013,001,1795
808.4435,808.4608,20312,24120,Nyctalus leisleri,0.018,0.034,-1,Echolocation,/mnt/ubna_data_02_mir/recover-20221013/UBNA_001/20221012_030000.WAV,Telephone Field,recover-20221013,001,1795
808.4475,808.4539,28046,37167,Eptesicus serotinus,0.006,0.025,-1,Echolocation,/mnt/ubna_data_02_mir/recover-20221013/UBNA_001/20221012_030000.WAV,Telephone Field,recover-20221013,001,1795
808.4785,808.5149,68437,82588,Rhinolophus ferrumequinum,0.025,0.025,-1,Echolocation,/mnt/ubna_data_02_mir/recover-20221013/UBNA_001/20221012_030000.WAV,Telephone Field,recover-20221013,001,1795
808.4935,808.5039,22890,28098,Nyctalus leisleri,0.009,0.021,-1,Echolocation,/mnt/ubna_data_02_mir/recover-20221013/UBNA_001/20221012_030000.WAV,Telephone Field,recover-20221013,001,1795
808.5055,808.5176,24609,29879,Nyctalus leisleri,0.009,0.022,-1,Echolocation,/mnt/ubna_data_02_mir/recover-20221013/UBNA_001/20221012_030000.WAV,Telephone Field,recover-20221013,001,1795
808.5145,808.5253,22890,28130,Nyctalus leisleri,0.011,0.024,-1,Echolocation,/mnt/ubna_data_02_mir/recover-20221013/UBNA_001/20221012_030000.WAV,Telephone Field,recover-20221013,001,1795
808.5145,808.5499,68437,80991,Rhinolophus ferrumequinum,0.022,0.023,-1,Echolocation,/mnt/ubna_data_02_mir/recover-20221013/UBNA_001/20221012_030000.WAV,Telephone Field,recover-20221013,001,1795
808.5215,808.5608,68437,82047,Rhinolophus ferrumequinum,0.021,0.021,-1,Echolocation,/mnt/ubna_data_02_mir/recover-20221013/UBNA_001/20221012_030000.WAV,Telephone Field,recover-20221013,001,1795
808.5235,808.5302,31484,47264,Myotis daubentonii,0.011,0.02,-1,Echolocation,/mnt/ubna_data_02_mir/recover-20221013/UBNA_001/20221012_030000.WAV,Telephone Field,recover-20221013,001,1795
808.5245,808.5315,27187,40927,Eptesicus serotinus,0.006,0.02,-1,Echolocation,/mnt/ubna_data_02_mir/recover-20221013/UBNA_001/20221012_030000.WAV,Telephone Field,recover-20221013,001,1795
808.5295,808.5678,68437,81720,Rhinolophus ferrumequinum,0.023,0.023,-1,Echolocation,/mnt/ubna_data_02_mir/recover-20221013/UBNA_001/20221012_030000.WAV,Telephone Field,recover-20221013,001,1795
808.5665,808.6052,68437,82250,Rhinolophus ferrumequinum,0.022,0.022,-1,Echolocation,/mnt/ubna_data_02_mir/recover-20221013/UBNA_001/20221012_030000.WAV,Telephone Field,recover-20221013,001,1795
808.5675,808.5746,23750,32658,Plecotus austriacus,0.008,0.02,-1,Echolocation,/mnt/ubna_data_02_mir/recover-20221013/UBNA_001/20221012_030000.WAV,Telephone Field,recover-20221013,001,1795
808.6035,808.6411,68437,82033,Rhinolophus ferrumequinum,0.021,0.021,-1,Echolocation,/mnt/ubna_data_02_mir/recover-20221013/UBNA_001/20221012_030000.WAV,Telephone Field,recover-20221013,001,1795
808.6715,808.7102,68437,82405,Rhinolophus ferrumequinum,0.022,0.022,-1,Echolocation,/mnt/ubna_data_02_mir/recover-20221013/UBNA_001/20221012_030000.WAV,Telephone Field,recover-20221013,001,1795
808.6965,808.7339,68437,82462,Rhinolophus ferrumequinum,0.023,0.023,-1,Echolocation,/mnt/ubna_data_02_mir/recover-20221013/UBNA_001/20221012_030000.WAV,Telephone Field,recover-20221013,001,1795
808.7205,808.7609,68437,82435,Rhinolophus ferrumequinum,0.021,0.021,-1,Echolocation,/mnt/ubna_data_02_mir/recover-20221013/UBNA_001/20221012_030000.WAV,Telephone Field,recover-20221013,001,1795
808.7215,808.7298,26328,35671,Eptesicus serotinus,0.009,0.022,-1,Echolocation,/mnt/ubna_data_02_mir/recover-20221013/UBNA_001/20221012_030000.WAV,Telephone Field,recover-20221013,001,1795
808.7615,808.7982,68437,81044,Rhinolophus ferrumequinum,0.02,0.02,-1,Echolocation,/mnt/ubna_data_02_mir/recover-20221013/UBNA_001/20221012_030000.WAV,Telephone Field,recover-20221013,001,1795
808.7745,808.8129,68437,82001,Rhinolophus ferrumequinum,0.021,0.021,-1,Echolocation,/mnt/ubna_data_02_mir/recover-20221013/UBNA_001/20221012_030000.WAV,Telephone Field,recover-20221013,001,1795
808.8105,808.8471,68437,81385,Rhinolophus ferrumequinum,0.02,0.02,-1,Echolocation,/mnt/ubna_data_02_mir/recover-20221013/UBNA_001/20221012_030000.WAV,Telephone Field,recover-20221013,001,1795
808.8255,808.8653,68437,82831,Rhinolophus ferrumequinum,0.037,0.037,-1,Echolocation,/mnt/ubna_data_02_mir/recover-20221013/UBNA_001/20221012_030000.WAV,Telephone Field,recover-20221013,001,1795
808.8325,808.8411,25468,33768,Eptesicus serotinus,0.008,0.021,-1,Echolocation,/mnt/ubna_data_02_mir/recover-20221013/UBNA_001/20221012_030000.WAV,Telephone Field,recover-20221013,001,1795
808.8335,808.8714,68437,82085,Rhinolophus ferrumequinum,0.023,0.023,-1,Echolocation,/mnt/ubna_data_02_mir/recover-20221013/UBNA_001/20221012_030000.WAV,Telephone Field,recover-20221013,001,1795
808.8695,808.9091,68437,82013,Rhinolophus ferrumequinum,0.022,0.022,-1,Echolocation,/mnt/ubna_data_02_mir/recover-20221013/UBNA_001/20221012_030000.WAV,Telephone Field,recover-20221013,001,1795
808.8745,808.8955,18593,22123,Nyctalus noctula,0.012,0.025,-1,Echolocation,/mnt/ubna_data_02_mir/recover-20221013/UBNA_001/20221012_030000.WAV,Telephone Field,recover-20221013,001,1795
808.8835,808.8907,23750,32379,Plecotus austriacus,0.009,0.022,-1,Echolocation,/mnt/ubna_data_02_mir/recover-20221013/UBNA_001/20221012_030000.WAV,Telephone Field,recover-20221013,001,1795
808.9014999999999,808.9103,25468,33714,Eptesicus serotinus,0.008,0.022,-1,Echolocation,/mnt/ubna_data_02_mir/recover-20221013/UBNA_001/20221012_030000.WAV,Telephone Field,recover-20221013,001,1795
808.9235,808.9615,68437,81826,Rhinolophus ferrumequinum,0.021,0.021,-1,Echolocation,/mnt/ubna_data_02_mir/recover-20221013/UBNA_001/20221012_030000.WAV,Telephone Field,recover-20221013,001,1795
808.9405,808.9812,68437,82814,Rhinolophus ferrumequinum,0.03,0.03,-1,Echolocation,/mnt/ubna_data_02_mir/recover-20221013/UBNA_001/20221012_030000.WAV,Telephone Field,recover-20221013,001,1795
808.9595,808.9674,27187,38211,Eptesicus serotinus,0.007,0.02,-1,Echolocation,/mnt/ubna_data_02_mir/recover-20221013/UBNA_001/20221012_030000.WAV,Telephone Field,recover-20221013,001,1795
808.9805,808.9878,28046,39416,Eptesicus serotinus,0.008,0.025,-1,Echolocation,/mnt/ubna_data_02_mir/recover-20221013/UBNA_001/20221012_030000.WAV,Telephone Field,recover-20221013,001,1795
808.9995,809.0427,68437,83577,Rhinolophus ferrumequinum,0.032,0.032,-1,Echolocation,/mnt/ubna_data_02_mir/recover-20221013/UBNA_001/20221012_030000.WAV,Telephone Field,recover-20221013,001,1795
809.0165,809.026,28046,37431,Eptesicus serotinus,0.009,0.023,-1,Echolocation,/mnt/ubna_data_02_mir/recover-20221013/UBNA_001/20221012_030000.WAV,Telephone Field,recover-20221013,001,1795
809.0555,809.0976,68437,82825,Rhinolophus ferrumequinum,0.025,0.025,-1,Echolocation,/mnt/ubna_data_02_mir/recover-20221013/UBNA_001/20221012_030000.WAV,Telephone Field,recover-20221013,001,1795
809.0595,809.0684,45234,51683,Pipistrellus pipistrellus,0.023,0.027,-1,Echolocation,/mnt/ubna_data_02_mir/recover-20221013/UBNA_001/20221012_030000.WAV,Telephone Field,recover-20221013,001,1795
809.0665,809.0739,27187,39999,Eptesicus serotinus,0.007,0.025,-1,Echolocation,/mnt/ubna_data_02_mir/recover-20221013/UBNA_001/20221012_030000.WAV,Telephone Field,recover-20221013,001,1795
809.0925,809.1318,68437,82393,Rhinolophus ferrumequinum,0.027,0.027,-1,Echolocation,/mnt/ubna_data_02_mir/recover-20221013/UBNA_001/20221012_030000.WAV,Telephone Field,recover-20221013,001,1795
809.1065,809.1444,68437,82015,Rhinolophus ferrumequinum,0.02,0.02,-1,Echolocation,/mnt/ubna_data_02_mir/recover-20221013/UBNA_001/20221012_030000.WAV,Telephone Field,recover-20221013,001,1795
809.1535,809.1941,68437,82433,Rhinolophus ferrumequinum,0.023,0.023,-1,Echolocation,/mnt/ubna_data_02_mir/recover-20221013/UBNA_001/20221012_030000.WAV,Telephone Field,recover-20221013,001,1795
809.1655,809.2023,68437,81562,Rhinolophus ferrumequinum,0.02,0.02,-1,Echolocation,/mnt/ubna_data_02_mir/recover-20221013/UBNA_001/20221012_030000.WAV,Telephone Field,recover-20221013,001,1795
809.1705,809.1802,28046,36431,Eptesicus serotinus,0.009,0.022,-1,Echolocation,/mnt/ubna_data_02_mir/recover-20221013/UBNA_001/20221012_030000.WAV,Telephone Field,recover-20221013,001,1795
809.1825,809.2206,68437,81534,Rhinolophus ferrumequinum,0.022,0.022,-1,Echolocation,/mnt/ubna_data_02_mir/recover-20221013/UBNA_001/20221012_030000.WAV,Telephone Field,recover-20221013,001,1795
809.2125,809.249,68437,82032,Rhinolophus ferrumequinum,0.021,0.021,-1,Echolocation,/mnt/ubna_data_02_mir/recover-20221013/UBNA_001/20221012_030000.WAV,Telephone Field,recover-20221013,001,1795
809.2305,809.2407,24609,31911,Eptesicus serotinus,0.009,0.025,-1,Echolocation,/mnt/ubna_data_02_mir/recover-20221013/UBNA_001/20221012_030000.WAV,Telephone Field,recover-20221013,001,1795
809.2565,809.2657,27187,36352,Eptesicus serotinus,0.008,0.021,-1,Echolocation,/mnt/ubna_data_02_mir/recover-20221013/UBNA_001/20221012_030000.WAV,Telephone Field,recover-20221013,001,1795
809.2725,809.311,68437,81540,Rhinolophus ferrumequinum,0.022,0.022,-1,Echolocation,/mnt/ubna_data_02_mir/recover-20221013/UBNA_001/20221012_030000.WAV,Telephone Field,recover-20221013,001,1795
809.2755,809.2813,33203,54625,Myotis daubentonii,0.013,0.021,-1,Echolocation,/mnt/ubna_data_02_mir/recover-20221013/UBNA_001/20221012_030000.WAV,Telephone Field,recover-20221013,001,1795
809.2785,809.316,68437,81843,Rhinolophus ferrumequinum,0.022,0.022,-1,Echolocation,/mnt/ubna_data_02_mir/recover-20221013/UBNA_001/20221012_030000.WAV,Telephone Field,recover-20221013,001,1795
809.2825,809.3005,22031,25301,Nyctalus leisleri,0.033,0.055,-1,Echolocation,/mnt/ubna_data_02_mir/recover-20221013/UBNA_001/20221012_030000.WAV,Telephone Field,recover-20221013,001,1795
809.3035,809.3112,31484,46486,Myotis daubentonii,0.011,0.022,-1,Echolocation,/mnt/ubna_data_02_mir/recover-20221013/UBNA_001/20221012_030000.WAV,Telephone Field,recover-20221013,001,1795
809.3035,809.3127,26328,35613,Eptesicus serotinus,0.007,0.022,-1,Echolocation,/mnt/ubna_data_02_mir/recover-20221013/UBNA_001/20221012_030000.WAV,Telephone Field,recover-20221013,001,1795
809.3415,809.3625,21171,24849,Nyctalus leisleri,0.021,0.04,-1,Echolocation,/mnt/ubna_data_02_mir/recover-20221013/UBNA_001/20221012_030000.WAV,Telephone Field,recover-20221013,001,1795
809.3555,809.3902,68437,81295,Rhinolophus ferrumequinum,0.03,0.03,-1,Echolocation,/mnt/ubna_data_02_mir/recover-20221013/UBNA_001/20221012_030000.WAV,Telephone Field,recover-20221013,001,1795
809.3695,809.3782,28046,39299,Eptesicus serotinus,0.007,0.021,-1,Echolocation,/mnt/ubna_data_02_mir/recover-20221013/UBNA_001/20221012_030000.WAV,Telephone Field,recover-20221013,001,1795
809.3725,809.4122,68437,83105,Rhinolophus ferrumequinum,0.027,0.027,-1,Echolocation,/mnt/ubna_data_02_mir/recover-20221013/UBNA_001/20221012_030000.WAV,Telephone Field,recover-20221013,001,1795
809.4295,809.4401,22890,27900,Nyctalus leisleri,0.01,0.021,-1,Echolocation,/mnt/ubna_data_02_mir/recover-20221013/UBNA_001/20221012_030000.WAV,Telephone Field,recover-20221013,001,1795
809.4435,809.4619,22031,25908,Nyctalus leisleri,0.021,0.042,-1,Echolocation,/mnt/ubna_data_02_mir/recover-20221013/UBNA_001/20221012_030000.WAV,Telephone Field,recover-20221013,001,1795
809.4575,809.5001,68437,82525,Rhinolophus ferrumequinum,0.024,0.024,-1,Echolocation,/mnt/ubna_data_02_mir/recover-20221013/UBNA_001/20221012_030000.WAV,Telephone Field,recover-20221013,001,1795
809.4865,809.5247,68437,83046,Rhinolophus ferrumequinum,0.028,0.028,-1,Echolocation,/mnt/ubna_data_02_mir/recover-20221013/UBNA_001/20221012_030000.WAV,Telephone Field,recover-20221013,001,1795
809.5335,809.544,22031,26501,Nyctalus leisleri,0.01,0.021,-1,Echolocation,/mnt/ubna_data_02_mir/recover-20221013/UBNA_001/20221012_030000.WAV,Telephone Field,recover-20221013,001,1795
809.5815,809.6212,68437,82657,Rhinolophus ferrumequinum,0.022,0.022,-1,Echolocation,/mnt/ubna_data_02_mir/recover-20221013/UBNA_001/20221012_030000.WAV,Telephone Field,recover-20221013,001,1795
809.5865,809.6259,68437,82491,Rhinolophus ferrumequinum,0.021,0.021,-1,Echolocation,/mnt/ubna_data_02_mir/recover-20221013/UBNA_001/20221012_030000.WAV,Telephone Field,recover-20221013,001,1795
809.6395,809.6767,68437,81776,Rhinolophus ferrumequinum,0.02,0.02,-1,Echolocation,/mnt/ubna_data_02_mir/recover-20221013/UBNA_001/20221012_030000.WAV,Telephone Field,recover-20221013,001,1795
809.6595,809.6688,24609,31140,Eptesicus serotinus,0.009,0.026,-1,Echolocation,/mnt/ubna_data_02_mir/recover-20221013/UBNA_001/20221012_030000.WAV,Telephone Field,recover-20221013,001,1795
809.6845,809.7226,68437,81982,Rhinolophus ferrumequinum,0.023,0.023,-1,Echolocation,/mnt/ubna_data_02_mir/recover-20221013/UBNA_001/20221012_030000.WAV,Telephone Field,recover-20221013,001,1795
809.6925,809.7327,68437,82335,Rhinolophus ferrumequinum,0.025,0.025,-1,Echolocation,/mnt/ubna_data_02_mir/recover-20221013/UBNA_001/20221012_030000.WAV,Telephone Field,recover-20221013,001,1795
809.6955,809.7034,27187,38986,Eptesicus serotinus,0.009,0.027,-1,Echolocation,/mnt/ubna_data_02_mir/recover-20221013/UBNA_001/20221012_030000.WAV,Telephone Field,recover-20221013,001,1795
809.7215,809.7599,68437,82011,Rhinolophus ferrumequinum,0.021,0.021,-1,Echolocation,/mnt/ubna_data_02_mir/recover-20221013/UBNA_001/20221012_030000.WAV,Telephone Field,recover-20221013,001,1795
809.7285,809.7665,68437,82140,Rhinolophus ferrumequinum,0.02,0.02,-1,Echolocation,/mnt/ubna_data_02_mir/recover-20221013/UBNA_001/20221012_030000.WAV,Telephone Field,recover-20221013,001,1795
809.7465,809.7846,68437,81985,Rhinolophus ferrumequinum,0.021,0.021,-1,Echolocation,/mnt/ubna_data_02_mir/recover-20221013/UBNA_001/20221012_030000.WAV,Telephone Field,recover-20221013,001,1795
809.7615,809.7739,25468,31167,Eptesicus serotinus,0.011,0.025,-1,Echolocation,/mnt/ubna_data_02_mir/recover-20221013/UBNA_001/20221012_030000.WAV,Telephone Field,recover-20221013,001,1795
809.7635,809.803,68437,82096,Rhinolophus ferrumequinum,0.022,0.022,-1,Echolocation,/mnt/ubna_data_02_mir/recover-20221013/UBNA_001/20221012_030000.WAV,Telephone Field,recover-20221013,001,1795
809.7715,809.8101,68437,82390,Rhinolophus ferrumequinum,0.022,0.022,-1,Echolocation,/mnt/ubna_data_02_mir/recover-20221013/UBNA_001/20221012_030000.WAV,Telephone Field,recover-20221013,001,1795
809.8035,809.8463,68437,83167,Rhinolophus ferrumequinum,0.027,0.027,-1,Echolocation,/mnt/ubna_data_02_mir/recover-20221013/UBNA_001/20221012_030000.WAV,Telephone Field,recover-20221013,001,1795
809.8055,809.8166,22031,26048,Nyctalus leisleri,0.014,0.024,-1,Echolocation,/mnt/ubna_data_02_mir/recover-20221013/UBNA_001/20221012_030000.WAV,Telephone Field,recover-20221013,001,1795
809.8185,809.8266,27187,38549,Eptesicus serotinus,0.008,0.023,-1,Echolocation,/mnt/ubna_data_02_mir/recover-20221013/UBNA_001/20221012_030000.WAV,Telephone Field,recover-20221013,001,1795
809.8425,809.883,68437,82735,Rhinolophus ferrumequinum,0.029,0.029,-1,Echolocation,/mnt/ubna_data_02_mir/recover-20221013/UBNA_001/20221012_030000.WAV,Telephone Field,recover-20221013,001,1795
809.8435,809.8508,27187,40140,Eptesicus serotinus,0.006,0.021,-1,Echolocation,/mnt/ubna_data_02_mir/recover-20221013/UBNA_001/20221012_030000.WAV,Telephone Field,recover-20221013,001,1795
809.8815,809.9202,68437,81751,Rhinolophus ferrumequinum,0.026,0.026,-1,Echolocation,/mnt/ubna_data_02_mir/recover-20221013/UBNA_001/20221012_030000.WAV,Telephone Field,recover-20221013,001,1795
809.8865,809.9255,68437,82225,Rhinolophus ferrumequinum,0.025,0.025,-1,Echolocation,/mnt/ubna_data_02_mir/recover-20221013/UBNA_001/20221012_030000.WAV,Telephone Field,recover-20221013,001,1795
809.8875,809.895,27187,43989,Eptesicus serotinus,0.007,0.026,-1,Echolocation,/mnt/ubna_data_02_mir/recover-20221013/UBNA_001/20221012_030000.WAV,Telephone Field,recover-20221013,001,1795
809.8905,809.8962,33203,45000,Myotis daubentonii,0.012,0.024,-1,Echolocation,/mnt/ubna_data_02_mir/recover-20221013/UBNA_001/20221012_030000.WAV,Telephone Field,recover-20221013,001,1795
809.9145,809.9214,26328,37931,Eptesicus serotinus,0.005,0.022,-1,Echolocation,/mnt/ubna_data_02_mir/recover-20221013/UBNA_001/20221012_030000.WAV,Telephone Field,recover-20221013,001,1795
809.9235,809.9586,68437,81602,Rhinolophus ferrumequinum,0.021,0.021,-1,Echolocation,/mnt/ubna_data_02_mir/recover-20221013/UBNA_001/20221012_030000.WAV,Telephone Field,recover-20221013,001,1795
809.9505,809.9874,68437,81911,Rhinolophus ferrumequinum,0.02,0.02,-1,Echolocation,/mnt/ubna_data_02_mir/recover-20221013/UBNA_001/20221012_030000.WAV,Telephone Field,recover-20221013,001,1795
809.9615,809.9699,28046,39472,Eptesicus serotinus,0.008,0.022,-1,Echolocation,/mnt/ubna_data_02_mir/recover-20221013/UBNA_001/20221012_030000.WAV,Telephone Field,recover-20221013,001,1795
809.9795,809.9906,23750,29360,Nyctalus leisleri,0.011,0.022,-1,Echolocation,/mnt/ubna_data_02_mir/recover-20221013/UBNA_001/20221012_030000.WAV,Telephone Field,recover-20221013,001,1795
810.0015,810.0099,22031,28989,Nyctalus leisleri,0.008,0.027,-1,Echolocation,/mnt/ubna_data_02_mir/recover-20221013/UBNA_001/20221012_030000.WAV,Telephone Field,recover-20221013,001,1795
810.0015,810.034,68437,79708,Rhinolophus ferrumequinum,0.029,0.029,-1,Echolocation,/mnt/ubna_data_02_mir/recover-20221013/UBNA_001/20221012_030000.WAV,Telephone Field,recover-20221013,001,1795
810.0015,810.0105,47812,52687,Pipistrellus pipistrellus,0.025,0.03,-1,Echolocation,/mnt/ubna_data_02_mir/recover-20221013/UBNA_001/20221012_030000.WAV,Telephone Field,recover-20221013,001,1795
810.0075,810.0487,68437,81603,Rhinolophus ferrumequinum,0.023,0.023,-1,Echolocation,/mnt/ubna_data_02_mir/recover-20221013/UBNA_001/20221012_030000.WAV,Telephone Field,recover-20221013,001,1795
810.0145,810.0562,68437,82549,Rhinolophus ferrumequinum,0.023,0.023,-1,Echolocation,/mnt/ubna_data_02_mir/recover-20221013/UBNA_001/20221012_030000.WAV,Telephone Field,recover-20221013,001,1795
810.0415,810.0493,27187,36539,Eptesicus serotinus,0.009,0.025,-1,Echolocation,/mnt/ubna_data_02_mir/recover-20221013/UBNA_001/20221012_030000.WAV,Telephone Field,recover-20221013,001,1795
810.1215,810.1612,68437,82213,Rhinolophus ferrumequinum,0.024,0.024,-1,Echolocation,/mnt/ubna_data_02_mir/recover-20221013/UBNA_001/20221012_030000.WAV,Telephone Field,recover-20221013,001,1795
810.1985,810.2355,68437,81984,Rhinolophus ferrumequinum,0.021,0.021,-1,Echolocation,/mnt/ubna_data_02_mir/recover-20221013/UBNA_001/20221012_030000.WAV,Telephone Field,recover-20221013,001,1795
810.2015,810.2106,28906,38838,Eptesicus serotinus,0.009,0.022,-1,Echolocation,/mnt/ubna_data_02_mir/recover-20221013/UBNA_001/20221012_030000.WAV,Telephone Field,recover-20221013,001,1795
810.2265,810.235,28046,38456,Eptesicus serotinus,0.007,0.021,-1,Echolocation,/mnt/ubna_data_02_mir/recover-20221013/UBNA_001/20221012_030000.WAV,Telephone Field,recover-20221013,001,1795
810.3255,810.3633,68437,81828,Rhinolophus ferrumequinum,0.021,0.021,-1,Echolocation,/mnt/ubna_data_02_mir/recover-20221013/UBNA_001/20221012_030000.WAV,Telephone Field,recover-20221013,001,1795
810.3455,810.385,68437,82246,Rhinolophus ferrumequinum,0.023,0.023,-1,Echolocation,/mnt/ubna_data_02_mir/recover-20221013/UBNA_001/20221012_030000.WAV,Telephone Field,recover-20221013,001,1795
810.3705,810.4085,68437,82254,Rhinolophus ferrumequinum,0.021,0.022,-1,Echolocation,/mnt/ubna_data_02_mir/recover-20221013/UBNA_001/20221012_030000.WAV,Telephone Field,recover-20221013,001,1795
810.3715,810.3829,22890,26989,Nyctalus leisleri,0.012,0.022,-1,Echolocation,/mnt/ubna_data_02_mir/recover-20221013/UBNA_001/20221012_030000.WAV,Telephone Field,recover-20221013,001,1795
810.3905,810.3978,26328,38323,Eptesicus serotinus,0.005,0.022,-1,Echolocation,/mnt/ubna_data_02_mir/recover-20221013/UBNA_001/20221012_030000.WAV,Telephone Field,recover-20221013,001,1795
810.4055,810.4142,23750,30698,Nyctalus leisleri,0.007,0.021,-1,Echolocation,/mnt/ubna_data_02_mir/recover-20221013/UBNA_001/20221012_030000.WAV,Telephone Field,recover-20221013,001,1795
810.4155,810.4557,68437,82995,Rhinolophus ferrumequinum,0.023,0.023,-1,Echolocation,/mnt/ubna_data_02_mir/recover-20221013/UBNA_001/20221012_030000.WAV,Telephone Field,recover-20221013,001,1795
810.4175,810.4281,22890,28727,Nyctalus leisleri,0.01,0.026,-1,Echolocation,/mnt/ubna_data_02_mir/recover-20221013/UBNA_001/20221012_030000.WAV,Telephone Field,recover-20221013,001,1795
810.4375,810.474,68437,80510,Rhinolophus ferrumequinum,0.024,0.024,-1,Echolocation,/mnt/ubna_data_02_mir/recover-20221013/UBNA_001/20221012_030000.WAV,Telephone Field,recover-20221013,001,1795
810.4635,810.4749,25468,31053,Nyctalus leisleri,0.034,0.082,-1,Echolocation,/mnt/ubna_data_02_mir/recover-20221013/UBNA_001/20221012_030000.WAV,Telephone Field,recover-20221013,001,1795
810.4655,810.5052,68437,82496,Rhinolophus ferrumequinum,0.023,0.023,-1,Echolocation,/mnt/ubna_data_02_mir/recover-20221013/UBNA_001/20221012_030000.WAV,Telephone Field,recover-20221013,001,1795
810.4785,810.4872,23750,30800,Plecotus austriacus,0.007,0.021,-1,Echolocation,/mnt/ubna_data_02_mir/recover-20221013/UBNA_001/20221012_030000.WAV,Telephone Field,recover-20221013,001,1795
810.5015,810.544,68437,83129,Rhinolophus ferrumequinum,0.024,0.024,-1,Echolocation,/mnt/ubna_data_02_mir/recover-20221013/UBNA_001/20221012_030000.WAV,Telephone Field,recover-20221013,001,1795
810.5345,810.5726,68437,81370,Rhinolophus ferrumequinum,0.025,0.025,-1,Echolocation,/mnt/ubna_data_02_mir/recover-20221013/UBNA_001/20221012_030000.WAV,Telephone Field,recover-20221013,001,1795
810.5895,810.6296,68437,82349,Rhinolophus ferrumequinum,0.022,0.022,-1,Echolocation,/mnt/ubna_data_02_mir/recover-20221013/UBNA_001/20221012_030000.WAV,Telephone Field,recover-20221013,001,1795
810.6195,810.658,68437,82258,Rhinolophus ferrumequinum,0.025,0.025,-1,Echolocation,/mnt/ubna_data_02_mir/recover-20221013/UBNA_001/20221012_030000.WAV,Telephone Field,recover-20221013,001,1795
810.6315,810.6714,68437,82311,Rhinolophus ferrumequinum,0.022,0.022,-1,Echolocation,/mnt/ubna_data_02_mir/recover-20221013/UBNA_001/20221012_030000.WAV,Telephone Field,recover-20221013,001,1795
810.6585,810.6944,68437,82277,Rhinolophus ferrumequinum,0.021,0.021,-1,Echolocation,/mnt/ubna_data_02_mir/recover-20221013/UBNA_001/20221012_030000.WAV,Telephone Field,recover-20221013,001,1795
810.6835,810.7238,68437,82681,Rhinolophus ferrumequinum,0.022,0.022,-1,Echolocation,/mnt/ubna_data_02_mir/recover-20221013/UBNA_001/20221012_030000.WAV,Telephone Field,recover-20221013,001,1795
810.7005,810.7429,68437,82786,Rhinolophus ferrumequinum,0.025,0.025,-1,Echolocation,/mnt/ubna_data_02_mir/recover-20221013/UBNA_001/20221012_030000.WAV,Telephone Field,recover-20221013,001,1795
810.7045,810.7159,54687,59504,Pipistrellus pygmaeus,0.019,0.021,-1,Echolocation,/mnt/ubna_data_02_mir/recover-20221013/UBNA_001/20221012_030000.WAV,Telephone Field,recover-20221013,001,1795
810.7065,810.7136,47812,54214,Pipistrellus pipistrellus,0.021,0.022,-1,Echolocation,/mnt/ubna_data_02_mir/recover-20221013/UBNA_001/20221012_030000.WAV,Telephone Field,recover-20221013,001,1795
810.7245,810.763,68437,81523,Rhinolophus ferrumequinum,0.023,0.023,-1,Echolocation,/mnt/ubna_data_02_mir/recover-20221013/UBNA_001/20221012_030000.WAV,Telephone Field,recover-20221013,001,1795
810.7265,810.7345,28046,38249,Eptesicus serotinus,0.008,0.024,-1,Echolocation,/mnt/ubna_data_02_mir/recover-20221013/UBNA_001/20221012_030000.WAV,Telephone Field,recover-20221013,001,1795
810.7665,810.8079,68437,82347,Rhinolophus ferrumequinum,0.022,0.022,-1,Echolocation,/mnt/ubna_data_02_mir/recover-20221013/UBNA_001/20221012_030000.WAV,Telephone Field,recover-20221013,001,1795
810.7765,810.7844,28046,38794,Eptesicus serotinus,0.007,0.022,-1,Echolocation,/mnt/ubna_data_02_mir/recover-20221013/UBNA_001/20221012_030000.WAV,Telephone Field,recover-20221013,001,1795
810.7935,810.8335,68437,82221,Rhinolophus ferrumequinum,0.021,0.021,-1,Echolocation,/mnt/ubna_data_02_mir/recover-20221013/UBNA_001/20221012_030000.WAV,Telephone Field,recover-20221013,001,1795
810.8145,810.8241,25468,33529,Nyctalus leisleri,0.008,0.025,-1,Echolocation,/mnt/ubna_data_02_mir/recover-20221013/UBNA_001/20221012_030000.WAV,Telephone Field,recover-20221013,001,1795
810.8705,810.9075,68437,81328,Rhinolophus ferrumequinum,0.021,0.021,-1,Echolocation,/mnt/ubna_data_02_mir/recover-20221013/UBNA_001/20221012_030000.WAV,Telephone Field,recover-20221013,001,1795
810.8985,810.9369,68437,81769,Rhinolophus ferrumequinum,0.022,0.022,-1,Echolocation,/mnt/ubna_data_02_mir/recover-20221013/UBNA_001/20221012_030000.WAV,Telephone Field,recover-20221013,001,1795
810.9145,810.9495,68437,80450,Rhinolophus ferrumequinum,0.02,0.021,-1,Echolocation,/mnt/ubna_data_02_mir/recover-20221013/UBNA_001/20221012_030000.WAV,Telephone Field,recover-20221013,001,1795
810.9155,810.9223,28046,41360,Eptesicus serotinus,0.006,0.022,-1,Echolocation,/mnt/ubna_data_02_mir/recover-20221013/UBNA_001/20221012_030000.WAV,Telephone Field,recover-20221013,001,1795
810.9465,810.9865,68437,82102,Rhinolophus ferrumequinum,0.021,0.021,-1,Echolocation,/mnt/ubna_data_02_mir/recover-20221013/UBNA_001/20221012_030000.WAV,Telephone Field,recover-20221013,001,1795
810.9535,810.9652,23750,29540,Nyctalus leisleri,0.011,0.025,-1,Echolocation,/mnt/ubna_data_02_mir/recover-20221013/UBNA_001/20221012_030000.WAV,Telephone Field,recover-20221013,001,1795
810.9885,811.0282,68437,81600,Rhinolophus ferrumequinum,0.021,0.021,-1,Echolocation,/mnt/ubna_data_02_mir/recover-20221013/UBNA_001/20221012_030000.WAV,Telephone Field,recover-20221013,001,1795
810.9935,811.005,23750,29607,Nyctalus leisleri,0.013,0.028,-1,Echolocation,/mnt/ubna_data_02_mir/recover-20221013/UBNA_001/20221012_030000.WAV,Telephone Field,recover-20221013,001,1795
811.0105,811.0481,68437,81690,Rhinolophus ferrumequinum,0.021,0.021,-1,Echolocation,/mnt/ubna_data_02_mir/recover-20221013/UBNA_001/20221012_030000.WAV,Telephone Field,recover-20221013,001,1795
811.0315,811.0706,68437,82475,Rhinolophus ferrumequinum,0.02,0.02,-1,Echolocation,/mnt/ubna_data_02_mir/recover-20221013/UBNA_001/20221012_030000.WAV,Telephone Field,recover-20221013,001,1795
811.0335,811.041,24609,33010,Plecotus austriacus,0.006,0.021,-1,Echolocation,/mnt/ubna_data_02_mir/recover-20221013/UBNA_001/20221012_030000.WAV,Telephone Field,recover-20221013,001,1795
811.0815,811.1194,68437,82377,Rhinolophus ferrumequinum,0.025,0.025,-1,Echolocation,/mnt/ubna_data_02_mir/recover-20221013/UBNA_001/20221012_030000.WAV,Telephone Field,recover-20221013,001,1795
811.0985,811.1379,68437,81775,Rhinolophus ferrumequinum,0.022,0.022,-1,Echolocation,/mnt/ubna_data_02_mir/recover-20221013/UBNA_001/20221012_030000.WAV,Telephone Field,recover-20221013,001,1795
811.1285,811.1655,68437,82748,Rhinolophus ferrumequinum,0.021,0.021,-1,Echolocation,/mnt/ubna_data_02_mir/recover-20221013/UBNA_001/20221012_030000.WAV,Telephone Field,recover-20221013,001,1795
811.1495,811.1567,28046,40524,Eptesicus serotinus,0.007,0.024,-1,Echolocation,/mnt/ubna_data_02_mir/recover-20221013/UBNA_001/20221012_030000.WAV,Telephone Field,recover-20221013,001,1795
811.2185,811.257,68437,82539,Rhinolophus ferrumequinum,0.03,0.03,-1,Echolocation,/mnt/ubna_data_02_mir/recover-20221013/UBNA_001/20221012_030000.WAV,Telephone Field,recover-20221013,001,1795
811.2425,811.2536,27187,33712,Eptesicus serotinus,0.011,0.023,-1,Echolocation,/mnt/ubna_data_02_mir/recover-20221013/UBNA_001/20221012_030000.WAV,Telephone Field,recover-20221013,001,1795
811.2435,811.2813,68437,82489,Rhinolophus ferrumequinum,0.023,0.024,-1,Echolocation,/mnt/ubna_data_02_mir/recover-20221013/UBNA_001/20221012_030000.WAV,Telephone Field,recover-20221013,001,1795
811.2725,811.28,28906,39595,Eptesicus serotinus,0.007,0.021,-1,Echolocation,/mnt/ubna_data_02_mir/recover-20221013/UBNA_001/20221012_030000.WAV,Telephone Field,recover-20221013,001,1795
811.3025,811.341,68437,81661,Rhinolophus ferrumequinum,0.022,0.022,-1,Echolocation,/mnt/ubna_data_02_mir/recover-20221013/UBNA_001/20221012_030000.WAV,Telephone Field,recover-20221013,001,1795
811.3155,811.3584,68437,83280,Rhinolophus ferrumequinum,0.023,0.023,-1,Echolocation,/mnt/ubna_data_02_mir/recover-20221013/UBNA_001/20221012_030000.WAV,Telephone Field,recover-20221013,001,1795
811.3175,811.3287,22031,27180,Nyctalus leisleri,0.011,0.027,-1,Echolocation,/mnt/ubna_data_02_mir/recover-20221013/UBNA_001/20221012_030000.WAV,Telephone Field,recover-20221013,001,1795
811.3255,811.3331,28906,40101,Eptesicus serotinus,0.007,0.023,-1,Echolocation,/mnt/ubna_data_02_mir/recover-20221013/UBNA_001/20221012_030000.WAV,Telephone Field,recover-20221013,001,1795
811.3285,811.364,68437,81638,Rhinolophus ferrumequinum,0.021,0.021,-1,Echolocation,/mnt/ubna_data_02_mir/recover-20221013/UBNA_001/20221012_030000.WAV,Telephone Field,recover-20221013,001,1795
811.3425,811.3792,68437,81558,Rhinolophus ferrumequinum,0.021,0.021,-1,Echolocation,/mnt/ubna_data_02_mir/recover-20221013/UBNA_001/20221012_030000.WAV,Telephone Field,recover-20221013,001,1795
811.3715,811.4103,68437,81803,Rhinolophus ferrumequinum,0.023,0.023,-1,Echolocation,/mnt/ubna_data_02_mir/recover-20221013/UBNA_001/20221012_030000.WAV,Telephone Field,recover-20221013,001,1795
811.3805,811.3908,22031,26270,Nyctalus leisleri,0.011,0.021,-1,Echolocation,/mnt/ubna_data_02_mir/recover-20221013/UBNA_001/20221012_030000.WAV,Telephone Field,recover-20221013,001,1795
811.3815,811.4254,68437,83226,Rhinolophus ferrumequinum,0.044,0.044,-1,Echolocation,/mnt/ubna_data_02_mir/recover-20221013/UBNA_001/20221012_030000.WAV,Telephone Field,recover-20221013,001,1795
811.4145,811.423,28906,39144,Eptesicus serotinus,0.009,0.024,-1,Echolocation,/mnt/ubna_data_02_mir/recover-20221013/UBNA_001/20221012_030000.WAV,Telephone Field,recover-20221013,001,1795
811.4155,811.4531,68437,81669,Rhinolophus ferrumequinum,0.025,0.025,-1,Echolocation,/mnt/ubna_data_02_mir/recover-20221013/UBNA_001/20221012_030000.WAV,Telephone Field,recover-20221013,001,1795
811.4485,811.4885,68437,81684,Rhinolophus ferrumequinum,0.022,0.022,-1,Echolocation,/mnt/ubna_data_02_mir/recover-20221013/UBNA_001/20221012_030000.WAV,Telephone Field,recover-20221013,001,1795
811.4545,811.4634,28046,39055,Eptesicus serotinus,0.01,0.025,-1,Echolocation,/mnt/ubna_data_02_mir/recover-20221013/UBNA_001/20221012_030000.WAV,Telephone Field,recover-20221013,001,1795
811.4575,811.4967,68437,82640,Rhinolophus ferrumequinum,0.022,0.022,-1,Echolocation,/mnt/ubna_data_02_mir/recover-20221013/UBNA_001/20221012_030000.WAV,Telephone Field,recover-20221013,001,1795
811.4735,811.4844,28906,36768,Eptesicus serotinus,0.011,0.024,-1,Echolocation,/mnt/ubna_data_02_mir/recover-20221013/UBNA_001/20221012_030000.WAV,Telephone Field,recover-20221013,001,1795
811.4815,811.4907,28906,37389,Eptesicus serotinus,0.008,0.021,-1,Echolocation,/mnt/ubna_data_02_mir/recover-20221013/UBNA_001/20221012_030000.WAV,Telephone Field,recover-20221013,001,1795
811.4985,811.5373,68437,82370,Rhinolophus ferrumequinum,0.023,0.023,-1,Echolocation,/mnt/ubna_data_02_mir/recover-20221013/UBNA_001/20221012_030000.WAV,Telephone Field,recover-20221013,001,1795
811.5305,811.5399,22890,29565,Nyctalus leisleri,0.007,0.021,-1,Echolocation,/mnt/ubna_data_02_mir/recover-20221013/UBNA_001/20221012_030000.WAV,Telephone Field,recover-20221013,001,1795
811.5825,811.5903,25468,33660,Plecotus austriacus,0.007,0.026,-1,Echolocation,/mnt/ubna_data_02_mir/recover-20221013/UBNA_001/20221012_030000.WAV,Telephone Field,recover-20221013,001,1795
811.5915,811.6312,68437,82284,Rhinolophus ferrumequinum,0.033,0.033,-1,Echolocation,/mnt/ubna_data_02_mir/recover-20221013/UBNA_001/20221012_030000.WAV,Telephone Field,recover-20221013,001,1795
811.6015,811.6402,68437,82342,Rhinolophus ferrumequinum,0.022,0.022,-1,Echolocation,/mnt/ubna_data_02_mir/recover-20221013/UBNA_001/20221012_030000.WAV,Telephone Field,recover-20221013,001,1795
811.6345,811.6414,28046,42193,Eptesicus serotinus,0.006,0.023,-1,Echolocation,/mnt/ubna_data_02_mir/recover-20221013/UBNA_001/20221012_030000.WAV,Telephone Field,recover-20221013,001,1795
811.6475,811.6575,23750,29524,Nyctalus leisleri,0.008,0.021,-1,Echolocation,/mnt/ubna_data_02_mir/recover-20221013/UBNA_001/20221012_030000.WAV,Telephone Field,recover-20221013,001,1795
811.6705,811.7042,68437,81558,Rhinolophus ferrumequinum,0.031,0.031,-1,Echolocation,/mnt/ubna_data_02_mir/recover-20221013/UBNA_001/20221012_030000.WAV,Telephone Field,recover-20221013,001,1795
811.6965,811.7042,28046,37728,Eptesicus serotinus,0.007,0.022,-1,Echolocation,/mnt/ubna_data_02_mir/recover-20221013/UBNA_001/20221012_030000.WAV,Telephone Field,recover-20221013,001,1795
811.6965,811.7365,68437,82844,Rhinolophus ferrumequinum,0.024,0.024,-1,Echolocation,/mnt/ubna_data_02_mir/recover-20221013/UBNA_001/20221012_030000.WAV,Telephone Field,recover-20221013,001,1795
811.7385,811.748,27187,35853,Eptesicus serotinus,0.007,0.021,-1,Echolocation,/mnt/ubna_data_02_mir/recover-20221013/UBNA_001/20221012_030000.WAV,Telephone Field,recover-20221013,001,1795
811.7465,811.7843,68437,81829,Rhinolophus ferrumequinum,0.03,0.03,-1,Echolocation,/mnt/ubna_data_02_mir/recover-20221013/UBNA_001/20221012_030000.WAV,Telephone Field,recover-20221013,001,1795
811.7585,811.7984,68437,82475,Rhinolophus ferrumequinum,0.025,0.025,-1,Echolocation,/mnt/ubna_data_02_mir/recover-20221013/UBNA_001/20221012_030000.WAV,Telephone Field,recover-20221013,001,1795
811.7815,811.7922,22031,27063,Nyctalus leisleri,0.01,0.021,-1,Echolocation,/mnt/ubna_data_02_mir/recover-20221013/UBNA_001/20221012_030000.WAV,Telephone Field,recover-20221013,001,1795
811.8035,811.8109,46953,50565,Pipistrellus pipistrellus,0.06,0.061,-1,Echolocation,/mnt/ubna_data_02_mir/recover-20221013/UBNA_001/20221012_030000.WAV,Telephone Field,recover-20221013,001,1795
811.8765,811.8842,28906,39350,Eptesicus serotinus,0.007,0.022,-1,Echolocation,/mnt/ubna_data_02_mir/recover-20221013/UBNA_001/20221012_030000.WAV,Telephone Field,recover-20221013,001,1795
811.8815,811.9219,68437,82558,Rhinolophus ferrumequinum,0.021,0.021,-1,Echolocation,/mnt/ubna_data_02_mir/recover-20221013/UBNA_001/20221012_030000.WAV,Telephone Field,recover-20221013,001,1795
811.8975,811.9051,28046,39754,Eptesicus serotinus,0.006,0.021,-1,Echolocation,/mnt/ubna_data_02_mir/recover-20221013/UBNA_001/20221012_030000.WAV,Telephone Field,recover-20221013,001,1795
811.9135,811.9209,28906,39249,Eptesicus serotinus,0.008,0.021,-1,Echolocation,/mnt/ubna_data_02_mir/recover-20221013/UBNA_001/20221012_030000.WAV,Telephone Field,recover-20221013,001,1795
811.9355,811.9455,22031,27524,Nyctalus leisleri,0.01,0.025,-1,Echolocation,/mnt/ubna_data_02_mir/recover-20221013/UBNA_001/20221012_030000.WAV,Telephone Field,recover-20221013,001,1795
811.9815,811.991,47812,52396,Pipistrellus pipistrellus,0.035,0.038,-1,Echolocation,/mnt/ubna_data_02_mir/recover-20221013/UBNA_001/20221012_030000.WAV,Telephone Field,recover-20221013,001,1795
812.0015,812.0104,47812,53661,Pipistrellus pipistrellus,0.017,0.023,-1,Echolocation,/mnt/ubna_data_02_mir/recover-20221013/UBNA_001/20221012_030000.WAV,Telephone Field,recover-20221013,001,1795
812.0015,812.011,25468,32787,Nyctalus leisleri,0.012,0.031,-1,Echolocation,/mnt/ubna_data_02_mir/recover-20221013/UBNA_001/20221012_030000.WAV,Telephone Field,recover-20221013,001,1795
812.0015,812.0353,68437,80411,Rhinolophus ferrumequinum,0.035,0.035,-1,Echolocation,/mnt/ubna_data_02_mir/recover-20221013/UBNA_001/20221012_030000.WAV,Telephone Field,recover-20221013,001,1795
812.0085,812.0525,68437,82287,Rhinolophus ferrumequinum,0.022,0.022,-1,Echolocation,/mnt/ubna_data_02_mir/recover-20221013/UBNA_001/20221012_030000.WAV,Telephone Field,recover-20221013,001,1795
812.0165,812.056,68437,82608,Rhinolophus ferrumequinum,0.023,0.023,-1,Echolocation,/mnt/ubna_data_02_mir/recover-20221013/UBNA_001/20221012_030000.WAV,Telephone Field,recover-20221013,001,1795
812.0565,812.0644,27187,46460,Eptesicus serotinus,0.007,0.021,-1,Echolocation,/mnt/ubna_data_02_mir/recover-20221013/UBNA_001/20221012_030000.WAV,Telephone Field,recover-20221013,001,1795
812.0915,812.1328,68437,81889,Rhinolophus ferrumequinum,0.023,0.023,-1,Echolocation,/mnt/ubna_data_02_mir/recover-20221013/UBNA_001/20221012_030000.WAV,Telephone Field,recover-20221013,001,1795
812.1405,812.1765,68437,81855,Rhinolophus ferrumequinum,0.022,0.022,-1,Echolocation,/mnt/ubna_data_02_mir/recover-20221013/UBNA_001/20221012_030000.WAV,Telephone Field,recover-20221013,001,1795
812.1455,812.1837,68437,82568,Rhinolophus ferrumequinum,0.022,0.022,-1,Echolocation,/mnt/ubna_data_02_mir/recover-20221013/UBNA_001/20221012_030000.WAV,Telephone Field,recover-20221013,001,1795
812.1715,812.2112,68437,82057,Rhinolophus ferrumequinum,0.023,0.023,-1,Echolocation,/mnt/ubna_data_02_mir/recover-20221013/UBNA_001/20221012_030000.WAV,Telephone Field,recover-20221013,001,1795
812.1915,812.1991,25468,34206,Eptesicus serotinus,0.006,0.021,-1,Echolocation,/mnt/ubna_data_02_mir/recover-20221013/UBNA_001/20221012_030000.WAV,Telephone Field,recover-20221013,001,1795
812.2145,812.2508,68437,81462,Rhinolophus ferrumequinum,0.021,0.021,-1,Echolocation,/mnt/ubna_data_02_mir/recover-20221013/UBNA_001/20221012_030000.WAV,Telephone Field,recover-20221013,001,1795
812.2215,812.2561,68437,80899,Rhinolophus ferrumequinum,0.021,0.021,-1,Echolocation,/mnt/ubna_data_02_mir/recover-20221013/UBNA_001/20221012_030000.WAV,Telephone Field,recover-20221013,001,1795
812.2365,812.2754,68437,82427,Rhinolophus ferrumequinum,0.029,0.029,-1,Echolocation,/mnt/ubna_data_02_mir/recover-20221013/UBNA_001/20221012_030000.WAV,Telephone Field,recover-20221013,001,1795
812.2505,812.2587,28046,38066,Eptesicus serotinus,0.009,0.024,-1,Echolocation,/mnt/ubna_data_02_mir/recover-20221013/UBNA_001/20221012_030000.WAV,Telephone Field,recover-20221013,001,1795
812.2595,812.2963,68437,81637,Rhinolophus ferrumequinum,0.021,0.021,-1,Echolocation,/mnt/ubna_data_02_mir/recover-20221013/UBNA_001/20221012_030000.WAV,Telephone Field,recover-20221013,001,1795
812.2875,812.3273,68437,83177,Rhinolophus ferrumequinum,0.021,0.021,-1,Echolocation,/mnt/ubna_data_02_mir/recover-20221013/UBNA_001/20221012_030000.WAV,Telephone Field,recover-20221013,001,1795
812.3085,812.3186,23750,30768,Nyctalus leisleri,0.008,0.024,-1,Echolocation,/mnt/ubna_data_02_mir/recover-20221013/UBNA_001/20221012_030000.WAV,Telephone Field,recover-20221013,001,1795
812.3375,812.3764,68437,82080,Rhinolophus ferrumequinum,0.023,0.023,-1,Echolocation,/mnt/ubna_data_02_mir/recover-20221013/UBNA_001/20221012_030000.WAV,Telephone Field,recover-20221013,001,1795
812.3855,812.4247,68437,83222,Rhinolophus ferrumequinum,0.034,0.034,-1,Echolocation,/mnt/ubna_data_02_mir/recover-20221013/UBNA_001/20221012_030000.WAV,Telephone Field,recover-20221013,001,1795
812.4085,812.4158,28046,37660,Eptesicus serotinus,0.008,0.027,-1,Echolocation,/mnt/ubna_data_02_mir/recover-20221013/UBNA_001/20221012_030000.WAV,Telephone Field,recover-20221013,001,1795
812.4515,812.4902,68437,81862,Rhinolophus ferrumequinum,0.021,0.021,-1,Echolocation,/mnt/ubna_data_02_mir/recover-20221013/UBNA_001/20221012_030000.WAV,Telephone Field,recover-20221013,001,1795
812.4615,812.4796,20312,23588,Nyctalus leisleri,0.013,0.023,-1,Echolocation,/mnt/ubna_data_02_mir/recover-20221013/UBNA_001/20221012_030000.WAV,Telephone Field,recover-20221013,001,1795
812.4685,812.4742,28046,41778,Eptesicus serotinus,0.005,0.023,-1,Echolocation,/mnt/ubna_data_02_mir/recover-20221013/UBNA_001/20221012_030000.WAV,Telephone Field,recover-20221013,001,1795
812.4955,812.5316,68437,81978,Rhinolophus ferrumequinum,0.021,0.021,-1,Echolocation,/mnt/ubna_data_02_mir/recover-20221013/UBNA_001/20221012_030000.WAV,Telephone Field,recover-20221013,001,1795
812.5415,812.5809,68437,82055,Rhinolophus ferrumequinum,0.021,0.021,-1,Echolocation,/mnt/ubna_data_02_mir/recover-20221013/UBNA_001/20221012_030000.WAV,Telephone Field,recover-20221013,001,1795
812.5865,812.6243,68437,82281,Rhinolophus ferrumequinum,0.022,0.022,-1,Echolocation,/mnt/ubna_data_02_mir/recover-20221013/UBNA_001/20221012_030000.WAV,Telephone Field,recover-20221013,001,1795
812.5925,812.6027,31484,38231,Barbastellus barbastellus,0.024,0.06,-1,Echolocation,/mnt/ubna_data_02_mir/recover-20221013/UBNA_001/20221012_030000.WAV,Telephone Field,recover-20221013,001,1795
812.6135,812.6248,24609,30576,Nyctalus leisleri,0.013,0.031,-1,Echolocation,/mnt/ubna_data_02_mir/recover-20221013/UBNA_001/20221012_030000.WAV,Telephone Field,recover-20221013,001,1795
812.6295,812.6362,28046,40584,Eptesicus serotinus,0.005,0.022,-1,Echolocation,/mnt/ubna_data_02_mir/recover-20221013/UBNA_001/20221012_030000.WAV,Telephone Field,recover-20221013,001,1795
812.6435,812.684,68437,82635,Rhinolophus ferrumequinum,0.025,0.025,-1,Echolocation,/mnt/ubna_data_02_mir/recover-20221013/UBNA_001/20221012_030000.WAV,Telephone Field,recover-20221013,001,1795
812.6665,812.6768,23750,30208,Eptesicus serotinus,0.008,0.022,-1,Echolocation,/mnt/ubna_data_02_mir/recover-20221013/UBNA_001/20221012_030000.WAV,Telephone Field,recover-20221013,001,1795
812.6665,812.6786,55546,60793,Pipistrellus pygmaeus,0.02,0.021,-1,Echolocation,/mnt/ubna_data_02_mir/recover-20221013/UBNA_001/20221012_030000.WAV,Telephone Field,recover-20221013,001,1795
812.6675,812.7066,68437,82131,Rhinolophus ferrumequinum,0.021,0.021,-1,Echolocation,/mnt/ubna_data_02_mir/recover-20221013/UBNA_001/20221012_030000.WAV,Telephone Field,recover-20221013,001,1795
812.7025,812.7418,68437,82151,Rhinolophus ferrumequinum,0.024,0.024,-1,Echolocation,/mnt/ubna_data_02_mir/recover-20221013/UBNA_001/20221012_030000.WAV,Telephone Field,recover-20221013,001,1795
812.7115,812.7198,28046,37031,Eptesicus serotinus,0.013,0.029,-1,Echolocation,/mnt/ubna_data_02_mir/recover-20221013/UBNA_001/20221012_030000.WAV,Telephone Field,recover-20221013,001,1795
812.7355,812.7447,28046,38293,Eptesicus serotinus,0.01,0.023,-1,Echolocation,/mnt/ubna_data_02_mir/recover-20221013/UBNA_001/20221012_030000.WAV,Telephone Field,recover-20221013,001,1795
812.7455,812.7855,68437,82512,Rhinolophus ferrumequinum,0.021,0.021,-1,Echolocation,/mnt/ubna_data_02_mir/recover-20221013/UBNA_001/20221012_030000.WAV,Telephone Field,recover-20221013,001,1795
812.7605,812.7959,68437,81182,Rhinolophus ferrumequinum,0.025,0.025,-1,Echolocation,/mnt/ubna_data_02_mir/recover-20221013/UBNA_001/20221012_030000.WAV,Telephone Field,recover-20221013,001,1795
812.7815,812.7908,28046,37132,Eptesicus serotinus,0.008,0.022,-1,Echolocation,/mnt/ubna_data_02_mir/recover-20221013/UBNA_001/20221012_030000.WAV,Telephone Field,recover-20221013,001,1795
812.8435,812.8606,21171,25432,Nyctalus noctula,0.04,0.083,-1,Echolocation,/mnt/ubna_data_02_mir/recover-20221013/UBNA_001/20221012_030000.WAV,Telephone Field,recover-20221013,001,1795
812.8675,812.9022,68437,82211,Rhinolophus ferrumequinum,0.021,0.021,-1,Echolocation,/mnt/ubna_data_02_mir/recover-20221013/UBNA_001/20221012_030000.WAV,Telephone Field,recover-20221013,001,1795
812.9205,812.9298,27187,38664,Eptesicus serotinus,0.009,0.023,-1,Echolocation,/mnt/ubna_data_02_mir/recover-20221013/UBNA_001/20221012_030000.WAV,Telephone Field,recover-20221013,001,1795
813.0085,813.0177,37500,47285,Pipistrellus nathusii,0.006,0.021,-1,Echolocation,/mnt/ubna_data_02_mir/recover-20221013/UBNA_001/20221012_030000.WAV,Telephone Field,recover-20221013,001,1795
813.0105,813.0195,47812,51603,Pipistrellus pipistrellus,0.024,0.025,-1,Echolocation,/mnt/ubna_data_02_mir/recover-20221013/UBNA_001/20221012_030000.WAV,Telephone Field,recover-20221013,001,1795
813.0135,813.0203,33203,46981,Myotis daubentonii,0.009,0.023,-1,Echolocation,/mnt/ubna_data_02_mir/recover-20221013/UBNA_001/20221012_030000.WAV,Telephone Field,recover-20221013,001,1795
813.0145,813.0562,68437,82851,Rhinolophus ferrumequinum,0.031,0.031,-1,Echolocation,/mnt/ubna_data_02_mir/recover-20221013/UBNA_001/20221012_030000.WAV,Telephone Field,recover-20221013,001,1795
813.0155,813.0232,27187,40482,Eptesicus serotinus,0.008,0.023,-1,Echolocation,/mnt/ubna_data_02_mir/recover-20221013/UBNA_001/20221012_030000.WAV,Telephone Field,recover-20221013,001,1795
813.0225,813.0309,26328,34582,Eptesicus serotinus,0.009,0.023,-1,Echolocation,/mnt/ubna_data_02_mir/recover-20221013/UBNA_001/20221012_030000.WAV,Telephone Field,recover-20221013,001,1795
813.0535,813.0627,27187,38613,Eptesicus serotinus,0.009,0.022,-1,Echolocation,/mnt/ubna_data_02_mir/recover-20221013/UBNA_001/20221012_030000.WAV,Telephone Field,recover-20221013,001,1795
813.0705,813.0815,22890,28096,Nyctalus leisleri,0.011,0.022,-1,Echolocation,/mnt/ubna_data_02_mir/recover-20221013/UBNA_001/20221012_030000.WAV,Telephone Field,recover-20221013,001,1795
813.0815,813.0935,23750,29418,Nyctalus leisleri,0.009,0.022,-1,Echolocation,/mnt/ubna_data_02_mir/recover-20221013/UBNA_001/20221012_030000.WAV,Telephone Field,recover-20221013,001,1795
813.1165,813.1564,68437,82724,Rhinolophus ferrumequinum,0.023,0.023,-1,Echolocation,/mnt/ubna_data_02_mir/recover-20221013/UBNA_001/20221012_030000.WAV,Telephone Field,recover-20221013,001,1795
813.1505,813.1866,68437,81832,Rhinolophus ferrumequinum,0.022,0.022,-1,Echolocation,/mnt/ubna_data_02_mir/recover-20221013/UBNA_001/20221012_030000.WAV,Telephone Field,recover-20221013,001,1795
813.1955,813.2393,68437,83591,Rhinolophus ferrumequinum,0.044,0.044,-1,Echolocation,/mnt/ubna_data_02_mir/recover-20221013/UBNA_001/20221012_030000.WAV,Telephone Field,recover-20221013,001,1795
813.2535,813.2916,68437,82136,Rhinolophus ferrumequinum,0.026,0.026,-1,Echolocation,/mnt/ubna_data_02_mir/recover-20221013/UBNA_001/20221012_030000.WAV,Telephone Field,recover-20221013,001,1795
813.2555,813.2628,27187,41228,Eptesicus serotinus,0.006,0.023,-1,Echolocation,/mnt/ubna_data_02_mir/recover-20221013/UBNA_001/20221012_030000.WAV,Telephone Field,recover-20221013,001,1795
813.2845,813.3262,68437,83025,Rhinolophus ferrumequinum,0.022,0.022,-1,Echolocation,/mnt/ubna_data_02_mir/recover-20221013/UBNA_001/20221012_030000.WAV,Telephone Field,recover-20221013,001,1795
813.2865,813.2943,28046,39664,Eptesicus serotinus,0.007,0.021,-1,Echolocation,/mnt/ubna_data_02_mir/recover-20221013/UBNA_001/20221012_030000.WAV,Telephone Field,recover-20221013,001,1795
813.2945,813.3369,68437,82555,Rhinolophus ferrumequinum,0.021,0.021,-1,Echolocation,/mnt/ubna_data_02_mir/recover-20221013/UBNA_001/20221012_030000.WAV,Telephone Field,recover-20221013,001,1795
813.3235,813.3651,68437,82905,Rhinolophus ferrumequinum,0.033,0.033,-1,Echolocation,/mnt/ubna_data_02_mir/recover-20221013/UBNA_001/20221012_030000.WAV,Telephone Field,recover-20221013,001,1795
813.3585,813.3965,68437,81870,Rhinolophus ferrumequinum,0.023,0.023,-1,Echolocation,/mnt/ubna_data_02_mir/recover-20221013/UBNA_001/20221012_030000.WAV,Telephone Field,recover-20221013,001,1795
813.3765,813.3828,25468,40567,Myotis nattereri,0.005,0.021,-1,Echolocation,/mnt/ubna_data_02_mir/recover-20221013/UBNA_001/20221012_030000.WAV,Telephone Field,recover-20221013,001,1795
813.3835,813.4249,68437,83081,Rhinolophus ferrumequinum,0.023,0.023,-1,Echolocation,/mnt/ubna_data_02_mir/recover-20221013/UBNA_001/20221012_030000.WAV,Telephone Field,recover-20221013,001,1795
813.4045,813.4388,67578,79234,Rhinolophus ferrumequinum,0.033,0.034,-1,Echolocation,/mnt/ubna_data_02_mir/recover-20221013/UBNA_001/20221012_030000.WAV,Telephone Field,recover-20221013,001,1795
813.4455,813.4563,28046,35516,Eptesicus serotinus,0.011,0.024,-1,Echolocation,/mnt/ubna_data_02_mir/recover-20221013/UBNA_001/20221012_030000.WAV,Telephone Field,recover-20221013,001,1795
813.4815,813.4892,27187,36803,Eptesicus serotinus,0.007,0.021,-1,Echolocation,/mnt/ubna_data_02_mir/recover-20221013/UBNA_001/20221012_030000.WAV,Telephone Field,recover-20221013,001,1795
813.4925,813.5338,68437,83242,Rhinolophus ferrumequinum,0.03,0.03,-1,Echolocation,/mnt/ubna_data_02_mir/recover-20221013/UBNA_001/20221012_030000.WAV,Telephone Field,recover-20221013,001,1795
813.4965,813.5106,22031,25789,Nyctalus leisleri,0.012,0.02,-1,Echolocation,/mnt/ubna_data_02_mir/recover-20221013/UBNA_001/20221012_030000.WAV,Telephone Field,recover-20221013,001,1795
813.5025,813.5222,20312,23524,Nyctalus leisleri,0.01,0.02,-1,Echolocation,/mnt/ubna_data_02_mir/recover-20221013/UBNA_001/20221012_030000.WAV,Telephone Field,recover-20221013,001,1795
813.5085,813.5503,68437,82641,Rhinolophus ferrumequinum,0.024,0.024,-1,Echolocation,/mnt/ubna_data_02_mir/recover-20221013/UBNA_001/20221012_030000.WAV,Telephone Field,recover-20221013,001,1795
813.5325,813.5724,68437,82630,Rhinolophus ferrumequinum,0.023,0.023,-1,Echolocation,/mnt/ubna_data_02_mir/recover-20221013/UBNA_001/20221012_030000.WAV,Telephone Field,recover-20221013,001,1795
813.5465,813.5549,28906,38400,Eptesicus serotinus,0.009,0.024,-1,Echolocation,/mnt/ubna_data_02_mir/recover-20221013/UBNA_001/20221012_030000.WAV,Telephone Field,recover-20221013,001,1795
813.5555,813.5949,68437,82260,Rhinolophus ferrumequinum,0.021,0.021,-1,Echolocation,/mnt/ubna_data_02_mir/recover-20221013/UBNA_001/20221012_030000.WAV,Telephone Field,recover-20221013,001,1795
813.5905,813.632,68437,83021,Rhinolophus ferrumequinum,0.028,0.028,-1,Echolocation,/mnt/ubna_data_02_mir/recover-20221013/UBNA_001/20221012_030000.WAV,Telephone Field,recover-20221013,001,1795
813.5975,813.6067,28906,38971,Eptesicus serotinus,0.009,0.023,-1,Echolocation,/mnt/ubna_data_02_mir/recover-20221013/UBNA_001/20221012_030000.WAV,Telephone Field,recover-20221013,001,1795
813.6165,813.6248,28046,39065,Eptesicus serotinus,0.008,0.021,-1,Echolocation,/mnt/ubna_data_02_mir/recover-20221013/UBNA_001/20221012_030000.WAV,Telephone Field,recover-20221013,001,1795
813.6205,813.6287,23750,30878,Plecotus austriacus,0.006,0.021,-1,Echolocation,/mnt/ubna_data_02_mir/recover-20221013/UBNA_001/20221012_030000.WAV,Telephone Field,recover-20221013,001,1795
813.6285,813.6662,68437,81868,Rhinolophus ferrumequinum,0.021,0.021,-1,Echolocation,/mnt/ubna_data_02_mir/recover-20221013/UBNA_001/20221012_030000.WAV,Telephone Field,recover-20221013,001,1795
813.7045,813.7149,23750,29546,Nyctalus leisleri,0.009,0.022,-1,Echolocation,/mnt/ubna_data_02_mir/recover-20221013/UBNA_001/20221012_030000.WAV,Telephone Field,recover-20221013,001,1795
813.7105,813.7239,23750,28560,Nyctalus leisleri,0.011,0.022,-1,Echolocation,/mnt/ubna_data_02_mir/recover-20221013/UBNA_001/20221012_030000.WAV,Telephone Field,recover-20221013,001,1795
813.7145,813.7255,28046,35672,Eptesicus serotinus,0.01,0.022,-1,Echolocation,/mnt/ubna_data_02_mir/recover-20221013/UBNA_001/20221012_030000.WAV,Telephone Field,recover-20221013,001,1795
813.7695,813.8119,68437,82883,Rhinolophus ferrumequinum,0.027,0.027,-1,Echolocation,/mnt/ubna_data_02_mir/recover-20221013/UBNA_001/20221012_030000.WAV,Telephone Field,recover-20221013,001,1795
813.7845,813.8031,20312,23369,Nyctalus leisleri,0.017,0.029,-1,Echolocation,/mnt/ubna_data_02_mir/recover-20221013/UBNA_001/20221012_030000.WAV,Telephone Field,recover-20221013,001,1795
813.8575,813.8928,68437,81741,Rhinolophus ferrumequinum,0.022,0.022,-1,Echolocation,/mnt/ubna_data_02_mir/recover-20221013/UBNA_001/20221012_030000.WAV,Telephone Field,recover-20221013,001,1795
813.8775,813.8908,35781,41017,Pipistrellus nathusii,0.007,0.023,-1,Echolocation,/mnt/ubna_data_02_mir/recover-20221013/UBNA_001/20221012_030000.WAV,Telephone Field,recover-20221013,001,1795
813.8995,813.9384,68437,82010,Rhinolophus ferrumequinum,0.021,0.021,-1,Echolocation,/mnt/ubna_data_02_mir/recover-20221013/UBNA_001/20221012_030000.WAV,Telephone Field,recover-20221013,001,1795
813.9085,813.9155,28046,40777,Eptesicus serotinus,0.006,0.021,-1,Echolocation,/mnt/ubna_data_02_mir/recover-20221013/UBNA_001/20221012_030000.WAV,Telephone Field,recover-20221013,001,1795
813.9585,813.9969,68437,81898,Rhinolophus ferrumequinum,0.024,0.024,-1,Echolocation,/mnt/ubna_data_02_mir/recover-20221013/UBNA_001/20221012_030000.WAV,Telephone Field,recover-20221013,001,1795
813.9845,813.9943,28906,39968,Eptesicus serotinus,0.009,0.021,-1,Echolocation,/mnt/ubna_data_02_mir/recover-20221013/UBNA_001/20221012_030000.WAV,Telephone Field,recover-20221013,001,1795
813.9895,813.999,28046,38367,Eptesicus serotinus,0.009,0.022,-1,Echolocation,/mnt/ubna_data_02_mir/recover-20221013/UBNA_001/20221012_030000.WAV,Telephone Field,recover-20221013,001,1795
814.0015,814.0114,24609,32062,Nyctalus leisleri,0.013,0.035,-1,Echolocation,/mnt/ubna_data_02_mir/recover-20221013/UBNA_001/20221012_030000.WAV,Telephone Field,recover-20221013,001,1795
814.0135,814.0551,68437,82094,Rhinolophus ferrumequinum,0.023,0.023,-1,Echolocation,/mnt/ubna_data_02_mir/recover-20221013/UBNA_001/20221012_030000.WAV,Telephone Field,recover-20221013,001,1795
814.0525,814.062,28046,36356,Eptesicus serotinus,0.009,0.022,-1,Echolocation,/mnt/ubna_data_02_mir/recover-20221013/UBNA_001/20221012_030000.WAV,Telephone Field,recover-20221013,001,1795
814.0865,814.1206,67578,78220,Rhinolophus ferrumequinum,0.021,0.021,-1,Echolocation,/mnt/ubna_data_02_mir/recover-20221013/UBNA_001/20221012_030000.WAV,Telephone Field,recover-20221013,001,1795
814.0875,814.0986,30625,38483,Eptesicus serotinus,0.009,0.021,-1,Echolocation,/mnt/ubna_data_02_mir/recover-20221013/UBNA_001/20221012_030000.WAV,Telephone Field,recover-20221013,001,1795
814.0955,814.13,68437,81747,Rhinolophus ferrumequinum,0.023,0.023,-1,Echolocation,/mnt/ubna_data_02_mir/recover-20221013/UBNA_001/20221012_030000.WAV,Telephone Field,recover-20221013,001,1795
814.1075,814.1147,28906,39104,Eptesicus serotinus,0.008,0.026,-1,Echolocation,/mnt/ubna_data_02_mir/recover-20221013/UBNA_001/20221012_030000.WAV,Telephone Field,recover-20221013,001,1795
814.1085,814.1158,23750,33107,Plecotus austriacus,0.011,0.027,-1,Echolocation,/mnt/ubna_data_02_mir/recover-20221013/UBNA_001/20221012_030000.WAV,Telephone Field,recover-20221013,001,1795
814.1195,814.1571,68437,82017,Rhinolophus ferrumequinum,0.021,0.021,-1,Echolocation,/mnt/ubna_data_02_mir/recover-20221013/UBNA_001/20221012_030000.WAV,Telephone Field,recover-20221013,001,1795
814.1565,814.1948,68437,82227,Rhinolophus ferrumequinum,0.024,0.024,-1,Echolocation,/mnt/ubna_data_02_mir/recover-20221013/UBNA_001/20221012_030000.WAV,Telephone Field,recover-20221013,001,1795
814.1625,814.1709,29765,38560,Eptesicus serotinus,0.009,0.023,-1,Echolocation,/mnt/ubna_data_02_mir/recover-20221013/UBNA_001/20221012_030000.WAV,Telephone Field,recover-20221013,001,1795
814.1765,814.2156,68437,81855,Rhinolophus ferrumequinum,0.021,0.022,-1,Echolocation,/mnt/ubna_data_02_mir/recover-20221013/UBNA_001/20221012_030000.WAV,Telephone Field,recover-20221013,001,1795
814.1955,814.2342,68437,82726,Rhinolophus ferrumequinum,0.022,0.022,-1,Echolocation,/mnt/ubna_data_02_mir/recover-20221013/UBNA_001/20221012_030000.WAV,Telephone Field,recover-20221013,001,1795
814.2355,814.2741,68437,82450,Rhinolophus ferrumequinum,0.021,0.021,-1,Echolocation,/mnt/ubna_data_02_mir/recover-20221013/UBNA_001/20221012_030000.WAV,Telephone Field,recover-20221013,001,1795
814.2645,814.2732,28906,37765,Eptesicus serotinus,0.007,0.021,-1,Echolocation,/mnt/ubna_data_02_mir/recover-20221013/UBNA_001/20221012_030000.WAV,Telephone Field,recover-20221013,001,1795
814.2705,814.311,68437,82276,Rhinolophus ferrumequinum,0.026,0.026,-1,Echolocation,/mnt/ubna_data_02_mir/recover-20221013/UBNA_001/20221012_030000.WAV,Telephone Field,recover-20221013,001,1795
814.2945,814.303,29765,40415,Eptesicus serotinus,0.009,0.026,-1,Echolocation,/mnt/ubna_data_02_mir/recover-20221013/UBNA_001/20221012_030000.WAV,Telephone Field,recover-20221013,001,1795
814.3115,814.3201,27187,36847,Eptesicus serotinus,0.008,0.021,-1,Echolocation,/mnt/ubna_data_02_mir/recover-20221013/UBNA_001/20221012_030000.WAV,Telephone Field,recover-20221013,001,1795
814.3185,814.3273,28046,39214,Eptesicus serotinus,0.008,0.021,-1,Echolocation,/mnt/ubna_data_02_mir/recover-20221013/UBNA_001/20221012_030000.WAV,Telephone Field,recover-20221013,001,1795
814.3285,814.3384,27187,36911,Eptesicus serotinus,0.01,0.022,-1,Echolocation,/mnt/ubna_data_02_mir/recover-20221013/UBNA_001/20221012_030000.WAV,Telephone Field,recover-20221013,001,1795
814.3635,814.3821,20312,23054,Nyctalus leisleri,0.018,0.031,-1,Echolocation,/mnt/ubna_data_02_mir/recover-20221013/UBNA_001/20221012_030000.WAV,Telephone Field,recover-20221013,001,1795
814.3695,814.4088,68437,82224,Rhinolophus ferrumequinum,0.021,0.021,-1,Echolocation,/mnt/ubna_data_02_mir/recover-20221013/UBNA_001/20221012_030000.WAV,Telephone Field,recover-20221013,001,1795
814.3765,814.4143,68437,82173,Rhinolophus ferrumequinum,0.023,0.023,-1,Echolocation,/mnt/ubna_data_02_mir/recover-20221013/UBNA_001/20221012_030000.WAV,Telephone Field,recover-20221013,001,1795
814.4265,814.4643,68437,82157,Rhinolophus ferrumequinum,0.023,0.023,-1,Echolocation,/mnt/ubna_data_02_mir/recover-20221013/UBNA_001/20221012_030000.WAV,Telephone Field,recover-20221013,001,1795
814.4305,814.4397,28906,36852,Eptesicus serotinus,0.009,0.023,-1,Echolocation,/mnt/ubna_data_02_mir/recover-20221013/UBNA_001/20221012_030000.WAV,Telephone Field,recover-20221013,001,1795
814.4455,814.4792,68437,81243,Rhinolophus ferrumequinum,0.022,0.022,-1,Echolocation,/mnt/ubna_data_02_mir/recover-20221013/UBNA_001/20221012_030000.WAV,Telephone Field,recover-20221013,001,1795
814.4505,814.4595,23750,30078,Nyctalus leisleri,0.008,0.021,-1,Echolocation,/mnt/ubna_data_02_mir/recover-20221013/UBNA_001/20221012_030000.WAV,Telephone Field,recover-20221013,001,1795
814.4575,814.4982,68437,82114,Rhinolophus ferrumequinum,0.022,0.022,-1,Echolocation,/mnt/ubna_data_02_mir/recover-20221013/UBNA_001/20221012_030000.WAV,Telephone Field,recover-20221013,001,1795
814.4605,814.4717,22890,27962,Nyctalus leisleri,0.011,0.022,-1,Echolocation,/mnt/ubna_data_02_mir/recover-20221013/UBNA_001/20221012_030000.WAV,Telephone Field,recover-20221013,001,1795
814.4865,814.4963,22890,29397,Nyctalus leisleri,0.008,0.023,-1,Echolocation,/mnt/ubna_data_02_mir/recover-20221013/UBNA_001/20221012_030000.WAV,Telephone Field,recover-20221013,001,1795
814.4975,814.5083,22890,27822,Nyctalus leisleri,0.011,0.023,-1,Echolocation,/mnt/ubna_data_02_mir/recover-20221013/UBNA_001/20221012_030000.WAV,Telephone Field,recover-20221013,001,1795
814.5155,814.5552,68437,82672,Rhinolophus ferrumequinum,0.023,0.023,-1,Echolocation,/mnt/ubna_data_02_mir/recover-20221013/UBNA_001/20221012_030000.WAV,Telephone Field,recover-20221013,001,1795
814.5485,814.5592,22031,26011,Nyctalus leisleri,0.011,0.021,-1,Echolocation,/mnt/ubna_data_02_mir/recover-20221013/UBNA_001/20221012_030000.WAV,Telephone Field,recover-20221013,001,1795
814.5555,814.5958,68437,82564,Rhinolophus ferrumequinum,0.025,0.025,-1,Echolocation,/mnt/ubna_data_02_mir/recover-20221013/UBNA_001/20221012_030000.WAV,Telephone Field,recover-20221013,001,1795
814.5565,814.5666,22031,26579,Nyctalus leisleri,0.01,0.021,-1,Echolocation,/mnt/ubna_data_02_mir/recover-20221013/UBNA_001/20221012_030000.WAV,Telephone Field,recover-20221013,001,1795
814.5835,814.6215,68437,82109,Rhinolophus ferrumequinum,0.022,0.022,-1,Echolocation,/mnt/ubna_data_02_mir/recover-20221013/UBNA_001/20221012_030000.WAV,Telephone Field,recover-20221013,001,1795
814.5945,814.6058,38359,43937,Pipistrellus nathusii,0.012,0.022,-1,Echolocation,/mnt/ubna_data_02_mir/recover-20221013/UBNA_001/20221012_030000.WAV,Telephone Field,recover-20221013,001,1795
814.6085,814.6442,68437,82164,Rhinolophus ferrumequinum,0.022,0.022,-1,Echolocation,/mnt/ubna_data_02_mir/recover-20221013/UBNA_001/20221012_030000.WAV,Telephone Field,recover-20221013,001,1795
814.6215,814.63,26328,36109,Eptesicus serotinus,0.009,0.023,-1,Echolocation,/mnt/ubna_data_02_mir/recover-20221013/UBNA_001/20221012_030000.WAV,Telephone Field,recover-20221013,001,1795
814.6265,814.6331,13437,28961,Plecotus auritus,0.024,0.027,-1,Echolocation,/mnt/ubna_data_02_mir/recover-20221013/UBNA_001/20221012_030000.WAV,Telephone Field,recover-20221013,001,1795
814.6625,814.6983,68437,81117,Rhinolophus ferrumequinum,0.022,0.022,-1,Echolocation,/mnt/ubna_data_02_mir/recover-20221013/UBNA_001/20221012_030000.WAV,Telephone Field,recover-20221013,001,1795
814.6695,814.6889,18593,21309,Nyctalus noctula,0.012,0.026,-1,Echolocation,/mnt/ubna_data_02_mir/recover-20221013/UBNA_001/20221012_030000.WAV,Telephone Field,recover-20221013,001,1795
814.6935,814.7343,68437,82942,Rhinolophus ferrumequinum,0.027,0.027,-1,Echolocation,/mnt/ubna_data_02_mir/recover-20221013/UBNA_001/20221012_030000.WAV,Telephone Field,recover-20221013,001,1795
814.7155,814.7366,20312,23161,Nyctalus noctula,0.034,0.073,-1,Echolocation,/mnt/ubna_data_02_mir/recover-20221013/UBNA_001/20221012_030000.WAV,Telephone Field,recover-20221013,001,1795
814.7355,814.7433,28046,37058,Eptesicus serotinus,0.007,0.022,-1,Echolocation,/mnt/ubna_data_02_mir/recover-20221013/UBNA_001/20221012_030000.WAV,Telephone Field,recover-20221013,001,1795
814.7725,814.8133,68437,82734,Rhinolophus ferrumequinum,0.038,0.038,-1,Echolocation,/mnt/ubna_data_02_mir/recover-20221013/UBNA_001/20221012_030000.WAV,Telephone Field,recover-20221013,001,1795
814.8295,814.865,68437,81265,Rhinolophus ferrumequinum,0.023,0.023,-1,Echolocation,/mnt/ubna_data_02_mir/recover-20221013/UBNA_001/20221012_030000.WAV,Telephone Field,recover-20221013,001,1795
814.8705,814.9105,68437,82245,Rhinolophus ferrumequinum,0.025,0.025,-1,Echolocation,/mnt/ubna_data_02_mir/recover-20221013/UBNA_001/20221012_030000.WAV,Telephone Field,recover-20221013,001,1795
814.8725,814.8823,44375,52848,Pipistrellus pipistrellus,0.022,0.029,-1,Echolocation,/mnt/ubna_data_02_mir/recover-20221013/UBNA_001/20221012_030000.WAV,Telephone Field,recover-20221013,001,1795
814.9045,814.9118,25468,34442,Plecotus austriacus,0.008,0.024,-1,Echolocation,/mnt/ubna_data_02_mir/recover-20221013/UBNA_001/20221012_030000.WAV,Telephone Field,recover-20221013,001,1795
814.9315,814.9674,68437,81847,Rhinolophus ferrumequinum,0.022,0.023,-1,Echolocation,/mnt/ubna_data_02_mir/recover-20221013/UBNA_001/20221012_030000.WAV,Telephone Field,recover-20221013,001,1795
814.9745,815.0142,68437,82168,Rhinolophus ferrumequinum,0.022,0.022,-1,Echolocation,/mnt/ubna_data_02_mir/recover-20221013/UBNA_001/20221012_030000.WAV,Telephone Field,recover-20221013,001,1795
814.9995,815.0093,27187,34948,Eptesicus serotinus,0.01,0.021,-1,Echolocation,/mnt/ubna_data_02_mir/recover-20221013/UBNA_001/20221012_030000.WAV,Telephone Field,recover-20221013,001,1795
815.0035,815.0411,68437,81410,Rhinolophus ferrumequinum,0.024,0.024,-1,Echolocation,/mnt/ubna_data_02_mir/recover-20221013/UBNA_001/20221012_030000.WAV,Telephone Field,recover-20221013,001,1795
815.0185,815.0287,26328,34098,Eptesicus serotinus,0.009,0.025,-1,Echolocation,/mnt/ubna_data_02_mir/recover-20221013/UBNA_001/20221012_030000.WAV,Telephone Field,recover-20221013,001,1795
815.0295,815.0683,68437,82076,Rhinolophus ferrumequinum,0.023,0.023,-1,Echolocation,/mnt/ubna_data_02_mir/recover-20221013/UBNA_001/20221012_030000.WAV,Telephone Field,recover-20221013,001,1795
815.0375,815.0773,68437,81696,Rhinolophus ferrumequinum,0.023,0.023,-1,Echolocation,/mnt/ubna_data_02_mir/recover-20221013/UBNA_001/20221012_030000.WAV,Telephone Field,recover-20221013,001,1795
815.0555,815.0655,24609,32132,Nyctalus leisleri,0.007,0.023,-1,Echolocation,/mnt/ubna_data_02_mir/recover-20221013/UBNA_001/20221012_030000.WAV,Telephone Field,recover-20221013,001,1795
815.0685,815.1062,68437,81553,Rhinolophus ferrumequinum,0.021,0.021,-1,Echolocation,/mnt/ubna_data_02_mir/recover-20221013/UBNA_001/20221012_030000.WAV,Telephone Field,recover-20221013,001,1795
815.1075,815.1138,23750,33834,Plecotus austriacus,0.011,0.023,-1,Echolocation,/mnt/ubna_data_02_mir/recover-20221013/UBNA_001/20221012_030000.WAV,Telephone Field,recover-20221013,001,1795
815.1135,815.1477,68437,81153,Rhinolophus ferrumequinum,0.025,0.025,-1,Echolocation,/mnt/ubna_data_02_mir/recover-20221013/UBNA_001/20221012_030000.WAV,Telephone Field,recover-20221013,001,1795
815.1445,815.184,68437,82247,Rhinolophus ferrumequinum,0.022,0.022,-1,Echolocation,/mnt/ubna_data_02_mir/recover-20221013/UBNA_001/20221012_030000.WAV,Telephone Field,recover-20221013,001,1795
815.1515,815.159,28906,37823,Eptesicus serotinus,0.007,0.021,-1,Echolocation,/mnt/ubna_data_02_mir/recover-20221013/UBNA_001/20221012_030000.WAV,Telephone Field,recover-20221013,001,1795
815.1525,815.1606,23750,31256,Plecotus austriacus,0.009,0.022,-1,Echolocation,/mnt/ubna_data_02_mir/recover-20221013/UBNA_001/20221012_030000.WAV,Telephone Field,recover-20221013,001,1795
815.1785,815.2189,68437,82962,Rhinolophus ferrumequinum,0.029,0.029,-1,Echolocation,/mnt/ubna_data_02_mir/recover-20221013/UBNA_001/20221012_030000.WAV,Telephone Field,recover-20221013,001,1795
815.2085,815.2475,68437,82582,Rhinolophus ferrumequinum,0.024,0.024,-1,Echolocation,/mnt/ubna_data_02_mir/recover-20221013/UBNA_001/20221012_030000.WAV,Telephone Field,recover-20221013,001,1795
815.2245,815.2621,68437,82578,Rhinolophus ferrumequinum,0.021,0.021,-1,Echolocation,/mnt/ubna_data_02_mir/recover-20221013/UBNA_001/20221012_030000.WAV,Telephone Field,recover-20221013,001,1795
815.2325,815.245,27187,33702,Eptesicus serotinus,0.016,0.032,-1,Echolocation,/mnt/ubna_data_02_mir/recover-20221013/UBNA_001/20221012_030000.WAV,Telephone Field,recover-20221013,001,1795
815.2395,815.251,26328,31589,Eptesicus serotinus,0.012,0.03,-1,Echolocation,/mnt/ubna_data_02_mir/recover-20221013/UBNA_001/20221012_030000.WAV,Telephone Field,recover-20221013,001,1795
815.2805,815.2873,25468,34388,Plecotus austriacus,0.008,0.026,-1,Echolocation,/mnt/ubna_data_02_mir/recover-20221013/UBNA_001/20221012_030000.WAV,Telephone Field,recover-20221013,001,1795
815.3135,815.3507,68437,81752,Rhinolophus ferrumequinum,0.021,0.021,-1,Echolocation,/mnt/ubna_data_02_mir/recover-20221013/UBNA_001/20221012_030000.WAV,Telephone Field,recover-20221013,001,1795
815.3175,815.3255,27187,39747,Eptesicus serotinus,0.007,0.021,-1,Echolocation,/mnt/ubna_data_02_mir/recover-20221013/UBNA_001/20221012_030000.WAV,Telephone Field,recover-20221013,001,1795
815.3575,815.3645,31484,40671,Myotis daubentonii,0.01,0.025,-1,Echolocation,/mnt/ubna_data_02_mir/recover-20221013/UBNA_001/20221012_030000.WAV,Telephone Field,recover-20221013,001,1795
815.3605,815.4008,68437,82037,Rhinolophus ferrumequinum,0.023,0.023,-1,Echolocation,/mnt/ubna_data_02_mir/recover-20221013/UBNA_001/20221012_030000.WAV,Telephone Field,recover-20221013,001,1795
815.4395,815.4775,68437,82134,Rhinolophus ferrumequinum,0.022,0.022,-1,Echolocation,/mnt/ubna_data_02_mir/recover-20221013/UBNA_001/20221012_030000.WAV,Telephone Field,recover-20221013,001,1795
815.4645,815.4741,28906,36672,Eptesicus serotinus,0.012,0.025,-1,Echolocation,/mnt/ubna_data_02_mir/recover-20221013/UBNA_001/20221012_030000.WAV,Telephone Field,recover-20221013,001,1795
815.5685,815.6066,68437,81633,Rhinolophus ferrumequinum,0.023,0.023,-1,Echolocation,/mnt/ubna_data_02_mir/recover-20221013/UBNA_001/20221012_030000.WAV,Telephone Field,recover-20221013,001,1795
815.5905,815.628,68437,81371,Rhinolophus ferrumequinum,0.022,0.022,-1,Echolocation,/mnt/ubna_data_02_mir/recover-20221013/UBNA_001/20221012_030000.WAV,Telephone Field,recover-20221013,001,1795
815.5965,815.6312,68437,80746,Rhinolophus ferrumequinum,0.022,0.022,-1,Echolocation,/mnt/ubna_data_02_mir/recover-20221013/UBNA_001/20221012_030000.WAV,Telephone Field,recover-20221013,001,1795
815.6005,815.6074,49531,53870,Pipistrellus pipistrellus,0.02,0.022,-1,Echolocation,/mnt/ubna_data_02_mir/recover-20221013/UBNA_001/20221012_030000.WAV,Telephone Field,recover-20221013,001,1795
815.6375,815.6518,23750,29064,Nyctalus leisleri,0.028,0.062,-1,Echolocation,/mnt/ubna_data_02_mir/recover-20221013/UBNA_001/20221012_030000.WAV,Telephone Field,recover-20221013,001,1795
815.6565,815.693,68437,81528,Rhinolophus ferrumequinum,0.022,0.022,-1,Echolocation,/mnt/ubna_data_02_mir/recover-20221013/UBNA_001/20221012_030000.WAV,Telephone Field,recover-20221013,001,1795
815.6635,815.7024,68437,82253,Rhinolophus ferrumequinum,0.021,0.021,-1,Echolocation,/mnt/ubna_data_02_mir/recover-20221013/UBNA_001/20221012_030000.WAV,Telephone Field,recover-20221013,001,1795
815.7005,815.7119,22031,26016,Nyctalus leisleri,0.013,0.023,-1,Echolocation,/mnt/ubna_data_02_mir/recover-20221013/UBNA_001/20221012_030000.WAV,Telephone Field,recover-20221013,001,1795
815.7005,815.7385,68437,81930,Rhinolophus ferrumequinum,0.025,0.025,-1,Echolocation,/mnt/ubna_data_02_mir/recover-20221013/UBNA_001/20221012_030000.WAV,Telephone Field,recover-20221013,001,1795
815.7245,815.733,28046,39134,Eptesicus serotinus,0.007,0.021,-1,Echolocation,/mnt/ubna_data_02_mir/recover-20221013/UBNA_001/20221012_030000.WAV,Telephone Field,recover-20221013,001,1795
815.7725,815.7824,22031,27672,Nyctalus leisleri,0.008,0.022,-1,Echolocation,/mnt/ubna_data_02_mir/recover-20221013/UBNA_001/20221012_030000.WAV,Telephone Field,recover-20221013,001,1795
815.7745,815.7829,28046,37690,Eptesicus serotinus,0.009,0.023,-1,Echolocation,/mnt/ubna_data_02_mir/recover-20221013/UBNA_001/20221012_030000.WAV,Telephone Field,recover-20221013,001,1795
815.8225,815.83,24609,32894,Plecotus austriacus,0.008,0.022,-1,Echolocation,/mnt/ubna_data_02_mir/recover-20221013/UBNA_001/20221012_030000.WAV,Telephone Field,recover-20221013,001,1795
815.8255,815.8351,29765,37807,Eptesicus serotinus,0.009,0.023,-1,Echolocation,/mnt/ubna_data_02_mir/recover-20221013/UBNA_001/20221012_030000.WAV,Telephone Field,recover-20221013,001,1795
815.8265,815.8651,68437,81646,Rhinolophus ferrumequinum,0.025,0.025,-1,Echolocation,/mnt/ubna_data_02_mir/recover-20221013/UBNA_001/20221012_030000.WAV,Telephone Field,recover-20221013,001,1795
815.8315,815.8698,68437,81581,Rhinolophus ferrumequinum,0.026,0.026,-1,Echolocation,/mnt/ubna_data_02_mir/recover-20221013/UBNA_001/20221012_030000.WAV,Telephone Field,recover-20221013,001,1795
815.8535,815.8928,68437,82019,Rhinolophus ferrumequinum,0.022,0.022,-1,Echolocation,/mnt/ubna_data_02_mir/recover-20221013/UBNA_001/20221012_030000.WAV,Telephone Field,recover-20221013,001,1795
815.8595,815.8681,23750,31285,Plecotus austriacus,0.007,0.022,-1,Echolocation,/mnt/ubna_data_02_mir/recover-20221013/UBNA_001/20221012_030000.WAV,Telephone Field,recover-20221013,001,1795
815.9165,815.9245,28906,39018,Eptesicus serotinus,0.007,0.021,-1,Echolocation,/mnt/ubna_data_02_mir/recover-20221013/UBNA_001/20221012_030000.WAV,Telephone Field,recover-20221013,001,1795
815.9265,815.937,22031,25578,Nyctalus leisleri,0.013,0.022,-1,Echolocation,/mnt/ubna_data_02_mir/recover-20221013/UBNA_001/20221012_030000.WAV,Telephone Field,recover-20221013,001,1795
815.9585,815.9984,68437,82111,Rhinolophus ferrumequinum,0.023,0.023,-1,Echolocation,/mnt/ubna_data_02_mir/recover-20221013/UBNA_001/20221012_030000.WAV,Telephone Field,recover-20221013,001,1795
816.0015,816.0313,69296,81060,Rhinolophus ferrumequinum,0.033,0.033,-1,Echolocation,/mnt/ubna_data_02_mir/recover-20221013/UBNA_001/20221012_030000.WAV,Telephone Field,recover-20221013,001,1795
816.0015,816.0104,22031,28305,Nyctalus leisleri,0.01,0.026,-1,Echolocation,/mnt/ubna_data_02_mir/recover-20221013/UBNA_001/20221012_030000.WAV,Telephone Field,recover-20221013,001,1795
816.1015,816.1422,68437,82577,Rhinolophus ferrumequinum,0.024,0.024,-1,Echolocation,/mnt/ubna_data_02_mir/recover-20221013/UBNA_001/20221012_030000.WAV,Telephone Field,recover-20221013,001,1795
816.1435,816.1862,68437,82846,Rhinolophus ferrumequinum,0.024,0.024,-1,Echolocation,/mnt/ubna_data_02_mir/recover-20221013/UBNA_001/20221012_030000.WAV,Telephone Field,recover-20221013,001,1795
816.1555,816.1968,68437,82994,Rhinolophus ferrumequinum,0.027,0.027,-1,Echolocation,/mnt/ubna_data_02_mir/recover-20221013/UBNA_001/20221012_030000.WAV,Telephone Field,recover-20221013,001,1795
816.1925,816.203,24609,31578,Nyctalus leisleri,0.007,0.022,-1,Echolocation,/mnt/ubna_data_02_mir/recover-20221013/UBNA_001/20221012_030000.WAV,Telephone Field,recover-20221013,001,1795
816.2245,816.2332,28046,39347,Eptesicus serotinus,0.008,0.022,-1,Echolocation,/mnt/ubna_data_02_mir/recover-20221013/UBNA_001/20221012_030000.WAV,Telephone Field,recover-20221013,001,1795
816.2455,816.2843,68437,81781,Rhinolophus ferrumequinum,0.024,0.024,-1,Echolocation,/mnt/ubna_data_02_mir/recover-20221013/UBNA_001/20221012_030000.WAV,Telephone Field,recover-20221013,001,1795
816.2725,816.3116,68437,81898,Rhinolophus ferrumequinum,0.023,0.023,-1,Echolocation,/mnt/ubna_data_02_mir/recover-20221013/UBNA_001/20221012_030000.WAV,Telephone Field,recover-20221013,001,1795
816.2975,816.3093,43515,46855,Pipistrellus pipistrellus,0.047,0.055,-1,Echolocation,/mnt/ubna_data_02_mir/recover-20221013/UBNA_001/20221012_030000.WAV,Telephone Field,recover-20221013,001,1795
816.3085,816.3208,22890,28261,Nyctalus leisleri,0.01,0.023,-1,Echolocation,/mnt/ubna_data_02_mir/recover-20221013/UBNA_001/20221012_030000.WAV,Telephone Field,recover-20221013,001,1795
816.3145,816.3254,23750,29976,Nyctalus leisleri,0.008,0.021,-1,Echolocation,/mnt/ubna_data_02_mir/recover-20221013/UBNA_001/20221012_030000.WAV,Telephone Field,recover-20221013,001,1795
816.3155,816.3574,68437,82454,Rhinolophus ferrumequinum,0.029,0.029,-1,Echolocation,/mnt/ubna_data_02_mir/recover-20221013/UBNA_001/20221012_030000.WAV,Telephone Field,recover-20221013,001,1795
816.3585,816.3933,68437,80783,Rhinolophus ferrumequinum,0.022,0.022,-1,Echolocation,/mnt/ubna_data_02_mir/recover-20221013/UBNA_001/20221012_030000.WAV,Telephone Field,recover-20221013,001,1795
816.4075,816.4144,28046,39103,Eptesicus serotinus,0.005,0.021,-1,Echolocation,/mnt/ubna_data_02_mir/recover-20221013/UBNA_001/20221012_030000.WAV,Telephone Field,recover-20221013,001,1795
816.4455,816.4541,54687,58830,Pipistrellus pygmaeus,0.023,0.024,-1,Echolocation,/mnt/ubna_data_02_mir/recover-20221013/UBNA_001/20221012_030000.WAV,Telephone Field,recover-20221013,001,1795
816.4715,816.48,28046,40724,Eptesicus serotinus,0.012,0.027,-1,Echolocation,/mnt/ubna_data_02_mir/recover-20221013/UBNA_001/20221012_030000.WAV,Telephone Field,recover-20221013,001,1795
816.4735,816.5153,68437,82911,Rhinolophus ferrumequinum,0.03,0.03,-1,Echolocation,/mnt/ubna_data_02_mir/recover-20221013/UBNA_001/20221012_030000.WAV,Telephone Field,recover-20221013,001,1795
816.5045,816.5114,27187,39352,Eptesicus serotinus,0.006,0.021,-1,Echolocation,/mnt/ubna_data_02_mir/recover-20221013/UBNA_001/20221012_030000.WAV,Telephone Field,recover-20221013,001,1795
816.5065,816.5464,68437,81711,Rhinolophus ferrumequinum,0.022,0.022,-1,Echolocation,/mnt/ubna_data_02_mir/recover-20221013/UBNA_001/20221012_030000.WAV,Telephone Field,recover-20221013,001,1795
816.5135,816.5501,68437,81555,Rhinolophus ferrumequinum,0.023,0.024,-1,Echolocation,/mnt/ubna_data_02_mir/recover-20221013/UBNA_001/20221012_030000.WAV,Telephone Field,recover-20221013,001,1795
816.5205,816.5572,68437,81896,Rhinolophus ferrumequinum,0.027,0.027,-1,Echolocation,/mnt/ubna_data_02_mir/recover-20221013/UBNA_001/20221012_030000.WAV,Telephone Field,recover-20221013,001,1795
816.5635,816.5744,38359,43402,Pipistrellus nathusii,0.013,0.023,-1,Echolocation,/mnt/ubna_data_02_mir/recover-20221013/UBNA_001/20221012_030000.WAV,Telephone Field,recover-20221013,001,1795
816.5675,816.6062,68437,81318,Rhinolophus ferrumequinum,0.021,0.022,-1,Echolocation,/mnt/ubna_data_02_mir/recover-20221013/UBNA_001/20221012_030000.WAV,Telephone Field,recover-20221013,001,1795
816.5765,816.614,68437,81922,Rhinolophus ferrumequinum,0.021,0.021,-1,Echolocation,/mnt/ubna_data_02_mir/recover-20221013/UBNA_001/20221012_030000.WAV,Telephone Field,recover-20221013,001,1795
816.5915,816.6317,68437,82073,Rhinolophus ferrumequinum,0.026,0.026,-1,Echolocation,/mnt/ubna_data_02_mir/recover-20221013/UBNA_001/20221012_030000.WAV,Telephone Field,recover-20221013,001,1795
816.6055,816.6437,68437,81852,Rhinolophus ferrumequinum,0.022,0.022,-1,Echolocation,/mnt/ubna_data_02_mir/recover-20221013/UBNA_001/20221012_030000.WAV,Telephone Field,recover-20221013,001,1795
816.6395,816.6484,28906,37494,Eptesicus serotinus,0.008,0.021,-1,Echolocation,/mnt/ubna_data_02_mir/recover-20221013/UBNA_001/20221012_030000.WAV,Telephone Field,recover-20221013,001,1795
816.6485,816.6877,68437,82069,Rhinolophus ferrumequinum,0.023,0.023,-1,Echolocation,/mnt/ubna_data_02_mir/recover-20221013/UBNA_001/20221012_030000.WAV,Telephone Field,recover-20221013,001,1795
816.6535,816.6927,68437,82059,Rhinolophus ferrumequinum,0.022,0.022,-1,Echolocation,/mnt/ubna_data_02_mir/recover-20221013/UBNA_001/20221012_030000.WAV,Telephone Field,recover-20221013,001,1795
816.6945,816.7337,68437,82204,Rhinolophus ferrumequinum,0.023,0.023,-1,Echolocation,/mnt/ubna_data_02_mir/recover-20221013/UBNA_001/20221012_030000.WAV,Telephone Field,recover-20221013,001,1795
816.6955,816.7061,28906,36186,Eptesicus serotinus,0.01,0.025,-1,Echolocation,/mnt/ubna_data_02_mir/recover-20221013/UBNA_001/20221012_030000.WAV,Telephone Field,recover-20221013,001,1795
816.7325,816.773,68437,82678,Rhinolophus ferrumequinum,0.021,0.021,-1,Echolocation,/mnt/ubna_data_02_mir/recover-20221013/UBNA_001/20221012_030000.WAV,Telephone Field,recover-20221013,001,1795
816.7375,816.777,68437,82711,Rhinolophus ferrumequinum,0.021,0.021,-1,Echolocation,/mnt/ubna_data_02_mir/recover-20221013/UBNA_001/20221012_030000.WAV,Telephone Field,recover-20221013,001,1795
816.7455,816.7832,68437,81780,Rhinolophus ferrumequinum,0.021,0.021,-1,Echolocation,/mnt/ubna_data_02_mir/recover-20221013/UBNA_001/20221012_030000.WAV,Telephone Field,recover-20221013,001,1795
816.7815,816.7916,25468,31390,Nyctalus leisleri,0.01,0.026,-1,Echolocation,/mnt/ubna_data_02_mir/recover-20221013/UBNA_001/20221012_030000.WAV,Telephone Field,recover-20221013,001,1795
816.8075,816.846,68437,82139,Rhinolophus ferrumequinum,0.021,0.021,-1,Echolocation,/mnt/ubna_data_02_mir/recover-20221013/UBNA_001/20221012_030000.WAV,Telephone Field,recover-20221013,001,1795
816.8115,816.8218,22031,27159,Nyctalus leisleri,0.01,0.022,-1,Echolocation,/mnt/ubna_data_02_mir/recover-20221013/UBNA_001/20221012_030000.WAV,Telephone Field,recover-20221013,001,1795
816.8195,816.859,68437,82795,Rhinolophus ferrumequinum,0.024,0.024,-1,Echolocation,/mnt/ubna_data_02_mir/recover-20221013/UBNA_001/20221012_030000.WAV,Telephone Field,recover-20221013,001,1795
816.8275,816.8659,68437,82414,Rhinolophus ferrumequinum,0.022,0.022,-1,Echolocation,/mnt/ubna_data_02_mir/recover-20221013/UBNA_001/20221012_030000.WAV,Telephone Field,recover-20221013,001,1795
816.8485,816.888,68437,82431,Rhinolophus ferrumequinum,0.024,0.024,-1,Echolocation,/mnt/ubna_data_02_mir/recover-20221013/UBNA_001/20221012_030000.WAV,Telephone Field,recover-20221013,001,1795
816.8605,816.8714,25468,32439,Eptesicus serotinus,0.009,0.022,-1,Echolocation,/mnt/ubna_data_02_mir/recover-20221013/UBNA_001/20221012_030000.WAV,Telephone Field,recover-20221013,001,1795
816.8875,816.9278,68437,82547,Rhinolophus ferrumequinum,0.035,0.035,-1,Echolocation,/mnt/ubna_data_02_mir/recover-20221013/UBNA_001/20221012_030000.WAV,Telephone Field,recover-20221013,001,1795
816.8995,816.9071,28046,38800,Eptesicus serotinus,0.007,0.022,-1,Echolocation,/mnt/ubna_data_02_mir/recover-20221013/UBNA_001/20221012_030000.WAV,Telephone Field,recover-20221013,001,1795
816.9195,816.9583,68437,81928,Rhinolophus ferrumequinum,0.024,0.024,-1,Echolocation,/mnt/ubna_data_02_mir/recover-20221013/UBNA_001/20221012_030000.WAV,Telephone Field,recover-20221013,001,1795
816.9865,817.027,68437,82583,Rhinolophus ferrumequinum,0.022,0.022,-1,Echolocation,/mnt/ubna_data_02_mir/recover-20221013/UBNA_001/20221012_030000.WAV,Telephone Field,recover-20221013,001,1795
817.0145,817.0539,68437,81866,Rhinolophus ferrumequinum,0.025,0.025,-1,Echolocation,/mnt/ubna_data_02_mir/recover-20221013/UBNA_001/20221012_030000.WAV,Telephone Field,recover-20221013,001,1795
817.0225,817.0361,22890,28252,Nyctalus leisleri,0.018,0.038,-1,Echolocation,/mnt/ubna_data_02_mir/recover-20221013/UBNA_001/20221012_030000.WAV,Telephone Field,recover-20221013,001,1795
817.0325,817.0441,40937,44549,Pipistrellus nathusii,0.041,0.052,-1,Echolocation,/mnt/ubna_data_02_mir/recover-20221013/UBNA_001/20221012_030000.WAV,Telephone Field,recover-20221013,001,1795
817.0405,817.0798,68437,82057,Rhinolophus ferrumequinum,0.021,0.021,-1,Echolocation,/mnt/ubna_data_02_mir/recover-20221013/UBNA_001/20221012_030000.WAV,Telephone Field,recover-20221013,001,1795
817.0735,817.1123,68437,81874,Rhinolophus ferrumequinum,0.023,0.023,-1,Echolocation,/mnt/ubna_data_02_mir/recover-20221013/UBNA_001/20221012_030000.WAV,Telephone Field,recover-20221013,001,1795
817.1095,817.1497,68437,81450,Rhinolophus ferrumequinum,0.021,0.021,-1,Echolocation,/mnt/ubna_data_02_mir/recover-20221013/UBNA_001/20221012_030000.WAV,Telephone Field,recover-20221013,001,1795
817.1335,817.1692,68437,80974,Rhinolophus ferrumequinum,0.021,0.021,-1,Echolocation,/mnt/ubna_data_02_mir/recover-20221013/UBNA_001/20221012_030000.WAV,Telephone Field,recover-20221013,001,1795
817.1765,817.1841,27187,38242,Eptesicus serotinus,0.007,0.022,-1,Echolocation,/mnt/ubna_data_02_mir/recover-20221013/UBNA_001/20221012_030000.WAV,Telephone Field,recover-20221013,001,1795
817.1855,817.2243,68437,82019,Rhinolophus ferrumequinum,0.031,0.031,-1,Echolocation,/mnt/ubna_data_02_mir/recover-20221013/UBNA_001/20221012_030000.WAV,Telephone Field,recover-20221013,001,1795
817.2645,817.303,68437,82405,Rhinolophus ferrumequinum,0.022,0.022,-1,Echolocation,/mnt/ubna_data_02_mir/recover-20221013/UBNA_001/20221012_030000.WAV,Telephone Field,recover-20221013,001,1795
817.2705,817.3102,68437,81989,Rhinolophus ferrumequinum,0.021,0.021,-1,Echolocation,/mnt/ubna_data_02_mir/recover-20221013/UBNA_001/20221012_030000.WAV,Telephone Field,recover-20221013,001,1795
817.2885,817.3001,28906,36140,Eptesicus serotinus,0.012,0.024,-1,Echolocation,/mnt/ubna_data_02_mir/recover-20221013/UBNA_001/20221012_030000.WAV,Telephone Field,recover-20221013,001,1795
817.3015,817.3178,19453,23077,Nyctalus leisleri,0.01,0.022,-1,Echolocation,/mnt/ubna_data_02_mir/recover-20221013/UBNA_001/20221012_030000.WAV,Telephone Field,recover-20221013,001,1795
817.3195,817.3568,68437,81758,Rhinolophus ferrumequinum,0.022,0.022,-1,Echolocation,/mnt/ubna_data_02_mir/recover-20221013/UBNA_001/20221012_030000.WAV,Telephone Field,recover-20221013,001,1795
817.3395,817.3474,28046,39030,Eptesicus serotinus,0.008,0.025,-1,Echolocation,/mnt/ubna_data_02_mir/recover-20221013/UBNA_001/20221012_030000.WAV,Telephone Field,recover-20221013,001,1795
817.3495,817.3869,68437,81518,Rhinolophus ferrumequinum,0.022,0.022,-1,Echolocation,/mnt/ubna_data_02_mir/recover-20221013/UBNA_001/20221012_030000.WAV,Telephone Field,recover-20221013,001,1795
817.3625,817.3996,68437,81440,Rhinolophus ferrumequinum,0.025,0.025,-1,Echolocation,/mnt/ubna_data_02_mir/recover-20221013/UBNA_001/20221012_030000.WAV,Telephone Field,recover-20221013,001,1795
817.3645,817.3735,23750,32073,Plecotus austriacus,0.013,0.036,-1,Echolocation,/mnt/ubna_data_02_mir/recover-20221013/UBNA_001/20221012_030000.WAV,Telephone Field,recover-20221013,001,1795
817.4025,817.4113,28046,36484,Eptesicus serotinus,0.011,0.024,-1,Echolocation,/mnt/ubna_data_02_mir/recover-20221013/UBNA_001/20221012_030000.WAV,Telephone Field,recover-20221013,001,1795
817.4025,817.4124,22890,29768,Nyctalus leisleri,0.008,0.025,-1,Echolocation,/mnt/ubna_data_02_mir/recover-20221013/UBNA_001/20221012_030000.WAV,Telephone Field,recover-20221013,001,1795
817.4305,817.4677,68437,81378,Rhinolophus ferrumequinum,0.021,0.021,-1,Echolocation,/mnt/ubna_data_02_mir/recover-20221013/UBNA_001/20221012_030000.WAV,Telephone Field,recover-20221013,001,1795
817.4785,817.4928,23750,28327,Nyctalus leisleri,0.026,0.058,-1,Echolocation,/mnt/ubna_data_02_mir/recover-20221013/UBNA_001/20221012_030000.WAV,Telephone Field,recover-20221013,001,1795
817.5185,817.5274,27187,36295,Eptesicus serotinus,0.008,0.022,-1,Echolocation,/mnt/ubna_data_02_mir/recover-20221013/UBNA_001/20221012_030000.WAV,Telephone Field,recover-20221013,001,1795
817.5605,817.5958,68437,81778,Rhinolophus ferrumequinum,0.021,0.021,-1,Echolocation,/mnt/ubna_data_02_mir/recover-20221013/UBNA_001/20221012_030000.WAV,Telephone Field,recover-20221013,001,1795
817.5685,817.5768,27187,44404,Eptesicus serotinus,0.009,0.023,-1,Echolocation,/mnt/ubna_data_02_mir/recover-20221013/UBNA_001/20221012_030000.WAV,Telephone Field,recover-20221013,001,1795
817.5695,817.578,33203,45101,Myotis daubentonii,0.009,0.03,-1,Echolocation,/mnt/ubna_data_02_mir/recover-20221013/UBNA_001/20221012_030000.WAV,Telephone Field,recover-20221013,001,1795
817.5875,817.6258,68437,81802,Rhinolophus ferrumequinum,0.024,0.024,-1,Echolocation,/mnt/ubna_data_02_mir/recover-20221013/UBNA_001/20221012_030000.WAV,Telephone Field,recover-20221013,001,1795
817.5955,817.636,68437,82997,Rhinolophus ferrumequinum,0.025,0.025,-1,Echolocation,/mnt/ubna_data_02_mir/recover-20221013/UBNA_001/20221012_030000.WAV,Telephone Field,recover-20221013,001,1795
817.6025,817.6438,68437,83216,Rhinolophus ferrumequinum,0.025,0.025,-1,Echolocation,/mnt/ubna_data_02_mir/recover-20221013/UBNA_001/20221012_030000.WAV,Telephone Field,recover-20221013,001,1795
817.6105,817.6494,68437,82583,Rhinolophus ferrumequinum,0.021,0.021,-1,Echolocation,/mnt/ubna_data_02_mir/recover-20221013/UBNA_001/20221012_030000.WAV,Telephone Field,recover-20221013,001,1795
817.6115,817.6218,42656,50578,Pipistrellus nathusii,0.007,0.021,-1,Echolocation,/mnt/ubna_data_02_mir/recover-20221013/UBNA_001/20221012_030000.WAV,Telephone Field,recover-20221013,001,1795
817.6525,817.6936,68437,82676,Rhinolophus ferrumequinum,0.025,0.025,-1,Echolocation,/mnt/ubna_data_02_mir/recover-20221013/UBNA_001/20221012_030000.WAV,Telephone Field,recover-20221013,001,1795
817.6715,817.7089,68437,81866,Rhinolophus ferrumequinum,0.021,0.021,-1,Echolocation,/mnt/ubna_data_02_mir/recover-20221013/UBNA_001/20221012_030000.WAV,Telephone Field,recover-20221013,001,1795
817.6785,817.7166,68437,82063,Rhinolophus ferrumequinum,0.021,0.021,-1,Echolocation,/mnt/ubna_data_02_mir/recover-20221013/UBNA_001/20221012_030000.WAV,Telephone Field,recover-20221013,001,1795
817.6985,817.7055,28906,38591,Eptesicus serotinus,0.007,0.024,-1,Echolocation,/mnt/ubna_data_02_mir/recover-20221013/UBNA_001/20221012_030000.WAV,Telephone Field,recover-20221013,001,1795
817.7135,817.754,68437,82350,Rhinolophus ferrumequinum,0.022,0.022,-1,Echolocation,/mnt/ubna_data_02_mir/recover-20221013/UBNA_001/20221012_030000.WAV,Telephone Field,recover-20221013,001,1795
817.7225,817.7609,68437,81776,Rhinolophus ferrumequinum,0.022,0.022,-1,Echolocation,/mnt/ubna_data_02_mir/recover-20221013/UBNA_001/20221012_030000.WAV,Telephone Field,recover-20221013,001,1795
817.7235,817.731,26328,34760,Eptesicus serotinus,0.007,0.025,-1,Echolocation,/mnt/ubna_data_02_mir/recover-20221013/UBNA_001/20221012_030000.WAV,Telephone Field,recover-20221013,001,1795
817.7425,817.7509,28046,38565,Eptesicus serotinus,0.008,0.021,-1,Echolocation,/mnt/ubna_data_02_mir/recover-20221013/UBNA_001/20221012_030000.WAV,Telephone Field,recover-20221013,001,1795
817.7605,817.7995,68437,81704,Rhinolophus ferrumequinum,0.022,0.022,-1,Echolocation,/mnt/ubna_data_02_mir/recover-20221013/UBNA_001/20221012_030000.WAV,Telephone Field,recover-20221013,001,1795
817.8225,817.8589,68437,81473,Rhinolophus ferrumequinum,0.023,0.023,-1,Echolocation,/mnt/ubna_data_02_mir/recover-20221013/UBNA_001/20221012_030000.WAV,Telephone Field,recover-20221013,001,1795
817.8405,817.8474,27187,42186,Eptesicus serotinus,0.008,0.027,-1,Echolocation,/mnt/ubna_data_02_mir/recover-20221013/UBNA_001/20221012_030000.WAV,Telephone Field,recover-20221013,001,1795
817.8775,817.9175,68437,82116,Rhinolophus ferrumequinum,0.021,0.021,-1,Echolocation,/mnt/ubna_data_02_mir/recover-20221013/UBNA_001/20221012_030000.WAV,Telephone Field,recover-20221013,001,1795
817.8805,817.9009,17734,21067,Nyctalus noctula,0.02,0.032,-1,Echolocation,/mnt/ubna_data_02_mir/recover-20221013/UBNA_001/20221012_030000.WAV,Telephone Field,recover-20221013,001,1795
817.8915,817.8996,28046,37701,Eptesicus serotinus,0.007,0.022,-1,Echolocation,/mnt/ubna_data_02_mir/recover-20221013/UBNA_001/20221012_030000.WAV,Telephone Field,recover-20221013,001,1795
817.9135,817.953,68437,82348,Rhinolophus ferrumequinum,0.024,0.024,-1,Echolocation,/mnt/ubna_data_02_mir/recover-20221013/UBNA_001/20221012_030000.WAV,Telephone Field,recover-20221013,001,1795
817.9225,817.9659,68437,82476,Rhinolophus ferrumequinum,0.025,0.025,-1,Echolocation,/mnt/ubna_data_02_mir/recover-20221013/UBNA_001/20221012_030000.WAV,Telephone Field,recover-20221013,001,1795
817.9275,817.9434,21171,25094,Nyctalus leisleri,0.013,0.025,-1,Echolocation,/mnt/ubna_data_02_mir/recover-20221013/UBNA_001/20221012_030000.WAV,Telephone Field,recover-20221013,001,1795
817.9315,817.9399,28906,38018,Eptesicus serotinus,0.009,0.024,-1,Echolocation,/mnt/ubna_data_02_mir/recover-20221013/UBNA_001/20221012_030000.WAV,Telephone Field,recover-20221013,001,1795
817.9545,817.9944,68437,82367,Rhinolophus ferrumequinum,0.032,0.032,-1,Echolocation,/mnt/ubna_data_02_mir/recover-20221013/UBNA_001/20221012_030000.WAV,Telephone Field,recover-20221013,001,1795
817.9875,817.9972,25468,34523,Eptesicus serotinus,0.007,0.022,-1,Echolocation,/mnt/ubna_data_02_mir/recover-20221013/UBNA_001/20221012_030000.WAV,Telephone Field,recover-20221013,001,1795
818.0015,818.0327,68437,79829,Rhinolophus ferrumequinum,0.049,0.049,-1,Echolocation,/mnt/ubna_data_02_mir/recover-20221013/UBNA_001/20221012_030000.WAV,Telephone Field,recover-20221013,001,1795
818.0015,818.0095,25468,36228,Nyctalus leisleri,0.008,0.03,-1,Echolocation,/mnt/ubna_data_02_mir/recover-20221013/UBNA_001/20221012_030000.WAV,Telephone Field,recover-20221013,001,1795
818.0015,818.0183,17734,23079,Nyctalus noctula,0.013,0.026,-1,Echolocation,/mnt/ubna_data_02_mir/recover-20221013/UBNA_001/20221012_030000.WAV,Telephone Field,recover-20221013,001,1795
818.0105,818.0544,68437,82947,Rhinolophus ferrumequinum,0.024,0.024,-1,Echolocation,/mnt/ubna_data_02_mir/recover-20221013/UBNA_001/20221012_030000.WAV,Telephone Field,recover-20221013,001,1795
818.0145,818.0211,27187,44406,Eptesicus serotinus,0.007,0.025,-1,Echolocation,/mnt/ubna_data_02_mir/recover-20221013/UBNA_001/20221012_030000.WAV,Telephone Field,recover-20221013,001,1795
818.0555,818.0627,27187,37358,Eptesicus serotinus,0.007,0.023,-1,Echolocation,/mnt/ubna_data_02_mir/recover-20221013/UBNA_001/20221012_030000.WAV,Telephone Field,recover-20221013,001,1795
818.0575,818.0679,22031,27157,Nyctalus leisleri,0.011,0.024,-1,Echolocation,/mnt/ubna_data_02_mir/recover-20221013/UBNA_001/20221012_030000.WAV,Telephone Field,recover-20221013,001,1795
818.0595,818.099,68437,82049,Rhinolophus ferrumequinum,0.024,0.024,-1,Echolocation,/mnt/ubna_data_02_mir/recover-20221013/UBNA_001/20221012_030000.WAV,Telephone Field,recover-20221013,001,1795
818.0705,818.0802,23750,29989,Nyctalus leisleri,0.009,0.023,-1,Echolocation,/mnt/ubna_data_02_mir/recover-20221013/UBNA_001/20221012_030000.WAV,Telephone Field,recover-20221013,001,1795
818.0745,818.1136,68437,82526,Rhinolophus ferrumequinum,0.035,0.035,-1,Echolocation,/mnt/ubna_data_02_mir/recover-20221013/UBNA_001/20221012_030000.WAV,Telephone Field,recover-20221013,001,1795
818.0905,818.1285,68437,81899,Rhinolophus ferrumequinum,0.022,0.022,-1,Echolocation,/mnt/ubna_data_02_mir/recover-20221013/UBNA_001/20221012_030000.WAV,Telephone Field,recover-20221013,001,1795
818.1155,818.154,68437,82007,Rhinolophus ferrumequinum,0.022,0.022,-1,Echolocation,/mnt/ubna_data_02_mir/recover-20221013/UBNA_001/20221012_030000.WAV,Telephone Field,recover-20221013,001,1795
818.1225,818.1613,68437,81819,Rhinolophus ferrumequinum,0.021,0.021,-1,Echolocation,/mnt/ubna_data_02_mir/recover-20221013/UBNA_001/20221012_030000.WAV,Telephone Field,recover-20221013,001,1795
818.1275,818.1476,19453,22294,Nyctalus leisleri,0.026,0.047,-1,Echolocation,/mnt/ubna_data_02_mir/recover-20221013/UBNA_001/20221012_030000.WAV,Telephone Field,recover-20221013,001,1795
818.1585,818.1689,22031,27830,Nyctalus leisleri,0.009,0.026,-1,Echolocation,/mnt/ubna_data_02_mir/recover-20221013/UBNA_001/20221012_030000.WAV,Telephone Field,recover-20221013,001,1795
818.1935,818.229,68437,81943,Rhinolophus ferrumequinum,0.023,0.023,-1,Echolocation,/mnt/ubna_data_02_mir/recover-20221013/UBNA_001/20221012_030000.WAV,Telephone Field,recover-20221013,001,1795
818.1965,818.2056,28046,37023,Eptesicus serotinus,0.008,0.022,-1,Echolocation,/mnt/ubna_data_02_mir/recover-20221013/UBNA_001/20221012_030000.WAV,Telephone Field,recover-20221013,001,1795
818.2225,818.2611,68437,81850,Rhinolophus ferrumequinum,0.022,0.022,-1,Echolocation,/mnt/ubna_data_02_mir/recover-20221013/UBNA_001/20221012_030000.WAV,Telephone Field,recover-20221013,001,1795
818.2405,818.2757,68437,82210,Rhinolophus ferrumequinum,0.022,0.022,-1,Echolocation,/mnt/ubna_data_02_mir/recover-20221013/UBNA_001/20221012_030000.WAV,Telephone Field,recover-20221013,001,1795
818.2705,818.3096,68437,82326,Rhinolophus ferrumequinum,0.022,0.022,-1,Echolocation,/mnt/ubna_data_02_mir/recover-20221013/UBNA_001/20221012_030000.WAV,Telephone Field,recover-20221013,001,1795
818.2925,818.3297,68437,81853,Rhinolophus ferrumequinum,0.022,0.022,-1,Echolocation,/mnt/ubna_data_02_mir/recover-20221013/UBNA_001/20221012_030000.WAV,Telephone Field,recover-20221013,001,1795
818.3155,818.3578,68437,83166,Rhinolophus ferrumequinum,0.031,0.031,-1,Echolocation,/mnt/ubna_data_02_mir/recover-20221013/UBNA_001/20221012_030000.WAV,Telephone Field,recover-20221013,001,1795
818.3245,818.3344,22890,28960,Nyctalus leisleri,0.009,0.023,-1,Echolocation,/mnt/ubna_data_02_mir/recover-20221013/UBNA_001/20221012_030000.WAV,Telephone Field,recover-20221013,001,1795
818.3435,818.3793000000001,68437,81075,Rhinolophus ferrumequinum,0.024,0.024,-1,Echolocation,/mnt/ubna_data_02_mir/recover-20221013/UBNA_001/20221012_030000.WAV,Telephone Field,recover-20221013,001,1795
818.3695,818.4029,68437,81226,Rhinolophus ferrumequinum,0.023,0.023,-1,Echolocation,/mnt/ubna_data_02_mir/recover-20221013/UBNA_001/20221012_030000.WAV,Telephone Field,recover-20221013,001,1795
818.3705,818.3792,27187,35799,Eptesicus serotinus,0.02,0.045,-1,Echolocation,/mnt/ubna_data_02_mir/recover-20221013/UBNA_001/20221012_030000.WAV,Telephone Field,recover-20221013,001,1795
818.3845,818.4204,68437,81771,Rhinolophus ferrumequinum,0.026,0.026,-1,Echolocation,/mnt/ubna_data_02_mir/recover-20221013/UBNA_001/20221012_030000.WAV,Telephone Field,recover-20221013,001,1795
818.4205,818.4611,68437,82678,Rhinolophus ferrumequinum,0.026,0.026,-1,Echolocation,/mnt/ubna_data_02_mir/recover-20221013/UBNA_001/20221012_030000.WAV,Telephone Field,recover-20221013,001,1795
818.4485,818.4849,68437,81678,Rhinolophus ferrumequinum,0.023,0.023,-1,Echolocation,/mnt/ubna_data_02_mir/recover-20221013/UBNA_001/20221012_030000.WAV,Telephone Field,recover-20221013,001,1795
818.5105,818.5464,68437,81946,Rhinolophus ferrumequinum,0.023,0.023,-1,Echolocation,/mnt/ubna_data_02_mir/recover-20221013/UBNA_001/20221012_030000.WAV,Telephone Field,recover-20221013,001,1795
818.5235,818.5354,23750,28460,Nyctalus leisleri,0.026,0.056,-1,Echolocation,/mnt/ubna_data_02_mir/recover-20221013/UBNA_001/20221012_030000.WAV,Telephone Field,recover-20221013,001,1795
818.5445,818.5558,34921,39615,Pipistrellus nathusii,0.011,0.03,-1,Echolocation,/mnt/ubna_data_02_mir/recover-20221013/UBNA_001/20221012_030000.WAV,Telephone Field,recover-20221013,001,1795
818.5465,818.5884,68437,82720,Rhinolophus ferrumequinum,0.032,0.032,-1,Echolocation,/mnt/ubna_data_02_mir/recover-20221013/UBNA_001/20221012_030000.WAV,Telephone Field,recover-20221013,001,1795
818.5555,818.5935,68437,81796,Rhinolophus ferrumequinum,0.021,0.021,-1,Echolocation,/mnt/ubna_data_02_mir/recover-20221013/UBNA_001/20221012_030000.WAV,Telephone Field,recover-20221013,001,1795
818.5665,818.6099,68437,83474,Rhinolophus ferrumequinum,0.031,0.031,-1,Echolocation,/mnt/ubna_data_02_mir/recover-20221013/UBNA_001/20221012_030000.WAV,Telephone Field,recover-20221013,001,1795
818.6275,818.6666,68437,81896,Rhinolophus ferrumequinum,0.024,0.025,-1,Echolocation,/mnt/ubna_data_02_mir/recover-20221013/UBNA_001/20221012_030000.WAV,Telephone Field,recover-20221013,001,1795
818.6555,818.6665,27187,35477,Eptesicus serotinus,0.014,0.027,-1,Echolocation,/mnt/ubna_data_02_mir/recover-20221013/UBNA_001/20221012_030000.WAV,Telephone Field,recover-20221013,001,1795
818.6695,818.7063,68437,81834,Rhinolophus ferrumequinum,0.024,0.024,-1,Echolocation,/mnt/ubna_data_02_mir/recover-20221013/UBNA_001/20221012_030000.WAV,Telephone Field,recover-20221013,001,1795
818.6965,818.7368,68437,82717,Rhinolophus ferrumequinum,0.025,0.025,-1,Echolocation,/mnt/ubna_data_02_mir/recover-20221013/UBNA_001/20221012_030000.WAV,Telephone Field,recover-20221013,001,1795
818.7085,818.7174,41796,50691,Myotis daubentonii,0.007,0.023,-1,Echolocation,/mnt/ubna_data_02_mir/recover-20221013/UBNA_001/20221012_030000.WAV,Telephone Field,recover-20221013,001,1795
818.7085,818.7496,68437,83153,Rhinolophus ferrumequinum,0.023,0.023,-1,Echolocation,/mnt/ubna_data_02_mir/recover-20221013/UBNA_001/20221012_030000.WAV,Telephone Field,recover-20221013,001,1795
818.7195,818.7605,68437,82536,Rhinolophus ferrumequinum,0.025,0.025,-1,Echolocation,/mnt/ubna_data_02_mir/recover-20221013/UBNA_001/20221012_030000.WAV,Telephone Field,recover-20221013,001,1795
818.7425,818.7826,68437,82314,Rhinolophus ferrumequinum,0.028,0.028,-1,Echolocation,/mnt/ubna_data_02_mir/recover-20221013/UBNA_001/20221012_030000.WAV,Telephone Field,recover-20221013,001,1795
818.7735,818.7802,26328,40013,Eptesicus serotinus,0.006,0.026,-1,Echolocation,/mnt/ubna_data_02_mir/recover-20221013/UBNA_001/20221012_030000.WAV,Telephone Field,recover-20221013,001,1795
818.7765,818.8163,68437,82423,Rhinolophus ferrumequinum,0.021,0.021,-1,Echolocation,/mnt/ubna_data_02_mir/recover-20221013/UBNA_001/20221012_030000.WAV,Telephone Field,recover-20221013,001,1795
818.8125,818.8516,68437,82590,Rhinolophus ferrumequinum,0.023,0.023,-1,Echolocation,/mnt/ubna_data_02_mir/recover-20221013/UBNA_001/20221012_030000.WAV,Telephone Field,recover-20221013,001,1795
818.8735,818.9125,68437,82553,Rhinolophus ferrumequinum,0.024,0.025,-1,Echolocation,/mnt/ubna_data_02_mir/recover-20221013/UBNA_001/20221012_030000.WAV,Telephone Field,recover-20221013,001,1795
818.8795,818.9209,68437,82655,Rhinolophus ferrumequinum,0.024,0.024,-1,Echolocation,/mnt/ubna_data_02_mir/recover-20221013/UBNA_001/20221012_030000.WAV,Telephone Field,recover-20221013,001,1795
818.8915,818.9306,68437,82721,Rhinolophus ferrumequinum,0.035,0.035,-1,Echolocation,/mnt/ubna_data_02_mir/recover-20221013/UBNA_001/20221012_030000.WAV,Telephone Field,recover-20221013,001,1795
818.9175,818.9579,68437,82650,Rhinolophus ferrumequinum,0.029,0.029,-1,Echolocation,/mnt/ubna_data_02_mir/recover-20221013/UBNA_001/20221012_030000.WAV,Telephone Field,recover-20221013,001,1795
818.9475,818.9857,68437,81951,Rhinolophus ferrumequinum,0.03,0.03,-1,Echolocation,/mnt/ubna_data_02_mir/recover-20221013/UBNA_001/20221012_030000.WAV,Telephone Field,recover-20221013,001,1795
818.9705,819.007,68437,81842,Rhinolophus ferrumequinum,0.028,0.028,-1,Echolocation,/mnt/ubna_data_02_mir/recover-20221013/UBNA_001/20221012_030000.WAV,Telephone Field,recover-20221013,001,1795
818.9895,819.0269,68437,82586,Rhinolophus ferrumequinum,0.022,0.022,-1,Echolocation,/mnt/ubna_data_02_mir/recover-20221013/UBNA_001/20221012_030000.WAV,Telephone Field,recover-20221013,001,1795
819.0175,819.0261,50390,55223,Pipistrellus pipistrellus,0.022,0.026,-1,Echolocation,/mnt/ubna_data_02_mir/recover-20221013/UBNA_001/20221012_030000.WAV,Telephone Field,recover-20221013,001,1795
819.0265,819.0353,27187,35825,Eptesicus serotinus,0.01,0.023,-1,Echolocation,/mnt/ubna_data_02_mir/recover-20221013/UBNA_001/20221012_030000.WAV,Telephone Field,recover-20221013,001,1795
819.0325,819.0766,68437,83251,Rhinolophus ferrumequinum,0.039,0.039,-1,Echolocation,/mnt/ubna_data_02_mir/recover-20221013/UBNA_001/20221012_030000.WAV,Telephone Field,recover-20221013,001,1795
819.0515,819.061,23750,30909,Nyctalus leisleri,0.006,0.021,-1,Echolocation,/mnt/ubna_data_02_mir/recover-20221013/UBNA_001/20221012_030000.WAV,Telephone Field,recover-20221013,001,1795
819.0655,819.1089,68437,83260,Rhinolophus ferrumequinum,0.04,0.04,-1,Echolocation,/mnt/ubna_data_02_mir/recover-20221013/UBNA_001/20221012_030000.WAV,Telephone Field,recover-20221013,001,1795
819.0915,819.1323,68437,82065,Rhinolophus ferrumequinum,0.023,0.023,-1,Echolocation,/mnt/ubna_data_02_mir/recover-20221013/UBNA_001/20221012_030000.WAV,Telephone Field,recover-20221013,001,1795
819.1135,819.1562,68437,82923,Rhinolophus ferrumequinum,0.025,0.025,-1,Echolocation,/mnt/ubna_data_02_mir/recover-20221013/UBNA_001/20221012_030000.WAV,Telephone Field,recover-20221013,001,1795
819.1475,819.157,22031,27639,Nyctalus leisleri,0.007,0.021,-1,Echolocation,/mnt/ubna_data_02_mir/recover-20221013/UBNA_001/20221012_030000.WAV,Telephone Field,recover-20221013,001,1795
819.1485,819.187,68437,82072,Rhinolophus ferrumequinum,0.021,0.021,-1,Echolocation,/mnt/ubna_data_02_mir/recover-20221013/UBNA_001/20221012_030000.WAV,Telephone Field,recover-20221013,001,1795
819.1745,819.2105,68437,81325,Rhinolophus ferrumequinum,0.021,0.021,-1,Echolocation,/mnt/ubna_data_02_mir/recover-20221013/UBNA_001/20221012_030000.WAV,Telephone Field,recover-20221013,001,1795
819.1885,819.2282,68437,82724,Rhinolophus ferrumequinum,0.027,0.027,-1,Echolocation,/mnt/ubna_data_02_mir/recover-20221013/UBNA_001/20221012_030000.WAV,Telephone Field,recover-20221013,001,1795
819.1985,819.239,68437,82501,Rhinolophus ferrumequinum,0.023,0.023,-1,Echolocation,/mnt/ubna_data_02_mir/recover-20221013/UBNA_001/20221012_030000.WAV,Telephone Field,recover-20221013,001,1795
819.2185,819.256,68437,81862,Rhinolophus ferrumequinum,0.023,0.023,-1,Echolocation,/mnt/ubna_data_02_mir/recover-20221013/UBNA_001/20221012_030000.WAV,Telephone Field,recover-20221013,001,1795
819.2325,819.2715,68437,82581,Rhinolophus ferrumequinum,0.022,0.022,-1,Echolocation,/mnt/ubna_data_02_mir/recover-20221013/UBNA_001/20221012_030000.WAV,Telephone Field,recover-20221013,001,1795
819.2325,819.2393,27187,40349,Eptesicus serotinus,0.007,0.027,-1,Echolocation,/mnt/ubna_data_02_mir/recover-20221013/UBNA_001/20221012_030000.WAV,Telephone Field,recover-20221013,001,1795
819.2805,819.3207,68437,82514,Rhinolophus ferrumequinum,0.027,0.027,-1,Echolocation,/mnt/ubna_data_02_mir/recover-20221013/UBNA_001/20221012_030000.WAV,Telephone Field,recover-20221013,001,1795
819.2915,819.3326,68437,82988,Rhinolophus ferrumequinum,0.025,0.025,-1,Echolocation,/mnt/ubna_data_02_mir/recover-20221013/UBNA_001/20221012_030000.WAV,Telephone Field,recover-20221013,001,1795
819.3455,819.3857,68437,82671,Rhinolophus ferrumequinum,0.032,0.032,-1,Echolocation,/mnt/ubna_data_02_mir/recover-20221013/UBNA_001/20221012_030000.WAV,Telephone Field,recover-20221013,001,1795
819.3515,819.3594,22890,31592,Plecotus austriacus,0.014,0.031,-1,Echolocation,/mnt/ubna_data_02_mir/recover-20221013/UBNA_001/20221012_030000.WAV,Telephone Field,recover-20221013,001,1795
819.3735,819.3832,22890,29681,Nyctalus leisleri,0.008,0.026,-1,Echolocation,/mnt/ubna_data_02_mir/recover-20221013/UBNA_001/20221012_030000.WAV,Telephone Field,recover-20221013,001,1795
819.3985,819.438,68437,81598,Rhinolophus ferrumequinum,0.023,0.023,-1,Echolocation,/mnt/ubna_data_02_mir/recover-20221013/UBNA_001/20221012_030000.WAV,Telephone Field,recover-20221013,001,1795
819.4245,819.4659,68437,82903,Rhinolophus ferrumequinum,0.033,0.033,-1,Echolocation,/mnt/ubna_data_02_mir/recover-20221013/UBNA_001/20221012_030000.WAV,Telephone Field,recover-20221013,001,1795
819.4905,819.4994,28906,40050,Eptesicus serotinus,0.009,0.024,-1,Echolocation,/mnt/ubna_data_02_mir/recover-20221013/UBNA_001/20221012_030000.WAV,Telephone Field,recover-20221013,001,1795
819.5065,819.5484,68437,83037,Rhinolophus ferrumequinum,0.027,0.027,-1,Echolocation,/mnt/ubna_data_02_mir/recover-20221013/UBNA_001/20221012_030000.WAV,Telephone Field,recover-20221013,001,1795
819.5305,819.5384,50390,56961,Pipistrellus pipistrellus,0.027,0.031,-1,Echolocation,/mnt/ubna_data_02_mir/recover-20221013/UBNA_001/20221012_030000.WAV,Telephone Field,recover-20221013,001,1795
819.5315,819.5746,68437,83355,Rhinolophus ferrumequinum,0.038,0.038,-1,Echolocation,/mnt/ubna_data_02_mir/recover-20221013/UBNA_001/20221012_030000.WAV,Telephone Field,recover-20221013,001,1795
819.5445,819.5557,22890,28657,Nyctalus leisleri,0.011,0.026,-1,Echolocation,/mnt/ubna_data_02_mir/recover-20221013/UBNA_001/20221012_030000.WAV,Telephone Field,recover-20221013,001,1795
819.5525,819.5629,28906,36203,Eptesicus serotinus,0.012,0.027,-1,Echolocation,/mnt/ubna_data_02_mir/recover-20221013/UBNA_001/20221012_030000.WAV,Telephone Field,recover-20221013,001,1795
819.5655,819.6077,68437,82890,Rhinolophus ferrumequinum,0.028,0.028,-1,Echolocation,/mnt/ubna_data_02_mir/recover-20221013/UBNA_001/20221012_030000.WAV,Telephone Field,recover-20221013,001,1795
819.5665,819.5758,26328,36341,Eptesicus serotinus,0.01,0.024,-1,Echolocation,/mnt/ubna_data_02_mir/recover-20221013/UBNA_001/20221012_030000.WAV,Telephone Field,recover-20221013,001,1795
819.5745,819.6157,68437,82455,Rhinolophus ferrumequinum,0.026,0.026,-1,Echolocation,/mnt/ubna_data_02_mir/recover-20221013/UBNA_001/20221012_030000.WAV,Telephone Field,recover-20221013,001,1795
819.5755,819.5859,23750,30227,Nyctalus leisleri,0.011,0.028,-1,Echolocation,/mnt/ubna_data_02_mir/recover-20221013/UBNA_001/20221012_030000.WAV,Telephone Field,recover-20221013,001,1795
819.5965,819.6332,68437,82166,Rhinolophus ferrumequinum,0.022,0.023,-1,Echolocation,/mnt/ubna_data_02_mir/recover-20221013/UBNA_001/20221012_030000.WAV,Telephone Field,recover-20221013,001,1795
819.6235,819.6624,68437,82552,Rhinolophus ferrumequinum,0.025,0.025,-1,Echolocation,/mnt/ubna_data_02_mir/recover-20221013/UBNA_001/20221012_030000.WAV,Telephone Field,recover-20221013,001,1795
819.6255,819.6342,22890,31526,Plecotus austriacus,0.012,0.029,-1,Echolocation,/mnt/ubna_data_02_mir/recover-20221013/UBNA_001/20221012_030000.WAV,Telephone Field,recover-20221013,001,1795
819.6515,819.688,68437,81529,Rhinolophus ferrumequinum,0.022,0.022,-1,Echolocation,/mnt/ubna_data_02_mir/recover-20221013/UBNA_001/20221012_030000.WAV,Telephone Field,recover-20221013,001,1795
819.6645,819.7036,68437,82612,Rhinolophus ferrumequinum,0.024,0.024,-1,Echolocation,/mnt/ubna_data_02_mir/recover-20221013/UBNA_001/20221012_030000.WAV,Telephone Field,recover-20221013,001,1795
819.6905,819.7245,68437,81839,Rhinolophus ferrumequinum,0.022,0.022,-1,Echolocation,/mnt/ubna_data_02_mir/recover-20221013/UBNA_001/20221012_030000.WAV,Telephone Field,recover-20221013,001,1795
819.6985,819.7351,68437,82220,Rhinolophus ferrumequinum,0.025,0.025,-1,Echolocation,/mnt/ubna_data_02_mir/recover-20221013/UBNA_001/20221012_030000.WAV,Telephone Field,recover-20221013,001,1795
819.7145,819.7257,22890,27739,Nyctalus leisleri,0.012,0.024,-1,Echolocation,/mnt/ubna_data_02_mir/recover-20221013/UBNA_001/20221012_030000.WAV,Telephone Field,recover-20221013,001,1795
819.7165,819.7534,68437,82116,Rhinolophus ferrumequinum,0.024,0.024,-1,Echolocation,/mnt/ubna_data_02_mir/recover-20221013/UBNA_001/20221012_030000.WAV,Telephone Field,recover-20221013,001,1795
819.7705,819.8069,68437,82309,Rhinolophus ferrumequinum,0.027,0.027,-1,Echolocation,/mnt/ubna_data_02_mir/recover-20221013/UBNA_001/20221012_030000.WAV,Telephone Field,recover-20221013,001,1795
819.7865,819.8252,68437,82304,Rhinolophus ferrumequinum,0.028,0.028,-1,Echolocation,/mnt/ubna_data_02_mir/recover-20221013/UBNA_001/20221012_030000.WAV,Telephone Field,recover-20221013,001,1795
819.8165,819.8562,68437,82919,Rhinolophus ferrumequinum,0.039,0.039,-1,Echolocation,/mnt/ubna_data_02_mir/recover-20221013/UBNA_001/20221012_030000.WAV,Telephone Field,recover-20221013,001,1795
819.8245,819.8662,68437,83242,Rhinolophus ferrumequinum,0.028,0.028,-1,Echolocation,/mnt/ubna_data_02_mir/recover-20221013/UBNA_001/20221012_030000.WAV,Telephone Field,recover-20221013,001,1795
819.8475,819.8864,68437,81885,Rhinolophus ferrumequinum,0.022,0.022,-1,Echolocation,/mnt/ubna_data_02_mir/recover-20221013/UBNA_001/20221012_030000.WAV,Telephone Field,recover-20221013,001,1795
819.8595,819.8978,68437,81978,Rhinolophus ferrumequinum,0.032,0.032,-1,Echolocation,/mnt/ubna_data_02_mir/recover-20221013/UBNA_001/20221012_030000.WAV,Telephone Field,recover-20221013,001,1795
819.8915,819.9281,68437,81651,Rhinolophus ferrumequinum,0.022,0.022,-1,Echolocation,/mnt/ubna_data_02_mir/recover-20221013/UBNA_001/20221012_030000.WAV,Telephone Field,recover-20221013,001,1795
819.8965,819.9333,68437,81696,Rhinolophus ferrumequinum,0.022,0.022,-1,Echolocation,/mnt/ubna_data_02_mir/recover-20221013/UBNA_001/20221012_030000.WAV,Telephone Field,recover-20221013,001,1795
819.9215,819.9322,22031,26831,Nyctalus leisleri,0.011,0.023,-1,Echolocation,/mnt/ubna_data_02_mir/recover-20221013/UBNA_001/20221012_030000.WAV,Telephone Field,recover-20221013,001,1795
819.9545,819.9924,68437,81589,Rhinolophus ferrumequinum,0.027,0.027,-1,Echolocation,/mnt/ubna_data_02_mir/recover-20221013/UBNA_001/20221012_030000.WAV,Telephone Field,recover-20221013,001,1795
819.9585,819.9656,58125,63090,Pipistrellus pygmaeus,0.023,0.023,-1,Echolocation,/mnt/ubna_data_02_mir/recover-20221013/UBNA_001/20221012_030000.WAV,Telephone Field,recover-20221013,001,1795
819.9595,819.9678,27187,38425,Eptesicus serotinus,0.007,0.021,-1,Echolocation,/mnt/ubna_data_02_mir/recover-20221013/UBNA_001/20221012_030000.WAV,Telephone Field,recover-20221013,001,1795
819.9785,819.9933,18593,23351,Nyctalus noctula,0.012,0.023,-1,Echolocation,/mnt/ubna_data_02_mir/recover-20221013/UBNA_001/20221012_030000.WAV,Telephone Field,recover-20221013,001,1795
820.0015,820.0105,23750,32216,Nyctalus leisleri,0.008,0.027,-1,Echolocation,/mnt/ubna_data_02_mir/recover-20221013/UBNA_001/20221012_030000.WAV,Telephone Field,recover-20221013,001,1795
820.0015,820.0339,69296,81319,Rhinolophus ferrumequinum,0.026,0.026,-1,Echolocation,/mnt/ubna_data_02_mir/recover-20221013/UBNA_001/20221012_030000.WAV,Telephone Field,recover-20221013,001,1795
820.0085,820.0502,68437,82263,Rhinolophus ferrumequinum,0.023,0.023,-1,Echolocation,/mnt/ubna_data_02_mir/recover-20221013/UBNA_001/20221012_030000.WAV,Telephone Field,recover-20221013,001,1795
820.0155,820.056,68437,82658,Rhinolophus ferrumequinum,0.026,0.026,-1,Echolocation,/mnt/ubna_data_02_mir/recover-20221013/UBNA_001/20221012_030000.WAV,Telephone Field,recover-20221013,001,1795
820.0575,820.0976,68437,82093,Rhinolophus ferrumequinum,0.021,0.021,-1,Echolocation,/mnt/ubna_data_02_mir/recover-20221013/UBNA_001/20221012_030000.WAV,Telephone Field,recover-20221013,001,1795
820.0675,820.1038,68437,81973,Rhinolophus ferrumequinum,0.021,0.021,-1,Echolocation,/mnt/ubna_data_02_mir/recover-20221013/UBNA_001/20221012_030000.WAV,Telephone Field,recover-20221013,001,1795
820.0855,820.0947,22890,29298,Plecotus austriacus,0.008,0.022,-1,Echolocation,/mnt/ubna_data_02_mir/recover-20221013/UBNA_001/20221012_030000.WAV,Telephone Field,recover-20221013,001,1795
820.0975,820.1344,68437,81425,Rhinolophus ferrumequinum,0.023,0.023,-1,Echolocation,/mnt/ubna_data_02_mir/recover-20221013/UBNA_001/20221012_030000.WAV,Telephone Field,recover-20221013,001,1795
820.1345,820.1431,28906,37058,Eptesicus serotinus,0.011,0.025,-1,Echolocation,/mnt/ubna_data_02_mir/recover-20221013/UBNA_001/20221012_030000.WAV,Telephone Field,recover-20221013,001,1795
820.1405,820.1502,22031,27505,Nyctalus leisleri,0.008,0.021,-1,Echolocation,/mnt/ubna_data_02_mir/recover-20221013/UBNA_001/20221012_030000.WAV,Telephone Field,recover-20221013,001,1795
820.1585,820.1979,68437,82360,Rhinolophus ferrumequinum,0.026,0.026,-1,Echolocation,/mnt/ubna_data_02_mir/recover-20221013/UBNA_001/20221012_030000.WAV,Telephone Field,recover-20221013,001,1795
820.1625,820.1713,22890,30087,Plecotus austriacus,0.009,0.026,-1,Echolocation,/mnt/ubna_data_02_mir/recover-20221013/UBNA_001/20221012_030000.WAV,Telephone Field,recover-20221013,001,1795
820.1915,820.2005,23750,31200,Nyctalus leisleri,0.006,0.021,-1,Echolocation,/mnt/ubna_data_02_mir/recover-20221013/UBNA_001/20221012_030000.WAV,Telephone Field,recover-20221013,001,1795
820.2535,820.2613,24609,33068,Plecotus austriacus,0.007,0.025,-1,Echolocation,/mnt/ubna_data_02_mir/recover-20221013/UBNA_001/20221012_030000.WAV,Telephone Field,recover-20221013,001,1795
820.2755,820.3155,68437,82756,Rhinolophus ferrumequinum,0.031,0.031,-1,Echolocation,/mnt/ubna_data_02_mir/recover-20221013/UBNA_001/20221012_030000.WAV,Telephone Field,recover-20221013,001,1795
820.3305,820.3425,28906,35968,Eptesicus serotinus,0.015,0.028,-1,Echolocation,/mnt/ubna_data_02_mir/recover-20221013/UBNA_001/20221012_030000.WAV,Telephone Field,recover-20221013,001,1795
820.3375,820.3789,68437,82748,Rhinolophus ferrumequinum,0.023,0.023,-1,Echolocation,/mnt/ubna_data_02_mir/recover-20221013/UBNA_001/20221012_030000.WAV,Telephone Field,recover-20221013,001,1795
820.3495,820.3887,68437,82515,Rhinolophus ferrumequinum,0.022,0.022,-1,Echolocation,/mnt/ubna_data_02_mir/recover-20221013/UBNA_001/20221012_030000.WAV,Telephone Field,recover-20221013,001,1795
820.3775,820.417,68437,81675,Rhinolophus ferrumequinum,0.022,0.022,-1,Echolocation,/mnt/ubna_data_02_mir/recover-20221013/UBNA_001/20221012_030000.WAV,Telephone Field,recover-20221013,001,1795
820.3815,820.3906,28046,39461,Eptesicus serotinus,0.01,0.024,-1,Echolocation,/mnt/ubna_data_02_mir/recover-20221013/UBNA_001/20221012_030000.WAV,Telephone Field,recover-20221013,001,1795
820.3845,820.426,68437,82478,Rhinolophus ferrumequinum,0.023,0.023,-1,Echolocation,/mnt/ubna_data_02_mir/recover-20221013/UBNA_001/20221012_030000.WAV,Telephone Field,recover-20221013,001,1795
820.3955,820.4311,68437,81326,Rhinolophus ferrumequinum,0.022,0.022,-1,Echolocation,/mnt/ubna_data_02_mir/recover-20221013/UBNA_001/20221012_030000.WAV,Telephone Field,recover-20221013,001,1795
820.4005,820.4384,68437,81356,Rhinolophus ferrumequinum,0.022,0.022,-1,Echolocation,/mnt/ubna_data_02_mir/recover-20221013/UBNA_001/20221012_030000.WAV,Telephone Field,recover-20221013,001,1795
820.4185,820.4567,68437,82417,Rhinolophus ferrumequinum,0.026,0.026,-1,Echolocation,/mnt/ubna_data_02_mir/recover-20221013/UBNA_001/20221012_030000.WAV,Telephone Field,recover-20221013,001,1795
820.4365,820.4759,68437,82277,Rhinolophus ferrumequinum,0.022,0.022,-1,Echolocation,/mnt/ubna_data_02_mir/recover-20221013/UBNA_001/20221012_030000.WAV,Telephone Field,recover-20221013,001,1795
820.4385,820.4468,25468,34955,Eptesicus serotinus,0.007,0.024,-1,Echolocation,/mnt/ubna_data_02_mir/recover-20221013/UBNA_001/20221012_030000.WAV,Telephone Field,recover-20221013,001,1795
820.4565,820.4974,68437,83040,Rhinolophus ferrumequinum,0.024,0.024,-1,Echolocation,/mnt/ubna_data_02_mir/recover-20221013/UBNA_001/20221012_030000.WAV,Telephone Field,recover-20221013,001,1795
820.4725,820.5153,68437,83068,Rhinolophus ferrumequinum,0.024,0.024,-1,Echolocation,/mnt/ubna_data_02_mir/recover-20221013/UBNA_001/20221012_030000.WAV,Telephone Field,recover-20221013,001,1795
820.5095,820.5181,28906,38354,Eptesicus serotinus,0.008,0.023,-1,Echolocation,/mnt/ubna_data_02_mir/recover-20221013/UBNA_001/20221012_030000.WAV,Telephone Field,recover-20221013,001,1795
820.5135,820.5239,22031,27305,Nyctalus leisleri,0.009,0.023,-1,Echolocation,/mnt/ubna_data_02_mir/recover-20221013/UBNA_001/20221012_030000.WAV,Telephone Field,recover-20221013,001,1795
820.5405,820.5804,68437,82023,Rhinolophus ferrumequinum,0.022,0.022,-1,Echolocation,/mnt/ubna_data_02_mir/recover-20221013/UBNA_001/20221012_030000.WAV,Telephone Field,recover-20221013,001,1795
820.5445,820.5542,24609,31894,Eptesicus serotinus,0.008,0.026,-1,Echolocation,/mnt/ubna_data_02_mir/recover-20221013/UBNA_001/20221012_030000.WAV,Telephone Field,recover-20221013,001,1795
820.5475,820.5873,68437,82423,Rhinolophus ferrumequinum,0.021,0.021,-1,Echolocation,/mnt/ubna_data_02_mir/recover-20221013/UBNA_001/20221012_030000.WAV,Telephone Field,recover-20221013,001,1795
820.5845,820.6023,20312,23503,Nyctalus leisleri,0.016,0.03,-1,Echolocation,/mnt/ubna_data_02_mir/recover-20221013/UBNA_001/20221012_030000.WAV,Telephone Field,recover-20221013,001,1795
820.5915,820.6305,68437,82802,Rhinolophus ferrumequinum,0.023,0.023,-1,Echolocation,/mnt/ubna_data_02_mir/recover-20221013/UBNA_001/20221012_030000.WAV,Telephone Field,recover-20221013,001,1795
820.5945,820.602,28046,42274,Eptesicus serotinus,0.007,0.021,-1,Echolocation,/mnt/ubna_data_02_mir/recover-20221013/UBNA_001/20221012_030000.WAV,Telephone Field,recover-20221013,001,1795
820.6435,820.6833,68437,82323,Rhinolophus ferrumequinum,0.026,0.026,-1,Echolocation,/mnt/ubna_data_02_mir/recover-20221013/UBNA_001/20221012_030000.WAV,Telephone Field,recover-20221013,001,1795
820.6855,820.7273,68437,83347,Rhinolophus ferrumequinum,0.063,0.063,-1,Echolocation,/mnt/ubna_data_02_mir/recover-20221013/UBNA_001/20221012_030000.WAV,Telephone Field,recover-20221013,001,1795
820.7115,820.7227,30625,39953,Eptesicus serotinus,0.009,0.025,-1,Echolocation,/mnt/ubna_data_02_mir/recover-20221013/UBNA_001/20221012_030000.WAV,Telephone Field,recover-20221013,001,1795
820.7465,820.759,34062,39910,Pipistrellus nathusii,0.008,0.022,-1,Echolocation,/mnt/ubna_data_02_mir/recover-20221013/UBNA_001/20221012_030000.WAV,Telephone Field,recover-20221013,001,1795
820.7475,820.756,28906,37469,Eptesicus serotinus,0.006,0.021,-1,Echolocation,/mnt/ubna_data_02_mir/recover-20221013/UBNA_001/20221012_030000.WAV,Telephone Field,recover-20221013,001,1795
820.7935,820.8356,68437,82803,Rhinolophus ferrumequinum,0.029,0.029,-1,Echolocation,/mnt/ubna_data_02_mir/recover-20221013/UBNA_001/20221012_030000.WAV,Telephone Field,recover-20221013,001,1795
820.8185,820.8288,23750,30395,Nyctalus leisleri,0.008,0.023,-1,Echolocation,/mnt/ubna_data_02_mir/recover-20221013/UBNA_001/20221012_030000.WAV,Telephone Field,recover-20221013,001,1795
820.8405,820.8519,29765,34608,Eptesicus serotinus,0.01,0.023,-1,Echolocation,/mnt/ubna_data_02_mir/recover-20221013/UBNA_001/20221012_030000.WAV,Telephone Field,recover-20221013,001,1795
820.8455,820.8867,68437,82208,Rhinolophus ferrumequinum,0.022,0.022,-1,Echolocation,/mnt/ubna_data_02_mir/recover-20221013/UBNA_001/20221012_030000.WAV,Telephone Field,recover-20221013,001,1795
820.8505,820.8904,68437,82309,Rhinolophus ferrumequinum,0.022,0.022,-1,Echolocation,/mnt/ubna_data_02_mir/recover-20221013/UBNA_001/20221012_030000.WAV,Telephone Field,recover-20221013,001,1795
820.8635,820.9,68437,81667,Rhinolophus ferrumequinum,0.022,0.022,-1,Echolocation,/mnt/ubna_data_02_mir/recover-20221013/UBNA_001/20221012_030000.WAV,Telephone Field,recover-20221013,001,1795
820.8885,820.9004,28906,35732,Eptesicus serotinus,0.016,0.028,-1,Echolocation,/mnt/ubna_data_02_mir/recover-20221013/UBNA_001/20221012_030000.WAV,Telephone Field,recover-20221013,001,1795
820.8945,820.9331999999999,68437,82138,Rhinolophus ferrumequinum,0.023,0.023,-1,Echolocation,/mnt/ubna_data_02_mir/recover-20221013/UBNA_001/20221012_030000.WAV,Telephone Field,recover-20221013,001,1795
820.9175,820.9601,68437,83078,Rhinolophus ferrumequinum,0.021,0.021,-1,Echolocation,/mnt/ubna_data_02_mir/recover-20221013/UBNA_001/20221012_030000.WAV,Telephone Field,recover-20221013,001,1795
820.9355,820.9463,28906,33950,Eptesicus serotinus,0.04,0.073,-1,Echolocation,/mnt/ubna_data_02_mir/recover-20221013/UBNA_001/20221012_030000.WAV,Telephone Field,recover-20221013,001,1795
820.9445,820.9843,68437,82517,Rhinolophus ferrumequinum,0.024,0.024,-1,Echolocation,/mnt/ubna_data_02_mir/recover-20221013/UBNA_001/20221012_030000.WAV,Telephone Field,recover-20221013,001,1795
820.9745,820.9818,25468,35398,Eptesicus serotinus,0.005,0.022,-1,Echolocation,/mnt/ubna_data_02_mir/recover-20221013/UBNA_001/20221012_030000.WAV,Telephone Field,recover-20221013,001,1795
820.9745,821.0122,68437,81426,Rhinolophus ferrumequinum,0.021,0.021,-1,Echolocation,/mnt/ubna_data_02_mir/recover-20221013/UBNA_001/20221012_030000.WAV,Telephone Field,recover-20221013,001,1795
820.9865,821.0252,68437,82027,Rhinolophus ferrumequinum,0.022,0.022,-1,Echolocation,/mnt/ubna_data_02_mir/recover-20221013/UBNA_001/20221012_030000.WAV,Telephone Field,recover-20221013,001,1795
821.0795,821.0907,43515,47401,Pipistrellus pipistrellus,0.016,0.023,-1,Echolocation,/mnt/ubna_data_02_mir/recover-20221013/UBNA_001/20221012_030000.WAV,Telephone Field,recover-20221013,001,1795
821.0815,821.1187,68437,81815,Rhinolophus ferrumequinum,0.022,0.022,-1,Echolocation,/mnt/ubna_data_02_mir/recover-20221013/UBNA_001/20221012_030000.WAV,Telephone Field,recover-20221013,001,1795
821.1515,821.1585,27187,36271,Eptesicus serotinus,0.009,0.029,-1,Echolocation,/mnt/ubna_data_02_mir/recover-20221013/UBNA_001/20221012_030000.WAV,Telephone Field,recover-20221013,001,1795
821.1615,821.1682,28906,39776,Eptesicus serotinus,0.005,0.021,-1,Echolocation,/mnt/ubna_data_02_mir/recover-20221013/UBNA_001/20221012_030000.WAV,Telephone Field,recover-20221013,001,1795
821.1825,821.2222,68437,82657,Rhinolophus ferrumequinum,0.023,0.023,-1,Echolocation,/mnt/ubna_data_02_mir/recover-20221013/UBNA_001/20221012_030000.WAV,Telephone Field,recover-20221013,001,1795
821.1905,821.1983,23750,32149,Plecotus austriacus,0.009,0.022,-1,Echolocation,/mnt/ubna_data_02_mir/recover-20221013/UBNA_001/20221012_030000.WAV,Telephone Field,recover-20221013,001,1795
821.2635,821.2719,27187,39929,Eptesicus serotinus,0.009,0.022,-1,Echolocation,/mnt/ubna_data_02_mir/recover-20221013/UBNA_001/20221012_030000.WAV,Telephone Field,recover-20221013,001,1795
821.2945,821.3332,68437,81979,Rhinolophus ferrumequinum,0.021,0.021,-1,Echolocation,/mnt/ubna_data_02_mir/recover-20221013/UBNA_001/20221012_030000.WAV,Telephone Field,recover-20221013,001,1795
821.3115,821.3521,68437,82697,Rhinolophus ferrumequinum,0.021,0.021,-1,Echolocation,/mnt/ubna_data_02_mir/recover-20221013/UBNA_001/20221012_030000.WAV,Telephone Field,recover-20221013,001,1795
821.3365,821.347,46093,50023,Pipistrellus pipistrellus,0.022,0.024,-1,Echolocation,/mnt/ubna_data_02_mir/recover-20221013/UBNA_001/20221012_030000.WAV,Telephone Field,recover-20221013,001,1795
821.3405,821.3797,68437,82370,Rhinolophus ferrumequinum,0.023,0.023,-1,Echolocation,/mnt/ubna_data_02_mir/recover-20221013/UBNA_001/20221012_030000.WAV,Telephone Field,recover-20221013,001,1795
821.3675,821.3755,23750,33146,Plecotus austriacus,0.009,0.025,-1,Echolocation,/mnt/ubna_data_02_mir/recover-20221013/UBNA_001/20221012_030000.WAV,Telephone Field,recover-20221013,001,1795
821.4135,821.4238,14296,19983,Nyctalus noctula,0.011,0.022,-1,Echolocation,/mnt/ubna_data_02_mir/recover-20221013/UBNA_001/20221012_030000.WAV,Telephone Field,recover-20221013,001,1795
821.4155,821.4583,68437,83258,Rhinolophus ferrumequinum,0.032,0.032,-1,Echolocation,/mnt/ubna_data_02_mir/recover-20221013/UBNA_001/20221012_030000.WAV,Telephone Field,recover-20221013,001,1795
821.4335,821.4455,23750,29312,Nyctalus leisleri,0.01,0.025,-1,Echolocation,/mnt/ubna_data_02_mir/recover-20221013/UBNA_001/20221012_030000.WAV,Telephone Field,recover-20221013,001,1795
821.4345,821.4726,68437,81136,Rhinolophus ferrumequinum,0.022,0.022,-1,Echolocation,/mnt/ubna_data_02_mir/recover-20221013/UBNA_001/20221012_030000.WAV,Telephone Field,recover-20221013,001,1795
821.4415,821.4486,24609,36722,Plecotus austriacus,0.008,0.022,-1,Echolocation,/mnt/ubna_data_02_mir/recover-20221013/UBNA_001/20221012_030000.WAV,Telephone Field,recover-20221013,001,1795
821.4615,821.4708,24609,32001,Eptesicus serotinus,0.007,0.021,-1,Echolocation,/mnt/ubna_data_02_mir/recover-20221013/UBNA_001/20221012_030000.WAV,Telephone Field,recover-20221013,001,1795
821.4735,821.5093,68437,81221,Rhinolophus ferrumequinum,0.023,0.023,-1,Echolocation,/mnt/ubna_data_02_mir/recover-20221013/UBNA_001/20221012_030000.WAV,Telephone Field,recover-20221013,001,1795
821.4895,821.5286,68437,82058,Rhinolophus ferrumequinum,0.021,0.021,-1,Echolocation,/mnt/ubna_data_02_mir/recover-20221013/UBNA_001/20221012_030000.WAV,Telephone Field,recover-20221013,001,1795
821.5085,821.5169,23750,31649,Plecotus austriacus,0.009,0.024,-1,Echolocation,/mnt/ubna_data_02_mir/recover-20221013/UBNA_001/20221012_030000.WAV,Telephone Field,recover-20221013,001,1795
821.5225,821.5291,28906,39007,Eptesicus serotinus,0.025,0.063,-1,Echolocation,/mnt/ubna_data_02_mir/recover-20221013/UBNA_001/20221012_030000.WAV,Telephone Field,recover-20221013,001,1795
821.5325,821.5754,68437,82881,Rhinolophus ferrumequinum,0.033,0.033,-1,Echolocation,/mnt/ubna_data_02_mir/recover-20221013/UBNA_001/20221012_030000.WAV,Telephone Field,recover-20221013,001,1795
821.5535,821.5645,23750,29577,Nyctalus leisleri,0.014,0.032,-1,Echolocation,/mnt/ubna_data_02_mir/recover-20221013/UBNA_001/20221012_030000.WAV,Telephone Field,recover-20221013,001,1795
821.5725,821.6129,68437,82216,Rhinolophus ferrumequinum,0.023,0.023,-1,Echolocation,/mnt/ubna_data_02_mir/recover-20221013/UBNA_001/20221012_030000.WAV,Telephone Field,recover-20221013,001,1795
821.5985,821.6079,30625,39783,Eptesicus serotinus,0.007,0.021,-1,Echolocation,/mnt/ubna_data_02_mir/recover-20221013/UBNA_001/20221012_030000.WAV,Telephone Field,recover-20221013,001,1795
821.6165,821.656,68437,82507,Rhinolophus ferrumequinum,0.022,0.022,-1,Echolocation,/mnt/ubna_data_02_mir/recover-20221013/UBNA_001/20221012_030000.WAV,Telephone Field,recover-20221013,001,1795
821.6225,821.6621,68437,82372,Rhinolophus ferrumequinum,0.021,0.021,-1,Echolocation,/mnt/ubna_data_02_mir/recover-20221013/UBNA_001/20221012_030000.WAV,Telephone Field,recover-20221013,001,1795
821.6485,821.6857,68437,81780,Rhinolophus ferrumequinum,0.021,0.021,-1,Echolocation,/mnt/ubna_data_02_mir/recover-20221013/UBNA_001/20221012_030000.WAV,Telephone Field,recover-20221013,001,1795
821.6545,821.6622,28906,38636,Eptesicus serotinus,0.008,0.022,-1,Echolocation,/mnt/ubna_data_02_mir/recover-20221013/UBNA_001/20221012_030000.WAV,Telephone Field,recover-20221013,001,1795
821.6555,821.6942,68437,81655,Rhinolophus ferrumequinum,0.023,0.023,-1,Echolocation,/mnt/ubna_data_02_mir/recover-20221013/UBNA_001/20221012_030000.WAV,Telephone Field,recover-20221013,001,1795
821.6615,821.7006,68437,82283,Rhinolophus ferrumequinum,0.023,0.023,-1,Echolocation,/mnt/ubna_data_02_mir/recover-20221013/UBNA_001/20221012_030000.WAV,Telephone Field,recover-20221013,001,1795
821.7025,821.7414,68437,82395,Rhinolophus ferrumequinum,0.022,0.022,-1,Echolocation,/mnt/ubna_data_02_mir/recover-20221013/UBNA_001/20221012_030000.WAV,Telephone Field,recover-20221013,001,1795
821.7215,821.7601,68437,81892,Rhinolophus ferrumequinum,0.023,0.023,-1,Echolocation,/mnt/ubna_data_02_mir/recover-20221013/UBNA_001/20221012_030000.WAV,Telephone Field,recover-20221013,001,1795
821.7365,821.7439,28046,41989,Eptesicus serotinus,0.007,0.024,-1,Echolocation,/mnt/ubna_data_02_mir/recover-20221013/UBNA_001/20221012_030000.WAV,Telephone Field,recover-20221013,001,1795
821.7385,821.7785,68437,82713,Rhinolophus ferrumequinum,0.03,0.03,-1,Echolocation,/mnt/ubna_data_02_mir/recover-20221013/UBNA_001/20221012_030000.WAV,Telephone Field,recover-20221013,001,1795
821.7615,821.7797,20312,23586,Nyctalus leisleri,0.011,0.021,-1,Echolocation,/mnt/ubna_data_02_mir/recover-20221013/UBNA_001/20221012_030000.WAV,Telephone Field,recover-20221013,001,1795
821.7745,821.8116,68437,81398,Rhinolophus ferrumequinum,0.021,0.021,-1,Echolocation,/mnt/ubna_data_02_mir/recover-20221013/UBNA_001/20221012_030000.WAV,Telephone Field,recover-20221013,001,1795
821.8045,821.844,68437,82545,Rhinolophus ferrumequinum,0.026,0.026,-1,Echolocation,/mnt/ubna_data_02_mir/recover-20221013/UBNA_001/20221012_030000.WAV,Telephone Field,recover-20221013,001,1795
821.8315,821.8689,68437,81603,Rhinolophus ferrumequinum,0.022,0.022,-1,Echolocation,/mnt/ubna_data_02_mir/recover-20221013/UBNA_001/20221012_030000.WAV,Telephone Field,recover-20221013,001,1795
821.9145,821.9512,68437,82094,Rhinolophus ferrumequinum,0.021,0.021,-1,Echolocation,/mnt/ubna_data_02_mir/recover-20221013/UBNA_001/20221012_030000.WAV,Telephone Field,recover-20221013,001,1795
821.9525,821.9611,29765,41147,Eptesicus serotinus,0.007,0.021,-1,Echolocation,/mnt/ubna_data_02_mir/recover-20221013/UBNA_001/20221012_030000.WAV,Telephone Field,recover-20221013,001,1795
822.0015,822.0113,14296,21393,Nyctalus noctula,0.009,0.027,-1,Echolocation,/mnt/ubna_data_02_mir/recover-20221013/UBNA_001/20221012_030000.WAV,Telephone Field,recover-20221013,001,1795
822.0015,822.0101,21171,27749,Nyctalus leisleri,0.008,0.029,-1,Echolocation,/mnt/ubna_data_02_mir/recover-20221013/UBNA_001/20221012_030000.WAV,Telephone Field,recover-20221013,001,1795
822.0015,822.0347,68437,80643,Rhinolophus ferrumequinum,0.032,0.032,-1,Echolocation,/mnt/ubna_data_02_mir/recover-20221013/UBNA_001/20221012_030000.WAV,Telephone Field,recover-20221013,001,1795
822.0145,822.0549,68437,82333,Rhinolophus ferrumequinum,0.032,0.032,-1,Echolocation,/mnt/ubna_data_02_mir/recover-20221013/UBNA_001/20221012_030000.WAV,Telephone Field,recover-20221013,001,1795
822.0215,822.0299,28046,37765,Eptesicus serotinus,0.007,0.021,-1,Echolocation,/mnt/ubna_data_02_mir/recover-20221013/UBNA_001/20221012_030000.WAV,Telephone Field,recover-20221013,001,1795
822.0605,822.0973,68437,81340,Rhinolophus ferrumequinum,0.021,0.021,-1,Echolocation,/mnt/ubna_data_02_mir/recover-20221013/UBNA_001/20221012_030000.WAV,Telephone Field,recover-20221013,001,1795
822.0745,822.0806,28046,41276,Eptesicus serotinus,0.006,0.026,-1,Echolocation,/mnt/ubna_data_02_mir/recover-20221013/UBNA_001/20221012_030000.WAV,Telephone Field,recover-20221013,001,1795
822.0835,822.1202,68437,81708,Rhinolophus ferrumequinum,0.023,0.023,-1,Echolocation,/mnt/ubna_data_02_mir/recover-20221013/UBNA_001/20221012_030000.WAV,Telephone Field,recover-20221013,001,1795
822.0985,822.1063,28046,39748,Eptesicus serotinus,0.008,0.021,-1,Echolocation,/mnt/ubna_data_02_mir/recover-20221013/UBNA_001/20221012_030000.WAV,Telephone Field,recover-20221013,001,1795
822.1255,822.1645,68437,82822,Rhinolophus ferrumequinum,0.024,0.024,-1,Echolocation,/mnt/ubna_data_02_mir/recover-20221013/UBNA_001/20221012_030000.WAV,Telephone Field,recover-20221013,001,1795
822.1515,822.1848,68437,80595,Rhinolophus ferrumequinum,0.021,0.021,-1,Echolocation,/mnt/ubna_data_02_mir/recover-20221013/UBNA_001/20221012_030000.WAV,Telephone Field,recover-20221013,001,1795
822.1645,822.2056,68437,82501,Rhinolophus ferrumequinum,0.023,0.023,-1,Echolocation,/mnt/ubna_data_02_mir/recover-20221013/UBNA_001/20221012_030000.WAV,Telephone Field,recover-20221013,001,1795
822.2245,822.2647,68437,82293,Rhinolophus ferrumequinum,0.028,0.028,-1,Echolocation,/mnt/ubna_data_02_mir/recover-20221013/UBNA_001/20221012_030000.WAV,Telephone Field,recover-20221013,001,1795
822.2375,822.2486,24609,30665,Nyctalus leisleri,0.009,0.025,-1,Echolocation,/mnt/ubna_data_02_mir/recover-20221013/UBNA_001/20221012_030000.WAV,Telephone Field,recover-20221013,001,1795
822.2525,822.2911,68437,82787,Rhinolophus ferrumequinum,0.029,0.029,-1,Echolocation,/mnt/ubna_data_02_mir/recover-20221013/UBNA_001/20221012_030000.WAV,Telephone Field,recover-20221013,001,1795
822.2705,822.2791,25468,34466,Eptesicus serotinus,0.008,0.023,-1,Echolocation,/mnt/ubna_data_02_mir/recover-20221013/UBNA_001/20221012_030000.WAV,Telephone Field,recover-20221013,001,1795
822.3015,822.3406,68437,81977,Rhinolophus ferrumequinum,0.022,0.022,-1,Echolocation,/mnt/ubna_data_02_mir/recover-20221013/UBNA_001/20221012_030000.WAV,Telephone Field,recover-20221013,001,1795
822.3105,822.3499,68437,82450,Rhinolophus ferrumequinum,0.022,0.022,-1,Echolocation,/mnt/ubna_data_02_mir/recover-20221013/UBNA_001/20221012_030000.WAV,Telephone Field,recover-20221013,001,1795
822.3145,822.322,46953,56571,Pipistrellus pipistrellus,0.019,0.026,-1,Echolocation,/mnt/ubna_data_02_mir/recover-20221013/UBNA_001/20221012_030000.WAV,Telephone Field,recover-20221013,001,1795
822.3415,822.3819,68437,83092,Rhinolophus ferrumequinum,0.027,0.027,-1,Echolocation,/mnt/ubna_data_02_mir/recover-20221013/UBNA_001/20221012_030000.WAV,Telephone Field,recover-20221013,001,1795
822.3985,822.4384,68437,82037,Rhinolophus ferrumequinum,0.022,0.023,-1,Echolocation,/mnt/ubna_data_02_mir/recover-20221013/UBNA_001/20221012_030000.WAV,Telephone Field,recover-20221013,001,1795
822.4505,822.4605,22031,27082,Nyctalus leisleri,0.008,0.021,-1,Echolocation,/mnt/ubna_data_02_mir/recover-20221013/UBNA_001/20221012_030000.WAV,Telephone Field,recover-20221013,001,1795
822.4645,822.472,23750,31505,Plecotus austriacus,0.009,0.021,-1,Echolocation,/mnt/ubna_data_02_mir/recover-20221013/UBNA_001/20221012_030000.WAV,Telephone Field,recover-20221013,001,1795
822.4955,822.5026,28046,40184,Eptesicus serotinus,0.007,0.023,-1,Echolocation,/mnt/ubna_data_02_mir/recover-20221013/UBNA_001/20221012_030000.WAV,Telephone Field,recover-20221013,001,1795
822.5205,822.5622,68437,82423,Rhinolophus ferrumequinum,0.023,0.023,-1,Echolocation,/mnt/ubna_data_02_mir/recover-20221013/UBNA_001/20221012_030000.WAV,Telephone Field,recover-20221013,001,1795
822.5395,822.5465,25468,38867,Myotis nattereri,0.005,0.022,-1,Echolocation,/mnt/ubna_data_02_mir/recover-20221013/UBNA_001/20221012_030000.WAV,Telephone Field,recover-20221013,001,1795
822.5415,822.5789,68437,81158,Rhinolophus ferrumequinum,0.021,0.021,-1,Echolocation,/mnt/ubna_data_02_mir/recover-20221013/UBNA_001/20221012_030000.WAV,Telephone Field,recover-20221013,001,1795
822.5485,822.5554,47812,51964,Pipistrellus pipistrellus,0.023,0.024,-1,Echolocation,/mnt/ubna_data_02_mir/recover-20221013/UBNA_001/20221012_030000.WAV,Telephone Field,recover-20221013,001,1795
822.5485,822.559,22890,28771,Nyctalus leisleri,0.009,0.024,-1,Echolocation,/mnt/ubna_data_02_mir/recover-20221013/UBNA_001/20221012_030000.WAV,Telephone Field,recover-20221013,001,1795
822.5875,822.6028,21171,25831,Nyctalus leisleri,0.02,0.048,-1,Echolocation,/mnt/ubna_data_02_mir/recover-20221013/UBNA_001/20221012_030000.WAV,Telephone Field,recover-20221013,001,1795
822.5975,822.6306,68437,81072,Rhinolophus ferrumequinum,0.021,0.021,-1,Echolocation,/mnt/ubna_data_02_mir/recover-20221013/UBNA_001/20221012_030000.WAV,Telephone Field,recover-20221013,001,1795
822.6155,822.6556,68437,81905,Rhinolophus ferrumequinum,0.023,0.023,-1,Echolocation,/mnt/ubna_data_02_mir/recover-20221013/UBNA_001/20221012_030000.WAV,Telephone Field,recover-20221013,001,1795
822.6325,822.6757,68437,83128,Rhinolophus ferrumequinum,0.035,0.035,-1,Echolocation,/mnt/ubna_data_02_mir/recover-20221013/UBNA_001/20221012_030000.WAV,Telephone Field,recover-20221013,001,1795
822.6875,822.6949,28046,38338,Eptesicus serotinus,0.009,0.026,-1,Echolocation,/mnt/ubna_data_02_mir/recover-20221013/UBNA_001/20221012_030000.WAV,Telephone Field,recover-20221013,001,1795
822.6975,822.7366,68437,82454,Rhinolophus ferrumequinum,0.024,0.024,-1,Echolocation,/mnt/ubna_data_02_mir/recover-20221013/UBNA_001/20221012_030000.WAV,Telephone Field,recover-20221013,001,1795
822.6985,822.7074,28046,36982,Eptesicus serotinus,0.008,0.021,-1,Echolocation,/mnt/ubna_data_02_mir/recover-20221013/UBNA_001/20221012_030000.WAV,Telephone Field,recover-20221013,001,1795
822.7595,822.7987,68437,82288,Rhinolophus ferrumequinum,0.021,0.021,-1,Echolocation,/mnt/ubna_data_02_mir/recover-20221013/UBNA_001/20221012_030000.WAV,Telephone Field,recover-20221013,001,1795
822.7605,822.7703,22890,28839,Nyctalus leisleri,0.009,0.021,-1,Echolocation,/mnt/ubna_data_02_mir/recover-20221013/UBNA_001/20221012_030000.WAV,Telephone Field,recover-20221013,001,1795
822.7725,822.8084,68437,81468,Rhinolophus ferrumequinum,0.021,0.021,-1,Echolocation,/mnt/ubna_data_02_mir/recover-20221013/UBNA_001/20221012_030000.WAV,Telephone Field,recover-20221013,001,1795
822.7805,822.7903,28046,36776,Eptesicus serotinus,0.012,0.025,-1,Echolocation,/mnt/ubna_data_02_mir/recover-20221013/UBNA_001/20221012_030000.WAV,Telephone Field,recover-20221013,001,1795
822.7905,822.7973,34062,42749,Myotis daubentonii,0.007,0.021,-1,Echolocation,/mnt/ubna_data_02_mir/recover-20221013/UBNA_001/20221012_030000.WAV,Telephone Field,recover-20221013,001,1795
822.7915,822.799,28046,40083,Eptesicus serotinus,0.007,0.025,-1,Echolocation,/mnt/ubna_data_02_mir/recover-20221013/UBNA_001/20221012_030000.WAV,Telephone Field,recover-20221013,001,1795
822.7985,822.8371,68437,82010,Rhinolophus ferrumequinum,0.025,0.025,-1,Echolocation,/mnt/ubna_data_02_mir/recover-20221013/UBNA_001/20221012_030000.WAV,Telephone Field,recover-20221013,001,1795
822.8005,822.819,17734,21691,Nyctalus noctula,0.016,0.027,-1,Echolocation,/mnt/ubna_data_02_mir/recover-20221013/UBNA_001/20221012_030000.WAV,Telephone Field,recover-20221013,001,1795
822.8065,822.847,68437,82621,Rhinolophus ferrumequinum,0.024,0.024,-1,Echolocation,/mnt/ubna_data_02_mir/recover-20221013/UBNA_001/20221012_030000.WAV,Telephone Field,recover-20221013,001,1795
822.8315,822.8716,68437,82293,Rhinolophus ferrumequinum,0.023,0.023,-1,Echolocation,/mnt/ubna_data_02_mir/recover-20221013/UBNA_001/20221012_030000.WAV,Telephone Field,recover-20221013,001,1795
822.8495,822.8889,68437,82340,Rhinolophus ferrumequinum,0.021,0.021,-1,Echolocation,/mnt/ubna_data_02_mir/recover-20221013/UBNA_001/20221012_030000.WAV,Telephone Field,recover-20221013,001,1795
822.8685,822.8806,23750,29332,Nyctalus leisleri,0.012,0.028,-1,Echolocation,/mnt/ubna_data_02_mir/recover-20221013/UBNA_001/20221012_030000.WAV,Telephone Field,recover-20221013,001,1795
822.8815,822.9188,68437,81312,Rhinolophus ferrumequinum,0.02,0.021,-1,Echolocation,/mnt/ubna_data_02_mir/recover-20221013/UBNA_001/20221012_030000.WAV,Telephone Field,recover-20221013,001,1795
822.8865,822.9073,19453,22574,Nyctalus leisleri,0.018,0.035,-1,Echolocation,/mnt/ubna_data_02_mir/recover-20221013/UBNA_001/20221012_030000.WAV,Telephone Field,recover-20221013,001,1795
822.9005,822.9115,22890,27473,Nyctalus leisleri,0.013,0.025,-1,Echolocation,/mnt/ubna_data_02_mir/recover-20221013/UBNA_001/20221012_030000.WAV,Telephone Field,recover-20221013,001,1795
822.9025,822.9389,68437,81955,Rhinolophus ferrumequinum,0.023,0.023,-1,Echolocation,/mnt/ubna_data_02_mir/recover-20221013/UBNA_001/20221012_030000.WAV,Telephone Field,recover-20221013,001,1795
822.9165,822.9238,28046,39604,Eptesicus serotinus,0.006,0.021,-1,Echolocation,/mnt/ubna_data_02_mir/recover-20221013/UBNA_001/20221012_030000.WAV,Telephone Field,recover-20221013,001,1795
822.9345,822.9689,68437,80797,Rhinolophus ferrumequinum,0.025,0.025,-1,Echolocation,/mnt/ubna_data_02_mir/recover-20221013/UBNA_001/20221012_030000.WAV,Telephone Field,recover-20221013,001,1795
822.9405,822.9504,28906,36665,Eptesicus serotinus,0.008,0.021,-1,Echolocation,/mnt/ubna_data_02_mir/recover-20221013/UBNA_001/20221012_030000.WAV,Telephone Field,recover-20221013,001,1795
822.9755,823.014,68437,81505,Rhinolophus ferrumequinum,0.032,0.032,-1,Echolocation,/mnt/ubna_data_02_mir/recover-20221013/UBNA_001/20221012_030000.WAV,Telephone Field,recover-20221013,001,1795
823.0125,823.0201,28046,38962,Eptesicus serotinus,0.006,0.02,-1,Echolocation,/mnt/ubna_data_02_mir/recover-20221013/UBNA_001/20221012_030000.WAV,Telephone Field,recover-20221013,001,1795
823.0535,823.091,68437,81754,Rhinolophus ferrumequinum,0.021,0.021,-1,Echolocation,/mnt/ubna_data_02_mir/recover-20221013/UBNA_001/20221012_030000.WAV,Telephone Field,recover-20221013,001,1795
823.0585,823.0676,28046,38085,Eptesicus serotinus,0.007,0.021,-1,Echolocation,/mnt/ubna_data_02_mir/recover-20221013/UBNA_001/20221012_030000.WAV,Telephone Field,recover-20221013,001,1795
823.0645,823.073,49531,53750,Pipistrellus pipistrellus,0.018,0.021,-1,Echolocation,/mnt/ubna_data_02_mir/recover-20221013/UBNA_001/20221012_030000.WAV,Telephone Field,recover-20221013,001,1795
823.0785,823.1165,68437,81727,Rhinolophus ferrumequinum,0.02,0.02,-1,Echolocation,/mnt/ubna_data_02_mir/recover-20221013/UBNA_001/20221012_030000.WAV,Telephone Field,recover-20221013,001,1795
823.1005,823.1378,68437,82150,Rhinolophus ferrumequinum,0.029,0.029,-1,Echolocation,/mnt/ubna_data_02_mir/recover-20221013/UBNA_001/20221012_030000.WAV,Telephone Field,recover-20221013,001,1795
823.1125,823.1529,68437,81755,Rhinolophus ferrumequinum,0.026,0.027,-1,Echolocation,/mnt/ubna_data_02_mir/recover-20221013/UBNA_001/20221012_030000.WAV,Telephone Field,recover-20221013,001,1795
823.1545,823.164,27187,37011,Eptesicus serotinus,0.009,0.021,-1,Echolocation,/mnt/ubna_data_02_mir/recover-20221013/UBNA_001/20221012_030000.WAV,Telephone Field,recover-20221013,001,1795
823.1555,823.197,68437,82316,Rhinolophus ferrumequinum,0.028,0.028,-1,Echolocation,/mnt/ubna_data_02_mir/recover-20221013/UBNA_001/20221012_030000.WAV,Telephone Field,recover-20221013,001,1795
823.1685,823.1768,27187,38334,Eptesicus serotinus,0.007,0.021,-1,Echolocation,/mnt/ubna_data_02_mir/recover-20221013/UBNA_001/20221012_030000.WAV,Telephone Field,recover-20221013,001,1795
823.1825,823.1893,50390,56997,Pipistrellus pipistrellus,0.02,0.022,-1,Echolocation,/mnt/ubna_data_02_mir/recover-20221013/UBNA_001/20221012_030000.WAV,Telephone Field,recover-20221013,001,1795
823.2005,823.2115,58125,63213,Pipistrellus pygmaeus,0.059,0.061,-1,Echolocation,/mnt/ubna_data_02_mir/recover-20221013/UBNA_001/20221012_030000.WAV,Telephone Field,recover-20221013,001,1795
823.2205,823.2607,68437,82405,Rhinolophus ferrumequinum,0.022,0.022,-1,Echolocation,/mnt/ubna_data_02_mir/recover-20221013/UBNA_001/20221012_030000.WAV,Telephone Field,recover-20221013,001,1795
823.2245,823.2322,28906,39765,Eptesicus serotinus,0.008,0.026,-1,Echolocation,/mnt/ubna_data_02_mir/recover-20221013/UBNA_001/20221012_030000.WAV,Telephone Field,recover-20221013,001,1795
823.2385,823.2783,68437,82238,Rhinolophus ferrumequinum,0.027,0.027,-1,Echolocation,/mnt/ubna_data_02_mir/recover-20221013/UBNA_001/20221012_030000.WAV,Telephone Field,recover-20221013,001,1795
823.2955,823.3332,68437,82009,Rhinolophus ferrumequinum,0.021,0.021,-1,Echolocation,/mnt/ubna_data_02_mir/recover-20221013/UBNA_001/20221012_030000.WAV,Telephone Field,recover-20221013,001,1795
823.3055,823.3452,68437,81642,Rhinolophus ferrumequinum,0.022,0.022,-1,Echolocation,/mnt/ubna_data_02_mir/recover-20221013/UBNA_001/20221012_030000.WAV,Telephone Field,recover-20221013,001,1795
823.3135,823.3547,68437,82396,Rhinolophus ferrumequinum,0.022,0.022,-1,Echolocation,/mnt/ubna_data_02_mir/recover-20221013/UBNA_001/20221012_030000.WAV,Telephone Field,recover-20221013,001,1795
823.3315,823.3421,23750,29524,Nyctalus leisleri,0.009,0.021,-1,Echolocation,/mnt/ubna_data_02_mir/recover-20221013/UBNA_001/20221012_030000.WAV,Telephone Field,recover-20221013,001,1795
823.3455,823.3848,68437,82160,Rhinolophus ferrumequinum,0.023,0.023,-1,Echolocation,/mnt/ubna_data_02_mir/recover-20221013/UBNA_001/20221012_030000.WAV,Telephone Field,recover-20221013,001,1795
823.3645,823.4041,68437,81908,Rhinolophus ferrumequinum,0.021,0.021,-1,Echolocation,/mnt/ubna_data_02_mir/recover-20221013/UBNA_001/20221012_030000.WAV,Telephone Field,recover-20221013,001,1795
823.3975,823.4384,68437,82812,Rhinolophus ferrumequinum,0.027,0.027,-1,Echolocation,/mnt/ubna_data_02_mir/recover-20221013/UBNA_001/20221012_030000.WAV,Telephone Field,recover-20221013,001,1795
823.4665,823.4764,29765,38193,Eptesicus serotinus,0.01,0.025,-1,Echolocation,/mnt/ubna_data_02_mir/recover-20221013/UBNA_001/20221012_030000.WAV,Telephone Field,recover-20221013,001,1795
823.4675,823.5015,68437,81365,Rhinolophus ferrumequinum,0.02,0.02,-1,Echolocation,/mnt/ubna_data_02_mir/recover-20221013/UBNA_001/20221012_030000.WAV,Telephone Field,recover-20221013,001,1795
823.4795,823.5161,68437,81857,Rhinolophus ferrumequinum,0.021,0.021,-1,Echolocation,/mnt/ubna_data_02_mir/recover-20221013/UBNA_001/20221012_030000.WAV,Telephone Field,recover-20221013,001,1795
823.4865,823.4948,28046,39823,Eptesicus serotinus,0.01,0.024,-1,Echolocation,/mnt/ubna_data_02_mir/recover-20221013/UBNA_001/20221012_030000.WAV,Telephone Field,recover-20221013,001,1795
823.5145,823.5227,37500,43820,Myotis daubentonii,0.007,0.022,-1,Echolocation,/mnt/ubna_data_02_mir/recover-20221013/UBNA_001/20221012_030000.WAV,Telephone Field,recover-20221013,001,1795
823.5175,823.5252,28046,38784,Eptesicus serotinus,0.007,0.022,-1,Echolocation,/mnt/ubna_data_02_mir/recover-20221013/UBNA_001/20221012_030000.WAV,Telephone Field,recover-20221013,001,1795
823.5195,823.557,68437,82255,Rhinolophus ferrumequinum,0.023,0.023,-1,Echolocation,/mnt/ubna_data_02_mir/recover-20221013/UBNA_001/20221012_030000.WAV,Telephone Field,recover-20221013,001,1795
823.5295,823.5636,68437,81562,Rhinolophus ferrumequinum,0.022,0.022,-1,Echolocation,/mnt/ubna_data_02_mir/recover-20221013/UBNA_001/20221012_030000.WAV,Telephone Field,recover-20221013,001,1795
823.5765,823.6129,68437,82102,Rhinolophus ferrumequinum,0.023,0.023,-1,Echolocation,/mnt/ubna_data_02_mir/recover-20221013/UBNA_001/20221012_030000.WAV,Telephone Field,recover-20221013,001,1795
823.5895,823.6224,68437,80626,Rhinolophus ferrumequinum,0.022,0.022,-1,Echolocation,/mnt/ubna_data_02_mir/recover-20221013/UBNA_001/20221012_030000.WAV,Telephone Field,recover-20221013,001,1795
823.6645,823.7014,68437,81700,Rhinolophus ferrumequinum,0.022,0.022,-1,Echolocation,/mnt/ubna_data_02_mir/recover-20221013/UBNA_001/20221012_030000.WAV,Telephone Field,recover-20221013,001,1795
823.7055,823.7132,46953,50162,Pipistrellus pipistrellus,0.029,0.031,-1,Echolocation,/mnt/ubna_data_02_mir/recover-20221013/UBNA_001/20221012_030000.WAV,Telephone Field,recover-20221013,001,1795
823.7085,823.7487,68437,82955,Rhinolophus ferrumequinum,0.028,0.028,-1,Echolocation,/mnt/ubna_data_02_mir/recover-20221013/UBNA_001/20221012_030000.WAV,Telephone Field,recover-20221013,001,1795
823.7185,823.758,68437,82382,Rhinolophus ferrumequinum,0.026,0.026,-1,Echolocation,/mnt/ubna_data_02_mir/recover-20221013/UBNA_001/20221012_030000.WAV,Telephone Field,recover-20221013,001,1795
823.7235,823.7623,68437,82405,Rhinolophus ferrumequinum,0.025,0.025,-1,Echolocation,/mnt/ubna_data_02_mir/recover-20221013/UBNA_001/20221012_030000.WAV,Telephone Field,recover-20221013,001,1795
823.7395,823.751,24609,30894,Nyctalus leisleri,0.01,0.026,-1,Echolocation,/mnt/ubna_data_02_mir/recover-20221013/UBNA_001/20221012_030000.WAV,Telephone Field,recover-20221013,001,1795
823.7455,823.7859,68437,82469,Rhinolophus ferrumequinum,0.024,0.024,-1,Echolocation,/mnt/ubna_data_02_mir/recover-20221013/UBNA_001/20221012_030000.WAV,Telephone Field,recover-20221013,001,1795
823.7475,823.7569,28906,37866,Eptesicus serotinus,0.01,0.027,-1,Echolocation,/mnt/ubna_data_02_mir/recover-20221013/UBNA_001/20221012_030000.WAV,Telephone Field,recover-20221013,001,1795
823.7955,823.8336,68437,82024,Rhinolophus ferrumequinum,0.021,0.021,-1,Echolocation,/mnt/ubna_data_02_mir/recover-20221013/UBNA_001/20221012_030000.WAV,Telephone Field,recover-20221013,001,1795
823.8075,823.8463,68437,81606,Rhinolophus ferrumequinum,0.021,0.021,-1,Echolocation,/mnt/ubna_data_02_mir/recover-20221013/UBNA_001/20221012_030000.WAV,Telephone Field,recover-20221013,001,1795
823.8615,823.87,28046,38163,Eptesicus serotinus,0.009,0.024,-1,Echolocation,/mnt/ubna_data_02_mir/recover-20221013/UBNA_001/20221012_030000.WAV,Telephone Field,recover-20221013,001,1795
823.8855,823.923,68437,81803,Rhinolophus ferrumequinum,0.02,0.02,-1,Echolocation,/mnt/ubna_data_02_mir/recover-20221013/UBNA_001/20221012_030000.WAV,Telephone Field,recover-20221013,001,1795
823.9255,823.9346,22890,29650,Plecotus austriacus,0.008,0.022,-1,Echolocation,/mnt/ubna_data_02_mir/recover-20221013/UBNA_001/20221012_030000.WAV,Telephone Field,recover-20221013,001,1795
823.9265,823.9335,28046,39281,Eptesicus serotinus,0.006,0.023,-1,Echolocation,/mnt/ubna_data_02_mir/recover-20221013/UBNA_001/20221012_030000.WAV,Telephone Field,recover-20221013,001,1795
823.9595,823.9998,68437,82365,Rhinolophus ferrumequinum,0.026,0.026,-1,Echolocation,/mnt/ubna_data_02_mir/recover-20221013/UBNA_001/20221012_030000.WAV,Telephone Field,recover-20221013,001,1795
823.9805,823.9899,28046,37516,Eptesicus serotinus,0.008,0.021,-1,Echolocation,/mnt/ubna_data_02_mir/recover-20221013/UBNA_001/20221012_030000.WAV,Telephone Field,recover-20221013,001,1795
823.9835,823.9946,22031,27637,Nyctalus leisleri,0.008,0.022,-1,Echolocation,/mnt/ubna_data_02_mir/recover-20221013/UBNA_001/20221012_030000.WAV,Telephone Field,recover-20221013,001,1795
824.0015,824.0165,20312,25825,Nyctalus noctula,0.013,0.033,-1,Echolocation,/mnt/ubna_data_02_mir/recover-20221013/UBNA_001/20221012_030000.WAV,Telephone Field,recover-20221013,001,1795
824.0015,824.0321,69296,81631,Rhinolophus ferrumequinum,0.03,0.03,-1,Echolocation,/mnt/ubna_data_02_mir/recover-20221013/UBNA_001/20221012_030000.WAV,Telephone Field,recover-20221013,001,1795
824.0025,824.0149,52968,58563,Pipistrellus pygmaeus,0.028,0.029,-1,Echolocation,/mnt/ubna_data_02_mir/recover-20221013/UBNA_001/20221012_030000.WAV,Telephone Field,recover-20221013,001,1795
824.0155,824.022,25468,36888,Plecotus austriacus,0.007,0.026,-1,Echolocation,/mnt/ubna_data_02_mir/recover-20221013/UBNA_001/20221012_030000.WAV,Telephone Field,recover-20221013,001,1795
824.0775,824.0892,22890,28389,Nyctalus leisleri,0.011,0.024,-1,Echolocation,/mnt/ubna_data_02_mir/recover-20221013/UBNA_001/20221012_030000.WAV,Telephone Field,recover-20221013,001,1795
824.1155,824.1566,68437,82645,Rhinolophus ferrumequinum,0.029,0.029,-1,Echolocation,/mnt/ubna_data_02_mir/recover-20221013/UBNA_001/20221012_030000.WAV,Telephone Field,recover-20221013,001,1795
824.1405,824.1511,24609,31267,Eptesicus serotinus,0.008,0.022,-1,Echolocation,/mnt/ubna_data_02_mir/recover-20221013/UBNA_001/20221012_030000.WAV,Telephone Field,recover-20221013,001,1795
824.1535,824.1912,68437,82375,Rhinolophus ferrumequinum,0.022,0.022,-1,Echolocation,/mnt/ubna_data_02_mir/recover-20221013/UBNA_001/20221012_030000.WAV,Telephone Field,recover-20221013,001,1795
824.1845,824.2277,68437,82674,Rhinolophus ferrumequinum,0.025,0.025,-1,Echolocation,/mnt/ubna_data_02_mir/recover-20221013/UBNA_001/20221012_030000.WAV,Telephone Field,recover-20221013,001,1795
824.1925,824.2344,68437,83110,Rhinolophus ferrumequinum,0.027,0.027,-1,Echolocation,/mnt/ubna_data_02_mir/recover-20221013/UBNA_001/20221012_030000.WAV,Telephone Field,recover-20221013,001,1795
824.2175,824.2584,68437,82692,Rhinolophus ferrumequinum,0.03,0.03,-1,Echolocation,/mnt/ubna_data_02_mir/recover-20221013/UBNA_001/20221012_030000.WAV,Telephone Field,recover-20221013,001,1795
824.2265,824.236,22031,28749,Plecotus austriacus,0.01,0.026,-1,Echolocation,/mnt/ubna_data_02_mir/recover-20221013/UBNA_001/20221012_030000.WAV,Telephone Field,recover-20221013,001,1795
824.2515,824.2637,22031,26664,Nyctalus leisleri,0.013,0.027,-1,Echolocation,/mnt/ubna_data_02_mir/recover-20221013/UBNA_001/20221012_030000.WAV,Telephone Field,recover-20221013,001,1795
824.2525,824.2609,43515,52832,Pipistrellus nathusii,0.007,0.028,-1,Echolocation,/mnt/ubna_data_02_mir/recover-20221013/UBNA_001/20221012_030000.WAV,Telephone Field,recover-20221013,001,1795
824.2725,824.3097,68437,81540,Rhinolophus ferrumequinum,0.023,0.023,-1,Echolocation,/mnt/ubna_data_02_mir/recover-20221013/UBNA_001/20221012_030000.WAV,Telephone Field,recover-20221013,001,1795
824.3245,824.3354,28906,36489,Eptesicus serotinus,0.015,0.029,-1,Echolocation,/mnt/ubna_data_02_mir/recover-20221013/UBNA_001/20221012_030000.WAV,Telephone Field,recover-20221013,001,1795
824.3245,824.3614,68437,81515,Rhinolophus ferrumequinum,0.024,0.024,-1,Echolocation,/mnt/ubna_data_02_mir/recover-20221013/UBNA_001/20221012_030000.WAV,Telephone Field,recover-20221013,001,1795
824.3475,824.3873,68437,82709,Rhinolophus ferrumequinum,0.025,0.025,-1,Echolocation,/mnt/ubna_data_02_mir/recover-20221013/UBNA_001/20221012_030000.WAV,Telephone Field,recover-20221013,001,1795
824.3535,824.3635,28046,37111,Eptesicus serotinus,0.009,0.023,-1,Echolocation,/mnt/ubna_data_02_mir/recover-20221013/UBNA_001/20221012_030000.WAV,Telephone Field,recover-20221013,001,1795
824.3975,824.4073,22890,29295,Nyctalus leisleri,0.009,0.023,-1,Echolocation,/mnt/ubna_data_02_mir/recover-20221013/UBNA_001/20221012_030000.WAV,Telephone Field,recover-20221013,001,1795
824.3995,824.4432,68437,83363,Rhinolophus ferrumequinum,0.048,0.048,-1,Echolocation,/mnt/ubna_data_02_mir/recover-20221013/UBNA_001/20221012_030000.WAV,Telephone Field,recover-20221013,001,1795
824.4235,824.4619,68437,82057,Rhinolophus ferrumequinum,0.024,0.024,-1,Echolocation,/mnt/ubna_data_02_mir/recover-20221013/UBNA_001/20221012_030000.WAV,Telephone Field,recover-20221013,001,1795
824.4425,824.4503,28046,40276,Eptesicus serotinus,0.008,0.022,-1,Echolocation,/mnt/ubna_data_02_mir/recover-20221013/UBNA_001/20221012_030000.WAV,Telephone Field,recover-20221013,001,1795
824.4755,824.4827,28046,38821,Eptesicus serotinus,0.007,0.024,-1,Echolocation,/mnt/ubna_data_02_mir/recover-20221013/UBNA_001/20221012_030000.WAV,Telephone Field,recover-20221013,001,1795
824.5035,824.5143,22890,27690,Nyctalus leisleri,0.011,0.022,-1,Echolocation,/mnt/ubna_data_02_mir/recover-20221013/UBNA_001/20221012_030000.WAV,Telephone Field,recover-20221013,001,1795
824.5305,824.571,68437,82220,Rhinolophus ferrumequinum,0.026,0.026,-1,Echolocation,/mnt/ubna_data_02_mir/recover-20221013/UBNA_001/20221012_030000.WAV,Telephone Field,recover-20221013,001,1795
824.5565,824.5675,23750,29125,Nyctalus leisleri,0.017,0.039,-1,Echolocation,/mnt/ubna_data_02_mir/recover-20221013/UBNA_001/20221012_030000.WAV,Telephone Field,recover-20221013,001,1795
824.5855,824.6247,68437,82010,Rhinolophus ferrumequinum,0.023,0.023,-1,Echolocation,/mnt/ubna_data_02_mir/recover-20221013/UBNA_001/20221012_030000.WAV,Telephone Field,recover-20221013,001,1795
824.6065,824.6184,28906,35518,Eptesicus serotinus,0.013,0.025,-1,Echolocation,/mnt/ubna_data_02_mir/recover-20221013/UBNA_001/20221012_030000.WAV,Telephone Field,recover-20221013,001,1795
824.6125,824.649,68437,81900,Rhinolophus ferrumequinum,0.029,0.029,-1,Echolocation,/mnt/ubna_data_02_mir/recover-20221013/UBNA_001/20221012_030000.WAV,Telephone Field,recover-20221013,001,1795
824.6195,824.6577,68437,82202,Rhinolophus ferrumequinum,0.023,0.023,-1,Echolocation,/mnt/ubna_data_02_mir/recover-20221013/UBNA_001/20221012_030000.WAV,Telephone Field,recover-20221013,001,1795
824.6355,824.6438,28046,38245,Eptesicus serotinus,0.008,0.024,-1,Echolocation,/mnt/ubna_data_02_mir/recover-20221013/UBNA_001/20221012_030000.WAV,Telephone Field,recover-20221013,001,1795
824.6585,824.7016,68437,82991,Rhinolophus ferrumequinum,0.032,0.032,-1,Echolocation,/mnt/ubna_data_02_mir/recover-20221013/UBNA_001/20221012_030000.WAV,Telephone Field,recover-20221013,001,1795
824.6665,824.7086,68437,83113,Rhinolophus ferrumequinum,0.027,0.027,-1,Echolocation,/mnt/ubna_data_02_mir/recover-20221013/UBNA_001/20221012_030000.WAV,Telephone Field,recover-20221013,001,1795
824.6725,824.7134,68437,83017,Rhinolophus ferrumequinum,0.027,0.027,-1,Echolocation,/mnt/ubna_data_02_mir/recover-20221013/UBNA_001/20221012_030000.WAV,Telephone Field,recover-20221013,001,1795
824.7025,824.7132,33203,38589,Barbastellus barbastellus,0.006,0.024,-1,Echolocation,/mnt/ubna_data_02_mir/recover-20221013/UBNA_001/20221012_030000.WAV,Telephone Field,recover-20221013,001,1795
824.7395,824.7802,68437,82382,Rhinolophus ferrumequinum,0.023,0.023,-1,Echolocation,/mnt/ubna_data_02_mir/recover-20221013/UBNA_001/20221012_030000.WAV,Telephone Field,recover-20221013,001,1795
824.7585,824.7975,68437,82251,Rhinolophus ferrumequinum,0.023,0.023,-1,Echolocation,/mnt/ubna_data_02_mir/recover-20221013/UBNA_001/20221012_030000.WAV,Telephone Field,recover-20221013,001,1795
824.7935,824.7998,27187,42201,Eptesicus serotinus,0.006,0.024,-1,Echolocation,/mnt/ubna_data_02_mir/recover-20221013/UBNA_001/20221012_030000.WAV,Telephone Field,recover-20221013,001,1795
824.8205,824.8322000000001,22890,28441,Nyctalus leisleri,0.011,0.026,-1,Echolocation,/mnt/ubna_data_02_mir/recover-20221013/UBNA_001/20221012_030000.WAV,Telephone Field,recover-20221013,001,1795
824.8565,824.8996,68437,82785,Rhinolophus ferrumequinum,0.027,0.027,-1,Echolocation,/mnt/ubna_data_02_mir/recover-20221013/UBNA_001/20221012_030000.WAV,Telephone Field,recover-20221013,001,1795
824.8985,824.9043,47812,54544,Pipistrellus pipistrellus,0.023,0.024,-1,Echolocation,/mnt/ubna_data_02_mir/recover-20221013/UBNA_001/20221012_030000.WAV,Telephone Field,recover-20221013,001,1795
824.9105,824.9183,24609,33287,Plecotus austriacus,0.007,0.025,-1,Echolocation,/mnt/ubna_data_02_mir/recover-20221013/UBNA_001/20221012_030000.WAV,Telephone Field,recover-20221013,001,1795
824.9285,824.9399,28046,36678,Eptesicus serotinus,0.014,0.024,-1,Echolocation,/mnt/ubna_data_02_mir/recover-20221013/UBNA_001/20221012_030000.WAV,Telephone Field,recover-20221013,001,1795
824.9385,824.9477,28046,36778,Eptesicus serotinus,0.01,0.025,-1,Echolocation,/mnt/ubna_data_02_mir/recover-20221013/UBNA_001/20221012_030000.WAV,Telephone Field,recover-20221013,001,1795
824.9515,824.9623,22890,28309,Nyctalus leisleri,0.011,0.024,-1,Echolocation,/mnt/ubna_data_02_mir/recover-20221013/UBNA_001/20221012_030000.WAV,Telephone Field,recover-20221013,001,1795
824.9585,825.0015,68437,82568,Rhinolophus ferrumequinum,0.036,0.036,-1,Echolocation,/mnt/ubna_data_02_mir/recover-20221013/UBNA_001/20221012_030000.WAV,Telephone Field,recover-20221013,001,1795
824.9955,825.0141,16015,20817,Nyctalus noctula,0.026,0.035,-1,Echolocation,/mnt/ubna_data_02_mir/recover-20221013/UBNA_001/20221012_030000.WAV,Telephone Field,recover-20221013,001,1795
824.9965,825.035,68437,82924,Rhinolophus ferrumequinum,0.026,0.026,-1,Echolocation,/mnt/ubna_data_02_mir/recover-20221013/UBNA_001/20221012_030000.WAV,Telephone Field,recover-20221013,001,1795
825.0645,825.1021,68437,81054,Rhinolophus ferrumequinum,0.025,0.025,-1,Echolocation,/mnt/ubna_data_02_mir/recover-20221013/UBNA_001/20221012_030000.WAV,Telephone Field,recover-20221013,001,1795
825.1225,825.1632,68437,82503,Rhinolophus ferrumequinum,0.031,0.031,-1,Echolocation,/mnt/ubna_data_02_mir/recover-20221013/UBNA_001/20221012_030000.WAV,Telephone Field,recover-20221013,001,1795
825.1545,825.1948,68437,82178,Rhinolophus ferrumequinum,0.023,0.023,-1,Echolocation,/mnt/ubna_data_02_mir/recover-20221013/UBNA_001/20221012_030000.WAV,Telephone Field,recover-20221013,001,1795
825.2015,825.2392,68437,82118,Rhinolophus ferrumequinum,0.023,0.023,-1,Echolocation,/mnt/ubna_data_02_mir/recover-20221013/UBNA_001/20221012_030000.WAV,Telephone Field,recover-20221013,001,1795
825.2095,825.2179,28046,37721,Eptesicus serotinus,0.008,0.024,-1,Echolocation,/mnt/ubna_data_02_mir/recover-20221013/UBNA_001/20221012_030000.WAV,Telephone Field,recover-20221013,001,1795
825.2245,825.2617,68437,81244,Rhinolophus ferrumequinum,0.023,0.023,-1,Echolocation,/mnt/ubna_data_02_mir/recover-20221013/UBNA_001/20221012_030000.WAV,Telephone Field,recover-20221013,001,1795
825.2405,825.2741,68437,81425,Rhinolophus ferrumequinum,0.043,0.043,-1,Echolocation,/mnt/ubna_data_02_mir/recover-20221013/UBNA_001/20221012_030000.WAV,Telephone Field,recover-20221013,001,1795
825.2745,825.3127,68437,81978,Rhinolophus ferrumequinum,0.024,0.024,-1,Echolocation,/mnt/ubna_data_02_mir/recover-20221013/UBNA_001/20221012_030000.WAV,Telephone Field,recover-20221013,001,1795
825.2755,825.2849,28046,36694,Eptesicus serotinus,0.009,0.024,-1,Echolocation,/mnt/ubna_data_02_mir/recover-20221013/UBNA_001/20221012_030000.WAV,Telephone Field,recover-20221013,001,1795
825.2905,825.334,68437,83606,Rhinolophus ferrumequinum,0.05,0.05,-1,Echolocation,/mnt/ubna_data_02_mir/recover-20221013/UBNA_001/20221012_030000.WAV,Telephone Field,recover-20221013,001,1795
825.3325,825.353,18593,21524,Nyctalus noctula,0.015,0.029,-1,Echolocation,/mnt/ubna_data_02_mir/recover-20221013/UBNA_001/20221012_030000.WAV,Telephone Field,recover-20221013,001,1795
825.3475,825.3554,28906,40352,Eptesicus serotinus,0.008,0.025,-1,Echolocation,/mnt/ubna_data_02_mir/recover-20221013/UBNA_001/20221012_030000.WAV,Telephone Field,recover-20221013,001,1795
825.3645,825.4044,68437,82491,Rhinolophus ferrumequinum,0.023,0.023,-1,Echolocation,/mnt/ubna_data_02_mir/recover-20221013/UBNA_001/20221012_030000.WAV,Telephone Field,recover-20221013,001,1795
825.4755,825.4824,27187,39534,Eptesicus serotinus,0.008,0.025,-1,Echolocation,/mnt/ubna_data_02_mir/recover-20221013/UBNA_001/20221012_030000.WAV,Telephone Field,recover-20221013,001,1795
825.4905,825.5331,68437,83116,Rhinolophus ferrumequinum,0.073,0.073,-1,Echolocation,/mnt/ubna_data_02_mir/recover-20221013/UBNA_001/20221012_030000.WAV,Telephone Field,recover-20221013,001,1795
825.5225,825.5312,27187,40120,Eptesicus serotinus,0.009,0.022,-1,Echolocation,/mnt/ubna_data_02_mir/recover-20221013/UBNA_001/20221012_030000.WAV,Telephone Field,recover-20221013,001,1795
825.5225,825.5315,34921,46564,Pipistrellus nathusii,0.007,0.025,-1,Echolocation,/mnt/ubna_data_02_mir/recover-20221013/UBNA_001/20221012_030000.WAV,Telephone Field,recover-20221013,001,1795
825.5485,825.5869,68437,82105,Rhinolophus ferrumequinum,0.029,0.03,-1,Echolocation,/mnt/ubna_data_02_mir/recover-20221013/UBNA_001/20221012_030000.WAV,Telephone Field,recover-20221013,001,1795
825.5525,825.5601,26328,38647,Eptesicus serotinus,0.007,0.022,-1,Echolocation,/mnt/ubna_data_02_mir/recover-20221013/UBNA_001/20221012_030000.WAV,Telephone Field,recover-20221013,001,1795
825.5665,825.6072,68437,82809,Rhinolophus ferrumequinum,0.035,0.035,-1,Echolocation,/mnt/ubna_data_02_mir/recover-20221013/UBNA_001/20221012_030000.WAV,Telephone Field,recover-20221013,001,1795
825.6335,825.6724,68437,82167,Rhinolophus ferrumequinum,0.028,0.028,-1,Echolocation,/mnt/ubna_data_02_mir/recover-20221013/UBNA_001/20221012_030000.WAV,Telephone Field,recover-20221013,001,1795
825.6575,825.671,51250,55365,Pipistrellus pipistrellus,0.014,0.026,-1,Echolocation,/mnt/ubna_data_02_mir/recover-20221013/UBNA_001/20221012_030000.WAV,Telephone Field,recover-20221013,001,1795
825.6765,825.7139,68437,82047,Rhinolophus ferrumequinum,0.024,0.024,-1,Echolocation,/mnt/ubna_data_02_mir/recover-20221013/UBNA_001/20221012_030000.WAV,Telephone Field,recover-20221013,001,1795
825.7095,825.7527,68437,83370,Rhinolophus ferrumequinum,0.024,0.024,-1,Echolocation,/mnt/ubna_data_02_mir/recover-20221013/UBNA_001/20221012_030000.WAV,Telephone Field,recover-20221013,001,1795
825.7475,825.7523,40078,55369,Myotis bechsteinii,0.015,0.051,-1,Echolocation,/mnt/ubna_data_02_mir/recover-20221013/UBNA_001/20221012_030000.WAV,Telephone Field,recover-20221013,001,1795
825.7755,825.7843,28906,38491,Eptesicus serotinus,0.009,0.023,-1,Echolocation,/mnt/ubna_data_02_mir/recover-20221013/UBNA_001/20221012_030000.WAV,Telephone Field,recover-20221013,001,1795
825.7785,825.791,14296,18825,Nyctalus noctula,0.013,0.023,-1,Echolocation,/mnt/ubna_data_02_mir/recover-20221013/UBNA_001/20221012_030000.WAV,Telephone Field,recover-20221013,001,1795
825.7835,825.8214,68437,82359,Rhinolophus ferrumequinum,0.032,0.032,-1,Echolocation,/mnt/ubna_data_02_mir/recover-20221013/UBNA_001/20221012_030000.WAV,Telephone Field,recover-20221013,001,1795
825.7965,825.8035,27187,36712,Eptesicus serotinus,0.009,0.031,-1,Echolocation,/mnt/ubna_data_02_mir/recover-20221013/UBNA_001/20221012_030000.WAV,Telephone Field,recover-20221013,001,1795
825.8005,825.8409,68437,82538,Rhinolophus ferrumequinum,0.024,0.024,-1,Echolocation,/mnt/ubna_data_02_mir/recover-20221013/UBNA_001/20221012_030000.WAV,Telephone Field,recover-20221013,001,1795
825.8665,825.9082,68437,82751,Rhinolophus ferrumequinum,0.025,0.025,-1,Echolocation,/mnt/ubna_data_02_mir/recover-20221013/UBNA_001/20221012_030000.WAV,Telephone Field,recover-20221013,001,1795
825.9375,825.9733,68437,81860,Rhinolophus ferrumequinum,0.033,0.033,-1,Echolocation,/mnt/ubna_data_02_mir/recover-20221013/UBNA_001/20221012_030000.WAV,Telephone Field,recover-20221013,001,1795
825.9405,825.9495,28046,40233,Eptesicus serotinus,0.008,0.022,-1,Echolocation,/mnt/ubna_data_02_mir/recover-20221013/UBNA_001/20221012_030000.WAV,Telephone Field,recover-20221013,001,1795
826.0015,826.0108,24609,30780,Nyctalus leisleri,0.012,0.029,-1,Echolocation,/mnt/ubna_data_02_mir/recover-20221013/UBNA_001/20221012_030000.WAV,Telephone Field,recover-20221013,001,1795
826.0015,826.0296,69296,82840,Rhinolophus ferrumequinum,0.025,0.025,-1,Echolocation,/mnt/ubna_data_02_mir/recover-20221013/UBNA_001/20221012_030000.WAV,Telephone Field,recover-20221013,001,1795
826.0495,826.0851,68437,81276,Rhinolophus ferrumequinum,0.024,0.024,-1,Echolocation,/mnt/ubna_data_02_mir/recover-20221013/UBNA_001/20221012_030000.WAV,Telephone Field,recover-20221013,001,1795
826.0645,826.0758,22031,26295,Nyctalus leisleri,0.013,0.023,-1,Echolocation,/mnt/ubna_data_02_mir/recover-20221013/UBNA_001/20221012_030000.WAV,Telephone Field,recover-20221013,001,1795
826.0665,826.1077,68437,83245,Rhinolophus ferrumequinum,0.025,0.025,-1,Echolocation,/mnt/ubna_data_02_mir/recover-20221013/UBNA_001/20221012_030000.WAV,Telephone Field,recover-20221013,001,1795
826.1095,826.1477,68437,82051,Rhinolophus ferrumequinum,0.023,0.023,-1,Echolocation,/mnt/ubna_data_02_mir/recover-20221013/UBNA_001/20221012_030000.WAV,Telephone Field,recover-20221013,001,1795
826.1575,826.1969,68437,82927,Rhinolophus ferrumequinum,0.024,0.024,-1,Echolocation,/mnt/ubna_data_02_mir/recover-20221013/UBNA_001/20221012_030000.WAV,Telephone Field,recover-20221013,001,1795
826.1765,826.1858,22890,29483,Plecotus austriacus,0.01,0.028,-1,Echolocation,/mnt/ubna_data_02_mir/recover-20221013/UBNA_001/20221012_030000.WAV,Telephone Field,recover-20221013,001,1795
826.2035,826.2426,68437,82265,Rhinolophus ferrumequinum,0.028,0.028,-1,Echolocation,/mnt/ubna_data_02_mir/recover-20221013/UBNA_001/20221012_030000.WAV,Telephone Field,recover-20221013,001,1795
826.2145,826.2506,68437,81273,Rhinolophus ferrumequinum,0.023,0.023,-1,Echolocation,/mnt/ubna_data_02_mir/recover-20221013/UBNA_001/20221012_030000.WAV,Telephone Field,recover-20221013,001,1795
826.2305,826.267,68437,81700,Rhinolophus ferrumequinum,0.024,0.024,-1,Echolocation,/mnt/ubna_data_02_mir/recover-20221013/UBNA_001/20221012_030000.WAV,Telephone Field,recover-20221013,001,1795
826.2415,826.277,68437,81562,Rhinolophus ferrumequinum,0.022,0.022,-1,Echolocation,/mnt/ubna_data_02_mir/recover-20221013/UBNA_001/20221012_030000.WAV,Telephone Field,recover-20221013,001,1795
826.2764999999999,826.3188,68437,82803,Rhinolophus ferrumequinum,0.043,0.043,-1,Echolocation,/mnt/ubna_data_02_mir/recover-20221013/UBNA_001/20221012_030000.WAV,Telephone Field,recover-20221013,001,1795
826.2785,826.2876,28046,42920,Eptesicus serotinus,0.008,0.021,-1,Echolocation,/mnt/ubna_data_02_mir/recover-20221013/UBNA_001/20221012_030000.WAV,Telephone Field,recover-20221013,001,1795
826.2995,826.3386,68437,83112,Rhinolophus ferrumequinum,0.026,0.026,-1,Echolocation,/mnt/ubna_data_02_mir/recover-20221013/UBNA_001/20221012_030000.WAV,Telephone Field,recover-20221013,001,1795
826.3145,826.3531,68437,82758,Rhinolophus ferrumequinum,0.022,0.022,-1,Echolocation,/mnt/ubna_data_02_mir/recover-20221013/UBNA_001/20221012_030000.WAV,Telephone Field,recover-20221013,001,1795
826.3265,826.3391,57265,62318,Pipistrellus pygmaeus,0.024,0.025,-1,Echolocation,/mnt/ubna_data_02_mir/recover-20221013/UBNA_001/20221012_030000.WAV,Telephone Field,recover-20221013,001,1795
826.3285,826.3663,68437,81993,Rhinolophus ferrumequinum,0.021,0.021,-1,Echolocation,/mnt/ubna_data_02_mir/recover-20221013/UBNA_001/20221012_030000.WAV,Telephone Field,recover-20221013,001,1795
826.3515,826.3916,68437,82448,Rhinolophus ferrumequinum,0.024,0.024,-1,Echolocation,/mnt/ubna_data_02_mir/recover-20221013/UBNA_001/20221012_030000.WAV,Telephone Field,recover-20221013,001,1795
826.3665,826.4026,68437,81515,Rhinolophus ferrumequinum,0.024,0.024,-1,Echolocation,/mnt/ubna_data_02_mir/recover-20221013/UBNA_001/20221012_030000.WAV,Telephone Field,recover-20221013,001,1795
826.4155,826.4229,28906,37754,Eptesicus serotinus,0.01,0.026,-1,Echolocation,/mnt/ubna_data_02_mir/recover-20221013/UBNA_001/20221012_030000.WAV,Telephone Field,recover-20221013,001,1795
826.4165,826.4557,68437,82497,Rhinolophus ferrumequinum,0.038,0.038,-1,Echolocation,/mnt/ubna_data_02_mir/recover-20221013/UBNA_001/20221012_030000.WAV,Telephone Field,recover-20221013,001,1795
826.4235,826.4645,68437,83087,Rhinolophus ferrumequinum,0.045,0.045,-1,Echolocation,/mnt/ubna_data_02_mir/recover-20221013/UBNA_001/20221012_030000.WAV,Telephone Field,recover-20221013,001,1795
826.4525,826.4875,68437,82002,Rhinolophus ferrumequinum,0.027,0.028,-1,Echolocation,/mnt/ubna_data_02_mir/recover-20221013/UBNA_001/20221012_030000.WAV,Telephone Field,recover-20221013,001,1795
826.4905,826.5306,68437,82370,Rhinolophus ferrumequinum,0.023,0.023,-1,Echolocation,/mnt/ubna_data_02_mir/recover-20221013/UBNA_001/20221012_030000.WAV,Telephone Field,recover-20221013,001,1795
826.4905,826.499,23750,31037,Plecotus austriacus,0.01,0.026,-1,Echolocation,/mnt/ubna_data_02_mir/recover-20221013/UBNA_001/20221012_030000.WAV,Telephone Field,recover-20221013,001,1795
826.5575,826.5742,22031,25508,Nyctalus leisleri,0.034,0.056,-1,Echolocation,/mnt/ubna_data_02_mir/recover-20221013/UBNA_001/20221012_030000.WAV,Telephone Field,recover-20221013,001,1795
826.6225,826.6315,35781,43406,Myotis daubentonii,0.007,0.026,-1,Echolocation,/mnt/ubna_data_02_mir/recover-20221013/UBNA_001/20221012_030000.WAV,Telephone Field,recover-20221013,001,1795
826.6335,826.6711,68437,82021,Rhinolophus ferrumequinum,0.022,0.022,-1,Echolocation,/mnt/ubna_data_02_mir/recover-20221013/UBNA_001/20221012_030000.WAV,Telephone Field,recover-20221013,001,1795
826.6595,826.6965,68437,81666,Rhinolophus ferrumequinum,0.026,0.026,-1,Echolocation,/mnt/ubna_data_02_mir/recover-20221013/UBNA_001/20221012_030000.WAV,Telephone Field,recover-20221013,001,1795
826.6675,826.7053,68437,82984,Rhinolophus ferrumequinum,0.028,0.028,-1,Echolocation,/mnt/ubna_data_02_mir/recover-20221013/UBNA_001/20221012_030000.WAV,Telephone Field,recover-20221013,001,1795
826.7555,826.7636,28906,38182,Eptesicus serotinus,0.007,0.022,-1,Echolocation,/mnt/ubna_data_02_mir/recover-20221013/UBNA_001/20221012_030000.WAV,Telephone Field,recover-20221013,001,1795
826.8075,826.8463,68437,82425,Rhinolophus ferrumequinum,0.024,0.024,-1,Echolocation,/mnt/ubna_data_02_mir/recover-20221013/UBNA_001/20221012_030000.WAV,Telephone Field,recover-20221013,001,1795
826.8255,826.8634,68437,82787,Rhinolophus ferrumequinum,0.022,0.022,-1,Echolocation,/mnt/ubna_data_02_mir/recover-20221013/UBNA_001/20221012_030000.WAV,Telephone Field,recover-20221013,001,1795
826.8385,826.8749,68437,82055,Rhinolophus ferrumequinum,0.021,0.021,-1,Echolocation,/mnt/ubna_data_02_mir/recover-20221013/UBNA_001/20221012_030000.WAV,Telephone Field,recover-20221013,001,1795
826.8825,826.9171,68437,81197,Rhinolophus ferrumequinum,0.024,0.024,-1,Echolocation,/mnt/ubna_data_02_mir/recover-20221013/UBNA_001/20221012_030000.WAV,Telephone Field,recover-20221013,001,1795
826.8945,826.9323,68437,81603,Rhinolophus ferrumequinum,0.021,0.021,-1,Echolocation,/mnt/ubna_data_02_mir/recover-20221013/UBNA_001/20221012_030000.WAV,Telephone Field,recover-20221013,001,1795
826.9085,826.9466,68437,81596,Rhinolophus ferrumequinum,0.022,0.022,-1,Echolocation,/mnt/ubna_data_02_mir/recover-20221013/UBNA_001/20221012_030000.WAV,Telephone Field,recover-20221013,001,1795
826.9275,826.9644,68437,82235,Rhinolophus ferrumequinum,0.021,0.021,-1,Echolocation,/mnt/ubna_data_02_mir/recover-20221013/UBNA_001/20221012_030000.WAV,Telephone Field,recover-20221013,001,1795
826.9375,826.9761,68437,81998,Rhinolophus ferrumequinum,0.021,0.021,-1,Echolocation,/mnt/ubna_data_02_mir/recover-20221013/UBNA_001/20221012_030000.WAV,Telephone Field,recover-20221013,001,1795
826.9395,826.9491,28906,37825,Eptesicus serotinus,0.01,0.025,-1,Echolocation,/mnt/ubna_data_02_mir/recover-20221013/UBNA_001/20221012_030000.WAV,Telephone Field,recover-20221013,001,1795
826.9585,826.9974,68437,82900,Rhinolophus ferrumequinum,0.028,0.028,-1,Echolocation,/mnt/ubna_data_02_mir/recover-20221013/UBNA_001/20221012_030000.WAV,Telephone Field,recover-20221013,001,1795
826.9685,827.0075,68437,82398,Rhinolophus ferrumequinum,0.021,0.021,-1,Echolocation,/mnt/ubna_data_02_mir/recover-20221013/UBNA_001/20221012_030000.WAV,Telephone Field,recover-20221013,001,1795
826.9845,826.9978,22031,25790,Nyctalus leisleri,0.016,0.028,-1,Echolocation,/mnt/ubna_data_02_mir/recover-20221013/UBNA_001/20221012_030000.WAV,Telephone Field,recover-20221013,001,1795
826.9945,827.0022,28906,41155,Eptesicus serotinus,0.007,0.022,-1,Echolocation,/mnt/ubna_data_02_mir/recover-20221013/UBNA_001/20221012_030000.WAV,Telephone Field,recover-20221013,001,1795
826.9945,827.0338,68437,82223,Rhinolophus ferrumequinum,0.024,0.024,-1,Echolocation,/mnt/ubna_data_02_mir/recover-20221013/UBNA_001/20221012_030000.WAV,Telephone Field,recover-20221013,001,1795
827.0095,827.0198,48671,52963,Pipistrellus pipistrellus,0.049,0.052,-1,Echolocation,/mnt/ubna_data_02_mir/recover-20221013/UBNA_001/20221012_030000.WAV,Telephone Field,recover-20221013,001,1795
827.0264999999999,827.0345,28906,41633,Eptesicus serotinus,0.008,0.024,-1,Echolocation,/mnt/ubna_data_02_mir/recover-20221013/UBNA_001/20221012_030000.WAV,Telephone Field,recover-20221013,001,1795
827.0745,827.1163,68437,83126,Rhinolophus ferrumequinum,0.029,0.029,-1,Echolocation,/mnt/ubna_data_02_mir/recover-20221013/UBNA_001/20221012_030000.WAV,Telephone Field,recover-20221013,001,1795
827.0955,827.1061,51250,56964,Pipistrellus pipistrellus,0.023,0.028,-1,Echolocation,/mnt/ubna_data_02_mir/recover-20221013/UBNA_001/20221012_030000.WAV,Telephone Field,recover-20221013,001,1795
827.1145,827.1237,26328,34101,Eptesicus serotinus,0.008,0.023,-1,Echolocation,/mnt/ubna_data_02_mir/recover-20221013/UBNA_001/20221012_030000.WAV,Telephone Field,recover-20221013,001,1795
827.1225,827.1636,68437,83248,Rhinolophus ferrumequinum,0.027,0.027,-1,Echolocation,/mnt/ubna_data_02_mir/recover-20221013/UBNA_001/20221012_030000.WAV,Telephone Field,recover-20221013,001,1795
827.1385,827.1518,22031,25964,Nyctalus leisleri,0.013,0.023,-1,Echolocation,/mnt/ubna_data_02_mir/recover-20221013/UBNA_001/20221012_030000.WAV,Telephone Field,recover-20221013,001,1795
827.1715,827.2071,68437,81188,Rhinolophus ferrumequinum,0.024,0.024,-1,Echolocation,/mnt/ubna_data_02_mir/recover-20221013/UBNA_001/20221012_030000.WAV,Telephone Field,recover-20221013,001,1795
827.1915,827.1981,28046,41529,Eptesicus serotinus,0.008,0.027,-1,Echolocation,/mnt/ubna_data_02_mir/recover-20221013/UBNA_001/20221012_030000.WAV,Telephone Field,recover-20221013,001,1795
827.2015,827.2395,68437,81916,Rhinolophus ferrumequinum,0.034,0.035,-1,Echolocation,/mnt/ubna_data_02_mir/recover-20221013/UBNA_001/20221012_030000.WAV,Telephone Field,recover-20221013,001,1795
827.2025,827.2131,22031,26735,Nyctalus leisleri,0.011,0.023,-1,Echolocation,/mnt/ubna_data_02_mir/recover-20221013/UBNA_001/20221012_030000.WAV,Telephone Field,recover-20221013,001,1795
827.2125,827.2481,68437,81654,Rhinolophus ferrumequinum,0.022,0.022,-1,Echolocation,/mnt/ubna_data_02_mir/recover-20221013/UBNA_001/20221012_030000.WAV,Telephone Field,recover-20221013,001,1795
827.2285,827.2417,22031,25863,Nyctalus leisleri,0.013,0.022,-1,Echolocation,/mnt/ubna_data_02_mir/recover-20221013/UBNA_001/20221012_030000.WAV,Telephone Field,recover-20221013,001,1795
827.2295,827.2682,68437,82166,Rhinolophus ferrumequinum,0.036,0.036,-1,Echolocation,/mnt/ubna_data_02_mir/recover-20221013/UBNA_001/20221012_030000.WAV,Telephone Field,recover-20221013,001,1795
827.2555,827.2948,68437,82743,Rhinolophus ferrumequinum,0.023,0.023,-1,Echolocation,/mnt/ubna_data_02_mir/recover-20221013/UBNA_001/20221012_030000.WAV,Telephone Field,recover-20221013,001,1795
827.2565,827.276,19453,21915,Nyctalus leisleri,0.017,0.031,-1,Echolocation,/mnt/ubna_data_02_mir/recover-20221013/UBNA_001/20221012_030000.WAV,Telephone Field,recover-20221013,001,1795
827.3425,827.381,68437,82226,Rhinolophus ferrumequinum,0.021,0.021,-1,Echolocation,/mnt/ubna_data_02_mir/recover-20221013/UBNA_001/20221012_030000.WAV,Telephone Field,recover-20221013,001,1795
827.3605,827.3981,68437,81958,Rhinolophus ferrumequinum,0.025,0.025,-1,Echolocation,/mnt/ubna_data_02_mir/recover-20221013/UBNA_001/20221012_030000.WAV,Telephone Field,recover-20221013,001,1795
827.3675,827.4054,68437,80802,Rhinolophus ferrumequinum,0.024,0.025,-1,Echolocation,/mnt/ubna_data_02_mir/recover-20221013/UBNA_001/20221012_030000.WAV,Telephone Field,recover-20221013,001,1795
827.3995,827.4341,68437,81210,Rhinolophus ferrumequinum,0.026,0.026,-1,Echolocation,/mnt/ubna_data_02_mir/recover-20221013/UBNA_001/20221012_030000.WAV,Telephone Field,recover-20221013,001,1795
827.4275,827.4664,68437,82063,Rhinolophus ferrumequinum,0.022,0.022,-1,Echolocation,/mnt/ubna_data_02_mir/recover-20221013/UBNA_001/20221012_030000.WAV,Telephone Field,recover-20221013,001,1795
827.4585,827.4958,68437,80833,Rhinolophus ferrumequinum,0.022,0.022,-1,Echolocation,/mnt/ubna_data_02_mir/recover-20221013/UBNA_001/20221012_030000.WAV,Telephone Field,recover-20221013,001,1795
827.4835,827.5241,68437,81697,Rhinolophus ferrumequinum,0.024,0.024,-1,Echolocation,/mnt/ubna_data_02_mir/recover-20221013/UBNA_001/20221012_030000.WAV,Telephone Field,recover-20221013,001,1795
827.4925,827.5335,68437,82471,Rhinolophus ferrumequinum,0.023,0.023,-1,Echolocation,/mnt/ubna_data_02_mir/recover-20221013/UBNA_001/20221012_030000.WAV,Telephone Field,recover-20221013,001,1795
827.4955,827.5101,40937,44451,Pipistrellus nathusii,0.016,0.032,-1,Echolocation,/mnt/ubna_data_02_mir/recover-20221013/UBNA_001/20221012_030000.WAV,Telephone Field,recover-20221013,001,1795
827.5005,827.5404,68437,82580,Rhinolophus ferrumequinum,0.025,0.025,-1,Echolocation,/mnt/ubna_data_02_mir/recover-20221013/UBNA_001/20221012_030000.WAV,Telephone Field,recover-20221013,001,1795
827.5264999999999,827.5636,68437,81058,Rhinolophus ferrumequinum,0.022,0.022,-1,Echolocation,/mnt/ubna_data_02_mir/recover-20221013/UBNA_001/20221012_030000.WAV,Telephone Field,recover-20221013,001,1795
827.5405,827.5788,68437,81987,Rhinolophus ferrumequinum,0.022,0.022,-1,Echolocation,/mnt/ubna_data_02_mir/recover-20221013/UBNA_001/20221012_030000.WAV,Telephone Field,recover-20221013,001,1795
827.5635,827.6005,68437,81790,Rhinolophus ferrumequinum,0.022,0.022,-1,Echolocation,/mnt/ubna_data_02_mir/recover-20221013/UBNA_001/20221012_030000.WAV,Telephone Field,recover-20221013,001,1795
827.5915,827.6308,68437,82391,Rhinolophus ferrumequinum,0.025,0.025,-1,Echolocation,/mnt/ubna_data_02_mir/recover-20221013/UBNA_001/20221012_030000.WAV,Telephone Field,recover-20221013,001,1795
827.6245,827.6659,68437,82909,Rhinolophus ferrumequinum,0.029,0.029,-1,Echolocation,/mnt/ubna_data_02_mir/recover-20221013/UBNA_001/20221012_030000.WAV,Telephone Field,recover-20221013,001,1795
827.6485,827.6848,68437,82465,Rhinolophus ferrumequinum,0.023,0.023,-1,Echolocation,/mnt/ubna_data_02_mir/recover-20221013/UBNA_001/20221012_030000.WAV,Telephone Field,recover-20221013,001,1795
827.6955,827.7311,68437,81809,Rhinolophus ferrumequinum,0.024,0.024,-1,Echolocation,/mnt/ubna_data_02_mir/recover-20221013/UBNA_001/20221012_030000.WAV,Telephone Field,recover-20221013,001,1795
827.7155,827.723,23750,32870,Plecotus austriacus,0.013,0.028,-1,Echolocation,/mnt/ubna_data_02_mir/recover-20221013/UBNA_001/20221012_030000.WAV,Telephone Field,recover-20221013,001,1795
827.7365,827.7458,28046,35247,Eptesicus serotinus,0.008,0.022,-1,Echolocation,/mnt/ubna_data_02_mir/recover-20221013/UBNA_001/20221012_030000.WAV,Telephone Field,recover-20221013,001,1795
827.7365,827.7477,34062,38341,Pipistrellus nathusii,0.012,0.045,-1,Echolocation,/mnt/ubna_data_02_mir/recover-20221013/UBNA_001/20221012_030000.WAV,Telephone Field,recover-20221013,001,1795
827.7415,827.7862,68437,83183,Rhinolophus ferrumequinum,0.027,0.027,-1,Echolocation,/mnt/ubna_data_02_mir/recover-20221013/UBNA_001/20221012_030000.WAV,Telephone Field,recover-20221013,001,1795
827.7605,827.7713,25468,32308,Nyctalus leisleri,0.011,0.03,-1,Echolocation,/mnt/ubna_data_02_mir/recover-20221013/UBNA_001/20221012_030000.WAV,Telephone Field,recover-20221013,001,1795
827.7615,827.7714,47812,56098,Pipistrellus pipistrellus,0.022,0.026,-1,Echolocation,/mnt/ubna_data_02_mir/recover-20221013/UBNA_001/20221012_030000.WAV,Telephone Field,recover-20221013,001,1795
827.8005,827.8087,23750,32556,Plecotus austriacus,0.014,0.041,-1,Echolocation,/mnt/ubna_data_02_mir/recover-20221013/UBNA_001/20221012_030000.WAV,Telephone Field,recover-20221013,001,1795
827.8045,827.8411,68437,82183,Rhinolophus ferrumequinum,0.029,0.029,-1,Echolocation,/mnt/ubna_data_02_mir/recover-20221013/UBNA_001/20221012_030000.WAV,Telephone Field,recover-20221013,001,1795
827.8255,827.8357,22031,27837,Nyctalus leisleri,0.011,0.029,-1,Echolocation,/mnt/ubna_data_02_mir/recover-20221013/UBNA_001/20221012_030000.WAV,Telephone Field,recover-20221013,001,1795
827.8305,827.8684,68437,82579,Rhinolophus ferrumequinum,0.021,0.021,-1,Echolocation,/mnt/ubna_data_02_mir/recover-20221013/UBNA_001/20221012_030000.WAV,Telephone Field,recover-20221013,001,1795
827.8345,827.8423,37500,42919,Barbastellus barbastellus,0.032,0.052,-1,Echolocation,/mnt/ubna_data_02_mir/recover-20221013/UBNA_001/20221012_030000.WAV,Telephone Field,recover-20221013,001,1795
827.9815,827.9931,34921,39686,Pipistrellus nathusii,0.005,0.022,-1,Echolocation,/mnt/ubna_data_02_mir/recover-20221013/UBNA_001/20221012_030000.WAV,Telephone Field,recover-20221013,001,1795
828.0015,828.0336,68437,80572,Rhinolophus ferrumequinum,0.038,0.038,-1,Echolocation,/mnt/ubna_data_02_mir/recover-20221013/UBNA_001/20221012_030000.WAV,Telephone Field,recover-20221013,001,1795
828.0015,828.0098,22031,28620,Nyctalus leisleri,0.011,0.035,-1,Echolocation,/mnt/ubna_data_02_mir/recover-20221013/UBNA_001/20221012_030000.WAV,Telephone Field,recover-20221013,001,1795
828.0105,828.0525,68437,82775,Rhinolophus ferrumequinum,0.022,0.022,-1,Echolocation,/mnt/ubna_data_02_mir/recover-20221013/UBNA_001/20221012_030000.WAV,Telephone Field,recover-20221013,001,1795
828.0145,828.0235,28046,37023,Eptesicus serotinus,0.008,0.021,-1,Echolocation,/mnt/ubna_data_02_mir/recover-20221013/UBNA_001/20221012_030000.WAV,Telephone Field,recover-20221013,001,1795
828.0655,828.1066,68437,82572,Rhinolophus ferrumequinum,0.021,0.021,-1,Echolocation,/mnt/ubna_data_02_mir/recover-20221013/UBNA_001/20221012_030000.WAV,Telephone Field,recover-20221013,001,1795
828.0895,828.1273,68437,81623,Rhinolophus ferrumequinum,0.021,0.021,-1,Echolocation,/mnt/ubna_data_02_mir/recover-20221013/UBNA_001/20221012_030000.WAV,Telephone Field,recover-20221013,001,1795
828.1015,828.112,37500,44472,Pipistrellus nathusii,0.016,0.029,-1,Echolocation,/mnt/ubna_data_02_mir/recover-20221013/UBNA_001/20221012_030000.WAV,Telephone Field,recover-20221013,001,1795
828.1415,828.1808,68437,82696,Rhinolophus ferrumequinum,0.02,0.02,-1,Echolocation,/mnt/ubna_data_02_mir/recover-20221013/UBNA_001/20221012_030000.WAV,Telephone Field,recover-20221013,001,1795
828.2215,828.2598,68437,82372,Rhinolophus ferrumequinum,0.02,0.02,-1,Echolocation,/mnt/ubna_data_02_mir/recover-20221013/UBNA_001/20221012_030000.WAV,Telephone Field,recover-20221013,001,1795
828.2425,828.2566,22031,26395,Nyctalus leisleri,0.014,0.028,-1,Echolocation,/mnt/ubna_data_02_mir/recover-20221013/UBNA_001/20221012_030000.WAV,Telephone Field,recover-20221013,001,1795
828.2485,828.2879,68437,81910,Rhinolophus ferrumequinum,0.021,0.021,-1,Echolocation,/mnt/ubna_data_02_mir/recover-20221013/UBNA_001/20221012_030000.WAV,Telephone Field,recover-20221013,001,1795
828.2505,828.258,28046,41448,Eptesicus serotinus,0.007,0.021,-1,Echolocation,/mnt/ubna_data_02_mir/recover-20221013/UBNA_001/20221012_030000.WAV,Telephone Field,recover-20221013,001,1795
828.2555,828.2923,68437,81156,Rhinolophus ferrumequinum,0.021,0.021,-1,Echolocation,/mnt/ubna_data_02_mir/recover-20221013/UBNA_001/20221012_030000.WAV,Telephone Field,recover-20221013,001,1795
828.2815,828.2887,28046,39660,Eptesicus serotinus,0.007,0.023,-1,Echolocation,/mnt/ubna_data_02_mir/recover-20221013/UBNA_001/20221012_030000.WAV,Telephone Field,recover-20221013,001,1795
828.3045,828.3442,68437,82277,Rhinolophus ferrumequinum,0.022,0.022,-1,Echolocation,/mnt/ubna_data_02_mir/recover-20221013/UBNA_001/20221012_030000.WAV,Telephone Field,recover-20221013,001,1795
828.3405,828.352,25468,30644,Nyctalus leisleri,0.023,0.057,-1,Echolocation,/mnt/ubna_data_02_mir/recover-20221013/UBNA_001/20221012_030000.WAV,Telephone Field,recover-20221013,001,1795
828.3465,828.3844,68437,81918,Rhinolophus ferrumequinum,0.022,0.022,-1,Echolocation,/mnt/ubna_data_02_mir/recover-20221013/UBNA_001/20221012_030000.WAV,Telephone Field,recover-20221013,001,1795
828.3595,828.3672,27187,36028,Eptesicus serotinus,0.015,0.036,-1,Echolocation,/mnt/ubna_data_02_mir/recover-20221013/UBNA_001/20221012_030000.WAV,Telephone Field,recover-20221013,001,1795
828.3865,828.3983,27187,33125,Eptesicus serotinus,0.011,0.022,-1,Echolocation,/mnt/ubna_data_02_mir/recover-20221013/UBNA_001/20221012_030000.WAV,Telephone Field,recover-20221013,001,1795
828.4525,828.4616,26328,36725,Eptesicus serotinus,0.009,0.023,-1,Echolocation,/mnt/ubna_data_02_mir/recover-20221013/UBNA_001/20221012_030000.WAV,Telephone Field,recover-20221013,001,1795
828.4675,828.4802999999999,29765,35391,Eptesicus serotinus,0.018,0.031,-1,Echolocation,/mnt/ubna_data_02_mir/recover-20221013/UBNA_001/20221012_030000.WAV,Telephone Field,recover-20221013,001,1795
828.5105,828.5509,68437,82570,Rhinolophus ferrumequinum,0.025,0.025,-1,Echolocation,/mnt/ubna_data_02_mir/recover-20221013/UBNA_001/20221012_030000.WAV,Telephone Field,recover-20221013,001,1795
828.5295,828.5394,26328,33899,Eptesicus serotinus,0.01,0.021,-1,Echolocation,/mnt/ubna_data_02_mir/recover-20221013/UBNA_001/20221012_030000.WAV,Telephone Field,recover-20221013,001,1795
828.5335,828.5737,68437,82135,Rhinolophus ferrumequinum,0.022,0.022,-1,Echolocation,/mnt/ubna_data_02_mir/recover-20221013/UBNA_001/20221012_030000.WAV,Telephone Field,recover-20221013,001,1795
828.5595,828.5987,68437,82120,Rhinolophus ferrumequinum,0.024,0.024,-1,Echolocation,/mnt/ubna_data_02_mir/recover-20221013/UBNA_001/20221012_030000.WAV,Telephone Field,recover-20221013,001,1795
828.5805,828.6187,68437,82360,Rhinolophus ferrumequinum,0.024,0.024,-1,Echolocation,/mnt/ubna_data_02_mir/recover-20221013/UBNA_001/20221012_030000.WAV,Telephone Field,recover-20221013,001,1795
828.5995,828.6395,68437,82601,Rhinolophus ferrumequinum,0.023,0.023,-1,Echolocation,/mnt/ubna_data_02_mir/recover-20221013/UBNA_001/20221012_030000.WAV,Telephone Field,recover-20221013,001,1795
828.6065,828.6169,23750,29878,Nyctalus leisleri,0.01,0.024,-1,Echolocation,/mnt/ubna_data_02_mir/recover-20221013/UBNA_001/20221012_030000.WAV,Telephone Field,recover-20221013,001,1795
828.6505,828.6901,68437,82918,Rhinolophus ferrumequinum,0.034,0.034,-1,Echolocation,/mnt/ubna_data_02_mir/recover-20221013/UBNA_001/20221012_030000.WAV,Telephone Field,recover-20221013,001,1795
828.6795,828.7187,68437,82150,Rhinolophus ferrumequinum,0.021,0.021,-1,Echolocation,/mnt/ubna_data_02_mir/recover-20221013/UBNA_001/20221012_030000.WAV,Telephone Field,recover-20221013,001,1795
828.6825,828.6902,27187,44176,Eptesicus serotinus,0.006,0.02,-1,Echolocation,/mnt/ubna_data_02_mir/recover-20221013/UBNA_001/20221012_030000.WAV,Telephone Field,recover-20221013,001,1795
828.6925,828.7302,68437,82342,Rhinolophus ferrumequinum,0.021,0.021,-1,Echolocation,/mnt/ubna_data_02_mir/recover-20221013/UBNA_001/20221012_030000.WAV,Telephone Field,recover-20221013,001,1795
828.7125,828.7216,22890,30099,Plecotus austriacus,0.008,0.021,-1,Echolocation,/mnt/ubna_data_02_mir/recover-20221013/UBNA_001/20221012_030000.WAV,Telephone Field,recover-20221013,001,1795
828.7235000000001,828.7319,28046,36494,Eptesicus serotinus,0.008,0.02,-1,Echolocation,/mnt/ubna_data_02_mir/recover-20221013/UBNA_001/20221012_030000.WAV,Telephone Field,recover-20221013,001,1795
828.7365,828.7721,68437,81864,Rhinolophus ferrumequinum,0.021,0.021,-1,Echolocation,/mnt/ubna_data_02_mir/recover-20221013/UBNA_001/20221012_030000.WAV,Telephone Field,recover-20221013,001,1795
828.7485,828.7898,68437,82440,Rhinolophus ferrumequinum,0.026,0.026,-1,Echolocation,/mnt/ubna_data_02_mir/recover-20221013/UBNA_001/20221012_030000.WAV,Telephone Field,recover-20221013,001,1795
828.7545,828.7667,49531,53609,Pipistrellus pipistrellus,0.039,0.046,-1,Echolocation,/mnt/ubna_data_02_mir/recover-20221013/UBNA_001/20221012_030000.WAV,Telephone Field,recover-20221013,001,1795
828.8085,828.8475,68437,82005,Rhinolophus ferrumequinum,0.021,0.021,-1,Echolocation,/mnt/ubna_data_02_mir/recover-20221013/UBNA_001/20221012_030000.WAV,Telephone Field,recover-20221013,001,1795
828.8505,828.8882,68437,82179,Rhinolophus ferrumequinum,0.022,0.022,-1,Echolocation,/mnt/ubna_data_02_mir/recover-20221013/UBNA_001/20221012_030000.WAV,Telephone Field,recover-20221013,001,1795
828.8865,828.9259,68437,82287,Rhinolophus ferrumequinum,0.023,0.023,-1,Echolocation,/mnt/ubna_data_02_mir/recover-20221013/UBNA_001/20221012_030000.WAV,Telephone Field,recover-20221013,001,1795
828.8925,828.9028,22890,28664,Nyctalus leisleri,0.009,0.021,-1,Echolocation,/mnt/ubna_data_02_mir/recover-20221013/UBNA_001/20221012_030000.WAV,Telephone Field,recover-20221013,001,1795
828.8935,828.9029,28046,39869,Eptesicus serotinus,0.008,0.023,-1,Echolocation,/mnt/ubna_data_02_mir/recover-20221013/UBNA_001/20221012_030000.WAV,Telephone Field,recover-20221013,001,1795
828.9165,828.956,68437,82196,Rhinolophus ferrumequinum,0.032,0.032,-1,Echolocation,/mnt/ubna_data_02_mir/recover-20221013/UBNA_001/20221012_030000.WAV,Telephone Field,recover-20221013,001,1795
828.9455,828.9532,27187,39123,Eptesicus serotinus,0.007,0.023,-1,Echolocation,/mnt/ubna_data_02_mir/recover-20221013/UBNA_001/20221012_030000.WAV,Telephone Field,recover-20221013,001,1795
828.9805,829.0184,68437,80914,Rhinolophus ferrumequinum,0.029,0.029,-1,Echolocation,/mnt/ubna_data_02_mir/recover-20221013/UBNA_001/20221012_030000.WAV,Telephone Field,recover-20221013,001,1795
828.9845,828.996,23750,30381,Nyctalus leisleri,0.011,0.028,-1,Echolocation,/mnt/ubna_data_02_mir/recover-20221013/UBNA_001/20221012_030000.WAV,Telephone Field,recover-20221013,001,1795
828.9905,828.9985,43515,46376,Pipistrellus pipistrellus,0.029,0.032,-1,Echolocation,/mnt/ubna_data_02_mir/recover-20221013/UBNA_001/20221012_030000.WAV,Telephone Field,recover-20221013,001,1795
829.0085,829.0166,25468,34257,Eptesicus serotinus,0.007,0.02,-1,Echolocation,/mnt/ubna_data_02_mir/recover-20221013/UBNA_001/20221012_030000.WAV,Telephone Field,recover-20221013,001,1795
829.0135,829.0221,25468,33910,Eptesicus serotinus,0.007,0.02,-1,Echolocation,/mnt/ubna_data_02_mir/recover-20221013/UBNA_001/20221012_030000.WAV,Telephone Field,recover-20221013,001,1795
829.0205,829.0569,68437,81298,Rhinolophus ferrumequinum,0.02,0.02,-1,Echolocation,/mnt/ubna_data_02_mir/recover-20221013/UBNA_001/20221012_030000.WAV,Telephone Field,recover-20221013,001,1795
829.0405,829.0525,54687,59012,Pipistrellus pygmaeus,0.024,0.027,-1,Echolocation,/mnt/ubna_data_02_mir/recover-20221013/UBNA_001/20221012_030000.WAV,Telephone Field,recover-20221013,001,1795
829.0485,829.0578,24609,31822,Nyctalus leisleri,0.007,0.022,-1,Echolocation,/mnt/ubna_data_02_mir/recover-20221013/UBNA_001/20221012_030000.WAV,Telephone Field,recover-20221013,001,1795
829.0665,829.1043999999999,68437,82001,Rhinolophus ferrumequinum,0.057,0.057,-1,Echolocation,/mnt/ubna_data_02_mir/recover-20221013/UBNA_001/20221012_030000.WAV,Telephone Field,recover-20221013,001,1795
829.0835,829.0941,22031,25819,Nyctalus leisleri,0.012,0.021,-1,Echolocation,/mnt/ubna_data_02_mir/recover-20221013/UBNA_001/20221012_030000.WAV,Telephone Field,recover-20221013,001,1795
829.1285,829.1372,28046,41655,Eptesicus serotinus,0.01,0.025,-1,Echolocation,/mnt/ubna_data_02_mir/recover-20221013/UBNA_001/20221012_030000.WAV,Telephone Field,recover-20221013,001,1795
829.1295,829.1667,68437,81988,Rhinolophus ferrumequinum,0.021,0.021,-1,Echolocation,/mnt/ubna_data_02_mir/recover-20221013/UBNA_001/20221012_030000.WAV,Telephone Field,recover-20221013,001,1795
829.1495,829.1838,68437,82287,Rhinolophus ferrumequinum,0.023,0.023,-1,Echolocation,/mnt/ubna_data_02_mir/recover-20221013/UBNA_001/20221012_030000.WAV,Telephone Field,recover-20221013,001,1795
829.2285,829.2657,68437,82197,Rhinolophus ferrumequinum,0.021,0.021,-1,Echolocation,/mnt/ubna_data_02_mir/recover-20221013/UBNA_001/20221012_030000.WAV,Telephone Field,recover-20221013,001,1795
829.2305,829.2433,50390,54689,Pipistrellus pipistrellus,0.013,0.023,-1,Echolocation,/mnt/ubna_data_02_mir/recover-20221013/UBNA_001/20221012_030000.WAV,Telephone Field,recover-20221013,001,1795
829.2335,829.2707,68437,81923,Rhinolophus ferrumequinum,0.02,0.02,-1,Echolocation,/mnt/ubna_data_02_mir/recover-20221013/UBNA_001/20221012_030000.WAV,Telephone Field,recover-20221013,001,1795
829.2415,829.281,68437,82043,Rhinolophus ferrumequinum,0.021,0.021,-1,Echolocation,/mnt/ubna_data_02_mir/recover-20221013/UBNA_001/20221012_030000.WAV,Telephone Field,recover-20221013,001,1795
829.2885,829.329,68437,82627,Rhinolophus ferrumequinum,0.022,0.022,-1,Echolocation,/mnt/ubna_data_02_mir/recover-20221013/UBNA_001/20221012_030000.WAV,Telephone Field,recover-20221013,001,1795
829.2955,829.3336,68437,82000,Rhinolophus ferrumequinum,0.02,0.02,-1,Echolocation,/mnt/ubna_data_02_mir/recover-20221013/UBNA_001/20221012_030000.WAV,Telephone Field,recover-20221013,001,1795
829.3195,829.3636,68437,83021,Rhinolophus ferrumequinum,0.024,0.024,-1,Echolocation,/mnt/ubna_data_02_mir/recover-20221013/UBNA_001/20221012_030000.WAV,Telephone Field,recover-20221013,001,1795
829.3615,829.3692,28046,38081,Eptesicus serotinus,0.007,0.021,-1,Echolocation,/mnt/ubna_data_02_mir/recover-20221013/UBNA_001/20221012_030000.WAV,Telephone Field,recover-20221013,001,1795
829.3675,829.4104,68437,82974,Rhinolophus ferrumequinum,0.027,0.027,-1,Echolocation,/mnt/ubna_data_02_mir/recover-20221013/UBNA_001/20221012_030000.WAV,Telephone Field,recover-20221013,001,1795
829.3985,829.4402,68437,83029,Rhinolophus ferrumequinum,0.021,0.021,-1,Echolocation,/mnt/ubna_data_02_mir/recover-20221013/UBNA_001/20221012_030000.WAV,Telephone Field,recover-20221013,001,1795
829.4235,829.4589,68437,81110,Rhinolophus ferrumequinum,0.021,0.021,-1,Echolocation,/mnt/ubna_data_02_mir/recover-20221013/UBNA_001/20221012_030000.WAV,Telephone Field,recover-20221013,001,1795
829.4305,829.4411,27187,35079,Eptesicus serotinus,0.013,0.025,-1,Echolocation,/mnt/ubna_data_02_mir/recover-20221013/UBNA_001/20221012_030000.WAV,Telephone Field,recover-20221013,001,1795
829.4515,829.4588,28046,39376,Eptesicus serotinus,0.008,0.023,-1,Echolocation,/mnt/ubna_data_02_mir/recover-20221013/UBNA_001/20221012_030000.WAV,Telephone Field,recover-20221013,001,1795
829.4585,829.4668,28046,37527,Eptesicus serotinus,0.007,0.02,-1,Echolocation,/mnt/ubna_data_02_mir/recover-20221013/UBNA_001/20221012_030000.WAV,Telephone Field,recover-20221013,001,1795
829.4585,829.498,68437,82341,Rhinolophus ferrumequinum,0.027,0.028,-1,Echolocation,/mnt/ubna_data_02_mir/recover-20221013/UBNA_001/20221012_030000.WAV,Telephone Field,recover-20221013,001,1795
829.4725,829.5086,68437,80858,Rhinolophus ferrumequinum,0.021,0.021,-1,Echolocation,/mnt/ubna_data_02_mir/recover-20221013/UBNA_001/20221012_030000.WAV,Telephone Field,recover-20221013,001,1795
829.5105,829.5193,27187,37354,Eptesicus serotinus,0.009,0.02,-1,Echolocation,/mnt/ubna_data_02_mir/recover-20221013/UBNA_001/20221012_030000.WAV,Telephone Field,recover-20221013,001,1795
829.5505,829.5873,68437,82001,Rhinolophus ferrumequinum,0.021,0.021,-1,Echolocation,/mnt/ubna_data_02_mir/recover-20221013/UBNA_001/20221012_030000.WAV,Telephone Field,recover-20221013,001,1795
829.5695,829.5809,23750,28432,Nyctalus leisleri,0.014,0.026,-1,Echolocation,/mnt/ubna_data_02_mir/recover-20221013/UBNA_001/20221012_030000.WAV,Telephone Field,recover-20221013,001,1795
829.5905,829.6278,68437,82320,Rhinolophus ferrumequinum,0.023,0.023,-1,Echolocation,/mnt/ubna_data_02_mir/recover-20221013/UBNA_001/20221012_030000.WAV,Telephone Field,recover-20221013,001,1795
829.6475,829.6864,68437,81984,Rhinolophus ferrumequinum,0.021,0.021,-1,Echolocation,/mnt/ubna_data_02_mir/recover-20221013/UBNA_001/20221012_030000.WAV,Telephone Field,recover-20221013,001,1795
829.6514999999999,829.6611,25468,32816,Eptesicus serotinus,0.008,0.022,-1,Echolocation,/mnt/ubna_data_02_mir/recover-20221013/UBNA_001/20221012_030000.WAV,Telephone Field,recover-20221013,001,1795
829.6665,829.6768,23750,29975,Nyctalus leisleri,0.011,0.026,-1,Echolocation,/mnt/ubna_data_02_mir/recover-20221013/UBNA_001/20221012_030000.WAV,Telephone Field,recover-20221013,001,1795
829.6715,829.6879,45234,49434,Pipistrellus pipistrellus,0.036,0.042,-1,Echolocation,/mnt/ubna_data_02_mir/recover-20221013/UBNA_001/20221012_030000.WAV,Telephone Field,recover-20221013,001,1795
829.6715,829.713,68437,82602,Rhinolophus ferrumequinum,0.031,0.031,-1,Echolocation,/mnt/ubna_data_02_mir/recover-20221013/UBNA_001/20221012_030000.WAV,Telephone Field,recover-20221013,001,1795
829.7025,829.71,25468,34776,Eptesicus serotinus,0.007,0.021,-1,Echolocation,/mnt/ubna_data_02_mir/recover-20221013/UBNA_001/20221012_030000.WAV,Telephone Field,recover-20221013,001,1795
829.7185,829.7271,25468,34058,Eptesicus serotinus,0.01,0.026,-1,Echolocation,/mnt/ubna_data_02_mir/recover-20221013/UBNA_001/20221012_030000.WAV,Telephone Field,recover-20221013,001,1795
829.7395,829.7791,68437,82131,Rhinolophus ferrumequinum,0.028,0.028,-1,Echolocation,/mnt/ubna_data_02_mir/recover-20221013/UBNA_001/20221012_030000.WAV,Telephone Field,recover-20221013,001,1795
829.7435,829.75,28046,39307,Eptesicus serotinus,0.007,0.023,-1,Echolocation,/mnt/ubna_data_02_mir/recover-20221013/UBNA_001/20221012_030000.WAV,Telephone Field,recover-20221013,001,1795
829.7735,829.8136,68437,82735,Rhinolophus ferrumequinum,0.021,0.021,-1,Echolocation,/mnt/ubna_data_02_mir/recover-20221013/UBNA_001/20221012_030000.WAV,Telephone Field,recover-20221013,001,1795
829.8065,829.8444,68437,81474,Rhinolophus ferrumequinum,0.021,0.021,-1,Echolocation,/mnt/ubna_data_02_mir/recover-20221013/UBNA_001/20221012_030000.WAV,Telephone Field,recover-20221013,001,1795
829.8075,829.8152,25468,33870,Eptesicus serotinus,0.007,0.021,-1,Echolocation,/mnt/ubna_data_02_mir/recover-20221013/UBNA_001/20221012_030000.WAV,Telephone Field,recover-20221013,001,1795
829.8425,829.8518,28046,36907,Eptesicus serotinus,0.008,0.022,-1,Echolocation,/mnt/ubna_data_02_mir/recover-20221013/UBNA_001/20221012_030000.WAV,Telephone Field,recover-20221013,001,1795
829.8615,829.9,68437,81709,Rhinolophus ferrumequinum,0.021,0.021,-1,Echolocation,/mnt/ubna_data_02_mir/recover-20221013/UBNA_001/20221012_030000.WAV,Telephone Field,recover-20221013,001,1795
829.8735,829.8809,27187,42161,Eptesicus serotinus,0.007,0.02,-1,Echolocation,/mnt/ubna_data_02_mir/recover-20221013/UBNA_001/20221012_030000.WAV,Telephone Field,recover-20221013,001,1795
829.8925,829.9306,68437,81819,Rhinolophus ferrumequinum,0.02,0.02,-1,Echolocation,/mnt/ubna_data_02_mir/recover-20221013/UBNA_001/20221012_030000.WAV,Telephone Field,recover-20221013,001,1795
829.9385,829.9777,68437,82767,Rhinolophus ferrumequinum,0.035,0.035,-1,Echolocation,/mnt/ubna_data_02_mir/recover-20221013/UBNA_001/20221012_030000.WAV,Telephone Field,recover-20221013,001,1795
829.9515,829.9619,22890,27798,Nyctalus leisleri,0.01,0.02,-1,Echolocation,/mnt/ubna_data_02_mir/recover-20221013/UBNA_001/20221012_030000.WAV,Telephone Field,recover-20221013,001,1795
829.9825,829.9911,26328,38318,Eptesicus serotinus,0.008,0.022,-1,Echolocation,/mnt/ubna_data_02_mir/recover-20221013/UBNA_001/20221012_030000.WAV,Telephone Field,recover-20221013,001,1795
830.0015,830.0115,24609,30895,Nyctalus leisleri,0.018,0.038,-1,Echolocation,/mnt/ubna_data_02_mir/recover-20221013/UBNA_001/20221012_030000.WAV,Telephone Field,recover-20221013,001,1795
830.0015,830.0304,68437,81181,Rhinolophus ferrumequinum,0.038,0.038,-1,Echolocation,/mnt/ubna_data_02_mir/recover-20221013/UBNA_001/20221012_030000.WAV,Telephone Field,recover-20221013,001,1795
830.0165,830.0247,24609,34018,Eptesicus serotinus,0.006,0.02,-1,Echolocation,/mnt/ubna_data_02_mir/recover-20221013/UBNA_001/20221012_030000.WAV,Telephone Field,recover-20221013,001,1795
830.0505,830.0909,68437,82170,Rhinolophus ferrumequinum,0.021,0.021,-1,Echolocation,/mnt/ubna_data_02_mir/recover-20221013/UBNA_001/20221012_030000.WAV,Telephone Field,recover-20221013,001,1795
830.1105,830.1208,23750,29480,Nyctalus leisleri,0.01,0.023,-1,Echolocation,/mnt/ubna_data_02_mir/recover-20221013/UBNA_001/20221012_030000.WAV,Telephone Field,recover-20221013,001,1795
830.1495,830.159,24609,31808,Nyctalus leisleri,0.007,0.021,-1,Echolocation,/mnt/ubna_data_02_mir/recover-20221013/UBNA_001/20221012_030000.WAV,Telephone Field,recover-20221013,001,1795
830.1585,830.197,68437,82371,Rhinolophus ferrumequinum,0.023,0.023,-1,Echolocation,/mnt/ubna_data_02_mir/recover-20221013/UBNA_001/20221012_030000.WAV,Telephone Field,recover-20221013,001,1795
830.1965,830.2336,68437,81402,Rhinolophus ferrumequinum,0.021,0.022,-1,Echolocation,/mnt/ubna_data_02_mir/recover-20221013/UBNA_001/20221012_030000.WAV,Telephone Field,recover-20221013,001,1795
830.2045,830.2454,68437,83019,Rhinolophus ferrumequinum,0.028,0.028,-1,Echolocation,/mnt/ubna_data_02_mir/recover-20221013/UBNA_001/20221012_030000.WAV,Telephone Field,recover-20221013,001,1795
830.2175,830.2259,26328,34770,Eptesicus serotinus,0.012,0.032,-1,Echolocation,/mnt/ubna_data_02_mir/recover-20221013/UBNA_001/20221012_030000.WAV,Telephone Field,recover-20221013,001,1795
830.2275,830.2706000000001,68437,83168,Rhinolophus ferrumequinum,0.029,0.029,-1,Echolocation,/mnt/ubna_data_02_mir/recover-20221013/UBNA_001/20221012_030000.WAV,Telephone Field,recover-20221013,001,1795
830.2445,830.2534,25468,33015,Eptesicus serotinus,0.007,0.022,-1,Echolocation,/mnt/ubna_data_02_mir/recover-20221013/UBNA_001/20221012_030000.WAV,Telephone Field,recover-20221013,001,1795
830.2515,830.2892,68437,81517,Rhinolophus ferrumequinum,0.023,0.023,-1,Echolocation,/mnt/ubna_data_02_mir/recover-20221013/UBNA_001/20221012_030000.WAV,Telephone Field,recover-20221013,001,1795
830.2845,830.3238,68437,82430,Rhinolophus ferrumequinum,0.023,0.023,-1,Echolocation,/mnt/ubna_data_02_mir/recover-20221013/UBNA_001/20221012_030000.WAV,Telephone Field,recover-20221013,001,1795
830.2905,830.329,68437,82681,Rhinolophus ferrumequinum,0.023,0.023,-1,Echolocation,/mnt/ubna_data_02_mir/recover-20221013/UBNA_001/20221012_030000.WAV,Telephone Field,recover-20221013,001,1795
830.2955,830.3062,24609,31038,Eptesicus serotinus,0.01,0.026,-1,Echolocation,/mnt/ubna_data_02_mir/recover-20221013/UBNA_001/20221012_030000.WAV,Telephone Field,recover-20221013,001,1795
830.3115,830.3492,68437,82250,Rhinolophus ferrumequinum,0.021,0.021,-1,Echolocation,/mnt/ubna_data_02_mir/recover-20221013/UBNA_001/20221012_030000.WAV,Telephone Field,recover-20221013,001,1795
830.3285,830.336,27187,35610,Eptesicus serotinus,0.008,0.021,-1,Echolocation,/mnt/ubna_data_02_mir/recover-20221013/UBNA_001/20221012_030000.WAV,Telephone Field,recover-20221013,001,1795
830.3295,830.3382,22031,28330,Plecotus austriacus,0.008,0.021,-1,Echolocation,/mnt/ubna_data_02_mir/recover-20221013/UBNA_001/20221012_030000.WAV,Telephone Field,recover-20221013,001,1795
830.3475,830.3582,22031,26022,Nyctalus leisleri,0.012,0.023,-1,Echolocation,/mnt/ubna_data_02_mir/recover-20221013/UBNA_001/20221012_030000.WAV,Telephone Field,recover-20221013,001,1795
830.3535,830.3909,68437,81693,Rhinolophus ferrumequinum,0.02,0.02,-1,Echolocation,/mnt/ubna_data_02_mir/recover-20221013/UBNA_001/20221012_030000.WAV,Telephone Field,recover-20221013,001,1795
830.3595,830.3695,28046,37073,Eptesicus serotinus,0.009,0.021,-1,Echolocation,/mnt/ubna_data_02_mir/recover-20221013/UBNA_001/20221012_030000.WAV,Telephone Field,recover-20221013,001,1795
830.3595,830.4003,68437,81951,Rhinolophus ferrumequinum,0.021,0.021,-1,Echolocation,/mnt/ubna_data_02_mir/recover-20221013/UBNA_001/20221012_030000.WAV,Telephone Field,recover-20221013,001,1795
830.3845,830.3922,28046,39505,Eptesicus serotinus,0.006,0.02,-1,Echolocation,/mnt/ubna_data_02_mir/recover-20221013/UBNA_001/20221012_030000.WAV,Telephone Field,recover-20221013,001,1795
830.3985,830.4095,23750,28775,Nyctalus leisleri,0.011,0.023,-1,Echolocation,/mnt/ubna_data_02_mir/recover-20221013/UBNA_001/20221012_030000.WAV,Telephone Field,recover-20221013,001,1795
830.4005,830.4428,68437,82829,Rhinolophus ferrumequinum,0.024,0.024,-1,Echolocation,/mnt/ubna_data_02_mir/recover-20221013/UBNA_001/20221012_030000.WAV,Telephone Field,recover-20221013,001,1795
830.4095,830.4527,68437,83028,Rhinolophus ferrumequinum,0.024,0.024,-1,Echolocation,/mnt/ubna_data_02_mir/recover-20221013/UBNA_001/20221012_030000.WAV,Telephone Field,recover-20221013,001,1795
830.4315,830.4694,68437,81752,Rhinolophus ferrumequinum,0.022,0.023,-1,Echolocation,/mnt/ubna_data_02_mir/recover-20221013/UBNA_001/20221012_030000.WAV,Telephone Field,recover-20221013,001,1795
830.4365,830.4492,43515,50248,Pipistrellus pipistrellus,0.014,0.021,-1,Echolocation,/mnt/ubna_data_02_mir/recover-20221013/UBNA_001/20221012_030000.WAV,Telephone Field,recover-20221013,001,1795
830.4405,830.4508,24609,31660,Eptesicus serotinus,0.01,0.03,-1,Echolocation,/mnt/ubna_data_02_mir/recover-20221013/UBNA_001/20221012_030000.WAV,Telephone Field,recover-20221013,001,1795
830.4655,830.4732,25468,34274,Eptesicus serotinus,0.006,0.021,-1,Echolocation,/mnt/ubna_data_02_mir/recover-20221013/UBNA_001/20221012_030000.WAV,Telephone Field,recover-20221013,001,1795
830.4785,830.5127,68437,80838,Rhinolophus ferrumequinum,0.027,0.027,-1,Echolocation,/mnt/ubna_data_02_mir/recover-20221013/UBNA_001/20221012_030000.WAV,Telephone Field,recover-20221013,001,1795
830.4865,830.4928,24609,40560,Plecotus austriacus,0.008,0.025,-1,Echolocation,/mnt/ubna_data_02_mir/recover-20221013/UBNA_001/20221012_030000.WAV,Telephone Field,recover-20221013,001,1795
830.5005,830.5422,68437,82871,Rhinolophus ferrumequinum,0.03,0.03,-1,Echolocation,/mnt/ubna_data_02_mir/recover-20221013/UBNA_001/20221012_030000.WAV,Telephone Field,recover-20221013,001,1795
830.5415,830.5742,68437,81534,Rhinolophus ferrumequinum,0.043,0.043,-1,Echolocation,/mnt/ubna_data_02_mir/recover-20221013/UBNA_001/20221012_030000.WAV,Telephone Field,recover-20221013,001,1795
830.5715,830.5787,28906,36778,Eptesicus serotinus,0.007,0.022,-1,Echolocation,/mnt/ubna_data_02_mir/recover-20221013/UBNA_001/20221012_030000.WAV,Telephone Field,recover-20221013,001,1795
830.5785,830.6133,68437,80988,Rhinolophus ferrumequinum,0.021,0.021,-1,Echolocation,/mnt/ubna_data_02_mir/recover-20221013/UBNA_001/20221012_030000.WAV,Telephone Field,recover-20221013,001,1795
830.6135,830.6483,68437,81263,Rhinolophus ferrumequinum,0.023,0.023,-1,Echolocation,/mnt/ubna_data_02_mir/recover-20221013/UBNA_001/20221012_030000.WAV,Telephone Field,recover-20221013,001,1795
830.6195,830.6323,27187,32962,Eptesicus serotinus,0.024,0.042,-1,Echolocation,/mnt/ubna_data_02_mir/recover-20221013/UBNA_001/20221012_030000.WAV,Telephone Field,recover-20221013,001,1795
830.6355,830.6737,68437,82772,Rhinolophus ferrumequinum,0.023,0.023,-1,Echolocation,/mnt/ubna_data_02_mir/recover-20221013/UBNA_001/20221012_030000.WAV,Telephone Field,recover-20221013,001,1795
830.6385,830.648,22890,28644,Nyctalus leisleri,0.009,0.022,-1,Echolocation,/mnt/ubna_data_02_mir/recover-20221013/UBNA_001/20221012_030000.WAV,Telephone Field,recover-20221013,001,1795
830.6655,830.6744,25468,33346,Eptesicus serotinus,0.007,0.02,-1,Echolocation,/mnt/ubna_data_02_mir/recover-20221013/UBNA_001/20221012_030000.WAV,Telephone Field,recover-20221013,001,1795
830.6955,830.7346,68437,82870,Rhinolophus ferrumequinum,0.024,0.024,-1,Echolocation,/mnt/ubna_data_02_mir/recover-20221013/UBNA_001/20221012_030000.WAV,Telephone Field,recover-20221013,001,1795
830.6955,830.7067,44375,51380,Pipistrellus pipistrellus,0.013,0.02,-1,Echolocation,/mnt/ubna_data_02_mir/recover-20221013/UBNA_001/20221012_030000.WAV,Telephone Field,recover-20221013,001,1795
830.7045,830.7152,23750,29526,Nyctalus leisleri,0.009,0.023,-1,Echolocation,/mnt/ubna_data_02_mir/recover-20221013/UBNA_001/20221012_030000.WAV,Telephone Field,recover-20221013,001,1795
830.7185,830.7564,68437,81873,Rhinolophus ferrumequinum,0.022,0.022,-1,Echolocation,/mnt/ubna_data_02_mir/recover-20221013/UBNA_001/20221012_030000.WAV,Telephone Field,recover-20221013,001,1795
830.7365,830.7444,44375,50100,Pipistrellus pipistrellus,0.021,0.025,-1,Echolocation,/mnt/ubna_data_02_mir/recover-20221013/UBNA_001/20221012_030000.WAV,Telephone Field,recover-20221013,001,1795
830.7565,830.7982,68437,82677,Rhinolophus ferrumequinum,0.026,0.026,-1,Echolocation,/mnt/ubna_data_02_mir/recover-20221013/UBNA_001/20221012_030000.WAV,Telephone Field,recover-20221013,001,1795
830.7775,830.7872,28046,35479,Eptesicus serotinus,0.017,0.032,-1,Echolocation,/mnt/ubna_data_02_mir/recover-20221013/UBNA_001/20221012_030000.WAV,Telephone Field,recover-20221013,001,1795
830.8265,830.8659,68437,82915,Rhinolophus ferrumequinum,0.025,0.025,-1,Echolocation,/mnt/ubna_data_02_mir/recover-20221013/UBNA_001/20221012_030000.WAV,Telephone Field,recover-20221013,001,1795
830.8345,830.8737,68437,82110,Rhinolophus ferrumequinum,0.021,0.021,-1,Echolocation,/mnt/ubna_data_02_mir/recover-20221013/UBNA_001/20221012_030000.WAV,Telephone Field,recover-20221013,001,1795
830.8615,830.9033,68437,83026,Rhinolophus ferrumequinum,0.031,0.031,-1,Echolocation,/mnt/ubna_data_02_mir/recover-20221013/UBNA_001/20221012_030000.WAV,Telephone Field,recover-20221013,001,1795
830.8805,830.8883,28046,39663,Eptesicus serotinus,0.007,0.02,-1,Echolocation,/mnt/ubna_data_02_mir/recover-20221013/UBNA_001/20221012_030000.WAV,Telephone Field,recover-20221013,001,1795
830.8865,830.9276,68437,82869,Rhinolophus ferrumequinum,0.02,0.02,-1,Echolocation,/mnt/ubna_data_02_mir/recover-20221013/UBNA_001/20221012_030000.WAV,Telephone Field,recover-20221013,001,1795
830.9014999999999,830.9404,68437,82152,Rhinolophus ferrumequinum,0.023,0.023,-1,Echolocation,/mnt/ubna_data_02_mir/recover-20221013/UBNA_001/20221012_030000.WAV,Telephone Field,recover-20221013,001,1795
830.9095,830.9467,68437,81517,Rhinolophus ferrumequinum,0.022,0.022,-1,Echolocation,/mnt/ubna_data_02_mir/recover-20221013/UBNA_001/20221012_030000.WAV,Telephone Field,recover-20221013,001,1795
830.9255,830.9629,68437,82179,Rhinolophus ferrumequinum,0.024,0.024,-1,Echolocation,/mnt/ubna_data_02_mir/recover-20221013/UBNA_001/20221012_030000.WAV,Telephone Field,recover-20221013,001,1795
830.9675,830.9785,28046,36258,Eptesicus serotinus,0.013,0.027,-1,Echolocation,/mnt/ubna_data_02_mir/recover-20221013/UBNA_001/20221012_030000.WAV,Telephone Field,recover-20221013,001,1795
830.9795,830.9884,28046,39782,Eptesicus serotinus,0.007,0.021,-1,Echolocation,/mnt/ubna_data_02_mir/recover-20221013/UBNA_001/20221012_030000.WAV,Telephone Field,recover-20221013,001,1795
830.9915,831.0083,15156,20436,Nyctalus noctula,0.02,0.027,-1,Echolocation,/mnt/ubna_data_02_mir/recover-20221013/UBNA_001/20221012_030000.WAV,Telephone Field,recover-20221013,001,1795
830.9925,831.0323,68437,81814,Rhinolophus ferrumequinum,0.02,0.02,-1,Echolocation,/mnt/ubna_data_02_mir/recover-20221013/UBNA_001/20221012_030000.WAV,Telephone Field,recover-20221013,001,1795
830.9975,831.0369,68437,81950,Rhinolophus ferrumequinum,0.02,0.02,-1,Echolocation,/mnt/ubna_data_02_mir/recover-20221013/UBNA_001/20221012_030000.WAV,Telephone Field,recover-20221013,001,1795
831.0105,831.0192,28046,40002,Eptesicus serotinus,0.008,0.021,-1,Echolocation,/mnt/ubna_data_02_mir/recover-20221013/UBNA_001/20221012_030000.WAV,Telephone Field,recover-20221013,001,1795
831.0115,831.052,68437,82155,Rhinolophus ferrumequinum,0.024,0.024,-1,Echolocation,/mnt/ubna_data_02_mir/recover-20221013/UBNA_001/20221012_030000.WAV,Telephone Field,recover-20221013,001,1795
831.0175,831.0267,29765,39149,Eptesicus serotinus,0.008,0.022,-1,Echolocation,/mnt/ubna_data_02_mir/recover-20221013/UBNA_001/20221012_030000.WAV,Telephone Field,recover-20221013,001,1795
831.0235,831.0609,68437,81237,Rhinolophus ferrumequinum,0.024,0.024,-1,Echolocation,/mnt/ubna_data_02_mir/recover-20221013/UBNA_001/20221012_030000.WAV,Telephone Field,recover-20221013,001,1795
831.0405,831.0503,28046,37676,Eptesicus serotinus,0.008,0.02,-1,Echolocation,/mnt/ubna_data_02_mir/recover-20221013/UBNA_001/20221012_030000.WAV,Telephone Field,recover-20221013,001,1795
831.0545,831.0898,68437,81458,Rhinolophus ferrumequinum,0.02,0.02,-1,Echolocation,/mnt/ubna_data_02_mir/recover-20221013/UBNA_001/20221012_030000.WAV,Telephone Field,recover-20221013,001,1795
831.0775,831.1167,68437,82452,Rhinolophus ferrumequinum,0.025,0.025,-1,Echolocation,/mnt/ubna_data_02_mir/recover-20221013/UBNA_001/20221012_030000.WAV,Telephone Field,recover-20221013,001,1795
831.0975,831.1381,68437,82528,Rhinolophus ferrumequinum,0.021,0.021,-1,Echolocation,/mnt/ubna_data_02_mir/recover-20221013/UBNA_001/20221012_030000.WAV,Telephone Field,recover-20221013,001,1795
831.1255,831.1632,68437,82640,Rhinolophus ferrumequinum,0.022,0.022,-1,Echolocation,/mnt/ubna_data_02_mir/recover-20221013/UBNA_001/20221012_030000.WAV,Telephone Field,recover-20221013,001,1795
831.1605,831.1709,22890,28152,Nyctalus leisleri,0.009,0.02,-1,Echolocation,/mnt/ubna_data_02_mir/recover-20221013/UBNA_001/20221012_030000.WAV,Telephone Field,recover-20221013,001,1795
831.1655,831.2073,68437,82709,Rhinolophus ferrumequinum,0.028,0.028,-1,Echolocation,/mnt/ubna_data_02_mir/recover-20221013/UBNA_001/20221012_030000.WAV,Telephone Field,recover-20221013,001,1795
831.1795,831.2192,68437,82387,Rhinolophus ferrumequinum,0.022,0.022,-1,Echolocation,/mnt/ubna_data_02_mir/recover-20221013/UBNA_001/20221012_030000.WAV,Telephone Field,recover-20221013,001,1795
831.1985,831.2088,25468,32749,Eptesicus serotinus,0.01,0.021,-1,Echolocation,/mnt/ubna_data_02_mir/recover-20221013/UBNA_001/20221012_030000.WAV,Telephone Field,recover-20221013,001,1795
831.2125,831.2512,68437,82302,Rhinolophus ferrumequinum,0.024,0.024,-1,Echolocation,/mnt/ubna_data_02_mir/recover-20221013/UBNA_001/20221012_030000.WAV,Telephone Field,recover-20221013,001,1795
831.2295,831.2382,28906,38036,Eptesicus serotinus,0.007,0.021,-1,Echolocation,/mnt/ubna_data_02_mir/recover-20221013/UBNA_001/20221012_030000.WAV,Telephone Field,recover-20221013,001,1795
831.2385,831.2763,68437,82416,Rhinolophus ferrumequinum,0.026,0.026,-1,Echolocation,/mnt/ubna_data_02_mir/recover-20221013/UBNA_001/20221012_030000.WAV,Telephone Field,recover-20221013,001,1795
831.2535,831.2952,68437,82907,Rhinolophus ferrumequinum,0.027,0.027,-1,Echolocation,/mnt/ubna_data_02_mir/recover-20221013/UBNA_001/20221012_030000.WAV,Telephone Field,recover-20221013,001,1795
831.2545,831.2622,28046,39561,Eptesicus serotinus,0.008,0.022,-1,Echolocation,/mnt/ubna_data_02_mir/recover-20221013/UBNA_001/20221012_030000.WAV,Telephone Field,recover-20221013,001,1795
831.2745,831.3124,68437,82598,Rhinolophus ferrumequinum,0.022,0.022,-1,Echolocation,/mnt/ubna_data_02_mir/recover-20221013/UBNA_001/20221012_030000.WAV,Telephone Field,recover-20221013,001,1795
831.2995,831.3374,68437,82343,Rhinolophus ferrumequinum,0.022,0.022,-1,Echolocation,/mnt/ubna_data_02_mir/recover-20221013/UBNA_001/20221012_030000.WAV,Telephone Field,recover-20221013,001,1795
831.3185,831.33,23750,29790,Nyctalus leisleri,0.011,0.03,-1,Echolocation,/mnt/ubna_data_02_mir/recover-20221013/UBNA_001/20221012_030000.WAV,Telephone Field,recover-20221013,001,1795
831.3215,831.3591,68437,82318,Rhinolophus ferrumequinum,0.022,0.022,-1,Echolocation,/mnt/ubna_data_02_mir/recover-20221013/UBNA_001/20221012_030000.WAV,Telephone Field,recover-20221013,001,1795
831.3515,831.3628,23750,29493,Nyctalus leisleri,0.008,0.021,-1,Echolocation,/mnt/ubna_data_02_mir/recover-20221013/UBNA_001/20221012_030000.WAV,Telephone Field,recover-20221013,001,1795
831.3705,831.3816,23750,29296,Nyctalus leisleri,0.009,0.021,-1,Echolocation,/mnt/ubna_data_02_mir/recover-20221013/UBNA_001/20221012_030000.WAV,Telephone Field,recover-20221013,001,1795
831.3715,831.4112,68437,82328,Rhinolophus ferrumequinum,0.022,0.022,-1,Echolocation,/mnt/ubna_data_02_mir/recover-20221013/UBNA_001/20221012_030000.WAV,Telephone Field,recover-20221013,001,1795
831.3775,831.3881,28906,36330,Eptesicus serotinus,0.011,0.025,-1,Echolocation,/mnt/ubna_data_02_mir/recover-20221013/UBNA_001/20221012_030000.WAV,Telephone Field,recover-20221013,001,1795
831.4085,831.4483,68437,81983,Rhinolophus ferrumequinum,0.02,0.02,-1,Echolocation,/mnt/ubna_data_02_mir/recover-20221013/UBNA_001/20221012_030000.WAV,Telephone Field,recover-20221013,001,1795
831.4165,831.4252,28046,39982,Eptesicus serotinus,0.009,0.022,-1,Echolocation,/mnt/ubna_data_02_mir/recover-20221013/UBNA_001/20221012_030000.WAV,Telephone Field,recover-20221013,001,1795
831.4245,831.4351,51250,55877,Pipistrellus pipistrellus,0.033,0.039,-1,Echolocation,/mnt/ubna_data_02_mir/recover-20221013/UBNA_001/20221012_030000.WAV,Telephone Field,recover-20221013,001,1795
831.4425,831.4823,68437,82380,Rhinolophus ferrumequinum,0.02,0.02,-1,Echolocation,/mnt/ubna_data_02_mir/recover-20221013/UBNA_001/20221012_030000.WAV,Telephone Field,recover-20221013,001,1795
831.4525,831.4625,28046,35590,Eptesicus serotinus,0.014,0.026,-1,Echolocation,/mnt/ubna_data_02_mir/recover-20221013/UBNA_001/20221012_030000.WAV,Telephone Field,recover-20221013,001,1795
831.4685,831.508,68437,81970,Rhinolophus ferrumequinum,0.02,0.02,-1,Echolocation,/mnt/ubna_data_02_mir/recover-20221013/UBNA_001/20221012_030000.WAV,Telephone Field,recover-20221013,001,1795
831.5165,831.5581,68437,83274,Rhinolophus ferrumequinum,0.023,0.023,-1,Echolocation,/mnt/ubna_data_02_mir/recover-20221013/UBNA_001/20221012_030000.WAV,Telephone Field,recover-20221013,001,1795
831.5175,831.5281,23750,30485,Nyctalus leisleri,0.009,0.024,-1,Echolocation,/mnt/ubna_data_02_mir/recover-20221013/UBNA_001/20221012_030000.WAV,Telephone Field,recover-20221013,001,1795
831.5415,831.581,68437,82687,Rhinolophus ferrumequinum,0.024,0.025,-1,Echolocation,/mnt/ubna_data_02_mir/recover-20221013/UBNA_001/20221012_030000.WAV,Telephone Field,recover-20221013,001,1795
831.5485,831.5561,27187,38396,Eptesicus serotinus,0.006,0.022,-1,Echolocation,/mnt/ubna_data_02_mir/recover-20221013/UBNA_001/20221012_030000.WAV,Telephone Field,recover-20221013,001,1795
831.5545,831.5631,28046,38348,Eptesicus serotinus,0.008,0.021,-1,Echolocation,/mnt/ubna_data_02_mir/recover-20221013/UBNA_001/20221012_030000.WAV,Telephone Field,recover-20221013,001,1795
831.5925,831.631,68437,81945,Rhinolophus ferrumequinum,0.024,0.024,-1,Echolocation,/mnt/ubna_data_02_mir/recover-20221013/UBNA_001/20221012_030000.WAV,Telephone Field,recover-20221013,001,1795
831.6375,831.6766,68437,82367,Rhinolophus ferrumequinum,0.022,0.022,-1,Echolocation,/mnt/ubna_data_02_mir/recover-20221013/UBNA_001/20221012_030000.WAV,Telephone Field,recover-20221013,001,1795
831.6485,831.6889,68437,82769,Rhinolophus ferrumequinum,0.022,0.022,-1,Echolocation,/mnt/ubna_data_02_mir/recover-20221013/UBNA_001/20221012_030000.WAV,Telephone Field,recover-20221013,001,1795
831.6595,831.6682,27187,38504,Eptesicus serotinus,0.009,0.024,-1,Echolocation,/mnt/ubna_data_02_mir/recover-20221013/UBNA_001/20221012_030000.WAV,Telephone Field,recover-20221013,001,1795
831.6975,831.7344,68437,81701,Rhinolophus ferrumequinum,0.021,0.021,-1,Echolocation,/mnt/ubna_data_02_mir/recover-20221013/UBNA_001/20221012_030000.WAV,Telephone Field,recover-20221013,001,1795
831.7125,831.7521,68437,82741,Rhinolophus ferrumequinum,0.023,0.023,-1,Echolocation,/mnt/ubna_data_02_mir/recover-20221013/UBNA_001/20221012_030000.WAV,Telephone Field,recover-20221013,001,1795
831.7195,831.7584,68437,82437,Rhinolophus ferrumequinum,0.022,0.022,-1,Echolocation,/mnt/ubna_data_02_mir/recover-20221013/UBNA_001/20221012_030000.WAV,Telephone Field,recover-20221013,001,1795
831.7295,831.7385,28906,37256,Eptesicus serotinus,0.009,0.023,-1,Echolocation,/mnt/ubna_data_02_mir/recover-20221013/UBNA_001/20221012_030000.WAV,Telephone Field,recover-20221013,001,1795
831.7435,831.779,68437,81610,Rhinolophus ferrumequinum,0.02,0.02,-1,Echolocation,/mnt/ubna_data_02_mir/recover-20221013/UBNA_001/20221012_030000.WAV,Telephone Field,recover-20221013,001,1795
831.7715,831.7783,28046,40480,Eptesicus serotinus,0.006,0.022,-1,Echolocation,/mnt/ubna_data_02_mir/recover-20221013/UBNA_001/20221012_030000.WAV,Telephone Field,recover-20221013,001,1795
831.8045,831.8433,68437,82256,Rhinolophus ferrumequinum,0.022,0.022,-1,Echolocation,/mnt/ubna_data_02_mir/recover-20221013/UBNA_001/20221012_030000.WAV,Telephone Field,recover-20221013,001,1795
831.8295,831.8675,68437,82036,Rhinolophus ferrumequinum,0.021,0.021,-1,Echolocation,/mnt/ubna_data_02_mir/recover-20221013/UBNA_001/20221012_030000.WAV,Telephone Field,recover-20221013,001,1795
831.8605,831.8975,68437,82060,Rhinolophus ferrumequinum,0.022,0.022,-1,Echolocation,/mnt/ubna_data_02_mir/recover-20221013/UBNA_001/20221012_030000.WAV,Telephone Field,recover-20221013,001,1795
831.8745,831.9128,68437,82611,Rhinolophus ferrumequinum,0.021,0.021,-1,Echolocation,/mnt/ubna_data_02_mir/recover-20221013/UBNA_001/20221012_030000.WAV,Telephone Field,recover-20221013,001,1795
831.9175,831.9594,68437,83482,Rhinolophus ferrumequinum,0.038,0.038,-1,Echolocation,/mnt/ubna_data_02_mir/recover-20221013/UBNA_001/20221012_030000.WAV,Telephone Field,recover-20221013,001,1795
831.9565,831.9951,68437,82757,Rhinolophus ferrumequinum,0.023,0.023,-1,Echolocation,/mnt/ubna_data_02_mir/recover-20221013/UBNA_001/20221012_030000.WAV,Telephone Field,recover-20221013,001,1795
831.9865,831.9954,28046,39569,Eptesicus serotinus,0.008,0.02,-1,Echolocation,/mnt/ubna_data_02_mir/recover-20221013/UBNA_001/20221012_030000.WAV,Telephone Field,recover-20221013,001,1795
832.0015,832.0347,68437,79687,Rhinolophus ferrumequinum,0.049,0.049,-1,Echolocation,/mnt/ubna_data_02_mir/recover-20221013/UBNA_001/20221012_030000.WAV,Telephone Field,recover-20221013,001,1795
832.0015,832.0108,22890,29815,Nyctalus leisleri,0.011,0.028,-1,Echolocation,/mnt/ubna_data_02_mir/recover-20221013/UBNA_001/20221012_030000.WAV,Telephone Field,recover-20221013,001,1795
832.0015,832.0128,47812,52208,Pipistrellus pipistrellus,0.026,0.038,-1,Echolocation,/mnt/ubna_data_02_mir/recover-20221013/UBNA_001/20221012_030000.WAV,Telephone Field,recover-20221013,001,1795
832.0015,832.0136,54687,61176,Pipistrellus pygmaeus,0.023,0.027,-1,Echolocation,/mnt/ubna_data_02_mir/recover-20221013/UBNA_001/20221012_030000.WAV,Telephone Field,recover-20221013,001,1795
832.0255,832.0363,40078,44447,Pipistrellus nathusii,0.014,0.034,-1,Echolocation,/mnt/ubna_data_02_mir/recover-20221013/UBNA_001/20221012_030000.WAV,Telephone Field,recover-20221013,001,1795
832.0405,832.0769,68437,82000,Rhinolophus ferrumequinum,0.023,0.023,-1,Echolocation,/mnt/ubna_data_02_mir/recover-20221013/UBNA_001/20221012_030000.WAV,Telephone Field,recover-20221013,001,1795
832.0925,832.1028,22890,29211,Nyctalus leisleri,0.011,0.029,-1,Echolocation,/mnt/ubna_data_02_mir/recover-20221013/UBNA_001/20221012_030000.WAV,Telephone Field,recover-20221013,001,1795
832.0965,832.1339,68437,82147,Rhinolophus ferrumequinum,0.021,0.021,-1,Echolocation,/mnt/ubna_data_02_mir/recover-20221013/UBNA_001/20221012_030000.WAV,Telephone Field,recover-20221013,001,1795
832.1355,832.1472,22031,28163,Nyctalus leisleri,0.01,0.027,-1,Echolocation,/mnt/ubna_data_02_mir/recover-20221013/UBNA_001/20221012_030000.WAV,Telephone Field,recover-20221013,001,1795
832.1355,832.1442,28046,37477,Eptesicus serotinus,0.011,0.027,-1,Echolocation,/mnt/ubna_data_02_mir/recover-20221013/UBNA_001/20221012_030000.WAV,Telephone Field,recover-20221013,001,1795
832.1445,832.1535,25468,33554,Eptesicus serotinus,0.008,0.023,-1,Echolocation,/mnt/ubna_data_02_mir/recover-20221013/UBNA_001/20221012_030000.WAV,Telephone Field,recover-20221013,001,1795
832.2415,832.2516,28906,36295,Eptesicus serotinus,0.009,0.023,-1,Echolocation,/mnt/ubna_data_02_mir/recover-20221013/UBNA_001/20221012_030000.WAV,Telephone Field,recover-20221013,001,1795
832.2495,832.2592,28906,36512,Eptesicus serotinus,0.008,0.022,-1,Echolocation,/mnt/ubna_data_02_mir/recover-20221013/UBNA_001/20221012_030000.WAV,Telephone Field,recover-20221013,001,1795
832.3095,832.3202,22890,27666,Nyctalus leisleri,0.011,0.022,-1,Echolocation,/mnt/ubna_data_02_mir/recover-20221013/UBNA_001/20221012_030000.WAV,Telephone Field,recover-20221013,001,1795
832.3115,832.352,68437,82836,Rhinolophus ferrumequinum,0.024,0.024,-1,Echolocation,/mnt/ubna_data_02_mir/recover-20221013/UBNA_001/20221012_030000.WAV,Telephone Field,recover-20221013,001,1795
832.3445,832.3567,22031,25875,Nyctalus leisleri,0.013,0.022,-1,Echolocation,/mnt/ubna_data_02_mir/recover-20221013/UBNA_001/20221012_030000.WAV,Telephone Field,recover-20221013,001,1795
832.4285,832.4702,68437,82690,Rhinolophus ferrumequinum,0.026,0.026,-1,Echolocation,/mnt/ubna_data_02_mir/recover-20221013/UBNA_001/20221012_030000.WAV,Telephone Field,recover-20221013,001,1795
832.4565,832.4975,68437,82772,Rhinolophus ferrumequinum,0.027,0.027,-1,Echolocation,/mnt/ubna_data_02_mir/recover-20221013/UBNA_001/20221012_030000.WAV,Telephone Field,recover-20221013,001,1795
832.4895,832.527,68437,81458,Rhinolophus ferrumequinum,0.021,0.021,-1,Echolocation,/mnt/ubna_data_02_mir/recover-20221013/UBNA_001/20221012_030000.WAV,Telephone Field,recover-20221013,001,1795
832.5185,832.5566,68437,82066,Rhinolophus ferrumequinum,0.022,0.022,-1,Echolocation,/mnt/ubna_data_02_mir/recover-20221013/UBNA_001/20221012_030000.WAV,Telephone Field,recover-20221013,001,1795
832.5395,832.5765,68437,81363,Rhinolophus ferrumequinum,0.022,0.022,-1,Echolocation,/mnt/ubna_data_02_mir/recover-20221013/UBNA_001/20221012_030000.WAV,Telephone Field,recover-20221013,001,1795
832.5475,832.586,68437,81387,Rhinolophus ferrumequinum,0.025,0.025,-1,Echolocation,/mnt/ubna_data_02_mir/recover-20221013/UBNA_001/20221012_030000.WAV,Telephone Field,recover-20221013,001,1795
832.5555,832.5632,28046,41269,Eptesicus serotinus,0.008,0.024,-1,Echolocation,/mnt/ubna_data_02_mir/recover-20221013/UBNA_001/20221012_030000.WAV,Telephone Field,recover-20221013,001,1795
832.5715,832.5801,22890,30155,Plecotus austriacus,0.009,0.024,-1,Echolocation,/mnt/ubna_data_02_mir/recover-20221013/UBNA_001/20221012_030000.WAV,Telephone Field,recover-20221013,001,1795
832.5885,832.6283,68437,82272,Rhinolophus ferrumequinum,0.023,0.023,-1,Echolocation,/mnt/ubna_data_02_mir/recover-20221013/UBNA_001/20221012_030000.WAV,Telephone Field,recover-20221013,001,1795
832.5975,832.6049,46093,51379,Pipistrellus pipistrellus,0.022,0.024,-1,Echolocation,/mnt/ubna_data_02_mir/recover-20221013/UBNA_001/20221012_030000.WAV,Telephone Field,recover-20221013,001,1795
832.6135,832.6199,27187,36997,Eptesicus serotinus,0.005,0.022,-1,Echolocation,/mnt/ubna_data_02_mir/recover-20221013/UBNA_001/20221012_030000.WAV,Telephone Field,recover-20221013,001,1795
832.6265,832.6677999999999,68437,82519,Rhinolophus ferrumequinum,0.028,0.028,-1,Echolocation,/mnt/ubna_data_02_mir/recover-20221013/UBNA_001/20221012_030000.WAV,Telephone Field,recover-20221013,001,1795
832.6475,832.6872,68437,82121,Rhinolophus ferrumequinum,0.022,0.022,-1,Echolocation,/mnt/ubna_data_02_mir/recover-20221013/UBNA_001/20221012_030000.WAV,Telephone Field,recover-20221013,001,1795
832.6514999999999,832.6616,22890,28472,Nyctalus leisleri,0.009,0.022,-1,Echolocation,/mnt/ubna_data_02_mir/recover-20221013/UBNA_001/20221012_030000.WAV,Telephone Field,recover-20221013,001,1795
832.6615,832.6711,28046,37035,Eptesicus serotinus,0.012,0.027,-1,Echolocation,/mnt/ubna_data_02_mir/recover-20221013/UBNA_001/20221012_030000.WAV,Telephone Field,recover-20221013,001,1795
832.6805,832.719,68437,81890,Rhinolophus ferrumequinum,0.03,0.03,-1,Echolocation,/mnt/ubna_data_02_mir/recover-20221013/UBNA_001/20221012_030000.WAV,Telephone Field,recover-20221013,001,1795
832.7095,832.7174,26328,35960,Eptesicus serotinus,0.008,0.023,-1,Echolocation,/mnt/ubna_data_02_mir/recover-20221013/UBNA_001/20221012_030000.WAV,Telephone Field,recover-20221013,001,1795
832.7175,832.7558,68437,81517,Rhinolophus ferrumequinum,0.025,0.025,-1,Echolocation,/mnt/ubna_data_02_mir/recover-20221013/UBNA_001/20221012_030000.WAV,Telephone Field,recover-20221013,001,1795
832.7245,832.7655,68437,82494,Rhinolophus ferrumequinum,0.023,0.023,-1,Echolocation,/mnt/ubna_data_02_mir/recover-20221013/UBNA_001/20221012_030000.WAV,Telephone Field,recover-20221013,001,1795
832.7295,832.7396,24609,31943,Nyctalus leisleri,0.008,0.023,-1,Echolocation,/mnt/ubna_data_02_mir/recover-20221013/UBNA_001/20221012_030000.WAV,Telephone Field,recover-20221013,001,1795
832.7345,832.7433,28046,37039,Eptesicus serotinus,0.009,0.024,-1,Echolocation,/mnt/ubna_data_02_mir/recover-20221013/UBNA_001/20221012_030000.WAV,Telephone Field,recover-20221013,001,1795
832.7575,832.7948,68437,81599,Rhinolophus ferrumequinum,0.039,0.039,-1,Echolocation,/mnt/ubna_data_02_mir/recover-20221013/UBNA_001/20221012_030000.WAV,Telephone Field,recover-20221013,001,1795
832.7585,832.7662,28906,38874,Eptesicus serotinus,0.008,0.025,-1,Echolocation,/mnt/ubna_data_02_mir/recover-20221013/UBNA_001/20221012_030000.WAV,Telephone Field,recover-20221013,001,1795
832.8145,832.8535,68437,82993,Rhinolophus ferrumequinum,0.021,0.021,-1,Echolocation,/mnt/ubna_data_02_mir/recover-20221013/UBNA_001/20221012_030000.WAV,Telephone Field,recover-20221013,001,1795
832.8515,832.8912,68437,82352,Rhinolophus ferrumequinum,0.034,0.034,-1,Echolocation,/mnt/ubna_data_02_mir/recover-20221013/UBNA_001/20221012_030000.WAV,Telephone Field,recover-20221013,001,1795
832.9195,832.9593,68437,81906,Rhinolophus ferrumequinum,0.024,0.024,-1,Echolocation,/mnt/ubna_data_02_mir/recover-20221013/UBNA_001/20221012_030000.WAV,Telephone Field,recover-20221013,001,1795
832.9235,832.932,50390,56687,Pipistrellus pipistrellus,0.018,0.021,-1,Echolocation,/mnt/ubna_data_02_mir/recover-20221013/UBNA_001/20221012_030000.WAV,Telephone Field,recover-20221013,001,1795
832.9245,832.9354,23750,29448,Nyctalus leisleri,0.012,0.027,-1,Echolocation,/mnt/ubna_data_02_mir/recover-20221013/UBNA_001/20221012_030000.WAV,Telephone Field,recover-20221013,001,1795
832.9815,832.9889000000001,27187,36800,Eptesicus serotinus,0.011,0.031,-1,Echolocation,/mnt/ubna_data_02_mir/recover-20221013/UBNA_001/20221012_030000.WAV,Telephone Field,recover-20221013,001,1795
833.0055,833.0427,68437,82068,Rhinolophus ferrumequinum,0.024,0.024,-1,Echolocation,/mnt/ubna_data_02_mir/recover-20221013/UBNA_001/20221012_030000.WAV,Telephone Field,recover-20221013,001,1795
833.0255,833.0615,68437,82773,Rhinolophus ferrumequinum,0.024,0.024,-1,Echolocation,/mnt/ubna_data_02_mir/recover-20221013/UBNA_001/20221012_030000.WAV,Telephone Field,recover-20221013,001,1795
833.0355,833.0451,28046,35861,Eptesicus serotinus,0.01,0.024,-1,Echolocation,/mnt/ubna_data_02_mir/recover-20221013/UBNA_001/20221012_030000.WAV,Telephone Field,recover-20221013,001,1795
833.0595,833.0667,28906,40982,Eptesicus serotinus,0.006,0.023,-1,Echolocation,/mnt/ubna_data_02_mir/recover-20221013/UBNA_001/20221012_030000.WAV,Telephone Field,recover-20221013,001,1795
833.0905,833.1294,68437,81900,Rhinolophus ferrumequinum,0.022,0.023,-1,Echolocation,/mnt/ubna_data_02_mir/recover-20221013/UBNA_001/20221012_030000.WAV,Telephone Field,recover-20221013,001,1795
833.0915,833.1019,28046,36109,Eptesicus serotinus,0.01,0.023,-1,Echolocation,/mnt/ubna_data_02_mir/recover-20221013/UBNA_001/20221012_030000.WAV,Telephone Field,recover-20221013,001,1795
833.1205,833.1297,28906,36312,Eptesicus serotinus,0.01,0.024,-1,Echolocation,/mnt/ubna_data_02_mir/recover-20221013/UBNA_001/20221012_030000.WAV,Telephone Field,recover-20221013,001,1795
833.1514999999999,833.1899,68437,82240,Rhinolophus ferrumequinum,0.021,0.021,-1,Echolocation,/mnt/ubna_data_02_mir/recover-20221013/UBNA_001/20221012_030000.WAV,Telephone Field,recover-20221013,001,1795
833.1705,833.207,68437,81650,Rhinolophus ferrumequinum,0.022,0.022,-1,Echolocation,/mnt/ubna_data_02_mir/recover-20221013/UBNA_001/20221012_030000.WAV,Telephone Field,recover-20221013,001,1795
833.2115,833.2476,68437,81081,Rhinolophus ferrumequinum,0.021,0.022,-1,Echolocation,/mnt/ubna_data_02_mir/recover-20221013/UBNA_001/20221012_030000.WAV,Telephone Field,recover-20221013,001,1795
833.2475,833.2851,68437,82246,Rhinolophus ferrumequinum,0.023,0.023,-1,Echolocation,/mnt/ubna_data_02_mir/recover-20221013/UBNA_001/20221012_030000.WAV,Telephone Field,recover-20221013,001,1795
833.2575,833.2957,68437,82269,Rhinolophus ferrumequinum,0.022,0.022,-1,Echolocation,/mnt/ubna_data_02_mir/recover-20221013/UBNA_001/20221012_030000.WAV,Telephone Field,recover-20221013,001,1795
833.2645,833.2705,28046,40884,Myotis daubentonii,0.006,0.028,-1,Echolocation,/mnt/ubna_data_02_mir/recover-20221013/UBNA_001/20221012_030000.WAV,Telephone Field,recover-20221013,001,1795
833.2985,833.3067,25468,37737,Eptesicus serotinus,0.007,0.023,-1,Echolocation,/mnt/ubna_data_02_mir/recover-20221013/UBNA_001/20221012_030000.WAV,Telephone Field,recover-20221013,001,1795
833.3235,833.3621,68437,81712,Rhinolophus ferrumequinum,0.03,0.03,-1,Echolocation,/mnt/ubna_data_02_mir/recover-20221013/UBNA_001/20221012_030000.WAV,Telephone Field,recover-20221013,001,1795
833.3355,833.3715,68437,81353,Rhinolophus ferrumequinum,0.024,0.024,-1,Echolocation,/mnt/ubna_data_02_mir/recover-20221013/UBNA_001/20221012_030000.WAV,Telephone Field,recover-20221013,001,1795
833.3675,833.4079,68437,82450,Rhinolophus ferrumequinum,0.027,0.027,-1,Echolocation,/mnt/ubna_data_02_mir/recover-20221013/UBNA_001/20221012_030000.WAV,Telephone Field,recover-20221013,001,1795
833.3785,833.3852,24609,38339,Plecotus austriacus,0.008,0.026,-1,Echolocation,/mnt/ubna_data_02_mir/recover-20221013/UBNA_001/20221012_030000.WAV,Telephone Field,recover-20221013,001,1795
833.3895,833.429,68437,83045,Rhinolophus ferrumequinum,0.023,0.023,-1,Echolocation,/mnt/ubna_data_02_mir/recover-20221013/UBNA_001/20221012_030000.WAV,Telephone Field,recover-20221013,001,1795
833.4375,833.4777,68437,82663,Rhinolophus ferrumequinum,0.024,0.024,-1,Echolocation,/mnt/ubna_data_02_mir/recover-20221013/UBNA_001/20221012_030000.WAV,Telephone Field,recover-20221013,001,1795
833.4975,833.5333,68437,81374,Rhinolophus ferrumequinum,0.021,0.021,-1,Echolocation,/mnt/ubna_data_02_mir/recover-20221013/UBNA_001/20221012_030000.WAV,Telephone Field,recover-20221013,001,1795
833.5045,833.5392,68437,82004,Rhinolophus ferrumequinum,0.022,0.022,-1,Echolocation,/mnt/ubna_data_02_mir/recover-20221013/UBNA_001/20221012_030000.WAV,Telephone Field,recover-20221013,001,1795
833.5125,833.5524,68437,82161,Rhinolophus ferrumequinum,0.021,0.021,-1,Echolocation,/mnt/ubna_data_02_mir/recover-20221013/UBNA_001/20221012_030000.WAV,Telephone Field,recover-20221013,001,1795
833.5815,833.5916,43515,46457,Pipistrellus pipistrellus,0.046,0.05,-1,Echolocation,/mnt/ubna_data_02_mir/recover-20221013/UBNA_001/20221012_030000.WAV,Telephone Field,recover-20221013,001,1795
833.6315,833.6421,23750,30147,Nyctalus leisleri,0.009,0.022,-1,Echolocation,/mnt/ubna_data_02_mir/recover-20221013/UBNA_001/20221012_030000.WAV,Telephone Field,recover-20221013,001,1795
833.6755,833.7132,68437,81653,Rhinolophus ferrumequinum,0.022,0.022,-1,Echolocation,/mnt/ubna_data_02_mir/recover-20221013/UBNA_001/20221012_030000.WAV,Telephone Field,recover-20221013,001,1795
833.6925,833.7072000000001,21171,24913,Nyctalus leisleri,0.015,0.026,-1,Echolocation,/mnt/ubna_data_02_mir/recover-20221013/UBNA_001/20221012_030000.WAV,Telephone Field,recover-20221013,001,1795
833.6975,833.7352,68437,82002,Rhinolophus ferrumequinum,0.021,0.021,-1,Echolocation,/mnt/ubna_data_02_mir/recover-20221013/UBNA_001/20221012_030000.WAV,Telephone Field,recover-20221013,001,1795
833.7055,833.7463,68437,82652,Rhinolophus ferrumequinum,0.025,0.025,-1,Echolocation,/mnt/ubna_data_02_mir/recover-20221013/UBNA_001/20221012_030000.WAV,Telephone Field,recover-20221013,001,1795
833.7135,833.7224,46953,50124,Pipistrellus pipistrellus,0.031,0.033,-1,Echolocation,/mnt/ubna_data_02_mir/recover-20221013/UBNA_001/20221012_030000.WAV,Telephone Field,recover-20221013,001,1795
833.7155,833.7239,28046,39161,Eptesicus serotinus,0.008,0.022,-1,Echolocation,/mnt/ubna_data_02_mir/recover-20221013/UBNA_001/20221012_030000.WAV,Telephone Field,recover-20221013,001,1795
833.7435,833.7814,68437,81972,Rhinolophus ferrumequinum,0.021,0.021,-1,Echolocation,/mnt/ubna_data_02_mir/recover-20221013/UBNA_001/20221012_030000.WAV,Telephone Field,recover-20221013,001,1795
833.7445,833.7505,29765,49217,Myotis daubentonii,0.01,0.023,-1,Echolocation,/mnt/ubna_data_02_mir/recover-20221013/UBNA_001/20221012_030000.WAV,Telephone Field,recover-20221013,001,1795
833.7755,833.8121,68437,81435,Rhinolophus ferrumequinum,0.022,0.022,-1,Echolocation,/mnt/ubna_data_02_mir/recover-20221013/UBNA_001/20221012_030000.WAV,Telephone Field,recover-20221013,001,1795
833.7775,833.785,28046,40044,Eptesicus serotinus,0.015,0.04,-1,Echolocation,/mnt/ubna_data_02_mir/recover-20221013/UBNA_001/20221012_030000.WAV,Telephone Field,recover-20221013,001,1795
833.7895,833.799,27187,35938,Eptesicus serotinus,0.008,0.021,-1,Echolocation,/mnt/ubna_data_02_mir/recover-20221013/UBNA_001/20221012_030000.WAV,Telephone Field,recover-20221013,001,1795
833.8185,833.8568,68437,82084,Rhinolophus ferrumequinum,0.024,0.024,-1,Echolocation,/mnt/ubna_data_02_mir/recover-20221013/UBNA_001/20221012_030000.WAV,Telephone Field,recover-20221013,001,1795
833.8525,833.8913,68437,82144,Rhinolophus ferrumequinum,0.024,0.024,-1,Echolocation,/mnt/ubna_data_02_mir/recover-20221013/UBNA_001/20221012_030000.WAV,Telephone Field,recover-20221013,001,1795
833.8865,833.9301,68437,83973,Rhinolophus ferrumequinum,0.033,0.033,-1,Echolocation,/mnt/ubna_data_02_mir/recover-20221013/UBNA_001/20221012_030000.WAV,Telephone Field,recover-20221013,001,1795
833.8895,833.8992,27187,36217,Eptesicus serotinus,0.013,0.029,-1,Echolocation,/mnt/ubna_data_02_mir/recover-20221013/UBNA_001/20221012_030000.WAV,Telephone Field,recover-20221013,001,1795
833.9165,833.9258,28906,36953,Eptesicus serotinus,0.008,0.024,-1,Echolocation,/mnt/ubna_data_02_mir/recover-20221013/UBNA_001/20221012_030000.WAV,Telephone Field,recover-20221013,001,1795
833.9265,833.9651,68437,82416,Rhinolophus ferrumequinum,0.022,0.022,-1,Echolocation,/mnt/ubna_data_02_mir/recover-20221013/UBNA_001/20221012_030000.WAV,Telephone Field,recover-20221013,001,1795
833.9755,833.9822,27187,40126,Eptesicus serotinus,0.005,0.022,-1,Echolocation,/mnt/ubna_data_02_mir/recover-20221013/UBNA_001/20221012_030000.WAV,Telephone Field,recover-20221013,001,1795
833.9865,833.9958,27187,36010,Eptesicus serotinus,0.009,0.022,-1,Echolocation,/mnt/ubna_data_02_mir/recover-20221013/UBNA_001/20221012_030000.WAV,Telephone Field,recover-20221013,001,1795
834.0015,834.0091,47812,53302,Pipistrellus pipistrellus,0.016,0.02,-1,Echolocation,/mnt/ubna_data_02_mir/recover-20221013/UBNA_001/20221012_030000.WAV,Telephone Field,recover-20221013,001,1795
834.0015,834.0107,27187,35573,Nyctalus leisleri,0.008,0.025,-1,Echolocation,/mnt/ubna_data_02_mir/recover-20221013/UBNA_001/20221012_030000.WAV,Telephone Field,recover-20221013,001,1795
834.0015,834.0358,68437,79732,Rhinolophus ferrumequinum,0.025,0.025,-1,Echolocation,/mnt/ubna_data_02_mir/recover-20221013/UBNA_001/20221012_030000.WAV,Telephone Field,recover-20221013,001,1795
834.0385,834.0782,68437,81980,Rhinolophus ferrumequinum,0.022,0.022,-1,Echolocation,/mnt/ubna_data_02_mir/recover-20221013/UBNA_001/20221012_030000.WAV,Telephone Field,recover-20221013,001,1795
834.0475,834.0549,28046,39844,Eptesicus serotinus,0.008,0.027,-1,Echolocation,/mnt/ubna_data_02_mir/recover-20221013/UBNA_001/20221012_030000.WAV,Telephone Field,recover-20221013,001,1795
834.0895,834.1278,68437,81472,Rhinolophus ferrumequinum,0.024,0.024,-1,Echolocation,/mnt/ubna_data_02_mir/recover-20221013/UBNA_001/20221012_030000.WAV,Telephone Field,recover-20221013,001,1795
834.1045,834.1443,68437,82435,Rhinolophus ferrumequinum,0.029,0.029,-1,Echolocation,/mnt/ubna_data_02_mir/recover-20221013/UBNA_001/20221012_030000.WAV,Telephone Field,recover-20221013,001,1795
834.1275,834.1693,68437,82886,Rhinolophus ferrumequinum,0.034,0.034,-1,Echolocation,/mnt/ubna_data_02_mir/recover-20221013/UBNA_001/20221012_030000.WAV,Telephone Field,recover-20221013,001,1795
834.1645,834.18,20312,23313,Nyctalus leisleri,0.013,0.02,-1,Echolocation,/mnt/ubna_data_02_mir/recover-20221013/UBNA_001/20221012_030000.WAV,Telephone Field,recover-20221013,001,1795
834.2115,834.2503,68437,82410,Rhinolophus ferrumequinum,0.022,0.022,-1,Echolocation,/mnt/ubna_data_02_mir/recover-20221013/UBNA_001/20221012_030000.WAV,Telephone Field,recover-20221013,001,1795
834.2195,834.2595,68437,81988,Rhinolophus ferrumequinum,0.025,0.025,-1,Echolocation,/mnt/ubna_data_02_mir/recover-20221013/UBNA_001/20221012_030000.WAV,Telephone Field,recover-20221013,001,1795
834.2195,834.231,24609,31168,Nyctalus leisleri,0.009,0.024,-1,Echolocation,/mnt/ubna_data_02_mir/recover-20221013/UBNA_001/20221012_030000.WAV,Telephone Field,recover-20221013,001,1795
834.2475,834.2797,68437,80170,Rhinolophus ferrumequinum,0.02,0.021,-1,Echolocation,/mnt/ubna_data_02_mir/recover-20221013/UBNA_001/20221012_030000.WAV,Telephone Field,recover-20221013,001,1795
834.2905,834.3296,68437,82005,Rhinolophus ferrumequinum,0.022,0.022,-1,Echolocation,/mnt/ubna_data_02_mir/recover-20221013/UBNA_001/20221012_030000.WAV,Telephone Field,recover-20221013,001,1795
834.3165,834.3278,46093,49852,Pipistrellus pipistrellus,0.023,0.025,-1,Echolocation,/mnt/ubna_data_02_mir/recover-20221013/UBNA_001/20221012_030000.WAV,Telephone Field,recover-20221013,001,1795
834.3195,834.3566,68437,82113,Rhinolophus ferrumequinum,0.02,0.021,-1,Echolocation,/mnt/ubna_data_02_mir/recover-20221013/UBNA_001/20221012_030000.WAV,Telephone Field,recover-20221013,001,1795
834.3405,834.3794,68437,82255,Rhinolophus ferrumequinum,0.023,0.023,-1,Echolocation,/mnt/ubna_data_02_mir/recover-20221013/UBNA_001/20221012_030000.WAV,Telephone Field,recover-20221013,001,1795
834.3575,834.3653,28046,39341,Eptesicus serotinus,0.008,0.023,-1,Echolocation,/mnt/ubna_data_02_mir/recover-20221013/UBNA_001/20221012_030000.WAV,Telephone Field,recover-20221013,001,1795
834.3585,834.3728,51250,55029,Pipistrellus pipistrellus,0.019,0.034,-1,Echolocation,/mnt/ubna_data_02_mir/recover-20221013/UBNA_001/20221012_030000.WAV,Telephone Field,recover-20221013,001,1795
834.3725,834.4118,68437,81896,Rhinolophus ferrumequinum,0.022,0.022,-1,Echolocation,/mnt/ubna_data_02_mir/recover-20221013/UBNA_001/20221012_030000.WAV,Telephone Field,recover-20221013,001,1795
834.3815,834.4214,68437,82394,Rhinolophus ferrumequinum,0.025,0.025,-1,Echolocation,/mnt/ubna_data_02_mir/recover-20221013/UBNA_001/20221012_030000.WAV,Telephone Field,recover-20221013,001,1795
834.4725,834.4818,28046,36641,Eptesicus serotinus,0.008,0.022,-1,Echolocation,/mnt/ubna_data_02_mir/recover-20221013/UBNA_001/20221012_030000.WAV,Telephone Field,recover-20221013,001,1795
834.4845,834.5266,68437,82482,Rhinolophus ferrumequinum,0.022,0.022,-1,Echolocation,/mnt/ubna_data_02_mir/recover-20221013/UBNA_001/20221012_030000.WAV,Telephone Field,recover-20221013,001,1795
834.5005,834.5389,68437,82424,Rhinolophus ferrumequinum,0.022,0.022,-1,Echolocation,/mnt/ubna_data_02_mir/recover-20221013/UBNA_001/20221012_030000.WAV,Telephone Field,recover-20221013,001,1795
834.5935,834.6007,23750,32172,Plecotus austriacus,0.011,0.024,-1,Echolocation,/mnt/ubna_data_02_mir/recover-20221013/UBNA_001/20221012_030000.WAV,Telephone Field,recover-20221013,001,1795
834.6265,834.6406,28906,34393,Eptesicus serotinus,0.017,0.031,-1,Echolocation,/mnt/ubna_data_02_mir/recover-20221013/UBNA_001/20221012_030000.WAV,Telephone Field,recover-20221013,001,1795
834.6275,834.6384,24609,30350,Nyctalus leisleri,0.012,0.027,-1,Echolocation,/mnt/ubna_data_02_mir/recover-20221013/UBNA_001/20221012_030000.WAV,Telephone Field,recover-20221013,001,1795
834.6305,834.6696,68437,82338,Rhinolophus ferrumequinum,0.024,0.024,-1,Echolocation,/mnt/ubna_data_02_mir/recover-20221013/UBNA_001/20221012_030000.WAV,Telephone Field,recover-20221013,001,1795
834.6525,834.6945,68437,82499,Rhinolophus ferrumequinum,0.021,0.021,-1,Echolocation,/mnt/ubna_data_02_mir/recover-20221013/UBNA_001/20221012_030000.WAV,Telephone Field,recover-20221013,001,1795
834.6555,834.6628,27187,39956,Eptesicus serotinus,0.006,0.023,-1,Echolocation,/mnt/ubna_data_02_mir/recover-20221013/UBNA_001/20221012_030000.WAV,Telephone Field,recover-20221013,001,1795
834.6955,834.7318,68437,81392,Rhinolophus ferrumequinum,0.026,0.027,-1,Echolocation,/mnt/ubna_data_02_mir/recover-20221013/UBNA_001/20221012_030000.WAV,Telephone Field,recover-20221013,001,1795
834.6975,834.7063,28046,39131,Eptesicus serotinus,0.009,0.023,-1,Echolocation,/mnt/ubna_data_02_mir/recover-20221013/UBNA_001/20221012_030000.WAV,Telephone Field,recover-20221013,001,1795
834.6985,834.7076,22890,29211,Nyctalus leisleri,0.008,0.022,-1,Echolocation,/mnt/ubna_data_02_mir/recover-20221013/UBNA_001/20221012_030000.WAV,Telephone Field,recover-20221013,001,1795
834.7445,834.7849,68437,82723,Rhinolophus ferrumequinum,0.031,0.031,-1,Echolocation,/mnt/ubna_data_02_mir/recover-20221013/UBNA_001/20221012_030000.WAV,Telephone Field,recover-20221013,001,1795
834.7515,834.7665,23750,27011,Nyctalus leisleri,0.029,0.045,-1,Echolocation,/mnt/ubna_data_02_mir/recover-20221013/UBNA_001/20221012_030000.WAV,Telephone Field,recover-20221013,001,1795
834.7675,834.8076,68437,82324,Rhinolophus ferrumequinum,0.021,0.021,-1,Echolocation,/mnt/ubna_data_02_mir/recover-20221013/UBNA_001/20221012_030000.WAV,Telephone Field,recover-20221013,001,1795
834.8065,834.8444,68437,82113,Rhinolophus ferrumequinum,0.021,0.021,-1,Echolocation,/mnt/ubna_data_02_mir/recover-20221013/UBNA_001/20221012_030000.WAV,Telephone Field,recover-20221013,001,1795
834.8115,834.8207,28906,37696,Eptesicus serotinus,0.009,0.026,-1,Echolocation,/mnt/ubna_data_02_mir/recover-20221013/UBNA_001/20221012_030000.WAV,Telephone Field,recover-20221013,001,1795
834.8335,834.8727,68437,82577,Rhinolophus ferrumequinum,0.024,0.024,-1,Echolocation,/mnt/ubna_data_02_mir/recover-20221013/UBNA_001/20221012_030000.WAV,Telephone Field,recover-20221013,001,1795
834.8715,834.9109,68437,82341,Rhinolophus ferrumequinum,0.022,0.022,-1,Echolocation,/mnt/ubna_data_02_mir/recover-20221013/UBNA_001/20221012_030000.WAV,Telephone Field,recover-20221013,001,1795
834.8845,834.9021,20312,23163,Nyctalus leisleri,0.017,0.028,-1,Echolocation,/mnt/ubna_data_02_mir/recover-20221013/UBNA_001/20221012_030000.WAV,Telephone Field,recover-20221013,001,1795
834.8855,834.9279,68437,83629,Rhinolophus ferrumequinum,0.026,0.026,-1,Echolocation,/mnt/ubna_data_02_mir/recover-20221013/UBNA_001/20221012_030000.WAV,Telephone Field,recover-20221013,001,1795
834.8995,834.9376,68437,82284,Rhinolophus ferrumequinum,0.021,0.021,-1,Echolocation,/mnt/ubna_data_02_mir/recover-20221013/UBNA_001/20221012_030000.WAV,Telephone Field,recover-20221013,001,1795
834.9045,834.9122,27187,37122,Eptesicus serotinus,0.007,0.021,-1,Echolocation,/mnt/ubna_data_02_mir/recover-20221013/UBNA_001/20221012_030000.WAV,Telephone Field,recover-20221013,001,1795
834.9105,834.9526,68437,82515,Rhinolophus ferrumequinum,0.024,0.024,-1,Echolocation,/mnt/ubna_data_02_mir/recover-20221013/UBNA_001/20221012_030000.WAV,Telephone Field,recover-20221013,001,1795
834.9195,834.9622,68437,83149,Rhinolophus ferrumequinum,0.027,0.027,-1,Echolocation,/mnt/ubna_data_02_mir/recover-20221013/UBNA_001/20221012_030000.WAV,Telephone Field,recover-20221013,001,1795
834.9315,834.9385,26328,39322,Eptesicus serotinus,0.005,0.021,-1,Echolocation,/mnt/ubna_data_02_mir/recover-20221013/UBNA_001/20221012_030000.WAV,Telephone Field,recover-20221013,001,1795
834.9425,834.9771,68437,80929,Rhinolophus ferrumequinum,0.02,0.02,-1,Echolocation,/mnt/ubna_data_02_mir/recover-20221013/UBNA_001/20221012_030000.WAV,Telephone Field,recover-20221013,001,1795
834.9635,834.9993,68437,81809,Rhinolophus ferrumequinum,0.022,0.022,-1,Echolocation,/mnt/ubna_data_02_mir/recover-20221013/UBNA_001/20221012_030000.WAV,Telephone Field,recover-20221013,001,1795
834.9645,834.9736,28046,39374,Eptesicus serotinus,0.009,0.022,-1,Echolocation,/mnt/ubna_data_02_mir/recover-20221013/UBNA_001/20221012_030000.WAV,Telephone Field,recover-20221013,001,1795
834.9925,835.0325,68437,81956,Rhinolophus ferrumequinum,0.026,0.026,-1,Echolocation,/mnt/ubna_data_02_mir/recover-20221013/UBNA_001/20221012_030000.WAV,Telephone Field,recover-20221013,001,1795
835.0355,835.0774,68437,82705,Rhinolophus ferrumequinum,0.027,0.027,-1,Echolocation,/mnt/ubna_data_02_mir/recover-20221013/UBNA_001/20221012_030000.WAV,Telephone Field,recover-20221013,001,1795
835.0455,835.0863,68437,82861,Rhinolophus ferrumequinum,0.028,0.028,-1,Echolocation,/mnt/ubna_data_02_mir/recover-20221013/UBNA_001/20221012_030000.WAV,Telephone Field,recover-20221013,001,1795
835.0635,835.0756,22031,26307,Nyctalus leisleri,0.021,0.038,-1,Echolocation,/mnt/ubna_data_02_mir/recover-20221013/UBNA_001/20221012_030000.WAV,Telephone Field,recover-20221013,001,1795
835.0875,835.1282,68437,82324,Rhinolophus ferrumequinum,0.021,0.021,-1,Echolocation,/mnt/ubna_data_02_mir/recover-20221013/UBNA_001/20221012_030000.WAV,Telephone Field,recover-20221013,001,1795
835.0935,835.1026,27187,35762,Eptesicus serotinus,0.033,0.059,-1,Echolocation,/mnt/ubna_data_02_mir/recover-20221013/UBNA_001/20221012_030000.WAV,Telephone Field,recover-20221013,001,1795
835.1225,835.1358,58125,63320,Pipistrellus pygmaeus,0.02,0.021,-1,Echolocation,/mnt/ubna_data_02_mir/recover-20221013/UBNA_001/20221012_030000.WAV,Telephone Field,recover-20221013,001,1795
835.1225,835.1629,68437,82535,Rhinolophus ferrumequinum,0.023,0.023,-1,Echolocation,/mnt/ubna_data_02_mir/recover-20221013/UBNA_001/20221012_030000.WAV,Telephone Field,recover-20221013,001,1795
835.1485,835.1894,68437,83192,Rhinolophus ferrumequinum,0.026,0.026,-1,Echolocation,/mnt/ubna_data_02_mir/recover-20221013/UBNA_001/20221012_030000.WAV,Telephone Field,recover-20221013,001,1795
835.1525,835.1619,28046,36316,Eptesicus serotinus,0.008,0.021,-1,Echolocation,/mnt/ubna_data_02_mir/recover-20221013/UBNA_001/20221012_030000.WAV,Telephone Field,recover-20221013,001,1795
835.1595,835.1974,68437,81804,Rhinolophus ferrumequinum,0.024,0.024,-1,Echolocation,/mnt/ubna_data_02_mir/recover-20221013/UBNA_001/20221012_030000.WAV,Telephone Field,recover-20221013,001,1795
835.2125,835.2583,68437,83582,Rhinolophus ferrumequinum,0.057,0.057,-1,Echolocation,/mnt/ubna_data_02_mir/recover-20221013/UBNA_001/20221012_030000.WAV,Telephone Field,recover-20221013,001,1795
835.2445,835.2524,28046,38625,Eptesicus serotinus,0.008,0.024,-1,Echolocation,/mnt/ubna_data_02_mir/recover-20221013/UBNA_001/20221012_030000.WAV,Telephone Field,recover-20221013,001,1795
835.2605,835.2954,68437,81195,Rhinolophus ferrumequinum,0.027,0.027,-1,Echolocation,/mnt/ubna_data_02_mir/recover-20221013/UBNA_001/20221012_030000.WAV,Telephone Field,recover-20221013,001,1795
835.3315,835.3706999999999,68437,82226,Rhinolophus ferrumequinum,0.021,0.021,-1,Echolocation,/mnt/ubna_data_02_mir/recover-20221013/UBNA_001/20221012_030000.WAV,Telephone Field,recover-20221013,001,1795
835.3715,835.408,68437,82302,Rhinolophus ferrumequinum,0.022,0.022,-1,Echolocation,/mnt/ubna_data_02_mir/recover-20221013/UBNA_001/20221012_030000.WAV,Telephone Field,recover-20221013,001,1795
835.3785,835.3853,26328,39602,Eptesicus serotinus,0.005,0.021,-1,Echolocation,/mnt/ubna_data_02_mir/recover-20221013/UBNA_001/20221012_030000.WAV,Telephone Field,recover-20221013,001,1795
835.4035,835.4406,68437,81572,Rhinolophus ferrumequinum,0.021,0.021,-1,Echolocation,/mnt/ubna_data_02_mir/recover-20221013/UBNA_001/20221012_030000.WAV,Telephone Field,recover-20221013,001,1795
835.4075,835.4206,22890,26739,Nyctalus leisleri,0.014,0.024,-1,Echolocation,/mnt/ubna_data_02_mir/recover-20221013/UBNA_001/20221012_030000.WAV,Telephone Field,recover-20221013,001,1795
835.4155,835.456,68437,82002,Rhinolophus ferrumequinum,0.021,0.021,-1,Echolocation,/mnt/ubna_data_02_mir/recover-20221013/UBNA_001/20221012_030000.WAV,Telephone Field,recover-20221013,001,1795
835.4565,835.4992,68437,82920,Rhinolophus ferrumequinum,0.023,0.023,-1,Echolocation,/mnt/ubna_data_02_mir/recover-20221013/UBNA_001/20221012_030000.WAV,Telephone Field,recover-20221013,001,1795
835.4625,835.5043000000001,68437,82718,Rhinolophus ferrumequinum,0.022,0.022,-1,Echolocation,/mnt/ubna_data_02_mir/recover-20221013/UBNA_001/20221012_030000.WAV,Telephone Field,recover-20221013,001,1795
835.4825,835.5237,68437,82799,Rhinolophus ferrumequinum,0.025,0.025,-1,Echolocation,/mnt/ubna_data_02_mir/recover-20221013/UBNA_001/20221012_030000.WAV,Telephone Field,recover-20221013,001,1795
835.4885,835.4967,28046,39999,Eptesicus serotinus,0.008,0.023,-1,Echolocation,/mnt/ubna_data_02_mir/recover-20221013/UBNA_001/20221012_030000.WAV,Telephone Field,recover-20221013,001,1795
835.4985,835.5087,28046,35020,Eptesicus serotinus,0.008,0.021,-1,Echolocation,/mnt/ubna_data_02_mir/recover-20221013/UBNA_001/20221012_030000.WAV,Telephone Field,recover-20221013,001,1795
835.5155,835.5305,23750,28168,Nyctalus leisleri,0.014,0.026,-1,Echolocation,/mnt/ubna_data_02_mir/recover-20221013/UBNA_001/20221012_030000.WAV,Telephone Field,recover-20221013,001,1795
835.5815,835.6199,68437,82173,Rhinolophus ferrumequinum,0.022,0.022,-1,Echolocation,/mnt/ubna_data_02_mir/recover-20221013/UBNA_001/20221012_030000.WAV,Telephone Field,recover-20221013,001,1795
835.5875,835.6279,68437,81983,Rhinolophus ferrumequinum,0.021,0.021,-1,Echolocation,/mnt/ubna_data_02_mir/recover-20221013/UBNA_001/20221012_030000.WAV,Telephone Field,recover-20221013,001,1795
835.5925,835.6302,68437,81377,Rhinolophus ferrumequinum,0.021,0.021,-1,Echolocation,/mnt/ubna_data_02_mir/recover-20221013/UBNA_001/20221012_030000.WAV,Telephone Field,recover-20221013,001,1795
835.5985000000001,835.6074,24609,32931,Nyctalus leisleri,0.007,0.027,-1,Echolocation,/mnt/ubna_data_02_mir/recover-20221013/UBNA_001/20221012_030000.WAV,Telephone Field,recover-20221013,001,1795
835.6135,835.628,14296,19431,Nyctalus noctula,0.013,0.02,-1,Echolocation,/mnt/ubna_data_02_mir/recover-20221013/UBNA_001/20221012_030000.WAV,Telephone Field,recover-20221013,001,1795
835.6285,835.666,68437,81993,Rhinolophus ferrumequinum,0.021,0.021,-1,Echolocation,/mnt/ubna_data_02_mir/recover-20221013/UBNA_001/20221012_030000.WAV,Telephone Field,recover-20221013,001,1795
835.6475,835.6835,68437,81385,Rhinolophus ferrumequinum,0.02,0.02,-1,Echolocation,/mnt/ubna_data_02_mir/recover-20221013/UBNA_001/20221012_030000.WAV,Telephone Field,recover-20221013,001,1795
835.6735,835.6821,28046,38877,Eptesicus serotinus,0.007,0.02,-1,Echolocation,/mnt/ubna_data_02_mir/recover-20221013/UBNA_001/20221012_030000.WAV,Telephone Field,recover-20221013,001,1795
835.6885,835.7333,68437,83551,Rhinolophus ferrumequinum,0.024,0.024,-1,Echolocation,/mnt/ubna_data_02_mir/recover-20221013/UBNA_001/20221012_030000.WAV,Telephone Field,recover-20221013,001,1795
835.7355,835.7456999999999,27187,35512,Eptesicus serotinus,0.009,0.022,-1,Echolocation,/mnt/ubna_data_02_mir/recover-20221013/UBNA_001/20221012_030000.WAV,Telephone Field,recover-20221013,001,1795
835.7435,835.7825,68437,82125,Rhinolophus ferrumequinum,0.024,0.024,-1,Echolocation,/mnt/ubna_data_02_mir/recover-20221013/UBNA_001/20221012_030000.WAV,Telephone Field,recover-20221013,001,1795
835.7625,835.7709,27187,36844,Eptesicus serotinus,0.01,0.024,-1,Echolocation,/mnt/ubna_data_02_mir/recover-20221013/UBNA_001/20221012_030000.WAV,Telephone Field,recover-20221013,001,1795
835.7635,835.803,68437,81984,Rhinolophus ferrumequinum,0.022,0.022,-1,Echolocation,/mnt/ubna_data_02_mir/recover-20221013/UBNA_001/20221012_030000.WAV,Telephone Field,recover-20221013,001,1795
835.7645,835.774,31484,37991,Barbastellus barbastellus,0.008,0.025,-1,Echolocation,/mnt/ubna_data_02_mir/recover-20221013/UBNA_001/20221012_030000.WAV,Telephone Field,recover-20221013,001,1795
835.7885,835.833,68437,83701,Rhinolophus ferrumequinum,0.039,0.039,-1,Echolocation,/mnt/ubna_data_02_mir/recover-20221013/UBNA_001/20221012_030000.WAV,Telephone Field,recover-20221013,001,1795
835.8135,835.8515,68437,82096,Rhinolophus ferrumequinum,0.02,0.02,-1,Echolocation,/mnt/ubna_data_02_mir/recover-20221013/UBNA_001/20221012_030000.WAV,Telephone Field,recover-20221013,001,1795
835.8605,835.8668,24609,38895,Plecotus austriacus,0.007,0.024,-1,Echolocation,/mnt/ubna_data_02_mir/recover-20221013/UBNA_001/20221012_030000.WAV,Telephone Field,recover-20221013,001,1795
835.8745,835.8853,28046,34864,Eptesicus serotinus,0.012,0.025,-1,Echolocation,/mnt/ubna_data_02_mir/recover-20221013/UBNA_001/20221012_030000.WAV,Telephone Field,recover-20221013,001,1795
835.8825,835.8937,24609,30882,Nyctalus leisleri,0.01,0.024,-1,Echolocation,/mnt/ubna_data_02_mir/recover-20221013/UBNA_001/20221012_030000.WAV,Telephone Field,recover-20221013,001,1795
835.8855,835.9239,68437,82016,Rhinolophus ferrumequinum,0.022,0.022,-1,Echolocation,/mnt/ubna_data_02_mir/recover-20221013/UBNA_001/20221012_030000.WAV,Telephone Field,recover-20221013,001,1795
835.8935,835.902,46093,50523,Pipistrellus pipistrellus,0.021,0.022,-1,Echolocation,/mnt/ubna_data_02_mir/recover-20221013/UBNA_001/20221012_030000.WAV,Telephone Field,recover-20221013,001,1795
835.9155,835.9528,68437,82316,Rhinolophus ferrumequinum,0.021,0.021,-1,Echolocation,/mnt/ubna_data_02_mir/recover-20221013/UBNA_001/20221012_030000.WAV,Telephone Field,recover-20221013,001,1795
835.9325,835.9698,68437,82551,Rhinolophus ferrumequinum,0.023,0.023,-1,Echolocation,/mnt/ubna_data_02_mir/recover-20221013/UBNA_001/20221012_030000.WAV,Telephone Field,recover-20221013,001,1795
835.9585,835.969,27187,34995,Eptesicus serotinus,0.012,0.024,-1,Echolocation,/mnt/ubna_data_02_mir/recover-20221013/UBNA_001/20221012_030000.WAV,Telephone Field,recover-20221013,001,1795
835.9605,835.9987,68437,82031,Rhinolophus ferrumequinum,0.021,0.022,-1,Echolocation,/mnt/ubna_data_02_mir/recover-20221013/UBNA_001/20221012_030000.WAV,Telephone Field,recover-20221013,001,1795
836.0015,836.0099,26328,36412,Nyctalus leisleri,0.007,0.025,-1,Echolocation,/mnt/ubna_data_02_mir/recover-20221013/UBNA_001/20221012_030000.WAV,Telephone Field,recover-20221013,001,1795
836.0015,836.0314,69296,81209,Rhinolophus ferrumequinum,0.033,0.033,-1,Echolocation,/mnt/ubna_data_02_mir/recover-20221013/UBNA_001/20221012_030000.WAV,Telephone Field,recover-20221013,001,1795
836.0015,836.0123,20312,25243,Nyctalus leisleri,0.012,0.026,-1,Echolocation,/mnt/ubna_data_02_mir/recover-20221013/UBNA_001/20221012_030000.WAV,Telephone Field,recover-20221013,001,1795
836.0035,836.0155,57265,63700,Pipistrellus pygmaeus,0.025,0.026,-1,Echolocation,/mnt/ubna_data_02_mir/recover-20221013/UBNA_001/20221012_030000.WAV,Telephone Field,recover-20221013,001,1795
836.0245,836.0325,25468,34327,Eptesicus serotinus,0.007,0.026,-1,Echolocation,/mnt/ubna_data_02_mir/recover-20221013/UBNA_001/20221012_030000.WAV,Telephone Field,recover-20221013,001,1795
836.0575,836.0986,68437,82871,Rhinolophus ferrumequinum,0.033,0.033,-1,Echolocation,/mnt/ubna_data_02_mir/recover-20221013/UBNA_001/20221012_030000.WAV,Telephone Field,recover-20221013,001,1795
836.0725,836.079,28046,43950,Eptesicus serotinus,0.008,0.03,-1,Echolocation,/mnt/ubna_data_02_mir/recover-20221013/UBNA_001/20221012_030000.WAV,Telephone Field,recover-20221013,001,1795
836.0755,836.1153,68437,82631,Rhinolophus ferrumequinum,0.023,0.023,-1,Echolocation,/mnt/ubna_data_02_mir/recover-20221013/UBNA_001/20221012_030000.WAV,Telephone Field,recover-20221013,001,1795
836.0985000000001,836.1058,27187,37908,Eptesicus serotinus,0.007,0.023,-1,Echolocation,/mnt/ubna_data_02_mir/recover-20221013/UBNA_001/20221012_030000.WAV,Telephone Field,recover-20221013,001,1795
836.1045,836.1449,68437,82341,Rhinolophus ferrumequinum,0.023,0.023,-1,Echolocation,/mnt/ubna_data_02_mir/recover-20221013/UBNA_001/20221012_030000.WAV,Telephone Field,recover-20221013,001,1795
836.1045,836.1116,48671,56439,Pipistrellus pipistrellus,0.019,0.023,-1,Echolocation,/mnt/ubna_data_02_mir/recover-20221013/UBNA_001/20221012_030000.WAV,Telephone Field,recover-20221013,001,1795
836.2025,836.2086,28046,41442,Eptesicus serotinus,0.007,0.029,-1,Echolocation,/mnt/ubna_data_02_mir/recover-20221013/UBNA_001/20221012_030000.WAV,Telephone Field,recover-20221013,001,1795
836.2065,836.2476,68437,82419,Rhinolophus ferrumequinum,0.023,0.023,-1,Echolocation,/mnt/ubna_data_02_mir/recover-20221013/UBNA_001/20221012_030000.WAV,Telephone Field,recover-20221013,001,1795
836.2205,836.2299,20312,25546,Plecotus austriacus,0.008,0.022,-1,Echolocation,/mnt/ubna_data_02_mir/recover-20221013/UBNA_001/20221012_030000.WAV,Telephone Field,recover-20221013,001,1795
836.2335,836.2459,36640,40760,Pipistrellus nathusii,0.031,0.047,-1,Echolocation,/mnt/ubna_data_02_mir/recover-20221013/UBNA_001/20221012_030000.WAV,Telephone Field,recover-20221013,001,1795
836.3275,836.369,68437,83170,Rhinolophus ferrumequinum,0.027,0.027,-1,Echolocation,/mnt/ubna_data_02_mir/recover-20221013/UBNA_001/20221012_030000.WAV,Telephone Field,recover-20221013,001,1795
836.3375,836.3481,23750,29321,Nyctalus leisleri,0.01,0.024,-1,Echolocation,/mnt/ubna_data_02_mir/recover-20221013/UBNA_001/20221012_030000.WAV,Telephone Field,recover-20221013,001,1795
836.3515,836.3647,44375,46811,Pipistrellus pipistrellus,0.04,0.043,-1,Echolocation,/mnt/ubna_data_02_mir/recover-20221013/UBNA_001/20221012_030000.WAV,Telephone Field,recover-20221013,001,1795
836.3645,836.4054,68437,82712,Rhinolophus ferrumequinum,0.023,0.023,-1,Echolocation,/mnt/ubna_data_02_mir/recover-20221013/UBNA_001/20221012_030000.WAV,Telephone Field,recover-20221013,001,1795
836.4245,836.463,68437,81075,Rhinolophus ferrumequinum,0.03,0.03,-1,Echolocation,/mnt/ubna_data_02_mir/recover-20221013/UBNA_001/20221012_030000.WAV,Telephone Field,recover-20221013,001,1795
836.4345,836.4442,26328,33830,Eptesicus serotinus,0.011,0.023,-1,Echolocation,/mnt/ubna_data_02_mir/recover-20221013/UBNA_001/20221012_030000.WAV,Telephone Field,recover-20221013,001,1795
836.4565,836.4978,68437,82596,Rhinolophus ferrumequinum,0.025,0.025,-1,Echolocation,/mnt/ubna_data_02_mir/recover-20221013/UBNA_001/20221012_030000.WAV,Telephone Field,recover-20221013,001,1795
836.5525,836.5697,21171,24676,Nyctalus leisleri,0.024,0.039,-1,Echolocation,/mnt/ubna_data_02_mir/recover-20221013/UBNA_001/20221012_030000.WAV,Telephone Field,recover-20221013,001,1795
836.5905,836.6271,68437,81709,Rhinolophus ferrumequinum,0.023,0.023,-1,Echolocation,/mnt/ubna_data_02_mir/recover-20221013/UBNA_001/20221012_030000.WAV,Telephone Field,recover-20221013,001,1795
836.6675,836.709,68437,82806,Rhinolophus ferrumequinum,0.024,0.024,-1,Echolocation,/mnt/ubna_data_02_mir/recover-20221013/UBNA_001/20221012_030000.WAV,Telephone Field,recover-20221013,001,1795
836.6985,836.7334,68437,81384,Rhinolophus ferrumequinum,0.023,0.023,-1,Echolocation,/mnt/ubna_data_02_mir/recover-20221013/UBNA_001/20221012_030000.WAV,Telephone Field,recover-20221013,001,1795
836.7215,836.7352,22890,27898,Nyctalus leisleri,0.023,0.045,-1,Echolocation,/mnt/ubna_data_02_mir/recover-20221013/UBNA_001/20221012_030000.WAV,Telephone Field,recover-20221013,001,1795
836.7435,836.7507,23750,32316,Plecotus austriacus,0.01,0.024,-1,Echolocation,/mnt/ubna_data_02_mir/recover-20221013/UBNA_001/20221012_030000.WAV,Telephone Field,recover-20221013,001,1795
836.7515,836.7898,68437,82362,Rhinolophus ferrumequinum,0.022,0.022,-1,Echolocation,/mnt/ubna_data_02_mir/recover-20221013/UBNA_001/20221012_030000.WAV,Telephone Field,recover-20221013,001,1795
836.8245,836.8623,68437,82361,Rhinolophus ferrumequinum,0.027,0.027,-1,Echolocation,/mnt/ubna_data_02_mir/recover-20221013/UBNA_001/20221012_030000.WAV,Telephone Field,recover-20221013,001,1795
836.8365,836.8769,68437,82664,Rhinolophus ferrumequinum,0.024,0.024,-1,Echolocation,/mnt/ubna_data_02_mir/recover-20221013/UBNA_001/20221012_030000.WAV,Telephone Field,recover-20221013,001,1795
836.8385,836.846,28046,40984,Eptesicus serotinus,0.008,0.026,-1,Echolocation,/mnt/ubna_data_02_mir/recover-20221013/UBNA_001/20221012_030000.WAV,Telephone Field,recover-20221013,001,1795
836.9455,836.9859,68437,82201,Rhinolophus ferrumequinum,0.023,0.023,-1,Echolocation,/mnt/ubna_data_02_mir/recover-20221013/UBNA_001/20221012_030000.WAV,Telephone Field,recover-20221013,001,1795
836.9735000000001,836.9852,22890,27316,Nyctalus leisleri,0.015,0.027,-1,Echolocation,/mnt/ubna_data_02_mir/recover-20221013/UBNA_001/20221012_030000.WAV,Telephone Field,recover-20221013,001,1795
836.9925,837.0316,68437,82677,Rhinolophus ferrumequinum,0.027,0.027,-1,Echolocation,/mnt/ubna_data_02_mir/recover-20221013/UBNA_001/20221012_030000.WAV,Telephone Field,recover-20221013,001,1795
837.0155,837.0465,68437,79531,Rhinolophus ferrumequinum,0.031,0.031,-1,Echolocation,/mnt/ubna_data_02_mir/recover-20221013/UBNA_001/20221012_030000.WAV,Telephone Field,recover-20221013,001,1795
837.0505,837.0651,22031,25988,Nyctalus leisleri,0.015,0.026,-1,Echolocation,/mnt/ubna_data_02_mir/recover-20221013/UBNA_001/20221012_030000.WAV,Telephone Field,recover-20221013,001,1795
837.0515,837.0906,68437,82221,Rhinolophus ferrumequinum,0.024,0.024,-1,Echolocation,/mnt/ubna_data_02_mir/recover-20221013/UBNA_001/20221012_030000.WAV,Telephone Field,recover-20221013,001,1795
837.0535,837.0626,46093,51483,Pipistrellus pipistrellus,0.02,0.023,-1,Echolocation,/mnt/ubna_data_02_mir/recover-20221013/UBNA_001/20221012_030000.WAV,Telephone Field,recover-20221013,001,1795
837.0715,837.0855,15156,20433,Nyctalus noctula,0.026,0.037,-1,Echolocation,/mnt/ubna_data_02_mir/recover-20221013/UBNA_001/20221012_030000.WAV,Telephone Field,recover-20221013,001,1795
837.0815,837.1208,68437,82421,Rhinolophus ferrumequinum,0.025,0.025,-1,Echolocation,/mnt/ubna_data_02_mir/recover-20221013/UBNA_001/20221012_030000.WAV,Telephone Field,recover-20221013,001,1795
837.0935,837.1347,68437,82455,Rhinolophus ferrumequinum,0.024,0.024,-1,Echolocation,/mnt/ubna_data_02_mir/recover-20221013/UBNA_001/20221012_030000.WAV,Telephone Field,recover-20221013,001,1795
837.0945,837.106,23750,29317,Nyctalus leisleri,0.01,0.025,-1,Echolocation,/mnt/ubna_data_02_mir/recover-20221013/UBNA_001/20221012_030000.WAV,Telephone Field,recover-20221013,001,1795
837.1195,837.127,28046,36896,Eptesicus serotinus,0.008,0.022,-1,Echolocation,/mnt/ubna_data_02_mir/recover-20221013/UBNA_001/20221012_030000.WAV,Telephone Field,recover-20221013,001,1795
837.1205,837.1569,68437,81941,Rhinolophus ferrumequinum,0.025,0.025,-1,Echolocation,/mnt/ubna_data_02_mir/recover-20221013/UBNA_001/20221012_030000.WAV,Telephone Field,recover-20221013,001,1795
837.1665,837.1745,28046,37182,Eptesicus serotinus,0.008,0.023,-1,Echolocation,/mnt/ubna_data_02_mir/recover-20221013/UBNA_001/20221012_030000.WAV,Telephone Field,recover-20221013,001,1795
837.2035,837.2105,27187,39305,Eptesicus serotinus,0.006,0.022,-1,Echolocation,/mnt/ubna_data_02_mir/recover-20221013/UBNA_001/20221012_030000.WAV,Telephone Field,recover-20221013,001,1795
837.2325,837.2707,68437,82277,Rhinolophus ferrumequinum,0.025,0.025,-1,Echolocation,/mnt/ubna_data_02_mir/recover-20221013/UBNA_001/20221012_030000.WAV,Telephone Field,recover-20221013,001,1795
837.2575,837.2681,28906,35685,Eptesicus serotinus,0.013,0.029,-1,Echolocation,/mnt/ubna_data_02_mir/recover-20221013/UBNA_001/20221012_030000.WAV,Telephone Field,recover-20221013,001,1795
837.2695,837.3095,68437,82355,Rhinolophus ferrumequinum,0.025,0.025,-1,Echolocation,/mnt/ubna_data_02_mir/recover-20221013/UBNA_001/20221012_030000.WAV,Telephone Field,recover-20221013,001,1795
837.2835,837.3234,68437,81760,Rhinolophus ferrumequinum,0.023,0.023,-1,Echolocation,/mnt/ubna_data_02_mir/recover-20221013/UBNA_001/20221012_030000.WAV,Telephone Field,recover-20221013,001,1795
837.2935,837.3029,24609,31882,Nyctalus leisleri,0.007,0.022,-1,Echolocation,/mnt/ubna_data_02_mir/recover-20221013/UBNA_001/20221012_030000.WAV,Telephone Field,recover-20221013,001,1795
837.2995,837.3424,68437,83102,Rhinolophus ferrumequinum,0.028,0.028,-1,Echolocation,/mnt/ubna_data_02_mir/recover-20221013/UBNA_001/20221012_030000.WAV,Telephone Field,recover-20221013,001,1795
837.3205,837.3575,68437,81771,Rhinolophus ferrumequinum,0.022,0.022,-1,Echolocation,/mnt/ubna_data_02_mir/recover-20221013/UBNA_001/20221012_030000.WAV,Telephone Field,recover-20221013,001,1795
837.3225,837.3313,29765,39574,Eptesicus serotinus,0.008,0.024,-1,Echolocation,/mnt/ubna_data_02_mir/recover-20221013/UBNA_001/20221012_030000.WAV,Telephone Field,recover-20221013,001,1795
837.3435,837.3515,28906,40918,Eptesicus serotinus,0.009,0.027,-1,Echolocation,/mnt/ubna_data_02_mir/recover-20221013/UBNA_001/20221012_030000.WAV,Telephone Field,recover-20221013,001,1795
837.3535,837.3954,68437,83169,Rhinolophus ferrumequinum,0.036,0.036,-1,Echolocation,/mnt/ubna_data_02_mir/recover-20221013/UBNA_001/20221012_030000.WAV,Telephone Field,recover-20221013,001,1795
837.3785,837.384,34062,65681,Myotis brandtii,0.009,0.024,-1,Echolocation,/mnt/ubna_data_02_mir/recover-20221013/UBNA_001/20221012_030000.WAV,Telephone Field,recover-20221013,001,1795
837.3815,837.3927,22890,27560,Nyctalus leisleri,0.011,0.023,-1,Echolocation,/mnt/ubna_data_02_mir/recover-20221013/UBNA_001/20221012_030000.WAV,Telephone Field,recover-20221013,001,1795
837.3995,837.4387,68437,82371,Rhinolophus ferrumequinum,0.023,0.023,-1,Echolocation,/mnt/ubna_data_02_mir/recover-20221013/UBNA_001/20221012_030000.WAV,Telephone Field,recover-20221013,001,1795
837.4635,837.5012,68437,82205,Rhinolophus ferrumequinum,0.025,0.025,-1,Echolocation,/mnt/ubna_data_02_mir/recover-20221013/UBNA_001/20221012_030000.WAV,Telephone Field,recover-20221013,001,1795
837.4965,837.5072,28906,38136,Eptesicus serotinus,0.01,0.023,-1,Echolocation,/mnt/ubna_data_02_mir/recover-20221013/UBNA_001/20221012_030000.WAV,Telephone Field,recover-20221013,001,1795
837.5045,837.5171,33203,37912,Eptesicus serotinus,0.007,0.029,-1,Echolocation,/mnt/ubna_data_02_mir/recover-20221013/UBNA_001/20221012_030000.WAV,Telephone Field,recover-20221013,001,1795
837.5185,837.5276,47812,53386,Pipistrellus pipistrellus,0.021,0.023,-1,Echolocation,/mnt/ubna_data_02_mir/recover-20221013/UBNA_001/20221012_030000.WAV,Telephone Field,recover-20221013,001,1795
837.5445,837.5549,37500,45658,Pipistrellus nathusii,0.016,0.034,-1,Echolocation,/mnt/ubna_data_02_mir/recover-20221013/UBNA_001/20221012_030000.WAV,Telephone Field,recover-20221013,001,1795
837.5475,837.5557,28046,38023,Eptesicus serotinus,0.009,0.025,-1,Echolocation,/mnt/ubna_data_02_mir/recover-20221013/UBNA_001/20221012_030000.WAV,Telephone Field,recover-20221013,001,1795
837.5745,837.6136,68437,82654,Rhinolophus ferrumequinum,0.03,0.03,-1,Echolocation,/mnt/ubna_data_02_mir/recover-20221013/UBNA_001/20221012_030000.WAV,Telephone Field,recover-20221013,001,1795
837.5835,837.6185,68437,81608,Rhinolophus ferrumequinum,0.022,0.022,-1,Echolocation,/mnt/ubna_data_02_mir/recover-20221013/UBNA_001/20221012_030000.WAV,Telephone Field,recover-20221013,001,1795
837.5955,837.6057,23750,30065,Nyctalus leisleri,0.01,0.025,-1,Echolocation,/mnt/ubna_data_02_mir/recover-20221013/UBNA_001/20221012_030000.WAV,Telephone Field,recover-20221013,001,1795
837.6255,837.6354,21171,26511,Plecotus austriacus,0.008,0.022,-1,Echolocation,/mnt/ubna_data_02_mir/recover-20221013/UBNA_001/20221012_030000.WAV,Telephone Field,recover-20221013,001,1795
837.6375,837.677,68437,82418,Rhinolophus ferrumequinum,0.025,0.025,-1,Echolocation,/mnt/ubna_data_02_mir/recover-20221013/UBNA_001/20221012_030000.WAV,Telephone Field,recover-20221013,001,1795
837.6575,837.6641,28046,44440,Eptesicus serotinus,0.007,0.025,-1,Echolocation,/mnt/ubna_data_02_mir/recover-20221013/UBNA_001/20221012_030000.WAV,Telephone Field,recover-20221013,001,1795
837.6595,837.699,68437,82421,Rhinolophus ferrumequinum,0.035,0.035,-1,Echolocation,/mnt/ubna_data_02_mir/recover-20221013/UBNA_001/20221012_030000.WAV,Telephone Field,recover-20221013,001,1795
837.6835,837.7208,68437,81898,Rhinolophus ferrumequinum,0.022,0.022,-1,Echolocation,/mnt/ubna_data_02_mir/recover-20221013/UBNA_001/20221012_030000.WAV,Telephone Field,recover-20221013,001,1795
837.7105,837.7525,68437,83391,Rhinolophus ferrumequinum,0.034,0.034,-1,Echolocation,/mnt/ubna_data_02_mir/recover-20221013/UBNA_001/20221012_030000.WAV,Telephone Field,recover-20221013,001,1795
837.7375,837.7482,24609,31224,Nyctalus leisleri,0.01,0.029,-1,Echolocation,/mnt/ubna_data_02_mir/recover-20221013/UBNA_001/20221012_030000.WAV,Telephone Field,recover-20221013,001,1795
837.8215,837.8605,68437,83085,Rhinolophus ferrumequinum,0.027,0.027,-1,Echolocation,/mnt/ubna_data_02_mir/recover-20221013/UBNA_001/20221012_030000.WAV,Telephone Field,recover-20221013,001,1795
837.8435,837.884,68437,82598,Rhinolophus ferrumequinum,0.025,0.025,-1,Echolocation,/mnt/ubna_data_02_mir/recover-20221013/UBNA_001/20221012_030000.WAV,Telephone Field,recover-20221013,001,1795
837.8535,837.8929,68437,82979,Rhinolophus ferrumequinum,0.036,0.036,-1,Echolocation,/mnt/ubna_data_02_mir/recover-20221013/UBNA_001/20221012_030000.WAV,Telephone Field,recover-20221013,001,1795
837.8775,837.9168,68437,82015,Rhinolophus ferrumequinum,0.022,0.022,-1,Echolocation,/mnt/ubna_data_02_mir/recover-20221013/UBNA_001/20221012_030000.WAV,Telephone Field,recover-20221013,001,1795
837.8945,837.9341,68437,83009,Rhinolophus ferrumequinum,0.026,0.026,-1,Echolocation,/mnt/ubna_data_02_mir/recover-20221013/UBNA_001/20221012_030000.WAV,Telephone Field,recover-20221013,001,1795
837.9155,837.9268,28046,36116,Eptesicus serotinus,0.012,0.025,-1,Echolocation,/mnt/ubna_data_02_mir/recover-20221013/UBNA_001/20221012_030000.WAV,Telephone Field,recover-20221013,001,1795
837.9665,837.9748,28906,37551,Eptesicus serotinus,0.008,0.023,-1,Echolocation,/mnt/ubna_data_02_mir/recover-20221013/UBNA_001/20221012_030000.WAV,Telephone Field,recover-20221013,001,1795
837.9765,837.989,28906,34898,Eptesicus serotinus,0.014,0.026,-1,Echolocation,/mnt/ubna_data_02_mir/recover-20221013/UBNA_001/20221012_030000.WAV,Telephone Field,recover-20221013,001,1795
837.9825,837.9944,28906,35715,Eptesicus serotinus,0.013,0.026,-1,Echolocation,/mnt/ubna_data_02_mir/recover-20221013/UBNA_001/20221012_030000.WAV,Telephone Field,recover-20221013,001,1795
838.0015,838.0095,22031,29687,Plecotus austriacus,0.009,0.031,-1,Echolocation,/mnt/ubna_data_02_mir/recover-20221013/UBNA_001/20221012_030000.WAV,Telephone Field,recover-20221013,001,1795
838.0015,838.0295,69296,81403,Rhinolophus ferrumequinum,0.022,0.022,-1,Echolocation,/mnt/ubna_data_02_mir/recover-20221013/UBNA_001/20221012_030000.WAV,Telephone Field,recover-20221013,001,1795
838.0035,838.0146,42656,46516,Pipistrellus pipistrellus,0.014,0.022,-1,Echolocation,/mnt/ubna_data_02_mir/recover-20221013/UBNA_001/20221012_030000.WAV,Telephone Field,recover-20221013,001,1795
838.0175,838.0296,22031,25598,Nyctalus leisleri,0.012,0.022,-1,Echolocation,/mnt/ubna_data_02_mir/recover-20221013/UBNA_001/20221012_030000.WAV,Telephone Field,recover-20221013,001,1795
838.0795,838.0893,25468,32829,Eptesicus serotinus,0.008,0.023,-1,Echolocation,/mnt/ubna_data_02_mir/recover-20221013/UBNA_001/20221012_030000.WAV,Telephone Field,recover-20221013,001,1795
838.0865,838.0958,48671,52799,Pipistrellus pipistrellus,0.024,0.028,-1,Echolocation,/mnt/ubna_data_02_mir/recover-20221013/UBNA_001/20221012_030000.WAV,Telephone Field,recover-20221013,001,1795
838.0875,838.0987,24609,31024,Eptesicus serotinus,0.008,0.023,-1,Echolocation,/mnt/ubna_data_02_mir/recover-20221013/UBNA_001/20221012_030000.WAV,Telephone Field,recover-20221013,001,1795
838.1015,838.1087,24609,33666,Plecotus austriacus,0.01,0.024,-1,Echolocation,/mnt/ubna_data_02_mir/recover-20221013/UBNA_001/20221012_030000.WAV,Telephone Field,recover-20221013,001,1795
838.1245,838.1343,42656,48981,Pipistrellus pipistrellus,0.025,0.036,-1,Echolocation,/mnt/ubna_data_02_mir/recover-20221013/UBNA_001/20221012_030000.WAV,Telephone Field,recover-20221013,001,1795
838.1615,838.1977,68437,82308,Rhinolophus ferrumequinum,0.022,0.022,-1,Echolocation,/mnt/ubna_data_02_mir/recover-20221013/UBNA_001/20221012_030000.WAV,Telephone Field,recover-20221013,001,1795
838.1895,838.2282,68437,81752,Rhinolophus ferrumequinum,0.023,0.023,-1,Echolocation,/mnt/ubna_data_02_mir/recover-20221013/UBNA_001/20221012_030000.WAV,Telephone Field,recover-20221013,001,1795
838.2145,838.2542,68437,82861,Rhinolophus ferrumequinum,0.03,0.03,-1,Echolocation,/mnt/ubna_data_02_mir/recover-20221013/UBNA_001/20221012_030000.WAV,Telephone Field,recover-20221013,001,1795
838.2325,838.2713,68437,82172,Rhinolophus ferrumequinum,0.022,0.022,-1,Echolocation,/mnt/ubna_data_02_mir/recover-20221013/UBNA_001/20221012_030000.WAV,Telephone Field,recover-20221013,001,1795
838.2475,838.2561,28046,38978,Eptesicus serotinus,0.008,0.023,-1,Echolocation,/mnt/ubna_data_02_mir/recover-20221013/UBNA_001/20221012_030000.WAV,Telephone Field,recover-20221013,001,1795
838.2764999999999,838.2834,24609,35178,Plecotus austriacus,0.008,0.023,-1,Echolocation,/mnt/ubna_data_02_mir/recover-20221013/UBNA_001/20221012_030000.WAV,Telephone Field,recover-20221013,001,1795
838.3035,838.3443,68437,82650,Rhinolophus ferrumequinum,0.025,0.025,-1,Echolocation,/mnt/ubna_data_02_mir/recover-20221013/UBNA_001/20221012_030000.WAV,Telephone Field,recover-20221013,001,1795
838.3755,838.3822,23750,33095,Plecotus austriacus,0.011,0.024,-1,Echolocation,/mnt/ubna_data_02_mir/recover-20221013/UBNA_001/20221012_030000.WAV,Telephone Field,recover-20221013,001,1795
838.3845,838.4212,68437,82007,Rhinolophus ferrumequinum,0.025,0.025,-1,Echolocation,/mnt/ubna_data_02_mir/recover-20221013/UBNA_001/20221012_030000.WAV,Telephone Field,recover-20221013,001,1795
838.3975,838.4067,48671,53749,Pipistrellus pipistrellus,0.03,0.034,-1,Echolocation,/mnt/ubna_data_02_mir/recover-20221013/UBNA_001/20221012_030000.WAV,Telephone Field,recover-20221013,001,1795
838.4185,838.4323,28906,34040,Eptesicus serotinus,0.017,0.034,-1,Echolocation,/mnt/ubna_data_02_mir/recover-20221013/UBNA_001/20221012_030000.WAV,Telephone Field,recover-20221013,001,1795
838.4345,838.473,68437,82697,Rhinolophus ferrumequinum,0.023,0.023,-1,Echolocation,/mnt/ubna_data_02_mir/recover-20221013/UBNA_001/20221012_030000.WAV,Telephone Field,recover-20221013,001,1795
838.5085,838.542,68437,81116,Rhinolophus ferrumequinum,0.025,0.025,-1,Echolocation,/mnt/ubna_data_02_mir/recover-20221013/UBNA_001/20221012_030000.WAV,Telephone Field,recover-20221013,001,1795
838.5465,838.586,68437,82945,Rhinolophus ferrumequinum,0.022,0.022,-1,Echolocation,/mnt/ubna_data_02_mir/recover-20221013/UBNA_001/20221012_030000.WAV,Telephone Field,recover-20221013,001,1795
838.5565,838.5973,68437,82424,Rhinolophus ferrumequinum,0.022,0.022,-1,Echolocation,/mnt/ubna_data_02_mir/recover-20221013/UBNA_001/20221012_030000.WAV,Telephone Field,recover-20221013,001,1795
838.6135,838.6241,28046,34583,Eptesicus serotinus,0.01,0.028,-1,Echolocation,/mnt/ubna_data_02_mir/recover-20221013/UBNA_001/20221012_030000.WAV,Telephone Field,recover-20221013,001,1795
838.6305,838.6746,68437,83609,Rhinolophus ferrumequinum,0.032,0.032,-1,Echolocation,/mnt/ubna_data_02_mir/recover-20221013/UBNA_001/20221012_030000.WAV,Telephone Field,recover-20221013,001,1795
838.6665,838.6751,28906,37077,Eptesicus serotinus,0.009,0.022,-1,Echolocation,/mnt/ubna_data_02_mir/recover-20221013/UBNA_001/20221012_030000.WAV,Telephone Field,recover-20221013,001,1795
838.6765,838.7181,68437,82408,Rhinolophus ferrumequinum,0.022,0.022,-1,Echolocation,/mnt/ubna_data_02_mir/recover-20221013/UBNA_001/20221012_030000.WAV,Telephone Field,recover-20221013,001,1795
838.6965,838.7054,28906,38287,Eptesicus serotinus,0.008,0.023,-1,Echolocation,/mnt/ubna_data_02_mir/recover-20221013/UBNA_001/20221012_030000.WAV,Telephone Field,recover-20221013,001,1795
838.7125,838.7517,68437,81837,Rhinolophus ferrumequinum,0.022,0.022,-1,Echolocation,/mnt/ubna_data_02_mir/recover-20221013/UBNA_001/20221012_030000.WAV,Telephone Field,recover-20221013,001,1795
838.7185,838.7257,28046,40006,Eptesicus serotinus,0.007,0.024,-1,Echolocation,/mnt/ubna_data_02_mir/recover-20221013/UBNA_001/20221012_030000.WAV,Telephone Field,recover-20221013,001,1795
838.7535,838.7604,23750,33387,Plecotus austriacus,0.017,0.034,-1,Echolocation,/mnt/ubna_data_02_mir/recover-20221013/UBNA_001/20221012_030000.WAV,Telephone Field,recover-20221013,001,1795
838.7635,838.8029,68437,82668,Rhinolophus ferrumequinum,0.022,0.022,-1,Echolocation,/mnt/ubna_data_02_mir/recover-20221013/UBNA_001/20221012_030000.WAV,Telephone Field,recover-20221013,001,1795
838.7755,838.7845,28906,39020,Eptesicus serotinus,0.009,0.023,-1,Echolocation,/mnt/ubna_data_02_mir/recover-20221013/UBNA_001/20221012_030000.WAV,Telephone Field,recover-20221013,001,1795
838.8025,838.8371,68437,81544,Rhinolophus ferrumequinum,0.022,0.022,-1,Echolocation,/mnt/ubna_data_02_mir/recover-20221013/UBNA_001/20221012_030000.WAV,Telephone Field,recover-20221013,001,1795
838.8255,838.8644,68437,82489,Rhinolophus ferrumequinum,0.022,0.022,-1,Echolocation,/mnt/ubna_data_02_mir/recover-20221013/UBNA_001/20221012_030000.WAV,Telephone Field,recover-20221013,001,1795
838.8675,838.8761,22890,29630,Plecotus austriacus,0.008,0.021,-1,Echolocation,/mnt/ubna_data_02_mir/recover-20221013/UBNA_001/20221012_030000.WAV,Telephone Field,recover-20221013,001,1795
838.8765,838.9171,68437,82214,Rhinolophus ferrumequinum,0.022,0.022,-1,Echolocation,/mnt/ubna_data_02_mir/recover-20221013/UBNA_001/20221012_030000.WAV,Telephone Field,recover-20221013,001,1795
838.8935,838.905,22031,25908,Nyctalus leisleri,0.013,0.021,-1,Echolocation,/mnt/ubna_data_02_mir/recover-20221013/UBNA_001/20221012_030000.WAV,Telephone Field,recover-20221013,001,1795
838.8945,838.9357,68437,82587,Rhinolophus ferrumequinum,0.023,0.023,-1,Echolocation,/mnt/ubna_data_02_mir/recover-20221013/UBNA_001/20221012_030000.WAV,Telephone Field,recover-20221013,001,1795
838.9235,838.93,24609,37070,Plecotus austriacus,0.015,0.037,-1,Echolocation,/mnt/ubna_data_02_mir/recover-20221013/UBNA_001/20221012_030000.WAV,Telephone Field,recover-20221013,001,1795
838.9385,838.9473,22890,30214,Plecotus austriacus,0.009,0.024,-1,Echolocation,/mnt/ubna_data_02_mir/recover-20221013/UBNA_001/20221012_030000.WAV,Telephone Field,recover-20221013,001,1795
838.9675,839.0034,68437,81602,Rhinolophus ferrumequinum,0.023,0.023,-1,Echolocation,/mnt/ubna_data_02_mir/recover-20221013/UBNA_001/20221012_030000.WAV,Telephone Field,recover-20221013,001,1795
838.9915,839.0006,33203,41466,Eptesicus serotinus,0.017,0.056,-1,Echolocation,/mnt/ubna_data_02_mir/recover-20221013/UBNA_001/20221012_030000.WAV,Telephone Field,recover-20221013,001,1795
839.0195,839.0302,22890,28963,Nyctalus leisleri,0.01,0.027,-1,Echolocation,/mnt/ubna_data_02_mir/recover-20221013/UBNA_001/20221012_030000.WAV,Telephone Field,recover-20221013,001,1795
839.0375,839.0446,27187,39990,Eptesicus serotinus,0.008,0.024,-1,Echolocation,/mnt/ubna_data_02_mir/recover-20221013/UBNA_001/20221012_030000.WAV,Telephone Field,recover-20221013,001,1795
839.0445,839.0842,68437,82619,Rhinolophus ferrumequinum,0.023,0.023,-1,Echolocation,/mnt/ubna_data_02_mir/recover-20221013/UBNA_001/20221012_030000.WAV,Telephone Field,recover-20221013,001,1795
839.0755,839.1126,68437,82429,Rhinolophus ferrumequinum,0.027,0.027,-1,Echolocation,/mnt/ubna_data_02_mir/recover-20221013/UBNA_001/20221012_030000.WAV,Telephone Field,recover-20221013,001,1795
839.1285,839.1658,68437,81689,Rhinolophus ferrumequinum,0.022,0.022,-1,Echolocation,/mnt/ubna_data_02_mir/recover-20221013/UBNA_001/20221012_030000.WAV,Telephone Field,recover-20221013,001,1795
839.1645,839.2061,68437,82729,Rhinolophus ferrumequinum,0.03,0.03,-1,Echolocation,/mnt/ubna_data_02_mir/recover-20221013/UBNA_001/20221012_030000.WAV,Telephone Field,recover-20221013,001,1795
839.1885,839.2246,68437,81322,Rhinolophus ferrumequinum,0.022,0.022,-1,Echolocation,/mnt/ubna_data_02_mir/recover-20221013/UBNA_001/20221012_030000.WAV,Telephone Field,recover-20221013,001,1795
839.2005,839.2103,22890,29096,Nyctalus leisleri,0.01,0.028,-1,Echolocation,/mnt/ubna_data_02_mir/recover-20221013/UBNA_001/20221012_030000.WAV,Telephone Field,recover-20221013,001,1795
839.2395,839.2775,68437,81865,Rhinolophus ferrumequinum,0.022,0.022,-1,Echolocation,/mnt/ubna_data_02_mir/recover-20221013/UBNA_001/20221012_030000.WAV,Telephone Field,recover-20221013,001,1795
839.2475,839.2860000000001,68437,82617,Rhinolophus ferrumequinum,0.021,0.021,-1,Echolocation,/mnt/ubna_data_02_mir/recover-20221013/UBNA_001/20221012_030000.WAV,Telephone Field,recover-20221013,001,1795
839.2675,839.2742,28046,41255,Eptesicus serotinus,0.007,0.025,-1,Echolocation,/mnt/ubna_data_02_mir/recover-20221013/UBNA_001/20221012_030000.WAV,Telephone Field,recover-20221013,001,1795
839.2935,839.3327,68437,82376,Rhinolophus ferrumequinum,0.024,0.024,-1,Echolocation,/mnt/ubna_data_02_mir/recover-20221013/UBNA_001/20221012_030000.WAV,Telephone Field,recover-20221013,001,1795
839.2995,839.3396,68437,82763,Rhinolophus ferrumequinum,0.021,0.021,-1,Echolocation,/mnt/ubna_data_02_mir/recover-20221013/UBNA_001/20221012_030000.WAV,Telephone Field,recover-20221013,001,1795
839.3105,839.3454,68437,81030,Rhinolophus ferrumequinum,0.021,0.021,-1,Echolocation,/mnt/ubna_data_02_mir/recover-20221013/UBNA_001/20221012_030000.WAV,Telephone Field,recover-20221013,001,1795
839.3535,839.3616,25468,35831,Plecotus austriacus,0.009,0.034,-1,Echolocation,/mnt/ubna_data_02_mir/recover-20221013/UBNA_001/20221012_030000.WAV,Telephone Field,recover-20221013,001,1795
839.3855,839.4259,68437,82062,Rhinolophus ferrumequinum,0.023,0.023,-1,Echolocation,/mnt/ubna_data_02_mir/recover-20221013/UBNA_001/20221012_030000.WAV,Telephone Field,recover-20221013,001,1795
839.4665,839.477,25468,33460,Nyctalus leisleri,0.009,0.027,-1,Echolocation,/mnt/ubna_data_02_mir/recover-20221013/UBNA_001/20221012_030000.WAV,Telephone Field,recover-20221013,001,1795
839.5055,839.5164,22031,27559,Nyctalus leisleri,0.009,0.024,-1,Echolocation,/mnt/ubna_data_02_mir/recover-20221013/UBNA_001/20221012_030000.WAV,Telephone Field,recover-20221013,001,1795
839.5165,839.5283,28906,34419,Eptesicus serotinus,0.013,0.025,-1,Echolocation,/mnt/ubna_data_02_mir/recover-20221013/UBNA_001/20221012_030000.WAV,Telephone Field,recover-20221013,001,1795
839.5195,839.5581999999999,68437,82533,Rhinolophus ferrumequinum,0.024,0.025,-1,Echolocation,/mnt/ubna_data_02_mir/recover-20221013/UBNA_001/20221012_030000.WAV,Telephone Field,recover-20221013,001,1795
839.5275,839.5627,68437,81865,Rhinolophus ferrumequinum,0.027,0.027,-1,Echolocation,/mnt/ubna_data_02_mir/recover-20221013/UBNA_001/20221012_030000.WAV,Telephone Field,recover-20221013,001,1795
839.6105,839.6523,68437,83168,Rhinolophus ferrumequinum,0.025,0.025,-1,Echolocation,/mnt/ubna_data_02_mir/recover-20221013/UBNA_001/20221012_030000.WAV,Telephone Field,recover-20221013,001,1795
839.6165,839.6577,68437,82779,Rhinolophus ferrumequinum,0.024,0.024,-1,Echolocation,/mnt/ubna_data_02_mir/recover-20221013/UBNA_001/20221012_030000.WAV,Telephone Field,recover-20221013,001,1795
839.6345,839.642,28046,40140,Eptesicus serotinus,0.008,0.023,-1,Echolocation,/mnt/ubna_data_02_mir/recover-20221013/UBNA_001/20221012_030000.WAV,Telephone Field,recover-20221013,001,1795
839.6405,839.6831999999999,68437,83437,Rhinolophus ferrumequinum,0.024,0.024,-1,Echolocation,/mnt/ubna_data_02_mir/recover-20221013/UBNA_001/20221012_030000.WAV,Telephone Field,recover-20221013,001,1795
839.6514999999999,839.6582,24609,34730,Plecotus austriacus,0.009,0.025,-1,Echolocation,/mnt/ubna_data_02_mir/recover-20221013/UBNA_001/20221012_030000.WAV,Telephone Field,recover-20221013,001,1795
839.7105,839.7246,22031,25907,Nyctalus leisleri,0.014,0.023,-1,Echolocation,/mnt/ubna_data_02_mir/recover-20221013/UBNA_001/20221012_030000.WAV,Telephone Field,recover-20221013,001,1795
839.8305,839.8385,27187,39298,Eptesicus serotinus,0.008,0.025,-1,Echolocation,/mnt/ubna_data_02_mir/recover-20221013/UBNA_001/20221012_030000.WAV,Telephone Field,recover-20221013,001,1795
839.8345,839.8704,68437,81972,Rhinolophus ferrumequinum,0.022,0.022,-1,Echolocation,/mnt/ubna_data_02_mir/recover-20221013/UBNA_001/20221012_030000.WAV,Telephone Field,recover-20221013,001,1795
839.8375,839.8471,40937,46156,Pipistrellus nathusii,0.01,0.025,-1,Echolocation,/mnt/ubna_data_02_mir/recover-20221013/UBNA_001/20221012_030000.WAV,Telephone Field,recover-20221013,001,1795
839.8875,839.898,24609,30416,Nyctalus leisleri,0.01,0.024,-1,Echolocation,/mnt/ubna_data_02_mir/recover-20221013/UBNA_001/20221012_030000.WAV,Telephone Field,recover-20221013,001,1795
839.9235,839.9586,68437,81761,Rhinolophus ferrumequinum,0.022,0.022,-1,Echolocation,/mnt/ubna_data_02_mir/recover-20221013/UBNA_001/20221012_030000.WAV,Telephone Field,recover-20221013,001,1795
839.9425,839.9826,68437,82844,Rhinolophus ferrumequinum,0.028,0.028,-1,Echolocation,/mnt/ubna_data_02_mir/recover-20221013/UBNA_001/20221012_030000.WAV,Telephone Field,recover-20221013,001,1795
839.9835,839.9916,28046,39571,Eptesicus serotinus,0.008,0.027,-1,Echolocation,/mnt/ubna_data_02_mir/recover-20221013/UBNA_001/20221012_030000.WAV,Telephone Field,recover-20221013,001,1795
840.0015,840.0136,21171,26303,Nyctalus leisleri,0.02,0.039,-1,Echolocation,/mnt/ubna_data_02_mir/recover-20221013/UBNA_001/20221012_030000.WAV,Telephone Field,recover-20221013,001,1795
840.0015,840.0316,68437,79961,Rhinolophus ferrumequinum,0.027,0.027,-1,Echolocation,/mnt/ubna_data_02_mir/recover-20221013/UBNA_001/20221012_030000.WAV,Telephone Field,recover-20221013,001,1795
840.0015,840.0099,26328,36384,Nyctalus leisleri,0.009,0.029,-1,Echolocation,/mnt/ubna_data_02_mir/recover-20221013/UBNA_001/20221012_030000.WAV,Telephone Field,recover-20221013,001,1795
840.0085,840.0486,68437,82032,Rhinolophus ferrumequinum,0.022,0.022,-1,Echolocation,/mnt/ubna_data_02_mir/recover-20221013/UBNA_001/20221012_030000.WAV,Telephone Field,recover-20221013,001,1795
840.0125,840.0196,26328,35942,Eptesicus serotinus,0.007,0.026,-1,Echolocation,/mnt/ubna_data_02_mir/recover-20221013/UBNA_001/20221012_030000.WAV,Telephone Field,recover-20221013,001,1795
840.0305,840.0404,37500,42891,Pipistrellus nathusii,0.015,0.026,-1,Echolocation,/mnt/ubna_data_02_mir/recover-20221013/UBNA_001/20221012_030000.WAV,Telephone Field,recover-20221013,001,1795
840.0415,840.076,68437,82169,Rhinolophus ferrumequinum,0.022,0.022,-1,Echolocation,/mnt/ubna_data_02_mir/recover-20221013/UBNA_001/20221012_030000.WAV,Telephone Field,recover-20221013,001,1795
840.0515,840.0907,68437,81980,Rhinolophus ferrumequinum,0.022,0.022,-1,Echolocation,/mnt/ubna_data_02_mir/recover-20221013/UBNA_001/20221012_030000.WAV,Telephone Field,recover-20221013,001,1795
840.0565,840.096,68437,82403,Rhinolophus ferrumequinum,0.022,0.022,-1,Echolocation,/mnt/ubna_data_02_mir/recover-20221013/UBNA_001/20221012_030000.WAV,Telephone Field,recover-20221013,001,1795
840.0605,840.0702,28046,36466,Eptesicus serotinus,0.01,0.024,-1,Echolocation,/mnt/ubna_data_02_mir/recover-20221013/UBNA_001/20221012_030000.WAV,Telephone Field,recover-20221013,001,1795
840.0835,840.0941,23750,29671,Nyctalus leisleri,0.013,0.029,-1,Echolocation,/mnt/ubna_data_02_mir/recover-20221013/UBNA_001/20221012_030000.WAV,Telephone Field,recover-20221013,001,1795
840.1075,840.116,23750,32018,Plecotus austriacus,0.006,0.021,-1,Echolocation,/mnt/ubna_data_02_mir/recover-20221013/UBNA_001/20221012_030000.WAV,Telephone Field,recover-20221013,001,1795
840.1135,840.1232,23750,30396,Nyctalus leisleri,0.007,0.021,-1,Echolocation,/mnt/ubna_data_02_mir/recover-20221013/UBNA_001/20221012_030000.WAV,Telephone Field,recover-20221013,001,1795
840.1155,840.1511,68437,81587,Rhinolophus ferrumequinum,0.02,0.02,-1,Echolocation,/mnt/ubna_data_02_mir/recover-20221013/UBNA_001/20221012_030000.WAV,Telephone Field,recover-20221013,001,1795
840.1295,840.1646,68437,81722,Rhinolophus ferrumequinum,0.023,0.023,-1,Echolocation,/mnt/ubna_data_02_mir/recover-20221013/UBNA_001/20221012_030000.WAV,Telephone Field,recover-20221013,001,1795
840.1585,840.1994,68437,83070,Rhinolophus ferrumequinum,0.027,0.027,-1,Echolocation,/mnt/ubna_data_02_mir/recover-20221013/UBNA_001/20221012_030000.WAV,Telephone Field,recover-20221013,001,1795
840.1825,840.2181,68437,80630,Rhinolophus ferrumequinum,0.023,0.023,-1,Echolocation,/mnt/ubna_data_02_mir/recover-20221013/UBNA_001/20221012_030000.WAV,Telephone Field,recover-20221013,001,1795
840.1985,840.2375,68437,82187,Rhinolophus ferrumequinum,0.02,0.02,-1,Echolocation,/mnt/ubna_data_02_mir/recover-20221013/UBNA_001/20221012_030000.WAV,Telephone Field,recover-20221013,001,1795
840.2255,840.2631,68437,81793,Rhinolophus ferrumequinum,0.023,0.023,-1,Echolocation,/mnt/ubna_data_02_mir/recover-20221013/UBNA_001/20221012_030000.WAV,Telephone Field,recover-20221013,001,1795
840.2375,840.2456,27187,38162,Eptesicus serotinus,0.007,0.022,-1,Echolocation,/mnt/ubna_data_02_mir/recover-20221013/UBNA_001/20221012_030000.WAV,Telephone Field,recover-20221013,001,1795
840.2605,840.2717,23750,28180,Nyctalus leisleri,0.015,0.028,-1,Echolocation,/mnt/ubna_data_02_mir/recover-20221013/UBNA_001/20221012_030000.WAV,Telephone Field,recover-20221013,001,1795
840.2605,840.2976,68437,81514,Rhinolophus ferrumequinum,0.02,0.02,-1,Echolocation,/mnt/ubna_data_02_mir/recover-20221013/UBNA_001/20221012_030000.WAV,Telephone Field,recover-20221013,001,1795
840.3045,840.3387,68437,81769,Rhinolophus ferrumequinum,0.02,0.021,-1,Echolocation,/mnt/ubna_data_02_mir/recover-20221013/UBNA_001/20221012_030000.WAV,Telephone Field,recover-20221013,001,1795
840.3085,840.3166,28906,40741,Eptesicus serotinus,0.009,0.025,-1,Echolocation,/mnt/ubna_data_02_mir/recover-20221013/UBNA_001/20221012_030000.WAV,Telephone Field,recover-20221013,001,1795
840.3295,840.3682,68437,82869,Rhinolophus ferrumequinum,0.022,0.022,-1,Echolocation,/mnt/ubna_data_02_mir/recover-20221013/UBNA_001/20221012_030000.WAV,Telephone Field,recover-20221013,001,1795
840.3425,840.3506,23750,31243,Plecotus austriacus,0.007,0.021,-1,Echolocation,/mnt/ubna_data_02_mir/recover-20221013/UBNA_001/20221012_030000.WAV,Telephone Field,recover-20221013,001,1795
840.3515,840.3851,68437,81765,Rhinolophus ferrumequinum,0.02,0.021,-1,Echolocation,/mnt/ubna_data_02_mir/recover-20221013/UBNA_001/20221012_030000.WAV,Telephone Field,recover-20221013,001,1795
840.3685,840.4055,68437,82122,Rhinolophus ferrumequinum,0.03,0.03,-1,Echolocation,/mnt/ubna_data_02_mir/recover-20221013/UBNA_001/20221012_030000.WAV,Telephone Field,recover-20221013,001,1795
840.3695,840.3762,41796,57338,Myotis mystacinus,0.006,0.021,-1,Echolocation,/mnt/ubna_data_02_mir/recover-20221013/UBNA_001/20221012_030000.WAV,Telephone Field,recover-20221013,001,1795
840.3905,840.4284,68437,81550,Rhinolophus ferrumequinum,0.022,0.022,-1,Echolocation,/mnt/ubna_data_02_mir/recover-20221013/UBNA_001/20221012_030000.WAV,Telephone Field,recover-20221013,001,1795
840.4095,840.4465,68437,82387,Rhinolophus ferrumequinum,0.021,0.021,-1,Echolocation,/mnt/ubna_data_02_mir/recover-20221013/UBNA_001/20221012_030000.WAV,Telephone Field,recover-20221013,001,1795
840.4205,840.4296,28906,37129,Eptesicus serotinus,0.007,0.02,-1,Echolocation,/mnt/ubna_data_02_mir/recover-20221013/UBNA_001/20221012_030000.WAV,Telephone Field,recover-20221013,001,1795
840.4805,840.4882,23750,32458,Plecotus austriacus,0.007,0.021,-1,Echolocation,/mnt/ubna_data_02_mir/recover-20221013/UBNA_001/20221012_030000.WAV,Telephone Field,recover-20221013,001,1795
840.5265,840.5663,68437,82394,Rhinolophus ferrumequinum,0.024,0.024,-1,Echolocation,/mnt/ubna_data_02_mir/recover-20221013/UBNA_001/20221012_030000.WAV,Telephone Field,recover-20221013,001,1795
840.5275,840.5357,25468,34852,Eptesicus serotinus,0.011,0.035,-1,Echolocation,/mnt/ubna_data_02_mir/recover-20221013/UBNA_001/20221012_030000.WAV,Telephone Field,recover-20221013,001,1795
840.5425,840.5779,68437,80869,Rhinolophus ferrumequinum,0.021,0.021,-1,Echolocation,/mnt/ubna_data_02_mir/recover-20221013/UBNA_001/20221012_030000.WAV,Telephone Field,recover-20221013,001,1795
840.5495,840.5614,22890,28139,Nyctalus leisleri,0.015,0.032,-1,Echolocation,/mnt/ubna_data_02_mir/recover-20221013/UBNA_001/20221012_030000.WAV,Telephone Field,recover-20221013,001,1795
840.5685,840.6094,68437,82392,Rhinolophus ferrumequinum,0.02,0.02,-1,Echolocation,/mnt/ubna_data_02_mir/recover-20221013/UBNA_001/20221012_030000.WAV,Telephone Field,recover-20221013,001,1795
840.6915,840.729,68437,81555,Rhinolophus ferrumequinum,0.021,0.021,-1,Echolocation,/mnt/ubna_data_02_mir/recover-20221013/UBNA_001/20221012_030000.WAV,Telephone Field,recover-20221013,001,1795
840.6955,840.7065,28046,35585,Eptesicus serotinus,0.027,0.044,-1,Echolocation,/mnt/ubna_data_02_mir/recover-20221013/UBNA_001/20221012_030000.WAV,Telephone Field,recover-20221013,001,1795
840.7095,840.7173,28046,39524,Eptesicus serotinus,0.007,0.021,-1,Echolocation,/mnt/ubna_data_02_mir/recover-20221013/UBNA_001/20221012_030000.WAV,Telephone Field,recover-20221013,001,1795
840.7115,840.7231,46093,49256,Pipistrellus pipistrellus,0.024,0.026,-1,Echolocation,/mnt/ubna_data_02_mir/recover-20221013/UBNA_001/20221012_030000.WAV,Telephone Field,recover-20221013,001,1795
840.7335,840.7413,45234,51086,Pipistrellus pipistrellus,0.023,0.024,-1,Echolocation,/mnt/ubna_data_02_mir/recover-20221013/UBNA_001/20221012_030000.WAV,Telephone Field,recover-20221013,001,1795
840.7385,840.7773,68437,82680,Rhinolophus ferrumequinum,0.023,0.023,-1,Echolocation,/mnt/ubna_data_02_mir/recover-20221013/UBNA_001/20221012_030000.WAV,Telephone Field,recover-20221013,001,1795
840.7595,840.7961,68437,82299,Rhinolophus ferrumequinum,0.022,0.022,-1,Echolocation,/mnt/ubna_data_02_mir/recover-20221013/UBNA_001/20221012_030000.WAV,Telephone Field,recover-20221013,001,1795
840.7675,840.8033,68437,82211,Rhinolophus ferrumequinum,0.02,0.02,-1,Echolocation,/mnt/ubna_data_02_mir/recover-20221013/UBNA_001/20221012_030000.WAV,Telephone Field,recover-20221013,001,1795
840.7715,840.7824,22890,27974,Nyctalus leisleri,0.011,0.023,-1,Echolocation,/mnt/ubna_data_02_mir/recover-20221013/UBNA_001/20221012_030000.WAV,Telephone Field,recover-20221013,001,1795
840.8055,840.8431,68437,81492,Rhinolophus ferrumequinum,0.021,0.021,-1,Echolocation,/mnt/ubna_data_02_mir/recover-20221013/UBNA_001/20221012_030000.WAV,Telephone Field,recover-20221013,001,1795
840.8225,840.8333,26328,33355,Eptesicus serotinus,0.012,0.026,-1,Echolocation,/mnt/ubna_data_02_mir/recover-20221013/UBNA_001/20221012_030000.WAV,Telephone Field,recover-20221013,001,1795
840.8255,840.8633,68437,81914,Rhinolophus ferrumequinum,0.02,0.02,-1,Echolocation,/mnt/ubna_data_02_mir/recover-20221013/UBNA_001/20221012_030000.WAV,Telephone Field,recover-20221013,001,1795
840.8545,840.8936,68437,82125,Rhinolophus ferrumequinum,0.023,0.023,-1,Echolocation,/mnt/ubna_data_02_mir/recover-20221013/UBNA_001/20221012_030000.WAV,Telephone Field,recover-20221013,001,1795
840.8645,840.9001,68437,82071,Rhinolophus ferrumequinum,0.02,0.02,-1,Echolocation,/mnt/ubna_data_02_mir/recover-20221013/UBNA_001/20221012_030000.WAV,Telephone Field,recover-20221013,001,1795
840.8755,840.9147,68437,82314,Rhinolophus ferrumequinum,0.024,0.024,-1,Echolocation,/mnt/ubna_data_02_mir/recover-20221013/UBNA_001/20221012_030000.WAV,Telephone Field,recover-20221013,001,1795
840.8835,840.9224,68437,82307,Rhinolophus ferrumequinum,0.023,0.023,-1,Echolocation,/mnt/ubna_data_02_mir/recover-20221013/UBNA_001/20221012_030000.WAV,Telephone Field,recover-20221013,001,1795
840.8875,840.8956,27187,37594,Eptesicus serotinus,0.006,0.02,-1,Echolocation,/mnt/ubna_data_02_mir/recover-20221013/UBNA_001/20221012_030000.WAV,Telephone Field,recover-20221013,001,1795
840.8965,840.9082,31484,37257,Eptesicus serotinus,0.009,0.023,-1,Echolocation,/mnt/ubna_data_02_mir/recover-20221013/UBNA_001/20221012_030000.WAV,Telephone Field,recover-20221013,001,1795
840.9125,840.926,22890,26792,Nyctalus leisleri,0.016,0.028,-1,Echolocation,/mnt/ubna_data_02_mir/recover-20221013/UBNA_001/20221012_030000.WAV,Telephone Field,recover-20221013,001,1795
840.9225,840.9615,68437,82077,Rhinolophus ferrumequinum,0.02,0.02,-1,Echolocation,/mnt/ubna_data_02_mir/recover-20221013/UBNA_001/20221012_030000.WAV,Telephone Field,recover-20221013,001,1795
840.9335,840.9752,68437,83041,Rhinolophus ferrumequinum,0.021,0.021,-1,Echolocation,/mnt/ubna_data_02_mir/recover-20221013/UBNA_001/20221012_030000.WAV,Telephone Field,recover-20221013,001,1795
840.9625,841.002,68437,82024,Rhinolophus ferrumequinum,0.02,0.02,-1,Echolocation,/mnt/ubna_data_02_mir/recover-20221013/UBNA_001/20221012_030000.WAV,Telephone Field,recover-20221013,001,1795
840.9685,841.0068,68437,82771,Rhinolophus ferrumequinum,0.021,0.021,-1,Echolocation,/mnt/ubna_data_02_mir/recover-20221013/UBNA_001/20221012_030000.WAV,Telephone Field,recover-20221013,001,1795
840.9775,841.0154,68437,82786,Rhinolophus ferrumequinum,0.022,0.022,-1,Echolocation,/mnt/ubna_data_02_mir/recover-20221013/UBNA_001/20221012_030000.WAV,Telephone Field,recover-20221013,001,1795
841.0035,841.0408,68437,81538,Rhinolophus ferrumequinum,0.024,0.024,-1,Echolocation,/mnt/ubna_data_02_mir/recover-20221013/UBNA_001/20221012_030000.WAV,Telephone Field,recover-20221013,001,1795
841.0065,841.0162,28906,36866,Eptesicus serotinus,0.01,0.022,-1,Echolocation,/mnt/ubna_data_02_mir/recover-20221013/UBNA_001/20221012_030000.WAV,Telephone Field,recover-20221013,001,1795
841.0305,841.0634,68437,80640,Rhinolophus ferrumequinum,0.025,0.025,-1,Echolocation,/mnt/ubna_data_02_mir/recover-20221013/UBNA_001/20221012_030000.WAV,Telephone Field,recover-20221013,001,1795
841.0415,841.0789,68437,81487,Rhinolophus ferrumequinum,0.021,0.021,-1,Echolocation,/mnt/ubna_data_02_mir/recover-20221013/UBNA_001/20221012_030000.WAV,Telephone Field,recover-20221013,001,1795
841.0525,841.0598,34062,44739,Myotis daubentonii,0.007,0.021,-1,Echolocation,/mnt/ubna_data_02_mir/recover-20221013/UBNA_001/20221012_030000.WAV,Telephone Field,recover-20221013,001,1795
841.0665,841.1083,68437,82334,Rhinolophus ferrumequinum,0.022,0.022,-1,Echolocation,/mnt/ubna_data_02_mir/recover-20221013/UBNA_001/20221012_030000.WAV,Telephone Field,recover-20221013,001,1795
841.0805,841.119,68437,82058,Rhinolophus ferrumequinum,0.02,0.02,-1,Echolocation,/mnt/ubna_data_02_mir/recover-20221013/UBNA_001/20221012_030000.WAV,Telephone Field,recover-20221013,001,1795
841.0835,841.0906,27187,38727,Eptesicus serotinus,0.005,0.02,-1,Echolocation,/mnt/ubna_data_02_mir/recover-20221013/UBNA_001/20221012_030000.WAV,Telephone Field,recover-20221013,001,1795
841.1035,841.1113,28046,38124,Eptesicus serotinus,0.011,0.027,-1,Echolocation,/mnt/ubna_data_02_mir/recover-20221013/UBNA_001/20221012_030000.WAV,Telephone Field,recover-20221013,001,1795
841.1165,841.157,68437,82339,Rhinolophus ferrumequinum,0.024,0.024,-1,Echolocation,/mnt/ubna_data_02_mir/recover-20221013/UBNA_001/20221012_030000.WAV,Telephone Field,recover-20221013,001,1795
841.1275,841.1385,28906,35713,Eptesicus serotinus,0.01,0.022,-1,Echolocation,/mnt/ubna_data_02_mir/recover-20221013/UBNA_001/20221012_030000.WAV,Telephone Field,recover-20221013,001,1795
841.1425,841.1802,68437,82082,Rhinolophus ferrumequinum,0.023,0.023,-1,Echolocation,/mnt/ubna_data_02_mir/recover-20221013/UBNA_001/20221012_030000.WAV,Telephone Field,recover-20221013,001,1795
841.1445,841.1551,27187,35548,Eptesicus serotinus,0.01,0.021,-1,Echolocation,/mnt/ubna_data_02_mir/recover-20221013/UBNA_001/20221012_030000.WAV,Telephone Field,recover-20221013,001,1795
841.1515,841.1909,68437,82497,Rhinolophus ferrumequinum,0.023,0.023,-1,Echolocation,/mnt/ubna_data_02_mir/recover-20221013/UBNA_001/20221012_030000.WAV,Telephone Field,recover-20221013,001,1795
841.1625,841.2001,68437,81387,Rhinolophus ferrumequinum,0.02,0.02,-1,Echolocation,/mnt/ubna_data_02_mir/recover-20221013/UBNA_001/20221012_030000.WAV,Telephone Field,recover-20221013,001,1795
841.1725,841.1815,28906,37898,Eptesicus serotinus,0.008,0.021,-1,Echolocation,/mnt/ubna_data_02_mir/recover-20221013/UBNA_001/20221012_030000.WAV,Telephone Field,recover-20221013,001,1795
841.2285,841.2398,22031,26215,Nyctalus leisleri,0.012,0.023,-1,Echolocation,/mnt/ubna_data_02_mir/recover-20221013/UBNA_001/20221012_030000.WAV,Telephone Field,recover-20221013,001,1795
841.2515,841.2637,23750,30263,Nyctalus leisleri,0.008,0.021,-1,Echolocation,/mnt/ubna_data_02_mir/recover-20221013/UBNA_001/20221012_030000.WAV,Telephone Field,recover-20221013,001,1795
841.2515,841.2924,68437,83016,Rhinolophus ferrumequinum,0.044,0.044,-1,Echolocation,/mnt/ubna_data_02_mir/recover-20221013/UBNA_001/20221012_030000.WAV,Telephone Field,recover-20221013,001,1795
841.2625,841.273,22890,28359,Nyctalus leisleri,0.01,0.022,-1,Echolocation,/mnt/ubna_data_02_mir/recover-20221013/UBNA_001/20221012_030000.WAV,Telephone Field,recover-20221013,001,1795
841.2775,841.285,29765,38338,Eptesicus serotinus,0.007,0.024,-1,Echolocation,/mnt/ubna_data_02_mir/recover-20221013/UBNA_001/20221012_030000.WAV,Telephone Field,recover-20221013,001,1795
841.2835,841.3209,68437,82085,Rhinolophus ferrumequinum,0.02,0.02,-1,Echolocation,/mnt/ubna_data_02_mir/recover-20221013/UBNA_001/20221012_030000.WAV,Telephone Field,recover-20221013,001,1795
841.3065,841.3159,28046,36997,Eptesicus serotinus,0.01,0.022,-1,Echolocation,/mnt/ubna_data_02_mir/recover-20221013/UBNA_001/20221012_030000.WAV,Telephone Field,recover-20221013,001,1795
841.3445,841.3548,28046,35320,Eptesicus serotinus,0.01,0.023,-1,Echolocation,/mnt/ubna_data_02_mir/recover-20221013/UBNA_001/20221012_030000.WAV,Telephone Field,recover-20221013,001,1795
841.3795,841.4246,68437,83134,Rhinolophus ferrumequinum,0.036,0.036,-1,Echolocation,/mnt/ubna_data_02_mir/recover-20221013/UBNA_001/20221012_030000.WAV,Telephone Field,recover-20221013,001,1795
841.3985,841.4056,26328,36411,Eptesicus serotinus,0.007,0.021,-1,Echolocation,/mnt/ubna_data_02_mir/recover-20221013/UBNA_001/20221012_030000.WAV,Telephone Field,recover-20221013,001,1795
841.4535,841.4897,68437,81562,Rhinolophus ferrumequinum,0.022,0.022,-1,Echolocation,/mnt/ubna_data_02_mir/recover-20221013/UBNA_001/20221012_030000.WAV,Telephone Field,recover-20221013,001,1795
841.4685,841.4807,53828,58289,Pipistrellus pygmaeus,0.027,0.035,-1,Echolocation,/mnt/ubna_data_02_mir/recover-20221013/UBNA_001/20221012_030000.WAV,Telephone Field,recover-20221013,001,1795
841.5055,841.5453,68437,82187,Rhinolophus ferrumequinum,0.021,0.021,-1,Echolocation,/mnt/ubna_data_02_mir/recover-20221013/UBNA_001/20221012_030000.WAV,Telephone Field,recover-20221013,001,1795
841.5225,841.5621,68437,82158,Rhinolophus ferrumequinum,0.024,0.024,-1,Echolocation,/mnt/ubna_data_02_mir/recover-20221013/UBNA_001/20221012_030000.WAV,Telephone Field,recover-20221013,001,1795
841.5435,841.5501,49531,54099,Pipistrellus pipistrellus,0.021,0.023,-1,Echolocation,/mnt/ubna_data_02_mir/recover-20221013/UBNA_001/20221012_030000.WAV,Telephone Field,recover-20221013,001,1795
841.5535,841.5887,68437,81393,Rhinolophus ferrumequinum,0.021,0.021,-1,Echolocation,/mnt/ubna_data_02_mir/recover-20221013/UBNA_001/20221012_030000.WAV,Telephone Field,recover-20221013,001,1795
841.6045,841.6118,25468,35157,Eptesicus serotinus,0.006,0.022,-1,Echolocation,/mnt/ubna_data_02_mir/recover-20221013/UBNA_001/20221012_030000.WAV,Telephone Field,recover-20221013,001,1795
841.6085,841.6429,68437,81316,Rhinolophus ferrumequinum,0.021,0.021,-1,Echolocation,/mnt/ubna_data_02_mir/recover-20221013/UBNA_001/20221012_030000.WAV,Telephone Field,recover-20221013,001,1795
841.6505,841.6598,24609,31631,Eptesicus serotinus,0.013,0.039,-1,Echolocation,/mnt/ubna_data_02_mir/recover-20221013/UBNA_001/20221012_030000.WAV,Telephone Field,recover-20221013,001,1795
841.6695,841.6918,18593,21083,Nyctalus noctula,0.022,0.038,-1,Echolocation,/mnt/ubna_data_02_mir/recover-20221013/UBNA_001/20221012_030000.WAV,Telephone Field,recover-20221013,001,1795
841.7185,841.7288,22890,28208,Nyctalus leisleri,0.009,0.02,-1,Echolocation,/mnt/ubna_data_02_mir/recover-20221013/UBNA_001/20221012_030000.WAV,Telephone Field,recover-20221013,001,1795
841.7305,841.7648,68437,80899,Rhinolophus ferrumequinum,0.02,0.02,-1,Echolocation,/mnt/ubna_data_02_mir/recover-20221013/UBNA_001/20221012_030000.WAV,Telephone Field,recover-20221013,001,1795
841.7435,841.7516,23750,31559,Plecotus austriacus,0.008,0.021,-1,Echolocation,/mnt/ubna_data_02_mir/recover-20221013/UBNA_001/20221012_030000.WAV,Telephone Field,recover-20221013,001,1795
841.7485,841.7858,68437,82324,Rhinolophus ferrumequinum,0.023,0.023,-1,Echolocation,/mnt/ubna_data_02_mir/recover-20221013/UBNA_001/20221012_030000.WAV,Telephone Field,recover-20221013,001,1795
841.7565,841.7967,68437,82642,Rhinolophus ferrumequinum,0.021,0.021,-1,Echolocation,/mnt/ubna_data_02_mir/recover-20221013/UBNA_001/20221012_030000.WAV,Telephone Field,recover-20221013,001,1795
841.7715,841.8136,68437,83395,Rhinolophus ferrumequinum,0.025,0.025,-1,Echolocation,/mnt/ubna_data_02_mir/recover-20221013/UBNA_001/20221012_030000.WAV,Telephone Field,recover-20221013,001,1795
841.7945,841.8016,28046,40492,Eptesicus serotinus,0.007,0.023,-1,Echolocation,/mnt/ubna_data_02_mir/recover-20221013/UBNA_001/20221012_030000.WAV,Telephone Field,recover-20221013,001,1795
841.8395,841.8776,68437,81875,Rhinolophus ferrumequinum,0.023,0.023,-1,Echolocation,/mnt/ubna_data_02_mir/recover-20221013/UBNA_001/20221012_030000.WAV,Telephone Field,recover-20221013,001,1795
841.8575,841.8955,68437,81839,Rhinolophus ferrumequinum,0.022,0.022,-1,Echolocation,/mnt/ubna_data_02_mir/recover-20221013/UBNA_001/20221012_030000.WAV,Telephone Field,recover-20221013,001,1795
841.8645,841.8746,22890,29152,Nyctalus leisleri,0.009,0.023,-1,Echolocation,/mnt/ubna_data_02_mir/recover-20221013/UBNA_001/20221012_030000.WAV,Telephone Field,recover-20221013,001,1795
841.9125,841.9515,68437,82660,Rhinolophus ferrumequinum,0.023,0.023,-1,Echolocation,/mnt/ubna_data_02_mir/recover-20221013/UBNA_001/20221012_030000.WAV,Telephone Field,recover-20221013,001,1795
841.9145,841.9232,23750,31490,Nyctalus leisleri,0.006,0.022,-1,Echolocation,/mnt/ubna_data_02_mir/recover-20221013/UBNA_001/20221012_030000.WAV,Telephone Field,recover-20221013,001,1795
841.9355,841.9736,68437,82149,Rhinolophus ferrumequinum,0.021,0.021,-1,Echolocation,/mnt/ubna_data_02_mir/recover-20221013/UBNA_001/20221012_030000.WAV,Telephone Field,recover-20221013,001,1795
841.9495,841.9895,68437,81950,Rhinolophus ferrumequinum,0.023,0.023,-1,Echolocation,/mnt/ubna_data_02_mir/recover-20221013/UBNA_001/20221012_030000.WAV,Telephone Field,recover-20221013,001,1795
841.9815,841.9916,23750,29718,Nyctalus leisleri,0.011,0.026,-1,Echolocation,/mnt/ubna_data_02_mir/recover-20221013/UBNA_001/20221012_030000.WAV,Telephone Field,recover-20221013,001,1795
842.0015,842.0324,68437,79984,Rhinolophus ferrumequinum,0.023,0.024,-1,Echolocation,/mnt/ubna_data_02_mir/recover-20221013/UBNA_001/20221012_030000.WAV,Telephone Field,recover-20221013,001,1795
842.0015,842.0103,26328,36683,Eptesicus serotinus,0.008,0.027,-1,Echolocation,/mnt/ubna_data_02_mir/recover-20221013/UBNA_001/20221012_030000.WAV,Telephone Field,recover-20221013,001,1795
842.0015,842.0109,47812,52718,Pipistrellus pipistrellus,0.019,0.026,-1,Echolocation,/mnt/ubna_data_02_mir/recover-20221013/UBNA_001/20221012_030000.WAV,Telephone Field,recover-20221013,001,1795
842.0175,842.0285,22031,26119,Nyctalus leisleri,0.015,0.025,-1,Echolocation,/mnt/ubna_data_02_mir/recover-20221013/UBNA_001/20221012_030000.WAV,Telephone Field,recover-20221013,001,1795
842.0565,842.0941,68437,81895,Rhinolophus ferrumequinum,0.025,0.025,-1,Echolocation,/mnt/ubna_data_02_mir/recover-20221013/UBNA_001/20221012_030000.WAV,Telephone Field,recover-20221013,001,1795
842.0835,842.1264,68437,83483,Rhinolophus ferrumequinum,0.025,0.025,-1,Echolocation,/mnt/ubna_data_02_mir/recover-20221013/UBNA_001/20221012_030000.WAV,Telephone Field,recover-20221013,001,1795
842.0895,842.1307,68437,83468,Rhinolophus ferrumequinum,0.025,0.025,-1,Echolocation,/mnt/ubna_data_02_mir/recover-20221013/UBNA_001/20221012_030000.WAV,Telephone Field,recover-20221013,001,1795
842.1095,842.1467,68437,82219,Rhinolophus ferrumequinum,0.023,0.023,-1,Echolocation,/mnt/ubna_data_02_mir/recover-20221013/UBNA_001/20221012_030000.WAV,Telephone Field,recover-20221013,001,1795
842.1305,842.1716,68437,82220,Rhinolophus ferrumequinum,0.029,0.029,-1,Echolocation,/mnt/ubna_data_02_mir/recover-20221013/UBNA_001/20221012_030000.WAV,Telephone Field,recover-20221013,001,1795
842.1475,842.1861,68437,82259,Rhinolophus ferrumequinum,0.022,0.022,-1,Echolocation,/mnt/ubna_data_02_mir/recover-20221013/UBNA_001/20221012_030000.WAV,Telephone Field,recover-20221013,001,1795
842.1605,842.1975,68437,82081,Rhinolophus ferrumequinum,0.021,0.021,-1,Echolocation,/mnt/ubna_data_02_mir/recover-20221013/UBNA_001/20221012_030000.WAV,Telephone Field,recover-20221013,001,1795
842.1915,842.2289,68437,81818,Rhinolophus ferrumequinum,0.025,0.025,-1,Echolocation,/mnt/ubna_data_02_mir/recover-20221013/UBNA_001/20221012_030000.WAV,Telephone Field,recover-20221013,001,1795
842.2215,842.2584,68437,81926,Rhinolophus ferrumequinum,0.028,0.028,-1,Echolocation,/mnt/ubna_data_02_mir/recover-20221013/UBNA_001/20221012_030000.WAV,Telephone Field,recover-20221013,001,1795
842.2355,842.2467,22031,27044,Nyctalus leisleri,0.009,0.021,-1,Echolocation,/mnt/ubna_data_02_mir/recover-20221013/UBNA_001/20221012_030000.WAV,Telephone Field,recover-20221013,001,1795
842.2445,842.2521,22890,30053,Plecotus austriacus,0.013,0.025,-1,Echolocation,/mnt/ubna_data_02_mir/recover-20221013/UBNA_001/20221012_030000.WAV,Telephone Field,recover-20221013,001,1795
842.2555,842.2955,68437,82762,Rhinolophus ferrumequinum,0.022,0.022,-1,Echolocation,/mnt/ubna_data_02_mir/recover-20221013/UBNA_001/20221012_030000.WAV,Telephone Field,recover-20221013,001,1795
842.2665,842.2742,28046,39417,Eptesicus serotinus,0.007,0.021,-1,Echolocation,/mnt/ubna_data_02_mir/recover-20221013/UBNA_001/20221012_030000.WAV,Telephone Field,recover-20221013,001,1795
842.2875,842.3273,68437,82638,Rhinolophus ferrumequinum,0.021,0.021,-1,Echolocation,/mnt/ubna_data_02_mir/recover-20221013/UBNA_001/20221012_030000.WAV,Telephone Field,recover-20221013,001,1795
842.2885,842.2968,28046,37572,Eptesicus serotinus,0.022,0.041,-1,Echolocation,/mnt/ubna_data_02_mir/recover-20221013/UBNA_001/20221012_030000.WAV,Telephone Field,recover-20221013,001,1795
842.3065,842.347,68437,82365,Rhinolophus ferrumequinum,0.033,0.033,-1,Echolocation,/mnt/ubna_data_02_mir/recover-20221013/UBNA_001/20221012_030000.WAV,Telephone Field,recover-20221013,001,1795
842.3105,842.3176,46093,51128,Pipistrellus pipistrellus,0.029,0.03,-1,Echolocation,/mnt/ubna_data_02_mir/recover-20221013/UBNA_001/20221012_030000.WAV,Telephone Field,recover-20221013,001,1795
842.3225,842.3339,28046,35177,Eptesicus serotinus,0.015,0.031,-1,Echolocation,/mnt/ubna_data_02_mir/recover-20221013/UBNA_001/20221012_030000.WAV,Telephone Field,recover-20221013,001,1795
842.3375,842.3788,68437,82927,Rhinolophus ferrumequinum,0.034,0.034,-1,Echolocation,/mnt/ubna_data_02_mir/recover-20221013/UBNA_001/20221012_030000.WAV,Telephone Field,recover-20221013,001,1795
842.3605,842.3732,22031,26066,Nyctalus leisleri,0.012,0.022,-1,Echolocation,/mnt/ubna_data_02_mir/recover-20221013/UBNA_001/20221012_030000.WAV,Telephone Field,recover-20221013,001,1795
842.3735,842.4083,68437,81513,Rhinolophus ferrumequinum,0.022,0.022,-1,Echolocation,/mnt/ubna_data_02_mir/recover-20221013/UBNA_001/20221012_030000.WAV,Telephone Field,recover-20221013,001,1795
842.3845,842.4235,68437,81270,Rhinolophus ferrumequinum,0.023,0.023,-1,Echolocation,/mnt/ubna_data_02_mir/recover-20221013/UBNA_001/20221012_030000.WAV,Telephone Field,recover-20221013,001,1795
842.4075,842.4464,68437,82517,Rhinolophus ferrumequinum,0.022,0.022,-1,Echolocation,/mnt/ubna_data_02_mir/recover-20221013/UBNA_001/20221012_030000.WAV,Telephone Field,recover-20221013,001,1795
842.4305,842.4708,68437,82381,Rhinolophus ferrumequinum,0.022,0.022,-1,Echolocation,/mnt/ubna_data_02_mir/recover-20221013/UBNA_001/20221012_030000.WAV,Telephone Field,recover-20221013,001,1795
842.4415,842.4485,25468,36098,Plecotus austriacus,0.011,0.032,-1,Echolocation,/mnt/ubna_data_02_mir/recover-20221013/UBNA_001/20221012_030000.WAV,Telephone Field,recover-20221013,001,1795
842.4435,842.4848,68437,82752,Rhinolophus ferrumequinum,0.022,0.022,-1,Echolocation,/mnt/ubna_data_02_mir/recover-20221013/UBNA_001/20221012_030000.WAV,Telephone Field,recover-20221013,001,1795
842.4565,842.4783,18593,21687,Nyctalus noctula,0.017,0.029,-1,Echolocation,/mnt/ubna_data_02_mir/recover-20221013/UBNA_001/20221012_030000.WAV,Telephone Field,recover-20221013,001,1795
842.4855,842.5243,68437,82445,Rhinolophus ferrumequinum,0.032,0.032,-1,Echolocation,/mnt/ubna_data_02_mir/recover-20221013/UBNA_001/20221012_030000.WAV,Telephone Field,recover-20221013,001,1795
842.4935,842.5351,68437,82460,Rhinolophus ferrumequinum,0.037,0.037,-1,Echolocation,/mnt/ubna_data_02_mir/recover-20221013/UBNA_001/20221012_030000.WAV,Telephone Field,recover-20221013,001,1795
842.5435,842.5813,68437,81949,Rhinolophus ferrumequinum,0.023,0.023,-1,Echolocation,/mnt/ubna_data_02_mir/recover-20221013/UBNA_001/20221012_030000.WAV,Telephone Field,recover-20221013,001,1795
842.5605,842.5683,28046,39710,Eptesicus serotinus,0.007,0.022,-1,Echolocation,/mnt/ubna_data_02_mir/recover-20221013/UBNA_001/20221012_030000.WAV,Telephone Field,recover-20221013,001,1795
842.5735,842.5838,28046,35675,Eptesicus serotinus,0.008,0.021,-1,Echolocation,/mnt/ubna_data_02_mir/recover-20221013/UBNA_001/20221012_030000.WAV,Telephone Field,recover-20221013,001,1795
842.5765,842.6114,68437,80737,Rhinolophus ferrumequinum,0.021,0.021,-1,Echolocation,/mnt/ubna_data_02_mir/recover-20221013/UBNA_001/20221012_030000.WAV,Telephone Field,recover-20221013,001,1795
842.6045,842.6123,28906,38536,Eptesicus serotinus,0.008,0.026,-1,Echolocation,/mnt/ubna_data_02_mir/recover-20221013/UBNA_001/20221012_030000.WAV,Telephone Field,recover-20221013,001,1795
842.6115,842.6541,68437,83554,Rhinolophus ferrumequinum,0.032,0.032,-1,Echolocation,/mnt/ubna_data_02_mir/recover-20221013/UBNA_001/20221012_030000.WAV,Telephone Field,recover-20221013,001,1795
842.6455,842.6833,68437,82627,Rhinolophus ferrumequinum,0.025,0.025,-1,Echolocation,/mnt/ubna_data_02_mir/recover-20221013/UBNA_001/20221012_030000.WAV,Telephone Field,recover-20221013,001,1795
842.6525,842.6913,68437,82139,Rhinolophus ferrumequinum,0.025,0.025,-1,Echolocation,/mnt/ubna_data_02_mir/recover-20221013/UBNA_001/20221012_030000.WAV,Telephone Field,recover-20221013,001,1795
842.6655,842.7091,68437,83382,Rhinolophus ferrumequinum,0.037,0.037,-1,Echolocation,/mnt/ubna_data_02_mir/recover-20221013/UBNA_001/20221012_030000.WAV,Telephone Field,recover-20221013,001,1795
842.6855,842.7222,68437,81418,Rhinolophus ferrumequinum,0.021,0.021,-1,Echolocation,/mnt/ubna_data_02_mir/recover-20221013/UBNA_001/20221012_030000.WAV,Telephone Field,recover-20221013,001,1795
842.7255,842.764,68437,82264,Rhinolophus ferrumequinum,0.022,0.022,-1,Echolocation,/mnt/ubna_data_02_mir/recover-20221013/UBNA_001/20221012_030000.WAV,Telephone Field,recover-20221013,001,1795
842.7535,842.7861,68437,80704,Rhinolophus ferrumequinum,0.023,0.023,-1,Echolocation,/mnt/ubna_data_02_mir/recover-20221013/UBNA_001/20221012_030000.WAV,Telephone Field,recover-20221013,001,1795
842.7645,842.7987,68437,80777,Rhinolophus ferrumequinum,0.023,0.023,-1,Echolocation,/mnt/ubna_data_02_mir/recover-20221013/UBNA_001/20221012_030000.WAV,Telephone Field,recover-20221013,001,1795
842.7875,842.8213,68437,81473,Rhinolophus ferrumequinum,0.022,0.022,-1,Echolocation,/mnt/ubna_data_02_mir/recover-20221013/UBNA_001/20221012_030000.WAV,Telephone Field,recover-20221013,001,1795
842.7975,842.8067,47812,52485,Pipistrellus pipistrellus,0.043,0.047,-1,Echolocation,/mnt/ubna_data_02_mir/recover-20221013/UBNA_001/20221012_030000.WAV,Telephone Field,recover-20221013,001,1795
842.8035,842.8397,68437,81452,Rhinolophus ferrumequinum,0.036,0.036,-1,Echolocation,/mnt/ubna_data_02_mir/recover-20221013/UBNA_001/20221012_030000.WAV,Telephone Field,recover-20221013,001,1795
842.8245,842.865,68437,82294,Rhinolophus ferrumequinum,0.022,0.022,-1,Echolocation,/mnt/ubna_data_02_mir/recover-20221013/UBNA_001/20221012_030000.WAV,Telephone Field,recover-20221013,001,1795
842.8275,842.8355,27187,37722,Eptesicus serotinus,0.007,0.021,-1,Echolocation,/mnt/ubna_data_02_mir/recover-20221013/UBNA_001/20221012_030000.WAV,Telephone Field,recover-20221013,001,1795
842.8455,842.8861,68437,82308,Rhinolophus ferrumequinum,0.021,0.021,-1,Echolocation,/mnt/ubna_data_02_mir/recover-20221013/UBNA_001/20221012_030000.WAV,Telephone Field,recover-20221013,001,1795
842.8765,842.9172,68437,82605,Rhinolophus ferrumequinum,0.025,0.025,-1,Echolocation,/mnt/ubna_data_02_mir/recover-20221013/UBNA_001/20221012_030000.WAV,Telephone Field,recover-20221013,001,1795
842.9065,842.9141,46953,54811,Pipistrellus pipistrellus,0.016,0.021,-1,Echolocation,/mnt/ubna_data_02_mir/recover-20221013/UBNA_001/20221012_030000.WAV,Telephone Field,recover-20221013,001,1795
842.9425,842.9847,68437,83219,Rhinolophus ferrumequinum,0.025,0.025,-1,Echolocation,/mnt/ubna_data_02_mir/recover-20221013/UBNA_001/20221012_030000.WAV,Telephone Field,recover-20221013,001,1795
842.9585,842.9974,68437,82243,Rhinolophus ferrumequinum,0.022,0.022,-1,Echolocation,/mnt/ubna_data_02_mir/recover-20221013/UBNA_001/20221012_030000.WAV,Telephone Field,recover-20221013,001,1795
842.9625,842.9724,24609,31442,Nyctalus leisleri,0.007,0.021,-1,Echolocation,/mnt/ubna_data_02_mir/recover-20221013/UBNA_001/20221012_030000.WAV,Telephone Field,recover-20221013,001,1795
843.0255,843.0651,68437,82408,Rhinolophus ferrumequinum,0.023,0.023,-1,Echolocation,/mnt/ubna_data_02_mir/recover-20221013/UBNA_001/20221012_030000.WAV,Telephone Field,recover-20221013,001,1795
843.0505,843.0917,68437,82289,Rhinolophus ferrumequinum,0.022,0.022,-1,Echolocation,/mnt/ubna_data_02_mir/recover-20221013/UBNA_001/20221012_030000.WAV,Telephone Field,recover-20221013,001,1795
843.0505,843.0596,28046,38288,Eptesicus serotinus,0.009,0.022,-1,Echolocation,/mnt/ubna_data_02_mir/recover-20221013/UBNA_001/20221012_030000.WAV,Telephone Field,recover-20221013,001,1795
843.0685,843.0774,28906,38599,Eptesicus serotinus,0.008,0.022,-1,Echolocation,/mnt/ubna_data_02_mir/recover-20221013/UBNA_001/20221012_030000.WAV,Telephone Field,recover-20221013,001,1795
843.1565,843.1951,68437,82064,Rhinolophus ferrumequinum,0.021,0.021,-1,Echolocation,/mnt/ubna_data_02_mir/recover-20221013/UBNA_001/20221012_030000.WAV,Telephone Field,recover-20221013,001,1795
843.1595,843.1675,28046,38618,Eptesicus serotinus,0.008,0.021,-1,Echolocation,/mnt/ubna_data_02_mir/recover-20221013/UBNA_001/20221012_030000.WAV,Telephone Field,recover-20221013,001,1795
843.1895,843.201,40937,46106,Pipistrellus nathusii,0.012,0.021,-1,Echolocation,/mnt/ubna_data_02_mir/recover-20221013/UBNA_001/20221012_030000.WAV,Telephone Field,recover-20221013,001,1795
843.2065,843.2439,68437,81136,Rhinolophus ferrumequinum,0.023,0.023,-1,Echolocation,/mnt/ubna_data_02_mir/recover-20221013/UBNA_001/20221012_030000.WAV,Telephone Field,recover-20221013,001,1795
843.2295,843.2709,68437,83123,Rhinolophus ferrumequinum,0.021,0.021,-1,Echolocation,/mnt/ubna_data_02_mir/recover-20221013/UBNA_001/20221012_030000.WAV,Telephone Field,recover-20221013,001,1795
843.2315,843.2439,21171,25609,Nyctalus leisleri,0.012,0.024,-1,Echolocation,/mnt/ubna_data_02_mir/recover-20221013/UBNA_001/20221012_030000.WAV,Telephone Field,recover-20221013,001,1795
843.2905,843.2979,28046,41973,Eptesicus serotinus,0.007,0.021,-1,Echolocation,/mnt/ubna_data_02_mir/recover-20221013/UBNA_001/20221012_030000.WAV,Telephone Field,recover-20221013,001,1795
843.3095,843.3159,26328,39980,Eptesicus serotinus,0.005,0.024,-1,Echolocation,/mnt/ubna_data_02_mir/recover-20221013/UBNA_001/20221012_030000.WAV,Telephone Field,recover-20221013,001,1795
843.3515,843.3898,68437,82196,Rhinolophus ferrumequinum,0.024,0.024,-1,Echolocation,/mnt/ubna_data_02_mir/recover-20221013/UBNA_001/20221012_030000.WAV,Telephone Field,recover-20221013,001,1795
843.3515,843.3617,28906,36069,Eptesicus serotinus,0.012,0.027,-1,Echolocation,/mnt/ubna_data_02_mir/recover-20221013/UBNA_001/20221012_030000.WAV,Telephone Field,recover-20221013,001,1795
843.3625,843.4001,68437,82180,Rhinolophus ferrumequinum,0.024,0.024,-1,Echolocation,/mnt/ubna_data_02_mir/recover-20221013/UBNA_001/20221012_030000.WAV,Telephone Field,recover-20221013,001,1795
843.3745,843.3855,23750,29018,Nyctalus leisleri,0.01,0.022,-1,Echolocation,/mnt/ubna_data_02_mir/recover-20221013/UBNA_001/20221012_030000.WAV,Telephone Field,recover-20221013,001,1795
843.3975,843.4357,68437,82035,Rhinolophus ferrumequinum,0.022,0.022,-1,Echolocation,/mnt/ubna_data_02_mir/recover-20221013/UBNA_001/20221012_030000.WAV,Telephone Field,recover-20221013,001,1795
843.4085,843.4156,24609,35800,Plecotus austriacus,0.012,0.032,-1,Echolocation,/mnt/ubna_data_02_mir/recover-20221013/UBNA_001/20221012_030000.WAV,Telephone Field,recover-20221013,001,1795
843.4585,843.4968,68437,82025,Rhinolophus ferrumequinum,0.024,0.024,-1,Echolocation,/mnt/ubna_data_02_mir/recover-20221013/UBNA_001/20221012_030000.WAV,Telephone Field,recover-20221013,001,1795
843.4785,843.5199,68437,82905,Rhinolophus ferrumequinum,0.023,0.023,-1,Echolocation,/mnt/ubna_data_02_mir/recover-20221013/UBNA_001/20221012_030000.WAV,Telephone Field,recover-20221013,001,1795
843.5015,843.5416,68437,81979,Rhinolophus ferrumequinum,0.021,0.021,-1,Echolocation,/mnt/ubna_data_02_mir/recover-20221013/UBNA_001/20221012_030000.WAV,Telephone Field,recover-20221013,001,1795
843.5195,843.5599,68437,82897,Rhinolophus ferrumequinum,0.024,0.024,-1,Echolocation,/mnt/ubna_data_02_mir/recover-20221013/UBNA_001/20221012_030000.WAV,Telephone Field,recover-20221013,001,1795
843.5275,843.5679,68437,83369,Rhinolophus ferrumequinum,0.03,0.03,-1,Echolocation,/mnt/ubna_data_02_mir/recover-20221013/UBNA_001/20221012_030000.WAV,Telephone Field,recover-20221013,001,1795
843.5375,843.5752,68437,82144,Rhinolophus ferrumequinum,0.022,0.022,-1,Echolocation,/mnt/ubna_data_02_mir/recover-20221013/UBNA_001/20221012_030000.WAV,Telephone Field,recover-20221013,001,1795
843.6005,843.6105,24609,31582,Nyctalus leisleri,0.007,0.022,-1,Echolocation,/mnt/ubna_data_02_mir/recover-20221013/UBNA_001/20221012_030000.WAV,Telephone Field,recover-20221013,001,1795
843.6185,843.625,50390,58139,Pipistrellus pipistrellus,0.018,0.022,-1,Echolocation,/mnt/ubna_data_02_mir/recover-20221013/UBNA_001/20221012_030000.WAV,Telephone Field,recover-20221013,001,1795
843.6365,843.6772,68437,82913,Rhinolophus ferrumequinum,0.023,0.023,-1,Echolocation,/mnt/ubna_data_02_mir/recover-20221013/UBNA_001/20221012_030000.WAV,Telephone Field,recover-20221013,001,1795
843.6455,843.6823,68437,82149,Rhinolophus ferrumequinum,0.021,0.021,-1,Echolocation,/mnt/ubna_data_02_mir/recover-20221013/UBNA_001/20221012_030000.WAV,Telephone Field,recover-20221013,001,1795
843.7435,843.7516,23750,30915,Plecotus austriacus,0.008,0.022,-1,Echolocation,/mnt/ubna_data_02_mir/recover-20221013/UBNA_001/20221012_030000.WAV,Telephone Field,recover-20221013,001,1795
843.7445,843.7831,68437,82517,Rhinolophus ferrumequinum,0.021,0.021,-1,Echolocation,/mnt/ubna_data_02_mir/recover-20221013/UBNA_001/20221012_030000.WAV,Telephone Field,recover-20221013,001,1795
843.7595,843.7698,44375,47849,Pipistrellus pipistrellus,0.019,0.021,-1,Echolocation,/mnt/ubna_data_02_mir/recover-20221013/UBNA_001/20221012_030000.WAV,Telephone Field,recover-20221013,001,1795
843.7735,843.7824,26328,34598,Eptesicus serotinus,0.008,0.021,-1,Echolocation,/mnt/ubna_data_02_mir/recover-20221013/UBNA_001/20221012_030000.WAV,Telephone Field,recover-20221013,001,1795
843.7925,843.8015,25468,33212,Eptesicus serotinus,0.007,0.024,-1,Echolocation,/mnt/ubna_data_02_mir/recover-20221013/UBNA_001/20221012_030000.WAV,Telephone Field,recover-20221013,001,1795
843.8065,843.8177,22890,26765,Nyctalus leisleri,0.013,0.022,-1,Echolocation,/mnt/ubna_data_02_mir/recover-20221013/UBNA_001/20221012_030000.WAV,Telephone Field,recover-20221013,001,1795
843.8485,843.86,23750,28871,Nyctalus leisleri,0.013,0.025,-1,Echolocation,/mnt/ubna_data_02_mir/recover-20221013/UBNA_001/20221012_030000.WAV,Telephone Field,recover-20221013,001,1795
843.8555,843.8962,68437,82726,Rhinolophus ferrumequinum,0.021,0.021,-1,Echolocation,/mnt/ubna_data_02_mir/recover-20221013/UBNA_001/20221012_030000.WAV,Telephone Field,recover-20221013,001,1795
843.8575,843.8694,51250,54810,Pipistrellus pygmaeus,0.019,0.025,-1,Echolocation,/mnt/ubna_data_02_mir/recover-20221013/UBNA_001/20221012_030000.WAV,Telephone Field,recover-20221013,001,1795
843.8725,843.9094,68437,81949,Rhinolophus ferrumequinum,0.021,0.021,-1,Echolocation,/mnt/ubna_data_02_mir/recover-20221013/UBNA_001/20221012_030000.WAV,Telephone Field,recover-20221013,001,1795
843.9215,843.9608,68437,82611,Rhinolophus ferrumequinum,0.021,0.021,-1,Echolocation,/mnt/ubna_data_02_mir/recover-20221013/UBNA_001/20221012_030000.WAV,Telephone Field,recover-20221013,001,1795
843.9345,843.9431,28046,38825,Eptesicus serotinus,0.007,0.021,-1,Echolocation,/mnt/ubna_data_02_mir/recover-20221013/UBNA_001/20221012_030000.WAV,Telephone Field,recover-20221013,001,1795
843.9575,843.9945,68437,82051,Rhinolophus ferrumequinum,0.021,0.021,-1,Echolocation,/mnt/ubna_data_02_mir/recover-20221013/UBNA_001/20221012_030000.WAV,Telephone Field,recover-20221013,001,1795
843.9855,843.9937,27187,41097,Eptesicus serotinus,0.01,0.025,-1,Echolocation,/mnt/ubna_data_02_mir/recover-20221013/UBNA_001/20221012_030000.WAV,Telephone Field,recover-20221013,001,1795
844.0015,844.0314,69296,80727,Rhinolophus ferrumequinum,0.024,0.024,-1,Echolocation,/mnt/ubna_data_02_mir/recover-20221013/UBNA_001/20221012_030000.WAV,Telephone Field,recover-20221013,001,1795
844.0015,844.0098,21171,27189,Nyctalus leisleri,0.008,0.022,-1,Echolocation,/mnt/ubna_data_02_mir/recover-20221013/UBNA_001/20221012_030000.WAV,Telephone Field,recover-20221013,001,1795
844.0035,844.015,41796,44832,Pipistrellus pipistrellus,0.021,0.03,-1,Echolocation,/mnt/ubna_data_02_mir/recover-20221013/UBNA_001/20221012_030000.WAV,Telephone Field,recover-20221013,001,1795
844.0095,844.0206,46953,49905,Pipistrellus pipistrellus,0.02,0.023,-1,Echolocation,/mnt/ubna_data_02_mir/recover-20221013/UBNA_001/20221012_030000.WAV,Telephone Field,recover-20221013,001,1795
844.0155,844.0232,28906,40901,Eptesicus serotinus,0.007,0.02,-1,Echolocation,/mnt/ubna_data_02_mir/recover-20221013/UBNA_001/20221012_030000.WAV,Telephone Field,recover-20221013,001,1795
844.0365,844.0786,68437,82574,Rhinolophus ferrumequinum,0.022,0.022,-1,Echolocation,/mnt/ubna_data_02_mir/recover-20221013/UBNA_001/20221012_030000.WAV,Telephone Field,recover-20221013,001,1795
844.0575,844.0954,68437,82409,Rhinolophus ferrumequinum,0.02,0.02,-1,Echolocation,/mnt/ubna_data_02_mir/recover-20221013/UBNA_001/20221012_030000.WAV,Telephone Field,recover-20221013,001,1795
844.1005,844.1108,23750,29691,Nyctalus leisleri,0.009,0.02,-1,Echolocation,/mnt/ubna_data_02_mir/recover-20221013/UBNA_001/20221012_030000.WAV,Telephone Field,recover-20221013,001,1795
844.1415,844.1496,28046,41029,Eptesicus serotinus,0.007,0.02,-1,Echolocation,/mnt/ubna_data_02_mir/recover-20221013/UBNA_001/20221012_030000.WAV,Telephone Field,recover-20221013,001,1795
844.1645,844.1729,28046,38364,Eptesicus serotinus,0.007,0.02,-1,Echolocation,/mnt/ubna_data_02_mir/recover-20221013/UBNA_001/20221012_030000.WAV,Telephone Field,recover-20221013,001,1795
844.1985,844.2091,22890,28158,Nyctalus leisleri,0.009,0.02,-1,Echolocation,/mnt/ubna_data_02_mir/recover-20221013/UBNA_001/20221012_030000.WAV,Telephone Field,recover-20221013,001,1795
844.2095,844.2481,68437,81598,Rhinolophus ferrumequinum,0.02,0.02,-1,Echolocation,/mnt/ubna_data_02_mir/recover-20221013/UBNA_001/20221012_030000.WAV,Telephone Field,recover-20221013,001,1795
844.2375,844.2804,68437,82632,Rhinolophus ferrumequinum,0.029,0.029,-1,Echolocation,/mnt/ubna_data_02_mir/recover-20221013/UBNA_001/20221012_030000.WAV,Telephone Field,recover-20221013,001,1795
844.2445,844.2517,26328,35591,Eptesicus serotinus,0.005,0.02,-1,Echolocation,/mnt/ubna_data_02_mir/recover-20221013/UBNA_001/20221012_030000.WAV,Telephone Field,recover-20221013,001,1795
844.2845,844.3247,68437,82487,Rhinolophus ferrumequinum,0.027,0.027,-1,Echolocation,/mnt/ubna_data_02_mir/recover-20221013/UBNA_001/20221012_030000.WAV,Telephone Field,recover-20221013,001,1795
844.3015,844.3392,68437,81341,Rhinolophus ferrumequinum,0.022,0.022,-1,Echolocation,/mnt/ubna_data_02_mir/recover-20221013/UBNA_001/20221012_030000.WAV,Telephone Field,recover-20221013,001,1795
844.3435,844.3803,68437,82111,Rhinolophus ferrumequinum,0.023,0.023,-1,Echolocation,/mnt/ubna_data_02_mir/recover-20221013/UBNA_001/20221012_030000.WAV,Telephone Field,recover-20221013,001,1795
844.3865,844.4251,68437,82074,Rhinolophus ferrumequinum,0.02,0.02,-1,Echolocation,/mnt/ubna_data_02_mir/recover-20221013/UBNA_001/20221012_030000.WAV,Telephone Field,recover-20221013,001,1795
844.3995,844.4388,68437,82663,Rhinolophus ferrumequinum,0.021,0.021,-1,Echolocation,/mnt/ubna_data_02_mir/recover-20221013/UBNA_001/20221012_030000.WAV,Telephone Field,recover-20221013,001,1795
844.4105,844.4502,68437,81349,Rhinolophus ferrumequinum,0.024,0.024,-1,Echolocation,/mnt/ubna_data_02_mir/recover-20221013/UBNA_001/20221012_030000.WAV,Telephone Field,recover-20221013,001,1795
844.4275,844.4409,25468,30316,Nyctalus leisleri,0.019,0.035,-1,Echolocation,/mnt/ubna_data_02_mir/recover-20221013/UBNA_001/20221012_030000.WAV,Telephone Field,recover-20221013,001,1795
844.4305,844.4702,68437,82633,Rhinolophus ferrumequinum,0.029,0.029,-1,Echolocation,/mnt/ubna_data_02_mir/recover-20221013/UBNA_001/20221012_030000.WAV,Telephone Field,recover-20221013,001,1795
844.4675,844.5058,68437,82551,Rhinolophus ferrumequinum,0.028,0.028,-1,Echolocation,/mnt/ubna_data_02_mir/recover-20221013/UBNA_001/20221012_030000.WAV,Telephone Field,recover-20221013,001,1795
844.4915,844.4998,25468,33710,Eptesicus serotinus,0.007,0.021,-1,Echolocation,/mnt/ubna_data_02_mir/recover-20221013/UBNA_001/20221012_030000.WAV,Telephone Field,recover-20221013,001,1795
844.5095,844.5177,28046,39422,Eptesicus serotinus,0.006,0.02,-1,Echolocation,/mnt/ubna_data_02_mir/recover-20221013/UBNA_001/20221012_030000.WAV,Telephone Field,recover-20221013,001,1795
844.5205,844.5589,68437,82577,Rhinolophus ferrumequinum,0.029,0.029,-1,Echolocation,/mnt/ubna_data_02_mir/recover-20221013/UBNA_001/20221012_030000.WAV,Telephone Field,recover-20221013,001,1795
844.5625,844.6011,68437,82309,Rhinolophus ferrumequinum,0.02,0.02,-1,Echolocation,/mnt/ubna_data_02_mir/recover-20221013/UBNA_001/20221012_030000.WAV,Telephone Field,recover-20221013,001,1795
844.5735,844.5836,22890,27991,Nyctalus leisleri,0.011,0.025,-1,Echolocation,/mnt/ubna_data_02_mir/recover-20221013/UBNA_001/20221012_030000.WAV,Telephone Field,recover-20221013,001,1795
844.5755,844.5841,29765,38826,Eptesicus serotinus,0.008,0.023,-1,Echolocation,/mnt/ubna_data_02_mir/recover-20221013/UBNA_001/20221012_030000.WAV,Telephone Field,recover-20221013,001,1795
844.5965,844.632,68437,81413,Rhinolophus ferrumequinum,0.019,0.019,-1,Echolocation,/mnt/ubna_data_02_mir/recover-20221013/UBNA_001/20221012_030000.WAV,Telephone Field,recover-20221013,001,1795
844.5995,844.6081,28906,38079,Eptesicus serotinus,0.008,0.022,-1,Echolocation,/mnt/ubna_data_02_mir/recover-20221013/UBNA_001/20221012_030000.WAV,Telephone Field,recover-20221013,001,1795
844.6135,844.6532,68437,82443,Rhinolophus ferrumequinum,0.023,0.023,-1,Echolocation,/mnt/ubna_data_02_mir/recover-20221013/UBNA_001/20221012_030000.WAV,Telephone Field,recover-20221013,001,1795
844.6495,844.6566,27187,40023,Eptesicus serotinus,0.006,0.022,-1,Echolocation,/mnt/ubna_data_02_mir/recover-20221013/UBNA_001/20221012_030000.WAV,Telephone Field,recover-20221013,001,1795
844.6525,844.6877,68437,81121,Rhinolophus ferrumequinum,0.02,0.02,-1,Echolocation,/mnt/ubna_data_02_mir/recover-20221013/UBNA_001/20221012_030000.WAV,Telephone Field,recover-20221013,001,1795
844.6615,844.6703,28906,37759,Eptesicus serotinus,0.007,0.02,-1,Echolocation,/mnt/ubna_data_02_mir/recover-20221013/UBNA_001/20221012_030000.WAV,Telephone Field,recover-20221013,001,1795
844.6665,844.7056,68437,82500,Rhinolophus ferrumequinum,0.024,0.024,-1,Echolocation,/mnt/ubna_data_02_mir/recover-20221013/UBNA_001/20221012_030000.WAV,Telephone Field,recover-20221013,001,1795
844.6845,844.7241,68437,82845,Rhinolophus ferrumequinum,0.025,0.025,-1,Echolocation,/mnt/ubna_data_02_mir/recover-20221013/UBNA_001/20221012_030000.WAV,Telephone Field,recover-20221013,001,1795
844.6905,844.7006,22890,28200,Nyctalus leisleri,0.009,0.02,-1,Echolocation,/mnt/ubna_data_02_mir/recover-20221013/UBNA_001/20221012_030000.WAV,Telephone Field,recover-20221013,001,1795
844.7045,844.7131,44375,48158,Pipistrellus pipistrellus,0.028,0.029,-1,Echolocation,/mnt/ubna_data_02_mir/recover-20221013/UBNA_001/20221012_030000.WAV,Telephone Field,recover-20221013,001,1795
844.7105,844.7527,68437,83274,Rhinolophus ferrumequinum,0.027,0.027,-1,Echolocation,/mnt/ubna_data_02_mir/recover-20221013/UBNA_001/20221012_030000.WAV,Telephone Field,recover-20221013,001,1795
844.7355,844.7783,68437,82835,Rhinolophus ferrumequinum,0.03,0.03,-1,Echolocation,/mnt/ubna_data_02_mir/recover-20221013/UBNA_001/20221012_030000.WAV,Telephone Field,recover-20221013,001,1795
844.7725,844.8108,68437,82570,Rhinolophus ferrumequinum,0.021,0.021,-1,Echolocation,/mnt/ubna_data_02_mir/recover-20221013/UBNA_001/20221012_030000.WAV,Telephone Field,recover-20221013,001,1795
844.7885,844.7984,22890,28692,Nyctalus leisleri,0.007,0.02,-1,Echolocation,/mnt/ubna_data_02_mir/recover-20221013/UBNA_001/20221012_030000.WAV,Telephone Field,recover-20221013,001,1795
844.7905,844.8278,68437,81613,Rhinolophus ferrumequinum,0.02,0.02,-1,Echolocation,/mnt/ubna_data_02_mir/recover-20221013/UBNA_001/20221012_030000.WAV,Telephone Field,recover-20221013,001,1795
844.8415,844.8788,68437,82148,Rhinolophus ferrumequinum,0.02,0.02,-1,Echolocation,/mnt/ubna_data_02_mir/recover-20221013/UBNA_001/20221012_030000.WAV,Telephone Field,recover-20221013,001,1795
844.8515,844.8616,22890,28690,Nyctalus leisleri,0.009,0.022,-1,Echolocation,/mnt/ubna_data_02_mir/recover-20221013/UBNA_001/20221012_030000.WAV,Telephone Field,recover-20221013,001,1795
844.8615,844.8722,58984,64752,Pipistrellus pygmaeus,0.02,0.021,-1,Echolocation,/mnt/ubna_data_02_mir/recover-20221013/UBNA_001/20221012_030000.WAV,Telephone Field,recover-20221013,001,1795
844.8665,844.9042,68437,81401,Rhinolophus ferrumequinum,0.022,0.022,-1,Echolocation,/mnt/ubna_data_02_mir/recover-20221013/UBNA_001/20221012_030000.WAV,Telephone Field,recover-20221013,001,1795
844.8845,844.8944,22890,28566,Nyctalus leisleri,0.007,0.02,-1,Echolocation,/mnt/ubna_data_02_mir/recover-20221013/UBNA_001/20221012_030000.WAV,Telephone Field,recover-20221013,001,1795
844.8875,844.8964,15156,24820,Nyctalus noctula,0.01,0.026,-1,Echolocation,/mnt/ubna_data_02_mir/recover-20221013/UBNA_001/20221012_030000.WAV,Telephone Field,recover-20221013,001,1795
844.9015,844.9408,68437,82083,Rhinolophus ferrumequinum,0.02,0.02,-1,Echolocation,/mnt/ubna_data_02_mir/recover-20221013/UBNA_001/20221012_030000.WAV,Telephone Field,recover-20221013,001,1795
844.9135,844.9505,68437,82185,Rhinolophus ferrumequinum,0.02,0.02,-1,Echolocation,/mnt/ubna_data_02_mir/recover-20221013/UBNA_001/20221012_030000.WAV,Telephone Field,recover-20221013,001,1795
844.9465,844.984,68437,81868,Rhinolophus ferrumequinum,0.02,0.02,-1,Echolocation,/mnt/ubna_data_02_mir/recover-20221013/UBNA_001/20221012_030000.WAV,Telephone Field,recover-20221013,001,1795
844.9575,844.9644,28046,39868,Eptesicus serotinus,0.007,0.026,-1,Echolocation,/mnt/ubna_data_02_mir/recover-20221013/UBNA_001/20221012_030000.WAV,Telephone Field,recover-20221013,001,1795
844.9715,844.9825,25468,32507,Eptesicus serotinus,0.008,0.019,-1,Echolocation,/mnt/ubna_data_02_mir/recover-20221013/UBNA_001/20221012_030000.WAV,Telephone Field,recover-20221013,001,1795
844.9915,845.0283,68437,82052,Rhinolophus ferrumequinum,0.02,0.02,-1,Echolocation,/mnt/ubna_data_02_mir/recover-20221013/UBNA_001/20221012_030000.WAV,Telephone Field,recover-20221013,001,1795
845.0045,845.0211,23750,28303,Nyctalus leisleri,0.013,0.026,-1,Echolocation,/mnt/ubna_data_02_mir/recover-20221013/UBNA_001/20221012_030000.WAV,Telephone Field,recover-20221013,001,1795
845.0165,845.0249,24609,32676,Plecotus austriacus,0.006,0.02,-1,Echolocation,/mnt/ubna_data_02_mir/recover-20221013/UBNA_001/20221012_030000.WAV,Telephone Field,recover-20221013,001,1795
845.0435,845.0821,68437,81721,Rhinolophus ferrumequinum,0.02,0.021,-1,Echolocation,/mnt/ubna_data_02_mir/recover-20221013/UBNA_001/20221012_030000.WAV,Telephone Field,recover-20221013,001,1795
845.0765,845.0849,28906,39021,Eptesicus serotinus,0.007,0.021,-1,Echolocation,/mnt/ubna_data_02_mir/recover-20221013/UBNA_001/20221012_030000.WAV,Telephone Field,recover-20221013,001,1795
845.0785,845.1181,68437,82664,Rhinolophus ferrumequinum,0.022,0.022,-1,Echolocation,/mnt/ubna_data_02_mir/recover-20221013/UBNA_001/20221012_030000.WAV,Telephone Field,recover-20221013,001,1795
845.0955,845.1317,68437,81002,Rhinolophus ferrumequinum,0.02,0.02,-1,Echolocation,/mnt/ubna_data_02_mir/recover-20221013/UBNA_001/20221012_030000.WAV,Telephone Field,recover-20221013,001,1795
845.1145,845.1531,68437,82225,Rhinolophus ferrumequinum,0.025,0.025,-1,Echolocation,/mnt/ubna_data_02_mir/recover-20221013/UBNA_001/20221012_030000.WAV,Telephone Field,recover-20221013,001,1795
845.1415,845.1785,68437,82579,Rhinolophus ferrumequinum,0.021,0.021,-1,Echolocation,/mnt/ubna_data_02_mir/recover-20221013/UBNA_001/20221012_030000.WAV,Telephone Field,recover-20221013,001,1795
845.1925,845.1998,24609,33301,Plecotus austriacus,0.007,0.023,-1,Echolocation,/mnt/ubna_data_02_mir/recover-20221013/UBNA_001/20221012_030000.WAV,Telephone Field,recover-20221013,001,1795
845.1955,845.2358,68437,82697,Rhinolophus ferrumequinum,0.024,0.024,-1,Echolocation,/mnt/ubna_data_02_mir/recover-20221013/UBNA_001/20221012_030000.WAV,Telephone Field,recover-20221013,001,1795
845.2065,845.2164,24609,31216,Eptesicus serotinus,0.007,0.02,-1,Echolocation,/mnt/ubna_data_02_mir/recover-20221013/UBNA_001/20221012_030000.WAV,Telephone Field,recover-20221013,001,1795
845.2155,845.2511,68437,81041,Rhinolophus ferrumequinum,0.02,0.02,-1,Echolocation,/mnt/ubna_data_02_mir/recover-20221013/UBNA_001/20221012_030000.WAV,Telephone Field,recover-20221013,001,1795
845.2215,845.2579,68437,81674,Rhinolophus ferrumequinum,0.019,0.02,-1,Echolocation,/mnt/ubna_data_02_mir/recover-20221013/UBNA_001/20221012_030000.WAV,Telephone Field,recover-20221013,001,1795
845.2385,845.2464,28046,37890,Eptesicus serotinus,0.006,0.02,-1,Echolocation,/mnt/ubna_data_02_mir/recover-20221013/UBNA_001/20221012_030000.WAV,Telephone Field,recover-20221013,001,1795
845.2605,845.3015,68437,82243,Rhinolophus ferrumequinum,0.023,0.023,-1,Echolocation,/mnt/ubna_data_02_mir/recover-20221013/UBNA_001/20221012_030000.WAV,Telephone Field,recover-20221013,001,1795
845.2745,845.2818,28906,39272,Eptesicus serotinus,0.008,0.025,-1,Echolocation,/mnt/ubna_data_02_mir/recover-20221013/UBNA_001/20221012_030000.WAV,Telephone Field,recover-20221013,001,1795
845.2835,845.3246,68437,82472,Rhinolophus ferrumequinum,0.02,0.02,-1,Echolocation,/mnt/ubna_data_02_mir/recover-20221013/UBNA_001/20221012_030000.WAV,Telephone Field,recover-20221013,001,1795
845.3105,845.3496,68437,82147,Rhinolophus ferrumequinum,0.021,0.021,-1,Echolocation,/mnt/ubna_data_02_mir/recover-20221013/UBNA_001/20221012_030000.WAV,Telephone Field,recover-20221013,001,1795
845.3295,845.3371,47812,56799,Pipistrellus pipistrellus,0.016,0.02,-1,Echolocation,/mnt/ubna_data_02_mir/recover-20221013/UBNA_001/20221012_030000.WAV,Telephone Field,recover-20221013,001,1795
845.3315,845.3723,68437,82512,Rhinolophus ferrumequinum,0.021,0.021,-1,Echolocation,/mnt/ubna_data_02_mir/recover-20221013/UBNA_001/20221012_030000.WAV,Telephone Field,recover-20221013,001,1795
845.3345,845.3448,25468,32327,Eptesicus serotinus,0.007,0.021,-1,Echolocation,/mnt/ubna_data_02_mir/recover-20221013/UBNA_001/20221012_030000.WAV,Telephone Field,recover-20221013,001,1795
845.3415,845.351,28906,36939,Eptesicus serotinus,0.01,0.022,-1,Echolocation,/mnt/ubna_data_02_mir/recover-20221013/UBNA_001/20221012_030000.WAV,Telephone Field,recover-20221013,001,1795
845.3465,845.3613,55546,60170,Pipistrellus pygmaeus,0.021,0.022,-1,Echolocation,/mnt/ubna_data_02_mir/recover-20221013/UBNA_001/20221012_030000.WAV,Telephone Field,recover-20221013,001,1795
845.3665,845.3752,22890,30073,Plecotus austriacus,0.008,0.02,-1,Echolocation,/mnt/ubna_data_02_mir/recover-20221013/UBNA_001/20221012_030000.WAV,Telephone Field,recover-20221013,001,1795
845.3685,845.4061,68437,82291,Rhinolophus ferrumequinum,0.02,0.02,-1,Echolocation,/mnt/ubna_data_02_mir/recover-20221013/UBNA_001/20221012_030000.WAV,Telephone Field,recover-20221013,001,1795
845.4385,845.4494,22890,27956,Nyctalus leisleri,0.01,0.021,-1,Echolocation,/mnt/ubna_data_02_mir/recover-20221013/UBNA_001/20221012_030000.WAV,Telephone Field,recover-20221013,001,1795
845.4405,845.4813,68437,82854,Rhinolophus ferrumequinum,0.025,0.025,-1,Echolocation,/mnt/ubna_data_02_mir/recover-20221013/UBNA_001/20221012_030000.WAV,Telephone Field,recover-20221013,001,1795
845.4495,845.4902,68437,83151,Rhinolophus ferrumequinum,0.036,0.036,-1,Echolocation,/mnt/ubna_data_02_mir/recover-20221013/UBNA_001/20221012_030000.WAV,Telephone Field,recover-20221013,001,1795
845.4505,845.461,22890,27209,Nyctalus leisleri,0.012,0.021,-1,Echolocation,/mnt/ubna_data_02_mir/recover-20221013/UBNA_001/20221012_030000.WAV,Telephone Field,recover-20221013,001,1795
845.4845,845.5227,68437,82036,Rhinolophus ferrumequinum,0.021,0.021,-1,Echolocation,/mnt/ubna_data_02_mir/recover-20221013/UBNA_001/20221012_030000.WAV,Telephone Field,recover-20221013,001,1795
845.5035,845.5392,68437,81739,Rhinolophus ferrumequinum,0.02,0.02,-1,Echolocation,/mnt/ubna_data_02_mir/recover-20221013/UBNA_001/20221012_030000.WAV,Telephone Field,recover-20221013,001,1795
845.5235,845.5335,25468,32676,Nyctalus leisleri,0.014,0.041,-1,Echolocation,/mnt/ubna_data_02_mir/recover-20221013/UBNA_001/20221012_030000.WAV,Telephone Field,recover-20221013,001,1795
845.5415,845.5813,68437,82231,Rhinolophus ferrumequinum,0.022,0.022,-1,Echolocation,/mnt/ubna_data_02_mir/recover-20221013/UBNA_001/20221012_030000.WAV,Telephone Field,recover-20221013,001,1795
845.5595,845.6007,68437,83242,Rhinolophus ferrumequinum,0.024,0.024,-1,Echolocation,/mnt/ubna_data_02_mir/recover-20221013/UBNA_001/20221012_030000.WAV,Telephone Field,recover-20221013,001,1795
845.5845,845.6209,68437,81553,Rhinolophus ferrumequinum,0.021,0.022,-1,Echolocation,/mnt/ubna_data_02_mir/recover-20221013/UBNA_001/20221012_030000.WAV,Telephone Field,recover-20221013,001,1795
845.6145,845.6581,68437,82951,Rhinolophus ferrumequinum,0.025,0.025,-1,Echolocation,/mnt/ubna_data_02_mir/recover-20221013/UBNA_001/20221012_030000.WAV,Telephone Field,recover-20221013,001,1795
845.6845,845.6917,27187,40527,Eptesicus serotinus,0.008,0.028,-1,Echolocation,/mnt/ubna_data_02_mir/recover-20221013/UBNA_001/20221012_030000.WAV,Telephone Field,recover-20221013,001,1795
845.6845,845.7243,68437,82846,Rhinolophus ferrumequinum,0.024,0.024,-1,Echolocation,/mnt/ubna_data_02_mir/recover-20221013/UBNA_001/20221012_030000.WAV,Telephone Field,recover-20221013,001,1795
845.7765,845.7859,25468,33575,Eptesicus serotinus,0.009,0.022,-1,Echolocation,/mnt/ubna_data_02_mir/recover-20221013/UBNA_001/20221012_030000.WAV,Telephone Field,recover-20221013,001,1795
845.7885,845.8236,68437,81304,Rhinolophus ferrumequinum,0.021,0.021,-1,Echolocation,/mnt/ubna_data_02_mir/recover-20221013/UBNA_001/20221012_030000.WAV,Telephone Field,recover-20221013,001,1795
845.8105,845.849,68437,81322,Rhinolophus ferrumequinum,0.022,0.022,-1,Echolocation,/mnt/ubna_data_02_mir/recover-20221013/UBNA_001/20221012_030000.WAV,Telephone Field,recover-20221013,001,1795
845.8225,845.8328,23750,29922,Nyctalus leisleri,0.009,0.021,-1,Echolocation,/mnt/ubna_data_02_mir/recover-20221013/UBNA_001/20221012_030000.WAV,Telephone Field,recover-20221013,001,1795
845.8665,845.8743,24609,33164,Plecotus austriacus,0.009,0.025,-1,Echolocation,/mnt/ubna_data_02_mir/recover-20221013/UBNA_001/20221012_030000.WAV,Telephone Field,recover-20221013,001,1795
845.8785,845.9199,68437,82484,Rhinolophus ferrumequinum,0.022,0.022,-1,Echolocation,/mnt/ubna_data_02_mir/recover-20221013/UBNA_001/20221012_030000.WAV,Telephone Field,recover-20221013,001,1795
845.8975,845.9353,68437,81981,Rhinolophus ferrumequinum,0.019,0.019,-1,Echolocation,/mnt/ubna_data_02_mir/recover-20221013/UBNA_001/20221012_030000.WAV,Telephone Field,recover-20221013,001,1795
845.9225,845.9309,27187,41278,Eptesicus serotinus,0.007,0.022,-1,Echolocation,/mnt/ubna_data_02_mir/recover-20221013/UBNA_001/20221012_030000.WAV,Telephone Field,recover-20221013,001,1795
845.9475,845.9564,30625,39173,Eptesicus serotinus,0.008,0.023,-1,Echolocation,/mnt/ubna_data_02_mir/recover-20221013/UBNA_001/20221012_030000.WAV,Telephone Field,recover-20221013,001,1795
845.9605,845.9705,28046,36154,Eptesicus serotinus,0.01,0.023,-1,Echolocation,/mnt/ubna_data_02_mir/recover-20221013/UBNA_001/20221012_030000.WAV,Telephone Field,recover-20221013,001,1795
846.0015,846.0108,23750,31719,Nyctalus leisleri,0.013,0.039,-1,Echolocation,/mnt/ubna_data_02_mir/recover-20221013/UBNA_001/20221012_030000.WAV,Telephone Field,recover-20221013,001,1795
846.0015,846.0363,68437,80591,Rhinolophus ferrumequinum,0.045,0.045,-1,Echolocation,/mnt/ubna_data_02_mir/recover-20221013/UBNA_001/20221012_030000.WAV,Telephone Field,recover-20221013,001,1795
846.0025,846.0125,53828,59809,Pipistrellus pygmaeus,0.022,0.024,-1,Echolocation,/mnt/ubna_data_02_mir/recover-20221013/UBNA_001/20221012_030000.WAV,Telephone Field,recover-20221013,001,1795
846.0095,846.0517,68437,82685,Rhinolophus ferrumequinum,0.023,0.023,-1,Echolocation,/mnt/ubna_data_02_mir/recover-20221013/UBNA_001/20221012_030000.WAV,Telephone Field,recover-20221013,001,1795
846.0385,846.0494,23750,28809,Nyctalus leisleri,0.01,0.022,-1,Echolocation,/mnt/ubna_data_02_mir/recover-20221013/UBNA_001/20221012_030000.WAV,Telephone Field,recover-20221013,001,1795
846.0555,846.0621,27187,39696,Eptesicus serotinus,0.005,0.023,-1,Echolocation,/mnt/ubna_data_02_mir/recover-20221013/UBNA_001/20221012_030000.WAV,Telephone Field,recover-20221013,001,1795
846.0765,846.1157,68437,82332,Rhinolophus ferrumequinum,0.025,0.025,-1,Echolocation,/mnt/ubna_data_02_mir/recover-20221013/UBNA_001/20221012_030000.WAV,Telephone Field,recover-20221013,001,1795
846.0815,846.0963,47812,52017,Pipistrellus pipistrellus,0.062,0.07,-1,Echolocation,/mnt/ubna_data_02_mir/recover-20221013/UBNA_001/20221012_030000.WAV,Telephone Field,recover-20221013,001,1795
846.1095,846.1495,68437,82293,Rhinolophus ferrumequinum,0.024,0.024,-1,Echolocation,/mnt/ubna_data_02_mir/recover-20221013/UBNA_001/20221012_030000.WAV,Telephone Field,recover-20221013,001,1795
846.1555,846.1941,68437,81814,Rhinolophus ferrumequinum,0.022,0.022,-1,Echolocation,/mnt/ubna_data_02_mir/recover-20221013/UBNA_001/20221012_030000.WAV,Telephone Field,recover-20221013,001,1795
846.1675,846.1762,28906,39346,Eptesicus serotinus,0.012,0.029,-1,Echolocation,/mnt/ubna_data_02_mir/recover-20221013/UBNA_001/20221012_030000.WAV,Telephone Field,recover-20221013,001,1795
846.1865,846.2283,68437,82592,Rhinolophus ferrumequinum,0.025,0.025,-1,Echolocation,/mnt/ubna_data_02_mir/recover-20221013/UBNA_001/20221012_030000.WAV,Telephone Field,recover-20221013,001,1795
846.2175,846.2252,23750,33001,Plecotus austriacus,0.016,0.038,-1,Echolocation,/mnt/ubna_data_02_mir/recover-20221013/UBNA_001/20221012_030000.WAV,Telephone Field,recover-20221013,001,1795
846.2215,846.2618,68437,82612,Rhinolophus ferrumequinum,0.022,0.022,-1,Echolocation,/mnt/ubna_data_02_mir/recover-20221013/UBNA_001/20221012_030000.WAV,Telephone Field,recover-20221013,001,1795
846.2445,846.2831,68437,82274,Rhinolophus ferrumequinum,0.023,0.023,-1,Echolocation,/mnt/ubna_data_02_mir/recover-20221013/UBNA_001/20221012_030000.WAV,Telephone Field,recover-20221013,001,1795
846.2945,846.3357,68437,82634,Rhinolophus ferrumequinum,0.033,0.033,-1,Echolocation,/mnt/ubna_data_02_mir/recover-20221013/UBNA_001/20221012_030000.WAV,Telephone Field,recover-20221013,001,1795
846.3255,846.3664,68437,83281,Rhinolophus ferrumequinum,0.033,0.033,-1,Echolocation,/mnt/ubna_data_02_mir/recover-20221013/UBNA_001/20221012_030000.WAV,Telephone Field,recover-20221013,001,1795
846.3355,846.3426,25468,35997,Plecotus austriacus,0.01,0.032,-1,Echolocation,/mnt/ubna_data_02_mir/recover-20221013/UBNA_001/20221012_030000.WAV,Telephone Field,recover-20221013,001,1795
846.3575,846.3954,68437,81882,Rhinolophus ferrumequinum,0.023,0.023,-1,Echolocation,/mnt/ubna_data_02_mir/recover-20221013/UBNA_001/20221012_030000.WAV,Telephone Field,recover-20221013,001,1795
846.3785,846.418,68437,82215,Rhinolophus ferrumequinum,0.023,0.023,-1,Echolocation,/mnt/ubna_data_02_mir/recover-20221013/UBNA_001/20221012_030000.WAV,Telephone Field,recover-20221013,001,1795
846.3965,846.4381,68437,83317,Rhinolophus ferrumequinum,0.025,0.025,-1,Echolocation,/mnt/ubna_data_02_mir/recover-20221013/UBNA_001/20221012_030000.WAV,Telephone Field,recover-20221013,001,1795
846.4255,846.4686,68437,83128,Rhinolophus ferrumequinum,0.027,0.027,-1,Echolocation,/mnt/ubna_data_02_mir/recover-20221013/UBNA_001/20221012_030000.WAV,Telephone Field,recover-20221013,001,1795
846.4515,846.4594,28906,37798,Eptesicus serotinus,0.007,0.023,-1,Echolocation,/mnt/ubna_data_02_mir/recover-20221013/UBNA_001/20221012_030000.WAV,Telephone Field,recover-20221013,001,1795
846.4865,846.4992,22890,27714,Nyctalus leisleri,0.012,0.024,-1,Echolocation,/mnt/ubna_data_02_mir/recover-20221013/UBNA_001/20221012_030000.WAV,Telephone Field,recover-20221013,001,1795
846.5435,846.5815,68437,82023,Rhinolophus ferrumequinum,0.022,0.022,-1,Echolocation,/mnt/ubna_data_02_mir/recover-20221013/UBNA_001/20221012_030000.WAV,Telephone Field,recover-20221013,001,1795
846.5875,846.5955,27187,38740,Eptesicus serotinus,0.011,0.024,-1,Echolocation,/mnt/ubna_data_02_mir/recover-20221013/UBNA_001/20221012_030000.WAV,Telephone Field,recover-20221013,001,1795
846.6005,846.6385,68437,82202,Rhinolophus ferrumequinum,0.022,0.022,-1,Echolocation,/mnt/ubna_data_02_mir/recover-20221013/UBNA_001/20221012_030000.WAV,Telephone Field,recover-20221013,001,1795
846.6105,846.6541,68437,82883,Rhinolophus ferrumequinum,0.029,0.029,-1,Echolocation,/mnt/ubna_data_02_mir/recover-20221013/UBNA_001/20221012_030000.WAV,Telephone Field,recover-20221013,001,1795
846.7205,846.7313,22890,29092,Nyctalus leisleri,0.011,0.025,-1,Echolocation,/mnt/ubna_data_02_mir/recover-20221013/UBNA_001/20221012_030000.WAV,Telephone Field,recover-20221013,001,1795
846.7915,846.8319,68437,82595,Rhinolophus ferrumequinum,0.028,0.028,-1,Echolocation,/mnt/ubna_data_02_mir/recover-20221013/UBNA_001/20221012_030000.WAV,Telephone Field,recover-20221013,001,1795
846.8075,846.8187,22890,28089,Nyctalus leisleri,0.011,0.022,-1,Echolocation,/mnt/ubna_data_02_mir/recover-20221013/UBNA_001/20221012_030000.WAV,Telephone Field,recover-20221013,001,1795
846.8405,846.8824,68437,82836,Rhinolophus ferrumequinum,0.026,0.026,-1,Echolocation,/mnt/ubna_data_02_mir/recover-20221013/UBNA_001/20221012_030000.WAV,Telephone Field,recover-20221013,001,1795
846.8625,846.8709,33203,41713,Myotis daubentonii,0.007,0.024,-1,Echolocation,/mnt/ubna_data_02_mir/recover-20221013/UBNA_001/20221012_030000.WAV,Telephone Field,recover-20221013,001,1795
846.8725,846.9099,68437,82400,Rhinolophus ferrumequinum,0.023,0.023,-1,Echolocation,/mnt/ubna_data_02_mir/recover-20221013/UBNA_001/20221012_030000.WAV,Telephone Field,recover-20221013,001,1795
846.9095,846.927,16875,21133,Nyctalus noctula,0.039,0.053,-1,Echolocation,/mnt/ubna_data_02_mir/recover-20221013/UBNA_001/20221012_030000.WAV,Telephone Field,recover-20221013,001,1795
846.9435,846.9527,23750,31315,Plecotus austriacus,0.008,0.027,-1,Echolocation,/mnt/ubna_data_02_mir/recover-20221013/UBNA_001/20221012_030000.WAV,Telephone Field,recover-20221013,001,1795
846.9535,846.9927,68437,81934,Rhinolophus ferrumequinum,0.022,0.022,-1,Echolocation,/mnt/ubna_data_02_mir/recover-20221013/UBNA_001/20221012_030000.WAV,Telephone Field,recover-20221013,001,1795
846.9865,847.0267,68437,82157,Rhinolophus ferrumequinum,0.022,0.022,-1,Echolocation,/mnt/ubna_data_02_mir/recover-20221013/UBNA_001/20221012_030000.WAV,Telephone Field,recover-20221013,001,1795
847.0185,847.0596,68437,82038,Rhinolophus ferrumequinum,0.022,0.023,-1,Echolocation,/mnt/ubna_data_02_mir/recover-20221013/UBNA_001/20221012_030000.WAV,Telephone Field,recover-20221013,001,1795
847.0395,847.0807,68437,83222,Rhinolophus ferrumequinum,0.036,0.036,-1,Echolocation,/mnt/ubna_data_02_mir/recover-20221013/UBNA_001/20221012_030000.WAV,Telephone Field,recover-20221013,001,1795
847.0745,847.083,28046,40435,Eptesicus serotinus,0.008,0.023,-1,Echolocation,/mnt/ubna_data_02_mir/recover-20221013/UBNA_001/20221012_030000.WAV,Telephone Field,recover-20221013,001,1795
847.1245,847.1653,68437,82372,Rhinolophus ferrumequinum,0.025,0.025,-1,Echolocation,/mnt/ubna_data_02_mir/recover-20221013/UBNA_001/20221012_030000.WAV,Telephone Field,recover-20221013,001,1795
847.1595,847.1771,20312,23650,Nyctalus leisleri,0.019,0.031,-1,Echolocation,/mnt/ubna_data_02_mir/recover-20221013/UBNA_001/20221012_030000.WAV,Telephone Field,recover-20221013,001,1795
847.1775,847.2154,68437,81610,Rhinolophus ferrumequinum,0.023,0.023,-1,Echolocation,/mnt/ubna_data_02_mir/recover-20221013/UBNA_001/20221012_030000.WAV,Telephone Field,recover-20221013,001,1795
847.2555,847.2925,68437,82165,Rhinolophus ferrumequinum,0.024,0.024,-1,Echolocation,/mnt/ubna_data_02_mir/recover-20221013/UBNA_001/20221012_030000.WAV,Telephone Field,recover-20221013,001,1795
847.2655,847.3055,68437,82075,Rhinolophus ferrumequinum,0.024,0.024,-1,Echolocation,/mnt/ubna_data_02_mir/recover-20221013/UBNA_001/20221012_030000.WAV,Telephone Field,recover-20221013,001,1795
847.2805,847.2924,14296,20134,Nyctalus noctula,0.017,0.028,-1,Echolocation,/mnt/ubna_data_02_mir/recover-20221013/UBNA_001/20221012_030000.WAV,Telephone Field,recover-20221013,001,1795
847.2835,847.3232,68437,82662,Rhinolophus ferrumequinum,0.024,0.024,-1,Echolocation,/mnt/ubna_data_02_mir/recover-20221013/UBNA_001/20221012_030000.WAV,Telephone Field,recover-20221013,001,1795
847.3045,847.3463,68437,83381,Rhinolophus ferrumequinum,0.03,0.03,-1,Echolocation,/mnt/ubna_data_02_mir/recover-20221013/UBNA_001/20221012_030000.WAV,Telephone Field,recover-20221013,001,1795
847.3125,847.3197,24609,33342,Plecotus austriacus,0.01,0.026,-1,Echolocation,/mnt/ubna_data_02_mir/recover-20221013/UBNA_001/20221012_030000.WAV,Telephone Field,recover-20221013,001,1795
847.3195,847.3587,68437,82289,Rhinolophus ferrumequinum,0.021,0.022,-1,Echolocation,/mnt/ubna_data_02_mir/recover-20221013/UBNA_001/20221012_030000.WAV,Telephone Field,recover-20221013,001,1795
847.3815,847.3904,28906,37716,Eptesicus serotinus,0.01,0.025,-1,Echolocation,/mnt/ubna_data_02_mir/recover-20221013/UBNA_001/20221012_030000.WAV,Telephone Field,recover-20221013,001,1795
847.4495,847.4599,25468,31889,Nyctalus leisleri,0.014,0.039,-1,Echolocation,/mnt/ubna_data_02_mir/recover-20221013/UBNA_001/20221012_030000.WAV,Telephone Field,recover-20221013,001,1795
847.4675,847.478,24609,31441,Nyctalus leisleri,0.011,0.028,-1,Echolocation,/mnt/ubna_data_02_mir/recover-20221013/UBNA_001/20221012_030000.WAV,Telephone Field,recover-20221013,001,1795
847.4685,847.5076,68437,82687,Rhinolophus ferrumequinum,0.045,0.045,-1,Echolocation,/mnt/ubna_data_02_mir/recover-20221013/UBNA_001/20221012_030000.WAV,Telephone Field,recover-20221013,001,1795
847.5875,847.5982,22890,29014,Nyctalus leisleri,0.011,0.028,-1,Echolocation,/mnt/ubna_data_02_mir/recover-20221013/UBNA_001/20221012_030000.WAV,Telephone Field,recover-20221013,001,1795
847.6105,847.6498,68437,82617,Rhinolophus ferrumequinum,0.023,0.023,-1,Echolocation,/mnt/ubna_data_02_mir/recover-20221013/UBNA_001/20221012_030000.WAV,Telephone Field,recover-20221013,001,1795
847.6115,847.6192,28906,39388,Eptesicus serotinus,0.015,0.048,-1,Echolocation,/mnt/ubna_data_02_mir/recover-20221013/UBNA_001/20221012_030000.WAV,Telephone Field,recover-20221013,001,1795
847.6825,847.6986,21171,24701,Nyctalus leisleri,0.015,0.025,-1,Echolocation,/mnt/ubna_data_02_mir/recover-20221013/UBNA_001/20221012_030000.WAV,Telephone Field,recover-20221013,001,1795
847.6925,847.7002,28906,40987,Eptesicus serotinus,0.006,0.023,-1,Echolocation,/mnt/ubna_data_02_mir/recover-20221013/UBNA_001/20221012_030000.WAV,Telephone Field,recover-20221013,001,1795
847.7255,847.7417,21171,24857,Nyctalus leisleri,0.017,0.029,-1,Echolocation,/mnt/ubna_data_02_mir/recover-20221013/UBNA_001/20221012_030000.WAV,Telephone Field,recover-20221013,001,1795
847.7275,847.763,68437,80969,Rhinolophus ferrumequinum,0.025,0.025,-1,Echolocation,/mnt/ubna_data_02_mir/recover-20221013/UBNA_001/20221012_030000.WAV,Telephone Field,recover-20221013,001,1795
847.7355,847.7716,68437,80536,Rhinolophus ferrumequinum,0.022,0.022,-1,Echolocation,/mnt/ubna_data_02_mir/recover-20221013/UBNA_001/20221012_030000.WAV,Telephone Field,recover-20221013,001,1795
847.7535,847.7938,68437,82717,Rhinolophus ferrumequinum,0.023,0.023,-1,Echolocation,/mnt/ubna_data_02_mir/recover-20221013/UBNA_001/20221012_030000.WAV,Telephone Field,recover-20221013,001,1795
847.7945,847.8349,68437,82621,Rhinolophus ferrumequinum,0.026,0.026,-1,Echolocation,/mnt/ubna_data_02_mir/recover-20221013/UBNA_001/20221012_030000.WAV,Telephone Field,recover-20221013,001,1795
847.8025,847.8133,22890,28194,Nyctalus leisleri,0.011,0.024,-1,Echolocation,/mnt/ubna_data_02_mir/recover-20221013/UBNA_001/20221012_030000.WAV,Telephone Field,recover-20221013,001,1795
847.8475,847.8573,26328,35195,Eptesicus serotinus,0.01,0.023,-1,Echolocation,/mnt/ubna_data_02_mir/recover-20221013/UBNA_001/20221012_030000.WAV,Telephone Field,recover-20221013,001,1795
847.8485,847.8883,68437,81936,Rhinolophus ferrumequinum,0.026,0.026,-1,Echolocation,/mnt/ubna_data_02_mir/recover-20221013/UBNA_001/20221012_030000.WAV,Telephone Field,recover-20221013,001,1795
847.8835,847.9228,68437,81994,Rhinolophus ferrumequinum,0.037,0.037,-1,Echolocation,/mnt/ubna_data_02_mir/recover-20221013/UBNA_001/20221012_030000.WAV,Telephone Field,recover-20221013,001,1795
847.9095,847.9484,68437,82620,Rhinolophus ferrumequinum,0.027,0.027,-1,Echolocation,/mnt/ubna_data_02_mir/recover-20221013/UBNA_001/20221012_030000.WAV,Telephone Field,recover-20221013,001,1795
847.9445,847.9534,26328,35197,Eptesicus serotinus,0.007,0.023,-1,Echolocation,/mnt/ubna_data_02_mir/recover-20221013/UBNA_001/20221012_030000.WAV,Telephone Field,recover-20221013,001,1795
847.9475,847.9899,68437,82639,Rhinolophus ferrumequinum,0.027,0.027,-1,Echolocation,/mnt/ubna_data_02_mir/recover-20221013/UBNA_001/20221012_030000.WAV,Telephone Field,recover-20221013,001,1795
847.9615,847.9771,21171,24551,Nyctalus leisleri,0.026,0.045,-1,Echolocation,/mnt/ubna_data_02_mir/recover-20221013/UBNA_001/20221012_030000.WAV,Telephone Field,recover-20221013,001,1795
847.9755,847.9822,27187,47765,Eptesicus serotinus,0.006,0.022,-1,Echolocation,/mnt/ubna_data_02_mir/recover-20221013/UBNA_001/20221012_030000.WAV,Telephone Field,recover-20221013,001,1795
848.0015,848.0108,21171,26928,Nyctalus leisleri,0.01,0.03,-1,Echolocation,/mnt/ubna_data_02_mir/recover-20221013/UBNA_001/20221012_030000.WAV,Telephone Field,recover-20221013,001,1795
848.0015,848.0346,68437,80176,Rhinolophus ferrumequinum,0.036,0.037,-1,Echolocation,/mnt/ubna_data_02_mir/recover-20221013/UBNA_001/20221012_030000.WAV,Telephone Field,recover-20221013,001,1795
848.0015,848.0113,47812,54727,Pipistrellus pipistrellus,0.015,0.022,-1,Echolocation,/mnt/ubna_data_02_mir/recover-20221013/UBNA_001/20221012_030000.WAV,Telephone Field,recover-20221013,001,1795
848.0105,848.0551,68437,82996,Rhinolophus ferrumequinum,0.022,0.022,-1,Echolocation,/mnt/ubna_data_02_mir/recover-20221013/UBNA_001/20221012_030000.WAV,Telephone Field,recover-20221013,001,1795
848.0185,848.0305,22031,25900,Nyctalus leisleri,0.012,0.022,-1,Echolocation,/mnt/ubna_data_02_mir/recover-20221013/UBNA_001/20221012_030000.WAV,Telephone Field,recover-20221013,001,1795
848.0365,848.0426,28906,42191,Eptesicus serotinus,0.008,0.033,-1,Echolocation,/mnt/ubna_data_02_mir/recover-20221013/UBNA_001/20221012_030000.WAV,Telephone Field,recover-20221013,001,1795
848.0465,848.0867,68437,81806,Rhinolophus ferrumequinum,0.022,0.022,-1,Echolocation,/mnt/ubna_data_02_mir/recover-20221013/UBNA_001/20221012_030000.WAV,Telephone Field,recover-20221013,001,1795
848.0675,848.0772,23750,31216,Nyctalus leisleri,0.007,0.024,-1,Echolocation,/mnt/ubna_data_02_mir/recover-20221013/UBNA_001/20221012_030000.WAV,Telephone Field,recover-20221013,001,1795
848.0895,848.0981,28906,37608,Eptesicus serotinus,0.008,0.021,-1,Echolocation,/mnt/ubna_data_02_mir/recover-20221013/UBNA_001/20221012_030000.WAV,Telephone Field,recover-20221013,001,1795
848.0925,848.1311,68437,82122,Rhinolophus ferrumequinum,0.024,0.024,-1,Echolocation,/mnt/ubna_data_02_mir/recover-20221013/UBNA_001/20221012_030000.WAV,Telephone Field,recover-20221013,001,1795
848.1025,848.1443,68437,82759,Rhinolophus ferrumequinum,0.025,0.025,-1,Echolocation,/mnt/ubna_data_02_mir/recover-20221013/UBNA_001/20221012_030000.WAV,Telephone Field,recover-20221013,001,1795
848.1255,848.1679,68437,83298,Rhinolophus ferrumequinum,0.034,0.034,-1,Echolocation,/mnt/ubna_data_02_mir/recover-20221013/UBNA_001/20221012_030000.WAV,Telephone Field,recover-20221013,001,1795
848.1675,848.2077,68437,82259,Rhinolophus ferrumequinum,0.022,0.022,-1,Echolocation,/mnt/ubna_data_02_mir/recover-20221013/UBNA_001/20221012_030000.WAV,Telephone Field,recover-20221013,001,1795
848.1725,848.1821,23750,30258,Nyctalus leisleri,0.008,0.021,-1,Echolocation,/mnt/ubna_data_02_mir/recover-20221013/UBNA_001/20221012_030000.WAV,Telephone Field,recover-20221013,001,1795
848.1825,848.2189,68437,81121,Rhinolophus ferrumequinum,0.021,0.022,-1,Echolocation,/mnt/ubna_data_02_mir/recover-20221013/UBNA_001/20221012_030000.WAV,Telephone Field,recover-20221013,001,1795
848.1955,848.2323,68437,82358,Rhinolophus ferrumequinum,0.032,0.032,-1,Echolocation,/mnt/ubna_data_02_mir/recover-20221013/UBNA_001/20221012_030000.WAV,Telephone Field,recover-20221013,001,1795
848.2075,848.2153,47812,52084,Pipistrellus pipistrellus,0.025,0.027,-1,Echolocation,/mnt/ubna_data_02_mir/recover-20221013/UBNA_001/20221012_030000.WAV,Telephone Field,recover-20221013,001,1795
848.2625,848.3021,68437,82233,Rhinolophus ferrumequinum,0.022,0.022,-1,Echolocation,/mnt/ubna_data_02_mir/recover-20221013/UBNA_001/20221012_030000.WAV,Telephone Field,recover-20221013,001,1795
848.3185,848.3584,68437,82853,Rhinolophus ferrumequinum,0.03,0.03,-1,Echolocation,/mnt/ubna_data_02_mir/recover-20221013/UBNA_001/20221012_030000.WAV,Telephone Field,recover-20221013,001,1795
848.3465,848.3845,68437,82254,Rhinolophus ferrumequinum,0.024,0.024,-1,Echolocation,/mnt/ubna_data_02_mir/recover-20221013/UBNA_001/20221012_030000.WAV,Telephone Field,recover-20221013,001,1795
848.3945,848.4331999999999,68437,81569,Rhinolophus ferrumequinum,0.021,0.021,-1,Echolocation,/mnt/ubna_data_02_mir/recover-20221013/UBNA_001/20221012_030000.WAV,Telephone Field,recover-20221013,001,1795
848.4025,848.4117,43515,47013,Pipistrellus pipistrellus,0.023,0.024,-1,Echolocation,/mnt/ubna_data_02_mir/recover-20221013/UBNA_001/20221012_030000.WAV,Telephone Field,recover-20221013,001,1795
848.4055,848.4144,22890,29577,Plecotus austriacus,0.008,0.021,-1,Echolocation,/mnt/ubna_data_02_mir/recover-20221013/UBNA_001/20221012_030000.WAV,Telephone Field,recover-20221013,001,1795
848.4175,848.4292,14296,18972,Nyctalus noctula,0.018,0.032,-1,Echolocation,/mnt/ubna_data_02_mir/recover-20221013/UBNA_001/20221012_030000.WAV,Telephone Field,recover-20221013,001,1795
848.4325,848.4691,68437,81138,Rhinolophus ferrumequinum,0.023,0.023,-1,Echolocation,/mnt/ubna_data_02_mir/recover-20221013/UBNA_001/20221012_030000.WAV,Telephone Field,recover-20221013,001,1795
848.4555,848.4885,68437,80737,Rhinolophus ferrumequinum,0.024,0.024,-1,Echolocation,/mnt/ubna_data_02_mir/recover-20221013/UBNA_001/20221012_030000.WAV,Telephone Field,recover-20221013,001,1795
848.4785,848.4904,22031,26102,Nyctalus leisleri,0.012,0.021,-1,Echolocation,/mnt/ubna_data_02_mir/recover-20221013/UBNA_001/20221012_030000.WAV,Telephone Field,recover-20221013,001,1795
848.4945,848.5339,68437,82358,Rhinolophus ferrumequinum,0.023,0.023,-1,Echolocation,/mnt/ubna_data_02_mir/recover-20221013/UBNA_001/20221012_030000.WAV,Telephone Field,recover-20221013,001,1795
848.5265,848.5452,20312,23621,Nyctalus leisleri,0.028,0.052,-1,Echolocation,/mnt/ubna_data_02_mir/recover-20221013/UBNA_001/20221012_030000.WAV,Telephone Field,recover-20221013,001,1795
848.5265,848.5665,68437,83362,Rhinolophus ferrumequinum,0.025,0.025,-1,Echolocation,/mnt/ubna_data_02_mir/recover-20221013/UBNA_001/20221012_030000.WAV,Telephone Field,recover-20221013,001,1795
848.5345,848.5746,68437,82536,Rhinolophus ferrumequinum,0.024,0.024,-1,Echolocation,/mnt/ubna_data_02_mir/recover-20221013/UBNA_001/20221012_030000.WAV,Telephone Field,recover-20221013,001,1795
848.5505,848.5871,68437,81141,Rhinolophus ferrumequinum,0.025,0.025,-1,Echolocation,/mnt/ubna_data_02_mir/recover-20221013/UBNA_001/20221012_030000.WAV,Telephone Field,recover-20221013,001,1795
848.5625,848.5731,48671,53130,Pipistrellus pipistrellus,0.02,0.024,-1,Echolocation,/mnt/ubna_data_02_mir/recover-20221013/UBNA_001/20221012_030000.WAV,Telephone Field,recover-20221013,001,1795
848.5645,848.5715,28046,42386,Eptesicus serotinus,0.007,0.024,-1,Echolocation,/mnt/ubna_data_02_mir/recover-20221013/UBNA_001/20221012_030000.WAV,Telephone Field,recover-20221013,001,1795
848.5675,848.5795,14296,19581,Nyctalus noctula,0.016,0.027,-1,Echolocation,/mnt/ubna_data_02_mir/recover-20221013/UBNA_001/20221012_030000.WAV,Telephone Field,recover-20221013,001,1795
848.5925,848.604,26328,34143,Eptesicus serotinus,0.01,0.023,-1,Echolocation,/mnt/ubna_data_02_mir/recover-20221013/UBNA_001/20221012_030000.WAV,Telephone Field,recover-20221013,001,1795
848.6215,848.6323,24609,31110,Nyctalus leisleri,0.007,0.021,-1,Echolocation,/mnt/ubna_data_02_mir/recover-20221013/UBNA_001/20221012_030000.WAV,Telephone Field,recover-20221013,001,1795
848.6405,848.657,21171,25076,Nyctalus leisleri,0.014,0.027,-1,Echolocation,/mnt/ubna_data_02_mir/recover-20221013/UBNA_001/20221012_030000.WAV,Telephone Field,recover-20221013,001,1795
848.6575,848.6931,68437,81610,Rhinolophus ferrumequinum,0.028,0.028,-1,Echolocation,/mnt/ubna_data_02_mir/recover-20221013/UBNA_001/20221012_030000.WAV,Telephone Field,recover-20221013,001,1795
848.6685,848.6762,27187,38056,Eptesicus serotinus,0.007,0.021,-1,Echolocation,/mnt/ubna_data_02_mir/recover-20221013/UBNA_001/20221012_030000.WAV,Telephone Field,recover-20221013,001,1795
848.6745,848.7122,68437,82081,Rhinolophus ferrumequinum,0.023,0.023,-1,Echolocation,/mnt/ubna_data_02_mir/recover-20221013/UBNA_001/20221012_030000.WAV,Telephone Field,recover-20221013,001,1795
848.6835,848.692,28906,39984,Eptesicus serotinus,0.01,0.026,-1,Echolocation,/mnt/ubna_data_02_mir/recover-20221013/UBNA_001/20221012_030000.WAV,Telephone Field,recover-20221013,001,1795
848.6965,848.7332,68437,81971,Rhinolophus ferrumequinum,0.024,0.024,-1,Echolocation,/mnt/ubna_data_02_mir/recover-20221013/UBNA_001/20221012_030000.WAV,Telephone Field,recover-20221013,001,1795
848.7515,848.7592,28046,37582,Eptesicus serotinus,0.009,0.026,-1,Echolocation,/mnt/ubna_data_02_mir/recover-20221013/UBNA_001/20221012_030000.WAV,Telephone Field,recover-20221013,001,1795
848.7725,848.7802,23750,31941,Plecotus austriacus,0.009,0.023,-1,Echolocation,/mnt/ubna_data_02_mir/recover-20221013/UBNA_001/20221012_030000.WAV,Telephone Field,recover-20221013,001,1795
848.8005,848.8113,22890,27597,Nyctalus leisleri,0.011,0.022,-1,Echolocation,/mnt/ubna_data_02_mir/recover-20221013/UBNA_001/20221012_030000.WAV,Telephone Field,recover-20221013,001,1795
848.8065,848.8459,68437,82471,Rhinolophus ferrumequinum,0.021,0.021,-1,Echolocation,/mnt/ubna_data_02_mir/recover-20221013/UBNA_001/20221012_030000.WAV,Telephone Field,recover-20221013,001,1795
848.8265,848.8358,45234,48920,Pipistrellus pipistrellus,0.021,0.023,-1,Echolocation,/mnt/ubna_data_02_mir/recover-20221013/UBNA_001/20221012_030000.WAV,Telephone Field,recover-20221013,001,1795
848.8315,848.8387,28046,39038,Eptesicus serotinus,0.007,0.021,-1,Echolocation,/mnt/ubna_data_02_mir/recover-20221013/UBNA_001/20221012_030000.WAV,Telephone Field,recover-20221013,001,1795
848.8415,848.8801,68437,82022,Rhinolophus ferrumequinum,0.021,0.021,-1,Echolocation,/mnt/ubna_data_02_mir/recover-20221013/UBNA_001/20221012_030000.WAV,Telephone Field,recover-20221013,001,1795
848.8465,848.8546,28906,40948,Eptesicus serotinus,0.007,0.022,-1,Echolocation,/mnt/ubna_data_02_mir/recover-20221013/UBNA_001/20221012_030000.WAV,Telephone Field,recover-20221013,001,1795
848.8595,848.8699,28046,36192,Eptesicus serotinus,0.01,0.023,-1,Echolocation,/mnt/ubna_data_02_mir/recover-20221013/UBNA_001/20221012_030000.WAV,Telephone Field,recover-20221013,001,1795
848.8985,848.9377,68437,81932,Rhinolophus ferrumequinum,0.024,0.024,-1,Echolocation,/mnt/ubna_data_02_mir/recover-20221013/UBNA_001/20221012_030000.WAV,Telephone Field,recover-20221013,001,1795
848.9185,848.9597,68437,82558,Rhinolophus ferrumequinum,0.024,0.024,-1,Echolocation,/mnt/ubna_data_02_mir/recover-20221013/UBNA_001/20221012_030000.WAV,Telephone Field,recover-20221013,001,1795
848.9355,848.973,68437,82031,Rhinolophus ferrumequinum,0.022,0.022,-1,Echolocation,/mnt/ubna_data_02_mir/recover-20221013/UBNA_001/20221012_030000.WAV,Telephone Field,recover-20221013,001,1795
848.9385,848.9559,21171,24700,Nyctalus leisleri,0.016,0.03,-1,Echolocation,/mnt/ubna_data_02_mir/recover-20221013/UBNA_001/20221012_030000.WAV,Telephone Field,recover-20221013,001,1795
849.0115,849.051,68437,82176,Rhinolophus ferrumequinum,0.022,0.022,-1,Echolocation,/mnt/ubna_data_02_mir/recover-20221013/UBNA_001/20221012_030000.WAV,Telephone Field,recover-20221013,001,1795
849.0295,849.062,68437,80167,Rhinolophus ferrumequinum,0.02,0.021,-1,Echolocation,/mnt/ubna_data_02_mir/recover-20221013/UBNA_001/20221012_030000.WAV,Telephone Field,recover-20221013,001,1795
849.0525,849.0616,28906,37484,Eptesicus serotinus,0.01,0.023,-1,Echolocation,/mnt/ubna_data_02_mir/recover-20221013/UBNA_001/20221012_030000.WAV,Telephone Field,recover-20221013,001,1795
849.0525,849.0964,68437,83437,Rhinolophus ferrumequinum,0.043,0.043,-1,Echolocation,/mnt/ubna_data_02_mir/recover-20221013/UBNA_001/20221012_030000.WAV,Telephone Field,recover-20221013,001,1795
849.0925,849.132,68437,82213,Rhinolophus ferrumequinum,0.022,0.022,-1,Echolocation,/mnt/ubna_data_02_mir/recover-20221013/UBNA_001/20221012_030000.WAV,Telephone Field,recover-20221013,001,1795
849.0995,849.1099,46953,50904,Pipistrellus pipistrellus,0.027,0.029,-1,Echolocation,/mnt/ubna_data_02_mir/recover-20221013/UBNA_001/20221012_030000.WAV,Telephone Field,recover-20221013,001,1795
849.1145,849.1221,26328,36145,Eptesicus serotinus,0.009,0.024,-1,Echolocation,/mnt/ubna_data_02_mir/recover-20221013/UBNA_001/20221012_030000.WAV,Telephone Field,recover-20221013,001,1795
849.1275,849.1682,68437,82565,Rhinolophus ferrumequinum,0.021,0.021,-1,Echolocation,/mnt/ubna_data_02_mir/recover-20221013/UBNA_001/20221012_030000.WAV,Telephone Field,recover-20221013,001,1795
849.1435,849.181,68437,82467,Rhinolophus ferrumequinum,0.022,0.022,-1,Echolocation,/mnt/ubna_data_02_mir/recover-20221013/UBNA_001/20221012_030000.WAV,Telephone Field,recover-20221013,001,1795
849.1505,849.1602,25468,33052,Eptesicus serotinus,0.01,0.023,-1,Echolocation,/mnt/ubna_data_02_mir/recover-20221013/UBNA_001/20221012_030000.WAV,Telephone Field,recover-20221013,001,1795
849.1595,849.1704,23750,29918,Nyctalus leisleri,0.008,0.021,-1,Echolocation,/mnt/ubna_data_02_mir/recover-20221013/UBNA_001/20221012_030000.WAV,Telephone Field,recover-20221013,001,1795
849.1895,849.2282,68437,82166,Rhinolophus ferrumequinum,0.023,0.023,-1,Echolocation,/mnt/ubna_data_02_mir/recover-20221013/UBNA_001/20221012_030000.WAV,Telephone Field,recover-20221013,001,1795
849.2175,849.2566,68437,81917,Rhinolophus ferrumequinum,0.021,0.021,-1,Echolocation,/mnt/ubna_data_02_mir/recover-20221013/UBNA_001/20221012_030000.WAV,Telephone Field,recover-20221013,001,1795
849.2485,849.2936,68437,83555,Rhinolophus ferrumequinum,0.049,0.049,-1,Echolocation,/mnt/ubna_data_02_mir/recover-20221013/UBNA_001/20221012_030000.WAV,Telephone Field,recover-20221013,001,1795
849.2945,849.3026,26328,35361,Eptesicus serotinus,0.008,0.021,-1,Echolocation,/mnt/ubna_data_02_mir/recover-20221013/UBNA_001/20221012_030000.WAV,Telephone Field,recover-20221013,001,1795
849.3135,849.3259,39218,43203,Pipistrellus nathusii,0.013,0.021,-1,Echolocation,/mnt/ubna_data_02_mir/recover-20221013/UBNA_001/20221012_030000.WAV,Telephone Field,recover-20221013,001,1795
849.3405,849.381,68437,82812,Rhinolophus ferrumequinum,0.024,0.024,-1,Echolocation,/mnt/ubna_data_02_mir/recover-20221013/UBNA_001/20221012_030000.WAV,Telephone Field,recover-20221013,001,1795
849.3765,849.4165,68437,82376,Rhinolophus ferrumequinum,0.022,0.022,-1,Echolocation,/mnt/ubna_data_02_mir/recover-20221013/UBNA_001/20221012_030000.WAV,Telephone Field,recover-20221013,001,1795
849.3935,849.428,68437,80681,Rhinolophus ferrumequinum,0.023,0.023,-1,Echolocation,/mnt/ubna_data_02_mir/recover-20221013/UBNA_001/20221012_030000.WAV,Telephone Field,recover-20221013,001,1795
849.4015,849.4363,68437,81461,Rhinolophus ferrumequinum,0.023,0.023,-1,Echolocation,/mnt/ubna_data_02_mir/recover-20221013/UBNA_001/20221012_030000.WAV,Telephone Field,recover-20221013,001,1795
849.4475,849.4872,68437,82378,Rhinolophus ferrumequinum,0.026,0.026,-1,Echolocation,/mnt/ubna_data_02_mir/recover-20221013/UBNA_001/20221012_030000.WAV,Telephone Field,recover-20221013,001,1795
849.4895,849.5291,68437,82612,Rhinolophus ferrumequinum,0.027,0.027,-1,Echolocation,/mnt/ubna_data_02_mir/recover-20221013/UBNA_001/20221012_030000.WAV,Telephone Field,recover-20221013,001,1795
849.5175,849.5275,22031,27091,Nyctalus leisleri,0.009,0.021,-1,Echolocation,/mnt/ubna_data_02_mir/recover-20221013/UBNA_001/20221012_030000.WAV,Telephone Field,recover-20221013,001,1795
849.5315,849.5722,68437,82545,Rhinolophus ferrumequinum,0.024,0.024,-1,Echolocation,/mnt/ubna_data_02_mir/recover-20221013/UBNA_001/20221012_030000.WAV,Telephone Field,recover-20221013,001,1795
849.5585,849.5687,23750,30258,Nyctalus leisleri,0.008,0.022,-1,Echolocation,/mnt/ubna_data_02_mir/recover-20221013/UBNA_001/20221012_030000.WAV,Telephone Field,recover-20221013,001,1795
849.6015,849.6393,68437,81856,Rhinolophus ferrumequinum,0.021,0.021,-1,Echolocation,/mnt/ubna_data_02_mir/recover-20221013/UBNA_001/20221012_030000.WAV,Telephone Field,recover-20221013,001,1795
849.6265,849.6676,68437,83103,Rhinolophus ferrumequinum,0.023,0.023,-1,Echolocation,/mnt/ubna_data_02_mir/recover-20221013/UBNA_001/20221012_030000.WAV,Telephone Field,recover-20221013,001,1795
849.6295,849.6386,28906,41246,Eptesicus serotinus,0.008,0.022,-1,Echolocation,/mnt/ubna_data_02_mir/recover-20221013/UBNA_001/20221012_030000.WAV,Telephone Field,recover-20221013,001,1795
849.6345,849.6723,68437,82512,Rhinolophus ferrumequinum,0.024,0.024,-1,Echolocation,/mnt/ubna_data_02_mir/recover-20221013/UBNA_001/20221012_030000.WAV,Telephone Field,recover-20221013,001,1795
849.6355,849.6448,28046,40402,Eptesicus serotinus,0.009,0.022,-1,Echolocation,/mnt/ubna_data_02_mir/recover-20221013/UBNA_001/20221012_030000.WAV,Telephone Field,recover-20221013,001,1795
849.6365,849.6476,34921,41483,Eptesicus serotinus,0.012,0.036,-1,Echolocation,/mnt/ubna_data_02_mir/recover-20221013/UBNA_001/20221012_030000.WAV,Telephone Field,recover-20221013,001,1795
849.7035,849.7398,68437,81346,Rhinolophus ferrumequinum,0.024,0.024,-1,Echolocation,/mnt/ubna_data_02_mir/recover-20221013/UBNA_001/20221012_030000.WAV,Telephone Field,recover-20221013,001,1795
849.7075,849.716,44375,55953,Pipistrellus pipistrellus,0.013,0.022,-1,Echolocation,/mnt/ubna_data_02_mir/recover-20221013/UBNA_001/20221012_030000.WAV,Telephone Field,recover-20221013,001,1795
849.7085,849.7172,28046,39190,Eptesicus serotinus,0.008,0.022,-1,Echolocation,/mnt/ubna_data_02_mir/recover-20221013/UBNA_001/20221012_030000.WAV,Telephone Field,recover-20221013,001,1795
849.7595,849.7674,28046,40537,Eptesicus serotinus,0.009,0.028,-1,Echolocation,/mnt/ubna_data_02_mir/recover-20221013/UBNA_001/20221012_030000.WAV,Telephone Field,recover-20221013,001,1795
849.7875,849.7952,43515,48253,Pipistrellus pipistrellus,0.019,0.021,-1,Echolocation,/mnt/ubna_data_02_mir/recover-20221013/UBNA_001/20221012_030000.WAV,Telephone Field,recover-20221013,001,1795
849.7885,849.7961,28046,40215,Eptesicus serotinus,0.007,0.022,-1,Echolocation,/mnt/ubna_data_02_mir/recover-20221013/UBNA_001/20221012_030000.WAV,Telephone Field,recover-20221013,001,1795
849.8335,849.8723,68437,81976,Rhinolophus ferrumequinum,0.023,0.023,-1,Echolocation,/mnt/ubna_data_02_mir/recover-20221013/UBNA_001/20221012_030000.WAV,Telephone Field,recover-20221013,001,1795
849.8405,849.8781,68437,81784,Rhinolophus ferrumequinum,0.021,0.021,-1,Echolocation,/mnt/ubna_data_02_mir/recover-20221013/UBNA_001/20221012_030000.WAV,Telephone Field,recover-20221013,001,1795
849.8525,849.8906,68437,81542,Rhinolophus ferrumequinum,0.022,0.022,-1,Echolocation,/mnt/ubna_data_02_mir/recover-20221013/UBNA_001/20221012_030000.WAV,Telephone Field,recover-20221013,001,1795
849.8575,849.8951,68437,81940,Rhinolophus ferrumequinum,0.022,0.022,-1,Echolocation,/mnt/ubna_data_02_mir/recover-20221013/UBNA_001/20221012_030000.WAV,Telephone Field,recover-20221013,001,1795
849.8575,849.8644,25468,35886,Plecotus auritus,0.009,0.03,-1,Echolocation,/mnt/ubna_data_02_mir/recover-20221013/UBNA_001/20221012_030000.WAV,Telephone Field,recover-20221013,001,1795
849.8875,849.9244,68437,81705,Rhinolophus ferrumequinum,0.022,0.022,-1,Echolocation,/mnt/ubna_data_02_mir/recover-20221013/UBNA_001/20221012_030000.WAV,Telephone Field,recover-20221013,001,1795
849.9105,849.9491,68437,82127,Rhinolophus ferrumequinum,0.021,0.021,-1,Echolocation,/mnt/ubna_data_02_mir/recover-20221013/UBNA_001/20221012_030000.WAV,Telephone Field,recover-20221013,001,1795
849.9555,849.9948,68437,81528,Rhinolophus ferrumequinum,0.022,0.022,-1,Echolocation,/mnt/ubna_data_02_mir/recover-20221013/UBNA_001/20221012_030000.WAV,Telephone Field,recover-20221013,001,1795
849.9565,849.9635,28046,39286,Eptesicus serotinus,0.006,0.021,-1,Echolocation,/mnt/ubna_data_02_mir/recover-20221013/UBNA_001/20221012_030000.WAV,Telephone Field,recover-20221013,001,1795
849.9685,849.9887,16015,19616,Nyctalus noctula,0.036,0.05,-1,Echolocation,/mnt/ubna_data_02_mir/recover-20221013/UBNA_001/20221012_030000.WAV,Telephone Field,recover-20221013,001,1795
849.9865,849.9968,24609,32671,Eptesicus serotinus,0.008,0.022,-1,Echolocation,/mnt/ubna_data_02_mir/recover-20221013/UBNA_001/20221012_030000.WAV,Telephone Field,recover-20221013,001,1795
850.0015,850.01,26328,37604,Eptesicus serotinus,0.008,0.028,-1,Echolocation,/mnt/ubna_data_02_mir/recover-20221013/UBNA_001/20221012_030000.WAV,Telephone Field,recover-20221013,001,1795
850.0015,850.0108,46953,54789,Pipistrellus pipistrellus,0.016,0.022,-1,Echolocation,/mnt/ubna_data_02_mir/recover-20221013/UBNA_001/20221012_030000.WAV,Telephone Field,recover-20221013,001,1795
850.0015,850.0335,68437,79998,Rhinolophus ferrumequinum,0.025,0.025,-1,Echolocation,/mnt/ubna_data_02_mir/recover-20221013/UBNA_001/20221012_030000.WAV,Telephone Field,recover-20221013,001,1795
850.0075,850.0169,45234,52611,Pipistrellus pipistrellus,0.013,0.021,-1,Echolocation,/mnt/ubna_data_02_mir/recover-20221013/UBNA_001/20221012_030000.WAV,Telephone Field,recover-20221013,001,1795
850.0075,850.0466,68437,81207,Rhinolophus ferrumequinum,0.021,0.021,-1,Echolocation,/mnt/ubna_data_02_mir/recover-20221013/UBNA_001/20221012_030000.WAV,Telephone Field,recover-20221013,001,1795
850.0155,850.0545,68437,81938,Rhinolophus ferrumequinum,0.023,0.023,-1,Echolocation,/mnt/ubna_data_02_mir/recover-20221013/UBNA_001/20221012_030000.WAV,Telephone Field,recover-20221013,001,1795
850.0635,850.1011,68437,82282,Rhinolophus ferrumequinum,0.022,0.022,-1,Echolocation,/mnt/ubna_data_02_mir/recover-20221013/UBNA_001/20221012_030000.WAV,Telephone Field,recover-20221013,001,1795
850.1205,850.1325,23750,28627,Nyctalus leisleri,0.014,0.027,-1,Echolocation,/mnt/ubna_data_02_mir/recover-20221013/UBNA_001/20221012_030000.WAV,Telephone Field,recover-20221013,001,1795
850.1385,850.1792,68437,82454,Rhinolophus ferrumequinum,0.027,0.027,-1,Echolocation,/mnt/ubna_data_02_mir/recover-20221013/UBNA_001/20221012_030000.WAV,Telephone Field,recover-20221013,001,1795
850.1735,850.182,26328,35194,Eptesicus serotinus,0.011,0.026,-1,Echolocation,/mnt/ubna_data_02_mir/recover-20221013/UBNA_001/20221012_030000.WAV,Telephone Field,recover-20221013,001,1795
850.1745,850.2142,68437,82416,Rhinolophus ferrumequinum,0.026,0.026,-1,Echolocation,/mnt/ubna_data_02_mir/recover-20221013/UBNA_001/20221012_030000.WAV,Telephone Field,recover-20221013,001,1795
850.1905,850.2103,20312,23956,Nyctalus noctula,0.032,0.063,-1,Echolocation,/mnt/ubna_data_02_mir/recover-20221013/UBNA_001/20221012_030000.WAV,Telephone Field,recover-20221013,001,1795
850.2185,850.257,68437,82203,Rhinolophus ferrumequinum,0.022,0.022,-1,Echolocation,/mnt/ubna_data_02_mir/recover-20221013/UBNA_001/20221012_030000.WAV,Telephone Field,recover-20221013,001,1795
850.2235,850.2632,68437,82222,Rhinolophus ferrumequinum,0.022,0.022,-1,Echolocation,/mnt/ubna_data_02_mir/recover-20221013/UBNA_001/20221012_030000.WAV,Telephone Field,recover-20221013,001,1795
850.2515,850.2878,68437,81968,Rhinolophus ferrumequinum,0.022,0.022,-1,Echolocation,/mnt/ubna_data_02_mir/recover-20221013/UBNA_001/20221012_030000.WAV,Telephone Field,recover-20221013,001,1795
850.2945,850.3307,68437,81724,Rhinolophus ferrumequinum,0.021,0.021,-1,Echolocation,/mnt/ubna_data_02_mir/recover-20221013/UBNA_001/20221012_030000.WAV,Telephone Field,recover-20221013,001,1795
850.3035,850.3416,68437,81974,Rhinolophus ferrumequinum,0.022,0.022,-1,Echolocation,/mnt/ubna_data_02_mir/recover-20221013/UBNA_001/20221012_030000.WAV,Telephone Field,recover-20221013,001,1795
850.3075,850.3161,49531,53273,Pipistrellus pipistrellus,0.029,0.032,-1,Echolocation,/mnt/ubna_data_02_mir/recover-20221013/UBNA_001/20221012_030000.WAV,Telephone Field,recover-20221013,001,1795
850.3265,850.3634,68437,82448,Rhinolophus ferrumequinum,0.02,0.021,-1,Echolocation,/mnt/ubna_data_02_mir/recover-20221013/UBNA_001/20221012_030000.WAV,Telephone Field,recover-20221013,001,1795
850.3355,850.3486,23750,28577,Nyctalus leisleri,0.021,0.04,-1,Echolocation,/mnt/ubna_data_02_mir/recover-20221013/UBNA_001/20221012_030000.WAV,Telephone Field,recover-20221013,001,1795
850.3465,850.3549,26328,34782,Eptesicus serotinus,0.01,0.023,-1,Echolocation,/mnt/ubna_data_02_mir/recover-20221013/UBNA_001/20221012_030000.WAV,Telephone Field,recover-20221013,001,1795
850.3835,850.4244,68437,82443,Rhinolophus ferrumequinum,0.035,0.035,-1,Echolocation,/mnt/ubna_data_02_mir/recover-20221013/UBNA_001/20221012_030000.WAV,Telephone Field,recover-20221013,001,1795
850.4375,850.475,68437,82193,Rhinolophus ferrumequinum,0.022,0.022,-1,Echolocation,/mnt/ubna_data_02_mir/recover-20221013/UBNA_001/20221012_030000.WAV,Telephone Field,recover-20221013,001,1795
850.4595,850.498,68437,81844,Rhinolophus ferrumequinum,0.023,0.024,-1,Echolocation,/mnt/ubna_data_02_mir/recover-20221013/UBNA_001/20221012_030000.WAV,Telephone Field,recover-20221013,001,1795
850.4955,850.5299,68437,80939,Rhinolophus ferrumequinum,0.021,0.021,-1,Echolocation,/mnt/ubna_data_02_mir/recover-20221013/UBNA_001/20221012_030000.WAV,Telephone Field,recover-20221013,001,1795
850.5775,850.6141,68437,81804,Rhinolophus ferrumequinum,0.021,0.021,-1,Echolocation,/mnt/ubna_data_02_mir/recover-20221013/UBNA_001/20221012_030000.WAV,Telephone Field,recover-20221013,001,1795
850.6305,850.6677,68437,82065,Rhinolophus ferrumequinum,0.022,0.022,-1,Echolocation,/mnt/ubna_data_02_mir/recover-20221013/UBNA_001/20221012_030000.WAV,Telephone Field,recover-20221013,001,1795
850.6415,850.649,28906,38144,Eptesicus serotinus,0.006,0.021,-1,Echolocation,/mnt/ubna_data_02_mir/recover-20221013/UBNA_001/20221012_030000.WAV,Telephone Field,recover-20221013,001,1795
850.6525,850.6654,21171,25923,Nyctalus leisleri,0.012,0.031,-1,Echolocation,/mnt/ubna_data_02_mir/recover-20221013/UBNA_001/20221012_030000.WAV,Telephone Field,recover-20221013,001,1795
850.6765,850.7144,68437,81228,Rhinolophus ferrumequinum,0.022,0.022,-1,Echolocation,/mnt/ubna_data_02_mir/recover-20221013/UBNA_001/20221012_030000.WAV,Telephone Field,recover-20221013,001,1795
850.7185,850.7592,68437,82389,Rhinolophus ferrumequinum,0.022,0.022,-1,Echolocation,/mnt/ubna_data_02_mir/recover-20221013/UBNA_001/20221012_030000.WAV,Telephone Field,recover-20221013,001,1795
850.7445,850.7795,68437,81666,Rhinolophus ferrumequinum,0.021,0.021,-1,Echolocation,/mnt/ubna_data_02_mir/recover-20221013/UBNA_001/20221012_030000.WAV,Telephone Field,recover-20221013,001,1795
850.7515,850.7897,68437,81828,Rhinolophus ferrumequinum,0.023,0.023,-1,Echolocation,/mnt/ubna_data_02_mir/recover-20221013/UBNA_001/20221012_030000.WAV,Telephone Field,recover-20221013,001,1795
850.7555,850.7627,23750,31847,Plecotus austriacus,0.01,0.022,-1,Echolocation,/mnt/ubna_data_02_mir/recover-20221013/UBNA_001/20221012_030000.WAV,Telephone Field,recover-20221013,001,1795
850.7805,850.8193,68437,82134,Rhinolophus ferrumequinum,0.022,0.022,-1,Echolocation,/mnt/ubna_data_02_mir/recover-20221013/UBNA_001/20221012_030000.WAV,Telephone Field,recover-20221013,001,1795
850.7875,850.8264,68437,82512,Rhinolophus ferrumequinum,0.021,0.022,-1,Echolocation,/mnt/ubna_data_02_mir/recover-20221013/UBNA_001/20221012_030000.WAV,Telephone Field,recover-20221013,001,1795
850.8435,850.8776,68437,81106,Rhinolophus ferrumequinum,0.02,0.021,-1,Echolocation,/mnt/ubna_data_02_mir/recover-20221013/UBNA_001/20221012_030000.WAV,Telephone Field,recover-20221013,001,1795
850.8655,850.9075,68437,82920,Rhinolophus ferrumequinum,0.03,0.03,-1,Echolocation,/mnt/ubna_data_02_mir/recover-20221013/UBNA_001/20221012_030000.WAV,Telephone Field,recover-20221013,001,1795
850.8825,850.9243,68437,82741,Rhinolophus ferrumequinum,0.022,0.022,-1,Echolocation,/mnt/ubna_data_02_mir/recover-20221013/UBNA_001/20221012_030000.WAV,Telephone Field,recover-20221013,001,1795
850.8935,850.904,22890,27988,Nyctalus leisleri,0.01,0.022,-1,Echolocation,/mnt/ubna_data_02_mir/recover-20221013/UBNA_001/20221012_030000.WAV,Telephone Field,recover-20221013,001,1795
850.9115,850.952,68437,82250,Rhinolophus ferrumequinum,0.025,0.025,-1,Echolocation,/mnt/ubna_data_02_mir/recover-20221013/UBNA_001/20221012_030000.WAV,Telephone Field,recover-20221013,001,1795
850.9185,850.9571,68437,82641,Rhinolophus ferrumequinum,0.022,0.022,-1,Echolocation,/mnt/ubna_data_02_mir/recover-20221013/UBNA_001/20221012_030000.WAV,Telephone Field,recover-20221013,001,1795
850.9305,850.9389,26328,34390,Eptesicus serotinus,0.008,0.022,-1,Echolocation,/mnt/ubna_data_02_mir/recover-20221013/UBNA_001/20221012_030000.WAV,Telephone Field,recover-20221013,001,1795
850.9415,850.9827,68437,83111,Rhinolophus ferrumequinum,0.026,0.026,-1,Echolocation,/mnt/ubna_data_02_mir/recover-20221013/UBNA_001/20221012_030000.WAV,Telephone Field,recover-20221013,001,1795
850.9605,851.003,68437,82808,Rhinolophus ferrumequinum,0.026,0.026,-1,Echolocation,/mnt/ubna_data_02_mir/recover-20221013/UBNA_001/20221012_030000.WAV,Telephone Field,recover-20221013,001,1795
850.9835,850.9915,23750,32163,Plecotus austriacus,0.01,0.026,-1,Echolocation,/mnt/ubna_data_02_mir/recover-20221013/UBNA_001/20221012_030000.WAV,Telephone Field,recover-20221013,001,1795
850.9905,851.0005,22031,26914,Nyctalus leisleri,0.01,0.021,-1,Echolocation,/mnt/ubna_data_02_mir/recover-20221013/UBNA_001/20221012_030000.WAV,Telephone Field,recover-20221013,001,1795
851.0155,851.0543,68437,82683,Rhinolophus ferrumequinum,0.024,0.025,-1,Echolocation,/mnt/ubna_data_02_mir/recover-20221013/UBNA_001/20221012_030000.WAV,Telephone Field,recover-20221013,001,1795
851.0435,851.0816,68437,82415,Rhinolophus ferrumequinum,0.022,0.022,-1,Echolocation,/mnt/ubna_data_02_mir/recover-20221013/UBNA_001/20221012_030000.WAV,Telephone Field,recover-20221013,001,1795
851.0885,851.1288,68437,82509,Rhinolophus ferrumequinum,0.023,0.023,-1,Echolocation,/mnt/ubna_data_02_mir/recover-20221013/UBNA_001/20221012_030000.WAV,Telephone Field,recover-20221013,001,1795
851.1245,851.1628,68437,82266,Rhinolophus ferrumequinum,0.023,0.023,-1,Echolocation,/mnt/ubna_data_02_mir/recover-20221013/UBNA_001/20221012_030000.WAV,Telephone Field,recover-20221013,001,1795
851.1455,851.184,68437,82369,Rhinolophus ferrumequinum,0.023,0.023,-1,Echolocation,/mnt/ubna_data_02_mir/recover-20221013/UBNA_001/20221012_030000.WAV,Telephone Field,recover-20221013,001,1795
851.1505,851.1684,22031,25507,Nyctalus leisleri,0.019,0.034,-1,Echolocation,/mnt/ubna_data_02_mir/recover-20221013/UBNA_001/20221012_030000.WAV,Telephone Field,recover-20221013,001,1795
851.1825,851.2183,68437,81955,Rhinolophus ferrumequinum,0.023,0.023,-1,Echolocation,/mnt/ubna_data_02_mir/recover-20221013/UBNA_001/20221012_030000.WAV,Telephone Field,recover-20221013,001,1795
851.1845,851.189,50390,64168,Myotis mystacinus,0.009,0.022,-1,Echolocation,/mnt/ubna_data_02_mir/recover-20221013/UBNA_001/20221012_030000.WAV,Telephone Field,recover-20221013,001,1795
851.1855,851.1936,23750,31555,Plecotus austriacus,0.009,0.021,-1,Echolocation,/mnt/ubna_data_02_mir/recover-20221013/UBNA_001/20221012_030000.WAV,Telephone Field,recover-20221013,001,1795
851.2075,851.2179,22890,27806,Nyctalus leisleri,0.01,0.021,-1,Echolocation,/mnt/ubna_data_02_mir/recover-20221013/UBNA_001/20221012_030000.WAV,Telephone Field,recover-20221013,001,1795
851.2095,851.2501,68437,82280,Rhinolophus ferrumequinum,0.022,0.022,-1,Echolocation,/mnt/ubna_data_02_mir/recover-20221013/UBNA_001/20221012_030000.WAV,Telephone Field,recover-20221013,001,1795
851.2405,851.2754,68437,80945,Rhinolophus ferrumequinum,0.021,0.021,-1,Echolocation,/mnt/ubna_data_02_mir/recover-20221013/UBNA_001/20221012_030000.WAV,Telephone Field,recover-20221013,001,1795
851.2455,851.2826,68437,81276,Rhinolophus ferrumequinum,0.021,0.021,-1,Echolocation,/mnt/ubna_data_02_mir/recover-20221013/UBNA_001/20221012_030000.WAV,Telephone Field,recover-20221013,001,1795
851.2695,851.2776,28046,38122,Eptesicus serotinus,0.007,0.021,-1,Echolocation,/mnt/ubna_data_02_mir/recover-20221013/UBNA_001/20221012_030000.WAV,Telephone Field,recover-20221013,001,1795
851.3045,851.3458,68437,82295,Rhinolophus ferrumequinum,0.022,0.022,-1,Echolocation,/mnt/ubna_data_02_mir/recover-20221013/UBNA_001/20221012_030000.WAV,Telephone Field,recover-20221013,001,1795
851.3155,851.3226,26328,39225,Eptesicus serotinus,0.006,0.022,-1,Echolocation,/mnt/ubna_data_02_mir/recover-20221013/UBNA_001/20221012_030000.WAV,Telephone Field,recover-20221013,001,1795
851.3205,851.3546,68437,81120,Rhinolophus ferrumequinum,0.021,0.021,-1,Echolocation,/mnt/ubna_data_02_mir/recover-20221013/UBNA_001/20221012_030000.WAV,Telephone Field,recover-20221013,001,1795
851.3315,851.339,28046,38801,Eptesicus serotinus,0.007,0.024,-1,Echolocation,/mnt/ubna_data_02_mir/recover-20221013/UBNA_001/20221012_030000.WAV,Telephone Field,recover-20221013,001,1795
851.3555,851.3925,68437,82148,Rhinolophus ferrumequinum,0.024,0.024,-1,Echolocation,/mnt/ubna_data_02_mir/recover-20221013/UBNA_001/20221012_030000.WAV,Telephone Field,recover-20221013,001,1795
851.3625,851.3731,28046,35177,Eptesicus serotinus,0.017,0.032,-1,Echolocation,/mnt/ubna_data_02_mir/recover-20221013/UBNA_001/20221012_030000.WAV,Telephone Field,recover-20221013,001,1795
851.3865,851.4221,68437,80701,Rhinolophus ferrumequinum,0.023,0.023,-1,Echolocation,/mnt/ubna_data_02_mir/recover-20221013/UBNA_001/20221012_030000.WAV,Telephone Field,recover-20221013,001,1795
851.4155,851.4232,27187,36872,Eptesicus serotinus,0.007,0.021,-1,Echolocation,/mnt/ubna_data_02_mir/recover-20221013/UBNA_001/20221012_030000.WAV,Telephone Field,recover-20221013,001,1795
851.4765,851.5133,68437,81824,Rhinolophus ferrumequinum,0.021,0.022,-1,Echolocation,/mnt/ubna_data_02_mir/recover-20221013/UBNA_001/20221012_030000.WAV,Telephone Field,recover-20221013,001,1795
851.4885,851.5241,68437,81783,Rhinolophus ferrumequinum,0.023,0.023,-1,Echolocation,/mnt/ubna_data_02_mir/recover-20221013/UBNA_001/20221012_030000.WAV,Telephone Field,recover-20221013,001,1795
851.5095,851.5186,28046,39329,Eptesicus serotinus,0.008,0.021,-1,Echolocation,/mnt/ubna_data_02_mir/recover-20221013/UBNA_001/20221012_030000.WAV,Telephone Field,recover-20221013,001,1795
851.5095,851.549,68437,82347,Rhinolophus ferrumequinum,0.027,0.027,-1,Echolocation,/mnt/ubna_data_02_mir/recover-20221013/UBNA_001/20221012_030000.WAV,Telephone Field,recover-20221013,001,1795
851.5735,851.6114,68437,82120,Rhinolophus ferrumequinum,0.021,0.021,-1,Echolocation,/mnt/ubna_data_02_mir/recover-20221013/UBNA_001/20221012_030000.WAV,Telephone Field,recover-20221013,001,1795
851.5815,851.5894,27187,38898,Eptesicus serotinus,0.007,0.021,-1,Echolocation,/mnt/ubna_data_02_mir/recover-20221013/UBNA_001/20221012_030000.WAV,Telephone Field,recover-20221013,001,1795
851.6225,851.6593,68437,82122,Rhinolophus ferrumequinum,0.028,0.028,-1,Echolocation,/mnt/ubna_data_02_mir/recover-20221013/UBNA_001/20221012_030000.WAV,Telephone Field,recover-20221013,001,1795
851.6385,851.6473,28046,37140,Eptesicus serotinus,0.008,0.021,-1,Echolocation,/mnt/ubna_data_02_mir/recover-20221013/UBNA_001/20221012_030000.WAV,Telephone Field,recover-20221013,001,1795
851.6485,851.6877,68437,82293,Rhinolophus ferrumequinum,0.022,0.022,-1,Echolocation,/mnt/ubna_data_02_mir/recover-20221013/UBNA_001/20221012_030000.WAV,Telephone Field,recover-20221013,001,1795
851.6725,851.7086,68437,81127,Rhinolophus ferrumequinum,0.021,0.021,-1,Echolocation,/mnt/ubna_data_02_mir/recover-20221013/UBNA_001/20221012_030000.WAV,Telephone Field,recover-20221013,001,1795
851.6955,851.7031,22890,30929,Plecotus austriacus,0.013,0.025,-1,Echolocation,/mnt/ubna_data_02_mir/recover-20221013/UBNA_001/20221012_030000.WAV,Telephone Field,recover-20221013,001,1795
851.7015,851.7419,68437,82443,Rhinolophus ferrumequinum,0.037,0.037,-1,Echolocation,/mnt/ubna_data_02_mir/recover-20221013/UBNA_001/20221012_030000.WAV,Telephone Field,recover-20221013,001,1795
851.7025,851.7119,27187,36911,Eptesicus serotinus,0.008,0.021,-1,Echolocation,/mnt/ubna_data_02_mir/recover-20221013/UBNA_001/20221012_030000.WAV,Telephone Field,recover-20221013,001,1795
851.7235,851.7615,68437,82288,Rhinolophus ferrumequinum,0.024,0.024,-1,Echolocation,/mnt/ubna_data_02_mir/recover-20221013/UBNA_001/20221012_030000.WAV,Telephone Field,recover-20221013,001,1795
851.7415,851.7799,68437,82213,Rhinolophus ferrumequinum,0.025,0.025,-1,Echolocation,/mnt/ubna_data_02_mir/recover-20221013/UBNA_001/20221012_030000.WAV,Telephone Field,recover-20221013,001,1795
851.7415,851.7523,35781,41635,Pipistrellus nathusii,0.022,0.071,-1,Echolocation,/mnt/ubna_data_02_mir/recover-20221013/UBNA_001/20221012_030000.WAV,Telephone Field,recover-20221013,001,1795
851.7415,851.7501,28046,40053,Eptesicus serotinus,0.007,0.022,-1,Echolocation,/mnt/ubna_data_02_mir/recover-20221013/UBNA_001/20221012_030000.WAV,Telephone Field,recover-20221013,001,1795
851.7565,851.7956,68437,81696,Rhinolophus ferrumequinum,0.023,0.023,-1,Echolocation,/mnt/ubna_data_02_mir/recover-20221013/UBNA_001/20221012_030000.WAV,Telephone Field,recover-20221013,001,1795
851.7955,851.8347,68437,82714,Rhinolophus ferrumequinum,0.025,0.025,-1,Echolocation,/mnt/ubna_data_02_mir/recover-20221013/UBNA_001/20221012_030000.WAV,Telephone Field,recover-20221013,001,1795
851.8485,851.8911,68437,83191,Rhinolophus ferrumequinum,0.034,0.034,-1,Echolocation,/mnt/ubna_data_02_mir/recover-20221013/UBNA_001/20221012_030000.WAV,Telephone Field,recover-20221013,001,1795
851.8605,851.8792,18593,21655,Nyctalus noctula,0.013,0.025,-1,Echolocation,/mnt/ubna_data_02_mir/recover-20221013/UBNA_001/20221012_030000.WAV,Telephone Field,recover-20221013,001,1795
851.8645,851.8699,51250,58079,Pipistrellus pipistrellus,0.019,0.022,-1,Echolocation,/mnt/ubna_data_02_mir/recover-20221013/UBNA_001/20221012_030000.WAV,Telephone Field,recover-20221013,001,1795
851.8835,851.8948,28046,34832,Eptesicus serotinus,0.011,0.024,-1,Echolocation,/mnt/ubna_data_02_mir/recover-20221013/UBNA_001/20221012_030000.WAV,Telephone Field,recover-20221013,001,1795
851.9095,851.9189,22890,28542,Nyctalus leisleri,0.008,0.021,-1,Echolocation,/mnt/ubna_data_02_mir/recover-20221013/UBNA_001/20221012_030000.WAV,Telephone Field,recover-20221013,001,1795
851.9345,851.9457,28046,34605,Eptesicus serotinus,0.009,0.022,-1,Echolocation,/mnt/ubna_data_02_mir/recover-20221013/UBNA_001/20221012_030000.WAV,Telephone Field,recover-20221013,001,1795
851.9445,851.9554,27187,35238,Eptesicus serotinus,0.011,0.023,-1,Echolocation,/mnt/ubna_data_02_mir/recover-20221013/UBNA_001/20221012_030000.WAV,Telephone Field,recover-20221013,001,1795
851.9815,851.9994,20312,23245,Nyctalus leisleri,0.017,0.028,-1,Echolocation,/mnt/ubna_data_02_mir/recover-20221013/UBNA_001/20221012_030000.WAV,Telephone Field,recover-20221013,001,1795
852.0015,852.0355,68437,80047,Rhinolophus ferrumequinum,0.048,0.048,-1,Echolocation,/mnt/ubna_data_02_mir/recover-20221013/UBNA_001/20221012_030000.WAV,Telephone Field,recover-20221013,001,1795
852.0015,852.0091,24609,35503,Plecotus austriacus,0.008,0.029,-1,Echolocation,/mnt/ubna_data_02_mir/recover-20221013/UBNA_001/20221012_030000.WAV,Telephone Field,recover-20221013,001,1795
852.0015,852.0093,39218,45866,Pipistrellus nathusii,0.007,0.021,-1,Echolocation,/mnt/ubna_data_02_mir/recover-20221013/UBNA_001/20221012_030000.WAV,Telephone Field,recover-20221013,001,1795
852.0085,852.0485,68437,81634,Rhinolophus ferrumequinum,0.023,0.023,-1,Echolocation,/mnt/ubna_data_02_mir/recover-20221013/UBNA_001/20221012_030000.WAV,Telephone Field,recover-20221013,001,1795
852.0345,852.0761,68437,82549,Rhinolophus ferrumequinum,0.031,0.031,-1,Echolocation,/mnt/ubna_data_02_mir/recover-20221013/UBNA_001/20221012_030000.WAV,Telephone Field,recover-20221013,001,1795
852.0595,852.1008,68437,82776,Rhinolophus ferrumequinum,0.033,0.033,-1,Echolocation,/mnt/ubna_data_02_mir/recover-20221013/UBNA_001/20221012_030000.WAV,Telephone Field,recover-20221013,001,1795
852.0715,852.1107,68437,82710,Rhinolophus ferrumequinum,0.022,0.022,-1,Echolocation,/mnt/ubna_data_02_mir/recover-20221013/UBNA_001/20221012_030000.WAV,Telephone Field,recover-20221013,001,1795
852.0855,852.0989,28046,34000,Eptesicus serotinus,0.016,0.029,-1,Echolocation,/mnt/ubna_data_02_mir/recover-20221013/UBNA_001/20221012_030000.WAV,Telephone Field,recover-20221013,001,1795
852.0885,852.1321,68437,83174,Rhinolophus ferrumequinum,0.029,0.029,-1,Echolocation,/mnt/ubna_data_02_mir/recover-20221013/UBNA_001/20221012_030000.WAV,Telephone Field,recover-20221013,001,1795
852.1015,852.14,68437,81932,Rhinolophus ferrumequinum,0.026,0.026,-1,Echolocation,/mnt/ubna_data_02_mir/recover-20221013/UBNA_001/20221012_030000.WAV,Telephone Field,recover-20221013,001,1795
852.1225,852.1326,27187,35944,Eptesicus serotinus,0.009,0.022,-1,Echolocation,/mnt/ubna_data_02_mir/recover-20221013/UBNA_001/20221012_030000.WAV,Telephone Field,recover-20221013,001,1795
852.1305,852.1711,68437,82360,Rhinolophus ferrumequinum,0.028,0.029,-1,Echolocation,/mnt/ubna_data_02_mir/recover-20221013/UBNA_001/20221012_030000.WAV,Telephone Field,recover-20221013,001,1795
852.1485,852.1897,68437,82382,Rhinolophus ferrumequinum,0.022,0.022,-1,Echolocation,/mnt/ubna_data_02_mir/recover-20221013/UBNA_001/20221012_030000.WAV,Telephone Field,recover-20221013,001,1795
852.1735,852.1839,28046,35544,Eptesicus serotinus,0.009,0.022,-1,Echolocation,/mnt/ubna_data_02_mir/recover-20221013/UBNA_001/20221012_030000.WAV,Telephone Field,recover-20221013,001,1795
852.1915,852.2333,68437,82781,Rhinolophus ferrumequinum,0.023,0.023,-1,Echolocation,/mnt/ubna_data_02_mir/recover-20221013/UBNA_001/20221012_030000.WAV,Telephone Field,recover-20221013,001,1795
852.2105,852.2221,23750,29540,Nyctalus leisleri,0.01,0.024,-1,Echolocation,/mnt/ubna_data_02_mir/recover-20221013/UBNA_001/20221012_030000.WAV,Telephone Field,recover-20221013,001,1795
852.2645,852.3044,68437,82100,Rhinolophus ferrumequinum,0.022,0.022,-1,Echolocation,/mnt/ubna_data_02_mir/recover-20221013/UBNA_001/20221012_030000.WAV,Telephone Field,recover-20221013,001,1795
852.2835,852.2921,28046,37211,Eptesicus serotinus,0.01,0.024,-1,Echolocation,/mnt/ubna_data_02_mir/recover-20221013/UBNA_001/20221012_030000.WAV,Telephone Field,recover-20221013,001,1795
852.2865,852.3276,68437,82878,Rhinolophus ferrumequinum,0.023,0.023,-1,Echolocation,/mnt/ubna_data_02_mir/recover-20221013/UBNA_001/20221012_030000.WAV,Telephone Field,recover-20221013,001,1795
852.2955,852.3373,68437,82438,Rhinolophus ferrumequinum,0.023,0.023,-1,Echolocation,/mnt/ubna_data_02_mir/recover-20221013/UBNA_001/20221012_030000.WAV,Telephone Field,recover-20221013,001,1795
852.2975,852.3068,27187,37633,Eptesicus serotinus,0.01,0.025,-1,Echolocation,/mnt/ubna_data_02_mir/recover-20221013/UBNA_001/20221012_030000.WAV,Telephone Field,recover-20221013,001,1795
852.3225,852.3637,68437,82721,Rhinolophus ferrumequinum,0.033,0.033,-1,Echolocation,/mnt/ubna_data_02_mir/recover-20221013/UBNA_001/20221012_030000.WAV,Telephone Field,recover-20221013,001,1795
852.3375,852.3481,23750,30390,Nyctalus leisleri,0.01,0.024,-1,Echolocation,/mnt/ubna_data_02_mir/recover-20221013/UBNA_001/20221012_030000.WAV,Telephone Field,recover-20221013,001,1795
852.3395,852.3766,68437,81845,Rhinolophus ferrumequinum,0.022,0.022,-1,Echolocation,/mnt/ubna_data_02_mir/recover-20221013/UBNA_001/20221012_030000.WAV,Telephone Field,recover-20221013,001,1795
852.3555,852.3955,68437,82921,Rhinolophus ferrumequinum,0.023,0.023,-1,Echolocation,/mnt/ubna_data_02_mir/recover-20221013/UBNA_001/20221012_030000.WAV,Telephone Field,recover-20221013,001,1795
852.3645,852.4035,68437,82330,Rhinolophus ferrumequinum,0.022,0.022,-1,Echolocation,/mnt/ubna_data_02_mir/recover-20221013/UBNA_001/20221012_030000.WAV,Telephone Field,recover-20221013,001,1795
852.4145,852.4562,68437,82671,Rhinolophus ferrumequinum,0.022,0.022,-1,Echolocation,/mnt/ubna_data_02_mir/recover-20221013/UBNA_001/20221012_030000.WAV,Telephone Field,recover-20221013,001,1795
852.4305,852.442,23750,29466,Nyctalus leisleri,0.013,0.028,-1,Echolocation,/mnt/ubna_data_02_mir/recover-20221013/UBNA_001/20221012_030000.WAV,Telephone Field,recover-20221013,001,1795
852.4335,852.4743,68437,82616,Rhinolophus ferrumequinum,0.022,0.022,-1,Echolocation,/mnt/ubna_data_02_mir/recover-20221013/UBNA_001/20221012_030000.WAV,Telephone Field,recover-20221013,001,1795
852.4655,852.4722,27187,39396,Eptesicus serotinus,0.005,0.023,-1,Echolocation,/mnt/ubna_data_02_mir/recover-20221013/UBNA_001/20221012_030000.WAV,Telephone Field,recover-20221013,001,1795
852.4825,852.5205,68437,81923,Rhinolophus ferrumequinum,0.036,0.036,-1,Echolocation,/mnt/ubna_data_02_mir/recover-20221013/UBNA_001/20221012_030000.WAV,Telephone Field,recover-20221013,001,1795
852.4855,852.4925,28046,37333,Eptesicus serotinus,0.006,0.022,-1,Echolocation,/mnt/ubna_data_02_mir/recover-20221013/UBNA_001/20221012_030000.WAV,Telephone Field,recover-20221013,001,1795
852.5035,852.5132,23750,30658,Nyctalus leisleri,0.008,0.022,-1,Echolocation,/mnt/ubna_data_02_mir/recover-20221013/UBNA_001/20221012_030000.WAV,Telephone Field,recover-20221013,001,1795
852.5075,852.5156,48671,53296,Pipistrellus pipistrellus,0.029,0.032,-1,Echolocation,/mnt/ubna_data_02_mir/recover-20221013/UBNA_001/20221012_030000.WAV,Telephone Field,recover-20221013,001,1795
852.5265,852.565,68437,81904,Rhinolophus ferrumequinum,0.022,0.022,-1,Echolocation,/mnt/ubna_data_02_mir/recover-20221013/UBNA_001/20221012_030000.WAV,Telephone Field,recover-20221013,001,1795
852.5415,852.5776,68437,81276,Rhinolophus ferrumequinum,0.021,0.021,-1,Echolocation,/mnt/ubna_data_02_mir/recover-20221013/UBNA_001/20221012_030000.WAV,Telephone Field,recover-20221013,001,1795
852.5615,852.6019,68437,81896,Rhinolophus ferrumequinum,0.029,0.029,-1,Echolocation,/mnt/ubna_data_02_mir/recover-20221013/UBNA_001/20221012_030000.WAV,Telephone Field,recover-20221013,001,1795
852.5625,852.5758,22890,27056,Nyctalus leisleri,0.02,0.033,-1,Echolocation,/mnt/ubna_data_02_mir/recover-20221013/UBNA_001/20221012_030000.WAV,Telephone Field,recover-20221013,001,1795
852.5735,852.5944,19453,22500,Nyctalus leisleri,0.015,0.03,-1,Echolocation,/mnt/ubna_data_02_mir/recover-20221013/UBNA_001/20221012_030000.WAV,Telephone Field,recover-20221013,001,1795
852.5965,852.6346,68437,82014,Rhinolophus ferrumequinum,0.022,0.022,-1,Echolocation,/mnt/ubna_data_02_mir/recover-20221013/UBNA_001/20221012_030000.WAV,Telephone Field,recover-20221013,001,1795
852.6065,852.6442,68437,81569,Rhinolophus ferrumequinum,0.021,0.021,-1,Echolocation,/mnt/ubna_data_02_mir/recover-20221013/UBNA_001/20221012_030000.WAV,Telephone Field,recover-20221013,001,1795
852.6255,852.6618,68437,81206,Rhinolophus ferrumequinum,0.021,0.021,-1,Echolocation,/mnt/ubna_data_02_mir/recover-20221013/UBNA_001/20221012_030000.WAV,Telephone Field,recover-20221013,001,1795
852.6435,852.6826,68437,81853,Rhinolophus ferrumequinum,0.021,0.022,-1,Echolocation,/mnt/ubna_data_02_mir/recover-20221013/UBNA_001/20221012_030000.WAV,Telephone Field,recover-20221013,001,1795
852.6705,852.6789,28046,37529,Eptesicus serotinus,0.01,0.026,-1,Echolocation,/mnt/ubna_data_02_mir/recover-20221013/UBNA_001/20221012_030000.WAV,Telephone Field,recover-20221013,001,1795
852.6805,852.7187,68437,81785,Rhinolophus ferrumequinum,0.023,0.023,-1,Echolocation,/mnt/ubna_data_02_mir/recover-20221013/UBNA_001/20221012_030000.WAV,Telephone Field,recover-20221013,001,1795
852.7065,852.7479,68437,83155,Rhinolophus ferrumequinum,0.036,0.036,-1,Echolocation,/mnt/ubna_data_02_mir/recover-20221013/UBNA_001/20221012_030000.WAV,Telephone Field,recover-20221013,001,1795
852.7205,852.7626,68437,82740,Rhinolophus ferrumequinum,0.024,0.024,-1,Echolocation,/mnt/ubna_data_02_mir/recover-20221013/UBNA_001/20221012_030000.WAV,Telephone Field,recover-20221013,001,1795
852.7395,852.7805,68437,82584,Rhinolophus ferrumequinum,0.022,0.022,-1,Echolocation,/mnt/ubna_data_02_mir/recover-20221013/UBNA_001/20221012_030000.WAV,Telephone Field,recover-20221013,001,1795
852.7485,852.7876,68437,82195,Rhinolophus ferrumequinum,0.022,0.022,-1,Echolocation,/mnt/ubna_data_02_mir/recover-20221013/UBNA_001/20221012_030000.WAV,Telephone Field,recover-20221013,001,1795
852.7575,852.7975,68437,82413,Rhinolophus ferrumequinum,0.023,0.023,-1,Echolocation,/mnt/ubna_data_02_mir/recover-20221013/UBNA_001/20221012_030000.WAV,Telephone Field,recover-20221013,001,1795
852.7715,852.7843,21171,24787,Nyctalus leisleri,0.014,0.023,-1,Echolocation,/mnt/ubna_data_02_mir/recover-20221013/UBNA_001/20221012_030000.WAV,Telephone Field,recover-20221013,001,1795
852.8135,852.8215,27187,39321,Eptesicus serotinus,0.008,0.022,-1,Echolocation,/mnt/ubna_data_02_mir/recover-20221013/UBNA_001/20221012_030000.WAV,Telephone Field,recover-20221013,001,1795
852.8145,852.8531,68437,81835,Rhinolophus ferrumequinum,0.021,0.021,-1,Echolocation,/mnt/ubna_data_02_mir/recover-20221013/UBNA_001/20221012_030000.WAV,Telephone Field,recover-20221013,001,1795
852.8235,852.8642,68437,82281,Rhinolophus ferrumequinum,0.025,0.025,-1,Echolocation,/mnt/ubna_data_02_mir/recover-20221013/UBNA_001/20221012_030000.WAV,Telephone Field,recover-20221013,001,1795
852.8445,852.8533,25468,34279,Eptesicus serotinus,0.01,0.026,-1,Echolocation,/mnt/ubna_data_02_mir/recover-20221013/UBNA_001/20221012_030000.WAV,Telephone Field,recover-20221013,001,1795
852.8565,852.8669,28046,35597,Eptesicus serotinus,0.013,0.027,-1,Echolocation,/mnt/ubna_data_02_mir/recover-20221013/UBNA_001/20221012_030000.WAV,Telephone Field,recover-20221013,001,1795
852.8575,852.8998,68437,82686,Rhinolophus ferrumequinum,0.023,0.023,-1,Echolocation,/mnt/ubna_data_02_mir/recover-20221013/UBNA_001/20221012_030000.WAV,Telephone Field,recover-20221013,001,1795
852.8715,852.9096,68437,81631,Rhinolophus ferrumequinum,0.023,0.023,-1,Echolocation,/mnt/ubna_data_02_mir/recover-20221013/UBNA_001/20221012_030000.WAV,Telephone Field,recover-20221013,001,1795
852.8745,852.8854,24609,30703,Nyctalus leisleri,0.01,0.025,-1,Echolocation,/mnt/ubna_data_02_mir/recover-20221013/UBNA_001/20221012_030000.WAV,Telephone Field,recover-20221013,001,1795
852.8875,852.9278,68437,82223,Rhinolophus ferrumequinum,0.023,0.023,-1,Echolocation,/mnt/ubna_data_02_mir/recover-20221013/UBNA_001/20221012_030000.WAV,Telephone Field,recover-20221013,001,1795
852.9065,852.9187,44375,48405,Pipistrellus pipistrellus,0.028,0.031,-1,Echolocation,/mnt/ubna_data_02_mir/recover-20221013/UBNA_001/20221012_030000.WAV,Telephone Field,recover-20221013,001,1795
852.9125,852.9522,68437,82317,Rhinolophus ferrumequinum,0.023,0.023,-1,Echolocation,/mnt/ubna_data_02_mir/recover-20221013/UBNA_001/20221012_030000.WAV,Telephone Field,recover-20221013,001,1795
852.9325,852.9481,28046,32492,Eptesicus serotinus,0.049,0.103,-1,Echolocation,/mnt/ubna_data_02_mir/recover-20221013/UBNA_001/20221012_030000.WAV,Telephone Field,recover-20221013,001,1795
852.9355,852.9759,68437,82606,Rhinolophus ferrumequinum,0.021,0.021,-1,Echolocation,/mnt/ubna_data_02_mir/recover-20221013/UBNA_001/20221012_030000.WAV,Telephone Field,recover-20221013,001,1795
852.9795,853.0189,68437,82148,Rhinolophus ferrumequinum,0.024,0.024,-1,Echolocation,/mnt/ubna_data_02_mir/recover-20221013/UBNA_001/20221012_030000.WAV,Telephone Field,recover-20221013,001,1795
853.0245,853.0628,68437,81960,Rhinolophus ferrumequinum,0.028,0.028,-1,Echolocation,/mnt/ubna_data_02_mir/recover-20221013/UBNA_001/20221012_030000.WAV,Telephone Field,recover-20221013,001,1795
853.0295,853.0682,68437,81666,Rhinolophus ferrumequinum,0.027,0.027,-1,Echolocation,/mnt/ubna_data_02_mir/recover-20221013/UBNA_001/20221012_030000.WAV,Telephone Field,recover-20221013,001,1795
853.0535,853.0916,68437,81816,Rhinolophus ferrumequinum,0.037,0.037,-1,Echolocation,/mnt/ubna_data_02_mir/recover-20221013/UBNA_001/20221012_030000.WAV,Telephone Field,recover-20221013,001,1795
853.0795,853.1184,68437,81915,Rhinolophus ferrumequinum,0.024,0.024,-1,Echolocation,/mnt/ubna_data_02_mir/recover-20221013/UBNA_001/20221012_030000.WAV,Telephone Field,recover-20221013,001,1795
853.1355,853.149,51250,55766,Pipistrellus pipistrellus,0.014,0.026,-1,Echolocation,/mnt/ubna_data_02_mir/recover-20221013/UBNA_001/20221012_030000.WAV,Telephone Field,recover-20221013,001,1795
853.1505,853.1906,68437,82425,Rhinolophus ferrumequinum,0.028,0.028,-1,Echolocation,/mnt/ubna_data_02_mir/recover-20221013/UBNA_001/20221012_030000.WAV,Telephone Field,recover-20221013,001,1795
853.1745,853.2114,68437,82262,Rhinolophus ferrumequinum,0.025,0.025,-1,Echolocation,/mnt/ubna_data_02_mir/recover-20221013/UBNA_001/20221012_030000.WAV,Telephone Field,recover-20221013,001,1795
853.2205,853.2623,68437,82765,Rhinolophus ferrumequinum,0.03,0.03,-1,Echolocation,/mnt/ubna_data_02_mir/recover-20221013/UBNA_001/20221012_030000.WAV,Telephone Field,recover-20221013,001,1795
853.2285,853.2671,68437,82025,Rhinolophus ferrumequinum,0.023,0.024,-1,Echolocation,/mnt/ubna_data_02_mir/recover-20221013/UBNA_001/20221012_030000.WAV,Telephone Field,recover-20221013,001,1795
853.2845,853.3211,68437,81050,Rhinolophus ferrumequinum,0.023,0.023,-1,Echolocation,/mnt/ubna_data_02_mir/recover-20221013/UBNA_001/20221012_030000.WAV,Telephone Field,recover-20221013,001,1795
853.3555,853.3911,68437,80734,Rhinolophus ferrumequinum,0.024,0.024,-1,Echolocation,/mnt/ubna_data_02_mir/recover-20221013/UBNA_001/20221012_030000.WAV,Telephone Field,recover-20221013,001,1795
853.3715,853.4134,68437,82874,Rhinolophus ferrumequinum,0.026,0.026,-1,Echolocation,/mnt/ubna_data_02_mir/recover-20221013/UBNA_001/20221012_030000.WAV,Telephone Field,recover-20221013,001,1795
853.4025,853.4432,68437,82351,Rhinolophus ferrumequinum,0.022,0.022,-1,Echolocation,/mnt/ubna_data_02_mir/recover-20221013/UBNA_001/20221012_030000.WAV,Telephone Field,recover-20221013,001,1795
853.4325,853.4403,22890,31349,Plecotus austriacus,0.014,0.028,-1,Echolocation,/mnt/ubna_data_02_mir/recover-20221013/UBNA_001/20221012_030000.WAV,Telephone Field,recover-20221013,001,1795
853.4605,853.498,68437,81921,Rhinolophus ferrumequinum,0.021,0.021,-1,Echolocation,/mnt/ubna_data_02_mir/recover-20221013/UBNA_001/20221012_030000.WAV,Telephone Field,recover-20221013,001,1795
853.4605,853.4697,24609,31986,Eptesicus serotinus,0.007,0.022,-1,Echolocation,/mnt/ubna_data_02_mir/recover-20221013/UBNA_001/20221012_030000.WAV,Telephone Field,recover-20221013,001,1795
853.4675,853.4778,22890,28145,Nyctalus leisleri,0.01,0.023,-1,Echolocation,/mnt/ubna_data_02_mir/recover-20221013/UBNA_001/20221012_030000.WAV,Telephone Field,recover-20221013,001,1795
853.4985,853.5398,68437,82603,Rhinolophus ferrumequinum,0.025,0.025,-1,Echolocation,/mnt/ubna_data_02_mir/recover-20221013/UBNA_001/20221012_030000.WAV,Telephone Field,recover-20221013,001,1795
853.5065,853.5174,23750,30265,Nyctalus leisleri,0.012,0.03,-1,Echolocation,/mnt/ubna_data_02_mir/recover-20221013/UBNA_001/20221012_030000.WAV,Telephone Field,recover-20221013,001,1795
853.5075,853.546,68437,82524,Rhinolophus ferrumequinum,0.022,0.022,-1,Echolocation,/mnt/ubna_data_02_mir/recover-20221013/UBNA_001/20221012_030000.WAV,Telephone Field,recover-20221013,001,1795
853.5325,853.5717,68437,82418,Rhinolophus ferrumequinum,0.029,0.029,-1,Echolocation,/mnt/ubna_data_02_mir/recover-20221013/UBNA_001/20221012_030000.WAV,Telephone Field,recover-20221013,001,1795
853.5355,853.5452,26328,35576,Eptesicus serotinus,0.01,0.024,-1,Echolocation,/mnt/ubna_data_02_mir/recover-20221013/UBNA_001/20221012_030000.WAV,Telephone Field,recover-20221013,001,1795
853.5565,853.5947,68437,81854,Rhinolophus ferrumequinum,0.025,0.026,-1,Echolocation,/mnt/ubna_data_02_mir/recover-20221013/UBNA_001/20221012_030000.WAV,Telephone Field,recover-20221013,001,1795
853.5655,853.6047,68437,82362,Rhinolophus ferrumequinum,0.024,0.024,-1,Echolocation,/mnt/ubna_data_02_mir/recover-20221013/UBNA_001/20221012_030000.WAV,Telephone Field,recover-20221013,001,1795
853.5995,853.6069,28046,37109,Eptesicus serotinus,0.02,0.046,-1,Echolocation,/mnt/ubna_data_02_mir/recover-20221013/UBNA_001/20221012_030000.WAV,Telephone Field,recover-20221013,001,1795
853.5995,853.641,68437,82519,Rhinolophus ferrumequinum,0.029,0.03,-1,Echolocation,/mnt/ubna_data_02_mir/recover-20221013/UBNA_001/20221012_030000.WAV,Telephone Field,recover-20221013,001,1795
853.6625,853.705,68437,82502,Rhinolophus ferrumequinum,0.023,0.023,-1,Echolocation,/mnt/ubna_data_02_mir/recover-20221013/UBNA_001/20221012_030000.WAV,Telephone Field,recover-20221013,001,1795
853.6735,853.6845,28906,35145,Eptesicus serotinus,0.025,0.047,-1,Echolocation,/mnt/ubna_data_02_mir/recover-20221013/UBNA_001/20221012_030000.WAV,Telephone Field,recover-20221013,001,1795
853.7085,853.7194,22890,27855,Nyctalus leisleri,0.013,0.028,-1,Echolocation,/mnt/ubna_data_02_mir/recover-20221013/UBNA_001/20221012_030000.WAV,Telephone Field,recover-20221013,001,1795
853.7125,853.7478,68437,81406,Rhinolophus ferrumequinum,0.021,0.021,-1,Echolocation,/mnt/ubna_data_02_mir/recover-20221013/UBNA_001/20221012_030000.WAV,Telephone Field,recover-20221013,001,1795
853.7215,853.7602,68437,81495,Rhinolophus ferrumequinum,0.025,0.025,-1,Echolocation,/mnt/ubna_data_02_mir/recover-20221013/UBNA_001/20221012_030000.WAV,Telephone Field,recover-20221013,001,1795
853.7285,853.7657,68437,81958,Rhinolophus ferrumequinum,0.022,0.022,-1,Echolocation,/mnt/ubna_data_02_mir/recover-20221013/UBNA_001/20221012_030000.WAV,Telephone Field,recover-20221013,001,1795
853.7295,853.7393,28906,37084,Eptesicus serotinus,0.009,0.021,-1,Echolocation,/mnt/ubna_data_02_mir/recover-20221013/UBNA_001/20221012_030000.WAV,Telephone Field,recover-20221013,001,1795
853.7705,853.7798,48671,55016,Pipistrellus pipistrellus,0.021,0.023,-1,Echolocation,/mnt/ubna_data_02_mir/recover-20221013/UBNA_001/20221012_030000.WAV,Telephone Field,recover-20221013,001,1795
853.7995,853.8404,68437,82085,Rhinolophus ferrumequinum,0.026,0.026,-1,Echolocation,/mnt/ubna_data_02_mir/recover-20221013/UBNA_001/20221012_030000.WAV,Telephone Field,recover-20221013,001,1795
853.8445,853.8851,68437,82689,Rhinolophus ferrumequinum,0.023,0.023,-1,Echolocation,/mnt/ubna_data_02_mir/recover-20221013/UBNA_001/20221012_030000.WAV,Telephone Field,recover-20221013,001,1795
853.8665,853.908,68437,82642,Rhinolophus ferrumequinum,0.031,0.031,-1,Echolocation,/mnt/ubna_data_02_mir/recover-20221013/UBNA_001/20221012_030000.WAV,Telephone Field,recover-20221013,001,1795
853.8755,853.882,28046,40358,Eptesicus serotinus,0.007,0.026,-1,Echolocation,/mnt/ubna_data_02_mir/recover-20221013/UBNA_001/20221012_030000.WAV,Telephone Field,recover-20221013,001,1795
853.9155,853.9238,27187,37738,Eptesicus serotinus,0.008,0.023,-1,Echolocation,/mnt/ubna_data_02_mir/recover-20221013/UBNA_001/20221012_030000.WAV,Telephone Field,recover-20221013,001,1795
853.9165,853.9581,68437,82829,Rhinolophus ferrumequinum,0.034,0.034,-1,Echolocation,/mnt/ubna_data_02_mir/recover-20221013/UBNA_001/20221012_030000.WAV,Telephone Field,recover-20221013,001,1795
853.9345,853.9738,68437,82242,Rhinolophus ferrumequinum,0.024,0.024,-1,Echolocation,/mnt/ubna_data_02_mir/recover-20221013/UBNA_001/20221012_030000.WAV,Telephone Field,recover-20221013,001,1795
853.9705,853.9821,27187,34189,Eptesicus serotinus,0.013,0.025,-1,Echolocation,/mnt/ubna_data_02_mir/recover-20221013/UBNA_001/20221012_030000.WAV,Telephone Field,recover-20221013,001,1795
853.9885,853.9965,26328,38968,Eptesicus serotinus,0.007,0.021,-1,Echolocation,/mnt/ubna_data_02_mir/recover-20221013/UBNA_001/20221012_030000.WAV,Telephone Field,recover-20221013,001,1795
854.0015,854.0104,23750,31799,Nyctalus leisleri,0.009,0.029,-1,Echolocation,/mnt/ubna_data_02_mir/recover-20221013/UBNA_001/20221012_030000.WAV,Telephone Field,recover-20221013,001,1795
854.0015,854.0337,70156,82245,Rhinolophus ferrumequinum,0.033,0.033,-1,Echolocation,/mnt/ubna_data_02_mir/recover-20221013/UBNA_001/20221012_030000.WAV,Telephone Field,recover-20221013,001,1795
854.0015,854.0121,47812,54790,Pipistrellus pipistrellus,0.016,0.024,-1,Echolocation,/mnt/ubna_data_02_mir/recover-20221013/UBNA_001/20221012_030000.WAV,Telephone Field,recover-20221013,001,1795
854.0185,854.0402,18593,21289,Nyctalus leisleri,0.013,0.028,-1,Echolocation,/mnt/ubna_data_02_mir/recover-20221013/UBNA_001/20221012_030000.WAV,Telephone Field,recover-20221013,001,1795
854.0345,854.0748,68437,82867,Rhinolophus ferrumequinum,0.037,0.037,-1,Echolocation,/mnt/ubna_data_02_mir/recover-20221013/UBNA_001/20221012_030000.WAV,Telephone Field,recover-20221013,001,1795
854.0535,854.0629,50390,55760,Pipistrellus pipistrellus,0.02,0.025,-1,Echolocation,/mnt/ubna_data_02_mir/recover-20221013/UBNA_001/20221012_030000.WAV,Telephone Field,recover-20221013,001,1795
854.0885,854.1272,68437,82189,Rhinolophus ferrumequinum,0.022,0.022,-1,Echolocation,/mnt/ubna_data_02_mir/recover-20221013/UBNA_001/20221012_030000.WAV,Telephone Field,recover-20221013,001,1795
854.0995,854.136,68437,81798,Rhinolophus ferrumequinum,0.024,0.024,-1,Echolocation,/mnt/ubna_data_02_mir/recover-20221013/UBNA_001/20221012_030000.WAV,Telephone Field,recover-20221013,001,1795
854.1105,854.1496,68437,82808,Rhinolophus ferrumequinum,0.027,0.027,-1,Echolocation,/mnt/ubna_data_02_mir/recover-20221013/UBNA_001/20221012_030000.WAV,Telephone Field,recover-20221013,001,1795
854.1345,854.1751,68437,82604,Rhinolophus ferrumequinum,0.03,0.03,-1,Echolocation,/mnt/ubna_data_02_mir/recover-20221013/UBNA_001/20221012_030000.WAV,Telephone Field,recover-20221013,001,1795
854.1735,854.2136,68437,82492,Rhinolophus ferrumequinum,0.022,0.022,-1,Echolocation,/mnt/ubna_data_02_mir/recover-20221013/UBNA_001/20221012_030000.WAV,Telephone Field,recover-20221013,001,1795
854.1745,854.1826,26328,35670,Eptesicus serotinus,0.01,0.026,-1,Echolocation,/mnt/ubna_data_02_mir/recover-20221013/UBNA_001/20221012_030000.WAV,Telephone Field,recover-20221013,001,1795
854.1925,854.2011,28046,35830,Eptesicus serotinus,0.009,0.023,-1,Echolocation,/mnt/ubna_data_02_mir/recover-20221013/UBNA_001/20221012_030000.WAV,Telephone Field,recover-20221013,001,1795
854.2335,854.2462,22890,27897,Nyctalus leisleri,0.016,0.031,-1,Echolocation,/mnt/ubna_data_02_mir/recover-20221013/UBNA_001/20221012_030000.WAV,Telephone Field,recover-20221013,001,1795
854.2455,854.282,68437,81709,Rhinolophus ferrumequinum,0.022,0.022,-1,Echolocation,/mnt/ubna_data_02_mir/recover-20221013/UBNA_001/20221012_030000.WAV,Telephone Field,recover-20221013,001,1795
854.2495,854.2571,28046,37897,Eptesicus serotinus,0.007,0.022,-1,Echolocation,/mnt/ubna_data_02_mir/recover-20221013/UBNA_001/20221012_030000.WAV,Telephone Field,recover-20221013,001,1795
854.2625,854.3049,68437,83420,Rhinolophus ferrumequinum,0.047,0.047,-1,Echolocation,/mnt/ubna_data_02_mir/recover-20221013/UBNA_001/20221012_030000.WAV,Telephone Field,recover-20221013,001,1795
854.2855,854.2929,28046,37442,Eptesicus serotinus,0.006,0.022,-1,Echolocation,/mnt/ubna_data_02_mir/recover-20221013/UBNA_001/20221012_030000.WAV,Telephone Field,recover-20221013,001,1795
854.3015,854.34,68437,81682,Rhinolophus ferrumequinum,0.023,0.023,-1,Echolocation,/mnt/ubna_data_02_mir/recover-20221013/UBNA_001/20221012_030000.WAV,Telephone Field,recover-20221013,001,1795
854.3165,854.3252,28046,39014,Eptesicus serotinus,0.008,0.023,-1,Echolocation,/mnt/ubna_data_02_mir/recover-20221013/UBNA_001/20221012_030000.WAV,Telephone Field,recover-20221013,001,1795
854.3345,854.3721,68437,82336,Rhinolophus ferrumequinum,0.024,0.024,-1,Echolocation,/mnt/ubna_data_02_mir/recover-20221013/UBNA_001/20221012_030000.WAV,Telephone Field,recover-20221013,001,1795
854.3415,854.3538,22890,27324,Nyctalus leisleri,0.015,0.027,-1,Echolocation,/mnt/ubna_data_02_mir/recover-20221013/UBNA_001/20221012_030000.WAV,Telephone Field,recover-20221013,001,1795
854.3495,854.3868,68437,81695,Rhinolophus ferrumequinum,0.021,0.022,-1,Echolocation,/mnt/ubna_data_02_mir/recover-20221013/UBNA_001/20221012_030000.WAV,Telephone Field,recover-20221013,001,1795
854.3905,854.4274,68437,82108,Rhinolophus ferrumequinum,0.025,0.025,-1,Echolocation,/mnt/ubna_data_02_mir/recover-20221013/UBNA_001/20221012_030000.WAV,Telephone Field,recover-20221013,001,1795
854.4225,854.4639,68437,82294,Rhinolophus ferrumequinum,0.023,0.023,-1,Echolocation,/mnt/ubna_data_02_mir/recover-20221013/UBNA_001/20221012_030000.WAV,Telephone Field,recover-20221013,001,1795
854.4435,854.4545,22031,26023,Nyctalus leisleri,0.015,0.027,-1,Echolocation,/mnt/ubna_data_02_mir/recover-20221013/UBNA_001/20221012_030000.WAV,Telephone Field,recover-20221013,001,1795
854.4585,854.466,28046,40691,Eptesicus serotinus,0.008,0.026,-1,Echolocation,/mnt/ubna_data_02_mir/recover-20221013/UBNA_001/20221012_030000.WAV,Telephone Field,recover-20221013,001,1795
854.4595,854.4947,68437,81240,Rhinolophus ferrumequinum,0.022,0.022,-1,Echolocation,/mnt/ubna_data_02_mir/recover-20221013/UBNA_001/20221012_030000.WAV,Telephone Field,recover-20221013,001,1795
854.4685,854.5012,68437,80938,Rhinolophus ferrumequinum,0.022,0.022,-1,Echolocation,/mnt/ubna_data_02_mir/recover-20221013/UBNA_001/20221012_030000.WAV,Telephone Field,recover-20221013,001,1795
854.4975,854.5367,68437,82652,Rhinolophus ferrumequinum,0.027,0.027,-1,Echolocation,/mnt/ubna_data_02_mir/recover-20221013/UBNA_001/20221012_030000.WAV,Telephone Field,recover-20221013,001,1795
854.5085,854.5466,68437,81482,Rhinolophus ferrumequinum,0.022,0.022,-1,Echolocation,/mnt/ubna_data_02_mir/recover-20221013/UBNA_001/20221012_030000.WAV,Telephone Field,recover-20221013,001,1795
854.5145,854.5502,68437,81167,Rhinolophus ferrumequinum,0.022,0.022,-1,Echolocation,/mnt/ubna_data_02_mir/recover-20221013/UBNA_001/20221012_030000.WAV,Telephone Field,recover-20221013,001,1795
854.5185,854.5282,28906,37167,Eptesicus serotinus,0.015,0.029,-1,Echolocation,/mnt/ubna_data_02_mir/recover-20221013/UBNA_001/20221012_030000.WAV,Telephone Field,recover-20221013,001,1795
854.5435,854.5517,43515,51760,Pipistrellus pipistrellus,0.02,0.025,-1,Echolocation,/mnt/ubna_data_02_mir/recover-20221013/UBNA_001/20221012_030000.WAV,Telephone Field,recover-20221013,001,1795
854.5445,854.5517,23750,32305,Plecotus austriacus,0.01,0.023,-1,Echolocation,/mnt/ubna_data_02_mir/recover-20221013/UBNA_001/20221012_030000.WAV,Telephone Field,recover-20221013,001,1795
854.5445,854.5514,28046,38492,Eptesicus serotinus,0.005,0.023,-1,Echolocation,/mnt/ubna_data_02_mir/recover-20221013/UBNA_001/20221012_030000.WAV,Telephone Field,recover-20221013,001,1795
854.6275,854.6708,68437,83490,Rhinolophus ferrumequinum,0.027,0.027,-1,Echolocation,/mnt/ubna_data_02_mir/recover-20221013/UBNA_001/20221012_030000.WAV,Telephone Field,recover-20221013,001,1795
854.6285,854.6385,24609,31861,Eptesicus serotinus,0.014,0.039,-1,Echolocation,/mnt/ubna_data_02_mir/recover-20221013/UBNA_001/20221012_030000.WAV,Telephone Field,recover-20221013,001,1795
854.6455,854.6855,68437,83287,Rhinolophus ferrumequinum,0.03,0.03,-1,Echolocation,/mnt/ubna_data_02_mir/recover-20221013/UBNA_001/20221012_030000.WAV,Telephone Field,recover-20221013,001,1795
854.6705,854.7127,68437,82463,Rhinolophus ferrumequinum,0.047,0.047,-1,Echolocation,/mnt/ubna_data_02_mir/recover-20221013/UBNA_001/20221012_030000.WAV,Telephone Field,recover-20221013,001,1795
854.6925,854.7036,22031,27275,Nyctalus leisleri,0.013,0.026,-1,Echolocation,/mnt/ubna_data_02_mir/recover-20221013/UBNA_001/20221012_030000.WAV,Telephone Field,recover-20221013,001,1795
854.6935,854.7014,28046,37814,Eptesicus serotinus,0.007,0.023,-1,Echolocation,/mnt/ubna_data_02_mir/recover-20221013/UBNA_001/20221012_030000.WAV,Telephone Field,recover-20221013,001,1795
854.7095,854.7504,68437,82225,Rhinolophus ferrumequinum,0.034,0.034,-1,Echolocation,/mnt/ubna_data_02_mir/recover-20221013/UBNA_001/20221012_030000.WAV,Telephone Field,recover-20221013,001,1795
854.7525,854.7587,25468,37759,Plecotus austriacus,0.01,0.028,-1,Echolocation,/mnt/ubna_data_02_mir/recover-20221013/UBNA_001/20221012_030000.WAV,Telephone Field,recover-20221013,001,1795
854.7985,854.8396,68437,82677,Rhinolophus ferrumequinum,0.03,0.03,-1,Echolocation,/mnt/ubna_data_02_mir/recover-20221013/UBNA_001/20221012_030000.WAV,Telephone Field,recover-20221013,001,1795
854.8105,854.8208,22031,27211,Nyctalus leisleri,0.009,0.024,-1,Echolocation,/mnt/ubna_data_02_mir/recover-20221013/UBNA_001/20221012_030000.WAV,Telephone Field,recover-20221013,001,1795
854.8675,854.9107,68437,83340,Rhinolophus ferrumequinum,0.047,0.047,-1,Echolocation,/mnt/ubna_data_02_mir/recover-20221013/UBNA_001/20221012_030000.WAV,Telephone Field,recover-20221013,001,1795
854.8835,854.8922,28046,38036,Eptesicus serotinus,0.012,0.03,-1,Echolocation,/mnt/ubna_data_02_mir/recover-20221013/UBNA_001/20221012_030000.WAV,Telephone Field,recover-20221013,001,1795
854.8985,854.9367,68437,81468,Rhinolophus ferrumequinum,0.026,0.026,-1,Echolocation,/mnt/ubna_data_02_mir/recover-20221013/UBNA_001/20221012_030000.WAV,Telephone Field,recover-20221013,001,1795
854.9115,854.9513,68437,82927,Rhinolophus ferrumequinum,0.024,0.024,-1,Echolocation,/mnt/ubna_data_02_mir/recover-20221013/UBNA_001/20221012_030000.WAV,Telephone Field,recover-20221013,001,1795
854.9165,854.9246,28046,37470,Eptesicus serotinus,0.009,0.024,-1,Echolocation,/mnt/ubna_data_02_mir/recover-20221013/UBNA_001/20221012_030000.WAV,Telephone Field,recover-20221013,001,1795
854.9875,854.9985,24609,30741,Nyctalus leisleri,0.009,0.022,-1,Echolocation,/mnt/ubna_data_02_mir/recover-20221013/UBNA_001/20221012_030000.WAV,Telephone Field,recover-20221013,001,1795
855.0255,855.0334,28046,38084,Eptesicus serotinus,0.008,0.023,-1,Echolocation,/mnt/ubna_data_02_mir/recover-20221013/UBNA_001/20221012_030000.WAV,Telephone Field,recover-20221013,001,1795
855.0385,855.0484,14296,19769,Nyctalus noctula,0.013,0.028,-1,Echolocation,/mnt/ubna_data_02_mir/recover-20221013/UBNA_001/20221012_030000.WAV,Telephone Field,recover-20221013,001,1795
855.0665,855.1086,68437,83164,Rhinolophus ferrumequinum,0.034,0.034,-1,Echolocation,/mnt/ubna_data_02_mir/recover-20221013/UBNA_001/20221012_030000.WAV,Telephone Field,recover-20221013,001,1795
855.1255,855.1635,68437,81738,Rhinolophus ferrumequinum,0.033,0.033,-1,Echolocation,/mnt/ubna_data_02_mir/recover-20221013/UBNA_001/20221012_030000.WAV,Telephone Field,recover-20221013,001,1795
855.1435,855.1826,68437,82462,Rhinolophus ferrumequinum,0.022,0.022,-1,Echolocation,/mnt/ubna_data_02_mir/recover-20221013/UBNA_001/20221012_030000.WAV,Telephone Field,recover-20221013,001,1795
855.1505,855.1586,23750,31271,Plecotus austriacus,0.009,0.022,-1,Echolocation,/mnt/ubna_data_02_mir/recover-20221013/UBNA_001/20221012_030000.WAV,Telephone Field,recover-20221013,001,1795
855.2035,855.2148,24609,30772,Nyctalus leisleri,0.009,0.024,-1,Echolocation,/mnt/ubna_data_02_mir/recover-20221013/UBNA_001/20221012_030000.WAV,Telephone Field,recover-20221013,001,1795
855.2105,855.2499,68437,82043,Rhinolophus ferrumequinum,0.03,0.03,-1,Echolocation,/mnt/ubna_data_02_mir/recover-20221013/UBNA_001/20221012_030000.WAV,Telephone Field,recover-20221013,001,1795
855.2425,855.2806,68437,81522,Rhinolophus ferrumequinum,0.028,0.028,-1,Echolocation,/mnt/ubna_data_02_mir/recover-20221013/UBNA_001/20221012_030000.WAV,Telephone Field,recover-20221013,001,1795
855.2615,855.2685,49531,54267,Pipistrellus pipistrellus,0.027,0.029,-1,Echolocation,/mnt/ubna_data_02_mir/recover-20221013/UBNA_001/20221012_030000.WAV,Telephone Field,recover-20221013,001,1795
855.2725,855.3136,68437,82705,Rhinolophus ferrumequinum,0.024,0.024,-1,Echolocation,/mnt/ubna_data_02_mir/recover-20221013/UBNA_001/20221012_030000.WAV,Telephone Field,recover-20221013,001,1795
855.2745,855.2823,28046,38784,Eptesicus serotinus,0.01,0.028,-1,Echolocation,/mnt/ubna_data_02_mir/recover-20221013/UBNA_001/20221012_030000.WAV,Telephone Field,recover-20221013,001,1795
855.2915,855.3302,68437,82374,Rhinolophus ferrumequinum,0.022,0.022,-1,Echolocation,/mnt/ubna_data_02_mir/recover-20221013/UBNA_001/20221012_030000.WAV,Telephone Field,recover-20221013,001,1795
855.2995,855.3385,68437,82041,Rhinolophus ferrumequinum,0.023,0.023,-1,Echolocation,/mnt/ubna_data_02_mir/recover-20221013/UBNA_001/20221012_030000.WAV,Telephone Field,recover-20221013,001,1795
855.3085,855.3445,68437,81151,Rhinolophus ferrumequinum,0.022,0.022,-1,Echolocation,/mnt/ubna_data_02_mir/recover-20221013/UBNA_001/20221012_030000.WAV,Telephone Field,recover-20221013,001,1795
855.3495,855.3604,24609,30736,Nyctalus leisleri,0.008,0.022,-1,Echolocation,/mnt/ubna_data_02_mir/recover-20221013/UBNA_001/20221012_030000.WAV,Telephone Field,recover-20221013,001,1795
855.3605,855.3701,24609,32432,Eptesicus serotinus,0.008,0.022,-1,Echolocation,/mnt/ubna_data_02_mir/recover-20221013/UBNA_001/20221012_030000.WAV,Telephone Field,recover-20221013,001,1795
855.3645,855.4017,68437,82132,Rhinolophus ferrumequinum,0.025,0.025,-1,Echolocation,/mnt/ubna_data_02_mir/recover-20221013/UBNA_001/20221012_030000.WAV,Telephone Field,recover-20221013,001,1795
855.4075,855.4494,68437,83135,Rhinolophus ferrumequinum,0.027,0.027,-1,Echolocation,/mnt/ubna_data_02_mir/recover-20221013/UBNA_001/20221012_030000.WAV,Telephone Field,recover-20221013,001,1795
855.4395,855.4775,68437,81498,Rhinolophus ferrumequinum,0.023,0.023,-1,Echolocation,/mnt/ubna_data_02_mir/recover-20221013/UBNA_001/20221012_030000.WAV,Telephone Field,recover-20221013,001,1795
855.4825,855.4907,27187,38998,Eptesicus serotinus,0.007,0.022,-1,Echolocation,/mnt/ubna_data_02_mir/recover-20221013/UBNA_001/20221012_030000.WAV,Telephone Field,recover-20221013,001,1795
855.5075,855.519,53828,57857,Pipistrellus pygmaeus,0.021,0.023,-1,Echolocation,/mnt/ubna_data_02_mir/recover-20221013/UBNA_001/20221012_030000.WAV,Telephone Field,recover-20221013,001,1795
855.5825,855.5895,45234,51220,Pipistrellus pipistrellus,0.019,0.022,-1,Echolocation,/mnt/ubna_data_02_mir/recover-20221013/UBNA_001/20221012_030000.WAV,Telephone Field,recover-20221013,001,1795
855.5925,855.6004,23750,32590,Plecotus austriacus,0.012,0.027,-1,Echolocation,/mnt/ubna_data_02_mir/recover-20221013/UBNA_001/20221012_030000.WAV,Telephone Field,recover-20221013,001,1795
855.6135,855.6205,47812,56953,Pipistrellus pipistrellus,0.018,0.027,-1,Echolocation,/mnt/ubna_data_02_mir/recover-20221013/UBNA_001/20221012_030000.WAV,Telephone Field,recover-20221013,001,1795
855.6145,855.6509,68437,81905,Rhinolophus ferrumequinum,0.023,0.023,-1,Echolocation,/mnt/ubna_data_02_mir/recover-20221013/UBNA_001/20221012_030000.WAV,Telephone Field,recover-20221013,001,1795
855.6475,855.6859,68437,82276,Rhinolophus ferrumequinum,0.022,0.022,-1,Echolocation,/mnt/ubna_data_02_mir/recover-20221013/UBNA_001/20221012_030000.WAV,Telephone Field,recover-20221013,001,1795
855.6605,855.6715,44375,46912,Pipistrellus pipistrellus,0.023,0.028,-1,Echolocation,/mnt/ubna_data_02_mir/recover-20221013/UBNA_001/20221012_030000.WAV,Telephone Field,recover-20221013,001,1795
855.6695,855.6775,27187,39323,Eptesicus serotinus,0.007,0.022,-1,Echolocation,/mnt/ubna_data_02_mir/recover-20221013/UBNA_001/20221012_030000.WAV,Telephone Field,recover-20221013,001,1795
855.6725,855.7108,68437,82657,Rhinolophus ferrumequinum,0.022,0.022,-1,Echolocation,/mnt/ubna_data_02_mir/recover-20221013/UBNA_001/20221012_030000.WAV,Telephone Field,recover-20221013,001,1795
855.7165,855.7289,22031,26188,Nyctalus leisleri,0.013,0.024,-1,Echolocation,/mnt/ubna_data_02_mir/recover-20221013/UBNA_001/20221012_030000.WAV,Telephone Field,recover-20221013,001,1795
855.7355,855.7731,68437,82200,Rhinolophus ferrumequinum,0.022,0.022,-1,Echolocation,/mnt/ubna_data_02_mir/recover-20221013/UBNA_001/20221012_030000.WAV,Telephone Field,recover-20221013,001,1795
855.7565,855.7935,68437,81741,Rhinolophus ferrumequinum,0.023,0.023,-1,Echolocation,/mnt/ubna_data_02_mir/recover-20221013/UBNA_001/20221012_030000.WAV,Telephone Field,recover-20221013,001,1795
855.7825,855.8222,68437,82260,Rhinolophus ferrumequinum,0.031,0.031,-1,Echolocation,/mnt/ubna_data_02_mir/recover-20221013/UBNA_001/20221012_030000.WAV,Telephone Field,recover-20221013,001,1795
855.8015,855.8127,23750,29444,Nyctalus leisleri,0.011,0.023,-1,Echolocation,/mnt/ubna_data_02_mir/recover-20221013/UBNA_001/20221012_030000.WAV,Telephone Field,recover-20221013,001,1795
855.8235,855.8618,68437,81795,Rhinolophus ferrumequinum,0.022,0.022,-1,Echolocation,/mnt/ubna_data_02_mir/recover-20221013/UBNA_001/20221012_030000.WAV,Telephone Field,recover-20221013,001,1795
855.8285,855.8405,28906,35677,Eptesicus serotinus,0.018,0.035,-1,Echolocation,/mnt/ubna_data_02_mir/recover-20221013/UBNA_001/20221012_030000.WAV,Telephone Field,recover-20221013,001,1795
856.0015,856.0103,25468,37264,Nyctalus leisleri,0.007,0.028,-1,Echolocation,/mnt/ubna_data_02_mir/recover-20221013/UBNA_001/20221012_030000.WAV,Telephone Field,recover-20221013,001,1795
856.0015,856.011,21171,28187,Nyctalus leisleri,0.008,0.025,-1,Echolocation,/mnt/ubna_data_02_mir/recover-20221013/UBNA_001/20221012_030000.WAV,Telephone Field,recover-20221013,001,1795
856.0015,856.032,69296,81245,Rhinolophus ferrumequinum,0.028,0.028,-1,Echolocation,/mnt/ubna_data_02_mir/recover-20221013/UBNA_001/20221012_030000.WAV,Telephone Field,recover-20221013,001,1795
856.0275,856.066,68437,83098,Rhinolophus ferrumequinum,0.031,0.031,-1,Echolocation,/mnt/ubna_data_02_mir/recover-20221013/UBNA_001/20221012_030000.WAV,Telephone Field,recover-20221013,001,1795
856.0925,856.1296,68437,81626,Rhinolophus ferrumequinum,0.024,0.024,-1,Echolocation,/mnt/ubna_data_02_mir/recover-20221013/UBNA_001/20221012_030000.WAV,Telephone Field,recover-20221013,001,1795
856.1005,856.1099,24609,32591,Eptesicus serotinus,0.009,0.022,-1,Echolocation,/mnt/ubna_data_02_mir/recover-20221013/UBNA_001/20221012_030000.WAV,Telephone Field,recover-20221013,001,1795
856.1955,856.203,27187,36700,Eptesicus serotinus,0.008,0.024,-1,Echolocation,/mnt/ubna_data_02_mir/recover-20221013/UBNA_001/20221012_030000.WAV,Telephone Field,recover-20221013,001,1795
856.2065,856.2153,28906,36959,Eptesicus serotinus,0.008,0.022,-1,Echolocation,/mnt/ubna_data_02_mir/recover-20221013/UBNA_001/20221012_030000.WAV,Telephone Field,recover-20221013,001,1795
856.2405,856.2797,68437,82375,Rhinolophus ferrumequinum,0.027,0.027,-1,Echolocation,/mnt/ubna_data_02_mir/recover-20221013/UBNA_001/20221012_030000.WAV,Telephone Field,recover-20221013,001,1795
856.2645,856.2708,24609,39682,Myotis nattereri,0.006,0.022,-1,Echolocation,/mnt/ubna_data_02_mir/recover-20221013/UBNA_001/20221012_030000.WAV,Telephone Field,recover-20221013,001,1795
856.2835,856.2914,28046,39217,Eptesicus serotinus,0.007,0.022,-1,Echolocation,/mnt/ubna_data_02_mir/recover-20221013/UBNA_001/20221012_030000.WAV,Telephone Field,recover-20221013,001,1795
856.3205,856.3274,27187,40409,Eptesicus serotinus,0.006,0.024,-1,Echolocation,/mnt/ubna_data_02_mir/recover-20221013/UBNA_001/20221012_030000.WAV,Telephone Field,recover-20221013,001,1795
856.3605,856.3705,23750,29648,Nyctalus leisleri,0.01,0.024,-1,Echolocation,/mnt/ubna_data_02_mir/recover-20221013/UBNA_001/20221012_030000.WAV,Telephone Field,recover-20221013,001,1795
856.3935,856.4061,23750,29142,Nyctalus leisleri,0.016,0.033,-1,Echolocation,/mnt/ubna_data_02_mir/recover-20221013/UBNA_001/20221012_030000.WAV,Telephone Field,recover-20221013,001,1795
856.4035,856.4127,28046,37382,Eptesicus serotinus,0.009,0.023,-1,Echolocation,/mnt/ubna_data_02_mir/recover-20221013/UBNA_001/20221012_030000.WAV,Telephone Field,recover-20221013,001,1795
856.4145,856.4498,68437,81313,Rhinolophus ferrumequinum,0.037,0.038,-1,Echolocation,/mnt/ubna_data_02_mir/recover-20221013/UBNA_001/20221012_030000.WAV,Telephone Field,recover-20221013,001,1795
856.4145,856.4237,29765,38513,Eptesicus serotinus,0.008,0.024,-1,Echolocation,/mnt/ubna_data_02_mir/recover-20221013/UBNA_001/20221012_030000.WAV,Telephone Field,recover-20221013,001,1795
856.4335,856.445,37500,42157,Pipistrellus nathusii,0.014,0.024,-1,Echolocation,/mnt/ubna_data_02_mir/recover-20221013/UBNA_001/20221012_030000.WAV,Telephone Field,recover-20221013,001,1795
856.4555,856.4946,68437,82846,Rhinolophus ferrumequinum,0.024,0.024,-1,Echolocation,/mnt/ubna_data_02_mir/recover-20221013/UBNA_001/20221012_030000.WAV,Telephone Field,recover-20221013,001,1795
856.4685,856.5057,68437,81829,Rhinolophus ferrumequinum,0.025,0.025,-1,Echolocation,/mnt/ubna_data_02_mir/recover-20221013/UBNA_001/20221012_030000.WAV,Telephone Field,recover-20221013,001,1795
856.4965,856.5348,68437,81187,Rhinolophus ferrumequinum,0.025,0.025,-1,Echolocation,/mnt/ubna_data_02_mir/recover-20221013/UBNA_001/20221012_030000.WAV,Telephone Field,recover-20221013,001,1795
856.5155,856.553,68437,82268,Rhinolophus ferrumequinum,0.022,0.022,-1,Echolocation,/mnt/ubna_data_02_mir/recover-20221013/UBNA_001/20221012_030000.WAV,Telephone Field,recover-20221013,001,1795
856.5225,856.5614,68437,82303,Rhinolophus ferrumequinum,0.022,0.022,-1,Echolocation,/mnt/ubna_data_02_mir/recover-20221013/UBNA_001/20221012_030000.WAV,Telephone Field,recover-20221013,001,1795
856.5355,856.5764,68437,82395,Rhinolophus ferrumequinum,0.028,0.028,-1,Echolocation,/mnt/ubna_data_02_mir/recover-20221013/UBNA_001/20221012_030000.WAV,Telephone Field,recover-20221013,001,1795
856.5735,856.6052,68437,81045,Rhinolophus ferrumequinum,0.022,0.022,-1,Echolocation,/mnt/ubna_data_02_mir/recover-20221013/UBNA_001/20221012_030000.WAV,Telephone Field,recover-20221013,001,1795
856.5845,856.6213,68437,82059,Rhinolophus ferrumequinum,0.022,0.022,-1,Echolocation,/mnt/ubna_data_02_mir/recover-20221013/UBNA_001/20221012_030000.WAV,Telephone Field,recover-20221013,001,1795
856.5915,856.6025,42656,46445,Pipistrellus pipistrellus,0.019,0.023,-1,Echolocation,/mnt/ubna_data_02_mir/recover-20221013/UBNA_001/20221012_030000.WAV,Telephone Field,recover-20221013,001,1795
856.6085,856.649,68437,82123,Rhinolophus ferrumequinum,0.025,0.025,-1,Echolocation,/mnt/ubna_data_02_mir/recover-20221013/UBNA_001/20221012_030000.WAV,Telephone Field,recover-20221013,001,1795
856.6445,856.6834,68437,82687,Rhinolophus ferrumequinum,0.034,0.034,-1,Echolocation,/mnt/ubna_data_02_mir/recover-20221013/UBNA_001/20221012_030000.WAV,Telephone Field,recover-20221013,001,1795
856.6555,856.6664,22890,28014,Nyctalus leisleri,0.011,0.023,-1,Echolocation,/mnt/ubna_data_02_mir/recover-20221013/UBNA_001/20221012_030000.WAV,Telephone Field,recover-20221013,001,1795
856.6775,856.7168,68437,82356,Rhinolophus ferrumequinum,0.022,0.022,-1,Echolocation,/mnt/ubna_data_02_mir/recover-20221013/UBNA_001/20221012_030000.WAV,Telephone Field,recover-20221013,001,1795
856.7155,856.7226,23750,33448,Plecotus austriacus,0.009,0.023,-1,Echolocation,/mnt/ubna_data_02_mir/recover-20221013/UBNA_001/20221012_030000.WAV,Telephone Field,recover-20221013,001,1795
856.7215,856.7557,68437,81963,Rhinolophus ferrumequinum,0.027,0.027,-1,Echolocation,/mnt/ubna_data_02_mir/recover-20221013/UBNA_001/20221012_030000.WAV,Telephone Field,recover-20221013,001,1795
856.7475,856.7856,68437,81514,Rhinolophus ferrumequinum,0.027,0.027,-1,Echolocation,/mnt/ubna_data_02_mir/recover-20221013/UBNA_001/20221012_030000.WAV,Telephone Field,recover-20221013,001,1795
856.7915,856.8023,22890,27523,Nyctalus leisleri,0.013,0.024,-1,Echolocation,/mnt/ubna_data_02_mir/recover-20221013/UBNA_001/20221012_030000.WAV,Telephone Field,recover-20221013,001,1795
856.8065,856.8432,68437,82202,Rhinolophus ferrumequinum,0.023,0.023,-1,Echolocation,/mnt/ubna_data_02_mir/recover-20221013/UBNA_001/20221012_030000.WAV,Telephone Field,recover-20221013,001,1795
856.8245,856.8333,24609,33308,Nyctalus leisleri,0.008,0.028,-1,Echolocation,/mnt/ubna_data_02_mir/recover-20221013/UBNA_001/20221012_030000.WAV,Telephone Field,recover-20221013,001,1795
856.8635,856.9002,68437,82090,Rhinolophus ferrumequinum,0.024,0.024,-1,Echolocation,/mnt/ubna_data_02_mir/recover-20221013/UBNA_001/20221012_030000.WAV,Telephone Field,recover-20221013,001,1795
856.8785,856.8869,28046,39443,Eptesicus serotinus,0.008,0.023,-1,Echolocation,/mnt/ubna_data_02_mir/recover-20221013/UBNA_001/20221012_030000.WAV,Telephone Field,recover-20221013,001,1795
856.8915,856.9008,28046,38087,Eptesicus serotinus,0.009,0.024,-1,Echolocation,/mnt/ubna_data_02_mir/recover-20221013/UBNA_001/20221012_030000.WAV,Telephone Field,recover-20221013,001,1795
856.8935,856.9254,68437,80468,Rhinolophus ferrumequinum,0.03,0.03,-1,Echolocation,/mnt/ubna_data_02_mir/recover-20221013/UBNA_001/20221012_030000.WAV,Telephone Field,recover-20221013,001,1795
856.9115,856.945,68437,81262,Rhinolophus ferrumequinum,0.023,0.023,-1,Echolocation,/mnt/ubna_data_02_mir/recover-20221013/UBNA_001/20221012_030000.WAV,Telephone Field,recover-20221013,001,1795
856.9165,856.9219,25468,37982,Plecotus austriacus,0.014,0.036,-1,Echolocation,/mnt/ubna_data_02_mir/recover-20221013/UBNA_001/20221012_030000.WAV,Telephone Field,recover-20221013,001,1795
856.9185,856.954,68437,81898,Rhinolophus ferrumequinum,0.022,0.022,-1,Echolocation,/mnt/ubna_data_02_mir/recover-20221013/UBNA_001/20221012_030000.WAV,Telephone Field,recover-20221013,001,1795
856.9475,856.9609,22890,28033,Nyctalus leisleri,0.02,0.038,-1,Echolocation,/mnt/ubna_data_02_mir/recover-20221013/UBNA_001/20221012_030000.WAV,Telephone Field,recover-20221013,001,1795
856.9575,856.9962,68437,82322,Rhinolophus ferrumequinum,0.023,0.023,-1,Echolocation,/mnt/ubna_data_02_mir/recover-20221013/UBNA_001/20221012_030000.WAV,Telephone Field,recover-20221013,001,1795
856.9665,857.0035,68437,82271,Rhinolophus ferrumequinum,0.022,0.022,-1,Echolocation,/mnt/ubna_data_02_mir/recover-20221013/UBNA_001/20221012_030000.WAV,Telephone Field,recover-20221013,001,1795
856.9675,856.9788,23750,28222,Nyctalus leisleri,0.013,0.023,-1,Echolocation,/mnt/ubna_data_02_mir/recover-20221013/UBNA_001/20221012_030000.WAV,Telephone Field,recover-20221013,001,1795
856.9855,857.0233,68437,82431,Rhinolophus ferrumequinum,0.033,0.033,-1,Echolocation,/mnt/ubna_data_02_mir/recover-20221013/UBNA_001/20221012_030000.WAV,Telephone Field,recover-20221013,001,1795
856.9925,857.0324,68437,83055,Rhinolophus ferrumequinum,0.04,0.04,-1,Echolocation,/mnt/ubna_data_02_mir/recover-20221013/UBNA_001/20221012_030000.WAV,Telephone Field,recover-20221013,001,1795
857.0885,857.1293000000001,68437,83347,Rhinolophus ferrumequinum,0.028,0.028,-1,Echolocation,/mnt/ubna_data_02_mir/recover-20221013/UBNA_001/20221012_030000.WAV,Telephone Field,recover-20221013,001,1795
857.1165,857.1564,68437,82409,Rhinolophus ferrumequinum,0.029,0.029,-1,Echolocation,/mnt/ubna_data_02_mir/recover-20221013/UBNA_001/20221012_030000.WAV,Telephone Field,recover-20221013,001,1795
857.1185,857.1238,40078,53007,Myotis daubentonii,0.02,0.048,-1,Echolocation,/mnt/ubna_data_02_mir/recover-20221013/UBNA_001/20221012_030000.WAV,Telephone Field,recover-20221013,001,1795
857.1845,857.2254,68437,82661,Rhinolophus ferrumequinum,0.031,0.031,-1,Echolocation,/mnt/ubna_data_02_mir/recover-20221013/UBNA_001/20221012_030000.WAV,Telephone Field,recover-20221013,001,1795
857.2015,857.2429,68437,83393,Rhinolophus ferrumequinum,0.032,0.032,-1,Echolocation,/mnt/ubna_data_02_mir/recover-20221013/UBNA_001/20221012_030000.WAV,Telephone Field,recover-20221013,001,1795
857.2115,857.2216,26328,34074,Eptesicus serotinus,0.021,0.052,-1,Echolocation,/mnt/ubna_data_02_mir/recover-20221013/UBNA_001/20221012_030000.WAV,Telephone Field,recover-20221013,001,1795
857.2335,857.2727,68437,82795,Rhinolophus ferrumequinum,0.027,0.027,-1,Echolocation,/mnt/ubna_data_02_mir/recover-20221013/UBNA_001/20221012_030000.WAV,Telephone Field,recover-20221013,001,1795
857.2985,857.3059,25468,38203,Myotis nattereri,0.006,0.026,-1,Echolocation,/mnt/ubna_data_02_mir/recover-20221013/UBNA_001/20221012_030000.WAV,Telephone Field,recover-20221013,001,1795
857.3155,857.3526,68437,82142,Rhinolophus ferrumequinum,0.031,0.031,-1,Echolocation,/mnt/ubna_data_02_mir/recover-20221013/UBNA_001/20221012_030000.WAV,Telephone Field,recover-20221013,001,1795
857.3535,857.3618,27187,40343,Eptesicus serotinus,0.008,0.023,-1,Echolocation,/mnt/ubna_data_02_mir/recover-20221013/UBNA_001/20221012_030000.WAV,Telephone Field,recover-20221013,001,1795
857.3565,857.4021,68437,83222,Rhinolophus ferrumequinum,0.047,0.047,-1,Echolocation,/mnt/ubna_data_02_mir/recover-20221013/UBNA_001/20221012_030000.WAV,Telephone Field,recover-20221013,001,1795
857.3875,857.3982,22031,27007,Nyctalus leisleri,0.013,0.027,-1,Echolocation,/mnt/ubna_data_02_mir/recover-20221013/UBNA_001/20221012_030000.WAV,Telephone Field,recover-20221013,001,1795
857.3875,857.3934,28046,41755,Myotis daubentonii,0.005,0.025,-1,Echolocation,/mnt/ubna_data_02_mir/recover-20221013/UBNA_001/20221012_030000.WAV,Telephone Field,recover-20221013,001,1795
857.4125,857.4464,68437,80179,Rhinolophus ferrumequinum,0.023,0.024,-1,Echolocation,/mnt/ubna_data_02_mir/recover-20221013/UBNA_001/20221012_030000.WAV,Telephone Field,recover-20221013,001,1795
857.4455,857.457,22890,28291,Nyctalus leisleri,0.011,0.024,-1,Echolocation,/mnt/ubna_data_02_mir/recover-20221013/UBNA_001/20221012_030000.WAV,Telephone Field,recover-20221013,001,1795
857.4635,857.4989,68437,80740,Rhinolophus ferrumequinum,0.024,0.025,-1,Echolocation,/mnt/ubna_data_02_mir/recover-20221013/UBNA_001/20221012_030000.WAV,Telephone Field,recover-20221013,001,1795
857.4695,857.5027,68437,80485,Rhinolophus ferrumequinum,0.024,0.024,-1,Echolocation,/mnt/ubna_data_02_mir/recover-20221013/UBNA_001/20221012_030000.WAV,Telephone Field,recover-20221013,001,1795
857.4985,857.5389,68437,82063,Rhinolophus ferrumequinum,0.024,0.024,-1,Echolocation,/mnt/ubna_data_02_mir/recover-20221013/UBNA_001/20221012_030000.WAV,Telephone Field,recover-20221013,001,1795
857.5115,857.5194,25468,34721,Eptesicus serotinus,0.008,0.023,-1,Echolocation,/mnt/ubna_data_02_mir/recover-20221013/UBNA_001/20221012_030000.WAV,Telephone Field,recover-20221013,001,1795
857.5345,857.5409,28046,38644,Eptesicus serotinus,0.006,0.024,-1,Echolocation,/mnt/ubna_data_02_mir/recover-20221013/UBNA_001/20221012_030000.WAV,Telephone Field,recover-20221013,001,1795
857.5415,857.5808,68437,82820,Rhinolophus ferrumequinum,0.033,0.033,-1,Echolocation,/mnt/ubna_data_02_mir/recover-20221013/UBNA_001/20221012_030000.WAV,Telephone Field,recover-20221013,001,1795
857.5415,857.5474,43515,55095,Myotis mystacinus,0.008,0.025,-1,Echolocation,/mnt/ubna_data_02_mir/recover-20221013/UBNA_001/20221012_030000.WAV,Telephone Field,recover-20221013,001,1795
857.5685,857.5753,27187,41692,Eptesicus serotinus,0.007,0.025,-1,Echolocation,/mnt/ubna_data_02_mir/recover-20221013/UBNA_001/20221012_030000.WAV,Telephone Field,recover-20221013,001,1795
857.6055,857.6121,48671,54054,Pipistrellus pipistrellus,0.022,0.024,-1,Echolocation,/mnt/ubna_data_02_mir/recover-20221013/UBNA_001/20221012_030000.WAV,Telephone Field,recover-20221013,001,1795
857.6305,857.6398,34921,41443,Barbastellus barbastellus,0.011,0.033,-1,Echolocation,/mnt/ubna_data_02_mir/recover-20221013/UBNA_001/20221012_030000.WAV,Telephone Field,recover-20221013,001,1795
857.6355,857.6441,24609,32568,Nyctalus leisleri,0.006,0.023,-1,Echolocation,/mnt/ubna_data_02_mir/recover-20221013/UBNA_001/20221012_030000.WAV,Telephone Field,recover-20221013,001,1795
857.6995,857.7072000000001,31484,41496,Myotis daubentonii,0.012,0.031,-1,Echolocation,/mnt/ubna_data_02_mir/recover-20221013/UBNA_001/20221012_030000.WAV,Telephone Field,recover-20221013,001,1795
857.7035,857.7403,68437,81905,Rhinolophus ferrumequinum,0.031,0.031,-1,Echolocation,/mnt/ubna_data_02_mir/recover-20221013/UBNA_001/20221012_030000.WAV,Telephone Field,recover-20221013,001,1795
857.7115,857.7476,68437,82393,Rhinolophus ferrumequinum,0.026,0.026,-1,Echolocation,/mnt/ubna_data_02_mir/recover-20221013/UBNA_001/20221012_030000.WAV,Telephone Field,recover-20221013,001,1795
857.7275,857.7696,68437,82774,Rhinolophus ferrumequinum,0.024,0.024,-1,Echolocation,/mnt/ubna_data_02_mir/recover-20221013/UBNA_001/20221012_030000.WAV,Telephone Field,recover-20221013,001,1795
857.7375,857.7454,28046,42530,Eptesicus serotinus,0.008,0.023,-1,Echolocation,/mnt/ubna_data_02_mir/recover-20221013/UBNA_001/20221012_030000.WAV,Telephone Field,recover-20221013,001,1795
857.7625,857.8011,68437,82473,Rhinolophus ferrumequinum,0.025,0.025,-1,Echolocation,/mnt/ubna_data_02_mir/recover-20221013/UBNA_001/20221012_030000.WAV,Telephone Field,recover-20221013,001,1795
857.7705,857.7797,28906,37412,Eptesicus serotinus,0.008,0.023,-1,Echolocation,/mnt/ubna_data_02_mir/recover-20221013/UBNA_001/20221012_030000.WAV,Telephone Field,recover-20221013,001,1795
857.7725,857.7793,23750,33556,Plecotus austriacus,0.012,0.026,-1,Echolocation,/mnt/ubna_data_02_mir/recover-20221013/UBNA_001/20221012_030000.WAV,Telephone Field,recover-20221013,001,1795
857.7895,857.8294,68437,82742,Rhinolophus ferrumequinum,0.026,0.026,-1,Echolocation,/mnt/ubna_data_02_mir/recover-20221013/UBNA_001/20221012_030000.WAV,Telephone Field,recover-20221013,001,1795
857.8035,857.8165,24609,29449,Nyctalus leisleri,0.014,0.028,-1,Echolocation,/mnt/ubna_data_02_mir/recover-20221013/UBNA_001/20221012_030000.WAV,Telephone Field,recover-20221013,001,1795
857.8215,857.8297,47812,52678,Pipistrellus pipistrellus,0.021,0.023,-1,Echolocation,/mnt/ubna_data_02_mir/recover-20221013/UBNA_001/20221012_030000.WAV,Telephone Field,recover-20221013,001,1795
857.8315,857.8747,68437,83462,Rhinolophus ferrumequinum,0.048,0.048,-1,Echolocation,/mnt/ubna_data_02_mir/recover-20221013/UBNA_001/20221012_030000.WAV,Telephone Field,recover-20221013,001,1795
857.8355,857.8426,28046,39394,Eptesicus serotinus,0.011,0.033,-1,Echolocation,/mnt/ubna_data_02_mir/recover-20221013/UBNA_001/20221012_030000.WAV,Telephone Field,recover-20221013,001,1795
857.8645,857.899,68437,82199,Rhinolophus ferrumequinum,0.036,0.036,-1,Echolocation,/mnt/ubna_data_02_mir/recover-20221013/UBNA_001/20221012_030000.WAV,Telephone Field,recover-20221013,001,1795
857.9495,857.9949,68437,83708,Rhinolophus ferrumequinum,0.043,0.043,-1,Echolocation,/mnt/ubna_data_02_mir/recover-20221013/UBNA_001/20221012_030000.WAV,Telephone Field,recover-20221013,001,1795
857.9865,857.9956,28046,37664,Eptesicus serotinus,0.009,0.022,-1,Echolocation,/mnt/ubna_data_02_mir/recover-20221013/UBNA_001/20221012_030000.WAV,Telephone Field,recover-20221013,001,1795
858.0015,858.0336,68437,79488,Rhinolophus ferrumequinum,0.082,0.082,-1,Echolocation,/mnt/ubna_data_02_mir/recover-20221013/UBNA_001/20221012_030000.WAV,Telephone Field,recover-20221013,001,1795
858.0015,858.0098,28046,42069,Eptesicus serotinus,0.008,0.029,-1,Echolocation,/mnt/ubna_data_02_mir/recover-20221013/UBNA_001/20221012_030000.WAV,Telephone Field,recover-20221013,001,1795
858.0105,858.0488,67578,80569,Rhinolophus ferrumequinum,0.022,0.023,-1,Echolocation,/mnt/ubna_data_02_mir/recover-20221013/UBNA_001/20221012_030000.WAV,Telephone Field,recover-20221013,001,1795
858.0264999999999,858.0462,21171,24266,Nyctalus leisleri,0.021,0.037,-1,Echolocation,/mnt/ubna_data_02_mir/recover-20221013/UBNA_001/20221012_030000.WAV,Telephone Field,recover-20221013,001,1795
858.0325,858.0409,47812,59406,Pipistrellus pipistrellus,0.025,0.031,-1,Echolocation,/mnt/ubna_data_02_mir/recover-20221013/UBNA_001/20221012_030000.WAV,Telephone Field,recover-20221013,001,1795
858.0505,858.0856,68437,81361,Rhinolophus ferrumequinum,0.022,0.022,-1,Echolocation,/mnt/ubna_data_02_mir/recover-20221013/UBNA_001/20221012_030000.WAV,Telephone Field,recover-20221013,001,1795
858.0795,858.1174,68437,81991,Rhinolophus ferrumequinum,0.021,0.021,-1,Echolocation,/mnt/ubna_data_02_mir/recover-20221013/UBNA_001/20221012_030000.WAV,Telephone Field,recover-20221013,001,1795
858.1155,858.1555,68437,82252,Rhinolophus ferrumequinum,0.022,0.022,-1,Echolocation,/mnt/ubna_data_02_mir/recover-20221013/UBNA_001/20221012_030000.WAV,Telephone Field,recover-20221013,001,1795
858.1905,858.2003,28906,36419,Eptesicus serotinus,0.009,0.021,-1,Echolocation,/mnt/ubna_data_02_mir/recover-20221013/UBNA_001/20221012_030000.WAV,Telephone Field,recover-20221013,001,1795
858.1925,858.2311,68437,82123,Rhinolophus ferrumequinum,0.024,0.024,-1,Echolocation,/mnt/ubna_data_02_mir/recover-20221013/UBNA_001/20221012_030000.WAV,Telephone Field,recover-20221013,001,1795
858.2065,858.2179,14296,19262,Nyctalus noctula,0.027,0.043,-1,Echolocation,/mnt/ubna_data_02_mir/recover-20221013/UBNA_001/20221012_030000.WAV,Telephone Field,recover-20221013,001,1795
858.2155,858.2563,68437,82604,Rhinolophus ferrumequinum,0.03,0.03,-1,Echolocation,/mnt/ubna_data_02_mir/recover-20221013/UBNA_001/20221012_030000.WAV,Telephone Field,recover-20221013,001,1795
858.2375,858.2758,68437,82326,Rhinolophus ferrumequinum,0.022,0.022,-1,Echolocation,/mnt/ubna_data_02_mir/recover-20221013/UBNA_001/20221012_030000.WAV,Telephone Field,recover-20221013,001,1795
858.2425,858.2778,68437,81974,Rhinolophus ferrumequinum,0.022,0.022,-1,Echolocation,/mnt/ubna_data_02_mir/recover-20221013/UBNA_001/20221012_030000.WAV,Telephone Field,recover-20221013,001,1795
858.2855,858.3284,68437,83237,Rhinolophus ferrumequinum,0.023,0.023,-1,Echolocation,/mnt/ubna_data_02_mir/recover-20221013/UBNA_001/20221012_030000.WAV,Telephone Field,recover-20221013,001,1795
858.2955,858.3076,22031,26821,Nyctalus leisleri,0.015,0.03,-1,Echolocation,/mnt/ubna_data_02_mir/recover-20221013/UBNA_001/20221012_030000.WAV,Telephone Field,recover-20221013,001,1795
858.3165,858.3529,68437,82019,Rhinolophus ferrumequinum,0.022,0.022,-1,Echolocation,/mnt/ubna_data_02_mir/recover-20221013/UBNA_001/20221012_030000.WAV,Telephone Field,recover-20221013,001,1795
858.3235,858.3621,68437,82476,Rhinolophus ferrumequinum,0.022,0.022,-1,Echolocation,/mnt/ubna_data_02_mir/recover-20221013/UBNA_001/20221012_030000.WAV,Telephone Field,recover-20221013,001,1795
858.3365,858.3777,68437,82392,Rhinolophus ferrumequinum,0.023,0.023,-1,Echolocation,/mnt/ubna_data_02_mir/recover-20221013/UBNA_001/20221012_030000.WAV,Telephone Field,recover-20221013,001,1795
858.3985,858.4053,49531,57920,Pipistrellus pipistrellus,0.022,0.024,-1,Echolocation,/mnt/ubna_data_02_mir/recover-20221013/UBNA_001/20221012_030000.WAV,Telephone Field,recover-20221013,001,1795
858.4014999999999,858.4396,68437,81307,Rhinolophus ferrumequinum,0.022,0.022,-1,Echolocation,/mnt/ubna_data_02_mir/recover-20221013/UBNA_001/20221012_030000.WAV,Telephone Field,recover-20221013,001,1795
858.4335,858.4416,28906,39449,Eptesicus serotinus,0.008,0.022,-1,Echolocation,/mnt/ubna_data_02_mir/recover-20221013/UBNA_001/20221012_030000.WAV,Telephone Field,recover-20221013,001,1795
858.4515,858.4905,68437,81672,Rhinolophus ferrumequinum,0.023,0.023,-1,Echolocation,/mnt/ubna_data_02_mir/recover-20221013/UBNA_001/20221012_030000.WAV,Telephone Field,recover-20221013,001,1795
858.4565,858.4952,68437,81550,Rhinolophus ferrumequinum,0.023,0.023,-1,Echolocation,/mnt/ubna_data_02_mir/recover-20221013/UBNA_001/20221012_030000.WAV,Telephone Field,recover-20221013,001,1795
858.4985,858.5387,68437,81960,Rhinolophus ferrumequinum,0.022,0.022,-1,Echolocation,/mnt/ubna_data_02_mir/recover-20221013/UBNA_001/20221012_030000.WAV,Telephone Field,recover-20221013,001,1795
858.5375,858.5778,68437,82525,Rhinolophus ferrumequinum,0.022,0.022,-1,Echolocation,/mnt/ubna_data_02_mir/recover-20221013/UBNA_001/20221012_030000.WAV,Telephone Field,recover-20221013,001,1795
858.5615,858.6033,68437,82694,Rhinolophus ferrumequinum,0.022,0.022,-1,Echolocation,/mnt/ubna_data_02_mir/recover-20221013/UBNA_001/20221012_030000.WAV,Telephone Field,recover-20221013,001,1795
858.5615,858.5676,51250,62253,Pipistrellus pipistrellus,0.016,0.023,-1,Echolocation,/mnt/ubna_data_02_mir/recover-20221013/UBNA_001/20221012_030000.WAV,Telephone Field,recover-20221013,001,1795
858.5895,858.6084,19453,21951,Nyctalus leisleri,0.017,0.031,-1,Echolocation,/mnt/ubna_data_02_mir/recover-20221013/UBNA_001/20221012_030000.WAV,Telephone Field,recover-20221013,001,1795
858.6075,858.6212,36640,40997,Pipistrellus nathusii,0.029,0.048,-1,Echolocation,/mnt/ubna_data_02_mir/recover-20221013/UBNA_001/20221012_030000.WAV,Telephone Field,recover-20221013,001,1795
858.6295,858.6634,68437,81060,Rhinolophus ferrumequinum,0.021,0.021,-1,Echolocation,/mnt/ubna_data_02_mir/recover-20221013/UBNA_001/20221012_030000.WAV,Telephone Field,recover-20221013,001,1795
858.6435,858.6844,68437,82537,Rhinolophus ferrumequinum,0.028,0.028,-1,Echolocation,/mnt/ubna_data_02_mir/recover-20221013/UBNA_001/20221012_030000.WAV,Telephone Field,recover-20221013,001,1795
858.6735,858.7146,68437,82635,Rhinolophus ferrumequinum,0.023,0.023,-1,Echolocation,/mnt/ubna_data_02_mir/recover-20221013/UBNA_001/20221012_030000.WAV,Telephone Field,recover-20221013,001,1795
858.7085,858.7216,22890,26878,Nyctalus leisleri,0.022,0.039,-1,Echolocation,/mnt/ubna_data_02_mir/recover-20221013/UBNA_001/20221012_030000.WAV,Telephone Field,recover-20221013,001,1795
858.7535,858.7935,68437,82242,Rhinolophus ferrumequinum,0.026,0.026,-1,Echolocation,/mnt/ubna_data_02_mir/recover-20221013/UBNA_001/20221012_030000.WAV,Telephone Field,recover-20221013,001,1795
858.7635,858.7693,28046,42356,Eptesicus serotinus,0.011,0.046,-1,Echolocation,/mnt/ubna_data_02_mir/recover-20221013/UBNA_001/20221012_030000.WAV,Telephone Field,recover-20221013,001,1795
858.7715,858.8114,68437,81642,Rhinolophus ferrumequinum,0.021,0.022,-1,Echolocation,/mnt/ubna_data_02_mir/recover-20221013/UBNA_001/20221012_030000.WAV,Telephone Field,recover-20221013,001,1795
858.7995,858.8075,27187,35120,Eptesicus serotinus,0.009,0.026,-1,Echolocation,/mnt/ubna_data_02_mir/recover-20221013/UBNA_001/20221012_030000.WAV,Telephone Field,recover-20221013,001,1795
858.8475,858.8557,23750,31914,Plecotus austriacus,0.009,0.023,-1,Echolocation,/mnt/ubna_data_02_mir/recover-20221013/UBNA_001/20221012_030000.WAV,Telephone Field,recover-20221013,001,1795
858.8855,858.8932,45234,51802,Pipistrellus pipistrellus,0.02,0.023,-1,Echolocation,/mnt/ubna_data_02_mir/recover-20221013/UBNA_001/20221012_030000.WAV,Telephone Field,recover-20221013,001,1795
858.9075,858.9471,68437,82107,Rhinolophus ferrumequinum,0.022,0.022,-1,Echolocation,/mnt/ubna_data_02_mir/recover-20221013/UBNA_001/20221012_030000.WAV,Telephone Field,recover-20221013,001,1795
858.9305,858.9384,28046,41433,Eptesicus serotinus,0.008,0.024,-1,Echolocation,/mnt/ubna_data_02_mir/recover-20221013/UBNA_001/20221012_030000.WAV,Telephone Field,recover-20221013,001,1795
858.9835,858.9899,28046,41870,Eptesicus serotinus,0.007,0.025,-1,Echolocation,/mnt/ubna_data_02_mir/recover-20221013/UBNA_001/20221012_030000.WAV,Telephone Field,recover-20221013,001,1795
859.0055,859.0133,23750,32168,Plecotus austriacus,0.008,0.022,-1,Echolocation,/mnt/ubna_data_02_mir/recover-20221013/UBNA_001/20221012_030000.WAV,Telephone Field,recover-20221013,001,1795
859.0615,859.0723,42656,46179,Pipistrellus pipistrellus,0.019,0.023,-1,Echolocation,/mnt/ubna_data_02_mir/recover-20221013/UBNA_001/20221012_030000.WAV,Telephone Field,recover-20221013,001,1795
859.0785,859.118,68437,82692,Rhinolophus ferrumequinum,0.023,0.023,-1,Echolocation,/mnt/ubna_data_02_mir/recover-20221013/UBNA_001/20221012_030000.WAV,Telephone Field,recover-20221013,001,1795
859.1015,859.1411,68437,82270,Rhinolophus ferrumequinum,0.022,0.022,-1,Echolocation,/mnt/ubna_data_02_mir/recover-20221013/UBNA_001/20221012_030000.WAV,Telephone Field,recover-20221013,001,1795
859.1375,859.1778,68437,83113,Rhinolophus ferrumequinum,0.043,0.043,-1,Echolocation,/mnt/ubna_data_02_mir/recover-20221013/UBNA_001/20221012_030000.WAV,Telephone Field,recover-20221013,001,1795
859.1485,859.1553,28906,38999,Eptesicus serotinus,0.006,0.024,-1,Echolocation,/mnt/ubna_data_02_mir/recover-20221013/UBNA_001/20221012_030000.WAV,Telephone Field,recover-20221013,001,1795
859.1735,859.212,68437,82029,Rhinolophus ferrumequinum,0.021,0.021,-1,Echolocation,/mnt/ubna_data_02_mir/recover-20221013/UBNA_001/20221012_030000.WAV,Telephone Field,recover-20221013,001,1795
859.1935,859.2002,24609,33977,Plecotus austriacus,0.01,0.024,-1,Echolocation,/mnt/ubna_data_02_mir/recover-20221013/UBNA_001/20221012_030000.WAV,Telephone Field,recover-20221013,001,1795
859.2085,859.2469,68437,81423,Rhinolophus ferrumequinum,0.022,0.022,-1,Echolocation,/mnt/ubna_data_02_mir/recover-20221013/UBNA_001/20221012_030000.WAV,Telephone Field,recover-20221013,001,1795
859.2195,859.2628,68437,83022,Rhinolophus ferrumequinum,0.026,0.026,-1,Echolocation,/mnt/ubna_data_02_mir/recover-20221013/UBNA_001/20221012_030000.WAV,Telephone Field,recover-20221013,001,1795
859.2455,859.2859,68437,83051,Rhinolophus ferrumequinum,0.026,0.026,-1,Echolocation,/mnt/ubna_data_02_mir/recover-20221013/UBNA_001/20221012_030000.WAV,Telephone Field,recover-20221013,001,1795
859.3005,859.3344,68437,79333,Rhinolophus ferrumequinum,0.028,0.028,-1,Echolocation,/mnt/ubna_data_02_mir/recover-20221013/UBNA_001/20221012_030000.WAV,Telephone Field,recover-20221013,001,1795
859.3335,859.3716,68437,81683,Rhinolophus ferrumequinum,0.022,0.022,-1,Echolocation,/mnt/ubna_data_02_mir/recover-20221013/UBNA_001/20221012_030000.WAV,Telephone Field,recover-20221013,001,1795
859.3665,859.3739,28046,38965,Eptesicus serotinus,0.006,0.021,-1,Echolocation,/mnt/ubna_data_02_mir/recover-20221013/UBNA_001/20221012_030000.WAV,Telephone Field,recover-20221013,001,1795
859.3665,859.405,68437,82085,Rhinolophus ferrumequinum,0.022,0.022,-1,Echolocation,/mnt/ubna_data_02_mir/recover-20221013/UBNA_001/20221012_030000.WAV,Telephone Field,recover-20221013,001,1795
859.3905,859.4279,68437,82190,Rhinolophus ferrumequinum,0.022,0.022,-1,Echolocation,/mnt/ubna_data_02_mir/recover-20221013/UBNA_001/20221012_030000.WAV,Telephone Field,recover-20221013,001,1795
859.3925,859.4037,28906,35817,Eptesicus serotinus,0.013,0.027,-1,Echolocation,/mnt/ubna_data_02_mir/recover-20221013/UBNA_001/20221012_030000.WAV,Telephone Field,recover-20221013,001,1795
859.4085,859.419,44375,47763,Pipistrellus pipistrellus,0.03,0.033,-1,Echolocation,/mnt/ubna_data_02_mir/recover-20221013/UBNA_001/20221012_030000.WAV,Telephone Field,recover-20221013,001,1795
859.4375,859.4758,68437,81903,Rhinolophus ferrumequinum,0.022,0.022,-1,Echolocation,/mnt/ubna_data_02_mir/recover-20221013/UBNA_001/20221012_030000.WAV,Telephone Field,recover-20221013,001,1795
859.4565,859.4937,68437,82276,Rhinolophus ferrumequinum,0.022,0.022,-1,Echolocation,/mnt/ubna_data_02_mir/recover-20221013/UBNA_001/20221012_030000.WAV,Telephone Field,recover-20221013,001,1795
859.4715,859.5035,68437,79875,Rhinolophus ferrumequinum,0.03,0.03,-1,Echolocation,/mnt/ubna_data_02_mir/recover-20221013/UBNA_001/20221012_030000.WAV,Telephone Field,recover-20221013,001,1795
859.5055,859.5444,68437,82078,Rhinolophus ferrumequinum,0.024,0.024,-1,Echolocation,/mnt/ubna_data_02_mir/recover-20221013/UBNA_001/20221012_030000.WAV,Telephone Field,recover-20221013,001,1795
859.5355,859.5481,22890,27394,Nyctalus leisleri,0.014,0.025,-1,Echolocation,/mnt/ubna_data_02_mir/recover-20221013/UBNA_001/20221012_030000.WAV,Telephone Field,recover-20221013,001,1795
859.5545,859.5916,68437,81831,Rhinolophus ferrumequinum,0.022,0.022,-1,Echolocation,/mnt/ubna_data_02_mir/recover-20221013/UBNA_001/20221012_030000.WAV,Telephone Field,recover-20221013,001,1795
859.5775,859.6157,68437,81770,Rhinolophus ferrumequinum,0.022,0.022,-1,Echolocation,/mnt/ubna_data_02_mir/recover-20221013/UBNA_001/20221012_030000.WAV,Telephone Field,recover-20221013,001,1795
859.5815,859.587,49531,58442,Pipistrellus pipistrellus,0.023,0.027,-1,Echolocation,/mnt/ubna_data_02_mir/recover-20221013/UBNA_001/20221012_030000.WAV,Telephone Field,recover-20221013,001,1795
859.5855,859.6275,68437,82701,Rhinolophus ferrumequinum,0.022,0.022,-1,Echolocation,/mnt/ubna_data_02_mir/recover-20221013/UBNA_001/20221012_030000.WAV,Telephone Field,recover-20221013,001,1795
859.6105,859.6219,41796,44866,Pipistrellus pipistrellus,0.022,0.029,-1,Echolocation,/mnt/ubna_data_02_mir/recover-20221013/UBNA_001/20221012_030000.WAV,Telephone Field,recover-20221013,001,1795
859.6135,859.6216,25468,38110,Eptesicus serotinus,0.006,0.022,-1,Echolocation,/mnt/ubna_data_02_mir/recover-20221013/UBNA_001/20221012_030000.WAV,Telephone Field,recover-20221013,001,1795
859.6325,859.6442,28906,35115,Eptesicus serotinus,0.017,0.031,-1,Echolocation,/mnt/ubna_data_02_mir/recover-20221013/UBNA_001/20221012_030000.WAV,Telephone Field,recover-20221013,001,1795
859.6345,859.6759,68437,83190,Rhinolophus ferrumequinum,0.044,0.044,-1,Echolocation,/mnt/ubna_data_02_mir/recover-20221013/UBNA_001/20221012_030000.WAV,Telephone Field,recover-20221013,001,1795
859.6575,859.6959,68437,81372,Rhinolophus ferrumequinum,0.022,0.022,-1,Echolocation,/mnt/ubna_data_02_mir/recover-20221013/UBNA_001/20221012_030000.WAV,Telephone Field,recover-20221013,001,1795
859.6655,859.6765,23750,29074,Nyctalus leisleri,0.026,0.058,-1,Echolocation,/mnt/ubna_data_02_mir/recover-20221013/UBNA_001/20221012_030000.WAV,Telephone Field,recover-20221013,001,1795
859.7115,859.7182,47812,56776,Pipistrellus pipistrellus,0.043,0.05,-1,Echolocation,/mnt/ubna_data_02_mir/recover-20221013/UBNA_001/20221012_030000.WAV,Telephone Field,recover-20221013,001,1795
859.7325,859.7671,68437,80686,Rhinolophus ferrumequinum,0.022,0.022,-1,Echolocation,/mnt/ubna_data_02_mir/recover-20221013/UBNA_001/20221012_030000.WAV,Telephone Field,recover-20221013,001,1795
859.7505,859.7881,68437,82836,Rhinolophus ferrumequinum,0.025,0.025,-1,Echolocation,/mnt/ubna_data_02_mir/recover-20221013/UBNA_001/20221012_030000.WAV,Telephone Field,recover-20221013,001,1795
859.7625,859.7708,23750,31417,Plecotus austriacus,0.009,0.024,-1,Echolocation,/mnt/ubna_data_02_mir/recover-20221013/UBNA_001/20221012_030000.WAV,Telephone Field,recover-20221013,001,1795
859.7735,859.8168000000001,68437,83288,Rhinolophus ferrumequinum,0.033,0.033,-1,Echolocation,/mnt/ubna_data_02_mir/recover-20221013/UBNA_001/20221012_030000.WAV,Telephone Field,recover-20221013,001,1795
859.7995,859.8385,68437,81909,Rhinolophus ferrumequinum,0.028,0.028,-1,Echolocation,/mnt/ubna_data_02_mir/recover-20221013/UBNA_001/20221012_030000.WAV,Telephone Field,recover-20221013,001,1795
859.8065,859.8143,28046,40548,Eptesicus serotinus,0.006,0.022,-1,Echolocation,/mnt/ubna_data_02_mir/recover-20221013/UBNA_001/20221012_030000.WAV,Telephone Field,recover-20221013,001,1795
859.8395,859.8769,68437,82097,Rhinolophus ferrumequinum,0.026,0.026,-1,Echolocation,/mnt/ubna_data_02_mir/recover-20221013/UBNA_001/20221012_030000.WAV,Telephone Field,recover-20221013,001,1795
859.8505,859.8868,68437,82192,Rhinolophus ferrumequinum,0.024,0.024,-1,Echolocation,/mnt/ubna_data_02_mir/recover-20221013/UBNA_001/20221012_030000.WAV,Telephone Field,recover-20221013,001,1795
859.8685,859.9062,68437,82134,Rhinolophus ferrumequinum,0.025,0.025,-1,Echolocation,/mnt/ubna_data_02_mir/recover-20221013/UBNA_001/20221012_030000.WAV,Telephone Field,recover-20221013,001,1795
859.8915,859.9333,68437,82750,Rhinolophus ferrumequinum,0.031,0.031,-1,Echolocation,/mnt/ubna_data_02_mir/recover-20221013/UBNA_001/20221012_030000.WAV,Telephone Field,recover-20221013,001,1795
859.9385,859.9798,68437,82475,Rhinolophus ferrumequinum,0.027,0.027,-1,Echolocation,/mnt/ubna_data_02_mir/recover-20221013/UBNA_001/20221012_030000.WAV,Telephone Field,recover-20221013,001,1795
859.9405,859.9488,28906,40392,Eptesicus serotinus,0.009,0.026,-1,Echolocation,/mnt/ubna_data_02_mir/recover-20221013/UBNA_001/20221012_030000.WAV,Telephone Field,recover-20221013,001,1795
859.9835,859.9938,44375,47594,Pipistrellus pipistrellus,0.021,0.025,-1,Echolocation,/mnt/ubna_data_02_mir/recover-20221013/UBNA_001/20221012_030000.WAV,Telephone Field,recover-20221013,001,1795
860.0015,860.0094,25468,38187,Myotis nattereri,0.005,0.025,-1,Echolocation,/mnt/ubna_data_02_mir/recover-20221013/UBNA_001/20221012_030000.WAV,Telephone Field,recover-20221013,001,1795
860.0015,860.0322,69296,81458,Rhinolophus ferrumequinum,0.034,0.034,-1,Echolocation,/mnt/ubna_data_02_mir/recover-20221013/UBNA_001/20221012_030000.WAV,Telephone Field,recover-20221013,001,1795
860.0235,860.0365,26328,31998,Eptesicus serotinus,0.012,0.031,-1,Echolocation,/mnt/ubna_data_02_mir/recover-20221013/UBNA_001/20221012_030000.WAV,Telephone Field,recover-20221013,001,1795
860.0495,860.087,68437,81889,Rhinolophus ferrumequinum,0.021,0.021,-1,Echolocation,/mnt/ubna_data_02_mir/recover-20221013/UBNA_001/20221012_030000.WAV,Telephone Field,recover-20221013,001,1795
860.0935,860.1008,28046,38529,Eptesicus serotinus,0.006,0.022,-1,Echolocation,/mnt/ubna_data_02_mir/recover-20221013/UBNA_001/20221012_030000.WAV,Telephone Field,recover-20221013,001,1795
860.1055,860.1467,68437,82577,Rhinolophus ferrumequinum,0.024,0.024,-1,Echolocation,/mnt/ubna_data_02_mir/recover-20221013/UBNA_001/20221012_030000.WAV,Telephone Field,recover-20221013,001,1795
860.1435,860.182,68437,82219,Rhinolophus ferrumequinum,0.021,0.021,-1,Echolocation,/mnt/ubna_data_02_mir/recover-20221013/UBNA_001/20221012_030000.WAV,Telephone Field,recover-20221013,001,1795
860.1635,860.202,68437,81872,Rhinolophus ferrumequinum,0.021,0.021,-1,Echolocation,/mnt/ubna_data_02_mir/recover-20221013/UBNA_001/20221012_030000.WAV,Telephone Field,recover-20221013,001,1795
860.2025,860.2125,22890,27761,Nyctalus leisleri,0.009,0.021,-1,Echolocation,/mnt/ubna_data_02_mir/recover-20221013/UBNA_001/20221012_030000.WAV,Telephone Field,recover-20221013,001,1795
860.2205,860.2311,22890,28178,Nyctalus leisleri,0.01,0.022,-1,Echolocation,/mnt/ubna_data_02_mir/recover-20221013/UBNA_001/20221012_030000.WAV,Telephone Field,recover-20221013,001,1795
860.2375,860.2753,68437,81763,Rhinolophus ferrumequinum,0.024,0.024,-1,Echolocation,/mnt/ubna_data_02_mir/recover-20221013/UBNA_001/20221012_030000.WAV,Telephone Field,recover-20221013,001,1795
860.2745,860.3152,68437,82933,Rhinolophus ferrumequinum,0.023,0.023,-1,Echolocation,/mnt/ubna_data_02_mir/recover-20221013/UBNA_001/20221012_030000.WAV,Telephone Field,recover-20221013,001,1795
860.2755,860.2825,28046,40064,Eptesicus serotinus,0.007,0.027,-1,Echolocation,/mnt/ubna_data_02_mir/recover-20221013/UBNA_001/20221012_030000.WAV,Telephone Field,recover-20221013,001,1795
860.3295,860.3394,28906,37082,Eptesicus serotinus,0.009,0.021,-1,Echolocation,/mnt/ubna_data_02_mir/recover-20221013/UBNA_001/20221012_030000.WAV,Telephone Field,recover-20221013,001,1795
860.3755,860.4092,68437,81013,Rhinolophus ferrumequinum,0.026,0.026,-1,Echolocation,/mnt/ubna_data_02_mir/recover-20221013/UBNA_001/20221012_030000.WAV,Telephone Field,recover-20221013,001,1795
860.3895,860.4284,68437,82373,Rhinolophus ferrumequinum,0.025,0.025,-1,Echolocation,/mnt/ubna_data_02_mir/recover-20221013/UBNA_001/20221012_030000.WAV,Telephone Field,recover-20221013,001,1795
860.4375,860.4472,24609,32663,Nyctalus leisleri,0.015,0.046,-1,Echolocation,/mnt/ubna_data_02_mir/recover-20221013/UBNA_001/20221012_030000.WAV,Telephone Field,recover-20221013,001,1795
860.4505,860.4914,68437,83092,Rhinolophus ferrumequinum,0.022,0.022,-1,Echolocation,/mnt/ubna_data_02_mir/recover-20221013/UBNA_001/20221012_030000.WAV,Telephone Field,recover-20221013,001,1795
860.4675,860.476,28046,38421,Eptesicus serotinus,0.008,0.021,-1,Echolocation,/mnt/ubna_data_02_mir/recover-20221013/UBNA_001/20221012_030000.WAV,Telephone Field,recover-20221013,001,1795
860.4815,860.5206000000001,68437,82211,Rhinolophus ferrumequinum,0.021,0.021,-1,Echolocation,/mnt/ubna_data_02_mir/recover-20221013/UBNA_001/20221012_030000.WAV,Telephone Field,recover-20221013,001,1795
860.5005,860.5378,68437,82580,Rhinolophus ferrumequinum,0.022,0.022,-1,Echolocation,/mnt/ubna_data_02_mir/recover-20221013/UBNA_001/20221012_030000.WAV,Telephone Field,recover-20221013,001,1795
860.5235,860.5333,28046,39173,Eptesicus serotinus,0.011,0.024,-1,Echolocation,/mnt/ubna_data_02_mir/recover-20221013/UBNA_001/20221012_030000.WAV,Telephone Field,recover-20221013,001,1795
860.5305,860.568,68437,82267,Rhinolophus ferrumequinum,0.022,0.022,-1,Echolocation,/mnt/ubna_data_02_mir/recover-20221013/UBNA_001/20221012_030000.WAV,Telephone Field,recover-20221013,001,1795
860.5405,860.5788,68437,82133,Rhinolophus ferrumequinum,0.021,0.021,-1,Echolocation,/mnt/ubna_data_02_mir/recover-20221013/UBNA_001/20221012_030000.WAV,Telephone Field,recover-20221013,001,1795
860.5565,860.5923,68437,81351,Rhinolophus ferrumequinum,0.021,0.021,-1,Echolocation,/mnt/ubna_data_02_mir/recover-20221013/UBNA_001/20221012_030000.WAV,Telephone Field,recover-20221013,001,1795
860.5805,860.5881,47812,52832,Pipistrellus pipistrellus,0.03,0.032,-1,Echolocation,/mnt/ubna_data_02_mir/recover-20221013/UBNA_001/20221012_030000.WAV,Telephone Field,recover-20221013,001,1795
860.5925,860.6345,68437,82792,Rhinolophus ferrumequinum,0.025,0.025,-1,Echolocation,/mnt/ubna_data_02_mir/recover-20221013/UBNA_001/20221012_030000.WAV,Telephone Field,recover-20221013,001,1795
860.6395,860.6815,68437,82629,Rhinolophus ferrumequinum,0.024,0.024,-1,Echolocation,/mnt/ubna_data_02_mir/recover-20221013/UBNA_001/20221012_030000.WAV,Telephone Field,recover-20221013,001,1795
860.6585,860.6685,28046,35789,Eptesicus serotinus,0.01,0.022,-1,Echolocation,/mnt/ubna_data_02_mir/recover-20221013/UBNA_001/20221012_030000.WAV,Telephone Field,recover-20221013,001,1795
860.7025,860.7427,68437,82190,Rhinolophus ferrumequinum,0.022,0.022,-1,Echolocation,/mnt/ubna_data_02_mir/recover-20221013/UBNA_001/20221012_030000.WAV,Telephone Field,recover-20221013,001,1795
860.7075,860.7153,28906,39039,Eptesicus serotinus,0.009,0.025,-1,Echolocation,/mnt/ubna_data_02_mir/recover-20221013/UBNA_001/20221012_030000.WAV,Telephone Field,recover-20221013,001,1795
860.7095,860.7198,22031,26400,Nyctalus leisleri,0.011,0.021,-1,Echolocation,/mnt/ubna_data_02_mir/recover-20221013/UBNA_001/20221012_030000.WAV,Telephone Field,recover-20221013,001,1795
860.7315,860.7716,68437,82324,Rhinolophus ferrumequinum,0.022,0.022,-1,Echolocation,/mnt/ubna_data_02_mir/recover-20221013/UBNA_001/20221012_030000.WAV,Telephone Field,recover-20221013,001,1795
860.7385,860.7788,68437,82545,Rhinolophus ferrumequinum,0.022,0.022,-1,Echolocation,/mnt/ubna_data_02_mir/recover-20221013/UBNA_001/20221012_030000.WAV,Telephone Field,recover-20221013,001,1795
860.7465,860.7561,28906,36656,Eptesicus serotinus,0.009,0.021,-1,Echolocation,/mnt/ubna_data_02_mir/recover-20221013/UBNA_001/20221012_030000.WAV,Telephone Field,recover-20221013,001,1795
860.7575,860.7964,68437,82104,Rhinolophus ferrumequinum,0.022,0.022,-1,Echolocation,/mnt/ubna_data_02_mir/recover-20221013/UBNA_001/20221012_030000.WAV,Telephone Field,recover-20221013,001,1795
860.8015,860.8422,68437,82632,Rhinolophus ferrumequinum,0.041,0.041,-1,Echolocation,/mnt/ubna_data_02_mir/recover-20221013/UBNA_001/20221012_030000.WAV,Telephone Field,recover-20221013,001,1795
860.8045,860.8158,33203,39351,Eptesicus serotinus,0.009,0.025,-1,Echolocation,/mnt/ubna_data_02_mir/recover-20221013/UBNA_001/20221012_030000.WAV,Telephone Field,recover-20221013,001,1795
860.8065,860.8164,28906,37213,Eptesicus serotinus,0.012,0.027,-1,Echolocation,/mnt/ubna_data_02_mir/recover-20221013/UBNA_001/20221012_030000.WAV,Telephone Field,recover-20221013,001,1795
860.8245,860.8581,68437,80638,Rhinolophus ferrumequinum,0.021,0.021,-1,Echolocation,/mnt/ubna_data_02_mir/recover-20221013/UBNA_001/20221012_030000.WAV,Telephone Field,recover-20221013,001,1795
860.8425,860.8811,68437,82220,Rhinolophus ferrumequinum,0.03,0.03,-1,Echolocation,/mnt/ubna_data_02_mir/recover-20221013/UBNA_001/20221012_030000.WAV,Telephone Field,recover-20221013,001,1795
860.8905,860.9025,23750,29681,Nyctalus leisleri,0.012,0.026,-1,Echolocation,/mnt/ubna_data_02_mir/recover-20221013/UBNA_001/20221012_030000.WAV,Telephone Field,recover-20221013,001,1795
860.9185,860.9568,68437,82319,Rhinolophus ferrumequinum,0.023,0.023,-1,Echolocation,/mnt/ubna_data_02_mir/recover-20221013/UBNA_001/20221012_030000.WAV,Telephone Field,recover-20221013,001,1795
860.9535,860.9967,68437,83428,Rhinolophus ferrumequinum,0.03,0.03,-1,Echolocation,/mnt/ubna_data_02_mir/recover-20221013/UBNA_001/20221012_030000.WAV,Telephone Field,recover-20221013,001,1795
860.9855,861.0262,68437,82682,Rhinolophus ferrumequinum,0.028,0.028,-1,Echolocation,/mnt/ubna_data_02_mir/recover-20221013/UBNA_001/20221012_030000.WAV,Telephone Field,recover-20221013,001,1795
860.9895,861.0012,22890,27991,Nyctalus leisleri,0.012,0.025,-1,Echolocation,/mnt/ubna_data_02_mir/recover-20221013/UBNA_001/20221012_030000.WAV,Telephone Field,recover-20221013,001,1795
861.0065,861.047,68437,82541,Rhinolophus ferrumequinum,0.023,0.023,-1,Echolocation,/mnt/ubna_data_02_mir/recover-20221013/UBNA_001/20221012_030000.WAV,Telephone Field,recover-20221013,001,1795
861.0445,861.0814,68437,81933,Rhinolophus ferrumequinum,0.024,0.024,-1,Echolocation,/mnt/ubna_data_02_mir/recover-20221013/UBNA_001/20221012_030000.WAV,Telephone Field,recover-20221013,001,1795
861.0585,861.0993,68437,82492,Rhinolophus ferrumequinum,0.023,0.023,-1,Echolocation,/mnt/ubna_data_02_mir/recover-20221013/UBNA_001/20221012_030000.WAV,Telephone Field,recover-20221013,001,1795
861.0705,861.1081,68437,81955,Rhinolophus ferrumequinum,0.023,0.023,-1,Echolocation,/mnt/ubna_data_02_mir/recover-20221013/UBNA_001/20221012_030000.WAV,Telephone Field,recover-20221013,001,1795
861.0735,861.0838,28906,37735,Eptesicus serotinus,0.015,0.028,-1,Echolocation,/mnt/ubna_data_02_mir/recover-20221013/UBNA_001/20221012_030000.WAV,Telephone Field,recover-20221013,001,1795
861.1135,861.1251,24609,30641,Nyctalus leisleri,0.013,0.033,-1,Echolocation,/mnt/ubna_data_02_mir/recover-20221013/UBNA_001/20221012_030000.WAV,Telephone Field,recover-20221013,001,1795
861.1205,861.1291,49531,55592,Pipistrellus pipistrellus,0.019,0.022,-1,Echolocation,/mnt/ubna_data_02_mir/recover-20221013/UBNA_001/20221012_030000.WAV,Telephone Field,recover-20221013,001,1795
861.1315,861.1722,68437,82219,Rhinolophus ferrumequinum,0.023,0.023,-1,Echolocation,/mnt/ubna_data_02_mir/recover-20221013/UBNA_001/20221012_030000.WAV,Telephone Field,recover-20221013,001,1795
861.1465,861.1561,22890,28855,Nyctalus leisleri,0.008,0.023,-1,Echolocation,/mnt/ubna_data_02_mir/recover-20221013/UBNA_001/20221012_030000.WAV,Telephone Field,recover-20221013,001,1795
861.1855,861.1973,43515,46281,Pipistrellus pipistrellus,0.037,0.04,-1,Echolocation,/mnt/ubna_data_02_mir/recover-20221013/UBNA_001/20221012_030000.WAV,Telephone Field,recover-20221013,001,1795
861.2005,861.2381,68437,82054,Rhinolophus ferrumequinum,0.022,0.022,-1,Echolocation,/mnt/ubna_data_02_mir/recover-20221013/UBNA_001/20221012_030000.WAV,Telephone Field,recover-20221013,001,1795
861.2165,861.2548,68437,82072,Rhinolophus ferrumequinum,0.023,0.023,-1,Echolocation,/mnt/ubna_data_02_mir/recover-20221013/UBNA_001/20221012_030000.WAV,Telephone Field,recover-20221013,001,1795
861.2245,861.266,68437,82094,Rhinolophus ferrumequinum,0.024,0.024,-1,Echolocation,/mnt/ubna_data_02_mir/recover-20221013/UBNA_001/20221012_030000.WAV,Telephone Field,recover-20221013,001,1795
861.2615,861.3009,68437,82705,Rhinolophus ferrumequinum,0.023,0.023,-1,Echolocation,/mnt/ubna_data_02_mir/recover-20221013/UBNA_001/20221012_030000.WAV,Telephone Field,recover-20221013,001,1795
861.3235,861.3631,68437,82171,Rhinolophus ferrumequinum,0.022,0.022,-1,Echolocation,/mnt/ubna_data_02_mir/recover-20221013/UBNA_001/20221012_030000.WAV,Telephone Field,recover-20221013,001,1795
861.3305,861.3453,21171,24774,Nyctalus leisleri,0.013,0.023,-1,Echolocation,/mnt/ubna_data_02_mir/recover-20221013/UBNA_001/20221012_030000.WAV,Telephone Field,recover-20221013,001,1795
861.3435,861.383,68437,82199,Rhinolophus ferrumequinum,0.024,0.024,-1,Echolocation,/mnt/ubna_data_02_mir/recover-20221013/UBNA_001/20221012_030000.WAV,Telephone Field,recover-20221013,001,1795
861.3835,861.4259,68437,83000,Rhinolophus ferrumequinum,0.021,0.021,-1,Echolocation,/mnt/ubna_data_02_mir/recover-20221013/UBNA_001/20221012_030000.WAV,Telephone Field,recover-20221013,001,1795
861.3935,861.4026,28906,38586,Eptesicus serotinus,0.009,0.024,-1,Echolocation,/mnt/ubna_data_02_mir/recover-20221013/UBNA_001/20221012_030000.WAV,Telephone Field,recover-20221013,001,1795
861.4085,861.4465,68437,82067,Rhinolophus ferrumequinum,0.027,0.027,-1,Echolocation,/mnt/ubna_data_02_mir/recover-20221013/UBNA_001/20221012_030000.WAV,Telephone Field,recover-20221013,001,1795
861.4145,861.4241,28906,37176,Eptesicus serotinus,0.009,0.022,-1,Echolocation,/mnt/ubna_data_02_mir/recover-20221013/UBNA_001/20221012_030000.WAV,Telephone Field,recover-20221013,001,1795
861.4445,861.4868,68437,82541,Rhinolophus ferrumequinum,0.028,0.028,-1,Echolocation,/mnt/ubna_data_02_mir/recover-20221013/UBNA_001/20221012_030000.WAV,Telephone Field,recover-20221013,001,1795
861.4525,861.4672,22890,27682,Nyctalus leisleri,0.069,0.139,-1,Echolocation,/mnt/ubna_data_02_mir/recover-20221013/UBNA_001/20221012_030000.WAV,Telephone Field,recover-20221013,001,1795
861.4905,861.4989,28046,37946,Eptesicus serotinus,0.008,0.022,-1,Echolocation,/mnt/ubna_data_02_mir/recover-20221013/UBNA_001/20221012_030000.WAV,Telephone Field,recover-20221013,001,1795
861.4955,861.5344,68437,82020,Rhinolophus ferrumequinum,0.024,0.024,-1,Echolocation,/mnt/ubna_data_02_mir/recover-20221013/UBNA_001/20221012_030000.WAV,Telephone Field,recover-20221013,001,1795
861.5345,861.5429,28046,39146,Eptesicus serotinus,0.008,0.021,-1,Echolocation,/mnt/ubna_data_02_mir/recover-20221013/UBNA_001/20221012_030000.WAV,Telephone Field,recover-20221013,001,1795
861.5555,861.595,68437,82159,Rhinolophus ferrumequinum,0.022,0.022,-1,Echolocation,/mnt/ubna_data_02_mir/recover-20221013/UBNA_001/20221012_030000.WAV,Telephone Field,recover-20221013,001,1795
861.5745,861.5829,24609,36548,Eptesicus serotinus,0.007,0.026,-1,Echolocation,/mnt/ubna_data_02_mir/recover-20221013/UBNA_001/20221012_030000.WAV,Telephone Field,recover-20221013,001,1795
861.5865,861.5962,27187,35491,Eptesicus serotinus,0.009,0.022,-1,Echolocation,/mnt/ubna_data_02_mir/recover-20221013/UBNA_001/20221012_030000.WAV,Telephone Field,recover-20221013,001,1795
861.6395,861.6794,68437,82880,Rhinolophus ferrumequinum,0.023,0.023,-1,Echolocation,/mnt/ubna_data_02_mir/recover-20221013/UBNA_001/20221012_030000.WAV,Telephone Field,recover-20221013,001,1795
861.6505,861.662,40937,45202,Pipistrellus nathusii,0.014,0.032,-1,Echolocation,/mnt/ubna_data_02_mir/recover-20221013/UBNA_001/20221012_030000.WAV,Telephone Field,recover-20221013,001,1795
861.6525,861.6891,68437,80908,Rhinolophus ferrumequinum,0.024,0.025,-1,Echolocation,/mnt/ubna_data_02_mir/recover-20221013/UBNA_001/20221012_030000.WAV,Telephone Field,recover-20221013,001,1795
861.6745,861.7139999999999,68437,81581,Rhinolophus ferrumequinum,0.021,0.021,-1,Echolocation,/mnt/ubna_data_02_mir/recover-20221013/UBNA_001/20221012_030000.WAV,Telephone Field,recover-20221013,001,1795
861.6825,861.693,22890,27654,Nyctalus leisleri,0.012,0.024,-1,Echolocation,/mnt/ubna_data_02_mir/recover-20221013/UBNA_001/20221012_030000.WAV,Telephone Field,recover-20221013,001,1795
861.6945,861.7358,68437,82388,Rhinolophus ferrumequinum,0.03,0.03,-1,Echolocation,/mnt/ubna_data_02_mir/recover-20221013/UBNA_001/20221012_030000.WAV,Telephone Field,recover-20221013,001,1795
861.7575,861.7663,45234,53730,Pipistrellus pipistrellus,0.017,0.023,-1,Echolocation,/mnt/ubna_data_02_mir/recover-20221013/UBNA_001/20221012_030000.WAV,Telephone Field,recover-20221013,001,1795
861.7715,861.7827,28906,35107,Eptesicus serotinus,0.015,0.029,-1,Echolocation,/mnt/ubna_data_02_mir/recover-20221013/UBNA_001/20221012_030000.WAV,Telephone Field,recover-20221013,001,1795
861.7865,861.8267,68437,82509,Rhinolophus ferrumequinum,0.023,0.023,-1,Echolocation,/mnt/ubna_data_02_mir/recover-20221013/UBNA_001/20221012_030000.WAV,Telephone Field,recover-20221013,001,1795
861.8415,861.8794,68437,82574,Rhinolophus ferrumequinum,0.024,0.024,-1,Echolocation,/mnt/ubna_data_02_mir/recover-20221013/UBNA_001/20221012_030000.WAV,Telephone Field,recover-20221013,001,1795
861.8665,861.9068,68437,82372,Rhinolophus ferrumequinum,0.023,0.023,-1,Echolocation,/mnt/ubna_data_02_mir/recover-20221013/UBNA_001/20221012_030000.WAV,Telephone Field,recover-20221013,001,1795
861.8835,861.9254,68437,82819,Rhinolophus ferrumequinum,0.027,0.027,-1,Echolocation,/mnt/ubna_data_02_mir/recover-20221013/UBNA_001/20221012_030000.WAV,Telephone Field,recover-20221013,001,1795
861.8845,861.8929,28046,39339,Eptesicus serotinus,0.008,0.021,-1,Echolocation,/mnt/ubna_data_02_mir/recover-20221013/UBNA_001/20221012_030000.WAV,Telephone Field,recover-20221013,001,1795
861.9065,861.92,45234,48006,Pipistrellus pipistrellus,0.043,0.048,-1,Echolocation,/mnt/ubna_data_02_mir/recover-20221013/UBNA_001/20221012_030000.WAV,Telephone Field,recover-20221013,001,1795
861.9335,861.9729,68437,82000,Rhinolophus ferrumequinum,0.023,0.023,-1,Echolocation,/mnt/ubna_data_02_mir/recover-20221013/UBNA_001/20221012_030000.WAV,Telephone Field,recover-20221013,001,1795
861.9745,861.9832,46953,52615,Pipistrellus pipistrellus,0.022,0.023,-1,Echolocation,/mnt/ubna_data_02_mir/recover-20221013/UBNA_001/20221012_030000.WAV,Telephone Field,recover-20221013,001,1795
861.9875,861.9966,27187,36812,Eptesicus serotinus,0.009,0.022,-1,Echolocation,/mnt/ubna_data_02_mir/recover-20221013/UBNA_001/20221012_030000.WAV,Telephone Field,recover-20221013,001,1795
862.0015,862.0328,68437,80191,Rhinolophus ferrumequinum,0.038,0.038,-1,Echolocation,/mnt/ubna_data_02_mir/recover-20221013/UBNA_001/20221012_030000.WAV,Telephone Field,recover-20221013,001,1795
862.0015,862.0105,22031,27525,Nyctalus leisleri,0.01,0.023,-1,Echolocation,/mnt/ubna_data_02_mir/recover-20221013/UBNA_001/20221012_030000.WAV,Telephone Field,recover-20221013,001,1795
862.0395,862.0792,68437,82449,Rhinolophus ferrumequinum,0.023,0.023,-1,Echolocation,/mnt/ubna_data_02_mir/recover-20221013/UBNA_001/20221012_030000.WAV,Telephone Field,recover-20221013,001,1795
862.0425,862.051,25468,34564,Eptesicus serotinus,0.007,0.025,-1,Echolocation,/mnt/ubna_data_02_mir/recover-20221013/UBNA_001/20221012_030000.WAV,Telephone Field,recover-20221013,001,1795
862.0475,862.0835,68437,81562,Rhinolophus ferrumequinum,0.022,0.022,-1,Echolocation,/mnt/ubna_data_02_mir/recover-20221013/UBNA_001/20221012_030000.WAV,Telephone Field,recover-20221013,001,1795
862.0705,862.0813,23750,28669,Nyctalus leisleri,0.011,0.022,-1,Echolocation,/mnt/ubna_data_02_mir/recover-20221013/UBNA_001/20221012_030000.WAV,Telephone Field,recover-20221013,001,1795
862.1065,862.1461,68437,82080,Rhinolophus ferrumequinum,0.023,0.023,-1,Echolocation,/mnt/ubna_data_02_mir/recover-20221013/UBNA_001/20221012_030000.WAV,Telephone Field,recover-20221013,001,1795
862.1305,862.1697,68437,82570,Rhinolophus ferrumequinum,0.026,0.026,-1,Echolocation,/mnt/ubna_data_02_mir/recover-20221013/UBNA_001/20221012_030000.WAV,Telephone Field,recover-20221013,001,1795
862.1425,862.1554,27187,32963,Eptesicus serotinus,0.012,0.024,-1,Echolocation,/mnt/ubna_data_02_mir/recover-20221013/UBNA_001/20221012_030000.WAV,Telephone Field,recover-20221013,001,1795
862.1555,862.1668999999999,22031,26505,Nyctalus leisleri,0.012,0.022,-1,Echolocation,/mnt/ubna_data_02_mir/recover-20221013/UBNA_001/20221012_030000.WAV,Telephone Field,recover-20221013,001,1795
862.1805,862.1916,24609,30909,Nyctalus leisleri,0.01,0.025,-1,Echolocation,/mnt/ubna_data_02_mir/recover-20221013/UBNA_001/20221012_030000.WAV,Telephone Field,recover-20221013,001,1795
862.1995,862.2102,28046,36206,Eptesicus serotinus,0.013,0.029,-1,Echolocation,/mnt/ubna_data_02_mir/recover-20221013/UBNA_001/20221012_030000.WAV,Telephone Field,recover-20221013,001,1795
862.2195,862.2621,68437,82843,Rhinolophus ferrumequinum,0.023,0.023,-1,Echolocation,/mnt/ubna_data_02_mir/recover-20221013/UBNA_001/20221012_030000.WAV,Telephone Field,recover-20221013,001,1795
862.2445,862.2527,28906,38861,Eptesicus serotinus,0.009,0.026,-1,Echolocation,/mnt/ubna_data_02_mir/recover-20221013/UBNA_001/20221012_030000.WAV,Telephone Field,recover-20221013,001,1795
862.3265,862.3679,68437,82487,Rhinolophus ferrumequinum,0.027,0.027,-1,Echolocation,/mnt/ubna_data_02_mir/recover-20221013/UBNA_001/20221012_030000.WAV,Telephone Field,recover-20221013,001,1795
862.3345,862.3458,22890,27783,Nyctalus leisleri,0.012,0.023,-1,Echolocation,/mnt/ubna_data_02_mir/recover-20221013/UBNA_001/20221012_030000.WAV,Telephone Field,recover-20221013,001,1795
862.3495,862.3579,28046,39570,Eptesicus serotinus,0.009,0.026,-1,Echolocation,/mnt/ubna_data_02_mir/recover-20221013/UBNA_001/20221012_030000.WAV,Telephone Field,recover-20221013,001,1795
862.3685,862.3756,28046,39804,Eptesicus serotinus,0.007,0.027,-1,Echolocation,/mnt/ubna_data_02_mir/recover-20221013/UBNA_001/20221012_030000.WAV,Telephone Field,recover-20221013,001,1795
862.4014999999999,862.4173,20312,24565,Nyctalus leisleri,0.012,0.029,-1,Echolocation,/mnt/ubna_data_02_mir/recover-20221013/UBNA_001/20221012_030000.WAV,Telephone Field,recover-20221013,001,1795
862.4135,862.4576,68437,83270,Rhinolophus ferrumequinum,0.03,0.03,-1,Echolocation,/mnt/ubna_data_02_mir/recover-20221013/UBNA_001/20221012_030000.WAV,Telephone Field,recover-20221013,001,1795
862.4805,862.5196,68437,82314,Rhinolophus ferrumequinum,0.023,0.023,-1,Echolocation,/mnt/ubna_data_02_mir/recover-20221013/UBNA_001/20221012_030000.WAV,Telephone Field,recover-20221013,001,1795
862.5005,862.5094,44375,49264,Pipistrellus pipistrellus,0.022,0.028,-1,Echolocation,/mnt/ubna_data_02_mir/recover-20221013/UBNA_001/20221012_030000.WAV,Telephone Field,recover-20221013,001,1795
862.5055,862.5176,22890,28225,Nyctalus leisleri,0.01,0.022,-1,Echolocation,/mnt/ubna_data_02_mir/recover-20221013/UBNA_001/20221012_030000.WAV,Telephone Field,recover-20221013,001,1795
862.5245,862.5604,68437,81190,Rhinolophus ferrumequinum,0.024,0.024,-1,Echolocation,/mnt/ubna_data_02_mir/recover-20221013/UBNA_001/20221012_030000.WAV,Telephone Field,recover-20221013,001,1795
862.5385,862.5504,28046,34484,Eptesicus serotinus,0.015,0.03,-1,Echolocation,/mnt/ubna_data_02_mir/recover-20221013/UBNA_001/20221012_030000.WAV,Telephone Field,recover-20221013,001,1795
862.5475,862.5866,68437,82006,Rhinolophus ferrumequinum,0.025,0.025,-1,Echolocation,/mnt/ubna_data_02_mir/recover-20221013/UBNA_001/20221012_030000.WAV,Telephone Field,recover-20221013,001,1795
862.5635,862.6031,68437,82679,Rhinolophus ferrumequinum,0.025,0.025,-1,Echolocation,/mnt/ubna_data_02_mir/recover-20221013/UBNA_001/20221012_030000.WAV,Telephone Field,recover-20221013,001,1795
862.6005,862.6108,27187,34565,Eptesicus serotinus,0.009,0.022,-1,Echolocation,/mnt/ubna_data_02_mir/recover-20221013/UBNA_001/20221012_030000.WAV,Telephone Field,recover-20221013,001,1795
862.6495,862.6572,26328,35934,Eptesicus serotinus,0.009,0.025,-1,Echolocation,/mnt/ubna_data_02_mir/recover-20221013/UBNA_001/20221012_030000.WAV,Telephone Field,recover-20221013,001,1795
862.6495,862.6895,68437,82153,Rhinolophus ferrumequinum,0.024,0.024,-1,Echolocation,/mnt/ubna_data_02_mir/recover-20221013/UBNA_001/20221012_030000.WAV,Telephone Field,recover-20221013,001,1795
862.6555,862.6933,68437,82161,Rhinolophus ferrumequinum,0.024,0.024,-1,Echolocation,/mnt/ubna_data_02_mir/recover-20221013/UBNA_001/20221012_030000.WAV,Telephone Field,recover-20221013,001,1795
862.6605,862.6732,22890,27451,Nyctalus leisleri,0.014,0.027,-1,Echolocation,/mnt/ubna_data_02_mir/recover-20221013/UBNA_001/20221012_030000.WAV,Telephone Field,recover-20221013,001,1795
862.6755,862.6827,26328,39840,Eptesicus serotinus,0.006,0.023,-1,Echolocation,/mnt/ubna_data_02_mir/recover-20221013/UBNA_001/20221012_030000.WAV,Telephone Field,recover-20221013,001,1795
862.6935,862.7325,68437,82877,Rhinolophus ferrumequinum,0.024,0.024,-1,Echolocation,/mnt/ubna_data_02_mir/recover-20221013/UBNA_001/20221012_030000.WAV,Telephone Field,recover-20221013,001,1795
862.7035,862.7444,68437,82217,Rhinolophus ferrumequinum,0.022,0.022,-1,Echolocation,/mnt/ubna_data_02_mir/recover-20221013/UBNA_001/20221012_030000.WAV,Telephone Field,recover-20221013,001,1795
862.7115,862.751,68437,82847,Rhinolophus ferrumequinum,0.023,0.023,-1,Echolocation,/mnt/ubna_data_02_mir/recover-20221013/UBNA_001/20221012_030000.WAV,Telephone Field,recover-20221013,001,1795
862.7215,862.7629,68437,83102,Rhinolophus ferrumequinum,0.028,0.028,-1,Echolocation,/mnt/ubna_data_02_mir/recover-20221013/UBNA_001/20221012_030000.WAV,Telephone Field,recover-20221013,001,1795
862.7535,862.7906,68437,82639,Rhinolophus ferrumequinum,0.024,0.024,-1,Echolocation,/mnt/ubna_data_02_mir/recover-20221013/UBNA_001/20221012_030000.WAV,Telephone Field,recover-20221013,001,1795
862.7675,862.8084,68437,81740,Rhinolophus ferrumequinum,0.022,0.022,-1,Echolocation,/mnt/ubna_data_02_mir/recover-20221013/UBNA_001/20221012_030000.WAV,Telephone Field,recover-20221013,001,1795
862.8445,862.8829,68437,82441,Rhinolophus ferrumequinum,0.022,0.023,-1,Echolocation,/mnt/ubna_data_02_mir/recover-20221013/UBNA_001/20221012_030000.WAV,Telephone Field,recover-20221013,001,1795
862.8635,862.8719,22890,30065,Plecotus austriacus,0.009,0.022,-1,Echolocation,/mnt/ubna_data_02_mir/recover-20221013/UBNA_001/20221012_030000.WAV,Telephone Field,recover-20221013,001,1795
862.9225,862.9645,68437,82613,Rhinolophus ferrumequinum,0.037,0.037,-1,Echolocation,/mnt/ubna_data_02_mir/recover-20221013/UBNA_001/20221012_030000.WAV,Telephone Field,recover-20221013,001,1795
862.9445,862.9551,22031,27602,Nyctalus leisleri,0.013,0.028,-1,Echolocation,/mnt/ubna_data_02_mir/recover-20221013/UBNA_001/20221012_030000.WAV,Telephone Field,recover-20221013,001,1795
862.9645,863.0036,68437,82115,Rhinolophus ferrumequinum,0.031,0.031,-1,Echolocation,/mnt/ubna_data_02_mir/recover-20221013/UBNA_001/20221012_030000.WAV,Telephone Field,recover-20221013,001,1795
862.9835,863.0207,68437,81847,Rhinolophus ferrumequinum,0.023,0.023,-1,Echolocation,/mnt/ubna_data_02_mir/recover-20221013/UBNA_001/20221012_030000.WAV,Telephone Field,recover-20221013,001,1795
862.9925,863.0344,68437,82790,Rhinolophus ferrumequinum,0.029,0.029,-1,Echolocation,/mnt/ubna_data_02_mir/recover-20221013/UBNA_001/20221012_030000.WAV,Telephone Field,recover-20221013,001,1795
863.0145,863.0234,25468,33524,Eptesicus serotinus,0.008,0.028,-1,Echolocation,/mnt/ubna_data_02_mir/recover-20221013/UBNA_001/20221012_030000.WAV,Telephone Field,recover-20221013,001,1795
863.0215,863.0301,44375,48458,Pipistrellus pipistrellus,0.029,0.03,-1,Echolocation,/mnt/ubna_data_02_mir/recover-20221013/UBNA_001/20221012_030000.WAV,Telephone Field,recover-20221013,001,1795
863.0425,863.0808,68437,82560,Rhinolophus ferrumequinum,0.035,0.035,-1,Echolocation,/mnt/ubna_data_02_mir/recover-20221013/UBNA_001/20221012_030000.WAV,Telephone Field,recover-20221013,001,1795
863.0535,863.0916,68437,81887,Rhinolophus ferrumequinum,0.024,0.024,-1,Echolocation,/mnt/ubna_data_02_mir/recover-20221013/UBNA_001/20221012_030000.WAV,Telephone Field,recover-20221013,001,1795
863.0815,863.1217,68437,81953,Rhinolophus ferrumequinum,0.023,0.023,-1,Echolocation,/mnt/ubna_data_02_mir/recover-20221013/UBNA_001/20221012_030000.WAV,Telephone Field,recover-20221013,001,1795
863.0875,863.0957,28046,37389,Eptesicus serotinus,0.007,0.022,-1,Echolocation,/mnt/ubna_data_02_mir/recover-20221013/UBNA_001/20221012_030000.WAV,Telephone Field,recover-20221013,001,1795
863.1075,863.1485,68437,82601,Rhinolophus ferrumequinum,0.037,0.037,-1,Echolocation,/mnt/ubna_data_02_mir/recover-20221013/UBNA_001/20221012_030000.WAV,Telephone Field,recover-20221013,001,1795
863.1385,863.1787,68437,82308,Rhinolophus ferrumequinum,0.031,0.031,-1,Echolocation,/mnt/ubna_data_02_mir/recover-20221013/UBNA_001/20221012_030000.WAV,Telephone Field,recover-20221013,001,1795
863.1755,863.1831,26328,37311,Eptesicus serotinus,0.007,0.023,-1,Echolocation,/mnt/ubna_data_02_mir/recover-20221013/UBNA_001/20221012_030000.WAV,Telephone Field,recover-20221013,001,1795
863.1905,863.2282,68437,81387,Rhinolophus ferrumequinum,0.024,0.024,-1,Echolocation,/mnt/ubna_data_02_mir/recover-20221013/UBNA_001/20221012_030000.WAV,Telephone Field,recover-20221013,001,1795
863.2035,863.2102,27187,37691,Eptesicus serotinus,0.006,0.024,-1,Echolocation,/mnt/ubna_data_02_mir/recover-20221013/UBNA_001/20221012_030000.WAV,Telephone Field,recover-20221013,001,1795
863.2075,863.2468,68437,82585,Rhinolophus ferrumequinum,0.023,0.023,-1,Echolocation,/mnt/ubna_data_02_mir/recover-20221013/UBNA_001/20221012_030000.WAV,Telephone Field,recover-20221013,001,1795
863.2295,863.2382,14296,21438,Plecotus auritus,0.009,0.023,-1,Echolocation,/mnt/ubna_data_02_mir/recover-20221013/UBNA_001/20221012_030000.WAV,Telephone Field,recover-20221013,001,1795
863.2295,863.2682,68437,82475,Rhinolophus ferrumequinum,0.022,0.022,-1,Echolocation,/mnt/ubna_data_02_mir/recover-20221013/UBNA_001/20221012_030000.WAV,Telephone Field,recover-20221013,001,1795
863.2715,863.3143,68437,83102,Rhinolophus ferrumequinum,0.051,0.051,-1,Echolocation,/mnt/ubna_data_02_mir/recover-20221013/UBNA_001/20221012_030000.WAV,Telephone Field,recover-20221013,001,1795
863.3225,863.3629,68437,82976,Rhinolophus ferrumequinum,0.026,0.026,-1,Echolocation,/mnt/ubna_data_02_mir/recover-20221013/UBNA_001/20221012_030000.WAV,Telephone Field,recover-20221013,001,1795
863.3395,863.3548,22031,25672,Nyctalus leisleri,0.014,0.023,-1,Echolocation,/mnt/ubna_data_02_mir/recover-20221013/UBNA_001/20221012_030000.WAV,Telephone Field,recover-20221013,001,1795
863.3405,863.3813,68437,82490,Rhinolophus ferrumequinum,0.026,0.026,-1,Echolocation,/mnt/ubna_data_02_mir/recover-20221013/UBNA_001/20221012_030000.WAV,Telephone Field,recover-20221013,001,1795
863.3495,863.3703,19453,22530,Nyctalus leisleri,0.012,0.025,-1,Echolocation,/mnt/ubna_data_02_mir/recover-20221013/UBNA_001/20221012_030000.WAV,Telephone Field,recover-20221013,001,1795
863.3655,863.4027,68437,81617,Rhinolophus ferrumequinum,0.029,0.029,-1,Echolocation,/mnt/ubna_data_02_mir/recover-20221013/UBNA_001/20221012_030000.WAV,Telephone Field,recover-20221013,001,1795
863.3805,863.4219,68437,82365,Rhinolophus ferrumequinum,0.024,0.024,-1,Echolocation,/mnt/ubna_data_02_mir/recover-20221013/UBNA_001/20221012_030000.WAV,Telephone Field,recover-20221013,001,1795
863.3895,863.4309,68437,82509,Rhinolophus ferrumequinum,0.023,0.023,-1,Echolocation,/mnt/ubna_data_02_mir/recover-20221013/UBNA_001/20221012_030000.WAV,Telephone Field,recover-20221013,001,1795
863.3995,863.4375,68437,82125,Rhinolophus ferrumequinum,0.023,0.023,-1,Echolocation,/mnt/ubna_data_02_mir/recover-20221013/UBNA_001/20221012_030000.WAV,Telephone Field,recover-20221013,001,1795
863.4065,863.4464,68437,82079,Rhinolophus ferrumequinum,0.023,0.023,-1,Echolocation,/mnt/ubna_data_02_mir/recover-20221013/UBNA_001/20221012_030000.WAV,Telephone Field,recover-20221013,001,1795
863.4425,863.4512,28046,37059,Eptesicus serotinus,0.008,0.022,-1,Echolocation,/mnt/ubna_data_02_mir/recover-20221013/UBNA_001/20221012_030000.WAV,Telephone Field,recover-20221013,001,1795
863.5845,863.6237,68437,82347,Rhinolophus ferrumequinum,0.023,0.023,-1,Echolocation,/mnt/ubna_data_02_mir/recover-20221013/UBNA_001/20221012_030000.WAV,Telephone Field,recover-20221013,001,1795
863.6165,863.6536,68437,82340,Rhinolophus ferrumequinum,0.035,0.035,-1,Echolocation,/mnt/ubna_data_02_mir/recover-20221013/UBNA_001/20221012_030000.WAV,Telephone Field,recover-20221013,001,1795
863.6265,863.6677999999999,68437,82626,Rhinolophus ferrumequinum,0.034,0.034,-1,Echolocation,/mnt/ubna_data_02_mir/recover-20221013/UBNA_001/20221012_030000.WAV,Telephone Field,recover-20221013,001,1795
863.6875,863.6951,28046,39118,Eptesicus serotinus,0.006,0.023,-1,Echolocation,/mnt/ubna_data_02_mir/recover-20221013/UBNA_001/20221012_030000.WAV,Telephone Field,recover-20221013,001,1795
863.6985,863.7392,68437,82618,Rhinolophus ferrumequinum,0.025,0.025,-1,Echolocation,/mnt/ubna_data_02_mir/recover-20221013/UBNA_001/20221012_030000.WAV,Telephone Field,recover-20221013,001,1795
863.7065,863.7481,68437,82824,Rhinolophus ferrumequinum,0.024,0.024,-1,Echolocation,/mnt/ubna_data_02_mir/recover-20221013/UBNA_001/20221012_030000.WAV,Telephone Field,recover-20221013,001,1795
863.7185,863.7308,22890,26751,Nyctalus leisleri,0.015,0.024,-1,Echolocation,/mnt/ubna_data_02_mir/recover-20221013/UBNA_001/20221012_030000.WAV,Telephone Field,recover-20221013,001,1795
863.7375,863.7806,68437,83148,Rhinolophus ferrumequinum,0.048,0.048,-1,Echolocation,/mnt/ubna_data_02_mir/recover-20221013/UBNA_001/20221012_030000.WAV,Telephone Field,recover-20221013,001,1795
863.7595,863.7687,22890,30018,Plecotus austriacus,0.007,0.023,-1,Echolocation,/mnt/ubna_data_02_mir/recover-20221013/UBNA_001/20221012_030000.WAV,Telephone Field,recover-20221013,001,1795
863.7685,863.7787,23750,30174,Nyctalus leisleri,0.01,0.024,-1,Echolocation,/mnt/ubna_data_02_mir/recover-20221013/UBNA_001/20221012_030000.WAV,Telephone Field,recover-20221013,001,1795
863.8015,863.8351,68437,81037,Rhinolophus ferrumequinum,0.022,0.022,-1,Echolocation,/mnt/ubna_data_02_mir/recover-20221013/UBNA_001/20221012_030000.WAV,Telephone Field,recover-20221013,001,1795
863.8135,863.8512,68437,81269,Rhinolophus ferrumequinum,0.022,0.022,-1,Echolocation,/mnt/ubna_data_02_mir/recover-20221013/UBNA_001/20221012_030000.WAV,Telephone Field,recover-20221013,001,1795
863.8305,863.8702,68437,82657,Rhinolophus ferrumequinum,0.029,0.029,-1,Echolocation,/mnt/ubna_data_02_mir/recover-20221013/UBNA_001/20221012_030000.WAV,Telephone Field,recover-20221013,001,1795
863.8575,863.8958,68437,81451,Rhinolophus ferrumequinum,0.022,0.022,-1,Echolocation,/mnt/ubna_data_02_mir/recover-20221013/UBNA_001/20221012_030000.WAV,Telephone Field,recover-20221013,001,1795
863.9005,863.9384,68437,81733,Rhinolophus ferrumequinum,0.022,0.022,-1,Echolocation,/mnt/ubna_data_02_mir/recover-20221013/UBNA_001/20221012_030000.WAV,Telephone Field,recover-20221013,001,1795
863.9085,863.9477,68437,82456,Rhinolophus ferrumequinum,0.024,0.024,-1,Echolocation,/mnt/ubna_data_02_mir/recover-20221013/UBNA_001/20221012_030000.WAV,Telephone Field,recover-20221013,001,1795
863.9225,863.94,21171,24262,Nyctalus leisleri,0.014,0.022,-1,Echolocation,/mnt/ubna_data_02_mir/recover-20221013/UBNA_001/20221012_030000.WAV,Telephone Field,recover-20221013,001,1795
863.9675,863.9795,22890,27937,Nyctalus leisleri,0.014,0.028,-1,Echolocation,/mnt/ubna_data_02_mir/recover-20221013/UBNA_001/20221012_030000.WAV,Telephone Field,recover-20221013,001,1795
863.9835,863.992,28046,37503,Eptesicus serotinus,0.008,0.025,-1,Echolocation,/mnt/ubna_data_02_mir/recover-20221013/UBNA_001/20221012_030000.WAV,Telephone Field,recover-20221013,001,1795
864.0015,864.009,26328,36671,Eptesicus serotinus,0.006,0.025,-1,Echolocation,/mnt/ubna_data_02_mir/recover-20221013/UBNA_001/20221012_030000.WAV,Telephone Field,recover-20221013,001,1795
864.0105,864.0503,68437,82231,Rhinolophus ferrumequinum,0.022,0.022,-1,Echolocation,/mnt/ubna_data_02_mir/recover-20221013/UBNA_001/20221012_030000.WAV,Telephone Field,recover-20221013,001,1795
864.0225,864.033,22031,26750,Nyctalus leisleri,0.011,0.022,-1,Echolocation,/mnt/ubna_data_02_mir/recover-20221013/UBNA_001/20221012_030000.WAV,Telephone Field,recover-20221013,001,1795
864.0495,864.0858,68437,80931,Rhinolophus ferrumequinum,0.022,0.022,-1,Echolocation,/mnt/ubna_data_02_mir/recover-20221013/UBNA_001/20221012_030000.WAV,Telephone Field,recover-20221013,001,1795
864.1514999999999,864.191,68437,82614,Rhinolophus ferrumequinum,0.02,0.02,-1,Echolocation,/mnt/ubna_data_02_mir/recover-20221013/UBNA_001/20221012_030000.WAV,Telephone Field,recover-20221013,001,1795
864.1595,864.1972,68437,81783,Rhinolophus ferrumequinum,0.02,0.021,-1,Echolocation,/mnt/ubna_data_02_mir/recover-20221013/UBNA_001/20221012_030000.WAV,Telephone Field,recover-20221013,001,1795
864.1695,864.1792,22890,28816,Nyctalus leisleri,0.008,0.023,-1,Echolocation,/mnt/ubna_data_02_mir/recover-20221013/UBNA_001/20221012_030000.WAV,Telephone Field,recover-20221013,001,1795
864.1795,864.1994,18593,21184,Nyctalus leisleri,0.01,0.022,-1,Echolocation,/mnt/ubna_data_02_mir/recover-20221013/UBNA_001/20221012_030000.WAV,Telephone Field,recover-20221013,001,1795
864.1835,864.2234,68437,82644,Rhinolophus ferrumequinum,0.023,0.023,-1,Echolocation,/mnt/ubna_data_02_mir/recover-20221013/UBNA_001/20221012_030000.WAV,Telephone Field,recover-20221013,001,1795
864.1965,864.234,68437,81492,Rhinolophus ferrumequinum,0.021,0.021,-1,Echolocation,/mnt/ubna_data_02_mir/recover-20221013/UBNA_001/20221012_030000.WAV,Telephone Field,recover-20221013,001,1795
864.2255,864.2662,68437,82273,Rhinolophus ferrumequinum,0.021,0.021,-1,Echolocation,/mnt/ubna_data_02_mir/recover-20221013/UBNA_001/20221012_030000.WAV,Telephone Field,recover-20221013,001,1795
864.2625,864.2704,26328,36427,Eptesicus serotinus,0.007,0.021,-1,Echolocation,/mnt/ubna_data_02_mir/recover-20221013/UBNA_001/20221012_030000.WAV,Telephone Field,recover-20221013,001,1795
864.2915,864.2988,28046,40824,Eptesicus serotinus,0.007,0.022,-1,Echolocation,/mnt/ubna_data_02_mir/recover-20221013/UBNA_001/20221012_030000.WAV,Telephone Field,recover-20221013,001,1795
864.3165,864.355,68437,81743,Rhinolophus ferrumequinum,0.022,0.022,-1,Echolocation,/mnt/ubna_data_02_mir/recover-20221013/UBNA_001/20221012_030000.WAV,Telephone Field,recover-20221013,001,1795
864.3425,864.355,23750,29067,Nyctalus leisleri,0.013,0.027,-1,Echolocation,/mnt/ubna_data_02_mir/recover-20221013/UBNA_001/20221012_030000.WAV,Telephone Field,recover-20221013,001,1795
864.3545,864.3926,68437,81998,Rhinolophus ferrumequinum,0.026,0.026,-1,Echolocation,/mnt/ubna_data_02_mir/recover-20221013/UBNA_001/20221012_030000.WAV,Telephone Field,recover-20221013,001,1795
864.3685,864.4058,68437,82153,Rhinolophus ferrumequinum,0.021,0.021,-1,Echolocation,/mnt/ubna_data_02_mir/recover-20221013/UBNA_001/20221012_030000.WAV,Telephone Field,recover-20221013,001,1795
864.3695,864.3808,36640,41904,Pipistrellus nathusii,0.012,0.023,-1,Echolocation,/mnt/ubna_data_02_mir/recover-20221013/UBNA_001/20221012_030000.WAV,Telephone Field,recover-20221013,001,1795
864.3715,864.3813,22890,28699,Nyctalus leisleri,0.008,0.02,-1,Echolocation,/mnt/ubna_data_02_mir/recover-20221013/UBNA_001/20221012_030000.WAV,Telephone Field,recover-20221013,001,1795
864.4215,864.4587,68437,81223,Rhinolophus ferrumequinum,0.022,0.022,-1,Echolocation,/mnt/ubna_data_02_mir/recover-20221013/UBNA_001/20221012_030000.WAV,Telephone Field,recover-20221013,001,1795
864.4355,864.4458,22890,27635,Nyctalus leisleri,0.014,0.025,-1,Echolocation,/mnt/ubna_data_02_mir/recover-20221013/UBNA_001/20221012_030000.WAV,Telephone Field,recover-20221013,001,1795
864.4565,864.4954,68437,82107,Rhinolophus ferrumequinum,0.023,0.023,-1,Echolocation,/mnt/ubna_data_02_mir/recover-20221013/UBNA_001/20221012_030000.WAV,Telephone Field,recover-20221013,001,1795
864.4785,864.5164,68437,82797,Rhinolophus ferrumequinum,0.023,0.023,-1,Echolocation,/mnt/ubna_data_02_mir/recover-20221013/UBNA_001/20221012_030000.WAV,Telephone Field,recover-20221013,001,1795
864.4885,864.5296,68437,82717,Rhinolophus ferrumequinum,0.02,0.02,-1,Echolocation,/mnt/ubna_data_02_mir/recover-20221013/UBNA_001/20221012_030000.WAV,Telephone Field,recover-20221013,001,1795
864.5015,864.5376,68437,81387,Rhinolophus ferrumequinum,0.022,0.022,-1,Echolocation,/mnt/ubna_data_02_mir/recover-20221013/UBNA_001/20221012_030000.WAV,Telephone Field,recover-20221013,001,1795
864.5165,864.5574,68437,82798,Rhinolophus ferrumequinum,0.022,0.022,-1,Echolocation,/mnt/ubna_data_02_mir/recover-20221013/UBNA_001/20221012_030000.WAV,Telephone Field,recover-20221013,001,1795
864.5395,864.5799,68437,82937,Rhinolophus ferrumequinum,0.025,0.025,-1,Echolocation,/mnt/ubna_data_02_mir/recover-20221013/UBNA_001/20221012_030000.WAV,Telephone Field,recover-20221013,001,1795
864.5475,864.5877,68437,83085,Rhinolophus ferrumequinum,0.024,0.024,-1,Echolocation,/mnt/ubna_data_02_mir/recover-20221013/UBNA_001/20221012_030000.WAV,Telephone Field,recover-20221013,001,1795
864.5675,864.6083,68437,82844,Rhinolophus ferrumequinum,0.021,0.021,-1,Echolocation,/mnt/ubna_data_02_mir/recover-20221013/UBNA_001/20221012_030000.WAV,Telephone Field,recover-20221013,001,1795
864.5985000000001,864.6091,23750,29736,Nyctalus leisleri,0.008,0.022,-1,Echolocation,/mnt/ubna_data_02_mir/recover-20221013/UBNA_001/20221012_030000.WAV,Telephone Field,recover-20221013,001,1795
864.6055,864.6442,68437,81711,Rhinolophus ferrumequinum,0.02,0.02,-1,Echolocation,/mnt/ubna_data_02_mir/recover-20221013/UBNA_001/20221012_030000.WAV,Telephone Field,recover-20221013,001,1795
864.6645,864.7031,68437,81989,Rhinolophus ferrumequinum,0.021,0.021,-1,Echolocation,/mnt/ubna_data_02_mir/recover-20221013/UBNA_001/20221012_030000.WAV,Telephone Field,recover-20221013,001,1795
864.6725,864.7117,68437,82055,Rhinolophus ferrumequinum,0.02,0.02,-1,Echolocation,/mnt/ubna_data_02_mir/recover-20221013/UBNA_001/20221012_030000.WAV,Telephone Field,recover-20221013,001,1795
864.7195,864.7583,68437,82935,Rhinolophus ferrumequinum,0.023,0.023,-1,Echolocation,/mnt/ubna_data_02_mir/recover-20221013/UBNA_001/20221012_030000.WAV,Telephone Field,recover-20221013,001,1795
864.7195,864.729,40937,49027,Pipistrellus nathusii,0.021,0.04,-1,Echolocation,/mnt/ubna_data_02_mir/recover-20221013/UBNA_001/20221012_030000.WAV,Telephone Field,recover-20221013,001,1795
864.7195,864.7275,26328,36836,Eptesicus serotinus,0.008,0.022,-1,Echolocation,/mnt/ubna_data_02_mir/recover-20221013/UBNA_001/20221012_030000.WAV,Telephone Field,recover-20221013,001,1795
864.7405,864.7515,23750,30096,Nyctalus leisleri,0.01,0.026,-1,Echolocation,/mnt/ubna_data_02_mir/recover-20221013/UBNA_001/20221012_030000.WAV,Telephone Field,recover-20221013,001,1795
864.7535,864.7945,68437,83202,Rhinolophus ferrumequinum,0.024,0.024,-1,Echolocation,/mnt/ubna_data_02_mir/recover-20221013/UBNA_001/20221012_030000.WAV,Telephone Field,recover-20221013,001,1795
864.7705,864.7795,25468,32966,Eptesicus serotinus,0.007,0.02,-1,Echolocation,/mnt/ubna_data_02_mir/recover-20221013/UBNA_001/20221012_030000.WAV,Telephone Field,recover-20221013,001,1795
864.8115,864.8495,68437,82763,Rhinolophus ferrumequinum,0.024,0.024,-1,Echolocation,/mnt/ubna_data_02_mir/recover-20221013/UBNA_001/20221012_030000.WAV,Telephone Field,recover-20221013,001,1795
864.8185,864.8568,68437,82583,Rhinolophus ferrumequinum,0.021,0.021,-1,Echolocation,/mnt/ubna_data_02_mir/recover-20221013/UBNA_001/20221012_030000.WAV,Telephone Field,recover-20221013,001,1795
864.8405,864.8508,22890,28312,Nyctalus leisleri,0.009,0.021,-1,Echolocation,/mnt/ubna_data_02_mir/recover-20221013/UBNA_001/20221012_030000.WAV,Telephone Field,recover-20221013,001,1795
864.8405,864.8491,28046,39772,Eptesicus serotinus,0.008,0.021,-1,Echolocation,/mnt/ubna_data_02_mir/recover-20221013/UBNA_001/20221012_030000.WAV,Telephone Field,recover-20221013,001,1795
864.8685,864.878,26328,33981,Eptesicus serotinus,0.011,0.026,-1,Echolocation,/mnt/ubna_data_02_mir/recover-20221013/UBNA_001/20221012_030000.WAV,Telephone Field,recover-20221013,001,1795
864.9265,864.9351,26328,35302,Eptesicus serotinus,0.009,0.024,-1,Echolocation,/mnt/ubna_data_02_mir/recover-20221013/UBNA_001/20221012_030000.WAV,Telephone Field,recover-20221013,001,1795
864.9405,864.951,23750,29513,Nyctalus leisleri,0.009,0.023,-1,Echolocation,/mnt/ubna_data_02_mir/recover-20221013/UBNA_001/20221012_030000.WAV,Telephone Field,recover-20221013,001,1795
864.9565,865.0005,68437,82995,Rhinolophus ferrumequinum,0.034,0.034,-1,Echolocation,/mnt/ubna_data_02_mir/recover-20221013/UBNA_001/20221012_030000.WAV,Telephone Field,recover-20221013,001,1795
865.0015,865.0466,68437,83176,Rhinolophus ferrumequinum,0.045,0.045,-1,Echolocation,/mnt/ubna_data_02_mir/recover-20221013/UBNA_001/20221012_030000.WAV,Telephone Field,recover-20221013,001,1795
865.0245,865.0639,68437,82787,Rhinolophus ferrumequinum,0.032,0.032,-1,Echolocation,/mnt/ubna_data_02_mir/recover-20221013/UBNA_001/20221012_030000.WAV,Telephone Field,recover-20221013,001,1795
865.0575,865.069,52109,56184,Pipistrellus pygmaeus,0.015,0.024,-1,Echolocation,/mnt/ubna_data_02_mir/recover-20221013/UBNA_001/20221012_030000.WAV,Telephone Field,recover-20221013,001,1795
865.0725,865.0827,23750,29778,Nyctalus leisleri,0.009,0.023,-1,Echolocation,/mnt/ubna_data_02_mir/recover-20221013/UBNA_001/20221012_030000.WAV,Telephone Field,recover-20221013,001,1795
865.1175,865.1276,22890,27311,Nyctalus leisleri,0.011,0.022,-1,Echolocation,/mnt/ubna_data_02_mir/recover-20221013/UBNA_001/20221012_030000.WAV,Telephone Field,recover-20221013,001,1795
865.1335,865.1413,28046,40920,Eptesicus serotinus,0.008,0.026,-1,Echolocation,/mnt/ubna_data_02_mir/recover-20221013/UBNA_001/20221012_030000.WAV,Telephone Field,recover-20221013,001,1795
865.1595,865.1655,47812,51927,Pipistrellus pipistrellus,0.022,0.023,-1,Echolocation,/mnt/ubna_data_02_mir/recover-20221013/UBNA_001/20221012_030000.WAV,Telephone Field,recover-20221013,001,1795
865.1755,865.2161,68437,82745,Rhinolophus ferrumequinum,0.023,0.023,-1,Echolocation,/mnt/ubna_data_02_mir/recover-20221013/UBNA_001/20221012_030000.WAV,Telephone Field,recover-20221013,001,1795
865.1895,865.1969,28046,39083,Eptesicus serotinus,0.007,0.021,-1,Echolocation,/mnt/ubna_data_02_mir/recover-20221013/UBNA_001/20221012_030000.WAV,Telephone Field,recover-20221013,001,1795
865.2045,865.2422,68437,82438,Rhinolophus ferrumequinum,0.022,0.022,-1,Echolocation,/mnt/ubna_data_02_mir/recover-20221013/UBNA_001/20221012_030000.WAV,Telephone Field,recover-20221013,001,1795
865.2345,865.2487,43515,46374,Pipistrellus pipistrellus,0.026,0.03,-1,Echolocation,/mnt/ubna_data_02_mir/recover-20221013/UBNA_001/20221012_030000.WAV,Telephone Field,recover-20221013,001,1795
865.2375,865.2755,68437,82137,Rhinolophus ferrumequinum,0.022,0.022,-1,Echolocation,/mnt/ubna_data_02_mir/recover-20221013/UBNA_001/20221012_030000.WAV,Telephone Field,recover-20221013,001,1795
865.2515,865.289,68437,81914,Rhinolophus ferrumequinum,0.033,0.033,-1,Echolocation,/mnt/ubna_data_02_mir/recover-20221013/UBNA_001/20221012_030000.WAV,Telephone Field,recover-20221013,001,1795
865.2835,865.3216,68437,81646,Rhinolophus ferrumequinum,0.02,0.02,-1,Echolocation,/mnt/ubna_data_02_mir/recover-20221013/UBNA_001/20221012_030000.WAV,Telephone Field,recover-20221013,001,1795
865.3585,865.3986,68437,82493,Rhinolophus ferrumequinum,0.022,0.022,-1,Echolocation,/mnt/ubna_data_02_mir/recover-20221013/UBNA_001/20221012_030000.WAV,Telephone Field,recover-20221013,001,1795
865.3745,865.4149,68437,83114,Rhinolophus ferrumequinum,0.026,0.026,-1,Echolocation,/mnt/ubna_data_02_mir/recover-20221013/UBNA_001/20221012_030000.WAV,Telephone Field,recover-20221013,001,1795
865.3825,865.4208,68437,82223,Rhinolophus ferrumequinum,0.021,0.021,-1,Echolocation,/mnt/ubna_data_02_mir/recover-20221013/UBNA_001/20221012_030000.WAV,Telephone Field,recover-20221013,001,1795
865.4095,865.4179,28046,36615,Eptesicus serotinus,0.007,0.02,-1,Echolocation,/mnt/ubna_data_02_mir/recover-20221013/UBNA_001/20221012_030000.WAV,Telephone Field,recover-20221013,001,1795
865.4135,865.4508,68437,81909,Rhinolophus ferrumequinum,0.027,0.027,-1,Echolocation,/mnt/ubna_data_02_mir/recover-20221013/UBNA_001/20221012_030000.WAV,Telephone Field,recover-20221013,001,1795
865.4165,865.4259,22890,28691,Nyctalus leisleri,0.008,0.02,-1,Echolocation,/mnt/ubna_data_02_mir/recover-20221013/UBNA_001/20221012_030000.WAV,Telephone Field,recover-20221013,001,1795
865.4425,865.4782,68437,81511,Rhinolophus ferrumequinum,0.02,0.02,-1,Echolocation,/mnt/ubna_data_02_mir/recover-20221013/UBNA_001/20221012_030000.WAV,Telephone Field,recover-20221013,001,1795
865.4555,865.4971,68437,82536,Rhinolophus ferrumequinum,0.029,0.029,-1,Echolocation,/mnt/ubna_data_02_mir/recover-20221013/UBNA_001/20221012_030000.WAV,Telephone Field,recover-20221013,001,1795
865.4635,865.4724,22890,29353,Plecotus austriacus,0.007,0.02,-1,Echolocation,/mnt/ubna_data_02_mir/recover-20221013/UBNA_001/20221012_030000.WAV,Telephone Field,recover-20221013,001,1795
865.5075,865.548,68437,82016,Rhinolophus ferrumequinum,0.02,0.02,-1,Echolocation,/mnt/ubna_data_02_mir/recover-20221013/UBNA_001/20221012_030000.WAV,Telephone Field,recover-20221013,001,1795
865.5245,865.5338,23750,31303,Plecotus austriacus,0.006,0.025,-1,Echolocation,/mnt/ubna_data_02_mir/recover-20221013/UBNA_001/20221012_030000.WAV,Telephone Field,recover-20221013,001,1795
865.5255,865.562,68437,82159,Rhinolophus ferrumequinum,0.021,0.021,-1,Echolocation,/mnt/ubna_data_02_mir/recover-20221013/UBNA_001/20221012_030000.WAV,Telephone Field,recover-20221013,001,1795
865.5305,865.54,25468,32396,Eptesicus serotinus,0.01,0.025,-1,Echolocation,/mnt/ubna_data_02_mir/recover-20221013/UBNA_001/20221012_030000.WAV,Telephone Field,recover-20221013,001,1795
865.5615,865.5722,22031,26195,Nyctalus leisleri,0.011,0.02,-1,Echolocation,/mnt/ubna_data_02_mir/recover-20221013/UBNA_001/20221012_030000.WAV,Telephone Field,recover-20221013,001,1795
865.5945,865.6031,25468,33493,Eptesicus serotinus,0.007,0.02,-1,Echolocation,/mnt/ubna_data_02_mir/recover-20221013/UBNA_001/20221012_030000.WAV,Telephone Field,recover-20221013,001,1795
865.5955,865.6352,68437,82101,Rhinolophus ferrumequinum,0.021,0.021,-1,Echolocation,/mnt/ubna_data_02_mir/recover-20221013/UBNA_001/20221012_030000.WAV,Telephone Field,recover-20221013,001,1795
865.6235,865.6698,68437,83856,Rhinolophus ferrumequinum,0.04,0.04,-1,Echolocation,/mnt/ubna_data_02_mir/recover-20221013/UBNA_001/20221012_030000.WAV,Telephone Field,recover-20221013,001,1795
865.6315,865.6384,32343,40362,Myotis daubentonii,0.01,0.024,-1,Echolocation,/mnt/ubna_data_02_mir/recover-20221013/UBNA_001/20221012_030000.WAV,Telephone Field,recover-20221013,001,1795
865.6595,865.6748,22890,27022,Nyctalus leisleri,0.035,0.071,-1,Echolocation,/mnt/ubna_data_02_mir/recover-20221013/UBNA_001/20221012_030000.WAV,Telephone Field,recover-20221013,001,1795
865.6845,865.7262,68437,82528,Rhinolophus ferrumequinum,0.024,0.024,-1,Echolocation,/mnt/ubna_data_02_mir/recover-20221013/UBNA_001/20221012_030000.WAV,Telephone Field,recover-20221013,001,1795
865.7305,865.7409,38359,43347,Pipistrellus nathusii,0.045,0.057,-1,Echolocation,/mnt/ubna_data_02_mir/recover-20221013/UBNA_001/20221012_030000.WAV,Telephone Field,recover-20221013,001,1795
865.7635,865.7713,28046,40334,Eptesicus serotinus,0.008,0.021,-1,Echolocation,/mnt/ubna_data_02_mir/recover-20221013/UBNA_001/20221012_030000.WAV,Telephone Field,recover-20221013,001,1795
865.8115,865.8525,68437,83009,Rhinolophus ferrumequinum,0.023,0.023,-1,Echolocation,/mnt/ubna_data_02_mir/recover-20221013/UBNA_001/20221012_030000.WAV,Telephone Field,recover-20221013,001,1795
865.8235,865.8635,68437,81992,Rhinolophus ferrumequinum,0.022,0.022,-1,Echolocation,/mnt/ubna_data_02_mir/recover-20221013/UBNA_001/20221012_030000.WAV,Telephone Field,recover-20221013,001,1795
865.8405,865.8817,68437,82415,Rhinolophus ferrumequinum,0.021,0.021,-1,Echolocation,/mnt/ubna_data_02_mir/recover-20221013/UBNA_001/20221012_030000.WAV,Telephone Field,recover-20221013,001,1795
865.8645,865.9043,68437,82709,Rhinolophus ferrumequinum,0.021,0.021,-1,Echolocation,/mnt/ubna_data_02_mir/recover-20221013/UBNA_001/20221012_030000.WAV,Telephone Field,recover-20221013,001,1795
865.9425,865.9799,68437,82012,Rhinolophus ferrumequinum,0.021,0.021,-1,Echolocation,/mnt/ubna_data_02_mir/recover-20221013/UBNA_001/20221012_030000.WAV,Telephone Field,recover-20221013,001,1795
866.0015,866.0368,68437,80106,Rhinolophus ferrumequinum,0.068,0.068,-1,Echolocation,/mnt/ubna_data_02_mir/recover-20221013/UBNA_001/20221012_030000.WAV,Telephone Field,recover-20221013,001,1795
866.0015,866.0094,25468,36716,Nyctalus leisleri,0.007,0.028,-1,Echolocation,/mnt/ubna_data_02_mir/recover-20221013/UBNA_001/20221012_030000.WAV,Telephone Field,recover-20221013,001,1795
866.0095,866.0527,68437,83007,Rhinolophus ferrumequinum,0.022,0.022,-1,Echolocation,/mnt/ubna_data_02_mir/recover-20221013/UBNA_001/20221012_030000.WAV,Telephone Field,recover-20221013,001,1795
866.0325,866.0716,68437,82382,Rhinolophus ferrumequinum,0.02,0.02,-1,Echolocation,/mnt/ubna_data_02_mir/recover-20221013/UBNA_001/20221012_030000.WAV,Telephone Field,recover-20221013,001,1795
866.0445,866.0523,28046,40324,Eptesicus serotinus,0.006,0.021,-1,Echolocation,/mnt/ubna_data_02_mir/recover-20221013/UBNA_001/20221012_030000.WAV,Telephone Field,recover-20221013,001,1795
866.0735,866.0852,22031,26919,Nyctalus leisleri,0.014,0.028,-1,Echolocation,/mnt/ubna_data_02_mir/recover-20221013/UBNA_001/20221012_030000.WAV,Telephone Field,recover-20221013,001,1795
866.0855,866.1231,68437,81129,Rhinolophus ferrumequinum,0.02,0.02,-1,Echolocation,/mnt/ubna_data_02_mir/recover-20221013/UBNA_001/20221012_030000.WAV,Telephone Field,recover-20221013,001,1795
866.0875,866.098,22890,28424,Nyctalus leisleri,0.009,0.021,-1,Echolocation,/mnt/ubna_data_02_mir/recover-20221013/UBNA_001/20221012_030000.WAV,Telephone Field,recover-20221013,001,1795
866.1105,866.1208,22031,26974,Nyctalus leisleri,0.009,0.021,-1,Echolocation,/mnt/ubna_data_02_mir/recover-20221013/UBNA_001/20221012_030000.WAV,Telephone Field,recover-20221013,001,1795
866.1195,866.1587,68437,82209,Rhinolophus ferrumequinum,0.023,0.023,-1,Echolocation,/mnt/ubna_data_02_mir/recover-20221013/UBNA_001/20221012_030000.WAV,Telephone Field,recover-20221013,001,1795
866.1525,866.1941,68437,82850,Rhinolophus ferrumequinum,0.032,0.032,-1,Echolocation,/mnt/ubna_data_02_mir/recover-20221013/UBNA_001/20221012_030000.WAV,Telephone Field,recover-20221013,001,1795
866.2055,866.2176,52109,56882,Pipistrellus pygmaeus,0.017,0.023,-1,Echolocation,/mnt/ubna_data_02_mir/recover-20221013/UBNA_001/20221012_030000.WAV,Telephone Field,recover-20221013,001,1795
866.2075,866.2467,68437,82280,Rhinolophus ferrumequinum,0.021,0.021,-1,Echolocation,/mnt/ubna_data_02_mir/recover-20221013/UBNA_001/20221012_030000.WAV,Telephone Field,recover-20221013,001,1795
866.2215,866.2298,27187,39729,Eptesicus serotinus,0.008,0.022,-1,Echolocation,/mnt/ubna_data_02_mir/recover-20221013/UBNA_001/20221012_030000.WAV,Telephone Field,recover-20221013,001,1795
866.2375,866.2491,28906,36683,Eptesicus serotinus,0.058,0.087,-1,Echolocation,/mnt/ubna_data_02_mir/recover-20221013/UBNA_001/20221012_030000.WAV,Telephone Field,recover-20221013,001,1795
866.2385,866.2678,68437,79861,Rhinolophus ferrumequinum,0.035,0.036,-1,Echolocation,/mnt/ubna_data_02_mir/recover-20221013/UBNA_001/20221012_030000.WAV,Telephone Field,recover-20221013,001,1795
866.2905,866.3007,25468,31645,Nyctalus leisleri,0.012,0.034,-1,Echolocation,/mnt/ubna_data_02_mir/recover-20221013/UBNA_001/20221012_030000.WAV,Telephone Field,recover-20221013,001,1795
866.2925,866.3329,68437,82372,Rhinolophus ferrumequinum,0.038,0.038,-1,Echolocation,/mnt/ubna_data_02_mir/recover-20221013/UBNA_001/20221012_030000.WAV,Telephone Field,recover-20221013,001,1795
866.3205,866.3546,68437,81514,Rhinolophus ferrumequinum,0.021,0.021,-1,Echolocation,/mnt/ubna_data_02_mir/recover-20221013/UBNA_001/20221012_030000.WAV,Telephone Field,recover-20221013,001,1795
866.3225,866.3304,28046,37449,Eptesicus serotinus,0.007,0.021,-1,Echolocation,/mnt/ubna_data_02_mir/recover-20221013/UBNA_001/20221012_030000.WAV,Telephone Field,recover-20221013,001,1795
866.3655,866.398,68437,79821,Rhinolophus ferrumequinum,0.022,0.022,-1,Echolocation,/mnt/ubna_data_02_mir/recover-20221013/UBNA_001/20221012_030000.WAV,Telephone Field,recover-20221013,001,1795
866.3785,866.3860999999999,28046,40536,Eptesicus serotinus,0.007,0.022,-1,Echolocation,/mnt/ubna_data_02_mir/recover-20221013/UBNA_001/20221012_030000.WAV,Telephone Field,recover-20221013,001,1795
866.3805,866.4148,68437,81200,Rhinolophus ferrumequinum,0.023,0.023,-1,Echolocation,/mnt/ubna_data_02_mir/recover-20221013/UBNA_001/20221012_030000.WAV,Telephone Field,recover-20221013,001,1795
866.4085,866.4466,68437,82048,Rhinolophus ferrumequinum,0.027,0.028,-1,Echolocation,/mnt/ubna_data_02_mir/recover-20221013/UBNA_001/20221012_030000.WAV,Telephone Field,recover-20221013,001,1795
866.4155,866.4545,68437,82358,Rhinolophus ferrumequinum,0.022,0.022,-1,Echolocation,/mnt/ubna_data_02_mir/recover-20221013/UBNA_001/20221012_030000.WAV,Telephone Field,recover-20221013,001,1795
866.4355,866.4751,68437,81760,Rhinolophus ferrumequinum,0.034,0.034,-1,Echolocation,/mnt/ubna_data_02_mir/recover-20221013/UBNA_001/20221012_030000.WAV,Telephone Field,recover-20221013,001,1795
866.4745,866.5154,68437,82437,Rhinolophus ferrumequinum,0.023,0.023,-1,Echolocation,/mnt/ubna_data_02_mir/recover-20221013/UBNA_001/20221012_030000.WAV,Telephone Field,recover-20221013,001,1795
866.4905,866.5004,23750,30802,Nyctalus leisleri,0.009,0.023,-1,Echolocation,/mnt/ubna_data_02_mir/recover-20221013/UBNA_001/20221012_030000.WAV,Telephone Field,recover-20221013,001,1795
866.5155,866.5561,68437,82423,Rhinolophus ferrumequinum,0.027,0.027,-1,Echolocation,/mnt/ubna_data_02_mir/recover-20221013/UBNA_001/20221012_030000.WAV,Telephone Field,recover-20221013,001,1795
866.5165,866.5273,22031,26931,Nyctalus leisleri,0.011,0.024,-1,Echolocation,/mnt/ubna_data_02_mir/recover-20221013/UBNA_001/20221012_030000.WAV,Telephone Field,recover-20221013,001,1795
866.5175,866.5241,40078,53802,Myotis brandtii,0.005,0.022,-1,Echolocation,/mnt/ubna_data_02_mir/recover-20221013/UBNA_001/20221012_030000.WAV,Telephone Field,recover-20221013,001,1795
866.5495,866.5898,68437,81831,Rhinolophus ferrumequinum,0.03,0.03,-1,Echolocation,/mnt/ubna_data_02_mir/recover-20221013/UBNA_001/20221012_030000.WAV,Telephone Field,recover-20221013,001,1795
866.5725,866.6109,68437,82499,Rhinolophus ferrumequinum,0.027,0.027,-1,Echolocation,/mnt/ubna_data_02_mir/recover-20221013/UBNA_001/20221012_030000.WAV,Telephone Field,recover-20221013,001,1795
866.6075,866.6461,68437,82241,Rhinolophus ferrumequinum,0.023,0.023,-1,Echolocation,/mnt/ubna_data_02_mir/recover-20221013/UBNA_001/20221012_030000.WAV,Telephone Field,recover-20221013,001,1795
866.6315,866.6698,68437,81635,Rhinolophus ferrumequinum,0.024,0.024,-1,Echolocation,/mnt/ubna_data_02_mir/recover-20221013/UBNA_001/20221012_030000.WAV,Telephone Field,recover-20221013,001,1795
866.6535,866.6612,27187,38926,Eptesicus serotinus,0.007,0.021,-1,Echolocation,/mnt/ubna_data_02_mir/recover-20221013/UBNA_001/20221012_030000.WAV,Telephone Field,recover-20221013,001,1795
866.6655,866.7033,68437,81505,Rhinolophus ferrumequinum,0.021,0.021,-1,Echolocation,/mnt/ubna_data_02_mir/recover-20221013/UBNA_001/20221012_030000.WAV,Telephone Field,recover-20221013,001,1795
866.7505,866.7926,68437,82599,Rhinolophus ferrumequinum,0.024,0.024,-1,Echolocation,/mnt/ubna_data_02_mir/recover-20221013/UBNA_001/20221012_030000.WAV,Telephone Field,recover-20221013,001,1795
866.7515,866.7603,27187,37004,Eptesicus serotinus,0.007,0.021,-1,Echolocation,/mnt/ubna_data_02_mir/recover-20221013/UBNA_001/20221012_030000.WAV,Telephone Field,recover-20221013,001,1795
866.7715,866.8124,68437,82223,Rhinolophus ferrumequinum,0.023,0.023,-1,Echolocation,/mnt/ubna_data_02_mir/recover-20221013/UBNA_001/20221012_030000.WAV,Telephone Field,recover-20221013,001,1795
866.7895,866.7998,22890,28533,Nyctalus leisleri,0.01,0.022,-1,Echolocation,/mnt/ubna_data_02_mir/recover-20221013/UBNA_001/20221012_030000.WAV,Telephone Field,recover-20221013,001,1795
866.8025,866.8409,68437,81747,Rhinolophus ferrumequinum,0.022,0.022,-1,Echolocation,/mnt/ubna_data_02_mir/recover-20221013/UBNA_001/20221012_030000.WAV,Telephone Field,recover-20221013,001,1795
866.8205,866.8312,22890,28997,Nyctalus leisleri,0.011,0.029,-1,Echolocation,/mnt/ubna_data_02_mir/recover-20221013/UBNA_001/20221012_030000.WAV,Telephone Field,recover-20221013,001,1795
866.8435,866.8524,27187,36301,Eptesicus serotinus,0.008,0.021,-1,Echolocation,/mnt/ubna_data_02_mir/recover-20221013/UBNA_001/20221012_030000.WAV,Telephone Field,recover-20221013,001,1795
866.8595,866.876,21171,23808,Nyctalus leisleri,0.018,0.027,-1,Echolocation,/mnt/ubna_data_02_mir/recover-20221013/UBNA_001/20221012_030000.WAV,Telephone Field,recover-20221013,001,1795
866.8745,866.8825,28046,37281,Eptesicus serotinus,0.009,0.028,-1,Echolocation,/mnt/ubna_data_02_mir/recover-20221013/UBNA_001/20221012_030000.WAV,Telephone Field,recover-20221013,001,1795
866.8925,866.9385,68437,83146,Rhinolophus ferrumequinum,0.037,0.037,-1,Echolocation,/mnt/ubna_data_02_mir/recover-20221013/UBNA_001/20221012_030000.WAV,Telephone Field,recover-20221013,001,1795
866.9165,866.9603,68437,83032,Rhinolophus ferrumequinum,0.044,0.044,-1,Echolocation,/mnt/ubna_data_02_mir/recover-20221013/UBNA_001/20221012_030000.WAV,Telephone Field,recover-20221013,001,1795
866.9565,866.9953,68437,82263,Rhinolophus ferrumequinum,0.022,0.022,-1,Echolocation,/mnt/ubna_data_02_mir/recover-20221013/UBNA_001/20221012_030000.WAV,Telephone Field,recover-20221013,001,1795
866.9615,866.9717,37500,43535,Pipistrellus nathusii,0.017,0.05,-1,Echolocation,/mnt/ubna_data_02_mir/recover-20221013/UBNA_001/20221012_030000.WAV,Telephone Field,recover-20221013,001,1795
866.9765,866.9887,25468,31167,Eptesicus serotinus,0.009,0.023,-1,Echolocation,/mnt/ubna_data_02_mir/recover-20221013/UBNA_001/20221012_030000.WAV,Telephone Field,recover-20221013,001,1795
866.9805,867.0201,68437,82270,Rhinolophus ferrumequinum,0.031,0.031,-1,Echolocation,/mnt/ubna_data_02_mir/recover-20221013/UBNA_001/20221012_030000.WAV,Telephone Field,recover-20221013,001,1795
867.0025,867.0099,30625,41882,Myotis daubentonii,0.008,0.024,-1,Echolocation,/mnt/ubna_data_02_mir/recover-20221013/UBNA_001/20221012_030000.WAV,Telephone Field,recover-20221013,001,1795
867.0185,867.0599,68437,82336,Rhinolophus ferrumequinum,0.028,0.028,-1,Echolocation,/mnt/ubna_data_02_mir/recover-20221013/UBNA_001/20221012_030000.WAV,Telephone Field,recover-20221013,001,1795
867.0565,867.0661,28906,38338,Eptesicus serotinus,0.01,0.022,-1,Echolocation,/mnt/ubna_data_02_mir/recover-20221013/UBNA_001/20221012_030000.WAV,Telephone Field,recover-20221013,001,1795
867.0645,867.1021,68437,81117,Rhinolophus ferrumequinum,0.022,0.022,-1,Echolocation,/mnt/ubna_data_02_mir/recover-20221013/UBNA_001/20221012_030000.WAV,Telephone Field,recover-20221013,001,1795
867.0925,867.0997,32343,44735,Myotis daubentonii,0.008,0.021,-1,Echolocation,/mnt/ubna_data_02_mir/recover-20221013/UBNA_001/20221012_030000.WAV,Telephone Field,recover-20221013,001,1795
867.0955,867.1029,27187,39103,Eptesicus serotinus,0.007,0.023,-1,Echolocation,/mnt/ubna_data_02_mir/recover-20221013/UBNA_001/20221012_030000.WAV,Telephone Field,recover-20221013,001,1795
867.1155,867.1511,68437,81193,Rhinolophus ferrumequinum,0.021,0.021,-1,Echolocation,/mnt/ubna_data_02_mir/recover-20221013/UBNA_001/20221012_030000.WAV,Telephone Field,recover-20221013,001,1795
867.1305,867.139,28046,41579,Eptesicus serotinus,0.007,0.021,-1,Echolocation,/mnt/ubna_data_02_mir/recover-20221013/UBNA_001/20221012_030000.WAV,Telephone Field,recover-20221013,001,1795
867.1514999999999,867.1895,68437,81364,Rhinolophus ferrumequinum,0.022,0.022,-1,Echolocation,/mnt/ubna_data_02_mir/recover-20221013/UBNA_001/20221012_030000.WAV,Telephone Field,recover-20221013,001,1795
867.1585,867.1665,27187,39907,Eptesicus serotinus,0.008,0.022,-1,Echolocation,/mnt/ubna_data_02_mir/recover-20221013/UBNA_001/20221012_030000.WAV,Telephone Field,recover-20221013,001,1795
867.1595,867.2002,68437,82626,Rhinolophus ferrumequinum,0.021,0.021,-1,Echolocation,/mnt/ubna_data_02_mir/recover-20221013/UBNA_001/20221012_030000.WAV,Telephone Field,recover-20221013,001,1795
867.1755,867.1837,28046,38555,Eptesicus serotinus,0.007,0.021,-1,Echolocation,/mnt/ubna_data_02_mir/recover-20221013/UBNA_001/20221012_030000.WAV,Telephone Field,recover-20221013,001,1795
867.1915,867.2289,68437,81834,Rhinolophus ferrumequinum,0.021,0.021,-1,Echolocation,/mnt/ubna_data_02_mir/recover-20221013/UBNA_001/20221012_030000.WAV,Telephone Field,recover-20221013,001,1795
867.1965,867.217,20312,23522,Nyctalus leisleri,0.023,0.043,-1,Echolocation,/mnt/ubna_data_02_mir/recover-20221013/UBNA_001/20221012_030000.WAV,Telephone Field,recover-20221013,001,1795
867.2235000000001,867.2661,68437,82955,Rhinolophus ferrumequinum,0.032,0.032,-1,Echolocation,/mnt/ubna_data_02_mir/recover-20221013/UBNA_001/20221012_030000.WAV,Telephone Field,recover-20221013,001,1795
867.2685,867.3025,68437,80768,Rhinolophus ferrumequinum,0.021,0.021,-1,Echolocation,/mnt/ubna_data_02_mir/recover-20221013/UBNA_001/20221012_030000.WAV,Telephone Field,recover-20221013,001,1795
867.3055,867.3425,68437,81910,Rhinolophus ferrumequinum,0.02,0.02,-1,Echolocation,/mnt/ubna_data_02_mir/recover-20221013/UBNA_001/20221012_030000.WAV,Telephone Field,recover-20221013,001,1795
867.3235,867.3617,68437,81788,Rhinolophus ferrumequinum,0.021,0.021,-1,Echolocation,/mnt/ubna_data_02_mir/recover-20221013/UBNA_001/20221012_030000.WAV,Telephone Field,recover-20221013,001,1795
867.3445,867.3799,68437,81063,Rhinolophus ferrumequinum,0.023,0.023,-1,Echolocation,/mnt/ubna_data_02_mir/recover-20221013/UBNA_001/20221012_030000.WAV,Telephone Field,recover-20221013,001,1795
867.3645,867.404,68437,82636,Rhinolophus ferrumequinum,0.026,0.026,-1,Echolocation,/mnt/ubna_data_02_mir/recover-20221013/UBNA_001/20221012_030000.WAV,Telephone Field,recover-20221013,001,1795
867.4035,867.4121,26328,35988,Eptesicus serotinus,0.009,0.024,-1,Echolocation,/mnt/ubna_data_02_mir/recover-20221013/UBNA_001/20221012_030000.WAV,Telephone Field,recover-20221013,001,1795
867.4395,867.4503,23750,29735,Nyctalus leisleri,0.01,0.025,-1,Echolocation,/mnt/ubna_data_02_mir/recover-20221013/UBNA_001/20221012_030000.WAV,Telephone Field,recover-20221013,001,1795
867.4395,867.4756,68437,80927,Rhinolophus ferrumequinum,0.02,0.021,-1,Echolocation,/mnt/ubna_data_02_mir/recover-20221013/UBNA_001/20221012_030000.WAV,Telephone Field,recover-20221013,001,1795
867.4455,867.4799,68437,81880,Rhinolophus ferrumequinum,0.022,0.022,-1,Echolocation,/mnt/ubna_data_02_mir/recover-20221013/UBNA_001/20221012_030000.WAV,Telephone Field,recover-20221013,001,1795
867.4575,867.4653,27187,40858,Eptesicus serotinus,0.009,0.025,-1,Echolocation,/mnt/ubna_data_02_mir/recover-20221013/UBNA_001/20221012_030000.WAV,Telephone Field,recover-20221013,001,1795
867.4575,867.4948,68437,82193,Rhinolophus ferrumequinum,0.023,0.023,-1,Echolocation,/mnt/ubna_data_02_mir/recover-20221013/UBNA_001/20221012_030000.WAV,Telephone Field,recover-20221013,001,1795
867.4775,867.518,68437,82207,Rhinolophus ferrumequinum,0.023,0.023,-1,Echolocation,/mnt/ubna_data_02_mir/recover-20221013/UBNA_001/20221012_030000.WAV,Telephone Field,recover-20221013,001,1795
867.4875,867.5274,68437,81654,Rhinolophus ferrumequinum,0.022,0.022,-1,Echolocation,/mnt/ubna_data_02_mir/recover-20221013/UBNA_001/20221012_030000.WAV,Telephone Field,recover-20221013,001,1795
867.5195,867.5513,68437,81148,Rhinolophus ferrumequinum,0.022,0.022,-1,Echolocation,/mnt/ubna_data_02_mir/recover-20221013/UBNA_001/20221012_030000.WAV,Telephone Field,recover-20221013,001,1795
867.5325,867.5413,28046,37005,Eptesicus serotinus,0.008,0.021,-1,Echolocation,/mnt/ubna_data_02_mir/recover-20221013/UBNA_001/20221012_030000.WAV,Telephone Field,recover-20221013,001,1795
867.5455,867.5866,68437,82683,Rhinolophus ferrumequinum,0.03,0.03,-1,Echolocation,/mnt/ubna_data_02_mir/recover-20221013/UBNA_001/20221012_030000.WAV,Telephone Field,recover-20221013,001,1795
867.5915,867.6,26328,38329,Eptesicus serotinus,0.008,0.022,-1,Echolocation,/mnt/ubna_data_02_mir/recover-20221013/UBNA_001/20221012_030000.WAV,Telephone Field,recover-20221013,001,1795
867.6145,867.6479,68437,81140,Rhinolophus ferrumequinum,0.02,0.02,-1,Echolocation,/mnt/ubna_data_02_mir/recover-20221013/UBNA_001/20221012_030000.WAV,Telephone Field,recover-20221013,001,1795
867.6205,867.6287,25468,34100,Eptesicus serotinus,0.007,0.02,-1,Echolocation,/mnt/ubna_data_02_mir/recover-20221013/UBNA_001/20221012_030000.WAV,Telephone Field,recover-20221013,001,1795
867.6395,867.6817,68437,82851,Rhinolophus ferrumequinum,0.031,0.031,-1,Echolocation,/mnt/ubna_data_02_mir/recover-20221013/UBNA_001/20221012_030000.WAV,Telephone Field,recover-20221013,001,1795
867.6975,867.7363,68437,82211,Rhinolophus ferrumequinum,0.033,0.033,-1,Echolocation,/mnt/ubna_data_02_mir/recover-20221013/UBNA_001/20221012_030000.WAV,Telephone Field,recover-20221013,001,1795
867.7275,867.7667,68437,81670,Rhinolophus ferrumequinum,0.021,0.021,-1,Echolocation,/mnt/ubna_data_02_mir/recover-20221013/UBNA_001/20221012_030000.WAV,Telephone Field,recover-20221013,001,1795
867.7565,867.765,28906,37731,Eptesicus serotinus,0.007,0.022,-1,Echolocation,/mnt/ubna_data_02_mir/recover-20221013/UBNA_001/20221012_030000.WAV,Telephone Field,recover-20221013,001,1795
867.7605,867.7704,22890,28524,Nyctalus leisleri,0.007,0.02,-1,Echolocation,/mnt/ubna_data_02_mir/recover-20221013/UBNA_001/20221012_030000.WAV,Telephone Field,recover-20221013,001,1795
867.8055,867.8415,68437,82020,Rhinolophus ferrumequinum,0.021,0.021,-1,Echolocation,/mnt/ubna_data_02_mir/recover-20221013/UBNA_001/20221012_030000.WAV,Telephone Field,recover-20221013,001,1795
867.8135,867.8543,68437,82406,Rhinolophus ferrumequinum,0.022,0.022,-1,Echolocation,/mnt/ubna_data_02_mir/recover-20221013/UBNA_001/20221012_030000.WAV,Telephone Field,recover-20221013,001,1795
867.8405,867.8761,68437,81691,Rhinolophus ferrumequinum,0.02,0.021,-1,Echolocation,/mnt/ubna_data_02_mir/recover-20221013/UBNA_001/20221012_030000.WAV,Telephone Field,recover-20221013,001,1795
867.8515,867.8596,28046,39432,Eptesicus serotinus,0.008,0.021,-1,Echolocation,/mnt/ubna_data_02_mir/recover-20221013/UBNA_001/20221012_030000.WAV,Telephone Field,recover-20221013,001,1795
867.8565,867.8682,45234,48808,Pipistrellus pipistrellus,0.021,0.023,-1,Echolocation,/mnt/ubna_data_02_mir/recover-20221013/UBNA_001/20221012_030000.WAV,Telephone Field,recover-20221013,001,1795
867.8785,867.9177999999999,68437,81981,Rhinolophus ferrumequinum,0.023,0.023,-1,Echolocation,/mnt/ubna_data_02_mir/recover-20221013/UBNA_001/20221012_030000.WAV,Telephone Field,recover-20221013,001,1795
867.9205,867.9552,68437,81650,Rhinolophus ferrumequinum,0.02,0.021,-1,Echolocation,/mnt/ubna_data_02_mir/recover-20221013/UBNA_001/20221012_030000.WAV,Telephone Field,recover-20221013,001,1795
867.9315,867.9398,28046,36458,Eptesicus serotinus,0.007,0.022,-1,Echolocation,/mnt/ubna_data_02_mir/recover-20221013/UBNA_001/20221012_030000.WAV,Telephone Field,recover-20221013,001,1795
867.9565,867.965,28046,39486,Eptesicus serotinus,0.011,0.03,-1,Echolocation,/mnt/ubna_data_02_mir/recover-20221013/UBNA_001/20221012_030000.WAV,Telephone Field,recover-20221013,001,1795
867.9885,867.9993,28046,39000,Eptesicus serotinus,0.013,0.025,-1,Echolocation,/mnt/ubna_data_02_mir/recover-20221013/UBNA_001/20221012_030000.WAV,Telephone Field,recover-20221013,001,1795
868.0015,868.0098,23750,32441,Nyctalus leisleri,0.009,0.029,-1,Echolocation,/mnt/ubna_data_02_mir/recover-20221013/UBNA_001/20221012_030000.WAV,Telephone Field,recover-20221013,001,1795
868.0015,868.0313,69296,80686,Rhinolophus ferrumequinum,0.024,0.025,-1,Echolocation,/mnt/ubna_data_02_mir/recover-20221013/UBNA_001/20221012_030000.WAV,Telephone Field,recover-20221013,001,1795
868.0225,868.0308,26328,38210,Eptesicus serotinus,0.008,0.025,-1,Echolocation,/mnt/ubna_data_02_mir/recover-20221013/UBNA_001/20221012_030000.WAV,Telephone Field,recover-20221013,001,1795
868.0585,868.0683,24609,31555,Nyctalus leisleri,0.008,0.024,-1,Echolocation,/mnt/ubna_data_02_mir/recover-20221013/UBNA_001/20221012_030000.WAV,Telephone Field,recover-20221013,001,1795
868.0665,868.1054,68437,82130,Rhinolophus ferrumequinum,0.028,0.028,-1,Echolocation,/mnt/ubna_data_02_mir/recover-20221013/UBNA_001/20221012_030000.WAV,Telephone Field,recover-20221013,001,1795
868.0725,868.0788,24609,37900,Plecotus austriacus,0.017,0.042,-1,Echolocation,/mnt/ubna_data_02_mir/recover-20221013/UBNA_001/20221012_030000.WAV,Telephone Field,recover-20221013,001,1795
868.0925,868.1273,68437,81700,Rhinolophus ferrumequinum,0.023,0.023,-1,Echolocation,/mnt/ubna_data_02_mir/recover-20221013/UBNA_001/20221012_030000.WAV,Telephone Field,recover-20221013,001,1795
868.1405,868.1781,68437,82546,Rhinolophus ferrumequinum,0.026,0.026,-1,Echolocation,/mnt/ubna_data_02_mir/recover-20221013/UBNA_001/20221012_030000.WAV,Telephone Field,recover-20221013,001,1795
868.1815,868.2225,68437,82891,Rhinolophus ferrumequinum,0.032,0.032,-1,Echolocation,/mnt/ubna_data_02_mir/recover-20221013/UBNA_001/20221012_030000.WAV,Telephone Field,recover-20221013,001,1795
868.1845,868.1902,27187,41116,Myotis daubentonii,0.006,0.03,-1,Echolocation,/mnt/ubna_data_02_mir/recover-20221013/UBNA_001/20221012_030000.WAV,Telephone Field,recover-20221013,001,1795
868.1965,868.2067,22890,28223,Nyctalus leisleri,0.011,0.023,-1,Echolocation,/mnt/ubna_data_02_mir/recover-20221013/UBNA_001/20221012_030000.WAV,Telephone Field,recover-20221013,001,1795
868.2415,868.2786,68437,81299,Rhinolophus ferrumequinum,0.022,0.022,-1,Echolocation,/mnt/ubna_data_02_mir/recover-20221013/UBNA_001/20221012_030000.WAV,Telephone Field,recover-20221013,001,1795
868.2805,868.3215,68437,82852,Rhinolophus ferrumequinum,0.027,0.027,-1,Echolocation,/mnt/ubna_data_02_mir/recover-20221013/UBNA_001/20221012_030000.WAV,Telephone Field,recover-20221013,001,1795
868.2805,868.2936,25468,30378,Nyctalus leisleri,0.016,0.036,-1,Echolocation,/mnt/ubna_data_02_mir/recover-20221013/UBNA_001/20221012_030000.WAV,Telephone Field,recover-20221013,001,1795
868.2885,868.2956,27187,40126,Eptesicus serotinus,0.007,0.027,-1,Echolocation,/mnt/ubna_data_02_mir/recover-20221013/UBNA_001/20221012_030000.WAV,Telephone Field,recover-20221013,001,1795
868.3055,868.3174,29765,37183,Eptesicus serotinus,0.017,0.032,-1,Echolocation,/mnt/ubna_data_02_mir/recover-20221013/UBNA_001/20221012_030000.WAV,Telephone Field,recover-20221013,001,1795
868.3165,868.3574,68437,82719,Rhinolophus ferrumequinum,0.033,0.033,-1,Echolocation,/mnt/ubna_data_02_mir/recover-20221013/UBNA_001/20221012_030000.WAV,Telephone Field,recover-20221013,001,1795
868.3675,868.376,23750,32241,Plecotus austriacus,0.008,0.023,-1,Echolocation,/mnt/ubna_data_02_mir/recover-20221013/UBNA_001/20221012_030000.WAV,Telephone Field,recover-20221013,001,1795
868.3885,868.4278,68437,82584,Rhinolophus ferrumequinum,0.025,0.025,-1,Echolocation,/mnt/ubna_data_02_mir/recover-20221013/UBNA_001/20221012_030000.WAV,Telephone Field,recover-20221013,001,1795
868.4305,868.4415,22890,28374,Nyctalus leisleri,0.012,0.026,-1,Echolocation,/mnt/ubna_data_02_mir/recover-20221013/UBNA_001/20221012_030000.WAV,Telephone Field,recover-20221013,001,1795
868.4755,868.5121,68437,82197,Rhinolophus ferrumequinum,0.022,0.023,-1,Echolocation,/mnt/ubna_data_02_mir/recover-20221013/UBNA_001/20221012_030000.WAV,Telephone Field,recover-20221013,001,1795
868.5005,868.5424,68437,82792,Rhinolophus ferrumequinum,0.023,0.023,-1,Echolocation,/mnt/ubna_data_02_mir/recover-20221013/UBNA_001/20221012_030000.WAV,Telephone Field,recover-20221013,001,1795
868.5155,868.55,68437,81827,Rhinolophus ferrumequinum,0.024,0.024,-1,Echolocation,/mnt/ubna_data_02_mir/recover-20221013/UBNA_001/20221012_030000.WAV,Telephone Field,recover-20221013,001,1795
868.5305,868.5674,68437,81613,Rhinolophus ferrumequinum,0.022,0.022,-1,Echolocation,/mnt/ubna_data_02_mir/recover-20221013/UBNA_001/20221012_030000.WAV,Telephone Field,recover-20221013,001,1795
868.5475,868.5569,26328,34270,Eptesicus serotinus,0.012,0.03,-1,Echolocation,/mnt/ubna_data_02_mir/recover-20221013/UBNA_001/20221012_030000.WAV,Telephone Field,recover-20221013,001,1795
868.5605,868.5992,68437,82228,Rhinolophus ferrumequinum,0.026,0.026,-1,Echolocation,/mnt/ubna_data_02_mir/recover-20221013/UBNA_001/20221012_030000.WAV,Telephone Field,recover-20221013,001,1795
868.5835,868.6198,68437,81711,Rhinolophus ferrumequinum,0.034,0.034,-1,Echolocation,/mnt/ubna_data_02_mir/recover-20221013/UBNA_001/20221012_030000.WAV,Telephone Field,recover-20221013,001,1795
868.6375,868.6749,68437,81887,Rhinolophus ferrumequinum,0.028,0.028,-1,Echolocation,/mnt/ubna_data_02_mir/recover-20221013/UBNA_001/20221012_030000.WAV,Telephone Field,recover-20221013,001,1795
868.6385,868.6482,24609,32973,Eptesicus serotinus,0.009,0.028,-1,Echolocation,/mnt/ubna_data_02_mir/recover-20221013/UBNA_001/20221012_030000.WAV,Telephone Field,recover-20221013,001,1795
868.6755,868.7176,68437,82978,Rhinolophus ferrumequinum,0.026,0.026,-1,Echolocation,/mnt/ubna_data_02_mir/recover-20221013/UBNA_001/20221012_030000.WAV,Telephone Field,recover-20221013,001,1795
868.7295,868.7405,22031,26099,Nyctalus leisleri,0.014,0.026,-1,Echolocation,/mnt/ubna_data_02_mir/recover-20221013/UBNA_001/20221012_030000.WAV,Telephone Field,recover-20221013,001,1795
868.7645,868.8002,68437,81833,Rhinolophus ferrumequinum,0.026,0.026,-1,Echolocation,/mnt/ubna_data_02_mir/recover-20221013/UBNA_001/20221012_030000.WAV,Telephone Field,recover-20221013,001,1795
868.7805,868.7882,27187,41168,Eptesicus serotinus,0.007,0.023,-1,Echolocation,/mnt/ubna_data_02_mir/recover-20221013/UBNA_001/20221012_030000.WAV,Telephone Field,recover-20221013,001,1795
868.7995,868.8364,68437,82047,Rhinolophus ferrumequinum,0.022,0.022,-1,Echolocation,/mnt/ubna_data_02_mir/recover-20221013/UBNA_001/20221012_030000.WAV,Telephone Field,recover-20221013,001,1795
868.8285,868.8679,68437,82529,Rhinolophus ferrumequinum,0.025,0.025,-1,Echolocation,/mnt/ubna_data_02_mir/recover-20221013/UBNA_001/20221012_030000.WAV,Telephone Field,recover-20221013,001,1795
868.8405,868.8587,16015,21038,Nyctalus noctula,0.027,0.035,-1,Echolocation,/mnt/ubna_data_02_mir/recover-20221013/UBNA_001/20221012_030000.WAV,Telephone Field,recover-20221013,001,1795
868.8605,868.8727,23750,29621,Nyctalus leisleri,0.016,0.033,-1,Echolocation,/mnt/ubna_data_02_mir/recover-20221013/UBNA_001/20221012_030000.WAV,Telephone Field,recover-20221013,001,1795
868.8645,868.9012,68437,81968,Rhinolophus ferrumequinum,0.024,0.024,-1,Echolocation,/mnt/ubna_data_02_mir/recover-20221013/UBNA_001/20221012_030000.WAV,Telephone Field,recover-20221013,001,1795
868.8745,868.8852,22890,28066,Nyctalus leisleri,0.013,0.028,-1,Echolocation,/mnt/ubna_data_02_mir/recover-20221013/UBNA_001/20221012_030000.WAV,Telephone Field,recover-20221013,001,1795
868.8835,868.9124,68437,79809,Rhinolophus ferrumequinum,0.023,0.023,-1,Echolocation,/mnt/ubna_data_02_mir/recover-20221013/UBNA_001/20221012_030000.WAV,Telephone Field,recover-20221013,001,1795
868.8895,868.901,37500,41410,Pipistrellus nathusii,0.019,0.028,-1,Echolocation,/mnt/ubna_data_02_mir/recover-20221013/UBNA_001/20221012_030000.WAV,Telephone Field,recover-20221013,001,1795
868.8995,868.9394,68437,82869,Rhinolophus ferrumequinum,0.034,0.034,-1,Echolocation,/mnt/ubna_data_02_mir/recover-20221013/UBNA_001/20221012_030000.WAV,Telephone Field,recover-20221013,001,1795
868.9325,868.9726,68437,82461,Rhinolophus ferrumequinum,0.023,0.023,-1,Echolocation,/mnt/ubna_data_02_mir/recover-20221013/UBNA_001/20221012_030000.WAV,Telephone Field,recover-20221013,001,1795
868.9425,868.9845,68437,82650,Rhinolophus ferrumequinum,0.023,0.023,-1,Echolocation,/mnt/ubna_data_02_mir/recover-20221013/UBNA_001/20221012_030000.WAV,Telephone Field,recover-20221013,001,1795
868.9575,868.9938,68437,81912,Rhinolophus ferrumequinum,0.023,0.023,-1,Echolocation,/mnt/ubna_data_02_mir/recover-20221013/UBNA_001/20221012_030000.WAV,Telephone Field,recover-20221013,001,1795
868.9665,868.9743,28046,39720,Eptesicus serotinus,0.008,0.024,-1,Echolocation,/mnt/ubna_data_02_mir/recover-20221013/UBNA_001/20221012_030000.WAV,Telephone Field,recover-20221013,001,1795
868.9985,869.0365,68437,81736,Rhinolophus ferrumequinum,0.024,0.024,-1,Echolocation,/mnt/ubna_data_02_mir/recover-20221013/UBNA_001/20221012_030000.WAV,Telephone Field,recover-20221013,001,1795
869.0065,869.0436,68437,82258,Rhinolophus ferrumequinum,0.023,0.023,-1,Echolocation,/mnt/ubna_data_02_mir/recover-20221013/UBNA_001/20221012_030000.WAV,Telephone Field,recover-20221013,001,1795
869.0275,869.0651,68437,82683,Rhinolophus ferrumequinum,0.023,0.023,-1,Echolocation,/mnt/ubna_data_02_mir/recover-20221013/UBNA_001/20221012_030000.WAV,Telephone Field,recover-20221013,001,1795
869.0545,869.0932,68437,82561,Rhinolophus ferrumequinum,0.024,0.024,-1,Echolocation,/mnt/ubna_data_02_mir/recover-20221013/UBNA_001/20221012_030000.WAV,Telephone Field,recover-20221013,001,1795
869.0775,869.0866,22890,29338,Plecotus austriacus,0.009,0.024,-1,Echolocation,/mnt/ubna_data_02_mir/recover-20221013/UBNA_001/20221012_030000.WAV,Telephone Field,recover-20221013,001,1795
869.1245,869.1637,68437,82602,Rhinolophus ferrumequinum,0.024,0.024,-1,Echolocation,/mnt/ubna_data_02_mir/recover-20221013/UBNA_001/20221012_030000.WAV,Telephone Field,recover-20221013,001,1795
869.1415,869.1804,68437,82684,Rhinolophus ferrumequinum,0.036,0.036,-1,Echolocation,/mnt/ubna_data_02_mir/recover-20221013/UBNA_001/20221012_030000.WAV,Telephone Field,recover-20221013,001,1795
869.1495,869.157,24609,33873,Plecotus austriacus,0.008,0.023,-1,Echolocation,/mnt/ubna_data_02_mir/recover-20221013/UBNA_001/20221012_030000.WAV,Telephone Field,recover-20221013,001,1795
869.1575,869.194,68437,82801,Rhinolophus ferrumequinum,0.025,0.025,-1,Echolocation,/mnt/ubna_data_02_mir/recover-20221013/UBNA_001/20221012_030000.WAV,Telephone Field,recover-20221013,001,1795
869.1915,869.2275,68437,81302,Rhinolophus ferrumequinum,0.023,0.023,-1,Echolocation,/mnt/ubna_data_02_mir/recover-20221013/UBNA_001/20221012_030000.WAV,Telephone Field,recover-20221013,001,1795
869.2045,869.2391,68437,81794,Rhinolophus ferrumequinum,0.024,0.024,-1,Echolocation,/mnt/ubna_data_02_mir/recover-20221013/UBNA_001/20221012_030000.WAV,Telephone Field,recover-20221013,001,1795
869.2345,869.2732,68437,82638,Rhinolophus ferrumequinum,0.025,0.025,-1,Echolocation,/mnt/ubna_data_02_mir/recover-20221013/UBNA_001/20221012_030000.WAV,Telephone Field,recover-20221013,001,1795
869.2665,869.2747,27187,37052,Eptesicus serotinus,0.008,0.023,-1,Echolocation,/mnt/ubna_data_02_mir/recover-20221013/UBNA_001/20221012_030000.WAV,Telephone Field,recover-20221013,001,1795
869.2865,869.3277,68437,82694,Rhinolophus ferrumequinum,0.032,0.032,-1,Echolocation,/mnt/ubna_data_02_mir/recover-20221013/UBNA_001/20221012_030000.WAV,Telephone Field,recover-20221013,001,1795
869.3005,869.3114,14296,19806,Nyctalus noctula,0.016,0.028,-1,Echolocation,/mnt/ubna_data_02_mir/recover-20221013/UBNA_001/20221012_030000.WAV,Telephone Field,recover-20221013,001,1795
869.3195,869.3567,68437,81815,Rhinolophus ferrumequinum,0.023,0.023,-1,Echolocation,/mnt/ubna_data_02_mir/recover-20221013/UBNA_001/20221012_030000.WAV,Telephone Field,recover-20221013,001,1795
869.3355,869.3739,68437,81546,Rhinolophus ferrumequinum,0.027,0.027,-1,Echolocation,/mnt/ubna_data_02_mir/recover-20221013/UBNA_001/20221012_030000.WAV,Telephone Field,recover-20221013,001,1795
869.3645,869.3995,68437,80809,Rhinolophus ferrumequinum,0.065,0.065,-1,Echolocation,/mnt/ubna_data_02_mir/recover-20221013/UBNA_001/20221012_030000.WAV,Telephone Field,recover-20221013,001,1795
869.4245,869.4621,68437,81688,Rhinolophus ferrumequinum,0.031,0.031,-1,Echolocation,/mnt/ubna_data_02_mir/recover-20221013/UBNA_001/20221012_030000.WAV,Telephone Field,recover-20221013,001,1795
869.4285,869.4391,23750,30005,Nyctalus leisleri,0.008,0.022,-1,Echolocation,/mnt/ubna_data_02_mir/recover-20221013/UBNA_001/20221012_030000.WAV,Telephone Field,recover-20221013,001,1795
869.4385,869.4764,68437,82560,Rhinolophus ferrumequinum,0.022,0.022,-1,Echolocation,/mnt/ubna_data_02_mir/recover-20221013/UBNA_001/20221012_030000.WAV,Telephone Field,recover-20221013,001,1795
869.4595,869.5008,68437,82797,Rhinolophus ferrumequinum,0.023,0.023,-1,Echolocation,/mnt/ubna_data_02_mir/recover-20221013/UBNA_001/20221012_030000.WAV,Telephone Field,recover-20221013,001,1795
869.5005,869.5348,68437,81563,Rhinolophus ferrumequinum,0.025,0.025,-1,Echolocation,/mnt/ubna_data_02_mir/recover-20221013/UBNA_001/20221012_030000.WAV,Telephone Field,recover-20221013,001,1795
869.5175,869.5575,68437,82523,Rhinolophus ferrumequinum,0.028,0.028,-1,Echolocation,/mnt/ubna_data_02_mir/recover-20221013/UBNA_001/20221012_030000.WAV,Telephone Field,recover-20221013,001,1795
869.5335,869.5671,68437,82226,Rhinolophus ferrumequinum,0.023,0.024,-1,Echolocation,/mnt/ubna_data_02_mir/recover-20221013/UBNA_001/20221012_030000.WAV,Telephone Field,recover-20221013,001,1795
869.5595,869.5975,68437,82306,Rhinolophus ferrumequinum,0.023,0.023,-1,Echolocation,/mnt/ubna_data_02_mir/recover-20221013/UBNA_001/20221012_030000.WAV,Telephone Field,recover-20221013,001,1795
869.5875,869.6301,68437,83431,Rhinolophus ferrumequinum,0.044,0.044,-1,Echolocation,/mnt/ubna_data_02_mir/recover-20221013/UBNA_001/20221012_030000.WAV,Telephone Field,recover-20221013,001,1795
869.6395,869.6765,68437,82423,Rhinolophus ferrumequinum,0.027,0.027,-1,Echolocation,/mnt/ubna_data_02_mir/recover-20221013/UBNA_001/20221012_030000.WAV,Telephone Field,recover-20221013,001,1795
869.6625,869.6727,24609,31566,Nyctalus leisleri,0.013,0.034,-1,Echolocation,/mnt/ubna_data_02_mir/recover-20221013/UBNA_001/20221012_030000.WAV,Telephone Field,recover-20221013,001,1795
869.6725,869.7136,68437,82872,Rhinolophus ferrumequinum,0.025,0.025,-1,Echolocation,/mnt/ubna_data_02_mir/recover-20221013/UBNA_001/20221012_030000.WAV,Telephone Field,recover-20221013,001,1795
869.6965,869.736,68437,82791,Rhinolophus ferrumequinum,0.024,0.024,-1,Echolocation,/mnt/ubna_data_02_mir/recover-20221013/UBNA_001/20221012_030000.WAV,Telephone Field,recover-20221013,001,1795
869.7015,869.7115,24609,31911,Nyctalus leisleri,0.009,0.025,-1,Echolocation,/mnt/ubna_data_02_mir/recover-20221013/UBNA_001/20221012_030000.WAV,Telephone Field,recover-20221013,001,1795
869.7155,869.7527,68437,82223,Rhinolophus ferrumequinum,0.022,0.023,-1,Echolocation,/mnt/ubna_data_02_mir/recover-20221013/UBNA_001/20221012_030000.WAV,Telephone Field,recover-20221013,001,1795
869.7275,869.7334,28046,42914,Eptesicus serotinus,0.009,0.038,-1,Echolocation,/mnt/ubna_data_02_mir/recover-20221013/UBNA_001/20221012_030000.WAV,Telephone Field,recover-20221013,001,1795
869.7325,869.7706000000001,68437,82660,Rhinolophus ferrumequinum,0.024,0.024,-1,Echolocation,/mnt/ubna_data_02_mir/recover-20221013/UBNA_001/20221012_030000.WAV,Telephone Field,recover-20221013,001,1795
869.7405,869.7802,68437,82246,Rhinolophus ferrumequinum,0.024,0.024,-1,Echolocation,/mnt/ubna_data_02_mir/recover-20221013/UBNA_001/20221012_030000.WAV,Telephone Field,recover-20221013,001,1795
869.7805,869.7937,38359,41610,Pipistrellus nathusii,0.06,0.074,-1,Echolocation,/mnt/ubna_data_02_mir/recover-20221013/UBNA_001/20221012_030000.WAV,Telephone Field,recover-20221013,001,1795
869.7925,869.7971,29765,48781,Myotis daubentonii,0.013,0.044,-1,Echolocation,/mnt/ubna_data_02_mir/recover-20221013/UBNA_001/20221012_030000.WAV,Telephone Field,recover-20221013,001,1795
869.8645,869.8717,26328,39088,Eptesicus serotinus,0.006,0.027,-1,Echolocation,/mnt/ubna_data_02_mir/recover-20221013/UBNA_001/20221012_030000.WAV,Telephone Field,recover-20221013,001,1795
869.8765,869.9179,68437,81982,Rhinolophus ferrumequinum,0.066,0.066,-1,Echolocation,/mnt/ubna_data_02_mir/recover-20221013/UBNA_001/20221012_030000.WAV,Telephone Field,recover-20221013,001,1795
869.8965,869.906,25468,32956,Nyctalus leisleri,0.009,0.027,-1,Echolocation,/mnt/ubna_data_02_mir/recover-20221013/UBNA_001/20221012_030000.WAV,Telephone Field,recover-20221013,001,1795
869.9235,869.9653,68437,82892,Rhinolophus ferrumequinum,0.048,0.048,-1,Echolocation,/mnt/ubna_data_02_mir/recover-20221013/UBNA_001/20221012_030000.WAV,Telephone Field,recover-20221013,001,1795
869.9785,869.9879,22890,29637,Nyctalus leisleri,0.008,0.025,-1,Echolocation,/mnt/ubna_data_02_mir/recover-20221013/UBNA_001/20221012_030000.WAV,Telephone Field,recover-20221013,001,1795
870.0015,870.0128,21171,26077,Nyctalus leisleri,0.011,0.023,-1,Echolocation,/mnt/ubna_data_02_mir/recover-20221013/UBNA_001/20221012_030000.WAV,Telephone Field,recover-20221013,001,1795
870.0015,870.0325,68437,79837,Rhinolophus ferrumequinum,0.026,0.026,-1,Echolocation,/mnt/ubna_data_02_mir/recover-20221013/UBNA_001/20221012_030000.WAV,Telephone Field,recover-20221013,001,1795
870.0085,870.0489,68437,82372,Rhinolophus ferrumequinum,0.029,0.029,-1,Echolocation,/mnt/ubna_data_02_mir/recover-20221013/UBNA_001/20221012_030000.WAV,Telephone Field,recover-20221013,001,1795
870.0135,870.0215,27187,37475,Eptesicus serotinus,0.006,0.022,-1,Echolocation,/mnt/ubna_data_02_mir/recover-20221013/UBNA_001/20221012_030000.WAV,Telephone Field,recover-20221013,001,1795
870.0585,870.0689,27187,35995,Eptesicus serotinus,0.012,0.027,-1,Echolocation,/mnt/ubna_data_02_mir/recover-20221013/UBNA_001/20221012_030000.WAV,Telephone Field,recover-20221013,001,1795
870.1115,870.1505,68437,82452,Rhinolophus ferrumequinum,0.025,0.025,-1,Echolocation,/mnt/ubna_data_02_mir/recover-20221013/UBNA_001/20221012_030000.WAV,Telephone Field,recover-20221013,001,1795
870.1825,870.2208,68437,82393,Rhinolophus ferrumequinum,0.022,0.022,-1,Echolocation,/mnt/ubna_data_02_mir/recover-20221013/UBNA_001/20221012_030000.WAV,Telephone Field,recover-20221013,001,1795
870.2295,870.2382,26328,36675,Eptesicus serotinus,0.008,0.022,-1,Echolocation,/mnt/ubna_data_02_mir/recover-20221013/UBNA_001/20221012_030000.WAV,Telephone Field,recover-20221013,001,1795
870.2395,870.2771,68437,81600,Rhinolophus ferrumequinum,0.022,0.022,-1,Echolocation,/mnt/ubna_data_02_mir/recover-20221013/UBNA_001/20221012_030000.WAV,Telephone Field,recover-20221013,001,1795
870.2645,870.2732,28046,36870,Eptesicus serotinus,0.007,0.021,-1,Echolocation,/mnt/ubna_data_02_mir/recover-20221013/UBNA_001/20221012_030000.WAV,Telephone Field,recover-20221013,001,1795
870.3475,870.3859,68437,82458,Rhinolophus ferrumequinum,0.023,0.023,-1,Echolocation,/mnt/ubna_data_02_mir/recover-20221013/UBNA_001/20221012_030000.WAV,Telephone Field,recover-20221013,001,1795
870.4215,870.4667,68437,83710,Rhinolophus ferrumequinum,0.038,0.038,-1,Echolocation,/mnt/ubna_data_02_mir/recover-20221013/UBNA_001/20221012_030000.WAV,Telephone Field,recover-20221013,001,1795
870.4485,870.4566,28046,39153,Eptesicus serotinus,0.008,0.025,-1,Echolocation,/mnt/ubna_data_02_mir/recover-20221013/UBNA_001/20221012_030000.WAV,Telephone Field,recover-20221013,001,1795
870.4935,870.5054,37500,42096,Pipistrellus nathusii,0.01,0.024,-1,Echolocation,/mnt/ubna_data_02_mir/recover-20221013/UBNA_001/20221012_030000.WAV,Telephone Field,recover-20221013,001,1795
870.5115,870.5483,68437,81680,Rhinolophus ferrumequinum,0.021,0.021,-1,Echolocation,/mnt/ubna_data_02_mir/recover-20221013/UBNA_001/20221012_030000.WAV,Telephone Field,recover-20221013,001,1795
870.5235,870.5638,68437,81964,Rhinolophus ferrumequinum,0.024,0.024,-1,Echolocation,/mnt/ubna_data_02_mir/recover-20221013/UBNA_001/20221012_030000.WAV,Telephone Field,recover-20221013,001,1795
870.5395,870.5497,27187,35266,Eptesicus serotinus,0.012,0.028,-1,Echolocation,/mnt/ubna_data_02_mir/recover-20221013/UBNA_001/20221012_030000.WAV,Telephone Field,recover-20221013,001,1795
870.5575,870.5661,28046,37640,Eptesicus serotinus,0.011,0.028,-1,Echolocation,/mnt/ubna_data_02_mir/recover-20221013/UBNA_001/20221012_030000.WAV,Telephone Field,recover-20221013,001,1795
870.5865,870.6243,68437,82176,Rhinolophus ferrumequinum,0.022,0.022,-1,Echolocation,/mnt/ubna_data_02_mir/recover-20221013/UBNA_001/20221012_030000.WAV,Telephone Field,recover-20221013,001,1795
870.5915,870.5997,28046,37593,Eptesicus serotinus,0.011,0.029,-1,Echolocation,/mnt/ubna_data_02_mir/recover-20221013/UBNA_001/20221012_030000.WAV,Telephone Field,recover-20221013,001,1795
870.6175,870.6249,26328,37655,Eptesicus serotinus,0.006,0.022,-1,Echolocation,/mnt/ubna_data_02_mir/recover-20221013/UBNA_001/20221012_030000.WAV,Telephone Field,recover-20221013,001,1795
870.6405,870.6502,27187,36445,Eptesicus serotinus,0.01,0.023,-1,Echolocation,/mnt/ubna_data_02_mir/recover-20221013/UBNA_001/20221012_030000.WAV,Telephone Field,recover-20221013,001,1795
870.6475,870.6882,68437,82964,Rhinolophus ferrumequinum,0.023,0.023,-1,Echolocation,/mnt/ubna_data_02_mir/recover-20221013/UBNA_001/20221012_030000.WAV,Telephone Field,recover-20221013,001,1795
870.6905,870.7265,68437,81018,Rhinolophus ferrumequinum,0.024,0.024,-1,Echolocation,/mnt/ubna_data_02_mir/recover-20221013/UBNA_001/20221012_030000.WAV,Telephone Field,recover-20221013,001,1795
870.7555,870.7982,68437,82779,Rhinolophus ferrumequinum,0.024,0.024,-1,Echolocation,/mnt/ubna_data_02_mir/recover-20221013/UBNA_001/20221012_030000.WAV,Telephone Field,recover-20221013,001,1795
870.7715,870.8097,68437,82159,Rhinolophus ferrumequinum,0.023,0.023,-1,Echolocation,/mnt/ubna_data_02_mir/recover-20221013/UBNA_001/20221012_030000.WAV,Telephone Field,recover-20221013,001,1795
870.7805,870.813,68437,80849,Rhinolophus ferrumequinum,0.022,0.022,-1,Echolocation,/mnt/ubna_data_02_mir/recover-20221013/UBNA_001/20221012_030000.WAV,Telephone Field,recover-20221013,001,1795
870.8105,870.8472,68437,82580,Rhinolophus ferrumequinum,0.028,0.028,-1,Echolocation,/mnt/ubna_data_02_mir/recover-20221013/UBNA_001/20221012_030000.WAV,Telephone Field,recover-20221013,001,1795
870.8435,870.8803,68437,81443,Rhinolophus ferrumequinum,0.022,0.023,-1,Echolocation,/mnt/ubna_data_02_mir/recover-20221013/UBNA_001/20221012_030000.WAV,Telephone Field,recover-20221013,001,1795
870.8725,870.9077,68437,81800,Rhinolophus ferrumequinum,0.032,0.032,-1,Echolocation,/mnt/ubna_data_02_mir/recover-20221013/UBNA_001/20221012_030000.WAV,Telephone Field,recover-20221013,001,1795
870.9025,870.9421,68437,81850,Rhinolophus ferrumequinum,0.022,0.022,-1,Echolocation,/mnt/ubna_data_02_mir/recover-20221013/UBNA_001/20221012_030000.WAV,Telephone Field,recover-20221013,001,1795
870.9245,870.9319,40937,50594,Myotis daubentonii,0.007,0.021,-1,Echolocation,/mnt/ubna_data_02_mir/recover-20221013/UBNA_001/20221012_030000.WAV,Telephone Field,recover-20221013,001,1795
870.9295,870.9377,27187,39762,Eptesicus serotinus,0.008,0.024,-1,Echolocation,/mnt/ubna_data_02_mir/recover-20221013/UBNA_001/20221012_030000.WAV,Telephone Field,recover-20221013,001,1795
870.9305,870.9385,45234,50123,Pipistrellus pipistrellus,0.024,0.027,-1,Echolocation,/mnt/ubna_data_02_mir/recover-20221013/UBNA_001/20221012_030000.WAV,Telephone Field,recover-20221013,001,1795
870.9605,870.9995,68437,82296,Rhinolophus ferrumequinum,0.023,0.023,-1,Echolocation,/mnt/ubna_data_02_mir/recover-20221013/UBNA_001/20221012_030000.WAV,Telephone Field,recover-20221013,001,1795
871.0035,871.016,22890,27920,Nyctalus leisleri,0.019,0.038,-1,Echolocation,/mnt/ubna_data_02_mir/recover-20221013/UBNA_001/20221012_030000.WAV,Telephone Field,recover-20221013,001,1795
871.0055,871.0432,68437,82273,Rhinolophus ferrumequinum,0.022,0.023,-1,Echolocation,/mnt/ubna_data_02_mir/recover-20221013/UBNA_001/20221012_030000.WAV,Telephone Field,recover-20221013,001,1795
871.0255,871.0316,27187,42045,Eptesicus serotinus,0.005,0.024,-1,Echolocation,/mnt/ubna_data_02_mir/recover-20221013/UBNA_001/20221012_030000.WAV,Telephone Field,recover-20221013,001,1795
871.0335,871.0718,68437,82253,Rhinolophus ferrumequinum,0.021,0.022,-1,Echolocation,/mnt/ubna_data_02_mir/recover-20221013/UBNA_001/20221012_030000.WAV,Telephone Field,recover-20221013,001,1795
871.0425,871.0488,23750,36448,Plecotus austriacus,0.016,0.036,-1,Echolocation,/mnt/ubna_data_02_mir/recover-20221013/UBNA_001/20221012_030000.WAV,Telephone Field,recover-20221013,001,1795
871.0655,871.1088,68437,83180,Rhinolophus ferrumequinum,0.053,0.053,-1,Echolocation,/mnt/ubna_data_02_mir/recover-20221013/UBNA_001/20221012_030000.WAV,Telephone Field,recover-20221013,001,1795
871.0905,871.126,68437,81671,Rhinolophus ferrumequinum,0.021,0.021,-1,Echolocation,/mnt/ubna_data_02_mir/recover-20221013/UBNA_001/20221012_030000.WAV,Telephone Field,recover-20221013,001,1795
871.1005,871.1108,27187,35000,Eptesicus serotinus,0.015,0.028,-1,Echolocation,/mnt/ubna_data_02_mir/recover-20221013/UBNA_001/20221012_030000.WAV,Telephone Field,recover-20221013,001,1795
871.1355,871.1783,68437,83409,Rhinolophus ferrumequinum,0.047,0.047,-1,Echolocation,/mnt/ubna_data_02_mir/recover-20221013/UBNA_001/20221012_030000.WAV,Telephone Field,recover-20221013,001,1795
871.3165,871.3235,26328,40518,Eptesicus serotinus,0.006,0.024,-1,Echolocation,/mnt/ubna_data_02_mir/recover-20221013/UBNA_001/20221012_030000.WAV,Telephone Field,recover-20221013,001,1795
871.3435,871.378,68437,80930,Rhinolophus ferrumequinum,0.023,0.023,-1,Echolocation,/mnt/ubna_data_02_mir/recover-20221013/UBNA_001/20221012_030000.WAV,Telephone Field,recover-20221013,001,1795
871.3585,871.3953,68437,81845,Rhinolophus ferrumequinum,0.023,0.023,-1,Echolocation,/mnt/ubna_data_02_mir/recover-20221013/UBNA_001/20221012_030000.WAV,Telephone Field,recover-20221013,001,1795
871.3735,871.4128,68437,82373,Rhinolophus ferrumequinum,0.022,0.022,-1,Echolocation,/mnt/ubna_data_02_mir/recover-20221013/UBNA_001/20221012_030000.WAV,Telephone Field,recover-20221013,001,1795
871.3785,871.3888,24609,31980,Nyctalus leisleri,0.008,0.024,-1,Echolocation,/mnt/ubna_data_02_mir/recover-20221013/UBNA_001/20221012_030000.WAV,Telephone Field,recover-20221013,001,1795
871.3815,871.4219,68437,82721,Rhinolophus ferrumequinum,0.022,0.022,-1,Echolocation,/mnt/ubna_data_02_mir/recover-20221013/UBNA_001/20221012_030000.WAV,Telephone Field,recover-20221013,001,1795
871.3825,871.3893,50390,55023,Pipistrellus pipistrellus,0.021,0.023,-1,Echolocation,/mnt/ubna_data_02_mir/recover-20221013/UBNA_001/20221012_030000.WAV,Telephone Field,recover-20221013,001,1795
871.4125,871.4204,28046,42912,Eptesicus serotinus,0.006,0.021,-1,Echolocation,/mnt/ubna_data_02_mir/recover-20221013/UBNA_001/20221012_030000.WAV,Telephone Field,recover-20221013,001,1795
871.4135,871.4519,68437,81954,Rhinolophus ferrumequinum,0.022,0.022,-1,Echolocation,/mnt/ubna_data_02_mir/recover-20221013/UBNA_001/20221012_030000.WAV,Telephone Field,recover-20221013,001,1795
871.4635,871.4709,27187,37471,Eptesicus serotinus,0.006,0.023,-1,Echolocation,/mnt/ubna_data_02_mir/recover-20221013/UBNA_001/20221012_030000.WAV,Telephone Field,recover-20221013,001,1795
871.4805,871.5215,68437,83073,Rhinolophus ferrumequinum,0.024,0.024,-1,Echolocation,/mnt/ubna_data_02_mir/recover-20221013/UBNA_001/20221012_030000.WAV,Telephone Field,recover-20221013,001,1795
871.4985,871.5088,31484,38843,Eptesicus serotinus,0.007,0.024,-1,Echolocation,/mnt/ubna_data_02_mir/recover-20221013/UBNA_001/20221012_030000.WAV,Telephone Field,recover-20221013,001,1795
871.5085,871.5222,14296,19218,Nyctalus noctula,0.015,0.024,-1,Echolocation,/mnt/ubna_data_02_mir/recover-20221013/UBNA_001/20221012_030000.WAV,Telephone Field,recover-20221013,001,1795
871.5525,871.56,28046,38937,Eptesicus serotinus,0.006,0.021,-1,Echolocation,/mnt/ubna_data_02_mir/recover-20221013/UBNA_001/20221012_030000.WAV,Telephone Field,recover-20221013,001,1795
871.6285,871.6393,14296,21678,Nyctalus noctula,0.011,0.021,-1,Echolocation,/mnt/ubna_data_02_mir/recover-20221013/UBNA_001/20221012_030000.WAV,Telephone Field,recover-20221013,001,1795
871.6385,871.6816,68437,83316,Rhinolophus ferrumequinum,0.024,0.024,-1,Echolocation,/mnt/ubna_data_02_mir/recover-20221013/UBNA_001/20221012_030000.WAV,Telephone Field,recover-20221013,001,1795
871.6575,871.6677,26328,34100,Eptesicus serotinus,0.015,0.038,-1,Echolocation,/mnt/ubna_data_02_mir/recover-20221013/UBNA_001/20221012_030000.WAV,Telephone Field,recover-20221013,001,1795
871.6755,871.7107,68437,81416,Rhinolophus ferrumequinum,0.021,0.021,-1,Echolocation,/mnt/ubna_data_02_mir/recover-20221013/UBNA_001/20221012_030000.WAV,Telephone Field,recover-20221013,001,1795
871.6855,871.7248,68437,81854,Rhinolophus ferrumequinum,0.023,0.023,-1,Echolocation,/mnt/ubna_data_02_mir/recover-20221013/UBNA_001/20221012_030000.WAV,Telephone Field,recover-20221013,001,1795
871.6935,871.7013,24609,33172,Plecotus austriacus,0.007,0.021,-1,Echolocation,/mnt/ubna_data_02_mir/recover-20221013/UBNA_001/20221012_030000.WAV,Telephone Field,recover-20221013,001,1795
871.7005,871.7419,68437,83038,Rhinolophus ferrumequinum,0.027,0.027,-1,Echolocation,/mnt/ubna_data_02_mir/recover-20221013/UBNA_001/20221012_030000.WAV,Telephone Field,recover-20221013,001,1795
871.7235,871.7335,44375,49439,Pipistrellus pipistrellus,0.026,0.029,-1,Echolocation,/mnt/ubna_data_02_mir/recover-20221013/UBNA_001/20221012_030000.WAV,Telephone Field,recover-20221013,001,1795
871.7495,871.7863,68437,81362,Rhinolophus ferrumequinum,0.024,0.024,-1,Echolocation,/mnt/ubna_data_02_mir/recover-20221013/UBNA_001/20221012_030000.WAV,Telephone Field,recover-20221013,001,1795
871.7575,871.7976,68437,82803,Rhinolophus ferrumequinum,0.036,0.036,-1,Echolocation,/mnt/ubna_data_02_mir/recover-20221013/UBNA_001/20221012_030000.WAV,Telephone Field,recover-20221013,001,1795
871.7925,871.8008,28046,38932,Eptesicus serotinus,0.007,0.022,-1,Echolocation,/mnt/ubna_data_02_mir/recover-20221013/UBNA_001/20221012_030000.WAV,Telephone Field,recover-20221013,001,1795
871.8245,871.8655,68437,83374,Rhinolophus ferrumequinum,0.024,0.024,-1,Echolocation,/mnt/ubna_data_02_mir/recover-20221013/UBNA_001/20221012_030000.WAV,Telephone Field,recover-20221013,001,1795
871.8405,871.8786,68437,80931,Rhinolophus ferrumequinum,0.023,0.024,-1,Echolocation,/mnt/ubna_data_02_mir/recover-20221013/UBNA_001/20221012_030000.WAV,Telephone Field,recover-20221013,001,1795
871.8905,871.9293,68437,82077,Rhinolophus ferrumequinum,0.023,0.023,-1,Echolocation,/mnt/ubna_data_02_mir/recover-20221013/UBNA_001/20221012_030000.WAV,Telephone Field,recover-20221013,001,1795
871.9145,871.9214,28046,40297,Eptesicus serotinus,0.007,0.026,-1,Echolocation,/mnt/ubna_data_02_mir/recover-20221013/UBNA_001/20221012_030000.WAV,Telephone Field,recover-20221013,001,1795
871.9245,871.9645,68437,83484,Rhinolophus ferrumequinum,0.027,0.027,-1,Echolocation,/mnt/ubna_data_02_mir/recover-20221013/UBNA_001/20221012_030000.WAV,Telephone Field,recover-20221013,001,1795
871.9385,871.9452,30625,51586,Myotis daubentonii,0.012,0.022,-1,Echolocation,/mnt/ubna_data_02_mir/recover-20221013/UBNA_001/20221012_030000.WAV,Telephone Field,recover-20221013,001,1795
871.9475,871.9863,68437,82007,Rhinolophus ferrumequinum,0.021,0.021,-1,Echolocation,/mnt/ubna_data_02_mir/recover-20221013/UBNA_001/20221012_030000.WAV,Telephone Field,recover-20221013,001,1795
871.9765,871.987,26328,34862,Eptesicus serotinus,0.025,0.046,-1,Echolocation,/mnt/ubna_data_02_mir/recover-20221013/UBNA_001/20221012_030000.WAV,Telephone Field,recover-20221013,001,1795
872.0015,872.0316,69296,81065,Rhinolophus ferrumequinum,0.033,0.033,-1,Echolocation,/mnt/ubna_data_02_mir/recover-20221013/UBNA_001/20221012_030000.WAV,Telephone Field,recover-20221013,001,1795
872.0015,872.0142,23750,30038,Nyctalus leisleri,0.014,0.031,-1,Echolocation,/mnt/ubna_data_02_mir/recover-20221013/UBNA_001/20221012_030000.WAV,Telephone Field,recover-20221013,001,1795
872.0065,872.0436,68437,80520,Rhinolophus ferrumequinum,0.021,0.022,-1,Echolocation,/mnt/ubna_data_02_mir/recover-20221013/UBNA_001/20221012_030000.WAV,Telephone Field,recover-20221013,001,1795
872.0155,872.0229,26328,40289,Eptesicus serotinus,0.007,0.023,-1,Echolocation,/mnt/ubna_data_02_mir/recover-20221013/UBNA_001/20221012_030000.WAV,Telephone Field,recover-20221013,001,1795
872.0315,872.0419,22890,27218,Nyctalus leisleri,0.012,0.022,-1,Echolocation,/mnt/ubna_data_02_mir/recover-20221013/UBNA_001/20221012_030000.WAV,Telephone Field,recover-20221013,001,1795
872.0485,872.0874,68437,82636,Rhinolophus ferrumequinum,0.022,0.022,-1,Echolocation,/mnt/ubna_data_02_mir/recover-20221013/UBNA_001/20221012_030000.WAV,Telephone Field,recover-20221013,001,1795
872.0595,872.1,68437,82576,Rhinolophus ferrumequinum,0.025,0.025,-1,Echolocation,/mnt/ubna_data_02_mir/recover-20221013/UBNA_001/20221012_030000.WAV,Telephone Field,recover-20221013,001,1795
872.1045,872.1158,37500,41835,Pipistrellus nathusii,0.018,0.052,-1,Echolocation,/mnt/ubna_data_02_mir/recover-20221013/UBNA_001/20221012_030000.WAV,Telephone Field,recover-20221013,001,1795
872.1055,872.1447,68437,82757,Rhinolophus ferrumequinum,0.024,0.024,-1,Echolocation,/mnt/ubna_data_02_mir/recover-20221013/UBNA_001/20221012_030000.WAV,Telephone Field,recover-20221013,001,1795
872.1235,872.1307,27187,37206,Eptesicus serotinus,0.007,0.021,-1,Echolocation,/mnt/ubna_data_02_mir/recover-20221013/UBNA_001/20221012_030000.WAV,Telephone Field,recover-20221013,001,1795
872.1595,872.1992,68437,82221,Rhinolophus ferrumequinum,0.029,0.029,-1,Echolocation,/mnt/ubna_data_02_mir/recover-20221013/UBNA_001/20221012_030000.WAV,Telephone Field,recover-20221013,001,1795
872.2155,872.2556,68437,82284,Rhinolophus ferrumequinum,0.022,0.022,-1,Echolocation,/mnt/ubna_data_02_mir/recover-20221013/UBNA_001/20221012_030000.WAV,Telephone Field,recover-20221013,001,1795
872.2195,872.2289,24609,32843,Nyctalus leisleri,0.006,0.021,-1,Echolocation,/mnt/ubna_data_02_mir/recover-20221013/UBNA_001/20221012_030000.WAV,Telephone Field,recover-20221013,001,1795
872.2315,872.2666,68437,81300,Rhinolophus ferrumequinum,0.023,0.023,-1,Echolocation,/mnt/ubna_data_02_mir/recover-20221013/UBNA_001/20221012_030000.WAV,Telephone Field,recover-20221013,001,1795
872.3085,872.3197,26328,33934,Eptesicus serotinus,0.013,0.025,-1,Echolocation,/mnt/ubna_data_02_mir/recover-20221013/UBNA_001/20221012_030000.WAV,Telephone Field,recover-20221013,001,1795
872.3645,872.4029,68437,82016,Rhinolophus ferrumequinum,0.021,0.021,-1,Echolocation,/mnt/ubna_data_02_mir/recover-20221013/UBNA_001/20221012_030000.WAV,Telephone Field,recover-20221013,001,1795
872.3925,872.4244,68437,81438,Rhinolophus ferrumequinum,0.024,0.024,-1,Echolocation,/mnt/ubna_data_02_mir/recover-20221013/UBNA_001/20221012_030000.WAV,Telephone Field,recover-20221013,001,1795
872.3955,872.4058,28906,37274,Eptesicus serotinus,0.011,0.024,-1,Echolocation,/mnt/ubna_data_02_mir/recover-20221013/UBNA_001/20221012_030000.WAV,Telephone Field,recover-20221013,001,1795
872.4295,872.4736,68437,83565,Rhinolophus ferrumequinum,0.04,0.04,-1,Echolocation,/mnt/ubna_data_02_mir/recover-20221013/UBNA_001/20221012_030000.WAV,Telephone Field,recover-20221013,001,1795
872.4465,872.4879,68437,82724,Rhinolophus ferrumequinum,0.024,0.024,-1,Echolocation,/mnt/ubna_data_02_mir/recover-20221013/UBNA_001/20221012_030000.WAV,Telephone Field,recover-20221013,001,1795
872.4935,872.5258,68437,81031,Rhinolophus ferrumequinum,0.023,0.023,-1,Echolocation,/mnt/ubna_data_02_mir/recover-20221013/UBNA_001/20221012_030000.WAV,Telephone Field,recover-20221013,001,1795
872.5435,872.5542,27187,35162,Eptesicus serotinus,0.012,0.025,-1,Echolocation,/mnt/ubna_data_02_mir/recover-20221013/UBNA_001/20221012_030000.WAV,Telephone Field,recover-20221013,001,1795
872.5495,872.588,68437,81758,Rhinolophus ferrumequinum,0.022,0.022,-1,Echolocation,/mnt/ubna_data_02_mir/recover-20221013/UBNA_001/20221012_030000.WAV,Telephone Field,recover-20221013,001,1795
872.5625,872.6031,68437,82655,Rhinolophus ferrumequinum,0.021,0.021,-1,Echolocation,/mnt/ubna_data_02_mir/recover-20221013/UBNA_001/20221012_030000.WAV,Telephone Field,recover-20221013,001,1795
872.5625,872.5713,28046,37248,Eptesicus serotinus,0.009,0.023,-1,Echolocation,/mnt/ubna_data_02_mir/recover-20221013/UBNA_001/20221012_030000.WAV,Telephone Field,recover-20221013,001,1795
872.5935,872.6027,28906,38399,Eptesicus serotinus,0.01,0.024,-1,Echolocation,/mnt/ubna_data_02_mir/recover-20221013/UBNA_001/20221012_030000.WAV,Telephone Field,recover-20221013,001,1795
872.5945,872.6034,23750,31220,Plecotus austriacus,0.006,0.023,-1,Echolocation,/mnt/ubna_data_02_mir/recover-20221013/UBNA_001/20221012_030000.WAV,Telephone Field,recover-20221013,001,1795
872.6295,872.667,68437,81370,Rhinolophus ferrumequinum,0.022,0.022,-1,Echolocation,/mnt/ubna_data_02_mir/recover-20221013/UBNA_001/20221012_030000.WAV,Telephone Field,recover-20221013,001,1795
872.6515,872.6911,68437,82346,Rhinolophus ferrumequinum,0.026,0.026,-1,Echolocation,/mnt/ubna_data_02_mir/recover-20221013/UBNA_001/20221012_030000.WAV,Telephone Field,recover-20221013,001,1795
872.6795,872.7183,68437,82179,Rhinolophus ferrumequinum,0.022,0.022,-1,Echolocation,/mnt/ubna_data_02_mir/recover-20221013/UBNA_001/20221012_030000.WAV,Telephone Field,recover-20221013,001,1795
872.6905,872.7292,68437,82310,Rhinolophus ferrumequinum,0.021,0.021,-1,Echolocation,/mnt/ubna_data_02_mir/recover-20221013/UBNA_001/20221012_030000.WAV,Telephone Field,recover-20221013,001,1795
872.7195,872.7265,27187,39652,Eptesicus serotinus,0.006,0.023,-1,Echolocation,/mnt/ubna_data_02_mir/recover-20221013/UBNA_001/20221012_030000.WAV,Telephone Field,recover-20221013,001,1795
872.7585,872.7687,27187,34535,Eptesicus serotinus,0.045,0.072,-1,Echolocation,/mnt/ubna_data_02_mir/recover-20221013/UBNA_001/20221012_030000.WAV,Telephone Field,recover-20221013,001,1795
872.8055,872.8392,67578,79186,Rhinolophus ferrumequinum,0.021,0.022,-1,Echolocation,/mnt/ubna_data_02_mir/recover-20221013/UBNA_001/20221012_030000.WAV,Telephone Field,recover-20221013,001,1795
872.8265,872.8352,22890,30152,Plecotus austriacus,0.01,0.025,-1,Echolocation,/mnt/ubna_data_02_mir/recover-20221013/UBNA_001/20221012_030000.WAV,Telephone Field,recover-20221013,001,1795
872.8345,872.878,68437,83059,Rhinolophus ferrumequinum,0.024,0.024,-1,Echolocation,/mnt/ubna_data_02_mir/recover-20221013/UBNA_001/20221012_030000.WAV,Telephone Field,recover-20221013,001,1795
872.8595,872.8992,68437,82388,Rhinolophus ferrumequinum,0.021,0.021,-1,Echolocation,/mnt/ubna_data_02_mir/recover-20221013/UBNA_001/20221012_030000.WAV,Telephone Field,recover-20221013,001,1795
872.8965,872.9074,22890,28506,Nyctalus leisleri,0.01,0.024,-1,Echolocation,/mnt/ubna_data_02_mir/recover-20221013/UBNA_001/20221012_030000.WAV,Telephone Field,recover-20221013,001,1795
872.9125,872.9217,28906,36280,Eptesicus serotinus,0.009,0.021,-1,Echolocation,/mnt/ubna_data_02_mir/recover-20221013/UBNA_001/20221012_030000.WAV,Telephone Field,recover-20221013,001,1795
872.9235,872.9642,68437,82778,Rhinolophus ferrumequinum,0.034,0.034,-1,Echolocation,/mnt/ubna_data_02_mir/recover-20221013/UBNA_001/20221012_030000.WAV,Telephone Field,recover-20221013,001,1795
872.9665,873.0067,68437,82458,Rhinolophus ferrumequinum,0.026,0.026,-1,Echolocation,/mnt/ubna_data_02_mir/recover-20221013/UBNA_001/20221012_030000.WAV,Telephone Field,recover-20221013,001,1795
872.9725,873.0139,68437,83071,Rhinolophus ferrumequinum,0.027,0.027,-1,Echolocation,/mnt/ubna_data_02_mir/recover-20221013/UBNA_001/20221012_030000.WAV,Telephone Field,recover-20221013,001,1795
873.0145,873.0495,68437,80203,Rhinolophus ferrumequinum,0.025,0.025,-1,Echolocation,/mnt/ubna_data_02_mir/recover-20221013/UBNA_001/20221012_030000.WAV,Telephone Field,recover-20221013,001,1795
873.0235,873.0369,21171,25656,Nyctalus leisleri,0.016,0.034,-1,Echolocation,/mnt/ubna_data_02_mir/recover-20221013/UBNA_001/20221012_030000.WAV,Telephone Field,recover-20221013,001,1795
873.0265,873.0663,68437,82047,Rhinolophus ferrumequinum,0.022,0.022,-1,Echolocation,/mnt/ubna_data_02_mir/recover-20221013/UBNA_001/20221012_030000.WAV,Telephone Field,recover-20221013,001,1795
873.0355,873.0753,68437,82566,Rhinolophus ferrumequinum,0.024,0.024,-1,Echolocation,/mnt/ubna_data_02_mir/recover-20221013/UBNA_001/20221012_030000.WAV,Telephone Field,recover-20221013,001,1795
873.0675,873.108,68437,82358,Rhinolophus ferrumequinum,0.021,0.021,-1,Echolocation,/mnt/ubna_data_02_mir/recover-20221013/UBNA_001/20221012_030000.WAV,Telephone Field,recover-20221013,001,1795
873.1305,873.1699,68437,82210,Rhinolophus ferrumequinum,0.026,0.026,-1,Echolocation,/mnt/ubna_data_02_mir/recover-20221013/UBNA_001/20221012_030000.WAV,Telephone Field,recover-20221013,001,1795
873.1585,873.1651,28046,41791,Eptesicus serotinus,0.006,0.025,-1,Echolocation,/mnt/ubna_data_02_mir/recover-20221013/UBNA_001/20221012_030000.WAV,Telephone Field,recover-20221013,001,1795
873.1915,873.1995,27187,37869,Eptesicus serotinus,0.007,0.021,-1,Echolocation,/mnt/ubna_data_02_mir/recover-20221013/UBNA_001/20221012_030000.WAV,Telephone Field,recover-20221013,001,1795
873.1925,873.203,36640,41640,Barbastellus barbastellus,0.007,0.026,-1,Echolocation,/mnt/ubna_data_02_mir/recover-20221013/UBNA_001/20221012_030000.WAV,Telephone Field,recover-20221013,001,1795
873.1945,873.2325,68437,81868,Rhinolophus ferrumequinum,0.023,0.023,-1,Echolocation,/mnt/ubna_data_02_mir/recover-20221013/UBNA_001/20221012_030000.WAV,Telephone Field,recover-20221013,001,1795
873.2175,873.2543,68437,81778,Rhinolophus ferrumequinum,0.022,0.022,-1,Echolocation,/mnt/ubna_data_02_mir/recover-20221013/UBNA_001/20221012_030000.WAV,Telephone Field,recover-20221013,001,1795
873.3175,873.3263,47812,51315,Pipistrellus pipistrellus,0.026,0.029,-1,Echolocation,/mnt/ubna_data_02_mir/recover-20221013/UBNA_001/20221012_030000.WAV,Telephone Field,recover-20221013,001,1795
873.3375,873.378,68437,82649,Rhinolophus ferrumequinum,0.028,0.028,-1,Echolocation,/mnt/ubna_data_02_mir/recover-20221013/UBNA_001/20221012_030000.WAV,Telephone Field,recover-20221013,001,1795
873.3465,873.3818,68437,82005,Rhinolophus ferrumequinum,0.025,0.025,-1,Echolocation,/mnt/ubna_data_02_mir/recover-20221013/UBNA_001/20221012_030000.WAV,Telephone Field,recover-20221013,001,1795
873.3695,873.3798,24609,31109,Eptesicus serotinus,0.009,0.024,-1,Echolocation,/mnt/ubna_data_02_mir/recover-20221013/UBNA_001/20221012_030000.WAV,Telephone Field,recover-20221013,001,1795
873.4595,873.4684,28906,38302,Eptesicus serotinus,0.01,0.026,-1,Echolocation,/mnt/ubna_data_02_mir/recover-20221013/UBNA_001/20221012_030000.WAV,Telephone Field,recover-20221013,001,1795
873.4845,873.4945,28046,37992,Eptesicus serotinus,0.009,0.022,-1,Echolocation,/mnt/ubna_data_02_mir/recover-20221013/UBNA_001/20221012_030000.WAV,Telephone Field,recover-20221013,001,1795
873.5085,873.5209,55546,60048,Pipistrellus pygmaeus,0.023,0.024,-1,Echolocation,/mnt/ubna_data_02_mir/recover-20221013/UBNA_001/20221012_030000.WAV,Telephone Field,recover-20221013,001,1795
873.5505,873.5895,68437,81996,Rhinolophus ferrumequinum,0.021,0.021,-1,Echolocation,/mnt/ubna_data_02_mir/recover-20221013/UBNA_001/20221012_030000.WAV,Telephone Field,recover-20221013,001,1795
873.5575,873.564,37500,48625,Myotis daubentonii,0.009,0.025,-1,Echolocation,/mnt/ubna_data_02_mir/recover-20221013/UBNA_001/20221012_030000.WAV,Telephone Field,recover-20221013,001,1795
873.5585,873.6013,68437,82466,Rhinolophus ferrumequinum,0.021,0.021,-1,Echolocation,/mnt/ubna_data_02_mir/recover-20221013/UBNA_001/20221012_030000.WAV,Telephone Field,recover-20221013,001,1795
873.5655,873.606,68437,82245,Rhinolophus ferrumequinum,0.021,0.021,-1,Echolocation,/mnt/ubna_data_02_mir/recover-20221013/UBNA_001/20221012_030000.WAV,Telephone Field,recover-20221013,001,1795
873.5735,873.6126,68437,82263,Rhinolophus ferrumequinum,0.021,0.021,-1,Echolocation,/mnt/ubna_data_02_mir/recover-20221013/UBNA_001/20221012_030000.WAV,Telephone Field,recover-20221013,001,1795
873.6065,873.6143,27187,37582,Eptesicus serotinus,0.009,0.023,-1,Echolocation,/mnt/ubna_data_02_mir/recover-20221013/UBNA_001/20221012_030000.WAV,Telephone Field,recover-20221013,001,1795
873.6165,873.6256,28906,37384,Eptesicus serotinus,0.01,0.024,-1,Echolocation,/mnt/ubna_data_02_mir/recover-20221013/UBNA_001/20221012_030000.WAV,Telephone Field,recover-20221013,001,1795
873.6265,873.668,68437,82724,Rhinolophus ferrumequinum,0.036,0.036,-1,Echolocation,/mnt/ubna_data_02_mir/recover-20221013/UBNA_001/20221012_030000.WAV,Telephone Field,recover-20221013,001,1795
873.6345,873.6453,22890,28849,Nyctalus leisleri,0.01,0.023,-1,Echolocation,/mnt/ubna_data_02_mir/recover-20221013/UBNA_001/20221012_030000.WAV,Telephone Field,recover-20221013,001,1795
873.6465,873.6575,23750,30046,Nyctalus leisleri,0.008,0.022,-1,Echolocation,/mnt/ubna_data_02_mir/recover-20221013/UBNA_001/20221012_030000.WAV,Telephone Field,recover-20221013,001,1795
873.6475,873.687,68437,82262,Rhinolophus ferrumequinum,0.021,0.021,-1,Echolocation,/mnt/ubna_data_02_mir/recover-20221013/UBNA_001/20221012_030000.WAV,Telephone Field,recover-20221013,001,1795
873.6615,873.697,68437,81196,Rhinolophus ferrumequinum,0.022,0.023,-1,Echolocation,/mnt/ubna_data_02_mir/recover-20221013/UBNA_001/20221012_030000.WAV,Telephone Field,recover-20221013,001,1795
873.7075,873.7463,68437,82036,Rhinolophus ferrumequinum,0.023,0.023,-1,Echolocation,/mnt/ubna_data_02_mir/recover-20221013/UBNA_001/20221012_030000.WAV,Telephone Field,recover-20221013,001,1795
873.7185,873.762,68437,82881,Rhinolophus ferrumequinum,0.03,0.03,-1,Echolocation,/mnt/ubna_data_02_mir/recover-20221013/UBNA_001/20221012_030000.WAV,Telephone Field,recover-20221013,001,1795
873.7385,873.7777,68437,82399,Rhinolophus ferrumequinum,0.022,0.022,-1,Echolocation,/mnt/ubna_data_02_mir/recover-20221013/UBNA_001/20221012_030000.WAV,Telephone Field,recover-20221013,001,1795
873.7645,873.7767,28906,34051,Eptesicus serotinus,0.017,0.032,-1,Echolocation,/mnt/ubna_data_02_mir/recover-20221013/UBNA_001/20221012_030000.WAV,Telephone Field,recover-20221013,001,1795
873.7655,873.807,68437,82238,Rhinolophus ferrumequinum,0.023,0.023,-1,Echolocation,/mnt/ubna_data_02_mir/recover-20221013/UBNA_001/20221012_030000.WAV,Telephone Field,recover-20221013,001,1795
873.7745,873.7852,29765,36251,Eptesicus serotinus,0.009,0.022,-1,Echolocation,/mnt/ubna_data_02_mir/recover-20221013/UBNA_001/20221012_030000.WAV,Telephone Field,recover-20221013,001,1795
873.7765,873.8153,68437,81861,Rhinolophus ferrumequinum,0.021,0.021,-1,Echolocation,/mnt/ubna_data_02_mir/recover-20221013/UBNA_001/20221012_030000.WAV,Telephone Field,recover-20221013,001,1795
873.7895,873.8009,24609,30148,Nyctalus leisleri,0.01,0.023,-1,Echolocation,/mnt/ubna_data_02_mir/recover-20221013/UBNA_001/20221012_030000.WAV,Telephone Field,recover-20221013,001,1795
873.7935,873.83,68437,82197,Rhinolophus ferrumequinum,0.022,0.022,-1,Echolocation,/mnt/ubna_data_02_mir/recover-20221013/UBNA_001/20221012_030000.WAV,Telephone Field,recover-20221013,001,1795
873.7975,873.8144,20312,23062,Nyctalus leisleri,0.014,0.022,-1,Echolocation,/mnt/ubna_data_02_mir/recover-20221013/UBNA_001/20221012_030000.WAV,Telephone Field,recover-20221013,001,1795
873.8145,873.8524,68437,81692,Rhinolophus ferrumequinum,0.023,0.023,-1,Echolocation,/mnt/ubna_data_02_mir/recover-20221013/UBNA_001/20221012_030000.WAV,Telephone Field,recover-20221013,001,1795
873.8285,873.8676,68437,81949,Rhinolophus ferrumequinum,0.027,0.027,-1,Echolocation,/mnt/ubna_data_02_mir/recover-20221013/UBNA_001/20221012_030000.WAV,Telephone Field,recover-20221013,001,1795
873.8395,873.847,28046,41899,Eptesicus serotinus,0.008,0.027,-1,Echolocation,/mnt/ubna_data_02_mir/recover-20221013/UBNA_001/20221012_030000.WAV,Telephone Field,recover-20221013,001,1795
873.8545,873.8626,26328,34604,Eptesicus serotinus,0.009,0.021,-1,Echolocation,/mnt/ubna_data_02_mir/recover-20221013/UBNA_001/20221012_030000.WAV,Telephone Field,recover-20221013,001,1795
873.9665,873.9868,20312,22899,Nyctalus leisleri,0.018,0.03,-1,Echolocation,/mnt/ubna_data_02_mir/recover-20221013/UBNA_001/20221012_030000.WAV,Telephone Field,recover-20221013,001,1795
874.0015,874.0116,30625,37480,Eptesicus serotinus,0.009,0.026,-1,Echolocation,/mnt/ubna_data_02_mir/recover-20221013/UBNA_001/20221012_030000.WAV,Telephone Field,recover-20221013,001,1795
874.0015,874.0088,46093,50916,Pipistrellus pipistrellus,0.015,0.022,-1,Echolocation,/mnt/ubna_data_02_mir/recover-20221013/UBNA_001/20221012_030000.WAV,Telephone Field,recover-20221013,001,1795
874.0015,874.033,69296,81041,Rhinolophus ferrumequinum,0.029,0.029,-1,Echolocation,/mnt/ubna_data_02_mir/recover-20221013/UBNA_001/20221012_030000.WAV,Telephone Field,recover-20221013,001,1795
874.0165,874.0536,68437,81300,Rhinolophus ferrumequinum,0.021,0.021,-1,Echolocation,/mnt/ubna_data_02_mir/recover-20221013/UBNA_001/20221012_030000.WAV,Telephone Field,recover-20221013,001,1795
874.0195,874.0306,22031,26967,Nyctalus leisleri,0.01,0.023,-1,Echolocation,/mnt/ubna_data_02_mir/recover-20221013/UBNA_001/20221012_030000.WAV,Telephone Field,recover-20221013,001,1795
874.0595,874.0701,25468,32169,Nyctalus leisleri,0.019,0.045,-1,Echolocation,/mnt/ubna_data_02_mir/recover-20221013/UBNA_001/20221012_030000.WAV,Telephone Field,recover-20221013,001,1795
874.0835,874.0937,23750,29910,Nyctalus leisleri,0.008,0.022,-1,Echolocation,/mnt/ubna_data_02_mir/recover-20221013/UBNA_001/20221012_030000.WAV,Telephone Field,recover-20221013,001,1795
874.0905,874.127,68437,81495,Rhinolophus ferrumequinum,0.023,0.023,-1,Echolocation,/mnt/ubna_data_02_mir/recover-20221013/UBNA_001/20221012_030000.WAV,Telephone Field,recover-20221013,001,1795
874.0995,874.1064,28906,41602,Eptesicus serotinus,0.013,0.039,-1,Echolocation,/mnt/ubna_data_02_mir/recover-20221013/UBNA_001/20221012_030000.WAV,Telephone Field,recover-20221013,001,1795
874.1115,874.1554,68437,83586,Rhinolophus ferrumequinum,0.04,0.04,-1,Echolocation,/mnt/ubna_data_02_mir/recover-20221013/UBNA_001/20221012_030000.WAV,Telephone Field,recover-20221013,001,1795
874.1165,874.1279,22890,28555,Nyctalus leisleri,0.013,0.027,-1,Echolocation,/mnt/ubna_data_02_mir/recover-20221013/UBNA_001/20221012_030000.WAV,Telephone Field,recover-20221013,001,1795
874.1355,874.1777,68437,82590,Rhinolophus ferrumequinum,0.023,0.023,-1,Echolocation,/mnt/ubna_data_02_mir/recover-20221013/UBNA_001/20221012_030000.WAV,Telephone Field,recover-20221013,001,1795
874.1775,874.2171,68437,82739,Rhinolophus ferrumequinum,0.022,0.022,-1,Echolocation,/mnt/ubna_data_02_mir/recover-20221013/UBNA_001/20221012_030000.WAV,Telephone Field,recover-20221013,001,1795
874.1905,874.1981,28046,39737,Eptesicus serotinus,0.009,0.026,-1,Echolocation,/mnt/ubna_data_02_mir/recover-20221013/UBNA_001/20221012_030000.WAV,Telephone Field,recover-20221013,001,1795
874.1985,874.2369,68437,82663,Rhinolophus ferrumequinum,0.024,0.024,-1,Echolocation,/mnt/ubna_data_02_mir/recover-20221013/UBNA_001/20221012_030000.WAV,Telephone Field,recover-20221013,001,1795
874.2005,874.2121,57265,62740,Pipistrellus pygmaeus,0.023,0.023,-1,Echolocation,/mnt/ubna_data_02_mir/recover-20221013/UBNA_001/20221012_030000.WAV,Telephone Field,recover-20221013,001,1795
874.2245,874.2635,68437,82080,Rhinolophus ferrumequinum,0.021,0.021,-1,Echolocation,/mnt/ubna_data_02_mir/recover-20221013/UBNA_001/20221012_030000.WAV,Telephone Field,recover-20221013,001,1795
874.2355,874.2776,68437,82715,Rhinolophus ferrumequinum,0.023,0.023,-1,Echolocation,/mnt/ubna_data_02_mir/recover-20221013/UBNA_001/20221012_030000.WAV,Telephone Field,recover-20221013,001,1795
874.2415,874.2525,23750,29153,Nyctalus leisleri,0.013,0.027,-1,Echolocation,/mnt/ubna_data_02_mir/recover-20221013/UBNA_001/20221012_030000.WAV,Telephone Field,recover-20221013,001,1795
874.2685,874.2791,32343,39837,Eptesicus serotinus,0.008,0.025,-1,Echolocation,/mnt/ubna_data_02_mir/recover-20221013/UBNA_001/20221012_030000.WAV,Telephone Field,recover-20221013,001,1795
874.2755,874.313,68437,81564,Rhinolophus ferrumequinum,0.026,0.026,-1,Echolocation,/mnt/ubna_data_02_mir/recover-20221013/UBNA_001/20221012_030000.WAV,Telephone Field,recover-20221013,001,1795
874.2995,874.3104,14296,20609,Nyctalus noctula,0.014,0.024,-1,Echolocation,/mnt/ubna_data_02_mir/recover-20221013/UBNA_001/20221012_030000.WAV,Telephone Field,recover-20221013,001,1795
874.3015,874.3398,68437,82046,Rhinolophus ferrumequinum,0.021,0.021,-1,Echolocation,/mnt/ubna_data_02_mir/recover-20221013/UBNA_001/20221012_030000.WAV,Telephone Field,recover-20221013,001,1795
874.3145,874.3515,68437,81584,Rhinolophus ferrumequinum,0.024,0.024,-1,Echolocation,/mnt/ubna_data_02_mir/recover-20221013/UBNA_001/20221012_030000.WAV,Telephone Field,recover-20221013,001,1795
874.3145,874.3223,24609,32797,Plecotus austriacus,0.007,0.022,-1,Echolocation,/mnt/ubna_data_02_mir/recover-20221013/UBNA_001/20221012_030000.WAV,Telephone Field,recover-20221013,001,1795
874.3635,874.3972,68437,81469,Rhinolophus ferrumequinum,0.021,0.021,-1,Echolocation,/mnt/ubna_data_02_mir/recover-20221013/UBNA_001/20221012_030000.WAV,Telephone Field,recover-20221013,001,1795
874.3995,874.4165,22031,26134,Nyctalus leisleri,0.022,0.036,-1,Echolocation,/mnt/ubna_data_02_mir/recover-20221013/UBNA_001/20221012_030000.WAV,Telephone Field,recover-20221013,001,1795
874.3995,874.4394,68437,82016,Rhinolophus ferrumequinum,0.022,0.022,-1,Echolocation,/mnt/ubna_data_02_mir/recover-20221013/UBNA_001/20221012_030000.WAV,Telephone Field,recover-20221013,001,1795
874.4335,874.4739,68437,82397,Rhinolophus ferrumequinum,0.024,0.025,-1,Echolocation,/mnt/ubna_data_02_mir/recover-20221013/UBNA_001/20221012_030000.WAV,Telephone Field,recover-20221013,001,1795
874.4695,874.5081,68437,82248,Rhinolophus ferrumequinum,0.022,0.022,-1,Echolocation,/mnt/ubna_data_02_mir/recover-20221013/UBNA_001/20221012_030000.WAV,Telephone Field,recover-20221013,001,1795
874.4885,874.5312,68437,82669,Rhinolophus ferrumequinum,0.033,0.033,-1,Echolocation,/mnt/ubna_data_02_mir/recover-20221013/UBNA_001/20221012_030000.WAV,Telephone Field,recover-20221013,001,1795
874.5005,874.5432,68437,82678,Rhinolophus ferrumequinum,0.027,0.027,-1,Echolocation,/mnt/ubna_data_02_mir/recover-20221013/UBNA_001/20221012_030000.WAV,Telephone Field,recover-20221013,001,1795
874.5035,874.5122,35781,42927,Myotis daubentonii,0.009,0.025,-1,Echolocation,/mnt/ubna_data_02_mir/recover-20221013/UBNA_001/20221012_030000.WAV,Telephone Field,recover-20221013,001,1795
874.5065,874.5138,28046,40608,Eptesicus serotinus,0.007,0.022,-1,Echolocation,/mnt/ubna_data_02_mir/recover-20221013/UBNA_001/20221012_030000.WAV,Telephone Field,recover-20221013,001,1795
874.5125,874.5277,21171,24479,Nyctalus leisleri,0.012,0.022,-1,Echolocation,/mnt/ubna_data_02_mir/recover-20221013/UBNA_001/20221012_030000.WAV,Telephone Field,recover-20221013,001,1795
874.5545,874.5639,45234,49512,Pipistrellus pipistrellus,0.021,0.023,-1,Echolocation,/mnt/ubna_data_02_mir/recover-20221013/UBNA_001/20221012_030000.WAV,Telephone Field,recover-20221013,001,1795
874.5585,874.5658,28046,40062,Eptesicus serotinus,0.007,0.023,-1,Echolocation,/mnt/ubna_data_02_mir/recover-20221013/UBNA_001/20221012_030000.WAV,Telephone Field,recover-20221013,001,1795
874.5715,874.6068,68437,81549,Rhinolophus ferrumequinum,0.023,0.023,-1,Echolocation,/mnt/ubna_data_02_mir/recover-20221013/UBNA_001/20221012_030000.WAV,Telephone Field,recover-20221013,001,1795
874.5905,874.6256,68437,80911,Rhinolophus ferrumequinum,0.022,0.022,-1,Echolocation,/mnt/ubna_data_02_mir/recover-20221013/UBNA_001/20221012_030000.WAV,Telephone Field,recover-20221013,001,1795
874.5925,874.5984,46093,53192,Pipistrellus pipistrellus,0.025,0.029,-1,Echolocation,/mnt/ubna_data_02_mir/recover-20221013/UBNA_001/20221012_030000.WAV,Telephone Field,recover-20221013,001,1795
874.6075,874.6255,20312,23304,Nyctalus leisleri,0.015,0.023,-1,Echolocation,/mnt/ubna_data_02_mir/recover-20221013/UBNA_001/20221012_030000.WAV,Telephone Field,recover-20221013,001,1795
874.6155,874.6227,27187,43735,Eptesicus serotinus,0.006,0.021,-1,Echolocation,/mnt/ubna_data_02_mir/recover-20221013/UBNA_001/20221012_030000.WAV,Telephone Field,recover-20221013,001,1795
874.6365,874.6767,68437,82458,Rhinolophus ferrumequinum,0.021,0.021,-1,Echolocation,/mnt/ubna_data_02_mir/recover-20221013/UBNA_001/20221012_030000.WAV,Telephone Field,recover-20221013,001,1795
874.6585,874.6975,68437,82184,Rhinolophus ferrumequinum,0.022,0.022,-1,Echolocation,/mnt/ubna_data_02_mir/recover-20221013/UBNA_001/20221012_030000.WAV,Telephone Field,recover-20221013,001,1795
874.6645,874.7012,68437,81347,Rhinolophus ferrumequinum,0.023,0.023,-1,Echolocation,/mnt/ubna_data_02_mir/recover-20221013/UBNA_001/20221012_030000.WAV,Telephone Field,recover-20221013,001,1795
874.7125,874.7534,68437,82367,Rhinolophus ferrumequinum,0.024,0.024,-1,Echolocation,/mnt/ubna_data_02_mir/recover-20221013/UBNA_001/20221012_030000.WAV,Telephone Field,recover-20221013,001,1795
874.7145,874.7257,23750,29521,Nyctalus leisleri,0.009,0.022,-1,Echolocation,/mnt/ubna_data_02_mir/recover-20221013/UBNA_001/20221012_030000.WAV,Telephone Field,recover-20221013,001,1795
874.7585,874.7958,68437,82342,Rhinolophus ferrumequinum,0.025,0.025,-1,Echolocation,/mnt/ubna_data_02_mir/recover-20221013/UBNA_001/20221012_030000.WAV,Telephone Field,recover-20221013,001,1795
874.8185,874.8587,68437,82559,Rhinolophus ferrumequinum,0.027,0.027,-1,Echolocation,/mnt/ubna_data_02_mir/recover-20221013/UBNA_001/20221012_030000.WAV,Telephone Field,recover-20221013,001,1795
874.8235,874.8334,14296,19898,Nyctalus noctula,0.009,0.021,-1,Echolocation,/mnt/ubna_data_02_mir/recover-20221013/UBNA_001/20221012_030000.WAV,Telephone Field,recover-20221013,001,1795
874.8425,874.8795,68437,81717,Rhinolophus ferrumequinum,0.022,0.022,-1,Echolocation,/mnt/ubna_data_02_mir/recover-20221013/UBNA_001/20221012_030000.WAV,Telephone Field,recover-20221013,001,1795
874.8615,874.8702,28046,38325,Eptesicus serotinus,0.008,0.023,-1,Echolocation,/mnt/ubna_data_02_mir/recover-20221013/UBNA_001/20221012_030000.WAV,Telephone Field,recover-20221013,001,1795
874.8805,874.9172,68437,82251,Rhinolophus ferrumequinum,0.023,0.023,-1,Echolocation,/mnt/ubna_data_02_mir/recover-20221013/UBNA_001/20221012_030000.WAV,Telephone Field,recover-20221013,001,1795
874.9185,874.9542,68437,81389,Rhinolophus ferrumequinum,0.021,0.021,-1,Echolocation,/mnt/ubna_data_02_mir/recover-20221013/UBNA_001/20221012_030000.WAV,Telephone Field,recover-20221013,001,1795
874.9325,874.9415,28906,37433,Eptesicus serotinus,0.008,0.023,-1,Echolocation,/mnt/ubna_data_02_mir/recover-20221013/UBNA_001/20221012_030000.WAV,Telephone Field,recover-20221013,001,1795
874.9635,875.0044,68437,82261,Rhinolophus ferrumequinum,0.029,0.029,-1,Echolocation,/mnt/ubna_data_02_mir/recover-20221013/UBNA_001/20221012_030000.WAV,Telephone Field,recover-20221013,001,1795
874.9645,874.9762,27187,35317,Eptesicus serotinus,0.015,0.029,-1,Echolocation,/mnt/ubna_data_02_mir/recover-20221013/UBNA_001/20221012_030000.WAV,Telephone Field,recover-20221013,001,1795
874.9725,874.9829,27187,34747,Eptesicus serotinus,0.014,0.03,-1,Echolocation,/mnt/ubna_data_02_mir/recover-20221013/UBNA_001/20221012_030000.WAV,Telephone Field,recover-20221013,001,1795
874.9865,875.0268,68437,82130,Rhinolophus ferrumequinum,0.021,0.021,-1,Echolocation,/mnt/ubna_data_02_mir/recover-20221013/UBNA_001/20221012_030000.WAV,Telephone Field,recover-20221013,001,1795
874.9915,875.0005,25468,35894,Eptesicus serotinus,0.007,0.021,-1,Echolocation,/mnt/ubna_data_02_mir/recover-20221013/UBNA_001/20221012_030000.WAV,Telephone Field,recover-20221013,001,1795
875.0155,875.056,68437,82741,Rhinolophus ferrumequinum,0.035,0.035,-1,Echolocation,/mnt/ubna_data_02_mir/recover-20221013/UBNA_001/20221012_030000.WAV,Telephone Field,recover-20221013,001,1795
875.0285,875.071,68437,83104,Rhinolophus ferrumequinum,0.064,0.064,-1,Echolocation,/mnt/ubna_data_02_mir/recover-20221013/UBNA_001/20221012_030000.WAV,Telephone Field,recover-20221013,001,1795
875.0465,875.0539,28046,38532,Eptesicus serotinus,0.006,0.022,-1,Echolocation,/mnt/ubna_data_02_mir/recover-20221013/UBNA_001/20221012_030000.WAV,Telephone Field,recover-20221013,001,1795
875.0475,875.0854,68437,81963,Rhinolophus ferrumequinum,0.022,0.022,-1,Echolocation,/mnt/ubna_data_02_mir/recover-20221013/UBNA_001/20221012_030000.WAV,Telephone Field,recover-20221013,001,1795
875.0585,875.1005,68437,82549,Rhinolophus ferrumequinum,0.023,0.023,-1,Echolocation,/mnt/ubna_data_02_mir/recover-20221013/UBNA_001/20221012_030000.WAV,Telephone Field,recover-20221013,001,1795
875.1135,875.1532,68437,82195,Rhinolophus ferrumequinum,0.024,0.024,-1,Echolocation,/mnt/ubna_data_02_mir/recover-20221013/UBNA_001/20221012_030000.WAV,Telephone Field,recover-20221013,001,1795
875.1805,875.2219,68437,82929,Rhinolophus ferrumequinum,0.025,0.025,-1,Echolocation,/mnt/ubna_data_02_mir/recover-20221013/UBNA_001/20221012_030000.WAV,Telephone Field,recover-20221013,001,1795
875.1865,875.1932,27187,41507,Eptesicus serotinus,0.006,0.028,-1,Echolocation,/mnt/ubna_data_02_mir/recover-20221013/UBNA_001/20221012_030000.WAV,Telephone Field,recover-20221013,001,1795
875.2055,875.246,68437,82566,Rhinolophus ferrumequinum,0.022,0.022,-1,Echolocation,/mnt/ubna_data_02_mir/recover-20221013/UBNA_001/20221012_030000.WAV,Telephone Field,recover-20221013,001,1795
875.2075,875.2158,23750,31529,Plecotus austriacus,0.007,0.021,-1,Echolocation,/mnt/ubna_data_02_mir/recover-20221013/UBNA_001/20221012_030000.WAV,Telephone Field,recover-20221013,001,1795
875.2205,875.2584,68437,82136,Rhinolophus ferrumequinum,0.021,0.021,-1,Echolocation,/mnt/ubna_data_02_mir/recover-20221013/UBNA_001/20221012_030000.WAV,Telephone Field,recover-20221013,001,1795
875.2375,875.2449,51250,55944,Pipistrellus pipistrellus,0.026,0.03,-1,Echolocation,/mnt/ubna_data_02_mir/recover-20221013/UBNA_001/20221012_030000.WAV,Telephone Field,recover-20221013,001,1795
875.2685,875.3066,68437,82101,Rhinolophus ferrumequinum,0.026,0.026,-1,Echolocation,/mnt/ubna_data_02_mir/recover-20221013/UBNA_001/20221012_030000.WAV,Telephone Field,recover-20221013,001,1795
875.3265,875.3362,22031,28312,Plecotus austriacus,0.008,0.025,-1,Echolocation,/mnt/ubna_data_02_mir/recover-20221013/UBNA_001/20221012_030000.WAV,Telephone Field,recover-20221013,001,1795
875.3535,875.3932,68437,82377,Rhinolophus ferrumequinum,0.021,0.021,-1,Echolocation,/mnt/ubna_data_02_mir/recover-20221013/UBNA_001/20221012_030000.WAV,Telephone Field,recover-20221013,001,1795
875.3805,875.4207,68437,81986,Rhinolophus ferrumequinum,0.022,0.022,-1,Echolocation,/mnt/ubna_data_02_mir/recover-20221013/UBNA_001/20221012_030000.WAV,Telephone Field,recover-20221013,001,1795
875.3815,875.3885,48671,54997,Pipistrellus pipistrellus,0.023,0.024,-1,Echolocation,/mnt/ubna_data_02_mir/recover-20221013/UBNA_001/20221012_030000.WAV,Telephone Field,recover-20221013,001,1795
875.4145,875.4524,68437,81546,Rhinolophus ferrumequinum,0.022,0.022,-1,Echolocation,/mnt/ubna_data_02_mir/recover-20221013/UBNA_001/20221012_030000.WAV,Telephone Field,recover-20221013,001,1795
875.4225,875.4355,28046,35286,Eptesicus serotinus,0.019,0.031,-1,Echolocation,/mnt/ubna_data_02_mir/recover-20221013/UBNA_001/20221012_030000.WAV,Telephone Field,recover-20221013,001,1795
875.4585,875.468,22890,29251,Nyctalus leisleri,0.008,0.023,-1,Echolocation,/mnt/ubna_data_02_mir/recover-20221013/UBNA_001/20221012_030000.WAV,Telephone Field,recover-20221013,001,1795
875.4665,875.4779,22890,27420,Nyctalus leisleri,0.013,0.023,-1,Echolocation,/mnt/ubna_data_02_mir/recover-20221013/UBNA_001/20221012_030000.WAV,Telephone Field,recover-20221013,001,1795
875.4805,875.5194,68437,81910,Rhinolophus ferrumequinum,0.022,0.022,-1,Echolocation,/mnt/ubna_data_02_mir/recover-20221013/UBNA_001/20221012_030000.WAV,Telephone Field,recover-20221013,001,1795
875.5095,875.5194,25468,32772,Eptesicus serotinus,0.01,0.025,-1,Echolocation,/mnt/ubna_data_02_mir/recover-20221013/UBNA_001/20221012_030000.WAV,Telephone Field,recover-20221013,001,1795
875.5365,875.5443,23750,33087,Plecotus austriacus,0.015,0.036,-1,Echolocation,/mnt/ubna_data_02_mir/recover-20221013/UBNA_001/20221012_030000.WAV,Telephone Field,recover-20221013,001,1795
875.5445,875.5576,28046,33773,Eptesicus serotinus,0.021,0.035,-1,Echolocation,/mnt/ubna_data_02_mir/recover-20221013/UBNA_001/20221012_030000.WAV,Telephone Field,recover-20221013,001,1795
875.5505,875.5624,28906,33617,Eptesicus serotinus,0.016,0.035,-1,Echolocation,/mnt/ubna_data_02_mir/recover-20221013/UBNA_001/20221012_030000.WAV,Telephone Field,recover-20221013,001,1795
875.5645,875.6023,68437,82116,Rhinolophus ferrumequinum,0.021,0.021,-1,Echolocation,/mnt/ubna_data_02_mir/recover-20221013/UBNA_001/20221012_030000.WAV,Telephone Field,recover-20221013,001,1795
875.5655,875.5708,30625,42042,Myotis daubentonii,0.017,0.057,-1,Echolocation,/mnt/ubna_data_02_mir/recover-20221013/UBNA_001/20221012_030000.WAV,Telephone Field,recover-20221013,001,1795
875.6135,875.6524,68437,82273,Rhinolophus ferrumequinum,0.023,0.023,-1,Echolocation,/mnt/ubna_data_02_mir/recover-20221013/UBNA_001/20221012_030000.WAV,Telephone Field,recover-20221013,001,1795
875.6665,875.6763,25468,33664,Eptesicus serotinus,0.01,0.023,-1,Echolocation,/mnt/ubna_data_02_mir/recover-20221013/UBNA_001/20221012_030000.WAV,Telephone Field,recover-20221013,001,1795
875.6955,875.7364,68437,82718,Rhinolophus ferrumequinum,0.025,0.025,-1,Echolocation,/mnt/ubna_data_02_mir/recover-20221013/UBNA_001/20221012_030000.WAV,Telephone Field,recover-20221013,001,1795
875.7255,875.7702,68437,83425,Rhinolophus ferrumequinum,0.047,0.047,-1,Echolocation,/mnt/ubna_data_02_mir/recover-20221013/UBNA_001/20221012_030000.WAV,Telephone Field,recover-20221013,001,1795
875.7325,875.743,23750,30294,Nyctalus leisleri,0.008,0.024,-1,Echolocation,/mnt/ubna_data_02_mir/recover-20221013/UBNA_001/20221012_030000.WAV,Telephone Field,recover-20221013,001,1795
875.7475,875.7899,68437,82608,Rhinolophus ferrumequinum,0.029,0.029,-1,Echolocation,/mnt/ubna_data_02_mir/recover-20221013/UBNA_001/20221012_030000.WAV,Telephone Field,recover-20221013,001,1795
875.7725,875.7843,28906,35583,Eptesicus serotinus,0.01,0.023,-1,Echolocation,/mnt/ubna_data_02_mir/recover-20221013/UBNA_001/20221012_030000.WAV,Telephone Field,recover-20221013,001,1795
875.7805,875.8197,68437,81826,Rhinolophus ferrumequinum,0.021,0.021,-1,Echolocation,/mnt/ubna_data_02_mir/recover-20221013/UBNA_001/20221012_030000.WAV,Telephone Field,recover-20221013,001,1795
875.8115,875.8211,23750,29903,Nyctalus leisleri,0.009,0.021,-1,Echolocation,/mnt/ubna_data_02_mir/recover-20221013/UBNA_001/20221012_030000.WAV,Telephone Field,recover-20221013,001,1795
875.8795,875.8898,23750,30099,Nyctalus leisleri,0.011,0.027,-1,Echolocation,/mnt/ubna_data_02_mir/recover-20221013/UBNA_001/20221012_030000.WAV,Telephone Field,recover-20221013,001,1795
875.9045,875.9413,68437,81623,Rhinolophus ferrumequinum,0.022,0.022,-1,Echolocation,/mnt/ubna_data_02_mir/recover-20221013/UBNA_001/20221012_030000.WAV,Telephone Field,recover-20221013,001,1795
875.9175,875.9547,68437,82243,Rhinolophus ferrumequinum,0.021,0.021,-1,Echolocation,/mnt/ubna_data_02_mir/recover-20221013/UBNA_001/20221012_030000.WAV,Telephone Field,recover-20221013,001,1795
875.9605,875.9696,28046,38105,Eptesicus serotinus,0.01,0.026,-1,Echolocation,/mnt/ubna_data_02_mir/recover-20221013/UBNA_001/20221012_030000.WAV,Telephone Field,recover-20221013,001,1795
875.9835,875.9928,27187,37801,Eptesicus serotinus,0.01,0.024,-1,Echolocation,/mnt/ubna_data_02_mir/recover-20221013/UBNA_001/20221012_030000.WAV,Telephone Field,recover-20221013,001,1795
876.0015,876.0351,68437,80556,Rhinolophus ferrumequinum,0.026,0.026,-1,Echolocation,/mnt/ubna_data_02_mir/recover-20221013/UBNA_001/20221012_030000.WAV,Telephone Field,recover-20221013,001,1795
876.0085,876.0501,68437,81995,Rhinolophus ferrumequinum,0.022,0.022,-1,Echolocation,/mnt/ubna_data_02_mir/recover-20221013/UBNA_001/20221012_030000.WAV,Telephone Field,recover-20221013,001,1795
876.0595,876.072,22031,25865,Nyctalus leisleri,0.014,0.024,-1,Echolocation,/mnt/ubna_data_02_mir/recover-20221013/UBNA_001/20221012_030000.WAV,Telephone Field,recover-20221013,001,1795
876.0685,876.1035,68437,81061,Rhinolophus ferrumequinum,0.021,0.021,-1,Echolocation,/mnt/ubna_data_02_mir/recover-20221013/UBNA_001/20221012_030000.WAV,Telephone Field,recover-20221013,001,1795
876.0785,876.0905,28906,33734,Eptesicus serotinus,0.014,0.033,-1,Echolocation,/mnt/ubna_data_02_mir/recover-20221013/UBNA_001/20221012_030000.WAV,Telephone Field,recover-20221013,001,1795
876.0965,876.1343,68437,81914,Rhinolophus ferrumequinum,0.024,0.024,-1,Echolocation,/mnt/ubna_data_02_mir/recover-20221013/UBNA_001/20221012_030000.WAV,Telephone Field,recover-20221013,001,1795
876.1005,876.1079,28046,41606,Eptesicus serotinus,0.007,0.022,-1,Echolocation,/mnt/ubna_data_02_mir/recover-20221013/UBNA_001/20221012_030000.WAV,Telephone Field,recover-20221013,001,1795
876.1225,876.1625,68437,82617,Rhinolophus ferrumequinum,0.027,0.027,-1,Echolocation,/mnt/ubna_data_02_mir/recover-20221013/UBNA_001/20221012_030000.WAV,Telephone Field,recover-20221013,001,1795
876.1555,876.1965,68437,81956,Rhinolophus ferrumequinum,0.021,0.021,-1,Echolocation,/mnt/ubna_data_02_mir/recover-20221013/UBNA_001/20221012_030000.WAV,Telephone Field,recover-20221013,001,1795
876.1825,876.2172,68437,81001,Rhinolophus ferrumequinum,0.02,0.021,-1,Echolocation,/mnt/ubna_data_02_mir/recover-20221013/UBNA_001/20221012_030000.WAV,Telephone Field,recover-20221013,001,1795
876.2085,876.2195,22890,28155,Nyctalus leisleri,0.011,0.023,-1,Echolocation,/mnt/ubna_data_02_mir/recover-20221013/UBNA_001/20221012_030000.WAV,Telephone Field,recover-20221013,001,1795
876.2685,876.2861,21171,23979,Nyctalus leisleri,0.016,0.026,-1,Echolocation,/mnt/ubna_data_02_mir/recover-20221013/UBNA_001/20221012_030000.WAV,Telephone Field,recover-20221013,001,1795
876.2955,876.3041,28046,39701,Eptesicus serotinus,0.008,0.022,-1,Echolocation,/mnt/ubna_data_02_mir/recover-20221013/UBNA_001/20221012_030000.WAV,Telephone Field,recover-20221013,001,1795
876.3035,876.3113,28046,38146,Eptesicus serotinus,0.007,0.024,-1,Echolocation,/mnt/ubna_data_02_mir/recover-20221013/UBNA_001/20221012_030000.WAV,Telephone Field,recover-20221013,001,1795
876.3395,876.3761,68437,81083,Rhinolophus ferrumequinum,0.021,0.021,-1,Echolocation,/mnt/ubna_data_02_mir/recover-20221013/UBNA_001/20221012_030000.WAV,Telephone Field,recover-20221013,001,1795
876.3425,876.3487,28046,40125,Myotis daubentonii,0.009,0.032,-1,Echolocation,/mnt/ubna_data_02_mir/recover-20221013/UBNA_001/20221012_030000.WAV,Telephone Field,recover-20221013,001,1795
876.3465,876.3575,43515,47825,Pipistrellus pipistrellus,0.019,0.024,-1,Echolocation,/mnt/ubna_data_02_mir/recover-20221013/UBNA_001/20221012_030000.WAV,Telephone Field,recover-20221013,001,1795
876.3685,876.3784,24609,31069,Nyctalus leisleri,0.008,0.021,-1,Echolocation,/mnt/ubna_data_02_mir/recover-20221013/UBNA_001/20221012_030000.WAV,Telephone Field,recover-20221013,001,1795
876.3695,876.4098,68437,81833,Rhinolophus ferrumequinum,0.023,0.023,-1,Echolocation,/mnt/ubna_data_02_mir/recover-20221013/UBNA_001/20221012_030000.WAV,Telephone Field,recover-20221013,001,1795
876.4025,876.4445,68437,83006,Rhinolophus ferrumequinum,0.028,0.028,-1,Echolocation,/mnt/ubna_data_02_mir/recover-20221013/UBNA_001/20221012_030000.WAV,Telephone Field,recover-20221013,001,1795
876.4315,876.4413,23750,29751,Nyctalus leisleri,0.01,0.023,-1,Echolocation,/mnt/ubna_data_02_mir/recover-20221013/UBNA_001/20221012_030000.WAV,Telephone Field,recover-20221013,001,1795
876.4465,876.4586,22890,26332,Nyctalus leisleri,0.022,0.037,-1,Echolocation,/mnt/ubna_data_02_mir/recover-20221013/UBNA_001/20221012_030000.WAV,Telephone Field,recover-20221013,001,1795
876.4535,876.4913,68437,82319,Rhinolophus ferrumequinum,0.021,0.021,-1,Echolocation,/mnt/ubna_data_02_mir/recover-20221013/UBNA_001/20221012_030000.WAV,Telephone Field,recover-20221013,001,1795
876.4745,876.515,68437,83027,Rhinolophus ferrumequinum,0.041,0.041,-1,Echolocation,/mnt/ubna_data_02_mir/recover-20221013/UBNA_001/20221012_030000.WAV,Telephone Field,recover-20221013,001,1795
876.4885,876.495,46093,52644,Pipistrellus pipistrellus,0.019,0.021,-1,Echolocation,/mnt/ubna_data_02_mir/recover-20221013/UBNA_001/20221012_030000.WAV,Telephone Field,recover-20221013,001,1795
876.4975,876.5384,68437,83016,Rhinolophus ferrumequinum,0.024,0.024,-1,Echolocation,/mnt/ubna_data_02_mir/recover-20221013/UBNA_001/20221012_030000.WAV,Telephone Field,recover-20221013,001,1795
876.5065,876.5136,23750,32405,Plecotus austriacus,0.013,0.027,-1,Echolocation,/mnt/ubna_data_02_mir/recover-20221013/UBNA_001/20221012_030000.WAV,Telephone Field,recover-20221013,001,1795
876.5315,876.5401,26328,36014,Eptesicus serotinus,0.007,0.021,-1,Echolocation,/mnt/ubna_data_02_mir/recover-20221013/UBNA_001/20221012_030000.WAV,Telephone Field,recover-20221013,001,1795
876.5755,876.6158,68437,82473,Rhinolophus ferrumequinum,0.025,0.025,-1,Echolocation,/mnt/ubna_data_02_mir/recover-20221013/UBNA_001/20221012_030000.WAV,Telephone Field,recover-20221013,001,1795
876.5905,876.624,68437,80718,Rhinolophus ferrumequinum,0.03,0.03,-1,Echolocation,/mnt/ubna_data_02_mir/recover-20221013/UBNA_001/20221012_030000.WAV,Telephone Field,recover-20221013,001,1795
876.6065,876.6162,28906,39234,Eptesicus serotinus,0.01,0.024,-1,Echolocation,/mnt/ubna_data_02_mir/recover-20221013/UBNA_001/20221012_030000.WAV,Telephone Field,recover-20221013,001,1795
876.6355,876.6777,68437,82783,Rhinolophus ferrumequinum,0.026,0.026,-1,Echolocation,/mnt/ubna_data_02_mir/recover-20221013/UBNA_001/20221012_030000.WAV,Telephone Field,recover-20221013,001,1795
876.6685,876.6791,22890,26989,Nyctalus leisleri,0.012,0.022,-1,Echolocation,/mnt/ubna_data_02_mir/recover-20221013/UBNA_001/20221012_030000.WAV,Telephone Field,recover-20221013,001,1795
876.6945,876.7078,24609,29760,Nyctalus leisleri,0.014,0.031,-1,Echolocation,/mnt/ubna_data_02_mir/recover-20221013/UBNA_001/20221012_030000.WAV,Telephone Field,recover-20221013,001,1795
876.7045,876.7418,68437,82028,Rhinolophus ferrumequinum,0.021,0.021,-1,Echolocation,/mnt/ubna_data_02_mir/recover-20221013/UBNA_001/20221012_030000.WAV,Telephone Field,recover-20221013,001,1795
876.7085,876.7168,27187,39316,Eptesicus serotinus,0.007,0.022,-1,Echolocation,/mnt/ubna_data_02_mir/recover-20221013/UBNA_001/20221012_030000.WAV,Telephone Field,recover-20221013,001,1795
876.7225,876.7628,68437,82301,Rhinolophus ferrumequinum,0.032,0.032,-1,Echolocation,/mnt/ubna_data_02_mir/recover-20221013/UBNA_001/20221012_030000.WAV,Telephone Field,recover-20221013,001,1795
876.7565,876.7971,68437,82938,Rhinolophus ferrumequinum,0.028,0.028,-1,Echolocation,/mnt/ubna_data_02_mir/recover-20221013/UBNA_001/20221012_030000.WAV,Telephone Field,recover-20221013,001,1795
876.7715,876.7789,28046,43143,Eptesicus serotinus,0.006,0.021,-1,Echolocation,/mnt/ubna_data_02_mir/recover-20221013/UBNA_001/20221012_030000.WAV,Telephone Field,recover-20221013,001,1795
876.7965,876.8061,26328,34940,Eptesicus serotinus,0.01,0.024,-1,Echolocation,/mnt/ubna_data_02_mir/recover-20221013/UBNA_001/20221012_030000.WAV,Telephone Field,recover-20221013,001,1795
876.8395,876.8473,25468,35305,Eptesicus serotinus,0.009,0.024,-1,Echolocation,/mnt/ubna_data_02_mir/recover-20221013/UBNA_001/20221012_030000.WAV,Telephone Field,recover-20221013,001,1795
876.8655,876.9071,68437,82010,Rhinolophus ferrumequinum,0.022,0.022,-1,Echolocation,/mnt/ubna_data_02_mir/recover-20221013/UBNA_001/20221012_030000.WAV,Telephone Field,recover-20221013,001,1795
876.8675,876.8768,27187,37140,Eptesicus serotinus,0.007,0.023,-1,Echolocation,/mnt/ubna_data_02_mir/recover-20221013/UBNA_001/20221012_030000.WAV,Telephone Field,recover-20221013,001,1795
876.9965,877.0361,68437,82744,Rhinolophus ferrumequinum,0.022,0.022,-1,Echolocation,/mnt/ubna_data_02_mir/recover-20221013/UBNA_001/20221012_030000.WAV,Telephone Field,recover-20221013,001,1795
877.0155,877.0522,68437,81227,Rhinolophus ferrumequinum,0.022,0.022,-1,Echolocation,/mnt/ubna_data_02_mir/recover-20221013/UBNA_001/20221012_030000.WAV,Telephone Field,recover-20221013,001,1795
877.0165,877.0283,22890,29007,Nyctalus leisleri,0.016,0.038,-1,Echolocation,/mnt/ubna_data_02_mir/recover-20221013/UBNA_001/20221012_030000.WAV,Telephone Field,recover-20221013,001,1795
877.0395,877.0801,68437,82802,Rhinolophus ferrumequinum,0.029,0.03,-1,Echolocation,/mnt/ubna_data_02_mir/recover-20221013/UBNA_001/20221012_030000.WAV,Telephone Field,recover-20221013,001,1795
877.0615,877.07,29765,37550,Eptesicus serotinus,0.015,0.037,-1,Echolocation,/mnt/ubna_data_02_mir/recover-20221013/UBNA_001/20221012_030000.WAV,Telephone Field,recover-20221013,001,1795
877.0815,877.0909,22890,28927,Nyctalus leisleri,0.008,0.021,-1,Echolocation,/mnt/ubna_data_02_mir/recover-20221013/UBNA_001/20221012_030000.WAV,Telephone Field,recover-20221013,001,1795
877.0825,877.1245,68437,82846,Rhinolophus ferrumequinum,0.023,0.023,-1,Echolocation,/mnt/ubna_data_02_mir/recover-20221013/UBNA_001/20221012_030000.WAV,Telephone Field,recover-20221013,001,1795
877.0975,877.1359,68437,82048,Rhinolophus ferrumequinum,0.022,0.022,-1,Echolocation,/mnt/ubna_data_02_mir/recover-20221013/UBNA_001/20221012_030000.WAV,Telephone Field,recover-20221013,001,1795
877.1195,877.1304,22031,26369,Nyctalus leisleri,0.011,0.021,-1,Echolocation,/mnt/ubna_data_02_mir/recover-20221013/UBNA_001/20221012_030000.WAV,Telephone Field,recover-20221013,001,1795
877.1215,877.1627,68437,82519,Rhinolophus ferrumequinum,0.024,0.024,-1,Echolocation,/mnt/ubna_data_02_mir/recover-20221013/UBNA_001/20221012_030000.WAV,Telephone Field,recover-20221013,001,1795
877.1495,877.1901,68437,82601,Rhinolophus ferrumequinum,0.021,0.021,-1,Echolocation,/mnt/ubna_data_02_mir/recover-20221013/UBNA_001/20221012_030000.WAV,Telephone Field,recover-20221013,001,1795
877.1675,877.1745,26328,36497,Plecotus austriacus,0.008,0.03,-1,Echolocation,/mnt/ubna_data_02_mir/recover-20221013/UBNA_001/20221012_030000.WAV,Telephone Field,recover-20221013,001,1795
877.2005,877.239,68437,82079,Rhinolophus ferrumequinum,0.021,0.021,-1,Echolocation,/mnt/ubna_data_02_mir/recover-20221013/UBNA_001/20221012_030000.WAV,Telephone Field,recover-20221013,001,1795
877.2175,877.2591,68437,82844,Rhinolophus ferrumequinum,0.025,0.025,-1,Echolocation,/mnt/ubna_data_02_mir/recover-20221013/UBNA_001/20221012_030000.WAV,Telephone Field,recover-20221013,001,1795
877.2445,877.2843,68437,82913,Rhinolophus ferrumequinum,0.024,0.024,-1,Echolocation,/mnt/ubna_data_02_mir/recover-20221013/UBNA_001/20221012_030000.WAV,Telephone Field,recover-20221013,001,1795
877.2545,877.2628,27187,39403,Eptesicus serotinus,0.008,0.023,-1,Echolocation,/mnt/ubna_data_02_mir/recover-20221013/UBNA_001/20221012_030000.WAV,Telephone Field,recover-20221013,001,1795
877.2845,877.3194,68437,81340,Rhinolophus ferrumequinum,0.021,0.021,-1,Echolocation,/mnt/ubna_data_02_mir/recover-20221013/UBNA_001/20221012_030000.WAV,Telephone Field,recover-20221013,001,1795
877.2945,877.3034,27187,37318,Eptesicus serotinus,0.007,0.021,-1,Echolocation,/mnt/ubna_data_02_mir/recover-20221013/UBNA_001/20221012_030000.WAV,Telephone Field,recover-20221013,001,1795
877.2995,877.3352,68437,82075,Rhinolophus ferrumequinum,0.025,0.025,-1,Echolocation,/mnt/ubna_data_02_mir/recover-20221013/UBNA_001/20221012_030000.WAV,Telephone Field,recover-20221013,001,1795
877.3155,877.3555,68437,81998,Rhinolophus ferrumequinum,0.021,0.021,-1,Echolocation,/mnt/ubna_data_02_mir/recover-20221013/UBNA_001/20221012_030000.WAV,Telephone Field,recover-20221013,001,1795
877.3735,877.4097,68437,81783,Rhinolophus ferrumequinum,0.021,0.021,-1,Echolocation,/mnt/ubna_data_02_mir/recover-20221013/UBNA_001/20221012_030000.WAV,Telephone Field,recover-20221013,001,1795
877.3915,877.3992,27187,39366,Eptesicus serotinus,0.007,0.021,-1,Echolocation,/mnt/ubna_data_02_mir/recover-20221013/UBNA_001/20221012_030000.WAV,Telephone Field,recover-20221013,001,1795
877.4115,877.4198,28046,38344,Eptesicus serotinus,0.007,0.022,-1,Echolocation,/mnt/ubna_data_02_mir/recover-20221013/UBNA_001/20221012_030000.WAV,Telephone Field,recover-20221013,001,1795
877.4225,877.4638,68437,82504,Rhinolophus ferrumequinum,0.025,0.025,-1,Echolocation,/mnt/ubna_data_02_mir/recover-20221013/UBNA_001/20221012_030000.WAV,Telephone Field,recover-20221013,001,1795
877.4255,877.4308,35781,48589,Myotis daubentonii,0.045,0.096,-1,Echolocation,/mnt/ubna_data_02_mir/recover-20221013/UBNA_001/20221012_030000.WAV,Telephone Field,recover-20221013,001,1795
877.4375,877.4712,68437,81983,Rhinolophus ferrumequinum,0.021,0.021,-1,Echolocation,/mnt/ubna_data_02_mir/recover-20221013/UBNA_001/20221012_030000.WAV,Telephone Field,recover-20221013,001,1795
877.4805,877.5202,68437,81816,Rhinolophus ferrumequinum,0.022,0.022,-1,Echolocation,/mnt/ubna_data_02_mir/recover-20221013/UBNA_001/20221012_030000.WAV,Telephone Field,recover-20221013,001,1795
877.5165,877.527,28046,36801,Eptesicus serotinus,0.011,0.025,-1,Echolocation,/mnt/ubna_data_02_mir/recover-20221013/UBNA_001/20221012_030000.WAV,Telephone Field,recover-20221013,001,1795
877.5185,877.5615,68437,83352,Rhinolophus ferrumequinum,0.037,0.037,-1,Echolocation,/mnt/ubna_data_02_mir/recover-20221013/UBNA_001/20221012_030000.WAV,Telephone Field,recover-20221013,001,1795
877.5455,877.5533,26328,37348,Eptesicus serotinus,0.006,0.021,-1,Echolocation,/mnt/ubna_data_02_mir/recover-20221013/UBNA_001/20221012_030000.WAV,Telephone Field,recover-20221013,001,1795
877.5585,877.5962,68437,82213,Rhinolophus ferrumequinum,0.023,0.023,-1,Echolocation,/mnt/ubna_data_02_mir/recover-20221013/UBNA_001/20221012_030000.WAV,Telephone Field,recover-20221013,001,1795
877.5715,877.5829,34062,39558,Eptesicus serotinus,0.015,0.054,-1,Echolocation,/mnt/ubna_data_02_mir/recover-20221013/UBNA_001/20221012_030000.WAV,Telephone Field,recover-20221013,001,1795
877.5815,877.6151,68437,81032,Rhinolophus ferrumequinum,0.022,0.022,-1,Echolocation,/mnt/ubna_data_02_mir/recover-20221013/UBNA_001/20221012_030000.WAV,Telephone Field,recover-20221013,001,1795
877.5925,877.6293,68437,82069,Rhinolophus ferrumequinum,0.027,0.027,-1,Echolocation,/mnt/ubna_data_02_mir/recover-20221013/UBNA_001/20221012_030000.WAV,Telephone Field,recover-20221013,001,1795
877.6225,877.6652,68437,82791,Rhinolophus ferrumequinum,0.028,0.028,-1,Echolocation,/mnt/ubna_data_02_mir/recover-20221013/UBNA_001/20221012_030000.WAV,Telephone Field,recover-20221013,001,1795
877.6505,877.6884,68437,81492,Rhinolophus ferrumequinum,0.022,0.022,-1,Echolocation,/mnt/ubna_data_02_mir/recover-20221013/UBNA_001/20221012_030000.WAV,Telephone Field,recover-20221013,001,1795
877.6845,877.7256,68437,82170,Rhinolophus ferrumequinum,0.022,0.022,-1,Echolocation,/mnt/ubna_data_02_mir/recover-20221013/UBNA_001/20221012_030000.WAV,Telephone Field,recover-20221013,001,1795
877.7035,877.7116,28046,40494,Eptesicus serotinus,0.007,0.021,-1,Echolocation,/mnt/ubna_data_02_mir/recover-20221013/UBNA_001/20221012_030000.WAV,Telephone Field,recover-20221013,001,1795
877.7125,877.7515,68437,82156,Rhinolophus ferrumequinum,0.025,0.025,-1,Echolocation,/mnt/ubna_data_02_mir/recover-20221013/UBNA_001/20221012_030000.WAV,Telephone Field,recover-20221013,001,1795
877.7315,877.7668,68437,80962,Rhinolophus ferrumequinum,0.022,0.022,-1,Echolocation,/mnt/ubna_data_02_mir/recover-20221013/UBNA_001/20221012_030000.WAV,Telephone Field,recover-20221013,001,1795
877.7605,877.7997,68437,82366,Rhinolophus ferrumequinum,0.023,0.023,-1,Echolocation,/mnt/ubna_data_02_mir/recover-20221013/UBNA_001/20221012_030000.WAV,Telephone Field,recover-20221013,001,1795
877.7855,877.7934,28046,38708,Eptesicus serotinus,0.008,0.023,-1,Echolocation,/mnt/ubna_data_02_mir/recover-20221013/UBNA_001/20221012_030000.WAV,Telephone Field,recover-20221013,001,1795
877.8305,877.8698,68437,82073,Rhinolophus ferrumequinum,0.022,0.022,-1,Echolocation,/mnt/ubna_data_02_mir/recover-20221013/UBNA_001/20221012_030000.WAV,Telephone Field,recover-20221013,001,1795
877.8445,877.8525,28046,39077,Eptesicus serotinus,0.007,0.022,-1,Echolocation,/mnt/ubna_data_02_mir/recover-20221013/UBNA_001/20221012_030000.WAV,Telephone Field,recover-20221013,001,1795
877.8625,877.8713,28046,37366,Eptesicus serotinus,0.008,0.022,-1,Echolocation,/mnt/ubna_data_02_mir/recover-20221013/UBNA_001/20221012_030000.WAV,Telephone Field,recover-20221013,001,1795
877.8635,877.8784,37500,41737,Pipistrellus nathusii,0.016,0.03,-1,Echolocation,/mnt/ubna_data_02_mir/recover-20221013/UBNA_001/20221012_030000.WAV,Telephone Field,recover-20221013,001,1795
877.8685,877.9084,68437,82167,Rhinolophus ferrumequinum,0.022,0.022,-1,Echolocation,/mnt/ubna_data_02_mir/recover-20221013/UBNA_001/20221012_030000.WAV,Telephone Field,recover-20221013,001,1795
877.9055,877.9114,46953,54540,Pipistrellus pipistrellus,0.02,0.022,-1,Echolocation,/mnt/ubna_data_02_mir/recover-20221013/UBNA_001/20221012_030000.WAV,Telephone Field,recover-20221013,001,1795
877.9365,877.9439,23750,33169,Plecotus austriacus,0.012,0.026,-1,Echolocation,/mnt/ubna_data_02_mir/recover-20221013/UBNA_001/20221012_030000.WAV,Telephone Field,recover-20221013,001,1795
877.9435,877.9832,68437,82647,Rhinolophus ferrumequinum,0.024,0.024,-1,Echolocation,/mnt/ubna_data_02_mir/recover-20221013/UBNA_001/20221012_030000.WAV,Telephone Field,recover-20221013,001,1795
877.9475,877.9556,46953,51461,Pipistrellus pipistrellus,0.023,0.024,-1,Echolocation,/mnt/ubna_data_02_mir/recover-20221013/UBNA_001/20221012_030000.WAV,Telephone Field,recover-20221013,001,1795
877.9685,877.9764,49531,54727,Pipistrellus pipistrellus,0.022,0.024,-1,Echolocation,/mnt/ubna_data_02_mir/recover-20221013/UBNA_001/20221012_030000.WAV,Telephone Field,recover-20221013,001,1795
877.9785,877.9884,28046,36643,Eptesicus serotinus,0.009,0.022,-1,Echolocation,/mnt/ubna_data_02_mir/recover-20221013/UBNA_001/20221012_030000.WAV,Telephone Field,recover-20221013,001,1795
877.9825,877.993,23750,30247,Nyctalus leisleri,0.008,0.022,-1,Echolocation,/mnt/ubna_data_02_mir/recover-20221013/UBNA_001/20221012_030000.WAV,Telephone Field,recover-20221013,001,1795
877.9895,877.999,27187,38020,Eptesicus serotinus,0.008,0.021,-1,Echolocation,/mnt/ubna_data_02_mir/recover-20221013/UBNA_001/20221012_030000.WAV,Telephone Field,recover-20221013,001,1795
878.0015,878.0102,22031,28380,Nyctalus leisleri,0.009,0.024,-1,Echolocation,/mnt/ubna_data_02_mir/recover-20221013/UBNA_001/20221012_030000.WAV,Telephone Field,recover-20221013,001,1795
878.0015,878.0087,46093,50798,Pipistrellus pipistrellus,0.022,0.027,-1,Echolocation,/mnt/ubna_data_02_mir/recover-20221013/UBNA_001/20221012_030000.WAV,Telephone Field,recover-20221013,001,1795
878.0105,878.0537,68437,83161,Rhinolophus ferrumequinum,0.039,0.039,-1,Echolocation,/mnt/ubna_data_02_mir/recover-20221013/UBNA_001/20221012_030000.WAV,Telephone Field,recover-20221013,001,1795
878.0225,878.0325,28906,38021,Eptesicus serotinus,0.011,0.026,-1,Echolocation,/mnt/ubna_data_02_mir/recover-20221013/UBNA_001/20221012_030000.WAV,Telephone Field,recover-20221013,001,1795
878.0635,878.1035,68437,81870,Rhinolophus ferrumequinum,0.024,0.024,-1,Echolocation,/mnt/ubna_data_02_mir/recover-20221013/UBNA_001/20221012_030000.WAV,Telephone Field,recover-20221013,001,1795
878.0845,878.122,68437,80822,Rhinolophus ferrumequinum,0.022,0.022,-1,Echolocation,/mnt/ubna_data_02_mir/recover-20221013/UBNA_001/20221012_030000.WAV,Telephone Field,recover-20221013,001,1795
878.0915,878.1275,68437,80228,Rhinolophus ferrumequinum,0.023,0.023,-1,Echolocation,/mnt/ubna_data_02_mir/recover-20221013/UBNA_001/20221012_030000.WAV,Telephone Field,recover-20221013,001,1795
878.1115,878.1494,68437,82294,Rhinolophus ferrumequinum,0.022,0.022,-1,Echolocation,/mnt/ubna_data_02_mir/recover-20221013/UBNA_001/20221012_030000.WAV,Telephone Field,recover-20221013,001,1795
878.1195,878.1588,68437,82631,Rhinolophus ferrumequinum,0.027,0.027,-1,Echolocation,/mnt/ubna_data_02_mir/recover-20221013/UBNA_001/20221012_030000.WAV,Telephone Field,recover-20221013,001,1795
878.1585,878.2005,68437,83332,Rhinolophus ferrumequinum,0.042,0.042,-1,Echolocation,/mnt/ubna_data_02_mir/recover-20221013/UBNA_001/20221012_030000.WAV,Telephone Field,recover-20221013,001,1795
878.1585,878.1666,44375,48671,Pipistrellus pipistrellus,0.023,0.024,-1,Echolocation,/mnt/ubna_data_02_mir/recover-20221013/UBNA_001/20221012_030000.WAV,Telephone Field,recover-20221013,001,1795
878.1875,878.1988,23750,29048,Nyctalus leisleri,0.012,0.024,-1,Echolocation,/mnt/ubna_data_02_mir/recover-20221013/UBNA_001/20221012_030000.WAV,Telephone Field,recover-20221013,001,1795
878.2075,878.2466,68437,81929,Rhinolophus ferrumequinum,0.022,0.022,-1,Echolocation,/mnt/ubna_data_02_mir/recover-20221013/UBNA_001/20221012_030000.WAV,Telephone Field,recover-20221013,001,1795
878.2345,878.2773,68437,82640,Rhinolophus ferrumequinum,0.03,0.03,-1,Echolocation,/mnt/ubna_data_02_mir/recover-20221013/UBNA_001/20221012_030000.WAV,Telephone Field,recover-20221013,001,1795
878.2675,878.277,29765,38067,Eptesicus serotinus,0.009,0.023,-1,Echolocation,/mnt/ubna_data_02_mir/recover-20221013/UBNA_001/20221012_030000.WAV,Telephone Field,recover-20221013,001,1795
878.2715,878.2806,43515,46875,Pipistrellus pipistrellus,0.021,0.023,-1,Echolocation,/mnt/ubna_data_02_mir/recover-20221013/UBNA_001/20221012_030000.WAV,Telephone Field,recover-20221013,001,1795
878.2965,878.3336,68437,81795,Rhinolophus ferrumequinum,0.023,0.023,-1,Echolocation,/mnt/ubna_data_02_mir/recover-20221013/UBNA_001/20221012_030000.WAV,Telephone Field,recover-20221013,001,1795
878.3145,878.3575,68437,83591,Rhinolophus ferrumequinum,0.027,0.027,-1,Echolocation,/mnt/ubna_data_02_mir/recover-20221013/UBNA_001/20221012_030000.WAV,Telephone Field,recover-20221013,001,1795
878.3365,878.3801,68437,83180,Rhinolophus ferrumequinum,0.027,0.027,-1,Echolocation,/mnt/ubna_data_02_mir/recover-20221013/UBNA_001/20221012_030000.WAV,Telephone Field,recover-20221013,001,1795
878.3425,878.3836,68437,82789,Rhinolophus ferrumequinum,0.027,0.027,-1,Echolocation,/mnt/ubna_data_02_mir/recover-20221013/UBNA_001/20221012_030000.WAV,Telephone Field,recover-20221013,001,1795
878.3675,878.4047,68437,81857,Rhinolophus ferrumequinum,0.038,0.038,-1,Echolocation,/mnt/ubna_data_02_mir/recover-20221013/UBNA_001/20221012_030000.WAV,Telephone Field,recover-20221013,001,1795
878.3825,878.3903,28046,40542,Eptesicus serotinus,0.008,0.027,-1,Echolocation,/mnt/ubna_data_02_mir/recover-20221013/UBNA_001/20221012_030000.WAV,Telephone Field,recover-20221013,001,1795
878.3915,878.4029,22031,26050,Nyctalus leisleri,0.012,0.021,-1,Echolocation,/mnt/ubna_data_02_mir/recover-20221013/UBNA_001/20221012_030000.WAV,Telephone Field,recover-20221013,001,1795
878.4075,878.4151,26328,36412,Eptesicus serotinus,0.007,0.023,-1,Echolocation,/mnt/ubna_data_02_mir/recover-20221013/UBNA_001/20221012_030000.WAV,Telephone Field,recover-20221013,001,1795
878.4085,878.4482,68437,82187,Rhinolophus ferrumequinum,0.025,0.025,-1,Echolocation,/mnt/ubna_data_02_mir/recover-20221013/UBNA_001/20221012_030000.WAV,Telephone Field,recover-20221013,001,1795
878.4545,878.4624,28046,39371,Eptesicus serotinus,0.007,0.022,-1,Echolocation,/mnt/ubna_data_02_mir/recover-20221013/UBNA_001/20221012_030000.WAV,Telephone Field,recover-20221013,001,1795
878.4555,878.5011,68437,83304,Rhinolophus ferrumequinum,0.075,0.075,-1,Echolocation,/mnt/ubna_data_02_mir/recover-20221013/UBNA_001/20221012_030000.WAV,Telephone Field,recover-20221013,001,1795
878.4575,878.4661,22890,29587,Plecotus austriacus,0.009,0.022,-1,Echolocation,/mnt/ubna_data_02_mir/recover-20221013/UBNA_001/20221012_030000.WAV,Telephone Field,recover-20221013,001,1795
878.5155,878.556,68437,82949,Rhinolophus ferrumequinum,0.024,0.024,-1,Echolocation,/mnt/ubna_data_02_mir/recover-20221013/UBNA_001/20221012_030000.WAV,Telephone Field,recover-20221013,001,1795
878.5245,878.5635,68437,82275,Rhinolophus ferrumequinum,0.021,0.021,-1,Echolocation,/mnt/ubna_data_02_mir/recover-20221013/UBNA_001/20221012_030000.WAV,Telephone Field,recover-20221013,001,1795
878.5835,878.6238,68437,82669,Rhinolophus ferrumequinum,0.023,0.023,-1,Echolocation,/mnt/ubna_data_02_mir/recover-20221013/UBNA_001/20221012_030000.WAV,Telephone Field,recover-20221013,001,1795
878.5835,878.5923,28046,37990,Eptesicus serotinus,0.026,0.055,-1,Echolocation,/mnt/ubna_data_02_mir/recover-20221013/UBNA_001/20221012_030000.WAV,Telephone Field,recover-20221013,001,1795
878.5895,878.6311,68437,82458,Rhinolophus ferrumequinum,0.023,0.023,-1,Echolocation,/mnt/ubna_data_02_mir/recover-20221013/UBNA_001/20221012_030000.WAV,Telephone Field,recover-20221013,001,1795
878.6195,878.6283,24609,31806,Nyctalus leisleri,0.007,0.022,-1,Echolocation,/mnt/ubna_data_02_mir/recover-20221013/UBNA_001/20221012_030000.WAV,Telephone Field,recover-20221013,001,1795
878.6545,878.6909,68437,81899,Rhinolophus ferrumequinum,0.023,0.023,-1,Echolocation,/mnt/ubna_data_02_mir/recover-20221013/UBNA_001/20221012_030000.WAV,Telephone Field,recover-20221013,001,1795
878.6725,878.6834,25468,32158,Eptesicus serotinus,0.008,0.023,-1,Echolocation,/mnt/ubna_data_02_mir/recover-20221013/UBNA_001/20221012_030000.WAV,Telephone Field,recover-20221013,001,1795
878.6975,878.7069,47812,55533,Pipistrellus pipistrellus,0.021,0.023,-1,Echolocation,/mnt/ubna_data_02_mir/recover-20221013/UBNA_001/20221012_030000.WAV,Telephone Field,recover-20221013,001,1795
878.6985,878.7381,68437,82748,Rhinolophus ferrumequinum,0.026,0.026,-1,Echolocation,/mnt/ubna_data_02_mir/recover-20221013/UBNA_001/20221012_030000.WAV,Telephone Field,recover-20221013,001,1795
878.7165,878.7544,68437,81651,Rhinolophus ferrumequinum,0.023,0.023,-1,Echolocation,/mnt/ubna_data_02_mir/recover-20221013/UBNA_001/20221012_030000.WAV,Telephone Field,recover-20221013,001,1795
878.7315,878.7721,68437,82778,Rhinolophus ferrumequinum,0.032,0.032,-1,Echolocation,/mnt/ubna_data_02_mir/recover-20221013/UBNA_001/20221012_030000.WAV,Telephone Field,recover-20221013,001,1795
878.7605,878.7994,68437,82262,Rhinolophus ferrumequinum,0.025,0.025,-1,Echolocation,/mnt/ubna_data_02_mir/recover-20221013/UBNA_001/20221012_030000.WAV,Telephone Field,recover-20221013,001,1795
878.7795,878.7879,46093,52038,Pipistrellus pipistrellus,0.026,0.028,-1,Echolocation,/mnt/ubna_data_02_mir/recover-20221013/UBNA_001/20221012_030000.WAV,Telephone Field,recover-20221013,001,1795
878.7915,878.8309,68437,82721,Rhinolophus ferrumequinum,0.024,0.024,-1,Echolocation,/mnt/ubna_data_02_mir/recover-20221013/UBNA_001/20221012_030000.WAV,Telephone Field,recover-20221013,001,1795
878.8175,878.8248,44375,52734,Pipistrellus pipistrellus,0.025,0.028,-1,Echolocation,/mnt/ubna_data_02_mir/recover-20221013/UBNA_001/20221012_030000.WAV,Telephone Field,recover-20221013,001,1795
878.8275,878.8379,22031,26810,Nyctalus leisleri,0.01,0.022,-1,Echolocation,/mnt/ubna_data_02_mir/recover-20221013/UBNA_001/20221012_030000.WAV,Telephone Field,recover-20221013,001,1795
878.8435,878.8853,68437,82683,Rhinolophus ferrumequinum,0.043,0.043,-1,Echolocation,/mnt/ubna_data_02_mir/recover-20221013/UBNA_001/20221012_030000.WAV,Telephone Field,recover-20221013,001,1795
878.8525,878.8902,68437,81433,Rhinolophus ferrumequinum,0.028,0.028,-1,Echolocation,/mnt/ubna_data_02_mir/recover-20221013/UBNA_001/20221012_030000.WAV,Telephone Field,recover-20221013,001,1795
878.8915,878.9013,28906,41348,Eptesicus serotinus,0.01,0.023,-1,Echolocation,/mnt/ubna_data_02_mir/recover-20221013/UBNA_001/20221012_030000.WAV,Telephone Field,recover-20221013,001,1795
878.9315,878.9415,29765,37214,Eptesicus serotinus,0.011,0.024,-1,Echolocation,/mnt/ubna_data_02_mir/recover-20221013/UBNA_001/20221012_030000.WAV,Telephone Field,recover-20221013,001,1795
878.9345,878.9753,68437,82563,Rhinolophus ferrumequinum,0.024,0.024,-1,Echolocation,/mnt/ubna_data_02_mir/recover-20221013/UBNA_001/20221012_030000.WAV,Telephone Field,recover-20221013,001,1795
878.9545,878.9632,23750,31323,Plecotus austriacus,0.009,0.026,-1,Echolocation,/mnt/ubna_data_02_mir/recover-20221013/UBNA_001/20221012_030000.WAV,Telephone Field,recover-20221013,001,1795
878.9675,878.9779,28046,35762,Eptesicus serotinus,0.013,0.024,-1,Echolocation,/mnt/ubna_data_02_mir/recover-20221013/UBNA_001/20221012_030000.WAV,Telephone Field,recover-20221013,001,1795
879.0565,879.0975,68437,82360,Rhinolophus ferrumequinum,0.027,0.027,-1,Echolocation,/mnt/ubna_data_02_mir/recover-20221013/UBNA_001/20221012_030000.WAV,Telephone Field,recover-20221013,001,1795
879.0665,879.108,68437,82081,Rhinolophus ferrumequinum,0.023,0.023,-1,Echolocation,/mnt/ubna_data_02_mir/recover-20221013/UBNA_001/20221012_030000.WAV,Telephone Field,recover-20221013,001,1795
879.0815,879.0889,28046,42685,Eptesicus serotinus,0.007,0.023,-1,Echolocation,/mnt/ubna_data_02_mir/recover-20221013/UBNA_001/20221012_030000.WAV,Telephone Field,recover-20221013,001,1795
879.1305,879.1689,68437,81923,Rhinolophus ferrumequinum,0.022,0.022,-1,Echolocation,/mnt/ubna_data_02_mir/recover-20221013/UBNA_001/20221012_030000.WAV,Telephone Field,recover-20221013,001,1795
879.1995,879.2366,68437,81801,Rhinolophus ferrumequinum,0.022,0.022,-1,Echolocation,/mnt/ubna_data_02_mir/recover-20221013/UBNA_001/20221012_030000.WAV,Telephone Field,recover-20221013,001,1795
879.2045,879.2164,48671,54236,Pipistrellus pipistrellus,0.032,0.036,-1,Echolocation,/mnt/ubna_data_02_mir/recover-20221013/UBNA_001/20221012_030000.WAV,Telephone Field,recover-20221013,001,1795
879.2195,879.2563,68437,81817,Rhinolophus ferrumequinum,0.021,0.021,-1,Echolocation,/mnt/ubna_data_02_mir/recover-20221013/UBNA_001/20221012_030000.WAV,Telephone Field,recover-20221013,001,1795
879.2455,879.2852,68437,82519,Rhinolophus ferrumequinum,0.023,0.023,-1,Echolocation,/mnt/ubna_data_02_mir/recover-20221013/UBNA_001/20221012_030000.WAV,Telephone Field,recover-20221013,001,1795
879.2845,879.2925,28046,38327,Eptesicus serotinus,0.008,0.023,-1,Echolocation,/mnt/ubna_data_02_mir/recover-20221013/UBNA_001/20221012_030000.WAV,Telephone Field,recover-20221013,001,1795
879.2935,879.334,68437,82601,Rhinolophus ferrumequinum,0.031,0.031,-1,Echolocation,/mnt/ubna_data_02_mir/recover-20221013/UBNA_001/20221012_030000.WAV,Telephone Field,recover-20221013,001,1795
879.3095,879.3211,28906,35224,Eptesicus serotinus,0.011,0.022,-1,Echolocation,/mnt/ubna_data_02_mir/recover-20221013/UBNA_001/20221012_030000.WAV,Telephone Field,recover-20221013,001,1795
879.3345,879.3423,34921,45009,Myotis daubentonii,0.008,0.021,-1,Echolocation,/mnt/ubna_data_02_mir/recover-20221013/UBNA_001/20221012_030000.WAV,Telephone Field,recover-20221013,001,1795
879.3355,879.3425,26328,39355,Eptesicus serotinus,0.007,0.026,-1,Echolocation,/mnt/ubna_data_02_mir/recover-20221013/UBNA_001/20221012_030000.WAV,Telephone Field,recover-20221013,001,1795
879.3765,879.4147,68437,81495,Rhinolophus ferrumequinum,0.025,0.025,-1,Echolocation,/mnt/ubna_data_02_mir/recover-20221013/UBNA_001/20221012_030000.WAV,Telephone Field,recover-20221013,001,1795
879.3835,879.4194,68437,81013,Rhinolophus ferrumequinum,0.026,0.026,-1,Echolocation,/mnt/ubna_data_02_mir/recover-20221013/UBNA_001/20221012_030000.WAV,Telephone Field,recover-20221013,001,1795
879.4035,879.44,68437,81355,Rhinolophus ferrumequinum,0.023,0.023,-1,Echolocation,/mnt/ubna_data_02_mir/recover-20221013/UBNA_001/20221012_030000.WAV,Telephone Field,recover-20221013,001,1795
879.4095,879.4446,68437,81021,Rhinolophus ferrumequinum,0.023,0.023,-1,Echolocation,/mnt/ubna_data_02_mir/recover-20221013/UBNA_001/20221012_030000.WAV,Telephone Field,recover-20221013,001,1795
879.4305,879.4699,68437,82093,Rhinolophus ferrumequinum,0.022,0.022,-1,Echolocation,/mnt/ubna_data_02_mir/recover-20221013/UBNA_001/20221012_030000.WAV,Telephone Field,recover-20221013,001,1795
879.4675,879.5043000000001,68437,81648,Rhinolophus ferrumequinum,0.021,0.021,-1,Echolocation,/mnt/ubna_data_02_mir/recover-20221013/UBNA_001/20221012_030000.WAV,Telephone Field,recover-20221013,001,1795
879.4835,879.5222,68437,82283,Rhinolophus ferrumequinum,0.025,0.025,-1,Echolocation,/mnt/ubna_data_02_mir/recover-20221013/UBNA_001/20221012_030000.WAV,Telephone Field,recover-20221013,001,1795
879.6375,879.676,68437,81866,Rhinolophus ferrumequinum,0.027,0.027,-1,Echolocation,/mnt/ubna_data_02_mir/recover-20221013/UBNA_001/20221012_030000.WAV,Telephone Field,recover-20221013,001,1795
879.6745,879.6835,23750,31191,Plecotus austriacus,0.007,0.022,-1,Echolocation,/mnt/ubna_data_02_mir/recover-20221013/UBNA_001/20221012_030000.WAV,Telephone Field,recover-20221013,001,1795
879.6805,879.7209,68437,82373,Rhinolophus ferrumequinum,0.023,0.023,-1,Echolocation,/mnt/ubna_data_02_mir/recover-20221013/UBNA_001/20221012_030000.WAV,Telephone Field,recover-20221013,001,1795
879.7255,879.7646,68437,82039,Rhinolophus ferrumequinum,0.022,0.022,-1,Echolocation,/mnt/ubna_data_02_mir/recover-20221013/UBNA_001/20221012_030000.WAV,Telephone Field,recover-20221013,001,1795
879.7305,879.7711,68437,82473,Rhinolophus ferrumequinum,0.022,0.022,-1,Echolocation,/mnt/ubna_data_02_mir/recover-20221013/UBNA_001/20221012_030000.WAV,Telephone Field,recover-20221013,001,1795
879.7385,879.7782,68437,82499,Rhinolophus ferrumequinum,0.022,0.022,-1,Echolocation,/mnt/ubna_data_02_mir/recover-20221013/UBNA_001/20221012_030000.WAV,Telephone Field,recover-20221013,001,1795
879.7465,879.7854,68437,82346,Rhinolophus ferrumequinum,0.021,0.021,-1,Echolocation,/mnt/ubna_data_02_mir/recover-20221013/UBNA_001/20221012_030000.WAV,Telephone Field,recover-20221013,001,1795
879.7615,879.8005,68437,81675,Rhinolophus ferrumequinum,0.022,0.022,-1,Echolocation,/mnt/ubna_data_02_mir/recover-20221013/UBNA_001/20221012_030000.WAV,Telephone Field,recover-20221013,001,1795
879.7745,879.8149,68437,82461,Rhinolophus ferrumequinum,0.024,0.024,-1,Echolocation,/mnt/ubna_data_02_mir/recover-20221013/UBNA_001/20221012_030000.WAV,Telephone Field,recover-20221013,001,1795
879.7915,879.8325,68437,82887,Rhinolophus ferrumequinum,0.024,0.024,-1,Echolocation,/mnt/ubna_data_02_mir/recover-20221013/UBNA_001/20221012_030000.WAV,Telephone Field,recover-20221013,001,1795
879.8235,879.8323,28906,37939,Eptesicus serotinus,0.01,0.025,-1,Echolocation,/mnt/ubna_data_02_mir/recover-20221013/UBNA_001/20221012_030000.WAV,Telephone Field,recover-20221013,001,1795
879.9015,879.9106,28046,36599,Eptesicus serotinus,0.009,0.023,-1,Echolocation,/mnt/ubna_data_02_mir/recover-20221013/UBNA_001/20221012_030000.WAV,Telephone Field,recover-20221013,001,1795
879.9155,879.9556,68437,82550,Rhinolophus ferrumequinum,0.027,0.027,-1,Echolocation,/mnt/ubna_data_02_mir/recover-20221013/UBNA_001/20221012_030000.WAV,Telephone Field,recover-20221013,001,1795
879.9235,879.9329,24609,31758,Eptesicus serotinus,0.008,0.022,-1,Echolocation,/mnt/ubna_data_02_mir/recover-20221013/UBNA_001/20221012_030000.WAV,Telephone Field,recover-20221013,001,1795
879.9345,879.9453,23750,29468,Nyctalus leisleri,0.009,0.021,-1,Echolocation,/mnt/ubna_data_02_mir/recover-20221013/UBNA_001/20221012_030000.WAV,Telephone Field,recover-20221013,001,1795
879.9405,879.9587,21171,24191,Nyctalus leisleri,0.015,0.023,-1,Echolocation,/mnt/ubna_data_02_mir/recover-20221013/UBNA_001/20221012_030000.WAV,Telephone Field,recover-20221013,001,1795
879.9515,879.9943,68437,82522,Rhinolophus ferrumequinum,0.022,0.022,-1,Echolocation,/mnt/ubna_data_02_mir/recover-20221013/UBNA_001/20221012_030000.WAV,Telephone Field,recover-20221013,001,1795
879.9815,879.9906,22031,28465,Plecotus austriacus,0.009,0.023,-1,Echolocation,/mnt/ubna_data_02_mir/recover-20221013/UBNA_001/20221012_030000.WAV,Telephone Field,recover-20221013,001,1795
879.9855,879.9932,28906,40028,Eptesicus serotinus,0.008,0.024,-1,Echolocation,/mnt/ubna_data_02_mir/recover-20221013/UBNA_001/20221012_030000.WAV,Telephone Field,recover-20221013,001,1795
880.0015,880.037,68437,80106,Rhinolophus ferrumequinum,0.069,0.069,-1,Echolocation,/mnt/ubna_data_02_mir/recover-20221013/UBNA_001/20221012_030000.WAV,Telephone Field,recover-20221013,001,1795
880.0015,880.0115,47812,52775,Pipistrellus pipistrellus,0.021,0.026,-1,Echolocation,/mnt/ubna_data_02_mir/recover-20221013/UBNA_001/20221012_030000.WAV,Telephone Field,recover-20221013,001,1795
880.0015,880.0111,22890,29425,Nyctalus leisleri,0.015,0.035,-1,Echolocation,/mnt/ubna_data_02_mir/recover-20221013/UBNA_001/20221012_030000.WAV,Telephone Field,recover-20221013,001,1795
880.0095,880.021,22890,27282,Nyctalus leisleri,0.017,0.035,-1,Echolocation,/mnt/ubna_data_02_mir/recover-20221013/UBNA_001/20221012_030000.WAV,Telephone Field,recover-20221013,001,1795
880.0245,880.0319,28906,40137,Eptesicus serotinus,0.007,0.022,-1,Echolocation,/mnt/ubna_data_02_mir/recover-20221013/UBNA_001/20221012_030000.WAV,Telephone Field,recover-20221013,001,1795
880.0335,880.0741,68437,82161,Rhinolophus ferrumequinum,0.024,0.024,-1,Echolocation,/mnt/ubna_data_02_mir/recover-20221013/UBNA_001/20221012_030000.WAV,Telephone Field,recover-20221013,001,1795
880.0425,880.0813,68437,82079,Rhinolophus ferrumequinum,0.022,0.022,-1,Echolocation,/mnt/ubna_data_02_mir/recover-20221013/UBNA_001/20221012_030000.WAV,Telephone Field,recover-20221013,001,1795
880.0505,880.0878,68437,82283,Rhinolophus ferrumequinum,0.025,0.025,-1,Echolocation,/mnt/ubna_data_02_mir/recover-20221013/UBNA_001/20221012_030000.WAV,Telephone Field,recover-20221013,001,1795
880.1015,880.1401,68437,81666,Rhinolophus ferrumequinum,0.022,0.022,-1,Echolocation,/mnt/ubna_data_02_mir/recover-20221013/UBNA_001/20221012_030000.WAV,Telephone Field,recover-20221013,001,1795
880.1405,880.1803,68437,82346,Rhinolophus ferrumequinum,0.025,0.025,-1,Echolocation,/mnt/ubna_data_02_mir/recover-20221013/UBNA_001/20221012_030000.WAV,Telephone Field,recover-20221013,001,1795
880.1845,880.2196,68437,79993,Rhinolophus ferrumequinum,0.027,0.027,-1,Echolocation,/mnt/ubna_data_02_mir/recover-20221013/UBNA_001/20221012_030000.WAV,Telephone Field,recover-20221013,001,1795
880.2535,880.2924,68437,81626,Rhinolophus ferrumequinum,0.022,0.022,-1,Echolocation,/mnt/ubna_data_02_mir/recover-20221013/UBNA_001/20221012_030000.WAV,Telephone Field,recover-20221013,001,1795
880.2825,880.3206,68437,82147,Rhinolophus ferrumequinum,0.023,0.023,-1,Echolocation,/mnt/ubna_data_02_mir/recover-20221013/UBNA_001/20221012_030000.WAV,Telephone Field,recover-20221013,001,1795
880.2905,880.3309,68437,82190,Rhinolophus ferrumequinum,0.024,0.024,-1,Echolocation,/mnt/ubna_data_02_mir/recover-20221013/UBNA_001/20221012_030000.WAV,Telephone Field,recover-20221013,001,1795
880.3175,880.3277,24609,31014,Nyctalus leisleri,0.008,0.022,-1,Echolocation,/mnt/ubna_data_02_mir/recover-20221013/UBNA_001/20221012_030000.WAV,Telephone Field,recover-20221013,001,1795
880.3275,880.3342,28046,41429,Eptesicus serotinus,0.007,0.027,-1,Echolocation,/mnt/ubna_data_02_mir/recover-20221013/UBNA_001/20221012_030000.WAV,Telephone Field,recover-20221013,001,1795
880.3405,880.3784,68437,81901,Rhinolophus ferrumequinum,0.025,0.025,-1,Echolocation,/mnt/ubna_data_02_mir/recover-20221013/UBNA_001/20221012_030000.WAV,Telephone Field,recover-20221013,001,1795
880.3645,880.4046,68437,82421,Rhinolophus ferrumequinum,0.023,0.023,-1,Echolocation,/mnt/ubna_data_02_mir/recover-20221013/UBNA_001/20221012_030000.WAV,Telephone Field,recover-20221013,001,1795
880.3665,880.3738,24609,34000,Plecotus austriacus,0.01,0.027,-1,Echolocation,/mnt/ubna_data_02_mir/recover-20221013/UBNA_001/20221012_030000.WAV,Telephone Field,recover-20221013,001,1795
880.3915,880.402,25468,31926,Nyctalus leisleri,0.009,0.027,-1,Echolocation,/mnt/ubna_data_02_mir/recover-20221013/UBNA_001/20221012_030000.WAV,Telephone Field,recover-20221013,001,1795
880.4075,880.4477,68437,82375,Rhinolophus ferrumequinum,0.025,0.025,-1,Echolocation,/mnt/ubna_data_02_mir/recover-20221013/UBNA_001/20221012_030000.WAV,Telephone Field,recover-20221013,001,1795
880.4585,880.4976,68437,81822,Rhinolophus ferrumequinum,0.022,0.023,-1,Echolocation,/mnt/ubna_data_02_mir/recover-20221013/UBNA_001/20221012_030000.WAV,Telephone Field,recover-20221013,001,1795
880.4655,880.4719,29765,38165,Eptesicus serotinus,0.006,0.024,-1,Echolocation,/mnt/ubna_data_02_mir/recover-20221013/UBNA_001/20221012_030000.WAV,Telephone Field,recover-20221013,001,1795
880.4665,880.4729,24609,34030,Plecotus austriacus,0.011,0.025,-1,Echolocation,/mnt/ubna_data_02_mir/recover-20221013/UBNA_001/20221012_030000.WAV,Telephone Field,recover-20221013,001,1795
880.5375,880.58,68437,82762,Rhinolophus ferrumequinum,0.024,0.024,-1,Echolocation,/mnt/ubna_data_02_mir/recover-20221013/UBNA_001/20221012_030000.WAV,Telephone Field,recover-20221013,001,1795
880.5385,880.5483,28906,36934,Eptesicus serotinus,0.01,0.024,-1,Echolocation,/mnt/ubna_data_02_mir/recover-20221013/UBNA_001/20221012_030000.WAV,Telephone Field,recover-20221013,001,1795
880.5725,880.5832,23750,29905,Nyctalus leisleri,0.014,0.032,-1,Echolocation,/mnt/ubna_data_02_mir/recover-20221013/UBNA_001/20221012_030000.WAV,Telephone Field,recover-20221013,001,1795
880.5765,880.6147,68437,82271,Rhinolophus ferrumequinum,0.022,0.022,-1,Echolocation,/mnt/ubna_data_02_mir/recover-20221013/UBNA_001/20221012_030000.WAV,Telephone Field,recover-20221013,001,1795
880.5955,880.6352,68437,82555,Rhinolophus ferrumequinum,0.026,0.026,-1,Echolocation,/mnt/ubna_data_02_mir/recover-20221013/UBNA_001/20221012_030000.WAV,Telephone Field,recover-20221013,001,1795
880.6185,880.6258,28046,40723,Eptesicus serotinus,0.008,0.027,-1,Echolocation,/mnt/ubna_data_02_mir/recover-20221013/UBNA_001/20221012_030000.WAV,Telephone Field,recover-20221013,001,1795
880.6735,880.7096,68437,82171,Rhinolophus ferrumequinum,0.023,0.023,-1,Echolocation,/mnt/ubna_data_02_mir/recover-20221013/UBNA_001/20221012_030000.WAV,Telephone Field,recover-20221013,001,1795
880.6915,880.7317,68437,82522,Rhinolophus ferrumequinum,0.023,0.023,-1,Echolocation,/mnt/ubna_data_02_mir/recover-20221013/UBNA_001/20221012_030000.WAV,Telephone Field,recover-20221013,001,1795
880.6985,880.7411,68437,83268,Rhinolophus ferrumequinum,0.026,0.026,-1,Echolocation,/mnt/ubna_data_02_mir/recover-20221013/UBNA_001/20221012_030000.WAV,Telephone Field,recover-20221013,001,1795
880.7005,880.7089,28046,42106,Eptesicus serotinus,0.008,0.022,-1,Echolocation,/mnt/ubna_data_02_mir/recover-20221013/UBNA_001/20221012_030000.WAV,Telephone Field,recover-20221013,001,1795
880.7065,880.7177,27187,33879,Eptesicus serotinus,0.008,0.022,-1,Echolocation,/mnt/ubna_data_02_mir/recover-20221013/UBNA_001/20221012_030000.WAV,Telephone Field,recover-20221013,001,1795
880.7525,880.7622,28906,39294,Eptesicus serotinus,0.014,0.036,-1,Echolocation,/mnt/ubna_data_02_mir/recover-20221013/UBNA_001/20221012_030000.WAV,Telephone Field,recover-20221013,001,1795
880.7725,880.7845,22890,28151,Nyctalus leisleri,0.012,0.023,-1,Echolocation,/mnt/ubna_data_02_mir/recover-20221013/UBNA_001/20221012_030000.WAV,Telephone Field,recover-20221013,001,1795
880.7755,880.8153,68437,82064,Rhinolophus ferrumequinum,0.024,0.024,-1,Echolocation,/mnt/ubna_data_02_mir/recover-20221013/UBNA_001/20221012_030000.WAV,Telephone Field,recover-20221013,001,1795
880.7825,880.7983,22890,26972,Nyctalus leisleri,0.017,0.029,-1,Echolocation,/mnt/ubna_data_02_mir/recover-20221013/UBNA_001/20221012_030000.WAV,Telephone Field,recover-20221013,001,1795
880.7835,880.822,68437,82543,Rhinolophus ferrumequinum,0.024,0.024,-1,Echolocation,/mnt/ubna_data_02_mir/recover-20221013/UBNA_001/20221012_030000.WAV,Telephone Field,recover-20221013,001,1795
880.8125,880.8217,47812,51730,Pipistrellus pipistrellus,0.024,0.028,-1,Echolocation,/mnt/ubna_data_02_mir/recover-20221013/UBNA_001/20221012_030000.WAV,Telephone Field,recover-20221013,001,1795
880.8715,880.9143,68437,83453,Rhinolophus ferrumequinum,0.037,0.037,-1,Echolocation,/mnt/ubna_data_02_mir/recover-20221013/UBNA_001/20221012_030000.WAV,Telephone Field,recover-20221013,001,1795
880.8985,880.9353,68437,81889,Rhinolophus ferrumequinum,0.022,0.022,-1,Echolocation,/mnt/ubna_data_02_mir/recover-20221013/UBNA_001/20221012_030000.WAV,Telephone Field,recover-20221013,001,1795
880.9085,880.9209,22031,25614,Nyctalus leisleri,0.014,0.022,-1,Echolocation,/mnt/ubna_data_02_mir/recover-20221013/UBNA_001/20221012_030000.WAV,Telephone Field,recover-20221013,001,1795
880.9405,880.9508,46953,52827,Pipistrellus pipistrellus,0.025,0.028,-1,Echolocation,/mnt/ubna_data_02_mir/recover-20221013/UBNA_001/20221012_030000.WAV,Telephone Field,recover-20221013,001,1795
880.9595,881.0044,68437,83152,Rhinolophus ferrumequinum,0.053,0.053,-1,Echolocation,/mnt/ubna_data_02_mir/recover-20221013/UBNA_001/20221012_030000.WAV,Telephone Field,recover-20221013,001,1795
880.9875,881.0284,68437,82186,Rhinolophus ferrumequinum,0.024,0.024,-1,Echolocation,/mnt/ubna_data_02_mir/recover-20221013/UBNA_001/20221012_030000.WAV,Telephone Field,recover-20221013,001,1795
880.9985,881.037,68437,82041,Rhinolophus ferrumequinum,0.026,0.026,-1,Echolocation,/mnt/ubna_data_02_mir/recover-20221013/UBNA_001/20221012_030000.WAV,Telephone Field,recover-20221013,001,1795
881.0045,881.0244,19453,22247,Nyctalus noctula,0.012,0.026,-1,Echolocation,/mnt/ubna_data_02_mir/recover-20221013/UBNA_001/20221012_030000.WAV,Telephone Field,recover-20221013,001,1795
881.0335,881.0767,68437,83153,Rhinolophus ferrumequinum,0.033,0.033,-1,Echolocation,/mnt/ubna_data_02_mir/recover-20221013/UBNA_001/20221012_030000.WAV,Telephone Field,recover-20221013,001,1795
881.0695,881.1092,68437,82213,Rhinolophus ferrumequinum,0.022,0.022,-1,Echolocation,/mnt/ubna_data_02_mir/recover-20221013/UBNA_001/20221012_030000.WAV,Telephone Field,recover-20221013,001,1795
881.1025,881.1125,29765,37254,Eptesicus serotinus,0.009,0.022,-1,Echolocation,/mnt/ubna_data_02_mir/recover-20221013/UBNA_001/20221012_030000.WAV,Telephone Field,recover-20221013,001,1795
881.1205,881.1609,68437,82476,Rhinolophus ferrumequinum,0.024,0.024,-1,Echolocation,/mnt/ubna_data_02_mir/recover-20221013/UBNA_001/20221012_030000.WAV,Telephone Field,recover-20221013,001,1795
881.2895,881.3279,68437,82067,Rhinolophus ferrumequinum,0.022,0.022,-1,Echolocation,/mnt/ubna_data_02_mir/recover-20221013/UBNA_001/20221012_030000.WAV,Telephone Field,recover-20221013,001,1795
881.3555,881.3632,23750,31911,Plecotus austriacus,0.012,0.031,-1,Echolocation,/mnt/ubna_data_02_mir/recover-20221013/UBNA_001/20221012_030000.WAV,Telephone Field,recover-20221013,001,1795
881.3845,881.4224,68437,81731,Rhinolophus ferrumequinum,0.023,0.023,-1,Echolocation,/mnt/ubna_data_02_mir/recover-20221013/UBNA_001/20221012_030000.WAV,Telephone Field,recover-20221013,001,1795
881.4145,881.4249,28906,36900,Eptesicus serotinus,0.01,0.024,-1,Echolocation,/mnt/ubna_data_02_mir/recover-20221013/UBNA_001/20221012_030000.WAV,Telephone Field,recover-20221013,001,1795
881.4405,881.4799,68437,82581,Rhinolophus ferrumequinum,0.024,0.024,-1,Echolocation,/mnt/ubna_data_02_mir/recover-20221013/UBNA_001/20221012_030000.WAV,Telephone Field,recover-20221013,001,1795
881.4725,881.4822,22890,28927,Nyctalus leisleri,0.009,0.025,-1,Echolocation,/mnt/ubna_data_02_mir/recover-20221013/UBNA_001/20221012_030000.WAV,Telephone Field,recover-20221013,001,1795
881.4805,881.523,68437,82259,Rhinolophus ferrumequinum,0.023,0.023,-1,Echolocation,/mnt/ubna_data_02_mir/recover-20221013/UBNA_001/20221012_030000.WAV,Telephone Field,recover-20221013,001,1795
881.5045,881.5455,68437,82832,Rhinolophus ferrumequinum,0.024,0.024,-1,Echolocation,/mnt/ubna_data_02_mir/recover-20221013/UBNA_001/20221012_030000.WAV,Telephone Field,recover-20221013,001,1795
881.5475,881.5572,24609,31394,Nyctalus leisleri,0.008,0.022,-1,Echolocation,/mnt/ubna_data_02_mir/recover-20221013/UBNA_001/20221012_030000.WAV,Telephone Field,recover-20221013,001,1795
881.5815,881.5927,23750,29817,Nyctalus leisleri,0.011,0.024,-1,Echolocation,/mnt/ubna_data_02_mir/recover-20221013/UBNA_001/20221012_030000.WAV,Telephone Field,recover-20221013,001,1795
881.5935,881.6009,23750,32214,Plecotus austriacus,0.01,0.026,-1,Echolocation,/mnt/ubna_data_02_mir/recover-20221013/UBNA_001/20221012_030000.WAV,Telephone Field,recover-20221013,001,1795
881.6015,881.6416,68437,82239,Rhinolophus ferrumequinum,0.025,0.025,-1,Echolocation,/mnt/ubna_data_02_mir/recover-20221013/UBNA_001/20221012_030000.WAV,Telephone Field,recover-20221013,001,1795
881.6455,881.6858,68437,82346,Rhinolophus ferrumequinum,0.024,0.024,-1,Echolocation,/mnt/ubna_data_02_mir/recover-20221013/UBNA_001/20221012_030000.WAV,Telephone Field,recover-20221013,001,1795
881.6715,881.6806,24609,32149,Nyctalus leisleri,0.007,0.023,-1,Echolocation,/mnt/ubna_data_02_mir/recover-20221013/UBNA_001/20221012_030000.WAV,Telephone Field,recover-20221013,001,1795
881.6785,881.6874,28046,36091,Eptesicus serotinus,0.01,0.022,-1,Echolocation,/mnt/ubna_data_02_mir/recover-20221013/UBNA_001/20221012_030000.WAV,Telephone Field,recover-20221013,001,1795
881.6925,881.7314,68437,81817,Rhinolophus ferrumequinum,0.022,0.023,-1,Echolocation,/mnt/ubna_data_02_mir/recover-20221013/UBNA_001/20221012_030000.WAV,Telephone Field,recover-20221013,001,1795
881.7075,881.7168,29765,38209,Eptesicus serotinus,0.01,0.027,-1,Echolocation,/mnt/ubna_data_02_mir/recover-20221013/UBNA_001/20221012_030000.WAV,Telephone Field,recover-20221013,001,1795
881.7155,881.7594,68437,83211,Rhinolophus ferrumequinum,0.053,0.053,-1,Echolocation,/mnt/ubna_data_02_mir/recover-20221013/UBNA_001/20221012_030000.WAV,Telephone Field,recover-20221013,001,1795
881.7425,881.7825,68437,81794,Rhinolophus ferrumequinum,0.025,0.025,-1,Echolocation,/mnt/ubna_data_02_mir/recover-20221013/UBNA_001/20221012_030000.WAV,Telephone Field,recover-20221013,001,1795
881.7655,881.7758,23750,30026,Nyctalus leisleri,0.01,0.027,-1,Echolocation,/mnt/ubna_data_02_mir/recover-20221013/UBNA_001/20221012_030000.WAV,Telephone Field,recover-20221013,001,1795
881.7765,881.8152,68437,82385,Rhinolophus ferrumequinum,0.022,0.022,-1,Echolocation,/mnt/ubna_data_02_mir/recover-20221013/UBNA_001/20221012_030000.WAV,Telephone Field,recover-20221013,001,1795
881.7885,881.8272,68437,82329,Rhinolophus ferrumequinum,0.025,0.025,-1,Echolocation,/mnt/ubna_data_02_mir/recover-20221013/UBNA_001/20221012_030000.WAV,Telephone Field,recover-20221013,001,1795
881.7925,881.8123,18593,21854,Nyctalus noctula,0.016,0.028,-1,Echolocation,/mnt/ubna_data_02_mir/recover-20221013/UBNA_001/20221012_030000.WAV,Telephone Field,recover-20221013,001,1795
881.8165,881.8614,68437,83499,Rhinolophus ferrumequinum,0.033,0.033,-1,Echolocation,/mnt/ubna_data_02_mir/recover-20221013/UBNA_001/20221012_030000.WAV,Telephone Field,recover-20221013,001,1795
881.8365,881.8441,46953,56797,Pipistrellus pipistrellus,0.018,0.022,-1,Echolocation,/mnt/ubna_data_02_mir/recover-20221013/UBNA_001/20221012_030000.WAV,Telephone Field,recover-20221013,001,1795
881.8445,881.8529,24609,33433,Plecotus austriacus,0.008,0.026,-1,Echolocation,/mnt/ubna_data_02_mir/recover-20221013/UBNA_001/20221012_030000.WAV,Telephone Field,recover-20221013,001,1795
881.8575,881.8957,68437,81823,Rhinolophus ferrumequinum,0.023,0.023,-1,Echolocation,/mnt/ubna_data_02_mir/recover-20221013/UBNA_001/20221012_030000.WAV,Telephone Field,recover-20221013,001,1795
881.9075,881.9303,18593,21651,Nyctalus noctula,0.016,0.03,-1,Echolocation,/mnt/ubna_data_02_mir/recover-20221013/UBNA_001/20221012_030000.WAV,Telephone Field,recover-20221013,001,1795
881.9135,881.9551,68437,82998,Rhinolophus ferrumequinum,0.028,0.028,-1,Echolocation,/mnt/ubna_data_02_mir/recover-20221013/UBNA_001/20221012_030000.WAV,Telephone Field,recover-20221013,001,1795
881.9445,881.9818,68437,81311,Rhinolophus ferrumequinum,0.024,0.024,-1,Echolocation,/mnt/ubna_data_02_mir/recover-20221013/UBNA_001/20221012_030000.WAV,Telephone Field,recover-20221013,001,1795
881.9475,881.9544,45234,49137,Pipistrellus pipistrellus,0.027,0.028,-1,Echolocation,/mnt/ubna_data_02_mir/recover-20221013/UBNA_001/20221012_030000.WAV,Telephone Field,recover-20221013,001,1795
881.9495,881.9595,27187,36630,Eptesicus serotinus,0.01,0.023,-1,Echolocation,/mnt/ubna_data_02_mir/recover-20221013/UBNA_001/20221012_030000.WAV,Telephone Field,recover-20221013,001,1795
881.9555,881.9659,28046,35789,Eptesicus serotinus,0.01,0.022,-1,Echolocation,/mnt/ubna_data_02_mir/recover-20221013/UBNA_001/20221012_030000.WAV,Telephone Field,recover-20221013,001,1795
882.0015,882.0343,68437,80122,Rhinolophus ferrumequinum,0.036,0.036,-1,Echolocation,/mnt/ubna_data_02_mir/recover-20221013/UBNA_001/20221012_030000.WAV,Telephone Field,recover-20221013,001,1795
882.0015,882.0092,22890,31032,Plecotus austriacus,0.007,0.024,-1,Echolocation,/mnt/ubna_data_02_mir/recover-20221013/UBNA_001/20221012_030000.WAV,Telephone Field,recover-20221013,001,1795
882.0015,882.0087,28906,39310,Eptesicus serotinus,0.006,0.024,-1,Echolocation,/mnt/ubna_data_02_mir/recover-20221013/UBNA_001/20221012_030000.WAV,Telephone Field,recover-20221013,001,1795
882.0115,882.0555,68437,83522,Rhinolophus ferrumequinum,0.031,0.031,-1,Echolocation,/mnt/ubna_data_02_mir/recover-20221013/UBNA_001/20221012_030000.WAV,Telephone Field,recover-20221013,001,1795
882.0535,882.092,68437,82172,Rhinolophus ferrumequinum,0.028,0.028,-1,Echolocation,/mnt/ubna_data_02_mir/recover-20221013/UBNA_001/20221012_030000.WAV,Telephone Field,recover-20221013,001,1795
882.0595,882.0688,28906,36955,Eptesicus serotinus,0.008,0.022,-1,Echolocation,/mnt/ubna_data_02_mir/recover-20221013/UBNA_001/20221012_030000.WAV,Telephone Field,recover-20221013,001,1795
882.0655,882.1032,68437,81230,Rhinolophus ferrumequinum,0.022,0.022,-1,Echolocation,/mnt/ubna_data_02_mir/recover-20221013/UBNA_001/20221012_030000.WAV,Telephone Field,recover-20221013,001,1795
882.0665,882.0752,28046,36861,Eptesicus serotinus,0.008,0.022,-1,Echolocation,/mnt/ubna_data_02_mir/recover-20221013/UBNA_001/20221012_030000.WAV,Telephone Field,recover-20221013,001,1795
882.0915,882.1012,22031,27454,Nyctalus leisleri,0.008,0.024,-1,Echolocation,/mnt/ubna_data_02_mir/recover-20221013/UBNA_001/20221012_030000.WAV,Telephone Field,recover-20221013,001,1795
882.1065,882.1446,68437,82307,Rhinolophus ferrumequinum,0.029,0.029,-1,Echolocation,/mnt/ubna_data_02_mir/recover-20221013/UBNA_001/20221012_030000.WAV,Telephone Field,recover-20221013,001,1795
882.1355,882.1737,68437,82079,Rhinolophus ferrumequinum,0.037,0.037,-1,Echolocation,/mnt/ubna_data_02_mir/recover-20221013/UBNA_001/20221012_030000.WAV,Telephone Field,recover-20221013,001,1795
882.1595,882.1652,40078,58857,Myotis brandtii,0.006,0.022,-1,Echolocation,/mnt/ubna_data_02_mir/recover-20221013/UBNA_001/20221012_030000.WAV,Telephone Field,recover-20221013,001,1795
882.1775,882.2183,68437,82210,Rhinolophus ferrumequinum,0.033,0.033,-1,Echolocation,/mnt/ubna_data_02_mir/recover-20221013/UBNA_001/20221012_030000.WAV,Telephone Field,recover-20221013,001,1795
882.2055,882.2393,68437,81092,Rhinolophus ferrumequinum,0.023,0.023,-1,Echolocation,/mnt/ubna_data_02_mir/recover-20221013/UBNA_001/20221012_030000.WAV,Telephone Field,recover-20221013,001,1795
882.2175,882.253,68437,81624,Rhinolophus ferrumequinum,0.032,0.032,-1,Echolocation,/mnt/ubna_data_02_mir/recover-20221013/UBNA_001/20221012_030000.WAV,Telephone Field,recover-20221013,001,1795
882.2285,882.234,28046,42553,Plecotus auritus,0.011,0.04,-1,Echolocation,/mnt/ubna_data_02_mir/recover-20221013/UBNA_001/20221012_030000.WAV,Telephone Field,recover-20221013,001,1795
882.2445,882.2843,68437,82547,Rhinolophus ferrumequinum,0.025,0.025,-1,Echolocation,/mnt/ubna_data_02_mir/recover-20221013/UBNA_001/20221012_030000.WAV,Telephone Field,recover-20221013,001,1795
882.2555,882.294,68437,82084,Rhinolophus ferrumequinum,0.023,0.023,-1,Echolocation,/mnt/ubna_data_02_mir/recover-20221013/UBNA_001/20221012_030000.WAV,Telephone Field,recover-20221013,001,1795
882.2805,882.2914,26328,33608,Eptesicus serotinus,0.011,0.022,-1,Echolocation,/mnt/ubna_data_02_mir/recover-20221013/UBNA_001/20221012_030000.WAV,Telephone Field,recover-20221013,001,1795
882.2815,882.3195,68437,81710,Rhinolophus ferrumequinum,0.022,0.022,-1,Echolocation,/mnt/ubna_data_02_mir/recover-20221013/UBNA_001/20221012_030000.WAV,Telephone Field,recover-20221013,001,1795
882.3135,882.346,68437,80968,Rhinolophus ferrumequinum,0.021,0.022,-1,Echolocation,/mnt/ubna_data_02_mir/recover-20221013/UBNA_001/20221012_030000.WAV,Telephone Field,recover-20221013,001,1795
882.3345,882.3754,68437,82222,Rhinolophus ferrumequinum,0.022,0.022,-1,Echolocation,/mnt/ubna_data_02_mir/recover-20221013/UBNA_001/20221012_030000.WAV,Telephone Field,recover-20221013,001,1795
882.3415,882.3491,48671,53734,Pipistrellus pipistrellus,0.028,0.03,-1,Echolocation,/mnt/ubna_data_02_mir/recover-20221013/UBNA_001/20221012_030000.WAV,Telephone Field,recover-20221013,001,1795
882.3425,882.3492,27187,40883,Eptesicus serotinus,0.006,0.022,-1,Echolocation,/mnt/ubna_data_02_mir/recover-20221013/UBNA_001/20221012_030000.WAV,Telephone Field,recover-20221013,001,1795
882.3535,882.3894,68437,81891,Rhinolophus ferrumequinum,0.021,0.021,-1,Echolocation,/mnt/ubna_data_02_mir/recover-20221013/UBNA_001/20221012_030000.WAV,Telephone Field,recover-20221013,001,1795
882.4035,882.4432,68437,82671,Rhinolophus ferrumequinum,0.029,0.029,-1,Echolocation,/mnt/ubna_data_02_mir/recover-20221013/UBNA_001/20221012_030000.WAV,Telephone Field,recover-20221013,001,1795
882.4225,882.4305,28046,39818,Eptesicus serotinus,0.008,0.023,-1,Echolocation,/mnt/ubna_data_02_mir/recover-20221013/UBNA_001/20221012_030000.WAV,Telephone Field,recover-20221013,001,1795
882.4445,882.4833,68437,81680,Rhinolophus ferrumequinum,0.046,0.046,-1,Echolocation,/mnt/ubna_data_02_mir/recover-20221013/UBNA_001/20221012_030000.WAV,Telephone Field,recover-20221013,001,1795
882.4465,882.4526,40937,50914,Myotis daubentonii,0.005,0.022,-1,Echolocation,/mnt/ubna_data_02_mir/recover-20221013/UBNA_001/20221012_030000.WAV,Telephone Field,recover-20221013,001,1795
882.4505,882.4559,34062,44591,Myotis daubentonii,0.009,0.022,-1,Echolocation,/mnt/ubna_data_02_mir/recover-20221013/UBNA_001/20221012_030000.WAV,Telephone Field,recover-20221013,001,1795
882.4515,882.4597,28046,39578,Eptesicus serotinus,0.007,0.026,-1,Echolocation,/mnt/ubna_data_02_mir/recover-20221013/UBNA_001/20221012_030000.WAV,Telephone Field,recover-20221013,001,1795
882.4595,882.4691,23750,29715,Nyctalus leisleri,0.009,0.022,-1,Echolocation,/mnt/ubna_data_02_mir/recover-20221013/UBNA_001/20221012_030000.WAV,Telephone Field,recover-20221013,001,1795
882.4735,882.482,28046,39761,Eptesicus serotinus,0.011,0.028,-1,Echolocation,/mnt/ubna_data_02_mir/recover-20221013/UBNA_001/20221012_030000.WAV,Telephone Field,recover-20221013,001,1795
882.4825,882.5223,68437,82390,Rhinolophus ferrumequinum,0.03,0.03,-1,Echolocation,/mnt/ubna_data_02_mir/recover-20221013/UBNA_001/20221012_030000.WAV,Telephone Field,recover-20221013,001,1795
882.4995,882.5074,26328,35489,Eptesicus serotinus,0.01,0.03,-1,Echolocation,/mnt/ubna_data_02_mir/recover-20221013/UBNA_001/20221012_030000.WAV,Telephone Field,recover-20221013,001,1795
882.5105,882.551,68437,82432,Rhinolophus ferrumequinum,0.021,0.021,-1,Echolocation,/mnt/ubna_data_02_mir/recover-20221013/UBNA_001/20221012_030000.WAV,Telephone Field,recover-20221013,001,1795
882.5175,882.5556,68437,81963,Rhinolophus ferrumequinum,0.021,0.021,-1,Echolocation,/mnt/ubna_data_02_mir/recover-20221013/UBNA_001/20221012_030000.WAV,Telephone Field,recover-20221013,001,1795
882.5195,882.5274,27187,36414,Eptesicus serotinus,0.008,0.021,-1,Echolocation,/mnt/ubna_data_02_mir/recover-20221013/UBNA_001/20221012_030000.WAV,Telephone Field,recover-20221013,001,1795
882.5515,882.5899,68437,82399,Rhinolophus ferrumequinum,0.023,0.023,-1,Echolocation,/mnt/ubna_data_02_mir/recover-20221013/UBNA_001/20221012_030000.WAV,Telephone Field,recover-20221013,001,1795
882.6065,882.6473,68437,82904,Rhinolophus ferrumequinum,0.035,0.035,-1,Echolocation,/mnt/ubna_data_02_mir/recover-20221013/UBNA_001/20221012_030000.WAV,Telephone Field,recover-20221013,001,1795
882.6285,882.669,68437,82778,Rhinolophus ferrumequinum,0.024,0.024,-1,Echolocation,/mnt/ubna_data_02_mir/recover-20221013/UBNA_001/20221012_030000.WAV,Telephone Field,recover-20221013,001,1795
882.6715,882.7088,68437,81689,Rhinolophus ferrumequinum,0.04,0.04,-1,Echolocation,/mnt/ubna_data_02_mir/recover-20221013/UBNA_001/20221012_030000.WAV,Telephone Field,recover-20221013,001,1795
882.6745,882.6865,23750,30101,Nyctalus leisleri,0.017,0.044,-1,Echolocation,/mnt/ubna_data_02_mir/recover-20221013/UBNA_001/20221012_030000.WAV,Telephone Field,recover-20221013,001,1795
882.7015,882.7404,68437,82629,Rhinolophus ferrumequinum,0.024,0.024,-1,Echolocation,/mnt/ubna_data_02_mir/recover-20221013/UBNA_001/20221012_030000.WAV,Telephone Field,recover-20221013,001,1795
882.7105,882.7512,68437,81929,Rhinolophus ferrumequinum,0.021,0.021,-1,Echolocation,/mnt/ubna_data_02_mir/recover-20221013/UBNA_001/20221012_030000.WAV,Telephone Field,recover-20221013,001,1795
882.7185,882.7281,26328,33734,Eptesicus serotinus,0.014,0.039,-1,Echolocation,/mnt/ubna_data_02_mir/recover-20221013/UBNA_001/20221012_030000.WAV,Telephone Field,recover-20221013,001,1795
882.7475,882.784,68437,82050,Rhinolophus ferrumequinum,0.023,0.023,-1,Echolocation,/mnt/ubna_data_02_mir/recover-20221013/UBNA_001/20221012_030000.WAV,Telephone Field,recover-20221013,001,1795
882.7705,882.7785,31484,43506,Myotis daubentonii,0.012,0.04,-1,Echolocation,/mnt/ubna_data_02_mir/recover-20221013/UBNA_001/20221012_030000.WAV,Telephone Field,recover-20221013,001,1795
882.7905,882.8295,68437,81938,Rhinolophus ferrumequinum,0.022,0.022,-1,Echolocation,/mnt/ubna_data_02_mir/recover-20221013/UBNA_001/20221012_030000.WAV,Telephone Field,recover-20221013,001,1795
882.8145,882.8571,68437,82554,Rhinolophus ferrumequinum,0.032,0.032,-1,Echolocation,/mnt/ubna_data_02_mir/recover-20221013/UBNA_001/20221012_030000.WAV,Telephone Field,recover-20221013,001,1795
882.8215,882.8359,23750,29098,Nyctalus leisleri,0.022,0.048,-1,Echolocation,/mnt/ubna_data_02_mir/recover-20221013/UBNA_001/20221012_030000.WAV,Telephone Field,recover-20221013,001,1795
882.8515,882.8585,28046,43997,Eptesicus serotinus,0.007,0.026,-1,Echolocation,/mnt/ubna_data_02_mir/recover-20221013/UBNA_001/20221012_030000.WAV,Telephone Field,recover-20221013,001,1795
882.8685,882.9103,68437,82263,Rhinolophus ferrumequinum,0.022,0.022,-1,Echolocation,/mnt/ubna_data_02_mir/recover-20221013/UBNA_001/20221012_030000.WAV,Telephone Field,recover-20221013,001,1795
882.8975,882.9355,68437,81821,Rhinolophus ferrumequinum,0.022,0.022,-1,Echolocation,/mnt/ubna_data_02_mir/recover-20221013/UBNA_001/20221012_030000.WAV,Telephone Field,recover-20221013,001,1795
882.9015,882.9103,28046,40689,Eptesicus serotinus,0.008,0.022,-1,Echolocation,/mnt/ubna_data_02_mir/recover-20221013/UBNA_001/20221012_030000.WAV,Telephone Field,recover-20221013,001,1795
882.9105,882.9184,27187,36406,Eptesicus serotinus,0.009,0.023,-1,Echolocation,/mnt/ubna_data_02_mir/recover-20221013/UBNA_001/20221012_030000.WAV,Telephone Field,recover-20221013,001,1795
882.9255,882.966,68437,82755,Rhinolophus ferrumequinum,0.03,0.03,-1,Echolocation,/mnt/ubna_data_02_mir/recover-20221013/UBNA_001/20221012_030000.WAV,Telephone Field,recover-20221013,001,1795
882.9405,882.9495,28046,36261,Eptesicus serotinus,0.01,0.023,-1,Echolocation,/mnt/ubna_data_02_mir/recover-20221013/UBNA_001/20221012_030000.WAV,Telephone Field,recover-20221013,001,1795
882.9415,882.9779,68437,81669,Rhinolophus ferrumequinum,0.021,0.021,-1,Echolocation,/mnt/ubna_data_02_mir/recover-20221013/UBNA_001/20221012_030000.WAV,Telephone Field,recover-20221013,001,1795
882.9665,882.9741,27187,40653,Eptesicus serotinus,0.007,0.032,-1,Echolocation,/mnt/ubna_data_02_mir/recover-20221013/UBNA_001/20221012_030000.WAV,Telephone Field,recover-20221013,001,1795
882.9715,883.008,68437,81569,Rhinolophus ferrumequinum,0.024,0.024,-1,Echolocation,/mnt/ubna_data_02_mir/recover-20221013/UBNA_001/20221012_030000.WAV,Telephone Field,recover-20221013,001,1795
882.9805,883.0166,68437,81798,Rhinolophus ferrumequinum,0.022,0.022,-1,Echolocation,/mnt/ubna_data_02_mir/recover-20221013/UBNA_001/20221012_030000.WAV,Telephone Field,recover-20221013,001,1795
883.0045,883.0434,68437,82708,Rhinolophus ferrumequinum,0.028,0.028,-1,Echolocation,/mnt/ubna_data_02_mir/recover-20221013/UBNA_001/20221012_030000.WAV,Telephone Field,recover-20221013,001,1795
883.0225,883.0577,68437,81354,Rhinolophus ferrumequinum,0.021,0.021,-1,Echolocation,/mnt/ubna_data_02_mir/recover-20221013/UBNA_001/20221012_030000.WAV,Telephone Field,recover-20221013,001,1795
883.0285,883.0371,25468,34166,Eptesicus serotinus,0.006,0.021,-1,Echolocation,/mnt/ubna_data_02_mir/recover-20221013/UBNA_001/20221012_030000.WAV,Telephone Field,recover-20221013,001,1795
883.0495,883.089,68437,82089,Rhinolophus ferrumequinum,0.021,0.021,-1,Echolocation,/mnt/ubna_data_02_mir/recover-20221013/UBNA_001/20221012_030000.WAV,Telephone Field,recover-20221013,001,1795
883.0595,883.0666,27187,39206,Eptesicus serotinus,0.007,0.021,-1,Echolocation,/mnt/ubna_data_02_mir/recover-20221013/UBNA_001/20221012_030000.WAV,Telephone Field,recover-20221013,001,1795
883.0895,883.0983,27187,38095,Eptesicus serotinus,0.008,0.021,-1,Echolocation,/mnt/ubna_data_02_mir/recover-20221013/UBNA_001/20221012_030000.WAV,Telephone Field,recover-20221013,001,1795
883.0975,883.1349,68437,81797,Rhinolophus ferrumequinum,0.024,0.024,-1,Echolocation,/mnt/ubna_data_02_mir/recover-20221013/UBNA_001/20221012_030000.WAV,Telephone Field,recover-20221013,001,1795
883.1205,883.1592,68437,82687,Rhinolophus ferrumequinum,0.026,0.026,-1,Echolocation,/mnt/ubna_data_02_mir/recover-20221013/UBNA_001/20221012_030000.WAV,Telephone Field,recover-20221013,001,1795
883.1385,883.1813,68437,83154,Rhinolophus ferrumequinum,0.024,0.024,-1,Echolocation,/mnt/ubna_data_02_mir/recover-20221013/UBNA_001/20221012_030000.WAV,Telephone Field,recover-20221013,001,1795
883.1535,883.1613,28046,38241,Eptesicus serotinus,0.007,0.021,-1,Echolocation,/mnt/ubna_data_02_mir/recover-20221013/UBNA_001/20221012_030000.WAV,Telephone Field,recover-20221013,001,1795
883.1595,883.195,68437,81919,Rhinolophus ferrumequinum,0.026,0.026,-1,Echolocation,/mnt/ubna_data_02_mir/recover-20221013/UBNA_001/20221012_030000.WAV,Telephone Field,recover-20221013,001,1795
883.1675,883.2063,68437,82363,Rhinolophus ferrumequinum,0.025,0.025,-1,Echolocation,/mnt/ubna_data_02_mir/recover-20221013/UBNA_001/20221012_030000.WAV,Telephone Field,recover-20221013,001,1795
883.1685,883.1893,18593,22279,Nyctalus noctula,0.013,0.021,-1,Echolocation,/mnt/ubna_data_02_mir/recover-20221013/UBNA_001/20221012_030000.WAV,Telephone Field,recover-20221013,001,1795
883.1905,883.2268,68437,82130,Rhinolophus ferrumequinum,0.023,0.023,-1,Echolocation,/mnt/ubna_data_02_mir/recover-20221013/UBNA_001/20221012_030000.WAV,Telephone Field,recover-20221013,001,1795
883.2135,883.2522,68437,81923,Rhinolophus ferrumequinum,0.021,0.021,-1,Echolocation,/mnt/ubna_data_02_mir/recover-20221013/UBNA_001/20221012_030000.WAV,Telephone Field,recover-20221013,001,1795
883.2845,883.2919,26328,39951,Eptesicus serotinus,0.007,0.023,-1,Echolocation,/mnt/ubna_data_02_mir/recover-20221013/UBNA_001/20221012_030000.WAV,Telephone Field,recover-20221013,001,1795
883.3105,883.349,68437,82194,Rhinolophus ferrumequinum,0.034,0.034,-1,Echolocation,/mnt/ubna_data_02_mir/recover-20221013/UBNA_001/20221012_030000.WAV,Telephone Field,recover-20221013,001,1795
883.3315,883.372,68437,82461,Rhinolophus ferrumequinum,0.022,0.022,-1,Echolocation,/mnt/ubna_data_02_mir/recover-20221013/UBNA_001/20221012_030000.WAV,Telephone Field,recover-20221013,001,1795
883.3565,883.3951,68437,82002,Rhinolophus ferrumequinum,0.029,0.029,-1,Echolocation,/mnt/ubna_data_02_mir/recover-20221013/UBNA_001/20221012_030000.WAV,Telephone Field,recover-20221013,001,1795
883.3635,883.3706,24609,33574,Plecotus austriacus,0.008,0.023,-1,Echolocation,/mnt/ubna_data_02_mir/recover-20221013/UBNA_001/20221012_030000.WAV,Telephone Field,recover-20221013,001,1795
883.3955,883.4294,68437,80676,Rhinolophus ferrumequinum,0.03,0.03,-1,Echolocation,/mnt/ubna_data_02_mir/recover-20221013/UBNA_001/20221012_030000.WAV,Telephone Field,recover-20221013,001,1795
883.4195,883.4277,28046,38388,Eptesicus serotinus,0.008,0.022,-1,Echolocation,/mnt/ubna_data_02_mir/recover-20221013/UBNA_001/20221012_030000.WAV,Telephone Field,recover-20221013,001,1795
883.4345,883.4721,68437,82362,Rhinolophus ferrumequinum,0.033,0.033,-1,Echolocation,/mnt/ubna_data_02_mir/recover-20221013/UBNA_001/20221012_030000.WAV,Telephone Field,recover-20221013,001,1795
883.4635,883.5029,68437,82458,Rhinolophus ferrumequinum,0.026,0.026,-1,Echolocation,/mnt/ubna_data_02_mir/recover-20221013/UBNA_001/20221012_030000.WAV,Telephone Field,recover-20221013,001,1795
883.4645,883.4724,28046,38945,Eptesicus serotinus,0.007,0.022,-1,Echolocation,/mnt/ubna_data_02_mir/recover-20221013/UBNA_001/20221012_030000.WAV,Telephone Field,recover-20221013,001,1795
883.4945,883.5027,28046,38169,Eptesicus serotinus,0.009,0.024,-1,Echolocation,/mnt/ubna_data_02_mir/recover-20221013/UBNA_001/20221012_030000.WAV,Telephone Field,recover-20221013,001,1795
883.4975,883.5396,68437,83006,Rhinolophus ferrumequinum,0.045,0.045,-1,Echolocation,/mnt/ubna_data_02_mir/recover-20221013/UBNA_001/20221012_030000.WAV,Telephone Field,recover-20221013,001,1795
883.5095,883.5469,68437,81339,Rhinolophus ferrumequinum,0.023,0.023,-1,Echolocation,/mnt/ubna_data_02_mir/recover-20221013/UBNA_001/20221012_030000.WAV,Telephone Field,recover-20221013,001,1795
883.5175,883.5283,28046,35824,Eptesicus serotinus,0.012,0.025,-1,Echolocation,/mnt/ubna_data_02_mir/recover-20221013/UBNA_001/20221012_030000.WAV,Telephone Field,recover-20221013,001,1795
883.5185,883.5556,68437,81702,Rhinolophus ferrumequinum,0.024,0.024,-1,Echolocation,/mnt/ubna_data_02_mir/recover-20221013/UBNA_001/20221012_030000.WAV,Telephone Field,recover-20221013,001,1795
883.5315,883.5397,58125,63766,Pipistrellus pygmaeus,0.022,0.022,-1,Echolocation,/mnt/ubna_data_02_mir/recover-20221013/UBNA_001/20221012_030000.WAV,Telephone Field,recover-20221013,001,1795
883.5315,883.5695,68437,81995,Rhinolophus ferrumequinum,0.025,0.025,-1,Echolocation,/mnt/ubna_data_02_mir/recover-20221013/UBNA_001/20221012_030000.WAV,Telephone Field,recover-20221013,001,1795
883.5495,883.5875,68437,81982,Rhinolophus ferrumequinum,0.044,0.044,-1,Echolocation,/mnt/ubna_data_02_mir/recover-20221013/UBNA_001/20221012_030000.WAV,Telephone Field,recover-20221013,001,1795
883.5775,883.6171,68437,81921,Rhinolophus ferrumequinum,0.023,0.023,-1,Echolocation,/mnt/ubna_data_02_mir/recover-20221013/UBNA_001/20221012_030000.WAV,Telephone Field,recover-20221013,001,1795
883.6085,883.6206,22031,27310,Nyctalus leisleri,0.016,0.043,-1,Echolocation,/mnt/ubna_data_02_mir/recover-20221013/UBNA_001/20221012_030000.WAV,Telephone Field,recover-20221013,001,1795
883.6115,883.6526,68437,83255,Rhinolophus ferrumequinum,0.029,0.029,-1,Echolocation,/mnt/ubna_data_02_mir/recover-20221013/UBNA_001/20221012_030000.WAV,Telephone Field,recover-20221013,001,1795
883.6335,883.6762,68437,83116,Rhinolophus ferrumequinum,0.053,0.053,-1,Echolocation,/mnt/ubna_data_02_mir/recover-20221013/UBNA_001/20221012_030000.WAV,Telephone Field,recover-20221013,001,1795
883.6575,883.6976,68437,82582,Rhinolophus ferrumequinum,0.023,0.023,-1,Echolocation,/mnt/ubna_data_02_mir/recover-20221013/UBNA_001/20221012_030000.WAV,Telephone Field,recover-20221013,001,1795
883.6955,883.7377,68437,83236,Rhinolophus ferrumequinum,0.059,0.059,-1,Echolocation,/mnt/ubna_data_02_mir/recover-20221013/UBNA_001/20221012_030000.WAV,Telephone Field,recover-20221013,001,1795
883.7105,883.7491,68437,80514,Rhinolophus ferrumequinum,0.024,0.024,-1,Echolocation,/mnt/ubna_data_02_mir/recover-20221013/UBNA_001/20221012_030000.WAV,Telephone Field,recover-20221013,001,1795
883.7295,883.767,68437,82542,Rhinolophus ferrumequinum,0.031,0.031,-1,Echolocation,/mnt/ubna_data_02_mir/recover-20221013/UBNA_001/20221012_030000.WAV,Telephone Field,recover-20221013,001,1795
883.7415,883.7511,28046,34810,Eptesicus serotinus,0.012,0.028,-1,Echolocation,/mnt/ubna_data_02_mir/recover-20221013/UBNA_001/20221012_030000.WAV,Telephone Field,recover-20221013,001,1795
883.7595,883.7992,68437,82693,Rhinolophus ferrumequinum,0.026,0.026,-1,Echolocation,/mnt/ubna_data_02_mir/recover-20221013/UBNA_001/20221012_030000.WAV,Telephone Field,recover-20221013,001,1795
883.7855,883.7938,28046,38563,Eptesicus serotinus,0.008,0.022,-1,Echolocation,/mnt/ubna_data_02_mir/recover-20221013/UBNA_001/20221012_030000.WAV,Telephone Field,recover-20221013,001,1795
883.8255,883.8643,68437,82106,Rhinolophus ferrumequinum,0.023,0.023,-1,Echolocation,/mnt/ubna_data_02_mir/recover-20221013/UBNA_001/20221012_030000.WAV,Telephone Field,recover-20221013,001,1795
883.8315,883.8683,68437,82489,Rhinolophus ferrumequinum,0.024,0.024,-1,Echolocation,/mnt/ubna_data_02_mir/recover-20221013/UBNA_001/20221012_030000.WAV,Telephone Field,recover-20221013,001,1795
883.8665,883.9089,68437,83591,Rhinolophus ferrumequinum,0.039,0.039,-1,Echolocation,/mnt/ubna_data_02_mir/recover-20221013/UBNA_001/20221012_030000.WAV,Telephone Field,recover-20221013,001,1795
883.9185,883.9265,27187,39822,Eptesicus serotinus,0.007,0.021,-1,Echolocation,/mnt/ubna_data_02_mir/recover-20221013/UBNA_001/20221012_030000.WAV,Telephone Field,recover-20221013,001,1795
883.9265,883.9671,68437,82738,Rhinolophus ferrumequinum,0.024,0.024,-1,Echolocation,/mnt/ubna_data_02_mir/recover-20221013/UBNA_001/20221012_030000.WAV,Telephone Field,recover-20221013,001,1795
883.9335,883.972,68437,82302,Rhinolophus ferrumequinum,0.022,0.022,-1,Echolocation,/mnt/ubna_data_02_mir/recover-20221013/UBNA_001/20221012_030000.WAV,Telephone Field,recover-20221013,001,1795
883.9385,883.9488,24609,31917,Eptesicus serotinus,0.01,0.03,-1,Echolocation,/mnt/ubna_data_02_mir/recover-20221013/UBNA_001/20221012_030000.WAV,Telephone Field,recover-20221013,001,1795
883.9405,883.9778,68437,82627,Rhinolophus ferrumequinum,0.022,0.022,-1,Echolocation,/mnt/ubna_data_02_mir/recover-20221013/UBNA_001/20221012_030000.WAV,Telephone Field,recover-20221013,001,1795
883.9495,883.9873,68437,82565,Rhinolophus ferrumequinum,0.021,0.021,-1,Echolocation,/mnt/ubna_data_02_mir/recover-20221013/UBNA_001/20221012_030000.WAV,Telephone Field,recover-20221013,001,1795
883.9665,883.9765,28046,35569,Eptesicus serotinus,0.009,0.024,-1,Echolocation,/mnt/ubna_data_02_mir/recover-20221013/UBNA_001/20221012_030000.WAV,Telephone Field,recover-20221013,001,1795
883.9825,883.9936,23750,30098,Nyctalus leisleri,0.014,0.034,-1,Echolocation,/mnt/ubna_data_02_mir/recover-20221013/UBNA_001/20221012_030000.WAV,Telephone Field,recover-20221013,001,1795
884.0015,884.0343,68437,80722,Rhinolophus ferrumequinum,0.036,0.036,-1,Echolocation,/mnt/ubna_data_02_mir/recover-20221013/UBNA_001/20221012_030000.WAV,Telephone Field,recover-20221013,001,1795
884.0015,884.0105,25468,34855,Nyctalus leisleri,0.007,0.027,-1,Echolocation,/mnt/ubna_data_02_mir/recover-20221013/UBNA_001/20221012_030000.WAV,Telephone Field,recover-20221013,001,1795
884.0125,884.0215,26328,35221,Eptesicus serotinus,0.009,0.023,-1,Echolocation,/mnt/ubna_data_02_mir/recover-20221013/UBNA_001/20221012_030000.WAV,Telephone Field,recover-20221013,001,1795
884.0285,884.0385,28906,36422,Eptesicus serotinus,0.01,0.023,-1,Echolocation,/mnt/ubna_data_02_mir/recover-20221013/UBNA_001/20221012_030000.WAV,Telephone Field,recover-20221013,001,1795
884.0925,884.1318,68437,82580,Rhinolophus ferrumequinum,0.023,0.023,-1,Echolocation,/mnt/ubna_data_02_mir/recover-20221013/UBNA_001/20221012_030000.WAV,Telephone Field,recover-20221013,001,1795
884.1275,884.1686,68437,82535,Rhinolophus ferrumequinum,0.023,0.023,-1,Echolocation,/mnt/ubna_data_02_mir/recover-20221013/UBNA_001/20221012_030000.WAV,Telephone Field,recover-20221013,001,1795
884.1405,884.1467,28046,37787,Eptesicus serotinus,0.008,0.03,-1,Echolocation,/mnt/ubna_data_02_mir/recover-20221013/UBNA_001/20221012_030000.WAV,Telephone Field,recover-20221013,001,1795
884.1545,884.1638,25468,32638,Eptesicus serotinus,0.008,0.023,-1,Echolocation,/mnt/ubna_data_02_mir/recover-20221013/UBNA_001/20221012_030000.WAV,Telephone Field,recover-20221013,001,1795
884.2085,884.2463,68437,81668,Rhinolophus ferrumequinum,0.023,0.023,-1,Echolocation,/mnt/ubna_data_02_mir/recover-20221013/UBNA_001/20221012_030000.WAV,Telephone Field,recover-20221013,001,1795
884.2225,884.2296,24609,34523,Plecotus austriacus,0.011,0.032,-1,Echolocation,/mnt/ubna_data_02_mir/recover-20221013/UBNA_001/20221012_030000.WAV,Telephone Field,recover-20221013,001,1795
884.2835,884.2924,43515,49508,Pipistrellus pipistrellus,0.017,0.023,-1,Echolocation,/mnt/ubna_data_02_mir/recover-20221013/UBNA_001/20221012_030000.WAV,Telephone Field,recover-20221013,001,1795
884.2945,884.3313,68437,82032,Rhinolophus ferrumequinum,0.022,0.022,-1,Echolocation,/mnt/ubna_data_02_mir/recover-20221013/UBNA_001/20221012_030000.WAV,Telephone Field,recover-20221013,001,1795
884.3195,884.3591,68437,82783,Rhinolophus ferrumequinum,0.03,0.03,-1,Echolocation,/mnt/ubna_data_02_mir/recover-20221013/UBNA_001/20221012_030000.WAV,Telephone Field,recover-20221013,001,1795
884.3255,884.3374,15156,21215,Nyctalus noctula,0.016,0.026,-1,Echolocation,/mnt/ubna_data_02_mir/recover-20221013/UBNA_001/20221012_030000.WAV,Telephone Field,recover-20221013,001,1795
884.3265,884.3676,68437,83361,Rhinolophus ferrumequinum,0.03,0.03,-1,Echolocation,/mnt/ubna_data_02_mir/recover-20221013/UBNA_001/20221012_030000.WAV,Telephone Field,recover-20221013,001,1795
884.3435,884.3849,68437,83421,Rhinolophus ferrumequinum,0.023,0.023,-1,Echolocation,/mnt/ubna_data_02_mir/recover-20221013/UBNA_001/20221012_030000.WAV,Telephone Field,recover-20221013,001,1795
884.3615,884.368,27187,39828,Eptesicus serotinus,0.007,0.027,-1,Echolocation,/mnt/ubna_data_02_mir/recover-20221013/UBNA_001/20221012_030000.WAV,Telephone Field,recover-20221013,001,1795
884.3735,884.4149,68437,83113,Rhinolophus ferrumequinum,0.029,0.029,-1,Echolocation,/mnt/ubna_data_02_mir/recover-20221013/UBNA_001/20221012_030000.WAV,Telephone Field,recover-20221013,001,1795
884.4135,884.4226,28046,37269,Eptesicus serotinus,0.009,0.024,-1,Echolocation,/mnt/ubna_data_02_mir/recover-20221013/UBNA_001/20221012_030000.WAV,Telephone Field,recover-20221013,001,1795
884.4305,884.4408,46093,49571,Pipistrellus pipistrellus,0.032,0.036,-1,Echolocation,/mnt/ubna_data_02_mir/recover-20221013/UBNA_001/20221012_030000.WAV,Telephone Field,recover-20221013,001,1795
884.5175,884.5522,68437,82019,Rhinolophus ferrumequinum,0.023,0.023,-1,Echolocation,/mnt/ubna_data_02_mir/recover-20221013/UBNA_001/20221012_030000.WAV,Telephone Field,recover-20221013,001,1795
884.5395,884.5803,68437,83078,Rhinolophus ferrumequinum,0.023,0.023,-1,Echolocation,/mnt/ubna_data_02_mir/recover-20221013/UBNA_001/20221012_030000.WAV,Telephone Field,recover-20221013,001,1795
884.5805,884.5905,22890,28527,Nyctalus leisleri,0.008,0.022,-1,Echolocation,/mnt/ubna_data_02_mir/recover-20221013/UBNA_001/20221012_030000.WAV,Telephone Field,recover-20221013,001,1795
884.6165,884.6267,22890,28172,Nyctalus leisleri,0.01,0.023,-1,Echolocation,/mnt/ubna_data_02_mir/recover-20221013/UBNA_001/20221012_030000.WAV,Telephone Field,recover-20221013,001,1795
884.6365,884.646,24609,30870,Nyctalus leisleri,0.007,0.023,-1,Echolocation,/mnt/ubna_data_02_mir/recover-20221013/UBNA_001/20221012_030000.WAV,Telephone Field,recover-20221013,001,1795
884.6385,884.6759,68437,81667,Rhinolophus ferrumequinum,0.024,0.024,-1,Echolocation,/mnt/ubna_data_02_mir/recover-20221013/UBNA_001/20221012_030000.WAV,Telephone Field,recover-20221013,001,1795
884.6495,884.6595,42656,46412,Pipistrellus pipistrellus,0.027,0.032,-1,Echolocation,/mnt/ubna_data_02_mir/recover-20221013/UBNA_001/20221012_030000.WAV,Telephone Field,recover-20221013,001,1795
884.6695,884.7073,68437,82424,Rhinolophus ferrumequinum,0.023,0.023,-1,Echolocation,/mnt/ubna_data_02_mir/recover-20221013/UBNA_001/20221012_030000.WAV,Telephone Field,recover-20221013,001,1795
884.6745,884.6834,25468,34413,Eptesicus serotinus,0.008,0.022,-1,Echolocation,/mnt/ubna_data_02_mir/recover-20221013/UBNA_001/20221012_030000.WAV,Telephone Field,recover-20221013,001,1795
884.6845,884.6905,27187,44741,Eptesicus serotinus,0.006,0.027,-1,Echolocation,/mnt/ubna_data_02_mir/recover-20221013/UBNA_001/20221012_030000.WAV,Telephone Field,recover-20221013,001,1795
884.6845,884.6904,36640,46094,Myotis daubentonii,0.01,0.027,-1,Echolocation,/mnt/ubna_data_02_mir/recover-20221013/UBNA_001/20221012_030000.WAV,Telephone Field,recover-20221013,001,1795
884.6955,884.7299,68437,80923,Rhinolophus ferrumequinum,0.022,0.022,-1,Echolocation,/mnt/ubna_data_02_mir/recover-20221013/UBNA_001/20221012_030000.WAV,Telephone Field,recover-20221013,001,1795
884.7235,884.7648,68437,83049,Rhinolophus ferrumequinum,0.032,0.032,-1,Echolocation,/mnt/ubna_data_02_mir/recover-20221013/UBNA_001/20221012_030000.WAV,Telephone Field,recover-20221013,001,1795
884.7725,884.7808,28046,40532,Eptesicus serotinus,0.008,0.024,-1,Echolocation,/mnt/ubna_data_02_mir/recover-20221013/UBNA_001/20221012_030000.WAV,Telephone Field,recover-20221013,001,1795
884.7945,884.8046,23750,30374,Nyctalus leisleri,0.012,0.035,-1,Echolocation,/mnt/ubna_data_02_mir/recover-20221013/UBNA_001/20221012_030000.WAV,Telephone Field,recover-20221013,001,1795
884.8055,884.8449,68437,82509,Rhinolophus ferrumequinum,0.025,0.025,-1,Echolocation,/mnt/ubna_data_02_mir/recover-20221013/UBNA_001/20221012_030000.WAV,Telephone Field,recover-20221013,001,1795
884.8125,884.8516,68437,82170,Rhinolophus ferrumequinum,0.022,0.022,-1,Echolocation,/mnt/ubna_data_02_mir/recover-20221013/UBNA_001/20221012_030000.WAV,Telephone Field,recover-20221013,001,1795
884.8345,884.8407,27187,48416,Eptesicus serotinus,0.005,0.022,-1,Echolocation,/mnt/ubna_data_02_mir/recover-20221013/UBNA_001/20221012_030000.WAV,Telephone Field,recover-20221013,001,1795
884.8345,884.8404,37500,45979,Myotis daubentonii,0.01,0.024,-1,Echolocation,/mnt/ubna_data_02_mir/recover-20221013/UBNA_001/20221012_030000.WAV,Telephone Field,recover-20221013,001,1795
884.9085,884.9459,68437,82369,Rhinolophus ferrumequinum,0.023,0.023,-1,Echolocation,/mnt/ubna_data_02_mir/recover-20221013/UBNA_001/20221012_030000.WAV,Telephone Field,recover-20221013,001,1795
884.9245,884.9637,68437,82673,Rhinolophus ferrumequinum,0.023,0.023,-1,Echolocation,/mnt/ubna_data_02_mir/recover-20221013/UBNA_001/20221012_030000.WAV,Telephone Field,recover-20221013,001,1795
884.9385,884.9606,18593,21497,Nyctalus noctula,0.022,0.037,-1,Echolocation,/mnt/ubna_data_02_mir/recover-20221013/UBNA_001/20221012_030000.WAV,Telephone Field,recover-20221013,001,1795
884.9515,884.9913,68437,82730,Rhinolophus ferrumequinum,0.022,0.022,-1,Echolocation,/mnt/ubna_data_02_mir/recover-20221013/UBNA_001/20221012_030000.WAV,Telephone Field,recover-20221013,001,1795
884.9535,884.9604,25468,36685,Plecotus austriacus,0.01,0.033,-1,Echolocation,/mnt/ubna_data_02_mir/recover-20221013/UBNA_001/20221012_030000.WAV,Telephone Field,recover-20221013,001,1795
885.0005,885.0397,68437,82340,Rhinolophus ferrumequinum,0.024,0.025,-1,Echolocation,/mnt/ubna_data_02_mir/recover-20221013/UBNA_001/20221012_030000.WAV,Telephone Field,recover-20221013,001,1795
885.0755,885.1128,68437,81859,Rhinolophus ferrumequinum,0.022,0.022,-1,Echolocation,/mnt/ubna_data_02_mir/recover-20221013/UBNA_001/20221012_030000.WAV,Telephone Field,recover-20221013,001,1795
885.0875,885.1267,68437,81865,Rhinolophus ferrumequinum,0.022,0.022,-1,Echolocation,/mnt/ubna_data_02_mir/recover-20221013/UBNA_001/20221012_030000.WAV,Telephone Field,recover-20221013,001,1795
885.1185,885.1293000000001,24609,30601,Nyctalus leisleri,0.009,0.024,-1,Echolocation,/mnt/ubna_data_02_mir/recover-20221013/UBNA_001/20221012_030000.WAV,Telephone Field,recover-20221013,001,1795
885.1245,885.1645,68437,82172,Rhinolophus ferrumequinum,0.025,0.025,-1,Echolocation,/mnt/ubna_data_02_mir/recover-20221013/UBNA_001/20221012_030000.WAV,Telephone Field,recover-20221013,001,1795
885.1305,885.1384,28046,41775,Eptesicus serotinus,0.007,0.023,-1,Echolocation,/mnt/ubna_data_02_mir/recover-20221013/UBNA_001/20221012_030000.WAV,Telephone Field,recover-20221013,001,1795
885.1535,885.1904,68437,81742,Rhinolophus ferrumequinum,0.024,0.024,-1,Echolocation,/mnt/ubna_data_02_mir/recover-20221013/UBNA_001/20221012_030000.WAV,Telephone Field,recover-20221013,001,1795
885.1815,885.1956,22890,28270,Nyctalus leisleri,0.015,0.03,-1,Echolocation,/mnt/ubna_data_02_mir/recover-20221013/UBNA_001/20221012_030000.WAV,Telephone Field,recover-20221013,001,1795
885.2105,885.2193,23750,31540,Plecotus austriacus,0.007,0.026,-1,Echolocation,/mnt/ubna_data_02_mir/recover-20221013/UBNA_001/20221012_030000.WAV,Telephone Field,recover-20221013,001,1795
885.2445,885.2758,68437,80827,Rhinolophus ferrumequinum,0.023,0.023,-1,Echolocation,/mnt/ubna_data_02_mir/recover-20221013/UBNA_001/20221012_030000.WAV,Telephone Field,recover-20221013,001,1795
885.2545,885.2952,68437,82653,Rhinolophus ferrumequinum,0.041,0.041,-1,Echolocation,/mnt/ubna_data_02_mir/recover-20221013/UBNA_001/20221012_030000.WAV,Telephone Field,recover-20221013,001,1795
885.2665,885.2772,22890,29359,Nyctalus leisleri,0.011,0.031,-1,Echolocation,/mnt/ubna_data_02_mir/recover-20221013/UBNA_001/20221012_030000.WAV,Telephone Field,recover-20221013,001,1795
885.2675,885.2792,37500,41937,Pipistrellus nathusii,0.015,0.024,-1,Echolocation,/mnt/ubna_data_02_mir/recover-20221013/UBNA_001/20221012_030000.WAV,Telephone Field,recover-20221013,001,1795
885.2965,885.3032,24609,38314,Myotis nattereri,0.005,0.023,-1,Echolocation,/mnt/ubna_data_02_mir/recover-20221013/UBNA_001/20221012_030000.WAV,Telephone Field,recover-20221013,001,1795
885.3365,885.3433,26328,40412,Eptesicus serotinus,0.006,0.026,-1,Echolocation,/mnt/ubna_data_02_mir/recover-20221013/UBNA_001/20221012_030000.WAV,Telephone Field,recover-20221013,001,1795
885.3575,885.3646,28046,39463,Eptesicus serotinus,0.007,0.022,-1,Echolocation,/mnt/ubna_data_02_mir/recover-20221013/UBNA_001/20221012_030000.WAV,Telephone Field,recover-20221013,001,1795
885.3585,885.3962,68437,82049,Rhinolophus ferrumequinum,0.024,0.024,-1,Echolocation,/mnt/ubna_data_02_mir/recover-20221013/UBNA_001/20221012_030000.WAV,Telephone Field,recover-20221013,001,1795
885.3995,885.4415,68437,82992,Rhinolophus ferrumequinum,0.022,0.022,-1,Echolocation,/mnt/ubna_data_02_mir/recover-20221013/UBNA_001/20221012_030000.WAV,Telephone Field,recover-20221013,001,1795
885.4115,885.4188,28046,41204,Eptesicus serotinus,0.009,0.03,-1,Echolocation,/mnt/ubna_data_02_mir/recover-20221013/UBNA_001/20221012_030000.WAV,Telephone Field,recover-20221013,001,1795
885.4125,885.4187,23750,35181,Plecotus austriacus,0.015,0.033,-1,Echolocation,/mnt/ubna_data_02_mir/recover-20221013/UBNA_001/20221012_030000.WAV,Telephone Field,recover-20221013,001,1795
885.4375,885.447,26328,34323,Eptesicus serotinus,0.012,0.028,-1,Echolocation,/mnt/ubna_data_02_mir/recover-20221013/UBNA_001/20221012_030000.WAV,Telephone Field,recover-20221013,001,1795
885.4545,885.462,25468,38949,Eptesicus serotinus,0.006,0.022,-1,Echolocation,/mnt/ubna_data_02_mir/recover-20221013/UBNA_001/20221012_030000.WAV,Telephone Field,recover-20221013,001,1795
885.5085,885.5154,28046,40903,Eptesicus serotinus,0.007,0.025,-1,Echolocation,/mnt/ubna_data_02_mir/recover-20221013/UBNA_001/20221012_030000.WAV,Telephone Field,recover-20221013,001,1795
885.5215,885.5605,68437,82346,Rhinolophus ferrumequinum,0.022,0.022,-1,Echolocation,/mnt/ubna_data_02_mir/recover-20221013/UBNA_001/20221012_030000.WAV,Telephone Field,recover-20221013,001,1795
885.5615,885.5685,27187,39425,Eptesicus serotinus,0.006,0.023,-1,Echolocation,/mnt/ubna_data_02_mir/recover-20221013/UBNA_001/20221012_030000.WAV,Telephone Field,recover-20221013,001,1795
885.5635,885.5988,68437,81658,Rhinolophus ferrumequinum,0.028,0.028,-1,Echolocation,/mnt/ubna_data_02_mir/recover-20221013/UBNA_001/20221012_030000.WAV,Telephone Field,recover-20221013,001,1795
885.5955,885.6013,29765,46814,Myotis daubentonii,0.01,0.023,-1,Echolocation,/mnt/ubna_data_02_mir/recover-20221013/UBNA_001/20221012_030000.WAV,Telephone Field,recover-20221013,001,1795
885.6055,885.6444,68437,82468,Rhinolophus ferrumequinum,0.024,0.024,-1,Echolocation,/mnt/ubna_data_02_mir/recover-20221013/UBNA_001/20221012_030000.WAV,Telephone Field,recover-20221013,001,1795
885.6115,885.6516,68437,82603,Rhinolophus ferrumequinum,0.022,0.022,-1,Echolocation,/mnt/ubna_data_02_mir/recover-20221013/UBNA_001/20221012_030000.WAV,Telephone Field,recover-20221013,001,1795
885.6605,885.6712,23750,29165,Nyctalus leisleri,0.011,0.025,-1,Echolocation,/mnt/ubna_data_02_mir/recover-20221013/UBNA_001/20221012_030000.WAV,Telephone Field,recover-20221013,001,1795
885.6825,885.6899,28046,38885,Eptesicus serotinus,0.007,0.022,-1,Echolocation,/mnt/ubna_data_02_mir/recover-20221013/UBNA_001/20221012_030000.WAV,Telephone Field,recover-20221013,001,1795
885.7195,885.7584,68437,82271,Rhinolophus ferrumequinum,0.022,0.022,-1,Echolocation,/mnt/ubna_data_02_mir/recover-20221013/UBNA_001/20221012_030000.WAV,Telephone Field,recover-20221013,001,1795
885.7565,885.7974,68437,82591,Rhinolophus ferrumequinum,0.024,0.024,-1,Echolocation,/mnt/ubna_data_02_mir/recover-20221013/UBNA_001/20221012_030000.WAV,Telephone Field,recover-20221013,001,1795
885.7585,885.7663,23750,32390,Plecotus austriacus,0.008,0.022,-1,Echolocation,/mnt/ubna_data_02_mir/recover-20221013/UBNA_001/20221012_030000.WAV,Telephone Field,recover-20221013,001,1795
885.8235,885.8659,68437,83074,Rhinolophus ferrumequinum,0.034,0.034,-1,Echolocation,/mnt/ubna_data_02_mir/recover-20221013/UBNA_001/20221012_030000.WAV,Telephone Field,recover-20221013,001,1795
885.8465,885.8603,27187,33156,Eptesicus serotinus,0.022,0.041,-1,Echolocation,/mnt/ubna_data_02_mir/recover-20221013/UBNA_001/20221012_030000.WAV,Telephone Field,recover-20221013,001,1795
885.8905,885.8984,27187,39192,Eptesicus serotinus,0.008,0.023,-1,Echolocation,/mnt/ubna_data_02_mir/recover-20221013/UBNA_001/20221012_030000.WAV,Telephone Field,recover-20221013,001,1795
885.8975,885.9345,68437,82115,Rhinolophus ferrumequinum,0.038,0.038,-1,Echolocation,/mnt/ubna_data_02_mir/recover-20221013/UBNA_001/20221012_030000.WAV,Telephone Field,recover-20221013,001,1795
885.9355,885.9426,26328,37914,Eptesicus serotinus,0.006,0.022,-1,Echolocation,/mnt/ubna_data_02_mir/recover-20221013/UBNA_001/20221012_030000.WAV,Telephone Field,recover-20221013,001,1795
885.9355,885.9705,68437,81682,Rhinolophus ferrumequinum,0.024,0.024,-1,Echolocation,/mnt/ubna_data_02_mir/recover-20221013/UBNA_001/20221012_030000.WAV,Telephone Field,recover-20221013,001,1795
885.9795,885.9882,28046,38959,Eptesicus serotinus,0.008,0.023,-1,Echolocation,/mnt/ubna_data_02_mir/recover-20221013/UBNA_001/20221012_030000.WAV,Telephone Field,recover-20221013,001,1795
886.0015,886.0351,68437,80535,Rhinolophus ferrumequinum,0.047,0.047,-1,Echolocation,/mnt/ubna_data_02_mir/recover-20221013/UBNA_001/20221012_030000.WAV,Telephone Field,recover-20221013,001,1795
886.0015,886.0104,24609,33962,Nyctalus leisleri,0.008,0.028,-1,Echolocation,/mnt/ubna_data_02_mir/recover-20221013/UBNA_001/20221012_030000.WAV,Telephone Field,recover-20221013,001,1795
886.0095,886.0531,68437,83230,Rhinolophus ferrumequinum,0.023,0.023,-1,Echolocation,/mnt/ubna_data_02_mir/recover-20221013/UBNA_001/20221012_030000.WAV,Telephone Field,recover-20221013,001,1795
886.0665,886.1081,68437,82407,Rhinolophus ferrumequinum,0.026,0.026,-1,Echolocation,/mnt/ubna_data_02_mir/recover-20221013/UBNA_001/20221012_030000.WAV,Telephone Field,recover-20221013,001,1795
886.0895,886.1269,68437,82154,Rhinolophus ferrumequinum,0.029,0.029,-1,Echolocation,/mnt/ubna_data_02_mir/recover-20221013/UBNA_001/20221012_030000.WAV,Telephone Field,recover-20221013,001,1795
886.1155,886.1259,23750,30209,Nyctalus leisleri,0.011,0.03,-1,Echolocation,/mnt/ubna_data_02_mir/recover-20221013/UBNA_001/20221012_030000.WAV,Telephone Field,recover-20221013,001,1795
886.1514999999999,886.1627,23750,28900,Nyctalus leisleri,0.01,0.022,-1,Echolocation,/mnt/ubna_data_02_mir/recover-20221013/UBNA_001/20221012_030000.WAV,Telephone Field,recover-20221013,001,1795
886.1765,886.2117,68437,81823,Rhinolophus ferrumequinum,0.021,0.022,-1,Echolocation,/mnt/ubna_data_02_mir/recover-20221013/UBNA_001/20221012_030000.WAV,Telephone Field,recover-20221013,001,1795
886.1845,886.2245,68437,82364,Rhinolophus ferrumequinum,0.023,0.023,-1,Echolocation,/mnt/ubna_data_02_mir/recover-20221013/UBNA_001/20221012_030000.WAV,Telephone Field,recover-20221013,001,1795
886.2235000000001,886.2326,26328,34452,Eptesicus serotinus,0.01,0.024,-1,Echolocation,/mnt/ubna_data_02_mir/recover-20221013/UBNA_001/20221012_030000.WAV,Telephone Field,recover-20221013,001,1795
886.2645,886.3034,68437,81306,Rhinolophus ferrumequinum,0.023,0.023,-1,Echolocation,/mnt/ubna_data_02_mir/recover-20221013/UBNA_001/20221012_030000.WAV,Telephone Field,recover-20221013,001,1795
886.2675,886.2798,22031,26118,Nyctalus leisleri,0.013,0.022,-1,Echolocation,/mnt/ubna_data_02_mir/recover-20221013/UBNA_001/20221012_030000.WAV,Telephone Field,recover-20221013,001,1795
886.2725,886.2866,21171,24457,Nyctalus leisleri,0.014,0.022,-1,Echolocation,/mnt/ubna_data_02_mir/recover-20221013/UBNA_001/20221012_030000.WAV,Telephone Field,recover-20221013,001,1795
886.3155,886.3235,27187,38282,Eptesicus serotinus,0.007,0.021,-1,Echolocation,/mnt/ubna_data_02_mir/recover-20221013/UBNA_001/20221012_030000.WAV,Telephone Field,recover-20221013,001,1795
886.3495,886.3569,49531,53617,Pipistrellus pipistrellus,0.023,0.025,-1,Echolocation,/mnt/ubna_data_02_mir/recover-20221013/UBNA_001/20221012_030000.WAV,Telephone Field,recover-20221013,001,1795
886.3825,886.419,68437,81901,Rhinolophus ferrumequinum,0.021,0.021,-1,Echolocation,/mnt/ubna_data_02_mir/recover-20221013/UBNA_001/20221012_030000.WAV,Telephone Field,recover-20221013,001,1795
886.4005,886.4073,51250,56525,Pipistrellus pipistrellus,0.019,0.022,-1,Echolocation,/mnt/ubna_data_02_mir/recover-20221013/UBNA_001/20221012_030000.WAV,Telephone Field,recover-20221013,001,1795
886.4245,886.4363,24609,30456,Eptesicus serotinus,0.008,0.021,-1,Echolocation,/mnt/ubna_data_02_mir/recover-20221013/UBNA_001/20221012_030000.WAV,Telephone Field,recover-20221013,001,1795
886.4285,886.4728,68437,83622,Rhinolophus ferrumequinum,0.03,0.03,-1,Echolocation,/mnt/ubna_data_02_mir/recover-20221013/UBNA_001/20221012_030000.WAV,Telephone Field,recover-20221013,001,1795
886.4735000000001,886.482,22890,30283,Plecotus austriacus,0.009,0.022,-1,Echolocation,/mnt/ubna_data_02_mir/recover-20221013/UBNA_001/20221012_030000.WAV,Telephone Field,recover-20221013,001,1795
886.4825,886.5205,68437,82128,Rhinolophus ferrumequinum,0.023,0.023,-1,Echolocation,/mnt/ubna_data_02_mir/recover-20221013/UBNA_001/20221012_030000.WAV,Telephone Field,recover-20221013,001,1795
886.4855,886.4958,24609,31334,Nyctalus leisleri,0.008,0.022,-1,Echolocation,/mnt/ubna_data_02_mir/recover-20221013/UBNA_001/20221012_030000.WAV,Telephone Field,recover-20221013,001,1795
886.5705,886.5824,22890,28051,Nyctalus leisleri,0.027,0.065,-1,Echolocation,/mnt/ubna_data_02_mir/recover-20221013/UBNA_001/20221012_030000.WAV,Telephone Field,recover-20221013,001,1795
886.5755,886.613,68437,81530,Rhinolophus ferrumequinum,0.021,0.021,-1,Echolocation,/mnt/ubna_data_02_mir/recover-20221013/UBNA_001/20221012_030000.WAV,Telephone Field,recover-20221013,001,1795
886.6155,886.6528,68437,82080,Rhinolophus ferrumequinum,0.022,0.022,-1,Echolocation,/mnt/ubna_data_02_mir/recover-20221013/UBNA_001/20221012_030000.WAV,Telephone Field,recover-20221013,001,1795
886.6225,886.6596,68437,82112,Rhinolophus ferrumequinum,0.021,0.021,-1,Echolocation,/mnt/ubna_data_02_mir/recover-20221013/UBNA_001/20221012_030000.WAV,Telephone Field,recover-20221013,001,1795
886.6585,886.668,28906,37481,Eptesicus serotinus,0.01,0.027,-1,Echolocation,/mnt/ubna_data_02_mir/recover-20221013/UBNA_001/20221012_030000.WAV,Telephone Field,recover-20221013,001,1795
886.7185,886.758,68437,82465,Rhinolophus ferrumequinum,0.022,0.022,-1,Echolocation,/mnt/ubna_data_02_mir/recover-20221013/UBNA_001/20221012_030000.WAV,Telephone Field,recover-20221013,001,1795
886.7215,886.7304,44375,53224,Pipistrellus pipistrellus,0.02,0.027,-1,Echolocation,/mnt/ubna_data_02_mir/recover-20221013/UBNA_001/20221012_030000.WAV,Telephone Field,recover-20221013,001,1795
886.7565,886.7891,68437,80849,Rhinolophus ferrumequinum,0.025,0.025,-1,Echolocation,/mnt/ubna_data_02_mir/recover-20221013/UBNA_001/20221012_030000.WAV,Telephone Field,recover-20221013,001,1795
886.7865,886.795,51250,58327,Pipistrellus pipistrellus,0.02,0.027,-1,Echolocation,/mnt/ubna_data_02_mir/recover-20221013/UBNA_001/20221012_030000.WAV,Telephone Field,recover-20221013,001,1795
886.8095,886.8188,25468,32641,Nyctalus leisleri,0.013,0.042,-1,Echolocation,/mnt/ubna_data_02_mir/recover-20221013/UBNA_001/20221012_030000.WAV,Telephone Field,recover-20221013,001,1795
886.8315,886.8723,68437,82868,Rhinolophus ferrumequinum,0.023,0.023,-1,Echolocation,/mnt/ubna_data_02_mir/recover-20221013/UBNA_001/20221012_030000.WAV,Telephone Field,recover-20221013,001,1795
886.8495,886.8592,28046,39229,Eptesicus serotinus,0.011,0.025,-1,Echolocation,/mnt/ubna_data_02_mir/recover-20221013/UBNA_001/20221012_030000.WAV,Telephone Field,recover-20221013,001,1795
886.8565,886.8966,68437,82375,Rhinolophus ferrumequinum,0.022,0.022,-1,Echolocation,/mnt/ubna_data_02_mir/recover-20221013/UBNA_001/20221012_030000.WAV,Telephone Field,recover-20221013,001,1795
886.8665,886.9058,68437,82171,Rhinolophus ferrumequinum,0.021,0.021,-1,Echolocation,/mnt/ubna_data_02_mir/recover-20221013/UBNA_001/20221012_030000.WAV,Telephone Field,recover-20221013,001,1795
886.8715,886.9089,68437,82201,Rhinolophus ferrumequinum,0.021,0.021,-1,Echolocation,/mnt/ubna_data_02_mir/recover-20221013/UBNA_001/20221012_030000.WAV,Telephone Field,recover-20221013,001,1795
886.8975,886.9382,68437,82379,Rhinolophus ferrumequinum,0.022,0.022,-1,Echolocation,/mnt/ubna_data_02_mir/recover-20221013/UBNA_001/20221012_030000.WAV,Telephone Field,recover-20221013,001,1795
886.9965,887.0353,68437,82419,Rhinolophus ferrumequinum,0.022,0.022,-1,Echolocation,/mnt/ubna_data_02_mir/recover-20221013/UBNA_001/20221012_030000.WAV,Telephone Field,recover-20221013,001,1795
887.0035,887.045,68437,82949,Rhinolophus ferrumequinum,0.022,0.022,-1,Echolocation,/mnt/ubna_data_02_mir/recover-20221013/UBNA_001/20221012_030000.WAV,Telephone Field,recover-20221013,001,1795
887.0305,887.0384,25468,34095,Eptesicus serotinus,0.008,0.023,-1,Echolocation,/mnt/ubna_data_02_mir/recover-20221013/UBNA_001/20221012_030000.WAV,Telephone Field,recover-20221013,001,1795
887.0425,887.0517,28046,38736,Eptesicus serotinus,0.01,0.024,-1,Echolocation,/mnt/ubna_data_02_mir/recover-20221013/UBNA_001/20221012_030000.WAV,Telephone Field,recover-20221013,001,1795
887.0735,887.1125,68437,81843,Rhinolophus ferrumequinum,0.021,0.021,-1,Echolocation,/mnt/ubna_data_02_mir/recover-20221013/UBNA_001/20221012_030000.WAV,Telephone Field,recover-20221013,001,1795
887.1025,887.1131,28046,35511,Eptesicus serotinus,0.012,0.024,-1,Echolocation,/mnt/ubna_data_02_mir/recover-20221013/UBNA_001/20221012_030000.WAV,Telephone Field,recover-20221013,001,1795
887.1205,887.1596,68437,82653,Rhinolophus ferrumequinum,0.023,0.023,-1,Echolocation,/mnt/ubna_data_02_mir/recover-20221013/UBNA_001/20221012_030000.WAV,Telephone Field,recover-20221013,001,1795
887.1215,887.1309,28046,37661,Eptesicus serotinus,0.009,0.024,-1,Echolocation,/mnt/ubna_data_02_mir/recover-20221013/UBNA_001/20221012_030000.WAV,Telephone Field,recover-20221013,001,1795
887.1375,887.1773,68437,82408,Rhinolophus ferrumequinum,0.022,0.022,-1,Echolocation,/mnt/ubna_data_02_mir/recover-20221013/UBNA_001/20221012_030000.WAV,Telephone Field,recover-20221013,001,1795
887.1495,887.1633,24609,29694,Nyctalus leisleri,0.018,0.04,-1,Echolocation,/mnt/ubna_data_02_mir/recover-20221013/UBNA_001/20221012_030000.WAV,Telephone Field,recover-20221013,001,1795
887.1615,887.1998,68437,82329,Rhinolophus ferrumequinum,0.024,0.024,-1,Echolocation,/mnt/ubna_data_02_mir/recover-20221013/UBNA_001/20221012_030000.WAV,Telephone Field,recover-20221013,001,1795
887.1725,887.2116,68437,82098,Rhinolophus ferrumequinum,0.021,0.021,-1,Echolocation,/mnt/ubna_data_02_mir/recover-20221013/UBNA_001/20221012_030000.WAV,Telephone Field,recover-20221013,001,1795
887.1825,887.2232,68437,83513,Rhinolophus ferrumequinum,0.034,0.034,-1,Echolocation,/mnt/ubna_data_02_mir/recover-20221013/UBNA_001/20221012_030000.WAV,Telephone Field,recover-20221013,001,1795
887.1855,887.195,27187,36827,Eptesicus serotinus,0.008,0.021,-1,Echolocation,/mnt/ubna_data_02_mir/recover-20221013/UBNA_001/20221012_030000.WAV,Telephone Field,recover-20221013,001,1795
887.2205,887.2607,68437,82480,Rhinolophus ferrumequinum,0.021,0.021,-1,Echolocation,/mnt/ubna_data_02_mir/recover-20221013/UBNA_001/20221012_030000.WAV,Telephone Field,recover-20221013,001,1795
887.2395,887.2465,28046,40720,Eptesicus serotinus,0.007,0.022,-1,Echolocation,/mnt/ubna_data_02_mir/recover-20221013/UBNA_001/20221012_030000.WAV,Telephone Field,recover-20221013,001,1795
887.2695,887.2797,28046,36489,Eptesicus serotinus,0.011,0.023,-1,Echolocation,/mnt/ubna_data_02_mir/recover-20221013/UBNA_001/20221012_030000.WAV,Telephone Field,recover-20221013,001,1795
887.2805,887.3209,68437,82762,Rhinolophus ferrumequinum,0.026,0.026,-1,Echolocation,/mnt/ubna_data_02_mir/recover-20221013/UBNA_001/20221012_030000.WAV,Telephone Field,recover-20221013,001,1795
887.2945,887.3335,68437,82034,Rhinolophus ferrumequinum,0.023,0.023,-1,Echolocation,/mnt/ubna_data_02_mir/recover-20221013/UBNA_001/20221012_030000.WAV,Telephone Field,recover-20221013,001,1795
887.3275,887.3381,28906,36604,Eptesicus serotinus,0.01,0.022,-1,Echolocation,/mnt/ubna_data_02_mir/recover-20221013/UBNA_001/20221012_030000.WAV,Telephone Field,recover-20221013,001,1795
887.3285,887.3682,68437,82358,Rhinolophus ferrumequinum,0.021,0.021,-1,Echolocation,/mnt/ubna_data_02_mir/recover-20221013/UBNA_001/20221012_030000.WAV,Telephone Field,recover-20221013,001,1795
887.3705,887.4093,68437,81950,Rhinolophus ferrumequinum,0.022,0.022,-1,Echolocation,/mnt/ubna_data_02_mir/recover-20221013/UBNA_001/20221012_030000.WAV,Telephone Field,recover-20221013,001,1795
887.3705,887.3794,24609,32332,Eptesicus serotinus,0.006,0.022,-1,Echolocation,/mnt/ubna_data_02_mir/recover-20221013/UBNA_001/20221012_030000.WAV,Telephone Field,recover-20221013,001,1795
887.4205,887.4572000000001,68437,81311,Rhinolophus ferrumequinum,0.02,0.02,-1,Echolocation,/mnt/ubna_data_02_mir/recover-20221013/UBNA_001/20221012_030000.WAV,Telephone Field,recover-20221013,001,1795
887.5115,887.5198,23750,30640,Plecotus austriacus,0.007,0.022,-1,Echolocation,/mnt/ubna_data_02_mir/recover-20221013/UBNA_001/20221012_030000.WAV,Telephone Field,recover-20221013,001,1795
887.5955,887.6043999999999,28046,37177,Eptesicus serotinus,0.008,0.021,-1,Echolocation,/mnt/ubna_data_02_mir/recover-20221013/UBNA_001/20221012_030000.WAV,Telephone Field,recover-20221013,001,1795
887.5995,887.637,68437,81795,Rhinolophus ferrumequinum,0.021,0.021,-1,Echolocation,/mnt/ubna_data_02_mir/recover-20221013/UBNA_001/20221012_030000.WAV,Telephone Field,recover-20221013,001,1795
887.6065,887.6149,27187,39030,Eptesicus serotinus,0.008,0.021,-1,Echolocation,/mnt/ubna_data_02_mir/recover-20221013/UBNA_001/20221012_030000.WAV,Telephone Field,recover-20221013,001,1795
887.6075,887.6145,33203,44819,Myotis daubentonii,0.009,0.023,-1,Echolocation,/mnt/ubna_data_02_mir/recover-20221013/UBNA_001/20221012_030000.WAV,Telephone Field,recover-20221013,001,1795
887.6345,887.6766,68437,82998,Rhinolophus ferrumequinum,0.023,0.023,-1,Echolocation,/mnt/ubna_data_02_mir/recover-20221013/UBNA_001/20221012_030000.WAV,Telephone Field,recover-20221013,001,1795
887.6675,887.6748,27187,37860,Eptesicus serotinus,0.006,0.021,-1,Echolocation,/mnt/ubna_data_02_mir/recover-20221013/UBNA_001/20221012_030000.WAV,Telephone Field,recover-20221013,001,1795
887.6785,887.7146,68437,81561,Rhinolophus ferrumequinum,0.023,0.023,-1,Echolocation,/mnt/ubna_data_02_mir/recover-20221013/UBNA_001/20221012_030000.WAV,Telephone Field,recover-20221013,001,1795
887.6905,887.7323,68437,82816,Rhinolophus ferrumequinum,0.023,0.023,-1,Echolocation,/mnt/ubna_data_02_mir/recover-20221013/UBNA_001/20221012_030000.WAV,Telephone Field,recover-20221013,001,1795
887.7025,887.7129,22031,26549,Nyctalus leisleri,0.01,0.021,-1,Echolocation,/mnt/ubna_data_02_mir/recover-20221013/UBNA_001/20221012_030000.WAV,Telephone Field,recover-20221013,001,1795
887.7295,887.7696,68437,82027,Rhinolophus ferrumequinum,0.026,0.026,-1,Echolocation,/mnt/ubna_data_02_mir/recover-20221013/UBNA_001/20221012_030000.WAV,Telephone Field,recover-20221013,001,1795
887.7315,887.74,26328,34823,Eptesicus serotinus,0.011,0.026,-1,Echolocation,/mnt/ubna_data_02_mir/recover-20221013/UBNA_001/20221012_030000.WAV,Telephone Field,recover-20221013,001,1795
887.7515,887.7907,68437,82040,Rhinolophus ferrumequinum,0.023,0.023,-1,Echolocation,/mnt/ubna_data_02_mir/recover-20221013/UBNA_001/20221012_030000.WAV,Telephone Field,recover-20221013,001,1795
887.8895,887.928,68437,82799,Rhinolophus ferrumequinum,0.023,0.023,-1,Echolocation,/mnt/ubna_data_02_mir/recover-20221013/UBNA_001/20221012_030000.WAV,Telephone Field,recover-20221013,001,1795
887.8975,887.9124,22890,26830,Nyctalus leisleri,0.023,0.04,-1,Echolocation,/mnt/ubna_data_02_mir/recover-20221013/UBNA_001/20221012_030000.WAV,Telephone Field,recover-20221013,001,1795
887.9155,887.926,24609,31727,Eptesicus serotinus,0.011,0.03,-1,Echolocation,/mnt/ubna_data_02_mir/recover-20221013/UBNA_001/20221012_030000.WAV,Telephone Field,recover-20221013,001,1795
887.9455,887.9627,22031,26660,Nyctalus leisleri,0.013,0.027,-1,Echolocation,/mnt/ubna_data_02_mir/recover-20221013/UBNA_001/20221012_030000.WAV,Telephone Field,recover-20221013,001,1795
887.9695,887.9777,28046,40483,Eptesicus serotinus,0.008,0.021,-1,Echolocation,/mnt/ubna_data_02_mir/recover-20221013/UBNA_001/20221012_030000.WAV,Telephone Field,recover-20221013,001,1795
888.0015,888.0337,68437,80491,Rhinolophus ferrumequinum,0.049,0.049,-1,Echolocation,/mnt/ubna_data_02_mir/recover-20221013/UBNA_001/20221012_030000.WAV,Telephone Field,recover-20221013,001,1795
888.0015,888.0103,25468,34977,Nyctalus leisleri,0.008,0.026,-1,Echolocation,/mnt/ubna_data_02_mir/recover-20221013/UBNA_001/20221012_030000.WAV,Telephone Field,recover-20221013,001,1795
888.0015,888.0161,47812,53113,Pipistrellus pipistrellus,0.018,0.025,-1,Echolocation,/mnt/ubna_data_02_mir/recover-20221013/UBNA_001/20221012_030000.WAV,Telephone Field,recover-20221013,001,1795
888.0205,888.0289,25468,33519,Eptesicus serotinus,0.007,0.023,-1,Echolocation,/mnt/ubna_data_02_mir/recover-20221013/UBNA_001/20221012_030000.WAV,Telephone Field,recover-20221013,001,1795
888.0345,888.074,68437,82108,Rhinolophus ferrumequinum,0.021,0.021,-1,Echolocation,/mnt/ubna_data_02_mir/recover-20221013/UBNA_001/20221012_030000.WAV,Telephone Field,recover-20221013,001,1795
888.0375,888.0451,27187,38276,Eptesicus serotinus,0.007,0.021,-1,Echolocation,/mnt/ubna_data_02_mir/recover-20221013/UBNA_001/20221012_030000.WAV,Telephone Field,recover-20221013,001,1795
888.0505,888.0897,68437,81621,Rhinolophus ferrumequinum,0.02,0.02,-1,Echolocation,/mnt/ubna_data_02_mir/recover-20221013/UBNA_001/20221012_030000.WAV,Telephone Field,recover-20221013,001,1795
888.0525,888.0586,47812,54464,Pipistrellus pipistrellus,0.018,0.02,-1,Echolocation,/mnt/ubna_data_02_mir/recover-20221013/UBNA_001/20221012_030000.WAV,Telephone Field,recover-20221013,001,1795
888.0555,888.0652,28906,36583,Eptesicus serotinus,0.01,0.023,-1,Echolocation,/mnt/ubna_data_02_mir/recover-20221013/UBNA_001/20221012_030000.WAV,Telephone Field,recover-20221013,001,1795
888.0685,888.1072,68437,82694,Rhinolophus ferrumequinum,0.024,0.024,-1,Echolocation,/mnt/ubna_data_02_mir/recover-20221013/UBNA_001/20221012_030000.WAV,Telephone Field,recover-20221013,001,1795
888.1485,888.1901,68437,82415,Rhinolophus ferrumequinum,0.022,0.022,-1,Echolocation,/mnt/ubna_data_02_mir/recover-20221013/UBNA_001/20221012_030000.WAV,Telephone Field,recover-20221013,001,1795
888.1865,888.1947,28906,39051,Eptesicus serotinus,0.008,0.021,-1,Echolocation,/mnt/ubna_data_02_mir/recover-20221013/UBNA_001/20221012_030000.WAV,Telephone Field,recover-20221013,001,1795
888.2465,888.284,68437,81970,Rhinolophus ferrumequinum,0.022,0.022,-1,Echolocation,/mnt/ubna_data_02_mir/recover-20221013/UBNA_001/20221012_030000.WAV,Telephone Field,recover-20221013,001,1795
888.2515,888.2617,23750,30026,Nyctalus leisleri,0.009,0.022,-1,Echolocation,/mnt/ubna_data_02_mir/recover-20221013/UBNA_001/20221012_030000.WAV,Telephone Field,recover-20221013,001,1795
888.2675,888.3067,68437,81994,Rhinolophus ferrumequinum,0.021,0.021,-1,Echolocation,/mnt/ubna_data_02_mir/recover-20221013/UBNA_001/20221012_030000.WAV,Telephone Field,recover-20221013,001,1795
888.2775,888.3143,68437,81614,Rhinolophus ferrumequinum,0.021,0.021,-1,Echolocation,/mnt/ubna_data_02_mir/recover-20221013/UBNA_001/20221012_030000.WAV,Telephone Field,recover-20221013,001,1795
888.2895,888.2989,26328,35890,Eptesicus serotinus,0.008,0.021,-1,Echolocation,/mnt/ubna_data_02_mir/recover-20221013/UBNA_001/20221012_030000.WAV,Telephone Field,recover-20221013,001,1795
888.3185,888.3271,28046,40049,Eptesicus serotinus,0.008,0.021,-1,Echolocation,/mnt/ubna_data_02_mir/recover-20221013/UBNA_001/20221012_030000.WAV,Telephone Field,recover-20221013,001,1795
888.3795,888.387,24609,33339,Plecotus austriacus,0.006,0.021,-1,Echolocation,/mnt/ubna_data_02_mir/recover-20221013/UBNA_001/20221012_030000.WAV,Telephone Field,recover-20221013,001,1795
888.3875,888.4207,68437,81160,Rhinolophus ferrumequinum,0.022,0.022,-1,Echolocation,/mnt/ubna_data_02_mir/recover-20221013/UBNA_001/20221012_030000.WAV,Telephone Field,recover-20221013,001,1795
888.4125,888.4235,23750,29243,Nyctalus leisleri,0.008,0.02,-1,Echolocation,/mnt/ubna_data_02_mir/recover-20221013/UBNA_001/20221012_030000.WAV,Telephone Field,recover-20221013,001,1795
888.4255,888.4339,28046,39919,Eptesicus serotinus,0.009,0.024,-1,Echolocation,/mnt/ubna_data_02_mir/recover-20221013/UBNA_001/20221012_030000.WAV,Telephone Field,recover-20221013,001,1795
888.4855,888.5228,68437,82179,Rhinolophus ferrumequinum,0.022,0.022,-1,Echolocation,/mnt/ubna_data_02_mir/recover-20221013/UBNA_001/20221012_030000.WAV,Telephone Field,recover-20221013,001,1795
888.4925,888.5305,68437,81891,Rhinolophus ferrumequinum,0.021,0.021,-1,Echolocation,/mnt/ubna_data_02_mir/recover-20221013/UBNA_001/20221012_030000.WAV,Telephone Field,recover-20221013,001,1795
888.5125,888.5504,68437,81984,Rhinolophus ferrumequinum,0.021,0.022,-1,Echolocation,/mnt/ubna_data_02_mir/recover-20221013/UBNA_001/20221012_030000.WAV,Telephone Field,recover-20221013,001,1795
888.5555,888.5936,68437,81513,Rhinolophus ferrumequinum,0.021,0.021,-1,Echolocation,/mnt/ubna_data_02_mir/recover-20221013/UBNA_001/20221012_030000.WAV,Telephone Field,recover-20221013,001,1795
888.5605,888.5707,28906,36667,Eptesicus serotinus,0.011,0.023,-1,Echolocation,/mnt/ubna_data_02_mir/recover-20221013/UBNA_001/20221012_030000.WAV,Telephone Field,recover-20221013,001,1795
888.6055,888.6123,22890,31394,Plecotus austriacus,0.011,0.024,-1,Echolocation,/mnt/ubna_data_02_mir/recover-20221013/UBNA_001/20221012_030000.WAV,Telephone Field,recover-20221013,001,1795
888.6155,888.6238,28046,40248,Eptesicus serotinus,0.008,0.021,-1,Echolocation,/mnt/ubna_data_02_mir/recover-20221013/UBNA_001/20221012_030000.WAV,Telephone Field,recover-20221013,001,1795
888.6295,888.6435,25468,30517,Eptesicus serotinus,0.015,0.034,-1,Echolocation,/mnt/ubna_data_02_mir/recover-20221013/UBNA_001/20221012_030000.WAV,Telephone Field,recover-20221013,001,1795
888.7065,888.7266,16015,20541,Nyctalus noctula,0.016,0.022,-1,Echolocation,/mnt/ubna_data_02_mir/recover-20221013/UBNA_001/20221012_030000.WAV,Telephone Field,recover-20221013,001,1795
888.7235000000001,888.7591,68437,82028,Rhinolophus ferrumequinum,0.021,0.021,-1,Echolocation,/mnt/ubna_data_02_mir/recover-20221013/UBNA_001/20221012_030000.WAV,Telephone Field,recover-20221013,001,1795
888.7385,888.7797,68437,82500,Rhinolophus ferrumequinum,0.023,0.023,-1,Echolocation,/mnt/ubna_data_02_mir/recover-20221013/UBNA_001/20221012_030000.WAV,Telephone Field,recover-20221013,001,1795
888.7695,888.8096,68437,82941,Rhinolophus ferrumequinum,0.022,0.022,-1,Echolocation,/mnt/ubna_data_02_mir/recover-20221013/UBNA_001/20221012_030000.WAV,Telephone Field,recover-20221013,001,1795
888.7785,888.785,23750,33362,Plecotus austriacus,0.017,0.032,-1,Echolocation,/mnt/ubna_data_02_mir/recover-20221013/UBNA_001/20221012_030000.WAV,Telephone Field,recover-20221013,001,1795
888.7995,888.8072,48671,54258,Pipistrellus pipistrellus,0.023,0.025,-1,Echolocation,/mnt/ubna_data_02_mir/recover-20221013/UBNA_001/20221012_030000.WAV,Telephone Field,recover-20221013,001,1795
888.7995,888.8402,68437,82971,Rhinolophus ferrumequinum,0.022,0.022,-1,Echolocation,/mnt/ubna_data_02_mir/recover-20221013/UBNA_001/20221012_030000.WAV,Telephone Field,recover-20221013,001,1795
888.8025,888.8098,28046,41501,Eptesicus serotinus,0.009,0.026,-1,Echolocation,/mnt/ubna_data_02_mir/recover-20221013/UBNA_001/20221012_030000.WAV,Telephone Field,recover-20221013,001,1795
888.8125,888.8197,28046,40326,Eptesicus serotinus,0.006,0.02,-1,Echolocation,/mnt/ubna_data_02_mir/recover-20221013/UBNA_001/20221012_030000.WAV,Telephone Field,recover-20221013,001,1795
888.8295,888.8415,23750,28717,Nyctalus leisleri,0.01,0.021,-1,Echolocation,/mnt/ubna_data_02_mir/recover-20221013/UBNA_001/20221012_030000.WAV,Telephone Field,recover-20221013,001,1795
888.8385,888.8506,23750,28076,Nyctalus leisleri,0.012,0.022,-1,Echolocation,/mnt/ubna_data_02_mir/recover-20221013/UBNA_001/20221012_030000.WAV,Telephone Field,recover-20221013,001,1795
888.8425,888.8805,68437,82629,Rhinolophus ferrumequinum,0.021,0.021,-1,Echolocation,/mnt/ubna_data_02_mir/recover-20221013/UBNA_001/20221012_030000.WAV,Telephone Field,recover-20221013,001,1795
888.8475,888.8858,68437,82769,Rhinolophus ferrumequinum,0.021,0.021,-1,Echolocation,/mnt/ubna_data_02_mir/recover-20221013/UBNA_001/20221012_030000.WAV,Telephone Field,recover-20221013,001,1795
888.8905,888.9275,68437,81712,Rhinolophus ferrumequinum,0.021,0.021,-1,Echolocation,/mnt/ubna_data_02_mir/recover-20221013/UBNA_001/20221012_030000.WAV,Telephone Field,recover-20221013,001,1795
889.0005,889.0375,68437,82100,Rhinolophus ferrumequinum,0.026,0.026,-1,Echolocation,/mnt/ubna_data_02_mir/recover-20221013/UBNA_001/20221012_030000.WAV,Telephone Field,recover-20221013,001,1795
889.0255,889.064,68437,82210,Rhinolophus ferrumequinum,0.025,0.025,-1,Echolocation,/mnt/ubna_data_02_mir/recover-20221013/UBNA_001/20221012_030000.WAV,Telephone Field,recover-20221013,001,1795
889.0615,889.0975,68437,81597,Rhinolophus ferrumequinum,0.023,0.023,-1,Echolocation,/mnt/ubna_data_02_mir/recover-20221013/UBNA_001/20221012_030000.WAV,Telephone Field,recover-20221013,001,1795
889.1155,889.1266,22890,28160,Nyctalus leisleri,0.012,0.024,-1,Echolocation,/mnt/ubna_data_02_mir/recover-20221013/UBNA_001/20221012_030000.WAV,Telephone Field,recover-20221013,001,1795
889.1635,889.1702,27187,44032,Eptesicus serotinus,0.008,0.025,-1,Echolocation,/mnt/ubna_data_02_mir/recover-20221013/UBNA_001/20221012_030000.WAV,Telephone Field,recover-20221013,001,1795
889.1675,889.2075,68437,82001,Rhinolophus ferrumequinum,0.021,0.021,-1,Echolocation,/mnt/ubna_data_02_mir/recover-20221013/UBNA_001/20221012_030000.WAV,Telephone Field,recover-20221013,001,1795
889.1995,889.2063,27187,44821,Eptesicus serotinus,0.007,0.025,-1,Echolocation,/mnt/ubna_data_02_mir/recover-20221013/UBNA_001/20221012_030000.WAV,Telephone Field,recover-20221013,001,1795
889.2145,889.2549,68437,82955,Rhinolophus ferrumequinum,0.025,0.025,-1,Echolocation,/mnt/ubna_data_02_mir/recover-20221013/UBNA_001/20221012_030000.WAV,Telephone Field,recover-20221013,001,1795
889.2345,889.2425,28046,39889,Eptesicus serotinus,0.007,0.021,-1,Echolocation,/mnt/ubna_data_02_mir/recover-20221013/UBNA_001/20221012_030000.WAV,Telephone Field,recover-20221013,001,1795
889.2455,889.2807,68437,81681,Rhinolophus ferrumequinum,0.022,0.022,-1,Echolocation,/mnt/ubna_data_02_mir/recover-20221013/UBNA_001/20221012_030000.WAV,Telephone Field,recover-20221013,001,1795
889.2855,889.2922,28906,37675,Eptesicus serotinus,0.012,0.034,-1,Echolocation,/mnt/ubna_data_02_mir/recover-20221013/UBNA_001/20221012_030000.WAV,Telephone Field,recover-20221013,001,1795
889.2865,889.3267,68437,82616,Rhinolophus ferrumequinum,0.021,0.021,-1,Echolocation,/mnt/ubna_data_02_mir/recover-20221013/UBNA_001/20221012_030000.WAV,Telephone Field,recover-20221013,001,1795
889.3325,889.3688,68437,81427,Rhinolophus ferrumequinum,0.021,0.021,-1,Echolocation,/mnt/ubna_data_02_mir/recover-20221013/UBNA_001/20221012_030000.WAV,Telephone Field,recover-20221013,001,1795
889.3435,889.3513,24609,33573,Plecotus austriacus,0.012,0.036,-1,Echolocation,/mnt/ubna_data_02_mir/recover-20221013/UBNA_001/20221012_030000.WAV,Telephone Field,recover-20221013,001,1795
889.3605,889.4018,68437,82528,Rhinolophus ferrumequinum,0.03,0.03,-1,Echolocation,/mnt/ubna_data_02_mir/recover-20221013/UBNA_001/20221012_030000.WAV,Telephone Field,recover-20221013,001,1795
889.3615,889.3689,47812,51943,Pipistrellus pipistrellus,0.022,0.023,-1,Echolocation,/mnt/ubna_data_02_mir/recover-20221013/UBNA_001/20221012_030000.WAV,Telephone Field,recover-20221013,001,1795
889.3885,889.4288,68437,82356,Rhinolophus ferrumequinum,0.022,0.022,-1,Echolocation,/mnt/ubna_data_02_mir/recover-20221013/UBNA_001/20221012_030000.WAV,Telephone Field,recover-20221013,001,1795
889.4025,889.4391,68437,82432,Rhinolophus ferrumequinum,0.023,0.023,-1,Echolocation,/mnt/ubna_data_02_mir/recover-20221013/UBNA_001/20221012_030000.WAV,Telephone Field,recover-20221013,001,1795
889.4115,889.4495,68437,82332,Rhinolophus ferrumequinum,0.024,0.024,-1,Echolocation,/mnt/ubna_data_02_mir/recover-20221013/UBNA_001/20221012_030000.WAV,Telephone Field,recover-20221013,001,1795
889.4205,889.4604,68437,82542,Rhinolophus ferrumequinum,0.023,0.023,-1,Echolocation,/mnt/ubna_data_02_mir/recover-20221013/UBNA_001/20221012_030000.WAV,Telephone Field,recover-20221013,001,1795
889.4755,889.4867,28906,36155,Eptesicus serotinus,0.015,0.027,-1,Echolocation,/mnt/ubna_data_02_mir/recover-20221013/UBNA_001/20221012_030000.WAV,Telephone Field,recover-20221013,001,1795
889.5045,889.5434,68437,82558,Rhinolophus ferrumequinum,0.025,0.025,-1,Echolocation,/mnt/ubna_data_02_mir/recover-20221013/UBNA_001/20221012_030000.WAV,Telephone Field,recover-20221013,001,1795
889.5145,889.5236,28046,37437,Eptesicus serotinus,0.01,0.025,-1,Echolocation,/mnt/ubna_data_02_mir/recover-20221013/UBNA_001/20221012_030000.WAV,Telephone Field,recover-20221013,001,1795
889.5625,889.6021,68437,82234,Rhinolophus ferrumequinum,0.022,0.022,-1,Echolocation,/mnt/ubna_data_02_mir/recover-20221013/UBNA_001/20221012_030000.WAV,Telephone Field,recover-20221013,001,1795
889.5765,889.6184,68437,83202,Rhinolophus ferrumequinum,0.03,0.03,-1,Echolocation,/mnt/ubna_data_02_mir/recover-20221013/UBNA_001/20221012_030000.WAV,Telephone Field,recover-20221013,001,1795
889.5765,889.5864,28046,36189,Eptesicus serotinus,0.013,0.024,-1,Echolocation,/mnt/ubna_data_02_mir/recover-20221013/UBNA_001/20221012_030000.WAV,Telephone Field,recover-20221013,001,1795
889.5985000000001,889.6082,28906,38132,Eptesicus serotinus,0.011,0.024,-1,Echolocation,/mnt/ubna_data_02_mir/recover-20221013/UBNA_001/20221012_030000.WAV,Telephone Field,recover-20221013,001,1795
889.5985000000001,889.6377,68437,82026,Rhinolophus ferrumequinum,0.024,0.024,-1,Echolocation,/mnt/ubna_data_02_mir/recover-20221013/UBNA_001/20221012_030000.WAV,Telephone Field,recover-20221013,001,1795
889.6235,889.659,68437,81470,Rhinolophus ferrumequinum,0.021,0.021,-1,Echolocation,/mnt/ubna_data_02_mir/recover-20221013/UBNA_001/20221012_030000.WAV,Telephone Field,recover-20221013,001,1795
889.6495,889.6571,26328,38154,Eptesicus serotinus,0.006,0.021,-1,Echolocation,/mnt/ubna_data_02_mir/recover-20221013/UBNA_001/20221012_030000.WAV,Telephone Field,recover-20221013,001,1795
889.6545,889.6985999999999,68437,83311,Rhinolophus ferrumequinum,0.024,0.024,-1,Echolocation,/mnt/ubna_data_02_mir/recover-20221013/UBNA_001/20221012_030000.WAV,Telephone Field,recover-20221013,001,1795
889.6615,889.704,68437,82782,Rhinolophus ferrumequinum,0.027,0.027,-1,Echolocation,/mnt/ubna_data_02_mir/recover-20221013/UBNA_001/20221012_030000.WAV,Telephone Field,recover-20221013,001,1795
889.6955,889.7061,56406,61760,Pipistrellus pygmaeus,0.02,0.022,-1,Echolocation,/mnt/ubna_data_02_mir/recover-20221013/UBNA_001/20221012_030000.WAV,Telephone Field,recover-20221013,001,1795
889.7455,889.7547,28906,36839,Eptesicus serotinus,0.008,0.021,-1,Echolocation,/mnt/ubna_data_02_mir/recover-20221013/UBNA_001/20221012_030000.WAV,Telephone Field,recover-20221013,001,1795
889.7855,889.8278,68437,83102,Rhinolophus ferrumequinum,0.026,0.026,-1,Echolocation,/mnt/ubna_data_02_mir/recover-20221013/UBNA_001/20221012_030000.WAV,Telephone Field,recover-20221013,001,1795
889.8215,889.8647,68437,82834,Rhinolophus ferrumequinum,0.021,0.021,-1,Echolocation,/mnt/ubna_data_02_mir/recover-20221013/UBNA_001/20221012_030000.WAV,Telephone Field,recover-20221013,001,1795
889.8435,889.8805,68437,81894,Rhinolophus ferrumequinum,0.024,0.024,-1,Echolocation,/mnt/ubna_data_02_mir/recover-20221013/UBNA_001/20221012_030000.WAV,Telephone Field,recover-20221013,001,1795
889.8845,889.9261,68437,82825,Rhinolophus ferrumequinum,0.023,0.023,-1,Echolocation,/mnt/ubna_data_02_mir/recover-20221013/UBNA_001/20221012_030000.WAV,Telephone Field,recover-20221013,001,1795
889.8865,889.8948,28046,42624,Eptesicus serotinus,0.009,0.023,-1,Echolocation,/mnt/ubna_data_02_mir/recover-20221013/UBNA_001/20221012_030000.WAV,Telephone Field,recover-20221013,001,1795
889.8925,889.9315,68437,82754,Rhinolophus ferrumequinum,0.026,0.026,-1,Echolocation,/mnt/ubna_data_02_mir/recover-20221013/UBNA_001/20221012_030000.WAV,Telephone Field,recover-20221013,001,1795
889.9305,889.9669,68437,81686,Rhinolophus ferrumequinum,0.022,0.022,-1,Echolocation,/mnt/ubna_data_02_mir/recover-20221013/UBNA_001/20221012_030000.WAV,Telephone Field,recover-20221013,001,1795
889.9365,889.9468,49531,53995,Pipistrellus pipistrellus,0.028,0.034,-1,Echolocation,/mnt/ubna_data_02_mir/recover-20221013/UBNA_001/20221012_030000.WAV,Telephone Field,recover-20221013,001,1795
889.9405,889.9825,68437,82446,Rhinolophus ferrumequinum,0.028,0.028,-1,Echolocation,/mnt/ubna_data_02_mir/recover-20221013/UBNA_001/20221012_030000.WAV,Telephone Field,recover-20221013,001,1795
889.9685,889.9811,22890,26973,Nyctalus leisleri,0.015,0.027,-1,Echolocation,/mnt/ubna_data_02_mir/recover-20221013/UBNA_001/20221012_030000.WAV,Telephone Field,recover-20221013,001,1795
890.0015,890.0099,22031,28797,Nyctalus leisleri,0.008,0.028,-1,Echolocation,/mnt/ubna_data_02_mir/recover-20221013/UBNA_001/20221012_030000.WAV,Telephone Field,recover-20221013,001,1795
890.0015,890.0148,16875,22487,Nyctalus noctula,0.009,0.026,-1,Echolocation,/mnt/ubna_data_02_mir/recover-20221013/UBNA_001/20221012_030000.WAV,Telephone Field,recover-20221013,001,1795
890.0015,890.0354,68437,80111,Rhinolophus ferrumequinum,0.039,0.04,-1,Echolocation,/mnt/ubna_data_02_mir/recover-20221013/UBNA_001/20221012_030000.WAV,Telephone Field,recover-20221013,001,1795
890.0115,890.0574,68437,83313,Rhinolophus ferrumequinum,0.036,0.036,-1,Echolocation,/mnt/ubna_data_02_mir/recover-20221013/UBNA_001/20221012_030000.WAV,Telephone Field,recover-20221013,001,1795
890.0264999999999,890.0336,23750,32502,Plecotus austriacus,0.01,0.022,-1,Echolocation,/mnt/ubna_data_02_mir/recover-20221013/UBNA_001/20221012_030000.WAV,Telephone Field,recover-20221013,001,1795
890.0305,890.0704,68437,82206,Rhinolophus ferrumequinum,0.023,0.023,-1,Echolocation,/mnt/ubna_data_02_mir/recover-20221013/UBNA_001/20221012_030000.WAV,Telephone Field,recover-20221013,001,1795
890.0515,890.0878,68437,81294,Rhinolophus ferrumequinum,0.021,0.021,-1,Echolocation,/mnt/ubna_data_02_mir/recover-20221013/UBNA_001/20221012_030000.WAV,Telephone Field,recover-20221013,001,1795
890.0865,890.1238,68437,81702,Rhinolophus ferrumequinum,0.021,0.021,-1,Echolocation,/mnt/ubna_data_02_mir/recover-20221013/UBNA_001/20221012_030000.WAV,Telephone Field,recover-20221013,001,1795
890.1095,890.1194,50390,55581,Pipistrellus pipistrellus,0.022,0.026,-1,Echolocation,/mnt/ubna_data_02_mir/recover-20221013/UBNA_001/20221012_030000.WAV,Telephone Field,recover-20221013,001,1795
890.1335,890.1745,68437,82952,Rhinolophus ferrumequinum,0.023,0.023,-1,Echolocation,/mnt/ubna_data_02_mir/recover-20221013/UBNA_001/20221012_030000.WAV,Telephone Field,recover-20221013,001,1795
890.1495,890.1834,68437,80304,Rhinolophus ferrumequinum,0.024,0.024,-1,Echolocation,/mnt/ubna_data_02_mir/recover-20221013/UBNA_001/20221012_030000.WAV,Telephone Field,recover-20221013,001,1795
890.1585,890.1777,23750,27126,Nyctalus leisleri,0.026,0.043,-1,Echolocation,/mnt/ubna_data_02_mir/recover-20221013/UBNA_001/20221012_030000.WAV,Telephone Field,recover-20221013,001,1795
890.1765,890.2166,68437,82709,Rhinolophus ferrumequinum,0.022,0.022,-1,Echolocation,/mnt/ubna_data_02_mir/recover-20221013/UBNA_001/20221012_030000.WAV,Telephone Field,recover-20221013,001,1795
890.1855,890.1944,28906,39440,Eptesicus serotinus,0.007,0.022,-1,Echolocation,/mnt/ubna_data_02_mir/recover-20221013/UBNA_001/20221012_030000.WAV,Telephone Field,recover-20221013,001,1795
890.1945,890.2038,28046,36364,Eptesicus serotinus,0.009,0.022,-1,Echolocation,/mnt/ubna_data_02_mir/recover-20221013/UBNA_001/20221012_030000.WAV,Telephone Field,recover-20221013,001,1795
890.1965,890.2368,68437,81945,Rhinolophus ferrumequinum,0.023,0.023,-1,Echolocation,/mnt/ubna_data_02_mir/recover-20221013/UBNA_001/20221012_030000.WAV,Telephone Field,recover-20221013,001,1795
890.2075,890.2421,68437,80940,Rhinolophus ferrumequinum,0.023,0.023,-1,Echolocation,/mnt/ubna_data_02_mir/recover-20221013/UBNA_001/20221012_030000.WAV,Telephone Field,recover-20221013,001,1795
890.2325,890.2695,68437,82276,Rhinolophus ferrumequinum,0.03,0.03,-1,Echolocation,/mnt/ubna_data_02_mir/recover-20221013/UBNA_001/20221012_030000.WAV,Telephone Field,recover-20221013,001,1795
890.2375,890.2482,28046,35111,Eptesicus serotinus,0.01,0.023,-1,Echolocation,/mnt/ubna_data_02_mir/recover-20221013/UBNA_001/20221012_030000.WAV,Telephone Field,recover-20221013,001,1795
890.2405,890.2795,68437,82049,Rhinolophus ferrumequinum,0.024,0.024,-1,Echolocation,/mnt/ubna_data_02_mir/recover-20221013/UBNA_001/20221012_030000.WAV,Telephone Field,recover-20221013,001,1795
890.2485,890.2882,68437,81958,Rhinolophus ferrumequinum,0.023,0.023,-1,Echolocation,/mnt/ubna_data_02_mir/recover-20221013/UBNA_001/20221012_030000.WAV,Telephone Field,recover-20221013,001,1795
890.2835,890.3221,68437,82425,Rhinolophus ferrumequinum,0.056,0.056,-1,Echolocation,/mnt/ubna_data_02_mir/recover-20221013/UBNA_001/20221012_030000.WAV,Telephone Field,recover-20221013,001,1795
890.3085,890.348,68437,82313,Rhinolophus ferrumequinum,0.021,0.022,-1,Echolocation,/mnt/ubna_data_02_mir/recover-20221013/UBNA_001/20221012_030000.WAV,Telephone Field,recover-20221013,001,1795
890.3235,890.3599,68437,81815,Rhinolophus ferrumequinum,0.022,0.022,-1,Echolocation,/mnt/ubna_data_02_mir/recover-20221013/UBNA_001/20221012_030000.WAV,Telephone Field,recover-20221013,001,1795
890.3335,890.3429,37500,42709,Barbastellus barbastellus,0.014,0.035,-1,Echolocation,/mnt/ubna_data_02_mir/recover-20221013/UBNA_001/20221012_030000.WAV,Telephone Field,recover-20221013,001,1795
890.3355,890.3421,27187,41069,Eptesicus serotinus,0.006,0.024,-1,Echolocation,/mnt/ubna_data_02_mir/recover-20221013/UBNA_001/20221012_030000.WAV,Telephone Field,recover-20221013,001,1795
890.3445,890.3854,68437,82000,Rhinolophus ferrumequinum,0.023,0.023,-1,Echolocation,/mnt/ubna_data_02_mir/recover-20221013/UBNA_001/20221012_030000.WAV,Telephone Field,recover-20221013,001,1795
890.3655,890.4045,68437,81744,Rhinolophus ferrumequinum,0.032,0.032,-1,Echolocation,/mnt/ubna_data_02_mir/recover-20221013/UBNA_001/20221012_030000.WAV,Telephone Field,recover-20221013,001,1795
890.3885,890.4062,19453,23388,Nyctalus noctula,0.017,0.031,-1,Echolocation,/mnt/ubna_data_02_mir/recover-20221013/UBNA_001/20221012_030000.WAV,Telephone Field,recover-20221013,001,1795
890.4085,890.4517,68437,82993,Rhinolophus ferrumequinum,0.034,0.034,-1,Echolocation,/mnt/ubna_data_02_mir/recover-20221013/UBNA_001/20221012_030000.WAV,Telephone Field,recover-20221013,001,1795
890.4345,890.4748,68437,82372,Rhinolophus ferrumequinum,0.021,0.021,-1,Echolocation,/mnt/ubna_data_02_mir/recover-20221013/UBNA_001/20221012_030000.WAV,Telephone Field,recover-20221013,001,1795
890.4935,890.5365,68437,83027,Rhinolophus ferrumequinum,0.043,0.043,-1,Echolocation,/mnt/ubna_data_02_mir/recover-20221013/UBNA_001/20221012_030000.WAV,Telephone Field,recover-20221013,001,1795
890.5115,890.5511,68437,82185,Rhinolophus ferrumequinum,0.03,0.03,-1,Echolocation,/mnt/ubna_data_02_mir/recover-20221013/UBNA_001/20221012_030000.WAV,Telephone Field,recover-20221013,001,1795
890.5525,890.5916,68437,81630,Rhinolophus ferrumequinum,0.022,0.022,-1,Echolocation,/mnt/ubna_data_02_mir/recover-20221013/UBNA_001/20221012_030000.WAV,Telephone Field,recover-20221013,001,1795
890.5655,890.6066,68437,82374,Rhinolophus ferrumequinum,0.025,0.025,-1,Echolocation,/mnt/ubna_data_02_mir/recover-20221013/UBNA_001/20221012_030000.WAV,Telephone Field,recover-20221013,001,1795
890.5715,890.5805,28046,37562,Eptesicus serotinus,0.008,0.021,-1,Echolocation,/mnt/ubna_data_02_mir/recover-20221013/UBNA_001/20221012_030000.WAV,Telephone Field,recover-20221013,001,1795
890.5915,890.6305,68437,82401,Rhinolophus ferrumequinum,0.025,0.025,-1,Echolocation,/mnt/ubna_data_02_mir/recover-20221013/UBNA_001/20221012_030000.WAV,Telephone Field,recover-20221013,001,1795
890.5965,890.6036,27187,36552,Eptesicus serotinus,0.007,0.022,-1,Echolocation,/mnt/ubna_data_02_mir/recover-20221013/UBNA_001/20221012_030000.WAV,Telephone Field,recover-20221013,001,1795
890.6015,890.6401,68437,81743,Rhinolophus ferrumequinum,0.024,0.024,-1,Echolocation,/mnt/ubna_data_02_mir/recover-20221013/UBNA_001/20221012_030000.WAV,Telephone Field,recover-20221013,001,1795
890.6065,890.6228,44375,47251,Pipistrellus pipistrellus,0.071,0.079,-1,Echolocation,/mnt/ubna_data_02_mir/recover-20221013/UBNA_001/20221012_030000.WAV,Telephone Field,recover-20221013,001,1795
890.6105,890.6521,68437,82921,Rhinolophus ferrumequinum,0.024,0.024,-1,Echolocation,/mnt/ubna_data_02_mir/recover-20221013/UBNA_001/20221012_030000.WAV,Telephone Field,recover-20221013,001,1795
890.6175,890.6577,68437,82380,Rhinolophus ferrumequinum,0.023,0.023,-1,Echolocation,/mnt/ubna_data_02_mir/recover-20221013/UBNA_001/20221012_030000.WAV,Telephone Field,recover-20221013,001,1795
890.6385,890.6799,68437,82944,Rhinolophus ferrumequinum,0.024,0.024,-1,Echolocation,/mnt/ubna_data_02_mir/recover-20221013/UBNA_001/20221012_030000.WAV,Telephone Field,recover-20221013,001,1795
890.6415,890.6507,28906,38099,Eptesicus serotinus,0.009,0.024,-1,Echolocation,/mnt/ubna_data_02_mir/recover-20221013/UBNA_001/20221012_030000.WAV,Telephone Field,recover-20221013,001,1795
890.6715,890.7172,68437,83258,Rhinolophus ferrumequinum,0.068,0.068,-1,Echolocation,/mnt/ubna_data_02_mir/recover-20221013/UBNA_001/20221012_030000.WAV,Telephone Field,recover-20221013,001,1795
890.6885,890.7005,28906,34320,Eptesicus serotinus,0.017,0.031,-1,Echolocation,/mnt/ubna_data_02_mir/recover-20221013/UBNA_001/20221012_030000.WAV,Telephone Field,recover-20221013,001,1795
890.6945,890.7335,68437,82182,Rhinolophus ferrumequinum,0.022,0.022,-1,Echolocation,/mnt/ubna_data_02_mir/recover-20221013/UBNA_001/20221012_030000.WAV,Telephone Field,recover-20221013,001,1795
890.7045,890.7471,68437,83113,Rhinolophus ferrumequinum,0.029,0.029,-1,Echolocation,/mnt/ubna_data_02_mir/recover-20221013/UBNA_001/20221012_030000.WAV,Telephone Field,recover-20221013,001,1795
890.7625,890.8017,68437,81833,Rhinolophus ferrumequinum,0.023,0.023,-1,Echolocation,/mnt/ubna_data_02_mir/recover-20221013/UBNA_001/20221012_030000.WAV,Telephone Field,recover-20221013,001,1795
890.7764999999999,890.8132,68437,81508,Rhinolophus ferrumequinum,0.025,0.025,-1,Echolocation,/mnt/ubna_data_02_mir/recover-20221013/UBNA_001/20221012_030000.WAV,Telephone Field,recover-20221013,001,1795
890.7835,890.7912,28046,39126,Eptesicus serotinus,0.007,0.023,-1,Echolocation,/mnt/ubna_data_02_mir/recover-20221013/UBNA_001/20221012_030000.WAV,Telephone Field,recover-20221013,001,1795
890.8315,890.8703,68437,81819,Rhinolophus ferrumequinum,0.023,0.024,-1,Echolocation,/mnt/ubna_data_02_mir/recover-20221013/UBNA_001/20221012_030000.WAV,Telephone Field,recover-20221013,001,1795
890.8685,890.9084,68437,82914,Rhinolophus ferrumequinum,0.025,0.025,-1,Echolocation,/mnt/ubna_data_02_mir/recover-20221013/UBNA_001/20221012_030000.WAV,Telephone Field,recover-20221013,001,1795
890.8685,890.878,28046,36639,Eptesicus serotinus,0.013,0.027,-1,Echolocation,/mnt/ubna_data_02_mir/recover-20221013/UBNA_001/20221012_030000.WAV,Telephone Field,recover-20221013,001,1795
890.9215,890.9593,68437,81790,Rhinolophus ferrumequinum,0.022,0.022,-1,Echolocation,/mnt/ubna_data_02_mir/recover-20221013/UBNA_001/20221012_030000.WAV,Telephone Field,recover-20221013,001,1795
890.9335,890.976,68437,82417,Rhinolophus ferrumequinum,0.021,0.021,-1,Echolocation,/mnt/ubna_data_02_mir/recover-20221013/UBNA_001/20221012_030000.WAV,Telephone Field,recover-20221013,001,1795
890.9515,890.9622,22890,27526,Nyctalus leisleri,0.01,0.021,-1,Echolocation,/mnt/ubna_data_02_mir/recover-20221013/UBNA_001/20221012_030000.WAV,Telephone Field,recover-20221013,001,1795
890.9525,890.989,68437,81753,Rhinolophus ferrumequinum,0.023,0.023,-1,Echolocation,/mnt/ubna_data_02_mir/recover-20221013/UBNA_001/20221012_030000.WAV,Telephone Field,recover-20221013,001,1795
890.9735000000001,891.0148,68437,81770,Rhinolophus ferrumequinum,0.026,0.026,-1,Echolocation,/mnt/ubna_data_02_mir/recover-20221013/UBNA_001/20221012_030000.WAV,Telephone Field,recover-20221013,001,1795
890.9835,891.0228,68437,82314,Rhinolophus ferrumequinum,0.024,0.024,-1,Echolocation,/mnt/ubna_data_02_mir/recover-20221013/UBNA_001/20221012_030000.WAV,Telephone Field,recover-20221013,001,1795
891.0125,891.0228,28046,37226,Eptesicus serotinus,0.009,0.021,-1,Echolocation,/mnt/ubna_data_02_mir/recover-20221013/UBNA_001/20221012_030000.WAV,Telephone Field,recover-20221013,001,1795
891.0145,891.0531,68437,81651,Rhinolophus ferrumequinum,0.027,0.027,-1,Echolocation,/mnt/ubna_data_02_mir/recover-20221013/UBNA_001/20221012_030000.WAV,Telephone Field,recover-20221013,001,1795
891.0264999999999,891.0365,23750,29928,Nyctalus leisleri,0.009,0.023,-1,Echolocation,/mnt/ubna_data_02_mir/recover-20221013/UBNA_001/20221012_030000.WAV,Telephone Field,recover-20221013,001,1795
891.0295,891.0664,68437,81695,Rhinolophus ferrumequinum,0.026,0.026,-1,Echolocation,/mnt/ubna_data_02_mir/recover-20221013/UBNA_001/20221012_030000.WAV,Telephone Field,recover-20221013,001,1795
891.0875,891.1245,68437,82095,Rhinolophus ferrumequinum,0.022,0.022,-1,Echolocation,/mnt/ubna_data_02_mir/recover-20221013/UBNA_001/20221012_030000.WAV,Telephone Field,recover-20221013,001,1795
891.1005,891.1408,68437,82712,Rhinolophus ferrumequinum,0.03,0.03,-1,Echolocation,/mnt/ubna_data_02_mir/recover-20221013/UBNA_001/20221012_030000.WAV,Telephone Field,recover-20221013,001,1795
891.1035,891.1159,15156,20474,Nyctalus noctula,0.041,0.064,-1,Echolocation,/mnt/ubna_data_02_mir/recover-20221013/UBNA_001/20221012_030000.WAV,Telephone Field,recover-20221013,001,1795
891.1235,891.1551,68437,80376,Rhinolophus ferrumequinum,0.021,0.021,-1,Echolocation,/mnt/ubna_data_02_mir/recover-20221013/UBNA_001/20221012_030000.WAV,Telephone Field,recover-20221013,001,1795
891.1435,891.1831999999999,68437,82665,Rhinolophus ferrumequinum,0.024,0.024,-1,Echolocation,/mnt/ubna_data_02_mir/recover-20221013/UBNA_001/20221012_030000.WAV,Telephone Field,recover-20221013,001,1795
891.2155,891.2534,68437,81578,Rhinolophus ferrumequinum,0.023,0.023,-1,Echolocation,/mnt/ubna_data_02_mir/recover-20221013/UBNA_001/20221012_030000.WAV,Telephone Field,recover-20221013,001,1795
891.2245,891.2607,68437,81555,Rhinolophus ferrumequinum,0.023,0.023,-1,Echolocation,/mnt/ubna_data_02_mir/recover-20221013/UBNA_001/20221012_030000.WAV,Telephone Field,recover-20221013,001,1795
891.2405,891.2518,28906,36069,Eptesicus serotinus,0.011,0.023,-1,Echolocation,/mnt/ubna_data_02_mir/recover-20221013/UBNA_001/20221012_030000.WAV,Telephone Field,recover-20221013,001,1795
891.2695,891.279,28906,37274,Eptesicus serotinus,0.016,0.03,-1,Echolocation,/mnt/ubna_data_02_mir/recover-20221013/UBNA_001/20221012_030000.WAV,Telephone Field,recover-20221013,001,1795
891.2845,891.3268,68437,83053,Rhinolophus ferrumequinum,0.027,0.027,-1,Echolocation,/mnt/ubna_data_02_mir/recover-20221013/UBNA_001/20221012_030000.WAV,Telephone Field,recover-20221013,001,1795
891.3025,891.3455,68437,83076,Rhinolophus ferrumequinum,0.031,0.031,-1,Echolocation,/mnt/ubna_data_02_mir/recover-20221013/UBNA_001/20221012_030000.WAV,Telephone Field,recover-20221013,001,1795
891.3275,891.3677,68437,82442,Rhinolophus ferrumequinum,0.022,0.022,-1,Echolocation,/mnt/ubna_data_02_mir/recover-20221013/UBNA_001/20221012_030000.WAV,Telephone Field,recover-20221013,001,1795
891.3335,891.3455,28046,35541,Eptesicus serotinus,0.014,0.028,-1,Echolocation,/mnt/ubna_data_02_mir/recover-20221013/UBNA_001/20221012_030000.WAV,Telephone Field,recover-20221013,001,1795
891.3505,891.3879,68437,81407,Rhinolophus ferrumequinum,0.035,0.035,-1,Echolocation,/mnt/ubna_data_02_mir/recover-20221013/UBNA_001/20221012_030000.WAV,Telephone Field,recover-20221013,001,1795
891.4225,891.4613,68437,82151,Rhinolophus ferrumequinum,0.022,0.022,-1,Echolocation,/mnt/ubna_data_02_mir/recover-20221013/UBNA_001/20221012_030000.WAV,Telephone Field,recover-20221013,001,1795
891.4545,891.4911,68437,82092,Rhinolophus ferrumequinum,0.024,0.024,-1,Echolocation,/mnt/ubna_data_02_mir/recover-20221013/UBNA_001/20221012_030000.WAV,Telephone Field,recover-20221013,001,1795
891.4615,891.5016,68437,82788,Rhinolophus ferrumequinum,0.025,0.025,-1,Echolocation,/mnt/ubna_data_02_mir/recover-20221013/UBNA_001/20221012_030000.WAV,Telephone Field,recover-20221013,001,1795
891.4755,891.5156,68437,82582,Rhinolophus ferrumequinum,0.025,0.025,-1,Echolocation,/mnt/ubna_data_02_mir/recover-20221013/UBNA_001/20221012_030000.WAV,Telephone Field,recover-20221013,001,1795
891.5135,891.5535,68437,82821,Rhinolophus ferrumequinum,0.028,0.028,-1,Echolocation,/mnt/ubna_data_02_mir/recover-20221013/UBNA_001/20221012_030000.WAV,Telephone Field,recover-20221013,001,1795
891.5315,891.5689,68437,81412,Rhinolophus ferrumequinum,0.022,0.022,-1,Echolocation,/mnt/ubna_data_02_mir/recover-20221013/UBNA_001/20221012_030000.WAV,Telephone Field,recover-20221013,001,1795
891.5655,891.6026,68437,81518,Rhinolophus ferrumequinum,0.023,0.023,-1,Echolocation,/mnt/ubna_data_02_mir/recover-20221013/UBNA_001/20221012_030000.WAV,Telephone Field,recover-20221013,001,1795
891.6085,891.6468,68437,81775,Rhinolophus ferrumequinum,0.022,0.022,-1,Echolocation,/mnt/ubna_data_02_mir/recover-20221013/UBNA_001/20221012_030000.WAV,Telephone Field,recover-20221013,001,1795
891.6085,891.6163,43515,49104,Pipistrellus pipistrellus,0.02,0.023,-1,Echolocation,/mnt/ubna_data_02_mir/recover-20221013/UBNA_001/20221012_030000.WAV,Telephone Field,recover-20221013,001,1795
891.6555,891.6641,23750,32030,Plecotus austriacus,0.006,0.021,-1,Echolocation,/mnt/ubna_data_02_mir/recover-20221013/UBNA_001/20221012_030000.WAV,Telephone Field,recover-20221013,001,1795
891.6875,891.7362,68437,83464,Rhinolophus ferrumequinum,0.094,0.094,-1,Echolocation,/mnt/ubna_data_02_mir/recover-20221013/UBNA_001/20221012_030000.WAV,Telephone Field,recover-20221013,001,1795
891.7395,891.7787,68437,81891,Rhinolophus ferrumequinum,0.038,0.038,-1,Echolocation,/mnt/ubna_data_02_mir/recover-20221013/UBNA_001/20221012_030000.WAV,Telephone Field,recover-20221013,001,1795
891.7795,891.8222,68437,82626,Rhinolophus ferrumequinum,0.03,0.03,-1,Echolocation,/mnt/ubna_data_02_mir/recover-20221013/UBNA_001/20221012_030000.WAV,Telephone Field,recover-20221013,001,1795
891.7865,891.8279,68437,82970,Rhinolophus ferrumequinum,0.025,0.025,-1,Echolocation,/mnt/ubna_data_02_mir/recover-20221013/UBNA_001/20221012_030000.WAV,Telephone Field,recover-20221013,001,1795
891.8015,891.8403,68437,81988,Rhinolophus ferrumequinum,0.022,0.022,-1,Echolocation,/mnt/ubna_data_02_mir/recover-20221013/UBNA_001/20221012_030000.WAV,Telephone Field,recover-20221013,001,1795
891.8045,891.8124,28046,37955,Eptesicus serotinus,0.009,0.026,-1,Echolocation,/mnt/ubna_data_02_mir/recover-20221013/UBNA_001/20221012_030000.WAV,Telephone Field,recover-20221013,001,1795
891.8215,891.8621,68437,82978,Rhinolophus ferrumequinum,0.026,0.026,-1,Echolocation,/mnt/ubna_data_02_mir/recover-20221013/UBNA_001/20221012_030000.WAV,Telephone Field,recover-20221013,001,1795
891.8305,891.8385,26328,35739,Eptesicus serotinus,0.019,0.045,-1,Echolocation,/mnt/ubna_data_02_mir/recover-20221013/UBNA_001/20221012_030000.WAV,Telephone Field,recover-20221013,001,1795
891.8455,891.8877,68437,82930,Rhinolophus ferrumequinum,0.028,0.028,-1,Echolocation,/mnt/ubna_data_02_mir/recover-20221013/UBNA_001/20221012_030000.WAV,Telephone Field,recover-20221013,001,1795
891.8865,891.9313,68437,83618,Rhinolophus ferrumequinum,0.038,0.038,-1,Echolocation,/mnt/ubna_data_02_mir/recover-20221013/UBNA_001/20221012_030000.WAV,Telephone Field,recover-20221013,001,1795
891.9095,891.9568,68437,83754,Rhinolophus ferrumequinum,0.052,0.052,-1,Echolocation,/mnt/ubna_data_02_mir/recover-20221013/UBNA_001/20221012_030000.WAV,Telephone Field,recover-20221013,001,1795
891.9115,891.9207,24609,32122,Eptesicus serotinus,0.008,0.021,-1,Echolocation,/mnt/ubna_data_02_mir/recover-20221013/UBNA_001/20221012_030000.WAV,Telephone Field,recover-20221013,001,1795
891.9455,891.9864,68437,82731,Rhinolophus ferrumequinum,0.023,0.023,-1,Echolocation,/mnt/ubna_data_02_mir/recover-20221013/UBNA_001/20221012_030000.WAV,Telephone Field,recover-20221013,001,1795
891.9645,891.9739,54687,59014,Pipistrellus pygmaeus,0.022,0.024,-1,Echolocation,/mnt/ubna_data_02_mir/recover-20221013/UBNA_001/20221012_030000.WAV,Telephone Field,recover-20221013,001,1795
892.0015,892.0101,25468,32923,Nyctalus leisleri,0.008,0.023,-1,Echolocation,/mnt/ubna_data_02_mir/recover-20221013/UBNA_001/20221012_030000.WAV,Telephone Field,recover-20221013,001,1795
892.0015,892.035,68437,79869,Rhinolophus ferrumequinum,0.036,0.036,-1,Echolocation,/mnt/ubna_data_02_mir/recover-20221013/UBNA_001/20221012_030000.WAV,Telephone Field,recover-20221013,001,1795
892.0115,892.0557,68437,83141,Rhinolophus ferrumequinum,0.031,0.031,-1,Echolocation,/mnt/ubna_data_02_mir/recover-20221013/UBNA_001/20221012_030000.WAV,Telephone Field,recover-20221013,001,1795
892.0435,892.0848,68437,82637,Rhinolophus ferrumequinum,0.029,0.029,-1,Echolocation,/mnt/ubna_data_02_mir/recover-20221013/UBNA_001/20221012_030000.WAV,Telephone Field,recover-20221013,001,1795
892.0715,892.1087,68437,82204,Rhinolophus ferrumequinum,0.022,0.022,-1,Echolocation,/mnt/ubna_data_02_mir/recover-20221013/UBNA_001/20221012_030000.WAV,Telephone Field,recover-20221013,001,1795
892.0835,892.1214,68437,81399,Rhinolophus ferrumequinum,0.023,0.023,-1,Echolocation,/mnt/ubna_data_02_mir/recover-20221013/UBNA_001/20221012_030000.WAV,Telephone Field,recover-20221013,001,1795
892.1265,892.169,68437,82772,Rhinolophus ferrumequinum,0.023,0.023,-1,Echolocation,/mnt/ubna_data_02_mir/recover-20221013/UBNA_001/20221012_030000.WAV,Telephone Field,recover-20221013,001,1795
892.1355,892.1434,23750,32555,Plecotus austriacus,0.012,0.027,-1,Echolocation,/mnt/ubna_data_02_mir/recover-20221013/UBNA_001/20221012_030000.WAV,Telephone Field,recover-20221013,001,1795
892.1585,892.197,68437,81884,Rhinolophus ferrumequinum,0.023,0.023,-1,Echolocation,/mnt/ubna_data_02_mir/recover-20221013/UBNA_001/20221012_030000.WAV,Telephone Field,recover-20221013,001,1795
892.1675,892.1739,28046,39483,Eptesicus serotinus,0.006,0.021,-1,Echolocation,/mnt/ubna_data_02_mir/recover-20221013/UBNA_001/20221012_030000.WAV,Telephone Field,recover-20221013,001,1795
892.1975,892.2101,15156,21024,Nyctalus noctula,0.014,0.022,-1,Echolocation,/mnt/ubna_data_02_mir/recover-20221013/UBNA_001/20221012_030000.WAV,Telephone Field,recover-20221013,001,1795
892.2915,892.2996,28046,36524,Eptesicus serotinus,0.016,0.035,-1,Echolocation,/mnt/ubna_data_02_mir/recover-20221013/UBNA_001/20221012_030000.WAV,Telephone Field,recover-20221013,001,1795
892.2965,892.3056,46953,55340,Pipistrellus pipistrellus,0.021,0.026,-1,Echolocation,/mnt/ubna_data_02_mir/recover-20221013/UBNA_001/20221012_030000.WAV,Telephone Field,recover-20221013,001,1795
892.3425,892.3808,68437,81439,Rhinolophus ferrumequinum,0.031,0.031,-1,Echolocation,/mnt/ubna_data_02_mir/recover-20221013/UBNA_001/20221012_030000.WAV,Telephone Field,recover-20221013,001,1795
892.3435,892.3619,16875,22218,Nyctalus noctula,0.017,0.023,-1,Echolocation,/mnt/ubna_data_02_mir/recover-20221013/UBNA_001/20221012_030000.WAV,Telephone Field,recover-20221013,001,1795
892.3615,892.4008,68437,82303,Rhinolophus ferrumequinum,0.022,0.022,-1,Echolocation,/mnt/ubna_data_02_mir/recover-20221013/UBNA_001/20221012_030000.WAV,Telephone Field,recover-20221013,001,1795
892.3865,892.4271,68437,83142,Rhinolophus ferrumequinum,0.025,0.025,-1,Echolocation,/mnt/ubna_data_02_mir/recover-20221013/UBNA_001/20221012_030000.WAV,Telephone Field,recover-20221013,001,1795
892.3985,892.4083,24609,32312,Nyctalus leisleri,0.01,0.032,-1,Echolocation,/mnt/ubna_data_02_mir/recover-20221013/UBNA_001/20221012_030000.WAV,Telephone Field,recover-20221013,001,1795
892.4125,892.4489,68437,82024,Rhinolophus ferrumequinum,0.023,0.023,-1,Echolocation,/mnt/ubna_data_02_mir/recover-20221013/UBNA_001/20221012_030000.WAV,Telephone Field,recover-20221013,001,1795
892.4295,892.4373,27187,38955,Eptesicus serotinus,0.007,0.021,-1,Echolocation,/mnt/ubna_data_02_mir/recover-20221013/UBNA_001/20221012_030000.WAV,Telephone Field,recover-20221013,001,1795
892.4425,892.4502,28046,37463,Eptesicus serotinus,0.007,0.022,-1,Echolocation,/mnt/ubna_data_02_mir/recover-20221013/UBNA_001/20221012_030000.WAV,Telephone Field,recover-20221013,001,1795
892.4915,892.5015,28906,36796,Eptesicus serotinus,0.011,0.025,-1,Echolocation,/mnt/ubna_data_02_mir/recover-20221013/UBNA_001/20221012_030000.WAV,Telephone Field,recover-20221013,001,1795
892.5075,892.552,68437,83668,Rhinolophus ferrumequinum,0.101,0.101,-1,Echolocation,/mnt/ubna_data_02_mir/recover-20221013/UBNA_001/20221012_030000.WAV,Telephone Field,recover-20221013,001,1795
892.5305,892.5417,22890,28784,Nyctalus leisleri,0.015,0.037,-1,Echolocation,/mnt/ubna_data_02_mir/recover-20221013/UBNA_001/20221012_030000.WAV,Telephone Field,recover-20221013,001,1795
892.5495,892.5867,68437,82223,Rhinolophus ferrumequinum,0.023,0.023,-1,Echolocation,/mnt/ubna_data_02_mir/recover-20221013/UBNA_001/20221012_030000.WAV,Telephone Field,recover-20221013,001,1795
892.5695,892.5844,23750,28480,Nyctalus leisleri,0.017,0.034,-1,Echolocation,/mnt/ubna_data_02_mir/recover-20221013/UBNA_001/20221012_030000.WAV,Telephone Field,recover-20221013,001,1795
892.5915,892.5996,50390,55813,Pipistrellus pipistrellus,0.02,0.024,-1,Echolocation,/mnt/ubna_data_02_mir/recover-20221013/UBNA_001/20221012_030000.WAV,Telephone Field,recover-20221013,001,1795
892.6145,892.6536,68437,82453,Rhinolophus ferrumequinum,0.025,0.025,-1,Echolocation,/mnt/ubna_data_02_mir/recover-20221013/UBNA_001/20221012_030000.WAV,Telephone Field,recover-20221013,001,1795
892.6485,892.6859,68437,82071,Rhinolophus ferrumequinum,0.022,0.022,-1,Echolocation,/mnt/ubna_data_02_mir/recover-20221013/UBNA_001/20221012_030000.WAV,Telephone Field,recover-20221013,001,1795
892.6685,892.6805,25468,32447,Eptesicus serotinus,0.015,0.032,-1,Echolocation,/mnt/ubna_data_02_mir/recover-20221013/UBNA_001/20221012_030000.WAV,Telephone Field,recover-20221013,001,1795
892.6745,892.7133,68437,81684,Rhinolophus ferrumequinum,0.021,0.022,-1,Echolocation,/mnt/ubna_data_02_mir/recover-20221013/UBNA_001/20221012_030000.WAV,Telephone Field,recover-20221013,001,1795
892.6965,892.7027,26328,38095,Plecotus austriacus,0.008,0.028,-1,Echolocation,/mnt/ubna_data_02_mir/recover-20221013/UBNA_001/20221012_030000.WAV,Telephone Field,recover-20221013,001,1795
892.6975,892.7332,68437,81330,Rhinolophus ferrumequinum,0.021,0.021,-1,Echolocation,/mnt/ubna_data_02_mir/recover-20221013/UBNA_001/20221012_030000.WAV,Telephone Field,recover-20221013,001,1795
892.7465,892.7541,28046,39834,Eptesicus serotinus,0.008,0.024,-1,Echolocation,/mnt/ubna_data_02_mir/recover-20221013/UBNA_001/20221012_030000.WAV,Telephone Field,recover-20221013,001,1795
892.7515,892.7911,68437,83081,Rhinolophus ferrumequinum,0.026,0.026,-1,Echolocation,/mnt/ubna_data_02_mir/recover-20221013/UBNA_001/20221012_030000.WAV,Telephone Field,recover-20221013,001,1795
892.7895,892.7966,27187,38160,Eptesicus serotinus,0.006,0.022,-1,Echolocation,/mnt/ubna_data_02_mir/recover-20221013/UBNA_001/20221012_030000.WAV,Telephone Field,recover-20221013,001,1795
892.7965,892.8337,68437,81855,Rhinolophus ferrumequinum,0.022,0.022,-1,Echolocation,/mnt/ubna_data_02_mir/recover-20221013/UBNA_001/20221012_030000.WAV,Telephone Field,recover-20221013,001,1795
892.8125,892.8505,68437,82702,Rhinolophus ferrumequinum,0.023,0.023,-1,Echolocation,/mnt/ubna_data_02_mir/recover-20221013/UBNA_001/20221012_030000.WAV,Telephone Field,recover-20221013,001,1795
892.8315,892.8453,22890,27687,Nyctalus leisleri,0.013,0.025,-1,Echolocation,/mnt/ubna_data_02_mir/recover-20221013/UBNA_001/20221012_030000.WAV,Telephone Field,recover-20221013,001,1795
892.8385,892.8742,68437,81729,Rhinolophus ferrumequinum,0.024,0.024,-1,Echolocation,/mnt/ubna_data_02_mir/recover-20221013/UBNA_001/20221012_030000.WAV,Telephone Field,recover-20221013,001,1795
892.8395,892.8498,27187,34728,Eptesicus serotinus,0.013,0.027,-1,Echolocation,/mnt/ubna_data_02_mir/recover-20221013/UBNA_001/20221012_030000.WAV,Telephone Field,recover-20221013,001,1795
892.8515,892.8593,28046,43351,Eptesicus serotinus,0.008,0.024,-1,Echolocation,/mnt/ubna_data_02_mir/recover-20221013/UBNA_001/20221012_030000.WAV,Telephone Field,recover-20221013,001,1795
892.8625,892.8989,68437,81840,Rhinolophus ferrumequinum,0.023,0.023,-1,Echolocation,/mnt/ubna_data_02_mir/recover-20221013/UBNA_001/20221012_030000.WAV,Telephone Field,recover-20221013,001,1795
892.8755,892.9128,68437,81895,Rhinolophus ferrumequinum,0.023,0.023,-1,Echolocation,/mnt/ubna_data_02_mir/recover-20221013/UBNA_001/20221012_030000.WAV,Telephone Field,recover-20221013,001,1795
892.9065,892.9458,68437,81903,Rhinolophus ferrumequinum,0.024,0.024,-1,Echolocation,/mnt/ubna_data_02_mir/recover-20221013/UBNA_001/20221012_030000.WAV,Telephone Field,recover-20221013,001,1795
892.9275,892.9669,68437,82979,Rhinolophus ferrumequinum,0.03,0.03,-1,Echolocation,/mnt/ubna_data_02_mir/recover-20221013/UBNA_001/20221012_030000.WAV,Telephone Field,recover-20221013,001,1795
892.9525,892.9895,68437,82314,Rhinolophus ferrumequinum,0.025,0.025,-1,Echolocation,/mnt/ubna_data_02_mir/recover-20221013/UBNA_001/20221012_030000.WAV,Telephone Field,recover-20221013,001,1795
892.9755,893.0147,68437,82075,Rhinolophus ferrumequinum,0.022,0.022,-1,Echolocation,/mnt/ubna_data_02_mir/recover-20221013/UBNA_001/20221012_030000.WAV,Telephone Field,recover-20221013,001,1795
893.0105,893.0468,68437,81370,Rhinolophus ferrumequinum,0.023,0.023,-1,Echolocation,/mnt/ubna_data_02_mir/recover-20221013/UBNA_001/20221012_030000.WAV,Telephone Field,recover-20221013,001,1795
893.0395,893.0506,36640,42759,Pipistrellus nathusii,0.011,0.024,-1,Echolocation,/mnt/ubna_data_02_mir/recover-20221013/UBNA_001/20221012_030000.WAV,Telephone Field,recover-20221013,001,1795
893.0515,893.0873,68437,81512,Rhinolophus ferrumequinum,0.025,0.025,-1,Echolocation,/mnt/ubna_data_02_mir/recover-20221013/UBNA_001/20221012_030000.WAV,Telephone Field,recover-20221013,001,1795
893.0645,893.0744,24609,30810,Nyctalus leisleri,0.01,0.027,-1,Echolocation,/mnt/ubna_data_02_mir/recover-20221013/UBNA_001/20221012_030000.WAV,Telephone Field,recover-20221013,001,1795
893.0645,893.1024,68437,82448,Rhinolophus ferrumequinum,0.024,0.024,-1,Echolocation,/mnt/ubna_data_02_mir/recover-20221013/UBNA_001/20221012_030000.WAV,Telephone Field,recover-20221013,001,1795
893.0935,893.1356,68437,82722,Rhinolophus ferrumequinum,0.05,0.05,-1,Echolocation,/mnt/ubna_data_02_mir/recover-20221013/UBNA_001/20221012_030000.WAV,Telephone Field,recover-20221013,001,1795
893.1355,893.1779,68437,82883,Rhinolophus ferrumequinum,0.043,0.043,-1,Echolocation,/mnt/ubna_data_02_mir/recover-20221013/UBNA_001/20221012_030000.WAV,Telephone Field,recover-20221013,001,1795
893.1415,893.1514999999999,28046,37221,Eptesicus serotinus,0.01,0.023,-1,Echolocation,/mnt/ubna_data_02_mir/recover-20221013/UBNA_001/20221012_030000.WAV,Telephone Field,recover-20221013,001,1795
893.1695,893.2101,68437,83148,Rhinolophus ferrumequinum,0.029,0.029,-1,Echolocation,/mnt/ubna_data_02_mir/recover-20221013/UBNA_001/20221012_030000.WAV,Telephone Field,recover-20221013,001,1795
893.1705,893.1773,27187,37828,Eptesicus serotinus,0.007,0.026,-1,Echolocation,/mnt/ubna_data_02_mir/recover-20221013/UBNA_001/20221012_030000.WAV,Telephone Field,recover-20221013,001,1795
893.2025,893.241,68437,82461,Rhinolophus ferrumequinum,0.028,0.028,-1,Echolocation,/mnt/ubna_data_02_mir/recover-20221013/UBNA_001/20221012_030000.WAV,Telephone Field,recover-20221013,001,1795
893.2585,893.2942,68437,81329,Rhinolophus ferrumequinum,0.023,0.023,-1,Echolocation,/mnt/ubna_data_02_mir/recover-20221013/UBNA_001/20221012_030000.WAV,Telephone Field,recover-20221013,001,1795
893.2825,893.322,68437,82464,Rhinolophus ferrumequinum,0.028,0.028,-1,Echolocation,/mnt/ubna_data_02_mir/recover-20221013/UBNA_001/20221012_030000.WAV,Telephone Field,recover-20221013,001,1795
893.3055,893.3139,28046,36475,Eptesicus serotinus,0.008,0.021,-1,Echolocation,/mnt/ubna_data_02_mir/recover-20221013/UBNA_001/20221012_030000.WAV,Telephone Field,recover-20221013,001,1795
893.3445,893.353,28906,40031,Eptesicus serotinus,0.009,0.027,-1,Echolocation,/mnt/ubna_data_02_mir/recover-20221013/UBNA_001/20221012_030000.WAV,Telephone Field,recover-20221013,001,1795
893.3775,893.4135,68437,81694,Rhinolophus ferrumequinum,0.023,0.023,-1,Echolocation,/mnt/ubna_data_02_mir/recover-20221013/UBNA_001/20221012_030000.WAV,Telephone Field,recover-20221013,001,1795
893.3835,893.3906,24609,33429,Plecotus austriacus,0.008,0.022,-1,Echolocation,/mnt/ubna_data_02_mir/recover-20221013/UBNA_001/20221012_030000.WAV,Telephone Field,recover-20221013,001,1795
893.4005,893.4392,68437,82378,Rhinolophus ferrumequinum,0.022,0.022,-1,Echolocation,/mnt/ubna_data_02_mir/recover-20221013/UBNA_001/20221012_030000.WAV,Telephone Field,recover-20221013,001,1795
893.4165,893.4289,23750,30055,Eptesicus serotinus,0.055,0.157,-1,Echolocation,/mnt/ubna_data_02_mir/recover-20221013/UBNA_001/20221012_030000.WAV,Telephone Field,recover-20221013,001,1795
893.4285,893.4684,68437,82888,Rhinolophus ferrumequinum,0.022,0.022,-1,Echolocation,/mnt/ubna_data_02_mir/recover-20221013/UBNA_001/20221012_030000.WAV,Telephone Field,recover-20221013,001,1795
893.4355,893.4735000000001,68437,82433,Rhinolophus ferrumequinum,0.023,0.023,-1,Echolocation,/mnt/ubna_data_02_mir/recover-20221013/UBNA_001/20221012_030000.WAV,Telephone Field,recover-20221013,001,1795
893.4575,893.4981,68437,81814,Rhinolophus ferrumequinum,0.023,0.023,-1,Echolocation,/mnt/ubna_data_02_mir/recover-20221013/UBNA_001/20221012_030000.WAV,Telephone Field,recover-20221013,001,1795
893.4635,893.4724,28046,36718,Eptesicus serotinus,0.008,0.022,-1,Echolocation,/mnt/ubna_data_02_mir/recover-20221013/UBNA_001/20221012_030000.WAV,Telephone Field,recover-20221013,001,1795
893.4755,893.4843,27187,35632,Eptesicus serotinus,0.008,0.021,-1,Echolocation,/mnt/ubna_data_02_mir/recover-20221013/UBNA_001/20221012_030000.WAV,Telephone Field,recover-20221013,001,1795
893.5205,893.5575,68437,81684,Rhinolophus ferrumequinum,0.024,0.024,-1,Echolocation,/mnt/ubna_data_02_mir/recover-20221013/UBNA_001/20221012_030000.WAV,Telephone Field,recover-20221013,001,1795
893.5245,893.5323,28046,40719,Eptesicus serotinus,0.007,0.021,-1,Echolocation,/mnt/ubna_data_02_mir/recover-20221013/UBNA_001/20221012_030000.WAV,Telephone Field,recover-20221013,001,1795
893.5415,893.5508,22890,30009,Plecotus austriacus,0.011,0.03,-1,Echolocation,/mnt/ubna_data_02_mir/recover-20221013/UBNA_001/20221012_030000.WAV,Telephone Field,recover-20221013,001,1795
893.5525,893.5601,49531,57917,Pipistrellus pipistrellus,0.019,0.024,-1,Echolocation,/mnt/ubna_data_02_mir/recover-20221013/UBNA_001/20221012_030000.WAV,Telephone Field,recover-20221013,001,1795
893.5725,893.6124,68437,82241,Rhinolophus ferrumequinum,0.023,0.023,-1,Echolocation,/mnt/ubna_data_02_mir/recover-20221013/UBNA_001/20221012_030000.WAV,Telephone Field,recover-20221013,001,1795
893.5785,893.5855,28046,41276,Eptesicus serotinus,0.008,0.03,-1,Echolocation,/mnt/ubna_data_02_mir/recover-20221013/UBNA_001/20221012_030000.WAV,Telephone Field,recover-20221013,001,1795
893.6105,893.6187,28046,38294,Eptesicus serotinus,0.008,0.024,-1,Echolocation,/mnt/ubna_data_02_mir/recover-20221013/UBNA_001/20221012_030000.WAV,Telephone Field,recover-20221013,001,1795
893.6115,893.6491,68437,82439,Rhinolophus ferrumequinum,0.023,0.023,-1,Echolocation,/mnt/ubna_data_02_mir/recover-20221013/UBNA_001/20221012_030000.WAV,Telephone Field,recover-20221013,001,1795
893.6155,893.6257,28046,36010,Eptesicus serotinus,0.012,0.025,-1,Echolocation,/mnt/ubna_data_02_mir/recover-20221013/UBNA_001/20221012_030000.WAV,Telephone Field,recover-20221013,001,1795
893.6305,893.6627,68437,80564,Rhinolophus ferrumequinum,0.022,0.022,-1,Echolocation,/mnt/ubna_data_02_mir/recover-20221013/UBNA_001/20221012_030000.WAV,Telephone Field,recover-20221013,001,1795
893.6485,893.6834,68437,81888,Rhinolophus ferrumequinum,0.024,0.024,-1,Echolocation,/mnt/ubna_data_02_mir/recover-20221013/UBNA_001/20221012_030000.WAV,Telephone Field,recover-20221013,001,1795
893.6595,893.6976,68437,81977,Rhinolophus ferrumequinum,0.028,0.028,-1,Echolocation,/mnt/ubna_data_02_mir/recover-20221013/UBNA_001/20221012_030000.WAV,Telephone Field,recover-20221013,001,1795
893.6605,893.6704,22031,27545,Nyctalus leisleri,0.008,0.022,-1,Echolocation,/mnt/ubna_data_02_mir/recover-20221013/UBNA_001/20221012_030000.WAV,Telephone Field,recover-20221013,001,1795
893.6835,893.7234,68437,82117,Rhinolophus ferrumequinum,0.032,0.032,-1,Echolocation,/mnt/ubna_data_02_mir/recover-20221013/UBNA_001/20221012_030000.WAV,Telephone Field,recover-20221013,001,1795
893.7155,893.7236,28906,39842,Eptesicus serotinus,0.008,0.022,-1,Echolocation,/mnt/ubna_data_02_mir/recover-20221013/UBNA_001/20221012_030000.WAV,Telephone Field,recover-20221013,001,1795
893.7455,893.7842,68437,82574,Rhinolophus ferrumequinum,0.023,0.023,-1,Echolocation,/mnt/ubna_data_02_mir/recover-20221013/UBNA_001/20221012_030000.WAV,Telephone Field,recover-20221013,001,1795
893.7775,893.8183,68437,82409,Rhinolophus ferrumequinum,0.023,0.023,-1,Echolocation,/mnt/ubna_data_02_mir/recover-20221013/UBNA_001/20221012_030000.WAV,Telephone Field,recover-20221013,001,1795
893.8235,893.8616,68437,82620,Rhinolophus ferrumequinum,0.023,0.023,-1,Echolocation,/mnt/ubna_data_02_mir/recover-20221013/UBNA_001/20221012_030000.WAV,Telephone Field,recover-20221013,001,1795
893.8465,893.8882,68437,83195,Rhinolophus ferrumequinum,0.025,0.025,-1,Echolocation,/mnt/ubna_data_02_mir/recover-20221013/UBNA_001/20221012_030000.WAV,Telephone Field,recover-20221013,001,1795
893.8475,893.8564,28046,40657,Eptesicus serotinus,0.01,0.027,-1,Echolocation,/mnt/ubna_data_02_mir/recover-20221013/UBNA_001/20221012_030000.WAV,Telephone Field,recover-20221013,001,1795
893.8695,893.8794,22031,27444,Nyctalus leisleri,0.011,0.03,-1,Echolocation,/mnt/ubna_data_02_mir/recover-20221013/UBNA_001/20221012_030000.WAV,Telephone Field,recover-20221013,001,1795
893.8785,893.9005,17734,20481,Nyctalus noctula,0.02,0.033,-1,Echolocation,/mnt/ubna_data_02_mir/recover-20221013/UBNA_001/20221012_030000.WAV,Telephone Field,recover-20221013,001,1795
893.8805,893.9172,68437,81942,Rhinolophus ferrumequinum,0.023,0.023,-1,Echolocation,/mnt/ubna_data_02_mir/recover-20221013/UBNA_001/20221012_030000.WAV,Telephone Field,recover-20221013,001,1795
893.9145,893.9265,22031,28205,Nyctalus noctula,0.044,0.119,-1,Echolocation,/mnt/ubna_data_02_mir/recover-20221013/UBNA_001/20221012_030000.WAV,Telephone Field,recover-20221013,001,1795
893.9395,893.978,68437,81996,Rhinolophus ferrumequinum,0.024,0.024,-1,Echolocation,/mnt/ubna_data_02_mir/recover-20221013/UBNA_001/20221012_030000.WAV,Telephone Field,recover-20221013,001,1795
894.0015,894.0107,22031,29050,Nyctalus leisleri,0.009,0.029,-1,Echolocation,/mnt/ubna_data_02_mir/recover-20221013/UBNA_001/20221012_030000.WAV,Telephone Field,recover-20221013,001,1795
894.0015,894.0096,26328,37037,Nyctalus leisleri,0.006,0.028,-1,Echolocation,/mnt/ubna_data_02_mir/recover-20221013/UBNA_001/20221012_030000.WAV,Telephone Field,recover-20221013,001,1795
894.0015,894.0362,69296,81740,Rhinolophus ferrumequinum,0.042,0.042,-1,Echolocation,/mnt/ubna_data_02_mir/recover-20221013/UBNA_001/20221012_030000.WAV,Telephone Field,recover-20221013,001,1795
894.0165,894.0554,68437,82684,Rhinolophus ferrumequinum,0.022,0.022,-1,Echolocation,/mnt/ubna_data_02_mir/recover-20221013/UBNA_001/20221012_030000.WAV,Telephone Field,recover-20221013,001,1795
894.0515,894.0605,28906,37583,Eptesicus serotinus,0.008,0.023,-1,Echolocation,/mnt/ubna_data_02_mir/recover-20221013/UBNA_001/20221012_030000.WAV,Telephone Field,recover-20221013,001,1795
894.0555,894.09,68437,80045,Rhinolophus ferrumequinum,0.021,0.021,-1,Echolocation,/mnt/ubna_data_02_mir/recover-20221013/UBNA_001/20221012_030000.WAV,Telephone Field,recover-20221013,001,1795
894.0685,894.0757,27187,43017,Eptesicus serotinus,0.009,0.026,-1,Echolocation,/mnt/ubna_data_02_mir/recover-20221013/UBNA_001/20221012_030000.WAV,Telephone Field,recover-20221013,001,1795
894.0845,894.1194,68437,81169,Rhinolophus ferrumequinum,0.022,0.022,-1,Echolocation,/mnt/ubna_data_02_mir/recover-20221013/UBNA_001/20221012_030000.WAV,Telephone Field,recover-20221013,001,1795
894.0895,894.0963,28046,41675,Eptesicus serotinus,0.006,0.021,-1,Echolocation,/mnt/ubna_data_02_mir/recover-20221013/UBNA_001/20221012_030000.WAV,Telephone Field,recover-20221013,001,1795
894.1055,894.1393,68437,81272,Rhinolophus ferrumequinum,0.021,0.021,-1,Echolocation,/mnt/ubna_data_02_mir/recover-20221013/UBNA_001/20221012_030000.WAV,Telephone Field,recover-20221013,001,1795
894.1365,894.1784,68437,83300,Rhinolophus ferrumequinum,0.037,0.037,-1,Echolocation,/mnt/ubna_data_02_mir/recover-20221013/UBNA_001/20221012_030000.WAV,Telephone Field,recover-20221013,001,1795
894.1514999999999,894.1589,34921,42460,Myotis daubentonii,0.008,0.022,-1,Echolocation,/mnt/ubna_data_02_mir/recover-20221013/UBNA_001/20221012_030000.WAV,Telephone Field,recover-20221013,001,1795
894.1525,894.1592,26328,40073,Eptesicus serotinus,0.005,0.022,-1,Echolocation,/mnt/ubna_data_02_mir/recover-20221013/UBNA_001/20221012_030000.WAV,Telephone Field,recover-20221013,001,1795
894.1655,894.173,25468,34226,Eptesicus serotinus,0.006,0.021,-1,Echolocation,/mnt/ubna_data_02_mir/recover-20221013/UBNA_001/20221012_030000.WAV,Telephone Field,recover-20221013,001,1795
894.1775,894.2217,68437,83026,Rhinolophus ferrumequinum,0.027,0.027,-1,Echolocation,/mnt/ubna_data_02_mir/recover-20221013/UBNA_001/20221012_030000.WAV,Telephone Field,recover-20221013,001,1795
894.1835,894.1965,22031,25249,Nyctalus leisleri,0.024,0.035,-1,Echolocation,/mnt/ubna_data_02_mir/recover-20221013/UBNA_001/20221012_030000.WAV,Telephone Field,recover-20221013,001,1795
894.2275,894.2665,68437,83008,Rhinolophus ferrumequinum,0.023,0.023,-1,Echolocation,/mnt/ubna_data_02_mir/recover-20221013/UBNA_001/20221012_030000.WAV,Telephone Field,recover-20221013,001,1795
894.2435,894.2798,68437,81424,Rhinolophus ferrumequinum,0.021,0.022,-1,Echolocation,/mnt/ubna_data_02_mir/recover-20221013/UBNA_001/20221012_030000.WAV,Telephone Field,recover-20221013,001,1795
894.2465,894.254,27187,40617,Eptesicus serotinus,0.009,0.03,-1,Echolocation,/mnt/ubna_data_02_mir/recover-20221013/UBNA_001/20221012_030000.WAV,Telephone Field,recover-20221013,001,1795
894.2595,894.2935,68437,81044,Rhinolophus ferrumequinum,0.023,0.023,-1,Echolocation,/mnt/ubna_data_02_mir/recover-20221013/UBNA_001/20221012_030000.WAV,Telephone Field,recover-20221013,001,1795
894.2835,894.3215,68437,82606,Rhinolophus ferrumequinum,0.026,0.026,-1,Echolocation,/mnt/ubna_data_02_mir/recover-20221013/UBNA_001/20221012_030000.WAV,Telephone Field,recover-20221013,001,1795
894.2945,894.3306,68437,81786,Rhinolophus ferrumequinum,0.024,0.024,-1,Echolocation,/mnt/ubna_data_02_mir/recover-20221013/UBNA_001/20221012_030000.WAV,Telephone Field,recover-20221013,001,1795
894.3315,894.3625,68437,80505,Rhinolophus ferrumequinum,0.021,0.021,-1,Echolocation,/mnt/ubna_data_02_mir/recover-20221013/UBNA_001/20221012_030000.WAV,Telephone Field,recover-20221013,001,1795
894.3425,894.3817,68437,82574,Rhinolophus ferrumequinum,0.026,0.026,-1,Echolocation,/mnt/ubna_data_02_mir/recover-20221013/UBNA_001/20221012_030000.WAV,Telephone Field,recover-20221013,001,1795
894.3615,894.3694,28906,38114,Eptesicus serotinus,0.008,0.023,-1,Echolocation,/mnt/ubna_data_02_mir/recover-20221013/UBNA_001/20221012_030000.WAV,Telephone Field,recover-20221013,001,1795
894.3625,894.4032,68437,82666,Rhinolophus ferrumequinum,0.024,0.024,-1,Echolocation,/mnt/ubna_data_02_mir/recover-20221013/UBNA_001/20221012_030000.WAV,Telephone Field,recover-20221013,001,1795
894.3845,894.4268,68437,83112,Rhinolophus ferrumequinum,0.024,0.024,-1,Echolocation,/mnt/ubna_data_02_mir/recover-20221013/UBNA_001/20221012_030000.WAV,Telephone Field,recover-20221013,001,1795
894.4165,894.4242,22031,29847,Plecotus austriacus,0.016,0.028,-1,Echolocation,/mnt/ubna_data_02_mir/recover-20221013/UBNA_001/20221012_030000.WAV,Telephone Field,recover-20221013,001,1795
894.4265,894.4633,68437,81741,Rhinolophus ferrumequinum,0.023,0.023,-1,Echolocation,/mnt/ubna_data_02_mir/recover-20221013/UBNA_001/20221012_030000.WAV,Telephone Field,recover-20221013,001,1795
894.4475,894.4847,68437,80831,Rhinolophus ferrumequinum,0.024,0.024,-1,Echolocation,/mnt/ubna_data_02_mir/recover-20221013/UBNA_001/20221012_030000.WAV,Telephone Field,recover-20221013,001,1795
894.4705,894.4791,28906,36125,Eptesicus serotinus,0.011,0.026,-1,Echolocation,/mnt/ubna_data_02_mir/recover-20221013/UBNA_001/20221012_030000.WAV,Telephone Field,recover-20221013,001,1795
894.5015,894.5127,28906,36063,Eptesicus serotinus,0.013,0.027,-1,Echolocation,/mnt/ubna_data_02_mir/recover-20221013/UBNA_001/20221012_030000.WAV,Telephone Field,recover-20221013,001,1795
894.5045,894.5436,68437,81993,Rhinolophus ferrumequinum,0.023,0.023,-1,Echolocation,/mnt/ubna_data_02_mir/recover-20221013/UBNA_001/20221012_030000.WAV,Telephone Field,recover-20221013,001,1795
894.5115,894.5191,27187,39975,Eptesicus serotinus,0.005,0.023,-1,Echolocation,/mnt/ubna_data_02_mir/recover-20221013/UBNA_001/20221012_030000.WAV,Telephone Field,recover-20221013,001,1795
894.5535,894.5911,68437,81504,Rhinolophus ferrumequinum,0.022,0.022,-1,Echolocation,/mnt/ubna_data_02_mir/recover-20221013/UBNA_001/20221012_030000.WAV,Telephone Field,recover-20221013,001,1795
894.5565,894.5659,23750,30425,Nyctalus leisleri,0.008,0.021,-1,Echolocation,/mnt/ubna_data_02_mir/recover-20221013/UBNA_001/20221012_030000.WAV,Telephone Field,recover-20221013,001,1795
894.5995,894.6367,68437,81867,Rhinolophus ferrumequinum,0.025,0.026,-1,Echolocation,/mnt/ubna_data_02_mir/recover-20221013/UBNA_001/20221012_030000.WAV,Telephone Field,recover-20221013,001,1795
894.6505,894.6883,68437,81873,Rhinolophus ferrumequinum,0.022,0.022,-1,Echolocation,/mnt/ubna_data_02_mir/recover-20221013/UBNA_001/20221012_030000.WAV,Telephone Field,recover-20221013,001,1795
894.6665,894.6863,18593,21470,Nyctalus noctula,0.015,0.028,-1,Echolocation,/mnt/ubna_data_02_mir/recover-20221013/UBNA_001/20221012_030000.WAV,Telephone Field,recover-20221013,001,1795
894.6675,894.677,44375,47563,Pipistrellus pipistrellus,0.031,0.033,-1,Echolocation,/mnt/ubna_data_02_mir/recover-20221013/UBNA_001/20221012_030000.WAV,Telephone Field,recover-20221013,001,1795
894.6675,894.7084,68437,82888,Rhinolophus ferrumequinum,0.025,0.025,-1,Echolocation,/mnt/ubna_data_02_mir/recover-20221013/UBNA_001/20221012_030000.WAV,Telephone Field,recover-20221013,001,1795
894.6775,894.6891,22031,26432,Nyctalus leisleri,0.012,0.023,-1,Echolocation,/mnt/ubna_data_02_mir/recover-20221013/UBNA_001/20221012_030000.WAV,Telephone Field,recover-20221013,001,1795
894.6945,894.7333,68437,82112,Rhinolophus ferrumequinum,0.03,0.03,-1,Echolocation,/mnt/ubna_data_02_mir/recover-20221013/UBNA_001/20221012_030000.WAV,Telephone Field,recover-20221013,001,1795
894.6945,894.702,28046,39617,Eptesicus serotinus,0.007,0.021,-1,Echolocation,/mnt/ubna_data_02_mir/recover-20221013/UBNA_001/20221012_030000.WAV,Telephone Field,recover-20221013,001,1795
894.7055,894.7132,27187,38780,Eptesicus serotinus,0.007,0.021,-1,Echolocation,/mnt/ubna_data_02_mir/recover-20221013/UBNA_001/20221012_030000.WAV,Telephone Field,recover-20221013,001,1795
894.7215,894.7312,26328,34185,Eptesicus serotinus,0.01,0.022,-1,Echolocation,/mnt/ubna_data_02_mir/recover-20221013/UBNA_001/20221012_030000.WAV,Telephone Field,recover-20221013,001,1795
894.7325,894.7392,24609,34711,Plecotus austriacus,0.008,0.021,-1,Echolocation,/mnt/ubna_data_02_mir/recover-20221013/UBNA_001/20221012_030000.WAV,Telephone Field,recover-20221013,001,1795
894.7605,894.7965,68437,81166,Rhinolophus ferrumequinum,0.031,0.031,-1,Echolocation,/mnt/ubna_data_02_mir/recover-20221013/UBNA_001/20221012_030000.WAV,Telephone Field,recover-20221013,001,1795
894.7635,894.7693,28046,40012,Myotis daubentonii,0.006,0.027,-1,Echolocation,/mnt/ubna_data_02_mir/recover-20221013/UBNA_001/20221012_030000.WAV,Telephone Field,recover-20221013,001,1795
894.7925,894.8308,68437,81246,Rhinolophus ferrumequinum,0.025,0.025,-1,Echolocation,/mnt/ubna_data_02_mir/recover-20221013/UBNA_001/20221012_030000.WAV,Telephone Field,recover-20221013,001,1795
894.8385,894.8562,20312,23278,Nyctalus leisleri,0.016,0.026,-1,Echolocation,/mnt/ubna_data_02_mir/recover-20221013/UBNA_001/20221012_030000.WAV,Telephone Field,recover-20221013,001,1795
894.8585,894.8932,68437,80989,Rhinolophus ferrumequinum,0.021,0.021,-1,Echolocation,/mnt/ubna_data_02_mir/recover-20221013/UBNA_001/20221012_030000.WAV,Telephone Field,recover-20221013,001,1795
894.8605,894.8712,25468,32615,Eptesicus serotinus,0.008,0.024,-1,Echolocation,/mnt/ubna_data_02_mir/recover-20221013/UBNA_001/20221012_030000.WAV,Telephone Field,recover-20221013,001,1795
894.8875,894.9283,68437,82387,Rhinolophus ferrumequinum,0.023,0.023,-1,Echolocation,/mnt/ubna_data_02_mir/recover-20221013/UBNA_001/20221012_030000.WAV,Telephone Field,recover-20221013,001,1795
894.8935,894.9005,28046,43039,Eptesicus serotinus,0.006,0.021,-1,Echolocation,/mnt/ubna_data_02_mir/recover-20221013/UBNA_001/20221012_030000.WAV,Telephone Field,recover-20221013,001,1795
894.9275,894.9655,68437,81674,Rhinolophus ferrumequinum,0.021,0.021,-1,Echolocation,/mnt/ubna_data_02_mir/recover-20221013/UBNA_001/20221012_030000.WAV,Telephone Field,recover-20221013,001,1795
895.0055,895.0131,27187,39557,Eptesicus serotinus,0.006,0.022,-1,Echolocation,/mnt/ubna_data_02_mir/recover-20221013/UBNA_001/20221012_030000.WAV,Telephone Field,recover-20221013,001,1795
895.0155,895.0522,68437,82100,Rhinolophus ferrumequinum,0.023,0.023,-1,Echolocation,/mnt/ubna_data_02_mir/recover-20221013/UBNA_001/20221012_030000.WAV,Telephone Field,recover-20221013,001,1795
895.0245,895.0347,44375,47670,Pipistrellus pipistrellus,0.029,0.031,-1,Echolocation,/mnt/ubna_data_02_mir/recover-20221013/UBNA_001/20221012_030000.WAV,Telephone Field,recover-20221013,001,1795
895.0315,895.0399,26328,34857,Eptesicus serotinus,0.01,0.026,-1,Echolocation,/mnt/ubna_data_02_mir/recover-20221013/UBNA_001/20221012_030000.WAV,Telephone Field,recover-20221013,001,1795
895.0465,895.0543,28046,42416,Eptesicus serotinus,0.007,0.024,-1,Echolocation,/mnt/ubna_data_02_mir/recover-20221013/UBNA_001/20221012_030000.WAV,Telephone Field,recover-20221013,001,1795
895.0685,895.1084,68437,82384,Rhinolophus ferrumequinum,0.025,0.025,-1,Echolocation,/mnt/ubna_data_02_mir/recover-20221013/UBNA_001/20221012_030000.WAV,Telephone Field,recover-20221013,001,1795
895.0735,895.1127,68437,82387,Rhinolophus ferrumequinum,0.026,0.026,-1,Echolocation,/mnt/ubna_data_02_mir/recover-20221013/UBNA_001/20221012_030000.WAV,Telephone Field,recover-20221013,001,1795
895.1295,895.1671,68437,82584,Rhinolophus ferrumequinum,0.024,0.024,-1,Echolocation,/mnt/ubna_data_02_mir/recover-20221013/UBNA_001/20221012_030000.WAV,Telephone Field,recover-20221013,001,1795
895.1305,895.1385,22890,29614,Plecotus austriacus,0.008,0.021,-1,Echolocation,/mnt/ubna_data_02_mir/recover-20221013/UBNA_001/20221012_030000.WAV,Telephone Field,recover-20221013,001,1795
895.1815,895.2201,68437,82716,Rhinolophus ferrumequinum,0.024,0.024,-1,Echolocation,/mnt/ubna_data_02_mir/recover-20221013/UBNA_001/20221012_030000.WAV,Telephone Field,recover-20221013,001,1795
895.1965,895.2068,31484,37727,Eptesicus serotinus,0.02,0.045,-1,Echolocation,/mnt/ubna_data_02_mir/recover-20221013/UBNA_001/20221012_030000.WAV,Telephone Field,recover-20221013,001,1795
895.2105,895.2534,68437,83467,Rhinolophus ferrumequinum,0.044,0.044,-1,Echolocation,/mnt/ubna_data_02_mir/recover-20221013/UBNA_001/20221012_030000.WAV,Telephone Field,recover-20221013,001,1795
895.2645,895.299,68437,81551,Rhinolophus ferrumequinum,0.022,0.022,-1,Echolocation,/mnt/ubna_data_02_mir/recover-20221013/UBNA_001/20221012_030000.WAV,Telephone Field,recover-20221013,001,1795
895.2795,895.3178,68437,81968,Rhinolophus ferrumequinum,0.021,0.021,-1,Echolocation,/mnt/ubna_data_02_mir/recover-20221013/UBNA_001/20221012_030000.WAV,Telephone Field,recover-20221013,001,1795
895.3145,895.3237,25468,32465,Eptesicus serotinus,0.007,0.022,-1,Echolocation,/mnt/ubna_data_02_mir/recover-20221013/UBNA_001/20221012_030000.WAV,Telephone Field,recover-20221013,001,1795
895.3475,895.3846,68437,81377,Rhinolophus ferrumequinum,0.023,0.024,-1,Echolocation,/mnt/ubna_data_02_mir/recover-20221013/UBNA_001/20221012_030000.WAV,Telephone Field,recover-20221013,001,1795
895.3635,895.4025,68437,81398,Rhinolophus ferrumequinum,0.021,0.021,-1,Echolocation,/mnt/ubna_data_02_mir/recover-20221013/UBNA_001/20221012_030000.WAV,Telephone Field,recover-20221013,001,1795
895.3855,895.3951,22890,28718,Nyctalus leisleri,0.008,0.021,-1,Echolocation,/mnt/ubna_data_02_mir/recover-20221013/UBNA_001/20221012_030000.WAV,Telephone Field,recover-20221013,001,1795
895.3875,895.4246,68437,82093,Rhinolophus ferrumequinum,0.024,0.025,-1,Echolocation,/mnt/ubna_data_02_mir/recover-20221013/UBNA_001/20221012_030000.WAV,Telephone Field,recover-20221013,001,1795
895.4055,895.4131,27187,39707,Eptesicus serotinus,0.007,0.024,-1,Echolocation,/mnt/ubna_data_02_mir/recover-20221013/UBNA_001/20221012_030000.WAV,Telephone Field,recover-20221013,001,1795
895.4195,895.4594,68437,83129,Rhinolophus ferrumequinum,0.024,0.024,-1,Echolocation,/mnt/ubna_data_02_mir/recover-20221013/UBNA_001/20221012_030000.WAV,Telephone Field,recover-20221013,001,1795
895.4365,895.4768,68437,82334,Rhinolophus ferrumequinum,0.029,0.029,-1,Echolocation,/mnt/ubna_data_02_mir/recover-20221013/UBNA_001/20221012_030000.WAV,Telephone Field,recover-20221013,001,1795
895.4635,895.4706,28906,41947,Eptesicus serotinus,0.007,0.025,-1,Echolocation,/mnt/ubna_data_02_mir/recover-20221013/UBNA_001/20221012_030000.WAV,Telephone Field,recover-20221013,001,1795
895.5065,895.5423,68437,81284,Rhinolophus ferrumequinum,0.023,0.023,-1,Echolocation,/mnt/ubna_data_02_mir/recover-20221013/UBNA_001/20221012_030000.WAV,Telephone Field,recover-20221013,001,1795
895.5165,895.5491,68437,81573,Rhinolophus ferrumequinum,0.025,0.025,-1,Echolocation,/mnt/ubna_data_02_mir/recover-20221013/UBNA_001/20221012_030000.WAV,Telephone Field,recover-20221013,001,1795
895.5615,895.6009,68437,82551,Rhinolophus ferrumequinum,0.024,0.024,-1,Echolocation,/mnt/ubna_data_02_mir/recover-20221013/UBNA_001/20221012_030000.WAV,Telephone Field,recover-20221013,001,1795
895.5695,895.5764,28046,46413,Eptesicus serotinus,0.006,0.021,-1,Echolocation,/mnt/ubna_data_02_mir/recover-20221013/UBNA_001/20221012_030000.WAV,Telephone Field,recover-20221013,001,1795
895.6055,895.6153,22031,27878,Plecotus austriacus,0.009,0.026,-1,Echolocation,/mnt/ubna_data_02_mir/recover-20221013/UBNA_001/20221012_030000.WAV,Telephone Field,recover-20221013,001,1795
895.6085,895.6154,28906,40271,Eptesicus serotinus,0.006,0.022,-1,Echolocation,/mnt/ubna_data_02_mir/recover-20221013/UBNA_001/20221012_030000.WAV,Telephone Field,recover-20221013,001,1795
895.6825,895.6915,22890,29918,Plecotus austriacus,0.01,0.025,-1,Echolocation,/mnt/ubna_data_02_mir/recover-20221013/UBNA_001/20221012_030000.WAV,Telephone Field,recover-20221013,001,1795
895.7105,895.7215,24609,29183,Nyctalus leisleri,0.018,0.035,-1,Echolocation,/mnt/ubna_data_02_mir/recover-20221013/UBNA_001/20221012_030000.WAV,Telephone Field,recover-20221013,001,1795
895.7135,895.7528,68437,81741,Rhinolophus ferrumequinum,0.022,0.022,-1,Echolocation,/mnt/ubna_data_02_mir/recover-20221013/UBNA_001/20221012_030000.WAV,Telephone Field,recover-20221013,001,1795
895.7445,895.7861,68437,82434,Rhinolophus ferrumequinum,0.028,0.028,-1,Echolocation,/mnt/ubna_data_02_mir/recover-20221013/UBNA_001/20221012_030000.WAV,Telephone Field,recover-20221013,001,1795
895.7515,895.7612,22890,28477,Nyctalus leisleri,0.01,0.026,-1,Echolocation,/mnt/ubna_data_02_mir/recover-20221013/UBNA_001/20221012_030000.WAV,Telephone Field,recover-20221013,001,1795
895.7755,895.7828,28046,41073,Eptesicus serotinus,0.006,0.021,-1,Echolocation,/mnt/ubna_data_02_mir/recover-20221013/UBNA_001/20221012_030000.WAV,Telephone Field,recover-20221013,001,1795
895.7755,895.7828,56406,62612,Pipistrellus pygmaeus,0.023,0.024,-1,Echolocation,/mnt/ubna_data_02_mir/recover-20221013/UBNA_001/20221012_030000.WAV,Telephone Field,recover-20221013,001,1795
895.7875,895.8318,68437,83100,Rhinolophus ferrumequinum,0.039,0.039,-1,Echolocation,/mnt/ubna_data_02_mir/recover-20221013/UBNA_001/20221012_030000.WAV,Telephone Field,recover-20221013,001,1795
895.8065,895.8133,27187,42758,Eptesicus serotinus,0.006,0.023,-1,Echolocation,/mnt/ubna_data_02_mir/recover-20221013/UBNA_001/20221012_030000.WAV,Telephone Field,recover-20221013,001,1795
895.8215,895.857,68437,81770,Rhinolophus ferrumequinum,0.021,0.021,-1,Echolocation,/mnt/ubna_data_02_mir/recover-20221013/UBNA_001/20221012_030000.WAV,Telephone Field,recover-20221013,001,1795
895.8275,895.835,27187,38771,Eptesicus serotinus,0.006,0.022,-1,Echolocation,/mnt/ubna_data_02_mir/recover-20221013/UBNA_001/20221012_030000.WAV,Telephone Field,recover-20221013,001,1795
895.8455,895.8855,68437,82768,Rhinolophus ferrumequinum,0.024,0.024,-1,Echolocation,/mnt/ubna_data_02_mir/recover-20221013/UBNA_001/20221012_030000.WAV,Telephone Field,recover-20221013,001,1795
895.8725,895.8822,23750,30088,Nyctalus leisleri,0.01,0.027,-1,Echolocation,/mnt/ubna_data_02_mir/recover-20221013/UBNA_001/20221012_030000.WAV,Telephone Field,recover-20221013,001,1795
895.8915,895.9321,68437,83182,Rhinolophus ferrumequinum,0.027,0.027,-1,Echolocation,/mnt/ubna_data_02_mir/recover-20221013/UBNA_001/20221012_030000.WAV,Telephone Field,recover-20221013,001,1795
895.8925,895.9003,28906,39102,Eptesicus serotinus,0.007,0.021,-1,Echolocation,/mnt/ubna_data_02_mir/recover-20221013/UBNA_001/20221012_030000.WAV,Telephone Field,recover-20221013,001,1795
895.9295,895.9699,68437,82720,Rhinolophus ferrumequinum,0.024,0.024,-1,Echolocation,/mnt/ubna_data_02_mir/recover-20221013/UBNA_001/20221012_030000.WAV,Telephone Field,recover-20221013,001,1795
895.9815,895.9928,23750,29180,Nyctalus leisleri,0.018,0.037,-1,Echolocation,/mnt/ubna_data_02_mir/recover-20221013/UBNA_001/20221012_030000.WAV,Telephone Field,recover-20221013,001,1795
896.0015,896.0151,20312,25314,Nyctalus leisleri,0.011,0.027,-1,Echolocation,/mnt/ubna_data_02_mir/recover-20221013/UBNA_001/20221012_030000.WAV,Telephone Field,recover-20221013,001,1795
896.0015,896.0117,56406,62585,Pipistrellus pygmaeus,0.027,0.029,-1,Echolocation,/mnt/ubna_data_02_mir/recover-20221013/UBNA_001/20221012_030000.WAV,Telephone Field,recover-20221013,001,1795
896.0015,896.0356,68437,80410,Rhinolophus ferrumequinum,0.029,0.029,-1,Echolocation,/mnt/ubna_data_02_mir/recover-20221013/UBNA_001/20221012_030000.WAV,Telephone Field,recover-20221013,001,1795
896.0015,896.0097,25468,34079,Nyctalus leisleri,0.008,0.03,-1,Echolocation,/mnt/ubna_data_02_mir/recover-20221013/UBNA_001/20221012_030000.WAV,Telephone Field,recover-20221013,001,1795
896.0125,896.0586,68437,83747,Rhinolophus ferrumequinum,0.03,0.03,-1,Echolocation,/mnt/ubna_data_02_mir/recover-20221013/UBNA_001/20221012_030000.WAV,Telephone Field,recover-20221013,001,1795
896.0255,896.0652,68437,82921,Rhinolophus ferrumequinum,0.023,0.023,-1,Echolocation,/mnt/ubna_data_02_mir/recover-20221013/UBNA_001/20221012_030000.WAV,Telephone Field,recover-20221013,001,1795
896.0375,896.0792,68437,82776,Rhinolophus ferrumequinum,0.022,0.022,-1,Echolocation,/mnt/ubna_data_02_mir/recover-20221013/UBNA_001/20221012_030000.WAV,Telephone Field,recover-20221013,001,1795
896.0405,896.0469,28046,42032,Eptesicus serotinus,0.006,0.029,-1,Echolocation,/mnt/ubna_data_02_mir/recover-20221013/UBNA_001/20221012_030000.WAV,Telephone Field,recover-20221013,001,1795
896.0425,896.0831000000001,68437,82564,Rhinolophus ferrumequinum,0.022,0.022,-1,Echolocation,/mnt/ubna_data_02_mir/recover-20221013/UBNA_001/20221012_030000.WAV,Telephone Field,recover-20221013,001,1795
896.0495,896.0899,68437,82536,Rhinolophus ferrumequinum,0.023,0.023,-1,Echolocation,/mnt/ubna_data_02_mir/recover-20221013/UBNA_001/20221012_030000.WAV,Telephone Field,recover-20221013,001,1795
896.0885,896.1306,68437,83473,Rhinolophus ferrumequinum,0.028,0.028,-1,Echolocation,/mnt/ubna_data_02_mir/recover-20221013/UBNA_001/20221012_030000.WAV,Telephone Field,recover-20221013,001,1795
896.0965,896.1038,28906,37979,Eptesicus serotinus,0.006,0.024,-1,Echolocation,/mnt/ubna_data_02_mir/recover-20221013/UBNA_001/20221012_030000.WAV,Telephone Field,recover-20221013,001,1795
896.1185,896.1268,49531,55283,Pipistrellus pipistrellus,0.025,0.028,-1,Echolocation,/mnt/ubna_data_02_mir/recover-20221013/UBNA_001/20221012_030000.WAV,Telephone Field,recover-20221013,001,1795
896.1285,896.1375,27187,37463,Eptesicus serotinus,0.008,0.021,-1,Echolocation,/mnt/ubna_data_02_mir/recover-20221013/UBNA_001/20221012_030000.WAV,Telephone Field,recover-20221013,001,1795
896.1545,896.1626,28046,40228,Eptesicus serotinus,0.008,0.022,-1,Echolocation,/mnt/ubna_data_02_mir/recover-20221013/UBNA_001/20221012_030000.WAV,Telephone Field,recover-20221013,001,1795
896.1565,896.1937,68437,81960,Rhinolophus ferrumequinum,0.022,0.022,-1,Echolocation,/mnt/ubna_data_02_mir/recover-20221013/UBNA_001/20221012_030000.WAV,Telephone Field,recover-20221013,001,1795
896.1685,896.1747,27187,40286,Eptesicus serotinus,0.005,0.025,-1,Echolocation,/mnt/ubna_data_02_mir/recover-20221013/UBNA_001/20221012_030000.WAV,Telephone Field,recover-20221013,001,1795
896.1925,896.2304,68437,82082,Rhinolophus ferrumequinum,0.021,0.021,-1,Echolocation,/mnt/ubna_data_02_mir/recover-20221013/UBNA_001/20221012_030000.WAV,Telephone Field,recover-20221013,001,1795
896.1925,896.2038,28906,35900,Eptesicus serotinus,0.01,0.023,-1,Echolocation,/mnt/ubna_data_02_mir/recover-20221013/UBNA_001/20221012_030000.WAV,Telephone Field,recover-20221013,001,1795
896.2255,896.263,68437,81389,Rhinolophus ferrumequinum,0.022,0.022,-1,Echolocation,/mnt/ubna_data_02_mir/recover-20221013/UBNA_001/20221012_030000.WAV,Telephone Field,recover-20221013,001,1795
896.2335,896.2425,28046,38077,Eptesicus serotinus,0.008,0.02,-1,Echolocation,/mnt/ubna_data_02_mir/recover-20221013/UBNA_001/20221012_030000.WAV,Telephone Field,recover-20221013,001,1795
896.2405,896.2487,28046,38362,Eptesicus serotinus,0.006,0.02,-1,Echolocation,/mnt/ubna_data_02_mir/recover-20221013/UBNA_001/20221012_030000.WAV,Telephone Field,recover-20221013,001,1795
896.2535,896.2889,68437,81684,Rhinolophus ferrumequinum,0.021,0.021,-1,Echolocation,/mnt/ubna_data_02_mir/recover-20221013/UBNA_001/20221012_030000.WAV,Telephone Field,recover-20221013,001,1795
896.2605,896.2974,68437,81742,Rhinolophus ferrumequinum,0.02,0.02,-1,Echolocation,/mnt/ubna_data_02_mir/recover-20221013/UBNA_001/20221012_030000.WAV,Telephone Field,recover-20221013,001,1795
896.2745,896.2851,22890,27882,Nyctalus leisleri,0.01,0.021,-1,Echolocation,/mnt/ubna_data_02_mir/recover-20221013/UBNA_001/20221012_030000.WAV,Telephone Field,recover-20221013,001,1795
896.3415,896.3817,68437,82734,Rhinolophus ferrumequinum,0.022,0.022,-1,Echolocation,/mnt/ubna_data_02_mir/recover-20221013/UBNA_001/20221012_030000.WAV,Telephone Field,recover-20221013,001,1795
896.3675,896.4053,68437,81889,Rhinolophus ferrumequinum,0.021,0.022,-1,Echolocation,/mnt/ubna_data_02_mir/recover-20221013/UBNA_001/20221012_030000.WAV,Telephone Field,recover-20221013,001,1795
896.4014999999999,896.4096,23750,32141,Plecotus austriacus,0.01,0.026,-1,Echolocation,/mnt/ubna_data_02_mir/recover-20221013/UBNA_001/20221012_030000.WAV,Telephone Field,recover-20221013,001,1795
896.4145,896.4533,68437,81524,Rhinolophus ferrumequinum,0.02,0.02,-1,Echolocation,/mnt/ubna_data_02_mir/recover-20221013/UBNA_001/20221012_030000.WAV,Telephone Field,recover-20221013,001,1795
896.4305,896.442,36640,41651,Pipistrellus nathusii,0.019,0.037,-1,Echolocation,/mnt/ubna_data_02_mir/recover-20221013/UBNA_001/20221012_030000.WAV,Telephone Field,recover-20221013,001,1795
896.4425,896.4824,68437,82300,Rhinolophus ferrumequinum,0.023,0.023,-1,Echolocation,/mnt/ubna_data_02_mir/recover-20221013/UBNA_001/20221012_030000.WAV,Telephone Field,recover-20221013,001,1795
896.4885,896.5264,68437,82122,Rhinolophus ferrumequinum,0.026,0.026,-1,Echolocation,/mnt/ubna_data_02_mir/recover-20221013/UBNA_001/20221012_030000.WAV,Telephone Field,recover-20221013,001,1795
896.5105,896.5478,68437,81675,Rhinolophus ferrumequinum,0.021,0.021,-1,Echolocation,/mnt/ubna_data_02_mir/recover-20221013/UBNA_001/20221012_030000.WAV,Telephone Field,recover-20221013,001,1795
896.5305,896.5406,23750,29582,Nyctalus leisleri,0.008,0.022,-1,Echolocation,/mnt/ubna_data_02_mir/recover-20221013/UBNA_001/20221012_030000.WAV,Telephone Field,recover-20221013,001,1795
896.5345,896.574,68437,82179,Rhinolophus ferrumequinum,0.021,0.021,-1,Echolocation,/mnt/ubna_data_02_mir/recover-20221013/UBNA_001/20221012_030000.WAV,Telephone Field,recover-20221013,001,1795
896.5545,896.5615,46953,52590,Pipistrellus pipistrellus,0.019,0.02,-1,Echolocation,/mnt/ubna_data_02_mir/recover-20221013/UBNA_001/20221012_030000.WAV,Telephone Field,recover-20221013,001,1795
896.5605,896.5695,27187,38226,Eptesicus serotinus,0.008,0.021,-1,Echolocation,/mnt/ubna_data_02_mir/recover-20221013/UBNA_001/20221012_030000.WAV,Telephone Field,recover-20221013,001,1795
896.5905,896.6286,68437,82452,Rhinolophus ferrumequinum,0.02,0.02,-1,Echolocation,/mnt/ubna_data_02_mir/recover-20221013/UBNA_001/20221012_030000.WAV,Telephone Field,recover-20221013,001,1795
896.6005,896.6099,28046,36819,Eptesicus serotinus,0.012,0.024,-1,Echolocation,/mnt/ubna_data_02_mir/recover-20221013/UBNA_001/20221012_030000.WAV,Telephone Field,recover-20221013,001,1795
896.6255,896.6654,68437,82016,Rhinolophus ferrumequinum,0.022,0.022,-1,Echolocation,/mnt/ubna_data_02_mir/recover-20221013/UBNA_001/20221012_030000.WAV,Telephone Field,recover-20221013,001,1795
896.6525,896.6607,24609,32252,Eptesicus serotinus,0.005,0.02,-1,Echolocation,/mnt/ubna_data_02_mir/recover-20221013/UBNA_001/20221012_030000.WAV,Telephone Field,recover-20221013,001,1795
896.6715,896.7102,68437,82312,Rhinolophus ferrumequinum,0.021,0.021,-1,Echolocation,/mnt/ubna_data_02_mir/recover-20221013/UBNA_001/20221012_030000.WAV,Telephone Field,recover-20221013,001,1795
896.7175,896.7252,27187,39783,Eptesicus serotinus,0.006,0.02,-1,Echolocation,/mnt/ubna_data_02_mir/recover-20221013/UBNA_001/20221012_030000.WAV,Telephone Field,recover-20221013,001,1795
896.7735,896.8106,68437,82059,Rhinolophus ferrumequinum,0.02,0.02,-1,Echolocation,/mnt/ubna_data_02_mir/recover-20221013/UBNA_001/20221012_030000.WAV,Telephone Field,recover-20221013,001,1795
896.8015,896.8387,68437,81734,Rhinolophus ferrumequinum,0.023,0.023,-1,Echolocation,/mnt/ubna_data_02_mir/recover-20221013/UBNA_001/20221012_030000.WAV,Telephone Field,recover-20221013,001,1795
896.8345,896.8738,68437,82434,Rhinolophus ferrumequinum,0.026,0.026,-1,Echolocation,/mnt/ubna_data_02_mir/recover-20221013/UBNA_001/20221012_030000.WAV,Telephone Field,recover-20221013,001,1795
896.8525,896.8608,28046,39296,Eptesicus serotinus,0.007,0.02,-1,Echolocation,/mnt/ubna_data_02_mir/recover-20221013/UBNA_001/20221012_030000.WAV,Telephone Field,recover-20221013,001,1795
896.8655,896.8806,22031,26230,Nyctalus leisleri,0.017,0.028,-1,Echolocation,/mnt/ubna_data_02_mir/recover-20221013/UBNA_001/20221012_030000.WAV,Telephone Field,recover-20221013,001,1795
896.8745,896.8825,28906,37310,Eptesicus serotinus,0.008,0.025,-1,Echolocation,/mnt/ubna_data_02_mir/recover-20221013/UBNA_001/20221012_030000.WAV,Telephone Field,recover-20221013,001,1795
896.8855,896.9252,68437,82153,Rhinolophus ferrumequinum,0.02,0.02,-1,Echolocation,/mnt/ubna_data_02_mir/recover-20221013/UBNA_001/20221012_030000.WAV,Telephone Field,recover-20221013,001,1795
896.9115,896.9219,28046,36835,Eptesicus serotinus,0.013,0.026,-1,Echolocation,/mnt/ubna_data_02_mir/recover-20221013/UBNA_001/20221012_030000.WAV,Telephone Field,recover-20221013,001,1795
896.9445,896.9594,21171,24507,Nyctalus leisleri,0.016,0.026,-1,Echolocation,/mnt/ubna_data_02_mir/recover-20221013/UBNA_001/20221012_030000.WAV,Telephone Field,recover-20221013,001,1795
896.9625,896.9988,68437,81691,Rhinolophus ferrumequinum,0.022,0.022,-1,Echolocation,/mnt/ubna_data_02_mir/recover-20221013/UBNA_001/20221012_030000.WAV,Telephone Field,recover-20221013,001,1795
897.0205,897.0301,28046,35043,Eptesicus serotinus,0.029,0.053,-1,Echolocation,/mnt/ubna_data_02_mir/recover-20221013/UBNA_001/20221012_030000.WAV,Telephone Field,recover-20221013,001,1795
897.0305,897.0387,44375,48744,Pipistrellus pipistrellus,0.024,0.026,-1,Echolocation,/mnt/ubna_data_02_mir/recover-20221013/UBNA_001/20221012_030000.WAV,Telephone Field,recover-20221013,001,1795
897.0705,897.1014,68437,80216,Rhinolophus ferrumequinum,0.019,0.02,-1,Echolocation,/mnt/ubna_data_02_mir/recover-20221013/UBNA_001/20221012_030000.WAV,Telephone Field,recover-20221013,001,1795
897.0825,897.1267,68437,83200,Rhinolophus ferrumequinum,0.035,0.035,-1,Echolocation,/mnt/ubna_data_02_mir/recover-20221013/UBNA_001/20221012_030000.WAV,Telephone Field,recover-20221013,001,1795
897.0935,897.1017,28046,37046,Eptesicus serotinus,0.008,0.022,-1,Echolocation,/mnt/ubna_data_02_mir/recover-20221013/UBNA_001/20221012_030000.WAV,Telephone Field,recover-20221013,001,1795
897.1165,897.154,68437,81833,Rhinolophus ferrumequinum,0.02,0.021,-1,Echolocation,/mnt/ubna_data_02_mir/recover-20221013/UBNA_001/20221012_030000.WAV,Telephone Field,recover-20221013,001,1795
897.1415,897.1785,68437,81766,Rhinolophus ferrumequinum,0.022,0.022,-1,Echolocation,/mnt/ubna_data_02_mir/recover-20221013/UBNA_001/20221012_030000.WAV,Telephone Field,recover-20221013,001,1795
897.1825,897.2195,68437,81869,Rhinolophus ferrumequinum,0.024,0.024,-1,Echolocation,/mnt/ubna_data_02_mir/recover-20221013/UBNA_001/20221012_030000.WAV,Telephone Field,recover-20221013,001,1795
897.2085,897.2178,48671,52609,Pipistrellus pipistrellus,0.021,0.024,-1,Echolocation,/mnt/ubna_data_02_mir/recover-20221013/UBNA_001/20221012_030000.WAV,Telephone Field,recover-20221013,001,1795
897.2215,897.2328,23750,29772,Nyctalus leisleri,0.012,0.026,-1,Echolocation,/mnt/ubna_data_02_mir/recover-20221013/UBNA_001/20221012_030000.WAV,Telephone Field,recover-20221013,001,1795
897.2265,897.263,68437,81747,Rhinolophus ferrumequinum,0.02,0.02,-1,Echolocation,/mnt/ubna_data_02_mir/recover-20221013/UBNA_001/20221012_030000.WAV,Telephone Field,recover-20221013,001,1795
897.2775,897.2867,27187,35295,Eptesicus serotinus,0.01,0.023,-1,Echolocation,/mnt/ubna_data_02_mir/recover-20221013/UBNA_001/20221012_030000.WAV,Telephone Field,recover-20221013,001,1795
897.3165,897.3254,25468,33371,Eptesicus serotinus,0.011,0.029,-1,Echolocation,/mnt/ubna_data_02_mir/recover-20221013/UBNA_001/20221012_030000.WAV,Telephone Field,recover-20221013,001,1795
897.3205,897.3612,68437,82597,Rhinolophus ferrumequinum,0.021,0.021,-1,Echolocation,/mnt/ubna_data_02_mir/recover-20221013/UBNA_001/20221012_030000.WAV,Telephone Field,recover-20221013,001,1795
897.3605,897.3705,28046,36019,Eptesicus serotinus,0.01,0.022,-1,Echolocation,/mnt/ubna_data_02_mir/recover-20221013/UBNA_001/20221012_030000.WAV,Telephone Field,recover-20221013,001,1795
897.3815,897.4203,68437,81888,Rhinolophus ferrumequinum,0.024,0.024,-1,Echolocation,/mnt/ubna_data_02_mir/recover-20221013/UBNA_001/20221012_030000.WAV,Telephone Field,recover-20221013,001,1795
897.3885,897.4004,38359,41572,Pipistrellus nathusii,0.022,0.03,-1,Echolocation,/mnt/ubna_data_02_mir/recover-20221013/UBNA_001/20221012_030000.WAV,Telephone Field,recover-20221013,001,1795
897.3905,897.429,68437,82043,Rhinolophus ferrumequinum,0.025,0.025,-1,Echolocation,/mnt/ubna_data_02_mir/recover-20221013/UBNA_001/20221012_030000.WAV,Telephone Field,recover-20221013,001,1795
897.4075,897.4166,23750,30850,Nyctalus leisleri,0.007,0.024,-1,Echolocation,/mnt/ubna_data_02_mir/recover-20221013/UBNA_001/20221012_030000.WAV,Telephone Field,recover-20221013,001,1795
897.4075,897.4477,68437,82242,Rhinolophus ferrumequinum,0.02,0.02,-1,Echolocation,/mnt/ubna_data_02_mir/recover-20221013/UBNA_001/20221012_030000.WAV,Telephone Field,recover-20221013,001,1795
897.4315,897.4406,28046,36827,Eptesicus serotinus,0.008,0.02,-1,Echolocation,/mnt/ubna_data_02_mir/recover-20221013/UBNA_001/20221012_030000.WAV,Telephone Field,recover-20221013,001,1795
897.4455,897.4851,68437,82136,Rhinolophus ferrumequinum,0.021,0.021,-1,Echolocation,/mnt/ubna_data_02_mir/recover-20221013/UBNA_001/20221012_030000.WAV,Telephone Field,recover-20221013,001,1795
897.4565,897.4672,22031,27153,Nyctalus leisleri,0.011,0.022,-1,Echolocation,/mnt/ubna_data_02_mir/recover-20221013/UBNA_001/20221012_030000.WAV,Telephone Field,recover-20221013,001,1795
897.5385,897.5773,68437,81967,Rhinolophus ferrumequinum,0.02,0.02,-1,Echolocation,/mnt/ubna_data_02_mir/recover-20221013/UBNA_001/20221012_030000.WAV,Telephone Field,recover-20221013,001,1795
897.5485,897.5889,68437,82283,Rhinolophus ferrumequinum,0.02,0.02,-1,Echolocation,/mnt/ubna_data_02_mir/recover-20221013/UBNA_001/20221012_030000.WAV,Telephone Field,recover-20221013,001,1795
897.5655,897.6045,68437,82301,Rhinolophus ferrumequinum,0.02,0.02,-1,Echolocation,/mnt/ubna_data_02_mir/recover-20221013/UBNA_001/20221012_030000.WAV,Telephone Field,recover-20221013,001,1795
897.5665,897.5802,22031,25989,Nyctalus leisleri,0.012,0.022,-1,Echolocation,/mnt/ubna_data_02_mir/recover-20221013/UBNA_001/20221012_030000.WAV,Telephone Field,recover-20221013,001,1795
897.5795,897.5865,28046,39970,Eptesicus serotinus,0.006,0.022,-1,Echolocation,/mnt/ubna_data_02_mir/recover-20221013/UBNA_001/20221012_030000.WAV,Telephone Field,recover-20221013,001,1795
897.5805,897.5881,23750,32376,Plecotus austriacus,0.009,0.022,-1,Echolocation,/mnt/ubna_data_02_mir/recover-20221013/UBNA_001/20221012_030000.WAV,Telephone Field,recover-20221013,001,1795
897.5905,897.6304,68437,82464,Rhinolophus ferrumequinum,0.033,0.033,-1,Echolocation,/mnt/ubna_data_02_mir/recover-20221013/UBNA_001/20221012_030000.WAV,Telephone Field,recover-20221013,001,1795
897.6085,897.6156,32343,44007,Myotis daubentonii,0.01,0.021,-1,Echolocation,/mnt/ubna_data_02_mir/recover-20221013/UBNA_001/20221012_030000.WAV,Telephone Field,recover-20221013,001,1795
897.6085,897.6156,27187,42190,Eptesicus serotinus,0.007,0.023,-1,Echolocation,/mnt/ubna_data_02_mir/recover-20221013/UBNA_001/20221012_030000.WAV,Telephone Field,recover-20221013,001,1795
897.6175,897.6269,23750,30278,Nyctalus leisleri,0.007,0.02,-1,Echolocation,/mnt/ubna_data_02_mir/recover-20221013/UBNA_001/20221012_030000.WAV,Telephone Field,recover-20221013,001,1795
897.6195,897.6561,68437,81652,Rhinolophus ferrumequinum,0.021,0.021,-1,Echolocation,/mnt/ubna_data_02_mir/recover-20221013/UBNA_001/20221012_030000.WAV,Telephone Field,recover-20221013,001,1795
897.6495,897.6903,68437,82318,Rhinolophus ferrumequinum,0.021,0.021,-1,Echolocation,/mnt/ubna_data_02_mir/recover-20221013/UBNA_001/20221012_030000.WAV,Telephone Field,recover-20221013,001,1795
897.6565,897.6665,22890,28924,Nyctalus leisleri,0.008,0.02,-1,Echolocation,/mnt/ubna_data_02_mir/recover-20221013/UBNA_001/20221012_030000.WAV,Telephone Field,recover-20221013,001,1795
897.6765,897.7157,68437,82705,Rhinolophus ferrumequinum,0.021,0.021,-1,Echolocation,/mnt/ubna_data_02_mir/recover-20221013/UBNA_001/20221012_030000.WAV,Telephone Field,recover-20221013,001,1795
897.6865,897.6942,27187,37698,Eptesicus serotinus,0.006,0.02,-1,Echolocation,/mnt/ubna_data_02_mir/recover-20221013/UBNA_001/20221012_030000.WAV,Telephone Field,recover-20221013,001,1795
897.7005,897.7388,68437,82194,Rhinolophus ferrumequinum,0.02,0.02,-1,Echolocation,/mnt/ubna_data_02_mir/recover-20221013/UBNA_001/20221012_030000.WAV,Telephone Field,recover-20221013,001,1795
897.7125,897.7513,68437,82353,Rhinolophus ferrumequinum,0.02,0.02,-1,Echolocation,/mnt/ubna_data_02_mir/recover-20221013/UBNA_001/20221012_030000.WAV,Telephone Field,recover-20221013,001,1795
897.7165,897.7239,28046,40510,Eptesicus serotinus,0.009,0.027,-1,Echolocation,/mnt/ubna_data_02_mir/recover-20221013/UBNA_001/20221012_030000.WAV,Telephone Field,recover-20221013,001,1795
897.7575,897.768,23750,29341,Nyctalus leisleri,0.01,0.024,-1,Echolocation,/mnt/ubna_data_02_mir/recover-20221013/UBNA_001/20221012_030000.WAV,Telephone Field,recover-20221013,001,1795
897.7825,897.8197,68437,81575,Rhinolophus ferrumequinum,0.023,0.023,-1,Echolocation,/mnt/ubna_data_02_mir/recover-20221013/UBNA_001/20221012_030000.WAV,Telephone Field,recover-20221013,001,1795
897.7895,897.8267,68437,81387,Rhinolophus ferrumequinum,0.022,0.022,-1,Echolocation,/mnt/ubna_data_02_mir/recover-20221013/UBNA_001/20221012_030000.WAV,Telephone Field,recover-20221013,001,1795
897.8225,897.862,68437,81983,Rhinolophus ferrumequinum,0.023,0.023,-1,Echolocation,/mnt/ubna_data_02_mir/recover-20221013/UBNA_001/20221012_030000.WAV,Telephone Field,recover-20221013,001,1795
897.8595,897.8961,68437,82144,Rhinolophus ferrumequinum,0.02,0.02,-1,Echolocation,/mnt/ubna_data_02_mir/recover-20221013/UBNA_001/20221012_030000.WAV,Telephone Field,recover-20221013,001,1795
897.8795,897.9194,68437,82627,Rhinolophus ferrumequinum,0.023,0.023,-1,Echolocation,/mnt/ubna_data_02_mir/recover-20221013/UBNA_001/20221012_030000.WAV,Telephone Field,recover-20221013,001,1795
897.9155,897.9255,28906,36074,Eptesicus serotinus,0.011,0.024,-1,Echolocation,/mnt/ubna_data_02_mir/recover-20221013/UBNA_001/20221012_030000.WAV,Telephone Field,recover-20221013,001,1795
897.9225,897.9618,68437,82289,Rhinolophus ferrumequinum,0.022,0.022,-1,Echolocation,/mnt/ubna_data_02_mir/recover-20221013/UBNA_001/20221012_030000.WAV,Telephone Field,recover-20221013,001,1795
897.9285,897.9664,68437,81633,Rhinolophus ferrumequinum,0.022,0.022,-1,Echolocation,/mnt/ubna_data_02_mir/recover-20221013/UBNA_001/20221012_030000.WAV,Telephone Field,recover-20221013,001,1795
897.9315,897.9405,44375,49485,Pipistrellus pipistrellus,0.024,0.027,-1,Echolocation,/mnt/ubna_data_02_mir/recover-20221013/UBNA_001/20221012_030000.WAV,Telephone Field,recover-20221013,001,1795
897.9475,897.9593,23750,30035,Nyctalus leisleri,0.013,0.031,-1,Echolocation,/mnt/ubna_data_02_mir/recover-20221013/UBNA_001/20221012_030000.WAV,Telephone Field,recover-20221013,001,1795
897.9615,897.9701,26328,34634,Eptesicus serotinus,0.008,0.023,-1,Echolocation,/mnt/ubna_data_02_mir/recover-20221013/UBNA_001/20221012_030000.WAV,Telephone Field,recover-20221013,001,1795
897.9615,897.9708,34921,43604,Myotis daubentonii,0.006,0.021,-1,Echolocation,/mnt/ubna_data_02_mir/recover-20221013/UBNA_001/20221012_030000.WAV,Telephone Field,recover-20221013,001,1795
897.9795,897.9904,24609,32075,Eptesicus serotinus,0.011,0.03,-1,Echolocation,/mnt/ubna_data_02_mir/recover-20221013/UBNA_001/20221012_030000.WAV,Telephone Field,recover-20221013,001,1795
898.0015,898.0344,69296,81170,Rhinolophus ferrumequinum,0.039,0.04,-1,Echolocation,/mnt/ubna_data_02_mir/recover-20221013/UBNA_001/20221012_030000.WAV,Telephone Field,recover-20221013,001,1795
898.0015,898.0096,24609,33035,Nyctalus leisleri,0.007,0.025,-1,Echolocation,/mnt/ubna_data_02_mir/recover-20221013/UBNA_001/20221012_030000.WAV,Telephone Field,recover-20221013,001,1795
898.0015,898.0102,46093,50472,Pipistrellus pipistrellus,0.021,0.025,-1,Echolocation,/mnt/ubna_data_02_mir/recover-20221013/UBNA_001/20221012_030000.WAV,Telephone Field,recover-20221013,001,1795
898.0325,898.044,24609,30844,Nyctalus leisleri,0.012,0.031,-1,Echolocation,/mnt/ubna_data_02_mir/recover-20221013/UBNA_001/20221012_030000.WAV,Telephone Field,recover-20221013,001,1795
898.0365,898.0779,68437,83107,Rhinolophus ferrumequinum,0.025,0.025,-1,Echolocation,/mnt/ubna_data_02_mir/recover-20221013/UBNA_001/20221012_030000.WAV,Telephone Field,recover-20221013,001,1795
898.0525,898.0894,68437,82189,Rhinolophus ferrumequinum,0.023,0.023,-1,Echolocation,/mnt/ubna_data_02_mir/recover-20221013/UBNA_001/20221012_030000.WAV,Telephone Field,recover-20221013,001,1795
898.0745,898.0846,47812,51505,Pipistrellus pipistrellus,0.031,0.033,-1,Echolocation,/mnt/ubna_data_02_mir/recover-20221013/UBNA_001/20221012_030000.WAV,Telephone Field,recover-20221013,001,1795
898.1035,898.1108,28046,40336,Eptesicus serotinus,0.006,0.023,-1,Echolocation,/mnt/ubna_data_02_mir/recover-20221013/UBNA_001/20221012_030000.WAV,Telephone Field,recover-20221013,001,1795
898.1295,898.1684,68437,82400,Rhinolophus ferrumequinum,0.022,0.022,-1,Echolocation,/mnt/ubna_data_02_mir/recover-20221013/UBNA_001/20221012_030000.WAV,Telephone Field,recover-20221013,001,1795
898.1755,898.2121,68437,81278,Rhinolophus ferrumequinum,0.034,0.034,-1,Echolocation,/mnt/ubna_data_02_mir/recover-20221013/UBNA_001/20221012_030000.WAV,Telephone Field,recover-20221013,001,1795
898.2225,898.2622,68437,82478,Rhinolophus ferrumequinum,0.023,0.023,-1,Echolocation,/mnt/ubna_data_02_mir/recover-20221013/UBNA_001/20221012_030000.WAV,Telephone Field,recover-20221013,001,1795
898.2325,898.2436,33203,38914,Pipistrellus nathusii,0.008,0.023,-1,Echolocation,/mnt/ubna_data_02_mir/recover-20221013/UBNA_001/20221012_030000.WAV,Telephone Field,recover-20221013,001,1795
898.2475,898.2865,68437,81950,Rhinolophus ferrumequinum,0.025,0.025,-1,Echolocation,/mnt/ubna_data_02_mir/recover-20221013/UBNA_001/20221012_030000.WAV,Telephone Field,recover-20221013,001,1795
898.2665,898.2745,28906,37991,Eptesicus serotinus,0.008,0.023,-1,Echolocation,/mnt/ubna_data_02_mir/recover-20221013/UBNA_001/20221012_030000.WAV,Telephone Field,recover-20221013,001,1795
898.2795,898.3146,68437,81218,Rhinolophus ferrumequinum,0.022,0.022,-1,Echolocation,/mnt/ubna_data_02_mir/recover-20221013/UBNA_001/20221012_030000.WAV,Telephone Field,recover-20221013,001,1795
898.2945,898.3357,68437,82546,Rhinolophus ferrumequinum,0.023,0.023,-1,Echolocation,/mnt/ubna_data_02_mir/recover-20221013/UBNA_001/20221012_030000.WAV,Telephone Field,recover-20221013,001,1795
898.2975,898.3057,28046,40667,Eptesicus serotinus,0.007,0.023,-1,Echolocation,/mnt/ubna_data_02_mir/recover-20221013/UBNA_001/20221012_030000.WAV,Telephone Field,recover-20221013,001,1795
898.3015,898.3441,68437,83171,Rhinolophus ferrumequinum,0.022,0.022,-1,Echolocation,/mnt/ubna_data_02_mir/recover-20221013/UBNA_001/20221012_030000.WAV,Telephone Field,recover-20221013,001,1795
898.3425,898.3824,68437,82538,Rhinolophus ferrumequinum,0.023,0.023,-1,Echolocation,/mnt/ubna_data_02_mir/recover-20221013/UBNA_001/20221012_030000.WAV,Telephone Field,recover-20221013,001,1795
898.4275,898.4376,40078,45719,Pipistrellus nathusii,0.008,0.022,-1,Echolocation,/mnt/ubna_data_02_mir/recover-20221013/UBNA_001/20221012_030000.WAV,Telephone Field,recover-20221013,001,1795
898.4445,898.4604,14296,18256,Nyctalus noctula,0.029,0.044,-1,Echolocation,/mnt/ubna_data_02_mir/recover-20221013/UBNA_001/20221012_030000.WAV,Telephone Field,recover-20221013,001,1795
898.4675,898.5081,68437,82714,Rhinolophus ferrumequinum,0.022,0.022,-1,Echolocation,/mnt/ubna_data_02_mir/recover-20221013/UBNA_001/20221012_030000.WAV,Telephone Field,recover-20221013,001,1795
898.4945,898.5038,55546,59891,Pipistrellus pygmaeus,0.035,0.038,-1,Echolocation,/mnt/ubna_data_02_mir/recover-20221013/UBNA_001/20221012_030000.WAV,Telephone Field,recover-20221013,001,1795
898.4955,898.5022,27187,39754,Eptesicus serotinus,0.006,0.022,-1,Echolocation,/mnt/ubna_data_02_mir/recover-20221013/UBNA_001/20221012_030000.WAV,Telephone Field,recover-20221013,001,1795
898.5145,898.5546,68437,82522,Rhinolophus ferrumequinum,0.028,0.028,-1,Echolocation,/mnt/ubna_data_02_mir/recover-20221013/UBNA_001/20221012_030000.WAV,Telephone Field,recover-20221013,001,1795
898.5455,898.5562,45234,48382,Pipistrellus pipistrellus,0.032,0.035,-1,Echolocation,/mnt/ubna_data_02_mir/recover-20221013/UBNA_001/20221012_030000.WAV,Telephone Field,recover-20221013,001,1795
898.5665,898.6004,68437,80794,Rhinolophus ferrumequinum,0.022,0.022,-1,Echolocation,/mnt/ubna_data_02_mir/recover-20221013/UBNA_001/20221012_030000.WAV,Telephone Field,recover-20221013,001,1795
898.5815,898.6194,68437,82353,Rhinolophus ferrumequinum,0.026,0.026,-1,Echolocation,/mnt/ubna_data_02_mir/recover-20221013/UBNA_001/20221012_030000.WAV,Telephone Field,recover-20221013,001,1795
898.5925,898.6059,28046,33977,Eptesicus serotinus,0.022,0.036,-1,Echolocation,/mnt/ubna_data_02_mir/recover-20221013/UBNA_001/20221012_030000.WAV,Telephone Field,recover-20221013,001,1795
898.6135,898.624,23750,30888,Nyctalus leisleri,0.01,0.025,-1,Echolocation,/mnt/ubna_data_02_mir/recover-20221013/UBNA_001/20221012_030000.WAV,Telephone Field,recover-20221013,001,1795
898.6465,898.6846,68437,82662,Rhinolophus ferrumequinum,0.022,0.022,-1,Echolocation,/mnt/ubna_data_02_mir/recover-20221013/UBNA_001/20221012_030000.WAV,Telephone Field,recover-20221013,001,1795
898.6745,898.6844,28046,37438,Eptesicus serotinus,0.01,0.022,-1,Echolocation,/mnt/ubna_data_02_mir/recover-20221013/UBNA_001/20221012_030000.WAV,Telephone Field,recover-20221013,001,1795
898.6915,898.7293999999999,68437,82197,Rhinolophus ferrumequinum,0.025,0.025,-1,Echolocation,/mnt/ubna_data_02_mir/recover-20221013/UBNA_001/20221012_030000.WAV,Telephone Field,recover-20221013,001,1795
898.7105,898.7502,68437,83027,Rhinolophus ferrumequinum,0.027,0.027,-1,Echolocation,/mnt/ubna_data_02_mir/recover-20221013/UBNA_001/20221012_030000.WAV,Telephone Field,recover-20221013,001,1795
898.7255,898.7322,28906,38477,Eptesicus serotinus,0.012,0.033,-1,Echolocation,/mnt/ubna_data_02_mir/recover-20221013/UBNA_001/20221012_030000.WAV,Telephone Field,recover-20221013,001,1795
898.7555,898.7687,28906,34371,Eptesicus serotinus,0.022,0.037,-1,Echolocation,/mnt/ubna_data_02_mir/recover-20221013/UBNA_001/20221012_030000.WAV,Telephone Field,recover-20221013,001,1795
898.7565,898.7922,68437,81455,Rhinolophus ferrumequinum,0.022,0.022,-1,Echolocation,/mnt/ubna_data_02_mir/recover-20221013/UBNA_001/20221012_030000.WAV,Telephone Field,recover-20221013,001,1795
898.7875,898.825,68437,81939,Rhinolophus ferrumequinum,0.022,0.022,-1,Echolocation,/mnt/ubna_data_02_mir/recover-20221013/UBNA_001/20221012_030000.WAV,Telephone Field,recover-20221013,001,1795
898.8295,898.8365,24609,34146,Plecotus austriacus,0.011,0.027,-1,Echolocation,/mnt/ubna_data_02_mir/recover-20221013/UBNA_001/20221012_030000.WAV,Telephone Field,recover-20221013,001,1795
898.8365,898.8749,68437,82074,Rhinolophus ferrumequinum,0.025,0.025,-1,Echolocation,/mnt/ubna_data_02_mir/recover-20221013/UBNA_001/20221012_030000.WAV,Telephone Field,recover-20221013,001,1795
898.8985,898.9093,24609,31062,Nyctalus leisleri,0.013,0.032,-1,Echolocation,/mnt/ubna_data_02_mir/recover-20221013/UBNA_001/20221012_030000.WAV,Telephone Field,recover-20221013,001,1795
898.9115,898.9177999999999,28046,43365,Plecotus auritus,0.006,0.026,-1,Echolocation,/mnt/ubna_data_02_mir/recover-20221013/UBNA_001/20221012_030000.WAV,Telephone Field,recover-20221013,001,1795
898.9185,898.9555,68437,82111,Rhinolophus ferrumequinum,0.026,0.026,-1,Echolocation,/mnt/ubna_data_02_mir/recover-20221013/UBNA_001/20221012_030000.WAV,Telephone Field,recover-20221013,001,1795
898.9275,898.9449,19453,23674,Nyctalus noctula,0.015,0.032,-1,Echolocation,/mnt/ubna_data_02_mir/recover-20221013/UBNA_001/20221012_030000.WAV,Telephone Field,recover-20221013,001,1795
898.9425,898.9821,68437,82073,Rhinolophus ferrumequinum,0.023,0.023,-1,Echolocation,/mnt/ubna_data_02_mir/recover-20221013/UBNA_001/20221012_030000.WAV,Telephone Field,recover-20221013,001,1795
898.9715,898.9811,43515,46928,Pipistrellus pipistrellus,0.021,0.024,-1,Echolocation,/mnt/ubna_data_02_mir/recover-20221013/UBNA_001/20221012_030000.WAV,Telephone Field,recover-20221013,001,1795
898.9865,899.0242,68437,82356,Rhinolophus ferrumequinum,0.022,0.022,-1,Echolocation,/mnt/ubna_data_02_mir/recover-20221013/UBNA_001/20221012_030000.WAV,Telephone Field,recover-20221013,001,1795
899.0085,899.0185,22031,28293,Nyctalus leisleri,0.008,0.023,-1,Echolocation,/mnt/ubna_data_02_mir/recover-20221013/UBNA_001/20221012_030000.WAV,Telephone Field,recover-20221013,001,1795
899.0095,899.0167,27187,38716,Eptesicus serotinus,0.006,0.022,-1,Echolocation,/mnt/ubna_data_02_mir/recover-20221013/UBNA_001/20221012_030000.WAV,Telephone Field,recover-20221013,001,1795
899.0215,899.0571,68437,81060,Rhinolophus ferrumequinum,0.021,0.022,-1,Echolocation,/mnt/ubna_data_02_mir/recover-20221013/UBNA_001/20221012_030000.WAV,Telephone Field,recover-20221013,001,1795
899.0505,899.0603,22890,28900,Nyctalus leisleri,0.009,0.023,-1,Echolocation,/mnt/ubna_data_02_mir/recover-20221013/UBNA_001/20221012_030000.WAV,Telephone Field,recover-20221013,001,1795
899.0845,899.0924,28046,38743,Eptesicus serotinus,0.008,0.023,-1,Echolocation,/mnt/ubna_data_02_mir/recover-20221013/UBNA_001/20221012_030000.WAV,Telephone Field,recover-20221013,001,1795
899.1145,899.1567,68437,82836,Rhinolophus ferrumequinum,0.024,0.025,-1,Echolocation,/mnt/ubna_data_02_mir/recover-20221013/UBNA_001/20221012_030000.WAV,Telephone Field,recover-20221013,001,1795
899.1175,899.1256,51250,56958,Pipistrellus pipistrellus,0.018,0.024,-1,Echolocation,/mnt/ubna_data_02_mir/recover-20221013/UBNA_001/20221012_030000.WAV,Telephone Field,recover-20221013,001,1795
899.1485,899.1878,68437,82842,Rhinolophus ferrumequinum,0.024,0.024,-1,Echolocation,/mnt/ubna_data_02_mir/recover-20221013/UBNA_001/20221012_030000.WAV,Telephone Field,recover-20221013,001,1795
899.1645,899.2026,68437,82375,Rhinolophus ferrumequinum,0.024,0.024,-1,Echolocation,/mnt/ubna_data_02_mir/recover-20221013/UBNA_001/20221012_030000.WAV,Telephone Field,recover-20221013,001,1795
899.2185,899.2506,68437,80075,Rhinolophus ferrumequinum,0.024,0.024,-1,Echolocation,/mnt/ubna_data_02_mir/recover-20221013/UBNA_001/20221012_030000.WAV,Telephone Field,recover-20221013,001,1795
899.2355,899.2759,68437,82579,Rhinolophus ferrumequinum,0.025,0.026,-1,Echolocation,/mnt/ubna_data_02_mir/recover-20221013/UBNA_001/20221012_030000.WAV,Telephone Field,recover-20221013,001,1795
899.2475,899.2857,68437,82360,Rhinolophus ferrumequinum,0.024,0.024,-1,Echolocation,/mnt/ubna_data_02_mir/recover-20221013/UBNA_001/20221012_030000.WAV,Telephone Field,recover-20221013,001,1795
899.2725,899.3119,68437,82280,Rhinolophus ferrumequinum,0.03,0.03,-1,Echolocation,/mnt/ubna_data_02_mir/recover-20221013/UBNA_001/20221012_030000.WAV,Telephone Field,recover-20221013,001,1795
899.3075,899.3461,68437,82314,Rhinolophus ferrumequinum,0.023,0.023,-1,Echolocation,/mnt/ubna_data_02_mir/recover-20221013/UBNA_001/20221012_030000.WAV,Telephone Field,recover-20221013,001,1795
899.3565,899.3954,68437,82471,Rhinolophus ferrumequinum,0.022,0.022,-1,Echolocation,/mnt/ubna_data_02_mir/recover-20221013/UBNA_001/20221012_030000.WAV,Telephone Field,recover-20221013,001,1795
899.3915,899.4281,68437,81985,Rhinolophus ferrumequinum,0.022,0.022,-1,Echolocation,/mnt/ubna_data_02_mir/recover-20221013/UBNA_001/20221012_030000.WAV,Telephone Field,recover-20221013,001,1795
899.3995,899.4086,27187,36651,Eptesicus serotinus,0.01,0.024,-1,Echolocation,/mnt/ubna_data_02_mir/recover-20221013/UBNA_001/20221012_030000.WAV,Telephone Field,recover-20221013,001,1795
899.4745,899.5134,68437,81497,Rhinolophus ferrumequinum,0.028,0.028,-1,Echolocation,/mnt/ubna_data_02_mir/recover-20221013/UBNA_001/20221012_030000.WAV,Telephone Field,recover-20221013,001,1795
899.4855,899.4921,47812,52076,Pipistrellus pipistrellus,0.022,0.024,-1,Echolocation,/mnt/ubna_data_02_mir/recover-20221013/UBNA_001/20221012_030000.WAV,Telephone Field,recover-20221013,001,1795
899.4955,899.5311,68437,82411,Rhinolophus ferrumequinum,0.022,0.022,-1,Echolocation,/mnt/ubna_data_02_mir/recover-20221013/UBNA_001/20221012_030000.WAV,Telephone Field,recover-20221013,001,1795
899.4965,899.5039,16875,25997,Plecotus auritus,0.03,0.06,-1,Echolocation,/mnt/ubna_data_02_mir/recover-20221013/UBNA_001/20221012_030000.WAV,Telephone Field,recover-20221013,001,1795
899.5264999999999,899.5661,68437,83041,Rhinolophus ferrumequinum,0.024,0.024,-1,Echolocation,/mnt/ubna_data_02_mir/recover-20221013/UBNA_001/20221012_030000.WAV,Telephone Field,recover-20221013,001,1795
899.6845,899.7216,68437,81509,Rhinolophus ferrumequinum,0.023,0.023,-1,Echolocation,/mnt/ubna_data_02_mir/recover-20221013/UBNA_001/20221012_030000.WAV,Telephone Field,recover-20221013,001,1795
899.6955,899.7346,68437,82355,Rhinolophus ferrumequinum,0.023,0.023,-1,Echolocation,/mnt/ubna_data_02_mir/recover-20221013/UBNA_001/20221012_030000.WAV,Telephone Field,recover-20221013,001,1795
899.7155,899.7581,68437,83340,Rhinolophus ferrumequinum,0.039,0.039,-1,Echolocation,/mnt/ubna_data_02_mir/recover-20221013/UBNA_001/20221012_030000.WAV,Telephone Field,recover-20221013,001,1795
899.7185,899.7249,24609,36144,Plecotus austriacus,0.01,0.028,-1,Echolocation,/mnt/ubna_data_02_mir/recover-20221013/UBNA_001/20221012_030000.WAV,Telephone Field,recover-20221013,001,1795
899.7355,899.7454,24609,31871,Eptesicus serotinus,0.01,0.027,-1,Echolocation,/mnt/ubna_data_02_mir/recover-20221013/UBNA_001/20221012_030000.WAV,Telephone Field,recover-20221013,001,1795
899.7515,899.7901,68437,82086,Rhinolophus ferrumequinum,0.023,0.023,-1,Echolocation,/mnt/ubna_data_02_mir/recover-20221013/UBNA_001/20221012_030000.WAV,Telephone Field,recover-20221013,001,1795
899.7625,899.8041,68437,82919,Rhinolophus ferrumequinum,0.026,0.026,-1,Echolocation,/mnt/ubna_data_02_mir/recover-20221013/UBNA_001/20221012_030000.WAV,Telephone Field,recover-20221013,001,1795
899.7955,899.8348,68437,82320,Rhinolophus ferrumequinum,0.021,0.022,-1,Echolocation,/mnt/ubna_data_02_mir/recover-20221013/UBNA_001/20221012_030000.WAV,Telephone Field,recover-20221013,001,1795
899.8155,899.855,68437,82697,Rhinolophus ferrumequinum,0.023,0.023,-1,Echolocation,/mnt/ubna_data_02_mir/recover-20221013/UBNA_001/20221012_030000.WAV,Telephone Field,recover-20221013,001,1795
899.8415,899.8859,68437,83571,Rhinolophus ferrumequinum,0.044,0.044,-1,Echolocation,/mnt/ubna_data_02_mir/recover-20221013/UBNA_001/20221012_030000.WAV,Telephone Field,recover-20221013,001,1795
899.8455,899.8549,22031,28352,Plecotus austriacus,0.008,0.022,-1,Echolocation,/mnt/ubna_data_02_mir/recover-20221013/UBNA_001/20221012_030000.WAV,Telephone Field,recover-20221013,001,1795
899.8585,899.8692,22031,26938,Nyctalus leisleri,0.01,0.022,-1,Echolocation,/mnt/ubna_data_02_mir/recover-20221013/UBNA_001/20221012_030000.WAV,Telephone Field,recover-20221013,001,1795
899.8845,899.9264000000001,68437,82768,Rhinolophus ferrumequinum,0.039,0.039,-1,Echolocation,/mnt/ubna_data_02_mir/recover-20221013/UBNA_001/20221012_030000.WAV,Telephone Field,recover-20221013,001,1795
899.8965,899.934,68437,82339,Rhinolophus ferrumequinum,0.025,0.025,-1,Echolocation,/mnt/ubna_data_02_mir/recover-20221013/UBNA_001/20221012_030000.WAV,Telephone Field,recover-20221013,001,1795
899.9005,899.9113,23750,29987,Nyctalus leisleri,0.012,0.028,-1,Echolocation,/mnt/ubna_data_02_mir/recover-20221013/UBNA_001/20221012_030000.WAV,Telephone Field,recover-20221013,001,1795
899.9325,899.943,37500,43001,Barbastellus barbastellus,0.005,0.022,-1,Echolocation,/mnt/ubna_data_02_mir/recover-20221013/UBNA_001/20221012_030000.WAV,Telephone Field,recover-20221013,001,1795
899.9355,899.9742,68437,81909,Rhinolophus ferrumequinum,0.022,0.022,-1,Echolocation,/mnt/ubna_data_02_mir/recover-20221013/UBNA_001/20221012_030000.WAV,Telephone Field,recover-20221013,001,1795
899.9845,899.9912,26328,38347,Plecotus austriacus,0.007,0.031,-1,Echolocation,/mnt/ubna_data_02_mir/recover-20221013/UBNA_001/20221012_030000.WAV,Telephone Field,recover-20221013,001,1795
900.0015,900.0354,68437,79628,Rhinolophus ferrumequinum,0.032,0.032,-1,Echolocation,/mnt/ubna_data_02_mir/recover-20221013/UBNA_001/20221012_030000.WAV,Telephone Field,recover-20221013,001,1795
900.0015,900.0068,46093,53263,Pipistrellus pipistrellus,0.031,0.036,-1,Echolocation,/mnt/ubna_data_02_mir/recover-20221013/UBNA_001/20221012_030000.WAV,Telephone Field,recover-20221013,001,1795
900.0015,900.0093,22890,32224,Plecotus austriacus,0.008,0.026,-1,Echolocation,/mnt/ubna_data_02_mir/recover-20221013/UBNA_001/20221012_030000.WAV,Telephone Field,recover-20221013,001,1795
900.0595,900.1047,68437,83585,Rhinolophus ferrumequinum,0.058,0.058,-1,Echolocation,/mnt/ubna_data_02_mir/recover-20221013/UBNA_001/20221012_030000.WAV,Telephone Field,recover-20221013,001,1795
900.0605,900.0683,49531,56254,Pipistrellus pipistrellus,0.02,0.023,-1,Echolocation,/mnt/ubna_data_02_mir/recover-20221013/UBNA_001/20221012_030000.WAV,Telephone Field,recover-20221013,001,1795
900.0775,900.0899,24609,30731,Nyctalus leisleri,0.008,0.024,-1,Echolocation,/mnt/ubna_data_02_mir/recover-20221013/UBNA_001/20221012_030000.WAV,Telephone Field,recover-20221013,001,1795
900.0965,900.1336,68437,82127,Rhinolophus ferrumequinum,0.021,0.021,-1,Echolocation,/mnt/ubna_data_02_mir/recover-20221013/UBNA_001/20221012_030000.WAV,Telephone Field,recover-20221013,001,1795
900.1025,900.1375,68437,81809,Rhinolophus ferrumequinum,0.021,0.021,-1,Echolocation,/mnt/ubna_data_02_mir/recover-20221013/UBNA_001/20221012_030000.WAV,Telephone Field,recover-20221013,001,1795
900.1425,900.1838,68437,82767,Rhinolophus ferrumequinum,0.028,0.028,-1,Echolocation,/mnt/ubna_data_02_mir/recover-20221013/UBNA_001/20221012_030000.WAV,Telephone Field,recover-20221013,001,1795
900.1495,900.1599,23750,30046,Nyctalus leisleri,0.008,0.023,-1,Echolocation,/mnt/ubna_data_02_mir/recover-20221013/UBNA_001/20221012_030000.WAV,Telephone Field,recover-20221013,001,1795
900.1715,900.2136,68437,82991,Rhinolophus ferrumequinum,0.03,0.03,-1,Echolocation,/mnt/ubna_data_02_mir/recover-20221013/UBNA_001/20221012_030000.WAV,Telephone Field,recover-20221013,001,1795
900.1925,900.2043,28046,34741,Eptesicus serotinus,0.014,0.027,-1,Echolocation,/mnt/ubna_data_02_mir/recover-20221013/UBNA_001/20221012_030000.WAV,Telephone Field,recover-20221013,001,1795
900.2185,900.2269,27187,38852,Eptesicus serotinus,0.007,0.022,-1,Echolocation,/mnt/ubna_data_02_mir/recover-20221013/UBNA_001/20221012_030000.WAV,Telephone Field,recover-20221013,001,1795
900.3095,900.3197,28906,38915,Eptesicus serotinus,0.012,0.024,-1,Echolocation,/mnt/ubna_data_02_mir/recover-20221013/UBNA_001/20221012_030000.WAV,Telephone Field,recover-20221013,001,1795
900.3425,900.3823,68437,82395,Rhinolophus ferrumequinum,0.029,0.029,-1,Echolocation,/mnt/ubna_data_02_mir/recover-20221013/UBNA_001/20221012_030000.WAV,Telephone Field,recover-20221013,001,1795
900.3735,900.4117,68437,82597,Rhinolophus ferrumequinum,0.024,0.024,-1,Echolocation,/mnt/ubna_data_02_mir/recover-20221013/UBNA_001/20221012_030000.WAV,Telephone Field,recover-20221013,001,1795
900.3755,900.3817,28906,40698,Eptesicus serotinus,0.008,0.031,-1,Echolocation,/mnt/ubna_data_02_mir/recover-20221013/UBNA_001/20221012_030000.WAV,Telephone Field,recover-20221013,001,1795
900.3935,900.4311,68437,82243,Rhinolophus ferrumequinum,0.021,0.022,-1,Echolocation,/mnt/ubna_data_02_mir/recover-20221013/UBNA_001/20221012_030000.WAV,Telephone Field,recover-20221013,001,1795
900.4045,900.4411,68437,81937,Rhinolophus ferrumequinum,0.023,0.023,-1,Echolocation,/mnt/ubna_data_02_mir/recover-20221013/UBNA_001/20221012_030000.WAV,Telephone Field,recover-20221013,001,1795
900.4115,900.4463,68437,81661,Rhinolophus ferrumequinum,0.023,0.024,-1,Echolocation,/mnt/ubna_data_02_mir/recover-20221013/UBNA_001/20221012_030000.WAV,Telephone Field,recover-20221013,001,1795
900.4165,900.4272,23750,30112,Nyctalus leisleri,0.012,0.031,-1,Echolocation,/mnt/ubna_data_02_mir/recover-20221013/UBNA_001/20221012_030000.WAV,Telephone Field,recover-20221013,001,1795
900.4365,900.475,68437,82101,Rhinolophus ferrumequinum,0.021,0.022,-1,Echolocation,/mnt/ubna_data_02_mir/recover-20221013/UBNA_001/20221012_030000.WAV,Telephone Field,recover-20221013,001,1795
900.5045,900.515,23750,30331,Nyctalus leisleri,0.008,0.022,-1,Echolocation,/mnt/ubna_data_02_mir/recover-20221013/UBNA_001/20221012_030000.WAV,Telephone Field,recover-20221013,001,1795
900.5055,900.5153,28046,36327,Eptesicus serotinus,0.01,0.023,-1,Echolocation,/mnt/ubna_data_02_mir/recover-20221013/UBNA_001/20221012_030000.WAV,Telephone Field,recover-20221013,001,1795
900.5565,900.5921,68437,81838,Rhinolophus ferrumequinum,0.022,0.022,-1,Echolocation,/mnt/ubna_data_02_mir/recover-20221013/UBNA_001/20221012_030000.WAV,Telephone Field,recover-20221013,001,1795
900.5715,900.6133,68437,82946,Rhinolophus ferrumequinum,0.036,0.036,-1,Echolocation,/mnt/ubna_data_02_mir/recover-20221013/UBNA_001/20221012_030000.WAV,Telephone Field,recover-20221013,001,1795
900.6105,900.6196,27187,37681,Eptesicus serotinus,0.01,0.024,-1,Echolocation,/mnt/ubna_data_02_mir/recover-20221013/UBNA_001/20221012_030000.WAV,Telephone Field,recover-20221013,001,1795
900.6125,900.6531,68437,82740,Rhinolophus ferrumequinum,0.024,0.024,-1,Echolocation,/mnt/ubna_data_02_mir/recover-20221013/UBNA_001/20221012_030000.WAV,Telephone Field,recover-20221013,001,1795
900.6155,900.624,25468,33077,Eptesicus serotinus,0.008,0.024,-1,Echolocation,/mnt/ubna_data_02_mir/recover-20221013/UBNA_001/20221012_030000.WAV,Telephone Field,recover-20221013,001,1795
900.6185,900.6581,68437,82384,Rhinolophus ferrumequinum,0.025,0.025,-1,Echolocation,/mnt/ubna_data_02_mir/recover-20221013/UBNA_001/20221012_030000.WAV,Telephone Field,recover-20221013,001,1795
900.6295,900.6688,68437,82793,Rhinolophus ferrumequinum,0.021,0.021,-1,Echolocation,/mnt/ubna_data_02_mir/recover-20221013/UBNA_001/20221012_030000.WAV,Telephone Field,recover-20221013,001,1795
900.6365,900.6529,22031,25922,Nyctalus leisleri,0.018,0.033,-1,Echolocation,/mnt/ubna_data_02_mir/recover-20221013/UBNA_001/20221012_030000.WAV,Telephone Field,recover-20221013,001,1795
900.6595,900.6979,68437,82237,Rhinolophus ferrumequinum,0.022,0.022,-1,Echolocation,/mnt/ubna_data_02_mir/recover-20221013/UBNA_001/20221012_030000.WAV,Telephone Field,recover-20221013,001,1795
900.6845,900.7227,68437,82542,Rhinolophus ferrumequinum,0.024,0.024,-1,Echolocation,/mnt/ubna_data_02_mir/recover-20221013/UBNA_001/20221012_030000.WAV,Telephone Field,recover-20221013,001,1795
900.7265,900.7691,68437,83259,Rhinolophus ferrumequinum,0.036,0.036,-1,Echolocation,/mnt/ubna_data_02_mir/recover-20221013/UBNA_001/20221012_030000.WAV,Telephone Field,recover-20221013,001,1795
900.7415,900.7535,22890,28692,Nyctalus leisleri,0.012,0.029,-1,Echolocation,/mnt/ubna_data_02_mir/recover-20221013/UBNA_001/20221012_030000.WAV,Telephone Field,recover-20221013,001,1795
900.7455,900.7837,68437,81446,Rhinolophus ferrumequinum,0.022,0.022,-1,Echolocation,/mnt/ubna_data_02_mir/recover-20221013/UBNA_001/20221012_030000.WAV,Telephone Field,recover-20221013,001,1795
900.7755,900.8137,68437,82439,Rhinolophus ferrumequinum,0.022,0.022,-1,Echolocation,/mnt/ubna_data_02_mir/recover-20221013/UBNA_001/20221012_030000.WAV,Telephone Field,recover-20221013,001,1795
900.7855,900.8234,68437,81873,Rhinolophus ferrumequinum,0.024,0.024,-1,Echolocation,/mnt/ubna_data_02_mir/recover-20221013/UBNA_001/20221012_030000.WAV,Telephone Field,recover-20221013,001,1795
900.8145,900.8539,68437,82615,Rhinolophus ferrumequinum,0.024,0.024,-1,Echolocation,/mnt/ubna_data_02_mir/recover-20221013/UBNA_001/20221012_030000.WAV,Telephone Field,recover-20221013,001,1795
900.8445,900.8546,24609,31846,Eptesicus serotinus,0.008,0.021,-1,Echolocation,/mnt/ubna_data_02_mir/recover-20221013/UBNA_001/20221012_030000.WAV,Telephone Field,recover-20221013,001,1795
900.8565,900.8939,68437,81490,Rhinolophus ferrumequinum,0.021,0.021,-1,Echolocation,/mnt/ubna_data_02_mir/recover-20221013/UBNA_001/20221012_030000.WAV,Telephone Field,recover-20221013,001,1795
900.8905,900.8985,27187,41326,Eptesicus serotinus,0.008,0.022,-1,Echolocation,/mnt/ubna_data_02_mir/recover-20221013/UBNA_001/20221012_030000.WAV,Telephone Field,recover-20221013,001,1795
900.9425,900.9508,26328,35818,Eptesicus serotinus,0.011,0.03,-1,Echolocation,/mnt/ubna_data_02_mir/recover-20221013/UBNA_001/20221012_030000.WAV,Telephone Field,recover-20221013,001,1795
900.9515,900.9917,68437,82628,Rhinolophus ferrumequinum,0.028,0.028,-1,Echolocation,/mnt/ubna_data_02_mir/recover-20221013/UBNA_001/20221012_030000.WAV,Telephone Field,recover-20221013,001,1795
900.9735,901.0124,68437,82749,Rhinolophus ferrumequinum,0.039,0.039,-1,Echolocation,/mnt/ubna_data_02_mir/recover-20221013/UBNA_001/20221012_030000.WAV,Telephone Field,recover-20221013,001,1795
901.0125,901.0517,68437,82760,Rhinolophus ferrumequinum,0.03,0.03,-1,Echolocation,/mnt/ubna_data_02_mir/recover-20221013/UBNA_001/20221012_030000.WAV,Telephone Field,recover-20221013,001,1795
901.0285,901.0408,23750,28534,Nyctalus leisleri,0.014,0.027,-1,Echolocation,/mnt/ubna_data_02_mir/recover-20221013/UBNA_001/20221012_030000.WAV,Telephone Field,recover-20221013,001,1795
901.0475,901.0576,31484,38603,Eptesicus serotinus,0.007,0.025,-1,Echolocation,/mnt/ubna_data_02_mir/recover-20221013/UBNA_001/20221012_030000.WAV,Telephone Field,recover-20221013,001,1795
901.0615,901.1031,68437,83004,Rhinolophus ferrumequinum,0.022,0.022,-1,Echolocation,/mnt/ubna_data_02_mir/recover-20221013/UBNA_001/20221012_030000.WAV,Telephone Field,recover-20221013,001,1795
901.0875,901.0979,23750,29669,Nyctalus leisleri,0.01,0.023,-1,Echolocation,/mnt/ubna_data_02_mir/recover-20221013/UBNA_001/20221012_030000.WAV,Telephone Field,recover-20221013,001,1795
901.0905,901.1355,68437,83763,Rhinolophus ferrumequinum,0.034,0.034,-1,Echolocation,/mnt/ubna_data_02_mir/recover-20221013/UBNA_001/20221012_030000.WAV,Telephone Field,recover-20221013,001,1795
901.1375,901.1447,28046,41096,Eptesicus serotinus,0.006,0.023,-1,Echolocation,/mnt/ubna_data_02_mir/recover-20221013/UBNA_001/20221012_030000.WAV,Telephone Field,recover-20221013,001,1795
901.1935,901.2339,68437,82002,Rhinolophus ferrumequinum,0.026,0.026,-1,Echolocation,/mnt/ubna_data_02_mir/recover-20221013/UBNA_001/20221012_030000.WAV,Telephone Field,recover-20221013,001,1795
901.1945,901.2033,23750,30580,Plecotus austriacus,0.008,0.025,-1,Echolocation,/mnt/ubna_data_02_mir/recover-20221013/UBNA_001/20221012_030000.WAV,Telephone Field,recover-20221013,001,1795
901.2315,901.2389,15156,28382,Plecotus auritus,0.045,0.08,-1,Echolocation,/mnt/ubna_data_02_mir/recover-20221013/UBNA_001/20221012_030000.WAV,Telephone Field,recover-20221013,001,1795
901.3045,901.3143,21171,26247,Nyctalus leisleri,0.008,0.023,-1,Echolocation,/mnt/ubna_data_02_mir/recover-20221013/UBNA_001/20221012_030000.WAV,Telephone Field,recover-20221013,001,1795
901.3115,901.3462,68437,81227,Rhinolophus ferrumequinum,0.021,0.021,-1,Echolocation,/mnt/ubna_data_02_mir/recover-20221013/UBNA_001/20221012_030000.WAV,Telephone Field,recover-20221013,001,1795
901.3325,901.3444,23750,29372,Nyctalus leisleri,0.023,0.05,-1,Echolocation,/mnt/ubna_data_02_mir/recover-20221013/UBNA_001/20221012_030000.WAV,Telephone Field,recover-20221013,001,1795
901.3665,901.4054,68437,82478,Rhinolophus ferrumequinum,0.022,0.022,-1,Echolocation,/mnt/ubna_data_02_mir/recover-20221013/UBNA_001/20221012_030000.WAV,Telephone Field,recover-20221013,001,1795
901.3925,901.4293,68437,80909,Rhinolophus ferrumequinum,0.022,0.022,-1,Echolocation,/mnt/ubna_data_02_mir/recover-20221013/UBNA_001/20221012_030000.WAV,Telephone Field,recover-20221013,001,1795
901.4025,901.4118,28046,39326,Eptesicus serotinus,0.009,0.021,-1,Echolocation,/mnt/ubna_data_02_mir/recover-20221013/UBNA_001/20221012_030000.WAV,Telephone Field,recover-20221013,001,1795
901.4425,901.4809,68437,82062,Rhinolophus ferrumequinum,0.022,0.022,-1,Echolocation,/mnt/ubna_data_02_mir/recover-20221013/UBNA_001/20221012_030000.WAV,Telephone Field,recover-20221013,001,1795
901.4545,901.4947,68437,82224,Rhinolophus ferrumequinum,0.023,0.023,-1,Echolocation,/mnt/ubna_data_02_mir/recover-20221013/UBNA_001/20221012_030000.WAV,Telephone Field,recover-20221013,001,1795
901.4595,901.47,23750,29584,Nyctalus leisleri,0.01,0.023,-1,Echolocation,/mnt/ubna_data_02_mir/recover-20221013/UBNA_001/20221012_030000.WAV,Telephone Field,recover-20221013,001,1795
901.4695,901.4794,22890,28880,Nyctalus leisleri,0.008,0.022,-1,Echolocation,/mnt/ubna_data_02_mir/recover-20221013/UBNA_001/20221012_030000.WAV,Telephone Field,recover-20221013,001,1795
901.4925,901.532,68437,82239,Rhinolophus ferrumequinum,0.022,0.022,-1,Echolocation,/mnt/ubna_data_02_mir/recover-20221013/UBNA_001/20221012_030000.WAV,Telephone Field,recover-20221013,001,1795
901.5085,901.5175,30625,38483,Eptesicus serotinus,0.006,0.023,-1,Echolocation,/mnt/ubna_data_02_mir/recover-20221013/UBNA_001/20221012_030000.WAV,Telephone Field,recover-20221013,001,1795
901.5215,901.5649,68437,83184,Rhinolophus ferrumequinum,0.036,0.036,-1,Echolocation,/mnt/ubna_data_02_mir/recover-20221013/UBNA_001/20221012_030000.WAV,Telephone Field,recover-20221013,001,1795
901.5685,901.6096,68437,82866,Rhinolophus ferrumequinum,0.025,0.025,-1,Echolocation,/mnt/ubna_data_02_mir/recover-20221013/UBNA_001/20221012_030000.WAV,Telephone Field,recover-20221013,001,1795
901.6045,901.6154,26328,33926,Eptesicus serotinus,0.017,0.032,-1,Echolocation,/mnt/ubna_data_02_mir/recover-20221013/UBNA_001/20221012_030000.WAV,Telephone Field,recover-20221013,001,1795
901.6455,901.6832,68437,82033,Rhinolophus ferrumequinum,0.023,0.023,-1,Echolocation,/mnt/ubna_data_02_mir/recover-20221013/UBNA_001/20221012_030000.WAV,Telephone Field,recover-20221013,001,1795
901.6645,901.6693,28046,44262,Plecotus auritus,0.012,0.052,-1,Echolocation,/mnt/ubna_data_02_mir/recover-20221013/UBNA_001/20221012_030000.WAV,Telephone Field,recover-20221013,001,1795
901.6785,901.6864,26328,35095,Eptesicus serotinus,0.009,0.025,-1,Echolocation,/mnt/ubna_data_02_mir/recover-20221013/UBNA_001/20221012_030000.WAV,Telephone Field,recover-20221013,001,1795
901.6805,901.7177,68437,82005,Rhinolophus ferrumequinum,0.023,0.023,-1,Echolocation,/mnt/ubna_data_02_mir/recover-20221013/UBNA_001/20221012_030000.WAV,Telephone Field,recover-20221013,001,1795
901.7025,901.7411,68437,82218,Rhinolophus ferrumequinum,0.027,0.027,-1,Echolocation,/mnt/ubna_data_02_mir/recover-20221013/UBNA_001/20221012_030000.WAV,Telephone Field,recover-20221013,001,1795
901.7065,901.7157,28046,38240,Eptesicus serotinus,0.013,0.027,-1,Echolocation,/mnt/ubna_data_02_mir/recover-20221013/UBNA_001/20221012_030000.WAV,Telephone Field,recover-20221013,001,1795
901.7485,901.786,68437,82357,Rhinolophus ferrumequinum,0.022,0.022,-1,Echolocation,/mnt/ubna_data_02_mir/recover-20221013/UBNA_001/20221012_030000.WAV,Telephone Field,recover-20221013,001,1795
901.7545,901.7936,68437,82572,Rhinolophus ferrumequinum,0.022,0.022,-1,Echolocation,/mnt/ubna_data_02_mir/recover-20221013/UBNA_001/20221012_030000.WAV,Telephone Field,recover-20221013,001,1795
901.7605,901.7695,28046,39272,Eptesicus serotinus,0.009,0.022,-1,Echolocation,/mnt/ubna_data_02_mir/recover-20221013/UBNA_001/20221012_030000.WAV,Telephone Field,recover-20221013,001,1795
901.7805,901.798,19453,22800,Nyctalus leisleri,0.013,0.026,-1,Echolocation,/mnt/ubna_data_02_mir/recover-20221013/UBNA_001/20221012_030000.WAV,Telephone Field,recover-20221013,001,1795
901.7835,901.8222,68437,82016,Rhinolophus ferrumequinum,0.023,0.023,-1,Echolocation,/mnt/ubna_data_02_mir/recover-20221013/UBNA_001/20221012_030000.WAV,Telephone Field,recover-20221013,001,1795
901.8195,901.8301,22031,27163,Nyctalus leisleri,0.01,0.022,-1,Echolocation,/mnt/ubna_data_02_mir/recover-20221013/UBNA_001/20221012_030000.WAV,Telephone Field,recover-20221013,001,1795
901.8425,901.8812,68437,81921,Rhinolophus ferrumequinum,0.023,0.023,-1,Echolocation,/mnt/ubna_data_02_mir/recover-20221013/UBNA_001/20221012_030000.WAV,Telephone Field,recover-20221013,001,1795
901.8595,901.893,68437,81233,Rhinolophus ferrumequinum,0.021,0.021,-1,Echolocation,/mnt/ubna_data_02_mir/recover-20221013/UBNA_001/20221012_030000.WAV,Telephone Field,recover-20221013,001,1795
901.8715,901.881,22890,29567,Nyctalus leisleri,0.007,0.023,-1,Echolocation,/mnt/ubna_data_02_mir/recover-20221013/UBNA_001/20221012_030000.WAV,Telephone Field,recover-20221013,001,1795
901.9045,901.9423,68437,82285,Rhinolophus ferrumequinum,0.022,0.023,-1,Echolocation,/mnt/ubna_data_02_mir/recover-20221013/UBNA_001/20221012_030000.WAV,Telephone Field,recover-20221013,001,1795
901.9135,901.924,23750,29888,Nyctalus leisleri,0.011,0.026,-1,Echolocation,/mnt/ubna_data_02_mir/recover-20221013/UBNA_001/20221012_030000.WAV,Telephone Field,recover-20221013,001,1795
901.9415,901.9801,68437,82799,Rhinolophus ferrumequinum,0.023,0.023,-1,Echolocation,/mnt/ubna_data_02_mir/recover-20221013/UBNA_001/20221012_030000.WAV,Telephone Field,recover-20221013,001,1795
901.9425,901.9518,28046,37709,Eptesicus serotinus,0.011,0.027,-1,Echolocation,/mnt/ubna_data_02_mir/recover-20221013/UBNA_001/20221012_030000.WAV,Telephone Field,recover-20221013,001,1795
901.9795,901.9904,28906,35652,Eptesicus serotinus,0.012,0.027,-1,Echolocation,/mnt/ubna_data_02_mir/recover-20221013/UBNA_001/20221012_030000.WAV,Telephone Field,recover-20221013,001,1795
902.0015,902.0077,45234,49540,Pipistrellus pipistrellus,0.025,0.029,-1,Echolocation,/mnt/ubna_data_02_mir/recover-20221013/UBNA_001/20221012_030000.WAV,Telephone Field,recover-20221013,001,1795
902.0015,902.0285,70156,82672,Rhinolophus ferrumequinum,0.061,0.061,-1,Echolocation,/mnt/ubna_data_02_mir/recover-20221013/UBNA_001/20221012_030000.WAV,Telephone Field,recover-20221013,001,1795
902.0015,902.0105,25468,31569,Nyctalus leisleri,0.015,0.036,-1,Echolocation,/mnt/ubna_data_02_mir/recover-20221013/UBNA_001/20221012_030000.WAV,Telephone Field,recover-20221013,001,1795
902.0265,902.0344,28046,38871,Eptesicus serotinus,0.007,0.024,-1,Echolocation,/mnt/ubna_data_02_mir/recover-20221013/UBNA_001/20221012_030000.WAV,Telephone Field,recover-20221013,001,1795
902.0635,902.1019,68437,81749,Rhinolophus ferrumequinum,0.021,0.021,-1,Echolocation,/mnt/ubna_data_02_mir/recover-20221013/UBNA_001/20221012_030000.WAV,Telephone Field,recover-20221013,001,1795
902.0725,902.0812,47812,52558,Pipistrellus pipistrellus,0.02,0.021,-1,Echolocation,/mnt/ubna_data_02_mir/recover-20221013/UBNA_001/20221012_030000.WAV,Telephone Field,recover-20221013,001,1795
902.0895,902.1058,21171,25031,Nyctalus leisleri,0.013,0.024,-1,Echolocation,/mnt/ubna_data_02_mir/recover-20221013/UBNA_001/20221012_030000.WAV,Telephone Field,recover-20221013,001,1795
902.0985,902.1171,20312,23454,Nyctalus leisleri,0.019,0.032,-1,Echolocation,/mnt/ubna_data_02_mir/recover-20221013/UBNA_001/20221012_030000.WAV,Telephone Field,recover-20221013,001,1795
902.1275,902.1668,68437,82188,Rhinolophus ferrumequinum,0.024,0.024,-1,Echolocation,/mnt/ubna_data_02_mir/recover-20221013/UBNA_001/20221012_030000.WAV,Telephone Field,recover-20221013,001,1795
902.1975,902.2048,28906,39564,Eptesicus serotinus,0.007,0.026,-1,Echolocation,/mnt/ubna_data_02_mir/recover-20221013/UBNA_001/20221012_030000.WAV,Telephone Field,recover-20221013,001,1795
902.2145,902.2543,68437,82718,Rhinolophus ferrumequinum,0.026,0.026,-1,Echolocation,/mnt/ubna_data_02_mir/recover-20221013/UBNA_001/20221012_030000.WAV,Telephone Field,recover-20221013,001,1795
902.2205,902.2602,68437,82705,Rhinolophus ferrumequinum,0.025,0.025,-1,Echolocation,/mnt/ubna_data_02_mir/recover-20221013/UBNA_001/20221012_030000.WAV,Telephone Field,recover-20221013,001,1795
902.2355,902.2466,24609,30027,Nyctalus leisleri,0.014,0.031,-1,Echolocation,/mnt/ubna_data_02_mir/recover-20221013/UBNA_001/20221012_030000.WAV,Telephone Field,recover-20221013,001,1795
902.2375,902.2785,68437,83438,Rhinolophus ferrumequinum,0.024,0.024,-1,Echolocation,/mnt/ubna_data_02_mir/recover-20221013/UBNA_001/20221012_030000.WAV,Telephone Field,recover-20221013,001,1795
902.2545,902.2651,28906,37171,Eptesicus serotinus,0.01,0.022,-1,Echolocation,/mnt/ubna_data_02_mir/recover-20221013/UBNA_001/20221012_030000.WAV,Telephone Field,recover-20221013,001,1795
902.2645,902.274,28906,40108,Eptesicus serotinus,0.008,0.022,-1,Echolocation,/mnt/ubna_data_02_mir/recover-20221013/UBNA_001/20221012_030000.WAV,Telephone Field,recover-20221013,001,1795
902.2725,902.3116,68437,82167,Rhinolophus ferrumequinum,0.021,0.021,-1,Echolocation,/mnt/ubna_data_02_mir/recover-20221013/UBNA_001/20221012_030000.WAV,Telephone Field,recover-20221013,001,1795
902.3015,902.3418,68437,82509,Rhinolophus ferrumequinum,0.024,0.024,-1,Echolocation,/mnt/ubna_data_02_mir/recover-20221013/UBNA_001/20221012_030000.WAV,Telephone Field,recover-20221013,001,1795
902.3025,902.3088,41796,55084,Myotis mystacinus,0.006,0.021,-1,Echolocation,/mnt/ubna_data_02_mir/recover-20221013/UBNA_001/20221012_030000.WAV,Telephone Field,recover-20221013,001,1795
902.3105,902.3178,28046,38918,Eptesicus serotinus,0.006,0.023,-1,Echolocation,/mnt/ubna_data_02_mir/recover-20221013/UBNA_001/20221012_030000.WAV,Telephone Field,recover-20221013,001,1795
902.3245,902.3653,68437,82172,Rhinolophus ferrumequinum,0.021,0.021,-1,Echolocation,/mnt/ubna_data_02_mir/recover-20221013/UBNA_001/20221012_030000.WAV,Telephone Field,recover-20221013,001,1795
902.3255,902.3418,22890,26625,Nyctalus leisleri,0.016,0.025,-1,Echolocation,/mnt/ubna_data_02_mir/recover-20221013/UBNA_001/20221012_030000.WAV,Telephone Field,recover-20221013,001,1795
902.3445,902.3618,20312,23483,Nyctalus leisleri,0.017,0.028,-1,Echolocation,/mnt/ubna_data_02_mir/recover-20221013/UBNA_001/20221012_030000.WAV,Telephone Field,recover-20221013,001,1795
902.3585,902.398,68437,82465,Rhinolophus ferrumequinum,0.022,0.022,-1,Echolocation,/mnt/ubna_data_02_mir/recover-20221013/UBNA_001/20221012_030000.WAV,Telephone Field,recover-20221013,001,1795
902.3755,902.414,68437,82201,Rhinolophus ferrumequinum,0.023,0.023,-1,Echolocation,/mnt/ubna_data_02_mir/recover-20221013/UBNA_001/20221012_030000.WAV,Telephone Field,recover-20221013,001,1795
902.3775,902.3876,22890,28113,Nyctalus leisleri,0.01,0.022,-1,Echolocation,/mnt/ubna_data_02_mir/recover-20221013/UBNA_001/20221012_030000.WAV,Telephone Field,recover-20221013,001,1795
902.4105,902.4551,68437,83802,Rhinolophus ferrumequinum,0.031,0.031,-1,Echolocation,/mnt/ubna_data_02_mir/recover-20221013/UBNA_001/20221012_030000.WAV,Telephone Field,recover-20221013,001,1795
902.4115,902.4186,28046,38088,Eptesicus serotinus,0.008,0.025,-1,Echolocation,/mnt/ubna_data_02_mir/recover-20221013/UBNA_001/20221012_030000.WAV,Telephone Field,recover-20221013,001,1795
902.4425,902.4511,28906,39070,Eptesicus serotinus,0.007,0.021,-1,Echolocation,/mnt/ubna_data_02_mir/recover-20221013/UBNA_001/20221012_030000.WAV,Telephone Field,recover-20221013,001,1795
902.4745,902.5163,68437,82776,Rhinolophus ferrumequinum,0.029,0.029,-1,Echolocation,/mnt/ubna_data_02_mir/recover-20221013/UBNA_001/20221012_030000.WAV,Telephone Field,recover-20221013,001,1795
902.4885,902.4975,28046,38149,Eptesicus serotinus,0.008,0.021,-1,Echolocation,/mnt/ubna_data_02_mir/recover-20221013/UBNA_001/20221012_030000.WAV,Telephone Field,recover-20221013,001,1795
902.5025,902.5105,28046,38664,Eptesicus serotinus,0.007,0.021,-1,Echolocation,/mnt/ubna_data_02_mir/recover-20221013/UBNA_001/20221012_030000.WAV,Telephone Field,recover-20221013,001,1795
902.5295,902.5389,23750,31286,Nyctalus leisleri,0.007,0.024,-1,Echolocation,/mnt/ubna_data_02_mir/recover-20221013/UBNA_001/20221012_030000.WAV,Telephone Field,recover-20221013,001,1795
902.5605,902.6058,68437,83193,Rhinolophus ferrumequinum,0.048,0.048,-1,Echolocation,/mnt/ubna_data_02_mir/recover-20221013/UBNA_001/20221012_030000.WAV,Telephone Field,recover-20221013,001,1795
902.5845,902.5924,28046,42673,Eptesicus serotinus,0.008,0.025,-1,Echolocation,/mnt/ubna_data_02_mir/recover-20221013/UBNA_001/20221012_030000.WAV,Telephone Field,recover-20221013,001,1795
902.6255,902.6343,28046,37273,Eptesicus serotinus,0.008,0.021,-1,Echolocation,/mnt/ubna_data_02_mir/recover-20221013/UBNA_001/20221012_030000.WAV,Telephone Field,recover-20221013,001,1795
902.6565,902.6954,68437,81301,Rhinolophus ferrumequinum,0.021,0.021,-1,Echolocation,/mnt/ubna_data_02_mir/recover-20221013/UBNA_001/20221012_030000.WAV,Telephone Field,recover-20221013,001,1795
902.6675,902.7097,68437,82725,Rhinolophus ferrumequinum,0.031,0.031,-1,Echolocation,/mnt/ubna_data_02_mir/recover-20221013/UBNA_001/20221012_030000.WAV,Telephone Field,recover-20221013,001,1795
902.7015,902.7109,48671,52879,Pipistrellus pipistrellus,0.026,0.029,-1,Echolocation,/mnt/ubna_data_02_mir/recover-20221013/UBNA_001/20221012_030000.WAV,Telephone Field,recover-20221013,001,1795
902.7155,902.7258,22890,28269,Nyctalus leisleri,0.01,0.023,-1,Echolocation,/mnt/ubna_data_02_mir/recover-20221013/UBNA_001/20221012_030000.WAV,Telephone Field,recover-20221013,001,1795
902.7455,902.788,68437,82912,Rhinolophus ferrumequinum,0.025,0.025,-1,Echolocation,/mnt/ubna_data_02_mir/recover-20221013/UBNA_001/20221012_030000.WAV,Telephone Field,recover-20221013,001,1795
902.7655,902.7737,27187,35599,Eptesicus serotinus,0.01,0.027,-1,Echolocation,/mnt/ubna_data_02_mir/recover-20221013/UBNA_001/20221012_030000.WAV,Telephone Field,recover-20221013,001,1795
902.7725,902.7818,47812,57874,Pipistrellus pipistrellus,0.029,0.034,-1,Echolocation,/mnt/ubna_data_02_mir/recover-20221013/UBNA_001/20221012_030000.WAV,Telephone Field,recover-20221013,001,1795
902.7755,902.8159,68437,81821,Rhinolophus ferrumequinum,0.024,0.024,-1,Echolocation,/mnt/ubna_data_02_mir/recover-20221013/UBNA_001/20221012_030000.WAV,Telephone Field,recover-20221013,001,1795
902.7925,902.8288,68437,81780,Rhinolophus ferrumequinum,0.021,0.021,-1,Echolocation,/mnt/ubna_data_02_mir/recover-20221013/UBNA_001/20221012_030000.WAV,Telephone Field,recover-20221013,001,1795
902.8025,902.8117,28046,41210,Eptesicus serotinus,0.009,0.022,-1,Echolocation,/mnt/ubna_data_02_mir/recover-20221013/UBNA_001/20221012_030000.WAV,Telephone Field,recover-20221013,001,1795
902.8165,902.8585,68437,83099,Rhinolophus ferrumequinum,0.027,0.027,-1,Echolocation,/mnt/ubna_data_02_mir/recover-20221013/UBNA_001/20221012_030000.WAV,Telephone Field,recover-20221013,001,1795
902.8245,902.8316,27187,39430,Eptesicus serotinus,0.007,0.027,-1,Echolocation,/mnt/ubna_data_02_mir/recover-20221013/UBNA_001/20221012_030000.WAV,Telephone Field,recover-20221013,001,1795
902.8435,902.8556,26328,31684,Eptesicus serotinus,0.022,0.053,-1,Echolocation,/mnt/ubna_data_02_mir/recover-20221013/UBNA_001/20221012_030000.WAV,Telephone Field,recover-20221013,001,1795
902.8445,902.8824,68437,81956,Rhinolophus ferrumequinum,0.022,0.022,-1,Echolocation,/mnt/ubna_data_02_mir/recover-20221013/UBNA_001/20221012_030000.WAV,Telephone Field,recover-20221013,001,1795
902.8835,902.9245,68437,82453,Rhinolophus ferrumequinum,0.023,0.023,-1,Echolocation,/mnt/ubna_data_02_mir/recover-20221013/UBNA_001/20221012_030000.WAV,Telephone Field,recover-20221013,001,1795
902.8925,902.9298,68437,82108,Rhinolophus ferrumequinum,0.021,0.021,-1,Echolocation,/mnt/ubna_data_02_mir/recover-20221013/UBNA_001/20221012_030000.WAV,Telephone Field,recover-20221013,001,1795
902.9465,902.9566,28906,36320,Eptesicus serotinus,0.01,0.025,-1,Echolocation,/mnt/ubna_data_02_mir/recover-20221013/UBNA_001/20221012_030000.WAV,Telephone Field,recover-20221013,001,1795
903.0135,903.0504,68437,81105,Rhinolophus ferrumequinum,0.023,0.023,-1,Echolocation,/mnt/ubna_data_02_mir/recover-20221013/UBNA_001/20221012_030000.WAV,Telephone Field,recover-20221013,001,1795
903.0195,903.0597,68437,81927,Rhinolophus ferrumequinum,0.025,0.025,-1,Echolocation,/mnt/ubna_data_02_mir/recover-20221013/UBNA_001/20221012_030000.WAV,Telephone Field,recover-20221013,001,1795
903.1045,903.1471,68437,82585,Rhinolophus ferrumequinum,0.022,0.022,-1,Echolocation,/mnt/ubna_data_02_mir/recover-20221013/UBNA_001/20221012_030000.WAV,Telephone Field,recover-20221013,001,1795
903.1115,903.1516,68437,82794,Rhinolophus ferrumequinum,0.021,0.021,-1,Echolocation,/mnt/ubna_data_02_mir/recover-20221013/UBNA_001/20221012_030000.WAV,Telephone Field,recover-20221013,001,1795
903.1275,903.1716,68437,83298,Rhinolophus ferrumequinum,0.026,0.026,-1,Echolocation,/mnt/ubna_data_02_mir/recover-20221013/UBNA_001/20221012_030000.WAV,Telephone Field,recover-20221013,001,1795
903.1285,903.1369,28046,38027,Eptesicus serotinus,0.007,0.021,-1,Echolocation,/mnt/ubna_data_02_mir/recover-20221013/UBNA_001/20221012_030000.WAV,Telephone Field,recover-20221013,001,1795
903.1515,903.1914,68437,82583,Rhinolophus ferrumequinum,0.03,0.03,-1,Echolocation,/mnt/ubna_data_02_mir/recover-20221013/UBNA_001/20221012_030000.WAV,Telephone Field,recover-20221013,001,1795
903.1635,903.2064,68437,82878,Rhinolophus ferrumequinum,0.021,0.021,-1,Echolocation,/mnt/ubna_data_02_mir/recover-20221013/UBNA_001/20221012_030000.WAV,Telephone Field,recover-20221013,001,1795
903.1885,903.2267,68437,81647,Rhinolophus ferrumequinum,0.022,0.022,-1,Echolocation,/mnt/ubna_data_02_mir/recover-20221013/UBNA_001/20221012_030000.WAV,Telephone Field,recover-20221013,001,1795
903.2285,903.2704,68437,82203,Rhinolophus ferrumequinum,0.024,0.024,-1,Echolocation,/mnt/ubna_data_02_mir/recover-20221013/UBNA_001/20221012_030000.WAV,Telephone Field,recover-20221013,001,1795
903.2525,903.2921,68437,81628,Rhinolophus ferrumequinum,0.024,0.024,-1,Echolocation,/mnt/ubna_data_02_mir/recover-20221013/UBNA_001/20221012_030000.WAV,Telephone Field,recover-20221013,001,1795
903.2535,903.2649,28906,35103,Eptesicus serotinus,0.02,0.036,-1,Echolocation,/mnt/ubna_data_02_mir/recover-20221013/UBNA_001/20221012_030000.WAV,Telephone Field,recover-20221013,001,1795
903.2875,903.3278,68437,81857,Rhinolophus ferrumequinum,0.021,0.021,-1,Echolocation,/mnt/ubna_data_02_mir/recover-20221013/UBNA_001/20221012_030000.WAV,Telephone Field,recover-20221013,001,1795
903.3565,903.3965,68437,82495,Rhinolophus ferrumequinum,0.024,0.024,-1,Echolocation,/mnt/ubna_data_02_mir/recover-20221013/UBNA_001/20221012_030000.WAV,Telephone Field,recover-20221013,001,1795
903.3785,903.4211,68437,82939,Rhinolophus ferrumequinum,0.03,0.031,-1,Echolocation,/mnt/ubna_data_02_mir/recover-20221013/UBNA_001/20221012_030000.WAV,Telephone Field,recover-20221013,001,1795
903.3955,903.4372,68437,82546,Rhinolophus ferrumequinum,0.023,0.023,-1,Echolocation,/mnt/ubna_data_02_mir/recover-20221013/UBNA_001/20221012_030000.WAV,Telephone Field,recover-20221013,001,1795
903.4105,903.4507,68437,82290,Rhinolophus ferrumequinum,0.021,0.021,-1,Echolocation,/mnt/ubna_data_02_mir/recover-20221013/UBNA_001/20221012_030000.WAV,Telephone Field,recover-20221013,001,1795
903.5595,903.5677,25468,33534,Eptesicus serotinus,0.008,0.023,-1,Echolocation,/mnt/ubna_data_02_mir/recover-20221013/UBNA_001/20221012_030000.WAV,Telephone Field,recover-20221013,001,1795
903.5635,903.6012,68437,81763,Rhinolophus ferrumequinum,0.021,0.021,-1,Echolocation,/mnt/ubna_data_02_mir/recover-20221013/UBNA_001/20221012_030000.WAV,Telephone Field,recover-20221013,001,1795
903.6115,903.654,68437,82895,Rhinolophus ferrumequinum,0.026,0.026,-1,Echolocation,/mnt/ubna_data_02_mir/recover-20221013/UBNA_001/20221012_030000.WAV,Telephone Field,recover-20221013,001,1795
903.6285,903.6356,24609,33583,Plecotus austriacus,0.008,0.022,-1,Echolocation,/mnt/ubna_data_02_mir/recover-20221013/UBNA_001/20221012_030000.WAV,Telephone Field,recover-20221013,001,1795
903.6775,903.717,68437,82225,Rhinolophus ferrumequinum,0.022,0.023,-1,Echolocation,/mnt/ubna_data_02_mir/recover-20221013/UBNA_001/20221012_030000.WAV,Telephone Field,recover-20221013,001,1795
903.6975,903.7415,68437,83434,Rhinolophus ferrumequinum,0.033,0.033,-1,Echolocation,/mnt/ubna_data_02_mir/recover-20221013/UBNA_001/20221012_030000.WAV,Telephone Field,recover-20221013,001,1795
903.7075,903.7132,36640,45221,Myotis daubentonii,0.01,0.021,-1,Echolocation,/mnt/ubna_data_02_mir/recover-20221013/UBNA_001/20221012_030000.WAV,Telephone Field,recover-20221013,001,1795
903.7075,903.7144,27187,43876,Eptesicus serotinus,0.006,0.021,-1,Echolocation,/mnt/ubna_data_02_mir/recover-20221013/UBNA_001/20221012_030000.WAV,Telephone Field,recover-20221013,001,1795
903.7545,903.7623,26328,35082,Eptesicus serotinus,0.01,0.024,-1,Echolocation,/mnt/ubna_data_02_mir/recover-20221013/UBNA_001/20221012_030000.WAV,Telephone Field,recover-20221013,001,1795
903.7645,903.8053,68437,82390,Rhinolophus ferrumequinum,0.024,0.024,-1,Echolocation,/mnt/ubna_data_02_mir/recover-20221013/UBNA_001/20221012_030000.WAV,Telephone Field,recover-20221013,001,1795
903.7965,903.806,24609,31563,Nyctalus leisleri,0.008,0.022,-1,Echolocation,/mnt/ubna_data_02_mir/recover-20221013/UBNA_001/20221012_030000.WAV,Telephone Field,recover-20221013,001,1795
903.8055,903.8459,68437,81960,Rhinolophus ferrumequinum,0.022,0.022,-1,Echolocation,/mnt/ubna_data_02_mir/recover-20221013/UBNA_001/20221012_030000.WAV,Telephone Field,recover-20221013,001,1795
903.8325,903.8708,68437,82108,Rhinolophus ferrumequinum,0.021,0.022,-1,Echolocation,/mnt/ubna_data_02_mir/recover-20221013/UBNA_001/20221012_030000.WAV,Telephone Field,recover-20221013,001,1795
903.8525,903.8925,68437,82434,Rhinolophus ferrumequinum,0.021,0.021,-1,Echolocation,/mnt/ubna_data_02_mir/recover-20221013/UBNA_001/20221012_030000.WAV,Telephone Field,recover-20221013,001,1795
903.8665,903.9029,68437,81217,Rhinolophus ferrumequinum,0.021,0.021,-1,Echolocation,/mnt/ubna_data_02_mir/recover-20221013/UBNA_001/20221012_030000.WAV,Telephone Field,recover-20221013,001,1795
903.8815,903.8893,28046,40835,Eptesicus serotinus,0.007,0.022,-1,Echolocation,/mnt/ubna_data_02_mir/recover-20221013/UBNA_001/20221012_030000.WAV,Telephone Field,recover-20221013,001,1795
903.9195,903.9577,68437,82102,Rhinolophus ferrumequinum,0.021,0.021,-1,Echolocation,/mnt/ubna_data_02_mir/recover-20221013/UBNA_001/20221012_030000.WAV,Telephone Field,recover-20221013,001,1795
903.9505,903.9893,68437,81392,Rhinolophus ferrumequinum,0.028,0.029,-1,Echolocation,/mnt/ubna_data_02_mir/recover-20221013/UBNA_001/20221012_030000.WAV,Telephone Field,recover-20221013,001,1795
903.9575,903.9979,68437,81201,Rhinolophus ferrumequinum,0.024,0.024,-1,Echolocation,/mnt/ubna_data_02_mir/recover-20221013/UBNA_001/20221012_030000.WAV,Telephone Field,recover-20221013,001,1795
904.0015,904.0363,68437,80565,Rhinolophus ferrumequinum,0.046,0.047,-1,Echolocation,/mnt/ubna_data_02_mir/recover-20221013/UBNA_001/20221012_030000.WAV,Telephone Field,recover-20221013,001,1795
904.0015,904.0105,26328,34223,Nyctalus leisleri,0.009,0.029,-1,Echolocation,/mnt/ubna_data_02_mir/recover-20221013/UBNA_001/20221012_030000.WAV,Telephone Field,recover-20221013,001,1795
904.0015,904.0114,21171,27220,Nyctalus leisleri,0.009,0.024,-1,Echolocation,/mnt/ubna_data_02_mir/recover-20221013/UBNA_001/20221012_030000.WAV,Telephone Field,recover-20221013,001,1795
904.0015,904.0087,47812,52860,Pipistrellus pipistrellus,0.023,0.029,-1,Echolocation,/mnt/ubna_data_02_mir/recover-20221013/UBNA_001/20221012_030000.WAV,Telephone Field,recover-20221013,001,1795
904.0075,904.0493,68437,82163,Rhinolophus ferrumequinum,0.022,0.022,-1,Echolocation,/mnt/ubna_data_02_mir/recover-20221013/UBNA_001/20221012_030000.WAV,Telephone Field,recover-20221013,001,1795
904.0195,904.0587,68437,83143,Rhinolophus ferrumequinum,0.026,0.026,-1,Echolocation,/mnt/ubna_data_02_mir/recover-20221013/UBNA_001/20221012_030000.WAV,Telephone Field,recover-20221013,001,1795
904.0245,904.0302,28046,38928,Myotis daubentonii,0.005,0.023,-1,Echolocation,/mnt/ubna_data_02_mir/recover-20221013/UBNA_001/20221012_030000.WAV,Telephone Field,recover-20221013,001,1795
904.0325,904.0733,68437,82484,Rhinolophus ferrumequinum,0.027,0.027,-1,Echolocation,/mnt/ubna_data_02_mir/recover-20221013/UBNA_001/20221012_030000.WAV,Telephone Field,recover-20221013,001,1795
904.0625,904.101,68437,82264,Rhinolophus ferrumequinum,0.023,0.023,-1,Echolocation,/mnt/ubna_data_02_mir/recover-20221013/UBNA_001/20221012_030000.WAV,Telephone Field,recover-20221013,001,1795
904.0775,904.0847,48671,54543,Pipistrellus pipistrellus,0.025,0.027,-1,Echolocation,/mnt/ubna_data_02_mir/recover-20221013/UBNA_001/20221012_030000.WAV,Telephone Field,recover-20221013,001,1795
904.1035,904.1124,28906,39635,Eptesicus serotinus,0.01,0.026,-1,Echolocation,/mnt/ubna_data_02_mir/recover-20221013/UBNA_001/20221012_030000.WAV,Telephone Field,recover-20221013,001,1795
904.1545,904.1958,68437,82806,Rhinolophus ferrumequinum,0.027,0.027,-1,Echolocation,/mnt/ubna_data_02_mir/recover-20221013/UBNA_001/20221012_030000.WAV,Telephone Field,recover-20221013,001,1795
904.1885,904.2305,68437,83037,Rhinolophus ferrumequinum,0.028,0.028,-1,Echolocation,/mnt/ubna_data_02_mir/recover-20221013/UBNA_001/20221012_030000.WAV,Telephone Field,recover-20221013,001,1795
904.2275,904.2679,68437,82324,Rhinolophus ferrumequinum,0.025,0.026,-1,Echolocation,/mnt/ubna_data_02_mir/recover-20221013/UBNA_001/20221012_030000.WAV,Telephone Field,recover-20221013,001,1795
904.2475,904.2864,68437,81612,Rhinolophus ferrumequinum,0.03,0.03,-1,Echolocation,/mnt/ubna_data_02_mir/recover-20221013/UBNA_001/20221012_030000.WAV,Telephone Field,recover-20221013,001,1795
904.2765,904.3192,68437,82828,Rhinolophus ferrumequinum,0.03,0.03,-1,Echolocation,/mnt/ubna_data_02_mir/recover-20221013/UBNA_001/20221012_030000.WAV,Telephone Field,recover-20221013,001,1795
904.2935,904.3356,68437,82832,Rhinolophus ferrumequinum,0.023,0.023,-1,Echolocation,/mnt/ubna_data_02_mir/recover-20221013/UBNA_001/20221012_030000.WAV,Telephone Field,recover-20221013,001,1795
904.3515,904.3906,68437,82251,Rhinolophus ferrumequinum,0.023,0.023,-1,Echolocation,/mnt/ubna_data_02_mir/recover-20221013/UBNA_001/20221012_030000.WAV,Telephone Field,recover-20221013,001,1795
904.4075,904.4462,68437,81485,Rhinolophus ferrumequinum,0.026,0.026,-1,Echolocation,/mnt/ubna_data_02_mir/recover-20221013/UBNA_001/20221012_030000.WAV,Telephone Field,recover-20221013,001,1795
904.4405,904.4505,22890,27368,Nyctalus leisleri,0.012,0.022,-1,Echolocation,/mnt/ubna_data_02_mir/recover-20221013/UBNA_001/20221012_030000.WAV,Telephone Field,recover-20221013,001,1795
904.4545,904.4932,68437,82063,Rhinolophus ferrumequinum,0.022,0.022,-1,Echolocation,/mnt/ubna_data_02_mir/recover-20221013/UBNA_001/20221012_030000.WAV,Telephone Field,recover-20221013,001,1795
904.4635,904.5012,68437,81942,Rhinolophus ferrumequinum,0.024,0.024,-1,Echolocation,/mnt/ubna_data_02_mir/recover-20221013/UBNA_001/20221012_030000.WAV,Telephone Field,recover-20221013,001,1795
904.4705,904.5074,68437,81837,Rhinolophus ferrumequinum,0.022,0.022,-1,Echolocation,/mnt/ubna_data_02_mir/recover-20221013/UBNA_001/20221012_030000.WAV,Telephone Field,recover-20221013,001,1795
904.4825,904.5243,68437,82886,Rhinolophus ferrumequinum,0.028,0.028,-1,Echolocation,/mnt/ubna_data_02_mir/recover-20221013/UBNA_001/20221012_030000.WAV,Telephone Field,recover-20221013,001,1795
904.4835,904.4917,28046,38727,Eptesicus serotinus,0.009,0.025,-1,Echolocation,/mnt/ubna_data_02_mir/recover-20221013/UBNA_001/20221012_030000.WAV,Telephone Field,recover-20221013,001,1795
904.4975,904.5121,22890,27276,Nyctalus leisleri,0.017,0.031,-1,Echolocation,/mnt/ubna_data_02_mir/recover-20221013/UBNA_001/20221012_030000.WAV,Telephone Field,recover-20221013,001,1795
904.5495,904.5877,68437,82105,Rhinolophus ferrumequinum,0.023,0.023,-1,Echolocation,/mnt/ubna_data_02_mir/recover-20221013/UBNA_001/20221012_030000.WAV,Telephone Field,recover-20221013,001,1795
904.5735,904.6098,68437,81526,Rhinolophus ferrumequinum,0.023,0.023,-1,Echolocation,/mnt/ubna_data_02_mir/recover-20221013/UBNA_001/20221012_030000.WAV,Telephone Field,recover-20221013,001,1795
904.5825,904.6209,68437,82314,Rhinolophus ferrumequinum,0.027,0.027,-1,Echolocation,/mnt/ubna_data_02_mir/recover-20221013/UBNA_001/20221012_030000.WAV,Telephone Field,recover-20221013,001,1795
904.6355,904.6727,68437,82078,Rhinolophus ferrumequinum,0.024,0.024,-1,Echolocation,/mnt/ubna_data_02_mir/recover-20221013/UBNA_001/20221012_030000.WAV,Telephone Field,recover-20221013,001,1795
904.6515,904.6906,68437,81637,Rhinolophus ferrumequinum,0.023,0.023,-1,Echolocation,/mnt/ubna_data_02_mir/recover-20221013/UBNA_001/20221012_030000.WAV,Telephone Field,recover-20221013,001,1795
904.6815,904.6942,50390,55172,Pipistrellus pipistrellus,0.028,0.035,-1,Echolocation,/mnt/ubna_data_02_mir/recover-20221013/UBNA_001/20221012_030000.WAV,Telephone Field,recover-20221013,001,1795
904.7025,904.71,28046,40504,Eptesicus serotinus,0.008,0.025,-1,Echolocation,/mnt/ubna_data_02_mir/recover-20221013/UBNA_001/20221012_030000.WAV,Telephone Field,recover-20221013,001,1795
904.7035,904.7355,68437,80089,Rhinolophus ferrumequinum,0.024,0.024,-1,Echolocation,/mnt/ubna_data_02_mir/recover-20221013/UBNA_001/20221012_030000.WAV,Telephone Field,recover-20221013,001,1795
904.7445,904.7827,68437,81669,Rhinolophus ferrumequinum,0.022,0.022,-1,Echolocation,/mnt/ubna_data_02_mir/recover-20221013/UBNA_001/20221012_030000.WAV,Telephone Field,recover-20221013,001,1795
904.7535,904.7623,22890,30417,Plecotus austriacus,0.01,0.026,-1,Echolocation,/mnt/ubna_data_02_mir/recover-20221013/UBNA_001/20221012_030000.WAV,Telephone Field,recover-20221013,001,1795
904.7535,904.7701,16015,22359,Nyctalus noctula,0.03,0.038,-1,Echolocation,/mnt/ubna_data_02_mir/recover-20221013/UBNA_001/20221012_030000.WAV,Telephone Field,recover-20221013,001,1795
904.7635,904.8045,68437,82904,Rhinolophus ferrumequinum,0.023,0.023,-1,Echolocation,/mnt/ubna_data_02_mir/recover-20221013/UBNA_001/20221012_030000.WAV,Telephone Field,recover-20221013,001,1795
904.7915,904.8007,26328,35070,Eptesicus serotinus,0.009,0.022,-1,Echolocation,/mnt/ubna_data_02_mir/recover-20221013/UBNA_001/20221012_030000.WAV,Telephone Field,recover-20221013,001,1795
904.8005,904.8394,68437,82527,Rhinolophus ferrumequinum,0.028,0.028,-1,Echolocation,/mnt/ubna_data_02_mir/recover-20221013/UBNA_001/20221012_030000.WAV,Telephone Field,recover-20221013,001,1795
904.8085,904.8465,68437,82002,Rhinolophus ferrumequinum,0.023,0.023,-1,Echolocation,/mnt/ubna_data_02_mir/recover-20221013/UBNA_001/20221012_030000.WAV,Telephone Field,recover-20221013,001,1795
904.8445,904.8563,24609,30871,Eptesicus serotinus,0.015,0.04,-1,Echolocation,/mnt/ubna_data_02_mir/recover-20221013/UBNA_001/20221012_030000.WAV,Telephone Field,recover-20221013,001,1795
904.8445,904.8816,68437,82444,Rhinolophus ferrumequinum,0.024,0.024,-1,Echolocation,/mnt/ubna_data_02_mir/recover-20221013/UBNA_001/20221012_030000.WAV,Telephone Field,recover-20221013,001,1795
904.8615,904.8971,68437,82164,Rhinolophus ferrumequinum,0.027,0.027,-1,Echolocation,/mnt/ubna_data_02_mir/recover-20221013/UBNA_001/20221012_030000.WAV,Telephone Field,recover-20221013,001,1795
904.8705,904.8783,28046,39214,Eptesicus serotinus,0.007,0.023,-1,Echolocation,/mnt/ubna_data_02_mir/recover-20221013/UBNA_001/20221012_030000.WAV,Telephone Field,recover-20221013,001,1795
904.8815,904.8917,43515,48166,Pipistrellus pipistrellus,0.031,0.034,-1,Echolocation,/mnt/ubna_data_02_mir/recover-20221013/UBNA_001/20221012_030000.WAV,Telephone Field,recover-20221013,001,1795
904.8925,904.9037,22890,29499,Nyctalus leisleri,0.011,0.029,-1,Echolocation,/mnt/ubna_data_02_mir/recover-20221013/UBNA_001/20221012_030000.WAV,Telephone Field,recover-20221013,001,1795
904.8985,904.9426,68437,83587,Rhinolophus ferrumequinum,0.066,0.066,-1,Echolocation,/mnt/ubna_data_02_mir/recover-20221013/UBNA_001/20221012_030000.WAV,Telephone Field,recover-20221013,001,1795
904.9355,904.9753,68437,83032,Rhinolophus ferrumequinum,0.022,0.022,-1,Echolocation,/mnt/ubna_data_02_mir/recover-20221013/UBNA_001/20221012_030000.WAV,Telephone Field,recover-20221013,001,1795
904.9935,905.0316,68437,82511,Rhinolophus ferrumequinum,0.022,0.022,-1,Echolocation,/mnt/ubna_data_02_mir/recover-20221013/UBNA_001/20221012_030000.WAV,Telephone Field,recover-20221013,001,1795
905.0085,905.017,28046,40138,Eptesicus serotinus,0.008,0.022,-1,Echolocation,/mnt/ubna_data_02_mir/recover-20221013/UBNA_001/20221012_030000.WAV,Telephone Field,recover-20221013,001,1795
905.0355,905.0746,68437,82410,Rhinolophus ferrumequinum,0.024,0.024,-1,Echolocation,/mnt/ubna_data_02_mir/recover-20221013/UBNA_001/20221012_030000.WAV,Telephone Field,recover-20221013,001,1795
905.0845,905.1222,68437,81478,Rhinolophus ferrumequinum,0.023,0.023,-1,Echolocation,/mnt/ubna_data_02_mir/recover-20221013/UBNA_001/20221012_030000.WAV,Telephone Field,recover-20221013,001,1795
905.0935,905.1356,68437,82876,Rhinolophus ferrumequinum,0.035,0.035,-1,Echolocation,/mnt/ubna_data_02_mir/recover-20221013/UBNA_001/20221012_030000.WAV,Telephone Field,recover-20221013,001,1795
905.1365,905.1769,68437,82677,Rhinolophus ferrumequinum,0.038,0.039,-1,Echolocation,/mnt/ubna_data_02_mir/recover-20221013/UBNA_001/20221012_030000.WAV,Telephone Field,recover-20221013,001,1795
905.1865,905.2259,68437,82524,Rhinolophus ferrumequinum,0.024,0.025,-1,Echolocation,/mnt/ubna_data_02_mir/recover-20221013/UBNA_001/20221012_030000.WAV,Telephone Field,recover-20221013,001,1795
905.2135,905.2492,68437,81994,Rhinolophus ferrumequinum,0.025,0.025,-1,Echolocation,/mnt/ubna_data_02_mir/recover-20221013/UBNA_001/20221012_030000.WAV,Telephone Field,recover-20221013,001,1795
905.2155,905.2229,28906,38925,Eptesicus serotinus,0.007,0.022,-1,Echolocation,/mnt/ubna_data_02_mir/recover-20221013/UBNA_001/20221012_030000.WAV,Telephone Field,recover-20221013,001,1795
905.2345,905.2723,68437,82173,Rhinolophus ferrumequinum,0.022,0.022,-1,Echolocation,/mnt/ubna_data_02_mir/recover-20221013/UBNA_001/20221012_030000.WAV,Telephone Field,recover-20221013,001,1795
905.2565,905.3014,68437,83614,Rhinolophus ferrumequinum,0.033,0.033,-1,Echolocation,/mnt/ubna_data_02_mir/recover-20221013/UBNA_001/20221012_030000.WAV,Telephone Field,recover-20221013,001,1795
905.2885,905.2995,57265,63165,Pipistrellus pygmaeus,0.026,0.027,-1,Echolocation,/mnt/ubna_data_02_mir/recover-20221013/UBNA_001/20221012_030000.WAV,Telephone Field,recover-20221013,001,1795
905.2915,905.3286,68437,81643,Rhinolophus ferrumequinum,0.022,0.022,-1,Echolocation,/mnt/ubna_data_02_mir/recover-20221013/UBNA_001/20221012_030000.WAV,Telephone Field,recover-20221013,001,1795
905.3335,905.3712,68437,81517,Rhinolophus ferrumequinum,0.029,0.029,-1,Echolocation,/mnt/ubna_data_02_mir/recover-20221013/UBNA_001/20221012_030000.WAV,Telephone Field,recover-20221013,001,1795
905.3625,905.3733,27187,34216,Eptesicus serotinus,0.025,0.044,-1,Echolocation,/mnt/ubna_data_02_mir/recover-20221013/UBNA_001/20221012_030000.WAV,Telephone Field,recover-20221013,001,1795
905.4155,905.4223,27187,40342,Eptesicus serotinus,0.006,0.023,-1,Echolocation,/mnt/ubna_data_02_mir/recover-20221013/UBNA_001/20221012_030000.WAV,Telephone Field,recover-20221013,001,1795
905.4245,905.4639,68437,82568,Rhinolophus ferrumequinum,0.023,0.023,-1,Echolocation,/mnt/ubna_data_02_mir/recover-20221013/UBNA_001/20221012_030000.WAV,Telephone Field,recover-20221013,001,1795
905.4345,905.4746,68437,82693,Rhinolophus ferrumequinum,0.024,0.024,-1,Echolocation,/mnt/ubna_data_02_mir/recover-20221013/UBNA_001/20221012_030000.WAV,Telephone Field,recover-20221013,001,1795
905.4635,905.4981,68437,81419,Rhinolophus ferrumequinum,0.025,0.025,-1,Echolocation,/mnt/ubna_data_02_mir/recover-20221013/UBNA_001/20221012_030000.WAV,Telephone Field,recover-20221013,001,1795
905.4725,905.5104,68437,81307,Rhinolophus ferrumequinum,0.025,0.025,-1,Echolocation,/mnt/ubna_data_02_mir/recover-20221013/UBNA_001/20221012_030000.WAV,Telephone Field,recover-20221013,001,1795
905.4785,905.517,68437,81847,Rhinolophus ferrumequinum,0.025,0.025,-1,Echolocation,/mnt/ubna_data_02_mir/recover-20221013/UBNA_001/20221012_030000.WAV,Telephone Field,recover-20221013,001,1795
905.5155,905.525,28046,36718,Eptesicus serotinus,0.038,0.065,-1,Echolocation,/mnt/ubna_data_02_mir/recover-20221013/UBNA_001/20221012_030000.WAV,Telephone Field,recover-20221013,001,1795
905.5195,905.5565,68437,81704,Rhinolophus ferrumequinum,0.022,0.022,-1,Echolocation,/mnt/ubna_data_02_mir/recover-20221013/UBNA_001/20221012_030000.WAV,Telephone Field,recover-20221013,001,1795
905.5495,905.5908,68437,82716,Rhinolophus ferrumequinum,0.023,0.023,-1,Echolocation,/mnt/ubna_data_02_mir/recover-20221013/UBNA_001/20221012_030000.WAV,Telephone Field,recover-20221013,001,1795
905.5495,905.5584,28906,39783,Eptesicus serotinus,0.01,0.024,-1,Echolocation,/mnt/ubna_data_02_mir/recover-20221013/UBNA_001/20221012_030000.WAV,Telephone Field,recover-20221013,001,1795
905.6665,905.7033,68437,81385,Rhinolophus ferrumequinum,0.023,0.023,-1,Echolocation,/mnt/ubna_data_02_mir/recover-20221013/UBNA_001/20221012_030000.WAV,Telephone Field,recover-20221013,001,1795
905.6735,905.7074,68437,82324,Rhinolophus ferrumequinum,0.026,0.026,-1,Echolocation,/mnt/ubna_data_02_mir/recover-20221013/UBNA_001/20221012_030000.WAV,Telephone Field,recover-20221013,001,1795
905.6795,905.689,22031,28324,Plecotus austriacus,0.012,0.03,-1,Echolocation,/mnt/ubna_data_02_mir/recover-20221013/UBNA_001/20221012_030000.WAV,Telephone Field,recover-20221013,001,1795
905.7245,905.7637,68437,82349,Rhinolophus ferrumequinum,0.024,0.024,-1,Echolocation,/mnt/ubna_data_02_mir/recover-20221013/UBNA_001/20221012_030000.WAV,Telephone Field,recover-20221013,001,1795
905.7525,905.764,38359,43702,Pipistrellus nathusii,0.011,0.024,-1,Echolocation,/mnt/ubna_data_02_mir/recover-20221013/UBNA_001/20221012_030000.WAV,Telephone Field,recover-20221013,001,1795
905.7555,905.7722,20312,23919,Nyctalus leisleri,0.014,0.027,-1,Echolocation,/mnt/ubna_data_02_mir/recover-20221013/UBNA_001/20221012_030000.WAV,Telephone Field,recover-20221013,001,1795
905.7765,905.8139,68437,81697,Rhinolophus ferrumequinum,0.025,0.025,-1,Echolocation,/mnt/ubna_data_02_mir/recover-20221013/UBNA_001/20221012_030000.WAV,Telephone Field,recover-20221013,001,1795
905.8185,905.8555,68437,81890,Rhinolophus ferrumequinum,0.022,0.022,-1,Echolocation,/mnt/ubna_data_02_mir/recover-20221013/UBNA_001/20221012_030000.WAV,Telephone Field,recover-20221013,001,1795
905.8535,905.8931,68437,82208,Rhinolophus ferrumequinum,0.026,0.026,-1,Echolocation,/mnt/ubna_data_02_mir/recover-20221013/UBNA_001/20221012_030000.WAV,Telephone Field,recover-20221013,001,1795
905.8715,905.9117,68437,82969,Rhinolophus ferrumequinum,0.024,0.024,-1,Echolocation,/mnt/ubna_data_02_mir/recover-20221013/UBNA_001/20221012_030000.WAV,Telephone Field,recover-20221013,001,1795
905.9125,905.9512,68437,82396,Rhinolophus ferrumequinum,0.022,0.022,-1,Echolocation,/mnt/ubna_data_02_mir/recover-20221013/UBNA_001/20221012_030000.WAV,Telephone Field,recover-20221013,001,1795
905.9385,905.948,22890,29752,Nyctalus leisleri,0.008,0.027,-1,Echolocation,/mnt/ubna_data_02_mir/recover-20221013/UBNA_001/20221012_030000.WAV,Telephone Field,recover-20221013,001,1795
905.9495,905.9897,68437,82849,Rhinolophus ferrumequinum,0.023,0.023,-1,Echolocation,/mnt/ubna_data_02_mir/recover-20221013/UBNA_001/20221012_030000.WAV,Telephone Field,recover-20221013,001,1795
905.9675,905.9769,25468,33586,Eptesicus serotinus,0.01,0.024,-1,Echolocation,/mnt/ubna_data_02_mir/recover-20221013/UBNA_001/20221012_030000.WAV,Telephone Field,recover-20221013,001,1795
905.9875,905.998,22890,30205,Nyctalus leisleri,0.01,0.028,-1,Echolocation,/mnt/ubna_data_02_mir/recover-20221013/UBNA_001/20221012_030000.WAV,Telephone Field,recover-20221013,001,1795
906.0015,906.0337,69296,81931,Rhinolophus ferrumequinum,0.026,0.026,-1,Echolocation,/mnt/ubna_data_02_mir/recover-20221013/UBNA_001/20221012_030000.WAV,Telephone Field,recover-20221013,001,1795
906.0015,906.011,48671,53412,Pipistrellus pipistrellus,0.023,0.027,-1,Echolocation,/mnt/ubna_data_02_mir/recover-20221013/UBNA_001/20221012_030000.WAV,Telephone Field,recover-20221013,001,1795
906.0015,906.0104,27187,34729,Nyctalus leisleri,0.013,0.039,-1,Echolocation,/mnt/ubna_data_02_mir/recover-20221013/UBNA_001/20221012_030000.WAV,Telephone Field,recover-20221013,001,1795
906.0155,906.0554,68437,82855,Rhinolophus ferrumequinum,0.022,0.022,-1,Echolocation,/mnt/ubna_data_02_mir/recover-20221013/UBNA_001/20221012_030000.WAV,Telephone Field,recover-20221013,001,1795
906.0335,906.073,68437,82497,Rhinolophus ferrumequinum,0.024,0.024,-1,Echolocation,/mnt/ubna_data_02_mir/recover-20221013/UBNA_001/20221012_030000.WAV,Telephone Field,recover-20221013,001,1795
906.0445,906.052,26328,39039,Eptesicus serotinus,0.006,0.022,-1,Echolocation,/mnt/ubna_data_02_mir/recover-20221013/UBNA_001/20221012_030000.WAV,Telephone Field,recover-20221013,001,1795
906.0535,906.0915,68437,82177,Rhinolophus ferrumequinum,0.023,0.023,-1,Echolocation,/mnt/ubna_data_02_mir/recover-20221013/UBNA_001/20221012_030000.WAV,Telephone Field,recover-20221013,001,1795
906.0585,906.0668,46953,56959,Pipistrellus pipistrellus,0.018,0.025,-1,Echolocation,/mnt/ubna_data_02_mir/recover-20221013/UBNA_001/20221012_030000.WAV,Telephone Field,recover-20221013,001,1795
906.0725,906.0792,24609,34211,Plecotus austriacus,0.01,0.026,-1,Echolocation,/mnt/ubna_data_02_mir/recover-20221013/UBNA_001/20221012_030000.WAV,Telephone Field,recover-20221013,001,1795
906.0855,906.0918,51250,57709,Pipistrellus pipistrellus,0.019,0.022,-1,Echolocation,/mnt/ubna_data_02_mir/recover-20221013/UBNA_001/20221012_030000.WAV,Telephone Field,recover-20221013,001,1795
906.1135,906.1283,49531,53256,Pipistrellus pipistrellus,0.027,0.034,-1,Echolocation,/mnt/ubna_data_02_mir/recover-20221013/UBNA_001/20221012_030000.WAV,Telephone Field,recover-20221013,001,1795
906.1205,906.1283,27187,38824,Eptesicus serotinus,0.007,0.022,-1,Echolocation,/mnt/ubna_data_02_mir/recover-20221013/UBNA_001/20221012_030000.WAV,Telephone Field,recover-20221013,001,1795
906.1225,906.1609,68437,82730,Rhinolophus ferrumequinum,0.029,0.029,-1,Echolocation,/mnt/ubna_data_02_mir/recover-20221013/UBNA_001/20221012_030000.WAV,Telephone Field,recover-20221013,001,1795
906.1765,906.1883,22890,28047,Nyctalus leisleri,0.011,0.022,-1,Echolocation,/mnt/ubna_data_02_mir/recover-20221013/UBNA_001/20221012_030000.WAV,Telephone Field,recover-20221013,001,1795
906.1855,906.2229,68437,82075,Rhinolophus ferrumequinum,0.023,0.024,-1,Echolocation,/mnt/ubna_data_02_mir/recover-20221013/UBNA_001/20221012_030000.WAV,Telephone Field,recover-20221013,001,1795
906.1855,906.1944,27187,37471,Eptesicus serotinus,0.009,0.023,-1,Echolocation,/mnt/ubna_data_02_mir/recover-20221013/UBNA_001/20221012_030000.WAV,Telephone Field,recover-20221013,001,1795
906.2215,906.2647,68437,83468,Rhinolophus ferrumequinum,0.026,0.026,-1,Echolocation,/mnt/ubna_data_02_mir/recover-20221013/UBNA_001/20221012_030000.WAV,Telephone Field,recover-20221013,001,1795
906.2355,906.2473,22890,26355,Nyctalus leisleri,0.022,0.036,-1,Echolocation,/mnt/ubna_data_02_mir/recover-20221013/UBNA_001/20221012_030000.WAV,Telephone Field,recover-20221013,001,1795
906.2435,906.2845,68437,82581,Rhinolophus ferrumequinum,0.025,0.025,-1,Echolocation,/mnt/ubna_data_02_mir/recover-20221013/UBNA_001/20221012_030000.WAV,Telephone Field,recover-20221013,001,1795
906.2475,906.2591,48671,52485,Pipistrellus pipistrellus,0.038,0.042,-1,Echolocation,/mnt/ubna_data_02_mir/recover-20221013/UBNA_001/20221012_030000.WAV,Telephone Field,recover-20221013,001,1795
906.3145,906.354,68437,82346,Rhinolophus ferrumequinum,0.03,0.03,-1,Echolocation,/mnt/ubna_data_02_mir/recover-20221013/UBNA_001/20221012_030000.WAV,Telephone Field,recover-20221013,001,1795
906.3465,906.3843,68437,82263,Rhinolophus ferrumequinum,0.022,0.022,-1,Echolocation,/mnt/ubna_data_02_mir/recover-20221013/UBNA_001/20221012_030000.WAV,Telephone Field,recover-20221013,001,1795
906.3615,906.4007,68437,82624,Rhinolophus ferrumequinum,0.028,0.028,-1,Echolocation,/mnt/ubna_data_02_mir/recover-20221013/UBNA_001/20221012_030000.WAV,Telephone Field,recover-20221013,001,1795
906.3715,906.4115,68437,82579,Rhinolophus ferrumequinum,0.027,0.027,-1,Echolocation,/mnt/ubna_data_02_mir/recover-20221013/UBNA_001/20221012_030000.WAV,Telephone Field,recover-20221013,001,1795
906.3785,906.4164,68437,81729,Rhinolophus ferrumequinum,0.023,0.023,-1,Echolocation,/mnt/ubna_data_02_mir/recover-20221013/UBNA_001/20221012_030000.WAV,Telephone Field,recover-20221013,001,1795
906.3855,906.4189,68437,80553,Rhinolophus ferrumequinum,0.025,0.025,-1,Echolocation,/mnt/ubna_data_02_mir/recover-20221013/UBNA_001/20221012_030000.WAV,Telephone Field,recover-20221013,001,1795
906.4245,906.4337,28046,37813,Eptesicus serotinus,0.008,0.024,-1,Echolocation,/mnt/ubna_data_02_mir/recover-20221013/UBNA_001/20221012_030000.WAV,Telephone Field,recover-20221013,001,1795
906.4285,906.469,68437,82707,Rhinolophus ferrumequinum,0.026,0.026,-1,Echolocation,/mnt/ubna_data_02_mir/recover-20221013/UBNA_001/20221012_030000.WAV,Telephone Field,recover-20221013,001,1795
906.4905,906.4981,28046,39619,Eptesicus serotinus,0.009,0.029,-1,Echolocation,/mnt/ubna_data_02_mir/recover-20221013/UBNA_001/20221012_030000.WAV,Telephone Field,recover-20221013,001,1795
906.4955,906.5332,68437,82415,Rhinolophus ferrumequinum,0.024,0.024,-1,Echolocation,/mnt/ubna_data_02_mir/recover-20221013/UBNA_001/20221012_030000.WAV,Telephone Field,recover-20221013,001,1795
906.5015,906.5137,22890,26808,Nyctalus leisleri,0.015,0.024,-1,Echolocation,/mnt/ubna_data_02_mir/recover-20221013/UBNA_001/20221012_030000.WAV,Telephone Field,recover-20221013,001,1795
906.5435,906.5582,22031,26316,Nyctalus leisleri,0.017,0.03,-1,Echolocation,/mnt/ubna_data_02_mir/recover-20221013/UBNA_001/20221012_030000.WAV,Telephone Field,recover-20221013,001,1795
906.5455,906.5864,68437,82177,Rhinolophus ferrumequinum,0.022,0.022,-1,Echolocation,/mnt/ubna_data_02_mir/recover-20221013/UBNA_001/20221012_030000.WAV,Telephone Field,recover-20221013,001,1795
906.5755,906.5828,28046,38114,Eptesicus serotinus,0.006,0.022,-1,Echolocation,/mnt/ubna_data_02_mir/recover-20221013/UBNA_001/20221012_030000.WAV,Telephone Field,recover-20221013,001,1795
906.5795,906.5995,20312,23774,Nyctalus leisleri,0.024,0.045,-1,Echolocation,/mnt/ubna_data_02_mir/recover-20221013/UBNA_001/20221012_030000.WAV,Telephone Field,recover-20221013,001,1795
906.5945,906.6013,30625,44407,Myotis daubentonii,0.012,0.024,-1,Echolocation,/mnt/ubna_data_02_mir/recover-20221013/UBNA_001/20221012_030000.WAV,Telephone Field,recover-20221013,001,1795
906.5965,906.6358,68437,82187,Rhinolophus ferrumequinum,0.022,0.022,-1,Echolocation,/mnt/ubna_data_02_mir/recover-20221013/UBNA_001/20221012_030000.WAV,Telephone Field,recover-20221013,001,1795
906.6275,906.6664,68437,82462,Rhinolophus ferrumequinum,0.024,0.024,-1,Echolocation,/mnt/ubna_data_02_mir/recover-20221013/UBNA_001/20221012_030000.WAV,Telephone Field,recover-20221013,001,1795
906.6705,906.6784,35781,44437,Myotis daubentonii,0.009,0.024,-1,Echolocation,/mnt/ubna_data_02_mir/recover-20221013/UBNA_001/20221012_030000.WAV,Telephone Field,recover-20221013,001,1795
906.6745,906.7152,68437,82970,Rhinolophus ferrumequinum,0.024,0.024,-1,Echolocation,/mnt/ubna_data_02_mir/recover-20221013/UBNA_001/20221012_030000.WAV,Telephone Field,recover-20221013,001,1795
906.6875,906.725,68437,82455,Rhinolophus ferrumequinum,0.025,0.025,-1,Echolocation,/mnt/ubna_data_02_mir/recover-20221013/UBNA_001/20221012_030000.WAV,Telephone Field,recover-20221013,001,1795
906.7045,906.7168,22031,26257,Nyctalus leisleri,0.015,0.024,-1,Echolocation,/mnt/ubna_data_02_mir/recover-20221013/UBNA_001/20221012_030000.WAV,Telephone Field,recover-20221013,001,1795
906.7075,906.7145,27187,42537,Eptesicus serotinus,0.006,0.023,-1,Echolocation,/mnt/ubna_data_02_mir/recover-20221013/UBNA_001/20221012_030000.WAV,Telephone Field,recover-20221013,001,1795
906.7135,906.7524,68437,82089,Rhinolophus ferrumequinum,0.023,0.023,-1,Echolocation,/mnt/ubna_data_02_mir/recover-20221013/UBNA_001/20221012_030000.WAV,Telephone Field,recover-20221013,001,1795
906.7315,906.7699,68437,82031,Rhinolophus ferrumequinum,0.023,0.024,-1,Echolocation,/mnt/ubna_data_02_mir/recover-20221013/UBNA_001/20221012_030000.WAV,Telephone Field,recover-20221013,001,1795
906.7685,906.7771,24609,32697,Plecotus austriacus,0.01,0.033,-1,Echolocation,/mnt/ubna_data_02_mir/recover-20221013/UBNA_001/20221012_030000.WAV,Telephone Field,recover-20221013,001,1795
906.7895,906.7994,28046,36590,Eptesicus serotinus,0.01,0.022,-1,Echolocation,/mnt/ubna_data_02_mir/recover-20221013/UBNA_001/20221012_030000.WAV,Telephone Field,recover-20221013,001,1795
906.8115,906.8487,68437,81636,Rhinolophus ferrumequinum,0.022,0.022,-1,Echolocation,/mnt/ubna_data_02_mir/recover-20221013/UBNA_001/20221012_030000.WAV,Telephone Field,recover-20221013,001,1795
906.8195,906.8565,68437,81957,Rhinolophus ferrumequinum,0.023,0.023,-1,Echolocation,/mnt/ubna_data_02_mir/recover-20221013/UBNA_001/20221012_030000.WAV,Telephone Field,recover-20221013,001,1795
906.8735,906.8806,24609,37063,Plecotus austriacus,0.01,0.029,-1,Echolocation,/mnt/ubna_data_02_mir/recover-20221013/UBNA_001/20221012_030000.WAV,Telephone Field,recover-20221013,001,1795
906.8845,906.9215,68437,81288,Rhinolophus ferrumequinum,0.023,0.023,-1,Echolocation,/mnt/ubna_data_02_mir/recover-20221013/UBNA_001/20221012_030000.WAV,Telephone Field,recover-20221013,001,1795
906.8955,906.9348,68437,82297,Rhinolophus ferrumequinum,0.022,0.022,-1,Echolocation,/mnt/ubna_data_02_mir/recover-20221013/UBNA_001/20221012_030000.WAV,Telephone Field,recover-20221013,001,1795
906.9055,906.916,28046,36163,Eptesicus serotinus,0.011,0.026,-1,Echolocation,/mnt/ubna_data_02_mir/recover-20221013/UBNA_001/20221012_030000.WAV,Telephone Field,recover-20221013,001,1795
906.9255,906.9635,68437,81800,Rhinolophus ferrumequinum,0.023,0.023,-1,Echolocation,/mnt/ubna_data_02_mir/recover-20221013/UBNA_001/20221012_030000.WAV,Telephone Field,recover-20221013,001,1795
906.9655,907.005,68437,81798,Rhinolophus ferrumequinum,0.022,0.022,-1,Echolocation,/mnt/ubna_data_02_mir/recover-20221013/UBNA_001/20221012_030000.WAV,Telephone Field,recover-20221013,001,1795
906.9865,907.0288,68437,82487,Rhinolophus ferrumequinum,0.027,0.027,-1,Echolocation,/mnt/ubna_data_02_mir/recover-20221013/UBNA_001/20221012_030000.WAV,Telephone Field,recover-20221013,001,1795
907.0015,907.0104,22890,30725,Plecotus austriacus,0.009,0.023,-1,Echolocation,/mnt/ubna_data_02_mir/recover-20221013/UBNA_001/20221012_030000.WAV,Telephone Field,recover-20221013,001,1795
907.0135,907.0254,23750,29480,Nyctalus leisleri,0.011,0.025,-1,Echolocation,/mnt/ubna_data_02_mir/recover-20221013/UBNA_001/20221012_030000.WAV,Telephone Field,recover-20221013,001,1795
907.0185,907.058,68437,82268,Rhinolophus ferrumequinum,0.025,0.025,-1,Echolocation,/mnt/ubna_data_02_mir/recover-20221013/UBNA_001/20221012_030000.WAV,Telephone Field,recover-20221013,001,1795
907.0385,907.0797,68437,83150,Rhinolophus ferrumequinum,0.035,0.035,-1,Echolocation,/mnt/ubna_data_02_mir/recover-20221013/UBNA_001/20221012_030000.WAV,Telephone Field,recover-20221013,001,1795
907.0475,907.0555,28046,38105,Eptesicus serotinus,0.007,0.022,-1,Echolocation,/mnt/ubna_data_02_mir/recover-20221013/UBNA_001/20221012_030000.WAV,Telephone Field,recover-20221013,001,1795
907.0835,907.0937,28046,35991,Eptesicus serotinus,0.01,0.023,-1,Echolocation,/mnt/ubna_data_02_mir/recover-20221013/UBNA_001/20221012_030000.WAV,Telephone Field,recover-20221013,001,1795
907.0835,907.1222,68437,82277,Rhinolophus ferrumequinum,0.022,0.022,-1,Echolocation,/mnt/ubna_data_02_mir/recover-20221013/UBNA_001/20221012_030000.WAV,Telephone Field,recover-20221013,001,1795
907.0935,907.1041,28046,35224,Eptesicus serotinus,0.01,0.023,-1,Echolocation,/mnt/ubna_data_02_mir/recover-20221013/UBNA_001/20221012_030000.WAV,Telephone Field,recover-20221013,001,1795
907.1135,907.1539,68437,82085,Rhinolophus ferrumequinum,0.032,0.032,-1,Echolocation,/mnt/ubna_data_02_mir/recover-20221013/UBNA_001/20221012_030000.WAV,Telephone Field,recover-20221013,001,1795
907.1185,907.1281,27187,35678,Eptesicus serotinus,0.011,0.024,-1,Echolocation,/mnt/ubna_data_02_mir/recover-20221013/UBNA_001/20221012_030000.WAV,Telephone Field,recover-20221013,001,1795
907.1325,907.1397,28046,40669,Eptesicus serotinus,0.007,0.027,-1,Echolocation,/mnt/ubna_data_02_mir/recover-20221013/UBNA_001/20221012_030000.WAV,Telephone Field,recover-20221013,001,1795
907.1485,907.1905,68437,82990,Rhinolophus ferrumequinum,0.031,0.031,-1,Echolocation,/mnt/ubna_data_02_mir/recover-20221013/UBNA_001/20221012_030000.WAV,Telephone Field,recover-20221013,001,1795
907.1825,907.1934,23750,29212,Nyctalus leisleri,0.011,0.022,-1,Echolocation,/mnt/ubna_data_02_mir/recover-20221013/UBNA_001/20221012_030000.WAV,Telephone Field,recover-20221013,001,1795
907.1845,907.2227,68437,82601,Rhinolophus ferrumequinum,0.027,0.027,-1,Echolocation,/mnt/ubna_data_02_mir/recover-20221013/UBNA_001/20221012_030000.WAV,Telephone Field,recover-20221013,001,1795
907.1945,907.2016,24609,34397,Plecotus austriacus,0.009,0.026,-1,Echolocation,/mnt/ubna_data_02_mir/recover-20221013/UBNA_001/20221012_030000.WAV,Telephone Field,recover-20221013,001,1795
907.2175,907.2275,51250,55806,Pipistrellus pipistrellus,0.023,0.028,-1,Echolocation,/mnt/ubna_data_02_mir/recover-20221013/UBNA_001/20221012_030000.WAV,Telephone Field,recover-20221013,001,1795
907.2225,907.2331,23750,29600,Nyctalus leisleri,0.01,0.023,-1,Echolocation,/mnt/ubna_data_02_mir/recover-20221013/UBNA_001/20221012_030000.WAV,Telephone Field,recover-20221013,001,1795
907.2435,907.2809,68437,82061,Rhinolophus ferrumequinum,0.028,0.028,-1,Echolocation,/mnt/ubna_data_02_mir/recover-20221013/UBNA_001/20221012_030000.WAV,Telephone Field,recover-20221013,001,1795
907.2675,907.2757,27187,38051,Eptesicus serotinus,0.007,0.022,-1,Echolocation,/mnt/ubna_data_02_mir/recover-20221013/UBNA_001/20221012_030000.WAV,Telephone Field,recover-20221013,001,1795
907.2765,907.3103,68437,81729,Rhinolophus ferrumequinum,0.022,0.022,-1,Echolocation,/mnt/ubna_data_02_mir/recover-20221013/UBNA_001/20221012_030000.WAV,Telephone Field,recover-20221013,001,1795
907.2935,907.3379,68437,83213,Rhinolophus ferrumequinum,0.043,0.043,-1,Echolocation,/mnt/ubna_data_02_mir/recover-20221013/UBNA_001/20221012_030000.WAV,Telephone Field,recover-20221013,001,1795
907.2985,907.3076,26328,35421,Eptesicus serotinus,0.007,0.022,-1,Echolocation,/mnt/ubna_data_02_mir/recover-20221013/UBNA_001/20221012_030000.WAV,Telephone Field,recover-20221013,001,1795
907.3275,907.3668,68437,82166,Rhinolophus ferrumequinum,0.032,0.032,-1,Echolocation,/mnt/ubna_data_02_mir/recover-20221013/UBNA_001/20221012_030000.WAV,Telephone Field,recover-20221013,001,1795
907.3335,907.343,22031,27749,Plecotus austriacus,0.008,0.022,-1,Echolocation,/mnt/ubna_data_02_mir/recover-20221013/UBNA_001/20221012_030000.WAV,Telephone Field,recover-20221013,001,1795
907.3405,907.3491,26328,40351,Eptesicus serotinus,0.009,0.024,-1,Echolocation,/mnt/ubna_data_02_mir/recover-20221013/UBNA_001/20221012_030000.WAV,Telephone Field,recover-20221013,001,1795
907.3475,907.3571,22890,29487,Nyctalus leisleri,0.008,0.023,-1,Echolocation,/mnt/ubna_data_02_mir/recover-20221013/UBNA_001/20221012_030000.WAV,Telephone Field,recover-20221013,001,1795
907.3685,907.4054,68437,81579,Rhinolophus ferrumequinum,0.026,0.026,-1,Echolocation,/mnt/ubna_data_02_mir/recover-20221013/UBNA_001/20221012_030000.WAV,Telephone Field,recover-20221013,001,1795
907.4045,907.4137,28906,37374,Eptesicus serotinus,0.008,0.022,-1,Echolocation,/mnt/ubna_data_02_mir/recover-20221013/UBNA_001/20221012_030000.WAV,Telephone Field,recover-20221013,001,1795
907.4355,907.4461,22031,27694,Nyctalus leisleri,0.01,0.024,-1,Echolocation,/mnt/ubna_data_02_mir/recover-20221013/UBNA_001/20221012_030000.WAV,Telephone Field,recover-20221013,001,1795
907.4425,907.4524,27187,34857,Eptesicus serotinus,0.01,0.023,-1,Echolocation,/mnt/ubna_data_02_mir/recover-20221013/UBNA_001/20221012_030000.WAV,Telephone Field,recover-20221013,001,1795
907.4495,907.4903,68437,82900,Rhinolophus ferrumequinum,0.025,0.025,-1,Echolocation,/mnt/ubna_data_02_mir/recover-20221013/UBNA_001/20221012_030000.WAV,Telephone Field,recover-20221013,001,1795
907.4945,907.5331,68437,82650,Rhinolophus ferrumequinum,0.024,0.024,-1,Echolocation,/mnt/ubna_data_02_mir/recover-20221013/UBNA_001/20221012_030000.WAV,Telephone Field,recover-20221013,001,1795
907.5025,907.5105,28046,38641,Eptesicus serotinus,0.009,0.027,-1,Echolocation,/mnt/ubna_data_02_mir/recover-20221013/UBNA_001/20221012_030000.WAV,Telephone Field,recover-20221013,001,1795
907.5195,907.5584,68437,82653,Rhinolophus ferrumequinum,0.022,0.022,-1,Echolocation,/mnt/ubna_data_02_mir/recover-20221013/UBNA_001/20221012_030000.WAV,Telephone Field,recover-20221013,001,1795
907.5435,907.551,28046,38188,Eptesicus serotinus,0.007,0.024,-1,Echolocation,/mnt/ubna_data_02_mir/recover-20221013/UBNA_001/20221012_030000.WAV,Telephone Field,recover-20221013,001,1795
907.5525,907.5899,68437,81811,Rhinolophus ferrumequinum,0.027,0.027,-1,Echolocation,/mnt/ubna_data_02_mir/recover-20221013/UBNA_001/20221012_030000.WAV,Telephone Field,recover-20221013,001,1795
907.5585,907.5945,68437,81138,Rhinolophus ferrumequinum,0.031,0.031,-1,Echolocation,/mnt/ubna_data_02_mir/recover-20221013/UBNA_001/20221012_030000.WAV,Telephone Field,recover-20221013,001,1795
907.5805,907.6187,68437,81877,Rhinolophus ferrumequinum,0.023,0.023,-1,Echolocation,/mnt/ubna_data_02_mir/recover-20221013/UBNA_001/20221012_030000.WAV,Telephone Field,recover-20221013,001,1795
907.5905,907.5966,26328,38867,Plecotus austriacus,0.009,0.034,-1,Echolocation,/mnt/ubna_data_02_mir/recover-20221013/UBNA_001/20221012_030000.WAV,Telephone Field,recover-20221013,001,1795
907.6255,907.6336,28046,38162,Eptesicus serotinus,0.007,0.023,-1,Echolocation,/mnt/ubna_data_02_mir/recover-20221013/UBNA_001/20221012_030000.WAV,Telephone Field,recover-20221013,001,1795
907.6535,907.6929,68437,81881,Rhinolophus ferrumequinum,0.022,0.022,-1,Echolocation,/mnt/ubna_data_02_mir/recover-20221013/UBNA_001/20221012_030000.WAV,Telephone Field,recover-20221013,001,1795
907.6605,907.6701,28046,39435,Eptesicus serotinus,0.01,0.024,-1,Echolocation,/mnt/ubna_data_02_mir/recover-20221013/UBNA_001/20221012_030000.WAV,Telephone Field,recover-20221013,001,1795
907.6605,907.7004,68437,81857,Rhinolophus ferrumequinum,0.023,0.023,-1,Echolocation,/mnt/ubna_data_02_mir/recover-20221013/UBNA_001/20221012_030000.WAV,Telephone Field,recover-20221013,001,1795
907.6665,907.6744,44375,53484,Pipistrellus pipistrellus,0.016,0.023,-1,Echolocation,/mnt/ubna_data_02_mir/recover-20221013/UBNA_001/20221012_030000.WAV,Telephone Field,recover-20221013,001,1795
907.7055,907.7473,68437,83085,Rhinolophus ferrumequinum,0.03,0.031,-1,Echolocation,/mnt/ubna_data_02_mir/recover-20221013/UBNA_001/20221012_030000.WAV,Telephone Field,recover-20221013,001,1795
907.7345,907.747,23750,28462,Nyctalus leisleri,0.011,0.022,-1,Echolocation,/mnt/ubna_data_02_mir/recover-20221013/UBNA_001/20221012_030000.WAV,Telephone Field,recover-20221013,001,1795
907.7365,907.7767,68437,81958,Rhinolophus ferrumequinum,0.025,0.025,-1,Echolocation,/mnt/ubna_data_02_mir/recover-20221013/UBNA_001/20221012_030000.WAV,Telephone Field,recover-20221013,001,1795
907.7555,907.7932,68437,82089,Rhinolophus ferrumequinum,0.022,0.022,-1,Echolocation,/mnt/ubna_data_02_mir/recover-20221013/UBNA_001/20221012_030000.WAV,Telephone Field,recover-20221013,001,1795
907.7755,907.783,28046,40944,Eptesicus serotinus,0.008,0.026,-1,Echolocation,/mnt/ubna_data_02_mir/recover-20221013/UBNA_001/20221012_030000.WAV,Telephone Field,recover-20221013,001,1795
907.7955,907.8371,68437,83112,Rhinolophus ferrumequinum,0.038,0.038,-1,Echolocation,/mnt/ubna_data_02_mir/recover-20221013/UBNA_001/20221012_030000.WAV,Telephone Field,recover-20221013,001,1795
907.8775,907.8863,28046,40678,Eptesicus serotinus,0.008,0.024,-1,Echolocation,/mnt/ubna_data_02_mir/recover-20221013/UBNA_001/20221012_030000.WAV,Telephone Field,recover-20221013,001,1795
907.8965,907.9381,68437,82915,Rhinolophus ferrumequinum,0.033,0.033,-1,Echolocation,/mnt/ubna_data_02_mir/recover-20221013/UBNA_001/20221012_030000.WAV,Telephone Field,recover-20221013,001,1795
907.9065,907.9467,68437,82367,Rhinolophus ferrumequinum,0.022,0.023,-1,Echolocation,/mnt/ubna_data_02_mir/recover-20221013/UBNA_001/20221012_030000.WAV,Telephone Field,recover-20221013,001,1795
907.9185,907.9553,68437,81436,Rhinolophus ferrumequinum,0.023,0.023,-1,Echolocation,/mnt/ubna_data_02_mir/recover-20221013/UBNA_001/20221012_030000.WAV,Telephone Field,recover-20221013,001,1795
907.9205,907.9301,26328,35685,Eptesicus serotinus,0.011,0.023,-1,Echolocation,/mnt/ubna_data_02_mir/recover-20221013/UBNA_001/20221012_030000.WAV,Telephone Field,recover-20221013,001,1795
907.9265,907.9394,43515,46663,Pipistrellus pipistrellus,0.046,0.056,-1,Echolocation,/mnt/ubna_data_02_mir/recover-20221013/UBNA_001/20221012_030000.WAV,Telephone Field,recover-20221013,001,1795
907.9325,907.9402,24609,34474,Plecotus austriacus,0.009,0.028,-1,Echolocation,/mnt/ubna_data_02_mir/recover-20221013/UBNA_001/20221012_030000.WAV,Telephone Field,recover-20221013,001,1795
907.9495,907.9878,68437,81622,Rhinolophus ferrumequinum,0.023,0.023,-1,Echolocation,/mnt/ubna_data_02_mir/recover-20221013/UBNA_001/20221012_030000.WAV,Telephone Field,recover-20221013,001,1795
907.9605,907.9991,68437,81802,Rhinolophus ferrumequinum,0.023,0.023,-1,Echolocation,/mnt/ubna_data_02_mir/recover-20221013/UBNA_001/20221012_030000.WAV,Telephone Field,recover-20221013,001,1795
907.9825,907.9925,22031,27652,Nyctalus leisleri,0.008,0.022,-1,Echolocation,/mnt/ubna_data_02_mir/recover-20221013/UBNA_001/20221012_030000.WAV,Telephone Field,recover-20221013,001,1795
908.0015,908.0344,68437,79871,Rhinolophus ferrumequinum,0.02,0.021,-1,Echolocation,/mnt/ubna_data_02_mir/recover-20221013/UBNA_001/20221012_030000.WAV,Telephone Field,recover-20221013,001,1795
908.0015,908.0112,25468,32208,Nyctalus leisleri,0.013,0.033,-1,Echolocation,/mnt/ubna_data_02_mir/recover-20221013/UBNA_001/20221012_030000.WAV,Telephone Field,recover-20221013,001,1795
908.0015,908.0088,48671,56282,Pipistrellus pipistrellus,0.013,0.02,-1,Echolocation,/mnt/ubna_data_02_mir/recover-20221013/UBNA_001/20221012_030000.WAV,Telephone Field,recover-20221013,001,1795
908.0095,908.0526,68437,82094,Rhinolophus ferrumequinum,0.022,0.022,-1,Echolocation,/mnt/ubna_data_02_mir/recover-20221013/UBNA_001/20221012_030000.WAV,Telephone Field,recover-20221013,001,1795
908.0145,908.0253,58125,63976,Pipistrellus pygmaeus,0.024,0.024,-1,Echolocation,/mnt/ubna_data_02_mir/recover-20221013/UBNA_001/20221012_030000.WAV,Telephone Field,recover-20221013,001,1795
908.0215,908.0296,26328,34774,Eptesicus serotinus,0.007,0.021,-1,Echolocation,/mnt/ubna_data_02_mir/recover-20221013/UBNA_001/20221012_030000.WAV,Telephone Field,recover-20221013,001,1795
908.0405,908.0813,68437,82774,Rhinolophus ferrumequinum,0.02,0.02,-1,Echolocation,/mnt/ubna_data_02_mir/recover-20221013/UBNA_001/20221012_030000.WAV,Telephone Field,recover-20221013,001,1795
908.0475,908.0851,68437,82369,Rhinolophus ferrumequinum,0.02,0.02,-1,Echolocation,/mnt/ubna_data_02_mir/recover-20221013/UBNA_001/20221012_030000.WAV,Telephone Field,recover-20221013,001,1795
908.0525,908.0633,22890,27736,Nyctalus leisleri,0.01,0.02,-1,Echolocation,/mnt/ubna_data_02_mir/recover-20221013/UBNA_001/20221012_030000.WAV,Telephone Field,recover-20221013,001,1795
908.0635,908.1014,68437,82610,Rhinolophus ferrumequinum,0.025,0.025,-1,Echolocation,/mnt/ubna_data_02_mir/recover-20221013/UBNA_001/20221012_030000.WAV,Telephone Field,recover-20221013,001,1795
908.0865,908.0947,28046,37823,Eptesicus serotinus,0.008,0.023,-1,Echolocation,/mnt/ubna_data_02_mir/recover-20221013/UBNA_001/20221012_030000.WAV,Telephone Field,recover-20221013,001,1795
908.0865,908.1256,68437,82452,Rhinolophus ferrumequinum,0.023,0.023,-1,Echolocation,/mnt/ubna_data_02_mir/recover-20221013/UBNA_001/20221012_030000.WAV,Telephone Field,recover-20221013,001,1795
908.1105,908.1193,24609,32775,Eptesicus serotinus,0.008,0.021,-1,Echolocation,/mnt/ubna_data_02_mir/recover-20221013/UBNA_001/20221012_030000.WAV,Telephone Field,recover-20221013,001,1795
908.1115,908.1495,68437,81912,Rhinolophus ferrumequinum,0.023,0.024,-1,Echolocation,/mnt/ubna_data_02_mir/recover-20221013/UBNA_001/20221012_030000.WAV,Telephone Field,recover-20221013,001,1795
908.1345,908.1741,68437,82332,Rhinolophus ferrumequinum,0.024,0.024,-1,Echolocation,/mnt/ubna_data_02_mir/recover-20221013/UBNA_001/20221012_030000.WAV,Telephone Field,recover-20221013,001,1795
908.1395,908.1484,28906,36585,Eptesicus serotinus,0.008,0.023,-1,Echolocation,/mnt/ubna_data_02_mir/recover-20221013/UBNA_001/20221012_030000.WAV,Telephone Field,recover-20221013,001,1795
908.1545,908.1929,68437,81991,Rhinolophus ferrumequinum,0.023,0.023,-1,Echolocation,/mnt/ubna_data_02_mir/recover-20221013/UBNA_001/20221012_030000.WAV,Telephone Field,recover-20221013,001,1795
908.1705,908.2078,68437,81768,Rhinolophus ferrumequinum,0.023,0.023,-1,Echolocation,/mnt/ubna_data_02_mir/recover-20221013/UBNA_001/20221012_030000.WAV,Telephone Field,recover-20221013,001,1795
908.1845,908.2243,68437,82199,Rhinolophus ferrumequinum,0.022,0.023,-1,Echolocation,/mnt/ubna_data_02_mir/recover-20221013/UBNA_001/20221012_030000.WAV,Telephone Field,recover-20221013,001,1795
908.2095,908.2456999999999,68437,81509,Rhinolophus ferrumequinum,0.02,0.02,-1,Echolocation,/mnt/ubna_data_02_mir/recover-20221013/UBNA_001/20221012_030000.WAV,Telephone Field,recover-20221013,001,1795
908.2625,908.2719,28906,38832,Eptesicus serotinus,0.01,0.025,-1,Echolocation,/mnt/ubna_data_02_mir/recover-20221013/UBNA_001/20221012_030000.WAV,Telephone Field,recover-20221013,001,1795
908.2865,908.3243,68437,81726,Rhinolophus ferrumequinum,0.022,0.023,-1,Echolocation,/mnt/ubna_data_02_mir/recover-20221013/UBNA_001/20221012_030000.WAV,Telephone Field,recover-20221013,001,1795
908.2925,908.3289,68437,81155,Rhinolophus ferrumequinum,0.022,0.022,-1,Echolocation,/mnt/ubna_data_02_mir/recover-20221013/UBNA_001/20221012_030000.WAV,Telephone Field,recover-20221013,001,1795
908.3095,908.3477,68437,82130,Rhinolophus ferrumequinum,0.024,0.024,-1,Echolocation,/mnt/ubna_data_02_mir/recover-20221013/UBNA_001/20221012_030000.WAV,Telephone Field,recover-20221013,001,1795
908.3265,908.3351,27187,35848,Eptesicus serotinus,0.009,0.021,-1,Echolocation,/mnt/ubna_data_02_mir/recover-20221013/UBNA_001/20221012_030000.WAV,Telephone Field,recover-20221013,001,1795
908.3425,908.3818,68437,81908,Rhinolophus ferrumequinum,0.023,0.023,-1,Echolocation,/mnt/ubna_data_02_mir/recover-20221013/UBNA_001/20221012_030000.WAV,Telephone Field,recover-20221013,001,1795
908.3525,908.3605,28046,38696,Eptesicus serotinus,0.007,0.021,-1,Echolocation,/mnt/ubna_data_02_mir/recover-20221013/UBNA_001/20221012_030000.WAV,Telephone Field,recover-20221013,001,1795
908.3755,908.4186,68437,83017,Rhinolophus ferrumequinum,0.023,0.023,-1,Echolocation,/mnt/ubna_data_02_mir/recover-20221013/UBNA_001/20221012_030000.WAV,Telephone Field,recover-20221013,001,1795
908.3775,908.385,33203,47379,Myotis daubentonii,0.01,0.024,-1,Echolocation,/mnt/ubna_data_02_mir/recover-20221013/UBNA_001/20221012_030000.WAV,Telephone Field,recover-20221013,001,1795
908.4315,908.4736,68437,82769,Rhinolophus ferrumequinum,0.03,0.03,-1,Echolocation,/mnt/ubna_data_02_mir/recover-20221013/UBNA_001/20221012_030000.WAV,Telephone Field,recover-20221013,001,1795
908.4595,908.4676,28046,38287,Eptesicus serotinus,0.007,0.02,-1,Echolocation,/mnt/ubna_data_02_mir/recover-20221013/UBNA_001/20221012_030000.WAV,Telephone Field,recover-20221013,001,1795
908.4595,908.4997,68437,82670,Rhinolophus ferrumequinum,0.022,0.022,-1,Echolocation,/mnt/ubna_data_02_mir/recover-20221013/UBNA_001/20221012_030000.WAV,Telephone Field,recover-20221013,001,1795
908.4865,908.5267,68437,82383,Rhinolophus ferrumequinum,0.024,0.024,-1,Echolocation,/mnt/ubna_data_02_mir/recover-20221013/UBNA_001/20221012_030000.WAV,Telephone Field,recover-20221013,001,1795
908.4985,908.5114,22031,25882,Nyctalus leisleri,0.012,0.02,-1,Echolocation,/mnt/ubna_data_02_mir/recover-20221013/UBNA_001/20221012_030000.WAV,Telephone Field,recover-20221013,001,1795
908.5125,908.5219,30625,37731,Eptesicus serotinus,0.014,0.032,-1,Echolocation,/mnt/ubna_data_02_mir/recover-20221013/UBNA_001/20221012_030000.WAV,Telephone Field,recover-20221013,001,1795
908.5335,908.5746,68437,82352,Rhinolophus ferrumequinum,0.023,0.023,-1,Echolocation,/mnt/ubna_data_02_mir/recover-20221013/UBNA_001/20221012_030000.WAV,Telephone Field,recover-20221013,001,1795
908.5435,908.5519,49531,53290,Pipistrellus pipistrellus,0.018,0.021,-1,Echolocation,/mnt/ubna_data_02_mir/recover-20221013/UBNA_001/20221012_030000.WAV,Telephone Field,recover-20221013,001,1795
908.6245,908.6632,68437,81834,Rhinolophus ferrumequinum,0.02,0.02,-1,Echolocation,/mnt/ubna_data_02_mir/recover-20221013/UBNA_001/20221012_030000.WAV,Telephone Field,recover-20221013,001,1795
908.6485,908.656,23750,32355,Plecotus austriacus,0.01,0.023,-1,Echolocation,/mnt/ubna_data_02_mir/recover-20221013/UBNA_001/20221012_030000.WAV,Telephone Field,recover-20221013,001,1795
908.6615,908.7027,68437,82742,Rhinolophus ferrumequinum,0.024,0.024,-1,Echolocation,/mnt/ubna_data_02_mir/recover-20221013/UBNA_001/20221012_030000.WAV,Telephone Field,recover-20221013,001,1795
908.6645,908.6739,28906,38618,Eptesicus serotinus,0.008,0.024,-1,Echolocation,/mnt/ubna_data_02_mir/recover-20221013/UBNA_001/20221012_030000.WAV,Telephone Field,recover-20221013,001,1795
908.6715,908.6797,25468,33544,Nyctalus leisleri,0.006,0.021,-1,Echolocation,/mnt/ubna_data_02_mir/recover-20221013/UBNA_001/20221012_030000.WAV,Telephone Field,recover-20221013,001,1795
908.7005,908.7071,25468,34652,Plecotus austriacus,0.007,0.023,-1,Echolocation,/mnt/ubna_data_02_mir/recover-20221013/UBNA_001/20221012_030000.WAV,Telephone Field,recover-20221013,001,1795
908.7065,908.7435,68437,81974,Rhinolophus ferrumequinum,0.021,0.022,-1,Echolocation,/mnt/ubna_data_02_mir/recover-20221013/UBNA_001/20221012_030000.WAV,Telephone Field,recover-20221013,001,1795
908.7475,908.7569,27187,38483,Eptesicus serotinus,0.008,0.021,-1,Echolocation,/mnt/ubna_data_02_mir/recover-20221013/UBNA_001/20221012_030000.WAV,Telephone Field,recover-20221013,001,1795
908.7495,908.7858,68437,80884,Rhinolophus ferrumequinum,0.028,0.028,-1,Echolocation,/mnt/ubna_data_02_mir/recover-20221013/UBNA_001/20221012_030000.WAV,Telephone Field,recover-20221013,001,1795
908.7505,908.7592,34062,41904,Myotis daubentonii,0.007,0.022,-1,Echolocation,/mnt/ubna_data_02_mir/recover-20221013/UBNA_001/20221012_030000.WAV,Telephone Field,recover-20221013,001,1795
908.7835,908.7939,22031,27671,Nyctalus leisleri,0.017,0.045,-1,Echolocation,/mnt/ubna_data_02_mir/recover-20221013/UBNA_001/20221012_030000.WAV,Telephone Field,recover-20221013,001,1795
908.7945,908.8347,68437,82396,Rhinolophus ferrumequinum,0.021,0.021,-1,Echolocation,/mnt/ubna_data_02_mir/recover-20221013/UBNA_001/20221012_030000.WAV,Telephone Field,recover-20221013,001,1795
908.8245,908.8641,68437,82120,Rhinolophus ferrumequinum,0.021,0.021,-1,Echolocation,/mnt/ubna_data_02_mir/recover-20221013/UBNA_001/20221012_030000.WAV,Telephone Field,recover-20221013,001,1795
908.8315,908.84,28046,38535,Eptesicus serotinus,0.008,0.022,-1,Echolocation,/mnt/ubna_data_02_mir/recover-20221013/UBNA_001/20221012_030000.WAV,Telephone Field,recover-20221013,001,1795
908.8345,908.875,68437,82235,Rhinolophus ferrumequinum,0.02,0.02,-1,Echolocation,/mnt/ubna_data_02_mir/recover-20221013/UBNA_001/20221012_030000.WAV,Telephone Field,recover-20221013,001,1795
908.8505,908.8859,68437,81326,Rhinolophus ferrumequinum,0.021,0.021,-1,Echolocation,/mnt/ubna_data_02_mir/recover-20221013/UBNA_001/20221012_030000.WAV,Telephone Field,recover-20221013,001,1795
908.8715,908.879,28046,41648,Eptesicus serotinus,0.006,0.021,-1,Echolocation,/mnt/ubna_data_02_mir/recover-20221013/UBNA_001/20221012_030000.WAV,Telephone Field,recover-20221013,001,1795
908.9235,908.9288,29765,42610,Myotis daubentonii,0.017,0.034,-1,Echolocation,/mnt/ubna_data_02_mir/recover-20221013/UBNA_001/20221012_030000.WAV,Telephone Field,recover-20221013,001,1795
908.9355,908.9461,23750,29450,Nyctalus leisleri,0.008,0.021,-1,Echolocation,/mnt/ubna_data_02_mir/recover-20221013/UBNA_001/20221012_030000.WAV,Telephone Field,recover-20221013,001,1795
908.9365,908.9431,51250,58910,Pipistrellus pipistrellus,0.018,0.02,-1,Echolocation,/mnt/ubna_data_02_mir/recover-20221013/UBNA_001/20221012_030000.WAV,Telephone Field,recover-20221013,001,1795
908.9485,908.9851,68437,81942,Rhinolophus ferrumequinum,0.022,0.022,-1,Echolocation,/mnt/ubna_data_02_mir/recover-20221013/UBNA_001/20221012_030000.WAV,Telephone Field,recover-20221013,001,1795
908.9575,908.9905,68437,80912,Rhinolophus ferrumequinum,0.022,0.022,-1,Echolocation,/mnt/ubna_data_02_mir/recover-20221013/UBNA_001/20221012_030000.WAV,Telephone Field,recover-20221013,001,1795
908.9765,909.0151,68437,81883,Rhinolophus ferrumequinum,0.022,0.022,-1,Echolocation,/mnt/ubna_data_02_mir/recover-20221013/UBNA_001/20221012_030000.WAV,Telephone Field,recover-20221013,001,1795
909.0035,909.0143,22890,27908,Nyctalus leisleri,0.011,0.022,-1,Echolocation,/mnt/ubna_data_02_mir/recover-20221013/UBNA_001/20221012_030000.WAV,Telephone Field,recover-20221013,001,1795
909.0125,909.0505,68437,81950,Rhinolophus ferrumequinum,0.024,0.024,-1,Echolocation,/mnt/ubna_data_02_mir/recover-20221013/UBNA_001/20221012_030000.WAV,Telephone Field,recover-20221013,001,1795
909.0245,909.0654,68437,82237,Rhinolophus ferrumequinum,0.023,0.023,-1,Echolocation,/mnt/ubna_data_02_mir/recover-20221013/UBNA_001/20221012_030000.WAV,Telephone Field,recover-20221013,001,1795
909.0325,909.0414,28046,37616,Eptesicus serotinus,0.008,0.023,-1,Echolocation,/mnt/ubna_data_02_mir/recover-20221013/UBNA_001/20221012_030000.WAV,Telephone Field,recover-20221013,001,1795
909.0475,909.0866,68437,81988,Rhinolophus ferrumequinum,0.023,0.023,-1,Echolocation,/mnt/ubna_data_02_mir/recover-20221013/UBNA_001/20221012_030000.WAV,Telephone Field,recover-20221013,001,1795
909.0545,909.094,68437,82347,Rhinolophus ferrumequinum,0.023,0.023,-1,Echolocation,/mnt/ubna_data_02_mir/recover-20221013/UBNA_001/20221012_030000.WAV,Telephone Field,recover-20221013,001,1795
909.0565,909.0671,28046,37594,Eptesicus serotinus,0.013,0.029,-1,Echolocation,/mnt/ubna_data_02_mir/recover-20221013/UBNA_001/20221012_030000.WAV,Telephone Field,recover-20221013,001,1795
909.0805,909.1161,68437,81561,Rhinolophus ferrumequinum,0.022,0.022,-1,Echolocation,/mnt/ubna_data_02_mir/recover-20221013/UBNA_001/20221012_030000.WAV,Telephone Field,recover-20221013,001,1795
909.0925,909.1318,68437,82380,Rhinolophus ferrumequinum,0.024,0.024,-1,Echolocation,/mnt/ubna_data_02_mir/recover-20221013/UBNA_001/20221012_030000.WAV,Telephone Field,recover-20221013,001,1795
909.0935,909.1008,28046,39174,Eptesicus serotinus,0.005,0.02,-1,Echolocation,/mnt/ubna_data_02_mir/recover-20221013/UBNA_001/20221012_030000.WAV,Telephone Field,recover-20221013,001,1795
909.1435,909.1847,68437,82713,Rhinolophus ferrumequinum,0.022,0.022,-1,Echolocation,/mnt/ubna_data_02_mir/recover-20221013/UBNA_001/20221012_030000.WAV,Telephone Field,recover-20221013,001,1795
909.1555,909.1931,68437,82101,Rhinolophus ferrumequinum,0.022,0.022,-1,Echolocation,/mnt/ubna_data_02_mir/recover-20221013/UBNA_001/20221012_030000.WAV,Telephone Field,recover-20221013,001,1795
909.1695,909.2112,68437,82355,Rhinolophus ferrumequinum,0.028,0.028,-1,Echolocation,/mnt/ubna_data_02_mir/recover-20221013/UBNA_001/20221012_030000.WAV,Telephone Field,recover-20221013,001,1795
909.1705,909.1824,23750,28888,Nyctalus leisleri,0.018,0.035,-1,Echolocation,/mnt/ubna_data_02_mir/recover-20221013/UBNA_001/20221012_030000.WAV,Telephone Field,recover-20221013,001,1795
909.2045,909.2186,33203,38205,Pipistrellus nathusii,0.01,0.033,-1,Echolocation,/mnt/ubna_data_02_mir/recover-20221013/UBNA_001/20221012_030000.WAV,Telephone Field,recover-20221013,001,1795
909.2065,909.2463,68437,82239,Rhinolophus ferrumequinum,0.023,0.023,-1,Echolocation,/mnt/ubna_data_02_mir/recover-20221013/UBNA_001/20221012_030000.WAV,Telephone Field,recover-20221013,001,1795
909.2205,909.2607,68437,82471,Rhinolophus ferrumequinum,0.022,0.022,-1,Echolocation,/mnt/ubna_data_02_mir/recover-20221013/UBNA_001/20221012_030000.WAV,Telephone Field,recover-20221013,001,1795
909.2415,909.2811,68437,81930,Rhinolophus ferrumequinum,0.023,0.023,-1,Echolocation,/mnt/ubna_data_02_mir/recover-20221013/UBNA_001/20221012_030000.WAV,Telephone Field,recover-20221013,001,1795
909.2585,909.2961,68437,82141,Rhinolophus ferrumequinum,0.028,0.029,-1,Echolocation,/mnt/ubna_data_02_mir/recover-20221013/UBNA_001/20221012_030000.WAV,Telephone Field,recover-20221013,001,1795
909.2775,909.3154,68437,81704,Rhinolophus ferrumequinum,0.02,0.02,-1,Echolocation,/mnt/ubna_data_02_mir/recover-20221013/UBNA_001/20221012_030000.WAV,Telephone Field,recover-20221013,001,1795
909.3085,909.3172,26328,35966,Eptesicus serotinus,0.009,0.023,-1,Echolocation,/mnt/ubna_data_02_mir/recover-20221013/UBNA_001/20221012_030000.WAV,Telephone Field,recover-20221013,001,1795
909.3095,909.3492,68437,82225,Rhinolophus ferrumequinum,0.021,0.021,-1,Echolocation,/mnt/ubna_data_02_mir/recover-20221013/UBNA_001/20221012_030000.WAV,Telephone Field,recover-20221013,001,1795
909.3185,909.3279,28906,36407,Eptesicus serotinus,0.009,0.023,-1,Echolocation,/mnt/ubna_data_02_mir/recover-20221013/UBNA_001/20221012_030000.WAV,Telephone Field,recover-20221013,001,1795
909.3295,909.3684,68437,81761,Rhinolophus ferrumequinum,0.023,0.023,-1,Echolocation,/mnt/ubna_data_02_mir/recover-20221013/UBNA_001/20221012_030000.WAV,Telephone Field,recover-20221013,001,1795
909.3685,909.4098,68437,82696,Rhinolophus ferrumequinum,0.025,0.025,-1,Echolocation,/mnt/ubna_data_02_mir/recover-20221013/UBNA_001/20221012_030000.WAV,Telephone Field,recover-20221013,001,1795
909.3745,909.3835,28046,38211,Eptesicus serotinus,0.008,0.022,-1,Echolocation,/mnt/ubna_data_02_mir/recover-20221013/UBNA_001/20221012_030000.WAV,Telephone Field,recover-20221013,001,1795
909.3895,909.4296,68437,82562,Rhinolophus ferrumequinum,0.021,0.021,-1,Echolocation,/mnt/ubna_data_02_mir/recover-20221013/UBNA_001/20221012_030000.WAV,Telephone Field,recover-20221013,001,1795
909.4085,909.4195,23750,29474,Nyctalus leisleri,0.008,0.02,-1,Echolocation,/mnt/ubna_data_02_mir/recover-20221013/UBNA_001/20221012_030000.WAV,Telephone Field,recover-20221013,001,1795
909.4315,909.4725,68437,82308,Rhinolophus ferrumequinum,0.03,0.03,-1,Echolocation,/mnt/ubna_data_02_mir/recover-20221013/UBNA_001/20221012_030000.WAV,Telephone Field,recover-20221013,001,1795
909.4445,909.4816,68437,81675,Rhinolophus ferrumequinum,0.021,0.021,-1,Echolocation,/mnt/ubna_data_02_mir/recover-20221013/UBNA_001/20221012_030000.WAV,Telephone Field,recover-20221013,001,1795
909.4515,909.4857,68437,81568,Rhinolophus ferrumequinum,0.021,0.022,-1,Echolocation,/mnt/ubna_data_02_mir/recover-20221013/UBNA_001/20221012_030000.WAV,Telephone Field,recover-20221013,001,1795
909.4665,909.4748,28046,39154,Eptesicus serotinus,0.007,0.021,-1,Echolocation,/mnt/ubna_data_02_mir/recover-20221013/UBNA_001/20221012_030000.WAV,Telephone Field,recover-20221013,001,1795
909.4865,909.4976,28906,35478,Eptesicus serotinus,0.01,0.023,-1,Echolocation,/mnt/ubna_data_02_mir/recover-20221013/UBNA_001/20221012_030000.WAV,Telephone Field,recover-20221013,001,1795
909.4975,909.5085,25468,32382,Eptesicus serotinus,0.011,0.025,-1,Echolocation,/mnt/ubna_data_02_mir/recover-20221013/UBNA_001/20221012_030000.WAV,Telephone Field,recover-20221013,001,1795
909.5015,909.5418,68437,82738,Rhinolophus ferrumequinum,0.02,0.02,-1,Echolocation,/mnt/ubna_data_02_mir/recover-20221013/UBNA_001/20221012_030000.WAV,Telephone Field,recover-20221013,001,1795
909.5255,909.5379,28906,34945,Eptesicus serotinus,0.012,0.024,-1,Echolocation,/mnt/ubna_data_02_mir/recover-20221013/UBNA_001/20221012_030000.WAV,Telephone Field,recover-20221013,001,1795
909.5375,909.5497,23750,28394,Nyctalus leisleri,0.01,0.02,-1,Echolocation,/mnt/ubna_data_02_mir/recover-20221013/UBNA_001/20221012_030000.WAV,Telephone Field,recover-20221013,001,1795
909.5485,909.5567,28046,38137,Eptesicus serotinus,0.008,0.022,-1,Echolocation,/mnt/ubna_data_02_mir/recover-20221013/UBNA_001/20221012_030000.WAV,Telephone Field,recover-20221013,001,1795
909.5505,909.5863,68437,80967,Rhinolophus ferrumequinum,0.022,0.022,-1,Echolocation,/mnt/ubna_data_02_mir/recover-20221013/UBNA_001/20221012_030000.WAV,Telephone Field,recover-20221013,001,1795
909.5555,909.593,68437,81604,Rhinolophus ferrumequinum,0.021,0.021,-1,Echolocation,/mnt/ubna_data_02_mir/recover-20221013/UBNA_001/20221012_030000.WAV,Telephone Field,recover-20221013,001,1795
909.5775,909.5863,28046,37503,Eptesicus serotinus,0.008,0.021,-1,Echolocation,/mnt/ubna_data_02_mir/recover-20221013/UBNA_001/20221012_030000.WAV,Telephone Field,recover-20221013,001,1795
909.5855,909.6254,68437,82069,Rhinolophus ferrumequinum,0.022,0.022,-1,Echolocation,/mnt/ubna_data_02_mir/recover-20221013/UBNA_001/20221012_030000.WAV,Telephone Field,recover-20221013,001,1795
909.6085,909.6443,68437,81133,Rhinolophus ferrumequinum,0.021,0.021,-1,Echolocation,/mnt/ubna_data_02_mir/recover-20221013/UBNA_001/20221012_030000.WAV,Telephone Field,recover-20221013,001,1795
909.6175,909.657,68437,82526,Rhinolophus ferrumequinum,0.02,0.021,-1,Echolocation,/mnt/ubna_data_02_mir/recover-20221013/UBNA_001/20221012_030000.WAV,Telephone Field,recover-20221013,001,1795
909.6365,909.6459,28046,37092,Eptesicus serotinus,0.01,0.026,-1,Echolocation,/mnt/ubna_data_02_mir/recover-20221013/UBNA_001/20221012_030000.WAV,Telephone Field,recover-20221013,001,1795
909.6505,909.6878,68437,81688,Rhinolophus ferrumequinum,0.021,0.021,-1,Echolocation,/mnt/ubna_data_02_mir/recover-20221013/UBNA_001/20221012_030000.WAV,Telephone Field,recover-20221013,001,1795
909.6605,909.6976,68437,81577,Rhinolophus ferrumequinum,0.023,0.023,-1,Echolocation,/mnt/ubna_data_02_mir/recover-20221013/UBNA_001/20221012_030000.WAV,Telephone Field,recover-20221013,001,1795
909.6705,909.707,68437,81579,Rhinolophus ferrumequinum,0.023,0.023,-1,Echolocation,/mnt/ubna_data_02_mir/recover-20221013/UBNA_001/20221012_030000.WAV,Telephone Field,recover-20221013,001,1795
909.6835,909.7243,68437,82606,Rhinolophus ferrumequinum,0.023,0.023,-1,Echolocation,/mnt/ubna_data_02_mir/recover-20221013/UBNA_001/20221012_030000.WAV,Telephone Field,recover-20221013,001,1795
909.6865,909.6957,25468,33494,Eptesicus serotinus,0.01,0.027,-1,Echolocation,/mnt/ubna_data_02_mir/recover-20221013/UBNA_001/20221012_030000.WAV,Telephone Field,recover-20221013,001,1795
909.7075,909.7449,68437,81152,Rhinolophus ferrumequinum,0.021,0.021,-1,Echolocation,/mnt/ubna_data_02_mir/recover-20221013/UBNA_001/20221012_030000.WAV,Telephone Field,recover-20221013,001,1795
909.7565,909.7908,68437,80837,Rhinolophus ferrumequinum,0.021,0.021,-1,Echolocation,/mnt/ubna_data_02_mir/recover-20221013/UBNA_001/20221012_030000.WAV,Telephone Field,recover-20221013,001,1795
909.7735,909.8158,68437,82054,Rhinolophus ferrumequinum,0.024,0.024,-1,Echolocation,/mnt/ubna_data_02_mir/recover-20221013/UBNA_001/20221012_030000.WAV,Telephone Field,recover-20221013,001,1795
909.7825,909.8208,68437,81931,Rhinolophus ferrumequinum,0.023,0.023,-1,Echolocation,/mnt/ubna_data_02_mir/recover-20221013/UBNA_001/20221012_030000.WAV,Telephone Field,recover-20221013,001,1795
909.8165,909.8526,68437,80896,Rhinolophus ferrumequinum,0.021,0.022,-1,Echolocation,/mnt/ubna_data_02_mir/recover-20221013/UBNA_001/20221012_030000.WAV,Telephone Field,recover-20221013,001,1795
909.8385,909.875,68437,81405,Rhinolophus ferrumequinum,0.021,0.021,-1,Echolocation,/mnt/ubna_data_02_mir/recover-20221013/UBNA_001/20221012_030000.WAV,Telephone Field,recover-20221013,001,1795
909.8475,909.8552,28906,37402,Eptesicus serotinus,0.006,0.022,-1,Echolocation,/mnt/ubna_data_02_mir/recover-20221013/UBNA_001/20221012_030000.WAV,Telephone Field,recover-20221013,001,1795
909.8835,909.9259,68437,82966,Rhinolophus ferrumequinum,0.042,0.042,-1,Echolocation,/mnt/ubna_data_02_mir/recover-20221013/UBNA_001/20221012_030000.WAV,Telephone Field,recover-20221013,001,1795
909.9125,909.9516,68437,82232,Rhinolophus ferrumequinum,0.022,0.022,-1,Echolocation,/mnt/ubna_data_02_mir/recover-20221013/UBNA_001/20221012_030000.WAV,Telephone Field,recover-20221013,001,1795
909.9245,909.9647,68437,82853,Rhinolophus ferrumequinum,0.036,0.036,-1,Echolocation,/mnt/ubna_data_02_mir/recover-20221013/UBNA_001/20221012_030000.WAV,Telephone Field,recover-20221013,001,1795
909.9725,909.9802999999999,27187,38017,Eptesicus serotinus,0.006,0.02,-1,Echolocation,/mnt/ubna_data_02_mir/recover-20221013/UBNA_001/20221012_030000.WAV,Telephone Field,recover-20221013,001,1795
910.0015,910.0117,46953,50529,Pipistrellus pipistrellus,0.038,0.05,-1,Echolocation,/mnt/ubna_data_02_mir/recover-20221013/UBNA_001/20221012_030000.WAV,Telephone Field,recover-20221013,001,1795
910.0015,910.0336,68437,80303,Rhinolophus ferrumequinum,0.032,0.032,-1,Echolocation,/mnt/ubna_data_02_mir/recover-20221013/UBNA_001/20221012_030000.WAV,Telephone Field,recover-20221013,001,1795
910.0015,910.0117,23750,30716,Nyctalus leisleri,0.013,0.033,-1,Echolocation,/mnt/ubna_data_02_mir/recover-20221013/UBNA_001/20221012_030000.WAV,Telephone Field,recover-20221013,001,1795
910.0115,910.021,26328,34968,Eptesicus serotinus,0.012,0.025,-1,Echolocation,/mnt/ubna_data_02_mir/recover-20221013/UBNA_001/20221012_030000.WAV,Telephone Field,recover-20221013,001,1795
910.0185,910.0534,68437,82310,Rhinolophus ferrumequinum,0.022,0.022,-1,Echolocation,/mnt/ubna_data_02_mir/recover-20221013/UBNA_001/20221012_030000.WAV,Telephone Field,recover-20221013,001,1795
910.0335,910.0736,68437,82600,Rhinolophus ferrumequinum,0.022,0.022,-1,Echolocation,/mnt/ubna_data_02_mir/recover-20221013/UBNA_001/20221012_030000.WAV,Telephone Field,recover-20221013,001,1795
910.0415,910.0825,68437,82501,Rhinolophus ferrumequinum,0.023,0.023,-1,Echolocation,/mnt/ubna_data_02_mir/recover-20221013/UBNA_001/20221012_030000.WAV,Telephone Field,recover-20221013,001,1795
910.0575,910.0965,68437,81621,Rhinolophus ferrumequinum,0.023,0.023,-1,Echolocation,/mnt/ubna_data_02_mir/recover-20221013/UBNA_001/20221012_030000.WAV,Telephone Field,recover-20221013,001,1795
910.0795,910.0865,26328,39930,Eptesicus serotinus,0.009,0.028,-1,Echolocation,/mnt/ubna_data_02_mir/recover-20221013/UBNA_001/20221012_030000.WAV,Telephone Field,recover-20221013,001,1795
910.0975,910.1391,68437,82463,Rhinolophus ferrumequinum,0.024,0.024,-1,Echolocation,/mnt/ubna_data_02_mir/recover-20221013/UBNA_001/20221012_030000.WAV,Telephone Field,recover-20221013,001,1795
910.1035,910.1129,22031,27785,Plecotus austriacus,0.01,0.026,-1,Echolocation,/mnt/ubna_data_02_mir/recover-20221013/UBNA_001/20221012_030000.WAV,Telephone Field,recover-20221013,001,1795
910.1055,910.1123,34062,47293,Myotis daubentonii,0.008,0.022,-1,Echolocation,/mnt/ubna_data_02_mir/recover-20221013/UBNA_001/20221012_030000.WAV,Telephone Field,recover-20221013,001,1795
910.1265,910.1661,68437,81912,Rhinolophus ferrumequinum,0.025,0.025,-1,Echolocation,/mnt/ubna_data_02_mir/recover-20221013/UBNA_001/20221012_030000.WAV,Telephone Field,recover-20221013,001,1795
910.1515,910.1914,68437,82361,Rhinolophus ferrumequinum,0.025,0.025,-1,Echolocation,/mnt/ubna_data_02_mir/recover-20221013/UBNA_001/20221012_030000.WAV,Telephone Field,recover-20221013,001,1795
910.1955,910.2277,68437,80883,Rhinolophus ferrumequinum,0.022,0.022,-1,Echolocation,/mnt/ubna_data_02_mir/recover-20221013/UBNA_001/20221012_030000.WAV,Telephone Field,recover-20221013,001,1795
910.2585,910.2993,68437,82619,Rhinolophus ferrumequinum,0.038,0.038,-1,Echolocation,/mnt/ubna_data_02_mir/recover-20221013/UBNA_001/20221012_030000.WAV,Telephone Field,recover-20221013,001,1795
910.2675,910.275,23750,32791,Plecotus austriacus,0.013,0.028,-1,Echolocation,/mnt/ubna_data_02_mir/recover-20221013/UBNA_001/20221012_030000.WAV,Telephone Field,recover-20221013,001,1795
910.2805,910.319,68437,82598,Rhinolophus ferrumequinum,0.028,0.028,-1,Echolocation,/mnt/ubna_data_02_mir/recover-20221013/UBNA_001/20221012_030000.WAV,Telephone Field,recover-20221013,001,1795
910.3065,910.3179,22890,28032,Nyctalus leisleri,0.011,0.022,-1,Echolocation,/mnt/ubna_data_02_mir/recover-20221013/UBNA_001/20221012_030000.WAV,Telephone Field,recover-20221013,001,1795
910.3125,910.3508,68437,81826,Rhinolophus ferrumequinum,0.032,0.032,-1,Echolocation,/mnt/ubna_data_02_mir/recover-20221013/UBNA_001/20221012_030000.WAV,Telephone Field,recover-20221013,001,1795
910.3585,910.368,58125,63459,Pipistrellus pygmaeus,0.022,0.023,-1,Echolocation,/mnt/ubna_data_02_mir/recover-20221013/UBNA_001/20221012_030000.WAV,Telephone Field,recover-20221013,001,1795
910.3725,910.4119,68437,82456,Rhinolophus ferrumequinum,0.032,0.032,-1,Echolocation,/mnt/ubna_data_02_mir/recover-20221013/UBNA_001/20221012_030000.WAV,Telephone Field,recover-20221013,001,1795
910.3795,910.3911,24609,30918,Nyctalus leisleri,0.019,0.043,-1,Echolocation,/mnt/ubna_data_02_mir/recover-20221013/UBNA_001/20221012_030000.WAV,Telephone Field,recover-20221013,001,1795
910.4355,910.4754,68437,82538,Rhinolophus ferrumequinum,0.024,0.024,-1,Echolocation,/mnt/ubna_data_02_mir/recover-20221013/UBNA_001/20221012_030000.WAV,Telephone Field,recover-20221013,001,1795
910.4685,910.5072,68437,82476,Rhinolophus ferrumequinum,0.024,0.024,-1,Echolocation,/mnt/ubna_data_02_mir/recover-20221013/UBNA_001/20221012_030000.WAV,Telephone Field,recover-20221013,001,1795
910.4955,910.5318,68437,81836,Rhinolophus ferrumequinum,0.024,0.024,-1,Echolocation,/mnt/ubna_data_02_mir/recover-20221013/UBNA_001/20221012_030000.WAV,Telephone Field,recover-20221013,001,1795
910.4965,910.5031,28046,42156,Eptesicus serotinus,0.007,0.027,-1,Echolocation,/mnt/ubna_data_02_mir/recover-20221013/UBNA_001/20221012_030000.WAV,Telephone Field,recover-20221013,001,1795
910.5145,910.5248,23750,29840,Nyctalus leisleri,0.009,0.023,-1,Echolocation,/mnt/ubna_data_02_mir/recover-20221013/UBNA_001/20221012_030000.WAV,Telephone Field,recover-20221013,001,1795
910.5295,910.5363,27187,40134,Eptesicus serotinus,0.007,0.027,-1,Echolocation,/mnt/ubna_data_02_mir/recover-20221013/UBNA_001/20221012_030000.WAV,Telephone Field,recover-20221013,001,1795
910.5455,910.5859,68437,82289,Rhinolophus ferrumequinum,0.024,0.024,-1,Echolocation,/mnt/ubna_data_02_mir/recover-20221013/UBNA_001/20221012_030000.WAV,Telephone Field,recover-20221013,001,1795
910.5545,910.5603,37500,59761,Myotis brandtii,0.009,0.027,-1,Echolocation,/mnt/ubna_data_02_mir/recover-20221013/UBNA_001/20221012_030000.WAV,Telephone Field,recover-20221013,001,1795
910.5665,910.605,68437,81232,Rhinolophus ferrumequinum,0.021,0.022,-1,Echolocation,/mnt/ubna_data_02_mir/recover-20221013/UBNA_001/20221012_030000.WAV,Telephone Field,recover-20221013,001,1795
910.5765,910.6172,68437,82541,Rhinolophus ferrumequinum,0.029,0.029,-1,Echolocation,/mnt/ubna_data_02_mir/recover-20221013/UBNA_001/20221012_030000.WAV,Telephone Field,recover-20221013,001,1795
910.6085,910.642,68437,80371,Rhinolophus ferrumequinum,0.022,0.022,-1,Echolocation,/mnt/ubna_data_02_mir/recover-20221013/UBNA_001/20221012_030000.WAV,Telephone Field,recover-20221013,001,1795
910.6085,910.6156,28046,37122,Eptesicus serotinus,0.006,0.023,-1,Echolocation,/mnt/ubna_data_02_mir/recover-20221013/UBNA_001/20221012_030000.WAV,Telephone Field,recover-20221013,001,1795
910.6095,910.617,22890,30740,Plecotus austriacus,0.011,0.023,-1,Echolocation,/mnt/ubna_data_02_mir/recover-20221013/UBNA_001/20221012_030000.WAV,Telephone Field,recover-20221013,001,1795
910.6395,910.6467,28906,39807,Eptesicus serotinus,0.006,0.023,-1,Echolocation,/mnt/ubna_data_02_mir/recover-20221013/UBNA_001/20221012_030000.WAV,Telephone Field,recover-20221013,001,1795
910.6815,910.7212,68437,82245,Rhinolophus ferrumequinum,0.026,0.026,-1,Echolocation,/mnt/ubna_data_02_mir/recover-20221013/UBNA_001/20221012_030000.WAV,Telephone Field,recover-20221013,001,1795
910.7215,910.7294,28046,38677,Eptesicus serotinus,0.006,0.021,-1,Echolocation,/mnt/ubna_data_02_mir/recover-20221013/UBNA_001/20221012_030000.WAV,Telephone Field,recover-20221013,001,1795
910.7295,910.771,68437,82745,Rhinolophus ferrumequinum,0.031,0.031,-1,Echolocation,/mnt/ubna_data_02_mir/recover-20221013/UBNA_001/20221012_030000.WAV,Telephone Field,recover-20221013,001,1795
910.7635,910.7758,23750,29019,Nyctalus leisleri,0.012,0.023,-1,Echolocation,/mnt/ubna_data_02_mir/recover-20221013/UBNA_001/20221012_030000.WAV,Telephone Field,recover-20221013,001,1795
910.7655,910.803,68437,80789,Rhinolophus ferrumequinum,0.025,0.025,-1,Echolocation,/mnt/ubna_data_02_mir/recover-20221013/UBNA_001/20221012_030000.WAV,Telephone Field,recover-20221013,001,1795
910.7795,910.8143,68437,81421,Rhinolophus ferrumequinum,0.025,0.025,-1,Echolocation,/mnt/ubna_data_02_mir/recover-20221013/UBNA_001/20221012_030000.WAV,Telephone Field,recover-20221013,001,1795
910.8005,910.839,68437,81412,Rhinolophus ferrumequinum,0.022,0.022,-1,Echolocation,/mnt/ubna_data_02_mir/recover-20221013/UBNA_001/20221012_030000.WAV,Telephone Field,recover-20221013,001,1795
910.8075,910.8458,68437,82063,Rhinolophus ferrumequinum,0.024,0.024,-1,Echolocation,/mnt/ubna_data_02_mir/recover-20221013/UBNA_001/20221012_030000.WAV,Telephone Field,recover-20221013,001,1795
910.8075,910.8192,23750,28848,Nyctalus leisleri,0.013,0.026,-1,Echolocation,/mnt/ubna_data_02_mir/recover-20221013/UBNA_001/20221012_030000.WAV,Telephone Field,recover-20221013,001,1795
910.8385,910.8811,68437,82553,Rhinolophus ferrumequinum,0.022,0.022,-1,Echolocation,/mnt/ubna_data_02_mir/recover-20221013/UBNA_001/20221012_030000.WAV,Telephone Field,recover-20221013,001,1795
910.8405,910.8531,27187,32788,Eptesicus serotinus,0.012,0.026,-1,Echolocation,/mnt/ubna_data_02_mir/recover-20221013/UBNA_001/20221012_030000.WAV,Telephone Field,recover-20221013,001,1795
910.8565,910.8944,68437,81452,Rhinolophus ferrumequinum,0.022,0.022,-1,Echolocation,/mnt/ubna_data_02_mir/recover-20221013/UBNA_001/20221012_030000.WAV,Telephone Field,recover-20221013,001,1795
910.8785,910.918,68437,82798,Rhinolophus ferrumequinum,0.028,0.028,-1,Echolocation,/mnt/ubna_data_02_mir/recover-20221013/UBNA_001/20221012_030000.WAV,Telephone Field,recover-20221013,001,1795
910.9075,910.916,28046,37141,Eptesicus serotinus,0.011,0.026,-1,Echolocation,/mnt/ubna_data_02_mir/recover-20221013/UBNA_001/20221012_030000.WAV,Telephone Field,recover-20221013,001,1795
910.9625,911.0023,68437,82409,Rhinolophus ferrumequinum,0.024,0.024,-1,Echolocation,/mnt/ubna_data_02_mir/recover-20221013/UBNA_001/20221012_030000.WAV,Telephone Field,recover-20221013,001,1795
911.0025,911.0408,68437,81888,Rhinolophus ferrumequinum,0.022,0.022,-1,Echolocation,/mnt/ubna_data_02_mir/recover-20221013/UBNA_001/20221012_030000.WAV,Telephone Field,recover-20221013,001,1795
911.0235,911.0639,68437,82509,Rhinolophus ferrumequinum,0.027,0.027,-1,Echolocation,/mnt/ubna_data_02_mir/recover-20221013/UBNA_001/20221012_030000.WAV,Telephone Field,recover-20221013,001,1795
911.0285,911.0357,27187,39315,Eptesicus serotinus,0.006,0.022,-1,Echolocation,/mnt/ubna_data_02_mir/recover-20221013/UBNA_001/20221012_030000.WAV,Telephone Field,recover-20221013,001,1795
911.0375,911.0756,68437,82385,Rhinolophus ferrumequinum,0.022,0.023,-1,Echolocation,/mnt/ubna_data_02_mir/recover-20221013/UBNA_001/20221012_030000.WAV,Telephone Field,recover-20221013,001,1795
911.0395,911.0523,23750,28150,Nyctalus leisleri,0.011,0.022,-1,Echolocation,/mnt/ubna_data_02_mir/recover-20221013/UBNA_001/20221012_030000.WAV,Telephone Field,recover-20221013,001,1795
911.0465,911.0861,68437,82435,Rhinolophus ferrumequinum,0.025,0.025,-1,Echolocation,/mnt/ubna_data_02_mir/recover-20221013/UBNA_001/20221012_030000.WAV,Telephone Field,recover-20221013,001,1795
911.0565,911.0639,28046,39753,Eptesicus serotinus,0.006,0.023,-1,Echolocation,/mnt/ubna_data_02_mir/recover-20221013/UBNA_001/20221012_030000.WAV,Telephone Field,recover-20221013,001,1795
911.1015,911.14,68437,81418,Rhinolophus ferrumequinum,0.027,0.027,-1,Echolocation,/mnt/ubna_data_02_mir/recover-20221013/UBNA_001/20221012_030000.WAV,Telephone Field,recover-20221013,001,1795
911.1405,911.1809,68437,83132,Rhinolophus ferrumequinum,0.036,0.036,-1,Echolocation,/mnt/ubna_data_02_mir/recover-20221013/UBNA_001/20221012_030000.WAV,Telephone Field,recover-20221013,001,1795
911.1445,911.1539,22890,29971,Plecotus austriacus,0.008,0.023,-1,Echolocation,/mnt/ubna_data_02_mir/recover-20221013/UBNA_001/20221012_030000.WAV,Telephone Field,recover-20221013,001,1795
911.1615,911.1773,15156,20347,Nyctalus noctula,0.031,0.042,-1,Echolocation,/mnt/ubna_data_02_mir/recover-20221013/UBNA_001/20221012_030000.WAV,Telephone Field,recover-20221013,001,1795
911.1615,911.2032,68437,82909,Rhinolophus ferrumequinum,0.024,0.025,-1,Echolocation,/mnt/ubna_data_02_mir/recover-20221013/UBNA_001/20221012_030000.WAV,Telephone Field,recover-20221013,001,1795
911.1995,911.2387,68437,82360,Rhinolophus ferrumequinum,0.024,0.024,-1,Echolocation,/mnt/ubna_data_02_mir/recover-20221013/UBNA_001/20221012_030000.WAV,Telephone Field,recover-20221013,001,1795
911.2045,911.2148,28906,36745,Eptesicus serotinus,0.009,0.021,-1,Echolocation,/mnt/ubna_data_02_mir/recover-20221013/UBNA_001/20221012_030000.WAV,Telephone Field,recover-20221013,001,1795
911.2075,911.2434,68437,81269,Rhinolophus ferrumequinum,0.021,0.021,-1,Echolocation,/mnt/ubna_data_02_mir/recover-20221013/UBNA_001/20221012_030000.WAV,Telephone Field,recover-20221013,001,1795
911.2125,911.2487,68437,81102,Rhinolophus ferrumequinum,0.021,0.021,-1,Echolocation,/mnt/ubna_data_02_mir/recover-20221013/UBNA_001/20221012_030000.WAV,Telephone Field,recover-20221013,001,1795
911.2275,911.2694,68437,82885,Rhinolophus ferrumequinum,0.03,0.03,-1,Echolocation,/mnt/ubna_data_02_mir/recover-20221013/UBNA_001/20221012_030000.WAV,Telephone Field,recover-20221013,001,1795
911.2585,911.2665,28046,39294,Eptesicus serotinus,0.007,0.022,-1,Echolocation,/mnt/ubna_data_02_mir/recover-20221013/UBNA_001/20221012_030000.WAV,Telephone Field,recover-20221013,001,1795
911.2595,911.2949,68437,80857,Rhinolophus ferrumequinum,0.024,0.024,-1,Echolocation,/mnt/ubna_data_02_mir/recover-20221013/UBNA_001/20221012_030000.WAV,Telephone Field,recover-20221013,001,1795
911.3045,911.3463,68437,82820,Rhinolophus ferrumequinum,0.034,0.034,-1,Echolocation,/mnt/ubna_data_02_mir/recover-20221013/UBNA_001/20221012_030000.WAV,Telephone Field,recover-20221013,001,1795
911.3995,911.4371,68437,81774,Rhinolophus ferrumequinum,0.024,0.024,-1,Echolocation,/mnt/ubna_data_02_mir/recover-20221013/UBNA_001/20221012_030000.WAV,Telephone Field,recover-20221013,001,1795
911.4125,911.4495,68437,81821,Rhinolophus ferrumequinum,0.024,0.024,-1,Echolocation,/mnt/ubna_data_02_mir/recover-20221013/UBNA_001/20221012_030000.WAV,Telephone Field,recover-20221013,001,1795
911.4335,911.4714,68437,82537,Rhinolophus ferrumequinum,0.024,0.024,-1,Echolocation,/mnt/ubna_data_02_mir/recover-20221013/UBNA_001/20221012_030000.WAV,Telephone Field,recover-20221013,001,1795
911.4575,911.4642,28046,37602,Eptesicus serotinus,0.01,0.03,-1,Echolocation,/mnt/ubna_data_02_mir/recover-20221013/UBNA_001/20221012_030000.WAV,Telephone Field,recover-20221013,001,1795
911.4725,911.5101,68437,81321,Rhinolophus ferrumequinum,0.028,0.028,-1,Echolocation,/mnt/ubna_data_02_mir/recover-20221013/UBNA_001/20221012_030000.WAV,Telephone Field,recover-20221013,001,1795
911.4865,911.4954,22890,29548,Plecotus austriacus,0.008,0.022,-1,Echolocation,/mnt/ubna_data_02_mir/recover-20221013/UBNA_001/20221012_030000.WAV,Telephone Field,recover-20221013,001,1795
911.4955,911.5284,68437,80854,Rhinolophus ferrumequinum,0.021,0.021,-1,Echolocation,/mnt/ubna_data_02_mir/recover-20221013/UBNA_001/20221012_030000.WAV,Telephone Field,recover-20221013,001,1795
911.5205,911.5609,68437,82220,Rhinolophus ferrumequinum,0.028,0.028,-1,Echolocation,/mnt/ubna_data_02_mir/recover-20221013/UBNA_001/20221012_030000.WAV,Telephone Field,recover-20221013,001,1795
911.5265,911.5664,68437,82585,Rhinolophus ferrumequinum,0.03,0.03,-1,Echolocation,/mnt/ubna_data_02_mir/recover-20221013/UBNA_001/20221012_030000.WAV,Telephone Field,recover-20221013,001,1795
911.5455,911.5842,68437,82680,Rhinolophus ferrumequinum,0.022,0.022,-1,Echolocation,/mnt/ubna_data_02_mir/recover-20221013/UBNA_001/20221012_030000.WAV,Telephone Field,recover-20221013,001,1795
911.5725,911.5806,27187,38097,Eptesicus serotinus,0.009,0.026,-1,Echolocation,/mnt/ubna_data_02_mir/recover-20221013/UBNA_001/20221012_030000.WAV,Telephone Field,recover-20221013,001,1795
911.5915,911.6324,68437,82926,Rhinolophus ferrumequinum,0.027,0.027,-1,Echolocation,/mnt/ubna_data_02_mir/recover-20221013/UBNA_001/20221012_030000.WAV,Telephone Field,recover-20221013,001,1795
911.6035,911.6442,68437,82707,Rhinolophus ferrumequinum,0.027,0.027,-1,Echolocation,/mnt/ubna_data_02_mir/recover-20221013/UBNA_001/20221012_030000.WAV,Telephone Field,recover-20221013,001,1795
911.6235,911.6665,68437,82905,Rhinolophus ferrumequinum,0.029,0.029,-1,Echolocation,/mnt/ubna_data_02_mir/recover-20221013/UBNA_001/20221012_030000.WAV,Telephone Field,recover-20221013,001,1795
911.6355,911.672,68437,82156,Rhinolophus ferrumequinum,0.022,0.022,-1,Echolocation,/mnt/ubna_data_02_mir/recover-20221013/UBNA_001/20221012_030000.WAV,Telephone Field,recover-20221013,001,1795
911.6445,911.6648,19453,22597,Nyctalus leisleri,0.013,0.027,-1,Echolocation,/mnt/ubna_data_02_mir/recover-20221013/UBNA_001/20221012_030000.WAV,Telephone Field,recover-20221013,001,1795
911.6805,911.7208,68437,82488,Rhinolophus ferrumequinum,0.023,0.023,-1,Echolocation,/mnt/ubna_data_02_mir/recover-20221013/UBNA_001/20221012_030000.WAV,Telephone Field,recover-20221013,001,1795
911.7165,911.7503,68437,80440,Rhinolophus ferrumequinum,0.026,0.027,-1,Echolocation,/mnt/ubna_data_02_mir/recover-20221013/UBNA_001/20221012_030000.WAV,Telephone Field,recover-20221013,001,1795
911.7515,911.7889,68437,81585,Rhinolophus ferrumequinum,0.022,0.022,-1,Echolocation,/mnt/ubna_data_02_mir/recover-20221013/UBNA_001/20221012_030000.WAV,Telephone Field,recover-20221013,001,1795
911.7585,911.7657,27187,42002,Eptesicus serotinus,0.007,0.026,-1,Echolocation,/mnt/ubna_data_02_mir/recover-20221013/UBNA_001/20221012_030000.WAV,Telephone Field,recover-20221013,001,1795
911.7785,911.8184,68437,82562,Rhinolophus ferrumequinum,0.022,0.022,-1,Echolocation,/mnt/ubna_data_02_mir/recover-20221013/UBNA_001/20221012_030000.WAV,Telephone Field,recover-20221013,001,1795
911.8085,911.8479,68437,82188,Rhinolophus ferrumequinum,0.028,0.028,-1,Echolocation,/mnt/ubna_data_02_mir/recover-20221013/UBNA_001/20221012_030000.WAV,Telephone Field,recover-20221013,001,1795
911.8085,911.8173,28046,38263,Eptesicus serotinus,0.01,0.026,-1,Echolocation,/mnt/ubna_data_02_mir/recover-20221013/UBNA_001/20221012_030000.WAV,Telephone Field,recover-20221013,001,1795
911.8285,911.8652,68437,81608,Rhinolophus ferrumequinum,0.031,0.031,-1,Echolocation,/mnt/ubna_data_02_mir/recover-20221013/UBNA_001/20221012_030000.WAV,Telephone Field,recover-20221013,001,1795
911.8385,911.8489,23750,29973,Nyctalus leisleri,0.011,0.026,-1,Echolocation,/mnt/ubna_data_02_mir/recover-20221013/UBNA_001/20221012_030000.WAV,Telephone Field,recover-20221013,001,1795
911.8615,911.8969,68437,81329,Rhinolophus ferrumequinum,0.024,0.024,-1,Echolocation,/mnt/ubna_data_02_mir/recover-20221013/UBNA_001/20221012_030000.WAV,Telephone Field,recover-20221013,001,1795
911.8695,911.8817,39218,43186,Pipistrellus nathusii,0.011,0.022,-1,Echolocation,/mnt/ubna_data_02_mir/recover-20221013/UBNA_001/20221012_030000.WAV,Telephone Field,recover-20221013,001,1795
911.8845,911.8957,23750,29125,Nyctalus leisleri,0.014,0.031,-1,Echolocation,/mnt/ubna_data_02_mir/recover-20221013/UBNA_001/20221012_030000.WAV,Telephone Field,recover-20221013,001,1795
911.8935,911.9304,68437,81598,Rhinolophus ferrumequinum,0.021,0.021,-1,Echolocation,/mnt/ubna_data_02_mir/recover-20221013/UBNA_001/20221012_030000.WAV,Telephone Field,recover-20221013,001,1795
911.9305,911.9683,68437,81527,Rhinolophus ferrumequinum,0.041,0.041,-1,Echolocation,/mnt/ubna_data_02_mir/recover-20221013/UBNA_001/20221012_030000.WAV,Telephone Field,recover-20221013,001,1795
911.9395,911.9479,27187,36849,Eptesicus serotinus,0.007,0.021,-1,Echolocation,/mnt/ubna_data_02_mir/recover-20221013/UBNA_001/20221012_030000.WAV,Telephone Field,recover-20221013,001,1795
911.9515,911.9911,68437,81808,Rhinolophus ferrumequinum,0.022,0.022,-1,Echolocation,/mnt/ubna_data_02_mir/recover-20221013/UBNA_001/20221012_030000.WAV,Telephone Field,recover-20221013,001,1795
912.0015,912.0338,68437,81373,Rhinolophus ferrumequinum,0.056,0.056,-1,Echolocation,/mnt/ubna_data_02_mir/recover-20221013/UBNA_001/20221012_030000.WAV,Telephone Field,recover-20221013,001,1795
912.0015,912.0088,23750,33818,Plecotus austriacus,0.009,0.033,-1,Echolocation,/mnt/ubna_data_02_mir/recover-20221013/UBNA_001/20221012_030000.WAV,Telephone Field,recover-20221013,001,1795
912.0015,912.0092,32343,43603,Myotis daubentonii,0.006,0.022,-1,Echolocation,/mnt/ubna_data_02_mir/recover-20221013/UBNA_001/20221012_030000.WAV,Telephone Field,recover-20221013,001,1795
912.0065,912.0452,68437,81456,Rhinolophus ferrumequinum,0.029,0.03,-1,Echolocation,/mnt/ubna_data_02_mir/recover-20221013/UBNA_001/20221012_030000.WAV,Telephone Field,recover-20221013,001,1795
912.0145,912.0512,68437,80878,Rhinolophus ferrumequinum,0.023,0.023,-1,Echolocation,/mnt/ubna_data_02_mir/recover-20221013/UBNA_001/20221012_030000.WAV,Telephone Field,recover-20221013,001,1795
912.0195,912.0263,27187,41089,Eptesicus serotinus,0.006,0.022,-1,Echolocation,/mnt/ubna_data_02_mir/recover-20221013/UBNA_001/20221012_030000.WAV,Telephone Field,recover-20221013,001,1795
912.0385,912.0798,68437,82521,Rhinolophus ferrumequinum,0.025,0.025,-1,Echolocation,/mnt/ubna_data_02_mir/recover-20221013/UBNA_001/20221012_030000.WAV,Telephone Field,recover-20221013,001,1795
912.0445,912.0851,68437,82173,Rhinolophus ferrumequinum,0.023,0.023,-1,Echolocation,/mnt/ubna_data_02_mir/recover-20221013/UBNA_001/20221012_030000.WAV,Telephone Field,recover-20221013,001,1795
912.0495,912.0887,68437,82195,Rhinolophus ferrumequinum,0.024,0.024,-1,Echolocation,/mnt/ubna_data_02_mir/recover-20221013/UBNA_001/20221012_030000.WAV,Telephone Field,recover-20221013,001,1795
912.0605,912.0675,24609,33831,Plecotus austriacus,0.006,0.021,-1,Echolocation,/mnt/ubna_data_02_mir/recover-20221013/UBNA_001/20221012_030000.WAV,Telephone Field,recover-20221013,001,1795
912.0825,912.1223,68437,82055,Rhinolophus ferrumequinum,0.031,0.031,-1,Echolocation,/mnt/ubna_data_02_mir/recover-20221013/UBNA_001/20221012_030000.WAV,Telephone Field,recover-20221013,001,1795
912.1055,912.1445,68437,81991,Rhinolophus ferrumequinum,0.028,0.028,-1,Echolocation,/mnt/ubna_data_02_mir/recover-20221013/UBNA_001/20221012_030000.WAV,Telephone Field,recover-20221013,001,1795
912.1305,912.1407,22031,26812,Nyctalus leisleri,0.009,0.021,-1,Echolocation,/mnt/ubna_data_02_mir/recover-20221013/UBNA_001/20221012_030000.WAV,Telephone Field,recover-20221013,001,1795
912.1395,912.1776,68437,81143,Rhinolophus ferrumequinum,0.021,0.021,-1,Echolocation,/mnt/ubna_data_02_mir/recover-20221013/UBNA_001/20221012_030000.WAV,Telephone Field,recover-20221013,001,1795
912.1615,912.1992,68437,81769,Rhinolophus ferrumequinum,0.021,0.021,-1,Echolocation,/mnt/ubna_data_02_mir/recover-20221013/UBNA_001/20221012_030000.WAV,Telephone Field,recover-20221013,001,1795
912.1755,912.2161,68437,82525,Rhinolophus ferrumequinum,0.024,0.024,-1,Echolocation,/mnt/ubna_data_02_mir/recover-20221013/UBNA_001/20221012_030000.WAV,Telephone Field,recover-20221013,001,1795
912.1895,912.2297,68437,82355,Rhinolophus ferrumequinum,0.023,0.023,-1,Echolocation,/mnt/ubna_data_02_mir/recover-20221013/UBNA_001/20221012_030000.WAV,Telephone Field,recover-20221013,001,1795
912.2285,912.2686,68437,82263,Rhinolophus ferrumequinum,0.021,0.021,-1,Echolocation,/mnt/ubna_data_02_mir/recover-20221013/UBNA_001/20221012_030000.WAV,Telephone Field,recover-20221013,001,1795
912.2515,912.2869,68437,81787,Rhinolophus ferrumequinum,0.04,0.04,-1,Echolocation,/mnt/ubna_data_02_mir/recover-20221013/UBNA_001/20221012_030000.WAV,Telephone Field,recover-20221013,001,1795
912.2725,912.3137,68437,82269,Rhinolophus ferrumequinum,0.033,0.033,-1,Echolocation,/mnt/ubna_data_02_mir/recover-20221013/UBNA_001/20221012_030000.WAV,Telephone Field,recover-20221013,001,1795
912.2805,912.3039,16875,20737,Nyctalus noctula,0.017,0.024,-1,Echolocation,/mnt/ubna_data_02_mir/recover-20221013/UBNA_001/20221012_030000.WAV,Telephone Field,recover-20221013,001,1795
912.2845,912.2922,28906,41132,Eptesicus serotinus,0.008,0.024,-1,Echolocation,/mnt/ubna_data_02_mir/recover-20221013/UBNA_001/20221012_030000.WAV,Telephone Field,recover-20221013,001,1795
912.2955,912.334,68437,81731,Rhinolophus ferrumequinum,0.021,0.021,-1,Echolocation,/mnt/ubna_data_02_mir/recover-20221013/UBNA_001/20221012_030000.WAV,Telephone Field,recover-20221013,001,1795
912.3015,912.3381,68437,82293,Rhinolophus ferrumequinum,0.021,0.021,-1,Echolocation,/mnt/ubna_data_02_mir/recover-20221013/UBNA_001/20221012_030000.WAV,Telephone Field,recover-20221013,001,1795
912.3395,912.3862,68437,83784,Rhinolophus ferrumequinum,0.048,0.048,-1,Echolocation,/mnt/ubna_data_02_mir/recover-20221013/UBNA_001/20221012_030000.WAV,Telephone Field,recover-20221013,001,1795
912.3705,912.3834,22031,26519,Nyctalus leisleri,0.017,0.032,-1,Echolocation,/mnt/ubna_data_02_mir/recover-20221013/UBNA_001/20221012_030000.WAV,Telephone Field,recover-20221013,001,1795
912.3715,912.4098,68437,82010,Rhinolophus ferrumequinum,0.024,0.024,-1,Echolocation,/mnt/ubna_data_02_mir/recover-20221013/UBNA_001/20221012_030000.WAV,Telephone Field,recover-20221013,001,1795
912.3835,912.3962,36640,40515,Pipistrellus nathusii,0.014,0.025,-1,Echolocation,/mnt/ubna_data_02_mir/recover-20221013/UBNA_001/20221012_030000.WAV,Telephone Field,recover-20221013,001,1795
912.3925,912.4326,68437,82127,Rhinolophus ferrumequinum,0.026,0.026,-1,Echolocation,/mnt/ubna_data_02_mir/recover-20221013/UBNA_001/20221012_030000.WAV,Telephone Field,recover-20221013,001,1795
912.4135,912.453,68437,82484,Rhinolophus ferrumequinum,0.022,0.023,-1,Echolocation,/mnt/ubna_data_02_mir/recover-20221013/UBNA_001/20221012_030000.WAV,Telephone Field,recover-20221013,001,1795
912.4635,912.5027,68437,82144,Rhinolophus ferrumequinum,0.035,0.035,-1,Echolocation,/mnt/ubna_data_02_mir/recover-20221013/UBNA_001/20221012_030000.WAV,Telephone Field,recover-20221013,001,1795
912.4735,912.4826,23750,31212,Eptesicus serotinus,0.006,0.023,-1,Echolocation,/mnt/ubna_data_02_mir/recover-20221013/UBNA_001/20221012_030000.WAV,Telephone Field,recover-20221013,001,1795
912.5285,912.5667,68437,81744,Rhinolophus ferrumequinum,0.025,0.025,-1,Echolocation,/mnt/ubna_data_02_mir/recover-20221013/UBNA_001/20221012_030000.WAV,Telephone Field,recover-20221013,001,1795
912.5785,912.5962,37500,41613,Pipistrellus nathusii,0.019,0.032,-1,Echolocation,/mnt/ubna_data_02_mir/recover-20221013/UBNA_001/20221012_030000.WAV,Telephone Field,recover-20221013,001,1795
912.6205,912.6551,68437,80413,Rhinolophus ferrumequinum,0.023,0.023,-1,Echolocation,/mnt/ubna_data_02_mir/recover-20221013/UBNA_001/20221012_030000.WAV,Telephone Field,recover-20221013,001,1795
912.6545,912.6916,68437,81576,Rhinolophus ferrumequinum,0.023,0.023,-1,Echolocation,/mnt/ubna_data_02_mir/recover-20221013/UBNA_001/20221012_030000.WAV,Telephone Field,recover-20221013,001,1795
912.6785,912.7183,68437,82154,Rhinolophus ferrumequinum,0.024,0.024,-1,Echolocation,/mnt/ubna_data_02_mir/recover-20221013/UBNA_001/20221012_030000.WAV,Telephone Field,recover-20221013,001,1795
912.7205,912.7578,68437,82714,Rhinolophus ferrumequinum,0.029,0.029,-1,Echolocation,/mnt/ubna_data_02_mir/recover-20221013/UBNA_001/20221012_030000.WAV,Telephone Field,recover-20221013,001,1795
912.7275,912.7641,68437,82353,Rhinolophus ferrumequinum,0.022,0.022,-1,Echolocation,/mnt/ubna_data_02_mir/recover-20221013/UBNA_001/20221012_030000.WAV,Telephone Field,recover-20221013,001,1795
912.7325,912.7403,28046,36366,Eptesicus serotinus,0.008,0.022,-1,Echolocation,/mnt/ubna_data_02_mir/recover-20221013/UBNA_001/20221012_030000.WAV,Telephone Field,recover-20221013,001,1795
912.7895,912.83,68437,82747,Rhinolophus ferrumequinum,0.025,0.025,-1,Echolocation,/mnt/ubna_data_02_mir/recover-20221013/UBNA_001/20221012_030000.WAV,Telephone Field,recover-20221013,001,1795
912.8285,912.8657,68437,81188,Rhinolophus ferrumequinum,0.031,0.031,-1,Echolocation,/mnt/ubna_data_02_mir/recover-20221013/UBNA_001/20221012_030000.WAV,Telephone Field,recover-20221013,001,1795
912.8945,912.9349,68437,82978,Rhinolophus ferrumequinum,0.04,0.04,-1,Echolocation,/mnt/ubna_data_02_mir/recover-20221013/UBNA_001/20221012_030000.WAV,Telephone Field,recover-20221013,001,1795
912.9315,912.9383,26328,37453,Plecotus auritus,0.021,0.06,-1,Echolocation,/mnt/ubna_data_02_mir/recover-20221013/UBNA_001/20221012_030000.WAV,Telephone Field,recover-20221013,001,1795
912.9725,913.0121,68437,82062,Rhinolophus ferrumequinum,0.022,0.022,-1,Echolocation,/mnt/ubna_data_02_mir/recover-20221013/UBNA_001/20221012_030000.WAV,Telephone Field,recover-20221013,001,1795
912.9845,913.0252,68437,82876,Rhinolophus ferrumequinum,0.023,0.023,-1,Echolocation,/mnt/ubna_data_02_mir/recover-20221013/UBNA_001/20221012_030000.WAV,Telephone Field,recover-20221013,001,1795
912.9915,913.0309,68437,82813,Rhinolophus ferrumequinum,0.023,0.023,-1,Echolocation,/mnt/ubna_data_02_mir/recover-20221013/UBNA_001/20221012_030000.WAV,Telephone Field,recover-20221013,001,1795
913.0095,913.0482,68437,82011,Rhinolophus ferrumequinum,0.026,0.026,-1,Echolocation,/mnt/ubna_data_02_mir/recover-20221013/UBNA_001/20221012_030000.WAV,Telephone Field,recover-20221013,001,1795
913.0525,913.0942,68437,82408,Rhinolophus ferrumequinum,0.028,0.028,-1,Echolocation,/mnt/ubna_data_02_mir/recover-20221013/UBNA_001/20221012_030000.WAV,Telephone Field,recover-20221013,001,1795
913.1235,913.1633,68437,82760,Rhinolophus ferrumequinum,0.033,0.033,-1,Echolocation,/mnt/ubna_data_02_mir/recover-20221013/UBNA_001/20221012_030000.WAV,Telephone Field,recover-20221013,001,1795
913.1585,913.1715,23750,28308,Nyctalus leisleri,0.012,0.022,-1,Echolocation,/mnt/ubna_data_02_mir/recover-20221013/UBNA_001/20221012_030000.WAV,Telephone Field,recover-20221013,001,1795
913.1635,913.1977,68437,81274,Rhinolophus ferrumequinum,0.021,0.021,-1,Echolocation,/mnt/ubna_data_02_mir/recover-20221013/UBNA_001/20221012_030000.WAV,Telephone Field,recover-20221013,001,1795
913.1705,913.1769,28046,39829,Eptesicus serotinus,0.007,0.024,-1,Echolocation,/mnt/ubna_data_02_mir/recover-20221013/UBNA_001/20221012_030000.WAV,Telephone Field,recover-20221013,001,1795
913.1795,913.2223,68437,82874,Rhinolophus ferrumequinum,0.038,0.038,-1,Echolocation,/mnt/ubna_data_02_mir/recover-20221013/UBNA_001/20221012_030000.WAV,Telephone Field,recover-20221013,001,1795
913.2845,913.3218,68437,81940,Rhinolophus ferrumequinum,0.022,0.022,-1,Echolocation,/mnt/ubna_data_02_mir/recover-20221013/UBNA_001/20221012_030000.WAV,Telephone Field,recover-20221013,001,1795
913.3045,913.3436,68437,82092,Rhinolophus ferrumequinum,0.021,0.021,-1,Echolocation,/mnt/ubna_data_02_mir/recover-20221013/UBNA_001/20221012_030000.WAV,Telephone Field,recover-20221013,001,1795
913.3385,913.3785,68437,82429,Rhinolophus ferrumequinum,0.022,0.022,-1,Echolocation,/mnt/ubna_data_02_mir/recover-20221013/UBNA_001/20221012_030000.WAV,Telephone Field,recover-20221013,001,1795
913.3815,913.4177999999999,68437,81900,Rhinolophus ferrumequinum,0.022,0.022,-1,Echolocation,/mnt/ubna_data_02_mir/recover-20221013/UBNA_001/20221012_030000.WAV,Telephone Field,recover-20221013,001,1795
913.4135,913.4511,68437,81248,Rhinolophus ferrumequinum,0.021,0.021,-1,Echolocation,/mnt/ubna_data_02_mir/recover-20221013/UBNA_001/20221012_030000.WAV,Telephone Field,recover-20221013,001,1795
913.4225,913.4339,23750,29625,Nyctalus leisleri,0.012,0.028,-1,Echolocation,/mnt/ubna_data_02_mir/recover-20221013/UBNA_001/20221012_030000.WAV,Telephone Field,recover-20221013,001,1795
913.4415,913.4833,68437,82597,Rhinolophus ferrumequinum,0.034,0.034,-1,Echolocation,/mnt/ubna_data_02_mir/recover-20221013/UBNA_001/20221012_030000.WAV,Telephone Field,recover-20221013,001,1795
913.4515,913.4615,23750,29601,Nyctalus leisleri,0.009,0.021,-1,Echolocation,/mnt/ubna_data_02_mir/recover-20221013/UBNA_001/20221012_030000.WAV,Telephone Field,recover-20221013,001,1795
913.4715,913.5086,68437,81697,Rhinolophus ferrumequinum,0.028,0.028,-1,Echolocation,/mnt/ubna_data_02_mir/recover-20221013/UBNA_001/20221012_030000.WAV,Telephone Field,recover-20221013,001,1795
913.4825,913.4944,22031,26363,Nyctalus leisleri,0.013,0.025,-1,Echolocation,/mnt/ubna_data_02_mir/recover-20221013/UBNA_001/20221012_030000.WAV,Telephone Field,recover-20221013,001,1795
913.5185,913.5587,68437,82741,Rhinolophus ferrumequinum,0.025,0.025,-1,Echolocation,/mnt/ubna_data_02_mir/recover-20221013/UBNA_001/20221012_030000.WAV,Telephone Field,recover-20221013,001,1795
913.5205,913.5288,22890,30243,Plecotus austriacus,0.01,0.023,-1,Echolocation,/mnt/ubna_data_02_mir/recover-20221013/UBNA_001/20221012_030000.WAV,Telephone Field,recover-20221013,001,1795
913.5395,913.5797,68437,82459,Rhinolophus ferrumequinum,0.021,0.021,-1,Echolocation,/mnt/ubna_data_02_mir/recover-20221013/UBNA_001/20221012_030000.WAV,Telephone Field,recover-20221013,001,1795
913.5515,913.5917,68437,82266,Rhinolophus ferrumequinum,0.022,0.022,-1,Echolocation,/mnt/ubna_data_02_mir/recover-20221013/UBNA_001/20221012_030000.WAV,Telephone Field,recover-20221013,001,1795
913.5785,913.6191,68437,83277,Rhinolophus ferrumequinum,0.052,0.052,-1,Echolocation,/mnt/ubna_data_02_mir/recover-20221013/UBNA_001/20221012_030000.WAV,Telephone Field,recover-20221013,001,1795
913.5905,913.5976,24609,33854,Plecotus austriacus,0.007,0.021,-1,Echolocation,/mnt/ubna_data_02_mir/recover-20221013/UBNA_001/20221012_030000.WAV,Telephone Field,recover-20221013,001,1795
913.6305,913.6706,68437,82312,Rhinolophus ferrumequinum,0.026,0.026,-1,Echolocation,/mnt/ubna_data_02_mir/recover-20221013/UBNA_001/20221012_030000.WAV,Telephone Field,recover-20221013,001,1795
913.6595,913.6686,24609,31948,Nyctalus leisleri,0.006,0.021,-1,Echolocation,/mnt/ubna_data_02_mir/recover-20221013/UBNA_001/20221012_030000.WAV,Telephone Field,recover-20221013,001,1795
913.6605,913.696,68437,81905,Rhinolophus ferrumequinum,0.023,0.023,-1,Echolocation,/mnt/ubna_data_02_mir/recover-20221013/UBNA_001/20221012_030000.WAV,Telephone Field,recover-20221013,001,1795
913.6845,913.7266,68437,82778,Rhinolophus ferrumequinum,0.029,0.029,-1,Echolocation,/mnt/ubna_data_02_mir/recover-20221013/UBNA_001/20221012_030000.WAV,Telephone Field,recover-20221013,001,1795
913.7105,913.7501,68437,82313,Rhinolophus ferrumequinum,0.024,0.024,-1,Echolocation,/mnt/ubna_data_02_mir/recover-20221013/UBNA_001/20221012_030000.WAV,Telephone Field,recover-20221013,001,1795
913.7125,913.722,22031,28297,Plecotus austriacus,0.009,0.024,-1,Echolocation,/mnt/ubna_data_02_mir/recover-20221013/UBNA_001/20221012_030000.WAV,Telephone Field,recover-20221013,001,1795
913.7195,913.7572,68437,82189,Rhinolophus ferrumequinum,0.023,0.023,-1,Echolocation,/mnt/ubna_data_02_mir/recover-20221013/UBNA_001/20221012_030000.WAV,Telephone Field,recover-20221013,001,1795
913.7275,913.7344,23750,32808,Plecotus austriacus,0.012,0.025,-1,Echolocation,/mnt/ubna_data_02_mir/recover-20221013/UBNA_001/20221012_030000.WAV,Telephone Field,recover-20221013,001,1795
913.7605,913.8042,68437,82870,Rhinolophus ferrumequinum,0.03,0.03,-1,Echolocation,/mnt/ubna_data_02_mir/recover-20221013/UBNA_001/20221012_030000.WAV,Telephone Field,recover-20221013,001,1795
913.8025,913.8422,68437,82539,Rhinolophus ferrumequinum,0.027,0.027,-1,Echolocation,/mnt/ubna_data_02_mir/recover-20221013/UBNA_001/20221012_030000.WAV,Telephone Field,recover-20221013,001,1795
913.8275,913.8686,68437,82728,Rhinolophus ferrumequinum,0.023,0.023,-1,Echolocation,/mnt/ubna_data_02_mir/recover-20221013/UBNA_001/20221012_030000.WAV,Telephone Field,recover-20221013,001,1795
913.8345,913.8733,68437,82534,Rhinolophus ferrumequinum,0.024,0.024,-1,Echolocation,/mnt/ubna_data_02_mir/recover-20221013/UBNA_001/20221012_030000.WAV,Telephone Field,recover-20221013,001,1795
913.8565,913.8928,68437,81584,Rhinolophus ferrumequinum,0.024,0.025,-1,Echolocation,/mnt/ubna_data_02_mir/recover-20221013/UBNA_001/20221012_030000.WAV,Telephone Field,recover-20221013,001,1795
913.8725,913.9127,68437,82685,Rhinolophus ferrumequinum,0.027,0.027,-1,Echolocation,/mnt/ubna_data_02_mir/recover-20221013/UBNA_001/20221012_030000.WAV,Telephone Field,recover-20221013,001,1795
913.8845,913.8928,25468,33944,Eptesicus serotinus,0.008,0.023,-1,Echolocation,/mnt/ubna_data_02_mir/recover-20221013/UBNA_001/20221012_030000.WAV,Telephone Field,recover-20221013,001,1795
913.8935,913.9027,24609,31364,Eptesicus serotinus,0.008,0.022,-1,Echolocation,/mnt/ubna_data_02_mir/recover-20221013/UBNA_001/20221012_030000.WAV,Telephone Field,recover-20221013,001,1795
913.9075,913.9453,68437,82155,Rhinolophus ferrumequinum,0.021,0.021,-1,Echolocation,/mnt/ubna_data_02_mir/recover-20221013/UBNA_001/20221012_030000.WAV,Telephone Field,recover-20221013,001,1795
913.9185,913.9552,68437,81886,Rhinolophus ferrumequinum,0.023,0.023,-1,Echolocation,/mnt/ubna_data_02_mir/recover-20221013/UBNA_001/20221012_030000.WAV,Telephone Field,recover-20221013,001,1795
913.9265,913.9638,68437,82695,Rhinolophus ferrumequinum,0.022,0.022,-1,Echolocation,/mnt/ubna_data_02_mir/recover-20221013/UBNA_001/20221012_030000.WAV,Telephone Field,recover-20221013,001,1795
913.9585,913.9973,68437,82286,Rhinolophus ferrumequinum,0.024,0.024,-1,Echolocation,/mnt/ubna_data_02_mir/recover-20221013/UBNA_001/20221012_030000.WAV,Telephone Field,recover-20221013,001,1795
913.9595,913.9689,23750,30487,Nyctalus leisleri,0.007,0.022,-1,Echolocation,/mnt/ubna_data_02_mir/recover-20221013/UBNA_001/20221012_030000.WAV,Telephone Field,recover-20221013,001,1795
914.0015,914.0347,68437,80541,Rhinolophus ferrumequinum,0.037,0.037,-1,Echolocation,/mnt/ubna_data_02_mir/recover-20221013/UBNA_001/20221012_030000.WAV,Telephone Field,recover-20221013,001,1795
914.0015,914.009,25468,35610,Nyctalus leisleri,0.006,0.025,-1,Echolocation,/mnt/ubna_data_02_mir/recover-20221013/UBNA_001/20221012_030000.WAV,Telephone Field,recover-20221013,001,1795
914.0155,914.0248,27187,34430,Eptesicus serotinus,0.018,0.039,-1,Echolocation,/mnt/ubna_data_02_mir/recover-20221013/UBNA_001/20221012_030000.WAV,Telephone Field,recover-20221013,001,1795
914.0425,914.0617,17734,21114,Nyctalus noctula,0.012,0.021,-1,Echolocation,/mnt/ubna_data_02_mir/recover-20221013/UBNA_001/20221012_030000.WAV,Telephone Field,recover-20221013,001,1795
914.0665,914.1078,68437,82706,Rhinolophus ferrumequinum,0.027,0.027,-1,Echolocation,/mnt/ubna_data_02_mir/recover-20221013/UBNA_001/20221012_030000.WAV,Telephone Field,recover-20221013,001,1795
914.1105,914.1511,68437,82400,Rhinolophus ferrumequinum,0.023,0.023,-1,Echolocation,/mnt/ubna_data_02_mir/recover-20221013/UBNA_001/20221012_030000.WAV,Telephone Field,recover-20221013,001,1795
914.1125,914.1239,22890,27700,Nyctalus leisleri,0.012,0.024,-1,Echolocation,/mnt/ubna_data_02_mir/recover-20221013/UBNA_001/20221012_030000.WAV,Telephone Field,recover-20221013,001,1795
914.1215,914.1298,48671,55427,Pipistrellus pipistrellus,0.024,0.027,-1,Echolocation,/mnt/ubna_data_02_mir/recover-20221013/UBNA_001/20221012_030000.WAV,Telephone Field,recover-20221013,001,1795
914.1425,914.1835,68437,82078,Rhinolophus ferrumequinum,0.021,0.021,-1,Echolocation,/mnt/ubna_data_02_mir/recover-20221013/UBNA_001/20221012_030000.WAV,Telephone Field,recover-20221013,001,1795
914.1975,914.2045,27187,40904,Eptesicus serotinus,0.007,0.023,-1,Echolocation,/mnt/ubna_data_02_mir/recover-20221013/UBNA_001/20221012_030000.WAV,Telephone Field,recover-20221013,001,1795
914.2025,914.2131,22031,26598,Nyctalus leisleri,0.011,0.022,-1,Echolocation,/mnt/ubna_data_02_mir/recover-20221013/UBNA_001/20221012_030000.WAV,Telephone Field,recover-20221013,001,1795
914.2115,914.2502,68437,82174,Rhinolophus ferrumequinum,0.023,0.023,-1,Echolocation,/mnt/ubna_data_02_mir/recover-20221013/UBNA_001/20221012_030000.WAV,Telephone Field,recover-20221013,001,1795
914.2475,914.2611,24609,30682,Nyctalus leisleri,0.011,0.027,-1,Echolocation,/mnt/ubna_data_02_mir/recover-20221013/UBNA_001/20221012_030000.WAV,Telephone Field,recover-20221013,001,1795
914.2545,914.2922,68437,81131,Rhinolophus ferrumequinum,0.022,0.022,-1,Echolocation,/mnt/ubna_data_02_mir/recover-20221013/UBNA_001/20221012_030000.WAV,Telephone Field,recover-20221013,001,1795
914.2615,914.2992,68437,81415,Rhinolophus ferrumequinum,0.021,0.021,-1,Echolocation,/mnt/ubna_data_02_mir/recover-20221013/UBNA_001/20221012_030000.WAV,Telephone Field,recover-20221013,001,1795
914.2805,914.3208,68437,82046,Rhinolophus ferrumequinum,0.021,0.021,-1,Echolocation,/mnt/ubna_data_02_mir/recover-20221013/UBNA_001/20221012_030000.WAV,Telephone Field,recover-20221013,001,1795
914.3435,914.3826,68437,82334,Rhinolophus ferrumequinum,0.025,0.025,-1,Echolocation,/mnt/ubna_data_02_mir/recover-20221013/UBNA_001/20221012_030000.WAV,Telephone Field,recover-20221013,001,1795
914.3745,914.4093,68437,80990,Rhinolophus ferrumequinum,0.021,0.021,-1,Echolocation,/mnt/ubna_data_02_mir/recover-20221013/UBNA_001/20221012_030000.WAV,Telephone Field,recover-20221013,001,1795
914.4135,914.4209,28046,38790,Eptesicus serotinus,0.007,0.025,-1,Echolocation,/mnt/ubna_data_02_mir/recover-20221013/UBNA_001/20221012_030000.WAV,Telephone Field,recover-20221013,001,1795
914.4285,914.4679,68437,82062,Rhinolophus ferrumequinum,0.023,0.023,-1,Echolocation,/mnt/ubna_data_02_mir/recover-20221013/UBNA_001/20221012_030000.WAV,Telephone Field,recover-20221013,001,1795
914.4365,914.4764,68437,82529,Rhinolophus ferrumequinum,0.024,0.024,-1,Echolocation,/mnt/ubna_data_02_mir/recover-20221013/UBNA_001/20221012_030000.WAV,Telephone Field,recover-20221013,001,1795
914.4455,914.482,68437,81662,Rhinolophus ferrumequinum,0.021,0.021,-1,Echolocation,/mnt/ubna_data_02_mir/recover-20221013/UBNA_001/20221012_030000.WAV,Telephone Field,recover-20221013,001,1795
914.5015,914.5383,68437,80598,Rhinolophus ferrumequinum,0.028,0.028,-1,Echolocation,/mnt/ubna_data_02_mir/recover-20221013/UBNA_001/20221012_030000.WAV,Telephone Field,recover-20221013,001,1795
914.5285,914.5666,68437,82508,Rhinolophus ferrumequinum,0.027,0.027,-1,Echolocation,/mnt/ubna_data_02_mir/recover-20221013/UBNA_001/20221012_030000.WAV,Telephone Field,recover-20221013,001,1795
914.5545,914.5916,68437,81369,Rhinolophus ferrumequinum,0.021,0.021,-1,Echolocation,/mnt/ubna_data_02_mir/recover-20221013/UBNA_001/20221012_030000.WAV,Telephone Field,recover-20221013,001,1795
914.5595,914.5705,22890,28294,Nyctalus leisleri,0.013,0.026,-1,Echolocation,/mnt/ubna_data_02_mir/recover-20221013/UBNA_001/20221012_030000.WAV,Telephone Field,recover-20221013,001,1795
914.5635,914.601,68437,81475,Rhinolophus ferrumequinum,0.021,0.021,-1,Echolocation,/mnt/ubna_data_02_mir/recover-20221013/UBNA_001/20221012_030000.WAV,Telephone Field,recover-20221013,001,1795
914.5645,914.575,37500,43078,Pipistrellus nathusii,0.025,0.044,-1,Echolocation,/mnt/ubna_data_02_mir/recover-20221013/UBNA_001/20221012_030000.WAV,Telephone Field,recover-20221013,001,1795
914.5875,914.5944,28046,37790,Eptesicus serotinus,0.006,0.022,-1,Echolocation,/mnt/ubna_data_02_mir/recover-20221013/UBNA_001/20221012_030000.WAV,Telephone Field,recover-20221013,001,1795
914.5925,914.6316,68437,82375,Rhinolophus ferrumequinum,0.021,0.021,-1,Echolocation,/mnt/ubna_data_02_mir/recover-20221013/UBNA_001/20221012_030000.WAV,Telephone Field,recover-20221013,001,1795
914.6115,914.6513,68437,82128,Rhinolophus ferrumequinum,0.021,0.021,-1,Echolocation,/mnt/ubna_data_02_mir/recover-20221013/UBNA_001/20221012_030000.WAV,Telephone Field,recover-20221013,001,1795
914.6435,914.6815,68437,82381,Rhinolophus ferrumequinum,0.025,0.025,-1,Echolocation,/mnt/ubna_data_02_mir/recover-20221013/UBNA_001/20221012_030000.WAV,Telephone Field,recover-20221013,001,1795
914.6645,914.7038,68437,82483,Rhinolophus ferrumequinum,0.022,0.022,-1,Echolocation,/mnt/ubna_data_02_mir/recover-20221013/UBNA_001/20221012_030000.WAV,Telephone Field,recover-20221013,001,1795
914.6715,914.6807,51250,56167,Pipistrellus pipistrellus,0.022,0.028,-1,Echolocation,/mnt/ubna_data_02_mir/recover-20221013/UBNA_001/20221012_030000.WAV,Telephone Field,recover-20221013,001,1795
914.6865,914.6954,30625,39372,Myotis daubentonii,0.009,0.024,-1,Echolocation,/mnt/ubna_data_02_mir/recover-20221013/UBNA_001/20221012_030000.WAV,Telephone Field,recover-20221013,001,1795
914.7685,914.8062,68437,81464,Rhinolophus ferrumequinum,0.032,0.032,-1,Echolocation,/mnt/ubna_data_02_mir/recover-20221013/UBNA_001/20221012_030000.WAV,Telephone Field,recover-20221013,001,1795
914.7785,914.8145,68437,81685,Rhinolophus ferrumequinum,0.025,0.025,-1,Echolocation,/mnt/ubna_data_02_mir/recover-20221013/UBNA_001/20221012_030000.WAV,Telephone Field,recover-20221013,001,1795
914.8555,914.8945,68437,81947,Rhinolophus ferrumequinum,0.026,0.026,-1,Echolocation,/mnt/ubna_data_02_mir/recover-20221013/UBNA_001/20221012_030000.WAV,Telephone Field,recover-20221013,001,1795
914.8655,914.9047,68437,82370,Rhinolophus ferrumequinum,0.022,0.022,-1,Echolocation,/mnt/ubna_data_02_mir/recover-20221013/UBNA_001/20221012_030000.WAV,Telephone Field,recover-20221013,001,1795
914.8935,914.9295,68437,81756,Rhinolophus ferrumequinum,0.023,0.023,-1,Echolocation,/mnt/ubna_data_02_mir/recover-20221013/UBNA_001/20221012_030000.WAV,Telephone Field,recover-20221013,001,1795
914.9335,914.9707,68437,81988,Rhinolophus ferrumequinum,0.021,0.021,-1,Echolocation,/mnt/ubna_data_02_mir/recover-20221013/UBNA_001/20221012_030000.WAV,Telephone Field,recover-20221013,001,1795
915.0025,915.0408,68437,82115,Rhinolophus ferrumequinum,0.025,0.025,-1,Echolocation,/mnt/ubna_data_02_mir/recover-20221013/UBNA_001/20221012_030000.WAV,Telephone Field,recover-20221013,001,1795
915.0345,915.0742,68437,82693,Rhinolophus ferrumequinum,0.033,0.033,-1,Echolocation,/mnt/ubna_data_02_mir/recover-20221013/UBNA_001/20221012_030000.WAV,Telephone Field,recover-20221013,001,1795
915.0905,915.1319,68437,82842,Rhinolophus ferrumequinum,0.028,0.028,-1,Echolocation,/mnt/ubna_data_02_mir/recover-20221013/UBNA_001/20221012_030000.WAV,Telephone Field,recover-20221013,001,1795
915.1185,915.1572,68437,81546,Rhinolophus ferrumequinum,0.022,0.022,-1,Echolocation,/mnt/ubna_data_02_mir/recover-20221013/UBNA_001/20221012_030000.WAV,Telephone Field,recover-20221013,001,1795
915.1485,915.1558,27187,39032,Eptesicus serotinus,0.008,0.029,-1,Echolocation,/mnt/ubna_data_02_mir/recover-20221013/UBNA_001/20221012_030000.WAV,Telephone Field,recover-20221013,001,1795
915.1825,915.1906,29765,39801,Myotis daubentonii,0.009,0.028,-1,Echolocation,/mnt/ubna_data_02_mir/recover-20221013/UBNA_001/20221012_030000.WAV,Telephone Field,recover-20221013,001,1795
915.1995,915.238,68437,82595,Rhinolophus ferrumequinum,0.023,0.023,-1,Echolocation,/mnt/ubna_data_02_mir/recover-20221013/UBNA_001/20221012_030000.WAV,Telephone Field,recover-20221013,001,1795
915.2395,915.2475,44375,51659,Pipistrellus pipistrellus,0.017,0.023,-1,Echolocation,/mnt/ubna_data_02_mir/recover-20221013/UBNA_001/20221012_030000.WAV,Telephone Field,recover-20221013,001,1795
915.2475,915.256,23750,31319,Plecotus austriacus,0.011,0.029,-1,Echolocation,/mnt/ubna_data_02_mir/recover-20221013/UBNA_001/20221012_030000.WAV,Telephone Field,recover-20221013,001,1795
915.2945,915.3026,22890,29883,Plecotus austriacus,0.008,0.022,-1,Echolocation,/mnt/ubna_data_02_mir/recover-20221013/UBNA_001/20221012_030000.WAV,Telephone Field,recover-20221013,001,1795
915.2975,915.3057,28046,39672,Eptesicus serotinus,0.008,0.023,-1,Echolocation,/mnt/ubna_data_02_mir/recover-20221013/UBNA_001/20221012_030000.WAV,Telephone Field,recover-20221013,001,1795
915.2985,915.3379,68437,82068,Rhinolophus ferrumequinum,0.021,0.021,-1,Echolocation,/mnt/ubna_data_02_mir/recover-20221013/UBNA_001/20221012_030000.WAV,Telephone Field,recover-20221013,001,1795
915.3055,915.3452,68437,82116,Rhinolophus ferrumequinum,0.021,0.021,-1,Echolocation,/mnt/ubna_data_02_mir/recover-20221013/UBNA_001/20221012_030000.WAV,Telephone Field,recover-20221013,001,1795
915.3065,915.3152,25468,33818,Eptesicus serotinus,0.009,0.022,-1,Echolocation,/mnt/ubna_data_02_mir/recover-20221013/UBNA_001/20221012_030000.WAV,Telephone Field,recover-20221013,001,1795
915.3285,915.3468,20312,23902,Nyctalus leisleri,0.015,0.029,-1,Echolocation,/mnt/ubna_data_02_mir/recover-20221013/UBNA_001/20221012_030000.WAV,Telephone Field,recover-20221013,001,1795
915.3375,915.3482,22031,26882,Nyctalus leisleri,0.012,0.023,-1,Echolocation,/mnt/ubna_data_02_mir/recover-20221013/UBNA_001/20221012_030000.WAV,Telephone Field,recover-20221013,001,1795
915.3525,915.3921,68437,82421,Rhinolophus ferrumequinum,0.034,0.034,-1,Echolocation,/mnt/ubna_data_02_mir/recover-20221013/UBNA_001/20221012_030000.WAV,Telephone Field,recover-20221013,001,1795
915.3875,915.4259,68437,82775,Rhinolophus ferrumequinum,0.022,0.022,-1,Echolocation,/mnt/ubna_data_02_mir/recover-20221013/UBNA_001/20221012_030000.WAV,Telephone Field,recover-20221013,001,1795
915.4165,915.453,68437,81961,Rhinolophus ferrumequinum,0.023,0.023,-1,Echolocation,/mnt/ubna_data_02_mir/recover-20221013/UBNA_001/20221012_030000.WAV,Telephone Field,recover-20221013,001,1795
915.4775,915.4871,28906,39409,Eptesicus serotinus,0.013,0.029,-1,Echolocation,/mnt/ubna_data_02_mir/recover-20221013/UBNA_001/20221012_030000.WAV,Telephone Field,recover-20221013,001,1795
915.4985,915.505,40937,49471,Myotis daubentonii,0.01,0.021,-1,Echolocation,/mnt/ubna_data_02_mir/recover-20221013/UBNA_001/20221012_030000.WAV,Telephone Field,recover-20221013,001,1795
915.5115,915.5494,68437,82565,Rhinolophus ferrumequinum,0.026,0.026,-1,Echolocation,/mnt/ubna_data_02_mir/recover-20221013/UBNA_001/20221012_030000.WAV,Telephone Field,recover-20221013,001,1795
915.5385,915.5742,68437,81478,Rhinolophus ferrumequinum,0.021,0.021,-1,Echolocation,/mnt/ubna_data_02_mir/recover-20221013/UBNA_001/20221012_030000.WAV,Telephone Field,recover-20221013,001,1795
915.5465,915.5593,49531,54066,Pipistrellus pipistrellus,0.038,0.045,-1,Echolocation,/mnt/ubna_data_02_mir/recover-20221013/UBNA_001/20221012_030000.WAV,Telephone Field,recover-20221013,001,1795
915.5525,915.5575,33203,47490,Myotis daubentonii,0.009,0.021,-1,Echolocation,/mnt/ubna_data_02_mir/recover-20221013/UBNA_001/20221012_030000.WAV,Telephone Field,recover-20221013,001,1795
915.5535,915.5607,27187,39668,Eptesicus serotinus,0.006,0.024,-1,Echolocation,/mnt/ubna_data_02_mir/recover-20221013/UBNA_001/20221012_030000.WAV,Telephone Field,recover-20221013,001,1795
915.5965,915.6075,22890,28373,Nyctalus leisleri,0.012,0.026,-1,Echolocation,/mnt/ubna_data_02_mir/recover-20221013/UBNA_001/20221012_030000.WAV,Telephone Field,recover-20221013,001,1795
915.6155,915.6244,50390,56504,Pipistrellus pipistrellus,0.021,0.025,-1,Echolocation,/mnt/ubna_data_02_mir/recover-20221013/UBNA_001/20221012_030000.WAV,Telephone Field,recover-20221013,001,1795
915.6165,915.6534,68437,81640,Rhinolophus ferrumequinum,0.021,0.021,-1,Echolocation,/mnt/ubna_data_02_mir/recover-20221013/UBNA_001/20221012_030000.WAV,Telephone Field,recover-20221013,001,1795
915.6385,915.6453,49531,53859,Pipistrellus pipistrellus,0.034,0.036,-1,Echolocation,/mnt/ubna_data_02_mir/recover-20221013/UBNA_001/20221012_030000.WAV,Telephone Field,recover-20221013,001,1795
915.6485,915.6848,68437,81940,Rhinolophus ferrumequinum,0.021,0.021,-1,Echolocation,/mnt/ubna_data_02_mir/recover-20221013/UBNA_001/20221012_030000.WAV,Telephone Field,recover-20221013,001,1795
915.6725,915.6831999999999,43515,51147,Pipistrellus pipistrellus,0.008,0.028,-1,Echolocation,/mnt/ubna_data_02_mir/recover-20221013/UBNA_001/20221012_030000.WAV,Telephone Field,recover-20221013,001,1795
915.6875,915.6998,22890,27574,Nyctalus leisleri,0.012,0.023,-1,Echolocation,/mnt/ubna_data_02_mir/recover-20221013/UBNA_001/20221012_030000.WAV,Telephone Field,recover-20221013,001,1795
915.7095,915.7177,48671,52868,Pipistrellus pipistrellus,0.034,0.037,-1,Echolocation,/mnt/ubna_data_02_mir/recover-20221013/UBNA_001/20221012_030000.WAV,Telephone Field,recover-20221013,001,1795
915.7285,915.7386,22031,26821,Nyctalus leisleri,0.009,0.021,-1,Echolocation,/mnt/ubna_data_02_mir/recover-20221013/UBNA_001/20221012_030000.WAV,Telephone Field,recover-20221013,001,1795
915.7295,915.7667,68437,82242,Rhinolophus ferrumequinum,0.021,0.021,-1,Echolocation,/mnt/ubna_data_02_mir/recover-20221013/UBNA_001/20221012_030000.WAV,Telephone Field,recover-20221013,001,1795
915.7455,915.7851,68437,82354,Rhinolophus ferrumequinum,0.024,0.024,-1,Echolocation,/mnt/ubna_data_02_mir/recover-20221013/UBNA_001/20221012_030000.WAV,Telephone Field,recover-20221013,001,1795
915.7545,915.7654,53828,57706,Pipistrellus pygmaeus,0.023,0.027,-1,Echolocation,/mnt/ubna_data_02_mir/recover-20221013/UBNA_001/20221012_030000.WAV,Telephone Field,recover-20221013,001,1795
915.7635,915.804,68437,82468,Rhinolophus ferrumequinum,0.027,0.027,-1,Echolocation,/mnt/ubna_data_02_mir/recover-20221013/UBNA_001/20221012_030000.WAV,Telephone Field,recover-20221013,001,1795
915.7845,915.7922,28046,40763,Eptesicus serotinus,0.007,0.024,-1,Echolocation,/mnt/ubna_data_02_mir/recover-20221013/UBNA_001/20221012_030000.WAV,Telephone Field,recover-20221013,001,1795
915.8055,915.815,22890,29082,Nyctalus leisleri,0.008,0.021,-1,Echolocation,/mnt/ubna_data_02_mir/recover-20221013/UBNA_001/20221012_030000.WAV,Telephone Field,recover-20221013,001,1795
915.8235,915.8304,26328,39456,Eptesicus serotinus,0.006,0.025,-1,Echolocation,/mnt/ubna_data_02_mir/recover-20221013/UBNA_001/20221012_030000.WAV,Telephone Field,recover-20221013,001,1795
915.8325,915.8468,22031,25915,Nyctalus leisleri,0.013,0.022,-1,Echolocation,/mnt/ubna_data_02_mir/recover-20221013/UBNA_001/20221012_030000.WAV,Telephone Field,recover-20221013,001,1795
915.8335,915.8709,68437,82229,Rhinolophus ferrumequinum,0.024,0.024,-1,Echolocation,/mnt/ubna_data_02_mir/recover-20221013/UBNA_001/20221012_030000.WAV,Telephone Field,recover-20221013,001,1795
915.8535,915.8924,68437,82304,Rhinolophus ferrumequinum,0.034,0.034,-1,Echolocation,/mnt/ubna_data_02_mir/recover-20221013/UBNA_001/20221012_030000.WAV,Telephone Field,recover-20221013,001,1795
915.8695,915.8799,25468,32282,Eptesicus serotinus,0.008,0.021,-1,Echolocation,/mnt/ubna_data_02_mir/recover-20221013/UBNA_001/20221012_030000.WAV,Telephone Field,recover-20221013,001,1795
915.8735,915.9134,68437,82666,Rhinolophus ferrumequinum,0.027,0.027,-1,Echolocation,/mnt/ubna_data_02_mir/recover-20221013/UBNA_001/20221012_030000.WAV,Telephone Field,recover-20221013,001,1795
915.8845,915.8893,34062,45915,Myotis daubentonii,0.008,0.021,-1,Echolocation,/mnt/ubna_data_02_mir/recover-20221013/UBNA_001/20221012_030000.WAV,Telephone Field,recover-20221013,001,1795
915.8845,915.8905,27187,45670,Eptesicus serotinus,0.006,0.024,-1,Echolocation,/mnt/ubna_data_02_mir/recover-20221013/UBNA_001/20221012_030000.WAV,Telephone Field,recover-20221013,001,1795
915.8985,915.9376,68437,82051,Rhinolophus ferrumequinum,0.021,0.021,-1,Echolocation,/mnt/ubna_data_02_mir/recover-20221013/UBNA_001/20221012_030000.WAV,Telephone Field,recover-20221013,001,1795
915.9185,915.9542,68437,81079,Rhinolophus ferrumequinum,0.021,0.021,-1,Echolocation,/mnt/ubna_data_02_mir/recover-20221013/UBNA_001/20221012_030000.WAV,Telephone Field,recover-20221013,001,1795
915.9245,915.9344,22031,27179,Nyctalus leisleri,0.008,0.023,-1,Echolocation,/mnt/ubna_data_02_mir/recover-20221013/UBNA_001/20221012_030000.WAV,Telephone Field,recover-20221013,001,1795
915.9365,915.9434,26328,38309,Eptesicus serotinus,0.006,0.023,-1,Echolocation,/mnt/ubna_data_02_mir/recover-20221013/UBNA_001/20221012_030000.WAV,Telephone Field,recover-20221013,001,1795
915.9695,915.978,23750,30859,Plecotus austriacus,0.006,0.021,-1,Echolocation,/mnt/ubna_data_02_mir/recover-20221013/UBNA_001/20221012_030000.WAV,Telephone Field,recover-20221013,001,1795
916.0015,916.0308,69296,80452,Rhinolophus ferrumequinum,0.045,0.046,-1,Echolocation,/mnt/ubna_data_02_mir/recover-20221013/UBNA_001/20221012_030000.WAV,Telephone Field,recover-20221013,001,1795
916.0015,916.0108,22890,31130,Nyctalus leisleri,0.008,0.024,-1,Echolocation,/mnt/ubna_data_02_mir/recover-20221013/UBNA_001/20221012_030000.WAV,Telephone Field,recover-20221013,001,1795
916.0175,916.0603,68437,83574,Rhinolophus ferrumequinum,0.04,0.04,-1,Echolocation,/mnt/ubna_data_02_mir/recover-20221013/UBNA_001/20221012_030000.WAV,Telephone Field,recover-20221013,001,1795
916.0825,916.1259,68437,82844,Rhinolophus ferrumequinum,0.032,0.032,-1,Echolocation,/mnt/ubna_data_02_mir/recover-20221013/UBNA_001/20221012_030000.WAV,Telephone Field,recover-20221013,001,1795
916.1105,916.1502,68437,82121,Rhinolophus ferrumequinum,0.025,0.025,-1,Echolocation,/mnt/ubna_data_02_mir/recover-20221013/UBNA_001/20221012_030000.WAV,Telephone Field,recover-20221013,001,1795
916.1175,916.1567,68437,82450,Rhinolophus ferrumequinum,0.022,0.022,-1,Echolocation,/mnt/ubna_data_02_mir/recover-20221013/UBNA_001/20221012_030000.WAV,Telephone Field,recover-20221013,001,1795
916.2185,916.2328,23750,28947,Nyctalus leisleri,0.016,0.033,-1,Echolocation,/mnt/ubna_data_02_mir/recover-20221013/UBNA_001/20221012_030000.WAV,Telephone Field,recover-20221013,001,1795
916.2515,916.2897,68437,81750,Rhinolophus ferrumequinum,0.022,0.022,-1,Echolocation,/mnt/ubna_data_02_mir/recover-20221013/UBNA_001/20221012_030000.WAV,Telephone Field,recover-20221013,001,1795
916.2615,916.2696,28046,37945,Eptesicus serotinus,0.008,0.022,-1,Echolocation,/mnt/ubna_data_02_mir/recover-20221013/UBNA_001/20221012_030000.WAV,Telephone Field,recover-20221013,001,1795
916.3175,916.3567,68437,82534,Rhinolophus ferrumequinum,0.025,0.025,-1,Echolocation,/mnt/ubna_data_02_mir/recover-20221013/UBNA_001/20221012_030000.WAV,Telephone Field,recover-20221013,001,1795
916.3605,916.3983,68437,81331,Rhinolophus ferrumequinum,0.022,0.022,-1,Echolocation,/mnt/ubna_data_02_mir/recover-20221013/UBNA_001/20221012_030000.WAV,Telephone Field,recover-20221013,001,1795
916.3685,916.374,26328,43396,Myotis nattereri,0.007,0.03,-1,Echolocation,/mnt/ubna_data_02_mir/recover-20221013/UBNA_001/20221012_030000.WAV,Telephone Field,recover-20221013,001,1795
916.3885,916.4256,68437,82070,Rhinolophus ferrumequinum,0.024,0.024,-1,Echolocation,/mnt/ubna_data_02_mir/recover-20221013/UBNA_001/20221012_030000.WAV,Telephone Field,recover-20221013,001,1795
916.4285,916.4398,29765,38083,Eptesicus serotinus,0.013,0.03,-1,Echolocation,/mnt/ubna_data_02_mir/recover-20221013/UBNA_001/20221012_030000.WAV,Telephone Field,recover-20221013,001,1795
916.4905,916.5287,68437,82404,Rhinolophus ferrumequinum,0.024,0.024,-1,Echolocation,/mnt/ubna_data_02_mir/recover-20221013/UBNA_001/20221012_030000.WAV,Telephone Field,recover-20221013,001,1795
916.6865,916.7257,68437,81662,Rhinolophus ferrumequinum,0.026,0.026,-1,Echolocation,/mnt/ubna_data_02_mir/recover-20221013/UBNA_001/20221012_030000.WAV,Telephone Field,recover-20221013,001,1795
916.7105,916.7199,28906,37682,Eptesicus serotinus,0.013,0.029,-1,Echolocation,/mnt/ubna_data_02_mir/recover-20221013/UBNA_001/20221012_030000.WAV,Telephone Field,recover-20221013,001,1795
916.7205,916.7588,68437,82008,Rhinolophus ferrumequinum,0.022,0.022,-1,Echolocation,/mnt/ubna_data_02_mir/recover-20221013/UBNA_001/20221012_030000.WAV,Telephone Field,recover-20221013,001,1795
916.7345,916.7729,68437,82836,Rhinolophus ferrumequinum,0.023,0.023,-1,Echolocation,/mnt/ubna_data_02_mir/recover-20221013/UBNA_001/20221012_030000.WAV,Telephone Field,recover-20221013,001,1795
916.7655,916.7713,50390,54681,Pipistrellus pipistrellus,0.021,0.023,-1,Echolocation,/mnt/ubna_data_02_mir/recover-20221013/UBNA_001/20221012_030000.WAV,Telephone Field,recover-20221013,001,1795
916.7775,916.7861,25468,34780,Eptesicus serotinus,0.007,0.023,-1,Echolocation,/mnt/ubna_data_02_mir/recover-20221013/UBNA_001/20221012_030000.WAV,Telephone Field,recover-20221013,001,1795
916.8045,916.8441,68437,81881,Rhinolophus ferrumequinum,0.029,0.029,-1,Echolocation,/mnt/ubna_data_02_mir/recover-20221013/UBNA_001/20221012_030000.WAV,Telephone Field,recover-20221013,001,1795
916.8495,916.8909,68437,82276,Rhinolophus ferrumequinum,0.022,0.022,-1,Echolocation,/mnt/ubna_data_02_mir/recover-20221013/UBNA_001/20221012_030000.WAV,Telephone Field,recover-20221013,001,1795
916.8625,916.8765,22031,26154,Nyctalus leisleri,0.017,0.03,-1,Echolocation,/mnt/ubna_data_02_mir/recover-20221013/UBNA_001/20221012_030000.WAV,Telephone Field,recover-20221013,001,1795
916.8675,916.9022,68437,81849,Rhinolophus ferrumequinum,0.022,0.022,-1,Echolocation,/mnt/ubna_data_02_mir/recover-20221013/UBNA_001/20221012_030000.WAV,Telephone Field,recover-20221013,001,1795
916.8785,916.9179,68437,82330,Rhinolophus ferrumequinum,0.022,0.022,-1,Echolocation,/mnt/ubna_data_02_mir/recover-20221013/UBNA_001/20221012_030000.WAV,Telephone Field,recover-20221013,001,1795
916.8835,916.9235,68437,82069,Rhinolophus ferrumequinum,0.022,0.022,-1,Echolocation,/mnt/ubna_data_02_mir/recover-20221013/UBNA_001/20221012_030000.WAV,Telephone Field,recover-20221013,001,1795
916.8865,916.8976,23750,29953,Nyctalus leisleri,0.012,0.028,-1,Echolocation,/mnt/ubna_data_02_mir/recover-20221013/UBNA_001/20221012_030000.WAV,Telephone Field,recover-20221013,001,1795
916.9085,916.9465,68437,81683,Rhinolophus ferrumequinum,0.022,0.022,-1,Echolocation,/mnt/ubna_data_02_mir/recover-20221013/UBNA_001/20221012_030000.WAV,Telephone Field,recover-20221013,001,1795
916.9245,916.9621,68437,82177,Rhinolophus ferrumequinum,0.022,0.022,-1,Echolocation,/mnt/ubna_data_02_mir/recover-20221013/UBNA_001/20221012_030000.WAV,Telephone Field,recover-20221013,001,1795
916.9385,916.9494,23750,28923,Nyctalus leisleri,0.012,0.025,-1,Echolocation,/mnt/ubna_data_02_mir/recover-20221013/UBNA_001/20221012_030000.WAV,Telephone Field,recover-20221013,001,1795
916.9785,916.9849,27187,40572,Eptesicus serotinus,0.006,0.027,-1,Echolocation,/mnt/ubna_data_02_mir/recover-20221013/UBNA_001/20221012_030000.WAV,Telephone Field,recover-20221013,001,1795
917.0035,917.0408,68437,82193,Rhinolophus ferrumequinum,0.029,0.029,-1,Echolocation,/mnt/ubna_data_02_mir/recover-20221013/UBNA_001/20221012_030000.WAV,Telephone Field,recover-20221013,001,1795
917.0165,917.0237,28906,38176,Eptesicus serotinus,0.007,0.025,-1,Echolocation,/mnt/ubna_data_02_mir/recover-20221013/UBNA_001/20221012_030000.WAV,Telephone Field,recover-20221013,001,1795
917.0175,917.0548,68437,82283,Rhinolophus ferrumequinum,0.024,0.024,-1,Echolocation,/mnt/ubna_data_02_mir/recover-20221013/UBNA_001/20221012_030000.WAV,Telephone Field,recover-20221013,001,1795
917.0465,917.0861,68437,82389,Rhinolophus ferrumequinum,0.023,0.023,-1,Echolocation,/mnt/ubna_data_02_mir/recover-20221013/UBNA_001/20221012_030000.WAV,Telephone Field,recover-20221013,001,1795
917.0725,917.1137,68437,82516,Rhinolophus ferrumequinum,0.022,0.022,-1,Echolocation,/mnt/ubna_data_02_mir/recover-20221013/UBNA_001/20221012_030000.WAV,Telephone Field,recover-20221013,001,1795
917.1215,917.1314,24609,31680,Eptesicus serotinus,0.034,0.103,-1,Echolocation,/mnt/ubna_data_02_mir/recover-20221013/UBNA_001/20221012_030000.WAV,Telephone Field,recover-20221013,001,1795
917.1315,917.1702,68437,82116,Rhinolophus ferrumequinum,0.022,0.022,-1,Echolocation,/mnt/ubna_data_02_mir/recover-20221013/UBNA_001/20221012_030000.WAV,Telephone Field,recover-20221013,001,1795
917.1385,917.1759,68437,81330,Rhinolophus ferrumequinum,0.022,0.023,-1,Echolocation,/mnt/ubna_data_02_mir/recover-20221013/UBNA_001/20221012_030000.WAV,Telephone Field,recover-20221013,001,1795
917.1765,917.2187,68437,83088,Rhinolophus ferrumequinum,0.037,0.037,-1,Echolocation,/mnt/ubna_data_02_mir/recover-20221013/UBNA_001/20221012_030000.WAV,Telephone Field,recover-20221013,001,1795
917.2005,917.2083,25468,33920,Eptesicus serotinus,0.006,0.022,-1,Echolocation,/mnt/ubna_data_02_mir/recover-20221013/UBNA_001/20221012_030000.WAV,Telephone Field,recover-20221013,001,1795
917.2475,917.2559,23750,31657,Plecotus austriacus,0.007,0.023,-1,Echolocation,/mnt/ubna_data_02_mir/recover-20221013/UBNA_001/20221012_030000.WAV,Telephone Field,recover-20221013,001,1795
917.2485,917.2860000000001,68437,82294,Rhinolophus ferrumequinum,0.022,0.022,-1,Echolocation,/mnt/ubna_data_02_mir/recover-20221013/UBNA_001/20221012_030000.WAV,Telephone Field,recover-20221013,001,1795
917.2705,917.2808,22890,29453,Nyctalus leisleri,0.01,0.023,-1,Echolocation,/mnt/ubna_data_02_mir/recover-20221013/UBNA_001/20221012_030000.WAV,Telephone Field,recover-20221013,001,1795
917.2975,917.337,68437,82125,Rhinolophus ferrumequinum,0.022,0.022,-1,Echolocation,/mnt/ubna_data_02_mir/recover-20221013/UBNA_001/20221012_030000.WAV,Telephone Field,recover-20221013,001,1795
917.3355,917.3745,68437,81854,Rhinolophus ferrumequinum,0.023,0.023,-1,Echolocation,/mnt/ubna_data_02_mir/recover-20221013/UBNA_001/20221012_030000.WAV,Telephone Field,recover-20221013,001,1795
917.3695,917.4083,68437,81747,Rhinolophus ferrumequinum,0.024,0.024,-1,Echolocation,/mnt/ubna_data_02_mir/recover-20221013/UBNA_001/20221012_030000.WAV,Telephone Field,recover-20221013,001,1795
917.3955,917.4031,22890,30246,Plecotus austriacus,0.012,0.024,-1,Echolocation,/mnt/ubna_data_02_mir/recover-20221013/UBNA_001/20221012_030000.WAV,Telephone Field,recover-20221013,001,1795
917.4445,917.4828,68437,81103,Rhinolophus ferrumequinum,0.022,0.022,-1,Echolocation,/mnt/ubna_data_02_mir/recover-20221013/UBNA_001/20221012_030000.WAV,Telephone Field,recover-20221013,001,1795
917.4715,917.4834,49531,53172,Pipistrellus pipistrellus,0.05,0.056,-1,Echolocation,/mnt/ubna_data_02_mir/recover-20221013/UBNA_001/20221012_030000.WAV,Telephone Field,recover-20221013,001,1795
917.4965,917.5305,68437,80387,Rhinolophus ferrumequinum,0.022,0.023,-1,Echolocation,/mnt/ubna_data_02_mir/recover-20221013/UBNA_001/20221012_030000.WAV,Telephone Field,recover-20221013,001,1795
917.5075,917.5434,68437,81482,Rhinolophus ferrumequinum,0.022,0.022,-1,Echolocation,/mnt/ubna_data_02_mir/recover-20221013/UBNA_001/20221012_030000.WAV,Telephone Field,recover-20221013,001,1795
917.5225,917.5625,68437,81881,Rhinolophus ferrumequinum,0.023,0.023,-1,Echolocation,/mnt/ubna_data_02_mir/recover-20221013/UBNA_001/20221012_030000.WAV,Telephone Field,recover-20221013,001,1795
917.5315,917.5707,68437,82719,Rhinolophus ferrumequinum,0.023,0.023,-1,Echolocation,/mnt/ubna_data_02_mir/recover-20221013/UBNA_001/20221012_030000.WAV,Telephone Field,recover-20221013,001,1795
917.6275,917.6691,68437,82681,Rhinolophus ferrumequinum,0.032,0.032,-1,Echolocation,/mnt/ubna_data_02_mir/recover-20221013/UBNA_001/20221012_030000.WAV,Telephone Field,recover-20221013,001,1795
917.6355,917.6457,28906,37731,Eptesicus serotinus,0.01,0.025,-1,Echolocation,/mnt/ubna_data_02_mir/recover-20221013/UBNA_001/20221012_030000.WAV,Telephone Field,recover-20221013,001,1795
917.6485,917.6916,68437,83220,Rhinolophus ferrumequinum,0.026,0.026,-1,Echolocation,/mnt/ubna_data_02_mir/recover-20221013/UBNA_001/20221012_030000.WAV,Telephone Field,recover-20221013,001,1795
917.6625,917.7039,68437,82752,Rhinolophus ferrumequinum,0.026,0.026,-1,Echolocation,/mnt/ubna_data_02_mir/recover-20221013/UBNA_001/20221012_030000.WAV,Telephone Field,recover-20221013,001,1795
917.7035,917.7085,27187,39261,Plecotus austriacus,0.012,0.045,-1,Echolocation,/mnt/ubna_data_02_mir/recover-20221013/UBNA_001/20221012_030000.WAV,Telephone Field,recover-20221013,001,1795
917.7475,917.7828,68437,81779,Rhinolophus ferrumequinum,0.023,0.023,-1,Echolocation,/mnt/ubna_data_02_mir/recover-20221013/UBNA_001/20221012_030000.WAV,Telephone Field,recover-20221013,001,1795
917.7855,917.8262,68437,82701,Rhinolophus ferrumequinum,0.023,0.023,-1,Echolocation,/mnt/ubna_data_02_mir/recover-20221013/UBNA_001/20221012_030000.WAV,Telephone Field,recover-20221013,001,1795
917.7905,917.8317,68437,82255,Rhinolophus ferrumequinum,0.023,0.023,-1,Echolocation,/mnt/ubna_data_02_mir/recover-20221013/UBNA_001/20221012_030000.WAV,Telephone Field,recover-20221013,001,1795
917.8505,917.8936,68437,83227,Rhinolophus ferrumequinum,0.024,0.024,-1,Echolocation,/mnt/ubna_data_02_mir/recover-20221013/UBNA_001/20221012_030000.WAV,Telephone Field,recover-20221013,001,1795
917.8555,917.8963,68437,83253,Rhinolophus ferrumequinum,0.023,0.023,-1,Echolocation,/mnt/ubna_data_02_mir/recover-20221013/UBNA_001/20221012_030000.WAV,Telephone Field,recover-20221013,001,1795
917.8875,917.8964,28046,37611,Eptesicus serotinus,0.008,0.022,-1,Echolocation,/mnt/ubna_data_02_mir/recover-20221013/UBNA_001/20221012_030000.WAV,Telephone Field,recover-20221013,001,1795
917.8895,917.8994,22031,27960,Nyctalus leisleri,0.009,0.023,-1,Echolocation,/mnt/ubna_data_02_mir/recover-20221013/UBNA_001/20221012_030000.WAV,Telephone Field,recover-20221013,001,1795
918.0015,918.0365,69296,81318,Rhinolophus ferrumequinum,0.034,0.035,-1,Echolocation,/mnt/ubna_data_02_mir/recover-20221013/UBNA_001/20221012_030000.WAV,Telephone Field,recover-20221013,001,1795
918.0015,918.0114,22031,27234,Nyctalus leisleri,0.015,0.035,-1,Echolocation,/mnt/ubna_data_02_mir/recover-20221013/UBNA_001/20221012_030000.WAV,Telephone Field,recover-20221013,001,1795
918.0015,918.0110999999999,48671,54718,Pipistrellus pipistrellus,0.024,0.03,-1,Echolocation,/mnt/ubna_data_02_mir/recover-20221013/UBNA_001/20221012_030000.WAV,Telephone Field,recover-20221013,001,1795
918.0085,918.0507,68437,81899,Rhinolophus ferrumequinum,0.021,0.021,-1,Echolocation,/mnt/ubna_data_02_mir/recover-20221013/UBNA_001/20221012_030000.WAV,Telephone Field,recover-20221013,001,1795
918.0145,918.0239,27187,37210,Eptesicus serotinus,0.009,0.023,-1,Echolocation,/mnt/ubna_data_02_mir/recover-20221013/UBNA_001/20221012_030000.WAV,Telephone Field,recover-20221013,001,1795
918.0385,918.0754,68437,81607,Rhinolophus ferrumequinum,0.031,0.031,-1,Echolocation,/mnt/ubna_data_02_mir/recover-20221013/UBNA_001/20221012_030000.WAV,Telephone Field,recover-20221013,001,1795
918.0545,918.0891,68437,81369,Rhinolophus ferrumequinum,0.021,0.021,-1,Echolocation,/mnt/ubna_data_02_mir/recover-20221013/UBNA_001/20221012_030000.WAV,Telephone Field,recover-20221013,001,1795
918.0645,918.1007,68437,81730,Rhinolophus ferrumequinum,0.022,0.022,-1,Echolocation,/mnt/ubna_data_02_mir/recover-20221013/UBNA_001/20221012_030000.WAV,Telephone Field,recover-20221013,001,1795
918.0965,918.1331,68437,81026,Rhinolophus ferrumequinum,0.022,0.022,-1,Echolocation,/mnt/ubna_data_02_mir/recover-20221013/UBNA_001/20221012_030000.WAV,Telephone Field,recover-20221013,001,1795
918.1085,918.1476,68437,82301,Rhinolophus ferrumequinum,0.029,0.029,-1,Echolocation,/mnt/ubna_data_02_mir/recover-20221013/UBNA_001/20221012_030000.WAV,Telephone Field,recover-20221013,001,1795
918.1225,918.1641,68437,82633,Rhinolophus ferrumequinum,0.029,0.029,-1,Echolocation,/mnt/ubna_data_02_mir/recover-20221013/UBNA_001/20221012_030000.WAV,Telephone Field,recover-20221013,001,1795
918.1785,918.1899,28906,36548,Eptesicus serotinus,0.018,0.031,-1,Echolocation,/mnt/ubna_data_02_mir/recover-20221013/UBNA_001/20221012_030000.WAV,Telephone Field,recover-20221013,001,1795
918.1875,918.2236,68437,81568,Rhinolophus ferrumequinum,0.022,0.022,-1,Echolocation,/mnt/ubna_data_02_mir/recover-20221013/UBNA_001/20221012_030000.WAV,Telephone Field,recover-20221013,001,1795
918.1925,918.2269,68437,80901,Rhinolophus ferrumequinum,0.022,0.022,-1,Echolocation,/mnt/ubna_data_02_mir/recover-20221013/UBNA_001/20221012_030000.WAV,Telephone Field,recover-20221013,001,1795
918.2355,918.243,23750,32299,Plecotus austriacus,0.008,0.021,-1,Echolocation,/mnt/ubna_data_02_mir/recover-20221013/UBNA_001/20221012_030000.WAV,Telephone Field,recover-20221013,001,1795
918.2375,918.2795,68437,82821,Rhinolophus ferrumequinum,0.031,0.031,-1,Echolocation,/mnt/ubna_data_02_mir/recover-20221013/UBNA_001/20221012_030000.WAV,Telephone Field,recover-20221013,001,1795
918.2415,918.2524,28906,36300,Eptesicus serotinus,0.01,0.022,-1,Echolocation,/mnt/ubna_data_02_mir/recover-20221013/UBNA_001/20221012_030000.WAV,Telephone Field,recover-20221013,001,1795
918.2475,918.2576,28046,36430,Eptesicus serotinus,0.009,0.022,-1,Echolocation,/mnt/ubna_data_02_mir/recover-20221013/UBNA_001/20221012_030000.WAV,Telephone Field,recover-20221013,001,1795
918.2575,918.2641,28046,41704,Eptesicus serotinus,0.007,0.026,-1,Echolocation,/mnt/ubna_data_02_mir/recover-20221013/UBNA_001/20221012_030000.WAV,Telephone Field,recover-20221013,001,1795
918.2725,918.3126,68437,82592,Rhinolophus ferrumequinum,0.031,0.031,-1,Echolocation,/mnt/ubna_data_02_mir/recover-20221013/UBNA_001/20221012_030000.WAV,Telephone Field,recover-20221013,001,1795
918.3095,918.3155,34062,42304,Myotis daubentonii,0.01,0.026,-1,Echolocation,/mnt/ubna_data_02_mir/recover-20221013/UBNA_001/20221012_030000.WAV,Telephone Field,recover-20221013,001,1795
918.3105,918.3177,28046,39148,Eptesicus serotinus,0.007,0.025,-1,Echolocation,/mnt/ubna_data_02_mir/recover-20221013/UBNA_001/20221012_030000.WAV,Telephone Field,recover-20221013,001,1795
918.3215,918.3616,68437,82088,Rhinolophus ferrumequinum,0.023,0.023,-1,Echolocation,/mnt/ubna_data_02_mir/recover-20221013/UBNA_001/20221012_030000.WAV,Telephone Field,recover-20221013,001,1795
918.3805,918.4197,68437,82088,Rhinolophus ferrumequinum,0.021,0.021,-1,Echolocation,/mnt/ubna_data_02_mir/recover-20221013/UBNA_001/20221012_030000.WAV,Telephone Field,recover-20221013,001,1795
918.4014999999999,918.4428,68437,82786,Rhinolophus ferrumequinum,0.024,0.024,-1,Echolocation,/mnt/ubna_data_02_mir/recover-20221013/UBNA_001/20221012_030000.WAV,Telephone Field,recover-20221013,001,1795
918.4435,918.4825,68437,82102,Rhinolophus ferrumequinum,0.03,0.03,-1,Echolocation,/mnt/ubna_data_02_mir/recover-20221013/UBNA_001/20221012_030000.WAV,Telephone Field,recover-20221013,001,1795
918.4575,918.4956,68437,81512,Rhinolophus ferrumequinum,0.02,0.021,-1,Echolocation,/mnt/ubna_data_02_mir/recover-20221013/UBNA_001/20221012_030000.WAV,Telephone Field,recover-20221013,001,1795
918.4665,918.4988,68437,80302,Rhinolophus ferrumequinum,0.02,0.021,-1,Echolocation,/mnt/ubna_data_02_mir/recover-20221013/UBNA_001/20221012_030000.WAV,Telephone Field,recover-20221013,001,1795
918.4855,918.5221,68437,81822,Rhinolophus ferrumequinum,0.021,0.021,-1,Echolocation,/mnt/ubna_data_02_mir/recover-20221013/UBNA_001/20221012_030000.WAV,Telephone Field,recover-20221013,001,1795
918.5075,918.515,51250,59540,Pipistrellus pipistrellus,0.021,0.027,-1,Echolocation,/mnt/ubna_data_02_mir/recover-20221013/UBNA_001/20221012_030000.WAV,Telephone Field,recover-20221013,001,1795
918.5205,918.5603,68437,82558,Rhinolophus ferrumequinum,0.034,0.034,-1,Echolocation,/mnt/ubna_data_02_mir/recover-20221013/UBNA_001/20221012_030000.WAV,Telephone Field,recover-20221013,001,1795
918.5375,918.546,22890,29541,Plecotus austriacus,0.009,0.022,-1,Echolocation,/mnt/ubna_data_02_mir/recover-20221013/UBNA_001/20221012_030000.WAV,Telephone Field,recover-20221013,001,1795
918.5515,918.5946,68437,83420,Rhinolophus ferrumequinum,0.037,0.037,-1,Echolocation,/mnt/ubna_data_02_mir/recover-20221013/UBNA_001/20221012_030000.WAV,Telephone Field,recover-20221013,001,1795
918.5575,918.5685,28906,35683,Eptesicus serotinus,0.01,0.025,-1,Echolocation,/mnt/ubna_data_02_mir/recover-20221013/UBNA_001/20221012_030000.WAV,Telephone Field,recover-20221013,001,1795
918.5835,918.6206999999999,68437,81664,Rhinolophus ferrumequinum,0.023,0.023,-1,Echolocation,/mnt/ubna_data_02_mir/recover-20221013/UBNA_001/20221012_030000.WAV,Telephone Field,recover-20221013,001,1795
918.6065,918.6438,68437,81489,Rhinolophus ferrumequinum,0.022,0.022,-1,Echolocation,/mnt/ubna_data_02_mir/recover-20221013/UBNA_001/20221012_030000.WAV,Telephone Field,recover-20221013,001,1795
918.6295,918.6373,27187,40213,Eptesicus serotinus,0.007,0.022,-1,Echolocation,/mnt/ubna_data_02_mir/recover-20221013/UBNA_001/20221012_030000.WAV,Telephone Field,recover-20221013,001,1795
918.6295,918.6701,68437,82238,Rhinolophus ferrumequinum,0.023,0.023,-1,Echolocation,/mnt/ubna_data_02_mir/recover-20221013/UBNA_001/20221012_030000.WAV,Telephone Field,recover-20221013,001,1795
918.6305,918.6401,33203,43196,Myotis daubentonii,0.008,0.024,-1,Echolocation,/mnt/ubna_data_02_mir/recover-20221013/UBNA_001/20221012_030000.WAV,Telephone Field,recover-20221013,001,1795
918.6575,918.701,68437,83100,Rhinolophus ferrumequinum,0.024,0.024,-1,Echolocation,/mnt/ubna_data_02_mir/recover-20221013/UBNA_001/20221012_030000.WAV,Telephone Field,recover-20221013,001,1795
918.7005,918.7381,68437,81776,Rhinolophus ferrumequinum,0.021,0.021,-1,Echolocation,/mnt/ubna_data_02_mir/recover-20221013/UBNA_001/20221012_030000.WAV,Telephone Field,recover-20221013,001,1795
918.7195,918.7578,68437,82374,Rhinolophus ferrumequinum,0.027,0.027,-1,Echolocation,/mnt/ubna_data_02_mir/recover-20221013/UBNA_001/20221012_030000.WAV,Telephone Field,recover-20221013,001,1795
918.7425,918.78,68437,82260,Rhinolophus ferrumequinum,0.022,0.022,-1,Echolocation,/mnt/ubna_data_02_mir/recover-20221013/UBNA_001/20221012_030000.WAV,Telephone Field,recover-20221013,001,1795
918.7705,918.814,68437,83370,Rhinolophus ferrumequinum,0.043,0.043,-1,Echolocation,/mnt/ubna_data_02_mir/recover-20221013/UBNA_001/20221012_030000.WAV,Telephone Field,recover-20221013,001,1795
918.8055,918.8417,68437,81549,Rhinolophus ferrumequinum,0.022,0.022,-1,Echolocation,/mnt/ubna_data_02_mir/recover-20221013/UBNA_001/20221012_030000.WAV,Telephone Field,recover-20221013,001,1795
918.8195,918.8543,68437,80999,Rhinolophus ferrumequinum,0.023,0.023,-1,Echolocation,/mnt/ubna_data_02_mir/recover-20221013/UBNA_001/20221012_030000.WAV,Telephone Field,recover-20221013,001,1795
918.8255,918.8612,68437,81558,Rhinolophus ferrumequinum,0.022,0.022,-1,Echolocation,/mnt/ubna_data_02_mir/recover-20221013/UBNA_001/20221012_030000.WAV,Telephone Field,recover-20221013,001,1795
918.8435,918.8546,51250,58378,Pipistrellus pipistrellus,0.018,0.024,-1,Echolocation,/mnt/ubna_data_02_mir/recover-20221013/UBNA_001/20221012_030000.WAV,Telephone Field,recover-20221013,001,1795
918.8475,918.8563,28046,38985,Eptesicus serotinus,0.007,0.021,-1,Echolocation,/mnt/ubna_data_02_mir/recover-20221013/UBNA_001/20221012_030000.WAV,Telephone Field,recover-20221013,001,1795
918.8575,918.8975,68437,82743,Rhinolophus ferrumequinum,0.025,0.025,-1,Echolocation,/mnt/ubna_data_02_mir/recover-20221013/UBNA_001/20221012_030000.WAV,Telephone Field,recover-20221013,001,1795
918.8705,918.9082,68437,82220,Rhinolophus ferrumequinum,0.021,0.021,-1,Echolocation,/mnt/ubna_data_02_mir/recover-20221013/UBNA_001/20221012_030000.WAV,Telephone Field,recover-20221013,001,1795
918.8955,918.9359,68437,82865,Rhinolophus ferrumequinum,0.024,0.024,-1,Echolocation,/mnt/ubna_data_02_mir/recover-20221013/UBNA_001/20221012_030000.WAV,Telephone Field,recover-20221013,001,1795
918.8985,918.9061,28046,40613,Eptesicus serotinus,0.006,0.022,-1,Echolocation,/mnt/ubna_data_02_mir/recover-20221013/UBNA_001/20221012_030000.WAV,Telephone Field,recover-20221013,001,1795
918.9195,918.9302,27187,34867,Eptesicus serotinus,0.009,0.021,-1,Echolocation,/mnt/ubna_data_02_mir/recover-20221013/UBNA_001/20221012_030000.WAV,Telephone Field,recover-20221013,001,1795
918.9315,918.9395,28046,38991,Eptesicus serotinus,0.007,0.024,-1,Echolocation,/mnt/ubna_data_02_mir/recover-20221013/UBNA_001/20221012_030000.WAV,Telephone Field,recover-20221013,001,1795
918.9815,919.0213,68437,82823,Rhinolophus ferrumequinum,0.023,0.023,-1,Echolocation,/mnt/ubna_data_02_mir/recover-20221013/UBNA_001/20221012_030000.WAV,Telephone Field,recover-20221013,001,1795
918.9845,918.9945,23750,30000,Nyctalus leisleri,0.008,0.021,-1,Echolocation,/mnt/ubna_data_02_mir/recover-20221013/UBNA_001/20221012_030000.WAV,Telephone Field,recover-20221013,001,1795
918.9915,919.0309,68437,82080,Rhinolophus ferrumequinum,0.021,0.021,-1,Echolocation,/mnt/ubna_data_02_mir/recover-20221013/UBNA_001/20221012_030000.WAV,Telephone Field,recover-20221013,001,1795
919.0105,919.0533,68437,83088,Rhinolophus ferrumequinum,0.028,0.028,-1,Echolocation,/mnt/ubna_data_02_mir/recover-20221013/UBNA_001/20221012_030000.WAV,Telephone Field,recover-20221013,001,1795
919.0305,919.0408,15156,21173,Nyctalus noctula,0.011,0.021,-1,Echolocation,/mnt/ubna_data_02_mir/recover-20221013/UBNA_001/20221012_030000.WAV,Telephone Field,recover-20221013,001,1795
919.0315,919.069,68437,81501,Rhinolophus ferrumequinum,0.021,0.021,-1,Echolocation,/mnt/ubna_data_02_mir/recover-20221013/UBNA_001/20221012_030000.WAV,Telephone Field,recover-20221013,001,1795
919.0515,919.0903,68437,82662,Rhinolophus ferrumequinum,0.022,0.022,-1,Echolocation,/mnt/ubna_data_02_mir/recover-20221013/UBNA_001/20221012_030000.WAV,Telephone Field,recover-20221013,001,1795
919.0585,919.0983,68437,82549,Rhinolophus ferrumequinum,0.021,0.021,-1,Echolocation,/mnt/ubna_data_02_mir/recover-20221013/UBNA_001/20221012_030000.WAV,Telephone Field,recover-20221013,001,1795
919.0615,919.0713,22890,29660,Nyctalus leisleri,0.008,0.023,-1,Echolocation,/mnt/ubna_data_02_mir/recover-20221013/UBNA_001/20221012_030000.WAV,Telephone Field,recover-20221013,001,1795
919.0665,919.0748,28046,40396,Eptesicus serotinus,0.008,0.024,-1,Echolocation,/mnt/ubna_data_02_mir/recover-20221013/UBNA_001/20221012_030000.WAV,Telephone Field,recover-20221013,001,1795
919.0955,919.1358,68437,82217,Rhinolophus ferrumequinum,0.026,0.026,-1,Echolocation,/mnt/ubna_data_02_mir/recover-20221013/UBNA_001/20221012_030000.WAV,Telephone Field,recover-20221013,001,1795
919.1055,919.1127,26328,35064,Eptesicus serotinus,0.007,0.023,-1,Echolocation,/mnt/ubna_data_02_mir/recover-20221013/UBNA_001/20221012_030000.WAV,Telephone Field,recover-20221013,001,1795
919.1165,919.1568,68437,82498,Rhinolophus ferrumequinum,0.023,0.023,-1,Echolocation,/mnt/ubna_data_02_mir/recover-20221013/UBNA_001/20221012_030000.WAV,Telephone Field,recover-20221013,001,1795
919.1535,919.1955,68437,82566,Rhinolophus ferrumequinum,0.032,0.032,-1,Echolocation,/mnt/ubna_data_02_mir/recover-20221013/UBNA_001/20221012_030000.WAV,Telephone Field,recover-20221013,001,1795
919.1855,919.221,68437,81121,Rhinolophus ferrumequinum,0.024,0.024,-1,Echolocation,/mnt/ubna_data_02_mir/recover-20221013/UBNA_001/20221012_030000.WAV,Telephone Field,recover-20221013,001,1795
919.2125,919.2293999999999,22031,25716,Nyctalus leisleri,0.014,0.025,-1,Echolocation,/mnt/ubna_data_02_mir/recover-20221013/UBNA_001/20221012_030000.WAV,Telephone Field,recover-20221013,001,1795
919.2135,919.2586,68437,82890,Rhinolophus ferrumequinum,0.033,0.033,-1,Echolocation,/mnt/ubna_data_02_mir/recover-20221013/UBNA_001/20221012_030000.WAV,Telephone Field,recover-20221013,001,1795
919.2415,919.2805,68437,82870,Rhinolophus ferrumequinum,0.023,0.023,-1,Echolocation,/mnt/ubna_data_02_mir/recover-20221013/UBNA_001/20221012_030000.WAV,Telephone Field,recover-20221013,001,1795
919.2625,919.2701,28046,38864,Eptesicus serotinus,0.007,0.025,-1,Echolocation,/mnt/ubna_data_02_mir/recover-20221013/UBNA_001/20221012_030000.WAV,Telephone Field,recover-20221013,001,1795
919.2695,919.3047,68437,81516,Rhinolophus ferrumequinum,0.021,0.021,-1,Echolocation,/mnt/ubna_data_02_mir/recover-20221013/UBNA_001/20221012_030000.WAV,Telephone Field,recover-20221013,001,1795
919.3035,919.3136,28046,36102,Eptesicus serotinus,0.014,0.029,-1,Echolocation,/mnt/ubna_data_02_mir/recover-20221013/UBNA_001/20221012_030000.WAV,Telephone Field,recover-20221013,001,1795
919.3185,919.3591,68437,82344,Rhinolophus ferrumequinum,0.033,0.033,-1,Echolocation,/mnt/ubna_data_02_mir/recover-20221013/UBNA_001/20221012_030000.WAV,Telephone Field,recover-20221013,001,1795
919.3555,919.394,68437,82154,Rhinolophus ferrumequinum,0.024,0.025,-1,Echolocation,/mnt/ubna_data_02_mir/recover-20221013/UBNA_001/20221012_030000.WAV,Telephone Field,recover-20221013,001,1795
919.3775,919.4204,68437,82545,Rhinolophus ferrumequinum,0.029,0.029,-1,Echolocation,/mnt/ubna_data_02_mir/recover-20221013/UBNA_001/20221012_030000.WAV,Telephone Field,recover-20221013,001,1795
919.3835,919.3908,28046,37905,Eptesicus serotinus,0.011,0.031,-1,Echolocation,/mnt/ubna_data_02_mir/recover-20221013/UBNA_001/20221012_030000.WAV,Telephone Field,recover-20221013,001,1795
919.3955,919.4046,24609,31479,Eptesicus serotinus,0.008,0.023,-1,Echolocation,/mnt/ubna_data_02_mir/recover-20221013/UBNA_001/20221012_030000.WAV,Telephone Field,recover-20221013,001,1795
919.3975,919.4361,68437,82420,Rhinolophus ferrumequinum,0.022,0.022,-1,Echolocation,/mnt/ubna_data_02_mir/recover-20221013/UBNA_001/20221012_030000.WAV,Telephone Field,recover-20221013,001,1795
919.4255,919.4654,68437,82316,Rhinolophus ferrumequinum,0.021,0.021,-1,Echolocation,/mnt/ubna_data_02_mir/recover-20221013/UBNA_001/20221012_030000.WAV,Telephone Field,recover-20221013,001,1795
919.4385,919.4593,18593,21272,Nyctalus noctula,0.01,0.022,-1,Echolocation,/mnt/ubna_data_02_mir/recover-20221013/UBNA_001/20221012_030000.WAV,Telephone Field,recover-20221013,001,1795
919.4535,919.4901,68437,82235,Rhinolophus ferrumequinum,0.022,0.022,-1,Echolocation,/mnt/ubna_data_02_mir/recover-20221013/UBNA_001/20221012_030000.WAV,Telephone Field,recover-20221013,001,1795
919.4685,919.5054,68437,81545,Rhinolophus ferrumequinum,0.021,0.021,-1,Echolocation,/mnt/ubna_data_02_mir/recover-20221013/UBNA_001/20221012_030000.WAV,Telephone Field,recover-20221013,001,1795
919.5035,919.539,68437,81616,Rhinolophus ferrumequinum,0.022,0.022,-1,Echolocation,/mnt/ubna_data_02_mir/recover-20221013/UBNA_001/20221012_030000.WAV,Telephone Field,recover-20221013,001,1795
919.5264999999999,919.5644,68437,82067,Rhinolophus ferrumequinum,0.024,0.024,-1,Echolocation,/mnt/ubna_data_02_mir/recover-20221013/UBNA_001/20221012_030000.WAV,Telephone Field,recover-20221013,001,1795
919.5655,919.6007,68437,81556,Rhinolophus ferrumequinum,0.02,0.021,-1,Echolocation,/mnt/ubna_data_02_mir/recover-20221013/UBNA_001/20221012_030000.WAV,Telephone Field,recover-20221013,001,1795
919.5705,919.6088,68437,82091,Rhinolophus ferrumequinum,0.021,0.021,-1,Echolocation,/mnt/ubna_data_02_mir/recover-20221013/UBNA_001/20221012_030000.WAV,Telephone Field,recover-20221013,001,1795
919.6005,919.6346,68437,80845,Rhinolophus ferrumequinum,0.021,0.021,-1,Echolocation,/mnt/ubna_data_02_mir/recover-20221013/UBNA_001/20221012_030000.WAV,Telephone Field,recover-20221013,001,1795
919.6514999999999,919.6868,68437,81680,Rhinolophus ferrumequinum,0.023,0.023,-1,Echolocation,/mnt/ubna_data_02_mir/recover-20221013/UBNA_001/20221012_030000.WAV,Telephone Field,recover-20221013,001,1795
919.6645,919.7067,68437,82906,Rhinolophus ferrumequinum,0.026,0.026,-1,Echolocation,/mnt/ubna_data_02_mir/recover-20221013/UBNA_001/20221012_030000.WAV,Telephone Field,recover-20221013,001,1795
919.6755,919.6904,22890,26991,Nyctalus leisleri,0.02,0.032,-1,Echolocation,/mnt/ubna_data_02_mir/recover-20221013/UBNA_001/20221012_030000.WAV,Telephone Field,recover-20221013,001,1795
919.6925,919.7277,68437,81192,Rhinolophus ferrumequinum,0.022,0.022,-1,Echolocation,/mnt/ubna_data_02_mir/recover-20221013/UBNA_001/20221012_030000.WAV,Telephone Field,recover-20221013,001,1795
919.7465,919.7884,68437,83015,Rhinolophus ferrumequinum,0.029,0.029,-1,Echolocation,/mnt/ubna_data_02_mir/recover-20221013/UBNA_001/20221012_030000.WAV,Telephone Field,recover-20221013,001,1795
919.7685,919.7804,23750,29534,Nyctalus leisleri,0.009,0.024,-1,Echolocation,/mnt/ubna_data_02_mir/recover-20221013/UBNA_001/20221012_030000.WAV,Telephone Field,recover-20221013,001,1795
919.7975,919.8388,68437,82617,Rhinolophus ferrumequinum,0.024,0.025,-1,Echolocation,/mnt/ubna_data_02_mir/recover-20221013/UBNA_001/20221012_030000.WAV,Telephone Field,recover-20221013,001,1795
919.8405,919.8783,68437,81831,Rhinolophus ferrumequinum,0.024,0.024,-1,Echolocation,/mnt/ubna_data_02_mir/recover-20221013/UBNA_001/20221012_030000.WAV,Telephone Field,recover-20221013,001,1795
919.8635,919.8733,45234,50439,Pipistrellus pipistrellus,0.018,0.021,-1,Echolocation,/mnt/ubna_data_02_mir/recover-20221013/UBNA_001/20221012_030000.WAV,Telephone Field,recover-20221013,001,1795
919.8835,919.8933,23750,30209,Nyctalus leisleri,0.008,0.021,-1,Echolocation,/mnt/ubna_data_02_mir/recover-20221013/UBNA_001/20221012_030000.WAV,Telephone Field,recover-20221013,001,1795
919.8875,919.9266,68437,82949,Rhinolophus ferrumequinum,0.03,0.03,-1,Echolocation,/mnt/ubna_data_02_mir/recover-20221013/UBNA_001/20221012_030000.WAV,Telephone Field,recover-20221013,001,1795
919.9245,919.962,68437,81680,Rhinolophus ferrumequinum,0.023,0.023,-1,Echolocation,/mnt/ubna_data_02_mir/recover-20221013/UBNA_001/20221012_030000.WAV,Telephone Field,recover-20221013,001,1795
919.9405,919.9775,68437,81914,Rhinolophus ferrumequinum,0.023,0.023,-1,Echolocation,/mnt/ubna_data_02_mir/recover-20221013/UBNA_001/20221012_030000.WAV,Telephone Field,recover-20221013,001,1795
919.9465,919.9564,24609,31937,Eptesicus serotinus,0.008,0.022,-1,Echolocation,/mnt/ubna_data_02_mir/recover-20221013/UBNA_001/20221012_030000.WAV,Telephone Field,recover-20221013,001,1795
919.9695,919.9777,26328,37367,Eptesicus serotinus,0.007,0.021,-1,Echolocation,/mnt/ubna_data_02_mir/recover-20221013/UBNA_001/20221012_030000.WAV,Telephone Field,recover-20221013,001,1795
920.0015,920.0093,26328,34197,Nyctalus leisleri,0.005,0.022,-1,Echolocation,/mnt/ubna_data_02_mir/recover-20221013/UBNA_001/20221012_030000.WAV,Telephone Field,recover-20221013,001,1795
920.0015,920.0312,69296,80902,Rhinolophus ferrumequinum,0.023,0.024,-1,Echolocation,/mnt/ubna_data_02_mir/recover-20221013/UBNA_001/20221012_030000.WAV,Telephone Field,recover-20221013,001,1795
920.0015,920.0118,46953,53245,Pipistrellus pipistrellus,0.018,0.024,-1,Echolocation,/mnt/ubna_data_02_mir/recover-20221013/UBNA_001/20221012_030000.WAV,Telephone Field,recover-20221013,001,1795
920.0085,920.0482,68437,81399,Rhinolophus ferrumequinum,0.021,0.021,-1,Echolocation,/mnt/ubna_data_02_mir/recover-20221013/UBNA_001/20221012_030000.WAV,Telephone Field,recover-20221013,001,1795
920.0285,920.067,68437,81719,Rhinolophus ferrumequinum,0.021,0.021,-1,Echolocation,/mnt/ubna_data_02_mir/recover-20221013/UBNA_001/20221012_030000.WAV,Telephone Field,recover-20221013,001,1795
920.0815,920.121,68437,81852,Rhinolophus ferrumequinum,0.023,0.023,-1,Echolocation,/mnt/ubna_data_02_mir/recover-20221013/UBNA_001/20221012_030000.WAV,Telephone Field,recover-20221013,001,1795
920.1085,920.1506,68437,83311,Rhinolophus ferrumequinum,0.024,0.024,-1,Echolocation,/mnt/ubna_data_02_mir/recover-20221013/UBNA_001/20221012_030000.WAV,Telephone Field,recover-20221013,001,1795
920.1095,920.12,23750,29581,Nyctalus leisleri,0.01,0.024,-1,Echolocation,/mnt/ubna_data_02_mir/recover-20221013/UBNA_001/20221012_030000.WAV,Telephone Field,recover-20221013,001,1795
920.1365,920.1766,68437,82637,Rhinolophus ferrumequinum,0.025,0.025,-1,Echolocation,/mnt/ubna_data_02_mir/recover-20221013/UBNA_001/20221012_030000.WAV,Telephone Field,recover-20221013,001,1795
920.1525,920.1949,68437,82822,Rhinolophus ferrumequinum,0.029,0.029,-1,Echolocation,/mnt/ubna_data_02_mir/recover-20221013/UBNA_001/20221012_030000.WAV,Telephone Field,recover-20221013,001,1795
920.2035,920.2427,68437,82083,Rhinolophus ferrumequinum,0.025,0.025,-1,Echolocation,/mnt/ubna_data_02_mir/recover-20221013/UBNA_001/20221012_030000.WAV,Telephone Field,recover-20221013,001,1795
920.2225,920.2629,68437,82717,Rhinolophus ferrumequinum,0.027,0.027,-1,Echolocation,/mnt/ubna_data_02_mir/recover-20221013/UBNA_001/20221012_030000.WAV,Telephone Field,recover-20221013,001,1795
920.2505,920.2623,22031,27551,Nyctalus leisleri,0.015,0.036,-1,Echolocation,/mnt/ubna_data_02_mir/recover-20221013/UBNA_001/20221012_030000.WAV,Telephone Field,recover-20221013,001,1795
920.2715,920.3143,68437,83161,Rhinolophus ferrumequinum,0.027,0.027,-1,Echolocation,/mnt/ubna_data_02_mir/recover-20221013/UBNA_001/20221012_030000.WAV,Telephone Field,recover-20221013,001,1795
920.2955,920.3344,68437,81887,Rhinolophus ferrumequinum,0.022,0.022,-1,Echolocation,/mnt/ubna_data_02_mir/recover-20221013/UBNA_001/20221012_030000.WAV,Telephone Field,recover-20221013,001,1795
920.3505,920.3849,68437,80681,Rhinolophus ferrumequinum,0.027,0.027,-1,Echolocation,/mnt/ubna_data_02_mir/recover-20221013/UBNA_001/20221012_030000.WAV,Telephone Field,recover-20221013,001,1795
920.3845,920.3965,34921,40334,Pipistrellus nathusii,0.011,0.024,-1,Echolocation,/mnt/ubna_data_02_mir/recover-20221013/UBNA_001/20221012_030000.WAV,Telephone Field,recover-20221013,001,1795
920.4165,920.4586,68437,83122,Rhinolophus ferrumequinum,0.027,0.027,-1,Echolocation,/mnt/ubna_data_02_mir/recover-20221013/UBNA_001/20221012_030000.WAV,Telephone Field,recover-20221013,001,1795
920.4275,920.4676,68437,82616,Rhinolophus ferrumequinum,0.022,0.022,-1,Echolocation,/mnt/ubna_data_02_mir/recover-20221013/UBNA_001/20221012_030000.WAV,Telephone Field,recover-20221013,001,1795
920.4505,920.4918,68437,82504,Rhinolophus ferrumequinum,0.033,0.033,-1,Echolocation,/mnt/ubna_data_02_mir/recover-20221013/UBNA_001/20221012_030000.WAV,Telephone Field,recover-20221013,001,1795
920.4715,920.5117,68437,83166,Rhinolophus ferrumequinum,0.024,0.024,-1,Echolocation,/mnt/ubna_data_02_mir/recover-20221013/UBNA_001/20221012_030000.WAV,Telephone Field,recover-20221013,001,1795
920.4955,920.533,68437,81328,Rhinolophus ferrumequinum,0.025,0.025,-1,Echolocation,/mnt/ubna_data_02_mir/recover-20221013/UBNA_001/20221012_030000.WAV,Telephone Field,recover-20221013,001,1795
920.5005,920.5106,26328,33961,Eptesicus serotinus,0.012,0.026,-1,Echolocation,/mnt/ubna_data_02_mir/recover-20221013/UBNA_001/20221012_030000.WAV,Telephone Field,recover-20221013,001,1795
920.5365,920.5467,26328,33327,Eptesicus serotinus,0.012,0.028,-1,Echolocation,/mnt/ubna_data_02_mir/recover-20221013/UBNA_001/20221012_030000.WAV,Telephone Field,recover-20221013,001,1795
920.5525,920.5929,68437,82782,Rhinolophus ferrumequinum,0.025,0.025,-1,Echolocation,/mnt/ubna_data_02_mir/recover-20221013/UBNA_001/20221012_030000.WAV,Telephone Field,recover-20221013,001,1795
920.5705,920.5794,44375,49692,Pipistrellus pipistrellus,0.043,0.052,-1,Echolocation,/mnt/ubna_data_02_mir/recover-20221013/UBNA_001/20221012_030000.WAV,Telephone Field,recover-20221013,001,1795
920.5735,920.5784,38359,55016,Myotis mystacinus,0.008,0.026,-1,Echolocation,/mnt/ubna_data_02_mir/recover-20221013/UBNA_001/20221012_030000.WAV,Telephone Field,recover-20221013,001,1795
920.5765,920.5836,24609,37659,Plecotus austriacus,0.008,0.027,-1,Echolocation,/mnt/ubna_data_02_mir/recover-20221013/UBNA_001/20221012_030000.WAV,Telephone Field,recover-20221013,001,1795
920.5915,920.6289,68437,81290,Rhinolophus ferrumequinum,0.022,0.022,-1,Echolocation,/mnt/ubna_data_02_mir/recover-20221013/UBNA_001/20221012_030000.WAV,Telephone Field,recover-20221013,001,1795
920.5995,920.6371,68437,81818,Rhinolophus ferrumequinum,0.021,0.021,-1,Echolocation,/mnt/ubna_data_02_mir/recover-20221013/UBNA_001/20221012_030000.WAV,Telephone Field,recover-20221013,001,1795
920.6145,920.6544,68437,82653,Rhinolophus ferrumequinum,0.025,0.025,-1,Echolocation,/mnt/ubna_data_02_mir/recover-20221013/UBNA_001/20221012_030000.WAV,Telephone Field,recover-20221013,001,1795
920.6435,920.6513,28046,38297,Eptesicus serotinus,0.007,0.021,-1,Echolocation,/mnt/ubna_data_02_mir/recover-20221013/UBNA_001/20221012_030000.WAV,Telephone Field,recover-20221013,001,1795
920.6505,920.6573,28906,41073,Eptesicus serotinus,0.006,0.022,-1,Echolocation,/mnt/ubna_data_02_mir/recover-20221013/UBNA_001/20221012_030000.WAV,Telephone Field,recover-20221013,001,1795
920.6535,920.6912,68437,81414,Rhinolophus ferrumequinum,0.024,0.024,-1,Echolocation,/mnt/ubna_data_02_mir/recover-20221013/UBNA_001/20221012_030000.WAV,Telephone Field,recover-20221013,001,1795
920.6785,920.7162,68437,81416,Rhinolophus ferrumequinum,0.024,0.024,-1,Echolocation,/mnt/ubna_data_02_mir/recover-20221013/UBNA_001/20221012_030000.WAV,Telephone Field,recover-20221013,001,1795
920.7195,920.7573,68437,81815,Rhinolophus ferrumequinum,0.028,0.028,-1,Echolocation,/mnt/ubna_data_02_mir/recover-20221013/UBNA_001/20221012_030000.WAV,Telephone Field,recover-20221013,001,1795
920.7285,920.7665,68437,81681,Rhinolophus ferrumequinum,0.022,0.022,-1,Echolocation,/mnt/ubna_data_02_mir/recover-20221013/UBNA_001/20221012_030000.WAV,Telephone Field,recover-20221013,001,1795
920.8025,920.8085,24609,36195,Plecotus austriacus,0.014,0.03,-1,Echolocation,/mnt/ubna_data_02_mir/recover-20221013/UBNA_001/20221012_030000.WAV,Telephone Field,recover-20221013,001,1795
920.8145,920.8516,68437,81821,Rhinolophus ferrumequinum,0.022,0.022,-1,Echolocation,/mnt/ubna_data_02_mir/recover-20221013/UBNA_001/20221012_030000.WAV,Telephone Field,recover-20221013,001,1795
920.8385,920.8772,68437,81864,Rhinolophus ferrumequinum,0.024,0.024,-1,Echolocation,/mnt/ubna_data_02_mir/recover-20221013/UBNA_001/20221012_030000.WAV,Telephone Field,recover-20221013,001,1795
920.9025,920.9442,68437,82737,Rhinolophus ferrumequinum,0.022,0.022,-1,Echolocation,/mnt/ubna_data_02_mir/recover-20221013/UBNA_001/20221012_030000.WAV,Telephone Field,recover-20221013,001,1795
920.9105,920.9191,27187,40647,Eptesicus serotinus,0.008,0.023,-1,Echolocation,/mnt/ubna_data_02_mir/recover-20221013/UBNA_001/20221012_030000.WAV,Telephone Field,recover-20221013,001,1795
920.9345,920.9431,28046,37696,Eptesicus serotinus,0.009,0.021,-1,Echolocation,/mnt/ubna_data_02_mir/recover-20221013/UBNA_001/20221012_030000.WAV,Telephone Field,recover-20221013,001,1795
920.9485,920.9858,68437,82053,Rhinolophus ferrumequinum,0.023,0.023,-1,Echolocation,/mnt/ubna_data_02_mir/recover-20221013/UBNA_001/20221012_030000.WAV,Telephone Field,recover-20221013,001,1795
920.9555,920.9635,23750,32201,Plecotus austriacus,0.008,0.021,-1,Echolocation,/mnt/ubna_data_02_mir/recover-20221013/UBNA_001/20221012_030000.WAV,Telephone Field,recover-20221013,001,1795
920.9605,920.996,68437,81091,Rhinolophus ferrumequinum,0.027,0.027,-1,Echolocation,/mnt/ubna_data_02_mir/recover-20221013/UBNA_001/20221012_030000.WAV,Telephone Field,recover-20221013,001,1795
921.0095,921.048,68437,81733,Rhinolophus ferrumequinum,0.021,0.021,-1,Echolocation,/mnt/ubna_data_02_mir/recover-20221013/UBNA_001/20221012_030000.WAV,Telephone Field,recover-20221013,001,1795
921.0125,921.0212,28046,40607,Eptesicus serotinus,0.009,0.022,-1,Echolocation,/mnt/ubna_data_02_mir/recover-20221013/UBNA_001/20221012_030000.WAV,Telephone Field,recover-20221013,001,1795
921.0335,921.0439,59843,64825,Pipistrellus pygmaeus,0.026,0.027,-1,Echolocation,/mnt/ubna_data_02_mir/recover-20221013/UBNA_001/20221012_030000.WAV,Telephone Field,recover-20221013,001,1795
921.0595,921.1,68437,82469,Rhinolophus ferrumequinum,0.024,0.024,-1,Echolocation,/mnt/ubna_data_02_mir/recover-20221013/UBNA_001/20221012_030000.WAV,Telephone Field,recover-20221013,001,1795
921.0655,921.1077,68437,82535,Rhinolophus ferrumequinum,0.022,0.022,-1,Echolocation,/mnt/ubna_data_02_mir/recover-20221013/UBNA_001/20221012_030000.WAV,Telephone Field,recover-20221013,001,1795
921.0775,921.1194,68437,82895,Rhinolophus ferrumequinum,0.026,0.026,-1,Echolocation,/mnt/ubna_data_02_mir/recover-20221013/UBNA_001/20221012_030000.WAV,Telephone Field,recover-20221013,001,1795
921.0965,921.1379,68437,82280,Rhinolophus ferrumequinum,0.03,0.03,-1,Echolocation,/mnt/ubna_data_02_mir/recover-20221013/UBNA_001/20221012_030000.WAV,Telephone Field,recover-20221013,001,1795
921.1015,921.1121,22031,26096,Nyctalus leisleri,0.013,0.023,-1,Echolocation,/mnt/ubna_data_02_mir/recover-20221013/UBNA_001/20221012_030000.WAV,Telephone Field,recover-20221013,001,1795
921.1105,921.1445,68437,81090,Rhinolophus ferrumequinum,0.022,0.022,-1,Echolocation,/mnt/ubna_data_02_mir/recover-20221013/UBNA_001/20221012_030000.WAV,Telephone Field,recover-20221013,001,1795
921.1215,921.1306,14296,21491,Nyctalus noctula,0.009,0.022,-1,Echolocation,/mnt/ubna_data_02_mir/recover-20221013/UBNA_001/20221012_030000.WAV,Telephone Field,recover-20221013,001,1795
921.1635,921.203,68437,82606,Rhinolophus ferrumequinum,0.024,0.024,-1,Echolocation,/mnt/ubna_data_02_mir/recover-20221013/UBNA_001/20221012_030000.WAV,Telephone Field,recover-20221013,001,1795
921.2085,921.2194,28906,36878,Eptesicus serotinus,0.01,0.023,-1,Echolocation,/mnt/ubna_data_02_mir/recover-20221013/UBNA_001/20221012_030000.WAV,Telephone Field,recover-20221013,001,1795
921.2465,921.2864,68437,82788,Rhinolophus ferrumequinum,0.023,0.023,-1,Echolocation,/mnt/ubna_data_02_mir/recover-20221013/UBNA_001/20221012_030000.WAV,Telephone Field,recover-20221013,001,1795
921.2725,921.2847,26328,32344,Eptesicus serotinus,0.012,0.029,-1,Echolocation,/mnt/ubna_data_02_mir/recover-20221013/UBNA_001/20221012_030000.WAV,Telephone Field,recover-20221013,001,1795
921.2835,921.2923,27187,38508,Eptesicus serotinus,0.009,0.022,-1,Echolocation,/mnt/ubna_data_02_mir/recover-20221013/UBNA_001/20221012_030000.WAV,Telephone Field,recover-20221013,001,1795
921.3015,921.338,68437,81979,Rhinolophus ferrumequinum,0.023,0.023,-1,Echolocation,/mnt/ubna_data_02_mir/recover-20221013/UBNA_001/20221012_030000.WAV,Telephone Field,recover-20221013,001,1795
921.3295,921.3374,28046,40146,Eptesicus serotinus,0.007,0.021,-1,Echolocation,/mnt/ubna_data_02_mir/recover-20221013/UBNA_001/20221012_030000.WAV,Telephone Field,recover-20221013,001,1795
921.3495,921.3883,68437,82460,Rhinolophus ferrumequinum,0.035,0.035,-1,Echolocation,/mnt/ubna_data_02_mir/recover-20221013/UBNA_001/20221012_030000.WAV,Telephone Field,recover-20221013,001,1795
921.3695,921.3802,22890,27999,Nyctalus leisleri,0.011,0.023,-1,Echolocation,/mnt/ubna_data_02_mir/recover-20221013/UBNA_001/20221012_030000.WAV,Telephone Field,recover-20221013,001,1795
921.3785,921.3889,23750,29689,Nyctalus leisleri,0.01,0.025,-1,Echolocation,/mnt/ubna_data_02_mir/recover-20221013/UBNA_001/20221012_030000.WAV,Telephone Field,recover-20221013,001,1795
921.3945,921.4348,68437,82392,Rhinolophus ferrumequinum,0.025,0.025,-1,Echolocation,/mnt/ubna_data_02_mir/recover-20221013/UBNA_001/20221012_030000.WAV,Telephone Field,recover-20221013,001,1795
921.4245,921.4651,68437,82245,Rhinolophus ferrumequinum,0.025,0.025,-1,Echolocation,/mnt/ubna_data_02_mir/recover-20221013/UBNA_001/20221012_030000.WAV,Telephone Field,recover-20221013,001,1795
921.4995,921.5439,68437,83116,Rhinolophus ferrumequinum,0.034,0.034,-1,Echolocation,/mnt/ubna_data_02_mir/recover-20221013/UBNA_001/20221012_030000.WAV,Telephone Field,recover-20221013,001,1795
921.5264999999999,921.5337,24609,35760,Plecotus austriacus,0.007,0.021,-1,Echolocation,/mnt/ubna_data_02_mir/recover-20221013/UBNA_001/20221012_030000.WAV,Telephone Field,recover-20221013,001,1795
921.5595,921.5695,28046,35357,Eptesicus serotinus,0.014,0.028,-1,Echolocation,/mnt/ubna_data_02_mir/recover-20221013/UBNA_001/20221012_030000.WAV,Telephone Field,recover-20221013,001,1795
921.5685,921.6103,68437,82991,Rhinolophus ferrumequinum,0.027,0.027,-1,Echolocation,/mnt/ubna_data_02_mir/recover-20221013/UBNA_001/20221012_030000.WAV,Telephone Field,recover-20221013,001,1795
921.5895,921.599,28906,38981,Eptesicus serotinus,0.009,0.021,-1,Echolocation,/mnt/ubna_data_02_mir/recover-20221013/UBNA_001/20221012_030000.WAV,Telephone Field,recover-20221013,001,1795
921.6485,921.6898,68437,82025,Rhinolophus ferrumequinum,0.023,0.023,-1,Echolocation,/mnt/ubna_data_02_mir/recover-20221013/UBNA_001/20221012_030000.WAV,Telephone Field,recover-20221013,001,1795
921.6685,921.7071,68437,81780,Rhinolophus ferrumequinum,0.021,0.022,-1,Echolocation,/mnt/ubna_data_02_mir/recover-20221013/UBNA_001/20221012_030000.WAV,Telephone Field,recover-20221013,001,1795
921.6745,921.7113,68437,81918,Rhinolophus ferrumequinum,0.022,0.022,-1,Echolocation,/mnt/ubna_data_02_mir/recover-20221013/UBNA_001/20221012_030000.WAV,Telephone Field,recover-20221013,001,1795
921.6855,921.7235000000001,68437,82531,Rhinolophus ferrumequinum,0.023,0.023,-1,Echolocation,/mnt/ubna_data_02_mir/recover-20221013/UBNA_001/20221012_030000.WAV,Telephone Field,recover-20221013,001,1795
921.7245,921.7359,22031,26791,Nyctalus leisleri,0.011,0.022,-1,Echolocation,/mnt/ubna_data_02_mir/recover-20221013/UBNA_001/20221012_030000.WAV,Telephone Field,recover-20221013,001,1795
921.7585,921.8018,68437,83063,Rhinolophus ferrumequinum,0.025,0.025,-1,Echolocation,/mnt/ubna_data_02_mir/recover-20221013/UBNA_001/20221012_030000.WAV,Telephone Field,recover-20221013,001,1795
921.7985,921.8388,68437,82718,Rhinolophus ferrumequinum,0.027,0.027,-1,Echolocation,/mnt/ubna_data_02_mir/recover-20221013/UBNA_001/20221012_030000.WAV,Telephone Field,recover-20221013,001,1795
921.8085,921.8433,68437,81028,Rhinolophus ferrumequinum,0.021,0.021,-1,Echolocation,/mnt/ubna_data_02_mir/recover-20221013/UBNA_001/20221012_030000.WAV,Telephone Field,recover-20221013,001,1795
921.8405,921.8814,68437,82577,Rhinolophus ferrumequinum,0.023,0.023,-1,Echolocation,/mnt/ubna_data_02_mir/recover-20221013/UBNA_001/20221012_030000.WAV,Telephone Field,recover-20221013,001,1795
921.8415,921.8501,28906,37261,Eptesicus serotinus,0.008,0.021,-1,Echolocation,/mnt/ubna_data_02_mir/recover-20221013/UBNA_001/20221012_030000.WAV,Telephone Field,recover-20221013,001,1795
921.8715,921.8825,46093,49710,Pipistrellus pipistrellus,0.027,0.029,-1,Echolocation,/mnt/ubna_data_02_mir/recover-20221013/UBNA_001/20221012_030000.WAV,Telephone Field,recover-20221013,001,1795
921.9555,921.9643,29765,40296,Eptesicus serotinus,0.007,0.022,-1,Echolocation,/mnt/ubna_data_02_mir/recover-20221013/UBNA_001/20221012_030000.WAV,Telephone Field,recover-20221013,001,1795
921.9785,921.9863,27187,36399,Eptesicus serotinus,0.009,0.023,-1,Echolocation,/mnt/ubna_data_02_mir/recover-20221013/UBNA_001/20221012_030000.WAV,Telephone Field,recover-20221013,001,1795
922.0015,922.0123,23750,30407,Nyctalus leisleri,0.017,0.042,-1,Echolocation,/mnt/ubna_data_02_mir/recover-20221013/UBNA_001/20221012_030000.WAV,Telephone Field,recover-20221013,001,1795
922.0075,922.0187,23750,29396,Nyctalus leisleri,0.016,0.035,-1,Echolocation,/mnt/ubna_data_02_mir/recover-20221013/UBNA_001/20221012_030000.WAV,Telephone Field,recover-20221013,001,1795
922.0155,922.0256,50390,55463,Pipistrellus pipistrellus,0.021,0.025,-1,Echolocation,/mnt/ubna_data_02_mir/recover-20221013/UBNA_001/20221012_030000.WAV,Telephone Field,recover-20221013,001,1795
922.0365,922.0511,20312,24855,Nyctalus leisleri,0.016,0.039,-1,Echolocation,/mnt/ubna_data_02_mir/recover-20221013/UBNA_001/20221012_030000.WAV,Telephone Field,recover-20221013,001,1795
922.0415,922.0814,68437,82694,Rhinolophus ferrumequinum,0.023,0.023,-1,Echolocation,/mnt/ubna_data_02_mir/recover-20221013/UBNA_001/20221012_030000.WAV,Telephone Field,recover-20221013,001,1795
922.0525,922.094,68437,82388,Rhinolophus ferrumequinum,0.023,0.023,-1,Echolocation,/mnt/ubna_data_02_mir/recover-20221013/UBNA_001/20221012_030000.WAV,Telephone Field,recover-20221013,001,1795
922.0575,922.0671,25468,33184,Eptesicus serotinus,0.008,0.021,-1,Echolocation,/mnt/ubna_data_02_mir/recover-20221013/UBNA_001/20221012_030000.WAV,Telephone Field,recover-20221013,001,1795
922.0605,922.0984,68437,82365,Rhinolophus ferrumequinum,0.021,0.021,-1,Echolocation,/mnt/ubna_data_02_mir/recover-20221013/UBNA_001/20221012_030000.WAV,Telephone Field,recover-20221013,001,1795
922.0775,922.0855,28046,40481,Eptesicus serotinus,0.011,0.029,-1,Echolocation,/mnt/ubna_data_02_mir/recover-20221013/UBNA_001/20221012_030000.WAV,Telephone Field,recover-20221013,001,1795
922.0995,922.1368,68437,82085,Rhinolophus ferrumequinum,0.041,0.041,-1,Echolocation,/mnt/ubna_data_02_mir/recover-20221013/UBNA_001/20221012_030000.WAV,Telephone Field,recover-20221013,001,1795
922.1185,922.1553,68437,81919,Rhinolophus ferrumequinum,0.021,0.021,-1,Echolocation,/mnt/ubna_data_02_mir/recover-20221013/UBNA_001/20221012_030000.WAV,Telephone Field,recover-20221013,001,1795
922.1215,922.1323,24609,32585,Eptesicus serotinus,0.011,0.031,-1,Echolocation,/mnt/ubna_data_02_mir/recover-20221013/UBNA_001/20221012_030000.WAV,Telephone Field,recover-20221013,001,1795
922.1495,922.1855,68437,81530,Rhinolophus ferrumequinum,0.021,0.021,-1,Echolocation,/mnt/ubna_data_02_mir/recover-20221013/UBNA_001/20221012_030000.WAV,Telephone Field,recover-20221013,001,1795
922.2015,922.2421,68437,82437,Rhinolophus ferrumequinum,0.022,0.022,-1,Echolocation,/mnt/ubna_data_02_mir/recover-20221013/UBNA_001/20221012_030000.WAV,Telephone Field,recover-20221013,001,1795
922.2035,922.2129,28046,37913,Eptesicus serotinus,0.01,0.024,-1,Echolocation,/mnt/ubna_data_02_mir/recover-20221013/UBNA_001/20221012_030000.WAV,Telephone Field,recover-20221013,001,1795
922.2145,922.2236,28046,37447,Eptesicus serotinus,0.009,0.022,-1,Echolocation,/mnt/ubna_data_02_mir/recover-20221013/UBNA_001/20221012_030000.WAV,Telephone Field,recover-20221013,001,1795
922.2335,922.2711,68437,82249,Rhinolophus ferrumequinum,0.022,0.022,-1,Echolocation,/mnt/ubna_data_02_mir/recover-20221013/UBNA_001/20221012_030000.WAV,Telephone Field,recover-20221013,001,1795
922.2835,922.3214,68437,81910,Rhinolophus ferrumequinum,0.03,0.03,-1,Echolocation,/mnt/ubna_data_02_mir/recover-20221013/UBNA_001/20221012_030000.WAV,Telephone Field,recover-20221013,001,1795
922.2845,922.293,27187,40336,Eptesicus serotinus,0.008,0.023,-1,Echolocation,/mnt/ubna_data_02_mir/recover-20221013/UBNA_001/20221012_030000.WAV,Telephone Field,recover-20221013,001,1795
922.3115,922.3186,26328,39092,Eptesicus serotinus,0.007,0.026,-1,Echolocation,/mnt/ubna_data_02_mir/recover-20221013/UBNA_001/20221012_030000.WAV,Telephone Field,recover-20221013,001,1795
922.3325,922.3417,28906,38599,Eptesicus serotinus,0.012,0.028,-1,Echolocation,/mnt/ubna_data_02_mir/recover-20221013/UBNA_001/20221012_030000.WAV,Telephone Field,recover-20221013,001,1795
922.3465,922.382,68437,81867,Rhinolophus ferrumequinum,0.022,0.022,-1,Echolocation,/mnt/ubna_data_02_mir/recover-20221013/UBNA_001/20221012_030000.WAV,Telephone Field,recover-20221013,001,1795
922.3765,922.418,68437,82783,Rhinolophus ferrumequinum,0.027,0.027,-1,Echolocation,/mnt/ubna_data_02_mir/recover-20221013/UBNA_001/20221012_030000.WAV,Telephone Field,recover-20221013,001,1795
922.3785,922.3865,33203,44834,Myotis daubentonii,0.009,0.021,-1,Echolocation,/mnt/ubna_data_02_mir/recover-20221013/UBNA_001/20221012_030000.WAV,Telephone Field,recover-20221013,001,1795
922.3835,922.3937,22890,27601,Nyctalus leisleri,0.01,0.022,-1,Echolocation,/mnt/ubna_data_02_mir/recover-20221013/UBNA_001/20221012_030000.WAV,Telephone Field,recover-20221013,001,1795
922.4315,922.4721,68437,82663,Rhinolophus ferrumequinum,0.023,0.023,-1,Echolocation,/mnt/ubna_data_02_mir/recover-20221013/UBNA_001/20221012_030000.WAV,Telephone Field,recover-20221013,001,1795
922.4535,922.4925,68437,82363,Rhinolophus ferrumequinum,0.022,0.022,-1,Echolocation,/mnt/ubna_data_02_mir/recover-20221013/UBNA_001/20221012_030000.WAV,Telephone Field,recover-20221013,001,1795
922.4635,922.5051,68437,82167,Rhinolophus ferrumequinum,0.021,0.022,-1,Echolocation,/mnt/ubna_data_02_mir/recover-20221013/UBNA_001/20221012_030000.WAV,Telephone Field,recover-20221013,001,1795
922.4645,922.4758,24609,31151,Nyctalus leisleri,0.011,0.027,-1,Echolocation,/mnt/ubna_data_02_mir/recover-20221013/UBNA_001/20221012_030000.WAV,Telephone Field,recover-20221013,001,1795
922.4715,922.5145,68437,83537,Rhinolophus ferrumequinum,0.027,0.027,-1,Echolocation,/mnt/ubna_data_02_mir/recover-20221013/UBNA_001/20221012_030000.WAV,Telephone Field,recover-20221013,001,1795
922.5155,922.5573,68437,82580,Rhinolophus ferrumequinum,0.025,0.025,-1,Echolocation,/mnt/ubna_data_02_mir/recover-20221013/UBNA_001/20221012_030000.WAV,Telephone Field,recover-20221013,001,1795
922.5175,922.5262,34062,40812,Barbastellus barbastellus,0.012,0.027,-1,Echolocation,/mnt/ubna_data_02_mir/recover-20221013/UBNA_001/20221012_030000.WAV,Telephone Field,recover-20221013,001,1795
922.5595,922.5669,27187,37248,Eptesicus serotinus,0.008,0.025,-1,Echolocation,/mnt/ubna_data_02_mir/recover-20221013/UBNA_001/20221012_030000.WAV,Telephone Field,recover-20221013,001,1795
922.5705,922.5766,24609,35053,Plecotus austriacus,0.021,0.044,-1,Echolocation,/mnt/ubna_data_02_mir/recover-20221013/UBNA_001/20221012_030000.WAV,Telephone Field,recover-20221013,001,1795
922.5875,922.6248,68437,81659,Rhinolophus ferrumequinum,0.028,0.028,-1,Echolocation,/mnt/ubna_data_02_mir/recover-20221013/UBNA_001/20221012_030000.WAV,Telephone Field,recover-20221013,001,1795
922.6325,922.6434,28046,34472,Eptesicus serotinus,0.016,0.03,-1,Echolocation,/mnt/ubna_data_02_mir/recover-20221013/UBNA_001/20221012_030000.WAV,Telephone Field,recover-20221013,001,1795
922.7005,922.7089,28906,38141,Eptesicus serotinus,0.007,0.021,-1,Echolocation,/mnt/ubna_data_02_mir/recover-20221013/UBNA_001/20221012_030000.WAV,Telephone Field,recover-20221013,001,1795
922.7255,922.7656,68437,82130,Rhinolophus ferrumequinum,0.022,0.022,-1,Echolocation,/mnt/ubna_data_02_mir/recover-20221013/UBNA_001/20221012_030000.WAV,Telephone Field,recover-20221013,001,1795
922.7275,922.737,28046,37037,Eptesicus serotinus,0.009,0.021,-1,Echolocation,/mnt/ubna_data_02_mir/recover-20221013/UBNA_001/20221012_030000.WAV,Telephone Field,recover-20221013,001,1795
922.7705,922.7824,24609,30074,Nyctalus leisleri,0.023,0.052,-1,Echolocation,/mnt/ubna_data_02_mir/recover-20221013/UBNA_001/20221012_030000.WAV,Telephone Field,recover-20221013,001,1795
922.7835,922.8204,68437,81584,Rhinolophus ferrumequinum,0.021,0.021,-1,Echolocation,/mnt/ubna_data_02_mir/recover-20221013/UBNA_001/20221012_030000.WAV,Telephone Field,recover-20221013,001,1795
922.7855,922.7967,32343,37562,Eptesicus serotinus,0.006,0.023,-1,Echolocation,/mnt/ubna_data_02_mir/recover-20221013/UBNA_001/20221012_030000.WAV,Telephone Field,recover-20221013,001,1795
922.7865,922.7958,28046,36161,Eptesicus serotinus,0.009,0.024,-1,Echolocation,/mnt/ubna_data_02_mir/recover-20221013/UBNA_001/20221012_030000.WAV,Telephone Field,recover-20221013,001,1795
922.8115,922.8496,68437,82542,Rhinolophus ferrumequinum,0.024,0.024,-1,Echolocation,/mnt/ubna_data_02_mir/recover-20221013/UBNA_001/20221012_030000.WAV,Telephone Field,recover-20221013,001,1795
922.8255,922.8348,28906,38905,Eptesicus serotinus,0.008,0.021,-1,Echolocation,/mnt/ubna_data_02_mir/recover-20221013/UBNA_001/20221012_030000.WAV,Telephone Field,recover-20221013,001,1795
922.8585,922.8982,68437,82469,Rhinolophus ferrumequinum,0.029,0.029,-1,Echolocation,/mnt/ubna_data_02_mir/recover-20221013/UBNA_001/20221012_030000.WAV,Telephone Field,recover-20221013,001,1795
922.8755,922.8833,46093,50560,Pipistrellus pipistrellus,0.027,0.028,-1,Echolocation,/mnt/ubna_data_02_mir/recover-20221013/UBNA_001/20221012_030000.WAV,Telephone Field,recover-20221013,001,1795
922.8795,922.9177999999999,68437,82580,Rhinolophus ferrumequinum,0.022,0.022,-1,Echolocation,/mnt/ubna_data_02_mir/recover-20221013/UBNA_001/20221012_030000.WAV,Telephone Field,recover-20221013,001,1795
922.9075,922.9155,27187,41844,Eptesicus serotinus,0.007,0.023,-1,Echolocation,/mnt/ubna_data_02_mir/recover-20221013/UBNA_001/20221012_030000.WAV,Telephone Field,recover-20221013,001,1795
922.9185,922.927,28046,37906,Eptesicus serotinus,0.007,0.021,-1,Echolocation,/mnt/ubna_data_02_mir/recover-20221013/UBNA_001/20221012_030000.WAV,Telephone Field,recover-20221013,001,1795
922.9505,922.959,28046,38909,Eptesicus serotinus,0.008,0.021,-1,Echolocation,/mnt/ubna_data_02_mir/recover-20221013/UBNA_001/20221012_030000.WAV,Telephone Field,recover-20221013,001,1795
922.9605,923.0001,68437,81259,Rhinolophus ferrumequinum,0.026,0.026,-1,Echolocation,/mnt/ubna_data_02_mir/recover-20221013/UBNA_001/20221012_030000.WAV,Telephone Field,recover-20221013,001,1795
922.9935,923.0034,22890,29448,Nyctalus leisleri,0.009,0.025,-1,Echolocation,/mnt/ubna_data_02_mir/recover-20221013/UBNA_001/20221012_030000.WAV,Telephone Field,recover-20221013,001,1795
923.0055,923.0188,28906,35217,Eptesicus serotinus,0.017,0.03,-1,Echolocation,/mnt/ubna_data_02_mir/recover-20221013/UBNA_001/20221012_030000.WAV,Telephone Field,recover-20221013,001,1795
923.0325,923.0688,68437,80903,Rhinolophus ferrumequinum,0.022,0.022,-1,Echolocation,/mnt/ubna_data_02_mir/recover-20221013/UBNA_001/20221012_030000.WAV,Telephone Field,recover-20221013,001,1795
923.0425,923.0742,68437,80359,Rhinolophus ferrumequinum,0.021,0.022,-1,Echolocation,/mnt/ubna_data_02_mir/recover-20221013/UBNA_001/20221012_030000.WAV,Telephone Field,recover-20221013,001,1795
923.0515,923.0663,14296,17786,Nyctalus noctula,0.041,0.062,-1,Echolocation,/mnt/ubna_data_02_mir/recover-20221013/UBNA_001/20221012_030000.WAV,Telephone Field,recover-20221013,001,1795
923.1045,923.1454,68437,82447,Rhinolophus ferrumequinum,0.021,0.021,-1,Echolocation,/mnt/ubna_data_02_mir/recover-20221013/UBNA_001/20221012_030000.WAV,Telephone Field,recover-20221013,001,1795
923.1395,923.181,68437,82817,Rhinolophus ferrumequinum,0.021,0.021,-1,Echolocation,/mnt/ubna_data_02_mir/recover-20221013/UBNA_001/20221012_030000.WAV,Telephone Field,recover-20221013,001,1795
923.1425,923.1528,22031,26736,Nyctalus leisleri,0.009,0.021,-1,Echolocation,/mnt/ubna_data_02_mir/recover-20221013/UBNA_001/20221012_030000.WAV,Telephone Field,recover-20221013,001,1795
923.1565,923.193,68437,81849,Rhinolophus ferrumequinum,0.021,0.021,-1,Echolocation,/mnt/ubna_data_02_mir/recover-20221013/UBNA_001/20221012_030000.WAV,Telephone Field,recover-20221013,001,1795
923.2075,923.2446,68437,81743,Rhinolophus ferrumequinum,0.022,0.022,-1,Echolocation,/mnt/ubna_data_02_mir/recover-20221013/UBNA_001/20221012_030000.WAV,Telephone Field,recover-20221013,001,1795
923.2325,923.2719,68437,82629,Rhinolophus ferrumequinum,0.021,0.021,-1,Echolocation,/mnt/ubna_data_02_mir/recover-20221013/UBNA_001/20221012_030000.WAV,Telephone Field,recover-20221013,001,1795
923.2355,923.2419,28046,38631,Eptesicus serotinus,0.006,0.026,-1,Echolocation,/mnt/ubna_data_02_mir/recover-20221013/UBNA_001/20221012_030000.WAV,Telephone Field,recover-20221013,001,1795
923.2365,923.2465,22890,28339,Nyctalus leisleri,0.012,0.026,-1,Echolocation,/mnt/ubna_data_02_mir/recover-20221013/UBNA_001/20221012_030000.WAV,Telephone Field,recover-20221013,001,1795
923.2905,923.2983,28046,39591,Eptesicus serotinus,0.007,0.021,-1,Echolocation,/mnt/ubna_data_02_mir/recover-20221013/UBNA_001/20221012_030000.WAV,Telephone Field,recover-20221013,001,1795
923.3075,923.3196,25468,31470,Eptesicus serotinus,0.02,0.05,-1,Echolocation,/mnt/ubna_data_02_mir/recover-20221013/UBNA_001/20221012_030000.WAV,Telephone Field,recover-20221013,001,1795
923.3345,923.3717,68437,81358,Rhinolophus ferrumequinum,0.038,0.038,-1,Echolocation,/mnt/ubna_data_02_mir/recover-20221013/UBNA_001/20221012_030000.WAV,Telephone Field,recover-20221013,001,1795
923.3725,923.4157,68437,82787,Rhinolophus ferrumequinum,0.025,0.025,-1,Echolocation,/mnt/ubna_data_02_mir/recover-20221013/UBNA_001/20221012_030000.WAV,Telephone Field,recover-20221013,001,1795
923.3795,923.4196,68437,82650,Rhinolophus ferrumequinum,0.021,0.021,-1,Echolocation,/mnt/ubna_data_02_mir/recover-20221013/UBNA_001/20221012_030000.WAV,Telephone Field,recover-20221013,001,1795
923.3865,923.4268,68437,82572,Rhinolophus ferrumequinum,0.022,0.022,-1,Echolocation,/mnt/ubna_data_02_mir/recover-20221013/UBNA_001/20221012_030000.WAV,Telephone Field,recover-20221013,001,1795
923.3935,923.4028,50390,54247,Pipistrellus pipistrellus,0.016,0.022,-1,Echolocation,/mnt/ubna_data_02_mir/recover-20221013/UBNA_001/20221012_030000.WAV,Telephone Field,recover-20221013,001,1795
923.4065,923.4179,22890,28562,Nyctalus leisleri,0.017,0.043,-1,Echolocation,/mnt/ubna_data_02_mir/recover-20221013/UBNA_001/20221012_030000.WAV,Telephone Field,recover-20221013,001,1795
923.4215,923.4595,68437,82429,Rhinolophus ferrumequinum,0.023,0.024,-1,Echolocation,/mnt/ubna_data_02_mir/recover-20221013/UBNA_001/20221012_030000.WAV,Telephone Field,recover-20221013,001,1795
923.4595,923.4967,68437,82412,Rhinolophus ferrumequinum,0.024,0.024,-1,Echolocation,/mnt/ubna_data_02_mir/recover-20221013/UBNA_001/20221012_030000.WAV,Telephone Field,recover-20221013,001,1795
923.4875,923.4961,27187,39269,Eptesicus serotinus,0.007,0.021,-1,Echolocation,/mnt/ubna_data_02_mir/recover-20221013/UBNA_001/20221012_030000.WAV,Telephone Field,recover-20221013,001,1795
923.4905,923.5,37500,43049,Barbastellus barbastellus,0.007,0.023,-1,Echolocation,/mnt/ubna_data_02_mir/recover-20221013/UBNA_001/20221012_030000.WAV,Telephone Field,recover-20221013,001,1795
923.5135,923.5531,68437,82775,Rhinolophus ferrumequinum,0.021,0.021,-1,Echolocation,/mnt/ubna_data_02_mir/recover-20221013/UBNA_001/20221012_030000.WAV,Telephone Field,recover-20221013,001,1795
923.5195,923.5296,22031,27039,Nyctalus leisleri,0.009,0.021,-1,Echolocation,/mnt/ubna_data_02_mir/recover-20221013/UBNA_001/20221012_030000.WAV,Telephone Field,recover-20221013,001,1795
923.5345,923.572,68437,82095,Rhinolophus ferrumequinum,0.021,0.021,-1,Echolocation,/mnt/ubna_data_02_mir/recover-20221013/UBNA_001/20221012_030000.WAV,Telephone Field,recover-20221013,001,1795
923.5525,923.591,68437,81516,Rhinolophus ferrumequinum,0.022,0.022,-1,Echolocation,/mnt/ubna_data_02_mir/recover-20221013/UBNA_001/20221012_030000.WAV,Telephone Field,recover-20221013,001,1795
923.5745,923.6154,68437,82891,Rhinolophus ferrumequinum,0.024,0.024,-1,Echolocation,/mnt/ubna_data_02_mir/recover-20221013/UBNA_001/20221012_030000.WAV,Telephone Field,recover-20221013,001,1795
923.5895,923.6304,68437,82465,Rhinolophus ferrumequinum,0.024,0.024,-1,Echolocation,/mnt/ubna_data_02_mir/recover-20221013/UBNA_001/20221012_030000.WAV,Telephone Field,recover-20221013,001,1795
923.6195,923.6565,68437,81176,Rhinolophus ferrumequinum,0.022,0.022,-1,Echolocation,/mnt/ubna_data_02_mir/recover-20221013/UBNA_001/20221012_030000.WAV,Telephone Field,recover-20221013,001,1795
923.6445,923.6564,23750,29344,Nyctalus leisleri,0.011,0.022,-1,Echolocation,/mnt/ubna_data_02_mir/recover-20221013/UBNA_001/20221012_030000.WAV,Telephone Field,recover-20221013,001,1795
923.6935,923.7329,68437,82962,Rhinolophus ferrumequinum,0.029,0.03,-1,Echolocation,/mnt/ubna_data_02_mir/recover-20221013/UBNA_001/20221012_030000.WAV,Telephone Field,recover-20221013,001,1795
923.7085,923.717,22890,31208,Plecotus austriacus,0.018,0.047,-1,Echolocation,/mnt/ubna_data_02_mir/recover-20221013/UBNA_001/20221012_030000.WAV,Telephone Field,recover-20221013,001,1795
923.7235000000001,923.7635,68437,82664,Rhinolophus ferrumequinum,0.023,0.023,-1,Echolocation,/mnt/ubna_data_02_mir/recover-20221013/UBNA_001/20221012_030000.WAV,Telephone Field,recover-20221013,001,1795
923.7245,923.7427,21171,24135,Nyctalus leisleri,0.021,0.034,-1,Echolocation,/mnt/ubna_data_02_mir/recover-20221013/UBNA_001/20221012_030000.WAV,Telephone Field,recover-20221013,001,1795
923.7605,923.7704,26328,33830,Eptesicus serotinus,0.012,0.028,-1,Echolocation,/mnt/ubna_data_02_mir/recover-20221013/UBNA_001/20221012_030000.WAV,Telephone Field,recover-20221013,001,1795
923.8305,923.8393,28046,37365,Eptesicus serotinus,0.008,0.022,-1,Echolocation,/mnt/ubna_data_02_mir/recover-20221013/UBNA_001/20221012_030000.WAV,Telephone Field,recover-20221013,001,1795
923.8545,923.8664,24609,30152,Nyctalus leisleri,0.013,0.03,-1,Echolocation,/mnt/ubna_data_02_mir/recover-20221013/UBNA_001/20221012_030000.WAV,Telephone Field,recover-20221013,001,1795
923.8665,923.8752,48671,54113,Pipistrellus pipistrellus,0.021,0.022,-1,Echolocation,/mnt/ubna_data_02_mir/recover-20221013/UBNA_001/20221012_030000.WAV,Telephone Field,recover-20221013,001,1795
923.9565,923.9735000000001,20312,23646,Nyctalus leisleri,0.015,0.028,-1,Echolocation,/mnt/ubna_data_02_mir/recover-20221013/UBNA_001/20221012_030000.WAV,Telephone Field,recover-20221013,001,1795
923.9785,923.9859,23750,32600,Plecotus austriacus,0.009,0.023,-1,Echolocation,/mnt/ubna_data_02_mir/recover-20221013/UBNA_001/20221012_030000.WAV,Telephone Field,recover-20221013,001,1795
923.9785,923.9852,28906,38775,Eptesicus serotinus,0.007,0.025,-1,Echolocation,/mnt/ubna_data_02_mir/recover-20221013/UBNA_001/20221012_030000.WAV,Telephone Field,recover-20221013,001,1795
924.0015,924.0088,48671,54495,Pipistrellus pipistrellus,0.016,0.021,-1,Echolocation,/mnt/ubna_data_02_mir/recover-20221013/UBNA_001/20221012_030000.WAV,Telephone Field,recover-20221013,001,1795
924.0015,924.0107,21171,28755,Nyctalus leisleri,0.009,0.028,-1,Echolocation,/mnt/ubna_data_02_mir/recover-20221013/UBNA_001/20221012_030000.WAV,Telephone Field,recover-20221013,001,1795
924.0015,924.0101,25468,35857,Nyctalus leisleri,0.008,0.029,-1,Echolocation,/mnt/ubna_data_02_mir/recover-20221013/UBNA_001/20221012_030000.WAV,Telephone Field,recover-20221013,001,1795
924.0015,924.0329,68437,81415,Rhinolophus ferrumequinum,0.041,0.041,-1,Echolocation,/mnt/ubna_data_02_mir/recover-20221013/UBNA_001/20221012_030000.WAV,Telephone Field,recover-20221013,001,1795
924.0115,924.0562,68437,83110,Rhinolophus ferrumequinum,0.029,0.029,-1,Echolocation,/mnt/ubna_data_02_mir/recover-20221013/UBNA_001/20221012_030000.WAV,Telephone Field,recover-20221013,001,1795
924.0425,924.0517,27187,38891,Eptesicus serotinus,0.009,0.022,-1,Echolocation,/mnt/ubna_data_02_mir/recover-20221013/UBNA_001/20221012_030000.WAV,Telephone Field,recover-20221013,001,1795
924.0555,924.0943,68437,82180,Rhinolophus ferrumequinum,0.03,0.03,-1,Echolocation,/mnt/ubna_data_02_mir/recover-20221013/UBNA_001/20221012_030000.WAV,Telephone Field,recover-20221013,001,1795
924.0635,924.0787,22890,27218,Nyctalus leisleri,0.036,0.064,-1,Echolocation,/mnt/ubna_data_02_mir/recover-20221013/UBNA_001/20221012_030000.WAV,Telephone Field,recover-20221013,001,1795
924.0655,924.1034,68437,81966,Rhinolophus ferrumequinum,0.026,0.026,-1,Echolocation,/mnt/ubna_data_02_mir/recover-20221013/UBNA_001/20221012_030000.WAV,Telephone Field,recover-20221013,001,1795
924.0875,924.1267,68437,82115,Rhinolophus ferrumequinum,0.022,0.022,-1,Echolocation,/mnt/ubna_data_02_mir/recover-20221013/UBNA_001/20221012_030000.WAV,Telephone Field,recover-20221013,001,1795
924.1375,924.1758,68437,81756,Rhinolophus ferrumequinum,0.022,0.022,-1,Echolocation,/mnt/ubna_data_02_mir/recover-20221013/UBNA_001/20221012_030000.WAV,Telephone Field,recover-20221013,001,1795
924.1455,924.1538,28046,37729,Eptesicus serotinus,0.007,0.021,-1,Echolocation,/mnt/ubna_data_02_mir/recover-20221013/UBNA_001/20221012_030000.WAV,Telephone Field,recover-20221013,001,1795
924.1475,924.1596,35781,39626,Pipistrellus nathusii,0.015,0.03,-1,Echolocation,/mnt/ubna_data_02_mir/recover-20221013/UBNA_001/20221012_030000.WAV,Telephone Field,recover-20221013,001,1795
924.1645,924.1749,27187,34952,Eptesicus serotinus,0.011,0.022,-1,Echolocation,/mnt/ubna_data_02_mir/recover-20221013/UBNA_001/20221012_030000.WAV,Telephone Field,recover-20221013,001,1795
924.1775,924.1943,23750,28606,Nyctalus leisleri,0.021,0.042,-1,Echolocation,/mnt/ubna_data_02_mir/recover-20221013/UBNA_001/20221012_030000.WAV,Telephone Field,recover-20221013,001,1795
924.1795,924.2162,68437,81792,Rhinolophus ferrumequinum,0.021,0.021,-1,Echolocation,/mnt/ubna_data_02_mir/recover-20221013/UBNA_001/20221012_030000.WAV,Telephone Field,recover-20221013,001,1795
924.1965,924.2343,68437,82611,Rhinolophus ferrumequinum,0.021,0.022,-1,Echolocation,/mnt/ubna_data_02_mir/recover-20221013/UBNA_001/20221012_030000.WAV,Telephone Field,recover-20221013,001,1795
924.2235000000001,924.263,68437,82730,Rhinolophus ferrumequinum,0.021,0.021,-1,Echolocation,/mnt/ubna_data_02_mir/recover-20221013/UBNA_001/20221012_030000.WAV,Telephone Field,recover-20221013,001,1795
924.2585,924.2982,68437,82305,Rhinolophus ferrumequinum,0.022,0.022,-1,Echolocation,/mnt/ubna_data_02_mir/recover-20221013/UBNA_001/20221012_030000.WAV,Telephone Field,recover-20221013,001,1795
924.2764999999999,924.3146,68437,82295,Rhinolophus ferrumequinum,0.027,0.027,-1,Echolocation,/mnt/ubna_data_02_mir/recover-20221013/UBNA_001/20221012_030000.WAV,Telephone Field,recover-20221013,001,1795
924.2855,924.2921,26328,40664,Eptesicus serotinus,0.006,0.021,-1,Echolocation,/mnt/ubna_data_02_mir/recover-20221013/UBNA_001/20221012_030000.WAV,Telephone Field,recover-20221013,001,1795
924.3435,924.3829,68437,82138,Rhinolophus ferrumequinum,0.024,0.025,-1,Echolocation,/mnt/ubna_data_02_mir/recover-20221013/UBNA_001/20221012_030000.WAV,Telephone Field,recover-20221013,001,1795
924.3485000000001,924.36,22031,26128,Nyctalus leisleri,0.012,0.022,-1,Echolocation,/mnt/ubna_data_02_mir/recover-20221013/UBNA_001/20221012_030000.WAV,Telephone Field,recover-20221013,001,1795
924.3515,924.3872,68437,81798,Rhinolophus ferrumequinum,0.021,0.021,-1,Echolocation,/mnt/ubna_data_02_mir/recover-20221013/UBNA_001/20221012_030000.WAV,Telephone Field,recover-20221013,001,1795
924.3595,924.3957,68437,81490,Rhinolophus ferrumequinum,0.022,0.022,-1,Echolocation,/mnt/ubna_data_02_mir/recover-20221013/UBNA_001/20221012_030000.WAV,Telephone Field,recover-20221013,001,1795
924.3885,924.397,25468,34117,Eptesicus serotinus,0.008,0.022,-1,Echolocation,/mnt/ubna_data_02_mir/recover-20221013/UBNA_001/20221012_030000.WAV,Telephone Field,recover-20221013,001,1795
924.4205,924.4604,68437,82239,Rhinolophus ferrumequinum,0.024,0.024,-1,Echolocation,/mnt/ubna_data_02_mir/recover-20221013/UBNA_001/20221012_030000.WAV,Telephone Field,recover-20221013,001,1795
924.4255,924.4336,28906,40443,Eptesicus serotinus,0.008,0.022,-1,Echolocation,/mnt/ubna_data_02_mir/recover-20221013/UBNA_001/20221012_030000.WAV,Telephone Field,recover-20221013,001,1795
924.4395,924.4753,68437,81360,Rhinolophus ferrumequinum,0.021,0.021,-1,Echolocation,/mnt/ubna_data_02_mir/recover-20221013/UBNA_001/20221012_030000.WAV,Telephone Field,recover-20221013,001,1795
924.4425,924.4512,28906,36961,Eptesicus serotinus,0.009,0.024,-1,Echolocation,/mnt/ubna_data_02_mir/recover-20221013/UBNA_001/20221012_030000.WAV,Telephone Field,recover-20221013,001,1795
924.4585,924.4966,68437,81719,Rhinolophus ferrumequinum,0.022,0.022,-1,Echolocation,/mnt/ubna_data_02_mir/recover-20221013/UBNA_001/20221012_030000.WAV,Telephone Field,recover-20221013,001,1795
924.4805,924.5143,68437,81411,Rhinolophus ferrumequinum,0.02,0.021,-1,Echolocation,/mnt/ubna_data_02_mir/recover-20221013/UBNA_001/20221012_030000.WAV,Telephone Field,recover-20221013,001,1795
924.4925,924.5014,26328,35597,Eptesicus serotinus,0.014,0.035,-1,Echolocation,/mnt/ubna_data_02_mir/recover-20221013/UBNA_001/20221012_030000.WAV,Telephone Field,recover-20221013,001,1795
924.5065,924.5463,68437,82604,Rhinolophus ferrumequinum,0.029,0.029,-1,Echolocation,/mnt/ubna_data_02_mir/recover-20221013/UBNA_001/20221012_030000.WAV,Telephone Field,recover-20221013,001,1795
924.5135,924.5232,23750,30011,Nyctalus leisleri,0.01,0.024,-1,Echolocation,/mnt/ubna_data_02_mir/recover-20221013/UBNA_001/20221012_030000.WAV,Telephone Field,recover-20221013,001,1795
924.5264999999999,924.5351,27187,38914,Eptesicus serotinus,0.007,0.021,-1,Echolocation,/mnt/ubna_data_02_mir/recover-20221013/UBNA_001/20221012_030000.WAV,Telephone Field,recover-20221013,001,1795
924.5415,924.5795,68437,82005,Rhinolophus ferrumequinum,0.024,0.024,-1,Echolocation,/mnt/ubna_data_02_mir/recover-20221013/UBNA_001/20221012_030000.WAV,Telephone Field,recover-20221013,001,1795
924.5765,924.6147,68437,82053,Rhinolophus ferrumequinum,0.039,0.039,-1,Echolocation,/mnt/ubna_data_02_mir/recover-20221013/UBNA_001/20221012_030000.WAV,Telephone Field,recover-20221013,001,1795
924.5995,924.6109,22890,27606,Nyctalus leisleri,0.014,0.028,-1,Echolocation,/mnt/ubna_data_02_mir/recover-20221013/UBNA_001/20221012_030000.WAV,Telephone Field,recover-20221013,001,1795
924.6105,924.6509,68437,82327,Rhinolophus ferrumequinum,0.021,0.021,-1,Echolocation,/mnt/ubna_data_02_mir/recover-20221013/UBNA_001/20221012_030000.WAV,Telephone Field,recover-20221013,001,1795
924.6514999999999,924.6685,20312,24263,Nyctalus noctula,0.025,0.052,-1,Echolocation,/mnt/ubna_data_02_mir/recover-20221013/UBNA_001/20221012_030000.WAV,Telephone Field,recover-20221013,001,1795
924.6765,924.7153,68437,81731,Rhinolophus ferrumequinum,0.021,0.021,-1,Echolocation,/mnt/ubna_data_02_mir/recover-20221013/UBNA_001/20221012_030000.WAV,Telephone Field,recover-20221013,001,1795
924.7065,924.7151,28046,37288,Eptesicus serotinus,0.009,0.023,-1,Echolocation,/mnt/ubna_data_02_mir/recover-20221013/UBNA_001/20221012_030000.WAV,Telephone Field,recover-20221013,001,1795
924.7185,924.7273,37500,43232,Barbastellus barbastellus,0.007,0.021,-1,Echolocation,/mnt/ubna_data_02_mir/recover-20221013/UBNA_001/20221012_030000.WAV,Telephone Field,recover-20221013,001,1795
924.7195,924.7544,68437,81464,Rhinolophus ferrumequinum,0.022,0.022,-1,Echolocation,/mnt/ubna_data_02_mir/recover-20221013/UBNA_001/20221012_030000.WAV,Telephone Field,recover-20221013,001,1795
924.7445,924.7847,68437,81734,Rhinolophus ferrumequinum,0.022,0.022,-1,Echolocation,/mnt/ubna_data_02_mir/recover-20221013/UBNA_001/20221012_030000.WAV,Telephone Field,recover-20221013,001,1795
924.7465,924.7559,28906,37135,Eptesicus serotinus,0.009,0.024,-1,Echolocation,/mnt/ubna_data_02_mir/recover-20221013/UBNA_001/20221012_030000.WAV,Telephone Field,recover-20221013,001,1795
924.7945,924.8024,28046,39051,Eptesicus serotinus,0.007,0.021,-1,Echolocation,/mnt/ubna_data_02_mir/recover-20221013/UBNA_001/20221012_030000.WAV,Telephone Field,recover-20221013,001,1795
924.8195,924.8569,68437,82115,Rhinolophus ferrumequinum,0.027,0.027,-1,Echolocation,/mnt/ubna_data_02_mir/recover-20221013/UBNA_001/20221012_030000.WAV,Telephone Field,recover-20221013,001,1795
924.8375,924.8811,68437,82865,Rhinolophus ferrumequinum,0.037,0.037,-1,Echolocation,/mnt/ubna_data_02_mir/recover-20221013/UBNA_001/20221012_030000.WAV,Telephone Field,recover-20221013,001,1795
924.8715,924.8812,22890,29563,Nyctalus leisleri,0.009,0.023,-1,Echolocation,/mnt/ubna_data_02_mir/recover-20221013/UBNA_001/20221012_030000.WAV,Telephone Field,recover-20221013,001,1795
924.8755,924.9122,68437,81677,Rhinolophus ferrumequinum,0.022,0.022,-1,Echolocation,/mnt/ubna_data_02_mir/recover-20221013/UBNA_001/20221012_030000.WAV,Telephone Field,recover-20221013,001,1795
924.8905,924.8991,22890,29694,Plecotus austriacus,0.01,0.024,-1,Echolocation,/mnt/ubna_data_02_mir/recover-20221013/UBNA_001/20221012_030000.WAV,Telephone Field,recover-20221013,001,1795
924.8975,924.9371,68437,82490,Rhinolophus ferrumequinum,0.03,0.03,-1,Echolocation,/mnt/ubna_data_02_mir/recover-20221013/UBNA_001/20221012_030000.WAV,Telephone Field,recover-20221013,001,1795
924.9625,925.0047,68437,82554,Rhinolophus ferrumequinum,0.024,0.024,-1,Echolocation,/mnt/ubna_data_02_mir/recover-20221013/UBNA_001/20221012_030000.WAV,Telephone Field,recover-20221013,001,1795
924.9985,925.034,68437,82117,Rhinolophus ferrumequinum,0.023,0.023,-1,Echolocation,/mnt/ubna_data_02_mir/recover-20221013/UBNA_001/20221012_030000.WAV,Telephone Field,recover-20221013,001,1795
925.0075,925.0165,28046,40125,Eptesicus serotinus,0.009,0.023,-1,Echolocation,/mnt/ubna_data_02_mir/recover-20221013/UBNA_001/20221012_030000.WAV,Telephone Field,recover-20221013,001,1795
925.0465,925.0566,42656,44622,Pipistrellus pipistrellus,0.042,0.046,-1,Echolocation,/mnt/ubna_data_02_mir/recover-20221013/UBNA_001/20221012_030000.WAV,Telephone Field,recover-20221013,001,1795
925.0595,925.0681,24609,33119,Eptesicus serotinus,0.007,0.023,-1,Echolocation,/mnt/ubna_data_02_mir/recover-20221013/UBNA_001/20221012_030000.WAV,Telephone Field,recover-20221013,001,1795
925.0985000000001,925.1057,17734,27569,Plecotus auritus,0.031,0.066,-1,Echolocation,/mnt/ubna_data_02_mir/recover-20221013/UBNA_001/20221012_030000.WAV,Telephone Field,recover-20221013,001,1795
925.1015,925.1411,68437,82381,Rhinolophus ferrumequinum,0.021,0.021,-1,Echolocation,/mnt/ubna_data_02_mir/recover-20221013/UBNA_001/20221012_030000.WAV,Telephone Field,recover-20221013,001,1795
925.1345,925.1735,68437,82148,Rhinolophus ferrumequinum,0.022,0.022,-1,Echolocation,/mnt/ubna_data_02_mir/recover-20221013/UBNA_001/20221012_030000.WAV,Telephone Field,recover-20221013,001,1795
925.1635,925.2027,68437,81872,Rhinolophus ferrumequinum,0.022,0.022,-1,Echolocation,/mnt/ubna_data_02_mir/recover-20221013/UBNA_001/20221012_030000.WAV,Telephone Field,recover-20221013,001,1795
925.2115,925.219,28046,38152,Eptesicus serotinus,0.006,0.022,-1,Echolocation,/mnt/ubna_data_02_mir/recover-20221013/UBNA_001/20221012_030000.WAV,Telephone Field,recover-20221013,001,1795
925.2615,925.2708,28046,36910,Eptesicus serotinus,0.009,0.022,-1,Echolocation,/mnt/ubna_data_02_mir/recover-20221013/UBNA_001/20221012_030000.WAV,Telephone Field,recover-20221013,001,1795
925.2835,925.3253,68437,82890,Rhinolophus ferrumequinum,0.028,0.028,-1,Echolocation,/mnt/ubna_data_02_mir/recover-20221013/UBNA_001/20221012_030000.WAV,Telephone Field,recover-20221013,001,1795
925.3275,925.3357,23750,31985,Plecotus austriacus,0.01,0.027,-1,Echolocation,/mnt/ubna_data_02_mir/recover-20221013/UBNA_001/20221012_030000.WAV,Telephone Field,recover-20221013,001,1795
925.3645,925.3728,26328,40369,Eptesicus serotinus,0.007,0.021,-1,Echolocation,/mnt/ubna_data_02_mir/recover-20221013/UBNA_001/20221012_030000.WAV,Telephone Field,recover-20221013,001,1795
925.3725,925.4107,68437,82947,Rhinolophus ferrumequinum,0.021,0.021,-1,Echolocation,/mnt/ubna_data_02_mir/recover-20221013/UBNA_001/20221012_030000.WAV,Telephone Field,recover-20221013,001,1795
925.3735,925.3825,24609,31708,Nyctalus leisleri,0.007,0.022,-1,Echolocation,/mnt/ubna_data_02_mir/recover-20221013/UBNA_001/20221012_030000.WAV,Telephone Field,recover-20221013,001,1795
925.4295,925.4675,68437,81607,Rhinolophus ferrumequinum,0.021,0.021,-1,Echolocation,/mnt/ubna_data_02_mir/recover-20221013/UBNA_001/20221012_030000.WAV,Telephone Field,recover-20221013,001,1795
925.4455,925.484,68437,81760,Rhinolophus ferrumequinum,0.022,0.022,-1,Echolocation,/mnt/ubna_data_02_mir/recover-20221013/UBNA_001/20221012_030000.WAV,Telephone Field,recover-20221013,001,1795
925.4755,925.5132,68437,82089,Rhinolophus ferrumequinum,0.021,0.021,-1,Echolocation,/mnt/ubna_data_02_mir/recover-20221013/UBNA_001/20221012_030000.WAV,Telephone Field,recover-20221013,001,1795
925.5325,925.5694,68437,81983,Rhinolophus ferrumequinum,0.021,0.021,-1,Echolocation,/mnt/ubna_data_02_mir/recover-20221013/UBNA_001/20221012_030000.WAV,Telephone Field,recover-20221013,001,1795
925.5355,925.5441,26328,37891,Eptesicus serotinus,0.008,0.023,-1,Echolocation,/mnt/ubna_data_02_mir/recover-20221013/UBNA_001/20221012_030000.WAV,Telephone Field,recover-20221013,001,1795
925.5445,925.5564,23750,29476,Nyctalus leisleri,0.013,0.03,-1,Echolocation,/mnt/ubna_data_02_mir/recover-20221013/UBNA_001/20221012_030000.WAV,Telephone Field,recover-20221013,001,1795
925.5665,925.6035,68437,81832,Rhinolophus ferrumequinum,0.021,0.021,-1,Echolocation,/mnt/ubna_data_02_mir/recover-20221013/UBNA_001/20221012_030000.WAV,Telephone Field,recover-20221013,001,1795
925.5805,925.616,68437,81769,Rhinolophus ferrumequinum,0.022,0.022,-1,Echolocation,/mnt/ubna_data_02_mir/recover-20221013/UBNA_001/20221012_030000.WAV,Telephone Field,recover-20221013,001,1795
925.5825,925.5891,34921,42823,Myotis daubentonii,0.008,0.022,-1,Echolocation,/mnt/ubna_data_02_mir/recover-20221013/UBNA_001/20221012_030000.WAV,Telephone Field,recover-20221013,001,1795
925.5825,925.5902,28046,38947,Eptesicus serotinus,0.007,0.021,-1,Echolocation,/mnt/ubna_data_02_mir/recover-20221013/UBNA_001/20221012_030000.WAV,Telephone Field,recover-20221013,001,1795
925.6005,925.6104,23750,29818,Nyctalus leisleri,0.009,0.021,-1,Echolocation,/mnt/ubna_data_02_mir/recover-20221013/UBNA_001/20221012_030000.WAV,Telephone Field,recover-20221013,001,1795
925.6145,925.625,22890,28384,Nyctalus leisleri,0.009,0.021,-1,Echolocation,/mnt/ubna_data_02_mir/recover-20221013/UBNA_001/20221012_030000.WAV,Telephone Field,recover-20221013,001,1795
925.6615,925.7016,68437,82507,Rhinolophus ferrumequinum,0.023,0.023,-1,Echolocation,/mnt/ubna_data_02_mir/recover-20221013/UBNA_001/20221012_030000.WAV,Telephone Field,recover-20221013,001,1795
925.6685,925.7084,68437,82445,Rhinolophus ferrumequinum,0.021,0.022,-1,Echolocation,/mnt/ubna_data_02_mir/recover-20221013/UBNA_001/20221012_030000.WAV,Telephone Field,recover-20221013,001,1795
925.6685,925.6807,23750,30154,Nyctalus leisleri,0.01,0.026,-1,Echolocation,/mnt/ubna_data_02_mir/recover-20221013/UBNA_001/20221012_030000.WAV,Telephone Field,recover-20221013,001,1795
925.6745,925.6893,23750,28382,Nyctalus leisleri,0.013,0.027,-1,Echolocation,/mnt/ubna_data_02_mir/recover-20221013/UBNA_001/20221012_030000.WAV,Telephone Field,recover-20221013,001,1795
925.7175,925.7566,68437,81880,Rhinolophus ferrumequinum,0.022,0.022,-1,Echolocation,/mnt/ubna_data_02_mir/recover-20221013/UBNA_001/20221012_030000.WAV,Telephone Field,recover-20221013,001,1795
925.7485,925.7861,68437,82108,Rhinolophus ferrumequinum,0.024,0.024,-1,Echolocation,/mnt/ubna_data_02_mir/recover-20221013/UBNA_001/20221012_030000.WAV,Telephone Field,recover-20221013,001,1795
925.7615,925.799,68437,82193,Rhinolophus ferrumequinum,0.021,0.021,-1,Echolocation,/mnt/ubna_data_02_mir/recover-20221013/UBNA_001/20221012_030000.WAV,Telephone Field,recover-20221013,001,1795
925.7685,925.7796,22890,28646,Nyctalus leisleri,0.01,0.023,-1,Echolocation,/mnt/ubna_data_02_mir/recover-20221013/UBNA_001/20221012_030000.WAV,Telephone Field,recover-20221013,001,1795
925.7705,925.7817,32343,38032,Eptesicus serotinus,0.008,0.026,-1,Echolocation,/mnt/ubna_data_02_mir/recover-20221013/UBNA_001/20221012_030000.WAV,Telephone Field,recover-20221013,001,1795
925.7764999999999,925.7898,42656,46581,Pipistrellus pipistrellus,0.016,0.023,-1,Echolocation,/mnt/ubna_data_02_mir/recover-20221013/UBNA_001/20221012_030000.WAV,Telephone Field,recover-20221013,001,1795
925.7925,925.8307,68437,82078,Rhinolophus ferrumequinum,0.022,0.022,-1,Echolocation,/mnt/ubna_data_02_mir/recover-20221013/UBNA_001/20221012_030000.WAV,Telephone Field,recover-20221013,001,1795
925.8065,925.845,68437,82131,Rhinolophus ferrumequinum,0.021,0.021,-1,Echolocation,/mnt/ubna_data_02_mir/recover-20221013/UBNA_001/20221012_030000.WAV,Telephone Field,recover-20221013,001,1795
925.8305,925.8676,68437,81434,Rhinolophus ferrumequinum,0.023,0.024,-1,Echolocation,/mnt/ubna_data_02_mir/recover-20221013/UBNA_001/20221012_030000.WAV,Telephone Field,recover-20221013,001,1795
925.8325,925.8415,46953,52184,Pipistrellus pipistrellus,0.045,0.047,-1,Echolocation,/mnt/ubna_data_02_mir/recover-20221013/UBNA_001/20221012_030000.WAV,Telephone Field,recover-20221013,001,1795
925.8565,925.8984,68437,83185,Rhinolophus ferrumequinum,0.034,0.034,-1,Echolocation,/mnt/ubna_data_02_mir/recover-20221013/UBNA_001/20221012_030000.WAV,Telephone Field,recover-20221013,001,1795
925.8905,925.9004,22031,29119,Plecotus austriacus,0.01,0.026,-1,Echolocation,/mnt/ubna_data_02_mir/recover-20221013/UBNA_001/20221012_030000.WAV,Telephone Field,recover-20221013,001,1795
925.9245,925.9645,68437,82595,Rhinolophus ferrumequinum,0.027,0.027,-1,Echolocation,/mnt/ubna_data_02_mir/recover-20221013/UBNA_001/20221012_030000.WAV,Telephone Field,recover-20221013,001,1795
925.9435,925.9517,28906,39469,Eptesicus serotinus,0.007,0.021,-1,Echolocation,/mnt/ubna_data_02_mir/recover-20221013/UBNA_001/20221012_030000.WAV,Telephone Field,recover-20221013,001,1795
926.0015,926.0325,69296,81747,Rhinolophus ferrumequinum,0.024,0.024,-1,Echolocation,/mnt/ubna_data_02_mir/recover-20221013/UBNA_001/20221012_030000.WAV,Telephone Field,recover-20221013,001,1795
926.0015,926.0104,26328,37524,Nyctalus leisleri,0.008,0.029,-1,Echolocation,/mnt/ubna_data_02_mir/recover-20221013/UBNA_001/20221012_030000.WAV,Telephone Field,recover-20221013,001,1795
926.0095,926.0515,68437,82471,Rhinolophus ferrumequinum,0.021,0.021,-1,Echolocation,/mnt/ubna_data_02_mir/recover-20221013/UBNA_001/20221012_030000.WAV,Telephone Field,recover-20221013,001,1795
926.0185,926.028,28046,39563,Eptesicus serotinus,0.011,0.026,-1,Echolocation,/mnt/ubna_data_02_mir/recover-20221013/UBNA_001/20221012_030000.WAV,Telephone Field,recover-20221013,001,1795
926.0205,926.062,68437,82500,Rhinolophus ferrumequinum,0.021,0.021,-1,Echolocation,/mnt/ubna_data_02_mir/recover-20221013/UBNA_001/20221012_030000.WAV,Telephone Field,recover-20221013,001,1795
926.0765,926.1147,68437,82089,Rhinolophus ferrumequinum,0.024,0.024,-1,Echolocation,/mnt/ubna_data_02_mir/recover-20221013/UBNA_001/20221012_030000.WAV,Telephone Field,recover-20221013,001,1795
926.1045,926.1122,27187,40094,Eptesicus serotinus,0.007,0.021,-1,Echolocation,/mnt/ubna_data_02_mir/recover-20221013/UBNA_001/20221012_030000.WAV,Telephone Field,recover-20221013,001,1795
926.1055,926.1436,68437,81769,Rhinolophus ferrumequinum,0.023,0.023,-1,Echolocation,/mnt/ubna_data_02_mir/recover-20221013/UBNA_001/20221012_030000.WAV,Telephone Field,recover-20221013,001,1795
926.1325,926.1725,68437,82679,Rhinolophus ferrumequinum,0.024,0.024,-1,Echolocation,/mnt/ubna_data_02_mir/recover-20221013/UBNA_001/20221012_030000.WAV,Telephone Field,recover-20221013,001,1795
926.1345,926.1444,27187,35570,Eptesicus serotinus,0.009,0.022,-1,Echolocation,/mnt/ubna_data_02_mir/recover-20221013/UBNA_001/20221012_030000.WAV,Telephone Field,recover-20221013,001,1795
926.1575,926.1952,68437,81727,Rhinolophus ferrumequinum,0.022,0.022,-1,Echolocation,/mnt/ubna_data_02_mir/recover-20221013/UBNA_001/20221012_030000.WAV,Telephone Field,recover-20221013,001,1795
926.1745,926.2151,68437,82072,Rhinolophus ferrumequinum,0.026,0.026,-1,Echolocation,/mnt/ubna_data_02_mir/recover-20221013/UBNA_001/20221012_030000.WAV,Telephone Field,recover-20221013,001,1795
926.1835,926.2213,68437,81998,Rhinolophus ferrumequinum,0.023,0.023,-1,Echolocation,/mnt/ubna_data_02_mir/recover-20221013/UBNA_001/20221012_030000.WAV,Telephone Field,recover-20221013,001,1795
926.2045,926.2139,28046,38644,Eptesicus serotinus,0.011,0.024,-1,Echolocation,/mnt/ubna_data_02_mir/recover-20221013/UBNA_001/20221012_030000.WAV,Telephone Field,recover-20221013,001,1795
926.2085,926.2524,68437,83457,Rhinolophus ferrumequinum,0.032,0.032,-1,Echolocation,/mnt/ubna_data_02_mir/recover-20221013/UBNA_001/20221012_030000.WAV,Telephone Field,recover-20221013,001,1795
926.2505,926.2875,68437,81771,Rhinolophus ferrumequinum,0.023,0.023,-1,Echolocation,/mnt/ubna_data_02_mir/recover-20221013/UBNA_001/20221012_030000.WAV,Telephone Field,recover-20221013,001,1795
926.2525,926.261,27187,36816,Eptesicus serotinus,0.01,0.027,-1,Echolocation,/mnt/ubna_data_02_mir/recover-20221013/UBNA_001/20221012_030000.WAV,Telephone Field,recover-20221013,001,1795
926.2595,926.2976,68437,82009,Rhinolophus ferrumequinum,0.021,0.021,-1,Echolocation,/mnt/ubna_data_02_mir/recover-20221013/UBNA_001/20221012_030000.WAV,Telephone Field,recover-20221013,001,1795
926.2945,926.3318,68437,81858,Rhinolophus ferrumequinum,0.022,0.022,-1,Echolocation,/mnt/ubna_data_02_mir/recover-20221013/UBNA_001/20221012_030000.WAV,Telephone Field,recover-20221013,001,1795
926.3185,926.356,68437,82039,Rhinolophus ferrumequinum,0.024,0.024,-1,Echolocation,/mnt/ubna_data_02_mir/recover-20221013/UBNA_001/20221012_030000.WAV,Telephone Field,recover-20221013,001,1795
926.3335,926.344,23750,30197,Nyctalus leisleri,0.008,0.022,-1,Echolocation,/mnt/ubna_data_02_mir/recover-20221013/UBNA_001/20221012_030000.WAV,Telephone Field,recover-20221013,001,1795
926.3735,926.414,68437,82841,Rhinolophus ferrumequinum,0.026,0.026,-1,Echolocation,/mnt/ubna_data_02_mir/recover-20221013/UBNA_001/20221012_030000.WAV,Telephone Field,recover-20221013,001,1795
926.3995,926.4093,28906,37298,Eptesicus serotinus,0.008,0.022,-1,Echolocation,/mnt/ubna_data_02_mir/recover-20221013/UBNA_001/20221012_030000.WAV,Telephone Field,recover-20221013,001,1795
926.4215,926.4322,22890,28197,Nyctalus leisleri,0.009,0.022,-1,Echolocation,/mnt/ubna_data_02_mir/recover-20221013/UBNA_001/20221012_030000.WAV,Telephone Field,recover-20221013,001,1795
926.4435,926.4844,68437,82353,Rhinolophus ferrumequinum,0.024,0.024,-1,Echolocation,/mnt/ubna_data_02_mir/recover-20221013/UBNA_001/20221012_030000.WAV,Telephone Field,recover-20221013,001,1795
926.4665,926.4769,27187,35055,Eptesicus serotinus,0.011,0.024,-1,Echolocation,/mnt/ubna_data_02_mir/recover-20221013/UBNA_001/20221012_030000.WAV,Telephone Field,recover-20221013,001,1795
926.4685,926.5104,68437,82736,Rhinolophus ferrumequinum,0.032,0.032,-1,Echolocation,/mnt/ubna_data_02_mir/recover-20221013/UBNA_001/20221012_030000.WAV,Telephone Field,recover-20221013,001,1795
926.5045,926.5143,28906,36702,Eptesicus serotinus,0.01,0.024,-1,Echolocation,/mnt/ubna_data_02_mir/recover-20221013/UBNA_001/20221012_030000.WAV,Telephone Field,recover-20221013,001,1795
926.5205,926.5566,68437,81181,Rhinolophus ferrumequinum,0.021,0.021,-1,Echolocation,/mnt/ubna_data_02_mir/recover-20221013/UBNA_001/20221012_030000.WAV,Telephone Field,recover-20221013,001,1795
926.5264999999999,926.5369,25468,32735,Eptesicus serotinus,0.009,0.023,-1,Echolocation,/mnt/ubna_data_02_mir/recover-20221013/UBNA_001/20221012_030000.WAV,Telephone Field,recover-20221013,001,1795
926.5355,926.5454,28046,37728,Eptesicus serotinus,0.009,0.021,-1,Echolocation,/mnt/ubna_data_02_mir/recover-20221013/UBNA_001/20221012_030000.WAV,Telephone Field,recover-20221013,001,1795
926.5355,926.5718,68437,81956,Rhinolophus ferrumequinum,0.022,0.022,-1,Echolocation,/mnt/ubna_data_02_mir/recover-20221013/UBNA_001/20221012_030000.WAV,Telephone Field,recover-20221013,001,1795
926.5585,926.5975,68437,81934,Rhinolophus ferrumequinum,0.024,0.024,-1,Echolocation,/mnt/ubna_data_02_mir/recover-20221013/UBNA_001/20221012_030000.WAV,Telephone Field,recover-20221013,001,1795
926.5665,926.6012,68437,81447,Rhinolophus ferrumequinum,0.025,0.025,-1,Echolocation,/mnt/ubna_data_02_mir/recover-20221013/UBNA_001/20221012_030000.WAV,Telephone Field,recover-20221013,001,1795
926.6055,926.6141,25468,33506,Eptesicus serotinus,0.007,0.022,-1,Echolocation,/mnt/ubna_data_02_mir/recover-20221013/UBNA_001/20221012_030000.WAV,Telephone Field,recover-20221013,001,1795
926.6305,926.6699,68437,82420,Rhinolophus ferrumequinum,0.027,0.027,-1,Echolocation,/mnt/ubna_data_02_mir/recover-20221013/UBNA_001/20221012_030000.WAV,Telephone Field,recover-20221013,001,1795
926.6535,926.6923,68437,81947,Rhinolophus ferrumequinum,0.03,0.03,-1,Echolocation,/mnt/ubna_data_02_mir/recover-20221013/UBNA_001/20221012_030000.WAV,Telephone Field,recover-20221013,001,1795
926.6665,926.6741,28046,38159,Eptesicus serotinus,0.015,0.038,-1,Echolocation,/mnt/ubna_data_02_mir/recover-20221013/UBNA_001/20221012_030000.WAV,Telephone Field,recover-20221013,001,1795
926.6735,926.7091,68437,81669,Rhinolophus ferrumequinum,0.021,0.021,-1,Echolocation,/mnt/ubna_data_02_mir/recover-20221013/UBNA_001/20221012_030000.WAV,Telephone Field,recover-20221013,001,1795
926.6955,926.7343,68437,82361,Rhinolophus ferrumequinum,0.027,0.027,-1,Echolocation,/mnt/ubna_data_02_mir/recover-20221013/UBNA_001/20221012_030000.WAV,Telephone Field,recover-20221013,001,1795
926.7035,926.7112,15156,25881,Plecotus auritus,0.021,0.029,-1,Echolocation,/mnt/ubna_data_02_mir/recover-20221013/UBNA_001/20221012_030000.WAV,Telephone Field,recover-20221013,001,1795
926.7155,926.7252,22890,29362,Nyctalus leisleri,0.009,0.024,-1,Echolocation,/mnt/ubna_data_02_mir/recover-20221013/UBNA_001/20221012_030000.WAV,Telephone Field,recover-20221013,001,1795
926.7175,926.7542,68437,82062,Rhinolophus ferrumequinum,0.023,0.023,-1,Echolocation,/mnt/ubna_data_02_mir/recover-20221013/UBNA_001/20221012_030000.WAV,Telephone Field,recover-20221013,001,1795
926.7315,926.7726,68437,82923,Rhinolophus ferrumequinum,0.03,0.03,-1,Echolocation,/mnt/ubna_data_02_mir/recover-20221013/UBNA_001/20221012_030000.WAV,Telephone Field,recover-20221013,001,1795
926.7315,926.7438,22890,27801,Nyctalus leisleri,0.011,0.021,-1,Echolocation,/mnt/ubna_data_02_mir/recover-20221013/UBNA_001/20221012_030000.WAV,Telephone Field,recover-20221013,001,1795
926.7535,926.7621,28046,39707,Eptesicus serotinus,0.008,0.023,-1,Echolocation,/mnt/ubna_data_02_mir/recover-20221013/UBNA_001/20221012_030000.WAV,Telephone Field,recover-20221013,001,1795
926.7555,926.766,22890,27686,Nyctalus leisleri,0.012,0.023,-1,Echolocation,/mnt/ubna_data_02_mir/recover-20221013/UBNA_001/20221012_030000.WAV,Telephone Field,recover-20221013,001,1795
926.7685,926.8077,68437,82462,Rhinolophus ferrumequinum,0.022,0.022,-1,Echolocation,/mnt/ubna_data_02_mir/recover-20221013/UBNA_001/20221012_030000.WAV,Telephone Field,recover-20221013,001,1795
926.7845,926.7932,27187,37874,Eptesicus serotinus,0.007,0.021,-1,Echolocation,/mnt/ubna_data_02_mir/recover-20221013/UBNA_001/20221012_030000.WAV,Telephone Field,recover-20221013,001,1795
926.8055,926.8426,68437,81834,Rhinolophus ferrumequinum,0.022,0.022,-1,Echolocation,/mnt/ubna_data_02_mir/recover-20221013/UBNA_001/20221012_030000.WAV,Telephone Field,recover-20221013,001,1795
926.8565,926.8957,68437,82570,Rhinolophus ferrumequinum,0.023,0.023,-1,Echolocation,/mnt/ubna_data_02_mir/recover-20221013/UBNA_001/20221012_030000.WAV,Telephone Field,recover-20221013,001,1795
926.8575,926.8671,25468,33528,Nyctalus leisleri,0.007,0.023,-1,Echolocation,/mnt/ubna_data_02_mir/recover-20221013/UBNA_001/20221012_030000.WAV,Telephone Field,recover-20221013,001,1795
926.8685,926.9094,68437,82586,Rhinolophus ferrumequinum,0.025,0.025,-1,Echolocation,/mnt/ubna_data_02_mir/recover-20221013/UBNA_001/20221012_030000.WAV,Telephone Field,recover-20221013,001,1795
926.8935,926.9018,26328,34674,Eptesicus serotinus,0.01,0.027,-1,Echolocation,/mnt/ubna_data_02_mir/recover-20221013/UBNA_001/20221012_030000.WAV,Telephone Field,recover-20221013,001,1795
926.9005,926.942,68437,82910,Rhinolophus ferrumequinum,0.022,0.022,-1,Echolocation,/mnt/ubna_data_02_mir/recover-20221013/UBNA_001/20221012_030000.WAV,Telephone Field,recover-20221013,001,1795
926.9215,926.961,68437,82231,Rhinolophus ferrumequinum,0.024,0.024,-1,Echolocation,/mnt/ubna_data_02_mir/recover-20221013/UBNA_001/20221012_030000.WAV,Telephone Field,recover-20221013,001,1795
926.9925,927.001,22890,30298,Plecotus austriacus,0.009,0.022,-1,Echolocation,/mnt/ubna_data_02_mir/recover-20221013/UBNA_001/20221012_030000.WAV,Telephone Field,recover-20221013,001,1795
927.0205,927.0604,68437,82183,Rhinolophus ferrumequinum,0.024,0.024,-1,Echolocation,/mnt/ubna_data_02_mir/recover-20221013/UBNA_001/20221012_030000.WAV,Telephone Field,recover-20221013,001,1795
927.0465,927.0828,68437,81542,Rhinolophus ferrumequinum,0.021,0.021,-1,Echolocation,/mnt/ubna_data_02_mir/recover-20221013/UBNA_001/20221012_030000.WAV,Telephone Field,recover-20221013,001,1795
927.0745,927.1149,68437,82866,Rhinolophus ferrumequinum,0.024,0.024,-1,Echolocation,/mnt/ubna_data_02_mir/recover-20221013/UBNA_001/20221012_030000.WAV,Telephone Field,recover-20221013,001,1795
927.1035,927.1108,26328,37809,Eptesicus serotinus,0.007,0.023,-1,Echolocation,/mnt/ubna_data_02_mir/recover-20221013/UBNA_001/20221012_030000.WAV,Telephone Field,recover-20221013,001,1795
927.1275,927.1367,23750,30399,Nyctalus leisleri,0.008,0.022,-1,Echolocation,/mnt/ubna_data_02_mir/recover-20221013/UBNA_001/20221012_030000.WAV,Telephone Field,recover-20221013,001,1795
927.1575,927.1924,68437,81942,Rhinolophus ferrumequinum,0.037,0.037,-1,Echolocation,/mnt/ubna_data_02_mir/recover-20221013/UBNA_001/20221012_030000.WAV,Telephone Field,recover-20221013,001,1795
927.1665,927.1737,26328,37485,Eptesicus serotinus,0.006,0.024,-1,Echolocation,/mnt/ubna_data_02_mir/recover-20221013/UBNA_001/20221012_030000.WAV,Telephone Field,recover-20221013,001,1795
927.1835,927.1924,28046,37650,Eptesicus serotinus,0.008,0.021,-1,Echolocation,/mnt/ubna_data_02_mir/recover-20221013/UBNA_001/20221012_030000.WAV,Telephone Field,recover-20221013,001,1795
927.1925,927.2038,22031,25758,Nyctalus leisleri,0.013,0.022,-1,Echolocation,/mnt/ubna_data_02_mir/recover-20221013/UBNA_001/20221012_030000.WAV,Telephone Field,recover-20221013,001,1795
927.2065,927.2456999999999,68437,82248,Rhinolophus ferrumequinum,0.024,0.024,-1,Echolocation,/mnt/ubna_data_02_mir/recover-20221013/UBNA_001/20221012_030000.WAV,Telephone Field,recover-20221013,001,1795
927.3165,927.324,28046,39829,Eptesicus serotinus,0.007,0.022,-1,Echolocation,/mnt/ubna_data_02_mir/recover-20221013/UBNA_001/20221012_030000.WAV,Telephone Field,recover-20221013,001,1795
927.3235,927.3576,68437,81566,Rhinolophus ferrumequinum,0.022,0.022,-1,Echolocation,/mnt/ubna_data_02_mir/recover-20221013/UBNA_001/20221012_030000.WAV,Telephone Field,recover-20221013,001,1795
927.3465,927.3852,68437,81964,Rhinolophus ferrumequinum,0.023,0.023,-1,Echolocation,/mnt/ubna_data_02_mir/recover-20221013/UBNA_001/20221012_030000.WAV,Telephone Field,recover-20221013,001,1795
927.4275,927.4697,68437,82206,Rhinolophus ferrumequinum,0.037,0.037,-1,Echolocation,/mnt/ubna_data_02_mir/recover-20221013/UBNA_001/20221012_030000.WAV,Telephone Field,recover-20221013,001,1795
927.4415,927.4495,25468,34685,Eptesicus serotinus,0.008,0.024,-1,Echolocation,/mnt/ubna_data_02_mir/recover-20221013/UBNA_001/20221012_030000.WAV,Telephone Field,recover-20221013,001,1795
927.5145,927.5497,68437,81034,Rhinolophus ferrumequinum,0.023,0.023,-1,Echolocation,/mnt/ubna_data_02_mir/recover-20221013/UBNA_001/20221012_030000.WAV,Telephone Field,recover-20221013,001,1795
927.5505,927.5889999999999,68437,81808,Rhinolophus ferrumequinum,0.021,0.021,-1,Echolocation,/mnt/ubna_data_02_mir/recover-20221013/UBNA_001/20221012_030000.WAV,Telephone Field,recover-20221013,001,1795
927.5585,927.5973,68437,82430,Rhinolophus ferrumequinum,0.021,0.021,-1,Echolocation,/mnt/ubna_data_02_mir/recover-20221013/UBNA_001/20221012_030000.WAV,Telephone Field,recover-20221013,001,1795
927.5925,927.6314,68437,82320,Rhinolophus ferrumequinum,0.021,0.021,-1,Echolocation,/mnt/ubna_data_02_mir/recover-20221013/UBNA_001/20221012_030000.WAV,Telephone Field,recover-20221013,001,1795
927.5975,927.6078,22031,26692,Nyctalus leisleri,0.011,0.022,-1,Echolocation,/mnt/ubna_data_02_mir/recover-20221013/UBNA_001/20221012_030000.WAV,Telephone Field,recover-20221013,001,1795
927.6125,927.6227,22031,27389,Nyctalus leisleri,0.009,0.021,-1,Echolocation,/mnt/ubna_data_02_mir/recover-20221013/UBNA_001/20221012_030000.WAV,Telephone Field,recover-20221013,001,1795
927.6285,927.6681,68437,82246,Rhinolophus ferrumequinum,0.022,0.022,-1,Echolocation,/mnt/ubna_data_02_mir/recover-20221013/UBNA_001/20221012_030000.WAV,Telephone Field,recover-20221013,001,1795
927.6355,927.675,68437,82609,Rhinolophus ferrumequinum,0.024,0.024,-1,Echolocation,/mnt/ubna_data_02_mir/recover-20221013/UBNA_001/20221012_030000.WAV,Telephone Field,recover-20221013,001,1795
927.6495,927.6898,68437,82070,Rhinolophus ferrumequinum,0.024,0.024,-1,Echolocation,/mnt/ubna_data_02_mir/recover-20221013/UBNA_001/20221012_030000.WAV,Telephone Field,recover-20221013,001,1795
927.6695,927.7066,68437,81316,Rhinolophus ferrumequinum,0.022,0.022,-1,Echolocation,/mnt/ubna_data_02_mir/recover-20221013/UBNA_001/20221012_030000.WAV,Telephone Field,recover-20221013,001,1795
927.6975,927.7339,68437,82164,Rhinolophus ferrumequinum,0.024,0.024,-1,Echolocation,/mnt/ubna_data_02_mir/recover-20221013/UBNA_001/20221012_030000.WAV,Telephone Field,recover-20221013,001,1795
927.7075,927.7471,68437,82307,Rhinolophus ferrumequinum,0.022,0.022,-1,Echolocation,/mnt/ubna_data_02_mir/recover-20221013/UBNA_001/20221012_030000.WAV,Telephone Field,recover-20221013,001,1795
927.7145,927.7538,68437,81969,Rhinolophus ferrumequinum,0.021,0.021,-1,Echolocation,/mnt/ubna_data_02_mir/recover-20221013/UBNA_001/20221012_030000.WAV,Telephone Field,recover-20221013,001,1795
927.7195,927.7251,27187,43029,Myotis daubentonii,0.007,0.033,-1,Echolocation,/mnt/ubna_data_02_mir/recover-20221013/UBNA_001/20221012_030000.WAV,Telephone Field,recover-20221013,001,1795
927.7195,927.7257,35781,43499,Myotis daubentonii,0.013,0.028,-1,Echolocation,/mnt/ubna_data_02_mir/recover-20221013/UBNA_001/20221012_030000.WAV,Telephone Field,recover-20221013,001,1795
927.7225,927.7581,68437,81707,Rhinolophus ferrumequinum,0.021,0.021,-1,Echolocation,/mnt/ubna_data_02_mir/recover-20221013/UBNA_001/20221012_030000.WAV,Telephone Field,recover-20221013,001,1795
927.8075,927.8261,22031,25492,Nyctalus leisleri,0.02,0.034,-1,Echolocation,/mnt/ubna_data_02_mir/recover-20221013/UBNA_001/20221012_030000.WAV,Telephone Field,recover-20221013,001,1795
927.8155,927.8514,68437,81015,Rhinolophus ferrumequinum,0.024,0.024,-1,Echolocation,/mnt/ubna_data_02_mir/recover-20221013/UBNA_001/20221012_030000.WAV,Telephone Field,recover-20221013,001,1795
927.8385,927.8475,27187,37326,Eptesicus serotinus,0.009,0.021,-1,Echolocation,/mnt/ubna_data_02_mir/recover-20221013/UBNA_001/20221012_030000.WAV,Telephone Field,recover-20221013,001,1795
927.8415,927.8823,68437,82503,Rhinolophus ferrumequinum,0.025,0.025,-1,Echolocation,/mnt/ubna_data_02_mir/recover-20221013/UBNA_001/20221012_030000.WAV,Telephone Field,recover-20221013,001,1795
927.9005,927.9383,68437,81677,Rhinolophus ferrumequinum,0.022,0.022,-1,Echolocation,/mnt/ubna_data_02_mir/recover-20221013/UBNA_001/20221012_030000.WAV,Telephone Field,recover-20221013,001,1795
927.9075,927.9449,68437,81946,Rhinolophus ferrumequinum,0.025,0.025,-1,Echolocation,/mnt/ubna_data_02_mir/recover-20221013/UBNA_001/20221012_030000.WAV,Telephone Field,recover-20221013,001,1795
927.9115,927.9204,28046,39240,Eptesicus serotinus,0.008,0.022,-1,Echolocation,/mnt/ubna_data_02_mir/recover-20221013/UBNA_001/20221012_030000.WAV,Telephone Field,recover-20221013,001,1795
927.9125,927.9237,15156,22052,Nyctalus noctula,0.012,0.021,-1,Echolocation,/mnt/ubna_data_02_mir/recover-20221013/UBNA_001/20221012_030000.WAV,Telephone Field,recover-20221013,001,1795
927.9415,927.9493,28046,40383,Eptesicus serotinus,0.007,0.023,-1,Echolocation,/mnt/ubna_data_02_mir/recover-20221013/UBNA_001/20221012_030000.WAV,Telephone Field,recover-20221013,001,1795
927.9425,927.9806,68437,81977,Rhinolophus ferrumequinum,0.023,0.023,-1,Echolocation,/mnt/ubna_data_02_mir/recover-20221013/UBNA_001/20221012_030000.WAV,Telephone Field,recover-20221013,001,1795
927.9545,927.9914,68437,81567,Rhinolophus ferrumequinum,0.022,0.023,-1,Echolocation,/mnt/ubna_data_02_mir/recover-20221013/UBNA_001/20221012_030000.WAV,Telephone Field,recover-20221013,001,1795
927.9755,927.984,31484,42379,Myotis daubentonii,0.009,0.023,-1,Echolocation,/mnt/ubna_data_02_mir/recover-20221013/UBNA_001/20221012_030000.WAV,Telephone Field,recover-20221013,001,1795
927.9835,927.9916,26328,36462,Eptesicus serotinus,0.007,0.022,-1,Echolocation,/mnt/ubna_data_02_mir/recover-20221013/UBNA_001/20221012_030000.WAV,Telephone Field,recover-20221013,001,1795
928.0015,928.0342,68437,79614,Rhinolophus ferrumequinum,0.036,0.036,-1,Echolocation,/mnt/ubna_data_02_mir/recover-20221013/UBNA_001/20221012_030000.WAV,Telephone Field,recover-20221013,001,1795
928.0015,928.0108,25468,33541,Nyctalus leisleri,0.008,0.026,-1,Echolocation,/mnt/ubna_data_02_mir/recover-20221013/UBNA_001/20221012_030000.WAV,Telephone Field,recover-20221013,001,1795
928.0285,928.0661,68437,81370,Rhinolophus ferrumequinum,0.022,0.022,-1,Echolocation,/mnt/ubna_data_02_mir/recover-20221013/UBNA_001/20221012_030000.WAV,Telephone Field,recover-20221013,001,1795
928.0435,928.0518,28046,38426,Eptesicus serotinus,0.007,0.021,-1,Echolocation,/mnt/ubna_data_02_mir/recover-20221013/UBNA_001/20221012_030000.WAV,Telephone Field,recover-20221013,001,1795
928.0645,928.1029,68437,82020,Rhinolophus ferrumequinum,0.022,0.022,-1,Echolocation,/mnt/ubna_data_02_mir/recover-20221013/UBNA_001/20221012_030000.WAV,Telephone Field,recover-20221013,001,1795
928.0745,928.0842,28046,35814,Eptesicus serotinus,0.008,0.021,-1,Echolocation,/mnt/ubna_data_02_mir/recover-20221013/UBNA_001/20221012_030000.WAV,Telephone Field,recover-20221013,001,1795
928.0825,928.1195,68437,82466,Rhinolophus ferrumequinum,0.022,0.022,-1,Echolocation,/mnt/ubna_data_02_mir/recover-20221013/UBNA_001/20221012_030000.WAV,Telephone Field,recover-20221013,001,1795
928.1055,928.1417,68437,81762,Rhinolophus ferrumequinum,0.023,0.023,-1,Echolocation,/mnt/ubna_data_02_mir/recover-20221013/UBNA_001/20221012_030000.WAV,Telephone Field,recover-20221013,001,1795
928.1115,928.1486,68437,82311,Rhinolophus ferrumequinum,0.023,0.023,-1,Echolocation,/mnt/ubna_data_02_mir/recover-20221013/UBNA_001/20221012_030000.WAV,Telephone Field,recover-20221013,001,1795
928.1155,928.1235,31484,44165,Myotis daubentonii,0.009,0.022,-1,Echolocation,/mnt/ubna_data_02_mir/recover-20221013/UBNA_001/20221012_030000.WAV,Telephone Field,recover-20221013,001,1795
928.1555,928.1655,28906,36976,Eptesicus serotinus,0.013,0.027,-1,Echolocation,/mnt/ubna_data_02_mir/recover-20221013/UBNA_001/20221012_030000.WAV,Telephone Field,recover-20221013,001,1795
928.1825,928.2217,68437,82237,Rhinolophus ferrumequinum,0.024,0.024,-1,Echolocation,/mnt/ubna_data_02_mir/recover-20221013/UBNA_001/20221012_030000.WAV,Telephone Field,recover-20221013,001,1795
928.1955,928.2069,25468,32376,Eptesicus serotinus,0.017,0.039,-1,Echolocation,/mnt/ubna_data_02_mir/recover-20221013/UBNA_001/20221012_030000.WAV,Telephone Field,recover-20221013,001,1795
928.2105,928.2213,46953,50762,Pipistrellus pipistrellus,0.031,0.034,-1,Echolocation,/mnt/ubna_data_02_mir/recover-20221013/UBNA_001/20221012_030000.WAV,Telephone Field,recover-20221013,001,1795
928.2745,928.2839,28046,36821,Eptesicus serotinus,0.011,0.026,-1,Echolocation,/mnt/ubna_data_02_mir/recover-20221013/UBNA_001/20221012_030000.WAV,Telephone Field,recover-20221013,001,1795
928.3295,928.3672,68437,81607,Rhinolophus ferrumequinum,0.022,0.022,-1,Echolocation,/mnt/ubna_data_02_mir/recover-20221013/UBNA_001/20221012_030000.WAV,Telephone Field,recover-20221013,001,1795
928.3485000000001,928.3899,68437,82571,Rhinolophus ferrumequinum,0.025,0.025,-1,Echolocation,/mnt/ubna_data_02_mir/recover-20221013/UBNA_001/20221012_030000.WAV,Telephone Field,recover-20221013,001,1795
928.3785,928.4174,68437,82612,Rhinolophus ferrumequinum,0.026,0.026,-1,Echolocation,/mnt/ubna_data_02_mir/recover-20221013/UBNA_001/20221012_030000.WAV,Telephone Field,recover-20221013,001,1795
928.4525,928.4613,35781,42732,Myotis daubentonii,0.007,0.022,-1,Echolocation,/mnt/ubna_data_02_mir/recover-20221013/UBNA_001/20221012_030000.WAV,Telephone Field,recover-20221013,001,1795
928.4575,928.4653,27187,37715,Eptesicus serotinus,0.007,0.024,-1,Echolocation,/mnt/ubna_data_02_mir/recover-20221013/UBNA_001/20221012_030000.WAV,Telephone Field,recover-20221013,001,1795
928.4675,928.4781,27187,33588,Eptesicus serotinus,0.012,0.025,-1,Echolocation,/mnt/ubna_data_02_mir/recover-20221013/UBNA_001/20221012_030000.WAV,Telephone Field,recover-20221013,001,1795
928.4835,928.5223,68437,82408,Rhinolophus ferrumequinum,0.028,0.028,-1,Echolocation,/mnt/ubna_data_02_mir/recover-20221013/UBNA_001/20221012_030000.WAV,Telephone Field,recover-20221013,001,1795
928.4855,928.4918,47812,59014,Pipistrellus pipistrellus,0.017,0.026,-1,Echolocation,/mnt/ubna_data_02_mir/recover-20221013/UBNA_001/20221012_030000.WAV,Telephone Field,recover-20221013,001,1795
928.4875,928.4977,24609,32074,Eptesicus serotinus,0.007,0.021,-1,Echolocation,/mnt/ubna_data_02_mir/recover-20221013/UBNA_001/20221012_030000.WAV,Telephone Field,recover-20221013,001,1795
928.4955,928.503,47812,51438,Pipistrellus pipistrellus,0.022,0.023,-1,Echolocation,/mnt/ubna_data_02_mir/recover-20221013/UBNA_001/20221012_030000.WAV,Telephone Field,recover-20221013,001,1795
928.4955,928.5048,28046,36388,Eptesicus serotinus,0.01,0.025,-1,Echolocation,/mnt/ubna_data_02_mir/recover-20221013/UBNA_001/20221012_030000.WAV,Telephone Field,recover-20221013,001,1795
928.5405,928.5493,46093,50093,Pipistrellus pipistrellus,0.027,0.028,-1,Echolocation,/mnt/ubna_data_02_mir/recover-20221013/UBNA_001/20221012_030000.WAV,Telephone Field,recover-20221013,001,1795
928.5425,928.5547,22890,27144,Nyctalus leisleri,0.026,0.044,-1,Echolocation,/mnt/ubna_data_02_mir/recover-20221013/UBNA_001/20221012_030000.WAV,Telephone Field,recover-20221013,001,1795
928.5625,928.6032,68437,82521,Rhinolophus ferrumequinum,0.024,0.024,-1,Echolocation,/mnt/ubna_data_02_mir/recover-20221013/UBNA_001/20221012_030000.WAV,Telephone Field,recover-20221013,001,1795
928.5835,928.6216,68437,81959,Rhinolophus ferrumequinum,0.025,0.025,-1,Echolocation,/mnt/ubna_data_02_mir/recover-20221013/UBNA_001/20221012_030000.WAV,Telephone Field,recover-20221013,001,1795
928.5895,928.6298,68437,82497,Rhinolophus ferrumequinum,0.023,0.023,-1,Echolocation,/mnt/ubna_data_02_mir/recover-20221013/UBNA_001/20221012_030000.WAV,Telephone Field,recover-20221013,001,1795
928.5925,928.6011,27187,38298,Eptesicus serotinus,0.008,0.022,-1,Echolocation,/mnt/ubna_data_02_mir/recover-20221013/UBNA_001/20221012_030000.WAV,Telephone Field,recover-20221013,001,1795
928.6155,928.6553,68437,82490,Rhinolophus ferrumequinum,0.022,0.022,-1,Echolocation,/mnt/ubna_data_02_mir/recover-20221013/UBNA_001/20221012_030000.WAV,Telephone Field,recover-20221013,001,1795
928.6225,928.6321,24609,33096,Eptesicus serotinus,0.007,0.024,-1,Echolocation,/mnt/ubna_data_02_mir/recover-20221013/UBNA_001/20221012_030000.WAV,Telephone Field,recover-20221013,001,1795
928.6245,928.663,68437,82232,Rhinolophus ferrumequinum,0.021,0.021,-1,Echolocation,/mnt/ubna_data_02_mir/recover-20221013/UBNA_001/20221012_030000.WAV,Telephone Field,recover-20221013,001,1795
928.6345,928.6447000000001,27187,33239,Eptesicus serotinus,0.014,0.03,-1,Echolocation,/mnt/ubna_data_02_mir/recover-20221013/UBNA_001/20221012_030000.WAV,Telephone Field,recover-20221013,001,1795
928.6545,928.6649,24609,31420,Nyctalus leisleri,0.007,0.021,-1,Echolocation,/mnt/ubna_data_02_mir/recover-20221013/UBNA_001/20221012_030000.WAV,Telephone Field,recover-20221013,001,1795
928.6625,928.7,68437,81950,Rhinolophus ferrumequinum,0.023,0.023,-1,Echolocation,/mnt/ubna_data_02_mir/recover-20221013/UBNA_001/20221012_030000.WAV,Telephone Field,recover-20221013,001,1795
928.6745,928.7187,68437,83414,Rhinolophus ferrumequinum,0.032,0.032,-1,Echolocation,/mnt/ubna_data_02_mir/recover-20221013/UBNA_001/20221012_030000.WAV,Telephone Field,recover-20221013,001,1795
928.6935,928.7363,68437,83805,Rhinolophus ferrumequinum,0.039,0.039,-1,Echolocation,/mnt/ubna_data_02_mir/recover-20221013/UBNA_001/20221012_030000.WAV,Telephone Field,recover-20221013,001,1795
928.7275,928.7679,68437,82603,Rhinolophus ferrumequinum,0.03,0.03,-1,Echolocation,/mnt/ubna_data_02_mir/recover-20221013/UBNA_001/20221012_030000.WAV,Telephone Field,recover-20221013,001,1795
928.7745,928.7828,28046,38347,Eptesicus serotinus,0.008,0.022,-1,Echolocation,/mnt/ubna_data_02_mir/recover-20221013/UBNA_001/20221012_030000.WAV,Telephone Field,recover-20221013,001,1795
928.7755,928.7847,22890,29573,Plecotus austriacus,0.007,0.022,-1,Echolocation,/mnt/ubna_data_02_mir/recover-20221013/UBNA_001/20221012_030000.WAV,Telephone Field,recover-20221013,001,1795
928.7815,928.8178,68437,81680,Rhinolophus ferrumequinum,0.022,0.022,-1,Echolocation,/mnt/ubna_data_02_mir/recover-20221013/UBNA_001/20221012_030000.WAV,Telephone Field,recover-20221013,001,1795
928.8005,928.8099,28046,36579,Eptesicus serotinus,0.009,0.023,-1,Echolocation,/mnt/ubna_data_02_mir/recover-20221013/UBNA_001/20221012_030000.WAV,Telephone Field,recover-20221013,001,1795
928.8175,928.856,68437,81608,Rhinolophus ferrumequinum,0.025,0.025,-1,Echolocation,/mnt/ubna_data_02_mir/recover-20221013/UBNA_001/20221012_030000.WAV,Telephone Field,recover-20221013,001,1795
928.8435,928.8497,26328,39596,Eptesicus serotinus,0.004,0.021,-1,Echolocation,/mnt/ubna_data_02_mir/recover-20221013/UBNA_001/20221012_030000.WAV,Telephone Field,recover-20221013,001,1795
928.8435,928.8524,45234,49073,Pipistrellus pipistrellus,0.022,0.025,-1,Echolocation,/mnt/ubna_data_02_mir/recover-20221013/UBNA_001/20221012_030000.WAV,Telephone Field,recover-20221013,001,1795
928.8465,928.8876,68437,82518,Rhinolophus ferrumequinum,0.032,0.032,-1,Echolocation,/mnt/ubna_data_02_mir/recover-20221013/UBNA_001/20221012_030000.WAV,Telephone Field,recover-20221013,001,1795
928.8655,928.9033,68437,82417,Rhinolophus ferrumequinum,0.024,0.024,-1,Echolocation,/mnt/ubna_data_02_mir/recover-20221013/UBNA_001/20221012_030000.WAV,Telephone Field,recover-20221013,001,1795
928.9385,928.9785,68437,82785,Rhinolophus ferrumequinum,0.024,0.024,-1,Echolocation,/mnt/ubna_data_02_mir/recover-20221013/UBNA_001/20221012_030000.WAV,Telephone Field,recover-20221013,001,1795
928.9665,928.9747,23750,31801,Plecotus austriacus,0.008,0.023,-1,Echolocation,/mnt/ubna_data_02_mir/recover-20221013/UBNA_001/20221012_030000.WAV,Telephone Field,recover-20221013,001,1795
929.0185,929.0338,23750,28164,Nyctalus leisleri,0.03,0.065,-1,Echolocation,/mnt/ubna_data_02_mir/recover-20221013/UBNA_001/20221012_030000.WAV,Telephone Field,recover-20221013,001,1795
929.0405,929.0763,68437,81952,Rhinolophus ferrumequinum,0.023,0.023,-1,Echolocation,/mnt/ubna_data_02_mir/recover-20221013/UBNA_001/20221012_030000.WAV,Telephone Field,recover-20221013,001,1795
929.0565,929.0993,68437,83295,Rhinolophus ferrumequinum,0.033,0.034,-1,Echolocation,/mnt/ubna_data_02_mir/recover-20221013/UBNA_001/20221012_030000.WAV,Telephone Field,recover-20221013,001,1795
929.0975,929.1077,24609,32107,Eptesicus serotinus,0.011,0.027,-1,Echolocation,/mnt/ubna_data_02_mir/recover-20221013/UBNA_001/20221012_030000.WAV,Telephone Field,recover-20221013,001,1795
929.1225,929.1566,68437,81880,Rhinolophus ferrumequinum,0.029,0.03,-1,Echolocation,/mnt/ubna_data_02_mir/recover-20221013/UBNA_001/20221012_030000.WAV,Telephone Field,recover-20221013,001,1795
929.1635,929.1734,24609,31604,Nyctalus leisleri,0.01,0.027,-1,Echolocation,/mnt/ubna_data_02_mir/recover-20221013/UBNA_001/20221012_030000.WAV,Telephone Field,recover-20221013,001,1795
929.1655,929.2045,68437,82419,Rhinolophus ferrumequinum,0.021,0.021,-1,Echolocation,/mnt/ubna_data_02_mir/recover-20221013/UBNA_001/20221012_030000.WAV,Telephone Field,recover-20221013,001,1795
929.1705,929.2101,68437,82118,Rhinolophus ferrumequinum,0.021,0.021,-1,Echolocation,/mnt/ubna_data_02_mir/recover-20221013/UBNA_001/20221012_030000.WAV,Telephone Field,recover-20221013,001,1795
929.1745,929.1835,28046,37805,Eptesicus serotinus,0.012,0.029,-1,Echolocation,/mnt/ubna_data_02_mir/recover-20221013/UBNA_001/20221012_030000.WAV,Telephone Field,recover-20221013,001,1795
929.1865,929.2263,68437,82718,Rhinolophus ferrumequinum,0.03,0.03,-1,Echolocation,/mnt/ubna_data_02_mir/recover-20221013/UBNA_001/20221012_030000.WAV,Telephone Field,recover-20221013,001,1795
929.1945,929.2038,23750,30721,Nyctalus leisleri,0.008,0.025,-1,Echolocation,/mnt/ubna_data_02_mir/recover-20221013/UBNA_001/20221012_030000.WAV,Telephone Field,recover-20221013,001,1795
929.2495,929.2896,68437,82845,Rhinolophus ferrumequinum,0.034,0.034,-1,Echolocation,/mnt/ubna_data_02_mir/recover-20221013/UBNA_001/20221012_030000.WAV,Telephone Field,recover-20221013,001,1795
929.3335,929.3723,68437,82585,Rhinolophus ferrumequinum,0.03,0.03,-1,Echolocation,/mnt/ubna_data_02_mir/recover-20221013/UBNA_001/20221012_030000.WAV,Telephone Field,recover-20221013,001,1795
929.3855,929.4227,68437,81790,Rhinolophus ferrumequinum,0.021,0.021,-1,Echolocation,/mnt/ubna_data_02_mir/recover-20221013/UBNA_001/20221012_030000.WAV,Telephone Field,recover-20221013,001,1795
929.4135,929.454,68437,82617,Rhinolophus ferrumequinum,0.023,0.023,-1,Echolocation,/mnt/ubna_data_02_mir/recover-20221013/UBNA_001/20221012_030000.WAV,Telephone Field,recover-20221013,001,1795
929.4705,929.5127,68437,83367,Rhinolophus ferrumequinum,0.035,0.035,-1,Echolocation,/mnt/ubna_data_02_mir/recover-20221013/UBNA_001/20221012_030000.WAV,Telephone Field,recover-20221013,001,1795
929.4865,929.5267,68437,82396,Rhinolophus ferrumequinum,0.024,0.024,-1,Echolocation,/mnt/ubna_data_02_mir/recover-20221013/UBNA_001/20221012_030000.WAV,Telephone Field,recover-20221013,001,1795
929.5055,929.5439,68437,82197,Rhinolophus ferrumequinum,0.026,0.026,-1,Echolocation,/mnt/ubna_data_02_mir/recover-20221013/UBNA_001/20221012_030000.WAV,Telephone Field,recover-20221013,001,1795
929.5515,929.588,68437,81827,Rhinolophus ferrumequinum,0.022,0.022,-1,Echolocation,/mnt/ubna_data_02_mir/recover-20221013/UBNA_001/20221012_030000.WAV,Telephone Field,recover-20221013,001,1795
929.5965,929.6309,68437,80748,Rhinolophus ferrumequinum,0.021,0.021,-1,Echolocation,/mnt/ubna_data_02_mir/recover-20221013/UBNA_001/20221012_030000.WAV,Telephone Field,recover-20221013,001,1795
929.6145,929.6221,28046,40944,Eptesicus serotinus,0.007,0.022,-1,Echolocation,/mnt/ubna_data_02_mir/recover-20221013/UBNA_001/20221012_030000.WAV,Telephone Field,recover-20221013,001,1795
929.6595,929.7017,68437,83079,Rhinolophus ferrumequinum,0.027,0.027,-1,Echolocation,/mnt/ubna_data_02_mir/recover-20221013/UBNA_001/20221012_030000.WAV,Telephone Field,recover-20221013,001,1795
929.6675,929.707,68437,83255,Rhinolophus ferrumequinum,0.024,0.024,-1,Echolocation,/mnt/ubna_data_02_mir/recover-20221013/UBNA_001/20221012_030000.WAV,Telephone Field,recover-20221013,001,1795
929.6755,929.6823,34921,42866,Myotis daubentonii,0.008,0.024,-1,Echolocation,/mnt/ubna_data_02_mir/recover-20221013/UBNA_001/20221012_030000.WAV,Telephone Field,recover-20221013,001,1795
929.6765,929.6842,28046,37771,Eptesicus serotinus,0.007,0.024,-1,Echolocation,/mnt/ubna_data_02_mir/recover-20221013/UBNA_001/20221012_030000.WAV,Telephone Field,recover-20221013,001,1795
929.7305,929.772,68437,82679,Rhinolophus ferrumequinum,0.022,0.023,-1,Echolocation,/mnt/ubna_data_02_mir/recover-20221013/UBNA_001/20221012_030000.WAV,Telephone Field,recover-20221013,001,1795
929.7655,929.8058,68437,82316,Rhinolophus ferrumequinum,0.023,0.023,-1,Echolocation,/mnt/ubna_data_02_mir/recover-20221013/UBNA_001/20221012_030000.WAV,Telephone Field,recover-20221013,001,1795
929.7755,929.8149,68437,82245,Rhinolophus ferrumequinum,0.022,0.022,-1,Echolocation,/mnt/ubna_data_02_mir/recover-20221013/UBNA_001/20221012_030000.WAV,Telephone Field,recover-20221013,001,1795
929.7885,929.826,68437,82308,Rhinolophus ferrumequinum,0.028,0.028,-1,Echolocation,/mnt/ubna_data_02_mir/recover-20221013/UBNA_001/20221012_030000.WAV,Telephone Field,recover-20221013,001,1795
929.8395,929.8823,68437,83331,Rhinolophus ferrumequinum,0.03,0.03,-1,Echolocation,/mnt/ubna_data_02_mir/recover-20221013/UBNA_001/20221012_030000.WAV,Telephone Field,recover-20221013,001,1795
929.8645,929.8722,28046,40900,Eptesicus serotinus,0.009,0.03,-1,Echolocation,/mnt/ubna_data_02_mir/recover-20221013/UBNA_001/20221012_030000.WAV,Telephone Field,recover-20221013,001,1795
929.8865,929.9261,68437,82301,Rhinolophus ferrumequinum,0.023,0.023,-1,Echolocation,/mnt/ubna_data_02_mir/recover-20221013/UBNA_001/20221012_030000.WAV,Telephone Field,recover-20221013,001,1795
929.9055,929.9419,68437,81689,Rhinolophus ferrumequinum,0.029,0.029,-1,Echolocation,/mnt/ubna_data_02_mir/recover-20221013/UBNA_001/20221012_030000.WAV,Telephone Field,recover-20221013,001,1795
929.9315,929.9703,68437,82579,Rhinolophus ferrumequinum,0.023,0.023,-1,Echolocation,/mnt/ubna_data_02_mir/recover-20221013/UBNA_001/20221012_030000.WAV,Telephone Field,recover-20221013,001,1795
929.9435,929.9799,68437,82017,Rhinolophus ferrumequinum,0.023,0.023,-1,Echolocation,/mnt/ubna_data_02_mir/recover-20221013/UBNA_001/20221012_030000.WAV,Telephone Field,recover-20221013,001,1795
929.9665,929.9769,28906,36083,Eptesicus serotinus,0.009,0.021,-1,Echolocation,/mnt/ubna_data_02_mir/recover-20221013/UBNA_001/20221012_030000.WAV,Telephone Field,recover-20221013,001,1795
930.0015,930.0094,25468,33833,Nyctalus leisleri,0.006,0.024,-1,Echolocation,/mnt/ubna_data_02_mir/recover-20221013/UBNA_001/20221012_030000.WAV,Telephone Field,recover-20221013,001,1795
930.0015,930.0344,68437,79339,Rhinolophus ferrumequinum,0.034,0.034,-1,Echolocation,/mnt/ubna_data_02_mir/recover-20221013/UBNA_001/20221012_030000.WAV,Telephone Field,recover-20221013,001,1795
930.0095,930.0483,68437,81643,Rhinolophus ferrumequinum,0.022,0.022,-1,Echolocation,/mnt/ubna_data_02_mir/recover-20221013/UBNA_001/20221012_030000.WAV,Telephone Field,recover-20221013,001,1795
930.0535,930.0641,22890,28397,Nyctalus leisleri,0.01,0.022,-1,Echolocation,/mnt/ubna_data_02_mir/recover-20221013/UBNA_001/20221012_030000.WAV,Telephone Field,recover-20221013,001,1795
930.0545,930.0896,68437,81526,Rhinolophus ferrumequinum,0.02,0.02,-1,Echolocation,/mnt/ubna_data_02_mir/recover-20221013/UBNA_001/20221012_030000.WAV,Telephone Field,recover-20221013,001,1795
930.1225,930.1288,28906,38507,Eptesicus serotinus,0.005,0.023,-1,Echolocation,/mnt/ubna_data_02_mir/recover-20221013/UBNA_001/20221012_030000.WAV,Telephone Field,recover-20221013,001,1795
930.1235,930.1606,68437,81973,Rhinolophus ferrumequinum,0.022,0.022,-1,Echolocation,/mnt/ubna_data_02_mir/recover-20221013/UBNA_001/20221012_030000.WAV,Telephone Field,recover-20221013,001,1795
930.1425,930.1793,68437,81385,Rhinolophus ferrumequinum,0.023,0.023,-1,Echolocation,/mnt/ubna_data_02_mir/recover-20221013/UBNA_001/20221012_030000.WAV,Telephone Field,recover-20221013,001,1795
930.1465,930.154,27187,39496,Eptesicus serotinus,0.006,0.02,-1,Echolocation,/mnt/ubna_data_02_mir/recover-20221013/UBNA_001/20221012_030000.WAV,Telephone Field,recover-20221013,001,1795
930.1515,930.188,68437,81533,Rhinolophus ferrumequinum,0.022,0.022,-1,Echolocation,/mnt/ubna_data_02_mir/recover-20221013/UBNA_001/20221012_030000.WAV,Telephone Field,recover-20221013,001,1795
930.1605,930.1792,15156,19790,Nyctalus noctula,0.02,0.028,-1,Echolocation,/mnt/ubna_data_02_mir/recover-20221013/UBNA_001/20221012_030000.WAV,Telephone Field,recover-20221013,001,1795
930.1995,930.2395,68437,82051,Rhinolophus ferrumequinum,0.022,0.022,-1,Echolocation,/mnt/ubna_data_02_mir/recover-20221013/UBNA_001/20221012_030000.WAV,Telephone Field,recover-20221013,001,1795
930.2055,930.2422,68437,82104,Rhinolophus ferrumequinum,0.022,0.022,-1,Echolocation,/mnt/ubna_data_02_mir/recover-20221013/UBNA_001/20221012_030000.WAV,Telephone Field,recover-20221013,001,1795
930.2315,930.237,38359,56271,Myotis mystacinus,0.007,0.023,-1,Echolocation,/mnt/ubna_data_02_mir/recover-20221013/UBNA_001/20221012_030000.WAV,Telephone Field,recover-20221013,001,1795
930.2445,930.2839,68437,82220,Rhinolophus ferrumequinum,0.024,0.024,-1,Echolocation,/mnt/ubna_data_02_mir/recover-20221013/UBNA_001/20221012_030000.WAV,Telephone Field,recover-20221013,001,1795
930.2525,930.2877,68437,80687,Rhinolophus ferrumequinum,0.024,0.024,-1,Echolocation,/mnt/ubna_data_02_mir/recover-20221013/UBNA_001/20221012_030000.WAV,Telephone Field,recover-20221013,001,1795
930.2555,930.2638,28046,38262,Eptesicus serotinus,0.008,0.021,-1,Echolocation,/mnt/ubna_data_02_mir/recover-20221013/UBNA_001/20221012_030000.WAV,Telephone Field,recover-20221013,001,1795
930.2965,930.3355,68437,81961,Rhinolophus ferrumequinum,0.025,0.025,-1,Echolocation,/mnt/ubna_data_02_mir/recover-20221013/UBNA_001/20221012_030000.WAV,Telephone Field,recover-20221013,001,1795
930.3105,930.3211,24609,31615,Eptesicus serotinus,0.011,0.026,-1,Echolocation,/mnt/ubna_data_02_mir/recover-20221013/UBNA_001/20221012_030000.WAV,Telephone Field,recover-20221013,001,1795
930.3225,930.3603,68437,82028,Rhinolophus ferrumequinum,0.022,0.022,-1,Echolocation,/mnt/ubna_data_02_mir/recover-20221013/UBNA_001/20221012_030000.WAV,Telephone Field,recover-20221013,001,1795
930.3235,930.331,28046,41296,Eptesicus serotinus,0.008,0.023,-1,Echolocation,/mnt/ubna_data_02_mir/recover-20221013/UBNA_001/20221012_030000.WAV,Telephone Field,recover-20221013,001,1795
930.3395,930.3791,68437,82354,Rhinolophus ferrumequinum,0.024,0.024,-1,Echolocation,/mnt/ubna_data_02_mir/recover-20221013/UBNA_001/20221012_030000.WAV,Telephone Field,recover-20221013,001,1795
930.3475,930.3835,68437,81813,Rhinolophus ferrumequinum,0.022,0.022,-1,Echolocation,/mnt/ubna_data_02_mir/recover-20221013/UBNA_001/20221012_030000.WAV,Telephone Field,recover-20221013,001,1795
930.3715,930.4123,68437,82554,Rhinolophus ferrumequinum,0.022,0.022,-1,Echolocation,/mnt/ubna_data_02_mir/recover-20221013/UBNA_001/20221012_030000.WAV,Telephone Field,recover-20221013,001,1795
930.3785,930.3901,22890,27606,Nyctalus leisleri,0.011,0.02,-1,Echolocation,/mnt/ubna_data_02_mir/recover-20221013/UBNA_001/20221012_030000.WAV,Telephone Field,recover-20221013,001,1795
930.3795,930.421,68437,82955,Rhinolophus ferrumequinum,0.023,0.023,-1,Echolocation,/mnt/ubna_data_02_mir/recover-20221013/UBNA_001/20221012_030000.WAV,Telephone Field,recover-20221013,001,1795
930.4175,930.4561,68437,82324,Rhinolophus ferrumequinum,0.022,0.022,-1,Echolocation,/mnt/ubna_data_02_mir/recover-20221013/UBNA_001/20221012_030000.WAV,Telephone Field,recover-20221013,001,1795
930.4605,930.468,28906,37004,Eptesicus serotinus,0.008,0.027,-1,Echolocation,/mnt/ubna_data_02_mir/recover-20221013/UBNA_001/20221012_030000.WAV,Telephone Field,recover-20221013,001,1795
930.4875,930.495,26328,40206,Eptesicus serotinus,0.006,0.021,-1,Echolocation,/mnt/ubna_data_02_mir/recover-20221013/UBNA_001/20221012_030000.WAV,Telephone Field,recover-20221013,001,1795
930.4915,930.5281,68437,82172,Rhinolophus ferrumequinum,0.024,0.024,-1,Echolocation,/mnt/ubna_data_02_mir/recover-20221013/UBNA_001/20221012_030000.WAV,Telephone Field,recover-20221013,001,1795
930.5275,930.5694,68437,82986,Rhinolophus ferrumequinum,0.025,0.025,-1,Echolocation,/mnt/ubna_data_02_mir/recover-20221013/UBNA_001/20221012_030000.WAV,Telephone Field,recover-20221013,001,1795
930.5695,930.5788,28046,37265,Eptesicus serotinus,0.008,0.02,-1,Echolocation,/mnt/ubna_data_02_mir/recover-20221013/UBNA_001/20221012_030000.WAV,Telephone Field,recover-20221013,001,1795
930.5765,930.586,28046,36073,Eptesicus serotinus,0.009,0.021,-1,Echolocation,/mnt/ubna_data_02_mir/recover-20221013/UBNA_001/20221012_030000.WAV,Telephone Field,recover-20221013,001,1795
930.5875,930.6239,68437,81503,Rhinolophus ferrumequinum,0.021,0.021,-1,Echolocation,/mnt/ubna_data_02_mir/recover-20221013/UBNA_001/20221012_030000.WAV,Telephone Field,recover-20221013,001,1795
930.6125,930.6222,28046,36071,Eptesicus serotinus,0.01,0.021,-1,Echolocation,/mnt/ubna_data_02_mir/recover-20221013/UBNA_001/20221012_030000.WAV,Telephone Field,recover-20221013,001,1795
930.6225,930.6617,68437,82149,Rhinolophus ferrumequinum,0.021,0.021,-1,Echolocation,/mnt/ubna_data_02_mir/recover-20221013/UBNA_001/20221012_030000.WAV,Telephone Field,recover-20221013,001,1795
930.6905,930.7321,68437,83172,Rhinolophus ferrumequinum,0.021,0.021,-1,Echolocation,/mnt/ubna_data_02_mir/recover-20221013/UBNA_001/20221012_030000.WAV,Telephone Field,recover-20221013,001,1795
930.7245,930.7633,68437,81593,Rhinolophus ferrumequinum,0.02,0.02,-1,Echolocation,/mnt/ubna_data_02_mir/recover-20221013/UBNA_001/20221012_030000.WAV,Telephone Field,recover-20221013,001,1795
930.7305,930.7679,68437,81737,Rhinolophus ferrumequinum,0.021,0.021,-1,Echolocation,/mnt/ubna_data_02_mir/recover-20221013/UBNA_001/20221012_030000.WAV,Telephone Field,recover-20221013,001,1795
930.7595,930.8023,68437,82640,Rhinolophus ferrumequinum,0.027,0.027,-1,Echolocation,/mnt/ubna_data_02_mir/recover-20221013/UBNA_001/20221012_030000.WAV,Telephone Field,recover-20221013,001,1795
930.7895,930.8314,68437,82734,Rhinolophus ferrumequinum,0.024,0.024,-1,Echolocation,/mnt/ubna_data_02_mir/recover-20221013/UBNA_001/20221012_030000.WAV,Telephone Field,recover-20221013,001,1795
930.7965,930.8356,68437,82655,Rhinolophus ferrumequinum,0.022,0.022,-1,Echolocation,/mnt/ubna_data_02_mir/recover-20221013/UBNA_001/20221012_030000.WAV,Telephone Field,recover-20221013,001,1795
930.8545,930.8955,68437,82662,Rhinolophus ferrumequinum,0.024,0.024,-1,Echolocation,/mnt/ubna_data_02_mir/recover-20221013/UBNA_001/20221012_030000.WAV,Telephone Field,recover-20221013,001,1795
930.8755,930.912,68437,81650,Rhinolophus ferrumequinum,0.024,0.024,-1,Echolocation,/mnt/ubna_data_02_mir/recover-20221013/UBNA_001/20221012_030000.WAV,Telephone Field,recover-20221013,001,1795
930.8845,930.9229,68437,82148,Rhinolophus ferrumequinum,0.022,0.022,-1,Echolocation,/mnt/ubna_data_02_mir/recover-20221013/UBNA_001/20221012_030000.WAV,Telephone Field,recover-20221013,001,1795
930.9625,931.0,68437,81502,Rhinolophus ferrumequinum,0.02,0.021,-1,Echolocation,/mnt/ubna_data_02_mir/recover-20221013/UBNA_001/20221012_030000.WAV,Telephone Field,recover-20221013,001,1795
930.9635,930.9759,22031,25598,Nyctalus leisleri,0.012,0.02,-1,Echolocation,/mnt/ubna_data_02_mir/recover-20221013/UBNA_001/20221012_030000.WAV,Telephone Field,recover-20221013,001,1795
930.9935,931.029,68437,81162,Rhinolophus ferrumequinum,0.02,0.02,-1,Echolocation,/mnt/ubna_data_02_mir/recover-20221013/UBNA_001/20221012_030000.WAV,Telephone Field,recover-20221013,001,1795
931.0045,931.013,23750,31243,Plecotus austriacus,0.006,0.021,-1,Echolocation,/mnt/ubna_data_02_mir/recover-20221013/UBNA_001/20221012_030000.WAV,Telephone Field,recover-20221013,001,1795
931.0155,931.0555,68437,82498,Rhinolophus ferrumequinum,0.027,0.027,-1,Echolocation,/mnt/ubna_data_02_mir/recover-20221013/UBNA_001/20221012_030000.WAV,Telephone Field,recover-20221013,001,1795
931.0395,931.076,68437,80854,Rhinolophus ferrumequinum,0.026,0.026,-1,Echolocation,/mnt/ubna_data_02_mir/recover-20221013/UBNA_001/20221012_030000.WAV,Telephone Field,recover-20221013,001,1795
931.0715,931.1113,68437,81695,Rhinolophus ferrumequinum,0.02,0.02,-1,Echolocation,/mnt/ubna_data_02_mir/recover-20221013/UBNA_001/20221012_030000.WAV,Telephone Field,recover-20221013,001,1795
931.0825,931.1178,68437,81072,Rhinolophus ferrumequinum,0.02,0.02,-1,Echolocation,/mnt/ubna_data_02_mir/recover-20221013/UBNA_001/20221012_030000.WAV,Telephone Field,recover-20221013,001,1795
931.1365,931.1785,68437,82904,Rhinolophus ferrumequinum,0.021,0.021,-1,Echolocation,/mnt/ubna_data_02_mir/recover-20221013/UBNA_001/20221012_030000.WAV,Telephone Field,recover-20221013,001,1795
931.1375,931.1472,22890,29763,Nyctalus leisleri,0.009,0.026,-1,Echolocation,/mnt/ubna_data_02_mir/recover-20221013/UBNA_001/20221012_030000.WAV,Telephone Field,recover-20221013,001,1795
931.1525,931.193,68437,82238,Rhinolophus ferrumequinum,0.025,0.026,-1,Echolocation,/mnt/ubna_data_02_mir/recover-20221013/UBNA_001/20221012_030000.WAV,Telephone Field,recover-20221013,001,1795
931.1835,931.2204,68437,81739,Rhinolophus ferrumequinum,0.02,0.02,-1,Echolocation,/mnt/ubna_data_02_mir/recover-20221013/UBNA_001/20221012_030000.WAV,Telephone Field,recover-20221013,001,1795
931.1865,931.1957,26328,34068,Eptesicus serotinus,0.009,0.026,-1,Echolocation,/mnt/ubna_data_02_mir/recover-20221013/UBNA_001/20221012_030000.WAV,Telephone Field,recover-20221013,001,1795
931.2035,931.2396,68437,81855,Rhinolophus ferrumequinum,0.021,0.022,-1,Echolocation,/mnt/ubna_data_02_mir/recover-20221013/UBNA_001/20221012_030000.WAV,Telephone Field,recover-20221013,001,1795
931.2095,931.2198,22031,27892,Nyctalus leisleri,0.011,0.03,-1,Echolocation,/mnt/ubna_data_02_mir/recover-20221013/UBNA_001/20221012_030000.WAV,Telephone Field,recover-20221013,001,1795
931.2405,931.2799,68437,82859,Rhinolophus ferrumequinum,0.025,0.025,-1,Echolocation,/mnt/ubna_data_02_mir/recover-20221013/UBNA_001/20221012_030000.WAV,Telephone Field,recover-20221013,001,1795
931.2635,931.3051,68437,83326,Rhinolophus ferrumequinum,0.027,0.027,-1,Echolocation,/mnt/ubna_data_02_mir/recover-20221013/UBNA_001/20221012_030000.WAV,Telephone Field,recover-20221013,001,1795
931.2945,931.3325,68437,82055,Rhinolophus ferrumequinum,0.021,0.021,-1,Echolocation,/mnt/ubna_data_02_mir/recover-20221013/UBNA_001/20221012_030000.WAV,Telephone Field,recover-20221013,001,1795
931.3045,931.3132,23750,31266,Plecotus austriacus,0.007,0.02,-1,Echolocation,/mnt/ubna_data_02_mir/recover-20221013/UBNA_001/20221012_030000.WAV,Telephone Field,recover-20221013,001,1795
931.3255,931.3651,68437,81994,Rhinolophus ferrumequinum,0.023,0.023,-1,Echolocation,/mnt/ubna_data_02_mir/recover-20221013/UBNA_001/20221012_030000.WAV,Telephone Field,recover-20221013,001,1795
931.3305,931.3705,68437,82305,Rhinolophus ferrumequinum,0.023,0.023,-1,Echolocation,/mnt/ubna_data_02_mir/recover-20221013/UBNA_001/20221012_030000.WAV,Telephone Field,recover-20221013,001,1795
931.3585,931.3967,68437,82544,Rhinolophus ferrumequinum,0.022,0.022,-1,Echolocation,/mnt/ubna_data_02_mir/recover-20221013/UBNA_001/20221012_030000.WAV,Telephone Field,recover-20221013,001,1795
931.3795,931.4148,68437,81581,Rhinolophus ferrumequinum,0.021,0.021,-1,Echolocation,/mnt/ubna_data_02_mir/recover-20221013/UBNA_001/20221012_030000.WAV,Telephone Field,recover-20221013,001,1795
931.3995,931.4078,28046,39607,Eptesicus serotinus,0.007,0.021,-1,Echolocation,/mnt/ubna_data_02_mir/recover-20221013/UBNA_001/20221012_030000.WAV,Telephone Field,recover-20221013,001,1795
931.4265,931.4635,68437,81511,Rhinolophus ferrumequinum,0.02,0.02,-1,Echolocation,/mnt/ubna_data_02_mir/recover-20221013/UBNA_001/20221012_030000.WAV,Telephone Field,recover-20221013,001,1795
931.4455,931.4853,68437,82069,Rhinolophus ferrumequinum,0.022,0.023,-1,Echolocation,/mnt/ubna_data_02_mir/recover-20221013/UBNA_001/20221012_030000.WAV,Telephone Field,recover-20221013,001,1795
931.4595,931.4697,22890,27729,Nyctalus leisleri,0.011,0.023,-1,Echolocation,/mnt/ubna_data_02_mir/recover-20221013/UBNA_001/20221012_030000.WAV,Telephone Field,recover-20221013,001,1795
931.4675,931.5071,68437,82107,Rhinolophus ferrumequinum,0.02,0.02,-1,Echolocation,/mnt/ubna_data_02_mir/recover-20221013/UBNA_001/20221012_030000.WAV,Telephone Field,recover-20221013,001,1795
931.5015,931.5438,68437,83005,Rhinolophus ferrumequinum,0.025,0.025,-1,Echolocation,/mnt/ubna_data_02_mir/recover-20221013/UBNA_001/20221012_030000.WAV,Telephone Field,recover-20221013,001,1795
931.5245,931.5639,68437,82259,Rhinolophus ferrumequinum,0.023,0.023,-1,Echolocation,/mnt/ubna_data_02_mir/recover-20221013/UBNA_001/20221012_030000.WAV,Telephone Field,recover-20221013,001,1795
931.5505,931.5877,68437,82064,Rhinolophus ferrumequinum,0.02,0.02,-1,Echolocation,/mnt/ubna_data_02_mir/recover-20221013/UBNA_001/20221012_030000.WAV,Telephone Field,recover-20221013,001,1795
931.5645,931.6016,68437,81787,Rhinolophus ferrumequinum,0.021,0.021,-1,Echolocation,/mnt/ubna_data_02_mir/recover-20221013/UBNA_001/20221012_030000.WAV,Telephone Field,recover-20221013,001,1795
931.5815,931.6192,68437,81955,Rhinolophus ferrumequinum,0.024,0.024,-1,Echolocation,/mnt/ubna_data_02_mir/recover-20221013/UBNA_001/20221012_030000.WAV,Telephone Field,recover-20221013,001,1795
931.5815,931.5896,28046,40083,Eptesicus serotinus,0.008,0.022,-1,Echolocation,/mnt/ubna_data_02_mir/recover-20221013/UBNA_001/20221012_030000.WAV,Telephone Field,recover-20221013,001,1795
931.6035,931.6138,23750,29132,Nyctalus leisleri,0.01,0.021,-1,Echolocation,/mnt/ubna_data_02_mir/recover-20221013/UBNA_001/20221012_030000.WAV,Telephone Field,recover-20221013,001,1795
931.6465,931.6833,68437,81421,Rhinolophus ferrumequinum,0.02,0.02,-1,Echolocation,/mnt/ubna_data_02_mir/recover-20221013/UBNA_001/20221012_030000.WAV,Telephone Field,recover-20221013,001,1795
931.6545,931.6637,23750,30538,Nyctalus leisleri,0.007,0.022,-1,Echolocation,/mnt/ubna_data_02_mir/recover-20221013/UBNA_001/20221012_030000.WAV,Telephone Field,recover-20221013,001,1795
931.6595,931.6945,68437,80899,Rhinolophus ferrumequinum,0.022,0.022,-1,Echolocation,/mnt/ubna_data_02_mir/recover-20221013/UBNA_001/20221012_030000.WAV,Telephone Field,recover-20221013,001,1795
931.6845,931.6929,27187,37195,Eptesicus serotinus,0.007,0.02,-1,Echolocation,/mnt/ubna_data_02_mir/recover-20221013/UBNA_001/20221012_030000.WAV,Telephone Field,recover-20221013,001,1795
931.6925,931.7302,68437,81816,Rhinolophus ferrumequinum,0.022,0.022,-1,Echolocation,/mnt/ubna_data_02_mir/recover-20221013/UBNA_001/20221012_030000.WAV,Telephone Field,recover-20221013,001,1795
931.6985,931.7378,68437,82169,Rhinolophus ferrumequinum,0.024,0.024,-1,Echolocation,/mnt/ubna_data_02_mir/recover-20221013/UBNA_001/20221012_030000.WAV,Telephone Field,recover-20221013,001,1795
931.7175,931.7595,68437,82798,Rhinolophus ferrumequinum,0.024,0.024,-1,Echolocation,/mnt/ubna_data_02_mir/recover-20221013/UBNA_001/20221012_030000.WAV,Telephone Field,recover-20221013,001,1795
931.7815,931.8258,68437,83662,Rhinolophus ferrumequinum,0.033,0.033,-1,Echolocation,/mnt/ubna_data_02_mir/recover-20221013/UBNA_001/20221012_030000.WAV,Telephone Field,recover-20221013,001,1795
931.8515,931.8939,68437,82443,Rhinolophus ferrumequinum,0.04,0.04,-1,Echolocation,/mnt/ubna_data_02_mir/recover-20221013/UBNA_001/20221012_030000.WAV,Telephone Field,recover-20221013,001,1795
931.8515,931.8595,47812,55432,Pipistrellus pipistrellus,0.019,0.021,-1,Echolocation,/mnt/ubna_data_02_mir/recover-20221013/UBNA_001/20221012_030000.WAV,Telephone Field,recover-20221013,001,1795
931.8835,931.9237,68437,82435,Rhinolophus ferrumequinum,0.022,0.022,-1,Echolocation,/mnt/ubna_data_02_mir/recover-20221013/UBNA_001/20221012_030000.WAV,Telephone Field,recover-20221013,001,1795
931.9115,931.9531,68437,83095,Rhinolophus ferrumequinum,0.029,0.029,-1,Echolocation,/mnt/ubna_data_02_mir/recover-20221013/UBNA_001/20221012_030000.WAV,Telephone Field,recover-20221013,001,1795
931.9545,931.9913,68437,82210,Rhinolophus ferrumequinum,0.028,0.028,-1,Echolocation,/mnt/ubna_data_02_mir/recover-20221013/UBNA_001/20221012_030000.WAV,Telephone Field,recover-20221013,001,1795
932.0015,932.0075,41796,55743,Myotis brandtii,0.007,0.029,-1,Echolocation,/mnt/ubna_data_02_mir/recover-20221013/UBNA_001/20221012_030000.WAV,Telephone Field,recover-20221013,001,1795
932.0015,932.0093,25468,36140,Nyctalus leisleri,0.005,0.023,-1,Echolocation,/mnt/ubna_data_02_mir/recover-20221013/UBNA_001/20221012_030000.WAV,Telephone Field,recover-20221013,001,1795
932.0015,932.0296,69296,80813,Rhinolophus ferrumequinum,0.022,0.022,-1,Echolocation,/mnt/ubna_data_02_mir/recover-20221013/UBNA_001/20221012_030000.WAV,Telephone Field,recover-20221013,001,1795
932.0125,932.0528,68437,81878,Rhinolophus ferrumequinum,0.021,0.021,-1,Echolocation,/mnt/ubna_data_02_mir/recover-20221013/UBNA_001/20221012_030000.WAV,Telephone Field,recover-20221013,001,1795
932.0205,932.061,68437,82263,Rhinolophus ferrumequinum,0.021,0.021,-1,Echolocation,/mnt/ubna_data_02_mir/recover-20221013/UBNA_001/20221012_030000.WAV,Telephone Field,recover-20221013,001,1795
932.0245,932.032,23750,32654,Plecotus austriacus,0.01,0.023,-1,Echolocation,/mnt/ubna_data_02_mir/recover-20221013/UBNA_001/20221012_030000.WAV,Telephone Field,recover-20221013,001,1795
932.0435,932.0517,28906,39534,Eptesicus serotinus,0.008,0.023,-1,Echolocation,/mnt/ubna_data_02_mir/recover-20221013/UBNA_001/20221012_030000.WAV,Telephone Field,recover-20221013,001,1795
932.0555,932.0627,26328,38302,Eptesicus serotinus,0.005,0.021,-1,Echolocation,/mnt/ubna_data_02_mir/recover-20221013/UBNA_001/20221012_030000.WAV,Telephone Field,recover-20221013,001,1795
932.0555,932.0921,68437,81532,Rhinolophus ferrumequinum,0.02,0.02,-1,Echolocation,/mnt/ubna_data_02_mir/recover-20221013/UBNA_001/20221012_030000.WAV,Telephone Field,recover-20221013,001,1795
932.0715,932.0795,25468,33928,Eptesicus serotinus,0.006,0.022,-1,Echolocation,/mnt/ubna_data_02_mir/recover-20221013/UBNA_001/20221012_030000.WAV,Telephone Field,recover-20221013,001,1795
932.0835,932.1253,68437,82790,Rhinolophus ferrumequinum,0.033,0.033,-1,Echolocation,/mnt/ubna_data_02_mir/recover-20221013/UBNA_001/20221012_030000.WAV,Telephone Field,recover-20221013,001,1795
932.0935,932.1312,68437,82317,Rhinolophus ferrumequinum,0.02,0.02,-1,Echolocation,/mnt/ubna_data_02_mir/recover-20221013/UBNA_001/20221012_030000.WAV,Telephone Field,recover-20221013,001,1795
932.1395,932.1483,44375,49708,Pipistrellus pipistrellus,0.016,0.02,-1,Echolocation,/mnt/ubna_data_02_mir/recover-20221013/UBNA_001/20221012_030000.WAV,Telephone Field,recover-20221013,001,1795
932.1395,932.1765,68437,81972,Rhinolophus ferrumequinum,0.021,0.021,-1,Echolocation,/mnt/ubna_data_02_mir/recover-20221013/UBNA_001/20221012_030000.WAV,Telephone Field,recover-20221013,001,1795
932.1505,932.1599,28906,37457,Eptesicus serotinus,0.009,0.024,-1,Echolocation,/mnt/ubna_data_02_mir/recover-20221013/UBNA_001/20221012_030000.WAV,Telephone Field,recover-20221013,001,1795
932.1605,932.1989,68437,82012,Rhinolophus ferrumequinum,0.022,0.022,-1,Echolocation,/mnt/ubna_data_02_mir/recover-20221013/UBNA_001/20221012_030000.WAV,Telephone Field,recover-20221013,001,1795
932.2095,932.2496,68437,82834,Rhinolophus ferrumequinum,0.021,0.021,-1,Echolocation,/mnt/ubna_data_02_mir/recover-20221013/UBNA_001/20221012_030000.WAV,Telephone Field,recover-20221013,001,1795
932.2535,932.291,68437,82408,Rhinolophus ferrumequinum,0.021,0.021,-1,Echolocation,/mnt/ubna_data_02_mir/recover-20221013/UBNA_001/20221012_030000.WAV,Telephone Field,recover-20221013,001,1795
932.2675,932.2741,28046,40080,Eptesicus serotinus,0.008,0.03,-1,Echolocation,/mnt/ubna_data_02_mir/recover-20221013/UBNA_001/20221012_030000.WAV,Telephone Field,recover-20221013,001,1795
932.2755,932.3151,68437,82935,Rhinolophus ferrumequinum,0.024,0.024,-1,Echolocation,/mnt/ubna_data_02_mir/recover-20221013/UBNA_001/20221012_030000.WAV,Telephone Field,recover-20221013,001,1795
932.2995,932.34,68437,82695,Rhinolophus ferrumequinum,0.024,0.024,-1,Echolocation,/mnt/ubna_data_02_mir/recover-20221013/UBNA_001/20221012_030000.WAV,Telephone Field,recover-20221013,001,1795
932.3205,932.3308,27187,34447,Eptesicus serotinus,0.012,0.024,-1,Echolocation,/mnt/ubna_data_02_mir/recover-20221013/UBNA_001/20221012_030000.WAV,Telephone Field,recover-20221013,001,1795
932.3485,932.389,68437,82544,Rhinolophus ferrumequinum,0.036,0.036,-1,Echolocation,/mnt/ubna_data_02_mir/recover-20221013/UBNA_001/20221012_030000.WAV,Telephone Field,recover-20221013,001,1795
932.3505,932.3612,26328,32501,Eptesicus serotinus,0.01,0.024,-1,Echolocation,/mnt/ubna_data_02_mir/recover-20221013/UBNA_001/20221012_030000.WAV,Telephone Field,recover-20221013,001,1795
932.3715,932.3785,27187,41774,Eptesicus serotinus,0.005,0.02,-1,Echolocation,/mnt/ubna_data_02_mir/recover-20221013/UBNA_001/20221012_030000.WAV,Telephone Field,recover-20221013,001,1795
932.3875,932.4275,68437,82242,Rhinolophus ferrumequinum,0.023,0.023,-1,Echolocation,/mnt/ubna_data_02_mir/recover-20221013/UBNA_001/20221012_030000.WAV,Telephone Field,recover-20221013,001,1795
932.4005,932.4208,18593,22503,Nyctalus noctula,0.047,0.073,-1,Echolocation,/mnt/ubna_data_02_mir/recover-20221013/UBNA_001/20221012_030000.WAV,Telephone Field,recover-20221013,001,1795
932.4225,932.4619,68437,82359,Rhinolophus ferrumequinum,0.025,0.025,-1,Echolocation,/mnt/ubna_data_02_mir/recover-20221013/UBNA_001/20221012_030000.WAV,Telephone Field,recover-20221013,001,1795
932.4325,932.4417,28046,39320,Eptesicus serotinus,0.009,0.021,-1,Echolocation,/mnt/ubna_data_02_mir/recover-20221013/UBNA_001/20221012_030000.WAV,Telephone Field,recover-20221013,001,1795
932.4425,932.4503,28046,38943,Eptesicus serotinus,0.009,0.025,-1,Echolocation,/mnt/ubna_data_02_mir/recover-20221013/UBNA_001/20221012_030000.WAV,Telephone Field,recover-20221013,001,1795
932.4635,932.5002,68437,81320,Rhinolophus ferrumequinum,0.02,0.02,-1,Echolocation,/mnt/ubna_data_02_mir/recover-20221013/UBNA_001/20221012_030000.WAV,Telephone Field,recover-20221013,001,1795
932.4905,932.5009,27187,36421,Eptesicus serotinus,0.014,0.025,-1,Echolocation,/mnt/ubna_data_02_mir/recover-20221013/UBNA_001/20221012_030000.WAV,Telephone Field,recover-20221013,001,1795
932.5365,932.5432,46953,50757,Pipistrellus pipistrellus,0.021,0.022,-1,Echolocation,/mnt/ubna_data_02_mir/recover-20221013/UBNA_001/20221012_030000.WAV,Telephone Field,recover-20221013,001,1795
932.5445,932.5558,22031,25526,Nyctalus leisleri,0.015,0.025,-1,Echolocation,/mnt/ubna_data_02_mir/recover-20221013/UBNA_001/20221012_030000.WAV,Telephone Field,recover-20221013,001,1795
932.5485,932.5886,68437,82018,Rhinolophus ferrumequinum,0.023,0.023,-1,Echolocation,/mnt/ubna_data_02_mir/recover-20221013/UBNA_001/20221012_030000.WAV,Telephone Field,recover-20221013,001,1795
932.5885,932.5961,26328,38105,Eptesicus serotinus,0.006,0.021,-1,Echolocation,/mnt/ubna_data_02_mir/recover-20221013/UBNA_001/20221012_030000.WAV,Telephone Field,recover-20221013,001,1795
932.6175,932.6602,68437,83509,Rhinolophus ferrumequinum,0.036,0.036,-1,Echolocation,/mnt/ubna_data_02_mir/recover-20221013/UBNA_001/20221012_030000.WAV,Telephone Field,recover-20221013,001,1795
932.6585,932.6947,68437,81429,Rhinolophus ferrumequinum,0.02,0.02,-1,Echolocation,/mnt/ubna_data_02_mir/recover-20221013/UBNA_001/20221012_030000.WAV,Telephone Field,recover-20221013,001,1795
932.6715,932.7106,68437,82667,Rhinolophus ferrumequinum,0.024,0.024,-1,Echolocation,/mnt/ubna_data_02_mir/recover-20221013/UBNA_001/20221012_030000.WAV,Telephone Field,recover-20221013,001,1795
932.6865,932.6963,28906,37087,Eptesicus serotinus,0.009,0.021,-1,Echolocation,/mnt/ubna_data_02_mir/recover-20221013/UBNA_001/20221012_030000.WAV,Telephone Field,recover-20221013,001,1795
932.6965,932.7321,68437,80914,Rhinolophus ferrumequinum,0.02,0.02,-1,Echolocation,/mnt/ubna_data_02_mir/recover-20221013/UBNA_001/20221012_030000.WAV,Telephone Field,recover-20221013,001,1795
932.7215,932.7619,68437,82507,Rhinolophus ferrumequinum,0.032,0.032,-1,Echolocation,/mnt/ubna_data_02_mir/recover-20221013/UBNA_001/20221012_030000.WAV,Telephone Field,recover-20221013,001,1795
932.7315,932.7407,28906,36830,Eptesicus serotinus,0.01,0.025,-1,Echolocation,/mnt/ubna_data_02_mir/recover-20221013/UBNA_001/20221012_030000.WAV,Telephone Field,recover-20221013,001,1795
932.7405,932.751,28046,35591,Eptesicus serotinus,0.014,0.028,-1,Echolocation,/mnt/ubna_data_02_mir/recover-20221013/UBNA_001/20221012_030000.WAV,Telephone Field,recover-20221013,001,1795
932.7655,932.7788,22031,26001,Nyctalus leisleri,0.015,0.025,-1,Echolocation,/mnt/ubna_data_02_mir/recover-20221013/UBNA_001/20221012_030000.WAV,Telephone Field,recover-20221013,001,1795
932.7835,932.8232,68437,82383,Rhinolophus ferrumequinum,0.027,0.027,-1,Echolocation,/mnt/ubna_data_02_mir/recover-20221013/UBNA_001/20221012_030000.WAV,Telephone Field,recover-20221013,001,1795
932.7935,932.8339,68437,82512,Rhinolophus ferrumequinum,0.022,0.023,-1,Echolocation,/mnt/ubna_data_02_mir/recover-20221013/UBNA_001/20221012_030000.WAV,Telephone Field,recover-20221013,001,1795
932.8005,932.8422,68437,82783,Rhinolophus ferrumequinum,0.022,0.022,-1,Echolocation,/mnt/ubna_data_02_mir/recover-20221013/UBNA_001/20221012_030000.WAV,Telephone Field,recover-20221013,001,1795
932.8155,932.8507,68437,81406,Rhinolophus ferrumequinum,0.02,0.02,-1,Echolocation,/mnt/ubna_data_02_mir/recover-20221013/UBNA_001/20221012_030000.WAV,Telephone Field,recover-20221013,001,1795
932.8265,932.8381,22031,25706,Nyctalus leisleri,0.012,0.021,-1,Echolocation,/mnt/ubna_data_02_mir/recover-20221013/UBNA_001/20221012_030000.WAV,Telephone Field,recover-20221013,001,1795
932.8425,932.8526,23750,30230,Nyctalus leisleri,0.008,0.021,-1,Echolocation,/mnt/ubna_data_02_mir/recover-20221013/UBNA_001/20221012_030000.WAV,Telephone Field,recover-20221013,001,1795
932.8795,932.8874,27187,41382,Eptesicus serotinus,0.008,0.023,-1,Echolocation,/mnt/ubna_data_02_mir/recover-20221013/UBNA_001/20221012_030000.WAV,Telephone Field,recover-20221013,001,1795
932.8995,932.9389,68437,82093,Rhinolophus ferrumequinum,0.023,0.023,-1,Echolocation,/mnt/ubna_data_02_mir/recover-20221013/UBNA_001/20221012_030000.WAV,Telephone Field,recover-20221013,001,1795
932.9095,932.92,23750,30126,Nyctalus leisleri,0.009,0.022,-1,Echolocation,/mnt/ubna_data_02_mir/recover-20221013/UBNA_001/20221012_030000.WAV,Telephone Field,recover-20221013,001,1795
932.9125,932.9517,68437,82095,Rhinolophus ferrumequinum,0.022,0.022,-1,Echolocation,/mnt/ubna_data_02_mir/recover-20221013/UBNA_001/20221012_030000.WAV,Telephone Field,recover-20221013,001,1795
932.9245,932.9644,68437,82662,Rhinolophus ferrumequinum,0.024,0.024,-1,Echolocation,/mnt/ubna_data_02_mir/recover-20221013/UBNA_001/20221012_030000.WAV,Telephone Field,recover-20221013,001,1795
932.9285,932.9372,28046,40707,Eptesicus serotinus,0.008,0.02,-1,Echolocation,/mnt/ubna_data_02_mir/recover-20221013/UBNA_001/20221012_030000.WAV,Telephone Field,recover-20221013,001,1795
932.9425,932.9783,68437,81810,Rhinolophus ferrumequinum,0.021,0.021,-1,Echolocation,/mnt/ubna_data_02_mir/recover-20221013/UBNA_001/20221012_030000.WAV,Telephone Field,recover-20221013,001,1795
932.9635,933.0001,68437,82200,Rhinolophus ferrumequinum,0.02,0.02,-1,Echolocation,/mnt/ubna_data_02_mir/recover-20221013/UBNA_001/20221012_030000.WAV,Telephone Field,recover-20221013,001,1795
932.9965,933.0304,68437,81614,Rhinolophus ferrumequinum,0.021,0.021,-1,Echolocation,/mnt/ubna_data_02_mir/recover-20221013/UBNA_001/20221012_030000.WAV,Telephone Field,recover-20221013,001,1795
933.0135,933.0202,25468,38189,Myotis nattereri,0.006,0.026,-1,Echolocation,/mnt/ubna_data_02_mir/recover-20221013/UBNA_001/20221012_030000.WAV,Telephone Field,recover-20221013,001,1795
933.0775,933.0874,28046,38883,Eptesicus serotinus,0.009,0.022,-1,Echolocation,/mnt/ubna_data_02_mir/recover-20221013/UBNA_001/20221012_030000.WAV,Telephone Field,recover-20221013,001,1795
933.0815,933.1238,68437,83273,Rhinolophus ferrumequinum,0.029,0.029,-1,Echolocation,/mnt/ubna_data_02_mir/recover-20221013/UBNA_001/20221012_030000.WAV,Telephone Field,recover-20221013,001,1795
933.0945,933.1326,68437,81421,Rhinolophus ferrumequinum,0.02,0.02,-1,Echolocation,/mnt/ubna_data_02_mir/recover-20221013/UBNA_001/20221012_030000.WAV,Telephone Field,recover-20221013,001,1795
933.1065,933.1488,68437,83007,Rhinolophus ferrumequinum,0.023,0.023,-1,Echolocation,/mnt/ubna_data_02_mir/recover-20221013/UBNA_001/20221012_030000.WAV,Telephone Field,recover-20221013,001,1795
933.1355,933.173,68437,81913,Rhinolophus ferrumequinum,0.022,0.022,-1,Echolocation,/mnt/ubna_data_02_mir/recover-20221013/UBNA_001/20221012_030000.WAV,Telephone Field,recover-20221013,001,1795
933.1705,933.2082,68437,81981,Rhinolophus ferrumequinum,0.02,0.02,-1,Echolocation,/mnt/ubna_data_02_mir/recover-20221013/UBNA_001/20221012_030000.WAV,Telephone Field,recover-20221013,001,1795
933.1825,933.2203,68437,82321,Rhinolophus ferrumequinum,0.02,0.02,-1,Echolocation,/mnt/ubna_data_02_mir/recover-20221013/UBNA_001/20221012_030000.WAV,Telephone Field,recover-20221013,001,1795
933.1985,933.2384,68437,82119,Rhinolophus ferrumequinum,0.021,0.021,-1,Echolocation,/mnt/ubna_data_02_mir/recover-20221013/UBNA_001/20221012_030000.WAV,Telephone Field,recover-20221013,001,1795
933.2015,933.2088,27187,39527,Eptesicus serotinus,0.006,0.021,-1,Echolocation,/mnt/ubna_data_02_mir/recover-20221013/UBNA_001/20221012_030000.WAV,Telephone Field,recover-20221013,001,1795
933.2285,933.2718,68437,83091,Rhinolophus ferrumequinum,0.034,0.034,-1,Echolocation,/mnt/ubna_data_02_mir/recover-20221013/UBNA_001/20221012_030000.WAV,Telephone Field,recover-20221013,001,1795
933.2525,933.2626,26328,34933,Eptesicus serotinus,0.009,0.021,-1,Echolocation,/mnt/ubna_data_02_mir/recover-20221013/UBNA_001/20221012_030000.WAV,Telephone Field,recover-20221013,001,1795
933.2635,933.2709,23750,32577,Plecotus austriacus,0.007,0.02,-1,Echolocation,/mnt/ubna_data_02_mir/recover-20221013/UBNA_001/20221012_030000.WAV,Telephone Field,recover-20221013,001,1795
933.2745,933.3111,68437,81468,Rhinolophus ferrumequinum,0.02,0.02,-1,Echolocation,/mnt/ubna_data_02_mir/recover-20221013/UBNA_001/20221012_030000.WAV,Telephone Field,recover-20221013,001,1795
933.2795,933.2878,28046,40460,Eptesicus serotinus,0.008,0.021,-1,Echolocation,/mnt/ubna_data_02_mir/recover-20221013/UBNA_001/20221012_030000.WAV,Telephone Field,recover-20221013,001,1795
933.3085,933.3466,68437,81310,Rhinolophus ferrumequinum,0.022,0.022,-1,Echolocation,/mnt/ubna_data_02_mir/recover-20221013/UBNA_001/20221012_030000.WAV,Telephone Field,recover-20221013,001,1795
933.3385,933.3772,68437,82503,Rhinolophus ferrumequinum,0.025,0.025,-1,Echolocation,/mnt/ubna_data_02_mir/recover-20221013/UBNA_001/20221012_030000.WAV,Telephone Field,recover-20221013,001,1795
933.3415,933.3489,27187,38264,Eptesicus serotinus,0.007,0.025,-1,Echolocation,/mnt/ubna_data_02_mir/recover-20221013/UBNA_001/20221012_030000.WAV,Telephone Field,recover-20221013,001,1795
933.3475,933.3844,68437,81592,Rhinolophus ferrumequinum,0.021,0.021,-1,Echolocation,/mnt/ubna_data_02_mir/recover-20221013/UBNA_001/20221012_030000.WAV,Telephone Field,recover-20221013,001,1795
933.3655,933.3757,23750,30292,Nyctalus leisleri,0.008,0.021,-1,Echolocation,/mnt/ubna_data_02_mir/recover-20221013/UBNA_001/20221012_030000.WAV,Telephone Field,recover-20221013,001,1795
933.4465,933.4835,68437,82192,Rhinolophus ferrumequinum,0.021,0.021,-1,Echolocation,/mnt/ubna_data_02_mir/recover-20221013/UBNA_001/20221012_030000.WAV,Telephone Field,recover-20221013,001,1795
933.4475,933.4544,27187,37307,Eptesicus serotinus,0.005,0.023,-1,Echolocation,/mnt/ubna_data_02_mir/recover-20221013/UBNA_001/20221012_030000.WAV,Telephone Field,recover-20221013,001,1795
933.4825,933.5225,68437,82178,Rhinolophus ferrumequinum,0.021,0.021,-1,Echolocation,/mnt/ubna_data_02_mir/recover-20221013/UBNA_001/20221012_030000.WAV,Telephone Field,recover-20221013,001,1795
933.5045,933.5119,28046,39314,Eptesicus serotinus,0.006,0.021,-1,Echolocation,/mnt/ubna_data_02_mir/recover-20221013/UBNA_001/20221012_030000.WAV,Telephone Field,recover-20221013,001,1795
933.5635,933.6005,68437,81938,Rhinolophus ferrumequinum,0.021,0.021,-1,Echolocation,/mnt/ubna_data_02_mir/recover-20221013/UBNA_001/20221012_030000.WAV,Telephone Field,recover-20221013,001,1795
933.6415,933.6782,68437,82094,Rhinolophus ferrumequinum,0.02,0.02,-1,Echolocation,/mnt/ubna_data_02_mir/recover-20221013/UBNA_001/20221012_030000.WAV,Telephone Field,recover-20221013,001,1795
933.6695,933.7087,68437,82590,Rhinolophus ferrumequinum,0.02,0.02,-1,Echolocation,/mnt/ubna_data_02_mir/recover-20221013/UBNA_001/20221012_030000.WAV,Telephone Field,recover-20221013,001,1795
933.6785,933.6863,27187,39449,Eptesicus serotinus,0.009,0.026,-1,Echolocation,/mnt/ubna_data_02_mir/recover-20221013/UBNA_001/20221012_030000.WAV,Telephone Field,recover-20221013,001,1795
933.6955,933.7035,28046,38991,Eptesicus serotinus,0.007,0.022,-1,Echolocation,/mnt/ubna_data_02_mir/recover-20221013/UBNA_001/20221012_030000.WAV,Telephone Field,recover-20221013,001,1795
933.7155,933.7227,28046,38149,Eptesicus serotinus,0.006,0.021,-1,Echolocation,/mnt/ubna_data_02_mir/recover-20221013/UBNA_001/20221012_030000.WAV,Telephone Field,recover-20221013,001,1795
933.7225,933.7616,68437,82280,Rhinolophus ferrumequinum,0.031,0.031,-1,Echolocation,/mnt/ubna_data_02_mir/recover-20221013/UBNA_001/20221012_030000.WAV,Telephone Field,recover-20221013,001,1795
933.7435,933.7797,68437,81629,Rhinolophus ferrumequinum,0.02,0.02,-1,Echolocation,/mnt/ubna_data_02_mir/recover-20221013/UBNA_001/20221012_030000.WAV,Telephone Field,recover-20221013,001,1795
933.7735,933.8133,68437,82600,Rhinolophus ferrumequinum,0.021,0.021,-1,Echolocation,/mnt/ubna_data_02_mir/recover-20221013/UBNA_001/20221012_030000.WAV,Telephone Field,recover-20221013,001,1795
933.8575,933.872,55546,60610,Pipistrellus pygmaeus,0.028,0.029,-1,Echolocation,/mnt/ubna_data_02_mir/recover-20221013/UBNA_001/20221012_030000.WAV,Telephone Field,recover-20221013,001,1795
933.8675,933.873,36640,52718,Myotis daubentonii,0.008,0.022,-1,Echolocation,/mnt/ubna_data_02_mir/recover-20221013/UBNA_001/20221012_030000.WAV,Telephone Field,recover-20221013,001,1795
933.8725,933.908,68437,81452,Rhinolophus ferrumequinum,0.02,0.021,-1,Echolocation,/mnt/ubna_data_02_mir/recover-20221013/UBNA_001/20221012_030000.WAV,Telephone Field,recover-20221013,001,1795
933.9015,933.9389,68437,81498,Rhinolophus ferrumequinum,0.021,0.021,-1,Echolocation,/mnt/ubna_data_02_mir/recover-20221013/UBNA_001/20221012_030000.WAV,Telephone Field,recover-20221013,001,1795
933.9235,933.9624,68437,82824,Rhinolophus ferrumequinum,0.023,0.023,-1,Echolocation,/mnt/ubna_data_02_mir/recover-20221013/UBNA_001/20221012_030000.WAV,Telephone Field,recover-20221013,001,1795
933.9825,933.9929,22031,27387,Nyctalus leisleri,0.01,0.023,-1,Echolocation,/mnt/ubna_data_02_mir/recover-20221013/UBNA_001/20221012_030000.WAV,Telephone Field,recover-20221013,001,1795
934.0015,934.0345,69296,81047,Rhinolophus ferrumequinum,0.032,0.032,-1,Echolocation,/mnt/ubna_data_02_mir/recover-20221013/UBNA_001/20221012_030000.WAV,Telephone Field,recover-20221013,001,1795
934.0015,934.0106,22890,28943,Nyctalus leisleri,0.011,0.026,-1,Echolocation,/mnt/ubna_data_02_mir/recover-20221013/UBNA_001/20221012_030000.WAV,Telephone Field,recover-20221013,001,1795
934.0105,934.0537,68437,82868,Rhinolophus ferrumequinum,0.024,0.024,-1,Echolocation,/mnt/ubna_data_02_mir/recover-20221013/UBNA_001/20221012_030000.WAV,Telephone Field,recover-20221013,001,1795
934.1055,934.1233,20312,23850,Nyctalus leisleri,0.014,0.028,-1,Echolocation,/mnt/ubna_data_02_mir/recover-20221013/UBNA_001/20221012_030000.WAV,Telephone Field,recover-20221013,001,1795
934.1745,934.2151,68437,82864,Rhinolophus ferrumequinum,0.026,0.026,-1,Echolocation,/mnt/ubna_data_02_mir/recover-20221013/UBNA_001/20221012_030000.WAV,Telephone Field,recover-20221013,001,1795
934.1885,934.2249,68437,82071,Rhinolophus ferrumequinum,0.022,0.022,-1,Echolocation,/mnt/ubna_data_02_mir/recover-20221013/UBNA_001/20221012_030000.WAV,Telephone Field,recover-20221013,001,1795
934.2115,934.2478,68437,81547,Rhinolophus ferrumequinum,0.023,0.023,-1,Echolocation,/mnt/ubna_data_02_mir/recover-20221013/UBNA_001/20221012_030000.WAV,Telephone Field,recover-20221013,001,1795
934.2155,934.2221,28046,38626,Eptesicus serotinus,0.008,0.025,-1,Echolocation,/mnt/ubna_data_02_mir/recover-20221013/UBNA_001/20221012_030000.WAV,Telephone Field,recover-20221013,001,1795
934.2215,934.2593,68437,81680,Rhinolophus ferrumequinum,0.022,0.022,-1,Echolocation,/mnt/ubna_data_02_mir/recover-20221013/UBNA_001/20221012_030000.WAV,Telephone Field,recover-20221013,001,1795
934.2325,934.2711,68437,81985,Rhinolophus ferrumequinum,0.028,0.028,-1,Echolocation,/mnt/ubna_data_02_mir/recover-20221013/UBNA_001/20221012_030000.WAV,Telephone Field,recover-20221013,001,1795
934.2655,934.3049,68437,81281,Rhinolophus ferrumequinum,0.022,0.023,-1,Echolocation,/mnt/ubna_data_02_mir/recover-20221013/UBNA_001/20221012_030000.WAV,Telephone Field,recover-20221013,001,1795
934.3085,934.3416,68437,80801,Rhinolophus ferrumequinum,0.021,0.021,-1,Echolocation,/mnt/ubna_data_02_mir/recover-20221013/UBNA_001/20221012_030000.WAV,Telephone Field,recover-20221013,001,1795
934.3305,934.3725,68437,83163,Rhinolophus ferrumequinum,0.029,0.029,-1,Echolocation,/mnt/ubna_data_02_mir/recover-20221013/UBNA_001/20221012_030000.WAV,Telephone Field,recover-20221013,001,1795
934.3345,934.3422,27187,37918,Eptesicus serotinus,0.008,0.023,-1,Echolocation,/mnt/ubna_data_02_mir/recover-20221013/UBNA_001/20221012_030000.WAV,Telephone Field,recover-20221013,001,1795
934.3405,934.38,68437,82473,Rhinolophus ferrumequinum,0.022,0.022,-1,Echolocation,/mnt/ubna_data_02_mir/recover-20221013/UBNA_001/20221012_030000.WAV,Telephone Field,recover-20221013,001,1795
934.3475,934.385,68437,82089,Rhinolophus ferrumequinum,0.022,0.022,-1,Echolocation,/mnt/ubna_data_02_mir/recover-20221013/UBNA_001/20221012_030000.WAV,Telephone Field,recover-20221013,001,1795
934.3595,934.3689,27187,36099,Eptesicus serotinus,0.01,0.022,-1,Echolocation,/mnt/ubna_data_02_mir/recover-20221013/UBNA_001/20221012_030000.WAV,Telephone Field,recover-20221013,001,1795
934.3665,934.4043,68437,81769,Rhinolophus ferrumequinum,0.025,0.025,-1,Echolocation,/mnt/ubna_data_02_mir/recover-20221013/UBNA_001/20221012_030000.WAV,Telephone Field,recover-20221013,001,1795
934.3755,934.3836,25468,34919,Eptesicus serotinus,0.008,0.027,-1,Echolocation,/mnt/ubna_data_02_mir/recover-20221013/UBNA_001/20221012_030000.WAV,Telephone Field,recover-20221013,001,1795
934.4005,934.438,68437,82628,Rhinolophus ferrumequinum,0.02,0.02,-1,Echolocation,/mnt/ubna_data_02_mir/recover-20221013/UBNA_001/20221012_030000.WAV,Telephone Field,recover-20221013,001,1795
934.4165,934.4546,68437,82238,Rhinolophus ferrumequinum,0.021,0.021,-1,Echolocation,/mnt/ubna_data_02_mir/recover-20221013/UBNA_001/20221012_030000.WAV,Telephone Field,recover-20221013,001,1795
934.4385,934.4782,68437,82435,Rhinolophus ferrumequinum,0.02,0.02,-1,Echolocation,/mnt/ubna_data_02_mir/recover-20221013/UBNA_001/20221012_030000.WAV,Telephone Field,recover-20221013,001,1795
934.4665,934.474,23750,32596,Plecotus austriacus,0.009,0.023,-1,Echolocation,/mnt/ubna_data_02_mir/recover-20221013/UBNA_001/20221012_030000.WAV,Telephone Field,recover-20221013,001,1795
934.4895,934.5325,68437,82974,Rhinolophus ferrumequinum,0.028,0.028,-1,Echolocation,/mnt/ubna_data_02_mir/recover-20221013/UBNA_001/20221012_030000.WAV,Telephone Field,recover-20221013,001,1795
934.5215,934.5315,24609,31510,Nyctalus leisleri,0.009,0.028,-1,Echolocation,/mnt/ubna_data_02_mir/recover-20221013/UBNA_001/20221012_030000.WAV,Telephone Field,recover-20221013,001,1795
934.5415,934.5798,68437,81971,Rhinolophus ferrumequinum,0.021,0.021,-1,Echolocation,/mnt/ubna_data_02_mir/recover-20221013/UBNA_001/20221012_030000.WAV,Telephone Field,recover-20221013,001,1795
934.5595,934.5945,68437,81520,Rhinolophus ferrumequinum,0.02,0.02,-1,Echolocation,/mnt/ubna_data_02_mir/recover-20221013/UBNA_001/20221012_030000.WAV,Telephone Field,recover-20221013,001,1795
934.5695,934.6095,68437,82878,Rhinolophus ferrumequinum,0.035,0.035,-1,Echolocation,/mnt/ubna_data_02_mir/recover-20221013/UBNA_001/20221012_030000.WAV,Telephone Field,recover-20221013,001,1795
934.5715,934.5822000000001,24609,31362,Nyctalus leisleri,0.013,0.035,-1,Echolocation,/mnt/ubna_data_02_mir/recover-20221013/UBNA_001/20221012_030000.WAV,Telephone Field,recover-20221013,001,1795
934.6165,934.6239,23750,32297,Plecotus austriacus,0.013,0.027,-1,Echolocation,/mnt/ubna_data_02_mir/recover-20221013/UBNA_001/20221012_030000.WAV,Telephone Field,recover-20221013,001,1795
934.6315,934.6677,68437,81992,Rhinolophus ferrumequinum,0.022,0.022,-1,Echolocation,/mnt/ubna_data_02_mir/recover-20221013/UBNA_001/20221012_030000.WAV,Telephone Field,recover-20221013,001,1795
934.6315,934.6395,28046,40001,Eptesicus serotinus,0.008,0.023,-1,Echolocation,/mnt/ubna_data_02_mir/recover-20221013/UBNA_001/20221012_030000.WAV,Telephone Field,recover-20221013,001,1795
934.6495,934.6912,68437,82083,Rhinolophus ferrumequinum,0.023,0.023,-1,Echolocation,/mnt/ubna_data_02_mir/recover-20221013/UBNA_001/20221012_030000.WAV,Telephone Field,recover-20221013,001,1795
934.7475,934.76,34062,40143,Pipistrellus nathusii,0.01,0.03,-1,Echolocation,/mnt/ubna_data_02_mir/recover-20221013/UBNA_001/20221012_030000.WAV,Telephone Field,recover-20221013,001,1795
934.7945,934.8311,68437,80646,Rhinolophus ferrumequinum,0.021,0.021,-1,Echolocation,/mnt/ubna_data_02_mir/recover-20221013/UBNA_001/20221012_030000.WAV,Telephone Field,recover-20221013,001,1795
934.8155,934.8543,68437,82418,Rhinolophus ferrumequinum,0.025,0.025,-1,Echolocation,/mnt/ubna_data_02_mir/recover-20221013/UBNA_001/20221012_030000.WAV,Telephone Field,recover-20221013,001,1795
934.8185,934.8302,28906,36201,Eptesicus serotinus,0.014,0.028,-1,Echolocation,/mnt/ubna_data_02_mir/recover-20221013/UBNA_001/20221012_030000.WAV,Telephone Field,recover-20221013,001,1795
934.8265,934.8681,68437,82362,Rhinolophus ferrumequinum,0.022,0.022,-1,Echolocation,/mnt/ubna_data_02_mir/recover-20221013/UBNA_001/20221012_030000.WAV,Telephone Field,recover-20221013,001,1795
934.8505,934.892,68437,83019,Rhinolophus ferrumequinum,0.022,0.022,-1,Echolocation,/mnt/ubna_data_02_mir/recover-20221013/UBNA_001/20221012_030000.WAV,Telephone Field,recover-20221013,001,1795
934.8645,934.8718,28046,37959,Eptesicus serotinus,0.007,0.021,-1,Echolocation,/mnt/ubna_data_02_mir/recover-20221013/UBNA_001/20221012_030000.WAV,Telephone Field,recover-20221013,001,1795
934.8755,934.9137,68437,82065,Rhinolophus ferrumequinum,0.021,0.021,-1,Echolocation,/mnt/ubna_data_02_mir/recover-20221013/UBNA_001/20221012_030000.WAV,Telephone Field,recover-20221013,001,1795
934.8995,934.9368,68437,81993,Rhinolophus ferrumequinum,0.021,0.021,-1,Echolocation,/mnt/ubna_data_02_mir/recover-20221013/UBNA_001/20221012_030000.WAV,Telephone Field,recover-20221013,001,1795
934.9155,934.9531,68437,82186,Rhinolophus ferrumequinum,0.023,0.023,-1,Echolocation,/mnt/ubna_data_02_mir/recover-20221013/UBNA_001/20221012_030000.WAV,Telephone Field,recover-20221013,001,1795
934.9265,934.9652,68437,81880,Rhinolophus ferrumequinum,0.021,0.021,-1,Echolocation,/mnt/ubna_data_02_mir/recover-20221013/UBNA_001/20221012_030000.WAV,Telephone Field,recover-20221013,001,1795
934.9895,934.9987,28906,38151,Eptesicus serotinus,0.009,0.023,-1,Echolocation,/mnt/ubna_data_02_mir/recover-20221013/UBNA_001/20221012_030000.WAV,Telephone Field,recover-20221013,001,1795
935.0185,935.0287,28046,35110,Eptesicus serotinus,0.013,0.026,-1,Echolocation,/mnt/ubna_data_02_mir/recover-20221013/UBNA_001/20221012_030000.WAV,Telephone Field,recover-20221013,001,1795
935.1075,935.1467,68437,82478,Rhinolophus ferrumequinum,0.021,0.021,-1,Echolocation,/mnt/ubna_data_02_mir/recover-20221013/UBNA_001/20221012_030000.WAV,Telephone Field,recover-20221013,001,1795
935.1335,935.1713,68437,82123,Rhinolophus ferrumequinum,0.021,0.021,-1,Echolocation,/mnt/ubna_data_02_mir/recover-20221013/UBNA_001/20221012_030000.WAV,Telephone Field,recover-20221013,001,1795
935.1495,935.1615,28046,33793,Eptesicus serotinus,0.016,0.028,-1,Echolocation,/mnt/ubna_data_02_mir/recover-20221013/UBNA_001/20221012_030000.WAV,Telephone Field,recover-20221013,001,1795
935.1625,935.2043,68437,82351,Rhinolophus ferrumequinum,0.024,0.024,-1,Echolocation,/mnt/ubna_data_02_mir/recover-20221013/UBNA_001/20221012_030000.WAV,Telephone Field,recover-20221013,001,1795
935.1875,935.2224,68437,81508,Rhinolophus ferrumequinum,0.023,0.023,-1,Echolocation,/mnt/ubna_data_02_mir/recover-20221013/UBNA_001/20221012_030000.WAV,Telephone Field,recover-20221013,001,1795
935.2045,935.2409,68437,81603,Rhinolophus ferrumequinum,0.021,0.021,-1,Echolocation,/mnt/ubna_data_02_mir/recover-20221013/UBNA_001/20221012_030000.WAV,Telephone Field,recover-20221013,001,1795
935.2325,935.2722,68437,82106,Rhinolophus ferrumequinum,0.021,0.021,-1,Echolocation,/mnt/ubna_data_02_mir/recover-20221013/UBNA_001/20221012_030000.WAV,Telephone Field,recover-20221013,001,1795
935.2895,935.3304,68437,82137,Rhinolophus ferrumequinum,0.022,0.022,-1,Echolocation,/mnt/ubna_data_02_mir/recover-20221013/UBNA_001/20221012_030000.WAV,Telephone Field,recover-20221013,001,1795
935.3085,935.3166,28046,41250,Eptesicus serotinus,0.008,0.021,-1,Echolocation,/mnt/ubna_data_02_mir/recover-20221013/UBNA_001/20221012_030000.WAV,Telephone Field,recover-20221013,001,1795
935.3105,935.3494,68437,82286,Rhinolophus ferrumequinum,0.025,0.025,-1,Echolocation,/mnt/ubna_data_02_mir/recover-20221013/UBNA_001/20221012_030000.WAV,Telephone Field,recover-20221013,001,1795
935.3415,935.3524,22890,28084,Nyctalus leisleri,0.01,0.023,-1,Echolocation,/mnt/ubna_data_02_mir/recover-20221013/UBNA_001/20221012_030000.WAV,Telephone Field,recover-20221013,001,1795
935.3475,935.3838,68437,81690,Rhinolophus ferrumequinum,0.021,0.021,-1,Echolocation,/mnt/ubna_data_02_mir/recover-20221013/UBNA_001/20221012_030000.WAV,Telephone Field,recover-20221013,001,1795
935.3555,935.3944,68437,82079,Rhinolophus ferrumequinum,0.021,0.021,-1,Echolocation,/mnt/ubna_data_02_mir/recover-20221013/UBNA_001/20221012_030000.WAV,Telephone Field,recover-20221013,001,1795
935.3615,935.3999,68437,82123,Rhinolophus ferrumequinum,0.021,0.021,-1,Echolocation,/mnt/ubna_data_02_mir/recover-20221013/UBNA_001/20221012_030000.WAV,Telephone Field,recover-20221013,001,1795
935.4015,935.4429,68437,82868,Rhinolophus ferrumequinum,0.023,0.023,-1,Echolocation,/mnt/ubna_data_02_mir/recover-20221013/UBNA_001/20221012_030000.WAV,Telephone Field,recover-20221013,001,1795
935.4075,935.4488,68437,82673,Rhinolophus ferrumequinum,0.022,0.022,-1,Echolocation,/mnt/ubna_data_02_mir/recover-20221013/UBNA_001/20221012_030000.WAV,Telephone Field,recover-20221013,001,1795
935.4135,935.4541,68437,82545,Rhinolophus ferrumequinum,0.023,0.023,-1,Echolocation,/mnt/ubna_data_02_mir/recover-20221013/UBNA_001/20221012_030000.WAV,Telephone Field,recover-20221013,001,1795
935.4395,935.4825,68437,82712,Rhinolophus ferrumequinum,0.028,0.028,-1,Echolocation,/mnt/ubna_data_02_mir/recover-20221013/UBNA_001/20221012_030000.WAV,Telephone Field,recover-20221013,001,1795
935.4405,935.4471,26328,42320,Eptesicus serotinus,0.005,0.021,-1,Echolocation,/mnt/ubna_data_02_mir/recover-20221013/UBNA_001/20221012_030000.WAV,Telephone Field,recover-20221013,001,1795
935.4995,935.5062,28046,40993,Eptesicus serotinus,0.006,0.024,-1,Echolocation,/mnt/ubna_data_02_mir/recover-20221013/UBNA_001/20221012_030000.WAV,Telephone Field,recover-20221013,001,1795
935.5245,935.5333,28046,36743,Eptesicus serotinus,0.008,0.02,-1,Echolocation,/mnt/ubna_data_02_mir/recover-20221013/UBNA_001/20221012_030000.WAV,Telephone Field,recover-20221013,001,1795
935.5575,935.5958,68437,82276,Rhinolophus ferrumequinum,0.02,0.02,-1,Echolocation,/mnt/ubna_data_02_mir/recover-20221013/UBNA_001/20221012_030000.WAV,Telephone Field,recover-20221013,001,1795
935.5585,935.5661,28906,40319,Eptesicus serotinus,0.007,0.021,-1,Echolocation,/mnt/ubna_data_02_mir/recover-20221013/UBNA_001/20221012_030000.WAV,Telephone Field,recover-20221013,001,1795
935.5875,935.6267,68437,82287,Rhinolophus ferrumequinum,0.024,0.024,-1,Echolocation,/mnt/ubna_data_02_mir/recover-20221013/UBNA_001/20221012_030000.WAV,Telephone Field,recover-20221013,001,1795
935.5895,935.5977,28046,37509,Eptesicus serotinus,0.011,0.024,-1,Echolocation,/mnt/ubna_data_02_mir/recover-20221013/UBNA_001/20221012_030000.WAV,Telephone Field,recover-20221013,001,1795
935.6265,935.6355,24609,32257,Eptesicus serotinus,0.007,0.025,-1,Echolocation,/mnt/ubna_data_02_mir/recover-20221013/UBNA_001/20221012_030000.WAV,Telephone Field,recover-20221013,001,1795
935.6645,935.7032,68437,82057,Rhinolophus ferrumequinum,0.021,0.021,-1,Echolocation,/mnt/ubna_data_02_mir/recover-20221013/UBNA_001/20221012_030000.WAV,Telephone Field,recover-20221013,001,1795
935.6805,935.6886,23750,32516,Plecotus austriacus,0.008,0.021,-1,Echolocation,/mnt/ubna_data_02_mir/recover-20221013/UBNA_001/20221012_030000.WAV,Telephone Field,recover-20221013,001,1795
935.6815,935.7194,68437,81762,Rhinolophus ferrumequinum,0.022,0.022,-1,Echolocation,/mnt/ubna_data_02_mir/recover-20221013/UBNA_001/20221012_030000.WAV,Telephone Field,recover-20221013,001,1795
935.7055,935.7414,68437,80835,Rhinolophus ferrumequinum,0.021,0.022,-1,Echolocation,/mnt/ubna_data_02_mir/recover-20221013/UBNA_001/20221012_030000.WAV,Telephone Field,recover-20221013,001,1795
935.7115,935.7461,68437,80886,Rhinolophus ferrumequinum,0.022,0.022,-1,Echolocation,/mnt/ubna_data_02_mir/recover-20221013/UBNA_001/20221012_030000.WAV,Telephone Field,recover-20221013,001,1795
935.7285,935.7374,28046,40909,Eptesicus serotinus,0.009,0.022,-1,Echolocation,/mnt/ubna_data_02_mir/recover-20221013/UBNA_001/20221012_030000.WAV,Telephone Field,recover-20221013,001,1795
935.7515,935.7586,28906,40416,Eptesicus serotinus,0.006,0.023,-1,Echolocation,/mnt/ubna_data_02_mir/recover-20221013/UBNA_001/20221012_030000.WAV,Telephone Field,recover-20221013,001,1795
935.7705,935.7784,26328,35891,Eptesicus serotinus,0.008,0.022,-1,Echolocation,/mnt/ubna_data_02_mir/recover-20221013/UBNA_001/20221012_030000.WAV,Telephone Field,recover-20221013,001,1795
935.7815,935.7925,23750,29737,Nyctalus leisleri,0.011,0.025,-1,Echolocation,/mnt/ubna_data_02_mir/recover-20221013/UBNA_001/20221012_030000.WAV,Telephone Field,recover-20221013,001,1795
935.8085,935.8502,68437,82997,Rhinolophus ferrumequinum,0.027,0.027,-1,Echolocation,/mnt/ubna_data_02_mir/recover-20221013/UBNA_001/20221012_030000.WAV,Telephone Field,recover-20221013,001,1795
935.8125,935.8202,27187,38805,Eptesicus serotinus,0.007,0.02,-1,Echolocation,/mnt/ubna_data_02_mir/recover-20221013/UBNA_001/20221012_030000.WAV,Telephone Field,recover-20221013,001,1795
935.8465,935.885,68437,82018,Rhinolophus ferrumequinum,0.021,0.021,-1,Echolocation,/mnt/ubna_data_02_mir/recover-20221013/UBNA_001/20221012_030000.WAV,Telephone Field,recover-20221013,001,1795
935.8915,935.9323,68437,82671,Rhinolophus ferrumequinum,0.025,0.025,-1,Echolocation,/mnt/ubna_data_02_mir/recover-20221013/UBNA_001/20221012_030000.WAV,Telephone Field,recover-20221013,001,1795
935.9365,935.9467,28906,36134,Eptesicus serotinus,0.009,0.022,-1,Echolocation,/mnt/ubna_data_02_mir/recover-20221013/UBNA_001/20221012_030000.WAV,Telephone Field,recover-20221013,001,1795
935.9405,935.9752,68437,81257,Rhinolophus ferrumequinum,0.02,0.021,-1,Echolocation,/mnt/ubna_data_02_mir/recover-20221013/UBNA_001/20221012_030000.WAV,Telephone Field,recover-20221013,001,1795
935.9485,935.9906,68437,82853,Rhinolophus ferrumequinum,0.022,0.022,-1,Echolocation,/mnt/ubna_data_02_mir/recover-20221013/UBNA_001/20221012_030000.WAV,Telephone Field,recover-20221013,001,1795
936.0015,936.01,23750,30761,Nyctalus leisleri,0.016,0.043,-1,Echolocation,/mnt/ubna_data_02_mir/recover-20221013/UBNA_001/20221012_030000.WAV,Telephone Field,recover-20221013,001,1795
936.0015,936.0089,46093,51565,Pipistrellus pipistrellus,0.019,0.025,-1,Echolocation,/mnt/ubna_data_02_mir/recover-20221013/UBNA_001/20221012_030000.WAV,Telephone Field,recover-20221013,001,1795
936.0015,936.0359,68437,79413,Rhinolophus ferrumequinum,0.057,0.057,-1,Echolocation,/mnt/ubna_data_02_mir/recover-20221013/UBNA_001/20221012_030000.WAV,Telephone Field,recover-20221013,001,1795
936.0075,936.0504,68437,82053,Rhinolophus ferrumequinum,0.03,0.03,-1,Echolocation,/mnt/ubna_data_02_mir/recover-20221013/UBNA_001/20221012_030000.WAV,Telephone Field,recover-20221013,001,1795
936.0225,936.0308,28046,38988,Eptesicus serotinus,0.007,0.021,-1,Echolocation,/mnt/ubna_data_02_mir/recover-20221013/UBNA_001/20221012_030000.WAV,Telephone Field,recover-20221013,001,1795
936.0315,936.0395,23750,31259,Plecotus austriacus,0.007,0.022,-1,Echolocation,/mnt/ubna_data_02_mir/recover-20221013/UBNA_001/20221012_030000.WAV,Telephone Field,recover-20221013,001,1795
936.0385,936.0726,68437,81391,Rhinolophus ferrumequinum,0.023,0.023,-1,Echolocation,/mnt/ubna_data_02_mir/recover-20221013/UBNA_001/20221012_030000.WAV,Telephone Field,recover-20221013,001,1795
936.1135,936.1538,68437,82391,Rhinolophus ferrumequinum,0.023,0.023,-1,Echolocation,/mnt/ubna_data_02_mir/recover-20221013/UBNA_001/20221012_030000.WAV,Telephone Field,recover-20221013,001,1795
936.1395,936.1794,68437,82177,Rhinolophus ferrumequinum,0.024,0.024,-1,Echolocation,/mnt/ubna_data_02_mir/recover-20221013/UBNA_001/20221012_030000.WAV,Telephone Field,recover-20221013,001,1795
936.1555,936.1986,68437,83100,Rhinolophus ferrumequinum,0.022,0.022,-1,Echolocation,/mnt/ubna_data_02_mir/recover-20221013/UBNA_001/20221012_030000.WAV,Telephone Field,recover-20221013,001,1795
936.1565,936.1688,28906,35197,Eptesicus serotinus,0.031,0.049,-1,Echolocation,/mnt/ubna_data_02_mir/recover-20221013/UBNA_001/20221012_030000.WAV,Telephone Field,recover-20221013,001,1795
936.1765,936.1869,22890,29101,Nyctalus leisleri,0.009,0.024,-1,Echolocation,/mnt/ubna_data_02_mir/recover-20221013/UBNA_001/20221012_030000.WAV,Telephone Field,recover-20221013,001,1795
936.1785,936.2179,68437,81850,Rhinolophus ferrumequinum,0.022,0.022,-1,Echolocation,/mnt/ubna_data_02_mir/recover-20221013/UBNA_001/20221012_030000.WAV,Telephone Field,recover-20221013,001,1795
936.2625,936.2707,25468,33642,Eptesicus serotinus,0.007,0.021,-1,Echolocation,/mnt/ubna_data_02_mir/recover-20221013/UBNA_001/20221012_030000.WAV,Telephone Field,recover-20221013,001,1795
936.2785,936.3126,68437,80996,Rhinolophus ferrumequinum,0.022,0.023,-1,Echolocation,/mnt/ubna_data_02_mir/recover-20221013/UBNA_001/20221012_030000.WAV,Telephone Field,recover-20221013,001,1795
936.3025,936.3395,68437,81294,Rhinolophus ferrumequinum,0.02,0.02,-1,Echolocation,/mnt/ubna_data_02_mir/recover-20221013/UBNA_001/20221012_030000.WAV,Telephone Field,recover-20221013,001,1795
936.3395,936.3823,68437,83259,Rhinolophus ferrumequinum,0.027,0.027,-1,Echolocation,/mnt/ubna_data_02_mir/recover-20221013/UBNA_001/20221012_030000.WAV,Telephone Field,recover-20221013,001,1795
936.3525,936.3588,28046,40677,Eptesicus serotinus,0.006,0.025,-1,Echolocation,/mnt/ubna_data_02_mir/recover-20221013/UBNA_001/20221012_030000.WAV,Telephone Field,recover-20221013,001,1795
936.3815,936.4159,68437,80522,Rhinolophus ferrumequinum,0.021,0.021,-1,Echolocation,/mnt/ubna_data_02_mir/recover-20221013/UBNA_001/20221012_030000.WAV,Telephone Field,recover-20221013,001,1795
936.4055,936.4422,68437,81631,Rhinolophus ferrumequinum,0.022,0.022,-1,Echolocation,/mnt/ubna_data_02_mir/recover-20221013/UBNA_001/20221012_030000.WAV,Telephone Field,recover-20221013,001,1795
936.4125,936.4506,68437,82172,Rhinolophus ferrumequinum,0.028,0.028,-1,Echolocation,/mnt/ubna_data_02_mir/recover-20221013/UBNA_001/20221012_030000.WAV,Telephone Field,recover-20221013,001,1795
936.4425,936.4808,68437,81656,Rhinolophus ferrumequinum,0.026,0.026,-1,Echolocation,/mnt/ubna_data_02_mir/recover-20221013/UBNA_001/20221012_030000.WAV,Telephone Field,recover-20221013,001,1795
936.4565,936.4952,68437,82513,Rhinolophus ferrumequinum,0.023,0.023,-1,Echolocation,/mnt/ubna_data_02_mir/recover-20221013/UBNA_001/20221012_030000.WAV,Telephone Field,recover-20221013,001,1795
936.4575,936.4676,25468,32993,Eptesicus serotinus,0.01,0.027,-1,Echolocation,/mnt/ubna_data_02_mir/recover-20221013/UBNA_001/20221012_030000.WAV,Telephone Field,recover-20221013,001,1795
936.4625,936.5026,68437,82655,Rhinolophus ferrumequinum,0.023,0.023,-1,Echolocation,/mnt/ubna_data_02_mir/recover-20221013/UBNA_001/20221012_030000.WAV,Telephone Field,recover-20221013,001,1795
936.4885,936.5305,68437,82609,Rhinolophus ferrumequinum,0.034,0.034,-1,Echolocation,/mnt/ubna_data_02_mir/recover-20221013/UBNA_001/20221012_030000.WAV,Telephone Field,recover-20221013,001,1795
936.5445,936.5878,68437,83841,Rhinolophus ferrumequinum,0.037,0.037,-1,Echolocation,/mnt/ubna_data_02_mir/recover-20221013/UBNA_001/20221012_030000.WAV,Telephone Field,recover-20221013,001,1795
936.5525,936.5626,38359,44932,Pipistrellus nathusii,0.005,0.02,-1,Echolocation,/mnt/ubna_data_02_mir/recover-20221013/UBNA_001/20221012_030000.WAV,Telephone Field,recover-20221013,001,1795
936.5725,936.5851,22890,27473,Nyctalus leisleri,0.015,0.027,-1,Echolocation,/mnt/ubna_data_02_mir/recover-20221013/UBNA_001/20221012_030000.WAV,Telephone Field,recover-20221013,001,1795
936.5825,936.6229,68437,82829,Rhinolophus ferrumequinum,0.022,0.022,-1,Echolocation,/mnt/ubna_data_02_mir/recover-20221013/UBNA_001/20221012_030000.WAV,Telephone Field,recover-20221013,001,1795
936.6145,936.6523,68437,82476,Rhinolophus ferrumequinum,0.02,0.02,-1,Echolocation,/mnt/ubna_data_02_mir/recover-20221013/UBNA_001/20221012_030000.WAV,Telephone Field,recover-20221013,001,1795
936.6345,936.6707,68437,81158,Rhinolophus ferrumequinum,0.022,0.022,-1,Echolocation,/mnt/ubna_data_02_mir/recover-20221013/UBNA_001/20221012_030000.WAV,Telephone Field,recover-20221013,001,1795
936.6435,936.6535,37500,45328,Pipistrellus nathusii,0.005,0.022,-1,Echolocation,/mnt/ubna_data_02_mir/recover-20221013/UBNA_001/20221012_030000.WAV,Telephone Field,recover-20221013,001,1795
936.6465,936.6547,26328,35226,Eptesicus serotinus,0.01,0.029,-1,Echolocation,/mnt/ubna_data_02_mir/recover-20221013/UBNA_001/20221012_030000.WAV,Telephone Field,recover-20221013,001,1795
936.6495,936.6896,68437,82929,Rhinolophus ferrumequinum,0.027,0.027,-1,Echolocation,/mnt/ubna_data_02_mir/recover-20221013/UBNA_001/20221012_030000.WAV,Telephone Field,recover-20221013,001,1795
936.6785,936.6942,22031,26060,Nyctalus leisleri,0.019,0.034,-1,Echolocation,/mnt/ubna_data_02_mir/recover-20221013/UBNA_001/20221012_030000.WAV,Telephone Field,recover-20221013,001,1795
936.7075,936.715,27187,39553,Eptesicus serotinus,0.006,0.021,-1,Echolocation,/mnt/ubna_data_02_mir/recover-20221013/UBNA_001/20221012_030000.WAV,Telephone Field,recover-20221013,001,1795
936.7115,936.7186,48671,53195,Pipistrellus pipistrellus,0.019,0.02,-1,Echolocation,/mnt/ubna_data_02_mir/recover-20221013/UBNA_001/20221012_030000.WAV,Telephone Field,recover-20221013,001,1795
936.7215,936.7329,23750,28775,Nyctalus leisleri,0.012,0.024,-1,Echolocation,/mnt/ubna_data_02_mir/recover-20221013/UBNA_001/20221012_030000.WAV,Telephone Field,recover-20221013,001,1795
936.8055,936.8449,68437,82395,Rhinolophus ferrumequinum,0.025,0.025,-1,Echolocation,/mnt/ubna_data_02_mir/recover-20221013/UBNA_001/20221012_030000.WAV,Telephone Field,recover-20221013,001,1795
936.8865,936.9282,68437,83327,Rhinolophus ferrumequinum,0.026,0.026,-1,Echolocation,/mnt/ubna_data_02_mir/recover-20221013/UBNA_001/20221012_030000.WAV,Telephone Field,recover-20221013,001,1795
936.9475,936.9886,68437,83136,Rhinolophus ferrumequinum,0.028,0.028,-1,Echolocation,/mnt/ubna_data_02_mir/recover-20221013/UBNA_001/20221012_030000.WAV,Telephone Field,recover-20221013,001,1795
936.9525,936.9598,28046,39821,Eptesicus serotinus,0.007,0.024,-1,Echolocation,/mnt/ubna_data_02_mir/recover-20221013/UBNA_001/20221012_030000.WAV,Telephone Field,recover-20221013,001,1795
936.9675,937.0067,68437,82726,Rhinolophus ferrumequinum,0.023,0.023,-1,Echolocation,/mnt/ubna_data_02_mir/recover-20221013/UBNA_001/20221012_030000.WAV,Telephone Field,recover-20221013,001,1795
936.9675,936.9744,27187,42128,Eptesicus serotinus,0.007,0.025,-1,Echolocation,/mnt/ubna_data_02_mir/recover-20221013/UBNA_001/20221012_030000.WAV,Telephone Field,recover-20221013,001,1795
937.0015,937.0416,68437,83031,Rhinolophus ferrumequinum,0.028,0.028,-1,Echolocation,/mnt/ubna_data_02_mir/recover-20221013/UBNA_001/20221012_030000.WAV,Telephone Field,recover-20221013,001,1795
937.0615,937.1021,68437,82765,Rhinolophus ferrumequinum,0.024,0.024,-1,Echolocation,/mnt/ubna_data_02_mir/recover-20221013/UBNA_001/20221012_030000.WAV,Telephone Field,recover-20221013,001,1795
937.0625,937.0707,27187,35775,Eptesicus serotinus,0.011,0.024,-1,Echolocation,/mnt/ubna_data_02_mir/recover-20221013/UBNA_001/20221012_030000.WAV,Telephone Field,recover-20221013,001,1795
937.0845,937.1237,68437,81992,Rhinolophus ferrumequinum,0.022,0.022,-1,Echolocation,/mnt/ubna_data_02_mir/recover-20221013/UBNA_001/20221012_030000.WAV,Telephone Field,recover-20221013,001,1795
937.1315,937.1427,28906,36821,Eptesicus serotinus,0.016,0.031,-1,Echolocation,/mnt/ubna_data_02_mir/recover-20221013/UBNA_001/20221012_030000.WAV,Telephone Field,recover-20221013,001,1795
937.1475,937.186,68437,82312,Rhinolophus ferrumequinum,0.024,0.024,-1,Echolocation,/mnt/ubna_data_02_mir/recover-20221013/UBNA_001/20221012_030000.WAV,Telephone Field,recover-20221013,001,1795
937.1735,937.182,23750,31463,Plecotus austriacus,0.009,0.024,-1,Echolocation,/mnt/ubna_data_02_mir/recover-20221013/UBNA_001/20221012_030000.WAV,Telephone Field,recover-20221013,001,1795
937.1775,937.2148,68437,81743,Rhinolophus ferrumequinum,0.02,0.02,-1,Echolocation,/mnt/ubna_data_02_mir/recover-20221013/UBNA_001/20221012_030000.WAV,Telephone Field,recover-20221013,001,1795
937.1965,937.2392,68437,82741,Rhinolophus ferrumequinum,0.025,0.025,-1,Echolocation,/mnt/ubna_data_02_mir/recover-20221013/UBNA_001/20221012_030000.WAV,Telephone Field,recover-20221013,001,1795
937.1985,937.2052,27187,36635,Eptesicus serotinus,0.009,0.028,-1,Echolocation,/mnt/ubna_data_02_mir/recover-20221013/UBNA_001/20221012_030000.WAV,Telephone Field,recover-20221013,001,1795
937.2185,937.2255,25468,34497,Plecotus austriacus,0.005,0.021,-1,Echolocation,/mnt/ubna_data_02_mir/recover-20221013/UBNA_001/20221012_030000.WAV,Telephone Field,recover-20221013,001,1795
937.2435,937.2524,27187,39073,Eptesicus serotinus,0.008,0.022,-1,Echolocation,/mnt/ubna_data_02_mir/recover-20221013/UBNA_001/20221012_030000.WAV,Telephone Field,recover-20221013,001,1795
937.2645,937.3009,68437,81801,Rhinolophus ferrumequinum,0.022,0.022,-1,Echolocation,/mnt/ubna_data_02_mir/recover-20221013/UBNA_001/20221012_030000.WAV,Telephone Field,recover-20221013,001,1795
937.2905,937.2985,28906,41250,Eptesicus serotinus,0.007,0.022,-1,Echolocation,/mnt/ubna_data_02_mir/recover-20221013/UBNA_001/20221012_030000.WAV,Telephone Field,recover-20221013,001,1795
937.3235,937.3643,68437,82617,Rhinolophus ferrumequinum,0.021,0.022,-1,Echolocation,/mnt/ubna_data_02_mir/recover-20221013/UBNA_001/20221012_030000.WAV,Telephone Field,recover-20221013,001,1795
937.3315,937.3725,68437,82706,Rhinolophus ferrumequinum,0.021,0.021,-1,Echolocation,/mnt/ubna_data_02_mir/recover-20221013/UBNA_001/20221012_030000.WAV,Telephone Field,recover-20221013,001,1795
937.3445,937.3848,68437,82118,Rhinolophus ferrumequinum,0.022,0.023,-1,Echolocation,/mnt/ubna_data_02_mir/recover-20221013/UBNA_001/20221012_030000.WAV,Telephone Field,recover-20221013,001,1795
937.3725,937.4154,68437,82947,Rhinolophus ferrumequinum,0.023,0.023,-1,Echolocation,/mnt/ubna_data_02_mir/recover-20221013/UBNA_001/20221012_030000.WAV,Telephone Field,recover-20221013,001,1795
937.3795,937.3854,24609,39953,Plecotus austriacus,0.009,0.028,-1,Echolocation,/mnt/ubna_data_02_mir/recover-20221013/UBNA_001/20221012_030000.WAV,Telephone Field,recover-20221013,001,1795
937.3965,937.4104,22031,26716,Nyctalus leisleri,0.019,0.035,-1,Echolocation,/mnt/ubna_data_02_mir/recover-20221013/UBNA_001/20221012_030000.WAV,Telephone Field,recover-20221013,001,1795
937.4175,937.4566,68437,82357,Rhinolophus ferrumequinum,0.025,0.025,-1,Echolocation,/mnt/ubna_data_02_mir/recover-20221013/UBNA_001/20221012_030000.WAV,Telephone Field,recover-20221013,001,1795
937.4555,937.4918,68437,81862,Rhinolophus ferrumequinum,0.024,0.024,-1,Echolocation,/mnt/ubna_data_02_mir/recover-20221013/UBNA_001/20221012_030000.WAV,Telephone Field,recover-20221013,001,1795
937.4655,937.5041,68437,82521,Rhinolophus ferrumequinum,0.021,0.021,-1,Echolocation,/mnt/ubna_data_02_mir/recover-20221013/UBNA_001/20221012_030000.WAV,Telephone Field,recover-20221013,001,1795
937.5205,937.5591,68437,81758,Rhinolophus ferrumequinum,0.021,0.021,-1,Echolocation,/mnt/ubna_data_02_mir/recover-20221013/UBNA_001/20221012_030000.WAV,Telephone Field,recover-20221013,001,1795
937.5455,937.5854,68437,82398,Rhinolophus ferrumequinum,0.031,0.031,-1,Echolocation,/mnt/ubna_data_02_mir/recover-20221013/UBNA_001/20221012_030000.WAV,Telephone Field,recover-20221013,001,1795
937.5745,937.6123,68437,82948,Rhinolophus ferrumequinum,0.021,0.021,-1,Echolocation,/mnt/ubna_data_02_mir/recover-20221013/UBNA_001/20221012_030000.WAV,Telephone Field,recover-20221013,001,1795
937.6025,937.6119,28046,37022,Eptesicus serotinus,0.008,0.022,-1,Echolocation,/mnt/ubna_data_02_mir/recover-20221013/UBNA_001/20221012_030000.WAV,Telephone Field,recover-20221013,001,1795
937.6245,937.6627,68437,81970,Rhinolophus ferrumequinum,0.021,0.021,-1,Echolocation,/mnt/ubna_data_02_mir/recover-20221013/UBNA_001/20221012_030000.WAV,Telephone Field,recover-20221013,001,1795
937.6715,937.6782,27187,41606,Eptesicus serotinus,0.006,0.023,-1,Echolocation,/mnt/ubna_data_02_mir/recover-20221013/UBNA_001/20221012_030000.WAV,Telephone Field,recover-20221013,001,1795
937.6985,937.7383,68437,82903,Rhinolophus ferrumequinum,0.029,0.029,-1,Echolocation,/mnt/ubna_data_02_mir/recover-20221013/UBNA_001/20221012_030000.WAV,Telephone Field,recover-20221013,001,1795
937.7235,937.7322,25468,34247,Eptesicus serotinus,0.008,0.022,-1,Echolocation,/mnt/ubna_data_02_mir/recover-20221013/UBNA_001/20221012_030000.WAV,Telephone Field,recover-20221013,001,1795
937.7315,937.7686,68437,81866,Rhinolophus ferrumequinum,0.021,0.021,-1,Echolocation,/mnt/ubna_data_02_mir/recover-20221013/UBNA_001/20221012_030000.WAV,Telephone Field,recover-20221013,001,1795
937.7325,937.7404,28046,45122,Eptesicus serotinus,0.007,0.021,-1,Echolocation,/mnt/ubna_data_02_mir/recover-20221013/UBNA_001/20221012_030000.WAV,Telephone Field,recover-20221013,001,1795
937.7515,937.7906,68437,82222,Rhinolophus ferrumequinum,0.047,0.047,-1,Echolocation,/mnt/ubna_data_02_mir/recover-20221013/UBNA_001/20221012_030000.WAV,Telephone Field,recover-20221013,001,1795
937.7725,937.8088,68437,81991,Rhinolophus ferrumequinum,0.026,0.026,-1,Echolocation,/mnt/ubna_data_02_mir/recover-20221013/UBNA_001/20221012_030000.WAV,Telephone Field,recover-20221013,001,1795
937.7835,937.8222,68437,81787,Rhinolophus ferrumequinum,0.021,0.021,-1,Echolocation,/mnt/ubna_data_02_mir/recover-20221013/UBNA_001/20221012_030000.WAV,Telephone Field,recover-20221013,001,1795
937.8275,937.8658,68437,82126,Rhinolophus ferrumequinum,0.022,0.022,-1,Echolocation,/mnt/ubna_data_02_mir/recover-20221013/UBNA_001/20221012_030000.WAV,Telephone Field,recover-20221013,001,1795
937.8465,937.8854,68437,82036,Rhinolophus ferrumequinum,0.023,0.023,-1,Echolocation,/mnt/ubna_data_02_mir/recover-20221013/UBNA_001/20221012_030000.WAV,Telephone Field,recover-20221013,001,1795
937.8515,937.861,44375,48849,Pipistrellus pipistrellus,0.023,0.026,-1,Echolocation,/mnt/ubna_data_02_mir/recover-20221013/UBNA_001/20221012_030000.WAV,Telephone Field,recover-20221013,001,1795
937.9205,937.9287,26328,39398,Eptesicus serotinus,0.007,0.021,-1,Echolocation,/mnt/ubna_data_02_mir/recover-20221013/UBNA_001/20221012_030000.WAV,Telephone Field,recover-20221013,001,1795
937.9245,937.9631,68437,82454,Rhinolophus ferrumequinum,0.021,0.021,-1,Echolocation,/mnt/ubna_data_02_mir/recover-20221013/UBNA_001/20221012_030000.WAV,Telephone Field,recover-20221013,001,1795
937.9585,937.9955,68437,81377,Rhinolophus ferrumequinum,0.024,0.024,-1,Echolocation,/mnt/ubna_data_02_mir/recover-20221013/UBNA_001/20221012_030000.WAV,Telephone Field,recover-20221013,001,1795
938.0015,938.0321,68437,79911,Rhinolophus ferrumequinum,0.044,0.045,-1,Echolocation,/mnt/ubna_data_02_mir/recover-20221013/UBNA_001/20221012_030000.WAV,Telephone Field,recover-20221013,001,1795
938.0015,938.0076,45234,52214,Pipistrellus pipistrellus,0.02,0.028,-1,Echolocation,/mnt/ubna_data_02_mir/recover-20221013/UBNA_001/20221012_030000.WAV,Telephone Field,recover-20221013,001,1795
938.0015,938.0136,20312,25742,Nyctalus leisleri,0.013,0.032,-1,Echolocation,/mnt/ubna_data_02_mir/recover-20221013/UBNA_001/20221012_030000.WAV,Telephone Field,recover-20221013,001,1795
938.0095,938.0511,68437,82709,Rhinolophus ferrumequinum,0.023,0.023,-1,Echolocation,/mnt/ubna_data_02_mir/recover-20221013/UBNA_001/20221012_030000.WAV,Telephone Field,recover-20221013,001,1795
938.0385,938.0756,68437,81933,Rhinolophus ferrumequinum,0.02,0.02,-1,Echolocation,/mnt/ubna_data_02_mir/recover-20221013/UBNA_001/20221012_030000.WAV,Telephone Field,recover-20221013,001,1795
938.0475,938.0545,28906,39357,Eptesicus serotinus,0.006,0.021,-1,Echolocation,/mnt/ubna_data_02_mir/recover-20221013/UBNA_001/20221012_030000.WAV,Telephone Field,recover-20221013,001,1795
938.0605,938.1029,68437,83296,Rhinolophus ferrumequinum,0.044,0.044,-1,Echolocation,/mnt/ubna_data_02_mir/recover-20221013/UBNA_001/20221012_030000.WAV,Telephone Field,recover-20221013,001,1795
938.0805,938.0901,23750,29965,Nyctalus leisleri,0.008,0.022,-1,Echolocation,/mnt/ubna_data_02_mir/recover-20221013/UBNA_001/20221012_030000.WAV,Telephone Field,recover-20221013,001,1795
938.1035,938.1428,68437,82179,Rhinolophus ferrumequinum,0.022,0.022,-1,Echolocation,/mnt/ubna_data_02_mir/recover-20221013/UBNA_001/20221012_030000.WAV,Telephone Field,recover-20221013,001,1795
938.1325,938.17,68437,82015,Rhinolophus ferrumequinum,0.023,0.023,-1,Echolocation,/mnt/ubna_data_02_mir/recover-20221013/UBNA_001/20221012_030000.WAV,Telephone Field,recover-20221013,001,1795
938.1405,938.1788,68437,81947,Rhinolophus ferrumequinum,0.023,0.023,-1,Echolocation,/mnt/ubna_data_02_mir/recover-20221013/UBNA_001/20221012_030000.WAV,Telephone Field,recover-20221013,001,1795
938.1425,938.1518,41796,51342,Pipistrellus pipistrellus,0.007,0.024,-1,Echolocation,/mnt/ubna_data_02_mir/recover-20221013/UBNA_001/20221012_030000.WAV,Telephone Field,recover-20221013,001,1795
938.1915,938.2021,22890,27497,Nyctalus leisleri,0.012,0.025,-1,Echolocation,/mnt/ubna_data_02_mir/recover-20221013/UBNA_001/20221012_030000.WAV,Telephone Field,recover-20221013,001,1795
938.2045,938.2116,28046,36222,Eptesicus serotinus,0.008,0.024,-1,Echolocation,/mnt/ubna_data_02_mir/recover-20221013/UBNA_001/20221012_030000.WAV,Telephone Field,recover-20221013,001,1795
938.2105,938.2473,68437,81229,Rhinolophus ferrumequinum,0.021,0.021,-1,Echolocation,/mnt/ubna_data_02_mir/recover-20221013/UBNA_001/20221012_030000.WAV,Telephone Field,recover-20221013,001,1795
938.2365,938.2494,24609,30487,Nyctalus leisleri,0.013,0.034,-1,Echolocation,/mnt/ubna_data_02_mir/recover-20221013/UBNA_001/20221012_030000.WAV,Telephone Field,recover-20221013,001,1795
938.2515,938.2914,68437,82413,Rhinolophus ferrumequinum,0.021,0.021,-1,Echolocation,/mnt/ubna_data_02_mir/recover-20221013/UBNA_001/20221012_030000.WAV,Telephone Field,recover-20221013,001,1795
938.2555,938.2643,14296,22985,Nyctalus noctula,0.009,0.021,-1,Echolocation,/mnt/ubna_data_02_mir/recover-20221013/UBNA_001/20221012_030000.WAV,Telephone Field,recover-20221013,001,1795
938.3235,938.3632,68437,82491,Rhinolophus ferrumequinum,0.024,0.024,-1,Echolocation,/mnt/ubna_data_02_mir/recover-20221013/UBNA_001/20221012_030000.WAV,Telephone Field,recover-20221013,001,1795
938.3325,938.3731,68437,82850,Rhinolophus ferrumequinum,0.028,0.028,-1,Echolocation,/mnt/ubna_data_02_mir/recover-20221013/UBNA_001/20221012_030000.WAV,Telephone Field,recover-20221013,001,1795
938.3635,938.3705,28046,43922,Eptesicus serotinus,0.007,0.025,-1,Echolocation,/mnt/ubna_data_02_mir/recover-20221013/UBNA_001/20221012_030000.WAV,Telephone Field,recover-20221013,001,1795
938.4045,938.4398,68437,81340,Rhinolophus ferrumequinum,0.021,0.021,-1,Echolocation,/mnt/ubna_data_02_mir/recover-20221013/UBNA_001/20221012_030000.WAV,Telephone Field,recover-20221013,001,1795
938.4225,938.4617,68437,82833,Rhinolophus ferrumequinum,0.027,0.027,-1,Echolocation,/mnt/ubna_data_02_mir/recover-20221013/UBNA_001/20221012_030000.WAV,Telephone Field,recover-20221013,001,1795
938.4505,938.4594,25468,33163,Eptesicus serotinus,0.007,0.022,-1,Echolocation,/mnt/ubna_data_02_mir/recover-20221013/UBNA_001/20221012_030000.WAV,Telephone Field,recover-20221013,001,1795
938.4515,938.489,68437,81577,Rhinolophus ferrumequinum,0.022,0.022,-1,Echolocation,/mnt/ubna_data_02_mir/recover-20221013/UBNA_001/20221012_030000.WAV,Telephone Field,recover-20221013,001,1795
938.4715,938.5074,68437,81966,Rhinolophus ferrumequinum,0.022,0.022,-1,Echolocation,/mnt/ubna_data_02_mir/recover-20221013/UBNA_001/20221012_030000.WAV,Telephone Field,recover-20221013,001,1795
938.4775,938.4867,29765,40039,Eptesicus serotinus,0.008,0.022,-1,Echolocation,/mnt/ubna_data_02_mir/recover-20221013/UBNA_001/20221012_030000.WAV,Telephone Field,recover-20221013,001,1795
938.5015,938.5417,68437,83105,Rhinolophus ferrumequinum,0.021,0.021,-1,Echolocation,/mnt/ubna_data_02_mir/recover-20221013/UBNA_001/20221012_030000.WAV,Telephone Field,recover-20221013,001,1795
938.5405,938.5763,68437,81739,Rhinolophus ferrumequinum,0.02,0.02,-1,Echolocation,/mnt/ubna_data_02_mir/recover-20221013/UBNA_001/20221012_030000.WAV,Telephone Field,recover-20221013,001,1795
938.5965,938.6045,25468,34344,Eptesicus serotinus,0.007,0.022,-1,Echolocation,/mnt/ubna_data_02_mir/recover-20221013/UBNA_001/20221012_030000.WAV,Telephone Field,recover-20221013,001,1795
938.6215,938.662,68437,82411,Rhinolophus ferrumequinum,0.025,0.025,-1,Echolocation,/mnt/ubna_data_02_mir/recover-20221013/UBNA_001/20221012_030000.WAV,Telephone Field,recover-20221013,001,1795
938.6285,938.6383,22890,28817,Nyctalus leisleri,0.008,0.021,-1,Echolocation,/mnt/ubna_data_02_mir/recover-20221013/UBNA_001/20221012_030000.WAV,Telephone Field,recover-20221013,001,1795
938.6605,938.7008,68437,82990,Rhinolophus ferrumequinum,0.034,0.034,-1,Echolocation,/mnt/ubna_data_02_mir/recover-20221013/UBNA_001/20221012_030000.WAV,Telephone Field,recover-20221013,001,1795
938.6685,938.7089,68437,82176,Rhinolophus ferrumequinum,0.022,0.022,-1,Echolocation,/mnt/ubna_data_02_mir/recover-20221013/UBNA_001/20221012_030000.WAV,Telephone Field,recover-20221013,001,1795
938.6685,938.679,23750,29783,Nyctalus leisleri,0.009,0.021,-1,Echolocation,/mnt/ubna_data_02_mir/recover-20221013/UBNA_001/20221012_030000.WAV,Telephone Field,recover-20221013,001,1795
938.6775,938.7177,68437,82102,Rhinolophus ferrumequinum,0.022,0.022,-1,Echolocation,/mnt/ubna_data_02_mir/recover-20221013/UBNA_001/20221012_030000.WAV,Telephone Field,recover-20221013,001,1795
938.6985,938.7123,28906,34569,Eptesicus serotinus,0.021,0.036,-1,Echolocation,/mnt/ubna_data_02_mir/recover-20221013/UBNA_001/20221012_030000.WAV,Telephone Field,recover-20221013,001,1795
938.6985,938.7377,68437,82161,Rhinolophus ferrumequinum,0.02,0.021,-1,Echolocation,/mnt/ubna_data_02_mir/recover-20221013/UBNA_001/20221012_030000.WAV,Telephone Field,recover-20221013,001,1795
938.7265,938.7334,28046,39080,Eptesicus serotinus,0.006,0.021,-1,Echolocation,/mnt/ubna_data_02_mir/recover-20221013/UBNA_001/20221012_030000.WAV,Telephone Field,recover-20221013,001,1795
938.7355,938.773,68437,81200,Rhinolophus ferrumequinum,0.022,0.022,-1,Echolocation,/mnt/ubna_data_02_mir/recover-20221013/UBNA_001/20221012_030000.WAV,Telephone Field,recover-20221013,001,1795
938.7635,938.7739,24609,30912,Nyctalus leisleri,0.01,0.027,-1,Echolocation,/mnt/ubna_data_02_mir/recover-20221013/UBNA_001/20221012_030000.WAV,Telephone Field,recover-20221013,001,1795
938.7735,938.813,68437,82606,Rhinolophus ferrumequinum,0.026,0.026,-1,Echolocation,/mnt/ubna_data_02_mir/recover-20221013/UBNA_001/20221012_030000.WAV,Telephone Field,recover-20221013,001,1795
938.7865,938.7968,28046,38069,Eptesicus serotinus,0.014,0.029,-1,Echolocation,/mnt/ubna_data_02_mir/recover-20221013/UBNA_001/20221012_030000.WAV,Telephone Field,recover-20221013,001,1795
938.7975,938.8378,68437,83075,Rhinolophus ferrumequinum,0.031,0.031,-1,Echolocation,/mnt/ubna_data_02_mir/recover-20221013/UBNA_001/20221012_030000.WAV,Telephone Field,recover-20221013,001,1795
938.7995,938.8134,31484,37102,Eptesicus serotinus,0.011,0.025,-1,Echolocation,/mnt/ubna_data_02_mir/recover-20221013/UBNA_001/20221012_030000.WAV,Telephone Field,recover-20221013,001,1795
938.8265,938.8633,68437,81709,Rhinolophus ferrumequinum,0.026,0.026,-1,Echolocation,/mnt/ubna_data_02_mir/recover-20221013/UBNA_001/20221012_030000.WAV,Telephone Field,recover-20221013,001,1795
938.8475,938.8556,31484,41833,Myotis daubentonii,0.006,0.022,-1,Echolocation,/mnt/ubna_data_02_mir/recover-20221013/UBNA_001/20221012_030000.WAV,Telephone Field,recover-20221013,001,1795
938.8555,938.8941,68437,81317,Rhinolophus ferrumequinum,0.023,0.023,-1,Echolocation,/mnt/ubna_data_02_mir/recover-20221013/UBNA_001/20221012_030000.WAV,Telephone Field,recover-20221013,001,1795
938.8945,938.9327,68437,82293,Rhinolophus ferrumequinum,0.021,0.021,-1,Echolocation,/mnt/ubna_data_02_mir/recover-20221013/UBNA_001/20221012_030000.WAV,Telephone Field,recover-20221013,001,1795
938.9125,938.9505,68437,82141,Rhinolophus ferrumequinum,0.031,0.031,-1,Echolocation,/mnt/ubna_data_02_mir/recover-20221013/UBNA_001/20221012_030000.WAV,Telephone Field,recover-20221013,001,1795
938.9325,938.943,49531,53384,Pipistrellus pipistrellus,0.025,0.03,-1,Echolocation,/mnt/ubna_data_02_mir/recover-20221013/UBNA_001/20221012_030000.WAV,Telephone Field,recover-20221013,001,1795
938.9455,938.9827,68437,81463,Rhinolophus ferrumequinum,0.022,0.022,-1,Echolocation,/mnt/ubna_data_02_mir/recover-20221013/UBNA_001/20221012_030000.WAV,Telephone Field,recover-20221013,001,1795
938.9635,938.999,68437,81928,Rhinolophus ferrumequinum,0.021,0.021,-1,Echolocation,/mnt/ubna_data_02_mir/recover-20221013/UBNA_001/20221012_030000.WAV,Telephone Field,recover-20221013,001,1795
938.9755,939.013,68437,82037,Rhinolophus ferrumequinum,0.021,0.021,-1,Echolocation,/mnt/ubna_data_02_mir/recover-20221013/UBNA_001/20221012_030000.WAV,Telephone Field,recover-20221013,001,1795
939.0055,939.0164,23750,28929,Nyctalus leisleri,0.01,0.021,-1,Echolocation,/mnt/ubna_data_02_mir/recover-20221013/UBNA_001/20221012_030000.WAV,Telephone Field,recover-20221013,001,1795
939.0065,939.0464,68437,82354,Rhinolophus ferrumequinum,0.021,0.021,-1,Echolocation,/mnt/ubna_data_02_mir/recover-20221013/UBNA_001/20221012_030000.WAV,Telephone Field,recover-20221013,001,1795
939.0115,939.0215,22890,28329,Nyctalus leisleri,0.008,0.021,-1,Echolocation,/mnt/ubna_data_02_mir/recover-20221013/UBNA_001/20221012_030000.WAV,Telephone Field,recover-20221013,001,1795
939.0435,939.0841,68437,82759,Rhinolophus ferrumequinum,0.026,0.026,-1,Echolocation,/mnt/ubna_data_02_mir/recover-20221013/UBNA_001/20221012_030000.WAV,Telephone Field,recover-20221013,001,1795
939.0875,939.0968,28906,37665,Eptesicus serotinus,0.009,0.022,-1,Echolocation,/mnt/ubna_data_02_mir/recover-20221013/UBNA_001/20221012_030000.WAV,Telephone Field,recover-20221013,001,1795
939.1345,939.1769,68437,82820,Rhinolophus ferrumequinum,0.033,0.033,-1,Echolocation,/mnt/ubna_data_02_mir/recover-20221013/UBNA_001/20221012_030000.WAV,Telephone Field,recover-20221013,001,1795
939.1775,939.2147,68437,82006,Rhinolophus ferrumequinum,0.023,0.023,-1,Echolocation,/mnt/ubna_data_02_mir/recover-20221013/UBNA_001/20221012_030000.WAV,Telephone Field,recover-20221013,001,1795
939.1925,939.2041,28906,34383,Eptesicus serotinus,0.021,0.038,-1,Echolocation,/mnt/ubna_data_02_mir/recover-20221013/UBNA_001/20221012_030000.WAV,Telephone Field,recover-20221013,001,1795
939.1935,939.2316,68437,82045,Rhinolophus ferrumequinum,0.027,0.027,-1,Echolocation,/mnt/ubna_data_02_mir/recover-20221013/UBNA_001/20221012_030000.WAV,Telephone Field,recover-20221013,001,1795
939.2045,939.2127,27187,38287,Eptesicus serotinus,0.007,0.02,-1,Echolocation,/mnt/ubna_data_02_mir/recover-20221013/UBNA_001/20221012_030000.WAV,Telephone Field,recover-20221013,001,1795
939.2435,939.2526,28906,40375,Eptesicus serotinus,0.008,0.021,-1,Echolocation,/mnt/ubna_data_02_mir/recover-20221013/UBNA_001/20221012_030000.WAV,Telephone Field,recover-20221013,001,1795
939.2805,939.3166,68437,81974,Rhinolophus ferrumequinum,0.029,0.029,-1,Echolocation,/mnt/ubna_data_02_mir/recover-20221013/UBNA_001/20221012_030000.WAV,Telephone Field,recover-20221013,001,1795
939.2915,939.3309,68437,81606,Rhinolophus ferrumequinum,0.022,0.022,-1,Echolocation,/mnt/ubna_data_02_mir/recover-20221013/UBNA_001/20221012_030000.WAV,Telephone Field,recover-20221013,001,1795
939.3405,939.3813,68437,82349,Rhinolophus ferrumequinum,0.034,0.034,-1,Echolocation,/mnt/ubna_data_02_mir/recover-20221013/UBNA_001/20221012_030000.WAV,Telephone Field,recover-20221013,001,1795
939.3465,939.359,23750,28879,Nyctalus leisleri,0.011,0.023,-1,Echolocation,/mnt/ubna_data_02_mir/recover-20221013/UBNA_001/20221012_030000.WAV,Telephone Field,recover-20221013,001,1795
939.3605,939.3725,22031,26376,Nyctalus leisleri,0.012,0.023,-1,Echolocation,/mnt/ubna_data_02_mir/recover-20221013/UBNA_001/20221012_030000.WAV,Telephone Field,recover-20221013,001,1795
939.3775,939.418,68437,82652,Rhinolophus ferrumequinum,0.029,0.029,-1,Echolocation,/mnt/ubna_data_02_mir/recover-20221013/UBNA_001/20221012_030000.WAV,Telephone Field,recover-20221013,001,1795
939.4615,939.5033,68437,82609,Rhinolophus ferrumequinum,0.021,0.021,-1,Echolocation,/mnt/ubna_data_02_mir/recover-20221013/UBNA_001/20221012_030000.WAV,Telephone Field,recover-20221013,001,1795
939.4645,939.4738,28906,38257,Eptesicus serotinus,0.008,0.023,-1,Echolocation,/mnt/ubna_data_02_mir/recover-20221013/UBNA_001/20221012_030000.WAV,Telephone Field,recover-20221013,001,1795
939.4695,939.5099,68437,82409,Rhinolophus ferrumequinum,0.021,0.021,-1,Echolocation,/mnt/ubna_data_02_mir/recover-20221013/UBNA_001/20221012_030000.WAV,Telephone Field,recover-20221013,001,1795
939.4765,939.5162,68437,82124,Rhinolophus ferrumequinum,0.021,0.021,-1,Echolocation,/mnt/ubna_data_02_mir/recover-20221013/UBNA_001/20221012_030000.WAV,Telephone Field,recover-20221013,001,1795
939.4905,939.5266,68437,81819,Rhinolophus ferrumequinum,0.024,0.024,-1,Echolocation,/mnt/ubna_data_02_mir/recover-20221013/UBNA_001/20221012_030000.WAV,Telephone Field,recover-20221013,001,1795
939.5305,939.5662,68437,82000,Rhinolophus ferrumequinum,0.023,0.023,-1,Echolocation,/mnt/ubna_data_02_mir/recover-20221013/UBNA_001/20221012_030000.WAV,Telephone Field,recover-20221013,001,1795
939.5445,939.5832,68437,81846,Rhinolophus ferrumequinum,0.021,0.021,-1,Echolocation,/mnt/ubna_data_02_mir/recover-20221013/UBNA_001/20221012_030000.WAV,Telephone Field,recover-20221013,001,1795
939.5505,939.5889,68437,82280,Rhinolophus ferrumequinum,0.02,0.021,-1,Echolocation,/mnt/ubna_data_02_mir/recover-20221013/UBNA_001/20221012_030000.WAV,Telephone Field,recover-20221013,001,1795
939.5645,939.6037,68437,81992,Rhinolophus ferrumequinum,0.021,0.021,-1,Echolocation,/mnt/ubna_data_02_mir/recover-20221013/UBNA_001/20221012_030000.WAV,Telephone Field,recover-20221013,001,1795
939.5745,939.6101,68437,81305,Rhinolophus ferrumequinum,0.021,0.021,-1,Echolocation,/mnt/ubna_data_02_mir/recover-20221013/UBNA_001/20221012_030000.WAV,Telephone Field,recover-20221013,001,1795
939.5825,939.6171,68437,81221,Rhinolophus ferrumequinum,0.021,0.022,-1,Echolocation,/mnt/ubna_data_02_mir/recover-20221013/UBNA_001/20221012_030000.WAV,Telephone Field,recover-20221013,001,1795
939.6255,939.6654,68437,82554,Rhinolophus ferrumequinum,0.023,0.023,-1,Echolocation,/mnt/ubna_data_02_mir/recover-20221013/UBNA_001/20221012_030000.WAV,Telephone Field,recover-20221013,001,1795
939.6455,939.6837,68437,82203,Rhinolophus ferrumequinum,0.021,0.021,-1,Echolocation,/mnt/ubna_data_02_mir/recover-20221013/UBNA_001/20221012_030000.WAV,Telephone Field,recover-20221013,001,1795
939.6895,939.7007,22031,26492,Nyctalus leisleri,0.011,0.022,-1,Echolocation,/mnt/ubna_data_02_mir/recover-20221013/UBNA_001/20221012_030000.WAV,Telephone Field,recover-20221013,001,1795
939.7345,939.7719,68437,81907,Rhinolophus ferrumequinum,0.022,0.022,-1,Echolocation,/mnt/ubna_data_02_mir/recover-20221013/UBNA_001/20221012_030000.WAV,Telephone Field,recover-20221013,001,1795
939.7545,939.7939,68437,82368,Rhinolophus ferrumequinum,0.023,0.023,-1,Echolocation,/mnt/ubna_data_02_mir/recover-20221013/UBNA_001/20221012_030000.WAV,Telephone Field,recover-20221013,001,1795
939.7695,939.8075,68437,81706,Rhinolophus ferrumequinum,0.021,0.021,-1,Echolocation,/mnt/ubna_data_02_mir/recover-20221013/UBNA_001/20221012_030000.WAV,Telephone Field,recover-20221013,001,1795
939.7815,939.7909,23750,30378,Nyctalus leisleri,0.008,0.024,-1,Echolocation,/mnt/ubna_data_02_mir/recover-20221013/UBNA_001/20221012_030000.WAV,Telephone Field,recover-20221013,001,1795
939.7825,939.8225,68437,82454,Rhinolophus ferrumequinum,0.021,0.021,-1,Echolocation,/mnt/ubna_data_02_mir/recover-20221013/UBNA_001/20221012_030000.WAV,Telephone Field,recover-20221013,001,1795
939.8045,939.8434,68437,81869,Rhinolophus ferrumequinum,0.021,0.021,-1,Echolocation,/mnt/ubna_data_02_mir/recover-20221013/UBNA_001/20221012_030000.WAV,Telephone Field,recover-20221013,001,1795
939.8315,939.8398,51250,56711,Pipistrellus pipistrellus,0.022,0.027,-1,Echolocation,/mnt/ubna_data_02_mir/recover-20221013/UBNA_001/20221012_030000.WAV,Telephone Field,recover-20221013,001,1795
939.8515,939.8889,68437,81897,Rhinolophus ferrumequinum,0.022,0.022,-1,Echolocation,/mnt/ubna_data_02_mir/recover-20221013/UBNA_001/20221012_030000.WAV,Telephone Field,recover-20221013,001,1795
939.8705,939.9082,68437,82351,Rhinolophus ferrumequinum,0.023,0.023,-1,Echolocation,/mnt/ubna_data_02_mir/recover-20221013/UBNA_001/20221012_030000.WAV,Telephone Field,recover-20221013,001,1795
939.9055,939.9413,68437,81404,Rhinolophus ferrumequinum,0.022,0.023,-1,Echolocation,/mnt/ubna_data_02_mir/recover-20221013/UBNA_001/20221012_030000.WAV,Telephone Field,recover-20221013,001,1795
939.9345,939.9722,68437,81853,Rhinolophus ferrumequinum,0.021,0.021,-1,Echolocation,/mnt/ubna_data_02_mir/recover-20221013/UBNA_001/20221012_030000.WAV,Telephone Field,recover-20221013,001,1795
939.9415,939.9785,68437,81671,Rhinolophus ferrumequinum,0.022,0.022,-1,Echolocation,/mnt/ubna_data_02_mir/recover-20221013/UBNA_001/20221012_030000.WAV,Telephone Field,recover-20221013,001,1795
939.9445,939.9543,27187,35920,Eptesicus serotinus,0.01,0.021,-1,Echolocation,/mnt/ubna_data_02_mir/recover-20221013/UBNA_001/20221012_030000.WAV,Telephone Field,recover-20221013,001,1795
939.9525,939.963,24609,31152,Nyctalus leisleri,0.008,0.021,-1,Echolocation,/mnt/ubna_data_02_mir/recover-20221013/UBNA_001/20221012_030000.WAV,Telephone Field,recover-20221013,001,1795
939.9635,939.9771,23750,29589,Nyctalus leisleri,0.014,0.033,-1,Echolocation,/mnt/ubna_data_02_mir/recover-20221013/UBNA_001/20221012_030000.WAV,Telephone Field,recover-20221013,001,1795
940.0015,940.0113,20312,25192,Nyctalus leisleri,0.01,0.023,-1,Echolocation,/mnt/ubna_data_02_mir/recover-20221013/UBNA_001/20221012_030000.WAV,Telephone Field,recover-20221013,001,1795
940.0015,940.0371,70156,82856,Rhinolophus ferrumequinum,0.047,0.047,-1,Echolocation,/mnt/ubna_data_02_mir/recover-20221013/UBNA_001/20221012_030000.WAV,Telephone Field,recover-20221013,001,1795
940.0015,940.0103,26328,34905,Eptesicus serotinus,0.008,0.027,-1,Echolocation,/mnt/ubna_data_02_mir/recover-20221013/UBNA_001/20221012_030000.WAV,Telephone Field,recover-20221013,001,1795
940.0375,940.0474,22890,29879,Plecotus austriacus,0.008,0.026,-1,Echolocation,/mnt/ubna_data_02_mir/recover-20221013/UBNA_001/20221012_030000.WAV,Telephone Field,recover-20221013,001,1795
940.0505,940.0887,68437,82006,Rhinolophus ferrumequinum,0.021,0.021,-1,Echolocation,/mnt/ubna_data_02_mir/recover-20221013/UBNA_001/20221012_030000.WAV,Telephone Field,recover-20221013,001,1795
940.0565,940.0936,68437,81971,Rhinolophus ferrumequinum,0.023,0.023,-1,Echolocation,/mnt/ubna_data_02_mir/recover-20221013/UBNA_001/20221012_030000.WAV,Telephone Field,recover-20221013,001,1795
940.0945,940.1306,68437,80882,Rhinolophus ferrumequinum,0.022,0.022,-1,Echolocation,/mnt/ubna_data_02_mir/recover-20221013/UBNA_001/20221012_030000.WAV,Telephone Field,recover-20221013,001,1795
940.1335,940.1474,22031,26063,Nyctalus leisleri,0.016,0.028,-1,Echolocation,/mnt/ubna_data_02_mir/recover-20221013/UBNA_001/20221012_030000.WAV,Telephone Field,recover-20221013,001,1795
940.1395,940.1767,68437,82048,Rhinolophus ferrumequinum,0.021,0.021,-1,Echolocation,/mnt/ubna_data_02_mir/recover-20221013/UBNA_001/20221012_030000.WAV,Telephone Field,recover-20221013,001,1795
940.1895,940.1995,44375,48779,Pipistrellus pipistrellus,0.018,0.022,-1,Echolocation,/mnt/ubna_data_02_mir/recover-20221013/UBNA_001/20221012_030000.WAV,Telephone Field,recover-20221013,001,1795
940.2055,940.2473,68437,82789,Rhinolophus ferrumequinum,0.03,0.03,-1,Echolocation,/mnt/ubna_data_02_mir/recover-20221013/UBNA_001/20221012_030000.WAV,Telephone Field,recover-20221013,001,1795
940.2185,940.256,68437,81725,Rhinolophus ferrumequinum,0.022,0.022,-1,Echolocation,/mnt/ubna_data_02_mir/recover-20221013/UBNA_001/20221012_030000.WAV,Telephone Field,recover-20221013,001,1795
940.2495,940.2584,27187,37782,Eptesicus serotinus,0.009,0.025,-1,Echolocation,/mnt/ubna_data_02_mir/recover-20221013/UBNA_001/20221012_030000.WAV,Telephone Field,recover-20221013,001,1795
940.2845,940.2925,24609,32881,Plecotus austriacus,0.007,0.023,-1,Echolocation,/mnt/ubna_data_02_mir/recover-20221013/UBNA_001/20221012_030000.WAV,Telephone Field,recover-20221013,001,1795
940.3475,940.3886,68437,82449,Rhinolophus ferrumequinum,0.026,0.026,-1,Echolocation,/mnt/ubna_data_02_mir/recover-20221013/UBNA_001/20221012_030000.WAV,Telephone Field,recover-20221013,001,1795
940.4115,940.4515,68437,82277,Rhinolophus ferrumequinum,0.021,0.021,-1,Echolocation,/mnt/ubna_data_02_mir/recover-20221013/UBNA_001/20221012_030000.WAV,Telephone Field,recover-20221013,001,1795
940.4145,940.4211,27187,43357,Eptesicus serotinus,0.007,0.025,-1,Echolocation,/mnt/ubna_data_02_mir/recover-20221013/UBNA_001/20221012_030000.WAV,Telephone Field,recover-20221013,001,1795
940.4295,940.4671,68437,81977,Rhinolophus ferrumequinum,0.022,0.022,-1,Echolocation,/mnt/ubna_data_02_mir/recover-20221013/UBNA_001/20221012_030000.WAV,Telephone Field,recover-20221013,001,1795
940.4355,940.4575,21171,24283,Nyctalus leisleri,0.022,0.044,-1,Echolocation,/mnt/ubna_data_02_mir/recover-20221013/UBNA_001/20221012_030000.WAV,Telephone Field,recover-20221013,001,1795
940.4495,940.4601,28906,35589,Eptesicus serotinus,0.01,0.027,-1,Echolocation,/mnt/ubna_data_02_mir/recover-20221013/UBNA_001/20221012_030000.WAV,Telephone Field,recover-20221013,001,1795
940.4505,940.4903,68437,81988,Rhinolophus ferrumequinum,0.023,0.023,-1,Echolocation,/mnt/ubna_data_02_mir/recover-20221013/UBNA_001/20221012_030000.WAV,Telephone Field,recover-20221013,001,1795
940.4745,940.5138,68437,81679,Rhinolophus ferrumequinum,0.021,0.021,-1,Echolocation,/mnt/ubna_data_02_mir/recover-20221013/UBNA_001/20221012_030000.WAV,Telephone Field,recover-20221013,001,1795
940.5115,940.522,22890,28216,Nyctalus leisleri,0.01,0.023,-1,Echolocation,/mnt/ubna_data_02_mir/recover-20221013/UBNA_001/20221012_030000.WAV,Telephone Field,recover-20221013,001,1795
940.5175,940.556,68437,81078,Rhinolophus ferrumequinum,0.021,0.021,-1,Echolocation,/mnt/ubna_data_02_mir/recover-20221013/UBNA_001/20221012_030000.WAV,Telephone Field,recover-20221013,001,1795
940.5285,940.5658,68437,81411,Rhinolophus ferrumequinum,0.022,0.022,-1,Echolocation,/mnt/ubna_data_02_mir/recover-20221013/UBNA_001/20221012_030000.WAV,Telephone Field,recover-20221013,001,1795
940.5475,940.59,68437,83093,Rhinolophus ferrumequinum,0.023,0.023,-1,Echolocation,/mnt/ubna_data_02_mir/recover-20221013/UBNA_001/20221012_030000.WAV,Telephone Field,recover-20221013,001,1795
940.5845,940.626,68437,82610,Rhinolophus ferrumequinum,0.026,0.026,-1,Echolocation,/mnt/ubna_data_02_mir/recover-20221013/UBNA_001/20221012_030000.WAV,Telephone Field,recover-20221013,001,1795
940.6085,940.6519,68437,83075,Rhinolophus ferrumequinum,0.048,0.049,-1,Echolocation,/mnt/ubna_data_02_mir/recover-20221013/UBNA_001/20221012_030000.WAV,Telephone Field,recover-20221013,001,1795
940.6605,940.7023,68437,83387,Rhinolophus ferrumequinum,0.032,0.032,-1,Echolocation,/mnt/ubna_data_02_mir/recover-20221013/UBNA_001/20221012_030000.WAV,Telephone Field,recover-20221013,001,1795
940.7015,940.7427,68437,82451,Rhinolophus ferrumequinum,0.023,0.023,-1,Echolocation,/mnt/ubna_data_02_mir/recover-20221013/UBNA_001/20221012_030000.WAV,Telephone Field,recover-20221013,001,1795
940.7255,940.7632,68437,82206,Rhinolophus ferrumequinum,0.026,0.026,-1,Echolocation,/mnt/ubna_data_02_mir/recover-20221013/UBNA_001/20221012_030000.WAV,Telephone Field,recover-20221013,001,1795
940.7385,940.7451,28046,41088,Eptesicus serotinus,0.007,0.027,-1,Echolocation,/mnt/ubna_data_02_mir/recover-20221013/UBNA_001/20221012_030000.WAV,Telephone Field,recover-20221013,001,1795
940.7545,940.7658,22031,25978,Nyctalus leisleri,0.013,0.023,-1,Echolocation,/mnt/ubna_data_02_mir/recover-20221013/UBNA_001/20221012_030000.WAV,Telephone Field,recover-20221013,001,1795
940.7625,940.7723,22890,28445,Nyctalus leisleri,0.01,0.022,-1,Echolocation,/mnt/ubna_data_02_mir/recover-20221013/UBNA_001/20221012_030000.WAV,Telephone Field,recover-20221013,001,1795
940.7785,940.8179,68437,81955,Rhinolophus ferrumequinum,0.031,0.031,-1,Echolocation,/mnt/ubna_data_02_mir/recover-20221013/UBNA_001/20221012_030000.WAV,Telephone Field,recover-20221013,001,1795
940.8245,940.867,68437,82895,Rhinolophus ferrumequinum,0.033,0.033,-1,Echolocation,/mnt/ubna_data_02_mir/recover-20221013/UBNA_001/20221012_030000.WAV,Telephone Field,recover-20221013,001,1795
940.8675,940.9073,68437,81836,Rhinolophus ferrumequinum,0.022,0.022,-1,Echolocation,/mnt/ubna_data_02_mir/recover-20221013/UBNA_001/20221012_030000.WAV,Telephone Field,recover-20221013,001,1795
940.8975,940.9077,22031,27729,Nyctalus leisleri,0.011,0.029,-1,Echolocation,/mnt/ubna_data_02_mir/recover-20221013/UBNA_001/20221012_030000.WAV,Telephone Field,recover-20221013,001,1795
940.9135,940.9219,23750,31639,Plecotus austriacus,0.008,0.023,-1,Echolocation,/mnt/ubna_data_02_mir/recover-20221013/UBNA_001/20221012_030000.WAV,Telephone Field,recover-20221013,001,1795
940.9295,940.9684,68437,82236,Rhinolophus ferrumequinum,0.021,0.021,-1,Echolocation,/mnt/ubna_data_02_mir/recover-20221013/UBNA_001/20221012_030000.WAV,Telephone Field,recover-20221013,001,1795
940.9515,940.9882,68437,81184,Rhinolophus ferrumequinum,0.022,0.022,-1,Echolocation,/mnt/ubna_data_02_mir/recover-20221013/UBNA_001/20221012_030000.WAV,Telephone Field,recover-20221013,001,1795
940.9595,940.9992,68437,82485,Rhinolophus ferrumequinum,0.022,0.022,-1,Echolocation,/mnt/ubna_data_02_mir/recover-20221013/UBNA_001/20221012_030000.WAV,Telephone Field,recover-20221013,001,1795
940.9635,940.971,28046,40616,Eptesicus serotinus,0.012,0.031,-1,Echolocation,/mnt/ubna_data_02_mir/recover-20221013/UBNA_001/20221012_030000.WAV,Telephone Field,recover-20221013,001,1795
941.0105,941.0505,68437,81692,Rhinolophus ferrumequinum,0.022,0.022,-1,Echolocation,/mnt/ubna_data_02_mir/recover-20221013/UBNA_001/20221012_030000.WAV,Telephone Field,recover-20221013,001,1795
941.0165,941.0546,68437,82477,Rhinolophus ferrumequinum,0.023,0.023,-1,Echolocation,/mnt/ubna_data_02_mir/recover-20221013/UBNA_001/20221012_030000.WAV,Telephone Field,recover-20221013,001,1795
941.0265,941.0663,68437,82254,Rhinolophus ferrumequinum,0.022,0.022,-1,Echolocation,/mnt/ubna_data_02_mir/recover-20221013/UBNA_001/20221012_030000.WAV,Telephone Field,recover-20221013,001,1795
941.0375,941.0768,68437,81845,Rhinolophus ferrumequinum,0.023,0.023,-1,Echolocation,/mnt/ubna_data_02_mir/recover-20221013/UBNA_001/20221012_030000.WAV,Telephone Field,recover-20221013,001,1795
941.0865,941.0951,43515,54571,Pipistrellus pipistrellus,0.016,0.026,-1,Echolocation,/mnt/ubna_data_02_mir/recover-20221013/UBNA_001/20221012_030000.WAV,Telephone Field,recover-20221013,001,1795
941.0955,941.1312,68437,81919,Rhinolophus ferrumequinum,0.021,0.021,-1,Echolocation,/mnt/ubna_data_02_mir/recover-20221013/UBNA_001/20221012_030000.WAV,Telephone Field,recover-20221013,001,1795
941.1685,941.2091,68437,82807,Rhinolophus ferrumequinum,0.025,0.025,-1,Echolocation,/mnt/ubna_data_02_mir/recover-20221013/UBNA_001/20221012_030000.WAV,Telephone Field,recover-20221013,001,1795
941.1725,941.1859,16015,21103,Nyctalus noctula,0.017,0.027,-1,Echolocation,/mnt/ubna_data_02_mir/recover-20221013/UBNA_001/20221012_030000.WAV,Telephone Field,recover-20221013,001,1795
941.1775,941.1867,22890,29519,Plecotus austriacus,0.006,0.021,-1,Echolocation,/mnt/ubna_data_02_mir/recover-20221013/UBNA_001/20221012_030000.WAV,Telephone Field,recover-20221013,001,1795
941.2035,941.247,68437,82846,Rhinolophus ferrumequinum,0.023,0.023,-1,Echolocation,/mnt/ubna_data_02_mir/recover-20221013/UBNA_001/20221012_030000.WAV,Telephone Field,recover-20221013,001,1795
941.2205,941.2555,68437,81459,Rhinolophus ferrumequinum,0.023,0.023,-1,Echolocation,/mnt/ubna_data_02_mir/recover-20221013/UBNA_001/20221012_030000.WAV,Telephone Field,recover-20221013,001,1795
941.2475,941.2843,68437,81593,Rhinolophus ferrumequinum,0.021,0.021,-1,Echolocation,/mnt/ubna_data_02_mir/recover-20221013/UBNA_001/20221012_030000.WAV,Telephone Field,recover-20221013,001,1795
941.2535,941.2599,31484,51570,Myotis daubentonii,0.012,0.023,-1,Echolocation,/mnt/ubna_data_02_mir/recover-20221013/UBNA_001/20221012_030000.WAV,Telephone Field,recover-20221013,001,1795
941.2545,941.2604,37500,50694,Myotis daubentonii,0.012,0.031,-1,Echolocation,/mnt/ubna_data_02_mir/recover-20221013/UBNA_001/20221012_030000.WAV,Telephone Field,recover-20221013,001,1795
941.2705,941.3067,68437,81334,Rhinolophus ferrumequinum,0.022,0.022,-1,Echolocation,/mnt/ubna_data_02_mir/recover-20221013/UBNA_001/20221012_030000.WAV,Telephone Field,recover-20221013,001,1795
941.3085,941.3475,68437,81941,Rhinolophus ferrumequinum,0.022,0.023,-1,Echolocation,/mnt/ubna_data_02_mir/recover-20221013/UBNA_001/20221012_030000.WAV,Telephone Field,recover-20221013,001,1795
941.3165,941.354,68437,81887,Rhinolophus ferrumequinum,0.023,0.024,-1,Echolocation,/mnt/ubna_data_02_mir/recover-20221013/UBNA_001/20221012_030000.WAV,Telephone Field,recover-20221013,001,1795
941.3325,941.3407,24609,33152,Eptesicus serotinus,0.006,0.022,-1,Echolocation,/mnt/ubna_data_02_mir/recover-20221013/UBNA_001/20221012_030000.WAV,Telephone Field,recover-20221013,001,1795
941.3585,941.3666,28046,37931,Eptesicus serotinus,0.008,0.022,-1,Echolocation,/mnt/ubna_data_02_mir/recover-20221013/UBNA_001/20221012_030000.WAV,Telephone Field,recover-20221013,001,1795
941.3885,941.3987,28046,35660,Eptesicus serotinus,0.012,0.025,-1,Echolocation,/mnt/ubna_data_02_mir/recover-20221013/UBNA_001/20221012_030000.WAV,Telephone Field,recover-20221013,001,1795
941.4105,941.4482,68437,82038,Rhinolophus ferrumequinum,0.025,0.026,-1,Echolocation,/mnt/ubna_data_02_mir/recover-20221013/UBNA_001/20221012_030000.WAV,Telephone Field,recover-20221013,001,1795
941.4315,941.4705,68437,82447,Rhinolophus ferrumequinum,0.03,0.03,-1,Echolocation,/mnt/ubna_data_02_mir/recover-20221013/UBNA_001/20221012_030000.WAV,Telephone Field,recover-20221013,001,1795
941.4365,941.4465,28046,36479,Eptesicus serotinus,0.01,0.022,-1,Echolocation,/mnt/ubna_data_02_mir/recover-20221013/UBNA_001/20221012_030000.WAV,Telephone Field,recover-20221013,001,1795
941.4635,941.4738,23750,30454,Nyctalus leisleri,0.008,0.022,-1,Echolocation,/mnt/ubna_data_02_mir/recover-20221013/UBNA_001/20221012_030000.WAV,Telephone Field,recover-20221013,001,1795
941.4865,941.526,68437,82246,Rhinolophus ferrumequinum,0.022,0.022,-1,Echolocation,/mnt/ubna_data_02_mir/recover-20221013/UBNA_001/20221012_030000.WAV,Telephone Field,recover-20221013,001,1795
941.4875,941.4986,25468,31313,Nyctalus leisleri,0.011,0.029,-1,Echolocation,/mnt/ubna_data_02_mir/recover-20221013/UBNA_001/20221012_030000.WAV,Telephone Field,recover-20221013,001,1795
941.4965,941.5392,68437,83661,Rhinolophus ferrumequinum,0.03,0.03,-1,Echolocation,/mnt/ubna_data_02_mir/recover-20221013/UBNA_001/20221012_030000.WAV,Telephone Field,recover-20221013,001,1795
941.5035,941.5449,68437,83439,Rhinolophus ferrumequinum,0.028,0.028,-1,Echolocation,/mnt/ubna_data_02_mir/recover-20221013/UBNA_001/20221012_030000.WAV,Telephone Field,recover-20221013,001,1795
941.5405,941.5836,68437,83122,Rhinolophus ferrumequinum,0.026,0.026,-1,Echolocation,/mnt/ubna_data_02_mir/recover-20221013/UBNA_001/20221012_030000.WAV,Telephone Field,recover-20221013,001,1795
941.5625,941.5694,24609,33929,Plecotus austriacus,0.009,0.026,-1,Echolocation,/mnt/ubna_data_02_mir/recover-20221013/UBNA_001/20221012_030000.WAV,Telephone Field,recover-20221013,001,1795
941.5715,941.6095,68437,82339,Rhinolophus ferrumequinum,0.029,0.029,-1,Echolocation,/mnt/ubna_data_02_mir/recover-20221013/UBNA_001/20221012_030000.WAV,Telephone Field,recover-20221013,001,1795
941.5995,941.6096,22890,28813,Nyctalus leisleri,0.009,0.023,-1,Echolocation,/mnt/ubna_data_02_mir/recover-20221013/UBNA_001/20221012_030000.WAV,Telephone Field,recover-20221013,001,1795
941.6035,941.6412,68437,81946,Rhinolophus ferrumequinum,0.021,0.021,-1,Echolocation,/mnt/ubna_data_02_mir/recover-20221013/UBNA_001/20221012_030000.WAV,Telephone Field,recover-20221013,001,1795
941.6335,941.6412,25468,34158,Eptesicus serotinus,0.008,0.028,-1,Echolocation,/mnt/ubna_data_02_mir/recover-20221013/UBNA_001/20221012_030000.WAV,Telephone Field,recover-20221013,001,1795
941.6425,941.6803,68437,81630,Rhinolophus ferrumequinum,0.021,0.021,-1,Echolocation,/mnt/ubna_data_02_mir/recover-20221013/UBNA_001/20221012_030000.WAV,Telephone Field,recover-20221013,001,1795
941.6895,941.6966,31484,41655,Myotis daubentonii,0.014,0.028,-1,Echolocation,/mnt/ubna_data_02_mir/recover-20221013/UBNA_001/20221012_030000.WAV,Telephone Field,recover-20221013,001,1795
941.7165,941.7231,26328,36663,Eptesicus serotinus,0.01,0.037,-1,Echolocation,/mnt/ubna_data_02_mir/recover-20221013/UBNA_001/20221012_030000.WAV,Telephone Field,recover-20221013,001,1795
941.7165,941.7574,68437,82132,Rhinolophus ferrumequinum,0.025,0.025,-1,Echolocation,/mnt/ubna_data_02_mir/recover-20221013/UBNA_001/20221012_030000.WAV,Telephone Field,recover-20221013,001,1795
941.7565,941.7658,40937,48950,Pipistrellus nathusii,0.01,0.027,-1,Echolocation,/mnt/ubna_data_02_mir/recover-20221013/UBNA_001/20221012_030000.WAV,Telephone Field,recover-20221013,001,1795
941.7625,941.7726,22890,28727,Nyctalus leisleri,0.008,0.021,-1,Echolocation,/mnt/ubna_data_02_mir/recover-20221013/UBNA_001/20221012_030000.WAV,Telephone Field,recover-20221013,001,1795
941.7945,941.8046,23750,30488,Nyctalus leisleri,0.008,0.022,-1,Echolocation,/mnt/ubna_data_02_mir/recover-20221013/UBNA_001/20221012_030000.WAV,Telephone Field,recover-20221013,001,1795
941.8905,941.9284,68437,81831,Rhinolophus ferrumequinum,0.024,0.024,-1,Echolocation,/mnt/ubna_data_02_mir/recover-20221013/UBNA_001/20221012_030000.WAV,Telephone Field,recover-20221013,001,1795
941.9045,941.9149,37500,42608,Pipistrellus nathusii,0.015,0.027,-1,Echolocation,/mnt/ubna_data_02_mir/recover-20221013/UBNA_001/20221012_030000.WAV,Telephone Field,recover-20221013,001,1795
941.9095,941.9484,68437,81765,Rhinolophus ferrumequinum,0.022,0.022,-1,Echolocation,/mnt/ubna_data_02_mir/recover-20221013/UBNA_001/20221012_030000.WAV,Telephone Field,recover-20221013,001,1795
941.9365,941.9766,68437,82377,Rhinolophus ferrumequinum,0.027,0.027,-1,Echolocation,/mnt/ubna_data_02_mir/recover-20221013/UBNA_001/20221012_030000.WAV,Telephone Field,recover-20221013,001,1795
942.0015,942.0105,48671,55802,Pipistrellus pipistrellus,0.018,0.025,-1,Echolocation,/mnt/ubna_data_02_mir/recover-20221013/UBNA_001/20221012_030000.WAV,Telephone Field,recover-20221013,001,1795
942.0015,942.0102,26328,35621,Nyctalus leisleri,0.008,0.028,-1,Echolocation,/mnt/ubna_data_02_mir/recover-20221013/UBNA_001/20221012_030000.WAV,Telephone Field,recover-20221013,001,1795
942.0015,942.0302,69296,80059,Rhinolophus ferrumequinum,0.029,0.03,-1,Echolocation,/mnt/ubna_data_02_mir/recover-20221013/UBNA_001/20221012_030000.WAV,Telephone Field,recover-20221013,001,1795
942.0225,942.0641,68437,82726,Rhinolophus ferrumequinum,0.026,0.026,-1,Echolocation,/mnt/ubna_data_02_mir/recover-20221013/UBNA_001/20221012_030000.WAV,Telephone Field,recover-20221013,001,1795
942.0275,942.0462,17734,21583,Nyctalus noctula,0.035,0.056,-1,Echolocation,/mnt/ubna_data_02_mir/recover-20221013/UBNA_001/20221012_030000.WAV,Telephone Field,recover-20221013,001,1795
942.0375,942.047,25468,33057,Eptesicus serotinus,0.008,0.022,-1,Echolocation,/mnt/ubna_data_02_mir/recover-20221013/UBNA_001/20221012_030000.WAV,Telephone Field,recover-20221013,001,1795
942.0675,942.0759,27187,36023,Eptesicus serotinus,0.009,0.022,-1,Echolocation,/mnt/ubna_data_02_mir/recover-20221013/UBNA_001/20221012_030000.WAV,Telephone Field,recover-20221013,001,1795
942.0875,942.0994,25468,31324,Nyctalus leisleri,0.01,0.025,-1,Echolocation,/mnt/ubna_data_02_mir/recover-20221013/UBNA_001/20221012_030000.WAV,Telephone Field,recover-20221013,001,1795
942.0975,942.1375,68437,82345,Rhinolophus ferrumequinum,0.026,0.026,-1,Echolocation,/mnt/ubna_data_02_mir/recover-20221013/UBNA_001/20221012_030000.WAV,Telephone Field,recover-20221013,001,1795
942.1025,942.1113,27187,37644,Eptesicus serotinus,0.008,0.021,-1,Echolocation,/mnt/ubna_data_02_mir/recover-20221013/UBNA_001/20221012_030000.WAV,Telephone Field,recover-20221013,001,1795
942.1385,942.1767,68437,81855,Rhinolophus ferrumequinum,0.022,0.022,-1,Echolocation,/mnt/ubna_data_02_mir/recover-20221013/UBNA_001/20221012_030000.WAV,Telephone Field,recover-20221013,001,1795
942.1395,942.1477,26328,36315,Eptesicus serotinus,0.007,0.024,-1,Echolocation,/mnt/ubna_data_02_mir/recover-20221013/UBNA_001/20221012_030000.WAV,Telephone Field,recover-20221013,001,1795
942.2125,942.2234,22890,28660,Nyctalus leisleri,0.011,0.025,-1,Echolocation,/mnt/ubna_data_02_mir/recover-20221013/UBNA_001/20221012_030000.WAV,Telephone Field,recover-20221013,001,1795
942.2355,942.2744,68437,81997,Rhinolophus ferrumequinum,0.02,0.02,-1,Echolocation,/mnt/ubna_data_02_mir/recover-20221013/UBNA_001/20221012_030000.WAV,Telephone Field,recover-20221013,001,1795
942.2565,942.2663,28046,38542,Eptesicus serotinus,0.009,0.022,-1,Echolocation,/mnt/ubna_data_02_mir/recover-20221013/UBNA_001/20221012_030000.WAV,Telephone Field,recover-20221013,001,1795
942.2735,942.2832,22890,28547,Nyctalus leisleri,0.009,0.021,-1,Echolocation,/mnt/ubna_data_02_mir/recover-20221013/UBNA_001/20221012_030000.WAV,Telephone Field,recover-20221013,001,1795
942.3055,942.3479,68437,82788,Rhinolophus ferrumequinum,0.024,0.024,-1,Echolocation,/mnt/ubna_data_02_mir/recover-20221013/UBNA_001/20221012_030000.WAV,Telephone Field,recover-20221013,001,1795
942.3115,942.35,68437,82527,Rhinolophus ferrumequinum,0.022,0.022,-1,Echolocation,/mnt/ubna_data_02_mir/recover-20221013/UBNA_001/20221012_030000.WAV,Telephone Field,recover-20221013,001,1795
942.3145,942.3239,27187,36195,Eptesicus serotinus,0.008,0.021,-1,Echolocation,/mnt/ubna_data_02_mir/recover-20221013/UBNA_001/20221012_030000.WAV,Telephone Field,recover-20221013,001,1795
942.3485,942.385,68437,81750,Rhinolophus ferrumequinum,0.022,0.022,-1,Echolocation,/mnt/ubna_data_02_mir/recover-20221013/UBNA_001/20221012_030000.WAV,Telephone Field,recover-20221013,001,1795
942.3625,942.3814,21171,24791,Nyctalus leisleri,0.017,0.03,-1,Echolocation,/mnt/ubna_data_02_mir/recover-20221013/UBNA_001/20221012_030000.WAV,Telephone Field,recover-20221013,001,1795
942.3635,942.4035,68437,82350,Rhinolophus ferrumequinum,0.023,0.023,-1,Echolocation,/mnt/ubna_data_02_mir/recover-20221013/UBNA_001/20221012_030000.WAV,Telephone Field,recover-20221013,001,1795
942.4385,942.4714,68437,80810,Rhinolophus ferrumequinum,0.021,0.021,-1,Echolocation,/mnt/ubna_data_02_mir/recover-20221013/UBNA_001/20221012_030000.WAV,Telephone Field,recover-20221013,001,1795
942.4475,942.4815,68437,81630,Rhinolophus ferrumequinum,0.024,0.024,-1,Echolocation,/mnt/ubna_data_02_mir/recover-20221013/UBNA_001/20221012_030000.WAV,Telephone Field,recover-20221013,001,1795
942.4755,942.4858,22890,27677,Nyctalus leisleri,0.011,0.023,-1,Echolocation,/mnt/ubna_data_02_mir/recover-20221013/UBNA_001/20221012_030000.WAV,Telephone Field,recover-20221013,001,1795
942.4915,942.53,68437,82251,Rhinolophus ferrumequinum,0.021,0.021,-1,Echolocation,/mnt/ubna_data_02_mir/recover-20221013/UBNA_001/20221012_030000.WAV,Telephone Field,recover-20221013,001,1795
942.5015,942.5409,68437,82196,Rhinolophus ferrumequinum,0.022,0.022,-1,Echolocation,/mnt/ubna_data_02_mir/recover-20221013/UBNA_001/20221012_030000.WAV,Telephone Field,recover-20221013,001,1795
942.5125,942.5513,68437,82389,Rhinolophus ferrumequinum,0.022,0.022,-1,Echolocation,/mnt/ubna_data_02_mir/recover-20221013/UBNA_001/20221012_030000.WAV,Telephone Field,recover-20221013,001,1795
942.5265,942.5629,68437,80817,Rhinolophus ferrumequinum,0.02,0.02,-1,Echolocation,/mnt/ubna_data_02_mir/recover-20221013/UBNA_001/20221012_030000.WAV,Telephone Field,recover-20221013,001,1795
942.5385,942.5769,68437,81693,Rhinolophus ferrumequinum,0.022,0.022,-1,Echolocation,/mnt/ubna_data_02_mir/recover-20221013/UBNA_001/20221012_030000.WAV,Telephone Field,recover-20221013,001,1795
942.5445,942.5531,27187,36747,Eptesicus serotinus,0.008,0.022,-1,Echolocation,/mnt/ubna_data_02_mir/recover-20221013/UBNA_001/20221012_030000.WAV,Telephone Field,recover-20221013,001,1795
942.5475,942.584,68437,82073,Rhinolophus ferrumequinum,0.023,0.023,-1,Echolocation,/mnt/ubna_data_02_mir/recover-20221013/UBNA_001/20221012_030000.WAV,Telephone Field,recover-20221013,001,1795
942.6075,942.6434,68437,81172,Rhinolophus ferrumequinum,0.02,0.02,-1,Echolocation,/mnt/ubna_data_02_mir/recover-20221013/UBNA_001/20221012_030000.WAV,Telephone Field,recover-20221013,001,1795
942.6105,942.6184,27187,43914,Eptesicus serotinus,0.007,0.021,-1,Echolocation,/mnt/ubna_data_02_mir/recover-20221013/UBNA_001/20221012_030000.WAV,Telephone Field,recover-20221013,001,1795
942.6205,942.6582,68437,81864,Rhinolophus ferrumequinum,0.023,0.023,-1,Echolocation,/mnt/ubna_data_02_mir/recover-20221013/UBNA_001/20221012_030000.WAV,Telephone Field,recover-20221013,001,1795
942.6335,942.6716,68437,82535,Rhinolophus ferrumequinum,0.021,0.021,-1,Echolocation,/mnt/ubna_data_02_mir/recover-20221013/UBNA_001/20221012_030000.WAV,Telephone Field,recover-20221013,001,1795
942.6485,942.657,28046,37119,Eptesicus serotinus,0.007,0.021,-1,Echolocation,/mnt/ubna_data_02_mir/recover-20221013/UBNA_001/20221012_030000.WAV,Telephone Field,recover-20221013,001,1795
942.6625,942.67,27187,36206,Eptesicus serotinus,0.007,0.023,-1,Echolocation,/mnt/ubna_data_02_mir/recover-20221013/UBNA_001/20221012_030000.WAV,Telephone Field,recover-20221013,001,1795
942.6665,942.6762,22031,27338,Nyctalus leisleri,0.01,0.026,-1,Echolocation,/mnt/ubna_data_02_mir/recover-20221013/UBNA_001/20221012_030000.WAV,Telephone Field,recover-20221013,001,1795
942.7065,942.7456999999999,68437,81785,Rhinolophus ferrumequinum,0.02,0.021,-1,Echolocation,/mnt/ubna_data_02_mir/recover-20221013/UBNA_001/20221012_030000.WAV,Telephone Field,recover-20221013,001,1795
942.7345,942.7776,68437,82764,Rhinolophus ferrumequinum,0.026,0.026,-1,Echolocation,/mnt/ubna_data_02_mir/recover-20221013/UBNA_001/20221012_030000.WAV,Telephone Field,recover-20221013,001,1795
942.7435,942.7517,28046,37774,Eptesicus serotinus,0.007,0.02,-1,Echolocation,/mnt/ubna_data_02_mir/recover-20221013/UBNA_001/20221012_030000.WAV,Telephone Field,recover-20221013,001,1795
942.7785,942.7875,27187,35932,Eptesicus serotinus,0.01,0.025,-1,Echolocation,/mnt/ubna_data_02_mir/recover-20221013/UBNA_001/20221012_030000.WAV,Telephone Field,recover-20221013,001,1795
942.7995,942.8077,28046,39822,Eptesicus serotinus,0.012,0.029,-1,Echolocation,/mnt/ubna_data_02_mir/recover-20221013/UBNA_001/20221012_030000.WAV,Telephone Field,recover-20221013,001,1795
942.8025,942.8428,68437,81379,Rhinolophus ferrumequinum,0.025,0.025,-1,Echolocation,/mnt/ubna_data_02_mir/recover-20221013/UBNA_001/20221012_030000.WAV,Telephone Field,recover-20221013,001,1795
942.8095,942.8203,22890,27648,Nyctalus leisleri,0.011,0.021,-1,Echolocation,/mnt/ubna_data_02_mir/recover-20221013/UBNA_001/20221012_030000.WAV,Telephone Field,recover-20221013,001,1795
942.8245,942.8626,68437,82245,Rhinolophus ferrumequinum,0.02,0.02,-1,Echolocation,/mnt/ubna_data_02_mir/recover-20221013/UBNA_001/20221012_030000.WAV,Telephone Field,recover-20221013,001,1795
942.8505,942.8873,68437,82092,Rhinolophus ferrumequinum,0.022,0.022,-1,Echolocation,/mnt/ubna_data_02_mir/recover-20221013/UBNA_001/20221012_030000.WAV,Telephone Field,recover-20221013,001,1795
942.8715,942.8815,22031,27535,Nyctalus leisleri,0.008,0.022,-1,Echolocation,/mnt/ubna_data_02_mir/recover-20221013/UBNA_001/20221012_030000.WAV,Telephone Field,recover-20221013,001,1795
942.8735,942.9132,68437,82365,Rhinolophus ferrumequinum,0.022,0.022,-1,Echolocation,/mnt/ubna_data_02_mir/recover-20221013/UBNA_001/20221012_030000.WAV,Telephone Field,recover-20221013,001,1795
942.8945,942.9346,68437,82449,Rhinolophus ferrumequinum,0.029,0.029,-1,Echolocation,/mnt/ubna_data_02_mir/recover-20221013/UBNA_001/20221012_030000.WAV,Telephone Field,recover-20221013,001,1795
942.9205,942.9542,68437,81025,Rhinolophus ferrumequinum,0.021,0.021,-1,Echolocation,/mnt/ubna_data_02_mir/recover-20221013/UBNA_001/20221012_030000.WAV,Telephone Field,recover-20221013,001,1795
942.9315,942.9698,68437,82256,Rhinolophus ferrumequinum,0.021,0.021,-1,Echolocation,/mnt/ubna_data_02_mir/recover-20221013/UBNA_001/20221012_030000.WAV,Telephone Field,recover-20221013,001,1795
942.9405,942.9787,68437,82288,Rhinolophus ferrumequinum,0.026,0.026,-1,Echolocation,/mnt/ubna_data_02_mir/recover-20221013/UBNA_001/20221012_030000.WAV,Telephone Field,recover-20221013,001,1795
942.9515,942.9707,19453,22627,Nyctalus leisleri,0.016,0.032,-1,Echolocation,/mnt/ubna_data_02_mir/recover-20221013/UBNA_001/20221012_030000.WAV,Telephone Field,recover-20221013,001,1795
942.9855,942.9935,31484,41712,Myotis daubentonii,0.007,0.021,-1,Echolocation,/mnt/ubna_data_02_mir/recover-20221013/UBNA_001/20221012_030000.WAV,Telephone Field,recover-20221013,001,1795
943.0225,943.0609,68437,81800,Rhinolophus ferrumequinum,0.022,0.022,-1,Echolocation,/mnt/ubna_data_02_mir/recover-20221013/UBNA_001/20221012_030000.WAV,Telephone Field,recover-20221013,001,1795
943.0335,943.0437,28906,36615,Eptesicus serotinus,0.009,0.023,-1,Echolocation,/mnt/ubna_data_02_mir/recover-20221013/UBNA_001/20221012_030000.WAV,Telephone Field,recover-20221013,001,1795
943.0525,943.0639,46093,49630,Pipistrellus pipistrellus,0.041,0.045,-1,Echolocation,/mnt/ubna_data_02_mir/recover-20221013/UBNA_001/20221012_030000.WAV,Telephone Field,recover-20221013,001,1795
943.0755,943.1113,68437,81370,Rhinolophus ferrumequinum,0.02,0.021,-1,Echolocation,/mnt/ubna_data_02_mir/recover-20221013/UBNA_001/20221012_030000.WAV,Telephone Field,recover-20221013,001,1795
943.0935,943.1351,68437,82972,Rhinolophus ferrumequinum,0.028,0.028,-1,Echolocation,/mnt/ubna_data_02_mir/recover-20221013/UBNA_001/20221012_030000.WAV,Telephone Field,recover-20221013,001,1795
943.1495,943.1969,68437,83526,Rhinolophus ferrumequinum,0.083,0.083,-1,Echolocation,/mnt/ubna_data_02_mir/recover-20221013/UBNA_001/20221012_030000.WAV,Telephone Field,recover-20221013,001,1795
943.2185,943.2257,28046,40422,Eptesicus serotinus,0.006,0.023,-1,Echolocation,/mnt/ubna_data_02_mir/recover-20221013/UBNA_001/20221012_030000.WAV,Telephone Field,recover-20221013,001,1795
943.2255,943.2637,68437,82330,Rhinolophus ferrumequinum,0.027,0.027,-1,Echolocation,/mnt/ubna_data_02_mir/recover-20221013/UBNA_001/20221012_030000.WAV,Telephone Field,recover-20221013,001,1795
943.2295,943.2386,27187,35451,Eptesicus serotinus,0.019,0.038,-1,Echolocation,/mnt/ubna_data_02_mir/recover-20221013/UBNA_001/20221012_030000.WAV,Telephone Field,recover-20221013,001,1795
943.2785,943.2886,22031,26946,Nyctalus leisleri,0.009,0.02,-1,Echolocation,/mnt/ubna_data_02_mir/recover-20221013/UBNA_001/20221012_030000.WAV,Telephone Field,recover-20221013,001,1795
943.2965,943.331,68437,81541,Rhinolophus ferrumequinum,0.021,0.021,-1,Echolocation,/mnt/ubna_data_02_mir/recover-20221013/UBNA_001/20221012_030000.WAV,Telephone Field,recover-20221013,001,1795
943.3115,943.3265,22890,26985,Nyctalus leisleri,0.019,0.035,-1,Echolocation,/mnt/ubna_data_02_mir/recover-20221013/UBNA_001/20221012_030000.WAV,Telephone Field,recover-20221013,001,1795
943.3315,943.3402,28906,37151,Eptesicus serotinus,0.009,0.026,-1,Echolocation,/mnt/ubna_data_02_mir/recover-20221013/UBNA_001/20221012_030000.WAV,Telephone Field,recover-20221013,001,1795
943.3455,943.3829,68437,81941,Rhinolophus ferrumequinum,0.02,0.02,-1,Echolocation,/mnt/ubna_data_02_mir/recover-20221013/UBNA_001/20221012_030000.WAV,Telephone Field,recover-20221013,001,1795
943.3475,943.3587,22031,26664,Nyctalus leisleri,0.011,0.022,-1,Echolocation,/mnt/ubna_data_02_mir/recover-20221013/UBNA_001/20221012_030000.WAV,Telephone Field,recover-20221013,001,1795
943.3705,943.3781,23750,32509,Plecotus austriacus,0.011,0.025,-1,Echolocation,/mnt/ubna_data_02_mir/recover-20221013/UBNA_001/20221012_030000.WAV,Telephone Field,recover-20221013,001,1795
943.3715,943.4091,68437,81730,Rhinolophus ferrumequinum,0.021,0.021,-1,Echolocation,/mnt/ubna_data_02_mir/recover-20221013/UBNA_001/20221012_030000.WAV,Telephone Field,recover-20221013,001,1795
943.3825,943.4233,68437,82774,Rhinolophus ferrumequinum,0.024,0.024,-1,Echolocation,/mnt/ubna_data_02_mir/recover-20221013/UBNA_001/20221012_030000.WAV,Telephone Field,recover-20221013,001,1795
943.3985,943.4347,68437,81480,Rhinolophus ferrumequinum,0.024,0.024,-1,Echolocation,/mnt/ubna_data_02_mir/recover-20221013/UBNA_001/20221012_030000.WAV,Telephone Field,recover-20221013,001,1795
943.4085,943.4465,68437,82480,Rhinolophus ferrumequinum,0.021,0.021,-1,Echolocation,/mnt/ubna_data_02_mir/recover-20221013/UBNA_001/20221012_030000.WAV,Telephone Field,recover-20221013,001,1795
943.4285,943.4695,68437,83093,Rhinolophus ferrumequinum,0.032,0.032,-1,Echolocation,/mnt/ubna_data_02_mir/recover-20221013/UBNA_001/20221012_030000.WAV,Telephone Field,recover-20221013,001,1795
943.4325,943.4403,28906,39074,Eptesicus serotinus,0.006,0.021,-1,Echolocation,/mnt/ubna_data_02_mir/recover-20221013/UBNA_001/20221012_030000.WAV,Telephone Field,recover-20221013,001,1795
943.4355,943.4743,68437,81719,Rhinolophus ferrumequinum,0.022,0.022,-1,Echolocation,/mnt/ubna_data_02_mir/recover-20221013/UBNA_001/20221012_030000.WAV,Telephone Field,recover-20221013,001,1795
943.4725,943.5097,68437,81757,Rhinolophus ferrumequinum,0.021,0.021,-1,Echolocation,/mnt/ubna_data_02_mir/recover-20221013/UBNA_001/20221012_030000.WAV,Telephone Field,recover-20221013,001,1795
943.5025,943.5419,68437,82722,Rhinolophus ferrumequinum,0.022,0.022,-1,Echolocation,/mnt/ubna_data_02_mir/recover-20221013/UBNA_001/20221012_030000.WAV,Telephone Field,recover-20221013,001,1795
943.5025,943.5123,28046,36599,Eptesicus serotinus,0.009,0.022,-1,Echolocation,/mnt/ubna_data_02_mir/recover-20221013/UBNA_001/20221012_030000.WAV,Telephone Field,recover-20221013,001,1795
943.5055,943.5127,44375,55267,Pipistrellus pipistrellus,0.011,0.022,-1,Echolocation,/mnt/ubna_data_02_mir/recover-20221013/UBNA_001/20221012_030000.WAV,Telephone Field,recover-20221013,001,1795
943.5245,943.5676,68437,82977,Rhinolophus ferrumequinum,0.039,0.039,-1,Echolocation,/mnt/ubna_data_02_mir/recover-20221013/UBNA_001/20221012_030000.WAV,Telephone Field,recover-20221013,001,1795
943.5545,943.5626,26328,35767,Eptesicus serotinus,0.009,0.023,-1,Echolocation,/mnt/ubna_data_02_mir/recover-20221013/UBNA_001/20221012_030000.WAV,Telephone Field,recover-20221013,001,1795
943.5975,943.6344,68437,81463,Rhinolophus ferrumequinum,0.025,0.025,-1,Echolocation,/mnt/ubna_data_02_mir/recover-20221013/UBNA_001/20221012_030000.WAV,Telephone Field,recover-20221013,001,1795
943.6135,943.6563,68437,83003,Rhinolophus ferrumequinum,0.042,0.042,-1,Echolocation,/mnt/ubna_data_02_mir/recover-20221013/UBNA_001/20221012_030000.WAV,Telephone Field,recover-20221013,001,1795
943.6165,943.6255,27187,39357,Eptesicus serotinus,0.011,0.028,-1,Echolocation,/mnt/ubna_data_02_mir/recover-20221013/UBNA_001/20221012_030000.WAV,Telephone Field,recover-20221013,001,1795
943.6815,943.7192,68437,81605,Rhinolophus ferrumequinum,0.02,0.02,-1,Echolocation,/mnt/ubna_data_02_mir/recover-20221013/UBNA_001/20221012_030000.WAV,Telephone Field,recover-20221013,001,1795
943.7065,943.7135,26328,35384,Eptesicus serotinus,0.006,0.021,-1,Echolocation,/mnt/ubna_data_02_mir/recover-20221013/UBNA_001/20221012_030000.WAV,Telephone Field,recover-20221013,001,1795
943.7345,943.7445,22890,29544,Nyctalus leisleri,0.008,0.023,-1,Echolocation,/mnt/ubna_data_02_mir/recover-20221013/UBNA_001/20221012_030000.WAV,Telephone Field,recover-20221013,001,1795
943.7475,943.7568,22890,28785,Nyctalus leisleri,0.007,0.021,-1,Echolocation,/mnt/ubna_data_02_mir/recover-20221013/UBNA_001/20221012_030000.WAV,Telephone Field,recover-20221013,001,1795
943.7815,943.8215,68437,82241,Rhinolophus ferrumequinum,0.022,0.022,-1,Echolocation,/mnt/ubna_data_02_mir/recover-20221013/UBNA_001/20221012_030000.WAV,Telephone Field,recover-20221013,001,1795
943.8435,943.8802,68437,81654,Rhinolophus ferrumequinum,0.021,0.021,-1,Echolocation,/mnt/ubna_data_02_mir/recover-20221013/UBNA_001/20221012_030000.WAV,Telephone Field,recover-20221013,001,1795
943.8465,943.8583,22031,25958,Nyctalus leisleri,0.015,0.024,-1,Echolocation,/mnt/ubna_data_02_mir/recover-20221013/UBNA_001/20221012_030000.WAV,Telephone Field,recover-20221013,001,1795
943.8525,943.8933,68437,82308,Rhinolophus ferrumequinum,0.025,0.025,-1,Echolocation,/mnt/ubna_data_02_mir/recover-20221013/UBNA_001/20221012_030000.WAV,Telephone Field,recover-20221013,001,1795
943.8715,943.8823,28906,37882,Eptesicus serotinus,0.013,0.026,-1,Echolocation,/mnt/ubna_data_02_mir/recover-20221013/UBNA_001/20221012_030000.WAV,Telephone Field,recover-20221013,001,1795
943.8935,943.9012,28046,37998,Eptesicus serotinus,0.007,0.022,-1,Echolocation,/mnt/ubna_data_02_mir/recover-20221013/UBNA_001/20221012_030000.WAV,Telephone Field,recover-20221013,001,1795
943.9225,943.9627,68437,82224,Rhinolophus ferrumequinum,0.022,0.022,-1,Echolocation,/mnt/ubna_data_02_mir/recover-20221013/UBNA_001/20221012_030000.WAV,Telephone Field,recover-20221013,001,1795
943.9815,943.9913,23750,30082,Nyctalus leisleri,0.008,0.022,-1,Echolocation,/mnt/ubna_data_02_mir/recover-20221013/UBNA_001/20221012_030000.WAV,Telephone Field,recover-20221013,001,1795
944.0015,944.033,68437,80050,Rhinolophus ferrumequinum,0.063,0.063,-1,Echolocation,/mnt/ubna_data_02_mir/recover-20221013/UBNA_001/20221012_030000.WAV,Telephone Field,recover-20221013,001,1795
944.0015,944.0088,23750,34394,Plecotus austriacus,0.009,0.03,-1,Echolocation,/mnt/ubna_data_02_mir/recover-20221013/UBNA_001/20221012_030000.WAV,Telephone Field,recover-20221013,001,1795
944.0015,944.0124,32343,39914,Eptesicus serotinus,0.012,0.039,-1,Echolocation,/mnt/ubna_data_02_mir/recover-20221013/UBNA_001/20221012_030000.WAV,Telephone Field,recover-20221013,001,1795
944.0575,944.0986,68437,82675,Rhinolophus ferrumequinum,0.025,0.025,-1,Echolocation,/mnt/ubna_data_02_mir/recover-20221013/UBNA_001/20221012_030000.WAV,Telephone Field,recover-20221013,001,1795
944.0695,944.0754,39218,62767,Myotis brandtii,0.008,0.023,-1,Echolocation,/mnt/ubna_data_02_mir/recover-20221013/UBNA_001/20221012_030000.WAV,Telephone Field,recover-20221013,001,1795
944.1105,944.1181,27187,38267,Eptesicus serotinus,0.006,0.022,-1,Echolocation,/mnt/ubna_data_02_mir/recover-20221013/UBNA_001/20221012_030000.WAV,Telephone Field,recover-20221013,001,1795
944.1255,944.164,68437,82121,Rhinolophus ferrumequinum,0.023,0.023,-1,Echolocation,/mnt/ubna_data_02_mir/recover-20221013/UBNA_001/20221012_030000.WAV,Telephone Field,recover-20221013,001,1795
944.1405,944.1788,68437,82313,Rhinolophus ferrumequinum,0.025,0.025,-1,Echolocation,/mnt/ubna_data_02_mir/recover-20221013/UBNA_001/20221012_030000.WAV,Telephone Field,recover-20221013,001,1795
944.1585,944.2003,68437,83112,Rhinolophus ferrumequinum,0.026,0.026,-1,Echolocation,/mnt/ubna_data_02_mir/recover-20221013/UBNA_001/20221012_030000.WAV,Telephone Field,recover-20221013,001,1795
944.1995,944.2415,68437,82800,Rhinolophus ferrumequinum,0.027,0.027,-1,Echolocation,/mnt/ubna_data_02_mir/recover-20221013/UBNA_001/20221012_030000.WAV,Telephone Field,recover-20221013,001,1795
944.2115,944.2495,68437,82374,Rhinolophus ferrumequinum,0.024,0.024,-1,Echolocation,/mnt/ubna_data_02_mir/recover-20221013/UBNA_001/20221012_030000.WAV,Telephone Field,recover-20221013,001,1795
944.2185,944.2575,68437,82204,Rhinolophus ferrumequinum,0.022,0.022,-1,Echolocation,/mnt/ubna_data_02_mir/recover-20221013/UBNA_001/20221012_030000.WAV,Telephone Field,recover-20221013,001,1795
944.2285,944.2681,68437,82428,Rhinolophus ferrumequinum,0.025,0.025,-1,Echolocation,/mnt/ubna_data_02_mir/recover-20221013/UBNA_001/20221012_030000.WAV,Telephone Field,recover-20221013,001,1795
944.2415,944.2493,28046,41431,Eptesicus serotinus,0.008,0.026,-1,Echolocation,/mnt/ubna_data_02_mir/recover-20221013/UBNA_001/20221012_030000.WAV,Telephone Field,recover-20221013,001,1795
944.2675,944.2772,28906,37003,Eptesicus serotinus,0.008,0.022,-1,Echolocation,/mnt/ubna_data_02_mir/recover-20221013/UBNA_001/20221012_030000.WAV,Telephone Field,recover-20221013,001,1795
944.2885,944.3275,68437,81946,Rhinolophus ferrumequinum,0.022,0.023,-1,Echolocation,/mnt/ubna_data_02_mir/recover-20221013/UBNA_001/20221012_030000.WAV,Telephone Field,recover-20221013,001,1795
944.2945,944.3353,68437,82226,Rhinolophus ferrumequinum,0.022,0.022,-1,Echolocation,/mnt/ubna_data_02_mir/recover-20221013/UBNA_001/20221012_030000.WAV,Telephone Field,recover-20221013,001,1795
944.3185,944.3293,30625,38432,Eptesicus serotinus,0.011,0.028,-1,Echolocation,/mnt/ubna_data_02_mir/recover-20221013/UBNA_001/20221012_030000.WAV,Telephone Field,recover-20221013,001,1795
944.3335,944.3727,68437,82072,Rhinolophus ferrumequinum,0.024,0.024,-1,Echolocation,/mnt/ubna_data_02_mir/recover-20221013/UBNA_001/20221012_030000.WAV,Telephone Field,recover-20221013,001,1795
944.3555,944.3935,68437,81936,Rhinolophus ferrumequinum,0.022,0.022,-1,Echolocation,/mnt/ubna_data_02_mir/recover-20221013/UBNA_001/20221012_030000.WAV,Telephone Field,recover-20221013,001,1795
944.4135,944.4247,24609,31381,Nyctalus leisleri,0.009,0.025,-1,Echolocation,/mnt/ubna_data_02_mir/recover-20221013/UBNA_001/20221012_030000.WAV,Telephone Field,recover-20221013,001,1795
944.4195,944.4326,23750,28408,Nyctalus leisleri,0.013,0.025,-1,Echolocation,/mnt/ubna_data_02_mir/recover-20221013/UBNA_001/20221012_030000.WAV,Telephone Field,recover-20221013,001,1795
944.4335,944.4713,68437,82259,Rhinolophus ferrumequinum,0.024,0.024,-1,Echolocation,/mnt/ubna_data_02_mir/recover-20221013/UBNA_001/20221012_030000.WAV,Telephone Field,recover-20221013,001,1795
944.4495,944.4648,21171,25469,Nyctalus leisleri,0.013,0.029,-1,Echolocation,/mnt/ubna_data_02_mir/recover-20221013/UBNA_001/20221012_030000.WAV,Telephone Field,recover-20221013,001,1795
944.4705,944.5079,68437,82760,Rhinolophus ferrumequinum,0.025,0.025,-1,Echolocation,/mnt/ubna_data_02_mir/recover-20221013/UBNA_001/20221012_030000.WAV,Telephone Field,recover-20221013,001,1795
944.5495,944.5907,68437,82529,Rhinolophus ferrumequinum,0.024,0.024,-1,Echolocation,/mnt/ubna_data_02_mir/recover-20221013/UBNA_001/20221012_030000.WAV,Telephone Field,recover-20221013,001,1795
944.5675,944.5745,28046,39257,Eptesicus serotinus,0.006,0.024,-1,Echolocation,/mnt/ubna_data_02_mir/recover-20221013/UBNA_001/20221012_030000.WAV,Telephone Field,recover-20221013,001,1795
944.5715,944.6087,68437,82140,Rhinolophus ferrumequinum,0.023,0.023,-1,Echolocation,/mnt/ubna_data_02_mir/recover-20221013/UBNA_001/20221012_030000.WAV,Telephone Field,recover-20221013,001,1795
944.5875,944.5971,27187,35980,Eptesicus serotinus,0.01,0.022,-1,Echolocation,/mnt/ubna_data_02_mir/recover-20221013/UBNA_001/20221012_030000.WAV,Telephone Field,recover-20221013,001,1795
944.5945,944.632,68437,81704,Rhinolophus ferrumequinum,0.026,0.026,-1,Echolocation,/mnt/ubna_data_02_mir/recover-20221013/UBNA_001/20221012_030000.WAV,Telephone Field,recover-20221013,001,1795
944.6035,944.6434,68437,82744,Rhinolophus ferrumequinum,0.03,0.03,-1,Echolocation,/mnt/ubna_data_02_mir/recover-20221013/UBNA_001/20221012_030000.WAV,Telephone Field,recover-20221013,001,1795
944.6125,944.6256,22890,27081,Nyctalus leisleri,0.013,0.023,-1,Echolocation,/mnt/ubna_data_02_mir/recover-20221013/UBNA_001/20221012_030000.WAV,Telephone Field,recover-20221013,001,1795
944.6365,944.6736,68437,81956,Rhinolophus ferrumequinum,0.025,0.025,-1,Echolocation,/mnt/ubna_data_02_mir/recover-20221013/UBNA_001/20221012_030000.WAV,Telephone Field,recover-20221013,001,1795
944.6475,944.687,68437,82254,Rhinolophus ferrumequinum,0.023,0.023,-1,Echolocation,/mnt/ubna_data_02_mir/recover-20221013/UBNA_001/20221012_030000.WAV,Telephone Field,recover-20221013,001,1795
944.6865,944.6936,27187,39355,Eptesicus serotinus,0.006,0.023,-1,Echolocation,/mnt/ubna_data_02_mir/recover-20221013/UBNA_001/20221012_030000.WAV,Telephone Field,recover-20221013,001,1795
944.7035,944.7408,68437,81725,Rhinolophus ferrumequinum,0.022,0.022,-1,Echolocation,/mnt/ubna_data_02_mir/recover-20221013/UBNA_001/20221012_030000.WAV,Telephone Field,recover-20221013,001,1795
944.7115,944.7452,68437,81719,Rhinolophus ferrumequinum,0.022,0.022,-1,Echolocation,/mnt/ubna_data_02_mir/recover-20221013/UBNA_001/20221012_030000.WAV,Telephone Field,recover-20221013,001,1795
944.7255,944.7646,68437,82507,Rhinolophus ferrumequinum,0.022,0.022,-1,Echolocation,/mnt/ubna_data_02_mir/recover-20221013/UBNA_001/20221012_030000.WAV,Telephone Field,recover-20221013,001,1795
944.7585,944.7924,68437,81460,Rhinolophus ferrumequinum,0.024,0.024,-1,Echolocation,/mnt/ubna_data_02_mir/recover-20221013/UBNA_001/20221012_030000.WAV,Telephone Field,recover-20221013,001,1795
944.7955,944.8038,28046,39274,Eptesicus serotinus,0.008,0.022,-1,Echolocation,/mnt/ubna_data_02_mir/recover-20221013/UBNA_001/20221012_030000.WAV,Telephone Field,recover-20221013,001,1795
944.8295,944.8664,68437,81906,Rhinolophus ferrumequinum,0.023,0.023,-1,Echolocation,/mnt/ubna_data_02_mir/recover-20221013/UBNA_001/20221012_030000.WAV,Telephone Field,recover-20221013,001,1795
944.8365,944.8748,68437,82235,Rhinolophus ferrumequinum,0.023,0.023,-1,Echolocation,/mnt/ubna_data_02_mir/recover-20221013/UBNA_001/20221012_030000.WAV,Telephone Field,recover-20221013,001,1795
944.8425,944.8819,68437,82309,Rhinolophus ferrumequinum,0.025,0.025,-1,Echolocation,/mnt/ubna_data_02_mir/recover-20221013/UBNA_001/20221012_030000.WAV,Telephone Field,recover-20221013,001,1795
944.8425,944.8531,28046,34430,Eptesicus serotinus,0.012,0.025,-1,Echolocation,/mnt/ubna_data_02_mir/recover-20221013/UBNA_001/20221012_030000.WAV,Telephone Field,recover-20221013,001,1795
944.8785,944.8863,28046,36430,Eptesicus serotinus,0.007,0.023,-1,Echolocation,/mnt/ubna_data_02_mir/recover-20221013/UBNA_001/20221012_030000.WAV,Telephone Field,recover-20221013,001,1795
944.9035,944.9379,68437,80476,Rhinolophus ferrumequinum,0.022,0.023,-1,Echolocation,/mnt/ubna_data_02_mir/recover-20221013/UBNA_001/20221012_030000.WAV,Telephone Field,recover-20221013,001,1795
944.9225,944.9326,22031,28192,Plecotus austriacus,0.009,0.026,-1,Echolocation,/mnt/ubna_data_02_mir/recover-20221013/UBNA_001/20221012_030000.WAV,Telephone Field,recover-20221013,001,1795
944.9385,944.9462,27187,40957,Eptesicus serotinus,0.008,0.024,-1,Echolocation,/mnt/ubna_data_02_mir/recover-20221013/UBNA_001/20221012_030000.WAV,Telephone Field,recover-20221013,001,1795
944.9955,945.0028,27187,36240,Eptesicus serotinus,0.01,0.028,-1,Echolocation,/mnt/ubna_data_02_mir/recover-20221013/UBNA_001/20221012_030000.WAV,Telephone Field,recover-20221013,001,1795
945.0305,945.067,68437,82263,Rhinolophus ferrumequinum,0.022,0.022,-1,Echolocation,/mnt/ubna_data_02_mir/recover-20221013/UBNA_001/20221012_030000.WAV,Telephone Field,recover-20221013,001,1795
945.0475,945.0558,28046,40112,Eptesicus serotinus,0.008,0.024,-1,Echolocation,/mnt/ubna_data_02_mir/recover-20221013/UBNA_001/20221012_030000.WAV,Telephone Field,recover-20221013,001,1795
945.0545,945.0646,22890,29124,Nyctalus leisleri,0.01,0.024,-1,Echolocation,/mnt/ubna_data_02_mir/recover-20221013/UBNA_001/20221012_030000.WAV,Telephone Field,recover-20221013,001,1795
945.0585,945.0996,68437,82574,Rhinolophus ferrumequinum,0.029,0.029,-1,Echolocation,/mnt/ubna_data_02_mir/recover-20221013/UBNA_001/20221012_030000.WAV,Telephone Field,recover-20221013,001,1795
945.0685,945.1097,68437,83223,Rhinolophus ferrumequinum,0.039,0.039,-1,Echolocation,/mnt/ubna_data_02_mir/recover-20221013/UBNA_001/20221012_030000.WAV,Telephone Field,recover-20221013,001,1795
945.1795,945.2202,68437,83013,Rhinolophus ferrumequinum,0.038,0.038,-1,Echolocation,/mnt/ubna_data_02_mir/recover-20221013/UBNA_001/20221012_030000.WAV,Telephone Field,recover-20221013,001,1795
945.1945,945.2381,68437,83305,Rhinolophus ferrumequinum,0.05,0.05,-1,Echolocation,/mnt/ubna_data_02_mir/recover-20221013/UBNA_001/20221012_030000.WAV,Telephone Field,recover-20221013,001,1795
945.2175,945.2602,68437,83076,Rhinolophus ferrumequinum,0.029,0.029,-1,Echolocation,/mnt/ubna_data_02_mir/recover-20221013/UBNA_001/20221012_030000.WAV,Telephone Field,recover-20221013,001,1795
945.2205,945.2269,29765,54180,Myotis daubentonii,0.01,0.023,-1,Echolocation,/mnt/ubna_data_02_mir/recover-20221013/UBNA_001/20221012_030000.WAV,Telephone Field,recover-20221013,001,1795
945.2575,945.297,68437,82032,Rhinolophus ferrumequinum,0.023,0.023,-1,Echolocation,/mnt/ubna_data_02_mir/recover-20221013/UBNA_001/20221012_030000.WAV,Telephone Field,recover-20221013,001,1795
945.3115,945.3518,68437,83189,Rhinolophus ferrumequinum,0.035,0.035,-1,Echolocation,/mnt/ubna_data_02_mir/recover-20221013/UBNA_001/20221012_030000.WAV,Telephone Field,recover-20221013,001,1795
945.3135,945.3202,27187,41614,Eptesicus serotinus,0.006,0.023,-1,Echolocation,/mnt/ubna_data_02_mir/recover-20221013/UBNA_001/20221012_030000.WAV,Telephone Field,recover-20221013,001,1795
945.3265,945.3629,68437,81464,Rhinolophus ferrumequinum,0.024,0.024,-1,Echolocation,/mnt/ubna_data_02_mir/recover-20221013/UBNA_001/20221012_030000.WAV,Telephone Field,recover-20221013,001,1795
945.4145,945.4555,68437,82712,Rhinolophus ferrumequinum,0.025,0.025,-1,Echolocation,/mnt/ubna_data_02_mir/recover-20221013/UBNA_001/20221012_030000.WAV,Telephone Field,recover-20221013,001,1795
945.4535,945.4935,68437,83394,Rhinolophus ferrumequinum,0.025,0.025,-1,Echolocation,/mnt/ubna_data_02_mir/recover-20221013/UBNA_001/20221012_030000.WAV,Telephone Field,recover-20221013,001,1795
945.4855,945.5284,68437,83323,Rhinolophus ferrumequinum,0.037,0.037,-1,Echolocation,/mnt/ubna_data_02_mir/recover-20221013/UBNA_001/20221012_030000.WAV,Telephone Field,recover-20221013,001,1795
945.5075,945.5446,68437,81672,Rhinolophus ferrumequinum,0.026,0.026,-1,Echolocation,/mnt/ubna_data_02_mir/recover-20221013/UBNA_001/20221012_030000.WAV,Telephone Field,recover-20221013,001,1795
945.5425,945.5507,27187,39291,Eptesicus serotinus,0.008,0.023,-1,Echolocation,/mnt/ubna_data_02_mir/recover-20221013/UBNA_001/20221012_030000.WAV,Telephone Field,recover-20221013,001,1795
945.5445,945.5558,34062,40448,Barbastellus barbastellus,0.017,0.055,-1,Echolocation,/mnt/ubna_data_02_mir/recover-20221013/UBNA_001/20221012_030000.WAV,Telephone Field,recover-20221013,001,1795
945.6065,945.617,22890,28673,Nyctalus leisleri,0.009,0.022,-1,Echolocation,/mnt/ubna_data_02_mir/recover-20221013/UBNA_001/20221012_030000.WAV,Telephone Field,recover-20221013,001,1795
945.6125,945.6531,68437,82833,Rhinolophus ferrumequinum,0.022,0.022,-1,Echolocation,/mnt/ubna_data_02_mir/recover-20221013/UBNA_001/20221012_030000.WAV,Telephone Field,recover-20221013,001,1795
945.6425,945.6516,48671,58049,Pipistrellus pipistrellus,0.023,0.028,-1,Echolocation,/mnt/ubna_data_02_mir/recover-20221013/UBNA_001/20221012_030000.WAV,Telephone Field,recover-20221013,001,1795
945.6885,945.7279,68437,82760,Rhinolophus ferrumequinum,0.028,0.028,-1,Echolocation,/mnt/ubna_data_02_mir/recover-20221013/UBNA_001/20221012_030000.WAV,Telephone Field,recover-20221013,001,1795
945.7365,945.7792,68437,82976,Rhinolophus ferrumequinum,0.032,0.032,-1,Echolocation,/mnt/ubna_data_02_mir/recover-20221013/UBNA_001/20221012_030000.WAV,Telephone Field,recover-20221013,001,1795
945.7735,945.8116,68437,82307,Rhinolophus ferrumequinum,0.023,0.023,-1,Echolocation,/mnt/ubna_data_02_mir/recover-20221013/UBNA_001/20221012_030000.WAV,Telephone Field,recover-20221013,001,1795
945.7765,945.7885,31484,37052,Eptesicus serotinus,0.009,0.027,-1,Echolocation,/mnt/ubna_data_02_mir/recover-20221013/UBNA_001/20221012_030000.WAV,Telephone Field,recover-20221013,001,1795
945.7965,945.836,68437,82238,Rhinolophus ferrumequinum,0.026,0.026,-1,Echolocation,/mnt/ubna_data_02_mir/recover-20221013/UBNA_001/20221012_030000.WAV,Telephone Field,recover-20221013,001,1795
945.8055,945.8115,28906,39238,Eptesicus serotinus,0.007,0.029,-1,Echolocation,/mnt/ubna_data_02_mir/recover-20221013/UBNA_001/20221012_030000.WAV,Telephone Field,recover-20221013,001,1795
945.8755,945.9161,68437,82089,Rhinolophus ferrumequinum,0.022,0.022,-1,Echolocation,/mnt/ubna_data_02_mir/recover-20221013/UBNA_001/20221012_030000.WAV,Telephone Field,recover-20221013,001,1795
945.9165,945.958,68437,83011,Rhinolophus ferrumequinum,0.032,0.032,-1,Echolocation,/mnt/ubna_data_02_mir/recover-20221013/UBNA_001/20221012_030000.WAV,Telephone Field,recover-20221013,001,1795
945.9485,945.9862,68437,81992,Rhinolophus ferrumequinum,0.025,0.025,-1,Echolocation,/mnt/ubna_data_02_mir/recover-20221013/UBNA_001/20221012_030000.WAV,Telephone Field,recover-20221013,001,1795
945.9485,945.9585,24609,31625,Nyctalus leisleri,0.008,0.026,-1,Echolocation,/mnt/ubna_data_02_mir/recover-20221013/UBNA_001/20221012_030000.WAV,Telephone Field,recover-20221013,001,1795
945.9685,945.9794,23750,28339,Nyctalus leisleri,0.016,0.03,-1,Echolocation,/mnt/ubna_data_02_mir/recover-20221013/UBNA_001/20221012_030000.WAV,Telephone Field,recover-20221013,001,1795
946.0015,946.0367,68437,80181,Rhinolophus ferrumequinum,0.053,0.053,-1,Echolocation,/mnt/ubna_data_02_mir/recover-20221013/UBNA_001/20221012_030000.WAV,Telephone Field,recover-20221013,001,1795
946.0015,946.0107,27187,34478,Eptesicus serotinus,0.014,0.038,-1,Echolocation,/mnt/ubna_data_02_mir/recover-20221013/UBNA_001/20221012_030000.WAV,Telephone Field,recover-20221013,001,1795
946.0135,946.0544,68437,82132,Rhinolophus ferrumequinum,0.022,0.022,-1,Echolocation,/mnt/ubna_data_02_mir/recover-20221013/UBNA_001/20221012_030000.WAV,Telephone Field,recover-20221013,001,1795
946.0295,946.0726,68437,83239,Rhinolophus ferrumequinum,0.047,0.047,-1,Echolocation,/mnt/ubna_data_02_mir/recover-20221013/UBNA_001/20221012_030000.WAV,Telephone Field,recover-20221013,001,1795
946.0355,946.0427,27187,40767,Eptesicus serotinus,0.006,0.021,-1,Echolocation,/mnt/ubna_data_02_mir/recover-20221013/UBNA_001/20221012_030000.WAV,Telephone Field,recover-20221013,001,1795
946.0845,946.1219,68437,82301,Rhinolophus ferrumequinum,0.021,0.021,-1,Echolocation,/mnt/ubna_data_02_mir/recover-20221013/UBNA_001/20221012_030000.WAV,Telephone Field,recover-20221013,001,1795
946.1105,946.1476,68437,82142,Rhinolophus ferrumequinum,0.021,0.021,-1,Echolocation,/mnt/ubna_data_02_mir/recover-20221013/UBNA_001/20221012_030000.WAV,Telephone Field,recover-20221013,001,1795
946.1155,946.1542,68437,82103,Rhinolophus ferrumequinum,0.021,0.021,-1,Echolocation,/mnt/ubna_data_02_mir/recover-20221013/UBNA_001/20221012_030000.WAV,Telephone Field,recover-20221013,001,1795
946.1205,946.1284,23750,32193,Plecotus austriacus,0.01,0.024,-1,Echolocation,/mnt/ubna_data_02_mir/recover-20221013/UBNA_001/20221012_030000.WAV,Telephone Field,recover-20221013,001,1795
946.1355,946.1716,68437,81152,Rhinolophus ferrumequinum,0.025,0.025,-1,Echolocation,/mnt/ubna_data_02_mir/recover-20221013/UBNA_001/20221012_030000.WAV,Telephone Field,recover-20221013,001,1795
946.1455,946.1857,68437,81800,Rhinolophus ferrumequinum,0.024,0.024,-1,Echolocation,/mnt/ubna_data_02_mir/recover-20221013/UBNA_001/20221012_030000.WAV,Telephone Field,recover-20221013,001,1795
946.1595,946.1686,24609,32536,Nyctalus leisleri,0.006,0.022,-1,Echolocation,/mnt/ubna_data_02_mir/recover-20221013/UBNA_001/20221012_030000.WAV,Telephone Field,recover-20221013,001,1795
946.1665,946.1781,22890,27680,Nyctalus leisleri,0.011,0.022,-1,Echolocation,/mnt/ubna_data_02_mir/recover-20221013/UBNA_001/20221012_030000.WAV,Telephone Field,recover-20221013,001,1795
946.1895,946.2293,68437,82085,Rhinolophus ferrumequinum,0.024,0.024,-1,Echolocation,/mnt/ubna_data_02_mir/recover-20221013/UBNA_001/20221012_030000.WAV,Telephone Field,recover-20221013,001,1795
946.2415,946.2491,26328,35276,Eptesicus serotinus,0.008,0.024,-1,Echolocation,/mnt/ubna_data_02_mir/recover-20221013/UBNA_001/20221012_030000.WAV,Telephone Field,recover-20221013,001,1795
946.2875,946.3252,68437,81825,Rhinolophus ferrumequinum,0.028,0.028,-1,Echolocation,/mnt/ubna_data_02_mir/recover-20221013/UBNA_001/20221012_030000.WAV,Telephone Field,recover-20221013,001,1795
946.3235,946.3329,29765,37546,Eptesicus serotinus,0.009,0.024,-1,Echolocation,/mnt/ubna_data_02_mir/recover-20221013/UBNA_001/20221012_030000.WAV,Telephone Field,recover-20221013,001,1795
946.3515,946.3588,27187,36612,Eptesicus serotinus,0.008,0.024,-1,Echolocation,/mnt/ubna_data_02_mir/recover-20221013/UBNA_001/20221012_030000.WAV,Telephone Field,recover-20221013,001,1795
946.3705,946.4098,68437,81832,Rhinolophus ferrumequinum,0.022,0.022,-1,Echolocation,/mnt/ubna_data_02_mir/recover-20221013/UBNA_001/20221012_030000.WAV,Telephone Field,recover-20221013,001,1795
946.3885,946.4268,68437,82457,Rhinolophus ferrumequinum,0.022,0.022,-1,Echolocation,/mnt/ubna_data_02_mir/recover-20221013/UBNA_001/20221012_030000.WAV,Telephone Field,recover-20221013,001,1795
946.3945,946.4085,15156,20238,Nyctalus noctula,0.017,0.025,-1,Echolocation,/mnt/ubna_data_02_mir/recover-20221013/UBNA_001/20221012_030000.WAV,Telephone Field,recover-20221013,001,1795
946.4075,946.447,68437,82397,Rhinolophus ferrumequinum,0.025,0.025,-1,Echolocation,/mnt/ubna_data_02_mir/recover-20221013/UBNA_001/20221012_030000.WAV,Telephone Field,recover-20221013,001,1795
946.4165,946.4232,28046,39941,Eptesicus serotinus,0.006,0.024,-1,Echolocation,/mnt/ubna_data_02_mir/recover-20221013/UBNA_001/20221012_030000.WAV,Telephone Field,recover-20221013,001,1795
946.4285,946.4374,50390,54678,Pipistrellus pipistrellus,0.025,0.028,-1,Echolocation,/mnt/ubna_data_02_mir/recover-20221013/UBNA_001/20221012_030000.WAV,Telephone Field,recover-20221013,001,1795
946.4295,946.4693,68437,83039,Rhinolophus ferrumequinum,0.022,0.022,-1,Echolocation,/mnt/ubna_data_02_mir/recover-20221013/UBNA_001/20221012_030000.WAV,Telephone Field,recover-20221013,001,1795
946.4465,946.4831,68437,81574,Rhinolophus ferrumequinum,0.023,0.023,-1,Echolocation,/mnt/ubna_data_02_mir/recover-20221013/UBNA_001/20221012_030000.WAV,Telephone Field,recover-20221013,001,1795
946.4745,946.4823,28906,37805,Eptesicus serotinus,0.009,0.024,-1,Echolocation,/mnt/ubna_data_02_mir/recover-20221013/UBNA_001/20221012_030000.WAV,Telephone Field,recover-20221013,001,1795
946.4925,946.5298,68437,82005,Rhinolophus ferrumequinum,0.024,0.024,-1,Echolocation,/mnt/ubna_data_02_mir/recover-20221013/UBNA_001/20221012_030000.WAV,Telephone Field,recover-20221013,001,1795
946.5055,946.515,58125,64042,Pipistrellus pygmaeus,0.022,0.022,-1,Echolocation,/mnt/ubna_data_02_mir/recover-20221013/UBNA_001/20221012_030000.WAV,Telephone Field,recover-20221013,001,1795
946.5055,946.5418,68437,81370,Rhinolophus ferrumequinum,0.022,0.022,-1,Echolocation,/mnt/ubna_data_02_mir/recover-20221013/UBNA_001/20221012_030000.WAV,Telephone Field,recover-20221013,001,1795
946.5495,946.5868,68437,81778,Rhinolophus ferrumequinum,0.026,0.026,-1,Echolocation,/mnt/ubna_data_02_mir/recover-20221013/UBNA_001/20221012_030000.WAV,Telephone Field,recover-20221013,001,1795
946.5655,946.5768,28906,34750,Eptesicus serotinus,0.013,0.028,-1,Echolocation,/mnt/ubna_data_02_mir/recover-20221013/UBNA_001/20221012_030000.WAV,Telephone Field,recover-20221013,001,1795
946.6235,946.6316,26328,34590,Eptesicus serotinus,0.008,0.022,-1,Echolocation,/mnt/ubna_data_02_mir/recover-20221013/UBNA_001/20221012_030000.WAV,Telephone Field,recover-20221013,001,1795
946.6235,946.6632,68437,82530,Rhinolophus ferrumequinum,0.022,0.022,-1,Echolocation,/mnt/ubna_data_02_mir/recover-20221013/UBNA_001/20221012_030000.WAV,Telephone Field,recover-20221013,001,1795
946.6335,946.6428,28906,39997,Eptesicus serotinus,0.009,0.022,-1,Echolocation,/mnt/ubna_data_02_mir/recover-20221013/UBNA_001/20221012_030000.WAV,Telephone Field,recover-20221013,001,1795
946.6735,946.7142,68437,82804,Rhinolophus ferrumequinum,0.027,0.027,-1,Echolocation,/mnt/ubna_data_02_mir/recover-20221013/UBNA_001/20221012_030000.WAV,Telephone Field,recover-20221013,001,1795
946.7225,946.7608,68437,82378,Rhinolophus ferrumequinum,0.024,0.024,-1,Echolocation,/mnt/ubna_data_02_mir/recover-20221013/UBNA_001/20221012_030000.WAV,Telephone Field,recover-20221013,001,1795
946.7435,946.7828,68437,82156,Rhinolophus ferrumequinum,0.032,0.032,-1,Echolocation,/mnt/ubna_data_02_mir/recover-20221013/UBNA_001/20221012_030000.WAV,Telephone Field,recover-20221013,001,1795
946.7455,946.7531,28046,39374,Eptesicus serotinus,0.008,0.024,-1,Echolocation,/mnt/ubna_data_02_mir/recover-20221013/UBNA_001/20221012_030000.WAV,Telephone Field,recover-20221013,001,1795
946.7645,946.7736,22890,29658,Nyctalus leisleri,0.008,0.025,-1,Echolocation,/mnt/ubna_data_02_mir/recover-20221013/UBNA_001/20221012_030000.WAV,Telephone Field,recover-20221013,001,1795
946.7655,946.8058,68437,82611,Rhinolophus ferrumequinum,0.025,0.025,-1,Echolocation,/mnt/ubna_data_02_mir/recover-20221013/UBNA_001/20221012_030000.WAV,Telephone Field,recover-20221013,001,1795
946.7895,946.8288,68437,82244,Rhinolophus ferrumequinum,0.022,0.022,-1,Echolocation,/mnt/ubna_data_02_mir/recover-20221013/UBNA_001/20221012_030000.WAV,Telephone Field,recover-20221013,001,1795
946.7955,946.8034,28046,38629,Eptesicus serotinus,0.007,0.022,-1,Echolocation,/mnt/ubna_data_02_mir/recover-20221013/UBNA_001/20221012_030000.WAV,Telephone Field,recover-20221013,001,1795
946.7965,946.8061,22031,27625,Nyctalus leisleri,0.008,0.021,-1,Echolocation,/mnt/ubna_data_02_mir/recover-20221013/UBNA_001/20221012_030000.WAV,Telephone Field,recover-20221013,001,1795
946.8405,946.8508,23750,30104,Nyctalus leisleri,0.009,0.023,-1,Echolocation,/mnt/ubna_data_02_mir/recover-20221013/UBNA_001/20221012_030000.WAV,Telephone Field,recover-20221013,001,1795
946.8415,946.8848,68437,83361,Rhinolophus ferrumequinum,0.033,0.033,-1,Echolocation,/mnt/ubna_data_02_mir/recover-20221013/UBNA_001/20221012_030000.WAV,Telephone Field,recover-20221013,001,1795
946.8465,946.8556,28046,38196,Eptesicus serotinus,0.008,0.022,-1,Echolocation,/mnt/ubna_data_02_mir/recover-20221013/UBNA_001/20221012_030000.WAV,Telephone Field,recover-20221013,001,1795
946.8785,946.9171,68437,81838,Rhinolophus ferrumequinum,0.022,0.022,-1,Echolocation,/mnt/ubna_data_02_mir/recover-20221013/UBNA_001/20221012_030000.WAV,Telephone Field,recover-20221013,001,1795
946.9065,946.949,68437,83151,Rhinolophus ferrumequinum,0.028,0.028,-1,Echolocation,/mnt/ubna_data_02_mir/recover-20221013/UBNA_001/20221012_030000.WAV,Telephone Field,recover-20221013,001,1795
946.9335,946.9767,68437,82883,Rhinolophus ferrumequinum,0.077,0.077,-1,Echolocation,/mnt/ubna_data_02_mir/recover-20221013/UBNA_001/20221012_030000.WAV,Telephone Field,recover-20221013,001,1795
946.9405,946.9502,23750,29886,Nyctalus leisleri,0.009,0.023,-1,Echolocation,/mnt/ubna_data_02_mir/recover-20221013/UBNA_001/20221012_030000.WAV,Telephone Field,recover-20221013,001,1795
946.9635,947.0043000000001,68437,82260,Rhinolophus ferrumequinum,0.023,0.023,-1,Echolocation,/mnt/ubna_data_02_mir/recover-20221013/UBNA_001/20221012_030000.WAV,Telephone Field,recover-20221013,001,1795
946.9865,946.9975,25468,32915,Eptesicus serotinus,0.009,0.021,-1,Echolocation,/mnt/ubna_data_02_mir/recover-20221013/UBNA_001/20221012_030000.WAV,Telephone Field,recover-20221013,001,1795
946.9995,947.0068,28046,36628,Eptesicus serotinus,0.01,0.026,-1,Echolocation,/mnt/ubna_data_02_mir/recover-20221013/UBNA_001/20221012_030000.WAV,Telephone Field,recover-20221013,001,1795
947.0195,947.028,28906,38394,Eptesicus serotinus,0.008,0.022,-1,Echolocation,/mnt/ubna_data_02_mir/recover-20221013/UBNA_001/20221012_030000.WAV,Telephone Field,recover-20221013,001,1795
947.0475,947.0836,68437,81229,Rhinolophus ferrumequinum,0.025,0.025,-1,Echolocation,/mnt/ubna_data_02_mir/recover-20221013/UBNA_001/20221012_030000.WAV,Telephone Field,recover-20221013,001,1795
947.0575,947.0962,68437,81414,Rhinolophus ferrumequinum,0.026,0.026,-1,Echolocation,/mnt/ubna_data_02_mir/recover-20221013/UBNA_001/20221012_030000.WAV,Telephone Field,recover-20221013,001,1795
947.0955,947.1305,68437,81127,Rhinolophus ferrumequinum,0.022,0.022,-1,Echolocation,/mnt/ubna_data_02_mir/recover-20221013/UBNA_001/20221012_030000.WAV,Telephone Field,recover-20221013,001,1795
947.1235,947.1623,68437,82081,Rhinolophus ferrumequinum,0.024,0.024,-1,Echolocation,/mnt/ubna_data_02_mir/recover-20221013/UBNA_001/20221012_030000.WAV,Telephone Field,recover-20221013,001,1795
947.1535,947.195,68437,82839,Rhinolophus ferrumequinum,0.027,0.027,-1,Echolocation,/mnt/ubna_data_02_mir/recover-20221013/UBNA_001/20221012_030000.WAV,Telephone Field,recover-20221013,001,1795
947.1605,947.1707,22890,28154,Nyctalus leisleri,0.009,0.021,-1,Echolocation,/mnt/ubna_data_02_mir/recover-20221013/UBNA_001/20221012_030000.WAV,Telephone Field,recover-20221013,001,1795
947.1775,947.1874,24609,31927,Eptesicus serotinus,0.013,0.037,-1,Echolocation,/mnt/ubna_data_02_mir/recover-20221013/UBNA_001/20221012_030000.WAV,Telephone Field,recover-20221013,001,1795
947.1985,947.2372,68437,82509,Rhinolophus ferrumequinum,0.028,0.028,-1,Echolocation,/mnt/ubna_data_02_mir/recover-20221013/UBNA_001/20221012_030000.WAV,Telephone Field,recover-20221013,001,1795
947.2265,947.2653,68437,82369,Rhinolophus ferrumequinum,0.029,0.029,-1,Echolocation,/mnt/ubna_data_02_mir/recover-20221013/UBNA_001/20221012_030000.WAV,Telephone Field,recover-20221013,001,1795
947.2545,947.2957,68437,82571,Rhinolophus ferrumequinum,0.024,0.024,-1,Echolocation,/mnt/ubna_data_02_mir/recover-20221013/UBNA_001/20221012_030000.WAV,Telephone Field,recover-20221013,001,1795
947.2545,947.2621,28046,39026,Eptesicus serotinus,0.007,0.023,-1,Echolocation,/mnt/ubna_data_02_mir/recover-20221013/UBNA_001/20221012_030000.WAV,Telephone Field,recover-20221013,001,1795
947.2875,947.2972,22031,27525,Nyctalus leisleri,0.009,0.022,-1,Echolocation,/mnt/ubna_data_02_mir/recover-20221013/UBNA_001/20221012_030000.WAV,Telephone Field,recover-20221013,001,1795
947.3155,947.3223,22890,32210,Plecotus austriacus,0.015,0.03,-1,Echolocation,/mnt/ubna_data_02_mir/recover-20221013/UBNA_001/20221012_030000.WAV,Telephone Field,recover-20221013,001,1795
947.3415,947.383,68437,82541,Rhinolophus ferrumequinum,0.023,0.023,-1,Echolocation,/mnt/ubna_data_02_mir/recover-20221013/UBNA_001/20221012_030000.WAV,Telephone Field,recover-20221013,001,1795
947.3445,947.3528,27187,38677,Eptesicus serotinus,0.008,0.021,-1,Echolocation,/mnt/ubna_data_02_mir/recover-20221013/UBNA_001/20221012_030000.WAV,Telephone Field,recover-20221013,001,1795
947.3455,947.3572,40078,46165,Pipistrellus nathusii,0.012,0.024,-1,Echolocation,/mnt/ubna_data_02_mir/recover-20221013/UBNA_001/20221012_030000.WAV,Telephone Field,recover-20221013,001,1795
947.3615,947.3999,68437,82350,Rhinolophus ferrumequinum,0.024,0.024,-1,Echolocation,/mnt/ubna_data_02_mir/recover-20221013/UBNA_001/20221012_030000.WAV,Telephone Field,recover-20221013,001,1795
947.3685,947.4054,68437,82005,Rhinolophus ferrumequinum,0.022,0.022,-1,Echolocation,/mnt/ubna_data_02_mir/recover-20221013/UBNA_001/20221012_030000.WAV,Telephone Field,recover-20221013,001,1795
947.3815,947.4211,68437,82327,Rhinolophus ferrumequinum,0.023,0.023,-1,Echolocation,/mnt/ubna_data_02_mir/recover-20221013/UBNA_001/20221012_030000.WAV,Telephone Field,recover-20221013,001,1795
947.4075,947.4188,23750,29298,Nyctalus leisleri,0.012,0.025,-1,Echolocation,/mnt/ubna_data_02_mir/recover-20221013/UBNA_001/20221012_030000.WAV,Telephone Field,recover-20221013,001,1795
947.4155,947.4527,68437,81349,Rhinolophus ferrumequinum,0.021,0.021,-1,Echolocation,/mnt/ubna_data_02_mir/recover-20221013/UBNA_001/20221012_030000.WAV,Telephone Field,recover-20221013,001,1795
947.4355,947.446,23750,29783,Nyctalus leisleri,0.009,0.022,-1,Echolocation,/mnt/ubna_data_02_mir/recover-20221013/UBNA_001/20221012_030000.WAV,Telephone Field,recover-20221013,001,1795
947.4565,947.4978,68437,82662,Rhinolophus ferrumequinum,0.028,0.028,-1,Echolocation,/mnt/ubna_data_02_mir/recover-20221013/UBNA_001/20221012_030000.WAV,Telephone Field,recover-20221013,001,1795
947.5175,947.5544,68437,82075,Rhinolophus ferrumequinum,0.022,0.022,-1,Echolocation,/mnt/ubna_data_02_mir/recover-20221013/UBNA_001/20221012_030000.WAV,Telephone Field,recover-20221013,001,1795
947.5515,947.5884,68437,81715,Rhinolophus ferrumequinum,0.021,0.021,-1,Echolocation,/mnt/ubna_data_02_mir/recover-20221013/UBNA_001/20221012_030000.WAV,Telephone Field,recover-20221013,001,1795
947.5605,947.5999,68437,81904,Rhinolophus ferrumequinum,0.023,0.023,-1,Echolocation,/mnt/ubna_data_02_mir/recover-20221013/UBNA_001/20221012_030000.WAV,Telephone Field,recover-20221013,001,1795
947.6045,947.643,68437,82686,Rhinolophus ferrumequinum,0.021,0.021,-1,Echolocation,/mnt/ubna_data_02_mir/recover-20221013/UBNA_001/20221012_030000.WAV,Telephone Field,recover-20221013,001,1795
947.6065,947.6155,28906,39094,Eptesicus serotinus,0.01,0.026,-1,Echolocation,/mnt/ubna_data_02_mir/recover-20221013/UBNA_001/20221012_030000.WAV,Telephone Field,recover-20221013,001,1795
947.6514999999999,947.6912,68437,82392,Rhinolophus ferrumequinum,0.028,0.028,-1,Echolocation,/mnt/ubna_data_02_mir/recover-20221013/UBNA_001/20221012_030000.WAV,Telephone Field,recover-20221013,001,1795
947.6585,947.6972,68437,82200,Rhinolophus ferrumequinum,0.026,0.026,-1,Echolocation,/mnt/ubna_data_02_mir/recover-20221013/UBNA_001/20221012_030000.WAV,Telephone Field,recover-20221013,001,1795
947.6845,947.7225,68437,81785,Rhinolophus ferrumequinum,0.025,0.025,-1,Echolocation,/mnt/ubna_data_02_mir/recover-20221013/UBNA_001/20221012_030000.WAV,Telephone Field,recover-20221013,001,1795
947.7025,947.7403,68437,82295,Rhinolophus ferrumequinum,0.024,0.024,-1,Echolocation,/mnt/ubna_data_02_mir/recover-20221013/UBNA_001/20221012_030000.WAV,Telephone Field,recover-20221013,001,1795
947.7525,947.7911,68437,82409,Rhinolophus ferrumequinum,0.021,0.021,-1,Echolocation,/mnt/ubna_data_02_mir/recover-20221013/UBNA_001/20221012_030000.WAV,Telephone Field,recover-20221013,001,1795
947.7585,947.7981,68437,82340,Rhinolophus ferrumequinum,0.022,0.022,-1,Echolocation,/mnt/ubna_data_02_mir/recover-20221013/UBNA_001/20221012_030000.WAV,Telephone Field,recover-20221013,001,1795
947.7995,947.809,27187,36348,Eptesicus serotinus,0.01,0.022,-1,Echolocation,/mnt/ubna_data_02_mir/recover-20221013/UBNA_001/20221012_030000.WAV,Telephone Field,recover-20221013,001,1795
947.8005,947.838,68437,82400,Rhinolophus ferrumequinum,0.021,0.021,-1,Echolocation,/mnt/ubna_data_02_mir/recover-20221013/UBNA_001/20221012_030000.WAV,Telephone Field,recover-20221013,001,1795
947.8125,947.8244,28906,34462,Eptesicus serotinus,0.025,0.041,-1,Echolocation,/mnt/ubna_data_02_mir/recover-20221013/UBNA_001/20221012_030000.WAV,Telephone Field,recover-20221013,001,1795
947.8205,947.8618,68437,83016,Rhinolophus ferrumequinum,0.029,0.029,-1,Echolocation,/mnt/ubna_data_02_mir/recover-20221013/UBNA_001/20221012_030000.WAV,Telephone Field,recover-20221013,001,1795
947.8425,947.8815,68437,82161,Rhinolophus ferrumequinum,0.022,0.022,-1,Echolocation,/mnt/ubna_data_02_mir/recover-20221013/UBNA_001/20221012_030000.WAV,Telephone Field,recover-20221013,001,1795
947.8535,947.8917,68437,82305,Rhinolophus ferrumequinum,0.023,0.023,-1,Echolocation,/mnt/ubna_data_02_mir/recover-20221013/UBNA_001/20221012_030000.WAV,Telephone Field,recover-20221013,001,1795
947.8775,947.9177,68437,82640,Rhinolophus ferrumequinum,0.028,0.028,-1,Echolocation,/mnt/ubna_data_02_mir/recover-20221013/UBNA_001/20221012_030000.WAV,Telephone Field,recover-20221013,001,1795
947.8795,947.888,22890,29934,Plecotus austriacus,0.008,0.021,-1,Echolocation,/mnt/ubna_data_02_mir/recover-20221013/UBNA_001/20221012_030000.WAV,Telephone Field,recover-20221013,001,1795
947.9025,947.9384,68437,81352,Rhinolophus ferrumequinum,0.022,0.022,-1,Echolocation,/mnt/ubna_data_02_mir/recover-20221013/UBNA_001/20221012_030000.WAV,Telephone Field,recover-20221013,001,1795
947.9275,947.9367,23750,30381,Nyctalus leisleri,0.01,0.028,-1,Echolocation,/mnt/ubna_data_02_mir/recover-20221013/UBNA_001/20221012_030000.WAV,Telephone Field,recover-20221013,001,1795
947.9325,947.9707,68437,82348,Rhinolophus ferrumequinum,0.026,0.027,-1,Echolocation,/mnt/ubna_data_02_mir/recover-20221013/UBNA_001/20221012_030000.WAV,Telephone Field,recover-20221013,001,1795
947.9615,947.9745,39218,43684,Pipistrellus nathusii,0.012,0.024,-1,Echolocation,/mnt/ubna_data_02_mir/recover-20221013/UBNA_001/20221012_030000.WAV,Telephone Field,recover-20221013,001,1795
947.9735000000001,947.9865,23750,29214,Nyctalus leisleri,0.012,0.025,-1,Echolocation,/mnt/ubna_data_02_mir/recover-20221013/UBNA_001/20221012_030000.WAV,Telephone Field,recover-20221013,001,1795
947.9845,947.9936,27187,38077,Eptesicus serotinus,0.01,0.024,-1,Echolocation,/mnt/ubna_data_02_mir/recover-20221013/UBNA_001/20221012_030000.WAV,Telephone Field,recover-20221013,001,1795
948.0015,948.0103,27187,36284,Nyctalus leisleri,0.012,0.038,-1,Echolocation,/mnt/ubna_data_02_mir/recover-20221013/UBNA_001/20221012_030000.WAV,Telephone Field,recover-20221013,001,1795
948.0295,948.0404,22890,27850,Nyctalus leisleri,0.012,0.024,-1,Echolocation,/mnt/ubna_data_02_mir/recover-20221013/UBNA_001/20221012_030000.WAV,Telephone Field,recover-20221013,001,1795
948.0525,948.0878,68437,81257,Rhinolophus ferrumequinum,0.02,0.02,-1,Echolocation,/mnt/ubna_data_02_mir/recover-20221013/UBNA_001/20221012_030000.WAV,Telephone Field,recover-20221013,001,1795
948.0645,948.1017,68437,82448,Rhinolophus ferrumequinum,0.026,0.026,-1,Echolocation,/mnt/ubna_data_02_mir/recover-20221013/UBNA_001/20221012_030000.WAV,Telephone Field,recover-20221013,001,1795
948.0805,948.0898,28046,40954,Eptesicus serotinus,0.008,0.02,-1,Echolocation,/mnt/ubna_data_02_mir/recover-20221013/UBNA_001/20221012_030000.WAV,Telephone Field,recover-20221013,001,1795
948.1045,948.1436,68437,82015,Rhinolophus ferrumequinum,0.022,0.022,-1,Echolocation,/mnt/ubna_data_02_mir/recover-20221013/UBNA_001/20221012_030000.WAV,Telephone Field,recover-20221013,001,1795
948.1235,948.1641,68437,82287,Rhinolophus ferrumequinum,0.02,0.02,-1,Echolocation,/mnt/ubna_data_02_mir/recover-20221013/UBNA_001/20221012_030000.WAV,Telephone Field,recover-20221013,001,1795
948.1715,948.1818,23750,30717,Nyctalus leisleri,0.008,0.022,-1,Echolocation,/mnt/ubna_data_02_mir/recover-20221013/UBNA_001/20221012_030000.WAV,Telephone Field,recover-20221013,001,1795
948.1715,948.2107,68437,82784,Rhinolophus ferrumequinum,0.023,0.023,-1,Echolocation,/mnt/ubna_data_02_mir/recover-20221013/UBNA_001/20221012_030000.WAV,Telephone Field,recover-20221013,001,1795
948.1835,948.1946,22890,28003,Nyctalus leisleri,0.011,0.023,-1,Echolocation,/mnt/ubna_data_02_mir/recover-20221013/UBNA_001/20221012_030000.WAV,Telephone Field,recover-20221013,001,1795
948.1895,948.225,68437,81160,Rhinolophus ferrumequinum,0.024,0.024,-1,Echolocation,/mnt/ubna_data_02_mir/recover-20221013/UBNA_001/20221012_030000.WAV,Telephone Field,recover-20221013,001,1795
948.1975,948.2341,68437,82208,Rhinolophus ferrumequinum,0.021,0.021,-1,Echolocation,/mnt/ubna_data_02_mir/recover-20221013/UBNA_001/20221012_030000.WAV,Telephone Field,recover-20221013,001,1795
948.2425,948.2513,24609,33070,Nyctalus leisleri,0.005,0.02,-1,Echolocation,/mnt/ubna_data_02_mir/recover-20221013/UBNA_001/20221012_030000.WAV,Telephone Field,recover-20221013,001,1795
948.2635,948.2749,27187,34929,Eptesicus serotinus,0.013,0.025,-1,Echolocation,/mnt/ubna_data_02_mir/recover-20221013/UBNA_001/20221012_030000.WAV,Telephone Field,recover-20221013,001,1795
948.2725,948.3124,68437,82945,Rhinolophus ferrumequinum,0.032,0.032,-1,Echolocation,/mnt/ubna_data_02_mir/recover-20221013/UBNA_001/20221012_030000.WAV,Telephone Field,recover-20221013,001,1795
948.3745,948.3831,28046,37784,Eptesicus serotinus,0.008,0.021,-1,Echolocation,/mnt/ubna_data_02_mir/recover-20221013/UBNA_001/20221012_030000.WAV,Telephone Field,recover-20221013,001,1795
948.3825,948.4211,68437,82235,Rhinolophus ferrumequinum,0.024,0.024,-1,Echolocation,/mnt/ubna_data_02_mir/recover-20221013/UBNA_001/20221012_030000.WAV,Telephone Field,recover-20221013,001,1795
948.3875,948.4275,68437,82434,Rhinolophus ferrumequinum,0.024,0.024,-1,Echolocation,/mnt/ubna_data_02_mir/recover-20221013/UBNA_001/20221012_030000.WAV,Telephone Field,recover-20221013,001,1795
948.4135,948.455,68437,83167,Rhinolophus ferrumequinum,0.033,0.033,-1,Echolocation,/mnt/ubna_data_02_mir/recover-20221013/UBNA_001/20221012_030000.WAV,Telephone Field,recover-20221013,001,1795
948.4245,948.462,68437,82188,Rhinolophus ferrumequinum,0.02,0.02,-1,Echolocation,/mnt/ubna_data_02_mir/recover-20221013/UBNA_001/20221012_030000.WAV,Telephone Field,recover-20221013,001,1795
948.4325,948.4733,68437,82324,Rhinolophus ferrumequinum,0.02,0.021,-1,Echolocation,/mnt/ubna_data_02_mir/recover-20221013/UBNA_001/20221012_030000.WAV,Telephone Field,recover-20221013,001,1795
948.4585,948.4694,23750,28981,Nyctalus leisleri,0.014,0.032,-1,Echolocation,/mnt/ubna_data_02_mir/recover-20221013/UBNA_001/20221012_030000.WAV,Telephone Field,recover-20221013,001,1795
948.4645,948.5006,68437,81589,Rhinolophus ferrumequinum,0.021,0.021,-1,Echolocation,/mnt/ubna_data_02_mir/recover-20221013/UBNA_001/20221012_030000.WAV,Telephone Field,recover-20221013,001,1795
948.4715,948.4783,28046,37744,Eptesicus serotinus,0.007,0.021,-1,Echolocation,/mnt/ubna_data_02_mir/recover-20221013/UBNA_001/20221012_030000.WAV,Telephone Field,recover-20221013,001,1795
948.4765,948.518,68437,82696,Rhinolophus ferrumequinum,0.023,0.023,-1,Echolocation,/mnt/ubna_data_02_mir/recover-20221013/UBNA_001/20221012_030000.WAV,Telephone Field,recover-20221013,001,1795
948.5035,948.5429,68437,82217,Rhinolophus ferrumequinum,0.021,0.021,-1,Echolocation,/mnt/ubna_data_02_mir/recover-20221013/UBNA_001/20221012_030000.WAV,Telephone Field,recover-20221013,001,1795
948.5055,948.515,22031,28301,Plecotus austriacus,0.008,0.022,-1,Echolocation,/mnt/ubna_data_02_mir/recover-20221013/UBNA_001/20221012_030000.WAV,Telephone Field,recover-20221013,001,1795
948.5155,948.5549,68437,82308,Rhinolophus ferrumequinum,0.021,0.021,-1,Echolocation,/mnt/ubna_data_02_mir/recover-20221013/UBNA_001/20221012_030000.WAV,Telephone Field,recover-20221013,001,1795
948.5264999999999,948.5665,68437,82434,Rhinolophus ferrumequinum,0.022,0.022,-1,Echolocation,/mnt/ubna_data_02_mir/recover-20221013/UBNA_001/20221012_030000.WAV,Telephone Field,recover-20221013,001,1795
948.5545,948.5639,25468,33028,Eptesicus serotinus,0.007,0.022,-1,Echolocation,/mnt/ubna_data_02_mir/recover-20221013/UBNA_001/20221012_030000.WAV,Telephone Field,recover-20221013,001,1795
948.5945,948.6347,68437,82438,Rhinolophus ferrumequinum,0.046,0.046,-1,Echolocation,/mnt/ubna_data_02_mir/recover-20221013/UBNA_001/20221012_030000.WAV,Telephone Field,recover-20221013,001,1795
948.6285,948.6359,25468,34805,Plecotus austriacus,0.005,0.021,-1,Echolocation,/mnt/ubna_data_02_mir/recover-20221013/UBNA_001/20221012_030000.WAV,Telephone Field,recover-20221013,001,1795
948.6345,948.6734,68437,82535,Rhinolophus ferrumequinum,0.024,0.024,-1,Echolocation,/mnt/ubna_data_02_mir/recover-20221013/UBNA_001/20221012_030000.WAV,Telephone Field,recover-20221013,001,1795
948.6365,948.6453,23750,30925,Nyctalus leisleri,0.007,0.021,-1,Echolocation,/mnt/ubna_data_02_mir/recover-20221013/UBNA_001/20221012_030000.WAV,Telephone Field,recover-20221013,001,1795
948.6685,948.679,23750,29380,Nyctalus leisleri,0.009,0.023,-1,Echolocation,/mnt/ubna_data_02_mir/recover-20221013/UBNA_001/20221012_030000.WAV,Telephone Field,recover-20221013,001,1795
948.6755,948.6879,32343,39532,Eptesicus serotinus,0.01,0.027,-1,Echolocation,/mnt/ubna_data_02_mir/recover-20221013/UBNA_001/20221012_030000.WAV,Telephone Field,recover-20221013,001,1795
948.6985,948.7373,68437,82420,Rhinolophus ferrumequinum,0.021,0.021,-1,Echolocation,/mnt/ubna_data_02_mir/recover-20221013/UBNA_001/20221012_030000.WAV,Telephone Field,recover-20221013,001,1795
948.7155,948.7229,27187,39797,Eptesicus serotinus,0.007,0.022,-1,Echolocation,/mnt/ubna_data_02_mir/recover-20221013/UBNA_001/20221012_030000.WAV,Telephone Field,recover-20221013,001,1795
948.7535,948.7924,68437,82509,Rhinolophus ferrumequinum,0.022,0.022,-1,Echolocation,/mnt/ubna_data_02_mir/recover-20221013/UBNA_001/20221012_030000.WAV,Telephone Field,recover-20221013,001,1795
948.7605,948.8002,68437,82787,Rhinolophus ferrumequinum,0.026,0.026,-1,Echolocation,/mnt/ubna_data_02_mir/recover-20221013/UBNA_001/20221012_030000.WAV,Telephone Field,recover-20221013,001,1795
948.7635,948.7721,28046,40382,Eptesicus serotinus,0.008,0.02,-1,Echolocation,/mnt/ubna_data_02_mir/recover-20221013/UBNA_001/20221012_030000.WAV,Telephone Field,recover-20221013,001,1795
948.7875,948.8251,68437,82237,Rhinolophus ferrumequinum,0.02,0.02,-1,Echolocation,/mnt/ubna_data_02_mir/recover-20221013/UBNA_001/20221012_030000.WAV,Telephone Field,recover-20221013,001,1795
948.8265,948.8335,25468,37777,Plecotus austriacus,0.006,0.023,-1,Echolocation,/mnt/ubna_data_02_mir/recover-20221013/UBNA_001/20221012_030000.WAV,Telephone Field,recover-20221013,001,1795
948.8515,948.8893,68437,82111,Rhinolophus ferrumequinum,0.021,0.021,-1,Echolocation,/mnt/ubna_data_02_mir/recover-20221013/UBNA_001/20221012_030000.WAV,Telephone Field,recover-20221013,001,1795
948.8575,948.868,21171,25414,Nyctalus leisleri,0.01,0.02,-1,Echolocation,/mnt/ubna_data_02_mir/recover-20221013/UBNA_001/20221012_030000.WAV,Telephone Field,recover-20221013,001,1795
948.8975,948.9093,23750,29313,Nyctalus leisleri,0.012,0.026,-1,Echolocation,/mnt/ubna_data_02_mir/recover-20221013/UBNA_001/20221012_030000.WAV,Telephone Field,recover-20221013,001,1795
948.9005,948.9437,68437,83445,Rhinolophus ferrumequinum,0.044,0.044,-1,Echolocation,/mnt/ubna_data_02_mir/recover-20221013/UBNA_001/20221012_030000.WAV,Telephone Field,recover-20221013,001,1795
948.9565,948.97,23750,29778,Nyctalus leisleri,0.018,0.043,-1,Echolocation,/mnt/ubna_data_02_mir/recover-20221013/UBNA_001/20221012_030000.WAV,Telephone Field,recover-20221013,001,1795
948.9605,948.9996,68437,82485,Rhinolophus ferrumequinum,0.021,0.021,-1,Echolocation,/mnt/ubna_data_02_mir/recover-20221013/UBNA_001/20221012_030000.WAV,Telephone Field,recover-20221013,001,1795
948.9925,949.0311,68437,81717,Rhinolophus ferrumequinum,0.022,0.022,-1,Echolocation,/mnt/ubna_data_02_mir/recover-20221013/UBNA_001/20221012_030000.WAV,Telephone Field,recover-20221013,001,1795
949.0375,949.0452,28046,39433,Eptesicus serotinus,0.007,0.021,-1,Echolocation,/mnt/ubna_data_02_mir/recover-20221013/UBNA_001/20221012_030000.WAV,Telephone Field,recover-20221013,001,1795
949.0545,949.0915,68437,81669,Rhinolophus ferrumequinum,0.022,0.022,-1,Echolocation,/mnt/ubna_data_02_mir/recover-20221013/UBNA_001/20221012_030000.WAV,Telephone Field,recover-20221013,001,1795
949.0985000000001,949.14,68437,82821,Rhinolophus ferrumequinum,0.027,0.027,-1,Echolocation,/mnt/ubna_data_02_mir/recover-20221013/UBNA_001/20221012_030000.WAV,Telephone Field,recover-20221013,001,1795
949.1145,949.1221,23750,32052,Plecotus austriacus,0.009,0.023,-1,Echolocation,/mnt/ubna_data_02_mir/recover-20221013/UBNA_001/20221012_030000.WAV,Telephone Field,recover-20221013,001,1795
949.1395,949.1775,68437,82193,Rhinolophus ferrumequinum,0.02,0.02,-1,Echolocation,/mnt/ubna_data_02_mir/recover-20221013/UBNA_001/20221012_030000.WAV,Telephone Field,recover-20221013,001,1795
949.1655,949.2039,68437,82480,Rhinolophus ferrumequinum,0.024,0.024,-1,Echolocation,/mnt/ubna_data_02_mir/recover-20221013/UBNA_001/20221012_030000.WAV,Telephone Field,recover-20221013,001,1795
949.1775,949.219,68437,83287,Rhinolophus ferrumequinum,0.028,0.028,-1,Echolocation,/mnt/ubna_data_02_mir/recover-20221013/UBNA_001/20221012_030000.WAV,Telephone Field,recover-20221013,001,1795
949.1785,949.1879,14296,22980,Nyctalus noctula,0.009,0.02,-1,Echolocation,/mnt/ubna_data_02_mir/recover-20221013/UBNA_001/20221012_030000.WAV,Telephone Field,recover-20221013,001,1795
949.2235000000001,949.2617,68437,81897,Rhinolophus ferrumequinum,0.022,0.022,-1,Echolocation,/mnt/ubna_data_02_mir/recover-20221013/UBNA_001/20221012_030000.WAV,Telephone Field,recover-20221013,001,1795
949.2255,949.2353,22031,26773,Nyctalus leisleri,0.008,0.02,-1,Echolocation,/mnt/ubna_data_02_mir/recover-20221013/UBNA_001/20221012_030000.WAV,Telephone Field,recover-20221013,001,1795
949.2595,949.2985,68437,82446,Rhinolophus ferrumequinum,0.022,0.022,-1,Echolocation,/mnt/ubna_data_02_mir/recover-20221013/UBNA_001/20221012_030000.WAV,Telephone Field,recover-20221013,001,1795
949.2815,949.3205,68437,82443,Rhinolophus ferrumequinum,0.023,0.023,-1,Echolocation,/mnt/ubna_data_02_mir/recover-20221013/UBNA_001/20221012_030000.WAV,Telephone Field,recover-20221013,001,1795
949.3165,949.3599,68437,83436,Rhinolophus ferrumequinum,0.036,0.036,-1,Echolocation,/mnt/ubna_data_02_mir/recover-20221013/UBNA_001/20221012_030000.WAV,Telephone Field,recover-20221013,001,1795
949.3355,949.3431,28046,38928,Eptesicus serotinus,0.008,0.021,-1,Echolocation,/mnt/ubna_data_02_mir/recover-20221013/UBNA_001/20221012_030000.WAV,Telephone Field,recover-20221013,001,1795
949.3695,949.409,68437,82219,Rhinolophus ferrumequinum,0.02,0.02,-1,Echolocation,/mnt/ubna_data_02_mir/recover-20221013/UBNA_001/20221012_030000.WAV,Telephone Field,recover-20221013,001,1795
949.3785,949.3897,23750,29561,Nyctalus leisleri,0.013,0.029,-1,Echolocation,/mnt/ubna_data_02_mir/recover-20221013/UBNA_001/20221012_030000.WAV,Telephone Field,recover-20221013,001,1795
949.3795,949.4198,68437,82421,Rhinolophus ferrumequinum,0.021,0.021,-1,Echolocation,/mnt/ubna_data_02_mir/recover-20221013/UBNA_001/20221012_030000.WAV,Telephone Field,recover-20221013,001,1795
949.3955,949.4037,25468,33553,Eptesicus serotinus,0.005,0.021,-1,Echolocation,/mnt/ubna_data_02_mir/recover-20221013/UBNA_001/20221012_030000.WAV,Telephone Field,recover-20221013,001,1795
949.3955,949.4361,68437,82496,Rhinolophus ferrumequinum,0.023,0.023,-1,Echolocation,/mnt/ubna_data_02_mir/recover-20221013/UBNA_001/20221012_030000.WAV,Telephone Field,recover-20221013,001,1795
949.4305,949.4655,68437,81568,Rhinolophus ferrumequinum,0.022,0.022,-1,Echolocation,/mnt/ubna_data_02_mir/recover-20221013/UBNA_001/20221012_030000.WAV,Telephone Field,recover-20221013,001,1795
949.4465,949.4846,68437,81911,Rhinolophus ferrumequinum,0.02,0.02,-1,Echolocation,/mnt/ubna_data_02_mir/recover-20221013/UBNA_001/20221012_030000.WAV,Telephone Field,recover-20221013,001,1795
949.4745,949.4831,27187,38314,Eptesicus serotinus,0.009,0.025,-1,Echolocation,/mnt/ubna_data_02_mir/recover-20221013/UBNA_001/20221012_030000.WAV,Telephone Field,recover-20221013,001,1795
949.4835,949.5203,68437,81781,Rhinolophus ferrumequinum,0.02,0.02,-1,Echolocation,/mnt/ubna_data_02_mir/recover-20221013/UBNA_001/20221012_030000.WAV,Telephone Field,recover-20221013,001,1795
949.4885,949.5243,68437,81927,Rhinolophus ferrumequinum,0.02,0.02,-1,Echolocation,/mnt/ubna_data_02_mir/recover-20221013/UBNA_001/20221012_030000.WAV,Telephone Field,recover-20221013,001,1795
949.4935,949.5043000000001,22890,28279,Nyctalus leisleri,0.01,0.022,-1,Echolocation,/mnt/ubna_data_02_mir/recover-20221013/UBNA_001/20221012_030000.WAV,Telephone Field,recover-20221013,001,1795
949.5215,949.5605,68437,82272,Rhinolophus ferrumequinum,0.022,0.022,-1,Echolocation,/mnt/ubna_data_02_mir/recover-20221013/UBNA_001/20221012_030000.WAV,Telephone Field,recover-20221013,001,1795
949.5325,949.5434,22031,26884,Nyctalus leisleri,0.01,0.022,-1,Echolocation,/mnt/ubna_data_02_mir/recover-20221013/UBNA_001/20221012_030000.WAV,Telephone Field,recover-20221013,001,1795
949.5435,949.5824,68437,81781,Rhinolophus ferrumequinum,0.023,0.023,-1,Echolocation,/mnt/ubna_data_02_mir/recover-20221013/UBNA_001/20221012_030000.WAV,Telephone Field,recover-20221013,001,1795
949.5795,949.6209,68437,82573,Rhinolophus ferrumequinum,0.022,0.022,-1,Echolocation,/mnt/ubna_data_02_mir/recover-20221013/UBNA_001/20221012_030000.WAV,Telephone Field,recover-20221013,001,1795
949.6285,949.6347,24609,34771,Plecotus austriacus,0.012,0.029,-1,Echolocation,/mnt/ubna_data_02_mir/recover-20221013/UBNA_001/20221012_030000.WAV,Telephone Field,recover-20221013,001,1795
949.6305,949.6677999999999,68437,81952,Rhinolophus ferrumequinum,0.02,0.02,-1,Echolocation,/mnt/ubna_data_02_mir/recover-20221013/UBNA_001/20221012_030000.WAV,Telephone Field,recover-20221013,001,1795
949.6485,949.6859,68437,81805,Rhinolophus ferrumequinum,0.021,0.021,-1,Echolocation,/mnt/ubna_data_02_mir/recover-20221013/UBNA_001/20221012_030000.WAV,Telephone Field,recover-20221013,001,1795
949.6555,949.6963,68437,82786,Rhinolophus ferrumequinum,0.023,0.023,-1,Echolocation,/mnt/ubna_data_02_mir/recover-20221013/UBNA_001/20221012_030000.WAV,Telephone Field,recover-20221013,001,1795
949.6675,949.6839,20312,23547,Nyctalus leisleri,0.016,0.025,-1,Echolocation,/mnt/ubna_data_02_mir/recover-20221013/UBNA_001/20221012_030000.WAV,Telephone Field,recover-20221013,001,1795
949.6775,949.7176,68437,81906,Rhinolophus ferrumequinum,0.022,0.022,-1,Echolocation,/mnt/ubna_data_02_mir/recover-20221013/UBNA_001/20221012_030000.WAV,Telephone Field,recover-20221013,001,1795
949.6805,949.6905,28046,39152,Eptesicus serotinus,0.02,0.038,-1,Echolocation,/mnt/ubna_data_02_mir/recover-20221013/UBNA_001/20221012_030000.WAV,Telephone Field,recover-20221013,001,1795
949.6995,949.709,25468,33288,Eptesicus serotinus,0.009,0.024,-1,Echolocation,/mnt/ubna_data_02_mir/recover-20221013/UBNA_001/20221012_030000.WAV,Telephone Field,recover-20221013,001,1795
949.7355,949.773,68437,81454,Rhinolophus ferrumequinum,0.022,0.022,-1,Echolocation,/mnt/ubna_data_02_mir/recover-20221013/UBNA_001/20221012_030000.WAV,Telephone Field,recover-20221013,001,1795
949.7435,949.7508,24609,33376,Plecotus austriacus,0.008,0.021,-1,Echolocation,/mnt/ubna_data_02_mir/recover-20221013/UBNA_001/20221012_030000.WAV,Telephone Field,recover-20221013,001,1795
949.7545,949.7918,68437,82546,Rhinolophus ferrumequinum,0.025,0.025,-1,Echolocation,/mnt/ubna_data_02_mir/recover-20221013/UBNA_001/20221012_030000.WAV,Telephone Field,recover-20221013,001,1795
949.7645,949.7747,25468,35558,Eptesicus serotinus,0.011,0.025,-1,Echolocation,/mnt/ubna_data_02_mir/recover-20221013/UBNA_001/20221012_030000.WAV,Telephone Field,recover-20221013,001,1795
949.7875,949.8278,68437,81939,Rhinolophus ferrumequinum,0.021,0.021,-1,Echolocation,/mnt/ubna_data_02_mir/recover-20221013/UBNA_001/20221012_030000.WAV,Telephone Field,recover-20221013,001,1795
949.7945,949.8038,28906,36471,Eptesicus serotinus,0.009,0.02,-1,Echolocation,/mnt/ubna_data_02_mir/recover-20221013/UBNA_001/20221012_030000.WAV,Telephone Field,recover-20221013,001,1795
949.8275,949.8645,68437,82337,Rhinolophus ferrumequinum,0.028,0.028,-1,Echolocation,/mnt/ubna_data_02_mir/recover-20221013/UBNA_001/20221012_030000.WAV,Telephone Field,recover-20221013,001,1795
949.8405,949.8513,22890,27559,Nyctalus leisleri,0.012,0.023,-1,Echolocation,/mnt/ubna_data_02_mir/recover-20221013/UBNA_001/20221012_030000.WAV,Telephone Field,recover-20221013,001,1795
949.8555,949.8953,68437,82606,Rhinolophus ferrumequinum,0.025,0.025,-1,Echolocation,/mnt/ubna_data_02_mir/recover-20221013/UBNA_001/20221012_030000.WAV,Telephone Field,recover-20221013,001,1795
949.8855,949.9238,68437,82032,Rhinolophus ferrumequinum,0.02,0.02,-1,Echolocation,/mnt/ubna_data_02_mir/recover-20221013/UBNA_001/20221012_030000.WAV,Telephone Field,recover-20221013,001,1795
949.9035,949.9433,68437,81706,Rhinolophus ferrumequinum,0.021,0.021,-1,Echolocation,/mnt/ubna_data_02_mir/recover-20221013/UBNA_001/20221012_030000.WAV,Telephone Field,recover-20221013,001,1795
949.9045,949.9109,28906,40021,Eptesicus serotinus,0.007,0.03,-1,Echolocation,/mnt/ubna_data_02_mir/recover-20221013/UBNA_001/20221012_030000.WAV,Telephone Field,recover-20221013,001,1795
949.9135,949.9502,68437,82159,Rhinolophus ferrumequinum,0.025,0.025,-1,Echolocation,/mnt/ubna_data_02_mir/recover-20221013/UBNA_001/20221012_030000.WAV,Telephone Field,recover-20221013,001,1795
949.9305,949.9382,27187,39613,Eptesicus serotinus,0.01,0.024,-1,Echolocation,/mnt/ubna_data_02_mir/recover-20221013/UBNA_001/20221012_030000.WAV,Telephone Field,recover-20221013,001,1795
949.9365,949.9751,68437,81974,Rhinolophus ferrumequinum,0.02,0.02,-1,Echolocation,/mnt/ubna_data_02_mir/recover-20221013/UBNA_001/20221012_030000.WAV,Telephone Field,recover-20221013,001,1795
949.9545,949.9934,68437,82355,Rhinolophus ferrumequinum,0.021,0.021,-1,Echolocation,/mnt/ubna_data_02_mir/recover-20221013/UBNA_001/20221012_030000.WAV,Telephone Field,recover-20221013,001,1795
950.0015,950.0114,22890,29092,Nyctalus leisleri,0.012,0.03,-1,Echolocation,/mnt/ubna_data_02_mir/recover-20221013/UBNA_001/20221012_030000.WAV,Telephone Field,recover-20221013,001,1795
950.0015,950.0341,68437,79557,Rhinolophus ferrumequinum,0.028,0.028,-1,Echolocation,/mnt/ubna_data_02_mir/recover-20221013/UBNA_001/20221012_030000.WAV,Telephone Field,recover-20221013,001,1795
950.0105,950.0519,68437,82461,Rhinolophus ferrumequinum,0.021,0.021,-1,Echolocation,/mnt/ubna_data_02_mir/recover-20221013/UBNA_001/20221012_030000.WAV,Telephone Field,recover-20221013,001,1795
950.0225,950.0309,26328,35854,Eptesicus serotinus,0.011,0.03,-1,Echolocation,/mnt/ubna_data_02_mir/recover-20221013/UBNA_001/20221012_030000.WAV,Telephone Field,recover-20221013,001,1795
950.0335,950.0742,68437,82234,Rhinolophus ferrumequinum,0.021,0.021,-1,Echolocation,/mnt/ubna_data_02_mir/recover-20221013/UBNA_001/20221012_030000.WAV,Telephone Field,recover-20221013,001,1795
950.0575,950.0977,68437,82411,Rhinolophus ferrumequinum,0.024,0.024,-1,Echolocation,/mnt/ubna_data_02_mir/recover-20221013/UBNA_001/20221012_030000.WAV,Telephone Field,recover-20221013,001,1795
950.1045,950.1457,68437,82183,Rhinolophus ferrumequinum,0.024,0.024,-1,Echolocation,/mnt/ubna_data_02_mir/recover-20221013/UBNA_001/20221012_030000.WAV,Telephone Field,recover-20221013,001,1795
950.1395,950.1764000000001,68437,81841,Rhinolophus ferrumequinum,0.021,0.021,-1,Echolocation,/mnt/ubna_data_02_mir/recover-20221013/UBNA_001/20221012_030000.WAV,Telephone Field,recover-20221013,001,1795
950.2415,950.285,68437,83074,Rhinolophus ferrumequinum,0.035,0.035,-1,Echolocation,/mnt/ubna_data_02_mir/recover-20221013/UBNA_001/20221012_030000.WAV,Telephone Field,recover-20221013,001,1795
950.2585,950.269,22890,27953,Nyctalus leisleri,0.009,0.021,-1,Echolocation,/mnt/ubna_data_02_mir/recover-20221013/UBNA_001/20221012_030000.WAV,Telephone Field,recover-20221013,001,1795
950.2865,950.3235,68437,82244,Rhinolophus ferrumequinum,0.025,0.025,-1,Echolocation,/mnt/ubna_data_02_mir/recover-20221013/UBNA_001/20221012_030000.WAV,Telephone Field,recover-20221013,001,1795
950.3375,950.3764,68437,81786,Rhinolophus ferrumequinum,0.027,0.027,-1,Echolocation,/mnt/ubna_data_02_mir/recover-20221013/UBNA_001/20221012_030000.WAV,Telephone Field,recover-20221013,001,1795
950.3435,950.3504,28046,43114,Eptesicus serotinus,0.008,0.025,-1,Echolocation,/mnt/ubna_data_02_mir/recover-20221013/UBNA_001/20221012_030000.WAV,Telephone Field,recover-20221013,001,1795
950.3805,950.4193,68437,81813,Rhinolophus ferrumequinum,0.021,0.021,-1,Echolocation,/mnt/ubna_data_02_mir/recover-20221013/UBNA_001/20221012_030000.WAV,Telephone Field,recover-20221013,001,1795
950.4415,950.4799,68437,81304,Rhinolophus ferrumequinum,0.028,0.028,-1,Echolocation,/mnt/ubna_data_02_mir/recover-20221013/UBNA_001/20221012_030000.WAV,Telephone Field,recover-20221013,001,1795
950.4475,950.4876,68437,81949,Rhinolophus ferrumequinum,0.027,0.027,-1,Echolocation,/mnt/ubna_data_02_mir/recover-20221013/UBNA_001/20221012_030000.WAV,Telephone Field,recover-20221013,001,1795
950.4495,950.4583,28046,39207,Eptesicus serotinus,0.008,0.021,-1,Echolocation,/mnt/ubna_data_02_mir/recover-20221013/UBNA_001/20221012_030000.WAV,Telephone Field,recover-20221013,001,1795
950.4555,950.4642,29765,37276,Eptesicus serotinus,0.007,0.021,-1,Echolocation,/mnt/ubna_data_02_mir/recover-20221013/UBNA_001/20221012_030000.WAV,Telephone Field,recover-20221013,001,1795
950.4645,950.5039,68437,82404,Rhinolophus ferrumequinum,0.022,0.022,-1,Echolocation,/mnt/ubna_data_02_mir/recover-20221013/UBNA_001/20221012_030000.WAV,Telephone Field,recover-20221013,001,1795
950.4705,950.51,68437,82137,Rhinolophus ferrumequinum,0.023,0.023,-1,Echolocation,/mnt/ubna_data_02_mir/recover-20221013/UBNA_001/20221012_030000.WAV,Telephone Field,recover-20221013,001,1795
950.5045,950.514,24609,32289,Nyctalus leisleri,0.007,0.021,-1,Echolocation,/mnt/ubna_data_02_mir/recover-20221013/UBNA_001/20221012_030000.WAV,Telephone Field,recover-20221013,001,1795
950.5155,950.5538,68437,81544,Rhinolophus ferrumequinum,0.025,0.025,-1,Echolocation,/mnt/ubna_data_02_mir/recover-20221013/UBNA_001/20221012_030000.WAV,Telephone Field,recover-20221013,001,1795
950.5555,950.5941,68437,82140,Rhinolophus ferrumequinum,0.025,0.025,-1,Echolocation,/mnt/ubna_data_02_mir/recover-20221013/UBNA_001/20221012_030000.WAV,Telephone Field,recover-20221013,001,1795
950.5635,950.5752,24609,30607,Nyctalus leisleri,0.012,0.032,-1,Echolocation,/mnt/ubna_data_02_mir/recover-20221013/UBNA_001/20221012_030000.WAV,Telephone Field,recover-20221013,001,1795
950.5805,950.6183,68437,82081,Rhinolophus ferrumequinum,0.021,0.021,-1,Echolocation,/mnt/ubna_data_02_mir/recover-20221013/UBNA_001/20221012_030000.WAV,Telephone Field,recover-20221013,001,1795
950.5915,950.6014,24609,32943,Eptesicus serotinus,0.01,0.024,-1,Echolocation,/mnt/ubna_data_02_mir/recover-20221013/UBNA_001/20221012_030000.WAV,Telephone Field,recover-20221013,001,1795
950.5985000000001,950.6097,25468,32373,Eptesicus serotinus,0.012,0.024,-1,Echolocation,/mnt/ubna_data_02_mir/recover-20221013/UBNA_001/20221012_030000.WAV,Telephone Field,recover-20221013,001,1795
950.6055,950.6443,68437,81943,Rhinolophus ferrumequinum,0.021,0.021,-1,Echolocation,/mnt/ubna_data_02_mir/recover-20221013/UBNA_001/20221012_030000.WAV,Telephone Field,recover-20221013,001,1795
950.6485,950.6862,68437,82003,Rhinolophus ferrumequinum,0.024,0.024,-1,Echolocation,/mnt/ubna_data_02_mir/recover-20221013/UBNA_001/20221012_030000.WAV,Telephone Field,recover-20221013,001,1795
950.6525,950.6607,26328,35867,Eptesicus serotinus,0.011,0.027,-1,Echolocation,/mnt/ubna_data_02_mir/recover-20221013/UBNA_001/20221012_030000.WAV,Telephone Field,recover-20221013,001,1795
950.6815,950.7221,68437,82771,Rhinolophus ferrumequinum,0.022,0.022,-1,Echolocation,/mnt/ubna_data_02_mir/recover-20221013/UBNA_001/20221012_030000.WAV,Telephone Field,recover-20221013,001,1795
950.6885,950.6995,22890,27631,Nyctalus leisleri,0.011,0.022,-1,Echolocation,/mnt/ubna_data_02_mir/recover-20221013/UBNA_001/20221012_030000.WAV,Telephone Field,recover-20221013,001,1795
950.7155,950.7554,68437,81504,Rhinolophus ferrumequinum,0.021,0.021,-1,Echolocation,/mnt/ubna_data_02_mir/recover-20221013/UBNA_001/20221012_030000.WAV,Telephone Field,recover-20221013,001,1795
950.7175,950.7277,27187,34489,Eptesicus serotinus,0.01,0.021,-1,Echolocation,/mnt/ubna_data_02_mir/recover-20221013/UBNA_001/20221012_030000.WAV,Telephone Field,recover-20221013,001,1795
950.7395,950.7843,68437,83084,Rhinolophus ferrumequinum,0.04,0.04,-1,Echolocation,/mnt/ubna_data_02_mir/recover-20221013/UBNA_001/20221012_030000.WAV,Telephone Field,recover-20221013,001,1795
950.7725,950.8151,68437,82848,Rhinolophus ferrumequinum,0.039,0.039,-1,Echolocation,/mnt/ubna_data_02_mir/recover-20221013/UBNA_001/20221012_030000.WAV,Telephone Field,recover-20221013,001,1795
950.8065,950.8451,68437,82179,Rhinolophus ferrumequinum,0.022,0.022,-1,Echolocation,/mnt/ubna_data_02_mir/recover-20221013/UBNA_001/20221012_030000.WAV,Telephone Field,recover-20221013,001,1795
950.8135,950.8541,68437,82189,Rhinolophus ferrumequinum,0.021,0.021,-1,Echolocation,/mnt/ubna_data_02_mir/recover-20221013/UBNA_001/20221012_030000.WAV,Telephone Field,recover-20221013,001,1795
950.8385,950.8776,68437,82277,Rhinolophus ferrumequinum,0.023,0.023,-1,Echolocation,/mnt/ubna_data_02_mir/recover-20221013/UBNA_001/20221012_030000.WAV,Telephone Field,recover-20221013,001,1795
950.9065,950.9458,68437,81581,Rhinolophus ferrumequinum,0.026,0.026,-1,Echolocation,/mnt/ubna_data_02_mir/recover-20221013/UBNA_001/20221012_030000.WAV,Telephone Field,recover-20221013,001,1795
950.9185,950.9546,68437,81718,Rhinolophus ferrumequinum,0.022,0.022,-1,Echolocation,/mnt/ubna_data_02_mir/recover-20221013/UBNA_001/20221012_030000.WAV,Telephone Field,recover-20221013,001,1795
950.9465,950.9844,68437,81687,Rhinolophus ferrumequinum,0.021,0.021,-1,Echolocation,/mnt/ubna_data_02_mir/recover-20221013/UBNA_001/20221012_030000.WAV,Telephone Field,recover-20221013,001,1795
950.9675,951.0049,68437,81881,Rhinolophus ferrumequinum,0.021,0.021,-1,Echolocation,/mnt/ubna_data_02_mir/recover-20221013/UBNA_001/20221012_030000.WAV,Telephone Field,recover-20221013,001,1795
950.9945,951.003,28906,37909,Eptesicus serotinus,0.007,0.022,-1,Echolocation,/mnt/ubna_data_02_mir/recover-20221013/UBNA_001/20221012_030000.WAV,Telephone Field,recover-20221013,001,1795
951.0075,951.0487,68437,82696,Rhinolophus ferrumequinum,0.023,0.023,-1,Echolocation,/mnt/ubna_data_02_mir/recover-20221013/UBNA_001/20221012_030000.WAV,Telephone Field,recover-20221013,001,1795
951.0295,951.0388,22031,28471,Plecotus austriacus,0.01,0.024,-1,Echolocation,/mnt/ubna_data_02_mir/recover-20221013/UBNA_001/20221012_030000.WAV,Telephone Field,recover-20221013,001,1795
951.0365,951.075,68437,81720,Rhinolophus ferrumequinum,0.021,0.021,-1,Echolocation,/mnt/ubna_data_02_mir/recover-20221013/UBNA_001/20221012_030000.WAV,Telephone Field,recover-20221013,001,1795
951.0985000000001,951.1360999999999,68437,82586,Rhinolophus ferrumequinum,0.021,0.021,-1,Echolocation,/mnt/ubna_data_02_mir/recover-20221013/UBNA_001/20221012_030000.WAV,Telephone Field,recover-20221013,001,1795
951.1095,951.1471,68437,81874,Rhinolophus ferrumequinum,0.023,0.023,-1,Echolocation,/mnt/ubna_data_02_mir/recover-20221013/UBNA_001/20221012_030000.WAV,Telephone Field,recover-20221013,001,1795
951.1165,951.1551,68437,82012,Rhinolophus ferrumequinum,0.024,0.024,-1,Echolocation,/mnt/ubna_data_02_mir/recover-20221013/UBNA_001/20221012_030000.WAV,Telephone Field,recover-20221013,001,1795
951.1395,951.1479,29765,38174,Eptesicus serotinus,0.008,0.024,-1,Echolocation,/mnt/ubna_data_02_mir/recover-20221013/UBNA_001/20221012_030000.WAV,Telephone Field,recover-20221013,001,1795
951.1495,951.1904,68437,82635,Rhinolophus ferrumequinum,0.026,0.026,-1,Echolocation,/mnt/ubna_data_02_mir/recover-20221013/UBNA_001/20221012_030000.WAV,Telephone Field,recover-20221013,001,1795
951.1815,951.1915,26328,34681,Eptesicus serotinus,0.011,0.024,-1,Echolocation,/mnt/ubna_data_02_mir/recover-20221013/UBNA_001/20221012_030000.WAV,Telephone Field,recover-20221013,001,1795
951.2945,951.3045,28906,37009,Eptesicus serotinus,0.008,0.021,-1,Echolocation,/mnt/ubna_data_02_mir/recover-20221013/UBNA_001/20221012_030000.WAV,Telephone Field,recover-20221013,001,1795
951.3125,951.3511,68437,81978,Rhinolophus ferrumequinum,0.023,0.023,-1,Echolocation,/mnt/ubna_data_02_mir/recover-20221013/UBNA_001/20221012_030000.WAV,Telephone Field,recover-20221013,001,1795
951.3365,951.3783,68437,82656,Rhinolophus ferrumequinum,0.039,0.039,-1,Echolocation,/mnt/ubna_data_02_mir/recover-20221013/UBNA_001/20221012_030000.WAV,Telephone Field,recover-20221013,001,1795
951.3825,951.4199,68437,82142,Rhinolophus ferrumequinum,0.022,0.022,-1,Echolocation,/mnt/ubna_data_02_mir/recover-20221013/UBNA_001/20221012_030000.WAV,Telephone Field,recover-20221013,001,1795
951.4115,951.4517,68437,82697,Rhinolophus ferrumequinum,0.034,0.034,-1,Echolocation,/mnt/ubna_data_02_mir/recover-20221013/UBNA_001/20221012_030000.WAV,Telephone Field,recover-20221013,001,1795
951.4155,951.4274,22890,27451,Nyctalus leisleri,0.012,0.022,-1,Echolocation,/mnt/ubna_data_02_mir/recover-20221013/UBNA_001/20221012_030000.WAV,Telephone Field,recover-20221013,001,1795
951.4425,951.4504,28906,39551,Eptesicus serotinus,0.01,0.029,-1,Echolocation,/mnt/ubna_data_02_mir/recover-20221013/UBNA_001/20221012_030000.WAV,Telephone Field,recover-20221013,001,1795
951.4725,951.5099,68437,81948,Rhinolophus ferrumequinum,0.022,0.022,-1,Echolocation,/mnt/ubna_data_02_mir/recover-20221013/UBNA_001/20221012_030000.WAV,Telephone Field,recover-20221013,001,1795
951.5275,951.5675,68437,82906,Rhinolophus ferrumequinum,0.023,0.023,-1,Echolocation,/mnt/ubna_data_02_mir/recover-20221013/UBNA_001/20221012_030000.WAV,Telephone Field,recover-20221013,001,1795
951.5305,951.5379,23750,31940,Plecotus austriacus,0.01,0.024,-1,Echolocation,/mnt/ubna_data_02_mir/recover-20221013/UBNA_001/20221012_030000.WAV,Telephone Field,recover-20221013,001,1795
951.5525,951.5901,68437,82229,Rhinolophus ferrumequinum,0.021,0.021,-1,Echolocation,/mnt/ubna_data_02_mir/recover-20221013/UBNA_001/20221012_030000.WAV,Telephone Field,recover-20221013,001,1795
951.5645,951.5742,28906,36683,Eptesicus serotinus,0.011,0.028,-1,Echolocation,/mnt/ubna_data_02_mir/recover-20221013/UBNA_001/20221012_030000.WAV,Telephone Field,recover-20221013,001,1795
951.5655,951.605,68437,82112,Rhinolophus ferrumequinum,0.023,0.023,-1,Echolocation,/mnt/ubna_data_02_mir/recover-20221013/UBNA_001/20221012_030000.WAV,Telephone Field,recover-20221013,001,1795
951.5725,951.6129,68437,82688,Rhinolophus ferrumequinum,0.026,0.026,-1,Echolocation,/mnt/ubna_data_02_mir/recover-20221013/UBNA_001/20221012_030000.WAV,Telephone Field,recover-20221013,001,1795
951.6514999999999,951.6592,27187,36607,Eptesicus serotinus,0.008,0.023,-1,Echolocation,/mnt/ubna_data_02_mir/recover-20221013/UBNA_001/20221012_030000.WAV,Telephone Field,recover-20221013,001,1795
951.6605,951.6963,68437,80974,Rhinolophus ferrumequinum,0.021,0.021,-1,Echolocation,/mnt/ubna_data_02_mir/recover-20221013/UBNA_001/20221012_030000.WAV,Telephone Field,recover-20221013,001,1795
951.6665,951.6744,47812,51726,Pipistrellus pipistrellus,0.047,0.049,-1,Echolocation,/mnt/ubna_data_02_mir/recover-20221013/UBNA_001/20221012_030000.WAV,Telephone Field,recover-20221013,001,1795
951.6795,951.718,68437,81501,Rhinolophus ferrumequinum,0.024,0.024,-1,Echolocation,/mnt/ubna_data_02_mir/recover-20221013/UBNA_001/20221012_030000.WAV,Telephone Field,recover-20221013,001,1795
951.6805,951.691,27187,35787,Eptesicus serotinus,0.01,0.023,-1,Echolocation,/mnt/ubna_data_02_mir/recover-20221013/UBNA_001/20221012_030000.WAV,Telephone Field,recover-20221013,001,1795
951.6875,951.7261,68437,81397,Rhinolophus ferrumequinum,0.024,0.024,-1,Echolocation,/mnt/ubna_data_02_mir/recover-20221013/UBNA_001/20221012_030000.WAV,Telephone Field,recover-20221013,001,1795
951.7325,951.7733,68437,82746,Rhinolophus ferrumequinum,0.021,0.021,-1,Echolocation,/mnt/ubna_data_02_mir/recover-20221013/UBNA_001/20221012_030000.WAV,Telephone Field,recover-20221013,001,1795
951.7815,951.79,25468,36121,Eptesicus serotinus,0.008,0.023,-1,Echolocation,/mnt/ubna_data_02_mir/recover-20221013/UBNA_001/20221012_030000.WAV,Telephone Field,recover-20221013,001,1795
951.7925,951.8318,68437,81178,Rhinolophus ferrumequinum,0.021,0.021,-1,Echolocation,/mnt/ubna_data_02_mir/recover-20221013/UBNA_001/20221012_030000.WAV,Telephone Field,recover-20221013,001,1795
951.8095,951.818,35781,41985,Barbastellus barbastellus,0.01,0.027,-1,Echolocation,/mnt/ubna_data_02_mir/recover-20221013/UBNA_001/20221012_030000.WAV,Telephone Field,recover-20221013,001,1795
951.8115,951.8208,28046,38037,Eptesicus serotinus,0.012,0.034,-1,Echolocation,/mnt/ubna_data_02_mir/recover-20221013/UBNA_001/20221012_030000.WAV,Telephone Field,recover-20221013,001,1795
951.8215,951.8626,68437,83071,Rhinolophus ferrumequinum,0.026,0.026,-1,Echolocation,/mnt/ubna_data_02_mir/recover-20221013/UBNA_001/20221012_030000.WAV,Telephone Field,recover-20221013,001,1795
951.8245,951.8387,29765,33989,Eptesicus serotinus,0.03,0.056,-1,Echolocation,/mnt/ubna_data_02_mir/recover-20221013/UBNA_001/20221012_030000.WAV,Telephone Field,recover-20221013,001,1795
951.8815,951.8924,24609,30803,Nyctalus leisleri,0.009,0.023,-1,Echolocation,/mnt/ubna_data_02_mir/recover-20221013/UBNA_001/20221012_030000.WAV,Telephone Field,recover-20221013,001,1795
951.8975,951.9076,27187,35520,Eptesicus serotinus,0.011,0.022,-1,Echolocation,/mnt/ubna_data_02_mir/recover-20221013/UBNA_001/20221012_030000.WAV,Telephone Field,recover-20221013,001,1795
951.8975,951.9372,68437,82027,Rhinolophus ferrumequinum,0.025,0.025,-1,Echolocation,/mnt/ubna_data_02_mir/recover-20221013/UBNA_001/20221012_030000.WAV,Telephone Field,recover-20221013,001,1795
951.9045,951.9434,68437,82225,Rhinolophus ferrumequinum,0.026,0.026,-1,Echolocation,/mnt/ubna_data_02_mir/recover-20221013/UBNA_001/20221012_030000.WAV,Telephone Field,recover-20221013,001,1795
951.9135,951.9539,68437,82371,Rhinolophus ferrumequinum,0.026,0.026,-1,Echolocation,/mnt/ubna_data_02_mir/recover-20221013/UBNA_001/20221012_030000.WAV,Telephone Field,recover-20221013,001,1795
951.9405,951.9779,68437,81416,Rhinolophus ferrumequinum,0.023,0.023,-1,Echolocation,/mnt/ubna_data_02_mir/recover-20221013/UBNA_001/20221012_030000.WAV,Telephone Field,recover-20221013,001,1795
951.9475,951.9569,24609,32254,Eptesicus serotinus,0.006,0.021,-1,Echolocation,/mnt/ubna_data_02_mir/recover-20221013/UBNA_001/20221012_030000.WAV,Telephone Field,recover-20221013,001,1795
951.9555,951.9631,28046,41625,Eptesicus serotinus,0.007,0.022,-1,Echolocation,/mnt/ubna_data_02_mir/recover-20221013/UBNA_001/20221012_030000.WAV,Telephone Field,recover-20221013,001,1795
951.9615,951.9991,68437,81484,Rhinolophus ferrumequinum,0.026,0.026,-1,Echolocation,/mnt/ubna_data_02_mir/recover-20221013/UBNA_001/20221012_030000.WAV,Telephone Field,recover-20221013,001,1795
951.9865,951.9977,22031,26666,Nyctalus leisleri,0.011,0.021,-1,Echolocation,/mnt/ubna_data_02_mir/recover-20221013/UBNA_001/20221012_030000.WAV,Telephone Field,recover-20221013,001,1795
952.0015,952.0357,68437,80375,Rhinolophus ferrumequinum,0.047,0.047,-1,Echolocation,/mnt/ubna_data_02_mir/recover-20221013/UBNA_001/20221012_030000.WAV,Telephone Field,recover-20221013,001,1795
952.0015,952.0149,52968,58788,Pipistrellus pygmaeus,0.02,0.028,-1,Echolocation,/mnt/ubna_data_02_mir/recover-20221013/UBNA_001/20221012_030000.WAV,Telephone Field,recover-20221013,001,1795
952.0015,952.0122,22031,28711,Nyctalus leisleri,0.014,0.035,-1,Echolocation,/mnt/ubna_data_02_mir/recover-20221013/UBNA_001/20221012_030000.WAV,Telephone Field,recover-20221013,001,1795
952.0035,952.0126,43515,48478,Pipistrellus pipistrellus,0.007,0.024,-1,Echolocation,/mnt/ubna_data_02_mir/recover-20221013/UBNA_001/20221012_030000.WAV,Telephone Field,recover-20221013,001,1795
952.0175,952.0399,17734,21653,Nyctalus noctula,0.016,0.024,-1,Echolocation,/mnt/ubna_data_02_mir/recover-20221013/UBNA_001/20221012_030000.WAV,Telephone Field,recover-20221013,001,1795
952.0235,952.0615,68437,82057,Rhinolophus ferrumequinum,0.022,0.022,-1,Echolocation,/mnt/ubna_data_02_mir/recover-20221013/UBNA_001/20221012_030000.WAV,Telephone Field,recover-20221013,001,1795
952.0535,952.0949,68437,82745,Rhinolophus ferrumequinum,0.022,0.022,-1,Echolocation,/mnt/ubna_data_02_mir/recover-20221013/UBNA_001/20221012_030000.WAV,Telephone Field,recover-20221013,001,1795
952.0635,952.1054,68437,83009,Rhinolophus ferrumequinum,0.031,0.031,-1,Echolocation,/mnt/ubna_data_02_mir/recover-20221013/UBNA_001/20221012_030000.WAV,Telephone Field,recover-20221013,001,1795
952.0805,952.1187,68437,81698,Rhinolophus ferrumequinum,0.021,0.021,-1,Echolocation,/mnt/ubna_data_02_mir/recover-20221013/UBNA_001/20221012_030000.WAV,Telephone Field,recover-20221013,001,1795
952.1045,952.1125,26328,38686,Eptesicus serotinus,0.007,0.021,-1,Echolocation,/mnt/ubna_data_02_mir/recover-20221013/UBNA_001/20221012_030000.WAV,Telephone Field,recover-20221013,001,1795
952.1465,952.1847,68437,81903,Rhinolophus ferrumequinum,0.031,0.031,-1,Echolocation,/mnt/ubna_data_02_mir/recover-20221013/UBNA_001/20221012_030000.WAV,Telephone Field,recover-20221013,001,1795
952.1545,952.194,68437,82595,Rhinolophus ferrumequinum,0.024,0.024,-1,Echolocation,/mnt/ubna_data_02_mir/recover-20221013/UBNA_001/20221012_030000.WAV,Telephone Field,recover-20221013,001,1795
952.1695,952.1761,28046,38910,Eptesicus serotinus,0.007,0.028,-1,Echolocation,/mnt/ubna_data_02_mir/recover-20221013/UBNA_001/20221012_030000.WAV,Telephone Field,recover-20221013,001,1795
952.2085,952.2477,68437,81524,Rhinolophus ferrumequinum,0.021,0.021,-1,Echolocation,/mnt/ubna_data_02_mir/recover-20221013/UBNA_001/20221012_030000.WAV,Telephone Field,recover-20221013,001,1795
952.2135,952.2495,68437,81831,Rhinolophus ferrumequinum,0.021,0.021,-1,Echolocation,/mnt/ubna_data_02_mir/recover-20221013/UBNA_001/20221012_030000.WAV,Telephone Field,recover-20221013,001,1795
952.2225,952.2601,68437,81991,Rhinolophus ferrumequinum,0.021,0.021,-1,Echolocation,/mnt/ubna_data_02_mir/recover-20221013/UBNA_001/20221012_030000.WAV,Telephone Field,recover-20221013,001,1795
952.2805,952.2917,22890,27672,Nyctalus leisleri,0.011,0.021,-1,Echolocation,/mnt/ubna_data_02_mir/recover-20221013/UBNA_001/20221012_030000.WAV,Telephone Field,recover-20221013,001,1795
952.2965,952.3317,68437,80962,Rhinolophus ferrumequinum,0.021,0.021,-1,Echolocation,/mnt/ubna_data_02_mir/recover-20221013/UBNA_001/20221012_030000.WAV,Telephone Field,recover-20221013,001,1795
952.3025,952.3409,68437,82137,Rhinolophus ferrumequinum,0.023,0.023,-1,Echolocation,/mnt/ubna_data_02_mir/recover-20221013/UBNA_001/20221012_030000.WAV,Telephone Field,recover-20221013,001,1795
952.3085,952.3189,23750,30330,Nyctalus leisleri,0.009,0.023,-1,Echolocation,/mnt/ubna_data_02_mir/recover-20221013/UBNA_001/20221012_030000.WAV,Telephone Field,recover-20221013,001,1795
952.3395,952.3472,26328,36436,Eptesicus serotinus,0.007,0.023,-1,Echolocation,/mnt/ubna_data_02_mir/recover-20221013/UBNA_001/20221012_030000.WAV,Telephone Field,recover-20221013,001,1795
952.3675,952.3777,28906,36331,Eptesicus serotinus,0.01,0.025,-1,Echolocation,/mnt/ubna_data_02_mir/recover-20221013/UBNA_001/20221012_030000.WAV,Telephone Field,recover-20221013,001,1795
952.3845,952.4235,68437,82188,Rhinolophus ferrumequinum,0.021,0.022,-1,Echolocation,/mnt/ubna_data_02_mir/recover-20221013/UBNA_001/20221012_030000.WAV,Telephone Field,recover-20221013,001,1795
952.4195,952.4587,68437,82699,Rhinolophus ferrumequinum,0.025,0.025,-1,Echolocation,/mnt/ubna_data_02_mir/recover-20221013/UBNA_001/20221012_030000.WAV,Telephone Field,recover-20221013,001,1795
952.4515,952.4911,68437,82175,Rhinolophus ferrumequinum,0.021,0.022,-1,Echolocation,/mnt/ubna_data_02_mir/recover-20221013/UBNA_001/20221012_030000.WAV,Telephone Field,recover-20221013,001,1795
952.4555,952.4647,25468,32996,Eptesicus serotinus,0.008,0.021,-1,Echolocation,/mnt/ubna_data_02_mir/recover-20221013/UBNA_001/20221012_030000.WAV,Telephone Field,recover-20221013,001,1795
952.4915,952.4993,34062,41998,Myotis daubentonii,0.011,0.023,-1,Echolocation,/mnt/ubna_data_02_mir/recover-20221013/UBNA_001/20221012_030000.WAV,Telephone Field,recover-20221013,001,1795
952.5225,952.5314,25468,35092,Eptesicus serotinus,0.008,0.022,-1,Echolocation,/mnt/ubna_data_02_mir/recover-20221013/UBNA_001/20221012_030000.WAV,Telephone Field,recover-20221013,001,1795
952.5325,952.5418999999999,24609,31656,Eptesicus serotinus,0.008,0.024,-1,Echolocation,/mnt/ubna_data_02_mir/recover-20221013/UBNA_001/20221012_030000.WAV,Telephone Field,recover-20221013,001,1795
952.5755,952.6145,68437,81993,Rhinolophus ferrumequinum,0.021,0.021,-1,Echolocation,/mnt/ubna_data_02_mir/recover-20221013/UBNA_001/20221012_030000.WAV,Telephone Field,recover-20221013,001,1795
952.5905,952.602,28046,34417,Eptesicus serotinus,0.014,0.028,-1,Echolocation,/mnt/ubna_data_02_mir/recover-20221013/UBNA_001/20221012_030000.WAV,Telephone Field,recover-20221013,001,1795
952.5925,952.6341,68437,82590,Rhinolophus ferrumequinum,0.022,0.022,-1,Echolocation,/mnt/ubna_data_02_mir/recover-20221013/UBNA_001/20221012_030000.WAV,Telephone Field,recover-20221013,001,1795
952.6135,952.6514,68437,81975,Rhinolophus ferrumequinum,0.021,0.021,-1,Echolocation,/mnt/ubna_data_02_mir/recover-20221013/UBNA_001/20221012_030000.WAV,Telephone Field,recover-20221013,001,1795
952.6705,952.7107,68437,82686,Rhinolophus ferrumequinum,0.024,0.024,-1,Echolocation,/mnt/ubna_data_02_mir/recover-20221013/UBNA_001/20221012_030000.WAV,Telephone Field,recover-20221013,001,1795
952.6965,952.7351,68437,82852,Rhinolophus ferrumequinum,0.023,0.023,-1,Echolocation,/mnt/ubna_data_02_mir/recover-20221013/UBNA_001/20221012_030000.WAV,Telephone Field,recover-20221013,001,1795
952.6985,952.7079,28046,36800,Eptesicus serotinus,0.009,0.023,-1,Echolocation,/mnt/ubna_data_02_mir/recover-20221013/UBNA_001/20221012_030000.WAV,Telephone Field,recover-20221013,001,1795
952.7525,952.7905,68437,82021,Rhinolophus ferrumequinum,0.021,0.021,-1,Echolocation,/mnt/ubna_data_02_mir/recover-20221013/UBNA_001/20221012_030000.WAV,Telephone Field,recover-20221013,001,1795
952.7835,952.8246,68437,82473,Rhinolophus ferrumequinum,0.022,0.022,-1,Echolocation,/mnt/ubna_data_02_mir/recover-20221013/UBNA_001/20221012_030000.WAV,Telephone Field,recover-20221013,001,1795
952.8155,952.854,68437,82417,Rhinolophus ferrumequinum,0.025,0.025,-1,Echolocation,/mnt/ubna_data_02_mir/recover-20221013/UBNA_001/20221012_030000.WAV,Telephone Field,recover-20221013,001,1795
952.8295,952.8711,68437,82482,Rhinolophus ferrumequinum,0.022,0.022,-1,Echolocation,/mnt/ubna_data_02_mir/recover-20221013/UBNA_001/20221012_030000.WAV,Telephone Field,recover-20221013,001,1795
952.8445,952.8541,25468,33763,Eptesicus serotinus,0.008,0.024,-1,Echolocation,/mnt/ubna_data_02_mir/recover-20221013/UBNA_001/20221012_030000.WAV,Telephone Field,recover-20221013,001,1795
952.8625,952.9012,68437,81623,Rhinolophus ferrumequinum,0.03,0.03,-1,Echolocation,/mnt/ubna_data_02_mir/recover-20221013/UBNA_001/20221012_030000.WAV,Telephone Field,recover-20221013,001,1795
952.8815,952.8942,36640,41875,Pipistrellus nathusii,0.027,0.086,-1,Echolocation,/mnt/ubna_data_02_mir/recover-20221013/UBNA_001/20221012_030000.WAV,Telephone Field,recover-20221013,001,1795
952.8955,952.9321,68437,82123,Rhinolophus ferrumequinum,0.022,0.022,-1,Echolocation,/mnt/ubna_data_02_mir/recover-20221013/UBNA_001/20221012_030000.WAV,Telephone Field,recover-20221013,001,1795
952.9115,952.9193,22890,30521,Plecotus austriacus,0.009,0.021,-1,Echolocation,/mnt/ubna_data_02_mir/recover-20221013/UBNA_001/20221012_030000.WAV,Telephone Field,recover-20221013,001,1795
952.9155,952.9516,68437,81288,Rhinolophus ferrumequinum,0.021,0.021,-1,Echolocation,/mnt/ubna_data_02_mir/recover-20221013/UBNA_001/20221012_030000.WAV,Telephone Field,recover-20221013,001,1795
952.9275,952.9622,68437,81431,Rhinolophus ferrumequinum,0.021,0.021,-1,Echolocation,/mnt/ubna_data_02_mir/recover-20221013/UBNA_001/20221012_030000.WAV,Telephone Field,recover-20221013,001,1795
952.9395,952.9758,68437,81492,Rhinolophus ferrumequinum,0.021,0.022,-1,Echolocation,/mnt/ubna_data_02_mir/recover-20221013/UBNA_001/20221012_030000.WAV,Telephone Field,recover-20221013,001,1795
952.9685,953.0055,68437,81235,Rhinolophus ferrumequinum,0.021,0.021,-1,Echolocation,/mnt/ubna_data_02_mir/recover-20221013/UBNA_001/20221012_030000.WAV,Telephone Field,recover-20221013,001,1795
953.0415,953.082,68437,82641,Rhinolophus ferrumequinum,0.021,0.021,-1,Echolocation,/mnt/ubna_data_02_mir/recover-20221013/UBNA_001/20221012_030000.WAV,Telephone Field,recover-20221013,001,1795
953.0565,953.0637,27187,39385,Eptesicus serotinus,0.006,0.021,-1,Echolocation,/mnt/ubna_data_02_mir/recover-20221013/UBNA_001/20221012_030000.WAV,Telephone Field,recover-20221013,001,1795
953.1105,953.118,28046,39114,Eptesicus serotinus,0.007,0.023,-1,Echolocation,/mnt/ubna_data_02_mir/recover-20221013/UBNA_001/20221012_030000.WAV,Telephone Field,recover-20221013,001,1795
953.1205,953.1603,68437,82270,Rhinolophus ferrumequinum,0.021,0.021,-1,Echolocation,/mnt/ubna_data_02_mir/recover-20221013/UBNA_001/20221012_030000.WAV,Telephone Field,recover-20221013,001,1795
953.1365,953.1524,22031,26465,Nyctalus leisleri,0.034,0.065,-1,Echolocation,/mnt/ubna_data_02_mir/recover-20221013/UBNA_001/20221012_030000.WAV,Telephone Field,recover-20221013,001,1795
953.2395,953.2777,68437,82196,Rhinolophus ferrumequinum,0.03,0.03,-1,Echolocation,/mnt/ubna_data_02_mir/recover-20221013/UBNA_001/20221012_030000.WAV,Telephone Field,recover-20221013,001,1795
953.2635,953.3031,68437,82077,Rhinolophus ferrumequinum,0.024,0.024,-1,Echolocation,/mnt/ubna_data_02_mir/recover-20221013/UBNA_001/20221012_030000.WAV,Telephone Field,recover-20221013,001,1795
953.2675,953.2777,24609,31551,Nyctalus leisleri,0.008,0.023,-1,Echolocation,/mnt/ubna_data_02_mir/recover-20221013/UBNA_001/20221012_030000.WAV,Telephone Field,recover-20221013,001,1795
953.2925,953.3325,68437,82526,Rhinolophus ferrumequinum,0.022,0.022,-1,Echolocation,/mnt/ubna_data_02_mir/recover-20221013/UBNA_001/20221012_030000.WAV,Telephone Field,recover-20221013,001,1795
953.3045,953.3409,68437,81837,Rhinolophus ferrumequinum,0.024,0.024,-1,Echolocation,/mnt/ubna_data_02_mir/recover-20221013/UBNA_001/20221012_030000.WAV,Telephone Field,recover-20221013,001,1795
953.3575,953.3968,68437,81679,Rhinolophus ferrumequinum,0.021,0.021,-1,Echolocation,/mnt/ubna_data_02_mir/recover-20221013/UBNA_001/20221012_030000.WAV,Telephone Field,recover-20221013,001,1795
953.3765,953.3845,28046,40245,Eptesicus serotinus,0.009,0.029,-1,Echolocation,/mnt/ubna_data_02_mir/recover-20221013/UBNA_001/20221012_030000.WAV,Telephone Field,recover-20221013,001,1795
953.3875,953.4279,68437,82768,Rhinolophus ferrumequinum,0.022,0.022,-1,Echolocation,/mnt/ubna_data_02_mir/recover-20221013/UBNA_001/20221012_030000.WAV,Telephone Field,recover-20221013,001,1795
953.3965,953.4067,22890,28450,Nyctalus leisleri,0.011,0.027,-1,Echolocation,/mnt/ubna_data_02_mir/recover-20221013/UBNA_001/20221012_030000.WAV,Telephone Field,recover-20221013,001,1795
953.3985,953.4397,68437,82668,Rhinolophus ferrumequinum,0.023,0.023,-1,Echolocation,/mnt/ubna_data_02_mir/recover-20221013/UBNA_001/20221012_030000.WAV,Telephone Field,recover-20221013,001,1795
953.4085,953.4185,28046,36053,Eptesicus serotinus,0.009,0.022,-1,Echolocation,/mnt/ubna_data_02_mir/recover-20221013/UBNA_001/20221012_030000.WAV,Telephone Field,recover-20221013,001,1795
953.4245,953.4617,68437,81598,Rhinolophus ferrumequinum,0.022,0.022,-1,Echolocation,/mnt/ubna_data_02_mir/recover-20221013/UBNA_001/20221012_030000.WAV,Telephone Field,recover-20221013,001,1795
953.4305,953.4681,68437,81397,Rhinolophus ferrumequinum,0.023,0.023,-1,Echolocation,/mnt/ubna_data_02_mir/recover-20221013/UBNA_001/20221012_030000.WAV,Telephone Field,recover-20221013,001,1795
953.4345,953.4436,28046,37355,Eptesicus serotinus,0.008,0.021,-1,Echolocation,/mnt/ubna_data_02_mir/recover-20221013/UBNA_001/20221012_030000.WAV,Telephone Field,recover-20221013,001,1795
953.4455,953.4562,27187,34711,Eptesicus serotinus,0.009,0.022,-1,Echolocation,/mnt/ubna_data_02_mir/recover-20221013/UBNA_001/20221012_030000.WAV,Telephone Field,recover-20221013,001,1795
953.4755,953.4875,42656,45703,Pipistrellus pipistrellus,0.033,0.041,-1,Echolocation,/mnt/ubna_data_02_mir/recover-20221013/UBNA_001/20221012_030000.WAV,Telephone Field,recover-20221013,001,1795
953.4985,953.5374,68437,82170,Rhinolophus ferrumequinum,0.021,0.021,-1,Echolocation,/mnt/ubna_data_02_mir/recover-20221013/UBNA_001/20221012_030000.WAV,Telephone Field,recover-20221013,001,1795
953.5005,953.5085,28046,40327,Eptesicus serotinus,0.006,0.021,-1,Echolocation,/mnt/ubna_data_02_mir/recover-20221013/UBNA_001/20221012_030000.WAV,Telephone Field,recover-20221013,001,1795
953.5345,953.5716,68437,81990,Rhinolophus ferrumequinum,0.026,0.026,-1,Echolocation,/mnt/ubna_data_02_mir/recover-20221013/UBNA_001/20221012_030000.WAV,Telephone Field,recover-20221013,001,1795
953.5945,953.6354,68437,82973,Rhinolophus ferrumequinum,0.031,0.031,-1,Echolocation,/mnt/ubna_data_02_mir/recover-20221013/UBNA_001/20221012_030000.WAV,Telephone Field,recover-20221013,001,1795
953.6105,953.6213,22031,27104,Nyctalus leisleri,0.011,0.025,-1,Echolocation,/mnt/ubna_data_02_mir/recover-20221013/UBNA_001/20221012_030000.WAV,Telephone Field,recover-20221013,001,1795
953.6245,953.6625,68437,81422,Rhinolophus ferrumequinum,0.022,0.023,-1,Echolocation,/mnt/ubna_data_02_mir/recover-20221013/UBNA_001/20221012_030000.WAV,Telephone Field,recover-20221013,001,1795
953.6525,953.6847,68437,80494,Rhinolophus ferrumequinum,0.022,0.022,-1,Echolocation,/mnt/ubna_data_02_mir/recover-20221013/UBNA_001/20221012_030000.WAV,Telephone Field,recover-20221013,001,1795
953.6585,953.691,68437,80680,Rhinolophus ferrumequinum,0.021,0.021,-1,Echolocation,/mnt/ubna_data_02_mir/recover-20221013/UBNA_001/20221012_030000.WAV,Telephone Field,recover-20221013,001,1795
953.6705,953.7109,68437,82399,Rhinolophus ferrumequinum,0.022,0.022,-1,Echolocation,/mnt/ubna_data_02_mir/recover-20221013/UBNA_001/20221012_030000.WAV,Telephone Field,recover-20221013,001,1795
953.6995,953.7097,22890,29039,Nyctalus leisleri,0.009,0.022,-1,Echolocation,/mnt/ubna_data_02_mir/recover-20221013/UBNA_001/20221012_030000.WAV,Telephone Field,recover-20221013,001,1795
953.7665,953.804,68437,81701,Rhinolophus ferrumequinum,0.024,0.025,-1,Echolocation,/mnt/ubna_data_02_mir/recover-20221013/UBNA_001/20221012_030000.WAV,Telephone Field,recover-20221013,001,1795
953.7735,953.7842,23750,29026,Nyctalus leisleri,0.012,0.027,-1,Echolocation,/mnt/ubna_data_02_mir/recover-20221013/UBNA_001/20221012_030000.WAV,Telephone Field,recover-20221013,001,1795
953.7965,953.8057,28046,39308,Eptesicus serotinus,0.01,0.026,-1,Echolocation,/mnt/ubna_data_02_mir/recover-20221013/UBNA_001/20221012_030000.WAV,Telephone Field,recover-20221013,001,1795
953.7965,953.8379,68437,82392,Rhinolophus ferrumequinum,0.025,0.025,-1,Echolocation,/mnt/ubna_data_02_mir/recover-20221013/UBNA_001/20221012_030000.WAV,Telephone Field,recover-20221013,001,1795
953.8195,953.8299,22031,27155,Nyctalus leisleri,0.009,0.021,-1,Echolocation,/mnt/ubna_data_02_mir/recover-20221013/UBNA_001/20221012_030000.WAV,Telephone Field,recover-20221013,001,1795
953.8215,953.8623,68437,82332,Rhinolophus ferrumequinum,0.024,0.024,-1,Echolocation,/mnt/ubna_data_02_mir/recover-20221013/UBNA_001/20221012_030000.WAV,Telephone Field,recover-20221013,001,1795
953.8405,953.8495,25468,34060,Eptesicus serotinus,0.008,0.021,-1,Echolocation,/mnt/ubna_data_02_mir/recover-20221013/UBNA_001/20221012_030000.WAV,Telephone Field,recover-20221013,001,1795
953.8465,953.884,68437,82335,Rhinolophus ferrumequinum,0.022,0.022,-1,Echolocation,/mnt/ubna_data_02_mir/recover-20221013/UBNA_001/20221012_030000.WAV,Telephone Field,recover-20221013,001,1795
953.8975,953.9404,68437,82974,Rhinolophus ferrumequinum,0.026,0.026,-1,Echolocation,/mnt/ubna_data_02_mir/recover-20221013/UBNA_001/20221012_030000.WAV,Telephone Field,recover-20221013,001,1795
953.9025,953.9105,28046,37174,Eptesicus serotinus,0.007,0.022,-1,Echolocation,/mnt/ubna_data_02_mir/recover-20221013/UBNA_001/20221012_030000.WAV,Telephone Field,recover-20221013,001,1795
953.9605,953.9719,23750,29658,Nyctalus leisleri,0.011,0.026,-1,Echolocation,/mnt/ubna_data_02_mir/recover-20221013/UBNA_001/20221012_030000.WAV,Telephone Field,recover-20221013,001,1795
954.0015,954.01,23750,32801,Nyctalus leisleri,0.008,0.027,-1,Echolocation,/mnt/ubna_data_02_mir/recover-20221013/UBNA_001/20221012_030000.WAV,Telephone Field,recover-20221013,001,1795
954.0015,954.0321,69296,81441,Rhinolophus ferrumequinum,0.029,0.029,-1,Echolocation,/mnt/ubna_data_02_mir/recover-20221013/UBNA_001/20221012_030000.WAV,Telephone Field,recover-20221013,001,1795
954.0015,954.0147,50390,57318,Pipistrellus pipistrellus,0.011,0.022,-1,Echolocation,/mnt/ubna_data_02_mir/recover-20221013/UBNA_001/20221012_030000.WAV,Telephone Field,recover-20221013,001,1795
954.0085,954.0481,68437,80932,Rhinolophus ferrumequinum,0.021,0.021,-1,Echolocation,/mnt/ubna_data_02_mir/recover-20221013/UBNA_001/20221012_030000.WAV,Telephone Field,recover-20221013,001,1795
954.0165,954.0565,68437,82412,Rhinolophus ferrumequinum,0.022,0.022,-1,Echolocation,/mnt/ubna_data_02_mir/recover-20221013/UBNA_001/20221012_030000.WAV,Telephone Field,recover-20221013,001,1795
954.0215,954.0575,68437,81882,Rhinolophus ferrumequinum,0.022,0.022,-1,Echolocation,/mnt/ubna_data_02_mir/recover-20221013/UBNA_001/20221012_030000.WAV,Telephone Field,recover-20221013,001,1795
954.0745,954.1147,68437,82821,Rhinolophus ferrumequinum,0.027,0.027,-1,Echolocation,/mnt/ubna_data_02_mir/recover-20221013/UBNA_001/20221012_030000.WAV,Telephone Field,recover-20221013,001,1795
954.1155,954.1544,68437,81795,Rhinolophus ferrumequinum,0.021,0.021,-1,Echolocation,/mnt/ubna_data_02_mir/recover-20221013/UBNA_001/20221012_030000.WAV,Telephone Field,recover-20221013,001,1795
954.1375,954.1771,68437,82882,Rhinolophus ferrumequinum,0.024,0.024,-1,Echolocation,/mnt/ubna_data_02_mir/recover-20221013/UBNA_001/20221012_030000.WAV,Telephone Field,recover-20221013,001,1795
954.1465,954.1548,28046,40561,Eptesicus serotinus,0.008,0.023,-1,Echolocation,/mnt/ubna_data_02_mir/recover-20221013/UBNA_001/20221012_030000.WAV,Telephone Field,recover-20221013,001,1795
954.1555,954.1631,27187,40005,Eptesicus serotinus,0.007,0.024,-1,Echolocation,/mnt/ubna_data_02_mir/recover-20221013/UBNA_001/20221012_030000.WAV,Telephone Field,recover-20221013,001,1795
954.1965,954.205,27187,35784,Eptesicus serotinus,0.016,0.039,-1,Echolocation,/mnt/ubna_data_02_mir/recover-20221013/UBNA_001/20221012_030000.WAV,Telephone Field,recover-20221013,001,1795
954.2065,954.2475,68437,82566,Rhinolophus ferrumequinum,0.023,0.023,-1,Echolocation,/mnt/ubna_data_02_mir/recover-20221013/UBNA_001/20221012_030000.WAV,Telephone Field,recover-20221013,001,1795
954.2125,954.2233,23750,29936,Nyctalus leisleri,0.009,0.024,-1,Echolocation,/mnt/ubna_data_02_mir/recover-20221013/UBNA_001/20221012_030000.WAV,Telephone Field,recover-20221013,001,1795
954.2495,954.2862,68437,81609,Rhinolophus ferrumequinum,0.022,0.022,-1,Echolocation,/mnt/ubna_data_02_mir/recover-20221013/UBNA_001/20221012_030000.WAV,Telephone Field,recover-20221013,001,1795
954.2875,954.2941,28046,39054,Eptesicus serotinus,0.008,0.027,-1,Echolocation,/mnt/ubna_data_02_mir/recover-20221013/UBNA_001/20221012_030000.WAV,Telephone Field,recover-20221013,001,1795
954.2875,954.3252,68437,82227,Rhinolophus ferrumequinum,0.021,0.021,-1,Echolocation,/mnt/ubna_data_02_mir/recover-20221013/UBNA_001/20221012_030000.WAV,Telephone Field,recover-20221013,001,1795
954.2905,954.3057,21171,25478,Nyctalus leisleri,0.016,0.031,-1,Echolocation,/mnt/ubna_data_02_mir/recover-20221013/UBNA_001/20221012_030000.WAV,Telephone Field,recover-20221013,001,1795
954.2985,954.3417,68437,83106,Rhinolophus ferrumequinum,0.027,0.027,-1,Echolocation,/mnt/ubna_data_02_mir/recover-20221013/UBNA_001/20221012_030000.WAV,Telephone Field,recover-20221013,001,1795
954.3235,954.3306,27187,38979,Eptesicus serotinus,0.008,0.027,-1,Echolocation,/mnt/ubna_data_02_mir/recover-20221013/UBNA_001/20221012_030000.WAV,Telephone Field,recover-20221013,001,1795
954.3245,954.3631,68437,82374,Rhinolophus ferrumequinum,0.023,0.023,-1,Echolocation,/mnt/ubna_data_02_mir/recover-20221013/UBNA_001/20221012_030000.WAV,Telephone Field,recover-20221013,001,1795
954.3695,954.3762,28046,44458,Eptesicus serotinus,0.007,0.027,-1,Echolocation,/mnt/ubna_data_02_mir/recover-20221013/UBNA_001/20221012_030000.WAV,Telephone Field,recover-20221013,001,1795
954.3695,954.4048,68437,81665,Rhinolophus ferrumequinum,0.022,0.022,-1,Echolocation,/mnt/ubna_data_02_mir/recover-20221013/UBNA_001/20221012_030000.WAV,Telephone Field,recover-20221013,001,1795
954.3815,954.4165,68437,81121,Rhinolophus ferrumequinum,0.023,0.023,-1,Echolocation,/mnt/ubna_data_02_mir/recover-20221013/UBNA_001/20221012_030000.WAV,Telephone Field,recover-20221013,001,1795
954.4035,954.4437,68437,81929,Rhinolophus ferrumequinum,0.033,0.033,-1,Echolocation,/mnt/ubna_data_02_mir/recover-20221013/UBNA_001/20221012_030000.WAV,Telephone Field,recover-20221013,001,1795
954.4125,954.4224,23750,30109,Nyctalus leisleri,0.009,0.024,-1,Echolocation,/mnt/ubna_data_02_mir/recover-20221013/UBNA_001/20221012_030000.WAV,Telephone Field,recover-20221013,001,1795
954.4365,954.455,19453,23194,Nyctalus noctula,0.011,0.023,-1,Echolocation,/mnt/ubna_data_02_mir/recover-20221013/UBNA_001/20221012_030000.WAV,Telephone Field,recover-20221013,001,1795
954.4365,954.4738,68437,82142,Rhinolophus ferrumequinum,0.028,0.028,-1,Echolocation,/mnt/ubna_data_02_mir/recover-20221013/UBNA_001/20221012_030000.WAV,Telephone Field,recover-20221013,001,1795
954.4665,954.5038,68437,81611,Rhinolophus ferrumequinum,0.022,0.023,-1,Echolocation,/mnt/ubna_data_02_mir/recover-20221013/UBNA_001/20221012_030000.WAV,Telephone Field,recover-20221013,001,1795
954.4725,954.48,27187,41956,Eptesicus serotinus,0.007,0.022,-1,Echolocation,/mnt/ubna_data_02_mir/recover-20221013/UBNA_001/20221012_030000.WAV,Telephone Field,recover-20221013,001,1795
954.4745,954.5108,68437,81994,Rhinolophus ferrumequinum,0.022,0.022,-1,Echolocation,/mnt/ubna_data_02_mir/recover-20221013/UBNA_001/20221012_030000.WAV,Telephone Field,recover-20221013,001,1795
954.5155,954.5563,68437,82279,Rhinolophus ferrumequinum,0.022,0.022,-1,Echolocation,/mnt/ubna_data_02_mir/recover-20221013/UBNA_001/20221012_030000.WAV,Telephone Field,recover-20221013,001,1795
954.5155,954.5243,25468,33894,Eptesicus serotinus,0.008,0.026,-1,Echolocation,/mnt/ubna_data_02_mir/recover-20221013/UBNA_001/20221012_030000.WAV,Telephone Field,recover-20221013,001,1795
954.5335,954.5422,28906,36784,Eptesicus serotinus,0.007,0.021,-1,Echolocation,/mnt/ubna_data_02_mir/recover-20221013/UBNA_001/20221012_030000.WAV,Telephone Field,recover-20221013,001,1795
954.5905,954.6019,14296,20488,Nyctalus noctula,0.014,0.024,-1,Echolocation,/mnt/ubna_data_02_mir/recover-20221013/UBNA_001/20221012_030000.WAV,Telephone Field,recover-20221013,001,1795
954.6125,954.6255,22031,26301,Nyctalus leisleri,0.016,0.029,-1,Echolocation,/mnt/ubna_data_02_mir/recover-20221013/UBNA_001/20221012_030000.WAV,Telephone Field,recover-20221013,001,1795
954.6235,954.6313,28046,40328,Eptesicus serotinus,0.008,0.024,-1,Echolocation,/mnt/ubna_data_02_mir/recover-20221013/UBNA_001/20221012_030000.WAV,Telephone Field,recover-20221013,001,1795
954.6465,954.6852,68437,82188,Rhinolophus ferrumequinum,0.024,0.024,-1,Echolocation,/mnt/ubna_data_02_mir/recover-20221013/UBNA_001/20221012_030000.WAV,Telephone Field,recover-20221013,001,1795
954.6735,954.68,27187,40987,Myotis nattereri,0.005,0.024,-1,Echolocation,/mnt/ubna_data_02_mir/recover-20221013/UBNA_001/20221012_030000.WAV,Telephone Field,recover-20221013,001,1795
954.6805,954.7214,68437,82702,Rhinolophus ferrumequinum,0.029,0.029,-1,Echolocation,/mnt/ubna_data_02_mir/recover-20221013/UBNA_001/20221012_030000.WAV,Telephone Field,recover-20221013,001,1795
954.6835,954.6943,28906,36665,Eptesicus serotinus,0.01,0.023,-1,Echolocation,/mnt/ubna_data_02_mir/recover-20221013/UBNA_001/20221012_030000.WAV,Telephone Field,recover-20221013,001,1795
954.6915,954.7006,28906,37947,Eptesicus serotinus,0.007,0.021,-1,Echolocation,/mnt/ubna_data_02_mir/recover-20221013/UBNA_001/20221012_030000.WAV,Telephone Field,recover-20221013,001,1795
954.6965,954.7064,24609,31173,Nyctalus leisleri,0.008,0.021,-1,Echolocation,/mnt/ubna_data_02_mir/recover-20221013/UBNA_001/20221012_030000.WAV,Telephone Field,recover-20221013,001,1795
954.7195,954.7599,68437,82625,Rhinolophus ferrumequinum,0.028,0.028,-1,Echolocation,/mnt/ubna_data_02_mir/recover-20221013/UBNA_001/20221012_030000.WAV,Telephone Field,recover-20221013,001,1795
954.7325,954.7387,50390,55240,Pipistrellus pipistrellus,0.02,0.023,-1,Echolocation,/mnt/ubna_data_02_mir/recover-20221013/UBNA_001/20221012_030000.WAV,Telephone Field,recover-20221013,001,1795
954.7455,954.7862,68437,82772,Rhinolophus ferrumequinum,0.027,0.027,-1,Echolocation,/mnt/ubna_data_02_mir/recover-20221013/UBNA_001/20221012_030000.WAV,Telephone Field,recover-20221013,001,1795
954.7675,954.8064,68437,82103,Rhinolophus ferrumequinum,0.023,0.023,-1,Echolocation,/mnt/ubna_data_02_mir/recover-20221013/UBNA_001/20221012_030000.WAV,Telephone Field,recover-20221013,001,1795
954.7735,954.8149,68437,82853,Rhinolophus ferrumequinum,0.023,0.023,-1,Echolocation,/mnt/ubna_data_02_mir/recover-20221013/UBNA_001/20221012_030000.WAV,Telephone Field,recover-20221013,001,1795
954.8095,954.8499,68437,83404,Rhinolophus ferrumequinum,0.028,0.028,-1,Echolocation,/mnt/ubna_data_02_mir/recover-20221013/UBNA_001/20221012_030000.WAV,Telephone Field,recover-20221013,001,1795
954.8195,954.8554,68437,81560,Rhinolophus ferrumequinum,0.022,0.022,-1,Echolocation,/mnt/ubna_data_02_mir/recover-20221013/UBNA_001/20221012_030000.WAV,Telephone Field,recover-20221013,001,1795
954.8435,954.8835,68437,82592,Rhinolophus ferrumequinum,0.027,0.027,-1,Echolocation,/mnt/ubna_data_02_mir/recover-20221013/UBNA_001/20221012_030000.WAV,Telephone Field,recover-20221013,001,1795
954.8685,954.9058,68437,81959,Rhinolophus ferrumequinum,0.023,0.023,-1,Echolocation,/mnt/ubna_data_02_mir/recover-20221013/UBNA_001/20221012_030000.WAV,Telephone Field,recover-20221013,001,1795
954.8885,954.9263,68437,82053,Rhinolophus ferrumequinum,0.023,0.023,-1,Echolocation,/mnt/ubna_data_02_mir/recover-20221013/UBNA_001/20221012_030000.WAV,Telephone Field,recover-20221013,001,1795
954.9095,954.9497,68437,82581,Rhinolophus ferrumequinum,0.029,0.029,-1,Echolocation,/mnt/ubna_data_02_mir/recover-20221013/UBNA_001/20221012_030000.WAV,Telephone Field,recover-20221013,001,1795
954.9275,954.9351,28046,40404,Eptesicus serotinus,0.007,0.022,-1,Echolocation,/mnt/ubna_data_02_mir/recover-20221013/UBNA_001/20221012_030000.WAV,Telephone Field,recover-20221013,001,1795
954.9885,955.0005,22031,27263,Nyctalus leisleri,0.013,0.029,-1,Echolocation,/mnt/ubna_data_02_mir/recover-20221013/UBNA_001/20221012_030000.WAV,Telephone Field,recover-20221013,001,1795
955.0055,955.0411,68437,81289,Rhinolophus ferrumequinum,0.022,0.022,-1,Echolocation,/mnt/ubna_data_02_mir/recover-20221013/UBNA_001/20221012_030000.WAV,Telephone Field,recover-20221013,001,1795
955.0125,955.0197000000001,28046,38978,Eptesicus serotinus,0.006,0.022,-1,Echolocation,/mnt/ubna_data_02_mir/recover-20221013/UBNA_001/20221012_030000.WAV,Telephone Field,recover-20221013,001,1795
955.0435,955.084,68437,82295,Rhinolophus ferrumequinum,0.026,0.026,-1,Echolocation,/mnt/ubna_data_02_mir/recover-20221013/UBNA_001/20221012_030000.WAV,Telephone Field,recover-20221013,001,1795
955.0615,955.0685,26328,39872,Eptesicus serotinus,0.007,0.029,-1,Echolocation,/mnt/ubna_data_02_mir/recover-20221013/UBNA_001/20221012_030000.WAV,Telephone Field,recover-20221013,001,1795
955.1045,955.141,68437,81610,Rhinolophus ferrumequinum,0.022,0.023,-1,Echolocation,/mnt/ubna_data_02_mir/recover-20221013/UBNA_001/20221012_030000.WAV,Telephone Field,recover-20221013,001,1795
955.1195,955.1589,68437,82432,Rhinolophus ferrumequinum,0.022,0.022,-1,Echolocation,/mnt/ubna_data_02_mir/recover-20221013/UBNA_001/20221012_030000.WAV,Telephone Field,recover-20221013,001,1795
955.1415,955.1791,68437,82162,Rhinolophus ferrumequinum,0.025,0.025,-1,Echolocation,/mnt/ubna_data_02_mir/recover-20221013/UBNA_001/20221012_030000.WAV,Telephone Field,recover-20221013,001,1795
955.1725,955.209,68437,81089,Rhinolophus ferrumequinum,0.031,0.031,-1,Echolocation,/mnt/ubna_data_02_mir/recover-20221013/UBNA_001/20221012_030000.WAV,Telephone Field,recover-20221013,001,1795
955.2135,955.2517,68437,82659,Rhinolophus ferrumequinum,0.026,0.026,-1,Echolocation,/mnt/ubna_data_02_mir/recover-20221013/UBNA_001/20221012_030000.WAV,Telephone Field,recover-20221013,001,1795
955.2245,955.2647,68437,83123,Rhinolophus ferrumequinum,0.023,0.023,-1,Echolocation,/mnt/ubna_data_02_mir/recover-20221013/UBNA_001/20221012_030000.WAV,Telephone Field,recover-20221013,001,1795
955.2345,955.2769,68437,83318,Rhinolophus ferrumequinum,0.029,0.029,-1,Echolocation,/mnt/ubna_data_02_mir/recover-20221013/UBNA_001/20221012_030000.WAV,Telephone Field,recover-20221013,001,1795
955.2405,955.2827,68437,83075,Rhinolophus ferrumequinum,0.027,0.027,-1,Echolocation,/mnt/ubna_data_02_mir/recover-20221013/UBNA_001/20221012_030000.WAV,Telephone Field,recover-20221013,001,1795
955.2505,955.2601,23750,31079,Nyctalus leisleri,0.007,0.024,-1,Echolocation,/mnt/ubna_data_02_mir/recover-20221013/UBNA_001/20221012_030000.WAV,Telephone Field,recover-20221013,001,1795
955.2535,955.2591,50390,58626,Pipistrellus pipistrellus,0.032,0.039,-1,Echolocation,/mnt/ubna_data_02_mir/recover-20221013/UBNA_001/20221012_030000.WAV,Telephone Field,recover-20221013,001,1795
955.2555,955.2939,68437,82291,Rhinolophus ferrumequinum,0.025,0.025,-1,Echolocation,/mnt/ubna_data_02_mir/recover-20221013/UBNA_001/20221012_030000.WAV,Telephone Field,recover-20221013,001,1795
955.2764999999999,955.3177,68437,82925,Rhinolophus ferrumequinum,0.027,0.027,-1,Echolocation,/mnt/ubna_data_02_mir/recover-20221013/UBNA_001/20221012_030000.WAV,Telephone Field,recover-20221013,001,1795
955.3235,955.3339,23750,30891,Nyctalus leisleri,0.009,0.024,-1,Echolocation,/mnt/ubna_data_02_mir/recover-20221013/UBNA_001/20221012_030000.WAV,Telephone Field,recover-20221013,001,1795
955.3595,955.3952,68437,82008,Rhinolophus ferrumequinum,0.022,0.022,-1,Echolocation,/mnt/ubna_data_02_mir/recover-20221013/UBNA_001/20221012_030000.WAV,Telephone Field,recover-20221013,001,1795
955.3835,955.425,68437,82961,Rhinolophus ferrumequinum,0.026,0.026,-1,Echolocation,/mnt/ubna_data_02_mir/recover-20221013/UBNA_001/20221012_030000.WAV,Telephone Field,recover-20221013,001,1795
955.4014999999999,955.4385,68437,81450,Rhinolophus ferrumequinum,0.023,0.023,-1,Echolocation,/mnt/ubna_data_02_mir/recover-20221013/UBNA_001/20221012_030000.WAV,Telephone Field,recover-20221013,001,1795
955.4365,955.4761,68437,82278,Rhinolophus ferrumequinum,0.023,0.023,-1,Echolocation,/mnt/ubna_data_02_mir/recover-20221013/UBNA_001/20221012_030000.WAV,Telephone Field,recover-20221013,001,1795
955.4995,955.5372,68437,82010,Rhinolophus ferrumequinum,0.022,0.022,-1,Echolocation,/mnt/ubna_data_02_mir/recover-20221013/UBNA_001/20221012_030000.WAV,Telephone Field,recover-20221013,001,1795
955.5025,955.5099,26328,37961,Eptesicus serotinus,0.007,0.025,-1,Echolocation,/mnt/ubna_data_02_mir/recover-20221013/UBNA_001/20221012_030000.WAV,Telephone Field,recover-20221013,001,1795
955.5345,955.5426,28046,40067,Eptesicus serotinus,0.009,0.026,-1,Echolocation,/mnt/ubna_data_02_mir/recover-20221013/UBNA_001/20221012_030000.WAV,Telephone Field,recover-20221013,001,1795
955.5715,955.6086,68437,81699,Rhinolophus ferrumequinum,0.025,0.025,-1,Echolocation,/mnt/ubna_data_02_mir/recover-20221013/UBNA_001/20221012_030000.WAV,Telephone Field,recover-20221013,001,1795
955.5755,955.5835,27187,38104,Eptesicus serotinus,0.008,0.023,-1,Echolocation,/mnt/ubna_data_02_mir/recover-20221013/UBNA_001/20221012_030000.WAV,Telephone Field,recover-20221013,001,1795
955.5855,955.5975,41796,44071,Pipistrellus pipistrellus,0.016,0.024,-1,Echolocation,/mnt/ubna_data_02_mir/recover-20221013/UBNA_001/20221012_030000.WAV,Telephone Field,recover-20221013,001,1795
955.6075,955.6485,68437,83432,Rhinolophus ferrumequinum,0.045,0.045,-1,Echolocation,/mnt/ubna_data_02_mir/recover-20221013/UBNA_001/20221012_030000.WAV,Telephone Field,recover-20221013,001,1795
955.6245,955.6623,68437,81696,Rhinolophus ferrumequinum,0.023,0.023,-1,Echolocation,/mnt/ubna_data_02_mir/recover-20221013/UBNA_001/20221012_030000.WAV,Telephone Field,recover-20221013,001,1795
955.6485,955.6859,68437,82480,Rhinolophus ferrumequinum,0.022,0.022,-1,Echolocation,/mnt/ubna_data_02_mir/recover-20221013/UBNA_001/20221012_030000.WAV,Telephone Field,recover-20221013,001,1795
955.6625,955.6799,20312,23815,Nyctalus leisleri,0.013,0.025,-1,Echolocation,/mnt/ubna_data_02_mir/recover-20221013/UBNA_001/20221012_030000.WAV,Telephone Field,recover-20221013,001,1795
955.6785,955.7167,68437,82208,Rhinolophus ferrumequinum,0.022,0.022,-1,Echolocation,/mnt/ubna_data_02_mir/recover-20221013/UBNA_001/20221012_030000.WAV,Telephone Field,recover-20221013,001,1795
955.6935,955.7014,28046,38549,Eptesicus serotinus,0.007,0.022,-1,Echolocation,/mnt/ubna_data_02_mir/recover-20221013/UBNA_001/20221012_030000.WAV,Telephone Field,recover-20221013,001,1795
955.7105,955.7219,22031,25948,Nyctalus leisleri,0.014,0.024,-1,Echolocation,/mnt/ubna_data_02_mir/recover-20221013/UBNA_001/20221012_030000.WAV,Telephone Field,recover-20221013,001,1795
955.7545,955.761,25468,36459,Plecotus austriacus,0.008,0.029,-1,Echolocation,/mnt/ubna_data_02_mir/recover-20221013/UBNA_001/20221012_030000.WAV,Telephone Field,recover-20221013,001,1795
955.7635,955.774,22890,27447,Nyctalus leisleri,0.013,0.029,-1,Echolocation,/mnt/ubna_data_02_mir/recover-20221013/UBNA_001/20221012_030000.WAV,Telephone Field,recover-20221013,001,1795
955.7725,955.8143,68437,83731,Rhinolophus ferrumequinum,0.033,0.033,-1,Echolocation,/mnt/ubna_data_02_mir/recover-20221013/UBNA_001/20221012_030000.WAV,Telephone Field,recover-20221013,001,1795
955.8315,955.8696,68437,81906,Rhinolophus ferrumequinum,0.022,0.022,-1,Echolocation,/mnt/ubna_data_02_mir/recover-20221013/UBNA_001/20221012_030000.WAV,Telephone Field,recover-20221013,001,1795
955.8465,955.8582,23750,28053,Nyctalus leisleri,0.016,0.03,-1,Echolocation,/mnt/ubna_data_02_mir/recover-20221013/UBNA_001/20221012_030000.WAV,Telephone Field,recover-20221013,001,1795
955.8875,955.8931,38359,57566,Myotis brandtii,0.008,0.022,-1,Echolocation,/mnt/ubna_data_02_mir/recover-20221013/UBNA_001/20221012_030000.WAV,Telephone Field,recover-20221013,001,1795
955.9014999999999,955.9132,37500,41993,Pipistrellus nathusii,0.041,0.064,-1,Echolocation,/mnt/ubna_data_02_mir/recover-20221013/UBNA_001/20221012_030000.WAV,Telephone Field,recover-20221013,001,1795
955.9035,955.9411,68437,81804,Rhinolophus ferrumequinum,0.022,0.022,-1,Echolocation,/mnt/ubna_data_02_mir/recover-20221013/UBNA_001/20221012_030000.WAV,Telephone Field,recover-20221013,001,1795
955.9265,955.9611,68437,81490,Rhinolophus ferrumequinum,0.022,0.022,-1,Echolocation,/mnt/ubna_data_02_mir/recover-20221013/UBNA_001/20221012_030000.WAV,Telephone Field,recover-20221013,001,1795
955.9445,955.9816,68437,82369,Rhinolophus ferrumequinum,0.025,0.025,-1,Echolocation,/mnt/ubna_data_02_mir/recover-20221013/UBNA_001/20221012_030000.WAV,Telephone Field,recover-20221013,001,1795
955.9605,955.9989,68437,82328,Rhinolophus ferrumequinum,0.028,0.028,-1,Echolocation,/mnt/ubna_data_02_mir/recover-20221013/UBNA_001/20221012_030000.WAV,Telephone Field,recover-20221013,001,1795
955.9825,955.9902,22890,31157,Plecotus austriacus,0.011,0.023,-1,Echolocation,/mnt/ubna_data_02_mir/recover-20221013/UBNA_001/20221012_030000.WAV,Telephone Field,recover-20221013,001,1795
955.9835,955.9924,27187,38856,Eptesicus serotinus,0.008,0.023,-1,Echolocation,/mnt/ubna_data_02_mir/recover-20221013/UBNA_001/20221012_030000.WAV,Telephone Field,recover-20221013,001,1795
956.0015,956.0342,68437,80069,Rhinolophus ferrumequinum,0.06,0.06,-1,Echolocation,/mnt/ubna_data_02_mir/recover-20221013/UBNA_001/20221012_030000.WAV,Telephone Field,recover-20221013,001,1795
956.0015,956.0087,46093,53079,Pipistrellus pipistrellus,0.014,0.02,-1,Echolocation,/mnt/ubna_data_02_mir/recover-20221013/UBNA_001/20221012_030000.WAV,Telephone Field,recover-20221013,001,1795
956.0015,956.0099,27187,36604,Eptesicus serotinus,0.011,0.032,-1,Echolocation,/mnt/ubna_data_02_mir/recover-20221013/UBNA_001/20221012_030000.WAV,Telephone Field,recover-20221013,001,1795
956.0115,956.0537,68437,82939,Rhinolophus ferrumequinum,0.023,0.023,-1,Echolocation,/mnt/ubna_data_02_mir/recover-20221013/UBNA_001/20221012_030000.WAV,Telephone Field,recover-20221013,001,1795
956.0535,956.0672,28046,34144,Eptesicus serotinus,0.024,0.04,-1,Echolocation,/mnt/ubna_data_02_mir/recover-20221013/UBNA_001/20221012_030000.WAV,Telephone Field,recover-20221013,001,1795
956.0715,956.0879,20312,23490,Nyctalus leisleri,0.013,0.022,-1,Echolocation,/mnt/ubna_data_02_mir/recover-20221013/UBNA_001/20221012_030000.WAV,Telephone Field,recover-20221013,001,1795
956.0815,956.1242,68437,82697,Rhinolophus ferrumequinum,0.024,0.024,-1,Echolocation,/mnt/ubna_data_02_mir/recover-20221013/UBNA_001/20221012_030000.WAV,Telephone Field,recover-20221013,001,1795
956.0975,956.135,68437,81360,Rhinolophus ferrumequinum,0.021,0.021,-1,Echolocation,/mnt/ubna_data_02_mir/recover-20221013/UBNA_001/20221012_030000.WAV,Telephone Field,recover-20221013,001,1795
956.1075,956.1154,23750,32106,Plecotus austriacus,0.01,0.023,-1,Echolocation,/mnt/ubna_data_02_mir/recover-20221013/UBNA_001/20221012_030000.WAV,Telephone Field,recover-20221013,001,1795
956.1395,956.1794,68437,82392,Rhinolophus ferrumequinum,0.024,0.024,-1,Echolocation,/mnt/ubna_data_02_mir/recover-20221013/UBNA_001/20221012_030000.WAV,Telephone Field,recover-20221013,001,1795
956.1595,956.1987,68437,82055,Rhinolophus ferrumequinum,0.022,0.022,-1,Echolocation,/mnt/ubna_data_02_mir/recover-20221013/UBNA_001/20221012_030000.WAV,Telephone Field,recover-20221013,001,1795
956.1925,956.2323,68437,82184,Rhinolophus ferrumequinum,0.021,0.021,-1,Echolocation,/mnt/ubna_data_02_mir/recover-20221013/UBNA_001/20221012_030000.WAV,Telephone Field,recover-20221013,001,1795
956.1995,956.2123,27187,33053,Eptesicus serotinus,0.014,0.03,-1,Echolocation,/mnt/ubna_data_02_mir/recover-20221013/UBNA_001/20221012_030000.WAV,Telephone Field,recover-20221013,001,1795
956.2045,956.2405,68437,81059,Rhinolophus ferrumequinum,0.02,0.021,-1,Echolocation,/mnt/ubna_data_02_mir/recover-20221013/UBNA_001/20221012_030000.WAV,Telephone Field,recover-20221013,001,1795
956.2245,956.233,47812,54529,Pipistrellus pipistrellus,0.02,0.021,-1,Echolocation,/mnt/ubna_data_02_mir/recover-20221013/UBNA_001/20221012_030000.WAV,Telephone Field,recover-20221013,001,1795
956.2395,956.2838,68437,83349,Rhinolophus ferrumequinum,0.038,0.038,-1,Echolocation,/mnt/ubna_data_02_mir/recover-20221013/UBNA_001/20221012_030000.WAV,Telephone Field,recover-20221013,001,1795
956.2635,956.3064,68437,83105,Rhinolophus ferrumequinum,0.035,0.035,-1,Echolocation,/mnt/ubna_data_02_mir/recover-20221013/UBNA_001/20221012_030000.WAV,Telephone Field,recover-20221013,001,1795
956.2905,956.3287,68437,81891,Rhinolophus ferrumequinum,0.021,0.021,-1,Echolocation,/mnt/ubna_data_02_mir/recover-20221013/UBNA_001/20221012_030000.WAV,Telephone Field,recover-20221013,001,1795
956.3125,956.3497,68437,81692,Rhinolophus ferrumequinum,0.023,0.023,-1,Echolocation,/mnt/ubna_data_02_mir/recover-20221013/UBNA_001/20221012_030000.WAV,Telephone Field,recover-20221013,001,1795
956.3175,956.3555,68437,81549,Rhinolophus ferrumequinum,0.024,0.024,-1,Echolocation,/mnt/ubna_data_02_mir/recover-20221013/UBNA_001/20221012_030000.WAV,Telephone Field,recover-20221013,001,1795
956.3255,956.3365,22031,26721,Nyctalus leisleri,0.011,0.022,-1,Echolocation,/mnt/ubna_data_02_mir/recover-20221013/UBNA_001/20221012_030000.WAV,Telephone Field,recover-20221013,001,1795
956.3545,956.4002,68437,83853,Rhinolophus ferrumequinum,0.039,0.039,-1,Echolocation,/mnt/ubna_data_02_mir/recover-20221013/UBNA_001/20221012_030000.WAV,Telephone Field,recover-20221013,001,1795
956.3945,956.4316,68437,81372,Rhinolophus ferrumequinum,0.022,0.022,-1,Echolocation,/mnt/ubna_data_02_mir/recover-20221013/UBNA_001/20221012_030000.WAV,Telephone Field,recover-20221013,001,1795
956.4175,956.4527,68437,82095,Rhinolophus ferrumequinum,0.021,0.021,-1,Echolocation,/mnt/ubna_data_02_mir/recover-20221013/UBNA_001/20221012_030000.WAV,Telephone Field,recover-20221013,001,1795
956.4325,956.469,68437,82249,Rhinolophus ferrumequinum,0.024,0.024,-1,Echolocation,/mnt/ubna_data_02_mir/recover-20221013/UBNA_001/20221012_030000.WAV,Telephone Field,recover-20221013,001,1795
956.4365,956.4457,28906,37260,Eptesicus serotinus,0.009,0.021,-1,Echolocation,/mnt/ubna_data_02_mir/recover-20221013/UBNA_001/20221012_030000.WAV,Telephone Field,recover-20221013,001,1795
956.4455,956.4541,28906,37796,Eptesicus serotinus,0.007,0.021,-1,Echolocation,/mnt/ubna_data_02_mir/recover-20221013/UBNA_001/20221012_030000.WAV,Telephone Field,recover-20221013,001,1795
956.4455,956.4529,46953,52749,Pipistrellus pipistrellus,0.03,0.031,-1,Echolocation,/mnt/ubna_data_02_mir/recover-20221013/UBNA_001/20221012_030000.WAV,Telephone Field,recover-20221013,001,1795
956.4465,956.4835,68437,82156,Rhinolophus ferrumequinum,0.021,0.021,-1,Echolocation,/mnt/ubna_data_02_mir/recover-20221013/UBNA_001/20221012_030000.WAV,Telephone Field,recover-20221013,001,1795
956.4545,956.4927,68437,81956,Rhinolophus ferrumequinum,0.021,0.021,-1,Echolocation,/mnt/ubna_data_02_mir/recover-20221013/UBNA_001/20221012_030000.WAV,Telephone Field,recover-20221013,001,1795
956.4605,956.4969,68437,81291,Rhinolophus ferrumequinum,0.021,0.021,-1,Echolocation,/mnt/ubna_data_02_mir/recover-20221013/UBNA_001/20221012_030000.WAV,Telephone Field,recover-20221013,001,1795
956.4885,956.4983,23750,29627,Nyctalus leisleri,0.009,0.022,-1,Echolocation,/mnt/ubna_data_02_mir/recover-20221013/UBNA_001/20221012_030000.WAV,Telephone Field,recover-20221013,001,1795
956.5225,956.5611,68437,82016,Rhinolophus ferrumequinum,0.021,0.021,-1,Echolocation,/mnt/ubna_data_02_mir/recover-20221013/UBNA_001/20221012_030000.WAV,Telephone Field,recover-20221013,001,1795
956.5315,956.571,68437,81280,Rhinolophus ferrumequinum,0.021,0.021,-1,Echolocation,/mnt/ubna_data_02_mir/recover-20221013/UBNA_001/20221012_030000.WAV,Telephone Field,recover-20221013,001,1795
956.5595,956.6011,68437,82035,Rhinolophus ferrumequinum,0.021,0.021,-1,Echolocation,/mnt/ubna_data_02_mir/recover-20221013/UBNA_001/20221012_030000.WAV,Telephone Field,recover-20221013,001,1795
956.5745,956.6154,68437,82856,Rhinolophus ferrumequinum,0.029,0.029,-1,Echolocation,/mnt/ubna_data_02_mir/recover-20221013/UBNA_001/20221012_030000.WAV,Telephone Field,recover-20221013,001,1795
956.5875,956.5989,46953,50244,Pipistrellus pipistrellus,0.021,0.025,-1,Echolocation,/mnt/ubna_data_02_mir/recover-20221013/UBNA_001/20221012_030000.WAV,Telephone Field,recover-20221013,001,1795
956.6015,956.613,28046,32728,Eptesicus serotinus,0.119,0.222,-1,Echolocation,/mnt/ubna_data_02_mir/recover-20221013/UBNA_001/20221012_030000.WAV,Telephone Field,recover-20221013,001,1795
956.6455,956.6835,68437,82139,Rhinolophus ferrumequinum,0.025,0.025,-1,Echolocation,/mnt/ubna_data_02_mir/recover-20221013/UBNA_001/20221012_030000.WAV,Telephone Field,recover-20221013,001,1795
956.6665,956.6749,28046,37706,Eptesicus serotinus,0.008,0.022,-1,Echolocation,/mnt/ubna_data_02_mir/recover-20221013/UBNA_001/20221012_030000.WAV,Telephone Field,recover-20221013,001,1795
956.6785,956.7185,68437,82472,Rhinolophus ferrumequinum,0.026,0.026,-1,Echolocation,/mnt/ubna_data_02_mir/recover-20221013/UBNA_001/20221012_030000.WAV,Telephone Field,recover-20221013,001,1795
956.7045,956.7159,22890,27398,Nyctalus leisleri,0.011,0.021,-1,Echolocation,/mnt/ubna_data_02_mir/recover-20221013/UBNA_001/20221012_030000.WAV,Telephone Field,recover-20221013,001,1795
956.7295,956.7691,68437,81746,Rhinolophus ferrumequinum,0.03,0.03,-1,Echolocation,/mnt/ubna_data_02_mir/recover-20221013/UBNA_001/20221012_030000.WAV,Telephone Field,recover-20221013,001,1795
956.7695,956.8065,68437,82099,Rhinolophus ferrumequinum,0.022,0.022,-1,Echolocation,/mnt/ubna_data_02_mir/recover-20221013/UBNA_001/20221012_030000.WAV,Telephone Field,recover-20221013,001,1795
956.7955,956.8336,68437,81569,Rhinolophus ferrumequinum,0.024,0.024,-1,Echolocation,/mnt/ubna_data_02_mir/recover-20221013/UBNA_001/20221012_030000.WAV,Telephone Field,recover-20221013,001,1795
956.8295,956.8629,68437,80337,Rhinolophus ferrumequinum,0.02,0.02,-1,Echolocation,/mnt/ubna_data_02_mir/recover-20221013/UBNA_001/20221012_030000.WAV,Telephone Field,recover-20221013,001,1795
956.8465,956.8852,68437,82779,Rhinolophus ferrumequinum,0.022,0.022,-1,Echolocation,/mnt/ubna_data_02_mir/recover-20221013/UBNA_001/20221012_030000.WAV,Telephone Field,recover-20221013,001,1795
956.8915,956.9297,68437,82278,Rhinolophus ferrumequinum,0.02,0.02,-1,Echolocation,/mnt/ubna_data_02_mir/recover-20221013/UBNA_001/20221012_030000.WAV,Telephone Field,recover-20221013,001,1795
956.9515,956.9937,68437,82569,Rhinolophus ferrumequinum,0.027,0.027,-1,Echolocation,/mnt/ubna_data_02_mir/recover-20221013/UBNA_001/20221012_030000.WAV,Telephone Field,recover-20221013,001,1795
956.9805,957.0176,68437,81773,Rhinolophus ferrumequinum,0.021,0.021,-1,Echolocation,/mnt/ubna_data_02_mir/recover-20221013/UBNA_001/20221012_030000.WAV,Telephone Field,recover-20221013,001,1795
957.0075,957.0457,68437,81947,Rhinolophus ferrumequinum,0.021,0.021,-1,Echolocation,/mnt/ubna_data_02_mir/recover-20221013/UBNA_001/20221012_030000.WAV,Telephone Field,recover-20221013,001,1795
957.0495,957.0606,22890,27392,Nyctalus leisleri,0.013,0.024,-1,Echolocation,/mnt/ubna_data_02_mir/recover-20221013/UBNA_001/20221012_030000.WAV,Telephone Field,recover-20221013,001,1795
957.0495,957.0866,68437,81455,Rhinolophus ferrumequinum,0.02,0.02,-1,Echolocation,/mnt/ubna_data_02_mir/recover-20221013/UBNA_001/20221012_030000.WAV,Telephone Field,recover-20221013,001,1795
957.0665,957.1035,68437,80795,Rhinolophus ferrumequinum,0.021,0.021,-1,Echolocation,/mnt/ubna_data_02_mir/recover-20221013/UBNA_001/20221012_030000.WAV,Telephone Field,recover-20221013,001,1795
957.0925,957.1312,68437,81830,Rhinolophus ferrumequinum,0.021,0.021,-1,Echolocation,/mnt/ubna_data_02_mir/recover-20221013/UBNA_001/20221012_030000.WAV,Telephone Field,recover-20221013,001,1795
957.0955,957.1047,28046,37410,Eptesicus serotinus,0.008,0.022,-1,Echolocation,/mnt/ubna_data_02_mir/recover-20221013/UBNA_001/20221012_030000.WAV,Telephone Field,recover-20221013,001,1795
957.1265,957.1634,68437,81627,Rhinolophus ferrumequinum,0.022,0.022,-1,Echolocation,/mnt/ubna_data_02_mir/recover-20221013/UBNA_001/20221012_030000.WAV,Telephone Field,recover-20221013,001,1795
957.1315,957.1377,27187,40599,Eptesicus serotinus,0.005,0.023,-1,Echolocation,/mnt/ubna_data_02_mir/recover-20221013/UBNA_001/20221012_030000.WAV,Telephone Field,recover-20221013,001,1795
957.1395,957.179,68437,81503,Rhinolophus ferrumequinum,0.02,0.02,-1,Echolocation,/mnt/ubna_data_02_mir/recover-20221013/UBNA_001/20221012_030000.WAV,Telephone Field,recover-20221013,001,1795
957.1735,957.1837,22890,29143,Nyctalus leisleri,0.011,0.027,-1,Echolocation,/mnt/ubna_data_02_mir/recover-20221013/UBNA_001/20221012_030000.WAV,Telephone Field,recover-20221013,001,1795
957.1995,957.2356,68437,81032,Rhinolophus ferrumequinum,0.02,0.02,-1,Echolocation,/mnt/ubna_data_02_mir/recover-20221013/UBNA_001/20221012_030000.WAV,Telephone Field,recover-20221013,001,1795
957.2075,957.2486,68437,82195,Rhinolophus ferrumequinum,0.02,0.02,-1,Echolocation,/mnt/ubna_data_02_mir/recover-20221013/UBNA_001/20221012_030000.WAV,Telephone Field,recover-20221013,001,1795
957.2275,957.2671,68437,82436,Rhinolophus ferrumequinum,0.023,0.023,-1,Echolocation,/mnt/ubna_data_02_mir/recover-20221013/UBNA_001/20221012_030000.WAV,Telephone Field,recover-20221013,001,1795
957.2335,957.2448,23750,29902,Nyctalus leisleri,0.009,0.023,-1,Echolocation,/mnt/ubna_data_02_mir/recover-20221013/UBNA_001/20221012_030000.WAV,Telephone Field,recover-20221013,001,1795
957.2665,957.2751,24609,32308,Nyctalus leisleri,0.007,0.024,-1,Echolocation,/mnt/ubna_data_02_mir/recover-20221013/UBNA_001/20221012_030000.WAV,Telephone Field,recover-20221013,001,1795
957.2675,957.2763,28906,37567,Eptesicus serotinus,0.01,0.026,-1,Echolocation,/mnt/ubna_data_02_mir/recover-20221013/UBNA_001/20221012_030000.WAV,Telephone Field,recover-20221013,001,1795
957.2685,957.3068,68437,81543,Rhinolophus ferrumequinum,0.021,0.021,-1,Echolocation,/mnt/ubna_data_02_mir/recover-20221013/UBNA_001/20221012_030000.WAV,Telephone Field,recover-20221013,001,1795
957.2965,957.3069,23750,29278,Nyctalus leisleri,0.009,0.021,-1,Echolocation,/mnt/ubna_data_02_mir/recover-20221013/UBNA_001/20221012_030000.WAV,Telephone Field,recover-20221013,001,1795
957.2965,957.3354,68437,82247,Rhinolophus ferrumequinum,0.027,0.027,-1,Echolocation,/mnt/ubna_data_02_mir/recover-20221013/UBNA_001/20221012_030000.WAV,Telephone Field,recover-20221013,001,1795
957.3295,957.3678,68437,81644,Rhinolophus ferrumequinum,0.023,0.023,-1,Echolocation,/mnt/ubna_data_02_mir/recover-20221013/UBNA_001/20221012_030000.WAV,Telephone Field,recover-20221013,001,1795
957.3405,957.3498,28906,36592,Eptesicus serotinus,0.008,0.02,-1,Echolocation,/mnt/ubna_data_02_mir/recover-20221013/UBNA_001/20221012_030000.WAV,Telephone Field,recover-20221013,001,1795
957.3485000000001,957.3592,15156,20978,Nyctalus noctula,0.012,0.024,-1,Echolocation,/mnt/ubna_data_02_mir/recover-20221013/UBNA_001/20221012_030000.WAV,Telephone Field,recover-20221013,001,1795
957.3525,957.3919,68437,82003,Rhinolophus ferrumequinum,0.02,0.02,-1,Echolocation,/mnt/ubna_data_02_mir/recover-20221013/UBNA_001/20221012_030000.WAV,Telephone Field,recover-20221013,001,1795
957.3555,957.3639000000001,28906,40857,Eptesicus serotinus,0.01,0.027,-1,Echolocation,/mnt/ubna_data_02_mir/recover-20221013/UBNA_001/20221012_030000.WAV,Telephone Field,recover-20221013,001,1795
957.3815,957.4177,68437,81014,Rhinolophus ferrumequinum,0.023,0.023,-1,Echolocation,/mnt/ubna_data_02_mir/recover-20221013/UBNA_001/20221012_030000.WAV,Telephone Field,recover-20221013,001,1795
957.3845,957.3969,25468,31687,Nyctalus leisleri,0.009,0.024,-1,Echolocation,/mnt/ubna_data_02_mir/recover-20221013/UBNA_001/20221012_030000.WAV,Telephone Field,recover-20221013,001,1795
957.4175,957.4571,68437,82304,Rhinolophus ferrumequinum,0.023,0.023,-1,Echolocation,/mnt/ubna_data_02_mir/recover-20221013/UBNA_001/20221012_030000.WAV,Telephone Field,recover-20221013,001,1795
957.4335,957.4731,68437,81694,Rhinolophus ferrumequinum,0.021,0.021,-1,Echolocation,/mnt/ubna_data_02_mir/recover-20221013/UBNA_001/20221012_030000.WAV,Telephone Field,recover-20221013,001,1795
957.4375,957.445,28046,41142,Eptesicus serotinus,0.006,0.021,-1,Echolocation,/mnt/ubna_data_02_mir/recover-20221013/UBNA_001/20221012_030000.WAV,Telephone Field,recover-20221013,001,1795
957.4395,957.4468,23750,32168,Plecotus austriacus,0.009,0.021,-1,Echolocation,/mnt/ubna_data_02_mir/recover-20221013/UBNA_001/20221012_030000.WAV,Telephone Field,recover-20221013,001,1795
957.4755,957.5162,68437,82335,Rhinolophus ferrumequinum,0.024,0.024,-1,Echolocation,/mnt/ubna_data_02_mir/recover-20221013/UBNA_001/20221012_030000.WAV,Telephone Field,recover-20221013,001,1795
957.5205,957.5609,68437,82087,Rhinolophus ferrumequinum,0.023,0.024,-1,Echolocation,/mnt/ubna_data_02_mir/recover-20221013/UBNA_001/20221012_030000.WAV,Telephone Field,recover-20221013,001,1795
957.5295,957.5716,68437,83071,Rhinolophus ferrumequinum,0.024,0.024,-1,Echolocation,/mnt/ubna_data_02_mir/recover-20221013/UBNA_001/20221012_030000.WAV,Telephone Field,recover-20221013,001,1795
957.5395,957.5811,68437,82644,Rhinolophus ferrumequinum,0.03,0.03,-1,Echolocation,/mnt/ubna_data_02_mir/recover-20221013/UBNA_001/20221012_030000.WAV,Telephone Field,recover-20221013,001,1795
957.5405,957.5527,24609,30593,Nyctalus leisleri,0.015,0.036,-1,Echolocation,/mnt/ubna_data_02_mir/recover-20221013/UBNA_001/20221012_030000.WAV,Telephone Field,recover-20221013,001,1795
957.5665,957.6056,68437,82092,Rhinolophus ferrumequinum,0.02,0.02,-1,Echolocation,/mnt/ubna_data_02_mir/recover-20221013/UBNA_001/20221012_030000.WAV,Telephone Field,recover-20221013,001,1795
957.5905,957.6301,68437,82362,Rhinolophus ferrumequinum,0.021,0.021,-1,Echolocation,/mnt/ubna_data_02_mir/recover-20221013/UBNA_001/20221012_030000.WAV,Telephone Field,recover-20221013,001,1795
957.6055,957.616,22890,27656,Nyctalus leisleri,0.011,0.021,-1,Echolocation,/mnt/ubna_data_02_mir/recover-20221013/UBNA_001/20221012_030000.WAV,Telephone Field,recover-20221013,001,1795
957.6195,957.6592,68437,82238,Rhinolophus ferrumequinum,0.026,0.026,-1,Echolocation,/mnt/ubna_data_02_mir/recover-20221013/UBNA_001/20221012_030000.WAV,Telephone Field,recover-20221013,001,1795
957.6335,957.673,68437,82289,Rhinolophus ferrumequinum,0.024,0.024,-1,Echolocation,/mnt/ubna_data_02_mir/recover-20221013/UBNA_001/20221012_030000.WAV,Telephone Field,recover-20221013,001,1795
957.6395,957.6488,23750,31222,Nyctalus leisleri,0.006,0.021,-1,Echolocation,/mnt/ubna_data_02_mir/recover-20221013/UBNA_001/20221012_030000.WAV,Telephone Field,recover-20221013,001,1795
957.6575,957.6983,68437,83196,Rhinolophus ferrumequinum,0.035,0.035,-1,Echolocation,/mnt/ubna_data_02_mir/recover-20221013/UBNA_001/20221012_030000.WAV,Telephone Field,recover-20221013,001,1795
957.6785,957.6873,28046,39402,Eptesicus serotinus,0.01,0.025,-1,Echolocation,/mnt/ubna_data_02_mir/recover-20221013/UBNA_001/20221012_030000.WAV,Telephone Field,recover-20221013,001,1795
957.6845,957.7243,68437,82675,Rhinolophus ferrumequinum,0.02,0.02,-1,Echolocation,/mnt/ubna_data_02_mir/recover-20221013/UBNA_001/20221012_030000.WAV,Telephone Field,recover-20221013,001,1795
957.7145,957.7226,28046,40205,Eptesicus serotinus,0.008,0.023,-1,Echolocation,/mnt/ubna_data_02_mir/recover-20221013/UBNA_001/20221012_030000.WAV,Telephone Field,recover-20221013,001,1795
957.7165,957.7268,22890,29013,Nyctalus leisleri,0.009,0.023,-1,Echolocation,/mnt/ubna_data_02_mir/recover-20221013/UBNA_001/20221012_030000.WAV,Telephone Field,recover-20221013,001,1795
957.7175,957.7579,68437,82595,Rhinolophus ferrumequinum,0.022,0.022,-1,Echolocation,/mnt/ubna_data_02_mir/recover-20221013/UBNA_001/20221012_030000.WAV,Telephone Field,recover-20221013,001,1795
957.7245,957.7421,20312,23515,Nyctalus leisleri,0.015,0.028,-1,Echolocation,/mnt/ubna_data_02_mir/recover-20221013/UBNA_001/20221012_030000.WAV,Telephone Field,recover-20221013,001,1795
957.7375,957.7792,68437,82087,Rhinolophus ferrumequinum,0.029,0.029,-1,Echolocation,/mnt/ubna_data_02_mir/recover-20221013/UBNA_001/20221012_030000.WAV,Telephone Field,recover-20221013,001,1795
957.7455,957.7853,68437,82892,Rhinolophus ferrumequinum,0.023,0.023,-1,Echolocation,/mnt/ubna_data_02_mir/recover-20221013/UBNA_001/20221012_030000.WAV,Telephone Field,recover-20221013,001,1795
957.7965,957.8355,68437,82622,Rhinolophus ferrumequinum,0.021,0.022,-1,Echolocation,/mnt/ubna_data_02_mir/recover-20221013/UBNA_001/20221012_030000.WAV,Telephone Field,recover-20221013,001,1795
957.8265,957.8645,68437,81801,Rhinolophus ferrumequinum,0.023,0.023,-1,Echolocation,/mnt/ubna_data_02_mir/recover-20221013/UBNA_001/20221012_030000.WAV,Telephone Field,recover-20221013,001,1795
957.8275,957.8384,22890,28378,Nyctalus leisleri,0.009,0.021,-1,Echolocation,/mnt/ubna_data_02_mir/recover-20221013/UBNA_001/20221012_030000.WAV,Telephone Field,recover-20221013,001,1795
957.8335,957.8668,68437,81436,Rhinolophus ferrumequinum,0.021,0.021,-1,Echolocation,/mnt/ubna_data_02_mir/recover-20221013/UBNA_001/20221012_030000.WAV,Telephone Field,recover-20221013,001,1795
957.8615,957.8712,25468,33431,Eptesicus serotinus,0.01,0.026,-1,Echolocation,/mnt/ubna_data_02_mir/recover-20221013/UBNA_001/20221012_030000.WAV,Telephone Field,recover-20221013,001,1795
957.8655,957.9007,68437,82117,Rhinolophus ferrumequinum,0.021,0.021,-1,Echolocation,/mnt/ubna_data_02_mir/recover-20221013/UBNA_001/20221012_030000.WAV,Telephone Field,recover-20221013,001,1795
957.8795,957.9198,68437,82599,Rhinolophus ferrumequinum,0.023,0.023,-1,Echolocation,/mnt/ubna_data_02_mir/recover-20221013/UBNA_001/20221012_030000.WAV,Telephone Field,recover-20221013,001,1795
957.9025,957.9328,68437,79446,Rhinolophus ferrumequinum,0.02,0.02,-1,Echolocation,/mnt/ubna_data_02_mir/recover-20221013/UBNA_001/20221012_030000.WAV,Telephone Field,recover-20221013,001,1795
957.9115,957.9216,22890,29136,Nyctalus leisleri,0.01,0.025,-1,Echolocation,/mnt/ubna_data_02_mir/recover-20221013/UBNA_001/20221012_030000.WAV,Telephone Field,recover-20221013,001,1795
957.9315,957.9723,68437,82065,Rhinolophus ferrumequinum,0.022,0.022,-1,Echolocation,/mnt/ubna_data_02_mir/recover-20221013/UBNA_001/20221012_030000.WAV,Telephone Field,recover-20221013,001,1795
958.0015,958.0352,68437,79722,Rhinolophus ferrumequinum,0.107,0.107,-1,Echolocation,/mnt/ubna_data_02_mir/recover-20221013/UBNA_001/20221012_030000.WAV,Telephone Field,recover-20221013,001,1795
958.0015,958.0105,27187,41071,Eptesicus serotinus,0.007,0.026,-1,Echolocation,/mnt/ubna_data_02_mir/recover-20221013/UBNA_001/20221012_030000.WAV,Telephone Field,recover-20221013,001,1795
958.0015,958.0146,20312,26831,Nyctalus leisleri,0.01,0.029,-1,Echolocation,/mnt/ubna_data_02_mir/recover-20221013/UBNA_001/20221012_030000.WAV,Telephone Field,recover-20221013,001,1795
958.0145,958.0603,68437,83657,Rhinolophus ferrumequinum,0.029,0.029,-1,Echolocation,/mnt/ubna_data_02_mir/recover-20221013/UBNA_001/20221012_030000.WAV,Telephone Field,recover-20221013,001,1795
958.0415,958.0756,68437,81528,Rhinolophus ferrumequinum,0.021,0.021,-1,Echolocation,/mnt/ubna_data_02_mir/recover-20221013/UBNA_001/20221012_030000.WAV,Telephone Field,recover-20221013,001,1795
958.0665,958.074,27187,42176,Eptesicus serotinus,0.008,0.024,-1,Echolocation,/mnt/ubna_data_02_mir/recover-20221013/UBNA_001/20221012_030000.WAV,Telephone Field,recover-20221013,001,1795
958.0935,958.1318,68437,82472,Rhinolophus ferrumequinum,0.03,0.03,-1,Echolocation,/mnt/ubna_data_02_mir/recover-20221013/UBNA_001/20221012_030000.WAV,Telephone Field,recover-20221013,001,1795
958.1405,958.1518,40078,45520,Pipistrellus nathusii,0.007,0.021,-1,Echolocation,/mnt/ubna_data_02_mir/recover-20221013/UBNA_001/20221012_030000.WAV,Telephone Field,recover-20221013,001,1795
958.1455,958.1851,68437,82547,Rhinolophus ferrumequinum,0.022,0.022,-1,Echolocation,/mnt/ubna_data_02_mir/recover-20221013/UBNA_001/20221012_030000.WAV,Telephone Field,recover-20221013,001,1795
958.1595,958.1947,68437,81193,Rhinolophus ferrumequinum,0.022,0.022,-1,Echolocation,/mnt/ubna_data_02_mir/recover-20221013/UBNA_001/20221012_030000.WAV,Telephone Field,recover-20221013,001,1795
958.1805,958.1897,23750,30869,Nyctalus leisleri,0.008,0.025,-1,Echolocation,/mnt/ubna_data_02_mir/recover-20221013/UBNA_001/20221012_030000.WAV,Telephone Field,recover-20221013,001,1795
958.1835,958.2227,68437,81871,Rhinolophus ferrumequinum,0.022,0.022,-1,Echolocation,/mnt/ubna_data_02_mir/recover-20221013/UBNA_001/20221012_030000.WAV,Telephone Field,recover-20221013,001,1795
958.2085,958.2524,68437,83443,Rhinolophus ferrumequinum,0.034,0.034,-1,Echolocation,/mnt/ubna_data_02_mir/recover-20221013/UBNA_001/20221012_030000.WAV,Telephone Field,recover-20221013,001,1795
958.2315,958.2414,22031,27558,Nyctalus leisleri,0.008,0.021,-1,Echolocation,/mnt/ubna_data_02_mir/recover-20221013/UBNA_001/20221012_030000.WAV,Telephone Field,recover-20221013,001,1795
958.2625,958.3031,68437,81682,Rhinolophus ferrumequinum,0.022,0.022,-1,Echolocation,/mnt/ubna_data_02_mir/recover-20221013/UBNA_001/20221012_030000.WAV,Telephone Field,recover-20221013,001,1795
958.2715,958.28,26328,35445,Eptesicus serotinus,0.01,0.023,-1,Echolocation,/mnt/ubna_data_02_mir/recover-20221013/UBNA_001/20221012_030000.WAV,Telephone Field,recover-20221013,001,1795
958.2905,958.3308,68437,82197,Rhinolophus ferrumequinum,0.025,0.025,-1,Echolocation,/mnt/ubna_data_02_mir/recover-20221013/UBNA_001/20221012_030000.WAV,Telephone Field,recover-20221013,001,1795
958.3145,958.3242,28046,37482,Eptesicus serotinus,0.009,0.021,-1,Echolocation,/mnt/ubna_data_02_mir/recover-20221013/UBNA_001/20221012_030000.WAV,Telephone Field,recover-20221013,001,1795
958.3405,958.3808,68437,82158,Rhinolophus ferrumequinum,0.021,0.021,-1,Echolocation,/mnt/ubna_data_02_mir/recover-20221013/UBNA_001/20221012_030000.WAV,Telephone Field,recover-20221013,001,1795
958.3465,958.3839,68437,82129,Rhinolophus ferrumequinum,0.023,0.023,-1,Echolocation,/mnt/ubna_data_02_mir/recover-20221013/UBNA_001/20221012_030000.WAV,Telephone Field,recover-20221013,001,1795
958.3615,958.3717,22890,28319,Nyctalus leisleri,0.01,0.022,-1,Echolocation,/mnt/ubna_data_02_mir/recover-20221013/UBNA_001/20221012_030000.WAV,Telephone Field,recover-20221013,001,1795
958.3865,958.396,50390,54505,Pipistrellus pipistrellus,0.017,0.021,-1,Echolocation,/mnt/ubna_data_02_mir/recover-20221013/UBNA_001/20221012_030000.WAV,Telephone Field,recover-20221013,001,1795
958.3885,958.3966,28046,40212,Eptesicus serotinus,0.007,0.021,-1,Echolocation,/mnt/ubna_data_02_mir/recover-20221013/UBNA_001/20221012_030000.WAV,Telephone Field,recover-20221013,001,1795
958.4075,958.4495,68437,83152,Rhinolophus ferrumequinum,0.025,0.025,-1,Echolocation,/mnt/ubna_data_02_mir/recover-20221013/UBNA_001/20221012_030000.WAV,Telephone Field,recover-20221013,001,1795
958.4735000000001,958.4813,28046,38819,Eptesicus serotinus,0.007,0.021,-1,Echolocation,/mnt/ubna_data_02_mir/recover-20221013/UBNA_001/20221012_030000.WAV,Telephone Field,recover-20221013,001,1795
958.4965,958.5046,28906,40829,Eptesicus serotinus,0.008,0.023,-1,Echolocation,/mnt/ubna_data_02_mir/recover-20221013/UBNA_001/20221012_030000.WAV,Telephone Field,recover-20221013,001,1795
958.4965,958.5052,22890,30129,Plecotus austriacus,0.008,0.022,-1,Echolocation,/mnt/ubna_data_02_mir/recover-20221013/UBNA_001/20221012_030000.WAV,Telephone Field,recover-20221013,001,1795
958.5455,958.58,68437,81443,Rhinolophus ferrumequinum,0.021,0.021,-1,Echolocation,/mnt/ubna_data_02_mir/recover-20221013/UBNA_001/20221012_030000.WAV,Telephone Field,recover-20221013,001,1795
958.5755,958.6172,68437,82777,Rhinolophus ferrumequinum,0.021,0.021,-1,Echolocation,/mnt/ubna_data_02_mir/recover-20221013/UBNA_001/20221012_030000.WAV,Telephone Field,recover-20221013,001,1795
958.5825,958.623,68437,82355,Rhinolophus ferrumequinum,0.021,0.021,-1,Echolocation,/mnt/ubna_data_02_mir/recover-20221013/UBNA_001/20221012_030000.WAV,Telephone Field,recover-20221013,001,1795
958.5965,958.607,22031,27587,Nyctalus leisleri,0.01,0.024,-1,Echolocation,/mnt/ubna_data_02_mir/recover-20221013/UBNA_001/20221012_030000.WAV,Telephone Field,recover-20221013,001,1795
958.6335,958.6443,22890,28337,Nyctalus leisleri,0.013,0.028,-1,Echolocation,/mnt/ubna_data_02_mir/recover-20221013/UBNA_001/20221012_030000.WAV,Telephone Field,recover-20221013,001,1795
958.6475,958.6853,68437,81926,Rhinolophus ferrumequinum,0.022,0.022,-1,Echolocation,/mnt/ubna_data_02_mir/recover-20221013/UBNA_001/20221012_030000.WAV,Telephone Field,recover-20221013,001,1795
958.6665,958.7021,68437,80865,Rhinolophus ferrumequinum,0.021,0.022,-1,Echolocation,/mnt/ubna_data_02_mir/recover-20221013/UBNA_001/20221012_030000.WAV,Telephone Field,recover-20221013,001,1795
958.7045,958.7431,68437,82070,Rhinolophus ferrumequinum,0.023,0.023,-1,Echolocation,/mnt/ubna_data_02_mir/recover-20221013/UBNA_001/20221012_030000.WAV,Telephone Field,recover-20221013,001,1795
958.7085,958.7182,46093,49727,Pipistrellus pipistrellus,0.033,0.036,-1,Echolocation,/mnt/ubna_data_02_mir/recover-20221013/UBNA_001/20221012_030000.WAV,Telephone Field,recover-20221013,001,1795
958.7495,958.7943,68437,83506,Rhinolophus ferrumequinum,0.043,0.043,-1,Echolocation,/mnt/ubna_data_02_mir/recover-20221013/UBNA_001/20221012_030000.WAV,Telephone Field,recover-20221013,001,1795
958.7865,958.7981,22890,27386,Nyctalus leisleri,0.014,0.025,-1,Echolocation,/mnt/ubna_data_02_mir/recover-20221013/UBNA_001/20221012_030000.WAV,Telephone Field,recover-20221013,001,1795
958.8255,958.8665,68437,82330,Rhinolophus ferrumequinum,0.028,0.028,-1,Echolocation,/mnt/ubna_data_02_mir/recover-20221013/UBNA_001/20221012_030000.WAV,Telephone Field,recover-20221013,001,1795
958.8345,958.8422,28046,40554,Eptesicus serotinus,0.007,0.022,-1,Echolocation,/mnt/ubna_data_02_mir/recover-20221013/UBNA_001/20221012_030000.WAV,Telephone Field,recover-20221013,001,1795
958.8405,958.8778,68437,82583,Rhinolophus ferrumequinum,0.021,0.021,-1,Echolocation,/mnt/ubna_data_02_mir/recover-20221013/UBNA_001/20221012_030000.WAV,Telephone Field,recover-20221013,001,1795
958.8805,958.9217,68437,82356,Rhinolophus ferrumequinum,0.031,0.031,-1,Echolocation,/mnt/ubna_data_02_mir/recover-20221013/UBNA_001/20221012_030000.WAV,Telephone Field,recover-20221013,001,1795
958.8815,958.8912,22031,26869,Nyctalus leisleri,0.009,0.021,-1,Echolocation,/mnt/ubna_data_02_mir/recover-20221013/UBNA_001/20221012_030000.WAV,Telephone Field,recover-20221013,001,1795
958.9125,958.9492,68437,81685,Rhinolophus ferrumequinum,0.021,0.021,-1,Echolocation,/mnt/ubna_data_02_mir/recover-20221013/UBNA_001/20221012_030000.WAV,Telephone Field,recover-20221013,001,1795
958.9375,958.9441,27187,37425,Eptesicus serotinus,0.008,0.025,-1,Echolocation,/mnt/ubna_data_02_mir/recover-20221013/UBNA_001/20221012_030000.WAV,Telephone Field,recover-20221013,001,1795
958.9475,958.9873,68437,82579,Rhinolophus ferrumequinum,0.03,0.03,-1,Echolocation,/mnt/ubna_data_02_mir/recover-20221013/UBNA_001/20221012_030000.WAV,Telephone Field,recover-20221013,001,1795
958.9675,958.976,28906,38410,Eptesicus serotinus,0.008,0.022,-1,Echolocation,/mnt/ubna_data_02_mir/recover-20221013/UBNA_001/20221012_030000.WAV,Telephone Field,recover-20221013,001,1795
958.9965,959.0046,23750,31580,Plecotus austriacus,0.01,0.026,-1,Echolocation,/mnt/ubna_data_02_mir/recover-20221013/UBNA_001/20221012_030000.WAV,Telephone Field,recover-20221013,001,1795
959.0005,959.0337,68437,80230,Rhinolophus ferrumequinum,0.023,0.024,-1,Echolocation,/mnt/ubna_data_02_mir/recover-20221013/UBNA_001/20221012_030000.WAV,Telephone Field,recover-20221013,001,1795
959.0095,959.0458,68437,81758,Rhinolophus ferrumequinum,0.021,0.021,-1,Echolocation,/mnt/ubna_data_02_mir/recover-20221013/UBNA_001/20221012_030000.WAV,Telephone Field,recover-20221013,001,1795
959.1155,959.1245,28906,39917,Eptesicus serotinus,0.008,0.022,-1,Echolocation,/mnt/ubna_data_02_mir/recover-20221013/UBNA_001/20221012_030000.WAV,Telephone Field,recover-20221013,001,1795
959.1285,959.1699,68437,82753,Rhinolophus ferrumequinum,0.03,0.03,-1,Echolocation,/mnt/ubna_data_02_mir/recover-20221013/UBNA_001/20221012_030000.WAV,Telephone Field,recover-20221013,001,1795
959.1514999999999,959.1879,68437,82877,Rhinolophus ferrumequinum,0.023,0.023,-1,Echolocation,/mnt/ubna_data_02_mir/recover-20221013/UBNA_001/20221012_030000.WAV,Telephone Field,recover-20221013,001,1795
959.1635,959.2025,68437,82237,Rhinolophus ferrumequinum,0.022,0.023,-1,Echolocation,/mnt/ubna_data_02_mir/recover-20221013/UBNA_001/20221012_030000.WAV,Telephone Field,recover-20221013,001,1795
959.1675,959.1795,23750,30291,Nyctalus leisleri,0.012,0.029,-1,Echolocation,/mnt/ubna_data_02_mir/recover-20221013/UBNA_001/20221012_030000.WAV,Telephone Field,recover-20221013,001,1795
959.1845,959.2243,68437,81221,Rhinolophus ferrumequinum,0.026,0.026,-1,Echolocation,/mnt/ubna_data_02_mir/recover-20221013/UBNA_001/20221012_030000.WAV,Telephone Field,recover-20221013,001,1795
959.1945,959.2021,26328,35968,Eptesicus serotinus,0.008,0.023,-1,Echolocation,/mnt/ubna_data_02_mir/recover-20221013/UBNA_001/20221012_030000.WAV,Telephone Field,recover-20221013,001,1795
959.2045,959.2158,28906,36087,Eptesicus serotinus,0.011,0.023,-1,Echolocation,/mnt/ubna_data_02_mir/recover-20221013/UBNA_001/20221012_030000.WAV,Telephone Field,recover-20221013,001,1795
959.2285,959.2391,22890,28274,Nyctalus leisleri,0.01,0.021,-1,Echolocation,/mnt/ubna_data_02_mir/recover-20221013/UBNA_001/20221012_030000.WAV,Telephone Field,recover-20221013,001,1795
959.2565,959.3004,68437,83552,Rhinolophus ferrumequinum,0.036,0.036,-1,Echolocation,/mnt/ubna_data_02_mir/recover-20221013/UBNA_001/20221012_030000.WAV,Telephone Field,recover-20221013,001,1795
959.2715,959.3106,68437,82422,Rhinolophus ferrumequinum,0.021,0.021,-1,Echolocation,/mnt/ubna_data_02_mir/recover-20221013/UBNA_001/20221012_030000.WAV,Telephone Field,recover-20221013,001,1795
959.2885,959.3231,68437,81003,Rhinolophus ferrumequinum,0.022,0.022,-1,Echolocation,/mnt/ubna_data_02_mir/recover-20221013/UBNA_001/20221012_030000.WAV,Telephone Field,recover-20221013,001,1795
959.3015,959.341,68437,82476,Rhinolophus ferrumequinum,0.024,0.024,-1,Echolocation,/mnt/ubna_data_02_mir/recover-20221013/UBNA_001/20221012_030000.WAV,Telephone Field,recover-20221013,001,1795
959.3355,959.3543,35781,39675,Pipistrellus nathusii,0.027,0.055,-1,Echolocation,/mnt/ubna_data_02_mir/recover-20221013/UBNA_001/20221012_030000.WAV,Telephone Field,recover-20221013,001,1795
959.3455,959.3846,68437,82346,Rhinolophus ferrumequinum,0.021,0.021,-1,Echolocation,/mnt/ubna_data_02_mir/recover-20221013/UBNA_001/20221012_030000.WAV,Telephone Field,recover-20221013,001,1795
959.3655,959.3731,23750,32387,Plecotus austriacus,0.008,0.021,-1,Echolocation,/mnt/ubna_data_02_mir/recover-20221013/UBNA_001/20221012_030000.WAV,Telephone Field,recover-20221013,001,1795
959.3885,959.4286,68437,82981,Rhinolophus ferrumequinum,0.029,0.029,-1,Echolocation,/mnt/ubna_data_02_mir/recover-20221013/UBNA_001/20221012_030000.WAV,Telephone Field,recover-20221013,001,1795
959.4425,959.4802999999999,68437,81828,Rhinolophus ferrumequinum,0.024,0.024,-1,Echolocation,/mnt/ubna_data_02_mir/recover-20221013/UBNA_001/20221012_030000.WAV,Telephone Field,recover-20221013,001,1795
959.4465,959.4562,23750,31105,Nyctalus leisleri,0.008,0.024,-1,Echolocation,/mnt/ubna_data_02_mir/recover-20221013/UBNA_001/20221012_030000.WAV,Telephone Field,recover-20221013,001,1795
959.4725,959.4825,29765,40503,Eptesicus serotinus,0.009,0.022,-1,Echolocation,/mnt/ubna_data_02_mir/recover-20221013/UBNA_001/20221012_030000.WAV,Telephone Field,recover-20221013,001,1795
959.4945,959.5049,26328,34239,Eptesicus serotinus,0.014,0.029,-1,Echolocation,/mnt/ubna_data_02_mir/recover-20221013/UBNA_001/20221012_030000.WAV,Telephone Field,recover-20221013,001,1795
959.4955,959.5376,68437,83298,Rhinolophus ferrumequinum,0.025,0.025,-1,Echolocation,/mnt/ubna_data_02_mir/recover-20221013/UBNA_001/20221012_030000.WAV,Telephone Field,recover-20221013,001,1795
959.5205,959.5584,68437,82338,Rhinolophus ferrumequinum,0.023,0.023,-1,Echolocation,/mnt/ubna_data_02_mir/recover-20221013/UBNA_001/20221012_030000.WAV,Telephone Field,recover-20221013,001,1795
959.5725,959.5787,28906,37546,Eptesicus serotinus,0.006,0.023,-1,Echolocation,/mnt/ubna_data_02_mir/recover-20221013/UBNA_001/20221012_030000.WAV,Telephone Field,recover-20221013,001,1795
959.6115,959.6186,30625,44983,Myotis daubentonii,0.009,0.021,-1,Echolocation,/mnt/ubna_data_02_mir/recover-20221013/UBNA_001/20221012_030000.WAV,Telephone Field,recover-20221013,001,1795
959.6615,959.7008,68437,82873,Rhinolophus ferrumequinum,0.026,0.026,-1,Echolocation,/mnt/ubna_data_02_mir/recover-20221013/UBNA_001/20221012_030000.WAV,Telephone Field,recover-20221013,001,1795
959.7165,959.7545,68437,82296,Rhinolophus ferrumequinum,0.022,0.022,-1,Echolocation,/mnt/ubna_data_02_mir/recover-20221013/UBNA_001/20221012_030000.WAV,Telephone Field,recover-20221013,001,1795
959.7375,959.7456999999999,30625,41225,Eptesicus serotinus,0.008,0.026,-1,Echolocation,/mnt/ubna_data_02_mir/recover-20221013/UBNA_001/20221012_030000.WAV,Telephone Field,recover-20221013,001,1795
959.7465,959.7865,68437,82478,Rhinolophus ferrumequinum,0.031,0.031,-1,Echolocation,/mnt/ubna_data_02_mir/recover-20221013/UBNA_001/20221012_030000.WAV,Telephone Field,recover-20221013,001,1795
959.7955,959.8068,23750,28929,Nyctalus leisleri,0.012,0.023,-1,Echolocation,/mnt/ubna_data_02_mir/recover-20221013/UBNA_001/20221012_030000.WAV,Telephone Field,recover-20221013,001,1795
959.8135,959.823,25468,33288,Eptesicus serotinus,0.008,0.022,-1,Echolocation,/mnt/ubna_data_02_mir/recover-20221013/UBNA_001/20221012_030000.WAV,Telephone Field,recover-20221013,001,1795
959.8155,959.8528,68437,81885,Rhinolophus ferrumequinum,0.024,0.024,-1,Echolocation,/mnt/ubna_data_02_mir/recover-20221013/UBNA_001/20221012_030000.WAV,Telephone Field,recover-20221013,001,1795
959.8375,959.8797,68437,82845,Rhinolophus ferrumequinum,0.027,0.027,-1,Echolocation,/mnt/ubna_data_02_mir/recover-20221013/UBNA_001/20221012_030000.WAV,Telephone Field,recover-20221013,001,1795
959.8535,959.864,23750,28744,Nyctalus leisleri,0.01,0.021,-1,Echolocation,/mnt/ubna_data_02_mir/recover-20221013/UBNA_001/20221012_030000.WAV,Telephone Field,recover-20221013,001,1795
959.8945,959.9325,68437,82041,Rhinolophus ferrumequinum,0.021,0.021,-1,Echolocation,/mnt/ubna_data_02_mir/recover-20221013/UBNA_001/20221012_030000.WAV,Telephone Field,recover-20221013,001,1795
959.9035,959.9108,50390,56299,Pipistrellus pipistrellus,0.021,0.023,-1,Echolocation,/mnt/ubna_data_02_mir/recover-20221013/UBNA_001/20221012_030000.WAV,Telephone Field,recover-20221013,001,1795
959.9565,959.9959,68437,82077,Rhinolophus ferrumequinum,0.023,0.023,-1,Echolocation,/mnt/ubna_data_02_mir/recover-20221013/UBNA_001/20221012_030000.WAV,Telephone Field,recover-20221013,001,1795
960.0015,960.01,22031,27801,Nyctalus leisleri,0.012,0.028,-1,Echolocation,/mnt/ubna_data_02_mir/recover-20221013/UBNA_001/20221012_030000.WAV,Telephone Field,recover-20221013,001,1795
960.0015,960.0112,50390,57303,Pipistrellus pipistrellus,0.012,0.022,-1,Echolocation,/mnt/ubna_data_02_mir/recover-20221013/UBNA_001/20221012_030000.WAV,Telephone Field,recover-20221013,001,1795
960.0015,960.0101,27187,36795,Nyctalus leisleri,0.007,0.027,-1,Echolocation,/mnt/ubna_data_02_mir/recover-20221013/UBNA_001/20221012_030000.WAV,Telephone Field,recover-20221013,001,1795
960.0015,960.0315,69296,81553,Rhinolophus ferrumequinum,0.043,0.043,-1,Echolocation,/mnt/ubna_data_02_mir/recover-20221013/UBNA_001/20221012_030000.WAV,Telephone Field,recover-20221013,001,1795
960.0305,960.0456,14296,20014,Nyctalus noctula,0.025,0.034,-1,Echolocation,/mnt/ubna_data_02_mir/recover-20221013/UBNA_001/20221012_030000.WAV,Telephone Field,recover-20221013,001,1795
960.0715,960.1103,68437,81971,Rhinolophus ferrumequinum,0.021,0.021,-1,Echolocation,/mnt/ubna_data_02_mir/recover-20221013/UBNA_001/20221012_030000.WAV,Telephone Field,recover-20221013,001,1795
960.0875,960.1267,68437,82467,Rhinolophus ferrumequinum,0.021,0.021,-1,Echolocation,/mnt/ubna_data_02_mir/recover-20221013/UBNA_001/20221012_030000.WAV,Telephone Field,recover-20221013,001,1795
960.0945,960.109,22890,27539,Nyctalus leisleri,0.011,0.022,-1,Echolocation,/mnt/ubna_data_02_mir/recover-20221013/UBNA_001/20221012_030000.WAV,Telephone Field,recover-20221013,001,1795
960.1155,960.1533,68437,81742,Rhinolophus ferrumequinum,0.023,0.023,-1,Echolocation,/mnt/ubna_data_02_mir/recover-20221013/UBNA_001/20221012_030000.WAV,Telephone Field,recover-20221013,001,1795
960.1515,960.1892,68437,81915,Rhinolophus ferrumequinum,0.028,0.028,-1,Echolocation,/mnt/ubna_data_02_mir/recover-20221013/UBNA_001/20221012_030000.WAV,Telephone Field,recover-20221013,001,1795
960.1545,960.1621,28906,45049,Eptesicus serotinus,0.009,0.029,-1,Echolocation,/mnt/ubna_data_02_mir/recover-20221013/UBNA_001/20221012_030000.WAV,Telephone Field,recover-20221013,001,1795
960.1605,960.1973,68437,81954,Rhinolophus ferrumequinum,0.021,0.021,-1,Echolocation,/mnt/ubna_data_02_mir/recover-20221013/UBNA_001/20221012_030000.WAV,Telephone Field,recover-20221013,001,1795
960.1655,960.2039,68437,81702,Rhinolophus ferrumequinum,0.021,0.021,-1,Echolocation,/mnt/ubna_data_02_mir/recover-20221013/UBNA_001/20221012_030000.WAV,Telephone Field,recover-20221013,001,1795
960.1985,960.2087,24609,31143,Nyctalus leisleri,0.008,0.022,-1,Echolocation,/mnt/ubna_data_02_mir/recover-20221013/UBNA_001/20221012_030000.WAV,Telephone Field,recover-20221013,001,1795
960.2145,960.2557,68437,82556,Rhinolophus ferrumequinum,0.025,0.025,-1,Echolocation,/mnt/ubna_data_02_mir/recover-20221013/UBNA_001/20221012_030000.WAV,Telephone Field,recover-20221013,001,1795
960.2715,960.2792,28046,40036,Eptesicus serotinus,0.007,0.024,-1,Echolocation,/mnt/ubna_data_02_mir/recover-20221013/UBNA_001/20221012_030000.WAV,Telephone Field,recover-20221013,001,1795
960.2925,960.3321,68437,82723,Rhinolophus ferrumequinum,0.023,0.023,-1,Echolocation,/mnt/ubna_data_02_mir/recover-20221013/UBNA_001/20221012_030000.WAV,Telephone Field,recover-20221013,001,1795
960.3065,960.3143,27187,40378,Eptesicus serotinus,0.008,0.026,-1,Echolocation,/mnt/ubna_data_02_mir/recover-20221013/UBNA_001/20221012_030000.WAV,Telephone Field,recover-20221013,001,1795
960.3405,960.3755,68437,81010,Rhinolophus ferrumequinum,0.021,0.022,-1,Echolocation,/mnt/ubna_data_02_mir/recover-20221013/UBNA_001/20221012_030000.WAV,Telephone Field,recover-20221013,001,1795
960.3535,960.3922,68437,82091,Rhinolophus ferrumequinum,0.023,0.023,-1,Echolocation,/mnt/ubna_data_02_mir/recover-20221013/UBNA_001/20221012_030000.WAV,Telephone Field,recover-20221013,001,1795
960.3665,960.3767,23750,29874,Nyctalus leisleri,0.012,0.03,-1,Echolocation,/mnt/ubna_data_02_mir/recover-20221013/UBNA_001/20221012_030000.WAV,Telephone Field,recover-20221013,001,1795
960.3965,960.4363,68437,82278,Rhinolophus ferrumequinum,0.024,0.024,-1,Echolocation,/mnt/ubna_data_02_mir/recover-20221013/UBNA_001/20221012_030000.WAV,Telephone Field,recover-20221013,001,1795
960.4075,960.4154,28906,38382,Eptesicus serotinus,0.008,0.024,-1,Echolocation,/mnt/ubna_data_02_mir/recover-20221013/UBNA_001/20221012_030000.WAV,Telephone Field,recover-20221013,001,1795
960.4255,960.4662,68437,82633,Rhinolophus ferrumequinum,0.025,0.025,-1,Echolocation,/mnt/ubna_data_02_mir/recover-20221013/UBNA_001/20221012_030000.WAV,Telephone Field,recover-20221013,001,1795
960.4875,960.5265,68437,81980,Rhinolophus ferrumequinum,0.021,0.021,-1,Echolocation,/mnt/ubna_data_02_mir/recover-20221013/UBNA_001/20221012_030000.WAV,Telephone Field,recover-20221013,001,1795
960.4915,960.502,22890,28533,Nyctalus leisleri,0.01,0.024,-1,Echolocation,/mnt/ubna_data_02_mir/recover-20221013/UBNA_001/20221012_030000.WAV,Telephone Field,recover-20221013,001,1795
960.5215,960.56,68437,81153,Rhinolophus ferrumequinum,0.021,0.021,-1,Echolocation,/mnt/ubna_data_02_mir/recover-20221013/UBNA_001/20221012_030000.WAV,Telephone Field,recover-20221013,001,1795
960.5235,960.5307,28046,39533,Eptesicus serotinus,0.007,0.027,-1,Echolocation,/mnt/ubna_data_02_mir/recover-20221013/UBNA_001/20221012_030000.WAV,Telephone Field,recover-20221013,001,1795
960.5385,960.5804,68437,82313,Rhinolophus ferrumequinum,0.024,0.024,-1,Echolocation,/mnt/ubna_data_02_mir/recover-20221013/UBNA_001/20221012_030000.WAV,Telephone Field,recover-20221013,001,1795
960.5615,960.5788,20312,23572,Nyctalus leisleri,0.013,0.021,-1,Echolocation,/mnt/ubna_data_02_mir/recover-20221013/UBNA_001/20221012_030000.WAV,Telephone Field,recover-20221013,001,1795
960.5885,960.5987,22890,28130,Nyctalus leisleri,0.011,0.024,-1,Echolocation,/mnt/ubna_data_02_mir/recover-20221013/UBNA_001/20221012_030000.WAV,Telephone Field,recover-20221013,001,1795
960.6085,960.6195,23750,29758,Nyctalus leisleri,0.011,0.026,-1,Echolocation,/mnt/ubna_data_02_mir/recover-20221013/UBNA_001/20221012_030000.WAV,Telephone Field,recover-20221013,001,1795
960.6185,960.6311,23750,28583,Nyctalus leisleri,0.012,0.023,-1,Echolocation,/mnt/ubna_data_02_mir/recover-20221013/UBNA_001/20221012_030000.WAV,Telephone Field,recover-20221013,001,1795
960.6445,960.6854,68437,82245,Rhinolophus ferrumequinum,0.023,0.023,-1,Echolocation,/mnt/ubna_data_02_mir/recover-20221013/UBNA_001/20221012_030000.WAV,Telephone Field,recover-20221013,001,1795
960.6475,960.6564,28046,39688,Eptesicus serotinus,0.012,0.028,-1,Echolocation,/mnt/ubna_data_02_mir/recover-20221013/UBNA_001/20221012_030000.WAV,Telephone Field,recover-20221013,001,1795
960.6895,960.7017,22031,26042,Nyctalus leisleri,0.012,0.021,-1,Echolocation,/mnt/ubna_data_02_mir/recover-20221013/UBNA_001/20221012_030000.WAV,Telephone Field,recover-20221013,001,1795
960.7525,960.7884,68437,81055,Rhinolophus ferrumequinum,0.021,0.021,-1,Echolocation,/mnt/ubna_data_02_mir/recover-20221013/UBNA_001/20221012_030000.WAV,Telephone Field,recover-20221013,001,1795
960.7745,960.7825,28046,39027,Eptesicus serotinus,0.007,0.024,-1,Echolocation,/mnt/ubna_data_02_mir/recover-20221013/UBNA_001/20221012_030000.WAV,Telephone Field,recover-20221013,001,1795
960.7755,960.7831,23750,32710,Plecotus austriacus,0.01,0.024,-1,Echolocation,/mnt/ubna_data_02_mir/recover-20221013/UBNA_001/20221012_030000.WAV,Telephone Field,recover-20221013,001,1795
960.7945,960.8041,28906,38537,Eptesicus serotinus,0.008,0.021,-1,Echolocation,/mnt/ubna_data_02_mir/recover-20221013/UBNA_001/20221012_030000.WAV,Telephone Field,recover-20221013,001,1795
960.8095,960.8524,68437,83291,Rhinolophus ferrumequinum,0.025,0.025,-1,Echolocation,/mnt/ubna_data_02_mir/recover-20221013/UBNA_001/20221012_030000.WAV,Telephone Field,recover-20221013,001,1795
960.8185,960.8583,68437,82256,Rhinolophus ferrumequinum,0.021,0.021,-1,Echolocation,/mnt/ubna_data_02_mir/recover-20221013/UBNA_001/20221012_030000.WAV,Telephone Field,recover-20221013,001,1795
960.8535,960.8947,68437,82011,Rhinolophus ferrumequinum,0.025,0.025,-1,Echolocation,/mnt/ubna_data_02_mir/recover-20221013/UBNA_001/20221012_030000.WAV,Telephone Field,recover-20221013,001,1795
960.9045,960.9157,27187,35585,Eptesicus serotinus,0.012,0.025,-1,Echolocation,/mnt/ubna_data_02_mir/recover-20221013/UBNA_001/20221012_030000.WAV,Telephone Field,recover-20221013,001,1795
960.9215,960.9651,68437,83433,Rhinolophus ferrumequinum,0.041,0.041,-1,Echolocation,/mnt/ubna_data_02_mir/recover-20221013/UBNA_001/20221012_030000.WAV,Telephone Field,recover-20221013,001,1795
960.9545,960.993,68437,82371,Rhinolophus ferrumequinum,0.022,0.022,-1,Echolocation,/mnt/ubna_data_02_mir/recover-20221013/UBNA_001/20221012_030000.WAV,Telephone Field,recover-20221013,001,1795
961.0085,961.0169,26328,36956,Eptesicus serotinus,0.007,0.022,-1,Echolocation,/mnt/ubna_data_02_mir/recover-20221013/UBNA_001/20221012_030000.WAV,Telephone Field,recover-20221013,001,1795
961.0335,961.0409,28906,41611,Eptesicus serotinus,0.009,0.03,-1,Echolocation,/mnt/ubna_data_02_mir/recover-20221013/UBNA_001/20221012_030000.WAV,Telephone Field,recover-20221013,001,1795
961.0355,961.075,68437,81849,Rhinolophus ferrumequinum,0.022,0.022,-1,Echolocation,/mnt/ubna_data_02_mir/recover-20221013/UBNA_001/20221012_030000.WAV,Telephone Field,recover-20221013,001,1795
961.0815,961.1192,68437,82046,Rhinolophus ferrumequinum,0.021,0.021,-1,Echolocation,/mnt/ubna_data_02_mir/recover-20221013/UBNA_001/20221012_030000.WAV,Telephone Field,recover-20221013,001,1795
961.1035,961.1137,14296,20416,Nyctalus noctula,0.01,0.026,-1,Echolocation,/mnt/ubna_data_02_mir/recover-20221013/UBNA_001/20221012_030000.WAV,Telephone Field,recover-20221013,001,1795
961.1125,961.1217,48671,55016,Pipistrellus pipistrellus,0.021,0.025,-1,Echolocation,/mnt/ubna_data_02_mir/recover-20221013/UBNA_001/20221012_030000.WAV,Telephone Field,recover-20221013,001,1795
961.1195,961.1263,24609,35554,Plecotus austriacus,0.008,0.024,-1,Echolocation,/mnt/ubna_data_02_mir/recover-20221013/UBNA_001/20221012_030000.WAV,Telephone Field,recover-20221013,001,1795
961.1295,961.1651,68437,80945,Rhinolophus ferrumequinum,0.022,0.022,-1,Echolocation,/mnt/ubna_data_02_mir/recover-20221013/UBNA_001/20221012_030000.WAV,Telephone Field,recover-20221013,001,1795
961.1455,961.1568,28046,34819,Eptesicus serotinus,0.012,0.024,-1,Echolocation,/mnt/ubna_data_02_mir/recover-20221013/UBNA_001/20221012_030000.WAV,Telephone Field,recover-20221013,001,1795
961.1465,961.1851,68437,81972,Rhinolophus ferrumequinum,0.022,0.022,-1,Echolocation,/mnt/ubna_data_02_mir/recover-20221013/UBNA_001/20221012_030000.WAV,Telephone Field,recover-20221013,001,1795
961.1865,961.197,28046,36728,Eptesicus serotinus,0.009,0.022,-1,Echolocation,/mnt/ubna_data_02_mir/recover-20221013/UBNA_001/20221012_030000.WAV,Telephone Field,recover-20221013,001,1795
961.1865,961.2252,68437,81676,Rhinolophus ferrumequinum,0.021,0.021,-1,Echolocation,/mnt/ubna_data_02_mir/recover-20221013/UBNA_001/20221012_030000.WAV,Telephone Field,recover-20221013,001,1795
961.2315,961.2689,68437,82278,Rhinolophus ferrumequinum,0.022,0.023,-1,Echolocation,/mnt/ubna_data_02_mir/recover-20221013/UBNA_001/20221012_030000.WAV,Telephone Field,recover-20221013,001,1795
961.2475,961.2889,68437,82310,Rhinolophus ferrumequinum,0.022,0.022,-1,Echolocation,/mnt/ubna_data_02_mir/recover-20221013/UBNA_001/20221012_030000.WAV,Telephone Field,recover-20221013,001,1795
961.2695,961.2789,28046,39058,Eptesicus serotinus,0.01,0.024,-1,Echolocation,/mnt/ubna_data_02_mir/recover-20221013/UBNA_001/20221012_030000.WAV,Telephone Field,recover-20221013,001,1795
961.2705,961.3109,68437,82633,Rhinolophus ferrumequinum,0.022,0.022,-1,Echolocation,/mnt/ubna_data_02_mir/recover-20221013/UBNA_001/20221012_030000.WAV,Telephone Field,recover-20221013,001,1795
961.2925,961.2982,25468,41277,Plecotus austriacus,0.013,0.04,-1,Echolocation,/mnt/ubna_data_02_mir/recover-20221013/UBNA_001/20221012_030000.WAV,Telephone Field,recover-20221013,001,1795
961.3815,961.4194,68437,81800,Rhinolophus ferrumequinum,0.025,0.025,-1,Echolocation,/mnt/ubna_data_02_mir/recover-20221013/UBNA_001/20221012_030000.WAV,Telephone Field,recover-20221013,001,1795
961.3885,961.4277,68437,82509,Rhinolophus ferrumequinum,0.023,0.023,-1,Echolocation,/mnt/ubna_data_02_mir/recover-20221013/UBNA_001/20221012_030000.WAV,Telephone Field,recover-20221013,001,1795
961.4395,961.4466,27187,39947,Eptesicus serotinus,0.006,0.023,-1,Echolocation,/mnt/ubna_data_02_mir/recover-20221013/UBNA_001/20221012_030000.WAV,Telephone Field,recover-20221013,001,1795
961.4625,961.4722,22890,29080,Nyctalus leisleri,0.009,0.023,-1,Echolocation,/mnt/ubna_data_02_mir/recover-20221013/UBNA_001/20221012_030000.WAV,Telephone Field,recover-20221013,001,1795
961.5145,961.5517,68437,81663,Rhinolophus ferrumequinum,0.021,0.021,-1,Echolocation,/mnt/ubna_data_02_mir/recover-20221013/UBNA_001/20221012_030000.WAV,Telephone Field,recover-20221013,001,1795
961.5765,961.6157,68437,82881,Rhinolophus ferrumequinum,0.024,0.024,-1,Echolocation,/mnt/ubna_data_02_mir/recover-20221013/UBNA_001/20221012_030000.WAV,Telephone Field,recover-20221013,001,1795
961.5945,961.6046,27187,35039,Eptesicus serotinus,0.014,0.027,-1,Echolocation,/mnt/ubna_data_02_mir/recover-20221013/UBNA_001/20221012_030000.WAV,Telephone Field,recover-20221013,001,1795
961.6305,961.6677,68437,81967,Rhinolophus ferrumequinum,0.021,0.021,-1,Echolocation,/mnt/ubna_data_02_mir/recover-20221013/UBNA_001/20221012_030000.WAV,Telephone Field,recover-20221013,001,1795
961.6395,961.6787,68437,82428,Rhinolophus ferrumequinum,0.025,0.025,-1,Echolocation,/mnt/ubna_data_02_mir/recover-20221013/UBNA_001/20221012_030000.WAV,Telephone Field,recover-20221013,001,1795
961.6625,961.7032,68437,82380,Rhinolophus ferrumequinum,0.023,0.023,-1,Echolocation,/mnt/ubna_data_02_mir/recover-20221013/UBNA_001/20221012_030000.WAV,Telephone Field,recover-20221013,001,1795
961.7105,961.7523,68437,82048,Rhinolophus ferrumequinum,0.029,0.029,-1,Echolocation,/mnt/ubna_data_02_mir/recover-20221013/UBNA_001/20221012_030000.WAV,Telephone Field,recover-20221013,001,1795
961.7175,961.7354,20312,23317,Nyctalus leisleri,0.016,0.027,-1,Echolocation,/mnt/ubna_data_02_mir/recover-20221013/UBNA_001/20221012_030000.WAV,Telephone Field,recover-20221013,001,1795
961.7365,961.7763,68437,81609,Rhinolophus ferrumequinum,0.022,0.022,-1,Echolocation,/mnt/ubna_data_02_mir/recover-20221013/UBNA_001/20221012_030000.WAV,Telephone Field,recover-20221013,001,1795
961.7635,961.7732,27187,35333,Eptesicus serotinus,0.007,0.024,-1,Echolocation,/mnt/ubna_data_02_mir/recover-20221013/UBNA_001/20221012_030000.WAV,Telephone Field,recover-20221013,001,1795
961.8205,961.8558,68437,81490,Rhinolophus ferrumequinum,0.021,0.021,-1,Echolocation,/mnt/ubna_data_02_mir/recover-20221013/UBNA_001/20221012_030000.WAV,Telephone Field,recover-20221013,001,1795
961.8425,961.8825,68437,81916,Rhinolophus ferrumequinum,0.022,0.022,-1,Echolocation,/mnt/ubna_data_02_mir/recover-20221013/UBNA_001/20221012_030000.WAV,Telephone Field,recover-20221013,001,1795
961.8735,961.8842,22890,27418,Nyctalus leisleri,0.012,0.023,-1,Echolocation,/mnt/ubna_data_02_mir/recover-20221013/UBNA_001/20221012_030000.WAV,Telephone Field,recover-20221013,001,1795
962.0015,962.0352,68437,79663,Rhinolophus ferrumequinum,0.052,0.052,-1,Echolocation,/mnt/ubna_data_02_mir/recover-20221013/UBNA_001/20221012_030000.WAV,Telephone Field,recover-20221013,001,1795
962.0015,962.0099,46093,52303,Pipistrellus pipistrellus,0.02,0.025,-1,Echolocation,/mnt/ubna_data_02_mir/recover-20221013/UBNA_001/20221012_030000.WAV,Telephone Field,recover-20221013,001,1795
962.0015,962.0117,21171,26375,Nyctalus leisleri,0.01,0.023,-1,Echolocation,/mnt/ubna_data_02_mir/recover-20221013/UBNA_001/20221012_030000.WAV,Telephone Field,recover-20221013,001,1795
962.0215,962.0287,27187,37378,Eptesicus serotinus,0.007,0.021,-1,Echolocation,/mnt/ubna_data_02_mir/recover-20221013/UBNA_001/20221012_030000.WAV,Telephone Field,recover-20221013,001,1795
962.0285,962.0645,68437,81569,Rhinolophus ferrumequinum,0.021,0.021,-1,Echolocation,/mnt/ubna_data_02_mir/recover-20221013/UBNA_001/20221012_030000.WAV,Telephone Field,recover-20221013,001,1795
962.0385,962.0771,68437,82153,Rhinolophus ferrumequinum,0.021,0.021,-1,Echolocation,/mnt/ubna_data_02_mir/recover-20221013/UBNA_001/20221012_030000.WAV,Telephone Field,recover-20221013,001,1795
962.0465,962.0843,68437,82070,Rhinolophus ferrumequinum,0.021,0.021,-1,Echolocation,/mnt/ubna_data_02_mir/recover-20221013/UBNA_001/20221012_030000.WAV,Telephone Field,recover-20221013,001,1795
962.0825,962.1219,68437,82222,Rhinolophus ferrumequinum,0.022,0.022,-1,Echolocation,/mnt/ubna_data_02_mir/recover-20221013/UBNA_001/20221012_030000.WAV,Telephone Field,recover-20221013,001,1795
962.0985,962.1061,25468,35016,Plecotus austriacus,0.006,0.024,-1,Echolocation,/mnt/ubna_data_02_mir/recover-20221013/UBNA_001/20221012_030000.WAV,Telephone Field,recover-20221013,001,1795
962.1145,962.1237,28906,38287,Eptesicus serotinus,0.01,0.025,-1,Echolocation,/mnt/ubna_data_02_mir/recover-20221013/UBNA_001/20221012_030000.WAV,Telephone Field,recover-20221013,001,1795
962.1305,962.1707,68437,82603,Rhinolophus ferrumequinum,0.025,0.025,-1,Echolocation,/mnt/ubna_data_02_mir/recover-20221013/UBNA_001/20221012_030000.WAV,Telephone Field,recover-20221013,001,1795
962.1385,962.1808,68437,83119,Rhinolophus ferrumequinum,0.027,0.027,-1,Echolocation,/mnt/ubna_data_02_mir/recover-20221013/UBNA_001/20221012_030000.WAV,Telephone Field,recover-20221013,001,1795
962.1785,962.1847,28046,41149,Myotis daubentonii,0.008,0.04,-1,Echolocation,/mnt/ubna_data_02_mir/recover-20221013/UBNA_001/20221012_030000.WAV,Telephone Field,recover-20221013,001,1795
962.1975,962.2407,68437,83372,Rhinolophus ferrumequinum,0.044,0.044,-1,Echolocation,/mnt/ubna_data_02_mir/recover-20221013/UBNA_001/20221012_030000.WAV,Telephone Field,recover-20221013,001,1795
962.2285,962.27,68437,82977,Rhinolophus ferrumequinum,0.029,0.029,-1,Echolocation,/mnt/ubna_data_02_mir/recover-20221013/UBNA_001/20221012_030000.WAV,Telephone Field,recover-20221013,001,1795
962.2585,962.2692,23750,29341,Nyctalus leisleri,0.01,0.022,-1,Echolocation,/mnt/ubna_data_02_mir/recover-20221013/UBNA_001/20221012_030000.WAV,Telephone Field,recover-20221013,001,1795
962.2645,962.3041,68437,82252,Rhinolophus ferrumequinum,0.024,0.024,-1,Echolocation,/mnt/ubna_data_02_mir/recover-20221013/UBNA_001/20221012_030000.WAV,Telephone Field,recover-20221013,001,1795
962.3075,962.3458,68437,81789,Rhinolophus ferrumequinum,0.022,0.022,-1,Echolocation,/mnt/ubna_data_02_mir/recover-20221013/UBNA_001/20221012_030000.WAV,Telephone Field,recover-20221013,001,1795
962.3205,962.328,28906,39337,Eptesicus serotinus,0.007,0.023,-1,Echolocation,/mnt/ubna_data_02_mir/recover-20221013/UBNA_001/20221012_030000.WAV,Telephone Field,recover-20221013,001,1795
962.3275,962.3657,68437,82332,Rhinolophus ferrumequinum,0.026,0.026,-1,Echolocation,/mnt/ubna_data_02_mir/recover-20221013/UBNA_001/20221012_030000.WAV,Telephone Field,recover-20221013,001,1795
962.3355,962.3481,22031,26978,Nyctalus leisleri,0.011,0.024,-1,Echolocation,/mnt/ubna_data_02_mir/recover-20221013/UBNA_001/20221012_030000.WAV,Telephone Field,recover-20221013,001,1795
962.3535,962.3893,68437,81663,Rhinolophus ferrumequinum,0.021,0.021,-1,Echolocation,/mnt/ubna_data_02_mir/recover-20221013/UBNA_001/20221012_030000.WAV,Telephone Field,recover-20221013,001,1795
962.3805,962.4244,68437,83530,Rhinolophus ferrumequinum,0.045,0.045,-1,Echolocation,/mnt/ubna_data_02_mir/recover-20221013/UBNA_001/20221012_030000.WAV,Telephone Field,recover-20221013,001,1795
962.3895,962.4048,22890,27135,Nyctalus leisleri,0.021,0.038,-1,Echolocation,/mnt/ubna_data_02_mir/recover-20221013/UBNA_001/20221012_030000.WAV,Telephone Field,recover-20221013,001,1795
962.3915,962.4301,68437,82518,Rhinolophus ferrumequinum,0.023,0.023,-1,Echolocation,/mnt/ubna_data_02_mir/recover-20221013/UBNA_001/20221012_030000.WAV,Telephone Field,recover-20221013,001,1795
962.4185,962.4559,68437,82033,Rhinolophus ferrumequinum,0.021,0.021,-1,Echolocation,/mnt/ubna_data_02_mir/recover-20221013/UBNA_001/20221012_030000.WAV,Telephone Field,recover-20221013,001,1795
962.4335,962.4443,22890,28262,Nyctalus leisleri,0.01,0.021,-1,Echolocation,/mnt/ubna_data_02_mir/recover-20221013/UBNA_001/20221012_030000.WAV,Telephone Field,recover-20221013,001,1795
962.4375,962.4443,27187,38680,Eptesicus serotinus,0.006,0.021,-1,Echolocation,/mnt/ubna_data_02_mir/recover-20221013/UBNA_001/20221012_030000.WAV,Telephone Field,recover-20221013,001,1795
962.4595,962.4674,28046,42058,Eptesicus serotinus,0.008,0.023,-1,Echolocation,/mnt/ubna_data_02_mir/recover-20221013/UBNA_001/20221012_030000.WAV,Telephone Field,recover-20221013,001,1795
962.4605,962.4677,47812,54713,Pipistrellus pipistrellus,0.021,0.024,-1,Echolocation,/mnt/ubna_data_02_mir/recover-20221013/UBNA_001/20221012_030000.WAV,Telephone Field,recover-20221013,001,1795
962.4855,962.5248,68437,82261,Rhinolophus ferrumequinum,0.022,0.022,-1,Echolocation,/mnt/ubna_data_02_mir/recover-20221013/UBNA_001/20221012_030000.WAV,Telephone Field,recover-20221013,001,1795
962.5095,962.5456,68437,81942,Rhinolophus ferrumequinum,0.023,0.023,-1,Echolocation,/mnt/ubna_data_02_mir/recover-20221013/UBNA_001/20221012_030000.WAV,Telephone Field,recover-20221013,001,1795
962.5635,962.6009,68437,81315,Rhinolophus ferrumequinum,0.022,0.022,-1,Echolocation,/mnt/ubna_data_02_mir/recover-20221013/UBNA_001/20221012_030000.WAV,Telephone Field,recover-20221013,001,1795
962.5745,962.5965,18593,21377,Nyctalus noctula,0.014,0.028,-1,Echolocation,/mnt/ubna_data_02_mir/recover-20221013/UBNA_001/20221012_030000.WAV,Telephone Field,recover-20221013,001,1795
962.5795,962.6226,68437,82808,Rhinolophus ferrumequinum,0.035,0.035,-1,Echolocation,/mnt/ubna_data_02_mir/recover-20221013/UBNA_001/20221012_030000.WAV,Telephone Field,recover-20221013,001,1795
962.6045,962.6136,28046,36967,Eptesicus serotinus,0.01,0.024,-1,Echolocation,/mnt/ubna_data_02_mir/recover-20221013/UBNA_001/20221012_030000.WAV,Telephone Field,recover-20221013,001,1795
962.6235,962.664,68437,82903,Rhinolophus ferrumequinum,0.034,0.034,-1,Echolocation,/mnt/ubna_data_02_mir/recover-20221013/UBNA_001/20221012_030000.WAV,Telephone Field,recover-20221013,001,1795
962.6715,962.7101,68437,82179,Rhinolophus ferrumequinum,0.024,0.024,-1,Echolocation,/mnt/ubna_data_02_mir/recover-20221013/UBNA_001/20221012_030000.WAV,Telephone Field,recover-20221013,001,1795
962.6735,962.6829,28906,40234,Eptesicus serotinus,0.014,0.033,-1,Echolocation,/mnt/ubna_data_02_mir/recover-20221013/UBNA_001/20221012_030000.WAV,Telephone Field,recover-20221013,001,1795
962.7115,962.7481,68437,81415,Rhinolophus ferrumequinum,0.021,0.021,-1,Echolocation,/mnt/ubna_data_02_mir/recover-20221013/UBNA_001/20221012_030000.WAV,Telephone Field,recover-20221013,001,1795
962.7315,962.7403,22031,28505,Plecotus austriacus,0.008,0.021,-1,Echolocation,/mnt/ubna_data_02_mir/recover-20221013/UBNA_001/20221012_030000.WAV,Telephone Field,recover-20221013,001,1795
962.7605,962.7696,23750,30740,Nyctalus leisleri,0.007,0.022,-1,Echolocation,/mnt/ubna_data_02_mir/recover-20221013/UBNA_001/20221012_030000.WAV,Telephone Field,recover-20221013,001,1795
962.7885,962.8262,68437,81654,Rhinolophus ferrumequinum,0.021,0.021,-1,Echolocation,/mnt/ubna_data_02_mir/recover-20221013/UBNA_001/20221012_030000.WAV,Telephone Field,recover-20221013,001,1795
962.7955,962.8035,51250,57200,Pipistrellus pipistrellus,0.015,0.021,-1,Echolocation,/mnt/ubna_data_02_mir/recover-20221013/UBNA_001/20221012_030000.WAV,Telephone Field,recover-20221013,001,1795
962.8425,962.8811,68437,82128,Rhinolophus ferrumequinum,0.032,0.032,-1,Echolocation,/mnt/ubna_data_02_mir/recover-20221013/UBNA_001/20221012_030000.WAV,Telephone Field,recover-20221013,001,1795
962.8715,962.908,68437,81849,Rhinolophus ferrumequinum,0.022,0.022,-1,Echolocation,/mnt/ubna_data_02_mir/recover-20221013/UBNA_001/20221012_030000.WAV,Telephone Field,recover-20221013,001,1795
962.8955,962.9318,68437,82026,Rhinolophus ferrumequinum,0.023,0.024,-1,Echolocation,/mnt/ubna_data_02_mir/recover-20221013/UBNA_001/20221012_030000.WAV,Telephone Field,recover-20221013,001,1795
962.9045,962.9435,68437,82532,Rhinolophus ferrumequinum,0.022,0.022,-1,Echolocation,/mnt/ubna_data_02_mir/recover-20221013/UBNA_001/20221012_030000.WAV,Telephone Field,recover-20221013,001,1795
962.9265,962.9628,68437,82175,Rhinolophus ferrumequinum,0.022,0.022,-1,Echolocation,/mnt/ubna_data_02_mir/recover-20221013/UBNA_001/20221012_030000.WAV,Telephone Field,recover-20221013,001,1795
962.9585,962.9958,68437,82147,Rhinolophus ferrumequinum,0.023,0.023,-1,Echolocation,/mnt/ubna_data_02_mir/recover-20221013/UBNA_001/20221012_030000.WAV,Telephone Field,recover-20221013,001,1795
962.9655,962.9735,26328,35259,Eptesicus serotinus,0.009,0.026,-1,Echolocation,/mnt/ubna_data_02_mir/recover-20221013/UBNA_001/20221012_030000.WAV,Telephone Field,recover-20221013,001,1795
963.0395,963.0508,23750,29343,Nyctalus leisleri,0.01,0.021,-1,Echolocation,/mnt/ubna_data_02_mir/recover-20221013/UBNA_001/20221012_030000.WAV,Telephone Field,recover-20221013,001,1795
963.0545,963.0931,68437,82090,Rhinolophus ferrumequinum,0.025,0.025,-1,Echolocation,/mnt/ubna_data_02_mir/recover-20221013/UBNA_001/20221012_030000.WAV,Telephone Field,recover-20221013,001,1795
963.0795,963.1183,68437,81929,Rhinolophus ferrumequinum,0.024,0.024,-1,Echolocation,/mnt/ubna_data_02_mir/recover-20221013/UBNA_001/20221012_030000.WAV,Telephone Field,recover-20221013,001,1795
963.0855,963.0956,28906,38087,Eptesicus serotinus,0.015,0.031,-1,Echolocation,/mnt/ubna_data_02_mir/recover-20221013/UBNA_001/20221012_030000.WAV,Telephone Field,recover-20221013,001,1795
963.1005,963.1114,22890,28237,Nyctalus leisleri,0.01,0.022,-1,Echolocation,/mnt/ubna_data_02_mir/recover-20221013/UBNA_001/20221012_030000.WAV,Telephone Field,recover-20221013,001,1795
963.1375,963.178,68437,83131,Rhinolophus ferrumequinum,0.024,0.024,-1,Echolocation,/mnt/ubna_data_02_mir/recover-20221013/UBNA_001/20221012_030000.WAV,Telephone Field,recover-20221013,001,1795
963.1615,963.1987,68437,82211,Rhinolophus ferrumequinum,0.021,0.021,-1,Echolocation,/mnt/ubna_data_02_mir/recover-20221013/UBNA_001/20221012_030000.WAV,Telephone Field,recover-20221013,001,1795
963.1655,963.1803,23750,28371,Nyctalus leisleri,0.024,0.048,-1,Echolocation,/mnt/ubna_data_02_mir/recover-20221013/UBNA_001/20221012_030000.WAV,Telephone Field,recover-20221013,001,1795
963.1805,963.1896,28906,37214,Eptesicus serotinus,0.008,0.021,-1,Echolocation,/mnt/ubna_data_02_mir/recover-20221013/UBNA_001/20221012_030000.WAV,Telephone Field,recover-20221013,001,1795
963.1995,963.2301,68437,80102,Rhinolophus ferrumequinum,0.026,0.026,-1,Echolocation,/mnt/ubna_data_02_mir/recover-20221013/UBNA_001/20221012_030000.WAV,Telephone Field,recover-20221013,001,1795
963.2155,963.2559,68437,82267,Rhinolophus ferrumequinum,0.03,0.03,-1,Echolocation,/mnt/ubna_data_02_mir/recover-20221013/UBNA_001/20221012_030000.WAV,Telephone Field,recover-20221013,001,1795
963.2225,963.2656,68437,83184,Rhinolophus ferrumequinum,0.026,0.026,-1,Echolocation,/mnt/ubna_data_02_mir/recover-20221013/UBNA_001/20221012_030000.WAV,Telephone Field,recover-20221013,001,1795
963.2305,963.2428,24609,30498,Nyctalus leisleri,0.011,0.028,-1,Echolocation,/mnt/ubna_data_02_mir/recover-20221013/UBNA_001/20221012_030000.WAV,Telephone Field,recover-20221013,001,1795
963.2665,963.3051,68437,82219,Rhinolophus ferrumequinum,0.029,0.029,-1,Echolocation,/mnt/ubna_data_02_mir/recover-20221013/UBNA_001/20221012_030000.WAV,Telephone Field,recover-20221013,001,1795
963.2795,963.2877,28046,39139,Eptesicus serotinus,0.009,0.023,-1,Echolocation,/mnt/ubna_data_02_mir/recover-20221013/UBNA_001/20221012_030000.WAV,Telephone Field,recover-20221013,001,1795
963.2925,963.3035,51250,56162,Pipistrellus pipistrellus,0.013,0.023,-1,Echolocation,/mnt/ubna_data_02_mir/recover-20221013/UBNA_001/20221012_030000.WAV,Telephone Field,recover-20221013,001,1795
963.2985,963.3349,68437,81721,Rhinolophus ferrumequinum,0.022,0.022,-1,Echolocation,/mnt/ubna_data_02_mir/recover-20221013/UBNA_001/20221012_030000.WAV,Telephone Field,recover-20221013,001,1795
963.3075,963.348,68437,82205,Rhinolophus ferrumequinum,0.021,0.021,-1,Echolocation,/mnt/ubna_data_02_mir/recover-20221013/UBNA_001/20221012_030000.WAV,Telephone Field,recover-20221013,001,1795
963.3155,963.3561,68437,82383,Rhinolophus ferrumequinum,0.022,0.022,-1,Echolocation,/mnt/ubna_data_02_mir/recover-20221013/UBNA_001/20221012_030000.WAV,Telephone Field,recover-20221013,001,1795
963.3185,963.3282,44375,51891,Pipistrellus pipistrellus,0.036,0.047,-1,Echolocation,/mnt/ubna_data_02_mir/recover-20221013/UBNA_001/20221012_030000.WAV,Telephone Field,recover-20221013,001,1795
963.3255,963.332,23750,33227,Plecotus austriacus,0.012,0.026,-1,Echolocation,/mnt/ubna_data_02_mir/recover-20221013/UBNA_001/20221012_030000.WAV,Telephone Field,recover-20221013,001,1795
963.3305,963.3681,68437,81979,Rhinolophus ferrumequinum,0.021,0.021,-1,Echolocation,/mnt/ubna_data_02_mir/recover-20221013/UBNA_001/20221012_030000.WAV,Telephone Field,recover-20221013,001,1795
963.3425,963.3517,23750,30280,Nyctalus leisleri,0.006,0.021,-1,Echolocation,/mnt/ubna_data_02_mir/recover-20221013/UBNA_001/20221012_030000.WAV,Telephone Field,recover-20221013,001,1795
963.3605,963.3739,23750,29461,Nyctalus leisleri,0.015,0.035,-1,Echolocation,/mnt/ubna_data_02_mir/recover-20221013/UBNA_001/20221012_030000.WAV,Telephone Field,recover-20221013,001,1795
963.3835,963.4197,68437,81663,Rhinolophus ferrumequinum,0.021,0.021,-1,Echolocation,/mnt/ubna_data_02_mir/recover-20221013/UBNA_001/20221012_030000.WAV,Telephone Field,recover-20221013,001,1795
963.4205,963.4582,68437,82315,Rhinolophus ferrumequinum,0.021,0.021,-1,Echolocation,/mnt/ubna_data_02_mir/recover-20221013/UBNA_001/20221012_030000.WAV,Telephone Field,recover-20221013,001,1795
963.4535,963.4646,22890,27603,Nyctalus leisleri,0.012,0.025,-1,Echolocation,/mnt/ubna_data_02_mir/recover-20221013/UBNA_001/20221012_030000.WAV,Telephone Field,recover-20221013,001,1795
963.4765,963.4847,23750,31681,Plecotus austriacus,0.007,0.021,-1,Echolocation,/mnt/ubna_data_02_mir/recover-20221013/UBNA_001/20221012_030000.WAV,Telephone Field,recover-20221013,001,1795
963.4815,963.5197,68437,82949,Rhinolophus ferrumequinum,0.025,0.025,-1,Echolocation,/mnt/ubna_data_02_mir/recover-20221013/UBNA_001/20221012_030000.WAV,Telephone Field,recover-20221013,001,1795
963.4985,963.5376,68437,82048,Rhinolophus ferrumequinum,0.021,0.022,-1,Echolocation,/mnt/ubna_data_02_mir/recover-20221013/UBNA_001/20221012_030000.WAV,Telephone Field,recover-20221013,001,1795
963.5295,963.5387,24609,31700,Eptesicus serotinus,0.007,0.022,-1,Echolocation,/mnt/ubna_data_02_mir/recover-20221013/UBNA_001/20221012_030000.WAV,Telephone Field,recover-20221013,001,1795
963.5555,963.5637,28906,42540,Eptesicus serotinus,0.008,0.023,-1,Echolocation,/mnt/ubna_data_02_mir/recover-20221013/UBNA_001/20221012_030000.WAV,Telephone Field,recover-20221013,001,1795
963.5565,963.597,68437,82775,Rhinolophus ferrumequinum,0.026,0.026,-1,Echolocation,/mnt/ubna_data_02_mir/recover-20221013/UBNA_001/20221012_030000.WAV,Telephone Field,recover-20221013,001,1795
963.5695,963.6102,68437,82702,Rhinolophus ferrumequinum,0.022,0.022,-1,Echolocation,/mnt/ubna_data_02_mir/recover-20221013/UBNA_001/20221012_030000.WAV,Telephone Field,recover-20221013,001,1795
963.5905,963.6296,68437,82486,Rhinolophus ferrumequinum,0.024,0.024,-1,Echolocation,/mnt/ubna_data_02_mir/recover-20221013/UBNA_001/20221012_030000.WAV,Telephone Field,recover-20221013,001,1795
963.6455,963.6796,68437,81113,Rhinolophus ferrumequinum,0.023,0.023,-1,Echolocation,/mnt/ubna_data_02_mir/recover-20221013/UBNA_001/20221012_030000.WAV,Telephone Field,recover-20221013,001,1795
963.6555,963.6875,68437,80333,Rhinolophus ferrumequinum,0.021,0.021,-1,Echolocation,/mnt/ubna_data_02_mir/recover-20221013/UBNA_001/20221012_030000.WAV,Telephone Field,recover-20221013,001,1795
963.7125,963.7486,68437,81656,Rhinolophus ferrumequinum,0.022,0.022,-1,Echolocation,/mnt/ubna_data_02_mir/recover-20221013/UBNA_001/20221012_030000.WAV,Telephone Field,recover-20221013,001,1795
963.7305,963.7699,68437,82007,Rhinolophus ferrumequinum,0.022,0.022,-1,Echolocation,/mnt/ubna_data_02_mir/recover-20221013/UBNA_001/20221012_030000.WAV,Telephone Field,recover-20221013,001,1795
963.7585,963.769,22890,28294,Nyctalus leisleri,0.009,0.021,-1,Echolocation,/mnt/ubna_data_02_mir/recover-20221013/UBNA_001/20221012_030000.WAV,Telephone Field,recover-20221013,001,1795
963.7595,963.7969,68437,81332,Rhinolophus ferrumequinum,0.024,0.024,-1,Echolocation,/mnt/ubna_data_02_mir/recover-20221013/UBNA_001/20221012_030000.WAV,Telephone Field,recover-20221013,001,1795
963.7645,963.7748,22890,28004,Nyctalus leisleri,0.01,0.021,-1,Echolocation,/mnt/ubna_data_02_mir/recover-20221013/UBNA_001/20221012_030000.WAV,Telephone Field,recover-20221013,001,1795
963.8215,963.8624,68437,83249,Rhinolophus ferrumequinum,0.03,0.03,-1,Echolocation,/mnt/ubna_data_02_mir/recover-20221013/UBNA_001/20221012_030000.WAV,Telephone Field,recover-20221013,001,1795
963.8505,963.8588,28046,38239,Eptesicus serotinus,0.008,0.021,-1,Echolocation,/mnt/ubna_data_02_mir/recover-20221013/UBNA_001/20221012_030000.WAV,Telephone Field,recover-20221013,001,1795
963.8645,963.9042,68437,82235,Rhinolophus ferrumequinum,0.022,0.022,-1,Echolocation,/mnt/ubna_data_02_mir/recover-20221013/UBNA_001/20221012_030000.WAV,Telephone Field,recover-20221013,001,1795
963.9565,963.996,68437,82344,Rhinolophus ferrumequinum,0.029,0.029,-1,Echolocation,/mnt/ubna_data_02_mir/recover-20221013/UBNA_001/20221012_030000.WAV,Telephone Field,recover-20221013,001,1795
964.0015,964.0143,24609,30562,Nyctalus leisleri,0.023,0.047,-1,Echolocation,/mnt/ubna_data_02_mir/recover-20221013/UBNA_001/20221012_030000.WAV,Telephone Field,recover-20221013,001,1795
964.0015,964.031,69296,80938,Rhinolophus ferrumequinum,0.029,0.029,-1,Echolocation,/mnt/ubna_data_02_mir/recover-20221013/UBNA_001/20221012_030000.WAV,Telephone Field,recover-20221013,001,1795
964.0165,964.0291,24609,29442,Nyctalus leisleri,0.012,0.025,-1,Echolocation,/mnt/ubna_data_02_mir/recover-20221013/UBNA_001/20221012_030000.WAV,Telephone Field,recover-20221013,001,1795
964.0295,964.0707,68437,83063,Rhinolophus ferrumequinum,0.038,0.038,-1,Echolocation,/mnt/ubna_data_02_mir/recover-20221013/UBNA_001/20221012_030000.WAV,Telephone Field,recover-20221013,001,1795
964.0675,964.1084,68437,82471,Rhinolophus ferrumequinum,0.022,0.022,-1,Echolocation,/mnt/ubna_data_02_mir/recover-20221013/UBNA_001/20221012_030000.WAV,Telephone Field,recover-20221013,001,1795
964.0835,964.1238,68437,82621,Rhinolophus ferrumequinum,0.021,0.021,-1,Echolocation,/mnt/ubna_data_02_mir/recover-20221013/UBNA_001/20221012_030000.WAV,Telephone Field,recover-20221013,001,1795
964.1295,964.1649,68437,81049,Rhinolophus ferrumequinum,0.021,0.021,-1,Echolocation,/mnt/ubna_data_02_mir/recover-20221013/UBNA_001/20221012_030000.WAV,Telephone Field,recover-20221013,001,1795
964.1305,964.1385,28046,39032,Eptesicus serotinus,0.007,0.022,-1,Echolocation,/mnt/ubna_data_02_mir/recover-20221013/UBNA_001/20221012_030000.WAV,Telephone Field,recover-20221013,001,1795
964.1675,964.1748,27187,39085,Eptesicus serotinus,0.006,0.022,-1,Echolocation,/mnt/ubna_data_02_mir/recover-20221013/UBNA_001/20221012_030000.WAV,Telephone Field,recover-20221013,001,1795
964.1685,964.2029,68437,80398,Rhinolophus ferrumequinum,0.022,0.022,-1,Echolocation,/mnt/ubna_data_02_mir/recover-20221013/UBNA_001/20221012_030000.WAV,Telephone Field,recover-20221013,001,1795
964.1825,964.2209,68437,81702,Rhinolophus ferrumequinum,0.049,0.049,-1,Echolocation,/mnt/ubna_data_02_mir/recover-20221013/UBNA_001/20221012_030000.WAV,Telephone Field,recover-20221013,001,1795
964.2195,964.2593,68437,82499,Rhinolophus ferrumequinum,0.026,0.026,-1,Echolocation,/mnt/ubna_data_02_mir/recover-20221013/UBNA_001/20221012_030000.WAV,Telephone Field,recover-20221013,001,1795
964.2365,964.2724,68437,80675,Rhinolophus ferrumequinum,0.021,0.021,-1,Echolocation,/mnt/ubna_data_02_mir/recover-20221013/UBNA_001/20221012_030000.WAV,Telephone Field,recover-20221013,001,1795
964.2375,964.2487,46953,51335,Pipistrellus pipistrellus,0.026,0.028,-1,Echolocation,/mnt/ubna_data_02_mir/recover-20221013/UBNA_001/20221012_030000.WAV,Telephone Field,recover-20221013,001,1795
964.2585,964.27,22890,28223,Nyctalus leisleri,0.013,0.025,-1,Echolocation,/mnt/ubna_data_02_mir/recover-20221013/UBNA_001/20221012_030000.WAV,Telephone Field,recover-20221013,001,1795
964.2735,964.2827,28046,39812,Eptesicus serotinus,0.011,0.024,-1,Echolocation,/mnt/ubna_data_02_mir/recover-20221013/UBNA_001/20221012_030000.WAV,Telephone Field,recover-20221013,001,1795
964.2785,964.3144,68437,81837,Rhinolophus ferrumequinum,0.021,0.021,-1,Echolocation,/mnt/ubna_data_02_mir/recover-20221013/UBNA_001/20221012_030000.WAV,Telephone Field,recover-20221013,001,1795
964.3205,964.3579,68437,81921,Rhinolophus ferrumequinum,0.022,0.022,-1,Echolocation,/mnt/ubna_data_02_mir/recover-20221013/UBNA_001/20221012_030000.WAV,Telephone Field,recover-20221013,001,1795
964.3585,964.3694,23750,29066,Nyctalus leisleri,0.012,0.025,-1,Echolocation,/mnt/ubna_data_02_mir/recover-20221013/UBNA_001/20221012_030000.WAV,Telephone Field,recover-20221013,001,1795
964.3665,964.4056,68437,82078,Rhinolophus ferrumequinum,0.039,0.039,-1,Echolocation,/mnt/ubna_data_02_mir/recover-20221013/UBNA_001/20221012_030000.WAV,Telephone Field,recover-20221013,001,1795
964.3715,964.3854,22890,26538,Nyctalus leisleri,0.016,0.027,-1,Echolocation,/mnt/ubna_data_02_mir/recover-20221013/UBNA_001/20221012_030000.WAV,Telephone Field,recover-20221013,001,1795
964.4115,964.4222,22031,27428,Nyctalus leisleri,0.009,0.021,-1,Echolocation,/mnt/ubna_data_02_mir/recover-20221013/UBNA_001/20221012_030000.WAV,Telephone Field,recover-20221013,001,1795
964.4325,964.4419,44375,55186,Pipistrellus pipistrellus,0.015,0.024,-1,Echolocation,/mnt/ubna_data_02_mir/recover-20221013/UBNA_001/20221012_030000.WAV,Telephone Field,recover-20221013,001,1795
964.4475,964.4834,68437,81318,Rhinolophus ferrumequinum,0.022,0.022,-1,Echolocation,/mnt/ubna_data_02_mir/recover-20221013/UBNA_001/20221012_030000.WAV,Telephone Field,recover-20221013,001,1795
964.5075,964.5472,68437,82280,Rhinolophus ferrumequinum,0.021,0.021,-1,Echolocation,/mnt/ubna_data_02_mir/recover-20221013/UBNA_001/20221012_030000.WAV,Telephone Field,recover-20221013,001,1795
964.5325,964.5438,23750,29475,Nyctalus leisleri,0.01,0.023,-1,Echolocation,/mnt/ubna_data_02_mir/recover-20221013/UBNA_001/20221012_030000.WAV,Telephone Field,recover-20221013,001,1795
964.5465,964.5879,68437,81990,Rhinolophus ferrumequinum,0.022,0.022,-1,Echolocation,/mnt/ubna_data_02_mir/recover-20221013/UBNA_001/20221012_030000.WAV,Telephone Field,recover-20221013,001,1795
964.5525,964.5942,68437,82377,Rhinolophus ferrumequinum,0.022,0.022,-1,Echolocation,/mnt/ubna_data_02_mir/recover-20221013/UBNA_001/20221012_030000.WAV,Telephone Field,recover-20221013,001,1795
964.5755,964.5872,22890,28689,Nyctalus leisleri,0.018,0.037,-1,Echolocation,/mnt/ubna_data_02_mir/recover-20221013/UBNA_001/20221012_030000.WAV,Telephone Field,recover-20221013,001,1795
964.6115,964.6523,68437,82585,Rhinolophus ferrumequinum,0.022,0.022,-1,Echolocation,/mnt/ubna_data_02_mir/recover-20221013/UBNA_001/20221012_030000.WAV,Telephone Field,recover-20221013,001,1795
964.7385,964.7778,68437,82035,Rhinolophus ferrumequinum,0.021,0.021,-1,Echolocation,/mnt/ubna_data_02_mir/recover-20221013/UBNA_001/20221012_030000.WAV,Telephone Field,recover-20221013,001,1795
964.7525,964.7942,68437,82248,Rhinolophus ferrumequinum,0.024,0.024,-1,Echolocation,/mnt/ubna_data_02_mir/recover-20221013/UBNA_001/20221012_030000.WAV,Telephone Field,recover-20221013,001,1795
964.7745,964.8115,68437,81995,Rhinolophus ferrumequinum,0.023,0.024,-1,Echolocation,/mnt/ubna_data_02_mir/recover-20221013/UBNA_001/20221012_030000.WAV,Telephone Field,recover-20221013,001,1795
964.7755,964.7829,27187,38923,Eptesicus serotinus,0.007,0.025,-1,Echolocation,/mnt/ubna_data_02_mir/recover-20221013/UBNA_001/20221012_030000.WAV,Telephone Field,recover-20221013,001,1795
964.7975,964.8057,46093,51422,Pipistrellus pipistrellus,0.019,0.021,-1,Echolocation,/mnt/ubna_data_02_mir/recover-20221013/UBNA_001/20221012_030000.WAV,Telephone Field,recover-20221013,001,1795
964.8205,964.83,24609,31602,Eptesicus serotinus,0.009,0.022,-1,Echolocation,/mnt/ubna_data_02_mir/recover-20221013/UBNA_001/20221012_030000.WAV,Telephone Field,recover-20221013,001,1795
964.8435,964.8799,68437,81145,Rhinolophus ferrumequinum,0.022,0.022,-1,Echolocation,/mnt/ubna_data_02_mir/recover-20221013/UBNA_001/20221012_030000.WAV,Telephone Field,recover-20221013,001,1795
964.8755,964.8838,28046,37981,Eptesicus serotinus,0.008,0.025,-1,Echolocation,/mnt/ubna_data_02_mir/recover-20221013/UBNA_001/20221012_030000.WAV,Telephone Field,recover-20221013,001,1795
964.8835,964.8908,23750,31915,Plecotus austriacus,0.01,0.027,-1,Echolocation,/mnt/ubna_data_02_mir/recover-20221013/UBNA_001/20221012_030000.WAV,Telephone Field,recover-20221013,001,1795
964.9005,964.9413,68437,81777,Rhinolophus ferrumequinum,0.021,0.021,-1,Echolocation,/mnt/ubna_data_02_mir/recover-20221013/UBNA_001/20221012_030000.WAV,Telephone Field,recover-20221013,001,1795
964.9055,964.9454,68437,82125,Rhinolophus ferrumequinum,0.021,0.021,-1,Echolocation,/mnt/ubna_data_02_mir/recover-20221013/UBNA_001/20221012_030000.WAV,Telephone Field,recover-20221013,001,1795
964.9325,964.9729,68437,82479,Rhinolophus ferrumequinum,0.022,0.022,-1,Echolocation,/mnt/ubna_data_02_mir/recover-20221013/UBNA_001/20221012_030000.WAV,Telephone Field,recover-20221013,001,1795
964.9335,964.9432,24609,31484,Nyctalus leisleri,0.008,0.022,-1,Echolocation,/mnt/ubna_data_02_mir/recover-20221013/UBNA_001/20221012_030000.WAV,Telephone Field,recover-20221013,001,1795
964.9465,964.9857,68437,81939,Rhinolophus ferrumequinum,0.023,0.023,-1,Echolocation,/mnt/ubna_data_02_mir/recover-20221013/UBNA_001/20221012_030000.WAV,Telephone Field,recover-20221013,001,1795
964.9645,964.9751,22031,25975,Nyctalus leisleri,0.012,0.021,-1,Echolocation,/mnt/ubna_data_02_mir/recover-20221013/UBNA_001/20221012_030000.WAV,Telephone Field,recover-20221013,001,1795
964.9815,964.9897,27187,36713,Eptesicus serotinus,0.008,0.022,-1,Echolocation,/mnt/ubna_data_02_mir/recover-20221013/UBNA_001/20221012_030000.WAV,Telephone Field,recover-20221013,001,1795
964.9985,965.0335,68437,81358,Rhinolophus ferrumequinum,0.021,0.021,-1,Echolocation,/mnt/ubna_data_02_mir/recover-20221013/UBNA_001/20221012_030000.WAV,Telephone Field,recover-20221013,001,1795
965.0385,965.0485,29765,38108,Eptesicus serotinus,0.01,0.026,-1,Echolocation,/mnt/ubna_data_02_mir/recover-20221013/UBNA_001/20221012_030000.WAV,Telephone Field,recover-20221013,001,1795
965.0635,965.1031,68437,82258,Rhinolophus ferrumequinum,0.021,0.021,-1,Echolocation,/mnt/ubna_data_02_mir/recover-20221013/UBNA_001/20221012_030000.WAV,Telephone Field,recover-20221013,001,1795
965.1465,965.1866,68437,82435,Rhinolophus ferrumequinum,0.025,0.025,-1,Echolocation,/mnt/ubna_data_02_mir/recover-20221013/UBNA_001/20221012_030000.WAV,Telephone Field,recover-20221013,001,1795
965.2395,965.2817,68437,82416,Rhinolophus ferrumequinum,0.024,0.024,-1,Echolocation,/mnt/ubna_data_02_mir/recover-20221013/UBNA_001/20221012_030000.WAV,Telephone Field,recover-20221013,001,1795
965.2985,965.3373,68437,82512,Rhinolophus ferrumequinum,0.038,0.038,-1,Echolocation,/mnt/ubna_data_02_mir/recover-20221013/UBNA_001/20221012_030000.WAV,Telephone Field,recover-20221013,001,1795
965.3015,965.3119,28906,36775,Eptesicus serotinus,0.012,0.027,-1,Echolocation,/mnt/ubna_data_02_mir/recover-20221013/UBNA_001/20221012_030000.WAV,Telephone Field,recover-20221013,001,1795
965.3545,965.3917,68437,81615,Rhinolophus ferrumequinum,0.025,0.025,-1,Echolocation,/mnt/ubna_data_02_mir/recover-20221013/UBNA_001/20221012_030000.WAV,Telephone Field,recover-20221013,001,1795
965.3795,965.3887,48671,52180,Pipistrellus pipistrellus,0.048,0.051,-1,Echolocation,/mnt/ubna_data_02_mir/recover-20221013/UBNA_001/20221012_030000.WAV,Telephone Field,recover-20221013,001,1795
965.3895,965.3999,22890,28485,Nyctalus leisleri,0.01,0.022,-1,Echolocation,/mnt/ubna_data_02_mir/recover-20221013/UBNA_001/20221012_030000.WAV,Telephone Field,recover-20221013,001,1795
965.4445,965.4834,68437,82451,Rhinolophus ferrumequinum,0.021,0.021,-1,Echolocation,/mnt/ubna_data_02_mir/recover-20221013/UBNA_001/20221012_030000.WAV,Telephone Field,recover-20221013,001,1795
965.4545,965.4644,22031,27502,Nyctalus leisleri,0.008,0.022,-1,Echolocation,/mnt/ubna_data_02_mir/recover-20221013/UBNA_001/20221012_030000.WAV,Telephone Field,recover-20221013,001,1795
965.5235,965.5628,68437,81991,Rhinolophus ferrumequinum,0.029,0.029,-1,Echolocation,/mnt/ubna_data_02_mir/recover-20221013/UBNA_001/20221012_030000.WAV,Telephone Field,recover-20221013,001,1795
965.5345,965.5538,18593,22218,Nyctalus noctula,0.014,0.024,-1,Echolocation,/mnt/ubna_data_02_mir/recover-20221013/UBNA_001/20221012_030000.WAV,Telephone Field,recover-20221013,001,1795
965.5355,965.5425,28906,40455,Eptesicus serotinus,0.007,0.023,-1,Echolocation,/mnt/ubna_data_02_mir/recover-20221013/UBNA_001/20221012_030000.WAV,Telephone Field,recover-20221013,001,1795
965.5935,965.6025,28906,38227,Eptesicus serotinus,0.011,0.028,-1,Echolocation,/mnt/ubna_data_02_mir/recover-20221013/UBNA_001/20221012_030000.WAV,Telephone Field,recover-20221013,001,1795
965.5935,965.6316,68437,82117,Rhinolophus ferrumequinum,0.022,0.022,-1,Echolocation,/mnt/ubna_data_02_mir/recover-20221013/UBNA_001/20221012_030000.WAV,Telephone Field,recover-20221013,001,1795
965.6085,965.6187,26328,33379,Eptesicus serotinus,0.009,0.021,-1,Echolocation,/mnt/ubna_data_02_mir/recover-20221013/UBNA_001/20221012_030000.WAV,Telephone Field,recover-20221013,001,1795
965.6405,965.677,68437,81391,Rhinolophus ferrumequinum,0.023,0.023,-1,Echolocation,/mnt/ubna_data_02_mir/recover-20221013/UBNA_001/20221012_030000.WAV,Telephone Field,recover-20221013,001,1795
965.6455,965.6557,44375,47426,Pipistrellus pipistrellus,0.026,0.027,-1,Echolocation,/mnt/ubna_data_02_mir/recover-20221013/UBNA_001/20221012_030000.WAV,Telephone Field,recover-20221013,001,1795
965.6455,965.684,68437,82138,Rhinolophus ferrumequinum,0.022,0.022,-1,Echolocation,/mnt/ubna_data_02_mir/recover-20221013/UBNA_001/20221012_030000.WAV,Telephone Field,recover-20221013,001,1795
965.6505,965.6588,28046,38170,Eptesicus serotinus,0.009,0.023,-1,Echolocation,/mnt/ubna_data_02_mir/recover-20221013/UBNA_001/20221012_030000.WAV,Telephone Field,recover-20221013,001,1795
965.6705,965.6797,24609,31528,Nyctalus leisleri,0.008,0.023,-1,Echolocation,/mnt/ubna_data_02_mir/recover-20221013/UBNA_001/20221012_030000.WAV,Telephone Field,recover-20221013,001,1795
965.7055,965.7422,68437,82444,Rhinolophus ferrumequinum,0.022,0.022,-1,Echolocation,/mnt/ubna_data_02_mir/recover-20221013/UBNA_001/20221012_030000.WAV,Telephone Field,recover-20221013,001,1795
965.7155,965.7245,28906,37509,Eptesicus serotinus,0.01,0.024,-1,Echolocation,/mnt/ubna_data_02_mir/recover-20221013/UBNA_001/20221012_030000.WAV,Telephone Field,recover-20221013,001,1795
965.7205,965.7596,68437,82428,Rhinolophus ferrumequinum,0.021,0.021,-1,Echolocation,/mnt/ubna_data_02_mir/recover-20221013/UBNA_001/20221012_030000.WAV,Telephone Field,recover-20221013,001,1795
965.7515,965.7917,68437,82659,Rhinolophus ferrumequinum,0.028,0.028,-1,Echolocation,/mnt/ubna_data_02_mir/recover-20221013/UBNA_001/20221012_030000.WAV,Telephone Field,recover-20221013,001,1795
965.8195,965.828,28906,37359,Eptesicus serotinus,0.008,0.021,-1,Echolocation,/mnt/ubna_data_02_mir/recover-20221013/UBNA_001/20221012_030000.WAV,Telephone Field,recover-20221013,001,1795
965.8305,965.8722,68437,82524,Rhinolophus ferrumequinum,0.023,0.023,-1,Echolocation,/mnt/ubna_data_02_mir/recover-20221013/UBNA_001/20221012_030000.WAV,Telephone Field,recover-20221013,001,1795
965.8465,965.8865,68437,82153,Rhinolophus ferrumequinum,0.023,0.023,-1,Echolocation,/mnt/ubna_data_02_mir/recover-20221013/UBNA_001/20221012_030000.WAV,Telephone Field,recover-20221013,001,1795
965.8545,965.8639,26328,35741,Eptesicus serotinus,0.009,0.022,-1,Echolocation,/mnt/ubna_data_02_mir/recover-20221013/UBNA_001/20221012_030000.WAV,Telephone Field,recover-20221013,001,1795
965.9555,965.9942,68437,81831,Rhinolophus ferrumequinum,0.022,0.022,-1,Echolocation,/mnt/ubna_data_02_mir/recover-20221013/UBNA_001/20221012_030000.WAV,Telephone Field,recover-20221013,001,1795
966.0015,966.0337,69296,81995,Rhinolophus ferrumequinum,0.031,0.031,-1,Echolocation,/mnt/ubna_data_02_mir/recover-20221013/UBNA_001/20221012_030000.WAV,Telephone Field,recover-20221013,001,1795
966.0015,966.0097,27187,38581,Eptesicus serotinus,0.008,0.031,-1,Echolocation,/mnt/ubna_data_02_mir/recover-20221013/UBNA_001/20221012_030000.WAV,Telephone Field,recover-20221013,001,1795
966.0015,966.0069,49531,56699,Pipistrellus pipistrellus,0.017,0.022,-1,Echolocation,/mnt/ubna_data_02_mir/recover-20221013/UBNA_001/20221012_030000.WAV,Telephone Field,recover-20221013,001,1795
966.0355,966.0472,22031,25952,Nyctalus leisleri,0.012,0.021,-1,Echolocation,/mnt/ubna_data_02_mir/recover-20221013/UBNA_001/20221012_030000.WAV,Telephone Field,recover-20221013,001,1795
966.0705,966.1082,68437,81910,Rhinolophus ferrumequinum,0.024,0.024,-1,Echolocation,/mnt/ubna_data_02_mir/recover-20221013/UBNA_001/20221012_030000.WAV,Telephone Field,recover-20221013,001,1795
966.0805,966.0876,28046,45121,Eptesicus serotinus,0.007,0.023,-1,Echolocation,/mnt/ubna_data_02_mir/recover-20221013/UBNA_001/20221012_030000.WAV,Telephone Field,recover-20221013,001,1795
966.0975,966.1072,22890,28984,Nyctalus leisleri,0.008,0.022,-1,Echolocation,/mnt/ubna_data_02_mir/recover-20221013/UBNA_001/20221012_030000.WAV,Telephone Field,recover-20221013,001,1795
966.1235,966.1641,68437,82795,Rhinolophus ferrumequinum,0.025,0.025,-1,Echolocation,/mnt/ubna_data_02_mir/recover-20221013/UBNA_001/20221012_030000.WAV,Telephone Field,recover-20221013,001,1795
966.1495,966.1874,68437,81760,Rhinolophus ferrumequinum,0.022,0.022,-1,Echolocation,/mnt/ubna_data_02_mir/recover-20221013/UBNA_001/20221012_030000.WAV,Telephone Field,recover-20221013,001,1795
966.1565,966.1962,68437,82102,Rhinolophus ferrumequinum,0.023,0.023,-1,Echolocation,/mnt/ubna_data_02_mir/recover-20221013/UBNA_001/20221012_030000.WAV,Telephone Field,recover-20221013,001,1795
966.1995,966.2091,22890,28635,Nyctalus leisleri,0.008,0.021,-1,Echolocation,/mnt/ubna_data_02_mir/recover-20221013/UBNA_001/20221012_030000.WAV,Telephone Field,recover-20221013,001,1795
966.2105,966.2492,68437,82463,Rhinolophus ferrumequinum,0.022,0.022,-1,Echolocation,/mnt/ubna_data_02_mir/recover-20221013/UBNA_001/20221012_030000.WAV,Telephone Field,recover-20221013,001,1795
966.2395,966.2791,68437,82212,Rhinolophus ferrumequinum,0.025,0.025,-1,Echolocation,/mnt/ubna_data_02_mir/recover-20221013/UBNA_001/20221012_030000.WAV,Telephone Field,recover-20221013,001,1795
966.2595,966.2982,68437,82005,Rhinolophus ferrumequinum,0.022,0.022,-1,Echolocation,/mnt/ubna_data_02_mir/recover-20221013/UBNA_001/20221012_030000.WAV,Telephone Field,recover-20221013,001,1795
966.3005,966.3075,28046,39667,Eptesicus serotinus,0.007,0.028,-1,Echolocation,/mnt/ubna_data_02_mir/recover-20221013/UBNA_001/20221012_030000.WAV,Telephone Field,recover-20221013,001,1795
966.3035,966.342,68437,82846,Rhinolophus ferrumequinum,0.022,0.022,-1,Echolocation,/mnt/ubna_data_02_mir/recover-20221013/UBNA_001/20221012_030000.WAV,Telephone Field,recover-20221013,001,1795
966.3475,966.3561,28046,38999,Eptesicus serotinus,0.007,0.021,-1,Echolocation,/mnt/ubna_data_02_mir/recover-20221013/UBNA_001/20221012_030000.WAV,Telephone Field,recover-20221013,001,1795
966.3775,966.4162,68437,82452,Rhinolophus ferrumequinum,0.021,0.021,-1,Echolocation,/mnt/ubna_data_02_mir/recover-20221013/UBNA_001/20221012_030000.WAV,Telephone Field,recover-20221013,001,1795
966.3975,966.4055,27187,43845,Eptesicus serotinus,0.007,0.021,-1,Echolocation,/mnt/ubna_data_02_mir/recover-20221013/UBNA_001/20221012_030000.WAV,Telephone Field,recover-20221013,001,1795
966.4135,966.4544,68437,82942,Rhinolophus ferrumequinum,0.03,0.03,-1,Echolocation,/mnt/ubna_data_02_mir/recover-20221013/UBNA_001/20221012_030000.WAV,Telephone Field,recover-20221013,001,1795
966.4655,966.5053,68437,82729,Rhinolophus ferrumequinum,0.023,0.023,-1,Echolocation,/mnt/ubna_data_02_mir/recover-20221013/UBNA_001/20221012_030000.WAV,Telephone Field,recover-20221013,001,1795
966.4835,966.4939,24609,31674,Nyctalus leisleri,0.008,0.024,-1,Echolocation,/mnt/ubna_data_02_mir/recover-20221013/UBNA_001/20221012_030000.WAV,Telephone Field,recover-20221013,001,1795
966.4855,966.5247,68437,82252,Rhinolophus ferrumequinum,0.022,0.022,-1,Echolocation,/mnt/ubna_data_02_mir/recover-20221013/UBNA_001/20221012_030000.WAV,Telephone Field,recover-20221013,001,1795
966.4925,966.5277,68437,81874,Rhinolophus ferrumequinum,0.022,0.022,-1,Echolocation,/mnt/ubna_data_02_mir/recover-20221013/UBNA_001/20221012_030000.WAV,Telephone Field,recover-20221013,001,1795
966.5085,966.52,24609,29642,Nyctalus leisleri,0.014,0.028,-1,Echolocation,/mnt/ubna_data_02_mir/recover-20221013/UBNA_001/20221012_030000.WAV,Telephone Field,recover-20221013,001,1795
966.5115,966.5514,68437,82531,Rhinolophus ferrumequinum,0.026,0.026,-1,Echolocation,/mnt/ubna_data_02_mir/recover-20221013/UBNA_001/20221012_030000.WAV,Telephone Field,recover-20221013,001,1795
966.5345,966.574,68437,82310,Rhinolophus ferrumequinum,0.021,0.021,-1,Echolocation,/mnt/ubna_data_02_mir/recover-20221013/UBNA_001/20221012_030000.WAV,Telephone Field,recover-20221013,001,1795
966.5515,966.5587,25468,37831,Eptesicus serotinus,0.005,0.022,-1,Echolocation,/mnt/ubna_data_02_mir/recover-20221013/UBNA_001/20221012_030000.WAV,Telephone Field,recover-20221013,001,1795
966.5665,966.5761,27187,35401,Eptesicus serotinus,0.009,0.023,-1,Echolocation,/mnt/ubna_data_02_mir/recover-20221013/UBNA_001/20221012_030000.WAV,Telephone Field,recover-20221013,001,1795
966.5745,966.5825,47812,55831,Pipistrellus pipistrellus,0.02,0.022,-1,Echolocation,/mnt/ubna_data_02_mir/recover-20221013/UBNA_001/20221012_030000.WAV,Telephone Field,recover-20221013,001,1795
966.5885,966.6059,18593,23251,Nyctalus noctula,0.02,0.034,-1,Echolocation,/mnt/ubna_data_02_mir/recover-20221013/UBNA_001/20221012_030000.WAV,Telephone Field,recover-20221013,001,1795
966.5905,966.6322,68437,82855,Rhinolophus ferrumequinum,0.03,0.03,-1,Echolocation,/mnt/ubna_data_02_mir/recover-20221013/UBNA_001/20221012_030000.WAV,Telephone Field,recover-20221013,001,1795
966.6235,966.6388,22031,26198,Nyctalus leisleri,0.012,0.022,-1,Echolocation,/mnt/ubna_data_02_mir/recover-20221013/UBNA_001/20221012_030000.WAV,Telephone Field,recover-20221013,001,1795
966.6355,966.6422,27187,38347,Eptesicus serotinus,0.01,0.039,-1,Echolocation,/mnt/ubna_data_02_mir/recover-20221013/UBNA_001/20221012_030000.WAV,Telephone Field,recover-20221013,001,1795
966.6535,966.6586,51250,56585,Pipistrellus pipistrellus,0.02,0.021,-1,Echolocation,/mnt/ubna_data_02_mir/recover-20221013/UBNA_001/20221012_030000.WAV,Telephone Field,recover-20221013,001,1795
966.6565,966.694,68437,82456,Rhinolophus ferrumequinum,0.024,0.024,-1,Echolocation,/mnt/ubna_data_02_mir/recover-20221013/UBNA_001/20221012_030000.WAV,Telephone Field,recover-20221013,001,1795
966.6825,966.721,68437,82474,Rhinolophus ferrumequinum,0.024,0.024,-1,Echolocation,/mnt/ubna_data_02_mir/recover-20221013/UBNA_001/20221012_030000.WAV,Telephone Field,recover-20221013,001,1795
966.7375,966.7731,68437,81659,Rhinolophus ferrumequinum,0.023,0.023,-1,Echolocation,/mnt/ubna_data_02_mir/recover-20221013/UBNA_001/20221012_030000.WAV,Telephone Field,recover-20221013,001,1795
966.7595,966.7695,27187,35840,Eptesicus serotinus,0.009,0.021,-1,Echolocation,/mnt/ubna_data_02_mir/recover-20221013/UBNA_001/20221012_030000.WAV,Telephone Field,recover-20221013,001,1795
966.7835,966.7931,29765,39551,Myotis daubentonii,0.01,0.026,-1,Echolocation,/mnt/ubna_data_02_mir/recover-20221013/UBNA_001/20221012_030000.WAV,Telephone Field,recover-20221013,001,1795
966.8035,966.8439,68437,82617,Rhinolophus ferrumequinum,0.027,0.027,-1,Echolocation,/mnt/ubna_data_02_mir/recover-20221013/UBNA_001/20221012_030000.WAV,Telephone Field,recover-20221013,001,1795
966.8285,966.837,24609,32632,Nyctalus leisleri,0.006,0.021,-1,Echolocation,/mnt/ubna_data_02_mir/recover-20221013/UBNA_001/20221012_030000.WAV,Telephone Field,recover-20221013,001,1795
966.8485,966.8869,68437,81810,Rhinolophus ferrumequinum,0.021,0.021,-1,Echolocation,/mnt/ubna_data_02_mir/recover-20221013/UBNA_001/20221012_030000.WAV,Telephone Field,recover-20221013,001,1795
966.8585,966.8957,68437,81825,Rhinolophus ferrumequinum,0.022,0.022,-1,Echolocation,/mnt/ubna_data_02_mir/recover-20221013/UBNA_001/20221012_030000.WAV,Telephone Field,recover-20221013,001,1795
966.8845,966.927,68437,82869,Rhinolophus ferrumequinum,0.038,0.038,-1,Echolocation,/mnt/ubna_data_02_mir/recover-20221013/UBNA_001/20221012_030000.WAV,Telephone Field,recover-20221013,001,1795
966.9095,966.9468,68437,82108,Rhinolophus ferrumequinum,0.026,0.026,-1,Echolocation,/mnt/ubna_data_02_mir/recover-20221013/UBNA_001/20221012_030000.WAV,Telephone Field,recover-20221013,001,1795
966.9285,966.9376,25468,33479,Eptesicus serotinus,0.01,0.028,-1,Echolocation,/mnt/ubna_data_02_mir/recover-20221013/UBNA_001/20221012_030000.WAV,Telephone Field,recover-20221013,001,1795
966.9415,966.9772,68437,81200,Rhinolophus ferrumequinum,0.021,0.021,-1,Echolocation,/mnt/ubna_data_02_mir/recover-20221013/UBNA_001/20221012_030000.WAV,Telephone Field,recover-20221013,001,1795
966.9555,966.9938,68437,82059,Rhinolophus ferrumequinum,0.024,0.024,-1,Echolocation,/mnt/ubna_data_02_mir/recover-20221013/UBNA_001/20221012_030000.WAV,Telephone Field,recover-20221013,001,1795
966.9745,966.9811,24609,34916,Plecotus austriacus,0.012,0.028,-1,Echolocation,/mnt/ubna_data_02_mir/recover-20221013/UBNA_001/20221012_030000.WAV,Telephone Field,recover-20221013,001,1795
967.0025,967.0391,68437,82010,Rhinolophus ferrumequinum,0.022,0.022,-1,Echolocation,/mnt/ubna_data_02_mir/recover-20221013/UBNA_001/20221012_030000.WAV,Telephone Field,recover-20221013,001,1795
967.0135,967.0525,68437,82542,Rhinolophus ferrumequinum,0.026,0.026,-1,Echolocation,/mnt/ubna_data_02_mir/recover-20221013/UBNA_001/20221012_030000.WAV,Telephone Field,recover-20221013,001,1795
967.0155,967.0226,28046,40678,Eptesicus serotinus,0.012,0.047,-1,Echolocation,/mnt/ubna_data_02_mir/recover-20221013/UBNA_001/20221012_030000.WAV,Telephone Field,recover-20221013,001,1795
967.0365,967.0739,68437,82032,Rhinolophus ferrumequinum,0.022,0.022,-1,Echolocation,/mnt/ubna_data_02_mir/recover-20221013/UBNA_001/20221012_030000.WAV,Telephone Field,recover-20221013,001,1795
967.0375,967.0459,50390,54484,Pipistrellus pipistrellus,0.023,0.027,-1,Echolocation,/mnt/ubna_data_02_mir/recover-20221013/UBNA_001/20221012_030000.WAV,Telephone Field,recover-20221013,001,1795
967.0395,967.0486,28046,36606,Eptesicus serotinus,0.008,0.022,-1,Echolocation,/mnt/ubna_data_02_mir/recover-20221013/UBNA_001/20221012_030000.WAV,Telephone Field,recover-20221013,001,1795
967.0625,967.1042,68437,83446,Rhinolophus ferrumequinum,0.028,0.028,-1,Echolocation,/mnt/ubna_data_02_mir/recover-20221013/UBNA_001/20221012_030000.WAV,Telephone Field,recover-20221013,001,1795
967.0945,967.1375,68437,82661,Rhinolophus ferrumequinum,0.04,0.04,-1,Echolocation,/mnt/ubna_data_02_mir/recover-20221013/UBNA_001/20221012_030000.WAV,Telephone Field,recover-20221013,001,1795
967.1275,967.1376,23750,31466,Nyctalus leisleri,0.007,0.021,-1,Echolocation,/mnt/ubna_data_02_mir/recover-20221013/UBNA_001/20221012_030000.WAV,Telephone Field,recover-20221013,001,1795
967.1285,967.1686,68437,82162,Rhinolophus ferrumequinum,0.024,0.024,-1,Echolocation,/mnt/ubna_data_02_mir/recover-20221013/UBNA_001/20221012_030000.WAV,Telephone Field,recover-20221013,001,1795
967.1405,967.1775,68437,81747,Rhinolophus ferrumequinum,0.021,0.021,-1,Echolocation,/mnt/ubna_data_02_mir/recover-20221013/UBNA_001/20221012_030000.WAV,Telephone Field,recover-20221013,001,1795
967.1625,967.1981,68437,81293,Rhinolophus ferrumequinum,0.021,0.022,-1,Echolocation,/mnt/ubna_data_02_mir/recover-20221013/UBNA_001/20221012_030000.WAV,Telephone Field,recover-20221013,001,1795
967.1855,967.2267,68437,83014,Rhinolophus ferrumequinum,0.027,0.027,-1,Echolocation,/mnt/ubna_data_02_mir/recover-20221013/UBNA_001/20221012_030000.WAV,Telephone Field,recover-20221013,001,1795
967.2035,967.2147,23750,29020,Nyctalus leisleri,0.009,0.022,-1,Echolocation,/mnt/ubna_data_02_mir/recover-20221013/UBNA_001/20221012_030000.WAV,Telephone Field,recover-20221013,001,1795
967.2525,967.2614,28046,39339,Eptesicus serotinus,0.007,0.021,-1,Echolocation,/mnt/ubna_data_02_mir/recover-20221013/UBNA_001/20221012_030000.WAV,Telephone Field,recover-20221013,001,1795
967.2635,967.2735,28046,34875,Eptesicus serotinus,0.008,0.022,-1,Echolocation,/mnt/ubna_data_02_mir/recover-20221013/UBNA_001/20221012_030000.WAV,Telephone Field,recover-20221013,001,1795
967.3095,967.3488,68437,82400,Rhinolophus ferrumequinum,0.022,0.022,-1,Echolocation,/mnt/ubna_data_02_mir/recover-20221013/UBNA_001/20221012_030000.WAV,Telephone Field,recover-20221013,001,1795
967.3535,967.3902,68437,81953,Rhinolophus ferrumequinum,0.021,0.021,-1,Echolocation,/mnt/ubna_data_02_mir/recover-20221013/UBNA_001/20221012_030000.WAV,Telephone Field,recover-20221013,001,1795
967.3765,967.4146,68437,82331,Rhinolophus ferrumequinum,0.021,0.021,-1,Echolocation,/mnt/ubna_data_02_mir/recover-20221013/UBNA_001/20221012_030000.WAV,Telephone Field,recover-20221013,001,1795
967.3815,967.4196,68437,82469,Rhinolophus ferrumequinum,0.02,0.02,-1,Echolocation,/mnt/ubna_data_02_mir/recover-20221013/UBNA_001/20221012_030000.WAV,Telephone Field,recover-20221013,001,1795
967.3995,967.4071,26328,37059,Eptesicus serotinus,0.007,0.022,-1,Echolocation,/mnt/ubna_data_02_mir/recover-20221013/UBNA_001/20221012_030000.WAV,Telephone Field,recover-20221013,001,1795
967.4175,967.4259,28046,37239,Eptesicus serotinus,0.008,0.023,-1,Echolocation,/mnt/ubna_data_02_mir/recover-20221013/UBNA_001/20221012_030000.WAV,Telephone Field,recover-20221013,001,1795
967.4225,967.4631,68437,82103,Rhinolophus ferrumequinum,0.024,0.024,-1,Echolocation,/mnt/ubna_data_02_mir/recover-20221013/UBNA_001/20221012_030000.WAV,Telephone Field,recover-20221013,001,1795
967.4615,967.4987,68437,81668,Rhinolophus ferrumequinum,0.024,0.024,-1,Echolocation,/mnt/ubna_data_02_mir/recover-20221013/UBNA_001/20221012_030000.WAV,Telephone Field,recover-20221013,001,1795
967.4885,967.499,27187,35602,Eptesicus serotinus,0.013,0.027,-1,Echolocation,/mnt/ubna_data_02_mir/recover-20221013/UBNA_001/20221012_030000.WAV,Telephone Field,recover-20221013,001,1795
967.4965,967.5354,68437,82458,Rhinolophus ferrumequinum,0.024,0.024,-1,Echolocation,/mnt/ubna_data_02_mir/recover-20221013/UBNA_001/20221012_030000.WAV,Telephone Field,recover-20221013,001,1795
967.5135,967.5219,25468,35411,Eptesicus serotinus,0.007,0.021,-1,Echolocation,/mnt/ubna_data_02_mir/recover-20221013/UBNA_001/20221012_030000.WAV,Telephone Field,recover-20221013,001,1795
967.5645,967.606,68437,83121,Rhinolophus ferrumequinum,0.023,0.023,-1,Echolocation,/mnt/ubna_data_02_mir/recover-20221013/UBNA_001/20221012_030000.WAV,Telephone Field,recover-20221013,001,1795
967.5675,967.5746,27187,42265,Eptesicus serotinus,0.007,0.023,-1,Echolocation,/mnt/ubna_data_02_mir/recover-20221013/UBNA_001/20221012_030000.WAV,Telephone Field,recover-20221013,001,1795
967.5915,967.598,25468,38869,Myotis nattereri,0.005,0.024,-1,Echolocation,/mnt/ubna_data_02_mir/recover-20221013/UBNA_001/20221012_030000.WAV,Telephone Field,recover-20221013,001,1795
967.5965,967.636,68437,82294,Rhinolophus ferrumequinum,0.028,0.028,-1,Echolocation,/mnt/ubna_data_02_mir/recover-20221013/UBNA_001/20221012_030000.WAV,Telephone Field,recover-20221013,001,1795
967.6245,967.6637,68437,82135,Rhinolophus ferrumequinum,0.033,0.033,-1,Echolocation,/mnt/ubna_data_02_mir/recover-20221013/UBNA_001/20221012_030000.WAV,Telephone Field,recover-20221013,001,1795
967.6635,967.7026,68437,82332,Rhinolophus ferrumequinum,0.023,0.023,-1,Echolocation,/mnt/ubna_data_02_mir/recover-20221013/UBNA_001/20221012_030000.WAV,Telephone Field,recover-20221013,001,1795
967.6805,967.6875,26328,39991,Eptesicus serotinus,0.006,0.022,-1,Echolocation,/mnt/ubna_data_02_mir/recover-20221013/UBNA_001/20221012_030000.WAV,Telephone Field,recover-20221013,001,1795
967.6905,967.7281,68437,82094,Rhinolophus ferrumequinum,0.021,0.021,-1,Echolocation,/mnt/ubna_data_02_mir/recover-20221013/UBNA_001/20221012_030000.WAV,Telephone Field,recover-20221013,001,1795
967.7235,967.7314,28046,38075,Eptesicus serotinus,0.007,0.021,-1,Echolocation,/mnt/ubna_data_02_mir/recover-20221013/UBNA_001/20221012_030000.WAV,Telephone Field,recover-20221013,001,1795
967.7335,967.7734,68437,81986,Rhinolophus ferrumequinum,0.021,0.021,-1,Echolocation,/mnt/ubna_data_02_mir/recover-20221013/UBNA_001/20221012_030000.WAV,Telephone Field,recover-20221013,001,1795
967.7665,967.8047,68437,82723,Rhinolophus ferrumequinum,0.02,0.021,-1,Echolocation,/mnt/ubna_data_02_mir/recover-20221013/UBNA_001/20221012_030000.WAV,Telephone Field,recover-20221013,001,1795
967.7745,967.8161,68437,82592,Rhinolophus ferrumequinum,0.022,0.022,-1,Echolocation,/mnt/ubna_data_02_mir/recover-20221013/UBNA_001/20221012_030000.WAV,Telephone Field,recover-20221013,001,1795
967.7795,967.8212,68437,83176,Rhinolophus ferrumequinum,0.022,0.022,-1,Echolocation,/mnt/ubna_data_02_mir/recover-20221013/UBNA_001/20221012_030000.WAV,Telephone Field,recover-20221013,001,1795
967.7965,967.8035,26328,37367,Eptesicus serotinus,0.005,0.021,-1,Echolocation,/mnt/ubna_data_02_mir/recover-20221013/UBNA_001/20221012_030000.WAV,Telephone Field,recover-20221013,001,1795
967.7965,967.8329,68437,81914,Rhinolophus ferrumequinum,0.021,0.021,-1,Echolocation,/mnt/ubna_data_02_mir/recover-20221013/UBNA_001/20221012_030000.WAV,Telephone Field,recover-20221013,001,1795
967.7965,967.8196,18593,21566,Nyctalus noctula,0.01,0.021,-1,Echolocation,/mnt/ubna_data_02_mir/recover-20221013/UBNA_001/20221012_030000.WAV,Telephone Field,recover-20221013,001,1795
967.8085,967.8262,20312,23587,Nyctalus leisleri,0.017,0.033,-1,Echolocation,/mnt/ubna_data_02_mir/recover-20221013/UBNA_001/20221012_030000.WAV,Telephone Field,recover-20221013,001,1795
967.8165,967.8235,46093,50333,Pipistrellus pipistrellus,0.034,0.035,-1,Echolocation,/mnt/ubna_data_02_mir/recover-20221013/UBNA_001/20221012_030000.WAV,Telephone Field,recover-20221013,001,1795
967.8515,967.8905,68437,82096,Rhinolophus ferrumequinum,0.021,0.021,-1,Echolocation,/mnt/ubna_data_02_mir/recover-20221013/UBNA_001/20221012_030000.WAV,Telephone Field,recover-20221013,001,1795
967.8535,967.8613,26328,36881,Eptesicus serotinus,0.006,0.02,-1,Echolocation,/mnt/ubna_data_02_mir/recover-20221013/UBNA_001/20221012_030000.WAV,Telephone Field,recover-20221013,001,1795
967.8765,967.9128,68437,81580,Rhinolophus ferrumequinum,0.021,0.021,-1,Echolocation,/mnt/ubna_data_02_mir/recover-20221013/UBNA_001/20221012_030000.WAV,Telephone Field,recover-20221013,001,1795
967.8975,967.9342,68437,82446,Rhinolophus ferrumequinum,0.023,0.023,-1,Echolocation,/mnt/ubna_data_02_mir/recover-20221013/UBNA_001/20221012_030000.WAV,Telephone Field,recover-20221013,001,1795
967.9105,967.9207,23750,29470,Nyctalus leisleri,0.009,0.022,-1,Echolocation,/mnt/ubna_data_02_mir/recover-20221013/UBNA_001/20221012_030000.WAV,Telephone Field,recover-20221013,001,1795
967.9365,967.9438,25468,37791,Plecotus austriacus,0.008,0.033,-1,Echolocation,/mnt/ubna_data_02_mir/recover-20221013/UBNA_001/20221012_030000.WAV,Telephone Field,recover-20221013,001,1795
967.9475,967.9575,25468,32860,Eptesicus serotinus,0.009,0.026,-1,Echolocation,/mnt/ubna_data_02_mir/recover-20221013/UBNA_001/20221012_030000.WAV,Telephone Field,recover-20221013,001,1795
967.9515,967.9888,68437,82102,Rhinolophus ferrumequinum,0.021,0.021,-1,Echolocation,/mnt/ubna_data_02_mir/recover-20221013/UBNA_001/20221012_030000.WAV,Telephone Field,recover-20221013,001,1795
967.9805,967.9909,28906,38410,Eptesicus serotinus,0.008,0.021,-1,Echolocation,/mnt/ubna_data_02_mir/recover-20221013/UBNA_001/20221012_030000.WAV,Telephone Field,recover-20221013,001,1795
968.0015,968.0096,23750,30255,Nyctalus leisleri,0.011,0.031,-1,Echolocation,/mnt/ubna_data_02_mir/recover-20221013/UBNA_001/20221012_030000.WAV,Telephone Field,recover-20221013,001,1795
968.0015,968.0357,68437,80909,Rhinolophus ferrumequinum,0.044,0.044,-1,Echolocation,/mnt/ubna_data_02_mir/recover-20221013/UBNA_001/20221012_030000.WAV,Telephone Field,recover-20221013,001,1795
968.0105,968.0507,68437,81982,Rhinolophus ferrumequinum,0.022,0.022,-1,Echolocation,/mnt/ubna_data_02_mir/recover-20221013/UBNA_001/20221012_030000.WAV,Telephone Field,recover-20221013,001,1795
968.0285,968.0667,68437,82515,Rhinolophus ferrumequinum,0.024,0.024,-1,Echolocation,/mnt/ubna_data_02_mir/recover-20221013/UBNA_001/20221012_030000.WAV,Telephone Field,recover-20221013,001,1795
968.0295,968.0389,28906,36503,Eptesicus serotinus,0.015,0.033,-1,Echolocation,/mnt/ubna_data_02_mir/recover-20221013/UBNA_001/20221012_030000.WAV,Telephone Field,recover-20221013,001,1795
968.1045,968.1404,68437,81710,Rhinolophus ferrumequinum,0.036,0.036,-1,Echolocation,/mnt/ubna_data_02_mir/recover-20221013/UBNA_001/20221012_030000.WAV,Telephone Field,recover-20221013,001,1795
968.1245,968.1322,28046,39464,Eptesicus serotinus,0.007,0.022,-1,Echolocation,/mnt/ubna_data_02_mir/recover-20221013/UBNA_001/20221012_030000.WAV,Telephone Field,recover-20221013,001,1795
968.1805,968.1894,28906,39785,Eptesicus serotinus,0.007,0.021,-1,Echolocation,/mnt/ubna_data_02_mir/recover-20221013/UBNA_001/20221012_030000.WAV,Telephone Field,recover-20221013,001,1795
968.1965,968.2325,68437,81098,Rhinolophus ferrumequinum,0.022,0.022,-1,Echolocation,/mnt/ubna_data_02_mir/recover-20221013/UBNA_001/20221012_030000.WAV,Telephone Field,recover-20221013,001,1795
968.2225,968.2625,68437,82379,Rhinolophus ferrumequinum,0.021,0.021,-1,Echolocation,/mnt/ubna_data_02_mir/recover-20221013/UBNA_001/20221012_030000.WAV,Telephone Field,recover-20221013,001,1795
968.2455,968.2852,68437,82310,Rhinolophus ferrumequinum,0.023,0.023,-1,Echolocation,/mnt/ubna_data_02_mir/recover-20221013/UBNA_001/20221012_030000.WAV,Telephone Field,recover-20221013,001,1795
968.2475,968.2619,28046,33311,Eptesicus serotinus,0.045,0.077,-1,Echolocation,/mnt/ubna_data_02_mir/recover-20221013/UBNA_001/20221012_030000.WAV,Telephone Field,recover-20221013,001,1795
968.2635,968.303,68437,82467,Rhinolophus ferrumequinum,0.021,0.021,-1,Echolocation,/mnt/ubna_data_02_mir/recover-20221013/UBNA_001/20221012_030000.WAV,Telephone Field,recover-20221013,001,1795
968.2825,968.3198,68437,81892,Rhinolophus ferrumequinum,0.024,0.024,-1,Echolocation,/mnt/ubna_data_02_mir/recover-20221013/UBNA_001/20221012_030000.WAV,Telephone Field,recover-20221013,001,1795
968.2885,968.2977,28046,38085,Eptesicus serotinus,0.009,0.023,-1,Echolocation,/mnt/ubna_data_02_mir/recover-20221013/UBNA_001/20221012_030000.WAV,Telephone Field,recover-20221013,001,1795
968.3115,968.3462,68437,81425,Rhinolophus ferrumequinum,0.025,0.025,-1,Echolocation,/mnt/ubna_data_02_mir/recover-20221013/UBNA_001/20221012_030000.WAV,Telephone Field,recover-20221013,001,1795
968.3505,968.3885,68437,81990,Rhinolophus ferrumequinum,0.021,0.021,-1,Echolocation,/mnt/ubna_data_02_mir/recover-20221013/UBNA_001/20221012_030000.WAV,Telephone Field,recover-20221013,001,1795
968.3565,968.3682,23750,28755,Nyctalus leisleri,0.017,0.034,-1,Echolocation,/mnt/ubna_data_02_mir/recover-20221013/UBNA_001/20221012_030000.WAV,Telephone Field,recover-20221013,001,1795
968.3965,968.4349,68437,82088,Rhinolophus ferrumequinum,0.023,0.023,-1,Echolocation,/mnt/ubna_data_02_mir/recover-20221013/UBNA_001/20221012_030000.WAV,Telephone Field,recover-20221013,001,1795
968.4165,968.453,68437,81534,Rhinolophus ferrumequinum,0.021,0.021,-1,Echolocation,/mnt/ubna_data_02_mir/recover-20221013/UBNA_001/20221012_030000.WAV,Telephone Field,recover-20221013,001,1795
968.4315,968.4684,68437,81463,Rhinolophus ferrumequinum,0.021,0.021,-1,Echolocation,/mnt/ubna_data_02_mir/recover-20221013/UBNA_001/20221012_030000.WAV,Telephone Field,recover-20221013,001,1795
968.4345,968.4448,23750,30683,Nyctalus leisleri,0.01,0.03,-1,Echolocation,/mnt/ubna_data_02_mir/recover-20221013/UBNA_001/20221012_030000.WAV,Telephone Field,recover-20221013,001,1795
968.4435,968.4823,68437,82013,Rhinolophus ferrumequinum,0.023,0.023,-1,Echolocation,/mnt/ubna_data_02_mir/recover-20221013/UBNA_001/20221012_030000.WAV,Telephone Field,recover-20221013,001,1795
968.4605,968.4981,68437,81766,Rhinolophus ferrumequinum,0.021,0.021,-1,Echolocation,/mnt/ubna_data_02_mir/recover-20221013/UBNA_001/20221012_030000.WAV,Telephone Field,recover-20221013,001,1795
968.4875,968.5275,68437,82341,Rhinolophus ferrumequinum,0.022,0.022,-1,Echolocation,/mnt/ubna_data_02_mir/recover-20221013/UBNA_001/20221012_030000.WAV,Telephone Field,recover-20221013,001,1795
968.4965,968.5168,16015,20741,Nyctalus noctula,0.021,0.028,-1,Echolocation,/mnt/ubna_data_02_mir/recover-20221013/UBNA_001/20221012_030000.WAV,Telephone Field,recover-20221013,001,1795
968.5485,968.587,68437,81989,Rhinolophus ferrumequinum,0.023,0.023,-1,Echolocation,/mnt/ubna_data_02_mir/recover-20221013/UBNA_001/20221012_030000.WAV,Telephone Field,recover-20221013,001,1795
968.5595,968.57,28046,36072,Eptesicus serotinus,0.011,0.023,-1,Echolocation,/mnt/ubna_data_02_mir/recover-20221013/UBNA_001/20221012_030000.WAV,Telephone Field,recover-20221013,001,1795
968.5735,968.5826,24609,32242,Eptesicus serotinus,0.007,0.02,-1,Echolocation,/mnt/ubna_data_02_mir/recover-20221013/UBNA_001/20221012_030000.WAV,Telephone Field,recover-20221013,001,1795
968.5905,968.6306,68437,82459,Rhinolophus ferrumequinum,0.024,0.024,-1,Echolocation,/mnt/ubna_data_02_mir/recover-20221013/UBNA_001/20221012_030000.WAV,Telephone Field,recover-20221013,001,1795
968.5995,968.6146,22890,27478,Nyctalus leisleri,0.017,0.034,-1,Echolocation,/mnt/ubna_data_02_mir/recover-20221013/UBNA_001/20221012_030000.WAV,Telephone Field,recover-20221013,001,1795
968.6165,968.6247,26328,35881,Eptesicus serotinus,0.007,0.022,-1,Echolocation,/mnt/ubna_data_02_mir/recover-20221013/UBNA_001/20221012_030000.WAV,Telephone Field,recover-20221013,001,1795
968.6195,968.6586,68437,82161,Rhinolophus ferrumequinum,0.021,0.021,-1,Echolocation,/mnt/ubna_data_02_mir/recover-20221013/UBNA_001/20221012_030000.WAV,Telephone Field,recover-20221013,001,1795
968.6975,968.7038,32343,45813,Myotis daubentonii,0.009,0.021,-1,Echolocation,/mnt/ubna_data_02_mir/recover-20221013/UBNA_001/20221012_030000.WAV,Telephone Field,recover-20221013,001,1795
968.6985,968.7049,28046,42766,Eptesicus serotinus,0.006,0.022,-1,Echolocation,/mnt/ubna_data_02_mir/recover-20221013/UBNA_001/20221012_030000.WAV,Telephone Field,recover-20221013,001,1795
968.7205,968.7315,22890,28189,Nyctalus leisleri,0.012,0.026,-1,Echolocation,/mnt/ubna_data_02_mir/recover-20221013/UBNA_001/20221012_030000.WAV,Telephone Field,recover-20221013,001,1795
968.7335,968.74,24609,36821,Plecotus austriacus,0.008,0.024,-1,Echolocation,/mnt/ubna_data_02_mir/recover-20221013/UBNA_001/20221012_030000.WAV,Telephone Field,recover-20221013,001,1795
968.7545,968.7962,68437,82830,Rhinolophus ferrumequinum,0.027,0.027,-1,Echolocation,/mnt/ubna_data_02_mir/recover-20221013/UBNA_001/20221012_030000.WAV,Telephone Field,recover-20221013,001,1795
968.8015,968.8118,24609,31011,Nyctalus leisleri,0.007,0.021,-1,Echolocation,/mnt/ubna_data_02_mir/recover-20221013/UBNA_001/20221012_030000.WAV,Telephone Field,recover-20221013,001,1795
968.8205,968.8589,68437,81774,Rhinolophus ferrumequinum,0.021,0.021,-1,Echolocation,/mnt/ubna_data_02_mir/recover-20221013/UBNA_001/20221012_030000.WAV,Telephone Field,recover-20221013,001,1795
968.8285,968.8655,68437,81864,Rhinolophus ferrumequinum,0.022,0.022,-1,Echolocation,/mnt/ubna_data_02_mir/recover-20221013/UBNA_001/20221012_030000.WAV,Telephone Field,recover-20221013,001,1795
968.8385,968.8478,23750,30099,Nyctalus leisleri,0.008,0.022,-1,Echolocation,/mnt/ubna_data_02_mir/recover-20221013/UBNA_001/20221012_030000.WAV,Telephone Field,recover-20221013,001,1795
968.8775,968.9168,68437,82420,Rhinolophus ferrumequinum,0.036,0.036,-1,Echolocation,/mnt/ubna_data_02_mir/recover-20221013/UBNA_001/20221012_030000.WAV,Telephone Field,recover-20221013,001,1795
968.8825,968.891,23750,31500,Plecotus austriacus,0.006,0.021,-1,Echolocation,/mnt/ubna_data_02_mir/recover-20221013/UBNA_001/20221012_030000.WAV,Telephone Field,recover-20221013,001,1795
968.9095,968.9171,27187,39619,Eptesicus serotinus,0.007,0.021,-1,Echolocation,/mnt/ubna_data_02_mir/recover-20221013/UBNA_001/20221012_030000.WAV,Telephone Field,recover-20221013,001,1795
968.9165,968.9502,68437,81321,Rhinolophus ferrumequinum,0.025,0.025,-1,Echolocation,/mnt/ubna_data_02_mir/recover-20221013/UBNA_001/20221012_030000.WAV,Telephone Field,recover-20221013,001,1795
968.9235,968.9637,68437,82434,Rhinolophus ferrumequinum,0.024,0.024,-1,Echolocation,/mnt/ubna_data_02_mir/recover-20221013/UBNA_001/20221012_030000.WAV,Telephone Field,recover-20221013,001,1795
968.9355,968.9431,28046,41249,Eptesicus serotinus,0.009,0.027,-1,Echolocation,/mnt/ubna_data_02_mir/recover-20221013/UBNA_001/20221012_030000.WAV,Telephone Field,recover-20221013,001,1795
968.9725,968.978,33203,46506,Myotis daubentonii,0.01,0.026,-1,Echolocation,/mnt/ubna_data_02_mir/recover-20221013/UBNA_001/20221012_030000.WAV,Telephone Field,recover-20221013,001,1795
968.9725,968.9788,26328,45273,Eptesicus serotinus,0.008,0.033,-1,Echolocation,/mnt/ubna_data_02_mir/recover-20221013/UBNA_001/20221012_030000.WAV,Telephone Field,recover-20221013,001,1795
968.9785,969.0205,68437,83336,Rhinolophus ferrumequinum,0.028,0.028,-1,Echolocation,/mnt/ubna_data_02_mir/recover-20221013/UBNA_001/20221012_030000.WAV,Telephone Field,recover-20221013,001,1795
968.9825,968.993,23750,29869,Nyctalus leisleri,0.01,0.027,-1,Echolocation,/mnt/ubna_data_02_mir/recover-20221013/UBNA_001/20221012_030000.WAV,Telephone Field,recover-20221013,001,1795
969.0005,969.0073,30625,40253,Myotis daubentonii,0.01,0.022,-1,Echolocation,/mnt/ubna_data_02_mir/recover-20221013/UBNA_001/20221012_030000.WAV,Telephone Field,recover-20221013,001,1795
969.0195,969.0347,40937,43808,Pipistrellus nathusii,0.059,0.073,-1,Echolocation,/mnt/ubna_data_02_mir/recover-20221013/UBNA_001/20221012_030000.WAV,Telephone Field,recover-20221013,001,1795
969.0625,969.0721,22890,28597,Nyctalus leisleri,0.009,0.023,-1,Echolocation,/mnt/ubna_data_02_mir/recover-20221013/UBNA_001/20221012_030000.WAV,Telephone Field,recover-20221013,001,1795
969.0915,969.132,68437,82586,Rhinolophus ferrumequinum,0.023,0.023,-1,Echolocation,/mnt/ubna_data_02_mir/recover-20221013/UBNA_001/20221012_030000.WAV,Telephone Field,recover-20221013,001,1795
969.0985,969.1377,68437,81821,Rhinolophus ferrumequinum,0.023,0.023,-1,Echolocation,/mnt/ubna_data_02_mir/recover-20221013/UBNA_001/20221012_030000.WAV,Telephone Field,recover-20221013,001,1795
969.0995,969.1095,28906,36067,Eptesicus serotinus,0.009,0.023,-1,Echolocation,/mnt/ubna_data_02_mir/recover-20221013/UBNA_001/20221012_030000.WAV,Telephone Field,recover-20221013,001,1795
969.1105,969.1218,23750,29733,Nyctalus leisleri,0.013,0.031,-1,Echolocation,/mnt/ubna_data_02_mir/recover-20221013/UBNA_001/20221012_030000.WAV,Telephone Field,recover-20221013,001,1795
969.1335,969.17,68437,82420,Rhinolophus ferrumequinum,0.021,0.021,-1,Echolocation,/mnt/ubna_data_02_mir/recover-20221013/UBNA_001/20221012_030000.WAV,Telephone Field,recover-20221013,001,1795
969.1555,969.1925,68437,81667,Rhinolophus ferrumequinum,0.021,0.021,-1,Echolocation,/mnt/ubna_data_02_mir/recover-20221013/UBNA_001/20221012_030000.WAV,Telephone Field,recover-20221013,001,1795
969.1925,969.2049,23750,29573,Nyctalus leisleri,0.012,0.028,-1,Echolocation,/mnt/ubna_data_02_mir/recover-20221013/UBNA_001/20221012_030000.WAV,Telephone Field,recover-20221013,001,1795
969.2035,969.245,68437,82413,Rhinolophus ferrumequinum,0.033,0.033,-1,Echolocation,/mnt/ubna_data_02_mir/recover-20221013/UBNA_001/20221012_030000.WAV,Telephone Field,recover-20221013,001,1795
969.2065,969.2138,28046,40489,Eptesicus serotinus,0.009,0.027,-1,Echolocation,/mnt/ubna_data_02_mir/recover-20221013/UBNA_001/20221012_030000.WAV,Telephone Field,recover-20221013,001,1795
969.2335,969.2456,44375,50778,Pipistrellus pipistrellus,0.021,0.03,-1,Echolocation,/mnt/ubna_data_02_mir/recover-20221013/UBNA_001/20221012_030000.WAV,Telephone Field,recover-20221013,001,1795
969.2395,969.2486,28046,36305,Eptesicus serotinus,0.008,0.02,-1,Echolocation,/mnt/ubna_data_02_mir/recover-20221013/UBNA_001/20221012_030000.WAV,Telephone Field,recover-20221013,001,1795
969.3195,969.328,24609,32716,Plecotus austriacus,0.007,0.022,-1,Echolocation,/mnt/ubna_data_02_mir/recover-20221013/UBNA_001/20221012_030000.WAV,Telephone Field,recover-20221013,001,1795
969.3425,969.3772,68437,80874,Rhinolophus ferrumequinum,0.024,0.024,-1,Echolocation,/mnt/ubna_data_02_mir/recover-20221013/UBNA_001/20221012_030000.WAV,Telephone Field,recover-20221013,001,1795
969.3945,969.4336,68437,81788,Rhinolophus ferrumequinum,0.02,0.02,-1,Echolocation,/mnt/ubna_data_02_mir/recover-20221013/UBNA_001/20221012_030000.WAV,Telephone Field,recover-20221013,001,1795
969.4325,969.4413,25468,34883,Eptesicus serotinus,0.008,0.023,-1,Echolocation,/mnt/ubna_data_02_mir/recover-20221013/UBNA_001/20221012_030000.WAV,Telephone Field,recover-20221013,001,1795
969.4565,969.4961,68437,82632,Rhinolophus ferrumequinum,0.026,0.026,-1,Echolocation,/mnt/ubna_data_02_mir/recover-20221013/UBNA_001/20221012_030000.WAV,Telephone Field,recover-20221013,001,1795
969.4895,969.5009,38359,42541,Pipistrellus nathusii,0.011,0.023,-1,Echolocation,/mnt/ubna_data_02_mir/recover-20221013/UBNA_001/20221012_030000.WAV,Telephone Field,recover-20221013,001,1795
969.4945,969.5026,27187,38535,Eptesicus serotinus,0.007,0.021,-1,Echolocation,/mnt/ubna_data_02_mir/recover-20221013/UBNA_001/20221012_030000.WAV,Telephone Field,recover-20221013,001,1795
969.5125,969.5515,68437,81596,Rhinolophus ferrumequinum,0.024,0.024,-1,Echolocation,/mnt/ubna_data_02_mir/recover-20221013/UBNA_001/20221012_030000.WAV,Telephone Field,recover-20221013,001,1795
969.5205,969.5584,68437,82218,Rhinolophus ferrumequinum,0.022,0.022,-1,Echolocation,/mnt/ubna_data_02_mir/recover-20221013/UBNA_001/20221012_030000.WAV,Telephone Field,recover-20221013,001,1795
969.5555,969.567,23750,29412,Nyctalus leisleri,0.013,0.028,-1,Echolocation,/mnt/ubna_data_02_mir/recover-20221013/UBNA_001/20221012_030000.WAV,Telephone Field,recover-20221013,001,1795
969.5595,969.5995,68437,82347,Rhinolophus ferrumequinum,0.021,0.021,-1,Echolocation,/mnt/ubna_data_02_mir/recover-20221013/UBNA_001/20221012_030000.WAV,Telephone Field,recover-20221013,001,1795
969.5885,969.6055,22031,26113,Nyctalus leisleri,0.026,0.058,-1,Echolocation,/mnt/ubna_data_02_mir/recover-20221013/UBNA_001/20221012_030000.WAV,Telephone Field,recover-20221013,001,1795
969.6035,969.6402,68437,81656,Rhinolophus ferrumequinum,0.022,0.022,-1,Echolocation,/mnt/ubna_data_02_mir/recover-20221013/UBNA_001/20221012_030000.WAV,Telephone Field,recover-20221013,001,1795
969.6115,969.6475,68437,81984,Rhinolophus ferrumequinum,0.022,0.022,-1,Echolocation,/mnt/ubna_data_02_mir/recover-20221013/UBNA_001/20221012_030000.WAV,Telephone Field,recover-20221013,001,1795
969.6305,969.6654,68437,80967,Rhinolophus ferrumequinum,0.022,0.022,-1,Echolocation,/mnt/ubna_data_02_mir/recover-20221013/UBNA_001/20221012_030000.WAV,Telephone Field,recover-20221013,001,1795
969.6385,969.6493,26328,34545,Eptesicus serotinus,0.01,0.022,-1,Echolocation,/mnt/ubna_data_02_mir/recover-20221013/UBNA_001/20221012_030000.WAV,Telephone Field,recover-20221013,001,1795
969.6475,969.6553,26328,35905,Eptesicus serotinus,0.009,0.024,-1,Echolocation,/mnt/ubna_data_02_mir/recover-20221013/UBNA_001/20221012_030000.WAV,Telephone Field,recover-20221013,001,1795
969.6625,969.6989,68437,81556,Rhinolophus ferrumequinum,0.021,0.022,-1,Echolocation,/mnt/ubna_data_02_mir/recover-20221013/UBNA_001/20221012_030000.WAV,Telephone Field,recover-20221013,001,1795
969.6865,969.7237,68437,81726,Rhinolophus ferrumequinum,0.021,0.021,-1,Echolocation,/mnt/ubna_data_02_mir/recover-20221013/UBNA_001/20221012_030000.WAV,Telephone Field,recover-20221013,001,1795
969.7805,969.8202,68437,82549,Rhinolophus ferrumequinum,0.022,0.022,-1,Echolocation,/mnt/ubna_data_02_mir/recover-20221013/UBNA_001/20221012_030000.WAV,Telephone Field,recover-20221013,001,1795
969.8195,969.8304,23750,30019,Nyctalus leisleri,0.012,0.026,-1,Echolocation,/mnt/ubna_data_02_mir/recover-20221013/UBNA_001/20221012_030000.WAV,Telephone Field,recover-20221013,001,1795
969.8465,969.8568,22031,27636,Nyctalus leisleri,0.009,0.023,-1,Echolocation,/mnt/ubna_data_02_mir/recover-20221013/UBNA_001/20221012_030000.WAV,Telephone Field,recover-20221013,001,1795
969.8475,969.8854,68437,81967,Rhinolophus ferrumequinum,0.023,0.023,-1,Echolocation,/mnt/ubna_data_02_mir/recover-20221013/UBNA_001/20221012_030000.WAV,Telephone Field,recover-20221013,001,1795
969.8655,969.9016,68437,82173,Rhinolophus ferrumequinum,0.021,0.021,-1,Echolocation,/mnt/ubna_data_02_mir/recover-20221013/UBNA_001/20221012_030000.WAV,Telephone Field,recover-20221013,001,1795
969.8685,969.8792,24609,31751,Eptesicus serotinus,0.012,0.031,-1,Echolocation,/mnt/ubna_data_02_mir/recover-20221013/UBNA_001/20221012_030000.WAV,Telephone Field,recover-20221013,001,1795
969.8865,969.8948,26328,35033,Eptesicus serotinus,0.008,0.024,-1,Echolocation,/mnt/ubna_data_02_mir/recover-20221013/UBNA_001/20221012_030000.WAV,Telephone Field,recover-20221013,001,1795
969.9215,969.962,68437,82555,Rhinolophus ferrumequinum,0.021,0.021,-1,Echolocation,/mnt/ubna_data_02_mir/recover-20221013/UBNA_001/20221012_030000.WAV,Telephone Field,recover-20221013,001,1795
969.9235,969.9324,48671,52163,Pipistrellus pipistrellus,0.02,0.022,-1,Echolocation,/mnt/ubna_data_02_mir/recover-20221013/UBNA_001/20221012_030000.WAV,Telephone Field,recover-20221013,001,1795
969.9445,969.9538,28046,36485,Eptesicus serotinus,0.008,0.021,-1,Echolocation,/mnt/ubna_data_02_mir/recover-20221013/UBNA_001/20221012_030000.WAV,Telephone Field,recover-20221013,001,1795
969.9815,969.9879,40078,57403,Myotis mystacinus,0.006,0.021,-1,Echolocation,/mnt/ubna_data_02_mir/recover-20221013/UBNA_001/20221012_030000.WAV,Telephone Field,recover-20221013,001,1795
970.0015,970.0105,24609,31153,Nyctalus leisleri,0.008,0.022,-1,Echolocation,/mnt/ubna_data_02_mir/recover-20221013/UBNA_001/20221012_030000.WAV,Telephone Field,recover-20221013,001,1795
970.0015,970.0341,69296,81206,Rhinolophus ferrumequinum,0.023,0.023,-1,Echolocation,/mnt/ubna_data_02_mir/recover-20221013/UBNA_001/20221012_030000.WAV,Telephone Field,recover-20221013,001,1795
970.0015,970.0128,53828,58759,Pipistrellus pygmaeus,0.018,0.021,-1,Echolocation,/mnt/ubna_data_02_mir/recover-20221013/UBNA_001/20221012_030000.WAV,Telephone Field,recover-20221013,001,1795
970.0115,970.0568,68437,82986,Rhinolophus ferrumequinum,0.021,0.021,-1,Echolocation,/mnt/ubna_data_02_mir/recover-20221013/UBNA_001/20221012_030000.WAV,Telephone Field,recover-20221013,001,1795
970.0145,970.031,38359,41487,Pipistrellus nathusii,0.032,0.044,-1,Echolocation,/mnt/ubna_data_02_mir/recover-20221013/UBNA_001/20221012_030000.WAV,Telephone Field,recover-20221013,001,1795
970.0185,970.0262,28046,39568,Eptesicus serotinus,0.006,0.022,-1,Echolocation,/mnt/ubna_data_02_mir/recover-20221013/UBNA_001/20221012_030000.WAV,Telephone Field,recover-20221013,001,1795
970.0555,970.0948,68437,82164,Rhinolophus ferrumequinum,0.021,0.021,-1,Echolocation,/mnt/ubna_data_02_mir/recover-20221013/UBNA_001/20221012_030000.WAV,Telephone Field,recover-20221013,001,1795
970.0815,970.1217,68437,82841,Rhinolophus ferrumequinum,0.024,0.024,-1,Echolocation,/mnt/ubna_data_02_mir/recover-20221013/UBNA_001/20221012_030000.WAV,Telephone Field,recover-20221013,001,1795
970.0955,970.1379,68437,83114,Rhinolophus ferrumequinum,0.024,0.024,-1,Echolocation,/mnt/ubna_data_02_mir/recover-20221013/UBNA_001/20221012_030000.WAV,Telephone Field,recover-20221013,001,1795
970.1145,970.1533,68437,81864,Rhinolophus ferrumequinum,0.024,0.024,-1,Echolocation,/mnt/ubna_data_02_mir/recover-20221013/UBNA_001/20221012_030000.WAV,Telephone Field,recover-20221013,001,1795
970.1795,970.2204,68437,82824,Rhinolophus ferrumequinum,0.029,0.029,-1,Echolocation,/mnt/ubna_data_02_mir/recover-20221013/UBNA_001/20221012_030000.WAV,Telephone Field,recover-20221013,001,1795
970.1845,970.1937,23750,30491,Nyctalus leisleri,0.006,0.021,-1,Echolocation,/mnt/ubna_data_02_mir/recover-20221013/UBNA_001/20221012_030000.WAV,Telephone Field,recover-20221013,001,1795
970.2005,970.2387,68437,81942,Rhinolophus ferrumequinum,0.024,0.024,-1,Echolocation,/mnt/ubna_data_02_mir/recover-20221013/UBNA_001/20221012_030000.WAV,Telephone Field,recover-20221013,001,1795
970.2095,970.2176,28906,38305,Eptesicus serotinus,0.007,0.022,-1,Echolocation,/mnt/ubna_data_02_mir/recover-20221013/UBNA_001/20221012_030000.WAV,Telephone Field,recover-20221013,001,1795
970.2345,970.245,29765,36142,Eptesicus serotinus,0.011,0.025,-1,Echolocation,/mnt/ubna_data_02_mir/recover-20221013/UBNA_001/20221012_030000.WAV,Telephone Field,recover-20221013,001,1795
970.2355,970.2743,68437,81567,Rhinolophus ferrumequinum,0.022,0.022,-1,Echolocation,/mnt/ubna_data_02_mir/recover-20221013/UBNA_001/20221012_030000.WAV,Telephone Field,recover-20221013,001,1795
970.2965,970.3343,68437,81561,Rhinolophus ferrumequinum,0.028,0.028,-1,Echolocation,/mnt/ubna_data_02_mir/recover-20221013/UBNA_001/20221012_030000.WAV,Telephone Field,recover-20221013,001,1795
970.3165,970.3268,22890,27289,Nyctalus leisleri,0.01,0.021,-1,Echolocation,/mnt/ubna_data_02_mir/recover-20221013/UBNA_001/20221012_030000.WAV,Telephone Field,recover-20221013,001,1795
970.3235,970.3621,68437,82114,Rhinolophus ferrumequinum,0.021,0.021,-1,Echolocation,/mnt/ubna_data_02_mir/recover-20221013/UBNA_001/20221012_030000.WAV,Telephone Field,recover-20221013,001,1795
970.3705,970.3809,23750,30147,Nyctalus leisleri,0.009,0.026,-1,Echolocation,/mnt/ubna_data_02_mir/recover-20221013/UBNA_001/20221012_030000.WAV,Telephone Field,recover-20221013,001,1795
970.3965,970.4341,68437,81939,Rhinolophus ferrumequinum,0.024,0.024,-1,Echolocation,/mnt/ubna_data_02_mir/recover-20221013/UBNA_001/20221012_030000.WAV,Telephone Field,recover-20221013,001,1795
970.4625,970.4716,24609,31981,Nyctalus leisleri,0.006,0.021,-1,Echolocation,/mnt/ubna_data_02_mir/recover-20221013/UBNA_001/20221012_030000.WAV,Telephone Field,recover-20221013,001,1795
970.5315,970.5716,68437,82626,Rhinolophus ferrumequinum,0.024,0.024,-1,Echolocation,/mnt/ubna_data_02_mir/recover-20221013/UBNA_001/20221012_030000.WAV,Telephone Field,recover-20221013,001,1795
970.5945,970.6353,68437,82798,Rhinolophus ferrumequinum,0.023,0.023,-1,Echolocation,/mnt/ubna_data_02_mir/recover-20221013/UBNA_001/20221012_030000.WAV,Telephone Field,recover-20221013,001,1795
970.6235,970.6658,68437,82603,Rhinolophus ferrumequinum,0.028,0.028,-1,Echolocation,/mnt/ubna_data_02_mir/recover-20221013/UBNA_001/20221012_030000.WAV,Telephone Field,recover-20221013,001,1795
970.6345,970.6492,21171,24514,Nyctalus leisleri,0.015,0.023,-1,Echolocation,/mnt/ubna_data_02_mir/recover-20221013/UBNA_001/20221012_030000.WAV,Telephone Field,recover-20221013,001,1795
970.6765,970.6831999999999,23750,32780,Plecotus austriacus,0.013,0.03,-1,Echolocation,/mnt/ubna_data_02_mir/recover-20221013/UBNA_001/20221012_030000.WAV,Telephone Field,recover-20221013,001,1795
970.7035,970.7466,68437,83388,Rhinolophus ferrumequinum,0.046,0.046,-1,Echolocation,/mnt/ubna_data_02_mir/recover-20221013/UBNA_001/20221012_030000.WAV,Telephone Field,recover-20221013,001,1795
970.7175,970.7268,25468,32844,Eptesicus serotinus,0.007,0.021,-1,Echolocation,/mnt/ubna_data_02_mir/recover-20221013/UBNA_001/20221012_030000.WAV,Telephone Field,recover-20221013,001,1795
970.7355,970.7692,68437,80500,Rhinolophus ferrumequinum,0.021,0.021,-1,Echolocation,/mnt/ubna_data_02_mir/recover-20221013/UBNA_001/20221012_030000.WAV,Telephone Field,recover-20221013,001,1795
970.7435,970.754,22890,28194,Nyctalus leisleri,0.015,0.033,-1,Echolocation,/mnt/ubna_data_02_mir/recover-20221013/UBNA_001/20221012_030000.WAV,Telephone Field,recover-20221013,001,1795
970.7565,970.795,68437,81924,Rhinolophus ferrumequinum,0.026,0.027,-1,Echolocation,/mnt/ubna_data_02_mir/recover-20221013/UBNA_001/20221012_030000.WAV,Telephone Field,recover-20221013,001,1795
970.7585,970.7659,28046,39891,Eptesicus serotinus,0.006,0.022,-1,Echolocation,/mnt/ubna_data_02_mir/recover-20221013/UBNA_001/20221012_030000.WAV,Telephone Field,recover-20221013,001,1795
970.7845,970.7913,28046,39186,Eptesicus serotinus,0.007,0.025,-1,Echolocation,/mnt/ubna_data_02_mir/recover-20221013/UBNA_001/20221012_030000.WAV,Telephone Field,recover-20221013,001,1795
970.8175,970.859,68437,82716,Rhinolophus ferrumequinum,0.022,0.022,-1,Echolocation,/mnt/ubna_data_02_mir/recover-20221013/UBNA_001/20221012_030000.WAV,Telephone Field,recover-20221013,001,1795
970.8435,970.8514,28906,39377,Eptesicus serotinus,0.007,0.021,-1,Echolocation,/mnt/ubna_data_02_mir/recover-20221013/UBNA_001/20221012_030000.WAV,Telephone Field,recover-20221013,001,1795
970.8535,970.8869,68437,80521,Rhinolophus ferrumequinum,0.022,0.022,-1,Echolocation,/mnt/ubna_data_02_mir/recover-20221013/UBNA_001/20221012_030000.WAV,Telephone Field,recover-20221013,001,1795
970.8625,970.8736,22031,27123,Nyctalus leisleri,0.01,0.023,-1,Echolocation,/mnt/ubna_data_02_mir/recover-20221013/UBNA_001/20221012_030000.WAV,Telephone Field,recover-20221013,001,1795
970.8635,970.8706999999999,28906,39367,Eptesicus serotinus,0.006,0.021,-1,Echolocation,/mnt/ubna_data_02_mir/recover-20221013/UBNA_001/20221012_030000.WAV,Telephone Field,recover-20221013,001,1795
970.8985,970.9389,68437,81960,Rhinolophus ferrumequinum,0.027,0.027,-1,Echolocation,/mnt/ubna_data_02_mir/recover-20221013/UBNA_001/20221012_030000.WAV,Telephone Field,recover-20221013,001,1795
970.9305,970.9699,68437,81829,Rhinolophus ferrumequinum,0.024,0.025,-1,Echolocation,/mnt/ubna_data_02_mir/recover-20221013/UBNA_001/20221012_030000.WAV,Telephone Field,recover-20221013,001,1795
970.9505,970.9584,27187,38348,Eptesicus serotinus,0.007,0.021,-1,Echolocation,/mnt/ubna_data_02_mir/recover-20221013/UBNA_001/20221012_030000.WAV,Telephone Field,recover-20221013,001,1795
970.9575,970.9991,68437,82841,Rhinolophus ferrumequinum,0.046,0.046,-1,Echolocation,/mnt/ubna_data_02_mir/recover-20221013/UBNA_001/20221012_030000.WAV,Telephone Field,recover-20221013,001,1795
970.9735,971.0112,68437,81647,Rhinolophus ferrumequinum,0.023,0.023,-1,Echolocation,/mnt/ubna_data_02_mir/recover-20221013/UBNA_001/20221012_030000.WAV,Telephone Field,recover-20221013,001,1795
970.9865,970.9948,28046,37661,Eptesicus serotinus,0.007,0.023,-1,Echolocation,/mnt/ubna_data_02_mir/recover-20221013/UBNA_001/20221012_030000.WAV,Telephone Field,recover-20221013,001,1795
970.9945,971.0333,68437,82955,Rhinolophus ferrumequinum,0.049,0.049,-1,Echolocation,/mnt/ubna_data_02_mir/recover-20221013/UBNA_001/20221012_030000.WAV,Telephone Field,recover-20221013,001,1795
971.0055,971.0439,68437,81510,Rhinolophus ferrumequinum,0.021,0.021,-1,Echolocation,/mnt/ubna_data_02_mir/recover-20221013/UBNA_001/20221012_030000.WAV,Telephone Field,recover-20221013,001,1795
971.0195,971.0307,23750,30182,Nyctalus leisleri,0.028,0.07,-1,Echolocation,/mnt/ubna_data_02_mir/recover-20221013/UBNA_001/20221012_030000.WAV,Telephone Field,recover-20221013,001,1795
971.0295,971.0681,68437,82228,Rhinolophus ferrumequinum,0.024,0.024,-1,Echolocation,/mnt/ubna_data_02_mir/recover-20221013/UBNA_001/20221012_030000.WAV,Telephone Field,recover-20221013,001,1795
971.0705,971.1119,68437,83000,Rhinolophus ferrumequinum,0.026,0.026,-1,Echolocation,/mnt/ubna_data_02_mir/recover-20221013/UBNA_001/20221012_030000.WAV,Telephone Field,recover-20221013,001,1795
971.0985,971.1076,28906,40531,Eptesicus serotinus,0.011,0.028,-1,Echolocation,/mnt/ubna_data_02_mir/recover-20221013/UBNA_001/20221012_030000.WAV,Telephone Field,recover-20221013,001,1795
971.1285,971.1433,28906,35321,Eptesicus serotinus,0.022,0.035,-1,Echolocation,/mnt/ubna_data_02_mir/recover-20221013/UBNA_001/20221012_030000.WAV,Telephone Field,recover-20221013,001,1795
971.1315,971.1677999999999,68437,81489,Rhinolophus ferrumequinum,0.021,0.021,-1,Echolocation,/mnt/ubna_data_02_mir/recover-20221013/UBNA_001/20221012_030000.WAV,Telephone Field,recover-20221013,001,1795
971.1715,971.2108,68437,82533,Rhinolophus ferrumequinum,0.036,0.036,-1,Echolocation,/mnt/ubna_data_02_mir/recover-20221013/UBNA_001/20221012_030000.WAV,Telephone Field,recover-20221013,001,1795
971.2295,971.2702,68437,82731,Rhinolophus ferrumequinum,0.022,0.022,-1,Echolocation,/mnt/ubna_data_02_mir/recover-20221013/UBNA_001/20221012_030000.WAV,Telephone Field,recover-20221013,001,1795
971.2375,971.2456999999999,26328,34798,Eptesicus serotinus,0.013,0.034,-1,Echolocation,/mnt/ubna_data_02_mir/recover-20221013/UBNA_001/20221012_030000.WAV,Telephone Field,recover-20221013,001,1795
971.2525,971.2636,41796,48893,Pipistrellus nathusii,0.012,0.025,-1,Echolocation,/mnt/ubna_data_02_mir/recover-20221013/UBNA_001/20221012_030000.WAV,Telephone Field,recover-20221013,001,1795
971.2725,971.315,68437,82929,Rhinolophus ferrumequinum,0.047,0.047,-1,Echolocation,/mnt/ubna_data_02_mir/recover-20221013/UBNA_001/20221012_030000.WAV,Telephone Field,recover-20221013,001,1795
971.2965,971.3329,68437,82496,Rhinolophus ferrumequinum,0.022,0.022,-1,Echolocation,/mnt/ubna_data_02_mir/recover-20221013/UBNA_001/20221012_030000.WAV,Telephone Field,recover-20221013,001,1795
971.3325,971.3682,68437,81359,Rhinolophus ferrumequinum,0.022,0.022,-1,Echolocation,/mnt/ubna_data_02_mir/recover-20221013/UBNA_001/20221012_030000.WAV,Telephone Field,recover-20221013,001,1795
971.3385,971.3754,68437,81625,Rhinolophus ferrumequinum,0.022,0.022,-1,Echolocation,/mnt/ubna_data_02_mir/recover-20221013/UBNA_001/20221012_030000.WAV,Telephone Field,recover-20221013,001,1795
971.3495,971.3569,28046,40125,Eptesicus serotinus,0.008,0.025,-1,Echolocation,/mnt/ubna_data_02_mir/recover-20221013/UBNA_001/20221012_030000.WAV,Telephone Field,recover-20221013,001,1795
971.3585,971.3972,68437,82269,Rhinolophus ferrumequinum,0.021,0.021,-1,Echolocation,/mnt/ubna_data_02_mir/recover-20221013/UBNA_001/20221012_030000.WAV,Telephone Field,recover-20221013,001,1795
971.3635,971.4046,68437,82199,Rhinolophus ferrumequinum,0.021,0.021,-1,Echolocation,/mnt/ubna_data_02_mir/recover-20221013/UBNA_001/20221012_030000.WAV,Telephone Field,recover-20221013,001,1795
971.3895,971.4266,68437,81614,Rhinolophus ferrumequinum,0.023,0.023,-1,Echolocation,/mnt/ubna_data_02_mir/recover-20221013/UBNA_001/20221012_030000.WAV,Telephone Field,recover-20221013,001,1795
971.3945,971.4305,68437,81333,Rhinolophus ferrumequinum,0.023,0.024,-1,Echolocation,/mnt/ubna_data_02_mir/recover-20221013/UBNA_001/20221012_030000.WAV,Telephone Field,recover-20221013,001,1795
971.4225,971.4628,68437,82250,Rhinolophus ferrumequinum,0.023,0.023,-1,Echolocation,/mnt/ubna_data_02_mir/recover-20221013/UBNA_001/20221012_030000.WAV,Telephone Field,recover-20221013,001,1795
971.4365,971.4474,23750,29438,Nyctalus leisleri,0.009,0.021,-1,Echolocation,/mnt/ubna_data_02_mir/recover-20221013/UBNA_001/20221012_030000.WAV,Telephone Field,recover-20221013,001,1795
971.4995,971.5387,68437,81980,Rhinolophus ferrumequinum,0.024,0.024,-1,Echolocation,/mnt/ubna_data_02_mir/recover-20221013/UBNA_001/20221012_030000.WAV,Telephone Field,recover-20221013,001,1795
971.5645,971.6026,68437,82094,Rhinolophus ferrumequinum,0.024,0.024,-1,Echolocation,/mnt/ubna_data_02_mir/recover-20221013/UBNA_001/20221012_030000.WAV,Telephone Field,recover-20221013,001,1795
971.6005,971.6431,68437,82556,Rhinolophus ferrumequinum,0.026,0.026,-1,Echolocation,/mnt/ubna_data_02_mir/recover-20221013/UBNA_001/20221012_030000.WAV,Telephone Field,recover-20221013,001,1795
971.6595,971.695,68437,80595,Rhinolophus ferrumequinum,0.021,0.021,-1,Echolocation,/mnt/ubna_data_02_mir/recover-20221013/UBNA_001/20221012_030000.WAV,Telephone Field,recover-20221013,001,1795
971.6815,971.7234,68437,82645,Rhinolophus ferrumequinum,0.038,0.038,-1,Echolocation,/mnt/ubna_data_02_mir/recover-20221013/UBNA_001/20221012_030000.WAV,Telephone Field,recover-20221013,001,1795
971.7205,971.731,22890,27601,Nyctalus leisleri,0.011,0.022,-1,Echolocation,/mnt/ubna_data_02_mir/recover-20221013/UBNA_001/20221012_030000.WAV,Telephone Field,recover-20221013,001,1795
971.7225,971.7623,68437,82757,Rhinolophus ferrumequinum,0.024,0.024,-1,Echolocation,/mnt/ubna_data_02_mir/recover-20221013/UBNA_001/20221012_030000.WAV,Telephone Field,recover-20221013,001,1795
971.7655,971.774,27187,35813,Eptesicus serotinus,0.008,0.022,-1,Echolocation,/mnt/ubna_data_02_mir/recover-20221013/UBNA_001/20221012_030000.WAV,Telephone Field,recover-20221013,001,1795
971.8035,971.8433,68437,82309,Rhinolophus ferrumequinum,0.023,0.023,-1,Echolocation,/mnt/ubna_data_02_mir/recover-20221013/UBNA_001/20221012_030000.WAV,Telephone Field,recover-20221013,001,1795
971.8695,971.9074,68437,81846,Rhinolophus ferrumequinum,0.022,0.023,-1,Echolocation,/mnt/ubna_data_02_mir/recover-20221013/UBNA_001/20221012_030000.WAV,Telephone Field,recover-20221013,001,1795
971.8945,971.9055,22890,27435,Nyctalus leisleri,0.013,0.025,-1,Echolocation,/mnt/ubna_data_02_mir/recover-20221013/UBNA_001/20221012_030000.WAV,Telephone Field,recover-20221013,001,1795
971.9195,971.93,23750,29543,Nyctalus leisleri,0.011,0.025,-1,Echolocation,/mnt/ubna_data_02_mir/recover-20221013/UBNA_001/20221012_030000.WAV,Telephone Field,recover-20221013,001,1795
971.9235,971.9619,68437,82482,Rhinolophus ferrumequinum,0.027,0.028,-1,Echolocation,/mnt/ubna_data_02_mir/recover-20221013/UBNA_001/20221012_030000.WAV,Telephone Field,recover-20221013,001,1795
971.9495,971.9616,46093,49539,Pipistrellus pipistrellus,0.036,0.039,-1,Echolocation,/mnt/ubna_data_02_mir/recover-20221013/UBNA_001/20221012_030000.WAV,Telephone Field,recover-20221013,001,1795
971.9765,971.9872,28906,36833,Eptesicus serotinus,0.011,0.024,-1,Echolocation,/mnt/ubna_data_02_mir/recover-20221013/UBNA_001/20221012_030000.WAV,Telephone Field,recover-20221013,001,1795
971.9875,971.9982,26328,35028,Eptesicus serotinus,0.01,0.022,-1,Echolocation,/mnt/ubna_data_02_mir/recover-20221013/UBNA_001/20221012_030000.WAV,Telephone Field,recover-20221013,001,1795
972.0015,972.0303,69296,80975,Rhinolophus ferrumequinum,0.025,0.026,-1,Echolocation,/mnt/ubna_data_02_mir/recover-20221013/UBNA_001/20221012_030000.WAV,Telephone Field,recover-20221013,001,1795
972.0015,972.0133,24609,31760,Nyctalus leisleri,0.017,0.045,-1,Echolocation,/mnt/ubna_data_02_mir/recover-20221013/UBNA_001/20221012_030000.WAV,Telephone Field,recover-20221013,001,1795
972.0275,972.0351,27187,37707,Eptesicus serotinus,0.013,0.032,-1,Echolocation,/mnt/ubna_data_02_mir/recover-20221013/UBNA_001/20221012_030000.WAV,Telephone Field,recover-20221013,001,1795
972.0365,972.0476,27187,34618,Eptesicus serotinus,0.013,0.024,-1,Echolocation,/mnt/ubna_data_02_mir/recover-20221013/UBNA_001/20221012_030000.WAV,Telephone Field,recover-20221013,001,1795
972.1035,972.1435,68437,82122,Rhinolophus ferrumequinum,0.025,0.025,-1,Echolocation,/mnt/ubna_data_02_mir/recover-20221013/UBNA_001/20221012_030000.WAV,Telephone Field,recover-20221013,001,1795
972.1075,972.1176,22890,28325,Nyctalus leisleri,0.009,0.022,-1,Echolocation,/mnt/ubna_data_02_mir/recover-20221013/UBNA_001/20221012_030000.WAV,Telephone Field,recover-20221013,001,1795
972.1565,972.1967,68437,82763,Rhinolophus ferrumequinum,0.035,0.035,-1,Echolocation,/mnt/ubna_data_02_mir/recover-20221013/UBNA_001/20221012_030000.WAV,Telephone Field,recover-20221013,001,1795
972.2025,972.2143,22890,28520,Nyctalus leisleri,0.016,0.034,-1,Echolocation,/mnt/ubna_data_02_mir/recover-20221013/UBNA_001/20221012_030000.WAV,Telephone Field,recover-20221013,001,1795
972.2515,972.261,27187,35850,Eptesicus serotinus,0.008,0.023,-1,Echolocation,/mnt/ubna_data_02_mir/recover-20221013/UBNA_001/20221012_030000.WAV,Telephone Field,recover-20221013,001,1795
972.2625,972.3052,68437,82841,Rhinolophus ferrumequinum,0.041,0.041,-1,Echolocation,/mnt/ubna_data_02_mir/recover-20221013/UBNA_001/20221012_030000.WAV,Telephone Field,recover-20221013,001,1795
972.2755,972.283,28046,37587,Eptesicus serotinus,0.014,0.032,-1,Echolocation,/mnt/ubna_data_02_mir/recover-20221013/UBNA_001/20221012_030000.WAV,Telephone Field,recover-20221013,001,1795
972.2885,972.3367,68437,83830,Rhinolophus ferrumequinum,0.074,0.074,-1,Echolocation,/mnt/ubna_data_02_mir/recover-20221013/UBNA_001/20221012_030000.WAV,Telephone Field,recover-20221013,001,1795
972.2945,972.3032,23750,32092,Plecotus austriacus,0.007,0.024,-1,Echolocation,/mnt/ubna_data_02_mir/recover-20221013/UBNA_001/20221012_030000.WAV,Telephone Field,recover-20221013,001,1795
972.3315,972.3705,68437,81715,Rhinolophus ferrumequinum,0.024,0.024,-1,Echolocation,/mnt/ubna_data_02_mir/recover-20221013/UBNA_001/20221012_030000.WAV,Telephone Field,recover-20221013,001,1795
972.3525,972.3636,22890,27813,Nyctalus leisleri,0.012,0.023,-1,Echolocation,/mnt/ubna_data_02_mir/recover-20221013/UBNA_001/20221012_030000.WAV,Telephone Field,recover-20221013,001,1795
972.3715,972.3804,28906,38044,Eptesicus serotinus,0.008,0.021,-1,Echolocation,/mnt/ubna_data_02_mir/recover-20221013/UBNA_001/20221012_030000.WAV,Telephone Field,recover-20221013,001,1795
972.3735,972.4109,68437,82136,Rhinolophus ferrumequinum,0.024,0.024,-1,Echolocation,/mnt/ubna_data_02_mir/recover-20221013/UBNA_001/20221012_030000.WAV,Telephone Field,recover-20221013,001,1795
972.4365,972.4471,22890,28551,Nyctalus leisleri,0.014,0.031,-1,Echolocation,/mnt/ubna_data_02_mir/recover-20221013/UBNA_001/20221012_030000.WAV,Telephone Field,recover-20221013,001,1795
972.4635,972.502,68437,82364,Rhinolophus ferrumequinum,0.021,0.021,-1,Echolocation,/mnt/ubna_data_02_mir/recover-20221013/UBNA_001/20221012_030000.WAV,Telephone Field,recover-20221013,001,1795
972.4685,972.4782,28046,38068,Eptesicus serotinus,0.011,0.026,-1,Echolocation,/mnt/ubna_data_02_mir/recover-20221013/UBNA_001/20221012_030000.WAV,Telephone Field,recover-20221013,001,1795
972.4725,972.5133,68437,82130,Rhinolophus ferrumequinum,0.021,0.021,-1,Echolocation,/mnt/ubna_data_02_mir/recover-20221013/UBNA_001/20221012_030000.WAV,Telephone Field,recover-20221013,001,1795
972.5345,972.5763,68437,82585,Rhinolophus ferrumequinum,0.029,0.029,-1,Echolocation,/mnt/ubna_data_02_mir/recover-20221013/UBNA_001/20221012_030000.WAV,Telephone Field,recover-20221013,001,1795
972.5645,972.6039,68437,82176,Rhinolophus ferrumequinum,0.021,0.021,-1,Echolocation,/mnt/ubna_data_02_mir/recover-20221013/UBNA_001/20221012_030000.WAV,Telephone Field,recover-20221013,001,1795
972.5695,972.5804,22890,28432,Nyctalus leisleri,0.011,0.023,-1,Echolocation,/mnt/ubna_data_02_mir/recover-20221013/UBNA_001/20221012_030000.WAV,Telephone Field,recover-20221013,001,1795
972.5905,972.6232,68437,81239,Rhinolophus ferrumequinum,0.022,0.022,-1,Echolocation,/mnt/ubna_data_02_mir/recover-20221013/UBNA_001/20221012_030000.WAV,Telephone Field,recover-20221013,001,1795
972.6215,972.6595,68437,82548,Rhinolophus ferrumequinum,0.022,0.022,-1,Echolocation,/mnt/ubna_data_02_mir/recover-20221013/UBNA_001/20221012_030000.WAV,Telephone Field,recover-20221013,001,1795
972.6255,972.6343,27187,38246,Eptesicus serotinus,0.009,0.023,-1,Echolocation,/mnt/ubna_data_02_mir/recover-20221013/UBNA_001/20221012_030000.WAV,Telephone Field,recover-20221013,001,1795
972.6555,972.6631,24609,33287,Plecotus austriacus,0.006,0.021,-1,Echolocation,/mnt/ubna_data_02_mir/recover-20221013/UBNA_001/20221012_030000.WAV,Telephone Field,recover-20221013,001,1795
972.6635,972.7016,68437,82224,Rhinolophus ferrumequinum,0.021,0.021,-1,Echolocation,/mnt/ubna_data_02_mir/recover-20221013/UBNA_001/20221012_030000.WAV,Telephone Field,recover-20221013,001,1795
972.6895,972.7308,68437,82751,Rhinolophus ferrumequinum,0.023,0.023,-1,Echolocation,/mnt/ubna_data_02_mir/recover-20221013/UBNA_001/20221012_030000.WAV,Telephone Field,recover-20221013,001,1795
972.7055,972.7456999999999,68437,82795,Rhinolophus ferrumequinum,0.024,0.024,-1,Echolocation,/mnt/ubna_data_02_mir/recover-20221013/UBNA_001/20221012_030000.WAV,Telephone Field,recover-20221013,001,1795
972.7365,972.7766,68437,82198,Rhinolophus ferrumequinum,0.023,0.023,-1,Echolocation,/mnt/ubna_data_02_mir/recover-20221013/UBNA_001/20221012_030000.WAV,Telephone Field,recover-20221013,001,1795
972.7525,972.7903,68437,82146,Rhinolophus ferrumequinum,0.022,0.022,-1,Echolocation,/mnt/ubna_data_02_mir/recover-20221013/UBNA_001/20221012_030000.WAV,Telephone Field,recover-20221013,001,1795
972.7665,972.7742,28046,40173,Eptesicus serotinus,0.008,0.024,-1,Echolocation,/mnt/ubna_data_02_mir/recover-20221013/UBNA_001/20221012_030000.WAV,Telephone Field,recover-20221013,001,1795
972.7855,972.8239,68437,82407,Rhinolophus ferrumequinum,0.027,0.027,-1,Echolocation,/mnt/ubna_data_02_mir/recover-20221013/UBNA_001/20221012_030000.WAV,Telephone Field,recover-20221013,001,1795
972.7915,972.7977,27187,42295,Eptesicus serotinus,0.005,0.025,-1,Echolocation,/mnt/ubna_data_02_mir/recover-20221013/UBNA_001/20221012_030000.WAV,Telephone Field,recover-20221013,001,1795
972.8645,972.8838,21171,24137,Nyctalus leisleri,0.02,0.034,-1,Echolocation,/mnt/ubna_data_02_mir/recover-20221013/UBNA_001/20221012_030000.WAV,Telephone Field,recover-20221013,001,1795
972.8835,972.9191,68437,81057,Rhinolophus ferrumequinum,0.023,0.023,-1,Echolocation,/mnt/ubna_data_02_mir/recover-20221013/UBNA_001/20221012_030000.WAV,Telephone Field,recover-20221013,001,1795
972.9045,972.9463,68437,82946,Rhinolophus ferrumequinum,0.024,0.024,-1,Echolocation,/mnt/ubna_data_02_mir/recover-20221013/UBNA_001/20221012_030000.WAV,Telephone Field,recover-20221013,001,1795
972.9505,972.9872,68437,81031,Rhinolophus ferrumequinum,0.039,0.039,-1,Echolocation,/mnt/ubna_data_02_mir/recover-20221013/UBNA_001/20221012_030000.WAV,Telephone Field,recover-20221013,001,1795
972.9615,973.0014,68437,82390,Rhinolophus ferrumequinum,0.022,0.022,-1,Echolocation,/mnt/ubna_data_02_mir/recover-20221013/UBNA_001/20221012_030000.WAV,Telephone Field,recover-20221013,001,1795
972.9735,973.0138,68437,82730,Rhinolophus ferrumequinum,0.022,0.022,-1,Echolocation,/mnt/ubna_data_02_mir/recover-20221013/UBNA_001/20221012_030000.WAV,Telephone Field,recover-20221013,001,1795
972.9945,973.0052,24609,31163,Eptesicus serotinus,0.009,0.025,-1,Echolocation,/mnt/ubna_data_02_mir/recover-20221013/UBNA_001/20221012_030000.WAV,Telephone Field,recover-20221013,001,1795
973.0155,973.0569,68437,82946,Rhinolophus ferrumequinum,0.024,0.024,-1,Echolocation,/mnt/ubna_data_02_mir/recover-20221013/UBNA_001/20221012_030000.WAV,Telephone Field,recover-20221013,001,1795
973.0575,973.0976,68437,82161,Rhinolophus ferrumequinum,0.024,0.024,-1,Echolocation,/mnt/ubna_data_02_mir/recover-20221013/UBNA_001/20221012_030000.WAV,Telephone Field,recover-20221013,001,1795
973.0605,973.0679,28906,41084,Eptesicus serotinus,0.006,0.021,-1,Echolocation,/mnt/ubna_data_02_mir/recover-20221013/UBNA_001/20221012_030000.WAV,Telephone Field,recover-20221013,001,1795
973.0695,973.1091,68437,82485,Rhinolophus ferrumequinum,0.024,0.024,-1,Echolocation,/mnt/ubna_data_02_mir/recover-20221013/UBNA_001/20221012_030000.WAV,Telephone Field,recover-20221013,001,1795
973.0765,973.0876,24609,31178,Eptesicus serotinus,0.009,0.023,-1,Echolocation,/mnt/ubna_data_02_mir/recover-20221013/UBNA_001/20221012_030000.WAV,Telephone Field,recover-20221013,001,1795
973.0785,973.1193,68437,82649,Rhinolophus ferrumequinum,0.026,0.026,-1,Echolocation,/mnt/ubna_data_02_mir/recover-20221013/UBNA_001/20221012_030000.WAV,Telephone Field,recover-20221013,001,1795
973.0875,973.0953,28906,40789,Eptesicus serotinus,0.007,0.021,-1,Echolocation,/mnt/ubna_data_02_mir/recover-20221013/UBNA_001/20221012_030000.WAV,Telephone Field,recover-20221013,001,1795
973.0945,973.1339,68437,81669,Rhinolophus ferrumequinum,0.021,0.021,-1,Echolocation,/mnt/ubna_data_02_mir/recover-20221013/UBNA_001/20221012_030000.WAV,Telephone Field,recover-20221013,001,1795
973.1305,973.1666,68437,81814,Rhinolophus ferrumequinum,0.022,0.022,-1,Echolocation,/mnt/ubna_data_02_mir/recover-20221013/UBNA_001/20221012_030000.WAV,Telephone Field,recover-20221013,001,1795
973.1325,973.1446,15156,21549,Nyctalus noctula,0.013,0.021,-1,Echolocation,/mnt/ubna_data_02_mir/recover-20221013/UBNA_001/20221012_030000.WAV,Telephone Field,recover-20221013,001,1795
973.1525,973.1906,68437,82294,Rhinolophus ferrumequinum,0.023,0.023,-1,Echolocation,/mnt/ubna_data_02_mir/recover-20221013/UBNA_001/20221012_030000.WAV,Telephone Field,recover-20221013,001,1795
973.1825,973.191,27187,39241,Eptesicus serotinus,0.009,0.023,-1,Echolocation,/mnt/ubna_data_02_mir/recover-20221013/UBNA_001/20221012_030000.WAV,Telephone Field,recover-20221013,001,1795
973.1885,973.2272,68437,82105,Rhinolophus ferrumequinum,0.022,0.022,-1,Echolocation,/mnt/ubna_data_02_mir/recover-20221013/UBNA_001/20221012_030000.WAV,Telephone Field,recover-20221013,001,1795
973.2075,973.2169,14296,22036,Nyctalus noctula,0.012,0.026,-1,Echolocation,/mnt/ubna_data_02_mir/recover-20221013/UBNA_001/20221012_030000.WAV,Telephone Field,recover-20221013,001,1795
973.2225,973.2358,22890,28442,Nyctalus leisleri,0.012,0.028,-1,Echolocation,/mnt/ubna_data_02_mir/recover-20221013/UBNA_001/20221012_030000.WAV,Telephone Field,recover-20221013,001,1795
973.2275,973.2372,28046,36552,Eptesicus serotinus,0.011,0.024,-1,Echolocation,/mnt/ubna_data_02_mir/recover-20221013/UBNA_001/20221012_030000.WAV,Telephone Field,recover-20221013,001,1795
973.2325,973.2493,21171,24372,Nyctalus leisleri,0.015,0.025,-1,Echolocation,/mnt/ubna_data_02_mir/recover-20221013/UBNA_001/20221012_030000.WAV,Telephone Field,recover-20221013,001,1795
973.2365,973.2769,68437,83207,Rhinolophus ferrumequinum,0.025,0.025,-1,Echolocation,/mnt/ubna_data_02_mir/recover-20221013/UBNA_001/20221012_030000.WAV,Telephone Field,recover-20221013,001,1795
973.3055,973.3153,44375,47773,Pipistrellus pipistrellus,0.021,0.023,-1,Echolocation,/mnt/ubna_data_02_mir/recover-20221013/UBNA_001/20221012_030000.WAV,Telephone Field,recover-20221013,001,1795
973.3095,973.3488,68437,81936,Rhinolophus ferrumequinum,0.023,0.023,-1,Echolocation,/mnt/ubna_data_02_mir/recover-20221013/UBNA_001/20221012_030000.WAV,Telephone Field,recover-20221013,001,1795
973.3135,973.3237,22031,27156,Nyctalus leisleri,0.009,0.022,-1,Echolocation,/mnt/ubna_data_02_mir/recover-20221013/UBNA_001/20221012_030000.WAV,Telephone Field,recover-20221013,001,1795
973.3595,973.3992,68437,82584,Rhinolophus ferrumequinum,0.028,0.028,-1,Echolocation,/mnt/ubna_data_02_mir/recover-20221013/UBNA_001/20221012_030000.WAV,Telephone Field,recover-20221013,001,1795
973.3775,973.3874,22031,27793,Nyctalus leisleri,0.009,0.024,-1,Echolocation,/mnt/ubna_data_02_mir/recover-20221013/UBNA_001/20221012_030000.WAV,Telephone Field,recover-20221013,001,1795
973.4225,973.4298,28906,40210,Eptesicus serotinus,0.008,0.026,-1,Echolocation,/mnt/ubna_data_02_mir/recover-20221013/UBNA_001/20221012_030000.WAV,Telephone Field,recover-20221013,001,1795
973.4275,973.4397,15156,21229,Nyctalus noctula,0.023,0.038,-1,Echolocation,/mnt/ubna_data_02_mir/recover-20221013/UBNA_001/20221012_030000.WAV,Telephone Field,recover-20221013,001,1795
973.4395,973.4769,68437,82337,Rhinolophus ferrumequinum,0.03,0.03,-1,Echolocation,/mnt/ubna_data_02_mir/recover-20221013/UBNA_001/20221012_030000.WAV,Telephone Field,recover-20221013,001,1795
973.4515,973.4926,68437,82835,Rhinolophus ferrumequinum,0.025,0.025,-1,Echolocation,/mnt/ubna_data_02_mir/recover-20221013/UBNA_001/20221012_030000.WAV,Telephone Field,recover-20221013,001,1795
973.4685,973.5074,68437,82230,Rhinolophus ferrumequinum,0.022,0.022,-1,Echolocation,/mnt/ubna_data_02_mir/recover-20221013/UBNA_001/20221012_030000.WAV,Telephone Field,recover-20221013,001,1795
973.4765,973.5183,68437,83030,Rhinolophus ferrumequinum,0.025,0.025,-1,Echolocation,/mnt/ubna_data_02_mir/recover-20221013/UBNA_001/20221012_030000.WAV,Telephone Field,recover-20221013,001,1795
973.4835,973.5239,68437,82738,Rhinolophus ferrumequinum,0.024,0.024,-1,Echolocation,/mnt/ubna_data_02_mir/recover-20221013/UBNA_001/20221012_030000.WAV,Telephone Field,recover-20221013,001,1795
973.5095,973.5492,68437,82743,Rhinolophus ferrumequinum,0.027,0.027,-1,Echolocation,/mnt/ubna_data_02_mir/recover-20221013/UBNA_001/20221012_030000.WAV,Telephone Field,recover-20221013,001,1795
973.5145,973.5565,68437,83010,Rhinolophus ferrumequinum,0.028,0.028,-1,Echolocation,/mnt/ubna_data_02_mir/recover-20221013/UBNA_001/20221012_030000.WAV,Telephone Field,recover-20221013,001,1795
973.5355,973.5745,68437,82601,Rhinolophus ferrumequinum,0.022,0.022,-1,Echolocation,/mnt/ubna_data_02_mir/recover-20221013/UBNA_001/20221012_030000.WAV,Telephone Field,recover-20221013,001,1795
973.5515,973.5598,28046,42614,Eptesicus serotinus,0.008,0.022,-1,Echolocation,/mnt/ubna_data_02_mir/recover-20221013/UBNA_001/20221012_030000.WAV,Telephone Field,recover-20221013,001,1795
973.5615,973.6036,68437,83012,Rhinolophus ferrumequinum,0.026,0.026,-1,Echolocation,/mnt/ubna_data_02_mir/recover-20221013/UBNA_001/20221012_030000.WAV,Telephone Field,recover-20221013,001,1795
973.5795,973.612,68437,79964,Rhinolophus ferrumequinum,0.021,0.021,-1,Echolocation,/mnt/ubna_data_02_mir/recover-20221013/UBNA_001/20221012_030000.WAV,Telephone Field,recover-20221013,001,1795
973.5885,973.6288,68437,82537,Rhinolophus ferrumequinum,0.026,0.026,-1,Echolocation,/mnt/ubna_data_02_mir/recover-20221013/UBNA_001/20221012_030000.WAV,Telephone Field,recover-20221013,001,1795
973.6005,973.6415,68437,82719,Rhinolophus ferrumequinum,0.021,0.021,-1,Echolocation,/mnt/ubna_data_02_mir/recover-20221013/UBNA_001/20221012_030000.WAV,Telephone Field,recover-20221013,001,1795
973.6135,973.6229,25468,34134,Eptesicus serotinus,0.014,0.034,-1,Echolocation,/mnt/ubna_data_02_mir/recover-20221013/UBNA_001/20221012_030000.WAV,Telephone Field,recover-20221013,001,1795
973.6155,973.6563,68437,82472,Rhinolophus ferrumequinum,0.025,0.025,-1,Echolocation,/mnt/ubna_data_02_mir/recover-20221013/UBNA_001/20221012_030000.WAV,Telephone Field,recover-20221013,001,1795
973.6275,973.6655,68437,82275,Rhinolophus ferrumequinum,0.022,0.022,-1,Echolocation,/mnt/ubna_data_02_mir/recover-20221013/UBNA_001/20221012_030000.WAV,Telephone Field,recover-20221013,001,1795
973.6295,973.6379,28046,36924,Eptesicus serotinus,0.01,0.024,-1,Echolocation,/mnt/ubna_data_02_mir/recover-20221013/UBNA_001/20221012_030000.WAV,Telephone Field,recover-20221013,001,1795
973.6525,973.6911,68437,81806,Rhinolophus ferrumequinum,0.024,0.024,-1,Echolocation,/mnt/ubna_data_02_mir/recover-20221013/UBNA_001/20221012_030000.WAV,Telephone Field,recover-20221013,001,1795
973.6695,973.7067,68437,81905,Rhinolophus ferrumequinum,0.021,0.021,-1,Echolocation,/mnt/ubna_data_02_mir/recover-20221013/UBNA_001/20221012_030000.WAV,Telephone Field,recover-20221013,001,1795
973.6935,973.7015,26328,40201,Eptesicus serotinus,0.007,0.022,-1,Echolocation,/mnt/ubna_data_02_mir/recover-20221013/UBNA_001/20221012_030000.WAV,Telephone Field,recover-20221013,001,1795
973.7955,973.804,28906,37834,Eptesicus serotinus,0.009,0.024,-1,Echolocation,/mnt/ubna_data_02_mir/recover-20221013/UBNA_001/20221012_030000.WAV,Telephone Field,recover-20221013,001,1795
973.8325,973.8469,22031,25732,Nyctalus leisleri,0.019,0.03,-1,Echolocation,/mnt/ubna_data_02_mir/recover-20221013/UBNA_001/20221012_030000.WAV,Telephone Field,recover-20221013,001,1795
973.8395,973.8817,68437,83239,Rhinolophus ferrumequinum,0.034,0.034,-1,Echolocation,/mnt/ubna_data_02_mir/recover-20221013/UBNA_001/20221012_030000.WAV,Telephone Field,recover-20221013,001,1795
973.8805,973.9185,68437,81677,Rhinolophus ferrumequinum,0.022,0.022,-1,Echolocation,/mnt/ubna_data_02_mir/recover-20221013/UBNA_001/20221012_030000.WAV,Telephone Field,recover-20221013,001,1795
973.9465,973.9552,27187,37674,Eptesicus serotinus,0.008,0.022,-1,Echolocation,/mnt/ubna_data_02_mir/recover-20221013/UBNA_001/20221012_030000.WAV,Telephone Field,recover-20221013,001,1795
973.9665,973.975,28906,38805,Eptesicus serotinus,0.007,0.021,-1,Echolocation,/mnt/ubna_data_02_mir/recover-20221013/UBNA_001/20221012_030000.WAV,Telephone Field,recover-20221013,001,1795
974.0015,974.0157,30625,35871,Nyctalus leisleri,0.021,0.048,-1,Echolocation,/mnt/ubna_data_02_mir/recover-20221013/UBNA_001/20221012_030000.WAV,Telephone Field,recover-20221013,001,1795
974.0015,974.0093,24609,32244,Nyctalus leisleri,0.007,0.024,-1,Echolocation,/mnt/ubna_data_02_mir/recover-20221013/UBNA_001/20221012_030000.WAV,Telephone Field,recover-20221013,001,1795
974.0015,974.0329,71015,82610,Rhinolophus ferrumequinum,0.022,0.022,-1,Echolocation,/mnt/ubna_data_02_mir/recover-20221013/UBNA_001/20221012_030000.WAV,Telephone Field,recover-20221013,001,1795
974.0015,974.0083,47812,53398,Pipistrellus pipistrellus,0.026,0.033,-1,Echolocation,/mnt/ubna_data_02_mir/recover-20221013/UBNA_001/20221012_030000.WAV,Telephone Field,recover-20221013,001,1795
974.0205,974.0614,68437,83026,Rhinolophus ferrumequinum,0.024,0.024,-1,Echolocation,/mnt/ubna_data_02_mir/recover-20221013/UBNA_001/20221012_030000.WAV,Telephone Field,recover-20221013,001,1795
974.0235,974.0311,28046,39494,Eptesicus serotinus,0.006,0.021,-1,Echolocation,/mnt/ubna_data_02_mir/recover-20221013/UBNA_001/20221012_030000.WAV,Telephone Field,recover-20221013,001,1795
974.0455,974.082,68437,82033,Rhinolophus ferrumequinum,0.021,0.021,-1,Echolocation,/mnt/ubna_data_02_mir/recover-20221013/UBNA_001/20221012_030000.WAV,Telephone Field,recover-20221013,001,1795
974.0465,974.0561,28046,38695,Eptesicus serotinus,0.011,0.026,-1,Echolocation,/mnt/ubna_data_02_mir/recover-20221013/UBNA_001/20221012_030000.WAV,Telephone Field,recover-20221013,001,1795
974.0645,974.1044,68437,82960,Rhinolophus ferrumequinum,0.032,0.032,-1,Echolocation,/mnt/ubna_data_02_mir/recover-20221013/UBNA_001/20221012_030000.WAV,Telephone Field,recover-20221013,001,1795
974.1045,974.1122,56406,61265,Pipistrellus pygmaeus,0.021,0.022,-1,Echolocation,/mnt/ubna_data_02_mir/recover-20221013/UBNA_001/20221012_030000.WAV,Telephone Field,recover-20221013,001,1795
974.1645,974.2043,68437,82838,Rhinolophus ferrumequinum,0.029,0.029,-1,Echolocation,/mnt/ubna_data_02_mir/recover-20221013/UBNA_001/20221012_030000.WAV,Telephone Field,recover-20221013,001,1795
974.2135,974.2239,24609,32094,Nyctalus leisleri,0.009,0.025,-1,Echolocation,/mnt/ubna_data_02_mir/recover-20221013/UBNA_001/20221012_030000.WAV,Telephone Field,recover-20221013,001,1795
974.2365,974.2691,68437,80595,Rhinolophus ferrumequinum,0.02,0.02,-1,Echolocation,/mnt/ubna_data_02_mir/recover-20221013/UBNA_001/20221012_030000.WAV,Telephone Field,recover-20221013,001,1795
974.2505,974.2844,68437,81259,Rhinolophus ferrumequinum,0.021,0.021,-1,Echolocation,/mnt/ubna_data_02_mir/recover-20221013/UBNA_001/20221012_030000.WAV,Telephone Field,recover-20221013,001,1795
974.2665,974.3023,68437,82033,Rhinolophus ferrumequinum,0.022,0.022,-1,Echolocation,/mnt/ubna_data_02_mir/recover-20221013/UBNA_001/20221012_030000.WAV,Telephone Field,recover-20221013,001,1795
974.2815,974.3186,68437,81893,Rhinolophus ferrumequinum,0.023,0.023,-1,Echolocation,/mnt/ubna_data_02_mir/recover-20221013/UBNA_001/20221012_030000.WAV,Telephone Field,recover-20221013,001,1795
974.3125,974.3502,68437,81888,Rhinolophus ferrumequinum,0.02,0.02,-1,Echolocation,/mnt/ubna_data_02_mir/recover-20221013/UBNA_001/20221012_030000.WAV,Telephone Field,recover-20221013,001,1795
974.3775,974.3844,28046,45195,Eptesicus serotinus,0.007,0.021,-1,Echolocation,/mnt/ubna_data_02_mir/recover-20221013/UBNA_001/20221012_030000.WAV,Telephone Field,recover-20221013,001,1795
974.3885,974.4272,68437,82092,Rhinolophus ferrumequinum,0.021,0.021,-1,Echolocation,/mnt/ubna_data_02_mir/recover-20221013/UBNA_001/20221012_030000.WAV,Telephone Field,recover-20221013,001,1795
974.4115,974.4527,68437,83031,Rhinolophus ferrumequinum,0.033,0.033,-1,Echolocation,/mnt/ubna_data_02_mir/recover-20221013/UBNA_001/20221012_030000.WAV,Telephone Field,recover-20221013,001,1795
974.4315,974.4397,27187,40323,Eptesicus serotinus,0.008,0.023,-1,Echolocation,/mnt/ubna_data_02_mir/recover-20221013/UBNA_001/20221012_030000.WAV,Telephone Field,recover-20221013,001,1795
974.4485,974.4885,68437,82174,Rhinolophus ferrumequinum,0.02,0.02,-1,Echolocation,/mnt/ubna_data_02_mir/recover-20221013/UBNA_001/20221012_030000.WAV,Telephone Field,recover-20221013,001,1795
974.4635,974.4742,55546,60941,Pipistrellus pygmaeus,0.019,0.02,-1,Echolocation,/mnt/ubna_data_02_mir/recover-20221013/UBNA_001/20221012_030000.WAV,Telephone Field,recover-20221013,001,1795
974.5205,974.5315,23750,29674,Nyctalus leisleri,0.01,0.024,-1,Echolocation,/mnt/ubna_data_02_mir/recover-20221013/UBNA_001/20221012_030000.WAV,Telephone Field,recover-20221013,001,1795
974.5465,974.5857,68437,82098,Rhinolophus ferrumequinum,0.02,0.02,-1,Echolocation,/mnt/ubna_data_02_mir/recover-20221013/UBNA_001/20221012_030000.WAV,Telephone Field,recover-20221013,001,1795
974.5525,974.5904,68437,82239,Rhinolophus ferrumequinum,0.021,0.021,-1,Echolocation,/mnt/ubna_data_02_mir/recover-20221013/UBNA_001/20221012_030000.WAV,Telephone Field,recover-20221013,001,1795
974.5795,974.6134,68437,81499,Rhinolophus ferrumequinum,0.022,0.022,-1,Echolocation,/mnt/ubna_data_02_mir/recover-20221013/UBNA_001/20221012_030000.WAV,Telephone Field,recover-20221013,001,1795
974.5895,974.6256,68437,81520,Rhinolophus ferrumequinum,0.022,0.022,-1,Echolocation,/mnt/ubna_data_02_mir/recover-20221013/UBNA_001/20221012_030000.WAV,Telephone Field,recover-20221013,001,1795
974.5915,974.602,28906,35819,Eptesicus serotinus,0.009,0.023,-1,Echolocation,/mnt/ubna_data_02_mir/recover-20221013/UBNA_001/20221012_030000.WAV,Telephone Field,recover-20221013,001,1795
974.5975,974.6329,68437,81563,Rhinolophus ferrumequinum,0.02,0.02,-1,Echolocation,/mnt/ubna_data_02_mir/recover-20221013/UBNA_001/20221012_030000.WAV,Telephone Field,recover-20221013,001,1795
974.6055,974.6157,28906,36755,Eptesicus serotinus,0.01,0.024,-1,Echolocation,/mnt/ubna_data_02_mir/recover-20221013/UBNA_001/20221012_030000.WAV,Telephone Field,recover-20221013,001,1795
974.6085,974.6422,68437,81296,Rhinolophus ferrumequinum,0.02,0.02,-1,Echolocation,/mnt/ubna_data_02_mir/recover-20221013/UBNA_001/20221012_030000.WAV,Telephone Field,recover-20221013,001,1795
974.6325,974.6684,68437,80840,Rhinolophus ferrumequinum,0.021,0.021,-1,Echolocation,/mnt/ubna_data_02_mir/recover-20221013/UBNA_001/20221012_030000.WAV,Telephone Field,recover-20221013,001,1795
974.6385,974.6741,68437,81088,Rhinolophus ferrumequinum,0.023,0.023,-1,Echolocation,/mnt/ubna_data_02_mir/recover-20221013/UBNA_001/20221012_030000.WAV,Telephone Field,recover-20221013,001,1795
974.6645,974.7011,68437,81045,Rhinolophus ferrumequinum,0.021,0.021,-1,Echolocation,/mnt/ubna_data_02_mir/recover-20221013/UBNA_001/20221012_030000.WAV,Telephone Field,recover-20221013,001,1795
974.6905,974.7288,68437,82262,Rhinolophus ferrumequinum,0.02,0.02,-1,Echolocation,/mnt/ubna_data_02_mir/recover-20221013/UBNA_001/20221012_030000.WAV,Telephone Field,recover-20221013,001,1795
974.7195,974.7563,68437,81488,Rhinolophus ferrumequinum,0.021,0.021,-1,Echolocation,/mnt/ubna_data_02_mir/recover-20221013/UBNA_001/20221012_030000.WAV,Telephone Field,recover-20221013,001,1795
974.7765,974.8146,68437,82000,Rhinolophus ferrumequinum,0.021,0.021,-1,Echolocation,/mnt/ubna_data_02_mir/recover-20221013/UBNA_001/20221012_030000.WAV,Telephone Field,recover-20221013,001,1795
974.7925,974.8318,68437,81734,Rhinolophus ferrumequinum,0.021,0.021,-1,Echolocation,/mnt/ubna_data_02_mir/recover-20221013/UBNA_001/20221012_030000.WAV,Telephone Field,recover-20221013,001,1795
974.7995,974.8348,68437,81810,Rhinolophus ferrumequinum,0.025,0.025,-1,Echolocation,/mnt/ubna_data_02_mir/recover-20221013/UBNA_001/20221012_030000.WAV,Telephone Field,recover-20221013,001,1795
974.8075,974.817,24609,31759,Nyctalus leisleri,0.007,0.022,-1,Echolocation,/mnt/ubna_data_02_mir/recover-20221013/UBNA_001/20221012_030000.WAV,Telephone Field,recover-20221013,001,1795
974.8385,974.8485,22031,27012,Nyctalus leisleri,0.009,0.02,-1,Echolocation,/mnt/ubna_data_02_mir/recover-20221013/UBNA_001/20221012_030000.WAV,Telephone Field,recover-20221013,001,1795
974.8675,974.9042,68437,81562,Rhinolophus ferrumequinum,0.021,0.021,-1,Echolocation,/mnt/ubna_data_02_mir/recover-20221013/UBNA_001/20221012_030000.WAV,Telephone Field,recover-20221013,001,1795
974.8805,974.8916,22031,26686,Nyctalus leisleri,0.012,0.023,-1,Echolocation,/mnt/ubna_data_02_mir/recover-20221013/UBNA_001/20221012_030000.WAV,Telephone Field,recover-20221013,001,1795
974.9125,974.9197,24609,33901,Plecotus austriacus,0.011,0.027,-1,Echolocation,/mnt/ubna_data_02_mir/recover-20221013/UBNA_001/20221012_030000.WAV,Telephone Field,recover-20221013,001,1795
974.9315,974.9422,23750,29526,Nyctalus leisleri,0.01,0.022,-1,Echolocation,/mnt/ubna_data_02_mir/recover-20221013/UBNA_001/20221012_030000.WAV,Telephone Field,recover-20221013,001,1795
974.9715,975.0085,68437,81933,Rhinolophus ferrumequinum,0.02,0.02,-1,Echolocation,/mnt/ubna_data_02_mir/recover-20221013/UBNA_001/20221012_030000.WAV,Telephone Field,recover-20221013,001,1795
974.9965,975.0031,23750,33639,Plecotus austriacus,0.013,0.029,-1,Echolocation,/mnt/ubna_data_02_mir/recover-20221013/UBNA_001/20221012_030000.WAV,Telephone Field,recover-20221013,001,1795
975.0135,975.0505,68437,82381,Rhinolophus ferrumequinum,0.024,0.024,-1,Echolocation,/mnt/ubna_data_02_mir/recover-20221013/UBNA_001/20221012_030000.WAV,Telephone Field,recover-20221013,001,1795
975.0385,975.0758,68437,82055,Rhinolophus ferrumequinum,0.025,0.025,-1,Echolocation,/mnt/ubna_data_02_mir/recover-20221013/UBNA_001/20221012_030000.WAV,Telephone Field,recover-20221013,001,1795
975.0545,975.0932,68437,82156,Rhinolophus ferrumequinum,0.021,0.021,-1,Echolocation,/mnt/ubna_data_02_mir/recover-20221013/UBNA_001/20221012_030000.WAV,Telephone Field,recover-20221013,001,1795
975.0975,975.1378,68437,81636,Rhinolophus ferrumequinum,0.024,0.024,-1,Echolocation,/mnt/ubna_data_02_mir/recover-20221013/UBNA_001/20221012_030000.WAV,Telephone Field,recover-20221013,001,1795
975.0995,975.1067,28046,38354,Eptesicus serotinus,0.008,0.024,-1,Echolocation,/mnt/ubna_data_02_mir/recover-20221013/UBNA_001/20221012_030000.WAV,Telephone Field,recover-20221013,001,1795
975.1215,975.137,28906,34377,Eptesicus serotinus,0.02,0.033,-1,Echolocation,/mnt/ubna_data_02_mir/recover-20221013/UBNA_001/20221012_030000.WAV,Telephone Field,recover-20221013,001,1795
975.1305,975.1711,68437,82375,Rhinolophus ferrumequinum,0.022,0.022,-1,Echolocation,/mnt/ubna_data_02_mir/recover-20221013/UBNA_001/20221012_030000.WAV,Telephone Field,recover-20221013,001,1795
975.1615,975.1685,27187,37266,Eptesicus serotinus,0.007,0.025,-1,Echolocation,/mnt/ubna_data_02_mir/recover-20221013/UBNA_001/20221012_030000.WAV,Telephone Field,recover-20221013,001,1795
975.1635,975.1998,68437,81505,Rhinolophus ferrumequinum,0.02,0.02,-1,Echolocation,/mnt/ubna_data_02_mir/recover-20221013/UBNA_001/20221012_030000.WAV,Telephone Field,recover-20221013,001,1795
975.1735,975.2153,68437,83059,Rhinolophus ferrumequinum,0.024,0.024,-1,Echolocation,/mnt/ubna_data_02_mir/recover-20221013/UBNA_001/20221012_030000.WAV,Telephone Field,recover-20221013,001,1795
975.2035,975.2408,68437,82389,Rhinolophus ferrumequinum,0.021,0.021,-1,Echolocation,/mnt/ubna_data_02_mir/recover-20221013/UBNA_001/20221012_030000.WAV,Telephone Field,recover-20221013,001,1795
975.2545,975.2917,68437,81959,Rhinolophus ferrumequinum,0.025,0.025,-1,Echolocation,/mnt/ubna_data_02_mir/recover-20221013/UBNA_001/20221012_030000.WAV,Telephone Field,recover-20221013,001,1795
975.2555,975.266,28906,36429,Eptesicus serotinus,0.01,0.023,-1,Echolocation,/mnt/ubna_data_02_mir/recover-20221013/UBNA_001/20221012_030000.WAV,Telephone Field,recover-20221013,001,1795
975.2875,975.3275,68437,82877,Rhinolophus ferrumequinum,0.026,0.026,-1,Echolocation,/mnt/ubna_data_02_mir/recover-20221013/UBNA_001/20221012_030000.WAV,Telephone Field,recover-20221013,001,1795
975.3165,975.3535,68437,82140,Rhinolophus ferrumequinum,0.022,0.022,-1,Echolocation,/mnt/ubna_data_02_mir/recover-20221013/UBNA_001/20221012_030000.WAV,Telephone Field,recover-20221013,001,1795
975.3745,975.413,68437,81830,Rhinolophus ferrumequinum,0.02,0.02,-1,Echolocation,/mnt/ubna_data_02_mir/recover-20221013/UBNA_001/20221012_030000.WAV,Telephone Field,recover-20221013,001,1795
975.3785,975.3859,28046,38634,Eptesicus serotinus,0.006,0.02,-1,Echolocation,/mnt/ubna_data_02_mir/recover-20221013/UBNA_001/20221012_030000.WAV,Telephone Field,recover-20221013,001,1795
975.4315,975.4672,68437,81726,Rhinolophus ferrumequinum,0.024,0.024,-1,Echolocation,/mnt/ubna_data_02_mir/recover-20221013/UBNA_001/20221012_030000.WAV,Telephone Field,recover-20221013,001,1795
975.4405,975.4763,68437,81325,Rhinolophus ferrumequinum,0.023,0.023,-1,Echolocation,/mnt/ubna_data_02_mir/recover-20221013/UBNA_001/20221012_030000.WAV,Telephone Field,recover-20221013,001,1795
975.4405,975.4517,52968,57010,Pipistrellus pygmaeus,0.026,0.031,-1,Echolocation,/mnt/ubna_data_02_mir/recover-20221013/UBNA_001/20221012_030000.WAV,Telephone Field,recover-20221013,001,1795
975.4615,975.47,23750,31564,Plecotus austriacus,0.008,0.026,-1,Echolocation,/mnt/ubna_data_02_mir/recover-20221013/UBNA_001/20221012_030000.WAV,Telephone Field,recover-20221013,001,1795
975.4765,975.5099,68437,80449,Rhinolophus ferrumequinum,0.023,0.023,-1,Echolocation,/mnt/ubna_data_02_mir/recover-20221013/UBNA_001/20221012_030000.WAV,Telephone Field,recover-20221013,001,1795
975.5175,975.5262,47812,52307,Pipistrellus pipistrellus,0.076,0.079,-1,Echolocation,/mnt/ubna_data_02_mir/recover-20221013/UBNA_001/20221012_030000.WAV,Telephone Field,recover-20221013,001,1795
975.5315,975.5746,68437,82620,Rhinolophus ferrumequinum,0.035,0.035,-1,Echolocation,/mnt/ubna_data_02_mir/recover-20221013/UBNA_001/20221012_030000.WAV,Telephone Field,recover-20221013,001,1795
975.5345,975.5422,28906,38281,Eptesicus serotinus,0.011,0.031,-1,Echolocation,/mnt/ubna_data_02_mir/recover-20221013/UBNA_001/20221012_030000.WAV,Telephone Field,recover-20221013,001,1795
975.5955,975.6365,68437,82729,Rhinolophus ferrumequinum,0.026,0.026,-1,Echolocation,/mnt/ubna_data_02_mir/recover-20221013/UBNA_001/20221012_030000.WAV,Telephone Field,recover-20221013,001,1795
975.6045,975.615,23750,29462,Nyctalus leisleri,0.01,0.024,-1,Echolocation,/mnt/ubna_data_02_mir/recover-20221013/UBNA_001/20221012_030000.WAV,Telephone Field,recover-20221013,001,1795
975.6115,975.622,15156,21163,Nyctalus noctula,0.012,0.022,-1,Echolocation,/mnt/ubna_data_02_mir/recover-20221013/UBNA_001/20221012_030000.WAV,Telephone Field,recover-20221013,001,1795
975.6225,975.6611,68437,82599,Rhinolophus ferrumequinum,0.023,0.023,-1,Echolocation,/mnt/ubna_data_02_mir/recover-20221013/UBNA_001/20221012_030000.WAV,Telephone Field,recover-20221013,001,1795
975.6325,975.6397,28046,39629,Eptesicus serotinus,0.005,0.021,-1,Echolocation,/mnt/ubna_data_02_mir/recover-20221013/UBNA_001/20221012_030000.WAV,Telephone Field,recover-20221013,001,1795
975.6345,975.6739,68437,82176,Rhinolophus ferrumequinum,0.022,0.022,-1,Echolocation,/mnt/ubna_data_02_mir/recover-20221013/UBNA_001/20221012_030000.WAV,Telephone Field,recover-20221013,001,1795
975.6555,975.6928,68437,82076,Rhinolophus ferrumequinum,0.021,0.021,-1,Echolocation,/mnt/ubna_data_02_mir/recover-20221013/UBNA_001/20221012_030000.WAV,Telephone Field,recover-20221013,001,1795
975.6705,975.7102,68437,82147,Rhinolophus ferrumequinum,0.021,0.021,-1,Echolocation,/mnt/ubna_data_02_mir/recover-20221013/UBNA_001/20221012_030000.WAV,Telephone Field,recover-20221013,001,1795
975.6705,975.6783,23750,31876,Plecotus austriacus,0.008,0.023,-1,Echolocation,/mnt/ubna_data_02_mir/recover-20221013/UBNA_001/20221012_030000.WAV,Telephone Field,recover-20221013,001,1795
975.6775,975.7167,68437,82339,Rhinolophus ferrumequinum,0.021,0.021,-1,Echolocation,/mnt/ubna_data_02_mir/recover-20221013/UBNA_001/20221012_030000.WAV,Telephone Field,recover-20221013,001,1795
975.7045,975.7424,68437,82057,Rhinolophus ferrumequinum,0.023,0.024,-1,Echolocation,/mnt/ubna_data_02_mir/recover-20221013/UBNA_001/20221012_030000.WAV,Telephone Field,recover-20221013,001,1795
975.7505,975.7917,68437,82924,Rhinolophus ferrumequinum,0.024,0.024,-1,Echolocation,/mnt/ubna_data_02_mir/recover-20221013/UBNA_001/20221012_030000.WAV,Telephone Field,recover-20221013,001,1795
975.7585,975.7982,68437,83193,Rhinolophus ferrumequinum,0.021,0.021,-1,Echolocation,/mnt/ubna_data_02_mir/recover-20221013/UBNA_001/20221012_030000.WAV,Telephone Field,recover-20221013,001,1795
975.7745,975.8129,68437,82000,Rhinolophus ferrumequinum,0.02,0.02,-1,Echolocation,/mnt/ubna_data_02_mir/recover-20221013/UBNA_001/20221012_030000.WAV,Telephone Field,recover-20221013,001,1795
975.7775,975.7848,28046,43063,Eptesicus serotinus,0.007,0.022,-1,Echolocation,/mnt/ubna_data_02_mir/recover-20221013/UBNA_001/20221012_030000.WAV,Telephone Field,recover-20221013,001,1795
975.7895,975.8273,68437,82023,Rhinolophus ferrumequinum,0.023,0.023,-1,Echolocation,/mnt/ubna_data_02_mir/recover-20221013/UBNA_001/20221012_030000.WAV,Telephone Field,recover-20221013,001,1795
975.8005,975.8091,23750,31634,Plecotus austriacus,0.009,0.024,-1,Echolocation,/mnt/ubna_data_02_mir/recover-20221013/UBNA_001/20221012_030000.WAV,Telephone Field,recover-20221013,001,1795
975.8115,975.8518,68437,82234,Rhinolophus ferrumequinum,0.026,0.026,-1,Echolocation,/mnt/ubna_data_02_mir/recover-20221013/UBNA_001/20221012_030000.WAV,Telephone Field,recover-20221013,001,1795
975.8335,975.8425,28046,37247,Eptesicus serotinus,0.01,0.026,-1,Echolocation,/mnt/ubna_data_02_mir/recover-20221013/UBNA_001/20221012_030000.WAV,Telephone Field,recover-20221013,001,1795
975.8405,975.8483,29765,37788,Eptesicus serotinus,0.008,0.025,-1,Echolocation,/mnt/ubna_data_02_mir/recover-20221013/UBNA_001/20221012_030000.WAV,Telephone Field,recover-20221013,001,1795
975.8645,975.9008,68437,80852,Rhinolophus ferrumequinum,0.023,0.023,-1,Echolocation,/mnt/ubna_data_02_mir/recover-20221013/UBNA_001/20221012_030000.WAV,Telephone Field,recover-20221013,001,1795
975.8965,975.9348,68437,82068,Rhinolophus ferrumequinum,0.022,0.022,-1,Echolocation,/mnt/ubna_data_02_mir/recover-20221013/UBNA_001/20221012_030000.WAV,Telephone Field,recover-20221013,001,1795
975.9025,975.9416,68437,81897,Rhinolophus ferrumequinum,0.021,0.021,-1,Echolocation,/mnt/ubna_data_02_mir/recover-20221013/UBNA_001/20221012_030000.WAV,Telephone Field,recover-20221013,001,1795
975.9195,975.9634,68437,83732,Rhinolophus ferrumequinum,0.032,0.032,-1,Echolocation,/mnt/ubna_data_02_mir/recover-20221013/UBNA_001/20221012_030000.WAV,Telephone Field,recover-20221013,001,1795
975.9195,975.9269,25468,34371,Plecotus auritus,0.008,0.028,-1,Echolocation,/mnt/ubna_data_02_mir/recover-20221013/UBNA_001/20221012_030000.WAV,Telephone Field,recover-20221013,001,1795
975.9595,975.9986,68437,82405,Rhinolophus ferrumequinum,0.022,0.022,-1,Echolocation,/mnt/ubna_data_02_mir/recover-20221013/UBNA_001/20221012_030000.WAV,Telephone Field,recover-20221013,001,1795
975.9845,975.9948,22890,28111,Nyctalus leisleri,0.01,0.021,-1,Echolocation,/mnt/ubna_data_02_mir/recover-20221013/UBNA_001/20221012_030000.WAV,Telephone Field,recover-20221013,001,1795
976.0015,976.0383,68437,80355,Rhinolophus ferrumequinum,0.089,0.089,-1,Echolocation,/mnt/ubna_data_02_mir/recover-20221013/UBNA_001/20221012_030000.WAV,Telephone Field,recover-20221013,001,1795
976.0015,976.008,46953,53990,Pipistrellus pipistrellus,0.013,0.022,-1,Echolocation,/mnt/ubna_data_02_mir/recover-20221013/UBNA_001/20221012_030000.WAV,Telephone Field,recover-20221013,001,1795
976.0015,976.0116,24609,31431,Nyctalus leisleri,0.011,0.029,-1,Echolocation,/mnt/ubna_data_02_mir/recover-20221013/UBNA_001/20221012_030000.WAV,Telephone Field,recover-20221013,001,1795
976.0085,976.0559,68437,83881,Rhinolophus ferrumequinum,0.064,0.064,-1,Echolocation,/mnt/ubna_data_02_mir/recover-20221013/UBNA_001/20221012_030000.WAV,Telephone Field,recover-20221013,001,1795
976.0355,976.0465,22890,27888,Nyctalus leisleri,0.013,0.025,-1,Echolocation,/mnt/ubna_data_02_mir/recover-20221013/UBNA_001/20221012_030000.WAV,Telephone Field,recover-20221013,001,1795
976.0415,976.0812,68437,82794,Rhinolophus ferrumequinum,0.033,0.033,-1,Echolocation,/mnt/ubna_data_02_mir/recover-20221013/UBNA_001/20221012_030000.WAV,Telephone Field,recover-20221013,001,1795
976.0705,976.0806,28046,35796,Eptesicus serotinus,0.013,0.026,-1,Echolocation,/mnt/ubna_data_02_mir/recover-20221013/UBNA_001/20221012_030000.WAV,Telephone Field,recover-20221013,001,1795
976.0865,976.1256,68437,82596,Rhinolophus ferrumequinum,0.023,0.023,-1,Echolocation,/mnt/ubna_data_02_mir/recover-20221013/UBNA_001/20221012_030000.WAV,Telephone Field,recover-20221013,001,1795
976.1045,976.1404,68437,82158,Rhinolophus ferrumequinum,0.023,0.023,-1,Echolocation,/mnt/ubna_data_02_mir/recover-20221013/UBNA_001/20221012_030000.WAV,Telephone Field,recover-20221013,001,1795
976.1145,976.1529,68437,82092,Rhinolophus ferrumequinum,0.022,0.022,-1,Echolocation,/mnt/ubna_data_02_mir/recover-20221013/UBNA_001/20221012_030000.WAV,Telephone Field,recover-20221013,001,1795
976.1195,976.1557,68437,81674,Rhinolophus ferrumequinum,0.022,0.022,-1,Echolocation,/mnt/ubna_data_02_mir/recover-20221013/UBNA_001/20221012_030000.WAV,Telephone Field,recover-20221013,001,1795
976.1355,976.1802,68437,83272,Rhinolophus ferrumequinum,0.035,0.035,-1,Echolocation,/mnt/ubna_data_02_mir/recover-20221013/UBNA_001/20221012_030000.WAV,Telephone Field,recover-20221013,001,1795
976.1375,976.1478,15156,20564,Nyctalus noctula,0.036,0.067,-1,Echolocation,/mnt/ubna_data_02_mir/recover-20221013/UBNA_001/20221012_030000.WAV,Telephone Field,recover-20221013,001,1795
976.1405,976.151,24609,30370,Nyctalus leisleri,0.008,0.023,-1,Echolocation,/mnt/ubna_data_02_mir/recover-20221013/UBNA_001/20221012_030000.WAV,Telephone Field,recover-20221013,001,1795
976.2065,976.2447,68437,82424,Rhinolophus ferrumequinum,0.027,0.027,-1,Echolocation,/mnt/ubna_data_02_mir/recover-20221013/UBNA_001/20221012_030000.WAV,Telephone Field,recover-20221013,001,1795
976.2325,976.2436,40078,44220,Pipistrellus nathusii,0.023,0.032,-1,Echolocation,/mnt/ubna_data_02_mir/recover-20221013/UBNA_001/20221012_030000.WAV,Telephone Field,recover-20221013,001,1795
976.2735,976.3158,68437,82658,Rhinolophus ferrumequinum,0.027,0.027,-1,Echolocation,/mnt/ubna_data_02_mir/recover-20221013/UBNA_001/20221012_030000.WAV,Telephone Field,recover-20221013,001,1795
976.2815,976.2901,27187,37912,Eptesicus serotinus,0.009,0.024,-1,Echolocation,/mnt/ubna_data_02_mir/recover-20221013/UBNA_001/20221012_030000.WAV,Telephone Field,recover-20221013,001,1795
976.2845,976.325,68437,82702,Rhinolophus ferrumequinum,0.022,0.022,-1,Echolocation,/mnt/ubna_data_02_mir/recover-20221013/UBNA_001/20221012_030000.WAV,Telephone Field,recover-20221013,001,1795
976.3165,976.354,68437,81600,Rhinolophus ferrumequinum,0.022,0.022,-1,Echolocation,/mnt/ubna_data_02_mir/recover-20221013/UBNA_001/20221012_030000.WAV,Telephone Field,recover-20221013,001,1795
976.3495,976.3874,68437,82240,Rhinolophus ferrumequinum,0.024,0.024,-1,Echolocation,/mnt/ubna_data_02_mir/recover-20221013/UBNA_001/20221012_030000.WAV,Telephone Field,recover-20221013,001,1795
976.3555,976.3945,68437,83106,Rhinolophus ferrumequinum,0.024,0.024,-1,Echolocation,/mnt/ubna_data_02_mir/recover-20221013/UBNA_001/20221012_030000.WAV,Telephone Field,recover-20221013,001,1795
976.3795,976.4164,68437,81555,Rhinolophus ferrumequinum,0.022,0.022,-1,Echolocation,/mnt/ubna_data_02_mir/recover-20221013/UBNA_001/20221012_030000.WAV,Telephone Field,recover-20221013,001,1795
976.3955,976.4346,68437,82477,Rhinolophus ferrumequinum,0.022,0.022,-1,Echolocation,/mnt/ubna_data_02_mir/recover-20221013/UBNA_001/20221012_030000.WAV,Telephone Field,recover-20221013,001,1795
976.4135,976.4502,68437,82119,Rhinolophus ferrumequinum,0.023,0.023,-1,Echolocation,/mnt/ubna_data_02_mir/recover-20221013/UBNA_001/20221012_030000.WAV,Telephone Field,recover-20221013,001,1795
976.4315,976.4674,68437,81430,Rhinolophus ferrumequinum,0.022,0.022,-1,Echolocation,/mnt/ubna_data_02_mir/recover-20221013/UBNA_001/20221012_030000.WAV,Telephone Field,recover-20221013,001,1795
976.4365,976.4488,30625,37568,Eptesicus serotinus,0.028,0.057,-1,Echolocation,/mnt/ubna_data_02_mir/recover-20221013/UBNA_001/20221012_030000.WAV,Telephone Field,recover-20221013,001,1795
976.4375,976.4742,68437,81298,Rhinolophus ferrumequinum,0.023,0.023,-1,Echolocation,/mnt/ubna_data_02_mir/recover-20221013/UBNA_001/20221012_030000.WAV,Telephone Field,recover-20221013,001,1795
976.4575,976.4981,68437,82825,Rhinolophus ferrumequinum,0.022,0.022,-1,Echolocation,/mnt/ubna_data_02_mir/recover-20221013/UBNA_001/20221012_030000.WAV,Telephone Field,recover-20221013,001,1795
976.4885,976.4989,28046,35915,Eptesicus serotinus,0.011,0.022,-1,Echolocation,/mnt/ubna_data_02_mir/recover-20221013/UBNA_001/20221012_030000.WAV,Telephone Field,recover-20221013,001,1795
976.5035,976.5448,68437,83108,Rhinolophus ferrumequinum,0.032,0.032,-1,Echolocation,/mnt/ubna_data_02_mir/recover-20221013/UBNA_001/20221012_030000.WAV,Telephone Field,recover-20221013,001,1795
976.5175,976.5313,22031,25861,Nyctalus leisleri,0.013,0.023,-1,Echolocation,/mnt/ubna_data_02_mir/recover-20221013/UBNA_001/20221012_030000.WAV,Telephone Field,recover-20221013,001,1795
976.5275,976.5355,23750,31548,Plecotus austriacus,0.011,0.026,-1,Echolocation,/mnt/ubna_data_02_mir/recover-20221013/UBNA_001/20221012_030000.WAV,Telephone Field,recover-20221013,001,1795
976.5305,976.569,68437,82717,Rhinolophus ferrumequinum,0.025,0.025,-1,Echolocation,/mnt/ubna_data_02_mir/recover-20221013/UBNA_001/20221012_030000.WAV,Telephone Field,recover-20221013,001,1795
976.5515,976.5607,23750,31423,Plecotus austriacus,0.009,0.028,-1,Echolocation,/mnt/ubna_data_02_mir/recover-20221013/UBNA_001/20221012_030000.WAV,Telephone Field,recover-20221013,001,1795
976.5595,976.5681,23750,30514,Nyctalus leisleri,0.007,0.023,-1,Echolocation,/mnt/ubna_data_02_mir/recover-20221013/UBNA_001/20221012_030000.WAV,Telephone Field,recover-20221013,001,1795
976.5885,976.6287,68437,82371,Rhinolophus ferrumequinum,0.036,0.036,-1,Echolocation,/mnt/ubna_data_02_mir/recover-20221013/UBNA_001/20221012_030000.WAV,Telephone Field,recover-20221013,001,1795
976.5895,976.5975,28046,37933,Eptesicus serotinus,0.008,0.023,-1,Echolocation,/mnt/ubna_data_02_mir/recover-20221013/UBNA_001/20221012_030000.WAV,Telephone Field,recover-20221013,001,1795
976.5985000000001,976.6318,68437,81524,Rhinolophus ferrumequinum,0.023,0.023,-1,Echolocation,/mnt/ubna_data_02_mir/recover-20221013/UBNA_001/20221012_030000.WAV,Telephone Field,recover-20221013,001,1795
976.6275,976.6362,26328,35417,Eptesicus serotinus,0.009,0.026,-1,Echolocation,/mnt/ubna_data_02_mir/recover-20221013/UBNA_001/20221012_030000.WAV,Telephone Field,recover-20221013,001,1795
976.6355,976.6454,25468,32914,Eptesicus serotinus,0.008,0.024,-1,Echolocation,/mnt/ubna_data_02_mir/recover-20221013/UBNA_001/20221012_030000.WAV,Telephone Field,recover-20221013,001,1795
976.6425,976.6826,68437,82612,Rhinolophus ferrumequinum,0.028,0.028,-1,Echolocation,/mnt/ubna_data_02_mir/recover-20221013/UBNA_001/20221012_030000.WAV,Telephone Field,recover-20221013,001,1795
976.6705,976.7078,68437,80791,Rhinolophus ferrumequinum,0.024,0.024,-1,Echolocation,/mnt/ubna_data_02_mir/recover-20221013/UBNA_001/20221012_030000.WAV,Telephone Field,recover-20221013,001,1795
976.6865,976.7243,68437,81328,Rhinolophus ferrumequinum,0.022,0.022,-1,Echolocation,/mnt/ubna_data_02_mir/recover-20221013/UBNA_001/20221012_030000.WAV,Telephone Field,recover-20221013,001,1795
976.6865,976.6936,46093,50442,Pipistrellus pipistrellus,0.033,0.035,-1,Echolocation,/mnt/ubna_data_02_mir/recover-20221013/UBNA_001/20221012_030000.WAV,Telephone Field,recover-20221013,001,1795
976.7115,976.75,68437,82347,Rhinolophus ferrumequinum,0.033,0.033,-1,Echolocation,/mnt/ubna_data_02_mir/recover-20221013/UBNA_001/20221012_030000.WAV,Telephone Field,recover-20221013,001,1795
976.7485,976.7631,23750,28624,Nyctalus leisleri,0.022,0.044,-1,Echolocation,/mnt/ubna_data_02_mir/recover-20221013/UBNA_001/20221012_030000.WAV,Telephone Field,recover-20221013,001,1795
976.7695,976.8122,68437,82920,Rhinolophus ferrumequinum,0.027,0.027,-1,Echolocation,/mnt/ubna_data_02_mir/recover-20221013/UBNA_001/20221012_030000.WAV,Telephone Field,recover-20221013,001,1795
976.7975,976.8354,68437,82065,Rhinolophus ferrumequinum,0.026,0.026,-1,Echolocation,/mnt/ubna_data_02_mir/recover-20221013/UBNA_001/20221012_030000.WAV,Telephone Field,recover-20221013,001,1795
976.8035,976.8421,68437,82727,Rhinolophus ferrumequinum,0.024,0.024,-1,Echolocation,/mnt/ubna_data_02_mir/recover-20221013/UBNA_001/20221012_030000.WAV,Telephone Field,recover-20221013,001,1795
976.8185,976.8303,49531,54195,Pipistrellus pipistrellus,0.027,0.032,-1,Echolocation,/mnt/ubna_data_02_mir/recover-20221013/UBNA_001/20221012_030000.WAV,Telephone Field,recover-20221013,001,1795
976.8575,976.8967,68437,81957,Rhinolophus ferrumequinum,0.024,0.024,-1,Echolocation,/mnt/ubna_data_02_mir/recover-20221013/UBNA_001/20221012_030000.WAV,Telephone Field,recover-20221013,001,1795
976.8875,976.9261,68437,82069,Rhinolophus ferrumequinum,0.022,0.022,-1,Echolocation,/mnt/ubna_data_02_mir/recover-20221013/UBNA_001/20221012_030000.WAV,Telephone Field,recover-20221013,001,1795
976.8935,976.9004,23750,32474,Plecotus austriacus,0.011,0.027,-1,Echolocation,/mnt/ubna_data_02_mir/recover-20221013/UBNA_001/20221012_030000.WAV,Telephone Field,recover-20221013,001,1795
976.9375,976.9718,68437,80936,Rhinolophus ferrumequinum,0.023,0.023,-1,Echolocation,/mnt/ubna_data_02_mir/recover-20221013/UBNA_001/20221012_030000.WAV,Telephone Field,recover-20221013,001,1795
976.9525,976.9913,68437,81496,Rhinolophus ferrumequinum,0.028,0.028,-1,Echolocation,/mnt/ubna_data_02_mir/recover-20221013/UBNA_001/20221012_030000.WAV,Telephone Field,recover-20221013,001,1795
976.9725,977.0113,68437,81706,Rhinolophus ferrumequinum,0.023,0.023,-1,Echolocation,/mnt/ubna_data_02_mir/recover-20221013/UBNA_001/20221012_030000.WAV,Telephone Field,recover-20221013,001,1795
976.9785,976.9886,22031,27817,Nyctalus leisleri,0.009,0.023,-1,Echolocation,/mnt/ubna_data_02_mir/recover-20221013/UBNA_001/20221012_030000.WAV,Telephone Field,recover-20221013,001,1795
976.9835,976.9911,25468,34437,Plecotus austriacus,0.006,0.024,-1,Echolocation,/mnt/ubna_data_02_mir/recover-20221013/UBNA_001/20221012_030000.WAV,Telephone Field,recover-20221013,001,1795
977.0155,977.0564,68437,82397,Rhinolophus ferrumequinum,0.023,0.023,-1,Echolocation,/mnt/ubna_data_02_mir/recover-20221013/UBNA_001/20221012_030000.WAV,Telephone Field,recover-20221013,001,1795
977.0525,977.0924,68437,82056,Rhinolophus ferrumequinum,0.029,0.029,-1,Echolocation,/mnt/ubna_data_02_mir/recover-20221013/UBNA_001/20221012_030000.WAV,Telephone Field,recover-20221013,001,1795
977.0585,977.0986,68437,82280,Rhinolophus ferrumequinum,0.027,0.027,-1,Echolocation,/mnt/ubna_data_02_mir/recover-20221013/UBNA_001/20221012_030000.WAV,Telephone Field,recover-20221013,001,1795
977.1115,977.1485,68437,81256,Rhinolophus ferrumequinum,0.022,0.022,-1,Echolocation,/mnt/ubna_data_02_mir/recover-20221013/UBNA_001/20221012_030000.WAV,Telephone Field,recover-20221013,001,1795
977.1375,977.1735,68437,81326,Rhinolophus ferrumequinum,0.022,0.022,-1,Echolocation,/mnt/ubna_data_02_mir/recover-20221013/UBNA_001/20221012_030000.WAV,Telephone Field,recover-20221013,001,1795
977.1875,977.2241,68437,81711,Rhinolophus ferrumequinum,0.022,0.022,-1,Echolocation,/mnt/ubna_data_02_mir/recover-20221013/UBNA_001/20221012_030000.WAV,Telephone Field,recover-20221013,001,1795
977.2195,977.2584,68437,82457,Rhinolophus ferrumequinum,0.025,0.025,-1,Echolocation,/mnt/ubna_data_02_mir/recover-20221013/UBNA_001/20221012_030000.WAV,Telephone Field,recover-20221013,001,1795
977.2385,977.2781,68437,82327,Rhinolophus ferrumequinum,0.025,0.025,-1,Echolocation,/mnt/ubna_data_02_mir/recover-20221013/UBNA_001/20221012_030000.WAV,Telephone Field,recover-20221013,001,1795
977.2515,977.2587,26328,38898,Eptesicus serotinus,0.007,0.023,-1,Echolocation,/mnt/ubna_data_02_mir/recover-20221013/UBNA_001/20221012_030000.WAV,Telephone Field,recover-20221013,001,1795
977.2845,977.3036,19453,21941,Nyctalus leisleri,0.013,0.023,-1,Echolocation,/mnt/ubna_data_02_mir/recover-20221013/UBNA_001/20221012_030000.WAV,Telephone Field,recover-20221013,001,1795
977.3045,977.3118,26328,39585,Eptesicus serotinus,0.006,0.022,-1,Echolocation,/mnt/ubna_data_02_mir/recover-20221013/UBNA_001/20221012_030000.WAV,Telephone Field,recover-20221013,001,1795
977.3745,977.417,68437,82941,Rhinolophus ferrumequinum,0.046,0.046,-1,Echolocation,/mnt/ubna_data_02_mir/recover-20221013/UBNA_001/20221012_030000.WAV,Telephone Field,recover-20221013,001,1795
977.3745,977.3834,28046,39852,Eptesicus serotinus,0.009,0.022,-1,Echolocation,/mnt/ubna_data_02_mir/recover-20221013/UBNA_001/20221012_030000.WAV,Telephone Field,recover-20221013,001,1795
977.4215,977.4319,25468,32702,Eptesicus serotinus,0.01,0.026,-1,Echolocation,/mnt/ubna_data_02_mir/recover-20221013/UBNA_001/20221012_030000.WAV,Telephone Field,recover-20221013,001,1795
977.4715,977.4778,28046,40194,Eptesicus serotinus,0.006,0.023,-1,Echolocation,/mnt/ubna_data_02_mir/recover-20221013/UBNA_001/20221012_030000.WAV,Telephone Field,recover-20221013,001,1795
977.4845,977.5234,68437,81927,Rhinolophus ferrumequinum,0.024,0.024,-1,Echolocation,/mnt/ubna_data_02_mir/recover-20221013/UBNA_001/20221012_030000.WAV,Telephone Field,recover-20221013,001,1795
977.5115,977.5229,28046,34207,Eptesicus serotinus,0.011,0.023,-1,Echolocation,/mnt/ubna_data_02_mir/recover-20221013/UBNA_001/20221012_030000.WAV,Telephone Field,recover-20221013,001,1795
977.5205,977.5306,26328,33697,Eptesicus serotinus,0.012,0.03,-1,Echolocation,/mnt/ubna_data_02_mir/recover-20221013/UBNA_001/20221012_030000.WAV,Telephone Field,recover-20221013,001,1795
977.5365,977.571,68437,80848,Rhinolophus ferrumequinum,0.022,0.022,-1,Echolocation,/mnt/ubna_data_02_mir/recover-20221013/UBNA_001/20221012_030000.WAV,Telephone Field,recover-20221013,001,1795
977.5685,977.6076,68437,82245,Rhinolophus ferrumequinum,0.032,0.032,-1,Echolocation,/mnt/ubna_data_02_mir/recover-20221013/UBNA_001/20221012_030000.WAV,Telephone Field,recover-20221013,001,1795
977.5775,977.6186,68437,82190,Rhinolophus ferrumequinum,0.026,0.026,-1,Echolocation,/mnt/ubna_data_02_mir/recover-20221013/UBNA_001/20221012_030000.WAV,Telephone Field,recover-20221013,001,1795
977.5845,977.6248,68437,82779,Rhinolophus ferrumequinum,0.026,0.026,-1,Echolocation,/mnt/ubna_data_02_mir/recover-20221013/UBNA_001/20221012_030000.WAV,Telephone Field,recover-20221013,001,1795
977.5875,977.5954,28046,39221,Eptesicus serotinus,0.009,0.027,-1,Echolocation,/mnt/ubna_data_02_mir/recover-20221013/UBNA_001/20221012_030000.WAV,Telephone Field,recover-20221013,001,1795
977.6235,977.6318,49531,54070,Pipistrellus pipistrellus,0.025,0.029,-1,Echolocation,/mnt/ubna_data_02_mir/recover-20221013/UBNA_001/20221012_030000.WAV,Telephone Field,recover-20221013,001,1795
977.6435,977.684,68437,82399,Rhinolophus ferrumequinum,0.025,0.025,-1,Echolocation,/mnt/ubna_data_02_mir/recover-20221013/UBNA_001/20221012_030000.WAV,Telephone Field,recover-20221013,001,1795
977.6715,977.7112,68437,82612,Rhinolophus ferrumequinum,0.022,0.022,-1,Echolocation,/mnt/ubna_data_02_mir/recover-20221013/UBNA_001/20221012_030000.WAV,Telephone Field,recover-20221013,001,1795
977.6955,977.707,49531,53790,Pipistrellus pipistrellus,0.025,0.031,-1,Echolocation,/mnt/ubna_data_02_mir/recover-20221013/UBNA_001/20221012_030000.WAV,Telephone Field,recover-20221013,001,1795
977.7005,977.7379,68437,81630,Rhinolophus ferrumequinum,0.024,0.024,-1,Echolocation,/mnt/ubna_data_02_mir/recover-20221013/UBNA_001/20221012_030000.WAV,Telephone Field,recover-20221013,001,1795
977.7095,977.7477,68437,82470,Rhinolophus ferrumequinum,0.023,0.023,-1,Echolocation,/mnt/ubna_data_02_mir/recover-20221013/UBNA_001/20221012_030000.WAV,Telephone Field,recover-20221013,001,1795
977.7725,977.782,24609,32608,Nyctalus leisleri,0.008,0.025,-1,Echolocation,/mnt/ubna_data_02_mir/recover-20221013/UBNA_001/20221012_030000.WAV,Telephone Field,recover-20221013,001,1795
977.7725,977.8112,68437,81883,Rhinolophus ferrumequinum,0.022,0.022,-1,Echolocation,/mnt/ubna_data_02_mir/recover-20221013/UBNA_001/20221012_030000.WAV,Telephone Field,recover-20221013,001,1795
977.7875,977.8279,68437,83000,Rhinolophus ferrumequinum,0.027,0.027,-1,Echolocation,/mnt/ubna_data_02_mir/recover-20221013/UBNA_001/20221012_030000.WAV,Telephone Field,recover-20221013,001,1795
977.8315,977.8727,68437,82007,Rhinolophus ferrumequinum,0.024,0.024,-1,Echolocation,/mnt/ubna_data_02_mir/recover-20221013/UBNA_001/20221012_030000.WAV,Telephone Field,recover-20221013,001,1795
977.8355,977.8443,47812,52547,Pipistrellus pipistrellus,0.025,0.027,-1,Echolocation,/mnt/ubna_data_02_mir/recover-20221013/UBNA_001/20221012_030000.WAV,Telephone Field,recover-20221013,001,1795
977.8585,977.8688,36640,41808,Pipistrellus nathusii,0.027,0.042,-1,Echolocation,/mnt/ubna_data_02_mir/recover-20221013/UBNA_001/20221012_030000.WAV,Telephone Field,recover-20221013,001,1795
977.9005,977.9403,68437,82557,Rhinolophus ferrumequinum,0.025,0.025,-1,Echolocation,/mnt/ubna_data_02_mir/recover-20221013/UBNA_001/20221012_030000.WAV,Telephone Field,recover-20221013,001,1795
977.9615,977.9981,68437,81083,Rhinolophus ferrumequinum,0.023,0.023,-1,Echolocation,/mnt/ubna_data_02_mir/recover-20221013/UBNA_001/20221012_030000.WAV,Telephone Field,recover-20221013,001,1795
977.9885,977.9989,22031,28044,Nyctalus leisleri,0.008,0.023,-1,Echolocation,/mnt/ubna_data_02_mir/recover-20221013/UBNA_001/20221012_030000.WAV,Telephone Field,recover-20221013,001,1795
978.0015,978.0101,23750,33175,Nyctalus leisleri,0.01,0.035,-1,Echolocation,/mnt/ubna_data_02_mir/recover-20221013/UBNA_001/20221012_030000.WAV,Telephone Field,recover-20221013,001,1795
978.0015,978.0351,68437,80650,Rhinolophus ferrumequinum,0.035,0.035,-1,Echolocation,/mnt/ubna_data_02_mir/recover-20221013/UBNA_001/20221012_030000.WAV,Telephone Field,recover-20221013,001,1795
978.0195,978.0276,28046,38287,Eptesicus serotinus,0.008,0.024,-1,Echolocation,/mnt/ubna_data_02_mir/recover-20221013/UBNA_001/20221012_030000.WAV,Telephone Field,recover-20221013,001,1795
978.0245,978.0682,68437,82761,Rhinolophus ferrumequinum,0.026,0.027,-1,Echolocation,/mnt/ubna_data_02_mir/recover-20221013/UBNA_001/20221012_030000.WAV,Telephone Field,recover-20221013,001,1795
978.0545,978.0933,68437,81992,Rhinolophus ferrumequinum,0.025,0.025,-1,Echolocation,/mnt/ubna_data_02_mir/recover-20221013/UBNA_001/20221012_030000.WAV,Telephone Field,recover-20221013,001,1795
978.0915,978.1283,68437,81850,Rhinolophus ferrumequinum,0.021,0.021,-1,Echolocation,/mnt/ubna_data_02_mir/recover-20221013/UBNA_001/20221012_030000.WAV,Telephone Field,recover-20221013,001,1795
978.1375,978.1807,68437,82617,Rhinolophus ferrumequinum,0.031,0.031,-1,Echolocation,/mnt/ubna_data_02_mir/recover-20221013/UBNA_001/20221012_030000.WAV,Telephone Field,recover-20221013,001,1795
978.1415,978.1573,21171,25032,Nyctalus leisleri,0.015,0.027,-1,Echolocation,/mnt/ubna_data_02_mir/recover-20221013/UBNA_001/20221012_030000.WAV,Telephone Field,recover-20221013,001,1795
978.1575,978.1653,23750,32044,Plecotus austriacus,0.008,0.022,-1,Echolocation,/mnt/ubna_data_02_mir/recover-20221013/UBNA_001/20221012_030000.WAV,Telephone Field,recover-20221013,001,1795
978.1575,978.1976,68437,82644,Rhinolophus ferrumequinum,0.021,0.021,-1,Echolocation,/mnt/ubna_data_02_mir/recover-20221013/UBNA_001/20221012_030000.WAV,Telephone Field,recover-20221013,001,1795
978.2145,978.2512,68437,81057,Rhinolophus ferrumequinum,0.021,0.021,-1,Echolocation,/mnt/ubna_data_02_mir/recover-20221013/UBNA_001/20221012_030000.WAV,Telephone Field,recover-20221013,001,1795
978.2625,978.3019,68437,82103,Rhinolophus ferrumequinum,0.025,0.025,-1,Echolocation,/mnt/ubna_data_02_mir/recover-20221013/UBNA_001/20221012_030000.WAV,Telephone Field,recover-20221013,001,1795
978.2775,978.2871,35781,43443,Myotis daubentonii,0.01,0.032,-1,Echolocation,/mnt/ubna_data_02_mir/recover-20221013/UBNA_001/20221012_030000.WAV,Telephone Field,recover-20221013,001,1795
978.2895,978.2979,33203,41239,Myotis daubentonii,0.008,0.022,-1,Echolocation,/mnt/ubna_data_02_mir/recover-20221013/UBNA_001/20221012_030000.WAV,Telephone Field,recover-20221013,001,1795
978.3175,978.3591,68437,82672,Rhinolophus ferrumequinum,0.027,0.027,-1,Echolocation,/mnt/ubna_data_02_mir/recover-20221013/UBNA_001/20221012_030000.WAV,Telephone Field,recover-20221013,001,1795
978.3835,978.4209,68437,81378,Rhinolophus ferrumequinum,0.022,0.022,-1,Echolocation,/mnt/ubna_data_02_mir/recover-20221013/UBNA_001/20221012_030000.WAV,Telephone Field,recover-20221013,001,1795
978.4545,978.4684,22031,27205,Nyctalus leisleri,0.013,0.027,-1,Echolocation,/mnt/ubna_data_02_mir/recover-20221013/UBNA_001/20221012_030000.WAV,Telephone Field,recover-20221013,001,1795
978.4565,978.4961,68437,82958,Rhinolophus ferrumequinum,0.024,0.024,-1,Echolocation,/mnt/ubna_data_02_mir/recover-20221013/UBNA_001/20221012_030000.WAV,Telephone Field,recover-20221013,001,1795
978.5075,978.5497,68437,82665,Rhinolophus ferrumequinum,0.026,0.026,-1,Echolocation,/mnt/ubna_data_02_mir/recover-20221013/UBNA_001/20221012_030000.WAV,Telephone Field,recover-20221013,001,1795
978.5235,978.5341,23750,29633,Nyctalus leisleri,0.009,0.022,-1,Echolocation,/mnt/ubna_data_02_mir/recover-20221013/UBNA_001/20221012_030000.WAV,Telephone Field,recover-20221013,001,1795
978.5345,978.5418,48671,54968,Pipistrellus pipistrellus,0.019,0.021,-1,Echolocation,/mnt/ubna_data_02_mir/recover-20221013/UBNA_001/20221012_030000.WAV,Telephone Field,recover-20221013,001,1795
978.5415,978.5813,68437,82390,Rhinolophus ferrumequinum,0.024,0.024,-1,Echolocation,/mnt/ubna_data_02_mir/recover-20221013/UBNA_001/20221012_030000.WAV,Telephone Field,recover-20221013,001,1795
978.5495,978.5568,23750,32439,Plecotus austriacus,0.01,0.024,-1,Echolocation,/mnt/ubna_data_02_mir/recover-20221013/UBNA_001/20221012_030000.WAV,Telephone Field,recover-20221013,001,1795
978.5785,978.6189,68437,82132,Rhinolophus ferrumequinum,0.022,0.022,-1,Echolocation,/mnt/ubna_data_02_mir/recover-20221013/UBNA_001/20221012_030000.WAV,Telephone Field,recover-20221013,001,1795
978.6055,978.6181,23750,28772,Nyctalus leisleri,0.017,0.034,-1,Echolocation,/mnt/ubna_data_02_mir/recover-20221013/UBNA_001/20221012_030000.WAV,Telephone Field,recover-20221013,001,1795
978.6225,978.6613,68437,81852,Rhinolophus ferrumequinum,0.022,0.022,-1,Echolocation,/mnt/ubna_data_02_mir/recover-20221013/UBNA_001/20221012_030000.WAV,Telephone Field,recover-20221013,001,1795
978.6325,978.669,68437,81992,Rhinolophus ferrumequinum,0.021,0.021,-1,Echolocation,/mnt/ubna_data_02_mir/recover-20221013/UBNA_001/20221012_030000.WAV,Telephone Field,recover-20221013,001,1795
978.6514999999999,978.6603,28046,37878,Eptesicus serotinus,0.008,0.023,-1,Echolocation,/mnt/ubna_data_02_mir/recover-20221013/UBNA_001/20221012_030000.WAV,Telephone Field,recover-20221013,001,1795
978.6514999999999,978.6885,68437,81790,Rhinolophus ferrumequinum,0.021,0.021,-1,Echolocation,/mnt/ubna_data_02_mir/recover-20221013/UBNA_001/20221012_030000.WAV,Telephone Field,recover-20221013,001,1795
978.6595,978.6977,68437,81859,Rhinolophus ferrumequinum,0.021,0.022,-1,Echolocation,/mnt/ubna_data_02_mir/recover-20221013/UBNA_001/20221012_030000.WAV,Telephone Field,recover-20221013,001,1795
978.6785,978.6887,25468,32565,Eptesicus serotinus,0.01,0.027,-1,Echolocation,/mnt/ubna_data_02_mir/recover-20221013/UBNA_001/20221012_030000.WAV,Telephone Field,recover-20221013,001,1795
978.6945,978.7346,68437,82674,Rhinolophus ferrumequinum,0.024,0.024,-1,Echolocation,/mnt/ubna_data_02_mir/recover-20221013/UBNA_001/20221012_030000.WAV,Telephone Field,recover-20221013,001,1795
978.7105,978.7487,68437,82178,Rhinolophus ferrumequinum,0.024,0.024,-1,Echolocation,/mnt/ubna_data_02_mir/recover-20221013/UBNA_001/20221012_030000.WAV,Telephone Field,recover-20221013,001,1795
978.7195,978.7266,27187,39762,Eptesicus serotinus,0.007,0.023,-1,Echolocation,/mnt/ubna_data_02_mir/recover-20221013/UBNA_001/20221012_030000.WAV,Telephone Field,recover-20221013,001,1795
978.7355,978.7435,24609,32780,Plecotus austriacus,0.007,0.021,-1,Echolocation,/mnt/ubna_data_02_mir/recover-20221013/UBNA_001/20221012_030000.WAV,Telephone Field,recover-20221013,001,1795
978.7515,978.7897,68437,81782,Rhinolophus ferrumequinum,0.024,0.024,-1,Echolocation,/mnt/ubna_data_02_mir/recover-20221013/UBNA_001/20221012_030000.WAV,Telephone Field,recover-20221013,001,1795
978.7735,978.8081,67578,78577,Rhinolophus ferrumequinum,0.021,0.022,-1,Echolocation,/mnt/ubna_data_02_mir/recover-20221013/UBNA_001/20221012_030000.WAV,Telephone Field,recover-20221013,001,1795
978.7945,978.8295,68437,81704,Rhinolophus ferrumequinum,0.022,0.022,-1,Echolocation,/mnt/ubna_data_02_mir/recover-20221013/UBNA_001/20221012_030000.WAV,Telephone Field,recover-20221013,001,1795
978.8265,978.8343,27187,38533,Eptesicus serotinus,0.007,0.021,-1,Echolocation,/mnt/ubna_data_02_mir/recover-20221013/UBNA_001/20221012_030000.WAV,Telephone Field,recover-20221013,001,1795
978.8355,978.8466,30625,38358,Eptesicus serotinus,0.013,0.028,-1,Echolocation,/mnt/ubna_data_02_mir/recover-20221013/UBNA_001/20221012_030000.WAV,Telephone Field,recover-20221013,001,1795
978.8365,978.8755,68437,82554,Rhinolophus ferrumequinum,0.024,0.024,-1,Echolocation,/mnt/ubna_data_02_mir/recover-20221013/UBNA_001/20221012_030000.WAV,Telephone Field,recover-20221013,001,1795
978.8635,978.9043,68437,82309,Rhinolophus ferrumequinum,0.022,0.022,-1,Echolocation,/mnt/ubna_data_02_mir/recover-20221013/UBNA_001/20221012_030000.WAV,Telephone Field,recover-20221013,001,1795
978.8795,978.8926,22890,26776,Nyctalus leisleri,0.02,0.033,-1,Echolocation,/mnt/ubna_data_02_mir/recover-20221013/UBNA_001/20221012_030000.WAV,Telephone Field,recover-20221013,001,1795
978.9175,978.9507,68437,80597,Rhinolophus ferrumequinum,0.022,0.022,-1,Echolocation,/mnt/ubna_data_02_mir/recover-20221013/UBNA_001/20221012_030000.WAV,Telephone Field,recover-20221013,001,1795
978.9285,978.963,68437,81290,Rhinolophus ferrumequinum,0.021,0.021,-1,Echolocation,/mnt/ubna_data_02_mir/recover-20221013/UBNA_001/20221012_030000.WAV,Telephone Field,recover-20221013,001,1795
978.9285,978.9379,28046,37689,Eptesicus serotinus,0.009,0.024,-1,Echolocation,/mnt/ubna_data_02_mir/recover-20221013/UBNA_001/20221012_030000.WAV,Telephone Field,recover-20221013,001,1795
978.9445,978.9812,68437,81516,Rhinolophus ferrumequinum,0.022,0.022,-1,Echolocation,/mnt/ubna_data_02_mir/recover-20221013/UBNA_001/20221012_030000.WAV,Telephone Field,recover-20221013,001,1795
978.9625,979.0013,68437,81649,Rhinolophus ferrumequinum,0.024,0.024,-1,Echolocation,/mnt/ubna_data_02_mir/recover-20221013/UBNA_001/20221012_030000.WAV,Telephone Field,recover-20221013,001,1795
978.9675,979.0066,68437,81749,Rhinolophus ferrumequinum,0.024,0.024,-1,Echolocation,/mnt/ubna_data_02_mir/recover-20221013/UBNA_001/20221012_030000.WAV,Telephone Field,recover-20221013,001,1795
978.9925,979.0031,28046,35548,Eptesicus serotinus,0.017,0.03,-1,Echolocation,/mnt/ubna_data_02_mir/recover-20221013/UBNA_001/20221012_030000.WAV,Telephone Field,recover-20221013,001,1795
979.0445,979.0833,68437,82136,Rhinolophus ferrumequinum,0.021,0.021,-1,Echolocation,/mnt/ubna_data_02_mir/recover-20221013/UBNA_001/20221012_030000.WAV,Telephone Field,recover-20221013,001,1795
979.0515,979.0912,68437,82573,Rhinolophus ferrumequinum,0.021,0.021,-1,Echolocation,/mnt/ubna_data_02_mir/recover-20221013/UBNA_001/20221012_030000.WAV,Telephone Field,recover-20221013,001,1795
979.0715,979.1131,68437,82794,Rhinolophus ferrumequinum,0.031,0.031,-1,Echolocation,/mnt/ubna_data_02_mir/recover-20221013/UBNA_001/20221012_030000.WAV,Telephone Field,recover-20221013,001,1795
979.0975,979.1082,22031,26021,Nyctalus leisleri,0.012,0.022,-1,Echolocation,/mnt/ubna_data_02_mir/recover-20221013/UBNA_001/20221012_030000.WAV,Telephone Field,recover-20221013,001,1795
979.1305,979.17,68437,81924,Rhinolophus ferrumequinum,0.024,0.025,-1,Echolocation,/mnt/ubna_data_02_mir/recover-20221013/UBNA_001/20221012_030000.WAV,Telephone Field,recover-20221013,001,1795
979.1585,979.1978,68437,82111,Rhinolophus ferrumequinum,0.029,0.029,-1,Echolocation,/mnt/ubna_data_02_mir/recover-20221013/UBNA_001/20221012_030000.WAV,Telephone Field,recover-20221013,001,1795
979.2195,979.2277,28046,39811,Eptesicus serotinus,0.007,0.021,-1,Echolocation,/mnt/ubna_data_02_mir/recover-20221013/UBNA_001/20221012_030000.WAV,Telephone Field,recover-20221013,001,1795
979.2555,979.2658,24609,30987,Nyctalus leisleri,0.009,0.023,-1,Echolocation,/mnt/ubna_data_02_mir/recover-20221013/UBNA_001/20221012_030000.WAV,Telephone Field,recover-20221013,001,1795
979.3245,979.3615,68437,81412,Rhinolophus ferrumequinum,0.022,0.022,-1,Echolocation,/mnt/ubna_data_02_mir/recover-20221013/UBNA_001/20221012_030000.WAV,Telephone Field,recover-20221013,001,1795
979.3425,979.379,68437,81752,Rhinolophus ferrumequinum,0.022,0.022,-1,Echolocation,/mnt/ubna_data_02_mir/recover-20221013/UBNA_001/20221012_030000.WAV,Telephone Field,recover-20221013,001,1795
979.3475,979.3575,26328,35144,Eptesicus serotinus,0.009,0.021,-1,Echolocation,/mnt/ubna_data_02_mir/recover-20221013/UBNA_001/20221012_030000.WAV,Telephone Field,recover-20221013,001,1795
979.3635,979.4026,68437,81796,Rhinolophus ferrumequinum,0.022,0.022,-1,Echolocation,/mnt/ubna_data_02_mir/recover-20221013/UBNA_001/20221012_030000.WAV,Telephone Field,recover-20221013,001,1795
979.3715,979.3768,37500,61087,Myotis mystacinus,0.008,0.024,-1,Echolocation,/mnt/ubna_data_02_mir/recover-20221013/UBNA_001/20221012_030000.WAV,Telephone Field,recover-20221013,001,1795
979.3845,979.422,68437,81226,Rhinolophus ferrumequinum,0.026,0.027,-1,Echolocation,/mnt/ubna_data_02_mir/recover-20221013/UBNA_001/20221012_030000.WAV,Telephone Field,recover-20221013,001,1795
979.3865,979.4052,20312,23012,Nyctalus leisleri,0.014,0.021,-1,Echolocation,/mnt/ubna_data_02_mir/recover-20221013/UBNA_001/20221012_030000.WAV,Telephone Field,recover-20221013,001,1795
979.4325,979.4711,68437,81651,Rhinolophus ferrumequinum,0.022,0.022,-1,Echolocation,/mnt/ubna_data_02_mir/recover-20221013/UBNA_001/20221012_030000.WAV,Telephone Field,recover-20221013,001,1795
979.4495,979.4594,27187,35756,Eptesicus serotinus,0.008,0.021,-1,Echolocation,/mnt/ubna_data_02_mir/recover-20221013/UBNA_001/20221012_030000.WAV,Telephone Field,recover-20221013,001,1795
979.4525,979.4955,68437,83056,Rhinolophus ferrumequinum,0.029,0.029,-1,Echolocation,/mnt/ubna_data_02_mir/recover-20221013/UBNA_001/20221012_030000.WAV,Telephone Field,recover-20221013,001,1795
979.4615,979.4689,28046,37547,Eptesicus serotinus,0.041,0.075,-1,Echolocation,/mnt/ubna_data_02_mir/recover-20221013/UBNA_001/20221012_030000.WAV,Telephone Field,recover-20221013,001,1795
979.4795,979.5168,68437,81946,Rhinolophus ferrumequinum,0.021,0.021,-1,Echolocation,/mnt/ubna_data_02_mir/recover-20221013/UBNA_001/20221012_030000.WAV,Telephone Field,recover-20221013,001,1795
979.4895,979.5273,68437,81880,Rhinolophus ferrumequinum,0.023,0.023,-1,Echolocation,/mnt/ubna_data_02_mir/recover-20221013/UBNA_001/20221012_030000.WAV,Telephone Field,recover-20221013,001,1795
979.5255,979.5638,68437,81792,Rhinolophus ferrumequinum,0.021,0.021,-1,Echolocation,/mnt/ubna_data_02_mir/recover-20221013/UBNA_001/20221012_030000.WAV,Telephone Field,recover-20221013,001,1795
979.5545,979.5649,28906,35808,Eptesicus serotinus,0.009,0.022,-1,Echolocation,/mnt/ubna_data_02_mir/recover-20221013/UBNA_001/20221012_030000.WAV,Telephone Field,recover-20221013,001,1795
979.5665,979.6049,68437,82448,Rhinolophus ferrumequinum,0.023,0.023,-1,Echolocation,/mnt/ubna_data_02_mir/recover-20221013/UBNA_001/20221012_030000.WAV,Telephone Field,recover-20221013,001,1795
979.5715,979.5787,24609,35220,Plecotus austriacus,0.006,0.022,-1,Echolocation,/mnt/ubna_data_02_mir/recover-20221013/UBNA_001/20221012_030000.WAV,Telephone Field,recover-20221013,001,1795
979.5945,979.6071,22890,26922,Nyctalus leisleri,0.014,0.024,-1,Echolocation,/mnt/ubna_data_02_mir/recover-20221013/UBNA_001/20221012_030000.WAV,Telephone Field,recover-20221013,001,1795
979.6325,979.6425,46093,51644,Pipistrellus pipistrellus,0.018,0.022,-1,Echolocation,/mnt/ubna_data_02_mir/recover-20221013/UBNA_001/20221012_030000.WAV,Telephone Field,recover-20221013,001,1795
979.6465,979.6845,68437,81703,Rhinolophus ferrumequinum,0.024,0.024,-1,Echolocation,/mnt/ubna_data_02_mir/recover-20221013/UBNA_001/20221012_030000.WAV,Telephone Field,recover-20221013,001,1795
979.6605,979.6682,28046,38212,Eptesicus serotinus,0.006,0.022,-1,Echolocation,/mnt/ubna_data_02_mir/recover-20221013/UBNA_001/20221012_030000.WAV,Telephone Field,recover-20221013,001,1795
979.6775,979.7149,68437,81708,Rhinolophus ferrumequinum,0.023,0.023,-1,Echolocation,/mnt/ubna_data_02_mir/recover-20221013/UBNA_001/20221012_030000.WAV,Telephone Field,recover-20221013,001,1795
979.7215,979.762,68437,82067,Rhinolophus ferrumequinum,0.026,0.026,-1,Echolocation,/mnt/ubna_data_02_mir/recover-20221013/UBNA_001/20221012_030000.WAV,Telephone Field,recover-20221013,001,1795
979.7385,979.7479,27187,35876,Eptesicus serotinus,0.008,0.021,-1,Echolocation,/mnt/ubna_data_02_mir/recover-20221013/UBNA_001/20221012_030000.WAV,Telephone Field,recover-20221013,001,1795
979.7655,979.7746,28906,36710,Eptesicus serotinus,0.008,0.023,-1,Echolocation,/mnt/ubna_data_02_mir/recover-20221013/UBNA_001/20221012_030000.WAV,Telephone Field,recover-20221013,001,1795
979.7805,979.7869,28046,41065,Eptesicus serotinus,0.005,0.022,-1,Echolocation,/mnt/ubna_data_02_mir/recover-20221013/UBNA_001/20221012_030000.WAV,Telephone Field,recover-20221013,001,1795
979.8165,979.8567,68437,82273,Rhinolophus ferrumequinum,0.022,0.022,-1,Echolocation,/mnt/ubna_data_02_mir/recover-20221013/UBNA_001/20221012_030000.WAV,Telephone Field,recover-20221013,001,1795
979.8175,979.8249,28046,39339,Eptesicus serotinus,0.007,0.022,-1,Echolocation,/mnt/ubna_data_02_mir/recover-20221013/UBNA_001/20221012_030000.WAV,Telephone Field,recover-20221013,001,1795
979.8505,979.8857,68437,81459,Rhinolophus ferrumequinum,0.022,0.022,-1,Echolocation,/mnt/ubna_data_02_mir/recover-20221013/UBNA_001/20221012_030000.WAV,Telephone Field,recover-20221013,001,1795
979.8825,979.892,27187,36312,Eptesicus serotinus,0.01,0.023,-1,Echolocation,/mnt/ubna_data_02_mir/recover-20221013/UBNA_001/20221012_030000.WAV,Telephone Field,recover-20221013,001,1795
979.8905,979.93,68437,82015,Rhinolophus ferrumequinum,0.024,0.024,-1,Echolocation,/mnt/ubna_data_02_mir/recover-20221013/UBNA_001/20221012_030000.WAV,Telephone Field,recover-20221013,001,1795
979.9265,979.9337,34062,45680,Myotis daubentonii,0.017,0.036,-1,Echolocation,/mnt/ubna_data_02_mir/recover-20221013/UBNA_001/20221012_030000.WAV,Telephone Field,recover-20221013,001,1795
979.9305,979.9667,68437,82173,Rhinolophus ferrumequinum,0.021,0.021,-1,Echolocation,/mnt/ubna_data_02_mir/recover-20221013/UBNA_001/20221012_030000.WAV,Telephone Field,recover-20221013,001,1795
979.9755,979.9863,28906,34799,Eptesicus serotinus,0.024,0.045,-1,Echolocation,/mnt/ubna_data_02_mir/recover-20221013/UBNA_001/20221012_030000.WAV,Telephone Field,recover-20221013,001,1795
980.0015,980.0108,22890,29860,Nyctalus leisleri,0.011,0.03,-1,Echolocation,/mnt/ubna_data_02_mir/recover-20221013/UBNA_001/20221012_030000.WAV,Telephone Field,recover-20221013,001,1795
980.0015,980.035,69296,81827,Rhinolophus ferrumequinum,0.038,0.038,-1,Echolocation,/mnt/ubna_data_02_mir/recover-20221013/UBNA_001/20221012_030000.WAV,Telephone Field,recover-20221013,001,1795
980.0075,980.048,68437,81170,Rhinolophus ferrumequinum,0.022,0.022,-1,Echolocation,/mnt/ubna_data_02_mir/recover-20221013/UBNA_001/20221012_030000.WAV,Telephone Field,recover-20221013,001,1795
980.0305,980.0686,68437,81711,Rhinolophus ferrumequinum,0.021,0.021,-1,Echolocation,/mnt/ubna_data_02_mir/recover-20221013/UBNA_001/20221012_030000.WAV,Telephone Field,recover-20221013,001,1795
980.0465,980.0842,68437,82409,Rhinolophus ferrumequinum,0.022,0.022,-1,Echolocation,/mnt/ubna_data_02_mir/recover-20221013/UBNA_001/20221012_030000.WAV,Telephone Field,recover-20221013,001,1795
980.0535,980.092,68437,81398,Rhinolophus ferrumequinum,0.022,0.022,-1,Echolocation,/mnt/ubna_data_02_mir/recover-20221013/UBNA_001/20221012_030000.WAV,Telephone Field,recover-20221013,001,1795
980.1005,980.1107,22890,29126,Nyctalus leisleri,0.02,0.055,-1,Echolocation,/mnt/ubna_data_02_mir/recover-20221013/UBNA_001/20221012_030000.WAV,Telephone Field,recover-20221013,001,1795
980.1085,980.145,68437,81563,Rhinolophus ferrumequinum,0.023,0.024,-1,Echolocation,/mnt/ubna_data_02_mir/recover-20221013/UBNA_001/20221012_030000.WAV,Telephone Field,recover-20221013,001,1795
980.1155,980.1535,68437,81840,Rhinolophus ferrumequinum,0.022,0.022,-1,Echolocation,/mnt/ubna_data_02_mir/recover-20221013/UBNA_001/20221012_030000.WAV,Telephone Field,recover-20221013,001,1795
980.1365,980.1532,40937,44212,Pipistrellus nathusii,0.023,0.036,-1,Echolocation,/mnt/ubna_data_02_mir/recover-20221013/UBNA_001/20221012_030000.WAV,Telephone Field,recover-20221013,001,1795
980.1395,980.1823,68437,82340,Rhinolophus ferrumequinum,0.036,0.036,-1,Echolocation,/mnt/ubna_data_02_mir/recover-20221013/UBNA_001/20221012_030000.WAV,Telephone Field,recover-20221013,001,1795
980.1965,980.2338,68437,81772,Rhinolophus ferrumequinum,0.026,0.026,-1,Echolocation,/mnt/ubna_data_02_mir/recover-20221013/UBNA_001/20221012_030000.WAV,Telephone Field,recover-20221013,001,1795
980.2265,980.2633,68437,82315,Rhinolophus ferrumequinum,0.024,0.024,-1,Echolocation,/mnt/ubna_data_02_mir/recover-20221013/UBNA_001/20221012_030000.WAV,Telephone Field,recover-20221013,001,1795
980.2365,980.2748,68437,81880,Rhinolophus ferrumequinum,0.023,0.023,-1,Echolocation,/mnt/ubna_data_02_mir/recover-20221013/UBNA_001/20221012_030000.WAV,Telephone Field,recover-20221013,001,1795
980.2525,980.2628,22890,28428,Nyctalus leisleri,0.01,0.023,-1,Echolocation,/mnt/ubna_data_02_mir/recover-20221013/UBNA_001/20221012_030000.WAV,Telephone Field,recover-20221013,001,1795
980.2595,980.3022,68437,82944,Rhinolophus ferrumequinum,0.032,0.032,-1,Echolocation,/mnt/ubna_data_02_mir/recover-20221013/UBNA_001/20221012_030000.WAV,Telephone Field,recover-20221013,001,1795
980.2825,980.2922,27187,35832,Eptesicus serotinus,0.009,0.023,-1,Echolocation,/mnt/ubna_data_02_mir/recover-20221013/UBNA_001/20221012_030000.WAV,Telephone Field,recover-20221013,001,1795
980.2835,980.322,68437,82238,Rhinolophus ferrumequinum,0.025,0.025,-1,Echolocation,/mnt/ubna_data_02_mir/recover-20221013/UBNA_001/20221012_030000.WAV,Telephone Field,recover-20221013,001,1795
980.3025,980.3434,68437,83022,Rhinolophus ferrumequinum,0.026,0.026,-1,Echolocation,/mnt/ubna_data_02_mir/recover-20221013/UBNA_001/20221012_030000.WAV,Telephone Field,recover-20221013,001,1795
980.3175,980.3575,68437,82862,Rhinolophus ferrumequinum,0.025,0.025,-1,Echolocation,/mnt/ubna_data_02_mir/recover-20221013/UBNA_001/20221012_030000.WAV,Telephone Field,recover-20221013,001,1795
980.3245,980.3618,68437,82105,Rhinolophus ferrumequinum,0.023,0.023,-1,Echolocation,/mnt/ubna_data_02_mir/recover-20221013/UBNA_001/20221012_030000.WAV,Telephone Field,recover-20221013,001,1795
980.3665,980.3788,46953,49717,Pipistrellus pipistrellus,0.032,0.035,-1,Echolocation,/mnt/ubna_data_02_mir/recover-20221013/UBNA_001/20221012_030000.WAV,Telephone Field,recover-20221013,001,1795
980.3725,980.4028,68437,80372,Rhinolophus ferrumequinum,0.022,0.022,-1,Echolocation,/mnt/ubna_data_02_mir/recover-20221013/UBNA_001/20221012_030000.WAV,Telephone Field,recover-20221013,001,1795
980.3995,980.4105,22890,27711,Nyctalus leisleri,0.011,0.022,-1,Echolocation,/mnt/ubna_data_02_mir/recover-20221013/UBNA_001/20221012_030000.WAV,Telephone Field,recover-20221013,001,1795
980.4065,980.4446,68437,81966,Rhinolophus ferrumequinum,0.022,0.022,-1,Echolocation,/mnt/ubna_data_02_mir/recover-20221013/UBNA_001/20221012_030000.WAV,Telephone Field,recover-20221013,001,1795
980.4265,980.4649,68437,81647,Rhinolophus ferrumequinum,0.024,0.024,-1,Echolocation,/mnt/ubna_data_02_mir/recover-20221013/UBNA_001/20221012_030000.WAV,Telephone Field,recover-20221013,001,1795
980.4505,980.4623,37500,41925,Pipistrellus nathusii,0.027,0.039,-1,Echolocation,/mnt/ubna_data_02_mir/recover-20221013/UBNA_001/20221012_030000.WAV,Telephone Field,recover-20221013,001,1795
980.4515,980.4919,68437,82320,Rhinolophus ferrumequinum,0.025,0.025,-1,Echolocation,/mnt/ubna_data_02_mir/recover-20221013/UBNA_001/20221012_030000.WAV,Telephone Field,recover-20221013,001,1795
980.4795,980.5171,68437,82288,Rhinolophus ferrumequinum,0.023,0.023,-1,Echolocation,/mnt/ubna_data_02_mir/recover-20221013/UBNA_001/20221012_030000.WAV,Telephone Field,recover-20221013,001,1795
980.5185,980.5576,68437,82371,Rhinolophus ferrumequinum,0.031,0.031,-1,Echolocation,/mnt/ubna_data_02_mir/recover-20221013/UBNA_001/20221012_030000.WAV,Telephone Field,recover-20221013,001,1795
980.5205,980.5278,28046,42176,Eptesicus serotinus,0.008,0.024,-1,Echolocation,/mnt/ubna_data_02_mir/recover-20221013/UBNA_001/20221012_030000.WAV,Telephone Field,recover-20221013,001,1795
980.5415,980.5519,24609,31646,Nyctalus leisleri,0.008,0.024,-1,Echolocation,/mnt/ubna_data_02_mir/recover-20221013/UBNA_001/20221012_030000.WAV,Telephone Field,recover-20221013,001,1795
980.5535,980.5916,68437,81950,Rhinolophus ferrumequinum,0.021,0.021,-1,Echolocation,/mnt/ubna_data_02_mir/recover-20221013/UBNA_001/20221012_030000.WAV,Telephone Field,recover-20221013,001,1795
980.5955,980.6054,27187,36672,Eptesicus serotinus,0.014,0.027,-1,Echolocation,/mnt/ubna_data_02_mir/recover-20221013/UBNA_001/20221012_030000.WAV,Telephone Field,recover-20221013,001,1795
980.6015,980.6441,68437,83356,Rhinolophus ferrumequinum,0.025,0.025,-1,Echolocation,/mnt/ubna_data_02_mir/recover-20221013/UBNA_001/20221012_030000.WAV,Telephone Field,recover-20221013,001,1795
980.6555,980.6981,68437,83262,Rhinolophus ferrumequinum,0.056,0.056,-1,Echolocation,/mnt/ubna_data_02_mir/recover-20221013/UBNA_001/20221012_030000.WAV,Telephone Field,recover-20221013,001,1795
980.7055,980.742,68437,81495,Rhinolophus ferrumequinum,0.022,0.022,-1,Echolocation,/mnt/ubna_data_02_mir/recover-20221013/UBNA_001/20221012_030000.WAV,Telephone Field,recover-20221013,001,1795
980.7155,980.7524,68437,81679,Rhinolophus ferrumequinum,0.021,0.021,-1,Echolocation,/mnt/ubna_data_02_mir/recover-20221013/UBNA_001/20221012_030000.WAV,Telephone Field,recover-20221013,001,1795
980.7465,980.7938,68437,83649,Rhinolophus ferrumequinum,0.037,0.037,-1,Echolocation,/mnt/ubna_data_02_mir/recover-20221013/UBNA_001/20221012_030000.WAV,Telephone Field,recover-20221013,001,1795
980.7835,980.8226,68437,82124,Rhinolophus ferrumequinum,0.024,0.024,-1,Echolocation,/mnt/ubna_data_02_mir/recover-20221013/UBNA_001/20221012_030000.WAV,Telephone Field,recover-20221013,001,1795
980.7935,980.8317,68437,82034,Rhinolophus ferrumequinum,0.022,0.022,-1,Echolocation,/mnt/ubna_data_02_mir/recover-20221013/UBNA_001/20221012_030000.WAV,Telephone Field,recover-20221013,001,1795
980.8105,980.8481,68437,82147,Rhinolophus ferrumequinum,0.022,0.022,-1,Echolocation,/mnt/ubna_data_02_mir/recover-20221013/UBNA_001/20221012_030000.WAV,Telephone Field,recover-20221013,001,1795
980.8465,980.8842,68437,81731,Rhinolophus ferrumequinum,0.022,0.022,-1,Echolocation,/mnt/ubna_data_02_mir/recover-20221013/UBNA_001/20221012_030000.WAV,Telephone Field,recover-20221013,001,1795
980.8795,980.9171,68437,82490,Rhinolophus ferrumequinum,0.024,0.024,-1,Echolocation,/mnt/ubna_data_02_mir/recover-20221013/UBNA_001/20221012_030000.WAV,Telephone Field,recover-20221013,001,1795
980.8895,980.9286,68437,82315,Rhinolophus ferrumequinum,0.022,0.022,-1,Echolocation,/mnt/ubna_data_02_mir/recover-20221013/UBNA_001/20221012_030000.WAV,Telephone Field,recover-20221013,001,1795
980.9045,980.9135,28046,38525,Eptesicus serotinus,0.009,0.023,-1,Echolocation,/mnt/ubna_data_02_mir/recover-20221013/UBNA_001/20221012_030000.WAV,Telephone Field,recover-20221013,001,1795
980.9335,980.9447,22890,27720,Nyctalus leisleri,0.014,0.028,-1,Echolocation,/mnt/ubna_data_02_mir/recover-20221013/UBNA_001/20221012_030000.WAV,Telephone Field,recover-20221013,001,1795
980.9535,980.9959,68437,83169,Rhinolophus ferrumequinum,0.051,0.051,-1,Echolocation,/mnt/ubna_data_02_mir/recover-20221013/UBNA_001/20221012_030000.WAV,Telephone Field,recover-20221013,001,1795
980.9825,980.9918,50390,55326,Pipistrellus pipistrellus,0.024,0.028,-1,Echolocation,/mnt/ubna_data_02_mir/recover-20221013/UBNA_001/20221012_030000.WAV,Telephone Field,recover-20221013,001,1795
981.0205,981.0594,68437,82122,Rhinolophus ferrumequinum,0.021,0.021,-1,Echolocation,/mnt/ubna_data_02_mir/recover-20221013/UBNA_001/20221012_030000.WAV,Telephone Field,recover-20221013,001,1795
981.0245,981.034,24609,31591,Eptesicus serotinus,0.007,0.021,-1,Echolocation,/mnt/ubna_data_02_mir/recover-20221013/UBNA_001/20221012_030000.WAV,Telephone Field,recover-20221013,001,1795
981.0555,981.0631,46093,54674,Pipistrellus pipistrellus,0.014,0.023,-1,Echolocation,/mnt/ubna_data_02_mir/recover-20221013/UBNA_001/20221012_030000.WAV,Telephone Field,recover-20221013,001,1795
981.0565,981.0627,50390,56498,Pipistrellus pipistrellus,0.019,0.024,-1,Echolocation,/mnt/ubna_data_02_mir/recover-20221013/UBNA_001/20221012_030000.WAV,Telephone Field,recover-20221013,001,1795
981.0605,981.1039,68437,82934,Rhinolophus ferrumequinum,0.026,0.026,-1,Echolocation,/mnt/ubna_data_02_mir/recover-20221013/UBNA_001/20221012_030000.WAV,Telephone Field,recover-20221013,001,1795
981.0835,981.1199,68437,82113,Rhinolophus ferrumequinum,0.022,0.022,-1,Echolocation,/mnt/ubna_data_02_mir/recover-20221013/UBNA_001/20221012_030000.WAV,Telephone Field,recover-20221013,001,1795
981.1065,981.1198,53828,58373,Pipistrellus pygmaeus,0.02,0.022,-1,Echolocation,/mnt/ubna_data_02_mir/recover-20221013/UBNA_001/20221012_030000.WAV,Telephone Field,recover-20221013,001,1795
981.1235,981.1317,26328,34263,Eptesicus serotinus,0.007,0.022,-1,Echolocation,/mnt/ubna_data_02_mir/recover-20221013/UBNA_001/20221012_030000.WAV,Telephone Field,recover-20221013,001,1795
981.1514999999999,981.1908,68437,82495,Rhinolophus ferrumequinum,0.023,0.023,-1,Echolocation,/mnt/ubna_data_02_mir/recover-20221013/UBNA_001/20221012_030000.WAV,Telephone Field,recover-20221013,001,1795
981.1585,981.1977,68437,82149,Rhinolophus ferrumequinum,0.021,0.021,-1,Echolocation,/mnt/ubna_data_02_mir/recover-20221013/UBNA_001/20221012_030000.WAV,Telephone Field,recover-20221013,001,1795
981.1595,981.1688,44375,48823,Pipistrellus pipistrellus,0.021,0.024,-1,Echolocation,/mnt/ubna_data_02_mir/recover-20221013/UBNA_001/20221012_030000.WAV,Telephone Field,recover-20221013,001,1795
981.1765,981.215,68437,81939,Rhinolophus ferrumequinum,0.025,0.025,-1,Echolocation,/mnt/ubna_data_02_mir/recover-20221013/UBNA_001/20221012_030000.WAV,Telephone Field,recover-20221013,001,1795
981.1825,981.223,68437,82410,Rhinolophus ferrumequinum,0.023,0.023,-1,Echolocation,/mnt/ubna_data_02_mir/recover-20221013/UBNA_001/20221012_030000.WAV,Telephone Field,recover-20221013,001,1795
981.2105,981.2498,68437,81953,Rhinolophus ferrumequinum,0.022,0.022,-1,Echolocation,/mnt/ubna_data_02_mir/recover-20221013/UBNA_001/20221012_030000.WAV,Telephone Field,recover-20221013,001,1795
981.2185,981.2554,68437,82065,Rhinolophus ferrumequinum,0.031,0.031,-1,Echolocation,/mnt/ubna_data_02_mir/recover-20221013/UBNA_001/20221012_030000.WAV,Telephone Field,recover-20221013,001,1795
981.2345,981.2454,24609,30783,Eptesicus serotinus,0.008,0.021,-1,Echolocation,/mnt/ubna_data_02_mir/recover-20221013/UBNA_001/20221012_030000.WAV,Telephone Field,recover-20221013,001,1795
981.2375,981.28,68437,82447,Rhinolophus ferrumequinum,0.025,0.025,-1,Echolocation,/mnt/ubna_data_02_mir/recover-20221013/UBNA_001/20221012_030000.WAV,Telephone Field,recover-20221013,001,1795
981.2625,981.2984,68437,81188,Rhinolophus ferrumequinum,0.021,0.022,-1,Echolocation,/mnt/ubna_data_02_mir/recover-20221013/UBNA_001/20221012_030000.WAV,Telephone Field,recover-20221013,001,1795
981.2675,981.3016,68437,81376,Rhinolophus ferrumequinum,0.021,0.021,-1,Echolocation,/mnt/ubna_data_02_mir/recover-20221013/UBNA_001/20221012_030000.WAV,Telephone Field,recover-20221013,001,1795
981.3035,981.3114,26328,35688,Eptesicus serotinus,0.008,0.022,-1,Echolocation,/mnt/ubna_data_02_mir/recover-20221013/UBNA_001/20221012_030000.WAV,Telephone Field,recover-20221013,001,1795
981.3275,981.3672,68437,82888,Rhinolophus ferrumequinum,0.022,0.022,-1,Echolocation,/mnt/ubna_data_02_mir/recover-20221013/UBNA_001/20221012_030000.WAV,Telephone Field,recover-20221013,001,1795
981.3355,981.3767,68437,82919,Rhinolophus ferrumequinum,0.022,0.022,-1,Echolocation,/mnt/ubna_data_02_mir/recover-20221013/UBNA_001/20221012_030000.WAV,Telephone Field,recover-20221013,001,1795
981.3625,981.4053,68437,83357,Rhinolophus ferrumequinum,0.034,0.034,-1,Echolocation,/mnt/ubna_data_02_mir/recover-20221013/UBNA_001/20221012_030000.WAV,Telephone Field,recover-20221013,001,1795
981.3875,981.4261,68437,81743,Rhinolophus ferrumequinum,0.022,0.022,-1,Echolocation,/mnt/ubna_data_02_mir/recover-20221013/UBNA_001/20221012_030000.WAV,Telephone Field,recover-20221013,001,1795
981.3925,981.4288,68437,81088,Rhinolophus ferrumequinum,0.023,0.023,-1,Echolocation,/mnt/ubna_data_02_mir/recover-20221013/UBNA_001/20221012_030000.WAV,Telephone Field,recover-20221013,001,1795
981.4065,981.4466,68437,81904,Rhinolophus ferrumequinum,0.022,0.022,-1,Echolocation,/mnt/ubna_data_02_mir/recover-20221013/UBNA_001/20221012_030000.WAV,Telephone Field,recover-20221013,001,1795
981.4095,981.4237,22031,25648,Nyctalus leisleri,0.014,0.023,-1,Echolocation,/mnt/ubna_data_02_mir/recover-20221013/UBNA_001/20221012_030000.WAV,Telephone Field,recover-20221013,001,1795
981.4145,981.4537,68437,80935,Rhinolophus ferrumequinum,0.026,0.026,-1,Echolocation,/mnt/ubna_data_02_mir/recover-20221013/UBNA_001/20221012_030000.WAV,Telephone Field,recover-20221013,001,1795
981.4375,981.48,68437,83068,Rhinolophus ferrumequinum,0.026,0.026,-1,Echolocation,/mnt/ubna_data_02_mir/recover-20221013/UBNA_001/20221012_030000.WAV,Telephone Field,recover-20221013,001,1795
981.4515,981.4623,27187,34745,Eptesicus serotinus,0.01,0.021,-1,Echolocation,/mnt/ubna_data_02_mir/recover-20221013/UBNA_001/20221012_030000.WAV,Telephone Field,recover-20221013,001,1795
981.4605,981.4715,25468,31736,Eptesicus serotinus,0.01,0.028,-1,Echolocation,/mnt/ubna_data_02_mir/recover-20221013/UBNA_001/20221012_030000.WAV,Telephone Field,recover-20221013,001,1795
981.4675,981.5075,68437,82905,Rhinolophus ferrumequinum,0.032,0.032,-1,Echolocation,/mnt/ubna_data_02_mir/recover-20221013/UBNA_001/20221012_030000.WAV,Telephone Field,recover-20221013,001,1795
981.4705,981.4802,28906,36676,Eptesicus serotinus,0.008,0.023,-1,Echolocation,/mnt/ubna_data_02_mir/recover-20221013/UBNA_001/20221012_030000.WAV,Telephone Field,recover-20221013,001,1795
981.5145,981.523,26328,37182,Eptesicus serotinus,0.008,0.024,-1,Echolocation,/mnt/ubna_data_02_mir/recover-20221013/UBNA_001/20221012_030000.WAV,Telephone Field,recover-20221013,001,1795
981.5295,981.5403,22031,26659,Nyctalus leisleri,0.011,0.025,-1,Echolocation,/mnt/ubna_data_02_mir/recover-20221013/UBNA_001/20221012_030000.WAV,Telephone Field,recover-20221013,001,1795
981.5545,981.5641,23750,31545,Nyctalus leisleri,0.01,0.035,-1,Echolocation,/mnt/ubna_data_02_mir/recover-20221013/UBNA_001/20221012_030000.WAV,Telephone Field,recover-20221013,001,1795
981.5565,981.5934,68437,82227,Rhinolophus ferrumequinum,0.024,0.024,-1,Echolocation,/mnt/ubna_data_02_mir/recover-20221013/UBNA_001/20221012_030000.WAV,Telephone Field,recover-20221013,001,1795
981.5755,981.6165,68437,82418,Rhinolophus ferrumequinum,0.022,0.022,-1,Echolocation,/mnt/ubna_data_02_mir/recover-20221013/UBNA_001/20221012_030000.WAV,Telephone Field,recover-20221013,001,1795
981.5965,981.6341,68437,82075,Rhinolophus ferrumequinum,0.022,0.022,-1,Echolocation,/mnt/ubna_data_02_mir/recover-20221013/UBNA_001/20221012_030000.WAV,Telephone Field,recover-20221013,001,1795
981.6185,981.6296,24609,31628,Eptesicus serotinus,0.008,0.024,-1,Echolocation,/mnt/ubna_data_02_mir/recover-20221013/UBNA_001/20221012_030000.WAV,Telephone Field,recover-20221013,001,1795
981.6615,981.7009,68437,81479,Rhinolophus ferrumequinum,0.021,0.021,-1,Echolocation,/mnt/ubna_data_02_mir/recover-20221013/UBNA_001/20221012_030000.WAV,Telephone Field,recover-20221013,001,1795
981.6955,981.7405,68437,83434,Rhinolophus ferrumequinum,0.035,0.035,-1,Echolocation,/mnt/ubna_data_02_mir/recover-20221013/UBNA_001/20221012_030000.WAV,Telephone Field,recover-20221013,001,1795
981.7715,981.8084,68437,82194,Rhinolophus ferrumequinum,0.026,0.026,-1,Echolocation,/mnt/ubna_data_02_mir/recover-20221013/UBNA_001/20221012_030000.WAV,Telephone Field,recover-20221013,001,1795
981.7925,981.8314,68437,82652,Rhinolophus ferrumequinum,0.023,0.023,-1,Echolocation,/mnt/ubna_data_02_mir/recover-20221013/UBNA_001/20221012_030000.WAV,Telephone Field,recover-20221013,001,1795
981.8075,981.8481,68437,83038,Rhinolophus ferrumequinum,0.044,0.044,-1,Echolocation,/mnt/ubna_data_02_mir/recover-20221013/UBNA_001/20221012_030000.WAV,Telephone Field,recover-20221013,001,1795
981.8435,981.851,28046,38616,Eptesicus serotinus,0.006,0.022,-1,Echolocation,/mnt/ubna_data_02_mir/recover-20221013/UBNA_001/20221012_030000.WAV,Telephone Field,recover-20221013,001,1795
981.8605,981.8973,68437,81562,Rhinolophus ferrumequinum,0.022,0.023,-1,Echolocation,/mnt/ubna_data_02_mir/recover-20221013/UBNA_001/20221012_030000.WAV,Telephone Field,recover-20221013,001,1795
981.8635,981.8719,26328,38040,Eptesicus serotinus,0.008,0.021,-1,Echolocation,/mnt/ubna_data_02_mir/recover-20221013/UBNA_001/20221012_030000.WAV,Telephone Field,recover-20221013,001,1795
981.8675,981.9053,68437,81863,Rhinolophus ferrumequinum,0.025,0.025,-1,Echolocation,/mnt/ubna_data_02_mir/recover-20221013/UBNA_001/20221012_030000.WAV,Telephone Field,recover-20221013,001,1795
981.8785,981.9163,68437,81984,Rhinolophus ferrumequinum,0.023,0.023,-1,Echolocation,/mnt/ubna_data_02_mir/recover-20221013/UBNA_001/20221012_030000.WAV,Telephone Field,recover-20221013,001,1795
981.9075,981.9181,28906,36632,Eptesicus serotinus,0.01,0.023,-1,Echolocation,/mnt/ubna_data_02_mir/recover-20221013/UBNA_001/20221012_030000.WAV,Telephone Field,recover-20221013,001,1795
981.9345,981.9717,68437,81184,Rhinolophus ferrumequinum,0.025,0.025,-1,Echolocation,/mnt/ubna_data_02_mir/recover-20221013/UBNA_001/20221012_030000.WAV,Telephone Field,recover-20221013,001,1795
981.9505,981.9619,22031,26282,Nyctalus leisleri,0.012,0.022,-1,Echolocation,/mnt/ubna_data_02_mir/recover-20221013/UBNA_001/20221012_030000.WAV,Telephone Field,recover-20221013,001,1795
981.9665,981.9732,28046,37969,Eptesicus serotinus,0.01,0.034,-1,Echolocation,/mnt/ubna_data_02_mir/recover-20221013/UBNA_001/20221012_030000.WAV,Telephone Field,recover-20221013,001,1795
981.9815,981.9914,27187,35589,Eptesicus serotinus,0.009,0.021,-1,Echolocation,/mnt/ubna_data_02_mir/recover-20221013/UBNA_001/20221012_030000.WAV,Telephone Field,recover-20221013,001,1795
981.9875,981.9991,22031,28046,Nyctalus leisleri,0.009,0.022,-1,Echolocation,/mnt/ubna_data_02_mir/recover-20221013/UBNA_001/20221012_030000.WAV,Telephone Field,recover-20221013,001,1795
982.0015,982.0084,23750,33625,Plecotus austriacus,0.007,0.025,-1,Echolocation,/mnt/ubna_data_02_mir/recover-20221013/UBNA_001/20221012_030000.WAV,Telephone Field,recover-20221013,001,1795
982.0015,982.0326,71015,84617,Rhinolophus ferrumequinum,0.027,0.027,-1,Echolocation,/mnt/ubna_data_02_mir/recover-20221013/UBNA_001/20221012_030000.WAV,Telephone Field,recover-20221013,001,1795
982.0335,982.0406,27187,41124,Eptesicus serotinus,0.007,0.022,-1,Echolocation,/mnt/ubna_data_02_mir/recover-20221013/UBNA_001/20221012_030000.WAV,Telephone Field,recover-20221013,001,1795
982.0355,982.0761,68437,82317,Rhinolophus ferrumequinum,0.022,0.022,-1,Echolocation,/mnt/ubna_data_02_mir/recover-20221013/UBNA_001/20221012_030000.WAV,Telephone Field,recover-20221013,001,1795
982.0765,982.1133,68437,81749,Rhinolophus ferrumequinum,0.025,0.025,-1,Echolocation,/mnt/ubna_data_02_mir/recover-20221013/UBNA_001/20221012_030000.WAV,Telephone Field,recover-20221013,001,1795
982.0775,982.0851,49531,55650,Pipistrellus pipistrellus,0.02,0.024,-1,Echolocation,/mnt/ubna_data_02_mir/recover-20221013/UBNA_001/20221012_030000.WAV,Telephone Field,recover-20221013,001,1795
982.1015,982.1385,68437,81794,Rhinolophus ferrumequinum,0.022,0.022,-1,Echolocation,/mnt/ubna_data_02_mir/recover-20221013/UBNA_001/20221012_030000.WAV,Telephone Field,recover-20221013,001,1795
982.1325,982.1676,68437,81588,Rhinolophus ferrumequinum,0.023,0.023,-1,Echolocation,/mnt/ubna_data_02_mir/recover-20221013/UBNA_001/20221012_030000.WAV,Telephone Field,recover-20221013,001,1795
982.1445,982.1835,68437,81961,Rhinolophus ferrumequinum,0.021,0.021,-1,Echolocation,/mnt/ubna_data_02_mir/recover-20221013/UBNA_001/20221012_030000.WAV,Telephone Field,recover-20221013,001,1795
982.1605,982.1687,28046,41044,Eptesicus serotinus,0.007,0.021,-1,Echolocation,/mnt/ubna_data_02_mir/recover-20221013/UBNA_001/20221012_030000.WAV,Telephone Field,recover-20221013,001,1795
982.1605,982.2013,68437,81943,Rhinolophus ferrumequinum,0.022,0.022,-1,Echolocation,/mnt/ubna_data_02_mir/recover-20221013/UBNA_001/20221012_030000.WAV,Telephone Field,recover-20221013,001,1795
982.1845,982.222,68437,81730,Rhinolophus ferrumequinum,0.023,0.023,-1,Echolocation,/mnt/ubna_data_02_mir/recover-20221013/UBNA_001/20221012_030000.WAV,Telephone Field,recover-20221013,001,1795
982.2105,982.247,68437,81714,Rhinolophus ferrumequinum,0.024,0.024,-1,Echolocation,/mnt/ubna_data_02_mir/recover-20221013/UBNA_001/20221012_030000.WAV,Telephone Field,recover-20221013,001,1795
982.2535,982.2957,68437,83417,Rhinolophus ferrumequinum,0.032,0.032,-1,Echolocation,/mnt/ubna_data_02_mir/recover-20221013/UBNA_001/20221012_030000.WAV,Telephone Field,recover-20221013,001,1795
982.2615,982.2715,25468,33369,Eptesicus serotinus,0.01,0.024,-1,Echolocation,/mnt/ubna_data_02_mir/recover-20221013/UBNA_001/20221012_030000.WAV,Telephone Field,recover-20221013,001,1795
982.2875,982.2994,23750,29863,Nyctalus leisleri,0.014,0.035,-1,Echolocation,/mnt/ubna_data_02_mir/recover-20221013/UBNA_001/20221012_030000.WAV,Telephone Field,recover-20221013,001,1795
982.2965,982.3364,68437,82546,Rhinolophus ferrumequinum,0.027,0.027,-1,Echolocation,/mnt/ubna_data_02_mir/recover-20221013/UBNA_001/20221012_030000.WAV,Telephone Field,recover-20221013,001,1795
982.3375,982.346,29765,39815,Eptesicus serotinus,0.008,0.026,-1,Echolocation,/mnt/ubna_data_02_mir/recover-20221013/UBNA_001/20221012_030000.WAV,Telephone Field,recover-20221013,001,1795
982.3575,982.3954,68437,82379,Rhinolophus ferrumequinum,0.021,0.021,-1,Echolocation,/mnt/ubna_data_02_mir/recover-20221013/UBNA_001/20221012_030000.WAV,Telephone Field,recover-20221013,001,1795
982.3785,982.4204,68437,83065,Rhinolophus ferrumequinum,0.025,0.025,-1,Echolocation,/mnt/ubna_data_02_mir/recover-20221013/UBNA_001/20221012_030000.WAV,Telephone Field,recover-20221013,001,1795
982.3895,982.401,22890,27355,Nyctalus leisleri,0.013,0.023,-1,Echolocation,/mnt/ubna_data_02_mir/recover-20221013/UBNA_001/20221012_030000.WAV,Telephone Field,recover-20221013,001,1795
982.4625,982.4733,23750,29710,Nyctalus leisleri,0.011,0.028,-1,Echolocation,/mnt/ubna_data_02_mir/recover-20221013/UBNA_001/20221012_030000.WAV,Telephone Field,recover-20221013,001,1795
982.4645,982.5045,68437,82941,Rhinolophus ferrumequinum,0.035,0.035,-1,Echolocation,/mnt/ubna_data_02_mir/recover-20221013/UBNA_001/20221012_030000.WAV,Telephone Field,recover-20221013,001,1795
982.4975,982.5365,68437,81820,Rhinolophus ferrumequinum,0.023,0.023,-1,Echolocation,/mnt/ubna_data_02_mir/recover-20221013/UBNA_001/20221012_030000.WAV,Telephone Field,recover-20221013,001,1795
982.4985,982.5056,24609,33497,Plecotus austriacus,0.008,0.022,-1,Echolocation,/mnt/ubna_data_02_mir/recover-20221013/UBNA_001/20221012_030000.WAV,Telephone Field,recover-20221013,001,1795
982.5115,982.552,68437,82861,Rhinolophus ferrumequinum,0.032,0.032,-1,Echolocation,/mnt/ubna_data_02_mir/recover-20221013/UBNA_001/20221012_030000.WAV,Telephone Field,recover-20221013,001,1795
982.5615,982.5722,31484,37370,Eptesicus serotinus,0.012,0.028,-1,Echolocation,/mnt/ubna_data_02_mir/recover-20221013/UBNA_001/20221012_030000.WAV,Telephone Field,recover-20221013,001,1795
982.5915,982.6014,14296,22507,Nyctalus noctula,0.013,0.03,-1,Echolocation,/mnt/ubna_data_02_mir/recover-20221013/UBNA_001/20221012_030000.WAV,Telephone Field,recover-20221013,001,1795
982.6005,982.6064,27187,40521,Eptesicus serotinus,0.005,0.023,-1,Echolocation,/mnt/ubna_data_02_mir/recover-20221013/UBNA_001/20221012_030000.WAV,Telephone Field,recover-20221013,001,1795
982.6045,982.6388,68437,80678,Rhinolophus ferrumequinum,0.023,0.023,-1,Echolocation,/mnt/ubna_data_02_mir/recover-20221013/UBNA_001/20221012_030000.WAV,Telephone Field,recover-20221013,001,1795
982.6165,982.6577,68437,82625,Rhinolophus ferrumequinum,0.024,0.024,-1,Echolocation,/mnt/ubna_data_02_mir/recover-20221013/UBNA_001/20221012_030000.WAV,Telephone Field,recover-20221013,001,1795
982.6285,982.6349,27187,42894,Eptesicus serotinus,0.006,0.025,-1,Echolocation,/mnt/ubna_data_02_mir/recover-20221013/UBNA_001/20221012_030000.WAV,Telephone Field,recover-20221013,001,1795
982.6485,982.6835,68437,81363,Rhinolophus ferrumequinum,0.027,0.027,-1,Echolocation,/mnt/ubna_data_02_mir/recover-20221013/UBNA_001/20221012_030000.WAV,Telephone Field,recover-20221013,001,1795
982.6725,982.7075,68437,81328,Rhinolophus ferrumequinum,0.021,0.021,-1,Echolocation,/mnt/ubna_data_02_mir/recover-20221013/UBNA_001/20221012_030000.WAV,Telephone Field,recover-20221013,001,1795
982.6995,982.7091,28046,35955,Eptesicus serotinus,0.009,0.021,-1,Echolocation,/mnt/ubna_data_02_mir/recover-20221013/UBNA_001/20221012_030000.WAV,Telephone Field,recover-20221013,001,1795
982.7095,982.7542,68437,83370,Rhinolophus ferrumequinum,0.045,0.045,-1,Echolocation,/mnt/ubna_data_02_mir/recover-20221013/UBNA_001/20221012_030000.WAV,Telephone Field,recover-20221013,001,1795
982.7355,982.7743,68437,82468,Rhinolophus ferrumequinum,0.022,0.022,-1,Echolocation,/mnt/ubna_data_02_mir/recover-20221013/UBNA_001/20221012_030000.WAV,Telephone Field,recover-20221013,001,1795
982.7705,982.8112,68437,82205,Rhinolophus ferrumequinum,0.022,0.022,-1,Echolocation,/mnt/ubna_data_02_mir/recover-20221013/UBNA_001/20221012_030000.WAV,Telephone Field,recover-20221013,001,1795
982.8285,982.8647,68437,80884,Rhinolophus ferrumequinum,0.041,0.041,-1,Echolocation,/mnt/ubna_data_02_mir/recover-20221013/UBNA_001/20221012_030000.WAV,Telephone Field,recover-20221013,001,1795
982.8925,982.8996,44375,49032,Pipistrellus pipistrellus,0.02,0.021,-1,Echolocation,/mnt/ubna_data_02_mir/recover-20221013/UBNA_001/20221012_030000.WAV,Telephone Field,recover-20221013,001,1795
982.9045,982.9435,68437,82008,Rhinolophus ferrumequinum,0.023,0.023,-1,Echolocation,/mnt/ubna_data_02_mir/recover-20221013/UBNA_001/20221012_030000.WAV,Telephone Field,recover-20221013,001,1795
982.9115,982.9484,68437,81211,Rhinolophus ferrumequinum,0.022,0.022,-1,Echolocation,/mnt/ubna_data_02_mir/recover-20221013/UBNA_001/20221012_030000.WAV,Telephone Field,recover-20221013,001,1795
982.9435,982.9539,22890,28268,Nyctalus leisleri,0.01,0.024,-1,Echolocation,/mnt/ubna_data_02_mir/recover-20221013/UBNA_001/20221012_030000.WAV,Telephone Field,recover-20221013,001,1795
982.9925,983.0297,68437,81580,Rhinolophus ferrumequinum,0.022,0.022,-1,Echolocation,/mnt/ubna_data_02_mir/recover-20221013/UBNA_001/20221012_030000.WAV,Telephone Field,recover-20221013,001,1795
983.0145,983.0526,68437,82029,Rhinolophus ferrumequinum,0.023,0.023,-1,Echolocation,/mnt/ubna_data_02_mir/recover-20221013/UBNA_001/20221012_030000.WAV,Telephone Field,recover-20221013,001,1795
983.0435,983.084,68437,82253,Rhinolophus ferrumequinum,0.022,0.022,-1,Echolocation,/mnt/ubna_data_02_mir/recover-20221013/UBNA_001/20221012_030000.WAV,Telephone Field,recover-20221013,001,1795
983.0485,983.0573,27187,36376,Eptesicus serotinus,0.009,0.022,-1,Echolocation,/mnt/ubna_data_02_mir/recover-20221013/UBNA_001/20221012_030000.WAV,Telephone Field,recover-20221013,001,1795
983.0755,983.1071,68437,79951,Rhinolophus ferrumequinum,0.022,0.022,-1,Echolocation,/mnt/ubna_data_02_mir/recover-20221013/UBNA_001/20221012_030000.WAV,Telephone Field,recover-20221013,001,1795
983.1165,983.1537,68437,82146,Rhinolophus ferrumequinum,0.025,0.025,-1,Echolocation,/mnt/ubna_data_02_mir/recover-20221013/UBNA_001/20221012_030000.WAV,Telephone Field,recover-20221013,001,1795
983.1355,983.1457,28046,36553,Eptesicus serotinus,0.011,0.024,-1,Echolocation,/mnt/ubna_data_02_mir/recover-20221013/UBNA_001/20221012_030000.WAV,Telephone Field,recover-20221013,001,1795
983.1615,983.1719,22890,28828,Nyctalus leisleri,0.01,0.024,-1,Echolocation,/mnt/ubna_data_02_mir/recover-20221013/UBNA_001/20221012_030000.WAV,Telephone Field,recover-20221013,001,1795
983.1835,983.1925,28046,38321,Eptesicus serotinus,0.012,0.029,-1,Echolocation,/mnt/ubna_data_02_mir/recover-20221013/UBNA_001/20221012_030000.WAV,Telephone Field,recover-20221013,001,1795
983.2395,983.2744,68437,81074,Rhinolophus ferrumequinum,0.021,0.021,-1,Echolocation,/mnt/ubna_data_02_mir/recover-20221013/UBNA_001/20221012_030000.WAV,Telephone Field,recover-20221013,001,1795
983.2795,983.2882,26328,35826,Eptesicus serotinus,0.008,0.022,-1,Echolocation,/mnt/ubna_data_02_mir/recover-20221013/UBNA_001/20221012_030000.WAV,Telephone Field,recover-20221013,001,1795
983.3375,983.3449,28046,39587,Eptesicus serotinus,0.007,0.022,-1,Echolocation,/mnt/ubna_data_02_mir/recover-20221013/UBNA_001/20221012_030000.WAV,Telephone Field,recover-20221013,001,1795
983.3675,983.3803,16015,21679,Nyctalus noctula,0.015,0.025,-1,Echolocation,/mnt/ubna_data_02_mir/recover-20221013/UBNA_001/20221012_030000.WAV,Telephone Field,recover-20221013,001,1795
983.3975,983.4075,22890,28388,Nyctalus leisleri,0.009,0.023,-1,Echolocation,/mnt/ubna_data_02_mir/recover-20221013/UBNA_001/20221012_030000.WAV,Telephone Field,recover-20221013,001,1795
983.4005,983.4369,68437,81493,Rhinolophus ferrumequinum,0.022,0.022,-1,Echolocation,/mnt/ubna_data_02_mir/recover-20221013/UBNA_001/20221012_030000.WAV,Telephone Field,recover-20221013,001,1795
983.4265,983.4365,29765,39352,Eptesicus serotinus,0.014,0.034,-1,Echolocation,/mnt/ubna_data_02_mir/recover-20221013/UBNA_001/20221012_030000.WAV,Telephone Field,recover-20221013,001,1795
983.4455,983.4828,68437,82181,Rhinolophus ferrumequinum,0.026,0.026,-1,Echolocation,/mnt/ubna_data_02_mir/recover-20221013/UBNA_001/20221012_030000.WAV,Telephone Field,recover-20221013,001,1795
983.4635,983.5011,68437,82130,Rhinolophus ferrumequinum,0.022,0.022,-1,Echolocation,/mnt/ubna_data_02_mir/recover-20221013/UBNA_001/20221012_030000.WAV,Telephone Field,recover-20221013,001,1795
983.4875,983.497,28046,36320,Eptesicus serotinus,0.009,0.022,-1,Echolocation,/mnt/ubna_data_02_mir/recover-20221013/UBNA_001/20221012_030000.WAV,Telephone Field,recover-20221013,001,1795
983.4975,983.5387,68437,83020,Rhinolophus ferrumequinum,0.024,0.024,-1,Echolocation,/mnt/ubna_data_02_mir/recover-20221013/UBNA_001/20221012_030000.WAV,Telephone Field,recover-20221013,001,1795
983.5615,983.572,22031,28073,Nyctalus leisleri,0.009,0.024,-1,Echolocation,/mnt/ubna_data_02_mir/recover-20221013/UBNA_001/20221012_030000.WAV,Telephone Field,recover-20221013,001,1795
983.5755,983.6121,68437,82503,Rhinolophus ferrumequinum,0.024,0.024,-1,Echolocation,/mnt/ubna_data_02_mir/recover-20221013/UBNA_001/20221012_030000.WAV,Telephone Field,recover-20221013,001,1795
983.5825,983.6216,68437,82480,Rhinolophus ferrumequinum,0.021,0.021,-1,Echolocation,/mnt/ubna_data_02_mir/recover-20221013/UBNA_001/20221012_030000.WAV,Telephone Field,recover-20221013,001,1795
983.6075,983.6489,68437,82471,Rhinolophus ferrumequinum,0.027,0.027,-1,Echolocation,/mnt/ubna_data_02_mir/recover-20221013/UBNA_001/20221012_030000.WAV,Telephone Field,recover-20221013,001,1795
983.6715,983.7065,68437,80976,Rhinolophus ferrumequinum,0.021,0.021,-1,Echolocation,/mnt/ubna_data_02_mir/recover-20221013/UBNA_001/20221012_030000.WAV,Telephone Field,recover-20221013,001,1795
983.6725,983.6833,22890,28886,Nyctalus leisleri,0.013,0.032,-1,Echolocation,/mnt/ubna_data_02_mir/recover-20221013/UBNA_001/20221012_030000.WAV,Telephone Field,recover-20221013,001,1795
983.6955,983.7341,68437,81796,Rhinolophus ferrumequinum,0.021,0.021,-1,Echolocation,/mnt/ubna_data_02_mir/recover-20221013/UBNA_001/20221012_030000.WAV,Telephone Field,recover-20221013,001,1795
983.7085,983.7474,68437,82294,Rhinolophus ferrumequinum,0.021,0.021,-1,Echolocation,/mnt/ubna_data_02_mir/recover-20221013/UBNA_001/20221012_030000.WAV,Telephone Field,recover-20221013,001,1795
983.7085,983.716,25468,34766,Plecotus austriacus,0.007,0.023,-1,Echolocation,/mnt/ubna_data_02_mir/recover-20221013/UBNA_001/20221012_030000.WAV,Telephone Field,recover-20221013,001,1795
983.7195,983.7556,68437,82218,Rhinolophus ferrumequinum,0.022,0.022,-1,Echolocation,/mnt/ubna_data_02_mir/recover-20221013/UBNA_001/20221012_030000.WAV,Telephone Field,recover-20221013,001,1795
983.7275,983.7667,68437,82450,Rhinolophus ferrumequinum,0.022,0.022,-1,Echolocation,/mnt/ubna_data_02_mir/recover-20221013/UBNA_001/20221012_030000.WAV,Telephone Field,recover-20221013,001,1795
983.7405,983.7465,24609,36604,Plecotus austriacus,0.017,0.039,-1,Echolocation,/mnt/ubna_data_02_mir/recover-20221013/UBNA_001/20221012_030000.WAV,Telephone Field,recover-20221013,001,1795
983.7475,983.7885,68437,82401,Rhinolophus ferrumequinum,0.025,0.025,-1,Echolocation,/mnt/ubna_data_02_mir/recover-20221013/UBNA_001/20221012_030000.WAV,Telephone Field,recover-20221013,001,1795
983.7645,983.8001,68437,80803,Rhinolophus ferrumequinum,0.022,0.022,-1,Echolocation,/mnt/ubna_data_02_mir/recover-20221013/UBNA_001/20221012_030000.WAV,Telephone Field,recover-20221013,001,1795
983.7815,983.7926,22031,27328,Nyctalus leisleri,0.011,0.024,-1,Echolocation,/mnt/ubna_data_02_mir/recover-20221013/UBNA_001/20221012_030000.WAV,Telephone Field,recover-20221013,001,1795
983.7855,983.8257,68437,82850,Rhinolophus ferrumequinum,0.023,0.023,-1,Echolocation,/mnt/ubna_data_02_mir/recover-20221013/UBNA_001/20221012_030000.WAV,Telephone Field,recover-20221013,001,1795
983.8195,983.8281,28046,38250,Eptesicus serotinus,0.008,0.022,-1,Echolocation,/mnt/ubna_data_02_mir/recover-20221013/UBNA_001/20221012_030000.WAV,Telephone Field,recover-20221013,001,1795
983.8505,983.8613,22890,27825,Nyctalus leisleri,0.011,0.022,-1,Echolocation,/mnt/ubna_data_02_mir/recover-20221013/UBNA_001/20221012_030000.WAV,Telephone Field,recover-20221013,001,1795
983.8805,983.9176,68437,82042,Rhinolophus ferrumequinum,0.021,0.021,-1,Echolocation,/mnt/ubna_data_02_mir/recover-20221013/UBNA_001/20221012_030000.WAV,Telephone Field,recover-20221013,001,1795
983.8925,983.9347,68437,82230,Rhinolophus ferrumequinum,0.023,0.023,-1,Echolocation,/mnt/ubna_data_02_mir/recover-20221013/UBNA_001/20221012_030000.WAV,Telephone Field,recover-20221013,001,1795
983.9035,983.9423,68437,82018,Rhinolophus ferrumequinum,0.03,0.03,-1,Echolocation,/mnt/ubna_data_02_mir/recover-20221013/UBNA_001/20221012_030000.WAV,Telephone Field,recover-20221013,001,1795
983.9205,983.9597,68437,82289,Rhinolophus ferrumequinum,0.027,0.027,-1,Echolocation,/mnt/ubna_data_02_mir/recover-20221013/UBNA_001/20221012_030000.WAV,Telephone Field,recover-20221013,001,1795
983.9285,983.9665,68437,82178,Rhinolophus ferrumequinum,0.021,0.022,-1,Echolocation,/mnt/ubna_data_02_mir/recover-20221013/UBNA_001/20221012_030000.WAV,Telephone Field,recover-20221013,001,1795
983.9335,983.9445,22890,27796,Nyctalus leisleri,0.012,0.025,-1,Echolocation,/mnt/ubna_data_02_mir/recover-20221013/UBNA_001/20221012_030000.WAV,Telephone Field,recover-20221013,001,1795
983.9525,983.9906,68437,82025,Rhinolophus ferrumequinum,0.021,0.021,-1,Echolocation,/mnt/ubna_data_02_mir/recover-20221013/UBNA_001/20221012_030000.WAV,Telephone Field,recover-20221013,001,1795
983.9575,983.9674,24609,32085,Nyctalus leisleri,0.016,0.05,-1,Echolocation,/mnt/ubna_data_02_mir/recover-20221013/UBNA_001/20221012_030000.WAV,Telephone Field,recover-20221013,001,1795
983.9835,983.9933,48671,54747,Pipistrellus pipistrellus,0.036,0.04,-1,Echolocation,/mnt/ubna_data_02_mir/recover-20221013/UBNA_001/20221012_030000.WAV,Telephone Field,recover-20221013,001,1795
984.0015,984.0199,55546,61407,Pipistrellus pygmaeus,0.023,0.033,-1,Echolocation,/mnt/ubna_data_02_mir/recover-20221013/UBNA_001/20221012_030000.WAV,Telephone Field,recover-20221013,001,1795
984.0015,984.0098,26328,37211,Nyctalus leisleri,0.007,0.028,-1,Echolocation,/mnt/ubna_data_02_mir/recover-20221013/UBNA_001/20221012_030000.WAV,Telephone Field,recover-20221013,001,1795
984.0015,984.0345,69296,81554,Rhinolophus ferrumequinum,0.037,0.037,-1,Echolocation,/mnt/ubna_data_02_mir/recover-20221013/UBNA_001/20221012_030000.WAV,Telephone Field,recover-20221013,001,1795
984.0065,984.0168,56406,61560,Pipistrellus pygmaeus,0.027,0.028,-1,Echolocation,/mnt/ubna_data_02_mir/recover-20221013/UBNA_001/20221012_030000.WAV,Telephone Field,recover-20221013,001,1795
984.0075,984.049,68437,82294,Rhinolophus ferrumequinum,0.026,0.026,-1,Echolocation,/mnt/ubna_data_02_mir/recover-20221013/UBNA_001/20221012_030000.WAV,Telephone Field,recover-20221013,001,1795
984.0155,984.0556,68437,82731,Rhinolophus ferrumequinum,0.024,0.024,-1,Echolocation,/mnt/ubna_data_02_mir/recover-20221013/UBNA_001/20221012_030000.WAV,Telephone Field,recover-20221013,001,1795
984.0505,984.0877,68437,82728,Rhinolophus ferrumequinum,0.025,0.025,-1,Echolocation,/mnt/ubna_data_02_mir/recover-20221013/UBNA_001/20221012_030000.WAV,Telephone Field,recover-20221013,001,1795
984.0565,984.0971,68437,82571,Rhinolophus ferrumequinum,0.021,0.021,-1,Echolocation,/mnt/ubna_data_02_mir/recover-20221013/UBNA_001/20221012_030000.WAV,Telephone Field,recover-20221013,001,1795
984.0715,984.079,28046,39860,Eptesicus serotinus,0.007,0.023,-1,Echolocation,/mnt/ubna_data_02_mir/recover-20221013/UBNA_001/20221012_030000.WAV,Telephone Field,recover-20221013,001,1795
984.1045,984.1409,68437,80958,Rhinolophus ferrumequinum,0.025,0.025,-1,Echolocation,/mnt/ubna_data_02_mir/recover-20221013/UBNA_001/20221012_030000.WAV,Telephone Field,recover-20221013,001,1795
984.1115,984.1483,68437,81436,Rhinolophus ferrumequinum,0.025,0.025,-1,Echolocation,/mnt/ubna_data_02_mir/recover-20221013/UBNA_001/20221012_030000.WAV,Telephone Field,recover-20221013,001,1795
984.1135,984.1196,24609,36591,Plecotus austriacus,0.017,0.04,-1,Echolocation,/mnt/ubna_data_02_mir/recover-20221013/UBNA_001/20221012_030000.WAV,Telephone Field,recover-20221013,001,1795
984.1395,984.1499,22890,28900,Nyctalus leisleri,0.011,0.026,-1,Echolocation,/mnt/ubna_data_02_mir/recover-20221013/UBNA_001/20221012_030000.WAV,Telephone Field,recover-20221013,001,1795
984.1645,984.1775,23750,28670,Nyctalus leisleri,0.012,0.024,-1,Echolocation,/mnt/ubna_data_02_mir/recover-20221013/UBNA_001/20221012_030000.WAV,Telephone Field,recover-20221013,001,1795
984.1685,984.2086,68437,82118,Rhinolophus ferrumequinum,0.022,0.022,-1,Echolocation,/mnt/ubna_data_02_mir/recover-20221013/UBNA_001/20221012_030000.WAV,Telephone Field,recover-20221013,001,1795
984.1795,984.2172,68437,81819,Rhinolophus ferrumequinum,0.022,0.022,-1,Echolocation,/mnt/ubna_data_02_mir/recover-20221013/UBNA_001/20221012_030000.WAV,Telephone Field,recover-20221013,001,1795
984.2295,984.2461,24609,30020,Nyctalus leisleri,0.019,0.044,-1,Echolocation,/mnt/ubna_data_02_mir/recover-20221013/UBNA_001/20221012_030000.WAV,Telephone Field,recover-20221013,001,1795
984.2595,984.2702,28046,35579,Eptesicus serotinus,0.016,0.03,-1,Echolocation,/mnt/ubna_data_02_mir/recover-20221013/UBNA_001/20221012_030000.WAV,Telephone Field,recover-20221013,001,1795
984.2625,984.2967,68437,81233,Rhinolophus ferrumequinum,0.029,0.029,-1,Echolocation,/mnt/ubna_data_02_mir/recover-20221013/UBNA_001/20221012_030000.WAV,Telephone Field,recover-20221013,001,1795
984.2795,984.2879,28046,36758,Eptesicus serotinus,0.007,0.023,-1,Echolocation,/mnt/ubna_data_02_mir/recover-20221013/UBNA_001/20221012_030000.WAV,Telephone Field,recover-20221013,001,1795
984.2875,984.3269,68437,82312,Rhinolophus ferrumequinum,0.022,0.022,-1,Echolocation,/mnt/ubna_data_02_mir/recover-20221013/UBNA_001/20221012_030000.WAV,Telephone Field,recover-20221013,001,1795
984.3135,984.3545,68437,82389,Rhinolophus ferrumequinum,0.021,0.021,-1,Echolocation,/mnt/ubna_data_02_mir/recover-20221013/UBNA_001/20221012_030000.WAV,Telephone Field,recover-20221013,001,1795
984.3355,984.3472,22031,26180,Nyctalus leisleri,0.012,0.022,-1,Echolocation,/mnt/ubna_data_02_mir/recover-20221013/UBNA_001/20221012_030000.WAV,Telephone Field,recover-20221013,001,1795
984.3385,984.3765,68437,82005,Rhinolophus ferrumequinum,0.021,0.021,-1,Echolocation,/mnt/ubna_data_02_mir/recover-20221013/UBNA_001/20221012_030000.WAV,Telephone Field,recover-20221013,001,1795
984.3605,984.3699,28046,36172,Eptesicus serotinus,0.009,0.024,-1,Echolocation,/mnt/ubna_data_02_mir/recover-20221013/UBNA_001/20221012_030000.WAV,Telephone Field,recover-20221013,001,1795
984.3815,984.4219,68437,82753,Rhinolophus ferrumequinum,0.026,0.026,-1,Echolocation,/mnt/ubna_data_02_mir/recover-20221013/UBNA_001/20221012_030000.WAV,Telephone Field,recover-20221013,001,1795
984.3935,984.4311,68437,81435,Rhinolophus ferrumequinum,0.023,0.023,-1,Echolocation,/mnt/ubna_data_02_mir/recover-20221013/UBNA_001/20221012_030000.WAV,Telephone Field,recover-20221013,001,1795
984.4175,984.4251,27187,36841,Eptesicus serotinus,0.008,0.021,-1,Echolocation,/mnt/ubna_data_02_mir/recover-20221013/UBNA_001/20221012_030000.WAV,Telephone Field,recover-20221013,001,1795
984.4185,984.4618,68437,83118,Rhinolophus ferrumequinum,0.037,0.037,-1,Echolocation,/mnt/ubna_data_02_mir/recover-20221013/UBNA_001/20221012_030000.WAV,Telephone Field,recover-20221013,001,1795
984.4345,984.442,27187,39367,Eptesicus serotinus,0.007,0.023,-1,Echolocation,/mnt/ubna_data_02_mir/recover-20221013/UBNA_001/20221012_030000.WAV,Telephone Field,recover-20221013,001,1795
984.4615,984.4985,68437,81812,Rhinolophus ferrumequinum,0.026,0.026,-1,Echolocation,/mnt/ubna_data_02_mir/recover-20221013/UBNA_001/20221012_030000.WAV,Telephone Field,recover-20221013,001,1795
984.4645,984.4743,28046,37175,Eptesicus serotinus,0.01,0.022,-1,Echolocation,/mnt/ubna_data_02_mir/recover-20221013/UBNA_001/20221012_030000.WAV,Telephone Field,recover-20221013,001,1795
984.4715,984.4801,28046,39593,Eptesicus serotinus,0.008,0.022,-1,Echolocation,/mnt/ubna_data_02_mir/recover-20221013/UBNA_001/20221012_030000.WAV,Telephone Field,recover-20221013,001,1795
984.6095,984.6181,28046,40436,Eptesicus serotinus,0.008,0.021,-1,Echolocation,/mnt/ubna_data_02_mir/recover-20221013/UBNA_001/20221012_030000.WAV,Telephone Field,recover-20221013,001,1795
984.6205,984.6604,68437,82024,Rhinolophus ferrumequinum,0.037,0.037,-1,Echolocation,/mnt/ubna_data_02_mir/recover-20221013/UBNA_001/20221012_030000.WAV,Telephone Field,recover-20221013,001,1795
984.6355,984.6423,27187,40455,Eptesicus serotinus,0.006,0.022,-1,Echolocation,/mnt/ubna_data_02_mir/recover-20221013/UBNA_001/20221012_030000.WAV,Telephone Field,recover-20221013,001,1795
984.6395,984.673,68437,80699,Rhinolophus ferrumequinum,0.022,0.022,-1,Echolocation,/mnt/ubna_data_02_mir/recover-20221013/UBNA_001/20221012_030000.WAV,Telephone Field,recover-20221013,001,1795
984.6475,984.6547,26328,35802,Eptesicus serotinus,0.007,0.022,-1,Echolocation,/mnt/ubna_data_02_mir/recover-20221013/UBNA_001/20221012_030000.WAV,Telephone Field,recover-20221013,001,1795
984.6575,984.6952,68437,82239,Rhinolophus ferrumequinum,0.021,0.022,-1,Echolocation,/mnt/ubna_data_02_mir/recover-20221013/UBNA_001/20221012_030000.WAV,Telephone Field,recover-20221013,001,1795
984.6645,984.6715,26328,39590,Eptesicus serotinus,0.006,0.023,-1,Echolocation,/mnt/ubna_data_02_mir/recover-20221013/UBNA_001/20221012_030000.WAV,Telephone Field,recover-20221013,001,1795
984.6765,984.686,24609,31039,Eptesicus serotinus,0.009,0.027,-1,Echolocation,/mnt/ubna_data_02_mir/recover-20221013/UBNA_001/20221012_030000.WAV,Telephone Field,recover-20221013,001,1795
984.6885,984.7272,68437,82140,Rhinolophus ferrumequinum,0.021,0.021,-1,Echolocation,/mnt/ubna_data_02_mir/recover-20221013/UBNA_001/20221012_030000.WAV,Telephone Field,recover-20221013,001,1795
984.7105,984.7495,68437,82522,Rhinolophus ferrumequinum,0.022,0.022,-1,Echolocation,/mnt/ubna_data_02_mir/recover-20221013/UBNA_001/20221012_030000.WAV,Telephone Field,recover-20221013,001,1795
984.7385,984.777,68437,81835,Rhinolophus ferrumequinum,0.022,0.022,-1,Echolocation,/mnt/ubna_data_02_mir/recover-20221013/UBNA_001/20221012_030000.WAV,Telephone Field,recover-20221013,001,1795
984.7885,984.7989,26328,32546,Eptesicus serotinus,0.009,0.021,-1,Echolocation,/mnt/ubna_data_02_mir/recover-20221013/UBNA_001/20221012_030000.WAV,Telephone Field,recover-20221013,001,1795
984.7915,984.8302,68437,82217,Rhinolophus ferrumequinum,0.022,0.022,-1,Echolocation,/mnt/ubna_data_02_mir/recover-20221013/UBNA_001/20221012_030000.WAV,Telephone Field,recover-20221013,001,1795
984.8015,984.8402,68437,82122,Rhinolophus ferrumequinum,0.023,0.023,-1,Echolocation,/mnt/ubna_data_02_mir/recover-20221013/UBNA_001/20221012_030000.WAV,Telephone Field,recover-20221013,001,1795
984.8115,984.8485000000001,68437,81683,Rhinolophus ferrumequinum,0.024,0.024,-1,Echolocation,/mnt/ubna_data_02_mir/recover-20221013/UBNA_001/20221012_030000.WAV,Telephone Field,recover-20221013,001,1795
984.8265,984.8641,68437,82479,Rhinolophus ferrumequinum,0.021,0.021,-1,Echolocation,/mnt/ubna_data_02_mir/recover-20221013/UBNA_001/20221012_030000.WAV,Telephone Field,recover-20221013,001,1795
984.8325,984.8436,23750,29031,Nyctalus leisleri,0.011,0.024,-1,Echolocation,/mnt/ubna_data_02_mir/recover-20221013/UBNA_001/20221012_030000.WAV,Telephone Field,recover-20221013,001,1795
984.8505,984.8598,27187,40889,Eptesicus serotinus,0.011,0.029,-1,Echolocation,/mnt/ubna_data_02_mir/recover-20221013/UBNA_001/20221012_030000.WAV,Telephone Field,recover-20221013,001,1795
984.8715,984.9084,68437,82063,Rhinolophus ferrumequinum,0.022,0.022,-1,Echolocation,/mnt/ubna_data_02_mir/recover-20221013/UBNA_001/20221012_030000.WAV,Telephone Field,recover-20221013,001,1795
984.9095,984.9474,68437,81481,Rhinolophus ferrumequinum,0.023,0.023,-1,Echolocation,/mnt/ubna_data_02_mir/recover-20221013/UBNA_001/20221012_030000.WAV,Telephone Field,recover-20221013,001,1795
984.9155,984.9253,25468,32856,Eptesicus serotinus,0.009,0.022,-1,Echolocation,/mnt/ubna_data_02_mir/recover-20221013/UBNA_001/20221012_030000.WAV,Telephone Field,recover-20221013,001,1795
984.9375,984.9801,68437,83138,Rhinolophus ferrumequinum,0.029,0.029,-1,Echolocation,/mnt/ubna_data_02_mir/recover-20221013/UBNA_001/20221012_030000.WAV,Telephone Field,recover-20221013,001,1795
984.9685,985.0071,68437,82500,Rhinolophus ferrumequinum,0.023,0.023,-1,Echolocation,/mnt/ubna_data_02_mir/recover-20221013/UBNA_001/20221012_030000.WAV,Telephone Field,recover-20221013,001,1795
984.9685,984.9769,27187,37615,Eptesicus serotinus,0.008,0.024,-1,Echolocation,/mnt/ubna_data_02_mir/recover-20221013/UBNA_001/20221012_030000.WAV,Telephone Field,recover-20221013,001,1795
984.9695,984.9798,35781,41249,Barbastellus barbastellus,0.006,0.025,-1,Echolocation,/mnt/ubna_data_02_mir/recover-20221013/UBNA_001/20221012_030000.WAV,Telephone Field,recover-20221013,001,1795
985.0505,985.0586,27187,37217,Eptesicus serotinus,0.008,0.022,-1,Echolocation,/mnt/ubna_data_02_mir/recover-20221013/UBNA_001/20221012_030000.WAV,Telephone Field,recover-20221013,001,1795
985.0785,985.0858,37500,44247,Myotis daubentonii,0.008,0.023,-1,Echolocation,/mnt/ubna_data_02_mir/recover-20221013/UBNA_001/20221012_030000.WAV,Telephone Field,recover-20221013,001,1795
985.0795,985.118,68437,82275,Rhinolophus ferrumequinum,0.028,0.028,-1,Echolocation,/mnt/ubna_data_02_mir/recover-20221013/UBNA_001/20221012_030000.WAV,Telephone Field,recover-20221013,001,1795
985.0805,985.0873,27187,42518,Eptesicus serotinus,0.007,0.025,-1,Echolocation,/mnt/ubna_data_02_mir/recover-20221013/UBNA_001/20221012_030000.WAV,Telephone Field,recover-20221013,001,1795
985.1065,985.1461,68437,82938,Rhinolophus ferrumequinum,0.026,0.026,-1,Echolocation,/mnt/ubna_data_02_mir/recover-20221013/UBNA_001/20221012_030000.WAV,Telephone Field,recover-20221013,001,1795
985.1225,985.1586,68437,82259,Rhinolophus ferrumequinum,0.022,0.022,-1,Echolocation,/mnt/ubna_data_02_mir/recover-20221013/UBNA_001/20221012_030000.WAV,Telephone Field,recover-20221013,001,1795
985.1485,985.1904,68437,82725,Rhinolophus ferrumequinum,0.042,0.042,-1,Echolocation,/mnt/ubna_data_02_mir/recover-20221013/UBNA_001/20221012_030000.WAV,Telephone Field,recover-20221013,001,1795
985.1775,985.2142,68437,81402,Rhinolophus ferrumequinum,0.022,0.022,-1,Echolocation,/mnt/ubna_data_02_mir/recover-20221013/UBNA_001/20221012_030000.WAV,Telephone Field,recover-20221013,001,1795
985.1995,985.2075,37500,47724,Myotis daubentonii,0.007,0.022,-1,Echolocation,/mnt/ubna_data_02_mir/recover-20221013/UBNA_001/20221012_030000.WAV,Telephone Field,recover-20221013,001,1795
985.2215,985.2289,50390,54957,Pipistrellus pipistrellus,0.022,0.024,-1,Echolocation,/mnt/ubna_data_02_mir/recover-20221013/UBNA_001/20221012_030000.WAV,Telephone Field,recover-20221013,001,1795
985.2385,985.2491,24609,31041,Eptesicus serotinus,0.008,0.022,-1,Echolocation,/mnt/ubna_data_02_mir/recover-20221013/UBNA_001/20221012_030000.WAV,Telephone Field,recover-20221013,001,1795
985.2605,985.271,22890,28009,Nyctalus leisleri,0.014,0.029,-1,Echolocation,/mnt/ubna_data_02_mir/recover-20221013/UBNA_001/20221012_030000.WAV,Telephone Field,recover-20221013,001,1795
985.2905,985.2989,28046,37531,Eptesicus serotinus,0.013,0.029,-1,Echolocation,/mnt/ubna_data_02_mir/recover-20221013/UBNA_001/20221012_030000.WAV,Telephone Field,recover-20221013,001,1795
985.2945,985.3285,68437,81466,Rhinolophus ferrumequinum,0.022,0.022,-1,Echolocation,/mnt/ubna_data_02_mir/recover-20221013/UBNA_001/20221012_030000.WAV,Telephone Field,recover-20221013,001,1795
985.3425,985.3845,68437,82991,Rhinolophus ferrumequinum,0.03,0.03,-1,Echolocation,/mnt/ubna_data_02_mir/recover-20221013/UBNA_001/20221012_030000.WAV,Telephone Field,recover-20221013,001,1795
985.3545,985.3647,27187,34126,Eptesicus serotinus,0.011,0.024,-1,Echolocation,/mnt/ubna_data_02_mir/recover-20221013/UBNA_001/20221012_030000.WAV,Telephone Field,recover-20221013,001,1795
985.4005,985.4378,68437,81673,Rhinolophus ferrumequinum,0.021,0.021,-1,Echolocation,/mnt/ubna_data_02_mir/recover-20221013/UBNA_001/20221012_030000.WAV,Telephone Field,recover-20221013,001,1795
985.4075,985.4482,68437,82582,Rhinolophus ferrumequinum,0.023,0.023,-1,Echolocation,/mnt/ubna_data_02_mir/recover-20221013/UBNA_001/20221012_030000.WAV,Telephone Field,recover-20221013,001,1795
985.4135,985.4529,68437,81921,Rhinolophus ferrumequinum,0.022,0.022,-1,Echolocation,/mnt/ubna_data_02_mir/recover-20221013/UBNA_001/20221012_030000.WAV,Telephone Field,recover-20221013,001,1795
985.4445,985.4536,28046,37364,Eptesicus serotinus,0.008,0.022,-1,Echolocation,/mnt/ubna_data_02_mir/recover-20221013/UBNA_001/20221012_030000.WAV,Telephone Field,recover-20221013,001,1795
985.4805,985.4897,23750,32708,Plecotus austriacus,0.01,0.036,-1,Echolocation,/mnt/ubna_data_02_mir/recover-20221013/UBNA_001/20221012_030000.WAV,Telephone Field,recover-20221013,001,1795
985.4835,985.5197000000001,68437,81878,Rhinolophus ferrumequinum,0.022,0.022,-1,Echolocation,/mnt/ubna_data_02_mir/recover-20221013/UBNA_001/20221012_030000.WAV,Telephone Field,recover-20221013,001,1795
985.5175,985.5548,68437,81825,Rhinolophus ferrumequinum,0.023,0.023,-1,Echolocation,/mnt/ubna_data_02_mir/recover-20221013/UBNA_001/20221012_030000.WAV,Telephone Field,recover-20221013,001,1795
985.5475,985.5559,28906,37144,Eptesicus serotinus,0.008,0.023,-1,Echolocation,/mnt/ubna_data_02_mir/recover-20221013/UBNA_001/20221012_030000.WAV,Telephone Field,recover-20221013,001,1795
985.5555,985.5899,68437,80551,Rhinolophus ferrumequinum,0.024,0.024,-1,Echolocation,/mnt/ubna_data_02_mir/recover-20221013/UBNA_001/20221012_030000.WAV,Telephone Field,recover-20221013,001,1795
985.5625,985.5732,33203,39837,Eptesicus serotinus,0.006,0.021,-1,Echolocation,/mnt/ubna_data_02_mir/recover-20221013/UBNA_001/20221012_030000.WAV,Telephone Field,recover-20221013,001,1795
985.5625,985.5712,28046,39633,Eptesicus serotinus,0.008,0.022,-1,Echolocation,/mnt/ubna_data_02_mir/recover-20221013/UBNA_001/20221012_030000.WAV,Telephone Field,recover-20221013,001,1795
985.5785,985.6149,68437,81693,Rhinolophus ferrumequinum,0.022,0.022,-1,Echolocation,/mnt/ubna_data_02_mir/recover-20221013/UBNA_001/20221012_030000.WAV,Telephone Field,recover-20221013,001,1795
985.5795,985.5915,22031,27704,Nyctalus leisleri,0.016,0.04,-1,Echolocation,/mnt/ubna_data_02_mir/recover-20221013/UBNA_001/20221012_030000.WAV,Telephone Field,recover-20221013,001,1795
985.5955,985.6322,68437,81916,Rhinolophus ferrumequinum,0.035,0.035,-1,Echolocation,/mnt/ubna_data_02_mir/recover-20221013/UBNA_001/20221012_030000.WAV,Telephone Field,recover-20221013,001,1795
985.6035,985.642,68437,81989,Rhinolophus ferrumequinum,0.026,0.026,-1,Echolocation,/mnt/ubna_data_02_mir/recover-20221013/UBNA_001/20221012_030000.WAV,Telephone Field,recover-20221013,001,1795
985.6365,985.6725,68437,81380,Rhinolophus ferrumequinum,0.022,0.022,-1,Echolocation,/mnt/ubna_data_02_mir/recover-20221013/UBNA_001/20221012_030000.WAV,Telephone Field,recover-20221013,001,1795
985.6435,985.6771,68437,81167,Rhinolophus ferrumequinum,0.021,0.022,-1,Echolocation,/mnt/ubna_data_02_mir/recover-20221013/UBNA_001/20221012_030000.WAV,Telephone Field,recover-20221013,001,1795
985.6945,985.704,22890,29046,Nyctalus leisleri,0.008,0.023,-1,Echolocation,/mnt/ubna_data_02_mir/recover-20221013/UBNA_001/20221012_030000.WAV,Telephone Field,recover-20221013,001,1795
985.7185,985.7574,68437,82902,Rhinolophus ferrumequinum,0.022,0.022,-1,Echolocation,/mnt/ubna_data_02_mir/recover-20221013/UBNA_001/20221012_030000.WAV,Telephone Field,recover-20221013,001,1795
985.7395,985.7477,26328,35562,Eptesicus serotinus,0.012,0.035,-1,Echolocation,/mnt/ubna_data_02_mir/recover-20221013/UBNA_001/20221012_030000.WAV,Telephone Field,recover-20221013,001,1795
985.7635,985.8048,68437,82409,Rhinolophus ferrumequinum,0.023,0.023,-1,Echolocation,/mnt/ubna_data_02_mir/recover-20221013/UBNA_001/20221012_030000.WAV,Telephone Field,recover-20221013,001,1795
985.7685,985.7783,23750,29992,Nyctalus leisleri,0.008,0.021,-1,Echolocation,/mnt/ubna_data_02_mir/recover-20221013/UBNA_001/20221012_030000.WAV,Telephone Field,recover-20221013,001,1795
985.7725,985.8114,68437,82305,Rhinolophus ferrumequinum,0.025,0.025,-1,Echolocation,/mnt/ubna_data_02_mir/recover-20221013/UBNA_001/20221012_030000.WAV,Telephone Field,recover-20221013,001,1795
985.7835,985.823,68437,82494,Rhinolophus ferrumequinum,0.032,0.032,-1,Echolocation,/mnt/ubna_data_02_mir/recover-20221013/UBNA_001/20221012_030000.WAV,Telephone Field,recover-20221013,001,1795
985.8065,985.8153,26328,34928,Eptesicus serotinus,0.013,0.03,-1,Echolocation,/mnt/ubna_data_02_mir/recover-20221013/UBNA_001/20221012_030000.WAV,Telephone Field,recover-20221013,001,1795
985.8355,985.8729,68437,82125,Rhinolophus ferrumequinum,0.021,0.021,-1,Echolocation,/mnt/ubna_data_02_mir/recover-20221013/UBNA_001/20221012_030000.WAV,Telephone Field,recover-20221013,001,1795
985.8515,985.8916,68437,83220,Rhinolophus ferrumequinum,0.03,0.03,-1,Echolocation,/mnt/ubna_data_02_mir/recover-20221013/UBNA_001/20221012_030000.WAV,Telephone Field,recover-20221013,001,1795
985.8825,985.9195,68437,81645,Rhinolophus ferrumequinum,0.022,0.022,-1,Echolocation,/mnt/ubna_data_02_mir/recover-20221013/UBNA_001/20221012_030000.WAV,Telephone Field,recover-20221013,001,1795
985.9014999999999,985.9396,68437,82275,Rhinolophus ferrumequinum,0.022,0.023,-1,Echolocation,/mnt/ubna_data_02_mir/recover-20221013/UBNA_001/20221012_030000.WAV,Telephone Field,recover-20221013,001,1795
985.9315,985.9434,32343,39511,Eptesicus serotinus,0.008,0.028,-1,Echolocation,/mnt/ubna_data_02_mir/recover-20221013/UBNA_001/20221012_030000.WAV,Telephone Field,recover-20221013,001,1795
985.9325,985.9431,28046,36809,Eptesicus serotinus,0.013,0.027,-1,Echolocation,/mnt/ubna_data_02_mir/recover-20221013/UBNA_001/20221012_030000.WAV,Telephone Field,recover-20221013,001,1795
985.9585,985.9914,68437,80567,Rhinolophus ferrumequinum,0.025,0.026,-1,Echolocation,/mnt/ubna_data_02_mir/recover-20221013/UBNA_001/20221012_030000.WAV,Telephone Field,recover-20221013,001,1795
985.9845,985.9946,28046,37267,Eptesicus serotinus,0.01,0.024,-1,Echolocation,/mnt/ubna_data_02_mir/recover-20221013/UBNA_001/20221012_030000.WAV,Telephone Field,recover-20221013,001,1795
986.0015,986.0141,52968,60276,Pipistrellus pygmaeus,0.016,0.022,-1,Echolocation,/mnt/ubna_data_02_mir/recover-20221013/UBNA_001/20221012_030000.WAV,Telephone Field,recover-20221013,001,1795
986.0015,986.0178,20312,25190,Nyctalus noctula,0.047,0.094,-1,Echolocation,/mnt/ubna_data_02_mir/recover-20221013/UBNA_001/20221012_030000.WAV,Telephone Field,recover-20221013,001,1795
986.0015,986.0314,69296,80955,Rhinolophus ferrumequinum,0.027,0.027,-1,Echolocation,/mnt/ubna_data_02_mir/recover-20221013/UBNA_001/20221012_030000.WAV,Telephone Field,recover-20221013,001,1795
986.0665,986.0746,28046,41794,Eptesicus serotinus,0.009,0.024,-1,Echolocation,/mnt/ubna_data_02_mir/recover-20221013/UBNA_001/20221012_030000.WAV,Telephone Field,recover-20221013,001,1795
986.1585,986.1992,68437,82348,Rhinolophus ferrumequinum,0.025,0.025,-1,Echolocation,/mnt/ubna_data_02_mir/recover-20221013/UBNA_001/20221012_030000.WAV,Telephone Field,recover-20221013,001,1795
986.1635,986.2038,68437,82547,Rhinolophus ferrumequinum,0.025,0.025,-1,Echolocation,/mnt/ubna_data_02_mir/recover-20221013/UBNA_001/20221012_030000.WAV,Telephone Field,recover-20221013,001,1795
986.1675,986.1769,28906,37863,Eptesicus serotinus,0.01,0.025,-1,Echolocation,/mnt/ubna_data_02_mir/recover-20221013/UBNA_001/20221012_030000.WAV,Telephone Field,recover-20221013,001,1795
986.1885,986.2274,68437,81529,Rhinolophus ferrumequinum,0.024,0.024,-1,Echolocation,/mnt/ubna_data_02_mir/recover-20221013/UBNA_001/20221012_030000.WAV,Telephone Field,recover-20221013,001,1795
986.1985,986.209,23750,29549,Nyctalus leisleri,0.008,0.021,-1,Echolocation,/mnt/ubna_data_02_mir/recover-20221013/UBNA_001/20221012_030000.WAV,Telephone Field,recover-20221013,001,1795
986.2175,986.2554,68437,81634,Rhinolophus ferrumequinum,0.022,0.022,-1,Echolocation,/mnt/ubna_data_02_mir/recover-20221013/UBNA_001/20221012_030000.WAV,Telephone Field,recover-20221013,001,1795
986.2185,986.2269,28906,37546,Eptesicus serotinus,0.007,0.021,-1,Echolocation,/mnt/ubna_data_02_mir/recover-20221013/UBNA_001/20221012_030000.WAV,Telephone Field,recover-20221013,001,1795
986.2505,986.2886,68437,82560,Rhinolophus ferrumequinum,0.021,0.021,-1,Echolocation,/mnt/ubna_data_02_mir/recover-20221013/UBNA_001/20221012_030000.WAV,Telephone Field,recover-20221013,001,1795
986.2735,986.3102,68437,81702,Rhinolophus ferrumequinum,0.022,0.022,-1,Echolocation,/mnt/ubna_data_02_mir/recover-20221013/UBNA_001/20221012_030000.WAV,Telephone Field,recover-20221013,001,1795
986.3015,986.34,68437,82029,Rhinolophus ferrumequinum,0.021,0.021,-1,Echolocation,/mnt/ubna_data_02_mir/recover-20221013/UBNA_001/20221012_030000.WAV,Telephone Field,recover-20221013,001,1795
986.3445,986.3796,68437,81542,Rhinolophus ferrumequinum,0.022,0.022,-1,Echolocation,/mnt/ubna_data_02_mir/recover-20221013/UBNA_001/20221012_030000.WAV,Telephone Field,recover-20221013,001,1795
986.3805,986.4177,68437,81410,Rhinolophus ferrumequinum,0.021,0.021,-1,Echolocation,/mnt/ubna_data_02_mir/recover-20221013/UBNA_001/20221012_030000.WAV,Telephone Field,recover-20221013,001,1795
986.4185,986.4585,68437,82620,Rhinolophus ferrumequinum,0.023,0.023,-1,Echolocation,/mnt/ubna_data_02_mir/recover-20221013/UBNA_001/20221012_030000.WAV,Telephone Field,recover-20221013,001,1795
986.4345,986.4441,26328,33752,Eptesicus serotinus,0.011,0.026,-1,Echolocation,/mnt/ubna_data_02_mir/recover-20221013/UBNA_001/20221012_030000.WAV,Telephone Field,recover-20221013,001,1795
986.4775,986.514,68437,81824,Rhinolophus ferrumequinum,0.025,0.025,-1,Echolocation,/mnt/ubna_data_02_mir/recover-20221013/UBNA_001/20221012_030000.WAV,Telephone Field,recover-20221013,001,1795
986.4835,986.4902,25468,37017,Plecotus auritus,0.005,0.021,-1,Echolocation,/mnt/ubna_data_02_mir/recover-20221013/UBNA_001/20221012_030000.WAV,Telephone Field,recover-20221013,001,1795
986.5615,986.6001,68437,82099,Rhinolophus ferrumequinum,0.024,0.025,-1,Echolocation,/mnt/ubna_data_02_mir/recover-20221013/UBNA_001/20221012_030000.WAV,Telephone Field,recover-20221013,001,1795
986.5695,986.6097,67578,80345,Rhinolophus ferrumequinum,0.022,0.022,-1,Echolocation,/mnt/ubna_data_02_mir/recover-20221013/UBNA_001/20221012_030000.WAV,Telephone Field,recover-20221013,001,1795
986.5975,986.6046,27187,42474,Eptesicus serotinus,0.006,0.021,-1,Echolocation,/mnt/ubna_data_02_mir/recover-20221013/UBNA_001/20221012_030000.WAV,Telephone Field,recover-20221013,001,1795
986.6415,986.6769,68437,82078,Rhinolophus ferrumequinum,0.025,0.025,-1,Echolocation,/mnt/ubna_data_02_mir/recover-20221013/UBNA_001/20221012_030000.WAV,Telephone Field,recover-20221013,001,1795
986.6675,986.7057,68437,82644,Rhinolophus ferrumequinum,0.023,0.023,-1,Echolocation,/mnt/ubna_data_02_mir/recover-20221013/UBNA_001/20221012_030000.WAV,Telephone Field,recover-20221013,001,1795
986.7115,986.7535,68437,82640,Rhinolophus ferrumequinum,0.027,0.027,-1,Echolocation,/mnt/ubna_data_02_mir/recover-20221013/UBNA_001/20221012_030000.WAV,Telephone Field,recover-20221013,001,1795
986.7335,986.7695,68437,81971,Rhinolophus ferrumequinum,0.021,0.021,-1,Echolocation,/mnt/ubna_data_02_mir/recover-20221013/UBNA_001/20221012_030000.WAV,Telephone Field,recover-20221013,001,1795
986.7565,986.7657,28906,38675,Eptesicus serotinus,0.008,0.021,-1,Echolocation,/mnt/ubna_data_02_mir/recover-20221013/UBNA_001/20221012_030000.WAV,Telephone Field,recover-20221013,001,1795
986.7625,986.8038,68437,83215,Rhinolophus ferrumequinum,0.028,0.028,-1,Echolocation,/mnt/ubna_data_02_mir/recover-20221013/UBNA_001/20221012_030000.WAV,Telephone Field,recover-20221013,001,1795
986.7825,986.8229,68437,81697,Rhinolophus ferrumequinum,0.022,0.022,-1,Echolocation,/mnt/ubna_data_02_mir/recover-20221013/UBNA_001/20221012_030000.WAV,Telephone Field,recover-20221013,001,1795
986.7915,986.8308,68437,82423,Rhinolophus ferrumequinum,0.024,0.024,-1,Echolocation,/mnt/ubna_data_02_mir/recover-20221013/UBNA_001/20221012_030000.WAV,Telephone Field,recover-20221013,001,1795
986.8155,986.8596,68437,83629,Rhinolophus ferrumequinum,0.04,0.04,-1,Echolocation,/mnt/ubna_data_02_mir/recover-20221013/UBNA_001/20221012_030000.WAV,Telephone Field,recover-20221013,001,1795
986.8395,986.8475,24609,32962,Plecotus austriacus,0.007,0.023,-1,Echolocation,/mnt/ubna_data_02_mir/recover-20221013/UBNA_001/20221012_030000.WAV,Telephone Field,recover-20221013,001,1795
986.8515,986.8908,68437,82458,Rhinolophus ferrumequinum,0.026,0.026,-1,Echolocation,/mnt/ubna_data_02_mir/recover-20221013/UBNA_001/20221012_030000.WAV,Telephone Field,recover-20221013,001,1795
986.8685,986.9105,68437,82792,Rhinolophus ferrumequinum,0.025,0.025,-1,Echolocation,/mnt/ubna_data_02_mir/recover-20221013/UBNA_001/20221012_030000.WAV,Telephone Field,recover-20221013,001,1795
986.8695,986.8764,36640,47429,Myotis brandtii,0.006,0.023,-1,Echolocation,/mnt/ubna_data_02_mir/recover-20221013/UBNA_001/20221012_030000.WAV,Telephone Field,recover-20221013,001,1795
986.8775,986.9187,68437,82749,Rhinolophus ferrumequinum,0.021,0.021,-1,Echolocation,/mnt/ubna_data_02_mir/recover-20221013/UBNA_001/20221012_030000.WAV,Telephone Field,recover-20221013,001,1795
986.9195,986.9529,68437,80888,Rhinolophus ferrumequinum,0.023,0.023,-1,Echolocation,/mnt/ubna_data_02_mir/recover-20221013/UBNA_001/20221012_030000.WAV,Telephone Field,recover-20221013,001,1795
986.9375,986.981,68437,83289,Rhinolophus ferrumequinum,0.025,0.025,-1,Echolocation,/mnt/ubna_data_02_mir/recover-20221013/UBNA_001/20221012_030000.WAV,Telephone Field,recover-20221013,001,1795
986.9805,986.9907,23750,29777,Nyctalus leisleri,0.011,0.028,-1,Echolocation,/mnt/ubna_data_02_mir/recover-20221013/UBNA_001/20221012_030000.WAV,Telephone Field,recover-20221013,001,1795
987.0485,987.0898,68437,82386,Rhinolophus ferrumequinum,0.024,0.024,-1,Echolocation,/mnt/ubna_data_02_mir/recover-20221013/UBNA_001/20221012_030000.WAV,Telephone Field,recover-20221013,001,1795
987.1085,987.1486,68437,83030,Rhinolophus ferrumequinum,0.035,0.035,-1,Echolocation,/mnt/ubna_data_02_mir/recover-20221013/UBNA_001/20221012_030000.WAV,Telephone Field,recover-20221013,001,1795
987.1215,987.1301,14296,23726,Plecotus auritus,0.017,0.024,-1,Echolocation,/mnt/ubna_data_02_mir/recover-20221013/UBNA_001/20221012_030000.WAV,Telephone Field,recover-20221013,001,1795
987.1365,987.173,68437,82171,Rhinolophus ferrumequinum,0.023,0.023,-1,Echolocation,/mnt/ubna_data_02_mir/recover-20221013/UBNA_001/20221012_030000.WAV,Telephone Field,recover-20221013,001,1795
987.1465,987.1846,68437,82415,Rhinolophus ferrumequinum,0.025,0.025,-1,Echolocation,/mnt/ubna_data_02_mir/recover-20221013/UBNA_001/20221012_030000.WAV,Telephone Field,recover-20221013,001,1795
987.1705,987.1798,27187,33769,Eptesicus serotinus,0.021,0.044,-1,Echolocation,/mnt/ubna_data_02_mir/recover-20221013/UBNA_001/20221012_030000.WAV,Telephone Field,recover-20221013,001,1795
987.1835,987.2188,68437,81713,Rhinolophus ferrumequinum,0.031,0.031,-1,Echolocation,/mnt/ubna_data_02_mir/recover-20221013/UBNA_001/20221012_030000.WAV,Telephone Field,recover-20221013,001,1795
987.1965,987.2055,38359,46905,Pipistrellus nathusii,0.009,0.024,-1,Echolocation,/mnt/ubna_data_02_mir/recover-20221013/UBNA_001/20221012_030000.WAV,Telephone Field,recover-20221013,001,1795
987.1995,987.2065,32343,44947,Myotis daubentonii,0.007,0.023,-1,Echolocation,/mnt/ubna_data_02_mir/recover-20221013/UBNA_001/20221012_030000.WAV,Telephone Field,recover-20221013,001,1795
987.2005,987.2109,23750,30739,Nyctalus leisleri,0.011,0.029,-1,Echolocation,/mnt/ubna_data_02_mir/recover-20221013/UBNA_001/20221012_030000.WAV,Telephone Field,recover-20221013,001,1795
987.2105,987.2489,68437,82480,Rhinolophus ferrumequinum,0.027,0.027,-1,Echolocation,/mnt/ubna_data_02_mir/recover-20221013/UBNA_001/20221012_030000.WAV,Telephone Field,recover-20221013,001,1795
987.2385,987.2483,22890,29434,Nyctalus leisleri,0.008,0.022,-1,Echolocation,/mnt/ubna_data_02_mir/recover-20221013/UBNA_001/20221012_030000.WAV,Telephone Field,recover-20221013,001,1795
987.2585,987.2987,68437,82261,Rhinolophus ferrumequinum,0.026,0.026,-1,Echolocation,/mnt/ubna_data_02_mir/recover-20221013/UBNA_001/20221012_030000.WAV,Telephone Field,recover-20221013,001,1795
987.3095,987.3464,68437,82261,Rhinolophus ferrumequinum,0.025,0.025,-1,Echolocation,/mnt/ubna_data_02_mir/recover-20221013/UBNA_001/20221012_030000.WAV,Telephone Field,recover-20221013,001,1795
987.3915,987.432,68437,82916,Rhinolophus ferrumequinum,0.022,0.022,-1,Echolocation,/mnt/ubna_data_02_mir/recover-20221013/UBNA_001/20221012_030000.WAV,Telephone Field,recover-20221013,001,1795
987.4005,987.4119,22890,27688,Nyctalus leisleri,0.012,0.023,-1,Echolocation,/mnt/ubna_data_02_mir/recover-20221013/UBNA_001/20221012_030000.WAV,Telephone Field,recover-20221013,001,1795
987.4014999999999,987.4366,68437,80991,Rhinolophus ferrumequinum,0.022,0.022,-1,Echolocation,/mnt/ubna_data_02_mir/recover-20221013/UBNA_001/20221012_030000.WAV,Telephone Field,recover-20221013,001,1795
987.4345,987.4734,68437,81736,Rhinolophus ferrumequinum,0.021,0.021,-1,Echolocation,/mnt/ubna_data_02_mir/recover-20221013/UBNA_001/20221012_030000.WAV,Telephone Field,recover-20221013,001,1795
987.4435,987.4827,68437,82335,Rhinolophus ferrumequinum,0.026,0.026,-1,Echolocation,/mnt/ubna_data_02_mir/recover-20221013/UBNA_001/20221012_030000.WAV,Telephone Field,recover-20221013,001,1795
987.4475,987.4609,24609,30426,Nyctalus leisleri,0.01,0.026,-1,Echolocation,/mnt/ubna_data_02_mir/recover-20221013/UBNA_001/20221012_030000.WAV,Telephone Field,recover-20221013,001,1795
987.4685,987.4773,28046,39000,Eptesicus serotinus,0.008,0.021,-1,Echolocation,/mnt/ubna_data_02_mir/recover-20221013/UBNA_001/20221012_030000.WAV,Telephone Field,recover-20221013,001,1795
987.4705,987.5105,68437,82964,Rhinolophus ferrumequinum,0.023,0.023,-1,Echolocation,/mnt/ubna_data_02_mir/recover-20221013/UBNA_001/20221012_030000.WAV,Telephone Field,recover-20221013,001,1795
987.4915,987.504,53828,58102,Pipistrellus pygmaeus,0.019,0.022,-1,Echolocation,/mnt/ubna_data_02_mir/recover-20221013/UBNA_001/20221012_030000.WAV,Telephone Field,recover-20221013,001,1795
987.5115,987.5496,68437,82494,Rhinolophus ferrumequinum,0.03,0.03,-1,Echolocation,/mnt/ubna_data_02_mir/recover-20221013/UBNA_001/20221012_030000.WAV,Telephone Field,recover-20221013,001,1795
987.5335,987.5732,68437,82864,Rhinolophus ferrumequinum,0.026,0.026,-1,Echolocation,/mnt/ubna_data_02_mir/recover-20221013/UBNA_001/20221012_030000.WAV,Telephone Field,recover-20221013,001,1795
987.5625,987.6015,68437,82343,Rhinolophus ferrumequinum,0.022,0.022,-1,Echolocation,/mnt/ubna_data_02_mir/recover-20221013/UBNA_001/20221012_030000.WAV,Telephone Field,recover-20221013,001,1795
987.5675,987.5776,23750,30541,Nyctalus leisleri,0.008,0.023,-1,Echolocation,/mnt/ubna_data_02_mir/recover-20221013/UBNA_001/20221012_030000.WAV,Telephone Field,recover-20221013,001,1795
987.5715,987.6121,68437,83490,Rhinolophus ferrumequinum,0.034,0.034,-1,Echolocation,/mnt/ubna_data_02_mir/recover-20221013/UBNA_001/20221012_030000.WAV,Telephone Field,recover-20221013,001,1795
987.6125,987.6547,68437,82592,Rhinolophus ferrumequinum,0.026,0.026,-1,Echolocation,/mnt/ubna_data_02_mir/recover-20221013/UBNA_001/20221012_030000.WAV,Telephone Field,recover-20221013,001,1795
987.6205,987.6602,68437,82507,Rhinolophus ferrumequinum,0.023,0.023,-1,Echolocation,/mnt/ubna_data_02_mir/recover-20221013/UBNA_001/20221012_030000.WAV,Telephone Field,recover-20221013,001,1795
987.6355,987.6786,68437,83553,Rhinolophus ferrumequinum,0.044,0.044,-1,Echolocation,/mnt/ubna_data_02_mir/recover-20221013/UBNA_001/20221012_030000.WAV,Telephone Field,recover-20221013,001,1795
987.6585,987.6992,68437,82714,Rhinolophus ferrumequinum,0.035,0.035,-1,Echolocation,/mnt/ubna_data_02_mir/recover-20221013/UBNA_001/20221012_030000.WAV,Telephone Field,recover-20221013,001,1795
987.6705,987.7077,68437,82594,Rhinolophus ferrumequinum,0.036,0.036,-1,Echolocation,/mnt/ubna_data_02_mir/recover-20221013/UBNA_001/20221012_030000.WAV,Telephone Field,recover-20221013,001,1795
987.6875,987.726,68437,82091,Rhinolophus ferrumequinum,0.022,0.022,-1,Echolocation,/mnt/ubna_data_02_mir/recover-20221013/UBNA_001/20221012_030000.WAV,Telephone Field,recover-20221013,001,1795
987.6925,987.7292,68437,82045,Rhinolophus ferrumequinum,0.023,0.023,-1,Echolocation,/mnt/ubna_data_02_mir/recover-20221013/UBNA_001/20221012_030000.WAV,Telephone Field,recover-20221013,001,1795
987.7575,987.7982,68437,82977,Rhinolophus ferrumequinum,0.022,0.022,-1,Echolocation,/mnt/ubna_data_02_mir/recover-20221013/UBNA_001/20221012_030000.WAV,Telephone Field,recover-20221013,001,1795
987.7645,987.8055,68437,82496,Rhinolophus ferrumequinum,0.021,0.021,-1,Echolocation,/mnt/ubna_data_02_mir/recover-20221013/UBNA_001/20221012_030000.WAV,Telephone Field,recover-20221013,001,1795
987.8095,987.8455,68437,81972,Rhinolophus ferrumequinum,0.022,0.022,-1,Echolocation,/mnt/ubna_data_02_mir/recover-20221013/UBNA_001/20221012_030000.WAV,Telephone Field,recover-20221013,001,1795
987.8165,987.8253,27187,35175,Eptesicus serotinus,0.009,0.021,-1,Echolocation,/mnt/ubna_data_02_mir/recover-20221013/UBNA_001/20221012_030000.WAV,Telephone Field,recover-20221013,001,1795
987.8345,987.8703,68437,81917,Rhinolophus ferrumequinum,0.044,0.044,-1,Echolocation,/mnt/ubna_data_02_mir/recover-20221013/UBNA_001/20221012_030000.WAV,Telephone Field,recover-20221013,001,1795
987.8355,987.8433,23750,32541,Plecotus austriacus,0.009,0.022,-1,Echolocation,/mnt/ubna_data_02_mir/recover-20221013/UBNA_001/20221012_030000.WAV,Telephone Field,recover-20221013,001,1795
987.8755,987.9132,68437,82551,Rhinolophus ferrumequinum,0.022,0.022,-1,Echolocation,/mnt/ubna_data_02_mir/recover-20221013/UBNA_001/20221012_030000.WAV,Telephone Field,recover-20221013,001,1795
987.8965,987.936,68437,82256,Rhinolophus ferrumequinum,0.021,0.021,-1,Echolocation,/mnt/ubna_data_02_mir/recover-20221013/UBNA_001/20221012_030000.WAV,Telephone Field,recover-20221013,001,1795
987.9155,987.9568,68437,82716,Rhinolophus ferrumequinum,0.026,0.026,-1,Echolocation,/mnt/ubna_data_02_mir/recover-20221013/UBNA_001/20221012_030000.WAV,Telephone Field,recover-20221013,001,1795
987.9365,987.9443,27187,39999,Eptesicus serotinus,0.007,0.021,-1,Echolocation,/mnt/ubna_data_02_mir/recover-20221013/UBNA_001/20221012_030000.WAV,Telephone Field,recover-20221013,001,1795
987.9395,987.979,68437,82382,Rhinolophus ferrumequinum,0.022,0.022,-1,Echolocation,/mnt/ubna_data_02_mir/recover-20221013/UBNA_001/20221012_030000.WAV,Telephone Field,recover-20221013,001,1795
987.9505,987.9863,68437,81880,Rhinolophus ferrumequinum,0.022,0.022,-1,Echolocation,/mnt/ubna_data_02_mir/recover-20221013/UBNA_001/20221012_030000.WAV,Telephone Field,recover-20221013,001,1795
988.0015,988.0358,68437,79800,Rhinolophus ferrumequinum,0.035,0.035,-1,Echolocation,/mnt/ubna_data_02_mir/recover-20221013/UBNA_001/20221012_030000.WAV,Telephone Field,recover-20221013,001,1795
988.0015,988.0097,25468,34080,Nyctalus leisleri,0.008,0.025,-1,Echolocation,/mnt/ubna_data_02_mir/recover-20221013/UBNA_001/20221012_030000.WAV,Telephone Field,recover-20221013,001,1795
988.0015,988.0161,20312,24977,Nyctalus leisleri,0.012,0.028,-1,Echolocation,/mnt/ubna_data_02_mir/recover-20221013/UBNA_001/20221012_030000.WAV,Telephone Field,recover-20221013,001,1795
988.0015,988.0083,45234,51798,Pipistrellus pipistrellus,0.016,0.022,-1,Echolocation,/mnt/ubna_data_02_mir/recover-20221013/UBNA_001/20221012_030000.WAV,Telephone Field,recover-20221013,001,1795
988.0085,988.0515,68437,82262,Rhinolophus ferrumequinum,0.026,0.026,-1,Echolocation,/mnt/ubna_data_02_mir/recover-20221013/UBNA_001/20221012_030000.WAV,Telephone Field,recover-20221013,001,1795
988.0395,988.0469,45234,56436,Pipistrellus pipistrellus,0.013,0.021,-1,Echolocation,/mnt/ubna_data_02_mir/recover-20221013/UBNA_001/20221012_030000.WAV,Telephone Field,recover-20221013,001,1795
988.0565,988.064,26328,38229,Eptesicus serotinus,0.007,0.024,-1,Echolocation,/mnt/ubna_data_02_mir/recover-20221013/UBNA_001/20221012_030000.WAV,Telephone Field,recover-20221013,001,1795
988.1285,988.1385,22890,29179,Nyctalus leisleri,0.009,0.024,-1,Echolocation,/mnt/ubna_data_02_mir/recover-20221013/UBNA_001/20221012_030000.WAV,Telephone Field,recover-20221013,001,1795
988.1365,988.1564,19453,22272,Nyctalus leisleri,0.015,0.028,-1,Echolocation,/mnt/ubna_data_02_mir/recover-20221013/UBNA_001/20221012_030000.WAV,Telephone Field,recover-20221013,001,1795
988.1625,988.1709,26328,37171,Eptesicus serotinus,0.007,0.022,-1,Echolocation,/mnt/ubna_data_02_mir/recover-20221013/UBNA_001/20221012_030000.WAV,Telephone Field,recover-20221013,001,1795
988.2115,988.2509,68437,81973,Rhinolophus ferrumequinum,0.023,0.023,-1,Echolocation,/mnt/ubna_data_02_mir/recover-20221013/UBNA_001/20221012_030000.WAV,Telephone Field,recover-20221013,001,1795
988.2415,988.2829,68437,82733,Rhinolophus ferrumequinum,0.026,0.026,-1,Echolocation,/mnt/ubna_data_02_mir/recover-20221013/UBNA_001/20221012_030000.WAV,Telephone Field,recover-20221013,001,1795
988.2575,988.3002,68437,83208,Rhinolophus ferrumequinum,0.021,0.021,-1,Echolocation,/mnt/ubna_data_02_mir/recover-20221013/UBNA_001/20221012_030000.WAV,Telephone Field,recover-20221013,001,1795
988.2985,988.3388,68437,82136,Rhinolophus ferrumequinum,0.023,0.023,-1,Echolocation,/mnt/ubna_data_02_mir/recover-20221013/UBNA_001/20221012_030000.WAV,Telephone Field,recover-20221013,001,1795
988.3155,988.3235999999999,28046,38279,Eptesicus serotinus,0.008,0.023,-1,Echolocation,/mnt/ubna_data_02_mir/recover-20221013/UBNA_001/20221012_030000.WAV,Telephone Field,recover-20221013,001,1795
988.3425,988.3537,26328,33324,Eptesicus serotinus,0.012,0.031,-1,Echolocation,/mnt/ubna_data_02_mir/recover-20221013/UBNA_001/20221012_030000.WAV,Telephone Field,recover-20221013,001,1795
988.3985,988.4091,28906,35899,Eptesicus serotinus,0.011,0.025,-1,Echolocation,/mnt/ubna_data_02_mir/recover-20221013/UBNA_001/20221012_030000.WAV,Telephone Field,recover-20221013,001,1795
988.4055,988.4456,68437,82789,Rhinolophus ferrumequinum,0.024,0.024,-1,Echolocation,/mnt/ubna_data_02_mir/recover-20221013/UBNA_001/20221012_030000.WAV,Telephone Field,recover-20221013,001,1795
988.4285,988.4457,16015,21446,Nyctalus noctula,0.022,0.029,-1,Echolocation,/mnt/ubna_data_02_mir/recover-20221013/UBNA_001/20221012_030000.WAV,Telephone Field,recover-20221013,001,1795
988.4325,988.4739,68437,82228,Rhinolophus ferrumequinum,0.023,0.023,-1,Echolocation,/mnt/ubna_data_02_mir/recover-20221013/UBNA_001/20221012_030000.WAV,Telephone Field,recover-20221013,001,1795
988.4395,988.4789,68437,82296,Rhinolophus ferrumequinum,0.022,0.022,-1,Echolocation,/mnt/ubna_data_02_mir/recover-20221013/UBNA_001/20221012_030000.WAV,Telephone Field,recover-20221013,001,1795
988.4455,988.4639999999999,19453,22108,Nyctalus leisleri,0.012,0.021,-1,Echolocation,/mnt/ubna_data_02_mir/recover-20221013/UBNA_001/20221012_030000.WAV,Telephone Field,recover-20221013,001,1795
988.4795,988.5199,68437,82528,Rhinolophus ferrumequinum,0.023,0.023,-1,Echolocation,/mnt/ubna_data_02_mir/recover-20221013/UBNA_001/20221012_030000.WAV,Telephone Field,recover-20221013,001,1795
988.4835,988.493,22890,28821,Nyctalus leisleri,0.01,0.027,-1,Echolocation,/mnt/ubna_data_02_mir/recover-20221013/UBNA_001/20221012_030000.WAV,Telephone Field,recover-20221013,001,1795
988.4855,988.5233,68437,82587,Rhinolophus ferrumequinum,0.023,0.023,-1,Echolocation,/mnt/ubna_data_02_mir/recover-20221013/UBNA_001/20221012_030000.WAV,Telephone Field,recover-20221013,001,1795
988.4865,988.4968,28906,35914,Eptesicus serotinus,0.011,0.023,-1,Echolocation,/mnt/ubna_data_02_mir/recover-20221013/UBNA_001/20221012_030000.WAV,Telephone Field,recover-20221013,001,1795
988.5185,988.5293,23750,30128,Nyctalus leisleri,0.011,0.027,-1,Echolocation,/mnt/ubna_data_02_mir/recover-20221013/UBNA_001/20221012_030000.WAV,Telephone Field,recover-20221013,001,1795
988.5315,988.5715,68437,82132,Rhinolophus ferrumequinum,0.025,0.025,-1,Echolocation,/mnt/ubna_data_02_mir/recover-20221013/UBNA_001/20221012_030000.WAV,Telephone Field,recover-20221013,001,1795
988.5765,988.587,23750,30090,Nyctalus leisleri,0.016,0.04,-1,Echolocation,/mnt/ubna_data_02_mir/recover-20221013/UBNA_001/20221012_030000.WAV,Telephone Field,recover-20221013,001,1795
988.6065,988.6433,68437,81340,Rhinolophus ferrumequinum,0.026,0.026,-1,Echolocation,/mnt/ubna_data_02_mir/recover-20221013/UBNA_001/20221012_030000.WAV,Telephone Field,recover-20221013,001,1795
988.6105,988.6181,28046,38353,Eptesicus serotinus,0.008,0.024,-1,Echolocation,/mnt/ubna_data_02_mir/recover-20221013/UBNA_001/20221012_030000.WAV,Telephone Field,recover-20221013,001,1795
988.6385,988.6463,28046,39653,Eptesicus serotinus,0.008,0.025,-1,Echolocation,/mnt/ubna_data_02_mir/recover-20221013/UBNA_001/20221012_030000.WAV,Telephone Field,recover-20221013,001,1795
988.6445,988.684,68437,82233,Rhinolophus ferrumequinum,0.022,0.022,-1,Echolocation,/mnt/ubna_data_02_mir/recover-20221013/UBNA_001/20221012_030000.WAV,Telephone Field,recover-20221013,001,1795
988.6514999999999,988.6922,68437,81941,Rhinolophus ferrumequinum,0.022,0.022,-1,Echolocation,/mnt/ubna_data_02_mir/recover-20221013/UBNA_001/20221012_030000.WAV,Telephone Field,recover-20221013,001,1795
988.6655,988.6723,23750,32977,Plecotus austriacus,0.015,0.03,-1,Echolocation,/mnt/ubna_data_02_mir/recover-20221013/UBNA_001/20221012_030000.WAV,Telephone Field,recover-20221013,001,1795
988.6885,988.7241,68437,81896,Rhinolophus ferrumequinum,0.026,0.026,-1,Echolocation,/mnt/ubna_data_02_mir/recover-20221013/UBNA_001/20221012_030000.WAV,Telephone Field,recover-20221013,001,1795
988.6945,988.7147,20312,23471,Nyctalus leisleri,0.028,0.052,-1,Echolocation,/mnt/ubna_data_02_mir/recover-20221013/UBNA_001/20221012_030000.WAV,Telephone Field,recover-20221013,001,1795
988.7585,988.7973,68437,81315,Rhinolophus ferrumequinum,0.022,0.022,-1,Echolocation,/mnt/ubna_data_02_mir/recover-20221013/UBNA_001/20221012_030000.WAV,Telephone Field,recover-20221013,001,1795
988.7645,988.7738,44375,48956,Pipistrellus pipistrellus,0.02,0.023,-1,Echolocation,/mnt/ubna_data_02_mir/recover-20221013/UBNA_001/20221012_030000.WAV,Telephone Field,recover-20221013,001,1795
988.7915,988.8003,24609,32732,Plecotus austriacus,0.011,0.04,-1,Echolocation,/mnt/ubna_data_02_mir/recover-20221013/UBNA_001/20221012_030000.WAV,Telephone Field,recover-20221013,001,1795
988.8085,988.8477,68437,82328,Rhinolophus ferrumequinum,0.022,0.022,-1,Echolocation,/mnt/ubna_data_02_mir/recover-20221013/UBNA_001/20221012_030000.WAV,Telephone Field,recover-20221013,001,1795
988.8605,988.9005,68437,82132,Rhinolophus ferrumequinum,0.029,0.029,-1,Echolocation,/mnt/ubna_data_02_mir/recover-20221013/UBNA_001/20221012_030000.WAV,Telephone Field,recover-20221013,001,1795
988.8865,988.8948,28046,37764,Eptesicus serotinus,0.007,0.021,-1,Echolocation,/mnt/ubna_data_02_mir/recover-20221013/UBNA_001/20221012_030000.WAV,Telephone Field,recover-20221013,001,1795
988.9135,988.9213,27187,36544,Eptesicus serotinus,0.012,0.03,-1,Echolocation,/mnt/ubna_data_02_mir/recover-20221013/UBNA_001/20221012_030000.WAV,Telephone Field,recover-20221013,001,1795
988.9725,989.0107,68437,81920,Rhinolophus ferrumequinum,0.023,0.023,-1,Echolocation,/mnt/ubna_data_02_mir/recover-20221013/UBNA_001/20221012_030000.WAV,Telephone Field,recover-20221013,001,1795
988.9725,988.9813,43515,48630,Pipistrellus pipistrellus,0.019,0.021,-1,Echolocation,/mnt/ubna_data_02_mir/recover-20221013/UBNA_001/20221012_030000.WAV,Telephone Field,recover-20221013,001,1795
988.9845,988.9958,23750,29155,Nyctalus leisleri,0.011,0.022,-1,Echolocation,/mnt/ubna_data_02_mir/recover-20221013/UBNA_001/20221012_030000.WAV,Telephone Field,recover-20221013,001,1795
988.9855,989.0276,68437,82926,Rhinolophus ferrumequinum,0.027,0.027,-1,Echolocation,/mnt/ubna_data_02_mir/recover-20221013/UBNA_001/20221012_030000.WAV,Telephone Field,recover-20221013,001,1795
988.9865,988.9945,46093,49544,Pipistrellus pipistrellus,0.023,0.023,-1,Echolocation,/mnt/ubna_data_02_mir/recover-20221013/UBNA_001/20221012_030000.WAV,Telephone Field,recover-20221013,001,1795
988.9935,989.0326,68437,82362,Rhinolophus ferrumequinum,0.022,0.022,-1,Echolocation,/mnt/ubna_data_02_mir/recover-20221013/UBNA_001/20221012_030000.WAV,Telephone Field,recover-20221013,001,1795
989.0955,989.1317,68437,81090,Rhinolophus ferrumequinum,0.021,0.021,-1,Echolocation,/mnt/ubna_data_02_mir/recover-20221013/UBNA_001/20221012_030000.WAV,Telephone Field,recover-20221013,001,1795
989.1095,989.1248,22031,25969,Nyctalus leisleri,0.018,0.031,-1,Echolocation,/mnt/ubna_data_02_mir/recover-20221013/UBNA_001/20221012_030000.WAV,Telephone Field,recover-20221013,001,1795
989.1615,989.2018,68437,82322,Rhinolophus ferrumequinum,0.023,0.023,-1,Echolocation,/mnt/ubna_data_02_mir/recover-20221013/UBNA_001/20221012_030000.WAV,Telephone Field,recover-20221013,001,1795
989.2235000000001,989.2622,68437,81682,Rhinolophus ferrumequinum,0.021,0.021,-1,Echolocation,/mnt/ubna_data_02_mir/recover-20221013/UBNA_001/20221012_030000.WAV,Telephone Field,recover-20221013,001,1795
989.2355,989.2743,68437,82201,Rhinolophus ferrumequinum,0.024,0.024,-1,Echolocation,/mnt/ubna_data_02_mir/recover-20221013/UBNA_001/20221012_030000.WAV,Telephone Field,recover-20221013,001,1795
989.2565,989.2665,23750,30070,Nyctalus leisleri,0.009,0.022,-1,Echolocation,/mnt/ubna_data_02_mir/recover-20221013/UBNA_001/20221012_030000.WAV,Telephone Field,recover-20221013,001,1795
989.2845,989.2931,25468,35261,Eptesicus serotinus,0.007,0.021,-1,Echolocation,/mnt/ubna_data_02_mir/recover-20221013/UBNA_001/20221012_030000.WAV,Telephone Field,recover-20221013,001,1795
989.2985,989.3073,28046,42458,Eptesicus serotinus,0.008,0.022,-1,Echolocation,/mnt/ubna_data_02_mir/recover-20221013/UBNA_001/20221012_030000.WAV,Telephone Field,recover-20221013,001,1795
989.3165,989.3536,68437,81708,Rhinolophus ferrumequinum,0.022,0.022,-1,Echolocation,/mnt/ubna_data_02_mir/recover-20221013/UBNA_001/20221012_030000.WAV,Telephone Field,recover-20221013,001,1795
989.3205,989.3396,18593,21682,Nyctalus noctula,0.014,0.028,-1,Echolocation,/mnt/ubna_data_02_mir/recover-20221013/UBNA_001/20221012_030000.WAV,Telephone Field,recover-20221013,001,1795
989.3215,989.3308,34062,41689,Myotis daubentonii,0.008,0.029,-1,Echolocation,/mnt/ubna_data_02_mir/recover-20221013/UBNA_001/20221012_030000.WAV,Telephone Field,recover-20221013,001,1795
989.3315,989.3706,68437,82500,Rhinolophus ferrumequinum,0.025,0.025,-1,Echolocation,/mnt/ubna_data_02_mir/recover-20221013/UBNA_001/20221012_030000.WAV,Telephone Field,recover-20221013,001,1795
989.3755,989.3817,24609,34560,Plecotus austriacus,0.01,0.025,-1,Echolocation,/mnt/ubna_data_02_mir/recover-20221013/UBNA_001/20221012_030000.WAV,Telephone Field,recover-20221013,001,1795
989.4155,989.4586,68437,83012,Rhinolophus ferrumequinum,0.036,0.036,-1,Echolocation,/mnt/ubna_data_02_mir/recover-20221013/UBNA_001/20221012_030000.WAV,Telephone Field,recover-20221013,001,1795
989.4555,989.4662,24609,31477,Eptesicus serotinus,0.009,0.024,-1,Echolocation,/mnt/ubna_data_02_mir/recover-20221013/UBNA_001/20221012_030000.WAV,Telephone Field,recover-20221013,001,1795
989.5385,989.5773,68437,82355,Rhinolophus ferrumequinum,0.022,0.022,-1,Echolocation,/mnt/ubna_data_02_mir/recover-20221013/UBNA_001/20221012_030000.WAV,Telephone Field,recover-20221013,001,1795
989.5945,989.6012,27187,38707,Eptesicus serotinus,0.006,0.024,-1,Echolocation,/mnt/ubna_data_02_mir/recover-20221013/UBNA_001/20221012_030000.WAV,Telephone Field,recover-20221013,001,1795
989.6415,989.6517,22031,27052,Nyctalus leisleri,0.011,0.024,-1,Echolocation,/mnt/ubna_data_02_mir/recover-20221013/UBNA_001/20221012_030000.WAV,Telephone Field,recover-20221013,001,1795
989.6485,989.6871,68437,82063,Rhinolophus ferrumequinum,0.021,0.021,-1,Echolocation,/mnt/ubna_data_02_mir/recover-20221013/UBNA_001/20221012_030000.WAV,Telephone Field,recover-20221013,001,1795
989.6695,989.6749,39218,54071,Myotis mystacinus,0.006,0.022,-1,Echolocation,/mnt/ubna_data_02_mir/recover-20221013/UBNA_001/20221012_030000.WAV,Telephone Field,recover-20221013,001,1795
989.6825,989.6903,28046,37380,Eptesicus serotinus,0.007,0.023,-1,Echolocation,/mnt/ubna_data_02_mir/recover-20221013/UBNA_001/20221012_030000.WAV,Telephone Field,recover-20221013,001,1795
989.6985,989.7082,28046,36857,Eptesicus serotinus,0.014,0.029,-1,Echolocation,/mnt/ubna_data_02_mir/recover-20221013/UBNA_001/20221012_030000.WAV,Telephone Field,recover-20221013,001,1795
989.7205,989.7586,68437,81979,Rhinolophus ferrumequinum,0.021,0.022,-1,Echolocation,/mnt/ubna_data_02_mir/recover-20221013/UBNA_001/20221012_030000.WAV,Telephone Field,recover-20221013,001,1795
989.7375,989.7483,22031,26633,Nyctalus leisleri,0.01,0.021,-1,Echolocation,/mnt/ubna_data_02_mir/recover-20221013/UBNA_001/20221012_030000.WAV,Telephone Field,recover-20221013,001,1795
989.7755,989.8182,68437,83363,Rhinolophus ferrumequinum,0.022,0.022,-1,Echolocation,/mnt/ubna_data_02_mir/recover-20221013/UBNA_001/20221012_030000.WAV,Telephone Field,recover-20221013,001,1795
989.8065,989.8428,68437,81394,Rhinolophus ferrumequinum,0.023,0.023,-1,Echolocation,/mnt/ubna_data_02_mir/recover-20221013/UBNA_001/20221012_030000.WAV,Telephone Field,recover-20221013,001,1795
989.8215,989.8556,68437,80962,Rhinolophus ferrumequinum,0.023,0.023,-1,Echolocation,/mnt/ubna_data_02_mir/recover-20221013/UBNA_001/20221012_030000.WAV,Telephone Field,recover-20221013,001,1795
989.8365,989.8467,22890,28488,Nyctalus leisleri,0.011,0.025,-1,Echolocation,/mnt/ubna_data_02_mir/recover-20221013/UBNA_001/20221012_030000.WAV,Telephone Field,recover-20221013,001,1795
989.8865,989.9259,68437,81641,Rhinolophus ferrumequinum,0.021,0.021,-1,Echolocation,/mnt/ubna_data_02_mir/recover-20221013/UBNA_001/20221012_030000.WAV,Telephone Field,recover-20221013,001,1795
989.9065,989.944,68437,81285,Rhinolophus ferrumequinum,0.021,0.022,-1,Echolocation,/mnt/ubna_data_02_mir/recover-20221013/UBNA_001/20221012_030000.WAV,Telephone Field,recover-20221013,001,1795
989.9255,989.9639,68437,82828,Rhinolophus ferrumequinum,0.025,0.025,-1,Echolocation,/mnt/ubna_data_02_mir/recover-20221013/UBNA_001/20221012_030000.WAV,Telephone Field,recover-20221013,001,1795
989.9575,989.9946,68437,81925,Rhinolophus ferrumequinum,0.021,0.021,-1,Echolocation,/mnt/ubna_data_02_mir/recover-20221013/UBNA_001/20221012_030000.WAV,Telephone Field,recover-20221013,001,1795
989.9895,989.9971,27187,38231,Eptesicus serotinus,0.008,0.025,-1,Echolocation,/mnt/ubna_data_02_mir/recover-20221013/UBNA_001/20221012_030000.WAV,Telephone Field,recover-20221013,001,1795
990.0015,990.0105,27187,35039,Eptesicus serotinus,0.009,0.026,-1,Echolocation,/mnt/ubna_data_02_mir/recover-20221013/UBNA_001/20221012_030000.WAV,Telephone Field,recover-20221013,001,1795
990.0015,990.0104,22031,28074,Nyctalus leisleri,0.009,0.026,-1,Echolocation,/mnt/ubna_data_02_mir/recover-20221013/UBNA_001/20221012_030000.WAV,Telephone Field,recover-20221013,001,1795
990.0015,990.0333,69296,80089,Rhinolophus ferrumequinum,0.035,0.035,-1,Echolocation,/mnt/ubna_data_02_mir/recover-20221013/UBNA_001/20221012_030000.WAV,Telephone Field,recover-20221013,001,1795
990.0075,990.0485,68437,81826,Rhinolophus ferrumequinum,0.022,0.022,-1,Echolocation,/mnt/ubna_data_02_mir/recover-20221013/UBNA_001/20221012_030000.WAV,Telephone Field,recover-20221013,001,1795
990.0135,990.0216,28046,38942,Eptesicus serotinus,0.008,0.023,-1,Echolocation,/mnt/ubna_data_02_mir/recover-20221013/UBNA_001/20221012_030000.WAV,Telephone Field,recover-20221013,001,1795
990.0155,990.0256,21171,26497,Nyctalus leisleri,0.008,0.022,-1,Echolocation,/mnt/ubna_data_02_mir/recover-20221013/UBNA_001/20221012_030000.WAV,Telephone Field,recover-20221013,001,1795
990.0345,990.0738,68437,82323,Rhinolophus ferrumequinum,0.022,0.022,-1,Echolocation,/mnt/ubna_data_02_mir/recover-20221013/UBNA_001/20221012_030000.WAV,Telephone Field,recover-20221013,001,1795
990.0605,990.1002,68437,82292,Rhinolophus ferrumequinum,0.024,0.024,-1,Echolocation,/mnt/ubna_data_02_mir/recover-20221013/UBNA_001/20221012_030000.WAV,Telephone Field,recover-20221013,001,1795
990.0655,990.0719,26328,39336,Eptesicus serotinus,0.004,0.022,-1,Echolocation,/mnt/ubna_data_02_mir/recover-20221013/UBNA_001/20221012_030000.WAV,Telephone Field,recover-20221013,001,1795
990.0905,990.1303,68437,82769,Rhinolophus ferrumequinum,0.027,0.027,-1,Echolocation,/mnt/ubna_data_02_mir/recover-20221013/UBNA_001/20221012_030000.WAV,Telephone Field,recover-20221013,001,1795
990.1245,990.1351,28906,35763,Eptesicus serotinus,0.01,0.023,-1,Echolocation,/mnt/ubna_data_02_mir/recover-20221013/UBNA_001/20221012_030000.WAV,Telephone Field,recover-20221013,001,1795
990.1755,990.1868,23750,30282,Nyctalus leisleri,0.01,0.026,-1,Echolocation,/mnt/ubna_data_02_mir/recover-20221013/UBNA_001/20221012_030000.WAV,Telephone Field,recover-20221013,001,1795
990.2435,990.252,27187,37768,Eptesicus serotinus,0.009,0.023,-1,Echolocation,/mnt/ubna_data_02_mir/recover-20221013/UBNA_001/20221012_030000.WAV,Telephone Field,recover-20221013,001,1795
990.2925,990.3363,68437,83144,Rhinolophus ferrumequinum,0.028,0.028,-1,Echolocation,/mnt/ubna_data_02_mir/recover-20221013/UBNA_001/20221012_030000.WAV,Telephone Field,recover-20221013,001,1795
990.3165,990.3563,68437,82486,Rhinolophus ferrumequinum,0.025,0.025,-1,Echolocation,/mnt/ubna_data_02_mir/recover-20221013/UBNA_001/20221012_030000.WAV,Telephone Field,recover-20221013,001,1795
990.3425,990.3812,68437,81700,Rhinolophus ferrumequinum,0.021,0.021,-1,Echolocation,/mnt/ubna_data_02_mir/recover-20221013/UBNA_001/20221012_030000.WAV,Telephone Field,recover-20221013,001,1795
990.3575,990.3745,21171,24851,Nyctalus noctula,0.023,0.05,-1,Echolocation,/mnt/ubna_data_02_mir/recover-20221013/UBNA_001/20221012_030000.WAV,Telephone Field,recover-20221013,001,1795
990.3585,990.3679,15156,21635,Nyctalus noctula,0.009,0.024,-1,Echolocation,/mnt/ubna_data_02_mir/recover-20221013/UBNA_001/20221012_030000.WAV,Telephone Field,recover-20221013,001,1795
990.4495,990.4871,68437,82678,Rhinolophus ferrumequinum,0.025,0.025,-1,Echolocation,/mnt/ubna_data_02_mir/recover-20221013/UBNA_001/20221012_030000.WAV,Telephone Field,recover-20221013,001,1795
990.4825,990.4911,27187,39422,Eptesicus serotinus,0.008,0.022,-1,Echolocation,/mnt/ubna_data_02_mir/recover-20221013/UBNA_001/20221012_030000.WAV,Telephone Field,recover-20221013,001,1795
990.4895,990.498,28046,39095,Eptesicus serotinus,0.008,0.023,-1,Echolocation,/mnt/ubna_data_02_mir/recover-20221013/UBNA_001/20221012_030000.WAV,Telephone Field,recover-20221013,001,1795
990.5025,990.5098,48671,57391,Pipistrellus pipistrellus,0.019,0.023,-1,Echolocation,/mnt/ubna_data_02_mir/recover-20221013/UBNA_001/20221012_030000.WAV,Telephone Field,recover-20221013,001,1795
990.5835,990.5952,22890,28028,Nyctalus leisleri,0.012,0.023,-1,Echolocation,/mnt/ubna_data_02_mir/recover-20221013/UBNA_001/20221012_030000.WAV,Telephone Field,recover-20221013,001,1795
990.5985,990.6356,68437,81562,Rhinolophus ferrumequinum,0.024,0.024,-1,Echolocation,/mnt/ubna_data_02_mir/recover-20221013/UBNA_001/20221012_030000.WAV,Telephone Field,recover-20221013,001,1795
990.6175,990.6334,21171,24370,Nyctalus leisleri,0.013,0.022,-1,Echolocation,/mnt/ubna_data_02_mir/recover-20221013/UBNA_001/20221012_030000.WAV,Telephone Field,recover-20221013,001,1795
990.6915,990.6998,23750,32202,Plecotus austriacus,0.009,0.025,-1,Echolocation,/mnt/ubna_data_02_mir/recover-20221013/UBNA_001/20221012_030000.WAV,Telephone Field,recover-20221013,001,1795
990.7055,990.713,27187,39905,Eptesicus serotinus,0.007,0.021,-1,Echolocation,/mnt/ubna_data_02_mir/recover-20221013/UBNA_001/20221012_030000.WAV,Telephone Field,recover-20221013,001,1795
990.7065,990.7486,68437,82571,Rhinolophus ferrumequinum,0.024,0.024,-1,Echolocation,/mnt/ubna_data_02_mir/recover-20221013/UBNA_001/20221012_030000.WAV,Telephone Field,recover-20221013,001,1795
990.7435,990.7842,68437,82545,Rhinolophus ferrumequinum,0.022,0.022,-1,Echolocation,/mnt/ubna_data_02_mir/recover-20221013/UBNA_001/20221012_030000.WAV,Telephone Field,recover-20221013,001,1795
990.7445,990.7561,26328,31806,Nyctalus leisleri,0.016,0.042,-1,Echolocation,/mnt/ubna_data_02_mir/recover-20221013/UBNA_001/20221012_030000.WAV,Telephone Field,recover-20221013,001,1795
990.7565,990.7959,68437,82528,Rhinolophus ferrumequinum,0.023,0.023,-1,Echolocation,/mnt/ubna_data_02_mir/recover-20221013/UBNA_001/20221012_030000.WAV,Telephone Field,recover-20221013,001,1795
990.7595,990.7671,26328,39324,Eptesicus serotinus,0.006,0.021,-1,Echolocation,/mnt/ubna_data_02_mir/recover-20221013/UBNA_001/20221012_030000.WAV,Telephone Field,recover-20221013,001,1795
990.8005,990.8078,25468,34842,Eptesicus serotinus,0.005,0.021,-1,Echolocation,/mnt/ubna_data_02_mir/recover-20221013/UBNA_001/20221012_030000.WAV,Telephone Field,recover-20221013,001,1795
990.8225,990.8326,27187,34688,Eptesicus serotinus,0.011,0.022,-1,Echolocation,/mnt/ubna_data_02_mir/recover-20221013/UBNA_001/20221012_030000.WAV,Telephone Field,recover-20221013,001,1795
990.8405,990.8478,23750,34808,Plecotus austriacus,0.009,0.023,-1,Echolocation,/mnt/ubna_data_02_mir/recover-20221013/UBNA_001/20221012_030000.WAV,Telephone Field,recover-20221013,001,1795
990.8545,990.8938,68437,81968,Rhinolophus ferrumequinum,0.022,0.022,-1,Echolocation,/mnt/ubna_data_02_mir/recover-20221013/UBNA_001/20221012_030000.WAV,Telephone Field,recover-20221013,001,1795
990.9145,990.9251,23750,30749,Nyctalus leisleri,0.008,0.022,-1,Echolocation,/mnt/ubna_data_02_mir/recover-20221013/UBNA_001/20221012_030000.WAV,Telephone Field,recover-20221013,001,1795
990.9225,990.9349,23750,28882,Nyctalus leisleri,0.011,0.024,-1,Echolocation,/mnt/ubna_data_02_mir/recover-20221013/UBNA_001/20221012_030000.WAV,Telephone Field,recover-20221013,001,1795
990.9505,990.9877,68437,82067,Rhinolophus ferrumequinum,0.021,0.021,-1,Echolocation,/mnt/ubna_data_02_mir/recover-20221013/UBNA_001/20221012_030000.WAV,Telephone Field,recover-20221013,001,1795
990.9745,990.9849,28046,37032,Eptesicus serotinus,0.01,0.022,-1,Echolocation,/mnt/ubna_data_02_mir/recover-20221013/UBNA_001/20221012_030000.WAV,Telephone Field,recover-20221013,001,1795
991.0425,991.0808,68437,82060,Rhinolophus ferrumequinum,0.021,0.021,-1,Echolocation,/mnt/ubna_data_02_mir/recover-20221013/UBNA_001/20221012_030000.WAV,Telephone Field,recover-20221013,001,1795
991.0925,991.1289,68437,81186,Rhinolophus ferrumequinum,0.021,0.021,-1,Echolocation,/mnt/ubna_data_02_mir/recover-20221013/UBNA_001/20221012_030000.WAV,Telephone Field,recover-20221013,001,1795
991.1345,991.1443,29765,38157,Eptesicus serotinus,0.025,0.046,-1,Echolocation,/mnt/ubna_data_02_mir/recover-20221013/UBNA_001/20221012_030000.WAV,Telephone Field,recover-20221013,001,1795
991.1505,991.1902,68437,82607,Rhinolophus ferrumequinum,0.025,0.025,-1,Echolocation,/mnt/ubna_data_02_mir/recover-20221013/UBNA_001/20221012_030000.WAV,Telephone Field,recover-20221013,001,1795
991.1595,991.171,47812,52809,Pipistrellus pipistrellus,0.022,0.025,-1,Echolocation,/mnt/ubna_data_02_mir/recover-20221013/UBNA_001/20221012_030000.WAV,Telephone Field,recover-20221013,001,1795
991.1605,991.1696,22890,30046,Plecotus austriacus,0.011,0.027,-1,Echolocation,/mnt/ubna_data_02_mir/recover-20221013/UBNA_001/20221012_030000.WAV,Telephone Field,recover-20221013,001,1795
991.1805,991.2179,68437,81817,Rhinolophus ferrumequinum,0.022,0.022,-1,Echolocation,/mnt/ubna_data_02_mir/recover-20221013/UBNA_001/20221012_030000.WAV,Telephone Field,recover-20221013,001,1795
991.2045,991.2431,68437,82406,Rhinolophus ferrumequinum,0.022,0.022,-1,Echolocation,/mnt/ubna_data_02_mir/recover-20221013/UBNA_001/20221012_030000.WAV,Telephone Field,recover-20221013,001,1795
991.2135,991.2242,24609,31373,Nyctalus leisleri,0.009,0.025,-1,Echolocation,/mnt/ubna_data_02_mir/recover-20221013/UBNA_001/20221012_030000.WAV,Telephone Field,recover-20221013,001,1795
991.2615,991.3011,68437,82445,Rhinolophus ferrumequinum,0.024,0.024,-1,Echolocation,/mnt/ubna_data_02_mir/recover-20221013/UBNA_001/20221012_030000.WAV,Telephone Field,recover-20221013,001,1795
991.3045,991.3157,22890,27439,Nyctalus leisleri,0.011,0.022,-1,Echolocation,/mnt/ubna_data_02_mir/recover-20221013/UBNA_001/20221012_030000.WAV,Telephone Field,recover-20221013,001,1795
991.3365,991.3485,28906,35514,Eptesicus serotinus,0.014,0.028,-1,Echolocation,/mnt/ubna_data_02_mir/recover-20221013/UBNA_001/20221012_030000.WAV,Telephone Field,recover-20221013,001,1795
991.3465,991.3565,23750,29753,Nyctalus leisleri,0.009,0.022,-1,Echolocation,/mnt/ubna_data_02_mir/recover-20221013/UBNA_001/20221012_030000.WAV,Telephone Field,recover-20221013,001,1795
991.3765,991.3864,25468,33147,Eptesicus serotinus,0.008,0.021,-1,Echolocation,/mnt/ubna_data_02_mir/recover-20221013/UBNA_001/20221012_030000.WAV,Telephone Field,recover-20221013,001,1795
991.3945,991.4061,22890,28311,Nyctalus leisleri,0.013,0.029,-1,Echolocation,/mnt/ubna_data_02_mir/recover-20221013/UBNA_001/20221012_030000.WAV,Telephone Field,recover-20221013,001,1795
991.4145,991.4514,68437,82092,Rhinolophus ferrumequinum,0.021,0.021,-1,Echolocation,/mnt/ubna_data_02_mir/recover-20221013/UBNA_001/20221012_030000.WAV,Telephone Field,recover-20221013,001,1795
991.4335,991.4701,68437,81423,Rhinolophus ferrumequinum,0.022,0.022,-1,Echolocation,/mnt/ubna_data_02_mir/recover-20221013/UBNA_001/20221012_030000.WAV,Telephone Field,recover-20221013,001,1795
991.4665,991.5079,68437,82720,Rhinolophus ferrumequinum,0.024,0.024,-1,Echolocation,/mnt/ubna_data_02_mir/recover-20221013/UBNA_001/20221012_030000.WAV,Telephone Field,recover-20221013,001,1795
991.5225,991.5314,28046,38395,Eptesicus serotinus,0.011,0.027,-1,Echolocation,/mnt/ubna_data_02_mir/recover-20221013/UBNA_001/20221012_030000.WAV,Telephone Field,recover-20221013,001,1795
991.5435,991.5766,68437,81273,Rhinolophus ferrumequinum,0.021,0.021,-1,Echolocation,/mnt/ubna_data_02_mir/recover-20221013/UBNA_001/20221012_030000.WAV,Telephone Field,recover-20221013,001,1795
991.5585,991.5972,68437,81952,Rhinolophus ferrumequinum,0.021,0.021,-1,Echolocation,/mnt/ubna_data_02_mir/recover-20221013/UBNA_001/20221012_030000.WAV,Telephone Field,recover-20221013,001,1795
991.5635,991.5756,22890,27777,Nyctalus leisleri,0.011,0.022,-1,Echolocation,/mnt/ubna_data_02_mir/recover-20221013/UBNA_001/20221012_030000.WAV,Telephone Field,recover-20221013,001,1795
991.5655,991.6052,68437,81659,Rhinolophus ferrumequinum,0.022,0.023,-1,Echolocation,/mnt/ubna_data_02_mir/recover-20221013/UBNA_001/20221012_030000.WAV,Telephone Field,recover-20221013,001,1795
991.5685,991.5781,28906,37764,Eptesicus serotinus,0.012,0.027,-1,Echolocation,/mnt/ubna_data_02_mir/recover-20221013/UBNA_001/20221012_030000.WAV,Telephone Field,recover-20221013,001,1795
991.6095,991.6211,23750,30407,Nyctalus leisleri,0.011,0.028,-1,Echolocation,/mnt/ubna_data_02_mir/recover-20221013/UBNA_001/20221012_030000.WAV,Telephone Field,recover-20221013,001,1795
991.6295,991.6637,68437,80933,Rhinolophus ferrumequinum,0.024,0.024,-1,Echolocation,/mnt/ubna_data_02_mir/recover-20221013/UBNA_001/20221012_030000.WAV,Telephone Field,recover-20221013,001,1795
991.6965,991.7066,22031,27291,Nyctalus leisleri,0.01,0.021,-1,Echolocation,/mnt/ubna_data_02_mir/recover-20221013/UBNA_001/20221012_030000.WAV,Telephone Field,recover-20221013,001,1795
991.7725,991.7798,24609,33630,Plecotus austriacus,0.011,0.027,-1,Echolocation,/mnt/ubna_data_02_mir/recover-20221013/UBNA_001/20221012_030000.WAV,Telephone Field,recover-20221013,001,1795
991.7985,991.8371,68437,81647,Rhinolophus ferrumequinum,0.021,0.021,-1,Echolocation,/mnt/ubna_data_02_mir/recover-20221013/UBNA_001/20221012_030000.WAV,Telephone Field,recover-20221013,001,1795
991.8175,991.8287,22031,26083,Nyctalus leisleri,0.013,0.024,-1,Echolocation,/mnt/ubna_data_02_mir/recover-20221013/UBNA_001/20221012_030000.WAV,Telephone Field,recover-20221013,001,1795
991.8485,991.8862,68437,82151,Rhinolophus ferrumequinum,0.023,0.023,-1,Echolocation,/mnt/ubna_data_02_mir/recover-20221013/UBNA_001/20221012_030000.WAV,Telephone Field,recover-20221013,001,1795
991.8875,991.9289,68437,82845,Rhinolophus ferrumequinum,0.025,0.025,-1,Echolocation,/mnt/ubna_data_02_mir/recover-20221013/UBNA_001/20221012_030000.WAV,Telephone Field,recover-20221013,001,1795
991.8975,991.9381,68437,82974,Rhinolophus ferrumequinum,0.023,0.023,-1,Echolocation,/mnt/ubna_data_02_mir/recover-20221013/UBNA_001/20221012_030000.WAV,Telephone Field,recover-20221013,001,1795
991.9805,991.9911,14296,19979,Nyctalus noctula,0.012,0.022,-1,Echolocation,/mnt/ubna_data_02_mir/recover-20221013/UBNA_001/20221012_030000.WAV,Telephone Field,recover-20221013,001,1795
992.0015,992.0098,26328,36672,Nyctalus leisleri,0.008,0.029,-1,Echolocation,/mnt/ubna_data_02_mir/recover-20221013/UBNA_001/20221012_030000.WAV,Telephone Field,recover-20221013,001,1795
992.0025,992.0455,68437,81847,Rhinolophus ferrumequinum,0.024,0.024,-1,Echolocation,/mnt/ubna_data_02_mir/recover-20221013/UBNA_001/20221012_030000.WAV,Telephone Field,recover-20221013,001,1795
992.0475,992.0889,68437,82492,Rhinolophus ferrumequinum,0.031,0.031,-1,Echolocation,/mnt/ubna_data_02_mir/recover-20221013/UBNA_001/20221012_030000.WAV,Telephone Field,recover-20221013,001,1795
992.0485,992.0589,22890,28052,Nyctalus leisleri,0.01,0.021,-1,Echolocation,/mnt/ubna_data_02_mir/recover-20221013/UBNA_001/20221012_030000.WAV,Telephone Field,recover-20221013,001,1795
992.0675,992.1087,68437,82583,Rhinolophus ferrumequinum,0.021,0.021,-1,Echolocation,/mnt/ubna_data_02_mir/recover-20221013/UBNA_001/20221012_030000.WAV,Telephone Field,recover-20221013,001,1795
992.0805,992.122,68437,82474,Rhinolophus ferrumequinum,0.022,0.022,-1,Echolocation,/mnt/ubna_data_02_mir/recover-20221013/UBNA_001/20221012_030000.WAV,Telephone Field,recover-20221013,001,1795
992.0955,992.1027,24609,33282,Plecotus austriacus,0.007,0.02,-1,Echolocation,/mnt/ubna_data_02_mir/recover-20221013/UBNA_001/20221012_030000.WAV,Telephone Field,recover-20221013,001,1795
992.1355,992.173,68437,81105,Rhinolophus ferrumequinum,0.021,0.021,-1,Echolocation,/mnt/ubna_data_02_mir/recover-20221013/UBNA_001/20221012_030000.WAV,Telephone Field,recover-20221013,001,1795
992.1375,992.147,28906,37631,Eptesicus serotinus,0.009,0.022,-1,Echolocation,/mnt/ubna_data_02_mir/recover-20221013/UBNA_001/20221012_030000.WAV,Telephone Field,recover-20221013,001,1795
992.1705,992.2076,68437,81750,Rhinolophus ferrumequinum,0.024,0.024,-1,Echolocation,/mnt/ubna_data_02_mir/recover-20221013/UBNA_001/20221012_030000.WAV,Telephone Field,recover-20221013,001,1795
992.1795,992.2188,68437,82630,Rhinolophus ferrumequinum,0.023,0.023,-1,Echolocation,/mnt/ubna_data_02_mir/recover-20221013/UBNA_001/20221012_030000.WAV,Telephone Field,recover-20221013,001,1795
992.1915,992.2022,22031,27497,Nyctalus leisleri,0.011,0.025,-1,Echolocation,/mnt/ubna_data_02_mir/recover-20221013/UBNA_001/20221012_030000.WAV,Telephone Field,recover-20221013,001,1795
992.2235,992.2306,27187,36713,Eptesicus serotinus,0.009,0.028,-1,Echolocation,/mnt/ubna_data_02_mir/recover-20221013/UBNA_001/20221012_030000.WAV,Telephone Field,recover-20221013,001,1795
992.2725,992.3093,68437,81077,Rhinolophus ferrumequinum,0.026,0.026,-1,Echolocation,/mnt/ubna_data_02_mir/recover-20221013/UBNA_001/20221012_030000.WAV,Telephone Field,recover-20221013,001,1795
992.3005,992.3375,68437,82632,Rhinolophus ferrumequinum,0.022,0.022,-1,Echolocation,/mnt/ubna_data_02_mir/recover-20221013/UBNA_001/20221012_030000.WAV,Telephone Field,recover-20221013,001,1795
992.3195,992.3273,25468,33962,Eptesicus serotinus,0.007,0.022,-1,Echolocation,/mnt/ubna_data_02_mir/recover-20221013/UBNA_001/20221012_030000.WAV,Telephone Field,recover-20221013,001,1795
992.3835,992.4225,68437,82330,Rhinolophus ferrumequinum,0.02,0.02,-1,Echolocation,/mnt/ubna_data_02_mir/recover-20221013/UBNA_001/20221012_030000.WAV,Telephone Field,recover-20221013,001,1795
992.4145,992.4557,68437,82529,Rhinolophus ferrumequinum,0.024,0.024,-1,Echolocation,/mnt/ubna_data_02_mir/recover-20221013/UBNA_001/20221012_030000.WAV,Telephone Field,recover-20221013,001,1795
992.4365,992.4763,68437,81605,Rhinolophus ferrumequinum,0.021,0.021,-1,Echolocation,/mnt/ubna_data_02_mir/recover-20221013/UBNA_001/20221012_030000.WAV,Telephone Field,recover-20221013,001,1795
992.4395,992.4517,22031,25373,Nyctalus leisleri,0.014,0.021,-1,Echolocation,/mnt/ubna_data_02_mir/recover-20221013/UBNA_001/20221012_030000.WAV,Telephone Field,recover-20221013,001,1795
992.4425,992.4814,68437,82104,Rhinolophus ferrumequinum,0.021,0.021,-1,Echolocation,/mnt/ubna_data_02_mir/recover-20221013/UBNA_001/20221012_030000.WAV,Telephone Field,recover-20221013,001,1795
992.4605,992.47,28906,37237,Eptesicus serotinus,0.01,0.024,-1,Echolocation,/mnt/ubna_data_02_mir/recover-20221013/UBNA_001/20221012_030000.WAV,Telephone Field,recover-20221013,001,1795
992.4945,992.5331,68437,82598,Rhinolophus ferrumequinum,0.021,0.021,-1,Echolocation,/mnt/ubna_data_02_mir/recover-20221013/UBNA_001/20221012_030000.WAV,Telephone Field,recover-20221013,001,1795
992.5025,992.5384,68437,81097,Rhinolophus ferrumequinum,0.02,0.02,-1,Echolocation,/mnt/ubna_data_02_mir/recover-20221013/UBNA_001/20221012_030000.WAV,Telephone Field,recover-20221013,001,1795
992.5165,992.555,68437,82610,Rhinolophus ferrumequinum,0.024,0.024,-1,Echolocation,/mnt/ubna_data_02_mir/recover-20221013/UBNA_001/20221012_030000.WAV,Telephone Field,recover-20221013,001,1795
992.5255,992.5633,68437,81498,Rhinolophus ferrumequinum,0.021,0.021,-1,Echolocation,/mnt/ubna_data_02_mir/recover-20221013/UBNA_001/20221012_030000.WAV,Telephone Field,recover-20221013,001,1795
992.5725,992.5856,28906,34747,Eptesicus serotinus,0.015,0.027,-1,Echolocation,/mnt/ubna_data_02_mir/recover-20221013/UBNA_001/20221012_030000.WAV,Telephone Field,recover-20221013,001,1795
992.5875,992.6261,68437,82162,Rhinolophus ferrumequinum,0.024,0.024,-1,Echolocation,/mnt/ubna_data_02_mir/recover-20221013/UBNA_001/20221012_030000.WAV,Telephone Field,recover-20221013,001,1795
992.6355,992.6427,23750,32860,Plecotus austriacus,0.012,0.029,-1,Echolocation,/mnt/ubna_data_02_mir/recover-20221013/UBNA_001/20221012_030000.WAV,Telephone Field,recover-20221013,001,1795
992.6495,992.6572,28046,40025,Eptesicus serotinus,0.006,0.02,-1,Echolocation,/mnt/ubna_data_02_mir/recover-20221013/UBNA_001/20221012_030000.WAV,Telephone Field,recover-20221013,001,1795
992.6625,992.6984,68437,80831,Rhinolophus ferrumequinum,0.021,0.021,-1,Echolocation,/mnt/ubna_data_02_mir/recover-20221013/UBNA_001/20221012_030000.WAV,Telephone Field,recover-20221013,001,1795
992.6835,992.7211,68437,82059,Rhinolophus ferrumequinum,0.022,0.023,-1,Echolocation,/mnt/ubna_data_02_mir/recover-20221013/UBNA_001/20221012_030000.WAV,Telephone Field,recover-20221013,001,1795
992.6915,992.7063,25468,29650,Nyctalus leisleri,0.022,0.046,-1,Echolocation,/mnt/ubna_data_02_mir/recover-20221013/UBNA_001/20221012_030000.WAV,Telephone Field,recover-20221013,001,1795
992.7035,992.743,68437,82452,Rhinolophus ferrumequinum,0.023,0.023,-1,Echolocation,/mnt/ubna_data_02_mir/recover-20221013/UBNA_001/20221012_030000.WAV,Telephone Field,recover-20221013,001,1795
992.7325,992.7704,68437,82075,Rhinolophus ferrumequinum,0.022,0.023,-1,Echolocation,/mnt/ubna_data_02_mir/recover-20221013/UBNA_001/20221012_030000.WAV,Telephone Field,recover-20221013,001,1795
992.7375,992.7489,22890,27955,Nyctalus leisleri,0.011,0.023,-1,Echolocation,/mnt/ubna_data_02_mir/recover-20221013/UBNA_001/20221012_030000.WAV,Telephone Field,recover-20221013,001,1795
992.7475,992.7876,68437,82576,Rhinolophus ferrumequinum,0.027,0.027,-1,Echolocation,/mnt/ubna_data_02_mir/recover-20221013/UBNA_001/20221012_030000.WAV,Telephone Field,recover-20221013,001,1795
992.7645,992.7761,26328,32693,Eptesicus serotinus,0.01,0.023,-1,Echolocation,/mnt/ubna_data_02_mir/recover-20221013/UBNA_001/20221012_030000.WAV,Telephone Field,recover-20221013,001,1795
992.7725,992.7811,28906,37313,Eptesicus serotinus,0.007,0.022,-1,Echolocation,/mnt/ubna_data_02_mir/recover-20221013/UBNA_001/20221012_030000.WAV,Telephone Field,recover-20221013,001,1795
992.7845,992.8208,68437,81492,Rhinolophus ferrumequinum,0.021,0.021,-1,Echolocation,/mnt/ubna_data_02_mir/recover-20221013/UBNA_001/20221012_030000.WAV,Telephone Field,recover-20221013,001,1795
992.7915,992.7998,49531,58088,Pipistrellus pipistrellus,0.025,0.028,-1,Echolocation,/mnt/ubna_data_02_mir/recover-20221013/UBNA_001/20221012_030000.WAV,Telephone Field,recover-20221013,001,1795
992.7925,992.829,68437,81721,Rhinolophus ferrumequinum,0.023,0.023,-1,Echolocation,/mnt/ubna_data_02_mir/recover-20221013/UBNA_001/20221012_030000.WAV,Telephone Field,recover-20221013,001,1795
992.8005,992.81,23750,30608,Nyctalus leisleri,0.009,0.025,-1,Echolocation,/mnt/ubna_data_02_mir/recover-20221013/UBNA_001/20221012_030000.WAV,Telephone Field,recover-20221013,001,1795
992.8065,992.8425,68437,81307,Rhinolophus ferrumequinum,0.022,0.022,-1,Echolocation,/mnt/ubna_data_02_mir/recover-20221013/UBNA_001/20221012_030000.WAV,Telephone Field,recover-20221013,001,1795
992.8435,992.8511,23750,36079,Plecotus austriacus,0.008,0.023,-1,Echolocation,/mnt/ubna_data_02_mir/recover-20221013/UBNA_001/20221012_030000.WAV,Telephone Field,recover-20221013,001,1795
992.8695,992.8789,25468,33021,Eptesicus serotinus,0.009,0.025,-1,Echolocation,/mnt/ubna_data_02_mir/recover-20221013/UBNA_001/20221012_030000.WAV,Telephone Field,recover-20221013,001,1795
992.8875,992.9269,68437,82031,Rhinolophus ferrumequinum,0.023,0.023,-1,Echolocation,/mnt/ubna_data_02_mir/recover-20221013/UBNA_001/20221012_030000.WAV,Telephone Field,recover-20221013,001,1795
992.9055,992.948,68437,83145,Rhinolophus ferrumequinum,0.03,0.03,-1,Echolocation,/mnt/ubna_data_02_mir/recover-20221013/UBNA_001/20221012_030000.WAV,Telephone Field,recover-20221013,001,1795
992.9285,992.9654,68437,81905,Rhinolophus ferrumequinum,0.021,0.021,-1,Echolocation,/mnt/ubna_data_02_mir/recover-20221013/UBNA_001/20221012_030000.WAV,Telephone Field,recover-20221013,001,1795
992.9365,992.9438,28906,39892,Eptesicus serotinus,0.007,0.023,-1,Echolocation,/mnt/ubna_data_02_mir/recover-20221013/UBNA_001/20221012_030000.WAV,Telephone Field,recover-20221013,001,1795
993.0185,993.0284,28046,36252,Eptesicus serotinus,0.009,0.023,-1,Echolocation,/mnt/ubna_data_02_mir/recover-20221013/UBNA_001/20221012_030000.WAV,Telephone Field,recover-20221013,001,1795
993.0705,993.1119,68437,82435,Rhinolophus ferrumequinum,0.023,0.023,-1,Echolocation,/mnt/ubna_data_02_mir/recover-20221013/UBNA_001/20221012_030000.WAV,Telephone Field,recover-20221013,001,1795
993.0835,993.0944,14296,19444,Nyctalus noctula,0.018,0.032,-1,Echolocation,/mnt/ubna_data_02_mir/recover-20221013/UBNA_001/20221012_030000.WAV,Telephone Field,recover-20221013,001,1795
993.0935,993.1342,68437,82728,Rhinolophus ferrumequinum,0.023,0.023,-1,Echolocation,/mnt/ubna_data_02_mir/recover-20221013/UBNA_001/20221012_030000.WAV,Telephone Field,recover-20221013,001,1795
993.1125,993.1513,68437,81954,Rhinolophus ferrumequinum,0.024,0.024,-1,Echolocation,/mnt/ubna_data_02_mir/recover-20221013/UBNA_001/20221012_030000.WAV,Telephone Field,recover-20221013,001,1795
993.1905,993.2303,68437,82130,Rhinolophus ferrumequinum,0.022,0.022,-1,Echolocation,/mnt/ubna_data_02_mir/recover-20221013/UBNA_001/20221012_030000.WAV,Telephone Field,recover-20221013,001,1795
993.1995,993.232,68437,80667,Rhinolophus ferrumequinum,0.021,0.021,-1,Echolocation,/mnt/ubna_data_02_mir/recover-20221013/UBNA_001/20221012_030000.WAV,Telephone Field,recover-20221013,001,1795
993.2285,993.2686,68437,82489,Rhinolophus ferrumequinum,0.021,0.021,-1,Echolocation,/mnt/ubna_data_02_mir/recover-20221013/UBNA_001/20221012_030000.WAV,Telephone Field,recover-20221013,001,1795
993.2605,993.299,68437,82583,Rhinolophus ferrumequinum,0.026,0.026,-1,Echolocation,/mnt/ubna_data_02_mir/recover-20221013/UBNA_001/20221012_030000.WAV,Telephone Field,recover-20221013,001,1795
993.2705,993.2799,50390,55462,Pipistrellus pipistrellus,0.038,0.044,-1,Echolocation,/mnt/ubna_data_02_mir/recover-20221013/UBNA_001/20221012_030000.WAV,Telephone Field,recover-20221013,001,1795
993.2975,993.3345,68437,81917,Rhinolophus ferrumequinum,0.023,0.023,-1,Echolocation,/mnt/ubna_data_02_mir/recover-20221013/UBNA_001/20221012_030000.WAV,Telephone Field,recover-20221013,001,1795
993.3075,993.3159,27187,37228,Eptesicus serotinus,0.007,0.02,-1,Echolocation,/mnt/ubna_data_02_mir/recover-20221013/UBNA_001/20221012_030000.WAV,Telephone Field,recover-20221013,001,1795
993.3165,993.355,68437,81818,Rhinolophus ferrumequinum,0.023,0.023,-1,Echolocation,/mnt/ubna_data_02_mir/recover-20221013/UBNA_001/20221012_030000.WAV,Telephone Field,recover-20221013,001,1795
993.3395,993.3797,68437,82356,Rhinolophus ferrumequinum,0.02,0.02,-1,Echolocation,/mnt/ubna_data_02_mir/recover-20221013/UBNA_001/20221012_030000.WAV,Telephone Field,recover-20221013,001,1795
993.3605,993.3982,68437,82476,Rhinolophus ferrumequinum,0.021,0.021,-1,Echolocation,/mnt/ubna_data_02_mir/recover-20221013/UBNA_001/20221012_030000.WAV,Telephone Field,recover-20221013,001,1795
993.3745,993.3843,22031,27226,Nyctalus leisleri,0.008,0.023,-1,Echolocation,/mnt/ubna_data_02_mir/recover-20221013/UBNA_001/20221012_030000.WAV,Telephone Field,recover-20221013,001,1795
993.3755,993.4151,68437,82067,Rhinolophus ferrumequinum,0.021,0.021,-1,Echolocation,/mnt/ubna_data_02_mir/recover-20221013/UBNA_001/20221012_030000.WAV,Telephone Field,recover-20221013,001,1795
993.3835,993.4227,68437,82377,Rhinolophus ferrumequinum,0.021,0.021,-1,Echolocation,/mnt/ubna_data_02_mir/recover-20221013/UBNA_001/20221012_030000.WAV,Telephone Field,recover-20221013,001,1795
993.3955,993.4337,68437,82331,Rhinolophus ferrumequinum,0.021,0.021,-1,Echolocation,/mnt/ubna_data_02_mir/recover-20221013/UBNA_001/20221012_030000.WAV,Telephone Field,recover-20221013,001,1795
993.3985,993.4064,27187,39128,Eptesicus serotinus,0.007,0.02,-1,Echolocation,/mnt/ubna_data_02_mir/recover-20221013/UBNA_001/20221012_030000.WAV,Telephone Field,recover-20221013,001,1795
993.4115,993.4474,68437,81233,Rhinolophus ferrumequinum,0.02,0.021,-1,Echolocation,/mnt/ubna_data_02_mir/recover-20221013/UBNA_001/20221012_030000.WAV,Telephone Field,recover-20221013,001,1795
993.5015,993.5375,68437,80810,Rhinolophus ferrumequinum,0.021,0.021,-1,Echolocation,/mnt/ubna_data_02_mir/recover-20221013/UBNA_001/20221012_030000.WAV,Telephone Field,recover-20221013,001,1795
993.5145,993.5545,68437,82028,Rhinolophus ferrumequinum,0.021,0.021,-1,Echolocation,/mnt/ubna_data_02_mir/recover-20221013/UBNA_001/20221012_030000.WAV,Telephone Field,recover-20221013,001,1795
993.5545,993.5942,68437,82749,Rhinolophus ferrumequinum,0.023,0.023,-1,Echolocation,/mnt/ubna_data_02_mir/recover-20221013/UBNA_001/20221012_030000.WAV,Telephone Field,recover-20221013,001,1795
993.5785,993.6172,68437,82324,Rhinolophus ferrumequinum,0.021,0.021,-1,Echolocation,/mnt/ubna_data_02_mir/recover-20221013/UBNA_001/20221012_030000.WAV,Telephone Field,recover-20221013,001,1795
993.5855,993.6225,68437,81658,Rhinolophus ferrumequinum,0.02,0.02,-1,Echolocation,/mnt/ubna_data_02_mir/recover-20221013/UBNA_001/20221012_030000.WAV,Telephone Field,recover-20221013,001,1795
993.6165,993.6361,22890,26865,Nyctalus leisleri,0.05,0.097,-1,Echolocation,/mnt/ubna_data_02_mir/recover-20221013/UBNA_001/20221012_030000.WAV,Telephone Field,recover-20221013,001,1795
993.6465,993.6566,38359,45877,Pipistrellus nathusii,0.004,0.022,-1,Echolocation,/mnt/ubna_data_02_mir/recover-20221013/UBNA_001/20221012_030000.WAV,Telephone Field,recover-20221013,001,1795
993.6555,993.689,68437,80783,Rhinolophus ferrumequinum,0.021,0.021,-1,Echolocation,/mnt/ubna_data_02_mir/recover-20221013/UBNA_001/20221012_030000.WAV,Telephone Field,recover-20221013,001,1795
993.6695,993.7081,68437,81623,Rhinolophus ferrumequinum,0.021,0.021,-1,Echolocation,/mnt/ubna_data_02_mir/recover-20221013/UBNA_001/20221012_030000.WAV,Telephone Field,recover-20221013,001,1795
993.6805,993.7198,68437,82104,Rhinolophus ferrumequinum,0.021,0.021,-1,Echolocation,/mnt/ubna_data_02_mir/recover-20221013/UBNA_001/20221012_030000.WAV,Telephone Field,recover-20221013,001,1795
993.7025,993.7101,28046,39756,Eptesicus serotinus,0.006,0.021,-1,Echolocation,/mnt/ubna_data_02_mir/recover-20221013/UBNA_001/20221012_030000.WAV,Telephone Field,recover-20221013,001,1795
993.7215,993.7598,68437,82114,Rhinolophus ferrumequinum,0.021,0.021,-1,Echolocation,/mnt/ubna_data_02_mir/recover-20221013/UBNA_001/20221012_030000.WAV,Telephone Field,recover-20221013,001,1795
993.7555,993.7635,26328,39014,Eptesicus serotinus,0.006,0.02,-1,Echolocation,/mnt/ubna_data_02_mir/recover-20221013/UBNA_001/20221012_030000.WAV,Telephone Field,recover-20221013,001,1795
993.7565,993.7637,34062,43125,Myotis daubentonii,0.008,0.02,-1,Echolocation,/mnt/ubna_data_02_mir/recover-20221013/UBNA_001/20221012_030000.WAV,Telephone Field,recover-20221013,001,1795
993.7575,993.7955,68437,82227,Rhinolophus ferrumequinum,0.021,0.021,-1,Echolocation,/mnt/ubna_data_02_mir/recover-20221013/UBNA_001/20221012_030000.WAV,Telephone Field,recover-20221013,001,1795
993.7675,993.7835,20312,23808,Nyctalus leisleri,0.012,0.022,-1,Echolocation,/mnt/ubna_data_02_mir/recover-20221013/UBNA_001/20221012_030000.WAV,Telephone Field,recover-20221013,001,1795
993.8015,993.8371,68437,81301,Rhinolophus ferrumequinum,0.02,0.02,-1,Echolocation,/mnt/ubna_data_02_mir/recover-20221013/UBNA_001/20221012_030000.WAV,Telephone Field,recover-20221013,001,1795
993.8045,993.8142,50390,56923,Pipistrellus pipistrellus,0.019,0.024,-1,Echolocation,/mnt/ubna_data_02_mir/recover-20221013/UBNA_001/20221012_030000.WAV,Telephone Field,recover-20221013,001,1795
993.8105,993.8212,23750,29720,Nyctalus leisleri,0.01,0.023,-1,Echolocation,/mnt/ubna_data_02_mir/recover-20221013/UBNA_001/20221012_030000.WAV,Telephone Field,recover-20221013,001,1795
993.8155,993.8241,28906,39311,Eptesicus serotinus,0.007,0.02,-1,Echolocation,/mnt/ubna_data_02_mir/recover-20221013/UBNA_001/20221012_030000.WAV,Telephone Field,recover-20221013,001,1795
993.8245,993.867,68437,83201,Rhinolophus ferrumequinum,0.027,0.027,-1,Echolocation,/mnt/ubna_data_02_mir/recover-20221013/UBNA_001/20221012_030000.WAV,Telephone Field,recover-20221013,001,1795
993.8375,993.8455,28046,39832,Eptesicus serotinus,0.006,0.02,-1,Echolocation,/mnt/ubna_data_02_mir/recover-20221013/UBNA_001/20221012_030000.WAV,Telephone Field,recover-20221013,001,1795
993.8475,993.8869,68437,82461,Rhinolophus ferrumequinum,0.022,0.022,-1,Echolocation,/mnt/ubna_data_02_mir/recover-20221013/UBNA_001/20221012_030000.WAV,Telephone Field,recover-20221013,001,1795
993.8645,993.8719,47812,52305,Pipistrellus pipistrellus,0.022,0.023,-1,Echolocation,/mnt/ubna_data_02_mir/recover-20221013/UBNA_001/20221012_030000.WAV,Telephone Field,recover-20221013,001,1795
993.8845,993.9245,68437,81851,Rhinolophus ferrumequinum,0.022,0.022,-1,Echolocation,/mnt/ubna_data_02_mir/recover-20221013/UBNA_001/20221012_030000.WAV,Telephone Field,recover-20221013,001,1795
993.8925,993.8992,28046,40432,Eptesicus serotinus,0.008,0.027,-1,Echolocation,/mnt/ubna_data_02_mir/recover-20221013/UBNA_001/20221012_030000.WAV,Telephone Field,recover-20221013,001,1795
993.9215,993.9591,68437,81299,Rhinolophus ferrumequinum,0.021,0.021,-1,Echolocation,/mnt/ubna_data_02_mir/recover-20221013/UBNA_001/20221012_030000.WAV,Telephone Field,recover-20221013,001,1795
993.9315,993.9634,68437,80882,Rhinolophus ferrumequinum,0.021,0.021,-1,Echolocation,/mnt/ubna_data_02_mir/recover-20221013/UBNA_001/20221012_030000.WAV,Telephone Field,recover-20221013,001,1795
993.9805,993.9912,39218,45063,Pipistrellus nathusii,0.01,0.023,-1,Echolocation,/mnt/ubna_data_02_mir/recover-20221013/UBNA_001/20221012_030000.WAV,Telephone Field,recover-20221013,001,1795
993.9845,993.9923,25468,37519,Eptesicus serotinus,0.006,0.022,-1,Echolocation,/mnt/ubna_data_02_mir/recover-20221013/UBNA_001/20221012_030000.WAV,Telephone Field,recover-20221013,001,1795
994.0015,994.034,68437,80208,Rhinolophus ferrumequinum,0.035,0.036,-1,Echolocation,/mnt/ubna_data_02_mir/recover-20221013/UBNA_001/20221012_030000.WAV,Telephone Field,recover-20221013,001,1795
994.0015,994.0154,21171,26750,Nyctalus leisleri,0.013,0.03,-1,Echolocation,/mnt/ubna_data_02_mir/recover-20221013/UBNA_001/20221012_030000.WAV,Telephone Field,recover-20221013,001,1795
994.0105,994.0518,68437,82529,Rhinolophus ferrumequinum,0.021,0.022,-1,Echolocation,/mnt/ubna_data_02_mir/recover-20221013/UBNA_001/20221012_030000.WAV,Telephone Field,recover-20221013,001,1795
994.0485,994.0854,68437,82098,Rhinolophus ferrumequinum,0.024,0.024,-1,Echolocation,/mnt/ubna_data_02_mir/recover-20221013/UBNA_001/20221012_030000.WAV,Telephone Field,recover-20221013,001,1795
994.1095,994.1245,15156,19915,Nyctalus noctula,0.017,0.025,-1,Echolocation,/mnt/ubna_data_02_mir/recover-20221013/UBNA_001/20221012_030000.WAV,Telephone Field,recover-20221013,001,1795
994.1265,994.1646,68437,82189,Rhinolophus ferrumequinum,0.021,0.021,-1,Echolocation,/mnt/ubna_data_02_mir/recover-20221013/UBNA_001/20221012_030000.WAV,Telephone Field,recover-20221013,001,1795
994.1315,994.1689,68437,82415,Rhinolophus ferrumequinum,0.021,0.021,-1,Echolocation,/mnt/ubna_data_02_mir/recover-20221013/UBNA_001/20221012_030000.WAV,Telephone Field,recover-20221013,001,1795
994.1545,994.1624,27187,39815,Eptesicus serotinus,0.008,0.022,-1,Echolocation,/mnt/ubna_data_02_mir/recover-20221013/UBNA_001/20221012_030000.WAV,Telephone Field,recover-20221013,001,1795
994.1905,994.2296,68437,82756,Rhinolophus ferrumequinum,0.021,0.021,-1,Echolocation,/mnt/ubna_data_02_mir/recover-20221013/UBNA_001/20221012_030000.WAV,Telephone Field,recover-20221013,001,1795
994.2955,994.3057,28906,36192,Eptesicus serotinus,0.009,0.024,-1,Echolocation,/mnt/ubna_data_02_mir/recover-20221013/UBNA_001/20221012_030000.WAV,Telephone Field,recover-20221013,001,1795
994.3005,994.3101,22890,28474,Nyctalus leisleri,0.009,0.021,-1,Echolocation,/mnt/ubna_data_02_mir/recover-20221013/UBNA_001/20221012_030000.WAV,Telephone Field,recover-20221013,001,1795
994.3025,994.3108,28046,42563,Eptesicus serotinus,0.007,0.021,-1,Echolocation,/mnt/ubna_data_02_mir/recover-20221013/UBNA_001/20221012_030000.WAV,Telephone Field,recover-20221013,001,1795
994.3315,994.3386,34062,42193,Myotis daubentonii,0.012,0.031,-1,Echolocation,/mnt/ubna_data_02_mir/recover-20221013/UBNA_001/20221012_030000.WAV,Telephone Field,recover-20221013,001,1795
994.3785,994.4152,68437,82036,Rhinolophus ferrumequinum,0.023,0.023,-1,Echolocation,/mnt/ubna_data_02_mir/recover-20221013/UBNA_001/20221012_030000.WAV,Telephone Field,recover-20221013,001,1795
994.3845,994.4206,68437,81527,Rhinolophus ferrumequinum,0.023,0.023,-1,Echolocation,/mnt/ubna_data_02_mir/recover-20221013/UBNA_001/20221012_030000.WAV,Telephone Field,recover-20221013,001,1795
994.3875,994.3949,25468,34513,Eptesicus serotinus,0.006,0.022,-1,Echolocation,/mnt/ubna_data_02_mir/recover-20221013/UBNA_001/20221012_030000.WAV,Telephone Field,recover-20221013,001,1795
994.4175,994.4584,68437,82552,Rhinolophus ferrumequinum,0.025,0.025,-1,Echolocation,/mnt/ubna_data_02_mir/recover-20221013/UBNA_001/20221012_030000.WAV,Telephone Field,recover-20221013,001,1795
994.4355,994.4433,25468,34329,Eptesicus serotinus,0.006,0.021,-1,Echolocation,/mnt/ubna_data_02_mir/recover-20221013/UBNA_001/20221012_030000.WAV,Telephone Field,recover-20221013,001,1795
994.4705,994.5148,68437,82920,Rhinolophus ferrumequinum,0.032,0.032,-1,Echolocation,/mnt/ubna_data_02_mir/recover-20221013/UBNA_001/20221012_030000.WAV,Telephone Field,recover-20221013,001,1795
994.4745,994.4859,22890,28497,Nyctalus leisleri,0.014,0.029,-1,Echolocation,/mnt/ubna_data_02_mir/recover-20221013/UBNA_001/20221012_030000.WAV,Telephone Field,recover-20221013,001,1795
994.5185,994.5547,68437,82128,Rhinolophus ferrumequinum,0.021,0.021,-1,Echolocation,/mnt/ubna_data_02_mir/recover-20221013/UBNA_001/20221012_030000.WAV,Telephone Field,recover-20221013,001,1795
994.5445,994.552,26328,35832,Eptesicus serotinus,0.007,0.022,-1,Echolocation,/mnt/ubna_data_02_mir/recover-20221013/UBNA_001/20221012_030000.WAV,Telephone Field,recover-20221013,001,1795
994.6115,994.6177,28046,43438,Eptesicus serotinus,0.006,0.028,-1,Echolocation,/mnt/ubna_data_02_mir/recover-20221013/UBNA_001/20221012_030000.WAV,Telephone Field,recover-20221013,001,1795
994.6175,994.6547,68437,81939,Rhinolophus ferrumequinum,0.022,0.022,-1,Echolocation,/mnt/ubna_data_02_mir/recover-20221013/UBNA_001/20221012_030000.WAV,Telephone Field,recover-20221013,001,1795
994.6375,994.6481,23750,30012,Nyctalus leisleri,0.008,0.021,-1,Echolocation,/mnt/ubna_data_02_mir/recover-20221013/UBNA_001/20221012_030000.WAV,Telephone Field,recover-20221013,001,1795
994.6885,994.7279,68437,82037,Rhinolophus ferrumequinum,0.021,0.021,-1,Echolocation,/mnt/ubna_data_02_mir/recover-20221013/UBNA_001/20221012_030000.WAV,Telephone Field,recover-20221013,001,1795
994.7275,994.7352,28046,38495,Eptesicus serotinus,0.006,0.021,-1,Echolocation,/mnt/ubna_data_02_mir/recover-20221013/UBNA_001/20221012_030000.WAV,Telephone Field,recover-20221013,001,1795
994.7325,994.7713,68437,81872,Rhinolophus ferrumequinum,0.021,0.021,-1,Echolocation,/mnt/ubna_data_02_mir/recover-20221013/UBNA_001/20221012_030000.WAV,Telephone Field,recover-20221013,001,1795
994.7605,994.7711,22031,27385,Nyctalus leisleri,0.011,0.029,-1,Echolocation,/mnt/ubna_data_02_mir/recover-20221013/UBNA_001/20221012_030000.WAV,Telephone Field,recover-20221013,001,1795
994.7645,994.8051,68437,82714,Rhinolophus ferrumequinum,0.023,0.023,-1,Echolocation,/mnt/ubna_data_02_mir/recover-20221013/UBNA_001/20221012_030000.WAV,Telephone Field,recover-20221013,001,1795
994.7915,994.8017,28906,36919,Eptesicus serotinus,0.012,0.025,-1,Echolocation,/mnt/ubna_data_02_mir/recover-20221013/UBNA_001/20221012_030000.WAV,Telephone Field,recover-20221013,001,1795
994.8365,994.8762,68437,82973,Rhinolophus ferrumequinum,0.022,0.022,-1,Echolocation,/mnt/ubna_data_02_mir/recover-20221013/UBNA_001/20221012_030000.WAV,Telephone Field,recover-20221013,001,1795
994.8405,994.8523,23750,28752,Nyctalus leisleri,0.012,0.025,-1,Echolocation,/mnt/ubna_data_02_mir/recover-20221013/UBNA_001/20221012_030000.WAV,Telephone Field,recover-20221013,001,1795
994.8525,994.8963,68437,83848,Rhinolophus ferrumequinum,0.031,0.031,-1,Echolocation,/mnt/ubna_data_02_mir/recover-20221013/UBNA_001/20221012_030000.WAV,Telephone Field,recover-20221013,001,1795
994.8725,994.8788,28046,38968,Eptesicus serotinus,0.005,0.023,-1,Echolocation,/mnt/ubna_data_02_mir/recover-20221013/UBNA_001/20221012_030000.WAV,Telephone Field,recover-20221013,001,1795
994.9035,994.9103,28046,41021,Eptesicus serotinus,0.007,0.025,-1,Echolocation,/mnt/ubna_data_02_mir/recover-20221013/UBNA_001/20221012_030000.WAV,Telephone Field,recover-20221013,001,1795
994.9365,994.9506,22031,26144,Nyctalus leisleri,0.016,0.028,-1,Echolocation,/mnt/ubna_data_02_mir/recover-20221013/UBNA_001/20221012_030000.WAV,Telephone Field,recover-20221013,001,1795
994.9445,994.9831,68437,82073,Rhinolophus ferrumequinum,0.021,0.021,-1,Echolocation,/mnt/ubna_data_02_mir/recover-20221013/UBNA_001/20221012_030000.WAV,Telephone Field,recover-20221013,001,1795
994.9865,994.9947,24609,32959,Plecotus austriacus,0.007,0.025,-1,Echolocation,/mnt/ubna_data_02_mir/recover-20221013/UBNA_001/20221012_030000.WAV,Telephone Field,recover-20221013,001,1795
994.9895,995.0302,68437,82347,Rhinolophus ferrumequinum,0.023,0.023,-1,Echolocation,/mnt/ubna_data_02_mir/recover-20221013/UBNA_001/20221012_030000.WAV,Telephone Field,recover-20221013,001,1795
994.9995,995.0064,25468,35199,Plecotus austriacus,0.007,0.023,-1,Echolocation,/mnt/ubna_data_02_mir/recover-20221013/UBNA_001/20221012_030000.WAV,Telephone Field,recover-20221013,001,1795
995.0525,995.0588,48671,53122,Pipistrellus pipistrellus,0.019,0.02,-1,Echolocation,/mnt/ubna_data_02_mir/recover-20221013/UBNA_001/20221012_030000.WAV,Telephone Field,recover-20221013,001,1795
995.1205,995.1296,28906,39127,Eptesicus serotinus,0.008,0.022,-1,Echolocation,/mnt/ubna_data_02_mir/recover-20221013/UBNA_001/20221012_030000.WAV,Telephone Field,recover-20221013,001,1795
995.1885,995.1959,25468,34817,Plecotus austriacus,0.006,0.024,-1,Echolocation,/mnt/ubna_data_02_mir/recover-20221013/UBNA_001/20221012_030000.WAV,Telephone Field,recover-20221013,001,1795
995.2575,995.2649,26328,40120,Eptesicus serotinus,0.007,0.021,-1,Echolocation,/mnt/ubna_data_02_mir/recover-20221013/UBNA_001/20221012_030000.WAV,Telephone Field,recover-20221013,001,1795
995.2865,995.2964,22890,28764,Nyctalus leisleri,0.011,0.026,-1,Echolocation,/mnt/ubna_data_02_mir/recover-20221013/UBNA_001/20221012_030000.WAV,Telephone Field,recover-20221013,001,1795
995.3055,995.3497,68437,83227,Rhinolophus ferrumequinum,0.028,0.028,-1,Echolocation,/mnt/ubna_data_02_mir/recover-20221013/UBNA_001/20221012_030000.WAV,Telephone Field,recover-20221013,001,1795
995.3225,995.331,25468,32592,Eptesicus serotinus,0.007,0.021,-1,Echolocation,/mnt/ubna_data_02_mir/recover-20221013/UBNA_001/20221012_030000.WAV,Telephone Field,recover-20221013,001,1795
995.3815,995.392,28906,36467,Eptesicus serotinus,0.011,0.023,-1,Echolocation,/mnt/ubna_data_02_mir/recover-20221013/UBNA_001/20221012_030000.WAV,Telephone Field,recover-20221013,001,1795
995.4115,995.4189,28906,40383,Eptesicus serotinus,0.007,0.023,-1,Echolocation,/mnt/ubna_data_02_mir/recover-20221013/UBNA_001/20221012_030000.WAV,Telephone Field,recover-20221013,001,1795
995.4165,995.455,68437,82180,Rhinolophus ferrumequinum,0.023,0.023,-1,Echolocation,/mnt/ubna_data_02_mir/recover-20221013/UBNA_001/20221012_030000.WAV,Telephone Field,recover-20221013,001,1795
995.4355,995.4731,68437,81665,Rhinolophus ferrumequinum,0.02,0.02,-1,Echolocation,/mnt/ubna_data_02_mir/recover-20221013/UBNA_001/20221012_030000.WAV,Telephone Field,recover-20221013,001,1795
995.4475,995.4557,23750,31561,Plecotus austriacus,0.007,0.024,-1,Echolocation,/mnt/ubna_data_02_mir/recover-20221013/UBNA_001/20221012_030000.WAV,Telephone Field,recover-20221013,001,1795
995.4675,995.4748,27187,38836,Eptesicus serotinus,0.007,0.021,-1,Echolocation,/mnt/ubna_data_02_mir/recover-20221013/UBNA_001/20221012_030000.WAV,Telephone Field,recover-20221013,001,1795
995.5355,995.5713,68437,81088,Rhinolophus ferrumequinum,0.021,0.021,-1,Echolocation,/mnt/ubna_data_02_mir/recover-20221013/UBNA_001/20221012_030000.WAV,Telephone Field,recover-20221013,001,1795
995.5675,995.6065,68437,82176,Rhinolophus ferrumequinum,0.024,0.024,-1,Echolocation,/mnt/ubna_data_02_mir/recover-20221013/UBNA_001/20221012_030000.WAV,Telephone Field,recover-20221013,001,1795
995.6095,995.6188,22890,28637,Nyctalus leisleri,0.007,0.021,-1,Echolocation,/mnt/ubna_data_02_mir/recover-20221013/UBNA_001/20221012_030000.WAV,Telephone Field,recover-20221013,001,1795
995.6885,995.7233,68437,81684,Rhinolophus ferrumequinum,0.02,0.021,-1,Echolocation,/mnt/ubna_data_02_mir/recover-20221013/UBNA_001/20221012_030000.WAV,Telephone Field,recover-20221013,001,1795
995.6975,995.7042,28046,41003,Eptesicus serotinus,0.006,0.022,-1,Echolocation,/mnt/ubna_data_02_mir/recover-20221013/UBNA_001/20221012_030000.WAV,Telephone Field,recover-20221013,001,1795
995.7325,995.7416,28046,39631,Eptesicus serotinus,0.01,0.027,-1,Echolocation,/mnt/ubna_data_02_mir/recover-20221013/UBNA_001/20221012_030000.WAV,Telephone Field,recover-20221013,001,1795
995.7325,995.7398,42656,46568,Pipistrellus pipistrellus,0.023,0.026,-1,Echolocation,/mnt/ubna_data_02_mir/recover-20221013/UBNA_001/20221012_030000.WAV,Telephone Field,recover-20221013,001,1795
995.7505,995.7873,68437,81906,Rhinolophus ferrumequinum,0.022,0.022,-1,Echolocation,/mnt/ubna_data_02_mir/recover-20221013/UBNA_001/20221012_030000.WAV,Telephone Field,recover-20221013,001,1795
995.8155,995.8577,68437,83188,Rhinolophus ferrumequinum,0.024,0.024,-1,Echolocation,/mnt/ubna_data_02_mir/recover-20221013/UBNA_001/20221012_030000.WAV,Telephone Field,recover-20221013,001,1795
995.8485,995.8911,68437,83128,Rhinolophus ferrumequinum,0.029,0.029,-1,Echolocation,/mnt/ubna_data_02_mir/recover-20221013/UBNA_001/20221012_030000.WAV,Telephone Field,recover-20221013,001,1795
995.8865,995.8939,28046,38514,Eptesicus serotinus,0.007,0.022,-1,Echolocation,/mnt/ubna_data_02_mir/recover-20221013/UBNA_001/20221012_030000.WAV,Telephone Field,recover-20221013,001,1795
995.8955,995.9361,68437,82558,Rhinolophus ferrumequinum,0.025,0.025,-1,Echolocation,/mnt/ubna_data_02_mir/recover-20221013/UBNA_001/20221012_030000.WAV,Telephone Field,recover-20221013,001,1795
995.9065,995.9136,28046,41060,Eptesicus serotinus,0.007,0.022,-1,Echolocation,/mnt/ubna_data_02_mir/recover-20221013/UBNA_001/20221012_030000.WAV,Telephone Field,recover-20221013,001,1795
996.0015,996.0081,46093,53191,Pipistrellus pipistrellus,0.015,0.02,-1,Echolocation,/mnt/ubna_data_02_mir/recover-20221013/UBNA_001/20221012_030000.WAV,Telephone Field,recover-20221013,001,1795
996.0015,996.0098,25468,34377,Nyctalus leisleri,0.008,0.027,-1,Echolocation,/mnt/ubna_data_02_mir/recover-20221013/UBNA_001/20221012_030000.WAV,Telephone Field,recover-20221013,001,1795
996.0145,996.0567,68437,83464,Rhinolophus ferrumequinum,0.033,0.033,-1,Echolocation,/mnt/ubna_data_02_mir/recover-20221013/UBNA_001/20221012_030000.WAV,Telephone Field,recover-20221013,001,1795
996.0405,996.0528,23750,28507,Nyctalus leisleri,0.014,0.026,-1,Echolocation,/mnt/ubna_data_02_mir/recover-20221013/UBNA_001/20221012_030000.WAV,Telephone Field,recover-20221013,001,1795
996.0905,996.1006,22031,27380,Nyctalus leisleri,0.008,0.021,-1,Echolocation,/mnt/ubna_data_02_mir/recover-20221013/UBNA_001/20221012_030000.WAV,Telephone Field,recover-20221013,001,1795
996.1055,996.1125,28046,39035,Eptesicus serotinus,0.009,0.027,-1,Echolocation,/mnt/ubna_data_02_mir/recover-20221013/UBNA_001/20221012_030000.WAV,Telephone Field,recover-20221013,001,1795
996.2275,996.2364,27187,36037,Eptesicus serotinus,0.007,0.021,-1,Echolocation,/mnt/ubna_data_02_mir/recover-20221013/UBNA_001/20221012_030000.WAV,Telephone Field,recover-20221013,001,1795
996.2455,996.281,68437,81938,Rhinolophus ferrumequinum,0.022,0.022,-1,Echolocation,/mnt/ubna_data_02_mir/recover-20221013/UBNA_001/20221012_030000.WAV,Telephone Field,recover-20221013,001,1795
996.2595,996.3,68437,82918,Rhinolophus ferrumequinum,0.023,0.023,-1,Echolocation,/mnt/ubna_data_02_mir/recover-20221013/UBNA_001/20221012_030000.WAV,Telephone Field,recover-20221013,001,1795
996.2945,996.3057,27187,33930,Eptesicus serotinus,0.01,0.022,-1,Echolocation,/mnt/ubna_data_02_mir/recover-20221013/UBNA_001/20221012_030000.WAV,Telephone Field,recover-20221013,001,1795
996.3145,996.3256,23750,30169,Nyctalus leisleri,0.01,0.024,-1,Echolocation,/mnt/ubna_data_02_mir/recover-20221013/UBNA_001/20221012_030000.WAV,Telephone Field,recover-20221013,001,1795
996.3335,996.3445,34921,40396,Pipistrellus nathusii,0.006,0.022,-1,Echolocation,/mnt/ubna_data_02_mir/recover-20221013/UBNA_001/20221012_030000.WAV,Telephone Field,recover-20221013,001,1795
996.3575,996.364,28046,39763,Eptesicus serotinus,0.006,0.022,-1,Echolocation,/mnt/ubna_data_02_mir/recover-20221013/UBNA_001/20221012_030000.WAV,Telephone Field,recover-20221013,001,1795
996.3595,996.3677,22890,30479,Plecotus austriacus,0.009,0.022,-1,Echolocation,/mnt/ubna_data_02_mir/recover-20221013/UBNA_001/20221012_030000.WAV,Telephone Field,recover-20221013,001,1795
996.4115,996.4458,68437,81159,Rhinolophus ferrumequinum,0.023,0.023,-1,Echolocation,/mnt/ubna_data_02_mir/recover-20221013/UBNA_001/20221012_030000.WAV,Telephone Field,recover-20221013,001,1795
996.4605,996.4957,68437,81877,Rhinolophus ferrumequinum,0.02,0.02,-1,Echolocation,/mnt/ubna_data_02_mir/recover-20221013/UBNA_001/20221012_030000.WAV,Telephone Field,recover-20221013,001,1795
996.4915,996.5289,68437,82740,Rhinolophus ferrumequinum,0.021,0.021,-1,Echolocation,/mnt/ubna_data_02_mir/recover-20221013/UBNA_001/20221012_030000.WAV,Telephone Field,recover-20221013,001,1795
996.5105,996.5178,27187,42450,Eptesicus serotinus,0.006,0.021,-1,Echolocation,/mnt/ubna_data_02_mir/recover-20221013/UBNA_001/20221012_030000.WAV,Telephone Field,recover-20221013,001,1795
996.5305,996.5389,50390,56443,Pipistrellus pipistrellus,0.022,0.024,-1,Echolocation,/mnt/ubna_data_02_mir/recover-20221013/UBNA_001/20221012_030000.WAV,Telephone Field,recover-20221013,001,1795
996.5665,996.6061,68437,82894,Rhinolophus ferrumequinum,0.021,0.021,-1,Echolocation,/mnt/ubna_data_02_mir/recover-20221013/UBNA_001/20221012_030000.WAV,Telephone Field,recover-20221013,001,1795
996.5925,996.5998,31484,43083,Myotis daubentonii,0.012,0.037,-1,Echolocation,/mnt/ubna_data_02_mir/recover-20221013/UBNA_001/20221012_030000.WAV,Telephone Field,recover-20221013,001,1795
996.6175,996.6276,24609,30344,Nyctalus leisleri,0.011,0.026,-1,Echolocation,/mnt/ubna_data_02_mir/recover-20221013/UBNA_001/20221012_030000.WAV,Telephone Field,recover-20221013,001,1795
996.6535,996.662,28046,37565,Eptesicus serotinus,0.007,0.021,-1,Echolocation,/mnt/ubna_data_02_mir/recover-20221013/UBNA_001/20221012_030000.WAV,Telephone Field,recover-20221013,001,1795
996.6545,996.6947,68437,82535,Rhinolophus ferrumequinum,0.02,0.02,-1,Echolocation,/mnt/ubna_data_02_mir/recover-20221013/UBNA_001/20221012_030000.WAV,Telephone Field,recover-20221013,001,1795
996.6805,996.6849,34062,48327,Myotis daubentonii,0.007,0.022,-1,Echolocation,/mnt/ubna_data_02_mir/recover-20221013/UBNA_001/20221012_030000.WAV,Telephone Field,recover-20221013,001,1795
996.6815,996.6872,28046,45594,Eptesicus serotinus,0.005,0.024,-1,Echolocation,/mnt/ubna_data_02_mir/recover-20221013/UBNA_001/20221012_030000.WAV,Telephone Field,recover-20221013,001,1795
996.6995,996.707,27187,41751,Eptesicus serotinus,0.007,0.022,-1,Echolocation,/mnt/ubna_data_02_mir/recover-20221013/UBNA_001/20221012_030000.WAV,Telephone Field,recover-20221013,001,1795
996.7115,996.7219,28046,35849,Eptesicus serotinus,0.01,0.022,-1,Echolocation,/mnt/ubna_data_02_mir/recover-20221013/UBNA_001/20221012_030000.WAV,Telephone Field,recover-20221013,001,1795
996.7185,996.7275,26328,35017,Eptesicus serotinus,0.01,0.025,-1,Echolocation,/mnt/ubna_data_02_mir/recover-20221013/UBNA_001/20221012_030000.WAV,Telephone Field,recover-20221013,001,1795
996.7585,996.8003,68437,83570,Rhinolophus ferrumequinum,0.025,0.025,-1,Echolocation,/mnt/ubna_data_02_mir/recover-20221013/UBNA_001/20221012_030000.WAV,Telephone Field,recover-20221013,001,1795
996.8525,996.8901,68437,82041,Rhinolophus ferrumequinum,0.02,0.02,-1,Echolocation,/mnt/ubna_data_02_mir/recover-20221013/UBNA_001/20221012_030000.WAV,Telephone Field,recover-20221013,001,1795
996.8895,996.8972,28046,40550,Eptesicus serotinus,0.006,0.021,-1,Echolocation,/mnt/ubna_data_02_mir/recover-20221013/UBNA_001/20221012_030000.WAV,Telephone Field,recover-20221013,001,1795
996.9425,996.9811,68437,82185,Rhinolophus ferrumequinum,0.021,0.021,-1,Echolocation,/mnt/ubna_data_02_mir/recover-20221013/UBNA_001/20221012_030000.WAV,Telephone Field,recover-20221013,001,1795
996.9505,996.9878,68437,82592,Rhinolophus ferrumequinum,0.022,0.022,-1,Echolocation,/mnt/ubna_data_02_mir/recover-20221013/UBNA_001/20221012_030000.WAV,Telephone Field,recover-20221013,001,1795
996.9515,996.9576,29765,40942,Myotis daubentonii,0.011,0.034,-1,Echolocation,/mnt/ubna_data_02_mir/recover-20221013/UBNA_001/20221012_030000.WAV,Telephone Field,recover-20221013,001,1795
996.9815,997.0216,68437,82025,Rhinolophus ferrumequinum,0.022,0.022,-1,Echolocation,/mnt/ubna_data_02_mir/recover-20221013/UBNA_001/20221012_030000.WAV,Telephone Field,recover-20221013,001,1795
996.9935,996.9999,28046,44533,Eptesicus serotinus,0.008,0.029,-1,Echolocation,/mnt/ubna_data_02_mir/recover-20221013/UBNA_001/20221012_030000.WAV,Telephone Field,recover-20221013,001,1795
997.0435,997.0511,27187,40740,Eptesicus serotinus,0.005,0.022,-1,Echolocation,/mnt/ubna_data_02_mir/recover-20221013/UBNA_001/20221012_030000.WAV,Telephone Field,recover-20221013,001,1795
997.0565,997.0673,22890,27611,Nyctalus leisleri,0.011,0.021,-1,Echolocation,/mnt/ubna_data_02_mir/recover-20221013/UBNA_001/20221012_030000.WAV,Telephone Field,recover-20221013,001,1795
997.0725,997.109,68437,81737,Rhinolophus ferrumequinum,0.021,0.021,-1,Echolocation,/mnt/ubna_data_02_mir/recover-20221013/UBNA_001/20221012_030000.WAV,Telephone Field,recover-20221013,001,1795
997.0745,997.0844,49531,53528,Pipistrellus pipistrellus,0.021,0.023,-1,Echolocation,/mnt/ubna_data_02_mir/recover-20221013/UBNA_001/20221012_030000.WAV,Telephone Field,recover-20221013,001,1795
997.0825,997.1188,68437,81622,Rhinolophus ferrumequinum,0.02,0.02,-1,Echolocation,/mnt/ubna_data_02_mir/recover-20221013/UBNA_001/20221012_030000.WAV,Telephone Field,recover-20221013,001,1795
997.0945,997.1322,68437,81208,Rhinolophus ferrumequinum,0.021,0.021,-1,Echolocation,/mnt/ubna_data_02_mir/recover-20221013/UBNA_001/20221012_030000.WAV,Telephone Field,recover-20221013,001,1795
997.0995,997.1094,23750,30899,Nyctalus leisleri,0.008,0.022,-1,Echolocation,/mnt/ubna_data_02_mir/recover-20221013/UBNA_001/20221012_030000.WAV,Telephone Field,recover-20221013,001,1795
997.1085,997.1465,68437,81738,Rhinolophus ferrumequinum,0.02,0.02,-1,Echolocation,/mnt/ubna_data_02_mir/recover-20221013/UBNA_001/20221012_030000.WAV,Telephone Field,recover-20221013,001,1795
997.1095,997.1201,25468,32050,Eptesicus serotinus,0.008,0.02,-1,Echolocation,/mnt/ubna_data_02_mir/recover-20221013/UBNA_001/20221012_030000.WAV,Telephone Field,recover-20221013,001,1795
997.1445,997.1559,23750,29014,Nyctalus leisleri,0.009,0.02,-1,Echolocation,/mnt/ubna_data_02_mir/recover-20221013/UBNA_001/20221012_030000.WAV,Telephone Field,recover-20221013,001,1795
997.1645,997.1762,24609,29933,Nyctalus leisleri,0.014,0.028,-1,Echolocation,/mnt/ubna_data_02_mir/recover-20221013/UBNA_001/20221012_030000.WAV,Telephone Field,recover-20221013,001,1795
997.2215,997.2564,68437,81221,Rhinolophus ferrumequinum,0.02,0.02,-1,Echolocation,/mnt/ubna_data_02_mir/recover-20221013/UBNA_001/20221012_030000.WAV,Telephone Field,recover-20221013,001,1795
997.2325,997.2446,24609,30785,Nyctalus leisleri,0.017,0.039,-1,Echolocation,/mnt/ubna_data_02_mir/recover-20221013/UBNA_001/20221012_030000.WAV,Telephone Field,recover-20221013,001,1795
997.2585,997.2657,47812,51343,Pipistrellus pipistrellus,0.021,0.022,-1,Echolocation,/mnt/ubna_data_02_mir/recover-20221013/UBNA_001/20221012_030000.WAV,Telephone Field,recover-20221013,001,1795
997.2845,997.2946,14296,21428,Nyctalus noctula,0.009,0.022,-1,Echolocation,/mnt/ubna_data_02_mir/recover-20221013/UBNA_001/20221012_030000.WAV,Telephone Field,recover-20221013,001,1795
997.3495,997.3872,68437,82555,Rhinolophus ferrumequinum,0.02,0.02,-1,Echolocation,/mnt/ubna_data_02_mir/recover-20221013/UBNA_001/20221012_030000.WAV,Telephone Field,recover-20221013,001,1795
997.4135,997.4556,68437,83075,Rhinolophus ferrumequinum,0.026,0.026,-1,Echolocation,/mnt/ubna_data_02_mir/recover-20221013/UBNA_001/20221012_030000.WAV,Telephone Field,recover-20221013,001,1795
997.4175,997.4256,28906,40006,Eptesicus serotinus,0.007,0.021,-1,Echolocation,/mnt/ubna_data_02_mir/recover-20221013/UBNA_001/20221012_030000.WAV,Telephone Field,recover-20221013,001,1795
997.4295,997.4401,22031,26162,Nyctalus leisleri,0.011,0.021,-1,Echolocation,/mnt/ubna_data_02_mir/recover-20221013/UBNA_001/20221012_030000.WAV,Telephone Field,recover-20221013,001,1795
997.4435,997.4502,28906,38344,Eptesicus serotinus,0.008,0.025,-1,Echolocation,/mnt/ubna_data_02_mir/recover-20221013/UBNA_001/20221012_030000.WAV,Telephone Field,recover-20221013,001,1795
997.4725,997.4833,22890,27719,Nyctalus leisleri,0.011,0.022,-1,Echolocation,/mnt/ubna_data_02_mir/recover-20221013/UBNA_001/20221012_030000.WAV,Telephone Field,recover-20221013,001,1795
997.4985,997.5372,68437,81738,Rhinolophus ferrumequinum,0.021,0.021,-1,Echolocation,/mnt/ubna_data_02_mir/recover-20221013/UBNA_001/20221012_030000.WAV,Telephone Field,recover-20221013,001,1795
997.5135,997.555,68437,83093,Rhinolophus ferrumequinum,0.024,0.024,-1,Echolocation,/mnt/ubna_data_02_mir/recover-20221013/UBNA_001/20221012_030000.WAV,Telephone Field,recover-20221013,001,1795
997.5525,997.5898,68437,82037,Rhinolophus ferrumequinum,0.027,0.027,-1,Echolocation,/mnt/ubna_data_02_mir/recover-20221013/UBNA_001/20221012_030000.WAV,Telephone Field,recover-20221013,001,1795
997.5605,997.5704,22031,26754,Nyctalus leisleri,0.01,0.02,-1,Echolocation,/mnt/ubna_data_02_mir/recover-20221013/UBNA_001/20221012_030000.WAV,Telephone Field,recover-20221013,001,1795
997.6005,997.6387,68437,82157,Rhinolophus ferrumequinum,0.023,0.023,-1,Echolocation,/mnt/ubna_data_02_mir/recover-20221013/UBNA_001/20221012_030000.WAV,Telephone Field,recover-20221013,001,1795
997.6225,997.6294,28046,41203,Eptesicus serotinus,0.008,0.028,-1,Echolocation,/mnt/ubna_data_02_mir/recover-20221013/UBNA_001/20221012_030000.WAV,Telephone Field,recover-20221013,001,1795
997.6755,997.7154,68437,82414,Rhinolophus ferrumequinum,0.021,0.021,-1,Echolocation,/mnt/ubna_data_02_mir/recover-20221013/UBNA_001/20221012_030000.WAV,Telephone Field,recover-20221013,001,1795
997.6985,997.7056,27187,39220,Eptesicus serotinus,0.006,0.024,-1,Echolocation,/mnt/ubna_data_02_mir/recover-20221013/UBNA_001/20221012_030000.WAV,Telephone Field,recover-20221013,001,1795
997.7225,997.7297,27187,40227,Eptesicus serotinus,0.007,0.023,-1,Echolocation,/mnt/ubna_data_02_mir/recover-20221013/UBNA_001/20221012_030000.WAV,Telephone Field,recover-20221013,001,1795
997.7715,997.7796,28046,40234,Eptesicus serotinus,0.008,0.023,-1,Echolocation,/mnt/ubna_data_02_mir/recover-20221013/UBNA_001/20221012_030000.WAV,Telephone Field,recover-20221013,001,1795
997.8245,997.8312,28906,39725,Eptesicus serotinus,0.01,0.034,-1,Echolocation,/mnt/ubna_data_02_mir/recover-20221013/UBNA_001/20221012_030000.WAV,Telephone Field,recover-20221013,001,1795
997.8495,997.8861,68437,81942,Rhinolophus ferrumequinum,0.021,0.022,-1,Echolocation,/mnt/ubna_data_02_mir/recover-20221013/UBNA_001/20221012_030000.WAV,Telephone Field,recover-20221013,001,1795
997.8675,997.9046,68437,81689,Rhinolophus ferrumequinum,0.021,0.021,-1,Echolocation,/mnt/ubna_data_02_mir/recover-20221013/UBNA_001/20221012_030000.WAV,Telephone Field,recover-20221013,001,1795
997.9245,997.9634,68437,82426,Rhinolophus ferrumequinum,0.022,0.022,-1,Echolocation,/mnt/ubna_data_02_mir/recover-20221013/UBNA_001/20221012_030000.WAV,Telephone Field,recover-20221013,001,1795
997.9835,997.9941,22031,27440,Nyctalus leisleri,0.01,0.026,-1,Echolocation,/mnt/ubna_data_02_mir/recover-20221013/UBNA_001/20221012_030000.WAV,Telephone Field,recover-20221013,001,1795
998.0015,998.01,35781,43438,Pipistrellus nathusii,0.007,0.024,-1,Echolocation,/mnt/ubna_data_02_mir/recover-20221013/UBNA_001/20221012_030000.WAV,Telephone Field,recover-20221013,001,1795
998.0015,998.01,47812,53932,Pipistrellus pipistrellus,0.017,0.024,-1,Echolocation,/mnt/ubna_data_02_mir/recover-20221013/UBNA_001/20221012_030000.WAV,Telephone Field,recover-20221013,001,1795
998.0015,998.0361,69296,81518,Rhinolophus ferrumequinum,0.025,0.025,-1,Echolocation,/mnt/ubna_data_02_mir/recover-20221013/UBNA_001/20221012_030000.WAV,Telephone Field,recover-20221013,001,1795
998.0015,998.0098,24609,35601,Myotis nattereri,0.006,0.027,-1,Echolocation,/mnt/ubna_data_02_mir/recover-20221013/UBNA_001/20221012_030000.WAV,Telephone Field,recover-20221013,001,1795
998.0465,998.0553,28906,37779,Eptesicus serotinus,0.009,0.024,-1,Echolocation,/mnt/ubna_data_02_mir/recover-20221013/UBNA_001/20221012_030000.WAV,Telephone Field,recover-20221013,001,1795
998.0705,998.1114,68437,83348,Rhinolophus ferrumequinum,0.041,0.041,-1,Echolocation,/mnt/ubna_data_02_mir/recover-20221013/UBNA_001/20221012_030000.WAV,Telephone Field,recover-20221013,001,1795
998.0895,998.0953,50390,55785,Pipistrellus pipistrellus,0.029,0.031,-1,Echolocation,/mnt/ubna_data_02_mir/recover-20221013/UBNA_001/20221012_030000.WAV,Telephone Field,recover-20221013,001,1795
998.1035,998.1401,68437,81526,Rhinolophus ferrumequinum,0.022,0.022,-1,Echolocation,/mnt/ubna_data_02_mir/recover-20221013/UBNA_001/20221012_030000.WAV,Telephone Field,recover-20221013,001,1795
998.1285,998.1368,25468,34332,Eptesicus serotinus,0.008,0.022,-1,Echolocation,/mnt/ubna_data_02_mir/recover-20221013/UBNA_001/20221012_030000.WAV,Telephone Field,recover-20221013,001,1795
998.1665,998.2038,68437,81992,Rhinolophus ferrumequinum,0.022,0.022,-1,Echolocation,/mnt/ubna_data_02_mir/recover-20221013/UBNA_001/20221012_030000.WAV,Telephone Field,recover-20221013,001,1795
998.2035,998.2131,28046,38306,Eptesicus serotinus,0.01,0.023,-1,Echolocation,/mnt/ubna_data_02_mir/recover-20221013/UBNA_001/20221012_030000.WAV,Telephone Field,recover-20221013,001,1795
998.2105,998.2535,68437,83029,Rhinolophus ferrumequinum,0.025,0.025,-1,Echolocation,/mnt/ubna_data_02_mir/recover-20221013/UBNA_001/20221012_030000.WAV,Telephone Field,recover-20221013,001,1795
998.2315,998.2703,68437,82088,Rhinolophus ferrumequinum,0.022,0.022,-1,Echolocation,/mnt/ubna_data_02_mir/recover-20221013/UBNA_001/20221012_030000.WAV,Telephone Field,recover-20221013,001,1795
998.2715,998.3089,68437,81317,Rhinolophus ferrumequinum,0.022,0.022,-1,Echolocation,/mnt/ubna_data_02_mir/recover-20221013/UBNA_001/20221012_030000.WAV,Telephone Field,recover-20221013,001,1795
998.2725,998.2829,34062,42432,Pipistrellus nathusii,0.006,0.024,-1,Echolocation,/mnt/ubna_data_02_mir/recover-20221013/UBNA_001/20221012_030000.WAV,Telephone Field,recover-20221013,001,1795
998.2855,998.2934,28046,38877,Eptesicus serotinus,0.007,0.021,-1,Echolocation,/mnt/ubna_data_02_mir/recover-20221013/UBNA_001/20221012_030000.WAV,Telephone Field,recover-20221013,001,1795
998.2955,998.3349,68437,82600,Rhinolophus ferrumequinum,0.028,0.028,-1,Echolocation,/mnt/ubna_data_02_mir/recover-20221013/UBNA_001/20221012_030000.WAV,Telephone Field,recover-20221013,001,1795
998.3235,998.3323,28046,36887,Eptesicus serotinus,0.007,0.021,-1,Echolocation,/mnt/ubna_data_02_mir/recover-20221013/UBNA_001/20221012_030000.WAV,Telephone Field,recover-20221013,001,1795
998.3315,998.3711,68437,82297,Rhinolophus ferrumequinum,0.026,0.026,-1,Echolocation,/mnt/ubna_data_02_mir/recover-20221013/UBNA_001/20221012_030000.WAV,Telephone Field,recover-20221013,001,1795
998.3575,998.368,22031,26714,Nyctalus leisleri,0.011,0.022,-1,Echolocation,/mnt/ubna_data_02_mir/recover-20221013/UBNA_001/20221012_030000.WAV,Telephone Field,recover-20221013,001,1795
998.3665,998.373,46093,50103,Pipistrellus pipistrellus,0.021,0.021,-1,Echolocation,/mnt/ubna_data_02_mir/recover-20221013/UBNA_001/20221012_030000.WAV,Telephone Field,recover-20221013,001,1795
998.4225,998.4596,68437,81138,Rhinolophus ferrumequinum,0.021,0.021,-1,Echolocation,/mnt/ubna_data_02_mir/recover-20221013/UBNA_001/20221012_030000.WAV,Telephone Field,recover-20221013,001,1795
998.4345,998.4732,68437,82034,Rhinolophus ferrumequinum,0.032,0.032,-1,Echolocation,/mnt/ubna_data_02_mir/recover-20221013/UBNA_001/20221012_030000.WAV,Telephone Field,recover-20221013,001,1795
998.4455,998.4861,68437,82723,Rhinolophus ferrumequinum,0.039,0.039,-1,Echolocation,/mnt/ubna_data_02_mir/recover-20221013/UBNA_001/20221012_030000.WAV,Telephone Field,recover-20221013,001,1795
998.4565,998.4684,22890,27812,Nyctalus leisleri,0.011,0.023,-1,Echolocation,/mnt/ubna_data_02_mir/recover-20221013/UBNA_001/20221012_030000.WAV,Telephone Field,recover-20221013,001,1795
998.4625,998.4742,44375,47695,Pipistrellus pipistrellus,0.025,0.03,-1,Echolocation,/mnt/ubna_data_02_mir/recover-20221013/UBNA_001/20221012_030000.WAV,Telephone Field,recover-20221013,001,1795
998.4865,998.5265,68437,82155,Rhinolophus ferrumequinum,0.033,0.033,-1,Echolocation,/mnt/ubna_data_02_mir/recover-20221013/UBNA_001/20221012_030000.WAV,Telephone Field,recover-20221013,001,1795
998.5905,998.6313,68437,82356,Rhinolophus ferrumequinum,0.024,0.024,-1,Echolocation,/mnt/ubna_data_02_mir/recover-20221013/UBNA_001/20221012_030000.WAV,Telephone Field,recover-20221013,001,1795
998.5925,998.5979,24609,36146,Plecotus austriacus,0.024,0.048,-1,Echolocation,/mnt/ubna_data_02_mir/recover-20221013/UBNA_001/20221012_030000.WAV,Telephone Field,recover-20221013,001,1795
998.6115,998.6299,21171,24090,Nyctalus leisleri,0.016,0.024,-1,Echolocation,/mnt/ubna_data_02_mir/recover-20221013/UBNA_001/20221012_030000.WAV,Telephone Field,recover-20221013,001,1795
998.6355,998.674,68437,82430,Rhinolophus ferrumequinum,0.021,0.021,-1,Echolocation,/mnt/ubna_data_02_mir/recover-20221013/UBNA_001/20221012_030000.WAV,Telephone Field,recover-20221013,001,1795
998.6665,998.7053,68437,82391,Rhinolophus ferrumequinum,0.024,0.024,-1,Echolocation,/mnt/ubna_data_02_mir/recover-20221013/UBNA_001/20221012_030000.WAV,Telephone Field,recover-20221013,001,1795
998.6905,998.7265,68437,81381,Rhinolophus ferrumequinum,0.021,0.021,-1,Echolocation,/mnt/ubna_data_02_mir/recover-20221013/UBNA_001/20221012_030000.WAV,Telephone Field,recover-20221013,001,1795
998.7115,998.7522,68437,82598,Rhinolophus ferrumequinum,0.021,0.021,-1,Echolocation,/mnt/ubna_data_02_mir/recover-20221013/UBNA_001/20221012_030000.WAV,Telephone Field,recover-20221013,001,1795
998.7245,998.7348,22031,26473,Nyctalus leisleri,0.014,0.027,-1,Echolocation,/mnt/ubna_data_02_mir/recover-20221013/UBNA_001/20221012_030000.WAV,Telephone Field,recover-20221013,001,1795
998.7335,998.7715,68437,82951,Rhinolophus ferrumequinum,0.022,0.022,-1,Echolocation,/mnt/ubna_data_02_mir/recover-20221013/UBNA_001/20221012_030000.WAV,Telephone Field,recover-20221013,001,1795
998.7455,998.7821,68437,81437,Rhinolophus ferrumequinum,0.023,0.023,-1,Echolocation,/mnt/ubna_data_02_mir/recover-20221013/UBNA_001/20221012_030000.WAV,Telephone Field,recover-20221013,001,1795
998.7695,998.8092,68437,82128,Rhinolophus ferrumequinum,0.022,0.022,-1,Echolocation,/mnt/ubna_data_02_mir/recover-20221013/UBNA_001/20221012_030000.WAV,Telephone Field,recover-20221013,001,1795
998.8345,998.8454,28906,36099,Eptesicus serotinus,0.009,0.021,-1,Echolocation,/mnt/ubna_data_02_mir/recover-20221013/UBNA_001/20221012_030000.WAV,Telephone Field,recover-20221013,001,1795
998.8495,998.8577,23750,31275,Plecotus austriacus,0.009,0.024,-1,Echolocation,/mnt/ubna_data_02_mir/recover-20221013/UBNA_001/20221012_030000.WAV,Telephone Field,recover-20221013,001,1795
998.8615,998.9019,68437,82223,Rhinolophus ferrumequinum,0.029,0.029,-1,Echolocation,/mnt/ubna_data_02_mir/recover-20221013/UBNA_001/20221012_030000.WAV,Telephone Field,recover-20221013,001,1795
998.8855,998.9212,68437,81700,Rhinolophus ferrumequinum,0.022,0.022,-1,Echolocation,/mnt/ubna_data_02_mir/recover-20221013/UBNA_001/20221012_030000.WAV,Telephone Field,recover-20221013,001,1795
998.8865,998.8941,27187,39934,Eptesicus serotinus,0.009,0.024,-1,Echolocation,/mnt/ubna_data_02_mir/recover-20221013/UBNA_001/20221012_030000.WAV,Telephone Field,recover-20221013,001,1795
998.8985,998.9363,68437,82354,Rhinolophus ferrumequinum,0.022,0.022,-1,Echolocation,/mnt/ubna_data_02_mir/recover-20221013/UBNA_001/20221012_030000.WAV,Telephone Field,recover-20221013,001,1795
998.9065,998.9447,68437,82333,Rhinolophus ferrumequinum,0.021,0.021,-1,Echolocation,/mnt/ubna_data_02_mir/recover-20221013/UBNA_001/20221012_030000.WAV,Telephone Field,recover-20221013,001,1795
998.9225,998.963,68437,83082,Rhinolophus ferrumequinum,0.028,0.028,-1,Echolocation,/mnt/ubna_data_02_mir/recover-20221013/UBNA_001/20221012_030000.WAV,Telephone Field,recover-20221013,001,1795
998.9485,998.9925,68437,83262,Rhinolophus ferrumequinum,0.03,0.03,-1,Echolocation,/mnt/ubna_data_02_mir/recover-20221013/UBNA_001/20221012_030000.WAV,Telephone Field,recover-20221013,001,1795
998.9755,999.0129,68437,81025,Rhinolophus ferrumequinum,0.047,0.047,-1,Echolocation,/mnt/ubna_data_02_mir/recover-20221013/UBNA_001/20221012_030000.WAV,Telephone Field,recover-20221013,001,1795
998.9935,999.0025,27187,36256,Eptesicus serotinus,0.008,0.021,-1,Echolocation,/mnt/ubna_data_02_mir/recover-20221013/UBNA_001/20221012_030000.WAV,Telephone Field,recover-20221013,001,1795
999.0075,999.0467,68437,82188,Rhinolophus ferrumequinum,0.022,0.022,-1,Echolocation,/mnt/ubna_data_02_mir/recover-20221013/UBNA_001/20221012_030000.WAV,Telephone Field,recover-20221013,001,1795
999.0235,999.0636,68437,82303,Rhinolophus ferrumequinum,0.022,0.022,-1,Echolocation,/mnt/ubna_data_02_mir/recover-20221013/UBNA_001/20221012_030000.WAV,Telephone Field,recover-20221013,001,1795
999.0745,999.0815,26328,35784,Eptesicus serotinus,0.007,0.022,-1,Echolocation,/mnt/ubna_data_02_mir/recover-20221013/UBNA_001/20221012_030000.WAV,Telephone Field,recover-20221013,001,1795
999.1095,999.1187,28046,37277,Eptesicus serotinus,0.008,0.022,-1,Echolocation,/mnt/ubna_data_02_mir/recover-20221013/UBNA_001/20221012_030000.WAV,Telephone Field,recover-20221013,001,1795
999.1165,999.1258,28046,36284,Eptesicus serotinus,0.008,0.022,-1,Echolocation,/mnt/ubna_data_02_mir/recover-20221013/UBNA_001/20221012_030000.WAV,Telephone Field,recover-20221013,001,1795
999.1255,999.1626,68437,81785,Rhinolophus ferrumequinum,0.021,0.021,-1,Echolocation,/mnt/ubna_data_02_mir/recover-20221013/UBNA_001/20221012_030000.WAV,Telephone Field,recover-20221013,001,1795
999.1725,999.1809,28046,39643,Eptesicus serotinus,0.009,0.023,-1,Echolocation,/mnt/ubna_data_02_mir/recover-20221013/UBNA_001/20221012_030000.WAV,Telephone Field,recover-20221013,001,1795
999.1775,999.2182,68437,82216,Rhinolophus ferrumequinum,0.026,0.026,-1,Echolocation,/mnt/ubna_data_02_mir/recover-20221013/UBNA_001/20221012_030000.WAV,Telephone Field,recover-20221013,001,1795
999.2535,999.2949,68437,82820,Rhinolophus ferrumequinum,0.027,0.027,-1,Echolocation,/mnt/ubna_data_02_mir/recover-20221013/UBNA_001/20221012_030000.WAV,Telephone Field,recover-20221013,001,1795
999.2585,999.2658,28046,39198,Eptesicus serotinus,0.008,0.023,-1,Echolocation,/mnt/ubna_data_02_mir/recover-20221013/UBNA_001/20221012_030000.WAV,Telephone Field,recover-20221013,001,1795
999.2725,999.3094,68437,81983,Rhinolophus ferrumequinum,0.024,0.025,-1,Echolocation,/mnt/ubna_data_02_mir/recover-20221013/UBNA_001/20221012_030000.WAV,Telephone Field,recover-20221013,001,1795
999.3055,999.344,68437,81331,Rhinolophus ferrumequinum,0.021,0.021,-1,Echolocation,/mnt/ubna_data_02_mir/recover-20221013/UBNA_001/20221012_030000.WAV,Telephone Field,recover-20221013,001,1795
999.3145,999.3495,68437,81430,Rhinolophus ferrumequinum,0.023,0.023,-1,Echolocation,/mnt/ubna_data_02_mir/recover-20221013/UBNA_001/20221012_030000.WAV,Telephone Field,recover-20221013,001,1795
999.3185,999.3285,22031,27793,Plecotus austriacus,0.009,0.027,-1,Echolocation,/mnt/ubna_data_02_mir/recover-20221013/UBNA_001/20221012_030000.WAV,Telephone Field,recover-20221013,001,1795
999.3335,999.3722,68437,81571,Rhinolophus ferrumequinum,0.021,0.021,-1,Echolocation,/mnt/ubna_data_02_mir/recover-20221013/UBNA_001/20221012_030000.WAV,Telephone Field,recover-20221013,001,1795
999.3705,999.3768,24609,36798,Plecotus austriacus,0.011,0.028,-1,Echolocation,/mnt/ubna_data_02_mir/recover-20221013/UBNA_001/20221012_030000.WAV,Telephone Field,recover-20221013,001,1795
999.3775,999.4226,68437,83169,Rhinolophus ferrumequinum,0.114,0.114,-1,Echolocation,/mnt/ubna_data_02_mir/recover-20221013/UBNA_001/20221012_030000.WAV,Telephone Field,recover-20221013,001,1795
999.4305,999.4689,68437,82485,Rhinolophus ferrumequinum,0.022,0.022,-1,Echolocation,/mnt/ubna_data_02_mir/recover-20221013/UBNA_001/20221012_030000.WAV,Telephone Field,recover-20221013,001,1795
999.4495,999.4884,68437,82716,Rhinolophus ferrumequinum,0.023,0.023,-1,Echolocation,/mnt/ubna_data_02_mir/recover-20221013/UBNA_001/20221012_030000.WAV,Telephone Field,recover-20221013,001,1795
999.4915,999.5268,68437,81038,Rhinolophus ferrumequinum,0.022,0.022,-1,Echolocation,/mnt/ubna_data_02_mir/recover-20221013/UBNA_001/20221012_030000.WAV,Telephone Field,recover-20221013,001,1795
999.5205,999.5612,68437,82426,Rhinolophus ferrumequinum,0.023,0.023,-1,Echolocation,/mnt/ubna_data_02_mir/recover-20221013/UBNA_001/20221012_030000.WAV,Telephone Field,recover-20221013,001,1795
999.5255,999.5343,26328,34668,Eptesicus serotinus,0.008,0.021,-1,Echolocation,/mnt/ubna_data_02_mir/recover-20221013/UBNA_001/20221012_030000.WAV,Telephone Field,recover-20221013,001,1795
999.5635,999.6002,68437,81765,Rhinolophus ferrumequinum,0.022,0.022,-1,Echolocation,/mnt/ubna_data_02_mir/recover-20221013/UBNA_001/20221012_030000.WAV,Telephone Field,recover-20221013,001,1795
999.5935,999.6331,68437,81990,Rhinolophus ferrumequinum,0.024,0.024,-1,Echolocation,/mnt/ubna_data_02_mir/recover-20221013/UBNA_001/20221012_030000.WAV,Telephone Field,recover-20221013,001,1795
999.6065,999.6459,68437,81819,Rhinolophus ferrumequinum,0.021,0.021,-1,Echolocation,/mnt/ubna_data_02_mir/recover-20221013/UBNA_001/20221012_030000.WAV,Telephone Field,recover-20221013,001,1795
999.6145,999.6539,68437,81912,Rhinolophus ferrumequinum,0.022,0.022,-1,Echolocation,/mnt/ubna_data_02_mir/recover-20221013/UBNA_001/20221012_030000.WAV,Telephone Field,recover-20221013,001,1795
999.6325,999.6438,49531,53373,Pipistrellus pipistrellus,0.052,0.061,-1,Echolocation,/mnt/ubna_data_02_mir/recover-20221013/UBNA_001/20221012_030000.WAV,Telephone Field,recover-20221013,001,1795
999.7095,999.7178,28046,37134,Eptesicus serotinus,0.008,0.021,-1,Echolocation,/mnt/ubna_data_02_mir/recover-20221013/UBNA_001/20221012_030000.WAV,Telephone Field,recover-20221013,001,1795
999.7115,999.7218,22890,28412,Nyctalus leisleri,0.01,0.023,-1,Echolocation,/mnt/ubna_data_02_mir/recover-20221013/UBNA_001/20221012_030000.WAV,Telephone Field,recover-20221013,001,1795
999.7135,999.7506,68437,81836,Rhinolophus ferrumequinum,0.021,0.021,-1,Echolocation,/mnt/ubna_data_02_mir/recover-20221013/UBNA_001/20221012_030000.WAV,Telephone Field,recover-20221013,001,1795
999.7145,999.7239,38359,46907,Pipistrellus nathusii,0.008,0.022,-1,Echolocation,/mnt/ubna_data_02_mir/recover-20221013/UBNA_001/20221012_030000.WAV,Telephone Field,recover-20221013,001,1795
999.7185,999.7561,68437,81610,Rhinolophus ferrumequinum,0.021,0.021,-1,Echolocation,/mnt/ubna_data_02_mir/recover-20221013/UBNA_001/20221012_030000.WAV,Telephone Field,recover-20221013,001,1795
999.7335,999.7746,68437,82770,Rhinolophus ferrumequinum,0.023,0.023,-1,Echolocation,/mnt/ubna_data_02_mir/recover-20221013/UBNA_001/20221012_030000.WAV,Telephone Field,recover-20221013,001,1795
999.7835,999.822,68437,82229,Rhinolophus ferrumequinum,0.021,0.021,-1,Echolocation,/mnt/ubna_data_02_mir/recover-20221013/UBNA_001/20221012_030000.WAV,Telephone Field,recover-20221013,001,1795
999.7905,999.7982,27187,39243,Eptesicus serotinus,0.007,0.021,-1,Echolocation,/mnt/ubna_data_02_mir/recover-20221013/UBNA_001/20221012_030000.WAV,Telephone Field,recover-20221013,001,1795
999.8035,999.8148,22890,27650,Nyctalus leisleri,0.011,0.024,-1,Echolocation,/mnt/ubna_data_02_mir/recover-20221013/UBNA_001/20221012_030000.WAV,Telephone Field,recover-20221013,001,1795
999.8055,999.8424,68437,81648,Rhinolophus ferrumequinum,0.021,0.021,-1,Echolocation,/mnt/ubna_data_02_mir/recover-20221013/UBNA_001/20221012_030000.WAV,Telephone Field,recover-20221013,001,1795
999.8205,999.8588,68437,82147,Rhinolophus ferrumequinum,0.021,0.021,-1,Echolocation,/mnt/ubna_data_02_mir/recover-20221013/UBNA_001/20221012_030000.WAV,Telephone Field,recover-20221013,001,1795
999.8405,999.8494,28906,40419,Eptesicus serotinus,0.007,0.021,-1,Echolocation,/mnt/ubna_data_02_mir/recover-20221013/UBNA_001/20221012_030000.WAV,Telephone Field,recover-20221013,001,1795
999.8405,999.8832,68437,83450,Rhinolophus ferrumequinum,0.029,0.029,-1,Echolocation,/mnt/ubna_data_02_mir/recover-20221013/UBNA_001/20221012_030000.WAV,Telephone Field,recover-20221013,001,1795
999.9155,999.9555,68437,82559,Rhinolophus ferrumequinum,0.022,0.022,-1,Echolocation,/mnt/ubna_data_02_mir/recover-20221013/UBNA_001/20221012_030000.WAV,Telephone Field,recover-20221013,001,1795
999.9375,999.9483,28906,36387,Eptesicus serotinus,0.012,0.026,-1,Echolocation,/mnt/ubna_data_02_mir/recover-20221013/UBNA_001/20221012_030000.WAV,Telephone Field,recover-20221013,001,1795
999.9505,999.9924,68437,83132,Rhinolophus ferrumequinum,0.037,0.037,-1,Echolocation,/mnt/ubna_data_02_mir/recover-20221013/UBNA_001/20221012_030000.WAV,Telephone Field,recover-20221013,001,1795
999.9845,999.9998,37500,40781,Pipistrellus nathusii,0.02,0.036,-1,Echolocation,/mnt/ubna_data_02_mir/recover-20221013/UBNA_001/20221012_030000.WAV,Telephone Field,recover-20221013,001,1795
1000.0015,1000.0126,22031,28190,Nyctalus leisleri,0.012,0.03,-1,Echolocation,/mnt/ubna_data_02_mir/recover-20221013/UBNA_001/20221012_030000.WAV,Telephone Field,recover-20221013,001,1795
1000.0015,1000.0346,68437,79966,Rhinolophus ferrumequinum,0.027,0.028,-1,Echolocation,/mnt/ubna_data_02_mir/recover-20221013/UBNA_001/20221012_030000.WAV,Telephone Field,recover-20221013,001,1795
1000.0015,1000.0091,46093,51582,Pipistrellus pipistrellus,0.019,0.023,-1,Echolocation,/mnt/ubna_data_02_mir/recover-20221013/UBNA_001/20221012_030000.WAV,Telephone Field,recover-20221013,001,1795
1000.0165,1000.0569,68437,81546,Rhinolophus ferrumequinum,0.022,0.022,-1,Echolocation,/mnt/ubna_data_02_mir/recover-20221013/UBNA_001/20221012_030000.WAV,Telephone Field,recover-20221013,001,1795
1000.0255,1000.0333,26328,35610,Eptesicus serotinus,0.008,0.024,-1,Echolocation,/mnt/ubna_data_02_mir/recover-20221013/UBNA_001/20221012_030000.WAV,Telephone Field,recover-20221013,001,1795
1000.0425,1000.0829,68437,81975,Rhinolophus ferrumequinum,0.021,0.021,-1,Echolocation,/mnt/ubna_data_02_mir/recover-20221013/UBNA_001/20221012_030000.WAV,Telephone Field,recover-20221013,001,1795
1000.1345,1000.1768,68437,83597,Rhinolophus ferrumequinum,0.033,0.033,-1,Echolocation,/mnt/ubna_data_02_mir/recover-20221013/UBNA_001/20221012_030000.WAV,Telephone Field,recover-20221013,001,1795
1000.1625,1000.201,68437,81821,Rhinolophus ferrumequinum,0.021,0.021,-1,Echolocation,/mnt/ubna_data_02_mir/recover-20221013/UBNA_001/20221012_030000.WAV,Telephone Field,recover-20221013,001,1795
1000.2075,1000.2458,68437,81380,Rhinolophus ferrumequinum,0.023,0.023,-1,Echolocation,/mnt/ubna_data_02_mir/recover-20221013/UBNA_001/20221012_030000.WAV,Telephone Field,recover-20221013,001,1795
1000.2165,1000.2271,22031,26442,Nyctalus leisleri,0.011,0.022,-1,Echolocation,/mnt/ubna_data_02_mir/recover-20221013/UBNA_001/20221012_030000.WAV,Telephone Field,recover-20221013,001,1795
1000.2365,1000.2784,68437,82779,Rhinolophus ferrumequinum,0.025,0.025,-1,Echolocation,/mnt/ubna_data_02_mir/recover-20221013/UBNA_001/20221012_030000.WAV,Telephone Field,recover-20221013,001,1795
1000.2535,1000.2646,22890,28437,Nyctalus leisleri,0.012,0.025,-1,Echolocation,/mnt/ubna_data_02_mir/recover-20221013/UBNA_001/20221012_030000.WAV,Telephone Field,recover-20221013,001,1795
1000.2625,1000.2703,28906,39372,Eptesicus serotinus,0.007,0.022,-1,Echolocation,/mnt/ubna_data_02_mir/recover-20221013/UBNA_001/20221012_030000.WAV,Telephone Field,recover-20221013,001,1795
1000.3285,1000.3377,15156,24149,Plecotus auritus,0.011,0.03,-1,Echolocation,/mnt/ubna_data_02_mir/recover-20221013/UBNA_001/20221012_030000.WAV,Telephone Field,recover-20221013,001,1795
1000.3335,1000.3716,68437,81937,Rhinolophus ferrumequinum,0.024,0.024,-1,Echolocation,/mnt/ubna_data_02_mir/recover-20221013/UBNA_001/20221012_030000.WAV,Telephone Field,recover-20221013,001,1795
1000.3415,1000.3809,68437,82475,Rhinolophus ferrumequinum,0.029,0.029,-1,Echolocation,/mnt/ubna_data_02_mir/recover-20221013/UBNA_001/20221012_030000.WAV,Telephone Field,recover-20221013,001,1795
1000.3995,1000.4411,68437,82779,Rhinolophus ferrumequinum,0.022,0.022,-1,Echolocation,/mnt/ubna_data_02_mir/recover-20221013/UBNA_001/20221012_030000.WAV,Telephone Field,recover-20221013,001,1795
1000.4135,1000.4265,39218,42843,Pipistrellus nathusii,0.047,0.057,-1,Echolocation,/mnt/ubna_data_02_mir/recover-20221013/UBNA_001/20221012_030000.WAV,Telephone Field,recover-20221013,001,1795
1000.4685,1000.479,24609,30687,Nyctalus leisleri,0.01,0.023,-1,Echolocation,/mnt/ubna_data_02_mir/recover-20221013/UBNA_001/20221012_030000.WAV,Telephone Field,recover-20221013,001,1795
1000.4845,1000.5242,68437,82642,Rhinolophus ferrumequinum,0.026,0.026,-1,Echolocation,/mnt/ubna_data_02_mir/recover-20221013/UBNA_001/20221012_030000.WAV,Telephone Field,recover-20221013,001,1795
1000.5375,1000.5767,68437,82489,Rhinolophus ferrumequinum,0.037,0.037,-1,Echolocation,/mnt/ubna_data_02_mir/recover-20221013/UBNA_001/20221012_030000.WAV,Telephone Field,recover-20221013,001,1795
1000.5785,1000.6136,68437,82111,Rhinolophus ferrumequinum,0.025,0.025,-1,Echolocation,/mnt/ubna_data_02_mir/recover-20221013/UBNA_001/20221012_030000.WAV,Telephone Field,recover-20221013,001,1795
1000.5865,1000.6269,68437,82133,Rhinolophus ferrumequinum,0.022,0.022,-1,Echolocation,/mnt/ubna_data_02_mir/recover-20221013/UBNA_001/20221012_030000.WAV,Telephone Field,recover-20221013,001,1795
1000.6225,1000.6327,28906,36759,Eptesicus serotinus,0.011,0.025,-1,Echolocation,/mnt/ubna_data_02_mir/recover-20221013/UBNA_001/20221012_030000.WAV,Telephone Field,recover-20221013,001,1795
1000.6435,1000.6831999999999,68437,82495,Rhinolophus ferrumequinum,0.022,0.022,-1,Echolocation,/mnt/ubna_data_02_mir/recover-20221013/UBNA_001/20221012_030000.WAV,Telephone Field,recover-20221013,001,1795
1000.6665,1000.7019,68437,81328,Rhinolophus ferrumequinum,0.021,0.021,-1,Echolocation,/mnt/ubna_data_02_mir/recover-20221013/UBNA_001/20221012_030000.WAV,Telephone Field,recover-20221013,001,1795
1000.6975,1000.7062,26328,34955,Eptesicus serotinus,0.007,0.022,-1,Echolocation,/mnt/ubna_data_02_mir/recover-20221013/UBNA_001/20221012_030000.WAV,Telephone Field,recover-20221013,001,1795
1000.7105,1000.7198,29765,38248,Eptesicus serotinus,0.009,0.024,-1,Echolocation,/mnt/ubna_data_02_mir/recover-20221013/UBNA_001/20221012_030000.WAV,Telephone Field,recover-20221013,001,1795
1000.7235,1000.7618,68437,82472,Rhinolophus ferrumequinum,0.022,0.022,-1,Echolocation,/mnt/ubna_data_02_mir/recover-20221013/UBNA_001/20221012_030000.WAV,Telephone Field,recover-20221013,001,1795
1000.7435,1000.7831,68437,83056,Rhinolophus ferrumequinum,0.029,0.029,-1,Echolocation,/mnt/ubna_data_02_mir/recover-20221013/UBNA_001/20221012_030000.WAV,Telephone Field,recover-20221013,001,1795
1000.8365,1000.8743,68437,82477,Rhinolophus ferrumequinum,0.022,0.022,-1,Echolocation,/mnt/ubna_data_02_mir/recover-20221013/UBNA_001/20221012_030000.WAV,Telephone Field,recover-20221013,001,1795
1000.8365,1000.8454,28046,37627,Eptesicus serotinus,0.008,0.022,-1,Echolocation,/mnt/ubna_data_02_mir/recover-20221013/UBNA_001/20221012_030000.WAV,Telephone Field,recover-20221013,001,1795
1000.8555,1000.8973,68437,82581,Rhinolophus ferrumequinum,0.042,0.042,-1,Echolocation,/mnt/ubna_data_02_mir/recover-20221013/UBNA_001/20221012_030000.WAV,Telephone Field,recover-20221013,001,1795
1000.8815,1000.8917,22031,27124,Nyctalus leisleri,0.011,0.025,-1,Echolocation,/mnt/ubna_data_02_mir/recover-20221013/UBNA_001/20221012_030000.WAV,Telephone Field,recover-20221013,001,1795
1000.9065,1000.9471,68437,82262,Rhinolophus ferrumequinum,0.023,0.023,-1,Echolocation,/mnt/ubna_data_02_mir/recover-20221013/UBNA_001/20221012_030000.WAV,Telephone Field,recover-20221013,001,1795
1000.9895,1001.0275,68437,82400,Rhinolophus ferrumequinum,0.022,0.022,-1,Echolocation,/mnt/ubna_data_02_mir/recover-20221013/UBNA_001/20221012_030000.WAV,Telephone Field,recover-20221013,001,1795
1001.0165,1001.0267,27187,33980,Eptesicus serotinus,0.012,0.025,-1,Echolocation,/mnt/ubna_data_02_mir/recover-20221013/UBNA_001/20221012_030000.WAV,Telephone Field,recover-20221013,001,1795
1001.0255,1001.062,68437,81440,Rhinolophus ferrumequinum,0.021,0.021,-1,Echolocation,/mnt/ubna_data_02_mir/recover-20221013/UBNA_001/20221012_030000.WAV,Telephone Field,recover-20221013,001,1795
1001.0475,1001.0874,68437,82289,Rhinolophus ferrumequinum,0.023,0.023,-1,Echolocation,/mnt/ubna_data_02_mir/recover-20221013/UBNA_001/20221012_030000.WAV,Telephone Field,recover-20221013,001,1795
1001.1085,1001.1157,26328,35935,Eptesicus serotinus,0.009,0.025,-1,Echolocation,/mnt/ubna_data_02_mir/recover-20221013/UBNA_001/20221012_030000.WAV,Telephone Field,recover-20221013,001,1795
1001.1205,1001.1631,68437,83112,Rhinolophus ferrumequinum,0.027,0.027,-1,Echolocation,/mnt/ubna_data_02_mir/recover-20221013/UBNA_001/20221012_030000.WAV,Telephone Field,recover-20221013,001,1795
1001.1455,1001.1826,68437,82913,Rhinolophus ferrumequinum,0.027,0.027,-1,Echolocation,/mnt/ubna_data_02_mir/recover-20221013/UBNA_001/20221012_030000.WAV,Telephone Field,recover-20221013,001,1795
1001.1745,1001.1851,22890,28194,Nyctalus leisleri,0.013,0.025,-1,Echolocation,/mnt/ubna_data_02_mir/recover-20221013/UBNA_001/20221012_030000.WAV,Telephone Field,recover-20221013,001,1795
1001.1775,1001.2166,68437,82375,Rhinolophus ferrumequinum,0.022,0.022,-1,Echolocation,/mnt/ubna_data_02_mir/recover-20221013/UBNA_001/20221012_030000.WAV,Telephone Field,recover-20221013,001,1795
1001.1825,1001.2214,68437,82101,Rhinolophus ferrumequinum,0.022,0.022,-1,Echolocation,/mnt/ubna_data_02_mir/recover-20221013/UBNA_001/20221012_030000.WAV,Telephone Field,recover-20221013,001,1795
1001.1895,1001.2029,23750,28145,Nyctalus leisleri,0.013,0.024,-1,Echolocation,/mnt/ubna_data_02_mir/recover-20221013/UBNA_001/20221012_030000.WAV,Telephone Field,recover-20221013,001,1795
1001.1955,1001.2317,68437,81789,Rhinolophus ferrumequinum,0.022,0.022,-1,Echolocation,/mnt/ubna_data_02_mir/recover-20221013/UBNA_001/20221012_030000.WAV,Telephone Field,recover-20221013,001,1795
1001.2395,1001.2488,21171,26989,Plecotus austriacus,0.01,0.024,-1,Echolocation,/mnt/ubna_data_02_mir/recover-20221013/UBNA_001/20221012_030000.WAV,Telephone Field,recover-20221013,001,1795
1001.2435,1001.2806,68437,81842,Rhinolophus ferrumequinum,0.022,0.022,-1,Echolocation,/mnt/ubna_data_02_mir/recover-20221013/UBNA_001/20221012_030000.WAV,Telephone Field,recover-20221013,001,1795
1001.2765,1001.2834,50390,56742,Pipistrellus pipistrellus,0.018,0.021,-1,Echolocation,/mnt/ubna_data_02_mir/recover-20221013/UBNA_001/20221012_030000.WAV,Telephone Field,recover-20221013,001,1795
1001.2915,1001.3293,68437,82094,Rhinolophus ferrumequinum,0.022,0.022,-1,Echolocation,/mnt/ubna_data_02_mir/recover-20221013/UBNA_001/20221012_030000.WAV,Telephone Field,recover-20221013,001,1795
1001.3055,1001.3446,68437,82549,Rhinolophus ferrumequinum,0.026,0.026,-1,Echolocation,/mnt/ubna_data_02_mir/recover-20221013/UBNA_001/20221012_030000.WAV,Telephone Field,recover-20221013,001,1795
1001.3215,1001.3616,68437,82307,Rhinolophus ferrumequinum,0.022,0.022,-1,Echolocation,/mnt/ubna_data_02_mir/recover-20221013/UBNA_001/20221012_030000.WAV,Telephone Field,recover-20221013,001,1795
1001.3315,1001.3696,68437,82502,Rhinolophus ferrumequinum,0.021,0.021,-1,Echolocation,/mnt/ubna_data_02_mir/recover-20221013/UBNA_001/20221012_030000.WAV,Telephone Field,recover-20221013,001,1795
1001.3415,1001.3482,26328,37473,Eptesicus serotinus,0.006,0.022,-1,Echolocation,/mnt/ubna_data_02_mir/recover-20221013/UBNA_001/20221012_030000.WAV,Telephone Field,recover-20221013,001,1795
1001.3675,1001.3737,24609,37603,Plecotus austriacus,0.018,0.041,-1,Echolocation,/mnt/ubna_data_02_mir/recover-20221013/UBNA_001/20221012_030000.WAV,Telephone Field,recover-20221013,001,1795
1001.3675,1001.4054,68437,82611,Rhinolophus ferrumequinum,0.022,0.022,-1,Echolocation,/mnt/ubna_data_02_mir/recover-20221013/UBNA_001/20221012_030000.WAV,Telephone Field,recover-20221013,001,1795
1001.3935,1001.402,28906,36821,Eptesicus serotinus,0.021,0.043,-1,Echolocation,/mnt/ubna_data_02_mir/recover-20221013/UBNA_001/20221012_030000.WAV,Telephone Field,recover-20221013,001,1795
1001.3975,1001.4338,68437,81637,Rhinolophus ferrumequinum,0.022,0.022,-1,Echolocation,/mnt/ubna_data_02_mir/recover-20221013/UBNA_001/20221012_030000.WAV,Telephone Field,recover-20221013,001,1795
1001.4255,1001.4665,68437,82630,Rhinolophus ferrumequinum,0.021,0.021,-1,Echolocation,/mnt/ubna_data_02_mir/recover-20221013/UBNA_001/20221012_030000.WAV,Telephone Field,recover-20221013,001,1795
1001.4495,1001.4875,68437,82172,Rhinolophus ferrumequinum,0.023,0.023,-1,Echolocation,/mnt/ubna_data_02_mir/recover-20221013/UBNA_001/20221012_030000.WAV,Telephone Field,recover-20221013,001,1795
1001.5875,1001.6003,51250,55718,Pipistrellus pipistrellus,0.014,0.022,-1,Echolocation,/mnt/ubna_data_02_mir/recover-20221013/UBNA_001/20221012_030000.WAV,Telephone Field,recover-20221013,001,1795
1001.5915,1001.6328,68437,82551,Rhinolophus ferrumequinum,0.024,0.024,-1,Echolocation,/mnt/ubna_data_02_mir/recover-20221013/UBNA_001/20221012_030000.WAV,Telephone Field,recover-20221013,001,1795
1001.6225,1001.6605,68437,81866,Rhinolophus ferrumequinum,0.023,0.023,-1,Echolocation,/mnt/ubna_data_02_mir/recover-20221013/UBNA_001/20221012_030000.WAV,Telephone Field,recover-20221013,001,1795
1001.6245,1001.6332,22890,29793,Plecotus austriacus,0.008,0.021,-1,Echolocation,/mnt/ubna_data_02_mir/recover-20221013/UBNA_001/20221012_030000.WAV,Telephone Field,recover-20221013,001,1795
1001.6295,1001.6673,68437,82067,Rhinolophus ferrumequinum,0.021,0.021,-1,Echolocation,/mnt/ubna_data_02_mir/recover-20221013/UBNA_001/20221012_030000.WAV,Telephone Field,recover-20221013,001,1795
1001.6525,1001.6668,32343,37733,Eptesicus serotinus,0.009,0.025,-1,Echolocation,/mnt/ubna_data_02_mir/recover-20221013/UBNA_001/20221012_030000.WAV,Telephone Field,recover-20221013,001,1795
1001.7275,1001.7599,68437,80394,Rhinolophus ferrumequinum,0.028,0.028,-1,Echolocation,/mnt/ubna_data_02_mir/recover-20221013/UBNA_001/20221012_030000.WAV,Telephone Field,recover-20221013,001,1795
1001.7365,1001.7702,68437,81496,Rhinolophus ferrumequinum,0.021,0.021,-1,Echolocation,/mnt/ubna_data_02_mir/recover-20221013/UBNA_001/20221012_030000.WAV,Telephone Field,recover-20221013,001,1795
1001.7875,1001.7977,27187,35598,Eptesicus serotinus,0.011,0.023,-1,Echolocation,/mnt/ubna_data_02_mir/recover-20221013/UBNA_001/20221012_030000.WAV,Telephone Field,recover-20221013,001,1795
1001.8095,1001.8457,68437,81908,Rhinolophus ferrumequinum,0.023,0.023,-1,Echolocation,/mnt/ubna_data_02_mir/recover-20221013/UBNA_001/20221012_030000.WAV,Telephone Field,recover-20221013,001,1795
1001.8295,1001.8396,28906,38002,Eptesicus serotinus,0.011,0.027,-1,Echolocation,/mnt/ubna_data_02_mir/recover-20221013/UBNA_001/20221012_030000.WAV,Telephone Field,recover-20221013,001,1795
1001.8405,1001.8784,68437,81731,Rhinolophus ferrumequinum,0.026,0.026,-1,Echolocation,/mnt/ubna_data_02_mir/recover-20221013/UBNA_001/20221012_030000.WAV,Telephone Field,recover-20221013,001,1795
1001.8415,1001.8514,23750,30488,Nyctalus leisleri,0.008,0.023,-1,Echolocation,/mnt/ubna_data_02_mir/recover-20221013/UBNA_001/20221012_030000.WAV,Telephone Field,recover-20221013,001,1795
1001.8525,1001.8899,68437,81923,Rhinolophus ferrumequinum,0.023,0.023,-1,Echolocation,/mnt/ubna_data_02_mir/recover-20221013/UBNA_001/20221012_030000.WAV,Telephone Field,recover-20221013,001,1795
1001.8595,1001.8993,68437,82281,Rhinolophus ferrumequinum,0.021,0.021,-1,Echolocation,/mnt/ubna_data_02_mir/recover-20221013/UBNA_001/20221012_030000.WAV,Telephone Field,recover-20221013,001,1795
1001.8605,1001.8673,28046,39621,Eptesicus serotinus,0.006,0.024,-1,Echolocation,/mnt/ubna_data_02_mir/recover-20221013/UBNA_001/20221012_030000.WAV,Telephone Field,recover-20221013,001,1795
1001.8715,1001.9086,68437,82600,Rhinolophus ferrumequinum,0.023,0.023,-1,Echolocation,/mnt/ubna_data_02_mir/recover-20221013/UBNA_001/20221012_030000.WAV,Telephone Field,recover-20221013,001,1795
1001.9145,1001.9213,28046,39587,Eptesicus serotinus,0.008,0.026,-1,Echolocation,/mnt/ubna_data_02_mir/recover-20221013/UBNA_001/20221012_030000.WAV,Telephone Field,recover-20221013,001,1795
1001.9305,1001.9393,24609,32755,Eptesicus serotinus,0.006,0.021,-1,Echolocation,/mnt/ubna_data_02_mir/recover-20221013/UBNA_001/20221012_030000.WAV,Telephone Field,recover-20221013,001,1795
1001.9355,1001.9735,68437,82037,Rhinolophus ferrumequinum,0.021,0.021,-1,Echolocation,/mnt/ubna_data_02_mir/recover-20221013/UBNA_001/20221012_030000.WAV,Telephone Field,recover-20221013,001,1795
1001.9775,1001.9845,31484,48607,Myotis daubentonii,0.008,0.021,-1,Echolocation,/mnt/ubna_data_02_mir/recover-20221013/UBNA_001/20221012_030000.WAV,Telephone Field,recover-20221013,001,1795
1002.0015,1002.0094,27187,40351,Eptesicus serotinus,0.007,0.03,-1,Echolocation,/mnt/ubna_data_02_mir/recover-20221013/UBNA_001/20221012_030000.WAV,Telephone Field,recover-20221013,001,1795
1002.0015,1002.0359,69296,83161,Rhinolophus ferrumequinum,0.046,0.046,-1,Echolocation,/mnt/ubna_data_02_mir/recover-20221013/UBNA_001/20221012_030000.WAV,Telephone Field,recover-20221013,001,1795
1002.0015,1002.0101,22031,29176,Nyctalus leisleri,0.009,0.026,-1,Echolocation,/mnt/ubna_data_02_mir/recover-20221013/UBNA_001/20221012_030000.WAV,Telephone Field,recover-20221013,001,1795
1002.0105,1002.0536,68437,83034,Rhinolophus ferrumequinum,0.033,0.033,-1,Echolocation,/mnt/ubna_data_02_mir/recover-20221013/UBNA_001/20221012_030000.WAV,Telephone Field,recover-20221013,001,1795
1002.0815,1002.0882,26328,36311,Eptesicus serotinus,0.006,0.023,-1,Echolocation,/mnt/ubna_data_02_mir/recover-20221013/UBNA_001/20221012_030000.WAV,Telephone Field,recover-20221013,001,1795
1002.1115,1002.1501,68437,82859,Rhinolophus ferrumequinum,0.029,0.029,-1,Echolocation,/mnt/ubna_data_02_mir/recover-20221013/UBNA_001/20221012_030000.WAV,Telephone Field,recover-20221013,001,1795
1002.1795,1002.2171,68437,81764,Rhinolophus ferrumequinum,0.022,0.022,-1,Echolocation,/mnt/ubna_data_02_mir/recover-20221013/UBNA_001/20221012_030000.WAV,Telephone Field,recover-20221013,001,1795
1002.1945,1002.2331,68437,82010,Rhinolophus ferrumequinum,0.022,0.022,-1,Echolocation,/mnt/ubna_data_02_mir/recover-20221013/UBNA_001/20221012_030000.WAV,Telephone Field,recover-20221013,001,1795
1002.2125,1002.2522,68437,82211,Rhinolophus ferrumequinum,0.022,0.022,-1,Echolocation,/mnt/ubna_data_02_mir/recover-20221013/UBNA_001/20221012_030000.WAV,Telephone Field,recover-20221013,001,1795
1002.2405,1002.2791,68437,81957,Rhinolophus ferrumequinum,0.043,0.043,-1,Echolocation,/mnt/ubna_data_02_mir/recover-20221013/UBNA_001/20221012_030000.WAV,Telephone Field,recover-20221013,001,1795
1002.2485,1002.2902,68437,83076,Rhinolophus ferrumequinum,0.031,0.031,-1,Echolocation,/mnt/ubna_data_02_mir/recover-20221013/UBNA_001/20221012_030000.WAV,Telephone Field,recover-20221013,001,1795
1002.2885,1002.3271,68437,81345,Rhinolophus ferrumequinum,0.023,0.023,-1,Echolocation,/mnt/ubna_data_02_mir/recover-20221013/UBNA_001/20221012_030000.WAV,Telephone Field,recover-20221013,001,1795
1002.2925,1002.3053,24609,29813,Nyctalus leisleri,0.015,0.036,-1,Echolocation,/mnt/ubna_data_02_mir/recover-20221013/UBNA_001/20221012_030000.WAV,Telephone Field,recover-20221013,001,1795
1002.3125,1002.3324,19453,22696,Nyctalus noctula,0.011,0.024,-1,Echolocation,/mnt/ubna_data_02_mir/recover-20221013/UBNA_001/20221012_030000.WAV,Telephone Field,recover-20221013,001,1795
1002.3345,1002.3753,68437,82859,Rhinolophus ferrumequinum,0.023,0.023,-1,Echolocation,/mnt/ubna_data_02_mir/recover-20221013/UBNA_001/20221012_030000.WAV,Telephone Field,recover-20221013,001,1795
1002.3445,1002.3844,68437,82085,Rhinolophus ferrumequinum,0.022,0.022,-1,Echolocation,/mnt/ubna_data_02_mir/recover-20221013/UBNA_001/20221012_030000.WAV,Telephone Field,recover-20221013,001,1795
1002.3745,1002.3819,24609,33394,Plecotus austriacus,0.008,0.023,-1,Echolocation,/mnt/ubna_data_02_mir/recover-20221013/UBNA_001/20221012_030000.WAV,Telephone Field,recover-20221013,001,1795
1002.3845,1002.4237,68437,81905,Rhinolophus ferrumequinum,0.021,0.022,-1,Echolocation,/mnt/ubna_data_02_mir/recover-20221013/UBNA_001/20221012_030000.WAV,Telephone Field,recover-20221013,001,1795
1002.4405,1002.4497,46953,50870,Pipistrellus pipistrellus,0.027,0.028,-1,Echolocation,/mnt/ubna_data_02_mir/recover-20221013/UBNA_001/20221012_030000.WAV,Telephone Field,recover-20221013,001,1795
1002.4485,1002.459,26328,34588,Eptesicus serotinus,0.012,0.024,-1,Echolocation,/mnt/ubna_data_02_mir/recover-20221013/UBNA_001/20221012_030000.WAV,Telephone Field,recover-20221013,001,1795
1002.4515,1002.4882,68437,82255,Rhinolophus ferrumequinum,0.022,0.022,-1,Echolocation,/mnt/ubna_data_02_mir/recover-20221013/UBNA_001/20221012_030000.WAV,Telephone Field,recover-20221013,001,1795
1002.4695,1002.5064,68437,82101,Rhinolophus ferrumequinum,0.022,0.022,-1,Echolocation,/mnt/ubna_data_02_mir/recover-20221013/UBNA_001/20221012_030000.WAV,Telephone Field,recover-20221013,001,1795
1002.5095,1002.5486,68437,82617,Rhinolophus ferrumequinum,0.03,0.03,-1,Echolocation,/mnt/ubna_data_02_mir/recover-20221013/UBNA_001/20221012_030000.WAV,Telephone Field,recover-20221013,001,1795
1002.5165,1002.5257,26328,34516,Eptesicus serotinus,0.013,0.029,-1,Echolocation,/mnt/ubna_data_02_mir/recover-20221013/UBNA_001/20221012_030000.WAV,Telephone Field,recover-20221013,001,1795
1002.5215,1002.5313,51250,56499,Pipistrellus pipistrellus,0.019,0.026,-1,Echolocation,/mnt/ubna_data_02_mir/recover-20221013/UBNA_001/20221012_030000.WAV,Telephone Field,recover-20221013,001,1795
1002.5545,1002.5997,68437,83735,Rhinolophus ferrumequinum,0.033,0.033,-1,Echolocation,/mnt/ubna_data_02_mir/recover-20221013/UBNA_001/20221012_030000.WAV,Telephone Field,recover-20221013,001,1795
1002.5955,1002.6103,51250,55670,Pipistrellus pipistrellus,0.026,0.039,-1,Echolocation,/mnt/ubna_data_02_mir/recover-20221013/UBNA_001/20221012_030000.WAV,Telephone Field,recover-20221013,001,1795
1002.6205,1002.6307,28906,38221,Eptesicus serotinus,0.009,0.022,-1,Echolocation,/mnt/ubna_data_02_mir/recover-20221013/UBNA_001/20221012_030000.WAV,Telephone Field,recover-20221013,001,1795
1002.6925,1002.7028,28906,36066,Eptesicus serotinus,0.015,0.028,-1,Echolocation,/mnt/ubna_data_02_mir/recover-20221013/UBNA_001/20221012_030000.WAV,Telephone Field,recover-20221013,001,1795
1002.7035,1002.714,43515,49944,Pipistrellus pipistrellus,0.018,0.024,-1,Echolocation,/mnt/ubna_data_02_mir/recover-20221013/UBNA_001/20221012_030000.WAV,Telephone Field,recover-20221013,001,1795
1002.7125,1002.7232,22890,27279,Nyctalus leisleri,0.014,0.026,-1,Echolocation,/mnt/ubna_data_02_mir/recover-20221013/UBNA_001/20221012_030000.WAV,Telephone Field,recover-20221013,001,1795
1002.7565,1002.7978,68437,82434,Rhinolophus ferrumequinum,0.024,0.024,-1,Echolocation,/mnt/ubna_data_02_mir/recover-20221013/UBNA_001/20221012_030000.WAV,Telephone Field,recover-20221013,001,1795
1002.7575,1002.7677,28046,35204,Eptesicus serotinus,0.011,0.022,-1,Echolocation,/mnt/ubna_data_02_mir/recover-20221013/UBNA_001/20221012_030000.WAV,Telephone Field,recover-20221013,001,1795
1002.7755,1002.7838,29765,42377,Eptesicus serotinus,0.009,0.024,-1,Echolocation,/mnt/ubna_data_02_mir/recover-20221013/UBNA_001/20221012_030000.WAV,Telephone Field,recover-20221013,001,1795
1002.8325,1002.8415,22890,30562,Plecotus austriacus,0.01,0.027,-1,Echolocation,/mnt/ubna_data_02_mir/recover-20221013/UBNA_001/20221012_030000.WAV,Telephone Field,recover-20221013,001,1795
1002.8375,1002.8757,68437,83218,Rhinolophus ferrumequinum,0.026,0.026,-1,Echolocation,/mnt/ubna_data_02_mir/recover-20221013/UBNA_001/20221012_030000.WAV,Telephone Field,recover-20221013,001,1795
1002.8665,1002.8763,27187,35013,Eptesicus serotinus,0.011,0.025,-1,Echolocation,/mnt/ubna_data_02_mir/recover-20221013/UBNA_001/20221012_030000.WAV,Telephone Field,recover-20221013,001,1795
1002.8745,1002.8851,45234,48564,Pipistrellus pipistrellus,0.083,0.088,-1,Echolocation,/mnt/ubna_data_02_mir/recover-20221013/UBNA_001/20221012_030000.WAV,Telephone Field,recover-20221013,001,1795
1002.8975,1002.9362,68437,81751,Rhinolophus ferrumequinum,0.022,0.022,-1,Echolocation,/mnt/ubna_data_02_mir/recover-20221013/UBNA_001/20221012_030000.WAV,Telephone Field,recover-20221013,001,1795
1002.9055,1002.9459,68437,81833,Rhinolophus ferrumequinum,0.022,0.022,-1,Echolocation,/mnt/ubna_data_02_mir/recover-20221013/UBNA_001/20221012_030000.WAV,Telephone Field,recover-20221013,001,1795
1003.0075,1003.0444,68437,81957,Rhinolophus ferrumequinum,0.032,0.032,-1,Echolocation,/mnt/ubna_data_02_mir/recover-20221013/UBNA_001/20221012_030000.WAV,Telephone Field,recover-20221013,001,1795
1003.0225,1003.0592,68437,82138,Rhinolophus ferrumequinum,0.022,0.023,-1,Echolocation,/mnt/ubna_data_02_mir/recover-20221013/UBNA_001/20221012_030000.WAV,Telephone Field,recover-20221013,001,1795
1003.0515,1003.0617,22031,27079,Nyctalus leisleri,0.009,0.023,-1,Echolocation,/mnt/ubna_data_02_mir/recover-20221013/UBNA_001/20221012_030000.WAV,Telephone Field,recover-20221013,001,1795
1003.0655,1003.105,68437,82392,Rhinolophus ferrumequinum,0.026,0.026,-1,Echolocation,/mnt/ubna_data_02_mir/recover-20221013/UBNA_001/20221012_030000.WAV,Telephone Field,recover-20221013,001,1795
1003.0705,1003.0818,23750,28682,Nyctalus leisleri,0.013,0.026,-1,Echolocation,/mnt/ubna_data_02_mir/recover-20221013/UBNA_001/20221012_030000.WAV,Telephone Field,recover-20221013,001,1795
1003.0995,1003.1176,19453,22269,Nyctalus leisleri,0.012,0.023,-1,Echolocation,/mnt/ubna_data_02_mir/recover-20221013/UBNA_001/20221012_030000.WAV,Telephone Field,recover-20221013,001,1795
1003.0995,1003.1391,68437,82463,Rhinolophus ferrumequinum,0.022,0.022,-1,Echolocation,/mnt/ubna_data_02_mir/recover-20221013/UBNA_001/20221012_030000.WAV,Telephone Field,recover-20221013,001,1795
1003.1375,1003.1466,26328,36721,Eptesicus serotinus,0.011,0.024,-1,Echolocation,/mnt/ubna_data_02_mir/recover-20221013/UBNA_001/20221012_030000.WAV,Telephone Field,recover-20221013,001,1795
1003.1385,1003.177,68437,82192,Rhinolophus ferrumequinum,0.024,0.024,-1,Echolocation,/mnt/ubna_data_02_mir/recover-20221013/UBNA_001/20221012_030000.WAV,Telephone Field,recover-20221013,001,1795
1003.1625,1003.2028,68437,82616,Rhinolophus ferrumequinum,0.028,0.028,-1,Echolocation,/mnt/ubna_data_02_mir/recover-20221013/UBNA_001/20221012_030000.WAV,Telephone Field,recover-20221013,001,1795
1003.1785,1003.1884,24609,32231,Nyctalus leisleri,0.007,0.022,-1,Echolocation,/mnt/ubna_data_02_mir/recover-20221013/UBNA_001/20221012_030000.WAV,Telephone Field,recover-20221013,001,1795
1003.1885,1003.199,23750,28763,Nyctalus leisleri,0.011,0.023,-1,Echolocation,/mnt/ubna_data_02_mir/recover-20221013/UBNA_001/20221012_030000.WAV,Telephone Field,recover-20221013,001,1795
1003.2165,1003.2595,68437,82957,Rhinolophus ferrumequinum,0.028,0.028,-1,Echolocation,/mnt/ubna_data_02_mir/recover-20221013/UBNA_001/20221012_030000.WAV,Telephone Field,recover-20221013,001,1795
1003.2215,1003.2647,68437,82590,Rhinolophus ferrumequinum,0.028,0.028,-1,Echolocation,/mnt/ubna_data_02_mir/recover-20221013/UBNA_001/20221012_030000.WAV,Telephone Field,recover-20221013,001,1795
1003.2695,1003.3064,68437,81634,Rhinolophus ferrumequinum,0.022,0.022,-1,Echolocation,/mnt/ubna_data_02_mir/recover-20221013/UBNA_001/20221012_030000.WAV,Telephone Field,recover-20221013,001,1795
1003.2745,1003.3108,68437,81840,Rhinolophus ferrumequinum,0.023,0.023,-1,Echolocation,/mnt/ubna_data_02_mir/recover-20221013/UBNA_001/20221012_030000.WAV,Telephone Field,recover-20221013,001,1795
1003.2955,1003.3365,68437,82160,Rhinolophus ferrumequinum,0.026,0.026,-1,Echolocation,/mnt/ubna_data_02_mir/recover-20221013/UBNA_001/20221012_030000.WAV,Telephone Field,recover-20221013,001,1795
1003.3185,1003.357,68437,82080,Rhinolophus ferrumequinum,0.022,0.022,-1,Echolocation,/mnt/ubna_data_02_mir/recover-20221013/UBNA_001/20221012_030000.WAV,Telephone Field,recover-20221013,001,1795
1003.3415,1003.3779,68437,81337,Rhinolophus ferrumequinum,0.027,0.027,-1,Echolocation,/mnt/ubna_data_02_mir/recover-20221013/UBNA_001/20221012_030000.WAV,Telephone Field,recover-20221013,001,1795
1003.4345,1003.4438,27187,35346,Eptesicus serotinus,0.009,0.023,-1,Echolocation,/mnt/ubna_data_02_mir/recover-20221013/UBNA_001/20221012_030000.WAV,Telephone Field,recover-20221013,001,1795
1003.4865,1003.5258,68437,82735,Rhinolophus ferrumequinum,0.024,0.024,-1,Echolocation,/mnt/ubna_data_02_mir/recover-20221013/UBNA_001/20221012_030000.WAV,Telephone Field,recover-20221013,001,1795
1003.5185,1003.5596,68437,82322,Rhinolophus ferrumequinum,0.028,0.028,-1,Echolocation,/mnt/ubna_data_02_mir/recover-20221013/UBNA_001/20221012_030000.WAV,Telephone Field,recover-20221013,001,1795
1003.5455,1003.5848,68437,82267,Rhinolophus ferrumequinum,0.025,0.025,-1,Echolocation,/mnt/ubna_data_02_mir/recover-20221013/UBNA_001/20221012_030000.WAV,Telephone Field,recover-20221013,001,1795
1003.5715,1003.6063,68437,81398,Rhinolophus ferrumequinum,0.022,0.022,-1,Echolocation,/mnt/ubna_data_02_mir/recover-20221013/UBNA_001/20221012_030000.WAV,Telephone Field,recover-20221013,001,1795
1003.6105,1003.6482,68437,82272,Rhinolophus ferrumequinum,0.022,0.022,-1,Echolocation,/mnt/ubna_data_02_mir/recover-20221013/UBNA_001/20221012_030000.WAV,Telephone Field,recover-20221013,001,1795
1003.6475,1003.6852,68437,82519,Rhinolophus ferrumequinum,0.022,0.022,-1,Echolocation,/mnt/ubna_data_02_mir/recover-20221013/UBNA_001/20221012_030000.WAV,Telephone Field,recover-20221013,001,1795
1003.6485,1003.6606,42656,45767,Pipistrellus pipistrellus,0.019,0.023,-1,Echolocation,/mnt/ubna_data_02_mir/recover-20221013/UBNA_001/20221012_030000.WAV,Telephone Field,recover-20221013,001,1795
1003.6905,1003.7302,68437,82357,Rhinolophus ferrumequinum,0.031,0.031,-1,Echolocation,/mnt/ubna_data_02_mir/recover-20221013/UBNA_001/20221012_030000.WAV,Telephone Field,recover-20221013,001,1795
1003.6985,1003.7076,28906,37111,Eptesicus serotinus,0.01,0.025,-1,Echolocation,/mnt/ubna_data_02_mir/recover-20221013/UBNA_001/20221012_030000.WAV,Telephone Field,recover-20221013,001,1795
1003.6995,1003.7364,68437,82466,Rhinolophus ferrumequinum,0.022,0.022,-1,Echolocation,/mnt/ubna_data_02_mir/recover-20221013/UBNA_001/20221012_030000.WAV,Telephone Field,recover-20221013,001,1795
1003.7355,1003.7759,68437,83042,Rhinolophus ferrumequinum,0.023,0.023,-1,Echolocation,/mnt/ubna_data_02_mir/recover-20221013/UBNA_001/20221012_030000.WAV,Telephone Field,recover-20221013,001,1795
1003.7555,1003.7943,68437,82194,Rhinolophus ferrumequinum,0.024,0.024,-1,Echolocation,/mnt/ubna_data_02_mir/recover-20221013/UBNA_001/20221012_030000.WAV,Telephone Field,recover-20221013,001,1795
1003.7625,1003.7997,68437,82216,Rhinolophus ferrumequinum,0.022,0.022,-1,Echolocation,/mnt/ubna_data_02_mir/recover-20221013/UBNA_001/20221012_030000.WAV,Telephone Field,recover-20221013,001,1795
1003.7905,1003.8285,68437,81436,Rhinolophus ferrumequinum,0.022,0.022,-1,Echolocation,/mnt/ubna_data_02_mir/recover-20221013/UBNA_001/20221012_030000.WAV,Telephone Field,recover-20221013,001,1795
1003.8075,1003.8188,22890,28463,Nyctalus leisleri,0.012,0.025,-1,Echolocation,/mnt/ubna_data_02_mir/recover-20221013/UBNA_001/20221012_030000.WAV,Telephone Field,recover-20221013,001,1795
1003.8265,1003.8625,68437,82112,Rhinolophus ferrumequinum,0.024,0.024,-1,Echolocation,/mnt/ubna_data_02_mir/recover-20221013/UBNA_001/20221012_030000.WAV,Telephone Field,recover-20221013,001,1795
1003.8415,1003.8787,68437,80919,Rhinolophus ferrumequinum,0.029,0.03,-1,Echolocation,/mnt/ubna_data_02_mir/recover-20221013/UBNA_001/20221012_030000.WAV,Telephone Field,recover-20221013,001,1795
1003.8755,1003.916,68437,82919,Rhinolophus ferrumequinum,0.024,0.025,-1,Echolocation,/mnt/ubna_data_02_mir/recover-20221013/UBNA_001/20221012_030000.WAV,Telephone Field,recover-20221013,001,1795
1003.9165,1003.9242,28046,44154,Eptesicus serotinus,0.008,0.023,-1,Echolocation,/mnt/ubna_data_02_mir/recover-20221013/UBNA_001/20221012_030000.WAV,Telephone Field,recover-20221013,001,1795
1003.9635,1003.9713,26328,36549,Eptesicus serotinus,0.007,0.026,-1,Echolocation,/mnt/ubna_data_02_mir/recover-20221013/UBNA_001/20221012_030000.WAV,Telephone Field,recover-20221013,001,1795
1004.0015,1004.0111,28046,37609,Eptesicus serotinus,0.012,0.033,-1,Echolocation,/mnt/ubna_data_02_mir/recover-20221013/UBNA_001/20221012_030000.WAV,Telephone Field,recover-20221013,001,1795
1004.0085,1004.0559,68437,82603,Rhinolophus ferrumequinum,0.036,0.036,-1,Echolocation,/mnt/ubna_data_02_mir/recover-20221013/UBNA_001/20221012_030000.WAV,Telephone Field,recover-20221013,001,1795
1004.0205,1004.0283,26328,37312,Eptesicus serotinus,0.007,0.023,-1,Echolocation,/mnt/ubna_data_02_mir/recover-20221013/UBNA_001/20221012_030000.WAV,Telephone Field,recover-20221013,001,1795
1004.0565,1004.0653,27187,36577,Eptesicus serotinus,0.009,0.026,-1,Echolocation,/mnt/ubna_data_02_mir/recover-20221013/UBNA_001/20221012_030000.WAV,Telephone Field,recover-20221013,001,1795
1004.0665,1004.1062,68437,81868,Rhinolophus ferrumequinum,0.024,0.024,-1,Echolocation,/mnt/ubna_data_02_mir/recover-20221013/UBNA_001/20221012_030000.WAV,Telephone Field,recover-20221013,001,1795
1004.0735,1004.1115,68437,81966,Rhinolophus ferrumequinum,0.021,0.021,-1,Echolocation,/mnt/ubna_data_02_mir/recover-20221013/UBNA_001/20221012_030000.WAV,Telephone Field,recover-20221013,001,1795
1004.0925,1004.1038,51250,55620,Pipistrellus pipistrellus,0.021,0.033,-1,Echolocation,/mnt/ubna_data_02_mir/recover-20221013/UBNA_001/20221012_030000.WAV,Telephone Field,recover-20221013,001,1795
1004.0935,1004.103,23750,30466,Nyctalus leisleri,0.008,0.022,-1,Echolocation,/mnt/ubna_data_02_mir/recover-20221013/UBNA_001/20221012_030000.WAV,Telephone Field,recover-20221013,001,1795
1004.1075,1004.1471,68437,82403,Rhinolophus ferrumequinum,0.025,0.025,-1,Echolocation,/mnt/ubna_data_02_mir/recover-20221013/UBNA_001/20221012_030000.WAV,Telephone Field,recover-20221013,001,1795
1004.1485,1004.1555,26328,38616,Eptesicus serotinus,0.006,0.024,-1,Echolocation,/mnt/ubna_data_02_mir/recover-20221013/UBNA_001/20221012_030000.WAV,Telephone Field,recover-20221013,001,1795
1004.1605,1004.1974,68437,81913,Rhinolophus ferrumequinum,0.021,0.021,-1,Echolocation,/mnt/ubna_data_02_mir/recover-20221013/UBNA_001/20221012_030000.WAV,Telephone Field,recover-20221013,001,1795
1004.2305,1004.2698,68437,82300,Rhinolophus ferrumequinum,0.021,0.021,-1,Echolocation,/mnt/ubna_data_02_mir/recover-20221013/UBNA_001/20221012_030000.WAV,Telephone Field,recover-20221013,001,1795
1004.2665,1004.3096,68437,82792,Rhinolophus ferrumequinum,0.025,0.025,-1,Echolocation,/mnt/ubna_data_02_mir/recover-20221013/UBNA_001/20221012_030000.WAV,Telephone Field,recover-20221013,001,1795
1004.3285,1004.3687,68437,81947,Rhinolophus ferrumequinum,0.023,0.023,-1,Echolocation,/mnt/ubna_data_02_mir/recover-20221013/UBNA_001/20221012_030000.WAV,Telephone Field,recover-20221013,001,1795
1004.3355,1004.3773,68437,82897,Rhinolophus ferrumequinum,0.021,0.021,-1,Echolocation,/mnt/ubna_data_02_mir/recover-20221013/UBNA_001/20221012_030000.WAV,Telephone Field,recover-20221013,001,1795
1004.3405,1004.3468,23750,33165,Plecotus austriacus,0.016,0.032,-1,Echolocation,/mnt/ubna_data_02_mir/recover-20221013/UBNA_001/20221012_030000.WAV,Telephone Field,recover-20221013,001,1795
1004.3835,1004.4222,68437,82205,Rhinolophus ferrumequinum,0.021,0.021,-1,Echolocation,/mnt/ubna_data_02_mir/recover-20221013/UBNA_001/20221012_030000.WAV,Telephone Field,recover-20221013,001,1795
1004.4075,1004.4421,68437,81677,Rhinolophus ferrumequinum,0.022,0.022,-1,Echolocation,/mnt/ubna_data_02_mir/recover-20221013/UBNA_001/20221012_030000.WAV,Telephone Field,recover-20221013,001,1795
1004.4165,1004.4248,27187,37090,Eptesicus serotinus,0.006,0.021,-1,Echolocation,/mnt/ubna_data_02_mir/recover-20221013/UBNA_001/20221012_030000.WAV,Telephone Field,recover-20221013,001,1795
1004.4275,1004.4648,68437,82411,Rhinolophus ferrumequinum,0.021,0.021,-1,Echolocation,/mnt/ubna_data_02_mir/recover-20221013/UBNA_001/20221012_030000.WAV,Telephone Field,recover-20221013,001,1795
1004.4575,1004.4741,20312,23965,Nyctalus leisleri,0.014,0.027,-1,Echolocation,/mnt/ubna_data_02_mir/recover-20221013/UBNA_001/20221012_030000.WAV,Telephone Field,recover-20221013,001,1795
1004.4825,1004.5207,68437,82003,Rhinolophus ferrumequinum,0.023,0.023,-1,Echolocation,/mnt/ubna_data_02_mir/recover-20221013/UBNA_001/20221012_030000.WAV,Telephone Field,recover-20221013,001,1795
1004.5205,1004.5595,68437,82283,Rhinolophus ferrumequinum,0.023,0.023,-1,Echolocation,/mnt/ubna_data_02_mir/recover-20221013/UBNA_001/20221012_030000.WAV,Telephone Field,recover-20221013,001,1795
1004.5375,1004.5743,68437,80687,Rhinolophus ferrumequinum,0.027,0.027,-1,Echolocation,/mnt/ubna_data_02_mir/recover-20221013/UBNA_001/20221012_030000.WAV,Telephone Field,recover-20221013,001,1795
1004.5605,1004.5953,68437,80800,Rhinolophus ferrumequinum,0.021,0.021,-1,Echolocation,/mnt/ubna_data_02_mir/recover-20221013/UBNA_001/20221012_030000.WAV,Telephone Field,recover-20221013,001,1795
1004.5725,1004.5845,24609,30757,Nyctalus leisleri,0.009,0.023,-1,Echolocation,/mnt/ubna_data_02_mir/recover-20221013/UBNA_001/20221012_030000.WAV,Telephone Field,recover-20221013,001,1795
1004.5885,1004.6253,68437,81983,Rhinolophus ferrumequinum,0.021,0.021,-1,Echolocation,/mnt/ubna_data_02_mir/recover-20221013/UBNA_001/20221012_030000.WAV,Telephone Field,recover-20221013,001,1795
1004.6065,1004.6176,22031,26725,Nyctalus leisleri,0.011,0.024,-1,Echolocation,/mnt/ubna_data_02_mir/recover-20221013/UBNA_001/20221012_030000.WAV,Telephone Field,recover-20221013,001,1795
1004.6165,1004.6519,68437,81017,Rhinolophus ferrumequinum,0.021,0.021,-1,Echolocation,/mnt/ubna_data_02_mir/recover-20221013/UBNA_001/20221012_030000.WAV,Telephone Field,recover-20221013,001,1795
1004.6235,1004.6338,28046,36191,Eptesicus serotinus,0.009,0.022,-1,Echolocation,/mnt/ubna_data_02_mir/recover-20221013/UBNA_001/20221012_030000.WAV,Telephone Field,recover-20221013,001,1795
1004.6375,1004.6758,68437,82178,Rhinolophus ferrumequinum,0.026,0.026,-1,Echolocation,/mnt/ubna_data_02_mir/recover-20221013/UBNA_001/20221012_030000.WAV,Telephone Field,recover-20221013,001,1795
1004.6465,1004.6865,68437,82719,Rhinolophus ferrumequinum,0.022,0.022,-1,Echolocation,/mnt/ubna_data_02_mir/recover-20221013/UBNA_001/20221012_030000.WAV,Telephone Field,recover-20221013,001,1795
1004.6575,1004.6654,27187,36415,Eptesicus serotinus,0.006,0.021,-1,Echolocation,/mnt/ubna_data_02_mir/recover-20221013/UBNA_001/20221012_030000.WAV,Telephone Field,recover-20221013,001,1795
1004.6735,1004.7111,68437,81593,Rhinolophus ferrumequinum,0.022,0.022,-1,Echolocation,/mnt/ubna_data_02_mir/recover-20221013/UBNA_001/20221012_030000.WAV,Telephone Field,recover-20221013,001,1795
1004.6885,1004.7314,68437,83255,Rhinolophus ferrumequinum,0.029,0.029,-1,Echolocation,/mnt/ubna_data_02_mir/recover-20221013/UBNA_001/20221012_030000.WAV,Telephone Field,recover-20221013,001,1795
1004.7325,1004.7741,68437,82454,Rhinolophus ferrumequinum,0.025,0.025,-1,Echolocation,/mnt/ubna_data_02_mir/recover-20221013/UBNA_001/20221012_030000.WAV,Telephone Field,recover-20221013,001,1795
1004.7595,1004.7966,68437,81902,Rhinolophus ferrumequinum,0.024,0.024,-1,Echolocation,/mnt/ubna_data_02_mir/recover-20221013/UBNA_001/20221012_030000.WAV,Telephone Field,recover-20221013,001,1795
1004.7645,1004.7746,22031,27970,Plecotus austriacus,0.009,0.024,-1,Echolocation,/mnt/ubna_data_02_mir/recover-20221013/UBNA_001/20221012_030000.WAV,Telephone Field,recover-20221013,001,1795
1004.7655,1004.7707,49531,57239,Pipistrellus pipistrellus,0.019,0.021,-1,Echolocation,/mnt/ubna_data_02_mir/recover-20221013/UBNA_001/20221012_030000.WAV,Telephone Field,recover-20221013,001,1795
1004.7765,1004.8109,68437,81985,Rhinolophus ferrumequinum,0.021,0.021,-1,Echolocation,/mnt/ubna_data_02_mir/recover-20221013/UBNA_001/20221012_030000.WAV,Telephone Field,recover-20221013,001,1795
1004.8155,1004.8263,22031,26191,Nyctalus leisleri,0.012,0.021,-1,Echolocation,/mnt/ubna_data_02_mir/recover-20221013/UBNA_001/20221012_030000.WAV,Telephone Field,recover-20221013,001,1795
1004.8425,1004.8806,68437,82188,Rhinolophus ferrumequinum,0.025,0.025,-1,Echolocation,/mnt/ubna_data_02_mir/recover-20221013/UBNA_001/20221012_030000.WAV,Telephone Field,recover-20221013,001,1795
1004.8485,1004.8599,22031,26619,Nyctalus leisleri,0.011,0.024,-1,Echolocation,/mnt/ubna_data_02_mir/recover-20221013/UBNA_001/20221012_030000.WAV,Telephone Field,recover-20221013,001,1795
1004.8835,1004.923,68437,82243,Rhinolophus ferrumequinum,0.024,0.025,-1,Echolocation,/mnt/ubna_data_02_mir/recover-20221013/UBNA_001/20221012_030000.WAV,Telephone Field,recover-20221013,001,1795
1004.9135,1004.9199,38359,51478,Myotis daubentonii,0.008,0.021,-1,Echolocation,/mnt/ubna_data_02_mir/recover-20221013/UBNA_001/20221012_030000.WAV,Telephone Field,recover-20221013,001,1795
1004.9155,1004.9221,24609,38039,Plecotus austriacus,0.007,0.025,-1,Echolocation,/mnt/ubna_data_02_mir/recover-20221013/UBNA_001/20221012_030000.WAV,Telephone Field,recover-20221013,001,1795
1004.9245,1004.9619,68437,82401,Rhinolophus ferrumequinum,0.021,0.021,-1,Echolocation,/mnt/ubna_data_02_mir/recover-20221013/UBNA_001/20221012_030000.WAV,Telephone Field,recover-20221013,001,1795
1004.9485,1004.9578,27187,37680,Eptesicus serotinus,0.007,0.022,-1,Echolocation,/mnt/ubna_data_02_mir/recover-20221013/UBNA_001/20221012_030000.WAV,Telephone Field,recover-20221013,001,1795
1004.9645,1004.9739,28046,37877,Eptesicus serotinus,0.009,0.024,-1,Echolocation,/mnt/ubna_data_02_mir/recover-20221013/UBNA_001/20221012_030000.WAV,Telephone Field,recover-20221013,001,1795
1005.0005,1005.0127,22031,26292,Nyctalus leisleri,0.012,0.022,-1,Echolocation,/mnt/ubna_data_02_mir/recover-20221013/UBNA_001/20221012_030000.WAV,Telephone Field,recover-20221013,001,1795
1005.0245,1005.0671,68437,83346,Rhinolophus ferrumequinum,0.028,0.028,-1,Echolocation,/mnt/ubna_data_02_mir/recover-20221013/UBNA_001/20221012_030000.WAV,Telephone Field,recover-20221013,001,1795
1005.0245,1005.0352,22890,27659,Nyctalus leisleri,0.011,0.022,-1,Echolocation,/mnt/ubna_data_02_mir/recover-20221013/UBNA_001/20221012_030000.WAV,Telephone Field,recover-20221013,001,1795
1005.0555,1005.095,68437,82264,Rhinolophus ferrumequinum,0.021,0.021,-1,Echolocation,/mnt/ubna_data_02_mir/recover-20221013/UBNA_001/20221012_030000.WAV,Telephone Field,recover-20221013,001,1795
1005.0715,1005.1082,68437,81454,Rhinolophus ferrumequinum,0.021,0.021,-1,Echolocation,/mnt/ubna_data_02_mir/recover-20221013/UBNA_001/20221012_030000.WAV,Telephone Field,recover-20221013,001,1795
1005.0745,1005.0824,26328,37698,Eptesicus serotinus,0.006,0.021,-1,Echolocation,/mnt/ubna_data_02_mir/recover-20221013/UBNA_001/20221012_030000.WAV,Telephone Field,recover-20221013,001,1795
1005.1125,1005.1216,50390,54704,Pipistrellus pipistrellus,0.026,0.031,-1,Echolocation,/mnt/ubna_data_02_mir/recover-20221013/UBNA_001/20221012_030000.WAV,Telephone Field,recover-20221013,001,1795
1005.1405,1005.1783,68437,81961,Rhinolophus ferrumequinum,0.023,0.023,-1,Echolocation,/mnt/ubna_data_02_mir/recover-20221013/UBNA_001/20221012_030000.WAV,Telephone Field,recover-20221013,001,1795
1005.1505,1005.16,27187,35685,Eptesicus serotinus,0.008,0.022,-1,Echolocation,/mnt/ubna_data_02_mir/recover-20221013/UBNA_001/20221012_030000.WAV,Telephone Field,recover-20221013,001,1795
1005.1595,1005.1698,24609,31122,Nyctalus leisleri,0.008,0.022,-1,Echolocation,/mnt/ubna_data_02_mir/recover-20221013/UBNA_001/20221012_030000.WAV,Telephone Field,recover-20221013,001,1795
1005.1985,1005.2081,28046,37580,Eptesicus serotinus,0.01,0.026,-1,Echolocation,/mnt/ubna_data_02_mir/recover-20221013/UBNA_001/20221012_030000.WAV,Telephone Field,recover-20221013,001,1795
1005.2165,1005.2544,68437,81768,Rhinolophus ferrumequinum,0.023,0.023,-1,Echolocation,/mnt/ubna_data_02_mir/recover-20221013/UBNA_001/20221012_030000.WAV,Telephone Field,recover-20221013,001,1795
1005.2265,1005.2372,22890,28404,Nyctalus leisleri,0.017,0.034,-1,Echolocation,/mnt/ubna_data_02_mir/recover-20221013/UBNA_001/20221012_030000.WAV,Telephone Field,recover-20221013,001,1795
1005.2645,1005.2746,27187,35637,Eptesicus serotinus,0.009,0.022,-1,Echolocation,/mnt/ubna_data_02_mir/recover-20221013/UBNA_001/20221012_030000.WAV,Telephone Field,recover-20221013,001,1795
1005.2775,1005.3148,68437,82110,Rhinolophus ferrumequinum,0.022,0.022,-1,Echolocation,/mnt/ubna_data_02_mir/recover-20221013/UBNA_001/20221012_030000.WAV,Telephone Field,recover-20221013,001,1795
1005.3045,1005.3465,68437,82218,Rhinolophus ferrumequinum,0.033,0.033,-1,Echolocation,/mnt/ubna_data_02_mir/recover-20221013/UBNA_001/20221012_030000.WAV,Telephone Field,recover-20221013,001,1795
1005.3285,1005.3377,26328,37387,Eptesicus serotinus,0.008,0.022,-1,Echolocation,/mnt/ubna_data_02_mir/recover-20221013/UBNA_001/20221012_030000.WAV,Telephone Field,recover-20221013,001,1795
1005.3475,1005.3569,28046,36499,Eptesicus serotinus,0.011,0.027,-1,Echolocation,/mnt/ubna_data_02_mir/recover-20221013/UBNA_001/20221012_030000.WAV,Telephone Field,recover-20221013,001,1795
1005.3955,1005.4035,23750,31869,Plecotus austriacus,0.008,0.021,-1,Echolocation,/mnt/ubna_data_02_mir/recover-20221013/UBNA_001/20221012_030000.WAV,Telephone Field,recover-20221013,001,1795
1005.3985,1005.4069,28046,36925,Eptesicus serotinus,0.007,0.021,-1,Echolocation,/mnt/ubna_data_02_mir/recover-20221013/UBNA_001/20221012_030000.WAV,Telephone Field,recover-20221013,001,1795
1005.4235,1005.4322,28046,36685,Eptesicus serotinus,0.008,0.021,-1,Echolocation,/mnt/ubna_data_02_mir/recover-20221013/UBNA_001/20221012_030000.WAV,Telephone Field,recover-20221013,001,1795
1005.4285,1005.4686,68437,83054,Rhinolophus ferrumequinum,0.025,0.025,-1,Echolocation,/mnt/ubna_data_02_mir/recover-20221013/UBNA_001/20221012_030000.WAV,Telephone Field,recover-20221013,001,1795
1005.4505,1005.4851,68437,81483,Rhinolophus ferrumequinum,0.021,0.021,-1,Echolocation,/mnt/ubna_data_02_mir/recover-20221013/UBNA_001/20221012_030000.WAV,Telephone Field,recover-20221013,001,1795
1005.4645,1005.4995,68437,81342,Rhinolophus ferrumequinum,0.023,0.023,-1,Echolocation,/mnt/ubna_data_02_mir/recover-20221013/UBNA_001/20221012_030000.WAV,Telephone Field,recover-20221013,001,1795
1005.4975,1005.505,27187,37650,Eptesicus serotinus,0.006,0.021,-1,Echolocation,/mnt/ubna_data_02_mir/recover-20221013/UBNA_001/20221012_030000.WAV,Telephone Field,recover-20221013,001,1795
1005.5305,1005.5692,68437,81889,Rhinolophus ferrumequinum,0.021,0.021,-1,Echolocation,/mnt/ubna_data_02_mir/recover-20221013/UBNA_001/20221012_030000.WAV,Telephone Field,recover-20221013,001,1795
1005.5485,1005.5884,68437,82529,Rhinolophus ferrumequinum,0.024,0.024,-1,Echolocation,/mnt/ubna_data_02_mir/recover-20221013/UBNA_001/20221012_030000.WAV,Telephone Field,recover-20221013,001,1795
1005.5635,1005.5987,68437,80573,Rhinolophus ferrumequinum,0.025,0.025,-1,Echolocation,/mnt/ubna_data_02_mir/recover-20221013/UBNA_001/20221012_030000.WAV,Telephone Field,recover-20221013,001,1795
1005.5665,1005.5746,28046,40553,Eptesicus serotinus,0.009,0.027,-1,Echolocation,/mnt/ubna_data_02_mir/recover-20221013/UBNA_001/20221012_030000.WAV,Telephone Field,recover-20221013,001,1795
1005.5795,1005.5857,38359,46912,Myotis daubentonii,0.012,0.024,-1,Echolocation,/mnt/ubna_data_02_mir/recover-20221013/UBNA_001/20221012_030000.WAV,Telephone Field,recover-20221013,001,1795
1005.6205,1005.6308,25468,32660,Nyctalus leisleri,0.009,0.027,-1,Echolocation,/mnt/ubna_data_02_mir/recover-20221013/UBNA_001/20221012_030000.WAV,Telephone Field,recover-20221013,001,1795
1005.6305,1005.6662,68437,80928,Rhinolophus ferrumequinum,0.021,0.021,-1,Echolocation,/mnt/ubna_data_02_mir/recover-20221013/UBNA_001/20221012_030000.WAV,Telephone Field,recover-20221013,001,1795
1005.6385,1005.6468,49531,53372,Pipistrellus pipistrellus,0.023,0.025,-1,Echolocation,/mnt/ubna_data_02_mir/recover-20221013/UBNA_001/20221012_030000.WAV,Telephone Field,recover-20221013,001,1795
1005.6435,1005.6796,68437,81059,Rhinolophus ferrumequinum,0.022,0.022,-1,Echolocation,/mnt/ubna_data_02_mir/recover-20221013/UBNA_001/20221012_030000.WAV,Telephone Field,recover-20221013,001,1795
1005.6525,1005.6859,68437,80320,Rhinolophus ferrumequinum,0.023,0.023,-1,Echolocation,/mnt/ubna_data_02_mir/recover-20221013/UBNA_001/20221012_030000.WAV,Telephone Field,recover-20221013,001,1795
1005.6565,1005.6668,22890,27855,Nyctalus leisleri,0.01,0.021,-1,Echolocation,/mnt/ubna_data_02_mir/recover-20221013/UBNA_001/20221012_030000.WAV,Telephone Field,recover-20221013,001,1795
1005.6685,1005.6795,23750,29462,Nyctalus leisleri,0.01,0.024,-1,Echolocation,/mnt/ubna_data_02_mir/recover-20221013/UBNA_001/20221012_030000.WAV,Telephone Field,recover-20221013,001,1795
1005.6735,1005.71,68437,81707,Rhinolophus ferrumequinum,0.021,0.021,-1,Echolocation,/mnt/ubna_data_02_mir/recover-20221013/UBNA_001/20221012_030000.WAV,Telephone Field,recover-20221013,001,1795
1005.7085,1005.7164,27187,38114,Eptesicus serotinus,0.007,0.021,-1,Echolocation,/mnt/ubna_data_02_mir/recover-20221013/UBNA_001/20221012_030000.WAV,Telephone Field,recover-20221013,001,1795
1005.7235,1005.7341,23750,29852,Nyctalus leisleri,0.009,0.023,-1,Echolocation,/mnt/ubna_data_02_mir/recover-20221013/UBNA_001/20221012_030000.WAV,Telephone Field,recover-20221013,001,1795
1005.7685,1005.8126,68437,83122,Rhinolophus ferrumequinum,0.032,0.032,-1,Echolocation,/mnt/ubna_data_02_mir/recover-20221013/UBNA_001/20221012_030000.WAV,Telephone Field,recover-20221013,001,1795
1005.7895,1005.8281,68437,83039,Rhinolophus ferrumequinum,0.025,0.025,-1,Echolocation,/mnt/ubna_data_02_mir/recover-20221013/UBNA_001/20221012_030000.WAV,Telephone Field,recover-20221013,001,1795
1005.8245,1005.8629,68437,82215,Rhinolophus ferrumequinum,0.021,0.021,-1,Echolocation,/mnt/ubna_data_02_mir/recover-20221013/UBNA_001/20221012_030000.WAV,Telephone Field,recover-20221013,001,1795
1005.8245,1005.8336,42656,45763,Pipistrellus pipistrellus,0.022,0.027,-1,Echolocation,/mnt/ubna_data_02_mir/recover-20221013/UBNA_001/20221012_030000.WAV,Telephone Field,recover-20221013,001,1795
1005.8325,1005.8698,68437,81823,Rhinolophus ferrumequinum,0.021,0.021,-1,Echolocation,/mnt/ubna_data_02_mir/recover-20221013/UBNA_001/20221012_030000.WAV,Telephone Field,recover-20221013,001,1795
1005.8605,1005.8986,68437,81998,Rhinolophus ferrumequinum,0.024,0.024,-1,Echolocation,/mnt/ubna_data_02_mir/recover-20221013/UBNA_001/20221012_030000.WAV,Telephone Field,recover-20221013,001,1795
1005.8855,1005.8924,26328,38968,Eptesicus serotinus,0.005,0.022,-1,Echolocation,/mnt/ubna_data_02_mir/recover-20221013/UBNA_001/20221012_030000.WAV,Telephone Field,recover-20221013,001,1795
1005.8875,1005.9286,68437,82723,Rhinolophus ferrumequinum,0.024,0.024,-1,Echolocation,/mnt/ubna_data_02_mir/recover-20221013/UBNA_001/20221012_030000.WAV,Telephone Field,recover-20221013,001,1795
1005.9095,1005.917,26328,38362,Eptesicus serotinus,0.006,0.024,-1,Echolocation,/mnt/ubna_data_02_mir/recover-20221013/UBNA_001/20221012_030000.WAV,Telephone Field,recover-20221013,001,1795
1005.9145,1005.9509,68437,81538,Rhinolophus ferrumequinum,0.022,0.022,-1,Echolocation,/mnt/ubna_data_02_mir/recover-20221013/UBNA_001/20221012_030000.WAV,Telephone Field,recover-20221013,001,1795
1005.9275,1005.968,68437,81959,Rhinolophus ferrumequinum,0.038,0.038,-1,Echolocation,/mnt/ubna_data_02_mir/recover-20221013/UBNA_001/20221012_030000.WAV,Telephone Field,recover-20221013,001,1795
1005.9665,1005.976,28046,36256,Eptesicus serotinus,0.009,0.022,-1,Echolocation,/mnt/ubna_data_02_mir/recover-20221013/UBNA_001/20221012_030000.WAV,Telephone Field,recover-20221013,001,1795
1005.9905,1005.9997,26328,36959,Eptesicus serotinus,0.008,0.022,-1,Echolocation,/mnt/ubna_data_02_mir/recover-20221013/UBNA_001/20221012_030000.WAV,Telephone Field,recover-20221013,001,1795
1006.0015,1006.0101,24609,34139,Nyctalus leisleri,0.006,0.023,-1,Echolocation,/mnt/ubna_data_02_mir/recover-20221013/UBNA_001/20221012_030000.WAV,Telephone Field,recover-20221013,001,1795
1006.0985000000001,1006.1364,68437,81414,Rhinolophus ferrumequinum,0.021,0.021,-1,Echolocation,/mnt/ubna_data_02_mir/recover-20221013/UBNA_001/20221012_030000.WAV,Telephone Field,recover-20221013,001,1795
1006.1015,1006.1119,22890,28202,Nyctalus leisleri,0.009,0.021,-1,Echolocation,/mnt/ubna_data_02_mir/recover-20221013/UBNA_001/20221012_030000.WAV,Telephone Field,recover-20221013,001,1795
1006.1185,1006.1302,25468,31199,Nyctalus leisleri,0.011,0.027,-1,Echolocation,/mnt/ubna_data_02_mir/recover-20221013/UBNA_001/20221012_030000.WAV,Telephone Field,recover-20221013,001,1795
1006.1315,1006.1424,22890,27264,Nyctalus leisleri,0.012,0.021,-1,Echolocation,/mnt/ubna_data_02_mir/recover-20221013/UBNA_001/20221012_030000.WAV,Telephone Field,recover-20221013,001,1795
1006.1715,1006.2102,68437,81755,Rhinolophus ferrumequinum,0.024,0.024,-1,Echolocation,/mnt/ubna_data_02_mir/recover-20221013/UBNA_001/20221012_030000.WAV,Telephone Field,recover-20221013,001,1795
1006.1765,1006.2125,68437,81763,Rhinolophus ferrumequinum,0.023,0.023,-1,Echolocation,/mnt/ubna_data_02_mir/recover-20221013/UBNA_001/20221012_030000.WAV,Telephone Field,recover-20221013,001,1795
1006.2005,1006.2113,23750,29195,Nyctalus leisleri,0.009,0.021,-1,Echolocation,/mnt/ubna_data_02_mir/recover-20221013/UBNA_001/20221012_030000.WAV,Telephone Field,recover-20221013,001,1795
1006.2015,1006.2401,68437,81959,Rhinolophus ferrumequinum,0.022,0.022,-1,Echolocation,/mnt/ubna_data_02_mir/recover-20221013/UBNA_001/20221012_030000.WAV,Telephone Field,recover-20221013,001,1795
1006.2175,1006.2245,28046,41899,Eptesicus serotinus,0.008,0.028,-1,Echolocation,/mnt/ubna_data_02_mir/recover-20221013/UBNA_001/20221012_030000.WAV,Telephone Field,recover-20221013,001,1795
1006.2655,1006.2751,22890,29300,Plecotus austriacus,0.007,0.021,-1,Echolocation,/mnt/ubna_data_02_mir/recover-20221013/UBNA_001/20221012_030000.WAV,Telephone Field,recover-20221013,001,1795
1006.3245,1006.3309,26328,36390,Plecotus austriacus,0.011,0.039,-1,Echolocation,/mnt/ubna_data_02_mir/recover-20221013/UBNA_001/20221012_030000.WAV,Telephone Field,recover-20221013,001,1795
1006.3275,1006.3674,68437,82418,Rhinolophus ferrumequinum,0.024,0.024,-1,Echolocation,/mnt/ubna_data_02_mir/recover-20221013/UBNA_001/20221012_030000.WAV,Telephone Field,recover-20221013,001,1795
1006.3935,1006.4014999999999,28046,39845,Eptesicus serotinus,0.008,0.022,-1,Echolocation,/mnt/ubna_data_02_mir/recover-20221013/UBNA_001/20221012_030000.WAV,Telephone Field,recover-20221013,001,1795
1006.4915,1006.5312,68437,81654,Rhinolophus ferrumequinum,0.022,0.022,-1,Echolocation,/mnt/ubna_data_02_mir/recover-20221013/UBNA_001/20221012_030000.WAV,Telephone Field,recover-20221013,001,1795
1006.5005,1006.5432,68437,83204,Rhinolophus ferrumequinum,0.026,0.026,-1,Echolocation,/mnt/ubna_data_02_mir/recover-20221013/UBNA_001/20221012_030000.WAV,Telephone Field,recover-20221013,001,1795
1006.5345,1006.5731,68437,82410,Rhinolophus ferrumequinum,0.021,0.021,-1,Echolocation,/mnt/ubna_data_02_mir/recover-20221013/UBNA_001/20221012_030000.WAV,Telephone Field,recover-20221013,001,1795
1006.6125,1006.6201,25468,36594,Myotis nattereri,0.005,0.023,-1,Echolocation,/mnt/ubna_data_02_mir/recover-20221013/UBNA_001/20221012_030000.WAV,Telephone Field,recover-20221013,001,1795
1006.6215,1006.6309,28046,36768,Eptesicus serotinus,0.008,0.02,-1,Echolocation,/mnt/ubna_data_02_mir/recover-20221013/UBNA_001/20221012_030000.WAV,Telephone Field,recover-20221013,001,1795
1006.6495,1006.657,27187,38264,Eptesicus serotinus,0.006,0.021,-1,Echolocation,/mnt/ubna_data_02_mir/recover-20221013/UBNA_001/20221012_030000.WAV,Telephone Field,recover-20221013,001,1795
1006.6865,1006.7214,68437,81094,Rhinolophus ferrumequinum,0.023,0.023,-1,Echolocation,/mnt/ubna_data_02_mir/recover-20221013/UBNA_001/20221012_030000.WAV,Telephone Field,recover-20221013,001,1795
1006.7065,1006.7144,28046,42501,Eptesicus serotinus,0.007,0.021,-1,Echolocation,/mnt/ubna_data_02_mir/recover-20221013/UBNA_001/20221012_030000.WAV,Telephone Field,recover-20221013,001,1795
1006.7155,1006.7571,68437,82172,Rhinolophus ferrumequinum,0.029,0.029,-1,Echolocation,/mnt/ubna_data_02_mir/recover-20221013/UBNA_001/20221012_030000.WAV,Telephone Field,recover-20221013,001,1795
1006.7875,1006.8264,68437,81655,Rhinolophus ferrumequinum,0.02,0.02,-1,Echolocation,/mnt/ubna_data_02_mir/recover-20221013/UBNA_001/20221012_030000.WAV,Telephone Field,recover-20221013,001,1795
1006.8055,1006.8428,68437,81798,Rhinolophus ferrumequinum,0.02,0.021,-1,Echolocation,/mnt/ubna_data_02_mir/recover-20221013/UBNA_001/20221012_030000.WAV,Telephone Field,recover-20221013,001,1795
1006.8105,1006.8193,25468,34122,Eptesicus serotinus,0.01,0.032,-1,Echolocation,/mnt/ubna_data_02_mir/recover-20221013/UBNA_001/20221012_030000.WAV,Telephone Field,recover-20221013,001,1795
1006.8215,1006.861,68437,82396,Rhinolophus ferrumequinum,0.024,0.024,-1,Echolocation,/mnt/ubna_data_02_mir/recover-20221013/UBNA_001/20221012_030000.WAV,Telephone Field,recover-20221013,001,1795
1006.8325,1006.8727,68437,83201,Rhinolophus ferrumequinum,0.023,0.023,-1,Echolocation,/mnt/ubna_data_02_mir/recover-20221013/UBNA_001/20221012_030000.WAV,Telephone Field,recover-20221013,001,1795
1006.8445,1006.8533,23750,31900,Plecotus austriacus,0.007,0.025,-1,Echolocation,/mnt/ubna_data_02_mir/recover-20221013/UBNA_001/20221012_030000.WAV,Telephone Field,recover-20221013,001,1795
1006.8535,1006.8614,26328,35096,Eptesicus serotinus,0.008,0.021,-1,Echolocation,/mnt/ubna_data_02_mir/recover-20221013/UBNA_001/20221012_030000.WAV,Telephone Field,recover-20221013,001,1795
1006.8925,1006.9044,24609,30469,Nyctalus leisleri,0.012,0.026,-1,Echolocation,/mnt/ubna_data_02_mir/recover-20221013/UBNA_001/20221012_030000.WAV,Telephone Field,recover-20221013,001,1795
1006.9085,1006.9474,68437,82664,Rhinolophus ferrumequinum,0.023,0.023,-1,Echolocation,/mnt/ubna_data_02_mir/recover-20221013/UBNA_001/20221012_030000.WAV,Telephone Field,recover-20221013,001,1795
1006.9155,1006.954,68437,82370,Rhinolophus ferrumequinum,0.021,0.021,-1,Echolocation,/mnt/ubna_data_02_mir/recover-20221013/UBNA_001/20221012_030000.WAV,Telephone Field,recover-20221013,001,1795
1006.9305,1006.9407,28046,35197,Eptesicus serotinus,0.015,0.032,-1,Echolocation,/mnt/ubna_data_02_mir/recover-20221013/UBNA_001/20221012_030000.WAV,Telephone Field,recover-20221013,001,1795
1006.9335,1006.9751,68437,82480,Rhinolophus ferrumequinum,0.022,0.022,-1,Echolocation,/mnt/ubna_data_02_mir/recover-20221013/UBNA_001/20221012_030000.WAV,Telephone Field,recover-20221013,001,1795
1006.9465,1006.9898,68437,83168,Rhinolophus ferrumequinum,0.024,0.024,-1,Echolocation,/mnt/ubna_data_02_mir/recover-20221013/UBNA_001/20221012_030000.WAV,Telephone Field,recover-20221013,001,1795
1006.9615,1006.9695,28906,39162,Eptesicus serotinus,0.007,0.022,-1,Echolocation,/mnt/ubna_data_02_mir/recover-20221013/UBNA_001/20221012_030000.WAV,Telephone Field,recover-20221013,001,1795
1006.9705,1007.0116,68437,82754,Rhinolophus ferrumequinum,0.02,0.02,-1,Echolocation,/mnt/ubna_data_02_mir/recover-20221013/UBNA_001/20221012_030000.WAV,Telephone Field,recover-20221013,001,1795
1006.9935,1007.0007,24609,33794,Plecotus austriacus,0.008,0.023,-1,Echolocation,/mnt/ubna_data_02_mir/recover-20221013/UBNA_001/20221012_030000.WAV,Telephone Field,recover-20221013,001,1795
1007.0225,1007.0305,25468,33539,Nyctalus leisleri,0.006,0.022,-1,Echolocation,/mnt/ubna_data_02_mir/recover-20221013/UBNA_001/20221012_030000.WAV,Telephone Field,recover-20221013,001,1795
1007.0335,1007.0738,68437,82796,Rhinolophus ferrumequinum,0.021,0.021,-1,Echolocation,/mnt/ubna_data_02_mir/recover-20221013/UBNA_001/20221012_030000.WAV,Telephone Field,recover-20221013,001,1795
1007.0415,1007.0523,23750,30108,Nyctalus leisleri,0.01,0.028,-1,Echolocation,/mnt/ubna_data_02_mir/recover-20221013/UBNA_001/20221012_030000.WAV,Telephone Field,recover-20221013,001,1795
1007.0705,1007.0789,28046,38724,Eptesicus serotinus,0.019,0.039,-1,Echolocation,/mnt/ubna_data_02_mir/recover-20221013/UBNA_001/20221012_030000.WAV,Telephone Field,recover-20221013,001,1795
1007.0745,1007.115,68437,82054,Rhinolophus ferrumequinum,0.021,0.021,-1,Echolocation,/mnt/ubna_data_02_mir/recover-20221013/UBNA_001/20221012_030000.WAV,Telephone Field,recover-20221013,001,1795
1007.0885,1007.1287,68437,82657,Rhinolophus ferrumequinum,0.023,0.023,-1,Echolocation,/mnt/ubna_data_02_mir/recover-20221013/UBNA_001/20221012_030000.WAV,Telephone Field,recover-20221013,001,1795
1007.1045,1007.1138,28046,37442,Eptesicus serotinus,0.011,0.024,-1,Echolocation,/mnt/ubna_data_02_mir/recover-20221013/UBNA_001/20221012_030000.WAV,Telephone Field,recover-20221013,001,1795
1007.1445,1007.162,24609,29300,Nyctalus leisleri,0.016,0.034,-1,Echolocation,/mnt/ubna_data_02_mir/recover-20221013/UBNA_001/20221012_030000.WAV,Telephone Field,recover-20221013,001,1795
1007.1505,1007.1908,68437,82483,Rhinolophus ferrumequinum,0.021,0.021,-1,Echolocation,/mnt/ubna_data_02_mir/recover-20221013/UBNA_001/20221012_030000.WAV,Telephone Field,recover-20221013,001,1795
1007.1555,1007.1706,28046,32860,Eptesicus serotinus,0.015,0.034,-1,Echolocation,/mnt/ubna_data_02_mir/recover-20221013/UBNA_001/20221012_030000.WAV,Telephone Field,recover-20221013,001,1795
1007.1675,1007.1778,28906,35942,Eptesicus serotinus,0.008,0.022,-1,Echolocation,/mnt/ubna_data_02_mir/recover-20221013/UBNA_001/20221012_030000.WAV,Telephone Field,recover-20221013,001,1795
1007.1815,1007.1894,26328,35150,Eptesicus serotinus,0.007,0.022,-1,Echolocation,/mnt/ubna_data_02_mir/recover-20221013/UBNA_001/20221012_030000.WAV,Telephone Field,recover-20221013,001,1795
1007.1915,1007.2337,68437,82790,Rhinolophus ferrumequinum,0.025,0.025,-1,Echolocation,/mnt/ubna_data_02_mir/recover-20221013/UBNA_001/20221012_030000.WAV,Telephone Field,recover-20221013,001,1795
1007.2245,1007.2386,22031,25801,Nyctalus leisleri,0.013,0.021,-1,Echolocation,/mnt/ubna_data_02_mir/recover-20221013/UBNA_001/20221012_030000.WAV,Telephone Field,recover-20221013,001,1795
1007.2385,1007.2461,25468,34069,Plecotus austriacus,0.007,0.023,-1,Echolocation,/mnt/ubna_data_02_mir/recover-20221013/UBNA_001/20221012_030000.WAV,Telephone Field,recover-20221013,001,1795
1007.2725,1007.2823,28906,37231,Eptesicus serotinus,0.01,0.024,-1,Echolocation,/mnt/ubna_data_02_mir/recover-20221013/UBNA_001/20221012_030000.WAV,Telephone Field,recover-20221013,001,1795
1007.3185,1007.3565,68437,81677,Rhinolophus ferrumequinum,0.021,0.022,-1,Echolocation,/mnt/ubna_data_02_mir/recover-20221013/UBNA_001/20221012_030000.WAV,Telephone Field,recover-20221013,001,1795
1007.3395,1007.3469,26328,36124,Eptesicus serotinus,0.007,0.022,-1,Echolocation,/mnt/ubna_data_02_mir/recover-20221013/UBNA_001/20221012_030000.WAV,Telephone Field,recover-20221013,001,1795
1007.3985,1007.4386,68437,81448,Rhinolophus ferrumequinum,0.028,0.028,-1,Echolocation,/mnt/ubna_data_02_mir/recover-20221013/UBNA_001/20221012_030000.WAV,Telephone Field,recover-20221013,001,1795
1007.4675,1007.4765,24609,31996,Nyctalus leisleri,0.007,0.023,-1,Echolocation,/mnt/ubna_data_02_mir/recover-20221013/UBNA_001/20221012_030000.WAV,Telephone Field,recover-20221013,001,1795
1007.5075,1007.5489,68437,82362,Rhinolophus ferrumequinum,0.021,0.021,-1,Echolocation,/mnt/ubna_data_02_mir/recover-20221013/UBNA_001/20221012_030000.WAV,Telephone Field,recover-20221013,001,1795
1007.5245,1007.5632,68437,82419,Rhinolophus ferrumequinum,0.023,0.023,-1,Echolocation,/mnt/ubna_data_02_mir/recover-20221013/UBNA_001/20221012_030000.WAV,Telephone Field,recover-20221013,001,1795
1007.5285,1007.5367,27187,40280,Eptesicus serotinus,0.008,0.022,-1,Echolocation,/mnt/ubna_data_02_mir/recover-20221013/UBNA_001/20221012_030000.WAV,Telephone Field,recover-20221013,001,1795
1007.5545,1007.5657,24609,30787,Nyctalus leisleri,0.012,0.03,-1,Echolocation,/mnt/ubna_data_02_mir/recover-20221013/UBNA_001/20221012_030000.WAV,Telephone Field,recover-20221013,001,1795
1007.5575,1007.5983,68437,82731,Rhinolophus ferrumequinum,0.022,0.022,-1,Echolocation,/mnt/ubna_data_02_mir/recover-20221013/UBNA_001/20221012_030000.WAV,Telephone Field,recover-20221013,001,1795
1007.5875,1007.6242,68437,81459,Rhinolophus ferrumequinum,0.02,0.021,-1,Echolocation,/mnt/ubna_data_02_mir/recover-20221013/UBNA_001/20221012_030000.WAV,Telephone Field,recover-20221013,001,1795
1007.5995,1007.6148,44375,47097,Pipistrellus pipistrellus,0.049,0.052,-1,Echolocation,/mnt/ubna_data_02_mir/recover-20221013/UBNA_001/20221012_030000.WAV,Telephone Field,recover-20221013,001,1795
1007.6025,1007.6419,68437,82404,Rhinolophus ferrumequinum,0.027,0.027,-1,Echolocation,/mnt/ubna_data_02_mir/recover-20221013/UBNA_001/20221012_030000.WAV,Telephone Field,recover-20221013,001,1795
1007.6165,1007.6525,68437,81153,Rhinolophus ferrumequinum,0.02,0.021,-1,Echolocation,/mnt/ubna_data_02_mir/recover-20221013/UBNA_001/20221012_030000.WAV,Telephone Field,recover-20221013,001,1795
1007.6315,1007.6679,68437,81563,Rhinolophus ferrumequinum,0.021,0.021,-1,Echolocation,/mnt/ubna_data_02_mir/recover-20221013/UBNA_001/20221012_030000.WAV,Telephone Field,recover-20221013,001,1795
1007.6425,1007.6825,68437,82619,Rhinolophus ferrumequinum,0.025,0.025,-1,Echolocation,/mnt/ubna_data_02_mir/recover-20221013/UBNA_001/20221012_030000.WAV,Telephone Field,recover-20221013,001,1795
1007.6555,1007.6928,68437,82080,Rhinolophus ferrumequinum,0.021,0.021,-1,Echolocation,/mnt/ubna_data_02_mir/recover-20221013/UBNA_001/20221012_030000.WAV,Telephone Field,recover-20221013,001,1795
1007.6705,1007.6813,44375,47786,Pipistrellus pipistrellus,0.034,0.036,-1,Echolocation,/mnt/ubna_data_02_mir/recover-20221013/UBNA_001/20221012_030000.WAV,Telephone Field,recover-20221013,001,1795
1007.7065,1007.7146,24609,32896,Plecotus austriacus,0.006,0.021,-1,Echolocation,/mnt/ubna_data_02_mir/recover-20221013/UBNA_001/20221012_030000.WAV,Telephone Field,recover-20221013,001,1795
1007.7335,1007.7709,68437,81814,Rhinolophus ferrumequinum,0.026,0.026,-1,Echolocation,/mnt/ubna_data_02_mir/recover-20221013/UBNA_001/20221012_030000.WAV,Telephone Field,recover-20221013,001,1795
1007.7555,1007.7973,68437,82424,Rhinolophus ferrumequinum,0.021,0.021,-1,Echolocation,/mnt/ubna_data_02_mir/recover-20221013/UBNA_001/20221012_030000.WAV,Telephone Field,recover-20221013,001,1795
1007.7715,1007.7792,28906,38405,Eptesicus serotinus,0.008,0.025,-1,Echolocation,/mnt/ubna_data_02_mir/recover-20221013/UBNA_001/20221012_030000.WAV,Telephone Field,recover-20221013,001,1795
1007.7935,1007.7993,28046,42579,Myotis daubentonii,0.006,0.028,-1,Echolocation,/mnt/ubna_data_02_mir/recover-20221013/UBNA_001/20221012_030000.WAV,Telephone Field,recover-20221013,001,1795
1007.8555,1007.8975,68437,82501,Rhinolophus ferrumequinum,0.024,0.024,-1,Echolocation,/mnt/ubna_data_02_mir/recover-20221013/UBNA_001/20221012_030000.WAV,Telephone Field,recover-20221013,001,1795
1007.8585,1007.8683,28046,36419,Eptesicus serotinus,0.009,0.025,-1,Echolocation,/mnt/ubna_data_02_mir/recover-20221013/UBNA_001/20221012_030000.WAV,Telephone Field,recover-20221013,001,1795
1007.8915,1007.9014999999999,22890,27953,Nyctalus leisleri,0.01,0.02,-1,Echolocation,/mnt/ubna_data_02_mir/recover-20221013/UBNA_001/20221012_030000.WAV,Telephone Field,recover-20221013,001,1795
1007.8935,1007.9026,28906,37961,Eptesicus serotinus,0.007,0.021,-1,Echolocation,/mnt/ubna_data_02_mir/recover-20221013/UBNA_001/20221012_030000.WAV,Telephone Field,recover-20221013,001,1795
1007.9145,1007.9548,68437,82732,Rhinolophus ferrumequinum,0.022,0.022,-1,Echolocation,/mnt/ubna_data_02_mir/recover-20221013/UBNA_001/20221012_030000.WAV,Telephone Field,recover-20221013,001,1795
1007.9235,1007.9615,68437,82383,Rhinolophus ferrumequinum,0.02,0.021,-1,Echolocation,/mnt/ubna_data_02_mir/recover-20221013/UBNA_001/20221012_030000.WAV,Telephone Field,recover-20221013,001,1795
1007.9475,1007.9548,25468,34912,Eptesicus serotinus,0.006,0.022,-1,Echolocation,/mnt/ubna_data_02_mir/recover-20221013/UBNA_001/20221012_030000.WAV,Telephone Field,recover-20221013,001,1795
1007.9685,1007.9838,43515,45801,Pipistrellus pipistrellus,0.059,0.065,-1,Echolocation,/mnt/ubna_data_02_mir/recover-20221013/UBNA_001/20221012_030000.WAV,Telephone Field,recover-20221013,001,1795
1007.9845,1007.9927,25468,38060,Eptesicus serotinus,0.006,0.023,-1,Echolocation,/mnt/ubna_data_02_mir/recover-20221013/UBNA_001/20221012_030000.WAV,Telephone Field,recover-20221013,001,1795
1008.0015,1008.033,69296,81361,Rhinolophus ferrumequinum,0.028,0.028,-1,Echolocation,/mnt/ubna_data_02_mir/recover-20221013/UBNA_001/20221012_030000.WAV,Telephone Field,recover-20221013,001,1795
1008.0015,1008.01,25468,35183,Nyctalus leisleri,0.006,0.024,-1,Echolocation,/mnt/ubna_data_02_mir/recover-20221013/UBNA_001/20221012_030000.WAV,Telephone Field,recover-20221013,001,1795
1008.0015,1008.0143,21171,26341,Nyctalus leisleri,0.01,0.023,-1,Echolocation,/mnt/ubna_data_02_mir/recover-20221013/UBNA_001/20221012_030000.WAV,Telephone Field,recover-20221013,001,1795
1008.0425,1008.0533,25468,31446,Nyctalus leisleri,0.008,0.022,-1,Echolocation,/mnt/ubna_data_02_mir/recover-20221013/UBNA_001/20221012_030000.WAV,Telephone Field,recover-20221013,001,1795
1008.0585,1008.0656,23750,32458,Plecotus austriacus,0.011,0.024,-1,Echolocation,/mnt/ubna_data_02_mir/recover-20221013/UBNA_001/20221012_030000.WAV,Telephone Field,recover-20221013,001,1795
1008.1055,1008.1399,68437,81543,Rhinolophus ferrumequinum,0.024,0.024,-1,Echolocation,/mnt/ubna_data_02_mir/recover-20221013/UBNA_001/20221012_030000.WAV,Telephone Field,recover-20221013,001,1795
1008.2055,1008.2421,68437,82100,Rhinolophus ferrumequinum,0.029,0.029,-1,Echolocation,/mnt/ubna_data_02_mir/recover-20221013/UBNA_001/20221012_030000.WAV,Telephone Field,recover-20221013,001,1795
1008.2195,1008.229,45234,51477,Pipistrellus pipistrellus,0.02,0.023,-1,Echolocation,/mnt/ubna_data_02_mir/recover-20221013/UBNA_001/20221012_030000.WAV,Telephone Field,recover-20221013,001,1795
1008.2555,1008.2633,28906,40649,Eptesicus serotinus,0.008,0.024,-1,Echolocation,/mnt/ubna_data_02_mir/recover-20221013/UBNA_001/20221012_030000.WAV,Telephone Field,recover-20221013,001,1795
1008.2735,1008.3104,68437,81860,Rhinolophus ferrumequinum,0.023,0.023,-1,Echolocation,/mnt/ubna_data_02_mir/recover-20221013/UBNA_001/20221012_030000.WAV,Telephone Field,recover-20221013,001,1795
1008.2785,1008.2889,23750,30855,Nyctalus leisleri,0.009,0.024,-1,Echolocation,/mnt/ubna_data_02_mir/recover-20221013/UBNA_001/20221012_030000.WAV,Telephone Field,recover-20221013,001,1795
1008.3465,1008.3554,28906,38459,Eptesicus serotinus,0.009,0.026,-1,Echolocation,/mnt/ubna_data_02_mir/recover-20221013/UBNA_001/20221012_030000.WAV,Telephone Field,recover-20221013,001,1795
1008.3745,1008.3863,22031,26362,Nyctalus leisleri,0.014,0.026,-1,Echolocation,/mnt/ubna_data_02_mir/recover-20221013/UBNA_001/20221012_030000.WAV,Telephone Field,recover-20221013,001,1795
1008.4445,1008.4795,68437,82087,Rhinolophus ferrumequinum,0.024,0.024,-1,Echolocation,/mnt/ubna_data_02_mir/recover-20221013/UBNA_001/20221012_030000.WAV,Telephone Field,recover-20221013,001,1795
1008.4965,1008.5352,68437,82038,Rhinolophus ferrumequinum,0.022,0.022,-1,Echolocation,/mnt/ubna_data_02_mir/recover-20221013/UBNA_001/20221012_030000.WAV,Telephone Field,recover-20221013,001,1795
1008.5145,1008.5543,68437,81852,Rhinolophus ferrumequinum,0.023,0.023,-1,Echolocation,/mnt/ubna_data_02_mir/recover-20221013/UBNA_001/20221012_030000.WAV,Telephone Field,recover-20221013,001,1795
1008.5485,1008.5879,68437,82449,Rhinolophus ferrumequinum,0.023,0.023,-1,Echolocation,/mnt/ubna_data_02_mir/recover-20221013/UBNA_001/20221012_030000.WAV,Telephone Field,recover-20221013,001,1795
1008.5495,1008.5593,25468,33113,Nyctalus leisleri,0.007,0.022,-1,Echolocation,/mnt/ubna_data_02_mir/recover-20221013/UBNA_001/20221012_030000.WAV,Telephone Field,recover-20221013,001,1795
1008.6145,1008.622,24609,33790,Plecotus austriacus,0.014,0.037,-1,Echolocation,/mnt/ubna_data_02_mir/recover-20221013/UBNA_001/20221012_030000.WAV,Telephone Field,recover-20221013,001,1795
1008.6575,1008.6688,24609,30691,Nyctalus leisleri,0.014,0.031,-1,Echolocation,/mnt/ubna_data_02_mir/recover-20221013/UBNA_001/20221012_030000.WAV,Telephone Field,recover-20221013,001,1795
1008.7025,1008.7134,24609,30597,Nyctalus leisleri,0.011,0.027,-1,Echolocation,/mnt/ubna_data_02_mir/recover-20221013/UBNA_001/20221012_030000.WAV,Telephone Field,recover-20221013,001,1795
1008.7285,1008.7654,68437,81897,Rhinolophus ferrumequinum,0.031,0.031,-1,Echolocation,/mnt/ubna_data_02_mir/recover-20221013/UBNA_001/20221012_030000.WAV,Telephone Field,recover-20221013,001,1795
1008.7515,1008.7914,68437,82817,Rhinolophus ferrumequinum,0.024,0.024,-1,Echolocation,/mnt/ubna_data_02_mir/recover-20221013/UBNA_001/20221012_030000.WAV,Telephone Field,recover-20221013,001,1795
1008.7745,1008.7848,22031,26990,Nyctalus leisleri,0.011,0.023,-1,Echolocation,/mnt/ubna_data_02_mir/recover-20221013/UBNA_001/20221012_030000.WAV,Telephone Field,recover-20221013,001,1795
1008.7975,1008.8084,22031,26569,Nyctalus leisleri,0.012,0.024,-1,Echolocation,/mnt/ubna_data_02_mir/recover-20221013/UBNA_001/20221012_030000.WAV,Telephone Field,recover-20221013,001,1795
1008.8045,1008.8153,22031,25821,Nyctalus leisleri,0.012,0.022,-1,Echolocation,/mnt/ubna_data_02_mir/recover-20221013/UBNA_001/20221012_030000.WAV,Telephone Field,recover-20221013,001,1795
1008.8565,1008.8687,23750,27907,Nyctalus leisleri,0.024,0.04,-1,Echolocation,/mnt/ubna_data_02_mir/recover-20221013/UBNA_001/20221012_030000.WAV,Telephone Field,recover-20221013,001,1795
1008.8665,1008.9082,68437,83249,Rhinolophus ferrumequinum,0.034,0.034,-1,Echolocation,/mnt/ubna_data_02_mir/recover-20221013/UBNA_001/20221012_030000.WAV,Telephone Field,recover-20221013,001,1795
1008.9305,1008.9382,24609,33088,Plecotus austriacus,0.008,0.022,-1,Echolocation,/mnt/ubna_data_02_mir/recover-20221013/UBNA_001/20221012_030000.WAV,Telephone Field,recover-20221013,001,1795
1008.9505,1008.9905,68437,82377,Rhinolophus ferrumequinum,0.022,0.022,-1,Echolocation,/mnt/ubna_data_02_mir/recover-20221013/UBNA_001/20221012_030000.WAV,Telephone Field,recover-20221013,001,1795
1008.9605,1008.9963,68437,82112,Rhinolophus ferrumequinum,0.022,0.022,-1,Echolocation,/mnt/ubna_data_02_mir/recover-20221013/UBNA_001/20221012_030000.WAV,Telephone Field,recover-20221013,001,1795
1008.9715,1009.009,68437,81929,Rhinolophus ferrumequinum,0.022,0.022,-1,Echolocation,/mnt/ubna_data_02_mir/recover-20221013/UBNA_001/20221012_030000.WAV,Telephone Field,recover-20221013,001,1795
1009.0075,1009.0144,24609,37407,Plecotus austriacus,0.01,0.026,-1,Echolocation,/mnt/ubna_data_02_mir/recover-20221013/UBNA_001/20221012_030000.WAV,Telephone Field,recover-20221013,001,1795
1009.0225,1009.059,68437,81684,Rhinolophus ferrumequinum,0.022,0.022,-1,Echolocation,/mnt/ubna_data_02_mir/recover-20221013/UBNA_001/20221012_030000.WAV,Telephone Field,recover-20221013,001,1795
1009.0595,1009.0999,68437,82429,Rhinolophus ferrumequinum,0.023,0.023,-1,Echolocation,/mnt/ubna_data_02_mir/recover-20221013/UBNA_001/20221012_030000.WAV,Telephone Field,recover-20221013,001,1795
1009.0625,1009.0701,27187,37752,Eptesicus serotinus,0.009,0.023,-1,Echolocation,/mnt/ubna_data_02_mir/recover-20221013/UBNA_001/20221012_030000.WAV,Telephone Field,recover-20221013,001,1795
1009.0795,1009.0893,22890,29243,Nyctalus leisleri,0.009,0.023,-1,Echolocation,/mnt/ubna_data_02_mir/recover-20221013/UBNA_001/20221012_030000.WAV,Telephone Field,recover-20221013,001,1795
1009.1425,1009.1531,23750,29047,Nyctalus leisleri,0.012,0.025,-1,Echolocation,/mnt/ubna_data_02_mir/recover-20221013/UBNA_001/20221012_030000.WAV,Telephone Field,recover-20221013,001,1795
1009.1495,1009.1897,68437,82215,Rhinolophus ferrumequinum,0.025,0.025,-1,Echolocation,/mnt/ubna_data_02_mir/recover-20221013/UBNA_001/20221012_030000.WAV,Telephone Field,recover-20221013,001,1795
1009.1575,1009.1641,24609,35122,Plecotus austriacus,0.014,0.031,-1,Echolocation,/mnt/ubna_data_02_mir/recover-20221013/UBNA_001/20221012_030000.WAV,Telephone Field,recover-20221013,001,1795
1009.1965,1009.2048,28906,38746,Eptesicus serotinus,0.008,0.023,-1,Echolocation,/mnt/ubna_data_02_mir/recover-20221013/UBNA_001/20221012_030000.WAV,Telephone Field,recover-20221013,001,1795
1009.2075,1009.2448,68437,82310,Rhinolophus ferrumequinum,0.027,0.027,-1,Echolocation,/mnt/ubna_data_02_mir/recover-20221013/UBNA_001/20221012_030000.WAV,Telephone Field,recover-20221013,001,1795
1009.2095,1009.216,24609,39210,Myotis nattereri,0.007,0.022,-1,Echolocation,/mnt/ubna_data_02_mir/recover-20221013/UBNA_001/20221012_030000.WAV,Telephone Field,recover-20221013,001,1795
1009.2305,1009.2411,22890,28899,Nyctalus leisleri,0.01,0.022,-1,Echolocation,/mnt/ubna_data_02_mir/recover-20221013/UBNA_001/20221012_030000.WAV,Telephone Field,recover-20221013,001,1795
1009.3045,1009.3118,23750,32149,Plecotus austriacus,0.009,0.022,-1,Echolocation,/mnt/ubna_data_02_mir/recover-20221013/UBNA_001/20221012_030000.WAV,Telephone Field,recover-20221013,001,1795
1009.3255,1009.3622,68437,81815,Rhinolophus ferrumequinum,0.022,0.022,-1,Echolocation,/mnt/ubna_data_02_mir/recover-20221013/UBNA_001/20221012_030000.WAV,Telephone Field,recover-20221013,001,1795
1009.3675,1009.4087,68437,83201,Rhinolophus ferrumequinum,0.028,0.028,-1,Echolocation,/mnt/ubna_data_02_mir/recover-20221013/UBNA_001/20221012_030000.WAV,Telephone Field,recover-20221013,001,1795
1009.4105,1009.4475,68437,81359,Rhinolophus ferrumequinum,0.022,0.022,-1,Echolocation,/mnt/ubna_data_02_mir/recover-20221013/UBNA_001/20221012_030000.WAV,Telephone Field,recover-20221013,001,1795
1009.4365,1009.4431,24609,34155,Plecotus austriacus,0.01,0.024,-1,Echolocation,/mnt/ubna_data_02_mir/recover-20221013/UBNA_001/20221012_030000.WAV,Telephone Field,recover-20221013,001,1795
1009.4565,1009.4637,23750,35685,Plecotus austriacus,0.012,0.028,-1,Echolocation,/mnt/ubna_data_02_mir/recover-20221013/UBNA_001/20221012_030000.WAV,Telephone Field,recover-20221013,001,1795
1009.4735000000001,1009.5110999999999,68437,81692,Rhinolophus ferrumequinum,0.023,0.023,-1,Echolocation,/mnt/ubna_data_02_mir/recover-20221013/UBNA_001/20221012_030000.WAV,Telephone Field,recover-20221013,001,1795
1009.5025,1009.5131,22031,26806,Nyctalus leisleri,0.011,0.024,-1,Echolocation,/mnt/ubna_data_02_mir/recover-20221013/UBNA_001/20221012_030000.WAV,Telephone Field,recover-20221013,001,1795
1009.5125,1009.5219,23750,30388,Nyctalus leisleri,0.009,0.026,-1,Echolocation,/mnt/ubna_data_02_mir/recover-20221013/UBNA_001/20221012_030000.WAV,Telephone Field,recover-20221013,001,1795
1009.5255,1009.5631,68437,82391,Rhinolophus ferrumequinum,0.024,0.024,-1,Echolocation,/mnt/ubna_data_02_mir/recover-20221013/UBNA_001/20221012_030000.WAV,Telephone Field,recover-20221013,001,1795
1009.5315,1009.5686,68437,82090,Rhinolophus ferrumequinum,0.024,0.024,-1,Echolocation,/mnt/ubna_data_02_mir/recover-20221013/UBNA_001/20221012_030000.WAV,Telephone Field,recover-20221013,001,1795
1009.5425,1009.5794,68437,80814,Rhinolophus ferrumequinum,0.022,0.022,-1,Echolocation,/mnt/ubna_data_02_mir/recover-20221013/UBNA_001/20221012_030000.WAV,Telephone Field,recover-20221013,001,1795
1009.5435,1009.5542,24609,30632,Nyctalus leisleri,0.009,0.023,-1,Echolocation,/mnt/ubna_data_02_mir/recover-20221013/UBNA_001/20221012_030000.WAV,Telephone Field,recover-20221013,001,1795
1009.5745,1009.582,28906,39072,Eptesicus serotinus,0.008,0.024,-1,Echolocation,/mnt/ubna_data_02_mir/recover-20221013/UBNA_001/20221012_030000.WAV,Telephone Field,recover-20221013,001,1795
1009.5805,1009.622,68437,83596,Rhinolophus ferrumequinum,0.047,0.047,-1,Echolocation,/mnt/ubna_data_02_mir/recover-20221013/UBNA_001/20221012_030000.WAV,Telephone Field,recover-20221013,001,1795
1009.5985000000001,1009.6184,22890,26058,Nyctalus leisleri,0.035,0.063,-1,Echolocation,/mnt/ubna_data_02_mir/recover-20221013/UBNA_001/20221012_030000.WAV,Telephone Field,recover-20221013,001,1795
1009.6135,1009.6519,68437,81904,Rhinolophus ferrumequinum,0.022,0.022,-1,Echolocation,/mnt/ubna_data_02_mir/recover-20221013/UBNA_001/20221012_030000.WAV,Telephone Field,recover-20221013,001,1795
1009.6415,1009.6486,27187,39236,Eptesicus serotinus,0.005,0.023,-1,Echolocation,/mnt/ubna_data_02_mir/recover-20221013/UBNA_001/20221012_030000.WAV,Telephone Field,recover-20221013,001,1795
1009.6575,1009.6969,68437,82397,Rhinolophus ferrumequinum,0.023,0.023,-1,Echolocation,/mnt/ubna_data_02_mir/recover-20221013/UBNA_001/20221012_030000.WAV,Telephone Field,recover-20221013,001,1795
1009.6655,1009.7036,68437,82459,Rhinolophus ferrumequinum,0.023,0.023,-1,Echolocation,/mnt/ubna_data_02_mir/recover-20221013/UBNA_001/20221012_030000.WAV,Telephone Field,recover-20221013,001,1795
1009.7025,1009.7401,68437,82009,Rhinolophus ferrumequinum,0.022,0.022,-1,Echolocation,/mnt/ubna_data_02_mir/recover-20221013/UBNA_001/20221012_030000.WAV,Telephone Field,recover-20221013,001,1795
1009.7295,1009.7681,68437,82306,Rhinolophus ferrumequinum,0.023,0.023,-1,Echolocation,/mnt/ubna_data_02_mir/recover-20221013/UBNA_001/20221012_030000.WAV,Telephone Field,recover-20221013,001,1795
1009.7395,1009.7783,68437,82802,Rhinolophus ferrumequinum,0.025,0.025,-1,Echolocation,/mnt/ubna_data_02_mir/recover-20221013/UBNA_001/20221012_030000.WAV,Telephone Field,recover-20221013,001,1795
1009.7815,1009.7905,44375,49126,Pipistrellus pipistrellus,0.023,0.025,-1,Echolocation,/mnt/ubna_data_02_mir/recover-20221013/UBNA_001/20221012_030000.WAV,Telephone Field,recover-20221013,001,1795
1009.7995,1009.809,25468,31884,Nyctalus leisleri,0.014,0.039,-1,Echolocation,/mnt/ubna_data_02_mir/recover-20221013/UBNA_001/20221012_030000.WAV,Telephone Field,recover-20221013,001,1795
1009.8105,1009.8478,68437,81397,Rhinolophus ferrumequinum,0.022,0.022,-1,Echolocation,/mnt/ubna_data_02_mir/recover-20221013/UBNA_001/20221012_030000.WAV,Telephone Field,recover-20221013,001,1795
1009.8295,1009.8402,32343,38311,Eptesicus serotinus,0.007,0.023,-1,Echolocation,/mnt/ubna_data_02_mir/recover-20221013/UBNA_001/20221012_030000.WAV,Telephone Field,recover-20221013,001,1795
1009.8465,1009.8855,68437,82700,Rhinolophus ferrumequinum,0.025,0.025,-1,Echolocation,/mnt/ubna_data_02_mir/recover-20221013/UBNA_001/20221012_030000.WAV,Telephone Field,recover-20221013,001,1795
1009.8515,1009.8619,22031,27606,Nyctalus leisleri,0.009,0.022,-1,Echolocation,/mnt/ubna_data_02_mir/recover-20221013/UBNA_001/20221012_030000.WAV,Telephone Field,recover-20221013,001,1795
1009.8655,1009.8714,25468,39148,Plecotus austriacus,0.012,0.033,-1,Echolocation,/mnt/ubna_data_02_mir/recover-20221013/UBNA_001/20221012_030000.WAV,Telephone Field,recover-20221013,001,1795
1009.9025,1009.9399,68437,82055,Rhinolophus ferrumequinum,0.027,0.027,-1,Echolocation,/mnt/ubna_data_02_mir/recover-20221013/UBNA_001/20221012_030000.WAV,Telephone Field,recover-20221013,001,1795
1009.9395,1009.9771,68437,81893,Rhinolophus ferrumequinum,0.022,0.022,-1,Echolocation,/mnt/ubna_data_02_mir/recover-20221013/UBNA_001/20221012_030000.WAV,Telephone Field,recover-20221013,001,1795
1009.9465,1009.9539,28906,40602,Eptesicus serotinus,0.007,0.027,-1,Echolocation,/mnt/ubna_data_02_mir/recover-20221013/UBNA_001/20221012_030000.WAV,Telephone Field,recover-20221013,001,1795
1010.0015,1010.0347,69296,81628,Rhinolophus ferrumequinum,0.027,0.027,-1,Echolocation,/mnt/ubna_data_02_mir/recover-20221013/UBNA_001/20221012_030000.WAV,Telephone Field,recover-20221013,001,1795
1010.0015,1010.011,22890,29886,Nyctalus leisleri,0.012,0.032,-1,Echolocation,/mnt/ubna_data_02_mir/recover-20221013/UBNA_001/20221012_030000.WAV,Telephone Field,recover-20221013,001,1795
1010.0105,1010.0516,68437,82105,Rhinolophus ferrumequinum,0.021,0.021,-1,Echolocation,/mnt/ubna_data_02_mir/recover-20221013/UBNA_001/20221012_030000.WAV,Telephone Field,recover-20221013,001,1795
1010.0125,1010.0214,26328,35532,Eptesicus serotinus,0.008,0.023,-1,Echolocation,/mnt/ubna_data_02_mir/recover-20221013/UBNA_001/20221012_030000.WAV,Telephone Field,recover-20221013,001,1795
1010.0355,1010.0424,26328,38919,Eptesicus serotinus,0.006,0.021,-1,Echolocation,/mnt/ubna_data_02_mir/recover-20221013/UBNA_001/20221012_030000.WAV,Telephone Field,recover-20221013,001,1795
1010.0395,1010.0809,68437,82161,Rhinolophus ferrumequinum,0.022,0.022,-1,Echolocation,/mnt/ubna_data_02_mir/recover-20221013/UBNA_001/20221012_030000.WAV,Telephone Field,recover-20221013,001,1795
1010.0635,1010.0706,28046,40044,Eptesicus serotinus,0.007,0.022,-1,Echolocation,/mnt/ubna_data_02_mir/recover-20221013/UBNA_001/20221012_030000.WAV,Telephone Field,recover-20221013,001,1795
1010.0865,1010.1257,68437,81883,Rhinolophus ferrumequinum,0.023,0.023,-1,Echolocation,/mnt/ubna_data_02_mir/recover-20221013/UBNA_001/20221012_030000.WAV,Telephone Field,recover-20221013,001,1795
1010.1115,1010.1461,68437,81520,Rhinolophus ferrumequinum,0.023,0.023,-1,Echolocation,/mnt/ubna_data_02_mir/recover-20221013/UBNA_001/20221012_030000.WAV,Telephone Field,recover-20221013,001,1795
1010.1385,1010.1722,68437,80928,Rhinolophus ferrumequinum,0.02,0.021,-1,Echolocation,/mnt/ubna_data_02_mir/recover-20221013/UBNA_001/20221012_030000.WAV,Telephone Field,recover-20221013,001,1795
1010.1455,1010.1527,48671,52869,Pipistrellus pipistrellus,0.022,0.023,-1,Echolocation,/mnt/ubna_data_02_mir/recover-20221013/UBNA_001/20221012_030000.WAV,Telephone Field,recover-20221013,001,1795
1010.1735,1010.1874,22031,25567,Nyctalus leisleri,0.013,0.021,-1,Echolocation,/mnt/ubna_data_02_mir/recover-20221013/UBNA_001/20221012_030000.WAV,Telephone Field,recover-20221013,001,1795
1010.2035,1010.2398,68437,81179,Rhinolophus ferrumequinum,0.021,0.021,-1,Echolocation,/mnt/ubna_data_02_mir/recover-20221013/UBNA_001/20221012_030000.WAV,Telephone Field,recover-20221013,001,1795
1010.2315,1010.2388,24609,34410,Plecotus austriacus,0.008,0.024,-1,Echolocation,/mnt/ubna_data_02_mir/recover-20221013/UBNA_001/20221012_030000.WAV,Telephone Field,recover-20221013,001,1795
1010.2445,1010.2811,68437,82016,Rhinolophus ferrumequinum,0.021,0.021,-1,Echolocation,/mnt/ubna_data_02_mir/recover-20221013/UBNA_001/20221012_030000.WAV,Telephone Field,recover-20221013,001,1795
1010.2475,1010.2557,28046,37900,Eptesicus serotinus,0.008,0.022,-1,Echolocation,/mnt/ubna_data_02_mir/recover-20221013/UBNA_001/20221012_030000.WAV,Telephone Field,recover-20221013,001,1795
1010.2745,1010.2843,26328,36549,Eptesicus serotinus,0.009,0.021,-1,Echolocation,/mnt/ubna_data_02_mir/recover-20221013/UBNA_001/20221012_030000.WAV,Telephone Field,recover-20221013,001,1795
1010.2745,1010.3128,68437,82180,Rhinolophus ferrumequinum,0.021,0.021,-1,Echolocation,/mnt/ubna_data_02_mir/recover-20221013/UBNA_001/20221012_030000.WAV,Telephone Field,recover-20221013,001,1795
1010.2845,1010.2918999999999,26328,38401,Eptesicus serotinus,0.005,0.021,-1,Echolocation,/mnt/ubna_data_02_mir/recover-20221013/UBNA_001/20221012_030000.WAV,Telephone Field,recover-20221013,001,1795
1010.3205,1010.3305,25468,33010,Eptesicus serotinus,0.007,0.021,-1,Echolocation,/mnt/ubna_data_02_mir/recover-20221013/UBNA_001/20221012_030000.WAV,Telephone Field,recover-20221013,001,1795
1010.3225,1010.3629,68437,82066,Rhinolophus ferrumequinum,0.023,0.023,-1,Echolocation,/mnt/ubna_data_02_mir/recover-20221013/UBNA_001/20221012_030000.WAV,Telephone Field,recover-20221013,001,1795
1010.3275,1010.3372,25468,32310,Nyctalus leisleri,0.007,0.021,-1,Echolocation,/mnt/ubna_data_02_mir/recover-20221013/UBNA_001/20221012_030000.WAV,Telephone Field,recover-20221013,001,1795
1010.4075,1010.4175,24609,31738,Nyctalus leisleri,0.007,0.021,-1,Echolocation,/mnt/ubna_data_02_mir/recover-20221013/UBNA_001/20221012_030000.WAV,Telephone Field,recover-20221013,001,1795
1010.4315,1010.4728,68437,82352,Rhinolophus ferrumequinum,0.033,0.033,-1,Echolocation,/mnt/ubna_data_02_mir/recover-20221013/UBNA_001/20221012_030000.WAV,Telephone Field,recover-20221013,001,1795
1010.4665,1010.503,68437,81836,Rhinolophus ferrumequinum,0.021,0.021,-1,Echolocation,/mnt/ubna_data_02_mir/recover-20221013/UBNA_001/20221012_030000.WAV,Telephone Field,recover-20221013,001,1795
1010.4755,1010.5110999999999,68437,81133,Rhinolophus ferrumequinum,0.02,0.02,-1,Echolocation,/mnt/ubna_data_02_mir/recover-20221013/UBNA_001/20221012_030000.WAV,Telephone Field,recover-20221013,001,1795
1010.4765,1010.4862,24609,31835,Nyctalus leisleri,0.008,0.023,-1,Echolocation,/mnt/ubna_data_02_mir/recover-20221013/UBNA_001/20221012_030000.WAV,Telephone Field,recover-20221013,001,1795
1010.4945,1010.505,22031,26447,Nyctalus leisleri,0.011,0.021,-1,Echolocation,/mnt/ubna_data_02_mir/recover-20221013/UBNA_001/20221012_030000.WAV,Telephone Field,recover-20221013,001,1795
1010.4965,1010.5338,68437,81415,Rhinolophus ferrumequinum,0.021,0.021,-1,Echolocation,/mnt/ubna_data_02_mir/recover-20221013/UBNA_001/20221012_030000.WAV,Telephone Field,recover-20221013,001,1795
1010.5175,1010.5553,68437,82090,Rhinolophus ferrumequinum,0.021,0.021,-1,Echolocation,/mnt/ubna_data_02_mir/recover-20221013/UBNA_001/20221012_030000.WAV,Telephone Field,recover-20221013,001,1795
1010.5185,1010.5253,26328,35906,Eptesicus serotinus,0.005,0.021,-1,Echolocation,/mnt/ubna_data_02_mir/recover-20221013/UBNA_001/20221012_030000.WAV,Telephone Field,recover-20221013,001,1795
1010.5285,1010.5367,23750,31991,Plecotus austriacus,0.011,0.025,-1,Echolocation,/mnt/ubna_data_02_mir/recover-20221013/UBNA_001/20221012_030000.WAV,Telephone Field,recover-20221013,001,1795
1010.5785,1010.6158,68437,81238,Rhinolophus ferrumequinum,0.023,0.023,-1,Echolocation,/mnt/ubna_data_02_mir/recover-20221013/UBNA_001/20221012_030000.WAV,Telephone Field,recover-20221013,001,1795
1010.6055,1010.6495,68437,83376,Rhinolophus ferrumequinum,0.045,0.045,-1,Echolocation,/mnt/ubna_data_02_mir/recover-20221013/UBNA_001/20221012_030000.WAV,Telephone Field,recover-20221013,001,1795
1010.6555,1010.663,28046,39745,Eptesicus serotinus,0.006,0.021,-1,Echolocation,/mnt/ubna_data_02_mir/recover-20221013/UBNA_001/20221012_030000.WAV,Telephone Field,recover-20221013,001,1795
1010.6865,1010.7275,68437,82709,Rhinolophus ferrumequinum,0.024,0.024,-1,Echolocation,/mnt/ubna_data_02_mir/recover-20221013/UBNA_001/20221012_030000.WAV,Telephone Field,recover-20221013,001,1795
1010.7255,1010.7629,68437,82039,Rhinolophus ferrumequinum,0.021,0.021,-1,Echolocation,/mnt/ubna_data_02_mir/recover-20221013/UBNA_001/20221012_030000.WAV,Telephone Field,recover-20221013,001,1795
1010.7255,1010.7354,22031,27151,Nyctalus leisleri,0.01,0.028,-1,Echolocation,/mnt/ubna_data_02_mir/recover-20221013/UBNA_001/20221012_030000.WAV,Telephone Field,recover-20221013,001,1795
1010.7395,1010.7773,68437,81679,Rhinolophus ferrumequinum,0.02,0.021,-1,Echolocation,/mnt/ubna_data_02_mir/recover-20221013/UBNA_001/20221012_030000.WAV,Telephone Field,recover-20221013,001,1795
1010.7645,1010.7724,25468,34806,Eptesicus serotinus,0.008,0.023,-1,Echolocation,/mnt/ubna_data_02_mir/recover-20221013/UBNA_001/20221012_030000.WAV,Telephone Field,recover-20221013,001,1795
1010.7735,1010.8148,68437,82777,Rhinolophus ferrumequinum,0.031,0.031,-1,Echolocation,/mnt/ubna_data_02_mir/recover-20221013/UBNA_001/20221012_030000.WAV,Telephone Field,recover-20221013,001,1795
1010.7855,1010.8219,68437,81957,Rhinolophus ferrumequinum,0.024,0.024,-1,Echolocation,/mnt/ubna_data_02_mir/recover-20221013/UBNA_001/20221012_030000.WAV,Telephone Field,recover-20221013,001,1795
1010.8135,1010.825,22890,27342,Nyctalus leisleri,0.015,0.028,-1,Echolocation,/mnt/ubna_data_02_mir/recover-20221013/UBNA_001/20221012_030000.WAV,Telephone Field,recover-20221013,001,1795
1010.8385,1010.8754,68437,82055,Rhinolophus ferrumequinum,0.021,0.021,-1,Echolocation,/mnt/ubna_data_02_mir/recover-20221013/UBNA_001/20221012_030000.WAV,Telephone Field,recover-20221013,001,1795
1010.8585,1010.8968,68437,82935,Rhinolophus ferrumequinum,0.022,0.022,-1,Echolocation,/mnt/ubna_data_02_mir/recover-20221013/UBNA_001/20221012_030000.WAV,Telephone Field,recover-20221013,001,1795
1010.8655,1010.9043,68437,82909,Rhinolophus ferrumequinum,0.024,0.024,-1,Echolocation,/mnt/ubna_data_02_mir/recover-20221013/UBNA_001/20221012_030000.WAV,Telephone Field,recover-20221013,001,1795
1010.9425,1010.9524,50390,56018,Pipistrellus pipistrellus,0.029,0.033,-1,Echolocation,/mnt/ubna_data_02_mir/recover-20221013/UBNA_001/20221012_030000.WAV,Telephone Field,recover-20221013,001,1795
1010.9455,1010.9548,23750,30295,Nyctalus leisleri,0.008,0.023,-1,Echolocation,/mnt/ubna_data_02_mir/recover-20221013/UBNA_001/20221012_030000.WAV,Telephone Field,recover-20221013,001,1795
1010.9475,1010.9875,68437,82326,Rhinolophus ferrumequinum,0.021,0.021,-1,Echolocation,/mnt/ubna_data_02_mir/recover-20221013/UBNA_001/20221012_030000.WAV,Telephone Field,recover-20221013,001,1795
1010.9535,1010.9639,22031,26566,Nyctalus leisleri,0.01,0.022,-1,Echolocation,/mnt/ubna_data_02_mir/recover-20221013/UBNA_001/20221012_030000.WAV,Telephone Field,recover-20221013,001,1795
1010.9545,1010.992,68437,81885,Rhinolophus ferrumequinum,0.023,0.023,-1,Echolocation,/mnt/ubna_data_02_mir/recover-20221013/UBNA_001/20221012_030000.WAV,Telephone Field,recover-20221013,001,1795
1010.9725,1010.9807,23750,31248,Plecotus austriacus,0.008,0.021,-1,Echolocation,/mnt/ubna_data_02_mir/recover-20221013/UBNA_001/20221012_030000.WAV,Telephone Field,recover-20221013,001,1795
1010.9865,1011.0239,68437,81530,Rhinolophus ferrumequinum,0.022,0.022,-1,Echolocation,/mnt/ubna_data_02_mir/recover-20221013/UBNA_001/20221012_030000.WAV,Telephone Field,recover-20221013,001,1795
1010.9905,1010.9994,27187,38806,Eptesicus serotinus,0.008,0.023,-1,Echolocation,/mnt/ubna_data_02_mir/recover-20221013/UBNA_001/20221012_030000.WAV,Telephone Field,recover-20221013,001,1795
1010.9965,1011.0353,68437,82001,Rhinolophus ferrumequinum,0.028,0.028,-1,Echolocation,/mnt/ubna_data_02_mir/recover-20221013/UBNA_001/20221012_030000.WAV,Telephone Field,recover-20221013,001,1795
1011.0175,1011.0233,33203,45607,Myotis daubentonii,0.012,0.032,-1,Echolocation,/mnt/ubna_data_02_mir/recover-20221013/UBNA_001/20221012_030000.WAV,Telephone Field,recover-20221013,001,1795
1011.0185,1011.0245,28046,46884,Eptesicus serotinus,0.009,0.034,-1,Echolocation,/mnt/ubna_data_02_mir/recover-20221013/UBNA_001/20221012_030000.WAV,Telephone Field,recover-20221013,001,1795
1011.0935,1011.1345,68437,82431,Rhinolophus ferrumequinum,0.021,0.021,-1,Echolocation,/mnt/ubna_data_02_mir/recover-20221013/UBNA_001/20221012_030000.WAV,Telephone Field,recover-20221013,001,1795
1011.1275,1011.1377,28046,35537,Eptesicus serotinus,0.009,0.022,-1,Echolocation,/mnt/ubna_data_02_mir/recover-20221013/UBNA_001/20221012_030000.WAV,Telephone Field,recover-20221013,001,1795
1011.1325,1011.1708,68437,81704,Rhinolophus ferrumequinum,0.021,0.021,-1,Echolocation,/mnt/ubna_data_02_mir/recover-20221013/UBNA_001/20221012_030000.WAV,Telephone Field,recover-20221013,001,1795
1011.1625,1011.1697,23750,32686,Plecotus austriacus,0.008,0.021,-1,Echolocation,/mnt/ubna_data_02_mir/recover-20221013/UBNA_001/20221012_030000.WAV,Telephone Field,recover-20221013,001,1795
1011.1635,1011.1784,34921,38362,Nyctalus leisleri,0.015,0.041,-1,Echolocation,/mnt/ubna_data_02_mir/recover-20221013/UBNA_001/20221012_030000.WAV,Telephone Field,recover-20221013,001,1795
1011.1645,1011.1999,68437,81199,Rhinolophus ferrumequinum,0.021,0.021,-1,Echolocation,/mnt/ubna_data_02_mir/recover-20221013/UBNA_001/20221012_030000.WAV,Telephone Field,recover-20221013,001,1795
1011.1705,1011.206,68437,81564,Rhinolophus ferrumequinum,0.021,0.021,-1,Echolocation,/mnt/ubna_data_02_mir/recover-20221013/UBNA_001/20221012_030000.WAV,Telephone Field,recover-20221013,001,1795
1011.1855,1011.2265,68437,82306,Rhinolophus ferrumequinum,0.022,0.022,-1,Echolocation,/mnt/ubna_data_02_mir/recover-20221013/UBNA_001/20221012_030000.WAV,Telephone Field,recover-20221013,001,1795
1011.2385,1011.2764,68437,81877,Rhinolophus ferrumequinum,0.023,0.023,-1,Echolocation,/mnt/ubna_data_02_mir/recover-20221013/UBNA_001/20221012_030000.WAV,Telephone Field,recover-20221013,001,1795
1011.2745,1011.2864,28906,35113,Eptesicus serotinus,0.013,0.024,-1,Echolocation,/mnt/ubna_data_02_mir/recover-20221013/UBNA_001/20221012_030000.WAV,Telephone Field,recover-20221013,001,1795
1011.2815,1011.3195,68437,82132,Rhinolophus ferrumequinum,0.024,0.024,-1,Echolocation,/mnt/ubna_data_02_mir/recover-20221013/UBNA_001/20221012_030000.WAV,Telephone Field,recover-20221013,001,1795
1011.2945,1011.3025,28046,38767,Eptesicus serotinus,0.008,0.021,-1,Echolocation,/mnt/ubna_data_02_mir/recover-20221013/UBNA_001/20221012_030000.WAV,Telephone Field,recover-20221013,001,1795
1011.2965,1011.304,23750,31883,Plecotus austriacus,0.008,0.021,-1,Echolocation,/mnt/ubna_data_02_mir/recover-20221013/UBNA_001/20221012_030000.WAV,Telephone Field,recover-20221013,001,1795
1011.3405,1011.3534,14296,19455,Nyctalus noctula,0.014,0.023,-1,Echolocation,/mnt/ubna_data_02_mir/recover-20221013/UBNA_001/20221012_030000.WAV,Telephone Field,recover-20221013,001,1795
1011.3425,1011.3794,68437,81879,Rhinolophus ferrumequinum,0.022,0.022,-1,Echolocation,/mnt/ubna_data_02_mir/recover-20221013/UBNA_001/20221012_030000.WAV,Telephone Field,recover-20221013,001,1795
1011.3545,1011.3622,25468,34501,Eptesicus serotinus,0.005,0.021,-1,Echolocation,/mnt/ubna_data_02_mir/recover-20221013/UBNA_001/20221012_030000.WAV,Telephone Field,recover-20221013,001,1795
1011.3595,1011.3997,68437,82194,Rhinolophus ferrumequinum,0.031,0.031,-1,Echolocation,/mnt/ubna_data_02_mir/recover-20221013/UBNA_001/20221012_030000.WAV,Telephone Field,recover-20221013,001,1795
1011.3905,1011.4312,68437,83209,Rhinolophus ferrumequinum,0.029,0.029,-1,Echolocation,/mnt/ubna_data_02_mir/recover-20221013/UBNA_001/20221012_030000.WAV,Telephone Field,recover-20221013,001,1795
1011.4145,1011.4502,68437,81473,Rhinolophus ferrumequinum,0.02,0.021,-1,Echolocation,/mnt/ubna_data_02_mir/recover-20221013/UBNA_001/20221012_030000.WAV,Telephone Field,recover-20221013,001,1795
1011.4145,1011.4261,23750,29322,Nyctalus leisleri,0.012,0.025,-1,Echolocation,/mnt/ubna_data_02_mir/recover-20221013/UBNA_001/20221012_030000.WAV,Telephone Field,recover-20221013,001,1795
1011.4265,1011.4649,68437,81904,Rhinolophus ferrumequinum,0.021,0.021,-1,Echolocation,/mnt/ubna_data_02_mir/recover-20221013/UBNA_001/20221012_030000.WAV,Telephone Field,recover-20221013,001,1795
1011.4305,1011.4379,27187,39849,Eptesicus serotinus,0.007,0.025,-1,Echolocation,/mnt/ubna_data_02_mir/recover-20221013/UBNA_001/20221012_030000.WAV,Telephone Field,recover-20221013,001,1795
1011.4475,1011.4865,68437,82684,Rhinolophus ferrumequinum,0.039,0.039,-1,Echolocation,/mnt/ubna_data_02_mir/recover-20221013/UBNA_001/20221012_030000.WAV,Telephone Field,recover-20221013,001,1795
1011.4745,1011.5128,68437,81832,Rhinolophus ferrumequinum,0.022,0.022,-1,Echolocation,/mnt/ubna_data_02_mir/recover-20221013/UBNA_001/20221012_030000.WAV,Telephone Field,recover-20221013,001,1795
1011.4845,1011.4923,24609,33340,Plecotus austriacus,0.008,0.025,-1,Echolocation,/mnt/ubna_data_02_mir/recover-20221013/UBNA_001/20221012_030000.WAV,Telephone Field,recover-20221013,001,1795
1011.4885,1011.5274,68437,82621,Rhinolophus ferrumequinum,0.028,0.028,-1,Echolocation,/mnt/ubna_data_02_mir/recover-20221013/UBNA_001/20221012_030000.WAV,Telephone Field,recover-20221013,001,1795
1011.5195,1011.5573,68437,82428,Rhinolophus ferrumequinum,0.022,0.022,-1,Echolocation,/mnt/ubna_data_02_mir/recover-20221013/UBNA_001/20221012_030000.WAV,Telephone Field,recover-20221013,001,1795
1011.5345,1011.5457,28906,35723,Eptesicus serotinus,0.015,0.029,-1,Echolocation,/mnt/ubna_data_02_mir/recover-20221013/UBNA_001/20221012_030000.WAV,Telephone Field,recover-20221013,001,1795
1011.5605,1011.5703,28046,36336,Eptesicus serotinus,0.009,0.023,-1,Echolocation,/mnt/ubna_data_02_mir/recover-20221013/UBNA_001/20221012_030000.WAV,Telephone Field,recover-20221013,001,1795
1011.5755,1011.615,68437,81938,Rhinolophus ferrumequinum,0.023,0.023,-1,Echolocation,/mnt/ubna_data_02_mir/recover-20221013/UBNA_001/20221012_030000.WAV,Telephone Field,recover-20221013,001,1795
1011.6205,1011.6292,25468,33844,Eptesicus serotinus,0.009,0.024,-1,Echolocation,/mnt/ubna_data_02_mir/recover-20221013/UBNA_001/20221012_030000.WAV,Telephone Field,recover-20221013,001,1795
1011.6685,1011.6786,25468,32356,Eptesicus serotinus,0.009,0.024,-1,Echolocation,/mnt/ubna_data_02_mir/recover-20221013/UBNA_001/20221012_030000.WAV,Telephone Field,recover-20221013,001,1795
1011.6935,1011.7298,68437,81735,Rhinolophus ferrumequinum,0.022,0.022,-1,Echolocation,/mnt/ubna_data_02_mir/recover-20221013/UBNA_001/20221012_030000.WAV,Telephone Field,recover-20221013,001,1795
1011.7025,1011.7126,22890,29453,Nyctalus leisleri,0.01,0.027,-1,Echolocation,/mnt/ubna_data_02_mir/recover-20221013/UBNA_001/20221012_030000.WAV,Telephone Field,recover-20221013,001,1795
1011.7265,1011.7648,68437,82400,Rhinolophus ferrumequinum,0.023,0.023,-1,Echolocation,/mnt/ubna_data_02_mir/recover-20221013/UBNA_001/20221012_030000.WAV,Telephone Field,recover-20221013,001,1795
1011.7515,1011.7643,22031,26338,Nyctalus leisleri,0.014,0.026,-1,Echolocation,/mnt/ubna_data_02_mir/recover-20221013/UBNA_001/20221012_030000.WAV,Telephone Field,recover-20221013,001,1795
1011.7785,1011.7875,22031,29005,Plecotus austriacus,0.01,0.024,-1,Echolocation,/mnt/ubna_data_02_mir/recover-20221013/UBNA_001/20221012_030000.WAV,Telephone Field,recover-20221013,001,1795
1011.7805,1011.7887,28046,39979,Eptesicus serotinus,0.007,0.022,-1,Echolocation,/mnt/ubna_data_02_mir/recover-20221013/UBNA_001/20221012_030000.WAV,Telephone Field,recover-20221013,001,1795
1011.8115,1011.8464,68437,81116,Rhinolophus ferrumequinum,0.022,0.022,-1,Echolocation,/mnt/ubna_data_02_mir/recover-20221013/UBNA_001/20221012_030000.WAV,Telephone Field,recover-20221013,001,1795
1011.8505,1011.8609,46093,49417,Pipistrellus pipistrellus,0.022,0.025,-1,Echolocation,/mnt/ubna_data_02_mir/recover-20221013/UBNA_001/20221012_030000.WAV,Telephone Field,recover-20221013,001,1795
1011.8745,1011.9137,68437,82507,Rhinolophus ferrumequinum,0.022,0.022,-1,Echolocation,/mnt/ubna_data_02_mir/recover-20221013/UBNA_001/20221012_030000.WAV,Telephone Field,recover-20221013,001,1795
1011.8825,1011.8938,29765,37555,Eptesicus serotinus,0.011,0.023,-1,Echolocation,/mnt/ubna_data_02_mir/recover-20221013/UBNA_001/20221012_030000.WAV,Telephone Field,recover-20221013,001,1795
1011.9095,1011.9449,68437,81792,Rhinolophus ferrumequinum,0.021,0.022,-1,Echolocation,/mnt/ubna_data_02_mir/recover-20221013/UBNA_001/20221012_030000.WAV,Telephone Field,recover-20221013,001,1795
1011.9185,1011.9537,68437,81801,Rhinolophus ferrumequinum,0.021,0.021,-1,Echolocation,/mnt/ubna_data_02_mir/recover-20221013/UBNA_001/20221012_030000.WAV,Telephone Field,recover-20221013,001,1795
1011.9195,1011.9269,23750,31826,Plecotus austriacus,0.009,0.022,-1,Echolocation,/mnt/ubna_data_02_mir/recover-20221013/UBNA_001/20221012_030000.WAV,Telephone Field,recover-20221013,001,1795
1011.9555,1011.9971,68437,82657,Rhinolophus ferrumequinum,0.025,0.026,-1,Echolocation,/mnt/ubna_data_02_mir/recover-20221013/UBNA_001/20221012_030000.WAV,Telephone Field,recover-20221013,001,1795
1011.9675,1011.9796,21171,25098,Nyctalus leisleri,0.012,0.023,-1,Echolocation,/mnt/ubna_data_02_mir/recover-20221013/UBNA_001/20221012_030000.WAV,Telephone Field,recover-20221013,001,1795
1012.0015,1012.0309,68437,79753,Rhinolophus ferrumequinum,0.026,0.026,-1,Echolocation,/mnt/ubna_data_02_mir/recover-20221013/UBNA_001/20221012_030000.WAV,Telephone Field,recover-20221013,001,1795
1012.0015,1012.0109,24609,32616,Nyctalus leisleri,0.012,0.034,-1,Echolocation,/mnt/ubna_data_02_mir/recover-20221013/UBNA_001/20221012_030000.WAV,Telephone Field,recover-20221013,001,1795
1012.0495,1012.0867,68437,81527,Rhinolophus ferrumequinum,0.021,0.021,-1,Echolocation,/mnt/ubna_data_02_mir/recover-20221013/UBNA_001/20221012_030000.WAV,Telephone Field,recover-20221013,001,1795
1012.1005,1012.1368,68437,81989,Rhinolophus ferrumequinum,0.021,0.021,-1,Echolocation,/mnt/ubna_data_02_mir/recover-20221013/UBNA_001/20221012_030000.WAV,Telephone Field,recover-20221013,001,1795
1012.1085,1012.1152,23750,32952,Plecotus austriacus,0.018,0.034,-1,Echolocation,/mnt/ubna_data_02_mir/recover-20221013/UBNA_001/20221012_030000.WAV,Telephone Field,recover-20221013,001,1795
1012.1525,1012.1878,68437,81555,Rhinolophus ferrumequinum,0.021,0.021,-1,Echolocation,/mnt/ubna_data_02_mir/recover-20221013/UBNA_001/20221012_030000.WAV,Telephone Field,recover-20221013,001,1795
1012.1535,1012.1609,27187,39580,Eptesicus serotinus,0.007,0.023,-1,Echolocation,/mnt/ubna_data_02_mir/recover-20221013/UBNA_001/20221012_030000.WAV,Telephone Field,recover-20221013,001,1795
1012.1835,1012.1949,24609,29972,Nyctalus leisleri,0.009,0.021,-1,Echolocation,/mnt/ubna_data_02_mir/recover-20221013/UBNA_001/20221012_030000.WAV,Telephone Field,recover-20221013,001,1795
1012.1975,1012.2078,28906,36863,Eptesicus serotinus,0.009,0.021,-1,Echolocation,/mnt/ubna_data_02_mir/recover-20221013/UBNA_001/20221012_030000.WAV,Telephone Field,recover-20221013,001,1795
1012.2225,1012.2332,23750,30105,Nyctalus leisleri,0.011,0.028,-1,Echolocation,/mnt/ubna_data_02_mir/recover-20221013/UBNA_001/20221012_030000.WAV,Telephone Field,recover-20221013,001,1795
1012.2515,1012.2886,68437,82170,Rhinolophus ferrumequinum,0.021,0.021,-1,Echolocation,/mnt/ubna_data_02_mir/recover-20221013/UBNA_001/20221012_030000.WAV,Telephone Field,recover-20221013,001,1795
1012.3065,1012.3459,68437,82326,Rhinolophus ferrumequinum,0.023,0.023,-1,Echolocation,/mnt/ubna_data_02_mir/recover-20221013/UBNA_001/20221012_030000.WAV,Telephone Field,recover-20221013,001,1795
1012.3085,1012.3185,22031,28378,Plecotus austriacus,0.014,0.036,-1,Echolocation,/mnt/ubna_data_02_mir/recover-20221013/UBNA_001/20221012_030000.WAV,Telephone Field,recover-20221013,001,1795
1012.3505,1012.3587,28046,37646,Eptesicus serotinus,0.007,0.021,-1,Echolocation,/mnt/ubna_data_02_mir/recover-20221013/UBNA_001/20221012_030000.WAV,Telephone Field,recover-20221013,001,1795
1012.4195,1012.4575,68437,82450,Rhinolophus ferrumequinum,0.021,0.021,-1,Echolocation,/mnt/ubna_data_02_mir/recover-20221013/UBNA_001/20221012_030000.WAV,Telephone Field,recover-20221013,001,1795
1012.4775,1012.5185,68437,82883,Rhinolophus ferrumequinum,0.023,0.023,-1,Echolocation,/mnt/ubna_data_02_mir/recover-20221013/UBNA_001/20221012_030000.WAV,Telephone Field,recover-20221013,001,1795
1012.5045,1012.5157,28046,34819,Eptesicus serotinus,0.018,0.032,-1,Echolocation,/mnt/ubna_data_02_mir/recover-20221013/UBNA_001/20221012_030000.WAV,Telephone Field,recover-20221013,001,1795
1012.5185,1012.5284,23750,29886,Nyctalus leisleri,0.009,0.021,-1,Echolocation,/mnt/ubna_data_02_mir/recover-20221013/UBNA_001/20221012_030000.WAV,Telephone Field,recover-20221013,001,1795
1012.5365,1012.5473,22890,27314,Nyctalus leisleri,0.011,0.021,-1,Echolocation,/mnt/ubna_data_02_mir/recover-20221013/UBNA_001/20221012_030000.WAV,Telephone Field,recover-20221013,001,1795
1012.5805,1012.6206999999999,68437,82951,Rhinolophus ferrumequinum,0.028,0.028,-1,Echolocation,/mnt/ubna_data_02_mir/recover-20221013/UBNA_001/20221012_030000.WAV,Telephone Field,recover-20221013,001,1795
1012.6125,1012.6487,68437,80883,Rhinolophus ferrumequinum,0.021,0.021,-1,Echolocation,/mnt/ubna_data_02_mir/recover-20221013/UBNA_001/20221012_030000.WAV,Telephone Field,recover-20221013,001,1795
1012.6175,1012.6512,68437,80609,Rhinolophus ferrumequinum,0.021,0.021,-1,Echolocation,/mnt/ubna_data_02_mir/recover-20221013/UBNA_001/20221012_030000.WAV,Telephone Field,recover-20221013,001,1795
1012.6345,1012.6457,22890,27491,Nyctalus leisleri,0.012,0.022,-1,Echolocation,/mnt/ubna_data_02_mir/recover-20221013/UBNA_001/20221012_030000.WAV,Telephone Field,recover-20221013,001,1795
1012.6475,1012.6591,23750,28208,Nyctalus leisleri,0.013,0.026,-1,Echolocation,/mnt/ubna_data_02_mir/recover-20221013/UBNA_001/20221012_030000.WAV,Telephone Field,recover-20221013,001,1795
1012.6645,1012.7017,68437,81367,Rhinolophus ferrumequinum,0.021,0.022,-1,Echolocation,/mnt/ubna_data_02_mir/recover-20221013/UBNA_001/20221012_030000.WAV,Telephone Field,recover-20221013,001,1795
1012.7115,1012.7242,32343,37831,Eptesicus serotinus,0.011,0.031,-1,Echolocation,/mnt/ubna_data_02_mir/recover-20221013/UBNA_001/20221012_030000.WAV,Telephone Field,recover-20221013,001,1795
1012.7315,1012.7651,68437,81007,Rhinolophus ferrumequinum,0.021,0.021,-1,Echolocation,/mnt/ubna_data_02_mir/recover-20221013/UBNA_001/20221012_030000.WAV,Telephone Field,recover-20221013,001,1795
1012.7335,1012.7444,23750,29204,Nyctalus leisleri,0.01,0.023,-1,Echolocation,/mnt/ubna_data_02_mir/recover-20221013/UBNA_001/20221012_030000.WAV,Telephone Field,recover-20221013,001,1795
1012.7475,1012.7856,68437,82650,Rhinolophus ferrumequinum,0.023,0.023,-1,Echolocation,/mnt/ubna_data_02_mir/recover-20221013/UBNA_001/20221012_030000.WAV,Telephone Field,recover-20221013,001,1795
1012.7655,1012.7744,28906,37989,Eptesicus serotinus,0.01,0.024,-1,Echolocation,/mnt/ubna_data_02_mir/recover-20221013/UBNA_001/20221012_030000.WAV,Telephone Field,recover-20221013,001,1795
1012.7925,1012.7997,23750,34123,Plecotus austriacus,0.008,0.021,-1,Echolocation,/mnt/ubna_data_02_mir/recover-20221013/UBNA_001/20221012_030000.WAV,Telephone Field,recover-20221013,001,1795
1012.7995,1012.8375,68437,82419,Rhinolophus ferrumequinum,0.025,0.025,-1,Echolocation,/mnt/ubna_data_02_mir/recover-20221013/UBNA_001/20221012_030000.WAV,Telephone Field,recover-20221013,001,1795
1012.8095,1012.8457,68437,81741,Rhinolophus ferrumequinum,0.021,0.021,-1,Echolocation,/mnt/ubna_data_02_mir/recover-20221013/UBNA_001/20221012_030000.WAV,Telephone Field,recover-20221013,001,1795
1012.8145,1012.852,68437,82241,Rhinolophus ferrumequinum,0.021,0.021,-1,Echolocation,/mnt/ubna_data_02_mir/recover-20221013/UBNA_001/20221012_030000.WAV,Telephone Field,recover-20221013,001,1795
1012.8475,1012.8584,28906,36068,Eptesicus serotinus,0.01,0.023,-1,Echolocation,/mnt/ubna_data_02_mir/recover-20221013/UBNA_001/20221012_030000.WAV,Telephone Field,recover-20221013,001,1795
1012.8505,1012.8876,68437,81818,Rhinolophus ferrumequinum,0.021,0.021,-1,Echolocation,/mnt/ubna_data_02_mir/recover-20221013/UBNA_001/20221012_030000.WAV,Telephone Field,recover-20221013,001,1795
1012.8865,1012.8945,26328,37203,Eptesicus serotinus,0.007,0.023,-1,Echolocation,/mnt/ubna_data_02_mir/recover-20221013/UBNA_001/20221012_030000.WAV,Telephone Field,recover-20221013,001,1795
1012.9155,1012.9256,28046,37679,Eptesicus serotinus,0.009,0.023,-1,Echolocation,/mnt/ubna_data_02_mir/recover-20221013/UBNA_001/20221012_030000.WAV,Telephone Field,recover-20221013,001,1795
1012.9205,1012.9316,28906,36077,Eptesicus serotinus,0.009,0.023,-1,Echolocation,/mnt/ubna_data_02_mir/recover-20221013/UBNA_001/20221012_030000.WAV,Telephone Field,recover-20221013,001,1795
1012.9545,1012.9938,68437,82059,Rhinolophus ferrumequinum,0.021,0.021,-1,Echolocation,/mnt/ubna_data_02_mir/recover-20221013/UBNA_001/20221012_030000.WAV,Telephone Field,recover-20221013,001,1795
1012.9795,1013.0187,68437,82441,Rhinolophus ferrumequinum,0.028,0.028,-1,Echolocation,/mnt/ubna_data_02_mir/recover-20221013/UBNA_001/20221012_030000.WAV,Telephone Field,recover-20221013,001,1795
1012.9985,1013.0062,28046,38220,Eptesicus serotinus,0.008,0.023,-1,Echolocation,/mnt/ubna_data_02_mir/recover-20221013/UBNA_001/20221012_030000.WAV,Telephone Field,recover-20221013,001,1795
1013.0175,1013.0572,68437,82252,Rhinolophus ferrumequinum,0.023,0.023,-1,Echolocation,/mnt/ubna_data_02_mir/recover-20221013/UBNA_001/20221012_030000.WAV,Telephone Field,recover-20221013,001,1795
1013.0345,1013.0457,22890,28238,Nyctalus leisleri,0.011,0.023,-1,Echolocation,/mnt/ubna_data_02_mir/recover-20221013/UBNA_001/20221012_030000.WAV,Telephone Field,recover-20221013,001,1795
1013.0405,1013.0533,22890,27013,Nyctalus leisleri,0.013,0.024,-1,Echolocation,/mnt/ubna_data_02_mir/recover-20221013/UBNA_001/20221012_030000.WAV,Telephone Field,recover-20221013,001,1795
1013.0955,1013.1349,68437,82256,Rhinolophus ferrumequinum,0.023,0.023,-1,Echolocation,/mnt/ubna_data_02_mir/recover-20221013/UBNA_001/20221012_030000.WAV,Telephone Field,recover-20221013,001,1795
1013.1035,1013.1413,68437,82367,Rhinolophus ferrumequinum,0.023,0.023,-1,Echolocation,/mnt/ubna_data_02_mir/recover-20221013/UBNA_001/20221012_030000.WAV,Telephone Field,recover-20221013,001,1795
1013.1075,1013.1131,34062,44300,Myotis daubentonii,0.009,0.022,-1,Echolocation,/mnt/ubna_data_02_mir/recover-20221013/UBNA_001/20221012_030000.WAV,Telephone Field,recover-20221013,001,1795
1013.1075,1013.1141,24609,40535,Plecotus austriacus,0.01,0.032,-1,Echolocation,/mnt/ubna_data_02_mir/recover-20221013/UBNA_001/20221012_030000.WAV,Telephone Field,recover-20221013,001,1795
1013.1135,1013.1512,68437,82180,Rhinolophus ferrumequinum,0.021,0.021,-1,Echolocation,/mnt/ubna_data_02_mir/recover-20221013/UBNA_001/20221012_030000.WAV,Telephone Field,recover-20221013,001,1795
1013.1285,1013.1378,28046,37340,Eptesicus serotinus,0.008,0.021,-1,Echolocation,/mnt/ubna_data_02_mir/recover-20221013/UBNA_001/20221012_030000.WAV,Telephone Field,recover-20221013,001,1795
1013.1335,1013.173,68437,82323,Rhinolophus ferrumequinum,0.021,0.021,-1,Echolocation,/mnt/ubna_data_02_mir/recover-20221013/UBNA_001/20221012_030000.WAV,Telephone Field,recover-20221013,001,1795
1013.1595,1013.1965,68437,81704,Rhinolophus ferrumequinum,0.022,0.022,-1,Echolocation,/mnt/ubna_data_02_mir/recover-20221013/UBNA_001/20221012_030000.WAV,Telephone Field,recover-20221013,001,1795
1013.1675,1013.1766,23750,31058,Nyctalus leisleri,0.008,0.026,-1,Echolocation,/mnt/ubna_data_02_mir/recover-20221013/UBNA_001/20221012_030000.WAV,Telephone Field,recover-20221013,001,1795
1013.1975,1013.2059,23750,32042,Plecotus austriacus,0.011,0.034,-1,Echolocation,/mnt/ubna_data_02_mir/recover-20221013/UBNA_001/20221012_030000.WAV,Telephone Field,recover-20221013,001,1795
1013.2155,1013.2523,68437,81721,Rhinolophus ferrumequinum,0.021,0.021,-1,Echolocation,/mnt/ubna_data_02_mir/recover-20221013/UBNA_001/20221012_030000.WAV,Telephone Field,recover-20221013,001,1795
1013.2155,1013.2228,28046,39386,Eptesicus serotinus,0.008,0.028,-1,Echolocation,/mnt/ubna_data_02_mir/recover-20221013/UBNA_001/20221012_030000.WAV,Telephone Field,recover-20221013,001,1795
1013.2405,1013.2509,24609,30772,Nyctalus leisleri,0.009,0.022,-1,Echolocation,/mnt/ubna_data_02_mir/recover-20221013/UBNA_001/20221012_030000.WAV,Telephone Field,recover-20221013,001,1795
1013.2585,1013.2659,27187,40763,Eptesicus serotinus,0.006,0.022,-1,Echolocation,/mnt/ubna_data_02_mir/recover-20221013/UBNA_001/20221012_030000.WAV,Telephone Field,recover-20221013,001,1795
1013.3115,1013.3498,68437,82429,Rhinolophus ferrumequinum,0.024,0.024,-1,Echolocation,/mnt/ubna_data_02_mir/recover-20221013/UBNA_001/20221012_030000.WAV,Telephone Field,recover-20221013,001,1795
1013.3335,1013.3737,68437,82483,Rhinolophus ferrumequinum,0.021,0.021,-1,Echolocation,/mnt/ubna_data_02_mir/recover-20221013/UBNA_001/20221012_030000.WAV,Telephone Field,recover-20221013,001,1795
1013.3455,1013.3817,68437,81549,Rhinolophus ferrumequinum,0.021,0.021,-1,Echolocation,/mnt/ubna_data_02_mir/recover-20221013/UBNA_001/20221012_030000.WAV,Telephone Field,recover-20221013,001,1795
1013.3605,1013.3705,22890,28997,Nyctalus leisleri,0.01,0.026,-1,Echolocation,/mnt/ubna_data_02_mir/recover-20221013/UBNA_001/20221012_030000.WAV,Telephone Field,recover-20221013,001,1795
1013.3945,1013.4338,68437,82443,Rhinolophus ferrumequinum,0.025,0.025,-1,Echolocation,/mnt/ubna_data_02_mir/recover-20221013/UBNA_001/20221012_030000.WAV,Telephone Field,recover-20221013,001,1795
1013.4295,1013.466,68437,81479,Rhinolophus ferrumequinum,0.021,0.021,-1,Echolocation,/mnt/ubna_data_02_mir/recover-20221013/UBNA_001/20221012_030000.WAV,Telephone Field,recover-20221013,001,1795
1013.4305,1013.4386,28906,37706,Eptesicus serotinus,0.01,0.025,-1,Echolocation,/mnt/ubna_data_02_mir/recover-20221013/UBNA_001/20221012_030000.WAV,Telephone Field,recover-20221013,001,1795
1013.4425,1013.4497,50390,54925,Pipistrellus pipistrellus,0.019,0.021,-1,Echolocation,/mnt/ubna_data_02_mir/recover-20221013/UBNA_001/20221012_030000.WAV,Telephone Field,recover-20221013,001,1795
1013.4995,1013.5092,25468,33499,Eptesicus serotinus,0.011,0.032,-1,Echolocation,/mnt/ubna_data_02_mir/recover-20221013/UBNA_001/20221012_030000.WAV,Telephone Field,recover-20221013,001,1795
1013.5075,1013.545,68437,81815,Rhinolophus ferrumequinum,0.024,0.025,-1,Echolocation,/mnt/ubna_data_02_mir/recover-20221013/UBNA_001/20221012_030000.WAV,Telephone Field,recover-20221013,001,1795
1013.5435,1013.5812,68437,82200,Rhinolophus ferrumequinum,0.022,0.022,-1,Echolocation,/mnt/ubna_data_02_mir/recover-20221013/UBNA_001/20221012_030000.WAV,Telephone Field,recover-20221013,001,1795
1013.5625,1013.5732,22890,28795,Nyctalus leisleri,0.009,0.022,-1,Echolocation,/mnt/ubna_data_02_mir/recover-20221013/UBNA_001/20221012_030000.WAV,Telephone Field,recover-20221013,001,1795
1013.5695,1013.6052999999999,68437,81786,Rhinolophus ferrumequinum,0.022,0.022,-1,Echolocation,/mnt/ubna_data_02_mir/recover-20221013/UBNA_001/20221012_030000.WAV,Telephone Field,recover-20221013,001,1795
1013.5915,1013.6022,22031,26814,Nyctalus leisleri,0.01,0.021,-1,Echolocation,/mnt/ubna_data_02_mir/recover-20221013/UBNA_001/20221012_030000.WAV,Telephone Field,recover-20221013,001,1795
1013.5965,1013.6360999999999,68437,82951,Rhinolophus ferrumequinum,0.026,0.026,-1,Echolocation,/mnt/ubna_data_02_mir/recover-20221013/UBNA_001/20221012_030000.WAV,Telephone Field,recover-20221013,001,1795
1013.6045,1013.6434,68437,82192,Rhinolophus ferrumequinum,0.021,0.021,-1,Echolocation,/mnt/ubna_data_02_mir/recover-20221013/UBNA_001/20221012_030000.WAV,Telephone Field,recover-20221013,001,1795
1013.6605,1013.6698,22890,29458,Plecotus austriacus,0.009,0.026,-1,Echolocation,/mnt/ubna_data_02_mir/recover-20221013/UBNA_001/20221012_030000.WAV,Telephone Field,recover-20221013,001,1795
1013.6895,1013.7289,68437,82044,Rhinolophus ferrumequinum,0.021,0.021,-1,Echolocation,/mnt/ubna_data_02_mir/recover-20221013/UBNA_001/20221012_030000.WAV,Telephone Field,recover-20221013,001,1795
1013.6935,1013.701,27187,39707,Eptesicus serotinus,0.007,0.023,-1,Echolocation,/mnt/ubna_data_02_mir/recover-20221013/UBNA_001/20221012_030000.WAV,Telephone Field,recover-20221013,001,1795
1013.6995,1013.7375,68437,82777,Rhinolophus ferrumequinum,0.023,0.023,-1,Echolocation,/mnt/ubna_data_02_mir/recover-20221013/UBNA_001/20221012_030000.WAV,Telephone Field,recover-20221013,001,1795
1013.7545,1013.7635,26328,33922,Eptesicus serotinus,0.007,0.021,-1,Echolocation,/mnt/ubna_data_02_mir/recover-20221013/UBNA_001/20221012_030000.WAV,Telephone Field,recover-20221013,001,1795
1013.7745,1013.8114,68437,81679,Rhinolophus ferrumequinum,0.022,0.022,-1,Echolocation,/mnt/ubna_data_02_mir/recover-20221013/UBNA_001/20221012_030000.WAV,Telephone Field,recover-20221013,001,1795
1013.7775,1013.7884,44375,47974,Pipistrellus pipistrellus,0.019,0.023,-1,Echolocation,/mnt/ubna_data_02_mir/recover-20221013/UBNA_001/20221012_030000.WAV,Telephone Field,recover-20221013,001,1795
1013.7825,1013.7923,22890,28857,Nyctalus leisleri,0.009,0.022,-1,Echolocation,/mnt/ubna_data_02_mir/recover-20221013/UBNA_001/20221012_030000.WAV,Telephone Field,recover-20221013,001,1795
1013.8005,1013.8401,68437,82440,Rhinolophus ferrumequinum,0.021,0.021,-1,Echolocation,/mnt/ubna_data_02_mir/recover-20221013/UBNA_001/20221012_030000.WAV,Telephone Field,recover-20221013,001,1795
1013.8205,1013.8592,68437,81561,Rhinolophus ferrumequinum,0.029,0.029,-1,Echolocation,/mnt/ubna_data_02_mir/recover-20221013/UBNA_001/20221012_030000.WAV,Telephone Field,recover-20221013,001,1795
1013.8475,1013.8896,68437,82788,Rhinolophus ferrumequinum,0.024,0.024,-1,Echolocation,/mnt/ubna_data_02_mir/recover-20221013/UBNA_001/20221012_030000.WAV,Telephone Field,recover-20221013,001,1795
1013.8785,1013.9168,68437,82147,Rhinolophus ferrumequinum,0.022,0.022,-1,Echolocation,/mnt/ubna_data_02_mir/recover-20221013/UBNA_001/20221012_030000.WAV,Telephone Field,recover-20221013,001,1795
1013.9005,1013.939,68437,82351,Rhinolophus ferrumequinum,0.021,0.021,-1,Echolocation,/mnt/ubna_data_02_mir/recover-20221013/UBNA_001/20221012_030000.WAV,Telephone Field,recover-20221013,001,1795
1013.9075,1013.9446,68437,81957,Rhinolophus ferrumequinum,0.022,0.022,-1,Echolocation,/mnt/ubna_data_02_mir/recover-20221013/UBNA_001/20221012_030000.WAV,Telephone Field,recover-20221013,001,1795
1013.9335,1013.972,68437,82555,Rhinolophus ferrumequinum,0.024,0.025,-1,Echolocation,/mnt/ubna_data_02_mir/recover-20221013/UBNA_001/20221012_030000.WAV,Telephone Field,recover-20221013,001,1795
1013.9385,1013.9508,21171,24839,Nyctalus leisleri,0.012,0.021,-1,Echolocation,/mnt/ubna_data_02_mir/recover-20221013/UBNA_001/20221012_030000.WAV,Telephone Field,recover-20221013,001,1795
1013.9525,1013.9595,27187,40542,Eptesicus serotinus,0.006,0.021,-1,Echolocation,/mnt/ubna_data_02_mir/recover-20221013/UBNA_001/20221012_030000.WAV,Telephone Field,recover-20221013,001,1795
1014.0015,1014.0133,46093,52488,Pipistrellus pipistrellus,0.014,0.022,-1,Echolocation,/mnt/ubna_data_02_mir/recover-20221013/UBNA_001/20221012_030000.WAV,Telephone Field,recover-20221013,001,1795
1014.0015,1014.0339,68437,79581,Rhinolophus ferrumequinum,0.029,0.029,-1,Echolocation,/mnt/ubna_data_02_mir/recover-20221013/UBNA_001/20221012_030000.WAV,Telephone Field,recover-20221013,001,1795
1014.0015,1014.0091,25468,35679,Nyctalus leisleri,0.005,0.025,-1,Echolocation,/mnt/ubna_data_02_mir/recover-20221013/UBNA_001/20221012_030000.WAV,Telephone Field,recover-20221013,001,1795
1014.0845,1014.0965,37500,42163,Pipistrellus nathusii,0.014,0.024,-1,Echolocation,/mnt/ubna_data_02_mir/recover-20221013/UBNA_001/20221012_030000.WAV,Telephone Field,recover-20221013,001,1795
1014.0925,1014.1323,68437,82328,Rhinolophus ferrumequinum,0.024,0.024,-1,Echolocation,/mnt/ubna_data_02_mir/recover-20221013/UBNA_001/20221012_030000.WAV,Telephone Field,recover-20221013,001,1795
1014.1195,1014.1605,68437,82253,Rhinolophus ferrumequinum,0.028,0.028,-1,Echolocation,/mnt/ubna_data_02_mir/recover-20221013/UBNA_001/20221012_030000.WAV,Telephone Field,recover-20221013,001,1795
1014.1575,1014.1667,22890,29435,Plecotus austriacus,0.009,0.025,-1,Echolocation,/mnt/ubna_data_02_mir/recover-20221013/UBNA_001/20221012_030000.WAV,Telephone Field,recover-20221013,001,1795
1014.2285,1014.2364,28046,37403,Eptesicus serotinus,0.006,0.022,-1,Echolocation,/mnt/ubna_data_02_mir/recover-20221013/UBNA_001/20221012_030000.WAV,Telephone Field,recover-20221013,001,1795
1014.2435,1014.2794,68437,81815,Rhinolophus ferrumequinum,0.022,0.022,-1,Echolocation,/mnt/ubna_data_02_mir/recover-20221013/UBNA_001/20221012_030000.WAV,Telephone Field,recover-20221013,001,1795
1014.2545,1014.2608,30625,41864,Myotis daubentonii,0.014,0.031,-1,Echolocation,/mnt/ubna_data_02_mir/recover-20221013/UBNA_001/20221012_030000.WAV,Telephone Field,recover-20221013,001,1795
1014.2735,1014.3134,68437,81693,Rhinolophus ferrumequinum,0.029,0.029,-1,Echolocation,/mnt/ubna_data_02_mir/recover-20221013/UBNA_001/20221012_030000.WAV,Telephone Field,recover-20221013,001,1795
1014.2985,1014.3068,27187,38290,Eptesicus serotinus,0.008,0.027,-1,Echolocation,/mnt/ubna_data_02_mir/recover-20221013/UBNA_001/20221012_030000.WAV,Telephone Field,recover-20221013,001,1795
1014.3105,1014.3188,27187,35501,Eptesicus serotinus,0.009,0.024,-1,Echolocation,/mnt/ubna_data_02_mir/recover-20221013/UBNA_001/20221012_030000.WAV,Telephone Field,recover-20221013,001,1795
1014.3415,1014.3489,24609,33499,Plecotus austriacus,0.012,0.028,-1,Echolocation,/mnt/ubna_data_02_mir/recover-20221013/UBNA_001/20221012_030000.WAV,Telephone Field,recover-20221013,001,1795
1014.4025,1014.4409,68437,82189,Rhinolophus ferrumequinum,0.022,0.022,-1,Echolocation,/mnt/ubna_data_02_mir/recover-20221013/UBNA_001/20221012_030000.WAV,Telephone Field,recover-20221013,001,1795
1014.4385,1014.4482,50390,55029,Pipistrellus pipistrellus,0.017,0.022,-1,Echolocation,/mnt/ubna_data_02_mir/recover-20221013/UBNA_001/20221012_030000.WAV,Telephone Field,recover-20221013,001,1795
1014.4485,1014.4575,28046,40074,Eptesicus serotinus,0.011,0.03,-1,Echolocation,/mnt/ubna_data_02_mir/recover-20221013/UBNA_001/20221012_030000.WAV,Telephone Field,recover-20221013,001,1795
1014.4525,1014.4627,23750,30345,Nyctalus leisleri,0.011,0.028,-1,Echolocation,/mnt/ubna_data_02_mir/recover-20221013/UBNA_001/20221012_030000.WAV,Telephone Field,recover-20221013,001,1795
1014.4595,1014.4994,68437,82890,Rhinolophus ferrumequinum,0.026,0.026,-1,Echolocation,/mnt/ubna_data_02_mir/recover-20221013/UBNA_001/20221012_030000.WAV,Telephone Field,recover-20221013,001,1795
1014.4785,1014.4861,27187,38301,Eptesicus serotinus,0.007,0.025,-1,Echolocation,/mnt/ubna_data_02_mir/recover-20221013/UBNA_001/20221012_030000.WAV,Telephone Field,recover-20221013,001,1795
1014.5055,1014.5176,21171,25024,Nyctalus leisleri,0.012,0.024,-1,Echolocation,/mnt/ubna_data_02_mir/recover-20221013/UBNA_001/20221012_030000.WAV,Telephone Field,recover-20221013,001,1795
1014.5795,1014.5859,27187,40185,Eptesicus serotinus,0.006,0.026,-1,Echolocation,/mnt/ubna_data_02_mir/recover-20221013/UBNA_001/20221012_030000.WAV,Telephone Field,recover-20221013,001,1795
1014.6245,1014.6312,26328,39700,Eptesicus serotinus,0.007,0.026,-1,Echolocation,/mnt/ubna_data_02_mir/recover-20221013/UBNA_001/20221012_030000.WAV,Telephone Field,recover-20221013,001,1795
1014.6395,1014.6475,27187,40944,Eptesicus serotinus,0.007,0.021,-1,Echolocation,/mnt/ubna_data_02_mir/recover-20221013/UBNA_001/20221012_030000.WAV,Telephone Field,recover-20221013,001,1795
1014.6685,1014.7065,68437,82083,Rhinolophus ferrumequinum,0.022,0.022,-1,Echolocation,/mnt/ubna_data_02_mir/recover-20221013/UBNA_001/20221012_030000.WAV,Telephone Field,recover-20221013,001,1795
1014.6745,1014.712,68437,82299,Rhinolophus ferrumequinum,0.022,0.022,-1,Echolocation,/mnt/ubna_data_02_mir/recover-20221013/UBNA_001/20221012_030000.WAV,Telephone Field,recover-20221013,001,1795
1014.6925,1014.7011,28046,40972,Eptesicus serotinus,0.009,0.025,-1,Echolocation,/mnt/ubna_data_02_mir/recover-20221013/UBNA_001/20221012_030000.WAV,Telephone Field,recover-20221013,001,1795
1014.7085,1014.7158,28046,37528,Eptesicus serotinus,0.006,0.023,-1,Echolocation,/mnt/ubna_data_02_mir/recover-20221013/UBNA_001/20221012_030000.WAV,Telephone Field,recover-20221013,001,1795
1014.7395,1014.7462,23750,32890,Plecotus austriacus,0.01,0.023,-1,Echolocation,/mnt/ubna_data_02_mir/recover-20221013/UBNA_001/20221012_030000.WAV,Telephone Field,recover-20221013,001,1795
1014.7405,1014.7477,28046,37492,Eptesicus serotinus,0.006,0.022,-1,Echolocation,/mnt/ubna_data_02_mir/recover-20221013/UBNA_001/20221012_030000.WAV,Telephone Field,recover-20221013,001,1795
1014.7645,1014.7749,22890,28826,Nyctalus leisleri,0.01,0.024,-1,Echolocation,/mnt/ubna_data_02_mir/recover-20221013/UBNA_001/20221012_030000.WAV,Telephone Field,recover-20221013,001,1795
1014.7995,1014.8371,68437,81963,Rhinolophus ferrumequinum,0.022,0.022,-1,Echolocation,/mnt/ubna_data_02_mir/recover-20221013/UBNA_001/20221012_030000.WAV,Telephone Field,recover-20221013,001,1795
1014.8165,1014.8367,19453,22122,Nyctalus leisleri,0.013,0.023,-1,Echolocation,/mnt/ubna_data_02_mir/recover-20221013/UBNA_001/20221012_030000.WAV,Telephone Field,recover-20221013,001,1795
1014.8535,1014.8982,68437,82824,Rhinolophus ferrumequinum,0.031,0.031,-1,Echolocation,/mnt/ubna_data_02_mir/recover-20221013/UBNA_001/20221012_030000.WAV,Telephone Field,recover-20221013,001,1795
1014.8805,1014.8873,27187,39225,Eptesicus serotinus,0.007,0.028,-1,Echolocation,/mnt/ubna_data_02_mir/recover-20221013/UBNA_001/20221012_030000.WAV,Telephone Field,recover-20221013,001,1795
1014.9005,1014.9094,28906,37132,Eptesicus serotinus,0.008,0.022,-1,Echolocation,/mnt/ubna_data_02_mir/recover-20221013/UBNA_001/20221012_030000.WAV,Telephone Field,recover-20221013,001,1795
1014.9185,1014.9599,68437,82831,Rhinolophus ferrumequinum,0.024,0.024,-1,Echolocation,/mnt/ubna_data_02_mir/recover-20221013/UBNA_001/20221012_030000.WAV,Telephone Field,recover-20221013,001,1795
1014.9265,1014.9371,47812,52936,Pipistrellus pipistrellus,0.017,0.022,-1,Echolocation,/mnt/ubna_data_02_mir/recover-20221013/UBNA_001/20221012_030000.WAV,Telephone Field,recover-20221013,001,1795
1014.9525,1014.9934,68437,82797,Rhinolophus ferrumequinum,0.023,0.023,-1,Echolocation,/mnt/ubna_data_02_mir/recover-20221013/UBNA_001/20221012_030000.WAV,Telephone Field,recover-20221013,001,1795
1014.9615,1014.9683,27187,36930,Eptesicus serotinus,0.006,0.022,-1,Echolocation,/mnt/ubna_data_02_mir/recover-20221013/UBNA_001/20221012_030000.WAV,Telephone Field,recover-20221013,001,1795
1015.0275,1015.0649,68437,81543,Rhinolophus ferrumequinum,0.022,0.022,-1,Echolocation,/mnt/ubna_data_02_mir/recover-20221013/UBNA_001/20221012_030000.WAV,Telephone Field,recover-20221013,001,1795
1015.0295,1015.0403,26328,34503,Eptesicus serotinus,0.011,0.024,-1,Echolocation,/mnt/ubna_data_02_mir/recover-20221013/UBNA_001/20221012_030000.WAV,Telephone Field,recover-20221013,001,1795
1015.0395,1015.0486,27187,35952,Eptesicus serotinus,0.008,0.021,-1,Echolocation,/mnt/ubna_data_02_mir/recover-20221013/UBNA_001/20221012_030000.WAV,Telephone Field,recover-20221013,001,1795
1015.1425,1015.1499,27187,38272,Eptesicus serotinus,0.007,0.024,-1,Echolocation,/mnt/ubna_data_02_mir/recover-20221013/UBNA_001/20221012_030000.WAV,Telephone Field,recover-20221013,001,1795
1015.1514999999999,1015.1892,68437,81596,Rhinolophus ferrumequinum,0.026,0.026,-1,Echolocation,/mnt/ubna_data_02_mir/recover-20221013/UBNA_001/20221012_030000.WAV,Telephone Field,recover-20221013,001,1795
1015.2055,1015.2132,28046,37457,Eptesicus serotinus,0.007,0.022,-1,Echolocation,/mnt/ubna_data_02_mir/recover-20221013/UBNA_001/20221012_030000.WAV,Telephone Field,recover-20221013,001,1795
1015.2285,1015.2417,24609,29698,Nyctalus leisleri,0.011,0.023,-1,Echolocation,/mnt/ubna_data_02_mir/recover-20221013/UBNA_001/20221012_030000.WAV,Telephone Field,recover-20221013,001,1795
1015.2815,1015.2909,23750,30214,Nyctalus leisleri,0.008,0.022,-1,Echolocation,/mnt/ubna_data_02_mir/recover-20221013/UBNA_001/20221012_030000.WAV,Telephone Field,recover-20221013,001,1795
1015.2905,1015.3319,68437,81954,Rhinolophus ferrumequinum,0.022,0.022,-1,Echolocation,/mnt/ubna_data_02_mir/recover-20221013/UBNA_001/20221012_030000.WAV,Telephone Field,recover-20221013,001,1795
1015.3015,1015.3455,68437,83498,Rhinolophus ferrumequinum,0.031,0.031,-1,Echolocation,/mnt/ubna_data_02_mir/recover-20221013/UBNA_001/20221012_030000.WAV,Telephone Field,recover-20221013,001,1795
1015.3195,1015.332,24609,30896,Nyctalus leisleri,0.02,0.045,-1,Echolocation,/mnt/ubna_data_02_mir/recover-20221013/UBNA_001/20221012_030000.WAV,Telephone Field,recover-20221013,001,1795
1015.3775,1015.3907,22890,27833,Nyctalus leisleri,0.016,0.03,-1,Echolocation,/mnt/ubna_data_02_mir/recover-20221013/UBNA_001/20221012_030000.WAV,Telephone Field,recover-20221013,001,1795
1015.4125,1015.4198,31484,44063,Myotis daubentonii,0.011,0.021,-1,Echolocation,/mnt/ubna_data_02_mir/recover-20221013/UBNA_001/20221012_030000.WAV,Telephone Field,recover-20221013,001,1795
1015.4195,1015.4289,28046,36596,Eptesicus serotinus,0.008,0.022,-1,Echolocation,/mnt/ubna_data_02_mir/recover-20221013/UBNA_001/20221012_030000.WAV,Telephone Field,recover-20221013,001,1795
1015.4345,1015.4751,68437,82800,Rhinolophus ferrumequinum,0.025,0.025,-1,Echolocation,/mnt/ubna_data_02_mir/recover-20221013/UBNA_001/20221012_030000.WAV,Telephone Field,recover-20221013,001,1795
1015.4965,1015.5034,27187,39127,Eptesicus serotinus,0.006,0.026,-1,Echolocation,/mnt/ubna_data_02_mir/recover-20221013/UBNA_001/20221012_030000.WAV,Telephone Field,recover-20221013,001,1795
1015.5075,1015.5206000000001,22031,26065,Nyctalus leisleri,0.013,0.024,-1,Echolocation,/mnt/ubna_data_02_mir/recover-20221013/UBNA_001/20221012_030000.WAV,Telephone Field,recover-20221013,001,1795
1015.5155,1015.5232,28046,39842,Eptesicus serotinus,0.007,0.023,-1,Echolocation,/mnt/ubna_data_02_mir/recover-20221013/UBNA_001/20221012_030000.WAV,Telephone Field,recover-20221013,001,1795
1015.5495,1015.5718,19453,21870,Nyctalus leisleri,0.017,0.035,-1,Echolocation,/mnt/ubna_data_02_mir/recover-20221013/UBNA_001/20221012_030000.WAV,Telephone Field,recover-20221013,001,1795
1015.6245,1015.6307,24609,35551,Plecotus austriacus,0.008,0.023,-1,Echolocation,/mnt/ubna_data_02_mir/recover-20221013/UBNA_001/20221012_030000.WAV,Telephone Field,recover-20221013,001,1795
1015.6885,1015.6964,28046,37828,Eptesicus serotinus,0.008,0.029,-1,Echolocation,/mnt/ubna_data_02_mir/recover-20221013/UBNA_001/20221012_030000.WAV,Telephone Field,recover-20221013,001,1795
1015.6965,1015.7029,43515,55024,Pipistrellus pipistrellus,0.011,0.021,-1,Echolocation,/mnt/ubna_data_02_mir/recover-20221013/UBNA_001/20221012_030000.WAV,Telephone Field,recover-20221013,001,1795
1015.7555,1015.7973,68437,82973,Rhinolophus ferrumequinum,0.023,0.023,-1,Echolocation,/mnt/ubna_data_02_mir/recover-20221013/UBNA_001/20221012_030000.WAV,Telephone Field,recover-20221013,001,1795
1015.7705,1015.7775,27187,41572,Eptesicus serotinus,0.007,0.026,-1,Echolocation,/mnt/ubna_data_02_mir/recover-20221013/UBNA_001/20221012_030000.WAV,Telephone Field,recover-20221013,001,1795
1015.8055,1015.8153,22890,28288,Nyctalus leisleri,0.009,0.022,-1,Echolocation,/mnt/ubna_data_02_mir/recover-20221013/UBNA_001/20221012_030000.WAV,Telephone Field,recover-20221013,001,1795
1015.8185,1015.8267,25468,34693,Eptesicus serotinus,0.008,0.023,-1,Echolocation,/mnt/ubna_data_02_mir/recover-20221013/UBNA_001/20221012_030000.WAV,Telephone Field,recover-20221013,001,1795
1015.8475,1015.8546,28046,38419,Eptesicus serotinus,0.006,0.024,-1,Echolocation,/mnt/ubna_data_02_mir/recover-20221013/UBNA_001/20221012_030000.WAV,Telephone Field,recover-20221013,001,1795
1015.8725,1015.8792,27187,40408,Eptesicus serotinus,0.006,0.024,-1,Echolocation,/mnt/ubna_data_02_mir/recover-20221013/UBNA_001/20221012_030000.WAV,Telephone Field,recover-20221013,001,1795
1015.8745,1015.914,68437,82359,Rhinolophus ferrumequinum,0.025,0.025,-1,Echolocation,/mnt/ubna_data_02_mir/recover-20221013/UBNA_001/20221012_030000.WAV,Telephone Field,recover-20221013,001,1795
1015.8925,1015.933,68437,82114,Rhinolophus ferrumequinum,0.021,0.022,-1,Echolocation,/mnt/ubna_data_02_mir/recover-20221013/UBNA_001/20221012_030000.WAV,Telephone Field,recover-20221013,001,1795
1015.9225,1015.9333,49531,53060,Pipistrellus pipistrellus,0.034,0.037,-1,Echolocation,/mnt/ubna_data_02_mir/recover-20221013/UBNA_001/20221012_030000.WAV,Telephone Field,recover-20221013,001,1795
1015.9295,1015.9701,68437,82657,Rhinolophus ferrumequinum,0.022,0.022,-1,Echolocation,/mnt/ubna_data_02_mir/recover-20221013/UBNA_001/20221012_030000.WAV,Telephone Field,recover-20221013,001,1795
1015.9395,1015.9492,28906,37069,Eptesicus serotinus,0.01,0.024,-1,Echolocation,/mnt/ubna_data_02_mir/recover-20221013/UBNA_001/20221012_030000.WAV,Telephone Field,recover-20221013,001,1795
1015.9555,1015.9649,28046,36306,Eptesicus serotinus,0.008,0.022,-1,Echolocation,/mnt/ubna_data_02_mir/recover-20221013/UBNA_001/20221012_030000.WAV,Telephone Field,recover-20221013,001,1795
1016.0015,1016.0114,26328,33039,Nyctalus leisleri,0.012,0.031,-1,Echolocation,/mnt/ubna_data_02_mir/recover-20221013/UBNA_001/20221012_030000.WAV,Telephone Field,recover-20221013,001,1795
1016.0264999999999,1016.0359,27187,36234,Eptesicus serotinus,0.009,0.022,-1,Echolocation,/mnt/ubna_data_02_mir/recover-20221013/UBNA_001/20221012_030000.WAV,Telephone Field,recover-20221013,001,1795
1016.0545,1016.0658,22890,27406,Nyctalus leisleri,0.013,0.024,-1,Echolocation,/mnt/ubna_data_02_mir/recover-20221013/UBNA_001/20221012_030000.WAV,Telephone Field,recover-20221013,001,1795
1016.0715,1016.0769,25468,42556,Myotis nattereri,0.009,0.027,-1,Echolocation,/mnt/ubna_data_02_mir/recover-20221013/UBNA_001/20221012_030000.WAV,Telephone Field,recover-20221013,001,1795
1016.0795,1016.118,68437,82355,Rhinolophus ferrumequinum,0.026,0.026,-1,Echolocation,/mnt/ubna_data_02_mir/recover-20221013/UBNA_001/20221012_030000.WAV,Telephone Field,recover-20221013,001,1795
1016.0915,1016.0986,23750,33543,Plecotus austriacus,0.011,0.025,-1,Echolocation,/mnt/ubna_data_02_mir/recover-20221013/UBNA_001/20221012_030000.WAV,Telephone Field,recover-20221013,001,1795
1016.1215,1016.1294,28046,41483,Eptesicus serotinus,0.008,0.021,-1,Echolocation,/mnt/ubna_data_02_mir/recover-20221013/UBNA_001/20221012_030000.WAV,Telephone Field,recover-20221013,001,1795
1016.1315,1016.1391,26328,38623,Eptesicus serotinus,0.006,0.021,-1,Echolocation,/mnt/ubna_data_02_mir/recover-20221013/UBNA_001/20221012_030000.WAV,Telephone Field,recover-20221013,001,1795
1016.1325,1016.1674,68437,81976,Rhinolophus ferrumequinum,0.022,0.022,-1,Echolocation,/mnt/ubna_data_02_mir/recover-20221013/UBNA_001/20221012_030000.WAV,Telephone Field,recover-20221013,001,1795
1016.1595,1016.1697,28906,36060,Eptesicus serotinus,0.009,0.023,-1,Echolocation,/mnt/ubna_data_02_mir/recover-20221013/UBNA_001/20221012_030000.WAV,Telephone Field,recover-20221013,001,1795
1016.1675,1016.2056,68437,81949,Rhinolophus ferrumequinum,0.022,0.022,-1,Echolocation,/mnt/ubna_data_02_mir/recover-20221013/UBNA_001/20221012_030000.WAV,Telephone Field,recover-20221013,001,1795
1016.1775,1016.1861,46953,50767,Pipistrellus pipistrellus,0.024,0.025,-1,Echolocation,/mnt/ubna_data_02_mir/recover-20221013/UBNA_001/20221012_030000.WAV,Telephone Field,recover-20221013,001,1795
1016.1905,1016.2274,68437,81629,Rhinolophus ferrumequinum,0.021,0.021,-1,Echolocation,/mnt/ubna_data_02_mir/recover-20221013/UBNA_001/20221012_030000.WAV,Telephone Field,recover-20221013,001,1795
1016.2335,1016.2689,68437,81296,Rhinolophus ferrumequinum,0.02,0.021,-1,Echolocation,/mnt/ubna_data_02_mir/recover-20221013/UBNA_001/20221012_030000.WAV,Telephone Field,recover-20221013,001,1795
1016.2495,1016.257,24609,33401,Plecotus austriacus,0.007,0.024,-1,Echolocation,/mnt/ubna_data_02_mir/recover-20221013/UBNA_001/20221012_030000.WAV,Telephone Field,recover-20221013,001,1795
1016.3555,1016.3665,22031,26524,Nyctalus leisleri,0.011,0.024,-1,Echolocation,/mnt/ubna_data_02_mir/recover-20221013/UBNA_001/20221012_030000.WAV,Telephone Field,recover-20221013,001,1795
1016.3895,1016.4281,68437,81907,Rhinolophus ferrumequinum,0.023,0.023,-1,Echolocation,/mnt/ubna_data_02_mir/recover-20221013/UBNA_001/20221012_030000.WAV,Telephone Field,recover-20221013,001,1795
1016.4225,1016.4608,68437,82271,Rhinolophus ferrumequinum,0.021,0.021,-1,Echolocation,/mnt/ubna_data_02_mir/recover-20221013/UBNA_001/20221012_030000.WAV,Telephone Field,recover-20221013,001,1795
1016.4435,1016.482,68437,81836,Rhinolophus ferrumequinum,0.021,0.021,-1,Echolocation,/mnt/ubna_data_02_mir/recover-20221013/UBNA_001/20221012_030000.WAV,Telephone Field,recover-20221013,001,1795
1016.4575,1016.4655,27187,38547,Eptesicus serotinus,0.007,0.021,-1,Echolocation,/mnt/ubna_data_02_mir/recover-20221013/UBNA_001/20221012_030000.WAV,Telephone Field,recover-20221013,001,1795
1016.4585,1016.4661,45234,49318,Pipistrellus pipistrellus,0.022,0.023,-1,Echolocation,/mnt/ubna_data_02_mir/recover-20221013/UBNA_001/20221012_030000.WAV,Telephone Field,recover-20221013,001,1795
1016.4915,1016.5285,68437,80979,Rhinolophus ferrumequinum,0.021,0.021,-1,Echolocation,/mnt/ubna_data_02_mir/recover-20221013/UBNA_001/20221012_030000.WAV,Telephone Field,recover-20221013,001,1795
1016.5005,1016.5369,68437,81490,Rhinolophus ferrumequinum,0.021,0.022,-1,Echolocation,/mnt/ubna_data_02_mir/recover-20221013/UBNA_001/20221012_030000.WAV,Telephone Field,recover-20221013,001,1795
1016.5085,1016.5492,68437,82889,Rhinolophus ferrumequinum,0.022,0.022,-1,Echolocation,/mnt/ubna_data_02_mir/recover-20221013/UBNA_001/20221012_030000.WAV,Telephone Field,recover-20221013,001,1795
1016.5165,1016.5563,68437,82382,Rhinolophus ferrumequinum,0.022,0.022,-1,Echolocation,/mnt/ubna_data_02_mir/recover-20221013/UBNA_001/20221012_030000.WAV,Telephone Field,recover-20221013,001,1795
1016.5235,1016.5623,68437,82207,Rhinolophus ferrumequinum,0.021,0.021,-1,Echolocation,/mnt/ubna_data_02_mir/recover-20221013/UBNA_001/20221012_030000.WAV,Telephone Field,recover-20221013,001,1795
1016.5615,1016.6003,68437,81917,Rhinolophus ferrumequinum,0.023,0.023,-1,Echolocation,/mnt/ubna_data_02_mir/recover-20221013/UBNA_001/20221012_030000.WAV,Telephone Field,recover-20221013,001,1795
1016.5905,1016.599,28046,38845,Eptesicus serotinus,0.007,0.022,-1,Echolocation,/mnt/ubna_data_02_mir/recover-20221013/UBNA_001/20221012_030000.WAV,Telephone Field,recover-20221013,001,1795
1016.5925,1016.6314,68437,82657,Rhinolophus ferrumequinum,0.021,0.021,-1,Echolocation,/mnt/ubna_data_02_mir/recover-20221013/UBNA_001/20221012_030000.WAV,Telephone Field,recover-20221013,001,1795
1016.6105,1016.6472,68437,81392,Rhinolophus ferrumequinum,0.022,0.022,-1,Echolocation,/mnt/ubna_data_02_mir/recover-20221013/UBNA_001/20221012_030000.WAV,Telephone Field,recover-20221013,001,1795
1016.6205,1016.6551,68437,80994,Rhinolophus ferrumequinum,0.021,0.021,-1,Echolocation,/mnt/ubna_data_02_mir/recover-20221013/UBNA_001/20221012_030000.WAV,Telephone Field,recover-20221013,001,1795
1016.6355,1016.6429,28046,37620,Eptesicus serotinus,0.006,0.023,-1,Echolocation,/mnt/ubna_data_02_mir/recover-20221013/UBNA_001/20221012_030000.WAV,Telephone Field,recover-20221013,001,1795
1016.6375,1016.678,68437,82355,Rhinolophus ferrumequinum,0.038,0.038,-1,Echolocation,/mnt/ubna_data_02_mir/recover-20221013/UBNA_001/20221012_030000.WAV,Telephone Field,recover-20221013,001,1795
1016.6435,1016.6536,24609,31549,Nyctalus leisleri,0.007,0.021,-1,Echolocation,/mnt/ubna_data_02_mir/recover-20221013/UBNA_001/20221012_030000.WAV,Telephone Field,recover-20221013,001,1795
1016.6645,1016.7005,68437,81739,Rhinolophus ferrumequinum,0.022,0.022,-1,Echolocation,/mnt/ubna_data_02_mir/recover-20221013/UBNA_001/20221012_030000.WAV,Telephone Field,recover-20221013,001,1795
1016.6985,1016.7059,27187,42483,Eptesicus serotinus,0.009,0.032,-1,Echolocation,/mnt/ubna_data_02_mir/recover-20221013/UBNA_001/20221012_030000.WAV,Telephone Field,recover-20221013,001,1795
1016.7245,1016.7628,68437,82366,Rhinolophus ferrumequinum,0.021,0.021,-1,Echolocation,/mnt/ubna_data_02_mir/recover-20221013/UBNA_001/20221012_030000.WAV,Telephone Field,recover-20221013,001,1795
1016.7875,1016.8288,68437,82761,Rhinolophus ferrumequinum,0.024,0.024,-1,Echolocation,/mnt/ubna_data_02_mir/recover-20221013/UBNA_001/20221012_030000.WAV,Telephone Field,recover-20221013,001,1795
1016.7885,1016.7992,22890,28927,Nyctalus leisleri,0.011,0.026,-1,Echolocation,/mnt/ubna_data_02_mir/recover-20221013/UBNA_001/20221012_030000.WAV,Telephone Field,recover-20221013,001,1795
1016.8095,1016.8226,23750,28291,Nyctalus leisleri,0.014,0.025,-1,Echolocation,/mnt/ubna_data_02_mir/recover-20221013/UBNA_001/20221012_030000.WAV,Telephone Field,recover-20221013,001,1795
1016.8725,1016.8791,25468,36941,Plecotus austriacus,0.007,0.026,-1,Echolocation,/mnt/ubna_data_02_mir/recover-20221013/UBNA_001/20221012_030000.WAV,Telephone Field,recover-20221013,001,1795
1016.8865,1016.9237,68437,82255,Rhinolophus ferrumequinum,0.021,0.021,-1,Echolocation,/mnt/ubna_data_02_mir/recover-20221013/UBNA_001/20221012_030000.WAV,Telephone Field,recover-20221013,001,1795
1016.8955,1016.9328,68437,81732,Rhinolophus ferrumequinum,0.021,0.021,-1,Echolocation,/mnt/ubna_data_02_mir/recover-20221013/UBNA_001/20221012_030000.WAV,Telephone Field,recover-20221013,001,1795
1016.9025,1016.9415,68437,81817,Rhinolophus ferrumequinum,0.021,0.021,-1,Echolocation,/mnt/ubna_data_02_mir/recover-20221013/UBNA_001/20221012_030000.WAV,Telephone Field,recover-20221013,001,1795
1016.9205,1016.9609,68437,82783,Rhinolophus ferrumequinum,0.028,0.028,-1,Echolocation,/mnt/ubna_data_02_mir/recover-20221013/UBNA_001/20221012_030000.WAV,Telephone Field,recover-20221013,001,1795
1016.9555,1016.9626,23750,32260,Plecotus austriacus,0.009,0.022,-1,Echolocation,/mnt/ubna_data_02_mir/recover-20221013/UBNA_001/20221012_030000.WAV,Telephone Field,recover-20221013,001,1795
1016.9645,1017.0013,68437,81691,Rhinolophus ferrumequinum,0.022,0.022,-1,Echolocation,/mnt/ubna_data_02_mir/recover-20221013/UBNA_001/20221012_030000.WAV,Telephone Field,recover-20221013,001,1795
1016.9985,1017.0363,68437,82093,Rhinolophus ferrumequinum,0.024,0.024,-1,Echolocation,/mnt/ubna_data_02_mir/recover-20221013/UBNA_001/20221012_030000.WAV,Telephone Field,recover-20221013,001,1795
1017.0185,1017.059,68437,82257,Rhinolophus ferrumequinum,0.023,0.023,-1,Echolocation,/mnt/ubna_data_02_mir/recover-20221013/UBNA_001/20221012_030000.WAV,Telephone Field,recover-20221013,001,1795
1017.0625,1017.0745,23750,28248,Nyctalus leisleri,0.016,0.029,-1,Echolocation,/mnt/ubna_data_02_mir/recover-20221013/UBNA_001/20221012_030000.WAV,Telephone Field,recover-20221013,001,1795
1017.0735,1017.0801,48671,53225,Pipistrellus pipistrellus,0.024,0.025,-1,Echolocation,/mnt/ubna_data_02_mir/recover-20221013/UBNA_001/20221012_030000.WAV,Telephone Field,recover-20221013,001,1795
1017.0925,1017.1283,68437,81466,Rhinolophus ferrumequinum,0.022,0.022,-1,Echolocation,/mnt/ubna_data_02_mir/recover-20221013/UBNA_001/20221012_030000.WAV,Telephone Field,recover-20221013,001,1795
1017.1135,1017.1518,68437,81417,Rhinolophus ferrumequinum,0.02,0.02,-1,Echolocation,/mnt/ubna_data_02_mir/recover-20221013/UBNA_001/20221012_030000.WAV,Telephone Field,recover-20221013,001,1795
1017.1425,1017.1831999999999,68437,82457,Rhinolophus ferrumequinum,0.024,0.024,-1,Echolocation,/mnt/ubna_data_02_mir/recover-20221013/UBNA_001/20221012_030000.WAV,Telephone Field,recover-20221013,001,1795
1017.1725,1017.2095,68437,81609,Rhinolophus ferrumequinum,0.022,0.022,-1,Echolocation,/mnt/ubna_data_02_mir/recover-20221013/UBNA_001/20221012_030000.WAV,Telephone Field,recover-20221013,001,1795
1017.2105,1017.2499,68437,82227,Rhinolophus ferrumequinum,0.024,0.024,-1,Echolocation,/mnt/ubna_data_02_mir/recover-20221013/UBNA_001/20221012_030000.WAV,Telephone Field,recover-20221013,001,1795
1017.2355,1017.2709,68437,81238,Rhinolophus ferrumequinum,0.022,0.022,-1,Echolocation,/mnt/ubna_data_02_mir/recover-20221013/UBNA_001/20221012_030000.WAV,Telephone Field,recover-20221013,001,1795
1017.2785,1017.3163,68437,81885,Rhinolophus ferrumequinum,0.029,0.029,-1,Echolocation,/mnt/ubna_data_02_mir/recover-20221013/UBNA_001/20221012_030000.WAV,Telephone Field,recover-20221013,001,1795
1017.2875,1017.2941,24609,35066,Plecotus austriacus,0.008,0.023,-1,Echolocation,/mnt/ubna_data_02_mir/recover-20221013/UBNA_001/20221012_030000.WAV,Telephone Field,recover-20221013,001,1795
1017.2885,1017.3255,68437,82011,Rhinolophus ferrumequinum,0.021,0.021,-1,Echolocation,/mnt/ubna_data_02_mir/recover-20221013/UBNA_001/20221012_030000.WAV,Telephone Field,recover-20221013,001,1795
1017.3205,1017.3316,22890,28257,Nyctalus leisleri,0.013,0.027,-1,Echolocation,/mnt/ubna_data_02_mir/recover-20221013/UBNA_001/20221012_030000.WAV,Telephone Field,recover-20221013,001,1795
1017.3445,1017.3818,68437,82044,Rhinolophus ferrumequinum,0.021,0.021,-1,Echolocation,/mnt/ubna_data_02_mir/recover-20221013/UBNA_001/20221012_030000.WAV,Telephone Field,recover-20221013,001,1795
1017.3535,1017.3926,68437,82031,Rhinolophus ferrumequinum,0.023,0.023,-1,Echolocation,/mnt/ubna_data_02_mir/recover-20221013/UBNA_001/20221012_030000.WAV,Telephone Field,recover-20221013,001,1795
1017.3665,1017.3848,20312,23783,Nyctalus leisleri,0.027,0.055,-1,Echolocation,/mnt/ubna_data_02_mir/recover-20221013/UBNA_001/20221012_030000.WAV,Telephone Field,recover-20221013,001,1795
1017.3745,1017.4121,68437,81896,Rhinolophus ferrumequinum,0.025,0.025,-1,Echolocation,/mnt/ubna_data_02_mir/recover-20221013/UBNA_001/20221012_030000.WAV,Telephone Field,recover-20221013,001,1795
1017.3805,1017.4179,68437,82165,Rhinolophus ferrumequinum,0.024,0.024,-1,Echolocation,/mnt/ubna_data_02_mir/recover-20221013/UBNA_001/20221012_030000.WAV,Telephone Field,recover-20221013,001,1795
1017.4365,1017.481,68437,83519,Rhinolophus ferrumequinum,0.031,0.031,-1,Echolocation,/mnt/ubna_data_02_mir/recover-20221013/UBNA_001/20221012_030000.WAV,Telephone Field,recover-20221013,001,1795
1017.4615,1017.4697,28046,39491,Eptesicus serotinus,0.007,0.022,-1,Echolocation,/mnt/ubna_data_02_mir/recover-20221013/UBNA_001/20221012_030000.WAV,Telephone Field,recover-20221013,001,1795
1017.4665,1017.477,22031,27224,Nyctalus leisleri,0.008,0.02,-1,Echolocation,/mnt/ubna_data_02_mir/recover-20221013/UBNA_001/20221012_030000.WAV,Telephone Field,recover-20221013,001,1795
1017.4735000000001,1017.511,68437,81346,Rhinolophus ferrumequinum,0.02,0.021,-1,Echolocation,/mnt/ubna_data_02_mir/recover-20221013/UBNA_001/20221012_030000.WAV,Telephone Field,recover-20221013,001,1795
1017.4905,1017.5014,28046,35726,Eptesicus serotinus,0.01,0.022,-1,Echolocation,/mnt/ubna_data_02_mir/recover-20221013/UBNA_001/20221012_030000.WAV,Telephone Field,recover-20221013,001,1795
1017.5115,1017.5476,68437,81730,Rhinolophus ferrumequinum,0.023,0.023,-1,Echolocation,/mnt/ubna_data_02_mir/recover-20221013/UBNA_001/20221012_030000.WAV,Telephone Field,recover-20221013,001,1795
1017.5315,1017.5666,68437,81067,Rhinolophus ferrumequinum,0.022,0.022,-1,Echolocation,/mnt/ubna_data_02_mir/recover-20221013/UBNA_001/20221012_030000.WAV,Telephone Field,recover-20221013,001,1795
1017.5475,1017.5532,28046,43486,Myotis daubentonii,0.007,0.033,-1,Echolocation,/mnt/ubna_data_02_mir/recover-20221013/UBNA_001/20221012_030000.WAV,Telephone Field,recover-20221013,001,1795
1017.5875,1017.5945,24609,37211,Plecotus austriacus,0.006,0.021,-1,Echolocation,/mnt/ubna_data_02_mir/recover-20221013/UBNA_001/20221012_030000.WAV,Telephone Field,recover-20221013,001,1795
1017.6355,1017.6683,68437,80920,Rhinolophus ferrumequinum,0.023,0.023,-1,Echolocation,/mnt/ubna_data_02_mir/recover-20221013/UBNA_001/20221012_030000.WAV,Telephone Field,recover-20221013,001,1795
1017.6365,1017.6479,23750,29399,Nyctalus leisleri,0.01,0.022,-1,Echolocation,/mnt/ubna_data_02_mir/recover-20221013/UBNA_001/20221012_030000.WAV,Telephone Field,recover-20221013,001,1795
1017.6535,1017.6614,27187,36557,Eptesicus serotinus,0.011,0.026,-1,Echolocation,/mnt/ubna_data_02_mir/recover-20221013/UBNA_001/20221012_030000.WAV,Telephone Field,recover-20221013,001,1795
1017.6805,1017.7197,68437,82541,Rhinolophus ferrumequinum,0.023,0.023,-1,Echolocation,/mnt/ubna_data_02_mir/recover-20221013/UBNA_001/20221012_030000.WAV,Telephone Field,recover-20221013,001,1795
1017.7405,1017.7474,27187,41102,Eptesicus serotinus,0.006,0.022,-1,Echolocation,/mnt/ubna_data_02_mir/recover-20221013/UBNA_001/20221012_030000.WAV,Telephone Field,recover-20221013,001,1795
1017.7715,1017.8061,68437,80784,Rhinolophus ferrumequinum,0.02,0.02,-1,Echolocation,/mnt/ubna_data_02_mir/recover-20221013/UBNA_001/20221012_030000.WAV,Telephone Field,recover-20221013,001,1795
1017.7935,1017.8333,68437,82672,Rhinolophus ferrumequinum,0.024,0.024,-1,Echolocation,/mnt/ubna_data_02_mir/recover-20221013/UBNA_001/20221012_030000.WAV,Telephone Field,recover-20221013,001,1795
1017.8155,1017.8529,68437,81896,Rhinolophus ferrumequinum,0.024,0.024,-1,Echolocation,/mnt/ubna_data_02_mir/recover-20221013/UBNA_001/20221012_030000.WAV,Telephone Field,recover-20221013,001,1795
1017.8245,1017.8677,68437,82861,Rhinolophus ferrumequinum,0.032,0.032,-1,Echolocation,/mnt/ubna_data_02_mir/recover-20221013/UBNA_001/20221012_030000.WAV,Telephone Field,recover-20221013,001,1795
1017.8875,1017.928,68437,82365,Rhinolophus ferrumequinum,0.031,0.032,-1,Echolocation,/mnt/ubna_data_02_mir/recover-20221013/UBNA_001/20221012_030000.WAV,Telephone Field,recover-20221013,001,1795
1017.9095,1017.9478,68437,81997,Rhinolophus ferrumequinum,0.022,0.022,-1,Echolocation,/mnt/ubna_data_02_mir/recover-20221013/UBNA_001/20221012_030000.WAV,Telephone Field,recover-20221013,001,1795
1017.9345,1017.9707,68437,81882,Rhinolophus ferrumequinum,0.022,0.022,-1,Echolocation,/mnt/ubna_data_02_mir/recover-20221013/UBNA_001/20221012_030000.WAV,Telephone Field,recover-20221013,001,1795
1017.9445,1017.9825,68437,81762,Rhinolophus ferrumequinum,0.026,0.026,-1,Echolocation,/mnt/ubna_data_02_mir/recover-20221013/UBNA_001/20221012_030000.WAV,Telephone Field,recover-20221013,001,1795
1018.0015,1018.0362,69296,81328,Rhinolophus ferrumequinum,0.035,0.036,-1,Echolocation,/mnt/ubna_data_02_mir/recover-20221013/UBNA_001/20221012_030000.WAV,Telephone Field,recover-20221013,001,1795
1018.0015,1018.0147,21171,26082,Nyctalus leisleri,0.011,0.023,-1,Echolocation,/mnt/ubna_data_02_mir/recover-20221013/UBNA_001/20221012_030000.WAV,Telephone Field,recover-20221013,001,1795
1018.0085,1018.0501,68437,81748,Rhinolophus ferrumequinum,0.022,0.023,-1,Echolocation,/mnt/ubna_data_02_mir/recover-20221013/UBNA_001/20221012_030000.WAV,Telephone Field,recover-20221013,001,1795
1018.0475,1018.0544,23750,33160,Plecotus austriacus,0.01,0.024,-1,Echolocation,/mnt/ubna_data_02_mir/recover-20221013/UBNA_001/20221012_030000.WAV,Telephone Field,recover-20221013,001,1795
1018.0755,1018.0848,25468,33424,Eptesicus serotinus,0.01,0.022,-1,Echolocation,/mnt/ubna_data_02_mir/recover-20221013/UBNA_001/20221012_030000.WAV,Telephone Field,recover-20221013,001,1795
1018.1105,1018.1476,68437,82023,Rhinolophus ferrumequinum,0.022,0.022,-1,Echolocation,/mnt/ubna_data_02_mir/recover-20221013/UBNA_001/20221012_030000.WAV,Telephone Field,recover-20221013,001,1795
1018.1165,1018.1561,68437,82586,Rhinolophus ferrumequinum,0.023,0.023,-1,Echolocation,/mnt/ubna_data_02_mir/recover-20221013/UBNA_001/20221012_030000.WAV,Telephone Field,recover-20221013,001,1795
1018.1275,1018.1351,27187,38231,Eptesicus serotinus,0.007,0.022,-1,Echolocation,/mnt/ubna_data_02_mir/recover-20221013/UBNA_001/20221012_030000.WAV,Telephone Field,recover-20221013,001,1795
1018.1955,1018.2038,27187,40049,Eptesicus serotinus,0.008,0.023,-1,Echolocation,/mnt/ubna_data_02_mir/recover-20221013/UBNA_001/20221012_030000.WAV,Telephone Field,recover-20221013,001,1795
1018.2435,1018.2531,28046,42233,Eptesicus serotinus,0.009,0.021,-1,Echolocation,/mnt/ubna_data_02_mir/recover-20221013/UBNA_001/20221012_030000.WAV,Telephone Field,recover-20221013,001,1795
1018.2645,1018.3019,68437,81948,Rhinolophus ferrumequinum,0.021,0.021,-1,Echolocation,/mnt/ubna_data_02_mir/recover-20221013/UBNA_001/20221012_030000.WAV,Telephone Field,recover-20221013,001,1795
1018.2975,1018.3375,68437,82375,Rhinolophus ferrumequinum,0.024,0.024,-1,Echolocation,/mnt/ubna_data_02_mir/recover-20221013/UBNA_001/20221012_030000.WAV,Telephone Field,recover-20221013,001,1795
1018.3405,1018.3797,68437,82119,Rhinolophus ferrumequinum,0.022,0.022,-1,Echolocation,/mnt/ubna_data_02_mir/recover-20221013/UBNA_001/20221012_030000.WAV,Telephone Field,recover-20221013,001,1795
1018.3445,1018.3521,28046,40146,Eptesicus serotinus,0.007,0.022,-1,Echolocation,/mnt/ubna_data_02_mir/recover-20221013/UBNA_001/20221012_030000.WAV,Telephone Field,recover-20221013,001,1795
1018.3515,1018.3901,68437,82016,Rhinolophus ferrumequinum,0.021,0.021,-1,Echolocation,/mnt/ubna_data_02_mir/recover-20221013/UBNA_001/20221012_030000.WAV,Telephone Field,recover-20221013,001,1795
1018.3715,1018.4088,68437,81888,Rhinolophus ferrumequinum,0.021,0.021,-1,Echolocation,/mnt/ubna_data_02_mir/recover-20221013/UBNA_001/20221012_030000.WAV,Telephone Field,recover-20221013,001,1795
1018.3935,1018.4091,20312,23478,Nyctalus leisleri,0.015,0.025,-1,Echolocation,/mnt/ubna_data_02_mir/recover-20221013/UBNA_001/20221012_030000.WAV,Telephone Field,recover-20221013,001,1795
1018.4255,1018.466,68437,82616,Rhinolophus ferrumequinum,0.021,0.021,-1,Echolocation,/mnt/ubna_data_02_mir/recover-20221013/UBNA_001/20221012_030000.WAV,Telephone Field,recover-20221013,001,1795
1018.4355,1018.4715,68437,82007,Rhinolophus ferrumequinum,0.021,0.021,-1,Echolocation,/mnt/ubna_data_02_mir/recover-20221013/UBNA_001/20221012_030000.WAV,Telephone Field,recover-20221013,001,1795
1018.4625,1018.4979,68437,82452,Rhinolophus ferrumequinum,0.024,0.024,-1,Echolocation,/mnt/ubna_data_02_mir/recover-20221013/UBNA_001/20221012_030000.WAV,Telephone Field,recover-20221013,001,1795
1018.5025,1018.5134,23750,29092,Nyctalus leisleri,0.01,0.023,-1,Echolocation,/mnt/ubna_data_02_mir/recover-20221013/UBNA_001/20221012_030000.WAV,Telephone Field,recover-20221013,001,1795
1018.5045,1018.5425,68437,81447,Rhinolophus ferrumequinum,0.024,0.024,-1,Echolocation,/mnt/ubna_data_02_mir/recover-20221013/UBNA_001/20221012_030000.WAV,Telephone Field,recover-20221013,001,1795
1018.6025,1018.6399,68437,81802,Rhinolophus ferrumequinum,0.021,0.021,-1,Echolocation,/mnt/ubna_data_02_mir/recover-20221013/UBNA_001/20221012_030000.WAV,Telephone Field,recover-20221013,001,1795
1018.6445,1018.6518,28046,36115,Eptesicus serotinus,0.017,0.041,-1,Echolocation,/mnt/ubna_data_02_mir/recover-20221013/UBNA_001/20221012_030000.WAV,Telephone Field,recover-20221013,001,1795
1018.7075,1018.7465,68437,82269,Rhinolophus ferrumequinum,0.021,0.021,-1,Echolocation,/mnt/ubna_data_02_mir/recover-20221013/UBNA_001/20221012_030000.WAV,Telephone Field,recover-20221013,001,1795
1018.7445,1018.7818,68437,81581,Rhinolophus ferrumequinum,0.022,0.022,-1,Echolocation,/mnt/ubna_data_02_mir/recover-20221013/UBNA_001/20221012_030000.WAV,Telephone Field,recover-20221013,001,1795
1018.7785,1018.7892,22890,28377,Nyctalus leisleri,0.011,0.026,-1,Echolocation,/mnt/ubna_data_02_mir/recover-20221013/UBNA_001/20221012_030000.WAV,Telephone Field,recover-20221013,001,1795
1018.7835,1018.8225,68437,82402,Rhinolophus ferrumequinum,0.021,0.021,-1,Echolocation,/mnt/ubna_data_02_mir/recover-20221013/UBNA_001/20221012_030000.WAV,Telephone Field,recover-20221013,001,1795
1018.7985,1018.8073,28906,37455,Eptesicus serotinus,0.008,0.023,-1,Echolocation,/mnt/ubna_data_02_mir/recover-20221013/UBNA_001/20221012_030000.WAV,Telephone Field,recover-20221013,001,1795
1018.8045,1018.8441,68437,82557,Rhinolophus ferrumequinum,0.023,0.023,-1,Echolocation,/mnt/ubna_data_02_mir/recover-20221013/UBNA_001/20221012_030000.WAV,Telephone Field,recover-20221013,001,1795
1018.8245,1018.831,26328,39425,Eptesicus serotinus,0.005,0.021,-1,Echolocation,/mnt/ubna_data_02_mir/recover-20221013/UBNA_001/20221012_030000.WAV,Telephone Field,recover-20221013,001,1795
1018.8555,1018.8952,68437,81921,Rhinolophus ferrumequinum,0.022,0.022,-1,Echolocation,/mnt/ubna_data_02_mir/recover-20221013/UBNA_001/20221012_030000.WAV,Telephone Field,recover-20221013,001,1795
1018.8625,1018.9017,68437,81694,Rhinolophus ferrumequinum,0.021,0.021,-1,Echolocation,/mnt/ubna_data_02_mir/recover-20221013/UBNA_001/20221012_030000.WAV,Telephone Field,recover-20221013,001,1795
1018.8955,1018.9033,30625,39537,Myotis daubentonii,0.009,0.023,-1,Echolocation,/mnt/ubna_data_02_mir/recover-20221013/UBNA_001/20221012_030000.WAV,Telephone Field,recover-20221013,001,1795
1018.9014999999999,1018.9114,22031,27400,Nyctalus leisleri,0.008,0.022,-1,Echolocation,/mnt/ubna_data_02_mir/recover-20221013/UBNA_001/20221012_030000.WAV,Telephone Field,recover-20221013,001,1795
1018.9095,1018.9488,68437,82657,Rhinolophus ferrumequinum,0.029,0.029,-1,Echolocation,/mnt/ubna_data_02_mir/recover-20221013/UBNA_001/20221012_030000.WAV,Telephone Field,recover-20221013,001,1795
1018.9605,1018.9978,68437,80440,Rhinolophus ferrumequinum,0.022,0.022,-1,Echolocation,/mnt/ubna_data_02_mir/recover-20221013/UBNA_001/20221012_030000.WAV,Telephone Field,recover-20221013,001,1795
1018.9805,1019.0011,18593,21665,Nyctalus noctula,0.019,0.036,-1,Echolocation,/mnt/ubna_data_02_mir/recover-20221013/UBNA_001/20221012_030000.WAV,Telephone Field,recover-20221013,001,1795
1019.0075,1019.0129,39218,61976,Myotis brandtii,0.007,0.022,-1,Echolocation,/mnt/ubna_data_02_mir/recover-20221013/UBNA_001/20221012_030000.WAV,Telephone Field,recover-20221013,001,1795
1019.0264999999999,1019.0360000000001,22890,30038,Nyctalus leisleri,0.007,0.022,-1,Echolocation,/mnt/ubna_data_02_mir/recover-20221013/UBNA_001/20221012_030000.WAV,Telephone Field,recover-20221013,001,1795
1019.0935,1019.1302,68437,81210,Rhinolophus ferrumequinum,0.022,0.022,-1,Echolocation,/mnt/ubna_data_02_mir/recover-20221013/UBNA_001/20221012_030000.WAV,Telephone Field,recover-20221013,001,1795
1019.1685,1019.1789,28046,36511,Eptesicus serotinus,0.009,0.023,-1,Echolocation,/mnt/ubna_data_02_mir/recover-20221013/UBNA_001/20221012_030000.WAV,Telephone Field,recover-20221013,001,1795
1019.1755,1019.1871,28046,34103,Eptesicus serotinus,0.01,0.023,-1,Echolocation,/mnt/ubna_data_02_mir/recover-20221013/UBNA_001/20221012_030000.WAV,Telephone Field,recover-20221013,001,1795
1019.2195,1019.2371,22031,25987,Nyctalus leisleri,0.029,0.051,-1,Echolocation,/mnt/ubna_data_02_mir/recover-20221013/UBNA_001/20221012_030000.WAV,Telephone Field,recover-20221013,001,1795
1019.2695,1019.2803,24609,31821,Eptesicus serotinus,0.009,0.027,-1,Echolocation,/mnt/ubna_data_02_mir/recover-20221013/UBNA_001/20221012_030000.WAV,Telephone Field,recover-20221013,001,1795
1019.2835,1019.3204,68437,82105,Rhinolophus ferrumequinum,0.028,0.028,-1,Echolocation,/mnt/ubna_data_02_mir/recover-20221013/UBNA_001/20221012_030000.WAV,Telephone Field,recover-20221013,001,1795
1019.3375,1019.376,68437,81723,Rhinolophus ferrumequinum,0.021,0.021,-1,Echolocation,/mnt/ubna_data_02_mir/recover-20221013/UBNA_001/20221012_030000.WAV,Telephone Field,recover-20221013,001,1795
1019.3395,1019.3543999999999,14296,18656,Nyctalus noctula,0.025,0.04,-1,Echolocation,/mnt/ubna_data_02_mir/recover-20221013/UBNA_001/20221012_030000.WAV,Telephone Field,recover-20221013,001,1795
1019.3625,1019.3723,28046,35525,Eptesicus serotinus,0.014,0.027,-1,Echolocation,/mnt/ubna_data_02_mir/recover-20221013/UBNA_001/20221012_030000.WAV,Telephone Field,recover-20221013,001,1795
1019.3835,1019.3903,27187,39033,Eptesicus serotinus,0.006,0.022,-1,Echolocation,/mnt/ubna_data_02_mir/recover-20221013/UBNA_001/20221012_030000.WAV,Telephone Field,recover-20221013,001,1795
1019.4765,1019.5158,68437,82296,Rhinolophus ferrumequinum,0.022,0.022,-1,Echolocation,/mnt/ubna_data_02_mir/recover-20221013/UBNA_001/20221012_030000.WAV,Telephone Field,recover-20221013,001,1795
1019.4865,1019.5264,68437,82415,Rhinolophus ferrumequinum,0.024,0.024,-1,Echolocation,/mnt/ubna_data_02_mir/recover-20221013/UBNA_001/20221012_030000.WAV,Telephone Field,recover-20221013,001,1795
1019.4945,1019.535,68437,82660,Rhinolophus ferrumequinum,0.023,0.023,-1,Echolocation,/mnt/ubna_data_02_mir/recover-20221013/UBNA_001/20221012_030000.WAV,Telephone Field,recover-20221013,001,1795
1019.5065,1019.5146,28046,39462,Eptesicus serotinus,0.008,0.023,-1,Echolocation,/mnt/ubna_data_02_mir/recover-20221013/UBNA_001/20221012_030000.WAV,Telephone Field,recover-20221013,001,1795
1019.5335,1019.5407,48671,53819,Pipistrellus pipistrellus,0.028,0.029,-1,Echolocation,/mnt/ubna_data_02_mir/recover-20221013/UBNA_001/20221012_030000.WAV,Telephone Field,recover-20221013,001,1795
1019.5335,1019.5701,68437,82071,Rhinolophus ferrumequinum,0.022,0.022,-1,Echolocation,/mnt/ubna_data_02_mir/recover-20221013/UBNA_001/20221012_030000.WAV,Telephone Field,recover-20221013,001,1795
1019.5415,1019.582,68437,82632,Rhinolophus ferrumequinum,0.022,0.022,-1,Echolocation,/mnt/ubna_data_02_mir/recover-20221013/UBNA_001/20221012_030000.WAV,Telephone Field,recover-20221013,001,1795
1019.5525,1019.5692,20312,23205,Nyctalus leisleri,0.014,0.022,-1,Echolocation,/mnt/ubna_data_02_mir/recover-20221013/UBNA_001/20221012_030000.WAV,Telephone Field,recover-20221013,001,1795
1019.5915,1019.5974,28046,51259,Myotis daubentonii,0.007,0.028,-1,Echolocation,/mnt/ubna_data_02_mir/recover-20221013/UBNA_001/20221012_030000.WAV,Telephone Field,recover-20221013,001,1795
1019.6055,1019.6175,33203,37915,Eptesicus serotinus,0.006,0.023,-1,Echolocation,/mnt/ubna_data_02_mir/recover-20221013/UBNA_001/20221012_030000.WAV,Telephone Field,recover-20221013,001,1795
1019.6605,1019.6711,25468,32401,Eptesicus serotinus,0.012,0.035,-1,Echolocation,/mnt/ubna_data_02_mir/recover-20221013/UBNA_001/20221012_030000.WAV,Telephone Field,recover-20221013,001,1795
1019.6985,1019.7331,68437,81125,Rhinolophus ferrumequinum,0.029,0.029,-1,Echolocation,/mnt/ubna_data_02_mir/recover-20221013/UBNA_001/20221012_030000.WAV,Telephone Field,recover-20221013,001,1795
1019.7265,1019.7654,68437,82465,Rhinolophus ferrumequinum,0.027,0.027,-1,Echolocation,/mnt/ubna_data_02_mir/recover-20221013/UBNA_001/20221012_030000.WAV,Telephone Field,recover-20221013,001,1795
1019.7915,1019.8348,68437,82953,Rhinolophus ferrumequinum,0.026,0.026,-1,Echolocation,/mnt/ubna_data_02_mir/recover-20221013/UBNA_001/20221012_030000.WAV,Telephone Field,recover-20221013,001,1795
1019.8295,1019.8659,68437,81412,Rhinolophus ferrumequinum,0.023,0.023,-1,Echolocation,/mnt/ubna_data_02_mir/recover-20221013/UBNA_001/20221012_030000.WAV,Telephone Field,recover-20221013,001,1795
1019.8345,1019.8413,28046,40910,Eptesicus serotinus,0.006,0.023,-1,Echolocation,/mnt/ubna_data_02_mir/recover-20221013/UBNA_001/20221012_030000.WAV,Telephone Field,recover-20221013,001,1795
1019.8885,1019.9285,68437,82349,Rhinolophus ferrumequinum,0.022,0.022,-1,Echolocation,/mnt/ubna_data_02_mir/recover-20221013/UBNA_001/20221012_030000.WAV,Telephone Field,recover-20221013,001,1795
1019.8985,1019.9073,22890,29922,Plecotus austriacus,0.009,0.022,-1,Echolocation,/mnt/ubna_data_02_mir/recover-20221013/UBNA_001/20221012_030000.WAV,Telephone Field,recover-20221013,001,1795
1019.9335,1019.9753,68437,83170,Rhinolophus ferrumequinum,0.023,0.023,-1,Echolocation,/mnt/ubna_data_02_mir/recover-20221013/UBNA_001/20221012_030000.WAV,Telephone Field,recover-20221013,001,1795
1019.9425,1019.9573,38359,42027,Pipistrellus nathusii,0.013,0.023,-1,Echolocation,/mnt/ubna_data_02_mir/recover-20221013/UBNA_001/20221012_030000.WAV,Telephone Field,recover-20221013,001,1795
1019.9445,1019.9519,26328,37458,Eptesicus serotinus,0.006,0.021,-1,Echolocation,/mnt/ubna_data_02_mir/recover-20221013/UBNA_001/20221012_030000.WAV,Telephone Field,recover-20221013,001,1795
1020.0015,1020.013,22031,26571,Nyctalus leisleri,0.018,0.035,-1,Echolocation,/mnt/ubna_data_02_mir/recover-20221013/UBNA_001/20221012_030000.WAV,Telephone Field,recover-20221013,001,1795
1020.0015,1020.0348,69296,81808,Rhinolophus ferrumequinum,0.032,0.032,-1,Echolocation,/mnt/ubna_data_02_mir/recover-20221013/UBNA_001/20221012_030000.WAV,Telephone Field,recover-20221013,001,1795
1020.0165,1020.0586,68437,82959,Rhinolophus ferrumequinum,0.021,0.021,-1,Echolocation,/mnt/ubna_data_02_mir/recover-20221013/UBNA_001/20221012_030000.WAV,Telephone Field,recover-20221013,001,1795
1020.0545,1020.0923,68437,81944,Rhinolophus ferrumequinum,0.022,0.022,-1,Echolocation,/mnt/ubna_data_02_mir/recover-20221013/UBNA_001/20221012_030000.WAV,Telephone Field,recover-20221013,001,1795
1020.0545,1020.0628,34921,42858,Myotis daubentonii,0.008,0.022,-1,Echolocation,/mnt/ubna_data_02_mir/recover-20221013/UBNA_001/20221012_030000.WAV,Telephone Field,recover-20221013,001,1795
1020.0725,1020.0819,24609,33071,Eptesicus serotinus,0.008,0.021,-1,Echolocation,/mnt/ubna_data_02_mir/recover-20221013/UBNA_001/20221012_030000.WAV,Telephone Field,recover-20221013,001,1795
1020.0835,1020.0917,26328,34897,Eptesicus serotinus,0.012,0.037,-1,Echolocation,/mnt/ubna_data_02_mir/recover-20221013/UBNA_001/20221012_030000.WAV,Telephone Field,recover-20221013,001,1795
1020.1155,1020.1252,28906,37797,Eptesicus serotinus,0.008,0.021,-1,Echolocation,/mnt/ubna_data_02_mir/recover-20221013/UBNA_001/20221012_030000.WAV,Telephone Field,recover-20221013,001,1795
1020.1175,1020.158,68437,82888,Rhinolophus ferrumequinum,0.023,0.023,-1,Echolocation,/mnt/ubna_data_02_mir/recover-20221013/UBNA_001/20221012_030000.WAV,Telephone Field,recover-20221013,001,1795
1020.1515,1020.1857,68437,81135,Rhinolophus ferrumequinum,0.02,0.02,-1,Echolocation,/mnt/ubna_data_02_mir/recover-20221013/UBNA_001/20221012_030000.WAV,Telephone Field,recover-20221013,001,1795
1020.1525,1020.1607,28046,38742,Eptesicus serotinus,0.007,0.02,-1,Echolocation,/mnt/ubna_data_02_mir/recover-20221013/UBNA_001/20221012_030000.WAV,Telephone Field,recover-20221013,001,1795
1020.1555,1020.1715,20312,23758,Nyctalus leisleri,0.017,0.03,-1,Echolocation,/mnt/ubna_data_02_mir/recover-20221013/UBNA_001/20221012_030000.WAV,Telephone Field,recover-20221013,001,1795
1020.1945,1020.2291,68437,81203,Rhinolophus ferrumequinum,0.02,0.02,-1,Echolocation,/mnt/ubna_data_02_mir/recover-20221013/UBNA_001/20221012_030000.WAV,Telephone Field,recover-20221013,001,1795
1020.2085,1020.2462,68437,82016,Rhinolophus ferrumequinum,0.021,0.021,-1,Echolocation,/mnt/ubna_data_02_mir/recover-20221013/UBNA_001/20221012_030000.WAV,Telephone Field,recover-20221013,001,1795
1020.2185,1020.2563,68437,82139,Rhinolophus ferrumequinum,0.024,0.024,-1,Echolocation,/mnt/ubna_data_02_mir/recover-20221013/UBNA_001/20221012_030000.WAV,Telephone Field,recover-20221013,001,1795
1020.2515,1020.2933,68437,82888,Rhinolophus ferrumequinum,0.025,0.025,-1,Echolocation,/mnt/ubna_data_02_mir/recover-20221013/UBNA_001/20221012_030000.WAV,Telephone Field,recover-20221013,001,1795
1020.2515,1020.2619,22031,27714,Nyctalus leisleri,0.009,0.021,-1,Echolocation,/mnt/ubna_data_02_mir/recover-20221013/UBNA_001/20221012_030000.WAV,Telephone Field,recover-20221013,001,1795
1020.2865,1020.3254,68437,82316,Rhinolophus ferrumequinum,0.022,0.022,-1,Echolocation,/mnt/ubna_data_02_mir/recover-20221013/UBNA_001/20221012_030000.WAV,Telephone Field,recover-20221013,001,1795
1020.2965,1020.3077,23750,29790,Nyctalus leisleri,0.009,0.022,-1,Echolocation,/mnt/ubna_data_02_mir/recover-20221013/UBNA_001/20221012_030000.WAV,Telephone Field,recover-20221013,001,1795
1020.3195,1020.3271,25468,35619,Plecotus austriacus,0.005,0.023,-1,Echolocation,/mnt/ubna_data_02_mir/recover-20221013/UBNA_001/20221012_030000.WAV,Telephone Field,recover-20221013,001,1795
1020.3645,1020.3767,38359,41964,Pipistrellus nathusii,0.009,0.02,-1,Echolocation,/mnt/ubna_data_02_mir/recover-20221013/UBNA_001/20221012_030000.WAV,Telephone Field,recover-20221013,001,1795
1020.3685,1020.4071,68437,82196,Rhinolophus ferrumequinum,0.024,0.024,-1,Echolocation,/mnt/ubna_data_02_mir/recover-20221013/UBNA_001/20221012_030000.WAV,Telephone Field,recover-20221013,001,1795
1020.4005,1020.4357,68437,81459,Rhinolophus ferrumequinum,0.02,0.02,-1,Echolocation,/mnt/ubna_data_02_mir/recover-20221013/UBNA_001/20221012_030000.WAV,Telephone Field,recover-20221013,001,1795
1020.4215,1020.4338,23750,29377,Nyctalus leisleri,0.014,0.031,-1,Echolocation,/mnt/ubna_data_02_mir/recover-20221013/UBNA_001/20221012_030000.WAV,Telephone Field,recover-20221013,001,1795
1020.4255,1020.4622,68437,80982,Rhinolophus ferrumequinum,0.022,0.022,-1,Echolocation,/mnt/ubna_data_02_mir/recover-20221013/UBNA_001/20221012_030000.WAV,Telephone Field,recover-20221013,001,1795
1020.4795,1020.5201,68437,82741,Rhinolophus ferrumequinum,0.036,0.036,-1,Echolocation,/mnt/ubna_data_02_mir/recover-20221013/UBNA_001/20221012_030000.WAV,Telephone Field,recover-20221013,001,1795
1020.5065,1020.5449,68437,81917,Rhinolophus ferrumequinum,0.02,0.02,-1,Echolocation,/mnt/ubna_data_02_mir/recover-20221013/UBNA_001/20221012_030000.WAV,Telephone Field,recover-20221013,001,1795
1020.5115,1020.5173,23750,36572,Plecotus austriacus,0.037,0.061,-1,Echolocation,/mnt/ubna_data_02_mir/recover-20221013/UBNA_001/20221012_030000.WAV,Telephone Field,recover-20221013,001,1795
1020.5545,1020.5943,68437,82562,Rhinolophus ferrumequinum,0.021,0.021,-1,Echolocation,/mnt/ubna_data_02_mir/recover-20221013/UBNA_001/20221012_030000.WAV,Telephone Field,recover-20221013,001,1795
1020.5595,1020.5704,22031,26335,Nyctalus leisleri,0.014,0.026,-1,Echolocation,/mnt/ubna_data_02_mir/recover-20221013/UBNA_001/20221012_030000.WAV,Telephone Field,recover-20221013,001,1795
1020.5735,1020.6126,68437,81566,Rhinolophus ferrumequinum,0.021,0.021,-1,Echolocation,/mnt/ubna_data_02_mir/recover-20221013/UBNA_001/20221012_030000.WAV,Telephone Field,recover-20221013,001,1795
1020.5845,1020.6253,68437,82644,Rhinolophus ferrumequinum,0.022,0.022,-1,Echolocation,/mnt/ubna_data_02_mir/recover-20221013/UBNA_001/20221012_030000.WAV,Telephone Field,recover-20221013,001,1795
1020.5945,1020.6329,68437,82001,Rhinolophus ferrumequinum,0.02,0.02,-1,Echolocation,/mnt/ubna_data_02_mir/recover-20221013/UBNA_001/20221012_030000.WAV,Telephone Field,recover-20221013,001,1795
1020.6075,1020.6173,28046,39313,Eptesicus serotinus,0.01,0.022,-1,Echolocation,/mnt/ubna_data_02_mir/recover-20221013/UBNA_001/20221012_030000.WAV,Telephone Field,recover-20221013,001,1795
1020.6155,1020.623,27187,39380,Eptesicus serotinus,0.007,0.022,-1,Echolocation,/mnt/ubna_data_02_mir/recover-20221013/UBNA_001/20221012_030000.WAV,Telephone Field,recover-20221013,001,1795
1020.6395,1020.6501,29765,37768,Eptesicus serotinus,0.012,0.025,-1,Echolocation,/mnt/ubna_data_02_mir/recover-20221013/UBNA_001/20221012_030000.WAV,Telephone Field,recover-20221013,001,1795
1020.6465,1020.6573,28906,35223,Eptesicus serotinus,0.01,0.022,-1,Echolocation,/mnt/ubna_data_02_mir/recover-20221013/UBNA_001/20221012_030000.WAV,Telephone Field,recover-20221013,001,1795
1020.6845,1020.7201,68437,81191,Rhinolophus ferrumequinum,0.02,0.02,-1,Echolocation,/mnt/ubna_data_02_mir/recover-20221013/UBNA_001/20221012_030000.WAV,Telephone Field,recover-20221013,001,1795
1020.6905,1020.7272,68437,81633,Rhinolophus ferrumequinum,0.021,0.021,-1,Echolocation,/mnt/ubna_data_02_mir/recover-20221013/UBNA_001/20221012_030000.WAV,Telephone Field,recover-20221013,001,1795
1020.7065,1020.7468,68437,83063,Rhinolophus ferrumequinum,0.035,0.035,-1,Echolocation,/mnt/ubna_data_02_mir/recover-20221013/UBNA_001/20221012_030000.WAV,Telephone Field,recover-20221013,001,1795
1020.7185,1020.7575,68437,82081,Rhinolophus ferrumequinum,0.02,0.02,-1,Echolocation,/mnt/ubna_data_02_mir/recover-20221013/UBNA_001/20221012_030000.WAV,Telephone Field,recover-20221013,001,1795
1020.7355,1020.7421,29765,38948,Eptesicus serotinus,0.013,0.035,-1,Echolocation,/mnt/ubna_data_02_mir/recover-20221013/UBNA_001/20221012_030000.WAV,Telephone Field,recover-20221013,001,1795
1020.7475,1020.7865,68437,82177,Rhinolophus ferrumequinum,0.02,0.02,-1,Echolocation,/mnt/ubna_data_02_mir/recover-20221013/UBNA_001/20221012_030000.WAV,Telephone Field,recover-20221013,001,1795
1020.7595,1020.7694,29765,37483,Eptesicus serotinus,0.009,0.02,-1,Echolocation,/mnt/ubna_data_02_mir/recover-20221013/UBNA_001/20221012_030000.WAV,Telephone Field,recover-20221013,001,1795
1020.7835,1020.8212,68437,82847,Rhinolophus ferrumequinum,0.027,0.027,-1,Echolocation,/mnt/ubna_data_02_mir/recover-20221013/UBNA_001/20221012_030000.WAV,Telephone Field,recover-20221013,001,1795
1020.7965,1020.8046,25468,34293,Eptesicus serotinus,0.006,0.02,-1,Echolocation,/mnt/ubna_data_02_mir/recover-20221013/UBNA_001/20221012_030000.WAV,Telephone Field,recover-20221013,001,1795
1020.8075,1020.8451,68437,82243,Rhinolophus ferrumequinum,0.02,0.02,-1,Echolocation,/mnt/ubna_data_02_mir/recover-20221013/UBNA_001/20221012_030000.WAV,Telephone Field,recover-20221013,001,1795
1020.8185,1020.8563,68437,81799,Rhinolophus ferrumequinum,0.02,0.02,-1,Echolocation,/mnt/ubna_data_02_mir/recover-20221013/UBNA_001/20221012_030000.WAV,Telephone Field,recover-20221013,001,1795
1020.8375,1020.8773,68437,82293,Rhinolophus ferrumequinum,0.021,0.021,-1,Echolocation,/mnt/ubna_data_02_mir/recover-20221013/UBNA_001/20221012_030000.WAV,Telephone Field,recover-20221013,001,1795
1020.8475,1020.8578,21171,25493,Nyctalus leisleri,0.01,0.023,-1,Echolocation,/mnt/ubna_data_02_mir/recover-20221013/UBNA_001/20221012_030000.WAV,Telephone Field,recover-20221013,001,1795
1020.8645,1020.8748,24609,32657,Nyctalus leisleri,0.008,0.024,-1,Echolocation,/mnt/ubna_data_02_mir/recover-20221013/UBNA_001/20221012_030000.WAV,Telephone Field,recover-20221013,001,1795
1020.8775,1020.9143,68437,82503,Rhinolophus ferrumequinum,0.028,0.028,-1,Echolocation,/mnt/ubna_data_02_mir/recover-20221013/UBNA_001/20221012_030000.WAV,Telephone Field,recover-20221013,001,1795
1020.9125,1020.9493,68437,81970,Rhinolophus ferrumequinum,0.021,0.021,-1,Echolocation,/mnt/ubna_data_02_mir/recover-20221013/UBNA_001/20221012_030000.WAV,Telephone Field,recover-20221013,001,1795
1020.9215,1020.9284,23750,34071,Plecotus austriacus,0.009,0.021,-1,Echolocation,/mnt/ubna_data_02_mir/recover-20221013/UBNA_001/20221012_030000.WAV,Telephone Field,recover-20221013,001,1795
1020.9425,1020.9804,68437,81817,Rhinolophus ferrumequinum,0.02,0.02,-1,Echolocation,/mnt/ubna_data_02_mir/recover-20221013/UBNA_001/20221012_030000.WAV,Telephone Field,recover-20221013,001,1795
1020.9495,1020.9595,24609,31147,Eptesicus serotinus,0.007,0.021,-1,Echolocation,/mnt/ubna_data_02_mir/recover-20221013/UBNA_001/20221012_030000.WAV,Telephone Field,recover-20221013,001,1795
1020.9965,1021.0311,68437,80926,Rhinolophus ferrumequinum,0.021,0.022,-1,Echolocation,/mnt/ubna_data_02_mir/recover-20221013/UBNA_001/20221012_030000.WAV,Telephone Field,recover-20221013,001,1795
1020.9995,1021.0076,28046,39446,Eptesicus serotinus,0.008,0.02,-1,Echolocation,/mnt/ubna_data_02_mir/recover-20221013/UBNA_001/20221012_030000.WAV,Telephone Field,recover-20221013,001,1795
1021.0205,1021.0563,68437,81288,Rhinolophus ferrumequinum,0.02,0.02,-1,Echolocation,/mnt/ubna_data_02_mir/recover-20221013/UBNA_001/20221012_030000.WAV,Telephone Field,recover-20221013,001,1795
1021.0335,1021.0425,30625,38342,Eptesicus serotinus,0.014,0.03,-1,Echolocation,/mnt/ubna_data_02_mir/recover-20221013/UBNA_001/20221012_030000.WAV,Telephone Field,recover-20221013,001,1795
1021.0425,1021.0816,68437,82400,Rhinolophus ferrumequinum,0.02,0.02,-1,Echolocation,/mnt/ubna_data_02_mir/recover-20221013/UBNA_001/20221012_030000.WAV,Telephone Field,recover-20221013,001,1795
1021.0615,1021.0687,27187,40947,Eptesicus serotinus,0.007,0.023,-1,Echolocation,/mnt/ubna_data_02_mir/recover-20221013/UBNA_001/20221012_030000.WAV,Telephone Field,recover-20221013,001,1795
1021.0685,1021.1053,68437,82077,Rhinolophus ferrumequinum,0.023,0.023,-1,Echolocation,/mnt/ubna_data_02_mir/recover-20221013/UBNA_001/20221012_030000.WAV,Telephone Field,recover-20221013,001,1795
1021.0705,1021.0819,23750,30055,Nyctalus leisleri,0.01,0.024,-1,Echolocation,/mnt/ubna_data_02_mir/recover-20221013/UBNA_001/20221012_030000.WAV,Telephone Field,recover-20221013,001,1795
1021.0785,1021.0895,27187,35050,Eptesicus serotinus,0.012,0.024,-1,Echolocation,/mnt/ubna_data_02_mir/recover-20221013/UBNA_001/20221012_030000.WAV,Telephone Field,recover-20221013,001,1795
1021.0875,1021.1231,68437,81557,Rhinolophus ferrumequinum,0.02,0.02,-1,Echolocation,/mnt/ubna_data_02_mir/recover-20221013/UBNA_001/20221012_030000.WAV,Telephone Field,recover-20221013,001,1795
1021.1015,1021.1082,25468,35306,Plecotus austriacus,0.01,0.028,-1,Echolocation,/mnt/ubna_data_02_mir/recover-20221013/UBNA_001/20221012_030000.WAV,Telephone Field,recover-20221013,001,1795
1021.1265,1021.1679,68437,82875,Rhinolophus ferrumequinum,0.033,0.033,-1,Echolocation,/mnt/ubna_data_02_mir/recover-20221013/UBNA_001/20221012_030000.WAV,Telephone Field,recover-20221013,001,1795
1021.1535,1021.192,68437,82573,Rhinolophus ferrumequinum,0.029,0.029,-1,Echolocation,/mnt/ubna_data_02_mir/recover-20221013/UBNA_001/20221012_030000.WAV,Telephone Field,recover-20221013,001,1795
1021.1585,1021.1683,22890,28327,Nyctalus leisleri,0.009,0.021,-1,Echolocation,/mnt/ubna_data_02_mir/recover-20221013/UBNA_001/20221012_030000.WAV,Telephone Field,recover-20221013,001,1795
1021.1615,1021.1978,68437,81765,Rhinolophus ferrumequinum,0.023,0.023,-1,Echolocation,/mnt/ubna_data_02_mir/recover-20221013/UBNA_001/20221012_030000.WAV,Telephone Field,recover-20221013,001,1795
1021.1865,1021.2264,68437,82329,Rhinolophus ferrumequinum,0.023,0.023,-1,Echolocation,/mnt/ubna_data_02_mir/recover-20221013/UBNA_001/20221012_030000.WAV,Telephone Field,recover-20221013,001,1795
1021.1895,1021.1968,28046,41130,Eptesicus serotinus,0.006,0.022,-1,Echolocation,/mnt/ubna_data_02_mir/recover-20221013/UBNA_001/20221012_030000.WAV,Telephone Field,recover-20221013,001,1795
1021.2305,1021.2638,68437,81518,Rhinolophus ferrumequinum,0.02,0.02,-1,Echolocation,/mnt/ubna_data_02_mir/recover-20221013/UBNA_001/20221012_030000.WAV,Telephone Field,recover-20221013,001,1795
1021.2665,1021.2745,25468,33903,Eptesicus serotinus,0.006,0.021,-1,Echolocation,/mnt/ubna_data_02_mir/recover-20221013/UBNA_001/20221012_030000.WAV,Telephone Field,recover-20221013,001,1795
1021.2745,1021.3113,68437,82369,Rhinolophus ferrumequinum,0.024,0.024,-1,Echolocation,/mnt/ubna_data_02_mir/recover-20221013/UBNA_001/20221012_030000.WAV,Telephone Field,recover-20221013,001,1795
1021.2815,1021.2896,28046,40136,Eptesicus serotinus,0.009,0.025,-1,Echolocation,/mnt/ubna_data_02_mir/recover-20221013/UBNA_001/20221012_030000.WAV,Telephone Field,recover-20221013,001,1795
1021.3435,1021.3511,23750,31828,Plecotus austriacus,0.008,0.021,-1,Echolocation,/mnt/ubna_data_02_mir/recover-20221013/UBNA_001/20221012_030000.WAV,Telephone Field,recover-20221013,001,1795
1021.3675,1021.3747,28046,39845,Eptesicus serotinus,0.006,0.022,-1,Echolocation,/mnt/ubna_data_02_mir/recover-20221013/UBNA_001/20221012_030000.WAV,Telephone Field,recover-20221013,001,1795
1021.4005,1021.4397,68437,82186,Rhinolophus ferrumequinum,0.021,0.021,-1,Echolocation,/mnt/ubna_data_02_mir/recover-20221013/UBNA_001/20221012_030000.WAV,Telephone Field,recover-20221013,001,1795
1021.4255,1021.4693,68437,83369,Rhinolophus ferrumequinum,0.045,0.045,-1,Echolocation,/mnt/ubna_data_02_mir/recover-20221013/UBNA_001/20221012_030000.WAV,Telephone Field,recover-20221013,001,1795
1021.4625,1021.4703,26328,34953,Eptesicus serotinus,0.006,0.022,-1,Echolocation,/mnt/ubna_data_02_mir/recover-20221013/UBNA_001/20221012_030000.WAV,Telephone Field,recover-20221013,001,1795
1021.4635,1021.4736,22031,26972,Nyctalus leisleri,0.01,0.023,-1,Echolocation,/mnt/ubna_data_02_mir/recover-20221013/UBNA_001/20221012_030000.WAV,Telephone Field,recover-20221013,001,1795
1021.4845,1021.5217,68437,81752,Rhinolophus ferrumequinum,0.02,0.02,-1,Echolocation,/mnt/ubna_data_02_mir/recover-20221013/UBNA_001/20221012_030000.WAV,Telephone Field,recover-20221013,001,1795
1021.4895,1021.4969,23750,32734,Plecotus austriacus,0.01,0.024,-1,Echolocation,/mnt/ubna_data_02_mir/recover-20221013/UBNA_001/20221012_030000.WAV,Telephone Field,recover-20221013,001,1795
1021.5005,1021.5383,68437,82437,Rhinolophus ferrumequinum,0.023,0.023,-1,Echolocation,/mnt/ubna_data_02_mir/recover-20221013/UBNA_001/20221012_030000.WAV,Telephone Field,recover-20221013,001,1795
1021.5275,1021.5634,68437,80883,Rhinolophus ferrumequinum,0.024,0.024,-1,Echolocation,/mnt/ubna_data_02_mir/recover-20221013/UBNA_001/20221012_030000.WAV,Telephone Field,recover-20221013,001,1795
1021.5725,1021.6104,68437,82052,Rhinolophus ferrumequinum,0.024,0.024,-1,Echolocation,/mnt/ubna_data_02_mir/recover-20221013/UBNA_001/20221012_030000.WAV,Telephone Field,recover-20221013,001,1795
1021.5785,1021.5901,22890,27282,Nyctalus leisleri,0.014,0.025,-1,Echolocation,/mnt/ubna_data_02_mir/recover-20221013/UBNA_001/20221012_030000.WAV,Telephone Field,recover-20221013,001,1795
1021.6035,1021.614,22031,27300,Nyctalus leisleri,0.012,0.026,-1,Echolocation,/mnt/ubna_data_02_mir/recover-20221013/UBNA_001/20221012_030000.WAV,Telephone Field,recover-20221013,001,1795
1021.6095,1021.6499,68437,81585,Rhinolophus ferrumequinum,0.022,0.022,-1,Echolocation,/mnt/ubna_data_02_mir/recover-20221013/UBNA_001/20221012_030000.WAV,Telephone Field,recover-20221013,001,1795
1021.6155,1021.6542,68437,82049,Rhinolophus ferrumequinum,0.02,0.021,-1,Echolocation,/mnt/ubna_data_02_mir/recover-20221013/UBNA_001/20221012_030000.WAV,Telephone Field,recover-20221013,001,1795
1021.6265,1021.6345,28906,40808,Eptesicus serotinus,0.007,0.02,-1,Echolocation,/mnt/ubna_data_02_mir/recover-20221013/UBNA_001/20221012_030000.WAV,Telephone Field,recover-20221013,001,1795
1021.6415,1021.6798,68437,81676,Rhinolophus ferrumequinum,0.02,0.02,-1,Echolocation,/mnt/ubna_data_02_mir/recover-20221013/UBNA_001/20221012_030000.WAV,Telephone Field,recover-20221013,001,1795
1021.6515,1021.6887,68437,82121,Rhinolophus ferrumequinum,0.02,0.02,-1,Echolocation,/mnt/ubna_data_02_mir/recover-20221013/UBNA_001/20221012_030000.WAV,Telephone Field,recover-20221013,001,1795
1021.6855,1021.7181,68437,81230,Rhinolophus ferrumequinum,0.02,0.02,-1,Echolocation,/mnt/ubna_data_02_mir/recover-20221013/UBNA_001/20221012_030000.WAV,Telephone Field,recover-20221013,001,1795
1021.7585,1021.7963,68437,81995,Rhinolophus ferrumequinum,0.02,0.02,-1,Echolocation,/mnt/ubna_data_02_mir/recover-20221013/UBNA_001/20221012_030000.WAV,Telephone Field,recover-20221013,001,1795
1021.8005,1021.8429,68437,82815,Rhinolophus ferrumequinum,0.046,0.046,-1,Echolocation,/mnt/ubna_data_02_mir/recover-20221013/UBNA_001/20221012_030000.WAV,Telephone Field,recover-20221013,001,1795
1021.8255,1021.8641,68437,81873,Rhinolophus ferrumequinum,0.02,0.02,-1,Echolocation,/mnt/ubna_data_02_mir/recover-20221013/UBNA_001/20221012_030000.WAV,Telephone Field,recover-20221013,001,1795
1021.8425,1021.8517,28906,37193,Eptesicus serotinus,0.009,0.021,-1,Echolocation,/mnt/ubna_data_02_mir/recover-20221013/UBNA_001/20221012_030000.WAV,Telephone Field,recover-20221013,001,1795
1021.8495,1021.8867,68437,82335,Rhinolophus ferrumequinum,0.021,0.021,-1,Echolocation,/mnt/ubna_data_02_mir/recover-20221013/UBNA_001/20221012_030000.WAV,Telephone Field,recover-20221013,001,1795
1021.8635,1021.8738,47812,51528,Pipistrellus pipistrellus,0.03,0.033,-1,Echolocation,/mnt/ubna_data_02_mir/recover-20221013/UBNA_001/20221012_030000.WAV,Telephone Field,recover-20221013,001,1795
1021.9185,1021.9561,68437,81989,Rhinolophus ferrumequinum,0.021,0.021,-1,Echolocation,/mnt/ubna_data_02_mir/recover-20221013/UBNA_001/20221012_030000.WAV,Telephone Field,recover-20221013,001,1795
1021.9195,1021.9317,55546,60493,Pipistrellus pygmaeus,0.017,0.02,-1,Echolocation,/mnt/ubna_data_02_mir/recover-20221013/UBNA_001/20221012_030000.WAV,Telephone Field,recover-20221013,001,1795
1021.9605,1021.9745,22031,27636,Nyctalus leisleri,0.03,0.069,-1,Echolocation,/mnt/ubna_data_02_mir/recover-20221013/UBNA_001/20221012_030000.WAV,Telephone Field,recover-20221013,001,1795
1021.9605,1021.9983,68437,82141,Rhinolophus ferrumequinum,0.022,0.022,-1,Echolocation,/mnt/ubna_data_02_mir/recover-20221013/UBNA_001/20221012_030000.WAV,Telephone Field,recover-20221013,001,1795
1022.0015,1022.0349,68437,79884,Rhinolophus ferrumequinum,0.028,0.028,-1,Echolocation,/mnt/ubna_data_02_mir/recover-20221013/UBNA_001/20221012_030000.WAV,Telephone Field,recover-20221013,001,1795
1022.0015,1022.0103,27187,33923,Nyctalus leisleri,0.012,0.035,-1,Echolocation,/mnt/ubna_data_02_mir/recover-20221013/UBNA_001/20221012_030000.WAV,Telephone Field,recover-20221013,001,1795
1022.0125,1022.0535,68437,82212,Rhinolophus ferrumequinum,0.02,0.02,-1,Echolocation,/mnt/ubna_data_02_mir/recover-20221013/UBNA_001/20221012_030000.WAV,Telephone Field,recover-20221013,001,1795
1022.0845,1022.1253,68437,83124,Rhinolophus ferrumequinum,0.026,0.026,-1,Echolocation,/mnt/ubna_data_02_mir/recover-20221013/UBNA_001/20221012_030000.WAV,Telephone Field,recover-20221013,001,1795
1022.1035,1022.1399,68437,81944,Rhinolophus ferrumequinum,0.023,0.023,-1,Echolocation,/mnt/ubna_data_02_mir/recover-20221013/UBNA_001/20221012_030000.WAV,Telephone Field,recover-20221013,001,1795
1022.1275,1022.136,27187,39152,Eptesicus serotinus,0.009,0.024,-1,Echolocation,/mnt/ubna_data_02_mir/recover-20221013/UBNA_001/20221012_030000.WAV,Telephone Field,recover-20221013,001,1795
1022.1275,1022.1613,68437,80542,Rhinolophus ferrumequinum,0.02,0.02,-1,Echolocation,/mnt/ubna_data_02_mir/recover-20221013/UBNA_001/20221012_030000.WAV,Telephone Field,recover-20221013,001,1795
1022.1295,1022.1377,34062,41448,Myotis daubentonii,0.007,0.02,-1,Echolocation,/mnt/ubna_data_02_mir/recover-20221013/UBNA_001/20221012_030000.WAV,Telephone Field,recover-20221013,001,1795
1022.1795,1022.2153,68437,81765,Rhinolophus ferrumequinum,0.021,0.021,-1,Echolocation,/mnt/ubna_data_02_mir/recover-20221013/UBNA_001/20221012_030000.WAV,Telephone Field,recover-20221013,001,1795
1022.1915,1022.1997,28046,40222,Eptesicus serotinus,0.007,0.02,-1,Echolocation,/mnt/ubna_data_02_mir/recover-20221013/UBNA_001/20221012_030000.WAV,Telephone Field,recover-20221013,001,1795
1022.1925,1022.2036,22031,26265,Nyctalus leisleri,0.011,0.02,-1,Echolocation,/mnt/ubna_data_02_mir/recover-20221013/UBNA_001/20221012_030000.WAV,Telephone Field,recover-20221013,001,1795
1022.2455,1022.2795,68437,80622,Rhinolophus ferrumequinum,0.022,0.022,-1,Echolocation,/mnt/ubna_data_02_mir/recover-20221013/UBNA_001/20221012_030000.WAV,Telephone Field,recover-20221013,001,1795
1022.2535,1022.2645,28046,35782,Eptesicus serotinus,0.016,0.029,-1,Echolocation,/mnt/ubna_data_02_mir/recover-20221013/UBNA_001/20221012_030000.WAV,Telephone Field,recover-20221013,001,1795
1022.3245,1022.3338,26328,34829,Eptesicus serotinus,0.009,0.021,-1,Echolocation,/mnt/ubna_data_02_mir/recover-20221013/UBNA_001/20221012_030000.WAV,Telephone Field,recover-20221013,001,1795
1022.3305,1022.3701,68437,82193,Rhinolophus ferrumequinum,0.022,0.022,-1,Echolocation,/mnt/ubna_data_02_mir/recover-20221013/UBNA_001/20221012_030000.WAV,Telephone Field,recover-20221013,001,1795
1022.3425,1022.3544,23750,29753,Nyctalus leisleri,0.012,0.029,-1,Echolocation,/mnt/ubna_data_02_mir/recover-20221013/UBNA_001/20221012_030000.WAV,Telephone Field,recover-20221013,001,1795
1022.3495,1022.3593,28906,36094,Eptesicus serotinus,0.009,0.023,-1,Echolocation,/mnt/ubna_data_02_mir/recover-20221013/UBNA_001/20221012_030000.WAV,Telephone Field,recover-20221013,001,1795
1022.3555,1022.3978,68437,83157,Rhinolophus ferrumequinum,0.048,0.048,-1,Echolocation,/mnt/ubna_data_02_mir/recover-20221013/UBNA_001/20221012_030000.WAV,Telephone Field,recover-20221013,001,1795
1022.3885,1022.3971,28046,39118,Eptesicus serotinus,0.008,0.023,-1,Echolocation,/mnt/ubna_data_02_mir/recover-20221013/UBNA_001/20221012_030000.WAV,Telephone Field,recover-20221013,001,1795
1022.4055,1022.4398,68437,81148,Rhinolophus ferrumequinum,0.02,0.02,-1,Echolocation,/mnt/ubna_data_02_mir/recover-20221013/UBNA_001/20221012_030000.WAV,Telephone Field,recover-20221013,001,1795
1022.4385,1022.4466,28046,40815,Eptesicus serotinus,0.01,0.024,-1,Echolocation,/mnt/ubna_data_02_mir/recover-20221013/UBNA_001/20221012_030000.WAV,Telephone Field,recover-20221013,001,1795
1022.4485,1022.4884,68437,82132,Rhinolophus ferrumequinum,0.02,0.02,-1,Echolocation,/mnt/ubna_data_02_mir/recover-20221013/UBNA_001/20221012_030000.WAV,Telephone Field,recover-20221013,001,1795
1022.4515,1022.4589,27187,37932,Eptesicus serotinus,0.007,0.02,-1,Echolocation,/mnt/ubna_data_02_mir/recover-20221013/UBNA_001/20221012_030000.WAV,Telephone Field,recover-20221013,001,1795
1022.4665,1022.4759,28046,39199,Eptesicus serotinus,0.008,0.02,-1,Echolocation,/mnt/ubna_data_02_mir/recover-20221013/UBNA_001/20221012_030000.WAV,Telephone Field,recover-20221013,001,1795
1022.5775,1022.5838,26328,41085,Eptesicus serotinus,0.005,0.021,-1,Echolocation,/mnt/ubna_data_02_mir/recover-20221013/UBNA_001/20221012_030000.WAV,Telephone Field,recover-20221013,001,1795
1022.6375,1022.6774,68437,82640,Rhinolophus ferrumequinum,0.022,0.022,-1,Echolocation,/mnt/ubna_data_02_mir/recover-20221013/UBNA_001/20221012_030000.WAV,Telephone Field,recover-20221013,001,1795
1022.6615,1022.6681,36640,43943,Myotis daubentonii,0.008,0.022,-1,Echolocation,/mnt/ubna_data_02_mir/recover-20221013/UBNA_001/20221012_030000.WAV,Telephone Field,recover-20221013,001,1795
1022.6635,1022.6983,68437,81552,Rhinolophus ferrumequinum,0.021,0.021,-1,Echolocation,/mnt/ubna_data_02_mir/recover-20221013/UBNA_001/20221012_030000.WAV,Telephone Field,recover-20221013,001,1795
1022.6635,1022.6703,24609,42829,Myotis nattereri,0.007,0.021,-1,Echolocation,/mnt/ubna_data_02_mir/recover-20221013/UBNA_001/20221012_030000.WAV,Telephone Field,recover-20221013,001,1795
1022.7575,1022.7954,68437,81475,Rhinolophus ferrumequinum,0.021,0.021,-1,Echolocation,/mnt/ubna_data_02_mir/recover-20221013/UBNA_001/20221012_030000.WAV,Telephone Field,recover-20221013,001,1795
1022.8095,1022.8453,68437,81947,Rhinolophus ferrumequinum,0.02,0.02,-1,Echolocation,/mnt/ubna_data_02_mir/recover-20221013/UBNA_001/20221012_030000.WAV,Telephone Field,recover-20221013,001,1795
1022.8785,1022.9198,68437,82064,Rhinolophus ferrumequinum,0.024,0.024,-1,Echolocation,/mnt/ubna_data_02_mir/recover-20221013/UBNA_001/20221012_030000.WAV,Telephone Field,recover-20221013,001,1795
1022.9035,1022.942,68437,82089,Rhinolophus ferrumequinum,0.021,0.021,-1,Echolocation,/mnt/ubna_data_02_mir/recover-20221013/UBNA_001/20221012_030000.WAV,Telephone Field,recover-20221013,001,1795
1022.9135,1022.9532,68437,81901,Rhinolophus ferrumequinum,0.02,0.02,-1,Echolocation,/mnt/ubna_data_02_mir/recover-20221013/UBNA_001/20221012_030000.WAV,Telephone Field,recover-20221013,001,1795
1022.9245,1022.9626,68437,81934,Rhinolophus ferrumequinum,0.02,0.02,-1,Echolocation,/mnt/ubna_data_02_mir/recover-20221013/UBNA_001/20221012_030000.WAV,Telephone Field,recover-20221013,001,1795
1022.9425,1022.953,23750,29685,Nyctalus leisleri,0.007,0.021,-1,Echolocation,/mnt/ubna_data_02_mir/recover-20221013/UBNA_001/20221012_030000.WAV,Telephone Field,recover-20221013,001,1795
1022.9525,1022.9919,68437,82530,Rhinolophus ferrumequinum,0.024,0.024,-1,Echolocation,/mnt/ubna_data_02_mir/recover-20221013/UBNA_001/20221012_030000.WAV,Telephone Field,recover-20221013,001,1795
1022.9555,1022.9658,23750,30412,Nyctalus leisleri,0.011,0.031,-1,Echolocation,/mnt/ubna_data_02_mir/recover-20221013/UBNA_001/20221012_030000.WAV,Telephone Field,recover-20221013,001,1795
1022.9725,1023.01,68437,81894,Rhinolophus ferrumequinum,0.021,0.021,-1,Echolocation,/mnt/ubna_data_02_mir/recover-20221013/UBNA_001/20221012_030000.WAV,Telephone Field,recover-20221013,001,1795
1023.0195,1023.026,24609,33600,Plecotus austriacus,0.009,0.022,-1,Echolocation,/mnt/ubna_data_02_mir/recover-20221013/UBNA_001/20221012_030000.WAV,Telephone Field,recover-20221013,001,1795
1023.0485,1023.0857,68437,81305,Rhinolophus ferrumequinum,0.02,0.02,-1,Echolocation,/mnt/ubna_data_02_mir/recover-20221013/UBNA_001/20221012_030000.WAV,Telephone Field,recover-20221013,001,1795
1023.0605,1023.0986,68437,81925,Rhinolophus ferrumequinum,0.027,0.027,-1,Echolocation,/mnt/ubna_data_02_mir/recover-20221013/UBNA_001/20221012_030000.WAV,Telephone Field,recover-20221013,001,1795
1023.1405,1023.1777,68437,81806,Rhinolophus ferrumequinum,0.023,0.023,-1,Echolocation,/mnt/ubna_data_02_mir/recover-20221013/UBNA_001/20221012_030000.WAV,Telephone Field,recover-20221013,001,1795
1023.1445,1023.1532,22890,29903,Plecotus austriacus,0.008,0.02,-1,Echolocation,/mnt/ubna_data_02_mir/recover-20221013/UBNA_001/20221012_030000.WAV,Telephone Field,recover-20221013,001,1795
1023.1495,1023.1865,68437,81390,Rhinolophus ferrumequinum,0.021,0.022,-1,Echolocation,/mnt/ubna_data_02_mir/recover-20221013/UBNA_001/20221012_030000.WAV,Telephone Field,recover-20221013,001,1795
1023.1665,1023.174,26328,37765,Eptesicus serotinus,0.006,0.021,-1,Echolocation,/mnt/ubna_data_02_mir/recover-20221013/UBNA_001/20221012_030000.WAV,Telephone Field,recover-20221013,001,1795
1023.1715,1023.2109,68437,82148,Rhinolophus ferrumequinum,0.02,0.02,-1,Echolocation,/mnt/ubna_data_02_mir/recover-20221013/UBNA_001/20221012_030000.WAV,Telephone Field,recover-20221013,001,1795
1023.2135,1023.254,68437,83007,Rhinolophus ferrumequinum,0.02,0.02,-1,Echolocation,/mnt/ubna_data_02_mir/recover-20221013/UBNA_001/20221012_030000.WAV,Telephone Field,recover-20221013,001,1795
1023.2155,1023.2235,26328,37807,Eptesicus serotinus,0.006,0.021,-1,Echolocation,/mnt/ubna_data_02_mir/recover-20221013/UBNA_001/20221012_030000.WAV,Telephone Field,recover-20221013,001,1795
1023.2255,1023.2372,28906,35523,Eptesicus serotinus,0.014,0.03,-1,Echolocation,/mnt/ubna_data_02_mir/recover-20221013/UBNA_001/20221012_030000.WAV,Telephone Field,recover-20221013,001,1795
1023.2345,1023.2731,68437,82194,Rhinolophus ferrumequinum,0.022,0.022,-1,Echolocation,/mnt/ubna_data_02_mir/recover-20221013/UBNA_001/20221012_030000.WAV,Telephone Field,recover-20221013,001,1795
1023.3025,1023.3467,68437,84003,Rhinolophus ferrumequinum,0.03,0.03,-1,Echolocation,/mnt/ubna_data_02_mir/recover-20221013/UBNA_001/20221012_030000.WAV,Telephone Field,recover-20221013,001,1795
1023.3175,1023.3585,68437,82792,Rhinolophus ferrumequinum,0.025,0.025,-1,Echolocation,/mnt/ubna_data_02_mir/recover-20221013/UBNA_001/20221012_030000.WAV,Telephone Field,recover-20221013,001,1795
1023.3245,1023.3336,45234,49529,Pipistrellus pipistrellus,0.027,0.029,-1,Echolocation,/mnt/ubna_data_02_mir/recover-20221013/UBNA_001/20221012_030000.WAV,Telephone Field,recover-20221013,001,1795
1023.3425,1023.3799,68437,81929,Rhinolophus ferrumequinum,0.027,0.027,-1,Echolocation,/mnt/ubna_data_02_mir/recover-20221013/UBNA_001/20221012_030000.WAV,Telephone Field,recover-20221013,001,1795
1023.3705,1023.41,68437,81771,Rhinolophus ferrumequinum,0.02,0.02,-1,Echolocation,/mnt/ubna_data_02_mir/recover-20221013/UBNA_001/20221012_030000.WAV,Telephone Field,recover-20221013,001,1795
1023.3735,1023.3912,21171,24590,Nyctalus leisleri,0.013,0.024,-1,Echolocation,/mnt/ubna_data_02_mir/recover-20221013/UBNA_001/20221012_030000.WAV,Telephone Field,recover-20221013,001,1795
1023.3875,1023.4279,68437,82551,Rhinolophus ferrumequinum,0.023,0.023,-1,Echolocation,/mnt/ubna_data_02_mir/recover-20221013/UBNA_001/20221012_030000.WAV,Telephone Field,recover-20221013,001,1795
1023.3995,1023.4373,68437,81698,Rhinolophus ferrumequinum,0.02,0.02,-1,Echolocation,/mnt/ubna_data_02_mir/recover-20221013/UBNA_001/20221012_030000.WAV,Telephone Field,recover-20221013,001,1795
1023.4015,1023.412,46953,51806,Pipistrellus pipistrellus,0.017,0.02,-1,Echolocation,/mnt/ubna_data_02_mir/recover-20221013/UBNA_001/20221012_030000.WAV,Telephone Field,recover-20221013,001,1795
1023.4025,1023.4093,28906,42311,Eptesicus serotinus,0.013,0.039,-1,Echolocation,/mnt/ubna_data_02_mir/recover-20221013/UBNA_001/20221012_030000.WAV,Telephone Field,recover-20221013,001,1795
1023.4375,1023.4458,23750,31981,Plecotus austriacus,0.008,0.023,-1,Echolocation,/mnt/ubna_data_02_mir/recover-20221013/UBNA_001/20221012_030000.WAV,Telephone Field,recover-20221013,001,1795
1023.4445,1023.4546,23750,29482,Nyctalus leisleri,0.01,0.024,-1,Echolocation,/mnt/ubna_data_02_mir/recover-20221013/UBNA_001/20221012_030000.WAV,Telephone Field,recover-20221013,001,1795
1023.4585,1023.497,68437,81853,Rhinolophus ferrumequinum,0.022,0.022,-1,Echolocation,/mnt/ubna_data_02_mir/recover-20221013/UBNA_001/20221012_030000.WAV,Telephone Field,recover-20221013,001,1795
1023.5255,1023.5598,68437,81303,Rhinolophus ferrumequinum,0.02,0.02,-1,Echolocation,/mnt/ubna_data_02_mir/recover-20221013/UBNA_001/20221012_030000.WAV,Telephone Field,recover-20221013,001,1795
1023.5375,1023.5757,68437,81916,Rhinolophus ferrumequinum,0.021,0.021,-1,Echolocation,/mnt/ubna_data_02_mir/recover-20221013/UBNA_001/20221012_030000.WAV,Telephone Field,recover-20221013,001,1795
1023.5605,1023.5683,28906,39721,Eptesicus serotinus,0.008,0.025,-1,Echolocation,/mnt/ubna_data_02_mir/recover-20221013/UBNA_001/20221012_030000.WAV,Telephone Field,recover-20221013,001,1795
1023.5825,1023.592,27187,41668,Eptesicus serotinus,0.009,0.021,-1,Echolocation,/mnt/ubna_data_02_mir/recover-20221013/UBNA_001/20221012_030000.WAV,Telephone Field,recover-20221013,001,1795
1023.5875,1023.5963,31484,42504,Myotis daubentonii,0.007,0.02,-1,Echolocation,/mnt/ubna_data_02_mir/recover-20221013/UBNA_001/20221012_030000.WAV,Telephone Field,recover-20221013,001,1795
1023.5955,1023.6335,68437,81579,Rhinolophus ferrumequinum,0.02,0.02,-1,Echolocation,/mnt/ubna_data_02_mir/recover-20221013/UBNA_001/20221012_030000.WAV,Telephone Field,recover-20221013,001,1795
1023.7315,1023.7684,68437,81359,Rhinolophus ferrumequinum,0.021,0.021,-1,Echolocation,/mnt/ubna_data_02_mir/recover-20221013/UBNA_001/20221012_030000.WAV,Telephone Field,recover-20221013,001,1795
1023.7425,1023.7842,68437,82766,Rhinolophus ferrumequinum,0.025,0.025,-1,Echolocation,/mnt/ubna_data_02_mir/recover-20221013/UBNA_001/20221012_030000.WAV,Telephone Field,recover-20221013,001,1795
1023.7715,1023.7787,26328,39389,Eptesicus serotinus,0.006,0.022,-1,Echolocation,/mnt/ubna_data_02_mir/recover-20221013/UBNA_001/20221012_030000.WAV,Telephone Field,recover-20221013,001,1795
1023.8115,1023.8479,68437,81307,Rhinolophus ferrumequinum,0.021,0.021,-1,Echolocation,/mnt/ubna_data_02_mir/recover-20221013/UBNA_001/20221012_030000.WAV,Telephone Field,recover-20221013,001,1795
1023.8225,1023.833,28046,36122,Eptesicus serotinus,0.009,0.02,-1,Echolocation,/mnt/ubna_data_02_mir/recover-20221013/UBNA_001/20221012_030000.WAV,Telephone Field,recover-20221013,001,1795
1023.8405,1023.8491,26328,34926,Eptesicus serotinus,0.008,0.021,-1,Echolocation,/mnt/ubna_data_02_mir/recover-20221013/UBNA_001/20221012_030000.WAV,Telephone Field,recover-20221013,001,1795
1023.8625,1023.8727,22031,27562,Nyctalus leisleri,0.008,0.02,-1,Echolocation,/mnt/ubna_data_02_mir/recover-20221013/UBNA_001/20221012_030000.WAV,Telephone Field,recover-20221013,001,1795
1023.8785,1023.9156,68437,81931,Rhinolophus ferrumequinum,0.02,0.02,-1,Echolocation,/mnt/ubna_data_02_mir/recover-20221013/UBNA_001/20221012_030000.WAV,Telephone Field,recover-20221013,001,1795
1023.9025,1023.9429,68437,82690,Rhinolophus ferrumequinum,0.023,0.023,-1,Echolocation,/mnt/ubna_data_02_mir/recover-20221013/UBNA_001/20221012_030000.WAV,Telephone Field,recover-20221013,001,1795
1023.9105,1023.921,28906,36445,Eptesicus serotinus,0.009,0.021,-1,Echolocation,/mnt/ubna_data_02_mir/recover-20221013/UBNA_001/20221012_030000.WAV,Telephone Field,recover-20221013,001,1795
1023.9405,1023.9507,25468,32759,Eptesicus serotinus,0.008,0.021,-1,Echolocation,/mnt/ubna_data_02_mir/recover-20221013/UBNA_001/20221012_030000.WAV,Telephone Field,recover-20221013,001,1795
1023.9475,1023.9606,52968,57113,Pipistrellus pygmaeus,0.016,0.022,-1,Echolocation,/mnt/ubna_data_02_mir/recover-20221013/UBNA_001/20221012_030000.WAV,Telephone Field,recover-20221013,001,1795
1023.9855,1023.9932,31484,42013,Myotis daubentonii,0.011,0.028,-1,Echolocation,/mnt/ubna_data_02_mir/recover-20221013/UBNA_001/20221012_030000.WAV,Telephone Field,recover-20221013,001,1795
1024.0015,1024.0279,69296,80542,Rhinolophus ferrumequinum,0.023,0.024,-1,Echolocation,/mnt/ubna_data_02_mir/recover-20221013/UBNA_001/20221012_030000.WAV,Telephone Field,recover-20221013,001,1795
1024.0015,1024.0092,24609,34229,Nyctalus leisleri,0.008,0.026,-1,Echolocation,/mnt/ubna_data_02_mir/recover-20221013/UBNA_001/20221012_030000.WAV,Telephone Field,recover-20221013,001,1795
1024.0715,1024.1083,68437,82202,Rhinolophus ferrumequinum,0.024,0.024,-1,Echolocation,/mnt/ubna_data_02_mir/recover-20221013/UBNA_001/20221012_030000.WAV,Telephone Field,recover-20221013,001,1795
1024.1005,1024.1364,68437,81749,Rhinolophus ferrumequinum,0.021,0.021,-1,Echolocation,/mnt/ubna_data_02_mir/recover-20221013/UBNA_001/20221012_030000.WAV,Telephone Field,recover-20221013,001,1795
1024.1105,1024.1456,68437,81681,Rhinolophus ferrumequinum,0.021,0.021,-1,Echolocation,/mnt/ubna_data_02_mir/recover-20221013/UBNA_001/20221012_030000.WAV,Telephone Field,recover-20221013,001,1795
1024.1255,1024.1636,68437,82012,Rhinolophus ferrumequinum,0.022,0.022,-1,Echolocation,/mnt/ubna_data_02_mir/recover-20221013/UBNA_001/20221012_030000.WAV,Telephone Field,recover-20221013,001,1795
1024.1475,1024.1575,39218,45910,Pipistrellus nathusii,0.028,0.046,-1,Echolocation,/mnt/ubna_data_02_mir/recover-20221013/UBNA_001/20221012_030000.WAV,Telephone Field,recover-20221013,001,1795
1024.1715,1024.1805,28046,39290,Eptesicus serotinus,0.008,0.021,-1,Echolocation,/mnt/ubna_data_02_mir/recover-20221013/UBNA_001/20221012_030000.WAV,Telephone Field,recover-20221013,001,1795
1024.1755,1024.2102,68437,81401,Rhinolophus ferrumequinum,0.022,0.022,-1,Echolocation,/mnt/ubna_data_02_mir/recover-20221013/UBNA_001/20221012_030000.WAV,Telephone Field,recover-20221013,001,1795
1024.2025,1024.2103,22890,30936,Plecotus austriacus,0.01,0.023,-1,Echolocation,/mnt/ubna_data_02_mir/recover-20221013/UBNA_001/20221012_030000.WAV,Telephone Field,recover-20221013,001,1795
1024.2145,1024.2516,68437,82047,Rhinolophus ferrumequinum,0.021,0.021,-1,Echolocation,/mnt/ubna_data_02_mir/recover-20221013/UBNA_001/20221012_030000.WAV,Telephone Field,recover-20221013,001,1795
1024.2305,1024.2383,28046,38981,Eptesicus serotinus,0.007,0.023,-1,Echolocation,/mnt/ubna_data_02_mir/recover-20221013/UBNA_001/20221012_030000.WAV,Telephone Field,recover-20221013,001,1795
1024.3585,1024.3687,23750,30236,Nyctalus leisleri,0.008,0.023,-1,Echolocation,/mnt/ubna_data_02_mir/recover-20221013/UBNA_001/20221012_030000.WAV,Telephone Field,recover-20221013,001,1795
1024.3655,1024.3761,23750,30594,Nyctalus leisleri,0.01,0.028,-1,Echolocation,/mnt/ubna_data_02_mir/recover-20221013/UBNA_001/20221012_030000.WAV,Telephone Field,recover-20221013,001,1795
1024.3725,1024.3827,28906,36787,Eptesicus serotinus,0.017,0.029,-1,Echolocation,/mnt/ubna_data_02_mir/recover-20221013/UBNA_001/20221012_030000.WAV,Telephone Field,recover-20221013,001,1795
1024.4125,1024.4549,68437,82858,Rhinolophus ferrumequinum,0.028,0.028,-1,Echolocation,/mnt/ubna_data_02_mir/recover-20221013/UBNA_001/20221012_030000.WAV,Telephone Field,recover-20221013,001,1795
1024.4165,1024.424,25468,38981,Eptesicus serotinus,0.005,0.021,-1,Echolocation,/mnt/ubna_data_02_mir/recover-20221013/UBNA_001/20221012_030000.WAV,Telephone Field,recover-20221013,001,1795
1024.4765,1024.487,22031,26643,Nyctalus leisleri,0.01,0.021,-1,Echolocation,/mnt/ubna_data_02_mir/recover-20221013/UBNA_001/20221012_030000.WAV,Telephone Field,recover-20221013,001,1795
1024.4845,1024.4941,22890,28538,Nyctalus leisleri,0.009,0.023,-1,Echolocation,/mnt/ubna_data_02_mir/recover-20221013/UBNA_001/20221012_030000.WAV,Telephone Field,recover-20221013,001,1795
1024.5225,1024.5595,68437,82503,Rhinolophus ferrumequinum,0.022,0.022,-1,Echolocation,/mnt/ubna_data_02_mir/recover-20221013/UBNA_001/20221012_030000.WAV,Telephone Field,recover-20221013,001,1795
1024.5345,1024.5461,45234,48870,Pipistrellus pipistrellus,0.02,0.023,-1,Echolocation,/mnt/ubna_data_02_mir/recover-20221013/UBNA_001/20221012_030000.WAV,Telephone Field,recover-20221013,001,1795
1024.5415,1024.5498,28046,39383,Eptesicus serotinus,0.009,0.025,-1,Echolocation,/mnt/ubna_data_02_mir/recover-20221013/UBNA_001/20221012_030000.WAV,Telephone Field,recover-20221013,001,1795
1024.6065,1024.6444,68437,82120,Rhinolophus ferrumequinum,0.023,0.023,-1,Echolocation,/mnt/ubna_data_02_mir/recover-20221013/UBNA_001/20221012_030000.WAV,Telephone Field,recover-20221013,001,1795
1024.6355,1024.6517,21171,24826,Nyctalus leisleri,0.013,0.023,-1,Echolocation,/mnt/ubna_data_02_mir/recover-20221013/UBNA_001/20221012_030000.WAV,Telephone Field,recover-20221013,001,1795
1024.6985,1024.7356,68437,81204,Rhinolophus ferrumequinum,0.022,0.022,-1,Echolocation,/mnt/ubna_data_02_mir/recover-20221013/UBNA_001/20221012_030000.WAV,Telephone Field,recover-20221013,001,1795
1024.7355,1024.7747,68437,82808,Rhinolophus ferrumequinum,0.028,0.028,-1,Echolocation,/mnt/ubna_data_02_mir/recover-20221013/UBNA_001/20221012_030000.WAV,Telephone Field,recover-20221013,001,1795
1024.7475,1024.7885,68437,82810,Rhinolophus ferrumequinum,0.024,0.024,-1,Echolocation,/mnt/ubna_data_02_mir/recover-20221013/UBNA_001/20221012_030000.WAV,Telephone Field,recover-20221013,001,1795
1024.7495,1024.7669,21171,24651,Nyctalus leisleri,0.016,0.027,-1,Echolocation,/mnt/ubna_data_02_mir/recover-20221013/UBNA_001/20221012_030000.WAV,Telephone Field,recover-20221013,001,1795
1024.7535,1024.7625,28046,35957,Eptesicus serotinus,0.007,0.022,-1,Echolocation,/mnt/ubna_data_02_mir/recover-20221013/UBNA_001/20221012_030000.WAV,Telephone Field,recover-20221013,001,1795
1024.7855,1024.822,68437,81818,Rhinolophus ferrumequinum,0.021,0.021,-1,Echolocation,/mnt/ubna_data_02_mir/recover-20221013/UBNA_001/20221012_030000.WAV,Telephone Field,recover-20221013,001,1795
1024.8545,1024.8628,28906,37815,Eptesicus serotinus,0.007,0.021,-1,Echolocation,/mnt/ubna_data_02_mir/recover-20221013/UBNA_001/20221012_030000.WAV,Telephone Field,recover-20221013,001,1795
1024.8775,1024.9195,68437,82960,Rhinolophus ferrumequinum,0.024,0.024,-1,Echolocation,/mnt/ubna_data_02_mir/recover-20221013/UBNA_001/20221012_030000.WAV,Telephone Field,recover-20221013,001,1795
1024.8855,1024.9266,68437,82577,Rhinolophus ferrumequinum,0.023,0.023,-1,Echolocation,/mnt/ubna_data_02_mir/recover-20221013/UBNA_001/20221012_030000.WAV,Telephone Field,recover-20221013,001,1795
1024.9185,1024.9528,68437,80797,Rhinolophus ferrumequinum,0.023,0.023,-1,Echolocation,/mnt/ubna_data_02_mir/recover-20221013/UBNA_001/20221012_030000.WAV,Telephone Field,recover-20221013,001,1795
1024.9685,1024.9757,27187,42830,Eptesicus serotinus,0.008,0.023,-1,Echolocation,/mnt/ubna_data_02_mir/recover-20221013/UBNA_001/20221012_030000.WAV,Telephone Field,recover-20221013,001,1795
1024.9765,1024.988,22031,26798,Nyctalus leisleri,0.012,0.024,-1,Echolocation,/mnt/ubna_data_02_mir/recover-20221013/UBNA_001/20221012_030000.WAV,Telephone Field,recover-20221013,001,1795
1024.9795,1025.0195,68437,82552,Rhinolophus ferrumequinum,0.026,0.026,-1,Echolocation,/mnt/ubna_data_02_mir/recover-20221013/UBNA_001/20221012_030000.WAV,Telephone Field,recover-20221013,001,1795
1025.0215,1025.0351,22890,27208,Nyctalus leisleri,0.02,0.034,-1,Echolocation,/mnt/ubna_data_02_mir/recover-20221013/UBNA_001/20221012_030000.WAV,Telephone Field,recover-20221013,001,1795
1025.0315,1025.0691,68437,81870,Rhinolophus ferrumequinum,0.021,0.021,-1,Echolocation,/mnt/ubna_data_02_mir/recover-20221013/UBNA_001/20221012_030000.WAV,Telephone Field,recover-20221013,001,1795
1025.0435,1025.0835,68437,82449,Rhinolophus ferrumequinum,0.025,0.025,-1,Echolocation,/mnt/ubna_data_02_mir/recover-20221013/UBNA_001/20221012_030000.WAV,Telephone Field,recover-20221013,001,1795
1025.0495,1025.0604,23750,29108,Nyctalus leisleri,0.01,0.022,-1,Echolocation,/mnt/ubna_data_02_mir/recover-20221013/UBNA_001/20221012_030000.WAV,Telephone Field,recover-20221013,001,1795
1025.0685,1025.1054,68437,81275,Rhinolophus ferrumequinum,0.023,0.023,-1,Echolocation,/mnt/ubna_data_02_mir/recover-20221013/UBNA_001/20221012_030000.WAV,Telephone Field,recover-20221013,001,1795
1025.0735,1025.1105,68437,81625,Rhinolophus ferrumequinum,0.023,0.023,-1,Echolocation,/mnt/ubna_data_02_mir/recover-20221013/UBNA_001/20221012_030000.WAV,Telephone Field,recover-20221013,001,1795
1025.1335,1025.172,68437,82395,Rhinolophus ferrumequinum,0.023,0.023,-1,Echolocation,/mnt/ubna_data_02_mir/recover-20221013/UBNA_001/20221012_030000.WAV,Telephone Field,recover-20221013,001,1795
1025.1355,1025.1431,26328,37170,Eptesicus serotinus,0.007,0.023,-1,Echolocation,/mnt/ubna_data_02_mir/recover-20221013/UBNA_001/20221012_030000.WAV,Telephone Field,recover-20221013,001,1795
1025.1655,1025.178,28906,34657,Eptesicus serotinus,0.015,0.03,-1,Echolocation,/mnt/ubna_data_02_mir/recover-20221013/UBNA_001/20221012_030000.WAV,Telephone Field,recover-20221013,001,1795
1025.1895,1025.2297,68437,82329,Rhinolophus ferrumequinum,0.023,0.023,-1,Echolocation,/mnt/ubna_data_02_mir/recover-20221013/UBNA_001/20221012_030000.WAV,Telephone Field,recover-20221013,001,1795
1025.1945,1025.2024,27187,40558,Eptesicus serotinus,0.007,0.021,-1,Echolocation,/mnt/ubna_data_02_mir/recover-20221013/UBNA_001/20221012_030000.WAV,Telephone Field,recover-20221013,001,1795
1025.2235,1025.2305,27187,39993,Eptesicus serotinus,0.008,0.028,-1,Echolocation,/mnt/ubna_data_02_mir/recover-20221013/UBNA_001/20221012_030000.WAV,Telephone Field,recover-20221013,001,1795
1025.2555,1025.295,68437,82524,Rhinolophus ferrumequinum,0.022,0.022,-1,Echolocation,/mnt/ubna_data_02_mir/recover-20221013/UBNA_001/20221012_030000.WAV,Telephone Field,recover-20221013,001,1795
1025.2815,1025.2916,23750,30183,Nyctalus leisleri,0.008,0.023,-1,Echolocation,/mnt/ubna_data_02_mir/recover-20221013/UBNA_001/20221012_030000.WAV,Telephone Field,recover-20221013,001,1795
1025.3155,1025.3535,68437,81614,Rhinolophus ferrumequinum,0.022,0.022,-1,Echolocation,/mnt/ubna_data_02_mir/recover-20221013/UBNA_001/20221012_030000.WAV,Telephone Field,recover-20221013,001,1795
1025.3255,1025.3634,68437,81729,Rhinolophus ferrumequinum,0.022,0.022,-1,Echolocation,/mnt/ubna_data_02_mir/recover-20221013/UBNA_001/20221012_030000.WAV,Telephone Field,recover-20221013,001,1795
1025.3325,1025.3431,23750,29958,Nyctalus leisleri,0.016,0.044,-1,Echolocation,/mnt/ubna_data_02_mir/recover-20221013/UBNA_001/20221012_030000.WAV,Telephone Field,recover-20221013,001,1795
1025.3475,1025.3859,68437,81848,Rhinolophus ferrumequinum,0.021,0.021,-1,Echolocation,/mnt/ubna_data_02_mir/recover-20221013/UBNA_001/20221012_030000.WAV,Telephone Field,recover-20221013,001,1795
1025.3815,1025.3931,22890,27166,Nyctalus leisleri,0.013,0.025,-1,Echolocation,/mnt/ubna_data_02_mir/recover-20221013/UBNA_001/20221012_030000.WAV,Telephone Field,recover-20221013,001,1795
1025.4055,1025.4157,44375,48131,Pipistrellus pipistrellus,0.021,0.024,-1,Echolocation,/mnt/ubna_data_02_mir/recover-20221013/UBNA_001/20221012_030000.WAV,Telephone Field,recover-20221013,001,1795
1025.4265,1025.4673,68437,82544,Rhinolophus ferrumequinum,0.023,0.023,-1,Echolocation,/mnt/ubna_data_02_mir/recover-20221013/UBNA_001/20221012_030000.WAV,Telephone Field,recover-20221013,001,1795
1025.4515,1025.4911,68437,82338,Rhinolophus ferrumequinum,0.023,0.023,-1,Echolocation,/mnt/ubna_data_02_mir/recover-20221013/UBNA_001/20221012_030000.WAV,Telephone Field,recover-20221013,001,1795
1025.4555,1025.4645,25468,33693,Nyctalus leisleri,0.006,0.021,-1,Echolocation,/mnt/ubna_data_02_mir/recover-20221013/UBNA_001/20221012_030000.WAV,Telephone Field,recover-20221013,001,1795
1025.4765,1025.5129,68437,81845,Rhinolophus ferrumequinum,0.029,0.029,-1,Echolocation,/mnt/ubna_data_02_mir/recover-20221013/UBNA_001/20221012_030000.WAV,Telephone Field,recover-20221013,001,1795
1025.4995,1025.5397,68437,83000,Rhinolophus ferrumequinum,0.026,0.026,-1,Echolocation,/mnt/ubna_data_02_mir/recover-20221013/UBNA_001/20221012_030000.WAV,Telephone Field,recover-20221013,001,1795
1025.4995,1025.5107,23750,29135,Nyctalus leisleri,0.01,0.021,-1,Echolocation,/mnt/ubna_data_02_mir/recover-20221013/UBNA_001/20221012_030000.WAV,Telephone Field,recover-20221013,001,1795
1025.5075,1025.5479,68437,82733,Rhinolophus ferrumequinum,0.023,0.023,-1,Echolocation,/mnt/ubna_data_02_mir/recover-20221013/UBNA_001/20221012_030000.WAV,Telephone Field,recover-20221013,001,1795
1025.5105,1025.5214,22890,28319,Nyctalus leisleri,0.012,0.026,-1,Echolocation,/mnt/ubna_data_02_mir/recover-20221013/UBNA_001/20221012_030000.WAV,Telephone Field,recover-20221013,001,1795
1025.5925,1025.6009,39218,47264,Myotis daubentonii,0.008,0.023,-1,Echolocation,/mnt/ubna_data_02_mir/recover-20221013/UBNA_001/20221012_030000.WAV,Telephone Field,recover-20221013,001,1795
1025.5955,1025.6025,24609,37799,Plecotus austriacus,0.005,0.022,-1,Echolocation,/mnt/ubna_data_02_mir/recover-20221013/UBNA_001/20221012_030000.WAV,Telephone Field,recover-20221013,001,1795
1025.6095,1025.6472,68437,81883,Rhinolophus ferrumequinum,0.022,0.022,-1,Echolocation,/mnt/ubna_data_02_mir/recover-20221013/UBNA_001/20221012_030000.WAV,Telephone Field,recover-20221013,001,1795
1025.6465,1025.6538,28046,39877,Eptesicus serotinus,0.006,0.021,-1,Echolocation,/mnt/ubna_data_02_mir/recover-20221013/UBNA_001/20221012_030000.WAV,Telephone Field,recover-20221013,001,1795
1025.6995,1025.7327,68437,80314,Rhinolophus ferrumequinum,0.024,0.024,-1,Echolocation,/mnt/ubna_data_02_mir/recover-20221013/UBNA_001/20221012_030000.WAV,Telephone Field,recover-20221013,001,1795
1025.7005,1025.7094,27187,36689,Eptesicus serotinus,0.007,0.021,-1,Echolocation,/mnt/ubna_data_02_mir/recover-20221013/UBNA_001/20221012_030000.WAV,Telephone Field,recover-20221013,001,1795
1025.7295,1025.7396,39218,44694,Barbastellus barbastellus,0.009,0.03,-1,Echolocation,/mnt/ubna_data_02_mir/recover-20221013/UBNA_001/20221012_030000.WAV,Telephone Field,recover-20221013,001,1795
1025.7315,1025.7728,68437,83142,Rhinolophus ferrumequinum,0.024,0.024,-1,Echolocation,/mnt/ubna_data_02_mir/recover-20221013/UBNA_001/20221012_030000.WAV,Telephone Field,recover-20221013,001,1795
1025.7675,1025.8061,68437,82499,Rhinolophus ferrumequinum,0.022,0.022,-1,Echolocation,/mnt/ubna_data_02_mir/recover-20221013/UBNA_001/20221012_030000.WAV,Telephone Field,recover-20221013,001,1795
1025.7755,1025.7826,28046,44956,Eptesicus serotinus,0.009,0.028,-1,Echolocation,/mnt/ubna_data_02_mir/recover-20221013/UBNA_001/20221012_030000.WAV,Telephone Field,recover-20221013,001,1795
1025.7925,1025.8001,25468,37474,Eptesicus serotinus,0.006,0.022,-1,Echolocation,/mnt/ubna_data_02_mir/recover-20221013/UBNA_001/20221012_030000.WAV,Telephone Field,recover-20221013,001,1795
1025.8395,1025.8466,28906,42322,Eptesicus serotinus,0.017,0.046,-1,Echolocation,/mnt/ubna_data_02_mir/recover-20221013/UBNA_001/20221012_030000.WAV,Telephone Field,recover-20221013,001,1795
1025.8845,1025.8974,14296,20124,Nyctalus noctula,0.013,0.021,-1,Echolocation,/mnt/ubna_data_02_mir/recover-20221013/UBNA_001/20221012_030000.WAV,Telephone Field,recover-20221013,001,1795
1025.9235,1025.9311,26328,36950,Eptesicus serotinus,0.008,0.024,-1,Echolocation,/mnt/ubna_data_02_mir/recover-20221013/UBNA_001/20221012_030000.WAV,Telephone Field,recover-20221013,001,1795
1025.9525,1025.9945,68437,82398,Rhinolophus ferrumequinum,0.032,0.032,-1,Echolocation,/mnt/ubna_data_02_mir/recover-20221013/UBNA_001/20221012_030000.WAV,Telephone Field,recover-20221013,001,1795
1025.9595,1025.9693,24609,31939,Eptesicus serotinus,0.009,0.027,-1,Echolocation,/mnt/ubna_data_02_mir/recover-20221013/UBNA_001/20221012_030000.WAV,Telephone Field,recover-20221013,001,1795
1026.0015,1026.0088,46093,52947,Pipistrellus pipistrellus,0.018,0.026,-1,Echolocation,/mnt/ubna_data_02_mir/recover-20221013/UBNA_001/20221012_030000.WAV,Telephone Field,recover-20221013,001,1795
1026.0015,1026.0083,25468,35173,Nyctalus leisleri,0.005,0.026,-1,Echolocation,/mnt/ubna_data_02_mir/recover-20221013/UBNA_001/20221012_030000.WAV,Telephone Field,recover-20221013,001,1795
1026.0025,1026.041,68437,82022,Rhinolophus ferrumequinum,0.031,0.032,-1,Echolocation,/mnt/ubna_data_02_mir/recover-20221013/UBNA_001/20221012_030000.WAV,Telephone Field,recover-20221013,001,1795
1026.0545,1026.0653,44375,48432,Pipistrellus pipistrellus,0.021,0.024,-1,Echolocation,/mnt/ubna_data_02_mir/recover-20221013/UBNA_001/20221012_030000.WAV,Telephone Field,recover-20221013,001,1795
1026.0825,1026.089,25468,37570,Plecotus austriacus,0.008,0.026,-1,Echolocation,/mnt/ubna_data_02_mir/recover-20221013/UBNA_001/20221012_030000.WAV,Telephone Field,recover-20221013,001,1795
1026.1265,1026.165,68437,82392,Rhinolophus ferrumequinum,0.023,0.023,-1,Echolocation,/mnt/ubna_data_02_mir/recover-20221013/UBNA_001/20221012_030000.WAV,Telephone Field,recover-20221013,001,1795
1026.1475,1026.1878,68437,82360,Rhinolophus ferrumequinum,0.022,0.022,-1,Echolocation,/mnt/ubna_data_02_mir/recover-20221013/UBNA_001/20221012_030000.WAV,Telephone Field,recover-20221013,001,1795
1026.1535,1026.1693,17734,21999,Nyctalus noctula,0.013,0.022,-1,Echolocation,/mnt/ubna_data_02_mir/recover-20221013/UBNA_001/20221012_030000.WAV,Telephone Field,recover-20221013,001,1795
1026.2185,1026.2268,26328,37754,Eptesicus serotinus,0.008,0.024,-1,Echolocation,/mnt/ubna_data_02_mir/recover-20221013/UBNA_001/20221012_030000.WAV,Telephone Field,recover-20221013,001,1795
1026.2525,1026.2922,68437,83280,Rhinolophus ferrumequinum,0.022,0.022,-1,Echolocation,/mnt/ubna_data_02_mir/recover-20221013/UBNA_001/20221012_030000.WAV,Telephone Field,recover-20221013,001,1795
1026.2775,1026.287,28046,36001,Eptesicus serotinus,0.008,0.022,-1,Echolocation,/mnt/ubna_data_02_mir/recover-20221013/UBNA_001/20221012_030000.WAV,Telephone Field,recover-20221013,001,1795
1026.3305,1026.3663,68437,81042,Rhinolophus ferrumequinum,0.021,0.021,-1,Echolocation,/mnt/ubna_data_02_mir/recover-20221013/UBNA_001/20221012_030000.WAV,Telephone Field,recover-20221013,001,1795
1026.3715,1026.3786,28906,38660,Eptesicus serotinus,0.006,0.021,-1,Echolocation,/mnt/ubna_data_02_mir/recover-20221013/UBNA_001/20221012_030000.WAV,Telephone Field,recover-20221013,001,1795
1026.3735,1026.3811,24609,32716,Plecotus austriacus,0.008,0.022,-1,Echolocation,/mnt/ubna_data_02_mir/recover-20221013/UBNA_001/20221012_030000.WAV,Telephone Field,recover-20221013,001,1795
1026.4335,1026.4685,68437,81622,Rhinolophus ferrumequinum,0.023,0.023,-1,Echolocation,/mnt/ubna_data_02_mir/recover-20221013/UBNA_001/20221012_030000.WAV,Telephone Field,recover-20221013,001,1795
1026.4445,1026.4642,20312,23977,Nyctalus leisleri,0.013,0.027,-1,Echolocation,/mnt/ubna_data_02_mir/recover-20221013/UBNA_001/20221012_030000.WAV,Telephone Field,recover-20221013,001,1795
1026.4465,1026.4529,28046,38328,Eptesicus serotinus,0.007,0.03,-1,Echolocation,/mnt/ubna_data_02_mir/recover-20221013/UBNA_001/20221012_030000.WAV,Telephone Field,recover-20221013,001,1795
1026.4925,1026.5051,27187,31956,Eptesicus serotinus,0.021,0.048,-1,Echolocation,/mnt/ubna_data_02_mir/recover-20221013/UBNA_001/20221012_030000.WAV,Telephone Field,recover-20221013,001,1795
1026.5105,1026.5197,28046,36790,Eptesicus serotinus,0.008,0.021,-1,Echolocation,/mnt/ubna_data_02_mir/recover-20221013/UBNA_001/20221012_030000.WAV,Telephone Field,recover-20221013,001,1795
1026.5435,1026.5493,33203,48201,Myotis daubentonii,0.009,0.02,-1,Echolocation,/mnt/ubna_data_02_mir/recover-20221013/UBNA_001/20221012_030000.WAV,Telephone Field,recover-20221013,001,1795
1026.5445,1026.5524,27187,43298,Eptesicus serotinus,0.009,0.025,-1,Echolocation,/mnt/ubna_data_02_mir/recover-20221013/UBNA_001/20221012_030000.WAV,Telephone Field,recover-20221013,001,1795
1026.6135,1026.6518,68437,82359,Rhinolophus ferrumequinum,0.025,0.025,-1,Echolocation,/mnt/ubna_data_02_mir/recover-20221013/UBNA_001/20221012_030000.WAV,Telephone Field,recover-20221013,001,1795
1026.6195,1026.6258,27187,46151,Myotis daubentonii,0.007,0.024,-1,Echolocation,/mnt/ubna_data_02_mir/recover-20221013/UBNA_001/20221012_030000.WAV,Telephone Field,recover-20221013,001,1795
1026.6465,1026.6884,68437,82686,Rhinolophus ferrumequinum,0.023,0.023,-1,Echolocation,/mnt/ubna_data_02_mir/recover-20221013/UBNA_001/20221012_030000.WAV,Telephone Field,recover-20221013,001,1795
1026.6755,1026.7107,68437,80592,Rhinolophus ferrumequinum,0.02,0.02,-1,Echolocation,/mnt/ubna_data_02_mir/recover-20221013/UBNA_001/20221012_030000.WAV,Telephone Field,recover-20221013,001,1795
1026.6895,1026.699,28906,36435,Eptesicus serotinus,0.008,0.022,-1,Echolocation,/mnt/ubna_data_02_mir/recover-20221013/UBNA_001/20221012_030000.WAV,Telephone Field,recover-20221013,001,1795
1026.7425,1026.7798,68437,81070,Rhinolophus ferrumequinum,0.025,0.025,-1,Echolocation,/mnt/ubna_data_02_mir/recover-20221013/UBNA_001/20221012_030000.WAV,Telephone Field,recover-20221013,001,1795
1026.7515,1026.759,27187,40242,Eptesicus serotinus,0.007,0.024,-1,Echolocation,/mnt/ubna_data_02_mir/recover-20221013/UBNA_001/20221012_030000.WAV,Telephone Field,recover-20221013,001,1795
1026.7685,1026.8066,68437,82124,Rhinolophus ferrumequinum,0.02,0.021,-1,Echolocation,/mnt/ubna_data_02_mir/recover-20221013/UBNA_001/20221012_030000.WAV,Telephone Field,recover-20221013,001,1795
1026.8065,1026.8457,68437,82079,Rhinolophus ferrumequinum,0.024,0.024,-1,Echolocation,/mnt/ubna_data_02_mir/recover-20221013/UBNA_001/20221012_030000.WAV,Telephone Field,recover-20221013,001,1795
1026.8225,1026.833,28046,35759,Eptesicus serotinus,0.01,0.023,-1,Echolocation,/mnt/ubna_data_02_mir/recover-20221013/UBNA_001/20221012_030000.WAV,Telephone Field,recover-20221013,001,1795
1026.8315,1026.8415,24609,31796,Nyctalus leisleri,0.009,0.027,-1,Echolocation,/mnt/ubna_data_02_mir/recover-20221013/UBNA_001/20221012_030000.WAV,Telephone Field,recover-20221013,001,1795
1026.8635,1026.9044,68437,82113,Rhinolophus ferrumequinum,0.023,0.023,-1,Echolocation,/mnt/ubna_data_02_mir/recover-20221013/UBNA_001/20221012_030000.WAV,Telephone Field,recover-20221013,001,1795
1026.8645,1026.8843,21171,24612,Nyctalus leisleri,0.013,0.023,-1,Echolocation,/mnt/ubna_data_02_mir/recover-20221013/UBNA_001/20221012_030000.WAV,Telephone Field,recover-20221013,001,1795
1026.8705,1026.8882,21171,24266,Nyctalus leisleri,0.014,0.022,-1,Echolocation,/mnt/ubna_data_02_mir/recover-20221013/UBNA_001/20221012_030000.WAV,Telephone Field,recover-20221013,001,1795
1026.8755,1026.8861,22890,26706,Nyctalus leisleri,0.013,0.022,-1,Echolocation,/mnt/ubna_data_02_mir/recover-20221013/UBNA_001/20221012_030000.WAV,Telephone Field,recover-20221013,001,1795
1026.8795,1026.9149,68437,80797,Rhinolophus ferrumequinum,0.02,0.02,-1,Echolocation,/mnt/ubna_data_02_mir/recover-20221013/UBNA_001/20221012_030000.WAV,Telephone Field,recover-20221013,001,1795
1026.9165,1026.9222,27187,53285,Myotis nattereri,0.008,0.026,-1,Echolocation,/mnt/ubna_data_02_mir/recover-20221013/UBNA_001/20221012_030000.WAV,Telephone Field,recover-20221013,001,1795
1026.9315,1026.9715,68437,82064,Rhinolophus ferrumequinum,0.022,0.022,-1,Echolocation,/mnt/ubna_data_02_mir/recover-20221013/UBNA_001/20221012_030000.WAV,Telephone Field,recover-20221013,001,1795
1026.9595,1026.9988,68437,82525,Rhinolophus ferrumequinum,0.023,0.023,-1,Echolocation,/mnt/ubna_data_02_mir/recover-20221013/UBNA_001/20221012_030000.WAV,Telephone Field,recover-20221013,001,1795
1026.9635,1026.9698,24609,34885,Plecotus austriacus,0.01,0.026,-1,Echolocation,/mnt/ubna_data_02_mir/recover-20221013/UBNA_001/20221012_030000.WAV,Telephone Field,recover-20221013,001,1795
1026.9945,1027.0049,28046,36570,Eptesicus serotinus,0.009,0.022,-1,Echolocation,/mnt/ubna_data_02_mir/recover-20221013/UBNA_001/20221012_030000.WAV,Telephone Field,recover-20221013,001,1795
1026.9945,1027.0381,68437,83652,Rhinolophus ferrumequinum,0.031,0.031,-1,Echolocation,/mnt/ubna_data_02_mir/recover-20221013/UBNA_001/20221012_030000.WAV,Telephone Field,recover-20221013,001,1795
1027.0035,1027.0106,28046,39822,Eptesicus serotinus,0.006,0.023,-1,Echolocation,/mnt/ubna_data_02_mir/recover-20221013/UBNA_001/20221012_030000.WAV,Telephone Field,recover-20221013,001,1795
1027.0365,1027.0748,68437,83251,Rhinolophus ferrumequinum,0.027,0.027,-1,Echolocation,/mnt/ubna_data_02_mir/recover-20221013/UBNA_001/20221012_030000.WAV,Telephone Field,recover-20221013,001,1795
1027.0375,1027.0448,23750,32357,Plecotus austriacus,0.009,0.021,-1,Echolocation,/mnt/ubna_data_02_mir/recover-20221013/UBNA_001/20221012_030000.WAV,Telephone Field,recover-20221013,001,1795
1027.0875,1027.0944,27187,41290,Eptesicus serotinus,0.006,0.028,-1,Echolocation,/mnt/ubna_data_02_mir/recover-20221013/UBNA_001/20221012_030000.WAV,Telephone Field,recover-20221013,001,1795
1027.0995,1027.1332,68437,80495,Rhinolophus ferrumequinum,0.022,0.022,-1,Echolocation,/mnt/ubna_data_02_mir/recover-20221013/UBNA_001/20221012_030000.WAV,Telephone Field,recover-20221013,001,1795
1027.1095,1027.1469,68437,81430,Rhinolophus ferrumequinum,0.026,0.026,-1,Echolocation,/mnt/ubna_data_02_mir/recover-20221013/UBNA_001/20221012_030000.WAV,Telephone Field,recover-20221013,001,1795
1027.1135,1027.1239,47812,51701,Pipistrellus pipistrellus,0.03,0.033,-1,Echolocation,/mnt/ubna_data_02_mir/recover-20221013/UBNA_001/20221012_030000.WAV,Telephone Field,recover-20221013,001,1795
1027.1145,1027.1216,24609,34109,Plecotus austriacus,0.015,0.033,-1,Echolocation,/mnt/ubna_data_02_mir/recover-20221013/UBNA_001/20221012_030000.WAV,Telephone Field,recover-20221013,001,1795
1027.1595,1027.1657,51250,58148,Pipistrellus pipistrellus,0.018,0.022,-1,Echolocation,/mnt/ubna_data_02_mir/recover-20221013/UBNA_001/20221012_030000.WAV,Telephone Field,recover-20221013,001,1795
1027.1665,1027.174,26328,39117,Eptesicus serotinus,0.006,0.023,-1,Echolocation,/mnt/ubna_data_02_mir/recover-20221013/UBNA_001/20221012_030000.WAV,Telephone Field,recover-20221013,001,1795
1027.1955,1027.231,68437,81781,Rhinolophus ferrumequinum,0.02,0.02,-1,Echolocation,/mnt/ubna_data_02_mir/recover-20221013/UBNA_001/20221012_030000.WAV,Telephone Field,recover-20221013,001,1795
1027.1995,1027.2063,28046,39875,Eptesicus serotinus,0.009,0.034,-1,Echolocation,/mnt/ubna_data_02_mir/recover-20221013/UBNA_001/20221012_030000.WAV,Telephone Field,recover-20221013,001,1795
1027.2115,1027.2503,68437,82368,Rhinolophus ferrumequinum,0.029,0.029,-1,Echolocation,/mnt/ubna_data_02_mir/recover-20221013/UBNA_001/20221012_030000.WAV,Telephone Field,recover-20221013,001,1795
1027.2155,1027.2263,23750,29543,Nyctalus leisleri,0.01,0.022,-1,Echolocation,/mnt/ubna_data_02_mir/recover-20221013/UBNA_001/20221012_030000.WAV,Telephone Field,recover-20221013,001,1795
1027.2235,1027.2575,68437,81298,Rhinolophus ferrumequinum,0.02,0.02,-1,Echolocation,/mnt/ubna_data_02_mir/recover-20221013/UBNA_001/20221012_030000.WAV,Telephone Field,recover-20221013,001,1795
1027.2245,1027.2358,50390,54618,Pipistrellus pipistrellus,0.021,0.027,-1,Echolocation,/mnt/ubna_data_02_mir/recover-20221013/UBNA_001/20221012_030000.WAV,Telephone Field,recover-20221013,001,1795
1027.2685,1027.2741,35781,44434,Myotis daubentonii,0.01,0.029,-1,Echolocation,/mnt/ubna_data_02_mir/recover-20221013/UBNA_001/20221012_030000.WAV,Telephone Field,recover-20221013,001,1795
1027.2705,1027.2765,25468,40730,Myotis nattereri,0.007,0.027,-1,Echolocation,/mnt/ubna_data_02_mir/recover-20221013/UBNA_001/20221012_030000.WAV,Telephone Field,recover-20221013,001,1795
1027.2945,1027.3339,68437,82655,Rhinolophus ferrumequinum,0.02,0.02,-1,Echolocation,/mnt/ubna_data_02_mir/recover-20221013/UBNA_001/20221012_030000.WAV,Telephone Field,recover-20221013,001,1795
1027.3175,1027.3609,68437,83307,Rhinolophus ferrumequinum,0.031,0.031,-1,Echolocation,/mnt/ubna_data_02_mir/recover-20221013/UBNA_001/20221012_030000.WAV,Telephone Field,recover-20221013,001,1795
1027.3665,1027.374,45234,49221,Pipistrellus pipistrellus,0.021,0.022,-1,Echolocation,/mnt/ubna_data_02_mir/recover-20221013/UBNA_001/20221012_030000.WAV,Telephone Field,recover-20221013,001,1795
1027.3785,1027.3889,28906,35752,Eptesicus serotinus,0.01,0.025,-1,Echolocation,/mnt/ubna_data_02_mir/recover-20221013/UBNA_001/20221012_030000.WAV,Telephone Field,recover-20221013,001,1795
1027.3795,1027.414,68437,81444,Rhinolophus ferrumequinum,0.021,0.021,-1,Echolocation,/mnt/ubna_data_02_mir/recover-20221013/UBNA_001/20221012_030000.WAV,Telephone Field,recover-20221013,001,1795
1027.4645,1027.5018,68437,81089,Rhinolophus ferrumequinum,0.022,0.022,-1,Echolocation,/mnt/ubna_data_02_mir/recover-20221013/UBNA_001/20221012_030000.WAV,Telephone Field,recover-20221013,001,1795
1027.5105,1027.5183,27187,41443,Eptesicus serotinus,0.008,0.024,-1,Echolocation,/mnt/ubna_data_02_mir/recover-20221013/UBNA_001/20221012_030000.WAV,Telephone Field,recover-20221013,001,1795
1027.5205,1027.5569,68437,81229,Rhinolophus ferrumequinum,0.021,0.021,-1,Echolocation,/mnt/ubna_data_02_mir/recover-20221013/UBNA_001/20221012_030000.WAV,Telephone Field,recover-20221013,001,1795
1027.5255,1027.5351,22890,29193,Nyctalus leisleri,0.008,0.021,-1,Echolocation,/mnt/ubna_data_02_mir/recover-20221013/UBNA_001/20221012_030000.WAV,Telephone Field,recover-20221013,001,1795
1027.6035,1027.6111,28046,38075,Eptesicus serotinus,0.007,0.023,-1,Echolocation,/mnt/ubna_data_02_mir/recover-20221013/UBNA_001/20221012_030000.WAV,Telephone Field,recover-20221013,001,1795
1027.6195,1027.6621,68437,82544,Rhinolophus ferrumequinum,0.024,0.024,-1,Echolocation,/mnt/ubna_data_02_mir/recover-20221013/UBNA_001/20221012_030000.WAV,Telephone Field,recover-20221013,001,1795
1027.6625,1027.701,68437,82463,Rhinolophus ferrumequinum,0.026,0.026,-1,Echolocation,/mnt/ubna_data_02_mir/recover-20221013/UBNA_001/20221012_030000.WAV,Telephone Field,recover-20221013,001,1795
1027.6955,1027.7334,68437,82198,Rhinolophus ferrumequinum,0.021,0.021,-1,Echolocation,/mnt/ubna_data_02_mir/recover-20221013/UBNA_001/20221012_030000.WAV,Telephone Field,recover-20221013,001,1795
1027.7035,1027.7102,27187,36220,Eptesicus serotinus,0.005,0.021,-1,Echolocation,/mnt/ubna_data_02_mir/recover-20221013/UBNA_001/20221012_030000.WAV,Telephone Field,recover-20221013,001,1795
1027.7195,1027.7592,68437,82097,Rhinolophus ferrumequinum,0.023,0.023,-1,Echolocation,/mnt/ubna_data_02_mir/recover-20221013/UBNA_001/20221012_030000.WAV,Telephone Field,recover-20221013,001,1795
1027.7435,1027.7523,25468,33411,Nyctalus leisleri,0.012,0.042,-1,Echolocation,/mnt/ubna_data_02_mir/recover-20221013/UBNA_001/20221012_030000.WAV,Telephone Field,recover-20221013,001,1795
1027.8105,1027.821,57265,61664,Pipistrellus pygmaeus,0.025,0.025,-1,Echolocation,/mnt/ubna_data_02_mir/recover-20221013/UBNA_001/20221012_030000.WAV,Telephone Field,recover-20221013,001,1795
1027.8315,1027.8681,68437,80826,Rhinolophus ferrumequinum,0.021,0.021,-1,Echolocation,/mnt/ubna_data_02_mir/recover-20221013/UBNA_001/20221012_030000.WAV,Telephone Field,recover-20221013,001,1795
1027.8345,1027.8436,28906,36658,Eptesicus serotinus,0.008,0.022,-1,Echolocation,/mnt/ubna_data_02_mir/recover-20221013/UBNA_001/20221012_030000.WAV,Telephone Field,recover-20221013,001,1795
1027.9665,1027.9761,45234,48921,Pipistrellus pipistrellus,0.02,0.022,-1,Echolocation,/mnt/ubna_data_02_mir/recover-20221013/UBNA_001/20221012_030000.WAV,Telephone Field,recover-20221013,001,1795
1028.0015,1028.0345,68437,80030,Rhinolophus ferrumequinum,0.048,0.049,-1,Echolocation,/mnt/ubna_data_02_mir/recover-20221013/UBNA_001/20221012_030000.WAV,Telephone Field,recover-20221013,001,1795
1028.0015,1028.0111,25468,32683,Nyctalus leisleri,0.012,0.032,-1,Echolocation,/mnt/ubna_data_02_mir/recover-20221013/UBNA_001/20221012_030000.WAV,Telephone Field,recover-20221013,001,1795
1028.0095,1028.0204,28046,35181,Eptesicus serotinus,0.01,0.023,-1,Echolocation,/mnt/ubna_data_02_mir/recover-20221013/UBNA_001/20221012_030000.WAV,Telephone Field,recover-20221013,001,1795
1028.0115,1028.0537,68437,82257,Rhinolophus ferrumequinum,0.022,0.022,-1,Echolocation,/mnt/ubna_data_02_mir/recover-20221013/UBNA_001/20221012_030000.WAV,Telephone Field,recover-20221013,001,1795
1028.0205,1028.0309,29765,36495,Eptesicus serotinus,0.012,0.028,-1,Echolocation,/mnt/ubna_data_02_mir/recover-20221013/UBNA_001/20221012_030000.WAV,Telephone Field,recover-20221013,001,1795
1028.0835,1028.1223,68437,82314,Rhinolophus ferrumequinum,0.026,0.026,-1,Echolocation,/mnt/ubna_data_02_mir/recover-20221013/UBNA_001/20221012_030000.WAV,Telephone Field,recover-20221013,001,1795
1028.1005,1028.108,23750,31600,Plecotus austriacus,0.009,0.021,-1,Echolocation,/mnt/ubna_data_02_mir/recover-20221013/UBNA_001/20221012_030000.WAV,Telephone Field,recover-20221013,001,1795
1028.1035,1028.1178,52109,56638,Pipistrellus pygmaeus,0.012,0.021,-1,Echolocation,/mnt/ubna_data_02_mir/recover-20221013/UBNA_001/20221012_030000.WAV,Telephone Field,recover-20221013,001,1795
1028.1255,1028.1628,68437,81840,Rhinolophus ferrumequinum,0.022,0.022,-1,Echolocation,/mnt/ubna_data_02_mir/recover-20221013/UBNA_001/20221012_030000.WAV,Telephone Field,recover-20221013,001,1795
1028.1395,1028.1543,22031,25848,Nyctalus leisleri,0.019,0.032,-1,Echolocation,/mnt/ubna_data_02_mir/recover-20221013/UBNA_001/20221012_030000.WAV,Telephone Field,recover-20221013,001,1795
1028.2425,1028.2773,68437,81606,Rhinolophus ferrumequinum,0.021,0.021,-1,Echolocation,/mnt/ubna_data_02_mir/recover-20221013/UBNA_001/20221012_030000.WAV,Telephone Field,recover-20221013,001,1795
1028.2485,1028.2866,68437,81688,Rhinolophus ferrumequinum,0.021,0.021,-1,Echolocation,/mnt/ubna_data_02_mir/recover-20221013/UBNA_001/20221012_030000.WAV,Telephone Field,recover-20221013,001,1795
1028.3035,1028.3422,68437,81279,Rhinolophus ferrumequinum,0.022,0.022,-1,Echolocation,/mnt/ubna_data_02_mir/recover-20221013/UBNA_001/20221012_030000.WAV,Telephone Field,recover-20221013,001,1795
1028.3235,1028.3576,68437,80996,Rhinolophus ferrumequinum,0.022,0.022,-1,Echolocation,/mnt/ubna_data_02_mir/recover-20221013/UBNA_001/20221012_030000.WAV,Telephone Field,recover-20221013,001,1795
1028.3555,1028.394,68437,82199,Rhinolophus ferrumequinum,0.024,0.024,-1,Echolocation,/mnt/ubna_data_02_mir/recover-20221013/UBNA_001/20221012_030000.WAV,Telephone Field,recover-20221013,001,1795
1028.3555,1028.3669,22890,27572,Nyctalus leisleri,0.011,0.021,-1,Echolocation,/mnt/ubna_data_02_mir/recover-20221013/UBNA_001/20221012_030000.WAV,Telephone Field,recover-20221013,001,1795
1028.3615,1028.3724,22890,27087,Nyctalus leisleri,0.012,0.022,-1,Echolocation,/mnt/ubna_data_02_mir/recover-20221013/UBNA_001/20221012_030000.WAV,Telephone Field,recover-20221013,001,1795
1028.4085,1028.448,68437,82566,Rhinolophus ferrumequinum,0.025,0.025,-1,Echolocation,/mnt/ubna_data_02_mir/recover-20221013/UBNA_001/20221012_030000.WAV,Telephone Field,recover-20221013,001,1795
1028.4165,1028.4283,22890,27319,Nyctalus leisleri,0.013,0.024,-1,Echolocation,/mnt/ubna_data_02_mir/recover-20221013/UBNA_001/20221012_030000.WAV,Telephone Field,recover-20221013,001,1795
1028.4425,1028.4813,68437,81887,Rhinolophus ferrumequinum,0.026,0.026,-1,Echolocation,/mnt/ubna_data_02_mir/recover-20221013/UBNA_001/20221012_030000.WAV,Telephone Field,recover-20221013,001,1795
1028.4705,1028.508,68437,81553,Rhinolophus ferrumequinum,0.021,0.021,-1,Echolocation,/mnt/ubna_data_02_mir/recover-20221013/UBNA_001/20221012_030000.WAV,Telephone Field,recover-20221013,001,1795
1028.4985,1028.5372,68437,81772,Rhinolophus ferrumequinum,0.021,0.021,-1,Echolocation,/mnt/ubna_data_02_mir/recover-20221013/UBNA_001/20221012_030000.WAV,Telephone Field,recover-20221013,001,1795
1028.5295,1028.5672,68437,81894,Rhinolophus ferrumequinum,0.022,0.022,-1,Echolocation,/mnt/ubna_data_02_mir/recover-20221013/UBNA_001/20221012_030000.WAV,Telephone Field,recover-20221013,001,1795
1028.5685,1028.6145,68437,83472,Rhinolophus ferrumequinum,0.054,0.054,-1,Echolocation,/mnt/ubna_data_02_mir/recover-20221013/UBNA_001/20221012_030000.WAV,Telephone Field,recover-20221013,001,1795
1028.6075,1028.6133,28906,40884,Eptesicus serotinus,0.005,0.022,-1,Echolocation,/mnt/ubna_data_02_mir/recover-20221013/UBNA_001/20221012_030000.WAV,Telephone Field,recover-20221013,001,1795
1028.6275,1028.6358,22890,30157,Plecotus austriacus,0.009,0.02,-1,Echolocation,/mnt/ubna_data_02_mir/recover-20221013/UBNA_001/20221012_030000.WAV,Telephone Field,recover-20221013,001,1795
1028.6675,1028.7053,68437,81309,Rhinolophus ferrumequinum,0.021,0.021,-1,Echolocation,/mnt/ubna_data_02_mir/recover-20221013/UBNA_001/20221012_030000.WAV,Telephone Field,recover-20221013,001,1795
1028.6775,1028.6857,25468,33771,Plecotus austriacus,0.008,0.026,-1,Echolocation,/mnt/ubna_data_02_mir/recover-20221013/UBNA_001/20221012_030000.WAV,Telephone Field,recover-20221013,001,1795
1028.7205,1028.7268,28906,40727,Eptesicus serotinus,0.006,0.021,-1,Echolocation,/mnt/ubna_data_02_mir/recover-20221013/UBNA_001/20221012_030000.WAV,Telephone Field,recover-20221013,001,1795
1028.7235,1028.7296,24609,34334,Plecotus austriacus,0.008,0.022,-1,Echolocation,/mnt/ubna_data_02_mir/recover-20221013/UBNA_001/20221012_030000.WAV,Telephone Field,recover-20221013,001,1795
1028.7515,1028.7578,25468,39025,Plecotus austriacus,0.005,0.021,-1,Echolocation,/mnt/ubna_data_02_mir/recover-20221013/UBNA_001/20221012_030000.WAV,Telephone Field,recover-20221013,001,1795
1028.7555,1028.7949,68437,82580,Rhinolophus ferrumequinum,0.021,0.021,-1,Echolocation,/mnt/ubna_data_02_mir/recover-20221013/UBNA_001/20221012_030000.WAV,Telephone Field,recover-20221013,001,1795
1028.7745,1028.7851,22031,27263,Nyctalus leisleri,0.01,0.023,-1,Echolocation,/mnt/ubna_data_02_mir/recover-20221013/UBNA_001/20221012_030000.WAV,Telephone Field,recover-20221013,001,1795
1028.8225,1028.8621,68437,81998,Rhinolophus ferrumequinum,0.022,0.022,-1,Echolocation,/mnt/ubna_data_02_mir/recover-20221013/UBNA_001/20221012_030000.WAV,Telephone Field,recover-20221013,001,1795
1028.8325,1028.8393,24609,39115,Plecotus austriacus,0.008,0.024,-1,Echolocation,/mnt/ubna_data_02_mir/recover-20221013/UBNA_001/20221012_030000.WAV,Telephone Field,recover-20221013,001,1795
1028.8495,1028.8904,68437,82700,Rhinolophus ferrumequinum,0.027,0.027,-1,Echolocation,/mnt/ubna_data_02_mir/recover-20221013/UBNA_001/20221012_030000.WAV,Telephone Field,recover-20221013,001,1795
1028.8905,1028.9308,68437,82730,Rhinolophus ferrumequinum,0.024,0.024,-1,Echolocation,/mnt/ubna_data_02_mir/recover-20221013/UBNA_001/20221012_030000.WAV,Telephone Field,recover-20221013,001,1795
1028.9115,1028.9186,23750,32735,Plecotus austriacus,0.012,0.026,-1,Echolocation,/mnt/ubna_data_02_mir/recover-20221013/UBNA_001/20221012_030000.WAV,Telephone Field,recover-20221013,001,1795
1028.9425,1028.9529,29765,37221,Eptesicus serotinus,0.013,0.027,-1,Echolocation,/mnt/ubna_data_02_mir/recover-20221013/UBNA_001/20221012_030000.WAV,Telephone Field,recover-20221013,001,1795
1028.9485,1028.9863,68437,82088,Rhinolophus ferrumequinum,0.022,0.022,-1,Echolocation,/mnt/ubna_data_02_mir/recover-20221013/UBNA_001/20221012_030000.WAV,Telephone Field,recover-20221013,001,1795
1028.9755,1028.9822,28046,38584,Eptesicus serotinus,0.012,0.033,-1,Echolocation,/mnt/ubna_data_02_mir/recover-20221013/UBNA_001/20221012_030000.WAV,Telephone Field,recover-20221013,001,1795
1028.9785,1029.0142,68437,81109,Rhinolophus ferrumequinum,0.02,0.021,-1,Echolocation,/mnt/ubna_data_02_mir/recover-20221013/UBNA_001/20221012_030000.WAV,Telephone Field,recover-20221013,001,1795
1029.0645,1029.1026,68437,81979,Rhinolophus ferrumequinum,0.023,0.023,-1,Echolocation,/mnt/ubna_data_02_mir/recover-20221013/UBNA_001/20221012_030000.WAV,Telephone Field,recover-20221013,001,1795
1029.1035,1029.1414,68437,81415,Rhinolophus ferrumequinum,0.024,0.024,-1,Echolocation,/mnt/ubna_data_02_mir/recover-20221013/UBNA_001/20221012_030000.WAV,Telephone Field,recover-20221013,001,1795
1029.1205,1029.1276,28046,40796,Eptesicus serotinus,0.006,0.024,-1,Echolocation,/mnt/ubna_data_02_mir/recover-20221013/UBNA_001/20221012_030000.WAV,Telephone Field,recover-20221013,001,1795
1029.1395,1029.149,23750,30644,Nyctalus leisleri,0.01,0.031,-1,Echolocation,/mnt/ubna_data_02_mir/recover-20221013/UBNA_001/20221012_030000.WAV,Telephone Field,recover-20221013,001,1795
1029.1685,1029.2103,68437,82576,Rhinolophus ferrumequinum,0.025,0.025,-1,Echolocation,/mnt/ubna_data_02_mir/recover-20221013/UBNA_001/20221012_030000.WAV,Telephone Field,recover-20221013,001,1795
1029.1705,1029.1768,28046,42276,Eptesicus serotinus,0.006,0.024,-1,Echolocation,/mnt/ubna_data_02_mir/recover-20221013/UBNA_001/20221012_030000.WAV,Telephone Field,recover-20221013,001,1795
1029.1995,1029.2347,68437,81803,Rhinolophus ferrumequinum,0.025,0.025,-1,Echolocation,/mnt/ubna_data_02_mir/recover-20221013/UBNA_001/20221012_030000.WAV,Telephone Field,recover-20221013,001,1795
1029.2185,1029.2567,68437,82664,Rhinolophus ferrumequinum,0.022,0.023,-1,Echolocation,/mnt/ubna_data_02_mir/recover-20221013/UBNA_001/20221012_030000.WAV,Telephone Field,recover-20221013,001,1795
1029.2305,1029.2368,25468,36377,Plecotus austriacus,0.014,0.033,-1,Echolocation,/mnt/ubna_data_02_mir/recover-20221013/UBNA_001/20221012_030000.WAV,Telephone Field,recover-20221013,001,1795
1029.2385,1029.2773,68437,81957,Rhinolophus ferrumequinum,0.024,0.024,-1,Echolocation,/mnt/ubna_data_02_mir/recover-20221013/UBNA_001/20221012_030000.WAV,Telephone Field,recover-20221013,001,1795
1029.2695,1029.2776,25468,33779,Eptesicus serotinus,0.006,0.021,-1,Echolocation,/mnt/ubna_data_02_mir/recover-20221013/UBNA_001/20221012_030000.WAV,Telephone Field,recover-20221013,001,1795
1029.3115,1029.351,68437,81801,Rhinolophus ferrumequinum,0.027,0.027,-1,Echolocation,/mnt/ubna_data_02_mir/recover-20221013/UBNA_001/20221012_030000.WAV,Telephone Field,recover-20221013,001,1795
1029.3465,1029.3573,22890,28062,Nyctalus leisleri,0.01,0.021,-1,Echolocation,/mnt/ubna_data_02_mir/recover-20221013/UBNA_001/20221012_030000.WAV,Telephone Field,recover-20221013,001,1795
1029.3555,1029.3938,68437,82059,Rhinolophus ferrumequinum,0.023,0.023,-1,Echolocation,/mnt/ubna_data_02_mir/recover-20221013/UBNA_001/20221012_030000.WAV,Telephone Field,recover-20221013,001,1795
1029.3555,1029.3631,24609,33079,Plecotus austriacus,0.007,0.022,-1,Echolocation,/mnt/ubna_data_02_mir/recover-20221013/UBNA_001/20221012_030000.WAV,Telephone Field,recover-20221013,001,1795
1029.3775,1029.4112,68437,81479,Rhinolophus ferrumequinum,0.021,0.021,-1,Echolocation,/mnt/ubna_data_02_mir/recover-20221013/UBNA_001/20221012_030000.WAV,Telephone Field,recover-20221013,001,1795
1029.3845,1029.4184,68437,81337,Rhinolophus ferrumequinum,0.022,0.022,-1,Echolocation,/mnt/ubna_data_02_mir/recover-20221013/UBNA_001/20221012_030000.WAV,Telephone Field,recover-20221013,001,1795
1029.4245,1029.4638,68437,82538,Rhinolophus ferrumequinum,0.025,0.025,-1,Echolocation,/mnt/ubna_data_02_mir/recover-20221013/UBNA_001/20221012_030000.WAV,Telephone Field,recover-20221013,001,1795
1029.4275,1029.4365,29765,38120,Eptesicus serotinus,0.007,0.021,-1,Echolocation,/mnt/ubna_data_02_mir/recover-20221013/UBNA_001/20221012_030000.WAV,Telephone Field,recover-20221013,001,1795
1029.4415,1029.4504,40078,44703,Pipistrellus nathusii,0.006,0.021,-1,Echolocation,/mnt/ubna_data_02_mir/recover-20221013/UBNA_001/20221012_030000.WAV,Telephone Field,recover-20221013,001,1795
1029.4475,1029.4863,68437,82278,Rhinolophus ferrumequinum,0.023,0.023,-1,Echolocation,/mnt/ubna_data_02_mir/recover-20221013/UBNA_001/20221012_030000.WAV,Telephone Field,recover-20221013,001,1795
1029.4665,1029.4777,22890,28018,Nyctalus leisleri,0.013,0.028,-1,Echolocation,/mnt/ubna_data_02_mir/recover-20221013/UBNA_001/20221012_030000.WAV,Telephone Field,recover-20221013,001,1795
1029.4695,1029.5104,68437,82482,Rhinolophus ferrumequinum,0.023,0.023,-1,Echolocation,/mnt/ubna_data_02_mir/recover-20221013/UBNA_001/20221012_030000.WAV,Telephone Field,recover-20221013,001,1795
1029.4805,1029.5184,68437,81933,Rhinolophus ferrumequinum,0.02,0.021,-1,Echolocation,/mnt/ubna_data_02_mir/recover-20221013/UBNA_001/20221012_030000.WAV,Telephone Field,recover-20221013,001,1795
1029.4995,1029.5416,68437,82712,Rhinolophus ferrumequinum,0.026,0.026,-1,Echolocation,/mnt/ubna_data_02_mir/recover-20221013/UBNA_001/20221012_030000.WAV,Telephone Field,recover-20221013,001,1795
1029.5245,1029.5631,68437,82457,Rhinolophus ferrumequinum,0.021,0.021,-1,Echolocation,/mnt/ubna_data_02_mir/recover-20221013/UBNA_001/20221012_030000.WAV,Telephone Field,recover-20221013,001,1795
1029.5325,1029.5725,68437,82725,Rhinolophus ferrumequinum,0.02,0.02,-1,Echolocation,/mnt/ubna_data_02_mir/recover-20221013/UBNA_001/20221012_030000.WAV,Telephone Field,recover-20221013,001,1795
1029.5415,1029.5802,68437,82564,Rhinolophus ferrumequinum,0.022,0.022,-1,Echolocation,/mnt/ubna_data_02_mir/recover-20221013/UBNA_001/20221012_030000.WAV,Telephone Field,recover-20221013,001,1795
1029.5635,1029.5736,23750,30404,Nyctalus leisleri,0.008,0.023,-1,Echolocation,/mnt/ubna_data_02_mir/recover-20221013/UBNA_001/20221012_030000.WAV,Telephone Field,recover-20221013,001,1795
1029.5685,1029.607,68437,81779,Rhinolophus ferrumequinum,0.023,0.023,-1,Echolocation,/mnt/ubna_data_02_mir/recover-20221013/UBNA_001/20221012_030000.WAV,Telephone Field,recover-20221013,001,1795
1029.5995,1029.6066,28046,39680,Eptesicus serotinus,0.006,0.022,-1,Echolocation,/mnt/ubna_data_02_mir/recover-20221013/UBNA_001/20221012_030000.WAV,Telephone Field,recover-20221013,001,1795
1029.6025,1029.6392,68437,81059,Rhinolophus ferrumequinum,0.021,0.021,-1,Echolocation,/mnt/ubna_data_02_mir/recover-20221013/UBNA_001/20221012_030000.WAV,Telephone Field,recover-20221013,001,1795
1029.6095,1029.642,68437,80826,Rhinolophus ferrumequinum,0.025,0.025,-1,Echolocation,/mnt/ubna_data_02_mir/recover-20221013/UBNA_001/20221012_030000.WAV,Telephone Field,recover-20221013,001,1795
1029.6245,1029.6344,22890,28990,Nyctalus leisleri,0.008,0.021,-1,Echolocation,/mnt/ubna_data_02_mir/recover-20221013/UBNA_001/20221012_030000.WAV,Telephone Field,recover-20221013,001,1795
1029.6305,1029.668,68437,81682,Rhinolophus ferrumequinum,0.021,0.021,-1,Echolocation,/mnt/ubna_data_02_mir/recover-20221013/UBNA_001/20221012_030000.WAV,Telephone Field,recover-20221013,001,1795
1029.6325,1029.6417,23750,31620,Nyctalus leisleri,0.006,0.022,-1,Echolocation,/mnt/ubna_data_02_mir/recover-20221013/UBNA_001/20221012_030000.WAV,Telephone Field,recover-20221013,001,1795
1029.6885,1029.7257,68437,82543,Rhinolophus ferrumequinum,0.028,0.028,-1,Echolocation,/mnt/ubna_data_02_mir/recover-20221013/UBNA_001/20221012_030000.WAV,Telephone Field,recover-20221013,001,1795
1029.6895,1029.6973,23750,32438,Plecotus austriacus,0.013,0.03,-1,Echolocation,/mnt/ubna_data_02_mir/recover-20221013/UBNA_001/20221012_030000.WAV,Telephone Field,recover-20221013,001,1795
1029.7825,1029.8191,68437,81687,Rhinolophus ferrumequinum,0.023,0.023,-1,Echolocation,/mnt/ubna_data_02_mir/recover-20221013/UBNA_001/20221012_030000.WAV,Telephone Field,recover-20221013,001,1795
1029.8005,1029.8078,28906,39149,Eptesicus serotinus,0.008,0.024,-1,Echolocation,/mnt/ubna_data_02_mir/recover-20221013/UBNA_001/20221012_030000.WAV,Telephone Field,recover-20221013,001,1795
1029.8285,1029.8361,28046,39942,Eptesicus serotinus,0.007,0.023,-1,Echolocation,/mnt/ubna_data_02_mir/recover-20221013/UBNA_001/20221012_030000.WAV,Telephone Field,recover-20221013,001,1795
1029.9485,1029.9578,23750,30488,Nyctalus leisleri,0.007,0.021,-1,Echolocation,/mnt/ubna_data_02_mir/recover-20221013/UBNA_001/20221012_030000.WAV,Telephone Field,recover-20221013,001,1795
1029.9555,1029.9643,25468,32480,Nyctalus leisleri,0.007,0.021,-1,Echolocation,/mnt/ubna_data_02_mir/recover-20221013/UBNA_001/20221012_030000.WAV,Telephone Field,recover-20221013,001,1795
1030.0015,1030.0096,25468,34266,Nyctalus leisleri,0.009,0.029,-1,Echolocation,/mnt/ubna_data_02_mir/recover-20221013/UBNA_001/20221012_030000.WAV,Telephone Field,recover-20221013,001,1795
1030.0015,1030.0347,69296,81817,Rhinolophus ferrumequinum,0.023,0.023,-1,Echolocation,/mnt/ubna_data_02_mir/recover-20221013/UBNA_001/20221012_030000.WAV,Telephone Field,recover-20221013,001,1795
1030.0395,1030.0781,68437,82326,Rhinolophus ferrumequinum,0.021,0.021,-1,Echolocation,/mnt/ubna_data_02_mir/recover-20221013/UBNA_001/20221012_030000.WAV,Telephone Field,recover-20221013,001,1795
1030.0625,1030.0997,68437,81959,Rhinolophus ferrumequinum,0.022,0.022,-1,Echolocation,/mnt/ubna_data_02_mir/recover-20221013/UBNA_001/20221012_030000.WAV,Telephone Field,recover-20221013,001,1795
1030.0845,1030.1204,68437,82038,Rhinolophus ferrumequinum,0.023,0.023,-1,Echolocation,/mnt/ubna_data_02_mir/recover-20221013/UBNA_001/20221012_030000.WAV,Telephone Field,recover-20221013,001,1795
1030.0985,1030.1067,26328,36327,Eptesicus serotinus,0.014,0.033,-1,Echolocation,/mnt/ubna_data_02_mir/recover-20221013/UBNA_001/20221012_030000.WAV,Telephone Field,recover-20221013,001,1795
1030.1105,1030.1519,68437,83522,Rhinolophus ferrumequinum,0.034,0.034,-1,Echolocation,/mnt/ubna_data_02_mir/recover-20221013/UBNA_001/20221012_030000.WAV,Telephone Field,recover-20221013,001,1795
1030.1375,1030.1741,68437,81600,Rhinolophus ferrumequinum,0.024,0.024,-1,Echolocation,/mnt/ubna_data_02_mir/recover-20221013/UBNA_001/20221012_030000.WAV,Telephone Field,recover-20221013,001,1795
1030.1615,1030.199,68437,81707,Rhinolophus ferrumequinum,0.021,0.021,-1,Echolocation,/mnt/ubna_data_02_mir/recover-20221013/UBNA_001/20221012_030000.WAV,Telephone Field,recover-20221013,001,1795
1030.1765,1030.215,68437,82172,Rhinolophus ferrumequinum,0.022,0.022,-1,Echolocation,/mnt/ubna_data_02_mir/recover-20221013/UBNA_001/20221012_030000.WAV,Telephone Field,recover-20221013,001,1795
1030.2045,1030.2418,68437,81834,Rhinolophus ferrumequinum,0.023,0.023,-1,Echolocation,/mnt/ubna_data_02_mir/recover-20221013/UBNA_001/20221012_030000.WAV,Telephone Field,recover-20221013,001,1795
1030.2065,1030.214,27187,42517,Eptesicus serotinus,0.007,0.021,-1,Echolocation,/mnt/ubna_data_02_mir/recover-20221013/UBNA_001/20221012_030000.WAV,Telephone Field,recover-20221013,001,1795
1030.2125,1030.2204,28906,39420,Eptesicus serotinus,0.007,0.022,-1,Echolocation,/mnt/ubna_data_02_mir/recover-20221013/UBNA_001/20221012_030000.WAV,Telephone Field,recover-20221013,001,1795
1030.2765,1030.3174,68437,82220,Rhinolophus ferrumequinum,0.021,0.021,-1,Echolocation,/mnt/ubna_data_02_mir/recover-20221013/UBNA_001/20221012_030000.WAV,Telephone Field,recover-20221013,001,1795
1030.2985,1030.3379,68437,82281,Rhinolophus ferrumequinum,0.022,0.022,-1,Echolocation,/mnt/ubna_data_02_mir/recover-20221013/UBNA_001/20221012_030000.WAV,Telephone Field,recover-20221013,001,1795
1030.3685,1030.3808,28046,34350,Eptesicus serotinus,0.015,0.028,-1,Echolocation,/mnt/ubna_data_02_mir/recover-20221013/UBNA_001/20221012_030000.WAV,Telephone Field,recover-20221013,001,1795
1030.3865,1030.3933,38359,48158,Myotis daubentonii,0.008,0.022,-1,Echolocation,/mnt/ubna_data_02_mir/recover-20221013/UBNA_001/20221012_030000.WAV,Telephone Field,recover-20221013,001,1795
1030.3915,1030.4,28046,42800,Eptesicus serotinus,0.008,0.021,-1,Echolocation,/mnt/ubna_data_02_mir/recover-20221013/UBNA_001/20221012_030000.WAV,Telephone Field,recover-20221013,001,1795
1030.4095,1030.4485,68437,82284,Rhinolophus ferrumequinum,0.024,0.024,-1,Echolocation,/mnt/ubna_data_02_mir/recover-20221013/UBNA_001/20221012_030000.WAV,Telephone Field,recover-20221013,001,1795
1030.4415,1030.4821,68437,82526,Rhinolophus ferrumequinum,0.035,0.036,-1,Echolocation,/mnt/ubna_data_02_mir/recover-20221013/UBNA_001/20221012_030000.WAV,Telephone Field,recover-20221013,001,1795
1030.4415,1030.4554,22031,25906,Nyctalus leisleri,0.015,0.025,-1,Echolocation,/mnt/ubna_data_02_mir/recover-20221013/UBNA_001/20221012_030000.WAV,Telephone Field,recover-20221013,001,1795
1030.4665,1030.5031,68437,81976,Rhinolophus ferrumequinum,0.027,0.027,-1,Echolocation,/mnt/ubna_data_02_mir/recover-20221013/UBNA_001/20221012_030000.WAV,Telephone Field,recover-20221013,001,1795
1030.5095,1030.5192,28046,41055,Eptesicus serotinus,0.01,0.022,-1,Echolocation,/mnt/ubna_data_02_mir/recover-20221013/UBNA_001/20221012_030000.WAV,Telephone Field,recover-20221013,001,1795
1030.5435,1030.5517,28046,40480,Eptesicus serotinus,0.008,0.021,-1,Echolocation,/mnt/ubna_data_02_mir/recover-20221013/UBNA_001/20221012_030000.WAV,Telephone Field,recover-20221013,001,1795
1030.5505,1030.5885,68437,82619,Rhinolophus ferrumequinum,0.023,0.023,-1,Echolocation,/mnt/ubna_data_02_mir/recover-20221013/UBNA_001/20221012_030000.WAV,Telephone Field,recover-20221013,001,1795
1030.5735,1030.6098,68437,81001,Rhinolophus ferrumequinum,0.026,0.026,-1,Echolocation,/mnt/ubna_data_02_mir/recover-20221013/UBNA_001/20221012_030000.WAV,Telephone Field,recover-20221013,001,1795
1030.6005,1030.6128,22890,27274,Nyctalus leisleri,0.013,0.024,-1,Echolocation,/mnt/ubna_data_02_mir/recover-20221013/UBNA_001/20221012_030000.WAV,Telephone Field,recover-20221013,001,1795
1030.6245,1030.6341,24609,31200,Nyctalus leisleri,0.007,0.021,-1,Echolocation,/mnt/ubna_data_02_mir/recover-20221013/UBNA_001/20221012_030000.WAV,Telephone Field,recover-20221013,001,1795
1030.6895,1030.6984,24609,32714,Eptesicus serotinus,0.007,0.026,-1,Echolocation,/mnt/ubna_data_02_mir/recover-20221013/UBNA_001/20221012_030000.WAV,Telephone Field,recover-20221013,001,1795
1030.7125,1030.7515,68437,82726,Rhinolophus ferrumequinum,0.023,0.023,-1,Echolocation,/mnt/ubna_data_02_mir/recover-20221013/UBNA_001/20221012_030000.WAV,Telephone Field,recover-20221013,001,1795
1030.7385,1030.7459,27187,38138,Eptesicus serotinus,0.008,0.021,-1,Echolocation,/mnt/ubna_data_02_mir/recover-20221013/UBNA_001/20221012_030000.WAV,Telephone Field,recover-20221013,001,1795
1030.7495,1030.7599,22031,26351,Nyctalus leisleri,0.011,0.021,-1,Echolocation,/mnt/ubna_data_02_mir/recover-20221013/UBNA_001/20221012_030000.WAV,Telephone Field,recover-20221013,001,1795
1030.7655,1030.7786,22890,26992,Nyctalus leisleri,0.015,0.027,-1,Echolocation,/mnt/ubna_data_02_mir/recover-20221013/UBNA_001/20221012_030000.WAV,Telephone Field,recover-20221013,001,1795
1030.7955,1030.8322,68437,82189,Rhinolophus ferrumequinum,0.022,0.022,-1,Echolocation,/mnt/ubna_data_02_mir/recover-20221013/UBNA_001/20221012_030000.WAV,Telephone Field,recover-20221013,001,1795
1030.8015,1030.8391,68437,82390,Rhinolophus ferrumequinum,0.024,0.024,-1,Echolocation,/mnt/ubna_data_02_mir/recover-20221013/UBNA_001/20221012_030000.WAV,Telephone Field,recover-20221013,001,1795
1030.8335,1030.8719,68437,82085,Rhinolophus ferrumequinum,0.021,0.021,-1,Echolocation,/mnt/ubna_data_02_mir/recover-20221013/UBNA_001/20221012_030000.WAV,Telephone Field,recover-20221013,001,1795
1030.9075,1030.9474,68437,82478,Rhinolophus ferrumequinum,0.022,0.022,-1,Echolocation,/mnt/ubna_data_02_mir/recover-20221013/UBNA_001/20221012_030000.WAV,Telephone Field,recover-20221013,001,1795
1030.9165,1030.9244,28046,41199,Eptesicus serotinus,0.008,0.022,-1,Echolocation,/mnt/ubna_data_02_mir/recover-20221013/UBNA_001/20221012_030000.WAV,Telephone Field,recover-20221013,001,1795
1030.9695,1030.9793,24609,31848,Eptesicus serotinus,0.008,0.022,-1,Echolocation,/mnt/ubna_data_02_mir/recover-20221013/UBNA_001/20221012_030000.WAV,Telephone Field,recover-20221013,001,1795
1030.9765,1030.987,46093,50076,Pipistrellus pipistrellus,0.023,0.027,-1,Echolocation,/mnt/ubna_data_02_mir/recover-20221013/UBNA_001/20221012_030000.WAV,Telephone Field,recover-20221013,001,1795
1030.9775,1030.9855,27187,40969,Eptesicus serotinus,0.009,0.026,-1,Echolocation,/mnt/ubna_data_02_mir/recover-20221013/UBNA_001/20221012_030000.WAV,Telephone Field,recover-20221013,001,1795
1030.9985,1031.0101,23750,30543,Nyctalus leisleri,0.013,0.031,-1,Echolocation,/mnt/ubna_data_02_mir/recover-20221013/UBNA_001/20221012_030000.WAV,Telephone Field,recover-20221013,001,1795
1031.0085,1031.0476,68437,82684,Rhinolophus ferrumequinum,0.023,0.023,-1,Echolocation,/mnt/ubna_data_02_mir/recover-20221013/UBNA_001/20221012_030000.WAV,Telephone Field,recover-20221013,001,1795
1031.0305,1031.0711,68437,82666,Rhinolophus ferrumequinum,0.025,0.025,-1,Echolocation,/mnt/ubna_data_02_mir/recover-20221013/UBNA_001/20221012_030000.WAV,Telephone Field,recover-20221013,001,1795
1031.0405,1031.0496,28906,37311,Eptesicus serotinus,0.009,0.021,-1,Echolocation,/mnt/ubna_data_02_mir/recover-20221013/UBNA_001/20221012_030000.WAV,Telephone Field,recover-20221013,001,1795
1031.0915,1031.1017,23750,30719,Nyctalus leisleri,0.008,0.023,-1,Echolocation,/mnt/ubna_data_02_mir/recover-20221013/UBNA_001/20221012_030000.WAV,Telephone Field,recover-20221013,001,1795
1031.1015,1031.1399,68437,81716,Rhinolophus ferrumequinum,0.022,0.022,-1,Echolocation,/mnt/ubna_data_02_mir/recover-20221013/UBNA_001/20221012_030000.WAV,Telephone Field,recover-20221013,001,1795
1031.1345,1031.1423,28046,39899,Eptesicus serotinus,0.007,0.021,-1,Echolocation,/mnt/ubna_data_02_mir/recover-20221013/UBNA_001/20221012_030000.WAV,Telephone Field,recover-20221013,001,1795
1031.1365,1031.1464,22031,27558,Nyctalus leisleri,0.008,0.022,-1,Echolocation,/mnt/ubna_data_02_mir/recover-20221013/UBNA_001/20221012_030000.WAV,Telephone Field,recover-20221013,001,1795
1031.1465,1031.1544,28046,41282,Eptesicus serotinus,0.008,0.024,-1,Echolocation,/mnt/ubna_data_02_mir/recover-20221013/UBNA_001/20221012_030000.WAV,Telephone Field,recover-20221013,001,1795
1031.1515,1031.1917,68437,82851,Rhinolophus ferrumequinum,0.025,0.025,-1,Echolocation,/mnt/ubna_data_02_mir/recover-20221013/UBNA_001/20221012_030000.WAV,Telephone Field,recover-20221013,001,1795
1031.1585,1031.1689,28906,36361,Eptesicus serotinus,0.01,0.025,-1,Echolocation,/mnt/ubna_data_02_mir/recover-20221013/UBNA_001/20221012_030000.WAV,Telephone Field,recover-20221013,001,1795
1031.1935,1031.2306,68437,81776,Rhinolophus ferrumequinum,0.022,0.022,-1,Echolocation,/mnt/ubna_data_02_mir/recover-20221013/UBNA_001/20221012_030000.WAV,Telephone Field,recover-20221013,001,1795
1031.1955,1031.2066,42656,47155,Pipistrellus pipistrellus,0.02,0.024,-1,Echolocation,/mnt/ubna_data_02_mir/recover-20221013/UBNA_001/20221012_030000.WAV,Telephone Field,recover-20221013,001,1795
1031.2185,1031.2258,26328,36424,Eptesicus serotinus,0.009,0.03,-1,Echolocation,/mnt/ubna_data_02_mir/recover-20221013/UBNA_001/20221012_030000.WAV,Telephone Field,recover-20221013,001,1795
1031.2415,1031.2803,68437,82057,Rhinolophus ferrumequinum,0.021,0.021,-1,Echolocation,/mnt/ubna_data_02_mir/recover-20221013/UBNA_001/20221012_030000.WAV,Telephone Field,recover-20221013,001,1795
1031.2425,1031.2516,37500,48518,Myotis brandtii,0.005,0.022,-1,Echolocation,/mnt/ubna_data_02_mir/recover-20221013/UBNA_001/20221012_030000.WAV,Telephone Field,recover-20221013,001,1795
1031.2755,1031.3101,68437,81234,Rhinolophus ferrumequinum,0.022,0.022,-1,Echolocation,/mnt/ubna_data_02_mir/recover-20221013/UBNA_001/20221012_030000.WAV,Telephone Field,recover-20221013,001,1795
1031.2845,1031.2945,23750,30560,Nyctalus leisleri,0.008,0.023,-1,Echolocation,/mnt/ubna_data_02_mir/recover-20221013/UBNA_001/20221012_030000.WAV,Telephone Field,recover-20221013,001,1795
1031.3195,1031.3604,68437,82750,Rhinolophus ferrumequinum,0.032,0.032,-1,Echolocation,/mnt/ubna_data_02_mir/recover-20221013/UBNA_001/20221012_030000.WAV,Telephone Field,recover-20221013,001,1795
1031.3475,1031.3538,24609,34413,Plecotus austriacus,0.011,0.029,-1,Echolocation,/mnt/ubna_data_02_mir/recover-20221013/UBNA_001/20221012_030000.WAV,Telephone Field,recover-20221013,001,1795
1031.3585,1031.3655,34062,42306,Myotis daubentonii,0.008,0.021,-1,Echolocation,/mnt/ubna_data_02_mir/recover-20221013/UBNA_001/20221012_030000.WAV,Telephone Field,recover-20221013,001,1795
1031.3595,1031.3671,27187,40067,Eptesicus serotinus,0.007,0.021,-1,Echolocation,/mnt/ubna_data_02_mir/recover-20221013/UBNA_001/20221012_030000.WAV,Telephone Field,recover-20221013,001,1795
1031.3715,1031.3809,24609,32293,Eptesicus serotinus,0.008,0.021,-1,Echolocation,/mnt/ubna_data_02_mir/recover-20221013/UBNA_001/20221012_030000.WAV,Telephone Field,recover-20221013,001,1795
1031.4295,1031.464,68437,81002,Rhinolophus ferrumequinum,0.021,0.021,-1,Echolocation,/mnt/ubna_data_02_mir/recover-20221013/UBNA_001/20221012_030000.WAV,Telephone Field,recover-20221013,001,1795
1031.4345,1031.4674,68437,81119,Rhinolophus ferrumequinum,0.023,0.023,-1,Echolocation,/mnt/ubna_data_02_mir/recover-20221013/UBNA_001/20221012_030000.WAV,Telephone Field,recover-20221013,001,1795
1031.4355,1031.4444,26328,35066,Eptesicus serotinus,0.014,0.034,-1,Echolocation,/mnt/ubna_data_02_mir/recover-20221013/UBNA_001/20221012_030000.WAV,Telephone Field,recover-20221013,001,1795
1031.4505,1031.4858,68437,81414,Rhinolophus ferrumequinum,0.025,0.025,-1,Echolocation,/mnt/ubna_data_02_mir/recover-20221013/UBNA_001/20221012_030000.WAV,Telephone Field,recover-20221013,001,1795
1031.5065,1031.5466,68437,82721,Rhinolophus ferrumequinum,0.024,0.024,-1,Echolocation,/mnt/ubna_data_02_mir/recover-20221013/UBNA_001/20221012_030000.WAV,Telephone Field,recover-20221013,001,1795
1031.5235,1031.5611,68437,82180,Rhinolophus ferrumequinum,0.024,0.024,-1,Echolocation,/mnt/ubna_data_02_mir/recover-20221013/UBNA_001/20221012_030000.WAV,Telephone Field,recover-20221013,001,1795
1031.5445,1031.5536,28906,37560,Eptesicus serotinus,0.008,0.021,-1,Echolocation,/mnt/ubna_data_02_mir/recover-20221013/UBNA_001/20221012_030000.WAV,Telephone Field,recover-20221013,001,1795
1031.5485,1031.5869,68437,81588,Rhinolophus ferrumequinum,0.022,0.022,-1,Echolocation,/mnt/ubna_data_02_mir/recover-20221013/UBNA_001/20221012_030000.WAV,Telephone Field,recover-20221013,001,1795
1031.5875,1031.6025,23750,29269,Nyctalus leisleri,0.014,0.029,-1,Echolocation,/mnt/ubna_data_02_mir/recover-20221013/UBNA_001/20221012_030000.WAV,Telephone Field,recover-20221013,001,1795
1031.6315,1031.6703,68437,81188,Rhinolophus ferrumequinum,0.025,0.025,-1,Echolocation,/mnt/ubna_data_02_mir/recover-20221013/UBNA_001/20221012_030000.WAV,Telephone Field,recover-20221013,001,1795
1031.6385,1031.6791,68437,81912,Rhinolophus ferrumequinum,0.023,0.023,-1,Echolocation,/mnt/ubna_data_02_mir/recover-20221013/UBNA_001/20221012_030000.WAV,Telephone Field,recover-20221013,001,1795
1031.6735,1031.7129,68437,82134,Rhinolophus ferrumequinum,0.021,0.021,-1,Echolocation,/mnt/ubna_data_02_mir/recover-20221013/UBNA_001/20221012_030000.WAV,Telephone Field,recover-20221013,001,1795
1031.6885,1031.7012,31484,36990,Eptesicus serotinus,0.011,0.028,-1,Echolocation,/mnt/ubna_data_02_mir/recover-20221013/UBNA_001/20221012_030000.WAV,Telephone Field,recover-20221013,001,1795
1031.6975,1031.706,25468,33561,Eptesicus serotinus,0.009,0.024,-1,Echolocation,/mnt/ubna_data_02_mir/recover-20221013/UBNA_001/20221012_030000.WAV,Telephone Field,recover-20221013,001,1795
1031.7095,1031.7496,68437,82315,Rhinolophus ferrumequinum,0.023,0.023,-1,Echolocation,/mnt/ubna_data_02_mir/recover-20221013/UBNA_001/20221012_030000.WAV,Telephone Field,recover-20221013,001,1795
1031.7185,1031.7603,68437,83079,Rhinolophus ferrumequinum,0.036,0.036,-1,Echolocation,/mnt/ubna_data_02_mir/recover-20221013/UBNA_001/20221012_030000.WAV,Telephone Field,recover-20221013,001,1795
1031.7395,1031.7794,68437,82301,Rhinolophus ferrumequinum,0.022,0.022,-1,Echolocation,/mnt/ubna_data_02_mir/recover-20221013/UBNA_001/20221012_030000.WAV,Telephone Field,recover-20221013,001,1795
1031.7435,1031.757,22031,26103,Nyctalus leisleri,0.012,0.025,-1,Echolocation,/mnt/ubna_data_02_mir/recover-20221013/UBNA_001/20221012_030000.WAV,Telephone Field,recover-20221013,001,1795
1031.7655,1031.7774,58125,62819,Pipistrellus pygmaeus,0.05,0.05,-1,Echolocation,/mnt/ubna_data_02_mir/recover-20221013/UBNA_001/20221012_030000.WAV,Telephone Field,recover-20221013,001,1795
1031.7835,1031.8196,68437,82238,Rhinolophus ferrumequinum,0.021,0.021,-1,Echolocation,/mnt/ubna_data_02_mir/recover-20221013/UBNA_001/20221012_030000.WAV,Telephone Field,recover-20221013,001,1795
1031.8025,1031.8429,68437,82961,Rhinolophus ferrumequinum,0.025,0.025,-1,Echolocation,/mnt/ubna_data_02_mir/recover-20221013/UBNA_001/20221012_030000.WAV,Telephone Field,recover-20221013,001,1795
1031.8595,1031.8962,68437,82218,Rhinolophus ferrumequinum,0.021,0.021,-1,Echolocation,/mnt/ubna_data_02_mir/recover-20221013/UBNA_001/20221012_030000.WAV,Telephone Field,recover-20221013,001,1795
1031.8805,1031.8876,27187,37920,Eptesicus serotinus,0.008,0.024,-1,Echolocation,/mnt/ubna_data_02_mir/recover-20221013/UBNA_001/20221012_030000.WAV,Telephone Field,recover-20221013,001,1795
1031.8895,1031.8991,14296,19919,Nyctalus noctula,0.014,0.038,-1,Echolocation,/mnt/ubna_data_02_mir/recover-20221013/UBNA_001/20221012_030000.WAV,Telephone Field,recover-20221013,001,1795
1031.8945,1031.9387,68437,82950,Rhinolophus ferrumequinum,0.04,0.04,-1,Echolocation,/mnt/ubna_data_02_mir/recover-20221013/UBNA_001/20221012_030000.WAV,Telephone Field,recover-20221013,001,1795
1031.9195,1031.9563,68437,81584,Rhinolophus ferrumequinum,0.022,0.023,-1,Echolocation,/mnt/ubna_data_02_mir/recover-20221013/UBNA_001/20221012_030000.WAV,Telephone Field,recover-20221013,001,1795
1031.9585,1031.999,68437,83014,Rhinolophus ferrumequinum,0.025,0.025,-1,Echolocation,/mnt/ubna_data_02_mir/recover-20221013/UBNA_001/20221012_030000.WAV,Telephone Field,recover-20221013,001,1795
1031.9655,1031.976,27187,37134,Eptesicus serotinus,0.012,0.023,-1,Echolocation,/mnt/ubna_data_02_mir/recover-20221013/UBNA_001/20221012_030000.WAV,Telephone Field,recover-20221013,001,1795
1031.9765,1031.9867,25468,32543,Eptesicus serotinus,0.011,0.027,-1,Echolocation,/mnt/ubna_data_02_mir/recover-20221013/UBNA_001/20221012_030000.WAV,Telephone Field,recover-20221013,001,1795
1032.0015,1032.0087,22890,31352,Plecotus austriacus,0.009,0.028,-1,Echolocation,/mnt/ubna_data_02_mir/recover-20221013/UBNA_001/20221012_030000.WAV,Telephone Field,recover-20221013,001,1795
1032.0015,1032.0325,69296,81313,Rhinolophus ferrumequinum,0.044,0.044,-1,Echolocation,/mnt/ubna_data_02_mir/recover-20221013/UBNA_001/20221012_030000.WAV,Telephone Field,recover-20221013,001,1795
1032.0095,1032.0489,68437,81428,Rhinolophus ferrumequinum,0.024,0.024,-1,Echolocation,/mnt/ubna_data_02_mir/recover-20221013/UBNA_001/20221012_030000.WAV,Telephone Field,recover-20221013,001,1795
1032.0335,1032.0441,27187,34762,Eptesicus serotinus,0.019,0.035,-1,Echolocation,/mnt/ubna_data_02_mir/recover-20221013/UBNA_001/20221012_030000.WAV,Telephone Field,recover-20221013,001,1795
1032.0785,1032.0864,25468,33947,Eptesicus serotinus,0.006,0.021,-1,Echolocation,/mnt/ubna_data_02_mir/recover-20221013/UBNA_001/20221012_030000.WAV,Telephone Field,recover-20221013,001,1795
1032.1075,1032.1469,68437,82086,Rhinolophus ferrumequinum,0.02,0.02,-1,Echolocation,/mnt/ubna_data_02_mir/recover-20221013/UBNA_001/20221012_030000.WAV,Telephone Field,recover-20221013,001,1795
1032.1155,1032.1556,68437,82281,Rhinolophus ferrumequinum,0.022,0.022,-1,Echolocation,/mnt/ubna_data_02_mir/recover-20221013/UBNA_001/20221012_030000.WAV,Telephone Field,recover-20221013,001,1795
1032.1275,1032.1678,68437,82848,Rhinolophus ferrumequinum,0.025,0.025,-1,Echolocation,/mnt/ubna_data_02_mir/recover-20221013/UBNA_001/20221012_030000.WAV,Telephone Field,recover-20221013,001,1795
1032.1595,1032.1992,68437,82331,Rhinolophus ferrumequinum,0.026,0.026,-1,Echolocation,/mnt/ubna_data_02_mir/recover-20221013/UBNA_001/20221012_030000.WAV,Telephone Field,recover-20221013,001,1795
1032.1865,1032.2241,68437,82175,Rhinolophus ferrumequinum,0.022,0.022,-1,Echolocation,/mnt/ubna_data_02_mir/recover-20221013/UBNA_001/20221012_030000.WAV,Telephone Field,recover-20221013,001,1795
1032.2025,1032.2409,68437,81930,Rhinolophus ferrumequinum,0.023,0.023,-1,Echolocation,/mnt/ubna_data_02_mir/recover-20221013/UBNA_001/20221012_030000.WAV,Telephone Field,recover-20221013,001,1795
1032.2275,1032.2643,68437,81844,Rhinolophus ferrumequinum,0.021,0.022,-1,Echolocation,/mnt/ubna_data_02_mir/recover-20221013/UBNA_001/20221012_030000.WAV,Telephone Field,recover-20221013,001,1795
1032.2485,1032.2571,24609,32140,Eptesicus serotinus,0.007,0.021,-1,Echolocation,/mnt/ubna_data_02_mir/recover-20221013/UBNA_001/20221012_030000.WAV,Telephone Field,recover-20221013,001,1795
1032.2545,1032.2895,68437,81736,Rhinolophus ferrumequinum,0.021,0.021,-1,Echolocation,/mnt/ubna_data_02_mir/recover-20221013/UBNA_001/20221012_030000.WAV,Telephone Field,recover-20221013,001,1795
1032.2955,1032.3311,68437,81369,Rhinolophus ferrumequinum,0.021,0.021,-1,Echolocation,/mnt/ubna_data_02_mir/recover-20221013/UBNA_001/20221012_030000.WAV,Telephone Field,recover-20221013,001,1795
1032.3055,1032.3434,68437,81530,Rhinolophus ferrumequinum,0.022,0.022,-1,Echolocation,/mnt/ubna_data_02_mir/recover-20221013/UBNA_001/20221012_030000.WAV,Telephone Field,recover-20221013,001,1795
1032.3135,1032.3234,22031,28672,Plecotus austriacus,0.011,0.033,-1,Echolocation,/mnt/ubna_data_02_mir/recover-20221013/UBNA_001/20221012_030000.WAV,Telephone Field,recover-20221013,001,1795
1032.3135,1032.3512,68437,81736,Rhinolophus ferrumequinum,0.021,0.021,-1,Echolocation,/mnt/ubna_data_02_mir/recover-20221013/UBNA_001/20221012_030000.WAV,Telephone Field,recover-20221013,001,1795
1032.3265,1032.3342,28046,42412,Eptesicus serotinus,0.007,0.021,-1,Echolocation,/mnt/ubna_data_02_mir/recover-20221013/UBNA_001/20221012_030000.WAV,Telephone Field,recover-20221013,001,1795
1032.3735,1032.3811,27187,39341,Eptesicus serotinus,0.006,0.021,-1,Echolocation,/mnt/ubna_data_02_mir/recover-20221013/UBNA_001/20221012_030000.WAV,Telephone Field,recover-20221013,001,1795
1032.3835,1032.4217,68437,81517,Rhinolophus ferrumequinum,0.021,0.021,-1,Echolocation,/mnt/ubna_data_02_mir/recover-20221013/UBNA_001/20221012_030000.WAV,Telephone Field,recover-20221013,001,1795
1032.3915,1032.4013,27187,35425,Eptesicus serotinus,0.013,0.028,-1,Echolocation,/mnt/ubna_data_02_mir/recover-20221013/UBNA_001/20221012_030000.WAV,Telephone Field,recover-20221013,001,1795
1032.3925,1032.4311,68437,82448,Rhinolophus ferrumequinum,0.021,0.022,-1,Echolocation,/mnt/ubna_data_02_mir/recover-20221013/UBNA_001/20221012_030000.WAV,Telephone Field,recover-20221013,001,1795
1032.4155,1032.4529,68437,82058,Rhinolophus ferrumequinum,0.022,0.022,-1,Echolocation,/mnt/ubna_data_02_mir/recover-20221013/UBNA_001/20221012_030000.WAV,Telephone Field,recover-20221013,001,1795
1032.4305,1032.4379,28046,39560,Eptesicus serotinus,0.007,0.022,-1,Echolocation,/mnt/ubna_data_02_mir/recover-20221013/UBNA_001/20221012_030000.WAV,Telephone Field,recover-20221013,001,1795
1032.5025,1032.542,68437,81962,Rhinolophus ferrumequinum,0.021,0.021,-1,Echolocation,/mnt/ubna_data_02_mir/recover-20221013/UBNA_001/20221012_030000.WAV,Telephone Field,recover-20221013,001,1795
1032.5255,1032.538,22031,26017,Nyctalus leisleri,0.011,0.021,-1,Echolocation,/mnt/ubna_data_02_mir/recover-20221013/UBNA_001/20221012_030000.WAV,Telephone Field,recover-20221013,001,1795
1032.5315,1032.5708,68437,82394,Rhinolophus ferrumequinum,0.022,0.022,-1,Echolocation,/mnt/ubna_data_02_mir/recover-20221013/UBNA_001/20221012_030000.WAV,Telephone Field,recover-20221013,001,1795
1032.5705,1032.5813,22890,28235,Nyctalus leisleri,0.012,0.028,-1,Echolocation,/mnt/ubna_data_02_mir/recover-20221013/UBNA_001/20221012_030000.WAV,Telephone Field,recover-20221013,001,1795
1032.5835,1032.6222,68437,81946,Rhinolophus ferrumequinum,0.021,0.021,-1,Echolocation,/mnt/ubna_data_02_mir/recover-20221013/UBNA_001/20221012_030000.WAV,Telephone Field,recover-20221013,001,1795
1032.6065,1032.6149,28046,39424,Eptesicus serotinus,0.008,0.021,-1,Echolocation,/mnt/ubna_data_02_mir/recover-20221013/UBNA_001/20221012_030000.WAV,Telephone Field,recover-20221013,001,1795
1032.6505,1032.6603,27187,34825,Eptesicus serotinus,0.011,0.026,-1,Echolocation,/mnt/ubna_data_02_mir/recover-20221013/UBNA_001/20221012_030000.WAV,Telephone Field,recover-20221013,001,1795
1032.6855,1032.6931,28906,40354,Eptesicus serotinus,0.007,0.021,-1,Echolocation,/mnt/ubna_data_02_mir/recover-20221013/UBNA_001/20221012_030000.WAV,Telephone Field,recover-20221013,001,1795
1032.6925,1032.7301,68437,81282,Rhinolophus ferrumequinum,0.021,0.021,-1,Echolocation,/mnt/ubna_data_02_mir/recover-20221013/UBNA_001/20221012_030000.WAV,Telephone Field,recover-20221013,001,1795
1032.6925,1032.7115,15156,20107,Nyctalus noctula,0.014,0.021,-1,Echolocation,/mnt/ubna_data_02_mir/recover-20221013/UBNA_001/20221012_030000.WAV,Telephone Field,recover-20221013,001,1795
1032.7185,1032.7551,68437,81760,Rhinolophus ferrumequinum,0.021,0.021,-1,Echolocation,/mnt/ubna_data_02_mir/recover-20221013/UBNA_001/20221012_030000.WAV,Telephone Field,recover-20221013,001,1795
1032.7905,1032.7993,26328,35284,Eptesicus serotinus,0.009,0.023,-1,Echolocation,/mnt/ubna_data_02_mir/recover-20221013/UBNA_001/20221012_030000.WAV,Telephone Field,recover-20221013,001,1795
1032.8575,1032.8953,68437,81792,Rhinolophus ferrumequinum,0.021,0.021,-1,Echolocation,/mnt/ubna_data_02_mir/recover-20221013/UBNA_001/20221012_030000.WAV,Telephone Field,recover-20221013,001,1795
1032.8775,1032.9131,68437,80894,Rhinolophus ferrumequinum,0.02,0.02,-1,Echolocation,/mnt/ubna_data_02_mir/recover-20221013/UBNA_001/20221012_030000.WAV,Telephone Field,recover-20221013,001,1795
1032.8915,1032.9013,23750,30924,Nyctalus leisleri,0.007,0.026,-1,Echolocation,/mnt/ubna_data_02_mir/recover-20221013/UBNA_001/20221012_030000.WAV,Telephone Field,recover-20221013,001,1795
1032.8985,1032.9068,28046,39785,Eptesicus serotinus,0.008,0.022,-1,Echolocation,/mnt/ubna_data_02_mir/recover-20221013/UBNA_001/20221012_030000.WAV,Telephone Field,recover-20221013,001,1795
1032.9315,1032.9389,23750,32240,Plecotus austriacus,0.01,0.022,-1,Echolocation,/mnt/ubna_data_02_mir/recover-20221013/UBNA_001/20221012_030000.WAV,Telephone Field,recover-20221013,001,1795
1032.9695,1033.0062,68437,81887,Rhinolophus ferrumequinum,0.036,0.036,-1,Echolocation,/mnt/ubna_data_02_mir/recover-20221013/UBNA_001/20221012_030000.WAV,Telephone Field,recover-20221013,001,1795
1032.9765,1032.985,33203,43777,Myotis daubentonii,0.007,0.022,-1,Echolocation,/mnt/ubna_data_02_mir/recover-20221013/UBNA_001/20221012_030000.WAV,Telephone Field,recover-20221013,001,1795
1032.9865,1033.0194,68437,81327,Rhinolophus ferrumequinum,0.02,0.021,-1,Echolocation,/mnt/ubna_data_02_mir/recover-20221013/UBNA_001/20221012_030000.WAV,Telephone Field,recover-20221013,001,1795
1033.0135,1033.0537,68437,82720,Rhinolophus ferrumequinum,0.02,0.021,-1,Echolocation,/mnt/ubna_data_02_mir/recover-20221013/UBNA_001/20221012_030000.WAV,Telephone Field,recover-20221013,001,1795
1033.0475,1033.0855999999999,68437,82038,Rhinolophus ferrumequinum,0.021,0.021,-1,Echolocation,/mnt/ubna_data_02_mir/recover-20221013/UBNA_001/20221012_030000.WAV,Telephone Field,recover-20221013,001,1795
1033.0835,1033.1215,68437,81678,Rhinolophus ferrumequinum,0.025,0.025,-1,Echolocation,/mnt/ubna_data_02_mir/recover-20221013/UBNA_001/20221012_030000.WAV,Telephone Field,recover-20221013,001,1795
1033.0925,1033.1093,19453,23138,Nyctalus leisleri,0.011,0.024,-1,Echolocation,/mnt/ubna_data_02_mir/recover-20221013/UBNA_001/20221012_030000.WAV,Telephone Field,recover-20221013,001,1795
1033.1365,1033.1479,23750,29389,Nyctalus leisleri,0.01,0.023,-1,Echolocation,/mnt/ubna_data_02_mir/recover-20221013/UBNA_001/20221012_030000.WAV,Telephone Field,recover-20221013,001,1795
1033.1455,1033.1533,23750,31224,Plecotus austriacus,0.009,0.021,-1,Echolocation,/mnt/ubna_data_02_mir/recover-20221013/UBNA_001/20221012_030000.WAV,Telephone Field,recover-20221013,001,1795
1033.1555,1033.1945,68437,82386,Rhinolophus ferrumequinum,0.023,0.023,-1,Echolocation,/mnt/ubna_data_02_mir/recover-20221013/UBNA_001/20221012_030000.WAV,Telephone Field,recover-20221013,001,1795
1033.1625,1033.1708,26328,36092,Eptesicus serotinus,0.008,0.021,-1,Echolocation,/mnt/ubna_data_02_mir/recover-20221013/UBNA_001/20221012_030000.WAV,Telephone Field,recover-20221013,001,1795
1033.1695,1033.1784,29765,37227,Eptesicus serotinus,0.008,0.022,-1,Echolocation,/mnt/ubna_data_02_mir/recover-20221013/UBNA_001/20221012_030000.WAV,Telephone Field,recover-20221013,001,1795
1033.1985,1033.2381,68437,81775,Rhinolophus ferrumequinum,0.02,0.02,-1,Echolocation,/mnt/ubna_data_02_mir/recover-20221013/UBNA_001/20221012_030000.WAV,Telephone Field,recover-20221013,001,1795
1033.2035,1033.2109,28046,40701,Eptesicus serotinus,0.006,0.021,-1,Echolocation,/mnt/ubna_data_02_mir/recover-20221013/UBNA_001/20221012_030000.WAV,Telephone Field,recover-20221013,001,1795
1033.2235,1033.2603,68437,82264,Rhinolophus ferrumequinum,0.02,0.02,-1,Echolocation,/mnt/ubna_data_02_mir/recover-20221013/UBNA_001/20221012_030000.WAV,Telephone Field,recover-20221013,001,1795
1033.2405,1033.2473,28046,38928,Eptesicus serotinus,0.006,0.022,-1,Echolocation,/mnt/ubna_data_02_mir/recover-20221013/UBNA_001/20221012_030000.WAV,Telephone Field,recover-20221013,001,1795
1033.3305,1033.3673,68437,81370,Rhinolophus ferrumequinum,0.021,0.021,-1,Echolocation,/mnt/ubna_data_02_mir/recover-20221013/UBNA_001/20221012_030000.WAV,Telephone Field,recover-20221013,001,1795
1033.3525,1033.3638,28906,35842,Eptesicus serotinus,0.012,0.026,-1,Echolocation,/mnt/ubna_data_02_mir/recover-20221013/UBNA_001/20221012_030000.WAV,Telephone Field,recover-20221013,001,1795
1033.3745,1033.3832,28906,37754,Eptesicus serotinus,0.008,0.021,-1,Echolocation,/mnt/ubna_data_02_mir/recover-20221013/UBNA_001/20221012_030000.WAV,Telephone Field,recover-20221013,001,1795
1033.3755,1033.4133,68437,82288,Rhinolophus ferrumequinum,0.021,0.021,-1,Echolocation,/mnt/ubna_data_02_mir/recover-20221013/UBNA_001/20221012_030000.WAV,Telephone Field,recover-20221013,001,1795
1033.4195,1033.46,68437,82070,Rhinolophus ferrumequinum,0.026,0.026,-1,Echolocation,/mnt/ubna_data_02_mir/recover-20221013/UBNA_001/20221012_030000.WAV,Telephone Field,recover-20221013,001,1795
1033.4305,1033.4422,24609,30285,Nyctalus leisleri,0.011,0.025,-1,Echolocation,/mnt/ubna_data_02_mir/recover-20221013/UBNA_001/20221012_030000.WAV,Telephone Field,recover-20221013,001,1795
1033.4755,1033.4834,28046,41377,Eptesicus serotinus,0.007,0.022,-1,Echolocation,/mnt/ubna_data_02_mir/recover-20221013/UBNA_001/20221012_030000.WAV,Telephone Field,recover-20221013,001,1795
1033.4895,1033.5249,68437,81526,Rhinolophus ferrumequinum,0.023,0.023,-1,Echolocation,/mnt/ubna_data_02_mir/recover-20221013/UBNA_001/20221012_030000.WAV,Telephone Field,recover-20221013,001,1795
1033.5535,1033.5603,28046,42136,Eptesicus serotinus,0.007,0.029,-1,Echolocation,/mnt/ubna_data_02_mir/recover-20221013/UBNA_001/20221012_030000.WAV,Telephone Field,recover-20221013,001,1795
1033.6055,1033.6392,68437,80436,Rhinolophus ferrumequinum,0.02,0.02,-1,Echolocation,/mnt/ubna_data_02_mir/recover-20221013/UBNA_001/20221012_030000.WAV,Telephone Field,recover-20221013,001,1795
1033.6185,1033.6289,22890,27440,Nyctalus leisleri,0.012,0.024,-1,Echolocation,/mnt/ubna_data_02_mir/recover-20221013/UBNA_001/20221012_030000.WAV,Telephone Field,recover-20221013,001,1795
1033.6225,1033.6601,68437,81475,Rhinolophus ferrumequinum,0.024,0.024,-1,Echolocation,/mnt/ubna_data_02_mir/recover-20221013/UBNA_001/20221012_030000.WAV,Telephone Field,recover-20221013,001,1795
1033.6875,1033.7002,22890,27008,Nyctalus leisleri,0.013,0.023,-1,Echolocation,/mnt/ubna_data_02_mir/recover-20221013/UBNA_001/20221012_030000.WAV,Telephone Field,recover-20221013,001,1795
1033.7005,1033.708,25468,34543,Eptesicus serotinus,0.005,0.021,-1,Echolocation,/mnt/ubna_data_02_mir/recover-20221013/UBNA_001/20221012_030000.WAV,Telephone Field,recover-20221013,001,1795
1033.7175,1033.7531,68437,82069,Rhinolophus ferrumequinum,0.024,0.024,-1,Echolocation,/mnt/ubna_data_02_mir/recover-20221013/UBNA_001/20221012_030000.WAV,Telephone Field,recover-20221013,001,1795
1033.7265,1033.7345,25468,34541,Eptesicus serotinus,0.007,0.021,-1,Echolocation,/mnt/ubna_data_02_mir/recover-20221013/UBNA_001/20221012_030000.WAV,Telephone Field,recover-20221013,001,1795
1033.7435,1033.7785,68437,80487,Rhinolophus ferrumequinum,0.022,0.023,-1,Echolocation,/mnt/ubna_data_02_mir/recover-20221013/UBNA_001/20221012_030000.WAV,Telephone Field,recover-20221013,001,1795
1033.7755,1033.782,26328,40733,Eptesicus serotinus,0.005,0.024,-1,Echolocation,/mnt/ubna_data_02_mir/recover-20221013/UBNA_001/20221012_030000.WAV,Telephone Field,recover-20221013,001,1795
1033.8065,1033.8214,21171,23915,Nyctalus leisleri,0.015,0.023,-1,Echolocation,/mnt/ubna_data_02_mir/recover-20221013/UBNA_001/20221012_030000.WAV,Telephone Field,recover-20221013,001,1795
1033.8215,1033.86,68437,82085,Rhinolophus ferrumequinum,0.025,0.025,-1,Echolocation,/mnt/ubna_data_02_mir/recover-20221013/UBNA_001/20221012_030000.WAV,Telephone Field,recover-20221013,001,1795
1033.8255,1033.8328,28046,39931,Eptesicus serotinus,0.007,0.023,-1,Echolocation,/mnt/ubna_data_02_mir/recover-20221013/UBNA_001/20221012_030000.WAV,Telephone Field,recover-20221013,001,1795
1033.8625,1033.8987,68437,80599,Rhinolophus ferrumequinum,0.032,0.032,-1,Echolocation,/mnt/ubna_data_02_mir/recover-20221013/UBNA_001/20221012_030000.WAV,Telephone Field,recover-20221013,001,1795
1033.8745,1033.8841,28046,36311,Eptesicus serotinus,0.01,0.023,-1,Echolocation,/mnt/ubna_data_02_mir/recover-20221013/UBNA_001/20221012_030000.WAV,Telephone Field,recover-20221013,001,1795
1033.8835,1033.9189,68437,81906,Rhinolophus ferrumequinum,0.023,0.023,-1,Echolocation,/mnt/ubna_data_02_mir/recover-20221013/UBNA_001/20221012_030000.WAV,Telephone Field,recover-20221013,001,1795
1033.8915,1033.9276,68437,80878,Rhinolophus ferrumequinum,0.022,0.022,-1,Echolocation,/mnt/ubna_data_02_mir/recover-20221013/UBNA_001/20221012_030000.WAV,Telephone Field,recover-20221013,001,1795
1033.9545,1033.9943,68437,82193,Rhinolophus ferrumequinum,0.021,0.021,-1,Echolocation,/mnt/ubna_data_02_mir/recover-20221013/UBNA_001/20221012_030000.WAV,Telephone Field,recover-20221013,001,1795
1034.0015,1034.034,69296,81169,Rhinolophus ferrumequinum,0.03,0.03,-1,Echolocation,/mnt/ubna_data_02_mir/recover-20221013/UBNA_001/20221012_030000.WAV,Telephone Field,recover-20221013,001,1795
1034.0015,1034.0104,26328,36201,Eptesicus serotinus,0.006,0.025,-1,Echolocation,/mnt/ubna_data_02_mir/recover-20221013/UBNA_001/20221012_030000.WAV,Telephone Field,recover-20221013,001,1795
1034.0365,1034.0756,68437,82131,Rhinolophus ferrumequinum,0.022,0.022,-1,Echolocation,/mnt/ubna_data_02_mir/recover-20221013/UBNA_001/20221012_030000.WAV,Telephone Field,recover-20221013,001,1795
1034.0405,1034.0508,22890,28288,Nyctalus leisleri,0.013,0.032,-1,Echolocation,/mnt/ubna_data_02_mir/recover-20221013/UBNA_001/20221012_030000.WAV,Telephone Field,recover-20221013,001,1795
1034.0435,1034.0828,68437,82164,Rhinolophus ferrumequinum,0.024,0.024,-1,Echolocation,/mnt/ubna_data_02_mir/recover-20221013/UBNA_001/20221012_030000.WAV,Telephone Field,recover-20221013,001,1795
1034.0635,1034.1005,68437,81732,Rhinolophus ferrumequinum,0.021,0.021,-1,Echolocation,/mnt/ubna_data_02_mir/recover-20221013/UBNA_001/20221012_030000.WAV,Telephone Field,recover-20221013,001,1795
1034.0885,1034.0957,26328,38043,Eptesicus serotinus,0.006,0.023,-1,Echolocation,/mnt/ubna_data_02_mir/recover-20221013/UBNA_001/20221012_030000.WAV,Telephone Field,recover-20221013,001,1795
1034.1005,1034.1408,68437,83126,Rhinolophus ferrumequinum,0.025,0.025,-1,Echolocation,/mnt/ubna_data_02_mir/recover-20221013/UBNA_001/20221012_030000.WAV,Telephone Field,recover-20221013,001,1795
1034.1135,1034.1226,28046,36973,Eptesicus serotinus,0.009,0.023,-1,Echolocation,/mnt/ubna_data_02_mir/recover-20221013/UBNA_001/20221012_030000.WAV,Telephone Field,recover-20221013,001,1795
1034.1225,1034.1617,68437,82765,Rhinolophus ferrumequinum,0.022,0.022,-1,Echolocation,/mnt/ubna_data_02_mir/recover-20221013/UBNA_001/20221012_030000.WAV,Telephone Field,recover-20221013,001,1795
1034.1505,1034.1586,28046,38512,Eptesicus serotinus,0.007,0.021,-1,Echolocation,/mnt/ubna_data_02_mir/recover-20221013/UBNA_001/20221012_030000.WAV,Telephone Field,recover-20221013,001,1795
1034.1725,1034.2128,68437,82456,Rhinolophus ferrumequinum,0.026,0.026,-1,Echolocation,/mnt/ubna_data_02_mir/recover-20221013/UBNA_001/20221012_030000.WAV,Telephone Field,recover-20221013,001,1795
1034.1925,1034.2345,68437,82409,Rhinolophus ferrumequinum,0.022,0.022,-1,Echolocation,/mnt/ubna_data_02_mir/recover-20221013/UBNA_001/20221012_030000.WAV,Telephone Field,recover-20221013,001,1795
1034.2135,1034.2519,68437,82049,Rhinolophus ferrumequinum,0.022,0.022,-1,Echolocation,/mnt/ubna_data_02_mir/recover-20221013/UBNA_001/20221012_030000.WAV,Telephone Field,recover-20221013,001,1795
1034.2375,1034.2748,68437,82275,Rhinolophus ferrumequinum,0.022,0.022,-1,Echolocation,/mnt/ubna_data_02_mir/recover-20221013/UBNA_001/20221012_030000.WAV,Telephone Field,recover-20221013,001,1795
1034.2655,1034.2994,68437,81355,Rhinolophus ferrumequinum,0.024,0.024,-1,Echolocation,/mnt/ubna_data_02_mir/recover-20221013/UBNA_001/20221012_030000.WAV,Telephone Field,recover-20221013,001,1795
1034.2975,1034.3058,29765,46451,Myotis daubentonii,0.008,0.02,-1,Echolocation,/mnt/ubna_data_02_mir/recover-20221013/UBNA_001/20221012_030000.WAV,Telephone Field,recover-20221013,001,1795
1034.2985,1034.3395,68437,82919,Rhinolophus ferrumequinum,0.037,0.037,-1,Echolocation,/mnt/ubna_data_02_mir/recover-20221013/UBNA_001/20221012_030000.WAV,Telephone Field,recover-20221013,001,1795
1034.3165,1034.3563,68437,82401,Rhinolophus ferrumequinum,0.021,0.021,-1,Echolocation,/mnt/ubna_data_02_mir/recover-20221013/UBNA_001/20221012_030000.WAV,Telephone Field,recover-20221013,001,1795
1034.3305,1034.3386,49531,56206,Pipistrellus pipistrellus,0.017,0.023,-1,Echolocation,/mnt/ubna_data_02_mir/recover-20221013/UBNA_001/20221012_030000.WAV,Telephone Field,recover-20221013,001,1795
1034.3315,1034.3396,23750,32477,Plecotus austriacus,0.008,0.023,-1,Echolocation,/mnt/ubna_data_02_mir/recover-20221013/UBNA_001/20221012_030000.WAV,Telephone Field,recover-20221013,001,1795
1034.3505,1034.392,68437,82121,Rhinolophus ferrumequinum,0.024,0.024,-1,Echolocation,/mnt/ubna_data_02_mir/recover-20221013/UBNA_001/20221012_030000.WAV,Telephone Field,recover-20221013,001,1795
1034.4065,1034.4154,28906,36529,Eptesicus serotinus,0.007,0.021,-1,Echolocation,/mnt/ubna_data_02_mir/recover-20221013/UBNA_001/20221012_030000.WAV,Telephone Field,recover-20221013,001,1795
1034.4205,1034.4607,68437,82746,Rhinolophus ferrumequinum,0.028,0.028,-1,Echolocation,/mnt/ubna_data_02_mir/recover-20221013/UBNA_001/20221012_030000.WAV,Telephone Field,recover-20221013,001,1795
1034.4305,1034.4402,22031,27834,Nyctalus leisleri,0.008,0.023,-1,Echolocation,/mnt/ubna_data_02_mir/recover-20221013/UBNA_001/20221012_030000.WAV,Telephone Field,recover-20221013,001,1795
1034.4385,1034.4723,68437,80716,Rhinolophus ferrumequinum,0.021,0.021,-1,Echolocation,/mnt/ubna_data_02_mir/recover-20221013/UBNA_001/20221012_030000.WAV,Telephone Field,recover-20221013,001,1795
1034.5005,1034.5089,28906,37524,Eptesicus serotinus,0.007,0.023,-1,Echolocation,/mnt/ubna_data_02_mir/recover-20221013/UBNA_001/20221012_030000.WAV,Telephone Field,recover-20221013,001,1795
1034.5215,1034.5313,22031,27571,Plecotus austriacus,0.008,0.021,-1,Echolocation,/mnt/ubna_data_02_mir/recover-20221013/UBNA_001/20221012_030000.WAV,Telephone Field,recover-20221013,001,1795
1034.5245,1034.5662,68437,82656,Rhinolophus ferrumequinum,0.025,0.025,-1,Echolocation,/mnt/ubna_data_02_mir/recover-20221013/UBNA_001/20221012_030000.WAV,Telephone Field,recover-20221013,001,1795
1034.6195,1034.6268,27187,37706,Eptesicus serotinus,0.006,0.02,-1,Echolocation,/mnt/ubna_data_02_mir/recover-20221013/UBNA_001/20221012_030000.WAV,Telephone Field,recover-20221013,001,1795
1034.6485,1034.6857,68437,81675,Rhinolophus ferrumequinum,0.021,0.021,-1,Echolocation,/mnt/ubna_data_02_mir/recover-20221013/UBNA_001/20221012_030000.WAV,Telephone Field,recover-20221013,001,1795
1034.6635,1034.6708,28046,39477,Eptesicus serotinus,0.008,0.027,-1,Echolocation,/mnt/ubna_data_02_mir/recover-20221013/UBNA_001/20221012_030000.WAV,Telephone Field,recover-20221013,001,1795
1034.6945,1034.734,68437,82384,Rhinolophus ferrumequinum,0.022,0.022,-1,Echolocation,/mnt/ubna_data_02_mir/recover-20221013/UBNA_001/20221012_030000.WAV,Telephone Field,recover-20221013,001,1795
1034.7365,1034.7759,68437,82767,Rhinolophus ferrumequinum,0.026,0.026,-1,Echolocation,/mnt/ubna_data_02_mir/recover-20221013/UBNA_001/20221012_030000.WAV,Telephone Field,recover-20221013,001,1795
1034.7585,1034.7976,68437,82137,Rhinolophus ferrumequinum,0.022,0.022,-1,Echolocation,/mnt/ubna_data_02_mir/recover-20221013/UBNA_001/20221012_030000.WAV,Telephone Field,recover-20221013,001,1795
1034.7875,1034.8243,68437,81422,Rhinolophus ferrumequinum,0.022,0.022,-1,Echolocation,/mnt/ubna_data_02_mir/recover-20221013/UBNA_001/20221012_030000.WAV,Telephone Field,recover-20221013,001,1795
1034.7915,1034.802,47812,52277,Pipistrellus pipistrellus,0.02,0.023,-1,Echolocation,/mnt/ubna_data_02_mir/recover-20221013/UBNA_001/20221012_030000.WAV,Telephone Field,recover-20221013,001,1795
1034.7935,1034.8021,28046,41819,Eptesicus serotinus,0.008,0.022,-1,Echolocation,/mnt/ubna_data_02_mir/recover-20221013/UBNA_001/20221012_030000.WAV,Telephone Field,recover-20221013,001,1795
1034.7945,1034.8299,68437,81004,Rhinolophus ferrumequinum,0.023,0.023,-1,Echolocation,/mnt/ubna_data_02_mir/recover-20221013/UBNA_001/20221012_030000.WAV,Telephone Field,recover-20221013,001,1795
1034.8165,1034.8257,22031,27740,Plecotus austriacus,0.008,0.021,-1,Echolocation,/mnt/ubna_data_02_mir/recover-20221013/UBNA_001/20221012_030000.WAV,Telephone Field,recover-20221013,001,1795
1034.8265,1034.836,43515,46645,Pipistrellus pipistrellus,0.023,0.026,-1,Echolocation,/mnt/ubna_data_02_mir/recover-20221013/UBNA_001/20221012_030000.WAV,Telephone Field,recover-20221013,001,1795
1034.8445,1034.8824,68437,82015,Rhinolophus ferrumequinum,0.02,0.02,-1,Echolocation,/mnt/ubna_data_02_mir/recover-20221013/UBNA_001/20221012_030000.WAV,Telephone Field,recover-20221013,001,1795
1034.8495,1034.8871,68437,81901,Rhinolophus ferrumequinum,0.02,0.02,-1,Echolocation,/mnt/ubna_data_02_mir/recover-20221013/UBNA_001/20221012_030000.WAV,Telephone Field,recover-20221013,001,1795
1034.9025,1034.9169,19453,23969,Nyctalus noctula,0.009,0.02,-1,Echolocation,/mnt/ubna_data_02_mir/recover-20221013/UBNA_001/20221012_030000.WAV,Telephone Field,recover-20221013,001,1795
1034.9035,1034.9415,68437,81305,Rhinolophus ferrumequinum,0.026,0.026,-1,Echolocation,/mnt/ubna_data_02_mir/recover-20221013/UBNA_001/20221012_030000.WAV,Telephone Field,recover-20221013,001,1795
1034.9465,1034.9816,68437,81793,Rhinolophus ferrumequinum,0.021,0.021,-1,Echolocation,/mnt/ubna_data_02_mir/recover-20221013/UBNA_001/20221012_030000.WAV,Telephone Field,recover-20221013,001,1795
1035.0345,1035.0448,28046,35830,Eptesicus serotinus,0.013,0.03,-1,Echolocation,/mnt/ubna_data_02_mir/recover-20221013/UBNA_001/20221012_030000.WAV,Telephone Field,recover-20221013,001,1795
1035.0775,1035.1132,68437,81336,Rhinolophus ferrumequinum,0.021,0.021,-1,Echolocation,/mnt/ubna_data_02_mir/recover-20221013/UBNA_001/20221012_030000.WAV,Telephone Field,recover-20221013,001,1795
1035.2295,1035.2691,68437,82890,Rhinolophus ferrumequinum,0.04,0.04,-1,Echolocation,/mnt/ubna_data_02_mir/recover-20221013/UBNA_001/20221012_030000.WAV,Telephone Field,recover-20221013,001,1795
1035.2785,1035.3164,68437,81862,Rhinolophus ferrumequinum,0.023,0.023,-1,Echolocation,/mnt/ubna_data_02_mir/recover-20221013/UBNA_001/20221012_030000.WAV,Telephone Field,recover-20221013,001,1795
1035.3175,1035.3549,68437,81479,Rhinolophus ferrumequinum,0.021,0.021,-1,Echolocation,/mnt/ubna_data_02_mir/recover-20221013/UBNA_001/20221012_030000.WAV,Telephone Field,recover-20221013,001,1795
1035.3585,1035.398,68437,82266,Rhinolophus ferrumequinum,0.022,0.022,-1,Echolocation,/mnt/ubna_data_02_mir/recover-20221013/UBNA_001/20221012_030000.WAV,Telephone Field,recover-20221013,001,1795
1035.3825,1035.42,68437,82416,Rhinolophus ferrumequinum,0.022,0.022,-1,Echolocation,/mnt/ubna_data_02_mir/recover-20221013/UBNA_001/20221012_030000.WAV,Telephone Field,recover-20221013,001,1795
1035.4025,1035.4404,68437,82664,Rhinolophus ferrumequinum,0.022,0.022,-1,Echolocation,/mnt/ubna_data_02_mir/recover-20221013/UBNA_001/20221012_030000.WAV,Telephone Field,recover-20221013,001,1795
1035.4285,1035.4708,68437,82759,Rhinolophus ferrumequinum,0.021,0.021,-1,Echolocation,/mnt/ubna_data_02_mir/recover-20221013/UBNA_001/20221012_030000.WAV,Telephone Field,recover-20221013,001,1795
1035.4285,1035.4377,28906,38768,Eptesicus serotinus,0.008,0.021,-1,Echolocation,/mnt/ubna_data_02_mir/recover-20221013/UBNA_001/20221012_030000.WAV,Telephone Field,recover-20221013,001,1795
1035.4415,1035.4809,68437,82561,Rhinolophus ferrumequinum,0.021,0.021,-1,Echolocation,/mnt/ubna_data_02_mir/recover-20221013/UBNA_001/20221012_030000.WAV,Telephone Field,recover-20221013,001,1795
1035.4645,1035.5004,68437,81686,Rhinolophus ferrumequinum,0.022,0.022,-1,Echolocation,/mnt/ubna_data_02_mir/recover-20221013/UBNA_001/20221012_030000.WAV,Telephone Field,recover-20221013,001,1795
1035.5015,1035.5407,68437,82661,Rhinolophus ferrumequinum,0.02,0.021,-1,Echolocation,/mnt/ubna_data_02_mir/recover-20221013/UBNA_001/20221012_030000.WAV,Telephone Field,recover-20221013,001,1795
1035.5465,1035.5855,68437,81972,Rhinolophus ferrumequinum,0.022,0.022,-1,Echolocation,/mnt/ubna_data_02_mir/recover-20221013/UBNA_001/20221012_030000.WAV,Telephone Field,recover-20221013,001,1795
1035.5835,1035.6232,68437,82218,Rhinolophus ferrumequinum,0.022,0.022,-1,Echolocation,/mnt/ubna_data_02_mir/recover-20221013/UBNA_001/20221012_030000.WAV,Telephone Field,recover-20221013,001,1795
1035.5935,1035.6027,28906,37570,Eptesicus serotinus,0.007,0.02,-1,Echolocation,/mnt/ubna_data_02_mir/recover-20221013/UBNA_001/20221012_030000.WAV,Telephone Field,recover-20221013,001,1795
1035.6825,1035.722,68437,82352,Rhinolophus ferrumequinum,0.025,0.025,-1,Echolocation,/mnt/ubna_data_02_mir/recover-20221013/UBNA_001/20221012_030000.WAV,Telephone Field,recover-20221013,001,1795
1035.6945,1035.7337,68437,82303,Rhinolophus ferrumequinum,0.022,0.022,-1,Echolocation,/mnt/ubna_data_02_mir/recover-20221013/UBNA_001/20221012_030000.WAV,Telephone Field,recover-20221013,001,1795
1035.7045,1035.7145,28906,36777,Eptesicus serotinus,0.008,0.022,-1,Echolocation,/mnt/ubna_data_02_mir/recover-20221013/UBNA_001/20221012_030000.WAV,Telephone Field,recover-20221013,001,1795
1035.7275,1035.7645,68437,81673,Rhinolophus ferrumequinum,0.021,0.021,-1,Echolocation,/mnt/ubna_data_02_mir/recover-20221013/UBNA_001/20221012_030000.WAV,Telephone Field,recover-20221013,001,1795
1035.7515,1035.7879,68437,81138,Rhinolophus ferrumequinum,0.023,0.023,-1,Echolocation,/mnt/ubna_data_02_mir/recover-20221013/UBNA_001/20221012_030000.WAV,Telephone Field,recover-20221013,001,1795
1035.7815,1035.8039,19453,22129,Nyctalus leisleri,0.011,0.024,-1,Echolocation,/mnt/ubna_data_02_mir/recover-20221013/UBNA_001/20221012_030000.WAV,Telephone Field,recover-20221013,001,1795
1035.7825,1035.8248,68437,82459,Rhinolophus ferrumequinum,0.026,0.026,-1,Echolocation,/mnt/ubna_data_02_mir/recover-20221013/UBNA_001/20221012_030000.WAV,Telephone Field,recover-20221013,001,1795
1035.8085,1035.8435,68437,81233,Rhinolophus ferrumequinum,0.02,0.021,-1,Echolocation,/mnt/ubna_data_02_mir/recover-20221013/UBNA_001/20221012_030000.WAV,Telephone Field,recover-20221013,001,1795
1035.8445,1035.8796,68437,81162,Rhinolophus ferrumequinum,0.027,0.027,-1,Echolocation,/mnt/ubna_data_02_mir/recover-20221013/UBNA_001/20221012_030000.WAV,Telephone Field,recover-20221013,001,1795
1035.8585,1035.8965,68437,82069,Rhinolophus ferrumequinum,0.021,0.021,-1,Echolocation,/mnt/ubna_data_02_mir/recover-20221013/UBNA_001/20221012_030000.WAV,Telephone Field,recover-20221013,001,1795
1035.8665,1035.905,68437,82327,Rhinolophus ferrumequinum,0.022,0.022,-1,Echolocation,/mnt/ubna_data_02_mir/recover-20221013/UBNA_001/20221012_030000.WAV,Telephone Field,recover-20221013,001,1795
1035.9565,1035.9932,68437,81470,Rhinolophus ferrumequinum,0.023,0.023,-1,Echolocation,/mnt/ubna_data_02_mir/recover-20221013/UBNA_001/20221012_030000.WAV,Telephone Field,recover-20221013,001,1795
1035.9855,1035.9933,27187,37884,Eptesicus serotinus,0.006,0.02,-1,Echolocation,/mnt/ubna_data_02_mir/recover-20221013/UBNA_001/20221012_030000.WAV,Telephone Field,recover-20221013,001,1795
1036.0015,1036.0095,26328,35833,Nyctalus leisleri,0.008,0.03,-1,Echolocation,/mnt/ubna_data_02_mir/recover-20221013/UBNA_001/20221012_030000.WAV,Telephone Field,recover-20221013,001,1795
1036.0015,1036.0302,70156,82037,Rhinolophus ferrumequinum,0.021,0.021,-1,Echolocation,/mnt/ubna_data_02_mir/recover-20221013/UBNA_001/20221012_030000.WAV,Telephone Field,recover-20221013,001,1795
1036.0325,1036.0704,68437,82033,Rhinolophus ferrumequinum,0.021,0.021,-1,Echolocation,/mnt/ubna_data_02_mir/recover-20221013/UBNA_001/20221012_030000.WAV,Telephone Field,recover-20221013,001,1795
1036.0685,1036.1044,68437,81177,Rhinolophus ferrumequinum,0.022,0.022,-1,Echolocation,/mnt/ubna_data_02_mir/recover-20221013/UBNA_001/20221012_030000.WAV,Telephone Field,recover-20221013,001,1795
1036.0755,1036.1138,68437,82025,Rhinolophus ferrumequinum,0.023,0.023,-1,Echolocation,/mnt/ubna_data_02_mir/recover-20221013/UBNA_001/20221012_030000.WAV,Telephone Field,recover-20221013,001,1795
1036.0985,1036.1058,27187,36355,Eptesicus serotinus,0.007,0.021,-1,Echolocation,/mnt/ubna_data_02_mir/recover-20221013/UBNA_001/20221012_030000.WAV,Telephone Field,recover-20221013,001,1795
1036.1115,1036.1492,68437,81731,Rhinolophus ferrumequinum,0.021,0.021,-1,Echolocation,/mnt/ubna_data_02_mir/recover-20221013/UBNA_001/20221012_030000.WAV,Telephone Field,recover-20221013,001,1795
1036.1305,1036.1681,68437,82246,Rhinolophus ferrumequinum,0.02,0.02,-1,Echolocation,/mnt/ubna_data_02_mir/recover-20221013/UBNA_001/20221012_030000.WAV,Telephone Field,recover-20221013,001,1795
1036.1355,1036.1458,23750,29187,Nyctalus leisleri,0.011,0.024,-1,Echolocation,/mnt/ubna_data_02_mir/recover-20221013/UBNA_001/20221012_030000.WAV,Telephone Field,recover-20221013,001,1795
1036.1545,1036.196,68437,82596,Rhinolophus ferrumequinum,0.023,0.023,-1,Echolocation,/mnt/ubna_data_02_mir/recover-20221013/UBNA_001/20221012_030000.WAV,Telephone Field,recover-20221013,001,1795
1036.1935,1036.2007,26328,38806,Eptesicus serotinus,0.006,0.02,-1,Echolocation,/mnt/ubna_data_02_mir/recover-20221013/UBNA_001/20221012_030000.WAV,Telephone Field,recover-20221013,001,1795
1036.2105,1036.2266,22031,25431,Nyctalus leisleri,0.022,0.035,-1,Echolocation,/mnt/ubna_data_02_mir/recover-20221013/UBNA_001/20221012_030000.WAV,Telephone Field,recover-20221013,001,1795
1036.2145,1036.2517,68437,81516,Rhinolophus ferrumequinum,0.021,0.021,-1,Echolocation,/mnt/ubna_data_02_mir/recover-20221013/UBNA_001/20221012_030000.WAV,Telephone Field,recover-20221013,001,1795
1036.2705,1036.2812,24609,30620,Nyctalus leisleri,0.008,0.021,-1,Echolocation,/mnt/ubna_data_02_mir/recover-20221013/UBNA_001/20221012_030000.WAV,Telephone Field,recover-20221013,001,1795
1036.2905,1036.301,22890,27852,Nyctalus leisleri,0.013,0.026,-1,Echolocation,/mnt/ubna_data_02_mir/recover-20221013/UBNA_001/20221012_030000.WAV,Telephone Field,recover-20221013,001,1795
1036.3855,1036.4215,68437,82082,Rhinolophus ferrumequinum,0.023,0.023,-1,Echolocation,/mnt/ubna_data_02_mir/recover-20221013/UBNA_001/20221012_030000.WAV,Telephone Field,recover-20221013,001,1795
1036.3915,1036.4264,68437,82110,Rhinolophus ferrumequinum,0.02,0.02,-1,Echolocation,/mnt/ubna_data_02_mir/recover-20221013/UBNA_001/20221012_030000.WAV,Telephone Field,recover-20221013,001,1795
1036.4485,1036.4869,68437,82223,Rhinolophus ferrumequinum,0.021,0.021,-1,Echolocation,/mnt/ubna_data_02_mir/recover-20221013/UBNA_001/20221012_030000.WAV,Telephone Field,recover-20221013,001,1795
1036.4555,1036.4982,68437,82930,Rhinolophus ferrumequinum,0.02,0.02,-1,Echolocation,/mnt/ubna_data_02_mir/recover-20221013/UBNA_001/20221012_030000.WAV,Telephone Field,recover-20221013,001,1795
1036.4575,1036.4628,38359,62749,Myotis mystacinus,0.01,0.028,-1,Echolocation,/mnt/ubna_data_02_mir/recover-20221013/UBNA_001/20221012_030000.WAV,Telephone Field,recover-20221013,001,1795
1036.4625,1036.4705,26328,35954,Eptesicus serotinus,0.009,0.026,-1,Echolocation,/mnt/ubna_data_02_mir/recover-20221013/UBNA_001/20221012_030000.WAV,Telephone Field,recover-20221013,001,1795
1036.4745,1036.5104,68437,82077,Rhinolophus ferrumequinum,0.02,0.02,-1,Echolocation,/mnt/ubna_data_02_mir/recover-20221013/UBNA_001/20221012_030000.WAV,Telephone Field,recover-20221013,001,1795
1036.5035,1036.5109,28046,37535,Eptesicus serotinus,0.006,0.02,-1,Echolocation,/mnt/ubna_data_02_mir/recover-20221013/UBNA_001/20221012_030000.WAV,Telephone Field,recover-20221013,001,1795
1036.5055,1036.5451,68437,82449,Rhinolophus ferrumequinum,0.021,0.021,-1,Echolocation,/mnt/ubna_data_02_mir/recover-20221013/UBNA_001/20221012_030000.WAV,Telephone Field,recover-20221013,001,1795
1036.5355,1036.5437,25468,37047,Eptesicus serotinus,0.006,0.021,-1,Echolocation,/mnt/ubna_data_02_mir/recover-20221013/UBNA_001/20221012_030000.WAV,Telephone Field,recover-20221013,001,1795
1036.5825,1036.5904,26328,36050,Eptesicus serotinus,0.007,0.021,-1,Echolocation,/mnt/ubna_data_02_mir/recover-20221013/UBNA_001/20221012_030000.WAV,Telephone Field,recover-20221013,001,1795
1036.6025,1036.6133,22890,28779,Nyctalus leisleri,0.009,0.021,-1,Echolocation,/mnt/ubna_data_02_mir/recover-20221013/UBNA_001/20221012_030000.WAV,Telephone Field,recover-20221013,001,1795
1036.6625,1036.7032,68437,82307,Rhinolophus ferrumequinum,0.024,0.024,-1,Echolocation,/mnt/ubna_data_02_mir/recover-20221013/UBNA_001/20221012_030000.WAV,Telephone Field,recover-20221013,001,1795
1036.6725,1036.7118,68437,81940,Rhinolophus ferrumequinum,0.022,0.022,-1,Echolocation,/mnt/ubna_data_02_mir/recover-20221013/UBNA_001/20221012_030000.WAV,Telephone Field,recover-20221013,001,1795
1036.6945,1036.7343,68437,82205,Rhinolophus ferrumequinum,0.02,0.02,-1,Echolocation,/mnt/ubna_data_02_mir/recover-20221013/UBNA_001/20221012_030000.WAV,Telephone Field,recover-20221013,001,1795
1036.7175,1036.7274,21171,26234,Nyctalus leisleri,0.008,0.023,-1,Echolocation,/mnt/ubna_data_02_mir/recover-20221013/UBNA_001/20221012_030000.WAV,Telephone Field,recover-20221013,001,1795
1036.7345,1036.7717,68437,81334,Rhinolophus ferrumequinum,0.021,0.021,-1,Echolocation,/mnt/ubna_data_02_mir/recover-20221013/UBNA_001/20221012_030000.WAV,Telephone Field,recover-20221013,001,1795
1036.7485,1036.7865,68437,82582,Rhinolophus ferrumequinum,0.022,0.022,-1,Echolocation,/mnt/ubna_data_02_mir/recover-20221013/UBNA_001/20221012_030000.WAV,Telephone Field,recover-20221013,001,1795
1036.7605,1036.7695,23750,31594,Plecotus austriacus,0.008,0.031,-1,Echolocation,/mnt/ubna_data_02_mir/recover-20221013/UBNA_001/20221012_030000.WAV,Telephone Field,recover-20221013,001,1795
1036.7805,1036.8158,68437,80814,Rhinolophus ferrumequinum,0.02,0.02,-1,Echolocation,/mnt/ubna_data_02_mir/recover-20221013/UBNA_001/20221012_030000.WAV,Telephone Field,recover-20221013,001,1795
1036.8015,1036.809,24609,34182,Plecotus austriacus,0.01,0.031,-1,Echolocation,/mnt/ubna_data_02_mir/recover-20221013/UBNA_001/20221012_030000.WAV,Telephone Field,recover-20221013,001,1795
1036.8215,1036.8582,68437,81076,Rhinolophus ferrumequinum,0.021,0.021,-1,Echolocation,/mnt/ubna_data_02_mir/recover-20221013/UBNA_001/20221012_030000.WAV,Telephone Field,recover-20221013,001,1795
1036.8305,1036.8361,29765,60886,Myotis daubentonii,0.009,0.023,-1,Echolocation,/mnt/ubna_data_02_mir/recover-20221013/UBNA_001/20221012_030000.WAV,Telephone Field,recover-20221013,001,1795
1036.8305,1036.8355999999999,39218,53215,Myotis bechsteinii,0.005,0.024,-1,Echolocation,/mnt/ubna_data_02_mir/recover-20221013/UBNA_001/20221012_030000.WAV,Telephone Field,recover-20221013,001,1795
1036.8605,1036.8964,68437,81620,Rhinolophus ferrumequinum,0.02,0.02,-1,Echolocation,/mnt/ubna_data_02_mir/recover-20221013/UBNA_001/20221012_030000.WAV,Telephone Field,recover-20221013,001,1795
1036.8985,1036.938,68437,82286,Rhinolophus ferrumequinum,0.03,0.03,-1,Echolocation,/mnt/ubna_data_02_mir/recover-20221013/UBNA_001/20221012_030000.WAV,Telephone Field,recover-20221013,001,1795
1036.9715,1037.0134,68437,82804,Rhinolophus ferrumequinum,0.022,0.022,-1,Echolocation,/mnt/ubna_data_02_mir/recover-20221013/UBNA_001/20221012_030000.WAV,Telephone Field,recover-20221013,001,1795
1037.0025,1037.0104,23750,31507,Plecotus austriacus,0.008,0.02,-1,Echolocation,/mnt/ubna_data_02_mir/recover-20221013/UBNA_001/20221012_030000.WAV,Telephone Field,recover-20221013,001,1795
1037.0165,1037.0577,68437,82227,Rhinolophus ferrumequinum,0.025,0.025,-1,Echolocation,/mnt/ubna_data_02_mir/recover-20221013/UBNA_001/20221012_030000.WAV,Telephone Field,recover-20221013,001,1795
1037.0995,1037.1074,28046,40362,Eptesicus serotinus,0.007,0.023,-1,Echolocation,/mnt/ubna_data_02_mir/recover-20221013/UBNA_001/20221012_030000.WAV,Telephone Field,recover-20221013,001,1795
1037.1355,1037.1779,68437,83369,Rhinolophus ferrumequinum,0.039,0.039,-1,Echolocation,/mnt/ubna_data_02_mir/recover-20221013/UBNA_001/20221012_030000.WAV,Telephone Field,recover-20221013,001,1795
1037.1405,1037.1483,28046,40807,Eptesicus serotinus,0.008,0.023,-1,Echolocation,/mnt/ubna_data_02_mir/recover-20221013/UBNA_001/20221012_030000.WAV,Telephone Field,recover-20221013,001,1795
1037.2235,1037.2616,68437,82098,Rhinolophus ferrumequinum,0.02,0.021,-1,Echolocation,/mnt/ubna_data_02_mir/recover-20221013/UBNA_001/20221012_030000.WAV,Telephone Field,recover-20221013,001,1795
1037.2325,1037.2402,24609,33509,Plecotus austriacus,0.006,0.024,-1,Echolocation,/mnt/ubna_data_02_mir/recover-20221013/UBNA_001/20221012_030000.WAV,Telephone Field,recover-20221013,001,1795
1037.2395,1037.2569,40078,43471,Pipistrellus nathusii,0.157,0.182,-1,Echolocation,/mnt/ubna_data_02_mir/recover-20221013/UBNA_001/20221012_030000.WAV,Telephone Field,recover-20221013,001,1795
1037.2635,1037.2975,68437,81163,Rhinolophus ferrumequinum,0.023,0.023,-1,Echolocation,/mnt/ubna_data_02_mir/recover-20221013/UBNA_001/20221012_030000.WAV,Telephone Field,recover-20221013,001,1795
1037.2855,1037.2923,50390,55607,Pipistrellus pipistrellus,0.022,0.024,-1,Echolocation,/mnt/ubna_data_02_mir/recover-20221013/UBNA_001/20221012_030000.WAV,Telephone Field,recover-20221013,001,1795
1037.3105,1037.3166,37500,46170,Myotis daubentonii,0.008,0.022,-1,Echolocation,/mnt/ubna_data_02_mir/recover-20221013/UBNA_001/20221012_030000.WAV,Telephone Field,recover-20221013,001,1795
1037.3325,1037.3403,28046,40388,Eptesicus serotinus,0.008,0.022,-1,Echolocation,/mnt/ubna_data_02_mir/recover-20221013/UBNA_001/20221012_030000.WAV,Telephone Field,recover-20221013,001,1795
1037.3405,1037.3765,68437,81530,Rhinolophus ferrumequinum,0.021,0.021,-1,Echolocation,/mnt/ubna_data_02_mir/recover-20221013/UBNA_001/20221012_030000.WAV,Telephone Field,recover-20221013,001,1795
1037.3795,1037.3884,28046,38244,Eptesicus serotinus,0.008,0.022,-1,Echolocation,/mnt/ubna_data_02_mir/recover-20221013/UBNA_001/20221012_030000.WAV,Telephone Field,recover-20221013,001,1795
1037.4005,1037.4109,24609,30790,Eptesicus serotinus,0.008,0.022,-1,Echolocation,/mnt/ubna_data_02_mir/recover-20221013/UBNA_001/20221012_030000.WAV,Telephone Field,recover-20221013,001,1795
1037.4065,1037.445,68437,81624,Rhinolophus ferrumequinum,0.02,0.02,-1,Echolocation,/mnt/ubna_data_02_mir/recover-20221013/UBNA_001/20221012_030000.WAV,Telephone Field,recover-20221013,001,1795
1037.4385,1037.4794,68437,82351,Rhinolophus ferrumequinum,0.02,0.02,-1,Echolocation,/mnt/ubna_data_02_mir/recover-20221013/UBNA_001/20221012_030000.WAV,Telephone Field,recover-20221013,001,1795
1037.4525,1037.46,23750,31918,Plecotus austriacus,0.008,0.021,-1,Echolocation,/mnt/ubna_data_02_mir/recover-20221013/UBNA_001/20221012_030000.WAV,Telephone Field,recover-20221013,001,1795
1037.4665,1037.4746,27187,38933,Eptesicus serotinus,0.007,0.02,-1,Echolocation,/mnt/ubna_data_02_mir/recover-20221013/UBNA_001/20221012_030000.WAV,Telephone Field,recover-20221013,001,1795
1037.4835,1037.5236,68437,82559,Rhinolophus ferrumequinum,0.023,0.023,-1,Echolocation,/mnt/ubna_data_02_mir/recover-20221013/UBNA_001/20221012_030000.WAV,Telephone Field,recover-20221013,001,1795
1037.5075,1037.5176,22890,28635,Nyctalus leisleri,0.009,0.022,-1,Echolocation,/mnt/ubna_data_02_mir/recover-20221013/UBNA_001/20221012_030000.WAV,Telephone Field,recover-20221013,001,1795
1037.5255,1037.5623,68437,82732,Rhinolophus ferrumequinum,0.026,0.026,-1,Echolocation,/mnt/ubna_data_02_mir/recover-20221013/UBNA_001/20221012_030000.WAV,Telephone Field,recover-20221013,001,1795
1037.5605,1037.5795,20312,23453,Nyctalus leisleri,0.016,0.025,-1,Echolocation,/mnt/ubna_data_02_mir/recover-20221013/UBNA_001/20221012_030000.WAV,Telephone Field,recover-20221013,001,1795
1037.6425,1037.6488,26328,38211,Eptesicus serotinus,0.006,0.026,-1,Echolocation,/mnt/ubna_data_02_mir/recover-20221013/UBNA_001/20221012_030000.WAV,Telephone Field,recover-20221013,001,1795
1037.6485,1037.6906,68437,82741,Rhinolophus ferrumequinum,0.028,0.028,-1,Echolocation,/mnt/ubna_data_02_mir/recover-20221013/UBNA_001/20221012_030000.WAV,Telephone Field,recover-20221013,001,1795
1037.6735,1037.7129,68437,82026,Rhinolophus ferrumequinum,0.023,0.023,-1,Echolocation,/mnt/ubna_data_02_mir/recover-20221013/UBNA_001/20221012_030000.WAV,Telephone Field,recover-20221013,001,1795
1037.6855,1037.6947,27187,36048,Eptesicus serotinus,0.009,0.021,-1,Echolocation,/mnt/ubna_data_02_mir/recover-20221013/UBNA_001/20221012_030000.WAV,Telephone Field,recover-20221013,001,1795
1037.7525,1037.791,68437,82031,Rhinolophus ferrumequinum,0.021,0.021,-1,Echolocation,/mnt/ubna_data_02_mir/recover-20221013/UBNA_001/20221012_030000.WAV,Telephone Field,recover-20221013,001,1795
1037.7585,1037.7974,68437,82212,Rhinolophus ferrumequinum,0.022,0.022,-1,Echolocation,/mnt/ubna_data_02_mir/recover-20221013/UBNA_001/20221012_030000.WAV,Telephone Field,recover-20221013,001,1795
1037.7875,1037.795,27187,42591,Eptesicus serotinus,0.007,0.021,-1,Echolocation,/mnt/ubna_data_02_mir/recover-20221013/UBNA_001/20221012_030000.WAV,Telephone Field,recover-20221013,001,1795
1037.8155,1037.823,28046,41423,Eptesicus serotinus,0.006,0.02,-1,Echolocation,/mnt/ubna_data_02_mir/recover-20221013/UBNA_001/20221012_030000.WAV,Telephone Field,recover-20221013,001,1795
1037.8665,1037.9012,68437,82131,Rhinolophus ferrumequinum,0.022,0.022,-1,Echolocation,/mnt/ubna_data_02_mir/recover-20221013/UBNA_001/20221012_030000.WAV,Telephone Field,recover-20221013,001,1795
1037.8745,1037.9112,68437,82052,Rhinolophus ferrumequinum,0.02,0.02,-1,Echolocation,/mnt/ubna_data_02_mir/recover-20221013/UBNA_001/20221012_030000.WAV,Telephone Field,recover-20221013,001,1795
1037.8875,1037.929,68437,82766,Rhinolophus ferrumequinum,0.023,0.023,-1,Echolocation,/mnt/ubna_data_02_mir/recover-20221013/UBNA_001/20221012_030000.WAV,Telephone Field,recover-20221013,001,1795
1037.9125,1037.9193,23750,32891,Plecotus austriacus,0.013,0.026,-1,Echolocation,/mnt/ubna_data_02_mir/recover-20221013/UBNA_001/20221012_030000.WAV,Telephone Field,recover-20221013,001,1795
1037.9255,1037.9618,68437,82320,Rhinolophus ferrumequinum,0.02,0.02,-1,Echolocation,/mnt/ubna_data_02_mir/recover-20221013/UBNA_001/20221012_030000.WAV,Telephone Field,recover-20221013,001,1795
1037.9375,1037.9782,68437,82177,Rhinolophus ferrumequinum,0.021,0.021,-1,Echolocation,/mnt/ubna_data_02_mir/recover-20221013/UBNA_001/20221012_030000.WAV,Telephone Field,recover-20221013,001,1795
1037.9465,1037.9574,44375,49758,Pipistrellus pipistrellus,0.017,0.024,-1,Echolocation,/mnt/ubna_data_02_mir/recover-20221013/UBNA_001/20221012_030000.WAV,Telephone Field,recover-20221013,001,1795
1037.9475,1037.9614,22890,26688,Nyctalus leisleri,0.023,0.041,-1,Echolocation,/mnt/ubna_data_02_mir/recover-20221013/UBNA_001/20221012_030000.WAV,Telephone Field,recover-20221013,001,1795
1037.9845,1037.9927,27187,36605,Eptesicus serotinus,0.008,0.023,-1,Echolocation,/mnt/ubna_data_02_mir/recover-20221013/UBNA_001/20221012_030000.WAV,Telephone Field,recover-20221013,001,1795
1038.0015,1038.0339,69296,81877,Rhinolophus ferrumequinum,0.022,0.022,-1,Echolocation,/mnt/ubna_data_02_mir/recover-20221013/UBNA_001/20221012_030000.WAV,Telephone Field,recover-20221013,001,1795
1038.0535,1038.091,68437,82267,Rhinolophus ferrumequinum,0.024,0.024,-1,Echolocation,/mnt/ubna_data_02_mir/recover-20221013/UBNA_001/20221012_030000.WAV,Telephone Field,recover-20221013,001,1795
1038.0575,1038.0684,23750,30265,Nyctalus leisleri,0.01,0.025,-1,Echolocation,/mnt/ubna_data_02_mir/recover-20221013/UBNA_001/20221012_030000.WAV,Telephone Field,recover-20221013,001,1795
1038.0705,1038.0804,27187,34604,Eptesicus serotinus,0.012,0.026,-1,Echolocation,/mnt/ubna_data_02_mir/recover-20221013/UBNA_001/20221012_030000.WAV,Telephone Field,recover-20221013,001,1795
1038.0785,1038.1194,68437,82979,Rhinolophus ferrumequinum,0.03,0.03,-1,Echolocation,/mnt/ubna_data_02_mir/recover-20221013/UBNA_001/20221012_030000.WAV,Telephone Field,recover-20221013,001,1795
1038.1315,1038.1677,68437,81159,Rhinolophus ferrumequinum,0.024,0.024,-1,Echolocation,/mnt/ubna_data_02_mir/recover-20221013/UBNA_001/20221012_030000.WAV,Telephone Field,recover-20221013,001,1795
1038.1355,1038.1445,27187,38030,Eptesicus serotinus,0.008,0.021,-1,Echolocation,/mnt/ubna_data_02_mir/recover-20221013/UBNA_001/20221012_030000.WAV,Telephone Field,recover-20221013,001,1795
1038.1725,1038.1788,26328,50815,Myotis nattereri,0.008,0.023,-1,Echolocation,/mnt/ubna_data_02_mir/recover-20221013/UBNA_001/20221012_030000.WAV,Telephone Field,recover-20221013,001,1795
1038.1725,1038.2088,68437,82226,Rhinolophus ferrumequinum,0.026,0.026,-1,Echolocation,/mnt/ubna_data_02_mir/recover-20221013/UBNA_001/20221012_030000.WAV,Telephone Field,recover-20221013,001,1795
1038.1735,1038.1783,35781,56684,Myotis daubentonii,0.007,0.022,-1,Echolocation,/mnt/ubna_data_02_mir/recover-20221013/UBNA_001/20221012_030000.WAV,Telephone Field,recover-20221013,001,1795
1038.2105,1038.2308,18593,21350,Nyctalus noctula,0.012,0.024,-1,Echolocation,/mnt/ubna_data_02_mir/recover-20221013/UBNA_001/20221012_030000.WAV,Telephone Field,recover-20221013,001,1795
1038.2165,1038.2547,68437,82342,Rhinolophus ferrumequinum,0.024,0.024,-1,Echolocation,/mnt/ubna_data_02_mir/recover-20221013/UBNA_001/20221012_030000.WAV,Telephone Field,recover-20221013,001,1795
1038.2255,1038.2323,26328,35902,Eptesicus serotinus,0.007,0.028,-1,Echolocation,/mnt/ubna_data_02_mir/recover-20221013/UBNA_001/20221012_030000.WAV,Telephone Field,recover-20221013,001,1795
1038.2645,1038.3051,68437,82195,Rhinolophus ferrumequinum,0.028,0.028,-1,Echolocation,/mnt/ubna_data_02_mir/recover-20221013/UBNA_001/20221012_030000.WAV,Telephone Field,recover-20221013,001,1795
1038.3025,1038.3455,68437,83212,Rhinolophus ferrumequinum,0.038,0.038,-1,Echolocation,/mnt/ubna_data_02_mir/recover-20221013/UBNA_001/20221012_030000.WAV,Telephone Field,recover-20221013,001,1795
1038.3285,1038.3669,68437,82096,Rhinolophus ferrumequinum,0.024,0.024,-1,Echolocation,/mnt/ubna_data_02_mir/recover-20221013/UBNA_001/20221012_030000.WAV,Telephone Field,recover-20221013,001,1795
1038.3495,1038.3873,68437,81705,Rhinolophus ferrumequinum,0.022,0.022,-1,Echolocation,/mnt/ubna_data_02_mir/recover-20221013/UBNA_001/20221012_030000.WAV,Telephone Field,recover-20221013,001,1795
1038.3715,1038.4116,68437,82143,Rhinolophus ferrumequinum,0.024,0.024,-1,Echolocation,/mnt/ubna_data_02_mir/recover-20221013/UBNA_001/20221012_030000.WAV,Telephone Field,recover-20221013,001,1795
1038.3925,1038.4293,68437,82489,Rhinolophus ferrumequinum,0.032,0.032,-1,Echolocation,/mnt/ubna_data_02_mir/recover-20221013/UBNA_001/20221012_030000.WAV,Telephone Field,recover-20221013,001,1795
1038.3945,1038.402,25468,36936,Eptesicus serotinus,0.005,0.025,-1,Echolocation,/mnt/ubna_data_02_mir/recover-20221013/UBNA_001/20221012_030000.WAV,Telephone Field,recover-20221013,001,1795
1038.4155,1038.4564,68437,83165,Rhinolophus ferrumequinum,0.028,0.028,-1,Echolocation,/mnt/ubna_data_02_mir/recover-20221013/UBNA_001/20221012_030000.WAV,Telephone Field,recover-20221013,001,1795
1038.4335,1038.471,68437,82352,Rhinolophus ferrumequinum,0.021,0.021,-1,Echolocation,/mnt/ubna_data_02_mir/recover-20221013/UBNA_001/20221012_030000.WAV,Telephone Field,recover-20221013,001,1795
1038.4355,1038.4438,28046,38055,Eptesicus serotinus,0.008,0.022,-1,Echolocation,/mnt/ubna_data_02_mir/recover-20221013/UBNA_001/20221012_030000.WAV,Telephone Field,recover-20221013,001,1795
1038.4395,1038.4505,22031,25974,Nyctalus leisleri,0.013,0.022,-1,Echolocation,/mnt/ubna_data_02_mir/recover-20221013/UBNA_001/20221012_030000.WAV,Telephone Field,recover-20221013,001,1795
1038.4475,1038.4678,19453,22288,Nyctalus leisleri,0.013,0.022,-1,Echolocation,/mnt/ubna_data_02_mir/recover-20221013/UBNA_001/20221012_030000.WAV,Telephone Field,recover-20221013,001,1795
1038.4585,1038.4987,68437,82284,Rhinolophus ferrumequinum,0.021,0.021,-1,Echolocation,/mnt/ubna_data_02_mir/recover-20221013/UBNA_001/20221012_030000.WAV,Telephone Field,recover-20221013,001,1795
1038.4605,1038.4698,26328,34918,Eptesicus serotinus,0.009,0.022,-1,Echolocation,/mnt/ubna_data_02_mir/recover-20221013/UBNA_001/20221012_030000.WAV,Telephone Field,recover-20221013,001,1795
1038.4935,1038.503,26328,34839,Eptesicus serotinus,0.012,0.027,-1,Echolocation,/mnt/ubna_data_02_mir/recover-20221013/UBNA_001/20221012_030000.WAV,Telephone Field,recover-20221013,001,1795
1038.5135,1038.5546,68437,83063,Rhinolophus ferrumequinum,0.025,0.025,-1,Echolocation,/mnt/ubna_data_02_mir/recover-20221013/UBNA_001/20221012_030000.WAV,Telephone Field,recover-20221013,001,1795
1038.5335,1038.5747,68437,83035,Rhinolophus ferrumequinum,0.025,0.025,-1,Echolocation,/mnt/ubna_data_02_mir/recover-20221013/UBNA_001/20221012_030000.WAV,Telephone Field,recover-20221013,001,1795
1038.5345,1038.5426,27187,40946,Eptesicus serotinus,0.007,0.023,-1,Echolocation,/mnt/ubna_data_02_mir/recover-20221013/UBNA_001/20221012_030000.WAV,Telephone Field,recover-20221013,001,1795
1038.5535,1038.5944,68437,82490,Rhinolophus ferrumequinum,0.023,0.023,-1,Echolocation,/mnt/ubna_data_02_mir/recover-20221013/UBNA_001/20221012_030000.WAV,Telephone Field,recover-20221013,001,1795
1038.5675,1038.6027,68437,81771,Rhinolophus ferrumequinum,0.022,0.022,-1,Echolocation,/mnt/ubna_data_02_mir/recover-20221013/UBNA_001/20221012_030000.WAV,Telephone Field,recover-20221013,001,1795
1038.5915,1038.5977,23750,33130,Plecotus austriacus,0.012,0.026,-1,Echolocation,/mnt/ubna_data_02_mir/recover-20221013/UBNA_001/20221012_030000.WAV,Telephone Field,recover-20221013,001,1795
1038.6025,1038.6407,68437,82097,Rhinolophus ferrumequinum,0.022,0.022,-1,Echolocation,/mnt/ubna_data_02_mir/recover-20221013/UBNA_001/20221012_030000.WAV,Telephone Field,recover-20221013,001,1795
1038.6285,1038.6358,23750,32326,Plecotus austriacus,0.012,0.028,-1,Echolocation,/mnt/ubna_data_02_mir/recover-20221013/UBNA_001/20221012_030000.WAV,Telephone Field,recover-20221013,001,1795
1038.6535,1038.6651,23750,29102,Nyctalus leisleri,0.015,0.032,-1,Echolocation,/mnt/ubna_data_02_mir/recover-20221013/UBNA_001/20221012_030000.WAV,Telephone Field,recover-20221013,001,1795
1038.6825,1038.7227,68437,82584,Rhinolophus ferrumequinum,0.025,0.025,-1,Echolocation,/mnt/ubna_data_02_mir/recover-20221013/UBNA_001/20221012_030000.WAV,Telephone Field,recover-20221013,001,1795
1038.6925,1038.6997,49531,56762,Pipistrellus pipistrellus,0.021,0.024,-1,Echolocation,/mnt/ubna_data_02_mir/recover-20221013/UBNA_001/20221012_030000.WAV,Telephone Field,recover-20221013,001,1795
1038.7265,1038.7657,68437,82009,Rhinolophus ferrumequinum,0.028,0.028,-1,Echolocation,/mnt/ubna_data_02_mir/recover-20221013/UBNA_001/20221012_030000.WAV,Telephone Field,recover-20221013,001,1795
1038.7355,1038.7716,68437,81217,Rhinolophus ferrumequinum,0.024,0.024,-1,Echolocation,/mnt/ubna_data_02_mir/recover-20221013/UBNA_001/20221012_030000.WAV,Telephone Field,recover-20221013,001,1795
1038.7625,1038.7705,28046,37791,Eptesicus serotinus,0.007,0.023,-1,Echolocation,/mnt/ubna_data_02_mir/recover-20221013/UBNA_001/20221012_030000.WAV,Telephone Field,recover-20221013,001,1795
1038.7625,1038.802,68437,82757,Rhinolophus ferrumequinum,0.022,0.022,-1,Echolocation,/mnt/ubna_data_02_mir/recover-20221013/UBNA_001/20221012_030000.WAV,Telephone Field,recover-20221013,001,1795
1038.8045,1038.8417,68437,82072,Rhinolophus ferrumequinum,0.034,0.034,-1,Echolocation,/mnt/ubna_data_02_mir/recover-20221013/UBNA_001/20221012_030000.WAV,Telephone Field,recover-20221013,001,1795
1038.8145,1038.8227,23750,31716,Plecotus austriacus,0.01,0.026,-1,Echolocation,/mnt/ubna_data_02_mir/recover-20221013/UBNA_001/20221012_030000.WAV,Telephone Field,recover-20221013,001,1795
1038.8345,1038.8736,68437,81806,Rhinolophus ferrumequinum,0.024,0.024,-1,Echolocation,/mnt/ubna_data_02_mir/recover-20221013/UBNA_001/20221012_030000.WAV,Telephone Field,recover-20221013,001,1795
1038.8365,1038.8452,22890,29555,Plecotus austriacus,0.007,0.021,-1,Echolocation,/mnt/ubna_data_02_mir/recover-20221013/UBNA_001/20221012_030000.WAV,Telephone Field,recover-20221013,001,1795
1038.8455,1038.8844,68437,82048,Rhinolophus ferrumequinum,0.022,0.022,-1,Echolocation,/mnt/ubna_data_02_mir/recover-20221013/UBNA_001/20221012_030000.WAV,Telephone Field,recover-20221013,001,1795
1038.8795,1038.8909,23750,29025,Nyctalus leisleri,0.013,0.026,-1,Echolocation,/mnt/ubna_data_02_mir/recover-20221013/UBNA_001/20221012_030000.WAV,Telephone Field,recover-20221013,001,1795
1038.9125,1038.9227,44375,49670,Pipistrellus pipistrellus,0.019,0.023,-1,Echolocation,/mnt/ubna_data_02_mir/recover-20221013/UBNA_001/20221012_030000.WAV,Telephone Field,recover-20221013,001,1795
1038.9145,1038.9505,68437,81003,Rhinolophus ferrumequinum,0.024,0.024,-1,Echolocation,/mnt/ubna_data_02_mir/recover-20221013/UBNA_001/20221012_030000.WAV,Telephone Field,recover-20221013,001,1795
1038.9305,1038.9665,68437,81662,Rhinolophus ferrumequinum,0.024,0.024,-1,Echolocation,/mnt/ubna_data_02_mir/recover-20221013/UBNA_001/20221012_030000.WAV,Telephone Field,recover-20221013,001,1795
1038.9745,1039.0142,68437,82715,Rhinolophus ferrumequinum,0.024,0.024,-1,Echolocation,/mnt/ubna_data_02_mir/recover-20221013/UBNA_001/20221012_030000.WAV,Telephone Field,recover-20221013,001,1795
1038.9915,1039.0294,68437,81536,Rhinolophus ferrumequinum,0.029,0.029,-1,Echolocation,/mnt/ubna_data_02_mir/recover-20221013/UBNA_001/20221012_030000.WAV,Telephone Field,recover-20221013,001,1795
1039.0395,1039.0788,68437,82066,Rhinolophus ferrumequinum,0.022,0.022,-1,Echolocation,/mnt/ubna_data_02_mir/recover-20221013/UBNA_001/20221012_030000.WAV,Telephone Field,recover-20221013,001,1795
1039.0475,1039.0537,24609,38794,Plecotus austriacus,0.01,0.031,-1,Echolocation,/mnt/ubna_data_02_mir/recover-20221013/UBNA_001/20221012_030000.WAV,Telephone Field,recover-20221013,001,1795
1039.0935,1039.104,22890,27205,Nyctalus leisleri,0.013,0.024,-1,Echolocation,/mnt/ubna_data_02_mir/recover-20221013/UBNA_001/20221012_030000.WAV,Telephone Field,recover-20221013,001,1795
1039.1005,1039.1375,68437,81471,Rhinolophus ferrumequinum,0.022,0.023,-1,Echolocation,/mnt/ubna_data_02_mir/recover-20221013/UBNA_001/20221012_030000.WAV,Telephone Field,recover-20221013,001,1795
1039.1265,1039.1647,68437,81980,Rhinolophus ferrumequinum,0.024,0.024,-1,Echolocation,/mnt/ubna_data_02_mir/recover-20221013/UBNA_001/20221012_030000.WAV,Telephone Field,recover-20221013,001,1795
1039.1295,1039.1368,23750,34625,Plecotus austriacus,0.008,0.021,-1,Echolocation,/mnt/ubna_data_02_mir/recover-20221013/UBNA_001/20221012_030000.WAV,Telephone Field,recover-20221013,001,1795
1039.1315,1039.1365,36640,67622,Myotis mystacinus,0.014,0.039,-1,Echolocation,/mnt/ubna_data_02_mir/recover-20221013/UBNA_001/20221012_030000.WAV,Telephone Field,recover-20221013,001,1795
1039.1315,1039.1367,48671,58031,Pipistrellus pipistrellus,0.022,0.025,-1,Echolocation,/mnt/ubna_data_02_mir/recover-20221013/UBNA_001/20221012_030000.WAV,Telephone Field,recover-20221013,001,1795
1039.1515,1039.1892,68437,81809,Rhinolophus ferrumequinum,0.022,0.022,-1,Echolocation,/mnt/ubna_data_02_mir/recover-20221013/UBNA_001/20221012_030000.WAV,Telephone Field,recover-20221013,001,1795
1039.1835,1039.2234,68437,82475,Rhinolophus ferrumequinum,0.027,0.027,-1,Echolocation,/mnt/ubna_data_02_mir/recover-20221013/UBNA_001/20221012_030000.WAV,Telephone Field,recover-20221013,001,1795
1039.1895,1039.2001,28906,35490,Eptesicus serotinus,0.009,0.026,-1,Echolocation,/mnt/ubna_data_02_mir/recover-20221013/UBNA_001/20221012_030000.WAV,Telephone Field,recover-20221013,001,1795
1039.2075,1039.2156,27187,38561,Eptesicus serotinus,0.008,0.023,-1,Echolocation,/mnt/ubna_data_02_mir/recover-20221013/UBNA_001/20221012_030000.WAV,Telephone Field,recover-20221013,001,1795
1039.2315,1039.2708,68437,82048,Rhinolophus ferrumequinum,0.022,0.022,-1,Echolocation,/mnt/ubna_data_02_mir/recover-20221013/UBNA_001/20221012_030000.WAV,Telephone Field,recover-20221013,001,1795
1039.2415,1039.2809,68437,81876,Rhinolophus ferrumequinum,0.021,0.021,-1,Echolocation,/mnt/ubna_data_02_mir/recover-20221013/UBNA_001/20221012_030000.WAV,Telephone Field,recover-20221013,001,1795
1039.2615,1039.2976,68437,82085,Rhinolophus ferrumequinum,0.023,0.023,-1,Echolocation,/mnt/ubna_data_02_mir/recover-20221013/UBNA_001/20221012_030000.WAV,Telephone Field,recover-20221013,001,1795
1039.3595,1039.368,28906,38017,Eptesicus serotinus,0.009,0.026,-1,Echolocation,/mnt/ubna_data_02_mir/recover-20221013/UBNA_001/20221012_030000.WAV,Telephone Field,recover-20221013,001,1795
1039.4155,1039.4222,28046,44062,Myotis daubentonii,0.008,0.025,-1,Echolocation,/mnt/ubna_data_02_mir/recover-20221013/UBNA_001/20221012_030000.WAV,Telephone Field,recover-20221013,001,1795
1039.4215,1039.4605,68437,81885,Rhinolophus ferrumequinum,0.026,0.026,-1,Echolocation,/mnt/ubna_data_02_mir/recover-20221013/UBNA_001/20221012_030000.WAV,Telephone Field,recover-20221013,001,1795
1039.4485,1039.4587,28906,37034,Eptesicus serotinus,0.009,0.022,-1,Echolocation,/mnt/ubna_data_02_mir/recover-20221013/UBNA_001/20221012_030000.WAV,Telephone Field,recover-20221013,001,1795
1039.4815,1039.4917,24609,32020,Nyctalus leisleri,0.009,0.024,-1,Echolocation,/mnt/ubna_data_02_mir/recover-20221013/UBNA_001/20221012_030000.WAV,Telephone Field,recover-20221013,001,1795
1039.4895,1039.5264,68437,81810,Rhinolophus ferrumequinum,0.024,0.024,-1,Echolocation,/mnt/ubna_data_02_mir/recover-20221013/UBNA_001/20221012_030000.WAV,Telephone Field,recover-20221013,001,1795
1039.4945,1039.5034,27187,35823,Eptesicus serotinus,0.012,0.028,-1,Echolocation,/mnt/ubna_data_02_mir/recover-20221013/UBNA_001/20221012_030000.WAV,Telephone Field,recover-20221013,001,1795
1039.5085,1039.5181,50390,54360,Pipistrellus pipistrellus,0.03,0.034,-1,Echolocation,/mnt/ubna_data_02_mir/recover-20221013/UBNA_001/20221012_030000.WAV,Telephone Field,recover-20221013,001,1795
1039.5705,1039.5815,23750,29568,Nyctalus leisleri,0.01,0.024,-1,Echolocation,/mnt/ubna_data_02_mir/recover-20221013/UBNA_001/20221012_030000.WAV,Telephone Field,recover-20221013,001,1795
1039.5805,1039.6168,68437,81948,Rhinolophus ferrumequinum,0.022,0.022,-1,Echolocation,/mnt/ubna_data_02_mir/recover-20221013/UBNA_001/20221012_030000.WAV,Telephone Field,recover-20221013,001,1795
1039.5885,1039.6265,68437,82183,Rhinolophus ferrumequinum,0.022,0.022,-1,Echolocation,/mnt/ubna_data_02_mir/recover-20221013/UBNA_001/20221012_030000.WAV,Telephone Field,recover-20221013,001,1795
1039.6205,1039.6277,48671,52790,Pipistrellus pipistrellus,0.026,0.028,-1,Echolocation,/mnt/ubna_data_02_mir/recover-20221013/UBNA_001/20221012_030000.WAV,Telephone Field,recover-20221013,001,1795
1039.6365,1039.6843,68437,83753,Rhinolophus ferrumequinum,0.089,0.089,-1,Echolocation,/mnt/ubna_data_02_mir/recover-20221013/UBNA_001/20221012_030000.WAV,Telephone Field,recover-20221013,001,1795
1039.6985,1039.7339,68437,82016,Rhinolophus ferrumequinum,0.023,0.023,-1,Echolocation,/mnt/ubna_data_02_mir/recover-20221013/UBNA_001/20221012_030000.WAV,Telephone Field,recover-20221013,001,1795
1039.6985,1039.7044,27187,38800,Eptesicus serotinus,0.005,0.024,-1,Echolocation,/mnt/ubna_data_02_mir/recover-20221013/UBNA_001/20221012_030000.WAV,Telephone Field,recover-20221013,001,1795
1039.7255,1039.7333,24609,33735,Plecotus austriacus,0.007,0.022,-1,Echolocation,/mnt/ubna_data_02_mir/recover-20221013/UBNA_001/20221012_030000.WAV,Telephone Field,recover-20221013,001,1795
1039.7575,1039.764,28046,39202,Eptesicus serotinus,0.007,0.027,-1,Echolocation,/mnt/ubna_data_02_mir/recover-20221013/UBNA_001/20221012_030000.WAV,Telephone Field,recover-20221013,001,1795
1039.7825,1039.7919,24609,32388,Eptesicus serotinus,0.007,0.022,-1,Echolocation,/mnt/ubna_data_02_mir/recover-20221013/UBNA_001/20221012_030000.WAV,Telephone Field,recover-20221013,001,1795
1039.7945,1039.8052,27187,34761,Eptesicus serotinus,0.011,0.023,-1,Echolocation,/mnt/ubna_data_02_mir/recover-20221013/UBNA_001/20221012_030000.WAV,Telephone Field,recover-20221013,001,1795
1039.8035,1039.8417,68437,81517,Rhinolophus ferrumequinum,0.022,0.022,-1,Echolocation,/mnt/ubna_data_02_mir/recover-20221013/UBNA_001/20221012_030000.WAV,Telephone Field,recover-20221013,001,1795
1039.8405,1039.8813,68437,83008,Rhinolophus ferrumequinum,0.023,0.023,-1,Echolocation,/mnt/ubna_data_02_mir/recover-20221013/UBNA_001/20221012_030000.WAV,Telephone Field,recover-20221013,001,1795
1039.8425,1039.8505,28046,40171,Eptesicus serotinus,0.009,0.025,-1,Echolocation,/mnt/ubna_data_02_mir/recover-20221013/UBNA_001/20221012_030000.WAV,Telephone Field,recover-20221013,001,1795
1039.8535,1039.8921,68437,82409,Rhinolophus ferrumequinum,0.025,0.025,-1,Echolocation,/mnt/ubna_data_02_mir/recover-20221013/UBNA_001/20221012_030000.WAV,Telephone Field,recover-20221013,001,1795
1039.8895,1039.9002,24609,31721,Nyctalus leisleri,0.01,0.026,-1,Echolocation,/mnt/ubna_data_02_mir/recover-20221013/UBNA_001/20221012_030000.WAV,Telephone Field,recover-20221013,001,1795
1039.9045,1039.9437,68437,82281,Rhinolophus ferrumequinum,0.024,0.024,-1,Echolocation,/mnt/ubna_data_02_mir/recover-20221013/UBNA_001/20221012_030000.WAV,Telephone Field,recover-20221013,001,1795
1039.9135,1039.951,68437,82134,Rhinolophus ferrumequinum,0.022,0.022,-1,Echolocation,/mnt/ubna_data_02_mir/recover-20221013/UBNA_001/20221012_030000.WAV,Telephone Field,recover-20221013,001,1795
1039.9135,1039.9231,22890,28409,Nyctalus leisleri,0.009,0.022,-1,Echolocation,/mnt/ubna_data_02_mir/recover-20221013/UBNA_001/20221012_030000.WAV,Telephone Field,recover-20221013,001,1795
1039.9145,1039.9225,27187,38214,Eptesicus serotinus,0.007,0.022,-1,Echolocation,/mnt/ubna_data_02_mir/recover-20221013/UBNA_001/20221012_030000.WAV,Telephone Field,recover-20221013,001,1795
1039.9195,1039.9567,68437,81711,Rhinolophus ferrumequinum,0.023,0.023,-1,Echolocation,/mnt/ubna_data_02_mir/recover-20221013/UBNA_001/20221012_030000.WAV,Telephone Field,recover-20221013,001,1795
1039.9415,1039.9784,68437,80836,Rhinolophus ferrumequinum,0.026,0.026,-1,Echolocation,/mnt/ubna_data_02_mir/recover-20221013/UBNA_001/20221012_030000.WAV,Telephone Field,recover-20221013,001,1795
1039.9565,1039.9698,21171,24987,Nyctalus leisleri,0.013,0.023,-1,Echolocation,/mnt/ubna_data_02_mir/recover-20221013/UBNA_001/20221012_030000.WAV,Telephone Field,recover-20221013,001,1795
1039.9705,1039.978,51250,57532,Pipistrellus pipistrellus,0.023,0.028,-1,Echolocation,/mnt/ubna_data_02_mir/recover-20221013/UBNA_001/20221012_030000.WAV,Telephone Field,recover-20221013,001,1795
1040.0015,1040.0113,26328,33437,Nyctalus leisleri,0.011,0.029,-1,Echolocation,/mnt/ubna_data_02_mir/recover-20221013/UBNA_001/20221012_030000.WAV,Telephone Field,recover-20221013,001,1795
1040.0015,1040.0347,68437,79866,Rhinolophus ferrumequinum,0.023,0.023,-1,Echolocation,/mnt/ubna_data_02_mir/recover-20221013/UBNA_001/20221012_030000.WAV,Telephone Field,recover-20221013,001,1795
1040.0445,1040.0811,68437,81091,Rhinolophus ferrumequinum,0.022,0.022,-1,Echolocation,/mnt/ubna_data_02_mir/recover-20221013/UBNA_001/20221012_030000.WAV,Telephone Field,recover-20221013,001,1795
1040.0745,1040.112,68437,81450,Rhinolophus ferrumequinum,0.024,0.024,-1,Echolocation,/mnt/ubna_data_02_mir/recover-20221013/UBNA_001/20221012_030000.WAV,Telephone Field,recover-20221013,001,1795
1040.0835,1040.1232,68437,82871,Rhinolophus ferrumequinum,0.023,0.023,-1,Echolocation,/mnt/ubna_data_02_mir/recover-20221013/UBNA_001/20221012_030000.WAV,Telephone Field,recover-20221013,001,1795
1040.1005,1040.1371,68437,81449,Rhinolophus ferrumequinum,0.022,0.022,-1,Echolocation,/mnt/ubna_data_02_mir/recover-20221013/UBNA_001/20221012_030000.WAV,Telephone Field,recover-20221013,001,1795
1040.1085,1040.1464,68437,81857,Rhinolophus ferrumequinum,0.021,0.021,-1,Echolocation,/mnt/ubna_data_02_mir/recover-20221013/UBNA_001/20221012_030000.WAV,Telephone Field,recover-20221013,001,1795
1040.1555,1040.1667,59843,64975,Pipistrellus pygmaeus,0.024,0.025,-1,Echolocation,/mnt/ubna_data_02_mir/recover-20221013/UBNA_001/20221012_030000.WAV,Telephone Field,recover-20221013,001,1795
1040.2085,1040.2202,22890,27496,Nyctalus leisleri,0.011,0.021,-1,Echolocation,/mnt/ubna_data_02_mir/recover-20221013/UBNA_001/20221012_030000.WAV,Telephone Field,recover-20221013,001,1795
1040.2265,1040.2359,29765,39641,Eptesicus serotinus,0.011,0.03,-1,Echolocation,/mnt/ubna_data_02_mir/recover-20221013/UBNA_001/20221012_030000.WAV,Telephone Field,recover-20221013,001,1795
1040.2485,1040.2626,44375,47750,Pipistrellus pipistrellus,0.035,0.039,-1,Echolocation,/mnt/ubna_data_02_mir/recover-20221013/UBNA_001/20221012_030000.WAV,Telephone Field,recover-20221013,001,1795
1040.2545,1040.2646,28046,35735,Eptesicus serotinus,0.009,0.021,-1,Echolocation,/mnt/ubna_data_02_mir/recover-20221013/UBNA_001/20221012_030000.WAV,Telephone Field,recover-20221013,001,1795
1040.3025,1040.3431,68437,82307,Rhinolophus ferrumequinum,0.022,0.022,-1,Echolocation,/mnt/ubna_data_02_mir/recover-20221013/UBNA_001/20221012_030000.WAV,Telephone Field,recover-20221013,001,1795
1040.3295,1040.3686,68437,82000,Rhinolophus ferrumequinum,0.021,0.021,-1,Echolocation,/mnt/ubna_data_02_mir/recover-20221013/UBNA_001/20221012_030000.WAV,Telephone Field,recover-20221013,001,1795
1040.3375,1040.3468,22890,29350,Nyctalus leisleri,0.007,0.021,-1,Echolocation,/mnt/ubna_data_02_mir/recover-20221013/UBNA_001/20221012_030000.WAV,Telephone Field,recover-20221013,001,1795
1040.3625,1040.3712,47812,56314,Pipistrellus pipistrellus,0.017,0.023,-1,Echolocation,/mnt/ubna_data_02_mir/recover-20221013/UBNA_001/20221012_030000.WAV,Telephone Field,recover-20221013,001,1795
1040.3795,1040.4211,68437,82949,Rhinolophus ferrumequinum,0.024,0.024,-1,Echolocation,/mnt/ubna_data_02_mir/recover-20221013/UBNA_001/20221012_030000.WAV,Telephone Field,recover-20221013,001,1795
1040.4705,1040.5138,68437,83146,Rhinolophus ferrumequinum,0.033,0.033,-1,Echolocation,/mnt/ubna_data_02_mir/recover-20221013/UBNA_001/20221012_030000.WAV,Telephone Field,recover-20221013,001,1795
1040.5305,1040.5659,68437,81179,Rhinolophus ferrumequinum,0.021,0.021,-1,Echolocation,/mnt/ubna_data_02_mir/recover-20221013/UBNA_001/20221012_030000.WAV,Telephone Field,recover-20221013,001,1795
1040.5485,1040.5864,68437,82542,Rhinolophus ferrumequinum,0.022,0.022,-1,Echolocation,/mnt/ubna_data_02_mir/recover-20221013/UBNA_001/20221012_030000.WAV,Telephone Field,recover-20221013,001,1795
1040.5625,1040.571,28906,39505,Eptesicus serotinus,0.009,0.024,-1,Echolocation,/mnt/ubna_data_02_mir/recover-20221013/UBNA_001/20221012_030000.WAV,Telephone Field,recover-20221013,001,1795
1040.5985,1040.6416,68437,83443,Rhinolophus ferrumequinum,0.028,0.028,-1,Echolocation,/mnt/ubna_data_02_mir/recover-20221013/UBNA_001/20221012_030000.WAV,Telephone Field,recover-20221013,001,1795
1040.6185,1040.6574,68437,82589,Rhinolophus ferrumequinum,0.024,0.024,-1,Echolocation,/mnt/ubna_data_02_mir/recover-20221013/UBNA_001/20221012_030000.WAV,Telephone Field,recover-20221013,001,1795
1040.6725,1040.7139,68437,83265,Rhinolophus ferrumequinum,0.035,0.035,-1,Echolocation,/mnt/ubna_data_02_mir/recover-20221013/UBNA_001/20221012_030000.WAV,Telephone Field,recover-20221013,001,1795
1040.7055,1040.7128,23750,32261,Plecotus austriacus,0.012,0.025,-1,Echolocation,/mnt/ubna_data_02_mir/recover-20221013/UBNA_001/20221012_030000.WAV,Telephone Field,recover-20221013,001,1795
1040.7175,1040.758,68437,82919,Rhinolophus ferrumequinum,0.034,0.034,-1,Echolocation,/mnt/ubna_data_02_mir/recover-20221013/UBNA_001/20221012_030000.WAV,Telephone Field,recover-20221013,001,1795
1040.7245,1040.735,28906,37740,Eptesicus serotinus,0.01,0.022,-1,Echolocation,/mnt/ubna_data_02_mir/recover-20221013/UBNA_001/20221012_030000.WAV,Telephone Field,recover-20221013,001,1795
1040.7785,1040.8195,68437,82477,Rhinolophus ferrumequinum,0.021,0.021,-1,Echolocation,/mnt/ubna_data_02_mir/recover-20221013/UBNA_001/20221012_030000.WAV,Telephone Field,recover-20221013,001,1795
1040.7875,1040.7973,22890,28597,Nyctalus leisleri,0.009,0.023,-1,Echolocation,/mnt/ubna_data_02_mir/recover-20221013/UBNA_001/20221012_030000.WAV,Telephone Field,recover-20221013,001,1795
1040.8185,1040.8609,68437,82938,Rhinolophus ferrumequinum,0.021,0.021,-1,Echolocation,/mnt/ubna_data_02_mir/recover-20221013/UBNA_001/20221012_030000.WAV,Telephone Field,recover-20221013,001,1795
1040.8835,1040.9267,68437,82889,Rhinolophus ferrumequinum,0.028,0.028,-1,Echolocation,/mnt/ubna_data_02_mir/recover-20221013/UBNA_001/20221012_030000.WAV,Telephone Field,recover-20221013,001,1795
1040.9265,1040.936,25468,32781,Nyctalus leisleri,0.008,0.024,-1,Echolocation,/mnt/ubna_data_02_mir/recover-20221013/UBNA_001/20221012_030000.WAV,Telephone Field,recover-20221013,001,1795
1040.9515,1040.993,68437,82869,Rhinolophus ferrumequinum,0.021,0.021,-1,Echolocation,/mnt/ubna_data_02_mir/recover-20221013/UBNA_001/20221012_030000.WAV,Telephone Field,recover-20221013,001,1795
1040.9765,1041.0177,68437,82761,Rhinolophus ferrumequinum,0.024,0.024,-1,Echolocation,/mnt/ubna_data_02_mir/recover-20221013/UBNA_001/20221012_030000.WAV,Telephone Field,recover-20221013,001,1795
1040.9845,1040.9936,25468,33108,Eptesicus serotinus,0.008,0.025,-1,Echolocation,/mnt/ubna_data_02_mir/recover-20221013/UBNA_001/20221012_030000.WAV,Telephone Field,recover-20221013,001,1795
1040.9865,1041.025,68437,82474,Rhinolophus ferrumequinum,0.022,0.023,-1,Echolocation,/mnt/ubna_data_02_mir/recover-20221013/UBNA_001/20221012_030000.WAV,Telephone Field,recover-20221013,001,1795
1041.0085,1041.0198,23750,29662,Nyctalus leisleri,0.011,0.026,-1,Echolocation,/mnt/ubna_data_02_mir/recover-20221013/UBNA_001/20221012_030000.WAV,Telephone Field,recover-20221013,001,1795
1041.0225,1041.0599,68437,81950,Rhinolophus ferrumequinum,0.026,0.026,-1,Echolocation,/mnt/ubna_data_02_mir/recover-20221013/UBNA_001/20221012_030000.WAV,Telephone Field,recover-20221013,001,1795
1041.0345,1041.0708,68437,81798,Rhinolophus ferrumequinum,0.023,0.023,-1,Echolocation,/mnt/ubna_data_02_mir/recover-20221013/UBNA_001/20221012_030000.WAV,Telephone Field,recover-20221013,001,1795
1041.0665,1041.0758,28906,37012,Eptesicus serotinus,0.008,0.021,-1,Echolocation,/mnt/ubna_data_02_mir/recover-20221013/UBNA_001/20221012_030000.WAV,Telephone Field,recover-20221013,001,1795
1041.1465,1041.1548,26328,34833,Eptesicus serotinus,0.008,0.021,-1,Echolocation,/mnt/ubna_data_02_mir/recover-20221013/UBNA_001/20221012_030000.WAV,Telephone Field,recover-20221013,001,1795
1041.1505,1041.1889,68437,81983,Rhinolophus ferrumequinum,0.023,0.023,-1,Echolocation,/mnt/ubna_data_02_mir/recover-20221013/UBNA_001/20221012_030000.WAV,Telephone Field,recover-20221013,001,1795
1041.1835,1041.1948,28906,36259,Eptesicus serotinus,0.014,0.027,-1,Echolocation,/mnt/ubna_data_02_mir/recover-20221013/UBNA_001/20221012_030000.WAV,Telephone Field,recover-20221013,001,1795
1041.1845,1041.2242,68437,82191,Rhinolophus ferrumequinum,0.022,0.022,-1,Echolocation,/mnt/ubna_data_02_mir/recover-20221013/UBNA_001/20221012_030000.WAV,Telephone Field,recover-20221013,001,1795
1041.2125,1041.221,22890,29883,Plecotus austriacus,0.009,0.021,-1,Echolocation,/mnt/ubna_data_02_mir/recover-20221013/UBNA_001/20221012_030000.WAV,Telephone Field,recover-20221013,001,1795
1041.2155,1041.2525,68437,81723,Rhinolophus ferrumequinum,0.021,0.021,-1,Echolocation,/mnt/ubna_data_02_mir/recover-20221013/UBNA_001/20221012_030000.WAV,Telephone Field,recover-20221013,001,1795
1041.2285,1041.2657,68437,81558,Rhinolophus ferrumequinum,0.021,0.021,-1,Echolocation,/mnt/ubna_data_02_mir/recover-20221013/UBNA_001/20221012_030000.WAV,Telephone Field,recover-20221013,001,1795
1041.2535,1041.2614,28046,39165,Eptesicus serotinus,0.006,0.021,-1,Echolocation,/mnt/ubna_data_02_mir/recover-20221013/UBNA_001/20221012_030000.WAV,Telephone Field,recover-20221013,001,1795
1041.2575,1041.2685,22890,27841,Nyctalus leisleri,0.013,0.025,-1,Echolocation,/mnt/ubna_data_02_mir/recover-20221013/UBNA_001/20221012_030000.WAV,Telephone Field,recover-20221013,001,1795
1041.2685,1041.2839,23750,28658,Nyctalus leisleri,0.023,0.048,-1,Echolocation,/mnt/ubna_data_02_mir/recover-20221013/UBNA_001/20221012_030000.WAV,Telephone Field,recover-20221013,001,1795
1041.2835,1041.3227,68437,81860,Rhinolophus ferrumequinum,0.025,0.025,-1,Echolocation,/mnt/ubna_data_02_mir/recover-20221013/UBNA_001/20221012_030000.WAV,Telephone Field,recover-20221013,001,1795
1041.3005,1041.3118,23750,29830,Nyctalus leisleri,0.013,0.03,-1,Echolocation,/mnt/ubna_data_02_mir/recover-20221013/UBNA_001/20221012_030000.WAV,Telephone Field,recover-20221013,001,1795
1041.3115,1041.3486,68437,81781,Rhinolophus ferrumequinum,0.025,0.025,-1,Echolocation,/mnt/ubna_data_02_mir/recover-20221013/UBNA_001/20221012_030000.WAV,Telephone Field,recover-20221013,001,1795
1041.3595,1041.4004,68437,82423,Rhinolophus ferrumequinum,0.024,0.024,-1,Echolocation,/mnt/ubna_data_02_mir/recover-20221013/UBNA_001/20221012_030000.WAV,Telephone Field,recover-20221013,001,1795
1041.3645,1041.3699,26328,39275,Plecotus austriacus,0.017,0.043,-1,Echolocation,/mnt/ubna_data_02_mir/recover-20221013/UBNA_001/20221012_030000.WAV,Telephone Field,recover-20221013,001,1795
1041.3695,1041.408,68437,82264,Rhinolophus ferrumequinum,0.022,0.022,-1,Echolocation,/mnt/ubna_data_02_mir/recover-20221013/UBNA_001/20221012_030000.WAV,Telephone Field,recover-20221013,001,1795
1041.4075,1041.4158,23750,31751,Plecotus austriacus,0.008,0.021,-1,Echolocation,/mnt/ubna_data_02_mir/recover-20221013/UBNA_001/20221012_030000.WAV,Telephone Field,recover-20221013,001,1795
1041.4205,1041.4607,68437,82285,Rhinolophus ferrumequinum,0.021,0.021,-1,Echolocation,/mnt/ubna_data_02_mir/recover-20221013/UBNA_001/20221012_030000.WAV,Telephone Field,recover-20221013,001,1795
1041.4305,1041.4664,68437,81152,Rhinolophus ferrumequinum,0.021,0.022,-1,Echolocation,/mnt/ubna_data_02_mir/recover-20221013/UBNA_001/20221012_030000.WAV,Telephone Field,recover-20221013,001,1795
1041.4475,1041.4546,28906,38499,Eptesicus serotinus,0.006,0.021,-1,Echolocation,/mnt/ubna_data_02_mir/recover-20221013/UBNA_001/20221012_030000.WAV,Telephone Field,recover-20221013,001,1795
1041.4485,1041.4558,23750,32152,Plecotus austriacus,0.01,0.022,-1,Echolocation,/mnt/ubna_data_02_mir/recover-20221013/UBNA_001/20221012_030000.WAV,Telephone Field,recover-20221013,001,1795
1041.5045,1041.5479,68437,82988,Rhinolophus ferrumequinum,0.034,0.034,-1,Echolocation,/mnt/ubna_data_02_mir/recover-20221013/UBNA_001/20221012_030000.WAV,Telephone Field,recover-20221013,001,1795
1041.5485,1041.555,28046,39864,Eptesicus serotinus,0.005,0.022,-1,Echolocation,/mnt/ubna_data_02_mir/recover-20221013/UBNA_001/20221012_030000.WAV,Telephone Field,recover-20221013,001,1795
1041.5495,1041.59,68437,82105,Rhinolophus ferrumequinum,0.022,0.022,-1,Echolocation,/mnt/ubna_data_02_mir/recover-20221013/UBNA_001/20221012_030000.WAV,Telephone Field,recover-20221013,001,1795
1041.5815,1041.6225,68437,82778,Rhinolophus ferrumequinum,0.025,0.025,-1,Echolocation,/mnt/ubna_data_02_mir/recover-20221013/UBNA_001/20221012_030000.WAV,Telephone Field,recover-20221013,001,1795
1041.6045,1041.6134,28906,40964,Eptesicus serotinus,0.008,0.021,-1,Echolocation,/mnt/ubna_data_02_mir/recover-20221013/UBNA_001/20221012_030000.WAV,Telephone Field,recover-20221013,001,1795
1041.6635,1041.7034,68437,81868,Rhinolophus ferrumequinum,0.021,0.021,-1,Echolocation,/mnt/ubna_data_02_mir/recover-20221013/UBNA_001/20221012_030000.WAV,Telephone Field,recover-20221013,001,1795
1041.6835,1041.7212,68437,81852,Rhinolophus ferrumequinum,0.021,0.021,-1,Echolocation,/mnt/ubna_data_02_mir/recover-20221013/UBNA_001/20221012_030000.WAV,Telephone Field,recover-20221013,001,1795
1041.6945,1041.7333,68437,81515,Rhinolophus ferrumequinum,0.021,0.021,-1,Echolocation,/mnt/ubna_data_02_mir/recover-20221013/UBNA_001/20221012_030000.WAV,Telephone Field,recover-20221013,001,1795
1041.7075,1041.747,68437,82667,Rhinolophus ferrumequinum,0.021,0.021,-1,Echolocation,/mnt/ubna_data_02_mir/recover-20221013/UBNA_001/20221012_030000.WAV,Telephone Field,recover-20221013,001,1795
1041.7345,1041.773,68437,81969,Rhinolophus ferrumequinum,0.023,0.023,-1,Echolocation,/mnt/ubna_data_02_mir/recover-20221013/UBNA_001/20221012_030000.WAV,Telephone Field,recover-20221013,001,1795
1041.7415,1041.7512,24609,31930,Nyctalus leisleri,0.009,0.029,-1,Echolocation,/mnt/ubna_data_02_mir/recover-20221013/UBNA_001/20221012_030000.WAV,Telephone Field,recover-20221013,001,1795
1041.7725,1041.8132,68437,82947,Rhinolophus ferrumequinum,0.025,0.025,-1,Echolocation,/mnt/ubna_data_02_mir/recover-20221013/UBNA_001/20221012_030000.WAV,Telephone Field,recover-20221013,001,1795
1041.8025,1041.841,68437,81996,Rhinolophus ferrumequinum,0.021,0.021,-1,Echolocation,/mnt/ubna_data_02_mir/recover-20221013/UBNA_001/20221012_030000.WAV,Telephone Field,recover-20221013,001,1795
1041.8125,1041.8501,68437,82589,Rhinolophus ferrumequinum,0.023,0.023,-1,Echolocation,/mnt/ubna_data_02_mir/recover-20221013/UBNA_001/20221012_030000.WAV,Telephone Field,recover-20221013,001,1795
1041.8375,1041.8795,68437,82603,Rhinolophus ferrumequinum,0.031,0.031,-1,Echolocation,/mnt/ubna_data_02_mir/recover-20221013/UBNA_001/20221012_030000.WAV,Telephone Field,recover-20221013,001,1795
1041.8745,1041.916,68437,83136,Rhinolophus ferrumequinum,0.029,0.029,-1,Echolocation,/mnt/ubna_data_02_mir/recover-20221013/UBNA_001/20221012_030000.WAV,Telephone Field,recover-20221013,001,1795
1041.9145,1041.9545,68437,82379,Rhinolophus ferrumequinum,0.026,0.026,-1,Echolocation,/mnt/ubna_data_02_mir/recover-20221013/UBNA_001/20221012_030000.WAV,Telephone Field,recover-20221013,001,1795
1041.9235,1041.9619,68437,82288,Rhinolophus ferrumequinum,0.027,0.027,-1,Echolocation,/mnt/ubna_data_02_mir/recover-20221013/UBNA_001/20221012_030000.WAV,Telephone Field,recover-20221013,001,1795
1041.9845,1041.9957,22890,27125,Nyctalus leisleri,0.014,0.024,-1,Echolocation,/mnt/ubna_data_02_mir/recover-20221013/UBNA_001/20221012_030000.WAV,Telephone Field,recover-20221013,001,1795
1042.0015,1042.0172,20312,24977,Nyctalus leisleri,0.023,0.044,-1,Echolocation,/mnt/ubna_data_02_mir/recover-20221013/UBNA_001/20221012_030000.WAV,Telephone Field,recover-20221013,001,1795
1042.0015,1042.0111,46093,53194,Pipistrellus pipistrellus,0.026,0.034,-1,Echolocation,/mnt/ubna_data_02_mir/recover-20221013/UBNA_001/20221012_030000.WAV,Telephone Field,recover-20221013,001,1795
1042.0015,1042.0345,69296,81245,Rhinolophus ferrumequinum,0.033,0.033,-1,Echolocation,/mnt/ubna_data_02_mir/recover-20221013/UBNA_001/20221012_030000.WAV,Telephone Field,recover-20221013,001,1795
1042.0075,1042.0504,68437,82574,Rhinolophus ferrumequinum,0.025,0.025,-1,Echolocation,/mnt/ubna_data_02_mir/recover-20221013/UBNA_001/20221012_030000.WAV,Telephone Field,recover-20221013,001,1795
1042.0675,1042.0759,27187,36631,Eptesicus serotinus,0.008,0.023,-1,Echolocation,/mnt/ubna_data_02_mir/recover-20221013/UBNA_001/20221012_030000.WAV,Telephone Field,recover-20221013,001,1795
1042.0795,1042.1209,68437,82175,Rhinolophus ferrumequinum,0.022,0.022,-1,Echolocation,/mnt/ubna_data_02_mir/recover-20221013/UBNA_001/20221012_030000.WAV,Telephone Field,recover-20221013,001,1795
1042.0825,1042.0911,26328,35746,Eptesicus serotinus,0.007,0.022,-1,Echolocation,/mnt/ubna_data_02_mir/recover-20221013/UBNA_001/20221012_030000.WAV,Telephone Field,recover-20221013,001,1795
1042.1145,1042.1491,68437,80474,Rhinolophus ferrumequinum,0.024,0.024,-1,Echolocation,/mnt/ubna_data_02_mir/recover-20221013/UBNA_001/20221012_030000.WAV,Telephone Field,recover-20221013,001,1795
1042.1355,1042.1728,68437,81542,Rhinolophus ferrumequinum,0.023,0.023,-1,Echolocation,/mnt/ubna_data_02_mir/recover-20221013/UBNA_001/20221012_030000.WAV,Telephone Field,recover-20221013,001,1795
1042.1435,1042.1537,22890,29048,Nyctalus leisleri,0.01,0.026,-1,Echolocation,/mnt/ubna_data_02_mir/recover-20221013/UBNA_001/20221012_030000.WAV,Telephone Field,recover-20221013,001,1795
1042.1455,1042.1875,68437,82794,Rhinolophus ferrumequinum,0.024,0.024,-1,Echolocation,/mnt/ubna_data_02_mir/recover-20221013/UBNA_001/20221012_030000.WAV,Telephone Field,recover-20221013,001,1795
1042.1725,1042.1832,28046,35405,Eptesicus serotinus,0.01,0.021,-1,Echolocation,/mnt/ubna_data_02_mir/recover-20221013/UBNA_001/20221012_030000.WAV,Telephone Field,recover-20221013,001,1795
1042.1775,1042.2152,68437,81765,Rhinolophus ferrumequinum,0.022,0.022,-1,Echolocation,/mnt/ubna_data_02_mir/recover-20221013/UBNA_001/20221012_030000.WAV,Telephone Field,recover-20221013,001,1795
1042.1905,1042.2028,22031,26177,Nyctalus leisleri,0.015,0.026,-1,Echolocation,/mnt/ubna_data_02_mir/recover-20221013/UBNA_001/20221012_030000.WAV,Telephone Field,recover-20221013,001,1795
1042.2015,1042.2202,20312,23484,Nyctalus leisleri,0.015,0.025,-1,Echolocation,/mnt/ubna_data_02_mir/recover-20221013/UBNA_001/20221012_030000.WAV,Telephone Field,recover-20221013,001,1795
1042.2115,1042.2182,28046,39098,Eptesicus serotinus,0.007,0.025,-1,Echolocation,/mnt/ubna_data_02_mir/recover-20221013/UBNA_001/20221012_030000.WAV,Telephone Field,recover-20221013,001,1795
1042.2165,1042.2535,68437,82009,Rhinolophus ferrumequinum,0.022,0.022,-1,Echolocation,/mnt/ubna_data_02_mir/recover-20221013/UBNA_001/20221012_030000.WAV,Telephone Field,recover-20221013,001,1795
1042.2385,1042.2755,68437,81980,Rhinolophus ferrumequinum,0.022,0.022,-1,Echolocation,/mnt/ubna_data_02_mir/recover-20221013/UBNA_001/20221012_030000.WAV,Telephone Field,recover-20221013,001,1795
1042.2965,1042.3075,23750,29802,Nyctalus leisleri,0.01,0.025,-1,Echolocation,/mnt/ubna_data_02_mir/recover-20221013/UBNA_001/20221012_030000.WAV,Telephone Field,recover-20221013,001,1795
1042.3165,1042.3246,58984,64626,Pipistrellus pygmaeus,0.044,0.044,-1,Echolocation,/mnt/ubna_data_02_mir/recover-20221013/UBNA_001/20221012_030000.WAV,Telephone Field,recover-20221013,001,1795
1042.3385,1042.3786,68437,82372,Rhinolophus ferrumequinum,0.024,0.024,-1,Echolocation,/mnt/ubna_data_02_mir/recover-20221013/UBNA_001/20221012_030000.WAV,Telephone Field,recover-20221013,001,1795
1042.3525,1042.375,18593,21507,Nyctalus noctula,0.011,0.022,-1,Echolocation,/mnt/ubna_data_02_mir/recover-20221013/UBNA_001/20221012_030000.WAV,Telephone Field,recover-20221013,001,1795
1042.3595,1042.367,27187,37552,Eptesicus serotinus,0.011,0.031,-1,Echolocation,/mnt/ubna_data_02_mir/recover-20221013/UBNA_001/20221012_030000.WAV,Telephone Field,recover-20221013,001,1795
1042.3805,1042.4193,68437,82214,Rhinolophus ferrumequinum,0.045,0.045,-1,Echolocation,/mnt/ubna_data_02_mir/recover-20221013/UBNA_001/20221012_030000.WAV,Telephone Field,recover-20221013,001,1795
1042.3805,1042.3906,22031,27155,Nyctalus leisleri,0.01,0.024,-1,Echolocation,/mnt/ubna_data_02_mir/recover-20221013/UBNA_001/20221012_030000.WAV,Telephone Field,recover-20221013,001,1795
1042.4225,1042.4632,68437,82875,Rhinolophus ferrumequinum,0.022,0.022,-1,Echolocation,/mnt/ubna_data_02_mir/recover-20221013/UBNA_001/20221012_030000.WAV,Telephone Field,recover-20221013,001,1795
1042.4425,1042.45,23750,32039,Plecotus austriacus,0.009,0.023,-1,Echolocation,/mnt/ubna_data_02_mir/recover-20221013/UBNA_001/20221012_030000.WAV,Telephone Field,recover-20221013,001,1795
1042.4915,1042.5299,68437,81433,Rhinolophus ferrumequinum,0.026,0.026,-1,Echolocation,/mnt/ubna_data_02_mir/recover-20221013/UBNA_001/20221012_030000.WAV,Telephone Field,recover-20221013,001,1795
1042.5065,1042.5151,27187,38368,Eptesicus serotinus,0.008,0.022,-1,Echolocation,/mnt/ubna_data_02_mir/recover-20221013/UBNA_001/20221012_030000.WAV,Telephone Field,recover-20221013,001,1795
1042.5205,1042.532,23750,29868,Nyctalus leisleri,0.009,0.022,-1,Echolocation,/mnt/ubna_data_02_mir/recover-20221013/UBNA_001/20221012_030000.WAV,Telephone Field,recover-20221013,001,1795
1042.5245,1042.5595,68437,80867,Rhinolophus ferrumequinum,0.021,0.022,-1,Echolocation,/mnt/ubna_data_02_mir/recover-20221013/UBNA_001/20221012_030000.WAV,Telephone Field,recover-20221013,001,1795
1042.5265,1042.5359,28046,35957,Eptesicus serotinus,0.008,0.022,-1,Echolocation,/mnt/ubna_data_02_mir/recover-20221013/UBNA_001/20221012_030000.WAV,Telephone Field,recover-20221013,001,1795
1042.5715,1042.5804,32343,42447,Myotis daubentonii,0.01,0.023,-1,Echolocation,/mnt/ubna_data_02_mir/recover-20221013/UBNA_001/20221012_030000.WAV,Telephone Field,recover-20221013,001,1795
1042.5725,1042.5791,26328,38928,Eptesicus serotinus,0.006,0.025,-1,Echolocation,/mnt/ubna_data_02_mir/recover-20221013/UBNA_001/20221012_030000.WAV,Telephone Field,recover-20221013,001,1795
1042.6005,1042.6367,68437,81283,Rhinolophus ferrumequinum,0.023,0.023,-1,Echolocation,/mnt/ubna_data_02_mir/recover-20221013/UBNA_001/20221012_030000.WAV,Telephone Field,recover-20221013,001,1795
1042.6175,1042.6282,24609,30266,Nyctalus leisleri,0.012,0.031,-1,Echolocation,/mnt/ubna_data_02_mir/recover-20221013/UBNA_001/20221012_030000.WAV,Telephone Field,recover-20221013,001,1795
1042.6305,1042.6678,68437,81558,Rhinolophus ferrumequinum,0.025,0.025,-1,Echolocation,/mnt/ubna_data_02_mir/recover-20221013/UBNA_001/20221012_030000.WAV,Telephone Field,recover-20221013,001,1795
1042.6325,1042.6404,28046,39703,Eptesicus serotinus,0.008,0.022,-1,Echolocation,/mnt/ubna_data_02_mir/recover-20221013/UBNA_001/20221012_030000.WAV,Telephone Field,recover-20221013,001,1795
1042.6355,1042.6439,22890,30841,Plecotus austriacus,0.009,0.024,-1,Echolocation,/mnt/ubna_data_02_mir/recover-20221013/UBNA_001/20221012_030000.WAV,Telephone Field,recover-20221013,001,1795
1042.6485,1042.6863,68437,81782,Rhinolophus ferrumequinum,0.022,0.022,-1,Echolocation,/mnt/ubna_data_02_mir/recover-20221013/UBNA_001/20221012_030000.WAV,Telephone Field,recover-20221013,001,1795
1042.6565,1042.6965,68437,82422,Rhinolophus ferrumequinum,0.023,0.023,-1,Echolocation,/mnt/ubna_data_02_mir/recover-20221013/UBNA_001/20221012_030000.WAV,Telephone Field,recover-20221013,001,1795
1042.6595,1042.6686,49531,54066,Pipistrellus pipistrellus,0.018,0.022,-1,Echolocation,/mnt/ubna_data_02_mir/recover-20221013/UBNA_001/20221012_030000.WAV,Telephone Field,recover-20221013,001,1795
1042.6985,1042.736,68437,82374,Rhinolophus ferrumequinum,0.022,0.022,-1,Echolocation,/mnt/ubna_data_02_mir/recover-20221013/UBNA_001/20221012_030000.WAV,Telephone Field,recover-20221013,001,1795
1042.7055,1042.7165,28046,35822,Eptesicus serotinus,0.011,0.023,-1,Echolocation,/mnt/ubna_data_02_mir/recover-20221013/UBNA_001/20221012_030000.WAV,Telephone Field,recover-20221013,001,1795
1042.7255,1042.762,68437,81812,Rhinolophus ferrumequinum,0.021,0.021,-1,Echolocation,/mnt/ubna_data_02_mir/recover-20221013/UBNA_001/20221012_030000.WAV,Telephone Field,recover-20221013,001,1795
1042.7715,1042.7913,19453,22465,Nyctalus leisleri,0.014,0.03,-1,Echolocation,/mnt/ubna_data_02_mir/recover-20221013/UBNA_001/20221012_030000.WAV,Telephone Field,recover-20221013,001,1795
1042.7845,1042.7909,30625,54520,Myotis daubentonii,0.012,0.022,-1,Echolocation,/mnt/ubna_data_02_mir/recover-20221013/UBNA_001/20221012_030000.WAV,Telephone Field,recover-20221013,001,1795
1042.7885,1042.8022,23750,28434,Nyctalus leisleri,0.039,0.077,-1,Echolocation,/mnt/ubna_data_02_mir/recover-20221013/UBNA_001/20221012_030000.WAV,Telephone Field,recover-20221013,001,1795
1042.8005,1042.8114,28046,35410,Eptesicus serotinus,0.012,0.024,-1,Echolocation,/mnt/ubna_data_02_mir/recover-20221013/UBNA_001/20221012_030000.WAV,Telephone Field,recover-20221013,001,1795
1042.8205,1042.8624,68437,83271,Rhinolophus ferrumequinum,0.046,0.046,-1,Echolocation,/mnt/ubna_data_02_mir/recover-20221013/UBNA_001/20221012_030000.WAV,Telephone Field,recover-20221013,001,1795
1042.8275,1042.8361,28046,39951,Eptesicus serotinus,0.008,0.022,-1,Echolocation,/mnt/ubna_data_02_mir/recover-20221013/UBNA_001/20221012_030000.WAV,Telephone Field,recover-20221013,001,1795
1042.8545,1042.894,68437,82153,Rhinolophus ferrumequinum,0.022,0.022,-1,Echolocation,/mnt/ubna_data_02_mir/recover-20221013/UBNA_001/20221012_030000.WAV,Telephone Field,recover-20221013,001,1795
1042.8595,1042.8758,22031,26339,Nyctalus leisleri,0.039,0.074,-1,Echolocation,/mnt/ubna_data_02_mir/recover-20221013/UBNA_001/20221012_030000.WAV,Telephone Field,recover-20221013,001,1795
1042.8835,1042.922,68437,82241,Rhinolophus ferrumequinum,0.033,0.033,-1,Echolocation,/mnt/ubna_data_02_mir/recover-20221013/UBNA_001/20221012_030000.WAV,Telephone Field,recover-20221013,001,1795
1042.9055,1042.9119,27187,39554,Eptesicus serotinus,0.007,0.032,-1,Echolocation,/mnt/ubna_data_02_mir/recover-20221013/UBNA_001/20221012_030000.WAV,Telephone Field,recover-20221013,001,1795
1042.9325,1042.9726,68437,83091,Rhinolophus ferrumequinum,0.025,0.025,-1,Echolocation,/mnt/ubna_data_02_mir/recover-20221013/UBNA_001/20221012_030000.WAV,Telephone Field,recover-20221013,001,1795
1042.9395,1042.9769000000001,68437,82637,Rhinolophus ferrumequinum,0.022,0.022,-1,Echolocation,/mnt/ubna_data_02_mir/recover-20221013/UBNA_001/20221012_030000.WAV,Telephone Field,recover-20221013,001,1795
1042.9555,1042.9705,56406,60162,Pipistrellus pygmaeus,0.041,0.042,-1,Echolocation,/mnt/ubna_data_02_mir/recover-20221013/UBNA_001/20221012_030000.WAV,Telephone Field,recover-20221013,001,1795
1042.9585,1042.9694,22890,27601,Nyctalus leisleri,0.015,0.028,-1,Echolocation,/mnt/ubna_data_02_mir/recover-20221013/UBNA_001/20221012_030000.WAV,Telephone Field,recover-20221013,001,1795
1042.9805,1043.0208,68437,82888,Rhinolophus ferrumequinum,0.026,0.026,-1,Echolocation,/mnt/ubna_data_02_mir/recover-20221013/UBNA_001/20221012_030000.WAV,Telephone Field,recover-20221013,001,1795
1043.0195,1043.0273,25468,34728,Eptesicus serotinus,0.005,0.022,-1,Echolocation,/mnt/ubna_data_02_mir/recover-20221013/UBNA_001/20221012_030000.WAV,Telephone Field,recover-20221013,001,1795
1043.0485,1043.0862,68437,82272,Rhinolophus ferrumequinum,0.023,0.023,-1,Echolocation,/mnt/ubna_data_02_mir/recover-20221013/UBNA_001/20221012_030000.WAV,Telephone Field,recover-20221013,001,1795
1043.0605,1043.1041,68437,83810,Rhinolophus ferrumequinum,0.044,0.044,-1,Echolocation,/mnt/ubna_data_02_mir/recover-20221013/UBNA_001/20221012_030000.WAV,Telephone Field,recover-20221013,001,1795
1043.0905,1043.1275,68437,82248,Rhinolophus ferrumequinum,0.022,0.022,-1,Echolocation,/mnt/ubna_data_02_mir/recover-20221013/UBNA_001/20221012_030000.WAV,Telephone Field,recover-20221013,001,1795
1043.0925,1043.1013,44375,53282,Pipistrellus pipistrellus,0.013,0.023,-1,Echolocation,/mnt/ubna_data_02_mir/recover-20221013/UBNA_001/20221012_030000.WAV,Telephone Field,recover-20221013,001,1795
1043.1065,1043.1143,28046,37781,Eptesicus serotinus,0.007,0.023,-1,Echolocation,/mnt/ubna_data_02_mir/recover-20221013/UBNA_001/20221012_030000.WAV,Telephone Field,recover-20221013,001,1795
1043.1645,1043.2026,68437,81949,Rhinolophus ferrumequinum,0.025,0.025,-1,Echolocation,/mnt/ubna_data_02_mir/recover-20221013/UBNA_001/20221012_030000.WAV,Telephone Field,recover-20221013,001,1795
1043.1695,1043.1773,47812,56104,Pipistrellus pipistrellus,0.019,0.022,-1,Echolocation,/mnt/ubna_data_02_mir/recover-20221013/UBNA_001/20221012_030000.WAV,Telephone Field,recover-20221013,001,1795
1043.1765,1043.2174,68437,82492,Rhinolophus ferrumequinum,0.025,0.025,-1,Echolocation,/mnt/ubna_data_02_mir/recover-20221013/UBNA_001/20221012_030000.WAV,Telephone Field,recover-20221013,001,1795
1043.1925,1043.2331,68437,83298,Rhinolophus ferrumequinum,0.024,0.024,-1,Echolocation,/mnt/ubna_data_02_mir/recover-20221013/UBNA_001/20221012_030000.WAV,Telephone Field,recover-20221013,001,1795
1043.2085,1043.2196,23750,30058,Nyctalus leisleri,0.01,0.023,-1,Echolocation,/mnt/ubna_data_02_mir/recover-20221013/UBNA_001/20221012_030000.WAV,Telephone Field,recover-20221013,001,1795
1043.2175,1043.2551,68437,82183,Rhinolophus ferrumequinum,0.023,0.024,-1,Echolocation,/mnt/ubna_data_02_mir/recover-20221013/UBNA_001/20221012_030000.WAV,Telephone Field,recover-20221013,001,1795
1043.2925,1043.3011,27187,41763,Eptesicus serotinus,0.008,0.022,-1,Echolocation,/mnt/ubna_data_02_mir/recover-20221013/UBNA_001/20221012_030000.WAV,Telephone Field,recover-20221013,001,1795
1043.3075,1043.3143,25468,37642,Eptesicus serotinus,0.005,0.022,-1,Echolocation,/mnt/ubna_data_02_mir/recover-20221013/UBNA_001/20221012_030000.WAV,Telephone Field,recover-20221013,001,1795
1043.3085,1043.315,31484,43454,Myotis daubentonii,0.013,0.024,-1,Echolocation,/mnt/ubna_data_02_mir/recover-20221013/UBNA_001/20221012_030000.WAV,Telephone Field,recover-20221013,001,1795
1043.3185,1043.3613,68437,82937,Rhinolophus ferrumequinum,0.032,0.032,-1,Echolocation,/mnt/ubna_data_02_mir/recover-20221013/UBNA_001/20221012_030000.WAV,Telephone Field,recover-20221013,001,1795
1043.3445,1043.3571,23750,29049,Nyctalus leisleri,0.013,0.028,-1,Echolocation,/mnt/ubna_data_02_mir/recover-20221013/UBNA_001/20221012_030000.WAV,Telephone Field,recover-20221013,001,1795
1043.3825,1043.4202,68437,81499,Rhinolophus ferrumequinum,0.024,0.024,-1,Echolocation,/mnt/ubna_data_02_mir/recover-20221013/UBNA_001/20221012_030000.WAV,Telephone Field,recover-20221013,001,1795
1043.3835,1043.393,28046,37040,Eptesicus serotinus,0.013,0.027,-1,Echolocation,/mnt/ubna_data_02_mir/recover-20221013/UBNA_001/20221012_030000.WAV,Telephone Field,recover-20221013,001,1795
1043.4075,1043.4485,68437,82839,Rhinolophus ferrumequinum,0.027,0.027,-1,Echolocation,/mnt/ubna_data_02_mir/recover-20221013/UBNA_001/20221012_030000.WAV,Telephone Field,recover-20221013,001,1795
1043.4105,1043.4263,14296,18723,Nyctalus noctula,0.027,0.04,-1,Echolocation,/mnt/ubna_data_02_mir/recover-20221013/UBNA_001/20221012_030000.WAV,Telephone Field,recover-20221013,001,1795
1043.4385,1043.4791,68437,82743,Rhinolophus ferrumequinum,0.026,0.026,-1,Echolocation,/mnt/ubna_data_02_mir/recover-20221013/UBNA_001/20221012_030000.WAV,Telephone Field,recover-20221013,001,1795
1043.4425,1043.4526,28046,36629,Eptesicus serotinus,0.013,0.029,-1,Echolocation,/mnt/ubna_data_02_mir/recover-20221013/UBNA_001/20221012_030000.WAV,Telephone Field,recover-20221013,001,1795
1043.4595,1043.498,68437,82277,Rhinolophus ferrumequinum,0.022,0.022,-1,Echolocation,/mnt/ubna_data_02_mir/recover-20221013/UBNA_001/20221012_030000.WAV,Telephone Field,recover-20221013,001,1795
1043.4735,1043.5141,68437,82269,Rhinolophus ferrumequinum,0.023,0.023,-1,Echolocation,/mnt/ubna_data_02_mir/recover-20221013/UBNA_001/20221012_030000.WAV,Telephone Field,recover-20221013,001,1795
1043.4885,1043.526,68437,82726,Rhinolophus ferrumequinum,0.023,0.023,-1,Echolocation,/mnt/ubna_data_02_mir/recover-20221013/UBNA_001/20221012_030000.WAV,Telephone Field,recover-20221013,001,1795
1043.5245,1043.5636,68437,82222,Rhinolophus ferrumequinum,0.025,0.025,-1,Echolocation,/mnt/ubna_data_02_mir/recover-20221013/UBNA_001/20221012_030000.WAV,Telephone Field,recover-20221013,001,1795
1043.6315,1043.6693,68437,81739,Rhinolophus ferrumequinum,0.023,0.023,-1,Echolocation,/mnt/ubna_data_02_mir/recover-20221013/UBNA_001/20221012_030000.WAV,Telephone Field,recover-20221013,001,1795
1043.6585,1043.6977,68437,82250,Rhinolophus ferrumequinum,0.033,0.033,-1,Echolocation,/mnt/ubna_data_02_mir/recover-20221013/UBNA_001/20221012_030000.WAV,Telephone Field,recover-20221013,001,1795
1043.6735,1043.7154,68437,83064,Rhinolophus ferrumequinum,0.033,0.033,-1,Echolocation,/mnt/ubna_data_02_mir/recover-20221013/UBNA_001/20221012_030000.WAV,Telephone Field,recover-20221013,001,1795
1043.7455,1043.7843,68437,82561,Rhinolophus ferrumequinum,0.023,0.023,-1,Echolocation,/mnt/ubna_data_02_mir/recover-20221013/UBNA_001/20221012_030000.WAV,Telephone Field,recover-20221013,001,1795
1043.7525,1043.7907,68437,82217,Rhinolophus ferrumequinum,0.023,0.023,-1,Echolocation,/mnt/ubna_data_02_mir/recover-20221013/UBNA_001/20221012_030000.WAV,Telephone Field,recover-20221013,001,1795
1043.7575,1043.795,68437,82197,Rhinolophus ferrumequinum,0.023,0.023,-1,Echolocation,/mnt/ubna_data_02_mir/recover-20221013/UBNA_001/20221012_030000.WAV,Telephone Field,recover-20221013,001,1795
1043.7915,1043.8305,68437,82691,Rhinolophus ferrumequinum,0.025,0.025,-1,Echolocation,/mnt/ubna_data_02_mir/recover-20221013/UBNA_001/20221012_030000.WAV,Telephone Field,recover-20221013,001,1795
1043.8175,1043.8293,23750,28695,Nyctalus leisleri,0.018,0.034,-1,Echolocation,/mnt/ubna_data_02_mir/recover-20221013/UBNA_001/20221012_030000.WAV,Telephone Field,recover-20221013,001,1795
1043.8205,1043.8624,68437,82589,Rhinolophus ferrumequinum,0.025,0.025,-1,Echolocation,/mnt/ubna_data_02_mir/recover-20221013/UBNA_001/20221012_030000.WAV,Telephone Field,recover-20221013,001,1795
1043.8335,1043.8712,68437,82364,Rhinolophus ferrumequinum,0.023,0.023,-1,Echolocation,/mnt/ubna_data_02_mir/recover-20221013/UBNA_001/20221012_030000.WAV,Telephone Field,recover-20221013,001,1795
1043.8485,1043.8869,68437,82415,Rhinolophus ferrumequinum,0.024,0.024,-1,Echolocation,/mnt/ubna_data_02_mir/recover-20221013/UBNA_001/20221012_030000.WAV,Telephone Field,recover-20221013,001,1795
1043.8525,1043.8591,27187,40389,Eptesicus serotinus,0.006,0.023,-1,Echolocation,/mnt/ubna_data_02_mir/recover-20221013/UBNA_001/20221012_030000.WAV,Telephone Field,recover-20221013,001,1795
1043.8685,1043.8982,68437,80421,Rhinolophus ferrumequinum,0.046,0.046,-1,Echolocation,/mnt/ubna_data_02_mir/recover-20221013/UBNA_001/20221012_030000.WAV,Telephone Field,recover-20221013,001,1795
1043.9265,1043.935,28046,36702,Eptesicus serotinus,0.007,0.022,-1,Echolocation,/mnt/ubna_data_02_mir/recover-20221013/UBNA_001/20221012_030000.WAV,Telephone Field,recover-20221013,001,1795
1043.9315,1043.9715,68437,82458,Rhinolophus ferrumequinum,0.024,0.024,-1,Echolocation,/mnt/ubna_data_02_mir/recover-20221013/UBNA_001/20221012_030000.WAV,Telephone Field,recover-20221013,001,1795
1043.9565,1043.9967,68437,82751,Rhinolophus ferrumequinum,0.022,0.022,-1,Echolocation,/mnt/ubna_data_02_mir/recover-20221013/UBNA_001/20221012_030000.WAV,Telephone Field,recover-20221013,001,1795
1043.9715,1043.9896,18593,22217,Nyctalus noctula,0.016,0.027,-1,Echolocation,/mnt/ubna_data_02_mir/recover-20221013/UBNA_001/20221012_030000.WAV,Telephone Field,recover-20221013,001,1795
1044.0015,1044.0112,22890,28744,Nyctalus leisleri,0.011,0.025,-1,Echolocation,/mnt/ubna_data_02_mir/recover-20221013/UBNA_001/20221012_030000.WAV,Telephone Field,recover-20221013,001,1795
1044.0015,1044.0336,68437,79797,Rhinolophus ferrumequinum,0.032,0.032,-1,Echolocation,/mnt/ubna_data_02_mir/recover-20221013/UBNA_001/20221012_030000.WAV,Telephone Field,recover-20221013,001,1795
1044.0015,1044.0114,47812,56904,Pipistrellus pipistrellus,0.023,0.029,-1,Echolocation,/mnt/ubna_data_02_mir/recover-20221013/UBNA_001/20221012_030000.WAV,Telephone Field,recover-20221013,001,1795
1044.0105,1044.0494,68437,81473,Rhinolophus ferrumequinum,0.024,0.024,-1,Echolocation,/mnt/ubna_data_02_mir/recover-20221013/UBNA_001/20221012_030000.WAV,Telephone Field,recover-20221013,001,1795
1044.0395,1044.0793,68437,82353,Rhinolophus ferrumequinum,0.022,0.022,-1,Echolocation,/mnt/ubna_data_02_mir/recover-20221013/UBNA_001/20221012_030000.WAV,Telephone Field,recover-20221013,001,1795
1044.0415,1044.0529,28906,35204,Eptesicus serotinus,0.013,0.023,-1,Echolocation,/mnt/ubna_data_02_mir/recover-20221013/UBNA_001/20221012_030000.WAV,Telephone Field,recover-20221013,001,1795
1044.0915,1044.1019000000001,22031,27211,Nyctalus leisleri,0.009,0.021,-1,Echolocation,/mnt/ubna_data_02_mir/recover-20221013/UBNA_001/20221012_030000.WAV,Telephone Field,recover-20221013,001,1795
1044.1285,1044.1362,27187,38357,Eptesicus serotinus,0.006,0.021,-1,Echolocation,/mnt/ubna_data_02_mir/recover-20221013/UBNA_001/20221012_030000.WAV,Telephone Field,recover-20221013,001,1795
1044.1525,1044.1636,22031,26691,Nyctalus leisleri,0.01,0.021,-1,Echolocation,/mnt/ubna_data_02_mir/recover-20221013/UBNA_001/20221012_030000.WAV,Telephone Field,recover-20221013,001,1795
1044.1565,1044.1964,68437,82531,Rhinolophus ferrumequinum,0.023,0.023,-1,Echolocation,/mnt/ubna_data_02_mir/recover-20221013/UBNA_001/20221012_030000.WAV,Telephone Field,recover-20221013,001,1795
1044.1685,1044.2056,68437,81841,Rhinolophus ferrumequinum,0.022,0.022,-1,Echolocation,/mnt/ubna_data_02_mir/recover-20221013/UBNA_001/20221012_030000.WAV,Telephone Field,recover-20221013,001,1795
1044.1795,1044.1905,22031,26691,Nyctalus leisleri,0.011,0.022,-1,Echolocation,/mnt/ubna_data_02_mir/recover-20221013/UBNA_001/20221012_030000.WAV,Telephone Field,recover-20221013,001,1795
1044.2005,1044.2382,68437,81673,Rhinolophus ferrumequinum,0.028,0.028,-1,Echolocation,/mnt/ubna_data_02_mir/recover-20221013/UBNA_001/20221012_030000.WAV,Telephone Field,recover-20221013,001,1795
1044.2265,1044.2336,24609,37921,Plecotus austriacus,0.008,0.026,-1,Echolocation,/mnt/ubna_data_02_mir/recover-20221013/UBNA_001/20221012_030000.WAV,Telephone Field,recover-20221013,001,1795
1044.2555,1044.2937,68437,82269,Rhinolophus ferrumequinum,0.023,0.023,-1,Echolocation,/mnt/ubna_data_02_mir/recover-20221013/UBNA_001/20221012_030000.WAV,Telephone Field,recover-20221013,001,1795
1044.2565,1044.268,23750,28240,Nyctalus leisleri,0.016,0.029,-1,Echolocation,/mnt/ubna_data_02_mir/recover-20221013/UBNA_001/20221012_030000.WAV,Telephone Field,recover-20221013,001,1795
1044.2725,1044.3062,68437,80982,Rhinolophus ferrumequinum,0.02,0.021,-1,Echolocation,/mnt/ubna_data_02_mir/recover-20221013/UBNA_001/20221012_030000.WAV,Telephone Field,recover-20221013,001,1795
1044.2885,1044.3001,22890,27361,Nyctalus leisleri,0.014,0.026,-1,Echolocation,/mnt/ubna_data_02_mir/recover-20221013/UBNA_001/20221012_030000.WAV,Telephone Field,recover-20221013,001,1795
1044.3005,1044.3394,68437,82273,Rhinolophus ferrumequinum,0.023,0.023,-1,Echolocation,/mnt/ubna_data_02_mir/recover-20221013/UBNA_001/20221012_030000.WAV,Telephone Field,recover-20221013,001,1795
1044.3535,1044.3928,68437,81743,Rhinolophus ferrumequinum,0.021,0.021,-1,Echolocation,/mnt/ubna_data_02_mir/recover-20221013/UBNA_001/20221012_030000.WAV,Telephone Field,recover-20221013,001,1795
1044.3565,1044.3657,22890,29208,Nyctalus leisleri,0.007,0.021,-1,Echolocation,/mnt/ubna_data_02_mir/recover-20221013/UBNA_001/20221012_030000.WAV,Telephone Field,recover-20221013,001,1795
1044.3735,1044.4099,68437,81968,Rhinolophus ferrumequinum,0.022,0.022,-1,Echolocation,/mnt/ubna_data_02_mir/recover-20221013/UBNA_001/20221012_030000.WAV,Telephone Field,recover-20221013,001,1795
1044.4085,1044.4193,22031,26468,Nyctalus leisleri,0.011,0.021,-1,Echolocation,/mnt/ubna_data_02_mir/recover-20221013/UBNA_001/20221012_030000.WAV,Telephone Field,recover-20221013,001,1795
1044.4445,1044.4824,68437,82114,Rhinolophus ferrumequinum,0.022,0.022,-1,Echolocation,/mnt/ubna_data_02_mir/recover-20221013/UBNA_001/20221012_030000.WAV,Telephone Field,recover-20221013,001,1795
1044.4445,1044.4553,25468,32932,Eptesicus serotinus,0.011,0.024,-1,Echolocation,/mnt/ubna_data_02_mir/recover-20221013/UBNA_001/20221012_030000.WAV,Telephone Field,recover-20221013,001,1795
1044.4805,1044.4878,27187,38027,Eptesicus serotinus,0.006,0.022,-1,Echolocation,/mnt/ubna_data_02_mir/recover-20221013/UBNA_001/20221012_030000.WAV,Telephone Field,recover-20221013,001,1795
1044.4815,1044.5164,68437,82079,Rhinolophus ferrumequinum,0.021,0.022,-1,Echolocation,/mnt/ubna_data_02_mir/recover-20221013/UBNA_001/20221012_030000.WAV,Telephone Field,recover-20221013,001,1795
1044.4975,1044.5078,22890,28340,Nyctalus leisleri,0.012,0.029,-1,Echolocation,/mnt/ubna_data_02_mir/recover-20221013/UBNA_001/20221012_030000.WAV,Telephone Field,recover-20221013,001,1795
1044.5005,1044.5385,68437,81654,Rhinolophus ferrumequinum,0.021,0.021,-1,Echolocation,/mnt/ubna_data_02_mir/recover-20221013/UBNA_001/20221012_030000.WAV,Telephone Field,recover-20221013,001,1795
1044.5325,1044.5395,28046,38861,Eptesicus serotinus,0.005,0.021,-1,Echolocation,/mnt/ubna_data_02_mir/recover-20221013/UBNA_001/20221012_030000.WAV,Telephone Field,recover-20221013,001,1795
1044.5515,1044.5614,23750,29545,Nyctalus leisleri,0.009,0.022,-1,Echolocation,/mnt/ubna_data_02_mir/recover-20221013/UBNA_001/20221012_030000.WAV,Telephone Field,recover-20221013,001,1795
1044.5715,1044.614,68437,83365,Rhinolophus ferrumequinum,0.028,0.028,-1,Echolocation,/mnt/ubna_data_02_mir/recover-20221013/UBNA_001/20221012_030000.WAV,Telephone Field,recover-20221013,001,1795
1044.5815,1044.5917,22890,28813,Nyctalus leisleri,0.01,0.024,-1,Echolocation,/mnt/ubna_data_02_mir/recover-20221013/UBNA_001/20221012_030000.WAV,Telephone Field,recover-20221013,001,1795
1044.6045,1044.6445,68437,82130,Rhinolophus ferrumequinum,0.029,0.029,-1,Echolocation,/mnt/ubna_data_02_mir/recover-20221013/UBNA_001/20221012_030000.WAV,Telephone Field,recover-20221013,001,1795
1044.6105,1044.6513,68437,81884,Rhinolophus ferrumequinum,0.026,0.026,-1,Echolocation,/mnt/ubna_data_02_mir/recover-20221013/UBNA_001/20221012_030000.WAV,Telephone Field,recover-20221013,001,1795
1044.6405,1044.652,27187,34108,Eptesicus serotinus,0.013,0.024,-1,Echolocation,/mnt/ubna_data_02_mir/recover-20221013/UBNA_001/20221012_030000.WAV,Telephone Field,recover-20221013,001,1795
1044.6555,1044.6637,26328,35651,Eptesicus serotinus,0.008,0.024,-1,Echolocation,/mnt/ubna_data_02_mir/recover-20221013/UBNA_001/20221012_030000.WAV,Telephone Field,recover-20221013,001,1795
1044.6615,1044.6692,26328,35677,Eptesicus serotinus,0.008,0.022,-1,Echolocation,/mnt/ubna_data_02_mir/recover-20221013/UBNA_001/20221012_030000.WAV,Telephone Field,recover-20221013,001,1795
1044.6745,1044.7152,68437,82456,Rhinolophus ferrumequinum,0.032,0.032,-1,Echolocation,/mnt/ubna_data_02_mir/recover-20221013/UBNA_001/20221012_030000.WAV,Telephone Field,recover-20221013,001,1795
1044.6945,1044.7357,68437,82959,Rhinolophus ferrumequinum,0.031,0.031,-1,Echolocation,/mnt/ubna_data_02_mir/recover-20221013/UBNA_001/20221012_030000.WAV,Telephone Field,recover-20221013,001,1795
1044.7205,1044.732,25468,31428,Nyctalus leisleri,0.015,0.034,-1,Echolocation,/mnt/ubna_data_02_mir/recover-20221013/UBNA_001/20221012_030000.WAV,Telephone Field,recover-20221013,001,1795
1044.7345,1044.7758,68437,82746,Rhinolophus ferrumequinum,0.025,0.025,-1,Echolocation,/mnt/ubna_data_02_mir/recover-20221013/UBNA_001/20221012_030000.WAV,Telephone Field,recover-20221013,001,1795
1044.7385,1044.7479,24609,32043,Eptesicus serotinus,0.006,0.021,-1,Echolocation,/mnt/ubna_data_02_mir/recover-20221013/UBNA_001/20221012_030000.WAV,Telephone Field,recover-20221013,001,1795
1044.7475,1044.7585,26328,32508,Eptesicus serotinus,0.01,0.023,-1,Echolocation,/mnt/ubna_data_02_mir/recover-20221013/UBNA_001/20221012_030000.WAV,Telephone Field,recover-20221013,001,1795
1044.7645,1044.7738,24609,31790,Eptesicus serotinus,0.007,0.021,-1,Echolocation,/mnt/ubna_data_02_mir/recover-20221013/UBNA_001/20221012_030000.WAV,Telephone Field,recover-20221013,001,1795
1044.8185,1044.8264,28046,42039,Eptesicus serotinus,0.007,0.021,-1,Echolocation,/mnt/ubna_data_02_mir/recover-20221013/UBNA_001/20221012_030000.WAV,Telephone Field,recover-20221013,001,1795
1044.8255,1044.8421,36640,40604,Pipistrellus nathusii,0.023,0.042,-1,Echolocation,/mnt/ubna_data_02_mir/recover-20221013/UBNA_001/20221012_030000.WAV,Telephone Field,recover-20221013,001,1795
1044.8535,1044.8647,23750,28889,Nyctalus leisleri,0.01,0.022,-1,Echolocation,/mnt/ubna_data_02_mir/recover-20221013/UBNA_001/20221012_030000.WAV,Telephone Field,recover-20221013,001,1795
1044.8705,1044.8782,28046,39580,Eptesicus serotinus,0.006,0.021,-1,Echolocation,/mnt/ubna_data_02_mir/recover-20221013/UBNA_001/20221012_030000.WAV,Telephone Field,recover-20221013,001,1795
1044.8925,1044.9006,27187,39947,Eptesicus serotinus,0.008,0.022,-1,Echolocation,/mnt/ubna_data_02_mir/recover-20221013/UBNA_001/20221012_030000.WAV,Telephone Field,recover-20221013,001,1795
1044.9185,1044.9568,68437,82276,Rhinolophus ferrumequinum,0.024,0.024,-1,Echolocation,/mnt/ubna_data_02_mir/recover-20221013/UBNA_001/20221012_030000.WAV,Telephone Field,recover-20221013,001,1795
1044.9395,1044.9465,28046,38701,Eptesicus serotinus,0.006,0.023,-1,Echolocation,/mnt/ubna_data_02_mir/recover-20221013/UBNA_001/20221012_030000.WAV,Telephone Field,recover-20221013,001,1795
1044.9705,1044.9777,22890,31703,Plecotus austriacus,0.013,0.026,-1,Echolocation,/mnt/ubna_data_02_mir/recover-20221013/UBNA_001/20221012_030000.WAV,Telephone Field,recover-20221013,001,1795
1044.9865,1044.9949,27187,38753,Eptesicus serotinus,0.008,0.024,-1,Echolocation,/mnt/ubna_data_02_mir/recover-20221013/UBNA_001/20221012_030000.WAV,Telephone Field,recover-20221013,001,1795
1044.9985,1045.0093,28906,36684,Eptesicus serotinus,0.012,0.026,-1,Echolocation,/mnt/ubna_data_02_mir/recover-20221013/UBNA_001/20221012_030000.WAV,Telephone Field,recover-20221013,001,1795
1045.0305,1045.0394000000001,23750,31497,Plecotus austriacus,0.007,0.023,-1,Echolocation,/mnt/ubna_data_02_mir/recover-20221013/UBNA_001/20221012_030000.WAV,Telephone Field,recover-20221013,001,1795
1045.0415,1045.0795,68437,81812,Rhinolophus ferrumequinum,0.022,0.022,-1,Echolocation,/mnt/ubna_data_02_mir/recover-20221013/UBNA_001/20221012_030000.WAV,Telephone Field,recover-20221013,001,1795
1045.0625,1045.1017,68437,82045,Rhinolophus ferrumequinum,0.02,0.021,-1,Echolocation,/mnt/ubna_data_02_mir/recover-20221013/UBNA_001/20221012_030000.WAV,Telephone Field,recover-20221013,001,1795
1045.0715,1045.0782,28046,48399,Eptesicus serotinus,0.007,0.023,-1,Echolocation,/mnt/ubna_data_02_mir/recover-20221013/UBNA_001/20221012_030000.WAV,Telephone Field,recover-20221013,001,1795
1045.0875,1045.1009,26328,32842,Eptesicus serotinus,0.014,0.028,-1,Echolocation,/mnt/ubna_data_02_mir/recover-20221013/UBNA_001/20221012_030000.WAV,Telephone Field,recover-20221013,001,1795
1045.1125,1045.1515,68437,81770,Rhinolophus ferrumequinum,0.025,0.025,-1,Echolocation,/mnt/ubna_data_02_mir/recover-20221013/UBNA_001/20221012_030000.WAV,Telephone Field,recover-20221013,001,1795
1045.1845,1045.2213,68437,82066,Rhinolophus ferrumequinum,0.021,0.021,-1,Echolocation,/mnt/ubna_data_02_mir/recover-20221013/UBNA_001/20221012_030000.WAV,Telephone Field,recover-20221013,001,1795
1045.2065,1045.2167,23750,30385,Nyctalus leisleri,0.008,0.021,-1,Echolocation,/mnt/ubna_data_02_mir/recover-20221013/UBNA_001/20221012_030000.WAV,Telephone Field,recover-20221013,001,1795
1045.2285,1045.269,68437,82269,Rhinolophus ferrumequinum,0.023,0.023,-1,Echolocation,/mnt/ubna_data_02_mir/recover-20221013/UBNA_001/20221012_030000.WAV,Telephone Field,recover-20221013,001,1795
1045.2695,1045.3099,68437,81917,Rhinolophus ferrumequinum,0.022,0.022,-1,Echolocation,/mnt/ubna_data_02_mir/recover-20221013/UBNA_001/20221012_030000.WAV,Telephone Field,recover-20221013,001,1795
1045.2705,1045.2796,26328,36624,Eptesicus serotinus,0.008,0.021,-1,Echolocation,/mnt/ubna_data_02_mir/recover-20221013/UBNA_001/20221012_030000.WAV,Telephone Field,recover-20221013,001,1795
1045.2875,1045.323,68437,81011,Rhinolophus ferrumequinum,0.024,0.024,-1,Echolocation,/mnt/ubna_data_02_mir/recover-20221013/UBNA_001/20221012_030000.WAV,Telephone Field,recover-20221013,001,1795
1045.3455,1045.3555,28906,37393,Eptesicus serotinus,0.009,0.022,-1,Echolocation,/mnt/ubna_data_02_mir/recover-20221013/UBNA_001/20221012_030000.WAV,Telephone Field,recover-20221013,001,1795
1045.3555,1045.3633,30625,41749,Myotis daubentonii,0.008,0.022,-1,Echolocation,/mnt/ubna_data_02_mir/recover-20221013/UBNA_001/20221012_030000.WAV,Telephone Field,recover-20221013,001,1795
1045.3755,1045.3861,14296,19575,Nyctalus noctula,0.012,0.023,-1,Echolocation,/mnt/ubna_data_02_mir/recover-20221013/UBNA_001/20221012_030000.WAV,Telephone Field,recover-20221013,001,1795
1045.3805,1045.4203,68437,82116,Rhinolophus ferrumequinum,0.021,0.021,-1,Echolocation,/mnt/ubna_data_02_mir/recover-20221013/UBNA_001/20221012_030000.WAV,Telephone Field,recover-20221013,001,1795
1045.4015,1045.4109,28046,38882,Eptesicus serotinus,0.008,0.021,-1,Echolocation,/mnt/ubna_data_02_mir/recover-20221013/UBNA_001/20221012_030000.WAV,Telephone Field,recover-20221013,001,1795
1045.4285,1045.4681,68437,82211,Rhinolophus ferrumequinum,0.021,0.021,-1,Echolocation,/mnt/ubna_data_02_mir/recover-20221013/UBNA_001/20221012_030000.WAV,Telephone Field,recover-20221013,001,1795
1045.4505,1045.4599,28046,36603,Eptesicus serotinus,0.009,0.021,-1,Echolocation,/mnt/ubna_data_02_mir/recover-20221013/UBNA_001/20221012_030000.WAV,Telephone Field,recover-20221013,001,1795
1045.4895,1045.5252,68437,80886,Rhinolophus ferrumequinum,0.021,0.021,-1,Echolocation,/mnt/ubna_data_02_mir/recover-20221013/UBNA_001/20221012_030000.WAV,Telephone Field,recover-20221013,001,1795
1045.5205,1045.5596,68437,81772,Rhinolophus ferrumequinum,0.021,0.021,-1,Echolocation,/mnt/ubna_data_02_mir/recover-20221013/UBNA_001/20221012_030000.WAV,Telephone Field,recover-20221013,001,1795
1045.5385,1045.5488,22890,27941,Nyctalus leisleri,0.011,0.025,-1,Echolocation,/mnt/ubna_data_02_mir/recover-20221013/UBNA_001/20221012_030000.WAV,Telephone Field,recover-20221013,001,1795
1045.5955,1045.6364,68437,82506,Rhinolophus ferrumequinum,0.023,0.023,-1,Echolocation,/mnt/ubna_data_02_mir/recover-20221013/UBNA_001/20221012_030000.WAV,Telephone Field,recover-20221013,001,1795
1045.5965,1045.6056,24609,32567,Nyctalus leisleri,0.006,0.021,-1,Echolocation,/mnt/ubna_data_02_mir/recover-20221013/UBNA_001/20221012_030000.WAV,Telephone Field,recover-20221013,001,1795
1045.6035,1045.6106,28046,40581,Eptesicus serotinus,0.007,0.023,-1,Echolocation,/mnt/ubna_data_02_mir/recover-20221013/UBNA_001/20221012_030000.WAV,Telephone Field,recover-20221013,001,1795
1045.6475,1045.6854,68437,81442,Rhinolophus ferrumequinum,0.021,0.021,-1,Echolocation,/mnt/ubna_data_02_mir/recover-20221013/UBNA_001/20221012_030000.WAV,Telephone Field,recover-20221013,001,1795
1045.6855,1045.6948,27187,35734,Eptesicus serotinus,0.008,0.021,-1,Echolocation,/mnt/ubna_data_02_mir/recover-20221013/UBNA_001/20221012_030000.WAV,Telephone Field,recover-20221013,001,1795
1045.6895,1045.7288,68437,82213,Rhinolophus ferrumequinum,0.026,0.026,-1,Echolocation,/mnt/ubna_data_02_mir/recover-20221013/UBNA_001/20221012_030000.WAV,Telephone Field,recover-20221013,001,1795
1045.7215,1045.7298,26328,35431,Eptesicus serotinus,0.007,0.021,-1,Echolocation,/mnt/ubna_data_02_mir/recover-20221013/UBNA_001/20221012_030000.WAV,Telephone Field,recover-20221013,001,1795
1045.7335,1045.7458,27187,32211,Eptesicus serotinus,0.012,0.03,-1,Echolocation,/mnt/ubna_data_02_mir/recover-20221013/UBNA_001/20221012_030000.WAV,Telephone Field,recover-20221013,001,1795
1045.7345,1045.7761,68437,82504,Rhinolophus ferrumequinum,0.022,0.022,-1,Echolocation,/mnt/ubna_data_02_mir/recover-20221013/UBNA_001/20221012_030000.WAV,Telephone Field,recover-20221013,001,1795
1045.7605,1045.8025,68437,82161,Rhinolophus ferrumequinum,0.022,0.022,-1,Echolocation,/mnt/ubna_data_02_mir/recover-20221013/UBNA_001/20221012_030000.WAV,Telephone Field,recover-20221013,001,1795
1045.8005,1045.8399,68437,82436,Rhinolophus ferrumequinum,0.027,0.027,-1,Echolocation,/mnt/ubna_data_02_mir/recover-20221013/UBNA_001/20221012_030000.WAV,Telephone Field,recover-20221013,001,1795
1045.8295,1045.8696,68437,82122,Rhinolophus ferrumequinum,0.021,0.021,-1,Echolocation,/mnt/ubna_data_02_mir/recover-20221013/UBNA_001/20221012_030000.WAV,Telephone Field,recover-20221013,001,1795
1045.8395,1045.8488,28906,37495,Eptesicus serotinus,0.011,0.029,-1,Echolocation,/mnt/ubna_data_02_mir/recover-20221013/UBNA_001/20221012_030000.WAV,Telephone Field,recover-20221013,001,1795
1045.8635,1045.9061,68437,82898,Rhinolophus ferrumequinum,0.031,0.031,-1,Echolocation,/mnt/ubna_data_02_mir/recover-20221013/UBNA_001/20221012_030000.WAV,Telephone Field,recover-20221013,001,1795
1045.8935,1045.9374,68437,83363,Rhinolophus ferrumequinum,0.041,0.041,-1,Echolocation,/mnt/ubna_data_02_mir/recover-20221013/UBNA_001/20221012_030000.WAV,Telephone Field,recover-20221013,001,1795
1045.9035,1045.9147,29765,37148,Eptesicus serotinus,0.011,0.026,-1,Echolocation,/mnt/ubna_data_02_mir/recover-20221013/UBNA_001/20221012_030000.WAV,Telephone Field,recover-20221013,001,1795
1045.9135,1045.9235,28046,36280,Eptesicus serotinus,0.009,0.022,-1,Echolocation,/mnt/ubna_data_02_mir/recover-20221013/UBNA_001/20221012_030000.WAV,Telephone Field,recover-20221013,001,1795
1046.0015,1046.0113,24609,31505,Nyctalus leisleri,0.012,0.03,-1,Echolocation,/mnt/ubna_data_02_mir/recover-20221013/UBNA_001/20221012_030000.WAV,Telephone Field,recover-20221013,001,1795
1046.0015,1046.0332,68437,79397,Rhinolophus ferrumequinum,0.034,0.034,-1,Echolocation,/mnt/ubna_data_02_mir/recover-20221013/UBNA_001/20221012_030000.WAV,Telephone Field,recover-20221013,001,1795
1046.0135,1046.0548,68437,82765,Rhinolophus ferrumequinum,0.026,0.026,-1,Echolocation,/mnt/ubna_data_02_mir/recover-20221013/UBNA_001/20221012_030000.WAV,Telephone Field,recover-20221013,001,1795
1046.0455,1046.0535,28046,38712,Eptesicus serotinus,0.009,0.023,-1,Echolocation,/mnt/ubna_data_02_mir/recover-20221013/UBNA_001/20221012_030000.WAV,Telephone Field,recover-20221013,001,1795
1046.0765,1046.1184,68437,82812,Rhinolophus ferrumequinum,0.025,0.025,-1,Echolocation,/mnt/ubna_data_02_mir/recover-20221013/UBNA_001/20221012_030000.WAV,Telephone Field,recover-20221013,001,1795
1046.1045,1046.1473,68437,82790,Rhinolophus ferrumequinum,0.022,0.022,-1,Echolocation,/mnt/ubna_data_02_mir/recover-20221013/UBNA_001/20221012_030000.WAV,Telephone Field,recover-20221013,001,1795
1046.1605,1046.2006,68437,82184,Rhinolophus ferrumequinum,0.022,0.022,-1,Echolocation,/mnt/ubna_data_02_mir/recover-20221013/UBNA_001/20221012_030000.WAV,Telephone Field,recover-20221013,001,1795
1046.1755,1046.1855,27187,35671,Eptesicus serotinus,0.009,0.021,-1,Echolocation,/mnt/ubna_data_02_mir/recover-20221013/UBNA_001/20221012_030000.WAV,Telephone Field,recover-20221013,001,1795
1046.2035,1046.2441,68437,82796,Rhinolophus ferrumequinum,0.021,0.021,-1,Echolocation,/mnt/ubna_data_02_mir/recover-20221013/UBNA_001/20221012_030000.WAV,Telephone Field,recover-20221013,001,1795
1046.2315,1046.267,68437,81822,Rhinolophus ferrumequinum,0.021,0.021,-1,Echolocation,/mnt/ubna_data_02_mir/recover-20221013/UBNA_001/20221012_030000.WAV,Telephone Field,recover-20221013,001,1795
1046.2755,1046.2839,27187,36905,Eptesicus serotinus,0.008,0.022,-1,Echolocation,/mnt/ubna_data_02_mir/recover-20221013/UBNA_001/20221012_030000.WAV,Telephone Field,recover-20221013,001,1795
1046.2955,1046.3064,23750,31077,Nyctalus leisleri,0.011,0.032,-1,Echolocation,/mnt/ubna_data_02_mir/recover-20221013/UBNA_001/20221012_030000.WAV,Telephone Field,recover-20221013,001,1795
1046.3005,1046.3395,68437,82096,Rhinolophus ferrumequinum,0.024,0.024,-1,Echolocation,/mnt/ubna_data_02_mir/recover-20221013/UBNA_001/20221012_030000.WAV,Telephone Field,recover-20221013,001,1795
1046.3845,1046.426,68437,82711,Rhinolophus ferrumequinum,0.022,0.022,-1,Echolocation,/mnt/ubna_data_02_mir/recover-20221013/UBNA_001/20221012_030000.WAV,Telephone Field,recover-20221013,001,1795
1046.3915,1046.4318,68437,82219,Rhinolophus ferrumequinum,0.022,0.022,-1,Echolocation,/mnt/ubna_data_02_mir/recover-20221013/UBNA_001/20221012_030000.WAV,Telephone Field,recover-20221013,001,1795
1046.4365,1046.4553,19453,22399,Nyctalus leisleri,0.01,0.021,-1,Echolocation,/mnt/ubna_data_02_mir/recover-20221013/UBNA_001/20221012_030000.WAV,Telephone Field,recover-20221013,001,1795
1046.4715,1046.5083,68437,81374,Rhinolophus ferrumequinum,0.025,0.025,-1,Echolocation,/mnt/ubna_data_02_mir/recover-20221013/UBNA_001/20221012_030000.WAV,Telephone Field,recover-20221013,001,1795
1046.4905,1046.499,27187,37843,Eptesicus serotinus,0.009,0.023,-1,Echolocation,/mnt/ubna_data_02_mir/recover-20221013/UBNA_001/20221012_030000.WAV,Telephone Field,recover-20221013,001,1795
1046.4925,1046.5322,68437,82808,Rhinolophus ferrumequinum,0.027,0.027,-1,Echolocation,/mnt/ubna_data_02_mir/recover-20221013/UBNA_001/20221012_030000.WAV,Telephone Field,recover-20221013,001,1795
1046.4985,1046.535,68437,82487,Rhinolophus ferrumequinum,0.027,0.027,-1,Echolocation,/mnt/ubna_data_02_mir/recover-20221013/UBNA_001/20221012_030000.WAV,Telephone Field,recover-20221013,001,1795
1046.5095,1046.521,23750,29677,Nyctalus leisleri,0.008,0.021,-1,Echolocation,/mnt/ubna_data_02_mir/recover-20221013/UBNA_001/20221012_030000.WAV,Telephone Field,recover-20221013,001,1795
1046.5305,1046.5695,68437,82484,Rhinolophus ferrumequinum,0.021,0.021,-1,Echolocation,/mnt/ubna_data_02_mir/recover-20221013/UBNA_001/20221012_030000.WAV,Telephone Field,recover-20221013,001,1795
1046.5875,1046.5973,27187,37050,Eptesicus serotinus,0.011,0.024,-1,Echolocation,/mnt/ubna_data_02_mir/recover-20221013/UBNA_001/20221012_030000.WAV,Telephone Field,recover-20221013,001,1795
1046.6235,1046.6628,68437,82013,Rhinolophus ferrumequinum,0.023,0.023,-1,Echolocation,/mnt/ubna_data_02_mir/recover-20221013/UBNA_001/20221012_030000.WAV,Telephone Field,recover-20221013,001,1795
1046.6295,1046.6702,68437,82591,Rhinolophus ferrumequinum,0.024,0.024,-1,Echolocation,/mnt/ubna_data_02_mir/recover-20221013/UBNA_001/20221012_030000.WAV,Telephone Field,recover-20221013,001,1795
1046.6325,1046.6441,22890,28053,Nyctalus leisleri,0.01,0.022,-1,Echolocation,/mnt/ubna_data_02_mir/recover-20221013/UBNA_001/20221012_030000.WAV,Telephone Field,recover-20221013,001,1795
1046.6385,1046.6495,22031,26799,Nyctalus leisleri,0.011,0.022,-1,Echolocation,/mnt/ubna_data_02_mir/recover-20221013/UBNA_001/20221012_030000.WAV,Telephone Field,recover-20221013,001,1795
1046.6385,1046.6463,27187,39261,Eptesicus serotinus,0.007,0.021,-1,Echolocation,/mnt/ubna_data_02_mir/recover-20221013/UBNA_001/20221012_030000.WAV,Telephone Field,recover-20221013,001,1795
1046.6975,1046.7065,28046,37860,Eptesicus serotinus,0.008,0.023,-1,Echolocation,/mnt/ubna_data_02_mir/recover-20221013/UBNA_001/20221012_030000.WAV,Telephone Field,recover-20221013,001,1795
1046.7105,1046.7467,68437,81055,Rhinolophus ferrumequinum,0.021,0.021,-1,Echolocation,/mnt/ubna_data_02_mir/recover-20221013/UBNA_001/20221012_030000.WAV,Telephone Field,recover-20221013,001,1795
1046.7185,1046.753,68437,81332,Rhinolophus ferrumequinum,0.029,0.029,-1,Echolocation,/mnt/ubna_data_02_mir/recover-20221013/UBNA_001/20221012_030000.WAV,Telephone Field,recover-20221013,001,1795
1046.7265,1046.7631,68437,80980,Rhinolophus ferrumequinum,0.021,0.021,-1,Echolocation,/mnt/ubna_data_02_mir/recover-20221013/UBNA_001/20221012_030000.WAV,Telephone Field,recover-20221013,001,1795
1046.7275,1046.734,27187,38071,Eptesicus serotinus,0.012,0.039,-1,Echolocation,/mnt/ubna_data_02_mir/recover-20221013/UBNA_001/20221012_030000.WAV,Telephone Field,recover-20221013,001,1795
1046.7585,1046.798,68437,82479,Rhinolophus ferrumequinum,0.026,0.026,-1,Echolocation,/mnt/ubna_data_02_mir/recover-20221013/UBNA_001/20221012_030000.WAV,Telephone Field,recover-20221013,001,1795
1046.7775,1046.7878,28046,36146,Eptesicus serotinus,0.011,0.024,-1,Echolocation,/mnt/ubna_data_02_mir/recover-20221013/UBNA_001/20221012_030000.WAV,Telephone Field,recover-20221013,001,1795
1046.8305,1046.8735,68437,83317,Rhinolophus ferrumequinum,0.04,0.04,-1,Echolocation,/mnt/ubna_data_02_mir/recover-20221013/UBNA_001/20221012_030000.WAV,Telephone Field,recover-20221013,001,1795
1046.8665,1046.8741,26328,35919,Eptesicus serotinus,0.007,0.023,-1,Echolocation,/mnt/ubna_data_02_mir/recover-20221013/UBNA_001/20221012_030000.WAV,Telephone Field,recover-20221013,001,1795
1046.9145,1046.9538,68437,81465,Rhinolophus ferrumequinum,0.026,0.026,-1,Echolocation,/mnt/ubna_data_02_mir/recover-20221013/UBNA_001/20221012_030000.WAV,Telephone Field,recover-20221013,001,1795
1046.9155,1046.9244,27187,39462,Eptesicus serotinus,0.008,0.022,-1,Echolocation,/mnt/ubna_data_02_mir/recover-20221013/UBNA_001/20221012_030000.WAV,Telephone Field,recover-20221013,001,1795
1046.9305,1046.9386,28046,37738,Eptesicus serotinus,0.008,0.023,-1,Echolocation,/mnt/ubna_data_02_mir/recover-20221013/UBNA_001/20221012_030000.WAV,Telephone Field,recover-20221013,001,1795
1046.9535,1046.964,22890,27593,Nyctalus leisleri,0.011,0.021,-1,Echolocation,/mnt/ubna_data_02_mir/recover-20221013/UBNA_001/20221012_030000.WAV,Telephone Field,recover-20221013,001,1795
1046.9805,1047.0147,68437,81386,Rhinolophus ferrumequinum,0.022,0.022,-1,Echolocation,/mnt/ubna_data_02_mir/recover-20221013/UBNA_001/20221012_030000.WAV,Telephone Field,recover-20221013,001,1795
1047.0495,1047.0855999999999,68437,81284,Rhinolophus ferrumequinum,0.022,0.022,-1,Echolocation,/mnt/ubna_data_02_mir/recover-20221013/UBNA_001/20221012_030000.WAV,Telephone Field,recover-20221013,001,1795
1047.0505,1047.0588,27187,38536,Eptesicus serotinus,0.009,0.024,-1,Echolocation,/mnt/ubna_data_02_mir/recover-20221013/UBNA_001/20221012_030000.WAV,Telephone Field,recover-20221013,001,1795
1047.0875,1047.1269,68437,81818,Rhinolophus ferrumequinum,0.021,0.021,-1,Echolocation,/mnt/ubna_data_02_mir/recover-20221013/UBNA_001/20221012_030000.WAV,Telephone Field,recover-20221013,001,1795
1047.1245,1047.1309,29765,42475,Myotis daubentonii,0.011,0.033,-1,Echolocation,/mnt/ubna_data_02_mir/recover-20221013/UBNA_001/20221012_030000.WAV,Telephone Field,recover-20221013,001,1795
1047.1335,1047.1691,68437,80679,Rhinolophus ferrumequinum,0.022,0.022,-1,Echolocation,/mnt/ubna_data_02_mir/recover-20221013/UBNA_001/20221012_030000.WAV,Telephone Field,recover-20221013,001,1795
1047.1585,1047.1985,68437,82567,Rhinolophus ferrumequinum,0.025,0.025,-1,Echolocation,/mnt/ubna_data_02_mir/recover-20221013/UBNA_001/20221012_030000.WAV,Telephone Field,recover-20221013,001,1795
1047.1935,1047.2043,22890,27805,Nyctalus leisleri,0.01,0.021,-1,Echolocation,/mnt/ubna_data_02_mir/recover-20221013/UBNA_001/20221012_030000.WAV,Telephone Field,recover-20221013,001,1795
1047.2375,1047.2745,68437,81649,Rhinolophus ferrumequinum,0.021,0.021,-1,Echolocation,/mnt/ubna_data_02_mir/recover-20221013/UBNA_001/20221012_030000.WAV,Telephone Field,recover-20221013,001,1795
1047.2395,1047.2481,27187,39490,Eptesicus serotinus,0.008,0.022,-1,Echolocation,/mnt/ubna_data_02_mir/recover-20221013/UBNA_001/20221012_030000.WAV,Telephone Field,recover-20221013,001,1795
1047.2855,1047.3245,68437,82422,Rhinolophus ferrumequinum,0.022,0.022,-1,Echolocation,/mnt/ubna_data_02_mir/recover-20221013/UBNA_001/20221012_030000.WAV,Telephone Field,recover-20221013,001,1795
1047.3235,1047.3683,68437,82864,Rhinolophus ferrumequinum,0.031,0.031,-1,Echolocation,/mnt/ubna_data_02_mir/recover-20221013/UBNA_001/20221012_030000.WAV,Telephone Field,recover-20221013,001,1795
1047.3555,1047.3644,46953,50305,Pipistrellus pipistrellus,0.026,0.028,-1,Echolocation,/mnt/ubna_data_02_mir/recover-20221013/UBNA_001/20221012_030000.WAV,Telephone Field,recover-20221013,001,1795
1047.3735,1047.415,68437,82632,Rhinolophus ferrumequinum,0.023,0.023,-1,Echolocation,/mnt/ubna_data_02_mir/recover-20221013/UBNA_001/20221012_030000.WAV,Telephone Field,recover-20221013,001,1795
1047.3745,1047.3848,22890,28052,Nyctalus leisleri,0.01,0.022,-1,Echolocation,/mnt/ubna_data_02_mir/recover-20221013/UBNA_001/20221012_030000.WAV,Telephone Field,recover-20221013,001,1795
1047.3805,1047.42,68437,81996,Rhinolophus ferrumequinum,0.021,0.021,-1,Echolocation,/mnt/ubna_data_02_mir/recover-20221013/UBNA_001/20221012_030000.WAV,Telephone Field,recover-20221013,001,1795
1047.3885,1047.4253,68437,82283,Rhinolophus ferrumequinum,0.021,0.021,-1,Echolocation,/mnt/ubna_data_02_mir/recover-20221013/UBNA_001/20221012_030000.WAV,Telephone Field,recover-20221013,001,1795
1047.4645,1047.4718,28906,40642,Eptesicus serotinus,0.007,0.024,-1,Echolocation,/mnt/ubna_data_02_mir/recover-20221013/UBNA_001/20221012_030000.WAV,Telephone Field,recover-20221013,001,1795
1047.4715,1047.5119,68437,82530,Rhinolophus ferrumequinum,0.024,0.025,-1,Echolocation,/mnt/ubna_data_02_mir/recover-20221013/UBNA_001/20221012_030000.WAV,Telephone Field,recover-20221013,001,1795
1047.4905,1047.5299,68437,82425,Rhinolophus ferrumequinum,0.024,0.024,-1,Echolocation,/mnt/ubna_data_02_mir/recover-20221013/UBNA_001/20221012_030000.WAV,Telephone Field,recover-20221013,001,1795
1047.5075,1047.5157,26328,34826,Eptesicus serotinus,0.008,0.023,-1,Echolocation,/mnt/ubna_data_02_mir/recover-20221013/UBNA_001/20221012_030000.WAV,Telephone Field,recover-20221013,001,1795
1047.5175,1047.5601,68437,82805,Rhinolophus ferrumequinum,0.023,0.023,-1,Echolocation,/mnt/ubna_data_02_mir/recover-20221013/UBNA_001/20221012_030000.WAV,Telephone Field,recover-20221013,001,1795
1047.5795,1047.6221,68437,83575,Rhinolophus ferrumequinum,0.024,0.024,-1,Echolocation,/mnt/ubna_data_02_mir/recover-20221013/UBNA_001/20221012_030000.WAV,Telephone Field,recover-20221013,001,1795
1047.5965,1047.6063,28046,36081,Eptesicus serotinus,0.009,0.023,-1,Echolocation,/mnt/ubna_data_02_mir/recover-20221013/UBNA_001/20221012_030000.WAV,Telephone Field,recover-20221013,001,1795
1047.5965,1047.6049,44375,48359,Pipistrellus pipistrellus,0.02,0.022,-1,Echolocation,/mnt/ubna_data_02_mir/recover-20221013/UBNA_001/20221012_030000.WAV,Telephone Field,recover-20221013,001,1795
1047.6285,1047.6652,68437,82173,Rhinolophus ferrumequinum,0.025,0.025,-1,Echolocation,/mnt/ubna_data_02_mir/recover-20221013/UBNA_001/20221012_030000.WAV,Telephone Field,recover-20221013,001,1795
1047.6605,1047.6701,25468,32932,Eptesicus serotinus,0.009,0.024,-1,Echolocation,/mnt/ubna_data_02_mir/recover-20221013/UBNA_001/20221012_030000.WAV,Telephone Field,recover-20221013,001,1795
1047.6655,1047.7013,68437,81566,Rhinolophus ferrumequinum,0.022,0.022,-1,Echolocation,/mnt/ubna_data_02_mir/recover-20221013/UBNA_001/20221012_030000.WAV,Telephone Field,recover-20221013,001,1795
1047.6875,1047.7228,68437,81261,Rhinolophus ferrumequinum,0.022,0.022,-1,Echolocation,/mnt/ubna_data_02_mir/recover-20221013/UBNA_001/20221012_030000.WAV,Telephone Field,recover-20221013,001,1795
1047.6925,1047.699,34921,43077,Myotis daubentonii,0.013,0.027,-1,Echolocation,/mnt/ubna_data_02_mir/recover-20221013/UBNA_001/20221012_030000.WAV,Telephone Field,recover-20221013,001,1795
1047.6935,1047.7006,28046,40716,Eptesicus serotinus,0.008,0.027,-1,Echolocation,/mnt/ubna_data_02_mir/recover-20221013/UBNA_001/20221012_030000.WAV,Telephone Field,recover-20221013,001,1795
1047.7255,1047.7673,68437,83492,Rhinolophus ferrumequinum,0.04,0.04,-1,Echolocation,/mnt/ubna_data_02_mir/recover-20221013/UBNA_001/20221012_030000.WAV,Telephone Field,recover-20221013,001,1795
1047.7425,1047.7505,29765,40516,Myotis daubentonii,0.009,0.025,-1,Echolocation,/mnt/ubna_data_02_mir/recover-20221013/UBNA_001/20221012_030000.WAV,Telephone Field,recover-20221013,001,1795
1047.7635,1047.7716,26328,35243,Eptesicus serotinus,0.013,0.037,-1,Echolocation,/mnt/ubna_data_02_mir/recover-20221013/UBNA_001/20221012_030000.WAV,Telephone Field,recover-20221013,001,1795
1047.8235,1047.8617,68437,82801,Rhinolophus ferrumequinum,0.024,0.024,-1,Echolocation,/mnt/ubna_data_02_mir/recover-20221013/UBNA_001/20221012_030000.WAV,Telephone Field,recover-20221013,001,1795
1047.8465,1047.8557,22890,29087,Nyctalus leisleri,0.01,0.028,-1,Echolocation,/mnt/ubna_data_02_mir/recover-20221013/UBNA_001/20221012_030000.WAV,Telephone Field,recover-20221013,001,1795
1047.8875,1047.9258,68437,81906,Rhinolophus ferrumequinum,0.024,0.024,-1,Echolocation,/mnt/ubna_data_02_mir/recover-20221013/UBNA_001/20221012_030000.WAV,Telephone Field,recover-20221013,001,1795
1047.9265,1047.9701,68437,83369,Rhinolophus ferrumequinum,0.038,0.038,-1,Echolocation,/mnt/ubna_data_02_mir/recover-20221013/UBNA_001/20221012_030000.WAV,Telephone Field,recover-20221013,001,1795
1047.9405,1047.9828,68437,82625,Rhinolophus ferrumequinum,0.025,0.025,-1,Echolocation,/mnt/ubna_data_02_mir/recover-20221013/UBNA_001/20221012_030000.WAV,Telephone Field,recover-20221013,001,1795
1047.9435,1047.9507,28046,40258,Eptesicus serotinus,0.009,0.031,-1,Echolocation,/mnt/ubna_data_02_mir/recover-20221013/UBNA_001/20221012_030000.WAV,Telephone Field,recover-20221013,001,1795
1047.9855,1047.9954,22031,28670,Nyctalus leisleri,0.009,0.026,-1,Echolocation,/mnt/ubna_data_02_mir/recover-20221013/UBNA_001/20221012_030000.WAV,Telephone Field,recover-20221013,001,1795
1048.0015,1048.0096,47812,54822,Pipistrellus pipistrellus,0.018,0.027,-1,Echolocation,/mnt/ubna_data_02_mir/recover-20221013/UBNA_001/20221012_030000.WAV,Telephone Field,recover-20221013,001,1795
1048.0015,1048.0107,25468,33463,Nyctalus leisleri,0.012,0.031,-1,Echolocation,/mnt/ubna_data_02_mir/recover-20221013/UBNA_001/20221012_030000.WAV,Telephone Field,recover-20221013,001,1795
1048.0015,1048.0339,69296,81176,Rhinolophus ferrumequinum,0.036,0.036,-1,Echolocation,/mnt/ubna_data_02_mir/recover-20221013/UBNA_001/20221012_030000.WAV,Telephone Field,recover-20221013,001,1795
1048.0115,1048.0209,23750,30827,Nyctalus leisleri,0.008,0.022,-1,Echolocation,/mnt/ubna_data_02_mir/recover-20221013/UBNA_001/20221012_030000.WAV,Telephone Field,recover-20221013,001,1795
1048.0395,1048.0808,68437,82244,Rhinolophus ferrumequinum,0.022,0.022,-1,Echolocation,/mnt/ubna_data_02_mir/recover-20221013/UBNA_001/20221012_030000.WAV,Telephone Field,recover-20221013,001,1795
1048.0895,1048.0995,22031,27520,Nyctalus leisleri,0.008,0.022,-1,Echolocation,/mnt/ubna_data_02_mir/recover-20221013/UBNA_001/20221012_030000.WAV,Telephone Field,recover-20221013,001,1795
1048.1255,1048.1643,68437,81547,Rhinolophus ferrumequinum,0.022,0.022,-1,Echolocation,/mnt/ubna_data_02_mir/recover-20221013/UBNA_001/20221012_030000.WAV,Telephone Field,recover-20221013,001,1795
1048.1315,1048.1691,68437,82166,Rhinolophus ferrumequinum,0.022,0.022,-1,Echolocation,/mnt/ubna_data_02_mir/recover-20221013/UBNA_001/20221012_030000.WAV,Telephone Field,recover-20221013,001,1795
1048.1505,1048.1902,68437,83005,Rhinolophus ferrumequinum,0.028,0.028,-1,Echolocation,/mnt/ubna_data_02_mir/recover-20221013/UBNA_001/20221012_030000.WAV,Telephone Field,recover-20221013,001,1795
1048.1525,1048.1597,27187,40787,Eptesicus serotinus,0.006,0.021,-1,Echolocation,/mnt/ubna_data_02_mir/recover-20221013/UBNA_001/20221012_030000.WAV,Telephone Field,recover-20221013,001,1795
1048.1625,1048.2014,68437,81777,Rhinolophus ferrumequinum,0.023,0.023,-1,Echolocation,/mnt/ubna_data_02_mir/recover-20221013/UBNA_001/20221012_030000.WAV,Telephone Field,recover-20221013,001,1795
1048.1885,1048.2276,68437,82431,Rhinolophus ferrumequinum,0.022,0.022,-1,Echolocation,/mnt/ubna_data_02_mir/recover-20221013/UBNA_001/20221012_030000.WAV,Telephone Field,recover-20221013,001,1795
1048.1975,1048.2061,22031,28997,Plecotus austriacus,0.012,0.026,-1,Echolocation,/mnt/ubna_data_02_mir/recover-20221013/UBNA_001/20221012_030000.WAV,Telephone Field,recover-20221013,001,1795
1048.2305,1048.2401,28046,38287,Eptesicus serotinus,0.01,0.026,-1,Echolocation,/mnt/ubna_data_02_mir/recover-20221013/UBNA_001/20221012_030000.WAV,Telephone Field,recover-20221013,001,1795
1048.2305,1048.2705,68437,82221,Rhinolophus ferrumequinum,0.027,0.027,-1,Echolocation,/mnt/ubna_data_02_mir/recover-20221013/UBNA_001/20221012_030000.WAV,Telephone Field,recover-20221013,001,1795
1048.2665,1048.3048,68437,81818,Rhinolophus ferrumequinum,0.021,0.021,-1,Echolocation,/mnt/ubna_data_02_mir/recover-20221013/UBNA_001/20221012_030000.WAV,Telephone Field,recover-20221013,001,1795
1048.2745,1048.2822,23750,32412,Plecotus austriacus,0.011,0.024,-1,Echolocation,/mnt/ubna_data_02_mir/recover-20221013/UBNA_001/20221012_030000.WAV,Telephone Field,recover-20221013,001,1795
1048.2865,1048.3252,68437,81578,Rhinolophus ferrumequinum,0.022,0.022,-1,Echolocation,/mnt/ubna_data_02_mir/recover-20221013/UBNA_001/20221012_030000.WAV,Telephone Field,recover-20221013,001,1795
1048.3685,1048.411,68437,82895,Rhinolophus ferrumequinum,0.023,0.023,-1,Echolocation,/mnt/ubna_data_02_mir/recover-20221013/UBNA_001/20221012_030000.WAV,Telephone Field,recover-20221013,001,1795
1048.3715,1048.3783,28046,39102,Eptesicus serotinus,0.005,0.022,-1,Echolocation,/mnt/ubna_data_02_mir/recover-20221013/UBNA_001/20221012_030000.WAV,Telephone Field,recover-20221013,001,1795
1048.3875,1048.4274,68437,82256,Rhinolophus ferrumequinum,0.021,0.021,-1,Echolocation,/mnt/ubna_data_02_mir/recover-20221013/UBNA_001/20221012_030000.WAV,Telephone Field,recover-20221013,001,1795
1048.4025,1048.4444,68437,83013,Rhinolophus ferrumequinum,0.024,0.024,-1,Echolocation,/mnt/ubna_data_02_mir/recover-20221013/UBNA_001/20221012_030000.WAV,Telephone Field,recover-20221013,001,1795
1048.4215,1048.4337,22890,27218,Nyctalus leisleri,0.013,0.022,-1,Echolocation,/mnt/ubna_data_02_mir/recover-20221013/UBNA_001/20221012_030000.WAV,Telephone Field,recover-20221013,001,1795
1048.4295,1048.4684,68437,82589,Rhinolophus ferrumequinum,0.026,0.026,-1,Echolocation,/mnt/ubna_data_02_mir/recover-20221013/UBNA_001/20221012_030000.WAV,Telephone Field,recover-20221013,001,1795
1048.4715,1048.5129,68437,82652,Rhinolophus ferrumequinum,0.024,0.024,-1,Echolocation,/mnt/ubna_data_02_mir/recover-20221013/UBNA_001/20221012_030000.WAV,Telephone Field,recover-20221013,001,1795
1048.5075,1048.5483,68437,83181,Rhinolophus ferrumequinum,0.029,0.029,-1,Echolocation,/mnt/ubna_data_02_mir/recover-20221013/UBNA_001/20221012_030000.WAV,Telephone Field,recover-20221013,001,1795
1048.5935,1048.6313,68437,82402,Rhinolophus ferrumequinum,0.024,0.024,-1,Echolocation,/mnt/ubna_data_02_mir/recover-20221013/UBNA_001/20221012_030000.WAV,Telephone Field,recover-20221013,001,1795
1048.6055,1048.6429,68437,82021,Rhinolophus ferrumequinum,0.021,0.021,-1,Echolocation,/mnt/ubna_data_02_mir/recover-20221013/UBNA_001/20221012_030000.WAV,Telephone Field,recover-20221013,001,1795
1048.6145,1048.6505,68437,81606,Rhinolophus ferrumequinum,0.023,0.023,-1,Echolocation,/mnt/ubna_data_02_mir/recover-20221013/UBNA_001/20221012_030000.WAV,Telephone Field,recover-20221013,001,1795
1048.6425,1048.6527,28906,35454,Eptesicus serotinus,0.009,0.023,-1,Echolocation,/mnt/ubna_data_02_mir/recover-20221013/UBNA_001/20221012_030000.WAV,Telephone Field,recover-20221013,001,1795
1048.6525,1048.6624,28906,35817,Eptesicus serotinus,0.009,0.023,-1,Echolocation,/mnt/ubna_data_02_mir/recover-20221013/UBNA_001/20221012_030000.WAV,Telephone Field,recover-20221013,001,1795
1048.6555,1048.6934,68437,82632,Rhinolophus ferrumequinum,0.026,0.026,-1,Echolocation,/mnt/ubna_data_02_mir/recover-20221013/UBNA_001/20221012_030000.WAV,Telephone Field,recover-20221013,001,1795
1048.6695,1048.6761,34062,43652,Myotis daubentonii,0.014,0.038,-1,Echolocation,/mnt/ubna_data_02_mir/recover-20221013/UBNA_001/20221012_030000.WAV,Telephone Field,recover-20221013,001,1795
1048.6985,1048.7384,68437,82635,Rhinolophus ferrumequinum,0.023,0.024,-1,Echolocation,/mnt/ubna_data_02_mir/recover-20221013/UBNA_001/20221012_030000.WAV,Telephone Field,recover-20221013,001,1795
1048.7325,1048.7405,23750,31665,Plecotus austriacus,0.009,0.022,-1,Echolocation,/mnt/ubna_data_02_mir/recover-20221013/UBNA_001/20221012_030000.WAV,Telephone Field,recover-20221013,001,1795
1048.7375,1048.7748,68437,81276,Rhinolophus ferrumequinum,0.022,0.022,-1,Echolocation,/mnt/ubna_data_02_mir/recover-20221013/UBNA_001/20221012_030000.WAV,Telephone Field,recover-20221013,001,1795
1048.7555,1048.7944,68437,82062,Rhinolophus ferrumequinum,0.036,0.036,-1,Echolocation,/mnt/ubna_data_02_mir/recover-20221013/UBNA_001/20221012_030000.WAV,Telephone Field,recover-20221013,001,1795
1048.7825,1048.82,68437,82005,Rhinolophus ferrumequinum,0.027,0.027,-1,Echolocation,/mnt/ubna_data_02_mir/recover-20221013/UBNA_001/20221012_030000.WAV,Telephone Field,recover-20221013,001,1795
1048.7825,1048.7896,28046,42047,Eptesicus serotinus,0.007,0.027,-1,Echolocation,/mnt/ubna_data_02_mir/recover-20221013/UBNA_001/20221012_030000.WAV,Telephone Field,recover-20221013,001,1795
1048.7845,1048.7915,23750,32784,Plecotus austriacus,0.012,0.026,-1,Echolocation,/mnt/ubna_data_02_mir/recover-20221013/UBNA_001/20221012_030000.WAV,Telephone Field,recover-20221013,001,1795
1048.7925,1048.8324,68437,82197,Rhinolophus ferrumequinum,0.022,0.022,-1,Echolocation,/mnt/ubna_data_02_mir/recover-20221013/UBNA_001/20221012_030000.WAV,Telephone Field,recover-20221013,001,1795
1048.8065,1048.8432,68437,81518,Rhinolophus ferrumequinum,0.021,0.021,-1,Echolocation,/mnt/ubna_data_02_mir/recover-20221013/UBNA_001/20221012_030000.WAV,Telephone Field,recover-20221013,001,1795
1048.8275,1048.864,68437,81159,Rhinolophus ferrumequinum,0.022,0.022,-1,Echolocation,/mnt/ubna_data_02_mir/recover-20221013/UBNA_001/20221012_030000.WAV,Telephone Field,recover-20221013,001,1795
1048.8385,1048.8779,68437,82177,Rhinolophus ferrumequinum,0.023,0.023,-1,Echolocation,/mnt/ubna_data_02_mir/recover-20221013/UBNA_001/20221012_030000.WAV,Telephone Field,recover-20221013,001,1795
1048.9705,1048.9798,44375,52146,Pipistrellus pipistrellus,0.018,0.022,-1,Echolocation,/mnt/ubna_data_02_mir/recover-20221013/UBNA_001/20221012_030000.WAV,Telephone Field,recover-20221013,001,1795
1048.9965,1049.0071,22031,26524,Nyctalus leisleri,0.011,0.024,-1,Echolocation,/mnt/ubna_data_02_mir/recover-20221013/UBNA_001/20221012_030000.WAV,Telephone Field,recover-20221013,001,1795
1048.9975,1049.0088,33203,39343,Eptesicus serotinus,0.006,0.022,-1,Echolocation,/mnt/ubna_data_02_mir/recover-20221013/UBNA_001/20221012_030000.WAV,Telephone Field,recover-20221013,001,1795
1048.9995,1049.0405,68437,82506,Rhinolophus ferrumequinum,0.025,0.025,-1,Echolocation,/mnt/ubna_data_02_mir/recover-20221013/UBNA_001/20221012_030000.WAV,Telephone Field,recover-20221013,001,1795
1049.0005,1049.0083,28906,37035,Eptesicus serotinus,0.006,0.022,-1,Echolocation,/mnt/ubna_data_02_mir/recover-20221013/UBNA_001/20221012_030000.WAV,Telephone Field,recover-20221013,001,1795
1049.0075,1049.0473,68437,82092,Rhinolophus ferrumequinum,0.024,0.024,-1,Echolocation,/mnt/ubna_data_02_mir/recover-20221013/UBNA_001/20221012_030000.WAV,Telephone Field,recover-20221013,001,1795
1049.0195,1049.027,32343,42350,Myotis daubentonii,0.008,0.023,-1,Echolocation,/mnt/ubna_data_02_mir/recover-20221013/UBNA_001/20221012_030000.WAV,Telephone Field,recover-20221013,001,1795
1049.0355,1049.0439,28046,37429,Eptesicus serotinus,0.008,0.022,-1,Echolocation,/mnt/ubna_data_02_mir/recover-20221013/UBNA_001/20221012_030000.WAV,Telephone Field,recover-20221013,001,1795
1049.0535,1049.0934,68437,82070,Rhinolophus ferrumequinum,0.023,0.023,-1,Echolocation,/mnt/ubna_data_02_mir/recover-20221013/UBNA_001/20221012_030000.WAV,Telephone Field,recover-20221013,001,1795
1049.0845,1049.0949,22031,27322,Nyctalus leisleri,0.01,0.023,-1,Echolocation,/mnt/ubna_data_02_mir/recover-20221013/UBNA_001/20221012_030000.WAV,Telephone Field,recover-20221013,001,1795
1049.0925,1049.1029,22890,28642,Nyctalus leisleri,0.01,0.022,-1,Echolocation,/mnt/ubna_data_02_mir/recover-20221013/UBNA_001/20221012_030000.WAV,Telephone Field,recover-20221013,001,1795
1049.0945,1049.1302,68437,81298,Rhinolophus ferrumequinum,0.024,0.024,-1,Echolocation,/mnt/ubna_data_02_mir/recover-20221013/UBNA_001/20221012_030000.WAV,Telephone Field,recover-20221013,001,1795
1049.1215,1049.1319,50390,55080,Pipistrellus pipistrellus,0.021,0.024,-1,Echolocation,/mnt/ubna_data_02_mir/recover-20221013/UBNA_001/20221012_030000.WAV,Telephone Field,recover-20221013,001,1795
1049.1295,1049.1404,22890,27956,Nyctalus leisleri,0.012,0.026,-1,Echolocation,/mnt/ubna_data_02_mir/recover-20221013/UBNA_001/20221012_030000.WAV,Telephone Field,recover-20221013,001,1795
1049.1405,1049.1802,68437,81990,Rhinolophus ferrumequinum,0.049,0.049,-1,Echolocation,/mnt/ubna_data_02_mir/recover-20221013/UBNA_001/20221012_030000.WAV,Telephone Field,recover-20221013,001,1795
1049.1725,1049.2094,68437,82548,Rhinolophus ferrumequinum,0.022,0.022,-1,Echolocation,/mnt/ubna_data_02_mir/recover-20221013/UBNA_001/20221012_030000.WAV,Telephone Field,recover-20221013,001,1795
1049.1995,1049.2382,68437,82372,Rhinolophus ferrumequinum,0.021,0.021,-1,Echolocation,/mnt/ubna_data_02_mir/recover-20221013/UBNA_001/20221012_030000.WAV,Telephone Field,recover-20221013,001,1795
1049.2215,1049.2284,27187,36282,Eptesicus serotinus,0.007,0.026,-1,Echolocation,/mnt/ubna_data_02_mir/recover-20221013/UBNA_001/20221012_030000.WAV,Telephone Field,recover-20221013,001,1795
1049.2675,1049.3051,68437,81858,Rhinolophus ferrumequinum,0.021,0.021,-1,Echolocation,/mnt/ubna_data_02_mir/recover-20221013/UBNA_001/20221012_030000.WAV,Telephone Field,recover-20221013,001,1795
1049.2825,1049.3227,68437,82571,Rhinolophus ferrumequinum,0.027,0.027,-1,Echolocation,/mnt/ubna_data_02_mir/recover-20221013/UBNA_001/20221012_030000.WAV,Telephone Field,recover-20221013,001,1795
1049.3405,1049.3497,28046,39456,Eptesicus serotinus,0.009,0.024,-1,Echolocation,/mnt/ubna_data_02_mir/recover-20221013/UBNA_001/20221012_030000.WAV,Telephone Field,recover-20221013,001,1795
1049.3575,1049.3675,50390,55354,Pipistrellus pipistrellus,0.024,0.034,-1,Echolocation,/mnt/ubna_data_02_mir/recover-20221013/UBNA_001/20221012_030000.WAV,Telephone Field,recover-20221013,001,1795
1049.3755,1049.418,68437,82908,Rhinolophus ferrumequinum,0.029,0.029,-1,Echolocation,/mnt/ubna_data_02_mir/recover-20221013/UBNA_001/20221012_030000.WAV,Telephone Field,recover-20221013,001,1795
1049.3915,1049.3989,27187,39733,Eptesicus serotinus,0.006,0.022,-1,Echolocation,/mnt/ubna_data_02_mir/recover-20221013/UBNA_001/20221012_030000.WAV,Telephone Field,recover-20221013,001,1795
1049.4055,1049.4454,68437,82043,Rhinolophus ferrumequinum,0.022,0.022,-1,Echolocation,/mnt/ubna_data_02_mir/recover-20221013/UBNA_001/20221012_030000.WAV,Telephone Field,recover-20221013,001,1795
1049.4165,1049.458,68437,82744,Rhinolophus ferrumequinum,0.023,0.023,-1,Echolocation,/mnt/ubna_data_02_mir/recover-20221013/UBNA_001/20221012_030000.WAV,Telephone Field,recover-20221013,001,1795
1049.4265,1049.4336,28046,36888,Eptesicus serotinus,0.007,0.022,-1,Echolocation,/mnt/ubna_data_02_mir/recover-20221013/UBNA_001/20221012_030000.WAV,Telephone Field,recover-20221013,001,1795
1049.4385,1049.4779,68437,82234,Rhinolophus ferrumequinum,0.024,0.024,-1,Echolocation,/mnt/ubna_data_02_mir/recover-20221013/UBNA_001/20221012_030000.WAV,Telephone Field,recover-20221013,001,1795
1049.4885,1049.5315,68437,83282,Rhinolophus ferrumequinum,0.044,0.044,-1,Echolocation,/mnt/ubna_data_02_mir/recover-20221013/UBNA_001/20221012_030000.WAV,Telephone Field,recover-20221013,001,1795
1049.5385,1049.5795,68437,82345,Rhinolophus ferrumequinum,0.038,0.038,-1,Echolocation,/mnt/ubna_data_02_mir/recover-20221013/UBNA_001/20221012_030000.WAV,Telephone Field,recover-20221013,001,1795
1049.5855,1049.6249,68437,82072,Rhinolophus ferrumequinum,0.024,0.024,-1,Echolocation,/mnt/ubna_data_02_mir/recover-20221013/UBNA_001/20221012_030000.WAV,Telephone Field,recover-20221013,001,1795
1049.6035,1049.6155,22890,27417,Nyctalus leisleri,0.019,0.032,-1,Echolocation,/mnt/ubna_data_02_mir/recover-20221013/UBNA_001/20221012_030000.WAV,Telephone Field,recover-20221013,001,1795
1049.6275,1049.6659,68437,82288,Rhinolophus ferrumequinum,0.024,0.024,-1,Echolocation,/mnt/ubna_data_02_mir/recover-20221013/UBNA_001/20221012_030000.WAV,Telephone Field,recover-20221013,001,1795
1049.6635,1049.7025,68437,82515,Rhinolophus ferrumequinum,0.022,0.022,-1,Echolocation,/mnt/ubna_data_02_mir/recover-20221013/UBNA_001/20221012_030000.WAV,Telephone Field,recover-20221013,001,1795
1049.7405,1049.7494,28046,37355,Eptesicus serotinus,0.007,0.022,-1,Echolocation,/mnt/ubna_data_02_mir/recover-20221013/UBNA_001/20221012_030000.WAV,Telephone Field,recover-20221013,001,1795
1049.7445,1049.7827,68437,82095,Rhinolophus ferrumequinum,0.023,0.023,-1,Echolocation,/mnt/ubna_data_02_mir/recover-20221013/UBNA_001/20221012_030000.WAV,Telephone Field,recover-20221013,001,1795
1049.7565,1049.7939,68437,82818,Rhinolophus ferrumequinum,0.022,0.022,-1,Echolocation,/mnt/ubna_data_02_mir/recover-20221013/UBNA_001/20221012_030000.WAV,Telephone Field,recover-20221013,001,1795
1049.7875,1049.8278,68437,82275,Rhinolophus ferrumequinum,0.025,0.025,-1,Echolocation,/mnt/ubna_data_02_mir/recover-20221013/UBNA_001/20221012_030000.WAV,Telephone Field,recover-20221013,001,1795
1049.7885,1049.7991,22890,27551,Nyctalus leisleri,0.013,0.025,-1,Echolocation,/mnt/ubna_data_02_mir/recover-20221013/UBNA_001/20221012_030000.WAV,Telephone Field,recover-20221013,001,1795
1049.8065,1049.8455,68437,83027,Rhinolophus ferrumequinum,0.023,0.023,-1,Echolocation,/mnt/ubna_data_02_mir/recover-20221013/UBNA_001/20221012_030000.WAV,Telephone Field,recover-20221013,001,1795
1049.8215,1049.8308,28046,36998,Eptesicus serotinus,0.009,0.022,-1,Echolocation,/mnt/ubna_data_02_mir/recover-20221013/UBNA_001/20221012_030000.WAV,Telephone Field,recover-20221013,001,1795
1049.8435,1049.8807,68437,82094,Rhinolophus ferrumequinum,0.025,0.025,-1,Echolocation,/mnt/ubna_data_02_mir/recover-20221013/UBNA_001/20221012_030000.WAV,Telephone Field,recover-20221013,001,1795
1049.8725,1049.9106,68437,81918,Rhinolophus ferrumequinum,0.023,0.023,-1,Echolocation,/mnt/ubna_data_02_mir/recover-20221013/UBNA_001/20221012_030000.WAV,Telephone Field,recover-20221013,001,1795
1049.8955,1049.932,68437,81665,Rhinolophus ferrumequinum,0.025,0.025,-1,Echolocation,/mnt/ubna_data_02_mir/recover-20221013/UBNA_001/20221012_030000.WAV,Telephone Field,recover-20221013,001,1795
1049.9015,1049.9105,28046,37024,Eptesicus serotinus,0.01,0.024,-1,Echolocation,/mnt/ubna_data_02_mir/recover-20221013/UBNA_001/20221012_030000.WAV,Telephone Field,recover-20221013,001,1795
1049.9345,1049.9674,68437,79941,Rhinolophus ferrumequinum,0.023,0.023,-1,Echolocation,/mnt/ubna_data_02_mir/recover-20221013/UBNA_001/20221012_030000.WAV,Telephone Field,recover-20221013,001,1795
1049.9485,1049.9884,68437,82633,Rhinolophus ferrumequinum,0.022,0.022,-1,Echolocation,/mnt/ubna_data_02_mir/recover-20221013/UBNA_001/20221012_030000.WAV,Telephone Field,recover-20221013,001,1795
1049.9555,1049.963,23750,32856,Plecotus austriacus,0.014,0.03,-1,Echolocation,/mnt/ubna_data_02_mir/recover-20221013/UBNA_001/20221012_030000.WAV,Telephone Field,recover-20221013,001,1795
1050.0015,1050.0109,25468,35023,Eptesicus serotinus,0.008,0.026,-1,Echolocation,/mnt/ubna_data_02_mir/recover-20221013/UBNA_001/20221012_030000.WAV,Telephone Field,recover-20221013,001,1795
1050.0015,1050.0308,68437,79545,Rhinolophus ferrumequinum,0.022,0.022,-1,Echolocation,/mnt/ubna_data_02_mir/recover-20221013/UBNA_001/20221012_030000.WAV,Telephone Field,recover-20221013,001,1795
1050.0125,1050.0538,68437,82293,Rhinolophus ferrumequinum,0.022,0.022,-1,Echolocation,/mnt/ubna_data_02_mir/recover-20221013/UBNA_001/20221012_030000.WAV,Telephone Field,recover-20221013,001,1795
1050.0185,1050.0289,22031,27311,Nyctalus leisleri,0.01,0.022,-1,Echolocation,/mnt/ubna_data_02_mir/recover-20221013/UBNA_001/20221012_030000.WAV,Telephone Field,recover-20221013,001,1795
1050.0405,1050.0775,68437,80961,Rhinolophus ferrumequinum,0.021,0.021,-1,Echolocation,/mnt/ubna_data_02_mir/recover-20221013/UBNA_001/20221012_030000.WAV,Telephone Field,recover-20221013,001,1795
1050.0715,1050.1128,68437,82971,Rhinolophus ferrumequinum,0.03,0.03,-1,Echolocation,/mnt/ubna_data_02_mir/recover-20221013/UBNA_001/20221012_030000.WAV,Telephone Field,recover-20221013,001,1795
1050.0885,1050.0958,27187,39238,Eptesicus serotinus,0.007,0.022,-1,Echolocation,/mnt/ubna_data_02_mir/recover-20221013/UBNA_001/20221012_030000.WAV,Telephone Field,recover-20221013,001,1795
1050.0915,1050.1279,68437,81907,Rhinolophus ferrumequinum,0.021,0.021,-1,Echolocation,/mnt/ubna_data_02_mir/recover-20221013/UBNA_001/20221012_030000.WAV,Telephone Field,recover-20221013,001,1795
1050.1165,1050.1564,68437,82539,Rhinolophus ferrumequinum,0.021,0.021,-1,Echolocation,/mnt/ubna_data_02_mir/recover-20221013/UBNA_001/20221012_030000.WAV,Telephone Field,recover-20221013,001,1795
1050.1305,1050.169,68437,81592,Rhinolophus ferrumequinum,0.021,0.021,-1,Echolocation,/mnt/ubna_data_02_mir/recover-20221013/UBNA_001/20221012_030000.WAV,Telephone Field,recover-20221013,001,1795
1050.1615,1050.1689,23750,32694,Plecotus austriacus,0.012,0.031,-1,Echolocation,/mnt/ubna_data_02_mir/recover-20221013/UBNA_001/20221012_030000.WAV,Telephone Field,recover-20221013,001,1795
1050.1785,1050.2204,68437,82757,Rhinolophus ferrumequinum,0.022,0.022,-1,Echolocation,/mnt/ubna_data_02_mir/recover-20221013/UBNA_001/20221012_030000.WAV,Telephone Field,recover-20221013,001,1795
1050.1835,1050.191,23750,32687,Plecotus austriacus,0.009,0.022,-1,Echolocation,/mnt/ubna_data_02_mir/recover-20221013/UBNA_001/20221012_030000.WAV,Telephone Field,recover-20221013,001,1795
1050.1865,1050.2253,68437,82343,Rhinolophus ferrumequinum,0.022,0.022,-1,Echolocation,/mnt/ubna_data_02_mir/recover-20221013/UBNA_001/20221012_030000.WAV,Telephone Field,recover-20221013,001,1795
1050.2495,1050.2875,68437,81488,Rhinolophus ferrumequinum,0.023,0.023,-1,Echolocation,/mnt/ubna_data_02_mir/recover-20221013/UBNA_001/20221012_030000.WAV,Telephone Field,recover-20221013,001,1795
1050.2925,1050.3114,21171,25066,Nyctalus leisleri,0.026,0.054,-1,Echolocation,/mnt/ubna_data_02_mir/recover-20221013/UBNA_001/20221012_030000.WAV,Telephone Field,recover-20221013,001,1795
1050.3675,1050.4086,68437,82881,Rhinolophus ferrumequinum,0.024,0.024,-1,Echolocation,/mnt/ubna_data_02_mir/recover-20221013/UBNA_001/20221012_030000.WAV,Telephone Field,recover-20221013,001,1795
1050.3955,1050.4359,68437,82722,Rhinolophus ferrumequinum,0.024,0.024,-1,Echolocation,/mnt/ubna_data_02_mir/recover-20221013/UBNA_001/20221012_030000.WAV,Telephone Field,recover-20221013,001,1795
1050.4485,1050.4873,68437,82147,Rhinolophus ferrumequinum,0.022,0.022,-1,Echolocation,/mnt/ubna_data_02_mir/recover-20221013/UBNA_001/20221012_030000.WAV,Telephone Field,recover-20221013,001,1795
1050.4555,1050.4963,68437,82266,Rhinolophus ferrumequinum,0.023,0.023,-1,Echolocation,/mnt/ubna_data_02_mir/recover-20221013/UBNA_001/20221012_030000.WAV,Telephone Field,recover-20221013,001,1795
1050.4625,1050.4998,68437,81816,Rhinolophus ferrumequinum,0.021,0.021,-1,Echolocation,/mnt/ubna_data_02_mir/recover-20221013/UBNA_001/20221012_030000.WAV,Telephone Field,recover-20221013,001,1795
1050.4845,1050.4935,28046,39375,Eptesicus serotinus,0.01,0.025,-1,Echolocation,/mnt/ubna_data_02_mir/recover-20221013/UBNA_001/20221012_030000.WAV,Telephone Field,recover-20221013,001,1795
1050.4975,1050.5348,68437,81644,Rhinolophus ferrumequinum,0.021,0.021,-1,Echolocation,/mnt/ubna_data_02_mir/recover-20221013/UBNA_001/20221012_030000.WAV,Telephone Field,recover-20221013,001,1795
1050.5405,1050.5525,22890,27743,Nyctalus leisleri,0.011,0.022,-1,Echolocation,/mnt/ubna_data_02_mir/recover-20221013/UBNA_001/20221012_030000.WAV,Telephone Field,recover-20221013,001,1795
1050.5535,1050.562,28906,39081,Eptesicus serotinus,0.009,0.024,-1,Echolocation,/mnt/ubna_data_02_mir/recover-20221013/UBNA_001/20221012_030000.WAV,Telephone Field,recover-20221013,001,1795
1050.5555,1050.5634,50390,56301,Pipistrellus pipistrellus,0.019,0.022,-1,Echolocation,/mnt/ubna_data_02_mir/recover-20221013/UBNA_001/20221012_030000.WAV,Telephone Field,recover-20221013,001,1795
1050.5915,1050.6286,68437,82257,Rhinolophus ferrumequinum,0.027,0.027,-1,Echolocation,/mnt/ubna_data_02_mir/recover-20221013/UBNA_001/20221012_030000.WAV,Telephone Field,recover-20221013,001,1795
1050.6295,1050.6708,68437,82578,Rhinolophus ferrumequinum,0.026,0.026,-1,Echolocation,/mnt/ubna_data_02_mir/recover-20221013/UBNA_001/20221012_030000.WAV,Telephone Field,recover-20221013,001,1795
1050.6395,1050.6747,68437,82001,Rhinolophus ferrumequinum,0.021,0.021,-1,Echolocation,/mnt/ubna_data_02_mir/recover-20221013/UBNA_001/20221012_030000.WAV,Telephone Field,recover-20221013,001,1795
1050.6405,1050.6512,22031,26053,Nyctalus leisleri,0.012,0.021,-1,Echolocation,/mnt/ubna_data_02_mir/recover-20221013/UBNA_001/20221012_030000.WAV,Telephone Field,recover-20221013,001,1795
1050.6515,1050.689,68437,82345,Rhinolophus ferrumequinum,0.021,0.021,-1,Echolocation,/mnt/ubna_data_02_mir/recover-20221013/UBNA_001/20221012_030000.WAV,Telephone Field,recover-20221013,001,1795
1050.6955,1050.7378,68437,82271,Rhinolophus ferrumequinum,0.023,0.023,-1,Echolocation,/mnt/ubna_data_02_mir/recover-20221013/UBNA_001/20221012_030000.WAV,Telephone Field,recover-20221013,001,1795
1050.7175,1050.7536,68437,81977,Rhinolophus ferrumequinum,0.023,0.023,-1,Echolocation,/mnt/ubna_data_02_mir/recover-20221013/UBNA_001/20221012_030000.WAV,Telephone Field,recover-20221013,001,1795
1050.7185,1050.7281,27187,35160,Eptesicus serotinus,0.01,0.022,-1,Echolocation,/mnt/ubna_data_02_mir/recover-20221013/UBNA_001/20221012_030000.WAV,Telephone Field,recover-20221013,001,1795
1050.7525,1050.7917,68437,82400,Rhinolophus ferrumequinum,0.023,0.023,-1,Echolocation,/mnt/ubna_data_02_mir/recover-20221013/UBNA_001/20221012_030000.WAV,Telephone Field,recover-20221013,001,1795
1050.7875,1050.7968,28906,39571,Eptesicus serotinus,0.009,0.022,-1,Echolocation,/mnt/ubna_data_02_mir/recover-20221013/UBNA_001/20221012_030000.WAV,Telephone Field,recover-20221013,001,1795
1050.8015,1050.8389,68437,82296,Rhinolophus ferrumequinum,0.022,0.022,-1,Echolocation,/mnt/ubna_data_02_mir/recover-20221013/UBNA_001/20221012_030000.WAV,Telephone Field,recover-20221013,001,1795
1050.8515,1050.8883,68437,81508,Rhinolophus ferrumequinum,0.026,0.026,-1,Echolocation,/mnt/ubna_data_02_mir/recover-20221013/UBNA_001/20221012_030000.WAV,Telephone Field,recover-20221013,001,1795
1050.8825,1050.8915,27187,38614,Eptesicus serotinus,0.011,0.025,-1,Echolocation,/mnt/ubna_data_02_mir/recover-20221013/UBNA_001/20221012_030000.WAV,Telephone Field,recover-20221013,001,1795
1050.9565,1050.9915,68437,81070,Rhinolophus ferrumequinum,0.022,0.022,-1,Echolocation,/mnt/ubna_data_02_mir/recover-20221013/UBNA_001/20221012_030000.WAV,Telephone Field,recover-20221013,001,1795
1050.9875,1051.0274,68437,82331,Rhinolophus ferrumequinum,0.022,0.022,-1,Echolocation,/mnt/ubna_data_02_mir/recover-20221013/UBNA_001/20221012_030000.WAV,Telephone Field,recover-20221013,001,1795
1050.9925,1051.0016,28046,39703,Eptesicus serotinus,0.009,0.022,-1,Echolocation,/mnt/ubna_data_02_mir/recover-20221013/UBNA_001/20221012_030000.WAV,Telephone Field,recover-20221013,001,1795
1051.0195,1051.057,68437,82264,Rhinolophus ferrumequinum,0.032,0.032,-1,Echolocation,/mnt/ubna_data_02_mir/recover-20221013/UBNA_001/20221012_030000.WAV,Telephone Field,recover-20221013,001,1795
1051.0695,1051.1071,68437,81455,Rhinolophus ferrumequinum,0.021,0.021,-1,Echolocation,/mnt/ubna_data_02_mir/recover-20221013/UBNA_001/20221012_030000.WAV,Telephone Field,recover-20221013,001,1795
1051.0935,1051.1356,68437,83111,Rhinolophus ferrumequinum,0.025,0.025,-1,Echolocation,/mnt/ubna_data_02_mir/recover-20221013/UBNA_001/20221012_030000.WAV,Telephone Field,recover-20221013,001,1795
1051.1015,1051.1446,68437,83896,Rhinolophus ferrumequinum,0.031,0.031,-1,Echolocation,/mnt/ubna_data_02_mir/recover-20221013/UBNA_001/20221012_030000.WAV,Telephone Field,recover-20221013,001,1795
1051.1215,1051.1324,24609,30985,Eptesicus serotinus,0.031,0.074,-1,Echolocation,/mnt/ubna_data_02_mir/recover-20221013/UBNA_001/20221012_030000.WAV,Telephone Field,recover-20221013,001,1795
1051.1655,1051.2052,68437,82717,Rhinolophus ferrumequinum,0.023,0.023,-1,Echolocation,/mnt/ubna_data_02_mir/recover-20221013/UBNA_001/20221012_030000.WAV,Telephone Field,recover-20221013,001,1795
1051.1705,1051.1776,24609,34026,Plecotus austriacus,0.007,0.022,-1,Echolocation,/mnt/ubna_data_02_mir/recover-20221013/UBNA_001/20221012_030000.WAV,Telephone Field,recover-20221013,001,1795
1051.1735,1051.1848,42656,47973,Pipistrellus pipistrellus,0.024,0.033,-1,Echolocation,/mnt/ubna_data_02_mir/recover-20221013/UBNA_001/20221012_030000.WAV,Telephone Field,recover-20221013,001,1795
1051.2025,1051.213,23750,30667,Nyctalus leisleri,0.008,0.023,-1,Echolocation,/mnt/ubna_data_02_mir/recover-20221013/UBNA_001/20221012_030000.WAV,Telephone Field,recover-20221013,001,1795
1051.2145,1051.2536,68437,82135,Rhinolophus ferrumequinum,0.023,0.023,-1,Echolocation,/mnt/ubna_data_02_mir/recover-20221013/UBNA_001/20221012_030000.WAV,Telephone Field,recover-20221013,001,1795
1051.2195,1051.2276,27187,35789,Eptesicus serotinus,0.014,0.031,-1,Echolocation,/mnt/ubna_data_02_mir/recover-20221013/UBNA_001/20221012_030000.WAV,Telephone Field,recover-20221013,001,1795
1051.2275,1051.2596,68437,79750,Rhinolophus ferrumequinum,0.022,0.022,-1,Echolocation,/mnt/ubna_data_02_mir/recover-20221013/UBNA_001/20221012_030000.WAV,Telephone Field,recover-20221013,001,1795
1051.2885,1051.3272,68437,82235,Rhinolophus ferrumequinum,0.022,0.022,-1,Echolocation,/mnt/ubna_data_02_mir/recover-20221013/UBNA_001/20221012_030000.WAV,Telephone Field,recover-20221013,001,1795
1051.3275,1051.3342,24609,33251,Plecotus austriacus,0.008,0.021,-1,Echolocation,/mnt/ubna_data_02_mir/recover-20221013/UBNA_001/20221012_030000.WAV,Telephone Field,recover-20221013,001,1795
1051.3395,1051.3776,68437,82147,Rhinolophus ferrumequinum,0.022,0.022,-1,Echolocation,/mnt/ubna_data_02_mir/recover-20221013/UBNA_001/20221012_030000.WAV,Telephone Field,recover-20221013,001,1795
1051.3635,1051.4054,68437,83582,Rhinolophus ferrumequinum,0.038,0.038,-1,Echolocation,/mnt/ubna_data_02_mir/recover-20221013/UBNA_001/20221012_030000.WAV,Telephone Field,recover-20221013,001,1795
1051.4185,1051.4601,68437,82728,Rhinolophus ferrumequinum,0.027,0.028,-1,Echolocation,/mnt/ubna_data_02_mir/recover-20221013/UBNA_001/20221012_030000.WAV,Telephone Field,recover-20221013,001,1795
1051.4405,1051.4782,68437,82048,Rhinolophus ferrumequinum,0.022,0.022,-1,Echolocation,/mnt/ubna_data_02_mir/recover-20221013/UBNA_001/20221012_030000.WAV,Telephone Field,recover-20221013,001,1795
1051.4615,1051.4712,23750,30114,Nyctalus leisleri,0.007,0.021,-1,Echolocation,/mnt/ubna_data_02_mir/recover-20221013/UBNA_001/20221012_030000.WAV,Telephone Field,recover-20221013,001,1795
1051.4685,1051.5086,68437,82623,Rhinolophus ferrumequinum,0.021,0.021,-1,Echolocation,/mnt/ubna_data_02_mir/recover-20221013/UBNA_001/20221012_030000.WAV,Telephone Field,recover-20221013,001,1795
1051.4725,1051.481,28046,40769,Eptesicus serotinus,0.009,0.024,-1,Echolocation,/mnt/ubna_data_02_mir/recover-20221013/UBNA_001/20221012_030000.WAV,Telephone Field,recover-20221013,001,1795
1051.4935,1051.5312,67578,79241,Rhinolophus ferrumequinum,0.021,0.021,-1,Echolocation,/mnt/ubna_data_02_mir/recover-20221013/UBNA_001/20221012_030000.WAV,Telephone Field,recover-20221013,001,1795
1051.5055,1051.5149,25468,33652,Eptesicus serotinus,0.007,0.025,-1,Echolocation,/mnt/ubna_data_02_mir/recover-20221013/UBNA_001/20221012_030000.WAV,Telephone Field,recover-20221013,001,1795
1051.5065,1051.5125,36640,45288,Myotis daubentonii,0.008,0.022,-1,Echolocation,/mnt/ubna_data_02_mir/recover-20221013/UBNA_001/20221012_030000.WAV,Telephone Field,recover-20221013,001,1795
1051.5305,1051.5688,68437,81863,Rhinolophus ferrumequinum,0.023,0.023,-1,Echolocation,/mnt/ubna_data_02_mir/recover-20221013/UBNA_001/20221012_030000.WAV,Telephone Field,recover-20221013,001,1795
1051.5465,1051.5841,68437,82542,Rhinolophus ferrumequinum,0.027,0.027,-1,Echolocation,/mnt/ubna_data_02_mir/recover-20221013/UBNA_001/20221012_030000.WAV,Telephone Field,recover-20221013,001,1795
1051.5995,1051.6074,27187,39892,Eptesicus serotinus,0.007,0.021,-1,Echolocation,/mnt/ubna_data_02_mir/recover-20221013/UBNA_001/20221012_030000.WAV,Telephone Field,recover-20221013,001,1795
1051.6075,1051.6465,68437,82196,Rhinolophus ferrumequinum,0.024,0.024,-1,Echolocation,/mnt/ubna_data_02_mir/recover-20221013/UBNA_001/20221012_030000.WAV,Telephone Field,recover-20221013,001,1795
1051.6285,1051.6399,22031,25985,Nyctalus leisleri,0.013,0.023,-1,Echolocation,/mnt/ubna_data_02_mir/recover-20221013/UBNA_001/20221012_030000.WAV,Telephone Field,recover-20221013,001,1795
1051.6715,1051.7104,68437,82298,Rhinolophus ferrumequinum,0.025,0.025,-1,Echolocation,/mnt/ubna_data_02_mir/recover-20221013/UBNA_001/20221012_030000.WAV,Telephone Field,recover-20221013,001,1795
1051.6835,1051.7204,68437,81721,Rhinolophus ferrumequinum,0.022,0.022,-1,Echolocation,/mnt/ubna_data_02_mir/recover-20221013/UBNA_001/20221012_030000.WAV,Telephone Field,recover-20221013,001,1795
1051.6855,1051.6923,23750,33790,Plecotus austriacus,0.02,0.045,-1,Echolocation,/mnt/ubna_data_02_mir/recover-20221013/UBNA_001/20221012_030000.WAV,Telephone Field,recover-20221013,001,1795
1051.7065,1051.743,68437,81473,Rhinolophus ferrumequinum,0.022,0.022,-1,Echolocation,/mnt/ubna_data_02_mir/recover-20221013/UBNA_001/20221012_030000.WAV,Telephone Field,recover-20221013,001,1795
1051.7395,1051.7771,68437,81416,Rhinolophus ferrumequinum,0.023,0.023,-1,Echolocation,/mnt/ubna_data_02_mir/recover-20221013/UBNA_001/20221012_030000.WAV,Telephone Field,recover-20221013,001,1795
1051.7435,1051.7533,23750,29798,Nyctalus leisleri,0.008,0.021,-1,Echolocation,/mnt/ubna_data_02_mir/recover-20221013/UBNA_001/20221012_030000.WAV,Telephone Field,recover-20221013,001,1795
1051.7695,1051.7817,14296,21808,Nyctalus noctula,0.013,0.021,-1,Echolocation,/mnt/ubna_data_02_mir/recover-20221013/UBNA_001/20221012_030000.WAV,Telephone Field,recover-20221013,001,1795
1051.7695,1051.8115,68437,82416,Rhinolophus ferrumequinum,0.024,0.024,-1,Echolocation,/mnt/ubna_data_02_mir/recover-20221013/UBNA_001/20221012_030000.WAV,Telephone Field,recover-20221013,001,1795
1051.8535,1051.8903,68437,81998,Rhinolophus ferrumequinum,0.021,0.021,-1,Echolocation,/mnt/ubna_data_02_mir/recover-20221013/UBNA_001/20221012_030000.WAV,Telephone Field,recover-20221013,001,1795
1051.8545,1051.8614,27187,39141,Eptesicus serotinus,0.006,0.023,-1,Echolocation,/mnt/ubna_data_02_mir/recover-20221013/UBNA_001/20221012_030000.WAV,Telephone Field,recover-20221013,001,1795
1051.8665,1051.8747,24609,32740,Eptesicus serotinus,0.006,0.022,-1,Echolocation,/mnt/ubna_data_02_mir/recover-20221013/UBNA_001/20221012_030000.WAV,Telephone Field,recover-20221013,001,1795
1051.9245,1051.9657,68437,82829,Rhinolophus ferrumequinum,0.023,0.023,-1,Echolocation,/mnt/ubna_data_02_mir/recover-20221013/UBNA_001/20221012_030000.WAV,Telephone Field,recover-20221013,001,1795
1051.9345,1051.9764,68437,83173,Rhinolophus ferrumequinum,0.037,0.037,-1,Echolocation,/mnt/ubna_data_02_mir/recover-20221013/UBNA_001/20221012_030000.WAV,Telephone Field,recover-20221013,001,1795
1051.9565,1051.9946,68437,81937,Rhinolophus ferrumequinum,0.021,0.021,-1,Echolocation,/mnt/ubna_data_02_mir/recover-20221013/UBNA_001/20221012_030000.WAV,Telephone Field,recover-20221013,001,1795
1052.0015,1052.0145,22031,26378,Nyctalus leisleri,0.035,0.064,-1,Echolocation,/mnt/ubna_data_02_mir/recover-20221013/UBNA_001/20221012_030000.WAV,Telephone Field,recover-20221013,001,1795
1052.0015,1052.0334,68437,80304,Rhinolophus ferrumequinum,0.037,0.037,-1,Echolocation,/mnt/ubna_data_02_mir/recover-20221013/UBNA_001/20221012_030000.WAV,Telephone Field,recover-20221013,001,1795
1052.0015,1052.0115,48671,54348,Pipistrellus pipistrellus,0.019,0.025,-1,Echolocation,/mnt/ubna_data_02_mir/recover-20221013/UBNA_001/20221012_030000.WAV,Telephone Field,recover-20221013,001,1795
1052.0065,1052.0158,28046,38375,Eptesicus serotinus,0.01,0.024,-1,Echolocation,/mnt/ubna_data_02_mir/recover-20221013/UBNA_001/20221012_030000.WAV,Telephone Field,recover-20221013,001,1795
1052.0715,1052.0781,25468,40777,Myotis nattereri,0.005,0.022,-1,Echolocation,/mnt/ubna_data_02_mir/recover-20221013/UBNA_001/20221012_030000.WAV,Telephone Field,recover-20221013,001,1795
1052.0805,1052.1194,68437,81182,Rhinolophus ferrumequinum,0.021,0.021,-1,Echolocation,/mnt/ubna_data_02_mir/recover-20221013/UBNA_001/20221012_030000.WAV,Telephone Field,recover-20221013,001,1795
1052.1145,1052.1539,68437,82550,Rhinolophus ferrumequinum,0.023,0.023,-1,Echolocation,/mnt/ubna_data_02_mir/recover-20221013/UBNA_001/20221012_030000.WAV,Telephone Field,recover-20221013,001,1795
1052.1375,1052.1778,68437,82474,Rhinolophus ferrumequinum,0.024,0.024,-1,Echolocation,/mnt/ubna_data_02_mir/recover-20221013/UBNA_001/20221012_030000.WAV,Telephone Field,recover-20221013,001,1795
1052.1495,1052.1875,68437,81929,Rhinolophus ferrumequinum,0.024,0.024,-1,Echolocation,/mnt/ubna_data_02_mir/recover-20221013/UBNA_001/20221012_030000.WAV,Telephone Field,recover-20221013,001,1795
1052.1765,1052.2109,68437,80954,Rhinolophus ferrumequinum,0.024,0.024,-1,Echolocation,/mnt/ubna_data_02_mir/recover-20221013/UBNA_001/20221012_030000.WAV,Telephone Field,recover-20221013,001,1795
1052.1785,1052.1895,23750,30407,Nyctalus leisleri,0.015,0.036,-1,Echolocation,/mnt/ubna_data_02_mir/recover-20221013/UBNA_001/20221012_030000.WAV,Telephone Field,recover-20221013,001,1795
1052.1795,1052.1861,32343,40699,Myotis daubentonii,0.01,0.029,-1,Echolocation,/mnt/ubna_data_02_mir/recover-20221013/UBNA_001/20221012_030000.WAV,Telephone Field,recover-20221013,001,1795
1052.2195,1052.2582,68437,82624,Rhinolophus ferrumequinum,0.021,0.021,-1,Echolocation,/mnt/ubna_data_02_mir/recover-20221013/UBNA_001/20221012_030000.WAV,Telephone Field,recover-20221013,001,1795
1052.2375,1052.2496,22031,27737,Nyctalus leisleri,0.015,0.036,-1,Echolocation,/mnt/ubna_data_02_mir/recover-20221013/UBNA_001/20221012_030000.WAV,Telephone Field,recover-20221013,001,1795
1052.2835,1052.2923,22890,30114,Plecotus austriacus,0.01,0.024,-1,Echolocation,/mnt/ubna_data_02_mir/recover-20221013/UBNA_001/20221012_030000.WAV,Telephone Field,recover-20221013,001,1795
1052.3215,1052.3593,68437,82319,Rhinolophus ferrumequinum,0.023,0.023,-1,Echolocation,/mnt/ubna_data_02_mir/recover-20221013/UBNA_001/20221012_030000.WAV,Telephone Field,recover-20221013,001,1795
1052.3275,1052.3358,28046,38043,Eptesicus serotinus,0.009,0.022,-1,Echolocation,/mnt/ubna_data_02_mir/recover-20221013/UBNA_001/20221012_030000.WAV,Telephone Field,recover-20221013,001,1795
1052.3975,1052.4423,68437,83856,Rhinolophus ferrumequinum,0.039,0.04,-1,Echolocation,/mnt/ubna_data_02_mir/recover-20221013/UBNA_001/20221012_030000.WAV,Telephone Field,recover-20221013,001,1795
1052.4055,1052.4434,68437,82534,Rhinolophus ferrumequinum,0.022,0.023,-1,Echolocation,/mnt/ubna_data_02_mir/recover-20221013/UBNA_001/20221012_030000.WAV,Telephone Field,recover-20221013,001,1795
1052.4235,1052.4311,27187,35938,Eptesicus serotinus,0.01,0.027,-1,Echolocation,/mnt/ubna_data_02_mir/recover-20221013/UBNA_001/20221012_030000.WAV,Telephone Field,recover-20221013,001,1795
1052.4635,1052.5042,68437,82879,Rhinolophus ferrumequinum,0.022,0.022,-1,Echolocation,/mnt/ubna_data_02_mir/recover-20221013/UBNA_001/20221012_030000.WAV,Telephone Field,recover-20221013,001,1795
1052.4705,1052.5142,68437,82935,Rhinolophus ferrumequinum,0.022,0.022,-1,Echolocation,/mnt/ubna_data_02_mir/recover-20221013/UBNA_001/20221012_030000.WAV,Telephone Field,recover-20221013,001,1795
1052.4745,1052.4828,28046,38573,Eptesicus serotinus,0.008,0.022,-1,Echolocation,/mnt/ubna_data_02_mir/recover-20221013/UBNA_001/20221012_030000.WAV,Telephone Field,recover-20221013,001,1795
1052.5095,1052.5228,26328,32417,Eptesicus serotinus,0.014,0.027,-1,Echolocation,/mnt/ubna_data_02_mir/recover-20221013/UBNA_001/20221012_030000.WAV,Telephone Field,recover-20221013,001,1795
1052.5165,1052.5567,68437,82443,Rhinolophus ferrumequinum,0.031,0.031,-1,Echolocation,/mnt/ubna_data_02_mir/recover-20221013/UBNA_001/20221012_030000.WAV,Telephone Field,recover-20221013,001,1795
1052.5425,1052.586,68437,83397,Rhinolophus ferrumequinum,0.028,0.028,-1,Echolocation,/mnt/ubna_data_02_mir/recover-20221013/UBNA_001/20221012_030000.WAV,Telephone Field,recover-20221013,001,1795
1052.6075,1052.6171,22890,28956,Nyctalus leisleri,0.008,0.022,-1,Echolocation,/mnt/ubna_data_02_mir/recover-20221013/UBNA_001/20221012_030000.WAV,Telephone Field,recover-20221013,001,1795
1052.6275,1052.6352,29765,41905,Myotis daubentonii,0.008,0.026,-1,Echolocation,/mnt/ubna_data_02_mir/recover-20221013/UBNA_001/20221012_030000.WAV,Telephone Field,recover-20221013,001,1795
1052.6765,1052.7213,68437,83293,Rhinolophus ferrumequinum,0.036,0.036,-1,Echolocation,/mnt/ubna_data_02_mir/recover-20221013/UBNA_001/20221012_030000.WAV,Telephone Field,recover-20221013,001,1795
1052.6845,1052.6945,28906,38230,Eptesicus serotinus,0.012,0.026,-1,Echolocation,/mnt/ubna_data_02_mir/recover-20221013/UBNA_001/20221012_030000.WAV,Telephone Field,recover-20221013,001,1795
1052.7435,1052.753,50390,55089,Pipistrellus pipistrellus,0.043,0.052,-1,Echolocation,/mnt/ubna_data_02_mir/recover-20221013/UBNA_001/20221012_030000.WAV,Telephone Field,recover-20221013,001,1795
1052.7475,1052.7539,24609,33264,Plecotus austriacus,0.009,0.022,-1,Echolocation,/mnt/ubna_data_02_mir/recover-20221013/UBNA_001/20221012_030000.WAV,Telephone Field,recover-20221013,001,1795
1052.7515,1052.7899,68437,82471,Rhinolophus ferrumequinum,0.028,0.028,-1,Echolocation,/mnt/ubna_data_02_mir/recover-20221013/UBNA_001/20221012_030000.WAV,Telephone Field,recover-20221013,001,1795
1052.8125,1052.8537,68437,82448,Rhinolophus ferrumequinum,0.022,0.022,-1,Echolocation,/mnt/ubna_data_02_mir/recover-20221013/UBNA_001/20221012_030000.WAV,Telephone Field,recover-20221013,001,1795
1052.8355,1052.8764,68437,82667,Rhinolophus ferrumequinum,0.037,0.037,-1,Echolocation,/mnt/ubna_data_02_mir/recover-20221013/UBNA_001/20221012_030000.WAV,Telephone Field,recover-20221013,001,1795
1052.8445,1052.8512,24609,33416,Plecotus austriacus,0.009,0.024,-1,Echolocation,/mnt/ubna_data_02_mir/recover-20221013/UBNA_001/20221012_030000.WAV,Telephone Field,recover-20221013,001,1795
1052.8625,1052.9003,68437,82123,Rhinolophus ferrumequinum,0.022,0.022,-1,Echolocation,/mnt/ubna_data_02_mir/recover-20221013/UBNA_001/20221012_030000.WAV,Telephone Field,recover-20221013,001,1795
1052.8995,1052.9099,22890,28796,Nyctalus leisleri,0.009,0.023,-1,Echolocation,/mnt/ubna_data_02_mir/recover-20221013/UBNA_001/20221012_030000.WAV,Telephone Field,recover-20221013,001,1795
1052.9305,1052.9728,68437,82702,Rhinolophus ferrumequinum,0.03,0.03,-1,Echolocation,/mnt/ubna_data_02_mir/recover-20221013/UBNA_001/20221012_030000.WAV,Telephone Field,recover-20221013,001,1795
1052.9745,1053.0145,68437,82643,Rhinolophus ferrumequinum,0.023,0.023,-1,Echolocation,/mnt/ubna_data_02_mir/recover-20221013/UBNA_001/20221012_030000.WAV,Telephone Field,recover-20221013,001,1795
1053.0105,1053.0174,27187,39359,Eptesicus serotinus,0.005,0.021,-1,Echolocation,/mnt/ubna_data_02_mir/recover-20221013/UBNA_001/20221012_030000.WAV,Telephone Field,recover-20221013,001,1795
1053.0425,1053.0509,28046,38434,Eptesicus serotinus,0.007,0.021,-1,Echolocation,/mnt/ubna_data_02_mir/recover-20221013/UBNA_001/20221012_030000.WAV,Telephone Field,recover-20221013,001,1795
1053.0615,1053.0989,68437,82077,Rhinolophus ferrumequinum,0.025,0.025,-1,Echolocation,/mnt/ubna_data_02_mir/recover-20221013/UBNA_001/20221012_030000.WAV,Telephone Field,recover-20221013,001,1795
1053.0895,1053.0966,28046,40882,Eptesicus serotinus,0.007,0.023,-1,Echolocation,/mnt/ubna_data_02_mir/recover-20221013/UBNA_001/20221012_030000.WAV,Telephone Field,recover-20221013,001,1795
1053.1005,1053.1411,68437,82275,Rhinolophus ferrumequinum,0.022,0.022,-1,Echolocation,/mnt/ubna_data_02_mir/recover-20221013/UBNA_001/20221012_030000.WAV,Telephone Field,recover-20221013,001,1795
1053.1305,1053.171,68437,82211,Rhinolophus ferrumequinum,0.022,0.022,-1,Echolocation,/mnt/ubna_data_02_mir/recover-20221013/UBNA_001/20221012_030000.WAV,Telephone Field,recover-20221013,001,1795
1053.1325,1053.1399,28046,39667,Eptesicus serotinus,0.007,0.027,-1,Echolocation,/mnt/ubna_data_02_mir/recover-20221013/UBNA_001/20221012_030000.WAV,Telephone Field,recover-20221013,001,1795
1053.1435,1053.1804,68437,82366,Rhinolophus ferrumequinum,0.026,0.026,-1,Echolocation,/mnt/ubna_data_02_mir/recover-20221013/UBNA_001/20221012_030000.WAV,Telephone Field,recover-20221013,001,1795
1053.1895,1053.2304,68437,83050,Rhinolophus ferrumequinum,0.027,0.027,-1,Echolocation,/mnt/ubna_data_02_mir/recover-20221013/UBNA_001/20221012_030000.WAV,Telephone Field,recover-20221013,001,1795
1053.2195,1053.2296,27187,35778,Eptesicus serotinus,0.01,0.024,-1,Echolocation,/mnt/ubna_data_02_mir/recover-20221013/UBNA_001/20221012_030000.WAV,Telephone Field,recover-20221013,001,1795
1053.2255,1053.2357,28906,36206,Eptesicus serotinus,0.012,0.027,-1,Echolocation,/mnt/ubna_data_02_mir/recover-20221013/UBNA_001/20221012_030000.WAV,Telephone Field,recover-20221013,001,1795
1053.2435,1053.2815,68437,81671,Rhinolophus ferrumequinum,0.022,0.022,-1,Echolocation,/mnt/ubna_data_02_mir/recover-20221013/UBNA_001/20221012_030000.WAV,Telephone Field,recover-20221013,001,1795
1053.2695,1053.3099,68437,82187,Rhinolophus ferrumequinum,0.03,0.03,-1,Echolocation,/mnt/ubna_data_02_mir/recover-20221013/UBNA_001/20221012_030000.WAV,Telephone Field,recover-20221013,001,1795
1053.3115,1053.3523,68437,82707,Rhinolophus ferrumequinum,0.021,0.021,-1,Echolocation,/mnt/ubna_data_02_mir/recover-20221013/UBNA_001/20221012_030000.WAV,Telephone Field,recover-20221013,001,1795
1053.3235,1053.3328,28046,36466,Eptesicus serotinus,0.017,0.038,-1,Echolocation,/mnt/ubna_data_02_mir/recover-20221013/UBNA_001/20221012_030000.WAV,Telephone Field,recover-20221013,001,1795
1053.3295,1053.3691,68437,82596,Rhinolophus ferrumequinum,0.023,0.023,-1,Echolocation,/mnt/ubna_data_02_mir/recover-20221013/UBNA_001/20221012_030000.WAV,Telephone Field,recover-20221013,001,1795
1053.3975,1053.44,68437,83448,Rhinolophus ferrumequinum,0.039,0.039,-1,Echolocation,/mnt/ubna_data_02_mir/recover-20221013/UBNA_001/20221012_030000.WAV,Telephone Field,recover-20221013,001,1795
1053.4315,1053.4719,68437,82780,Rhinolophus ferrumequinum,0.025,0.025,-1,Echolocation,/mnt/ubna_data_02_mir/recover-20221013/UBNA_001/20221012_030000.WAV,Telephone Field,recover-20221013,001,1795
1053.4515,1053.4618,28046,35104,Eptesicus serotinus,0.01,0.022,-1,Echolocation,/mnt/ubna_data_02_mir/recover-20221013/UBNA_001/20221012_030000.WAV,Telephone Field,recover-20221013,001,1795
1053.4715,1053.5076,68437,82148,Rhinolophus ferrumequinum,0.025,0.025,-1,Echolocation,/mnt/ubna_data_02_mir/recover-20221013/UBNA_001/20221012_030000.WAV,Telephone Field,recover-20221013,001,1795
1053.5225,1053.533,22890,27270,Nyctalus leisleri,0.015,0.028,-1,Echolocation,/mnt/ubna_data_02_mir/recover-20221013/UBNA_001/20221012_030000.WAV,Telephone Field,recover-20221013,001,1795
1053.5325,1053.5548,18593,21280,Nyctalus noctula,0.016,0.033,-1,Echolocation,/mnt/ubna_data_02_mir/recover-20221013/UBNA_001/20221012_030000.WAV,Telephone Field,recover-20221013,001,1795
1053.5835,1053.6226,68437,82408,Rhinolophus ferrumequinum,0.021,0.021,-1,Echolocation,/mnt/ubna_data_02_mir/recover-20221013/UBNA_001/20221012_030000.WAV,Telephone Field,recover-20221013,001,1795
1053.6005,1053.6391,68437,82018,Rhinolophus ferrumequinum,0.023,0.023,-1,Echolocation,/mnt/ubna_data_02_mir/recover-20221013/UBNA_001/20221012_030000.WAV,Telephone Field,recover-20221013,001,1795
1053.6205,1053.6589,68437,81988,Rhinolophus ferrumequinum,0.024,0.024,-1,Echolocation,/mnt/ubna_data_02_mir/recover-20221013/UBNA_001/20221012_030000.WAV,Telephone Field,recover-20221013,001,1795
1053.6695,1053.6767,23750,32399,Plecotus austriacus,0.014,0.028,-1,Echolocation,/mnt/ubna_data_02_mir/recover-20221013/UBNA_001/20221012_030000.WAV,Telephone Field,recover-20221013,001,1795
1053.7165,1053.755,68437,82210,Rhinolophus ferrumequinum,0.021,0.021,-1,Echolocation,/mnt/ubna_data_02_mir/recover-20221013/UBNA_001/20221012_030000.WAV,Telephone Field,recover-20221013,001,1795
1053.7895,1053.8298,68437,81960,Rhinolophus ferrumequinum,0.024,0.024,-1,Echolocation,/mnt/ubna_data_02_mir/recover-20221013/UBNA_001/20221012_030000.WAV,Telephone Field,recover-20221013,001,1795
1053.8015,1053.839,68437,82484,Rhinolophus ferrumequinum,0.022,0.022,-1,Echolocation,/mnt/ubna_data_02_mir/recover-20221013/UBNA_001/20221012_030000.WAV,Telephone Field,recover-20221013,001,1795
1053.8085,1053.8472,68437,82419,Rhinolophus ferrumequinum,0.021,0.021,-1,Echolocation,/mnt/ubna_data_02_mir/recover-20221013/UBNA_001/20221012_030000.WAV,Telephone Field,recover-20221013,001,1795
1053.8645,1053.8721,27187,40725,Eptesicus serotinus,0.007,0.021,-1,Echolocation,/mnt/ubna_data_02_mir/recover-20221013/UBNA_001/20221012_030000.WAV,Telephone Field,recover-20221013,001,1795
1053.8685,1053.9114,68437,83246,Rhinolophus ferrumequinum,0.032,0.032,-1,Echolocation,/mnt/ubna_data_02_mir/recover-20221013/UBNA_001/20221012_030000.WAV,Telephone Field,recover-20221013,001,1795
1053.8995,1053.9361,68437,81639,Rhinolophus ferrumequinum,0.022,0.022,-1,Echolocation,/mnt/ubna_data_02_mir/recover-20221013/UBNA_001/20221012_030000.WAV,Telephone Field,recover-20221013,001,1795
1053.9155,1053.9556,68437,82809,Rhinolophus ferrumequinum,0.023,0.023,-1,Echolocation,/mnt/ubna_data_02_mir/recover-20221013/UBNA_001/20221012_030000.WAV,Telephone Field,recover-20221013,001,1795
1053.9265,1053.9679,68437,82951,Rhinolophus ferrumequinum,0.023,0.023,-1,Echolocation,/mnt/ubna_data_02_mir/recover-20221013/UBNA_001/20221012_030000.WAV,Telephone Field,recover-20221013,001,1795
1053.9575,1053.9988,68437,82971,Rhinolophus ferrumequinum,0.031,0.031,-1,Echolocation,/mnt/ubna_data_02_mir/recover-20221013/UBNA_001/20221012_030000.WAV,Telephone Field,recover-20221013,001,1795
1053.9625,1053.973,23750,30045,Nyctalus leisleri,0.012,0.031,-1,Echolocation,/mnt/ubna_data_02_mir/recover-20221013/UBNA_001/20221012_030000.WAV,Telephone Field,recover-20221013,001,1795
1054.0015,1054.0349,68437,80077,Rhinolophus ferrumequinum,0.042,0.042,-1,Echolocation,/mnt/ubna_data_02_mir/recover-20221013/UBNA_001/20221012_030000.WAV,Telephone Field,recover-20221013,001,1795
1054.0015,1054.01,47812,54596,Pipistrellus pipistrellus,0.012,0.021,-1,Echolocation,/mnt/ubna_data_02_mir/recover-20221013/UBNA_001/20221012_030000.WAV,Telephone Field,recover-20221013,001,1795
1054.0015,1054.0136,22031,27200,Nyctalus leisleri,0.016,0.036,-1,Echolocation,/mnt/ubna_data_02_mir/recover-20221013/UBNA_001/20221012_030000.WAV,Telephone Field,recover-20221013,001,1795
1054.0075,1054.0487,68437,80990,Rhinolophus ferrumequinum,0.024,0.024,-1,Echolocation,/mnt/ubna_data_02_mir/recover-20221013/UBNA_001/20221012_030000.WAV,Telephone Field,recover-20221013,001,1795
1054.0225,1054.059,68437,82182,Rhinolophus ferrumequinum,0.022,0.022,-1,Echolocation,/mnt/ubna_data_02_mir/recover-20221013/UBNA_001/20221012_030000.WAV,Telephone Field,recover-20221013,001,1795
1054.0345,1054.0431,28046,41244,Eptesicus serotinus,0.008,0.021,-1,Echolocation,/mnt/ubna_data_02_mir/recover-20221013/UBNA_001/20221012_030000.WAV,Telephone Field,recover-20221013,001,1795
1054.0475,1054.0865,68437,82147,Rhinolophus ferrumequinum,0.023,0.023,-1,Echolocation,/mnt/ubna_data_02_mir/recover-20221013/UBNA_001/20221012_030000.WAV,Telephone Field,recover-20221013,001,1795
1054.0675,1054.0776,23750,30411,Nyctalus leisleri,0.008,0.023,-1,Echolocation,/mnt/ubna_data_02_mir/recover-20221013/UBNA_001/20221012_030000.WAV,Telephone Field,recover-20221013,001,1795
1054.0925,1054.1315,68437,81868,Rhinolophus ferrumequinum,0.021,0.021,-1,Echolocation,/mnt/ubna_data_02_mir/recover-20221013/UBNA_001/20221012_030000.WAV,Telephone Field,recover-20221013,001,1795
1054.1025,1054.1427,68437,82603,Rhinolophus ferrumequinum,0.022,0.022,-1,Echolocation,/mnt/ubna_data_02_mir/recover-20221013/UBNA_001/20221012_030000.WAV,Telephone Field,recover-20221013,001,1795
1054.1125,1054.1218,47812,52945,Pipistrellus pipistrellus,0.022,0.024,-1,Echolocation,/mnt/ubna_data_02_mir/recover-20221013/UBNA_001/20221012_030000.WAV,Telephone Field,recover-20221013,001,1795
1054.1615,1054.1809,20312,23024,Nyctalus leisleri,0.017,0.029,-1,Echolocation,/mnt/ubna_data_02_mir/recover-20221013/UBNA_001/20221012_030000.WAV,Telephone Field,recover-20221013,001,1795
1054.1965,1054.2066,28046,36159,Eptesicus serotinus,0.011,0.023,-1,Echolocation,/mnt/ubna_data_02_mir/recover-20221013/UBNA_001/20221012_030000.WAV,Telephone Field,recover-20221013,001,1795
1054.2315,1054.2693,68437,82153,Rhinolophus ferrumequinum,0.024,0.024,-1,Echolocation,/mnt/ubna_data_02_mir/recover-20221013/UBNA_001/20221012_030000.WAV,Telephone Field,recover-20221013,001,1795
1054.2475,1054.2581,28046,36544,Eptesicus serotinus,0.012,0.025,-1,Echolocation,/mnt/ubna_data_02_mir/recover-20221013/UBNA_001/20221012_030000.WAV,Telephone Field,recover-20221013,001,1795
1054.2705,1054.3108,68437,82422,Rhinolophus ferrumequinum,0.021,0.021,-1,Echolocation,/mnt/ubna_data_02_mir/recover-20221013/UBNA_001/20221012_030000.WAV,Telephone Field,recover-20221013,001,1795
1054.2875,1054.2963,26328,37997,Eptesicus serotinus,0.007,0.02,-1,Echolocation,/mnt/ubna_data_02_mir/recover-20221013/UBNA_001/20221012_030000.WAV,Telephone Field,recover-20221013,001,1795
1054.3175,1054.3562,68437,82484,Rhinolophus ferrumequinum,0.02,0.02,-1,Echolocation,/mnt/ubna_data_02_mir/recover-20221013/UBNA_001/20221012_030000.WAV,Telephone Field,recover-20221013,001,1795
1054.3245,1054.3622,68437,81582,Rhinolophus ferrumequinum,0.021,0.021,-1,Echolocation,/mnt/ubna_data_02_mir/recover-20221013/UBNA_001/20221012_030000.WAV,Telephone Field,recover-20221013,001,1795
1054.3555,1054.3643,26328,36715,Eptesicus serotinus,0.008,0.021,-1,Echolocation,/mnt/ubna_data_02_mir/recover-20221013/UBNA_001/20221012_030000.WAV,Telephone Field,recover-20221013,001,1795
1054.3765,1054.4178,68437,82761,Rhinolophus ferrumequinum,0.024,0.024,-1,Echolocation,/mnt/ubna_data_02_mir/recover-20221013/UBNA_001/20221012_030000.WAV,Telephone Field,recover-20221013,001,1795
1054.4135,1054.4214,26328,35706,Eptesicus serotinus,0.01,0.027,-1,Echolocation,/mnt/ubna_data_02_mir/recover-20221013/UBNA_001/20221012_030000.WAV,Telephone Field,recover-20221013,001,1795
1054.4715,1054.483,28046,35889,Eptesicus serotinus,0.014,0.029,-1,Echolocation,/mnt/ubna_data_02_mir/recover-20221013/UBNA_001/20221012_030000.WAV,Telephone Field,recover-20221013,001,1795
1054.4945,1054.5324,68437,82596,Rhinolophus ferrumequinum,0.022,0.022,-1,Echolocation,/mnt/ubna_data_02_mir/recover-20221013/UBNA_001/20221012_030000.WAV,Telephone Field,recover-20221013,001,1795
1054.4955,1054.5077,23750,28990,Nyctalus leisleri,0.011,0.024,-1,Echolocation,/mnt/ubna_data_02_mir/recover-20221013/UBNA_001/20221012_030000.WAV,Telephone Field,recover-20221013,001,1795
1054.5085,1054.5235,21171,24830,Nyctalus leisleri,0.015,0.025,-1,Echolocation,/mnt/ubna_data_02_mir/recover-20221013/UBNA_001/20221012_030000.WAV,Telephone Field,recover-20221013,001,1795
1054.5265,1054.5666,68437,82803,Rhinolophus ferrumequinum,0.024,0.024,-1,Echolocation,/mnt/ubna_data_02_mir/recover-20221013/UBNA_001/20221012_030000.WAV,Telephone Field,recover-20221013,001,1795
1054.5645,1054.5745,29765,38154,Eptesicus serotinus,0.01,0.025,-1,Echolocation,/mnt/ubna_data_02_mir/recover-20221013/UBNA_001/20221012_030000.WAV,Telephone Field,recover-20221013,001,1795
1054.6415,1054.6497,26328,34233,Eptesicus serotinus,0.008,0.024,-1,Echolocation,/mnt/ubna_data_02_mir/recover-20221013/UBNA_001/20221012_030000.WAV,Telephone Field,recover-20221013,001,1795
1054.6465,1054.6599,50390,53723,Pipistrellus pipistrellus,0.012,0.022,-1,Echolocation,/mnt/ubna_data_02_mir/recover-20221013/UBNA_001/20221012_030000.WAV,Telephone Field,recover-20221013,001,1795
1054.6585,1054.6969,68437,81916,Rhinolophus ferrumequinum,0.023,0.023,-1,Echolocation,/mnt/ubna_data_02_mir/recover-20221013/UBNA_001/20221012_030000.WAV,Telephone Field,recover-20221013,001,1795
1054.6755,1054.7168,68437,83188,Rhinolophus ferrumequinum,0.031,0.031,-1,Echolocation,/mnt/ubna_data_02_mir/recover-20221013/UBNA_001/20221012_030000.WAV,Telephone Field,recover-20221013,001,1795
1054.7175,1054.7553,68437,82107,Rhinolophus ferrumequinum,0.023,0.023,-1,Echolocation,/mnt/ubna_data_02_mir/recover-20221013/UBNA_001/20221012_030000.WAV,Telephone Field,recover-20221013,001,1795
1054.7485,1054.7561,24609,33485,Plecotus austriacus,0.007,0.023,-1,Echolocation,/mnt/ubna_data_02_mir/recover-20221013/UBNA_001/20221012_030000.WAV,Telephone Field,recover-20221013,001,1795
1054.7765,1054.8111,68437,80649,Rhinolophus ferrumequinum,0.021,0.021,-1,Echolocation,/mnt/ubna_data_02_mir/recover-20221013/UBNA_001/20221012_030000.WAV,Telephone Field,recover-20221013,001,1795
1054.7785,1054.7848,24609,35162,Plecotus austriacus,0.008,0.023,-1,Echolocation,/mnt/ubna_data_02_mir/recover-20221013/UBNA_001/20221012_030000.WAV,Telephone Field,recover-20221013,001,1795
1054.8125,1054.8513,68437,81801,Rhinolophus ferrumequinum,0.028,0.028,-1,Echolocation,/mnt/ubna_data_02_mir/recover-20221013/UBNA_001/20221012_030000.WAV,Telephone Field,recover-20221013,001,1795
1054.8295,1054.8392,25468,34611,Eptesicus serotinus,0.011,0.034,-1,Echolocation,/mnt/ubna_data_02_mir/recover-20221013/UBNA_001/20221012_030000.WAV,Telephone Field,recover-20221013,001,1795
1054.8295,1054.8352,33203,46316,Myotis daubentonii,0.007,0.023,-1,Echolocation,/mnt/ubna_data_02_mir/recover-20221013/UBNA_001/20221012_030000.WAV,Telephone Field,recover-20221013,001,1795
1054.8425,1054.8843,68437,82223,Rhinolophus ferrumequinum,0.026,0.026,-1,Echolocation,/mnt/ubna_data_02_mir/recover-20221013/UBNA_001/20221012_030000.WAV,Telephone Field,recover-20221013,001,1795
1054.8615,1054.8711,25468,32538,Eptesicus serotinus,0.011,0.028,-1,Echolocation,/mnt/ubna_data_02_mir/recover-20221013/UBNA_001/20221012_030000.WAV,Telephone Field,recover-20221013,001,1795
1054.8795,1054.8896,22890,28635,Nyctalus leisleri,0.01,0.024,-1,Echolocation,/mnt/ubna_data_02_mir/recover-20221013/UBNA_001/20221012_030000.WAV,Telephone Field,recover-20221013,001,1795
1054.8815,1054.8909,28906,38341,Eptesicus serotinus,0.008,0.022,-1,Echolocation,/mnt/ubna_data_02_mir/recover-20221013/UBNA_001/20221012_030000.WAV,Telephone Field,recover-20221013,001,1795
1054.8925,1054.8998,28046,39103,Eptesicus serotinus,0.006,0.021,-1,Echolocation,/mnt/ubna_data_02_mir/recover-20221013/UBNA_001/20221012_030000.WAV,Telephone Field,recover-20221013,001,1795
1054.9075,1054.9474,68437,82352,Rhinolophus ferrumequinum,0.022,0.022,-1,Echolocation,/mnt/ubna_data_02_mir/recover-20221013/UBNA_001/20221012_030000.WAV,Telephone Field,recover-20221013,001,1795
1054.9205,1054.9267,28046,40930,Eptesicus serotinus,0.01,0.038,-1,Echolocation,/mnt/ubna_data_02_mir/recover-20221013/UBNA_001/20221012_030000.WAV,Telephone Field,recover-20221013,001,1795
1054.9325,1054.9733,68437,82846,Rhinolophus ferrumequinum,0.021,0.021,-1,Echolocation,/mnt/ubna_data_02_mir/recover-20221013/UBNA_001/20221012_030000.WAV,Telephone Field,recover-20221013,001,1795
1054.9645,1054.9744,22890,28912,Nyctalus leisleri,0.009,0.022,-1,Echolocation,/mnt/ubna_data_02_mir/recover-20221013/UBNA_001/20221012_030000.WAV,Telephone Field,recover-20221013,001,1795
1054.9815,1055.0193,68437,81258,Rhinolophus ferrumequinum,0.021,0.021,-1,Echolocation,/mnt/ubna_data_02_mir/recover-20221013/UBNA_001/20221012_030000.WAV,Telephone Field,recover-20221013,001,1795
1055.0315,1055.0418,23750,30491,Nyctalus leisleri,0.011,0.029,-1,Echolocation,/mnt/ubna_data_02_mir/recover-20221013/UBNA_001/20221012_030000.WAV,Telephone Field,recover-20221013,001,1795
1055.1305,1055.1679,68437,81968,Rhinolophus ferrumequinum,0.027,0.027,-1,Echolocation,/mnt/ubna_data_02_mir/recover-20221013/UBNA_001/20221012_030000.WAV,Telephone Field,recover-20221013,001,1795
1055.1515,1055.191,68437,82222,Rhinolophus ferrumequinum,0.022,0.022,-1,Echolocation,/mnt/ubna_data_02_mir/recover-20221013/UBNA_001/20221012_030000.WAV,Telephone Field,recover-20221013,001,1795
1055.1795,1055.218,68437,82313,Rhinolophus ferrumequinum,0.021,0.022,-1,Echolocation,/mnt/ubna_data_02_mir/recover-20221013/UBNA_001/20221012_030000.WAV,Telephone Field,recover-20221013,001,1795
1055.1795,1055.1863,28906,40222,Eptesicus serotinus,0.006,0.024,-1,Echolocation,/mnt/ubna_data_02_mir/recover-20221013/UBNA_001/20221012_030000.WAV,Telephone Field,recover-20221013,001,1795
1055.1875,1055.2239,68437,82340,Rhinolophus ferrumequinum,0.023,0.023,-1,Echolocation,/mnt/ubna_data_02_mir/recover-20221013/UBNA_001/20221012_030000.WAV,Telephone Field,recover-20221013,001,1795
1055.1935,1055.2064,46093,48876,Pipistrellus pipistrellus,0.041,0.047,-1,Echolocation,/mnt/ubna_data_02_mir/recover-20221013/UBNA_001/20221012_030000.WAV,Telephone Field,recover-20221013,001,1795
1055.1935,1055.231,68437,82240,Rhinolophus ferrumequinum,0.021,0.021,-1,Echolocation,/mnt/ubna_data_02_mir/recover-20221013/UBNA_001/20221012_030000.WAV,Telephone Field,recover-20221013,001,1795
1055.2395,1055.2788,68437,82826,Rhinolophus ferrumequinum,0.023,0.023,-1,Echolocation,/mnt/ubna_data_02_mir/recover-20221013/UBNA_001/20221012_030000.WAV,Telephone Field,recover-20221013,001,1795
1055.2545,1055.2628,23750,31591,Plecotus austriacus,0.006,0.021,-1,Echolocation,/mnt/ubna_data_02_mir/recover-20221013/UBNA_001/20221012_030000.WAV,Telephone Field,recover-20221013,001,1795
1055.2625,1055.2737,22890,27892,Nyctalus leisleri,0.009,0.02,-1,Echolocation,/mnt/ubna_data_02_mir/recover-20221013/UBNA_001/20221012_030000.WAV,Telephone Field,recover-20221013,001,1795
1055.2645,1055.3032,68437,82053,Rhinolophus ferrumequinum,0.021,0.021,-1,Echolocation,/mnt/ubna_data_02_mir/recover-20221013/UBNA_001/20221012_030000.WAV,Telephone Field,recover-20221013,001,1795
1055.2755,1055.3132,68437,82139,Rhinolophus ferrumequinum,0.022,0.022,-1,Echolocation,/mnt/ubna_data_02_mir/recover-20221013/UBNA_001/20221012_030000.WAV,Telephone Field,recover-20221013,001,1795
1055.2945,1055.3394,68437,83230,Rhinolophus ferrumequinum,0.042,0.042,-1,Echolocation,/mnt/ubna_data_02_mir/recover-20221013/UBNA_001/20221012_030000.WAV,Telephone Field,recover-20221013,001,1795
1055.3025,1055.3121,28906,37122,Eptesicus serotinus,0.012,0.028,-1,Echolocation,/mnt/ubna_data_02_mir/recover-20221013/UBNA_001/20221012_030000.WAV,Telephone Field,recover-20221013,001,1795
1055.4225,1055.4335,22031,25592,Nyctalus leisleri,0.012,0.021,-1,Echolocation,/mnt/ubna_data_02_mir/recover-20221013/UBNA_001/20221012_030000.WAV,Telephone Field,recover-20221013,001,1795
1055.4715,1055.5125,68437,82482,Rhinolophus ferrumequinum,0.022,0.022,-1,Echolocation,/mnt/ubna_data_02_mir/recover-20221013/UBNA_001/20221012_030000.WAV,Telephone Field,recover-20221013,001,1795
1055.4825,1055.4896,25468,35372,Eptesicus serotinus,0.006,0.021,-1,Echolocation,/mnt/ubna_data_02_mir/recover-20221013/UBNA_001/20221012_030000.WAV,Telephone Field,recover-20221013,001,1795
1055.4965,1055.5031,27187,38018,Eptesicus serotinus,0.007,0.025,-1,Echolocation,/mnt/ubna_data_02_mir/recover-20221013/UBNA_001/20221012_030000.WAV,Telephone Field,recover-20221013,001,1795
1055.5245,1055.5324,28046,37407,Eptesicus serotinus,0.007,0.021,-1,Echolocation,/mnt/ubna_data_02_mir/recover-20221013/UBNA_001/20221012_030000.WAV,Telephone Field,recover-20221013,001,1795
1055.5445,1055.5835,68437,82087,Rhinolophus ferrumequinum,0.022,0.022,-1,Echolocation,/mnt/ubna_data_02_mir/recover-20221013/UBNA_001/20221012_030000.WAV,Telephone Field,recover-20221013,001,1795
1055.5995,1055.6391,68437,82413,Rhinolophus ferrumequinum,0.022,0.022,-1,Echolocation,/mnt/ubna_data_02_mir/recover-20221013/UBNA_001/20221012_030000.WAV,Telephone Field,recover-20221013,001,1795
1055.6005,1055.6094,22890,29792,Plecotus austriacus,0.007,0.021,-1,Echolocation,/mnt/ubna_data_02_mir/recover-20221013/UBNA_001/20221012_030000.WAV,Telephone Field,recover-20221013,001,1795
1055.6635,1055.6989,68437,81414,Rhinolophus ferrumequinum,0.022,0.022,-1,Echolocation,/mnt/ubna_data_02_mir/recover-20221013/UBNA_001/20221012_030000.WAV,Telephone Field,recover-20221013,001,1795
1055.6825,1055.6911,25468,33535,Eptesicus serotinus,0.007,0.021,-1,Echolocation,/mnt/ubna_data_02_mir/recover-20221013/UBNA_001/20221012_030000.WAV,Telephone Field,recover-20221013,001,1795
1055.7015,1055.7384,68437,81350,Rhinolophus ferrumequinum,0.021,0.021,-1,Echolocation,/mnt/ubna_data_02_mir/recover-20221013/UBNA_001/20221012_030000.WAV,Telephone Field,recover-20221013,001,1795
1055.7125,1055.7525,68437,81291,Rhinolophus ferrumequinum,0.024,0.024,-1,Echolocation,/mnt/ubna_data_02_mir/recover-20221013/UBNA_001/20221012_030000.WAV,Telephone Field,recover-20221013,001,1795
1055.7855,1055.8233,68437,82024,Rhinolophus ferrumequinum,0.02,0.02,-1,Echolocation,/mnt/ubna_data_02_mir/recover-20221013/UBNA_001/20221012_030000.WAV,Telephone Field,recover-20221013,001,1795
1055.7865,1055.7938,27187,39770,Eptesicus serotinus,0.007,0.023,-1,Echolocation,/mnt/ubna_data_02_mir/recover-20221013/UBNA_001/20221012_030000.WAV,Telephone Field,recover-20221013,001,1795
1055.8635,1055.9014,68437,81985,Rhinolophus ferrumequinum,0.021,0.021,-1,Echolocation,/mnt/ubna_data_02_mir/recover-20221013/UBNA_001/20221012_030000.WAV,Telephone Field,recover-20221013,001,1795
1055.8915,1055.9054,23750,29387,Nyctalus leisleri,0.016,0.033,-1,Echolocation,/mnt/ubna_data_02_mir/recover-20221013/UBNA_001/20221012_030000.WAV,Telephone Field,recover-20221013,001,1795
1055.9235,1055.9622,68437,81685,Rhinolophus ferrumequinum,0.023,0.023,-1,Echolocation,/mnt/ubna_data_02_mir/recover-20221013/UBNA_001/20221012_030000.WAV,Telephone Field,recover-20221013,001,1795
1055.9635,1055.9762,22890,27812,Nyctalus leisleri,0.01,0.021,-1,Echolocation,/mnt/ubna_data_02_mir/recover-20221013/UBNA_001/20221012_030000.WAV,Telephone Field,recover-20221013,001,1795
1055.9785,1055.9858,28046,39343,Eptesicus serotinus,0.007,0.023,-1,Echolocation,/mnt/ubna_data_02_mir/recover-20221013/UBNA_001/20221012_030000.WAV,Telephone Field,recover-20221013,001,1795
1055.9865,1055.9948,28046,38244,Eptesicus serotinus,0.01,0.023,-1,Echolocation,/mnt/ubna_data_02_mir/recover-20221013/UBNA_001/20221012_030000.WAV,Telephone Field,recover-20221013,001,1795
1056.0015,1056.0327,68437,79126,Rhinolophus ferrumequinum,0.031,0.031,-1,Echolocation,/mnt/ubna_data_02_mir/recover-20221013/UBNA_001/20221012_030000.WAV,Telephone Field,recover-20221013,001,1795
1056.0015,1056.0146,20312,25847,Nyctalus leisleri,0.013,0.032,-1,Echolocation,/mnt/ubna_data_02_mir/recover-20221013/UBNA_001/20221012_030000.WAV,Telephone Field,recover-20221013,001,1795
1056.0015,1056.0166,50390,54758,Pipistrellus pipistrellus,0.023,0.039,-1,Echolocation,/mnt/ubna_data_02_mir/recover-20221013/UBNA_001/20221012_030000.WAV,Telephone Field,recover-20221013,001,1795
1056.0265,1056.0387,28906,35349,Eptesicus serotinus,0.034,0.057,-1,Echolocation,/mnt/ubna_data_02_mir/recover-20221013/UBNA_001/20221012_030000.WAV,Telephone Field,recover-20221013,001,1795
1056.0615,1056.0972,68437,81013,Rhinolophus ferrumequinum,0.024,0.024,-1,Echolocation,/mnt/ubna_data_02_mir/recover-20221013/UBNA_001/20221012_030000.WAV,Telephone Field,recover-20221013,001,1795
1056.0835,1056.0914,28046,38127,Eptesicus serotinus,0.009,0.025,-1,Echolocation,/mnt/ubna_data_02_mir/recover-20221013/UBNA_001/20221012_030000.WAV,Telephone Field,recover-20221013,001,1795
1056.1175,1056.1553,68437,82099,Rhinolophus ferrumequinum,0.021,0.021,-1,Echolocation,/mnt/ubna_data_02_mir/recover-20221013/UBNA_001/20221012_030000.WAV,Telephone Field,recover-20221013,001,1795
1056.1235,1056.1622,68437,81864,Rhinolophus ferrumequinum,0.021,0.021,-1,Echolocation,/mnt/ubna_data_02_mir/recover-20221013/UBNA_001/20221012_030000.WAV,Telephone Field,recover-20221013,001,1795
1056.1365,1056.1798,68437,83324,Rhinolophus ferrumequinum,0.033,0.033,-1,Echolocation,/mnt/ubna_data_02_mir/recover-20221013/UBNA_001/20221012_030000.WAV,Telephone Field,recover-20221013,001,1795
1056.1645,1056.2004,68437,81664,Rhinolophus ferrumequinum,0.021,0.021,-1,Echolocation,/mnt/ubna_data_02_mir/recover-20221013/UBNA_001/20221012_030000.WAV,Telephone Field,recover-20221013,001,1795
1056.1975,1056.2093,22031,25473,Nyctalus leisleri,0.014,0.022,-1,Echolocation,/mnt/ubna_data_02_mir/recover-20221013/UBNA_001/20221012_030000.WAV,Telephone Field,recover-20221013,001,1795
1056.2035,1056.2421,68437,82140,Rhinolophus ferrumequinum,0.022,0.022,-1,Echolocation,/mnt/ubna_data_02_mir/recover-20221013/UBNA_001/20221012_030000.WAV,Telephone Field,recover-20221013,001,1795
1056.2095,1056.2483,68437,82330,Rhinolophus ferrumequinum,0.022,0.022,-1,Echolocation,/mnt/ubna_data_02_mir/recover-20221013/UBNA_001/20221012_030000.WAV,Telephone Field,recover-20221013,001,1795
1056.2175,1056.2247,27187,39541,Eptesicus serotinus,0.007,0.023,-1,Echolocation,/mnt/ubna_data_02_mir/recover-20221013/UBNA_001/20221012_030000.WAV,Telephone Field,recover-20221013,001,1795
1056.2545,1056.2937,68437,81992,Rhinolophus ferrumequinum,0.021,0.021,-1,Echolocation,/mnt/ubna_data_02_mir/recover-20221013/UBNA_001/20221012_030000.WAV,Telephone Field,recover-20221013,001,1795
1056.3015,1056.3379,68437,81525,Rhinolophus ferrumequinum,0.021,0.021,-1,Echolocation,/mnt/ubna_data_02_mir/recover-20221013/UBNA_001/20221012_030000.WAV,Telephone Field,recover-20221013,001,1795
1056.3065,1056.3173,22031,26363,Nyctalus leisleri,0.012,0.024,-1,Echolocation,/mnt/ubna_data_02_mir/recover-20221013/UBNA_001/20221012_030000.WAV,Telephone Field,recover-20221013,001,1795
1056.3365,1056.3438,28046,39734,Eptesicus serotinus,0.006,0.022,-1,Echolocation,/mnt/ubna_data_02_mir/recover-20221013/UBNA_001/20221012_030000.WAV,Telephone Field,recover-20221013,001,1795
1056.3405,1056.3787,68437,81896,Rhinolophus ferrumequinum,0.027,0.027,-1,Echolocation,/mnt/ubna_data_02_mir/recover-20221013/UBNA_001/20221012_030000.WAV,Telephone Field,recover-20221013,001,1795
1056.3535,1056.3951,68437,82429,Rhinolophus ferrumequinum,0.024,0.024,-1,Echolocation,/mnt/ubna_data_02_mir/recover-20221013/UBNA_001/20221012_030000.WAV,Telephone Field,recover-20221013,001,1795
1056.3635,1056.4027,68437,82561,Rhinolophus ferrumequinum,0.025,0.025,-1,Echolocation,/mnt/ubna_data_02_mir/recover-20221013/UBNA_001/20221012_030000.WAV,Telephone Field,recover-20221013,001,1795
1056.3715,1056.3789,28046,40534,Eptesicus serotinus,0.007,0.025,-1,Echolocation,/mnt/ubna_data_02_mir/recover-20221013/UBNA_001/20221012_030000.WAV,Telephone Field,recover-20221013,001,1795
1056.3925,1056.427,68437,81163,Rhinolophus ferrumequinum,0.024,0.024,-1,Echolocation,/mnt/ubna_data_02_mir/recover-20221013/UBNA_001/20221012_030000.WAV,Telephone Field,recover-20221013,001,1795
1056.4045,1056.4138,22890,28473,Nyctalus leisleri,0.008,0.022,-1,Echolocation,/mnt/ubna_data_02_mir/recover-20221013/UBNA_001/20221012_030000.WAV,Telephone Field,recover-20221013,001,1795
1056.4565,1056.467,22890,27564,Nyctalus leisleri,0.01,0.023,-1,Echolocation,/mnt/ubna_data_02_mir/recover-20221013/UBNA_001/20221012_030000.WAV,Telephone Field,recover-20221013,001,1795
1056.4885,1056.5005,24609,31870,Nyctalus leisleri,0.017,0.045,-1,Echolocation,/mnt/ubna_data_02_mir/recover-20221013/UBNA_001/20221012_030000.WAV,Telephone Field,recover-20221013,001,1795
1056.5345,1056.5423,28046,37652,Eptesicus serotinus,0.016,0.039,-1,Echolocation,/mnt/ubna_data_02_mir/recover-20221013/UBNA_001/20221012_030000.WAV,Telephone Field,recover-20221013,001,1795
1056.5665,1056.6068,68437,82687,Rhinolophus ferrumequinum,0.03,0.03,-1,Echolocation,/mnt/ubna_data_02_mir/recover-20221013/UBNA_001/20221012_030000.WAV,Telephone Field,recover-20221013,001,1795
1056.6095,1056.6158,28046,40538,Eptesicus serotinus,0.005,0.026,-1,Echolocation,/mnt/ubna_data_02_mir/recover-20221013/UBNA_001/20221012_030000.WAV,Telephone Field,recover-20221013,001,1795
1056.6165,1056.6564,68437,82430,Rhinolophus ferrumequinum,0.024,0.024,-1,Echolocation,/mnt/ubna_data_02_mir/recover-20221013/UBNA_001/20221012_030000.WAV,Telephone Field,recover-20221013,001,1795
1056.6215,1056.6276,51250,59877,Pipistrellus pipistrellus,0.018,0.023,-1,Echolocation,/mnt/ubna_data_02_mir/recover-20221013/UBNA_001/20221012_030000.WAV,Telephone Field,recover-20221013,001,1795
1056.6325,1056.6717,68437,82479,Rhinolophus ferrumequinum,0.022,0.022,-1,Echolocation,/mnt/ubna_data_02_mir/recover-20221013/UBNA_001/20221012_030000.WAV,Telephone Field,recover-20221013,001,1795
1056.6755,1056.714,68437,82043,Rhinolophus ferrumequinum,0.021,0.022,-1,Echolocation,/mnt/ubna_data_02_mir/recover-20221013/UBNA_001/20221012_030000.WAV,Telephone Field,recover-20221013,001,1795
1056.7045,1056.742,68437,82045,Rhinolophus ferrumequinum,0.023,0.023,-1,Echolocation,/mnt/ubna_data_02_mir/recover-20221013/UBNA_001/20221012_030000.WAV,Telephone Field,recover-20221013,001,1795
1056.7135,1056.7214,27187,38793,Eptesicus serotinus,0.007,0.021,-1,Echolocation,/mnt/ubna_data_02_mir/recover-20221013/UBNA_001/20221012_030000.WAV,Telephone Field,recover-20221013,001,1795
1056.7405,1056.7523,28046,34515,Eptesicus serotinus,0.015,0.032,-1,Echolocation,/mnt/ubna_data_02_mir/recover-20221013/UBNA_001/20221012_030000.WAV,Telephone Field,recover-20221013,001,1795
1056.7815,1056.8187,68437,82352,Rhinolophus ferrumequinum,0.021,0.021,-1,Echolocation,/mnt/ubna_data_02_mir/recover-20221013/UBNA_001/20221012_030000.WAV,Telephone Field,recover-20221013,001,1795
1056.8125,1056.8205,24609,32696,Eptesicus serotinus,0.006,0.021,-1,Echolocation,/mnt/ubna_data_02_mir/recover-20221013/UBNA_001/20221012_030000.WAV,Telephone Field,recover-20221013,001,1795
1056.8165,1056.8587,68437,82936,Rhinolophus ferrumequinum,0.022,0.022,-1,Echolocation,/mnt/ubna_data_02_mir/recover-20221013/UBNA_001/20221012_030000.WAV,Telephone Field,recover-20221013,001,1795
1056.8455,1056.883,68437,81979,Rhinolophus ferrumequinum,0.027,0.027,-1,Echolocation,/mnt/ubna_data_02_mir/recover-20221013/UBNA_001/20221012_030000.WAV,Telephone Field,recover-20221013,001,1795
1056.8565,1056.8668,30625,37681,Eptesicus serotinus,0.006,0.021,-1,Echolocation,/mnt/ubna_data_02_mir/recover-20221013/UBNA_001/20221012_030000.WAV,Telephone Field,recover-20221013,001,1795
1056.8685,1056.908,68437,82034,Rhinolophus ferrumequinum,0.022,0.022,-1,Echolocation,/mnt/ubna_data_02_mir/recover-20221013/UBNA_001/20221012_030000.WAV,Telephone Field,recover-20221013,001,1795
1056.9485,1056.9575,48671,57778,Pipistrellus pipistrellus,0.019,0.026,-1,Echolocation,/mnt/ubna_data_02_mir/recover-20221013/UBNA_001/20221012_030000.WAV,Telephone Field,recover-20221013,001,1795
1056.9585,1056.9987,68437,82282,Rhinolophus ferrumequinum,0.024,0.024,-1,Echolocation,/mnt/ubna_data_02_mir/recover-20221013/UBNA_001/20221012_030000.WAV,Telephone Field,recover-20221013,001,1795
1056.9785,1057.0155,68437,82306,Rhinolophus ferrumequinum,0.029,0.029,-1,Echolocation,/mnt/ubna_data_02_mir/recover-20221013/UBNA_001/20221012_030000.WAV,Telephone Field,recover-20221013,001,1795
1056.9945,1057.0043,26328,34351,Eptesicus serotinus,0.018,0.041,-1,Echolocation,/mnt/ubna_data_02_mir/recover-20221013/UBNA_001/20221012_030000.WAV,Telephone Field,recover-20221013,001,1795
1057.0095,1057.0503,68437,82702,Rhinolophus ferrumequinum,0.022,0.022,-1,Echolocation,/mnt/ubna_data_02_mir/recover-20221013/UBNA_001/20221012_030000.WAV,Telephone Field,recover-20221013,001,1795
1057.0135,1057.0207,45234,52785,Pipistrellus pipistrellus,0.021,0.024,-1,Echolocation,/mnt/ubna_data_02_mir/recover-20221013/UBNA_001/20221012_030000.WAV,Telephone Field,recover-20221013,001,1795
1057.0155,1057.022,30625,41634,Eptesicus serotinus,0.019,0.059,-1,Echolocation,/mnt/ubna_data_02_mir/recover-20221013/UBNA_001/20221012_030000.WAV,Telephone Field,recover-20221013,001,1795
1057.0425,1057.0798,68437,81758,Rhinolophus ferrumequinum,0.021,0.021,-1,Echolocation,/mnt/ubna_data_02_mir/recover-20221013/UBNA_001/20221012_030000.WAV,Telephone Field,recover-20221013,001,1795
1057.0505,1057.0581,23750,31395,Plecotus austriacus,0.009,0.021,-1,Echolocation,/mnt/ubna_data_02_mir/recover-20221013/UBNA_001/20221012_030000.WAV,Telephone Field,recover-20221013,001,1795
1057.0755,1057.0836,22890,29866,Plecotus austriacus,0.01,0.023,-1,Echolocation,/mnt/ubna_data_02_mir/recover-20221013/UBNA_001/20221012_030000.WAV,Telephone Field,recover-20221013,001,1795
1057.0775,1057.0863,28906,37173,Eptesicus serotinus,0.007,0.022,-1,Echolocation,/mnt/ubna_data_02_mir/recover-20221013/UBNA_001/20221012_030000.WAV,Telephone Field,recover-20221013,001,1795
1057.1135,1057.1218,28906,39591,Eptesicus serotinus,0.007,0.021,-1,Echolocation,/mnt/ubna_data_02_mir/recover-20221013/UBNA_001/20221012_030000.WAV,Telephone Field,recover-20221013,001,1795
1057.1225,1057.1301,28906,38693,Eptesicus serotinus,0.007,0.022,-1,Echolocation,/mnt/ubna_data_02_mir/recover-20221013/UBNA_001/20221012_030000.WAV,Telephone Field,recover-20221013,001,1795
1057.1425,1057.1843,68437,82756,Rhinolophus ferrumequinum,0.029,0.029,-1,Echolocation,/mnt/ubna_data_02_mir/recover-20221013/UBNA_001/20221012_030000.WAV,Telephone Field,recover-20221013,001,1795
1057.2095,1057.249,68437,82811,Rhinolophus ferrumequinum,0.026,0.026,-1,Echolocation,/mnt/ubna_data_02_mir/recover-20221013/UBNA_001/20221012_030000.WAV,Telephone Field,recover-20221013,001,1795
1057.2165,1057.2541,68437,82416,Rhinolophus ferrumequinum,0.023,0.023,-1,Echolocation,/mnt/ubna_data_02_mir/recover-20221013/UBNA_001/20221012_030000.WAV,Telephone Field,recover-20221013,001,1795
1057.2225,1057.2345,22031,25250,Nyctalus leisleri,0.014,0.022,-1,Echolocation,/mnt/ubna_data_02_mir/recover-20221013/UBNA_001/20221012_030000.WAV,Telephone Field,recover-20221013,001,1795
1057.2485,1057.285,68437,81604,Rhinolophus ferrumequinum,0.022,0.022,-1,Echolocation,/mnt/ubna_data_02_mir/recover-20221013/UBNA_001/20221012_030000.WAV,Telephone Field,recover-20221013,001,1795
1057.2865,1057.3283,68437,82563,Rhinolophus ferrumequinum,0.022,0.022,-1,Echolocation,/mnt/ubna_data_02_mir/recover-20221013/UBNA_001/20221012_030000.WAV,Telephone Field,recover-20221013,001,1795
1057.2885,1057.2997,23750,29272,Nyctalus leisleri,0.016,0.033,-1,Echolocation,/mnt/ubna_data_02_mir/recover-20221013/UBNA_001/20221012_030000.WAV,Telephone Field,recover-20221013,001,1795
1057.3095,1057.3505,68437,82922,Rhinolophus ferrumequinum,0.031,0.031,-1,Echolocation,/mnt/ubna_data_02_mir/recover-20221013/UBNA_001/20221012_030000.WAV,Telephone Field,recover-20221013,001,1795
1057.3275,1057.3382,23750,30334,Nyctalus leisleri,0.01,0.024,-1,Echolocation,/mnt/ubna_data_02_mir/recover-20221013/UBNA_001/20221012_030000.WAV,Telephone Field,recover-20221013,001,1795
1057.3945,1057.432,68437,82269,Rhinolophus ferrumequinum,0.024,0.024,-1,Echolocation,/mnt/ubna_data_02_mir/recover-20221013/UBNA_001/20221012_030000.WAV,Telephone Field,recover-20221013,001,1795
1057.4065,1057.4198,31484,36729,Eptesicus serotinus,0.019,0.049,-1,Echolocation,/mnt/ubna_data_02_mir/recover-20221013/UBNA_001/20221012_030000.WAV,Telephone Field,recover-20221013,001,1795
1057.4235,1057.4648,68437,82666,Rhinolophus ferrumequinum,0.022,0.022,-1,Echolocation,/mnt/ubna_data_02_mir/recover-20221013/UBNA_001/20221012_030000.WAV,Telephone Field,recover-20221013,001,1795
1057.4635,1057.5005,68437,82398,Rhinolophus ferrumequinum,0.024,0.024,-1,Echolocation,/mnt/ubna_data_02_mir/recover-20221013/UBNA_001/20221012_030000.WAV,Telephone Field,recover-20221013,001,1795
1057.4895,1057.53,68437,82456,Rhinolophus ferrumequinum,0.025,0.025,-1,Echolocation,/mnt/ubna_data_02_mir/recover-20221013/UBNA_001/20221012_030000.WAV,Telephone Field,recover-20221013,001,1795
1057.5115,1057.5499,68437,82777,Rhinolophus ferrumequinum,0.041,0.041,-1,Echolocation,/mnt/ubna_data_02_mir/recover-20221013/UBNA_001/20221012_030000.WAV,Telephone Field,recover-20221013,001,1795
1057.5265,1057.5332,26328,38800,Eptesicus serotinus,0.005,0.023,-1,Echolocation,/mnt/ubna_data_02_mir/recover-20221013/UBNA_001/20221012_030000.WAV,Telephone Field,recover-20221013,001,1795
1057.5805,1057.6188,68437,81780,Rhinolophus ferrumequinum,0.022,0.022,-1,Echolocation,/mnt/ubna_data_02_mir/recover-20221013/UBNA_001/20221012_030000.WAV,Telephone Field,recover-20221013,001,1795
1057.6045,1057.6116,23750,32907,Plecotus austriacus,0.009,0.022,-1,Echolocation,/mnt/ubna_data_02_mir/recover-20221013/UBNA_001/20221012_030000.WAV,Telephone Field,recover-20221013,001,1795
1057.6145,1057.6518,68437,81660,Rhinolophus ferrumequinum,0.023,0.023,-1,Echolocation,/mnt/ubna_data_02_mir/recover-20221013/UBNA_001/20221012_030000.WAV,Telephone Field,recover-20221013,001,1795
1057.6185,1057.6281,22031,28511,Plecotus austriacus,0.008,0.025,-1,Echolocation,/mnt/ubna_data_02_mir/recover-20221013/UBNA_001/20221012_030000.WAV,Telephone Field,recover-20221013,001,1795
1057.6375,1057.6734,68437,81733,Rhinolophus ferrumequinum,0.021,0.021,-1,Echolocation,/mnt/ubna_data_02_mir/recover-20221013/UBNA_001/20221012_030000.WAV,Telephone Field,recover-20221013,001,1795
1057.6755,1057.6829,27187,36469,Eptesicus serotinus,0.006,0.022,-1,Echolocation,/mnt/ubna_data_02_mir/recover-20221013/UBNA_001/20221012_030000.WAV,Telephone Field,recover-20221013,001,1795
1057.7025,1057.743,68437,82283,Rhinolophus ferrumequinum,0.024,0.024,-1,Echolocation,/mnt/ubna_data_02_mir/recover-20221013/UBNA_001/20221012_030000.WAV,Telephone Field,recover-20221013,001,1795
1057.7335,1057.7757,68437,82714,Rhinolophus ferrumequinum,0.032,0.032,-1,Echolocation,/mnt/ubna_data_02_mir/recover-20221013/UBNA_001/20221012_030000.WAV,Telephone Field,recover-20221013,001,1795
1057.7545,1057.7631,28046,44080,Eptesicus serotinus,0.007,0.021,-1,Echolocation,/mnt/ubna_data_02_mir/recover-20221013/UBNA_001/20221012_030000.WAV,Telephone Field,recover-20221013,001,1795
1057.7595,1057.8002,68437,82786,Rhinolophus ferrumequinum,0.022,0.022,-1,Echolocation,/mnt/ubna_data_02_mir/recover-20221013/UBNA_001/20221012_030000.WAV,Telephone Field,recover-20221013,001,1795
1057.7945,1057.8308,68437,81849,Rhinolophus ferrumequinum,0.021,0.021,-1,Echolocation,/mnt/ubna_data_02_mir/recover-20221013/UBNA_001/20221012_030000.WAV,Telephone Field,recover-20221013,001,1795
1057.8125,1057.8457,68437,81068,Rhinolophus ferrumequinum,0.023,0.023,-1,Echolocation,/mnt/ubna_data_02_mir/recover-20221013/UBNA_001/20221012_030000.WAV,Telephone Field,recover-20221013,001,1795
1057.8585,1057.9014,68437,82364,Rhinolophus ferrumequinum,0.022,0.022,-1,Echolocation,/mnt/ubna_data_02_mir/recover-20221013/UBNA_001/20221012_030000.WAV,Telephone Field,recover-20221013,001,1795
1057.8745,1057.9166,68437,82853,Rhinolophus ferrumequinum,0.023,0.023,-1,Echolocation,/mnt/ubna_data_02_mir/recover-20221013/UBNA_001/20221012_030000.WAV,Telephone Field,recover-20221013,001,1795
1057.8805,1057.8933,24609,29262,Nyctalus leisleri,0.017,0.032,-1,Echolocation,/mnt/ubna_data_02_mir/recover-20221013/UBNA_001/20221012_030000.WAV,Telephone Field,recover-20221013,001,1795
1057.8965,1057.935,68437,82231,Rhinolophus ferrumequinum,0.021,0.022,-1,Echolocation,/mnt/ubna_data_02_mir/recover-20221013/UBNA_001/20221012_030000.WAV,Telephone Field,recover-20221013,001,1795
1057.9085,1057.918,25468,33529,Eptesicus serotinus,0.01,0.025,-1,Echolocation,/mnt/ubna_data_02_mir/recover-20221013/UBNA_001/20221012_030000.WAV,Telephone Field,recover-20221013,001,1795
1057.9125,1057.9481,68437,80848,Rhinolophus ferrumequinum,0.023,0.023,-1,Echolocation,/mnt/ubna_data_02_mir/recover-20221013/UBNA_001/20221012_030000.WAV,Telephone Field,recover-20221013,001,1795
1057.9595,1057.9669,28046,41119,Eptesicus serotinus,0.006,0.021,-1,Echolocation,/mnt/ubna_data_02_mir/recover-20221013/UBNA_001/20221012_030000.WAV,Telephone Field,recover-20221013,001,1795
1058.0015,1058.0158,16015,21013,Nyctalus noctula,0.023,0.053,-1,Echolocation,/mnt/ubna_data_02_mir/recover-20221013/UBNA_001/20221012_030000.WAV,Telephone Field,recover-20221013,001,1795
1058.0015,1058.0099,47812,55763,Pipistrellus pipistrellus,0.013,0.021,-1,Echolocation,/mnt/ubna_data_02_mir/recover-20221013/UBNA_001/20221012_030000.WAV,Telephone Field,recover-20221013,001,1795
1058.0015,1058.0114,22031,27693,Nyctalus leisleri,0.01,0.024,-1,Echolocation,/mnt/ubna_data_02_mir/recover-20221013/UBNA_001/20221012_030000.WAV,Telephone Field,recover-20221013,001,1795
1058.0015,1058.0359,69296,81697,Rhinolophus ferrumequinum,0.028,0.028,-1,Echolocation,/mnt/ubna_data_02_mir/recover-20221013/UBNA_001/20221012_030000.WAV,Telephone Field,recover-20221013,001,1795
1058.0095,1058.0527,68437,82681,Rhinolophus ferrumequinum,0.03,0.03,-1,Echolocation,/mnt/ubna_data_02_mir/recover-20221013/UBNA_001/20221012_030000.WAV,Telephone Field,recover-20221013,001,1795
1058.0255,1058.0355,23750,29530,Nyctalus leisleri,0.008,0.02,-1,Echolocation,/mnt/ubna_data_02_mir/recover-20221013/UBNA_001/20221012_030000.WAV,Telephone Field,recover-20221013,001,1795
1058.0535,1058.0966,68437,83125,Rhinolophus ferrumequinum,0.026,0.026,-1,Echolocation,/mnt/ubna_data_02_mir/recover-20221013/UBNA_001/20221012_030000.WAV,Telephone Field,recover-20221013,001,1795
1058.0555,1058.0642,44375,49838,Pipistrellus pipistrellus,0.023,0.024,-1,Echolocation,/mnt/ubna_data_02_mir/recover-20221013/UBNA_001/20221012_030000.WAV,Telephone Field,recover-20221013,001,1795
1058.0635,1058.0704,28046,38890,Eptesicus serotinus,0.006,0.022,-1,Echolocation,/mnt/ubna_data_02_mir/recover-20221013/UBNA_001/20221012_030000.WAV,Telephone Field,recover-20221013,001,1795
1058.0635,1058.0739,22031,26600,Nyctalus leisleri,0.01,0.02,-1,Echolocation,/mnt/ubna_data_02_mir/recover-20221013/UBNA_001/20221012_030000.WAV,Telephone Field,recover-20221013,001,1795
1058.0765,1058.1156,68437,82340,Rhinolophus ferrumequinum,0.02,0.021,-1,Echolocation,/mnt/ubna_data_02_mir/recover-20221013/UBNA_001/20221012_030000.WAV,Telephone Field,recover-20221013,001,1795
1058.1125,1058.152,68437,81961,Rhinolophus ferrumequinum,0.022,0.022,-1,Echolocation,/mnt/ubna_data_02_mir/recover-20221013/UBNA_001/20221012_030000.WAV,Telephone Field,recover-20221013,001,1795
1058.1535,1058.1949,68437,82680,Rhinolophus ferrumequinum,0.021,0.021,-1,Echolocation,/mnt/ubna_data_02_mir/recover-20221013/UBNA_001/20221012_030000.WAV,Telephone Field,recover-20221013,001,1795
1058.1945,1058.2337,68437,82868,Rhinolophus ferrumequinum,0.022,0.022,-1,Echolocation,/mnt/ubna_data_02_mir/recover-20221013/UBNA_001/20221012_030000.WAV,Telephone Field,recover-20221013,001,1795
1058.2065,1058.2478,68437,82756,Rhinolophus ferrumequinum,0.024,0.024,-1,Echolocation,/mnt/ubna_data_02_mir/recover-20221013/UBNA_001/20221012_030000.WAV,Telephone Field,recover-20221013,001,1795
1058.2275,1058.2668,68437,82065,Rhinolophus ferrumequinum,0.023,0.023,-1,Echolocation,/mnt/ubna_data_02_mir/recover-20221013/UBNA_001/20221012_030000.WAV,Telephone Field,recover-20221013,001,1795
1058.2505,1058.2893,68437,81903,Rhinolophus ferrumequinum,0.025,0.026,-1,Echolocation,/mnt/ubna_data_02_mir/recover-20221013/UBNA_001/20221012_030000.WAV,Telephone Field,recover-20221013,001,1795
1058.3265,1058.3652,68437,81758,Rhinolophus ferrumequinum,0.023,0.023,-1,Echolocation,/mnt/ubna_data_02_mir/recover-20221013/UBNA_001/20221012_030000.WAV,Telephone Field,recover-20221013,001,1795
1058.3545,1058.3956,68437,81941,Rhinolophus ferrumequinum,0.022,0.022,-1,Echolocation,/mnt/ubna_data_02_mir/recover-20221013/UBNA_001/20221012_030000.WAV,Telephone Field,recover-20221013,001,1795
1058.3605,1058.3705,24609,32462,Eptesicus serotinus,0.007,0.023,-1,Echolocation,/mnt/ubna_data_02_mir/recover-20221013/UBNA_001/20221012_030000.WAV,Telephone Field,recover-20221013,001,1795
1058.3615,1058.401,68437,82452,Rhinolophus ferrumequinum,0.021,0.021,-1,Echolocation,/mnt/ubna_data_02_mir/recover-20221013/UBNA_001/20221012_030000.WAV,Telephone Field,recover-20221013,001,1795
1058.3785,1058.3882,28046,36339,Eptesicus serotinus,0.01,0.022,-1,Echolocation,/mnt/ubna_data_02_mir/recover-20221013/UBNA_001/20221012_030000.WAV,Telephone Field,recover-20221013,001,1795
1058.3865,1058.3973,22031,26183,Nyctalus leisleri,0.011,0.021,-1,Echolocation,/mnt/ubna_data_02_mir/recover-20221013/UBNA_001/20221012_030000.WAV,Telephone Field,recover-20221013,001,1795
1058.3915,1058.4265,68437,80905,Rhinolophus ferrumequinum,0.02,0.02,-1,Echolocation,/mnt/ubna_data_02_mir/recover-20221013/UBNA_001/20221012_030000.WAV,Telephone Field,recover-20221013,001,1795
1058.4155,1058.4536,68437,82835,Rhinolophus ferrumequinum,0.022,0.022,-1,Echolocation,/mnt/ubna_data_02_mir/recover-20221013/UBNA_001/20221012_030000.WAV,Telephone Field,recover-20221013,001,1795
1058.4365,1058.443,45234,50494,Pipistrellus pipistrellus,0.019,0.021,-1,Echolocation,/mnt/ubna_data_02_mir/recover-20221013/UBNA_001/20221012_030000.WAV,Telephone Field,recover-20221013,001,1795
1058.4395,1058.4469,27187,51784,Eptesicus serotinus,0.008,0.023,-1,Echolocation,/mnt/ubna_data_02_mir/recover-20221013/UBNA_001/20221012_030000.WAV,Telephone Field,recover-20221013,001,1795
1058.4515,1058.4666,23750,28551,Nyctalus leisleri,0.014,0.029,-1,Echolocation,/mnt/ubna_data_02_mir/recover-20221013/UBNA_001/20221012_030000.WAV,Telephone Field,recover-20221013,001,1795
1058.4525,1058.4927,68437,82401,Rhinolophus ferrumequinum,0.024,0.024,-1,Echolocation,/mnt/ubna_data_02_mir/recover-20221013/UBNA_001/20221012_030000.WAV,Telephone Field,recover-20221013,001,1795
1058.4885,1058.5008,23750,29446,Nyctalus leisleri,0.011,0.024,-1,Echolocation,/mnt/ubna_data_02_mir/recover-20221013/UBNA_001/20221012_030000.WAV,Telephone Field,recover-20221013,001,1795
1058.5015,1058.5111,28906,37670,Eptesicus serotinus,0.009,0.021,-1,Echolocation,/mnt/ubna_data_02_mir/recover-20221013/UBNA_001/20221012_030000.WAV,Telephone Field,recover-20221013,001,1795
1058.5085,1058.5482,68437,82537,Rhinolophus ferrumequinum,0.027,0.027,-1,Echolocation,/mnt/ubna_data_02_mir/recover-20221013/UBNA_001/20221012_030000.WAV,Telephone Field,recover-20221013,001,1795
1058.5645,1058.5736,24609,31728,Nyctalus leisleri,0.006,0.02,-1,Echolocation,/mnt/ubna_data_02_mir/recover-20221013/UBNA_001/20221012_030000.WAV,Telephone Field,recover-20221013,001,1795
1058.5885,1058.5992,23750,28817,Nyctalus leisleri,0.011,0.022,-1,Echolocation,/mnt/ubna_data_02_mir/recover-20221013/UBNA_001/20221012_030000.WAV,Telephone Field,recover-20221013,001,1795
1058.6055,1058.6455,68437,82838,Rhinolophus ferrumequinum,0.022,0.022,-1,Echolocation,/mnt/ubna_data_02_mir/recover-20221013/UBNA_001/20221012_030000.WAV,Telephone Field,recover-20221013,001,1795
1058.6225,1058.6315,27187,39398,Eptesicus serotinus,0.01,0.023,-1,Echolocation,/mnt/ubna_data_02_mir/recover-20221013/UBNA_001/20221012_030000.WAV,Telephone Field,recover-20221013,001,1795
1058.6275,1058.666,68437,82095,Rhinolophus ferrumequinum,0.021,0.021,-1,Echolocation,/mnt/ubna_data_02_mir/recover-20221013/UBNA_001/20221012_030000.WAV,Telephone Field,recover-20221013,001,1795
1058.6575,1058.6664,28906,38741,Eptesicus serotinus,0.008,0.02,-1,Echolocation,/mnt/ubna_data_02_mir/recover-20221013/UBNA_001/20221012_030000.WAV,Telephone Field,recover-20221013,001,1795
1058.6745,1058.7141,68437,82175,Rhinolophus ferrumequinum,0.02,0.021,-1,Echolocation,/mnt/ubna_data_02_mir/recover-20221013/UBNA_001/20221012_030000.WAV,Telephone Field,recover-20221013,001,1795
1058.7155,1058.7557,68437,82702,Rhinolophus ferrumequinum,0.024,0.024,-1,Echolocation,/mnt/ubna_data_02_mir/recover-20221013/UBNA_001/20221012_030000.WAV,Telephone Field,recover-20221013,001,1795
1058.7355,1058.7421,25468,38048,Plecotus austriacus,0.012,0.036,-1,Echolocation,/mnt/ubna_data_02_mir/recover-20221013/UBNA_001/20221012_030000.WAV,Telephone Field,recover-20221013,001,1795
1058.7495,1058.789,68437,82785,Rhinolophus ferrumequinum,0.021,0.021,-1,Echolocation,/mnt/ubna_data_02_mir/recover-20221013/UBNA_001/20221012_030000.WAV,Telephone Field,recover-20221013,001,1795
1058.7655,1058.7754,24609,31497,Eptesicus serotinus,0.009,0.023,-1,Echolocation,/mnt/ubna_data_02_mir/recover-20221013/UBNA_001/20221012_030000.WAV,Telephone Field,recover-20221013,001,1795
1058.7765,1058.7849,28046,38480,Eptesicus serotinus,0.009,0.023,-1,Echolocation,/mnt/ubna_data_02_mir/recover-20221013/UBNA_001/20221012_030000.WAV,Telephone Field,recover-20221013,001,1795
1058.7945,1058.8016,27187,40719,Eptesicus serotinus,0.007,0.022,-1,Echolocation,/mnt/ubna_data_02_mir/recover-20221013/UBNA_001/20221012_030000.WAV,Telephone Field,recover-20221013,001,1795
1058.8125,1058.8517,68437,81936,Rhinolophus ferrumequinum,0.021,0.021,-1,Echolocation,/mnt/ubna_data_02_mir/recover-20221013/UBNA_001/20221012_030000.WAV,Telephone Field,recover-20221013,001,1795
1058.8385,1058.8782,68437,82823,Rhinolophus ferrumequinum,0.023,0.023,-1,Echolocation,/mnt/ubna_data_02_mir/recover-20221013/UBNA_001/20221012_030000.WAV,Telephone Field,recover-20221013,001,1795
1058.8415,1058.8484,34062,42851,Myotis daubentonii,0.01,0.028,-1,Echolocation,/mnt/ubna_data_02_mir/recover-20221013/UBNA_001/20221012_030000.WAV,Telephone Field,recover-20221013,001,1795
1058.8585,1058.8986,68437,82250,Rhinolophus ferrumequinum,0.022,0.022,-1,Echolocation,/mnt/ubna_data_02_mir/recover-20221013/UBNA_001/20221012_030000.WAV,Telephone Field,recover-20221013,001,1795
1058.8865,1058.8951,28046,39398,Eptesicus serotinus,0.01,0.025,-1,Echolocation,/mnt/ubna_data_02_mir/recover-20221013/UBNA_001/20221012_030000.WAV,Telephone Field,recover-20221013,001,1795
1058.9125,1058.9486,68437,81856,Rhinolophus ferrumequinum,0.021,0.021,-1,Echolocation,/mnt/ubna_data_02_mir/recover-20221013/UBNA_001/20221012_030000.WAV,Telephone Field,recover-20221013,001,1795
1058.9735,1059.0131,68437,82203,Rhinolophus ferrumequinum,0.02,0.02,-1,Echolocation,/mnt/ubna_data_02_mir/recover-20221013/UBNA_001/20221012_030000.WAV,Telephone Field,recover-20221013,001,1795
1059.0235,1059.063,68437,82578,Rhinolophus ferrumequinum,0.021,0.021,-1,Echolocation,/mnt/ubna_data_02_mir/recover-20221013/UBNA_001/20221012_030000.WAV,Telephone Field,recover-20221013,001,1795
1059.0375,1059.0443,48671,53503,Pipistrellus pipistrellus,0.051,0.053,-1,Echolocation,/mnt/ubna_data_02_mir/recover-20221013/UBNA_001/20221012_030000.WAV,Telephone Field,recover-20221013,001,1795
1059.0415,1059.0841,68437,83187,Rhinolophus ferrumequinum,0.027,0.027,-1,Echolocation,/mnt/ubna_data_02_mir/recover-20221013/UBNA_001/20221012_030000.WAV,Telephone Field,recover-20221013,001,1795
1059.0735,1059.1145,68437,82541,Rhinolophus ferrumequinum,0.022,0.022,-1,Echolocation,/mnt/ubna_data_02_mir/recover-20221013/UBNA_001/20221012_030000.WAV,Telephone Field,recover-20221013,001,1795
1059.0945,1059.1348,68437,83392,Rhinolophus ferrumequinum,0.024,0.024,-1,Echolocation,/mnt/ubna_data_02_mir/recover-20221013/UBNA_001/20221012_030000.WAV,Telephone Field,recover-20221013,001,1795
1059.1055,1059.1445,68437,82493,Rhinolophus ferrumequinum,0.021,0.021,-1,Echolocation,/mnt/ubna_data_02_mir/recover-20221013/UBNA_001/20221012_030000.WAV,Telephone Field,recover-20221013,001,1795
1059.1075,1059.118,23750,30493,Nyctalus leisleri,0.008,0.023,-1,Echolocation,/mnt/ubna_data_02_mir/recover-20221013/UBNA_001/20221012_030000.WAV,Telephone Field,recover-20221013,001,1795
1059.1185,1059.1585,68437,82476,Rhinolophus ferrumequinum,0.03,0.03,-1,Echolocation,/mnt/ubna_data_02_mir/recover-20221013/UBNA_001/20221012_030000.WAV,Telephone Field,recover-20221013,001,1795
1059.1595,1059.1718,22031,26166,Nyctalus leisleri,0.013,0.024,-1,Echolocation,/mnt/ubna_data_02_mir/recover-20221013/UBNA_001/20221012_030000.WAV,Telephone Field,recover-20221013,001,1795
1059.2195,1059.2283,28906,37173,Eptesicus serotinus,0.009,0.022,-1,Echolocation,/mnt/ubna_data_02_mir/recover-20221013/UBNA_001/20221012_030000.WAV,Telephone Field,recover-20221013,001,1795
1059.2235,1059.2611,68437,82322,Rhinolophus ferrumequinum,0.023,0.023,-1,Echolocation,/mnt/ubna_data_02_mir/recover-20221013/UBNA_001/20221012_030000.WAV,Telephone Field,recover-20221013,001,1795
1059.2485,1059.2859,68437,82071,Rhinolophus ferrumequinum,0.024,0.024,-1,Echolocation,/mnt/ubna_data_02_mir/recover-20221013/UBNA_001/20221012_030000.WAV,Telephone Field,recover-20221013,001,1795
1059.2755,1059.2824,28046,41480,Eptesicus serotinus,0.007,0.027,-1,Echolocation,/mnt/ubna_data_02_mir/recover-20221013/UBNA_001/20221012_030000.WAV,Telephone Field,recover-20221013,001,1795
1059.2885,1059.328,68437,82817,Rhinolophus ferrumequinum,0.021,0.021,-1,Echolocation,/mnt/ubna_data_02_mir/recover-20221013/UBNA_001/20221012_030000.WAV,Telephone Field,recover-20221013,001,1795
1059.3195,1059.3268,28906,38798,Eptesicus serotinus,0.006,0.02,-1,Echolocation,/mnt/ubna_data_02_mir/recover-20221013/UBNA_001/20221012_030000.WAV,Telephone Field,recover-20221013,001,1795
1059.3405,1059.3785,68437,82251,Rhinolophus ferrumequinum,0.024,0.024,-1,Echolocation,/mnt/ubna_data_02_mir/recover-20221013/UBNA_001/20221012_030000.WAV,Telephone Field,recover-20221013,001,1795
1059.3495,1059.3594,46953,52586,Pipistrellus pipistrellus,0.017,0.02,-1,Echolocation,/mnt/ubna_data_02_mir/recover-20221013/UBNA_001/20221012_030000.WAV,Telephone Field,recover-20221013,001,1795
1059.3545,1059.3737,21171,24707,Nyctalus leisleri,0.032,0.059,-1,Echolocation,/mnt/ubna_data_02_mir/recover-20221013/UBNA_001/20221012_030000.WAV,Telephone Field,recover-20221013,001,1795
1059.3885,1059.4292,68437,82865,Rhinolophus ferrumequinum,0.028,0.028,-1,Echolocation,/mnt/ubna_data_02_mir/recover-20221013/UBNA_001/20221012_030000.WAV,Telephone Field,recover-20221013,001,1795
1059.4195,1059.429,22890,29099,Nyctalus leisleri,0.008,0.024,-1,Echolocation,/mnt/ubna_data_02_mir/recover-20221013/UBNA_001/20221012_030000.WAV,Telephone Field,recover-20221013,001,1795
1059.4305,1059.4707,68437,82051,Rhinolophus ferrumequinum,0.026,0.026,-1,Echolocation,/mnt/ubna_data_02_mir/recover-20221013/UBNA_001/20221012_030000.WAV,Telephone Field,recover-20221013,001,1795
1059.4435,1059.4511,28906,40183,Eptesicus serotinus,0.007,0.02,-1,Echolocation,/mnt/ubna_data_02_mir/recover-20221013/UBNA_001/20221012_030000.WAV,Telephone Field,recover-20221013,001,1795
1059.4665,1059.5023,68437,81274,Rhinolophus ferrumequinum,0.02,0.02,-1,Echolocation,/mnt/ubna_data_02_mir/recover-20221013/UBNA_001/20221012_030000.WAV,Telephone Field,recover-20221013,001,1795
1059.4995,1059.5379,68437,82714,Rhinolophus ferrumequinum,0.023,0.024,-1,Echolocation,/mnt/ubna_data_02_mir/recover-20221013/UBNA_001/20221012_030000.WAV,Telephone Field,recover-20221013,001,1795
1059.5275,1059.5346,27187,41572,Eptesicus serotinus,0.006,0.021,-1,Echolocation,/mnt/ubna_data_02_mir/recover-20221013/UBNA_001/20221012_030000.WAV,Telephone Field,recover-20221013,001,1795
1059.5505,1059.5631,23750,28975,Nyctalus leisleri,0.012,0.025,-1,Echolocation,/mnt/ubna_data_02_mir/recover-20221013/UBNA_001/20221012_030000.WAV,Telephone Field,recover-20221013,001,1795
1059.5615,1059.5994,68437,81722,Rhinolophus ferrumequinum,0.022,0.022,-1,Echolocation,/mnt/ubna_data_02_mir/recover-20221013/UBNA_001/20221012_030000.WAV,Telephone Field,recover-20221013,001,1795
1059.5855,1059.6241,68437,82068,Rhinolophus ferrumequinum,0.021,0.021,-1,Echolocation,/mnt/ubna_data_02_mir/recover-20221013/UBNA_001/20221012_030000.WAV,Telephone Field,recover-20221013,001,1795
1059.6285,1059.6665,68437,81897,Rhinolophus ferrumequinum,0.023,0.023,-1,Echolocation,/mnt/ubna_data_02_mir/recover-20221013/UBNA_001/20221012_030000.WAV,Telephone Field,recover-20221013,001,1795
1059.6305,1059.641,44375,48118,Pipistrellus pipistrellus,0.018,0.021,-1,Echolocation,/mnt/ubna_data_02_mir/recover-20221013/UBNA_001/20221012_030000.WAV,Telephone Field,recover-20221013,001,1795
1059.6655,1059.7034,68437,82139,Rhinolophus ferrumequinum,0.023,0.023,-1,Echolocation,/mnt/ubna_data_02_mir/recover-20221013/UBNA_001/20221012_030000.WAV,Telephone Field,recover-20221013,001,1795
1059.6735,1059.6878,52109,56573,Pipistrellus pygmaeus,0.014,0.028,-1,Echolocation,/mnt/ubna_data_02_mir/recover-20221013/UBNA_001/20221012_030000.WAV,Telephone Field,recover-20221013,001,1795
1059.7275,1059.7352,28906,41327,Eptesicus serotinus,0.009,0.029,-1,Echolocation,/mnt/ubna_data_02_mir/recover-20221013/UBNA_001/20221012_030000.WAV,Telephone Field,recover-20221013,001,1795
1059.7325,1059.7735,68437,82727,Rhinolophus ferrumequinum,0.026,0.026,-1,Echolocation,/mnt/ubna_data_02_mir/recover-20221013/UBNA_001/20221012_030000.WAV,Telephone Field,recover-20221013,001,1795
1059.7485,1059.7881,68437,82403,Rhinolophus ferrumequinum,0.025,0.025,-1,Echolocation,/mnt/ubna_data_02_mir/recover-20221013/UBNA_001/20221012_030000.WAV,Telephone Field,recover-20221013,001,1795
1059.7535,1059.7948,68437,82301,Rhinolophus ferrumequinum,0.026,0.026,-1,Echolocation,/mnt/ubna_data_02_mir/recover-20221013/UBNA_001/20221012_030000.WAV,Telephone Field,recover-20221013,001,1795
1059.7965,1059.8071,28906,35673,Eptesicus serotinus,0.011,0.023,-1,Echolocation,/mnt/ubna_data_02_mir/recover-20221013/UBNA_001/20221012_030000.WAV,Telephone Field,recover-20221013,001,1795
1059.8345,1059.8454,40078,44411,Pipistrellus nathusii,0.006,0.023,-1,Echolocation,/mnt/ubna_data_02_mir/recover-20221013/UBNA_001/20221012_030000.WAV,Telephone Field,recover-20221013,001,1795
1059.8375,1059.878,68437,82951,Rhinolophus ferrumequinum,0.034,0.034,-1,Echolocation,/mnt/ubna_data_02_mir/recover-20221013/UBNA_001/20221012_030000.WAV,Telephone Field,recover-20221013,001,1795
1059.8485,1059.8698,19453,22128,Nyctalus leisleri,0.015,0.031,-1,Echolocation,/mnt/ubna_data_02_mir/recover-20221013/UBNA_001/20221012_030000.WAV,Telephone Field,recover-20221013,001,1795
1059.8555,1059.8948,68437,82585,Rhinolophus ferrumequinum,0.021,0.021,-1,Echolocation,/mnt/ubna_data_02_mir/recover-20221013/UBNA_001/20221012_030000.WAV,Telephone Field,recover-20221013,001,1795
1059.8875,1059.9286,68437,83113,Rhinolophus ferrumequinum,0.03,0.03,-1,Echolocation,/mnt/ubna_data_02_mir/recover-20221013/UBNA_001/20221012_030000.WAV,Telephone Field,recover-20221013,001,1795
1059.9015,1059.9464,68437,83495,Rhinolophus ferrumequinum,0.03,0.03,-1,Echolocation,/mnt/ubna_data_02_mir/recover-20221013/UBNA_001/20221012_030000.WAV,Telephone Field,recover-20221013,001,1795
1059.9185,1059.9252,27187,42716,Eptesicus serotinus,0.007,0.027,-1,Echolocation,/mnt/ubna_data_02_mir/recover-20221013/UBNA_001/20221012_030000.WAV,Telephone Field,recover-20221013,001,1795
1059.9255,1059.9684,68437,83617,Rhinolophus ferrumequinum,0.027,0.027,-1,Echolocation,/mnt/ubna_data_02_mir/recover-20221013/UBNA_001/20221012_030000.WAV,Telephone Field,recover-20221013,001,1795
1059.9365,1059.9773,68437,81489,Rhinolophus ferrumequinum,0.03,0.03,-1,Echolocation,/mnt/ubna_data_02_mir/recover-20221013/UBNA_001/20221012_030000.WAV,Telephone Field,recover-20221013,001,1795
1059.9435,1059.9519,28046,37716,Eptesicus serotinus,0.007,0.021,-1,Echolocation,/mnt/ubna_data_02_mir/recover-20221013/UBNA_001/20221012_030000.WAV,Telephone Field,recover-20221013,001,1795
1059.9835,1059.9942,28046,36206,Eptesicus serotinus,0.014,0.026,-1,Echolocation,/mnt/ubna_data_02_mir/recover-20221013/UBNA_001/20221012_030000.WAV,Telephone Field,recover-20221013,001,1795
1060.0015,1060.0378,68437,80024,Rhinolophus ferrumequinum,0.046,0.046,-1,Echolocation,/mnt/ubna_data_02_mir/recover-20221013/UBNA_001/20221012_030000.WAV,Telephone Field,recover-20221013,001,1795
1060.0015,1060.0107,22031,27889,Nyctalus leisleri,0.009,0.022,-1,Echolocation,/mnt/ubna_data_02_mir/recover-20221013/UBNA_001/20221012_030000.WAV,Telephone Field,recover-20221013,001,1795
1060.0065,1060.0477,68437,80665,Rhinolophus ferrumequinum,0.024,0.024,-1,Echolocation,/mnt/ubna_data_02_mir/recover-20221013/UBNA_001/20221012_030000.WAV,Telephone Field,recover-20221013,001,1795
1060.0165,1060.0379,19453,22472,Nyctalus noctula,0.024,0.041,-1,Echolocation,/mnt/ubna_data_02_mir/recover-20221013/UBNA_001/20221012_030000.WAV,Telephone Field,recover-20221013,001,1795
1060.0245,1060.0458,19453,22850,Nyctalus noctula,0.027,0.05,-1,Echolocation,/mnt/ubna_data_02_mir/recover-20221013/UBNA_001/20221012_030000.WAV,Telephone Field,recover-20221013,001,1795
1060.0645,1060.1005,68437,81724,Rhinolophus ferrumequinum,0.023,0.023,-1,Echolocation,/mnt/ubna_data_02_mir/recover-20221013/UBNA_001/20221012_030000.WAV,Telephone Field,recover-20221013,001,1795
1060.0685,1060.0786,28046,36374,Eptesicus serotinus,0.01,0.023,-1,Echolocation,/mnt/ubna_data_02_mir/recover-20221013/UBNA_001/20221012_030000.WAV,Telephone Field,recover-20221013,001,1795
1060.1055,1060.1441,68437,81916,Rhinolophus ferrumequinum,0.022,0.022,-1,Echolocation,/mnt/ubna_data_02_mir/recover-20221013/UBNA_001/20221012_030000.WAV,Telephone Field,recover-20221013,001,1795
1060.1415,1060.1489,28906,38390,Eptesicus serotinus,0.008,0.026,-1,Echolocation,/mnt/ubna_data_02_mir/recover-20221013/UBNA_001/20221012_030000.WAV,Telephone Field,recover-20221013,001,1795
1060.1705,1060.2087,68437,82172,Rhinolophus ferrumequinum,0.021,0.021,-1,Echolocation,/mnt/ubna_data_02_mir/recover-20221013/UBNA_001/20221012_030000.WAV,Telephone Field,recover-20221013,001,1795
1060.1835,1060.1922,25468,34434,Eptesicus serotinus,0.009,0.025,-1,Echolocation,/mnt/ubna_data_02_mir/recover-20221013/UBNA_001/20221012_030000.WAV,Telephone Field,recover-20221013,001,1795
1060.2075,1060.2194,22890,27258,Nyctalus leisleri,0.013,0.023,-1,Echolocation,/mnt/ubna_data_02_mir/recover-20221013/UBNA_001/20221012_030000.WAV,Telephone Field,recover-20221013,001,1795
1060.2335,1060.2431,24609,33441,Nyctalus leisleri,0.008,0.026,-1,Echolocation,/mnt/ubna_data_02_mir/recover-20221013/UBNA_001/20221012_030000.WAV,Telephone Field,recover-20221013,001,1795
1060.2545,1060.2944,68437,82260,Rhinolophus ferrumequinum,0.021,0.021,-1,Echolocation,/mnt/ubna_data_02_mir/recover-20221013/UBNA_001/20221012_030000.WAV,Telephone Field,recover-20221013,001,1795
1060.2585,1060.2676,28046,38840,Eptesicus serotinus,0.009,0.024,-1,Echolocation,/mnt/ubna_data_02_mir/recover-20221013/UBNA_001/20221012_030000.WAV,Telephone Field,recover-20221013,001,1795
1060.2665,1060.2739,27187,37661,Eptesicus serotinus,0.007,0.025,-1,Echolocation,/mnt/ubna_data_02_mir/recover-20221013/UBNA_001/20221012_030000.WAV,Telephone Field,recover-20221013,001,1795
1060.2865,1060.3013,40078,43468,Pipistrellus nathusii,0.036,0.05,-1,Echolocation,/mnt/ubna_data_02_mir/recover-20221013/UBNA_001/20221012_030000.WAV,Telephone Field,recover-20221013,001,1795
1060.3095,1060.3176,27187,39022,Eptesicus serotinus,0.007,0.022,-1,Echolocation,/mnt/ubna_data_02_mir/recover-20221013/UBNA_001/20221012_030000.WAV,Telephone Field,recover-20221013,001,1795
1060.3465,1060.3843,68437,82438,Rhinolophus ferrumequinum,0.024,0.024,-1,Echolocation,/mnt/ubna_data_02_mir/recover-20221013/UBNA_001/20221012_030000.WAV,Telephone Field,recover-20221013,001,1795
1060.3655,1060.4046,68437,82037,Rhinolophus ferrumequinum,0.021,0.021,-1,Echolocation,/mnt/ubna_data_02_mir/recover-20221013/UBNA_001/20221012_030000.WAV,Telephone Field,recover-20221013,001,1795
1060.3735,1060.3811,25468,37264,Eptesicus serotinus,0.005,0.022,-1,Echolocation,/mnt/ubna_data_02_mir/recover-20221013/UBNA_001/20221012_030000.WAV,Telephone Field,recover-20221013,001,1795
1060.4125,1060.452,68437,81595,Rhinolophus ferrumequinum,0.021,0.021,-1,Echolocation,/mnt/ubna_data_02_mir/recover-20221013/UBNA_001/20221012_030000.WAV,Telephone Field,recover-20221013,001,1795
1060.4335,1060.472,68437,82554,Rhinolophus ferrumequinum,0.024,0.024,-1,Echolocation,/mnt/ubna_data_02_mir/recover-20221013/UBNA_001/20221012_030000.WAV,Telephone Field,recover-20221013,001,1795
1060.4715,1060.506,68437,82003,Rhinolophus ferrumequinum,0.023,0.023,-1,Echolocation,/mnt/ubna_data_02_mir/recover-20221013/UBNA_001/20221012_030000.WAV,Telephone Field,recover-20221013,001,1795
1060.4835,1060.5193,68437,81381,Rhinolophus ferrumequinum,0.022,0.022,-1,Echolocation,/mnt/ubna_data_02_mir/recover-20221013/UBNA_001/20221012_030000.WAV,Telephone Field,recover-20221013,001,1795
1060.5375,1060.5755,68437,82377,Rhinolophus ferrumequinum,0.028,0.028,-1,Echolocation,/mnt/ubna_data_02_mir/recover-20221013/UBNA_001/20221012_030000.WAV,Telephone Field,recover-20221013,001,1795
1060.5975,1060.6078,22890,30427,Nyctalus leisleri,0.009,0.03,-1,Echolocation,/mnt/ubna_data_02_mir/recover-20221013/UBNA_001/20221012_030000.WAV,Telephone Field,recover-20221013,001,1795
1060.6175,1060.657,68437,82170,Rhinolophus ferrumequinum,0.021,0.021,-1,Echolocation,/mnt/ubna_data_02_mir/recover-20221013/UBNA_001/20221012_030000.WAV,Telephone Field,recover-20221013,001,1795
1060.6405,1060.649,23750,31918,Plecotus austriacus,0.007,0.022,-1,Echolocation,/mnt/ubna_data_02_mir/recover-20221013/UBNA_001/20221012_030000.WAV,Telephone Field,recover-20221013,001,1795
1060.6585,1060.6967,68437,81356,Rhinolophus ferrumequinum,0.026,0.026,-1,Echolocation,/mnt/ubna_data_02_mir/recover-20221013/UBNA_001/20221012_030000.WAV,Telephone Field,recover-20221013,001,1795
1060.7105,1060.7195,28046,38255,Eptesicus serotinus,0.009,0.023,-1,Echolocation,/mnt/ubna_data_02_mir/recover-20221013/UBNA_001/20221012_030000.WAV,Telephone Field,recover-20221013,001,1795
1060.7185,1060.7577,68437,82603,Rhinolophus ferrumequinum,0.022,0.023,-1,Echolocation,/mnt/ubna_data_02_mir/recover-20221013/UBNA_001/20221012_030000.WAV,Telephone Field,recover-20221013,001,1795
1060.7255,1060.765,68437,82341,Rhinolophus ferrumequinum,0.022,0.022,-1,Echolocation,/mnt/ubna_data_02_mir/recover-20221013/UBNA_001/20221012_030000.WAV,Telephone Field,recover-20221013,001,1795
1060.7455,1060.7863,68437,82336,Rhinolophus ferrumequinum,0.021,0.021,-1,Echolocation,/mnt/ubna_data_02_mir/recover-20221013/UBNA_001/20221012_030000.WAV,Telephone Field,recover-20221013,001,1795
1060.7965,1060.8052,26328,36116,Eptesicus serotinus,0.008,0.023,-1,Echolocation,/mnt/ubna_data_02_mir/recover-20221013/UBNA_001/20221012_030000.WAV,Telephone Field,recover-20221013,001,1795
1060.8055,1060.8458,68437,82569,Rhinolophus ferrumequinum,0.033,0.033,-1,Echolocation,/mnt/ubna_data_02_mir/recover-20221013/UBNA_001/20221012_030000.WAV,Telephone Field,recover-20221013,001,1795
1060.8705,1060.9123,68437,83088,Rhinolophus ferrumequinum,0.031,0.031,-1,Echolocation,/mnt/ubna_data_02_mir/recover-20221013/UBNA_001/20221012_030000.WAV,Telephone Field,recover-20221013,001,1795
1060.8845,1060.8909,28046,43595,Eptesicus serotinus,0.006,0.021,-1,Echolocation,/mnt/ubna_data_02_mir/recover-20221013/UBNA_001/20221012_030000.WAV,Telephone Field,recover-20221013,001,1795
1060.9395,1060.9794,68437,81844,Rhinolophus ferrumequinum,0.022,0.022,-1,Echolocation,/mnt/ubna_data_02_mir/recover-20221013/UBNA_001/20221012_030000.WAV,Telephone Field,recover-20221013,001,1795
1060.9405,1060.9601,15156,20873,Nyctalus noctula,0.02,0.025,-1,Echolocation,/mnt/ubna_data_02_mir/recover-20221013/UBNA_001/20221012_030000.WAV,Telephone Field,recover-20221013,001,1795
1060.9495,1060.9871,68437,82213,Rhinolophus ferrumequinum,0.022,0.022,-1,Echolocation,/mnt/ubna_data_02_mir/recover-20221013/UBNA_001/20221012_030000.WAV,Telephone Field,recover-20221013,001,1795
1060.9755,1060.9834,26328,38112,Eptesicus serotinus,0.007,0.021,-1,Echolocation,/mnt/ubna_data_02_mir/recover-20221013/UBNA_001/20221012_030000.WAV,Telephone Field,recover-20221013,001,1795
1060.9755,1061.0116,68437,81485,Rhinolophus ferrumequinum,0.025,0.025,-1,Echolocation,/mnt/ubna_data_02_mir/recover-20221013/UBNA_001/20221012_030000.WAV,Telephone Field,recover-20221013,001,1795
1060.9835,1061.0225,68437,82622,Rhinolophus ferrumequinum,0.026,0.026,-1,Echolocation,/mnt/ubna_data_02_mir/recover-20221013/UBNA_001/20221012_030000.WAV,Telephone Field,recover-20221013,001,1795
1061.0305,1061.0725,68437,82502,Rhinolophus ferrumequinum,0.029,0.029,-1,Echolocation,/mnt/ubna_data_02_mir/recover-20221013/UBNA_001/20221012_030000.WAV,Telephone Field,recover-20221013,001,1795
1061.0785,1061.1132,68437,81397,Rhinolophus ferrumequinum,0.021,0.022,-1,Echolocation,/mnt/ubna_data_02_mir/recover-20221013/UBNA_001/20221012_030000.WAV,Telephone Field,recover-20221013,001,1795
1061.0875,1061.1276,68437,83181,Rhinolophus ferrumequinum,0.025,0.025,-1,Echolocation,/mnt/ubna_data_02_mir/recover-20221013/UBNA_001/20221012_030000.WAV,Telephone Field,recover-20221013,001,1795
1061.1025,1061.142,68437,82905,Rhinolophus ferrumequinum,0.022,0.022,-1,Echolocation,/mnt/ubna_data_02_mir/recover-20221013/UBNA_001/20221012_030000.WAV,Telephone Field,recover-20221013,001,1795
1061.1295,1061.1673,68437,81904,Rhinolophus ferrumequinum,0.023,0.024,-1,Echolocation,/mnt/ubna_data_02_mir/recover-20221013/UBNA_001/20221012_030000.WAV,Telephone Field,recover-20221013,001,1795
1061.1365,1061.1482,22031,26370,Nyctalus leisleri,0.013,0.024,-1,Echolocation,/mnt/ubna_data_02_mir/recover-20221013/UBNA_001/20221012_030000.WAV,Telephone Field,recover-20221013,001,1795
1061.1975,1061.2043,48671,56651,Pipistrellus pipistrellus,0.022,0.025,-1,Echolocation,/mnt/ubna_data_02_mir/recover-20221013/UBNA_001/20221012_030000.WAV,Telephone Field,recover-20221013,001,1795
1061.2495,1061.2913,68437,83100,Rhinolophus ferrumequinum,0.027,0.027,-1,Echolocation,/mnt/ubna_data_02_mir/recover-20221013/UBNA_001/20221012_030000.WAV,Telephone Field,recover-20221013,001,1795
1061.2555,1061.3001,68437,83396,Rhinolophus ferrumequinum,0.029,0.029,-1,Echolocation,/mnt/ubna_data_02_mir/recover-20221013/UBNA_001/20221012_030000.WAV,Telephone Field,recover-20221013,001,1795
1061.3105,1061.3198,27187,38016,Eptesicus serotinus,0.008,0.021,-1,Echolocation,/mnt/ubna_data_02_mir/recover-20221013/UBNA_001/20221012_030000.WAV,Telephone Field,recover-20221013,001,1795
1061.3175,1061.3264,22890,29476,Plecotus austriacus,0.008,0.021,-1,Echolocation,/mnt/ubna_data_02_mir/recover-20221013/UBNA_001/20221012_030000.WAV,Telephone Field,recover-20221013,001,1795
1061.3455,1061.3861,68437,82155,Rhinolophus ferrumequinum,0.022,0.022,-1,Echolocation,/mnt/ubna_data_02_mir/recover-20221013/UBNA_001/20221012_030000.WAV,Telephone Field,recover-20221013,001,1795
1061.4395,1061.483,68437,83339,Rhinolophus ferrumequinum,0.03,0.03,-1,Echolocation,/mnt/ubna_data_02_mir/recover-20221013/UBNA_001/20221012_030000.WAV,Telephone Field,recover-20221013,001,1795
1061.4605,1061.4995,68437,82703,Rhinolophus ferrumequinum,0.025,0.025,-1,Echolocation,/mnt/ubna_data_02_mir/recover-20221013/UBNA_001/20221012_030000.WAV,Telephone Field,recover-20221013,001,1795
1061.4975,1061.5048,24609,33813,Plecotus austriacus,0.007,0.021,-1,Echolocation,/mnt/ubna_data_02_mir/recover-20221013/UBNA_001/20221012_030000.WAV,Telephone Field,recover-20221013,001,1795
1061.5115,1061.5204,44375,50657,Pipistrellus pipistrellus,0.021,0.026,-1,Echolocation,/mnt/ubna_data_02_mir/recover-20221013/UBNA_001/20221012_030000.WAV,Telephone Field,recover-20221013,001,1795
1061.5925,1061.63,68437,82035,Rhinolophus ferrumequinum,0.021,0.021,-1,Echolocation,/mnt/ubna_data_02_mir/recover-20221013/UBNA_001/20221012_030000.WAV,Telephone Field,recover-20221013,001,1795
1061.5985,1061.6385,68437,82436,Rhinolophus ferrumequinum,0.022,0.022,-1,Echolocation,/mnt/ubna_data_02_mir/recover-20221013/UBNA_001/20221012_030000.WAV,Telephone Field,recover-20221013,001,1795
1061.6025,1061.6094,27187,41112,Eptesicus serotinus,0.006,0.024,-1,Echolocation,/mnt/ubna_data_02_mir/recover-20221013/UBNA_001/20221012_030000.WAV,Telephone Field,recover-20221013,001,1795
1061.6605,1061.6716,28046,35904,Eptesicus serotinus,0.014,0.031,-1,Echolocation,/mnt/ubna_data_02_mir/recover-20221013/UBNA_001/20221012_030000.WAV,Telephone Field,recover-20221013,001,1795
1061.7025,1061.7145,24609,30712,Eptesicus serotinus,0.009,0.022,-1,Echolocation,/mnt/ubna_data_02_mir/recover-20221013/UBNA_001/20221012_030000.WAV,Telephone Field,recover-20221013,001,1795
1061.7685,1061.808,68437,82789,Rhinolophus ferrumequinum,0.022,0.022,-1,Echolocation,/mnt/ubna_data_02_mir/recover-20221013/UBNA_001/20221012_030000.WAV,Telephone Field,recover-20221013,001,1795
1061.8455,1061.8817,68437,81762,Rhinolophus ferrumequinum,0.023,0.023,-1,Echolocation,/mnt/ubna_data_02_mir/recover-20221013/UBNA_001/20221012_030000.WAV,Telephone Field,recover-20221013,001,1795
1061.8705,1061.8808,22890,28616,Nyctalus leisleri,0.008,0.022,-1,Echolocation,/mnt/ubna_data_02_mir/recover-20221013/UBNA_001/20221012_030000.WAV,Telephone Field,recover-20221013,001,1795
1061.9135,1061.952,68437,82180,Rhinolophus ferrumequinum,0.022,0.022,-1,Echolocation,/mnt/ubna_data_02_mir/recover-20221013/UBNA_001/20221012_030000.WAV,Telephone Field,recover-20221013,001,1795
1061.9355,1061.9435,27187,37677,Eptesicus serotinus,0.008,0.024,-1,Echolocation,/mnt/ubna_data_02_mir/recover-20221013/UBNA_001/20221012_030000.WAV,Telephone Field,recover-20221013,001,1795
1061.9585,1061.9678,28906,39618,Eptesicus serotinus,0.014,0.029,-1,Echolocation,/mnt/ubna_data_02_mir/recover-20221013/UBNA_001/20221012_030000.WAV,Telephone Field,recover-20221013,001,1795
1062.0015,1062.0086,22890,33052,Plecotus austriacus,0.008,0.025,-1,Echolocation,/mnt/ubna_data_02_mir/recover-20221013/UBNA_001/20221012_030000.WAV,Telephone Field,recover-20221013,001,1795
1062.0015,1062.0356,69296,82412,Rhinolophus ferrumequinum,0.022,0.022,-1,Echolocation,/mnt/ubna_data_02_mir/recover-20221013/UBNA_001/20221012_030000.WAV,Telephone Field,recover-20221013,001,1795
1062.0045,1062.0132,32343,40577,Myotis daubentonii,0.013,0.023,-1,Echolocation,/mnt/ubna_data_02_mir/recover-20221013/UBNA_001/20221012_030000.WAV,Telephone Field,recover-20221013,001,1795
1062.0425,1062.0548,35781,40824,Pipistrellus nathusii,0.015,0.061,-1,Echolocation,/mnt/ubna_data_02_mir/recover-20221013/UBNA_001/20221012_030000.WAV,Telephone Field,recover-20221013,001,1795
1062.0445,1062.053,28046,39351,Eptesicus serotinus,0.009,0.026,-1,Echolocation,/mnt/ubna_data_02_mir/recover-20221013/UBNA_001/20221012_030000.WAV,Telephone Field,recover-20221013,001,1795
1062.0585,1062.0687,23750,29773,Nyctalus leisleri,0.009,0.023,-1,Echolocation,/mnt/ubna_data_02_mir/recover-20221013/UBNA_001/20221012_030000.WAV,Telephone Field,recover-20221013,001,1795
1062.1995,1062.2387,68437,83056,Rhinolophus ferrumequinum,0.025,0.025,-1,Echolocation,/mnt/ubna_data_02_mir/recover-20221013/UBNA_001/20221012_030000.WAV,Telephone Field,recover-20221013,001,1795
1062.2155,1062.2257,28906,35658,Eptesicus serotinus,0.031,0.058,-1,Echolocation,/mnt/ubna_data_02_mir/recover-20221013/UBNA_001/20221012_030000.WAV,Telephone Field,recover-20221013,001,1795
1062.2965,1062.3364,68437,81931,Rhinolophus ferrumequinum,0.024,0.024,-1,Echolocation,/mnt/ubna_data_02_mir/recover-20221013/UBNA_001/20221012_030000.WAV,Telephone Field,recover-20221013,001,1795
1062.3215,1062.3305,22890,28870,Plecotus austriacus,0.008,0.021,-1,Echolocation,/mnt/ubna_data_02_mir/recover-20221013/UBNA_001/20221012_030000.WAV,Telephone Field,recover-20221013,001,1795
1062.3265,1062.3678,68437,82846,Rhinolophus ferrumequinum,0.022,0.022,-1,Echolocation,/mnt/ubna_data_02_mir/recover-20221013/UBNA_001/20221012_030000.WAV,Telephone Field,recover-20221013,001,1795
1062.3575,1062.396,68437,82078,Rhinolophus ferrumequinum,0.023,0.023,-1,Echolocation,/mnt/ubna_data_02_mir/recover-20221013/UBNA_001/20221012_030000.WAV,Telephone Field,recover-20221013,001,1795
1062.4215,1062.4306,28046,36318,Eptesicus serotinus,0.008,0.022,-1,Echolocation,/mnt/ubna_data_02_mir/recover-20221013/UBNA_001/20221012_030000.WAV,Telephone Field,recover-20221013,001,1795
1062.4285,1062.4661,68437,82674,Rhinolophus ferrumequinum,0.021,0.021,-1,Echolocation,/mnt/ubna_data_02_mir/recover-20221013/UBNA_001/20221012_030000.WAV,Telephone Field,recover-20221013,001,1795
1062.4495,1062.4584,57265,61833,Pipistrellus pygmaeus,0.021,0.022,-1,Echolocation,/mnt/ubna_data_02_mir/recover-20221013/UBNA_001/20221012_030000.WAV,Telephone Field,recover-20221013,001,1795
1062.4795,1062.4899,28906,38116,Eptesicus serotinus,0.016,0.032,-1,Echolocation,/mnt/ubna_data_02_mir/recover-20221013/UBNA_001/20221012_030000.WAV,Telephone Field,recover-20221013,001,1795
1062.5205,1062.5585,68437,82115,Rhinolophus ferrumequinum,0.022,0.022,-1,Echolocation,/mnt/ubna_data_02_mir/recover-20221013/UBNA_001/20221012_030000.WAV,Telephone Field,recover-20221013,001,1795
1062.5345,1062.5426,27187,39648,Eptesicus serotinus,0.007,0.022,-1,Echolocation,/mnt/ubna_data_02_mir/recover-20221013/UBNA_001/20221012_030000.WAV,Telephone Field,recover-20221013,001,1795
1062.5575,1062.5667,28906,38439,Eptesicus serotinus,0.009,0.024,-1,Echolocation,/mnt/ubna_data_02_mir/recover-20221013/UBNA_001/20221012_030000.WAV,Telephone Field,recover-20221013,001,1795
1062.6035,1062.6147,24609,30436,Nyctalus leisleri,0.01,0.025,-1,Echolocation,/mnt/ubna_data_02_mir/recover-20221013/UBNA_001/20221012_030000.WAV,Telephone Field,recover-20221013,001,1795
1062.6105,1062.6495,68437,81916,Rhinolophus ferrumequinum,0.022,0.022,-1,Echolocation,/mnt/ubna_data_02_mir/recover-20221013/UBNA_001/20221012_030000.WAV,Telephone Field,recover-20221013,001,1795
1062.6285,1062.6676,68437,82275,Rhinolophus ferrumequinum,0.022,0.022,-1,Echolocation,/mnt/ubna_data_02_mir/recover-20221013/UBNA_001/20221012_030000.WAV,Telephone Field,recover-20221013,001,1795
1062.6295,1062.6407,22890,28157,Nyctalus leisleri,0.012,0.024,-1,Echolocation,/mnt/ubna_data_02_mir/recover-20221013/UBNA_001/20221012_030000.WAV,Telephone Field,recover-20221013,001,1795
1062.6515,1062.6899,68437,82397,Rhinolophus ferrumequinum,0.024,0.024,-1,Echolocation,/mnt/ubna_data_02_mir/recover-20221013/UBNA_001/20221012_030000.WAV,Telephone Field,recover-20221013,001,1795
1062.6635,1062.6725,26328,34812,Eptesicus serotinus,0.009,0.023,-1,Echolocation,/mnt/ubna_data_02_mir/recover-20221013/UBNA_001/20221012_030000.WAV,Telephone Field,recover-20221013,001,1795
1062.6775,1062.6843,28906,39297,Eptesicus serotinus,0.007,0.033,-1,Echolocation,/mnt/ubna_data_02_mir/recover-20221013/UBNA_001/20221012_030000.WAV,Telephone Field,recover-20221013,001,1795
1062.7115,1062.7185,27187,39009,Eptesicus serotinus,0.009,0.028,-1,Echolocation,/mnt/ubna_data_02_mir/recover-20221013/UBNA_001/20221012_030000.WAV,Telephone Field,recover-20221013,001,1795
1062.7135,1062.7479,68437,80569,Rhinolophus ferrumequinum,0.024,0.025,-1,Echolocation,/mnt/ubna_data_02_mir/recover-20221013/UBNA_001/20221012_030000.WAV,Telephone Field,recover-20221013,001,1795
1062.7855,1062.7966,23750,29203,Nyctalus leisleri,0.011,0.026,-1,Echolocation,/mnt/ubna_data_02_mir/recover-20221013/UBNA_001/20221012_030000.WAV,Telephone Field,recover-20221013,001,1795
1062.7995,1062.8372,68437,81377,Rhinolophus ferrumequinum,0.021,0.021,-1,Echolocation,/mnt/ubna_data_02_mir/recover-20221013/UBNA_001/20221012_030000.WAV,Telephone Field,recover-20221013,001,1795
1062.8505,1062.8905,68437,82255,Rhinolophus ferrumequinum,0.022,0.022,-1,Echolocation,/mnt/ubna_data_02_mir/recover-20221013/UBNA_001/20221012_030000.WAV,Telephone Field,recover-20221013,001,1795
1062.8545,1062.8636,28046,38826,Eptesicus serotinus,0.009,0.021,-1,Echolocation,/mnt/ubna_data_02_mir/recover-20221013/UBNA_001/20221012_030000.WAV,Telephone Field,recover-20221013,001,1795
1062.8805,1062.8871,52109,57322,Pipistrellus pipistrellus,0.021,0.024,-1,Echolocation,/mnt/ubna_data_02_mir/recover-20221013/UBNA_001/20221012_030000.WAV,Telephone Field,recover-20221013,001,1795
1062.8995,1062.9386,68437,82558,Rhinolophus ferrumequinum,0.022,0.022,-1,Echolocation,/mnt/ubna_data_02_mir/recover-20221013/UBNA_001/20221012_030000.WAV,Telephone Field,recover-20221013,001,1795
1062.9335,1062.9445,23750,29104,Nyctalus leisleri,0.013,0.025,-1,Echolocation,/mnt/ubna_data_02_mir/recover-20221013/UBNA_001/20221012_030000.WAV,Telephone Field,recover-20221013,001,1795
1062.9585,1062.9937,68437,80846,Rhinolophus ferrumequinum,0.021,0.022,-1,Echolocation,/mnt/ubna_data_02_mir/recover-20221013/UBNA_001/20221012_030000.WAV,Telephone Field,recover-20221013,001,1795
1062.9895,1063.0249,68437,81550,Rhinolophus ferrumequinum,0.021,0.021,-1,Echolocation,/mnt/ubna_data_02_mir/recover-20221013/UBNA_001/20221012_030000.WAV,Telephone Field,recover-20221013,001,1795
1063.0125,1063.0493,68437,81524,Rhinolophus ferrumequinum,0.026,0.027,-1,Echolocation,/mnt/ubna_data_02_mir/recover-20221013/UBNA_001/20221012_030000.WAV,Telephone Field,recover-20221013,001,1795
1063.0145,1063.0229,27187,37864,Eptesicus serotinus,0.01,0.023,-1,Echolocation,/mnt/ubna_data_02_mir/recover-20221013/UBNA_001/20221012_030000.WAV,Telephone Field,recover-20221013,001,1795
1063.0365,1063.0711,68437,81375,Rhinolophus ferrumequinum,0.023,0.024,-1,Echolocation,/mnt/ubna_data_02_mir/recover-20221013/UBNA_001/20221012_030000.WAV,Telephone Field,recover-20221013,001,1795
1063.0375,1063.0511,26328,31387,Nyctalus leisleri,0.018,0.045,-1,Echolocation,/mnt/ubna_data_02_mir/recover-20221013/UBNA_001/20221012_030000.WAV,Telephone Field,recover-20221013,001,1795
1063.1355,1063.1436,28046,40333,Eptesicus serotinus,0.007,0.022,-1,Echolocation,/mnt/ubna_data_02_mir/recover-20221013/UBNA_001/20221012_030000.WAV,Telephone Field,recover-20221013,001,1795
1063.1455,1063.1524,28046,40517,Eptesicus serotinus,0.006,0.024,-1,Echolocation,/mnt/ubna_data_02_mir/recover-20221013/UBNA_001/20221012_030000.WAV,Telephone Field,recover-20221013,001,1795
1063.1585,1063.1971,68437,82134,Rhinolophus ferrumequinum,0.022,0.022,-1,Echolocation,/mnt/ubna_data_02_mir/recover-20221013/UBNA_001/20221012_030000.WAV,Telephone Field,recover-20221013,001,1795
1063.1905,1063.2011,22031,26098,Nyctalus leisleri,0.013,0.023,-1,Echolocation,/mnt/ubna_data_02_mir/recover-20221013/UBNA_001/20221012_030000.WAV,Telephone Field,recover-20221013,001,1795
1063.1935,1063.2298,68437,81935,Rhinolophus ferrumequinum,0.022,0.022,-1,Echolocation,/mnt/ubna_data_02_mir/recover-20221013/UBNA_001/20221012_030000.WAV,Telephone Field,recover-20221013,001,1795
1063.1975,1063.2103,33203,39202,Eptesicus serotinus,0.014,0.043,-1,Echolocation,/mnt/ubna_data_02_mir/recover-20221013/UBNA_001/20221012_030000.WAV,Telephone Field,recover-20221013,001,1795
1063.2205,1063.2517,68437,79871,Rhinolophus ferrumequinum,0.022,0.022,-1,Echolocation,/mnt/ubna_data_02_mir/recover-20221013/UBNA_001/20221012_030000.WAV,Telephone Field,recover-20221013,001,1795
1063.2545,1063.2936,68437,82172,Rhinolophus ferrumequinum,0.022,0.022,-1,Echolocation,/mnt/ubna_data_02_mir/recover-20221013/UBNA_001/20221012_030000.WAV,Telephone Field,recover-20221013,001,1795
1063.2865,1063.3233,68437,81074,Rhinolophus ferrumequinum,0.022,0.022,-1,Echolocation,/mnt/ubna_data_02_mir/recover-20221013/UBNA_001/20221012_030000.WAV,Telephone Field,recover-20221013,001,1795
1063.3345,1063.3738,68437,82515,Rhinolophus ferrumequinum,0.023,0.023,-1,Echolocation,/mnt/ubna_data_02_mir/recover-20221013/UBNA_001/20221012_030000.WAV,Telephone Field,recover-20221013,001,1795
1063.3365,1063.3514,15156,21214,Nyctalus noctula,0.016,0.022,-1,Echolocation,/mnt/ubna_data_02_mir/recover-20221013/UBNA_001/20221012_030000.WAV,Telephone Field,recover-20221013,001,1795
1063.3395,1063.348,28906,37052,Eptesicus serotinus,0.013,0.03,-1,Echolocation,/mnt/ubna_data_02_mir/recover-20221013/UBNA_001/20221012_030000.WAV,Telephone Field,recover-20221013,001,1795
1063.3805,1063.4153,68437,81688,Rhinolophus ferrumequinum,0.021,0.022,-1,Echolocation,/mnt/ubna_data_02_mir/recover-20221013/UBNA_001/20221012_030000.WAV,Telephone Field,recover-20221013,001,1795
1063.3825,1063.3928,22031,26982,Nyctalus leisleri,0.011,0.023,-1,Echolocation,/mnt/ubna_data_02_mir/recover-20221013/UBNA_001/20221012_030000.WAV,Telephone Field,recover-20221013,001,1795
1063.3845,1063.3919,28046,39345,Eptesicus serotinus,0.006,0.022,-1,Echolocation,/mnt/ubna_data_02_mir/recover-20221013/UBNA_001/20221012_030000.WAV,Telephone Field,recover-20221013,001,1795
1063.4195,1063.4602,68437,82669,Rhinolophus ferrumequinum,0.024,0.024,-1,Echolocation,/mnt/ubna_data_02_mir/recover-20221013/UBNA_001/20221012_030000.WAV,Telephone Field,recover-20221013,001,1795
1063.4295,1063.44,22890,28712,Nyctalus leisleri,0.01,0.022,-1,Echolocation,/mnt/ubna_data_02_mir/recover-20221013/UBNA_001/20221012_030000.WAV,Telephone Field,recover-20221013,001,1795
1063.4445,1063.4825,68437,82000,Rhinolophus ferrumequinum,0.022,0.022,-1,Echolocation,/mnt/ubna_data_02_mir/recover-20221013/UBNA_001/20221012_030000.WAV,Telephone Field,recover-20221013,001,1795
1063.4755,1063.484,28906,40355,Eptesicus serotinus,0.007,0.021,-1,Echolocation,/mnt/ubna_data_02_mir/recover-20221013/UBNA_001/20221012_030000.WAV,Telephone Field,recover-20221013,001,1795
1063.4865,1063.5271,68437,83243,Rhinolophus ferrumequinum,0.03,0.03,-1,Echolocation,/mnt/ubna_data_02_mir/recover-20221013/UBNA_001/20221012_030000.WAV,Telephone Field,recover-20221013,001,1795
1063.5105,1063.5177,24609,33959,Plecotus austriacus,0.007,0.022,-1,Echolocation,/mnt/ubna_data_02_mir/recover-20221013/UBNA_001/20221012_030000.WAV,Telephone Field,recover-20221013,001,1795
1063.5135,1063.5464,68437,80412,Rhinolophus ferrumequinum,0.022,0.022,-1,Echolocation,/mnt/ubna_data_02_mir/recover-20221013/UBNA_001/20221012_030000.WAV,Telephone Field,recover-20221013,001,1795
1063.5265,1063.5342,34062,43489,Myotis daubentonii,0.01,0.029,-1,Echolocation,/mnt/ubna_data_02_mir/recover-20221013/UBNA_001/20221012_030000.WAV,Telephone Field,recover-20221013,001,1795
1063.5265,1063.534,27187,40296,Eptesicus serotinus,0.006,0.021,-1,Echolocation,/mnt/ubna_data_02_mir/recover-20221013/UBNA_001/20221012_030000.WAV,Telephone Field,recover-20221013,001,1795
1063.5565,1063.5964,68437,82573,Rhinolophus ferrumequinum,0.024,0.024,-1,Echolocation,/mnt/ubna_data_02_mir/recover-20221013/UBNA_001/20221012_030000.WAV,Telephone Field,recover-20221013,001,1795
1063.5855,1063.6257,68437,82384,Rhinolophus ferrumequinum,0.029,0.029,-1,Echolocation,/mnt/ubna_data_02_mir/recover-20221013/UBNA_001/20221012_030000.WAV,Telephone Field,recover-20221013,001,1795
1063.5975,1063.6364,68437,83004,Rhinolophus ferrumequinum,0.024,0.024,-1,Echolocation,/mnt/ubna_data_02_mir/recover-20221013/UBNA_001/20221012_030000.WAV,Telephone Field,recover-20221013,001,1795
1063.6015,1063.6117,22031,26984,Nyctalus leisleri,0.01,0.021,-1,Echolocation,/mnt/ubna_data_02_mir/recover-20221013/UBNA_001/20221012_030000.WAV,Telephone Field,recover-20221013,001,1795
1063.6585,1063.6689,22890,29229,Nyctalus leisleri,0.01,0.025,-1,Echolocation,/mnt/ubna_data_02_mir/recover-20221013/UBNA_001/20221012_030000.WAV,Telephone Field,recover-20221013,001,1795
1063.6725,1063.71,68437,81941,Rhinolophus ferrumequinum,0.021,0.021,-1,Echolocation,/mnt/ubna_data_02_mir/recover-20221013/UBNA_001/20221012_030000.WAV,Telephone Field,recover-20221013,001,1795
1063.7015,1063.7079,28046,39823,Eptesicus serotinus,0.006,0.031,-1,Echolocation,/mnt/ubna_data_02_mir/recover-20221013/UBNA_001/20221012_030000.WAV,Telephone Field,recover-20221013,001,1795
1063.7305,1063.7669,68437,80831,Rhinolophus ferrumequinum,0.022,0.022,-1,Echolocation,/mnt/ubna_data_02_mir/recover-20221013/UBNA_001/20221012_030000.WAV,Telephone Field,recover-20221013,001,1795
1063.7345,1063.7433,27187,37448,Eptesicus serotinus,0.011,0.026,-1,Echolocation,/mnt/ubna_data_02_mir/recover-20221013/UBNA_001/20221012_030000.WAV,Telephone Field,recover-20221013,001,1795
1063.7345,1063.7429,47812,55768,Pipistrellus pipistrellus,0.027,0.03,-1,Echolocation,/mnt/ubna_data_02_mir/recover-20221013/UBNA_001/20221012_030000.WAV,Telephone Field,recover-20221013,001,1795
1063.7485,1063.789,68437,82729,Rhinolophus ferrumequinum,0.023,0.023,-1,Echolocation,/mnt/ubna_data_02_mir/recover-20221013/UBNA_001/20221012_030000.WAV,Telephone Field,recover-20221013,001,1795
1063.7555,1063.7638,46953,50764,Pipistrellus pipistrellus,0.027,0.028,-1,Echolocation,/mnt/ubna_data_02_mir/recover-20221013/UBNA_001/20221012_030000.WAV,Telephone Field,recover-20221013,001,1795
1063.7715,1063.8124,68437,82494,Rhinolophus ferrumequinum,0.023,0.023,-1,Echolocation,/mnt/ubna_data_02_mir/recover-20221013/UBNA_001/20221012_030000.WAV,Telephone Field,recover-20221013,001,1795
1063.7835,1063.822,68437,82313,Rhinolophus ferrumequinum,0.023,0.023,-1,Echolocation,/mnt/ubna_data_02_mir/recover-20221013/UBNA_001/20221012_030000.WAV,Telephone Field,recover-20221013,001,1795
1063.7915,1063.7997,28046,37451,Eptesicus serotinus,0.01,0.023,-1,Echolocation,/mnt/ubna_data_02_mir/recover-20221013/UBNA_001/20221012_030000.WAV,Telephone Field,recover-20221013,001,1795
1063.8345,1063.842,28046,40322,Eptesicus serotinus,0.006,0.022,-1,Echolocation,/mnt/ubna_data_02_mir/recover-20221013/UBNA_001/20221012_030000.WAV,Telephone Field,recover-20221013,001,1795
1063.8425,1063.8752,67578,77906,Rhinolophus ferrumequinum,0.024,0.026,-1,Echolocation,/mnt/ubna_data_02_mir/recover-20221013/UBNA_001/20221012_030000.WAV,Telephone Field,recover-20221013,001,1795
1063.8515,1063.8873,68437,81445,Rhinolophus ferrumequinum,0.023,0.023,-1,Echolocation,/mnt/ubna_data_02_mir/recover-20221013/UBNA_001/20221012_030000.WAV,Telephone Field,recover-20221013,001,1795
1063.8685,1063.8763,27187,37882,Eptesicus serotinus,0.008,0.022,-1,Echolocation,/mnt/ubna_data_02_mir/recover-20221013/UBNA_001/20221012_030000.WAV,Telephone Field,recover-20221013,001,1795
1063.8945,1063.9345,68437,82318,Rhinolophus ferrumequinum,0.024,0.024,-1,Echolocation,/mnt/ubna_data_02_mir/recover-20221013/UBNA_001/20221012_030000.WAV,Telephone Field,recover-20221013,001,1795
1064.0015,1064.0366,68437,80431,Rhinolophus ferrumequinum,0.044,0.044,-1,Echolocation,/mnt/ubna_data_02_mir/recover-20221013/UBNA_001/20221012_030000.WAV,Telephone Field,recover-20221013,001,1795
1064.0015,1064.0093,48671,55396,Pipistrellus pipistrellus,0.025,0.03,-1,Echolocation,/mnt/ubna_data_02_mir/recover-20221013/UBNA_001/20221012_030000.WAV,Telephone Field,recover-20221013,001,1795
1064.0015,1064.0095,26328,34982,Nyctalus leisleri,0.008,0.027,-1,Echolocation,/mnt/ubna_data_02_mir/recover-20221013/UBNA_001/20221012_030000.WAV,Telephone Field,recover-20221013,001,1795
1064.0435,1064.0547,23750,30028,Nyctalus leisleri,0.012,0.028,-1,Echolocation,/mnt/ubna_data_02_mir/recover-20221013/UBNA_001/20221012_030000.WAV,Telephone Field,recover-20221013,001,1795
1064.0955,1064.134,68437,81947,Rhinolophus ferrumequinum,0.027,0.027,-1,Echolocation,/mnt/ubna_data_02_mir/recover-20221013/UBNA_001/20221012_030000.WAV,Telephone Field,recover-20221013,001,1795
1064.0985,1064.1069,27187,37416,Eptesicus serotinus,0.009,0.025,-1,Echolocation,/mnt/ubna_data_02_mir/recover-20221013/UBNA_001/20221012_030000.WAV,Telephone Field,recover-20221013,001,1795
1064.1445,1064.1581,23750,28229,Nyctalus leisleri,0.019,0.035,-1,Echolocation,/mnt/ubna_data_02_mir/recover-20221013/UBNA_001/20221012_030000.WAV,Telephone Field,recover-20221013,001,1795
1064.2405,1064.2812,68437,82276,Rhinolophus ferrumequinum,0.022,0.022,-1,Echolocation,/mnt/ubna_data_02_mir/recover-20221013/UBNA_001/20221012_030000.WAV,Telephone Field,recover-20221013,001,1795
1064.2615,1064.3005,68437,82225,Rhinolophus ferrumequinum,0.026,0.027,-1,Echolocation,/mnt/ubna_data_02_mir/recover-20221013/UBNA_001/20221012_030000.WAV,Telephone Field,recover-20221013,001,1795
1064.3365,1064.3486,22031,26199,Nyctalus leisleri,0.013,0.023,-1,Echolocation,/mnt/ubna_data_02_mir/recover-20221013/UBNA_001/20221012_030000.WAV,Telephone Field,recover-20221013,001,1795
1064.3695,1064.3777,28906,39903,Eptesicus serotinus,0.008,0.024,-1,Echolocation,/mnt/ubna_data_02_mir/recover-20221013/UBNA_001/20221012_030000.WAV,Telephone Field,recover-20221013,001,1795
1064.3935,1064.4049,22890,27668,Nyctalus leisleri,0.012,0.023,-1,Echolocation,/mnt/ubna_data_02_mir/recover-20221013/UBNA_001/20221012_030000.WAV,Telephone Field,recover-20221013,001,1795
1064.4025,1064.438,68437,81352,Rhinolophus ferrumequinum,0.028,0.028,-1,Echolocation,/mnt/ubna_data_02_mir/recover-20221013/UBNA_001/20221012_030000.WAV,Telephone Field,recover-20221013,001,1795
1064.4045,1064.4266,18593,21390,Nyctalus noctula,0.012,0.025,-1,Echolocation,/mnt/ubna_data_02_mir/recover-20221013/UBNA_001/20221012_030000.WAV,Telephone Field,recover-20221013,001,1795
1064.4915,1064.5313,68437,82738,Rhinolophus ferrumequinum,0.027,0.027,-1,Echolocation,/mnt/ubna_data_02_mir/recover-20221013/UBNA_001/20221012_030000.WAV,Telephone Field,recover-20221013,001,1795
1064.5025,1064.5455,68437,83035,Rhinolophus ferrumequinum,0.031,0.031,-1,Echolocation,/mnt/ubna_data_02_mir/recover-20221013/UBNA_001/20221012_030000.WAV,Telephone Field,recover-20221013,001,1795
1064.5305,1064.5681,68437,81762,Rhinolophus ferrumequinum,0.023,0.023,-1,Echolocation,/mnt/ubna_data_02_mir/recover-20221013/UBNA_001/20221012_030000.WAV,Telephone Field,recover-20221013,001,1795
1064.5705,1064.5831,23750,28438,Nyctalus leisleri,0.013,0.026,-1,Echolocation,/mnt/ubna_data_02_mir/recover-20221013/UBNA_001/20221012_030000.WAV,Telephone Field,recover-20221013,001,1795
1064.5775,1064.6193,68437,82920,Rhinolophus ferrumequinum,0.035,0.035,-1,Echolocation,/mnt/ubna_data_02_mir/recover-20221013/UBNA_001/20221012_030000.WAV,Telephone Field,recover-20221013,001,1795
1064.5905,1064.5961,47812,54698,Pipistrellus pipistrellus,0.025,0.027,-1,Echolocation,/mnt/ubna_data_02_mir/recover-20221013/UBNA_001/20221012_030000.WAV,Telephone Field,recover-20221013,001,1795
1064.6005,1064.6389,68437,81645,Rhinolophus ferrumequinum,0.023,0.023,-1,Echolocation,/mnt/ubna_data_02_mir/recover-20221013/UBNA_001/20221012_030000.WAV,Telephone Field,recover-20221013,001,1795
1064.6225,1064.6316,28046,39664,Eptesicus serotinus,0.012,0.031,-1,Echolocation,/mnt/ubna_data_02_mir/recover-20221013/UBNA_001/20221012_030000.WAV,Telephone Field,recover-20221013,001,1795
1064.6235,1064.6628,68437,82510,Rhinolophus ferrumequinum,0.024,0.024,-1,Echolocation,/mnt/ubna_data_02_mir/recover-20221013/UBNA_001/20221012_030000.WAV,Telephone Field,recover-20221013,001,1795
1064.6345,1064.6427,28906,38388,Eptesicus serotinus,0.007,0.023,-1,Echolocation,/mnt/ubna_data_02_mir/recover-20221013/UBNA_001/20221012_030000.WAV,Telephone Field,recover-20221013,001,1795
1064.6865,1064.725,68437,82340,Rhinolophus ferrumequinum,0.024,0.024,-1,Echolocation,/mnt/ubna_data_02_mir/recover-20221013/UBNA_001/20221012_030000.WAV,Telephone Field,recover-20221013,001,1795
1064.7025,1064.7147,26328,32945,Eptesicus serotinus,0.019,0.038,-1,Echolocation,/mnt/ubna_data_02_mir/recover-20221013/UBNA_001/20221012_030000.WAV,Telephone Field,recover-20221013,001,1795
1064.7305,1064.7381,28046,38492,Eptesicus serotinus,0.007,0.025,-1,Echolocation,/mnt/ubna_data_02_mir/recover-20221013/UBNA_001/20221012_030000.WAV,Telephone Field,recover-20221013,001,1795
1064.7305,1064.7696,68437,82497,Rhinolophus ferrumequinum,0.027,0.027,-1,Echolocation,/mnt/ubna_data_02_mir/recover-20221013/UBNA_001/20221012_030000.WAV,Telephone Field,recover-20221013,001,1795
1064.7495,1064.7899,68437,82330,Rhinolophus ferrumequinum,0.023,0.023,-1,Echolocation,/mnt/ubna_data_02_mir/recover-20221013/UBNA_001/20221012_030000.WAV,Telephone Field,recover-20221013,001,1795
1064.8155,1064.8563,68437,82566,Rhinolophus ferrumequinum,0.026,0.026,-1,Echolocation,/mnt/ubna_data_02_mir/recover-20221013/UBNA_001/20221012_030000.WAV,Telephone Field,recover-20221013,001,1795
1064.8185,1064.8275,26328,34966,Eptesicus serotinus,0.008,0.023,-1,Echolocation,/mnt/ubna_data_02_mir/recover-20221013/UBNA_001/20221012_030000.WAV,Telephone Field,recover-20221013,001,1795
1064.8315,1064.8721,68437,83045,Rhinolophus ferrumequinum,0.031,0.031,-1,Echolocation,/mnt/ubna_data_02_mir/recover-20221013/UBNA_001/20221012_030000.WAV,Telephone Field,recover-20221013,001,1795
1064.8605,1064.898,68437,81758,Rhinolophus ferrumequinum,0.028,0.028,-1,Echolocation,/mnt/ubna_data_02_mir/recover-20221013/UBNA_001/20221012_030000.WAV,Telephone Field,recover-20221013,001,1795
1064.8625,1064.8729,24609,30771,Nyctalus leisleri,0.011,0.032,-1,Echolocation,/mnt/ubna_data_02_mir/recover-20221013/UBNA_001/20221012_030000.WAV,Telephone Field,recover-20221013,001,1795
1064.8885,1064.9262,68437,82108,Rhinolophus ferrumequinum,0.023,0.023,-1,Echolocation,/mnt/ubna_data_02_mir/recover-20221013/UBNA_001/20221012_030000.WAV,Telephone Field,recover-20221013,001,1795
1064.8905,1064.9005,28906,36574,Eptesicus serotinus,0.013,0.03,-1,Echolocation,/mnt/ubna_data_02_mir/recover-20221013/UBNA_001/20221012_030000.WAV,Telephone Field,recover-20221013,001,1795
1064.9035,1064.9446,68437,82758,Rhinolophus ferrumequinum,0.027,0.027,-1,Echolocation,/mnt/ubna_data_02_mir/recover-20221013/UBNA_001/20221012_030000.WAV,Telephone Field,recover-20221013,001,1795
1064.9225,1064.9322,28046,40468,Eptesicus serotinus,0.011,0.026,-1,Echolocation,/mnt/ubna_data_02_mir/recover-20221013/UBNA_001/20221012_030000.WAV,Telephone Field,recover-20221013,001,1795
1064.9355,1064.9716,68437,81876,Rhinolophus ferrumequinum,0.025,0.025,-1,Echolocation,/mnt/ubna_data_02_mir/recover-20221013/UBNA_001/20221012_030000.WAV,Telephone Field,recover-20221013,001,1795
1064.9595,1064.969,28906,38907,Eptesicus serotinus,0.012,0.028,-1,Echolocation,/mnt/ubna_data_02_mir/recover-20221013/UBNA_001/20221012_030000.WAV,Telephone Field,recover-20221013,001,1795
1064.9605,1064.9996,68437,81363,Rhinolophus ferrumequinum,0.024,0.024,-1,Echolocation,/mnt/ubna_data_02_mir/recover-20221013/UBNA_001/20221012_030000.WAV,Telephone Field,recover-20221013,001,1795
1064.9805,1065.0167,68437,81973,Rhinolophus ferrumequinum,0.023,0.023,-1,Echolocation,/mnt/ubna_data_02_mir/recover-20221013/UBNA_001/20221012_030000.WAV,Telephone Field,recover-20221013,001,1795
1065.0095,1065.0204,22031,26676,Nyctalus leisleri,0.012,0.023,-1,Echolocation,/mnt/ubna_data_02_mir/recover-20221013/UBNA_001/20221012_030000.WAV,Telephone Field,recover-20221013,001,1795
1065.0345,1065.0744,68437,82415,Rhinolophus ferrumequinum,0.022,0.022,-1,Echolocation,/mnt/ubna_data_02_mir/recover-20221013/UBNA_001/20221012_030000.WAV,Telephone Field,recover-20221013,001,1795
1065.0695,1065.1096,68437,82276,Rhinolophus ferrumequinum,0.023,0.023,-1,Echolocation,/mnt/ubna_data_02_mir/recover-20221013/UBNA_001/20221012_030000.WAV,Telephone Field,recover-20221013,001,1795
1065.1065,1065.124,17734,22006,Nyctalus noctula,0.016,0.024,-1,Echolocation,/mnt/ubna_data_02_mir/recover-20221013/UBNA_001/20221012_030000.WAV,Telephone Field,recover-20221013,001,1795
1065.1425,1065.1782,68437,81129,Rhinolophus ferrumequinum,0.023,0.023,-1,Echolocation,/mnt/ubna_data_02_mir/recover-20221013/UBNA_001/20221012_030000.WAV,Telephone Field,recover-20221013,001,1795
1065.1905,1065.2334,68437,83530,Rhinolophus ferrumequinum,0.035,0.035,-1,Echolocation,/mnt/ubna_data_02_mir/recover-20221013/UBNA_001/20221012_030000.WAV,Telephone Field,recover-20221013,001,1795
1065.2115,1065.2237,22031,26296,Nyctalus leisleri,0.012,0.023,-1,Echolocation,/mnt/ubna_data_02_mir/recover-20221013/UBNA_001/20221012_030000.WAV,Telephone Field,recover-20221013,001,1795
1065.2725,1065.3123,68437,82249,Rhinolophus ferrumequinum,0.023,0.023,-1,Echolocation,/mnt/ubna_data_02_mir/recover-20221013/UBNA_001/20221012_030000.WAV,Telephone Field,recover-20221013,001,1795
1065.2775,1065.2876,23750,29759,Nyctalus leisleri,0.01,0.024,-1,Echolocation,/mnt/ubna_data_02_mir/recover-20221013/UBNA_001/20221012_030000.WAV,Telephone Field,recover-20221013,001,1795
1065.2805,1065.323,68437,82897,Rhinolophus ferrumequinum,0.025,0.025,-1,Echolocation,/mnt/ubna_data_02_mir/recover-20221013/UBNA_001/20221012_030000.WAV,Telephone Field,recover-20221013,001,1795
1065.3115,1065.3203,47812,54493,Pipistrellus pipistrellus,0.025,0.03,-1,Echolocation,/mnt/ubna_data_02_mir/recover-20221013/UBNA_001/20221012_030000.WAV,Telephone Field,recover-20221013,001,1795
1065.3135,1065.3228,24609,32310,Nyctalus leisleri,0.007,0.022,-1,Echolocation,/mnt/ubna_data_02_mir/recover-20221013/UBNA_001/20221012_030000.WAV,Telephone Field,recover-20221013,001,1795
1065.3315,1065.369,68437,82278,Rhinolophus ferrumequinum,0.024,0.024,-1,Echolocation,/mnt/ubna_data_02_mir/recover-20221013/UBNA_001/20221012_030000.WAV,Telephone Field,recover-20221013,001,1795
1065.3435,1065.352,27187,40692,Eptesicus serotinus,0.008,0.022,-1,Echolocation,/mnt/ubna_data_02_mir/recover-20221013/UBNA_001/20221012_030000.WAV,Telephone Field,recover-20221013,001,1795
1065.3725,1065.4094,68437,82200,Rhinolophus ferrumequinum,0.022,0.022,-1,Echolocation,/mnt/ubna_data_02_mir/recover-20221013/UBNA_001/20221012_030000.WAV,Telephone Field,recover-20221013,001,1795
1065.3805,1065.393,33203,39360,Eptesicus serotinus,0.012,0.033,-1,Echolocation,/mnt/ubna_data_02_mir/recover-20221013/UBNA_001/20221012_030000.WAV,Telephone Field,recover-20221013,001,1795
1065.4145,1065.4544,68437,82515,Rhinolophus ferrumequinum,0.022,0.022,-1,Echolocation,/mnt/ubna_data_02_mir/recover-20221013/UBNA_001/20221012_030000.WAV,Telephone Field,recover-20221013,001,1795
1065.4245,1065.4638,68437,82311,Rhinolophus ferrumequinum,0.024,0.024,-1,Echolocation,/mnt/ubna_data_02_mir/recover-20221013/UBNA_001/20221012_030000.WAV,Telephone Field,recover-20221013,001,1795
1065.4545,1065.4926,68437,82174,Rhinolophus ferrumequinum,0.035,0.035,-1,Echolocation,/mnt/ubna_data_02_mir/recover-20221013/UBNA_001/20221012_030000.WAV,Telephone Field,recover-20221013,001,1795
1065.4735,1065.4864,23750,28683,Nyctalus leisleri,0.011,0.023,-1,Echolocation,/mnt/ubna_data_02_mir/recover-20221013/UBNA_001/20221012_030000.WAV,Telephone Field,recover-20221013,001,1795
1065.4855,1065.5243,68437,82201,Rhinolophus ferrumequinum,0.031,0.031,-1,Echolocation,/mnt/ubna_data_02_mir/recover-20221013/UBNA_001/20221012_030000.WAV,Telephone Field,recover-20221013,001,1795
1065.4885,1065.4969,28046,36889,Eptesicus serotinus,0.011,0.026,-1,Echolocation,/mnt/ubna_data_02_mir/recover-20221013/UBNA_001/20221012_030000.WAV,Telephone Field,recover-20221013,001,1795
1065.5295,1065.5382,28046,37973,Eptesicus serotinus,0.01,0.026,-1,Echolocation,/mnt/ubna_data_02_mir/recover-20221013/UBNA_001/20221012_030000.WAV,Telephone Field,recover-20221013,001,1795
1065.5535,1065.5627,54687,58958,Pipistrellus pygmaeus,0.024,0.025,-1,Echolocation,/mnt/ubna_data_02_mir/recover-20221013/UBNA_001/20221012_030000.WAV,Telephone Field,recover-20221013,001,1795
1065.5745,1065.585,24609,31177,Nyctalus leisleri,0.011,0.027,-1,Echolocation,/mnt/ubna_data_02_mir/recover-20221013/UBNA_001/20221012_030000.WAV,Telephone Field,recover-20221013,001,1795
1065.5945,1065.6344,68437,82662,Rhinolophus ferrumequinum,0.024,0.024,-1,Echolocation,/mnt/ubna_data_02_mir/recover-20221013/UBNA_001/20221012_030000.WAV,Telephone Field,recover-20221013,001,1795
1065.6165,1065.654,68437,82130,Rhinolophus ferrumequinum,0.026,0.027,-1,Echolocation,/mnt/ubna_data_02_mir/recover-20221013/UBNA_001/20221012_030000.WAV,Telephone Field,recover-20221013,001,1795
1065.6615,1065.6976,68437,81984,Rhinolophus ferrumequinum,0.023,0.023,-1,Echolocation,/mnt/ubna_data_02_mir/recover-20221013/UBNA_001/20221012_030000.WAV,Telephone Field,recover-20221013,001,1795
1065.7145,1065.7536,68437,82420,Rhinolophus ferrumequinum,0.031,0.031,-1,Echolocation,/mnt/ubna_data_02_mir/recover-20221013/UBNA_001/20221012_030000.WAV,Telephone Field,recover-20221013,001,1795
1065.7185,1065.7301,24609,31134,Nyctalus leisleri,0.009,0.025,-1,Echolocation,/mnt/ubna_data_02_mir/recover-20221013/UBNA_001/20221012_030000.WAV,Telephone Field,recover-20221013,001,1795
1065.7485,1065.7565,28046,40215,Eptesicus serotinus,0.009,0.027,-1,Echolocation,/mnt/ubna_data_02_mir/recover-20221013/UBNA_001/20221012_030000.WAV,Telephone Field,recover-20221013,001,1795
1065.7985,1065.8403,68437,82998,Rhinolophus ferrumequinum,0.024,0.024,-1,Echolocation,/mnt/ubna_data_02_mir/recover-20221013/UBNA_001/20221012_030000.WAV,Telephone Field,recover-20221013,001,1795
1065.8025,1065.8167,15156,20274,Nyctalus noctula,0.024,0.035,-1,Echolocation,/mnt/ubna_data_02_mir/recover-20221013/UBNA_001/20221012_030000.WAV,Telephone Field,recover-20221013,001,1795
1065.8295,1065.8381,28906,37864,Eptesicus serotinus,0.009,0.024,-1,Echolocation,/mnt/ubna_data_02_mir/recover-20221013/UBNA_001/20221012_030000.WAV,Telephone Field,recover-20221013,001,1795
1065.8415,1065.881,68437,82698,Rhinolophus ferrumequinum,0.028,0.028,-1,Echolocation,/mnt/ubna_data_02_mir/recover-20221013/UBNA_001/20221012_030000.WAV,Telephone Field,recover-20221013,001,1795
1065.8585,1065.8989,68437,82260,Rhinolophus ferrumequinum,0.024,0.024,-1,Echolocation,/mnt/ubna_data_02_mir/recover-20221013/UBNA_001/20221012_030000.WAV,Telephone Field,recover-20221013,001,1795
1065.8695,1065.8798,28906,36867,Eptesicus serotinus,0.01,0.024,-1,Echolocation,/mnt/ubna_data_02_mir/recover-20221013/UBNA_001/20221012_030000.WAV,Telephone Field,recover-20221013,001,1795
1065.9105,1065.9182,49531,55279,Pipistrellus pipistrellus,0.022,0.023,-1,Echolocation,/mnt/ubna_data_02_mir/recover-20221013/UBNA_001/20221012_030000.WAV,Telephone Field,recover-20221013,001,1795
1065.9155,1065.9557,68437,82453,Rhinolophus ferrumequinum,0.023,0.023,-1,Echolocation,/mnt/ubna_data_02_mir/recover-20221013/UBNA_001/20221012_030000.WAV,Telephone Field,recover-20221013,001,1795
1065.9215,1065.9367,22031,25871,Nyctalus leisleri,0.014,0.025,-1,Echolocation,/mnt/ubna_data_02_mir/recover-20221013/UBNA_001/20221012_030000.WAV,Telephone Field,recover-20221013,001,1795
1066.0015,1066.0095,46953,54798,Pipistrellus pipistrellus,0.017,0.024,-1,Echolocation,/mnt/ubna_data_02_mir/recover-20221013/UBNA_001/20221012_030000.WAV,Telephone Field,recover-20221013,001,1795
1066.0015,1066.0151,19453,24508,Nyctalus leisleri,0.01,0.021,-1,Echolocation,/mnt/ubna_data_02_mir/recover-20221013/UBNA_001/20221012_030000.WAV,Telephone Field,recover-20221013,001,1795
1066.0385,1066.0797,68437,83067,Rhinolophus ferrumequinum,0.03,0.03,-1,Echolocation,/mnt/ubna_data_02_mir/recover-20221013/UBNA_001/20221012_030000.WAV,Telephone Field,recover-20221013,001,1795
1066.0515,1066.0596,28046,39648,Eptesicus serotinus,0.008,0.021,-1,Echolocation,/mnt/ubna_data_02_mir/recover-20221013/UBNA_001/20221012_030000.WAV,Telephone Field,recover-20221013,001,1795
1066.0835,1066.1226,68437,82082,Rhinolophus ferrumequinum,0.021,0.021,-1,Echolocation,/mnt/ubna_data_02_mir/recover-20221013/UBNA_001/20221012_030000.WAV,Telephone Field,recover-20221013,001,1795
1066.1325,1066.1405,28046,39693,Eptesicus serotinus,0.007,0.022,-1,Echolocation,/mnt/ubna_data_02_mir/recover-20221013/UBNA_001/20221012_030000.WAV,Telephone Field,recover-20221013,001,1795
1066.1845,1066.2247,68437,81641,Rhinolophus ferrumequinum,0.021,0.021,-1,Echolocation,/mnt/ubna_data_02_mir/recover-20221013/UBNA_001/20221012_030000.WAV,Telephone Field,recover-20221013,001,1795
1066.1945,1066.2044,27187,37249,Eptesicus serotinus,0.009,0.022,-1,Echolocation,/mnt/ubna_data_02_mir/recover-20221013/UBNA_001/20221012_030000.WAV,Telephone Field,recover-20221013,001,1795
1066.2005,1066.2081,28906,38352,Eptesicus serotinus,0.007,0.022,-1,Echolocation,/mnt/ubna_data_02_mir/recover-20221013/UBNA_001/20221012_030000.WAV,Telephone Field,recover-20221013,001,1795
1066.2285,1066.2396,22031,25971,Nyctalus leisleri,0.011,0.021,-1,Echolocation,/mnt/ubna_data_02_mir/recover-20221013/UBNA_001/20221012_030000.WAV,Telephone Field,recover-20221013,001,1795
1066.2295,1066.2662,68437,82341,Rhinolophus ferrumequinum,0.03,0.03,-1,Echolocation,/mnt/ubna_data_02_mir/recover-20221013/UBNA_001/20221012_030000.WAV,Telephone Field,recover-20221013,001,1795
1066.2455,1066.2845,68437,81577,Rhinolophus ferrumequinum,0.021,0.021,-1,Echolocation,/mnt/ubna_data_02_mir/recover-20221013/UBNA_001/20221012_030000.WAV,Telephone Field,recover-20221013,001,1795
1066.2885,1066.2975,28906,37504,Eptesicus serotinus,0.009,0.024,-1,Echolocation,/mnt/ubna_data_02_mir/recover-20221013/UBNA_001/20221012_030000.WAV,Telephone Field,recover-20221013,001,1795
1066.3035,1066.3437,68437,82834,Rhinolophus ferrumequinum,0.023,0.023,-1,Echolocation,/mnt/ubna_data_02_mir/recover-20221013/UBNA_001/20221012_030000.WAV,Telephone Field,recover-20221013,001,1795
1066.3585,1066.3975,68437,82101,Rhinolophus ferrumequinum,0.022,0.022,-1,Echolocation,/mnt/ubna_data_02_mir/recover-20221013/UBNA_001/20221012_030000.WAV,Telephone Field,recover-20221013,001,1795
1066.3825,1066.4154,68437,81473,Rhinolophus ferrumequinum,0.023,0.023,-1,Echolocation,/mnt/ubna_data_02_mir/recover-20221013/UBNA_001/20221012_030000.WAV,Telephone Field,recover-20221013,001,1795
1066.3945,1066.4094,23750,29102,Nyctalus leisleri,0.013,0.028,-1,Echolocation,/mnt/ubna_data_02_mir/recover-20221013/UBNA_001/20221012_030000.WAV,Telephone Field,recover-20221013,001,1795
1066.4535,1066.4622,30625,38136,Eptesicus serotinus,0.007,0.025,-1,Echolocation,/mnt/ubna_data_02_mir/recover-20221013/UBNA_001/20221012_030000.WAV,Telephone Field,recover-20221013,001,1795
1066.4925,1066.5313,68437,82085,Rhinolophus ferrumequinum,0.024,0.025,-1,Echolocation,/mnt/ubna_data_02_mir/recover-20221013/UBNA_001/20221012_030000.WAV,Telephone Field,recover-20221013,001,1795
1066.5285,1066.5689,68437,82844,Rhinolophus ferrumequinum,0.023,0.023,-1,Echolocation,/mnt/ubna_data_02_mir/recover-20221013/UBNA_001/20221012_030000.WAV,Telephone Field,recover-20221013,001,1795
1066.5365,1066.5772,68437,82905,Rhinolophus ferrumequinum,0.022,0.022,-1,Echolocation,/mnt/ubna_data_02_mir/recover-20221013/UBNA_001/20221012_030000.WAV,Telephone Field,recover-20221013,001,1795
1066.5365,1066.5473,44375,52035,Pipistrellus pipistrellus,0.013,0.022,-1,Echolocation,/mnt/ubna_data_02_mir/recover-20221013/UBNA_001/20221012_030000.WAV,Telephone Field,recover-20221013,001,1795
1066.5605,1066.5683,27187,38155,Eptesicus serotinus,0.007,0.021,-1,Echolocation,/mnt/ubna_data_02_mir/recover-20221013/UBNA_001/20221012_030000.WAV,Telephone Field,recover-20221013,001,1795
1066.5975,1066.6084,23750,29522,Nyctalus leisleri,0.012,0.026,-1,Echolocation,/mnt/ubna_data_02_mir/recover-20221013/UBNA_001/20221012_030000.WAV,Telephone Field,recover-20221013,001,1795
1066.6075,1066.6263,20312,22626,Nyctalus leisleri,0.019,0.03,-1,Echolocation,/mnt/ubna_data_02_mir/recover-20221013/UBNA_001/20221012_030000.WAV,Telephone Field,recover-20221013,001,1795
1066.6135,1066.6499,68437,82004,Rhinolophus ferrumequinum,0.022,0.022,-1,Echolocation,/mnt/ubna_data_02_mir/recover-20221013/UBNA_001/20221012_030000.WAV,Telephone Field,recover-20221013,001,1795
1066.6495,1066.6901,68437,82831,Rhinolophus ferrumequinum,0.029,0.029,-1,Echolocation,/mnt/ubna_data_02_mir/recover-20221013/UBNA_001/20221012_030000.WAV,Telephone Field,recover-20221013,001,1795
1066.6685,1066.6769,47812,51854,Pipistrellus pipistrellus,0.022,0.024,-1,Echolocation,/mnt/ubna_data_02_mir/recover-20221013/UBNA_001/20221012_030000.WAV,Telephone Field,recover-20221013,001,1795
1066.6715,1066.7121,68437,82204,Rhinolophus ferrumequinum,0.022,0.022,-1,Echolocation,/mnt/ubna_data_02_mir/recover-20221013/UBNA_001/20221012_030000.WAV,Telephone Field,recover-20221013,001,1795
1066.6925,1066.7292,68437,82013,Rhinolophus ferrumequinum,0.022,0.022,-1,Echolocation,/mnt/ubna_data_02_mir/recover-20221013/UBNA_001/20221012_030000.WAV,Telephone Field,recover-20221013,001,1795
1066.7235,1066.7311,27187,39428,Eptesicus serotinus,0.007,0.021,-1,Echolocation,/mnt/ubna_data_02_mir/recover-20221013/UBNA_001/20221012_030000.WAV,Telephone Field,recover-20221013,001,1795
1066.7295,1066.7679,68437,82245,Rhinolophus ferrumequinum,0.024,0.024,-1,Echolocation,/mnt/ubna_data_02_mir/recover-20221013/UBNA_001/20221012_030000.WAV,Telephone Field,recover-20221013,001,1795
1066.7305,1066.7375,28046,39727,Eptesicus serotinus,0.006,0.022,-1,Echolocation,/mnt/ubna_data_02_mir/recover-20221013/UBNA_001/20221012_030000.WAV,Telephone Field,recover-20221013,001,1795
1066.7485,1066.7607,44375,51674,Pipistrellus pipistrellus,0.017,0.022,-1,Echolocation,/mnt/ubna_data_02_mir/recover-20221013/UBNA_001/20221012_030000.WAV,Telephone Field,recover-20221013,001,1795
1066.7715,1066.7811,25468,33369,Eptesicus serotinus,0.009,0.021,-1,Echolocation,/mnt/ubna_data_02_mir/recover-20221013/UBNA_001/20221012_030000.WAV,Telephone Field,recover-20221013,001,1795
1066.7935,1066.8309,68437,81837,Rhinolophus ferrumequinum,0.022,0.022,-1,Echolocation,/mnt/ubna_data_02_mir/recover-20221013/UBNA_001/20221012_030000.WAV,Telephone Field,recover-20221013,001,1795
1066.8155,1066.8266,22031,27039,Nyctalus leisleri,0.011,0.022,-1,Echolocation,/mnt/ubna_data_02_mir/recover-20221013/UBNA_001/20221012_030000.WAV,Telephone Field,recover-20221013,001,1795
1066.8275,1066.8653,68437,82004,Rhinolophus ferrumequinum,0.022,0.022,-1,Echolocation,/mnt/ubna_data_02_mir/recover-20221013/UBNA_001/20221012_030000.WAV,Telephone Field,recover-20221013,001,1795
1066.8355,1066.8436,27187,36274,Eptesicus serotinus,0.009,0.024,-1,Echolocation,/mnt/ubna_data_02_mir/recover-20221013/UBNA_001/20221012_030000.WAV,Telephone Field,recover-20221013,001,1795
1066.8495,1066.8907,68437,82945,Rhinolophus ferrumequinum,0.036,0.036,-1,Echolocation,/mnt/ubna_data_02_mir/recover-20221013/UBNA_001/20221012_030000.WAV,Telephone Field,recover-20221013,001,1795
1066.9175,1066.9545,68437,82107,Rhinolophus ferrumequinum,0.022,0.022,-1,Echolocation,/mnt/ubna_data_02_mir/recover-20221013/UBNA_001/20221012_030000.WAV,Telephone Field,recover-20221013,001,1795
1066.9415,1066.9789,68437,81409,Rhinolophus ferrumequinum,0.023,0.023,-1,Echolocation,/mnt/ubna_data_02_mir/recover-20221013/UBNA_001/20221012_030000.WAV,Telephone Field,recover-20221013,001,1795
1066.9745,1067.0155,68437,82443,Rhinolophus ferrumequinum,0.023,0.023,-1,Echolocation,/mnt/ubna_data_02_mir/recover-20221013/UBNA_001/20221012_030000.WAV,Telephone Field,recover-20221013,001,1795
1067.0115,1067.0226,22890,28083,Nyctalus leisleri,0.011,0.022,-1,Echolocation,/mnt/ubna_data_02_mir/recover-20221013/UBNA_001/20221012_030000.WAV,Telephone Field,recover-20221013,001,1795
1067.0345,1067.0422,28046,39556,Eptesicus serotinus,0.007,0.021,-1,Echolocation,/mnt/ubna_data_02_mir/recover-20221013/UBNA_001/20221012_030000.WAV,Telephone Field,recover-20221013,001,1795
1067.0535,1067.0917,68437,82544,Rhinolophus ferrumequinum,0.023,0.023,-1,Echolocation,/mnt/ubna_data_02_mir/recover-20221013/UBNA_001/20221012_030000.WAV,Telephone Field,recover-20221013,001,1795
1067.0535,1067.0649,44375,47454,Pipistrellus pipistrellus,0.044,0.05,-1,Echolocation,/mnt/ubna_data_02_mir/recover-20221013/UBNA_001/20221012_030000.WAV,Telephone Field,recover-20221013,001,1795
1067.0875,1067.1265,68437,82613,Rhinolophus ferrumequinum,0.022,0.022,-1,Echolocation,/mnt/ubna_data_02_mir/recover-20221013/UBNA_001/20221012_030000.WAV,Telephone Field,recover-20221013,001,1795
1067.0915,1067.1017,22031,27197,Nyctalus leisleri,0.009,0.021,-1,Echolocation,/mnt/ubna_data_02_mir/recover-20221013/UBNA_001/20221012_030000.WAV,Telephone Field,recover-20221013,001,1795
1067.1225,1067.1607,68437,81415,Rhinolophus ferrumequinum,0.023,0.023,-1,Echolocation,/mnt/ubna_data_02_mir/recover-20221013/UBNA_001/20221012_030000.WAV,Telephone Field,recover-20221013,001,1795
1067.1565,1067.1898,68437,80644,Rhinolophus ferrumequinum,0.021,0.021,-1,Echolocation,/mnt/ubna_data_02_mir/recover-20221013/UBNA_001/20221012_030000.WAV,Telephone Field,recover-20221013,001,1795
1067.2185,1067.2608,68437,83334,Rhinolophus ferrumequinum,0.031,0.031,-1,Echolocation,/mnt/ubna_data_02_mir/recover-20221013/UBNA_001/20221012_030000.WAV,Telephone Field,recover-20221013,001,1795
1067.2845,1067.3231,68437,82255,Rhinolophus ferrumequinum,0.021,0.021,-1,Echolocation,/mnt/ubna_data_02_mir/recover-20221013/UBNA_001/20221012_030000.WAV,Telephone Field,recover-20221013,001,1795
1067.3235,1067.3321,28906,36911,Eptesicus serotinus,0.008,0.021,-1,Echolocation,/mnt/ubna_data_02_mir/recover-20221013/UBNA_001/20221012_030000.WAV,Telephone Field,recover-20221013,001,1795
1067.3575,1067.3979,68437,81806,Rhinolophus ferrumequinum,0.021,0.021,-1,Echolocation,/mnt/ubna_data_02_mir/recover-20221013/UBNA_001/20221012_030000.WAV,Telephone Field,recover-20221013,001,1795
1067.3645,1067.4042,68437,82243,Rhinolophus ferrumequinum,0.022,0.022,-1,Echolocation,/mnt/ubna_data_02_mir/recover-20221013/UBNA_001/20221012_030000.WAV,Telephone Field,recover-20221013,001,1795
1067.4355,1067.473,68437,82388,Rhinolophus ferrumequinum,0.022,0.022,-1,Echolocation,/mnt/ubna_data_02_mir/recover-20221013/UBNA_001/20221012_030000.WAV,Telephone Field,recover-20221013,001,1795
1067.4615,1067.4708,28906,39774,Eptesicus serotinus,0.008,0.021,-1,Echolocation,/mnt/ubna_data_02_mir/recover-20221013/UBNA_001/20221012_030000.WAV,Telephone Field,recover-20221013,001,1795
1067.4765,1067.5127,68437,81418,Rhinolophus ferrumequinum,0.023,0.023,-1,Echolocation,/mnt/ubna_data_02_mir/recover-20221013/UBNA_001/20221012_030000.WAV,Telephone Field,recover-20221013,001,1795
1067.5025,1067.5123,14296,20156,Nyctalus noctula,0.015,0.034,-1,Echolocation,/mnt/ubna_data_02_mir/recover-20221013/UBNA_001/20221012_030000.WAV,Telephone Field,recover-20221013,001,1795
1067.5025,1067.5385,68437,81578,Rhinolophus ferrumequinum,0.022,0.022,-1,Echolocation,/mnt/ubna_data_02_mir/recover-20221013/UBNA_001/20221012_030000.WAV,Telephone Field,recover-20221013,001,1795
1067.5185,1067.5346,23750,28391,Nyctalus leisleri,0.025,0.049,-1,Echolocation,/mnt/ubna_data_02_mir/recover-20221013/UBNA_001/20221012_030000.WAV,Telephone Field,recover-20221013,001,1795
1067.5195,1067.5551,68437,81789,Rhinolophus ferrumequinum,0.022,0.022,-1,Echolocation,/mnt/ubna_data_02_mir/recover-20221013/UBNA_001/20221012_030000.WAV,Telephone Field,recover-20221013,001,1795
1067.5285,1067.5685,68437,81888,Rhinolophus ferrumequinum,0.023,0.023,-1,Echolocation,/mnt/ubna_data_02_mir/recover-20221013/UBNA_001/20221012_030000.WAV,Telephone Field,recover-20221013,001,1795
1067.5365,1067.5757,68437,82269,Rhinolophus ferrumequinum,0.024,0.024,-1,Echolocation,/mnt/ubna_data_02_mir/recover-20221013/UBNA_001/20221012_030000.WAV,Telephone Field,recover-20221013,001,1795
1067.5485,1067.5556,27187,40849,Eptesicus serotinus,0.006,0.021,-1,Echolocation,/mnt/ubna_data_02_mir/recover-20221013/UBNA_001/20221012_030000.WAV,Telephone Field,recover-20221013,001,1795
1067.5925,1067.6314,68437,82514,Rhinolophus ferrumequinum,0.022,0.022,-1,Echolocation,/mnt/ubna_data_02_mir/recover-20221013/UBNA_001/20221012_030000.WAV,Telephone Field,recover-20221013,001,1795
1067.5995,1067.6378,68437,82682,Rhinolophus ferrumequinum,0.025,0.025,-1,Echolocation,/mnt/ubna_data_02_mir/recover-20221013/UBNA_001/20221012_030000.WAV,Telephone Field,recover-20221013,001,1795
1067.6135,1067.6514,68437,81553,Rhinolophus ferrumequinum,0.022,0.022,-1,Echolocation,/mnt/ubna_data_02_mir/recover-20221013/UBNA_001/20221012_030000.WAV,Telephone Field,recover-20221013,001,1795
1067.6465,1067.6539,26328,36151,Eptesicus serotinus,0.015,0.046,-1,Echolocation,/mnt/ubna_data_02_mir/recover-20221013/UBNA_001/20221012_030000.WAV,Telephone Field,recover-20221013,001,1795
1067.6795,1067.7203,68437,82716,Rhinolophus ferrumequinum,0.024,0.024,-1,Echolocation,/mnt/ubna_data_02_mir/recover-20221013/UBNA_001/20221012_030000.WAV,Telephone Field,recover-20221013,001,1795
1067.6865,1067.6939,27187,42128,Eptesicus serotinus,0.008,0.024,-1,Echolocation,/mnt/ubna_data_02_mir/recover-20221013/UBNA_001/20221012_030000.WAV,Telephone Field,recover-20221013,001,1795
1067.7055,1067.7484,68437,83225,Rhinolophus ferrumequinum,0.034,0.034,-1,Echolocation,/mnt/ubna_data_02_mir/recover-20221013/UBNA_001/20221012_030000.WAV,Telephone Field,recover-20221013,001,1795
1067.7345,1067.7719,68437,81986,Rhinolophus ferrumequinum,0.021,0.021,-1,Echolocation,/mnt/ubna_data_02_mir/recover-20221013/UBNA_001/20221012_030000.WAV,Telephone Field,recover-20221013,001,1795
1067.7605,1067.7992,68437,82938,Rhinolophus ferrumequinum,0.024,0.024,-1,Echolocation,/mnt/ubna_data_02_mir/recover-20221013/UBNA_001/20221012_030000.WAV,Telephone Field,recover-20221013,001,1795
1067.8005,1067.8384,68437,81647,Rhinolophus ferrumequinum,0.023,0.023,-1,Echolocation,/mnt/ubna_data_02_mir/recover-20221013/UBNA_001/20221012_030000.WAV,Telephone Field,recover-20221013,001,1795
1067.8065,1067.8155,28046,39902,Eptesicus serotinus,0.009,0.022,-1,Echolocation,/mnt/ubna_data_02_mir/recover-20221013/UBNA_001/20221012_030000.WAV,Telephone Field,recover-20221013,001,1795
1067.8225,1067.8619,68437,81600,Rhinolophus ferrumequinum,0.024,0.024,-1,Echolocation,/mnt/ubna_data_02_mir/recover-20221013/UBNA_001/20221012_030000.WAV,Telephone Field,recover-20221013,001,1795
1067.8345,1067.8722,68437,82288,Rhinolophus ferrumequinum,0.024,0.024,-1,Echolocation,/mnt/ubna_data_02_mir/recover-20221013/UBNA_001/20221012_030000.WAV,Telephone Field,recover-20221013,001,1795
1067.8355,1067.8503,22031,25468,Nyctalus leisleri,0.018,0.029,-1,Echolocation,/mnt/ubna_data_02_mir/recover-20221013/UBNA_001/20221012_030000.WAV,Telephone Field,recover-20221013,001,1795
1067.8875,1067.9279,68437,82766,Rhinolophus ferrumequinum,0.023,0.023,-1,Echolocation,/mnt/ubna_data_02_mir/recover-20221013/UBNA_001/20221012_030000.WAV,Telephone Field,recover-20221013,001,1795
1067.9165,1067.9251,28906,38405,Eptesicus serotinus,0.007,0.021,-1,Echolocation,/mnt/ubna_data_02_mir/recover-20221013/UBNA_001/20221012_030000.WAV,Telephone Field,recover-20221013,001,1795
1067.9435,1067.9805,68437,82753,Rhinolophus ferrumequinum,0.022,0.022,-1,Echolocation,/mnt/ubna_data_02_mir/recover-20221013/UBNA_001/20221012_030000.WAV,Telephone Field,recover-20221013,001,1795
1068.0015,1068.0091,47812,52498,Pipistrellus pipistrellus,0.019,0.027,-1,Echolocation,/mnt/ubna_data_02_mir/recover-20221013/UBNA_001/20221012_030000.WAV,Telephone Field,recover-20221013,001,1795
1068.0015,1068.0312,68437,79514,Rhinolophus ferrumequinum,0.03,0.031,-1,Echolocation,/mnt/ubna_data_02_mir/recover-20221013/UBNA_001/20221012_030000.WAV,Telephone Field,recover-20221013,001,1795
1068.0015,1068.0111,24609,32838,Nyctalus leisleri,0.01,0.033,-1,Echolocation,/mnt/ubna_data_02_mir/recover-20221013/UBNA_001/20221012_030000.WAV,Telephone Field,recover-20221013,001,1795
1068.0135,1068.025,22890,28388,Nyctalus leisleri,0.009,0.022,-1,Echolocation,/mnt/ubna_data_02_mir/recover-20221013/UBNA_001/20221012_030000.WAV,Telephone Field,recover-20221013,001,1795
1068.0225,1068.032,25468,33765,Eptesicus serotinus,0.011,0.024,-1,Echolocation,/mnt/ubna_data_02_mir/recover-20221013/UBNA_001/20221012_030000.WAV,Telephone Field,recover-20221013,001,1795
1068.0365,1068.0771,68437,81979,Rhinolophus ferrumequinum,0.021,0.021,-1,Echolocation,/mnt/ubna_data_02_mir/recover-20221013/UBNA_001/20221012_030000.WAV,Telephone Field,recover-20221013,001,1795
1068.0725,1068.0827,49531,54749,Pipistrellus pipistrellus,0.016,0.022,-1,Echolocation,/mnt/ubna_data_02_mir/recover-20221013/UBNA_001/20221012_030000.WAV,Telephone Field,recover-20221013,001,1795
1068.0845,1068.0926,27187,38161,Eptesicus serotinus,0.007,0.022,-1,Echolocation,/mnt/ubna_data_02_mir/recover-20221013/UBNA_001/20221012_030000.WAV,Telephone Field,recover-20221013,001,1795
1068.1215,1068.1267,32343,47854,Myotis daubentonii,0.012,0.021,-1,Echolocation,/mnt/ubna_data_02_mir/recover-20221013/UBNA_001/20221012_030000.WAV,Telephone Field,recover-20221013,001,1795
1068.1355,1068.1763,68437,82836,Rhinolophus ferrumequinum,0.025,0.025,-1,Echolocation,/mnt/ubna_data_02_mir/recover-20221013/UBNA_001/20221012_030000.WAV,Telephone Field,recover-20221013,001,1795
1068.1525,1068.1646,29765,36267,Eptesicus serotinus,0.012,0.024,-1,Echolocation,/mnt/ubna_data_02_mir/recover-20221013/UBNA_001/20221012_030000.WAV,Telephone Field,recover-20221013,001,1795
1068.1765,1068.2218,68437,83674,Rhinolophus ferrumequinum,0.038,0.038,-1,Echolocation,/mnt/ubna_data_02_mir/recover-20221013/UBNA_001/20221012_030000.WAV,Telephone Field,recover-20221013,001,1795
1068.1875,1068.1953,26328,34787,Eptesicus serotinus,0.009,0.024,-1,Echolocation,/mnt/ubna_data_02_mir/recover-20221013/UBNA_001/20221012_030000.WAV,Telephone Field,recover-20221013,001,1795
1068.2135,1068.2526,68437,82102,Rhinolophus ferrumequinum,0.024,0.024,-1,Echolocation,/mnt/ubna_data_02_mir/recover-20221013/UBNA_001/20221012_030000.WAV,Telephone Field,recover-20221013,001,1795
1068.2445,1068.2835,68437,82532,Rhinolophus ferrumequinum,0.024,0.024,-1,Echolocation,/mnt/ubna_data_02_mir/recover-20221013/UBNA_001/20221012_030000.WAV,Telephone Field,recover-20221013,001,1795
1068.2475,1068.2545,28046,39588,Eptesicus serotinus,0.007,0.024,-1,Echolocation,/mnt/ubna_data_02_mir/recover-20221013/UBNA_001/20221012_030000.WAV,Telephone Field,recover-20221013,001,1795
1068.2775,1068.3177,68437,82361,Rhinolophus ferrumequinum,0.023,0.023,-1,Echolocation,/mnt/ubna_data_02_mir/recover-20221013/UBNA_001/20221012_030000.WAV,Telephone Field,recover-20221013,001,1795
1068.2815,1068.2928,23750,30022,Nyctalus leisleri,0.009,0.023,-1,Echolocation,/mnt/ubna_data_02_mir/recover-20221013/UBNA_001/20221012_030000.WAV,Telephone Field,recover-20221013,001,1795
1068.3005,1068.3368,68437,81755,Rhinolophus ferrumequinum,0.022,0.022,-1,Echolocation,/mnt/ubna_data_02_mir/recover-20221013/UBNA_001/20221012_030000.WAV,Telephone Field,recover-20221013,001,1795
1068.3975,1068.406,28046,38146,Eptesicus serotinus,0.008,0.022,-1,Echolocation,/mnt/ubna_data_02_mir/recover-20221013/UBNA_001/20221012_030000.WAV,Telephone Field,recover-20221013,001,1795
1068.3985,1068.4376,68437,82364,Rhinolophus ferrumequinum,0.024,0.024,-1,Echolocation,/mnt/ubna_data_02_mir/recover-20221013/UBNA_001/20221012_030000.WAV,Telephone Field,recover-20221013,001,1795
1068.4175,1068.4258,28046,37009,Eptesicus serotinus,0.01,0.024,-1,Echolocation,/mnt/ubna_data_02_mir/recover-20221013/UBNA_001/20221012_030000.WAV,Telephone Field,recover-20221013,001,1795
1068.4475,1068.4844,68437,81664,Rhinolophus ferrumequinum,0.021,0.021,-1,Echolocation,/mnt/ubna_data_02_mir/recover-20221013/UBNA_001/20221012_030000.WAV,Telephone Field,recover-20221013,001,1795
1068.4755,1068.516,68437,82790,Rhinolophus ferrumequinum,0.027,0.027,-1,Echolocation,/mnt/ubna_data_02_mir/recover-20221013/UBNA_001/20221012_030000.WAV,Telephone Field,recover-20221013,001,1795
1068.4875,1068.4976,15156,20937,Nyctalus noctula,0.01,0.023,-1,Echolocation,/mnt/ubna_data_02_mir/recover-20221013/UBNA_001/20221012_030000.WAV,Telephone Field,recover-20221013,001,1795
1068.5095,1068.5488,68437,82476,Rhinolophus ferrumequinum,0.024,0.024,-1,Echolocation,/mnt/ubna_data_02_mir/recover-20221013/UBNA_001/20221012_030000.WAV,Telephone Field,recover-20221013,001,1795
1068.5195,1068.5293,27187,35020,Eptesicus serotinus,0.012,0.025,-1,Echolocation,/mnt/ubna_data_02_mir/recover-20221013/UBNA_001/20221012_030000.WAV,Telephone Field,recover-20221013,001,1795
1068.5455,1068.5854,68437,82207,Rhinolophus ferrumequinum,0.022,0.022,-1,Echolocation,/mnt/ubna_data_02_mir/recover-20221013/UBNA_001/20221012_030000.WAV,Telephone Field,recover-20221013,001,1795
1068.5785,1068.5868,28046,36762,Eptesicus serotinus,0.008,0.022,-1,Echolocation,/mnt/ubna_data_02_mir/recover-20221013/UBNA_001/20221012_030000.WAV,Telephone Field,recover-20221013,001,1795
1068.5875,1068.6228,68437,81344,Rhinolophus ferrumequinum,0.021,0.021,-1,Echolocation,/mnt/ubna_data_02_mir/recover-20221013/UBNA_001/20221012_030000.WAV,Telephone Field,recover-20221013,001,1795
1068.5945,1068.6302,68437,81197,Rhinolophus ferrumequinum,0.021,0.021,-1,Echolocation,/mnt/ubna_data_02_mir/recover-20221013/UBNA_001/20221012_030000.WAV,Telephone Field,recover-20221013,001,1795
1068.6275,1068.6668,68437,82479,Rhinolophus ferrumequinum,0.025,0.025,-1,Echolocation,/mnt/ubna_data_02_mir/recover-20221013/UBNA_001/20221012_030000.WAV,Telephone Field,recover-20221013,001,1795
1068.6385,1068.6765,68437,82361,Rhinolophus ferrumequinum,0.023,0.023,-1,Echolocation,/mnt/ubna_data_02_mir/recover-20221013/UBNA_001/20221012_030000.WAV,Telephone Field,recover-20221013,001,1795
1068.6525,1068.6917,68437,82227,Rhinolophus ferrumequinum,0.021,0.021,-1,Echolocation,/mnt/ubna_data_02_mir/recover-20221013/UBNA_001/20221012_030000.WAV,Telephone Field,recover-20221013,001,1795
1068.6785,1068.6881,28046,36272,Eptesicus serotinus,0.01,0.023,-1,Echolocation,/mnt/ubna_data_02_mir/recover-20221013/UBNA_001/20221012_030000.WAV,Telephone Field,recover-20221013,001,1795
1068.6795,1068.7221,68437,82994,Rhinolophus ferrumequinum,0.026,0.026,-1,Echolocation,/mnt/ubna_data_02_mir/recover-20221013/UBNA_001/20221012_030000.WAV,Telephone Field,recover-20221013,001,1795
1068.7005,1068.7396,68437,82437,Rhinolophus ferrumequinum,0.022,0.022,-1,Echolocation,/mnt/ubna_data_02_mir/recover-20221013/UBNA_001/20221012_030000.WAV,Telephone Field,recover-20221013,001,1795
1068.7195,1068.7549,68437,81681,Rhinolophus ferrumequinum,0.021,0.021,-1,Echolocation,/mnt/ubna_data_02_mir/recover-20221013/UBNA_001/20221012_030000.WAV,Telephone Field,recover-20221013,001,1795
1068.7305,1068.7703,68437,82099,Rhinolophus ferrumequinum,0.022,0.022,-1,Echolocation,/mnt/ubna_data_02_mir/recover-20221013/UBNA_001/20221012_030000.WAV,Telephone Field,recover-20221013,001,1795
1068.7375,1068.75,28046,35803,Eptesicus serotinus,0.018,0.031,-1,Echolocation,/mnt/ubna_data_02_mir/recover-20221013/UBNA_001/20221012_030000.WAV,Telephone Field,recover-20221013,001,1795
1068.7515,1068.7606,53828,59410,Pipistrellus pygmaeus,0.018,0.021,-1,Echolocation,/mnt/ubna_data_02_mir/recover-20221013/UBNA_001/20221012_030000.WAV,Telephone Field,recover-20221013,001,1795
1068.7545,1068.7613,24609,33575,Plecotus austriacus,0.008,0.023,-1,Echolocation,/mnt/ubna_data_02_mir/recover-20221013/UBNA_001/20221012_030000.WAV,Telephone Field,recover-20221013,001,1795
1068.8015,1068.8102,26328,38021,Eptesicus serotinus,0.008,0.021,-1,Echolocation,/mnt/ubna_data_02_mir/recover-20221013/UBNA_001/20221012_030000.WAV,Telephone Field,recover-20221013,001,1795
1068.8295,1068.8696,68437,82395,Rhinolophus ferrumequinum,0.024,0.024,-1,Echolocation,/mnt/ubna_data_02_mir/recover-20221013/UBNA_001/20221012_030000.WAV,Telephone Field,recover-20221013,001,1795
1068.8775,1068.915,68437,81881,Rhinolophus ferrumequinum,0.022,0.022,-1,Echolocation,/mnt/ubna_data_02_mir/recover-20221013/UBNA_001/20221012_030000.WAV,Telephone Field,recover-20221013,001,1795
1068.9015,1068.9422,68437,82784,Rhinolophus ferrumequinum,0.024,0.024,-1,Echolocation,/mnt/ubna_data_02_mir/recover-20221013/UBNA_001/20221012_030000.WAV,Telephone Field,recover-20221013,001,1795
1068.9055,1068.9134,28906,37695,Eptesicus serotinus,0.009,0.026,-1,Echolocation,/mnt/ubna_data_02_mir/recover-20221013/UBNA_001/20221012_030000.WAV,Telephone Field,recover-20221013,001,1795
1068.9125,1068.9566,68437,83155,Rhinolophus ferrumequinum,0.029,0.029,-1,Echolocation,/mnt/ubna_data_02_mir/recover-20221013/UBNA_001/20221012_030000.WAV,Telephone Field,recover-20221013,001,1795
1068.9395,1068.9497,22890,28479,Nyctalus leisleri,0.01,0.022,-1,Echolocation,/mnt/ubna_data_02_mir/recover-20221013/UBNA_001/20221012_030000.WAV,Telephone Field,recover-20221013,001,1795
1068.9785,1069.0144,68437,81344,Rhinolophus ferrumequinum,0.021,0.021,-1,Echolocation,/mnt/ubna_data_02_mir/recover-20221013/UBNA_001/20221012_030000.WAV,Telephone Field,recover-20221013,001,1795
1069.0155,1069.0558,68437,82450,Rhinolophus ferrumequinum,0.023,0.023,-1,Echolocation,/mnt/ubna_data_02_mir/recover-20221013/UBNA_001/20221012_030000.WAV,Telephone Field,recover-20221013,001,1795
1069.0245,1069.0588,68437,81048,Rhinolophus ferrumequinum,0.023,0.023,-1,Echolocation,/mnt/ubna_data_02_mir/recover-20221013/UBNA_001/20221012_030000.WAV,Telephone Field,recover-20221013,001,1795
1069.0395,1069.0455,27187,42559,Eptesicus serotinus,0.009,0.042,-1,Echolocation,/mnt/ubna_data_02_mir/recover-20221013/UBNA_001/20221012_030000.WAV,Telephone Field,recover-20221013,001,1795
1069.0665,1069.1082,68437,83287,Rhinolophus ferrumequinum,0.027,0.027,-1,Echolocation,/mnt/ubna_data_02_mir/recover-20221013/UBNA_001/20221012_030000.WAV,Telephone Field,recover-20221013,001,1795
1069.0695,1069.0778,28046,39468,Eptesicus serotinus,0.007,0.022,-1,Echolocation,/mnt/ubna_data_02_mir/recover-20221013/UBNA_001/20221012_030000.WAV,Telephone Field,recover-20221013,001,1795
1069.0915,1069.1312,68437,82480,Rhinolophus ferrumequinum,0.023,0.023,-1,Echolocation,/mnt/ubna_data_02_mir/recover-20221013/UBNA_001/20221012_030000.WAV,Telephone Field,recover-20221013,001,1795
1069.0975,1069.1075,22031,27685,Nyctalus leisleri,0.008,0.021,-1,Echolocation,/mnt/ubna_data_02_mir/recover-20221013/UBNA_001/20221012_030000.WAV,Telephone Field,recover-20221013,001,1795
1069.1115,1069.1522,68437,82566,Rhinolophus ferrumequinum,0.03,0.03,-1,Echolocation,/mnt/ubna_data_02_mir/recover-20221013/UBNA_001/20221012_030000.WAV,Telephone Field,recover-20221013,001,1795
1069.1405,1069.1806,68437,82576,Rhinolophus ferrumequinum,0.021,0.021,-1,Echolocation,/mnt/ubna_data_02_mir/recover-20221013/UBNA_001/20221012_030000.WAV,Telephone Field,recover-20221013,001,1795
1069.1455,1069.1863,68437,82048,Rhinolophus ferrumequinum,0.021,0.021,-1,Echolocation,/mnt/ubna_data_02_mir/recover-20221013/UBNA_001/20221012_030000.WAV,Telephone Field,recover-20221013,001,1795
1069.1565,1069.1648,27187,39512,Eptesicus serotinus,0.007,0.022,-1,Echolocation,/mnt/ubna_data_02_mir/recover-20221013/UBNA_001/20221012_030000.WAV,Telephone Field,recover-20221013,001,1795
1069.1615,1069.1704,28046,39275,Eptesicus serotinus,0.008,0.022,-1,Echolocation,/mnt/ubna_data_02_mir/recover-20221013/UBNA_001/20221012_030000.WAV,Telephone Field,recover-20221013,001,1795
1069.2605,1069.297,68437,81365,Rhinolophus ferrumequinum,0.021,0.021,-1,Echolocation,/mnt/ubna_data_02_mir/recover-20221013/UBNA_001/20221012_030000.WAV,Telephone Field,recover-20221013,001,1795
1069.2735,1069.3094,68437,82266,Rhinolophus ferrumequinum,0.021,0.021,-1,Echolocation,/mnt/ubna_data_02_mir/recover-20221013/UBNA_001/20221012_030000.WAV,Telephone Field,recover-20221013,001,1795
1069.2855,1069.3256,68437,82264,Rhinolophus ferrumequinum,0.022,0.022,-1,Echolocation,/mnt/ubna_data_02_mir/recover-20221013/UBNA_001/20221012_030000.WAV,Telephone Field,recover-20221013,001,1795
1069.2875,1069.2962,28046,38784,Eptesicus serotinus,0.012,0.03,-1,Echolocation,/mnt/ubna_data_02_mir/recover-20221013/UBNA_001/20221012_030000.WAV,Telephone Field,recover-20221013,001,1795
1069.3165,1069.3525,68437,81464,Rhinolophus ferrumequinum,0.021,0.021,-1,Echolocation,/mnt/ubna_data_02_mir/recover-20221013/UBNA_001/20221012_030000.WAV,Telephone Field,recover-20221013,001,1795
1069.3205,1069.3261,27187,42785,Plecotus auritus,0.006,0.029,-1,Echolocation,/mnt/ubna_data_02_mir/recover-20221013/UBNA_001/20221012_030000.WAV,Telephone Field,recover-20221013,001,1795
1069.3245,1069.36,68437,82273,Rhinolophus ferrumequinum,0.021,0.021,-1,Echolocation,/mnt/ubna_data_02_mir/recover-20221013/UBNA_001/20221012_030000.WAV,Telephone Field,recover-20221013,001,1795
1069.3415,1069.3517,22031,27743,Nyctalus leisleri,0.009,0.022,-1,Echolocation,/mnt/ubna_data_02_mir/recover-20221013/UBNA_001/20221012_030000.WAV,Telephone Field,recover-20221013,001,1795
1069.3595,1069.3964,68437,82218,Rhinolophus ferrumequinum,0.022,0.022,-1,Echolocation,/mnt/ubna_data_02_mir/recover-20221013/UBNA_001/20221012_030000.WAV,Telephone Field,recover-20221013,001,1795
1069.4215,1069.4293,27187,40293,Eptesicus serotinus,0.007,0.021,-1,Echolocation,/mnt/ubna_data_02_mir/recover-20221013/UBNA_001/20221012_030000.WAV,Telephone Field,recover-20221013,001,1795
1069.4355,1069.4739,68437,82443,Rhinolophus ferrumequinum,0.022,0.022,-1,Echolocation,/mnt/ubna_data_02_mir/recover-20221013/UBNA_001/20221012_030000.WAV,Telephone Field,recover-20221013,001,1795
1069.4525,1069.4913999999999,68437,82801,Rhinolophus ferrumequinum,0.027,0.027,-1,Echolocation,/mnt/ubna_data_02_mir/recover-20221013/UBNA_001/20221012_030000.WAV,Telephone Field,recover-20221013,001,1795
1069.5035,1069.5136,22890,27997,Nyctalus leisleri,0.01,0.022,-1,Echolocation,/mnt/ubna_data_02_mir/recover-20221013/UBNA_001/20221012_030000.WAV,Telephone Field,recover-20221013,001,1795
1069.5255,1069.5655,68437,81956,Rhinolophus ferrumequinum,0.021,0.021,-1,Echolocation,/mnt/ubna_data_02_mir/recover-20221013/UBNA_001/20221012_030000.WAV,Telephone Field,recover-20221013,001,1795
1069.5915,1069.6285,68437,81733,Rhinolophus ferrumequinum,0.022,0.022,-1,Echolocation,/mnt/ubna_data_02_mir/recover-20221013/UBNA_001/20221012_030000.WAV,Telephone Field,recover-20221013,001,1795
1069.6565,1069.6646,24609,33260,Eptesicus serotinus,0.006,0.023,-1,Echolocation,/mnt/ubna_data_02_mir/recover-20221013/UBNA_001/20221012_030000.WAV,Telephone Field,recover-20221013,001,1795
1069.6885,1069.7284,68437,82805,Rhinolophus ferrumequinum,0.033,0.033,-1,Echolocation,/mnt/ubna_data_02_mir/recover-20221013/UBNA_001/20221012_030000.WAV,Telephone Field,recover-20221013,001,1795
1069.7645,1069.807,68437,82972,Rhinolophus ferrumequinum,0.043,0.043,-1,Echolocation,/mnt/ubna_data_02_mir/recover-20221013/UBNA_001/20221012_030000.WAV,Telephone Field,recover-20221013,001,1795
1069.7845,1069.7938,24609,31781,Eptesicus serotinus,0.007,0.021,-1,Echolocation,/mnt/ubna_data_02_mir/recover-20221013/UBNA_001/20221012_030000.WAV,Telephone Field,recover-20221013,001,1795
1069.8115,1069.8525,68437,83068,Rhinolophus ferrumequinum,0.037,0.037,-1,Echolocation,/mnt/ubna_data_02_mir/recover-20221013/UBNA_001/20221012_030000.WAV,Telephone Field,recover-20221013,001,1795
1069.8535,1069.8898,68437,81511,Rhinolophus ferrumequinum,0.022,0.022,-1,Echolocation,/mnt/ubna_data_02_mir/recover-20221013/UBNA_001/20221012_030000.WAV,Telephone Field,recover-20221013,001,1795
1069.8815,1069.923,68437,82652,Rhinolophus ferrumequinum,0.023,0.023,-1,Echolocation,/mnt/ubna_data_02_mir/recover-20221013/UBNA_001/20221012_030000.WAV,Telephone Field,recover-20221013,001,1795
1069.8905,1069.9337,68437,83216,Rhinolophus ferrumequinum,0.024,0.024,-1,Echolocation,/mnt/ubna_data_02_mir/recover-20221013/UBNA_001/20221012_030000.WAV,Telephone Field,recover-20221013,001,1795
1069.9265,1069.9341,36640,43842,Myotis daubentonii,0.01,0.025,-1,Echolocation,/mnt/ubna_data_02_mir/recover-20221013/UBNA_001/20221012_030000.WAV,Telephone Field,recover-20221013,001,1795
1069.9395,1069.9492,25468,32925,Eptesicus serotinus,0.008,0.021,-1,Echolocation,/mnt/ubna_data_02_mir/recover-20221013/UBNA_001/20221012_030000.WAV,Telephone Field,recover-20221013,001,1795
1069.9545,1069.9686,22031,25584,Nyctalus leisleri,0.015,0.025,-1,Echolocation,/mnt/ubna_data_02_mir/recover-20221013/UBNA_001/20221012_030000.WAV,Telephone Field,recover-20221013,001,1795
1070.0015,1070.0097,21171,26307,Nyctalus leisleri,0.012,0.026,-1,Echolocation,/mnt/ubna_data_02_mir/recover-20221013/UBNA_001/20221012_030000.WAV,Telephone Field,recover-20221013,001,1795
1070.0015,1070.0329,69296,81457,Rhinolophus ferrumequinum,0.025,0.025,-1,Echolocation,/mnt/ubna_data_02_mir/recover-20221013/UBNA_001/20221012_030000.WAV,Telephone Field,recover-20221013,001,1795
1070.0125,1070.0547,68437,82157,Rhinolophus ferrumequinum,0.023,0.023,-1,Echolocation,/mnt/ubna_data_02_mir/recover-20221013/UBNA_001/20221012_030000.WAV,Telephone Field,recover-20221013,001,1795
1070.0245,1070.0372,40078,43477,Pipistrellus nathusii,0.017,0.028,-1,Echolocation,/mnt/ubna_data_02_mir/recover-20221013/UBNA_001/20221012_030000.WAV,Telephone Field,recover-20221013,001,1795
1070.0295,1070.0385,25468,33306,Eptesicus serotinus,0.007,0.021,-1,Echolocation,/mnt/ubna_data_02_mir/recover-20221013/UBNA_001/20221012_030000.WAV,Telephone Field,recover-20221013,001,1795
1070.0585,1070.0666,27187,36751,Eptesicus serotinus,0.007,0.021,-1,Echolocation,/mnt/ubna_data_02_mir/recover-20221013/UBNA_001/20221012_030000.WAV,Telephone Field,recover-20221013,001,1795
1070.0725,1070.1111,68437,82084,Rhinolophus ferrumequinum,0.022,0.022,-1,Echolocation,/mnt/ubna_data_02_mir/recover-20221013/UBNA_001/20221012_030000.WAV,Telephone Field,recover-20221013,001,1795
1070.1355,1070.174,68437,82319,Rhinolophus ferrumequinum,0.023,0.023,-1,Echolocation,/mnt/ubna_data_02_mir/recover-20221013/UBNA_001/20221012_030000.WAV,Telephone Field,recover-20221013,001,1795
1070.1855,1070.1945,24609,32102,Nyctalus leisleri,0.007,0.028,-1,Echolocation,/mnt/ubna_data_02_mir/recover-20221013/UBNA_001/20221012_030000.WAV,Telephone Field,recover-20221013,001,1795
1070.2395,1070.2806,68437,82412,Rhinolophus ferrumequinum,0.03,0.03,-1,Echolocation,/mnt/ubna_data_02_mir/recover-20221013/UBNA_001/20221012_030000.WAV,Telephone Field,recover-20221013,001,1795
1070.2535,1070.2685,24609,30089,Nyctalus leisleri,0.011,0.027,-1,Echolocation,/mnt/ubna_data_02_mir/recover-20221013/UBNA_001/20221012_030000.WAV,Telephone Field,recover-20221013,001,1795
1070.2615,1070.2756,23750,28568,Nyctalus leisleri,0.012,0.023,-1,Echolocation,/mnt/ubna_data_02_mir/recover-20221013/UBNA_001/20221012_030000.WAV,Telephone Field,recover-20221013,001,1795
1070.2965,1070.3364,68437,82570,Rhinolophus ferrumequinum,0.023,0.023,-1,Echolocation,/mnt/ubna_data_02_mir/recover-20221013/UBNA_001/20221012_030000.WAV,Telephone Field,recover-20221013,001,1795
1070.3035,1070.3106,27187,40693,Eptesicus serotinus,0.006,0.023,-1,Echolocation,/mnt/ubna_data_02_mir/recover-20221013/UBNA_001/20221012_030000.WAV,Telephone Field,recover-20221013,001,1795
1070.3395,1070.3513,28906,34842,Eptesicus serotinus,0.015,0.028,-1,Echolocation,/mnt/ubna_data_02_mir/recover-20221013/UBNA_001/20221012_030000.WAV,Telephone Field,recover-20221013,001,1795
1070.3885,1070.3978,28046,36404,Eptesicus serotinus,0.014,0.028,-1,Echolocation,/mnt/ubna_data_02_mir/recover-20221013/UBNA_001/20221012_030000.WAV,Telephone Field,recover-20221013,001,1795
1070.4015,1070.4424,68437,82550,Rhinolophus ferrumequinum,0.022,0.022,-1,Echolocation,/mnt/ubna_data_02_mir/recover-20221013/UBNA_001/20221012_030000.WAV,Telephone Field,recover-20221013,001,1795
1070.4555,1070.4971,68437,82581,Rhinolophus ferrumequinum,0.023,0.023,-1,Echolocation,/mnt/ubna_data_02_mir/recover-20221013/UBNA_001/20221012_030000.WAV,Telephone Field,recover-20221013,001,1795
1070.4915,1070.5033,22890,27016,Nyctalus leisleri,0.014,0.025,-1,Echolocation,/mnt/ubna_data_02_mir/recover-20221013/UBNA_001/20221012_030000.WAV,Telephone Field,recover-20221013,001,1795
1070.5035,1070.5104,32343,45835,Myotis daubentonii,0.008,0.021,-1,Echolocation,/mnt/ubna_data_02_mir/recover-20221013/UBNA_001/20221012_030000.WAV,Telephone Field,recover-20221013,001,1795
1070.5165,1070.5548,68437,81237,Rhinolophus ferrumequinum,0.024,0.024,-1,Echolocation,/mnt/ubna_data_02_mir/recover-20221013/UBNA_001/20221012_030000.WAV,Telephone Field,recover-20221013,001,1795
1070.5855,1070.6296,68437,83665,Rhinolophus ferrumequinum,0.035,0.035,-1,Echolocation,/mnt/ubna_data_02_mir/recover-20221013/UBNA_001/20221012_030000.WAV,Telephone Field,recover-20221013,001,1795
1070.6115,1070.6214,44375,52427,Pipistrellus pipistrellus,0.018,0.025,-1,Echolocation,/mnt/ubna_data_02_mir/recover-20221013/UBNA_001/20221012_030000.WAV,Telephone Field,recover-20221013,001,1795
1070.6295,1070.6394,23750,31124,Nyctalus leisleri,0.008,0.024,-1,Echolocation,/mnt/ubna_data_02_mir/recover-20221013/UBNA_001/20221012_030000.WAV,Telephone Field,recover-20221013,001,1795
1070.6575,1070.698,68437,82097,Rhinolophus ferrumequinum,0.022,0.022,-1,Echolocation,/mnt/ubna_data_02_mir/recover-20221013/UBNA_001/20221012_030000.WAV,Telephone Field,recover-20221013,001,1795
1070.6615,1070.6753,23750,27791,Nyctalus leisleri,0.031,0.051,-1,Echolocation,/mnt/ubna_data_02_mir/recover-20221013/UBNA_001/20221012_030000.WAV,Telephone Field,recover-20221013,001,1795
1070.6925,1070.7305,68437,82146,Rhinolophus ferrumequinum,0.021,0.021,-1,Echolocation,/mnt/ubna_data_02_mir/recover-20221013/UBNA_001/20221012_030000.WAV,Telephone Field,recover-20221013,001,1795
1070.7465,1070.7547,28046,36132,Eptesicus serotinus,0.011,0.027,-1,Echolocation,/mnt/ubna_data_02_mir/recover-20221013/UBNA_001/20221012_030000.WAV,Telephone Field,recover-20221013,001,1795
1070.7655,1070.7991,68437,80721,Rhinolophus ferrumequinum,0.021,0.022,-1,Echolocation,/mnt/ubna_data_02_mir/recover-20221013/UBNA_001/20221012_030000.WAV,Telephone Field,recover-20221013,001,1795
1070.7925,1070.8281,68437,80741,Rhinolophus ferrumequinum,0.025,0.025,-1,Echolocation,/mnt/ubna_data_02_mir/recover-20221013/UBNA_001/20221012_030000.WAV,Telephone Field,recover-20221013,001,1795
1070.8175,1070.8286,25468,31799,Eptesicus serotinus,0.01,0.023,-1,Echolocation,/mnt/ubna_data_02_mir/recover-20221013/UBNA_001/20221012_030000.WAV,Telephone Field,recover-20221013,001,1795
1070.8285,1070.8686,68437,82331,Rhinolophus ferrumequinum,0.023,0.023,-1,Echolocation,/mnt/ubna_data_02_mir/recover-20221013/UBNA_001/20221012_030000.WAV,Telephone Field,recover-20221013,001,1795
1070.8405,1070.8722,68437,80832,Rhinolophus ferrumequinum,0.021,0.021,-1,Echolocation,/mnt/ubna_data_02_mir/recover-20221013/UBNA_001/20221012_030000.WAV,Telephone Field,recover-20221013,001,1795
1070.8535,1070.8611,23750,31986,Plecotus austriacus,0.008,0.021,-1,Echolocation,/mnt/ubna_data_02_mir/recover-20221013/UBNA_001/20221012_030000.WAV,Telephone Field,recover-20221013,001,1795
1070.8885,1070.9277,68437,82286,Rhinolophus ferrumequinum,0.023,0.023,-1,Echolocation,/mnt/ubna_data_02_mir/recover-20221013/UBNA_001/20221012_030000.WAV,Telephone Field,recover-20221013,001,1795
1070.9065,1070.9215,22031,26888,Nyctalus leisleri,0.023,0.051,-1,Echolocation,/mnt/ubna_data_02_mir/recover-20221013/UBNA_001/20221012_030000.WAV,Telephone Field,recover-20221013,001,1795
1070.9155,1070.9226,28906,38398,Eptesicus serotinus,0.006,0.021,-1,Echolocation,/mnt/ubna_data_02_mir/recover-20221013/UBNA_001/20221012_030000.WAV,Telephone Field,recover-20221013,001,1795
1070.9725,1071.0133,68437,82278,Rhinolophus ferrumequinum,0.021,0.021,-1,Echolocation,/mnt/ubna_data_02_mir/recover-20221013/UBNA_001/20221012_030000.WAV,Telephone Field,recover-20221013,001,1795
1070.9785,1070.9886,24609,31657,Eptesicus serotinus,0.008,0.023,-1,Echolocation,/mnt/ubna_data_02_mir/recover-20221013/UBNA_001/20221012_030000.WAV,Telephone Field,recover-20221013,001,1795
1071.0185,1071.0233,50390,55956,Pipistrellus pipistrellus,0.017,0.021,-1,Echolocation,/mnt/ubna_data_02_mir/recover-20221013/UBNA_001/20221012_030000.WAV,Telephone Field,recover-20221013,001,1795
1071.0195,1071.0572,68437,81715,Rhinolophus ferrumequinum,0.021,0.021,-1,Echolocation,/mnt/ubna_data_02_mir/recover-20221013/UBNA_001/20221012_030000.WAV,Telephone Field,recover-20221013,001,1795
1071.0555,1071.0644,28906,39766,Eptesicus serotinus,0.008,0.022,-1,Echolocation,/mnt/ubna_data_02_mir/recover-20221013/UBNA_001/20221012_030000.WAV,Telephone Field,recover-20221013,001,1795
1071.0675,1071.1047,68437,82033,Rhinolophus ferrumequinum,0.021,0.021,-1,Echolocation,/mnt/ubna_data_02_mir/recover-20221013/UBNA_001/20221012_030000.WAV,Telephone Field,recover-20221013,001,1795
1071.0685,1071.077,34921,41095,Barbastellus barbastellus,0.01,0.022,-1,Echolocation,/mnt/ubna_data_02_mir/recover-20221013/UBNA_001/20221012_030000.WAV,Telephone Field,recover-20221013,001,1795
1071.0685,1071.0768,27187,39473,Eptesicus serotinus,0.008,0.021,-1,Echolocation,/mnt/ubna_data_02_mir/recover-20221013/UBNA_001/20221012_030000.WAV,Telephone Field,recover-20221013,001,1795
1071.0965,1071.1075,26328,32665,Eptesicus serotinus,0.01,0.022,-1,Echolocation,/mnt/ubna_data_02_mir/recover-20221013/UBNA_001/20221012_030000.WAV,Telephone Field,recover-20221013,001,1795
1071.1215,1071.128,28046,41386,Eptesicus serotinus,0.006,0.026,-1,Echolocation,/mnt/ubna_data_02_mir/recover-20221013/UBNA_001/20221012_030000.WAV,Telephone Field,recover-20221013,001,1795
1071.1435,1071.181,68437,81799,Rhinolophus ferrumequinum,0.021,0.021,-1,Echolocation,/mnt/ubna_data_02_mir/recover-20221013/UBNA_001/20221012_030000.WAV,Telephone Field,recover-20221013,001,1795
1071.1585,1071.166,34921,42753,Myotis daubentonii,0.007,0.021,-1,Echolocation,/mnt/ubna_data_02_mir/recover-20221013/UBNA_001/20221012_030000.WAV,Telephone Field,recover-20221013,001,1795
1071.1615,1071.1704,28046,36792,Eptesicus serotinus,0.008,0.022,-1,Echolocation,/mnt/ubna_data_02_mir/recover-20221013/UBNA_001/20221012_030000.WAV,Telephone Field,recover-20221013,001,1795
1071.1875,1071.1958,27187,39336,Eptesicus serotinus,0.008,0.022,-1,Echolocation,/mnt/ubna_data_02_mir/recover-20221013/UBNA_001/20221012_030000.WAV,Telephone Field,recover-20221013,001,1795
1071.1935,1071.2335,68437,82225,Rhinolophus ferrumequinum,0.022,0.022,-1,Echolocation,/mnt/ubna_data_02_mir/recover-20221013/UBNA_001/20221012_030000.WAV,Telephone Field,recover-20221013,001,1795
1071.2275,1071.2632,68437,81111,Rhinolophus ferrumequinum,0.022,0.022,-1,Echolocation,/mnt/ubna_data_02_mir/recover-20221013/UBNA_001/20221012_030000.WAV,Telephone Field,recover-20221013,001,1795
1071.2615,1071.2689,27187,37358,Eptesicus serotinus,0.008,0.025,-1,Echolocation,/mnt/ubna_data_02_mir/recover-20221013/UBNA_001/20221012_030000.WAV,Telephone Field,recover-20221013,001,1795
1071.2755,1071.314,68437,82271,Rhinolophus ferrumequinum,0.021,0.021,-1,Echolocation,/mnt/ubna_data_02_mir/recover-20221013/UBNA_001/20221012_030000.WAV,Telephone Field,recover-20221013,001,1795
1071.2855,1071.2971,24609,31165,Nyctalus leisleri,0.012,0.028,-1,Echolocation,/mnt/ubna_data_02_mir/recover-20221013/UBNA_001/20221012_030000.WAV,Telephone Field,recover-20221013,001,1795
1071.3015,1071.3404,68437,81937,Rhinolophus ferrumequinum,0.023,0.023,-1,Echolocation,/mnt/ubna_data_02_mir/recover-20221013/UBNA_001/20221012_030000.WAV,Telephone Field,recover-20221013,001,1795
1071.3035,1071.3113,28046,39555,Eptesicus serotinus,0.011,0.027,-1,Echolocation,/mnt/ubna_data_02_mir/recover-20221013/UBNA_001/20221012_030000.WAV,Telephone Field,recover-20221013,001,1795
1071.3625,1071.3708,27187,39077,Eptesicus serotinus,0.009,0.023,-1,Echolocation,/mnt/ubna_data_02_mir/recover-20221013/UBNA_001/20221012_030000.WAV,Telephone Field,recover-20221013,001,1795
1071.3985,1071.4081,28046,36121,Eptesicus serotinus,0.009,0.023,-1,Echolocation,/mnt/ubna_data_02_mir/recover-20221013/UBNA_001/20221012_030000.WAV,Telephone Field,recover-20221013,001,1795
1071.4805,1071.5216,68437,81728,Rhinolophus ferrumequinum,0.022,0.022,-1,Echolocation,/mnt/ubna_data_02_mir/recover-20221013/UBNA_001/20221012_030000.WAV,Telephone Field,recover-20221013,001,1795
1071.5095,1071.5507,68437,82618,Rhinolophus ferrumequinum,0.023,0.023,-1,Echolocation,/mnt/ubna_data_02_mir/recover-20221013/UBNA_001/20221012_030000.WAV,Telephone Field,recover-20221013,001,1795
1071.5355,1071.5473,26328,32392,Eptesicus serotinus,0.015,0.037,-1,Echolocation,/mnt/ubna_data_02_mir/recover-20221013/UBNA_001/20221012_030000.WAV,Telephone Field,recover-20221013,001,1795
1071.5835,1071.6201,68437,81196,Rhinolophus ferrumequinum,0.027,0.028,-1,Echolocation,/mnt/ubna_data_02_mir/recover-20221013/UBNA_001/20221012_030000.WAV,Telephone Field,recover-20221013,001,1795
1071.6025,1071.6404,68437,81998,Rhinolophus ferrumequinum,0.021,0.021,-1,Echolocation,/mnt/ubna_data_02_mir/recover-20221013/UBNA_001/20221012_030000.WAV,Telephone Field,recover-20221013,001,1795
1071.6655,1071.7041,68437,82161,Rhinolophus ferrumequinum,0.029,0.029,-1,Echolocation,/mnt/ubna_data_02_mir/recover-20221013/UBNA_001/20221012_030000.WAV,Telephone Field,recover-20221013,001,1795
1071.6955,1071.7355,68437,82606,Rhinolophus ferrumequinum,0.021,0.021,-1,Echolocation,/mnt/ubna_data_02_mir/recover-20221013/UBNA_001/20221012_030000.WAV,Telephone Field,recover-20221013,001,1795
1071.6955,1071.7037,24609,32572,Plecotus austriacus,0.006,0.021,-1,Echolocation,/mnt/ubna_data_02_mir/recover-20221013/UBNA_001/20221012_030000.WAV,Telephone Field,recover-20221013,001,1795
1071.7285,1071.7355,26328,41724,Eptesicus serotinus,0.006,0.021,-1,Echolocation,/mnt/ubna_data_02_mir/recover-20221013/UBNA_001/20221012_030000.WAV,Telephone Field,recover-20221013,001,1795
1071.7455,1071.7813,68437,81412,Rhinolophus ferrumequinum,0.021,0.021,-1,Echolocation,/mnt/ubna_data_02_mir/recover-20221013/UBNA_001/20221012_030000.WAV,Telephone Field,recover-20221013,001,1795
1071.7595,1071.768,28906,38977,Eptesicus serotinus,0.009,0.024,-1,Echolocation,/mnt/ubna_data_02_mir/recover-20221013/UBNA_001/20221012_030000.WAV,Telephone Field,recover-20221013,001,1795
1071.7845,1071.8245,68437,81993,Rhinolophus ferrumequinum,0.021,0.021,-1,Echolocation,/mnt/ubna_data_02_mir/recover-20221013/UBNA_001/20221012_030000.WAV,Telephone Field,recover-20221013,001,1795
1071.8315,1071.8705,68437,82383,Rhinolophus ferrumequinum,0.021,0.021,-1,Echolocation,/mnt/ubna_data_02_mir/recover-20221013/UBNA_001/20221012_030000.WAV,Telephone Field,recover-20221013,001,1795
1071.9245,1071.9338,28046,40726,Eptesicus serotinus,0.009,0.022,-1,Echolocation,/mnt/ubna_data_02_mir/recover-20221013/UBNA_001/20221012_030000.WAV,Telephone Field,recover-20221013,001,1795
1071.9435,1071.9506,28046,39051,Eptesicus serotinus,0.006,0.022,-1,Echolocation,/mnt/ubna_data_02_mir/recover-20221013/UBNA_001/20221012_030000.WAV,Telephone Field,recover-20221013,001,1795
1071.9575,1071.9942,68437,81668,Rhinolophus ferrumequinum,0.021,0.021,-1,Echolocation,/mnt/ubna_data_02_mir/recover-20221013/UBNA_001/20221012_030000.WAV,Telephone Field,recover-20221013,001,1795
1071.9715,1071.9825,23750,28392,Nyctalus leisleri,0.01,0.021,-1,Echolocation,/mnt/ubna_data_02_mir/recover-20221013/UBNA_001/20221012_030000.WAV,Telephone Field,recover-20221013,001,1795
1072.0015,1072.0177,59843,66894,Pipistrellus pygmaeus,0.019,0.021,-1,Echolocation,/mnt/ubna_data_02_mir/recover-20221013/UBNA_001/20221012_030000.WAV,Telephone Field,recover-20221013,001,1795
1072.0015,1072.0126,16875,22886,Nyctalus noctula,0.01,0.025,-1,Echolocation,/mnt/ubna_data_02_mir/recover-20221013/UBNA_001/20221012_030000.WAV,Telephone Field,recover-20221013,001,1795
1072.0015,1072.0107,28906,37396,Eptesicus serotinus,0.007,0.025,-1,Echolocation,/mnt/ubna_data_02_mir/recover-20221013/UBNA_001/20221012_030000.WAV,Telephone Field,recover-20221013,001,1795
1072.0015,1072.0345,68437,79841,Rhinolophus ferrumequinum,0.037,0.037,-1,Echolocation,/mnt/ubna_data_02_mir/recover-20221013/UBNA_001/20221012_030000.WAV,Telephone Field,recover-20221013,001,1795
1072.0015,1072.0111,47812,54148,Pipistrellus pipistrellus,0.021,0.028,-1,Echolocation,/mnt/ubna_data_02_mir/recover-20221013/UBNA_001/20221012_030000.WAV,Telephone Field,recover-20221013,001,1795
1072.0795,1072.117,68437,82076,Rhinolophus ferrumequinum,0.022,0.022,-1,Echolocation,/mnt/ubna_data_02_mir/recover-20221013/UBNA_001/20221012_030000.WAV,Telephone Field,recover-20221013,001,1795
1072.0845,1072.0954,22890,27233,Nyctalus leisleri,0.012,0.022,-1,Echolocation,/mnt/ubna_data_02_mir/recover-20221013/UBNA_001/20221012_030000.WAV,Telephone Field,recover-20221013,001,1795
1072.1105,1072.1452,68437,81663,Rhinolophus ferrumequinum,0.021,0.021,-1,Echolocation,/mnt/ubna_data_02_mir/recover-20221013/UBNA_001/20221012_030000.WAV,Telephone Field,recover-20221013,001,1795
1072.1815,1072.2191,68437,81873,Rhinolophus ferrumequinum,0.021,0.021,-1,Echolocation,/mnt/ubna_data_02_mir/recover-20221013/UBNA_001/20221012_030000.WAV,Telephone Field,recover-20221013,001,1795
1072.2065,1072.2204,34921,39751,Pipistrellus nathusii,0.015,0.028,-1,Echolocation,/mnt/ubna_data_02_mir/recover-20221013/UBNA_001/20221012_030000.WAV,Telephone Field,recover-20221013,001,1795
1072.2105,1072.2493,68437,81999,Rhinolophus ferrumequinum,0.022,0.022,-1,Echolocation,/mnt/ubna_data_02_mir/recover-20221013/UBNA_001/20221012_030000.WAV,Telephone Field,recover-20221013,001,1795
1072.2315,1072.2397,26328,34885,Eptesicus serotinus,0.008,0.022,-1,Echolocation,/mnt/ubna_data_02_mir/recover-20221013/UBNA_001/20221012_030000.WAV,Telephone Field,recover-20221013,001,1795
1072.2495,1072.2569,28906,37525,Eptesicus serotinus,0.01,0.027,-1,Echolocation,/mnt/ubna_data_02_mir/recover-20221013/UBNA_001/20221012_030000.WAV,Telephone Field,recover-20221013,001,1795
1072.2635,1072.2723,46953,52621,Pipistrellus pipistrellus,0.034,0.036,-1,Echolocation,/mnt/ubna_data_02_mir/recover-20221013/UBNA_001/20221012_030000.WAV,Telephone Field,recover-20221013,001,1795
1072.2905,1072.3306,68437,82454,Rhinolophus ferrumequinum,0.021,0.021,-1,Echolocation,/mnt/ubna_data_02_mir/recover-20221013/UBNA_001/20221012_030000.WAV,Telephone Field,recover-20221013,001,1795
1072.3405,1072.3515,55546,62607,Pipistrellus pygmaeus,0.018,0.021,-1,Echolocation,/mnt/ubna_data_02_mir/recover-20221013/UBNA_001/20221012_030000.WAV,Telephone Field,recover-20221013,001,1795
1072.3415,1072.3813,68437,82627,Rhinolophus ferrumequinum,0.021,0.021,-1,Echolocation,/mnt/ubna_data_02_mir/recover-20221013/UBNA_001/20221012_030000.WAV,Telephone Field,recover-20221013,001,1795
1072.3965,1072.437,68437,82152,Rhinolophus ferrumequinum,0.031,0.031,-1,Echolocation,/mnt/ubna_data_02_mir/recover-20221013/UBNA_001/20221012_030000.WAV,Telephone Field,recover-20221013,001,1795
1072.4085,1072.4163,28046,38491,Eptesicus serotinus,0.008,0.021,-1,Echolocation,/mnt/ubna_data_02_mir/recover-20221013/UBNA_001/20221012_030000.WAV,Telephone Field,recover-20221013,001,1795
1072.4385,1072.4773,68437,82535,Rhinolophus ferrumequinum,0.023,0.023,-1,Echolocation,/mnt/ubna_data_02_mir/recover-20221013/UBNA_001/20221012_030000.WAV,Telephone Field,recover-20221013,001,1795
1072.4655,1072.4742,26328,34608,Eptesicus serotinus,0.007,0.021,-1,Echolocation,/mnt/ubna_data_02_mir/recover-20221013/UBNA_001/20221012_030000.WAV,Telephone Field,recover-20221013,001,1795
1072.4745,1072.5128,68437,82127,Rhinolophus ferrumequinum,0.027,0.027,-1,Echolocation,/mnt/ubna_data_02_mir/recover-20221013/UBNA_001/20221012_030000.WAV,Telephone Field,recover-20221013,001,1795
1072.4755,1072.4821,38359,55690,Myotis brandtii,0.006,0.021,-1,Echolocation,/mnt/ubna_data_02_mir/recover-20221013/UBNA_001/20221012_030000.WAV,Telephone Field,recover-20221013,001,1795
1072.4805,1072.4912,23750,29847,Nyctalus leisleri,0.009,0.023,-1,Echolocation,/mnt/ubna_data_02_mir/recover-20221013/UBNA_001/20221012_030000.WAV,Telephone Field,recover-20221013,001,1795
1072.4855,1072.5223,68437,81290,Rhinolophus ferrumequinum,0.021,0.021,-1,Echolocation,/mnt/ubna_data_02_mir/recover-20221013/UBNA_001/20221012_030000.WAV,Telephone Field,recover-20221013,001,1795
1072.4905,1072.5022,23750,29018,Nyctalus leisleri,0.01,0.024,-1,Echolocation,/mnt/ubna_data_02_mir/recover-20221013/UBNA_001/20221012_030000.WAV,Telephone Field,recover-20221013,001,1795
1072.4925,1072.5317,68437,82452,Rhinolophus ferrumequinum,0.023,0.023,-1,Echolocation,/mnt/ubna_data_02_mir/recover-20221013/UBNA_001/20221012_030000.WAV,Telephone Field,recover-20221013,001,1795
1072.5175,1072.5272,26328,33525,Eptesicus serotinus,0.012,0.027,-1,Echolocation,/mnt/ubna_data_02_mir/recover-20221013/UBNA_001/20221012_030000.WAV,Telephone Field,recover-20221013,001,1795
1072.6175,1072.653,68437,81538,Rhinolophus ferrumequinum,0.021,0.021,-1,Echolocation,/mnt/ubna_data_02_mir/recover-20221013/UBNA_001/20221012_030000.WAV,Telephone Field,recover-20221013,001,1795
1072.6315,1072.6722,68437,82430,Rhinolophus ferrumequinum,0.026,0.026,-1,Echolocation,/mnt/ubna_data_02_mir/recover-20221013/UBNA_001/20221012_030000.WAV,Telephone Field,recover-20221013,001,1795
1072.6325,1072.6433,22031,27169,Nyctalus leisleri,0.011,0.025,-1,Echolocation,/mnt/ubna_data_02_mir/recover-20221013/UBNA_001/20221012_030000.WAV,Telephone Field,recover-20221013,001,1795
1072.6355,1072.6446,43515,47599,Pipistrellus pipistrellus,0.021,0.025,-1,Echolocation,/mnt/ubna_data_02_mir/recover-20221013/UBNA_001/20221012_030000.WAV,Telephone Field,recover-20221013,001,1795
1072.6515,1072.6904,68437,82251,Rhinolophus ferrumequinum,0.023,0.023,-1,Echolocation,/mnt/ubna_data_02_mir/recover-20221013/UBNA_001/20221012_030000.WAV,Telephone Field,recover-20221013,001,1795
1072.7325,1072.7458,22890,27201,Nyctalus leisleri,0.013,0.023,-1,Echolocation,/mnt/ubna_data_02_mir/recover-20221013/UBNA_001/20221012_030000.WAV,Telephone Field,recover-20221013,001,1795
1072.7495,1072.7883,68437,82219,Rhinolophus ferrumequinum,0.041,0.041,-1,Echolocation,/mnt/ubna_data_02_mir/recover-20221013/UBNA_001/20221012_030000.WAV,Telephone Field,recover-20221013,001,1795
1072.7595,1072.7664,28046,40595,Eptesicus serotinus,0.007,0.026,-1,Echolocation,/mnt/ubna_data_02_mir/recover-20221013/UBNA_001/20221012_030000.WAV,Telephone Field,recover-20221013,001,1795
1072.7705,1072.8089,68437,81898,Rhinolophus ferrumequinum,0.022,0.022,-1,Echolocation,/mnt/ubna_data_02_mir/recover-20221013/UBNA_001/20221012_030000.WAV,Telephone Field,recover-20221013,001,1795
1072.7865,1072.8252,68437,82660,Rhinolophus ferrumequinum,0.022,0.022,-1,Echolocation,/mnt/ubna_data_02_mir/recover-20221013/UBNA_001/20221012_030000.WAV,Telephone Field,recover-20221013,001,1795
1072.8465,1072.8555,25468,32837,Eptesicus serotinus,0.007,0.025,-1,Echolocation,/mnt/ubna_data_02_mir/recover-20221013/UBNA_001/20221012_030000.WAV,Telephone Field,recover-20221013,001,1795
1072.8845,1072.9247,68437,82289,Rhinolophus ferrumequinum,0.024,0.024,-1,Echolocation,/mnt/ubna_data_02_mir/recover-20221013/UBNA_001/20221012_030000.WAV,Telephone Field,recover-20221013,001,1795
1072.8855,1072.8934,26328,34775,Eptesicus serotinus,0.007,0.021,-1,Echolocation,/mnt/ubna_data_02_mir/recover-20221013/UBNA_001/20221012_030000.WAV,Telephone Field,recover-20221013,001,1795
1072.9615,1072.9736,22890,28209,Nyctalus leisleri,0.017,0.039,-1,Echolocation,/mnt/ubna_data_02_mir/recover-20221013/UBNA_001/20221012_030000.WAV,Telephone Field,recover-20221013,001,1795
1072.9635,1073.0048,68437,82715,Rhinolophus ferrumequinum,0.023,0.023,-1,Echolocation,/mnt/ubna_data_02_mir/recover-20221013/UBNA_001/20221012_030000.WAV,Telephone Field,recover-20221013,001,1795
1072.9745,1073.0096,68437,81696,Rhinolophus ferrumequinum,0.021,0.021,-1,Echolocation,/mnt/ubna_data_02_mir/recover-20221013/UBNA_001/20221012_030000.WAV,Telephone Field,recover-20221013,001,1795
1072.9815,1072.9922,23750,29822,Nyctalus leisleri,0.01,0.03,-1,Echolocation,/mnt/ubna_data_02_mir/recover-20221013/UBNA_001/20221012_030000.WAV,Telephone Field,recover-20221013,001,1795
1073.0525,1073.091,68437,82484,Rhinolophus ferrumequinum,0.021,0.021,-1,Echolocation,/mnt/ubna_data_02_mir/recover-20221013/UBNA_001/20221012_030000.WAV,Telephone Field,recover-20221013,001,1795
1073.0605,1073.0982,68437,81837,Rhinolophus ferrumequinum,0.021,0.021,-1,Echolocation,/mnt/ubna_data_02_mir/recover-20221013/UBNA_001/20221012_030000.WAV,Telephone Field,recover-20221013,001,1795
1073.1145,1073.1232,28906,36992,Eptesicus serotinus,0.01,0.024,-1,Echolocation,/mnt/ubna_data_02_mir/recover-20221013/UBNA_001/20221012_030000.WAV,Telephone Field,recover-20221013,001,1795
1073.1795,1073.1881,23750,30712,Plecotus austriacus,0.007,0.022,-1,Echolocation,/mnt/ubna_data_02_mir/recover-20221013/UBNA_001/20221012_030000.WAV,Telephone Field,recover-20221013,001,1795
1073.1835,1073.2222,68437,82247,Rhinolophus ferrumequinum,0.021,0.021,-1,Echolocation,/mnt/ubna_data_02_mir/recover-20221013/UBNA_001/20221012_030000.WAV,Telephone Field,recover-20221013,001,1795
1073.2085,1073.2167,24609,32131,Plecotus austriacus,0.007,0.021,-1,Echolocation,/mnt/ubna_data_02_mir/recover-20221013/UBNA_001/20221012_030000.WAV,Telephone Field,recover-20221013,001,1795
1073.2625,1073.2703,28046,38304,Eptesicus serotinus,0.011,0.026,-1,Echolocation,/mnt/ubna_data_02_mir/recover-20221013/UBNA_001/20221012_030000.WAV,Telephone Field,recover-20221013,001,1795
1073.2845,1073.2932,28906,40400,Eptesicus serotinus,0.01,0.025,-1,Echolocation,/mnt/ubna_data_02_mir/recover-20221013/UBNA_001/20221012_030000.WAV,Telephone Field,recover-20221013,001,1795
1073.3015,1073.341,68437,82349,Rhinolophus ferrumequinum,0.02,0.02,-1,Echolocation,/mnt/ubna_data_02_mir/recover-20221013/UBNA_001/20221012_030000.WAV,Telephone Field,recover-20221013,001,1795
1073.3505,1073.3902,68437,83179,Rhinolophus ferrumequinum,0.024,0.024,-1,Echolocation,/mnt/ubna_data_02_mir/recover-20221013/UBNA_001/20221012_030000.WAV,Telephone Field,recover-20221013,001,1795
1073.3795,1073.3914,24609,30842,Nyctalus leisleri,0.011,0.029,-1,Echolocation,/mnt/ubna_data_02_mir/recover-20221013/UBNA_001/20221012_030000.WAV,Telephone Field,recover-20221013,001,1795
1073.3935,1073.4359,68437,82566,Rhinolophus ferrumequinum,0.022,0.022,-1,Echolocation,/mnt/ubna_data_02_mir/recover-20221013/UBNA_001/20221012_030000.WAV,Telephone Field,recover-20221013,001,1795
1073.4225,1073.4616,68437,82091,Rhinolophus ferrumequinum,0.022,0.022,-1,Echolocation,/mnt/ubna_data_02_mir/recover-20221013/UBNA_001/20221012_030000.WAV,Telephone Field,recover-20221013,001,1795
1073.4335,1073.4424,26328,33482,Eptesicus serotinus,0.009,0.024,-1,Echolocation,/mnt/ubna_data_02_mir/recover-20221013/UBNA_001/20221012_030000.WAV,Telephone Field,recover-20221013,001,1795
1073.4535,1073.4939,68437,82819,Rhinolophus ferrumequinum,0.033,0.033,-1,Echolocation,/mnt/ubna_data_02_mir/recover-20221013/UBNA_001/20221012_030000.WAV,Telephone Field,recover-20221013,001,1795
1073.4825,1073.4966,15156,20126,Nyctalus noctula,0.024,0.037,-1,Echolocation,/mnt/ubna_data_02_mir/recover-20221013/UBNA_001/20221012_030000.WAV,Telephone Field,recover-20221013,001,1795
1073.4995,1073.5403,68437,82183,Rhinolophus ferrumequinum,0.021,0.022,-1,Echolocation,/mnt/ubna_data_02_mir/recover-20221013/UBNA_001/20221012_030000.WAV,Telephone Field,recover-20221013,001,1795
1073.5035,1073.511,27187,41721,Eptesicus serotinus,0.007,0.022,-1,Echolocation,/mnt/ubna_data_02_mir/recover-20221013/UBNA_001/20221012_030000.WAV,Telephone Field,recover-20221013,001,1795
1073.5195,1073.5284,28046,41151,Eptesicus serotinus,0.008,0.022,-1,Echolocation,/mnt/ubna_data_02_mir/recover-20221013/UBNA_001/20221012_030000.WAV,Telephone Field,recover-20221013,001,1795
1073.5415,1073.58,68437,82407,Rhinolophus ferrumequinum,0.024,0.024,-1,Echolocation,/mnt/ubna_data_02_mir/recover-20221013/UBNA_001/20221012_030000.WAV,Telephone Field,recover-20221013,001,1795
1073.5675,1073.6081,68437,83168,Rhinolophus ferrumequinum,0.031,0.031,-1,Echolocation,/mnt/ubna_data_02_mir/recover-20221013/UBNA_001/20221012_030000.WAV,Telephone Field,recover-20221013,001,1795
1073.5785,1073.5892,22890,27301,Nyctalus leisleri,0.012,0.023,-1,Echolocation,/mnt/ubna_data_02_mir/recover-20221013/UBNA_001/20221012_030000.WAV,Telephone Field,recover-20221013,001,1795
1073.6085,1073.6498,68437,82553,Rhinolophus ferrumequinum,0.021,0.021,-1,Echolocation,/mnt/ubna_data_02_mir/recover-20221013/UBNA_001/20221012_030000.WAV,Telephone Field,recover-20221013,001,1795
1073.6455,1073.6549,22890,30074,Plecotus austriacus,0.008,0.025,-1,Echolocation,/mnt/ubna_data_02_mir/recover-20221013/UBNA_001/20221012_030000.WAV,Telephone Field,recover-20221013,001,1795
1073.7145,1073.7228,26328,34504,Eptesicus serotinus,0.007,0.021,-1,Echolocation,/mnt/ubna_data_02_mir/recover-20221013/UBNA_001/20221012_030000.WAV,Telephone Field,recover-20221013,001,1795
1073.7595,1073.7714,35781,40633,Pipistrellus nathusii,0.016,0.049,-1,Echolocation,/mnt/ubna_data_02_mir/recover-20221013/UBNA_001/20221012_030000.WAV,Telephone Field,recover-20221013,001,1795
1073.7625,1073.8019,68437,82944,Rhinolophus ferrumequinum,0.025,0.025,-1,Echolocation,/mnt/ubna_data_02_mir/recover-20221013/UBNA_001/20221012_030000.WAV,Telephone Field,recover-20221013,001,1795
1073.7825,1073.8199,68437,82204,Rhinolophus ferrumequinum,0.022,0.022,-1,Echolocation,/mnt/ubna_data_02_mir/recover-20221013/UBNA_001/20221012_030000.WAV,Telephone Field,recover-20221013,001,1795
1073.7875,1073.8243,68437,81916,Rhinolophus ferrumequinum,0.022,0.022,-1,Echolocation,/mnt/ubna_data_02_mir/recover-20221013/UBNA_001/20221012_030000.WAV,Telephone Field,recover-20221013,001,1795
1073.8215,1073.8617,68437,82492,Rhinolophus ferrumequinum,0.033,0.033,-1,Echolocation,/mnt/ubna_data_02_mir/recover-20221013/UBNA_001/20221012_030000.WAV,Telephone Field,recover-20221013,001,1795
1073.8225,1073.833,22890,28372,Nyctalus leisleri,0.01,0.024,-1,Echolocation,/mnt/ubna_data_02_mir/recover-20221013/UBNA_001/20221012_030000.WAV,Telephone Field,recover-20221013,001,1795
1073.8475,1073.8851,68437,81270,Rhinolophus ferrumequinum,0.021,0.021,-1,Echolocation,/mnt/ubna_data_02_mir/recover-20221013/UBNA_001/20221012_030000.WAV,Telephone Field,recover-20221013,001,1795
1073.8535,1073.8608,25468,35269,Plecotus austriacus,0.006,0.023,-1,Echolocation,/mnt/ubna_data_02_mir/recover-20221013/UBNA_001/20221012_030000.WAV,Telephone Field,recover-20221013,001,1795
1073.8705,1073.882,28046,33833,Eptesicus serotinus,0.011,0.023,-1,Echolocation,/mnt/ubna_data_02_mir/recover-20221013/UBNA_001/20221012_030000.WAV,Telephone Field,recover-20221013,001,1795
1073.8705,1073.9092,68437,82292,Rhinolophus ferrumequinum,0.033,0.033,-1,Echolocation,/mnt/ubna_data_02_mir/recover-20221013/UBNA_001/20221012_030000.WAV,Telephone Field,recover-20221013,001,1795
1073.8865,1073.8965,28046,36220,Eptesicus serotinus,0.011,0.023,-1,Echolocation,/mnt/ubna_data_02_mir/recover-20221013/UBNA_001/20221012_030000.WAV,Telephone Field,recover-20221013,001,1795
1073.8915,1073.9322,68437,82397,Rhinolophus ferrumequinum,0.022,0.022,-1,Echolocation,/mnt/ubna_data_02_mir/recover-20221013/UBNA_001/20221012_030000.WAV,Telephone Field,recover-20221013,001,1795
1073.9115,1073.9474,68437,81492,Rhinolophus ferrumequinum,0.021,0.021,-1,Echolocation,/mnt/ubna_data_02_mir/recover-20221013/UBNA_001/20221012_030000.WAV,Telephone Field,recover-20221013,001,1795
1073.9805,1073.9986,20312,23307,Nyctalus leisleri,0.017,0.028,-1,Echolocation,/mnt/ubna_data_02_mir/recover-20221013/UBNA_001/20221012_030000.WAV,Telephone Field,recover-20221013,001,1795
1074.0015,1074.0347,68437,80447,Rhinolophus ferrumequinum,0.035,0.035,-1,Echolocation,/mnt/ubna_data_02_mir/recover-20221013/UBNA_001/20221012_030000.WAV,Telephone Field,recover-20221013,001,1795
1074.0015,1074.0092,26328,37542,Nyctalus leisleri,0.006,0.025,-1,Echolocation,/mnt/ubna_data_02_mir/recover-20221013/UBNA_001/20221012_030000.WAV,Telephone Field,recover-20221013,001,1795
1074.0275,1074.0368,28046,38809,Eptesicus serotinus,0.008,0.023,-1,Echolocation,/mnt/ubna_data_02_mir/recover-20221013/UBNA_001/20221012_030000.WAV,Telephone Field,recover-20221013,001,1795
1074.0345,1074.0711000000001,68437,82204,Rhinolophus ferrumequinum,0.024,0.024,-1,Echolocation,/mnt/ubna_data_02_mir/recover-20221013/UBNA_001/20221012_030000.WAV,Telephone Field,recover-20221013,001,1795
1074.0365,1074.045,51250,55061,Pipistrellus pipistrellus,0.029,0.034,-1,Echolocation,/mnt/ubna_data_02_mir/recover-20221013/UBNA_001/20221012_030000.WAV,Telephone Field,recover-20221013,001,1795
1074.0645,1074.077,28906,33762,Eptesicus serotinus,0.017,0.032,-1,Echolocation,/mnt/ubna_data_02_mir/recover-20221013/UBNA_001/20221012_030000.WAV,Telephone Field,recover-20221013,001,1795
1074.0815,1074.0898,41796,53381,Pipistrellus nathusii,0.005,0.026,-1,Echolocation,/mnt/ubna_data_02_mir/recover-20221013/UBNA_001/20221012_030000.WAV,Telephone Field,recover-20221013,001,1795
1074.1035,1074.1117,27187,36538,Eptesicus serotinus,0.008,0.023,-1,Echolocation,/mnt/ubna_data_02_mir/recover-20221013/UBNA_001/20221012_030000.WAV,Telephone Field,recover-20221013,001,1795
1074.1135,1074.1542,68437,82405,Rhinolophus ferrumequinum,0.023,0.023,-1,Echolocation,/mnt/ubna_data_02_mir/recover-20221013/UBNA_001/20221012_030000.WAV,Telephone Field,recover-20221013,001,1795
1074.1325,1074.1689,68437,81829,Rhinolophus ferrumequinum,0.023,0.023,-1,Echolocation,/mnt/ubna_data_02_mir/recover-20221013/UBNA_001/20221012_030000.WAV,Telephone Field,recover-20221013,001,1795
1074.1635,1074.1711,23750,32892,Plecotus austriacus,0.011,0.027,-1,Echolocation,/mnt/ubna_data_02_mir/recover-20221013/UBNA_001/20221012_030000.WAV,Telephone Field,recover-20221013,001,1795
1074.1795,1074.2181,68437,81810,Rhinolophus ferrumequinum,0.024,0.024,-1,Echolocation,/mnt/ubna_data_02_mir/recover-20221013/UBNA_001/20221012_030000.WAV,Telephone Field,recover-20221013,001,1795
1074.1985,1074.2395,68437,82101,Rhinolophus ferrumequinum,0.021,0.021,-1,Echolocation,/mnt/ubna_data_02_mir/recover-20221013/UBNA_001/20221012_030000.WAV,Telephone Field,recover-20221013,001,1795
1074.2265,1074.2371,23750,29286,Nyctalus leisleri,0.01,0.025,-1,Echolocation,/mnt/ubna_data_02_mir/recover-20221013/UBNA_001/20221012_030000.WAV,Telephone Field,recover-20221013,001,1795
1074.2425,1074.255,14296,19699,Nyctalus noctula,0.029,0.044,-1,Echolocation,/mnt/ubna_data_02_mir/recover-20221013/UBNA_001/20221012_030000.WAV,Telephone Field,recover-20221013,001,1795
1074.2575,1074.2964,68437,81703,Rhinolophus ferrumequinum,0.021,0.021,-1,Echolocation,/mnt/ubna_data_02_mir/recover-20221013/UBNA_001/20221012_030000.WAV,Telephone Field,recover-20221013,001,1795
1074.2885,1074.3286,68437,82200,Rhinolophus ferrumequinum,0.021,0.021,-1,Echolocation,/mnt/ubna_data_02_mir/recover-20221013/UBNA_001/20221012_030000.WAV,Telephone Field,recover-20221013,001,1795
1074.2935,1074.3324,68437,82593,Rhinolophus ferrumequinum,0.021,0.021,-1,Echolocation,/mnt/ubna_data_02_mir/recover-20221013/UBNA_001/20221012_030000.WAV,Telephone Field,recover-20221013,001,1795
1074.3675,1074.3753,28046,39812,Eptesicus serotinus,0.007,0.022,-1,Echolocation,/mnt/ubna_data_02_mir/recover-20221013/UBNA_001/20221012_030000.WAV,Telephone Field,recover-20221013,001,1795
1074.3675,1074.4048,68437,82383,Rhinolophus ferrumequinum,0.024,0.024,-1,Echolocation,/mnt/ubna_data_02_mir/recover-20221013/UBNA_001/20221012_030000.WAV,Telephone Field,recover-20221013,001,1795
1074.3795,1074.4177,68437,82606,Rhinolophus ferrumequinum,0.021,0.022,-1,Echolocation,/mnt/ubna_data_02_mir/recover-20221013/UBNA_001/20221012_030000.WAV,Telephone Field,recover-20221013,001,1795
1074.4125,1074.4536,68437,82704,Rhinolophus ferrumequinum,0.023,0.023,-1,Echolocation,/mnt/ubna_data_02_mir/recover-20221013/UBNA_001/20221012_030000.WAV,Telephone Field,recover-20221013,001,1795
1074.4205,1074.4627,68437,82693,Rhinolophus ferrumequinum,0.024,0.024,-1,Echolocation,/mnt/ubna_data_02_mir/recover-20221013/UBNA_001/20221012_030000.WAV,Telephone Field,recover-20221013,001,1795
1074.4415,1074.4801,68437,82009,Rhinolophus ferrumequinum,0.021,0.021,-1,Echolocation,/mnt/ubna_data_02_mir/recover-20221013/UBNA_001/20221012_030000.WAV,Telephone Field,recover-20221013,001,1795
1074.4585,1074.4989,68437,81906,Rhinolophus ferrumequinum,0.021,0.021,-1,Echolocation,/mnt/ubna_data_02_mir/recover-20221013/UBNA_001/20221012_030000.WAV,Telephone Field,recover-20221013,001,1795
1074.4875,1074.4979,22890,28401,Nyctalus leisleri,0.01,0.026,-1,Echolocation,/mnt/ubna_data_02_mir/recover-20221013/UBNA_001/20221012_030000.WAV,Telephone Field,recover-20221013,001,1795
1074.4915,1074.5271,68437,81353,Rhinolophus ferrumequinum,0.021,0.021,-1,Echolocation,/mnt/ubna_data_02_mir/recover-20221013/UBNA_001/20221012_030000.WAV,Telephone Field,recover-20221013,001,1795
1074.5105,1074.5489,68437,82179,Rhinolophus ferrumequinum,0.021,0.021,-1,Echolocation,/mnt/ubna_data_02_mir/recover-20221013/UBNA_001/20221012_030000.WAV,Telephone Field,recover-20221013,001,1795
1074.5235,1074.561,68437,82400,Rhinolophus ferrumequinum,0.042,0.042,-1,Echolocation,/mnt/ubna_data_02_mir/recover-20221013/UBNA_001/20221012_030000.WAV,Telephone Field,recover-20221013,001,1795
1074.5465,1074.5844,68437,82044,Rhinolophus ferrumequinum,0.021,0.021,-1,Echolocation,/mnt/ubna_data_02_mir/recover-20221013/UBNA_001/20221012_030000.WAV,Telephone Field,recover-20221013,001,1795
1074.5605,1074.5977,68437,81234,Rhinolophus ferrumequinum,0.022,0.022,-1,Echolocation,/mnt/ubna_data_02_mir/recover-20221013/UBNA_001/20221012_030000.WAV,Telephone Field,recover-20221013,001,1795
1074.6115,1074.6544,68437,82674,Rhinolophus ferrumequinum,0.028,0.028,-1,Echolocation,/mnt/ubna_data_02_mir/recover-20221013/UBNA_001/20221012_030000.WAV,Telephone Field,recover-20221013,001,1795
1074.6355,1074.6484,22890,27527,Nyctalus leisleri,0.021,0.036,-1,Echolocation,/mnt/ubna_data_02_mir/recover-20221013/UBNA_001/20221012_030000.WAV,Telephone Field,recover-20221013,001,1795
1074.6405,1074.6788999999999,68437,82022,Rhinolophus ferrumequinum,0.024,0.024,-1,Echolocation,/mnt/ubna_data_02_mir/recover-20221013/UBNA_001/20221012_030000.WAV,Telephone Field,recover-20221013,001,1795
1074.6625,1074.6993,68437,81907,Rhinolophus ferrumequinum,0.025,0.025,-1,Echolocation,/mnt/ubna_data_02_mir/recover-20221013/UBNA_001/20221012_030000.WAV,Telephone Field,recover-20221013,001,1795
1074.6645,1074.6736,51250,61547,Pipistrellus pipistrellus,0.021,0.029,-1,Echolocation,/mnt/ubna_data_02_mir/recover-20221013/UBNA_001/20221012_030000.WAV,Telephone Field,recover-20221013,001,1795
1074.6865,1074.7244,68437,81616,Rhinolophus ferrumequinum,0.023,0.023,-1,Echolocation,/mnt/ubna_data_02_mir/recover-20221013/UBNA_001/20221012_030000.WAV,Telephone Field,recover-20221013,001,1795
1074.6865,1074.7052,20312,24877,Nyctalus noctula,0.024,0.048,-1,Echolocation,/mnt/ubna_data_02_mir/recover-20221013/UBNA_001/20221012_030000.WAV,Telephone Field,recover-20221013,001,1795
1074.7165,1074.7577,68437,83001,Rhinolophus ferrumequinum,0.023,0.023,-1,Echolocation,/mnt/ubna_data_02_mir/recover-20221013/UBNA_001/20221012_030000.WAV,Telephone Field,recover-20221013,001,1795
1074.7185,1074.7286,28906,36832,Eptesicus serotinus,0.012,0.027,-1,Echolocation,/mnt/ubna_data_02_mir/recover-20221013/UBNA_001/20221012_030000.WAV,Telephone Field,recover-20221013,001,1795
1074.7435,1074.7817,68437,81618,Rhinolophus ferrumequinum,0.024,0.024,-1,Echolocation,/mnt/ubna_data_02_mir/recover-20221013/UBNA_001/20221012_030000.WAV,Telephone Field,recover-20221013,001,1795
1074.7615,1074.7718,28906,37514,Eptesicus serotinus,0.009,0.021,-1,Echolocation,/mnt/ubna_data_02_mir/recover-20221013/UBNA_001/20221012_030000.WAV,Telephone Field,recover-20221013,001,1795
1074.7815,1074.8216,68437,82578,Rhinolophus ferrumequinum,0.024,0.024,-1,Echolocation,/mnt/ubna_data_02_mir/recover-20221013/UBNA_001/20221012_030000.WAV,Telephone Field,recover-20221013,001,1795
1074.8105,1074.8169,24609,38647,Plecotus austriacus,0.018,0.041,-1,Echolocation,/mnt/ubna_data_02_mir/recover-20221013/UBNA_001/20221012_030000.WAV,Telephone Field,recover-20221013,001,1795
1074.8465,1074.8888,68437,82465,Rhinolophus ferrumequinum,0.023,0.023,-1,Echolocation,/mnt/ubna_data_02_mir/recover-20221013/UBNA_001/20221012_030000.WAV,Telephone Field,recover-20221013,001,1795
1074.8515,1074.8586,28046,41155,Eptesicus serotinus,0.008,0.025,-1,Echolocation,/mnt/ubna_data_02_mir/recover-20221013/UBNA_001/20221012_030000.WAV,Telephone Field,recover-20221013,001,1795
1074.8695,1074.9109,68437,82381,Rhinolophus ferrumequinum,0.025,0.025,-1,Echolocation,/mnt/ubna_data_02_mir/recover-20221013/UBNA_001/20221012_030000.WAV,Telephone Field,recover-20221013,001,1795
1074.8755,1074.9119,68437,81482,Rhinolophus ferrumequinum,0.024,0.024,-1,Echolocation,/mnt/ubna_data_02_mir/recover-20221013/UBNA_001/20221012_030000.WAV,Telephone Field,recover-20221013,001,1795
1074.8945,1074.9015,28046,41248,Eptesicus serotinus,0.008,0.026,-1,Echolocation,/mnt/ubna_data_02_mir/recover-20221013/UBNA_001/20221012_030000.WAV,Telephone Field,recover-20221013,001,1795
1074.9405,1074.9513,22031,27035,Nyctalus leisleri,0.013,0.025,-1,Echolocation,/mnt/ubna_data_02_mir/recover-20221013/UBNA_001/20221012_030000.WAV,Telephone Field,recover-20221013,001,1795
1074.9425,1074.9827,68437,82214,Rhinolophus ferrumequinum,0.023,0.023,-1,Echolocation,/mnt/ubna_data_02_mir/recover-20221013/UBNA_001/20221012_030000.WAV,Telephone Field,recover-20221013,001,1795
1074.9695,1075.0099,68437,82649,Rhinolophus ferrumequinum,0.026,0.026,-1,Echolocation,/mnt/ubna_data_02_mir/recover-20221013/UBNA_001/20221012_030000.WAV,Telephone Field,recover-20221013,001,1795
1074.9865,1075.024,68437,82078,Rhinolophus ferrumequinum,0.031,0.031,-1,Echolocation,/mnt/ubna_data_02_mir/recover-20221013/UBNA_001/20221012_030000.WAV,Telephone Field,recover-20221013,001,1795
1075.0155,1075.0538,68437,81808,Rhinolophus ferrumequinum,0.021,0.022,-1,Echolocation,/mnt/ubna_data_02_mir/recover-20221013/UBNA_001/20221012_030000.WAV,Telephone Field,recover-20221013,001,1795
1075.0165,1075.0241,27187,36937,Eptesicus serotinus,0.007,0.021,-1,Echolocation,/mnt/ubna_data_02_mir/recover-20221013/UBNA_001/20221012_030000.WAV,Telephone Field,recover-20221013,001,1795
1075.0675,1075.1115,68437,82732,Rhinolophus ferrumequinum,0.054,0.054,-1,Echolocation,/mnt/ubna_data_02_mir/recover-20221013/UBNA_001/20221012_030000.WAV,Telephone Field,recover-20221013,001,1795
1075.0685,1075.0756,28046,39586,Eptesicus serotinus,0.006,0.021,-1,Echolocation,/mnt/ubna_data_02_mir/recover-20221013/UBNA_001/20221012_030000.WAV,Telephone Field,recover-20221013,001,1795
1075.1105,1075.1514,68437,82815,Rhinolophus ferrumequinum,0.021,0.021,-1,Echolocation,/mnt/ubna_data_02_mir/recover-20221013/UBNA_001/20221012_030000.WAV,Telephone Field,recover-20221013,001,1795
1075.1155,1075.1238,27187,37451,Eptesicus serotinus,0.008,0.022,-1,Echolocation,/mnt/ubna_data_02_mir/recover-20221013/UBNA_001/20221012_030000.WAV,Telephone Field,recover-20221013,001,1795
1075.1175,1075.1558,68437,82316,Rhinolophus ferrumequinum,0.021,0.021,-1,Echolocation,/mnt/ubna_data_02_mir/recover-20221013/UBNA_001/20221012_030000.WAV,Telephone Field,recover-20221013,001,1795
1075.1405,1075.1825,68437,83347,Rhinolophus ferrumequinum,0.024,0.024,-1,Echolocation,/mnt/ubna_data_02_mir/recover-20221013/UBNA_001/20221012_030000.WAV,Telephone Field,recover-20221013,001,1795
1075.1685,1075.2075,68437,81918,Rhinolophus ferrumequinum,0.022,0.022,-1,Echolocation,/mnt/ubna_data_02_mir/recover-20221013/UBNA_001/20221012_030000.WAV,Telephone Field,recover-20221013,001,1795
1075.1875,1075.2273,68437,82348,Rhinolophus ferrumequinum,0.022,0.022,-1,Echolocation,/mnt/ubna_data_02_mir/recover-20221013/UBNA_001/20221012_030000.WAV,Telephone Field,recover-20221013,001,1795
1075.2095,1075.2467,68437,81503,Rhinolophus ferrumequinum,0.022,0.022,-1,Echolocation,/mnt/ubna_data_02_mir/recover-20221013/UBNA_001/20221012_030000.WAV,Telephone Field,recover-20221013,001,1795
1075.2545,1075.2931,68437,82216,Rhinolophus ferrumequinum,0.022,0.022,-1,Echolocation,/mnt/ubna_data_02_mir/recover-20221013/UBNA_001/20221012_030000.WAV,Telephone Field,recover-20221013,001,1795
1075.2545,1075.2631,27187,39539,Eptesicus serotinus,0.008,0.021,-1,Echolocation,/mnt/ubna_data_02_mir/recover-20221013/UBNA_001/20221012_030000.WAV,Telephone Field,recover-20221013,001,1795
1075.2655,1075.304,68437,82617,Rhinolophus ferrumequinum,0.024,0.024,-1,Echolocation,/mnt/ubna_data_02_mir/recover-20221013/UBNA_001/20221012_030000.WAV,Telephone Field,recover-20221013,001,1795
1075.2765,1075.3159,68437,82691,Rhinolophus ferrumequinum,0.041,0.041,-1,Echolocation,/mnt/ubna_data_02_mir/recover-20221013/UBNA_001/20221012_030000.WAV,Telephone Field,recover-20221013,001,1795
1075.3425,1075.3519000000001,29765,41331,Eptesicus serotinus,0.01,0.028,-1,Echolocation,/mnt/ubna_data_02_mir/recover-20221013/UBNA_001/20221012_030000.WAV,Telephone Field,recover-20221013,001,1795
1075.3565,1075.3675,23750,29618,Nyctalus leisleri,0.013,0.028,-1,Echolocation,/mnt/ubna_data_02_mir/recover-20221013/UBNA_001/20221012_030000.WAV,Telephone Field,recover-20221013,001,1795
1075.3845,1075.4215,68437,81851,Rhinolophus ferrumequinum,0.021,0.021,-1,Echolocation,/mnt/ubna_data_02_mir/recover-20221013/UBNA_001/20221012_030000.WAV,Telephone Field,recover-20221013,001,1795
1075.3855,1075.3923,26328,38431,Eptesicus serotinus,0.005,0.022,-1,Echolocation,/mnt/ubna_data_02_mir/recover-20221013/UBNA_001/20221012_030000.WAV,Telephone Field,recover-20221013,001,1795
1075.3915,1075.3986,47812,53477,Pipistrellus pipistrellus,0.021,0.023,-1,Echolocation,/mnt/ubna_data_02_mir/recover-20221013/UBNA_001/20221012_030000.WAV,Telephone Field,recover-20221013,001,1795
1075.4445,1075.4533,28906,36699,Eptesicus serotinus,0.007,0.021,-1,Echolocation,/mnt/ubna_data_02_mir/recover-20221013/UBNA_001/20221012_030000.WAV,Telephone Field,recover-20221013,001,1795
1075.4885,1075.526,68437,81841,Rhinolophus ferrumequinum,0.024,0.024,-1,Echolocation,/mnt/ubna_data_02_mir/recover-20221013/UBNA_001/20221012_030000.WAV,Telephone Field,recover-20221013,001,1795
1075.4955,1075.5337,68437,81817,Rhinolophus ferrumequinum,0.021,0.021,-1,Echolocation,/mnt/ubna_data_02_mir/recover-20221013/UBNA_001/20221012_030000.WAV,Telephone Field,recover-20221013,001,1795
1075.4995,1075.5105,28906,35292,Eptesicus serotinus,0.05,0.077,-1,Echolocation,/mnt/ubna_data_02_mir/recover-20221013/UBNA_001/20221012_030000.WAV,Telephone Field,recover-20221013,001,1795
1075.5135,1075.5209,23750,32512,Plecotus austriacus,0.012,0.026,-1,Echolocation,/mnt/ubna_data_02_mir/recover-20221013/UBNA_001/20221012_030000.WAV,Telephone Field,recover-20221013,001,1795
1075.6315,1075.6703,68437,82455,Rhinolophus ferrumequinum,0.022,0.022,-1,Echolocation,/mnt/ubna_data_02_mir/recover-20221013/UBNA_001/20221012_030000.WAV,Telephone Field,recover-20221013,001,1795
1075.6875,1075.6975,28046,35114,Eptesicus serotinus,0.012,0.025,-1,Echolocation,/mnt/ubna_data_02_mir/recover-20221013/UBNA_001/20221012_030000.WAV,Telephone Field,recover-20221013,001,1795
1075.7095,1075.7198,22890,28475,Nyctalus leisleri,0.01,0.023,-1,Echolocation,/mnt/ubna_data_02_mir/recover-20221013/UBNA_001/20221012_030000.WAV,Telephone Field,recover-20221013,001,1795
1075.7485,1075.7592,28906,37142,Eptesicus serotinus,0.013,0.026,-1,Echolocation,/mnt/ubna_data_02_mir/recover-20221013/UBNA_001/20221012_030000.WAV,Telephone Field,recover-20221013,001,1795
1075.7495,1075.7599,56406,65640,Pipistrellus pygmaeus,0.026,0.027,-1,Echolocation,/mnt/ubna_data_02_mir/recover-20221013/UBNA_001/20221012_030000.WAV,Telephone Field,recover-20221013,001,1795
1075.7675,1075.8075,68437,82359,Rhinolophus ferrumequinum,0.022,0.022,-1,Echolocation,/mnt/ubna_data_02_mir/recover-20221013/UBNA_001/20221012_030000.WAV,Telephone Field,recover-20221013,001,1795
1075.8285,1075.8364,25468,34567,Eptesicus serotinus,0.007,0.025,-1,Echolocation,/mnt/ubna_data_02_mir/recover-20221013/UBNA_001/20221012_030000.WAV,Telephone Field,recover-20221013,001,1795
1075.8575,1075.8980999999999,68437,82471,Rhinolophus ferrumequinum,0.027,0.027,-1,Echolocation,/mnt/ubna_data_02_mir/recover-20221013/UBNA_001/20221012_030000.WAV,Telephone Field,recover-20221013,001,1795
1075.8595,1075.8671,27187,38082,Eptesicus serotinus,0.007,0.022,-1,Echolocation,/mnt/ubna_data_02_mir/recover-20221013/UBNA_001/20221012_030000.WAV,Telephone Field,recover-20221013,001,1795
1075.8855,1075.8956,28046,36927,Eptesicus serotinus,0.011,0.028,-1,Echolocation,/mnt/ubna_data_02_mir/recover-20221013/UBNA_001/20221012_030000.WAV,Telephone Field,recover-20221013,001,1795
1075.9025,1075.9424,68437,82282,Rhinolophus ferrumequinum,0.023,0.023,-1,Echolocation,/mnt/ubna_data_02_mir/recover-20221013/UBNA_001/20221012_030000.WAV,Telephone Field,recover-20221013,001,1795
1075.9265,1075.9665,68437,82467,Rhinolophus ferrumequinum,0.024,0.024,-1,Echolocation,/mnt/ubna_data_02_mir/recover-20221013/UBNA_001/20221012_030000.WAV,Telephone Field,recover-20221013,001,1795
1075.9605,1075.998,68437,81988,Rhinolophus ferrumequinum,0.024,0.024,-1,Echolocation,/mnt/ubna_data_02_mir/recover-20221013/UBNA_001/20221012_030000.WAV,Telephone Field,recover-20221013,001,1795
1076.0015,1076.011,25468,32689,Eptesicus serotinus,0.01,0.03,-1,Echolocation,/mnt/ubna_data_02_mir/recover-20221013/UBNA_001/20221012_030000.WAV,Telephone Field,recover-20221013,001,1795
1076.0015,1076.0086000000001,47812,56569,Pipistrellus pipistrellus,0.015,0.021,-1,Echolocation,/mnt/ubna_data_02_mir/recover-20221013/UBNA_001/20221012_030000.WAV,Telephone Field,recover-20221013,001,1795
1076.0015,1076.0343,68437,80353,Rhinolophus ferrumequinum,0.038,0.038,-1,Echolocation,/mnt/ubna_data_02_mir/recover-20221013/UBNA_001/20221012_030000.WAV,Telephone Field,recover-20221013,001,1795
1076.0105,1076.0575,68437,83925,Rhinolophus ferrumequinum,0.03,0.03,-1,Echolocation,/mnt/ubna_data_02_mir/recover-20221013/UBNA_001/20221012_030000.WAV,Telephone Field,recover-20221013,001,1795
1076.0105,1076.022,28906,35712,Eptesicus serotinus,0.011,0.024,-1,Echolocation,/mnt/ubna_data_02_mir/recover-20221013/UBNA_001/20221012_030000.WAV,Telephone Field,recover-20221013,001,1795
1076.0595,1076.0662,28906,38720,Eptesicus serotinus,0.008,0.027,-1,Echolocation,/mnt/ubna_data_02_mir/recover-20221013/UBNA_001/20221012_030000.WAV,Telephone Field,recover-20221013,001,1795
1076.0785,1076.0892,22890,27830,Nyctalus leisleri,0.011,0.024,-1,Echolocation,/mnt/ubna_data_02_mir/recover-20221013/UBNA_001/20221012_030000.WAV,Telephone Field,recover-20221013,001,1795
1076.0855,1076.0948,27187,34969,Eptesicus serotinus,0.01,0.022,-1,Echolocation,/mnt/ubna_data_02_mir/recover-20221013/UBNA_001/20221012_030000.WAV,Telephone Field,recover-20221013,001,1795
1076.1025,1076.1421,68437,82717,Rhinolophus ferrumequinum,0.023,0.023,-1,Echolocation,/mnt/ubna_data_02_mir/recover-20221013/UBNA_001/20221012_030000.WAV,Telephone Field,recover-20221013,001,1795
1076.1295,1076.1666,68437,81811,Rhinolophus ferrumequinum,0.023,0.023,-1,Echolocation,/mnt/ubna_data_02_mir/recover-20221013/UBNA_001/20221012_030000.WAV,Telephone Field,recover-20221013,001,1795
1076.1345,1076.1453,28906,36408,Eptesicus serotinus,0.015,0.031,-1,Echolocation,/mnt/ubna_data_02_mir/recover-20221013/UBNA_001/20221012_030000.WAV,Telephone Field,recover-20221013,001,1795
1076.1835,1076.1935,46093,48980,Pipistrellus pipistrellus,0.022,0.024,-1,Echolocation,/mnt/ubna_data_02_mir/recover-20221013/UBNA_001/20221012_030000.WAV,Telephone Field,recover-20221013,001,1795
1076.2015,1076.2431,68437,82893,Rhinolophus ferrumequinum,0.023,0.023,-1,Echolocation,/mnt/ubna_data_02_mir/recover-20221013/UBNA_001/20221012_030000.WAV,Telephone Field,recover-20221013,001,1795
1076.2305,1076.2715,68437,83124,Rhinolophus ferrumequinum,0.023,0.023,-1,Echolocation,/mnt/ubna_data_02_mir/recover-20221013/UBNA_001/20221012_030000.WAV,Telephone Field,recover-20221013,001,1795
1076.2595,1076.2675,25468,35288,Eptesicus serotinus,0.007,0.021,-1,Echolocation,/mnt/ubna_data_02_mir/recover-20221013/UBNA_001/20221012_030000.WAV,Telephone Field,recover-20221013,001,1795
1076.3005,1076.3402,68437,82003,Rhinolophus ferrumequinum,0.024,0.024,-1,Echolocation,/mnt/ubna_data_02_mir/recover-20221013/UBNA_001/20221012_030000.WAV,Telephone Field,recover-20221013,001,1795
1076.3025,1076.3122,28046,35421,Eptesicus serotinus,0.012,0.026,-1,Echolocation,/mnt/ubna_data_02_mir/recover-20221013/UBNA_001/20221012_030000.WAV,Telephone Field,recover-20221013,001,1795
1076.3505,1076.3915,68437,82642,Rhinolophus ferrumequinum,0.025,0.025,-1,Echolocation,/mnt/ubna_data_02_mir/recover-20221013/UBNA_001/20221012_030000.WAV,Telephone Field,recover-20221013,001,1795
1076.3635,1076.3742,23750,29902,Nyctalus leisleri,0.013,0.031,-1,Echolocation,/mnt/ubna_data_02_mir/recover-20221013/UBNA_001/20221012_030000.WAV,Telephone Field,recover-20221013,001,1795
1076.4225,1076.4304,27187,40769,Eptesicus serotinus,0.007,0.022,-1,Echolocation,/mnt/ubna_data_02_mir/recover-20221013/UBNA_001/20221012_030000.WAV,Telephone Field,recover-20221013,001,1795
1076.4405,1076.4501,22890,29299,Nyctalus leisleri,0.007,0.021,-1,Echolocation,/mnt/ubna_data_02_mir/recover-20221013/UBNA_001/20221012_030000.WAV,Telephone Field,recover-20221013,001,1795
1076.4495,1076.4873,68437,82101,Rhinolophus ferrumequinum,0.021,0.021,-1,Echolocation,/mnt/ubna_data_02_mir/recover-20221013/UBNA_001/20221012_030000.WAV,Telephone Field,recover-20221013,001,1795
1076.5065,1076.516,31484,38413,Barbastellus barbastellus,0.008,0.023,-1,Echolocation,/mnt/ubna_data_02_mir/recover-20221013/UBNA_001/20221012_030000.WAV,Telephone Field,recover-20221013,001,1795
1076.5075,1076.5164,27187,36514,Eptesicus serotinus,0.01,0.023,-1,Echolocation,/mnt/ubna_data_02_mir/recover-20221013/UBNA_001/20221012_030000.WAV,Telephone Field,recover-20221013,001,1795
1076.5195,1076.557,68437,81564,Rhinolophus ferrumequinum,0.022,0.022,-1,Echolocation,/mnt/ubna_data_02_mir/recover-20221013/UBNA_001/20221012_030000.WAV,Telephone Field,recover-20221013,001,1795
1076.6145,1076.6227,27187,39806,Eptesicus serotinus,0.009,0.024,-1,Echolocation,/mnt/ubna_data_02_mir/recover-20221013/UBNA_001/20221012_030000.WAV,Telephone Field,recover-20221013,001,1795
1076.6205,1076.6594,68437,82177,Rhinolophus ferrumequinum,0.021,0.021,-1,Echolocation,/mnt/ubna_data_02_mir/recover-20221013/UBNA_001/20221012_030000.WAV,Telephone Field,recover-20221013,001,1795
1076.6415,1076.6502,28906,37714,Eptesicus serotinus,0.008,0.022,-1,Echolocation,/mnt/ubna_data_02_mir/recover-20221013/UBNA_001/20221012_030000.WAV,Telephone Field,recover-20221013,001,1795
1076.6885,1076.7284,68437,82198,Rhinolophus ferrumequinum,0.022,0.022,-1,Echolocation,/mnt/ubna_data_02_mir/recover-20221013/UBNA_001/20221012_030000.WAV,Telephone Field,recover-20221013,001,1795
1076.7115,1076.7495,68437,82332,Rhinolophus ferrumequinum,0.026,0.026,-1,Echolocation,/mnt/ubna_data_02_mir/recover-20221013/UBNA_001/20221012_030000.WAV,Telephone Field,recover-20221013,001,1795
1076.7755,1076.813,68437,81630,Rhinolophus ferrumequinum,0.021,0.021,-1,Echolocation,/mnt/ubna_data_02_mir/recover-20221013/UBNA_001/20221012_030000.WAV,Telephone Field,recover-20221013,001,1795
1076.7955,1076.8184,18593,21290,Nyctalus noctula,0.013,0.026,-1,Echolocation,/mnt/ubna_data_02_mir/recover-20221013/UBNA_001/20221012_030000.WAV,Telephone Field,recover-20221013,001,1795
1076.8125,1076.8198,24609,33582,Plecotus austriacus,0.008,0.024,-1,Echolocation,/mnt/ubna_data_02_mir/recover-20221013/UBNA_001/20221012_030000.WAV,Telephone Field,recover-20221013,001,1795
1076.8665,1076.8793,45234,48905,Pipistrellus pipistrellus,0.024,0.027,-1,Echolocation,/mnt/ubna_data_02_mir/recover-20221013/UBNA_001/20221012_030000.WAV,Telephone Field,recover-20221013,001,1795
1076.8725,1076.883,22890,28494,Nyctalus leisleri,0.01,0.021,-1,Echolocation,/mnt/ubna_data_02_mir/recover-20221013/UBNA_001/20221012_030000.WAV,Telephone Field,recover-20221013,001,1795
1076.8845,1076.9245,68437,82935,Rhinolophus ferrumequinum,0.031,0.031,-1,Echolocation,/mnt/ubna_data_02_mir/recover-20221013/UBNA_001/20221012_030000.WAV,Telephone Field,recover-20221013,001,1795
1076.9465,1076.987,68437,82892,Rhinolophus ferrumequinum,0.025,0.025,-1,Echolocation,/mnt/ubna_data_02_mir/recover-20221013/UBNA_001/20221012_030000.WAV,Telephone Field,recover-20221013,001,1795
1076.9785,1077.0168,68437,81255,Rhinolophus ferrumequinum,0.022,0.022,-1,Echolocation,/mnt/ubna_data_02_mir/recover-20221013/UBNA_001/20221012_030000.WAV,Telephone Field,recover-20221013,001,1795
1077.0185,1077.058,68437,82245,Rhinolophus ferrumequinum,0.021,0.021,-1,Echolocation,/mnt/ubna_data_02_mir/recover-20221013/UBNA_001/20221012_030000.WAV,Telephone Field,recover-20221013,001,1795
1077.0575,1077.0686,22031,26244,Nyctalus leisleri,0.012,0.023,-1,Echolocation,/mnt/ubna_data_02_mir/recover-20221013/UBNA_001/20221012_030000.WAV,Telephone Field,recover-20221013,001,1795
1077.0775,1077.0876,22890,28403,Nyctalus leisleri,0.009,0.021,-1,Echolocation,/mnt/ubna_data_02_mir/recover-20221013/UBNA_001/20221012_030000.WAV,Telephone Field,recover-20221013,001,1795
1077.1325,1077.1723,68437,81629,Rhinolophus ferrumequinum,0.022,0.022,-1,Echolocation,/mnt/ubna_data_02_mir/recover-20221013/UBNA_001/20221012_030000.WAV,Telephone Field,recover-20221013,001,1795
1077.1665,1077.1742,24609,32827,Plecotus austriacus,0.008,0.022,-1,Echolocation,/mnt/ubna_data_02_mir/recover-20221013/UBNA_001/20221012_030000.WAV,Telephone Field,recover-20221013,001,1795
1077.2465,1077.2538,26328,36810,Eptesicus serotinus,0.013,0.041,-1,Echolocation,/mnt/ubna_data_02_mir/recover-20221013/UBNA_001/20221012_030000.WAV,Telephone Field,recover-20221013,001,1795
1077.2785,1077.3202,68437,82770,Rhinolophus ferrumequinum,0.021,0.021,-1,Echolocation,/mnt/ubna_data_02_mir/recover-20221013/UBNA_001/20221012_030000.WAV,Telephone Field,recover-20221013,001,1795
1077.4175,1077.4554,68437,81731,Rhinolophus ferrumequinum,0.022,0.022,-1,Echolocation,/mnt/ubna_data_02_mir/recover-20221013/UBNA_001/20221012_030000.WAV,Telephone Field,recover-20221013,001,1795
1077.4435,1077.4523,22890,30508,Plecotus austriacus,0.011,0.027,-1,Echolocation,/mnt/ubna_data_02_mir/recover-20221013/UBNA_001/20221012_030000.WAV,Telephone Field,recover-20221013,001,1795
1077.5045,1077.5443,68437,82719,Rhinolophus ferrumequinum,0.024,0.024,-1,Echolocation,/mnt/ubna_data_02_mir/recover-20221013/UBNA_001/20221012_030000.WAV,Telephone Field,recover-20221013,001,1795
1077.5115,1077.5193,28046,39086,Eptesicus serotinus,0.008,0.024,-1,Echolocation,/mnt/ubna_data_02_mir/recover-20221013/UBNA_001/20221012_030000.WAV,Telephone Field,recover-20221013,001,1795
1077.5435,1077.5802,68437,80786,Rhinolophus ferrumequinum,0.024,0.024,-1,Echolocation,/mnt/ubna_data_02_mir/recover-20221013/UBNA_001/20221012_030000.WAV,Telephone Field,recover-20221013,001,1795
1077.5725,1077.5831,22031,26063,Nyctalus leisleri,0.014,0.025,-1,Echolocation,/mnt/ubna_data_02_mir/recover-20221013/UBNA_001/20221012_030000.WAV,Telephone Field,recover-20221013,001,1795
1077.5885,1077.6243,68437,81006,Rhinolophus ferrumequinum,0.021,0.021,-1,Echolocation,/mnt/ubna_data_02_mir/recover-20221013/UBNA_001/20221012_030000.WAV,Telephone Field,recover-20221013,001,1795
1077.6115,1077.6306,20312,23409,Nyctalus leisleri,0.012,0.021,-1,Echolocation,/mnt/ubna_data_02_mir/recover-20221013/UBNA_001/20221012_030000.WAV,Telephone Field,recover-20221013,001,1795
1077.6225,1077.6328,22890,28030,Nyctalus leisleri,0.011,0.023,-1,Echolocation,/mnt/ubna_data_02_mir/recover-20221013/UBNA_001/20221012_030000.WAV,Telephone Field,recover-20221013,001,1795
1077.6365,1077.6754,68437,81708,Rhinolophus ferrumequinum,0.026,0.026,-1,Echolocation,/mnt/ubna_data_02_mir/recover-20221013/UBNA_001/20221012_030000.WAV,Telephone Field,recover-20221013,001,1795
1077.6595,1077.7028,68437,83718,Rhinolophus ferrumequinum,0.028,0.028,-1,Echolocation,/mnt/ubna_data_02_mir/recover-20221013/UBNA_001/20221012_030000.WAV,Telephone Field,recover-20221013,001,1795
1077.6875,1077.7278,68437,82869,Rhinolophus ferrumequinum,0.022,0.022,-1,Echolocation,/mnt/ubna_data_02_mir/recover-20221013/UBNA_001/20221012_030000.WAV,Telephone Field,recover-20221013,001,1795
1077.7315,1077.7395,28046,37775,Eptesicus serotinus,0.008,0.022,-1,Echolocation,/mnt/ubna_data_02_mir/recover-20221013/UBNA_001/20221012_030000.WAV,Telephone Field,recover-20221013,001,1795
1077.7345,1077.7722,68437,82209,Rhinolophus ferrumequinum,0.021,0.021,-1,Echolocation,/mnt/ubna_data_02_mir/recover-20221013/UBNA_001/20221012_030000.WAV,Telephone Field,recover-20221013,001,1795
1077.7775,1077.7893,23750,29259,Nyctalus leisleri,0.012,0.026,-1,Echolocation,/mnt/ubna_data_02_mir/recover-20221013/UBNA_001/20221012_030000.WAV,Telephone Field,recover-20221013,001,1795
1077.7895,1077.8001,26328,31225,Eptesicus serotinus,0.045,0.108,-1,Echolocation,/mnt/ubna_data_02_mir/recover-20221013/UBNA_001/20221012_030000.WAV,Telephone Field,recover-20221013,001,1795
1077.7905,1077.8317,68437,82468,Rhinolophus ferrumequinum,0.023,0.023,-1,Echolocation,/mnt/ubna_data_02_mir/recover-20221013/UBNA_001/20221012_030000.WAV,Telephone Field,recover-20221013,001,1795
1077.8105,1077.8491,68437,82411,Rhinolophus ferrumequinum,0.022,0.022,-1,Echolocation,/mnt/ubna_data_02_mir/recover-20221013/UBNA_001/20221012_030000.WAV,Telephone Field,recover-20221013,001,1795
1077.8245,1077.8317,23750,32375,Plecotus austriacus,0.01,0.022,-1,Echolocation,/mnt/ubna_data_02_mir/recover-20221013/UBNA_001/20221012_030000.WAV,Telephone Field,recover-20221013,001,1795
1077.8765,1077.9163,68437,82106,Rhinolophus ferrumequinum,0.021,0.021,-1,Echolocation,/mnt/ubna_data_02_mir/recover-20221013/UBNA_001/20221012_030000.WAV,Telephone Field,recover-20221013,001,1795
1077.8965,1077.9326,68437,81599,Rhinolophus ferrumequinum,0.021,0.021,-1,Echolocation,/mnt/ubna_data_02_mir/recover-20221013/UBNA_001/20221012_030000.WAV,Telephone Field,recover-20221013,001,1795
1077.9135,1077.9565,68437,83113,Rhinolophus ferrumequinum,0.032,0.032,-1,Echolocation,/mnt/ubna_data_02_mir/recover-20221013/UBNA_001/20221012_030000.WAV,Telephone Field,recover-20221013,001,1795
1077.9475,1077.9821,68437,81810,Rhinolophus ferrumequinum,0.021,0.021,-1,Echolocation,/mnt/ubna_data_02_mir/recover-20221013/UBNA_001/20221012_030000.WAV,Telephone Field,recover-20221013,001,1795
1077.9495,1077.9578,28046,41399,Eptesicus serotinus,0.008,0.022,-1,Echolocation,/mnt/ubna_data_02_mir/recover-20221013/UBNA_001/20221012_030000.WAV,Telephone Field,recover-20221013,001,1795
1077.9775,1077.9858,22890,30246,Plecotus austriacus,0.009,0.021,-1,Echolocation,/mnt/ubna_data_02_mir/recover-20221013/UBNA_001/20221012_030000.WAV,Telephone Field,recover-20221013,001,1795
1078.0015,1078.0096,23750,33871,Nyctalus leisleri,0.005,0.023,-1,Echolocation,/mnt/ubna_data_02_mir/recover-20221013/UBNA_001/20221012_030000.WAV,Telephone Field,recover-20221013,001,1795
1078.0015,1078.0336,69296,81286,Rhinolophus ferrumequinum,0.03,0.031,-1,Echolocation,/mnt/ubna_data_02_mir/recover-20221013/UBNA_001/20221012_030000.WAV,Telephone Field,recover-20221013,001,1795
1078.0015,1078.0076,47812,54592,Pipistrellus pipistrellus,0.016,0.022,-1,Echolocation,/mnt/ubna_data_02_mir/recover-20221013/UBNA_001/20221012_030000.WAV,Telephone Field,recover-20221013,001,1795
1078.0125,1078.0223,23750,30366,Nyctalus leisleri,0.008,0.023,-1,Echolocation,/mnt/ubna_data_02_mir/recover-20221013/UBNA_001/20221012_030000.WAV,Telephone Field,recover-20221013,001,1795
1078.0215,1078.0628,68437,82732,Rhinolophus ferrumequinum,0.021,0.021,-1,Echolocation,/mnt/ubna_data_02_mir/recover-20221013/UBNA_001/20221012_030000.WAV,Telephone Field,recover-20221013,001,1795
1078.0355,1078.071,68437,81851,Rhinolophus ferrumequinum,0.022,0.022,-1,Echolocation,/mnt/ubna_data_02_mir/recover-20221013/UBNA_001/20221012_030000.WAV,Telephone Field,recover-20221013,001,1795
1078.0435,1078.0817,68437,81603,Rhinolophus ferrumequinum,0.02,0.02,-1,Echolocation,/mnt/ubna_data_02_mir/recover-20221013/UBNA_001/20221012_030000.WAV,Telephone Field,recover-20221013,001,1795
1078.0955,1078.103,27187,37402,Eptesicus serotinus,0.007,0.02,-1,Echolocation,/mnt/ubna_data_02_mir/recover-20221013/UBNA_001/20221012_030000.WAV,Telephone Field,recover-20221013,001,1795
1078.1205,1078.1314,25468,32710,Eptesicus serotinus,0.01,0.021,-1,Echolocation,/mnt/ubna_data_02_mir/recover-20221013/UBNA_001/20221012_030000.WAV,Telephone Field,recover-20221013,001,1795
1078.1375,1078.1807,68437,82825,Rhinolophus ferrumequinum,0.03,0.03,-1,Echolocation,/mnt/ubna_data_02_mir/recover-20221013/UBNA_001/20221012_030000.WAV,Telephone Field,recover-20221013,001,1795
1078.1835,1078.2221,68437,82832,Rhinolophus ferrumequinum,0.021,0.021,-1,Echolocation,/mnt/ubna_data_02_mir/recover-20221013/UBNA_001/20221012_030000.WAV,Telephone Field,recover-20221013,001,1795
1078.2105,1078.2212,26328,34098,Eptesicus serotinus,0.011,0.024,-1,Echolocation,/mnt/ubna_data_02_mir/recover-20221013/UBNA_001/20221012_030000.WAV,Telephone Field,recover-20221013,001,1795
1078.2185,1078.2271,28906,39093,Eptesicus serotinus,0.008,0.021,-1,Echolocation,/mnt/ubna_data_02_mir/recover-20221013/UBNA_001/20221012_030000.WAV,Telephone Field,recover-20221013,001,1795
1078.2215,1078.2327,22890,27896,Nyctalus leisleri,0.01,0.02,-1,Echolocation,/mnt/ubna_data_02_mir/recover-20221013/UBNA_001/20221012_030000.WAV,Telephone Field,recover-20221013,001,1795
1078.2315,1078.2716,68437,82784,Rhinolophus ferrumequinum,0.024,0.024,-1,Echolocation,/mnt/ubna_data_02_mir/recover-20221013/UBNA_001/20221012_030000.WAV,Telephone Field,recover-20221013,001,1795
1078.2335,1078.2426,22890,30247,Plecotus austriacus,0.01,0.034,-1,Echolocation,/mnt/ubna_data_02_mir/recover-20221013/UBNA_001/20221012_030000.WAV,Telephone Field,recover-20221013,001,1795
1078.2925,1078.3293,68437,81912,Rhinolophus ferrumequinum,0.021,0.021,-1,Echolocation,/mnt/ubna_data_02_mir/recover-20221013/UBNA_001/20221012_030000.WAV,Telephone Field,recover-20221013,001,1795
1078.2995,1078.338,68437,82438,Rhinolophus ferrumequinum,0.021,0.021,-1,Echolocation,/mnt/ubna_data_02_mir/recover-20221013/UBNA_001/20221012_030000.WAV,Telephone Field,recover-20221013,001,1795
1078.3305,1078.3691,68437,82397,Rhinolophus ferrumequinum,0.035,0.035,-1,Echolocation,/mnt/ubna_data_02_mir/recover-20221013/UBNA_001/20221012_030000.WAV,Telephone Field,recover-20221013,001,1795
1078.3705,1078.3821,23750,28660,Nyctalus leisleri,0.012,0.025,-1,Echolocation,/mnt/ubna_data_02_mir/recover-20221013/UBNA_001/20221012_030000.WAV,Telephone Field,recover-20221013,001,1795
1078.3735,1078.4128,68437,81471,Rhinolophus ferrumequinum,0.02,0.02,-1,Echolocation,/mnt/ubna_data_02_mir/recover-20221013/UBNA_001/20221012_030000.WAV,Telephone Field,recover-20221013,001,1795
1078.3885,1078.3994,26328,32766,Eptesicus serotinus,0.012,0.028,-1,Echolocation,/mnt/ubna_data_02_mir/recover-20221013/UBNA_001/20221012_030000.WAV,Telephone Field,recover-20221013,001,1795
1078.4155,1078.4569,68437,82689,Rhinolophus ferrumequinum,0.02,0.02,-1,Echolocation,/mnt/ubna_data_02_mir/recover-20221013/UBNA_001/20221012_030000.WAV,Telephone Field,recover-20221013,001,1795
1078.4275,1078.4689,68437,82660,Rhinolophus ferrumequinum,0.031,0.031,-1,Echolocation,/mnt/ubna_data_02_mir/recover-20221013/UBNA_001/20221012_030000.WAV,Telephone Field,recover-20221013,001,1795
1078.4445,1078.4829,68437,82292,Rhinolophus ferrumequinum,0.023,0.023,-1,Echolocation,/mnt/ubna_data_02_mir/recover-20221013/UBNA_001/20221012_030000.WAV,Telephone Field,recover-20221013,001,1795
1078.4545,1078.4937,68437,82941,Rhinolophus ferrumequinum,0.022,0.022,-1,Echolocation,/mnt/ubna_data_02_mir/recover-20221013/UBNA_001/20221012_030000.WAV,Telephone Field,recover-20221013,001,1795
1078.4845,1078.5246,68437,82369,Rhinolophus ferrumequinum,0.02,0.02,-1,Echolocation,/mnt/ubna_data_02_mir/recover-20221013/UBNA_001/20221012_030000.WAV,Telephone Field,recover-20221013,001,1795
1078.4955,1078.5384,68437,83144,Rhinolophus ferrumequinum,0.02,0.02,-1,Echolocation,/mnt/ubna_data_02_mir/recover-20221013/UBNA_001/20221012_030000.WAV,Telephone Field,recover-20221013,001,1795
1078.5345,1078.5447,23750,29371,Nyctalus leisleri,0.008,0.02,-1,Echolocation,/mnt/ubna_data_02_mir/recover-20221013/UBNA_001/20221012_030000.WAV,Telephone Field,recover-20221013,001,1795
1078.5565,1078.5959,68437,82135,Rhinolophus ferrumequinum,0.022,0.022,-1,Echolocation,/mnt/ubna_data_02_mir/recover-20221013/UBNA_001/20221012_030000.WAV,Telephone Field,recover-20221013,001,1795
1078.6515,1078.689,68437,82230,Rhinolophus ferrumequinum,0.023,0.023,-1,Echolocation,/mnt/ubna_data_02_mir/recover-20221013/UBNA_001/20221012_030000.WAV,Telephone Field,recover-20221013,001,1795
1078.6515,1078.659,23750,32486,Plecotus austriacus,0.01,0.023,-1,Echolocation,/mnt/ubna_data_02_mir/recover-20221013/UBNA_001/20221012_030000.WAV,Telephone Field,recover-20221013,001,1795
1078.6585,1078.6679,41796,49364,Pipistrellus nathusii,0.006,0.024,-1,Echolocation,/mnt/ubna_data_02_mir/recover-20221013/UBNA_001/20221012_030000.WAV,Telephone Field,recover-20221013,001,1795
1078.6605,1078.6983,68437,82343,Rhinolophus ferrumequinum,0.02,0.02,-1,Echolocation,/mnt/ubna_data_02_mir/recover-20221013/UBNA_001/20221012_030000.WAV,Telephone Field,recover-20221013,001,1795
1078.7005,1078.7368,68437,80085,Rhinolophus ferrumequinum,0.025,0.025,-1,Echolocation,/mnt/ubna_data_02_mir/recover-20221013/UBNA_001/20221012_030000.WAV,Telephone Field,recover-20221013,001,1795
1078.7185,1078.7565,68437,82913,Rhinolophus ferrumequinum,0.022,0.022,-1,Echolocation,/mnt/ubna_data_02_mir/recover-20221013/UBNA_001/20221012_030000.WAV,Telephone Field,recover-20221013,001,1795
1078.7585,1078.7688,37500,44092,Pipistrellus nathusii,0.011,0.025,-1,Echolocation,/mnt/ubna_data_02_mir/recover-20221013/UBNA_001/20221012_030000.WAV,Telephone Field,recover-20221013,001,1795
1078.8195,1078.8293,22890,28305,Nyctalus leisleri,0.009,0.021,-1,Echolocation,/mnt/ubna_data_02_mir/recover-20221013/UBNA_001/20221012_030000.WAV,Telephone Field,recover-20221013,001,1795
1078.8395,1078.8809,68437,82299,Rhinolophus ferrumequinum,0.023,0.023,-1,Echolocation,/mnt/ubna_data_02_mir/recover-20221013/UBNA_001/20221012_030000.WAV,Telephone Field,recover-20221013,001,1795
1078.8455,1078.886,68437,82439,Rhinolophus ferrumequinum,0.023,0.023,-1,Echolocation,/mnt/ubna_data_02_mir/recover-20221013/UBNA_001/20221012_030000.WAV,Telephone Field,recover-20221013,001,1795
1078.8965,1078.938,68437,82925,Rhinolophus ferrumequinum,0.021,0.021,-1,Echolocation,/mnt/ubna_data_02_mir/recover-20221013/UBNA_001/20221012_030000.WAV,Telephone Field,recover-20221013,001,1795
1078.9075,1078.9478,68437,82463,Rhinolophus ferrumequinum,0.02,0.021,-1,Echolocation,/mnt/ubna_data_02_mir/recover-20221013/UBNA_001/20221012_030000.WAV,Telephone Field,recover-20221013,001,1795
1078.9315,1078.9703,68437,81475,Rhinolophus ferrumequinum,0.025,0.025,-1,Echolocation,/mnt/ubna_data_02_mir/recover-20221013/UBNA_001/20221012_030000.WAV,Telephone Field,recover-20221013,001,1795
1078.9385,1078.9781,68437,82062,Rhinolophus ferrumequinum,0.022,0.022,-1,Echolocation,/mnt/ubna_data_02_mir/recover-20221013/UBNA_001/20221012_030000.WAV,Telephone Field,recover-20221013,001,1795
1078.9505,1078.9605999999999,46093,49467,Pipistrellus pipistrellus,0.024,0.027,-1,Echolocation,/mnt/ubna_data_02_mir/recover-20221013/UBNA_001/20221012_030000.WAV,Telephone Field,recover-20221013,001,1795
1078.9505,1078.9572,24609,34047,Plecotus auritus,0.013,0.034,-1,Echolocation,/mnt/ubna_data_02_mir/recover-20221013/UBNA_001/20221012_030000.WAV,Telephone Field,recover-20221013,001,1795
1078.9985,1079.0354,68437,82214,Rhinolophus ferrumequinum,0.026,0.026,-1,Echolocation,/mnt/ubna_data_02_mir/recover-20221013/UBNA_001/20221012_030000.WAV,Telephone Field,recover-20221013,001,1795
1079.0085,1079.0488,68437,82325,Rhinolophus ferrumequinum,0.02,0.02,-1,Echolocation,/mnt/ubna_data_02_mir/recover-20221013/UBNA_001/20221012_030000.WAV,Telephone Field,recover-20221013,001,1795
1079.0105,1079.0211,23750,29491,Nyctalus leisleri,0.008,0.02,-1,Echolocation,/mnt/ubna_data_02_mir/recover-20221013/UBNA_001/20221012_030000.WAV,Telephone Field,recover-20221013,001,1795
1079.0785,1079.1135,68437,80786,Rhinolophus ferrumequinum,0.021,0.021,-1,Echolocation,/mnt/ubna_data_02_mir/recover-20221013/UBNA_001/20221012_030000.WAV,Telephone Field,recover-20221013,001,1795
1079.0905,1079.1258,68437,81165,Rhinolophus ferrumequinum,0.02,0.02,-1,Echolocation,/mnt/ubna_data_02_mir/recover-20221013/UBNA_001/20221012_030000.WAV,Telephone Field,recover-20221013,001,1795
1079.1035,1079.1436,68437,82252,Rhinolophus ferrumequinum,0.025,0.025,-1,Echolocation,/mnt/ubna_data_02_mir/recover-20221013/UBNA_001/20221012_030000.WAV,Telephone Field,recover-20221013,001,1795
1079.1315,1079.1409,24609,31696,Eptesicus serotinus,0.007,0.021,-1,Echolocation,/mnt/ubna_data_02_mir/recover-20221013/UBNA_001/20221012_030000.WAV,Telephone Field,recover-20221013,001,1795
1079.1565,1079.1937,68437,81828,Rhinolophus ferrumequinum,0.021,0.021,-1,Echolocation,/mnt/ubna_data_02_mir/recover-20221013/UBNA_001/20221012_030000.WAV,Telephone Field,recover-20221013,001,1795
1079.2345,1079.2443,28906,34796,Eptesicus serotinus,0.011,0.024,-1,Echolocation,/mnt/ubna_data_02_mir/recover-20221013/UBNA_001/20221012_030000.WAV,Telephone Field,recover-20221013,001,1795
1079.2615,1079.3015,68437,82066,Rhinolophus ferrumequinum,0.02,0.02,-1,Echolocation,/mnt/ubna_data_02_mir/recover-20221013/UBNA_001/20221012_030000.WAV,Telephone Field,recover-20221013,001,1795
1079.2645,1079.2738,58125,64392,Pipistrellus pygmaeus,0.027,0.027,-1,Echolocation,/mnt/ubna_data_02_mir/recover-20221013/UBNA_001/20221012_030000.WAV,Telephone Field,recover-20221013,001,1795
1079.3135,1079.321,23750,32302,Plecotus austriacus,0.011,0.024,-1,Echolocation,/mnt/ubna_data_02_mir/recover-20221013/UBNA_001/20221012_030000.WAV,Telephone Field,recover-20221013,001,1795
1079.3605,1079.3721,36640,41749,Pipistrellus nathusii,0.007,0.027,-1,Echolocation,/mnt/ubna_data_02_mir/recover-20221013/UBNA_001/20221012_030000.WAV,Telephone Field,recover-20221013,001,1795
1079.3795,1079.4189,68437,82110,Rhinolophus ferrumequinum,0.02,0.02,-1,Echolocation,/mnt/ubna_data_02_mir/recover-20221013/UBNA_001/20221012_030000.WAV,Telephone Field,recover-20221013,001,1795
1079.4035,1079.4464,68437,82171,Rhinolophus ferrumequinum,0.022,0.022,-1,Echolocation,/mnt/ubna_data_02_mir/recover-20221013/UBNA_001/20221012_030000.WAV,Telephone Field,recover-20221013,001,1795
1079.4335,1079.4736,68437,81752,Rhinolophus ferrumequinum,0.026,0.026,-1,Echolocation,/mnt/ubna_data_02_mir/recover-20221013/UBNA_001/20221012_030000.WAV,Telephone Field,recover-20221013,001,1795
1079.4495,1079.4881,68437,82105,Rhinolophus ferrumequinum,0.02,0.02,-1,Echolocation,/mnt/ubna_data_02_mir/recover-20221013/UBNA_001/20221012_030000.WAV,Telephone Field,recover-20221013,001,1795
1079.5685,1079.6109,68437,83236,Rhinolophus ferrumequinum,0.028,0.028,-1,Echolocation,/mnt/ubna_data_02_mir/recover-20221013/UBNA_001/20221012_030000.WAV,Telephone Field,recover-20221013,001,1795
1079.5805,1079.5875,28046,38123,Eptesicus serotinus,0.006,0.021,-1,Echolocation,/mnt/ubna_data_02_mir/recover-20221013/UBNA_001/20221012_030000.WAV,Telephone Field,recover-20221013,001,1795
1079.6085,1079.6491,68437,82292,Rhinolophus ferrumequinum,0.022,0.022,-1,Echolocation,/mnt/ubna_data_02_mir/recover-20221013/UBNA_001/20221012_030000.WAV,Telephone Field,recover-20221013,001,1795
1079.6185,1079.6261,22890,30346,Plecotus austriacus,0.009,0.02,-1,Echolocation,/mnt/ubna_data_02_mir/recover-20221013/UBNA_001/20221012_030000.WAV,Telephone Field,recover-20221013,001,1795
1079.6345,1079.674,68437,81911,Rhinolophus ferrumequinum,0.027,0.027,-1,Echolocation,/mnt/ubna_data_02_mir/recover-20221013/UBNA_001/20221012_030000.WAV,Telephone Field,recover-20221013,001,1795
1079.6375,1079.6572,19453,22295,Nyctalus leisleri,0.016,0.032,-1,Echolocation,/mnt/ubna_data_02_mir/recover-20221013/UBNA_001/20221012_030000.WAV,Telephone Field,recover-20221013,001,1795
1079.7335,1079.7711,68437,81995,Rhinolophus ferrumequinum,0.021,0.021,-1,Echolocation,/mnt/ubna_data_02_mir/recover-20221013/UBNA_001/20221012_030000.WAV,Telephone Field,recover-20221013,001,1795
1079.7575,1079.7978,68437,82456,Rhinolophus ferrumequinum,0.024,0.024,-1,Echolocation,/mnt/ubna_data_02_mir/recover-20221013/UBNA_001/20221012_030000.WAV,Telephone Field,recover-20221013,001,1795
1079.7605,1079.771,22031,27975,Nyctalus leisleri,0.009,0.023,-1,Echolocation,/mnt/ubna_data_02_mir/recover-20221013/UBNA_001/20221012_030000.WAV,Telephone Field,recover-20221013,001,1795
1079.8305,1079.869,68437,81691,Rhinolophus ferrumequinum,0.021,0.021,-1,Echolocation,/mnt/ubna_data_02_mir/recover-20221013/UBNA_001/20221012_030000.WAV,Telephone Field,recover-20221013,001,1795
1079.8395,1079.8774,68437,81968,Rhinolophus ferrumequinum,0.021,0.021,-1,Echolocation,/mnt/ubna_data_02_mir/recover-20221013/UBNA_001/20221012_030000.WAV,Telephone Field,recover-20221013,001,1795
1079.8555,1079.8948,68437,82170,Rhinolophus ferrumequinum,0.023,0.023,-1,Echolocation,/mnt/ubna_data_02_mir/recover-20221013/UBNA_001/20221012_030000.WAV,Telephone Field,recover-20221013,001,1795
1079.9375,1079.9454,28906,38304,Eptesicus serotinus,0.007,0.021,-1,Echolocation,/mnt/ubna_data_02_mir/recover-20221013/UBNA_001/20221012_030000.WAV,Telephone Field,recover-20221013,001,1795
1079.9485,1079.9872,68437,81939,Rhinolophus ferrumequinum,0.02,0.02,-1,Echolocation,/mnt/ubna_data_02_mir/recover-20221013/UBNA_001/20221012_030000.WAV,Telephone Field,recover-20221013,001,1795
1079.9645,1079.9843,18593,20988,Nyctalus leisleri,0.011,0.023,-1,Echolocation,/mnt/ubna_data_02_mir/recover-20221013/UBNA_001/20221012_030000.WAV,Telephone Field,recover-20221013,001,1795
1080.0015,1080.0229,61562,68335,Pipistrellus pygmaeus,0.019,0.022,-1,Echolocation,/mnt/ubna_data_02_mir/recover-20221013/UBNA_001/20221012_030000.WAV,Telephone Field,recover-20221013,001,1795
1080.0015,1080.0094,23750,36214,Myotis nattereri,0.006,0.023,-1,Echolocation,/mnt/ubna_data_02_mir/recover-20221013/UBNA_001/20221012_030000.WAV,Telephone Field,recover-20221013,001,1795
1080.0015,1080.0092,46093,51225,Pipistrellus pipistrellus,0.018,0.023,-1,Echolocation,/mnt/ubna_data_02_mir/recover-20221013/UBNA_001/20221012_030000.WAV,Telephone Field,recover-20221013,001,1795
1080.0015,1080.0326,69296,80414,Rhinolophus ferrumequinum,0.02,0.021,-1,Echolocation,/mnt/ubna_data_02_mir/recover-20221013/UBNA_001/20221012_030000.WAV,Telephone Field,recover-20221013,001,1795
1080.0215,1080.0295,25468,34646,Eptesicus serotinus,0.007,0.021,-1,Echolocation,/mnt/ubna_data_02_mir/recover-20221013/UBNA_001/20221012_030000.WAV,Telephone Field,recover-20221013,001,1795
1080.0265,1080.0645,68437,81394,Rhinolophus ferrumequinum,0.025,0.025,-1,Echolocation,/mnt/ubna_data_02_mir/recover-20221013/UBNA_001/20221012_030000.WAV,Telephone Field,recover-20221013,001,1795
1080.0315,1080.0698,68437,82175,Rhinolophus ferrumequinum,0.024,0.024,-1,Echolocation,/mnt/ubna_data_02_mir/recover-20221013/UBNA_001/20221012_030000.WAV,Telephone Field,recover-20221013,001,1795
1080.0745,1080.0818,28046,40135,Eptesicus serotinus,0.006,0.021,-1,Echolocation,/mnt/ubna_data_02_mir/recover-20221013/UBNA_001/20221012_030000.WAV,Telephone Field,recover-20221013,001,1795
1080.0835,1080.0912,23750,31155,Plecotus austriacus,0.008,0.022,-1,Echolocation,/mnt/ubna_data_02_mir/recover-20221013/UBNA_001/20221012_030000.WAV,Telephone Field,recover-20221013,001,1795
1080.0905,1080.1274,68437,80940,Rhinolophus ferrumequinum,0.022,0.022,-1,Echolocation,/mnt/ubna_data_02_mir/recover-20221013/UBNA_001/20221012_030000.WAV,Telephone Field,recover-20221013,001,1795
1080.1175,1080.1254,28906,40000,Eptesicus serotinus,0.008,0.023,-1,Echolocation,/mnt/ubna_data_02_mir/recover-20221013/UBNA_001/20221012_030000.WAV,Telephone Field,recover-20221013,001,1795
1080.1325,1080.1757,68437,82901,Rhinolophus ferrumequinum,0.038,0.038,-1,Echolocation,/mnt/ubna_data_02_mir/recover-20221013/UBNA_001/20221012_030000.WAV,Telephone Field,recover-20221013,001,1795
1080.1455,1080.1527,27187,41001,Eptesicus serotinus,0.007,0.021,-1,Echolocation,/mnt/ubna_data_02_mir/recover-20221013/UBNA_001/20221012_030000.WAV,Telephone Field,recover-20221013,001,1795
1080.2155,1080.2559,68437,82300,Rhinolophus ferrumequinum,0.025,0.025,-1,Echolocation,/mnt/ubna_data_02_mir/recover-20221013/UBNA_001/20221012_030000.WAV,Telephone Field,recover-20221013,001,1795
1080.2235,1080.2321,28046,38314,Eptesicus serotinus,0.008,0.021,-1,Echolocation,/mnt/ubna_data_02_mir/recover-20221013/UBNA_001/20221012_030000.WAV,Telephone Field,recover-20221013,001,1795
1080.2585,1080.2982,68437,82221,Rhinolophus ferrumequinum,0.022,0.022,-1,Echolocation,/mnt/ubna_data_02_mir/recover-20221013/UBNA_001/20221012_030000.WAV,Telephone Field,recover-20221013,001,1795
1080.2705,1080.2862,22890,27639,Nyctalus leisleri,0.015,0.029,-1,Echolocation,/mnt/ubna_data_02_mir/recover-20221013/UBNA_001/20221012_030000.WAV,Telephone Field,recover-20221013,001,1795
1080.2875,1080.3271,68437,82252,Rhinolophus ferrumequinum,0.022,0.022,-1,Echolocation,/mnt/ubna_data_02_mir/recover-20221013/UBNA_001/20221012_030000.WAV,Telephone Field,recover-20221013,001,1795
1080.3225,1080.3613,68437,81885,Rhinolophus ferrumequinum,0.023,0.023,-1,Echolocation,/mnt/ubna_data_02_mir/recover-20221013/UBNA_001/20221012_030000.WAV,Telephone Field,recover-20221013,001,1795
1080.3355,1080.3448,22890,29350,Nyctalus leisleri,0.008,0.022,-1,Echolocation,/mnt/ubna_data_02_mir/recover-20221013/UBNA_001/20221012_030000.WAV,Telephone Field,recover-20221013,001,1795
1080.3425,1080.3507,57265,62689,Pipistrellus pygmaeus,0.021,0.021,-1,Echolocation,/mnt/ubna_data_02_mir/recover-20221013/UBNA_001/20221012_030000.WAV,Telephone Field,recover-20221013,001,1795
1080.3755,1080.3834,47812,52527,Pipistrellus pipistrellus,0.239,0.252,-1,Echolocation,/mnt/ubna_data_02_mir/recover-20221013/UBNA_001/20221012_030000.WAV,Telephone Field,recover-20221013,001,1795
1080.3845,1080.4232,68437,81793,Rhinolophus ferrumequinum,0.021,0.021,-1,Echolocation,/mnt/ubna_data_02_mir/recover-20221013/UBNA_001/20221012_030000.WAV,Telephone Field,recover-20221013,001,1795
1080.4675,1080.5109,68437,83231,Rhinolophus ferrumequinum,0.048,0.048,-1,Echolocation,/mnt/ubna_data_02_mir/recover-20221013/UBNA_001/20221012_030000.WAV,Telephone Field,recover-20221013,001,1795
1080.4735,1080.4839,23750,29689,Nyctalus leisleri,0.009,0.022,-1,Echolocation,/mnt/ubna_data_02_mir/recover-20221013/UBNA_001/20221012_030000.WAV,Telephone Field,recover-20221013,001,1795
1080.4965,1080.5352,68437,82958,Rhinolophus ferrumequinum,0.025,0.025,-1,Echolocation,/mnt/ubna_data_02_mir/recover-20221013/UBNA_001/20221012_030000.WAV,Telephone Field,recover-20221013,001,1795
1080.5355,1080.5762,68437,82741,Rhinolophus ferrumequinum,0.024,0.024,-1,Echolocation,/mnt/ubna_data_02_mir/recover-20221013/UBNA_001/20221012_030000.WAV,Telephone Field,recover-20221013,001,1795
1080.5975,1080.6084,22031,27715,Nyctalus leisleri,0.009,0.024,-1,Echolocation,/mnt/ubna_data_02_mir/recover-20221013/UBNA_001/20221012_030000.WAV,Telephone Field,recover-20221013,001,1795
1080.6055,1080.6218,21171,24515,Nyctalus leisleri,0.017,0.03,-1,Echolocation,/mnt/ubna_data_02_mir/recover-20221013/UBNA_001/20221012_030000.WAV,Telephone Field,recover-20221013,001,1795
1080.6225,1080.6345,22031,25786,Nyctalus leisleri,0.017,0.03,-1,Echolocation,/mnt/ubna_data_02_mir/recover-20221013/UBNA_001/20221012_030000.WAV,Telephone Field,recover-20221013,001,1795
1080.6345,1080.6722,68437,82119,Rhinolophus ferrumequinum,0.021,0.021,-1,Echolocation,/mnt/ubna_data_02_mir/recover-20221013/UBNA_001/20221012_030000.WAV,Telephone Field,recover-20221013,001,1795
1080.6405,1080.6803,68437,81831,Rhinolophus ferrumequinum,0.022,0.022,-1,Echolocation,/mnt/ubna_data_02_mir/recover-20221013/UBNA_001/20221012_030000.WAV,Telephone Field,recover-20221013,001,1795
1080.6655,1080.7006,68437,81542,Rhinolophus ferrumequinum,0.025,0.025,-1,Echolocation,/mnt/ubna_data_02_mir/recover-20221013/UBNA_001/20221012_030000.WAV,Telephone Field,recover-20221013,001,1795
1080.7015,1080.7425,68437,82767,Rhinolophus ferrumequinum,0.028,0.028,-1,Echolocation,/mnt/ubna_data_02_mir/recover-20221013/UBNA_001/20221012_030000.WAV,Telephone Field,recover-20221013,001,1795
1080.7085,1080.7238,21171,24571,Nyctalus leisleri,0.013,0.023,-1,Echolocation,/mnt/ubna_data_02_mir/recover-20221013/UBNA_001/20221012_030000.WAV,Telephone Field,recover-20221013,001,1795
1080.7435,1080.781,68437,82303,Rhinolophus ferrumequinum,0.023,0.023,-1,Echolocation,/mnt/ubna_data_02_mir/recover-20221013/UBNA_001/20221012_030000.WAV,Telephone Field,recover-20221013,001,1795
1080.7595,1080.7975,68437,82178,Rhinolophus ferrumequinum,0.021,0.021,-1,Echolocation,/mnt/ubna_data_02_mir/recover-20221013/UBNA_001/20221012_030000.WAV,Telephone Field,recover-20221013,001,1795
1080.7745,1080.7831,22031,28975,Plecotus austriacus,0.013,0.028,-1,Echolocation,/mnt/ubna_data_02_mir/recover-20221013/UBNA_001/20221012_030000.WAV,Telephone Field,recover-20221013,001,1795
1080.7935,1080.8295,68437,81450,Rhinolophus ferrumequinum,0.023,0.023,-1,Echolocation,/mnt/ubna_data_02_mir/recover-20221013/UBNA_001/20221012_030000.WAV,Telephone Field,recover-20221013,001,1795
1080.8095,1080.8202,26328,34144,Eptesicus serotinus,0.011,0.024,-1,Echolocation,/mnt/ubna_data_02_mir/recover-20221013/UBNA_001/20221012_030000.WAV,Telephone Field,recover-20221013,001,1795
1080.8255,1080.8644,68437,82364,Rhinolophus ferrumequinum,0.023,0.023,-1,Echolocation,/mnt/ubna_data_02_mir/recover-20221013/UBNA_001/20221012_030000.WAV,Telephone Field,recover-20221013,001,1795
1080.8435,1080.8554,46953,50853,Pipistrellus pipistrellus,0.04,0.044,-1,Echolocation,/mnt/ubna_data_02_mir/recover-20221013/UBNA_001/20221012_030000.WAV,Telephone Field,recover-20221013,001,1795
1080.8465,1080.8872,68437,83211,Rhinolophus ferrumequinum,0.023,0.023,-1,Echolocation,/mnt/ubna_data_02_mir/recover-20221013/UBNA_001/20221012_030000.WAV,Telephone Field,recover-20221013,001,1795
1080.8705,1080.8849,15156,20624,Nyctalus noctula,0.015,0.024,-1,Echolocation,/mnt/ubna_data_02_mir/recover-20221013/UBNA_001/20221012_030000.WAV,Telephone Field,recover-20221013,001,1795
1080.8765,1080.8841,24609,33328,Plecotus austriacus,0.006,0.022,-1,Echolocation,/mnt/ubna_data_02_mir/recover-20221013/UBNA_001/20221012_030000.WAV,Telephone Field,recover-20221013,001,1795
1080.8875,1080.8953,28046,40160,Eptesicus serotinus,0.007,0.022,-1,Echolocation,/mnt/ubna_data_02_mir/recover-20221013/UBNA_001/20221012_030000.WAV,Telephone Field,recover-20221013,001,1795
1080.8885,1080.9297,68437,82899,Rhinolophus ferrumequinum,0.028,0.028,-1,Echolocation,/mnt/ubna_data_02_mir/recover-20221013/UBNA_001/20221012_030000.WAV,Telephone Field,recover-20221013,001,1795
1080.9085,1080.9195,27187,35601,Eptesicus serotinus,0.013,0.027,-1,Echolocation,/mnt/ubna_data_02_mir/recover-20221013/UBNA_001/20221012_030000.WAV,Telephone Field,recover-20221013,001,1795
1080.9195,1080.9577,68437,81845,Rhinolophus ferrumequinum,0.024,0.024,-1,Echolocation,/mnt/ubna_data_02_mir/recover-20221013/UBNA_001/20221012_030000.WAV,Telephone Field,recover-20221013,001,1795
1080.9535,1080.991,68437,80816,Rhinolophus ferrumequinum,0.021,0.021,-1,Echolocation,/mnt/ubna_data_02_mir/recover-20221013/UBNA_001/20221012_030000.WAV,Telephone Field,recover-20221013,001,1795
1080.9725,1080.9842,53828,58709,Pipistrellus pygmaeus,0.023,0.028,-1,Echolocation,/mnt/ubna_data_02_mir/recover-20221013/UBNA_001/20221012_030000.WAV,Telephone Field,recover-20221013,001,1795
1080.9965,1081.0367,68437,82781,Rhinolophus ferrumequinum,0.021,0.021,-1,Echolocation,/mnt/ubna_data_02_mir/recover-20221013/UBNA_001/20221012_030000.WAV,Telephone Field,recover-20221013,001,1795
1081.0055,1081.0159,28906,37892,Eptesicus serotinus,0.018,0.032,-1,Echolocation,/mnt/ubna_data_02_mir/recover-20221013/UBNA_001/20221012_030000.WAV,Telephone Field,recover-20221013,001,1795
1081.0595,1081.0708,25468,32323,Eptesicus serotinus,0.008,0.022,-1,Echolocation,/mnt/ubna_data_02_mir/recover-20221013/UBNA_001/20221012_030000.WAV,Telephone Field,recover-20221013,001,1795
1081.0675,1081.0835,22890,27358,Nyctalus leisleri,0.013,0.024,-1,Echolocation,/mnt/ubna_data_02_mir/recover-20221013/UBNA_001/20221012_030000.WAV,Telephone Field,recover-20221013,001,1795
1081.0685,1081.1068,68437,81867,Rhinolophus ferrumequinum,0.021,0.021,-1,Echolocation,/mnt/ubna_data_02_mir/recover-20221013/UBNA_001/20221012_030000.WAV,Telephone Field,recover-20221013,001,1795
1081.1165,1081.156,68437,82597,Rhinolophus ferrumequinum,0.022,0.022,-1,Echolocation,/mnt/ubna_data_02_mir/recover-20221013/UBNA_001/20221012_030000.WAV,Telephone Field,recover-20221013,001,1795
1081.1185,1081.1273,28906,39723,Eptesicus serotinus,0.009,0.022,-1,Echolocation,/mnt/ubna_data_02_mir/recover-20221013/UBNA_001/20221012_030000.WAV,Telephone Field,recover-20221013,001,1795
1081.1355,1081.1758,68437,82674,Rhinolophus ferrumequinum,0.021,0.021,-1,Echolocation,/mnt/ubna_data_02_mir/recover-20221013/UBNA_001/20221012_030000.WAV,Telephone Field,recover-20221013,001,1795
1081.1595,1081.1951,68437,81511,Rhinolophus ferrumequinum,0.021,0.021,-1,Echolocation,/mnt/ubna_data_02_mir/recover-20221013/UBNA_001/20221012_030000.WAV,Telephone Field,recover-20221013,001,1795
1081.1695,1081.1799,22890,29360,Nyctalus leisleri,0.01,0.029,-1,Echolocation,/mnt/ubna_data_02_mir/recover-20221013/UBNA_001/20221012_030000.WAV,Telephone Field,recover-20221013,001,1795
1081.1915,1081.2043,22890,27730,Nyctalus leisleri,0.014,0.028,-1,Echolocation,/mnt/ubna_data_02_mir/recover-20221013/UBNA_001/20221012_030000.WAV,Telephone Field,recover-20221013,001,1795
1081.2385,1081.2786,68437,82632,Rhinolophus ferrumequinum,0.026,0.026,-1,Echolocation,/mnt/ubna_data_02_mir/recover-20221013/UBNA_001/20221012_030000.WAV,Telephone Field,recover-20221013,001,1795
1081.2655,1081.3041,68437,81773,Rhinolophus ferrumequinum,0.023,0.023,-1,Echolocation,/mnt/ubna_data_02_mir/recover-20221013/UBNA_001/20221012_030000.WAV,Telephone Field,recover-20221013,001,1795
1081.3125,1081.323,28046,36267,Eptesicus serotinus,0.012,0.025,-1,Echolocation,/mnt/ubna_data_02_mir/recover-20221013/UBNA_001/20221012_030000.WAV,Telephone Field,recover-20221013,001,1795
1081.3255,1081.3657,68437,82961,Rhinolophus ferrumequinum,0.031,0.031,-1,Echolocation,/mnt/ubna_data_02_mir/recover-20221013/UBNA_001/20221012_030000.WAV,Telephone Field,recover-20221013,001,1795
1081.3355,1081.344,27187,39394,Eptesicus serotinus,0.008,0.021,-1,Echolocation,/mnt/ubna_data_02_mir/recover-20221013/UBNA_001/20221012_030000.WAV,Telephone Field,recover-20221013,001,1795
1081.3885,1081.428,68437,82332,Rhinolophus ferrumequinum,0.023,0.024,-1,Echolocation,/mnt/ubna_data_02_mir/recover-20221013/UBNA_001/20221012_030000.WAV,Telephone Field,recover-20221013,001,1795
1081.3985,1081.406,28046,42894,Eptesicus serotinus,0.007,0.021,-1,Echolocation,/mnt/ubna_data_02_mir/recover-20221013/UBNA_001/20221012_030000.WAV,Telephone Field,recover-20221013,001,1795
1081.4035,1081.4104,47812,52063,Pipistrellus pipistrellus,0.02,0.021,-1,Echolocation,/mnt/ubna_data_02_mir/recover-20221013/UBNA_001/20221012_030000.WAV,Telephone Field,recover-20221013,001,1795
1081.4315,1081.4707,68437,82410,Rhinolophus ferrumequinum,0.023,0.023,-1,Echolocation,/mnt/ubna_data_02_mir/recover-20221013/UBNA_001/20221012_030000.WAV,Telephone Field,recover-20221013,001,1795
1081.4705,1081.4803,22890,29893,Nyctalus leisleri,0.009,0.027,-1,Echolocation,/mnt/ubna_data_02_mir/recover-20221013/UBNA_001/20221012_030000.WAV,Telephone Field,recover-20221013,001,1795
1081.5155,1081.5544,68437,82190,Rhinolophus ferrumequinum,0.026,0.026,-1,Echolocation,/mnt/ubna_data_02_mir/recover-20221013/UBNA_001/20221012_030000.WAV,Telephone Field,recover-20221013,001,1795
1081.5375,1081.5454,30625,42054,Myotis daubentonii,0.008,0.027,-1,Echolocation,/mnt/ubna_data_02_mir/recover-20221013/UBNA_001/20221012_030000.WAV,Telephone Field,recover-20221013,001,1795
1081.5705,1081.5806,22890,29098,Nyctalus leisleri,0.009,0.021,-1,Echolocation,/mnt/ubna_data_02_mir/recover-20221013/UBNA_001/20221012_030000.WAV,Telephone Field,recover-20221013,001,1795
1081.6055,1081.6389,68437,81408,Rhinolophus ferrumequinum,0.022,0.022,-1,Echolocation,/mnt/ubna_data_02_mir/recover-20221013/UBNA_001/20221012_030000.WAV,Telephone Field,recover-20221013,001,1795
1081.6905,1081.6985,27187,39517,Eptesicus serotinus,0.008,0.022,-1,Echolocation,/mnt/ubna_data_02_mir/recover-20221013/UBNA_001/20221012_030000.WAV,Telephone Field,recover-20221013,001,1795
1081.7385,1081.7483,28046,36380,Eptesicus serotinus,0.01,0.021,-1,Echolocation,/mnt/ubna_data_02_mir/recover-20221013/UBNA_001/20221012_030000.WAV,Telephone Field,recover-20221013,001,1795
1081.7695,1081.7872,19453,23043,Nyctalus noctula,0.012,0.022,-1,Echolocation,/mnt/ubna_data_02_mir/recover-20221013/UBNA_001/20221012_030000.WAV,Telephone Field,recover-20221013,001,1795
1081.7695,1081.7806,35781,40565,Pipistrellus nathusii,0.018,0.039,-1,Echolocation,/mnt/ubna_data_02_mir/recover-20221013/UBNA_001/20221012_030000.WAV,Telephone Field,recover-20221013,001,1795
1081.7995,1081.8065,28906,39858,Eptesicus serotinus,0.007,0.024,-1,Echolocation,/mnt/ubna_data_02_mir/recover-20221013/UBNA_001/20221012_030000.WAV,Telephone Field,recover-20221013,001,1795
1081.8325,1081.8716,68437,82548,Rhinolophus ferrumequinum,0.041,0.041,-1,Echolocation,/mnt/ubna_data_02_mir/recover-20221013/UBNA_001/20221012_030000.WAV,Telephone Field,recover-20221013,001,1795
1081.8905,1081.9309,68437,83013,Rhinolophus ferrumequinum,0.032,0.033,-1,Echolocation,/mnt/ubna_data_02_mir/recover-20221013/UBNA_001/20221012_030000.WAV,Telephone Field,recover-20221013,001,1795
1081.8995,1081.9073,27187,40877,Eptesicus serotinus,0.007,0.022,-1,Echolocation,/mnt/ubna_data_02_mir/recover-20221013/UBNA_001/20221012_030000.WAV,Telephone Field,recover-20221013,001,1795
1081.9045,1081.9453,68437,82160,Rhinolophus ferrumequinum,0.026,0.026,-1,Echolocation,/mnt/ubna_data_02_mir/recover-20221013/UBNA_001/20221012_030000.WAV,Telephone Field,recover-20221013,001,1795
1081.9235,1081.9388,22031,25790,Nyctalus leisleri,0.012,0.021,-1,Echolocation,/mnt/ubna_data_02_mir/recover-20221013/UBNA_001/20221012_030000.WAV,Telephone Field,recover-20221013,001,1795
1081.9295,1081.9411,22890,26892,Nyctalus leisleri,0.012,0.022,-1,Echolocation,/mnt/ubna_data_02_mir/recover-20221013/UBNA_001/20221012_030000.WAV,Telephone Field,recover-20221013,001,1795
1081.9315,1081.9712,68437,82053,Rhinolophus ferrumequinum,0.023,0.023,-1,Echolocation,/mnt/ubna_data_02_mir/recover-20221013/UBNA_001/20221012_030000.WAV,Telephone Field,recover-20221013,001,1795
1081.9365,1081.9459,48671,53412,Pipistrellus pipistrellus,0.024,0.028,-1,Echolocation,/mnt/ubna_data_02_mir/recover-20221013/UBNA_001/20221012_030000.WAV,Telephone Field,recover-20221013,001,1795
1081.9445,1081.9854,68437,83222,Rhinolophus ferrumequinum,0.023,0.023,-1,Echolocation,/mnt/ubna_data_02_mir/recover-20221013/UBNA_001/20221012_030000.WAV,Telephone Field,recover-20221013,001,1795
1081.9465,1081.9542,26328,39488,Eptesicus serotinus,0.007,0.023,-1,Echolocation,/mnt/ubna_data_02_mir/recover-20221013/UBNA_001/20221012_030000.WAV,Telephone Field,recover-20221013,001,1795
1081.9865,1081.9956,27187,37004,Eptesicus serotinus,0.008,0.022,-1,Echolocation,/mnt/ubna_data_02_mir/recover-20221013/UBNA_001/20221012_030000.WAV,Telephone Field,recover-20221013,001,1795
1082.0015,1082.0093,26328,35254,Eptesicus serotinus,0.006,0.023,-1,Echolocation,/mnt/ubna_data_02_mir/recover-20221013/UBNA_001/20221012_030000.WAV,Telephone Field,recover-20221013,001,1795
1082.0015,1082.0125,47812,54521,Pipistrellus pipistrellus,0.014,0.021,-1,Echolocation,/mnt/ubna_data_02_mir/recover-20221013/UBNA_001/20221012_030000.WAV,Telephone Field,recover-20221013,001,1795
1082.0015,1082.0324,68437,79624,Rhinolophus ferrumequinum,0.028,0.029,-1,Echolocation,/mnt/ubna_data_02_mir/recover-20221013/UBNA_001/20221012_030000.WAV,Telephone Field,recover-20221013,001,1795
1082.0085,1082.047,68437,81710,Rhinolophus ferrumequinum,0.022,0.022,-1,Echolocation,/mnt/ubna_data_02_mir/recover-20221013/UBNA_001/20221012_030000.WAV,Telephone Field,recover-20221013,001,1795
1082.0285,1082.0463,15156,19932,Nyctalus noctula,0.025,0.035,-1,Echolocation,/mnt/ubna_data_02_mir/recover-20221013/UBNA_001/20221012_030000.WAV,Telephone Field,recover-20221013,001,1795
1082.0365,1082.0435,27187,39461,Eptesicus serotinus,0.008,0.024,-1,Echolocation,/mnt/ubna_data_02_mir/recover-20221013/UBNA_001/20221012_030000.WAV,Telephone Field,recover-20221013,001,1795
1082.0745,1082.081,24609,38092,Plecotus austriacus,0.008,0.023,-1,Echolocation,/mnt/ubna_data_02_mir/recover-20221013/UBNA_001/20221012_030000.WAV,Telephone Field,recover-20221013,001,1795
1082.0745,1082.0809,33203,47831,Myotis daubentonii,0.01,0.028,-1,Echolocation,/mnt/ubna_data_02_mir/recover-20221013/UBNA_001/20221012_030000.WAV,Telephone Field,recover-20221013,001,1795
1082.1015,1082.1101,28906,37387,Eptesicus serotinus,0.007,0.022,-1,Echolocation,/mnt/ubna_data_02_mir/recover-20221013/UBNA_001/20221012_030000.WAV,Telephone Field,recover-20221013,001,1795
1082.1145,1082.1558,68437,82427,Rhinolophus ferrumequinum,0.021,0.021,-1,Echolocation,/mnt/ubna_data_02_mir/recover-20221013/UBNA_001/20221012_030000.WAV,Telephone Field,recover-20221013,001,1795
1082.1305,1082.1673,68437,81623,Rhinolophus ferrumequinum,0.021,0.021,-1,Echolocation,/mnt/ubna_data_02_mir/recover-20221013/UBNA_001/20221012_030000.WAV,Telephone Field,recover-20221013,001,1795
1082.1415,1082.1492,50390,55556,Pipistrellus pipistrellus,0.019,0.021,-1,Echolocation,/mnt/ubna_data_02_mir/recover-20221013/UBNA_001/20221012_030000.WAV,Telephone Field,recover-20221013,001,1795
1082.1565,1082.1665,22031,27127,Nyctalus leisleri,0.007,0.021,-1,Echolocation,/mnt/ubna_data_02_mir/recover-20221013/UBNA_001/20221012_030000.WAV,Telephone Field,recover-20221013,001,1795
1082.1975,1082.2354,68437,82054,Rhinolophus ferrumequinum,0.038,0.038,-1,Echolocation,/mnt/ubna_data_02_mir/recover-20221013/UBNA_001/20221012_030000.WAV,Telephone Field,recover-20221013,001,1795
1082.2085,1082.2175,25468,32057,Eptesicus serotinus,0.007,0.021,-1,Echolocation,/mnt/ubna_data_02_mir/recover-20221013/UBNA_001/20221012_030000.WAV,Telephone Field,recover-20221013,001,1795
1082.2225,1082.258,68437,81668,Rhinolophus ferrumequinum,0.022,0.022,-1,Echolocation,/mnt/ubna_data_02_mir/recover-20221013/UBNA_001/20221012_030000.WAV,Telephone Field,recover-20221013,001,1795
1082.2495,1082.26,23750,29152,Nyctalus leisleri,0.008,0.021,-1,Echolocation,/mnt/ubna_data_02_mir/recover-20221013/UBNA_001/20221012_030000.WAV,Telephone Field,recover-20221013,001,1795
1082.2585,1082.2666,22890,29846,Plecotus austriacus,0.009,0.021,-1,Echolocation,/mnt/ubna_data_02_mir/recover-20221013/UBNA_001/20221012_030000.WAV,Telephone Field,recover-20221013,001,1795
1082.2585,1082.2661,27187,38503,Eptesicus serotinus,0.005,0.02,-1,Echolocation,/mnt/ubna_data_02_mir/recover-20221013/UBNA_001/20221012_030000.WAV,Telephone Field,recover-20221013,001,1795
1082.2905,1082.3332,68437,83060,Rhinolophus ferrumequinum,0.028,0.028,-1,Echolocation,/mnt/ubna_data_02_mir/recover-20221013/UBNA_001/20221012_030000.WAV,Telephone Field,recover-20221013,001,1795
1082.2965,1082.3045,27187,36827,Eptesicus serotinus,0.006,0.02,-1,Echolocation,/mnt/ubna_data_02_mir/recover-20221013/UBNA_001/20221012_030000.WAV,Telephone Field,recover-20221013,001,1795
1082.3155,1082.3354,16875,20838,Nyctalus noctula,0.014,0.022,-1,Echolocation,/mnt/ubna_data_02_mir/recover-20221013/UBNA_001/20221012_030000.WAV,Telephone Field,recover-20221013,001,1795
1082.3195,1082.3293,22890,28820,Nyctalus leisleri,0.01,0.025,-1,Echolocation,/mnt/ubna_data_02_mir/recover-20221013/UBNA_001/20221012_030000.WAV,Telephone Field,recover-20221013,001,1795
1082.3425,1082.3514,27187,35639,Eptesicus serotinus,0.01,0.021,-1,Echolocation,/mnt/ubna_data_02_mir/recover-20221013/UBNA_001/20221012_030000.WAV,Telephone Field,recover-20221013,001,1795
1082.3435,1082.3839,68437,82694,Rhinolophus ferrumequinum,0.026,0.026,-1,Echolocation,/mnt/ubna_data_02_mir/recover-20221013/UBNA_001/20221012_030000.WAV,Telephone Field,recover-20221013,001,1795
1082.3645,1082.3729,23750,31646,Plecotus austriacus,0.006,0.021,-1,Echolocation,/mnt/ubna_data_02_mir/recover-20221013/UBNA_001/20221012_030000.WAV,Telephone Field,recover-20221013,001,1795
1082.3835,1082.3914,23750,32526,Plecotus austriacus,0.011,0.026,-1,Echolocation,/mnt/ubna_data_02_mir/recover-20221013/UBNA_001/20221012_030000.WAV,Telephone Field,recover-20221013,001,1795
1082.4245,1082.4627,68437,81692,Rhinolophus ferrumequinum,0.023,0.023,-1,Echolocation,/mnt/ubna_data_02_mir/recover-20221013/UBNA_001/20221012_030000.WAV,Telephone Field,recover-20221013,001,1795
1082.4505,1082.4587,28046,39458,Eptesicus serotinus,0.008,0.021,-1,Echolocation,/mnt/ubna_data_02_mir/recover-20221013/UBNA_001/20221012_030000.WAV,Telephone Field,recover-20221013,001,1795
1082.4855,1082.523,68437,82308,Rhinolophus ferrumequinum,0.022,0.022,-1,Echolocation,/mnt/ubna_data_02_mir/recover-20221013/UBNA_001/20221012_030000.WAV,Telephone Field,recover-20221013,001,1795
1082.5065,1082.5404,68437,79801,Rhinolophus ferrumequinum,0.028,0.028,-1,Echolocation,/mnt/ubna_data_02_mir/recover-20221013/UBNA_001/20221012_030000.WAV,Telephone Field,recover-20221013,001,1795
1082.5125,1082.5464,68437,80453,Rhinolophus ferrumequinum,0.023,0.023,-1,Echolocation,/mnt/ubna_data_02_mir/recover-20221013/UBNA_001/20221012_030000.WAV,Telephone Field,recover-20221013,001,1795
1082.5405,1082.5474,34921,43792,Myotis daubentonii,0.008,0.021,-1,Echolocation,/mnt/ubna_data_02_mir/recover-20221013/UBNA_001/20221012_030000.WAV,Telephone Field,recover-20221013,001,1795
1082.5415,1082.5489,27187,39130,Eptesicus serotinus,0.007,0.022,-1,Echolocation,/mnt/ubna_data_02_mir/recover-20221013/UBNA_001/20221012_030000.WAV,Telephone Field,recover-20221013,001,1795
1082.5435,1082.5815,68437,82100,Rhinolophus ferrumequinum,0.02,0.02,-1,Echolocation,/mnt/ubna_data_02_mir/recover-20221013/UBNA_001/20221012_030000.WAV,Telephone Field,recover-20221013,001,1795
1082.5675,1082.578,27187,35997,Eptesicus serotinus,0.011,0.022,-1,Echolocation,/mnt/ubna_data_02_mir/recover-20221013/UBNA_001/20221012_030000.WAV,Telephone Field,recover-20221013,001,1795
1082.6315,1082.642,22890,27849,Nyctalus leisleri,0.009,0.022,-1,Echolocation,/mnt/ubna_data_02_mir/recover-20221013/UBNA_001/20221012_030000.WAV,Telephone Field,recover-20221013,001,1795
1082.6535,1082.6925,68437,82118,Rhinolophus ferrumequinum,0.022,0.022,-1,Echolocation,/mnt/ubna_data_02_mir/recover-20221013/UBNA_001/20221012_030000.WAV,Telephone Field,recover-20221013,001,1795
1082.6655,1082.7047,68437,81909,Rhinolophus ferrumequinum,0.023,0.023,-1,Echolocation,/mnt/ubna_data_02_mir/recover-20221013/UBNA_001/20221012_030000.WAV,Telephone Field,recover-20221013,001,1795
1082.6745,1082.6816,27187,39048,Eptesicus serotinus,0.008,0.027,-1,Echolocation,/mnt/ubna_data_02_mir/recover-20221013/UBNA_001/20221012_030000.WAV,Telephone Field,recover-20221013,001,1795
1082.6925,1082.7306,68437,82073,Rhinolophus ferrumequinum,0.021,0.021,-1,Echolocation,/mnt/ubna_data_02_mir/recover-20221013/UBNA_001/20221012_030000.WAV,Telephone Field,recover-20221013,001,1795
1082.7085,1082.7168,26328,34647,Eptesicus serotinus,0.007,0.022,-1,Echolocation,/mnt/ubna_data_02_mir/recover-20221013/UBNA_001/20221012_030000.WAV,Telephone Field,recover-20221013,001,1795
1082.7305,1082.7418,23750,29897,Nyctalus leisleri,0.011,0.029,-1,Echolocation,/mnt/ubna_data_02_mir/recover-20221013/UBNA_001/20221012_030000.WAV,Telephone Field,recover-20221013,001,1795
1082.7485,1082.7878,68437,82470,Rhinolophus ferrumequinum,0.02,0.02,-1,Echolocation,/mnt/ubna_data_02_mir/recover-20221013/UBNA_001/20221012_030000.WAV,Telephone Field,recover-20221013,001,1795
1082.7735,1082.7811,27187,36656,Eptesicus serotinus,0.012,0.028,-1,Echolocation,/mnt/ubna_data_02_mir/recover-20221013/UBNA_001/20221012_030000.WAV,Telephone Field,recover-20221013,001,1795
1082.7855,1082.8245,68437,82169,Rhinolophus ferrumequinum,0.023,0.023,-1,Echolocation,/mnt/ubna_data_02_mir/recover-20221013/UBNA_001/20221012_030000.WAV,Telephone Field,recover-20221013,001,1795
1082.8075,1082.8441,68437,80873,Rhinolophus ferrumequinum,0.02,0.02,-1,Echolocation,/mnt/ubna_data_02_mir/recover-20221013/UBNA_001/20221012_030000.WAV,Telephone Field,recover-20221013,001,1795
1082.8255,1082.8349,22890,29288,Plecotus austriacus,0.007,0.023,-1,Echolocation,/mnt/ubna_data_02_mir/recover-20221013/UBNA_001/20221012_030000.WAV,Telephone Field,recover-20221013,001,1795
1082.8555,1082.8632,28046,39692,Eptesicus serotinus,0.007,0.02,-1,Echolocation,/mnt/ubna_data_02_mir/recover-20221013/UBNA_001/20221012_030000.WAV,Telephone Field,recover-20221013,001,1795
1082.8665,1082.8733,27187,39437,Eptesicus serotinus,0.005,0.02,-1,Echolocation,/mnt/ubna_data_02_mir/recover-20221013/UBNA_001/20221012_030000.WAV,Telephone Field,recover-20221013,001,1795
1082.8765,1082.913,68437,82067,Rhinolophus ferrumequinum,0.02,0.02,-1,Echolocation,/mnt/ubna_data_02_mir/recover-20221013/UBNA_001/20221012_030000.WAV,Telephone Field,recover-20221013,001,1795
1082.8895,1082.9247,68437,80767,Rhinolophus ferrumequinum,0.021,0.021,-1,Echolocation,/mnt/ubna_data_02_mir/recover-20221013/UBNA_001/20221012_030000.WAV,Telephone Field,recover-20221013,001,1795
1082.9575,1082.9653,28046,41859,Eptesicus serotinus,0.008,0.023,-1,Echolocation,/mnt/ubna_data_02_mir/recover-20221013/UBNA_001/20221012_030000.WAV,Telephone Field,recover-20221013,001,1795
1082.9735,1083.0124,68437,81011,Rhinolophus ferrumequinum,0.022,0.022,-1,Echolocation,/mnt/ubna_data_02_mir/recover-20221013/UBNA_001/20221012_030000.WAV,Telephone Field,recover-20221013,001,1795
1083.0085,1083.0468,68437,82230,Rhinolophus ferrumequinum,0.02,0.02,-1,Echolocation,/mnt/ubna_data_02_mir/recover-20221013/UBNA_001/20221012_030000.WAV,Telephone Field,recover-20221013,001,1795
1083.0175,1083.0279,22890,27470,Nyctalus leisleri,0.01,0.02,-1,Echolocation,/mnt/ubna_data_02_mir/recover-20221013/UBNA_001/20221012_030000.WAV,Telephone Field,recover-20221013,001,1795
1083.0275,1083.0395,22890,27422,Nyctalus leisleri,0.01,0.021,-1,Echolocation,/mnt/ubna_data_02_mir/recover-20221013/UBNA_001/20221012_030000.WAV,Telephone Field,recover-20221013,001,1795
1083.0575,1083.0958,68437,81879,Rhinolophus ferrumequinum,0.023,0.023,-1,Echolocation,/mnt/ubna_data_02_mir/recover-20221013/UBNA_001/20221012_030000.WAV,Telephone Field,recover-20221013,001,1795
1083.0585,1083.0668,28046,37525,Eptesicus serotinus,0.007,0.021,-1,Echolocation,/mnt/ubna_data_02_mir/recover-20221013/UBNA_001/20221012_030000.WAV,Telephone Field,recover-20221013,001,1795
1083.0665,1083.0762,50390,54689,Pipistrellus pipistrellus,0.017,0.022,-1,Echolocation,/mnt/ubna_data_02_mir/recover-20221013/UBNA_001/20221012_030000.WAV,Telephone Field,recover-20221013,001,1795
1083.0785,1083.1176,68437,82034,Rhinolophus ferrumequinum,0.022,0.022,-1,Echolocation,/mnt/ubna_data_02_mir/recover-20221013/UBNA_001/20221012_030000.WAV,Telephone Field,recover-20221013,001,1795
1083.0915,1083.1268,68437,81212,Rhinolophus ferrumequinum,0.022,0.022,-1,Echolocation,/mnt/ubna_data_02_mir/recover-20221013/UBNA_001/20221012_030000.WAV,Telephone Field,recover-20221013,001,1795
1083.1005,1083.1398,68437,82019,Rhinolophus ferrumequinum,0.022,0.022,-1,Echolocation,/mnt/ubna_data_02_mir/recover-20221013/UBNA_001/20221012_030000.WAV,Telephone Field,recover-20221013,001,1795
1083.1425,1083.1811,68437,81978,Rhinolophus ferrumequinum,0.021,0.021,-1,Echolocation,/mnt/ubna_data_02_mir/recover-20221013/UBNA_001/20221012_030000.WAV,Telephone Field,recover-20221013,001,1795
1083.1445,1083.1531,23750,32123,Plecotus austriacus,0.008,0.024,-1,Echolocation,/mnt/ubna_data_02_mir/recover-20221013/UBNA_001/20221012_030000.WAV,Telephone Field,recover-20221013,001,1795
1083.1675,1083.1771,44375,49079,Pipistrellus pipistrellus,0.021,0.024,-1,Echolocation,/mnt/ubna_data_02_mir/recover-20221013/UBNA_001/20221012_030000.WAV,Telephone Field,recover-20221013,001,1795
1083.1955,1083.2057,28046,35347,Eptesicus serotinus,0.01,0.021,-1,Echolocation,/mnt/ubna_data_02_mir/recover-20221013/UBNA_001/20221012_030000.WAV,Telephone Field,recover-20221013,001,1795
1083.2075,1083.2427,68437,81719,Rhinolophus ferrumequinum,0.02,0.02,-1,Echolocation,/mnt/ubna_data_02_mir/recover-20221013/UBNA_001/20221012_030000.WAV,Telephone Field,recover-20221013,001,1795
1083.2235,1083.2621,68437,82563,Rhinolophus ferrumequinum,0.022,0.022,-1,Echolocation,/mnt/ubna_data_02_mir/recover-20221013/UBNA_001/20221012_030000.WAV,Telephone Field,recover-20221013,001,1795
1083.2485,1083.2571,36640,43459,Barbastellus barbastellus,0.03,0.08,-1,Echolocation,/mnt/ubna_data_02_mir/recover-20221013/UBNA_001/20221012_030000.WAV,Telephone Field,recover-20221013,001,1795
1083.2485,1083.2563,26328,45032,Eptesicus serotinus,0.009,0.026,-1,Echolocation,/mnt/ubna_data_02_mir/recover-20221013/UBNA_001/20221012_030000.WAV,Telephone Field,recover-20221013,001,1795
1083.2495,1083.2903,68437,82580,Rhinolophus ferrumequinum,0.03,0.03,-1,Echolocation,/mnt/ubna_data_02_mir/recover-20221013/UBNA_001/20221012_030000.WAV,Telephone Field,recover-20221013,001,1795
1083.2645,1083.3012,68437,81599,Rhinolophus ferrumequinum,0.02,0.02,-1,Echolocation,/mnt/ubna_data_02_mir/recover-20221013/UBNA_001/20221012_030000.WAV,Telephone Field,recover-20221013,001,1795
1083.3075,1083.3146,27187,40391,Eptesicus serotinus,0.006,0.021,-1,Echolocation,/mnt/ubna_data_02_mir/recover-20221013/UBNA_001/20221012_030000.WAV,Telephone Field,recover-20221013,001,1795
1083.3155,1083.3246,23750,30488,Nyctalus leisleri,0.006,0.02,-1,Echolocation,/mnt/ubna_data_02_mir/recover-20221013/UBNA_001/20221012_030000.WAV,Telephone Field,recover-20221013,001,1795
1083.3225,1083.3568,68437,80906,Rhinolophus ferrumequinum,0.024,0.024,-1,Echolocation,/mnt/ubna_data_02_mir/recover-20221013/UBNA_001/20221012_030000.WAV,Telephone Field,recover-20221013,001,1795
1083.3735,1083.4122,68437,82313,Rhinolophus ferrumequinum,0.021,0.021,-1,Echolocation,/mnt/ubna_data_02_mir/recover-20221013/UBNA_001/20221012_030000.WAV,Telephone Field,recover-20221013,001,1795
1083.4155,1083.4222,23750,33109,Plecotus austriacus,0.013,0.028,-1,Echolocation,/mnt/ubna_data_02_mir/recover-20221013/UBNA_001/20221012_030000.WAV,Telephone Field,recover-20221013,001,1795
1083.4505,1083.4582,28046,36677,Eptesicus serotinus,0.007,0.02,-1,Echolocation,/mnt/ubna_data_02_mir/recover-20221013/UBNA_001/20221012_030000.WAV,Telephone Field,recover-20221013,001,1795
1083.4595,1083.4985,68437,82300,Rhinolophus ferrumequinum,0.023,0.023,-1,Echolocation,/mnt/ubna_data_02_mir/recover-20221013/UBNA_001/20221012_030000.WAV,Telephone Field,recover-20221013,001,1795
1083.4665,1083.4739,27187,36689,Eptesicus serotinus,0.007,0.02,-1,Echolocation,/mnt/ubna_data_02_mir/recover-20221013/UBNA_001/20221012_030000.WAV,Telephone Field,recover-20221013,001,1795
1083.4795,1083.5221,68437,83009,Rhinolophus ferrumequinum,0.022,0.022,-1,Echolocation,/mnt/ubna_data_02_mir/recover-20221013/UBNA_001/20221012_030000.WAV,Telephone Field,recover-20221013,001,1795
1083.5165,1083.5562,68437,82147,Rhinolophus ferrumequinum,0.023,0.023,-1,Echolocation,/mnt/ubna_data_02_mir/recover-20221013/UBNA_001/20221012_030000.WAV,Telephone Field,recover-20221013,001,1795
1083.5375,1083.5799,68437,82626,Rhinolophus ferrumequinum,0.023,0.023,-1,Echolocation,/mnt/ubna_data_02_mir/recover-20221013/UBNA_001/20221012_030000.WAV,Telephone Field,recover-20221013,001,1795
1083.5595,1083.5652,50390,59960,Pipistrellus pipistrellus,0.066,0.082,-1,Echolocation,/mnt/ubna_data_02_mir/recover-20221013/UBNA_001/20221012_030000.WAV,Telephone Field,recover-20221013,001,1795
1083.5835,1083.5931,30625,39131,Eptesicus serotinus,0.01,0.027,-1,Echolocation,/mnt/ubna_data_02_mir/recover-20221013/UBNA_001/20221012_030000.WAV,Telephone Field,recover-20221013,001,1795
1083.5945,1083.6314,68437,81193,Rhinolophus ferrumequinum,0.021,0.021,-1,Echolocation,/mnt/ubna_data_02_mir/recover-20221013/UBNA_001/20221012_030000.WAV,Telephone Field,recover-20221013,001,1795
1083.6265,1083.6656,68437,81349,Rhinolophus ferrumequinum,0.022,0.022,-1,Echolocation,/mnt/ubna_data_02_mir/recover-20221013/UBNA_001/20221012_030000.WAV,Telephone Field,recover-20221013,001,1795
1083.6395,1083.6466,28046,40495,Eptesicus serotinus,0.009,0.027,-1,Echolocation,/mnt/ubna_data_02_mir/recover-20221013/UBNA_001/20221012_030000.WAV,Telephone Field,recover-20221013,001,1795
1083.6665,1083.677,22890,28062,Nyctalus leisleri,0.01,0.021,-1,Echolocation,/mnt/ubna_data_02_mir/recover-20221013/UBNA_001/20221012_030000.WAV,Telephone Field,recover-20221013,001,1795
1083.6795,1083.6911,27187,34139,Eptesicus serotinus,0.02,0.037,-1,Echolocation,/mnt/ubna_data_02_mir/recover-20221013/UBNA_001/20221012_030000.WAV,Telephone Field,recover-20221013,001,1795
1083.7025,1083.7376,68437,80850,Rhinolophus ferrumequinum,0.025,0.025,-1,Echolocation,/mnt/ubna_data_02_mir/recover-20221013/UBNA_001/20221012_030000.WAV,Telephone Field,recover-20221013,001,1795
1083.7165,1083.7552,68437,81669,Rhinolophus ferrumequinum,0.025,0.025,-1,Echolocation,/mnt/ubna_data_02_mir/recover-20221013/UBNA_001/20221012_030000.WAV,Telephone Field,recover-20221013,001,1795
1083.7285,1083.7681,68437,82273,Rhinolophus ferrumequinum,0.02,0.02,-1,Echolocation,/mnt/ubna_data_02_mir/recover-20221013/UBNA_001/20221012_030000.WAV,Telephone Field,recover-20221013,001,1795
1083.7635,1083.7726,28046,38335,Eptesicus serotinus,0.008,0.021,-1,Echolocation,/mnt/ubna_data_02_mir/recover-20221013/UBNA_001/20221012_030000.WAV,Telephone Field,recover-20221013,001,1795
1083.8535,1083.898,68437,83217,Rhinolophus ferrumequinum,0.036,0.036,-1,Echolocation,/mnt/ubna_data_02_mir/recover-20221013/UBNA_001/20221012_030000.WAV,Telephone Field,recover-20221013,001,1795
1083.8555,1083.8641,28906,37708,Eptesicus serotinus,0.008,0.02,-1,Echolocation,/mnt/ubna_data_02_mir/recover-20221013/UBNA_001/20221012_030000.WAV,Telephone Field,recover-20221013,001,1795
1083.9035,1083.9439,68437,82989,Rhinolophus ferrumequinum,0.022,0.022,-1,Echolocation,/mnt/ubna_data_02_mir/recover-20221013/UBNA_001/20221012_030000.WAV,Telephone Field,recover-20221013,001,1795
1083.9165,1083.9295,22031,25856,Nyctalus leisleri,0.017,0.028,-1,Echolocation,/mnt/ubna_data_02_mir/recover-20221013/UBNA_001/20221012_030000.WAV,Telephone Field,recover-20221013,001,1795
1083.9345,1083.9755,68437,83202,Rhinolophus ferrumequinum,0.037,0.037,-1,Echolocation,/mnt/ubna_data_02_mir/recover-20221013/UBNA_001/20221012_030000.WAV,Telephone Field,recover-20221013,001,1795
1083.9525,1083.9645,22890,27872,Nyctalus leisleri,0.012,0.025,-1,Echolocation,/mnt/ubna_data_02_mir/recover-20221013/UBNA_001/20221012_030000.WAV,Telephone Field,recover-20221013,001,1795
1084.0015,1084.0338,69296,81830,Rhinolophus ferrumequinum,0.033,0.033,-1,Echolocation,/mnt/ubna_data_02_mir/recover-20221013/UBNA_001/20221012_030000.WAV,Telephone Field,recover-20221013,001,1795
1084.0015,1084.0097,25468,33825,Nyctalus leisleri,0.009,0.028,-1,Echolocation,/mnt/ubna_data_02_mir/recover-20221013/UBNA_001/20221012_030000.WAV,Telephone Field,recover-20221013,001,1795
1084.0165,1084.058,68437,82543,Rhinolophus ferrumequinum,0.021,0.021,-1,Echolocation,/mnt/ubna_data_02_mir/recover-20221013/UBNA_001/20221012_030000.WAV,Telephone Field,recover-20221013,001,1795
1084.0465,1084.0842,68437,81846,Rhinolophus ferrumequinum,0.021,0.021,-1,Echolocation,/mnt/ubna_data_02_mir/recover-20221013/UBNA_001/20221012_030000.WAV,Telephone Field,recover-20221013,001,1795
1084.0525,1084.0913,68437,81975,Rhinolophus ferrumequinum,0.023,0.023,-1,Echolocation,/mnt/ubna_data_02_mir/recover-20221013/UBNA_001/20221012_030000.WAV,Telephone Field,recover-20221013,001,1795
1084.0625,1084.0697,27187,40370,Eptesicus serotinus,0.008,0.026,-1,Echolocation,/mnt/ubna_data_02_mir/recover-20221013/UBNA_001/20221012_030000.WAV,Telephone Field,recover-20221013,001,1795
1084.0905,1084.1322,68437,82950,Rhinolophus ferrumequinum,0.023,0.023,-1,Echolocation,/mnt/ubna_data_02_mir/recover-20221013/UBNA_001/20221012_030000.WAV,Telephone Field,recover-20221013,001,1795
1084.0965,1084.1065,24609,31116,Nyctalus leisleri,0.009,0.026,-1,Echolocation,/mnt/ubna_data_02_mir/recover-20221013/UBNA_001/20221012_030000.WAV,Telephone Field,recover-20221013,001,1795
1084.1175,1084.1572,68437,81822,Rhinolophus ferrumequinum,0.021,0.021,-1,Echolocation,/mnt/ubna_data_02_mir/recover-20221013/UBNA_001/20221012_030000.WAV,Telephone Field,recover-20221013,001,1795
1084.1475,1084.1884,68437,82793,Rhinolophus ferrumequinum,0.027,0.027,-1,Echolocation,/mnt/ubna_data_02_mir/recover-20221013/UBNA_001/20221012_030000.WAV,Telephone Field,recover-20221013,001,1795
1084.1985,1084.2072,28046,36582,Eptesicus serotinus,0.008,0.022,-1,Echolocation,/mnt/ubna_data_02_mir/recover-20221013/UBNA_001/20221012_030000.WAV,Telephone Field,recover-20221013,001,1795
1084.2005,1084.2383,68437,82314,Rhinolophus ferrumequinum,0.022,0.022,-1,Echolocation,/mnt/ubna_data_02_mir/recover-20221013/UBNA_001/20221012_030000.WAV,Telephone Field,recover-20221013,001,1795
1084.2155,1084.226,27187,34654,Eptesicus serotinus,0.013,0.028,-1,Echolocation,/mnt/ubna_data_02_mir/recover-20221013/UBNA_001/20221012_030000.WAV,Telephone Field,recover-20221013,001,1795
1084.2265,1084.2373,23750,28872,Nyctalus leisleri,0.01,0.021,-1,Echolocation,/mnt/ubna_data_02_mir/recover-20221013/UBNA_001/20221012_030000.WAV,Telephone Field,recover-20221013,001,1795
1084.2345,1084.2402,48671,54024,Pipistrellus pipistrellus,0.022,0.023,-1,Echolocation,/mnt/ubna_data_02_mir/recover-20221013/UBNA_001/20221012_030000.WAV,Telephone Field,recover-20221013,001,1795
1084.2435,1084.2845,68437,83203,Rhinolophus ferrumequinum,0.022,0.022,-1,Echolocation,/mnt/ubna_data_02_mir/recover-20221013/UBNA_001/20221012_030000.WAV,Telephone Field,recover-20221013,001,1795
1084.2465,1084.2557,29765,37358,Eptesicus serotinus,0.007,0.022,-1,Echolocation,/mnt/ubna_data_02_mir/recover-20221013/UBNA_001/20221012_030000.WAV,Telephone Field,recover-20221013,001,1795
1084.2525,1084.2935,68437,82672,Rhinolophus ferrumequinum,0.021,0.021,-1,Echolocation,/mnt/ubna_data_02_mir/recover-20221013/UBNA_001/20221012_030000.WAV,Telephone Field,recover-20221013,001,1795
1084.2915,1084.3001,29765,38662,Eptesicus serotinus,0.009,0.027,-1,Echolocation,/mnt/ubna_data_02_mir/recover-20221013/UBNA_001/20221012_030000.WAV,Telephone Field,recover-20221013,001,1795
1084.3395,1084.3463,27187,43801,Eptesicus serotinus,0.006,0.021,-1,Echolocation,/mnt/ubna_data_02_mir/recover-20221013/UBNA_001/20221012_030000.WAV,Telephone Field,recover-20221013,001,1795
1084.3465,1084.3863,68437,82420,Rhinolophus ferrumequinum,0.022,0.022,-1,Echolocation,/mnt/ubna_data_02_mir/recover-20221013/UBNA_001/20221012_030000.WAV,Telephone Field,recover-20221013,001,1795
1084.4305,1084.4403,28046,36089,Eptesicus serotinus,0.008,0.021,-1,Echolocation,/mnt/ubna_data_02_mir/recover-20221013/UBNA_001/20221012_030000.WAV,Telephone Field,recover-20221013,001,1795
1084.4915,1084.531,68437,82317,Rhinolophus ferrumequinum,0.023,0.023,-1,Echolocation,/mnt/ubna_data_02_mir/recover-20221013/UBNA_001/20221012_030000.WAV,Telephone Field,recover-20221013,001,1795
1084.4995,1084.539,68437,82807,Rhinolophus ferrumequinum,0.021,0.021,-1,Echolocation,/mnt/ubna_data_02_mir/recover-20221013/UBNA_001/20221012_030000.WAV,Telephone Field,recover-20221013,001,1795
1084.5065,1084.544,68437,81865,Rhinolophus ferrumequinum,0.021,0.021,-1,Echolocation,/mnt/ubna_data_02_mir/recover-20221013/UBNA_001/20221012_030000.WAV,Telephone Field,recover-20221013,001,1795
1084.5245,1084.5357,26328,33246,Eptesicus serotinus,0.016,0.033,-1,Echolocation,/mnt/ubna_data_02_mir/recover-20221013/UBNA_001/20221012_030000.WAV,Telephone Field,recover-20221013,001,1795
1084.5245,1084.5651,68437,82581,Rhinolophus ferrumequinum,0.031,0.031,-1,Echolocation,/mnt/ubna_data_02_mir/recover-20221013/UBNA_001/20221012_030000.WAV,Telephone Field,recover-20221013,001,1795
1084.5575,1084.6022,68437,83178,Rhinolophus ferrumequinum,0.034,0.034,-1,Echolocation,/mnt/ubna_data_02_mir/recover-20221013/UBNA_001/20221012_030000.WAV,Telephone Field,recover-20221013,001,1795
1084.5795,1084.5888,29765,38434,Eptesicus serotinus,0.007,0.022,-1,Echolocation,/mnt/ubna_data_02_mir/recover-20221013/UBNA_001/20221012_030000.WAV,Telephone Field,recover-20221013,001,1795
1084.6065,1084.6205,35781,40611,Pipistrellus nathusii,0.016,0.036,-1,Echolocation,/mnt/ubna_data_02_mir/recover-20221013/UBNA_001/20221012_030000.WAV,Telephone Field,recover-20221013,001,1795
1084.6085,1084.6165,26328,35518,Eptesicus serotinus,0.006,0.021,-1,Echolocation,/mnt/ubna_data_02_mir/recover-20221013/UBNA_001/20221012_030000.WAV,Telephone Field,recover-20221013,001,1795
1084.6085,1084.6188,22031,27747,Nyctalus leisleri,0.009,0.022,-1,Echolocation,/mnt/ubna_data_02_mir/recover-20221013/UBNA_001/20221012_030000.WAV,Telephone Field,recover-20221013,001,1795
1084.6095,1084.6483,68437,82182,Rhinolophus ferrumequinum,0.023,0.023,-1,Echolocation,/mnt/ubna_data_02_mir/recover-20221013/UBNA_001/20221012_030000.WAV,Telephone Field,recover-20221013,001,1795
1084.6265,1084.6653,68437,81489,Rhinolophus ferrumequinum,0.022,0.022,-1,Echolocation,/mnt/ubna_data_02_mir/recover-20221013/UBNA_001/20221012_030000.WAV,Telephone Field,recover-20221013,001,1795
1084.6395,1084.6802,68437,82420,Rhinolophus ferrumequinum,0.022,0.022,-1,Echolocation,/mnt/ubna_data_02_mir/recover-20221013/UBNA_001/20221012_030000.WAV,Telephone Field,recover-20221013,001,1795
1084.6625,1084.7026,68437,82390,Rhinolophus ferrumequinum,0.023,0.023,-1,Echolocation,/mnt/ubna_data_02_mir/recover-20221013/UBNA_001/20221012_030000.WAV,Telephone Field,recover-20221013,001,1795
1084.6645,1084.6718,26328,39332,Eptesicus serotinus,0.007,0.026,-1,Echolocation,/mnt/ubna_data_02_mir/recover-20221013/UBNA_001/20221012_030000.WAV,Telephone Field,recover-20221013,001,1795
1084.6895,1084.7301,68437,81949,Rhinolophus ferrumequinum,0.021,0.021,-1,Echolocation,/mnt/ubna_data_02_mir/recover-20221013/UBNA_001/20221012_030000.WAV,Telephone Field,recover-20221013,001,1795
1084.6965,1084.7035,27187,38799,Eptesicus serotinus,0.006,0.021,-1,Echolocation,/mnt/ubna_data_02_mir/recover-20221013/UBNA_001/20221012_030000.WAV,Telephone Field,recover-20221013,001,1795
1084.7655,1084.7761,28046,35180,Eptesicus serotinus,0.01,0.024,-1,Echolocation,/mnt/ubna_data_02_mir/recover-20221013/UBNA_001/20221012_030000.WAV,Telephone Field,recover-20221013,001,1795
1084.7725,1084.8133,68437,82810,Rhinolophus ferrumequinum,0.026,0.026,-1,Echolocation,/mnt/ubna_data_02_mir/recover-20221013/UBNA_001/20221012_030000.WAV,Telephone Field,recover-20221013,001,1795
1084.8005,1084.8403,68437,82669,Rhinolophus ferrumequinum,0.028,0.028,-1,Echolocation,/mnt/ubna_data_02_mir/recover-20221013/UBNA_001/20221012_030000.WAV,Telephone Field,recover-20221013,001,1795
1084.8135,1084.8514,68437,81808,Rhinolophus ferrumequinum,0.021,0.021,-1,Echolocation,/mnt/ubna_data_02_mir/recover-20221013/UBNA_001/20221012_030000.WAV,Telephone Field,recover-20221013,001,1795
1084.8175,1084.8233,39218,53564,Myotis daubentonii,0.006,0.021,-1,Echolocation,/mnt/ubna_data_02_mir/recover-20221013/UBNA_001/20221012_030000.WAV,Telephone Field,recover-20221013,001,1795
1084.8315,1084.8719,68437,82726,Rhinolophus ferrumequinum,0.025,0.025,-1,Echolocation,/mnt/ubna_data_02_mir/recover-20221013/UBNA_001/20221012_030000.WAV,Telephone Field,recover-20221013,001,1795
1084.8435,1084.8771,68437,81530,Rhinolophus ferrumequinum,0.022,0.022,-1,Echolocation,/mnt/ubna_data_02_mir/recover-20221013/UBNA_001/20221012_030000.WAV,Telephone Field,recover-20221013,001,1795
1084.8665,1084.9099,68437,83455,Rhinolophus ferrumequinum,0.04,0.04,-1,Echolocation,/mnt/ubna_data_02_mir/recover-20221013/UBNA_001/20221012_030000.WAV,Telephone Field,recover-20221013,001,1795
1084.8935,1084.9375,68437,83307,Rhinolophus ferrumequinum,0.036,0.036,-1,Echolocation,/mnt/ubna_data_02_mir/recover-20221013/UBNA_001/20221012_030000.WAV,Telephone Field,recover-20221013,001,1795
1084.9255,1084.9335,28046,38570,Eptesicus serotinus,0.008,0.024,-1,Echolocation,/mnt/ubna_data_02_mir/recover-20221013/UBNA_001/20221012_030000.WAV,Telephone Field,recover-20221013,001,1795
1084.9525,1084.9876,68437,80767,Rhinolophus ferrumequinum,0.026,0.026,-1,Echolocation,/mnt/ubna_data_02_mir/recover-20221013/UBNA_001/20221012_030000.WAV,Telephone Field,recover-20221013,001,1795
1084.9785,1085.0216,68437,83352,Rhinolophus ferrumequinum,0.027,0.027,-1,Echolocation,/mnt/ubna_data_02_mir/recover-20221013/UBNA_001/20221012_030000.WAV,Telephone Field,recover-20221013,001,1795
1084.9865,1084.9952,28046,36767,Eptesicus serotinus,0.007,0.021,-1,Echolocation,/mnt/ubna_data_02_mir/recover-20221013/UBNA_001/20221012_030000.WAV,Telephone Field,recover-20221013,001,1795
1084.9875,1085.031,68437,82819,Rhinolophus ferrumequinum,0.023,0.023,-1,Echolocation,/mnt/ubna_data_02_mir/recover-20221013/UBNA_001/20221012_030000.WAV,Telephone Field,recover-20221013,001,1795
1084.9985,1085.0382,68437,83235,Rhinolophus ferrumequinum,0.024,0.024,-1,Echolocation,/mnt/ubna_data_02_mir/recover-20221013/UBNA_001/20221012_030000.WAV,Telephone Field,recover-20221013,001,1795
1085.0075,1085.0203,22031,25627,Nyctalus leisleri,0.015,0.025,-1,Echolocation,/mnt/ubna_data_02_mir/recover-20221013/UBNA_001/20221012_030000.WAV,Telephone Field,recover-20221013,001,1795
1085.0465,1085.0542,48671,55423,Pipistrellus pipistrellus,0.019,0.022,-1,Echolocation,/mnt/ubna_data_02_mir/recover-20221013/UBNA_001/20221012_030000.WAV,Telephone Field,recover-20221013,001,1795
1085.0615,1085.0713,24609,32012,Eptesicus serotinus,0.01,0.027,-1,Echolocation,/mnt/ubna_data_02_mir/recover-20221013/UBNA_001/20221012_030000.WAV,Telephone Field,recover-20221013,001,1795
1085.0775,1085.1164,68437,82469,Rhinolophus ferrumequinum,0.021,0.021,-1,Echolocation,/mnt/ubna_data_02_mir/recover-20221013/UBNA_001/20221012_030000.WAV,Telephone Field,recover-20221013,001,1795
1085.1045,1085.1419,68437,82737,Rhinolophus ferrumequinum,0.023,0.023,-1,Echolocation,/mnt/ubna_data_02_mir/recover-20221013/UBNA_001/20221012_030000.WAV,Telephone Field,recover-20221013,001,1795
1085.1405,1085.1782,68437,82048,Rhinolophus ferrumequinum,0.022,0.022,-1,Echolocation,/mnt/ubna_data_02_mir/recover-20221013/UBNA_001/20221012_030000.WAV,Telephone Field,recover-20221013,001,1795
1085.1705,1085.2114,68437,82738,Rhinolophus ferrumequinum,0.022,0.023,-1,Echolocation,/mnt/ubna_data_02_mir/recover-20221013/UBNA_001/20221012_030000.WAV,Telephone Field,recover-20221013,001,1795
1085.2045,1085.2409,68437,81818,Rhinolophus ferrumequinum,0.023,0.024,-1,Echolocation,/mnt/ubna_data_02_mir/recover-20221013/UBNA_001/20221012_030000.WAV,Telephone Field,recover-20221013,001,1795
1085.2445,1085.2586,14296,18373,Nyctalus noctula,0.015,0.026,-1,Echolocation,/mnt/ubna_data_02_mir/recover-20221013/UBNA_001/20221012_030000.WAV,Telephone Field,recover-20221013,001,1795
1085.2545,1085.2618,27187,37286,Eptesicus serotinus,0.006,0.021,-1,Echolocation,/mnt/ubna_data_02_mir/recover-20221013/UBNA_001/20221012_030000.WAV,Telephone Field,recover-20221013,001,1795
1085.2885,1085.2963,28046,39271,Eptesicus serotinus,0.006,0.022,-1,Echolocation,/mnt/ubna_data_02_mir/recover-20221013/UBNA_001/20221012_030000.WAV,Telephone Field,recover-20221013,001,1795
1085.3005,1085.3397,68437,82180,Rhinolophus ferrumequinum,0.026,0.026,-1,Echolocation,/mnt/ubna_data_02_mir/recover-20221013/UBNA_001/20221012_030000.WAV,Telephone Field,recover-20221013,001,1795
1085.3345,1085.3423,26328,37941,Eptesicus serotinus,0.006,0.023,-1,Echolocation,/mnt/ubna_data_02_mir/recover-20221013/UBNA_001/20221012_030000.WAV,Telephone Field,recover-20221013,001,1795
1085.4395,1085.4787,68437,81978,Rhinolophus ferrumequinum,0.024,0.024,-1,Echolocation,/mnt/ubna_data_02_mir/recover-20221013/UBNA_001/20221012_030000.WAV,Telephone Field,recover-20221013,001,1795
1085.4465,1085.454,26328,37823,Eptesicus serotinus,0.005,0.021,-1,Echolocation,/mnt/ubna_data_02_mir/recover-20221013/UBNA_001/20221012_030000.WAV,Telephone Field,recover-20221013,001,1795
1085.4705,1085.4782,28046,39909,Eptesicus serotinus,0.007,0.021,-1,Echolocation,/mnt/ubna_data_02_mir/recover-20221013/UBNA_001/20221012_030000.WAV,Telephone Field,recover-20221013,001,1795
1085.5275,1085.5462,19453,22891,Nyctalus noctula,0.016,0.031,-1,Echolocation,/mnt/ubna_data_02_mir/recover-20221013/UBNA_001/20221012_030000.WAV,Telephone Field,recover-20221013,001,1795
1085.5315,1085.5695,68437,82508,Rhinolophus ferrumequinum,0.021,0.021,-1,Echolocation,/mnt/ubna_data_02_mir/recover-20221013/UBNA_001/20221012_030000.WAV,Telephone Field,recover-20221013,001,1795
1085.5465,1085.5547,27187,38531,Eptesicus serotinus,0.007,0.022,-1,Echolocation,/mnt/ubna_data_02_mir/recover-20221013/UBNA_001/20221012_030000.WAV,Telephone Field,recover-20221013,001,1795
1085.5575,1085.5979,68437,82908,Rhinolophus ferrumequinum,0.024,0.024,-1,Echolocation,/mnt/ubna_data_02_mir/recover-20221013/UBNA_001/20221012_030000.WAV,Telephone Field,recover-20221013,001,1795
1085.6065,1085.6471,68437,82603,Rhinolophus ferrumequinum,0.021,0.021,-1,Echolocation,/mnt/ubna_data_02_mir/recover-20221013/UBNA_001/20221012_030000.WAV,Telephone Field,recover-20221013,001,1795
1085.6405,1085.6503,28906,37018,Eptesicus serotinus,0.032,0.058,-1,Echolocation,/mnt/ubna_data_02_mir/recover-20221013/UBNA_001/20221012_030000.WAV,Telephone Field,recover-20221013,001,1795
1085.6505,1085.6855,68437,81843,Rhinolophus ferrumequinum,0.021,0.021,-1,Echolocation,/mnt/ubna_data_02_mir/recover-20221013/UBNA_001/20221012_030000.WAV,Telephone Field,recover-20221013,001,1795
1085.6925,1085.7314,68437,82959,Rhinolophus ferrumequinum,0.022,0.022,-1,Echolocation,/mnt/ubna_data_02_mir/recover-20221013/UBNA_001/20221012_030000.WAV,Telephone Field,recover-20221013,001,1795
1085.7075,1085.7438,68437,81356,Rhinolophus ferrumequinum,0.023,0.023,-1,Echolocation,/mnt/ubna_data_02_mir/recover-20221013/UBNA_001/20221012_030000.WAV,Telephone Field,recover-20221013,001,1795
1085.7235,1085.7633,68437,82450,Rhinolophus ferrumequinum,0.023,0.023,-1,Echolocation,/mnt/ubna_data_02_mir/recover-20221013/UBNA_001/20221012_030000.WAV,Telephone Field,recover-20221013,001,1795
1085.7275,1085.7362,22890,30259,Plecotus austriacus,0.009,0.023,-1,Echolocation,/mnt/ubna_data_02_mir/recover-20221013/UBNA_001/20221012_030000.WAV,Telephone Field,recover-20221013,001,1795
1085.7415,1085.7822,68437,82375,Rhinolophus ferrumequinum,0.021,0.021,-1,Echolocation,/mnt/ubna_data_02_mir/recover-20221013/UBNA_001/20221012_030000.WAV,Telephone Field,recover-20221013,001,1795
1085.7585,1085.7667,28046,37723,Eptesicus serotinus,0.007,0.023,-1,Echolocation,/mnt/ubna_data_02_mir/recover-20221013/UBNA_001/20221012_030000.WAV,Telephone Field,recover-20221013,001,1795
1085.8185,1085.8283,28046,35523,Eptesicus serotinus,0.009,0.023,-1,Echolocation,/mnt/ubna_data_02_mir/recover-20221013/UBNA_001/20221012_030000.WAV,Telephone Field,recover-20221013,001,1795
1085.8625,1085.8718,27187,35443,Eptesicus serotinus,0.008,0.021,-1,Echolocation,/mnt/ubna_data_02_mir/recover-20221013/UBNA_001/20221012_030000.WAV,Telephone Field,recover-20221013,001,1795
1085.9105,1085.9206,22890,28743,Nyctalus leisleri,0.009,0.023,-1,Echolocation,/mnt/ubna_data_02_mir/recover-20221013/UBNA_001/20221012_030000.WAV,Telephone Field,recover-20221013,001,1795
1085.9275,1085.938,22890,27677,Nyctalus leisleri,0.012,0.024,-1,Echolocation,/mnt/ubna_data_02_mir/recover-20221013/UBNA_001/20221012_030000.WAV,Telephone Field,recover-20221013,001,1795
1085.9675,1085.9796,22890,26790,Nyctalus leisleri,0.013,0.021,-1,Echolocation,/mnt/ubna_data_02_mir/recover-20221013/UBNA_001/20221012_030000.WAV,Telephone Field,recover-20221013,001,1795
1086.0015,1086.0339,69296,81639,Rhinolophus ferrumequinum,0.024,0.024,-1,Echolocation,/mnt/ubna_data_02_mir/recover-20221013/UBNA_001/20221012_030000.WAV,Telephone Field,recover-20221013,001,1795
1086.0015,1086.0116,22031,27850,Nyctalus leisleri,0.014,0.033,-1,Echolocation,/mnt/ubna_data_02_mir/recover-20221013/UBNA_001/20221012_030000.WAV,Telephone Field,recover-20221013,001,1795
1086.0015,1086.01,30625,37537,Eptesicus serotinus,0.007,0.028,-1,Echolocation,/mnt/ubna_data_02_mir/recover-20221013/UBNA_001/20221012_030000.WAV,Telephone Field,recover-20221013,001,1795
1086.0095,1086.0533,68437,81768,Rhinolophus ferrumequinum,0.023,0.023,-1,Echolocation,/mnt/ubna_data_02_mir/recover-20221013/UBNA_001/20221012_030000.WAV,Telephone Field,recover-20221013,001,1795
1086.0345,1086.0434,24609,31472,Nyctalus leisleri,0.007,0.022,-1,Echolocation,/mnt/ubna_data_02_mir/recover-20221013/UBNA_001/20221012_030000.WAV,Telephone Field,recover-20221013,001,1795
1086.0375,1086.0721,68437,81451,Rhinolophus ferrumequinum,0.023,0.023,-1,Echolocation,/mnt/ubna_data_02_mir/recover-20221013/UBNA_001/20221012_030000.WAV,Telephone Field,recover-20221013,001,1795
1086.0515,1086.0906,68437,82337,Rhinolophus ferrumequinum,0.028,0.028,-1,Echolocation,/mnt/ubna_data_02_mir/recover-20221013/UBNA_001/20221012_030000.WAV,Telephone Field,recover-20221013,001,1795
1086.0605,1086.1016,68437,82658,Rhinolophus ferrumequinum,0.025,0.025,-1,Echolocation,/mnt/ubna_data_02_mir/recover-20221013/UBNA_001/20221012_030000.WAV,Telephone Field,recover-20221013,001,1795
1086.0655,1086.0738,28046,41092,Eptesicus serotinus,0.01,0.027,-1,Echolocation,/mnt/ubna_data_02_mir/recover-20221013/UBNA_001/20221012_030000.WAV,Telephone Field,recover-20221013,001,1795
1086.0905,1086.1307,68437,81943,Rhinolophus ferrumequinum,0.024,0.024,-1,Echolocation,/mnt/ubna_data_02_mir/recover-20221013/UBNA_001/20221012_030000.WAV,Telephone Field,recover-20221013,001,1795
1086.1085,1086.1498,68437,83025,Rhinolophus ferrumequinum,0.024,0.025,-1,Echolocation,/mnt/ubna_data_02_mir/recover-20221013/UBNA_001/20221012_030000.WAV,Telephone Field,recover-20221013,001,1795
1086.1305,1086.1721,68437,83098,Rhinolophus ferrumequinum,0.039,0.039,-1,Echolocation,/mnt/ubna_data_02_mir/recover-20221013/UBNA_001/20221012_030000.WAV,Telephone Field,recover-20221013,001,1795
1086.2055,1086.2472,68437,82937,Rhinolophus ferrumequinum,0.035,0.035,-1,Echolocation,/mnt/ubna_data_02_mir/recover-20221013/UBNA_001/20221012_030000.WAV,Telephone Field,recover-20221013,001,1795
1086.2135,1086.221,23750,32936,Plecotus austriacus,0.009,0.023,-1,Echolocation,/mnt/ubna_data_02_mir/recover-20221013/UBNA_001/20221012_030000.WAV,Telephone Field,recover-20221013,001,1795
1086.2145,1086.2215,28906,39827,Eptesicus serotinus,0.006,0.023,-1,Echolocation,/mnt/ubna_data_02_mir/recover-20221013/UBNA_001/20221012_030000.WAV,Telephone Field,recover-20221013,001,1795
1086.2235,1086.2623,68437,82071,Rhinolophus ferrumequinum,0.022,0.022,-1,Echolocation,/mnt/ubna_data_02_mir/recover-20221013/UBNA_001/20221012_030000.WAV,Telephone Field,recover-20221013,001,1795
1086.2585,1086.3004,68437,82806,Rhinolophus ferrumequinum,0.037,0.037,-1,Echolocation,/mnt/ubna_data_02_mir/recover-20221013/UBNA_001/20221012_030000.WAV,Telephone Field,recover-20221013,001,1795
1086.2785,1086.3143,68437,81478,Rhinolophus ferrumequinum,0.022,0.022,-1,Echolocation,/mnt/ubna_data_02_mir/recover-20221013/UBNA_001/20221012_030000.WAV,Telephone Field,recover-20221013,001,1795
1086.3315,1086.3419,28046,35529,Eptesicus serotinus,0.01,0.024,-1,Echolocation,/mnt/ubna_data_02_mir/recover-20221013/UBNA_001/20221012_030000.WAV,Telephone Field,recover-20221013,001,1795
1086.3375,1086.3495,22031,26353,Nyctalus leisleri,0.011,0.021,-1,Echolocation,/mnt/ubna_data_02_mir/recover-20221013/UBNA_001/20221012_030000.WAV,Telephone Field,recover-20221013,001,1795
1086.3385,1086.3775,68437,81725,Rhinolophus ferrumequinum,0.024,0.024,-1,Echolocation,/mnt/ubna_data_02_mir/recover-20221013/UBNA_001/20221012_030000.WAV,Telephone Field,recover-20221013,001,1795
1086.3635,1086.4058,68437,82963,Rhinolophus ferrumequinum,0.026,0.026,-1,Echolocation,/mnt/ubna_data_02_mir/recover-20221013/UBNA_001/20221012_030000.WAV,Telephone Field,recover-20221013,001,1795
1086.3735,1086.383,28046,38380,Eptesicus serotinus,0.009,0.022,-1,Echolocation,/mnt/ubna_data_02_mir/recover-20221013/UBNA_001/20221012_030000.WAV,Telephone Field,recover-20221013,001,1795
1086.4135,1086.4543,68437,82162,Rhinolophus ferrumequinum,0.023,0.023,-1,Echolocation,/mnt/ubna_data_02_mir/recover-20221013/UBNA_001/20221012_030000.WAV,Telephone Field,recover-20221013,001,1795
1086.4375,1086.4757,68437,81853,Rhinolophus ferrumequinum,0.025,0.025,-1,Echolocation,/mnt/ubna_data_02_mir/recover-20221013/UBNA_001/20221012_030000.WAV,Telephone Field,recover-20221013,001,1795
1086.4635,1086.5025,68437,82056,Rhinolophus ferrumequinum,0.024,0.024,-1,Echolocation,/mnt/ubna_data_02_mir/recover-20221013/UBNA_001/20221012_030000.WAV,Telephone Field,recover-20221013,001,1795
1086.4785,1086.4865,26328,34862,Eptesicus serotinus,0.007,0.021,-1,Echolocation,/mnt/ubna_data_02_mir/recover-20221013/UBNA_001/20221012_030000.WAV,Telephone Field,recover-20221013,001,1795
1086.4905,1086.5265,68437,81524,Rhinolophus ferrumequinum,0.022,0.022,-1,Echolocation,/mnt/ubna_data_02_mir/recover-20221013/UBNA_001/20221012_030000.WAV,Telephone Field,recover-20221013,001,1795
1086.5455,1086.5562,33203,39993,Eptesicus serotinus,0.005,0.021,-1,Echolocation,/mnt/ubna_data_02_mir/recover-20221013/UBNA_001/20221012_030000.WAV,Telephone Field,recover-20221013,001,1795
1086.5475,1086.5892,68437,82603,Rhinolophus ferrumequinum,0.037,0.037,-1,Echolocation,/mnt/ubna_data_02_mir/recover-20221013/UBNA_001/20221012_030000.WAV,Telephone Field,recover-20221013,001,1795
1086.5555,1086.5626,25468,34685,Plecotus austriacus,0.008,0.026,-1,Echolocation,/mnt/ubna_data_02_mir/recover-20221013/UBNA_001/20221012_030000.WAV,Telephone Field,recover-20221013,001,1795
1086.5755,1086.6138,68437,82323,Rhinolophus ferrumequinum,0.021,0.021,-1,Echolocation,/mnt/ubna_data_02_mir/recover-20221013/UBNA_001/20221012_030000.WAV,Telephone Field,recover-20221013,001,1795
1086.5905,1086.5971,44375,49668,Pipistrellus pipistrellus,0.025,0.028,-1,Echolocation,/mnt/ubna_data_02_mir/recover-20221013/UBNA_001/20221012_030000.WAV,Telephone Field,recover-20221013,001,1795
1086.5905,1086.5977,23750,32435,Plecotus austriacus,0.011,0.024,-1,Echolocation,/mnt/ubna_data_02_mir/recover-20221013/UBNA_001/20221012_030000.WAV,Telephone Field,recover-20221013,001,1795
1086.5915,1086.5985,28046,40303,Eptesicus serotinus,0.006,0.023,-1,Echolocation,/mnt/ubna_data_02_mir/recover-20221013/UBNA_001/20221012_030000.WAV,Telephone Field,recover-20221013,001,1795
1086.6325,1086.6696,68437,80918,Rhinolophus ferrumequinum,0.023,0.023,-1,Echolocation,/mnt/ubna_data_02_mir/recover-20221013/UBNA_001/20221012_030000.WAV,Telephone Field,recover-20221013,001,1795
1086.6975,1086.7081,23750,29838,Nyctalus leisleri,0.01,0.025,-1,Echolocation,/mnt/ubna_data_02_mir/recover-20221013/UBNA_001/20221012_030000.WAV,Telephone Field,recover-20221013,001,1795
1086.7115,1086.7178,28906,40870,Eptesicus serotinus,0.007,0.031,-1,Echolocation,/mnt/ubna_data_02_mir/recover-20221013/UBNA_001/20221012_030000.WAV,Telephone Field,recover-20221013,001,1795
1086.7155,1086.7447,68437,79928,Rhinolophus ferrumequinum,0.021,0.021,-1,Echolocation,/mnt/ubna_data_02_mir/recover-20221013/UBNA_001/20221012_030000.WAV,Telephone Field,recover-20221013,001,1795
1086.7515,1086.7579,28046,40887,Eptesicus serotinus,0.006,0.024,-1,Echolocation,/mnt/ubna_data_02_mir/recover-20221013/UBNA_001/20221012_030000.WAV,Telephone Field,recover-20221013,001,1795
1086.7745,1086.785,29765,37122,Eptesicus serotinus,0.009,0.021,-1,Echolocation,/mnt/ubna_data_02_mir/recover-20221013/UBNA_001/20221012_030000.WAV,Telephone Field,recover-20221013,001,1795
1086.8275,1086.8682,68437,82427,Rhinolophus ferrumequinum,0.029,0.029,-1,Echolocation,/mnt/ubna_data_02_mir/recover-20221013/UBNA_001/20221012_030000.WAV,Telephone Field,recover-20221013,001,1795
1086.8335,1086.842,26328,33772,Eptesicus serotinus,0.01,0.027,-1,Echolocation,/mnt/ubna_data_02_mir/recover-20221013/UBNA_001/20221012_030000.WAV,Telephone Field,recover-20221013,001,1795
1086.9255,1086.9332,27187,39986,Eptesicus serotinus,0.007,0.021,-1,Echolocation,/mnt/ubna_data_02_mir/recover-20221013/UBNA_001/20221012_030000.WAV,Telephone Field,recover-20221013,001,1795
1086.9265,1086.9344,33203,44591,Myotis daubentonii,0.009,0.021,-1,Echolocation,/mnt/ubna_data_02_mir/recover-20221013/UBNA_001/20221012_030000.WAV,Telephone Field,recover-20221013,001,1795
1086.9395,1086.9788,68437,82436,Rhinolophus ferrumequinum,0.023,0.023,-1,Echolocation,/mnt/ubna_data_02_mir/recover-20221013/UBNA_001/20221012_030000.WAV,Telephone Field,recover-20221013,001,1795
1086.9475,1086.9547,47812,56848,Pipistrellus pipistrellus,0.015,0.021,-1,Echolocation,/mnt/ubna_data_02_mir/recover-20221013/UBNA_001/20221012_030000.WAV,Telephone Field,recover-20221013,001,1795
1086.9715,1087.0118,68437,81969,Rhinolophus ferrumequinum,0.021,0.021,-1,Echolocation,/mnt/ubna_data_02_mir/recover-20221013/UBNA_001/20221012_030000.WAV,Telephone Field,recover-20221013,001,1795
1087.0385,1087.0453,28046,40198,Eptesicus serotinus,0.007,0.028,-1,Echolocation,/mnt/ubna_data_02_mir/recover-20221013/UBNA_001/20221012_030000.WAV,Telephone Field,recover-20221013,001,1795
1087.1095,1087.1503,68437,83055,Rhinolophus ferrumequinum,0.022,0.022,-1,Echolocation,/mnt/ubna_data_02_mir/recover-20221013/UBNA_001/20221012_030000.WAV,Telephone Field,recover-20221013,001,1795
1087.1455,1087.1516,24609,41120,Plecotus austriacus,0.009,0.031,-1,Echolocation,/mnt/ubna_data_02_mir/recover-20221013/UBNA_001/20221012_030000.WAV,Telephone Field,recover-20221013,001,1795
1087.1465,1087.1566,14296,23988,Nyctalus noctula,0.016,0.03,-1,Echolocation,/mnt/ubna_data_02_mir/recover-20221013/UBNA_001/20221012_030000.WAV,Telephone Field,recover-20221013,001,1795
1087.1545,1087.191,68437,81848,Rhinolophus ferrumequinum,0.021,0.021,-1,Echolocation,/mnt/ubna_data_02_mir/recover-20221013/UBNA_001/20221012_030000.WAV,Telephone Field,recover-20221013,001,1795
1087.1645,1087.1711,24609,35019,Plecotus austriacus,0.013,0.032,-1,Echolocation,/mnt/ubna_data_02_mir/recover-20221013/UBNA_001/20221012_030000.WAV,Telephone Field,recover-20221013,001,1795
1087.1775,1087.2145,68437,81735,Rhinolophus ferrumequinum,0.023,0.023,-1,Echolocation,/mnt/ubna_data_02_mir/recover-20221013/UBNA_001/20221012_030000.WAV,Telephone Field,recover-20221013,001,1795
1087.2145,1087.2227,28046,40032,Eptesicus serotinus,0.007,0.022,-1,Echolocation,/mnt/ubna_data_02_mir/recover-20221013/UBNA_001/20221012_030000.WAV,Telephone Field,recover-20221013,001,1795
1087.2385,1087.2728,68437,81108,Rhinolophus ferrumequinum,0.022,0.022,-1,Echolocation,/mnt/ubna_data_02_mir/recover-20221013/UBNA_001/20221012_030000.WAV,Telephone Field,recover-20221013,001,1795
1087.2525,1087.289,68437,81780,Rhinolophus ferrumequinum,0.023,0.023,-1,Echolocation,/mnt/ubna_data_02_mir/recover-20221013/UBNA_001/20221012_030000.WAV,Telephone Field,recover-20221013,001,1795
1087.2715,1087.2822,28906,36080,Eptesicus serotinus,0.011,0.024,-1,Echolocation,/mnt/ubna_data_02_mir/recover-20221013/UBNA_001/20221012_030000.WAV,Telephone Field,recover-20221013,001,1795
1087.2915,1087.3298,68437,82684,Rhinolophus ferrumequinum,0.024,0.024,-1,Echolocation,/mnt/ubna_data_02_mir/recover-20221013/UBNA_001/20221012_030000.WAV,Telephone Field,recover-20221013,001,1795
1087.3165,1087.327,28906,35522,Eptesicus serotinus,0.011,0.026,-1,Echolocation,/mnt/ubna_data_02_mir/recover-20221013/UBNA_001/20221012_030000.WAV,Telephone Field,recover-20221013,001,1795
1087.3175,1087.3582,68437,83065,Rhinolophus ferrumequinum,0.029,0.029,-1,Echolocation,/mnt/ubna_data_02_mir/recover-20221013/UBNA_001/20221012_030000.WAV,Telephone Field,recover-20221013,001,1795
1087.3395,1087.3787,68437,81873,Rhinolophus ferrumequinum,0.021,0.021,-1,Echolocation,/mnt/ubna_data_02_mir/recover-20221013/UBNA_001/20221012_030000.WAV,Telephone Field,recover-20221013,001,1795
1087.3695,1087.3808,24609,30862,Nyctalus leisleri,0.008,0.022,-1,Echolocation,/mnt/ubna_data_02_mir/recover-20221013/UBNA_001/20221012_030000.WAV,Telephone Field,recover-20221013,001,1795
1087.3885,1087.3961,28046,40999,Eptesicus serotinus,0.007,0.022,-1,Echolocation,/mnt/ubna_data_02_mir/recover-20221013/UBNA_001/20221012_030000.WAV,Telephone Field,recover-20221013,001,1795
1087.3975,1087.4396,68437,83326,Rhinolophus ferrumequinum,0.031,0.032,-1,Echolocation,/mnt/ubna_data_02_mir/recover-20221013/UBNA_001/20221012_030000.WAV,Telephone Field,recover-20221013,001,1795
1087.4155,1087.4521,68437,81830,Rhinolophus ferrumequinum,0.021,0.021,-1,Echolocation,/mnt/ubna_data_02_mir/recover-20221013/UBNA_001/20221012_030000.WAV,Telephone Field,recover-20221013,001,1795
1087.4335,1087.4406,28046,39415,Eptesicus serotinus,0.006,0.025,-1,Echolocation,/mnt/ubna_data_02_mir/recover-20221013/UBNA_001/20221012_030000.WAV,Telephone Field,recover-20221013,001,1795
1087.4565,1087.4649,28046,36578,Eptesicus serotinus,0.01,0.023,-1,Echolocation,/mnt/ubna_data_02_mir/recover-20221013/UBNA_001/20221012_030000.WAV,Telephone Field,recover-20221013,001,1795
1087.4885,1087.5025,16015,21423,Nyctalus noctula,0.019,0.028,-1,Echolocation,/mnt/ubna_data_02_mir/recover-20221013/UBNA_001/20221012_030000.WAV,Telephone Field,recover-20221013,001,1795
1087.4895,1087.5299,68437,82738,Rhinolophus ferrumequinum,0.034,0.034,-1,Echolocation,/mnt/ubna_data_02_mir/recover-20221013/UBNA_001/20221012_030000.WAV,Telephone Field,recover-20221013,001,1795
1087.5395,1087.5492,28046,37679,Eptesicus serotinus,0.012,0.027,-1,Echolocation,/mnt/ubna_data_02_mir/recover-20221013/UBNA_001/20221012_030000.WAV,Telephone Field,recover-20221013,001,1795
1087.5405,1087.5809,68437,82352,Rhinolophus ferrumequinum,0.022,0.022,-1,Echolocation,/mnt/ubna_data_02_mir/recover-20221013/UBNA_001/20221012_030000.WAV,Telephone Field,recover-20221013,001,1795
1087.5545,1087.5714,22031,26113,Nyctalus leisleri,0.02,0.04,-1,Echolocation,/mnt/ubna_data_02_mir/recover-20221013/UBNA_001/20221012_030000.WAV,Telephone Field,recover-20221013,001,1795
1087.6045,1087.645,68437,82139,Rhinolophus ferrumequinum,0.022,0.022,-1,Echolocation,/mnt/ubna_data_02_mir/recover-20221013/UBNA_001/20221012_030000.WAV,Telephone Field,recover-20221013,001,1795
1087.6175,1087.6589,68437,83322,Rhinolophus ferrumequinum,0.037,0.037,-1,Echolocation,/mnt/ubna_data_02_mir/recover-20221013/UBNA_001/20221012_030000.WAV,Telephone Field,recover-20221013,001,1795
1087.6665,1087.6756,23750,31982,Eptesicus serotinus,0.021,0.084,-1,Echolocation,/mnt/ubna_data_02_mir/recover-20221013/UBNA_001/20221012_030000.WAV,Telephone Field,recover-20221013,001,1795
1087.6675,1087.7082,68437,82848,Rhinolophus ferrumequinum,0.023,0.023,-1,Echolocation,/mnt/ubna_data_02_mir/recover-20221013/UBNA_001/20221012_030000.WAV,Telephone Field,recover-20221013,001,1795
1087.6975,1087.7386,68437,82855,Rhinolophus ferrumequinum,0.024,0.024,-1,Echolocation,/mnt/ubna_data_02_mir/recover-20221013/UBNA_001/20221012_030000.WAV,Telephone Field,recover-20221013,001,1795
1087.7115,1087.7522,68437,82496,Rhinolophus ferrumequinum,0.021,0.021,-1,Echolocation,/mnt/ubna_data_02_mir/recover-20221013/UBNA_001/20221012_030000.WAV,Telephone Field,recover-20221013,001,1795
1087.7155,1087.7231,27187,38572,Eptesicus serotinus,0.007,0.022,-1,Echolocation,/mnt/ubna_data_02_mir/recover-20221013/UBNA_001/20221012_030000.WAV,Telephone Field,recover-20221013,001,1795
1087.7585,1087.7655,28046,38679,Eptesicus serotinus,0.006,0.022,-1,Echolocation,/mnt/ubna_data_02_mir/recover-20221013/UBNA_001/20221012_030000.WAV,Telephone Field,recover-20221013,001,1795
1087.7695,1087.7789,22890,29424,Plecotus austriacus,0.008,0.024,-1,Echolocation,/mnt/ubna_data_02_mir/recover-20221013/UBNA_001/20221012_030000.WAV,Telephone Field,recover-20221013,001,1795
1087.8175,1087.857,68437,83325,Rhinolophus ferrumequinum,0.037,0.037,-1,Echolocation,/mnt/ubna_data_02_mir/recover-20221013/UBNA_001/20221012_030000.WAV,Telephone Field,recover-20221013,001,1795
1087.8415,1087.8497,26328,34393,Eptesicus serotinus,0.008,0.022,-1,Echolocation,/mnt/ubna_data_02_mir/recover-20221013/UBNA_001/20221012_030000.WAV,Telephone Field,recover-20221013,001,1795
1087.8565,1087.8973,68437,82334,Rhinolophus ferrumequinum,0.021,0.021,-1,Echolocation,/mnt/ubna_data_02_mir/recover-20221013/UBNA_001/20221012_030000.WAV,Telephone Field,recover-20221013,001,1795
1087.8565,1087.8656,50390,55849,Pipistrellus pipistrellus,0.035,0.039,-1,Echolocation,/mnt/ubna_data_02_mir/recover-20221013/UBNA_001/20221012_030000.WAV,Telephone Field,recover-20221013,001,1795
1087.8805,1087.9204,68437,81303,Rhinolophus ferrumequinum,0.024,0.024,-1,Echolocation,/mnt/ubna_data_02_mir/recover-20221013/UBNA_001/20221012_030000.WAV,Telephone Field,recover-20221013,001,1795
1087.8905,1087.9278,68437,82152,Rhinolophus ferrumequinum,0.022,0.022,-1,Echolocation,/mnt/ubna_data_02_mir/recover-20221013/UBNA_001/20221012_030000.WAV,Telephone Field,recover-20221013,001,1795
1087.9355,1087.9745,68437,82264,Rhinolophus ferrumequinum,0.022,0.022,-1,Echolocation,/mnt/ubna_data_02_mir/recover-20221013/UBNA_001/20221012_030000.WAV,Telephone Field,recover-20221013,001,1795
1087.9415,1087.95,23750,31104,Plecotus austriacus,0.008,0.022,-1,Echolocation,/mnt/ubna_data_02_mir/recover-20221013/UBNA_001/20221012_030000.WAV,Telephone Field,recover-20221013,001,1795
1088.0015,1088.0124,47812,53005,Pipistrellus pipistrellus,0.018,0.023,-1,Echolocation,/mnt/ubna_data_02_mir/recover-20221013/UBNA_001/20221012_030000.WAV,Telephone Field,recover-20221013,001,1795
1088.0015,1088.0111,26328,34641,Nyctalus leisleri,0.011,0.027,-1,Echolocation,/mnt/ubna_data_02_mir/recover-20221013/UBNA_001/20221012_030000.WAV,Telephone Field,recover-20221013,001,1795
1088.0025,1088.0391,68437,80921,Rhinolophus ferrumequinum,0.024,0.026,-1,Echolocation,/mnt/ubna_data_02_mir/recover-20221013/UBNA_001/20221012_030000.WAV,Telephone Field,recover-20221013,001,1795
1088.0495,1088.0593,45234,52434,Pipistrellus pipistrellus,0.017,0.023,-1,Echolocation,/mnt/ubna_data_02_mir/recover-20221013/UBNA_001/20221012_030000.WAV,Telephone Field,recover-20221013,001,1795
1088.0985,1088.1067,27187,38384,Eptesicus serotinus,0.007,0.022,-1,Echolocation,/mnt/ubna_data_02_mir/recover-20221013/UBNA_001/20221012_030000.WAV,Telephone Field,recover-20221013,001,1795
1088.1715,1088.1771,27187,42796,Plecotus auritus,0.006,0.03,-1,Echolocation,/mnt/ubna_data_02_mir/recover-20221013/UBNA_001/20221012_030000.WAV,Telephone Field,recover-20221013,001,1795
1088.1995,1088.2051,28046,45815,Myotis daubentonii,0.013,0.053,-1,Echolocation,/mnt/ubna_data_02_mir/recover-20221013/UBNA_001/20221012_030000.WAV,Telephone Field,recover-20221013,001,1795
1088.2435,1088.282,68437,82473,Rhinolophus ferrumequinum,0.023,0.023,-1,Echolocation,/mnt/ubna_data_02_mir/recover-20221013/UBNA_001/20221012_030000.WAV,Telephone Field,recover-20221013,001,1795
1088.2465,1088.2567,25468,31415,Eptesicus serotinus,0.01,0.026,-1,Echolocation,/mnt/ubna_data_02_mir/recover-20221013/UBNA_001/20221012_030000.WAV,Telephone Field,recover-20221013,001,1795
1088.2545,1088.2687,44375,48400,Pipistrellus pipistrellus,0.069,0.099,-1,Echolocation,/mnt/ubna_data_02_mir/recover-20221013/UBNA_001/20221012_030000.WAV,Telephone Field,recover-20221013,001,1795
1088.2945,1088.3019,48671,55785,Pipistrellus pipistrellus,0.023,0.025,-1,Echolocation,/mnt/ubna_data_02_mir/recover-20221013/UBNA_001/20221012_030000.WAV,Telephone Field,recover-20221013,001,1795
1088.2975,1088.3052,27187,38639,Eptesicus serotinus,0.009,0.024,-1,Echolocation,/mnt/ubna_data_02_mir/recover-20221013/UBNA_001/20221012_030000.WAV,Telephone Field,recover-20221013,001,1795
1088.3225,1088.3317,42656,46421,Pipistrellus pipistrellus,0.024,0.027,-1,Echolocation,/mnt/ubna_data_02_mir/recover-20221013/UBNA_001/20221012_030000.WAV,Telephone Field,recover-20221013,001,1795
1088.3315,1088.3689,68437,81936,Rhinolophus ferrumequinum,0.024,0.024,-1,Echolocation,/mnt/ubna_data_02_mir/recover-20221013/UBNA_001/20221012_030000.WAV,Telephone Field,recover-20221013,001,1795
1088.3385,1088.3799,68437,82700,Rhinolophus ferrumequinum,0.025,0.025,-1,Echolocation,/mnt/ubna_data_02_mir/recover-20221013/UBNA_001/20221012_030000.WAV,Telephone Field,recover-20221013,001,1795
1088.3615,1088.3681,28046,41417,Eptesicus serotinus,0.005,0.022,-1,Echolocation,/mnt/ubna_data_02_mir/recover-20221013/UBNA_001/20221012_030000.WAV,Telephone Field,recover-20221013,001,1795
1088.3645,1088.3729,38359,47918,Myotis daubentonii,0.006,0.023,-1,Echolocation,/mnt/ubna_data_02_mir/recover-20221013/UBNA_001/20221012_030000.WAV,Telephone Field,recover-20221013,001,1795
1088.3835,1088.4216,68437,82318,Rhinolophus ferrumequinum,0.022,0.022,-1,Echolocation,/mnt/ubna_data_02_mir/recover-20221013/UBNA_001/20221012_030000.WAV,Telephone Field,recover-20221013,001,1795
1088.4245,1088.4368,22031,25951,Nyctalus leisleri,0.013,0.022,-1,Echolocation,/mnt/ubna_data_02_mir/recover-20221013/UBNA_001/20221012_030000.WAV,Telephone Field,recover-20221013,001,1795
1088.4375,1088.4502,53828,57397,Pipistrellus pygmaeus,0.027,0.03,-1,Echolocation,/mnt/ubna_data_02_mir/recover-20221013/UBNA_001/20221012_030000.WAV,Telephone Field,recover-20221013,001,1795
1088.4445,1088.4539,28906,37524,Eptesicus serotinus,0.01,0.025,-1,Echolocation,/mnt/ubna_data_02_mir/recover-20221013/UBNA_001/20221012_030000.WAV,Telephone Field,recover-20221013,001,1795
1088.4465,1088.4821,68437,81401,Rhinolophus ferrumequinum,0.022,0.022,-1,Echolocation,/mnt/ubna_data_02_mir/recover-20221013/UBNA_001/20221012_030000.WAV,Telephone Field,recover-20221013,001,1795
1088.4975,1088.5076,14296,21484,Nyctalus noctula,0.011,0.023,-1,Echolocation,/mnt/ubna_data_02_mir/recover-20221013/UBNA_001/20221012_030000.WAV,Telephone Field,recover-20221013,001,1795
1088.5225,1088.5636,68437,82979,Rhinolophus ferrumequinum,0.035,0.035,-1,Echolocation,/mnt/ubna_data_02_mir/recover-20221013/UBNA_001/20221012_030000.WAV,Telephone Field,recover-20221013,001,1795
1088.5245,1088.5324,26328,38604,Eptesicus serotinus,0.006,0.022,-1,Echolocation,/mnt/ubna_data_02_mir/recover-20221013/UBNA_001/20221012_030000.WAV,Telephone Field,recover-20221013,001,1795
1088.5495,1088.589,68437,82454,Rhinolophus ferrumequinum,0.022,0.022,-1,Echolocation,/mnt/ubna_data_02_mir/recover-20221013/UBNA_001/20221012_030000.WAV,Telephone Field,recover-20221013,001,1795
1088.5755,1088.5835,28906,38653,Eptesicus serotinus,0.007,0.022,-1,Echolocation,/mnt/ubna_data_02_mir/recover-20221013/UBNA_001/20221012_030000.WAV,Telephone Field,recover-20221013,001,1795
1088.5955,1088.6027,23750,33377,Plecotus austriacus,0.011,0.027,-1,Echolocation,/mnt/ubna_data_02_mir/recover-20221013/UBNA_001/20221012_030000.WAV,Telephone Field,recover-20221013,001,1795
1088.6085,1088.6167,26328,35343,Eptesicus serotinus,0.008,0.022,-1,Echolocation,/mnt/ubna_data_02_mir/recover-20221013/UBNA_001/20221012_030000.WAV,Telephone Field,recover-20221013,001,1795
1088.6375,1088.678,68437,82884,Rhinolophus ferrumequinum,0.023,0.023,-1,Echolocation,/mnt/ubna_data_02_mir/recover-20221013/UBNA_001/20221012_030000.WAV,Telephone Field,recover-20221013,001,1795
1088.6565,1088.6644000000001,23750,32102,Plecotus austriacus,0.011,0.026,-1,Echolocation,/mnt/ubna_data_02_mir/recover-20221013/UBNA_001/20221012_030000.WAV,Telephone Field,recover-20221013,001,1795
1088.6875,1088.7002,32343,38309,Eptesicus serotinus,0.011,0.029,-1,Echolocation,/mnt/ubna_data_02_mir/recover-20221013/UBNA_001/20221012_030000.WAV,Telephone Field,recover-20221013,001,1795
1088.7485,1088.7563,58984,64325,Pipistrellus pygmaeus,0.032,0.033,-1,Echolocation,/mnt/ubna_data_02_mir/recover-20221013/UBNA_001/20221012_030000.WAV,Telephone Field,recover-20221013,001,1795
1088.8535,1088.8651,22031,26131,Nyctalus leisleri,0.012,0.022,-1,Echolocation,/mnt/ubna_data_02_mir/recover-20221013/UBNA_001/20221012_030000.WAV,Telephone Field,recover-20221013,001,1795
1088.8965,1088.9342,68437,81762,Rhinolophus ferrumequinum,0.022,0.022,-1,Echolocation,/mnt/ubna_data_02_mir/recover-20221013/UBNA_001/20221012_030000.WAV,Telephone Field,recover-20221013,001,1795
1088.9205,1088.9256,34062,47273,Myotis daubentonii,0.02,0.039,-1,Echolocation,/mnt/ubna_data_02_mir/recover-20221013/UBNA_001/20221012_030000.WAV,Telephone Field,recover-20221013,001,1795
1088.9985,1089.0415,68437,83039,Rhinolophus ferrumequinum,0.03,0.03,-1,Echolocation,/mnt/ubna_data_02_mir/recover-20221013/UBNA_001/20221012_030000.WAV,Telephone Field,recover-20221013,001,1795
1089.0055,1089.049,68437,83110,Rhinolophus ferrumequinum,0.026,0.026,-1,Echolocation,/mnt/ubna_data_02_mir/recover-20221013/UBNA_001/20221012_030000.WAV,Telephone Field,recover-20221013,001,1795
1089.0365,1089.0426,28046,40594,Eptesicus serotinus,0.006,0.028,-1,Echolocation,/mnt/ubna_data_02_mir/recover-20221013/UBNA_001/20221012_030000.WAV,Telephone Field,recover-20221013,001,1795
1089.0365,1089.0751,68437,82399,Rhinolophus ferrumequinum,0.025,0.025,-1,Echolocation,/mnt/ubna_data_02_mir/recover-20221013/UBNA_001/20221012_030000.WAV,Telephone Field,recover-20221013,001,1795
1089.0925,1089.1032,22890,28939,Nyctalus leisleri,0.011,0.027,-1,Echolocation,/mnt/ubna_data_02_mir/recover-20221013/UBNA_001/20221012_030000.WAV,Telephone Field,recover-20221013,001,1795
1089.1185,1089.1264,28906,40676,Eptesicus serotinus,0.008,0.023,-1,Echolocation,/mnt/ubna_data_02_mir/recover-20221013/UBNA_001/20221012_030000.WAV,Telephone Field,recover-20221013,001,1795
1089.1745,1089.1835,27187,37746,Eptesicus serotinus,0.008,0.022,-1,Echolocation,/mnt/ubna_data_02_mir/recover-20221013/UBNA_001/20221012_030000.WAV,Telephone Field,recover-20221013,001,1795
1089.1825,1089.1949,22890,27376,Nyctalus leisleri,0.014,0.024,-1,Echolocation,/mnt/ubna_data_02_mir/recover-20221013/UBNA_001/20221012_030000.WAV,Telephone Field,recover-20221013,001,1795
1089.1915,1089.2275,68437,81505,Rhinolophus ferrumequinum,0.023,0.023,-1,Echolocation,/mnt/ubna_data_02_mir/recover-20221013/UBNA_001/20221012_030000.WAV,Telephone Field,recover-20221013,001,1795
1089.2555,1089.2962,68437,82558,Rhinolophus ferrumequinum,0.022,0.022,-1,Echolocation,/mnt/ubna_data_02_mir/recover-20221013/UBNA_001/20221012_030000.WAV,Telephone Field,recover-20221013,001,1795
1089.2605,1089.2799,19453,22337,Nyctalus noctula,0.014,0.029,-1,Echolocation,/mnt/ubna_data_02_mir/recover-20221013/UBNA_001/20221012_030000.WAV,Telephone Field,recover-20221013,001,1795
1089.2985,1089.3383,68437,82886,Rhinolophus ferrumequinum,0.031,0.031,-1,Echolocation,/mnt/ubna_data_02_mir/recover-20221013/UBNA_001/20221012_030000.WAV,Telephone Field,recover-20221013,001,1795
1089.3345,1089.346,56406,61200,Pipistrellus pygmaeus,0.022,0.023,-1,Echolocation,/mnt/ubna_data_02_mir/recover-20221013/UBNA_001/20221012_030000.WAV,Telephone Field,recover-20221013,001,1795
1089.3675,1089.4068,68437,82405,Rhinolophus ferrumequinum,0.023,0.024,-1,Echolocation,/mnt/ubna_data_02_mir/recover-20221013/UBNA_001/20221012_030000.WAV,Telephone Field,recover-20221013,001,1795
1089.3925,1089.4001,23750,32206,Plecotus austriacus,0.013,0.027,-1,Echolocation,/mnt/ubna_data_02_mir/recover-20221013/UBNA_001/20221012_030000.WAV,Telephone Field,recover-20221013,001,1795
1089.4185,1089.4577,68437,82390,Rhinolophus ferrumequinum,0.024,0.024,-1,Echolocation,/mnt/ubna_data_02_mir/recover-20221013/UBNA_001/20221012_030000.WAV,Telephone Field,recover-20221013,001,1795
1089.4765,1089.4879,22890,27983,Nyctalus leisleri,0.014,0.027,-1,Echolocation,/mnt/ubna_data_02_mir/recover-20221013/UBNA_001/20221012_030000.WAV,Telephone Field,recover-20221013,001,1795
1089.4925,1089.5036,24609,30756,Nyctalus leisleri,0.012,0.029,-1,Echolocation,/mnt/ubna_data_02_mir/recover-20221013/UBNA_001/20221012_030000.WAV,Telephone Field,recover-20221013,001,1795
1089.5055,1089.514,28046,39661,Eptesicus serotinus,0.007,0.022,-1,Echolocation,/mnt/ubna_data_02_mir/recover-20221013/UBNA_001/20221012_030000.WAV,Telephone Field,recover-20221013,001,1795
1089.5315,1089.5719,68437,82059,Rhinolophus ferrumequinum,0.022,0.022,-1,Echolocation,/mnt/ubna_data_02_mir/recover-20221013/UBNA_001/20221012_030000.WAV,Telephone Field,recover-20221013,001,1795
1089.5395,1089.5481,28046,37881,Eptesicus serotinus,0.008,0.022,-1,Echolocation,/mnt/ubna_data_02_mir/recover-20221013/UBNA_001/20221012_030000.WAV,Telephone Field,recover-20221013,001,1795
1089.5455,1089.5864,68437,82877,Rhinolophus ferrumequinum,0.024,0.024,-1,Echolocation,/mnt/ubna_data_02_mir/recover-20221013/UBNA_001/20221012_030000.WAV,Telephone Field,recover-20221013,001,1795
1089.5775,1089.5979,20312,23311,Nyctalus leisleri,0.026,0.055,-1,Echolocation,/mnt/ubna_data_02_mir/recover-20221013/UBNA_001/20221012_030000.WAV,Telephone Field,recover-20221013,001,1795
1089.5855,1089.5932,28046,37497,Eptesicus serotinus,0.006,0.022,-1,Echolocation,/mnt/ubna_data_02_mir/recover-20221013/UBNA_001/20221012_030000.WAV,Telephone Field,recover-20221013,001,1795
1089.6295,1089.639,48671,52903,Pipistrellus pipistrellus,0.042,0.047,-1,Echolocation,/mnt/ubna_data_02_mir/recover-20221013/UBNA_001/20221012_030000.WAV,Telephone Field,recover-20221013,001,1795
1089.6305,1089.672,68437,83229,Rhinolophus ferrumequinum,0.024,0.024,-1,Echolocation,/mnt/ubna_data_02_mir/recover-20221013/UBNA_001/20221012_030000.WAV,Telephone Field,recover-20221013,001,1795
1089.6485,1089.6551,28046,41662,Eptesicus serotinus,0.008,0.031,-1,Echolocation,/mnt/ubna_data_02_mir/recover-20221013/UBNA_001/20221012_030000.WAV,Telephone Field,recover-20221013,001,1795
1089.6705,1089.6816,28046,35388,Eptesicus serotinus,0.013,0.026,-1,Echolocation,/mnt/ubna_data_02_mir/recover-20221013/UBNA_001/20221012_030000.WAV,Telephone Field,recover-20221013,001,1795
1089.6725,1089.7119,68437,82937,Rhinolophus ferrumequinum,0.024,0.024,-1,Echolocation,/mnt/ubna_data_02_mir/recover-20221013/UBNA_001/20221012_030000.WAV,Telephone Field,recover-20221013,001,1795
1089.6915,1089.7281,68437,81844,Rhinolophus ferrumequinum,0.025,0.025,-1,Echolocation,/mnt/ubna_data_02_mir/recover-20221013/UBNA_001/20221012_030000.WAV,Telephone Field,recover-20221013,001,1795
1089.7175,1089.759,68437,82849,Rhinolophus ferrumequinum,0.037,0.037,-1,Echolocation,/mnt/ubna_data_02_mir/recover-20221013/UBNA_001/20221012_030000.WAV,Telephone Field,recover-20221013,001,1795
1089.7475,1089.7542,23750,34681,Plecotus austriacus,0.013,0.028,-1,Echolocation,/mnt/ubna_data_02_mir/recover-20221013/UBNA_001/20221012_030000.WAV,Telephone Field,recover-20221013,001,1795
1089.7665,1089.8059,68437,82798,Rhinolophus ferrumequinum,0.026,0.026,-1,Echolocation,/mnt/ubna_data_02_mir/recover-20221013/UBNA_001/20221012_030000.WAV,Telephone Field,recover-20221013,001,1795
1089.8155,1089.8224,28046,38776,Eptesicus serotinus,0.009,0.029,-1,Echolocation,/mnt/ubna_data_02_mir/recover-20221013/UBNA_001/20221012_030000.WAV,Telephone Field,recover-20221013,001,1795
1089.8295,1089.8696,68437,82611,Rhinolophus ferrumequinum,0.025,0.025,-1,Echolocation,/mnt/ubna_data_02_mir/recover-20221013/UBNA_001/20221012_030000.WAV,Telephone Field,recover-20221013,001,1795
1089.8765,1089.9161,68437,82684,Rhinolophus ferrumequinum,0.023,0.023,-1,Echolocation,/mnt/ubna_data_02_mir/recover-20221013/UBNA_001/20221012_030000.WAV,Telephone Field,recover-20221013,001,1795
1089.9135,1089.9243,24609,30419,Nyctalus leisleri,0.012,0.028,-1,Echolocation,/mnt/ubna_data_02_mir/recover-20221013/UBNA_001/20221012_030000.WAV,Telephone Field,recover-20221013,001,1795
1089.9305,1089.9702,68437,82369,Rhinolophus ferrumequinum,0.027,0.027,-1,Echolocation,/mnt/ubna_data_02_mir/recover-20221013/UBNA_001/20221012_030000.WAV,Telephone Field,recover-20221013,001,1795
1089.9315,1089.9423,23750,30036,Nyctalus leisleri,0.011,0.027,-1,Echolocation,/mnt/ubna_data_02_mir/recover-20221013/UBNA_001/20221012_030000.WAV,Telephone Field,recover-20221013,001,1795
1089.9585,1089.9707,14296,19933,Nyctalus noctula,0.025,0.038,-1,Echolocation,/mnt/ubna_data_02_mir/recover-20221013/UBNA_001/20221012_030000.WAV,Telephone Field,recover-20221013,001,1795
1090.0015,1090.0312,69296,81991,Rhinolophus ferrumequinum,0.031,0.031,-1,Echolocation,/mnt/ubna_data_02_mir/recover-20221013/UBNA_001/20221012_030000.WAV,Telephone Field,recover-20221013,001,1795
1090.0015,1090.0096,25468,36840,Eptesicus serotinus,0.006,0.026,-1,Echolocation,/mnt/ubna_data_02_mir/recover-20221013/UBNA_001/20221012_030000.WAV,Telephone Field,recover-20221013,001,1795
1090.0085,1090.0476,68437,81779,Rhinolophus ferrumequinum,0.022,0.022,-1,Echolocation,/mnt/ubna_data_02_mir/recover-20221013/UBNA_001/20221012_030000.WAV,Telephone Field,recover-20221013,001,1795
1090.0225,1090.0314,38359,45058,Myotis daubentonii,0.006,0.023,-1,Echolocation,/mnt/ubna_data_02_mir/recover-20221013/UBNA_001/20221012_030000.WAV,Telephone Field,recover-20221013,001,1795
1090.1075,1090.1458,68437,81335,Rhinolophus ferrumequinum,0.022,0.022,-1,Echolocation,/mnt/ubna_data_02_mir/recover-20221013/UBNA_001/20221012_030000.WAV,Telephone Field,recover-20221013,001,1795
1090.1385,1090.1465,27187,40944,Eptesicus serotinus,0.009,0.024,-1,Echolocation,/mnt/ubna_data_02_mir/recover-20221013/UBNA_001/20221012_030000.WAV,Telephone Field,recover-20221013,001,1795
1090.1885,1090.2286,68437,82421,Rhinolophus ferrumequinum,0.022,0.022,-1,Echolocation,/mnt/ubna_data_02_mir/recover-20221013/UBNA_001/20221012_030000.WAV,Telephone Field,recover-20221013,001,1795
1090.2275,1090.266,68437,82496,Rhinolophus ferrumequinum,0.027,0.027,-1,Echolocation,/mnt/ubna_data_02_mir/recover-20221013/UBNA_001/20221012_030000.WAV,Telephone Field,recover-20221013,001,1795
1090.2545,1090.2615,28906,41052,Eptesicus serotinus,0.007,0.023,-1,Echolocation,/mnt/ubna_data_02_mir/recover-20221013/UBNA_001/20221012_030000.WAV,Telephone Field,recover-20221013,001,1795
1090.2845,1090.2933,27187,40666,Eptesicus serotinus,0.008,0.022,-1,Echolocation,/mnt/ubna_data_02_mir/recover-20221013/UBNA_001/20221012_030000.WAV,Telephone Field,recover-20221013,001,1795
1090.3035,1090.3456,68437,82827,Rhinolophus ferrumequinum,0.023,0.023,-1,Echolocation,/mnt/ubna_data_02_mir/recover-20221013/UBNA_001/20221012_030000.WAV,Telephone Field,recover-20221013,001,1795
1090.3515,1090.3603,23750,30848,Nyctalus leisleri,0.007,0.022,-1,Echolocation,/mnt/ubna_data_02_mir/recover-20221013/UBNA_001/20221012_030000.WAV,Telephone Field,recover-20221013,001,1795
1090.3745,1090.385,24609,30820,Nyctalus leisleri,0.014,0.035,-1,Echolocation,/mnt/ubna_data_02_mir/recover-20221013/UBNA_001/20221012_030000.WAV,Telephone Field,recover-20221013,001,1795
1090.3995,1090.4072,47812,54732,Pipistrellus pipistrellus,0.027,0.029,-1,Echolocation,/mnt/ubna_data_02_mir/recover-20221013/UBNA_001/20221012_030000.WAV,Telephone Field,recover-20221013,001,1795
1090.4045,1090.4147,28046,37334,Eptesicus serotinus,0.011,0.023,-1,Echolocation,/mnt/ubna_data_02_mir/recover-20221013/UBNA_001/20221012_030000.WAV,Telephone Field,recover-20221013,001,1795
1090.4075,1090.447,68437,82641,Rhinolophus ferrumequinum,0.022,0.022,-1,Echolocation,/mnt/ubna_data_02_mir/recover-20221013/UBNA_001/20221012_030000.WAV,Telephone Field,recover-20221013,001,1795
1090.4175,1090.4581,68437,82430,Rhinolophus ferrumequinum,0.025,0.025,-1,Echolocation,/mnt/ubna_data_02_mir/recover-20221013/UBNA_001/20221012_030000.WAV,Telephone Field,recover-20221013,001,1795
1090.4195,1090.4264,27187,43462,Eptesicus serotinus,0.008,0.027,-1,Echolocation,/mnt/ubna_data_02_mir/recover-20221013/UBNA_001/20221012_030000.WAV,Telephone Field,recover-20221013,001,1795
1090.4585,1090.4661,28046,41585,Eptesicus serotinus,0.009,0.026,-1,Echolocation,/mnt/ubna_data_02_mir/recover-20221013/UBNA_001/20221012_030000.WAV,Telephone Field,recover-20221013,001,1795
1090.4675,1090.4771,22031,28331,Nyctalus leisleri,0.01,0.027,-1,Echolocation,/mnt/ubna_data_02_mir/recover-20221013/UBNA_001/20221012_030000.WAV,Telephone Field,recover-20221013,001,1795
1090.4745,1090.514,68437,82639,Rhinolophus ferrumequinum,0.038,0.038,-1,Echolocation,/mnt/ubna_data_02_mir/recover-20221013/UBNA_001/20221012_030000.WAV,Telephone Field,recover-20221013,001,1795
1090.5065,1090.513,27187,43848,Eptesicus serotinus,0.007,0.027,-1,Echolocation,/mnt/ubna_data_02_mir/recover-20221013/UBNA_001/20221012_030000.WAV,Telephone Field,recover-20221013,001,1795
1090.5505,1090.5891,68437,82560,Rhinolophus ferrumequinum,0.023,0.023,-1,Echolocation,/mnt/ubna_data_02_mir/recover-20221013/UBNA_001/20221012_030000.WAV,Telephone Field,recover-20221013,001,1795
1090.5595,1090.5688,23750,30726,Nyctalus leisleri,0.007,0.023,-1,Echolocation,/mnt/ubna_data_02_mir/recover-20221013/UBNA_001/20221012_030000.WAV,Telephone Field,recover-20221013,001,1795
1090.6125,1090.6549,68437,82680,Rhinolophus ferrumequinum,0.031,0.031,-1,Echolocation,/mnt/ubna_data_02_mir/recover-20221013/UBNA_001/20221012_030000.WAV,Telephone Field,recover-20221013,001,1795
1090.6135,1090.6235,24609,31871,Eptesicus serotinus,0.008,0.023,-1,Echolocation,/mnt/ubna_data_02_mir/recover-20221013/UBNA_001/20221012_030000.WAV,Telephone Field,recover-20221013,001,1795
1090.6215,1090.658,68437,82031,Rhinolophus ferrumequinum,0.022,0.022,-1,Echolocation,/mnt/ubna_data_02_mir/recover-20221013/UBNA_001/20221012_030000.WAV,Telephone Field,recover-20221013,001,1795
1090.6595,1090.6665,23750,32792,Plecotus austriacus,0.008,0.022,-1,Echolocation,/mnt/ubna_data_02_mir/recover-20221013/UBNA_001/20221012_030000.WAV,Telephone Field,recover-20221013,001,1795
1090.6785,1090.7209,68437,83065,Rhinolophus ferrumequinum,0.031,0.031,-1,Echolocation,/mnt/ubna_data_02_mir/recover-20221013/UBNA_001/20221012_030000.WAV,Telephone Field,recover-20221013,001,1795
1090.7005,1090.7363,68437,81854,Rhinolophus ferrumequinum,0.023,0.023,-1,Echolocation,/mnt/ubna_data_02_mir/recover-20221013/UBNA_001/20221012_030000.WAV,Telephone Field,recover-20221013,001,1795
1090.7225,1090.7318,24609,32693,Eptesicus serotinus,0.008,0.022,-1,Echolocation,/mnt/ubna_data_02_mir/recover-20221013/UBNA_001/20221012_030000.WAV,Telephone Field,recover-20221013,001,1795
1090.7475,1090.7899,68437,82533,Rhinolophus ferrumequinum,0.024,0.024,-1,Echolocation,/mnt/ubna_data_02_mir/recover-20221013/UBNA_001/20221012_030000.WAV,Telephone Field,recover-20221013,001,1795
1090.7655,1090.8023,68437,81875,Rhinolophus ferrumequinum,0.022,0.022,-1,Echolocation,/mnt/ubna_data_02_mir/recover-20221013/UBNA_001/20221012_030000.WAV,Telephone Field,recover-20221013,001,1795
1090.8435,1090.8844,68437,82769,Rhinolophus ferrumequinum,0.022,0.022,-1,Echolocation,/mnt/ubna_data_02_mir/recover-20221013/UBNA_001/20221012_030000.WAV,Telephone Field,recover-20221013,001,1795
1090.9635,1091.0024,68437,82348,Rhinolophus ferrumequinum,0.022,0.022,-1,Echolocation,/mnt/ubna_data_02_mir/recover-20221013/UBNA_001/20221012_030000.WAV,Telephone Field,recover-20221013,001,1795
1090.9665,1090.9741,24609,33862,Plecotus austriacus,0.007,0.023,-1,Echolocation,/mnt/ubna_data_02_mir/recover-20221013/UBNA_001/20221012_030000.WAV,Telephone Field,recover-20221013,001,1795
1090.9935,1091.0074,26328,32956,Eptesicus serotinus,0.03,0.056,-1,Echolocation,/mnt/ubna_data_02_mir/recover-20221013/UBNA_001/20221012_030000.WAV,Telephone Field,recover-20221013,001,1795
1091.0255,1091.0342,27187,35878,Eptesicus serotinus,0.018,0.044,-1,Echolocation,/mnt/ubna_data_02_mir/recover-20221013/UBNA_001/20221012_030000.WAV,Telephone Field,recover-20221013,001,1795
1091.0415,1091.0816,68437,82375,Rhinolophus ferrumequinum,0.03,0.03,-1,Echolocation,/mnt/ubna_data_02_mir/recover-20221013/UBNA_001/20221012_030000.WAV,Telephone Field,recover-20221013,001,1795
1091.0885,1091.1341,68437,83375,Rhinolophus ferrumequinum,0.035,0.035,-1,Echolocation,/mnt/ubna_data_02_mir/recover-20221013/UBNA_001/20221012_030000.WAV,Telephone Field,recover-20221013,001,1795
1091.1065,1091.1153,27187,38140,Eptesicus serotinus,0.008,0.025,-1,Echolocation,/mnt/ubna_data_02_mir/recover-20221013/UBNA_001/20221012_030000.WAV,Telephone Field,recover-20221013,001,1795
1091.1085,1091.1155,33203,44046,Myotis daubentonii,0.01,0.023,-1,Echolocation,/mnt/ubna_data_02_mir/recover-20221013/UBNA_001/20221012_030000.WAV,Telephone Field,recover-20221013,001,1795
1091.1425,1091.1849,68437,83331,Rhinolophus ferrumequinum,0.031,0.031,-1,Echolocation,/mnt/ubna_data_02_mir/recover-20221013/UBNA_001/20221012_030000.WAV,Telephone Field,recover-20221013,001,1795
1091.1515,1091.1586,24609,33749,Plecotus austriacus,0.009,0.026,-1,Echolocation,/mnt/ubna_data_02_mir/recover-20221013/UBNA_001/20221012_030000.WAV,Telephone Field,recover-20221013,001,1795
1091.1755,1091.1851,28906,37562,Eptesicus serotinus,0.009,0.023,-1,Echolocation,/mnt/ubna_data_02_mir/recover-20221013/UBNA_001/20221012_030000.WAV,Telephone Field,recover-20221013,001,1795
1091.2045,1091.2135,25468,34079,Eptesicus serotinus,0.018,0.041,-1,Echolocation,/mnt/ubna_data_02_mir/recover-20221013/UBNA_001/20221012_030000.WAV,Telephone Field,recover-20221013,001,1795
1091.2435,1091.2826,68437,82911,Rhinolophus ferrumequinum,0.022,0.022,-1,Echolocation,/mnt/ubna_data_02_mir/recover-20221013/UBNA_001/20221012_030000.WAV,Telephone Field,recover-20221013,001,1795
1091.2735,1091.3112,68437,82029,Rhinolophus ferrumequinum,0.022,0.022,-1,Echolocation,/mnt/ubna_data_02_mir/recover-20221013/UBNA_001/20221012_030000.WAV,Telephone Field,recover-20221013,001,1795
1091.2945,1091.3314,68437,81971,Rhinolophus ferrumequinum,0.026,0.026,-1,Echolocation,/mnt/ubna_data_02_mir/recover-20221013/UBNA_001/20221012_030000.WAV,Telephone Field,recover-20221013,001,1795
1091.3275,1091.3673,68437,82782,Rhinolophus ferrumequinum,0.024,0.024,-1,Echolocation,/mnt/ubna_data_02_mir/recover-20221013/UBNA_001/20221012_030000.WAV,Telephone Field,recover-20221013,001,1795
1091.3655,1091.4033,68437,82630,Rhinolophus ferrumequinum,0.027,0.027,-1,Echolocation,/mnt/ubna_data_02_mir/recover-20221013/UBNA_001/20221012_030000.WAV,Telephone Field,recover-20221013,001,1795
1091.3865,1091.3935,28046,40748,Eptesicus serotinus,0.01,0.035,-1,Echolocation,/mnt/ubna_data_02_mir/recover-20221013/UBNA_001/20221012_030000.WAV,Telephone Field,recover-20221013,001,1795
1091.4175,1091.4565,68437,82565,Rhinolophus ferrumequinum,0.022,0.022,-1,Echolocation,/mnt/ubna_data_02_mir/recover-20221013/UBNA_001/20221012_030000.WAV,Telephone Field,recover-20221013,001,1795
1091.4205,1091.4317,28046,35744,Eptesicus serotinus,0.011,0.024,-1,Echolocation,/mnt/ubna_data_02_mir/recover-20221013/UBNA_001/20221012_030000.WAV,Telephone Field,recover-20221013,001,1795
1091.5165,1091.5539,68437,81668,Rhinolophus ferrumequinum,0.022,0.023,-1,Echolocation,/mnt/ubna_data_02_mir/recover-20221013/UBNA_001/20221012_030000.WAV,Telephone Field,recover-20221013,001,1795
1091.5265,1091.5351,27187,38680,Eptesicus serotinus,0.008,0.022,-1,Echolocation,/mnt/ubna_data_02_mir/recover-20221013/UBNA_001/20221012_030000.WAV,Telephone Field,recover-20221013,001,1795
1091.5485,1091.5566,28046,39516,Eptesicus serotinus,0.009,0.025,-1,Echolocation,/mnt/ubna_data_02_mir/recover-20221013/UBNA_001/20221012_030000.WAV,Telephone Field,recover-20221013,001,1795
1091.5595,1091.5674,28046,39327,Eptesicus serotinus,0.009,0.026,-1,Echolocation,/mnt/ubna_data_02_mir/recover-20221013/UBNA_001/20221012_030000.WAV,Telephone Field,recover-20221013,001,1795
1091.5735,1091.6165,68437,83072,Rhinolophus ferrumequinum,0.026,0.026,-1,Echolocation,/mnt/ubna_data_02_mir/recover-20221013/UBNA_001/20221012_030000.WAV,Telephone Field,recover-20221013,001,1795
1091.5745,1091.585,22031,27150,Nyctalus leisleri,0.01,0.024,-1,Echolocation,/mnt/ubna_data_02_mir/recover-20221013/UBNA_001/20221012_030000.WAV,Telephone Field,recover-20221013,001,1795
1091.6485,1091.69,68437,82677,Rhinolophus ferrumequinum,0.035,0.035,-1,Echolocation,/mnt/ubna_data_02_mir/recover-20221013/UBNA_001/20221012_030000.WAV,Telephone Field,recover-20221013,001,1795
1091.7035,1091.7104,27187,39933,Eptesicus serotinus,0.007,0.023,-1,Echolocation,/mnt/ubna_data_02_mir/recover-20221013/UBNA_001/20221012_030000.WAV,Telephone Field,recover-20221013,001,1795
1091.7145,1091.7511,68437,82458,Rhinolophus ferrumequinum,0.023,0.023,-1,Echolocation,/mnt/ubna_data_02_mir/recover-20221013/UBNA_001/20221012_030000.WAV,Telephone Field,recover-20221013,001,1795
1091.7205,1091.7318,23750,30102,Nyctalus leisleri,0.011,0.026,-1,Echolocation,/mnt/ubna_data_02_mir/recover-20221013/UBNA_001/20221012_030000.WAV,Telephone Field,recover-20221013,001,1795
1091.7815,1091.791,28046,38853,Eptesicus serotinus,0.009,0.023,-1,Echolocation,/mnt/ubna_data_02_mir/recover-20221013/UBNA_001/20221012_030000.WAV,Telephone Field,recover-20221013,001,1795
1091.8165,1091.827,22890,28247,Nyctalus leisleri,0.011,0.024,-1,Echolocation,/mnt/ubna_data_02_mir/recover-20221013/UBNA_001/20221012_030000.WAV,Telephone Field,recover-20221013,001,1795
1091.8755,1091.9152,68437,81995,Rhinolophus ferrumequinum,0.024,0.024,-1,Echolocation,/mnt/ubna_data_02_mir/recover-20221013/UBNA_001/20221012_030000.WAV,Telephone Field,recover-20221013,001,1795
1091.8885,1091.927,68437,82881,Rhinolophus ferrumequinum,0.023,0.023,-1,Echolocation,/mnt/ubna_data_02_mir/recover-20221013/UBNA_001/20221012_030000.WAV,Telephone Field,recover-20221013,001,1795
1091.8935,1091.9322,68437,82592,Rhinolophus ferrumequinum,0.023,0.023,-1,Echolocation,/mnt/ubna_data_02_mir/recover-20221013/UBNA_001/20221012_030000.WAV,Telephone Field,recover-20221013,001,1795
1091.9035,1091.9411,68437,81947,Rhinolophus ferrumequinum,0.022,0.022,-1,Echolocation,/mnt/ubna_data_02_mir/recover-20221013/UBNA_001/20221012_030000.WAV,Telephone Field,recover-20221013,001,1795
1091.9415,1091.9821,68437,83415,Rhinolophus ferrumequinum,0.025,0.025,-1,Echolocation,/mnt/ubna_data_02_mir/recover-20221013/UBNA_001/20221012_030000.WAV,Telephone Field,recover-20221013,001,1795
1091.9735,1091.9828,22031,28711,Plecotus austriacus,0.009,0.023,-1,Echolocation,/mnt/ubna_data_02_mir/recover-20221013/UBNA_001/20221012_030000.WAV,Telephone Field,recover-20221013,001,1795
1092.0015,1092.0087,46093,49829,Pipistrellus pipistrellus,0.019,0.027,-1,Echolocation,/mnt/ubna_data_02_mir/recover-20221013/UBNA_001/20221012_030000.WAV,Telephone Field,recover-20221013,001,1795
1092.0015,1092.0367,68437,80843,Rhinolophus ferrumequinum,0.041,0.041,-1,Echolocation,/mnt/ubna_data_02_mir/recover-20221013/UBNA_001/20221012_030000.WAV,Telephone Field,recover-20221013,001,1795
1092.0015,1092.0108,26328,34701,Nyctalus leisleri,0.01,0.03,-1,Echolocation,/mnt/ubna_data_02_mir/recover-20221013/UBNA_001/20221012_030000.WAV,Telephone Field,recover-20221013,001,1795
1092.0015,1092.0147,22031,27827,Nyctalus leisleri,0.013,0.031,-1,Echolocation,/mnt/ubna_data_02_mir/recover-20221013/UBNA_001/20221012_030000.WAV,Telephone Field,recover-20221013,001,1795
1092.0105,1092.0181,26328,35546,Eptesicus serotinus,0.007,0.023,-1,Echolocation,/mnt/ubna_data_02_mir/recover-20221013/UBNA_001/20221012_030000.WAV,Telephone Field,recover-20221013,001,1795
1092.0445,1092.0858,68437,83099,Rhinolophus ferrumequinum,0.027,0.027,-1,Echolocation,/mnt/ubna_data_02_mir/recover-20221013/UBNA_001/20221012_030000.WAV,Telephone Field,recover-20221013,001,1795
1092.0525,1092.06,28046,45227,Eptesicus serotinus,0.006,0.022,-1,Echolocation,/mnt/ubna_data_02_mir/recover-20221013/UBNA_001/20221012_030000.WAV,Telephone Field,recover-20221013,001,1795
1092.0825,1092.0914,14296,22589,Plecotus auritus,0.015,0.031,-1,Echolocation,/mnt/ubna_data_02_mir/recover-20221013/UBNA_001/20221012_030000.WAV,Telephone Field,recover-20221013,001,1795
1092.0945,1092.1307,68437,82189,Rhinolophus ferrumequinum,0.028,0.028,-1,Echolocation,/mnt/ubna_data_02_mir/recover-20221013/UBNA_001/20221012_030000.WAV,Telephone Field,recover-20221013,001,1795
1092.1355,1092.146,28906,36511,Eptesicus serotinus,0.01,0.022,-1,Echolocation,/mnt/ubna_data_02_mir/recover-20221013/UBNA_001/20221012_030000.WAV,Telephone Field,recover-20221013,001,1795
1092.1675,1092.1778,24609,31522,Eptesicus serotinus,0.007,0.021,-1,Echolocation,/mnt/ubna_data_02_mir/recover-20221013/UBNA_001/20221012_030000.WAV,Telephone Field,recover-20221013,001,1795
1092.1935,1092.2012,22890,30361,Plecotus austriacus,0.011,0.023,-1,Echolocation,/mnt/ubna_data_02_mir/recover-20221013/UBNA_001/20221012_030000.WAV,Telephone Field,recover-20221013,001,1795
1092.2035,1092.2435,68437,82282,Rhinolophus ferrumequinum,0.024,0.024,-1,Echolocation,/mnt/ubna_data_02_mir/recover-20221013/UBNA_001/20221012_030000.WAV,Telephone Field,recover-20221013,001,1795
1092.2325,1092.2712,68437,82542,Rhinolophus ferrumequinum,0.023,0.023,-1,Echolocation,/mnt/ubna_data_02_mir/recover-20221013/UBNA_001/20221012_030000.WAV,Telephone Field,recover-20221013,001,1795
1092.2825,1092.3214,68437,81675,Rhinolophus ferrumequinum,0.022,0.022,-1,Echolocation,/mnt/ubna_data_02_mir/recover-20221013/UBNA_001/20221012_030000.WAV,Telephone Field,recover-20221013,001,1795
1092.2875,1092.2938,28046,40717,Eptesicus serotinus,0.006,0.024,-1,Echolocation,/mnt/ubna_data_02_mir/recover-20221013/UBNA_001/20221012_030000.WAV,Telephone Field,recover-20221013,001,1795
1092.2975,1092.3371,68437,81959,Rhinolophus ferrumequinum,0.021,0.021,-1,Echolocation,/mnt/ubna_data_02_mir/recover-20221013/UBNA_001/20221012_030000.WAV,Telephone Field,recover-20221013,001,1795
1092.3045,1092.3146,28906,36673,Eptesicus serotinus,0.009,0.021,-1,Echolocation,/mnt/ubna_data_02_mir/recover-20221013/UBNA_001/20221012_030000.WAV,Telephone Field,recover-20221013,001,1795
1092.3665,1092.4062,68437,82465,Rhinolophus ferrumequinum,0.064,0.064,-1,Echolocation,/mnt/ubna_data_02_mir/recover-20221013/UBNA_001/20221012_030000.WAV,Telephone Field,recover-20221013,001,1795
1092.4075,1092.4188,46093,49884,Pipistrellus pipistrellus,0.024,0.027,-1,Echolocation,/mnt/ubna_data_02_mir/recover-20221013/UBNA_001/20221012_030000.WAV,Telephone Field,recover-20221013,001,1795
1092.4435,1092.4822,68437,82764,Rhinolophus ferrumequinum,0.022,0.022,-1,Echolocation,/mnt/ubna_data_02_mir/recover-20221013/UBNA_001/20221012_030000.WAV,Telephone Field,recover-20221013,001,1795
1092.4655,1092.5055,68437,81753,Rhinolophus ferrumequinum,0.025,0.025,-1,Echolocation,/mnt/ubna_data_02_mir/recover-20221013/UBNA_001/20221012_030000.WAV,Telephone Field,recover-20221013,001,1795
1092.4895,1092.5002,22890,28284,Nyctalus leisleri,0.009,0.022,-1,Echolocation,/mnt/ubna_data_02_mir/recover-20221013/UBNA_001/20221012_030000.WAV,Telephone Field,recover-20221013,001,1795
1092.4915,1092.5323,68437,82985,Rhinolophus ferrumequinum,0.025,0.025,-1,Echolocation,/mnt/ubna_data_02_mir/recover-20221013/UBNA_001/20221012_030000.WAV,Telephone Field,recover-20221013,001,1795
1092.5205,1092.5308,38359,43368,Pipistrellus nathusii,0.014,0.026,-1,Echolocation,/mnt/ubna_data_02_mir/recover-20221013/UBNA_001/20221012_030000.WAV,Telephone Field,recover-20221013,001,1795
1092.5575,1092.5971,68437,82926,Rhinolophus ferrumequinum,0.023,0.023,-1,Echolocation,/mnt/ubna_data_02_mir/recover-20221013/UBNA_001/20221012_030000.WAV,Telephone Field,recover-20221013,001,1795
1092.6345,1092.6425,33203,43627,Barbastellus barbastellus,0.008,0.029,-1,Echolocation,/mnt/ubna_data_02_mir/recover-20221013/UBNA_001/20221012_030000.WAV,Telephone Field,recover-20221013,001,1795
1092.6545,1092.6628,23750,31727,Plecotus austriacus,0.008,0.026,-1,Echolocation,/mnt/ubna_data_02_mir/recover-20221013/UBNA_001/20221012_030000.WAV,Telephone Field,recover-20221013,001,1795
1092.6745,1092.6816,28906,40227,Eptesicus serotinus,0.006,0.024,-1,Echolocation,/mnt/ubna_data_02_mir/recover-20221013/UBNA_001/20221012_030000.WAV,Telephone Field,recover-20221013,001,1795
1092.6755,1092.686,22031,26793,Nyctalus leisleri,0.011,0.022,-1,Echolocation,/mnt/ubna_data_02_mir/recover-20221013/UBNA_001/20221012_030000.WAV,Telephone Field,recover-20221013,001,1795
1092.7305,1092.7698,68437,83102,Rhinolophus ferrumequinum,0.024,0.024,-1,Echolocation,/mnt/ubna_data_02_mir/recover-20221013/UBNA_001/20221012_030000.WAV,Telephone Field,recover-20221013,001,1795
1092.7325,1092.743,28906,34550,Eptesicus serotinus,0.014,0.027,-1,Echolocation,/mnt/ubna_data_02_mir/recover-20221013/UBNA_001/20221012_030000.WAV,Telephone Field,recover-20221013,001,1795
1092.7715,1092.8079,68437,81576,Rhinolophus ferrumequinum,0.022,0.022,-1,Echolocation,/mnt/ubna_data_02_mir/recover-20221013/UBNA_001/20221012_030000.WAV,Telephone Field,recover-20221013,001,1795
1092.7905,1092.8282,68437,81820,Rhinolophus ferrumequinum,0.022,0.022,-1,Echolocation,/mnt/ubna_data_02_mir/recover-20221013/UBNA_001/20221012_030000.WAV,Telephone Field,recover-20221013,001,1795
1092.8245,1092.8574,68437,80669,Rhinolophus ferrumequinum,0.021,0.021,-1,Echolocation,/mnt/ubna_data_02_mir/recover-20221013/UBNA_001/20221012_030000.WAV,Telephone Field,recover-20221013,001,1795
1092.8335,1092.8525,19453,22500,Nyctalus leisleri,0.01,0.021,-1,Echolocation,/mnt/ubna_data_02_mir/recover-20221013/UBNA_001/20221012_030000.WAV,Telephone Field,recover-20221013,001,1795
1092.8435,1092.8887,68437,83703,Rhinolophus ferrumequinum,0.026,0.026,-1,Echolocation,/mnt/ubna_data_02_mir/recover-20221013/UBNA_001/20221012_030000.WAV,Telephone Field,recover-20221013,001,1795
1092.8565,1092.894,68437,82321,Rhinolophus ferrumequinum,0.025,0.025,-1,Echolocation,/mnt/ubna_data_02_mir/recover-20221013/UBNA_001/20221012_030000.WAV,Telephone Field,recover-20221013,001,1795
1092.8735,1092.9126,68437,81869,Rhinolophus ferrumequinum,0.021,0.021,-1,Echolocation,/mnt/ubna_data_02_mir/recover-20221013/UBNA_001/20221012_030000.WAV,Telephone Field,recover-20221013,001,1795
1092.9055,1092.9457,68437,82977,Rhinolophus ferrumequinum,0.023,0.023,-1,Echolocation,/mnt/ubna_data_02_mir/recover-20221013/UBNA_001/20221012_030000.WAV,Telephone Field,recover-20221013,001,1795
1092.9245,1092.9331,34921,41451,Barbastellus barbastellus,0.006,0.022,-1,Echolocation,/mnt/ubna_data_02_mir/recover-20221013/UBNA_001/20221012_030000.WAV,Telephone Field,recover-20221013,001,1795
1092.9405,1092.9785,68437,82501,Rhinolophus ferrumequinum,0.023,0.023,-1,Echolocation,/mnt/ubna_data_02_mir/recover-20221013/UBNA_001/20221012_030000.WAV,Telephone Field,recover-20221013,001,1795
1092.9915,1093.0307,68437,82842,Rhinolophus ferrumequinum,0.025,0.025,-1,Echolocation,/mnt/ubna_data_02_mir/recover-20221013/UBNA_001/20221012_030000.WAV,Telephone Field,recover-20221013,001,1795
1093.0225,1093.0615,68437,82198,Rhinolophus ferrumequinum,0.024,0.024,-1,Echolocation,/mnt/ubna_data_02_mir/recover-20221013/UBNA_001/20221012_030000.WAV,Telephone Field,recover-20221013,001,1795
1093.0405,1093.048,28046,42731,Eptesicus serotinus,0.008,0.022,-1,Echolocation,/mnt/ubna_data_02_mir/recover-20221013/UBNA_001/20221012_030000.WAV,Telephone Field,recover-20221013,001,1795
1093.0625,1093.1018,68437,82487,Rhinolophus ferrumequinum,0.022,0.022,-1,Echolocation,/mnt/ubna_data_02_mir/recover-20221013/UBNA_001/20221012_030000.WAV,Telephone Field,recover-20221013,001,1795
1093.0645,1093.0704,28046,43390,Plecotus auritus,0.007,0.034,-1,Echolocation,/mnt/ubna_data_02_mir/recover-20221013/UBNA_001/20221012_030000.WAV,Telephone Field,recover-20221013,001,1795
1093.0765,1093.1169,68437,83689,Rhinolophus ferrumequinum,0.032,0.032,-1,Echolocation,/mnt/ubna_data_02_mir/recover-20221013/UBNA_001/20221012_030000.WAV,Telephone Field,recover-20221013,001,1795
1093.0905,1093.1327,68437,82809,Rhinolophus ferrumequinum,0.023,0.023,-1,Echolocation,/mnt/ubna_data_02_mir/recover-20221013/UBNA_001/20221012_030000.WAV,Telephone Field,recover-20221013,001,1795
1093.1745,1093.212,68437,81847,Rhinolophus ferrumequinum,0.023,0.023,-1,Echolocation,/mnt/ubna_data_02_mir/recover-20221013/UBNA_001/20221012_030000.WAV,Telephone Field,recover-20221013,001,1795
1093.2075,1093.245,68437,82546,Rhinolophus ferrumequinum,0.021,0.021,-1,Echolocation,/mnt/ubna_data_02_mir/recover-20221013/UBNA_001/20221012_030000.WAV,Telephone Field,recover-20221013,001,1795
1093.2335,1093.24,24609,34906,Plecotus austriacus,0.01,0.024,-1,Echolocation,/mnt/ubna_data_02_mir/recover-20221013/UBNA_001/20221012_030000.WAV,Telephone Field,recover-20221013,001,1795
1093.2335,1093.2413,28906,40283,Eptesicus serotinus,0.007,0.023,-1,Echolocation,/mnt/ubna_data_02_mir/recover-20221013/UBNA_001/20221012_030000.WAV,Telephone Field,recover-20221013,001,1795
1093.2985,1093.3148,37500,41107,Pipistrellus nathusii,0.021,0.035,-1,Echolocation,/mnt/ubna_data_02_mir/recover-20221013/UBNA_001/20221012_030000.WAV,Telephone Field,recover-20221013,001,1795
1093.3005,1093.3387,68437,82114,Rhinolophus ferrumequinum,0.028,0.028,-1,Echolocation,/mnt/ubna_data_02_mir/recover-20221013/UBNA_001/20221012_030000.WAV,Telephone Field,recover-20221013,001,1795
1093.3165,1093.3566,68437,82605,Rhinolophus ferrumequinum,0.021,0.021,-1,Echolocation,/mnt/ubna_data_02_mir/recover-20221013/UBNA_001/20221012_030000.WAV,Telephone Field,recover-20221013,001,1795
1093.3225,1093.3623,68437,82657,Rhinolophus ferrumequinum,0.021,0.021,-1,Echolocation,/mnt/ubna_data_02_mir/recover-20221013/UBNA_001/20221012_030000.WAV,Telephone Field,recover-20221013,001,1795
1093.3265,1093.3374,22890,27312,Nyctalus leisleri,0.011,0.022,-1,Echolocation,/mnt/ubna_data_02_mir/recover-20221013/UBNA_001/20221012_030000.WAV,Telephone Field,recover-20221013,001,1795
1093.3425,1093.3817,68437,81981,Rhinolophus ferrumequinum,0.024,0.024,-1,Echolocation,/mnt/ubna_data_02_mir/recover-20221013/UBNA_001/20221012_030000.WAV,Telephone Field,recover-20221013,001,1795
1093.3475,1093.3876,68437,82509,Rhinolophus ferrumequinum,0.023,0.023,-1,Echolocation,/mnt/ubna_data_02_mir/recover-20221013/UBNA_001/20221012_030000.WAV,Telephone Field,recover-20221013,001,1795
1093.3555,1093.3658,23750,29870,Nyctalus leisleri,0.008,0.022,-1,Echolocation,/mnt/ubna_data_02_mir/recover-20221013/UBNA_001/20221012_030000.WAV,Telephone Field,recover-20221013,001,1795
1093.3855,1093.394,23750,31246,Plecotus austriacus,0.007,0.023,-1,Echolocation,/mnt/ubna_data_02_mir/recover-20221013/UBNA_001/20221012_030000.WAV,Telephone Field,recover-20221013,001,1795
1093.4455,1093.4856,68437,82695,Rhinolophus ferrumequinum,0.025,0.025,-1,Echolocation,/mnt/ubna_data_02_mir/recover-20221013/UBNA_001/20221012_030000.WAV,Telephone Field,recover-20221013,001,1795
1093.4625,1093.4966,68437,81368,Rhinolophus ferrumequinum,0.022,0.022,-1,Echolocation,/mnt/ubna_data_02_mir/recover-20221013/UBNA_001/20221012_030000.WAV,Telephone Field,recover-20221013,001,1795
1093.4825,1093.4889,27187,40955,Eptesicus serotinus,0.006,0.024,-1,Echolocation,/mnt/ubna_data_02_mir/recover-20221013/UBNA_001/20221012_030000.WAV,Telephone Field,recover-20221013,001,1795
1093.4835,1093.4893,35781,43045,Myotis daubentonii,0.007,0.023,-1,Echolocation,/mnt/ubna_data_02_mir/recover-20221013/UBNA_001/20221012_030000.WAV,Telephone Field,recover-20221013,001,1795
1093.5105,1093.5464,68437,81822,Rhinolophus ferrumequinum,0.022,0.022,-1,Echolocation,/mnt/ubna_data_02_mir/recover-20221013/UBNA_001/20221012_030000.WAV,Telephone Field,recover-20221013,001,1795
1093.5245,1093.5651,68437,82169,Rhinolophus ferrumequinum,0.039,0.039,-1,Echolocation,/mnt/ubna_data_02_mir/recover-20221013/UBNA_001/20221012_030000.WAV,Telephone Field,recover-20221013,001,1795
1093.5545,1093.5633,46093,49690,Pipistrellus pipistrellus,0.047,0.048,-1,Echolocation,/mnt/ubna_data_02_mir/recover-20221013/UBNA_001/20221012_030000.WAV,Telephone Field,recover-20221013,001,1795
1093.6155,1093.6229,29765,38613,Eptesicus serotinus,0.072,0.119,-1,Echolocation,/mnt/ubna_data_02_mir/recover-20221013/UBNA_001/20221012_030000.WAV,Telephone Field,recover-20221013,001,1795
1093.6165,1093.6544,68437,82786,Rhinolophus ferrumequinum,0.024,0.024,-1,Echolocation,/mnt/ubna_data_02_mir/recover-20221013/UBNA_001/20221012_030000.WAV,Telephone Field,recover-20221013,001,1795
1093.7145,1093.7526,68437,82046,Rhinolophus ferrumequinum,0.021,0.021,-1,Echolocation,/mnt/ubna_data_02_mir/recover-20221013/UBNA_001/20221012_030000.WAV,Telephone Field,recover-20221013,001,1795
1093.7345,1093.7709,68437,81917,Rhinolophus ferrumequinum,0.022,0.022,-1,Echolocation,/mnt/ubna_data_02_mir/recover-20221013/UBNA_001/20221012_030000.WAV,Telephone Field,recover-20221013,001,1795
1093.7515,1093.7633,22890,28415,Nyctalus leisleri,0.01,0.021,-1,Echolocation,/mnt/ubna_data_02_mir/recover-20221013/UBNA_001/20221012_030000.WAV,Telephone Field,recover-20221013,001,1795
1093.7535,1093.7881,68437,81410,Rhinolophus ferrumequinum,0.023,0.023,-1,Echolocation,/mnt/ubna_data_02_mir/recover-20221013/UBNA_001/20221012_030000.WAV,Telephone Field,recover-20221013,001,1795
1093.7845,1093.8227,68437,82212,Rhinolophus ferrumequinum,0.023,0.023,-1,Echolocation,/mnt/ubna_data_02_mir/recover-20221013/UBNA_001/20221012_030000.WAV,Telephone Field,recover-20221013,001,1795
1093.7875,1093.8,22890,27990,Nyctalus leisleri,0.021,0.044,-1,Echolocation,/mnt/ubna_data_02_mir/recover-20221013/UBNA_001/20221012_030000.WAV,Telephone Field,recover-20221013,001,1795
1093.7905,1093.7979,48671,52244,Pipistrellus pipistrellus,0.02,0.022,-1,Echolocation,/mnt/ubna_data_02_mir/recover-20221013/UBNA_001/20221012_030000.WAV,Telephone Field,recover-20221013,001,1795
1093.8285,1093.866,68437,81438,Rhinolophus ferrumequinum,0.022,0.022,-1,Echolocation,/mnt/ubna_data_02_mir/recover-20221013/UBNA_001/20221012_030000.WAV,Telephone Field,recover-20221013,001,1795
1093.8445,1093.8829,68437,82355,Rhinolophus ferrumequinum,0.021,0.021,-1,Echolocation,/mnt/ubna_data_02_mir/recover-20221013/UBNA_001/20221012_030000.WAV,Telephone Field,recover-20221013,001,1795
1093.8635,1093.8705,45234,50517,Pipistrellus pipistrellus,0.027,0.029,-1,Echolocation,/mnt/ubna_data_02_mir/recover-20221013/UBNA_001/20221012_030000.WAV,Telephone Field,recover-20221013,001,1795
1093.8835,1093.9272,68437,83382,Rhinolophus ferrumequinum,0.023,0.023,-1,Echolocation,/mnt/ubna_data_02_mir/recover-20221013/UBNA_001/20221012_030000.WAV,Telephone Field,recover-20221013,001,1795
1093.9035,1093.9424,68437,82283,Rhinolophus ferrumequinum,0.024,0.024,-1,Echolocation,/mnt/ubna_data_02_mir/recover-20221013/UBNA_001/20221012_030000.WAV,Telephone Field,recover-20221013,001,1795
1093.9815,1093.987,40937,57688,Myotis mystacinus,0.007,0.021,-1,Echolocation,/mnt/ubna_data_02_mir/recover-20221013/UBNA_001/20221012_030000.WAV,Telephone Field,recover-20221013,001,1795
1093.9835,1093.9987,16015,22311,Nyctalus noctula,0.03,0.039,-1,Echolocation,/mnt/ubna_data_02_mir/recover-20221013/UBNA_001/20221012_030000.WAV,Telephone Field,recover-20221013,001,1795
1094.0015,1094.0319,68437,80656,Rhinolophus ferrumequinum,0.031,0.031,-1,Echolocation,/mnt/ubna_data_02_mir/recover-20221013/UBNA_001/20221012_030000.WAV,Telephone Field,recover-20221013,001,1795
1094.0015,1094.0118,26328,32446,Nyctalus leisleri,0.011,0.029,-1,Echolocation,/mnt/ubna_data_02_mir/recover-20221013/UBNA_001/20221012_030000.WAV,Telephone Field,recover-20221013,001,1795
1094.0015,1094.0143,17734,22936,Nyctalus noctula,0.009,0.024,-1,Echolocation,/mnt/ubna_data_02_mir/recover-20221013/UBNA_001/20221012_030000.WAV,Telephone Field,recover-20221013,001,1795
1094.0135,1094.0236,28046,43443,Eptesicus serotinus,0.01,0.028,-1,Echolocation,/mnt/ubna_data_02_mir/recover-20221013/UBNA_001/20221012_030000.WAV,Telephone Field,recover-20221013,001,1795
1094.0155,1094.0207,40078,61456,Myotis mystacinus,0.009,0.027,-1,Echolocation,/mnt/ubna_data_02_mir/recover-20221013/UBNA_001/20221012_030000.WAV,Telephone Field,recover-20221013,001,1795
1094.0305,1094.0381,28046,38508,Eptesicus serotinus,0.008,0.023,-1,Echolocation,/mnt/ubna_data_02_mir/recover-20221013/UBNA_001/20221012_030000.WAV,Telephone Field,recover-20221013,001,1795
1094.0685,1094.1099,68437,82577,Rhinolophus ferrumequinum,0.023,0.023,-1,Echolocation,/mnt/ubna_data_02_mir/recover-20221013/UBNA_001/20221012_030000.WAV,Telephone Field,recover-20221013,001,1795
1094.0855,1094.0926,28046,37971,Eptesicus serotinus,0.009,0.027,-1,Echolocation,/mnt/ubna_data_02_mir/recover-20221013/UBNA_001/20221012_030000.WAV,Telephone Field,recover-20221013,001,1795
1094.1855,1094.2223,68437,82097,Rhinolophus ferrumequinum,0.022,0.022,-1,Echolocation,/mnt/ubna_data_02_mir/recover-20221013/UBNA_001/20221012_030000.WAV,Telephone Field,recover-20221013,001,1795
1094.1955,1094.2022,27187,42989,Eptesicus serotinus,0.006,0.022,-1,Echolocation,/mnt/ubna_data_02_mir/recover-20221013/UBNA_001/20221012_030000.WAV,Telephone Field,recover-20221013,001,1795
1094.2305,1094.2734,68437,83386,Rhinolophus ferrumequinum,0.046,0.046,-1,Echolocation,/mnt/ubna_data_02_mir/recover-20221013/UBNA_001/20221012_030000.WAV,Telephone Field,recover-20221013,001,1795
1094.2315,1094.2432,23750,28387,Nyctalus leisleri,0.014,0.028,-1,Echolocation,/mnt/ubna_data_02_mir/recover-20221013/UBNA_001/20221012_030000.WAV,Telephone Field,recover-20221013,001,1795
1094.2605,1094.2708,40078,46129,Pipistrellus nathusii,0.044,0.082,-1,Echolocation,/mnt/ubna_data_02_mir/recover-20221013/UBNA_001/20221012_030000.WAV,Telephone Field,recover-20221013,001,1795
1094.2615,1094.2969,68437,81848,Rhinolophus ferrumequinum,0.021,0.021,-1,Echolocation,/mnt/ubna_data_02_mir/recover-20221013/UBNA_001/20221012_030000.WAV,Telephone Field,recover-20221013,001,1795
1094.2635,1094.2704,27187,40102,Eptesicus serotinus,0.007,0.027,-1,Echolocation,/mnt/ubna_data_02_mir/recover-20221013/UBNA_001/20221012_030000.WAV,Telephone Field,recover-20221013,001,1795
1094.3045,1094.3133,28046,39289,Eptesicus serotinus,0.008,0.021,-1,Echolocation,/mnt/ubna_data_02_mir/recover-20221013/UBNA_001/20221012_030000.WAV,Telephone Field,recover-20221013,001,1795
1094.3325,1094.372,68437,82645,Rhinolophus ferrumequinum,0.03,0.03,-1,Echolocation,/mnt/ubna_data_02_mir/recover-20221013/UBNA_001/20221012_030000.WAV,Telephone Field,recover-20221013,001,1795
1094.3505,1094.3605,28046,35820,Eptesicus serotinus,0.011,0.023,-1,Echolocation,/mnt/ubna_data_02_mir/recover-20221013/UBNA_001/20221012_030000.WAV,Telephone Field,recover-20221013,001,1795
1094.3665,1094.4016,68437,81551,Rhinolophus ferrumequinum,0.023,0.023,-1,Echolocation,/mnt/ubna_data_02_mir/recover-20221013/UBNA_001/20221012_030000.WAV,Telephone Field,recover-20221013,001,1795
1094.3685,1094.3771,27187,39928,Eptesicus serotinus,0.008,0.021,-1,Echolocation,/mnt/ubna_data_02_mir/recover-20221013/UBNA_001/20221012_030000.WAV,Telephone Field,recover-20221013,001,1795
1094.3945,1094.4016,32343,42066,Myotis daubentonii,0.01,0.022,-1,Echolocation,/mnt/ubna_data_02_mir/recover-20221013/UBNA_001/20221012_030000.WAV,Telephone Field,recover-20221013,001,1795
1094.4255,1094.4676,68437,82711,Rhinolophus ferrumequinum,0.024,0.024,-1,Echolocation,/mnt/ubna_data_02_mir/recover-20221013/UBNA_001/20221012_030000.WAV,Telephone Field,recover-20221013,001,1795
1094.4345,1094.4422,26328,35566,Eptesicus serotinus,0.009,0.027,-1,Echolocation,/mnt/ubna_data_02_mir/recover-20221013/UBNA_001/20221012_030000.WAV,Telephone Field,recover-20221013,001,1795
1094.4835,1094.4924,44375,47800,Pipistrellus pipistrellus,0.023,0.025,-1,Echolocation,/mnt/ubna_data_02_mir/recover-20221013/UBNA_001/20221012_030000.WAV,Telephone Field,recover-20221013,001,1795
1094.4835,1094.4913,26328,35356,Eptesicus serotinus,0.008,0.024,-1,Echolocation,/mnt/ubna_data_02_mir/recover-20221013/UBNA_001/20221012_030000.WAV,Telephone Field,recover-20221013,001,1795
1094.5055,1094.5169,22890,27677,Nyctalus leisleri,0.011,0.021,-1,Echolocation,/mnt/ubna_data_02_mir/recover-20221013/UBNA_001/20221012_030000.WAV,Telephone Field,recover-20221013,001,1795
1094.5295,1094.5403,25468,31825,Eptesicus serotinus,0.012,0.028,-1,Echolocation,/mnt/ubna_data_02_mir/recover-20221013/UBNA_001/20221012_030000.WAV,Telephone Field,recover-20221013,001,1795
1094.5435,1094.5813,68437,82367,Rhinolophus ferrumequinum,0.024,0.024,-1,Echolocation,/mnt/ubna_data_02_mir/recover-20221013/UBNA_001/20221012_030000.WAV,Telephone Field,recover-20221013,001,1795
1094.6155,1094.6536,68437,82326,Rhinolophus ferrumequinum,0.025,0.025,-1,Echolocation,/mnt/ubna_data_02_mir/recover-20221013/UBNA_001/20221012_030000.WAV,Telephone Field,recover-20221013,001,1795
1094.6315,1094.6394,28046,40281,Eptesicus serotinus,0.007,0.022,-1,Echolocation,/mnt/ubna_data_02_mir/recover-20221013/UBNA_001/20221012_030000.WAV,Telephone Field,recover-20221013,001,1795
1094.6515,1094.6897,68437,81908,Rhinolophus ferrumequinum,0.024,0.024,-1,Echolocation,/mnt/ubna_data_02_mir/recover-20221013/UBNA_001/20221012_030000.WAV,Telephone Field,recover-20221013,001,1795
1094.6745,1094.7127,68437,82108,Rhinolophus ferrumequinum,0.022,0.022,-1,Echolocation,/mnt/ubna_data_02_mir/recover-20221013/UBNA_001/20221012_030000.WAV,Telephone Field,recover-20221013,001,1795
1094.6785,1094.686,27187,41991,Eptesicus serotinus,0.007,0.023,-1,Echolocation,/mnt/ubna_data_02_mir/recover-20221013/UBNA_001/20221012_030000.WAV,Telephone Field,recover-20221013,001,1795
1094.7045,1094.7448,68437,82859,Rhinolophus ferrumequinum,0.027,0.027,-1,Echolocation,/mnt/ubna_data_02_mir/recover-20221013/UBNA_001/20221012_030000.WAV,Telephone Field,recover-20221013,001,1795
1094.7085,1094.7196,22890,27936,Nyctalus leisleri,0.013,0.027,-1,Echolocation,/mnt/ubna_data_02_mir/recover-20221013/UBNA_001/20221012_030000.WAV,Telephone Field,recover-20221013,001,1795
1094.7175,1094.7581,68437,82833,Rhinolophus ferrumequinum,0.021,0.021,-1,Echolocation,/mnt/ubna_data_02_mir/recover-20221013/UBNA_001/20221012_030000.WAV,Telephone Field,recover-20221013,001,1795
1094.7235,1094.7626,68437,82439,Rhinolophus ferrumequinum,0.024,0.024,-1,Echolocation,/mnt/ubna_data_02_mir/recover-20221013/UBNA_001/20221012_030000.WAV,Telephone Field,recover-20221013,001,1795
1094.7315,1094.7712,68437,83270,Rhinolophus ferrumequinum,0.025,0.025,-1,Echolocation,/mnt/ubna_data_02_mir/recover-20221013/UBNA_001/20221012_030000.WAV,Telephone Field,recover-20221013,001,1795
1094.7435,1094.7524,22890,29834,Plecotus austriacus,0.008,0.024,-1,Echolocation,/mnt/ubna_data_02_mir/recover-20221013/UBNA_001/20221012_030000.WAV,Telephone Field,recover-20221013,001,1795
1094.7625,1094.7973,68437,81726,Rhinolophus ferrumequinum,0.023,0.023,-1,Echolocation,/mnt/ubna_data_02_mir/recover-20221013/UBNA_001/20221012_030000.WAV,Telephone Field,recover-20221013,001,1795
1094.7665,1094.7806,16875,22330,Nyctalus noctula,0.041,0.06,-1,Echolocation,/mnt/ubna_data_02_mir/recover-20221013/UBNA_001/20221012_030000.WAV,Telephone Field,recover-20221013,001,1795
1094.7975,1094.8355999999999,68437,81650,Rhinolophus ferrumequinum,0.022,0.022,-1,Echolocation,/mnt/ubna_data_02_mir/recover-20221013/UBNA_001/20221012_030000.WAV,Telephone Field,recover-20221013,001,1795
1094.8105,1094.8231,23750,28800,Nyctalus leisleri,0.011,0.024,-1,Echolocation,/mnt/ubna_data_02_mir/recover-20221013/UBNA_001/20221012_030000.WAV,Telephone Field,recover-20221013,001,1795
1094.8425,1094.8824,68437,82495,Rhinolophus ferrumequinum,0.028,0.028,-1,Echolocation,/mnt/ubna_data_02_mir/recover-20221013/UBNA_001/20221012_030000.WAV,Telephone Field,recover-20221013,001,1795
1094.8725,1094.9146,68437,83118,Rhinolophus ferrumequinum,0.027,0.027,-1,Echolocation,/mnt/ubna_data_02_mir/recover-20221013/UBNA_001/20221012_030000.WAV,Telephone Field,recover-20221013,001,1795
1094.8955,1094.9068,22031,26712,Nyctalus leisleri,0.011,0.022,-1,Echolocation,/mnt/ubna_data_02_mir/recover-20221013/UBNA_001/20221012_030000.WAV,Telephone Field,recover-20221013,001,1795
1094.9135,1094.9499,68437,82600,Rhinolophus ferrumequinum,0.021,0.021,-1,Echolocation,/mnt/ubna_data_02_mir/recover-20221013/UBNA_001/20221012_030000.WAV,Telephone Field,recover-20221013,001,1795
1094.9345,1094.9744,68437,82535,Rhinolophus ferrumequinum,0.028,0.028,-1,Echolocation,/mnt/ubna_data_02_mir/recover-20221013/UBNA_001/20221012_030000.WAV,Telephone Field,recover-20221013,001,1795
1094.9435,1094.9506,27187,49720,Eptesicus serotinus,0.007,0.024,-1,Echolocation,/mnt/ubna_data_02_mir/recover-20221013/UBNA_001/20221012_030000.WAV,Telephone Field,recover-20221013,001,1795
1094.9435,1094.9493,34062,53967,Myotis daubentonii,0.012,0.025,-1,Echolocation,/mnt/ubna_data_02_mir/recover-20221013/UBNA_001/20221012_030000.WAV,Telephone Field,recover-20221013,001,1795
1094.9835,1094.9907,24609,34237,Plecotus austriacus,0.008,0.026,-1,Echolocation,/mnt/ubna_data_02_mir/recover-20221013/UBNA_001/20221012_030000.WAV,Telephone Field,recover-20221013,001,1795
1095.0095,1095.0454,68437,82583,Rhinolophus ferrumequinum,0.026,0.026,-1,Echolocation,/mnt/ubna_data_02_mir/recover-20221013/UBNA_001/20221012_030000.WAV,Telephone Field,recover-20221013,001,1795
1095.1275,1095.1678,68437,81977,Rhinolophus ferrumequinum,0.024,0.024,-1,Echolocation,/mnt/ubna_data_02_mir/recover-20221013/UBNA_001/20221012_030000.WAV,Telephone Field,recover-20221013,001,1795
1095.1345,1095.1426,27187,38401,Eptesicus serotinus,0.007,0.022,-1,Echolocation,/mnt/ubna_data_02_mir/recover-20221013/UBNA_001/20221012_030000.WAV,Telephone Field,recover-20221013,001,1795
1095.1825,1095.2224,68437,81659,Rhinolophus ferrumequinum,0.021,0.021,-1,Echolocation,/mnt/ubna_data_02_mir/recover-20221013/UBNA_001/20221012_030000.WAV,Telephone Field,recover-20221013,001,1795
1095.1905,1095.1979,27187,42115,Eptesicus serotinus,0.008,0.025,-1,Echolocation,/mnt/ubna_data_02_mir/recover-20221013/UBNA_001/20221012_030000.WAV,Telephone Field,recover-20221013,001,1795
1095.2185,1095.2547,68437,81871,Rhinolophus ferrumequinum,0.025,0.025,-1,Echolocation,/mnt/ubna_data_02_mir/recover-20221013/UBNA_001/20221012_030000.WAV,Telephone Field,recover-20221013,001,1795
1095.2335,1095.2733,68437,82401,Rhinolophus ferrumequinum,0.023,0.023,-1,Echolocation,/mnt/ubna_data_02_mir/recover-20221013/UBNA_001/20221012_030000.WAV,Telephone Field,recover-20221013,001,1795
1095.2515,1095.2602,25468,33104,Eptesicus serotinus,0.007,0.023,-1,Echolocation,/mnt/ubna_data_02_mir/recover-20221013/UBNA_001/20221012_030000.WAV,Telephone Field,recover-20221013,001,1795
1095.2725,1095.2795,28046,40731,Eptesicus serotinus,0.006,0.021,-1,Echolocation,/mnt/ubna_data_02_mir/recover-20221013/UBNA_001/20221012_030000.WAV,Telephone Field,recover-20221013,001,1795
1095.2845,1095.296,38359,42907,Pipistrellus nathusii,0.016,0.03,-1,Echolocation,/mnt/ubna_data_02_mir/recover-20221013/UBNA_001/20221012_030000.WAV,Telephone Field,recover-20221013,001,1795
1095.2845,1095.3229,68437,80834,Rhinolophus ferrumequinum,0.029,0.029,-1,Echolocation,/mnt/ubna_data_02_mir/recover-20221013/UBNA_001/20221012_030000.WAV,Telephone Field,recover-20221013,001,1795
1095.3145,1095.3546,68437,82725,Rhinolophus ferrumequinum,0.023,0.023,-1,Echolocation,/mnt/ubna_data_02_mir/recover-20221013/UBNA_001/20221012_030000.WAV,Telephone Field,recover-20221013,001,1795
1095.3155,1095.3259,24609,32278,Eptesicus serotinus,0.011,0.027,-1,Echolocation,/mnt/ubna_data_02_mir/recover-20221013/UBNA_001/20221012_030000.WAV,Telephone Field,recover-20221013,001,1795
1095.3435,1095.3825,68437,82459,Rhinolophus ferrumequinum,0.027,0.027,-1,Echolocation,/mnt/ubna_data_02_mir/recover-20221013/UBNA_001/20221012_030000.WAV,Telephone Field,recover-20221013,001,1795
1095.3625,1095.3708,23750,31983,Plecotus austriacus,0.008,0.022,-1,Echolocation,/mnt/ubna_data_02_mir/recover-20221013/UBNA_001/20221012_030000.WAV,Telephone Field,recover-20221013,001,1795
1095.3625,1095.37,28046,39587,Eptesicus serotinus,0.007,0.023,-1,Echolocation,/mnt/ubna_data_02_mir/recover-20221013/UBNA_001/20221012_030000.WAV,Telephone Field,recover-20221013,001,1795
1095.4075,1095.4434,68437,81797,Rhinolophus ferrumequinum,0.022,0.022,-1,Echolocation,/mnt/ubna_data_02_mir/recover-20221013/UBNA_001/20221012_030000.WAV,Telephone Field,recover-20221013,001,1795
1095.4705,1095.5087,68437,81992,Rhinolophus ferrumequinum,0.024,0.024,-1,Echolocation,/mnt/ubna_data_02_mir/recover-20221013/UBNA_001/20221012_030000.WAV,Telephone Field,recover-20221013,001,1795
1095.5125,1095.5503,68437,82170,Rhinolophus ferrumequinum,0.024,0.024,-1,Echolocation,/mnt/ubna_data_02_mir/recover-20221013/UBNA_001/20221012_030000.WAV,Telephone Field,recover-20221013,001,1795
1095.5225,1095.5632,68437,82781,Rhinolophus ferrumequinum,0.027,0.027,-1,Echolocation,/mnt/ubna_data_02_mir/recover-20221013/UBNA_001/20221012_030000.WAV,Telephone Field,recover-20221013,001,1795
1095.5835,1095.6271,68437,83183,Rhinolophus ferrumequinum,0.032,0.032,-1,Echolocation,/mnt/ubna_data_02_mir/recover-20221013/UBNA_001/20221012_030000.WAV,Telephone Field,recover-20221013,001,1795
1095.5925,1095.6001,28046,41145,Eptesicus serotinus,0.007,0.022,-1,Echolocation,/mnt/ubna_data_02_mir/recover-20221013/UBNA_001/20221012_030000.WAV,Telephone Field,recover-20221013,001,1795
1095.6095,1095.621,54687,59343,Pipistrellus pygmaeus,0.038,0.042,-1,Echolocation,/mnt/ubna_data_02_mir/recover-20221013/UBNA_001/20221012_030000.WAV,Telephone Field,recover-20221013,001,1795
1095.6305,1095.6365,31484,47563,Myotis daubentonii,0.014,0.027,-1,Echolocation,/mnt/ubna_data_02_mir/recover-20221013/UBNA_001/20221012_030000.WAV,Telephone Field,recover-20221013,001,1795
1095.6315,1095.6701,68437,82291,Rhinolophus ferrumequinum,0.026,0.026,-1,Echolocation,/mnt/ubna_data_02_mir/recover-20221013/UBNA_001/20221012_030000.WAV,Telephone Field,recover-20221013,001,1795
1095.6625,1095.674,27187,35101,Eptesicus serotinus,0.012,0.024,-1,Echolocation,/mnt/ubna_data_02_mir/recover-20221013/UBNA_001/20221012_030000.WAV,Telephone Field,recover-20221013,001,1795
1095.6695,1095.7073,68437,81521,Rhinolophus ferrumequinum,0.023,0.023,-1,Echolocation,/mnt/ubna_data_02_mir/recover-20221013/UBNA_001/20221012_030000.WAV,Telephone Field,recover-20221013,001,1795
1095.7065,1095.7144,28906,39455,Eptesicus serotinus,0.007,0.023,-1,Echolocation,/mnt/ubna_data_02_mir/recover-20221013/UBNA_001/20221012_030000.WAV,Telephone Field,recover-20221013,001,1795
1095.7085,1095.7478,68437,82209,Rhinolophus ferrumequinum,0.022,0.022,-1,Echolocation,/mnt/ubna_data_02_mir/recover-20221013/UBNA_001/20221012_030000.WAV,Telephone Field,recover-20221013,001,1795
1095.7165,1095.7272,24609,30790,Nyctalus leisleri,0.008,0.022,-1,Echolocation,/mnt/ubna_data_02_mir/recover-20221013/UBNA_001/20221012_030000.WAV,Telephone Field,recover-20221013,001,1795
1095.7415,1095.7613,17734,20657,Nyctalus noctula,0.011,0.022,-1,Echolocation,/mnt/ubna_data_02_mir/recover-20221013/UBNA_001/20221012_030000.WAV,Telephone Field,recover-20221013,001,1795
1095.7545,1095.7619,27187,39648,Eptesicus serotinus,0.007,0.024,-1,Echolocation,/mnt/ubna_data_02_mir/recover-20221013/UBNA_001/20221012_030000.WAV,Telephone Field,recover-20221013,001,1795
1095.8055,1095.8147,28046,39857,Eptesicus serotinus,0.009,0.022,-1,Echolocation,/mnt/ubna_data_02_mir/recover-20221013/UBNA_001/20221012_030000.WAV,Telephone Field,recover-20221013,001,1795
1095.8345,1095.8442,27187,35709,Eptesicus serotinus,0.009,0.022,-1,Echolocation,/mnt/ubna_data_02_mir/recover-20221013/UBNA_001/20221012_030000.WAV,Telephone Field,recover-20221013,001,1795
1095.8495,1095.8663,21171,24759,Nyctalus leisleri,0.016,0.027,-1,Echolocation,/mnt/ubna_data_02_mir/recover-20221013/UBNA_001/20221012_030000.WAV,Telephone Field,recover-20221013,001,1795
1095.8665,1095.9049,68437,82790,Rhinolophus ferrumequinum,0.022,0.022,-1,Echolocation,/mnt/ubna_data_02_mir/recover-20221013/UBNA_001/20221012_030000.WAV,Telephone Field,recover-20221013,001,1795
1095.9005,1095.9096,27187,38929,Eptesicus serotinus,0.009,0.025,-1,Echolocation,/mnt/ubna_data_02_mir/recover-20221013/UBNA_001/20221012_030000.WAV,Telephone Field,recover-20221013,001,1795
1096.0015,1096.035,68437,80477,Rhinolophus ferrumequinum,0.028,0.028,-1,Echolocation,/mnt/ubna_data_02_mir/recover-20221013/UBNA_001/20221012_030000.WAV,Telephone Field,recover-20221013,001,1795
1096.0015,1096.0104,46953,51565,Pipistrellus pipistrellus,0.022,0.03,-1,Echolocation,/mnt/ubna_data_02_mir/recover-20221013/UBNA_001/20221012_030000.WAV,Telephone Field,recover-20221013,001,1795
1096.0015,1096.0107,22890,29211,Nyctalus leisleri,0.013,0.032,-1,Echolocation,/mnt/ubna_data_02_mir/recover-20221013/UBNA_001/20221012_030000.WAV,Telephone Field,recover-20221013,001,1795
1096.0075,1096.0504,68437,81868,Rhinolophus ferrumequinum,0.023,0.023,-1,Echolocation,/mnt/ubna_data_02_mir/recover-20221013/UBNA_001/20221012_030000.WAV,Telephone Field,recover-20221013,001,1795
1096.0105,1096.0196,28906,36394,Eptesicus serotinus,0.01,0.026,-1,Echolocation,/mnt/ubna_data_02_mir/recover-20221013/UBNA_001/20221012_030000.WAV,Telephone Field,recover-20221013,001,1795
1096.0185,1096.0284,28046,38318,Eptesicus serotinus,0.009,0.021,-1,Echolocation,/mnt/ubna_data_02_mir/recover-20221013/UBNA_001/20221012_030000.WAV,Telephone Field,recover-20221013,001,1795
1096.0235,1096.0656,68437,82861,Rhinolophus ferrumequinum,0.023,0.023,-1,Echolocation,/mnt/ubna_data_02_mir/recover-20221013/UBNA_001/20221012_030000.WAV,Telephone Field,recover-20221013,001,1795
1096.0265,1096.0365,28046,36819,Eptesicus serotinus,0.01,0.023,-1,Echolocation,/mnt/ubna_data_02_mir/recover-20221013/UBNA_001/20221012_030000.WAV,Telephone Field,recover-20221013,001,1795
1096.0715,1096.0793,28046,39740,Eptesicus serotinus,0.008,0.025,-1,Echolocation,/mnt/ubna_data_02_mir/recover-20221013/UBNA_001/20221012_030000.WAV,Telephone Field,recover-20221013,001,1795
1096.0735,1096.1169,68437,83196,Rhinolophus ferrumequinum,0.033,0.033,-1,Echolocation,/mnt/ubna_data_02_mir/recover-20221013/UBNA_001/20221012_030000.WAV,Telephone Field,recover-20221013,001,1795
1096.0945,1096.1391,68437,83337,Rhinolophus ferrumequinum,0.031,0.031,-1,Echolocation,/mnt/ubna_data_02_mir/recover-20221013/UBNA_001/20221012_030000.WAV,Telephone Field,recover-20221013,001,1795
1096.1105,1096.1206,23750,30263,Nyctalus leisleri,0.008,0.021,-1,Echolocation,/mnt/ubna_data_02_mir/recover-20221013/UBNA_001/20221012_030000.WAV,Telephone Field,recover-20221013,001,1795
1096.1185,1096.1571,68437,81694,Rhinolophus ferrumequinum,0.023,0.023,-1,Echolocation,/mnt/ubna_data_02_mir/recover-20221013/UBNA_001/20221012_030000.WAV,Telephone Field,recover-20221013,001,1795
1096.1405,1096.1468,50390,55726,Pipistrellus pipistrellus,0.026,0.029,-1,Echolocation,/mnt/ubna_data_02_mir/recover-20221013/UBNA_001/20221012_030000.WAV,Telephone Field,recover-20221013,001,1795
1096.1415,1096.1505,27187,38545,Eptesicus serotinus,0.007,0.022,-1,Echolocation,/mnt/ubna_data_02_mir/recover-20221013/UBNA_001/20221012_030000.WAV,Telephone Field,recover-20221013,001,1795
1096.1605,1096.1997,68437,82836,Rhinolophus ferrumequinum,0.031,0.031,-1,Echolocation,/mnt/ubna_data_02_mir/recover-20221013/UBNA_001/20221012_030000.WAV,Telephone Field,recover-20221013,001,1795
1096.1705,1096.179,29765,41379,Myotis daubentonii,0.007,0.022,-1,Echolocation,/mnt/ubna_data_02_mir/recover-20221013/UBNA_001/20221012_030000.WAV,Telephone Field,recover-20221013,001,1795
1096.1925,1096.2336,68437,82874,Rhinolophus ferrumequinum,0.029,0.029,-1,Echolocation,/mnt/ubna_data_02_mir/recover-20221013/UBNA_001/20221012_030000.WAV,Telephone Field,recover-20221013,001,1795
1096.2065,1096.2188,14296,19490,Nyctalus noctula,0.016,0.028,-1,Echolocation,/mnt/ubna_data_02_mir/recover-20221013/UBNA_001/20221012_030000.WAV,Telephone Field,recover-20221013,001,1795
1096.2065,1096.2448,68437,82012,Rhinolophus ferrumequinum,0.025,0.025,-1,Echolocation,/mnt/ubna_data_02_mir/recover-20221013/UBNA_001/20221012_030000.WAV,Telephone Field,recover-20221013,001,1795
1096.2235,1096.2318,26328,37705,Eptesicus serotinus,0.013,0.03,-1,Echolocation,/mnt/ubna_data_02_mir/recover-20221013/UBNA_001/20221012_030000.WAV,Telephone Field,recover-20221013,001,1795
1096.2505,1096.2889,68437,82049,Rhinolophus ferrumequinum,0.023,0.023,-1,Echolocation,/mnt/ubna_data_02_mir/recover-20221013/UBNA_001/20221012_030000.WAV,Telephone Field,recover-20221013,001,1795
1096.2895,1096.3283,68437,82086,Rhinolophus ferrumequinum,0.021,0.021,-1,Echolocation,/mnt/ubna_data_02_mir/recover-20221013/UBNA_001/20221012_030000.WAV,Telephone Field,recover-20221013,001,1795
1096.3355,1096.3746,68437,82392,Rhinolophus ferrumequinum,0.023,0.024,-1,Echolocation,/mnt/ubna_data_02_mir/recover-20221013/UBNA_001/20221012_030000.WAV,Telephone Field,recover-20221013,001,1795
1096.3595,1096.3691,23750,30809,Nyctalus leisleri,0.01,0.029,-1,Echolocation,/mnt/ubna_data_02_mir/recover-20221013/UBNA_001/20221012_030000.WAV,Telephone Field,recover-20221013,001,1795
1096.3765,1096.4143,68437,82236,Rhinolophus ferrumequinum,0.022,0.022,-1,Echolocation,/mnt/ubna_data_02_mir/recover-20221013/UBNA_001/20221012_030000.WAV,Telephone Field,recover-20221013,001,1795
1096.3885,1096.4294,68437,82494,Rhinolophus ferrumequinum,0.036,0.036,-1,Echolocation,/mnt/ubna_data_02_mir/recover-20221013/UBNA_001/20221012_030000.WAV,Telephone Field,recover-20221013,001,1795
1096.4135,1096.4532,68437,82594,Rhinolophus ferrumequinum,0.021,0.021,-1,Echolocation,/mnt/ubna_data_02_mir/recover-20221013/UBNA_001/20221012_030000.WAV,Telephone Field,recover-20221013,001,1795
1096.4425,1096.4787,68437,81452,Rhinolophus ferrumequinum,0.023,0.023,-1,Echolocation,/mnt/ubna_data_02_mir/recover-20221013/UBNA_001/20221012_030000.WAV,Telephone Field,recover-20221013,001,1795
1096.4825,1096.5223,68437,81732,Rhinolophus ferrumequinum,0.021,0.021,-1,Echolocation,/mnt/ubna_data_02_mir/recover-20221013/UBNA_001/20221012_030000.WAV,Telephone Field,recover-20221013,001,1795
1096.5005,1096.5352,68437,81570,Rhinolophus ferrumequinum,0.021,0.021,-1,Echolocation,/mnt/ubna_data_02_mir/recover-20221013/UBNA_001/20221012_030000.WAV,Telephone Field,recover-20221013,001,1795
1096.5095,1096.5484,68437,82776,Rhinolophus ferrumequinum,0.023,0.023,-1,Echolocation,/mnt/ubna_data_02_mir/recover-20221013/UBNA_001/20221012_030000.WAV,Telephone Field,recover-20221013,001,1795
1096.5465,1096.5531,24609,33913,Plecotus austriacus,0.009,0.022,-1,Echolocation,/mnt/ubna_data_02_mir/recover-20221013/UBNA_001/20221012_030000.WAV,Telephone Field,recover-20221013,001,1795
1096.5485,1096.5884,68437,82561,Rhinolophus ferrumequinum,0.023,0.023,-1,Echolocation,/mnt/ubna_data_02_mir/recover-20221013/UBNA_001/20221012_030000.WAV,Telephone Field,recover-20221013,001,1795
1096.5555,1096.5957,68437,83089,Rhinolophus ferrumequinum,0.025,0.025,-1,Echolocation,/mnt/ubna_data_02_mir/recover-20221013/UBNA_001/20221012_030000.WAV,Telephone Field,recover-20221013,001,1795
1096.5695,1096.5784,28046,40386,Eptesicus serotinus,0.009,0.024,-1,Echolocation,/mnt/ubna_data_02_mir/recover-20221013/UBNA_001/20221012_030000.WAV,Telephone Field,recover-20221013,001,1795
1096.5845,1096.5956,28906,34768,Eptesicus serotinus,0.015,0.028,-1,Echolocation,/mnt/ubna_data_02_mir/recover-20221013/UBNA_001/20221012_030000.WAV,Telephone Field,recover-20221013,001,1795
1096.6085,1096.6457,68437,81751,Rhinolophus ferrumequinum,0.026,0.027,-1,Echolocation,/mnt/ubna_data_02_mir/recover-20221013/UBNA_001/20221012_030000.WAV,Telephone Field,recover-20221013,001,1795
1096.6185,1096.6256,24609,35883,Plecotus austriacus,0.011,0.03,-1,Echolocation,/mnt/ubna_data_02_mir/recover-20221013/UBNA_001/20221012_030000.WAV,Telephone Field,recover-20221013,001,1795
1096.6185,1096.6247,28906,40193,Eptesicus serotinus,0.007,0.031,-1,Echolocation,/mnt/ubna_data_02_mir/recover-20221013/UBNA_001/20221012_030000.WAV,Telephone Field,recover-20221013,001,1795
1096.6865,1096.6929,24609,34407,Plecotus austriacus,0.011,0.027,-1,Echolocation,/mnt/ubna_data_02_mir/recover-20221013/UBNA_001/20221012_030000.WAV,Telephone Field,recover-20221013,001,1795
1096.6985,1096.7403,68437,82836,Rhinolophus ferrumequinum,0.029,0.029,-1,Echolocation,/mnt/ubna_data_02_mir/recover-20221013/UBNA_001/20221012_030000.WAV,Telephone Field,recover-20221013,001,1795
1096.7035,1096.7115,28046,41305,Eptesicus serotinus,0.007,0.021,-1,Echolocation,/mnt/ubna_data_02_mir/recover-20221013/UBNA_001/20221012_030000.WAV,Telephone Field,recover-20221013,001,1795
1096.7125,1096.722,28046,37772,Eptesicus serotinus,0.008,0.021,-1,Echolocation,/mnt/ubna_data_02_mir/recover-20221013/UBNA_001/20221012_030000.WAV,Telephone Field,recover-20221013,001,1795
1096.7125,1096.7516,68437,82574,Rhinolophus ferrumequinum,0.022,0.022,-1,Echolocation,/mnt/ubna_data_02_mir/recover-20221013/UBNA_001/20221012_030000.WAV,Telephone Field,recover-20221013,001,1795
1096.7185,1096.7336,35781,39610,Pipistrellus nathusii,0.021,0.035,-1,Echolocation,/mnt/ubna_data_02_mir/recover-20221013/UBNA_001/20221012_030000.WAV,Telephone Field,recover-20221013,001,1795
1096.7195,1096.7611,68437,82430,Rhinolophus ferrumequinum,0.023,0.023,-1,Echolocation,/mnt/ubna_data_02_mir/recover-20221013/UBNA_001/20221012_030000.WAV,Telephone Field,recover-20221013,001,1795
1096.7435,1096.7499,30625,43476,Myotis daubentonii,0.013,0.036,-1,Echolocation,/mnt/ubna_data_02_mir/recover-20221013/UBNA_001/20221012_030000.WAV,Telephone Field,recover-20221013,001,1795
1096.7445,1096.78,68437,81920,Rhinolophus ferrumequinum,0.032,0.032,-1,Echolocation,/mnt/ubna_data_02_mir/recover-20221013/UBNA_001/20221012_030000.WAV,Telephone Field,recover-20221013,001,1795
1096.7725,1096.8113,68437,82211,Rhinolophus ferrumequinum,0.024,0.024,-1,Echolocation,/mnt/ubna_data_02_mir/recover-20221013/UBNA_001/20221012_030000.WAV,Telephone Field,recover-20221013,001,1795
1096.7805,1096.8199,68437,81423,Rhinolophus ferrumequinum,0.024,0.025,-1,Echolocation,/mnt/ubna_data_02_mir/recover-20221013/UBNA_001/20221012_030000.WAV,Telephone Field,recover-20221013,001,1795
1096.7905,1096.8327,68437,82811,Rhinolophus ferrumequinum,0.022,0.022,-1,Echolocation,/mnt/ubna_data_02_mir/recover-20221013/UBNA_001/20221012_030000.WAV,Telephone Field,recover-20221013,001,1795
1096.7915,1096.8019,26328,34200,Eptesicus serotinus,0.009,0.023,-1,Echolocation,/mnt/ubna_data_02_mir/recover-20221013/UBNA_001/20221012_030000.WAV,Telephone Field,recover-20221013,001,1795
1096.8255,1096.8341,27187,37484,Eptesicus serotinus,0.008,0.021,-1,Echolocation,/mnt/ubna_data_02_mir/recover-20221013/UBNA_001/20221012_030000.WAV,Telephone Field,recover-20221013,001,1795
1096.8525,1096.8904,68437,82422,Rhinolophus ferrumequinum,0.021,0.021,-1,Echolocation,/mnt/ubna_data_02_mir/recover-20221013/UBNA_001/20221012_030000.WAV,Telephone Field,recover-20221013,001,1795
1096.8725,1096.912,68437,82352,Rhinolophus ferrumequinum,0.021,0.021,-1,Echolocation,/mnt/ubna_data_02_mir/recover-20221013/UBNA_001/20221012_030000.WAV,Telephone Field,recover-20221013,001,1795
1096.8875,1096.8964,27187,38234,Eptesicus serotinus,0.009,0.022,-1,Echolocation,/mnt/ubna_data_02_mir/recover-20221013/UBNA_001/20221012_030000.WAV,Telephone Field,recover-20221013,001,1795
1096.8925,1096.9307,68437,82012,Rhinolophus ferrumequinum,0.022,0.022,-1,Echolocation,/mnt/ubna_data_02_mir/recover-20221013/UBNA_001/20221012_030000.WAV,Telephone Field,recover-20221013,001,1795
1096.9125,1096.9215,28906,39051,Eptesicus serotinus,0.008,0.021,-1,Echolocation,/mnt/ubna_data_02_mir/recover-20221013/UBNA_001/20221012_030000.WAV,Telephone Field,recover-20221013,001,1795
1096.9365,1096.9749,68437,82072,Rhinolophus ferrumequinum,0.024,0.024,-1,Echolocation,/mnt/ubna_data_02_mir/recover-20221013/UBNA_001/20221012_030000.WAV,Telephone Field,recover-20221013,001,1795
1096.9635,1096.971,23750,34004,Plecotus austriacus,0.012,0.029,-1,Echolocation,/mnt/ubna_data_02_mir/recover-20221013/UBNA_001/20221012_030000.WAV,Telephone Field,recover-20221013,001,1795
1096.9895,1096.9997,28906,35998,Eptesicus serotinus,0.01,0.025,-1,Echolocation,/mnt/ubna_data_02_mir/recover-20221013/UBNA_001/20221012_030000.WAV,Telephone Field,recover-20221013,001,1795
1097.0025,1097.041,68437,82376,Rhinolophus ferrumequinum,0.022,0.022,-1,Echolocation,/mnt/ubna_data_02_mir/recover-20221013/UBNA_001/20221012_030000.WAV,Telephone Field,recover-20221013,001,1795
1097.0215,1097.0311,22031,27378,Nyctalus leisleri,0.008,0.021,-1,Echolocation,/mnt/ubna_data_02_mir/recover-20221013/UBNA_001/20221012_030000.WAV,Telephone Field,recover-20221013,001,1795
1097.0315,1097.0388,22890,31280,Plecotus austriacus,0.011,0.023,-1,Echolocation,/mnt/ubna_data_02_mir/recover-20221013/UBNA_001/20221012_030000.WAV,Telephone Field,recover-20221013,001,1795
1097.0465,1097.0583,24609,29583,Nyctalus leisleri,0.014,0.031,-1,Echolocation,/mnt/ubna_data_02_mir/recover-20221013/UBNA_001/20221012_030000.WAV,Telephone Field,recover-20221013,001,1795
1097.0475,1097.0907,68437,83542,Rhinolophus ferrumequinum,0.034,0.034,-1,Echolocation,/mnt/ubna_data_02_mir/recover-20221013/UBNA_001/20221012_030000.WAV,Telephone Field,recover-20221013,001,1795
1097.0765,1097.1162,68437,82750,Rhinolophus ferrumequinum,0.023,0.023,-1,Echolocation,/mnt/ubna_data_02_mir/recover-20221013/UBNA_001/20221012_030000.WAV,Telephone Field,recover-20221013,001,1795
1097.0905,1097.0984,25468,34292,Eptesicus serotinus,0.006,0.022,-1,Echolocation,/mnt/ubna_data_02_mir/recover-20221013/UBNA_001/20221012_030000.WAV,Telephone Field,recover-20221013,001,1795
1097.0985,1097.1387,68437,82677,Rhinolophus ferrumequinum,0.023,0.023,-1,Echolocation,/mnt/ubna_data_02_mir/recover-20221013/UBNA_001/20221012_030000.WAV,Telephone Field,recover-20221013,001,1795
1097.1305,1097.1414,22890,27693,Nyctalus leisleri,0.011,0.022,-1,Echolocation,/mnt/ubna_data_02_mir/recover-20221013/UBNA_001/20221012_030000.WAV,Telephone Field,recover-20221013,001,1795
1097.1315,1097.1733,68437,82903,Rhinolophus ferrumequinum,0.026,0.026,-1,Echolocation,/mnt/ubna_data_02_mir/recover-20221013/UBNA_001/20221012_030000.WAV,Telephone Field,recover-20221013,001,1795
1097.1375,1097.1548,21171,24587,Nyctalus leisleri,0.014,0.023,-1,Echolocation,/mnt/ubna_data_02_mir/recover-20221013/UBNA_001/20221012_030000.WAV,Telephone Field,recover-20221013,001,1795
1097.1485,1097.1882,68437,82534,Rhinolophus ferrumequinum,0.032,0.032,-1,Echolocation,/mnt/ubna_data_02_mir/recover-20221013/UBNA_001/20221012_030000.WAV,Telephone Field,recover-20221013,001,1795
1097.1705,1097.209,68437,82254,Rhinolophus ferrumequinum,0.021,0.021,-1,Echolocation,/mnt/ubna_data_02_mir/recover-20221013/UBNA_001/20221012_030000.WAV,Telephone Field,recover-20221013,001,1795
1097.1725,1097.1835,28906,36429,Eptesicus serotinus,0.012,0.024,-1,Echolocation,/mnt/ubna_data_02_mir/recover-20221013/UBNA_001/20221012_030000.WAV,Telephone Field,recover-20221013,001,1795
1097.2005,1097.2403,68437,82746,Rhinolophus ferrumequinum,0.025,0.025,-1,Echolocation,/mnt/ubna_data_02_mir/recover-20221013/UBNA_001/20221012_030000.WAV,Telephone Field,recover-20221013,001,1795
1097.2045,1097.2152,27187,35531,Eptesicus serotinus,0.012,0.027,-1,Echolocation,/mnt/ubna_data_02_mir/recover-20221013/UBNA_001/20221012_030000.WAV,Telephone Field,recover-20221013,001,1795
1097.2115,1097.2222,26328,32004,Eptesicus serotinus,0.011,0.025,-1,Echolocation,/mnt/ubna_data_02_mir/recover-20221013/UBNA_001/20221012_030000.WAV,Telephone Field,recover-20221013,001,1795
1097.2435,1097.2542,22890,28693,Nyctalus leisleri,0.009,0.022,-1,Echolocation,/mnt/ubna_data_02_mir/recover-20221013/UBNA_001/20221012_030000.WAV,Telephone Field,recover-20221013,001,1795
1097.2565,1097.2959,68437,82779,Rhinolophus ferrumequinum,0.024,0.024,-1,Echolocation,/mnt/ubna_data_02_mir/recover-20221013/UBNA_001/20221012_030000.WAV,Telephone Field,recover-20221013,001,1795
1097.2845,1097.3187,68437,81660,Rhinolophus ferrumequinum,0.024,0.024,-1,Echolocation,/mnt/ubna_data_02_mir/recover-20221013/UBNA_001/20221012_030000.WAV,Telephone Field,recover-20221013,001,1795
1097.2995,1097.3397,68437,82720,Rhinolophus ferrumequinum,0.024,0.024,-1,Echolocation,/mnt/ubna_data_02_mir/recover-20221013/UBNA_001/20221012_030000.WAV,Telephone Field,recover-20221013,001,1795
1097.3165,1097.35,68437,80935,Rhinolophus ferrumequinum,0.025,0.025,-1,Echolocation,/mnt/ubna_data_02_mir/recover-20221013/UBNA_001/20221012_030000.WAV,Telephone Field,recover-20221013,001,1795
1097.3265,1097.3354,27187,36331,Eptesicus serotinus,0.009,0.023,-1,Echolocation,/mnt/ubna_data_02_mir/recover-20221013/UBNA_001/20221012_030000.WAV,Telephone Field,recover-20221013,001,1795
1097.3365,1097.3729,68437,81489,Rhinolophus ferrumequinum,0.023,0.023,-1,Echolocation,/mnt/ubna_data_02_mir/recover-20221013/UBNA_001/20221012_030000.WAV,Telephone Field,recover-20221013,001,1795
1097.3425,1097.3491,28046,40414,Eptesicus serotinus,0.006,0.023,-1,Echolocation,/mnt/ubna_data_02_mir/recover-20221013/UBNA_001/20221012_030000.WAV,Telephone Field,recover-20221013,001,1795
1097.3665,1097.4071,68437,82879,Rhinolophus ferrumequinum,0.033,0.033,-1,Echolocation,/mnt/ubna_data_02_mir/recover-20221013/UBNA_001/20221012_030000.WAV,Telephone Field,recover-20221013,001,1795
1097.3825,1097.3939,22890,26962,Nyctalus leisleri,0.016,0.027,-1,Echolocation,/mnt/ubna_data_02_mir/recover-20221013/UBNA_001/20221012_030000.WAV,Telephone Field,recover-20221013,001,1795
1097.3905,1097.4276,68437,81596,Rhinolophus ferrumequinum,0.021,0.021,-1,Echolocation,/mnt/ubna_data_02_mir/recover-20221013/UBNA_001/20221012_030000.WAV,Telephone Field,recover-20221013,001,1795
1097.4115,1097.4483,68437,81605,Rhinolophus ferrumequinum,0.022,0.022,-1,Echolocation,/mnt/ubna_data_02_mir/recover-20221013/UBNA_001/20221012_030000.WAV,Telephone Field,recover-20221013,001,1795
1097.4155,1097.4236,24609,35567,Plecotus austriacus,0.018,0.047,-1,Echolocation,/mnt/ubna_data_02_mir/recover-20221013/UBNA_001/20221012_030000.WAV,Telephone Field,recover-20221013,001,1795
1097.4155,1097.4295,51250,58573,Pipistrellus pipistrellus,0.02,0.039,-1,Echolocation,/mnt/ubna_data_02_mir/recover-20221013/UBNA_001/20221012_030000.WAV,Telephone Field,recover-20221013,001,1795
1097.4375,1097.4749,68437,81061,Rhinolophus ferrumequinum,0.021,0.021,-1,Echolocation,/mnt/ubna_data_02_mir/recover-20221013/UBNA_001/20221012_030000.WAV,Telephone Field,recover-20221013,001,1795
1097.4575,1097.4766,19453,22095,Nyctalus leisleri,0.012,0.023,-1,Echolocation,/mnt/ubna_data_02_mir/recover-20221013/UBNA_001/20221012_030000.WAV,Telephone Field,recover-20221013,001,1795
1097.4715,1097.5081,68437,81802,Rhinolophus ferrumequinum,0.023,0.024,-1,Echolocation,/mnt/ubna_data_02_mir/recover-20221013/UBNA_001/20221012_030000.WAV,Telephone Field,recover-20221013,001,1795
1097.4975,1097.5374,68437,82512,Rhinolophus ferrumequinum,0.028,0.028,-1,Echolocation,/mnt/ubna_data_02_mir/recover-20221013/UBNA_001/20221012_030000.WAV,Telephone Field,recover-20221013,001,1795
1097.5395,1097.5462,27187,39083,Eptesicus serotinus,0.006,0.024,-1,Echolocation,/mnt/ubna_data_02_mir/recover-20221013/UBNA_001/20221012_030000.WAV,Telephone Field,recover-20221013,001,1795
1097.5435,1097.5532,22031,28311,Plecotus austriacus,0.009,0.025,-1,Echolocation,/mnt/ubna_data_02_mir/recover-20221013/UBNA_001/20221012_030000.WAV,Telephone Field,recover-20221013,001,1795
1097.5635,1097.5975,68437,80793,Rhinolophus ferrumequinum,0.029,0.029,-1,Echolocation,/mnt/ubna_data_02_mir/recover-20221013/UBNA_001/20221012_030000.WAV,Telephone Field,recover-20221013,001,1795
1097.5965,1097.641,68437,83793,Rhinolophus ferrumequinum,0.041,0.041,-1,Echolocation,/mnt/ubna_data_02_mir/recover-20221013/UBNA_001/20221012_030000.WAV,Telephone Field,recover-20221013,001,1795
1097.5965,1097.6041,22890,30686,Plecotus austriacus,0.012,0.024,-1,Echolocation,/mnt/ubna_data_02_mir/recover-20221013/UBNA_001/20221012_030000.WAV,Telephone Field,recover-20221013,001,1795
1097.6435,1097.6798,68437,81994,Rhinolophus ferrumequinum,0.022,0.022,-1,Echolocation,/mnt/ubna_data_02_mir/recover-20221013/UBNA_001/20221012_030000.WAV,Telephone Field,recover-20221013,001,1795
1097.6755,1097.7122,68437,81184,Rhinolophus ferrumequinum,0.04,0.04,-1,Echolocation,/mnt/ubna_data_02_mir/recover-20221013/UBNA_001/20221012_030000.WAV,Telephone Field,recover-20221013,001,1795
1097.6885,1097.7255,68437,82748,Rhinolophus ferrumequinum,0.023,0.023,-1,Echolocation,/mnt/ubna_data_02_mir/recover-20221013/UBNA_001/20221012_030000.WAV,Telephone Field,recover-20221013,001,1795
1097.7395,1097.7815,68437,83022,Rhinolophus ferrumequinum,0.026,0.026,-1,Echolocation,/mnt/ubna_data_02_mir/recover-20221013/UBNA_001/20221012_030000.WAV,Telephone Field,recover-20221013,001,1795
1097.8025,1097.8418,68437,82677,Rhinolophus ferrumequinum,0.032,0.032,-1,Echolocation,/mnt/ubna_data_02_mir/recover-20221013/UBNA_001/20221012_030000.WAV,Telephone Field,recover-20221013,001,1795
1097.8095,1097.8204,22890,28817,Nyctalus leisleri,0.01,0.024,-1,Echolocation,/mnt/ubna_data_02_mir/recover-20221013/UBNA_001/20221012_030000.WAV,Telephone Field,recover-20221013,001,1795
1097.8295,1097.8685,68437,81810,Rhinolophus ferrumequinum,0.022,0.022,-1,Echolocation,/mnt/ubna_data_02_mir/recover-20221013/UBNA_001/20221012_030000.WAV,Telephone Field,recover-20221013,001,1795
1097.8495,1097.8887,68437,82153,Rhinolophus ferrumequinum,0.022,0.022,-1,Echolocation,/mnt/ubna_data_02_mir/recover-20221013/UBNA_001/20221012_030000.WAV,Telephone Field,recover-20221013,001,1795
1097.8715,1097.9078,68437,82211,Rhinolophus ferrumequinum,0.023,0.023,-1,Echolocation,/mnt/ubna_data_02_mir/recover-20221013/UBNA_001/20221012_030000.WAV,Telephone Field,recover-20221013,001,1795
1097.9145,1097.9502,68437,81852,Rhinolophus ferrumequinum,0.021,0.021,-1,Echolocation,/mnt/ubna_data_02_mir/recover-20221013/UBNA_001/20221012_030000.WAV,Telephone Field,recover-20221013,001,1795
1097.9585,1097.9673,32343,42577,Myotis daubentonii,0.006,0.021,-1,Echolocation,/mnt/ubna_data_02_mir/recover-20221013/UBNA_001/20221012_030000.WAV,Telephone Field,recover-20221013,001,1795
1097.9595,1097.9693,27187,36925,Eptesicus serotinus,0.01,0.024,-1,Echolocation,/mnt/ubna_data_02_mir/recover-20221013/UBNA_001/20221012_030000.WAV,Telephone Field,recover-20221013,001,1795
1097.9765,1097.9874,48671,54979,Pipistrellus pipistrellus,0.019,0.023,-1,Echolocation,/mnt/ubna_data_02_mir/recover-20221013/UBNA_001/20221012_030000.WAV,Telephone Field,recover-20221013,001,1795
1098.0015,1098.0094,25468,36606,Nyctalus leisleri,0.005,0.024,-1,Echolocation,/mnt/ubna_data_02_mir/recover-20221013/UBNA_001/20221012_030000.WAV,Telephone Field,recover-20221013,001,1795
1098.0015,1098.0329,68437,80011,Rhinolophus ferrumequinum,0.038,0.038,-1,Echolocation,/mnt/ubna_data_02_mir/recover-20221013/UBNA_001/20221012_030000.WAV,Telephone Field,recover-20221013,001,1795
1098.0015,1098.0106,48671,54831,Pipistrellus pipistrellus,0.024,0.03,-1,Echolocation,/mnt/ubna_data_02_mir/recover-20221013/UBNA_001/20221012_030000.WAV,Telephone Field,recover-20221013,001,1795
1098.0105,1098.0499,68437,81786,Rhinolophus ferrumequinum,0.02,0.02,-1,Echolocation,/mnt/ubna_data_02_mir/recover-20221013/UBNA_001/20221012_030000.WAV,Telephone Field,recover-20221013,001,1795
1098.0385,1098.0763,68437,81484,Rhinolophus ferrumequinum,0.02,0.02,-1,Echolocation,/mnt/ubna_data_02_mir/recover-20221013/UBNA_001/20221012_030000.WAV,Telephone Field,recover-20221013,001,1795
1098.0455,1098.056,35781,41641,Pipistrellus nathusii,0.012,0.022,-1,Echolocation,/mnt/ubna_data_02_mir/recover-20221013/UBNA_001/20221012_030000.WAV,Telephone Field,recover-20221013,001,1795
1098.0715,1098.114,68437,82089,Rhinolophus ferrumequinum,0.025,0.025,-1,Echolocation,/mnt/ubna_data_02_mir/recover-20221013/UBNA_001/20221012_030000.WAV,Telephone Field,recover-20221013,001,1795
1098.0975,1098.1129,14296,19046,Nyctalus noctula,0.036,0.05,-1,Echolocation,/mnt/ubna_data_02_mir/recover-20221013/UBNA_001/20221012_030000.WAV,Telephone Field,recover-20221013,001,1795
1098.1235,1098.1335,46953,51320,Pipistrellus pipistrellus,0.027,0.029,-1,Echolocation,/mnt/ubna_data_02_mir/recover-20221013/UBNA_001/20221012_030000.WAV,Telephone Field,recover-20221013,001,1795
1098.1235,1098.164,68437,82643,Rhinolophus ferrumequinum,0.029,0.029,-1,Echolocation,/mnt/ubna_data_02_mir/recover-20221013/UBNA_001/20221012_030000.WAV,Telephone Field,recover-20221013,001,1795
1098.1295,1098.1364,23750,32165,Plecotus austriacus,0.01,0.021,-1,Echolocation,/mnt/ubna_data_02_mir/recover-20221013/UBNA_001/20221012_030000.WAV,Telephone Field,recover-20221013,001,1795
1098.1395,1098.1746,68437,81387,Rhinolophus ferrumequinum,0.02,0.02,-1,Echolocation,/mnt/ubna_data_02_mir/recover-20221013/UBNA_001/20221012_030000.WAV,Telephone Field,recover-20221013,001,1795
1098.1465,1098.1855,68437,81744,Rhinolophus ferrumequinum,0.021,0.021,-1,Echolocation,/mnt/ubna_data_02_mir/recover-20221013/UBNA_001/20221012_030000.WAV,Telephone Field,recover-20221013,001,1795
1098.1515,1098.1586,27187,41410,Eptesicus serotinus,0.006,0.021,-1,Echolocation,/mnt/ubna_data_02_mir/recover-20221013/UBNA_001/20221012_030000.WAV,Telephone Field,recover-20221013,001,1795
1098.1745,1098.1828,47812,57459,Pipistrellus pipistrellus,0.024,0.029,-1,Echolocation,/mnt/ubna_data_02_mir/recover-20221013/UBNA_001/20221012_030000.WAV,Telephone Field,recover-20221013,001,1795
1098.2385,1098.2783,68437,82211,Rhinolophus ferrumequinum,0.022,0.022,-1,Echolocation,/mnt/ubna_data_02_mir/recover-20221013/UBNA_001/20221012_030000.WAV,Telephone Field,recover-20221013,001,1795
1098.2545,1098.2655,27187,33206,Eptesicus serotinus,0.011,0.025,-1,Echolocation,/mnt/ubna_data_02_mir/recover-20221013/UBNA_001/20221012_030000.WAV,Telephone Field,recover-20221013,001,1795
1098.3045,1098.3448,68437,82506,Rhinolophus ferrumequinum,0.029,0.029,-1,Echolocation,/mnt/ubna_data_02_mir/recover-20221013/UBNA_001/20221012_030000.WAV,Telephone Field,recover-20221013,001,1795
1098.3425,1098.3498,28046,38017,Eptesicus serotinus,0.007,0.021,-1,Echolocation,/mnt/ubna_data_02_mir/recover-20221013/UBNA_001/20221012_030000.WAV,Telephone Field,recover-20221013,001,1795
1098.3535,1098.3976,68437,82967,Rhinolophus ferrumequinum,0.041,0.041,-1,Echolocation,/mnt/ubna_data_02_mir/recover-20221013/UBNA_001/20221012_030000.WAV,Telephone Field,recover-20221013,001,1795
1098.3735,1098.3917,19453,22970,Nyctalus noctula,0.013,0.029,-1,Echolocation,/mnt/ubna_data_02_mir/recover-20221013/UBNA_001/20221012_030000.WAV,Telephone Field,recover-20221013,001,1795
1098.4145,1098.4227,28046,38382,Eptesicus serotinus,0.008,0.021,-1,Echolocation,/mnt/ubna_data_02_mir/recover-20221013/UBNA_001/20221012_030000.WAV,Telephone Field,recover-20221013,001,1795
1098.4175,1098.4552,68437,82004,Rhinolophus ferrumequinum,0.022,0.022,-1,Echolocation,/mnt/ubna_data_02_mir/recover-20221013/UBNA_001/20221012_030000.WAV,Telephone Field,recover-20221013,001,1795
1098.4235,1098.4632,68437,82319,Rhinolophus ferrumequinum,0.023,0.023,-1,Echolocation,/mnt/ubna_data_02_mir/recover-20221013/UBNA_001/20221012_030000.WAV,Telephone Field,recover-20221013,001,1795
1098.4285,1098.4699,68437,82601,Rhinolophus ferrumequinum,0.022,0.022,-1,Echolocation,/mnt/ubna_data_02_mir/recover-20221013/UBNA_001/20221012_030000.WAV,Telephone Field,recover-20221013,001,1795
1098.4425,1098.4847,68437,83069,Rhinolophus ferrumequinum,0.024,0.024,-1,Echolocation,/mnt/ubna_data_02_mir/recover-20221013/UBNA_001/20221012_030000.WAV,Telephone Field,recover-20221013,001,1795
1098.4645,1098.4769000000001,23750,30314,Nyctalus leisleri,0.011,0.029,-1,Echolocation,/mnt/ubna_data_02_mir/recover-20221013/UBNA_001/20221012_030000.WAV,Telephone Field,recover-20221013,001,1795
1098.4715,1098.4839,23750,28299,Nyctalus leisleri,0.017,0.032,-1,Echolocation,/mnt/ubna_data_02_mir/recover-20221013/UBNA_001/20221012_030000.WAV,Telephone Field,recover-20221013,001,1795
1098.4845,1098.5008,22031,25679,Nyctalus leisleri,0.014,0.023,-1,Echolocation,/mnt/ubna_data_02_mir/recover-20221013/UBNA_001/20221012_030000.WAV,Telephone Field,recover-20221013,001,1795
1098.4845,1098.5223,68437,82275,Rhinolophus ferrumequinum,0.024,0.024,-1,Echolocation,/mnt/ubna_data_02_mir/recover-20221013/UBNA_001/20221012_030000.WAV,Telephone Field,recover-20221013,001,1795
1098.5005,1098.5387,68437,82640,Rhinolophus ferrumequinum,0.024,0.024,-1,Echolocation,/mnt/ubna_data_02_mir/recover-20221013/UBNA_001/20221012_030000.WAV,Telephone Field,recover-20221013,001,1795
1098.5095,1098.5502,68437,82437,Rhinolophus ferrumequinum,0.023,0.023,-1,Echolocation,/mnt/ubna_data_02_mir/recover-20221013/UBNA_001/20221012_030000.WAV,Telephone Field,recover-20221013,001,1795
1098.5235,1098.531,24609,33042,Plecotus austriacus,0.007,0.024,-1,Echolocation,/mnt/ubna_data_02_mir/recover-20221013/UBNA_001/20221012_030000.WAV,Telephone Field,recover-20221013,001,1795
1098.5325,1098.5743,68437,82929,Rhinolophus ferrumequinum,0.031,0.031,-1,Echolocation,/mnt/ubna_data_02_mir/recover-20221013/UBNA_001/20221012_030000.WAV,Telephone Field,recover-20221013,001,1795
1098.5505,1098.5881,68437,82151,Rhinolophus ferrumequinum,0.024,0.024,-1,Echolocation,/mnt/ubna_data_02_mir/recover-20221013/UBNA_001/20221012_030000.WAV,Telephone Field,recover-20221013,001,1795
1098.5585,1098.566,28906,38144,Eptesicus serotinus,0.007,0.024,-1,Echolocation,/mnt/ubna_data_02_mir/recover-20221013/UBNA_001/20221012_030000.WAV,Telephone Field,recover-20221013,001,1795
1098.5925,1098.5996,23750,32460,Plecotus austriacus,0.01,0.022,-1,Echolocation,/mnt/ubna_data_02_mir/recover-20221013/UBNA_001/20221012_030000.WAV,Telephone Field,recover-20221013,001,1795
1098.6035,1098.6139,14296,18933,Nyctalus noctula,0.011,0.024,-1,Echolocation,/mnt/ubna_data_02_mir/recover-20221013/UBNA_001/20221012_030000.WAV,Telephone Field,recover-20221013,001,1795
1098.6085,1098.6455,68437,82210,Rhinolophus ferrumequinum,0.024,0.024,-1,Echolocation,/mnt/ubna_data_02_mir/recover-20221013/UBNA_001/20221012_030000.WAV,Telephone Field,recover-20221013,001,1795
1098.6505,1098.6908,68437,82296,Rhinolophus ferrumequinum,0.023,0.023,-1,Echolocation,/mnt/ubna_data_02_mir/recover-20221013/UBNA_001/20221012_030000.WAV,Telephone Field,recover-20221013,001,1795
1098.6645,1098.7051,68437,83008,Rhinolophus ferrumequinum,0.023,0.023,-1,Echolocation,/mnt/ubna_data_02_mir/recover-20221013/UBNA_001/20221012_030000.WAV,Telephone Field,recover-20221013,001,1795
1098.6725,1098.7125,68437,83047,Rhinolophus ferrumequinum,0.024,0.024,-1,Echolocation,/mnt/ubna_data_02_mir/recover-20221013/UBNA_001/20221012_030000.WAV,Telephone Field,recover-20221013,001,1795
1098.6755,1098.6837,23750,31816,Plecotus austriacus,0.011,0.025,-1,Echolocation,/mnt/ubna_data_02_mir/recover-20221013/UBNA_001/20221012_030000.WAV,Telephone Field,recover-20221013,001,1795
1098.7335,1098.7722,68437,82438,Rhinolophus ferrumequinum,0.034,0.034,-1,Echolocation,/mnt/ubna_data_02_mir/recover-20221013/UBNA_001/20221012_030000.WAV,Telephone Field,recover-20221013,001,1795
1098.7515,1098.759,26328,35355,Eptesicus serotinus,0.008,0.024,-1,Echolocation,/mnt/ubna_data_02_mir/recover-20221013/UBNA_001/20221012_030000.WAV,Telephone Field,recover-20221013,001,1795
1098.7665,1098.8041,68437,82074,Rhinolophus ferrumequinum,0.021,0.021,-1,Echolocation,/mnt/ubna_data_02_mir/recover-20221013/UBNA_001/20221012_030000.WAV,Telephone Field,recover-20221013,001,1795
1098.7985,1098.8074,26328,34635,Eptesicus serotinus,0.009,0.023,-1,Echolocation,/mnt/ubna_data_02_mir/recover-20221013/UBNA_001/20221012_030000.WAV,Telephone Field,recover-20221013,001,1795
1098.8435,1098.8549,54687,59235,Pipistrellus pygmaeus,0.02,0.021,-1,Echolocation,/mnt/ubna_data_02_mir/recover-20221013/UBNA_001/20221012_030000.WAV,Telephone Field,recover-20221013,001,1795
1098.8765,1098.8838,27187,36734,Eptesicus serotinus,0.009,0.025,-1,Echolocation,/mnt/ubna_data_02_mir/recover-20221013/UBNA_001/20221012_030000.WAV,Telephone Field,recover-20221013,001,1795
1098.8775,1098.9139,68437,82421,Rhinolophus ferrumequinum,0.023,0.023,-1,Echolocation,/mnt/ubna_data_02_mir/recover-20221013/UBNA_001/20221012_030000.WAV,Telephone Field,recover-20221013,001,1795
1098.8855,1098.9213,68437,81809,Rhinolophus ferrumequinum,0.021,0.021,-1,Echolocation,/mnt/ubna_data_02_mir/recover-20221013/UBNA_001/20221012_030000.WAV,Telephone Field,recover-20221013,001,1795
1098.8925,1098.9309,68437,82455,Rhinolophus ferrumequinum,0.021,0.021,-1,Echolocation,/mnt/ubna_data_02_mir/recover-20221013/UBNA_001/20221012_030000.WAV,Telephone Field,recover-20221013,001,1795
1098.9165,1098.9256,27187,40782,Eptesicus serotinus,0.008,0.022,-1,Echolocation,/mnt/ubna_data_02_mir/recover-20221013/UBNA_001/20221012_030000.WAV,Telephone Field,recover-20221013,001,1795
1098.9175,1098.9561,68437,82497,Rhinolophus ferrumequinum,0.023,0.023,-1,Echolocation,/mnt/ubna_data_02_mir/recover-20221013/UBNA_001/20221012_030000.WAV,Telephone Field,recover-20221013,001,1795
1098.9385,1098.9504,38359,42335,Pipistrellus nathusii,0.035,0.044,-1,Echolocation,/mnt/ubna_data_02_mir/recover-20221013/UBNA_001/20221012_030000.WAV,Telephone Field,recover-20221013,001,1795
1098.9385,1098.9774,68437,81489,Rhinolophus ferrumequinum,0.022,0.022,-1,Echolocation,/mnt/ubna_data_02_mir/recover-20221013/UBNA_001/20221012_030000.WAV,Telephone Field,recover-20221013,001,1795
1098.9645,1098.9732,28046,37147,Eptesicus serotinus,0.008,0.022,-1,Echolocation,/mnt/ubna_data_02_mir/recover-20221013/UBNA_001/20221012_030000.WAV,Telephone Field,recover-20221013,001,1795
1099.0325,1099.0724,68437,82247,Rhinolophus ferrumequinum,0.023,0.023,-1,Echolocation,/mnt/ubna_data_02_mir/recover-20221013/UBNA_001/20221012_030000.WAV,Telephone Field,recover-20221013,001,1795
1099.0555,1099.0924,68437,82397,Rhinolophus ferrumequinum,0.026,0.026,-1,Echolocation,/mnt/ubna_data_02_mir/recover-20221013/UBNA_001/20221012_030000.WAV,Telephone Field,recover-20221013,001,1795
1099.0695,1099.1076,68437,82406,Rhinolophus ferrumequinum,0.022,0.022,-1,Echolocation,/mnt/ubna_data_02_mir/recover-20221013/UBNA_001/20221012_030000.WAV,Telephone Field,recover-20221013,001,1795
1099.0745,1099.0809,28046,38632,Eptesicus serotinus,0.005,0.023,-1,Echolocation,/mnt/ubna_data_02_mir/recover-20221013/UBNA_001/20221012_030000.WAV,Telephone Field,recover-20221013,001,1795
1099.0845,1099.1202,68437,81753,Rhinolophus ferrumequinum,0.021,0.021,-1,Echolocation,/mnt/ubna_data_02_mir/recover-20221013/UBNA_001/20221012_030000.WAV,Telephone Field,recover-20221013,001,1795
1099.1075,1099.1465,68437,82302,Rhinolophus ferrumequinum,0.033,0.033,-1,Echolocation,/mnt/ubna_data_02_mir/recover-20221013/UBNA_001/20221012_030000.WAV,Telephone Field,recover-20221013,001,1795
1099.1115,1099.1187,28046,37850,Eptesicus serotinus,0.009,0.025,-1,Echolocation,/mnt/ubna_data_02_mir/recover-20221013/UBNA_001/20221012_030000.WAV,Telephone Field,recover-20221013,001,1795
1099.1125,1099.121,22890,30332,Plecotus austriacus,0.01,0.024,-1,Echolocation,/mnt/ubna_data_02_mir/recover-20221013/UBNA_001/20221012_030000.WAV,Telephone Field,recover-20221013,001,1795
1099.1335,1099.1729,68437,82412,Rhinolophus ferrumequinum,0.023,0.023,-1,Echolocation,/mnt/ubna_data_02_mir/recover-20221013/UBNA_001/20221012_030000.WAV,Telephone Field,recover-20221013,001,1795
1099.1525,1099.1928,68437,82516,Rhinolophus ferrumequinum,0.031,0.031,-1,Echolocation,/mnt/ubna_data_02_mir/recover-20221013/UBNA_001/20221012_030000.WAV,Telephone Field,recover-20221013,001,1795
1099.1895,1099.199,44375,53215,Pipistrellus pipistrellus,0.02,0.033,-1,Echolocation,/mnt/ubna_data_02_mir/recover-20221013/UBNA_001/20221012_030000.WAV,Telephone Field,recover-20221013,001,1795
1099.2175,1099.2564,68437,81897,Rhinolophus ferrumequinum,0.022,0.022,-1,Echolocation,/mnt/ubna_data_02_mir/recover-20221013/UBNA_001/20221012_030000.WAV,Telephone Field,recover-20221013,001,1795
1099.2455,1099.2863,68437,82968,Rhinolophus ferrumequinum,0.025,0.025,-1,Echolocation,/mnt/ubna_data_02_mir/recover-20221013/UBNA_001/20221012_030000.WAV,Telephone Field,recover-20221013,001,1795
1099.2565,1099.2651,23750,31623,Plecotus austriacus,0.008,0.023,-1,Echolocation,/mnt/ubna_data_02_mir/recover-20221013/UBNA_001/20221012_030000.WAV,Telephone Field,recover-20221013,001,1795
1099.2745,1099.2811,44375,47649,Pipistrellus pipistrellus,0.024,0.025,-1,Echolocation,/mnt/ubna_data_02_mir/recover-20221013/UBNA_001/20221012_030000.WAV,Telephone Field,recover-20221013,001,1795
1099.2995,1099.3337,68437,81509,Rhinolophus ferrumequinum,0.021,0.021,-1,Echolocation,/mnt/ubna_data_02_mir/recover-20221013/UBNA_001/20221012_030000.WAV,Telephone Field,recover-20221013,001,1795
1099.3445,1099.3549,23750,29648,Nyctalus leisleri,0.01,0.022,-1,Echolocation,/mnt/ubna_data_02_mir/recover-20221013/UBNA_001/20221012_030000.WAV,Telephone Field,recover-20221013,001,1795
1099.3565,1099.3679,38359,42384,Pipistrellus nathusii,0.006,0.021,-1,Echolocation,/mnt/ubna_data_02_mir/recover-20221013/UBNA_001/20221012_030000.WAV,Telephone Field,recover-20221013,001,1795
1099.3595,1099.3971,68437,81208,Rhinolophus ferrumequinum,0.021,0.022,-1,Echolocation,/mnt/ubna_data_02_mir/recover-20221013/UBNA_001/20221012_030000.WAV,Telephone Field,recover-20221013,001,1795
1099.3675,1099.4072,68437,82625,Rhinolophus ferrumequinum,0.024,0.024,-1,Echolocation,/mnt/ubna_data_02_mir/recover-20221013/UBNA_001/20221012_030000.WAV,Telephone Field,recover-20221013,001,1795
1099.3775,1099.4153,68437,82286,Rhinolophus ferrumequinum,0.021,0.022,-1,Echolocation,/mnt/ubna_data_02_mir/recover-20221013/UBNA_001/20221012_030000.WAV,Telephone Field,recover-20221013,001,1795
1099.4165,1099.4569,68437,83212,Rhinolophus ferrumequinum,0.03,0.03,-1,Echolocation,/mnt/ubna_data_02_mir/recover-20221013/UBNA_001/20221012_030000.WAV,Telephone Field,recover-20221013,001,1795
1099.4425,1099.4765,68437,81152,Rhinolophus ferrumequinum,0.021,0.021,-1,Echolocation,/mnt/ubna_data_02_mir/recover-20221013/UBNA_001/20221012_030000.WAV,Telephone Field,recover-20221013,001,1795
1099.4535,1099.4894,68437,81607,Rhinolophus ferrumequinum,0.022,0.022,-1,Echolocation,/mnt/ubna_data_02_mir/recover-20221013/UBNA_001/20221012_030000.WAV,Telephone Field,recover-20221013,001,1795
1099.4815,1099.4964,42656,45912,Pipistrellus pipistrellus,0.039,0.051,-1,Echolocation,/mnt/ubna_data_02_mir/recover-20221013/UBNA_001/20221012_030000.WAV,Telephone Field,recover-20221013,001,1795
1099.4835,1099.5215,68437,82216,Rhinolophus ferrumequinum,0.021,0.021,-1,Echolocation,/mnt/ubna_data_02_mir/recover-20221013/UBNA_001/20221012_030000.WAV,Telephone Field,recover-20221013,001,1795
1099.5035,1099.5426,68437,82238,Rhinolophus ferrumequinum,0.023,0.023,-1,Echolocation,/mnt/ubna_data_02_mir/recover-20221013/UBNA_001/20221012_030000.WAV,Telephone Field,recover-20221013,001,1795
1099.5535,1099.5925,68437,81872,Rhinolophus ferrumequinum,0.024,0.024,-1,Echolocation,/mnt/ubna_data_02_mir/recover-20221013/UBNA_001/20221012_030000.WAV,Telephone Field,recover-20221013,001,1795
1099.5735,1099.6157,68437,82915,Rhinolophus ferrumequinum,0.029,0.029,-1,Echolocation,/mnt/ubna_data_02_mir/recover-20221013/UBNA_001/20221012_030000.WAV,Telephone Field,recover-20221013,001,1795
1099.5815,1099.5874,48671,56674,Pipistrellus pipistrellus,0.022,0.024,-1,Echolocation,/mnt/ubna_data_02_mir/recover-20221013/UBNA_001/20221012_030000.WAV,Telephone Field,recover-20221013,001,1795
1099.6095,1099.6184,26328,35327,Eptesicus serotinus,0.011,0.024,-1,Echolocation,/mnt/ubna_data_02_mir/recover-20221013/UBNA_001/20221012_030000.WAV,Telephone Field,recover-20221013,001,1795
1099.6285,1099.6402,23750,29959,Nyctalus leisleri,0.011,0.025,-1,Echolocation,/mnt/ubna_data_02_mir/recover-20221013/UBNA_001/20221012_030000.WAV,Telephone Field,recover-20221013,001,1795
1099.6305,1099.67,68437,82388,Rhinolophus ferrumequinum,0.026,0.026,-1,Echolocation,/mnt/ubna_data_02_mir/recover-20221013/UBNA_001/20221012_030000.WAV,Telephone Field,recover-20221013,001,1795
1099.6445,1099.6851,68437,82447,Rhinolophus ferrumequinum,0.021,0.021,-1,Echolocation,/mnt/ubna_data_02_mir/recover-20221013/UBNA_001/20221012_030000.WAV,Telephone Field,recover-20221013,001,1795
1099.6555,1099.6952,68437,82832,Rhinolophus ferrumequinum,0.021,0.022,-1,Echolocation,/mnt/ubna_data_02_mir/recover-20221013/UBNA_001/20221012_030000.WAV,Telephone Field,recover-20221013,001,1795
1099.6665,1099.6755,22890,29980,Plecotus austriacus,0.008,0.022,-1,Echolocation,/mnt/ubna_data_02_mir/recover-20221013/UBNA_001/20221012_030000.WAV,Telephone Field,recover-20221013,001,1795
1099.6765,1099.7203,68437,83378,Rhinolophus ferrumequinum,0.04,0.04,-1,Echolocation,/mnt/ubna_data_02_mir/recover-20221013/UBNA_001/20221012_030000.WAV,Telephone Field,recover-20221013,001,1795
1099.7355,1099.7738,68437,82448,Rhinolophus ferrumequinum,0.023,0.023,-1,Echolocation,/mnt/ubna_data_02_mir/recover-20221013/UBNA_001/20221012_030000.WAV,Telephone Field,recover-20221013,001,1795
1099.7575,1099.7945,68437,81850,Rhinolophus ferrumequinum,0.021,0.021,-1,Echolocation,/mnt/ubna_data_02_mir/recover-20221013/UBNA_001/20221012_030000.WAV,Telephone Field,recover-20221013,001,1795
1099.7985,1099.8384,68437,82034,Rhinolophus ferrumequinum,0.028,0.028,-1,Echolocation,/mnt/ubna_data_02_mir/recover-20221013/UBNA_001/20221012_030000.WAV,Telephone Field,recover-20221013,001,1795
1099.8655,1099.9047,68437,82108,Rhinolophus ferrumequinum,0.024,0.024,-1,Echolocation,/mnt/ubna_data_02_mir/recover-20221013/UBNA_001/20221012_030000.WAV,Telephone Field,recover-20221013,001,1795
1099.8755,1099.883,27187,36249,Eptesicus serotinus,0.007,0.021,-1,Echolocation,/mnt/ubna_data_02_mir/recover-20221013/UBNA_001/20221012_030000.WAV,Telephone Field,recover-20221013,001,1795
1099.8865,1099.9246,68437,81926,Rhinolophus ferrumequinum,0.021,0.021,-1,Echolocation,/mnt/ubna_data_02_mir/recover-20221013/UBNA_001/20221012_030000.WAV,Telephone Field,recover-20221013,001,1795
1099.9315,1099.9728,68437,82316,Rhinolophus ferrumequinum,0.022,0.022,-1,Echolocation,/mnt/ubna_data_02_mir/recover-20221013/UBNA_001/20221012_030000.WAV,Telephone Field,recover-20221013,001,1795
1100.0015,1100.0088,27187,37629,Eptesicus serotinus,0.006,0.024,-1,Echolocation,/mnt/ubna_data_02_mir/recover-20221013/UBNA_001/20221012_030000.WAV,Telephone Field,recover-20221013,001,1795
1100.0015,1100.0094,22031,30217,Nyctalus leisleri,0.007,0.024,-1,Echolocation,/mnt/ubna_data_02_mir/recover-20221013/UBNA_001/20221012_030000.WAV,Telephone Field,recover-20221013,001,1795
1100.0015,1100.0082,48671,55327,Pipistrellus pipistrellus,0.017,0.022,-1,Echolocation,/mnt/ubna_data_02_mir/recover-20221013/UBNA_001/20221012_030000.WAV,Telephone Field,recover-20221013,001,1795
1100.0015,1100.0329,68437,80194,Rhinolophus ferrumequinum,0.036,0.036,-1,Echolocation,/mnt/ubna_data_02_mir/recover-20221013/UBNA_001/20221012_030000.WAV,Telephone Field,recover-20221013,001,1795
1100.0315,1100.0385,28046,37849,Eptesicus serotinus,0.005,0.021,-1,Echolocation,/mnt/ubna_data_02_mir/recover-20221013/UBNA_001/20221012_030000.WAV,Telephone Field,recover-20221013,001,1795
1100.0355,1100.0466,22031,25897,Nyctalus leisleri,0.012,0.021,-1,Echolocation,/mnt/ubna_data_02_mir/recover-20221013/UBNA_001/20221012_030000.WAV,Telephone Field,recover-20221013,001,1795
1100.0425,1100.0769,68437,81397,Rhinolophus ferrumequinum,0.021,0.021,-1,Echolocation,/mnt/ubna_data_02_mir/recover-20221013/UBNA_001/20221012_030000.WAV,Telephone Field,recover-20221013,001,1795
1100.0605,1100.1001,68437,82796,Rhinolophus ferrumequinum,0.024,0.024,-1,Echolocation,/mnt/ubna_data_02_mir/recover-20221013/UBNA_001/20221012_030000.WAV,Telephone Field,recover-20221013,001,1795
1100.0655,1100.1068,68437,82745,Rhinolophus ferrumequinum,0.023,0.023,-1,Echolocation,/mnt/ubna_data_02_mir/recover-20221013/UBNA_001/20221012_030000.WAV,Telephone Field,recover-20221013,001,1795
1100.0685,1100.0776,27187,38423,Eptesicus serotinus,0.008,0.021,-1,Echolocation,/mnt/ubna_data_02_mir/recover-20221013/UBNA_001/20221012_030000.WAV,Telephone Field,recover-20221013,001,1795
1100.0905,1100.1017,28046,36359,Eptesicus serotinus,0.011,0.023,-1,Echolocation,/mnt/ubna_data_02_mir/recover-20221013/UBNA_001/20221012_030000.WAV,Telephone Field,recover-20221013,001,1795
1100.0915,1100.1293,68437,81635,Rhinolophus ferrumequinum,0.021,0.021,-1,Echolocation,/mnt/ubna_data_02_mir/recover-20221013/UBNA_001/20221012_030000.WAV,Telephone Field,recover-20221013,001,1795
1100.0985,1100.1066,28046,40551,Eptesicus serotinus,0.008,0.025,-1,Echolocation,/mnt/ubna_data_02_mir/recover-20221013/UBNA_001/20221012_030000.WAV,Telephone Field,recover-20221013,001,1795
1100.1215,1100.1269,24609,40880,Plecotus austriacus,0.016,0.042,-1,Echolocation,/mnt/ubna_data_02_mir/recover-20221013/UBNA_001/20221012_030000.WAV,Telephone Field,recover-20221013,001,1795
1100.1275,1100.1673,68437,82989,Rhinolophus ferrumequinum,0.025,0.025,-1,Echolocation,/mnt/ubna_data_02_mir/recover-20221013/UBNA_001/20221012_030000.WAV,Telephone Field,recover-20221013,001,1795
1100.1675,1100.1783,22890,28221,Nyctalus leisleri,0.01,0.021,-1,Echolocation,/mnt/ubna_data_02_mir/recover-20221013/UBNA_001/20221012_030000.WAV,Telephone Field,recover-20221013,001,1795
1100.1955,1100.2031,28046,39378,Eptesicus serotinus,0.008,0.027,-1,Echolocation,/mnt/ubna_data_02_mir/recover-20221013/UBNA_001/20221012_030000.WAV,Telephone Field,recover-20221013,001,1795
1100.2445,1100.2808,68437,81259,Rhinolophus ferrumequinum,0.021,0.021,-1,Echolocation,/mnt/ubna_data_02_mir/recover-20221013/UBNA_001/20221012_030000.WAV,Telephone Field,recover-20221013,001,1795
1100.2725,1100.2803,23750,31639,Plecotus austriacus,0.009,0.022,-1,Echolocation,/mnt/ubna_data_02_mir/recover-20221013/UBNA_001/20221012_030000.WAV,Telephone Field,recover-20221013,001,1795
1100.2875,1100.3242,68437,82241,Rhinolophus ferrumequinum,0.021,0.021,-1,Echolocation,/mnt/ubna_data_02_mir/recover-20221013/UBNA_001/20221012_030000.WAV,Telephone Field,recover-20221013,001,1795
1100.3005,1100.3381,68437,81373,Rhinolophus ferrumequinum,0.021,0.021,-1,Echolocation,/mnt/ubna_data_02_mir/recover-20221013/UBNA_001/20221012_030000.WAV,Telephone Field,recover-20221013,001,1795
1100.3125,1100.322,47812,51487,Pipistrellus pipistrellus,0.034,0.037,-1,Echolocation,/mnt/ubna_data_02_mir/recover-20221013/UBNA_001/20221012_030000.WAV,Telephone Field,recover-20221013,001,1795
1100.3365,1100.345,31484,41226,Myotis daubentonii,0.008,0.022,-1,Echolocation,/mnt/ubna_data_02_mir/recover-20221013/UBNA_001/20221012_030000.WAV,Telephone Field,recover-20221013,001,1795
1100.3425,1100.3774,68437,82120,Rhinolophus ferrumequinum,0.023,0.023,-1,Echolocation,/mnt/ubna_data_02_mir/recover-20221013/UBNA_001/20221012_030000.WAV,Telephone Field,recover-20221013,001,1795
1100.3605,1100.3723,37500,42438,Pipistrellus nathusii,0.018,0.035,-1,Echolocation,/mnt/ubna_data_02_mir/recover-20221013/UBNA_001/20221012_030000.WAV,Telephone Field,recover-20221013,001,1795
1100.3605,1100.3704,24609,30854,Nyctalus leisleri,0.01,0.028,-1,Echolocation,/mnt/ubna_data_02_mir/recover-20221013/UBNA_001/20221012_030000.WAV,Telephone Field,recover-20221013,001,1795
1100.3625,1100.4019,68437,81395,Rhinolophus ferrumequinum,0.023,0.023,-1,Echolocation,/mnt/ubna_data_02_mir/recover-20221013/UBNA_001/20221012_030000.WAV,Telephone Field,recover-20221013,001,1795
1100.3795,1100.4203,68437,82494,Rhinolophus ferrumequinum,0.023,0.023,-1,Echolocation,/mnt/ubna_data_02_mir/recover-20221013/UBNA_001/20221012_030000.WAV,Telephone Field,recover-20221013,001,1795
1100.4025,1100.414,23750,29631,Nyctalus leisleri,0.012,0.026,-1,Echolocation,/mnt/ubna_data_02_mir/recover-20221013/UBNA_001/20221012_030000.WAV,Telephone Field,recover-20221013,001,1795
1100.4305,1100.4687,68437,81774,Rhinolophus ferrumequinum,0.021,0.022,-1,Echolocation,/mnt/ubna_data_02_mir/recover-20221013/UBNA_001/20221012_030000.WAV,Telephone Field,recover-20221013,001,1795
1100.4355,1100.4439,28046,38402,Eptesicus serotinus,0.01,0.024,-1,Echolocation,/mnt/ubna_data_02_mir/recover-20221013/UBNA_001/20221012_030000.WAV,Telephone Field,recover-20221013,001,1795
1100.4695,1100.5084,68437,82299,Rhinolophus ferrumequinum,0.024,0.024,-1,Echolocation,/mnt/ubna_data_02_mir/recover-20221013/UBNA_001/20221012_030000.WAV,Telephone Field,recover-20221013,001,1795
1100.4955,1100.5341,68437,82185,Rhinolophus ferrumequinum,0.021,0.021,-1,Echolocation,/mnt/ubna_data_02_mir/recover-20221013/UBNA_001/20221012_030000.WAV,Telephone Field,recover-20221013,001,1795
1100.5145,1100.5511,68437,81449,Rhinolophus ferrumequinum,0.021,0.021,-1,Echolocation,/mnt/ubna_data_02_mir/recover-20221013/UBNA_001/20221012_030000.WAV,Telephone Field,recover-20221013,001,1795
1100.5155,1100.5276,37500,44641,Pipistrellus nathusii,0.01,0.023,-1,Echolocation,/mnt/ubna_data_02_mir/recover-20221013/UBNA_001/20221012_030000.WAV,Telephone Field,recover-20221013,001,1795
1100.5415,1100.5832,68437,82481,Rhinolophus ferrumequinum,0.025,0.025,-1,Echolocation,/mnt/ubna_data_02_mir/recover-20221013/UBNA_001/20221012_030000.WAV,Telephone Field,recover-20221013,001,1795
1100.5635,1100.6017,68437,82075,Rhinolophus ferrumequinum,0.028,0.028,-1,Echolocation,/mnt/ubna_data_02_mir/recover-20221013/UBNA_001/20221012_030000.WAV,Telephone Field,recover-20221013,001,1795
1100.5915,1100.602,55546,61118,Pipistrellus pygmaeus,0.021,0.024,-1,Echolocation,/mnt/ubna_data_02_mir/recover-20221013/UBNA_001/20221012_030000.WAV,Telephone Field,recover-20221013,001,1795
1100.6025,1100.638,68437,81701,Rhinolophus ferrumequinum,0.021,0.021,-1,Echolocation,/mnt/ubna_data_02_mir/recover-20221013/UBNA_001/20221012_030000.WAV,Telephone Field,recover-20221013,001,1795
1100.6035,1100.612,27187,36789,Eptesicus serotinus,0.013,0.033,-1,Echolocation,/mnt/ubna_data_02_mir/recover-20221013/UBNA_001/20221012_030000.WAV,Telephone Field,recover-20221013,001,1795
1100.6145,1100.6545,68437,81760,Rhinolophus ferrumequinum,0.023,0.023,-1,Echolocation,/mnt/ubna_data_02_mir/recover-20221013/UBNA_001/20221012_030000.WAV,Telephone Field,recover-20221013,001,1795
1100.6335,1100.673,68437,82445,Rhinolophus ferrumequinum,0.021,0.021,-1,Echolocation,/mnt/ubna_data_02_mir/recover-20221013/UBNA_001/20221012_030000.WAV,Telephone Field,recover-20221013,001,1795
1100.6735,1100.7105999999999,68437,81925,Rhinolophus ferrumequinum,0.024,0.024,-1,Echolocation,/mnt/ubna_data_02_mir/recover-20221013/UBNA_001/20221012_030000.WAV,Telephone Field,recover-20221013,001,1795
1100.7095,1100.7494,68437,82320,Rhinolophus ferrumequinum,0.024,0.024,-1,Echolocation,/mnt/ubna_data_02_mir/recover-20221013/UBNA_001/20221012_030000.WAV,Telephone Field,recover-20221013,001,1795
1100.7115,1100.7197,26328,35871,Eptesicus serotinus,0.016,0.039,-1,Echolocation,/mnt/ubna_data_02_mir/recover-20221013/UBNA_001/20221012_030000.WAV,Telephone Field,recover-20221013,001,1795
1100.7365,1100.7496,28906,36006,Eptesicus serotinus,0.017,0.029,-1,Echolocation,/mnt/ubna_data_02_mir/recover-20221013/UBNA_001/20221012_030000.WAV,Telephone Field,recover-20221013,001,1795
1100.7425,1100.7542,28046,35493,Eptesicus serotinus,0.016,0.028,-1,Echolocation,/mnt/ubna_data_02_mir/recover-20221013/UBNA_001/20221012_030000.WAV,Telephone Field,recover-20221013,001,1795
1100.7475,1100.7846,68437,81935,Rhinolophus ferrumequinum,0.021,0.021,-1,Echolocation,/mnt/ubna_data_02_mir/recover-20221013/UBNA_001/20221012_030000.WAV,Telephone Field,recover-20221013,001,1795
1100.7675,1100.8083,68437,82304,Rhinolophus ferrumequinum,0.027,0.027,-1,Echolocation,/mnt/ubna_data_02_mir/recover-20221013/UBNA_001/20221012_030000.WAV,Telephone Field,recover-20221013,001,1795
1100.8135,1100.857,68437,83211,Rhinolophus ferrumequinum,0.029,0.029,-1,Echolocation,/mnt/ubna_data_02_mir/recover-20221013/UBNA_001/20221012_030000.WAV,Telephone Field,recover-20221013,001,1795
1100.8405,1100.8505,23750,30737,Nyctalus leisleri,0.008,0.023,-1,Echolocation,/mnt/ubna_data_02_mir/recover-20221013/UBNA_001/20221012_030000.WAV,Telephone Field,recover-20221013,001,1795
1100.8665,1100.9012,68437,81096,Rhinolophus ferrumequinum,0.021,0.021,-1,Echolocation,/mnt/ubna_data_02_mir/recover-20221013/UBNA_001/20221012_030000.WAV,Telephone Field,recover-20221013,001,1795
1100.8835,1100.8922,28046,39325,Eptesicus serotinus,0.008,0.022,-1,Echolocation,/mnt/ubna_data_02_mir/recover-20221013/UBNA_001/20221012_030000.WAV,Telephone Field,recover-20221013,001,1795
1100.8945,1100.9024,48671,52815,Pipistrellus pipistrellus,0.022,0.024,-1,Echolocation,/mnt/ubna_data_02_mir/recover-20221013/UBNA_001/20221012_030000.WAV,Telephone Field,recover-20221013,001,1795
1100.8985,1100.9354,68437,81683,Rhinolophus ferrumequinum,0.023,0.023,-1,Echolocation,/mnt/ubna_data_02_mir/recover-20221013/UBNA_001/20221012_030000.WAV,Telephone Field,recover-20221013,001,1795
1100.9095,1100.9468,68437,82081,Rhinolophus ferrumequinum,0.023,0.023,-1,Echolocation,/mnt/ubna_data_02_mir/recover-20221013/UBNA_001/20221012_030000.WAV,Telephone Field,recover-20221013,001,1795
1100.9135,1100.9269,22890,27355,Nyctalus leisleri,0.012,0.022,-1,Echolocation,/mnt/ubna_data_02_mir/recover-20221013/UBNA_001/20221012_030000.WAV,Telephone Field,recover-20221013,001,1795
1100.9345,1100.9757,68437,82647,Rhinolophus ferrumequinum,0.024,0.024,-1,Echolocation,/mnt/ubna_data_02_mir/recover-20221013/UBNA_001/20221012_030000.WAV,Telephone Field,recover-20221013,001,1795
1100.9385,1100.9468,28906,37218,Eptesicus serotinus,0.008,0.025,-1,Echolocation,/mnt/ubna_data_02_mir/recover-20221013/UBNA_001/20221012_030000.WAV,Telephone Field,recover-20221013,001,1795
1100.9755,1101.0129,68437,81700,Rhinolophus ferrumequinum,0.021,0.021,-1,Echolocation,/mnt/ubna_data_02_mir/recover-20221013/UBNA_001/20221012_030000.WAV,Telephone Field,recover-20221013,001,1795
1100.9845,1101.025,68437,82348,Rhinolophus ferrumequinum,0.025,0.025,-1,Echolocation,/mnt/ubna_data_02_mir/recover-20221013/UBNA_001/20221012_030000.WAV,Telephone Field,recover-20221013,001,1795
1101.0065,1101.0152,28046,39719,Eptesicus serotinus,0.008,0.023,-1,Echolocation,/mnt/ubna_data_02_mir/recover-20221013/UBNA_001/20221012_030000.WAV,Telephone Field,recover-20221013,001,1795
1101.0345,1101.0775,68437,83297,Rhinolophus ferrumequinum,0.034,0.034,-1,Echolocation,/mnt/ubna_data_02_mir/recover-20221013/UBNA_001/20221012_030000.WAV,Telephone Field,recover-20221013,001,1795
1101.1025,1101.1419,68437,81982,Rhinolophus ferrumequinum,0.036,0.036,-1,Echolocation,/mnt/ubna_data_02_mir/recover-20221013/UBNA_001/20221012_030000.WAV,Telephone Field,recover-20221013,001,1795
1101.1045,1101.1139,22890,29787,Nyctalus leisleri,0.007,0.022,-1,Echolocation,/mnt/ubna_data_02_mir/recover-20221013/UBNA_001/20221012_030000.WAV,Telephone Field,recover-20221013,001,1795
1101.1285,1101.1368,28906,39157,Eptesicus serotinus,0.007,0.022,-1,Echolocation,/mnt/ubna_data_02_mir/recover-20221013/UBNA_001/20221012_030000.WAV,Telephone Field,recover-20221013,001,1795
1101.1395,1101.1492,25468,32690,Eptesicus serotinus,0.009,0.022,-1,Echolocation,/mnt/ubna_data_02_mir/recover-20221013/UBNA_001/20221012_030000.WAV,Telephone Field,recover-20221013,001,1795
1101.1515,1101.1603,28046,38899,Eptesicus serotinus,0.008,0.021,-1,Echolocation,/mnt/ubna_data_02_mir/recover-20221013/UBNA_001/20221012_030000.WAV,Telephone Field,recover-20221013,001,1795
1101.1625,1101.2005,68437,82164,Rhinolophus ferrumequinum,0.022,0.023,-1,Echolocation,/mnt/ubna_data_02_mir/recover-20221013/UBNA_001/20221012_030000.WAV,Telephone Field,recover-20221013,001,1795
1101.1845,1101.1949,22890,28124,Nyctalus leisleri,0.012,0.025,-1,Echolocation,/mnt/ubna_data_02_mir/recover-20221013/UBNA_001/20221012_030000.WAV,Telephone Field,recover-20221013,001,1795
1101.1905,1101.2307,68437,82717,Rhinolophus ferrumequinum,0.024,0.024,-1,Echolocation,/mnt/ubna_data_02_mir/recover-20221013/UBNA_001/20221012_030000.WAV,Telephone Field,recover-20221013,001,1795
1101.2095,1101.2462,68437,81929,Rhinolophus ferrumequinum,0.021,0.022,-1,Echolocation,/mnt/ubna_data_02_mir/recover-20221013/UBNA_001/20221012_030000.WAV,Telephone Field,recover-20221013,001,1795
1101.2315,1101.2696,68437,82062,Rhinolophus ferrumequinum,0.025,0.025,-1,Echolocation,/mnt/ubna_data_02_mir/recover-20221013/UBNA_001/20221012_030000.WAV,Telephone Field,recover-20221013,001,1795
1101.2435,1101.2541,22890,27877,Nyctalus leisleri,0.01,0.021,-1,Echolocation,/mnt/ubna_data_02_mir/recover-20221013/UBNA_001/20221012_030000.WAV,Telephone Field,recover-20221013,001,1795
1101.2435,1101.2515,48671,57559,Pipistrellus pipistrellus,0.019,0.024,-1,Echolocation,/mnt/ubna_data_02_mir/recover-20221013/UBNA_001/20221012_030000.WAV,Telephone Field,recover-20221013,001,1795
1101.2805,1101.3227,68437,82964,Rhinolophus ferrumequinum,0.024,0.024,-1,Echolocation,/mnt/ubna_data_02_mir/recover-20221013/UBNA_001/20221012_030000.WAV,Telephone Field,recover-20221013,001,1795
1101.3105,1101.3453,68437,81019,Rhinolophus ferrumequinum,0.024,0.024,-1,Echolocation,/mnt/ubna_data_02_mir/recover-20221013/UBNA_001/20221012_030000.WAV,Telephone Field,recover-20221013,001,1795
1101.3415,1101.3839,68437,83157,Rhinolophus ferrumequinum,0.033,0.033,-1,Echolocation,/mnt/ubna_data_02_mir/recover-20221013/UBNA_001/20221012_030000.WAV,Telephone Field,recover-20221013,001,1795
1101.3985,1101.4364,68437,81926,Rhinolophus ferrumequinum,0.023,0.023,-1,Echolocation,/mnt/ubna_data_02_mir/recover-20221013/UBNA_001/20221012_030000.WAV,Telephone Field,recover-20221013,001,1795
1101.4145,1101.4522,68437,82346,Rhinolophus ferrumequinum,0.023,0.023,-1,Echolocation,/mnt/ubna_data_02_mir/recover-20221013/UBNA_001/20221012_030000.WAV,Telephone Field,recover-20221013,001,1795
1101.4335,1101.4725,68437,82858,Rhinolophus ferrumequinum,0.023,0.023,-1,Echolocation,/mnt/ubna_data_02_mir/recover-20221013/UBNA_001/20221012_030000.WAV,Telephone Field,recover-20221013,001,1795
1101.4495,1101.4601,22890,28354,Nyctalus leisleri,0.01,0.024,-1,Echolocation,/mnt/ubna_data_02_mir/recover-20221013/UBNA_001/20221012_030000.WAV,Telephone Field,recover-20221013,001,1795
1101.4535,1101.4891,68437,81201,Rhinolophus ferrumequinum,0.025,0.025,-1,Echolocation,/mnt/ubna_data_02_mir/recover-20221013/UBNA_001/20221012_030000.WAV,Telephone Field,recover-20221013,001,1795
1101.4645,1101.5031,68437,82319,Rhinolophus ferrumequinum,0.023,0.023,-1,Echolocation,/mnt/ubna_data_02_mir/recover-20221013/UBNA_001/20221012_030000.WAV,Telephone Field,recover-20221013,001,1795
1101.5125,1101.5548,68437,83325,Rhinolophus ferrumequinum,0.024,0.024,-1,Echolocation,/mnt/ubna_data_02_mir/recover-20221013/UBNA_001/20221012_030000.WAV,Telephone Field,recover-20221013,001,1795
1101.5545,1101.5949,68437,82237,Rhinolophus ferrumequinum,0.023,0.023,-1,Echolocation,/mnt/ubna_data_02_mir/recover-20221013/UBNA_001/20221012_030000.WAV,Telephone Field,recover-20221013,001,1795
1101.5735,1101.6107,68437,81540,Rhinolophus ferrumequinum,0.022,0.022,-1,Echolocation,/mnt/ubna_data_02_mir/recover-20221013/UBNA_001/20221012_030000.WAV,Telephone Field,recover-20221013,001,1795
1101.6275,1101.6442,16015,20832,Nyctalus noctula,0.015,0.022,-1,Echolocation,/mnt/ubna_data_02_mir/recover-20221013/UBNA_001/20221012_030000.WAV,Telephone Field,recover-20221013,001,1795
1101.6425,1101.6805,68437,81954,Rhinolophus ferrumequinum,0.024,0.024,-1,Echolocation,/mnt/ubna_data_02_mir/recover-20221013/UBNA_001/20221012_030000.WAV,Telephone Field,recover-20221013,001,1795
1101.6565,1101.6898,68437,80491,Rhinolophus ferrumequinum,0.022,0.022,-1,Echolocation,/mnt/ubna_data_02_mir/recover-20221013/UBNA_001/20221012_030000.WAV,Telephone Field,recover-20221013,001,1795
1101.6745,1101.7122,68437,81953,Rhinolophus ferrumequinum,0.022,0.022,-1,Echolocation,/mnt/ubna_data_02_mir/recover-20221013/UBNA_001/20221012_030000.WAV,Telephone Field,recover-20221013,001,1795
1101.7025,1101.7446,68437,82832,Rhinolophus ferrumequinum,0.053,0.053,-1,Echolocation,/mnt/ubna_data_02_mir/recover-20221013/UBNA_001/20221012_030000.WAV,Telephone Field,recover-20221013,001,1795
1101.7075,1101.7147,28906,40906,Eptesicus serotinus,0.007,0.022,-1,Echolocation,/mnt/ubna_data_02_mir/recover-20221013/UBNA_001/20221012_030000.WAV,Telephone Field,recover-20221013,001,1795
1101.7385,1101.7763,68437,81738,Rhinolophus ferrumequinum,0.023,0.023,-1,Echolocation,/mnt/ubna_data_02_mir/recover-20221013/UBNA_001/20221012_030000.WAV,Telephone Field,recover-20221013,001,1795
1101.7635,1101.8047,68437,82631,Rhinolophus ferrumequinum,0.032,0.032,-1,Echolocation,/mnt/ubna_data_02_mir/recover-20221013/UBNA_001/20221012_030000.WAV,Telephone Field,recover-20221013,001,1795
1101.7795,1101.8154,68437,80767,Rhinolophus ferrumequinum,0.023,0.023,-1,Echolocation,/mnt/ubna_data_02_mir/recover-20221013/UBNA_001/20221012_030000.WAV,Telephone Field,recover-20221013,001,1795
1101.8305,1101.8438,28906,34735,Eptesicus serotinus,0.026,0.043,-1,Echolocation,/mnt/ubna_data_02_mir/recover-20221013/UBNA_001/20221012_030000.WAV,Telephone Field,recover-20221013,001,1795
1101.8585,1101.8692,23750,29612,Nyctalus leisleri,0.011,0.025,-1,Echolocation,/mnt/ubna_data_02_mir/recover-20221013/UBNA_001/20221012_030000.WAV,Telephone Field,recover-20221013,001,1795
1101.8625,1101.8708,44375,50426,Pipistrellus pipistrellus,0.021,0.024,-1,Echolocation,/mnt/ubna_data_02_mir/recover-20221013/UBNA_001/20221012_030000.WAV,Telephone Field,recover-20221013,001,1795
1101.8855,1101.9174,68437,80624,Rhinolophus ferrumequinum,0.023,0.023,-1,Echolocation,/mnt/ubna_data_02_mir/recover-20221013/UBNA_001/20221012_030000.WAV,Telephone Field,recover-20221013,001,1795
1101.8965,1101.934,68437,81872,Rhinolophus ferrumequinum,0.021,0.021,-1,Echolocation,/mnt/ubna_data_02_mir/recover-20221013/UBNA_001/20221012_030000.WAV,Telephone Field,recover-20221013,001,1795
1101.8965,1101.907,22031,26421,Nyctalus leisleri,0.012,0.021,-1,Echolocation,/mnt/ubna_data_02_mir/recover-20221013/UBNA_001/20221012_030000.WAV,Telephone Field,recover-20221013,001,1795
1101.9105,1101.9175,26328,39840,Eptesicus serotinus,0.006,0.022,-1,Echolocation,/mnt/ubna_data_02_mir/recover-20221013/UBNA_001/20221012_030000.WAV,Telephone Field,recover-20221013,001,1795
1101.9185,1101.9585,68437,81746,Rhinolophus ferrumequinum,0.036,0.036,-1,Echolocation,/mnt/ubna_data_02_mir/recover-20221013/UBNA_001/20221012_030000.WAV,Telephone Field,recover-20221013,001,1795
1101.9445,1101.959,22890,26665,Nyctalus leisleri,0.017,0.028,-1,Echolocation,/mnt/ubna_data_02_mir/recover-20221013/UBNA_001/20221012_030000.WAV,Telephone Field,recover-20221013,001,1795
1102.0015,1102.0347,68437,79977,Rhinolophus ferrumequinum,0.024,0.024,-1,Echolocation,/mnt/ubna_data_02_mir/recover-20221013/UBNA_001/20221012_030000.WAV,Telephone Field,recover-20221013,001,1795
1102.0015,1102.0109,22031,27843,Nyctalus leisleri,0.012,0.027,-1,Echolocation,/mnt/ubna_data_02_mir/recover-20221013/UBNA_001/20221012_030000.WAV,Telephone Field,recover-20221013,001,1795
1102.0015,1102.0106,26328,35475,Nyctalus leisleri,0.008,0.027,-1,Echolocation,/mnt/ubna_data_02_mir/recover-20221013/UBNA_001/20221012_030000.WAV,Telephone Field,recover-20221013,001,1795
1102.0065,1102.0186,55546,58947,Pipistrellus pygmaeus,0.02,0.022,-1,Echolocation,/mnt/ubna_data_02_mir/recover-20221013/UBNA_001/20221012_030000.WAV,Telephone Field,recover-20221013,001,1795
1102.0095,1102.0545,68437,83142,Rhinolophus ferrumequinum,0.027,0.028,-1,Echolocation,/mnt/ubna_data_02_mir/recover-20221013/UBNA_001/20221012_030000.WAV,Telephone Field,recover-20221013,001,1795
1102.0135,1102.0216,27187,37521,Eptesicus serotinus,0.008,0.022,-1,Echolocation,/mnt/ubna_data_02_mir/recover-20221013/UBNA_001/20221012_030000.WAV,Telephone Field,recover-20221013,001,1795
1102.0135,1102.0239,22031,26250,Nyctalus leisleri,0.013,0.023,-1,Echolocation,/mnt/ubna_data_02_mir/recover-20221013/UBNA_001/20221012_030000.WAV,Telephone Field,recover-20221013,001,1795
1102.0195,1102.0305,39218,42175,Pipistrellus nathusii,0.085,0.11,-1,Echolocation,/mnt/ubna_data_02_mir/recover-20221013/UBNA_001/20221012_030000.WAV,Telephone Field,recover-20221013,001,1795
1102.0775,1102.1166,68437,81937,Rhinolophus ferrumequinum,0.023,0.023,-1,Echolocation,/mnt/ubna_data_02_mir/recover-20221013/UBNA_001/20221012_030000.WAV,Telephone Field,recover-20221013,001,1795
1102.1385,1102.1773,68437,82018,Rhinolophus ferrumequinum,0.022,0.022,-1,Echolocation,/mnt/ubna_data_02_mir/recover-20221013/UBNA_001/20221012_030000.WAV,Telephone Field,recover-20221013,001,1795
1102.1425,1102.1506,23750,32097,Plecotus austriacus,0.009,0.024,-1,Echolocation,/mnt/ubna_data_02_mir/recover-20221013/UBNA_001/20221012_030000.WAV,Telephone Field,recover-20221013,001,1795
1102.1635,1102.2019,68437,82515,Rhinolophus ferrumequinum,0.024,0.024,-1,Echolocation,/mnt/ubna_data_02_mir/recover-20221013/UBNA_001/20221012_030000.WAV,Telephone Field,recover-20221013,001,1795
1102.1705,1102.2062,68437,82423,Rhinolophus ferrumequinum,0.022,0.022,-1,Echolocation,/mnt/ubna_data_02_mir/recover-20221013/UBNA_001/20221012_030000.WAV,Telephone Field,recover-20221013,001,1795
1102.1965,1102.2137,20312,23520,Nyctalus leisleri,0.015,0.025,-1,Echolocation,/mnt/ubna_data_02_mir/recover-20221013/UBNA_001/20221012_030000.WAV,Telephone Field,recover-20221013,001,1795
1102.2145,1102.2219,24609,40056,Myotis nattereri,0.006,0.023,-1,Echolocation,/mnt/ubna_data_02_mir/recover-20221013/UBNA_001/20221012_030000.WAV,Telephone Field,recover-20221013,001,1795
1102.2315,1102.2392,28046,39839,Eptesicus serotinus,0.008,0.023,-1,Echolocation,/mnt/ubna_data_02_mir/recover-20221013/UBNA_001/20221012_030000.WAV,Telephone Field,recover-20221013,001,1795
1102.2615,1102.2715,28046,36736,Eptesicus serotinus,0.013,0.027,-1,Echolocation,/mnt/ubna_data_02_mir/recover-20221013/UBNA_001/20221012_030000.WAV,Telephone Field,recover-20221013,001,1795
1102.2815,1102.3186,68437,81272,Rhinolophus ferrumequinum,0.021,0.021,-1,Echolocation,/mnt/ubna_data_02_mir/recover-20221013/UBNA_001/20221012_030000.WAV,Telephone Field,recover-20221013,001,1795
1102.2895,1102.3257,68437,82079,Rhinolophus ferrumequinum,0.023,0.023,-1,Echolocation,/mnt/ubna_data_02_mir/recover-20221013/UBNA_001/20221012_030000.WAV,Telephone Field,recover-20221013,001,1795
1102.2925,1102.3005,27187,37746,Eptesicus serotinus,0.006,0.022,-1,Echolocation,/mnt/ubna_data_02_mir/recover-20221013/UBNA_001/20221012_030000.WAV,Telephone Field,recover-20221013,001,1795
1102.3345,1102.3721,68437,82247,Rhinolophus ferrumequinum,0.024,0.024,-1,Echolocation,/mnt/ubna_data_02_mir/recover-20221013/UBNA_001/20221012_030000.WAV,Telephone Field,recover-20221013,001,1795
1102.4415,1102.4823,68437,82970,Rhinolophus ferrumequinum,0.027,0.027,-1,Echolocation,/mnt/ubna_data_02_mir/recover-20221013/UBNA_001/20221012_030000.WAV,Telephone Field,recover-20221013,001,1795
1102.4765,1102.485,22890,30556,Plecotus austriacus,0.01,0.025,-1,Echolocation,/mnt/ubna_data_02_mir/recover-20221013/UBNA_001/20221012_030000.WAV,Telephone Field,recover-20221013,001,1795
1102.4945,1102.5362,68437,83219,Rhinolophus ferrumequinum,0.036,0.036,-1,Echolocation,/mnt/ubna_data_02_mir/recover-20221013/UBNA_001/20221012_030000.WAV,Telephone Field,recover-20221013,001,1795
1102.5075,1102.5155,30625,41126,Myotis daubentonii,0.01,0.034,-1,Echolocation,/mnt/ubna_data_02_mir/recover-20221013/UBNA_001/20221012_030000.WAV,Telephone Field,recover-20221013,001,1795
1102.5335,1102.5432,40937,47915,Pipistrellus nathusii,0.01,0.026,-1,Echolocation,/mnt/ubna_data_02_mir/recover-20221013/UBNA_001/20221012_030000.WAV,Telephone Field,recover-20221013,001,1795
1102.5535,1102.5607,23750,33100,Plecotus austriacus,0.009,0.023,-1,Echolocation,/mnt/ubna_data_02_mir/recover-20221013/UBNA_001/20221012_030000.WAV,Telephone Field,recover-20221013,001,1795
1102.5545,1102.5611,28046,37864,Eptesicus serotinus,0.006,0.023,-1,Echolocation,/mnt/ubna_data_02_mir/recover-20221013/UBNA_001/20221012_030000.WAV,Telephone Field,recover-20221013,001,1795
1102.5675,1102.6065,68437,82714,Rhinolophus ferrumequinum,0.028,0.028,-1,Echolocation,/mnt/ubna_data_02_mir/recover-20221013/UBNA_001/20221012_030000.WAV,Telephone Field,recover-20221013,001,1795
1102.5785,1102.6173,68437,81726,Rhinolophus ferrumequinum,0.023,0.023,-1,Echolocation,/mnt/ubna_data_02_mir/recover-20221013/UBNA_001/20221012_030000.WAV,Telephone Field,recover-20221013,001,1795
1102.5955,1102.6025,27187,36972,Eptesicus serotinus,0.008,0.027,-1,Echolocation,/mnt/ubna_data_02_mir/recover-20221013/UBNA_001/20221012_030000.WAV,Telephone Field,recover-20221013,001,1795
1102.6065,1102.6434,68437,81850,Rhinolophus ferrumequinum,0.022,0.022,-1,Echolocation,/mnt/ubna_data_02_mir/recover-20221013/UBNA_001/20221012_030000.WAV,Telephone Field,recover-20221013,001,1795
1102.6155,1102.6227,25468,40380,Eptesicus serotinus,0.006,0.024,-1,Echolocation,/mnt/ubna_data_02_mir/recover-20221013/UBNA_001/20221012_030000.WAV,Telephone Field,recover-20221013,001,1795
1102.6235,1102.6588,68437,81980,Rhinolophus ferrumequinum,0.021,0.021,-1,Echolocation,/mnt/ubna_data_02_mir/recover-20221013/UBNA_001/20221012_030000.WAV,Telephone Field,recover-20221013,001,1795
1102.6315,1102.6696,68437,81830,Rhinolophus ferrumequinum,0.021,0.021,-1,Echolocation,/mnt/ubna_data_02_mir/recover-20221013/UBNA_001/20221012_030000.WAV,Telephone Field,recover-20221013,001,1795
1102.6595,1102.6673,28046,38696,Eptesicus serotinus,0.007,0.023,-1,Echolocation,/mnt/ubna_data_02_mir/recover-20221013/UBNA_001/20221012_030000.WAV,Telephone Field,recover-20221013,001,1795
1102.6835,1102.7235,68437,82586,Rhinolophus ferrumequinum,0.026,0.026,-1,Echolocation,/mnt/ubna_data_02_mir/recover-20221013/UBNA_001/20221012_030000.WAV,Telephone Field,recover-20221013,001,1795
1102.7085,1102.7175,28906,37612,Eptesicus serotinus,0.01,0.024,-1,Echolocation,/mnt/ubna_data_02_mir/recover-20221013/UBNA_001/20221012_030000.WAV,Telephone Field,recover-20221013,001,1795
1102.7965,1102.8321,68437,81267,Rhinolophus ferrumequinum,0.023,0.023,-1,Echolocation,/mnt/ubna_data_02_mir/recover-20221013/UBNA_001/20221012_030000.WAV,Telephone Field,recover-20221013,001,1795
1102.7965,1102.8055,27187,38933,Eptesicus serotinus,0.008,0.023,-1,Echolocation,/mnt/ubna_data_02_mir/recover-20221013/UBNA_001/20221012_030000.WAV,Telephone Field,recover-20221013,001,1795
1102.8265,1102.8366,23750,30534,Nyctalus leisleri,0.008,0.023,-1,Echolocation,/mnt/ubna_data_02_mir/recover-20221013/UBNA_001/20221012_030000.WAV,Telephone Field,recover-20221013,001,1795
1102.8415,1102.8525,28906,37642,Eptesicus serotinus,0.011,0.024,-1,Echolocation,/mnt/ubna_data_02_mir/recover-20221013/UBNA_001/20221012_030000.WAV,Telephone Field,recover-20221013,001,1795
1102.8655,1102.9053,68437,82252,Rhinolophus ferrumequinum,0.023,0.023,-1,Echolocation,/mnt/ubna_data_02_mir/recover-20221013/UBNA_001/20221012_030000.WAV,Telephone Field,recover-20221013,001,1795
1102.8675,1102.8759,32343,44163,Myotis daubentonii,0.007,0.022,-1,Echolocation,/mnt/ubna_data_02_mir/recover-20221013/UBNA_001/20221012_030000.WAV,Telephone Field,recover-20221013,001,1795
1102.8925,1102.8986,30625,57444,Myotis daubentonii,0.01,0.022,-1,Echolocation,/mnt/ubna_data_02_mir/recover-20221013/UBNA_001/20221012_030000.WAV,Telephone Field,recover-20221013,001,1795
1102.9525,1102.9934,68437,82937,Rhinolophus ferrumequinum,0.025,0.025,-1,Echolocation,/mnt/ubna_data_02_mir/recover-20221013/UBNA_001/20221012_030000.WAV,Telephone Field,recover-20221013,001,1795
1102.9625,1102.9689,23750,33643,Plecotus austriacus,0.012,0.027,-1,Echolocation,/mnt/ubna_data_02_mir/recover-20221013/UBNA_001/20221012_030000.WAV,Telephone Field,recover-20221013,001,1795
1102.9625,1102.9707,28906,38750,Eptesicus serotinus,0.008,0.027,-1,Echolocation,/mnt/ubna_data_02_mir/recover-20221013/UBNA_001/20221012_030000.WAV,Telephone Field,recover-20221013,001,1795
1103.0055,1103.0153,28046,36718,Eptesicus serotinus,0.013,0.028,-1,Echolocation,/mnt/ubna_data_02_mir/recover-20221013/UBNA_001/20221012_030000.WAV,Telephone Field,recover-20221013,001,1795
1103.0175,1103.0283,22890,28860,Nyctalus leisleri,0.009,0.023,-1,Echolocation,/mnt/ubna_data_02_mir/recover-20221013/UBNA_001/20221012_030000.WAV,Telephone Field,recover-20221013,001,1795
1103.0335,1103.0415,27187,37797,Eptesicus serotinus,0.007,0.022,-1,Echolocation,/mnt/ubna_data_02_mir/recover-20221013/UBNA_001/20221012_030000.WAV,Telephone Field,recover-20221013,001,1795
1103.0485,1103.0837,68437,81029,Rhinolophus ferrumequinum,0.024,0.024,-1,Echolocation,/mnt/ubna_data_02_mir/recover-20221013/UBNA_001/20221012_030000.WAV,Telephone Field,recover-20221013,001,1795
1103.0845,1103.1263,68437,82995,Rhinolophus ferrumequinum,0.028,0.028,-1,Echolocation,/mnt/ubna_data_02_mir/recover-20221013/UBNA_001/20221012_030000.WAV,Telephone Field,recover-20221013,001,1795
1103.1295,1103.1401,28046,35563,Eptesicus serotinus,0.011,0.025,-1,Echolocation,/mnt/ubna_data_02_mir/recover-20221013/UBNA_001/20221012_030000.WAV,Telephone Field,recover-20221013,001,1795
1103.1415,1103.1551,21171,24829,Nyctalus leisleri,0.016,0.027,-1,Echolocation,/mnt/ubna_data_02_mir/recover-20221013/UBNA_001/20221012_030000.WAV,Telephone Field,recover-20221013,001,1795
1103.1455,1103.1861,68437,82886,Rhinolophus ferrumequinum,0.022,0.022,-1,Echolocation,/mnt/ubna_data_02_mir/recover-20221013/UBNA_001/20221012_030000.WAV,Telephone Field,recover-20221013,001,1795
1103.1685,1103.1796,28046,34372,Eptesicus serotinus,0.009,0.023,-1,Echolocation,/mnt/ubna_data_02_mir/recover-20221013/UBNA_001/20221012_030000.WAV,Telephone Field,recover-20221013,001,1795
1103.1935,1103.232,68437,81771,Rhinolophus ferrumequinum,0.021,0.021,-1,Echolocation,/mnt/ubna_data_02_mir/recover-20221013/UBNA_001/20221012_030000.WAV,Telephone Field,recover-20221013,001,1795
1103.2125,1103.2188,37500,48364,Myotis daubentonii,0.008,0.021,-1,Echolocation,/mnt/ubna_data_02_mir/recover-20221013/UBNA_001/20221012_030000.WAV,Telephone Field,recover-20221013,001,1795
1103.2155,1103.2222,32343,45036,Myotis daubentonii,0.01,0.024,-1,Echolocation,/mnt/ubna_data_02_mir/recover-20221013/UBNA_001/20221012_030000.WAV,Telephone Field,recover-20221013,001,1795
1103.2155,1103.2232,26328,40537,Eptesicus serotinus,0.008,0.023,-1,Echolocation,/mnt/ubna_data_02_mir/recover-20221013/UBNA_001/20221012_030000.WAV,Telephone Field,recover-20221013,001,1795
1103.2615,1103.2702,25468,33914,Eptesicus serotinus,0.008,0.022,-1,Echolocation,/mnt/ubna_data_02_mir/recover-20221013/UBNA_001/20221012_030000.WAV,Telephone Field,recover-20221013,001,1795
1103.2715,1103.3105,68437,82084,Rhinolophus ferrumequinum,0.023,0.023,-1,Echolocation,/mnt/ubna_data_02_mir/recover-20221013/UBNA_001/20221012_030000.WAV,Telephone Field,recover-20221013,001,1795
1103.2995,1103.3414,68437,83516,Rhinolophus ferrumequinum,0.024,0.024,-1,Echolocation,/mnt/ubna_data_02_mir/recover-20221013/UBNA_001/20221012_030000.WAV,Telephone Field,recover-20221013,001,1795
1103.3215,1103.3641,68437,82612,Rhinolophus ferrumequinum,0.043,0.043,-1,Echolocation,/mnt/ubna_data_02_mir/recover-20221013/UBNA_001/20221012_030000.WAV,Telephone Field,recover-20221013,001,1795
1103.3245,1103.3313,37500,48101,Myotis daubentonii,0.032,0.071,-1,Echolocation,/mnt/ubna_data_02_mir/recover-20221013/UBNA_001/20221012_030000.WAV,Telephone Field,recover-20221013,001,1795
1103.3265,1103.3334,26328,40916,Eptesicus serotinus,0.007,0.03,-1,Echolocation,/mnt/ubna_data_02_mir/recover-20221013/UBNA_001/20221012_030000.WAV,Telephone Field,recover-20221013,001,1795
1103.3545,1103.3635,51250,55800,Pipistrellus pipistrellus,0.035,0.042,-1,Echolocation,/mnt/ubna_data_02_mir/recover-20221013/UBNA_001/20221012_030000.WAV,Telephone Field,recover-20221013,001,1795
1103.3745,1103.4157,68437,82540,Rhinolophus ferrumequinum,0.023,0.023,-1,Echolocation,/mnt/ubna_data_02_mir/recover-20221013/UBNA_001/20221012_030000.WAV,Telephone Field,recover-20221013,001,1795
1103.3935,1103.4006,28046,39404,Eptesicus serotinus,0.008,0.029,-1,Echolocation,/mnt/ubna_data_02_mir/recover-20221013/UBNA_001/20221012_030000.WAV,Telephone Field,recover-20221013,001,1795
1103.3985,1103.4117,22890,27300,Nyctalus leisleri,0.016,0.029,-1,Echolocation,/mnt/ubna_data_02_mir/recover-20221013/UBNA_001/20221012_030000.WAV,Telephone Field,recover-20221013,001,1795
1103.4145,1103.4525,68437,82352,Rhinolophus ferrumequinum,0.024,0.024,-1,Echolocation,/mnt/ubna_data_02_mir/recover-20221013/UBNA_001/20221012_030000.WAV,Telephone Field,recover-20221013,001,1795
1103.4755,1103.4821,46953,54638,Pipistrellus pipistrellus,0.021,0.023,-1,Echolocation,/mnt/ubna_data_02_mir/recover-20221013/UBNA_001/20221012_030000.WAV,Telephone Field,recover-20221013,001,1795
1103.4835,1103.4925,49531,54209,Pipistrellus pipistrellus,0.018,0.022,-1,Echolocation,/mnt/ubna_data_02_mir/recover-20221013/UBNA_001/20221012_030000.WAV,Telephone Field,recover-20221013,001,1795
1103.5005,1103.5107,28046,36010,Eptesicus serotinus,0.01,0.024,-1,Echolocation,/mnt/ubna_data_02_mir/recover-20221013/UBNA_001/20221012_030000.WAV,Telephone Field,recover-20221013,001,1795
1103.5265,1103.5348,30625,48207,Myotis daubentonii,0.009,0.021,-1,Echolocation,/mnt/ubna_data_02_mir/recover-20221013/UBNA_001/20221012_030000.WAV,Telephone Field,recover-20221013,001,1795
1103.5525,1103.5956,68437,82889,Rhinolophus ferrumequinum,0.035,0.035,-1,Echolocation,/mnt/ubna_data_02_mir/recover-20221013/UBNA_001/20221012_030000.WAV,Telephone Field,recover-20221013,001,1795
1103.5755,1103.6147,68437,82640,Rhinolophus ferrumequinum,0.034,0.034,-1,Echolocation,/mnt/ubna_data_02_mir/recover-20221013/UBNA_001/20221012_030000.WAV,Telephone Field,recover-20221013,001,1795
1103.6895,1103.6997,24609,30916,Nyctalus leisleri,0.008,0.021,-1,Echolocation,/mnt/ubna_data_02_mir/recover-20221013/UBNA_001/20221012_030000.WAV,Telephone Field,recover-20221013,001,1795
1103.6915,1103.7302,68437,82376,Rhinolophus ferrumequinum,0.026,0.026,-1,Echolocation,/mnt/ubna_data_02_mir/recover-20221013/UBNA_001/20221012_030000.WAV,Telephone Field,recover-20221013,001,1795
1103.7375,1103.7761,68437,81726,Rhinolophus ferrumequinum,0.022,0.022,-1,Echolocation,/mnt/ubna_data_02_mir/recover-20221013/UBNA_001/20221012_030000.WAV,Telephone Field,recover-20221013,001,1795
1103.7395,1103.7486,26328,36215,Eptesicus serotinus,0.008,0.021,-1,Echolocation,/mnt/ubna_data_02_mir/recover-20221013/UBNA_001/20221012_030000.WAV,Telephone Field,recover-20221013,001,1795
1103.7625,1103.8041,68437,82683,Rhinolophus ferrumequinum,0.022,0.022,-1,Echolocation,/mnt/ubna_data_02_mir/recover-20221013/UBNA_001/20221012_030000.WAV,Telephone Field,recover-20221013,001,1795
1103.7825,1103.789,28046,38877,Eptesicus serotinus,0.014,0.046,-1,Echolocation,/mnt/ubna_data_02_mir/recover-20221013/UBNA_001/20221012_030000.WAV,Telephone Field,recover-20221013,001,1795
1103.7915,1103.8314,68437,82548,Rhinolophus ferrumequinum,0.024,0.024,-1,Echolocation,/mnt/ubna_data_02_mir/recover-20221013/UBNA_001/20221012_030000.WAV,Telephone Field,recover-20221013,001,1795
1103.8185,1103.8576,68437,82039,Rhinolophus ferrumequinum,0.023,0.023,-1,Echolocation,/mnt/ubna_data_02_mir/recover-20221013/UBNA_001/20221012_030000.WAV,Telephone Field,recover-20221013,001,1795
1103.8275,1103.8346,26328,40732,Eptesicus serotinus,0.008,0.028,-1,Echolocation,/mnt/ubna_data_02_mir/recover-20221013/UBNA_001/20221012_030000.WAV,Telephone Field,recover-20221013,001,1795
1103.8385,1103.8748,68437,81903,Rhinolophus ferrumequinum,0.022,0.022,-1,Echolocation,/mnt/ubna_data_02_mir/recover-20221013/UBNA_001/20221012_030000.WAV,Telephone Field,recover-20221013,001,1795
1103.8405,1103.8506,27187,36387,Eptesicus serotinus,0.037,0.061,-1,Echolocation,/mnt/ubna_data_02_mir/recover-20221013/UBNA_001/20221012_030000.WAV,Telephone Field,recover-20221013,001,1795
1103.8505,1103.8691,19453,22390,Nyctalus leisleri,0.016,0.033,-1,Echolocation,/mnt/ubna_data_02_mir/recover-20221013/UBNA_001/20221012_030000.WAV,Telephone Field,recover-20221013,001,1795
1103.8985,1103.9062,26328,36539,Eptesicus serotinus,0.007,0.024,-1,Echolocation,/mnt/ubna_data_02_mir/recover-20221013/UBNA_001/20221012_030000.WAV,Telephone Field,recover-20221013,001,1795
1103.9105,1103.9201,28046,36155,Eptesicus serotinus,0.012,0.027,-1,Echolocation,/mnt/ubna_data_02_mir/recover-20221013/UBNA_001/20221012_030000.WAV,Telephone Field,recover-20221013,001,1795
1103.9365,1103.9712,68437,80489,Rhinolophus ferrumequinum,0.023,0.023,-1,Echolocation,/mnt/ubna_data_02_mir/recover-20221013/UBNA_001/20221012_030000.WAV,Telephone Field,recover-20221013,001,1795
1103.9465,1103.9524,49531,54190,Pipistrellus pipistrellus,0.027,0.03,-1,Echolocation,/mnt/ubna_data_02_mir/recover-20221013/UBNA_001/20221012_030000.WAV,Telephone Field,recover-20221013,001,1795
1104.0015,1104.0106,22890,31245,Nyctalus leisleri,0.01,0.028,-1,Echolocation,/mnt/ubna_data_02_mir/recover-20221013/UBNA_001/20221012_030000.WAV,Telephone Field,recover-20221013,001,1795
1104.0015,1104.0332,69296,81424,Rhinolophus ferrumequinum,0.029,0.029,-1,Echolocation,/mnt/ubna_data_02_mir/recover-20221013/UBNA_001/20221012_030000.WAV,Telephone Field,recover-20221013,001,1795
1104.0085,1104.0459,68437,81126,Rhinolophus ferrumequinum,0.022,0.022,-1,Echolocation,/mnt/ubna_data_02_mir/recover-20221013/UBNA_001/20221012_030000.WAV,Telephone Field,recover-20221013,001,1795
1104.0125,1104.0207,28046,39312,Eptesicus serotinus,0.008,0.022,-1,Echolocation,/mnt/ubna_data_02_mir/recover-20221013/UBNA_001/20221012_030000.WAV,Telephone Field,recover-20221013,001,1795
1104.0225,1104.0306,26328,35803,Eptesicus serotinus,0.008,0.024,-1,Echolocation,/mnt/ubna_data_02_mir/recover-20221013/UBNA_001/20221012_030000.WAV,Telephone Field,recover-20221013,001,1795
1104.0735,1104.0839,26328,34352,Eptesicus serotinus,0.01,0.023,-1,Echolocation,/mnt/ubna_data_02_mir/recover-20221013/UBNA_001/20221012_030000.WAV,Telephone Field,recover-20221013,001,1795
1104.0755,1104.114,68437,82144,Rhinolophus ferrumequinum,0.026,0.026,-1,Echolocation,/mnt/ubna_data_02_mir/recover-20221013/UBNA_001/20221012_030000.WAV,Telephone Field,recover-20221013,001,1795
1104.1285,1104.1403,22890,27923,Nyctalus leisleri,0.011,0.022,-1,Echolocation,/mnt/ubna_data_02_mir/recover-20221013/UBNA_001/20221012_030000.WAV,Telephone Field,recover-20221013,001,1795
1104.1655,1104.1764,28906,35815,Eptesicus serotinus,0.011,0.023,-1,Echolocation,/mnt/ubna_data_02_mir/recover-20221013/UBNA_001/20221012_030000.WAV,Telephone Field,recover-20221013,001,1795
1104.1965,1104.2363,68437,82050,Rhinolophus ferrumequinum,0.022,0.022,-1,Echolocation,/mnt/ubna_data_02_mir/recover-20221013/UBNA_001/20221012_030000.WAV,Telephone Field,recover-20221013,001,1795
1104.2145,1104.2537,68437,82533,Rhinolophus ferrumequinum,0.027,0.027,-1,Echolocation,/mnt/ubna_data_02_mir/recover-20221013/UBNA_001/20221012_030000.WAV,Telephone Field,recover-20221013,001,1795
1104.2265,1104.2367,28046,36509,Eptesicus serotinus,0.01,0.022,-1,Echolocation,/mnt/ubna_data_02_mir/recover-20221013/UBNA_001/20221012_030000.WAV,Telephone Field,recover-20221013,001,1795
1104.2435,1104.2503,28046,40541,Eptesicus serotinus,0.006,0.022,-1,Echolocation,/mnt/ubna_data_02_mir/recover-20221013/UBNA_001/20221012_030000.WAV,Telephone Field,recover-20221013,001,1795
1104.2545,1104.2653,23750,29356,Nyctalus leisleri,0.009,0.022,-1,Echolocation,/mnt/ubna_data_02_mir/recover-20221013/UBNA_001/20221012_030000.WAV,Telephone Field,recover-20221013,001,1795
1104.2705,1104.3095,68437,82580,Rhinolophus ferrumequinum,0.024,0.024,-1,Echolocation,/mnt/ubna_data_02_mir/recover-20221013/UBNA_001/20221012_030000.WAV,Telephone Field,recover-20221013,001,1795
1104.2955,1104.3355,68437,82385,Rhinolophus ferrumequinum,0.026,0.026,-1,Echolocation,/mnt/ubna_data_02_mir/recover-20221013/UBNA_001/20221012_030000.WAV,Telephone Field,recover-20221013,001,1795
1104.2995,1104.3072,28046,37233,Eptesicus serotinus,0.009,0.023,-1,Echolocation,/mnt/ubna_data_02_mir/recover-20221013/UBNA_001/20221012_030000.WAV,Telephone Field,recover-20221013,001,1795
1104.3525,1104.3628,24609,31083,Nyctalus leisleri,0.008,0.024,-1,Echolocation,/mnt/ubna_data_02_mir/recover-20221013/UBNA_001/20221012_030000.WAV,Telephone Field,recover-20221013,001,1795
1104.3775,1104.3888,29765,37531,Eptesicus serotinus,0.015,0.032,-1,Echolocation,/mnt/ubna_data_02_mir/recover-20221013/UBNA_001/20221012_030000.WAV,Telephone Field,recover-20221013,001,1795
1104.3935,1104.4332,68437,82268,Rhinolophus ferrumequinum,0.024,0.024,-1,Echolocation,/mnt/ubna_data_02_mir/recover-20221013/UBNA_001/20221012_030000.WAV,Telephone Field,recover-20221013,001,1795
1104.3945,1104.4052,22890,27903,Nyctalus leisleri,0.011,0.022,-1,Echolocation,/mnt/ubna_data_02_mir/recover-20221013/UBNA_001/20221012_030000.WAV,Telephone Field,recover-20221013,001,1795
1104.4115,1104.4549,68437,83129,Rhinolophus ferrumequinum,0.028,0.028,-1,Echolocation,/mnt/ubna_data_02_mir/recover-20221013/UBNA_001/20221012_030000.WAV,Telephone Field,recover-20221013,001,1795
1104.4875,1104.5263,68437,82257,Rhinolophus ferrumequinum,0.026,0.026,-1,Echolocation,/mnt/ubna_data_02_mir/recover-20221013/UBNA_001/20221012_030000.WAV,Telephone Field,recover-20221013,001,1795
1104.4975,1104.5061,28906,40361,Eptesicus serotinus,0.008,0.022,-1,Echolocation,/mnt/ubna_data_02_mir/recover-20221013/UBNA_001/20221012_030000.WAV,Telephone Field,recover-20221013,001,1795
1104.5825,1104.594,23750,29439,Nyctalus leisleri,0.01,0.022,-1,Echolocation,/mnt/ubna_data_02_mir/recover-20221013/UBNA_001/20221012_030000.WAV,Telephone Field,recover-20221013,001,1795
1104.6045,1104.6458,68437,82830,Rhinolophus ferrumequinum,0.023,0.023,-1,Echolocation,/mnt/ubna_data_02_mir/recover-20221013/UBNA_001/20221012_030000.WAV,Telephone Field,recover-20221013,001,1795
1104.6385,1104.6733,68437,81076,Rhinolophus ferrumequinum,0.022,0.022,-1,Echolocation,/mnt/ubna_data_02_mir/recover-20221013/UBNA_001/20221012_030000.WAV,Telephone Field,recover-20221013,001,1795
1104.6655,1104.7084,68437,82906,Rhinolophus ferrumequinum,0.03,0.03,-1,Echolocation,/mnt/ubna_data_02_mir/recover-20221013/UBNA_001/20221012_030000.WAV,Telephone Field,recover-20221013,001,1795
1104.7055,1104.7474,68437,82937,Rhinolophus ferrumequinum,0.034,0.034,-1,Echolocation,/mnt/ubna_data_02_mir/recover-20221013/UBNA_001/20221012_030000.WAV,Telephone Field,recover-20221013,001,1795
1104.7075,1104.7213,43515,46651,Pipistrellus pipistrellus,0.039,0.046,-1,Echolocation,/mnt/ubna_data_02_mir/recover-20221013/UBNA_001/20221012_030000.WAV,Telephone Field,recover-20221013,001,1795
1104.7225,1104.7405,16015,20795,Nyctalus noctula,0.021,0.029,-1,Echolocation,/mnt/ubna_data_02_mir/recover-20221013/UBNA_001/20221012_030000.WAV,Telephone Field,recover-20221013,001,1795
1104.7755,1104.8107,68437,81606,Rhinolophus ferrumequinum,0.023,0.023,-1,Echolocation,/mnt/ubna_data_02_mir/recover-20221013/UBNA_001/20221012_030000.WAV,Telephone Field,recover-20221013,001,1795
1104.7785,1104.7891,23750,31099,Nyctalus leisleri,0.009,0.026,-1,Echolocation,/mnt/ubna_data_02_mir/recover-20221013/UBNA_001/20221012_030000.WAV,Telephone Field,recover-20221013,001,1795
1104.8015,1104.8105,24609,32707,Nyctalus leisleri,0.009,0.033,-1,Echolocation,/mnt/ubna_data_02_mir/recover-20221013/UBNA_001/20221012_030000.WAV,Telephone Field,recover-20221013,001,1795
1104.8425,1104.8796,68437,82040,Rhinolophus ferrumequinum,0.022,0.022,-1,Echolocation,/mnt/ubna_data_02_mir/recover-20221013/UBNA_001/20221012_030000.WAV,Telephone Field,recover-20221013,001,1795
1104.8445,1104.853,27187,41071,Eptesicus serotinus,0.008,0.022,-1,Echolocation,/mnt/ubna_data_02_mir/recover-20221013/UBNA_001/20221012_030000.WAV,Telephone Field,recover-20221013,001,1795
1104.8685,1104.9069,68437,81489,Rhinolophus ferrumequinum,0.07,0.07,-1,Echolocation,/mnt/ubna_data_02_mir/recover-20221013/UBNA_001/20221012_030000.WAV,Telephone Field,recover-20221013,001,1795
1104.9925,1105.0306,68437,82695,Rhinolophus ferrumequinum,0.022,0.022,-1,Echolocation,/mnt/ubna_data_02_mir/recover-20221013/UBNA_001/20221012_030000.WAV,Telephone Field,recover-20221013,001,1795
1105.0455,1105.0835,68437,82188,Rhinolophus ferrumequinum,0.023,0.023,-1,Echolocation,/mnt/ubna_data_02_mir/recover-20221013/UBNA_001/20221012_030000.WAV,Telephone Field,recover-20221013,001,1795
1105.0645,1105.1032,68437,82264,Rhinolophus ferrumequinum,0.022,0.022,-1,Echolocation,/mnt/ubna_data_02_mir/recover-20221013/UBNA_001/20221012_030000.WAV,Telephone Field,recover-20221013,001,1795
1105.0775,1105.1169,68437,82832,Rhinolophus ferrumequinum,0.026,0.026,-1,Echolocation,/mnt/ubna_data_02_mir/recover-20221013/UBNA_001/20221012_030000.WAV,Telephone Field,recover-20221013,001,1795
1105.0965,1105.1032,23750,33503,Plecotus austriacus,0.016,0.032,-1,Echolocation,/mnt/ubna_data_02_mir/recover-20221013/UBNA_001/20221012_030000.WAV,Telephone Field,recover-20221013,001,1795
1105.1345,1105.1741,68437,82868,Rhinolophus ferrumequinum,0.024,0.024,-1,Echolocation,/mnt/ubna_data_02_mir/recover-20221013/UBNA_001/20221012_030000.WAV,Telephone Field,recover-20221013,001,1795
1105.1505,1105.1626,37500,42769,Pipistrellus nathusii,0.035,0.055,-1,Echolocation,/mnt/ubna_data_02_mir/recover-20221013/UBNA_001/20221012_030000.WAV,Telephone Field,recover-20221013,001,1795
1105.1515,1105.1595,23750,33436,Plecotus austriacus,0.01,0.025,-1,Echolocation,/mnt/ubna_data_02_mir/recover-20221013/UBNA_001/20221012_030000.WAV,Telephone Field,recover-20221013,001,1795
1105.1585,1105.1707,22031,26477,Nyctalus leisleri,0.015,0.027,-1,Echolocation,/mnt/ubna_data_02_mir/recover-20221013/UBNA_001/20221012_030000.WAV,Telephone Field,recover-20221013,001,1795
1105.1885,1105.2294,68437,82577,Rhinolophus ferrumequinum,0.022,0.022,-1,Echolocation,/mnt/ubna_data_02_mir/recover-20221013/UBNA_001/20221012_030000.WAV,Telephone Field,recover-20221013,001,1795
1105.1925,1105.1997,25468,35260,Plecotus austriacus,0.007,0.024,-1,Echolocation,/mnt/ubna_data_02_mir/recover-20221013/UBNA_001/20221012_030000.WAV,Telephone Field,recover-20221013,001,1795
1105.2145,1105.2577,68437,83607,Rhinolophus ferrumequinum,0.037,0.037,-1,Echolocation,/mnt/ubna_data_02_mir/recover-20221013/UBNA_001/20221012_030000.WAV,Telephone Field,recover-20221013,001,1795
1105.2225,1105.2295,28046,40765,Eptesicus serotinus,0.007,0.023,-1,Echolocation,/mnt/ubna_data_02_mir/recover-20221013/UBNA_001/20221012_030000.WAV,Telephone Field,recover-20221013,001,1795
1105.2525,1105.2592,27187,37705,Eptesicus serotinus,0.007,0.022,-1,Echolocation,/mnt/ubna_data_02_mir/recover-20221013/UBNA_001/20221012_030000.WAV,Telephone Field,recover-20221013,001,1795
1105.3005,1105.3418,68437,82923,Rhinolophus ferrumequinum,0.024,0.024,-1,Echolocation,/mnt/ubna_data_02_mir/recover-20221013/UBNA_001/20221012_030000.WAV,Telephone Field,recover-20221013,001,1795
1105.3295,1105.339,28046,37653,Eptesicus serotinus,0.01,0.023,-1,Echolocation,/mnt/ubna_data_02_mir/recover-20221013/UBNA_001/20221012_030000.WAV,Telephone Field,recover-20221013,001,1795
1105.3455,1105.3879,68437,83377,Rhinolophus ferrumequinum,0.026,0.026,-1,Echolocation,/mnt/ubna_data_02_mir/recover-20221013/UBNA_001/20221012_030000.WAV,Telephone Field,recover-20221013,001,1795
1105.3735,1105.412,68437,81962,Rhinolophus ferrumequinum,0.025,0.025,-1,Echolocation,/mnt/ubna_data_02_mir/recover-20221013/UBNA_001/20221012_030000.WAV,Telephone Field,recover-20221013,001,1795
1105.4035,1105.4466,68437,82802,Rhinolophus ferrumequinum,0.034,0.034,-1,Echolocation,/mnt/ubna_data_02_mir/recover-20221013/UBNA_001/20221012_030000.WAV,Telephone Field,recover-20221013,001,1795
1105.4055,1105.4165,28906,35889,Eptesicus serotinus,0.012,0.026,-1,Echolocation,/mnt/ubna_data_02_mir/recover-20221013/UBNA_001/20221012_030000.WAV,Telephone Field,recover-20221013,001,1795
1105.4455,1105.4558,30625,38824,Eptesicus serotinus,0.01,0.027,-1,Echolocation,/mnt/ubna_data_02_mir/recover-20221013/UBNA_001/20221012_030000.WAV,Telephone Field,recover-20221013,001,1795
1105.4845,1105.4931,26328,35007,Eptesicus serotinus,0.011,0.026,-1,Echolocation,/mnt/ubna_data_02_mir/recover-20221013/UBNA_001/20221012_030000.WAV,Telephone Field,recover-20221013,001,1795
1105.5265,1105.5659,68437,81979,Rhinolophus ferrumequinum,0.022,0.022,-1,Echolocation,/mnt/ubna_data_02_mir/recover-20221013/UBNA_001/20221012_030000.WAV,Telephone Field,recover-20221013,001,1795
1105.5315,1105.5704,68437,82585,Rhinolophus ferrumequinum,0.022,0.022,-1,Echolocation,/mnt/ubna_data_02_mir/recover-20221013/UBNA_001/20221012_030000.WAV,Telephone Field,recover-20221013,001,1795
1105.5905,1105.5976,28046,42019,Eptesicus serotinus,0.006,0.022,-1,Echolocation,/mnt/ubna_data_02_mir/recover-20221013/UBNA_001/20221012_030000.WAV,Telephone Field,recover-20221013,001,1795
1105.6345,1105.6438,25468,32663,Eptesicus serotinus,0.009,0.025,-1,Echolocation,/mnt/ubna_data_02_mir/recover-20221013/UBNA_001/20221012_030000.WAV,Telephone Field,recover-20221013,001,1795
1105.6445,1105.6527,44375,48209,Pipistrellus pipistrellus,0.027,0.028,-1,Echolocation,/mnt/ubna_data_02_mir/recover-20221013/UBNA_001/20221012_030000.WAV,Telephone Field,recover-20221013,001,1795
1105.6725,1105.6882,15156,20644,Nyctalus noctula,0.021,0.029,-1,Echolocation,/mnt/ubna_data_02_mir/recover-20221013/UBNA_001/20221012_030000.WAV,Telephone Field,recover-20221013,001,1795
1105.6905,1105.7091,19453,23431,Nyctalus noctula,0.018,0.032,-1,Echolocation,/mnt/ubna_data_02_mir/recover-20221013/UBNA_001/20221012_030000.WAV,Telephone Field,recover-20221013,001,1795
1105.6915,1105.6991,28046,41508,Eptesicus serotinus,0.009,0.029,-1,Echolocation,/mnt/ubna_data_02_mir/recover-20221013/UBNA_001/20221012_030000.WAV,Telephone Field,recover-20221013,001,1795
1105.7105,1105.7523,68437,82842,Rhinolophus ferrumequinum,0.053,0.053,-1,Echolocation,/mnt/ubna_data_02_mir/recover-20221013/UBNA_001/20221012_030000.WAV,Telephone Field,recover-20221013,001,1795
1105.7325,1105.7708,68437,82461,Rhinolophus ferrumequinum,0.023,0.024,-1,Echolocation,/mnt/ubna_data_02_mir/recover-20221013/UBNA_001/20221012_030000.WAV,Telephone Field,recover-20221013,001,1795
1105.7405,1105.7472,28046,41947,Eptesicus serotinus,0.006,0.023,-1,Echolocation,/mnt/ubna_data_02_mir/recover-20221013/UBNA_001/20221012_030000.WAV,Telephone Field,recover-20221013,001,1795
1105.7545,1105.7906,68437,81738,Rhinolophus ferrumequinum,0.028,0.029,-1,Echolocation,/mnt/ubna_data_02_mir/recover-20221013/UBNA_001/20221012_030000.WAV,Telephone Field,recover-20221013,001,1795
1105.7545,1105.7651,22890,27467,Nyctalus leisleri,0.012,0.023,-1,Echolocation,/mnt/ubna_data_02_mir/recover-20221013/UBNA_001/20221012_030000.WAV,Telephone Field,recover-20221013,001,1795
1105.7735,1105.8123,68437,81955,Rhinolophus ferrumequinum,0.024,0.024,-1,Echolocation,/mnt/ubna_data_02_mir/recover-20221013/UBNA_001/20221012_030000.WAV,Telephone Field,recover-20221013,001,1795
1105.8355,1105.872,68437,82263,Rhinolophus ferrumequinum,0.022,0.022,-1,Echolocation,/mnt/ubna_data_02_mir/recover-20221013/UBNA_001/20221012_030000.WAV,Telephone Field,recover-20221013,001,1795
1105.8445,1105.8821,68437,82083,Rhinolophus ferrumequinum,0.022,0.022,-1,Echolocation,/mnt/ubna_data_02_mir/recover-20221013/UBNA_001/20221012_030000.WAV,Telephone Field,recover-20221013,001,1795
1105.9015,1105.9102,25468,33506,Eptesicus serotinus,0.008,0.022,-1,Echolocation,/mnt/ubna_data_02_mir/recover-20221013/UBNA_001/20221012_030000.WAV,Telephone Field,recover-20221013,001,1795
1105.9165,1105.9525,68437,82086,Rhinolophus ferrumequinum,0.022,0.022,-1,Echolocation,/mnt/ubna_data_02_mir/recover-20221013/UBNA_001/20221012_030000.WAV,Telephone Field,recover-20221013,001,1795
1106.0015,1106.0135,21171,26313,Nyctalus leisleri,0.017,0.038,-1,Echolocation,/mnt/ubna_data_02_mir/recover-20221013/UBNA_001/20221012_030000.WAV,Telephone Field,recover-20221013,001,1795
1106.0015,1106.036,69296,81658,Rhinolophus ferrumequinum,0.035,0.035,-1,Echolocation,/mnt/ubna_data_02_mir/recover-20221013/UBNA_001/20221012_030000.WAV,Telephone Field,recover-20221013,001,1795
1106.0015,1106.0075,48671,56300,Pipistrellus pipistrellus,0.015,0.021,-1,Echolocation,/mnt/ubna_data_02_mir/recover-20221013/UBNA_001/20221012_030000.WAV,Telephone Field,recover-20221013,001,1795
1106.0015,1106.0093,37500,47273,Myotis daubentonii,0.006,0.021,-1,Echolocation,/mnt/ubna_data_02_mir/recover-20221013/UBNA_001/20221012_030000.WAV,Telephone Field,recover-20221013,001,1795
1106.0085,1106.0507,68437,82166,Rhinolophus ferrumequinum,0.029,0.029,-1,Echolocation,/mnt/ubna_data_02_mir/recover-20221013/UBNA_001/20221012_030000.WAV,Telephone Field,recover-20221013,001,1795
1106.0115,1106.0299,19453,22246,Nyctalus leisleri,0.013,0.023,-1,Echolocation,/mnt/ubna_data_02_mir/recover-20221013/UBNA_001/20221012_030000.WAV,Telephone Field,recover-20221013,001,1795
1106.0455,1106.0814,68437,81414,Rhinolophus ferrumequinum,0.022,0.022,-1,Echolocation,/mnt/ubna_data_02_mir/recover-20221013/UBNA_001/20221012_030000.WAV,Telephone Field,recover-20221013,001,1795
1106.0705,1106.1056,68437,81821,Rhinolophus ferrumequinum,0.021,0.021,-1,Echolocation,/mnt/ubna_data_02_mir/recover-20221013/UBNA_001/20221012_030000.WAV,Telephone Field,recover-20221013,001,1795
1106.0795,1106.1131,68437,80322,Rhinolophus ferrumequinum,0.024,0.024,-1,Echolocation,/mnt/ubna_data_02_mir/recover-20221013/UBNA_001/20221012_030000.WAV,Telephone Field,recover-20221013,001,1795
1106.0865,1106.0969,23750,30557,Nyctalus leisleri,0.01,0.027,-1,Echolocation,/mnt/ubna_data_02_mir/recover-20221013/UBNA_001/20221012_030000.WAV,Telephone Field,recover-20221013,001,1795
1106.1145,1106.1248,24609,31547,Nyctalus leisleri,0.011,0.033,-1,Echolocation,/mnt/ubna_data_02_mir/recover-20221013/UBNA_001/20221012_030000.WAV,Telephone Field,recover-20221013,001,1795
1106.1425,1106.1491,28046,39103,Eptesicus serotinus,0.006,0.026,-1,Echolocation,/mnt/ubna_data_02_mir/recover-20221013/UBNA_001/20221012_030000.WAV,Telephone Field,recover-20221013,001,1795
1106.1525,1106.1886,68437,82201,Rhinolophus ferrumequinum,0.023,0.023,-1,Echolocation,/mnt/ubna_data_02_mir/recover-20221013/UBNA_001/20221012_030000.WAV,Telephone Field,recover-20221013,001,1795
1106.1585,1106.1658,32343,46105,Myotis daubentonii,0.006,0.021,-1,Echolocation,/mnt/ubna_data_02_mir/recover-20221013/UBNA_001/20221012_030000.WAV,Telephone Field,recover-20221013,001,1795
1106.1605,1106.1678,28046,41939,Eptesicus serotinus,0.007,0.022,-1,Echolocation,/mnt/ubna_data_02_mir/recover-20221013/UBNA_001/20221012_030000.WAV,Telephone Field,recover-20221013,001,1795
1106.1905,1106.2271,68437,81480,Rhinolophus ferrumequinum,0.024,0.024,-1,Echolocation,/mnt/ubna_data_02_mir/recover-20221013/UBNA_001/20221012_030000.WAV,Telephone Field,recover-20221013,001,1795
1106.2605,1106.3042,68437,83001,Rhinolophus ferrumequinum,0.027,0.027,-1,Echolocation,/mnt/ubna_data_02_mir/recover-20221013/UBNA_001/20221012_030000.WAV,Telephone Field,recover-20221013,001,1795
1106.2935,1106.337,68437,82689,Rhinolophus ferrumequinum,0.026,0.026,-1,Echolocation,/mnt/ubna_data_02_mir/recover-20221013/UBNA_001/20221012_030000.WAV,Telephone Field,recover-20221013,001,1795
1106.3345,1106.3735,68437,81564,Rhinolophus ferrumequinum,0.022,0.022,-1,Echolocation,/mnt/ubna_data_02_mir/recover-20221013/UBNA_001/20221012_030000.WAV,Telephone Field,recover-20221013,001,1795
1106.3495,1106.3602,23750,29513,Nyctalus leisleri,0.009,0.021,-1,Echolocation,/mnt/ubna_data_02_mir/recover-20221013/UBNA_001/20221012_030000.WAV,Telephone Field,recover-20221013,001,1795
1106.4125,1106.4515,68437,81766,Rhinolophus ferrumequinum,0.022,0.022,-1,Echolocation,/mnt/ubna_data_02_mir/recover-20221013/UBNA_001/20221012_030000.WAV,Telephone Field,recover-20221013,001,1795
1106.4165,1106.4235,27187,39515,Eptesicus serotinus,0.005,0.021,-1,Echolocation,/mnt/ubna_data_02_mir/recover-20221013/UBNA_001/20221012_030000.WAV,Telephone Field,recover-20221013,001,1795
1106.4185,1106.4579,68437,82572,Rhinolophus ferrumequinum,0.023,0.023,-1,Echolocation,/mnt/ubna_data_02_mir/recover-20221013/UBNA_001/20221012_030000.WAV,Telephone Field,recover-20221013,001,1795
1106.4535,1106.4598,28046,39503,Eptesicus serotinus,0.006,0.025,-1,Echolocation,/mnt/ubna_data_02_mir/recover-20221013/UBNA_001/20221012_030000.WAV,Telephone Field,recover-20221013,001,1795
1106.4555,1106.4644,22890,30039,Plecotus austriacus,0.011,0.026,-1,Echolocation,/mnt/ubna_data_02_mir/recover-20221013/UBNA_001/20221012_030000.WAV,Telephone Field,recover-20221013,001,1795
1106.5595,1106.5992,68437,82192,Rhinolophus ferrumequinum,0.022,0.022,-1,Echolocation,/mnt/ubna_data_02_mir/recover-20221013/UBNA_001/20221012_030000.WAV,Telephone Field,recover-20221013,001,1795
1106.6275,1106.6367,43515,49865,Pipistrellus pipistrellus,0.017,0.022,-1,Echolocation,/mnt/ubna_data_02_mir/recover-20221013/UBNA_001/20221012_030000.WAV,Telephone Field,recover-20221013,001,1795
1106.6425,1106.6821,68437,82367,Rhinolophus ferrumequinum,0.023,0.023,-1,Echolocation,/mnt/ubna_data_02_mir/recover-20221013/UBNA_001/20221012_030000.WAV,Telephone Field,recover-20221013,001,1795
1106.6485,1106.6888,68437,82135,Rhinolophus ferrumequinum,0.021,0.021,-1,Echolocation,/mnt/ubna_data_02_mir/recover-20221013/UBNA_001/20221012_030000.WAV,Telephone Field,recover-20221013,001,1795
1106.7145,1106.7257,23750,28874,Nyctalus leisleri,0.01,0.021,-1,Echolocation,/mnt/ubna_data_02_mir/recover-20221013/UBNA_001/20221012_030000.WAV,Telephone Field,recover-20221013,001,1795
1106.7325,1106.7415,22890,29766,Nyctalus leisleri,0.007,0.022,-1,Echolocation,/mnt/ubna_data_02_mir/recover-20221013/UBNA_001/20221012_030000.WAV,Telephone Field,recover-20221013,001,1795
1106.7525,1106.7613,28046,40382,Eptesicus serotinus,0.008,0.023,-1,Echolocation,/mnt/ubna_data_02_mir/recover-20221013/UBNA_001/20221012_030000.WAV,Telephone Field,recover-20221013,001,1795
1106.7895,1106.8004,22890,27728,Nyctalus leisleri,0.01,0.021,-1,Echolocation,/mnt/ubna_data_02_mir/recover-20221013/UBNA_001/20221012_030000.WAV,Telephone Field,recover-20221013,001,1795
1106.8305,1106.8393,28046,37019,Eptesicus serotinus,0.008,0.023,-1,Echolocation,/mnt/ubna_data_02_mir/recover-20221013/UBNA_001/20221012_030000.WAV,Telephone Field,recover-20221013,001,1795
1106.8765,1106.9145,68437,82096,Rhinolophus ferrumequinum,0.025,0.026,-1,Echolocation,/mnt/ubna_data_02_mir/recover-20221013/UBNA_001/20221012_030000.WAV,Telephone Field,recover-20221013,001,1795
1106.8775,1106.8859,27187,37176,Eptesicus serotinus,0.007,0.023,-1,Echolocation,/mnt/ubna_data_02_mir/recover-20221013/UBNA_001/20221012_030000.WAV,Telephone Field,recover-20221013,001,1795
1106.8965,1106.9356,68437,81839,Rhinolophus ferrumequinum,0.024,0.024,-1,Echolocation,/mnt/ubna_data_02_mir/recover-20221013/UBNA_001/20221012_030000.WAV,Telephone Field,recover-20221013,001,1795
1106.9005,1106.9089,28046,39195,Eptesicus serotinus,0.009,0.025,-1,Echolocation,/mnt/ubna_data_02_mir/recover-20221013/UBNA_001/20221012_030000.WAV,Telephone Field,recover-20221013,001,1795
1106.9095,1106.917,28046,37256,Eptesicus serotinus,0.009,0.027,-1,Echolocation,/mnt/ubna_data_02_mir/recover-20221013/UBNA_001/20221012_030000.WAV,Telephone Field,recover-20221013,001,1795
1106.9195,1106.9595,68437,82339,Rhinolophus ferrumequinum,0.021,0.021,-1,Echolocation,/mnt/ubna_data_02_mir/recover-20221013/UBNA_001/20221012_030000.WAV,Telephone Field,recover-20221013,001,1795
1106.9415,1106.951,28906,36684,Eptesicus serotinus,0.011,0.027,-1,Echolocation,/mnt/ubna_data_02_mir/recover-20221013/UBNA_001/20221012_030000.WAV,Telephone Field,recover-20221013,001,1795
1106.9895,1107.0302,68437,83153,Rhinolophus ferrumequinum,0.028,0.028,-1,Echolocation,/mnt/ubna_data_02_mir/recover-20221013/UBNA_001/20221012_030000.WAV,Telephone Field,recover-20221013,001,1795
1107.0085,1107.0496,68437,82379,Rhinolophus ferrumequinum,0.024,0.024,-1,Echolocation,/mnt/ubna_data_02_mir/recover-20221013/UBNA_001/20221012_030000.WAV,Telephone Field,recover-20221013,001,1795
1107.0155,1107.0254,47812,51440,Pipistrellus pipistrellus,0.035,0.037,-1,Echolocation,/mnt/ubna_data_02_mir/recover-20221013/UBNA_001/20221012_030000.WAV,Telephone Field,recover-20221013,001,1795
1107.0175,1107.0563,68437,81959,Rhinolophus ferrumequinum,0.023,0.024,-1,Echolocation,/mnt/ubna_data_02_mir/recover-20221013/UBNA_001/20221012_030000.WAV,Telephone Field,recover-20221013,001,1795
1107.0695,1107.0778,28046,38238,Eptesicus serotinus,0.007,0.021,-1,Echolocation,/mnt/ubna_data_02_mir/recover-20221013/UBNA_001/20221012_030000.WAV,Telephone Field,recover-20221013,001,1795
1107.0805,1107.121,68437,82693,Rhinolophus ferrumequinum,0.022,0.022,-1,Echolocation,/mnt/ubna_data_02_mir/recover-20221013/UBNA_001/20221012_030000.WAV,Telephone Field,recover-20221013,001,1795
1107.0875,1107.1293,68437,82798,Rhinolophus ferrumequinum,0.022,0.022,-1,Echolocation,/mnt/ubna_data_02_mir/recover-20221013/UBNA_001/20221012_030000.WAV,Telephone Field,recover-20221013,001,1795
1107.1095,1107.1494,68437,81361,Rhinolophus ferrumequinum,0.022,0.022,-1,Echolocation,/mnt/ubna_data_02_mir/recover-20221013/UBNA_001/20221012_030000.WAV,Telephone Field,recover-20221013,001,1795
1107.1435,1107.1505,23750,32346,Plecotus austriacus,0.011,0.026,-1,Echolocation,/mnt/ubna_data_02_mir/recover-20221013/UBNA_001/20221012_030000.WAV,Telephone Field,recover-20221013,001,1795
1107.1515,1107.1902,68437,81858,Rhinolophus ferrumequinum,0.024,0.024,-1,Echolocation,/mnt/ubna_data_02_mir/recover-20221013/UBNA_001/20221012_030000.WAV,Telephone Field,recover-20221013,001,1795
1107.1835,1107.2234,68437,82431,Rhinolophus ferrumequinum,0.025,0.025,-1,Echolocation,/mnt/ubna_data_02_mir/recover-20221013/UBNA_001/20221012_030000.WAV,Telephone Field,recover-20221013,001,1795
1107.1865,1107.1958,28046,37653,Eptesicus serotinus,0.009,0.022,-1,Echolocation,/mnt/ubna_data_02_mir/recover-20221013/UBNA_001/20221012_030000.WAV,Telephone Field,recover-20221013,001,1795
1107.2205,1107.26,68437,82430,Rhinolophus ferrumequinum,0.022,0.022,-1,Echolocation,/mnt/ubna_data_02_mir/recover-20221013/UBNA_001/20221012_030000.WAV,Telephone Field,recover-20221013,001,1795
1107.2245,1107.2313,50390,59324,Pipistrellus pipistrellus,0.063,0.085,-1,Echolocation,/mnt/ubna_data_02_mir/recover-20221013/UBNA_001/20221012_030000.WAV,Telephone Field,recover-20221013,001,1795
1107.2485,1107.288,68437,82488,Rhinolophus ferrumequinum,0.023,0.023,-1,Echolocation,/mnt/ubna_data_02_mir/recover-20221013/UBNA_001/20221012_030000.WAV,Telephone Field,recover-20221013,001,1795
1107.2515,1107.2589,27187,38615,Eptesicus serotinus,0.006,0.021,-1,Echolocation,/mnt/ubna_data_02_mir/recover-20221013/UBNA_001/20221012_030000.WAV,Telephone Field,recover-20221013,001,1795
1107.2825,1107.2903,28046,39563,Eptesicus serotinus,0.007,0.021,-1,Echolocation,/mnt/ubna_data_02_mir/recover-20221013/UBNA_001/20221012_030000.WAV,Telephone Field,recover-20221013,001,1795
1107.2965,1107.3093,22890,27151,Nyctalus leisleri,0.012,0.021,-1,Echolocation,/mnt/ubna_data_02_mir/recover-20221013/UBNA_001/20221012_030000.WAV,Telephone Field,recover-20221013,001,1795
1107.3025,1107.3419,68437,81974,Rhinolophus ferrumequinum,0.026,0.026,-1,Echolocation,/mnt/ubna_data_02_mir/recover-20221013/UBNA_001/20221012_030000.WAV,Telephone Field,recover-20221013,001,1795
1107.3315,1107.3413,28046,37780,Eptesicus serotinus,0.009,0.022,-1,Echolocation,/mnt/ubna_data_02_mir/recover-20221013/UBNA_001/20221012_030000.WAV,Telephone Field,recover-20221013,001,1795
1107.3355,1107.3764,68437,82521,Rhinolophus ferrumequinum,0.023,0.023,-1,Echolocation,/mnt/ubna_data_02_mir/recover-20221013/UBNA_001/20221012_030000.WAV,Telephone Field,recover-20221013,001,1795
1107.3875,1107.3977,22031,27213,Nyctalus leisleri,0.009,0.021,-1,Echolocation,/mnt/ubna_data_02_mir/recover-20221013/UBNA_001/20221012_030000.WAV,Telephone Field,recover-20221013,001,1795
1107.4115,1107.421,28046,35691,Eptesicus serotinus,0.011,0.026,-1,Echolocation,/mnt/ubna_data_02_mir/recover-20221013/UBNA_001/20221012_030000.WAV,Telephone Field,recover-20221013,001,1795
1107.4115,1107.4231,32343,37605,Eptesicus serotinus,0.008,0.028,-1,Echolocation,/mnt/ubna_data_02_mir/recover-20221013/UBNA_001/20221012_030000.WAV,Telephone Field,recover-20221013,001,1795
1107.4195,1107.4596,68437,82776,Rhinolophus ferrumequinum,0.024,0.024,-1,Echolocation,/mnt/ubna_data_02_mir/recover-20221013/UBNA_001/20221012_030000.WAV,Telephone Field,recover-20221013,001,1795
1107.4195,1107.4342,21171,25229,Nyctalus leisleri,0.016,0.031,-1,Echolocation,/mnt/ubna_data_02_mir/recover-20221013/UBNA_001/20221012_030000.WAV,Telephone Field,recover-20221013,001,1795
1107.4325,1107.4421,25468,32788,Eptesicus serotinus,0.015,0.039,-1,Echolocation,/mnt/ubna_data_02_mir/recover-20221013/UBNA_001/20221012_030000.WAV,Telephone Field,recover-20221013,001,1795
1107.4625,1107.5033,68437,82145,Rhinolophus ferrumequinum,0.024,0.024,-1,Echolocation,/mnt/ubna_data_02_mir/recover-20221013/UBNA_001/20221012_030000.WAV,Telephone Field,recover-20221013,001,1795
1107.4995,1107.541,68437,82677,Rhinolophus ferrumequinum,0.027,0.027,-1,Echolocation,/mnt/ubna_data_02_mir/recover-20221013/UBNA_001/20221012_030000.WAV,Telephone Field,recover-20221013,001,1795
1107.5175,1107.5597,68437,83181,Rhinolophus ferrumequinum,0.026,0.026,-1,Echolocation,/mnt/ubna_data_02_mir/recover-20221013/UBNA_001/20221012_030000.WAV,Telephone Field,recover-20221013,001,1795
1107.5405,1107.5488,27187,36922,Eptesicus serotinus,0.007,0.023,-1,Echolocation,/mnt/ubna_data_02_mir/recover-20221013/UBNA_001/20221012_030000.WAV,Telephone Field,recover-20221013,001,1795
1107.5605,1107.5697,43515,54837,Pipistrellus pipistrellus,0.011,0.022,-1,Echolocation,/mnt/ubna_data_02_mir/recover-20221013/UBNA_001/20221012_030000.WAV,Telephone Field,recover-20221013,001,1795
1107.5685,1107.5758,23750,33075,Plecotus austriacus,0.01,0.023,-1,Echolocation,/mnt/ubna_data_02_mir/recover-20221013/UBNA_001/20221012_030000.WAV,Telephone Field,recover-20221013,001,1795
1107.5875,1107.5975,28046,36825,Eptesicus serotinus,0.009,0.022,-1,Echolocation,/mnt/ubna_data_02_mir/recover-20221013/UBNA_001/20221012_030000.WAV,Telephone Field,recover-20221013,001,1795
1107.6035,1107.6456,68437,82748,Rhinolophus ferrumequinum,0.031,0.031,-1,Echolocation,/mnt/ubna_data_02_mir/recover-20221013/UBNA_001/20221012_030000.WAV,Telephone Field,recover-20221013,001,1795
1107.6055,1107.6145,28046,38570,Eptesicus serotinus,0.008,0.021,-1,Echolocation,/mnt/ubna_data_02_mir/recover-20221013/UBNA_001/20221012_030000.WAV,Telephone Field,recover-20221013,001,1795
1107.6255,1107.6658,68437,82850,Rhinolophus ferrumequinum,0.021,0.021,-1,Echolocation,/mnt/ubna_data_02_mir/recover-20221013/UBNA_001/20221012_030000.WAV,Telephone Field,recover-20221013,001,1795
1107.6475,1107.6546,28046,40313,Eptesicus serotinus,0.006,0.022,-1,Echolocation,/mnt/ubna_data_02_mir/recover-20221013/UBNA_001/20221012_030000.WAV,Telephone Field,recover-20221013,001,1795
1107.6785,1107.7152,68437,81890,Rhinolophus ferrumequinum,0.023,0.023,-1,Echolocation,/mnt/ubna_data_02_mir/recover-20221013/UBNA_001/20221012_030000.WAV,Telephone Field,recover-20221013,001,1795
1107.7405,1107.7794,68437,82187,Rhinolophus ferrumequinum,0.025,0.026,-1,Echolocation,/mnt/ubna_data_02_mir/recover-20221013/UBNA_001/20221012_030000.WAV,Telephone Field,recover-20221013,001,1795
1107.7635,1107.7717,24609,33051,Eptesicus serotinus,0.006,0.022,-1,Echolocation,/mnt/ubna_data_02_mir/recover-20221013/UBNA_001/20221012_030000.WAV,Telephone Field,recover-20221013,001,1795
1107.8065,1107.8467,68437,82180,Rhinolophus ferrumequinum,0.021,0.021,-1,Echolocation,/mnt/ubna_data_02_mir/recover-20221013/UBNA_001/20221012_030000.WAV,Telephone Field,recover-20221013,001,1795
1107.8375,1107.8795,68437,82969,Rhinolophus ferrumequinum,0.023,0.023,-1,Echolocation,/mnt/ubna_data_02_mir/recover-20221013/UBNA_001/20221012_030000.WAV,Telephone Field,recover-20221013,001,1795
1107.8745,1107.8858,22890,27489,Nyctalus leisleri,0.017,0.034,-1,Echolocation,/mnt/ubna_data_02_mir/recover-20221013/UBNA_001/20221012_030000.WAV,Telephone Field,recover-20221013,001,1795
1107.8915,1107.9325,68437,82252,Rhinolophus ferrumequinum,0.035,0.035,-1,Echolocation,/mnt/ubna_data_02_mir/recover-20221013/UBNA_001/20221012_030000.WAV,Telephone Field,recover-20221013,001,1795
1107.8955,1107.9031,28046,37048,Eptesicus serotinus,0.017,0.041,-1,Echolocation,/mnt/ubna_data_02_mir/recover-20221013/UBNA_001/20221012_030000.WAV,Telephone Field,recover-20221013,001,1795
1107.9125,1107.9223,24609,31777,Eptesicus serotinus,0.007,0.021,-1,Echolocation,/mnt/ubna_data_02_mir/recover-20221013/UBNA_001/20221012_030000.WAV,Telephone Field,recover-20221013,001,1795
1107.9205,1107.9577,68437,82268,Rhinolophus ferrumequinum,0.025,0.025,-1,Echolocation,/mnt/ubna_data_02_mir/recover-20221013/UBNA_001/20221012_030000.WAV,Telephone Field,recover-20221013,001,1795
1107.9265,1107.9679,68437,82410,Rhinolophus ferrumequinum,0.023,0.023,-1,Echolocation,/mnt/ubna_data_02_mir/recover-20221013/UBNA_001/20221012_030000.WAV,Telephone Field,recover-20221013,001,1795
1107.9605,1107.9991,68437,81658,Rhinolophus ferrumequinum,0.02,0.021,-1,Echolocation,/mnt/ubna_data_02_mir/recover-20221013/UBNA_001/20221012_030000.WAV,Telephone Field,recover-20221013,001,1795
1108.0015,1108.0108,29765,38030,Eptesicus serotinus,0.008,0.03,-1,Echolocation,/mnt/ubna_data_02_mir/recover-20221013/UBNA_001/20221012_030000.WAV,Telephone Field,recover-20221013,001,1795
1108.0015,1108.035,69296,82291,Rhinolophus ferrumequinum,0.024,0.024,-1,Echolocation,/mnt/ubna_data_02_mir/recover-20221013/UBNA_001/20221012_030000.WAV,Telephone Field,recover-20221013,001,1795
1108.0015,1108.0106,22890,30036,Nyctalus leisleri,0.007,0.026,-1,Echolocation,/mnt/ubna_data_02_mir/recover-20221013/UBNA_001/20221012_030000.WAV,Telephone Field,recover-20221013,001,1795
1108.0125,1108.0225,23750,30538,Nyctalus leisleri,0.009,0.026,-1,Echolocation,/mnt/ubna_data_02_mir/recover-20221013/UBNA_001/20221012_030000.WAV,Telephone Field,recover-20221013,001,1795
1108.0425,1108.0491,52109,58305,Pipistrellus pipistrellus,0.032,0.035,-1,Echolocation,/mnt/ubna_data_02_mir/recover-20221013/UBNA_001/20221012_030000.WAV,Telephone Field,recover-20221013,001,1795
1108.0435,1108.082,68437,82166,Rhinolophus ferrumequinum,0.026,0.026,-1,Echolocation,/mnt/ubna_data_02_mir/recover-20221013/UBNA_001/20221012_030000.WAV,Telephone Field,recover-20221013,001,1795
1108.0555,1108.0672,42656,45812,Pipistrellus pipistrellus,0.019,0.024,-1,Echolocation,/mnt/ubna_data_02_mir/recover-20221013/UBNA_001/20221012_030000.WAV,Telephone Field,recover-20221013,001,1795
1108.0635,1108.0992,68437,81536,Rhinolophus ferrumequinum,0.022,0.023,-1,Echolocation,/mnt/ubna_data_02_mir/recover-20221013/UBNA_001/20221012_030000.WAV,Telephone Field,recover-20221013,001,1795
1108.0655,1108.0743,26328,33705,Eptesicus serotinus,0.008,0.023,-1,Echolocation,/mnt/ubna_data_02_mir/recover-20221013/UBNA_001/20221012_030000.WAV,Telephone Field,recover-20221013,001,1795
1108.0935,1108.1358,68437,83033,Rhinolophus ferrumequinum,0.027,0.027,-1,Echolocation,/mnt/ubna_data_02_mir/recover-20221013/UBNA_001/20221012_030000.WAV,Telephone Field,recover-20221013,001,1795
1108.0955,1108.1043,28906,38609,Eptesicus serotinus,0.009,0.024,-1,Echolocation,/mnt/ubna_data_02_mir/recover-20221013/UBNA_001/20221012_030000.WAV,Telephone Field,recover-20221013,001,1795
1108.1565,1108.1954,68437,81694,Rhinolophus ferrumequinum,0.029,0.029,-1,Echolocation,/mnt/ubna_data_02_mir/recover-20221013/UBNA_001/20221012_030000.WAV,Telephone Field,recover-20221013,001,1795
1108.1645,1108.2068,68437,83053,Rhinolophus ferrumequinum,0.029,0.029,-1,Echolocation,/mnt/ubna_data_02_mir/recover-20221013/UBNA_001/20221012_030000.WAV,Telephone Field,recover-20221013,001,1795
1108.1875,1108.2241,68437,81220,Rhinolophus ferrumequinum,0.025,0.025,-1,Echolocation,/mnt/ubna_data_02_mir/recover-20221013/UBNA_001/20221012_030000.WAV,Telephone Field,recover-20221013,001,1795
1108.2005,1108.2419,68437,82663,Rhinolophus ferrumequinum,0.024,0.024,-1,Echolocation,/mnt/ubna_data_02_mir/recover-20221013/UBNA_001/20221012_030000.WAV,Telephone Field,recover-20221013,001,1795
1108.2105,1108.2498,68437,82836,Rhinolophus ferrumequinum,0.023,0.023,-1,Echolocation,/mnt/ubna_data_02_mir/recover-20221013/UBNA_001/20221012_030000.WAV,Telephone Field,recover-20221013,001,1795
1108.2445,1108.2826,68437,82824,Rhinolophus ferrumequinum,0.023,0.023,-1,Echolocation,/mnt/ubna_data_02_mir/recover-20221013/UBNA_001/20221012_030000.WAV,Telephone Field,recover-20221013,001,1795
1108.2545,1108.2586000000001,34062,50975,Myotis daubentonii,0.017,0.041,-1,Echolocation,/mnt/ubna_data_02_mir/recover-20221013/UBNA_001/20221012_030000.WAV,Telephone Field,recover-20221013,001,1795
1108.2555,1108.262,24609,37891,Plecotus austriacus,0.017,0.047,-1,Echolocation,/mnt/ubna_data_02_mir/recover-20221013/UBNA_001/20221012_030000.WAV,Telephone Field,recover-20221013,001,1795
1108.2775,1108.3188,68437,82671,Rhinolophus ferrumequinum,0.023,0.023,-1,Echolocation,/mnt/ubna_data_02_mir/recover-20221013/UBNA_001/20221012_030000.WAV,Telephone Field,recover-20221013,001,1795
1108.2885,1108.3286,68437,82733,Rhinolophus ferrumequinum,0.023,0.023,-1,Echolocation,/mnt/ubna_data_02_mir/recover-20221013/UBNA_001/20221012_030000.WAV,Telephone Field,recover-20221013,001,1795
1108.3025,1108.3392,68437,81285,Rhinolophus ferrumequinum,0.023,0.023,-1,Echolocation,/mnt/ubna_data_02_mir/recover-20221013/UBNA_001/20221012_030000.WAV,Telephone Field,recover-20221013,001,1795
1108.3215,1108.3595,68437,82389,Rhinolophus ferrumequinum,0.025,0.025,-1,Echolocation,/mnt/ubna_data_02_mir/recover-20221013/UBNA_001/20221012_030000.WAV,Telephone Field,recover-20221013,001,1795
1108.3525,1108.3858,68437,81482,Rhinolophus ferrumequinum,0.024,0.025,-1,Echolocation,/mnt/ubna_data_02_mir/recover-20221013/UBNA_001/20221012_030000.WAV,Telephone Field,recover-20221013,001,1795
1108.3555,1108.3648,28046,36728,Eptesicus serotinus,0.009,0.025,-1,Echolocation,/mnt/ubna_data_02_mir/recover-20221013/UBNA_001/20221012_030000.WAV,Telephone Field,recover-20221013,001,1795
1108.3825,1108.4203,68437,81249,Rhinolophus ferrumequinum,0.027,0.027,-1,Echolocation,/mnt/ubna_data_02_mir/recover-20221013/UBNA_001/20221012_030000.WAV,Telephone Field,recover-20221013,001,1795
1108.4175,1108.4284,22890,28243,Nyctalus leisleri,0.013,0.027,-1,Echolocation,/mnt/ubna_data_02_mir/recover-20221013/UBNA_001/20221012_030000.WAV,Telephone Field,recover-20221013,001,1795
1108.4285,1108.4341,27187,37169,Plecotus auritus,0.007,0.027,-1,Echolocation,/mnt/ubna_data_02_mir/recover-20221013/UBNA_001/20221012_030000.WAV,Telephone Field,recover-20221013,001,1795
1108.4595,1108.4986,68437,82198,Rhinolophus ferrumequinum,0.024,0.024,-1,Echolocation,/mnt/ubna_data_02_mir/recover-20221013/UBNA_001/20221012_030000.WAV,Telephone Field,recover-20221013,001,1795
1108.4665,1108.4744,45234,50479,Pipistrellus pipistrellus,0.021,0.023,-1,Echolocation,/mnt/ubna_data_02_mir/recover-20221013/UBNA_001/20221012_030000.WAV,Telephone Field,recover-20221013,001,1795
1108.4745,1108.516,68437,82323,Rhinolophus ferrumequinum,0.03,0.03,-1,Echolocation,/mnt/ubna_data_02_mir/recover-20221013/UBNA_001/20221012_030000.WAV,Telephone Field,recover-20221013,001,1795
1108.4875,1108.4978,47812,51702,Pipistrellus pipistrellus,0.02,0.024,-1,Echolocation,/mnt/ubna_data_02_mir/recover-20221013/UBNA_001/20221012_030000.WAV,Telephone Field,recover-20221013,001,1795
1108.5075,1108.544,68437,81607,Rhinolophus ferrumequinum,0.026,0.026,-1,Echolocation,/mnt/ubna_data_02_mir/recover-20221013/UBNA_001/20221012_030000.WAV,Telephone Field,recover-20221013,001,1795
1108.5365,1108.5754,68437,82340,Rhinolophus ferrumequinum,0.023,0.023,-1,Echolocation,/mnt/ubna_data_02_mir/recover-20221013/UBNA_001/20221012_030000.WAV,Telephone Field,recover-20221013,001,1795
1108.5705,1108.6109,68437,81562,Rhinolophus ferrumequinum,0.023,0.023,-1,Echolocation,/mnt/ubna_data_02_mir/recover-20221013/UBNA_001/20221012_030000.WAV,Telephone Field,recover-20221013,001,1795
1108.5825,1108.6257,68437,83045,Rhinolophus ferrumequinum,0.026,0.026,-1,Echolocation,/mnt/ubna_data_02_mir/recover-20221013/UBNA_001/20221012_030000.WAV,Telephone Field,recover-20221013,001,1795
1108.5845,1108.5948,23750,30195,Nyctalus leisleri,0.012,0.027,-1,Echolocation,/mnt/ubna_data_02_mir/recover-20221013/UBNA_001/20221012_030000.WAV,Telephone Field,recover-20221013,001,1795
1108.6065,1108.6154,55546,60171,Pipistrellus pygmaeus,0.039,0.04,-1,Echolocation,/mnt/ubna_data_02_mir/recover-20221013/UBNA_001/20221012_030000.WAV,Telephone Field,recover-20221013,001,1795
1108.6215,1108.6378,22890,26645,Nyctalus leisleri,0.023,0.037,-1,Echolocation,/mnt/ubna_data_02_mir/recover-20221013/UBNA_001/20221012_030000.WAV,Telephone Field,recover-20221013,001,1795
1108.6535,1108.6985,68437,83419,Rhinolophus ferrumequinum,0.037,0.037,-1,Echolocation,/mnt/ubna_data_02_mir/recover-20221013/UBNA_001/20221012_030000.WAV,Telephone Field,recover-20221013,001,1795
1108.7315,1108.7389,28046,39892,Eptesicus serotinus,0.007,0.027,-1,Echolocation,/mnt/ubna_data_02_mir/recover-20221013/UBNA_001/20221012_030000.WAV,Telephone Field,recover-20221013,001,1795
1108.7615,1108.7701,26328,34558,Eptesicus serotinus,0.008,0.023,-1,Echolocation,/mnt/ubna_data_02_mir/recover-20221013/UBNA_001/20221012_030000.WAV,Telephone Field,recover-20221013,001,1795
1108.7655,1108.8067,68437,82555,Rhinolophus ferrumequinum,0.026,0.026,-1,Echolocation,/mnt/ubna_data_02_mir/recover-20221013/UBNA_001/20221012_030000.WAV,Telephone Field,recover-20221013,001,1795
1108.8005,1108.8079,33203,44199,Myotis daubentonii,0.012,0.04,-1,Echolocation,/mnt/ubna_data_02_mir/recover-20221013/UBNA_001/20221012_030000.WAV,Telephone Field,recover-20221013,001,1795
1108.8375,1108.872,68437,81342,Rhinolophus ferrumequinum,0.027,0.027,-1,Echolocation,/mnt/ubna_data_02_mir/recover-20221013/UBNA_001/20221012_030000.WAV,Telephone Field,recover-20221013,001,1795
1108.8485,1108.8878,68437,82670,Rhinolophus ferrumequinum,0.027,0.027,-1,Echolocation,/mnt/ubna_data_02_mir/recover-20221013/UBNA_001/20221012_030000.WAV,Telephone Field,recover-20221013,001,1795
1108.9155,1108.956,68437,82337,Rhinolophus ferrumequinum,0.028,0.028,-1,Echolocation,/mnt/ubna_data_02_mir/recover-20221013/UBNA_001/20221012_030000.WAV,Telephone Field,recover-20221013,001,1795
1108.9445,1108.9636,18593,21919,Nyctalus noctula,0.015,0.027,-1,Echolocation,/mnt/ubna_data_02_mir/recover-20221013/UBNA_001/20221012_030000.WAV,Telephone Field,recover-20221013,001,1795
1108.9835,1109.0236,68437,82052,Rhinolophus ferrumequinum,0.024,0.024,-1,Echolocation,/mnt/ubna_data_02_mir/recover-20221013/UBNA_001/20221012_030000.WAV,Telephone Field,recover-20221013,001,1795
1108.9895,1109.0052,21171,24249,Nyctalus leisleri,0.019,0.031,-1,Echolocation,/mnt/ubna_data_02_mir/recover-20221013/UBNA_001/20221012_030000.WAV,Telephone Field,recover-20221013,001,1795
1109.0015,1109.0073,27187,40965,Eptesicus serotinus,0.006,0.026,-1,Echolocation,/mnt/ubna_data_02_mir/recover-20221013/UBNA_001/20221012_030000.WAV,Telephone Field,recover-20221013,001,1795
1109.0495,1109.0884,68437,81309,Rhinolophus ferrumequinum,0.03,0.03,-1,Echolocation,/mnt/ubna_data_02_mir/recover-20221013/UBNA_001/20221012_030000.WAV,Telephone Field,recover-20221013,001,1795
1109.0745,1109.1091,68437,80587,Rhinolophus ferrumequinum,0.023,0.023,-1,Echolocation,/mnt/ubna_data_02_mir/recover-20221013/UBNA_001/20221012_030000.WAV,Telephone Field,recover-20221013,001,1795
1109.0945,1109.1318,68437,82512,Rhinolophus ferrumequinum,0.025,0.025,-1,Echolocation,/mnt/ubna_data_02_mir/recover-20221013/UBNA_001/20221012_030000.WAV,Telephone Field,recover-20221013,001,1795
1109.1055,1109.1117,34062,43828,Myotis daubentonii,0.014,0.032,-1,Echolocation,/mnt/ubna_data_02_mir/recover-20221013/UBNA_001/20221012_030000.WAV,Telephone Field,recover-20221013,001,1795
1109.1065,1109.1136,27187,42144,Eptesicus serotinus,0.009,0.031,-1,Echolocation,/mnt/ubna_data_02_mir/recover-20221013/UBNA_001/20221012_030000.WAV,Telephone Field,recover-20221013,001,1795
1109.1175,1109.1281,24609,31451,Eptesicus serotinus,0.01,0.028,-1,Echolocation,/mnt/ubna_data_02_mir/recover-20221013/UBNA_001/20221012_030000.WAV,Telephone Field,recover-20221013,001,1795
1109.1355,1109.1811,68437,83048,Rhinolophus ferrumequinum,0.066,0.066,-1,Echolocation,/mnt/ubna_data_02_mir/recover-20221013/UBNA_001/20221012_030000.WAV,Telephone Field,recover-20221013,001,1795
1109.1605,1109.1672,50390,56702,Pipistrellus pipistrellus,0.033,0.038,-1,Echolocation,/mnt/ubna_data_02_mir/recover-20221013/UBNA_001/20221012_030000.WAV,Telephone Field,recover-20221013,001,1795
1109.1615,1109.1681,24609,35157,Plecotus austriacus,0.011,0.026,-1,Echolocation,/mnt/ubna_data_02_mir/recover-20221013/UBNA_001/20221012_030000.WAV,Telephone Field,recover-20221013,001,1795
1109.1645,1109.2053,68437,81944,Rhinolophus ferrumequinum,0.024,0.024,-1,Echolocation,/mnt/ubna_data_02_mir/recover-20221013/UBNA_001/20221012_030000.WAV,Telephone Field,recover-20221013,001,1795
1109.2375,1109.276,68437,81477,Rhinolophus ferrumequinum,0.024,0.024,-1,Echolocation,/mnt/ubna_data_02_mir/recover-20221013/UBNA_001/20221012_030000.WAV,Telephone Field,recover-20221013,001,1795
1109.2435,1109.278,68437,81080,Rhinolophus ferrumequinum,0.024,0.025,-1,Echolocation,/mnt/ubna_data_02_mir/recover-20221013/UBNA_001/20221012_030000.WAV,Telephone Field,recover-20221013,001,1795
1109.2785,1109.2983,20312,23617,Nyctalus leisleri,0.019,0.038,-1,Echolocation,/mnt/ubna_data_02_mir/recover-20221013/UBNA_001/20221012_030000.WAV,Telephone Field,recover-20221013,001,1795
1109.3005,1109.3406,68437,82320,Rhinolophus ferrumequinum,0.025,0.025,-1,Echolocation,/mnt/ubna_data_02_mir/recover-20221013/UBNA_001/20221012_030000.WAV,Telephone Field,recover-20221013,001,1795
1109.3505,1109.3894,68437,82472,Rhinolophus ferrumequinum,0.022,0.023,-1,Echolocation,/mnt/ubna_data_02_mir/recover-20221013/UBNA_001/20221012_030000.WAV,Telephone Field,recover-20221013,001,1795
1109.3815,1109.4218,68437,82073,Rhinolophus ferrumequinum,0.024,0.024,-1,Echolocation,/mnt/ubna_data_02_mir/recover-20221013/UBNA_001/20221012_030000.WAV,Telephone Field,recover-20221013,001,1795
1109.4045,1109.4191,21171,24424,Nyctalus leisleri,0.015,0.025,-1,Echolocation,/mnt/ubna_data_02_mir/recover-20221013/UBNA_001/20221012_030000.WAV,Telephone Field,recover-20221013,001,1795
1109.4175,1109.4253,28046,40235,Eptesicus serotinus,0.009,0.032,-1,Echolocation,/mnt/ubna_data_02_mir/recover-20221013/UBNA_001/20221012_030000.WAV,Telephone Field,recover-20221013,001,1795
1109.4335,1109.4766,68437,82837,Rhinolophus ferrumequinum,0.028,0.028,-1,Echolocation,/mnt/ubna_data_02_mir/recover-20221013/UBNA_001/20221012_030000.WAV,Telephone Field,recover-20221013,001,1795
1109.4405,1109.4508,22031,26232,Nyctalus leisleri,0.012,0.023,-1,Echolocation,/mnt/ubna_data_02_mir/recover-20221013/UBNA_001/20221012_030000.WAV,Telephone Field,recover-20221013,001,1795
1109.5015,1109.5089,27187,36499,Eptesicus serotinus,0.008,0.025,-1,Echolocation,/mnt/ubna_data_02_mir/recover-20221013/UBNA_001/20221012_030000.WAV,Telephone Field,recover-20221013,001,1795
1109.5075,1109.52,53828,59348,Pipistrellus pygmaeus,0.018,0.024,-1,Echolocation,/mnt/ubna_data_02_mir/recover-20221013/UBNA_001/20221012_030000.WAV,Telephone Field,recover-20221013,001,1795
1109.5355,1109.5731,68437,82046,Rhinolophus ferrumequinum,0.024,0.024,-1,Echolocation,/mnt/ubna_data_02_mir/recover-20221013/UBNA_001/20221012_030000.WAV,Telephone Field,recover-20221013,001,1795
1109.5795,1109.5875,27187,35992,Eptesicus serotinus,0.005,0.023,-1,Echolocation,/mnt/ubna_data_02_mir/recover-20221013/UBNA_001/20221012_030000.WAV,Telephone Field,recover-20221013,001,1795
1109.6195,1109.6567,68437,81548,Rhinolophus ferrumequinum,0.025,0.025,-1,Echolocation,/mnt/ubna_data_02_mir/recover-20221013/UBNA_001/20221012_030000.WAV,Telephone Field,recover-20221013,001,1795
1109.6675,1109.7073,68437,82956,Rhinolophus ferrumequinum,0.027,0.027,-1,Echolocation,/mnt/ubna_data_02_mir/recover-20221013/UBNA_001/20221012_030000.WAV,Telephone Field,recover-20221013,001,1795
1109.6695,1109.6824,22031,26117,Nyctalus leisleri,0.013,0.023,-1,Echolocation,/mnt/ubna_data_02_mir/recover-20221013/UBNA_001/20221012_030000.WAV,Telephone Field,recover-20221013,001,1795
1109.7175,1109.7584,68437,82493,Rhinolophus ferrumequinum,0.025,0.025,-1,Echolocation,/mnt/ubna_data_02_mir/recover-20221013/UBNA_001/20221012_030000.WAV,Telephone Field,recover-20221013,001,1795
1109.7375,1109.7474,22890,28799,Nyctalus leisleri,0.011,0.026,-1,Echolocation,/mnt/ubna_data_02_mir/recover-20221013/UBNA_001/20221012_030000.WAV,Telephone Field,recover-20221013,001,1795
1109.7465,1109.7562,44375,50764,Pipistrellus pipistrellus,0.021,0.024,-1,Echolocation,/mnt/ubna_data_02_mir/recover-20221013/UBNA_001/20221012_030000.WAV,Telephone Field,recover-20221013,001,1795
1109.7585,1109.7978,68437,82386,Rhinolophus ferrumequinum,0.031,0.031,-1,Echolocation,/mnt/ubna_data_02_mir/recover-20221013/UBNA_001/20221012_030000.WAV,Telephone Field,recover-20221013,001,1795
1109.7725,1109.7823,22890,27994,Nyctalus leisleri,0.011,0.024,-1,Echolocation,/mnt/ubna_data_02_mir/recover-20221013/UBNA_001/20221012_030000.WAV,Telephone Field,recover-20221013,001,1795
1109.7815,1109.8232,68437,82222,Rhinolophus ferrumequinum,0.027,0.027,-1,Echolocation,/mnt/ubna_data_02_mir/recover-20221013/UBNA_001/20221012_030000.WAV,Telephone Field,recover-20221013,001,1795
1109.7835,1109.7978,45234,48213,Pipistrellus pipistrellus,0.052,0.058,-1,Echolocation,/mnt/ubna_data_02_mir/recover-20221013/UBNA_001/20221012_030000.WAV,Telephone Field,recover-20221013,001,1795
1109.8085,1109.85,68437,82348,Rhinolophus ferrumequinum,0.024,0.024,-1,Echolocation,/mnt/ubna_data_02_mir/recover-20221013/UBNA_001/20221012_030000.WAV,Telephone Field,recover-20221013,001,1795
1109.8365,1109.8774,68437,82803,Rhinolophus ferrumequinum,0.032,0.032,-1,Echolocation,/mnt/ubna_data_02_mir/recover-20221013/UBNA_001/20221012_030000.WAV,Telephone Field,recover-20221013,001,1795
1109.8435,1109.8858,68437,82405,Rhinolophus ferrumequinum,0.038,0.038,-1,Echolocation,/mnt/ubna_data_02_mir/recover-20221013/UBNA_001/20221012_030000.WAV,Telephone Field,recover-20221013,001,1795
1109.8825,1109.9033,20312,23917,Nyctalus leisleri,0.019,0.041,-1,Echolocation,/mnt/ubna_data_02_mir/recover-20221013/UBNA_001/20221012_030000.WAV,Telephone Field,recover-20221013,001,1795
1109.8825,1109.9222,68437,82085,Rhinolophus ferrumequinum,0.023,0.023,-1,Echolocation,/mnt/ubna_data_02_mir/recover-20221013/UBNA_001/20221012_030000.WAV,Telephone Field,recover-20221013,001,1795
1109.8895,1109.9254,68437,82418,Rhinolophus ferrumequinum,0.022,0.022,-1,Echolocation,/mnt/ubna_data_02_mir/recover-20221013/UBNA_001/20221012_030000.WAV,Telephone Field,recover-20221013,001,1795
1109.9245,1109.962,68437,82153,Rhinolophus ferrumequinum,0.023,0.024,-1,Echolocation,/mnt/ubna_data_02_mir/recover-20221013/UBNA_001/20221012_030000.WAV,Telephone Field,recover-20221013,001,1795
1109.9345,1109.9708,68437,81103,Rhinolophus ferrumequinum,0.026,0.026,-1,Echolocation,/mnt/ubna_data_02_mir/recover-20221013/UBNA_001/20221012_030000.WAV,Telephone Field,recover-20221013,001,1795
1109.9645,1109.975,22890,27713,Nyctalus leisleri,0.012,0.023,-1,Echolocation,/mnt/ubna_data_02_mir/recover-20221013/UBNA_001/20221012_030000.WAV,Telephone Field,recover-20221013,001,1795
1110.0015,1110.0342,68437,80419,Rhinolophus ferrumequinum,0.044,0.044,-1,Echolocation,/mnt/ubna_data_02_mir/recover-20221013/UBNA_001/20221012_030000.WAV,Telephone Field,recover-20221013,001,1795
1110.0015,1110.0079,46093,52143,Pipistrellus pipistrellus,0.017,0.024,-1,Echolocation,/mnt/ubna_data_02_mir/recover-20221013/UBNA_001/20221012_030000.WAV,Telephone Field,recover-20221013,001,1795
1110.0015,1110.0115,22031,28799,Nyctalus leisleri,0.013,0.039,-1,Echolocation,/mnt/ubna_data_02_mir/recover-20221013/UBNA_001/20221012_030000.WAV,Telephone Field,recover-20221013,001,1795
1110.0085,1110.0495,68437,82092,Rhinolophus ferrumequinum,0.021,0.021,-1,Echolocation,/mnt/ubna_data_02_mir/recover-20221013/UBNA_001/20221012_030000.WAV,Telephone Field,recover-20221013,001,1795
1110.0375,1110.0783,68437,82614,Rhinolophus ferrumequinum,0.022,0.022,-1,Echolocation,/mnt/ubna_data_02_mir/recover-20221013/UBNA_001/20221012_030000.WAV,Telephone Field,recover-20221013,001,1795
1110.0445,1110.0561,22890,26989,Nyctalus leisleri,0.012,0.021,-1,Echolocation,/mnt/ubna_data_02_mir/recover-20221013/UBNA_001/20221012_030000.WAV,Telephone Field,recover-20221013,001,1795
1110.0525,1110.0913,68437,82255,Rhinolophus ferrumequinum,0.021,0.021,-1,Echolocation,/mnt/ubna_data_02_mir/recover-20221013/UBNA_001/20221012_030000.WAV,Telephone Field,recover-20221013,001,1795
1110.0715,1110.0812,28906,35752,Eptesicus serotinus,0.01,0.022,-1,Echolocation,/mnt/ubna_data_02_mir/recover-20221013/UBNA_001/20221012_030000.WAV,Telephone Field,recover-20221013,001,1795
1110.0755,1110.1102,68437,81623,Rhinolophus ferrumequinum,0.021,0.021,-1,Echolocation,/mnt/ubna_data_02_mir/recover-20221013/UBNA_001/20221012_030000.WAV,Telephone Field,recover-20221013,001,1795
1110.1155,1110.1573,68437,83441,Rhinolophus ferrumequinum,0.028,0.028,-1,Echolocation,/mnt/ubna_data_02_mir/recover-20221013/UBNA_001/20221012_030000.WAV,Telephone Field,recover-20221013,001,1795
1110.1455,1110.187,68437,82504,Rhinolophus ferrumequinum,0.021,0.021,-1,Echolocation,/mnt/ubna_data_02_mir/recover-20221013/UBNA_001/20221012_030000.WAV,Telephone Field,recover-20221013,001,1795
1110.1475,1110.1564,28906,38306,Eptesicus serotinus,0.009,0.024,-1,Echolocation,/mnt/ubna_data_02_mir/recover-20221013/UBNA_001/20221012_030000.WAV,Telephone Field,recover-20221013,001,1795
1110.1705,1110.1773,47812,52558,Pipistrellus pipistrellus,0.024,0.025,-1,Echolocation,/mnt/ubna_data_02_mir/recover-20221013/UBNA_001/20221012_030000.WAV,Telephone Field,recover-20221013,001,1795
1110.1815,1110.1917,28906,37128,Eptesicus serotinus,0.018,0.032,-1,Echolocation,/mnt/ubna_data_02_mir/recover-20221013/UBNA_001/20221012_030000.WAV,Telephone Field,recover-20221013,001,1795
1110.2065,1110.2467,68437,81983,Rhinolophus ferrumequinum,0.021,0.021,-1,Echolocation,/mnt/ubna_data_02_mir/recover-20221013/UBNA_001/20221012_030000.WAV,Telephone Field,recover-20221013,001,1795
1110.2125,1110.2536,68437,82590,Rhinolophus ferrumequinum,0.021,0.021,-1,Echolocation,/mnt/ubna_data_02_mir/recover-20221013/UBNA_001/20221012_030000.WAV,Telephone Field,recover-20221013,001,1795
1110.2135,1110.2289,21171,24202,Nyctalus leisleri,0.015,0.022,-1,Echolocation,/mnt/ubna_data_02_mir/recover-20221013/UBNA_001/20221012_030000.WAV,Telephone Field,recover-20221013,001,1795
1110.2225,1110.2617,68437,82465,Rhinolophus ferrumequinum,0.021,0.021,-1,Echolocation,/mnt/ubna_data_02_mir/recover-20221013/UBNA_001/20221012_030000.WAV,Telephone Field,recover-20221013,001,1795
1110.2405,1110.2487,28046,45538,Eptesicus serotinus,0.007,0.02,-1,Echolocation,/mnt/ubna_data_02_mir/recover-20221013/UBNA_001/20221012_030000.WAV,Telephone Field,recover-20221013,001,1795
1110.2635,1110.2715,46953,51378,Pipistrellus pipistrellus,0.021,0.022,-1,Echolocation,/mnt/ubna_data_02_mir/recover-20221013/UBNA_001/20221012_030000.WAV,Telephone Field,recover-20221013,001,1795
1110.2685,1110.2763,23750,32255,Plecotus austriacus,0.008,0.021,-1,Echolocation,/mnt/ubna_data_02_mir/recover-20221013/UBNA_001/20221012_030000.WAV,Telephone Field,recover-20221013,001,1795
1110.3115,1110.3516,68437,82316,Rhinolophus ferrumequinum,0.02,0.02,-1,Echolocation,/mnt/ubna_data_02_mir/recover-20221013/UBNA_001/20221012_030000.WAV,Telephone Field,recover-20221013,001,1795
1110.3185,1110.3585,68437,81892,Rhinolophus ferrumequinum,0.022,0.022,-1,Echolocation,/mnt/ubna_data_02_mir/recover-20221013/UBNA_001/20221012_030000.WAV,Telephone Field,recover-20221013,001,1795
1110.3535,1110.3621,28046,40007,Eptesicus serotinus,0.009,0.023,-1,Echolocation,/mnt/ubna_data_02_mir/recover-20221013/UBNA_001/20221012_030000.WAV,Telephone Field,recover-20221013,001,1795
1110.3765,1110.3861,57265,62349,Pipistrellus pygmaeus,0.021,0.021,-1,Echolocation,/mnt/ubna_data_02_mir/recover-20221013/UBNA_001/20221012_030000.WAV,Telephone Field,recover-20221013,001,1795
1110.4025,1110.4458,68437,83155,Rhinolophus ferrumequinum,0.047,0.047,-1,Echolocation,/mnt/ubna_data_02_mir/recover-20221013/UBNA_001/20221012_030000.WAV,Telephone Field,recover-20221013,001,1795
1110.4305,1110.4413,30625,38717,Eptesicus serotinus,0.009,0.021,-1,Echolocation,/mnt/ubna_data_02_mir/recover-20221013/UBNA_001/20221012_030000.WAV,Telephone Field,recover-20221013,001,1795
1110.4615,1110.497,68437,81692,Rhinolophus ferrumequinum,0.022,0.022,-1,Echolocation,/mnt/ubna_data_02_mir/recover-20221013/UBNA_001/20221012_030000.WAV,Telephone Field,recover-20221013,001,1795
1110.4725,1110.5089,68437,81398,Rhinolophus ferrumequinum,0.022,0.022,-1,Echolocation,/mnt/ubna_data_02_mir/recover-20221013/UBNA_001/20221012_030000.WAV,Telephone Field,recover-20221013,001,1795
1110.4755,1110.4835,49531,58225,Pipistrellus pipistrellus,0.02,0.023,-1,Echolocation,/mnt/ubna_data_02_mir/recover-20221013/UBNA_001/20221012_030000.WAV,Telephone Field,recover-20221013,001,1795
1110.4825,1110.4916,28046,39112,Eptesicus serotinus,0.011,0.028,-1,Echolocation,/mnt/ubna_data_02_mir/recover-20221013/UBNA_001/20221012_030000.WAV,Telephone Field,recover-20221013,001,1795
1110.4825,1110.5216,68437,82092,Rhinolophus ferrumequinum,0.021,0.021,-1,Echolocation,/mnt/ubna_data_02_mir/recover-20221013/UBNA_001/20221012_030000.WAV,Telephone Field,recover-20221013,001,1795
1110.5055,1110.547,68437,82349,Rhinolophus ferrumequinum,0.034,0.034,-1,Echolocation,/mnt/ubna_data_02_mir/recover-20221013/UBNA_001/20221012_030000.WAV,Telephone Field,recover-20221013,001,1795
1110.5835,1110.6249,68437,82935,Rhinolophus ferrumequinum,0.025,0.025,-1,Echolocation,/mnt/ubna_data_02_mir/recover-20221013/UBNA_001/20221012_030000.WAV,Telephone Field,recover-20221013,001,1795
1110.6015,1110.6387,68437,80958,Rhinolophus ferrumequinum,0.022,0.022,-1,Echolocation,/mnt/ubna_data_02_mir/recover-20221013/UBNA_001/20221012_030000.WAV,Telephone Field,recover-20221013,001,1795
1110.6415,1110.68,68437,82283,Rhinolophus ferrumequinum,0.022,0.022,-1,Echolocation,/mnt/ubna_data_02_mir/recover-20221013/UBNA_001/20221012_030000.WAV,Telephone Field,recover-20221013,001,1795
1110.6595,1110.6987,68437,82456,Rhinolophus ferrumequinum,0.021,0.021,-1,Echolocation,/mnt/ubna_data_02_mir/recover-20221013/UBNA_001/20221012_030000.WAV,Telephone Field,recover-20221013,001,1795
1110.6595,1110.6674,25468,36968,Eptesicus serotinus,0.006,0.02,-1,Echolocation,/mnt/ubna_data_02_mir/recover-20221013/UBNA_001/20221012_030000.WAV,Telephone Field,recover-20221013,001,1795
1110.6755,1110.7127,68437,82431,Rhinolophus ferrumequinum,0.02,0.02,-1,Echolocation,/mnt/ubna_data_02_mir/recover-20221013/UBNA_001/20221012_030000.WAV,Telephone Field,recover-20221013,001,1795
1110.6835,1110.6949,36640,41404,Pipistrellus nathusii,0.008,0.02,-1,Echolocation,/mnt/ubna_data_02_mir/recover-20221013/UBNA_001/20221012_030000.WAV,Telephone Field,recover-20221013,001,1795
1110.6835,1110.6915,27187,36497,Eptesicus serotinus,0.009,0.025,-1,Echolocation,/mnt/ubna_data_02_mir/recover-20221013/UBNA_001/20221012_030000.WAV,Telephone Field,recover-20221013,001,1795
1110.6865,1110.722,68437,81095,Rhinolophus ferrumequinum,0.021,0.021,-1,Echolocation,/mnt/ubna_data_02_mir/recover-20221013/UBNA_001/20221012_030000.WAV,Telephone Field,recover-20221013,001,1795
1110.7005,1110.7384,68437,82580,Rhinolophus ferrumequinum,0.024,0.024,-1,Echolocation,/mnt/ubna_data_02_mir/recover-20221013/UBNA_001/20221012_030000.WAV,Telephone Field,recover-20221013,001,1795
1110.7405,1110.7486,28046,38766,Eptesicus serotinus,0.008,0.022,-1,Echolocation,/mnt/ubna_data_02_mir/recover-20221013/UBNA_001/20221012_030000.WAV,Telephone Field,recover-20221013,001,1795
1110.8085,1110.8476,68437,82063,Rhinolophus ferrumequinum,0.028,0.028,-1,Echolocation,/mnt/ubna_data_02_mir/recover-20221013/UBNA_001/20221012_030000.WAV,Telephone Field,recover-20221013,001,1795
1110.8125,1110.8223,24609,32048,Eptesicus serotinus,0.009,0.026,-1,Echolocation,/mnt/ubna_data_02_mir/recover-20221013/UBNA_001/20221012_030000.WAV,Telephone Field,recover-20221013,001,1795
1110.8205,1110.8317,25468,31987,Eptesicus serotinus,0.011,0.025,-1,Echolocation,/mnt/ubna_data_02_mir/recover-20221013/UBNA_001/20221012_030000.WAV,Telephone Field,recover-20221013,001,1795
1110.8485,1110.8825,68437,80433,Rhinolophus ferrumequinum,0.022,0.022,-1,Echolocation,/mnt/ubna_data_02_mir/recover-20221013/UBNA_001/20221012_030000.WAV,Telephone Field,recover-20221013,001,1795
1110.8615,1110.9,68437,81855,Rhinolophus ferrumequinum,0.02,0.02,-1,Echolocation,/mnt/ubna_data_02_mir/recover-20221013/UBNA_001/20221012_030000.WAV,Telephone Field,recover-20221013,001,1795
1110.8665,1110.8783,22031,26657,Nyctalus leisleri,0.012,0.024,-1,Echolocation,/mnt/ubna_data_02_mir/recover-20221013/UBNA_001/20221012_030000.WAV,Telephone Field,recover-20221013,001,1795
1110.8665,1110.8751,28046,38211,Eptesicus serotinus,0.007,0.02,-1,Echolocation,/mnt/ubna_data_02_mir/recover-20221013/UBNA_001/20221012_030000.WAV,Telephone Field,recover-20221013,001,1795
1110.8795,1110.9207,68437,82750,Rhinolophus ferrumequinum,0.024,0.024,-1,Echolocation,/mnt/ubna_data_02_mir/recover-20221013/UBNA_001/20221012_030000.WAV,Telephone Field,recover-20221013,001,1795
1110.9185,1110.9309,29765,37393,Eptesicus serotinus,0.016,0.03,-1,Echolocation,/mnt/ubna_data_02_mir/recover-20221013/UBNA_001/20221012_030000.WAV,Telephone Field,recover-20221013,001,1795
1110.9545,1110.9628,27187,38483,Eptesicus serotinus,0.007,0.02,-1,Echolocation,/mnt/ubna_data_02_mir/recover-20221013/UBNA_001/20221012_030000.WAV,Telephone Field,recover-20221013,001,1795
1110.9865,1110.9974,27187,35430,Eptesicus serotinus,0.01,0.021,-1,Echolocation,/mnt/ubna_data_02_mir/recover-20221013/UBNA_001/20221012_030000.WAV,Telephone Field,recover-20221013,001,1795
1111.0055,1111.0426,68437,81699,Rhinolophus ferrumequinum,0.02,0.02,-1,Echolocation,/mnt/ubna_data_02_mir/recover-20221013/UBNA_001/20221012_030000.WAV,Telephone Field,recover-20221013,001,1795
1111.0075,1111.0169,28906,38802,Eptesicus serotinus,0.012,0.027,-1,Echolocation,/mnt/ubna_data_02_mir/recover-20221013/UBNA_001/20221012_030000.WAV,Telephone Field,recover-20221013,001,1795
1111.0445,1111.083,68437,82194,Rhinolophus ferrumequinum,0.021,0.021,-1,Echolocation,/mnt/ubna_data_02_mir/recover-20221013/UBNA_001/20221012_030000.WAV,Telephone Field,recover-20221013,001,1795
1111.0555,1111.0958,68437,82557,Rhinolophus ferrumequinum,0.022,0.022,-1,Echolocation,/mnt/ubna_data_02_mir/recover-20221013/UBNA_001/20221012_030000.WAV,Telephone Field,recover-20221013,001,1795
1111.0725,1111.0824,25468,32090,Nyctalus leisleri,0.009,0.024,-1,Echolocation,/mnt/ubna_data_02_mir/recover-20221013/UBNA_001/20221012_030000.WAV,Telephone Field,recover-20221013,001,1795
1111.1075,1111.1454,68437,81659,Rhinolophus ferrumequinum,0.021,0.021,-1,Echolocation,/mnt/ubna_data_02_mir/recover-20221013/UBNA_001/20221012_030000.WAV,Telephone Field,recover-20221013,001,1795
1111.1175,1111.1264,28906,40933,Eptesicus serotinus,0.009,0.022,-1,Echolocation,/mnt/ubna_data_02_mir/recover-20221013/UBNA_001/20221012_030000.WAV,Telephone Field,recover-20221013,001,1795
1111.1325,1111.1692,68437,81337,Rhinolophus ferrumequinum,0.021,0.021,-1,Echolocation,/mnt/ubna_data_02_mir/recover-20221013/UBNA_001/20221012_030000.WAV,Telephone Field,recover-20221013,001,1795
1111.1515,1111.1887,68437,81819,Rhinolophus ferrumequinum,0.022,0.022,-1,Echolocation,/mnt/ubna_data_02_mir/recover-20221013/UBNA_001/20221012_030000.WAV,Telephone Field,recover-20221013,001,1795
1111.1585,1111.1981,68437,82483,Rhinolophus ferrumequinum,0.023,0.023,-1,Echolocation,/mnt/ubna_data_02_mir/recover-20221013/UBNA_001/20221012_030000.WAV,Telephone Field,recover-20221013,001,1795
1111.1605,1111.1714,22031,26885,Nyctalus leisleri,0.011,0.022,-1,Echolocation,/mnt/ubna_data_02_mir/recover-20221013/UBNA_001/20221012_030000.WAV,Telephone Field,recover-20221013,001,1795
1111.1755,1111.2134,68437,81960,Rhinolophus ferrumequinum,0.023,0.023,-1,Echolocation,/mnt/ubna_data_02_mir/recover-20221013/UBNA_001/20221012_030000.WAV,Telephone Field,recover-20221013,001,1795
1111.1795,1111.1869,27187,38908,Eptesicus serotinus,0.007,0.022,-1,Echolocation,/mnt/ubna_data_02_mir/recover-20221013/UBNA_001/20221012_030000.WAV,Telephone Field,recover-20221013,001,1795
1111.1975,1111.2036,26328,39452,Eptesicus serotinus,0.005,0.024,-1,Echolocation,/mnt/ubna_data_02_mir/recover-20221013/UBNA_001/20221012_030000.WAV,Telephone Field,recover-20221013,001,1795
1111.2665,1111.3026,68437,82078,Rhinolophus ferrumequinum,0.021,0.021,-1,Echolocation,/mnt/ubna_data_02_mir/recover-20221013/UBNA_001/20221012_030000.WAV,Telephone Field,recover-20221013,001,1795
1111.3115,1111.3494,68437,82298,Rhinolophus ferrumequinum,0.021,0.021,-1,Echolocation,/mnt/ubna_data_02_mir/recover-20221013/UBNA_001/20221012_030000.WAV,Telephone Field,recover-20221013,001,1795
1111.3415,1111.3527,22890,28453,Nyctalus leisleri,0.009,0.02,-1,Echolocation,/mnt/ubna_data_02_mir/recover-20221013/UBNA_001/20221012_030000.WAV,Telephone Field,recover-20221013,001,1795
1111.3585,1111.3978,68437,81795,Rhinolophus ferrumequinum,0.02,0.02,-1,Echolocation,/mnt/ubna_data_02_mir/recover-20221013/UBNA_001/20221012_030000.WAV,Telephone Field,recover-20221013,001,1795
1111.3595,1111.3669,23750,33011,Plecotus austriacus,0.012,0.027,-1,Echolocation,/mnt/ubna_data_02_mir/recover-20221013/UBNA_001/20221012_030000.WAV,Telephone Field,recover-20221013,001,1795
1111.3715,1111.4097,68437,82185,Rhinolophus ferrumequinum,0.022,0.022,-1,Echolocation,/mnt/ubna_data_02_mir/recover-20221013/UBNA_001/20221012_030000.WAV,Telephone Field,recover-20221013,001,1795
1111.3835,1111.4243,68437,82805,Rhinolophus ferrumequinum,0.022,0.022,-1,Echolocation,/mnt/ubna_data_02_mir/recover-20221013/UBNA_001/20221012_030000.WAV,Telephone Field,recover-20221013,001,1795
1111.4035,1111.4127,28906,39187,Eptesicus serotinus,0.007,0.021,-1,Echolocation,/mnt/ubna_data_02_mir/recover-20221013/UBNA_001/20221012_030000.WAV,Telephone Field,recover-20221013,001,1795
1111.4325,1111.4428,23750,30007,Nyctalus leisleri,0.009,0.023,-1,Echolocation,/mnt/ubna_data_02_mir/recover-20221013/UBNA_001/20221012_030000.WAV,Telephone Field,recover-20221013,001,1795
1111.4375,1111.4745,68437,82229,Rhinolophus ferrumequinum,0.021,0.021,-1,Echolocation,/mnt/ubna_data_02_mir/recover-20221013/UBNA_001/20221012_030000.WAV,Telephone Field,recover-20221013,001,1795
1111.4625,1111.5003,68437,82123,Rhinolophus ferrumequinum,0.021,0.021,-1,Echolocation,/mnt/ubna_data_02_mir/recover-20221013/UBNA_001/20221012_030000.WAV,Telephone Field,recover-20221013,001,1795
1111.5145,1111.5535,68437,82640,Rhinolophus ferrumequinum,0.022,0.022,-1,Echolocation,/mnt/ubna_data_02_mir/recover-20221013/UBNA_001/20221012_030000.WAV,Telephone Field,recover-20221013,001,1795
1111.5395,1111.5797,68437,82417,Rhinolophus ferrumequinum,0.024,0.024,-1,Echolocation,/mnt/ubna_data_02_mir/recover-20221013/UBNA_001/20221012_030000.WAV,Telephone Field,recover-20221013,001,1795
1111.5515,1111.5582,28046,39591,Eptesicus serotinus,0.006,0.024,-1,Echolocation,/mnt/ubna_data_02_mir/recover-20221013/UBNA_001/20221012_030000.WAV,Telephone Field,recover-20221013,001,1795
1111.5575,1111.5986,68437,82715,Rhinolophus ferrumequinum,0.022,0.022,-1,Echolocation,/mnt/ubna_data_02_mir/recover-20221013/UBNA_001/20221012_030000.WAV,Telephone Field,recover-20221013,001,1795
1111.5575,1111.5755,20312,23413,Nyctalus leisleri,0.018,0.03,-1,Echolocation,/mnt/ubna_data_02_mir/recover-20221013/UBNA_001/20221012_030000.WAV,Telephone Field,recover-20221013,001,1795
1111.6225,1111.6612,68437,82789,Rhinolophus ferrumequinum,0.025,0.025,-1,Echolocation,/mnt/ubna_data_02_mir/recover-20221013/UBNA_001/20221012_030000.WAV,Telephone Field,recover-20221013,001,1795
1111.6445,1111.6532,28046,37296,Eptesicus serotinus,0.008,0.021,-1,Echolocation,/mnt/ubna_data_02_mir/recover-20221013/UBNA_001/20221012_030000.WAV,Telephone Field,recover-20221013,001,1795
1111.6795,1111.6884,27187,36513,Eptesicus serotinus,0.02,0.04,-1,Echolocation,/mnt/ubna_data_02_mir/recover-20221013/UBNA_001/20221012_030000.WAV,Telephone Field,recover-20221013,001,1795
1111.6935,1111.7382,68437,83347,Rhinolophus ferrumequinum,0.038,0.039,-1,Echolocation,/mnt/ubna_data_02_mir/recover-20221013/UBNA_001/20221012_030000.WAV,Telephone Field,recover-20221013,001,1795
1111.7055,1111.7449,68437,82657,Rhinolophus ferrumequinum,0.022,0.022,-1,Echolocation,/mnt/ubna_data_02_mir/recover-20221013/UBNA_001/20221012_030000.WAV,Telephone Field,recover-20221013,001,1795
1111.7525,1111.7598,27187,39097,Eptesicus serotinus,0.006,0.02,-1,Echolocation,/mnt/ubna_data_02_mir/recover-20221013/UBNA_001/20221012_030000.WAV,Telephone Field,recover-20221013,001,1795
1111.7925,1111.8319,68437,81849,Rhinolophus ferrumequinum,0.022,0.022,-1,Echolocation,/mnt/ubna_data_02_mir/recover-20221013/UBNA_001/20221012_030000.WAV,Telephone Field,recover-20221013,001,1795
1111.8065,1111.8434,68437,81764,Rhinolophus ferrumequinum,0.02,0.02,-1,Echolocation,/mnt/ubna_data_02_mir/recover-20221013/UBNA_001/20221012_030000.WAV,Telephone Field,recover-20221013,001,1795
1111.8185,1111.8287,22031,27252,Nyctalus leisleri,0.009,0.02,-1,Echolocation,/mnt/ubna_data_02_mir/recover-20221013/UBNA_001/20221012_030000.WAV,Telephone Field,recover-20221013,001,1795
1111.8205,1111.829,27187,37464,Eptesicus serotinus,0.008,0.021,-1,Echolocation,/mnt/ubna_data_02_mir/recover-20221013/UBNA_001/20221012_030000.WAV,Telephone Field,recover-20221013,001,1795
1111.8395,1111.8799,68437,82485,Rhinolophus ferrumequinum,0.024,0.024,-1,Echolocation,/mnt/ubna_data_02_mir/recover-20221013/UBNA_001/20221012_030000.WAV,Telephone Field,recover-20221013,001,1795
1111.8915,1111.929,68437,81950,Rhinolophus ferrumequinum,0.022,0.022,-1,Echolocation,/mnt/ubna_data_02_mir/recover-20221013/UBNA_001/20221012_030000.WAV,Telephone Field,recover-20221013,001,1795
1111.9185,1111.9258,28046,38606,Eptesicus serotinus,0.006,0.022,-1,Echolocation,/mnt/ubna_data_02_mir/recover-20221013/UBNA_001/20221012_030000.WAV,Telephone Field,recover-20221013,001,1795
1111.9195,1111.9553,68437,81427,Rhinolophus ferrumequinum,0.021,0.021,-1,Echolocation,/mnt/ubna_data_02_mir/recover-20221013/UBNA_001/20221012_030000.WAV,Telephone Field,recover-20221013,001,1795
1111.9425,1111.9527,23750,30174,Nyctalus leisleri,0.008,0.02,-1,Echolocation,/mnt/ubna_data_02_mir/recover-20221013/UBNA_001/20221012_030000.WAV,Telephone Field,recover-20221013,001,1795
1112.0015,1112.0339,68437,79756,Rhinolophus ferrumequinum,0.027,0.027,-1,Echolocation,/mnt/ubna_data_02_mir/recover-20221013/UBNA_001/20221012_030000.WAV,Telephone Field,recover-20221013,001,1795
1112.0015,1112.0094,24609,33666,Nyctalus leisleri,0.005,0.023,-1,Echolocation,/mnt/ubna_data_02_mir/recover-20221013/UBNA_001/20221012_030000.WAV,Telephone Field,recover-20221013,001,1795
1112.0015,1112.0087,46093,50898,Pipistrellus pipistrellus,0.029,0.039,-1,Echolocation,/mnt/ubna_data_02_mir/recover-20221013/UBNA_001/20221012_030000.WAV,Telephone Field,recover-20221013,001,1795
1112.0125,1112.055,68437,82547,Rhinolophus ferrumequinum,0.022,0.022,-1,Echolocation,/mnt/ubna_data_02_mir/recover-20221013/UBNA_001/20221012_030000.WAV,Telephone Field,recover-20221013,001,1795
1112.0345,1112.0731,68437,82481,Rhinolophus ferrumequinum,0.046,0.046,-1,Echolocation,/mnt/ubna_data_02_mir/recover-20221013/UBNA_001/20221012_030000.WAV,Telephone Field,recover-20221013,001,1795
1112.0635,1112.1026,68437,82265,Rhinolophus ferrumequinum,0.023,0.023,-1,Echolocation,/mnt/ubna_data_02_mir/recover-20221013/UBNA_001/20221012_030000.WAV,Telephone Field,recover-20221013,001,1795
1112.0735,1112.1141,68437,82311,Rhinolophus ferrumequinum,0.024,0.024,-1,Echolocation,/mnt/ubna_data_02_mir/recover-20221013/UBNA_001/20221012_030000.WAV,Telephone Field,recover-20221013,001,1795
1112.0795,1112.0888,25468,33411,Eptesicus serotinus,0.01,0.028,-1,Echolocation,/mnt/ubna_data_02_mir/recover-20221013/UBNA_001/20221012_030000.WAV,Telephone Field,recover-20221013,001,1795
1112.1075,1112.1434,68437,81254,Rhinolophus ferrumequinum,0.034,0.034,-1,Echolocation,/mnt/ubna_data_02_mir/recover-20221013/UBNA_001/20221012_030000.WAV,Telephone Field,recover-20221013,001,1795
1112.1175,1112.1586,68437,82752,Rhinolophus ferrumequinum,0.041,0.041,-1,Echolocation,/mnt/ubna_data_02_mir/recover-20221013/UBNA_001/20221012_030000.WAV,Telephone Field,recover-20221013,001,1795
1112.1735,1112.2142,68437,82329,Rhinolophus ferrumequinum,0.025,0.025,-1,Echolocation,/mnt/ubna_data_02_mir/recover-20221013/UBNA_001/20221012_030000.WAV,Telephone Field,recover-20221013,001,1795
1112.1785,1112.2182,68437,82798,Rhinolophus ferrumequinum,0.025,0.025,-1,Echolocation,/mnt/ubna_data_02_mir/recover-20221013/UBNA_001/20221012_030000.WAV,Telephone Field,recover-20221013,001,1795
1112.1955,1112.2348,68437,82577,Rhinolophus ferrumequinum,0.025,0.025,-1,Echolocation,/mnt/ubna_data_02_mir/recover-20221013/UBNA_001/20221012_030000.WAV,Telephone Field,recover-20221013,001,1795
1112.2275,1112.2663,68437,82719,Rhinolophus ferrumequinum,0.028,0.028,-1,Echolocation,/mnt/ubna_data_02_mir/recover-20221013/UBNA_001/20221012_030000.WAV,Telephone Field,recover-20221013,001,1795
1112.2295,1112.2385,28046,36067,Eptesicus serotinus,0.007,0.023,-1,Echolocation,/mnt/ubna_data_02_mir/recover-20221013/UBNA_001/20221012_030000.WAV,Telephone Field,recover-20221013,001,1795
1112.2525,1112.2937,68437,82416,Rhinolophus ferrumequinum,0.03,0.03,-1,Echolocation,/mnt/ubna_data_02_mir/recover-20221013/UBNA_001/20221012_030000.WAV,Telephone Field,recover-20221013,001,1795
1112.2565,1112.2649,33203,41029,Barbastellus barbastellus,0.019,0.041,-1,Echolocation,/mnt/ubna_data_02_mir/recover-20221013/UBNA_001/20221012_030000.WAV,Telephone Field,recover-20221013,001,1795
1112.2575,1112.3001,68437,82748,Rhinolophus ferrumequinum,0.031,0.031,-1,Echolocation,/mnt/ubna_data_02_mir/recover-20221013/UBNA_001/20221012_030000.WAV,Telephone Field,recover-20221013,001,1795
1112.3015,1112.3414,68437,82958,Rhinolophus ferrumequinum,0.027,0.027,-1,Echolocation,/mnt/ubna_data_02_mir/recover-20221013/UBNA_001/20221012_030000.WAV,Telephone Field,recover-20221013,001,1795
1112.3325,1112.3695,68437,81815,Rhinolophus ferrumequinum,0.022,0.022,-1,Echolocation,/mnt/ubna_data_02_mir/recover-20221013/UBNA_001/20221012_030000.WAV,Telephone Field,recover-20221013,001,1795
1112.3495,1112.389,68437,81865,Rhinolophus ferrumequinum,0.054,0.054,-1,Echolocation,/mnt/ubna_data_02_mir/recover-20221013/UBNA_001/20221012_030000.WAV,Telephone Field,recover-20221013,001,1795
1112.3555,1112.366,22031,27092,Nyctalus leisleri,0.011,0.023,-1,Echolocation,/mnt/ubna_data_02_mir/recover-20221013/UBNA_001/20221012_030000.WAV,Telephone Field,recover-20221013,001,1795
1112.3695,1112.3796,24609,31285,Nyctalus leisleri,0.009,0.023,-1,Echolocation,/mnt/ubna_data_02_mir/recover-20221013/UBNA_001/20221012_030000.WAV,Telephone Field,recover-20221013,001,1795
1112.3915,1112.4321,68437,82911,Rhinolophus ferrumequinum,0.028,0.028,-1,Echolocation,/mnt/ubna_data_02_mir/recover-20221013/UBNA_001/20221012_030000.WAV,Telephone Field,recover-20221013,001,1795
1112.3955,1112.4036,28046,38856,Eptesicus serotinus,0.008,0.024,-1,Echolocation,/mnt/ubna_data_02_mir/recover-20221013/UBNA_001/20221012_030000.WAV,Telephone Field,recover-20221013,001,1795
1112.4115,1112.4525,68437,82663,Rhinolophus ferrumequinum,0.022,0.022,-1,Echolocation,/mnt/ubna_data_02_mir/recover-20221013/UBNA_001/20221012_030000.WAV,Telephone Field,recover-20221013,001,1795
1112.4315,1112.4701,68437,82305,Rhinolophus ferrumequinum,0.027,0.027,-1,Echolocation,/mnt/ubna_data_02_mir/recover-20221013/UBNA_001/20221012_030000.WAV,Telephone Field,recover-20221013,001,1795
1112.4365,1112.4527,18593,22641,Nyctalus noctula,0.015,0.028,-1,Echolocation,/mnt/ubna_data_02_mir/recover-20221013/UBNA_001/20221012_030000.WAV,Telephone Field,recover-20221013,001,1795
1112.4825,1112.522,68437,82277,Rhinolophus ferrumequinum,0.023,0.023,-1,Echolocation,/mnt/ubna_data_02_mir/recover-20221013/UBNA_001/20221012_030000.WAV,Telephone Field,recover-20221013,001,1795
1112.4985,1112.5067,50390,57244,Pipistrellus pipistrellus,0.022,0.027,-1,Echolocation,/mnt/ubna_data_02_mir/recover-20221013/UBNA_001/20221012_030000.WAV,Telephone Field,recover-20221013,001,1795
1112.4995,1112.5373,68437,81744,Rhinolophus ferrumequinum,0.027,0.027,-1,Echolocation,/mnt/ubna_data_02_mir/recover-20221013/UBNA_001/20221012_030000.WAV,Telephone Field,recover-20221013,001,1795
1112.5255,1112.5654,68437,82343,Rhinolophus ferrumequinum,0.025,0.025,-1,Echolocation,/mnt/ubna_data_02_mir/recover-20221013/UBNA_001/20221012_030000.WAV,Telephone Field,recover-20221013,001,1795
1112.5385,1112.5802,68437,83528,Rhinolophus ferrumequinum,0.036,0.036,-1,Echolocation,/mnt/ubna_data_02_mir/recover-20221013/UBNA_001/20221012_030000.WAV,Telephone Field,recover-20221013,001,1795
1112.5645,1112.602,68437,82036,Rhinolophus ferrumequinum,0.037,0.037,-1,Echolocation,/mnt/ubna_data_02_mir/recover-20221013/UBNA_001/20221012_030000.WAV,Telephone Field,recover-20221013,001,1795
1112.6185,1112.6249,28046,38405,Eptesicus serotinus,0.005,0.023,-1,Echolocation,/mnt/ubna_data_02_mir/recover-20221013/UBNA_001/20221012_030000.WAV,Telephone Field,recover-20221013,001,1795
1112.6285,1112.6687,68437,82239,Rhinolophus ferrumequinum,0.035,0.035,-1,Echolocation,/mnt/ubna_data_02_mir/recover-20221013/UBNA_001/20221012_030000.WAV,Telephone Field,recover-20221013,001,1795
1112.6675,1112.6748,28046,39217,Eptesicus serotinus,0.007,0.022,-1,Echolocation,/mnt/ubna_data_02_mir/recover-20221013/UBNA_001/20221012_030000.WAV,Telephone Field,recover-20221013,001,1795
1112.6745,1112.682,28046,39266,Eptesicus serotinus,0.007,0.024,-1,Echolocation,/mnt/ubna_data_02_mir/recover-20221013/UBNA_001/20221012_030000.WAV,Telephone Field,recover-20221013,001,1795
1112.7225,1112.7598,68437,82088,Rhinolophus ferrumequinum,0.023,0.023,-1,Echolocation,/mnt/ubna_data_02_mir/recover-20221013/UBNA_001/20221012_030000.WAV,Telephone Field,recover-20221013,001,1795
1112.7275,1112.7666,68437,82175,Rhinolophus ferrumequinum,0.023,0.023,-1,Echolocation,/mnt/ubna_data_02_mir/recover-20221013/UBNA_001/20221012_030000.WAV,Telephone Field,recover-20221013,001,1795
1112.7495,1112.7886,68437,82529,Rhinolophus ferrumequinum,0.025,0.025,-1,Echolocation,/mnt/ubna_data_02_mir/recover-20221013/UBNA_001/20221012_030000.WAV,Telephone Field,recover-20221013,001,1795
1112.7925,1112.8265,68437,81358,Rhinolophus ferrumequinum,0.026,0.026,-1,Echolocation,/mnt/ubna_data_02_mir/recover-20221013/UBNA_001/20221012_030000.WAV,Telephone Field,recover-20221013,001,1795
1112.8015,1112.8418,68437,81529,Rhinolophus ferrumequinum,0.023,0.023,-1,Echolocation,/mnt/ubna_data_02_mir/recover-20221013/UBNA_001/20221012_030000.WAV,Telephone Field,recover-20221013,001,1795
1112.8115,1112.8526,68437,82471,Rhinolophus ferrumequinum,0.023,0.023,-1,Echolocation,/mnt/ubna_data_02_mir/recover-20221013/UBNA_001/20221012_030000.WAV,Telephone Field,recover-20221013,001,1795
1112.8665,1112.9053,68437,82259,Rhinolophus ferrumequinum,0.031,0.031,-1,Echolocation,/mnt/ubna_data_02_mir/recover-20221013/UBNA_001/20221012_030000.WAV,Telephone Field,recover-20221013,001,1795
1112.9105,1112.9538,68437,83281,Rhinolophus ferrumequinum,0.042,0.042,-1,Echolocation,/mnt/ubna_data_02_mir/recover-20221013/UBNA_001/20221012_030000.WAV,Telephone Field,recover-20221013,001,1795
1112.9255,1112.9318,48671,53741,Pipistrellus pipistrellus,0.028,0.03,-1,Echolocation,/mnt/ubna_data_02_mir/recover-20221013/UBNA_001/20221012_030000.WAV,Telephone Field,recover-20221013,001,1795
1112.9515,1112.9919,68437,82732,Rhinolophus ferrumequinum,0.029,0.029,-1,Echolocation,/mnt/ubna_data_02_mir/recover-20221013/UBNA_001/20221012_030000.WAV,Telephone Field,recover-20221013,001,1795
1112.9605,1113.0005,68437,82605,Rhinolophus ferrumequinum,0.024,0.024,-1,Echolocation,/mnt/ubna_data_02_mir/recover-20221013/UBNA_001/20221012_030000.WAV,Telephone Field,recover-20221013,001,1795
1112.9715,1112.9822,22031,27612,Nyctalus leisleri,0.013,0.032,-1,Echolocation,/mnt/ubna_data_02_mir/recover-20221013/UBNA_001/20221012_030000.WAV,Telephone Field,recover-20221013,001,1795
1113.0005,1113.0119,24609,31068,Nyctalus leisleri,0.009,0.023,-1,Echolocation,/mnt/ubna_data_02_mir/recover-20221013/UBNA_001/20221012_030000.WAV,Telephone Field,recover-20221013,001,1795
1113.0035,1113.0385,68437,81000,Rhinolophus ferrumequinum,0.023,0.023,-1,Echolocation,/mnt/ubna_data_02_mir/recover-20221013/UBNA_001/20221012_030000.WAV,Telephone Field,recover-20221013,001,1795
1113.0265,1113.0346,23750,32176,Plecotus austriacus,0.009,0.023,-1,Echolocation,/mnt/ubna_data_02_mir/recover-20221013/UBNA_001/20221012_030000.WAV,Telephone Field,recover-20221013,001,1795
1113.0365,1113.0449,28046,38406,Eptesicus serotinus,0.008,0.025,-1,Echolocation,/mnt/ubna_data_02_mir/recover-20221013/UBNA_001/20221012_030000.WAV,Telephone Field,recover-20221013,001,1795
1113.0395,1113.0785,68437,82237,Rhinolophus ferrumequinum,0.025,0.025,-1,Echolocation,/mnt/ubna_data_02_mir/recover-20221013/UBNA_001/20221012_030000.WAV,Telephone Field,recover-20221013,001,1795
1113.0565,1113.0931,68437,81766,Rhinolophus ferrumequinum,0.022,0.022,-1,Echolocation,/mnt/ubna_data_02_mir/recover-20221013/UBNA_001/20221012_030000.WAV,Telephone Field,recover-20221013,001,1795
1113.0655,1113.1043,68437,81228,Rhinolophus ferrumequinum,0.023,0.023,-1,Echolocation,/mnt/ubna_data_02_mir/recover-20221013/UBNA_001/20221012_030000.WAV,Telephone Field,recover-20221013,001,1795
1113.0705,1113.0803,23750,31028,Nyctalus leisleri,0.011,0.034,-1,Echolocation,/mnt/ubna_data_02_mir/recover-20221013/UBNA_001/20221012_030000.WAV,Telephone Field,recover-20221013,001,1795
1113.0745,1113.1134,68437,81694,Rhinolophus ferrumequinum,0.033,0.033,-1,Echolocation,/mnt/ubna_data_02_mir/recover-20221013/UBNA_001/20221012_030000.WAV,Telephone Field,recover-20221013,001,1795
1113.1015,1113.1095,27187,38530,Eptesicus serotinus,0.007,0.022,-1,Echolocation,/mnt/ubna_data_02_mir/recover-20221013/UBNA_001/20221012_030000.WAV,Telephone Field,recover-20221013,001,1795
1113.1335,1113.174,68437,82768,Rhinolophus ferrumequinum,0.03,0.03,-1,Echolocation,/mnt/ubna_data_02_mir/recover-20221013/UBNA_001/20221012_030000.WAV,Telephone Field,recover-20221013,001,1795
1113.1615,1113.1703,28046,36582,Eptesicus serotinus,0.008,0.023,-1,Echolocation,/mnt/ubna_data_02_mir/recover-20221013/UBNA_001/20221012_030000.WAV,Telephone Field,recover-20221013,001,1795
1113.1815,1113.2212,68437,82539,Rhinolophus ferrumequinum,0.026,0.026,-1,Echolocation,/mnt/ubna_data_02_mir/recover-20221013/UBNA_001/20221012_030000.WAV,Telephone Field,recover-20221013,001,1795
1113.2105,1113.2555,68437,83492,Rhinolophus ferrumequinum,0.05,0.05,-1,Echolocation,/mnt/ubna_data_02_mir/recover-20221013/UBNA_001/20221012_030000.WAV,Telephone Field,recover-20221013,001,1795
1113.2315,1113.2721,68437,82636,Rhinolophus ferrumequinum,0.027,0.027,-1,Echolocation,/mnt/ubna_data_02_mir/recover-20221013/UBNA_001/20221012_030000.WAV,Telephone Field,recover-20221013,001,1795
1113.2675,1113.2785,25468,31237,Nyctalus leisleri,0.011,0.029,-1,Echolocation,/mnt/ubna_data_02_mir/recover-20221013/UBNA_001/20221012_030000.WAV,Telephone Field,recover-20221013,001,1795
1113.2705,1113.3097,68437,82736,Rhinolophus ferrumequinum,0.022,0.022,-1,Echolocation,/mnt/ubna_data_02_mir/recover-20221013/UBNA_001/20221012_030000.WAV,Telephone Field,recover-20221013,001,1795
1113.2935,1113.3366,68437,83257,Rhinolophus ferrumequinum,0.037,0.037,-1,Echolocation,/mnt/ubna_data_02_mir/recover-20221013/UBNA_001/20221012_030000.WAV,Telephone Field,recover-20221013,001,1795
1113.3215,1113.3609,68437,82345,Rhinolophus ferrumequinum,0.022,0.022,-1,Echolocation,/mnt/ubna_data_02_mir/recover-20221013/UBNA_001/20221012_030000.WAV,Telephone Field,recover-20221013,001,1795
1113.3415,1113.3836,68437,83113,Rhinolophus ferrumequinum,0.026,0.026,-1,Echolocation,/mnt/ubna_data_02_mir/recover-20221013/UBNA_001/20221012_030000.WAV,Telephone Field,recover-20221013,001,1795
1113.3945,1113.4317,68437,82157,Rhinolophus ferrumequinum,0.024,0.025,-1,Echolocation,/mnt/ubna_data_02_mir/recover-20221013/UBNA_001/20221012_030000.WAV,Telephone Field,recover-20221013,001,1795
1113.4135,1113.4539,68437,82351,Rhinolophus ferrumequinum,0.023,0.023,-1,Echolocation,/mnt/ubna_data_02_mir/recover-20221013/UBNA_001/20221012_030000.WAV,Telephone Field,recover-20221013,001,1795
1113.4445,1113.4818,68437,82107,Rhinolophus ferrumequinum,0.026,0.026,-1,Echolocation,/mnt/ubna_data_02_mir/recover-20221013/UBNA_001/20221012_030000.WAV,Telephone Field,recover-20221013,001,1795
1113.4565,1113.4931,68437,82107,Rhinolophus ferrumequinum,0.028,0.028,-1,Echolocation,/mnt/ubna_data_02_mir/recover-20221013/UBNA_001/20221012_030000.WAV,Telephone Field,recover-20221013,001,1795
1113.4655,1113.5061,68437,82376,Rhinolophus ferrumequinum,0.03,0.03,-1,Echolocation,/mnt/ubna_data_02_mir/recover-20221013/UBNA_001/20221012_030000.WAV,Telephone Field,recover-20221013,001,1795
1113.4965,1113.5331,68437,82016,Rhinolophus ferrumequinum,0.022,0.022,-1,Echolocation,/mnt/ubna_data_02_mir/recover-20221013/UBNA_001/20221012_030000.WAV,Telephone Field,recover-20221013,001,1795
1113.4995,1113.5086,27187,34913,Eptesicus serotinus,0.009,0.022,-1,Echolocation,/mnt/ubna_data_02_mir/recover-20221013/UBNA_001/20221012_030000.WAV,Telephone Field,recover-20221013,001,1795
1113.5035,1113.5404,68437,81624,Rhinolophus ferrumequinum,0.022,0.022,-1,Echolocation,/mnt/ubna_data_02_mir/recover-20221013/UBNA_001/20221012_030000.WAV,Telephone Field,recover-20221013,001,1795
1113.5185,1113.5571,68437,82032,Rhinolophus ferrumequinum,0.022,0.022,-1,Echolocation,/mnt/ubna_data_02_mir/recover-20221013/UBNA_001/20221012_030000.WAV,Telephone Field,recover-20221013,001,1795
1113.5225,1113.5324,23750,30194,Nyctalus leisleri,0.009,0.023,-1,Echolocation,/mnt/ubna_data_02_mir/recover-20221013/UBNA_001/20221012_030000.WAV,Telephone Field,recover-20221013,001,1795
1113.5585,1113.5957,68437,81794,Rhinolophus ferrumequinum,0.022,0.022,-1,Echolocation,/mnt/ubna_data_02_mir/recover-20221013/UBNA_001/20221012_030000.WAV,Telephone Field,recover-20221013,001,1795
1113.5625,1113.5729,22031,27008,Nyctalus leisleri,0.009,0.022,-1,Echolocation,/mnt/ubna_data_02_mir/recover-20221013/UBNA_001/20221012_030000.WAV,Telephone Field,recover-20221013,001,1795
1113.5785,1113.6148,68437,81842,Rhinolophus ferrumequinum,0.022,0.022,-1,Echolocation,/mnt/ubna_data_02_mir/recover-20221013/UBNA_001/20221012_030000.WAV,Telephone Field,recover-20221013,001,1795
1113.6035,1113.64,68437,81954,Rhinolophus ferrumequinum,0.022,0.022,-1,Echolocation,/mnt/ubna_data_02_mir/recover-20221013/UBNA_001/20221012_030000.WAV,Telephone Field,recover-20221013,001,1795
1113.6355,1113.676,68437,82888,Rhinolophus ferrumequinum,0.031,0.031,-1,Echolocation,/mnt/ubna_data_02_mir/recover-20221013/UBNA_001/20221012_030000.WAV,Telephone Field,recover-20221013,001,1795
1113.6425,1113.6517,27187,37200,Eptesicus serotinus,0.01,0.024,-1,Echolocation,/mnt/ubna_data_02_mir/recover-20221013/UBNA_001/20221012_030000.WAV,Telephone Field,recover-20221013,001,1795
1113.6445,1113.6558,22890,29045,Nyctalus leisleri,0.011,0.024,-1,Echolocation,/mnt/ubna_data_02_mir/recover-20221013/UBNA_001/20221012_030000.WAV,Telephone Field,recover-20221013,001,1795
1113.6585,1113.6988,68437,82356,Rhinolophus ferrumequinum,0.025,0.025,-1,Echolocation,/mnt/ubna_data_02_mir/recover-20221013/UBNA_001/20221012_030000.WAV,Telephone Field,recover-20221013,001,1795
1113.6685,1113.7116,68437,83198,Rhinolophus ferrumequinum,0.025,0.025,-1,Echolocation,/mnt/ubna_data_02_mir/recover-20221013/UBNA_001/20221012_030000.WAV,Telephone Field,recover-20221013,001,1795
1113.6925,1113.7311,68437,81795,Rhinolophus ferrumequinum,0.024,0.024,-1,Echolocation,/mnt/ubna_data_02_mir/recover-20221013/UBNA_001/20221012_030000.WAV,Telephone Field,recover-20221013,001,1795
1113.7075,1113.7462,68437,82445,Rhinolophus ferrumequinum,0.024,0.024,-1,Echolocation,/mnt/ubna_data_02_mir/recover-20221013/UBNA_001/20221012_030000.WAV,Telephone Field,recover-20221013,001,1795
1113.7385,1113.7761,68437,82254,Rhinolophus ferrumequinum,0.024,0.024,-1,Echolocation,/mnt/ubna_data_02_mir/recover-20221013/UBNA_001/20221012_030000.WAV,Telephone Field,recover-20221013,001,1795
1113.7475,1113.7607,22031,26068,Nyctalus leisleri,0.02,0.036,-1,Echolocation,/mnt/ubna_data_02_mir/recover-20221013/UBNA_001/20221012_030000.WAV,Telephone Field,recover-20221013,001,1795
1113.7715,1113.7791,23750,32151,Plecotus austriacus,0.009,0.023,-1,Echolocation,/mnt/ubna_data_02_mir/recover-20221013/UBNA_001/20221012_030000.WAV,Telephone Field,recover-20221013,001,1795
1113.7845,1113.795,24609,30483,Nyctalus leisleri,0.013,0.029,-1,Echolocation,/mnt/ubna_data_02_mir/recover-20221013/UBNA_001/20221012_030000.WAV,Telephone Field,recover-20221013,001,1795
1113.8015,1113.8083,31484,42872,Myotis daubentonii,0.009,0.023,-1,Echolocation,/mnt/ubna_data_02_mir/recover-20221013/UBNA_001/20221012_030000.WAV,Telephone Field,recover-20221013,001,1795
1113.8345,1113.8748,68437,81973,Rhinolophus ferrumequinum,0.025,0.025,-1,Echolocation,/mnt/ubna_data_02_mir/recover-20221013/UBNA_001/20221012_030000.WAV,Telephone Field,recover-20221013,001,1795
1113.8565,1113.865,27187,38311,Eptesicus serotinus,0.008,0.023,-1,Echolocation,/mnt/ubna_data_02_mir/recover-20221013/UBNA_001/20221012_030000.WAV,Telephone Field,recover-20221013,001,1795
1113.9135,1113.9229,28046,35757,Eptesicus serotinus,0.009,0.023,-1,Echolocation,/mnt/ubna_data_02_mir/recover-20221013/UBNA_001/20221012_030000.WAV,Telephone Field,recover-20221013,001,1795
1113.9395,1113.9477,28906,37791,Eptesicus serotinus,0.01,0.027,-1,Echolocation,/mnt/ubna_data_02_mir/recover-20221013/UBNA_001/20221012_030000.WAV,Telephone Field,recover-20221013,001,1795
1113.9495,1113.9578,28046,36662,Eptesicus serotinus,0.008,0.023,-1,Echolocation,/mnt/ubna_data_02_mir/recover-20221013/UBNA_001/20221012_030000.WAV,Telephone Field,recover-20221013,001,1795
1113.9715,1113.9781,24609,34437,Plecotus austriacus,0.007,0.022,-1,Echolocation,/mnt/ubna_data_02_mir/recover-20221013/UBNA_001/20221012_030000.WAV,Telephone Field,recover-20221013,001,1795
1113.9885,1113.9974,28906,39466,Eptesicus serotinus,0.008,0.022,-1,Echolocation,/mnt/ubna_data_02_mir/recover-20221013/UBNA_001/20221012_030000.WAV,Telephone Field,recover-20221013,001,1795
1114.0015,1114.0331,69296,81311,Rhinolophus ferrumequinum,0.035,0.036,-1,Echolocation,/mnt/ubna_data_02_mir/recover-20221013/UBNA_001/20221012_030000.WAV,Telephone Field,recover-20221013,001,1795
1114.0015,1114.0107,22890,28396,Nyctalus leisleri,0.013,0.03,-1,Echolocation,/mnt/ubna_data_02_mir/recover-20221013/UBNA_001/20221012_030000.WAV,Telephone Field,recover-20221013,001,1795
1114.0085,1114.0492,68437,80964,Rhinolophus ferrumequinum,0.02,0.02,-1,Echolocation,/mnt/ubna_data_02_mir/recover-20221013/UBNA_001/20221012_030000.WAV,Telephone Field,recover-20221013,001,1795
1114.0305,1114.0408,22031,26586,Nyctalus leisleri,0.011,0.024,-1,Echolocation,/mnt/ubna_data_02_mir/recover-20221013/UBNA_001/20221012_030000.WAV,Telephone Field,recover-20221013,001,1795
1114.0345,1114.0423,28046,39519,Eptesicus serotinus,0.007,0.021,-1,Echolocation,/mnt/ubna_data_02_mir/recover-20221013/UBNA_001/20221012_030000.WAV,Telephone Field,recover-20221013,001,1795
1114.0605,1114.0707,22031,27442,Nyctalus leisleri,0.008,0.02,-1,Echolocation,/mnt/ubna_data_02_mir/recover-20221013/UBNA_001/20221012_030000.WAV,Telephone Field,recover-20221013,001,1795
1114.0685,1114.1103,68437,82726,Rhinolophus ferrumequinum,0.027,0.027,-1,Echolocation,/mnt/ubna_data_02_mir/recover-20221013/UBNA_001/20221012_030000.WAV,Telephone Field,recover-20221013,001,1795
1114.0725,1114.0821,28046,36478,Eptesicus serotinus,0.013,0.027,-1,Echolocation,/mnt/ubna_data_02_mir/recover-20221013/UBNA_001/20221012_030000.WAV,Telephone Field,recover-20221013,001,1795
1114.0805,1114.1157,68437,82361,Rhinolophus ferrumequinum,0.021,0.021,-1,Echolocation,/mnt/ubna_data_02_mir/recover-20221013/UBNA_001/20221012_030000.WAV,Telephone Field,recover-20221013,001,1795
1114.1235,1114.1622,68437,82264,Rhinolophus ferrumequinum,0.021,0.021,-1,Echolocation,/mnt/ubna_data_02_mir/recover-20221013/UBNA_001/20221012_030000.WAV,Telephone Field,recover-20221013,001,1795
1114.1485,1114.1859,68437,81774,Rhinolophus ferrumequinum,0.021,0.021,-1,Echolocation,/mnt/ubna_data_02_mir/recover-20221013/UBNA_001/20221012_030000.WAV,Telephone Field,recover-20221013,001,1795
1114.1825,1114.1888,51250,58981,Pipistrellus pipistrellus,0.017,0.02,-1,Echolocation,/mnt/ubna_data_02_mir/recover-20221013/UBNA_001/20221012_030000.WAV,Telephone Field,recover-20221013,001,1795
1114.1895,1114.1992,22890,28724,Nyctalus leisleri,0.008,0.022,-1,Echolocation,/mnt/ubna_data_02_mir/recover-20221013/UBNA_001/20221012_030000.WAV,Telephone Field,recover-20221013,001,1795
1114.2315,1114.2421,22031,27040,Nyctalus leisleri,0.011,0.025,-1,Echolocation,/mnt/ubna_data_02_mir/recover-20221013/UBNA_001/20221012_030000.WAV,Telephone Field,recover-20221013,001,1795
1114.2325,1114.2701,68437,82156,Rhinolophus ferrumequinum,0.022,0.022,-1,Echolocation,/mnt/ubna_data_02_mir/recover-20221013/UBNA_001/20221012_030000.WAV,Telephone Field,recover-20221013,001,1795
1114.2455,1114.2853,68437,82595,Rhinolophus ferrumequinum,0.023,0.023,-1,Echolocation,/mnt/ubna_data_02_mir/recover-20221013/UBNA_001/20221012_030000.WAV,Telephone Field,recover-20221013,001,1795
1114.2865,1114.3276,68437,82971,Rhinolophus ferrumequinum,0.03,0.03,-1,Echolocation,/mnt/ubna_data_02_mir/recover-20221013/UBNA_001/20221012_030000.WAV,Telephone Field,recover-20221013,001,1795
1114.3185,1114.3533,68437,81559,Rhinolophus ferrumequinum,0.024,0.024,-1,Echolocation,/mnt/ubna_data_02_mir/recover-20221013/UBNA_001/20221012_030000.WAV,Telephone Field,recover-20221013,001,1795
1114.3655,1114.4021,68437,81761,Rhinolophus ferrumequinum,0.021,0.021,-1,Echolocation,/mnt/ubna_data_02_mir/recover-20221013/UBNA_001/20221012_030000.WAV,Telephone Field,recover-20221013,001,1795
1114.3825,1114.419,68437,81011,Rhinolophus ferrumequinum,0.021,0.021,-1,Echolocation,/mnt/ubna_data_02_mir/recover-20221013/UBNA_001/20221012_030000.WAV,Telephone Field,recover-20221013,001,1795
1114.4325,1114.4726,68437,82733,Rhinolophus ferrumequinum,0.023,0.023,-1,Echolocation,/mnt/ubna_data_02_mir/recover-20221013/UBNA_001/20221012_030000.WAV,Telephone Field,recover-20221013,001,1795
1114.4685,1114.504,68437,81898,Rhinolophus ferrumequinum,0.02,0.021,-1,Echolocation,/mnt/ubna_data_02_mir/recover-20221013/UBNA_001/20221012_030000.WAV,Telephone Field,recover-20221013,001,1795
1114.5245,1114.5323,26328,36764,Eptesicus serotinus,0.008,0.024,-1,Echolocation,/mnt/ubna_data_02_mir/recover-20221013/UBNA_001/20221012_030000.WAV,Telephone Field,recover-20221013,001,1795
1114.5365,1114.574,68437,81676,Rhinolophus ferrumequinum,0.021,0.021,-1,Echolocation,/mnt/ubna_data_02_mir/recover-20221013/UBNA_001/20221012_030000.WAV,Telephone Field,recover-20221013,001,1795
1114.5795,1114.5862,32343,45412,Myotis daubentonii,0.012,0.032,-1,Echolocation,/mnt/ubna_data_02_mir/recover-20221013/UBNA_001/20221012_030000.WAV,Telephone Field,recover-20221013,001,1795
1114.5995,1114.6363,68437,81357,Rhinolophus ferrumequinum,0.022,0.022,-1,Echolocation,/mnt/ubna_data_02_mir/recover-20221013/UBNA_001/20221012_030000.WAV,Telephone Field,recover-20221013,001,1795
1114.6045,1114.6422,68437,81416,Rhinolophus ferrumequinum,0.022,0.022,-1,Echolocation,/mnt/ubna_data_02_mir/recover-20221013/UBNA_001/20221012_030000.WAV,Telephone Field,recover-20221013,001,1795
1114.6115,1114.6476,68437,81478,Rhinolophus ferrumequinum,0.022,0.022,-1,Echolocation,/mnt/ubna_data_02_mir/recover-20221013/UBNA_001/20221012_030000.WAV,Telephone Field,recover-20221013,001,1795
1114.6245,1114.6321,24609,34024,Plecotus austriacus,0.006,0.022,-1,Echolocation,/mnt/ubna_data_02_mir/recover-20221013/UBNA_001/20221012_030000.WAV,Telephone Field,recover-20221013,001,1795
1114.6405,1114.6815,68437,82984,Rhinolophus ferrumequinum,0.023,0.023,-1,Echolocation,/mnt/ubna_data_02_mir/recover-20221013/UBNA_001/20221012_030000.WAV,Telephone Field,recover-20221013,001,1795
1114.6555,1114.6638,28046,38085,Eptesicus serotinus,0.008,0.022,-1,Echolocation,/mnt/ubna_data_02_mir/recover-20221013/UBNA_001/20221012_030000.WAV,Telephone Field,recover-20221013,001,1795
1114.6635,1114.702,68437,82428,Rhinolophus ferrumequinum,0.025,0.025,-1,Echolocation,/mnt/ubna_data_02_mir/recover-20221013/UBNA_001/20221012_030000.WAV,Telephone Field,recover-20221013,001,1795
1114.6805,1114.6978,22031,25395,Nyctalus leisleri,0.018,0.03,-1,Echolocation,/mnt/ubna_data_02_mir/recover-20221013/UBNA_001/20221012_030000.WAV,Telephone Field,recover-20221013,001,1795
1114.6885,1114.7217,68437,80363,Rhinolophus ferrumequinum,0.02,0.021,-1,Echolocation,/mnt/ubna_data_02_mir/recover-20221013/UBNA_001/20221012_030000.WAV,Telephone Field,recover-20221013,001,1795
1114.7045,1114.7431,68437,81945,Rhinolophus ferrumequinum,0.021,0.021,-1,Echolocation,/mnt/ubna_data_02_mir/recover-20221013/UBNA_001/20221012_030000.WAV,Telephone Field,recover-20221013,001,1795
1114.7575,1114.7704,27187,34169,Eptesicus serotinus,0.015,0.027,-1,Echolocation,/mnt/ubna_data_02_mir/recover-20221013/UBNA_001/20221012_030000.WAV,Telephone Field,recover-20221013,001,1795
1114.8085,1114.8447,68437,81650,Rhinolophus ferrumequinum,0.021,0.021,-1,Echolocation,/mnt/ubna_data_02_mir/recover-20221013/UBNA_001/20221012_030000.WAV,Telephone Field,recover-20221013,001,1795
1114.8125,1114.8222,23750,30147,Nyctalus leisleri,0.007,0.02,-1,Echolocation,/mnt/ubna_data_02_mir/recover-20221013/UBNA_001/20221012_030000.WAV,Telephone Field,recover-20221013,001,1795
1114.8165,1114.8535,68437,81689,Rhinolophus ferrumequinum,0.021,0.021,-1,Echolocation,/mnt/ubna_data_02_mir/recover-20221013/UBNA_001/20221012_030000.WAV,Telephone Field,recover-20221013,001,1795
1114.8245,1114.8617,68437,81498,Rhinolophus ferrumequinum,0.022,0.022,-1,Echolocation,/mnt/ubna_data_02_mir/recover-20221013/UBNA_001/20221012_030000.WAV,Telephone Field,recover-20221013,001,1795
1114.8345,1114.8775,68437,82459,Rhinolophus ferrumequinum,0.023,0.023,-1,Echolocation,/mnt/ubna_data_02_mir/recover-20221013/UBNA_001/20221012_030000.WAV,Telephone Field,recover-20221013,001,1795
1114.8465,1114.8848,68437,81754,Rhinolophus ferrumequinum,0.021,0.021,-1,Echolocation,/mnt/ubna_data_02_mir/recover-20221013/UBNA_001/20221012_030000.WAV,Telephone Field,recover-20221013,001,1795
1114.8465,1114.8566,22031,27838,Nyctalus leisleri,0.01,0.03,-1,Echolocation,/mnt/ubna_data_02_mir/recover-20221013/UBNA_001/20221012_030000.WAV,Telephone Field,recover-20221013,001,1795
1114.9235,1114.96,68437,82474,Rhinolophus ferrumequinum,0.024,0.024,-1,Echolocation,/mnt/ubna_data_02_mir/recover-20221013/UBNA_001/20221012_030000.WAV,Telephone Field,recover-20221013,001,1795
1114.9705,1114.9804,27187,36126,Eptesicus serotinus,0.009,0.022,-1,Echolocation,/mnt/ubna_data_02_mir/recover-20221013/UBNA_001/20221012_030000.WAV,Telephone Field,recover-20221013,001,1795
1114.9725,1115.0084,68437,81493,Rhinolophus ferrumequinum,0.023,0.023,-1,Echolocation,/mnt/ubna_data_02_mir/recover-20221013/UBNA_001/20221012_030000.WAV,Telephone Field,recover-20221013,001,1795
1115.0005,1115.0384,68437,81719,Rhinolophus ferrumequinum,0.02,0.02,-1,Echolocation,/mnt/ubna_data_02_mir/recover-20221013/UBNA_001/20221012_030000.WAV,Telephone Field,recover-20221013,001,1795
1115.0085,1115.0467,68437,81889,Rhinolophus ferrumequinum,0.028,0.028,-1,Echolocation,/mnt/ubna_data_02_mir/recover-20221013/UBNA_001/20221012_030000.WAV,Telephone Field,recover-20221013,001,1795
1115.0725,1115.1105,68437,81699,Rhinolophus ferrumequinum,0.021,0.021,-1,Echolocation,/mnt/ubna_data_02_mir/recover-20221013/UBNA_001/20221012_030000.WAV,Telephone Field,recover-20221013,001,1795
1115.1055,1115.1226,20312,23370,Nyctalus leisleri,0.013,0.023,-1,Echolocation,/mnt/ubna_data_02_mir/recover-20221013/UBNA_001/20221012_030000.WAV,Telephone Field,recover-20221013,001,1795
1115.1155,1115.1246,22031,27613,Nyctalus leisleri,0.008,0.021,-1,Echolocation,/mnt/ubna_data_02_mir/recover-20221013/UBNA_001/20221012_030000.WAV,Telephone Field,recover-20221013,001,1795
1115.1185,1115.1587,68437,82229,Rhinolophus ferrumequinum,0.028,0.028,-1,Echolocation,/mnt/ubna_data_02_mir/recover-20221013/UBNA_001/20221012_030000.WAV,Telephone Field,recover-20221013,001,1795
1115.1825,1115.1908,26328,35402,Eptesicus serotinus,0.007,0.023,-1,Echolocation,/mnt/ubna_data_02_mir/recover-20221013/UBNA_001/20221012_030000.WAV,Telephone Field,recover-20221013,001,1795
1115.2345,1115.2493,22031,25969,Nyctalus leisleri,0.014,0.024,-1,Echolocation,/mnt/ubna_data_02_mir/recover-20221013/UBNA_001/20221012_030000.WAV,Telephone Field,recover-20221013,001,1795
1115.2375,1115.2451,49531,53845,Pipistrellus pipistrellus,0.021,0.023,-1,Echolocation,/mnt/ubna_data_02_mir/recover-20221013/UBNA_001/20221012_030000.WAV,Telephone Field,recover-20221013,001,1795
1115.2525,1115.2923,68437,82611,Rhinolophus ferrumequinum,0.023,0.023,-1,Echolocation,/mnt/ubna_data_02_mir/recover-20221013/UBNA_001/20221012_030000.WAV,Telephone Field,recover-20221013,001,1795
1115.2665,1115.3034,68437,81301,Rhinolophus ferrumequinum,0.021,0.021,-1,Echolocation,/mnt/ubna_data_02_mir/recover-20221013/UBNA_001/20221012_030000.WAV,Telephone Field,recover-20221013,001,1795
1115.2815,1115.2937,22031,26418,Nyctalus leisleri,0.015,0.026,-1,Echolocation,/mnt/ubna_data_02_mir/recover-20221013/UBNA_001/20221012_030000.WAV,Telephone Field,recover-20221013,001,1795
1115.3145,1115.3244,27187,35194,Eptesicus serotinus,0.009,0.02,-1,Echolocation,/mnt/ubna_data_02_mir/recover-20221013/UBNA_001/20221012_030000.WAV,Telephone Field,recover-20221013,001,1795
1115.3315,1115.3402,56406,60937,Pipistrellus pygmaeus,0.026,0.026,-1,Echolocation,/mnt/ubna_data_02_mir/recover-20221013/UBNA_001/20221012_030000.WAV,Telephone Field,recover-20221013,001,1795
1115.3435,1115.3773,68437,80996,Rhinolophus ferrumequinum,0.02,0.02,-1,Echolocation,/mnt/ubna_data_02_mir/recover-20221013/UBNA_001/20221012_030000.WAV,Telephone Field,recover-20221013,001,1795
1115.3665,1115.3754,23750,30867,Nyctalus leisleri,0.006,0.021,-1,Echolocation,/mnt/ubna_data_02_mir/recover-20221013/UBNA_001/20221012_030000.WAV,Telephone Field,recover-20221013,001,1795
1115.3905,1115.4292,68437,82620,Rhinolophus ferrumequinum,0.022,0.022,-1,Echolocation,/mnt/ubna_data_02_mir/recover-20221013/UBNA_001/20221012_030000.WAV,Telephone Field,recover-20221013,001,1795
1115.4235,1115.4323,27187,38769,Eptesicus serotinus,0.008,0.022,-1,Echolocation,/mnt/ubna_data_02_mir/recover-20221013/UBNA_001/20221012_030000.WAV,Telephone Field,recover-20221013,001,1795
1115.4375,1115.4779,68437,82801,Rhinolophus ferrumequinum,0.026,0.026,-1,Echolocation,/mnt/ubna_data_02_mir/recover-20221013/UBNA_001/20221012_030000.WAV,Telephone Field,recover-20221013,001,1795
1115.5165,1115.5269,23750,29961,Nyctalus leisleri,0.009,0.024,-1,Echolocation,/mnt/ubna_data_02_mir/recover-20221013/UBNA_001/20221012_030000.WAV,Telephone Field,recover-20221013,001,1795
1115.5315,1115.5705,68437,82048,Rhinolophus ferrumequinum,0.024,0.024,-1,Echolocation,/mnt/ubna_data_02_mir/recover-20221013/UBNA_001/20221012_030000.WAV,Telephone Field,recover-20221013,001,1795
1115.5325,1115.5435,26328,33680,Eptesicus serotinus,0.017,0.036,-1,Echolocation,/mnt/ubna_data_02_mir/recover-20221013/UBNA_001/20221012_030000.WAV,Telephone Field,recover-20221013,001,1795
1115.5545,1115.5931,68437,82016,Rhinolophus ferrumequinum,0.02,0.021,-1,Echolocation,/mnt/ubna_data_02_mir/recover-20221013/UBNA_001/20221012_030000.WAV,Telephone Field,recover-20221013,001,1795
1115.5705,1115.6104,68437,82318,Rhinolophus ferrumequinum,0.021,0.021,-1,Echolocation,/mnt/ubna_data_02_mir/recover-20221013/UBNA_001/20221012_030000.WAV,Telephone Field,recover-20221013,001,1795
1115.6065,1115.6445,68437,81910,Rhinolophus ferrumequinum,0.021,0.021,-1,Echolocation,/mnt/ubna_data_02_mir/recover-20221013/UBNA_001/20221012_030000.WAV,Telephone Field,recover-20221013,001,1795
1115.6085,1115.6174,34062,41145,Myotis daubentonii,0.006,0.023,-1,Echolocation,/mnt/ubna_data_02_mir/recover-20221013/UBNA_001/20221012_030000.WAV,Telephone Field,recover-20221013,001,1795
1115.6265,1115.6353,22890,30483,Plecotus austriacus,0.008,0.021,-1,Echolocation,/mnt/ubna_data_02_mir/recover-20221013/UBNA_001/20221012_030000.WAV,Telephone Field,recover-20221013,001,1795
1115.6565,1115.6697,22031,25488,Nyctalus leisleri,0.012,0.02,-1,Echolocation,/mnt/ubna_data_02_mir/recover-20221013/UBNA_001/20221012_030000.WAV,Telephone Field,recover-20221013,001,1795
1115.7105,1115.7483,68437,81828,Rhinolophus ferrumequinum,0.02,0.02,-1,Echolocation,/mnt/ubna_data_02_mir/recover-20221013/UBNA_001/20221012_030000.WAV,Telephone Field,recover-20221013,001,1795
1115.7355,1115.7752,68437,81920,Rhinolophus ferrumequinum,0.022,0.022,-1,Echolocation,/mnt/ubna_data_02_mir/recover-20221013/UBNA_001/20221012_030000.WAV,Telephone Field,recover-20221013,001,1795
1115.7395,1115.7472,28046,41371,Eptesicus serotinus,0.007,0.021,-1,Echolocation,/mnt/ubna_data_02_mir/recover-20221013/UBNA_001/20221012_030000.WAV,Telephone Field,recover-20221013,001,1795
1115.7455,1115.7537,28046,39042,Eptesicus serotinus,0.007,0.02,-1,Echolocation,/mnt/ubna_data_02_mir/recover-20221013/UBNA_001/20221012_030000.WAV,Telephone Field,recover-20221013,001,1795
1115.7475,1115.7886,68437,82572,Rhinolophus ferrumequinum,0.022,0.022,-1,Echolocation,/mnt/ubna_data_02_mir/recover-20221013/UBNA_001/20221012_030000.WAV,Telephone Field,recover-20221013,001,1795
1115.7885,1115.8257,68437,81588,Rhinolophus ferrumequinum,0.021,0.021,-1,Echolocation,/mnt/ubna_data_02_mir/recover-20221013/UBNA_001/20221012_030000.WAV,Telephone Field,recover-20221013,001,1795
1115.7985,1115.8075,22890,29585,Plecotus austriacus,0.009,0.024,-1,Echolocation,/mnt/ubna_data_02_mir/recover-20221013/UBNA_001/20221012_030000.WAV,Telephone Field,recover-20221013,001,1795
1115.8345,1115.8425,27187,38230,Eptesicus serotinus,0.007,0.021,-1,Echolocation,/mnt/ubna_data_02_mir/recover-20221013/UBNA_001/20221012_030000.WAV,Telephone Field,recover-20221013,001,1795
1115.9085,1115.9467,68437,81983,Rhinolophus ferrumequinum,0.022,0.022,-1,Echolocation,/mnt/ubna_data_02_mir/recover-20221013/UBNA_001/20221012_030000.WAV,Telephone Field,recover-20221013,001,1795
1115.9485,1115.9923,68437,82949,Rhinolophus ferrumequinum,0.041,0.041,-1,Echolocation,/mnt/ubna_data_02_mir/recover-20221013/UBNA_001/20221012_030000.WAV,Telephone Field,recover-20221013,001,1795
1115.9705,1115.982,22890,27386,Nyctalus leisleri,0.012,0.022,-1,Echolocation,/mnt/ubna_data_02_mir/recover-20221013/UBNA_001/20221012_030000.WAV,Telephone Field,recover-20221013,001,1795
1115.9835,1115.9908,27187,38319,Eptesicus serotinus,0.006,0.022,-1,Echolocation,/mnt/ubna_data_02_mir/recover-20221013/UBNA_001/20221012_030000.WAV,Telephone Field,recover-20221013,001,1795
1116.0015,1116.0336,68437,79763,Rhinolophus ferrumequinum,0.041,0.042,-1,Echolocation,/mnt/ubna_data_02_mir/recover-20221013/UBNA_001/20221012_030000.WAV,Telephone Field,recover-20221013,001,1795
1116.0015,1116.01,29765,38325,Myotis daubentonii,0.005,0.021,-1,Echolocation,/mnt/ubna_data_02_mir/recover-20221013/UBNA_001/20221012_030000.WAV,Telephone Field,recover-20221013,001,1795
1116.0015,1116.0101,22890,29070,Nyctalus leisleri,0.01,0.026,-1,Echolocation,/mnt/ubna_data_02_mir/recover-20221013/UBNA_001/20221012_030000.WAV,Telephone Field,recover-20221013,001,1795
1116.0255,1116.0359,22890,27509,Nyctalus leisleri,0.01,0.021,-1,Echolocation,/mnt/ubna_data_02_mir/recover-20221013/UBNA_001/20221012_030000.WAV,Telephone Field,recover-20221013,001,1795
1116.1045,1116.1157,22031,26278,Nyctalus leisleri,0.011,0.02,-1,Echolocation,/mnt/ubna_data_02_mir/recover-20221013/UBNA_001/20221012_030000.WAV,Telephone Field,recover-20221013,001,1795
1116.1125,1116.1502,68437,81514,Rhinolophus ferrumequinum,0.021,0.021,-1,Echolocation,/mnt/ubna_data_02_mir/recover-20221013/UBNA_001/20221012_030000.WAV,Telephone Field,recover-20221013,001,1795
1116.1525,1116.1913,68437,82043,Rhinolophus ferrumequinum,0.024,0.024,-1,Echolocation,/mnt/ubna_data_02_mir/recover-20221013/UBNA_001/20221012_030000.WAV,Telephone Field,recover-20221013,001,1795
1116.2715,1116.313,68437,82801,Rhinolophus ferrumequinum,0.026,0.026,-1,Echolocation,/mnt/ubna_data_02_mir/recover-20221013/UBNA_001/20221012_030000.WAV,Telephone Field,recover-20221013,001,1795
1116.2805,1116.2882,28046,38478,Eptesicus serotinus,0.007,0.023,-1,Echolocation,/mnt/ubna_data_02_mir/recover-20221013/UBNA_001/20221012_030000.WAV,Telephone Field,recover-20221013,001,1795
1116.3005,1116.3391,68437,82714,Rhinolophus ferrumequinum,0.025,0.025,-1,Echolocation,/mnt/ubna_data_02_mir/recover-20221013/UBNA_001/20221012_030000.WAV,Telephone Field,recover-20221013,001,1795
1116.3325,1116.3451,28906,35538,Eptesicus serotinus,0.016,0.03,-1,Echolocation,/mnt/ubna_data_02_mir/recover-20221013/UBNA_001/20221012_030000.WAV,Telephone Field,recover-20221013,001,1795
1116.3365,1116.3709,68437,81415,Rhinolophus ferrumequinum,0.02,0.02,-1,Echolocation,/mnt/ubna_data_02_mir/recover-20221013/UBNA_001/20221012_030000.WAV,Telephone Field,recover-20221013,001,1795
1116.3625,1116.4006,68437,82016,Rhinolophus ferrumequinum,0.025,0.025,-1,Echolocation,/mnt/ubna_data_02_mir/recover-20221013/UBNA_001/20221012_030000.WAV,Telephone Field,recover-20221013,001,1795
1116.4085,1116.4452,68437,81316,Rhinolophus ferrumequinum,0.021,0.021,-1,Echolocation,/mnt/ubna_data_02_mir/recover-20221013/UBNA_001/20221012_030000.WAV,Telephone Field,recover-20221013,001,1795
1116.4455,1116.4839,68437,81981,Rhinolophus ferrumequinum,0.029,0.03,-1,Echolocation,/mnt/ubna_data_02_mir/recover-20221013/UBNA_001/20221012_030000.WAV,Telephone Field,recover-20221013,001,1795
1116.4505,1116.4579,27187,37463,Eptesicus serotinus,0.006,0.022,-1,Echolocation,/mnt/ubna_data_02_mir/recover-20221013/UBNA_001/20221012_030000.WAV,Telephone Field,recover-20221013,001,1795
1116.4505,1116.4603,22031,27875,Nyctalus leisleri,0.008,0.021,-1,Echolocation,/mnt/ubna_data_02_mir/recover-20221013/UBNA_001/20221012_030000.WAV,Telephone Field,recover-20221013,001,1795
1116.4625,1116.4702,27187,38369,Eptesicus serotinus,0.008,0.022,-1,Echolocation,/mnt/ubna_data_02_mir/recover-20221013/UBNA_001/20221012_030000.WAV,Telephone Field,recover-20221013,001,1795
1116.4955,1116.5333,68437,81824,Rhinolophus ferrumequinum,0.021,0.021,-1,Echolocation,/mnt/ubna_data_02_mir/recover-20221013/UBNA_001/20221012_030000.WAV,Telephone Field,recover-20221013,001,1795
1116.5495,1116.5588,24609,31364,Eptesicus serotinus,0.007,0.022,-1,Echolocation,/mnt/ubna_data_02_mir/recover-20221013/UBNA_001/20221012_030000.WAV,Telephone Field,recover-20221013,001,1795
1116.5665,1116.6048,68437,81758,Rhinolophus ferrumequinum,0.024,0.024,-1,Echolocation,/mnt/ubna_data_02_mir/recover-20221013/UBNA_001/20221012_030000.WAV,Telephone Field,recover-20221013,001,1795
1116.5775,1116.598,20312,23130,Nyctalus leisleri,0.018,0.032,-1,Echolocation,/mnt/ubna_data_02_mir/recover-20221013/UBNA_001/20221012_030000.WAV,Telephone Field,recover-20221013,001,1795
1116.5795,1116.618,68437,81930,Rhinolophus ferrumequinum,0.02,0.02,-1,Echolocation,/mnt/ubna_data_02_mir/recover-20221013/UBNA_001/20221012_030000.WAV,Telephone Field,recover-20221013,001,1795
1116.5905,1116.5974,28046,39683,Eptesicus serotinus,0.007,0.026,-1,Echolocation,/mnt/ubna_data_02_mir/recover-20221013/UBNA_001/20221012_030000.WAV,Telephone Field,recover-20221013,001,1795
1116.6095,1116.6198,28046,38306,Eptesicus serotinus,0.01,0.022,-1,Echolocation,/mnt/ubna_data_02_mir/recover-20221013/UBNA_001/20221012_030000.WAV,Telephone Field,recover-20221013,001,1795
1116.6135,1116.6523,68437,82014,Rhinolophus ferrumequinum,0.024,0.024,-1,Echolocation,/mnt/ubna_data_02_mir/recover-20221013/UBNA_001/20221012_030000.WAV,Telephone Field,recover-20221013,001,1795
1116.6155,1116.6258,28906,35142,Eptesicus serotinus,0.01,0.023,-1,Echolocation,/mnt/ubna_data_02_mir/recover-20221013/UBNA_001/20221012_030000.WAV,Telephone Field,recover-20221013,001,1795
1116.6315,1116.6388,28046,39797,Eptesicus serotinus,0.006,0.021,-1,Echolocation,/mnt/ubna_data_02_mir/recover-20221013/UBNA_001/20221012_030000.WAV,Telephone Field,recover-20221013,001,1795
1116.6505,1116.6879,68437,81596,Rhinolophus ferrumequinum,0.021,0.021,-1,Echolocation,/mnt/ubna_data_02_mir/recover-20221013/UBNA_001/20221012_030000.WAV,Telephone Field,recover-20221013,001,1795
1116.6645,1116.701,68437,81420,Rhinolophus ferrumequinum,0.021,0.021,-1,Echolocation,/mnt/ubna_data_02_mir/recover-20221013/UBNA_001/20221012_030000.WAV,Telephone Field,recover-20221013,001,1795
1116.6705,1116.7079,68437,81219,Rhinolophus ferrumequinum,0.021,0.021,-1,Echolocation,/mnt/ubna_data_02_mir/recover-20221013/UBNA_001/20221012_030000.WAV,Telephone Field,recover-20221013,001,1795
1116.6925,1116.7302,68437,81938,Rhinolophus ferrumequinum,0.021,0.021,-1,Echolocation,/mnt/ubna_data_02_mir/recover-20221013/UBNA_001/20221012_030000.WAV,Telephone Field,recover-20221013,001,1795
1116.6985,1116.7048,25468,37056,Plecotus austriacus,0.013,0.038,-1,Echolocation,/mnt/ubna_data_02_mir/recover-20221013/UBNA_001/20221012_030000.WAV,Telephone Field,recover-20221013,001,1795
1116.7255,1116.763,68437,81851,Rhinolophus ferrumequinum,0.021,0.021,-1,Echolocation,/mnt/ubna_data_02_mir/recover-20221013/UBNA_001/20221012_030000.WAV,Telephone Field,recover-20221013,001,1795
1116.7955,1116.8366,68437,83066,Rhinolophus ferrumequinum,0.028,0.028,-1,Echolocation,/mnt/ubna_data_02_mir/recover-20221013/UBNA_001/20221012_030000.WAV,Telephone Field,recover-20221013,001,1795
1116.8055,1116.843,68437,81866,Rhinolophus ferrumequinum,0.022,0.022,-1,Echolocation,/mnt/ubna_data_02_mir/recover-20221013/UBNA_001/20221012_030000.WAV,Telephone Field,recover-20221013,001,1795
1116.8535,1116.8899,68437,81788,Rhinolophus ferrumequinum,0.02,0.02,-1,Echolocation,/mnt/ubna_data_02_mir/recover-20221013/UBNA_001/20221012_030000.WAV,Telephone Field,recover-20221013,001,1795
1116.8635,1116.8743,22031,27680,Nyctalus leisleri,0.013,0.032,-1,Echolocation,/mnt/ubna_data_02_mir/recover-20221013/UBNA_001/20221012_030000.WAV,Telephone Field,recover-20221013,001,1795
1116.8675,1116.9046,68437,81829,Rhinolophus ferrumequinum,0.022,0.022,-1,Echolocation,/mnt/ubna_data_02_mir/recover-20221013/UBNA_001/20221012_030000.WAV,Telephone Field,recover-20221013,001,1795
1116.8915,1116.9007,23750,30535,Nyctalus leisleri,0.008,0.025,-1,Echolocation,/mnt/ubna_data_02_mir/recover-20221013/UBNA_001/20221012_030000.WAV,Telephone Field,recover-20221013,001,1795
1116.9045,1116.9441,68437,81722,Rhinolophus ferrumequinum,0.021,0.022,-1,Echolocation,/mnt/ubna_data_02_mir/recover-20221013/UBNA_001/20221012_030000.WAV,Telephone Field,recover-20221013,001,1795
1116.9345,1116.9424,27187,39435,Eptesicus serotinus,0.008,0.023,-1,Echolocation,/mnt/ubna_data_02_mir/recover-20221013/UBNA_001/20221012_030000.WAV,Telephone Field,recover-20221013,001,1795
1116.9355,1116.9767,68437,82051,Rhinolophus ferrumequinum,0.022,0.022,-1,Echolocation,/mnt/ubna_data_02_mir/recover-20221013/UBNA_001/20221012_030000.WAV,Telephone Field,recover-20221013,001,1795
1116.9755,1116.9888,23750,28970,Nyctalus leisleri,0.01,0.022,-1,Echolocation,/mnt/ubna_data_02_mir/recover-20221013/UBNA_001/20221012_030000.WAV,Telephone Field,recover-20221013,001,1795
1116.9835,1117.0244,68437,82559,Rhinolophus ferrumequinum,0.027,0.027,-1,Echolocation,/mnt/ubna_data_02_mir/recover-20221013/UBNA_001/20221012_030000.WAV,Telephone Field,recover-20221013,001,1795
1116.9915,1116.9968,33203,48084,Myotis daubentonii,0.014,0.028,-1,Echolocation,/mnt/ubna_data_02_mir/recover-20221013/UBNA_001/20221012_030000.WAV,Telephone Field,recover-20221013,001,1795
1116.9985,1117.0177,22031,25241,Nyctalus leisleri,0.052,0.09,-1,Echolocation,/mnt/ubna_data_02_mir/recover-20221013/UBNA_001/20221012_030000.WAV,Telephone Field,recover-20221013,001,1795
1117.0435,1117.051,23750,32388,Plecotus austriacus,0.009,0.025,-1,Echolocation,/mnt/ubna_data_02_mir/recover-20221013/UBNA_001/20221012_030000.WAV,Telephone Field,recover-20221013,001,1795
1117.0765,1117.1157,68437,82121,Rhinolophus ferrumequinum,0.021,0.021,-1,Echolocation,/mnt/ubna_data_02_mir/recover-20221013/UBNA_001/20221012_030000.WAV,Telephone Field,recover-20221013,001,1795
1117.0765,1117.0844,28046,39105,Eptesicus serotinus,0.006,0.021,-1,Echolocation,/mnt/ubna_data_02_mir/recover-20221013/UBNA_001/20221012_030000.WAV,Telephone Field,recover-20221013,001,1795
1117.0875,1117.0955,28046,38365,Eptesicus serotinus,0.007,0.02,-1,Echolocation,/mnt/ubna_data_02_mir/recover-20221013/UBNA_001/20221012_030000.WAV,Telephone Field,recover-20221013,001,1795
1117.1185,1117.1569,68437,81550,Rhinolophus ferrumequinum,0.023,0.023,-1,Echolocation,/mnt/ubna_data_02_mir/recover-20221013/UBNA_001/20221012_030000.WAV,Telephone Field,recover-20221013,001,1795
1117.1315,1117.1393,25468,33972,Eptesicus serotinus,0.007,0.024,-1,Echolocation,/mnt/ubna_data_02_mir/recover-20221013/UBNA_001/20221012_030000.WAV,Telephone Field,recover-20221013,001,1795
1117.1695,1117.21,68437,82634,Rhinolophus ferrumequinum,0.021,0.021,-1,Echolocation,/mnt/ubna_data_02_mir/recover-20221013/UBNA_001/20221012_030000.WAV,Telephone Field,recover-20221013,001,1795
1117.1755,1117.2142,68437,82014,Rhinolophus ferrumequinum,0.021,0.021,-1,Echolocation,/mnt/ubna_data_02_mir/recover-20221013/UBNA_001/20221012_030000.WAV,Telephone Field,recover-20221013,001,1795
1117.1945,1117.2068,30625,36839,Eptesicus serotinus,0.013,0.027,-1,Echolocation,/mnt/ubna_data_02_mir/recover-20221013/UBNA_001/20221012_030000.WAV,Telephone Field,recover-20221013,001,1795
1117.2325,1117.2673,68437,81074,Rhinolophus ferrumequinum,0.023,0.024,-1,Echolocation,/mnt/ubna_data_02_mir/recover-20221013/UBNA_001/20221012_030000.WAV,Telephone Field,recover-20221013,001,1795
1117.2425,1117.2802,68437,82505,Rhinolophus ferrumequinum,0.032,0.032,-1,Echolocation,/mnt/ubna_data_02_mir/recover-20221013/UBNA_001/20221012_030000.WAV,Telephone Field,recover-20221013,001,1795
1117.2785,1117.2862,27187,38527,Eptesicus serotinus,0.007,0.021,-1,Echolocation,/mnt/ubna_data_02_mir/recover-20221013/UBNA_001/20221012_030000.WAV,Telephone Field,recover-20221013,001,1795
1117.2955,1117.3374,68437,83205,Rhinolophus ferrumequinum,0.031,0.031,-1,Echolocation,/mnt/ubna_data_02_mir/recover-20221013/UBNA_001/20221012_030000.WAV,Telephone Field,recover-20221013,001,1795
1117.3325,1117.3427,28906,36860,Eptesicus serotinus,0.01,0.025,-1,Echolocation,/mnt/ubna_data_02_mir/recover-20221013/UBNA_001/20221012_030000.WAV,Telephone Field,recover-20221013,001,1795
1117.3365,1117.3718,68437,81977,Rhinolophus ferrumequinum,0.021,0.021,-1,Echolocation,/mnt/ubna_data_02_mir/recover-20221013/UBNA_001/20221012_030000.WAV,Telephone Field,recover-20221013,001,1795
1117.3485,1117.384,68437,81619,Rhinolophus ferrumequinum,0.022,0.022,-1,Echolocation,/mnt/ubna_data_02_mir/recover-20221013/UBNA_001/20221012_030000.WAV,Telephone Field,recover-20221013,001,1795
1117.3655,1117.3732,28046,37088,Eptesicus serotinus,0.006,0.021,-1,Echolocation,/mnt/ubna_data_02_mir/recover-20221013/UBNA_001/20221012_030000.WAV,Telephone Field,recover-20221013,001,1795
1117.3825,1117.4246,68437,82425,Rhinolophus ferrumequinum,0.036,0.036,-1,Echolocation,/mnt/ubna_data_02_mir/recover-20221013/UBNA_001/20221012_030000.WAV,Telephone Field,recover-20221013,001,1795
1117.4045,1117.4117,27187,37259,Eptesicus serotinus,0.006,0.022,-1,Echolocation,/mnt/ubna_data_02_mir/recover-20221013/UBNA_001/20221012_030000.WAV,Telephone Field,recover-20221013,001,1795
1117.4055,1117.4428,68437,81767,Rhinolophus ferrumequinum,0.021,0.021,-1,Echolocation,/mnt/ubna_data_02_mir/recover-20221013/UBNA_001/20221012_030000.WAV,Telephone Field,recover-20221013,001,1795
1117.4315,1117.4651,68437,80705,Rhinolophus ferrumequinum,0.02,0.021,-1,Echolocation,/mnt/ubna_data_02_mir/recover-20221013/UBNA_001/20221012_030000.WAV,Telephone Field,recover-20221013,001,1795
1117.4385,1117.4731,68437,81182,Rhinolophus ferrumequinum,0.021,0.021,-1,Echolocation,/mnt/ubna_data_02_mir/recover-20221013/UBNA_001/20221012_030000.WAV,Telephone Field,recover-20221013,001,1795
1117.4455,1117.4816,68437,81547,Rhinolophus ferrumequinum,0.02,0.02,-1,Echolocation,/mnt/ubna_data_02_mir/recover-20221013/UBNA_001/20221012_030000.WAV,Telephone Field,recover-20221013,001,1795
1117.4635,1117.5035,68437,83061,Rhinolophus ferrumequinum,0.023,0.023,-1,Echolocation,/mnt/ubna_data_02_mir/recover-20221013/UBNA_001/20221012_030000.WAV,Telephone Field,recover-20221013,001,1795
1117.5035,1117.511,33203,43946,Myotis daubentonii,0.007,0.021,-1,Echolocation,/mnt/ubna_data_02_mir/recover-20221013/UBNA_001/20221012_030000.WAV,Telephone Field,recover-20221013,001,1795
1117.5105,1117.5508,68437,82502,Rhinolophus ferrumequinum,0.023,0.023,-1,Echolocation,/mnt/ubna_data_02_mir/recover-20221013/UBNA_001/20221012_030000.WAV,Telephone Field,recover-20221013,001,1795
1117.5245,1117.5642,68437,82146,Rhinolophus ferrumequinum,0.026,0.026,-1,Echolocation,/mnt/ubna_data_02_mir/recover-20221013/UBNA_001/20221012_030000.WAV,Telephone Field,recover-20221013,001,1795
1117.5495,1117.5589,27187,35771,Eptesicus serotinus,0.008,0.021,-1,Echolocation,/mnt/ubna_data_02_mir/recover-20221013/UBNA_001/20221012_030000.WAV,Telephone Field,recover-20221013,001,1795
1117.5545,1117.5962,68437,82229,Rhinolophus ferrumequinum,0.026,0.026,-1,Echolocation,/mnt/ubna_data_02_mir/recover-20221013/UBNA_001/20221012_030000.WAV,Telephone Field,recover-20221013,001,1795
1117.6205,1117.6286,28046,37829,Eptesicus serotinus,0.007,0.022,-1,Echolocation,/mnt/ubna_data_02_mir/recover-20221013/UBNA_001/20221012_030000.WAV,Telephone Field,recover-20221013,001,1795
1117.6285,1117.6392,22031,26864,Nyctalus leisleri,0.009,0.021,-1,Echolocation,/mnt/ubna_data_02_mir/recover-20221013/UBNA_001/20221012_030000.WAV,Telephone Field,recover-20221013,001,1795
1117.6315,1117.6677,68437,81959,Rhinolophus ferrumequinum,0.027,0.027,-1,Echolocation,/mnt/ubna_data_02_mir/recover-20221013/UBNA_001/20221012_030000.WAV,Telephone Field,recover-20221013,001,1795
1117.6605,1117.7043,68437,82993,Rhinolophus ferrumequinum,0.043,0.043,-1,Echolocation,/mnt/ubna_data_02_mir/recover-20221013/UBNA_001/20221012_030000.WAV,Telephone Field,recover-20221013,001,1795
1117.6745,1117.6818,50390,58258,Pipistrellus pipistrellus,0.018,0.021,-1,Echolocation,/mnt/ubna_data_02_mir/recover-20221013/UBNA_001/20221012_030000.WAV,Telephone Field,recover-20221013,001,1795
1117.7245,1117.7371,22031,25896,Nyctalus leisleri,0.013,0.022,-1,Echolocation,/mnt/ubna_data_02_mir/recover-20221013/UBNA_001/20221012_030000.WAV,Telephone Field,recover-20221013,001,1795
1117.7375,1117.7734,68437,82036,Rhinolophus ferrumequinum,0.02,0.02,-1,Echolocation,/mnt/ubna_data_02_mir/recover-20221013/UBNA_001/20221012_030000.WAV,Telephone Field,recover-20221013,001,1795
1117.7485,1117.7847,68437,81644,Rhinolophus ferrumequinum,0.02,0.02,-1,Echolocation,/mnt/ubna_data_02_mir/recover-20221013/UBNA_001/20221012_030000.WAV,Telephone Field,recover-20221013,001,1795
1117.7655,1117.7749,28906,36700,Eptesicus serotinus,0.009,0.022,-1,Echolocation,/mnt/ubna_data_02_mir/recover-20221013/UBNA_001/20221012_030000.WAV,Telephone Field,recover-20221013,001,1795
1117.7825,1117.7905,28046,40488,Eptesicus serotinus,0.007,0.023,-1,Echolocation,/mnt/ubna_data_02_mir/recover-20221013/UBNA_001/20221012_030000.WAV,Telephone Field,recover-20221013,001,1795
1117.7885,1117.8295,68437,82459,Rhinolophus ferrumequinum,0.028,0.028,-1,Echolocation,/mnt/ubna_data_02_mir/recover-20221013/UBNA_001/20221012_030000.WAV,Telephone Field,recover-20221013,001,1795
1117.7975,1117.8351,68437,81572,Rhinolophus ferrumequinum,0.025,0.025,-1,Echolocation,/mnt/ubna_data_02_mir/recover-20221013/UBNA_001/20221012_030000.WAV,Telephone Field,recover-20221013,001,1795
1117.8085,1117.8139,27187,55308,Myotis nattereri,0.01,0.035,-1,Echolocation,/mnt/ubna_data_02_mir/recover-20221013/UBNA_001/20221012_030000.WAV,Telephone Field,recover-20221013,001,1795
1117.8165,1117.8557,68437,82895,Rhinolophus ferrumequinum,0.021,0.021,-1,Echolocation,/mnt/ubna_data_02_mir/recover-20221013/UBNA_001/20221012_030000.WAV,Telephone Field,recover-20221013,001,1795
1117.8595,1117.8992,68437,82534,Rhinolophus ferrumequinum,0.023,0.023,-1,Echolocation,/mnt/ubna_data_02_mir/recover-20221013/UBNA_001/20221012_030000.WAV,Telephone Field,recover-20221013,001,1795
1117.9045,1117.9143,28046,36319,Eptesicus serotinus,0.01,0.023,-1,Echolocation,/mnt/ubna_data_02_mir/recover-20221013/UBNA_001/20221012_030000.WAV,Telephone Field,recover-20221013,001,1795
1117.9435,1117.954,23750,30285,Nyctalus leisleri,0.009,0.026,-1,Echolocation,/mnt/ubna_data_02_mir/recover-20221013/UBNA_001/20221012_030000.WAV,Telephone Field,recover-20221013,001,1795
1117.9465,1117.9852,68437,81477,Rhinolophus ferrumequinum,0.021,0.021,-1,Echolocation,/mnt/ubna_data_02_mir/recover-20221013/UBNA_001/20221012_030000.WAV,Telephone Field,recover-20221013,001,1795
1117.9505,1117.9591,28046,40734,Eptesicus serotinus,0.009,0.026,-1,Echolocation,/mnt/ubna_data_02_mir/recover-20221013/UBNA_001/20221012_030000.WAV,Telephone Field,recover-20221013,001,1795
1117.9525,1117.9902,68437,81613,Rhinolophus ferrumequinum,0.021,0.021,-1,Echolocation,/mnt/ubna_data_02_mir/recover-20221013/UBNA_001/20221012_030000.WAV,Telephone Field,recover-20221013,001,1795
1118.0015,1118.0083,47812,56113,Pipistrellus pipistrellus,0.019,0.024,-1,Echolocation,/mnt/ubna_data_02_mir/recover-20221013/UBNA_001/20221012_030000.WAV,Telephone Field,recover-20221013,001,1795
1118.0015,1118.0349,68437,79210,Rhinolophus ferrumequinum,0.033,0.033,-1,Echolocation,/mnt/ubna_data_02_mir/recover-20221013/UBNA_001/20221012_030000.WAV,Telephone Field,recover-20221013,001,1795
1118.0035,1118.0105,26328,38806,Eptesicus serotinus,0.009,0.037,-1,Echolocation,/mnt/ubna_data_02_mir/recover-20221013/UBNA_001/20221012_030000.WAV,Telephone Field,recover-20221013,001,1795
1118.0115,1118.0513,68437,82411,Rhinolophus ferrumequinum,0.022,0.022,-1,Echolocation,/mnt/ubna_data_02_mir/recover-20221013/UBNA_001/20221012_030000.WAV,Telephone Field,recover-20221013,001,1795
1118.0885,1118.1266,68437,81790,Rhinolophus ferrumequinum,0.021,0.021,-1,Echolocation,/mnt/ubna_data_02_mir/recover-20221013/UBNA_001/20221012_030000.WAV,Telephone Field,recover-20221013,001,1795
1118.0995,1118.1102,43515,47896,Pipistrellus pipistrellus,0.037,0.043,-1,Echolocation,/mnt/ubna_data_02_mir/recover-20221013/UBNA_001/20221012_030000.WAV,Telephone Field,recover-20221013,001,1795
1118.1465,1118.186,68437,82100,Rhinolophus ferrumequinum,0.022,0.022,-1,Echolocation,/mnt/ubna_data_02_mir/recover-20221013/UBNA_001/20221012_030000.WAV,Telephone Field,recover-20221013,001,1795
1118.1545,1118.1644000000001,22890,29388,Nyctalus leisleri,0.009,0.027,-1,Echolocation,/mnt/ubna_data_02_mir/recover-20221013/UBNA_001/20221012_030000.WAV,Telephone Field,recover-20221013,001,1795
1118.1665,1118.2053,68437,82860,Rhinolophus ferrumequinum,0.027,0.027,-1,Echolocation,/mnt/ubna_data_02_mir/recover-20221013/UBNA_001/20221012_030000.WAV,Telephone Field,recover-20221013,001,1795
1118.1725,1118.2113,68437,82500,Rhinolophus ferrumequinum,0.027,0.027,-1,Echolocation,/mnt/ubna_data_02_mir/recover-20221013/UBNA_001/20221012_030000.WAV,Telephone Field,recover-20221013,001,1795
1118.2065,1118.2438,68437,81246,Rhinolophus ferrumequinum,0.022,0.022,-1,Echolocation,/mnt/ubna_data_02_mir/recover-20221013/UBNA_001/20221012_030000.WAV,Telephone Field,recover-20221013,001,1795
1118.2115,1118.2496,68437,81636,Rhinolophus ferrumequinum,0.022,0.022,-1,Echolocation,/mnt/ubna_data_02_mir/recover-20221013/UBNA_001/20221012_030000.WAV,Telephone Field,recover-20221013,001,1795
1118.2195,1118.2562,68437,81890,Rhinolophus ferrumequinum,0.027,0.027,-1,Echolocation,/mnt/ubna_data_02_mir/recover-20221013/UBNA_001/20221012_030000.WAV,Telephone Field,recover-20221013,001,1795
1118.2465,1118.2591,22890,28163,Nyctalus leisleri,0.014,0.027,-1,Echolocation,/mnt/ubna_data_02_mir/recover-20221013/UBNA_001/20221012_030000.WAV,Telephone Field,recover-20221013,001,1795
1118.2505,1118.2882,68437,81446,Rhinolophus ferrumequinum,0.023,0.023,-1,Echolocation,/mnt/ubna_data_02_mir/recover-20221013/UBNA_001/20221012_030000.WAV,Telephone Field,recover-20221013,001,1795
1118.2685,1118.3069,68437,82646,Rhinolophus ferrumequinum,0.028,0.028,-1,Echolocation,/mnt/ubna_data_02_mir/recover-20221013/UBNA_001/20221012_030000.WAV,Telephone Field,recover-20221013,001,1795
1118.2965,1118.3333,68437,82100,Rhinolophus ferrumequinum,0.027,0.028,-1,Echolocation,/mnt/ubna_data_02_mir/recover-20221013/UBNA_001/20221012_030000.WAV,Telephone Field,recover-20221013,001,1795
1118.3095,1118.3185,55546,59998,Pipistrellus pygmaeus,0.031,0.033,-1,Echolocation,/mnt/ubna_data_02_mir/recover-20221013/UBNA_001/20221012_030000.WAV,Telephone Field,recover-20221013,001,1795
1118.3255,1118.3348,28046,40929,Eptesicus serotinus,0.008,0.022,-1,Echolocation,/mnt/ubna_data_02_mir/recover-20221013/UBNA_001/20221012_030000.WAV,Telephone Field,recover-20221013,001,1795
1118.3295,1118.3661,68437,81804,Rhinolophus ferrumequinum,0.028,0.028,-1,Echolocation,/mnt/ubna_data_02_mir/recover-20221013/UBNA_001/20221012_030000.WAV,Telephone Field,recover-20221013,001,1795
1118.3785,1118.387,27187,37256,Eptesicus serotinus,0.011,0.029,-1,Echolocation,/mnt/ubna_data_02_mir/recover-20221013/UBNA_001/20221012_030000.WAV,Telephone Field,recover-20221013,001,1795
1118.4165,1118.4246,28046,38690,Eptesicus serotinus,0.007,0.024,-1,Echolocation,/mnt/ubna_data_02_mir/recover-20221013/UBNA_001/20221012_030000.WAV,Telephone Field,recover-20221013,001,1795
1118.4435,1118.4514,28046,37892,Eptesicus serotinus,0.009,0.028,-1,Echolocation,/mnt/ubna_data_02_mir/recover-20221013/UBNA_001/20221012_030000.WAV,Telephone Field,recover-20221013,001,1795
1118.4535,1118.4937,68437,82869,Rhinolophus ferrumequinum,0.036,0.036,-1,Echolocation,/mnt/ubna_data_02_mir/recover-20221013/UBNA_001/20221012_030000.WAV,Telephone Field,recover-20221013,001,1795
1118.5035,1118.5482,68437,83631,Rhinolophus ferrumequinum,0.041,0.041,-1,Echolocation,/mnt/ubna_data_02_mir/recover-20221013/UBNA_001/20221012_030000.WAV,Telephone Field,recover-20221013,001,1795
1118.5565,1118.5933,68437,81369,Rhinolophus ferrumequinum,0.021,0.021,-1,Echolocation,/mnt/ubna_data_02_mir/recover-20221013/UBNA_001/20221012_030000.WAV,Telephone Field,recover-20221013,001,1795
1118.5625,1118.5705,27187,39669,Eptesicus serotinus,0.008,0.023,-1,Echolocation,/mnt/ubna_data_02_mir/recover-20221013/UBNA_001/20221012_030000.WAV,Telephone Field,recover-20221013,001,1795
1118.5905,1118.6009,22031,26888,Nyctalus leisleri,0.01,0.022,-1,Echolocation,/mnt/ubna_data_02_mir/recover-20221013/UBNA_001/20221012_030000.WAV,Telephone Field,recover-20221013,001,1795
1118.6215,1118.6311,24609,31838,Nyctalus leisleri,0.007,0.022,-1,Echolocation,/mnt/ubna_data_02_mir/recover-20221013/UBNA_001/20221012_030000.WAV,Telephone Field,recover-20221013,001,1795
1118.6355,1118.6463,23750,30525,Nyctalus leisleri,0.014,0.037,-1,Echolocation,/mnt/ubna_data_02_mir/recover-20221013/UBNA_001/20221012_030000.WAV,Telephone Field,recover-20221013,001,1795
1118.6375,1118.6765,68437,82203,Rhinolophus ferrumequinum,0.027,0.027,-1,Echolocation,/mnt/ubna_data_02_mir/recover-20221013/UBNA_001/20221012_030000.WAV,Telephone Field,recover-20221013,001,1795
1118.6545,1118.6668,28906,36729,Eptesicus serotinus,0.014,0.027,-1,Echolocation,/mnt/ubna_data_02_mir/recover-20221013/UBNA_001/20221012_030000.WAV,Telephone Field,recover-20221013,001,1795
1118.6855,1118.7264,68437,83163,Rhinolophus ferrumequinum,0.023,0.023,-1,Echolocation,/mnt/ubna_data_02_mir/recover-20221013/UBNA_001/20221012_030000.WAV,Telephone Field,recover-20221013,001,1795
1118.7075,1118.7484,68437,82675,Rhinolophus ferrumequinum,0.032,0.033,-1,Echolocation,/mnt/ubna_data_02_mir/recover-20221013/UBNA_001/20221012_030000.WAV,Telephone Field,recover-20221013,001,1795
1118.7315,1118.7413,23750,30201,Nyctalus leisleri,0.009,0.022,-1,Echolocation,/mnt/ubna_data_02_mir/recover-20221013/UBNA_001/20221012_030000.WAV,Telephone Field,recover-20221013,001,1795
1118.7585,1118.7935,68437,81389,Rhinolophus ferrumequinum,0.033,0.033,-1,Echolocation,/mnt/ubna_data_02_mir/recover-20221013/UBNA_001/20221012_030000.WAV,Telephone Field,recover-20221013,001,1795
1118.8045,1118.8412,68437,81629,Rhinolophus ferrumequinum,0.022,0.022,-1,Echolocation,/mnt/ubna_data_02_mir/recover-20221013/UBNA_001/20221012_030000.WAV,Telephone Field,recover-20221013,001,1795
1118.8785,1118.9174,68437,82180,Rhinolophus ferrumequinum,0.021,0.021,-1,Echolocation,/mnt/ubna_data_02_mir/recover-20221013/UBNA_001/20221012_030000.WAV,Telephone Field,recover-20221013,001,1795
1118.8865,1118.894,27187,44323,Eptesicus serotinus,0.007,0.024,-1,Echolocation,/mnt/ubna_data_02_mir/recover-20221013/UBNA_001/20221012_030000.WAV,Telephone Field,recover-20221013,001,1795
1118.8895,1118.8952,31484,49739,Myotis daubentonii,0.012,0.023,-1,Echolocation,/mnt/ubna_data_02_mir/recover-20221013/UBNA_001/20221012_030000.WAV,Telephone Field,recover-20221013,001,1795
1118.9035,1118.9415,68437,81426,Rhinolophus ferrumequinum,0.024,0.024,-1,Echolocation,/mnt/ubna_data_02_mir/recover-20221013/UBNA_001/20221012_030000.WAV,Telephone Field,recover-20221013,001,1795
1118.9165,1118.9238,38359,46195,Myotis daubentonii,0.012,0.028,-1,Echolocation,/mnt/ubna_data_02_mir/recover-20221013/UBNA_001/20221012_030000.WAV,Telephone Field,recover-20221013,001,1795
1118.9235,1118.9325,28046,36886,Eptesicus serotinus,0.012,0.027,-1,Echolocation,/mnt/ubna_data_02_mir/recover-20221013/UBNA_001/20221012_030000.WAV,Telephone Field,recover-20221013,001,1795
1118.9485,1118.9557,25468,34656,Plecotus austriacus,0.008,0.026,-1,Echolocation,/mnt/ubna_data_02_mir/recover-20221013/UBNA_001/20221012_030000.WAV,Telephone Field,recover-20221013,001,1795
1118.9585,1118.9978,68437,82776,Rhinolophus ferrumequinum,0.028,0.028,-1,Echolocation,/mnt/ubna_data_02_mir/recover-20221013/UBNA_001/20221012_030000.WAV,Telephone Field,recover-20221013,001,1795
1118.9855,1119.0262,68437,82450,Rhinolophus ferrumequinum,0.041,0.041,-1,Echolocation,/mnt/ubna_data_02_mir/recover-20221013/UBNA_001/20221012_030000.WAV,Telephone Field,recover-20221013,001,1795
1118.9895,1119.002,39218,43992,Pipistrellus nathusii,0.013,0.022,-1,Echolocation,/mnt/ubna_data_02_mir/recover-20221013/UBNA_001/20221012_030000.WAV,Telephone Field,recover-20221013,001,1795
1118.9905,1118.9982,28046,38830,Eptesicus serotinus,0.006,0.021,-1,Echolocation,/mnt/ubna_data_02_mir/recover-20221013/UBNA_001/20221012_030000.WAV,Telephone Field,recover-20221013,001,1795
1119.0025,1119.0138,27187,34190,Eptesicus serotinus,0.011,0.025,-1,Echolocation,/mnt/ubna_data_02_mir/recover-20221013/UBNA_001/20221012_030000.WAV,Telephone Field,recover-20221013,001,1795
1119.0135,1119.0536,68437,82638,Rhinolophus ferrumequinum,0.028,0.028,-1,Echolocation,/mnt/ubna_data_02_mir/recover-20221013/UBNA_001/20221012_030000.WAV,Telephone Field,recover-20221013,001,1795
1119.0545,1119.0936,68437,82087,Rhinolophus ferrumequinum,0.021,0.021,-1,Echolocation,/mnt/ubna_data_02_mir/recover-20221013/UBNA_001/20221012_030000.WAV,Telephone Field,recover-20221013,001,1795
1119.0915,1119.0975,27187,40399,Eptesicus serotinus,0.005,0.022,-1,Echolocation,/mnt/ubna_data_02_mir/recover-20221013/UBNA_001/20221012_030000.WAV,Telephone Field,recover-20221013,001,1795
1119.1085,1119.1475,68437,82882,Rhinolophus ferrumequinum,0.025,0.025,-1,Echolocation,/mnt/ubna_data_02_mir/recover-20221013/UBNA_001/20221012_030000.WAV,Telephone Field,recover-20221013,001,1795
1119.1125,1119.1297,20312,23406,Nyctalus leisleri,0.024,0.046,-1,Echolocation,/mnt/ubna_data_02_mir/recover-20221013/UBNA_001/20221012_030000.WAV,Telephone Field,recover-20221013,001,1795
1119.1425,1119.1579,52109,55654,Pipistrellus pygmaeus,0.018,0.026,-1,Echolocation,/mnt/ubna_data_02_mir/recover-20221013/UBNA_001/20221012_030000.WAV,Telephone Field,recover-20221013,001,1795
1119.1515,1119.1572,24609,42614,Myotis nattereri,0.008,0.023,-1,Echolocation,/mnt/ubna_data_02_mir/recover-20221013/UBNA_001/20221012_030000.WAV,Telephone Field,recover-20221013,001,1795
1119.1665,1119.2087,68437,82806,Rhinolophus ferrumequinum,0.03,0.03,-1,Echolocation,/mnt/ubna_data_02_mir/recover-20221013/UBNA_001/20221012_030000.WAV,Telephone Field,recover-20221013,001,1795
1119.1855,1119.2256,68437,82917,Rhinolophus ferrumequinum,0.026,0.026,-1,Echolocation,/mnt/ubna_data_02_mir/recover-20221013/UBNA_001/20221012_030000.WAV,Telephone Field,recover-20221013,001,1795
1119.1875,1119.1954,28046,39029,Eptesicus serotinus,0.008,0.023,-1,Echolocation,/mnt/ubna_data_02_mir/recover-20221013/UBNA_001/20221012_030000.WAV,Telephone Field,recover-20221013,001,1795
1119.2115,1119.2191,27187,38169,Eptesicus serotinus,0.007,0.024,-1,Echolocation,/mnt/ubna_data_02_mir/recover-20221013/UBNA_001/20221012_030000.WAV,Telephone Field,recover-20221013,001,1795
1119.2585,1119.2987,68437,82638,Rhinolophus ferrumequinum,0.025,0.025,-1,Echolocation,/mnt/ubna_data_02_mir/recover-20221013/UBNA_001/20221012_030000.WAV,Telephone Field,recover-20221013,001,1795
1119.3025,1119.3363,68437,80746,Rhinolophus ferrumequinum,0.022,0.022,-1,Echolocation,/mnt/ubna_data_02_mir/recover-20221013/UBNA_001/20221012_030000.WAV,Telephone Field,recover-20221013,001,1795
1119.3125,1119.3215,24609,32146,Eptesicus serotinus,0.007,0.022,-1,Echolocation,/mnt/ubna_data_02_mir/recover-20221013/UBNA_001/20221012_030000.WAV,Telephone Field,recover-20221013,001,1795
1119.3495,1119.3866,68437,81669,Rhinolophus ferrumequinum,0.023,0.023,-1,Echolocation,/mnt/ubna_data_02_mir/recover-20221013/UBNA_001/20221012_030000.WAV,Telephone Field,recover-20221013,001,1795
1119.4005,1119.4376,68437,82174,Rhinolophus ferrumequinum,0.027,0.027,-1,Echolocation,/mnt/ubna_data_02_mir/recover-20221013/UBNA_001/20221012_030000.WAV,Telephone Field,recover-20221013,001,1795
1119.4135,1119.4249,22890,28304,Nyctalus leisleri,0.01,0.022,-1,Echolocation,/mnt/ubna_data_02_mir/recover-20221013/UBNA_001/20221012_030000.WAV,Telephone Field,recover-20221013,001,1795
1119.4315,1119.4713,68437,81971,Rhinolophus ferrumequinum,0.022,0.022,-1,Echolocation,/mnt/ubna_data_02_mir/recover-20221013/UBNA_001/20221012_030000.WAV,Telephone Field,recover-20221013,001,1795
1119.4515,1119.4579,27187,39817,Eptesicus serotinus,0.005,0.023,-1,Echolocation,/mnt/ubna_data_02_mir/recover-20221013/UBNA_001/20221012_030000.WAV,Telephone Field,recover-20221013,001,1795
1119.4725,1119.5136,68437,82871,Rhinolophus ferrumequinum,0.031,0.031,-1,Echolocation,/mnt/ubna_data_02_mir/recover-20221013/UBNA_001/20221012_030000.WAV,Telephone Field,recover-20221013,001,1795
1119.5015,1119.5213,19453,22667,Nyctalus noctula,0.014,0.028,-1,Echolocation,/mnt/ubna_data_02_mir/recover-20221013/UBNA_001/20221012_030000.WAV,Telephone Field,recover-20221013,001,1795
1119.5135,1119.5456,68437,81009,Rhinolophus ferrumequinum,0.023,0.023,-1,Echolocation,/mnt/ubna_data_02_mir/recover-20221013/UBNA_001/20221012_030000.WAV,Telephone Field,recover-20221013,001,1795
1119.5345,1119.5717,68437,82219,Rhinolophus ferrumequinum,0.024,0.024,-1,Echolocation,/mnt/ubna_data_02_mir/recover-20221013/UBNA_001/20221012_030000.WAV,Telephone Field,recover-20221013,001,1795
1119.5925,1119.6347,68437,82480,Rhinolophus ferrumequinum,0.023,0.023,-1,Echolocation,/mnt/ubna_data_02_mir/recover-20221013/UBNA_001/20221012_030000.WAV,Telephone Field,recover-20221013,001,1795
1119.5985,1119.6397,68437,82521,Rhinolophus ferrumequinum,0.023,0.023,-1,Echolocation,/mnt/ubna_data_02_mir/recover-20221013/UBNA_001/20221012_030000.WAV,Telephone Field,recover-20221013,001,1795
1119.6165,1119.6237,49531,53718,Pipistrellus pipistrellus,0.021,0.022,-1,Echolocation,/mnt/ubna_data_02_mir/recover-20221013/UBNA_001/20221012_030000.WAV,Telephone Field,recover-20221013,001,1795
1119.6495,1119.6886,68437,82283,Rhinolophus ferrumequinum,0.024,0.024,-1,Echolocation,/mnt/ubna_data_02_mir/recover-20221013/UBNA_001/20221012_030000.WAV,Telephone Field,recover-20221013,001,1795
1119.6715,1119.712,68437,81854,Rhinolophus ferrumequinum,0.022,0.022,-1,Echolocation,/mnt/ubna_data_02_mir/recover-20221013/UBNA_001/20221012_030000.WAV,Telephone Field,recover-20221013,001,1795
1119.7115,1119.7515,68437,82170,Rhinolophus ferrumequinum,0.024,0.024,-1,Echolocation,/mnt/ubna_data_02_mir/recover-20221013/UBNA_001/20221012_030000.WAV,Telephone Field,recover-20221013,001,1795
1119.7175,1119.7595,68437,83092,Rhinolophus ferrumequinum,0.024,0.024,-1,Echolocation,/mnt/ubna_data_02_mir/recover-20221013/UBNA_001/20221012_030000.WAV,Telephone Field,recover-20221013,001,1795
1119.7475,1119.7863,68437,82256,Rhinolophus ferrumequinum,0.026,0.026,-1,Echolocation,/mnt/ubna_data_02_mir/recover-20221013/UBNA_001/20221012_030000.WAV,Telephone Field,recover-20221013,001,1795
1119.7745,1119.8131,68437,82375,Rhinolophus ferrumequinum,0.023,0.023,-1,Echolocation,/mnt/ubna_data_02_mir/recover-20221013/UBNA_001/20221012_030000.WAV,Telephone Field,recover-20221013,001,1795
1119.8075,1119.8452,68437,81635,Rhinolophus ferrumequinum,0.023,0.023,-1,Echolocation,/mnt/ubna_data_02_mir/recover-20221013/UBNA_001/20221012_030000.WAV,Telephone Field,recover-20221013,001,1795
1119.8295,1119.8674,68437,81842,Rhinolophus ferrumequinum,0.022,0.022,-1,Echolocation,/mnt/ubna_data_02_mir/recover-20221013/UBNA_001/20221012_030000.WAV,Telephone Field,recover-20221013,001,1795
1119.8545,1119.8938,68437,82613,Rhinolophus ferrumequinum,0.021,0.021,-1,Echolocation,/mnt/ubna_data_02_mir/recover-20221013/UBNA_001/20221012_030000.WAV,Telephone Field,recover-20221013,001,1795
1119.8595,1119.8675,28906,37815,Eptesicus serotinus,0.007,0.022,-1,Echolocation,/mnt/ubna_data_02_mir/recover-20221013/UBNA_001/20221012_030000.WAV,Telephone Field,recover-20221013,001,1795
1119.8745,1119.9104,68437,81118,Rhinolophus ferrumequinum,0.021,0.021,-1,Echolocation,/mnt/ubna_data_02_mir/recover-20221013/UBNA_001/20221012_030000.WAV,Telephone Field,recover-20221013,001,1795
1119.8935,1119.9289,68437,81690,Rhinolophus ferrumequinum,0.021,0.021,-1,Echolocation,/mnt/ubna_data_02_mir/recover-20221013/UBNA_001/20221012_030000.WAV,Telephone Field,recover-20221013,001,1795
1119.9835,1119.9946,22890,28206,Nyctalus leisleri,0.016,0.031,-1,Echolocation,/mnt/ubna_data_02_mir/recover-20221013/UBNA_001/20221012_030000.WAV,Telephone Field,recover-20221013,001,1795
1120.0015,1120.039,68437,79580,Rhinolophus ferrumequinum,0.063,0.063,-1,Echolocation,/mnt/ubna_data_02_mir/recover-20221013/UBNA_001/20221012_030000.WAV,Telephone Field,recover-20221013,001,1795
1120.0015,1120.0096,25468,33160,Nyctalus leisleri,0.007,0.024,-1,Echolocation,/mnt/ubna_data_02_mir/recover-20221013/UBNA_001/20221012_030000.WAV,Telephone Field,recover-20221013,001,1795
1120.0015,1120.0107,48671,55937,Pipistrellus pipistrellus,0.019,0.028,-1,Echolocation,/mnt/ubna_data_02_mir/recover-20221013/UBNA_001/20221012_030000.WAV,Telephone Field,recover-20221013,001,1795
1120.0265,1120.0665,68437,82140,Rhinolophus ferrumequinum,0.021,0.021,-1,Echolocation,/mnt/ubna_data_02_mir/recover-20221013/UBNA_001/20221012_030000.WAV,Telephone Field,recover-20221013,001,1795
1120.0275,1120.0369,28046,39281,Eptesicus serotinus,0.008,0.021,-1,Echolocation,/mnt/ubna_data_02_mir/recover-20221013/UBNA_001/20221012_030000.WAV,Telephone Field,recover-20221013,001,1795
1120.0485,1120.0904,68437,82854,Rhinolophus ferrumequinum,0.024,0.024,-1,Echolocation,/mnt/ubna_data_02_mir/recover-20221013/UBNA_001/20221012_030000.WAV,Telephone Field,recover-20221013,001,1795
1120.0925,1120.1024,28046,36292,Eptesicus serotinus,0.01,0.022,-1,Echolocation,/mnt/ubna_data_02_mir/recover-20221013/UBNA_001/20221012_030000.WAV,Telephone Field,recover-20221013,001,1795
1120.1155,1120.154,68437,82090,Rhinolophus ferrumequinum,0.029,0.029,-1,Echolocation,/mnt/ubna_data_02_mir/recover-20221013/UBNA_001/20221012_030000.WAV,Telephone Field,recover-20221013,001,1795
1120.1335,1120.1749,68437,83110,Rhinolophus ferrumequinum,0.026,0.026,-1,Echolocation,/mnt/ubna_data_02_mir/recover-20221013/UBNA_001/20221012_030000.WAV,Telephone Field,recover-20221013,001,1795
1120.1395,1120.1814,68437,82903,Rhinolophus ferrumequinum,0.027,0.027,-1,Echolocation,/mnt/ubna_data_02_mir/recover-20221013/UBNA_001/20221012_030000.WAV,Telephone Field,recover-20221013,001,1795
1120.1465,1120.1875,68437,82631,Rhinolophus ferrumequinum,0.023,0.023,-1,Echolocation,/mnt/ubna_data_02_mir/recover-20221013/UBNA_001/20221012_030000.WAV,Telephone Field,recover-20221013,001,1795
1120.1515,1120.1589,27187,42030,Eptesicus serotinus,0.006,0.022,-1,Echolocation,/mnt/ubna_data_02_mir/recover-20221013/UBNA_001/20221012_030000.WAV,Telephone Field,recover-20221013,001,1795
1120.1595,1120.1971,68437,82159,Rhinolophus ferrumequinum,0.021,0.021,-1,Echolocation,/mnt/ubna_data_02_mir/recover-20221013/UBNA_001/20221012_030000.WAV,Telephone Field,recover-20221013,001,1795
1120.2225,1120.265,68437,82839,Rhinolophus ferrumequinum,0.034,0.034,-1,Echolocation,/mnt/ubna_data_02_mir/recover-20221013/UBNA_001/20221012_030000.WAV,Telephone Field,recover-20221013,001,1795
1120.2465,1120.2537,27187,40402,Eptesicus serotinus,0.006,0.021,-1,Echolocation,/mnt/ubna_data_02_mir/recover-20221013/UBNA_001/20221012_030000.WAV,Telephone Field,recover-20221013,001,1795
1120.2505,1120.2916,68437,82820,Rhinolophus ferrumequinum,0.025,0.025,-1,Echolocation,/mnt/ubna_data_02_mir/recover-20221013/UBNA_001/20221012_030000.WAV,Telephone Field,recover-20221013,001,1795
1120.2625,1120.3027,68437,82547,Rhinolophus ferrumequinum,0.024,0.024,-1,Echolocation,/mnt/ubna_data_02_mir/recover-20221013/UBNA_001/20221012_030000.WAV,Telephone Field,recover-20221013,001,1795
1120.2725,1120.2824,28906,36600,Eptesicus serotinus,0.01,0.022,-1,Echolocation,/mnt/ubna_data_02_mir/recover-20221013/UBNA_001/20221012_030000.WAV,Telephone Field,recover-20221013,001,1795
1120.2855,1120.3294,68437,83151,Rhinolophus ferrumequinum,0.04,0.04,-1,Echolocation,/mnt/ubna_data_02_mir/recover-20221013/UBNA_001/20221012_030000.WAV,Telephone Field,recover-20221013,001,1795
1120.3215,1120.3307,32343,39848,Eptesicus serotinus,0.007,0.027,-1,Echolocation,/mnt/ubna_data_02_mir/recover-20221013/UBNA_001/20221012_030000.WAV,Telephone Field,recover-20221013,001,1795
1120.3235,1120.3617,68437,82113,Rhinolophus ferrumequinum,0.028,0.028,-1,Echolocation,/mnt/ubna_data_02_mir/recover-20221013/UBNA_001/20221012_030000.WAV,Telephone Field,recover-20221013,001,1795
1120.3375,1120.3722,68437,81450,Rhinolophus ferrumequinum,0.021,0.022,-1,Echolocation,/mnt/ubna_data_02_mir/recover-20221013/UBNA_001/20221012_030000.WAV,Telephone Field,recover-20221013,001,1795
1120.3555,1120.3942,68437,81959,Rhinolophus ferrumequinum,0.029,0.029,-1,Echolocation,/mnt/ubna_data_02_mir/recover-20221013/UBNA_001/20221012_030000.WAV,Telephone Field,recover-20221013,001,1795
1120.3715,1120.4099,68437,82188,Rhinolophus ferrumequinum,0.027,0.027,-1,Echolocation,/mnt/ubna_data_02_mir/recover-20221013/UBNA_001/20221012_030000.WAV,Telephone Field,recover-20221013,001,1795
1120.3975,1120.4105,22031,26155,Nyctalus leisleri,0.013,0.022,-1,Echolocation,/mnt/ubna_data_02_mir/recover-20221013/UBNA_001/20221012_030000.WAV,Telephone Field,recover-20221013,001,1795
1120.4055,1120.443,68437,81119,Rhinolophus ferrumequinum,0.021,0.021,-1,Echolocation,/mnt/ubna_data_02_mir/recover-20221013/UBNA_001/20221012_030000.WAV,Telephone Field,recover-20221013,001,1795
1120.4155,1120.4509,68437,80898,Rhinolophus ferrumequinum,0.023,0.023,-1,Echolocation,/mnt/ubna_data_02_mir/recover-20221013/UBNA_001/20221012_030000.WAV,Telephone Field,recover-20221013,001,1795
1120.4285,1120.4713,68437,82702,Rhinolophus ferrumequinum,0.026,0.026,-1,Echolocation,/mnt/ubna_data_02_mir/recover-20221013/UBNA_001/20221012_030000.WAV,Telephone Field,recover-20221013,001,1795
1120.4355,1120.444,27187,42483,Eptesicus serotinus,0.007,0.022,-1,Echolocation,/mnt/ubna_data_02_mir/recover-20221013/UBNA_001/20221012_030000.WAV,Telephone Field,recover-20221013,001,1795
1120.4545,1120.4945,68437,82546,Rhinolophus ferrumequinum,0.024,0.024,-1,Echolocation,/mnt/ubna_data_02_mir/recover-20221013/UBNA_001/20221012_030000.WAV,Telephone Field,recover-20221013,001,1795
1120.4555,1120.4631,27187,42111,Eptesicus serotinus,0.007,0.023,-1,Echolocation,/mnt/ubna_data_02_mir/recover-20221013/UBNA_001/20221012_030000.WAV,Telephone Field,recover-20221013,001,1795
1120.4975,1120.507,23750,30115,Nyctalus leisleri,0.009,0.023,-1,Echolocation,/mnt/ubna_data_02_mir/recover-20221013/UBNA_001/20221012_030000.WAV,Telephone Field,recover-20221013,001,1795
1120.5065,1120.5462,68437,81842,Rhinolophus ferrumequinum,0.022,0.022,-1,Echolocation,/mnt/ubna_data_02_mir/recover-20221013/UBNA_001/20221012_030000.WAV,Telephone Field,recover-20221013,001,1795
1120.5215,1120.562,68437,82015,Rhinolophus ferrumequinum,0.024,0.024,-1,Echolocation,/mnt/ubna_data_02_mir/recover-20221013/UBNA_001/20221012_030000.WAV,Telephone Field,recover-20221013,001,1795
1120.5275,1120.5663,68437,81586,Rhinolophus ferrumequinum,0.024,0.024,-1,Echolocation,/mnt/ubna_data_02_mir/recover-20221013/UBNA_001/20221012_030000.WAV,Telephone Field,recover-20221013,001,1795
1120.5905,1120.6314,68437,82503,Rhinolophus ferrumequinum,0.025,0.025,-1,Echolocation,/mnt/ubna_data_02_mir/recover-20221013/UBNA_001/20221012_030000.WAV,Telephone Field,recover-20221013,001,1795
1120.5965,1120.6072,28906,39919,Eptesicus serotinus,0.01,0.025,-1,Echolocation,/mnt/ubna_data_02_mir/recover-20221013/UBNA_001/20221012_030000.WAV,Telephone Field,recover-20221013,001,1795
1120.6045,1120.6148,29765,37747,Eptesicus serotinus,0.01,0.024,-1,Echolocation,/mnt/ubna_data_02_mir/recover-20221013/UBNA_001/20221012_030000.WAV,Telephone Field,recover-20221013,001,1795
1120.6825,1120.7204,68437,82264,Rhinolophus ferrumequinum,0.024,0.024,-1,Echolocation,/mnt/ubna_data_02_mir/recover-20221013/UBNA_001/20221012_030000.WAV,Telephone Field,recover-20221013,001,1795
1120.6865,1120.6956,24609,32109,Nyctalus leisleri,0.008,0.024,-1,Echolocation,/mnt/ubna_data_02_mir/recover-20221013/UBNA_001/20221012_030000.WAV,Telephone Field,recover-20221013,001,1795
1120.7105,1120.751,68437,82283,Rhinolophus ferrumequinum,0.021,0.021,-1,Echolocation,/mnt/ubna_data_02_mir/recover-20221013/UBNA_001/20221012_030000.WAV,Telephone Field,recover-20221013,001,1795
1120.7545,1120.7911,68437,81497,Rhinolophus ferrumequinum,0.025,0.025,-1,Echolocation,/mnt/ubna_data_02_mir/recover-20221013/UBNA_001/20221012_030000.WAV,Telephone Field,recover-20221013,001,1795
1120.8015,1120.8077,25468,38498,Plecotus austriacus,0.006,0.023,-1,Echolocation,/mnt/ubna_data_02_mir/recover-20221013/UBNA_001/20221012_030000.WAV,Telephone Field,recover-20221013,001,1795
1120.8045,1120.815,47812,51527,Pipistrellus pipistrellus,0.044,0.046,-1,Echolocation,/mnt/ubna_data_02_mir/recover-20221013/UBNA_001/20221012_030000.WAV,Telephone Field,recover-20221013,001,1795
1120.8185,1120.827,28046,39285,Eptesicus serotinus,0.008,0.021,-1,Echolocation,/mnt/ubna_data_02_mir/recover-20221013/UBNA_001/20221012_030000.WAV,Telephone Field,recover-20221013,001,1795
1120.8245,1120.8326,25468,34139,Eptesicus serotinus,0.007,0.022,-1,Echolocation,/mnt/ubna_data_02_mir/recover-20221013/UBNA_001/20221012_030000.WAV,Telephone Field,recover-20221013,001,1795
1120.8835,1120.9216,68437,82270,Rhinolophus ferrumequinum,0.025,0.025,-1,Echolocation,/mnt/ubna_data_02_mir/recover-20221013/UBNA_001/20221012_030000.WAV,Telephone Field,recover-20221013,001,1795
1120.8955,1120.9316,68437,81639,Rhinolophus ferrumequinum,0.025,0.025,-1,Echolocation,/mnt/ubna_data_02_mir/recover-20221013/UBNA_001/20221012_030000.WAV,Telephone Field,recover-20221013,001,1795
1120.8965,1120.9075,28906,36273,Eptesicus serotinus,0.014,0.028,-1,Echolocation,/mnt/ubna_data_02_mir/recover-20221013/UBNA_001/20221012_030000.WAV,Telephone Field,recover-20221013,001,1795
1120.9095,1120.9197,51250,57400,Pipistrellus pipistrellus,0.015,0.025,-1,Echolocation,/mnt/ubna_data_02_mir/recover-20221013/UBNA_001/20221012_030000.WAV,Telephone Field,recover-20221013,001,1795
1120.9135,1120.9537,68437,81844,Rhinolophus ferrumequinum,0.022,0.022,-1,Echolocation,/mnt/ubna_data_02_mir/recover-20221013/UBNA_001/20221012_030000.WAV,Telephone Field,recover-20221013,001,1795
1120.9205,1120.9578,68437,81618,Rhinolophus ferrumequinum,0.023,0.023,-1,Echolocation,/mnt/ubna_data_02_mir/recover-20221013/UBNA_001/20221012_030000.WAV,Telephone Field,recover-20221013,001,1795
1120.9385,1120.9827,68437,83074,Rhinolophus ferrumequinum,0.062,0.062,-1,Echolocation,/mnt/ubna_data_02_mir/recover-20221013/UBNA_001/20221012_030000.WAV,Telephone Field,recover-20221013,001,1795
1120.9465,1120.954,28906,38470,Eptesicus serotinus,0.008,0.026,-1,Echolocation,/mnt/ubna_data_02_mir/recover-20221013/UBNA_001/20221012_030000.WAV,Telephone Field,recover-20221013,001,1795
1120.9675,1121.0078,68437,82430,Rhinolophus ferrumequinum,0.023,0.023,-1,Echolocation,/mnt/ubna_data_02_mir/recover-20221013/UBNA_001/20221012_030000.WAV,Telephone Field,recover-20221013,001,1795
1121.0055,1121.0148,28046,38708,Eptesicus serotinus,0.012,0.026,-1,Echolocation,/mnt/ubna_data_02_mir/recover-20221013/UBNA_001/20221012_030000.WAV,Telephone Field,recover-20221013,001,1795
1121.0115,1121.0551,68437,83268,Rhinolophus ferrumequinum,0.039,0.039,-1,Echolocation,/mnt/ubna_data_02_mir/recover-20221013/UBNA_001/20221012_030000.WAV,Telephone Field,recover-20221013,001,1795
1121.0345,1121.0746,68437,82588,Rhinolophus ferrumequinum,0.024,0.024,-1,Echolocation,/mnt/ubna_data_02_mir/recover-20221013/UBNA_001/20221012_030000.WAV,Telephone Field,recover-20221013,001,1795
1121.0555,1121.098,68437,82995,Rhinolophus ferrumequinum,0.025,0.025,-1,Echolocation,/mnt/ubna_data_02_mir/recover-20221013/UBNA_001/20221012_030000.WAV,Telephone Field,recover-20221013,001,1795
1121.0625,1121.1044,68437,82905,Rhinolophus ferrumequinum,0.024,0.024,-1,Echolocation,/mnt/ubna_data_02_mir/recover-20221013/UBNA_001/20221012_030000.WAV,Telephone Field,recover-20221013,001,1795
1121.0775,1121.0858,48671,54714,Pipistrellus pipistrellus,0.022,0.025,-1,Echolocation,/mnt/ubna_data_02_mir/recover-20221013/UBNA_001/20221012_030000.WAV,Telephone Field,recover-20221013,001,1795
1121.0975,1121.1062,28906,41177,Eptesicus serotinus,0.011,0.03,-1,Echolocation,/mnt/ubna_data_02_mir/recover-20221013/UBNA_001/20221012_030000.WAV,Telephone Field,recover-20221013,001,1795
1121.0985,1121.1389,68437,82294,Rhinolophus ferrumequinum,0.022,0.022,-1,Echolocation,/mnt/ubna_data_02_mir/recover-20221013/UBNA_001/20221012_030000.WAV,Telephone Field,recover-20221013,001,1795
1121.1255,1121.1329,28046,39000,Eptesicus serotinus,0.007,0.023,-1,Echolocation,/mnt/ubna_data_02_mir/recover-20221013/UBNA_001/20221012_030000.WAV,Telephone Field,recover-20221013,001,1795
1121.1455,1121.1868,68437,82369,Rhinolophus ferrumequinum,0.026,0.026,-1,Echolocation,/mnt/ubna_data_02_mir/recover-20221013/UBNA_001/20221012_030000.WAV,Telephone Field,recover-20221013,001,1795
1121.1505,1121.1621,22031,27521,Nyctalus leisleri,0.01,0.023,-1,Echolocation,/mnt/ubna_data_02_mir/recover-20221013/UBNA_001/20221012_030000.WAV,Telephone Field,recover-20221013,001,1795
1121.1595,1121.1689,22890,29323,Nyctalus leisleri,0.007,0.023,-1,Echolocation,/mnt/ubna_data_02_mir/recover-20221013/UBNA_001/20221012_030000.WAV,Telephone Field,recover-20221013,001,1795
1121.1725,1121.2116,68437,82508,Rhinolophus ferrumequinum,0.038,0.038,-1,Echolocation,/mnt/ubna_data_02_mir/recover-20221013/UBNA_001/20221012_030000.WAV,Telephone Field,recover-20221013,001,1795
1121.2095,1121.2477,68437,82067,Rhinolophus ferrumequinum,0.021,0.021,-1,Echolocation,/mnt/ubna_data_02_mir/recover-20221013/UBNA_001/20221012_030000.WAV,Telephone Field,recover-20221013,001,1795
1121.2345,1121.2725,68437,82448,Rhinolophus ferrumequinum,0.022,0.022,-1,Echolocation,/mnt/ubna_data_02_mir/recover-20221013/UBNA_001/20221012_030000.WAV,Telephone Field,recover-20221013,001,1795
1121.2515,1121.2584,26328,38735,Eptesicus serotinus,0.006,0.023,-1,Echolocation,/mnt/ubna_data_02_mir/recover-20221013/UBNA_001/20221012_030000.WAV,Telephone Field,recover-20221013,001,1795
1121.2535,1121.2894000000001,68437,81310,Rhinolophus ferrumequinum,0.024,0.024,-1,Echolocation,/mnt/ubna_data_02_mir/recover-20221013/UBNA_001/20221012_030000.WAV,Telephone Field,recover-20221013,001,1795
1121.2625,1121.3004,68437,82252,Rhinolophus ferrumequinum,0.023,0.023,-1,Echolocation,/mnt/ubna_data_02_mir/recover-20221013/UBNA_001/20221012_030000.WAV,Telephone Field,recover-20221013,001,1795
1121.2675,1121.2781,26328,32954,Eptesicus serotinus,0.013,0.028,-1,Echolocation,/mnt/ubna_data_02_mir/recover-20221013/UBNA_001/20221012_030000.WAV,Telephone Field,recover-20221013,001,1795
1121.2825,1121.3184,68437,81546,Rhinolophus ferrumequinum,0.021,0.021,-1,Echolocation,/mnt/ubna_data_02_mir/recover-20221013/UBNA_001/20221012_030000.WAV,Telephone Field,recover-20221013,001,1795
1121.2975,1121.3091,22890,28566,Nyctalus leisleri,0.014,0.029,-1,Echolocation,/mnt/ubna_data_02_mir/recover-20221013/UBNA_001/20221012_030000.WAV,Telephone Field,recover-20221013,001,1795
1121.3655,1121.4033,68437,82053,Rhinolophus ferrumequinum,0.023,0.023,-1,Echolocation,/mnt/ubna_data_02_mir/recover-20221013/UBNA_001/20221012_030000.WAV,Telephone Field,recover-20221013,001,1795
1121.3845,1121.3999,23750,28291,Nyctalus leisleri,0.023,0.046,-1,Echolocation,/mnt/ubna_data_02_mir/recover-20221013/UBNA_001/20221012_030000.WAV,Telephone Field,recover-20221013,001,1795
1121.4115,1121.4507,68437,82222,Rhinolophus ferrumequinum,0.023,0.023,-1,Echolocation,/mnt/ubna_data_02_mir/recover-20221013/UBNA_001/20221012_030000.WAV,Telephone Field,recover-20221013,001,1795
1121.4175,1121.4537,68437,81935,Rhinolophus ferrumequinum,0.022,0.022,-1,Echolocation,/mnt/ubna_data_02_mir/recover-20221013/UBNA_001/20221012_030000.WAV,Telephone Field,recover-20221013,001,1795
1121.4245,1121.4329,26328,34450,Eptesicus serotinus,0.01,0.026,-1,Echolocation,/mnt/ubna_data_02_mir/recover-20221013/UBNA_001/20221012_030000.WAV,Telephone Field,recover-20221013,001,1795
1121.4315,1121.4396,28046,38822,Eptesicus serotinus,0.007,0.021,-1,Echolocation,/mnt/ubna_data_02_mir/recover-20221013/UBNA_001/20221012_030000.WAV,Telephone Field,recover-20221013,001,1795
1121.4415,1121.4791,68437,81644,Rhinolophus ferrumequinum,0.023,0.023,-1,Echolocation,/mnt/ubna_data_02_mir/recover-20221013/UBNA_001/20221012_030000.WAV,Telephone Field,recover-20221013,001,1795
1121.4465,1121.4834,68437,81237,Rhinolophus ferrumequinum,0.023,0.023,-1,Echolocation,/mnt/ubna_data_02_mir/recover-20221013/UBNA_001/20221012_030000.WAV,Telephone Field,recover-20221013,001,1795
1121.4555,1121.4621,27187,37054,Eptesicus serotinus,0.007,0.024,-1,Echolocation,/mnt/ubna_data_02_mir/recover-20221013/UBNA_001/20221012_030000.WAV,Telephone Field,recover-20221013,001,1795
1121.4795,1121.4917,22031,27223,Nyctalus leisleri,0.015,0.032,-1,Echolocation,/mnt/ubna_data_02_mir/recover-20221013/UBNA_001/20221012_030000.WAV,Telephone Field,recover-20221013,001,1795
1121.4875,1121.5288,68437,82808,Rhinolophus ferrumequinum,0.026,0.026,-1,Echolocation,/mnt/ubna_data_02_mir/recover-20221013/UBNA_001/20221012_030000.WAV,Telephone Field,recover-20221013,001,1795
1121.4945,1121.5326,68437,82153,Rhinolophus ferrumequinum,0.024,0.024,-1,Echolocation,/mnt/ubna_data_02_mir/recover-20221013/UBNA_001/20221012_030000.WAV,Telephone Field,recover-20221013,001,1795
1121.5225,1121.5317,28046,37297,Eptesicus serotinus,0.008,0.021,-1,Echolocation,/mnt/ubna_data_02_mir/recover-20221013/UBNA_001/20221012_030000.WAV,Telephone Field,recover-20221013,001,1795
1121.5265,1121.5354,23750,31131,Nyctalus leisleri,0.006,0.021,-1,Echolocation,/mnt/ubna_data_02_mir/recover-20221013/UBNA_001/20221012_030000.WAV,Telephone Field,recover-20221013,001,1795
1121.5275,1121.5667,68437,82511,Rhinolophus ferrumequinum,0.021,0.021,-1,Echolocation,/mnt/ubna_data_02_mir/recover-20221013/UBNA_001/20221012_030000.WAV,Telephone Field,recover-20221013,001,1795
1121.5335,1121.572,68437,81980,Rhinolophus ferrumequinum,0.022,0.022,-1,Echolocation,/mnt/ubna_data_02_mir/recover-20221013/UBNA_001/20221012_030000.WAV,Telephone Field,recover-20221013,001,1795
1121.5785,1121.5869,26328,35691,Eptesicus serotinus,0.011,0.028,-1,Echolocation,/mnt/ubna_data_02_mir/recover-20221013/UBNA_001/20221012_030000.WAV,Telephone Field,recover-20221013,001,1795
1121.5795,1121.6207,68437,82483,Rhinolophus ferrumequinum,0.026,0.026,-1,Echolocation,/mnt/ubna_data_02_mir/recover-20221013/UBNA_001/20221012_030000.WAV,Telephone Field,recover-20221013,001,1795
1121.6195,1121.66,68437,82279,Rhinolophus ferrumequinum,0.027,0.027,-1,Echolocation,/mnt/ubna_data_02_mir/recover-20221013/UBNA_001/20221012_030000.WAV,Telephone Field,recover-20221013,001,1795
1121.6385,1121.6774,68437,82287,Rhinolophus ferrumequinum,0.021,0.021,-1,Echolocation,/mnt/ubna_data_02_mir/recover-20221013/UBNA_001/20221012_030000.WAV,Telephone Field,recover-20221013,001,1795
1121.6555,1121.6952,68437,82727,Rhinolophus ferrumequinum,0.027,0.027,-1,Echolocation,/mnt/ubna_data_02_mir/recover-20221013/UBNA_001/20221012_030000.WAV,Telephone Field,recover-20221013,001,1795
1121.6665,1121.6741,27187,37351,Eptesicus serotinus,0.009,0.024,-1,Echolocation,/mnt/ubna_data_02_mir/recover-20221013/UBNA_001/20221012_030000.WAV,Telephone Field,recover-20221013,001,1795
1121.7005,1121.7393,68437,82431,Rhinolophus ferrumequinum,0.022,0.022,-1,Echolocation,/mnt/ubna_data_02_mir/recover-20221013/UBNA_001/20221012_030000.WAV,Telephone Field,recover-20221013,001,1795
1121.7115,1121.7516,68437,82974,Rhinolophus ferrumequinum,0.023,0.023,-1,Echolocation,/mnt/ubna_data_02_mir/recover-20221013/UBNA_001/20221012_030000.WAV,Telephone Field,recover-20221013,001,1795
1121.7185,1121.7569,68437,82696,Rhinolophus ferrumequinum,0.021,0.021,-1,Echolocation,/mnt/ubna_data_02_mir/recover-20221013/UBNA_001/20221012_030000.WAV,Telephone Field,recover-20221013,001,1795
1121.7405,1121.7778,68437,82072,Rhinolophus ferrumequinum,0.022,0.022,-1,Echolocation,/mnt/ubna_data_02_mir/recover-20221013/UBNA_001/20221012_030000.WAV,Telephone Field,recover-20221013,001,1795
1121.7505,1121.7898,68437,82525,Rhinolophus ferrumequinum,0.025,0.025,-1,Echolocation,/mnt/ubna_data_02_mir/recover-20221013/UBNA_001/20221012_030000.WAV,Telephone Field,recover-20221013,001,1795
1121.7855,1121.825,68437,82265,Rhinolophus ferrumequinum,0.026,0.026,-1,Echolocation,/mnt/ubna_data_02_mir/recover-20221013/UBNA_001/20221012_030000.WAV,Telephone Field,recover-20221013,001,1795
1121.7925,1121.7998,28046,41102,Eptesicus serotinus,0.008,0.026,-1,Echolocation,/mnt/ubna_data_02_mir/recover-20221013/UBNA_001/20221012_030000.WAV,Telephone Field,recover-20221013,001,1795
1121.7925,1121.8332,68437,83240,Rhinolophus ferrumequinum,0.025,0.025,-1,Echolocation,/mnt/ubna_data_02_mir/recover-20221013/UBNA_001/20221012_030000.WAV,Telephone Field,recover-20221013,001,1795
1121.8045,1121.847,68437,82939,Rhinolophus ferrumequinum,0.026,0.026,-1,Echolocation,/mnt/ubna_data_02_mir/recover-20221013/UBNA_001/20221012_030000.WAV,Telephone Field,recover-20221013,001,1795
1121.8115,1121.8192,28906,41257,Eptesicus serotinus,0.007,0.022,-1,Echolocation,/mnt/ubna_data_02_mir/recover-20221013/UBNA_001/20221012_030000.WAV,Telephone Field,recover-20221013,001,1795
1121.8245,1121.8648,68437,81983,Rhinolophus ferrumequinum,0.024,0.024,-1,Echolocation,/mnt/ubna_data_02_mir/recover-20221013/UBNA_001/20221012_030000.WAV,Telephone Field,recover-20221013,001,1795
1121.8265,1121.8336,27187,45018,Eptesicus serotinus,0.007,0.021,-1,Echolocation,/mnt/ubna_data_02_mir/recover-20221013/UBNA_001/20221012_030000.WAV,Telephone Field,recover-20221013,001,1795
1121.8485,1121.8834,68437,81817,Rhinolophus ferrumequinum,0.022,0.022,-1,Echolocation,/mnt/ubna_data_02_mir/recover-20221013/UBNA_001/20221012_030000.WAV,Telephone Field,recover-20221013,001,1795
1121.8635,1121.8712,28046,39287,Eptesicus serotinus,0.007,0.021,-1,Echolocation,/mnt/ubna_data_02_mir/recover-20221013/UBNA_001/20221012_030000.WAV,Telephone Field,recover-20221013,001,1795
1121.8745,1121.914,68437,81763,Rhinolophus ferrumequinum,0.022,0.022,-1,Echolocation,/mnt/ubna_data_02_mir/recover-20221013/UBNA_001/20221012_030000.WAV,Telephone Field,recover-20221013,001,1795
1121.8785,1121.8887,28906,35998,Eptesicus serotinus,0.009,0.023,-1,Echolocation,/mnt/ubna_data_02_mir/recover-20221013/UBNA_001/20221012_030000.WAV,Telephone Field,recover-20221013,001,1795
1121.8855,1121.9252,68437,82841,Rhinolophus ferrumequinum,0.024,0.024,-1,Echolocation,/mnt/ubna_data_02_mir/recover-20221013/UBNA_001/20221012_030000.WAV,Telephone Field,recover-20221013,001,1795
1121.8945,1121.9322,68437,82139,Rhinolophus ferrumequinum,0.024,0.024,-1,Echolocation,/mnt/ubna_data_02_mir/recover-20221013/UBNA_001/20221012_030000.WAV,Telephone Field,recover-20221013,001,1795
1121.9245,1121.9626,68437,81706,Rhinolophus ferrumequinum,0.024,0.024,-1,Echolocation,/mnt/ubna_data_02_mir/recover-20221013/UBNA_001/20221012_030000.WAV,Telephone Field,recover-20221013,001,1795
1121.9875,1121.9948,28046,42100,Eptesicus serotinus,0.006,0.021,-1,Echolocation,/mnt/ubna_data_02_mir/recover-20221013/UBNA_001/20221012_030000.WAV,Telephone Field,recover-20221013,001,1795
1122.0015,1122.0141,50390,56098,Pipistrellus pipistrellus,0.013,0.022,-1,Echolocation,/mnt/ubna_data_02_mir/recover-20221013/UBNA_001/20221012_030000.WAV,Telephone Field,recover-20221013,001,1795
1122.0015,1122.0309,69296,81033,Rhinolophus ferrumequinum,0.035,0.035,-1,Echolocation,/mnt/ubna_data_02_mir/recover-20221013/UBNA_001/20221012_030000.WAV,Telephone Field,recover-20221013,001,1795
1122.0015,1122.0114,26328,34888,Eptesicus serotinus,0.011,0.032,-1,Echolocation,/mnt/ubna_data_02_mir/recover-20221013/UBNA_001/20221012_030000.WAV,Telephone Field,recover-20221013,001,1795
1122.0085,1122.0474,68437,80929,Rhinolophus ferrumequinum,0.03,0.03,-1,Echolocation,/mnt/ubna_data_02_mir/recover-20221013/UBNA_001/20221012_030000.WAV,Telephone Field,recover-20221013,001,1795
1122.0585,1122.0685,25468,32840,Eptesicus serotinus,0.008,0.02,-1,Echolocation,/mnt/ubna_data_02_mir/recover-20221013/UBNA_001/20221012_030000.WAV,Telephone Field,recover-20221013,001,1795
1122.0625,1122.1045,68437,82836,Rhinolophus ferrumequinum,0.022,0.022,-1,Echolocation,/mnt/ubna_data_02_mir/recover-20221013/UBNA_001/20221012_030000.WAV,Telephone Field,recover-20221013,001,1795
1122.0895,1122.098,28046,38232,Eptesicus serotinus,0.007,0.021,-1,Echolocation,/mnt/ubna_data_02_mir/recover-20221013/UBNA_001/20221012_030000.WAV,Telephone Field,recover-20221013,001,1795
1122.0935,1122.1309,68437,81874,Rhinolophus ferrumequinum,0.021,0.021,-1,Echolocation,/mnt/ubna_data_02_mir/recover-20221013/UBNA_001/20221012_030000.WAV,Telephone Field,recover-20221013,001,1795
1122.1115,1122.1512,68437,82510,Rhinolophus ferrumequinum,0.02,0.02,-1,Echolocation,/mnt/ubna_data_02_mir/recover-20221013/UBNA_001/20221012_030000.WAV,Telephone Field,recover-20221013,001,1795
1122.1295,1122.1406,22890,27637,Nyctalus leisleri,0.011,0.022,-1,Echolocation,/mnt/ubna_data_02_mir/recover-20221013/UBNA_001/20221012_030000.WAV,Telephone Field,recover-20221013,001,1795
1122.1895,1122.2306,68437,82989,Rhinolophus ferrumequinum,0.026,0.026,-1,Echolocation,/mnt/ubna_data_02_mir/recover-20221013/UBNA_001/20221012_030000.WAV,Telephone Field,recover-20221013,001,1795
1122.2205,1122.2284,25468,34791,Eptesicus serotinus,0.007,0.023,-1,Echolocation,/mnt/ubna_data_02_mir/recover-20221013/UBNA_001/20221012_030000.WAV,Telephone Field,recover-20221013,001,1795
1122.2395,1122.2812,68437,82433,Rhinolophus ferrumequinum,0.023,0.023,-1,Echolocation,/mnt/ubna_data_02_mir/recover-20221013/UBNA_001/20221012_030000.WAV,Telephone Field,recover-20221013,001,1795
1122.2465,1122.2852,68437,82457,Rhinolophus ferrumequinum,0.021,0.021,-1,Echolocation,/mnt/ubna_data_02_mir/recover-20221013/UBNA_001/20221012_030000.WAV,Telephone Field,recover-20221013,001,1795
1122.2775,1122.3108,68437,80510,Rhinolophus ferrumequinum,0.022,0.022,-1,Echolocation,/mnt/ubna_data_02_mir/recover-20221013/UBNA_001/20221012_030000.WAV,Telephone Field,recover-20221013,001,1795
1122.2825,1122.2899,29765,39756,Eptesicus serotinus,0.01,0.029,-1,Echolocation,/mnt/ubna_data_02_mir/recover-20221013/UBNA_001/20221012_030000.WAV,Telephone Field,recover-20221013,001,1795
1122.3465,1122.3852,68437,81882,Rhinolophus ferrumequinum,0.022,0.022,-1,Echolocation,/mnt/ubna_data_02_mir/recover-20221013/UBNA_001/20221012_030000.WAV,Telephone Field,recover-20221013,001,1795
1122.3575,1122.3955,68437,82028,Rhinolophus ferrumequinum,0.02,0.02,-1,Echolocation,/mnt/ubna_data_02_mir/recover-20221013/UBNA_001/20221012_030000.WAV,Telephone Field,recover-20221013,001,1795
1122.3655,1122.3746,24609,32179,Eptesicus serotinus,0.007,0.023,-1,Echolocation,/mnt/ubna_data_02_mir/recover-20221013/UBNA_001/20221012_030000.WAV,Telephone Field,recover-20221013,001,1795
1122.3955,1122.407,49531,55059,Pipistrellus pipistrellus,0.025,0.029,-1,Echolocation,/mnt/ubna_data_02_mir/recover-20221013/UBNA_001/20221012_030000.WAV,Telephone Field,recover-20221013,001,1795
1122.4105,1122.4462,68437,81120,Rhinolophus ferrumequinum,0.021,0.021,-1,Echolocation,/mnt/ubna_data_02_mir/recover-20221013/UBNA_001/20221012_030000.WAV,Telephone Field,recover-20221013,001,1795
1122.4385,1122.4753,68437,81506,Rhinolophus ferrumequinum,0.021,0.021,-1,Echolocation,/mnt/ubna_data_02_mir/recover-20221013/UBNA_001/20221012_030000.WAV,Telephone Field,recover-20221013,001,1795
1122.4485,1122.4873,68437,81990,Rhinolophus ferrumequinum,0.02,0.02,-1,Echolocation,/mnt/ubna_data_02_mir/recover-20221013/UBNA_001/20221012_030000.WAV,Telephone Field,recover-20221013,001,1795
1122.5025,1122.5177,25468,30354,Nyctalus leisleri,0.023,0.056,-1,Echolocation,/mnt/ubna_data_02_mir/recover-20221013/UBNA_001/20221012_030000.WAV,Telephone Field,recover-20221013,001,1795
1122.5395,1122.5788,68437,82290,Rhinolophus ferrumequinum,0.021,0.021,-1,Echolocation,/mnt/ubna_data_02_mir/recover-20221013/UBNA_001/20221012_030000.WAV,Telephone Field,recover-20221013,001,1795
1122.5705,1122.6118,68437,83134,Rhinolophus ferrumequinum,0.024,0.024,-1,Echolocation,/mnt/ubna_data_02_mir/recover-20221013/UBNA_001/20221012_030000.WAV,Telephone Field,recover-20221013,001,1795
1122.5875,1122.5963,23750,30640,Nyctalus leisleri,0.008,0.023,-1,Echolocation,/mnt/ubna_data_02_mir/recover-20221013/UBNA_001/20221012_030000.WAV,Telephone Field,recover-20221013,001,1795
1122.6235,1122.6632,68437,82355,Rhinolophus ferrumequinum,0.023,0.023,-1,Echolocation,/mnt/ubna_data_02_mir/recover-20221013/UBNA_001/20221012_030000.WAV,Telephone Field,recover-20221013,001,1795
1122.6335,1122.6439,22890,28413,Nyctalus leisleri,0.01,0.024,-1,Echolocation,/mnt/ubna_data_02_mir/recover-20221013/UBNA_001/20221012_030000.WAV,Telephone Field,recover-20221013,001,1795
1122.6475,1122.6566,22031,27623,Plecotus austriacus,0.008,0.02,-1,Echolocation,/mnt/ubna_data_02_mir/recover-20221013/UBNA_001/20221012_030000.WAV,Telephone Field,recover-20221013,001,1795
1122.6675,1122.676,28046,37554,Eptesicus serotinus,0.007,0.02,-1,Echolocation,/mnt/ubna_data_02_mir/recover-20221013/UBNA_001/20221012_030000.WAV,Telephone Field,recover-20221013,001,1795
1122.6825,1122.7202,68437,81970,Rhinolophus ferrumequinum,0.021,0.021,-1,Echolocation,/mnt/ubna_data_02_mir/recover-20221013/UBNA_001/20221012_030000.WAV,Telephone Field,recover-20221013,001,1795
1122.7015,1122.7356,68437,80935,Rhinolophus ferrumequinum,0.02,0.02,-1,Echolocation,/mnt/ubna_data_02_mir/recover-20221013/UBNA_001/20221012_030000.WAV,Telephone Field,recover-20221013,001,1795
1122.7055,1122.7143,28046,40993,Eptesicus serotinus,0.008,0.02,-1,Echolocation,/mnt/ubna_data_02_mir/recover-20221013/UBNA_001/20221012_030000.WAV,Telephone Field,recover-20221013,001,1795
1122.7115,1122.7211,25468,32851,Eptesicus serotinus,0.008,0.02,-1,Echolocation,/mnt/ubna_data_02_mir/recover-20221013/UBNA_001/20221012_030000.WAV,Telephone Field,recover-20221013,001,1795
1122.7425,1122.751,28046,39454,Eptesicus serotinus,0.007,0.021,-1,Echolocation,/mnt/ubna_data_02_mir/recover-20221013/UBNA_001/20221012_030000.WAV,Telephone Field,recover-20221013,001,1795
1122.7475,1122.7873,68437,82745,Rhinolophus ferrumequinum,0.021,0.021,-1,Echolocation,/mnt/ubna_data_02_mir/recover-20221013/UBNA_001/20221012_030000.WAV,Telephone Field,recover-20221013,001,1795
1122.7485,1122.7579,27187,36002,Eptesicus serotinus,0.008,0.021,-1,Echolocation,/mnt/ubna_data_02_mir/recover-20221013/UBNA_001/20221012_030000.WAV,Telephone Field,recover-20221013,001,1795
1122.7625,1122.805,68437,82823,Rhinolophus ferrumequinum,0.024,0.024,-1,Echolocation,/mnt/ubna_data_02_mir/recover-20221013/UBNA_001/20221012_030000.WAV,Telephone Field,recover-20221013,001,1795
1122.7795,1122.7896,42656,48625,Pipistrellus pipistrellus,0.017,0.032,-1,Echolocation,/mnt/ubna_data_02_mir/recover-20221013/UBNA_001/20221012_030000.WAV,Telephone Field,recover-20221013,001,1795
1122.7815,1122.7887,28046,46980,Eptesicus serotinus,0.006,0.019,-1,Echolocation,/mnt/ubna_data_02_mir/recover-20221013/UBNA_001/20221012_030000.WAV,Telephone Field,recover-20221013,001,1795
1122.8045,1122.8447,68437,82382,Rhinolophus ferrumequinum,0.02,0.02,-1,Echolocation,/mnt/ubna_data_02_mir/recover-20221013/UBNA_001/20221012_030000.WAV,Telephone Field,recover-20221013,001,1795
1122.8135,1122.8231,28046,37012,Eptesicus serotinus,0.014,0.028,-1,Echolocation,/mnt/ubna_data_02_mir/recover-20221013/UBNA_001/20221012_030000.WAV,Telephone Field,recover-20221013,001,1795
1122.8235,1122.8625,68437,82333,Rhinolophus ferrumequinum,0.021,0.021,-1,Echolocation,/mnt/ubna_data_02_mir/recover-20221013/UBNA_001/20221012_030000.WAV,Telephone Field,recover-20221013,001,1795
1122.8425,1122.8806,68437,82359,Rhinolophus ferrumequinum,0.02,0.02,-1,Echolocation,/mnt/ubna_data_02_mir/recover-20221013/UBNA_001/20221012_030000.WAV,Telephone Field,recover-20221013,001,1795
1122.8635,1122.9006,68437,81785,Rhinolophus ferrumequinum,0.02,0.02,-1,Echolocation,/mnt/ubna_data_02_mir/recover-20221013/UBNA_001/20221012_030000.WAV,Telephone Field,recover-20221013,001,1795
1122.8695,1122.9079,68437,81787,Rhinolophus ferrumequinum,0.02,0.02,-1,Echolocation,/mnt/ubna_data_02_mir/recover-20221013/UBNA_001/20221012_030000.WAV,Telephone Field,recover-20221013,001,1795
1122.8845,1122.8937,24609,31935,Eptesicus serotinus,0.007,0.02,-1,Echolocation,/mnt/ubna_data_02_mir/recover-20221013/UBNA_001/20221012_030000.WAV,Telephone Field,recover-20221013,001,1795
1122.8875,1122.9257,68437,82209,Rhinolophus ferrumequinum,0.02,0.02,-1,Echolocation,/mnt/ubna_data_02_mir/recover-20221013/UBNA_001/20221012_030000.WAV,Telephone Field,recover-20221013,001,1795
1122.9335,1122.9712,68437,81917,Rhinolophus ferrumequinum,0.026,0.026,-1,Echolocation,/mnt/ubna_data_02_mir/recover-20221013/UBNA_001/20221012_030000.WAV,Telephone Field,recover-20221013,001,1795
1122.9415,1122.9784,68437,81987,Rhinolophus ferrumequinum,0.023,0.023,-1,Echolocation,/mnt/ubna_data_02_mir/recover-20221013/UBNA_001/20221012_030000.WAV,Telephone Field,recover-20221013,001,1795
1122.9485,1122.9867,68437,82332,Rhinolophus ferrumequinum,0.023,0.023,-1,Echolocation,/mnt/ubna_data_02_mir/recover-20221013/UBNA_001/20221012_030000.WAV,Telephone Field,recover-20221013,001,1795
1122.9495,1122.9589,27187,38785,Eptesicus serotinus,0.009,0.022,-1,Echolocation,/mnt/ubna_data_02_mir/recover-20221013/UBNA_001/20221012_030000.WAV,Telephone Field,recover-20221013,001,1795
1122.9545,1122.9627,22890,30002,Plecotus austriacus,0.009,0.022,-1,Echolocation,/mnt/ubna_data_02_mir/recover-20221013/UBNA_001/20221012_030000.WAV,Telephone Field,recover-20221013,001,1795
1122.9725,1123.0085,68437,81565,Rhinolophus ferrumequinum,0.021,0.021,-1,Echolocation,/mnt/ubna_data_02_mir/recover-20221013/UBNA_001/20221012_030000.WAV,Telephone Field,recover-20221013,001,1795
1122.9775,1122.9845,27187,40056,Eptesicus serotinus,0.006,0.022,-1,Echolocation,/mnt/ubna_data_02_mir/recover-20221013/UBNA_001/20221012_030000.WAV,Telephone Field,recover-20221013,001,1795
1123.0305,1123.0382,28046,39219,Eptesicus serotinus,0.006,0.02,-1,Echolocation,/mnt/ubna_data_02_mir/recover-20221013/UBNA_001/20221012_030000.WAV,Telephone Field,recover-20221013,001,1795
1123.0555,1123.0974,68437,82873,Rhinolophus ferrumequinum,0.027,0.027,-1,Echolocation,/mnt/ubna_data_02_mir/recover-20221013/UBNA_001/20221012_030000.WAV,Telephone Field,recover-20221013,001,1795
1123.0885,1123.1283,68437,82183,Rhinolophus ferrumequinum,0.022,0.022,-1,Echolocation,/mnt/ubna_data_02_mir/recover-20221013/UBNA_001/20221012_030000.WAV,Telephone Field,recover-20221013,001,1795
1123.1695,1123.1788,47812,51561,Pipistrellus pipistrellus,0.017,0.021,-1,Echolocation,/mnt/ubna_data_02_mir/recover-20221013/UBNA_001/20221012_030000.WAV,Telephone Field,recover-20221013,001,1795
1123.1925,1123.2331,68437,82231,Rhinolophus ferrumequinum,0.022,0.022,-1,Echolocation,/mnt/ubna_data_02_mir/recover-20221013/UBNA_001/20221012_030000.WAV,Telephone Field,recover-20221013,001,1795
1123.2255,1123.2612,68437,81634,Rhinolophus ferrumequinum,0.021,0.022,-1,Echolocation,/mnt/ubna_data_02_mir/recover-20221013/UBNA_001/20221012_030000.WAV,Telephone Field,recover-20221013,001,1795
1123.2495,1123.2573,28046,38797,Eptesicus serotinus,0.007,0.02,-1,Echolocation,/mnt/ubna_data_02_mir/recover-20221013/UBNA_001/20221012_030000.WAV,Telephone Field,recover-20221013,001,1795
1123.2525,1123.2894000000001,68437,81875,Rhinolophus ferrumequinum,0.02,0.02,-1,Echolocation,/mnt/ubna_data_02_mir/recover-20221013/UBNA_001/20221012_030000.WAV,Telephone Field,recover-20221013,001,1795
1123.2805,1123.291,26328,34603,Eptesicus serotinus,0.008,0.022,-1,Echolocation,/mnt/ubna_data_02_mir/recover-20221013/UBNA_001/20221012_030000.WAV,Telephone Field,recover-20221013,001,1795
1123.3115,1123.3498,68437,82371,Rhinolophus ferrumequinum,0.02,0.02,-1,Echolocation,/mnt/ubna_data_02_mir/recover-20221013/UBNA_001/20221012_030000.WAV,Telephone Field,recover-20221013,001,1795
1123.3215,1123.3582,68437,81435,Rhinolophus ferrumequinum,0.02,0.02,-1,Echolocation,/mnt/ubna_data_02_mir/recover-20221013/UBNA_001/20221012_030000.WAV,Telephone Field,recover-20221013,001,1795
1123.3475,1123.3882,68437,82576,Rhinolophus ferrumequinum,0.023,0.023,-1,Echolocation,/mnt/ubna_data_02_mir/recover-20221013/UBNA_001/20221012_030000.WAV,Telephone Field,recover-20221013,001,1795
1123.3785,1123.3916,31484,37468,Eptesicus serotinus,0.013,0.029,-1,Echolocation,/mnt/ubna_data_02_mir/recover-20221013/UBNA_001/20221012_030000.WAV,Telephone Field,recover-20221013,001,1795
1123.3875,1123.3975,28046,39322,Eptesicus serotinus,0.009,0.022,-1,Echolocation,/mnt/ubna_data_02_mir/recover-20221013/UBNA_001/20221012_030000.WAV,Telephone Field,recover-20221013,001,1795
1123.3935,1123.4019,26328,37364,Eptesicus serotinus,0.006,0.022,-1,Echolocation,/mnt/ubna_data_02_mir/recover-20221013/UBNA_001/20221012_030000.WAV,Telephone Field,recover-20221013,001,1795
1123.4015,1123.4405,68437,81717,Rhinolophus ferrumequinum,0.021,0.021,-1,Echolocation,/mnt/ubna_data_02_mir/recover-20221013/UBNA_001/20221012_030000.WAV,Telephone Field,recover-20221013,001,1795
1123.4235,1123.4614,68437,81653,Rhinolophus ferrumequinum,0.021,0.021,-1,Echolocation,/mnt/ubna_data_02_mir/recover-20221013/UBNA_001/20221012_030000.WAV,Telephone Field,recover-20221013,001,1795
1123.4295,1123.4686,68437,82233,Rhinolophus ferrumequinum,0.021,0.021,-1,Echolocation,/mnt/ubna_data_02_mir/recover-20221013/UBNA_001/20221012_030000.WAV,Telephone Field,recover-20221013,001,1795
1123.4565,1123.498,68437,82477,Rhinolophus ferrumequinum,0.022,0.022,-1,Echolocation,/mnt/ubna_data_02_mir/recover-20221013/UBNA_001/20221012_030000.WAV,Telephone Field,recover-20221013,001,1795
1123.4595,1123.4683,28906,38143,Eptesicus serotinus,0.01,0.025,-1,Echolocation,/mnt/ubna_data_02_mir/recover-20221013/UBNA_001/20221012_030000.WAV,Telephone Field,recover-20221013,001,1795
1123.4785,1123.4873,28906,36714,Eptesicus serotinus,0.026,0.048,-1,Echolocation,/mnt/ubna_data_02_mir/recover-20221013/UBNA_001/20221012_030000.WAV,Telephone Field,recover-20221013,001,1795
1123.4805,1123.5181,68437,81573,Rhinolophus ferrumequinum,0.027,0.027,-1,Echolocation,/mnt/ubna_data_02_mir/recover-20221013/UBNA_001/20221012_030000.WAV,Telephone Field,recover-20221013,001,1795
1123.5355,1123.5742,68437,82425,Rhinolophus ferrumequinum,0.021,0.021,-1,Echolocation,/mnt/ubna_data_02_mir/recover-20221013/UBNA_001/20221012_030000.WAV,Telephone Field,recover-20221013,001,1795
1123.5585,1123.5689,23750,29929,Nyctalus leisleri,0.01,0.024,-1,Echolocation,/mnt/ubna_data_02_mir/recover-20221013/UBNA_001/20221012_030000.WAV,Telephone Field,recover-20221013,001,1795
1123.5715,1123.58,24609,32983,Eptesicus serotinus,0.006,0.021,-1,Echolocation,/mnt/ubna_data_02_mir/recover-20221013/UBNA_001/20221012_030000.WAV,Telephone Field,recover-20221013,001,1795
1123.5805,1123.6251,68437,83058,Rhinolophus ferrumequinum,0.027,0.027,-1,Echolocation,/mnt/ubna_data_02_mir/recover-20221013/UBNA_001/20221012_030000.WAV,Telephone Field,recover-20221013,001,1795
1123.6095,1123.6476,68437,81921,Rhinolophus ferrumequinum,0.021,0.021,-1,Echolocation,/mnt/ubna_data_02_mir/recover-20221013/UBNA_001/20221012_030000.WAV,Telephone Field,recover-20221013,001,1795
1123.6185,1123.6259,27187,36982,Eptesicus serotinus,0.007,0.026,-1,Echolocation,/mnt/ubna_data_02_mir/recover-20221013/UBNA_001/20221012_030000.WAV,Telephone Field,recover-20221013,001,1795
1123.6305,1123.6697,68437,82072,Rhinolophus ferrumequinum,0.022,0.022,-1,Echolocation,/mnt/ubna_data_02_mir/recover-20221013/UBNA_001/20221012_030000.WAV,Telephone Field,recover-20221013,001,1795
1123.6365,1123.6442,28046,40045,Eptesicus serotinus,0.007,0.021,-1,Echolocation,/mnt/ubna_data_02_mir/recover-20221013/UBNA_001/20221012_030000.WAV,Telephone Field,recover-20221013,001,1795
1123.7175,1123.7281,23750,30551,Nyctalus leisleri,0.009,0.025,-1,Echolocation,/mnt/ubna_data_02_mir/recover-20221013/UBNA_001/20221012_030000.WAV,Telephone Field,recover-20221013,001,1795
1123.7385,1123.7495,28906,36420,Eptesicus serotinus,0.012,0.026,-1,Echolocation,/mnt/ubna_data_02_mir/recover-20221013/UBNA_001/20221012_030000.WAV,Telephone Field,recover-20221013,001,1795
1123.7465,1123.755,26328,34885,Eptesicus serotinus,0.007,0.022,-1,Echolocation,/mnt/ubna_data_02_mir/recover-20221013/UBNA_001/20221012_030000.WAV,Telephone Field,recover-20221013,001,1795
1123.7715,1123.8103,68437,82795,Rhinolophus ferrumequinum,0.021,0.021,-1,Echolocation,/mnt/ubna_data_02_mir/recover-20221013/UBNA_001/20221012_030000.WAV,Telephone Field,recover-20221013,001,1795
1123.7815,1123.8176,68437,81900,Rhinolophus ferrumequinum,0.02,0.02,-1,Echolocation,/mnt/ubna_data_02_mir/recover-20221013/UBNA_001/20221012_030000.WAV,Telephone Field,recover-20221013,001,1795
1123.8215,1123.8307,28906,37915,Eptesicus serotinus,0.008,0.021,-1,Echolocation,/mnt/ubna_data_02_mir/recover-20221013/UBNA_001/20221012_030000.WAV,Telephone Field,recover-20221013,001,1795
1123.8315,1123.8694,68437,82098,Rhinolophus ferrumequinum,0.02,0.02,-1,Echolocation,/mnt/ubna_data_02_mir/recover-20221013/UBNA_001/20221012_030000.WAV,Telephone Field,recover-20221013,001,1795
1123.8365,1123.8738,68437,81742,Rhinolophus ferrumequinum,0.02,0.02,-1,Echolocation,/mnt/ubna_data_02_mir/recover-20221013/UBNA_001/20221012_030000.WAV,Telephone Field,recover-20221013,001,1795
1123.8465,1123.8578,25468,32525,Eptesicus serotinus,0.01,0.023,-1,Echolocation,/mnt/ubna_data_02_mir/recover-20221013/UBNA_001/20221012_030000.WAV,Telephone Field,recover-20221013,001,1795
1123.8495,1123.8857,68437,81020,Rhinolophus ferrumequinum,0.022,0.022,-1,Echolocation,/mnt/ubna_data_02_mir/recover-20221013/UBNA_001/20221012_030000.WAV,Telephone Field,recover-20221013,001,1795
1123.8575,1123.8939,68437,81804,Rhinolophus ferrumequinum,0.026,0.026,-1,Echolocation,/mnt/ubna_data_02_mir/recover-20221013/UBNA_001/20221012_030000.WAV,Telephone Field,recover-20221013,001,1795
1123.8715,1123.8822,26328,33655,Eptesicus serotinus,0.014,0.031,-1,Echolocation,/mnt/ubna_data_02_mir/recover-20221013/UBNA_001/20221012_030000.WAV,Telephone Field,recover-20221013,001,1795
1123.8865,1123.9219,68437,82064,Rhinolophus ferrumequinum,0.022,0.022,-1,Echolocation,/mnt/ubna_data_02_mir/recover-20221013/UBNA_001/20221012_030000.WAV,Telephone Field,recover-20221013,001,1795
1123.9165,1123.9566,68437,82126,Rhinolophus ferrumequinum,0.02,0.02,-1,Echolocation,/mnt/ubna_data_02_mir/recover-20221013/UBNA_001/20221012_030000.WAV,Telephone Field,recover-20221013,001,1795
1123.9545,1123.9951,68437,82507,Rhinolophus ferrumequinum,0.029,0.029,-1,Echolocation,/mnt/ubna_data_02_mir/recover-20221013/UBNA_001/20221012_030000.WAV,Telephone Field,recover-20221013,001,1795
1123.9555,1123.9682,22031,27071,Nyctalus leisleri,0.018,0.036,-1,Echolocation,/mnt/ubna_data_02_mir/recover-20221013/UBNA_001/20221012_030000.WAV,Telephone Field,recover-20221013,001,1795
1124.0015,1124.0111,47812,52003,Pipistrellus pipistrellus,0.025,0.03,-1,Echolocation,/mnt/ubna_data_02_mir/recover-20221013/UBNA_001/20221012_030000.WAV,Telephone Field,recover-20221013,001,1795
1124.0015,1124.0366,68437,80782,Rhinolophus ferrumequinum,0.033,0.034,-1,Echolocation,/mnt/ubna_data_02_mir/recover-20221013/UBNA_001/20221012_030000.WAV,Telephone Field,recover-20221013,001,1795
1124.0015,1124.0112,24609,31640,Nyctalus leisleri,0.015,0.038,-1,Echolocation,/mnt/ubna_data_02_mir/recover-20221013/UBNA_001/20221012_030000.WAV,Telephone Field,recover-20221013,001,1795
1124.0075,1124.0497,68437,82213,Rhinolophus ferrumequinum,0.022,0.022,-1,Echolocation,/mnt/ubna_data_02_mir/recover-20221013/UBNA_001/20221012_030000.WAV,Telephone Field,recover-20221013,001,1795
1124.0085,1124.019,24609,32067,Eptesicus serotinus,0.009,0.026,-1,Echolocation,/mnt/ubna_data_02_mir/recover-20221013/UBNA_001/20221012_030000.WAV,Telephone Field,recover-20221013,001,1795
1124.0165,1124.0265,24609,30285,Nyctalus leisleri,0.01,0.025,-1,Echolocation,/mnt/ubna_data_02_mir/recover-20221013/UBNA_001/20221012_030000.WAV,Telephone Field,recover-20221013,001,1795
1124.0555,1124.0916,68437,81772,Rhinolophus ferrumequinum,0.021,0.021,-1,Echolocation,/mnt/ubna_data_02_mir/recover-20221013/UBNA_001/20221012_030000.WAV,Telephone Field,recover-20221013,001,1795
1124.0825,1124.1236,68437,82427,Rhinolophus ferrumequinum,0.036,0.036,-1,Echolocation,/mnt/ubna_data_02_mir/recover-20221013/UBNA_001/20221012_030000.WAV,Telephone Field,recover-20221013,001,1795
1124.1195,1124.1266,28046,40438,Eptesicus serotinus,0.007,0.024,-1,Echolocation,/mnt/ubna_data_02_mir/recover-20221013/UBNA_001/20221012_030000.WAV,Telephone Field,recover-20221013,001,1795
1124.1465,1124.1817,68437,81100,Rhinolophus ferrumequinum,0.021,0.021,-1,Echolocation,/mnt/ubna_data_02_mir/recover-20221013/UBNA_001/20221012_030000.WAV,Telephone Field,recover-20221013,001,1795
1124.1735,1124.2089,68437,81076,Rhinolophus ferrumequinum,0.022,0.022,-1,Echolocation,/mnt/ubna_data_02_mir/recover-20221013/UBNA_001/20221012_030000.WAV,Telephone Field,recover-20221013,001,1795
1124.2075,1124.248,68437,82696,Rhinolophus ferrumequinum,0.028,0.028,-1,Echolocation,/mnt/ubna_data_02_mir/recover-20221013/UBNA_001/20221012_030000.WAV,Telephone Field,recover-20221013,001,1795
1124.2235,1124.2645,68437,82681,Rhinolophus ferrumequinum,0.024,0.024,-1,Echolocation,/mnt/ubna_data_02_mir/recover-20221013/UBNA_001/20221012_030000.WAV,Telephone Field,recover-20221013,001,1795
1124.2245,1124.2313,24609,35815,Plecotus austriacus,0.013,0.031,-1,Echolocation,/mnt/ubna_data_02_mir/recover-20221013/UBNA_001/20221012_030000.WAV,Telephone Field,recover-20221013,001,1795
1124.2425,1124.2618,20312,23389,Nyctalus leisleri,0.014,0.023,-1,Echolocation,/mnt/ubna_data_02_mir/recover-20221013/UBNA_001/20221012_030000.WAV,Telephone Field,recover-20221013,001,1795
1124.2645,1124.308,68437,83113,Rhinolophus ferrumequinum,0.048,0.048,-1,Echolocation,/mnt/ubna_data_02_mir/recover-20221013/UBNA_001/20221012_030000.WAV,Telephone Field,recover-20221013,001,1795
1124.2915,1124.2978,28906,44700,Myotis daubentonii,0.012,0.043,-1,Echolocation,/mnt/ubna_data_02_mir/recover-20221013/UBNA_001/20221012_030000.WAV,Telephone Field,recover-20221013,001,1795
1124.2915,1124.3334,68437,83077,Rhinolophus ferrumequinum,0.024,0.024,-1,Echolocation,/mnt/ubna_data_02_mir/recover-20221013/UBNA_001/20221012_030000.WAV,Telephone Field,recover-20221013,001,1795
1124.3155,1124.3574,68437,82710,Rhinolophus ferrumequinum,0.025,0.025,-1,Echolocation,/mnt/ubna_data_02_mir/recover-20221013/UBNA_001/20221012_030000.WAV,Telephone Field,recover-20221013,001,1795
1124.3225,1124.3307,28046,39669,Eptesicus serotinus,0.007,0.022,-1,Echolocation,/mnt/ubna_data_02_mir/recover-20221013/UBNA_001/20221012_030000.WAV,Telephone Field,recover-20221013,001,1795
1124.3535,1124.3915,68437,81995,Rhinolophus ferrumequinum,0.023,0.023,-1,Echolocation,/mnt/ubna_data_02_mir/recover-20221013/UBNA_001/20221012_030000.WAV,Telephone Field,recover-20221013,001,1795
1124.3895,1124.4277,68437,82422,Rhinolophus ferrumequinum,0.022,0.022,-1,Echolocation,/mnt/ubna_data_02_mir/recover-20221013/UBNA_001/20221012_030000.WAV,Telephone Field,recover-20221013,001,1795
1124.4155,1124.4559,68437,82378,Rhinolophus ferrumequinum,0.022,0.022,-1,Echolocation,/mnt/ubna_data_02_mir/recover-20221013/UBNA_001/20221012_030000.WAV,Telephone Field,recover-20221013,001,1795
1124.4455,1124.4542,44375,51388,Pipistrellus pipistrellus,0.034,0.048,-1,Echolocation,/mnt/ubna_data_02_mir/recover-20221013/UBNA_001/20221012_030000.WAV,Telephone Field,recover-20221013,001,1795
1124.4865,1124.5247,68437,81902,Rhinolophus ferrumequinum,0.021,0.021,-1,Echolocation,/mnt/ubna_data_02_mir/recover-20221013/UBNA_001/20221012_030000.WAV,Telephone Field,recover-20221013,001,1795
1124.4975,1124.5381,68437,82113,Rhinolophus ferrumequinum,0.025,0.025,-1,Echolocation,/mnt/ubna_data_02_mir/recover-20221013/UBNA_001/20221012_030000.WAV,Telephone Field,recover-20221013,001,1795
1124.5285,1124.5662,68437,82211,Rhinolophus ferrumequinum,0.023,0.023,-1,Echolocation,/mnt/ubna_data_02_mir/recover-20221013/UBNA_001/20221012_030000.WAV,Telephone Field,recover-20221013,001,1795
1124.5365,1124.5768,68437,81930,Rhinolophus ferrumequinum,0.023,0.023,-1,Echolocation,/mnt/ubna_data_02_mir/recover-20221013/UBNA_001/20221012_030000.WAV,Telephone Field,recover-20221013,001,1795
1124.5545,1124.5616,26328,39696,Eptesicus serotinus,0.006,0.021,-1,Echolocation,/mnt/ubna_data_02_mir/recover-20221013/UBNA_001/20221012_030000.WAV,Telephone Field,recover-20221013,001,1795
1124.5855,1124.6204,68437,81511,Rhinolophus ferrumequinum,0.022,0.022,-1,Echolocation,/mnt/ubna_data_02_mir/recover-20221013/UBNA_001/20221012_030000.WAV,Telephone Field,recover-20221013,001,1795
1124.6285,1124.6388,28906,37135,Eptesicus serotinus,0.009,0.021,-1,Echolocation,/mnt/ubna_data_02_mir/recover-20221013/UBNA_001/20221012_030000.WAV,Telephone Field,recover-20221013,001,1795
1124.6365,1124.6476,28906,35814,Eptesicus serotinus,0.01,0.022,-1,Echolocation,/mnt/ubna_data_02_mir/recover-20221013/UBNA_001/20221012_030000.WAV,Telephone Field,recover-20221013,001,1795
1124.6395,1124.6756,68437,81370,Rhinolophus ferrumequinum,0.021,0.021,-1,Echolocation,/mnt/ubna_data_02_mir/recover-20221013/UBNA_001/20221012_030000.WAV,Telephone Field,recover-20221013,001,1795
1124.6635,1124.6997,68437,81483,Rhinolophus ferrumequinum,0.023,0.023,-1,Echolocation,/mnt/ubna_data_02_mir/recover-20221013/UBNA_001/20221012_030000.WAV,Telephone Field,recover-20221013,001,1795
1124.7005,1124.7414,68437,82206,Rhinolophus ferrumequinum,0.021,0.021,-1,Echolocation,/mnt/ubna_data_02_mir/recover-20221013/UBNA_001/20221012_030000.WAV,Telephone Field,recover-20221013,001,1795
1124.7135,1124.7214,28046,39967,Eptesicus serotinus,0.007,0.021,-1,Echolocation,/mnt/ubna_data_02_mir/recover-20221013/UBNA_001/20221012_030000.WAV,Telephone Field,recover-20221013,001,1795
1124.7515,1124.7895,68437,81166,Rhinolophus ferrumequinum,0.021,0.021,-1,Echolocation,/mnt/ubna_data_02_mir/recover-20221013/UBNA_001/20221012_030000.WAV,Telephone Field,recover-20221013,001,1795
1124.7775,1124.8188,68437,82955,Rhinolophus ferrumequinum,0.027,0.027,-1,Echolocation,/mnt/ubna_data_02_mir/recover-20221013/UBNA_001/20221012_030000.WAV,Telephone Field,recover-20221013,001,1795
1124.7795,1124.7973,20312,23113,Nyctalus leisleri,0.014,0.024,-1,Echolocation,/mnt/ubna_data_02_mir/recover-20221013/UBNA_001/20221012_030000.WAV,Telephone Field,recover-20221013,001,1795
1124.7885,1124.8304,68437,82480,Rhinolophus ferrumequinum,0.024,0.024,-1,Echolocation,/mnt/ubna_data_02_mir/recover-20221013/UBNA_001/20221012_030000.WAV,Telephone Field,recover-20221013,001,1795
1124.7945,1124.8339,68437,82307,Rhinolophus ferrumequinum,0.023,0.023,-1,Echolocation,/mnt/ubna_data_02_mir/recover-20221013/UBNA_001/20221012_030000.WAV,Telephone Field,recover-20221013,001,1795
1124.8305,1124.8645,68437,81326,Rhinolophus ferrumequinum,0.022,0.022,-1,Echolocation,/mnt/ubna_data_02_mir/recover-20221013/UBNA_001/20221012_030000.WAV,Telephone Field,recover-20221013,001,1795
1124.8415,1124.8493,28046,38676,Eptesicus serotinus,0.007,0.022,-1,Echolocation,/mnt/ubna_data_02_mir/recover-20221013/UBNA_001/20221012_030000.WAV,Telephone Field,recover-20221013,001,1795
1124.8895,1124.8997,22890,28197,Nyctalus leisleri,0.009,0.022,-1,Echolocation,/mnt/ubna_data_02_mir/recover-20221013/UBNA_001/20221012_030000.WAV,Telephone Field,recover-20221013,001,1795
1124.9105,1124.9183,24609,33913,Plecotus austriacus,0.012,0.035,-1,Echolocation,/mnt/ubna_data_02_mir/recover-20221013/UBNA_001/20221012_030000.WAV,Telephone Field,recover-20221013,001,1795
1124.9205,1124.9567,68437,82138,Rhinolophus ferrumequinum,0.025,0.025,-1,Echolocation,/mnt/ubna_data_02_mir/recover-20221013/UBNA_001/20221012_030000.WAV,Telephone Field,recover-20221013,001,1795
1124.9465,1124.9553,22890,29978,Plecotus austriacus,0.01,0.026,-1,Echolocation,/mnt/ubna_data_02_mir/recover-20221013/UBNA_001/20221012_030000.WAV,Telephone Field,recover-20221013,001,1795
1124.9805,1125.0198,68437,82046,Rhinolophus ferrumequinum,0.022,0.022,-1,Echolocation,/mnt/ubna_data_02_mir/recover-20221013/UBNA_001/20221012_030000.WAV,Telephone Field,recover-20221013,001,1795
1125.0105,1125.0435,68437,80557,Rhinolophus ferrumequinum,0.029,0.029,-1,Echolocation,/mnt/ubna_data_02_mir/recover-20221013/UBNA_001/20221012_030000.WAV,Telephone Field,recover-20221013,001,1795
1125.0415,1125.0827,68437,81837,Rhinolophus ferrumequinum,0.022,0.022,-1,Echolocation,/mnt/ubna_data_02_mir/recover-20221013/UBNA_001/20221012_030000.WAV,Telephone Field,recover-20221013,001,1795
1125.0475,1125.0869,68437,82238,Rhinolophus ferrumequinum,0.022,0.022,-1,Echolocation,/mnt/ubna_data_02_mir/recover-20221013/UBNA_001/20221012_030000.WAV,Telephone Field,recover-20221013,001,1795
1125.0595,1125.0668,32343,40814,Myotis daubentonii,0.008,0.032,-1,Echolocation,/mnt/ubna_data_02_mir/recover-20221013/UBNA_001/20221012_030000.WAV,Telephone Field,recover-20221013,001,1795
1125.0805,1125.1186,68437,81755,Rhinolophus ferrumequinum,0.024,0.024,-1,Echolocation,/mnt/ubna_data_02_mir/recover-20221013/UBNA_001/20221012_030000.WAV,Telephone Field,recover-20221013,001,1795
1125.0895,1125.0989,28906,37288,Eptesicus serotinus,0.008,0.022,-1,Echolocation,/mnt/ubna_data_02_mir/recover-20221013/UBNA_001/20221012_030000.WAV,Telephone Field,recover-20221013,001,1795
1125.0955,1125.1065,14296,18482,Nyctalus noctula,0.014,0.025,-1,Echolocation,/mnt/ubna_data_02_mir/recover-20221013/UBNA_001/20221012_030000.WAV,Telephone Field,recover-20221013,001,1795
1125.1095,1125.12,23750,29514,Nyctalus leisleri,0.012,0.026,-1,Echolocation,/mnt/ubna_data_02_mir/recover-20221013/UBNA_001/20221012_030000.WAV,Telephone Field,recover-20221013,001,1795
1125.1135,1125.1507,68437,81946,Rhinolophus ferrumequinum,0.022,0.022,-1,Echolocation,/mnt/ubna_data_02_mir/recover-20221013/UBNA_001/20221012_030000.WAV,Telephone Field,recover-20221013,001,1795
1125.1275,1125.1633,68437,81332,Rhinolophus ferrumequinum,0.021,0.021,-1,Echolocation,/mnt/ubna_data_02_mir/recover-20221013/UBNA_001/20221012_030000.WAV,Telephone Field,recover-20221013,001,1795
1125.1565,1125.1663,26328,34263,Eptesicus serotinus,0.012,0.025,-1,Echolocation,/mnt/ubna_data_02_mir/recover-20221013/UBNA_001/20221012_030000.WAV,Telephone Field,recover-20221013,001,1795
1125.2165,1125.2315,22031,25628,Nyctalus leisleri,0.013,0.022,-1,Echolocation,/mnt/ubna_data_02_mir/recover-20221013/UBNA_001/20221012_030000.WAV,Telephone Field,recover-20221013,001,1795
1125.2405,1125.2501,50390,56028,Pipistrellus pipistrellus,0.019,0.023,-1,Echolocation,/mnt/ubna_data_02_mir/recover-20221013/UBNA_001/20221012_030000.WAV,Telephone Field,recover-20221013,001,1795
1125.2685,1125.2794,22890,28319,Nyctalus leisleri,0.01,0.022,-1,Echolocation,/mnt/ubna_data_02_mir/recover-20221013/UBNA_001/20221012_030000.WAV,Telephone Field,recover-20221013,001,1795
1125.2685,1125.31,68437,83460,Rhinolophus ferrumequinum,0.028,0.028,-1,Echolocation,/mnt/ubna_data_02_mir/recover-20221013/UBNA_001/20221012_030000.WAV,Telephone Field,recover-20221013,001,1795
1125.3125,1125.3514,68437,81721,Rhinolophus ferrumequinum,0.022,0.022,-1,Echolocation,/mnt/ubna_data_02_mir/recover-20221013/UBNA_001/20221012_030000.WAV,Telephone Field,recover-20221013,001,1795
1125.3335,1125.372,68437,82231,Rhinolophus ferrumequinum,0.022,0.022,-1,Echolocation,/mnt/ubna_data_02_mir/recover-20221013/UBNA_001/20221012_030000.WAV,Telephone Field,recover-20221013,001,1795
1125.3885,1125.431,68437,82808,Rhinolophus ferrumequinum,0.024,0.024,-1,Echolocation,/mnt/ubna_data_02_mir/recover-20221013/UBNA_001/20221012_030000.WAV,Telephone Field,recover-20221013,001,1795
1125.4195,1125.4577,68437,81721,Rhinolophus ferrumequinum,0.023,0.023,-1,Echolocation,/mnt/ubna_data_02_mir/recover-20221013/UBNA_001/20221012_030000.WAV,Telephone Field,recover-20221013,001,1795
1125.4205,1125.4282,28046,40848,Eptesicus serotinus,0.007,0.022,-1,Echolocation,/mnt/ubna_data_02_mir/recover-20221013/UBNA_001/20221012_030000.WAV,Telephone Field,recover-20221013,001,1795
1125.4245,1125.463,68437,82217,Rhinolophus ferrumequinum,0.023,0.023,-1,Echolocation,/mnt/ubna_data_02_mir/recover-20221013/UBNA_001/20221012_030000.WAV,Telephone Field,recover-20221013,001,1795
1125.4275,1125.4344,27187,39461,Eptesicus serotinus,0.005,0.022,-1,Echolocation,/mnt/ubna_data_02_mir/recover-20221013/UBNA_001/20221012_030000.WAV,Telephone Field,recover-20221013,001,1795
1125.5085,1125.5507,68437,82726,Rhinolophus ferrumequinum,0.024,0.024,-1,Echolocation,/mnt/ubna_data_02_mir/recover-20221013/UBNA_001/20221012_030000.WAV,Telephone Field,recover-20221013,001,1795
1125.5395,1125.5488,28046,39207,Eptesicus serotinus,0.008,0.021,-1,Echolocation,/mnt/ubna_data_02_mir/recover-20221013/UBNA_001/20221012_030000.WAV,Telephone Field,recover-20221013,001,1795
1125.5555,1125.5645,28906,39521,Eptesicus serotinus,0.009,0.026,-1,Echolocation,/mnt/ubna_data_02_mir/recover-20221013/UBNA_001/20221012_030000.WAV,Telephone Field,recover-20221013,001,1795
1125.5985,1125.6361,68437,82198,Rhinolophus ferrumequinum,0.022,0.022,-1,Echolocation,/mnt/ubna_data_02_mir/recover-20221013/UBNA_001/20221012_030000.WAV,Telephone Field,recover-20221013,001,1795
1125.6035,1125.6172,22890,27366,Nyctalus leisleri,0.014,0.025,-1,Echolocation,/mnt/ubna_data_02_mir/recover-20221013/UBNA_001/20221012_030000.WAV,Telephone Field,recover-20221013,001,1795
1125.6265,1125.6363,28046,36044,Eptesicus serotinus,0.008,0.023,-1,Echolocation,/mnt/ubna_data_02_mir/recover-20221013/UBNA_001/20221012_030000.WAV,Telephone Field,recover-20221013,001,1795
1125.6465,1125.6875,68437,82348,Rhinolophus ferrumequinum,0.026,0.026,-1,Echolocation,/mnt/ubna_data_02_mir/recover-20221013/UBNA_001/20221012_030000.WAV,Telephone Field,recover-20221013,001,1795
1125.6525,1125.6936,68437,82087,Rhinolophus ferrumequinum,0.026,0.026,-1,Echolocation,/mnt/ubna_data_02_mir/recover-20221013/UBNA_001/20221012_030000.WAV,Telephone Field,recover-20221013,001,1795
1125.6545,1125.6628,23750,31524,Plecotus austriacus,0.007,0.022,-1,Echolocation,/mnt/ubna_data_02_mir/recover-20221013/UBNA_001/20221012_030000.WAV,Telephone Field,recover-20221013,001,1795
1125.6805,1125.7213,68437,82354,Rhinolophus ferrumequinum,0.023,0.023,-1,Echolocation,/mnt/ubna_data_02_mir/recover-20221013/UBNA_001/20221012_030000.WAV,Telephone Field,recover-20221013,001,1795
1125.8095,1125.8191,42656,51300,Pipistrellus pipistrellus,0.014,0.024,-1,Echolocation,/mnt/ubna_data_02_mir/recover-20221013/UBNA_001/20221012_030000.WAV,Telephone Field,recover-20221013,001,1795
1125.8105,1125.8469,68437,81779,Rhinolophus ferrumequinum,0.021,0.022,-1,Echolocation,/mnt/ubna_data_02_mir/recover-20221013/UBNA_001/20221012_030000.WAV,Telephone Field,recover-20221013,001,1795
1125.8275,1125.8622,68437,80006,Rhinolophus ferrumequinum,0.026,0.026,-1,Echolocation,/mnt/ubna_data_02_mir/recover-20221013/UBNA_001/20221012_030000.WAV,Telephone Field,recover-20221013,001,1795
1125.8895,1125.9246,68437,81275,Rhinolophus ferrumequinum,0.021,0.021,-1,Echolocation,/mnt/ubna_data_02_mir/recover-20221013/UBNA_001/20221012_030000.WAV,Telephone Field,recover-20221013,001,1795
1125.9045,1125.9185,27187,33558,Eptesicus serotinus,0.014,0.027,-1,Echolocation,/mnt/ubna_data_02_mir/recover-20221013/UBNA_001/20221012_030000.WAV,Telephone Field,recover-20221013,001,1795
1125.9285,1125.9381,28906,38157,Eptesicus serotinus,0.009,0.022,-1,Echolocation,/mnt/ubna_data_02_mir/recover-20221013/UBNA_001/20221012_030000.WAV,Telephone Field,recover-20221013,001,1795
1126.0015,1126.0333,68437,79626,Rhinolophus ferrumequinum,0.032,0.032,-1,Echolocation,/mnt/ubna_data_02_mir/recover-20221013/UBNA_001/20221012_030000.WAV,Telephone Field,recover-20221013,001,1795
1126.0015,1126.0098,25468,34661,Nyctalus leisleri,0.006,0.022,-1,Echolocation,/mnt/ubna_data_02_mir/recover-20221013/UBNA_001/20221012_030000.WAV,Telephone Field,recover-20221013,001,1795
1126.0115,1126.0203,24609,32669,Eptesicus serotinus,0.008,0.022,-1,Echolocation,/mnt/ubna_data_02_mir/recover-20221013/UBNA_001/20221012_030000.WAV,Telephone Field,recover-20221013,001,1795
1126.0485,1126.0888,68437,83038,Rhinolophus ferrumequinum,0.028,0.028,-1,Echolocation,/mnt/ubna_data_02_mir/recover-20221013/UBNA_001/20221012_030000.WAV,Telephone Field,recover-20221013,001,1795
1126.0725,1126.0851,24609,29584,Nyctalus leisleri,0.01,0.022,-1,Echolocation,/mnt/ubna_data_02_mir/recover-20221013/UBNA_001/20221012_030000.WAV,Telephone Field,recover-20221013,001,1795
1126.0885,1126.0985,22031,27370,Nyctalus leisleri,0.009,0.021,-1,Echolocation,/mnt/ubna_data_02_mir/recover-20221013/UBNA_001/20221012_030000.WAV,Telephone Field,recover-20221013,001,1795
1126.0905,1126.1039,15156,20801,Nyctalus noctula,0.015,0.023,-1,Echolocation,/mnt/ubna_data_02_mir/recover-20221013/UBNA_001/20221012_030000.WAV,Telephone Field,recover-20221013,001,1795
1126.1035,1126.1416,68437,81779,Rhinolophus ferrumequinum,0.024,0.024,-1,Echolocation,/mnt/ubna_data_02_mir/recover-20221013/UBNA_001/20221012_030000.WAV,Telephone Field,recover-20221013,001,1795
1126.1695,1126.1832,22890,27164,Nyctalus leisleri,0.027,0.055,-1,Echolocation,/mnt/ubna_data_02_mir/recover-20221013/UBNA_001/20221012_030000.WAV,Telephone Field,recover-20221013,001,1795
1126.2495,1126.2566,28046,38964,Eptesicus serotinus,0.007,0.024,-1,Echolocation,/mnt/ubna_data_02_mir/recover-20221013/UBNA_001/20221012_030000.WAV,Telephone Field,recover-20221013,001,1795
1126.2725,1126.2823,44375,50840,Pipistrellus pipistrellus,0.019,0.024,-1,Echolocation,/mnt/ubna_data_02_mir/recover-20221013/UBNA_001/20221012_030000.WAV,Telephone Field,recover-20221013,001,1795
1126.2975,1126.335,68437,82600,Rhinolophus ferrumequinum,0.026,0.026,-1,Echolocation,/mnt/ubna_data_02_mir/recover-20221013/UBNA_001/20221012_030000.WAV,Telephone Field,recover-20221013,001,1795
1126.3215,1126.3579,68437,81780,Rhinolophus ferrumequinum,0.021,0.021,-1,Echolocation,/mnt/ubna_data_02_mir/recover-20221013/UBNA_001/20221012_030000.WAV,Telephone Field,recover-20221013,001,1795
1126.3515,1126.3916,68437,82800,Rhinolophus ferrumequinum,0.025,0.025,-1,Echolocation,/mnt/ubna_data_02_mir/recover-20221013/UBNA_001/20221012_030000.WAV,Telephone Field,recover-20221013,001,1795
1126.3865,1126.3966,23750,30137,Nyctalus leisleri,0.009,0.023,-1,Echolocation,/mnt/ubna_data_02_mir/recover-20221013/UBNA_001/20221012_030000.WAV,Telephone Field,recover-20221013,001,1795
1126.4325,1126.4708,68437,82273,Rhinolophus ferrumequinum,0.023,0.023,-1,Echolocation,/mnt/ubna_data_02_mir/recover-20221013/UBNA_001/20221012_030000.WAV,Telephone Field,recover-20221013,001,1795
1126.4345,1126.4418,28046,38418,Eptesicus serotinus,0.007,0.023,-1,Echolocation,/mnt/ubna_data_02_mir/recover-20221013/UBNA_001/20221012_030000.WAV,Telephone Field,recover-20221013,001,1795
1126.4455,1126.4875,68437,83209,Rhinolophus ferrumequinum,0.025,0.025,-1,Echolocation,/mnt/ubna_data_02_mir/recover-20221013/UBNA_001/20221012_030000.WAV,Telephone Field,recover-20221013,001,1795
1126.4705,1126.4817,40078,44580,Pipistrellus nathusii,0.014,0.024,-1,Echolocation,/mnt/ubna_data_02_mir/recover-20221013/UBNA_001/20221012_030000.WAV,Telephone Field,recover-20221013,001,1795
1126.4815,1126.5162,68437,81417,Rhinolophus ferrumequinum,0.022,0.022,-1,Echolocation,/mnt/ubna_data_02_mir/recover-20221013/UBNA_001/20221012_030000.WAV,Telephone Field,recover-20221013,001,1795
1126.4965,1126.504,28046,39944,Eptesicus serotinus,0.009,0.029,-1,Echolocation,/mnt/ubna_data_02_mir/recover-20221013/UBNA_001/20221012_030000.WAV,Telephone Field,recover-20221013,001,1795
1126.5075,1126.5457,68437,82204,Rhinolophus ferrumequinum,0.022,0.022,-1,Echolocation,/mnt/ubna_data_02_mir/recover-20221013/UBNA_001/20221012_030000.WAV,Telephone Field,recover-20221013,001,1795
1126.5255,1126.5628,68437,81602,Rhinolophus ferrumequinum,0.022,0.022,-1,Echolocation,/mnt/ubna_data_02_mir/recover-20221013/UBNA_001/20221012_030000.WAV,Telephone Field,recover-20221013,001,1795
1126.5355,1126.5715,68437,81929,Rhinolophus ferrumequinum,0.022,0.022,-1,Echolocation,/mnt/ubna_data_02_mir/recover-20221013/UBNA_001/20221012_030000.WAV,Telephone Field,recover-20221013,001,1795
1126.5625,1126.5721,27187,39521,Eptesicus serotinus,0.011,0.024,-1,Echolocation,/mnt/ubna_data_02_mir/recover-20221013/UBNA_001/20221012_030000.WAV,Telephone Field,recover-20221013,001,1795
1126.6025,1126.6408,68437,82383,Rhinolophus ferrumequinum,0.022,0.022,-1,Echolocation,/mnt/ubna_data_02_mir/recover-20221013/UBNA_001/20221012_030000.WAV,Telephone Field,recover-20221013,001,1795
1126.6205,1126.6284,26328,35563,Eptesicus serotinus,0.008,0.027,-1,Echolocation,/mnt/ubna_data_02_mir/recover-20221013/UBNA_001/20221012_030000.WAV,Telephone Field,recover-20221013,001,1795
1126.6275,1126.6373,25468,32572,Eptesicus serotinus,0.011,0.028,-1,Echolocation,/mnt/ubna_data_02_mir/recover-20221013/UBNA_001/20221012_030000.WAV,Telephone Field,recover-20221013,001,1795
1126.6295,1126.6673,68437,81506,Rhinolophus ferrumequinum,0.022,0.022,-1,Echolocation,/mnt/ubna_data_02_mir/recover-20221013/UBNA_001/20221012_030000.WAV,Telephone Field,recover-20221013,001,1795
1126.6335,1126.6451,37500,41931,Pipistrellus nathusii,0.013,0.026,-1,Echolocation,/mnt/ubna_data_02_mir/recover-20221013/UBNA_001/20221012_030000.WAV,Telephone Field,recover-20221013,001,1795
1126.6665,1126.679,28046,33289,Eptesicus serotinus,0.019,0.035,-1,Echolocation,/mnt/ubna_data_02_mir/recover-20221013/UBNA_001/20221012_030000.WAV,Telephone Field,recover-20221013,001,1795
1126.8085,1126.8493,68437,82641,Rhinolophus ferrumequinum,0.022,0.022,-1,Echolocation,/mnt/ubna_data_02_mir/recover-20221013/UBNA_001/20221012_030000.WAV,Telephone Field,recover-20221013,001,1795
1126.8125,1126.8217,28906,37804,Eptesicus serotinus,0.01,0.028,-1,Echolocation,/mnt/ubna_data_02_mir/recover-20221013/UBNA_001/20221012_030000.WAV,Telephone Field,recover-20221013,001,1795
1126.8385,1126.877,68437,82210,Rhinolophus ferrumequinum,0.022,0.022,-1,Echolocation,/mnt/ubna_data_02_mir/recover-20221013/UBNA_001/20221012_030000.WAV,Telephone Field,recover-20221013,001,1795
1126.8625,1126.87,28046,40875,Eptesicus serotinus,0.008,0.025,-1,Echolocation,/mnt/ubna_data_02_mir/recover-20221013/UBNA_001/20221012_030000.WAV,Telephone Field,recover-20221013,001,1795
1126.8835,1126.9231,68437,82657,Rhinolophus ferrumequinum,0.022,0.022,-1,Echolocation,/mnt/ubna_data_02_mir/recover-20221013/UBNA_001/20221012_030000.WAV,Telephone Field,recover-20221013,001,1795
1126.8915,1126.902,23750,30161,Nyctalus leisleri,0.008,0.021,-1,Echolocation,/mnt/ubna_data_02_mir/recover-20221013/UBNA_001/20221012_030000.WAV,Telephone Field,recover-20221013,001,1795
1126.9025,1126.9112,28046,37121,Eptesicus serotinus,0.01,0.025,-1,Echolocation,/mnt/ubna_data_02_mir/recover-20221013/UBNA_001/20221012_030000.WAV,Telephone Field,recover-20221013,001,1795
1126.9695,1126.9773,28046,39068,Eptesicus serotinus,0.007,0.023,-1,Echolocation,/mnt/ubna_data_02_mir/recover-20221013/UBNA_001/20221012_030000.WAV,Telephone Field,recover-20221013,001,1795
1126.9915,1127.0329,68437,82775,Rhinolophus ferrumequinum,0.026,0.026,-1,Echolocation,/mnt/ubna_data_02_mir/recover-20221013/UBNA_001/20221012_030000.WAV,Telephone Field,recover-20221013,001,1795
1126.9965,1127.0033,48671,54259,Pipistrellus pipistrellus,0.028,0.031,-1,Echolocation,/mnt/ubna_data_02_mir/recover-20221013/UBNA_001/20221012_030000.WAV,Telephone Field,recover-20221013,001,1795
1127.0005,1127.0098,25468,34820,Eptesicus serotinus,0.011,0.027,-1,Echolocation,/mnt/ubna_data_02_mir/recover-20221013/UBNA_001/20221012_030000.WAV,Telephone Field,recover-20221013,001,1795
1127.0175,1127.052,68437,80847,Rhinolophus ferrumequinum,0.022,0.022,-1,Echolocation,/mnt/ubna_data_02_mir/recover-20221013/UBNA_001/20221012_030000.WAV,Telephone Field,recover-20221013,001,1795
1127.0455,1127.0558,28906,36644,Eptesicus serotinus,0.011,0.025,-1,Echolocation,/mnt/ubna_data_02_mir/recover-20221013/UBNA_001/20221012_030000.WAV,Telephone Field,recover-20221013,001,1795
1127.0595,1127.0664,27187,37433,Eptesicus serotinus,0.006,0.022,-1,Echolocation,/mnt/ubna_data_02_mir/recover-20221013/UBNA_001/20221012_030000.WAV,Telephone Field,recover-20221013,001,1795
1127.1785,1127.2161,68437,81820,Rhinolophus ferrumequinum,0.022,0.022,-1,Echolocation,/mnt/ubna_data_02_mir/recover-20221013/UBNA_001/20221012_030000.WAV,Telephone Field,recover-20221013,001,1795
1127.2195,1127.2606,68437,82711,Rhinolophus ferrumequinum,0.024,0.024,-1,Echolocation,/mnt/ubna_data_02_mir/recover-20221013/UBNA_001/20221012_030000.WAV,Telephone Field,recover-20221013,001,1795
1127.2555,1127.295,68437,82398,Rhinolophus ferrumequinum,0.022,0.022,-1,Echolocation,/mnt/ubna_data_02_mir/recover-20221013/UBNA_001/20221012_030000.WAV,Telephone Field,recover-20221013,001,1795
1127.2935,1127.3317,68437,82378,Rhinolophus ferrumequinum,0.023,0.023,-1,Echolocation,/mnt/ubna_data_02_mir/recover-20221013/UBNA_001/20221012_030000.WAV,Telephone Field,recover-20221013,001,1795
1127.3255,1127.3675,68437,82806,Rhinolophus ferrumequinum,0.027,0.027,-1,Echolocation,/mnt/ubna_data_02_mir/recover-20221013/UBNA_001/20221012_030000.WAV,Telephone Field,recover-20221013,001,1795
1127.3865,1127.3941,28046,38530,Eptesicus serotinus,0.007,0.023,-1,Echolocation,/mnt/ubna_data_02_mir/recover-20221013/UBNA_001/20221012_030000.WAV,Telephone Field,recover-20221013,001,1795
1127.4045,1127.4142,23750,30080,Nyctalus leisleri,0.009,0.023,-1,Echolocation,/mnt/ubna_data_02_mir/recover-20221013/UBNA_001/20221012_030000.WAV,Telephone Field,recover-20221013,001,1795
1127.4325,1127.4731,68437,82679,Rhinolophus ferrumequinum,0.022,0.022,-1,Echolocation,/mnt/ubna_data_02_mir/recover-20221013/UBNA_001/20221012_030000.WAV,Telephone Field,recover-20221013,001,1795
1127.4345,1127.4431,27187,36423,Eptesicus serotinus,0.008,0.022,-1,Echolocation,/mnt/ubna_data_02_mir/recover-20221013/UBNA_001/20221012_030000.WAV,Telephone Field,recover-20221013,001,1795
1127.4585,1127.4985,68437,82845,Rhinolophus ferrumequinum,0.024,0.025,-1,Echolocation,/mnt/ubna_data_02_mir/recover-20221013/UBNA_001/20221012_030000.WAV,Telephone Field,recover-20221013,001,1795
1127.5055,1127.5159,22890,27927,Nyctalus leisleri,0.011,0.022,-1,Echolocation,/mnt/ubna_data_02_mir/recover-20221013/UBNA_001/20221012_030000.WAV,Telephone Field,recover-20221013,001,1795
1127.5375,1127.5456,26328,39220,Eptesicus serotinus,0.007,0.023,-1,Echolocation,/mnt/ubna_data_02_mir/recover-20221013/UBNA_001/20221012_030000.WAV,Telephone Field,recover-20221013,001,1795
1127.6425,1127.6831,68437,82602,Rhinolophus ferrumequinum,0.025,0.025,-1,Echolocation,/mnt/ubna_data_02_mir/recover-20221013/UBNA_001/20221012_030000.WAV,Telephone Field,recover-20221013,001,1795
1127.6735,1127.7105999999999,68437,81558,Rhinolophus ferrumequinum,0.022,0.023,-1,Echolocation,/mnt/ubna_data_02_mir/recover-20221013/UBNA_001/20221012_030000.WAV,Telephone Field,recover-20221013,001,1795
1127.6805,1127.7126,68437,80611,Rhinolophus ferrumequinum,0.022,0.022,-1,Echolocation,/mnt/ubna_data_02_mir/recover-20221013/UBNA_001/20221012_030000.WAV,Telephone Field,recover-20221013,001,1795
1127.7135,1127.7212,23750,32868,Plecotus austriacus,0.008,0.022,-1,Echolocation,/mnt/ubna_data_02_mir/recover-20221013/UBNA_001/20221012_030000.WAV,Telephone Field,recover-20221013,001,1795
1127.7275,1127.7347,25468,34718,Plecotus austriacus,0.008,0.026,-1,Echolocation,/mnt/ubna_data_02_mir/recover-20221013/UBNA_001/20221012_030000.WAV,Telephone Field,recover-20221013,001,1795
1127.7375,1127.7767,68437,82471,Rhinolophus ferrumequinum,0.027,0.027,-1,Echolocation,/mnt/ubna_data_02_mir/recover-20221013/UBNA_001/20221012_030000.WAV,Telephone Field,recover-20221013,001,1795
1127.7475,1127.7564,28906,39499,Eptesicus serotinus,0.008,0.022,-1,Echolocation,/mnt/ubna_data_02_mir/recover-20221013/UBNA_001/20221012_030000.WAV,Telephone Field,recover-20221013,001,1795
1127.7585,1127.7665,31484,43032,Myotis daubentonii,0.01,0.024,-1,Echolocation,/mnt/ubna_data_02_mir/recover-20221013/UBNA_001/20221012_030000.WAV,Telephone Field,recover-20221013,001,1795
1127.7815,1127.8187,68437,81527,Rhinolophus ferrumequinum,0.022,0.022,-1,Echolocation,/mnt/ubna_data_02_mir/recover-20221013/UBNA_001/20221012_030000.WAV,Telephone Field,recover-20221013,001,1795
1127.7865,1127.8245,68437,82594,Rhinolophus ferrumequinum,0.022,0.022,-1,Echolocation,/mnt/ubna_data_02_mir/recover-20221013/UBNA_001/20221012_030000.WAV,Telephone Field,recover-20221013,001,1795
1127.7965,1127.8393,68437,82729,Rhinolophus ferrumequinum,0.03,0.03,-1,Echolocation,/mnt/ubna_data_02_mir/recover-20221013/UBNA_001/20221012_030000.WAV,Telephone Field,recover-20221013,001,1795
1127.8005,1127.809,27187,39762,Eptesicus serotinus,0.008,0.021,-1,Echolocation,/mnt/ubna_data_02_mir/recover-20221013/UBNA_001/20221012_030000.WAV,Telephone Field,recover-20221013,001,1795
1127.8215,1127.8286,34062,40904,Myotis daubentonii,0.008,0.022,-1,Echolocation,/mnt/ubna_data_02_mir/recover-20221013/UBNA_001/20221012_030000.WAV,Telephone Field,recover-20221013,001,1795
1127.8225,1127.8298,27187,37940,Eptesicus serotinus,0.007,0.024,-1,Echolocation,/mnt/ubna_data_02_mir/recover-20221013/UBNA_001/20221012_030000.WAV,Telephone Field,recover-20221013,001,1795
1127.9115,1127.9507,68437,82534,Rhinolophus ferrumequinum,0.023,0.023,-1,Echolocation,/mnt/ubna_data_02_mir/recover-20221013/UBNA_001/20221012_030000.WAV,Telephone Field,recover-20221013,001,1795
1127.9295,1127.9676,68437,81659,Rhinolophus ferrumequinum,0.022,0.022,-1,Echolocation,/mnt/ubna_data_02_mir/recover-20221013/UBNA_001/20221012_030000.WAV,Telephone Field,recover-20221013,001,1795
1127.9335,1127.9422,28046,38863,Eptesicus serotinus,0.008,0.022,-1,Echolocation,/mnt/ubna_data_02_mir/recover-20221013/UBNA_001/20221012_030000.WAV,Telephone Field,recover-20221013,001,1795
1127.9835,1127.9938,22031,26644,Nyctalus leisleri,0.009,0.021,-1,Echolocation,/mnt/ubna_data_02_mir/recover-20221013/UBNA_001/20221012_030000.WAV,Telephone Field,recover-20221013,001,1795
1128.0015,1128.0334,68437,80099,Rhinolophus ferrumequinum,0.042,0.042,-1,Echolocation,/mnt/ubna_data_02_mir/recover-20221013/UBNA_001/20221012_030000.WAV,Telephone Field,recover-20221013,001,1795
1128.0015,1128.0132,21171,26952,Nyctalus leisleri,0.013,0.034,-1,Echolocation,/mnt/ubna_data_02_mir/recover-20221013/UBNA_001/20221012_030000.WAV,Telephone Field,recover-20221013,001,1795
1128.0095,1128.0536,68437,82625,Rhinolophus ferrumequinum,0.021,0.021,-1,Echolocation,/mnt/ubna_data_02_mir/recover-20221013/UBNA_001/20221012_030000.WAV,Telephone Field,recover-20221013,001,1795
1128.0175,1128.0272,27187,34189,Eptesicus serotinus,0.029,0.057,-1,Echolocation,/mnt/ubna_data_02_mir/recover-20221013/UBNA_001/20221012_030000.WAV,Telephone Field,recover-20221013,001,1795
1128.0465,1128.0537,28046,39811,Eptesicus serotinus,0.006,0.022,-1,Echolocation,/mnt/ubna_data_02_mir/recover-20221013/UBNA_001/20221012_030000.WAV,Telephone Field,recover-20221013,001,1795
1128.0775,1128.114,68437,81981,Rhinolophus ferrumequinum,0.025,0.025,-1,Echolocation,/mnt/ubna_data_02_mir/recover-20221013/UBNA_001/20221012_030000.WAV,Telephone Field,recover-20221013,001,1795
1128.1125,1128.1209,43515,53069,Pipistrellus pipistrellus,0.013,0.022,-1,Echolocation,/mnt/ubna_data_02_mir/recover-20221013/UBNA_001/20221012_030000.WAV,Telephone Field,recover-20221013,001,1795
1128.1155,1128.1569,68437,83021,Rhinolophus ferrumequinum,0.025,0.025,-1,Echolocation,/mnt/ubna_data_02_mir/recover-20221013/UBNA_001/20221012_030000.WAV,Telephone Field,recover-20221013,001,1795
1128.1355,1128.1755,68437,82737,Rhinolophus ferrumequinum,0.022,0.022,-1,Echolocation,/mnt/ubna_data_02_mir/recover-20221013/UBNA_001/20221012_030000.WAV,Telephone Field,recover-20221013,001,1795
1128.1455,1128.1527,28046,40565,Eptesicus serotinus,0.007,0.022,-1,Echolocation,/mnt/ubna_data_02_mir/recover-20221013/UBNA_001/20221012_030000.WAV,Telephone Field,recover-20221013,001,1795
1128.1455,1128.1541,44375,50685,Pipistrellus pipistrellus,0.023,0.026,-1,Echolocation,/mnt/ubna_data_02_mir/recover-20221013/UBNA_001/20221012_030000.WAV,Telephone Field,recover-20221013,001,1795
1128.1455,1128.1829,68437,81814,Rhinolophus ferrumequinum,0.021,0.021,-1,Echolocation,/mnt/ubna_data_02_mir/recover-20221013/UBNA_001/20221012_030000.WAV,Telephone Field,recover-20221013,001,1795
1128.1625,1128.1988,68437,81643,Rhinolophus ferrumequinum,0.041,0.041,-1,Echolocation,/mnt/ubna_data_02_mir/recover-20221013/UBNA_001/20221012_030000.WAV,Telephone Field,recover-20221013,001,1795
1128.1855,1128.2256,68437,82471,Rhinolophus ferrumequinum,0.021,0.021,-1,Echolocation,/mnt/ubna_data_02_mir/recover-20221013/UBNA_001/20221012_030000.WAV,Telephone Field,recover-20221013,001,1795
1128.1885,1128.1995,22890,28415,Nyctalus leisleri,0.011,0.025,-1,Echolocation,/mnt/ubna_data_02_mir/recover-20221013/UBNA_001/20221012_030000.WAV,Telephone Field,recover-20221013,001,1795
1128.2545,1128.2938,68437,81924,Rhinolophus ferrumequinum,0.021,0.022,-1,Echolocation,/mnt/ubna_data_02_mir/recover-20221013/UBNA_001/20221012_030000.WAV,Telephone Field,recover-20221013,001,1795
1128.2615,1128.2965,68437,80934,Rhinolophus ferrumequinum,0.021,0.021,-1,Echolocation,/mnt/ubna_data_02_mir/recover-20221013/UBNA_001/20221012_030000.WAV,Telephone Field,recover-20221013,001,1795
1128.2675,1128.3009,68437,80826,Rhinolophus ferrumequinum,0.02,0.02,-1,Echolocation,/mnt/ubna_data_02_mir/recover-20221013/UBNA_001/20221012_030000.WAV,Telephone Field,recover-20221013,001,1795
1128.2935,1128.3303,68437,81515,Rhinolophus ferrumequinum,0.021,0.021,-1,Echolocation,/mnt/ubna_data_02_mir/recover-20221013/UBNA_001/20221012_030000.WAV,Telephone Field,recover-20221013,001,1795
1128.3225,1128.3599,68437,81908,Rhinolophus ferrumequinum,0.02,0.02,-1,Echolocation,/mnt/ubna_data_02_mir/recover-20221013/UBNA_001/20221012_030000.WAV,Telephone Field,recover-20221013,001,1795
1128.3285,1128.3669,68437,81926,Rhinolophus ferrumequinum,0.021,0.021,-1,Echolocation,/mnt/ubna_data_02_mir/recover-20221013/UBNA_001/20221012_030000.WAV,Telephone Field,recover-20221013,001,1795
1128.3335,1128.3428,25468,32794,Eptesicus serotinus,0.01,0.027,-1,Echolocation,/mnt/ubna_data_02_mir/recover-20221013/UBNA_001/20221012_030000.WAV,Telephone Field,recover-20221013,001,1795
1128.3555,1128.3942,68437,82123,Rhinolophus ferrumequinum,0.02,0.02,-1,Echolocation,/mnt/ubna_data_02_mir/recover-20221013/UBNA_001/20221012_030000.WAV,Telephone Field,recover-20221013,001,1795
1128.3605,1128.3683,28046,39597,Eptesicus serotinus,0.007,0.021,-1,Echolocation,/mnt/ubna_data_02_mir/recover-20221013/UBNA_001/20221012_030000.WAV,Telephone Field,recover-20221013,001,1795
1128.3865,1128.4247,68437,81986,Rhinolophus ferrumequinum,0.022,0.022,-1,Echolocation,/mnt/ubna_data_02_mir/recover-20221013/UBNA_001/20221012_030000.WAV,Telephone Field,recover-20221013,001,1795
1128.4345,1128.4686,68437,81160,Rhinolophus ferrumequinum,0.021,0.022,-1,Echolocation,/mnt/ubna_data_02_mir/recover-20221013/UBNA_001/20221012_030000.WAV,Telephone Field,recover-20221013,001,1795
1128.4535,1128.4637,28906,35991,Eptesicus serotinus,0.01,0.023,-1,Echolocation,/mnt/ubna_data_02_mir/recover-20221013/UBNA_001/20221012_030000.WAV,Telephone Field,recover-20221013,001,1795
1128.5095,1128.5489,68437,82622,Rhinolophus ferrumequinum,0.022,0.022,-1,Echolocation,/mnt/ubna_data_02_mir/recover-20221013/UBNA_001/20221012_030000.WAV,Telephone Field,recover-20221013,001,1795
1128.5865,1128.5937,27187,39020,Eptesicus serotinus,0.006,0.022,-1,Echolocation,/mnt/ubna_data_02_mir/recover-20221013/UBNA_001/20221012_030000.WAV,Telephone Field,recover-20221013,001,1795
1128.5865,1128.5963,22031,27823,Nyctalus leisleri,0.008,0.022,-1,Echolocation,/mnt/ubna_data_02_mir/recover-20221013/UBNA_001/20221012_030000.WAV,Telephone Field,recover-20221013,001,1795
1128.5875,1128.627,68437,82221,Rhinolophus ferrumequinum,0.024,0.024,-1,Echolocation,/mnt/ubna_data_02_mir/recover-20221013/UBNA_001/20221012_030000.WAV,Telephone Field,recover-20221013,001,1795
1128.7105,1128.7219,23750,29229,Nyctalus leisleri,0.009,0.021,-1,Echolocation,/mnt/ubna_data_02_mir/recover-20221013/UBNA_001/20221012_030000.WAV,Telephone Field,recover-20221013,001,1795
1128.7165,1128.7562,68437,82224,Rhinolophus ferrumequinum,0.021,0.021,-1,Echolocation,/mnt/ubna_data_02_mir/recover-20221013/UBNA_001/20221012_030000.WAV,Telephone Field,recover-20221013,001,1795
1128.7225,1128.7304,28046,40236,Eptesicus serotinus,0.007,0.023,-1,Echolocation,/mnt/ubna_data_02_mir/recover-20221013/UBNA_001/20221012_030000.WAV,Telephone Field,recover-20221013,001,1795
1128.7425,1128.784,68437,82717,Rhinolophus ferrumequinum,0.021,0.021,-1,Echolocation,/mnt/ubna_data_02_mir/recover-20221013/UBNA_001/20221012_030000.WAV,Telephone Field,recover-20221013,001,1795
1128.7595,1128.7986,68437,82938,Rhinolophus ferrumequinum,0.021,0.021,-1,Echolocation,/mnt/ubna_data_02_mir/recover-20221013/UBNA_001/20221012_030000.WAV,Telephone Field,recover-20221013,001,1795
1128.7595,1128.77,24609,31726,Eptesicus serotinus,0.01,0.023,-1,Echolocation,/mnt/ubna_data_02_mir/recover-20221013/UBNA_001/20221012_030000.WAV,Telephone Field,recover-20221013,001,1795
1128.7695,1128.7781,50390,56254,Pipistrellus pipistrellus,0.018,0.021,-1,Echolocation,/mnt/ubna_data_02_mir/recover-20221013/UBNA_001/20221012_030000.WAV,Telephone Field,recover-20221013,001,1795
1128.7775,1128.785,28906,39431,Eptesicus serotinus,0.006,0.02,-1,Echolocation,/mnt/ubna_data_02_mir/recover-20221013/UBNA_001/20221012_030000.WAV,Telephone Field,recover-20221013,001,1795
1128.7785,1128.7853,51250,55701,Pipistrellus pipistrellus,0.019,0.022,-1,Echolocation,/mnt/ubna_data_02_mir/recover-20221013/UBNA_001/20221012_030000.WAV,Telephone Field,recover-20221013,001,1795
1128.8055,1128.8139,28046,39297,Eptesicus serotinus,0.008,0.023,-1,Echolocation,/mnt/ubna_data_02_mir/recover-20221013/UBNA_001/20221012_030000.WAV,Telephone Field,recover-20221013,001,1795
1128.8105,1128.8262,37500,41948,Pipistrellus nathusii,0.021,0.036,-1,Echolocation,/mnt/ubna_data_02_mir/recover-20221013/UBNA_001/20221012_030000.WAV,Telephone Field,recover-20221013,001,1795
1128.8175,1128.8547,68437,81216,Rhinolophus ferrumequinum,0.021,0.021,-1,Echolocation,/mnt/ubna_data_02_mir/recover-20221013/UBNA_001/20221012_030000.WAV,Telephone Field,recover-20221013,001,1795
1128.8195,1128.8269,23750,31886,Plecotus austriacus,0.01,0.023,-1,Echolocation,/mnt/ubna_data_02_mir/recover-20221013/UBNA_001/20221012_030000.WAV,Telephone Field,recover-20221013,001,1795
1128.8375,1128.8781,68437,82571,Rhinolophus ferrumequinum,0.026,0.026,-1,Echolocation,/mnt/ubna_data_02_mir/recover-20221013/UBNA_001/20221012_030000.WAV,Telephone Field,recover-20221013,001,1795
1128.8935,1128.9293,68437,80810,Rhinolophus ferrumequinum,0.021,0.021,-1,Echolocation,/mnt/ubna_data_02_mir/recover-20221013/UBNA_001/20221012_030000.WAV,Telephone Field,recover-20221013,001,1795
1128.9025,1128.94,68437,82106,Rhinolophus ferrumequinum,0.02,0.02,-1,Echolocation,/mnt/ubna_data_02_mir/recover-20221013/UBNA_001/20221012_030000.WAV,Telephone Field,recover-20221013,001,1795
1128.9345,1128.9732,68437,81304,Rhinolophus ferrumequinum,0.021,0.021,-1,Echolocation,/mnt/ubna_data_02_mir/recover-20221013/UBNA_001/20221012_030000.WAV,Telephone Field,recover-20221013,001,1795
1129.0115,1129.0491,68437,81896,Rhinolophus ferrumequinum,0.024,0.024,-1,Echolocation,/mnt/ubna_data_02_mir/recover-20221013/UBNA_001/20221012_030000.WAV,Telephone Field,recover-20221013,001,1795
1129.0175,1129.0567,68437,82268,Rhinolophus ferrumequinum,0.023,0.023,-1,Echolocation,/mnt/ubna_data_02_mir/recover-20221013/UBNA_001/20221012_030000.WAV,Telephone Field,recover-20221013,001,1795
1129.0395,1129.0764,68437,81723,Rhinolophus ferrumequinum,0.023,0.023,-1,Echolocation,/mnt/ubna_data_02_mir/recover-20221013/UBNA_001/20221012_030000.WAV,Telephone Field,recover-20221013,001,1795
1129.0585,1129.0711000000001,22031,25587,Nyctalus leisleri,0.012,0.021,-1,Echolocation,/mnt/ubna_data_02_mir/recover-20221013/UBNA_001/20221012_030000.WAV,Telephone Field,recover-20221013,001,1795
1129.0635,1129.105,68437,82271,Rhinolophus ferrumequinum,0.031,0.031,-1,Echolocation,/mnt/ubna_data_02_mir/recover-20221013/UBNA_001/20221012_030000.WAV,Telephone Field,recover-20221013,001,1795
1129.0695,1129.0766,26328,41191,Eptesicus serotinus,0.005,0.022,-1,Echolocation,/mnt/ubna_data_02_mir/recover-20221013/UBNA_001/20221012_030000.WAV,Telephone Field,recover-20221013,001,1795
1129.0805,1129.0892,23750,30643,Plecotus austriacus,0.007,0.02,-1,Echolocation,/mnt/ubna_data_02_mir/recover-20221013/UBNA_001/20221012_030000.WAV,Telephone Field,recover-20221013,001,1795
1129.1065,1129.1454,68437,82448,Rhinolophus ferrumequinum,0.021,0.021,-1,Echolocation,/mnt/ubna_data_02_mir/recover-20221013/UBNA_001/20221012_030000.WAV,Telephone Field,recover-20221013,001,1795
1129.1225,1129.1305,23750,32714,Plecotus austriacus,0.008,0.023,-1,Echolocation,/mnt/ubna_data_02_mir/recover-20221013/UBNA_001/20221012_030000.WAV,Telephone Field,recover-20221013,001,1795
1129.1225,1129.1631,68437,82049,Rhinolophus ferrumequinum,0.023,0.023,-1,Echolocation,/mnt/ubna_data_02_mir/recover-20221013/UBNA_001/20221012_030000.WAV,Telephone Field,recover-20221013,001,1795
1129.1425,1129.183,68437,82269,Rhinolophus ferrumequinum,0.02,0.02,-1,Echolocation,/mnt/ubna_data_02_mir/recover-20221013/UBNA_001/20221012_030000.WAV,Telephone Field,recover-20221013,001,1795
1129.1565,1129.1699,22031,25498,Nyctalus leisleri,0.015,0.024,-1,Echolocation,/mnt/ubna_data_02_mir/recover-20221013/UBNA_001/20221012_030000.WAV,Telephone Field,recover-20221013,001,1795
1129.1715,1129.2092,68437,82425,Rhinolophus ferrumequinum,0.024,0.024,-1,Echolocation,/mnt/ubna_data_02_mir/recover-20221013/UBNA_001/20221012_030000.WAV,Telephone Field,recover-20221013,001,1795
1129.1715,1129.1781,28906,41762,Eptesicus serotinus,0.011,0.039,-1,Echolocation,/mnt/ubna_data_02_mir/recover-20221013/UBNA_001/20221012_030000.WAV,Telephone Field,recover-20221013,001,1795
1129.2045,1129.2464,68437,83038,Rhinolophus ferrumequinum,0.03,0.03,-1,Echolocation,/mnt/ubna_data_02_mir/recover-20221013/UBNA_001/20221012_030000.WAV,Telephone Field,recover-20221013,001,1795
1129.2045,1129.2123,27187,39096,Eptesicus serotinus,0.007,0.02,-1,Echolocation,/mnt/ubna_data_02_mir/recover-20221013/UBNA_001/20221012_030000.WAV,Telephone Field,recover-20221013,001,1795
1129.2245,1129.2345,23750,29140,Nyctalus leisleri,0.01,0.022,-1,Echolocation,/mnt/ubna_data_02_mir/recover-20221013/UBNA_001/20221012_030000.WAV,Telephone Field,recover-20221013,001,1795
1129.2605,1129.2987,68437,82121,Rhinolophus ferrumequinum,0.022,0.022,-1,Echolocation,/mnt/ubna_data_02_mir/recover-20221013/UBNA_001/20221012_030000.WAV,Telephone Field,recover-20221013,001,1795
1129.2845,1129.3269,68437,83018,Rhinolophus ferrumequinum,0.023,0.023,-1,Echolocation,/mnt/ubna_data_02_mir/recover-20221013/UBNA_001/20221012_030000.WAV,Telephone Field,recover-20221013,001,1795
1129.3255,1129.3397,23750,28989,Nyctalus leisleri,0.018,0.037,-1,Echolocation,/mnt/ubna_data_02_mir/recover-20221013/UBNA_001/20221012_030000.WAV,Telephone Field,recover-20221013,001,1795
1129.3285,1129.3691,68437,82753,Rhinolophus ferrumequinum,0.031,0.031,-1,Echolocation,/mnt/ubna_data_02_mir/recover-20221013/UBNA_001/20221012_030000.WAV,Telephone Field,recover-20221013,001,1795
1129.3435,1129.3833,68437,81922,Rhinolophus ferrumequinum,0.02,0.02,-1,Echolocation,/mnt/ubna_data_02_mir/recover-20221013/UBNA_001/20221012_030000.WAV,Telephone Field,recover-20221013,001,1795
1129.3745,1129.4096,68437,80960,Rhinolophus ferrumequinum,0.02,0.021,-1,Echolocation,/mnt/ubna_data_02_mir/recover-20221013/UBNA_001/20221012_030000.WAV,Telephone Field,recover-20221013,001,1795
1129.3875,1129.4247,68437,81886,Rhinolophus ferrumequinum,0.02,0.02,-1,Echolocation,/mnt/ubna_data_02_mir/recover-20221013/UBNA_001/20221012_030000.WAV,Telephone Field,recover-20221013,001,1795
1129.4085,1129.4247,21171,24792,Nyctalus leisleri,0.017,0.029,-1,Echolocation,/mnt/ubna_data_02_mir/recover-20221013/UBNA_001/20221012_030000.WAV,Telephone Field,recover-20221013,001,1795
1129.4115,1129.4482,68437,81647,Rhinolophus ferrumequinum,0.022,0.022,-1,Echolocation,/mnt/ubna_data_02_mir/recover-20221013/UBNA_001/20221012_030000.WAV,Telephone Field,recover-20221013,001,1795
1129.4205,1129.4568,68437,81107,Rhinolophus ferrumequinum,0.021,0.021,-1,Echolocation,/mnt/ubna_data_02_mir/recover-20221013/UBNA_001/20221012_030000.WAV,Telephone Field,recover-20221013,001,1795
1129.4575,1129.4955,68437,82371,Rhinolophus ferrumequinum,0.023,0.023,-1,Echolocation,/mnt/ubna_data_02_mir/recover-20221013/UBNA_001/20221012_030000.WAV,Telephone Field,recover-20221013,001,1795
1129.4605,1129.4683,23750,31566,Plecotus austriacus,0.01,0.023,-1,Echolocation,/mnt/ubna_data_02_mir/recover-20221013/UBNA_001/20221012_030000.WAV,Telephone Field,recover-20221013,001,1795
1129.4875,1129.5274,68437,82262,Rhinolophus ferrumequinum,0.02,0.02,-1,Echolocation,/mnt/ubna_data_02_mir/recover-20221013/UBNA_001/20221012_030000.WAV,Telephone Field,recover-20221013,001,1795
1129.5235,1129.5305,24609,34230,Plecotus austriacus,0.011,0.028,-1,Echolocation,/mnt/ubna_data_02_mir/recover-20221013/UBNA_001/20221012_030000.WAV,Telephone Field,recover-20221013,001,1795
1129.5495,1129.5609,22031,26183,Nyctalus leisleri,0.011,0.02,-1,Echolocation,/mnt/ubna_data_02_mir/recover-20221013/UBNA_001/20221012_030000.WAV,Telephone Field,recover-20221013,001,1795
1129.5525,1129.5911,68437,82311,Rhinolophus ferrumequinum,0.021,0.021,-1,Echolocation,/mnt/ubna_data_02_mir/recover-20221013/UBNA_001/20221012_030000.WAV,Telephone Field,recover-20221013,001,1795
1129.5765,1129.6158,68437,82166,Rhinolophus ferrumequinum,0.02,0.02,-1,Echolocation,/mnt/ubna_data_02_mir/recover-20221013/UBNA_001/20221012_030000.WAV,Telephone Field,recover-20221013,001,1795
1129.5935,1129.635,68437,82494,Rhinolophus ferrumequinum,0.031,0.031,-1,Echolocation,/mnt/ubna_data_02_mir/recover-20221013/UBNA_001/20221012_030000.WAV,Telephone Field,recover-20221013,001,1795
1129.6115,1129.6218,25468,32406,Eptesicus serotinus,0.008,0.022,-1,Echolocation,/mnt/ubna_data_02_mir/recover-20221013/UBNA_001/20221012_030000.WAV,Telephone Field,recover-20221013,001,1795
1129.6355,1129.6779,68437,82924,Rhinolophus ferrumequinum,0.022,0.022,-1,Echolocation,/mnt/ubna_data_02_mir/recover-20221013/UBNA_001/20221012_030000.WAV,Telephone Field,recover-20221013,001,1795
1129.6515,1129.6931,68437,82378,Rhinolophus ferrumequinum,0.022,0.022,-1,Echolocation,/mnt/ubna_data_02_mir/recover-20221013/UBNA_001/20221012_030000.WAV,Telephone Field,recover-20221013,001,1795
1129.6775,1129.721,68437,83291,Rhinolophus ferrumequinum,0.035,0.035,-1,Echolocation,/mnt/ubna_data_02_mir/recover-20221013/UBNA_001/20221012_030000.WAV,Telephone Field,recover-20221013,001,1795
1129.7045,1129.7464,68437,82598,Rhinolophus ferrumequinum,0.024,0.024,-1,Echolocation,/mnt/ubna_data_02_mir/recover-20221013/UBNA_001/20221012_030000.WAV,Telephone Field,recover-20221013,001,1795
1129.7305,1129.7379,28046,40388,Eptesicus serotinus,0.006,0.02,-1,Echolocation,/mnt/ubna_data_02_mir/recover-20221013/UBNA_001/20221012_030000.WAV,Telephone Field,recover-20221013,001,1795
1129.7425,1129.7808,68437,82104,Rhinolophus ferrumequinum,0.021,0.021,-1,Echolocation,/mnt/ubna_data_02_mir/recover-20221013/UBNA_001/20221012_030000.WAV,Telephone Field,recover-20221013,001,1795
1129.7525,1129.762,24609,31790,Eptesicus serotinus,0.007,0.02,-1,Echolocation,/mnt/ubna_data_02_mir/recover-20221013/UBNA_001/20221012_030000.WAV,Telephone Field,recover-20221013,001,1795
1129.7795,1129.8181,68437,81934,Rhinolophus ferrumequinum,0.02,0.02,-1,Echolocation,/mnt/ubna_data_02_mir/recover-20221013/UBNA_001/20221012_030000.WAV,Telephone Field,recover-20221013,001,1795
1129.7865,1129.7958,28046,36058,Eptesicus serotinus,0.008,0.02,-1,Echolocation,/mnt/ubna_data_02_mir/recover-20221013/UBNA_001/20221012_030000.WAV,Telephone Field,recover-20221013,001,1795
1129.7985,1129.8358,68437,81358,Rhinolophus ferrumequinum,0.02,0.02,-1,Echolocation,/mnt/ubna_data_02_mir/recover-20221013/UBNA_001/20221012_030000.WAV,Telephone Field,recover-20221013,001,1795
1129.8575,1129.866,28046,38852,Eptesicus serotinus,0.009,0.022,-1,Echolocation,/mnt/ubna_data_02_mir/recover-20221013/UBNA_001/20221012_030000.WAV,Telephone Field,recover-20221013,001,1795
1129.8745,1129.9179,68437,82217,Rhinolophus ferrumequinum,0.024,0.024,-1,Echolocation,/mnt/ubna_data_02_mir/recover-20221013/UBNA_001/20221012_030000.WAV,Telephone Field,recover-20221013,001,1795
1129.8845,1129.9243,68437,82414,Rhinolophus ferrumequinum,0.026,0.026,-1,Echolocation,/mnt/ubna_data_02_mir/recover-20221013/UBNA_001/20221012_030000.WAV,Telephone Field,recover-20221013,001,1795
1129.9045,1129.9442,68437,82905,Rhinolophus ferrumequinum,0.029,0.029,-1,Echolocation,/mnt/ubna_data_02_mir/recover-20221013/UBNA_001/20221012_030000.WAV,Telephone Field,recover-20221013,001,1795
1129.9335,1129.9728,68437,81753,Rhinolophus ferrumequinum,0.02,0.02,-1,Echolocation,/mnt/ubna_data_02_mir/recover-20221013/UBNA_001/20221012_030000.WAV,Telephone Field,recover-20221013,001,1795
1129.9605,1129.9709,22890,28695,Nyctalus leisleri,0.009,0.02,-1,Echolocation,/mnt/ubna_data_02_mir/recover-20221013/UBNA_001/20221012_030000.WAV,Telephone Field,recover-20221013,001,1795
1129.9825,1129.9913,28046,40443,Eptesicus serotinus,0.007,0.02,-1,Echolocation,/mnt/ubna_data_02_mir/recover-20221013/UBNA_001/20221012_030000.WAV,Telephone Field,recover-20221013,001,1795
1130.0015,1130.0146,54687,59579,Pipistrellus pygmaeus,0.018,0.022,-1,Echolocation,/mnt/ubna_data_02_mir/recover-20221013/UBNA_001/20221012_030000.WAV,Telephone Field,recover-20221013,001,1795
1130.0015,1130.0096,27187,36042,Eptesicus serotinus,0.006,0.02,-1,Echolocation,/mnt/ubna_data_02_mir/recover-20221013/UBNA_001/20221012_030000.WAV,Telephone Field,recover-20221013,001,1795
1130.0015,1130.0334,69296,81632,Rhinolophus ferrumequinum,0.023,0.023,-1,Echolocation,/mnt/ubna_data_02_mir/recover-20221013/UBNA_001/20221012_030000.WAV,Telephone Field,recover-20221013,001,1795
1130.0015,1130.0138,20312,24119,Nyctalus leisleri,0.018,0.035,-1,Echolocation,/mnt/ubna_data_02_mir/recover-20221013/UBNA_001/20221012_030000.WAV,Telephone Field,recover-20221013,001,1795
1130.0325,1130.0757,68437,83093,Rhinolophus ferrumequinum,0.032,0.032,-1,Echolocation,/mnt/ubna_data_02_mir/recover-20221013/UBNA_001/20221012_030000.WAV,Telephone Field,recover-20221013,001,1795
1130.0435,1130.0531,28906,39094,Eptesicus serotinus,0.008,0.02,-1,Echolocation,/mnt/ubna_data_02_mir/recover-20221013/UBNA_001/20221012_030000.WAV,Telephone Field,recover-20221013,001,1795
1130.0725,1130.079,28046,42123,Eptesicus serotinus,0.005,0.021,-1,Echolocation,/mnt/ubna_data_02_mir/recover-20221013/UBNA_001/20221012_030000.WAV,Telephone Field,recover-20221013,001,1795
1130.0755,1130.1147,68437,82504,Rhinolophus ferrumequinum,0.023,0.023,-1,Echolocation,/mnt/ubna_data_02_mir/recover-20221013/UBNA_001/20221012_030000.WAV,Telephone Field,recover-20221013,001,1795
1130.1055,1130.1445,68437,82281,Rhinolophus ferrumequinum,0.024,0.024,-1,Echolocation,/mnt/ubna_data_02_mir/recover-20221013/UBNA_001/20221012_030000.WAV,Telephone Field,recover-20221013,001,1795
1130.1395,1130.1767,68437,81224,Rhinolophus ferrumequinum,0.02,0.021,-1,Echolocation,/mnt/ubna_data_02_mir/recover-20221013/UBNA_001/20221012_030000.WAV,Telephone Field,recover-20221013,001,1795
1130.2095,1130.2488,68437,82789,Rhinolophus ferrumequinum,0.021,0.021,-1,Echolocation,/mnt/ubna_data_02_mir/recover-20221013/UBNA_001/20221012_030000.WAV,Telephone Field,recover-20221013,001,1795
1130.2155,1130.2537,68437,82511,Rhinolophus ferrumequinum,0.022,0.022,-1,Echolocation,/mnt/ubna_data_02_mir/recover-20221013/UBNA_001/20221012_030000.WAV,Telephone Field,recover-20221013,001,1795
1130.2375,1130.2783,68437,83051,Rhinolophus ferrumequinum,0.02,0.02,-1,Echolocation,/mnt/ubna_data_02_mir/recover-20221013/UBNA_001/20221012_030000.WAV,Telephone Field,recover-20221013,001,1795
1130.2635,1130.3074,68437,83099,Rhinolophus ferrumequinum,0.03,0.03,-1,Echolocation,/mnt/ubna_data_02_mir/recover-20221013/UBNA_001/20221012_030000.WAV,Telephone Field,recover-20221013,001,1795
1130.2685,1130.2782,24609,31526,Nyctalus leisleri,0.006,0.02,-1,Echolocation,/mnt/ubna_data_02_mir/recover-20221013/UBNA_001/20221012_030000.WAV,Telephone Field,recover-20221013,001,1795
1130.3135,1130.3549,68437,82559,Rhinolophus ferrumequinum,0.02,0.02,-1,Echolocation,/mnt/ubna_data_02_mir/recover-20221013/UBNA_001/20221012_030000.WAV,Telephone Field,recover-20221013,001,1795
1130.3415,1130.3823,68437,82203,Rhinolophus ferrumequinum,0.028,0.028,-1,Echolocation,/mnt/ubna_data_02_mir/recover-20221013/UBNA_001/20221012_030000.WAV,Telephone Field,recover-20221013,001,1795
1130.3445,1130.3528,47812,53498,Pipistrellus pipistrellus,0.019,0.021,-1,Echolocation,/mnt/ubna_data_02_mir/recover-20221013/UBNA_001/20221012_030000.WAV,Telephone Field,recover-20221013,001,1795
1130.4065,1130.4173,22890,27745,Nyctalus leisleri,0.01,0.02,-1,Echolocation,/mnt/ubna_data_02_mir/recover-20221013/UBNA_001/20221012_030000.WAV,Telephone Field,recover-20221013,001,1795
1130.4335,1130.4723,68437,81862,Rhinolophus ferrumequinum,0.021,0.021,-1,Echolocation,/mnt/ubna_data_02_mir/recover-20221013/UBNA_001/20221012_030000.WAV,Telephone Field,recover-20221013,001,1795
1130.4945,1130.5335,68437,81496,Rhinolophus ferrumequinum,0.02,0.02,-1,Echolocation,/mnt/ubna_data_02_mir/recover-20221013/UBNA_001/20221012_030000.WAV,Telephone Field,recover-20221013,001,1795
1130.5125,1130.5533,68437,83102,Rhinolophus ferrumequinum,0.033,0.033,-1,Echolocation,/mnt/ubna_data_02_mir/recover-20221013/UBNA_001/20221012_030000.WAV,Telephone Field,recover-20221013,001,1795
1130.5315,1130.5418,23750,30297,Nyctalus leisleri,0.008,0.022,-1,Echolocation,/mnt/ubna_data_02_mir/recover-20221013/UBNA_001/20221012_030000.WAV,Telephone Field,recover-20221013,001,1795
1130.5745,1130.585,22031,26234,Nyctalus leisleri,0.011,0.021,-1,Echolocation,/mnt/ubna_data_02_mir/recover-20221013/UBNA_001/20221012_030000.WAV,Telephone Field,recover-20221013,001,1795
1130.5765,1130.6163,68437,82454,Rhinolophus ferrumequinum,0.023,0.024,-1,Echolocation,/mnt/ubna_data_02_mir/recover-20221013/UBNA_001/20221012_030000.WAV,Telephone Field,recover-20221013,001,1795
1130.5845,1130.625,68437,82897,Rhinolophus ferrumequinum,0.027,0.027,-1,Echolocation,/mnt/ubna_data_02_mir/recover-20221013/UBNA_001/20221012_030000.WAV,Telephone Field,recover-20221013,001,1795
1130.6605,1130.7022,68437,83304,Rhinolophus ferrumequinum,0.034,0.034,-1,Echolocation,/mnt/ubna_data_02_mir/recover-20221013/UBNA_001/20221012_030000.WAV,Telephone Field,recover-20221013,001,1795
1130.6735,1130.6824,28906,37210,Eptesicus serotinus,0.008,0.025,-1,Echolocation,/mnt/ubna_data_02_mir/recover-20221013/UBNA_001/20221012_030000.WAV,Telephone Field,recover-20221013,001,1795
1130.7105,1130.7498,68437,81852,Rhinolophus ferrumequinum,0.021,0.021,-1,Echolocation,/mnt/ubna_data_02_mir/recover-20221013/UBNA_001/20221012_030000.WAV,Telephone Field,recover-20221013,001,1795
1130.7155,1130.7246,28046,38164,Eptesicus serotinus,0.009,0.023,-1,Echolocation,/mnt/ubna_data_02_mir/recover-20221013/UBNA_001/20221012_030000.WAV,Telephone Field,recover-20221013,001,1795
1130.7495,1130.7603,43515,49140,Pipistrellus pipistrellus,0.021,0.025,-1,Echolocation,/mnt/ubna_data_02_mir/recover-20221013/UBNA_001/20221012_030000.WAV,Telephone Field,recover-20221013,001,1795
1130.7635,1130.7727,27187,35276,Eptesicus serotinus,0.01,0.023,-1,Echolocation,/mnt/ubna_data_02_mir/recover-20221013/UBNA_001/20221012_030000.WAV,Telephone Field,recover-20221013,001,1795
1130.7945,1130.8332,68437,81698,Rhinolophus ferrumequinum,0.02,0.021,-1,Echolocation,/mnt/ubna_data_02_mir/recover-20221013/UBNA_001/20221012_030000.WAV,Telephone Field,recover-20221013,001,1795
1130.8295,1130.8672,68437,81460,Rhinolophus ferrumequinum,0.02,0.02,-1,Echolocation,/mnt/ubna_data_02_mir/recover-20221013/UBNA_001/20221012_030000.WAV,Telephone Field,recover-20221013,001,1795
1130.8415,1130.8548,28046,33483,Eptesicus serotinus,0.015,0.032,-1,Echolocation,/mnt/ubna_data_02_mir/recover-20221013/UBNA_001/20221012_030000.WAV,Telephone Field,recover-20221013,001,1795
1130.8595,1130.8697,22890,28187,Nyctalus leisleri,0.009,0.021,-1,Echolocation,/mnt/ubna_data_02_mir/recover-20221013/UBNA_001/20221012_030000.WAV,Telephone Field,recover-20221013,001,1795
1130.8835,1130.9205,68437,81783,Rhinolophus ferrumequinum,0.021,0.021,-1,Echolocation,/mnt/ubna_data_02_mir/recover-20221013/UBNA_001/20221012_030000.WAV,Telephone Field,recover-20221013,001,1795
1130.8985,1130.9067,28046,38054,Eptesicus serotinus,0.006,0.021,-1,Echolocation,/mnt/ubna_data_02_mir/recover-20221013/UBNA_001/20221012_030000.WAV,Telephone Field,recover-20221013,001,1795
1130.9145,1130.934,19453,22229,Nyctalus leisleri,0.011,0.022,-1,Echolocation,/mnt/ubna_data_02_mir/recover-20221013/UBNA_001/20221012_030000.WAV,Telephone Field,recover-20221013,001,1795
1130.9915,1131.002,23750,29080,Nyctalus leisleri,0.009,0.021,-1,Echolocation,/mnt/ubna_data_02_mir/recover-20221013/UBNA_001/20221012_030000.WAV,Telephone Field,recover-20221013,001,1795
1131.0115,1131.0519,68437,82114,Rhinolophus ferrumequinum,0.022,0.022,-1,Echolocation,/mnt/ubna_data_02_mir/recover-20221013/UBNA_001/20221012_030000.WAV,Telephone Field,recover-20221013,001,1795
1131.0485,1131.0876,68437,81988,Rhinolophus ferrumequinum,0.023,0.023,-1,Echolocation,/mnt/ubna_data_02_mir/recover-20221013/UBNA_001/20221012_030000.WAV,Telephone Field,recover-20221013,001,1795
1131.0505,1131.0568,25468,40294,Myotis nattereri,0.006,0.022,-1,Echolocation,/mnt/ubna_data_02_mir/recover-20221013/UBNA_001/20221012_030000.WAV,Telephone Field,recover-20221013,001,1795
1131.0815,1131.0923,23750,29676,Nyctalus leisleri,0.011,0.027,-1,Echolocation,/mnt/ubna_data_02_mir/recover-20221013/UBNA_001/20221012_030000.WAV,Telephone Field,recover-20221013,001,1795
1131.1155,1131.1248,33203,44961,Myotis daubentonii,0.007,0.028,-1,Echolocation,/mnt/ubna_data_02_mir/recover-20221013/UBNA_001/20221012_030000.WAV,Telephone Field,recover-20221013,001,1795
1131.1325,1131.1684,68437,80996,Rhinolophus ferrumequinum,0.021,0.021,-1,Echolocation,/mnt/ubna_data_02_mir/recover-20221013/UBNA_001/20221012_030000.WAV,Telephone Field,recover-20221013,001,1795
1131.1355,1131.1426,28046,40214,Eptesicus serotinus,0.006,0.024,-1,Echolocation,/mnt/ubna_data_02_mir/recover-20221013/UBNA_001/20221012_030000.WAV,Telephone Field,recover-20221013,001,1795
1131.1745,1131.1823,28046,39817,Eptesicus serotinus,0.007,0.02,-1,Echolocation,/mnt/ubna_data_02_mir/recover-20221013/UBNA_001/20221012_030000.WAV,Telephone Field,recover-20221013,001,1795
1131.2125,1131.2225,24609,31396,Nyctalus leisleri,0.008,0.023,-1,Echolocation,/mnt/ubna_data_02_mir/recover-20221013/UBNA_001/20221012_030000.WAV,Telephone Field,recover-20221013,001,1795
1131.2205,1131.2601,68437,82770,Rhinolophus ferrumequinum,0.022,0.022,-1,Echolocation,/mnt/ubna_data_02_mir/recover-20221013/UBNA_001/20221012_030000.WAV,Telephone Field,recover-20221013,001,1795
1131.2685,1131.3087,68437,82455,Rhinolophus ferrumequinum,0.026,0.026,-1,Echolocation,/mnt/ubna_data_02_mir/recover-20221013/UBNA_001/20221012_030000.WAV,Telephone Field,recover-20221013,001,1795
1131.2875,1131.2951,30625,44411,Myotis daubentonii,0.011,0.034,-1,Echolocation,/mnt/ubna_data_02_mir/recover-20221013/UBNA_001/20221012_030000.WAV,Telephone Field,recover-20221013,001,1795
1131.3185,1131.327,26328,34965,Eptesicus serotinus,0.017,0.041,-1,Echolocation,/mnt/ubna_data_02_mir/recover-20221013/UBNA_001/20221012_030000.WAV,Telephone Field,recover-20221013,001,1795
1131.3455,1131.3582,46093,50657,Pipistrellus pipistrellus,0.024,0.028,-1,Echolocation,/mnt/ubna_data_02_mir/recover-20221013/UBNA_001/20221012_030000.WAV,Telephone Field,recover-20221013,001,1795
1131.3715,1131.4139,68437,82638,Rhinolophus ferrumequinum,0.032,0.032,-1,Echolocation,/mnt/ubna_data_02_mir/recover-20221013/UBNA_001/20221012_030000.WAV,Telephone Field,recover-20221013,001,1795
1131.3825,1131.4238,68437,82354,Rhinolophus ferrumequinum,0.021,0.021,-1,Echolocation,/mnt/ubna_data_02_mir/recover-20221013/UBNA_001/20221012_030000.WAV,Telephone Field,recover-20221013,001,1795
1131.4045,1131.4135,28046,36458,Eptesicus serotinus,0.008,0.021,-1,Echolocation,/mnt/ubna_data_02_mir/recover-20221013/UBNA_001/20221012_030000.WAV,Telephone Field,recover-20221013,001,1795
1131.4055,1131.4213,16015,21332,Nyctalus noctula,0.018,0.025,-1,Echolocation,/mnt/ubna_data_02_mir/recover-20221013/UBNA_001/20221012_030000.WAV,Telephone Field,recover-20221013,001,1795
1131.4105,1131.4499,68437,82211,Rhinolophus ferrumequinum,0.022,0.022,-1,Echolocation,/mnt/ubna_data_02_mir/recover-20221013/UBNA_001/20221012_030000.WAV,Telephone Field,recover-20221013,001,1795
1131.4365,1131.4758,68437,82015,Rhinolophus ferrumequinum,0.027,0.027,-1,Echolocation,/mnt/ubna_data_02_mir/recover-20221013/UBNA_001/20221012_030000.WAV,Telephone Field,recover-20221013,001,1795
1131.4555,1131.4923,68437,82081,Rhinolophus ferrumequinum,0.022,0.022,-1,Echolocation,/mnt/ubna_data_02_mir/recover-20221013/UBNA_001/20221012_030000.WAV,Telephone Field,recover-20221013,001,1795
1131.4635,1131.5,68437,81013,Rhinolophus ferrumequinum,0.021,0.021,-1,Echolocation,/mnt/ubna_data_02_mir/recover-20221013/UBNA_001/20221012_030000.WAV,Telephone Field,recover-20221013,001,1795
1131.4925,1131.5334,68437,82646,Rhinolophus ferrumequinum,0.026,0.026,-1,Echolocation,/mnt/ubna_data_02_mir/recover-20221013/UBNA_001/20221012_030000.WAV,Telephone Field,recover-20221013,001,1795
1131.4975,1131.5392,68437,83209,Rhinolophus ferrumequinum,0.026,0.027,-1,Echolocation,/mnt/ubna_data_02_mir/recover-20221013/UBNA_001/20221012_030000.WAV,Telephone Field,recover-20221013,001,1795
1131.5295,1131.5669,68437,81495,Rhinolophus ferrumequinum,0.02,0.02,-1,Echolocation,/mnt/ubna_data_02_mir/recover-20221013/UBNA_001/20221012_030000.WAV,Telephone Field,recover-20221013,001,1795
1131.5595,1131.6019000000001,68437,82898,Rhinolophus ferrumequinum,0.023,0.023,-1,Echolocation,/mnt/ubna_data_02_mir/recover-20221013/UBNA_001/20221012_030000.WAV,Telephone Field,recover-20221013,001,1795
1131.5675,1131.5756,28046,39457,Eptesicus serotinus,0.007,0.021,-1,Echolocation,/mnt/ubna_data_02_mir/recover-20221013/UBNA_001/20221012_030000.WAV,Telephone Field,recover-20221013,001,1795
1131.5895,1131.6271,68437,82098,Rhinolophus ferrumequinum,0.021,0.021,-1,Echolocation,/mnt/ubna_data_02_mir/recover-20221013/UBNA_001/20221012_030000.WAV,Telephone Field,recover-20221013,001,1795
1131.6395,1131.6474,28046,38693,Eptesicus serotinus,0.007,0.021,-1,Echolocation,/mnt/ubna_data_02_mir/recover-20221013/UBNA_001/20221012_030000.WAV,Telephone Field,recover-20221013,001,1795
1131.6575,1131.6955,68437,81955,Rhinolophus ferrumequinum,0.02,0.02,-1,Echolocation,/mnt/ubna_data_02_mir/recover-20221013/UBNA_001/20221012_030000.WAV,Telephone Field,recover-20221013,001,1795
1131.6595,1131.6691,24609,30735,Nyctalus leisleri,0.007,0.02,-1,Echolocation,/mnt/ubna_data_02_mir/recover-20221013/UBNA_001/20221012_030000.WAV,Telephone Field,recover-20221013,001,1795
1131.6845,1131.695,28906,35489,Eptesicus serotinus,0.01,0.022,-1,Echolocation,/mnt/ubna_data_02_mir/recover-20221013/UBNA_001/20221012_030000.WAV,Telephone Field,recover-20221013,001,1795
1131.7075,1131.745,68437,81634,Rhinolophus ferrumequinum,0.02,0.02,-1,Echolocation,/mnt/ubna_data_02_mir/recover-20221013/UBNA_001/20221012_030000.WAV,Telephone Field,recover-20221013,001,1795
1131.7245,1131.7347,27187,35565,Eptesicus serotinus,0.01,0.023,-1,Echolocation,/mnt/ubna_data_02_mir/recover-20221013/UBNA_001/20221012_030000.WAV,Telephone Field,recover-20221013,001,1795
1131.7375,1131.7477,22890,27335,Nyctalus leisleri,0.011,0.021,-1,Echolocation,/mnt/ubna_data_02_mir/recover-20221013/UBNA_001/20221012_030000.WAV,Telephone Field,recover-20221013,001,1795
1131.7665,1131.8049,68437,82549,Rhinolophus ferrumequinum,0.02,0.02,-1,Echolocation,/mnt/ubna_data_02_mir/recover-20221013/UBNA_001/20221012_030000.WAV,Telephone Field,recover-20221013,001,1795
1131.7745,1131.8153,68437,82299,Rhinolophus ferrumequinum,0.022,0.022,-1,Echolocation,/mnt/ubna_data_02_mir/recover-20221013/UBNA_001/20221012_030000.WAV,Telephone Field,recover-20221013,001,1795
1131.7895,1131.8264,68437,81535,Rhinolophus ferrumequinum,0.02,0.02,-1,Echolocation,/mnt/ubna_data_02_mir/recover-20221013/UBNA_001/20221012_030000.WAV,Telephone Field,recover-20221013,001,1795
1131.8105,1131.8536,68437,83080,Rhinolophus ferrumequinum,0.031,0.031,-1,Echolocation,/mnt/ubna_data_02_mir/recover-20221013/UBNA_001/20221012_030000.WAV,Telephone Field,recover-20221013,001,1795
1131.8295,1131.8489,22031,25196,Nyctalus leisleri,0.018,0.028,-1,Echolocation,/mnt/ubna_data_02_mir/recover-20221013/UBNA_001/20221012_030000.WAV,Telephone Field,recover-20221013,001,1795
1131.8545,1131.8924,68437,81925,Rhinolophus ferrumequinum,0.021,0.021,-1,Echolocation,/mnt/ubna_data_02_mir/recover-20221013/UBNA_001/20221012_030000.WAV,Telephone Field,recover-20221013,001,1795
1131.8915,1131.9359,68437,83485,Rhinolophus ferrumequinum,0.031,0.031,-1,Echolocation,/mnt/ubna_data_02_mir/recover-20221013/UBNA_001/20221012_030000.WAV,Telephone Field,recover-20221013,001,1795
1131.9445,1131.9811,68437,81501,Rhinolophus ferrumequinum,0.02,0.02,-1,Echolocation,/mnt/ubna_data_02_mir/recover-20221013/UBNA_001/20221012_030000.WAV,Telephone Field,recover-20221013,001,1795
1131.9865,1131.9964,28906,37782,Eptesicus serotinus,0.01,0.024,-1,Echolocation,/mnt/ubna_data_02_mir/recover-20221013/UBNA_001/20221012_030000.WAV,Telephone Field,recover-20221013,001,1795
1132.0015,1132.0328,68437,80769,Rhinolophus ferrumequinum,0.029,0.03,-1,Echolocation,/mnt/ubna_data_02_mir/recover-20221013/UBNA_001/20221012_030000.WAV,Telephone Field,recover-20221013,001,1795
1132.0015,1132.0094,23750,31381,Nyctalus leisleri,0.008,0.024,-1,Echolocation,/mnt/ubna_data_02_mir/recover-20221013/UBNA_001/20221012_030000.WAV,Telephone Field,recover-20221013,001,1795
1132.0145,1132.057,68437,82983,Rhinolophus ferrumequinum,0.024,0.024,-1,Echolocation,/mnt/ubna_data_02_mir/recover-20221013/UBNA_001/20221012_030000.WAV,Telephone Field,recover-20221013,001,1795
1132.0305,1132.0394000000001,28906,38363,Eptesicus serotinus,0.008,0.024,-1,Echolocation,/mnt/ubna_data_02_mir/recover-20221013/UBNA_001/20221012_030000.WAV,Telephone Field,recover-20221013,001,1795
1132.0955,1132.1183,19453,22706,Nyctalus noctula,0.03,0.062,-1,Echolocation,/mnt/ubna_data_02_mir/recover-20221013/UBNA_001/20221012_030000.WAV,Telephone Field,recover-20221013,001,1795
1132.1005,1132.1382,68437,82599,Rhinolophus ferrumequinum,0.022,0.022,-1,Echolocation,/mnt/ubna_data_02_mir/recover-20221013/UBNA_001/20221012_030000.WAV,Telephone Field,recover-20221013,001,1795
1132.1105,1132.1514,68437,82727,Rhinolophus ferrumequinum,0.022,0.022,-1,Echolocation,/mnt/ubna_data_02_mir/recover-20221013/UBNA_001/20221012_030000.WAV,Telephone Field,recover-20221013,001,1795
1132.1525,1132.163,28046,35192,Eptesicus serotinus,0.008,0.021,-1,Echolocation,/mnt/ubna_data_02_mir/recover-20221013/UBNA_001/20221012_030000.WAV,Telephone Field,recover-20221013,001,1795
1132.1585,1132.1934,68437,81012,Rhinolophus ferrumequinum,0.026,0.026,-1,Echolocation,/mnt/ubna_data_02_mir/recover-20221013/UBNA_001/20221012_030000.WAV,Telephone Field,recover-20221013,001,1795
1132.1695,1132.2078,68437,82211,Rhinolophus ferrumequinum,0.022,0.022,-1,Echolocation,/mnt/ubna_data_02_mir/recover-20221013/UBNA_001/20221012_030000.WAV,Telephone Field,recover-20221013,001,1795
1132.1715,1132.1796,28046,38569,Eptesicus serotinus,0.007,0.021,-1,Echolocation,/mnt/ubna_data_02_mir/recover-20221013/UBNA_001/20221012_030000.WAV,Telephone Field,recover-20221013,001,1795
1132.1885,1132.1987,23750,29506,Nyctalus leisleri,0.009,0.021,-1,Echolocation,/mnt/ubna_data_02_mir/recover-20221013/UBNA_001/20221012_030000.WAV,Telephone Field,recover-20221013,001,1795
1132.2105,1132.2498,68437,82497,Rhinolophus ferrumequinum,0.022,0.022,-1,Echolocation,/mnt/ubna_data_02_mir/recover-20221013/UBNA_001/20221012_030000.WAV,Telephone Field,recover-20221013,001,1795
1132.2125,1132.22,24609,33741,Plecotus austriacus,0.008,0.022,-1,Echolocation,/mnt/ubna_data_02_mir/recover-20221013/UBNA_001/20221012_030000.WAV,Telephone Field,recover-20221013,001,1795
1132.2995,1132.3403,68437,82046,Rhinolophus ferrumequinum,0.021,0.021,-1,Echolocation,/mnt/ubna_data_02_mir/recover-20221013/UBNA_001/20221012_030000.WAV,Telephone Field,recover-20221013,001,1795
1132.3335,1132.3396,40078,52053,Myotis daubentonii,0.009,0.025,-1,Echolocation,/mnt/ubna_data_02_mir/recover-20221013/UBNA_001/20221012_030000.WAV,Telephone Field,recover-20221013,001,1795
1132.3475,1132.3552,28906,39447,Eptesicus serotinus,0.007,0.022,-1,Echolocation,/mnt/ubna_data_02_mir/recover-20221013/UBNA_001/20221012_030000.WAV,Telephone Field,recover-20221013,001,1795
1132.4375,1132.4814,68437,83142,Rhinolophus ferrumequinum,0.027,0.027,-1,Echolocation,/mnt/ubna_data_02_mir/recover-20221013/UBNA_001/20221012_030000.WAV,Telephone Field,recover-20221013,001,1795
1132.4795,1132.5152,68437,81394,Rhinolophus ferrumequinum,0.026,0.026,-1,Echolocation,/mnt/ubna_data_02_mir/recover-20221013/UBNA_001/20221012_030000.WAV,Telephone Field,recover-20221013,001,1795
1132.5495,1132.5933,68437,83683,Rhinolophus ferrumequinum,0.043,0.043,-1,Echolocation,/mnt/ubna_data_02_mir/recover-20221013/UBNA_001/20221012_030000.WAV,Telephone Field,recover-20221013,001,1795
1132.5515,1132.5591,49531,55104,Pipistrellus pipistrellus,0.024,0.026,-1,Echolocation,/mnt/ubna_data_02_mir/recover-20221013/UBNA_001/20221012_030000.WAV,Telephone Field,recover-20221013,001,1795
1132.5785,1132.6176,68437,82806,Rhinolophus ferrumequinum,0.022,0.022,-1,Echolocation,/mnt/ubna_data_02_mir/recover-20221013/UBNA_001/20221012_030000.WAV,Telephone Field,recover-20221013,001,1795
1132.6275,1132.6374,22890,29793,Nyctalus leisleri,0.009,0.024,-1,Echolocation,/mnt/ubna_data_02_mir/recover-20221013/UBNA_001/20221012_030000.WAV,Telephone Field,recover-20221013,001,1795
1132.6305,1132.6708,68437,82309,Rhinolophus ferrumequinum,0.022,0.022,-1,Echolocation,/mnt/ubna_data_02_mir/recover-20221013/UBNA_001/20221012_030000.WAV,Telephone Field,recover-20221013,001,1795
1132.6525,1132.6953,68437,83332,Rhinolophus ferrumequinum,0.042,0.042,-1,Echolocation,/mnt/ubna_data_02_mir/recover-20221013/UBNA_001/20221012_030000.WAV,Telephone Field,recover-20221013,001,1795
1132.6535,1132.6633,28046,36895,Eptesicus serotinus,0.01,0.024,-1,Echolocation,/mnt/ubna_data_02_mir/recover-20221013/UBNA_001/20221012_030000.WAV,Telephone Field,recover-20221013,001,1795
1132.6705,1132.7124,68437,82857,Rhinolophus ferrumequinum,0.024,0.024,-1,Echolocation,/mnt/ubna_data_02_mir/recover-20221013/UBNA_001/20221012_030000.WAV,Telephone Field,recover-20221013,001,1795
1132.7205,1132.7595,68437,82110,Rhinolophus ferrumequinum,0.021,0.021,-1,Echolocation,/mnt/ubna_data_02_mir/recover-20221013/UBNA_001/20221012_030000.WAV,Telephone Field,recover-20221013,001,1795
1132.7595,1132.7709,22031,25946,Nyctalus leisleri,0.012,0.021,-1,Echolocation,/mnt/ubna_data_02_mir/recover-20221013/UBNA_001/20221012_030000.WAV,Telephone Field,recover-20221013,001,1795
1132.7875,1132.8264,68437,82426,Rhinolophus ferrumequinum,0.021,0.021,-1,Echolocation,/mnt/ubna_data_02_mir/recover-20221013/UBNA_001/20221012_030000.WAV,Telephone Field,recover-20221013,001,1795
1132.8195,1132.8579,68437,82224,Rhinolophus ferrumequinum,0.022,0.022,-1,Echolocation,/mnt/ubna_data_02_mir/recover-20221013/UBNA_001/20221012_030000.WAV,Telephone Field,recover-20221013,001,1795
1132.8415,1132.8824,68437,82018,Rhinolophus ferrumequinum,0.022,0.022,-1,Echolocation,/mnt/ubna_data_02_mir/recover-20221013/UBNA_001/20221012_030000.WAV,Telephone Field,recover-20221013,001,1795
1132.8425,1132.8538,23750,30105,Nyctalus leisleri,0.011,0.026,-1,Echolocation,/mnt/ubna_data_02_mir/recover-20221013/UBNA_001/20221012_030000.WAV,Telephone Field,recover-20221013,001,1795
1132.8685,1132.9043,68437,81590,Rhinolophus ferrumequinum,0.023,0.023,-1,Echolocation,/mnt/ubna_data_02_mir/recover-20221013/UBNA_001/20221012_030000.WAV,Telephone Field,recover-20221013,001,1795
1132.8725,1132.8796,23750,35114,Plecotus austriacus,0.014,0.032,-1,Echolocation,/mnt/ubna_data_02_mir/recover-20221013/UBNA_001/20221012_030000.WAV,Telephone Field,recover-20221013,001,1795
1132.8875,1132.8955,28906,38620,Eptesicus serotinus,0.007,0.021,-1,Echolocation,/mnt/ubna_data_02_mir/recover-20221013/UBNA_001/20221012_030000.WAV,Telephone Field,recover-20221013,001,1795
1132.9075,1132.9458,68437,82089,Rhinolophus ferrumequinum,0.024,0.024,-1,Echolocation,/mnt/ubna_data_02_mir/recover-20221013/UBNA_001/20221012_030000.WAV,Telephone Field,recover-20221013,001,1795
1132.9325,1132.9673,68437,81604,Rhinolophus ferrumequinum,0.021,0.021,-1,Echolocation,/mnt/ubna_data_02_mir/recover-20221013/UBNA_001/20221012_030000.WAV,Telephone Field,recover-20221013,001,1795
1132.9515,1132.9593,24609,33875,Plecotus austriacus,0.008,0.024,-1,Echolocation,/mnt/ubna_data_02_mir/recover-20221013/UBNA_001/20221012_030000.WAV,Telephone Field,recover-20221013,001,1795
1132.9535,1132.9862,68437,82064,Rhinolophus ferrumequinum,0.024,0.024,-1,Echolocation,/mnt/ubna_data_02_mir/recover-20221013/UBNA_001/20221012_030000.WAV,Telephone Field,recover-20221013,001,1795
1132.9865,1133.0251,68437,82000,Rhinolophus ferrumequinum,0.022,0.022,-1,Echolocation,/mnt/ubna_data_02_mir/recover-20221013/UBNA_001/20221012_030000.WAV,Telephone Field,recover-20221013,001,1795
1132.9935,1133.0037,22890,30000,Nyctalus leisleri,0.011,0.033,-1,Echolocation,/mnt/ubna_data_02_mir/recover-20221013/UBNA_001/20221012_030000.WAV,Telephone Field,recover-20221013,001,1795
1133.0155,1133.0211,40078,53121,Myotis daubentonii,0.011,0.029,-1,Echolocation,/mnt/ubna_data_02_mir/recover-20221013/UBNA_001/20221012_030000.WAV,Telephone Field,recover-20221013,001,1795
1133.0175,1133.057,68437,82180,Rhinolophus ferrumequinum,0.023,0.023,-1,Echolocation,/mnt/ubna_data_02_mir/recover-20221013/UBNA_001/20221012_030000.WAV,Telephone Field,recover-20221013,001,1795
1133.0265,1133.0635,68437,82113,Rhinolophus ferrumequinum,0.024,0.024,-1,Echolocation,/mnt/ubna_data_02_mir/recover-20221013/UBNA_001/20221012_030000.WAV,Telephone Field,recover-20221013,001,1795
1133.0675,1133.1064,68437,82097,Rhinolophus ferrumequinum,0.025,0.025,-1,Echolocation,/mnt/ubna_data_02_mir/recover-20221013/UBNA_001/20221012_030000.WAV,Telephone Field,recover-20221013,001,1795
1133.0935,1133.135,68437,83181,Rhinolophus ferrumequinum,0.03,0.03,-1,Echolocation,/mnt/ubna_data_02_mir/recover-20221013/UBNA_001/20221012_030000.WAV,Telephone Field,recover-20221013,001,1795
1133.1535,1133.1632,25468,33509,Eptesicus serotinus,0.009,0.023,-1,Echolocation,/mnt/ubna_data_02_mir/recover-20221013/UBNA_001/20221012_030000.WAV,Telephone Field,recover-20221013,001,1795
1133.1665,1133.177,14296,19310,Nyctalus noctula,0.011,0.022,-1,Echolocation,/mnt/ubna_data_02_mir/recover-20221013/UBNA_001/20221012_030000.WAV,Telephone Field,recover-20221013,001,1795
1133.1725,1133.1803,23750,32769,Plecotus austriacus,0.007,0.021,-1,Echolocation,/mnt/ubna_data_02_mir/recover-20221013/UBNA_001/20221012_030000.WAV,Telephone Field,recover-20221013,001,1795
1133.1945,1133.2342,68437,82729,Rhinolophus ferrumequinum,0.026,0.026,-1,Echolocation,/mnt/ubna_data_02_mir/recover-20221013/UBNA_001/20221012_030000.WAV,Telephone Field,recover-20221013,001,1795
1133.2315,1133.2702,68437,82115,Rhinolophus ferrumequinum,0.021,0.021,-1,Echolocation,/mnt/ubna_data_02_mir/recover-20221013/UBNA_001/20221012_030000.WAV,Telephone Field,recover-20221013,001,1795
1133.2615,1133.2681,27187,37895,Eptesicus serotinus,0.007,0.023,-1,Echolocation,/mnt/ubna_data_02_mir/recover-20221013/UBNA_001/20221012_030000.WAV,Telephone Field,recover-20221013,001,1795
1133.2935,1133.3346,68437,82058,Rhinolophus ferrumequinum,0.022,0.022,-1,Echolocation,/mnt/ubna_data_02_mir/recover-20221013/UBNA_001/20221012_030000.WAV,Telephone Field,recover-20221013,001,1795
1133.3015,1133.3405,68437,82281,Rhinolophus ferrumequinum,0.023,0.023,-1,Echolocation,/mnt/ubna_data_02_mir/recover-20221013/UBNA_001/20221012_030000.WAV,Telephone Field,recover-20221013,001,1795
1133.3295,1133.3727,68437,83019,Rhinolophus ferrumequinum,0.028,0.028,-1,Echolocation,/mnt/ubna_data_02_mir/recover-20221013/UBNA_001/20221012_030000.WAV,Telephone Field,recover-20221013,001,1795
1133.3455,1133.3588,23750,28547,Nyctalus leisleri,0.014,0.027,-1,Echolocation,/mnt/ubna_data_02_mir/recover-20221013/UBNA_001/20221012_030000.WAV,Telephone Field,recover-20221013,001,1795
1133.3845,1133.391,26328,37324,Plecotus austriacus,0.012,0.044,-1,Echolocation,/mnt/ubna_data_02_mir/recover-20221013/UBNA_001/20221012_030000.WAV,Telephone Field,recover-20221013,001,1795
1133.4265,1133.4327,34062,44096,Myotis daubentonii,0.009,0.026,-1,Echolocation,/mnt/ubna_data_02_mir/recover-20221013/UBNA_001/20221012_030000.WAV,Telephone Field,recover-20221013,001,1795
1133.4265,1133.433,24609,35834,Plecotus austriacus,0.01,0.029,-1,Echolocation,/mnt/ubna_data_02_mir/recover-20221013/UBNA_001/20221012_030000.WAV,Telephone Field,recover-20221013,001,1795
1133.4385,1133.4773,68437,81995,Rhinolophus ferrumequinum,0.021,0.021,-1,Echolocation,/mnt/ubna_data_02_mir/recover-20221013/UBNA_001/20221012_030000.WAV,Telephone Field,recover-20221013,001,1795
1133.4565,1133.4647,28046,36653,Eptesicus serotinus,0.007,0.023,-1,Echolocation,/mnt/ubna_data_02_mir/recover-20221013/UBNA_001/20221012_030000.WAV,Telephone Field,recover-20221013,001,1795
1133.4585,1133.4671,23750,30745,Plecotus austriacus,0.008,0.024,-1,Echolocation,/mnt/ubna_data_02_mir/recover-20221013/UBNA_001/20221012_030000.WAV,Telephone Field,recover-20221013,001,1795
1133.5035,1133.511,23750,32902,Plecotus austriacus,0.011,0.025,-1,Echolocation,/mnt/ubna_data_02_mir/recover-20221013/UBNA_001/20221012_030000.WAV,Telephone Field,recover-20221013,001,1795
1133.5175,1133.5559,68437,82866,Rhinolophus ferrumequinum,0.023,0.023,-1,Echolocation,/mnt/ubna_data_02_mir/recover-20221013/UBNA_001/20221012_030000.WAV,Telephone Field,recover-20221013,001,1795
1133.5325,1133.5428,27187,38076,Eptesicus serotinus,0.01,0.023,-1,Echolocation,/mnt/ubna_data_02_mir/recover-20221013/UBNA_001/20221012_030000.WAV,Telephone Field,recover-20221013,001,1795
1133.5385,1133.548,27187,36872,Eptesicus serotinus,0.009,0.022,-1,Echolocation,/mnt/ubna_data_02_mir/recover-20221013/UBNA_001/20221012_030000.WAV,Telephone Field,recover-20221013,001,1795
1133.5535,1133.5945,68437,82294,Rhinolophus ferrumequinum,0.022,0.022,-1,Echolocation,/mnt/ubna_data_02_mir/recover-20221013/UBNA_001/20221012_030000.WAV,Telephone Field,recover-20221013,001,1795
1133.6085,1133.6502,68437,83149,Rhinolophus ferrumequinum,0.029,0.029,-1,Echolocation,/mnt/ubna_data_02_mir/recover-20221013/UBNA_001/20221012_030000.WAV,Telephone Field,recover-20221013,001,1795
1133.6295,1133.6383,29765,38539,Eptesicus serotinus,0.012,0.029,-1,Echolocation,/mnt/ubna_data_02_mir/recover-20221013/UBNA_001/20221012_030000.WAV,Telephone Field,recover-20221013,001,1795
1133.6395,1133.6787,68437,82212,Rhinolophus ferrumequinum,0.023,0.023,-1,Echolocation,/mnt/ubna_data_02_mir/recover-20221013/UBNA_001/20221012_030000.WAV,Telephone Field,recover-20221013,001,1795
1133.6475,1133.6869,68437,82467,Rhinolophus ferrumequinum,0.022,0.022,-1,Echolocation,/mnt/ubna_data_02_mir/recover-20221013/UBNA_001/20221012_030000.WAV,Telephone Field,recover-20221013,001,1795
1133.7045,1133.7444,68437,82316,Rhinolophus ferrumequinum,0.03,0.03,-1,Echolocation,/mnt/ubna_data_02_mir/recover-20221013/UBNA_001/20221012_030000.WAV,Telephone Field,recover-20221013,001,1795
1133.7075,1133.7143,28046,40031,Eptesicus serotinus,0.007,0.024,-1,Echolocation,/mnt/ubna_data_02_mir/recover-20221013/UBNA_001/20221012_030000.WAV,Telephone Field,recover-20221013,001,1795
1133.8235,1133.861,68437,81777,Rhinolophus ferrumequinum,0.022,0.022,-1,Echolocation,/mnt/ubna_data_02_mir/recover-20221013/UBNA_001/20221012_030000.WAV,Telephone Field,recover-20221013,001,1795
1133.8245,1133.8322,23750,31826,Plecotus austriacus,0.008,0.021,-1,Echolocation,/mnt/ubna_data_02_mir/recover-20221013/UBNA_001/20221012_030000.WAV,Telephone Field,recover-20221013,001,1795
1133.9095,1133.9188,29765,39130,Myotis daubentonii,0.008,0.024,-1,Echolocation,/mnt/ubna_data_02_mir/recover-20221013/UBNA_001/20221012_030000.WAV,Telephone Field,recover-20221013,001,1795
1133.9255,1133.9646,68437,82324,Rhinolophus ferrumequinum,0.025,0.025,-1,Echolocation,/mnt/ubna_data_02_mir/recover-20221013/UBNA_001/20221012_030000.WAV,Telephone Field,recover-20221013,001,1795
1133.9345,1133.9412,28906,40240,Eptesicus serotinus,0.007,0.025,-1,Echolocation,/mnt/ubna_data_02_mir/recover-20221013/UBNA_001/20221012_030000.WAV,Telephone Field,recover-20221013,001,1795
1133.9625,1133.973,26328,34386,Eptesicus serotinus,0.01,0.024,-1,Echolocation,/mnt/ubna_data_02_mir/recover-20221013/UBNA_001/20221012_030000.WAV,Telephone Field,recover-20221013,001,1795
1134.0015,1134.0099,46093,51943,Pipistrellus pipistrellus,0.041,0.046,-1,Echolocation,/mnt/ubna_data_02_mir/recover-20221013/UBNA_001/20221012_030000.WAV,Telephone Field,recover-20221013,001,1795
1134.0015,1134.0146,18593,23747,Nyctalus noctula,0.009,0.025,-1,Echolocation,/mnt/ubna_data_02_mir/recover-20221013/UBNA_001/20221012_030000.WAV,Telephone Field,recover-20221013,001,1795
1134.0015,1134.035,68437,80160,Rhinolophus ferrumequinum,0.027,0.028,-1,Echolocation,/mnt/ubna_data_02_mir/recover-20221013/UBNA_001/20221012_030000.WAV,Telephone Field,recover-20221013,001,1795
1134.0115,1134.0513,68437,82295,Rhinolophus ferrumequinum,0.024,0.024,-1,Echolocation,/mnt/ubna_data_02_mir/recover-20221013/UBNA_001/20221012_030000.WAV,Telephone Field,recover-20221013,001,1795
1134.0505,1134.0923,68437,82220,Rhinolophus ferrumequinum,0.022,0.022,-1,Echolocation,/mnt/ubna_data_02_mir/recover-20221013/UBNA_001/20221012_030000.WAV,Telephone Field,recover-20221013,001,1795
1134.0645,1134.1036,68437,82614,Rhinolophus ferrumequinum,0.024,0.024,-1,Echolocation,/mnt/ubna_data_02_mir/recover-20221013/UBNA_001/20221012_030000.WAV,Telephone Field,recover-20221013,001,1795
1134.0695,1134.0851,56406,61097,Pipistrellus pygmaeus,0.023,0.024,-1,Echolocation,/mnt/ubna_data_02_mir/recover-20221013/UBNA_001/20221012_030000.WAV,Telephone Field,recover-20221013,001,1795
1134.0725,1134.0802,27187,40879,Eptesicus serotinus,0.005,0.021,-1,Echolocation,/mnt/ubna_data_02_mir/recover-20221013/UBNA_001/20221012_030000.WAV,Telephone Field,recover-20221013,001,1795
1134.0725,1134.1149,68437,82723,Rhinolophus ferrumequinum,0.024,0.024,-1,Echolocation,/mnt/ubna_data_02_mir/recover-20221013/UBNA_001/20221012_030000.WAV,Telephone Field,recover-20221013,001,1795
1134.1005,1134.1423,68437,82454,Rhinolophus ferrumequinum,0.031,0.031,-1,Echolocation,/mnt/ubna_data_02_mir/recover-20221013/UBNA_001/20221012_030000.WAV,Telephone Field,recover-20221013,001,1795
1134.1465,1134.1575,23750,29731,Nyctalus leisleri,0.012,0.028,-1,Echolocation,/mnt/ubna_data_02_mir/recover-20221013/UBNA_001/20221012_030000.WAV,Telephone Field,recover-20221013,001,1795
1134.1645,1134.1997,68437,81168,Rhinolophus ferrumequinum,0.021,0.021,-1,Echolocation,/mnt/ubna_data_02_mir/recover-20221013/UBNA_001/20221012_030000.WAV,Telephone Field,recover-20221013,001,1795
1134.1725,1134.2127,68437,82319,Rhinolophus ferrumequinum,0.021,0.022,-1,Echolocation,/mnt/ubna_data_02_mir/recover-20221013/UBNA_001/20221012_030000.WAV,Telephone Field,recover-20221013,001,1795
1134.2265,1134.2629,68437,81864,Rhinolophus ferrumequinum,0.022,0.022,-1,Echolocation,/mnt/ubna_data_02_mir/recover-20221013/UBNA_001/20221012_030000.WAV,Telephone Field,recover-20221013,001,1795
1134.2355,1134.2431,28046,38666,Eptesicus serotinus,0.007,0.021,-1,Echolocation,/mnt/ubna_data_02_mir/recover-20221013/UBNA_001/20221012_030000.WAV,Telephone Field,recover-20221013,001,1795
1134.2375,1134.2762,68437,81497,Rhinolophus ferrumequinum,0.025,0.025,-1,Echolocation,/mnt/ubna_data_02_mir/recover-20221013/UBNA_001/20221012_030000.WAV,Telephone Field,recover-20221013,001,1795
1134.2475,1134.287,68437,81885,Rhinolophus ferrumequinum,0.021,0.021,-1,Echolocation,/mnt/ubna_data_02_mir/recover-20221013/UBNA_001/20221012_030000.WAV,Telephone Field,recover-20221013,001,1795
1134.2555,1134.2951,68437,81994,Rhinolophus ferrumequinum,0.021,0.021,-1,Echolocation,/mnt/ubna_data_02_mir/recover-20221013/UBNA_001/20221012_030000.WAV,Telephone Field,recover-20221013,001,1795
1134.2775,1134.314,68437,81193,Rhinolophus ferrumequinum,0.021,0.021,-1,Echolocation,/mnt/ubna_data_02_mir/recover-20221013/UBNA_001/20221012_030000.WAV,Telephone Field,recover-20221013,001,1795
1134.2865,1134.3185,68437,80293,Rhinolophus ferrumequinum,0.021,0.021,-1,Echolocation,/mnt/ubna_data_02_mir/recover-20221013/UBNA_001/20221012_030000.WAV,Telephone Field,recover-20221013,001,1795
1134.3015,1134.3121,23750,29697,Nyctalus leisleri,0.008,0.021,-1,Echolocation,/mnt/ubna_data_02_mir/recover-20221013/UBNA_001/20221012_030000.WAV,Telephone Field,recover-20221013,001,1795
1134.3025,1134.3384,68437,80902,Rhinolophus ferrumequinum,0.021,0.021,-1,Echolocation,/mnt/ubna_data_02_mir/recover-20221013/UBNA_001/20221012_030000.WAV,Telephone Field,recover-20221013,001,1795
1134.3445,1134.3824,68437,82155,Rhinolophus ferrumequinum,0.022,0.022,-1,Echolocation,/mnt/ubna_data_02_mir/recover-20221013/UBNA_001/20221012_030000.WAV,Telephone Field,recover-20221013,001,1795
1134.3655,1134.4045,68437,82139,Rhinolophus ferrumequinum,0.022,0.022,-1,Echolocation,/mnt/ubna_data_02_mir/recover-20221013/UBNA_001/20221012_030000.WAV,Telephone Field,recover-20221013,001,1795
1134.3775,1134.3859,28046,37668,Eptesicus serotinus,0.012,0.029,-1,Echolocation,/mnt/ubna_data_02_mir/recover-20221013/UBNA_001/20221012_030000.WAV,Telephone Field,recover-20221013,001,1795
1134.3955,1134.4357,68437,82232,Rhinolophus ferrumequinum,0.021,0.021,-1,Echolocation,/mnt/ubna_data_02_mir/recover-20221013/UBNA_001/20221012_030000.WAV,Telephone Field,recover-20221013,001,1795
1134.4035,1134.4125,28906,37906,Eptesicus serotinus,0.009,0.023,-1,Echolocation,/mnt/ubna_data_02_mir/recover-20221013/UBNA_001/20221012_030000.WAV,Telephone Field,recover-20221013,001,1795
1134.4315,1134.4722,68437,82429,Rhinolophus ferrumequinum,0.029,0.029,-1,Echolocation,/mnt/ubna_data_02_mir/recover-20221013/UBNA_001/20221012_030000.WAV,Telephone Field,recover-20221013,001,1795
1134.4325,1134.4402,28046,40382,Eptesicus serotinus,0.007,0.023,-1,Echolocation,/mnt/ubna_data_02_mir/recover-20221013/UBNA_001/20221012_030000.WAV,Telephone Field,recover-20221013,001,1795
1134.4465,1134.455,50390,54672,Pipistrellus pipistrellus,0.028,0.031,-1,Echolocation,/mnt/ubna_data_02_mir/recover-20221013/UBNA_001/20221012_030000.WAV,Telephone Field,recover-20221013,001,1795
1134.4515,1134.4596,26328,36005,Eptesicus serotinus,0.009,0.027,-1,Echolocation,/mnt/ubna_data_02_mir/recover-20221013/UBNA_001/20221012_030000.WAV,Telephone Field,recover-20221013,001,1795
1134.4915,1134.5305,68437,81790,Rhinolophus ferrumequinum,0.024,0.024,-1,Echolocation,/mnt/ubna_data_02_mir/recover-20221013/UBNA_001/20221012_030000.WAV,Telephone Field,recover-20221013,001,1795
1134.5105,1134.5197,28906,37626,Eptesicus serotinus,0.009,0.023,-1,Echolocation,/mnt/ubna_data_02_mir/recover-20221013/UBNA_001/20221012_030000.WAV,Telephone Field,recover-20221013,001,1795
1134.5315,1134.5704,68437,82044,Rhinolophus ferrumequinum,0.022,0.022,-1,Echolocation,/mnt/ubna_data_02_mir/recover-20221013/UBNA_001/20221012_030000.WAV,Telephone Field,recover-20221013,001,1795
1134.5435,1134.5838,68437,82132,Rhinolophus ferrumequinum,0.023,0.023,-1,Echolocation,/mnt/ubna_data_02_mir/recover-20221013/UBNA_001/20221012_030000.WAV,Telephone Field,recover-20221013,001,1795
1134.5525,1134.561,23750,32093,Plecotus austriacus,0.007,0.023,-1,Echolocation,/mnt/ubna_data_02_mir/recover-20221013/UBNA_001/20221012_030000.WAV,Telephone Field,recover-20221013,001,1795
1134.5585,1134.5677,27187,35704,Eptesicus serotinus,0.01,0.022,-1,Echolocation,/mnt/ubna_data_02_mir/recover-20221013/UBNA_001/20221012_030000.WAV,Telephone Field,recover-20221013,001,1795
1134.6335,1134.6724,68437,82141,Rhinolophus ferrumequinum,0.032,0.032,-1,Echolocation,/mnt/ubna_data_02_mir/recover-20221013/UBNA_001/20221012_030000.WAV,Telephone Field,recover-20221013,001,1795
1134.6625,1134.7014,68437,82150,Rhinolophus ferrumequinum,0.024,0.024,-1,Echolocation,/mnt/ubna_data_02_mir/recover-20221013/UBNA_001/20221012_030000.WAV,Telephone Field,recover-20221013,001,1795
1134.6915,1134.731,68437,81887,Rhinolophus ferrumequinum,0.022,0.022,-1,Echolocation,/mnt/ubna_data_02_mir/recover-20221013/UBNA_001/20221012_030000.WAV,Telephone Field,recover-20221013,001,1795
1134.7135,1134.7223,24609,32575,Eptesicus serotinus,0.006,0.022,-1,Echolocation,/mnt/ubna_data_02_mir/recover-20221013/UBNA_001/20221012_030000.WAV,Telephone Field,recover-20221013,001,1795
1134.7155,1134.7545,68437,82602,Rhinolophus ferrumequinum,0.032,0.032,-1,Echolocation,/mnt/ubna_data_02_mir/recover-20221013/UBNA_001/20221012_030000.WAV,Telephone Field,recover-20221013,001,1795
1134.7365,1134.7466,24609,31640,Nyctalus leisleri,0.011,0.028,-1,Echolocation,/mnt/ubna_data_02_mir/recover-20221013/UBNA_001/20221012_030000.WAV,Telephone Field,recover-20221013,001,1795
1134.7605,1134.7709,28046,36090,Eptesicus serotinus,0.01,0.022,-1,Echolocation,/mnt/ubna_data_02_mir/recover-20221013/UBNA_001/20221012_030000.WAV,Telephone Field,recover-20221013,001,1795
1134.8015,1134.839,68437,81453,Rhinolophus ferrumequinum,0.02,0.02,-1,Echolocation,/mnt/ubna_data_02_mir/recover-20221013/UBNA_001/20221012_030000.WAV,Telephone Field,recover-20221013,001,1795
1134.8155,1134.823,28046,38405,Eptesicus serotinus,0.006,0.023,-1,Echolocation,/mnt/ubna_data_02_mir/recover-20221013/UBNA_001/20221012_030000.WAV,Telephone Field,recover-20221013,001,1795
1134.8255,1134.857,68437,80562,Rhinolophus ferrumequinum,0.031,0.031,-1,Echolocation,/mnt/ubna_data_02_mir/recover-20221013/UBNA_001/20221012_030000.WAV,Telephone Field,recover-20221013,001,1795
1134.8355,1134.8747,68437,82098,Rhinolophus ferrumequinum,0.021,0.021,-1,Echolocation,/mnt/ubna_data_02_mir/recover-20221013/UBNA_001/20221012_030000.WAV,Telephone Field,recover-20221013,001,1795
1134.8555,1134.8934,68437,81736,Rhinolophus ferrumequinum,0.024,0.024,-1,Echolocation,/mnt/ubna_data_02_mir/recover-20221013/UBNA_001/20221012_030000.WAV,Telephone Field,recover-20221013,001,1795
1134.8825,1134.9226,68437,82102,Rhinolophus ferrumequinum,0.023,0.023,-1,Echolocation,/mnt/ubna_data_02_mir/recover-20221013/UBNA_001/20221012_030000.WAV,Telephone Field,recover-20221013,001,1795
1134.9125,1134.9492,68437,81883,Rhinolophus ferrumequinum,0.021,0.021,-1,Echolocation,/mnt/ubna_data_02_mir/recover-20221013/UBNA_001/20221012_030000.WAV,Telephone Field,recover-20221013,001,1795
1134.9285,1134.9691,68437,82059,Rhinolophus ferrumequinum,0.021,0.021,-1,Echolocation,/mnt/ubna_data_02_mir/recover-20221013/UBNA_001/20221012_030000.WAV,Telephone Field,recover-20221013,001,1795
1134.9765,1134.9902,23750,28572,Nyctalus leisleri,0.016,0.032,-1,Echolocation,/mnt/ubna_data_02_mir/recover-20221013/UBNA_001/20221012_030000.WAV,Telephone Field,recover-20221013,001,1795
1134.9985,1135.0351,68437,81335,Rhinolophus ferrumequinum,0.021,0.021,-1,Echolocation,/mnt/ubna_data_02_mir/recover-20221013/UBNA_001/20221012_030000.WAV,Telephone Field,recover-20221013,001,1795
1135.0045,1135.0157,49531,53799,Pipistrellus pipistrellus,0.022,0.025,-1,Echolocation,/mnt/ubna_data_02_mir/recover-20221013/UBNA_001/20221012_030000.WAV,Telephone Field,recover-20221013,001,1795
1135.0285,1135.0407,24609,30160,Nyctalus leisleri,0.011,0.027,-1,Echolocation,/mnt/ubna_data_02_mir/recover-20221013/UBNA_001/20221012_030000.WAV,Telephone Field,recover-20221013,001,1795
1135.0405,1135.048,28046,39396,Eptesicus serotinus,0.008,0.025,-1,Echolocation,/mnt/ubna_data_02_mir/recover-20221013/UBNA_001/20221012_030000.WAV,Telephone Field,recover-20221013,001,1795
1135.0505,1135.0879,68437,81422,Rhinolophus ferrumequinum,0.02,0.02,-1,Echolocation,/mnt/ubna_data_02_mir/recover-20221013/UBNA_001/20221012_030000.WAV,Telephone Field,recover-20221013,001,1795
1135.1355,1135.1745,68437,82072,Rhinolophus ferrumequinum,0.021,0.021,-1,Echolocation,/mnt/ubna_data_02_mir/recover-20221013/UBNA_001/20221012_030000.WAV,Telephone Field,recover-20221013,001,1795
1135.1425,1135.1815,68437,81488,Rhinolophus ferrumequinum,0.023,0.023,-1,Echolocation,/mnt/ubna_data_02_mir/recover-20221013/UBNA_001/20221012_030000.WAV,Telephone Field,recover-20221013,001,1795
1135.1655,1135.2022,68437,81258,Rhinolophus ferrumequinum,0.022,0.022,-1,Echolocation,/mnt/ubna_data_02_mir/recover-20221013/UBNA_001/20221012_030000.WAV,Telephone Field,recover-20221013,001,1795
1135.2005,1135.2405,68437,82284,Rhinolophus ferrumequinum,0.022,0.022,-1,Echolocation,/mnt/ubna_data_02_mir/recover-20221013/UBNA_001/20221012_030000.WAV,Telephone Field,recover-20221013,001,1795
1135.2155,1135.2614,68437,83930,Rhinolophus ferrumequinum,0.039,0.039,-1,Echolocation,/mnt/ubna_data_02_mir/recover-20221013/UBNA_001/20221012_030000.WAV,Telephone Field,recover-20221013,001,1795
1135.2175,1135.2267,27187,36615,Eptesicus serotinus,0.008,0.025,-1,Echolocation,/mnt/ubna_data_02_mir/recover-20221013/UBNA_001/20221012_030000.WAV,Telephone Field,recover-20221013,001,1795
1135.2435,1135.2826,68437,82087,Rhinolophus ferrumequinum,0.021,0.021,-1,Echolocation,/mnt/ubna_data_02_mir/recover-20221013/UBNA_001/20221012_030000.WAV,Telephone Field,recover-20221013,001,1795
1135.2485,1135.2557,26328,42575,Eptesicus serotinus,0.006,0.026,-1,Echolocation,/mnt/ubna_data_02_mir/recover-20221013/UBNA_001/20221012_030000.WAV,Telephone Field,recover-20221013,001,1795
1135.2555,1135.293,68437,82043,Rhinolophus ferrumequinum,0.021,0.021,-1,Echolocation,/mnt/ubna_data_02_mir/recover-20221013/UBNA_001/20221012_030000.WAV,Telephone Field,recover-20221013,001,1795
1135.2715,1135.3108,68437,82183,Rhinolophus ferrumequinum,0.021,0.021,-1,Echolocation,/mnt/ubna_data_02_mir/recover-20221013/UBNA_001/20221012_030000.WAV,Telephone Field,recover-20221013,001,1795
1135.2775,1135.3175,68437,81970,Rhinolophus ferrumequinum,0.021,0.021,-1,Echolocation,/mnt/ubna_data_02_mir/recover-20221013/UBNA_001/20221012_030000.WAV,Telephone Field,recover-20221013,001,1795
1135.2935,1135.3324,68437,81869,Rhinolophus ferrumequinum,0.021,0.022,-1,Echolocation,/mnt/ubna_data_02_mir/recover-20221013/UBNA_001/20221012_030000.WAV,Telephone Field,recover-20221013,001,1795
1135.3245,1135.3672,68437,83321,Rhinolophus ferrumequinum,0.024,0.024,-1,Echolocation,/mnt/ubna_data_02_mir/recover-20221013/UBNA_001/20221012_030000.WAV,Telephone Field,recover-20221013,001,1795
1135.3485,1135.3868,68437,82118,Rhinolophus ferrumequinum,0.021,0.021,-1,Echolocation,/mnt/ubna_data_02_mir/recover-20221013/UBNA_001/20221012_030000.WAV,Telephone Field,recover-20221013,001,1795
1135.3835,1135.4256,68437,82820,Rhinolophus ferrumequinum,0.022,0.022,-1,Echolocation,/mnt/ubna_data_02_mir/recover-20221013/UBNA_001/20221012_030000.WAV,Telephone Field,recover-20221013,001,1795
1135.4035,1135.4441,68437,82575,Rhinolophus ferrumequinum,0.026,0.026,-1,Echolocation,/mnt/ubna_data_02_mir/recover-20221013/UBNA_001/20221012_030000.WAV,Telephone Field,recover-20221013,001,1795
1135.4335,1135.4392,50390,55347,Pipistrellus pipistrellus,0.019,0.021,-1,Echolocation,/mnt/ubna_data_02_mir/recover-20221013/UBNA_001/20221012_030000.WAV,Telephone Field,recover-20221013,001,1795
1135.4515,1135.4956,68437,82960,Rhinolophus ferrumequinum,0.051,0.051,-1,Echolocation,/mnt/ubna_data_02_mir/recover-20221013/UBNA_001/20221012_030000.WAV,Telephone Field,recover-20221013,001,1795
1135.4825,1135.5202,68437,81263,Rhinolophus ferrumequinum,0.021,0.021,-1,Echolocation,/mnt/ubna_data_02_mir/recover-20221013/UBNA_001/20221012_030000.WAV,Telephone Field,recover-20221013,001,1795
1135.5295,1135.5711000000001,68437,82535,Rhinolophus ferrumequinum,0.024,0.024,-1,Echolocation,/mnt/ubna_data_02_mir/recover-20221013/UBNA_001/20221012_030000.WAV,Telephone Field,recover-20221013,001,1795
1135.5605,1135.6011,68437,82282,Rhinolophus ferrumequinum,0.023,0.023,-1,Echolocation,/mnt/ubna_data_02_mir/recover-20221013/UBNA_001/20221012_030000.WAV,Telephone Field,recover-20221013,001,1795
1135.5665,1135.6078,68437,82539,Rhinolophus ferrumequinum,0.022,0.022,-1,Echolocation,/mnt/ubna_data_02_mir/recover-20221013/UBNA_001/20221012_030000.WAV,Telephone Field,recover-20221013,001,1795
1135.5955,1135.6052,28046,36840,Eptesicus serotinus,0.008,0.021,-1,Echolocation,/mnt/ubna_data_02_mir/recover-20221013/UBNA_001/20221012_030000.WAV,Telephone Field,recover-20221013,001,1795
1135.6165,1135.6293,24609,31123,Nyctalus leisleri,0.012,0.03,-1,Echolocation,/mnt/ubna_data_02_mir/recover-20221013/UBNA_001/20221012_030000.WAV,Telephone Field,recover-20221013,001,1795
1135.6815,1135.7228,68437,82282,Rhinolophus ferrumequinum,0.021,0.021,-1,Echolocation,/mnt/ubna_data_02_mir/recover-20221013/UBNA_001/20221012_030000.WAV,Telephone Field,recover-20221013,001,1795
1135.6865,1135.6939,28046,38290,Eptesicus serotinus,0.007,0.024,-1,Echolocation,/mnt/ubna_data_02_mir/recover-20221013/UBNA_001/20221012_030000.WAV,Telephone Field,recover-20221013,001,1795
1135.7315,1135.7394,27187,35707,Eptesicus serotinus,0.008,0.025,-1,Echolocation,/mnt/ubna_data_02_mir/recover-20221013/UBNA_001/20221012_030000.WAV,Telephone Field,recover-20221013,001,1795
1135.7545,1135.7978,68437,83143,Rhinolophus ferrumequinum,0.03,0.03,-1,Echolocation,/mnt/ubna_data_02_mir/recover-20221013/UBNA_001/20221012_030000.WAV,Telephone Field,recover-20221013,001,1795
1135.7595,1135.768,27187,39288,Eptesicus serotinus,0.008,0.022,-1,Echolocation,/mnt/ubna_data_02_mir/recover-20221013/UBNA_001/20221012_030000.WAV,Telephone Field,recover-20221013,001,1795
1135.8205,1135.8616,68437,83103,Rhinolophus ferrumequinum,0.028,0.028,-1,Echolocation,/mnt/ubna_data_02_mir/recover-20221013/UBNA_001/20221012_030000.WAV,Telephone Field,recover-20221013,001,1795
1135.8495,1135.8869,68437,81351,Rhinolophus ferrumequinum,0.02,0.02,-1,Echolocation,/mnt/ubna_data_02_mir/recover-20221013/UBNA_001/20221012_030000.WAV,Telephone Field,recover-20221013,001,1795
1135.8565,1135.8663999999999,22031,27308,Nyctalus leisleri,0.008,0.021,-1,Echolocation,/mnt/ubna_data_02_mir/recover-20221013/UBNA_001/20221012_030000.WAV,Telephone Field,recover-20221013,001,1795
1135.8795,1135.9189,68437,81959,Rhinolophus ferrumequinum,0.022,0.022,-1,Echolocation,/mnt/ubna_data_02_mir/recover-20221013/UBNA_001/20221012_030000.WAV,Telephone Field,recover-20221013,001,1795
1135.9325,1135.9714,68437,82104,Rhinolophus ferrumequinum,0.021,0.021,-1,Echolocation,/mnt/ubna_data_02_mir/recover-20221013/UBNA_001/20221012_030000.WAV,Telephone Field,recover-20221013,001,1795
1135.9395,1135.9477,28906,38157,Eptesicus serotinus,0.007,0.023,-1,Echolocation,/mnt/ubna_data_02_mir/recover-20221013/UBNA_001/20221012_030000.WAV,Telephone Field,recover-20221013,001,1795
1135.9505,1135.9689,22031,25082,Nyctalus leisleri,0.019,0.029,-1,Echolocation,/mnt/ubna_data_02_mir/recover-20221013/UBNA_001/20221012_030000.WAV,Telephone Field,recover-20221013,001,1795
1135.9545,1135.9957,68437,82789,Rhinolophus ferrumequinum,0.022,0.022,-1,Echolocation,/mnt/ubna_data_02_mir/recover-20221013/UBNA_001/20221012_030000.WAV,Telephone Field,recover-20221013,001,1795
1135.9865,1135.9959,28906,38349,Eptesicus serotinus,0.009,0.024,-1,Echolocation,/mnt/ubna_data_02_mir/recover-20221013/UBNA_001/20221012_030000.WAV,Telephone Field,recover-20221013,001,1795
1136.0015,1136.0339,69296,81523,Rhinolophus ferrumequinum,0.041,0.041,-1,Echolocation,/mnt/ubna_data_02_mir/recover-20221013/UBNA_001/20221012_030000.WAV,Telephone Field,recover-20221013,001,1795
1136.0015,1136.0104,23750,30734,Nyctalus leisleri,0.014,0.035,-1,Echolocation,/mnt/ubna_data_02_mir/recover-20221013/UBNA_001/20221012_030000.WAV,Telephone Field,recover-20221013,001,1795
1136.0015,1136.0092,29765,39059,Myotis daubentonii,0.005,0.022,-1,Echolocation,/mnt/ubna_data_02_mir/recover-20221013/UBNA_001/20221012_030000.WAV,Telephone Field,recover-20221013,001,1795
1136.0085,1136.0494,68437,81983,Rhinolophus ferrumequinum,0.022,0.022,-1,Echolocation,/mnt/ubna_data_02_mir/recover-20221013/UBNA_001/20221012_030000.WAV,Telephone Field,recover-20221013,001,1795
1136.0475,1136.0882,68437,83027,Rhinolophus ferrumequinum,0.029,0.029,-1,Echolocation,/mnt/ubna_data_02_mir/recover-20221013/UBNA_001/20221012_030000.WAV,Telephone Field,recover-20221013,001,1795
1136.0515,1136.0596,26328,35772,Eptesicus serotinus,0.006,0.021,-1,Echolocation,/mnt/ubna_data_02_mir/recover-20221013/UBNA_001/20221012_030000.WAV,Telephone Field,recover-20221013,001,1795
1136.0605,1136.0699,24609,31721,Nyctalus leisleri,0.007,0.022,-1,Echolocation,/mnt/ubna_data_02_mir/recover-20221013/UBNA_001/20221012_030000.WAV,Telephone Field,recover-20221013,001,1795
1136.0675,1136.0753,39218,51678,Myotis daubentonii,0.007,0.024,-1,Echolocation,/mnt/ubna_data_02_mir/recover-20221013/UBNA_001/20221012_030000.WAV,Telephone Field,recover-20221013,001,1795
1136.0695,1136.0766,46953,51299,Pipistrellus pipistrellus,0.024,0.026,-1,Echolocation,/mnt/ubna_data_02_mir/recover-20221013/UBNA_001/20221012_030000.WAV,Telephone Field,recover-20221013,001,1795
1136.0915,1136.1293,68437,81853,Rhinolophus ferrumequinum,0.023,0.023,-1,Echolocation,/mnt/ubna_data_02_mir/recover-20221013/UBNA_001/20221012_030000.WAV,Telephone Field,recover-20221013,001,1795
1136.0985,1136.1369,68437,82212,Rhinolophus ferrumequinum,0.021,0.021,-1,Echolocation,/mnt/ubna_data_02_mir/recover-20221013/UBNA_001/20221012_030000.WAV,Telephone Field,recover-20221013,001,1795
1136.1375,1136.179,68437,82555,Rhinolophus ferrumequinum,0.024,0.024,-1,Echolocation,/mnt/ubna_data_02_mir/recover-20221013/UBNA_001/20221012_030000.WAV,Telephone Field,recover-20221013,001,1795
1136.1395,1136.1484,22890,30315,Plecotus austriacus,0.01,0.024,-1,Echolocation,/mnt/ubna_data_02_mir/recover-20221013/UBNA_001/20221012_030000.WAV,Telephone Field,recover-20221013,001,1795
1136.1805,1136.1872,27187,39135,Eptesicus serotinus,0.005,0.021,-1,Echolocation,/mnt/ubna_data_02_mir/recover-20221013/UBNA_001/20221012_030000.WAV,Telephone Field,recover-20221013,001,1795
1136.2055,1136.242,68437,81527,Rhinolophus ferrumequinum,0.023,0.023,-1,Echolocation,/mnt/ubna_data_02_mir/recover-20221013/UBNA_001/20221012_030000.WAV,Telephone Field,recover-20221013,001,1795
1136.2395,1136.2504,22890,26712,Nyctalus leisleri,0.016,0.026,-1,Echolocation,/mnt/ubna_data_02_mir/recover-20221013/UBNA_001/20221012_030000.WAV,Telephone Field,recover-20221013,001,1795
1136.2425,1136.2794,68437,81214,Rhinolophus ferrumequinum,0.022,0.022,-1,Echolocation,/mnt/ubna_data_02_mir/recover-20221013/UBNA_001/20221012_030000.WAV,Telephone Field,recover-20221013,001,1795
1136.2815,1136.3209,68437,82450,Rhinolophus ferrumequinum,0.021,0.021,-1,Echolocation,/mnt/ubna_data_02_mir/recover-20221013/UBNA_001/20221012_030000.WAV,Telephone Field,recover-20221013,001,1795
1136.2915,1136.3003,28046,37026,Eptesicus serotinus,0.007,0.022,-1,Echolocation,/mnt/ubna_data_02_mir/recover-20221013/UBNA_001/20221012_030000.WAV,Telephone Field,recover-20221013,001,1795
1136.3345,1136.3741,68437,82182,Rhinolophus ferrumequinum,0.021,0.021,-1,Echolocation,/mnt/ubna_data_02_mir/recover-20221013/UBNA_001/20221012_030000.WAV,Telephone Field,recover-20221013,001,1795
1136.3755,1136.3853,27187,35762,Eptesicus serotinus,0.018,0.035,-1,Echolocation,/mnt/ubna_data_02_mir/recover-20221013/UBNA_001/20221012_030000.WAV,Telephone Field,recover-20221013,001,1795
1136.3815,1136.4209,68437,82679,Rhinolophus ferrumequinum,0.022,0.023,-1,Echolocation,/mnt/ubna_data_02_mir/recover-20221013/UBNA_001/20221012_030000.WAV,Telephone Field,recover-20221013,001,1795
1136.3935,1136.403,25468,33819,Eptesicus serotinus,0.01,0.028,-1,Echolocation,/mnt/ubna_data_02_mir/recover-20221013/UBNA_001/20221012_030000.WAV,Telephone Field,recover-20221013,001,1795
1136.4025,1136.4416,68437,82734,Rhinolophus ferrumequinum,0.025,0.025,-1,Echolocation,/mnt/ubna_data_02_mir/recover-20221013/UBNA_001/20221012_030000.WAV,Telephone Field,recover-20221013,001,1795
1136.4085,1136.4173,46093,51607,Pipistrellus pipistrellus,0.018,0.025,-1,Echolocation,/mnt/ubna_data_02_mir/recover-20221013/UBNA_001/20221012_030000.WAV,Telephone Field,recover-20221013,001,1795
1136.4275,1136.4601,68437,80090,Rhinolophus ferrumequinum,0.021,0.021,-1,Echolocation,/mnt/ubna_data_02_mir/recover-20221013/UBNA_001/20221012_030000.WAV,Telephone Field,recover-20221013,001,1795
1136.4865,1136.4967,28906,35643,Eptesicus serotinus,0.009,0.024,-1,Echolocation,/mnt/ubna_data_02_mir/recover-20221013/UBNA_001/20221012_030000.WAV,Telephone Field,recover-20221013,001,1795
1136.5095,1136.5446,68437,81772,Rhinolophus ferrumequinum,0.021,0.021,-1,Echolocation,/mnt/ubna_data_02_mir/recover-20221013/UBNA_001/20221012_030000.WAV,Telephone Field,recover-20221013,001,1795
1136.5185,1136.5568,68437,82590,Rhinolophus ferrumequinum,0.023,0.023,-1,Echolocation,/mnt/ubna_data_02_mir/recover-20221013/UBNA_001/20221012_030000.WAV,Telephone Field,recover-20221013,001,1795
1136.5475,1136.5867,68437,81785,Rhinolophus ferrumequinum,0.022,0.022,-1,Echolocation,/mnt/ubna_data_02_mir/recover-20221013/UBNA_001/20221012_030000.WAV,Telephone Field,recover-20221013,001,1795
1136.5605,1136.5987,68437,82024,Rhinolophus ferrumequinum,0.021,0.021,-1,Echolocation,/mnt/ubna_data_02_mir/recover-20221013/UBNA_001/20221012_030000.WAV,Telephone Field,recover-20221013,001,1795
1136.5675,1136.5758,28046,44951,Eptesicus serotinus,0.009,0.025,-1,Echolocation,/mnt/ubna_data_02_mir/recover-20221013/UBNA_001/20221012_030000.WAV,Telephone Field,recover-20221013,001,1795
1136.5685,1136.6057,68437,81842,Rhinolophus ferrumequinum,0.022,0.022,-1,Echolocation,/mnt/ubna_data_02_mir/recover-20221013/UBNA_001/20221012_030000.WAV,Telephone Field,recover-20221013,001,1795
1136.5805,1136.5898,28046,35905,Eptesicus serotinus,0.008,0.022,-1,Echolocation,/mnt/ubna_data_02_mir/recover-20221013/UBNA_001/20221012_030000.WAV,Telephone Field,recover-20221013,001,1795
1136.6145,1136.6253,23750,29450,Nyctalus leisleri,0.011,0.027,-1,Echolocation,/mnt/ubna_data_02_mir/recover-20221013/UBNA_001/20221012_030000.WAV,Telephone Field,recover-20221013,001,1795
1136.6685,1136.6872,20312,23166,Nyctalus leisleri,0.019,0.033,-1,Echolocation,/mnt/ubna_data_02_mir/recover-20221013/UBNA_001/20221012_030000.WAV,Telephone Field,recover-20221013,001,1795
1136.6845,1136.7203,68437,81630,Rhinolophus ferrumequinum,0.024,0.024,-1,Echolocation,/mnt/ubna_data_02_mir/recover-20221013/UBNA_001/20221012_030000.WAV,Telephone Field,recover-20221013,001,1795
1136.6875,1136.6948,27187,39848,Eptesicus serotinus,0.006,0.021,-1,Echolocation,/mnt/ubna_data_02_mir/recover-20221013/UBNA_001/20221012_030000.WAV,Telephone Field,recover-20221013,001,1795
1136.7185,1136.7575,68437,81608,Rhinolophus ferrumequinum,0.042,0.042,-1,Echolocation,/mnt/ubna_data_02_mir/recover-20221013/UBNA_001/20221012_030000.WAV,Telephone Field,recover-20221013,001,1795
1136.7325,1136.7395,25468,36118,Plecotus austriacus,0.009,0.035,-1,Echolocation,/mnt/ubna_data_02_mir/recover-20221013/UBNA_001/20221012_030000.WAV,Telephone Field,recover-20221013,001,1795
1136.7855,1136.8266,68437,82853,Rhinolophus ferrumequinum,0.027,0.027,-1,Echolocation,/mnt/ubna_data_02_mir/recover-20221013/UBNA_001/20221012_030000.WAV,Telephone Field,recover-20221013,001,1795
1136.8205,1136.83,26328,33987,Eptesicus serotinus,0.008,0.022,-1,Echolocation,/mnt/ubna_data_02_mir/recover-20221013/UBNA_001/20221012_030000.WAV,Telephone Field,recover-20221013,001,1795
1136.8365,1136.8448,28046,42161,Eptesicus serotinus,0.007,0.022,-1,Echolocation,/mnt/ubna_data_02_mir/recover-20221013/UBNA_001/20221012_030000.WAV,Telephone Field,recover-20221013,001,1795
1136.8605,1136.9012,68437,82799,Rhinolophus ferrumequinum,0.023,0.023,-1,Echolocation,/mnt/ubna_data_02_mir/recover-20221013/UBNA_001/20221012_030000.WAV,Telephone Field,recover-20221013,001,1795
1136.8685,1136.8769,27187,37105,Eptesicus serotinus,0.006,0.021,-1,Echolocation,/mnt/ubna_data_02_mir/recover-20221013/UBNA_001/20221012_030000.WAV,Telephone Field,recover-20221013,001,1795
1136.8955,1136.9335,68437,81749,Rhinolophus ferrumequinum,0.022,0.022,-1,Echolocation,/mnt/ubna_data_02_mir/recover-20221013/UBNA_001/20221012_030000.WAV,Telephone Field,recover-20221013,001,1795
1136.9045,1136.9158,25468,33220,Eptesicus serotinus,0.017,0.04,-1,Echolocation,/mnt/ubna_data_02_mir/recover-20221013/UBNA_001/20221012_030000.WAV,Telephone Field,recover-20221013,001,1795
1136.9185,1136.9586,68437,82580,Rhinolophus ferrumequinum,0.026,0.026,-1,Echolocation,/mnt/ubna_data_02_mir/recover-20221013/UBNA_001/20221012_030000.WAV,Telephone Field,recover-20221013,001,1795
1136.9255,1136.9331,28046,37808,Eptesicus serotinus,0.007,0.025,-1,Echolocation,/mnt/ubna_data_02_mir/recover-20221013/UBNA_001/20221012_030000.WAV,Telephone Field,recover-20221013,001,1795
1136.9795,1136.9896,28046,36813,Eptesicus serotinus,0.013,0.028,-1,Echolocation,/mnt/ubna_data_02_mir/recover-20221013/UBNA_001/20221012_030000.WAV,Telephone Field,recover-20221013,001,1795
1137.0065,1137.016,28046,37532,Eptesicus serotinus,0.008,0.022,-1,Echolocation,/mnt/ubna_data_02_mir/recover-20221013/UBNA_001/20221012_030000.WAV,Telephone Field,recover-20221013,001,1795
1137.0145,1137.0219,27187,40231,Eptesicus serotinus,0.006,0.023,-1,Echolocation,/mnt/ubna_data_02_mir/recover-20221013/UBNA_001/20221012_030000.WAV,Telephone Field,recover-20221013,001,1795
1137.0225,1137.0633,68437,82525,Rhinolophus ferrumequinum,0.023,0.023,-1,Echolocation,/mnt/ubna_data_02_mir/recover-20221013/UBNA_001/20221012_030000.WAV,Telephone Field,recover-20221013,001,1795
1137.0445,1137.0541,28046,36757,Eptesicus serotinus,0.01,0.025,-1,Echolocation,/mnt/ubna_data_02_mir/recover-20221013/UBNA_001/20221012_030000.WAV,Telephone Field,recover-20221013,001,1795
1137.0485,1137.0867,68437,81782,Rhinolophus ferrumequinum,0.023,0.023,-1,Echolocation,/mnt/ubna_data_02_mir/recover-20221013/UBNA_001/20221012_030000.WAV,Telephone Field,recover-20221013,001,1795
1137.0715,1137.0806,26328,36622,Eptesicus serotinus,0.008,0.023,-1,Echolocation,/mnt/ubna_data_02_mir/recover-20221013/UBNA_001/20221012_030000.WAV,Telephone Field,recover-20221013,001,1795
1137.0785,1137.0862,28046,38340,Eptesicus serotinus,0.007,0.027,-1,Echolocation,/mnt/ubna_data_02_mir/recover-20221013/UBNA_001/20221012_030000.WAV,Telephone Field,recover-20221013,001,1795
1137.0965,1137.1033,24609,35856,Plecotus austriacus,0.006,0.022,-1,Echolocation,/mnt/ubna_data_02_mir/recover-20221013/UBNA_001/20221012_030000.WAV,Telephone Field,recover-20221013,001,1795
1137.1055,1137.1132,28906,38390,Eptesicus serotinus,0.006,0.022,-1,Echolocation,/mnt/ubna_data_02_mir/recover-20221013/UBNA_001/20221012_030000.WAV,Telephone Field,recover-20221013,001,1795
1137.1145,1137.1542,68437,82520,Rhinolophus ferrumequinum,0.027,0.027,-1,Echolocation,/mnt/ubna_data_02_mir/recover-20221013/UBNA_001/20221012_030000.WAV,Telephone Field,recover-20221013,001,1795
1137.1285,1137.1362,27187,38482,Eptesicus serotinus,0.007,0.022,-1,Echolocation,/mnt/ubna_data_02_mir/recover-20221013/UBNA_001/20221012_030000.WAV,Telephone Field,recover-20221013,001,1795
1137.1775,1137.1863,25468,33632,Eptesicus serotinus,0.006,0.021,-1,Echolocation,/mnt/ubna_data_02_mir/recover-20221013/UBNA_001/20221012_030000.WAV,Telephone Field,recover-20221013,001,1795
1137.1815,1137.2196,68437,82580,Rhinolophus ferrumequinum,0.023,0.023,-1,Echolocation,/mnt/ubna_data_02_mir/recover-20221013/UBNA_001/20221012_030000.WAV,Telephone Field,recover-20221013,001,1795
1137.2075,1137.2515,68437,83061,Rhinolophus ferrumequinum,0.031,0.031,-1,Echolocation,/mnt/ubna_data_02_mir/recover-20221013/UBNA_001/20221012_030000.WAV,Telephone Field,recover-20221013,001,1795
1137.2235,1137.2338,24609,31525,Nyctalus leisleri,0.009,0.023,-1,Echolocation,/mnt/ubna_data_02_mir/recover-20221013/UBNA_001/20221012_030000.WAV,Telephone Field,recover-20221013,001,1795
1137.2315,1137.2404,27187,36811,Eptesicus serotinus,0.008,0.024,-1,Echolocation,/mnt/ubna_data_02_mir/recover-20221013/UBNA_001/20221012_030000.WAV,Telephone Field,recover-20221013,001,1795
1137.2515,1137.2602,28046,37038,Eptesicus serotinus,0.01,0.025,-1,Echolocation,/mnt/ubna_data_02_mir/recover-20221013/UBNA_001/20221012_030000.WAV,Telephone Field,recover-20221013,001,1795
1137.3235,1137.3307,28046,44290,Myotis daubentonii,0.008,0.027,-1,Echolocation,/mnt/ubna_data_02_mir/recover-20221013/UBNA_001/20221012_030000.WAV,Telephone Field,recover-20221013,001,1795
1137.3355,1137.3733,68437,81938,Rhinolophus ferrumequinum,0.023,0.023,-1,Echolocation,/mnt/ubna_data_02_mir/recover-20221013/UBNA_001/20221012_030000.WAV,Telephone Field,recover-20221013,001,1795
1137.3765,1137.3855,28906,37404,Eptesicus serotinus,0.008,0.023,-1,Echolocation,/mnt/ubna_data_02_mir/recover-20221013/UBNA_001/20221012_030000.WAV,Telephone Field,recover-20221013,001,1795
1137.4495,1137.4648,16015,21452,Nyctalus noctula,0.021,0.03,-1,Echolocation,/mnt/ubna_data_02_mir/recover-20221013/UBNA_001/20221012_030000.WAV,Telephone Field,recover-20221013,001,1795
1137.4505,1137.4884,68437,82132,Rhinolophus ferrumequinum,0.021,0.021,-1,Echolocation,/mnt/ubna_data_02_mir/recover-20221013/UBNA_001/20221012_030000.WAV,Telephone Field,recover-20221013,001,1795
1137.4595,1137.4982,68437,82236,Rhinolophus ferrumequinum,0.022,0.022,-1,Echolocation,/mnt/ubna_data_02_mir/recover-20221013/UBNA_001/20221012_030000.WAV,Telephone Field,recover-20221013,001,1795
1137.4745,1137.4829,28046,37349,Eptesicus serotinus,0.009,0.024,-1,Echolocation,/mnt/ubna_data_02_mir/recover-20221013/UBNA_001/20221012_030000.WAV,Telephone Field,recover-20221013,001,1795
1137.5025,1137.5413,68437,82024,Rhinolophus ferrumequinum,0.022,0.022,-1,Echolocation,/mnt/ubna_data_02_mir/recover-20221013/UBNA_001/20221012_030000.WAV,Telephone Field,recover-20221013,001,1795
1137.5065,1137.514,28906,37467,Eptesicus serotinus,0.006,0.021,-1,Echolocation,/mnt/ubna_data_02_mir/recover-20221013/UBNA_001/20221012_030000.WAV,Telephone Field,recover-20221013,001,1795
1137.5115,1137.5487,68437,82062,Rhinolophus ferrumequinum,0.021,0.021,-1,Echolocation,/mnt/ubna_data_02_mir/recover-20221013/UBNA_001/20221012_030000.WAV,Telephone Field,recover-20221013,001,1795
1137.5205,1137.5288,45234,53387,Pipistrellus pipistrellus,0.019,0.023,-1,Echolocation,/mnt/ubna_data_02_mir/recover-20221013/UBNA_001/20221012_030000.WAV,Telephone Field,recover-20221013,001,1795
1137.5215,1137.5611,68437,81828,Rhinolophus ferrumequinum,0.023,0.023,-1,Echolocation,/mnt/ubna_data_02_mir/recover-20221013/UBNA_001/20221012_030000.WAV,Telephone Field,recover-20221013,001,1795
1137.5225,1137.5281,27187,60055,Myotis nattereri,0.013,0.035,-1,Echolocation,/mnt/ubna_data_02_mir/recover-20221013/UBNA_001/20221012_030000.WAV,Telephone Field,recover-20221013,001,1795
1137.5515,1137.5596,26328,39142,Eptesicus serotinus,0.007,0.022,-1,Echolocation,/mnt/ubna_data_02_mir/recover-20221013/UBNA_001/20221012_030000.WAV,Telephone Field,recover-20221013,001,1795
1137.5535,1137.5894,68437,82236,Rhinolophus ferrumequinum,0.021,0.021,-1,Echolocation,/mnt/ubna_data_02_mir/recover-20221013/UBNA_001/20221012_030000.WAV,Telephone Field,recover-20221013,001,1795
1137.5775,1137.5848,27187,39212,Eptesicus serotinus,0.006,0.021,-1,Echolocation,/mnt/ubna_data_02_mir/recover-20221013/UBNA_001/20221012_030000.WAV,Telephone Field,recover-20221013,001,1795
1137.6075,1137.6184,28906,36267,Eptesicus serotinus,0.01,0.025,-1,Echolocation,/mnt/ubna_data_02_mir/recover-20221013/UBNA_001/20221012_030000.WAV,Telephone Field,recover-20221013,001,1795
1137.6325,1137.6717,68437,82003,Rhinolophus ferrumequinum,0.021,0.021,-1,Echolocation,/mnt/ubna_data_02_mir/recover-20221013/UBNA_001/20221012_030000.WAV,Telephone Field,recover-20221013,001,1795
1137.6555,1137.6932,68437,82036,Rhinolophus ferrumequinum,0.022,0.022,-1,Echolocation,/mnt/ubna_data_02_mir/recover-20221013/UBNA_001/20221012_030000.WAV,Telephone Field,recover-20221013,001,1795
1137.6945,1137.7018,28046,37959,Eptesicus serotinus,0.009,0.028,-1,Echolocation,/mnt/ubna_data_02_mir/recover-20221013/UBNA_001/20221012_030000.WAV,Telephone Field,recover-20221013,001,1795
1137.7145,1137.7217,28906,39049,Eptesicus serotinus,0.008,0.029,-1,Echolocation,/mnt/ubna_data_02_mir/recover-20221013/UBNA_001/20221012_030000.WAV,Telephone Field,recover-20221013,001,1795
1137.7255,1137.7657,68437,82044,Rhinolophus ferrumequinum,0.033,0.033,-1,Echolocation,/mnt/ubna_data_02_mir/recover-20221013/UBNA_001/20221012_030000.WAV,Telephone Field,recover-20221013,001,1795
1137.7275,1137.7363,45234,55167,Pipistrellus pipistrellus,0.017,0.025,-1,Echolocation,/mnt/ubna_data_02_mir/recover-20221013/UBNA_001/20221012_030000.WAV,Telephone Field,recover-20221013,001,1795
1137.7485,1137.7859,68437,81036,Rhinolophus ferrumequinum,0.023,0.023,-1,Echolocation,/mnt/ubna_data_02_mir/recover-20221013/UBNA_001/20221012_030000.WAV,Telephone Field,recover-20221013,001,1795
1137.7755,1137.8137,68437,82590,Rhinolophus ferrumequinum,0.025,0.025,-1,Echolocation,/mnt/ubna_data_02_mir/recover-20221013/UBNA_001/20221012_030000.WAV,Telephone Field,recover-20221013,001,1795
1137.7885,1137.8279,68437,82010,Rhinolophus ferrumequinum,0.024,0.024,-1,Echolocation,/mnt/ubna_data_02_mir/recover-20221013/UBNA_001/20221012_030000.WAV,Telephone Field,recover-20221013,001,1795
1137.8065,1137.845,68437,82144,Rhinolophus ferrumequinum,0.021,0.021,-1,Echolocation,/mnt/ubna_data_02_mir/recover-20221013/UBNA_001/20221012_030000.WAV,Telephone Field,recover-20221013,001,1795
1137.8075,1137.8274,16875,21595,Nyctalus noctula,0.015,0.021,-1,Echolocation,/mnt/ubna_data_02_mir/recover-20221013/UBNA_001/20221012_030000.WAV,Telephone Field,recover-20221013,001,1795
1137.8235,1137.8348,34062,38715,Pipistrellus nathusii,0.004,0.024,-1,Echolocation,/mnt/ubna_data_02_mir/recover-20221013/UBNA_001/20221012_030000.WAV,Telephone Field,recover-20221013,001,1795
1137.8275,1137.8364,28906,37034,Eptesicus serotinus,0.007,0.021,-1,Echolocation,/mnt/ubna_data_02_mir/recover-20221013/UBNA_001/20221012_030000.WAV,Telephone Field,recover-20221013,001,1795
1137.8405,1137.8813,68437,83004,Rhinolophus ferrumequinum,0.029,0.029,-1,Echolocation,/mnt/ubna_data_02_mir/recover-20221013/UBNA_001/20221012_030000.WAV,Telephone Field,recover-20221013,001,1795
1137.8655,1137.906,68437,82278,Rhinolophus ferrumequinum,0.022,0.022,-1,Echolocation,/mnt/ubna_data_02_mir/recover-20221013/UBNA_001/20221012_030000.WAV,Telephone Field,recover-20221013,001,1795
1137.8765,1137.9135,68437,82681,Rhinolophus ferrumequinum,0.023,0.023,-1,Echolocation,/mnt/ubna_data_02_mir/recover-20221013/UBNA_001/20221012_030000.WAV,Telephone Field,recover-20221013,001,1795
1137.8845,1137.9232,68437,82834,Rhinolophus ferrumequinum,0.023,0.023,-1,Echolocation,/mnt/ubna_data_02_mir/recover-20221013/UBNA_001/20221012_030000.WAV,Telephone Field,recover-20221013,001,1795
1137.8875,1137.8979,23750,29563,Nyctalus leisleri,0.01,0.023,-1,Echolocation,/mnt/ubna_data_02_mir/recover-20221013/UBNA_001/20221012_030000.WAV,Telephone Field,recover-20221013,001,1795
1137.9125,1137.9238,22890,26813,Nyctalus leisleri,0.015,0.025,-1,Echolocation,/mnt/ubna_data_02_mir/recover-20221013/UBNA_001/20221012_030000.WAV,Telephone Field,recover-20221013,001,1795
1137.9155,1137.9218,36640,47298,Myotis daubentonii,0.009,0.021,-1,Echolocation,/mnt/ubna_data_02_mir/recover-20221013/UBNA_001/20221012_030000.WAV,Telephone Field,recover-20221013,001,1795
1137.9255,1137.963,68437,81473,Rhinolophus ferrumequinum,0.021,0.021,-1,Echolocation,/mnt/ubna_data_02_mir/recover-20221013/UBNA_001/20221012_030000.WAV,Telephone Field,recover-20221013,001,1795
1137.9635,1137.9741,22031,27327,Nyctalus leisleri,0.009,0.021,-1,Echolocation,/mnt/ubna_data_02_mir/recover-20221013/UBNA_001/20221012_030000.WAV,Telephone Field,recover-20221013,001,1795
1137.9645,1137.9725,28046,38377,Eptesicus serotinus,0.008,0.026,-1,Echolocation,/mnt/ubna_data_02_mir/recover-20221013/UBNA_001/20221012_030000.WAV,Telephone Field,recover-20221013,001,1795
1138.0015,1138.0336,68437,80434,Rhinolophus ferrumequinum,0.051,0.051,-1,Echolocation,/mnt/ubna_data_02_mir/recover-20221013/UBNA_001/20221012_030000.WAV,Telephone Field,recover-20221013,001,1795
1138.0015,1138.0102,33203,40706,Myotis daubentonii,0.007,0.028,-1,Echolocation,/mnt/ubna_data_02_mir/recover-20221013/UBNA_001/20221012_030000.WAV,Telephone Field,recover-20221013,001,1795
1138.0015,1138.01,27187,34162,Nyctalus leisleri,0.011,0.033,-1,Echolocation,/mnt/ubna_data_02_mir/recover-20221013/UBNA_001/20221012_030000.WAV,Telephone Field,recover-20221013,001,1795
1138.0015,1138.0083,46093,52629,Pipistrellus pipistrellus,0.015,0.022,-1,Echolocation,/mnt/ubna_data_02_mir/recover-20221013/UBNA_001/20221012_030000.WAV,Telephone Field,recover-20221013,001,1795
1138.0105,1138.0518,68437,81831,Rhinolophus ferrumequinum,0.027,0.027,-1,Echolocation,/mnt/ubna_data_02_mir/recover-20221013/UBNA_001/20221012_030000.WAV,Telephone Field,recover-20221013,001,1795
1138.0185,1138.0556,68437,81423,Rhinolophus ferrumequinum,0.021,0.021,-1,Echolocation,/mnt/ubna_data_02_mir/recover-20221013/UBNA_001/20221012_030000.WAV,Telephone Field,recover-20221013,001,1795
1138.0685,1138.1046,68437,81772,Rhinolophus ferrumequinum,0.021,0.021,-1,Echolocation,/mnt/ubna_data_02_mir/recover-20221013/UBNA_001/20221012_030000.WAV,Telephone Field,recover-20221013,001,1795
1138.0775,1138.1131,68437,81753,Rhinolophus ferrumequinum,0.021,0.021,-1,Echolocation,/mnt/ubna_data_02_mir/recover-20221013/UBNA_001/20221012_030000.WAV,Telephone Field,recover-20221013,001,1795
1138.0845,1138.1224,68437,81882,Rhinolophus ferrumequinum,0.022,0.022,-1,Echolocation,/mnt/ubna_data_02_mir/recover-20221013/UBNA_001/20221012_030000.WAV,Telephone Field,recover-20221013,001,1795
1138.0925,1138.1304,68437,82005,Rhinolophus ferrumequinum,0.023,0.023,-1,Echolocation,/mnt/ubna_data_02_mir/recover-20221013/UBNA_001/20221012_030000.WAV,Telephone Field,recover-20221013,001,1795
1138.0975,1138.1356,68437,82088,Rhinolophus ferrumequinum,0.024,0.024,-1,Echolocation,/mnt/ubna_data_02_mir/recover-20221013/UBNA_001/20221012_030000.WAV,Telephone Field,recover-20221013,001,1795
1138.1045,1138.1127,27187,38798,Eptesicus serotinus,0.007,0.021,-1,Echolocation,/mnt/ubna_data_02_mir/recover-20221013/UBNA_001/20221012_030000.WAV,Telephone Field,recover-20221013,001,1795
1138.1215,1138.1562,68437,80768,Rhinolophus ferrumequinum,0.026,0.026,-1,Echolocation,/mnt/ubna_data_02_mir/recover-20221013/UBNA_001/20221012_030000.WAV,Telephone Field,recover-20221013,001,1795
1138.1265,1138.1349,22890,29963,Plecotus austriacus,0.009,0.021,-1,Echolocation,/mnt/ubna_data_02_mir/recover-20221013/UBNA_001/20221012_030000.WAV,Telephone Field,recover-20221013,001,1795
1138.1265,1138.1631,68437,81067,Rhinolophus ferrumequinum,0.026,0.027,-1,Echolocation,/mnt/ubna_data_02_mir/recover-20221013/UBNA_001/20221012_030000.WAV,Telephone Field,recover-20221013,001,1795
1138.1595,1138.201,68437,83005,Rhinolophus ferrumequinum,0.024,0.024,-1,Echolocation,/mnt/ubna_data_02_mir/recover-20221013/UBNA_001/20221012_030000.WAV,Telephone Field,recover-20221013,001,1795
1138.1615,1138.1737,24609,30157,Nyctalus leisleri,0.011,0.027,-1,Echolocation,/mnt/ubna_data_02_mir/recover-20221013/UBNA_001/20221012_030000.WAV,Telephone Field,recover-20221013,001,1795
1138.1715,1138.1846,23750,28786,Nyctalus leisleri,0.015,0.027,-1,Echolocation,/mnt/ubna_data_02_mir/recover-20221013/UBNA_001/20221012_030000.WAV,Telephone Field,recover-20221013,001,1795
1138.1885,1138.2259,68437,81429,Rhinolophus ferrumequinum,0.025,0.025,-1,Echolocation,/mnt/ubna_data_02_mir/recover-20221013/UBNA_001/20221012_030000.WAV,Telephone Field,recover-20221013,001,1795
1138.1895,1138.1996,23750,30177,Nyctalus leisleri,0.009,0.025,-1,Echolocation,/mnt/ubna_data_02_mir/recover-20221013/UBNA_001/20221012_030000.WAV,Telephone Field,recover-20221013,001,1795
1138.2025,1138.2412,68437,81580,Rhinolophus ferrumequinum,0.027,0.027,-1,Echolocation,/mnt/ubna_data_02_mir/recover-20221013/UBNA_001/20221012_030000.WAV,Telephone Field,recover-20221013,001,1795
1138.2155,1138.2555,68437,82079,Rhinolophus ferrumequinum,0.021,0.021,-1,Echolocation,/mnt/ubna_data_02_mir/recover-20221013/UBNA_001/20221012_030000.WAV,Telephone Field,recover-20221013,001,1795
1138.2655,1138.275,27187,36687,Eptesicus serotinus,0.009,0.023,-1,Echolocation,/mnt/ubna_data_02_mir/recover-20221013/UBNA_001/20221012_030000.WAV,Telephone Field,recover-20221013,001,1795
1138.2655,1138.3044,68437,81821,Rhinolophus ferrumequinum,0.024,0.024,-1,Echolocation,/mnt/ubna_data_02_mir/recover-20221013/UBNA_001/20221012_030000.WAV,Telephone Field,recover-20221013,001,1795
1138.2775,1138.3166,68437,82639,Rhinolophus ferrumequinum,0.024,0.024,-1,Echolocation,/mnt/ubna_data_02_mir/recover-20221013/UBNA_001/20221012_030000.WAV,Telephone Field,recover-20221013,001,1795
1138.2795,1138.2901,23750,29235,Nyctalus leisleri,0.01,0.022,-1,Echolocation,/mnt/ubna_data_02_mir/recover-20221013/UBNA_001/20221012_030000.WAV,Telephone Field,recover-20221013,001,1795
1138.2945,1138.337,68437,83053,Rhinolophus ferrumequinum,0.034,0.034,-1,Echolocation,/mnt/ubna_data_02_mir/recover-20221013/UBNA_001/20221012_030000.WAV,Telephone Field,recover-20221013,001,1795
1138.3105,1138.3508,68437,82560,Rhinolophus ferrumequinum,0.022,0.022,-1,Echolocation,/mnt/ubna_data_02_mir/recover-20221013/UBNA_001/20221012_030000.WAV,Telephone Field,recover-20221013,001,1795
1138.3165,1138.3557,68437,82430,Rhinolophus ferrumequinum,0.022,0.022,-1,Echolocation,/mnt/ubna_data_02_mir/recover-20221013/UBNA_001/20221012_030000.WAV,Telephone Field,recover-20221013,001,1795
1138.3295,1138.3711,68437,82944,Rhinolophus ferrumequinum,0.023,0.024,-1,Echolocation,/mnt/ubna_data_02_mir/recover-20221013/UBNA_001/20221012_030000.WAV,Telephone Field,recover-20221013,001,1795
1138.3725,1138.3812,28906,36890,Eptesicus serotinus,0.007,0.022,-1,Echolocation,/mnt/ubna_data_02_mir/recover-20221013/UBNA_001/20221012_030000.WAV,Telephone Field,recover-20221013,001,1795
1138.3785,1138.416,68437,81784,Rhinolophus ferrumequinum,0.021,0.021,-1,Echolocation,/mnt/ubna_data_02_mir/recover-20221013/UBNA_001/20221012_030000.WAV,Telephone Field,recover-20221013,001,1795
1138.4035,1138.4114,24609,33091,Plecotus austriacus,0.006,0.022,-1,Echolocation,/mnt/ubna_data_02_mir/recover-20221013/UBNA_001/20221012_030000.WAV,Telephone Field,recover-20221013,001,1795
1138.4145,1138.4622,68437,83796,Rhinolophus ferrumequinum,0.05,0.05,-1,Echolocation,/mnt/ubna_data_02_mir/recover-20221013/UBNA_001/20221012_030000.WAV,Telephone Field,recover-20221013,001,1795
1138.4405,1138.451,28046,35581,Eptesicus serotinus,0.012,0.024,-1,Echolocation,/mnt/ubna_data_02_mir/recover-20221013/UBNA_001/20221012_030000.WAV,Telephone Field,recover-20221013,001,1795
1138.4415,1138.4788,68437,81721,Rhinolophus ferrumequinum,0.021,0.021,-1,Echolocation,/mnt/ubna_data_02_mir/recover-20221013/UBNA_001/20221012_030000.WAV,Telephone Field,recover-20221013,001,1795
1138.4505,1138.4898,68437,81948,Rhinolophus ferrumequinum,0.024,0.024,-1,Echolocation,/mnt/ubna_data_02_mir/recover-20221013/UBNA_001/20221012_030000.WAV,Telephone Field,recover-20221013,001,1795
1138.4635,1138.5024,68437,82059,Rhinolophus ferrumequinum,0.021,0.021,-1,Echolocation,/mnt/ubna_data_02_mir/recover-20221013/UBNA_001/20221012_030000.WAV,Telephone Field,recover-20221013,001,1795
1138.4735,1138.5111,68437,81793,Rhinolophus ferrumequinum,0.021,0.021,-1,Echolocation,/mnt/ubna_data_02_mir/recover-20221013/UBNA_001/20221012_030000.WAV,Telephone Field,recover-20221013,001,1795
1138.4865,1138.5303,68437,82999,Rhinolophus ferrumequinum,0.035,0.035,-1,Echolocation,/mnt/ubna_data_02_mir/recover-20221013/UBNA_001/20221012_030000.WAV,Telephone Field,recover-20221013,001,1795
1138.4945,1138.5057,23750,28533,Nyctalus leisleri,0.012,0.022,-1,Echolocation,/mnt/ubna_data_02_mir/recover-20221013/UBNA_001/20221012_030000.WAV,Telephone Field,recover-20221013,001,1795
1138.5045,1138.544,68437,82557,Rhinolophus ferrumequinum,0.033,0.033,-1,Echolocation,/mnt/ubna_data_02_mir/recover-20221013/UBNA_001/20221012_030000.WAV,Telephone Field,recover-20221013,001,1795
1138.5185,1138.5276,28906,37763,Eptesicus serotinus,0.011,0.033,-1,Echolocation,/mnt/ubna_data_02_mir/recover-20221013/UBNA_001/20221012_030000.WAV,Telephone Field,recover-20221013,001,1795
1138.5435,1138.5837,68437,82686,Rhinolophus ferrumequinum,0.036,0.036,-1,Echolocation,/mnt/ubna_data_02_mir/recover-20221013/UBNA_001/20221012_030000.WAV,Telephone Field,recover-20221013,001,1795
1138.5515,1138.5609,24609,32118,Eptesicus serotinus,0.008,0.022,-1,Echolocation,/mnt/ubna_data_02_mir/recover-20221013/UBNA_001/20221012_030000.WAV,Telephone Field,recover-20221013,001,1795
1138.5745,1138.5825,28046,37223,Eptesicus serotinus,0.007,0.021,-1,Echolocation,/mnt/ubna_data_02_mir/recover-20221013/UBNA_001/20221012_030000.WAV,Telephone Field,recover-20221013,001,1795
1138.5775,1138.6154,68437,82455,Rhinolophus ferrumequinum,0.024,0.024,-1,Echolocation,/mnt/ubna_data_02_mir/recover-20221013/UBNA_001/20221012_030000.WAV,Telephone Field,recover-20221013,001,1795
1138.5865,1138.6007,43515,47298,Pipistrellus pipistrellus,0.055,0.064,-1,Echolocation,/mnt/ubna_data_02_mir/recover-20221013/UBNA_001/20221012_030000.WAV,Telephone Field,recover-20221013,001,1795
1138.5875,1138.6246,68437,81828,Rhinolophus ferrumequinum,0.022,0.022,-1,Echolocation,/mnt/ubna_data_02_mir/recover-20221013/UBNA_001/20221012_030000.WAV,Telephone Field,recover-20221013,001,1795
1138.6005,1138.6397,68437,82403,Rhinolophus ferrumequinum,0.022,0.022,-1,Echolocation,/mnt/ubna_data_02_mir/recover-20221013/UBNA_001/20221012_030000.WAV,Telephone Field,recover-20221013,001,1795
1138.6245,1138.6644000000001,68437,82523,Rhinolophus ferrumequinum,0.027,0.027,-1,Echolocation,/mnt/ubna_data_02_mir/recover-20221013/UBNA_001/20221012_030000.WAV,Telephone Field,recover-20221013,001,1795
1138.6505,1138.6892,68437,82252,Rhinolophus ferrumequinum,0.023,0.023,-1,Echolocation,/mnt/ubna_data_02_mir/recover-20221013/UBNA_001/20221012_030000.WAV,Telephone Field,recover-20221013,001,1795
1138.6725,1138.7109,68437,82103,Rhinolophus ferrumequinum,0.021,0.021,-1,Echolocation,/mnt/ubna_data_02_mir/recover-20221013/UBNA_001/20221012_030000.WAV,Telephone Field,recover-20221013,001,1795
1138.6785,1138.6871,28046,37525,Eptesicus serotinus,0.008,0.023,-1,Echolocation,/mnt/ubna_data_02_mir/recover-20221013/UBNA_001/20221012_030000.WAV,Telephone Field,recover-20221013,001,1795
1138.7315,1138.7713,68437,82223,Rhinolophus ferrumequinum,0.027,0.027,-1,Echolocation,/mnt/ubna_data_02_mir/recover-20221013/UBNA_001/20221012_030000.WAV,Telephone Field,recover-20221013,001,1795
1138.7475,1138.7581,28906,36607,Eptesicus serotinus,0.009,0.021,-1,Echolocation,/mnt/ubna_data_02_mir/recover-20221013/UBNA_001/20221012_030000.WAV,Telephone Field,recover-20221013,001,1795
1138.7535,1138.7921,68437,81838,Rhinolophus ferrumequinum,0.021,0.021,-1,Echolocation,/mnt/ubna_data_02_mir/recover-20221013/UBNA_001/20221012_030000.WAV,Telephone Field,recover-20221013,001,1795
1138.7575,1138.7665,27187,37177,Eptesicus serotinus,0.008,0.022,-1,Echolocation,/mnt/ubna_data_02_mir/recover-20221013/UBNA_001/20221012_030000.WAV,Telephone Field,recover-20221013,001,1795
1138.7595,1138.798,68437,81874,Rhinolophus ferrumequinum,0.022,0.022,-1,Echolocation,/mnt/ubna_data_02_mir/recover-20221013/UBNA_001/20221012_030000.WAV,Telephone Field,recover-20221013,001,1795
1138.7705,1138.8074,68437,81482,Rhinolophus ferrumequinum,0.021,0.021,-1,Echolocation,/mnt/ubna_data_02_mir/recover-20221013/UBNA_001/20221012_030000.WAV,Telephone Field,recover-20221013,001,1795
1138.8345,1138.8422,27187,38974,Eptesicus serotinus,0.007,0.021,-1,Echolocation,/mnt/ubna_data_02_mir/recover-20221013/UBNA_001/20221012_030000.WAV,Telephone Field,recover-20221013,001,1795
1138.8395,1138.8792,68437,82133,Rhinolophus ferrumequinum,0.026,0.026,-1,Echolocation,/mnt/ubna_data_02_mir/recover-20221013/UBNA_001/20221012_030000.WAV,Telephone Field,recover-20221013,001,1795
1138.8655,1138.9051,68437,81942,Rhinolophus ferrumequinum,0.021,0.021,-1,Echolocation,/mnt/ubna_data_02_mir/recover-20221013/UBNA_001/20221012_030000.WAV,Telephone Field,recover-20221013,001,1795
1138.8815,1138.9215,68437,82337,Rhinolophus ferrumequinum,0.023,0.023,-1,Echolocation,/mnt/ubna_data_02_mir/recover-20221013/UBNA_001/20221012_030000.WAV,Telephone Field,recover-20221013,001,1795
1138.8835,1138.8922,27187,36422,Eptesicus serotinus,0.008,0.021,-1,Echolocation,/mnt/ubna_data_02_mir/recover-20221013/UBNA_001/20221012_030000.WAV,Telephone Field,recover-20221013,001,1795
1138.9025,1138.9394,68437,81679,Rhinolophus ferrumequinum,0.025,0.025,-1,Echolocation,/mnt/ubna_data_02_mir/recover-20221013/UBNA_001/20221012_030000.WAV,Telephone Field,recover-20221013,001,1795
1138.9795,1139.0185,68437,82361,Rhinolophus ferrumequinum,0.022,0.022,-1,Echolocation,/mnt/ubna_data_02_mir/recover-20221013/UBNA_001/20221012_030000.WAV,Telephone Field,recover-20221013,001,1795
1138.9875,1139.0267,68437,82151,Rhinolophus ferrumequinum,0.024,0.024,-1,Echolocation,/mnt/ubna_data_02_mir/recover-20221013/UBNA_001/20221012_030000.WAV,Telephone Field,recover-20221013,001,1795
1138.9905,1138.999,28906,38567,Eptesicus serotinus,0.02,0.043,-1,Echolocation,/mnt/ubna_data_02_mir/recover-20221013/UBNA_001/20221012_030000.WAV,Telephone Field,recover-20221013,001,1795
1139.0145,1139.0253,34062,41605,Myotis daubentonii,0.005,0.021,-1,Echolocation,/mnt/ubna_data_02_mir/recover-20221013/UBNA_001/20221012_030000.WAV,Telephone Field,recover-20221013,001,1795
1139.0235,1139.0652,68437,82973,Rhinolophus ferrumequinum,0.024,0.024,-1,Echolocation,/mnt/ubna_data_02_mir/recover-20221013/UBNA_001/20221012_030000.WAV,Telephone Field,recover-20221013,001,1795
1139.0245,1139.0337,38359,44115,Myotis daubentonii,0.006,0.022,-1,Echolocation,/mnt/ubna_data_02_mir/recover-20221013/UBNA_001/20221012_030000.WAV,Telephone Field,recover-20221013,001,1795
1139.0435,1139.0843,68437,82904,Rhinolophus ferrumequinum,0.023,0.023,-1,Echolocation,/mnt/ubna_data_02_mir/recover-20221013/UBNA_001/20221012_030000.WAV,Telephone Field,recover-20221013,001,1795
1139.0525,1139.0924,68437,82517,Rhinolophus ferrumequinum,0.025,0.025,-1,Echolocation,/mnt/ubna_data_02_mir/recover-20221013/UBNA_001/20221012_030000.WAV,Telephone Field,recover-20221013,001,1795
1139.1055,1139.1452,68437,82317,Rhinolophus ferrumequinum,0.024,0.024,-1,Echolocation,/mnt/ubna_data_02_mir/recover-20221013/UBNA_001/20221012_030000.WAV,Telephone Field,recover-20221013,001,1795
1139.1135,1139.1222,27187,37872,Eptesicus serotinus,0.008,0.021,-1,Echolocation,/mnt/ubna_data_02_mir/recover-20221013/UBNA_001/20221012_030000.WAV,Telephone Field,recover-20221013,001,1795
1139.1185,1139.1285,23750,30322,Nyctalus leisleri,0.008,0.022,-1,Echolocation,/mnt/ubna_data_02_mir/recover-20221013/UBNA_001/20221012_030000.WAV,Telephone Field,recover-20221013,001,1795
1139.1285,1139.1663,68437,82006,Rhinolophus ferrumequinum,0.023,0.023,-1,Echolocation,/mnt/ubna_data_02_mir/recover-20221013/UBNA_001/20221012_030000.WAV,Telephone Field,recover-20221013,001,1795
1139.1395,1139.1611,18593,21278,Nyctalus noctula,0.017,0.032,-1,Echolocation,/mnt/ubna_data_02_mir/recover-20221013/UBNA_001/20221012_030000.WAV,Telephone Field,recover-20221013,001,1795
1139.1505,1139.1586,28046,36481,Eptesicus serotinus,0.008,0.022,-1,Echolocation,/mnt/ubna_data_02_mir/recover-20221013/UBNA_001/20221012_030000.WAV,Telephone Field,recover-20221013,001,1795
1139.1525,1139.1626,22031,27199,Nyctalus leisleri,0.009,0.022,-1,Echolocation,/mnt/ubna_data_02_mir/recover-20221013/UBNA_001/20221012_030000.WAV,Telephone Field,recover-20221013,001,1795
1139.1675,1139.2048,68437,81731,Rhinolophus ferrumequinum,0.022,0.022,-1,Echolocation,/mnt/ubna_data_02_mir/recover-20221013/UBNA_001/20221012_030000.WAV,Telephone Field,recover-20221013,001,1795
1139.1835,1139.1943,24609,30510,Nyctalus leisleri,0.009,0.021,-1,Echolocation,/mnt/ubna_data_02_mir/recover-20221013/UBNA_001/20221012_030000.WAV,Telephone Field,recover-20221013,001,1795
1139.2085,1139.2483,68437,82726,Rhinolophus ferrumequinum,0.027,0.027,-1,Echolocation,/mnt/ubna_data_02_mir/recover-20221013/UBNA_001/20221012_030000.WAV,Telephone Field,recover-20221013,001,1795
1139.2195,1139.2575,68437,81995,Rhinolophus ferrumequinum,0.022,0.022,-1,Echolocation,/mnt/ubna_data_02_mir/recover-20221013/UBNA_001/20221012_030000.WAV,Telephone Field,recover-20221013,001,1795
1139.2335,1139.2422,28046,37388,Eptesicus serotinus,0.008,0.024,-1,Echolocation,/mnt/ubna_data_02_mir/recover-20221013/UBNA_001/20221012_030000.WAV,Telephone Field,recover-20221013,001,1795
1139.2495,1139.2603,22890,27541,Nyctalus leisleri,0.011,0.022,-1,Echolocation,/mnt/ubna_data_02_mir/recover-20221013/UBNA_001/20221012_030000.WAV,Telephone Field,recover-20221013,001,1795
1139.2505,1139.2864,68437,81639,Rhinolophus ferrumequinum,0.026,0.026,-1,Echolocation,/mnt/ubna_data_02_mir/recover-20221013/UBNA_001/20221012_030000.WAV,Telephone Field,recover-20221013,001,1795
1139.2715,1139.3084,68437,81351,Rhinolophus ferrumequinum,0.02,0.021,-1,Echolocation,/mnt/ubna_data_02_mir/recover-20221013/UBNA_001/20221012_030000.WAV,Telephone Field,recover-20221013,001,1795
1139.2855,1139.3269,68437,82925,Rhinolophus ferrumequinum,0.034,0.034,-1,Echolocation,/mnt/ubna_data_02_mir/recover-20221013/UBNA_001/20221012_030000.WAV,Telephone Field,recover-20221013,001,1795
1139.2915,1139.2981,23750,36281,Plecotus austriacus,0.008,0.022,-1,Echolocation,/mnt/ubna_data_02_mir/recover-20221013/UBNA_001/20221012_030000.WAV,Telephone Field,recover-20221013,001,1795
1139.3075,1139.3468,68437,82464,Rhinolophus ferrumequinum,0.021,0.021,-1,Echolocation,/mnt/ubna_data_02_mir/recover-20221013/UBNA_001/20221012_030000.WAV,Telephone Field,recover-20221013,001,1795
1139.3245,1139.3646,68437,82300,Rhinolophus ferrumequinum,0.03,0.03,-1,Echolocation,/mnt/ubna_data_02_mir/recover-20221013/UBNA_001/20221012_030000.WAV,Telephone Field,recover-20221013,001,1795
1139.3305,1139.343,22890,27246,Nyctalus leisleri,0.018,0.032,-1,Echolocation,/mnt/ubna_data_02_mir/recover-20221013/UBNA_001/20221012_030000.WAV,Telephone Field,recover-20221013,001,1795
1139.3615,1139.3702,26328,36682,Eptesicus serotinus,0.007,0.021,-1,Echolocation,/mnt/ubna_data_02_mir/recover-20221013/UBNA_001/20221012_030000.WAV,Telephone Field,recover-20221013,001,1795
1139.3785,1139.4159,68437,82126,Rhinolophus ferrumequinum,0.023,0.023,-1,Echolocation,/mnt/ubna_data_02_mir/recover-20221013/UBNA_001/20221012_030000.WAV,Telephone Field,recover-20221013,001,1795
1139.3805,1139.3889,46953,52466,Pipistrellus pipistrellus,0.02,0.022,-1,Echolocation,/mnt/ubna_data_02_mir/recover-20221013/UBNA_001/20221012_030000.WAV,Telephone Field,recover-20221013,001,1795
1139.3935,1139.4019,23750,31204,Plecotus austriacus,0.007,0.021,-1,Echolocation,/mnt/ubna_data_02_mir/recover-20221013/UBNA_001/20221012_030000.WAV,Telephone Field,recover-20221013,001,1795
1139.3985,1139.436,68437,81947,Rhinolophus ferrumequinum,0.027,0.027,-1,Echolocation,/mnt/ubna_data_02_mir/recover-20221013/UBNA_001/20221012_030000.WAV,Telephone Field,recover-20221013,001,1795
1139.4155,1139.4528,68437,81375,Rhinolophus ferrumequinum,0.023,0.023,-1,Echolocation,/mnt/ubna_data_02_mir/recover-20221013/UBNA_001/20221012_030000.WAV,Telephone Field,recover-20221013,001,1795
1139.4325,1139.4713,68437,81993,Rhinolophus ferrumequinum,0.021,0.021,-1,Echolocation,/mnt/ubna_data_02_mir/recover-20221013/UBNA_001/20221012_030000.WAV,Telephone Field,recover-20221013,001,1795
1139.4335,1139.4424,28046,38496,Eptesicus serotinus,0.009,0.025,-1,Echolocation,/mnt/ubna_data_02_mir/recover-20221013/UBNA_001/20221012_030000.WAV,Telephone Field,recover-20221013,001,1795
1139.4545,1139.4658,44375,47905,Pipistrellus pipistrellus,0.021,0.025,-1,Echolocation,/mnt/ubna_data_02_mir/recover-20221013/UBNA_001/20221012_030000.WAV,Telephone Field,recover-20221013,001,1795
1139.4745,1139.5131,68437,82156,Rhinolophus ferrumequinum,0.022,0.022,-1,Echolocation,/mnt/ubna_data_02_mir/recover-20221013/UBNA_001/20221012_030000.WAV,Telephone Field,recover-20221013,001,1795
1139.5135,1139.5571,68437,83131,Rhinolophus ferrumequinum,0.039,0.039,-1,Echolocation,/mnt/ubna_data_02_mir/recover-20221013/UBNA_001/20221012_030000.WAV,Telephone Field,recover-20221013,001,1795
1139.5145,1139.5229,25468,34247,Eptesicus serotinus,0.006,0.024,-1,Echolocation,/mnt/ubna_data_02_mir/recover-20221013/UBNA_001/20221012_030000.WAV,Telephone Field,recover-20221013,001,1795
1139.5345,1139.5517,22031,25953,Nyctalus leisleri,0.022,0.039,-1,Echolocation,/mnt/ubna_data_02_mir/recover-20221013/UBNA_001/20221012_030000.WAV,Telephone Field,recover-20221013,001,1795
1139.5505,1139.5904,68437,82437,Rhinolophus ferrumequinum,0.024,0.024,-1,Echolocation,/mnt/ubna_data_02_mir/recover-20221013/UBNA_001/20221012_030000.WAV,Telephone Field,recover-20221013,001,1795
1139.5615,1139.5991,68437,80765,Rhinolophus ferrumequinum,0.023,0.023,-1,Echolocation,/mnt/ubna_data_02_mir/recover-20221013/UBNA_001/20221012_030000.WAV,Telephone Field,recover-20221013,001,1795
1139.5695,1139.6073,68437,81844,Rhinolophus ferrumequinum,0.021,0.021,-1,Echolocation,/mnt/ubna_data_02_mir/recover-20221013/UBNA_001/20221012_030000.WAV,Telephone Field,recover-20221013,001,1795
1139.5855,1139.6235,68437,82299,Rhinolophus ferrumequinum,0.023,0.023,-1,Echolocation,/mnt/ubna_data_02_mir/recover-20221013/UBNA_001/20221012_030000.WAV,Telephone Field,recover-20221013,001,1795
1139.5985,1139.6093,44375,48387,Pipistrellus pipistrellus,0.02,0.022,-1,Echolocation,/mnt/ubna_data_02_mir/recover-20221013/UBNA_001/20221012_030000.WAV,Telephone Field,recover-20221013,001,1795
1139.6075,1139.6443,68437,81983,Rhinolophus ferrumequinum,0.022,0.022,-1,Echolocation,/mnt/ubna_data_02_mir/recover-20221013/UBNA_001/20221012_030000.WAV,Telephone Field,recover-20221013,001,1795
1139.6095,1139.6168,26328,38734,Eptesicus serotinus,0.006,0.023,-1,Echolocation,/mnt/ubna_data_02_mir/recover-20221013/UBNA_001/20221012_030000.WAV,Telephone Field,recover-20221013,001,1795
1139.6475,1139.6551,27187,41082,Eptesicus serotinus,0.007,0.024,-1,Echolocation,/mnt/ubna_data_02_mir/recover-20221013/UBNA_001/20221012_030000.WAV,Telephone Field,recover-20221013,001,1795
1139.6615,1139.704,68437,83188,Rhinolophus ferrumequinum,0.036,0.036,-1,Echolocation,/mnt/ubna_data_02_mir/recover-20221013/UBNA_001/20221012_030000.WAV,Telephone Field,recover-20221013,001,1795
1139.6695,1139.6803,38359,43341,Pipistrellus nathusii,0.015,0.028,-1,Echolocation,/mnt/ubna_data_02_mir/recover-20221013/UBNA_001/20221012_030000.WAV,Telephone Field,recover-20221013,001,1795
1139.6815,1139.7179,68437,81264,Rhinolophus ferrumequinum,0.021,0.021,-1,Echolocation,/mnt/ubna_data_02_mir/recover-20221013/UBNA_001/20221012_030000.WAV,Telephone Field,recover-20221013,001,1795
1139.6935,1139.7043,28046,35946,Eptesicus serotinus,0.013,0.028,-1,Echolocation,/mnt/ubna_data_02_mir/recover-20221013/UBNA_001/20221012_030000.WAV,Telephone Field,recover-20221013,001,1795
1139.7005,1139.7369,68437,81665,Rhinolophus ferrumequinum,0.021,0.021,-1,Echolocation,/mnt/ubna_data_02_mir/recover-20221013/UBNA_001/20221012_030000.WAV,Telephone Field,recover-20221013,001,1795
1139.7185,1139.7512,68437,80492,Rhinolophus ferrumequinum,0.034,0.034,-1,Echolocation,/mnt/ubna_data_02_mir/recover-20221013/UBNA_001/20221012_030000.WAV,Telephone Field,recover-20221013,001,1795
1139.7365,1139.7742,68437,81520,Rhinolophus ferrumequinum,0.038,0.038,-1,Echolocation,/mnt/ubna_data_02_mir/recover-20221013/UBNA_001/20221012_030000.WAV,Telephone Field,recover-20221013,001,1795
1139.7415,1139.7479,25468,37919,Plecotus austriacus,0.011,0.033,-1,Echolocation,/mnt/ubna_data_02_mir/recover-20221013/UBNA_001/20221012_030000.WAV,Telephone Field,recover-20221013,001,1795
1139.7675,1139.8139,68437,84051,Rhinolophus ferrumequinum,0.052,0.052,-1,Echolocation,/mnt/ubna_data_02_mir/recover-20221013/UBNA_001/20221012_030000.WAV,Telephone Field,recover-20221013,001,1795
1139.7765,1139.7917,22031,26168,Nyctalus leisleri,0.012,0.024,-1,Echolocation,/mnt/ubna_data_02_mir/recover-20221013/UBNA_001/20221012_030000.WAV,Telephone Field,recover-20221013,001,1795
1139.7895,1139.7978,26328,34331,Eptesicus serotinus,0.009,0.032,-1,Echolocation,/mnt/ubna_data_02_mir/recover-20221013/UBNA_001/20221012_030000.WAV,Telephone Field,recover-20221013,001,1795
1139.8025,1139.8094,49531,57151,Pipistrellus pipistrellus,0.021,0.023,-1,Echolocation,/mnt/ubna_data_02_mir/recover-20221013/UBNA_001/20221012_030000.WAV,Telephone Field,recover-20221013,001,1795
1139.8195,1139.8279,28046,38608,Eptesicus serotinus,0.007,0.022,-1,Echolocation,/mnt/ubna_data_02_mir/recover-20221013/UBNA_001/20221012_030000.WAV,Telephone Field,recover-20221013,001,1795
1139.8295,1139.8648,68437,81576,Rhinolophus ferrumequinum,0.021,0.021,-1,Echolocation,/mnt/ubna_data_02_mir/recover-20221013/UBNA_001/20221012_030000.WAV,Telephone Field,recover-20221013,001,1795
1139.8475,1139.8889,68437,83029,Rhinolophus ferrumequinum,0.031,0.031,-1,Echolocation,/mnt/ubna_data_02_mir/recover-20221013/UBNA_001/20221012_030000.WAV,Telephone Field,recover-20221013,001,1795
1139.8785,1139.9137,68437,81330,Rhinolophus ferrumequinum,0.028,0.028,-1,Echolocation,/mnt/ubna_data_02_mir/recover-20221013/UBNA_001/20221012_030000.WAV,Telephone Field,recover-20221013,001,1795
1139.8805,1139.8899,28046,35873,Eptesicus serotinus,0.01,0.033,-1,Echolocation,/mnt/ubna_data_02_mir/recover-20221013/UBNA_001/20221012_030000.WAV,Telephone Field,recover-20221013,001,1795
1139.8965,1139.9336,68437,82081,Rhinolophus ferrumequinum,0.024,0.024,-1,Echolocation,/mnt/ubna_data_02_mir/recover-20221013/UBNA_001/20221012_030000.WAV,Telephone Field,recover-20221013,001,1795
1139.9575,1139.9965,68437,82011,Rhinolophus ferrumequinum,0.022,0.022,-1,Echolocation,/mnt/ubna_data_02_mir/recover-20221013/UBNA_001/20221012_030000.WAV,Telephone Field,recover-20221013,001,1795
1139.9595,1139.9671,28046,39176,Eptesicus serotinus,0.009,0.029,-1,Echolocation,/mnt/ubna_data_02_mir/recover-20221013/UBNA_001/20221012_030000.WAV,Telephone Field,recover-20221013,001,1795
1140.0015,1140.0101,23750,31057,Nyctalus leisleri,0.01,0.029,-1,Echolocation,/mnt/ubna_data_02_mir/recover-20221013/UBNA_001/20221012_030000.WAV,Telephone Field,recover-20221013,001,1795
1140.0015,1140.0094,47812,54456,Pipistrellus pipistrellus,0.015,0.021,-1,Echolocation,/mnt/ubna_data_02_mir/recover-20221013/UBNA_001/20221012_030000.WAV,Telephone Field,recover-20221013,001,1795
1140.0015,1140.0308,69296,80409,Rhinolophus ferrumequinum,0.023,0.023,-1,Echolocation,/mnt/ubna_data_02_mir/recover-20221013/UBNA_001/20221012_030000.WAV,Telephone Field,recover-20221013,001,1795
1140.0215,1140.0615,68437,82468,Rhinolophus ferrumequinum,0.023,0.023,-1,Echolocation,/mnt/ubna_data_02_mir/recover-20221013/UBNA_001/20221012_030000.WAV,Telephone Field,recover-20221013,001,1795
1140.0395,1140.0472,28046,38694,Eptesicus serotinus,0.009,0.025,-1,Echolocation,/mnt/ubna_data_02_mir/recover-20221013/UBNA_001/20221012_030000.WAV,Telephone Field,recover-20221013,001,1795
1140.0575,1140.0963,68437,82341,Rhinolophus ferrumequinum,0.021,0.021,-1,Echolocation,/mnt/ubna_data_02_mir/recover-20221013/UBNA_001/20221012_030000.WAV,Telephone Field,recover-20221013,001,1795
1140.0665,1140.1054,68437,82429,Rhinolophus ferrumequinum,0.021,0.021,-1,Echolocation,/mnt/ubna_data_02_mir/recover-20221013/UBNA_001/20221012_030000.WAV,Telephone Field,recover-20221013,001,1795
1140.0765,1140.0852,31484,39800,Eptesicus serotinus,0.006,0.021,-1,Echolocation,/mnt/ubna_data_02_mir/recover-20221013/UBNA_001/20221012_030000.WAV,Telephone Field,recover-20221013,001,1795
1140.0835,1140.1222,68437,81711,Rhinolophus ferrumequinum,0.022,0.022,-1,Echolocation,/mnt/ubna_data_02_mir/recover-20221013/UBNA_001/20221012_030000.WAV,Telephone Field,recover-20221013,001,1795
1140.0875,1140.0958,27187,39696,Eptesicus serotinus,0.008,0.024,-1,Echolocation,/mnt/ubna_data_02_mir/recover-20221013/UBNA_001/20221012_030000.WAV,Telephone Field,recover-20221013,001,1795
1140.0925,1140.1307,68437,82304,Rhinolophus ferrumequinum,0.021,0.021,-1,Echolocation,/mnt/ubna_data_02_mir/recover-20221013/UBNA_001/20221012_030000.WAV,Telephone Field,recover-20221013,001,1795
1140.1135,1140.1485,68437,81065,Rhinolophus ferrumequinum,0.021,0.021,-1,Echolocation,/mnt/ubna_data_02_mir/recover-20221013/UBNA_001/20221012_030000.WAV,Telephone Field,recover-20221013,001,1795
1140.1685,1140.1794,27187,34203,Eptesicus serotinus,0.015,0.03,-1,Echolocation,/mnt/ubna_data_02_mir/recover-20221013/UBNA_001/20221012_030000.WAV,Telephone Field,recover-20221013,001,1795
1140.1995,1140.2373,68437,81904,Rhinolophus ferrumequinum,0.021,0.021,-1,Echolocation,/mnt/ubna_data_02_mir/recover-20221013/UBNA_001/20221012_030000.WAV,Telephone Field,recover-20221013,001,1795
1140.2035,1140.2124,28046,38661,Eptesicus serotinus,0.008,0.022,-1,Echolocation,/mnt/ubna_data_02_mir/recover-20221013/UBNA_001/20221012_030000.WAV,Telephone Field,recover-20221013,001,1795
1140.2305,1140.2384,27187,39344,Eptesicus serotinus,0.008,0.021,-1,Echolocation,/mnt/ubna_data_02_mir/recover-20221013/UBNA_001/20221012_030000.WAV,Telephone Field,recover-20221013,001,1795
1140.2375,1140.2494,39218,43691,Pipistrellus nathusii,0.014,0.026,-1,Echolocation,/mnt/ubna_data_02_mir/recover-20221013/UBNA_001/20221012_030000.WAV,Telephone Field,recover-20221013,001,1795
1140.2705,1140.2795,24609,32623,Eptesicus serotinus,0.007,0.021,-1,Echolocation,/mnt/ubna_data_02_mir/recover-20221013/UBNA_001/20221012_030000.WAV,Telephone Field,recover-20221013,001,1795
1140.2835,1140.3194,68437,81897,Rhinolophus ferrumequinum,0.021,0.022,-1,Echolocation,/mnt/ubna_data_02_mir/recover-20221013/UBNA_001/20221012_030000.WAV,Telephone Field,recover-20221013,001,1795
1140.2835,1140.2913,28046,38700,Eptesicus serotinus,0.007,0.021,-1,Echolocation,/mnt/ubna_data_02_mir/recover-20221013/UBNA_001/20221012_030000.WAV,Telephone Field,recover-20221013,001,1795
1140.2945,1140.3054,43515,46844,Pipistrellus pipistrellus,0.02,0.024,-1,Echolocation,/mnt/ubna_data_02_mir/recover-20221013/UBNA_001/20221012_030000.WAV,Telephone Field,recover-20221013,001,1795
1140.3015,1140.3418,68437,82803,Rhinolophus ferrumequinum,0.025,0.025,-1,Echolocation,/mnt/ubna_data_02_mir/recover-20221013/UBNA_001/20221012_030000.WAV,Telephone Field,recover-20221013,001,1795
1140.3405,1140.3501,22890,29312,Nyctalus leisleri,0.007,0.023,-1,Echolocation,/mnt/ubna_data_02_mir/recover-20221013/UBNA_001/20221012_030000.WAV,Telephone Field,recover-20221013,001,1795
1140.3485,1140.3898,68437,83110,Rhinolophus ferrumequinum,0.037,0.037,-1,Echolocation,/mnt/ubna_data_02_mir/recover-20221013/UBNA_001/20221012_030000.WAV,Telephone Field,recover-20221013,001,1795
1140.3665,1140.3777,28046,35254,Eptesicus serotinus,0.017,0.031,-1,Echolocation,/mnt/ubna_data_02_mir/recover-20221013/UBNA_001/20221012_030000.WAV,Telephone Field,recover-20221013,001,1795
1140.3915,1140.4234,68437,80542,Rhinolophus ferrumequinum,0.025,0.025,-1,Echolocation,/mnt/ubna_data_02_mir/recover-20221013/UBNA_001/20221012_030000.WAV,Telephone Field,recover-20221013,001,1795
1140.3995,1140.4067,28046,37954,Eptesicus serotinus,0.008,0.025,-1,Echolocation,/mnt/ubna_data_02_mir/recover-20221013/UBNA_001/20221012_030000.WAV,Telephone Field,recover-20221013,001,1795
1140.4155,1140.4228,23750,31835,Plecotus austriacus,0.01,0.023,-1,Echolocation,/mnt/ubna_data_02_mir/recover-20221013/UBNA_001/20221012_030000.WAV,Telephone Field,recover-20221013,001,1795
1140.4475,1140.4569,22890,29228,Nyctalus leisleri,0.008,0.022,-1,Echolocation,/mnt/ubna_data_02_mir/recover-20221013/UBNA_001/20221012_030000.WAV,Telephone Field,recover-20221013,001,1795
1140.4855,1140.5221,68437,82141,Rhinolophus ferrumequinum,0.022,0.022,-1,Echolocation,/mnt/ubna_data_02_mir/recover-20221013/UBNA_001/20221012_030000.WAV,Telephone Field,recover-20221013,001,1795
1140.5025,1140.5111,26328,35225,Eptesicus serotinus,0.008,0.024,-1,Echolocation,/mnt/ubna_data_02_mir/recover-20221013/UBNA_001/20221012_030000.WAV,Telephone Field,recover-20221013,001,1795
1140.5165,1140.5557,68437,82760,Rhinolophus ferrumequinum,0.023,0.023,-1,Echolocation,/mnt/ubna_data_02_mir/recover-20221013/UBNA_001/20221012_030000.WAV,Telephone Field,recover-20221013,001,1795
1140.5345,1140.5439,28906,39088,Eptesicus serotinus,0.011,0.024,-1,Echolocation,/mnt/ubna_data_02_mir/recover-20221013/UBNA_001/20221012_030000.WAV,Telephone Field,recover-20221013,001,1795
1140.5425,1140.5504,28046,38136,Eptesicus serotinus,0.011,0.027,-1,Echolocation,/mnt/ubna_data_02_mir/recover-20221013/UBNA_001/20221012_030000.WAV,Telephone Field,recover-20221013,001,1795
1140.5635,1140.5713,28046,41858,Eptesicus serotinus,0.008,0.022,-1,Echolocation,/mnt/ubna_data_02_mir/recover-20221013/UBNA_001/20221012_030000.WAV,Telephone Field,recover-20221013,001,1795
1140.5745,1140.6156,68437,82989,Rhinolophus ferrumequinum,0.029,0.029,-1,Echolocation,/mnt/ubna_data_02_mir/recover-20221013/UBNA_001/20221012_030000.WAV,Telephone Field,recover-20221013,001,1795
1140.5995,1140.6379,68437,82270,Rhinolophus ferrumequinum,0.021,0.021,-1,Echolocation,/mnt/ubna_data_02_mir/recover-20221013/UBNA_001/20221012_030000.WAV,Telephone Field,recover-20221013,001,1795
1140.6095,1140.6517,68437,82538,Rhinolophus ferrumequinum,0.027,0.027,-1,Echolocation,/mnt/ubna_data_02_mir/recover-20221013/UBNA_001/20221012_030000.WAV,Telephone Field,recover-20221013,001,1795
1140.6105,1140.6185,27187,37370,Eptesicus serotinus,0.006,0.022,-1,Echolocation,/mnt/ubna_data_02_mir/recover-20221013/UBNA_001/20221012_030000.WAV,Telephone Field,recover-20221013,001,1795
1140.6415,1140.6804,68437,82045,Rhinolophus ferrumequinum,0.023,0.023,-1,Echolocation,/mnt/ubna_data_02_mir/recover-20221013/UBNA_001/20221012_030000.WAV,Telephone Field,recover-20221013,001,1795
1140.6685,1140.6774,27187,38059,Eptesicus serotinus,0.009,0.023,-1,Echolocation,/mnt/ubna_data_02_mir/recover-20221013/UBNA_001/20221012_030000.WAV,Telephone Field,recover-20221013,001,1795
1140.6985,1140.7368,68437,82269,Rhinolophus ferrumequinum,0.028,0.028,-1,Echolocation,/mnt/ubna_data_02_mir/recover-20221013/UBNA_001/20221012_030000.WAV,Telephone Field,recover-20221013,001,1795
1140.7335,1140.7425,27187,36633,Eptesicus serotinus,0.008,0.021,-1,Echolocation,/mnt/ubna_data_02_mir/recover-20221013/UBNA_001/20221012_030000.WAV,Telephone Field,recover-20221013,001,1795
1140.7575,1140.7944,68437,81863,Rhinolophus ferrumequinum,0.022,0.022,-1,Echolocation,/mnt/ubna_data_02_mir/recover-20221013/UBNA_001/20221012_030000.WAV,Telephone Field,recover-20221013,001,1795
1140.7865,1140.7951,25468,33888,Eptesicus serotinus,0.009,0.022,-1,Echolocation,/mnt/ubna_data_02_mir/recover-20221013/UBNA_001/20221012_030000.WAV,Telephone Field,recover-20221013,001,1795
1140.7955,1140.8365,68437,82834,Rhinolophus ferrumequinum,0.022,0.022,-1,Echolocation,/mnt/ubna_data_02_mir/recover-20221013/UBNA_001/20221012_030000.WAV,Telephone Field,recover-20221013,001,1795
1140.8165,1140.8554,68437,81505,Rhinolophus ferrumequinum,0.021,0.021,-1,Echolocation,/mnt/ubna_data_02_mir/recover-20221013/UBNA_001/20221012_030000.WAV,Telephone Field,recover-20221013,001,1795
1140.8365,1140.8446,27187,40703,Eptesicus serotinus,0.007,0.021,-1,Echolocation,/mnt/ubna_data_02_mir/recover-20221013/UBNA_001/20221012_030000.WAV,Telephone Field,recover-20221013,001,1795
1140.9735,1141.0137,68437,82367,Rhinolophus ferrumequinum,0.032,0.032,-1,Echolocation,/mnt/ubna_data_02_mir/recover-20221013/UBNA_001/20221012_030000.WAV,Telephone Field,recover-20221013,001,1795
1140.9895,1141.0278,68437,82202,Rhinolophus ferrumequinum,0.022,0.022,-1,Echolocation,/mnt/ubna_data_02_mir/recover-20221013/UBNA_001/20221012_030000.WAV,Telephone Field,recover-20221013,001,1795
1141.0305,1141.0714,68437,82314,Rhinolophus ferrumequinum,0.029,0.029,-1,Echolocation,/mnt/ubna_data_02_mir/recover-20221013/UBNA_001/20221012_030000.WAV,Telephone Field,recover-20221013,001,1795
1141.0375,1141.0453,26328,36706,Eptesicus serotinus,0.009,0.025,-1,Echolocation,/mnt/ubna_data_02_mir/recover-20221013/UBNA_001/20221012_030000.WAV,Telephone Field,recover-20221013,001,1795
1141.0745,1141.1154,68437,82411,Rhinolophus ferrumequinum,0.023,0.023,-1,Echolocation,/mnt/ubna_data_02_mir/recover-20221013/UBNA_001/20221012_030000.WAV,Telephone Field,recover-20221013,001,1795
1141.0815,1141.0886,28046,39013,Eptesicus serotinus,0.007,0.025,-1,Echolocation,/mnt/ubna_data_02_mir/recover-20221013/UBNA_001/20221012_030000.WAV,Telephone Field,recover-20221013,001,1795
1141.0955,1141.1345,68437,81576,Rhinolophus ferrumequinum,0.022,0.022,-1,Echolocation,/mnt/ubna_data_02_mir/recover-20221013/UBNA_001/20221012_030000.WAV,Telephone Field,recover-20221013,001,1795
1141.1215,1141.1606,68437,82143,Rhinolophus ferrumequinum,0.022,0.022,-1,Echolocation,/mnt/ubna_data_02_mir/recover-20221013/UBNA_001/20221012_030000.WAV,Telephone Field,recover-20221013,001,1795
1141.1245,1141.1332,28046,39070,Eptesicus serotinus,0.009,0.024,-1,Echolocation,/mnt/ubna_data_02_mir/recover-20221013/UBNA_001/20221012_030000.WAV,Telephone Field,recover-20221013,001,1795
1141.1415,1141.1776,68437,81325,Rhinolophus ferrumequinum,0.022,0.022,-1,Echolocation,/mnt/ubna_data_02_mir/recover-20221013/UBNA_001/20221012_030000.WAV,Telephone Field,recover-20221013,001,1795
1141.1615,1141.1687,28046,39011,Eptesicus serotinus,0.007,0.025,-1,Echolocation,/mnt/ubna_data_02_mir/recover-20221013/UBNA_001/20221012_030000.WAV,Telephone Field,recover-20221013,001,1795
1141.1935,1141.2325,68437,81714,Rhinolophus ferrumequinum,0.021,0.021,-1,Echolocation,/mnt/ubna_data_02_mir/recover-20221013/UBNA_001/20221012_030000.WAV,Telephone Field,recover-20221013,001,1795
1141.2015,1141.2112,23750,30503,Nyctalus leisleri,0.008,0.022,-1,Echolocation,/mnt/ubna_data_02_mir/recover-20221013/UBNA_001/20221012_030000.WAV,Telephone Field,recover-20221013,001,1795
1141.2105,1141.2209,23750,30724,Nyctalus leisleri,0.008,0.022,-1,Echolocation,/mnt/ubna_data_02_mir/recover-20221013/UBNA_001/20221012_030000.WAV,Telephone Field,recover-20221013,001,1795
1141.2255,1141.2678,68437,83052,Rhinolophus ferrumequinum,0.04,0.04,-1,Echolocation,/mnt/ubna_data_02_mir/recover-20221013/UBNA_001/20221012_030000.WAV,Telephone Field,recover-20221013,001,1795
1141.2345,1141.2401,40937,56419,Myotis mystacinus,0.006,0.022,-1,Echolocation,/mnt/ubna_data_02_mir/recover-20221013/UBNA_001/20221012_030000.WAV,Telephone Field,recover-20221013,001,1795
1141.2575,1141.265,27187,35745,Eptesicus serotinus,0.007,0.021,-1,Echolocation,/mnt/ubna_data_02_mir/recover-20221013/UBNA_001/20221012_030000.WAV,Telephone Field,recover-20221013,001,1795
1141.2605,1141.3016,68437,82602,Rhinolophus ferrumequinum,0.021,0.021,-1,Echolocation,/mnt/ubna_data_02_mir/recover-20221013/UBNA_001/20221012_030000.WAV,Telephone Field,recover-20221013,001,1795
1141.2665,1141.307,68437,82897,Rhinolophus ferrumequinum,0.021,0.021,-1,Echolocation,/mnt/ubna_data_02_mir/recover-20221013/UBNA_001/20221012_030000.WAV,Telephone Field,recover-20221013,001,1795
1141.2765,1141.2928,22031,25468,Nyctalus leisleri,0.014,0.022,-1,Echolocation,/mnt/ubna_data_02_mir/recover-20221013/UBNA_001/20221012_030000.WAV,Telephone Field,recover-20221013,001,1795
1141.2835,1141.3196,68437,80706,Rhinolophus ferrumequinum,0.021,0.021,-1,Echolocation,/mnt/ubna_data_02_mir/recover-20221013/UBNA_001/20221012_030000.WAV,Telephone Field,recover-20221013,001,1795
1141.3155,1141.3561,68437,82296,Rhinolophus ferrumequinum,0.021,0.021,-1,Echolocation,/mnt/ubna_data_02_mir/recover-20221013/UBNA_001/20221012_030000.WAV,Telephone Field,recover-20221013,001,1795
1141.3755,1141.4171,68437,82783,Rhinolophus ferrumequinum,0.022,0.022,-1,Echolocation,/mnt/ubna_data_02_mir/recover-20221013/UBNA_001/20221012_030000.WAV,Telephone Field,recover-20221013,001,1795
1141.4005,1141.4177,21171,24397,Nyctalus leisleri,0.014,0.023,-1,Echolocation,/mnt/ubna_data_02_mir/recover-20221013/UBNA_001/20221012_030000.WAV,Telephone Field,recover-20221013,001,1795
1141.4055,1141.4441,68437,82034,Rhinolophus ferrumequinum,0.023,0.023,-1,Echolocation,/mnt/ubna_data_02_mir/recover-20221013/UBNA_001/20221012_030000.WAV,Telephone Field,recover-20221013,001,1795
1141.4075,1141.4178,23750,29461,Nyctalus leisleri,0.011,0.024,-1,Echolocation,/mnt/ubna_data_02_mir/recover-20221013/UBNA_001/20221012_030000.WAV,Telephone Field,recover-20221013,001,1795
1141.4195,1141.4564,68437,81656,Rhinolophus ferrumequinum,0.021,0.021,-1,Echolocation,/mnt/ubna_data_02_mir/recover-20221013/UBNA_001/20221012_030000.WAV,Telephone Field,recover-20221013,001,1795
1141.4205,1141.4277,31484,43722,Myotis daubentonii,0.017,0.039,-1,Echolocation,/mnt/ubna_data_02_mir/recover-20221013/UBNA_001/20221012_030000.WAV,Telephone Field,recover-20221013,001,1795
1141.4485,1141.4564,23750,32260,Plecotus austriacus,0.01,0.025,-1,Echolocation,/mnt/ubna_data_02_mir/recover-20221013/UBNA_001/20221012_030000.WAV,Telephone Field,recover-20221013,001,1795
1141.4915,1141.5313,68437,83014,Rhinolophus ferrumequinum,0.025,0.025,-1,Echolocation,/mnt/ubna_data_02_mir/recover-20221013/UBNA_001/20221012_030000.WAV,Telephone Field,recover-20221013,001,1795
1141.5075,1141.5466,68437,82406,Rhinolophus ferrumequinum,0.042,0.042,-1,Echolocation,/mnt/ubna_data_02_mir/recover-20221013/UBNA_001/20221012_030000.WAV,Telephone Field,recover-20221013,001,1795
1141.5185,1141.5566,68437,81747,Rhinolophus ferrumequinum,0.021,0.021,-1,Echolocation,/mnt/ubna_data_02_mir/recover-20221013/UBNA_001/20221012_030000.WAV,Telephone Field,recover-20221013,001,1795
1141.5915,1141.6329,68437,82647,Rhinolophus ferrumequinum,0.022,0.022,-1,Echolocation,/mnt/ubna_data_02_mir/recover-20221013/UBNA_001/20221012_030000.WAV,Telephone Field,recover-20221013,001,1795
1141.5935,1141.6034,22890,29234,Nyctalus leisleri,0.009,0.028,-1,Echolocation,/mnt/ubna_data_02_mir/recover-20221013/UBNA_001/20221012_030000.WAV,Telephone Field,recover-20221013,001,1795
1141.5995,1141.6398,68437,82422,Rhinolophus ferrumequinum,0.023,0.023,-1,Echolocation,/mnt/ubna_data_02_mir/recover-20221013/UBNA_001/20221012_030000.WAV,Telephone Field,recover-20221013,001,1795
1141.6155,1141.6533,68437,82104,Rhinolophus ferrumequinum,0.023,0.023,-1,Echolocation,/mnt/ubna_data_02_mir/recover-20221013/UBNA_001/20221012_030000.WAV,Telephone Field,recover-20221013,001,1795
1141.6155,1141.6233,28046,39437,Eptesicus serotinus,0.008,0.025,-1,Echolocation,/mnt/ubna_data_02_mir/recover-20221013/UBNA_001/20221012_030000.WAV,Telephone Field,recover-20221013,001,1795
1141.6365,1141.6452,23750,31471,Plecotus austriacus,0.006,0.021,-1,Echolocation,/mnt/ubna_data_02_mir/recover-20221013/UBNA_001/20221012_030000.WAV,Telephone Field,recover-20221013,001,1795
1141.6365,1141.6768,68437,82025,Rhinolophus ferrumequinum,0.024,0.024,-1,Echolocation,/mnt/ubna_data_02_mir/recover-20221013/UBNA_001/20221012_030000.WAV,Telephone Field,recover-20221013,001,1795
1141.6545,1141.6624,28046,38901,Eptesicus serotinus,0.006,0.021,-1,Echolocation,/mnt/ubna_data_02_mir/recover-20221013/UBNA_001/20221012_030000.WAV,Telephone Field,recover-20221013,001,1795
1141.6925,1141.731,68437,82121,Rhinolophus ferrumequinum,0.021,0.021,-1,Echolocation,/mnt/ubna_data_02_mir/recover-20221013/UBNA_001/20221012_030000.WAV,Telephone Field,recover-20221013,001,1795
1141.7155,1141.7506,68437,81398,Rhinolophus ferrumequinum,0.022,0.022,-1,Echolocation,/mnt/ubna_data_02_mir/recover-20221013/UBNA_001/20221012_030000.WAV,Telephone Field,recover-20221013,001,1795
1141.7375,1141.7784,68437,82572,Rhinolophus ferrumequinum,0.026,0.026,-1,Echolocation,/mnt/ubna_data_02_mir/recover-20221013/UBNA_001/20221012_030000.WAV,Telephone Field,recover-20221013,001,1795
1141.7435,1141.7541,49531,54396,Pipistrellus pipistrellus,0.026,0.033,-1,Echolocation,/mnt/ubna_data_02_mir/recover-20221013/UBNA_001/20221012_030000.WAV,Telephone Field,recover-20221013,001,1795
1141.7945,1141.8347,68437,82335,Rhinolophus ferrumequinum,0.022,0.022,-1,Echolocation,/mnt/ubna_data_02_mir/recover-20221013/UBNA_001/20221012_030000.WAV,Telephone Field,recover-20221013,001,1795
1141.8275,1141.8636,68437,81520,Rhinolophus ferrumequinum,0.021,0.021,-1,Echolocation,/mnt/ubna_data_02_mir/recover-20221013/UBNA_001/20221012_030000.WAV,Telephone Field,recover-20221013,001,1795
1141.8435,1141.851,25468,34519,Eptesicus serotinus,0.007,0.024,-1,Echolocation,/mnt/ubna_data_02_mir/recover-20221013/UBNA_001/20221012_030000.WAV,Telephone Field,recover-20221013,001,1795
1141.8935,1141.9375,68437,83632,Rhinolophus ferrumequinum,0.033,0.033,-1,Echolocation,/mnt/ubna_data_02_mir/recover-20221013/UBNA_001/20221012_030000.WAV,Telephone Field,recover-20221013,001,1795
1142.0015,1142.0337,68437,79981,Rhinolophus ferrumequinum,0.031,0.031,-1,Echolocation,/mnt/ubna_data_02_mir/recover-20221013/UBNA_001/20221012_030000.WAV,Telephone Field,recover-20221013,001,1795
1142.0015,1142.0111,25468,33515,Nyctalus leisleri,0.013,0.032,-1,Echolocation,/mnt/ubna_data_02_mir/recover-20221013/UBNA_001/20221012_030000.WAV,Telephone Field,recover-20221013,001,1795
1142.0145,1142.0571,68437,81927,Rhinolophus ferrumequinum,0.023,0.023,-1,Echolocation,/mnt/ubna_data_02_mir/recover-20221013/UBNA_001/20221012_030000.WAV,Telephone Field,recover-20221013,001,1795
1142.0185,1142.034,22031,26418,Nyctalus leisleri,0.016,0.028,-1,Echolocation,/mnt/ubna_data_02_mir/recover-20221013/UBNA_001/20221012_030000.WAV,Telephone Field,recover-20221013,001,1795
1142.0205,1142.0597,68437,82269,Rhinolophus ferrumequinum,0.022,0.022,-1,Echolocation,/mnt/ubna_data_02_mir/recover-20221013/UBNA_001/20221012_030000.WAV,Telephone Field,recover-20221013,001,1795
1142.0405,1142.0812,68437,82946,Rhinolophus ferrumequinum,0.026,0.026,-1,Echolocation,/mnt/ubna_data_02_mir/recover-20221013/UBNA_001/20221012_030000.WAV,Telephone Field,recover-20221013,001,1795
1142.0615,1142.072,26328,34784,Eptesicus serotinus,0.014,0.027,-1,Echolocation,/mnt/ubna_data_02_mir/recover-20221013/UBNA_001/20221012_030000.WAV,Telephone Field,recover-20221013,001,1795
1142.0875,1142.0989,22031,25673,Nyctalus leisleri,0.013,0.022,-1,Echolocation,/mnt/ubna_data_02_mir/recover-20221013/UBNA_001/20221012_030000.WAV,Telephone Field,recover-20221013,001,1795
1142.1145,1142.155,68437,82734,Rhinolophus ferrumequinum,0.026,0.026,-1,Echolocation,/mnt/ubna_data_02_mir/recover-20221013/UBNA_001/20221012_030000.WAV,Telephone Field,recover-20221013,001,1795
1142.1505,1142.1891,68437,82175,Rhinolophus ferrumequinum,0.022,0.022,-1,Echolocation,/mnt/ubna_data_02_mir/recover-20221013/UBNA_001/20221012_030000.WAV,Telephone Field,recover-20221013,001,1795
1142.1775,1142.2153,68437,82289,Rhinolophus ferrumequinum,0.022,0.022,-1,Echolocation,/mnt/ubna_data_02_mir/recover-20221013/UBNA_001/20221012_030000.WAV,Telephone Field,recover-20221013,001,1795
1142.2085,1142.2426,68437,81200,Rhinolophus ferrumequinum,0.023,0.023,-1,Echolocation,/mnt/ubna_data_02_mir/recover-20221013/UBNA_001/20221012_030000.WAV,Telephone Field,recover-20221013,001,1795
1142.2325,1142.2397,24609,34507,Plecotus austriacus,0.008,0.025,-1,Echolocation,/mnt/ubna_data_02_mir/recover-20221013/UBNA_001/20221012_030000.WAV,Telephone Field,recover-20221013,001,1795
1142.2395,1142.2788,68437,82721,Rhinolophus ferrumequinum,0.022,0.022,-1,Echolocation,/mnt/ubna_data_02_mir/recover-20221013/UBNA_001/20221012_030000.WAV,Telephone Field,recover-20221013,001,1795
1142.2705,1142.3098,68437,82150,Rhinolophus ferrumequinum,0.022,0.022,-1,Echolocation,/mnt/ubna_data_02_mir/recover-20221013/UBNA_001/20221012_030000.WAV,Telephone Field,recover-20221013,001,1795
1142.2775,1142.3147,68437,81762,Rhinolophus ferrumequinum,0.022,0.022,-1,Echolocation,/mnt/ubna_data_02_mir/recover-20221013/UBNA_001/20221012_030000.WAV,Telephone Field,recover-20221013,001,1795
1142.3285,1142.3497,18593,21474,Nyctalus noctula,0.016,0.033,-1,Echolocation,/mnt/ubna_data_02_mir/recover-20221013/UBNA_001/20221012_030000.WAV,Telephone Field,recover-20221013,001,1795
1142.3385,1142.3803,68437,82806,Rhinolophus ferrumequinum,0.023,0.023,-1,Echolocation,/mnt/ubna_data_02_mir/recover-20221013/UBNA_001/20221012_030000.WAV,Telephone Field,recover-20221013,001,1795
1142.3795,1142.4162,68437,81492,Rhinolophus ferrumequinum,0.024,0.024,-1,Echolocation,/mnt/ubna_data_02_mir/recover-20221013/UBNA_001/20221012_030000.WAV,Telephone Field,recover-20221013,001,1795
1142.4075,1142.4454,68437,81914,Rhinolophus ferrumequinum,0.022,0.022,-1,Echolocation,/mnt/ubna_data_02_mir/recover-20221013/UBNA_001/20221012_030000.WAV,Telephone Field,recover-20221013,001,1795
1142.4125,1142.4222,22890,29311,Nyctalus leisleri,0.009,0.024,-1,Echolocation,/mnt/ubna_data_02_mir/recover-20221013/UBNA_001/20221012_030000.WAV,Telephone Field,recover-20221013,001,1795
1142.4295,1142.4713,68437,82362,Rhinolophus ferrumequinum,0.023,0.023,-1,Echolocation,/mnt/ubna_data_02_mir/recover-20221013/UBNA_001/20221012_030000.WAV,Telephone Field,recover-20221013,001,1795
1142.4375,1142.4446,48671,53027,Pipistrellus pipistrellus,0.026,0.027,-1,Echolocation,/mnt/ubna_data_02_mir/recover-20221013/UBNA_001/20221012_030000.WAV,Telephone Field,recover-20221013,001,1795
1142.4495,1142.4873,68437,81743,Rhinolophus ferrumequinum,0.022,0.022,-1,Echolocation,/mnt/ubna_data_02_mir/recover-20221013/UBNA_001/20221012_030000.WAV,Telephone Field,recover-20221013,001,1795
1142.4725,1142.5097,68437,82138,Rhinolophus ferrumequinum,0.022,0.022,-1,Echolocation,/mnt/ubna_data_02_mir/recover-20221013/UBNA_001/20221012_030000.WAV,Telephone Field,recover-20221013,001,1795
1142.4905,1142.5314,68437,82403,Rhinolophus ferrumequinum,0.023,0.023,-1,Echolocation,/mnt/ubna_data_02_mir/recover-20221013/UBNA_001/20221012_030000.WAV,Telephone Field,recover-20221013,001,1795
1142.5145,1142.5328,21171,24605,Nyctalus leisleri,0.032,0.061,-1,Echolocation,/mnt/ubna_data_02_mir/recover-20221013/UBNA_001/20221012_030000.WAV,Telephone Field,recover-20221013,001,1795
1142.5725,1142.6114,68437,82637,Rhinolophus ferrumequinum,0.026,0.026,-1,Echolocation,/mnt/ubna_data_02_mir/recover-20221013/UBNA_001/20221012_030000.WAV,Telephone Field,recover-20221013,001,1795
1142.5915,1142.6022,24609,30616,Nyctalus leisleri,0.01,0.027,-1,Echolocation,/mnt/ubna_data_02_mir/recover-20221013/UBNA_001/20221012_030000.WAV,Telephone Field,recover-20221013,001,1795
1142.6075,1142.6451,68437,81947,Rhinolophus ferrumequinum,0.025,0.025,-1,Echolocation,/mnt/ubna_data_02_mir/recover-20221013/UBNA_001/20221012_030000.WAV,Telephone Field,recover-20221013,001,1795
1142.6295,1142.6397,22890,28759,Nyctalus leisleri,0.009,0.022,-1,Echolocation,/mnt/ubna_data_02_mir/recover-20221013/UBNA_001/20221012_030000.WAV,Telephone Field,recover-20221013,001,1795
1142.6495,1142.6904,68437,82205,Rhinolophus ferrumequinum,0.024,0.024,-1,Echolocation,/mnt/ubna_data_02_mir/recover-20221013/UBNA_001/20221012_030000.WAV,Telephone Field,recover-20221013,001,1795
1142.6815,1142.69,29765,37320,Eptesicus serotinus,0.07,0.126,-1,Echolocation,/mnt/ubna_data_02_mir/recover-20221013/UBNA_001/20221012_030000.WAV,Telephone Field,recover-20221013,001,1795
1142.7455,1142.7593,41796,45147,Pipistrellus nathusii,0.011,0.028,-1,Echolocation,/mnt/ubna_data_02_mir/recover-20221013/UBNA_001/20221012_030000.WAV,Telephone Field,recover-20221013,001,1795
1142.7535,1142.7936,68437,82540,Rhinolophus ferrumequinum,0.024,0.024,-1,Echolocation,/mnt/ubna_data_02_mir/recover-20221013/UBNA_001/20221012_030000.WAV,Telephone Field,recover-20221013,001,1795
1142.7735,1142.7802,34921,43516,Myotis daubentonii,0.009,0.023,-1,Echolocation,/mnt/ubna_data_02_mir/recover-20221013/UBNA_001/20221012_030000.WAV,Telephone Field,recover-20221013,001,1795
1142.7755,1142.7833,24609,33289,Plecotus austriacus,0.007,0.022,-1,Echolocation,/mnt/ubna_data_02_mir/recover-20221013/UBNA_001/20221012_030000.WAV,Telephone Field,recover-20221013,001,1795
1142.8005,1142.8407,68437,82682,Rhinolophus ferrumequinum,0.022,0.022,-1,Echolocation,/mnt/ubna_data_02_mir/recover-20221013/UBNA_001/20221012_030000.WAV,Telephone Field,recover-20221013,001,1795
1142.8325,1142.8409,23750,31327,Plecotus austriacus,0.008,0.023,-1,Echolocation,/mnt/ubna_data_02_mir/recover-20221013/UBNA_001/20221012_030000.WAV,Telephone Field,recover-20221013,001,1795
1142.8415,1142.8489,27187,38022,Eptesicus serotinus,0.008,0.023,-1,Echolocation,/mnt/ubna_data_02_mir/recover-20221013/UBNA_001/20221012_030000.WAV,Telephone Field,recover-20221013,001,1795
1142.8445,1142.8852,68437,82580,Rhinolophus ferrumequinum,0.027,0.027,-1,Echolocation,/mnt/ubna_data_02_mir/recover-20221013/UBNA_001/20221012_030000.WAV,Telephone Field,recover-20221013,001,1795
1142.9015,1142.942,68437,82989,Rhinolophus ferrumequinum,0.024,0.024,-1,Echolocation,/mnt/ubna_data_02_mir/recover-20221013/UBNA_001/20221012_030000.WAV,Telephone Field,recover-20221013,001,1795
1142.9465,1142.9831,68437,81663,Rhinolophus ferrumequinum,0.024,0.024,-1,Echolocation,/mnt/ubna_data_02_mir/recover-20221013/UBNA_001/20221012_030000.WAV,Telephone Field,recover-20221013,001,1795
1142.9515,1142.9899,68437,82423,Rhinolophus ferrumequinum,0.024,0.024,-1,Echolocation,/mnt/ubna_data_02_mir/recover-20221013/UBNA_001/20221012_030000.WAV,Telephone Field,recover-20221013,001,1795
1142.9755,1143.0146,68437,81976,Rhinolophus ferrumequinum,0.023,0.023,-1,Echolocation,/mnt/ubna_data_02_mir/recover-20221013/UBNA_001/20221012_030000.WAV,Telephone Field,recover-20221013,001,1795
1142.9875,1142.9985,47812,52010,Pipistrellus pipistrellus,0.021,0.024,-1,Echolocation,/mnt/ubna_data_02_mir/recover-20221013/UBNA_001/20221012_030000.WAV,Telephone Field,recover-20221013,001,1795
1143.0315,1143.07,68437,82478,Rhinolophus ferrumequinum,0.024,0.024,-1,Echolocation,/mnt/ubna_data_02_mir/recover-20221013/UBNA_001/20221012_030000.WAV,Telephone Field,recover-20221013,001,1795
1143.0485,1143.0886,68437,82566,Rhinolophus ferrumequinum,0.025,0.025,-1,Echolocation,/mnt/ubna_data_02_mir/recover-20221013/UBNA_001/20221012_030000.WAV,Telephone Field,recover-20221013,001,1795
1143.0765,1143.112,68437,81286,Rhinolophus ferrumequinum,0.025,0.025,-1,Echolocation,/mnt/ubna_data_02_mir/recover-20221013/UBNA_001/20221012_030000.WAV,Telephone Field,recover-20221013,001,1795
1143.0955,1143.135,68437,82406,Rhinolophus ferrumequinum,0.023,0.023,-1,Echolocation,/mnt/ubna_data_02_mir/recover-20221013/UBNA_001/20221012_030000.WAV,Telephone Field,recover-20221013,001,1795
1143.1505,1143.1608,25468,32328,Nyctalus leisleri,0.009,0.026,-1,Echolocation,/mnt/ubna_data_02_mir/recover-20221013/UBNA_001/20221012_030000.WAV,Telephone Field,recover-20221013,001,1795
1143.1855,1143.2261,68437,82571,Rhinolophus ferrumequinum,0.025,0.025,-1,Echolocation,/mnt/ubna_data_02_mir/recover-20221013/UBNA_001/20221012_030000.WAV,Telephone Field,recover-20221013,001,1795
1143.2145,1143.2568,68437,83233,Rhinolophus ferrumequinum,0.039,0.039,-1,Echolocation,/mnt/ubna_data_02_mir/recover-20221013/UBNA_001/20221012_030000.WAV,Telephone Field,recover-20221013,001,1795
1143.2195,1143.2285,28906,37937,Eptesicus serotinus,0.009,0.023,-1,Echolocation,/mnt/ubna_data_02_mir/recover-20221013/UBNA_001/20221012_030000.WAV,Telephone Field,recover-20221013,001,1795
1143.2575,1143.2943,68437,81249,Rhinolophus ferrumequinum,0.022,0.022,-1,Echolocation,/mnt/ubna_data_02_mir/recover-20221013/UBNA_001/20221012_030000.WAV,Telephone Field,recover-20221013,001,1795
1143.2655,1143.3048,68437,81602,Rhinolophus ferrumequinum,0.021,0.021,-1,Echolocation,/mnt/ubna_data_02_mir/recover-20221013/UBNA_001/20221012_030000.WAV,Telephone Field,recover-20221013,001,1795
1143.2875,1143.2959,24609,33090,Plecotus austriacus,0.01,0.031,-1,Echolocation,/mnt/ubna_data_02_mir/recover-20221013/UBNA_001/20221012_030000.WAV,Telephone Field,recover-20221013,001,1795
1143.2995,1143.342,68437,82883,Rhinolophus ferrumequinum,0.025,0.025,-1,Echolocation,/mnt/ubna_data_02_mir/recover-20221013/UBNA_001/20221012_030000.WAV,Telephone Field,recover-20221013,001,1795
1143.3205,1143.3305,24609,31167,Eptesicus serotinus,0.008,0.022,-1,Echolocation,/mnt/ubna_data_02_mir/recover-20221013/UBNA_001/20221012_030000.WAV,Telephone Field,recover-20221013,001,1795
1143.3515,1143.3849,68437,80808,Rhinolophus ferrumequinum,0.025,0.025,-1,Echolocation,/mnt/ubna_data_02_mir/recover-20221013/UBNA_001/20221012_030000.WAV,Telephone Field,recover-20221013,001,1795
1143.4395,1143.4796,68437,82352,Rhinolophus ferrumequinum,0.027,0.027,-1,Echolocation,/mnt/ubna_data_02_mir/recover-20221013/UBNA_001/20221012_030000.WAV,Telephone Field,recover-20221013,001,1795
1143.4485,1143.4573,22890,30222,Plecotus austriacus,0.009,0.022,-1,Echolocation,/mnt/ubna_data_02_mir/recover-20221013/UBNA_001/20221012_030000.WAV,Telephone Field,recover-20221013,001,1795
1143.4655,1143.5041,68437,82042,Rhinolophus ferrumequinum,0.022,0.022,-1,Echolocation,/mnt/ubna_data_02_mir/recover-20221013/UBNA_001/20221012_030000.WAV,Telephone Field,recover-20221013,001,1795
1143.4865,1143.5215,68437,81031,Rhinolophus ferrumequinum,0.022,0.022,-1,Echolocation,/mnt/ubna_data_02_mir/recover-20221013/UBNA_001/20221012_030000.WAV,Telephone Field,recover-20221013,001,1795
1143.4955,1143.5322,68437,81016,Rhinolophus ferrumequinum,0.021,0.022,-1,Echolocation,/mnt/ubna_data_02_mir/recover-20221013/UBNA_001/20221012_030000.WAV,Telephone Field,recover-20221013,001,1795
1143.5305,1143.5705,68437,83070,Rhinolophus ferrumequinum,0.039,0.039,-1,Echolocation,/mnt/ubna_data_02_mir/recover-20221013/UBNA_001/20221012_030000.WAV,Telephone Field,recover-20221013,001,1795
1143.5735,1143.5812,25468,34423,Plecotus austriacus,0.007,0.026,-1,Echolocation,/mnt/ubna_data_02_mir/recover-20221013/UBNA_001/20221012_030000.WAV,Telephone Field,recover-20221013,001,1795
1143.5845,1143.6229,68437,82281,Rhinolophus ferrumequinum,0.023,0.023,-1,Echolocation,/mnt/ubna_data_02_mir/recover-20221013/UBNA_001/20221012_030000.WAV,Telephone Field,recover-20221013,001,1795
1143.5935,1143.6352,68437,83138,Rhinolophus ferrumequinum,0.026,0.026,-1,Echolocation,/mnt/ubna_data_02_mir/recover-20221013/UBNA_001/20221012_030000.WAV,Telephone Field,recover-20221013,001,1795
1143.5945,1143.6028,26328,35689,Eptesicus serotinus,0.009,0.024,-1,Echolocation,/mnt/ubna_data_02_mir/recover-20221013/UBNA_001/20221012_030000.WAV,Telephone Field,recover-20221013,001,1795
1143.6345,1143.6464,14296,19221,Nyctalus noctula,0.013,0.022,-1,Echolocation,/mnt/ubna_data_02_mir/recover-20221013/UBNA_001/20221012_030000.WAV,Telephone Field,recover-20221013,001,1795
1143.6375,1143.6791,68437,82907,Rhinolophus ferrumequinum,0.025,0.025,-1,Echolocation,/mnt/ubna_data_02_mir/recover-20221013/UBNA_001/20221012_030000.WAV,Telephone Field,recover-20221013,001,1795
1143.6475,1143.6573,25468,32479,Nyctalus leisleri,0.008,0.026,-1,Echolocation,/mnt/ubna_data_02_mir/recover-20221013/UBNA_001/20221012_030000.WAV,Telephone Field,recover-20221013,001,1795
1143.6665,1143.7036,68437,81620,Rhinolophus ferrumequinum,0.022,0.022,-1,Echolocation,/mnt/ubna_data_02_mir/recover-20221013/UBNA_001/20221012_030000.WAV,Telephone Field,recover-20221013,001,1795
1143.6765,1143.7149,68437,81702,Rhinolophus ferrumequinum,0.024,0.024,-1,Echolocation,/mnt/ubna_data_02_mir/recover-20221013/UBNA_001/20221012_030000.WAV,Telephone Field,recover-20221013,001,1795
1143.6815,1143.6931,27187,33653,Eptesicus serotinus,0.013,0.025,-1,Echolocation,/mnt/ubna_data_02_mir/recover-20221013/UBNA_001/20221012_030000.WAV,Telephone Field,recover-20221013,001,1795
1143.6875,1143.724,68437,82133,Rhinolophus ferrumequinum,0.023,0.023,-1,Echolocation,/mnt/ubna_data_02_mir/recover-20221013/UBNA_001/20221012_030000.WAV,Telephone Field,recover-20221013,001,1795
1143.7375,1143.7592,18593,21425,Nyctalus noctula,0.018,0.032,-1,Echolocation,/mnt/ubna_data_02_mir/recover-20221013/UBNA_001/20221012_030000.WAV,Telephone Field,recover-20221013,001,1795
1143.8085,1143.8453,68437,82279,Rhinolophus ferrumequinum,0.022,0.022,-1,Echolocation,/mnt/ubna_data_02_mir/recover-20221013/UBNA_001/20221012_030000.WAV,Telephone Field,recover-20221013,001,1795
1143.8155,1143.8245,22890,30594,Plecotus austriacus,0.01,0.025,-1,Echolocation,/mnt/ubna_data_02_mir/recover-20221013/UBNA_001/20221012_030000.WAV,Telephone Field,recover-20221013,001,1795
1143.8405,1143.8786,68437,82059,Rhinolophus ferrumequinum,0.025,0.025,-1,Echolocation,/mnt/ubna_data_02_mir/recover-20221013/UBNA_001/20221012_030000.WAV,Telephone Field,recover-20221013,001,1795
1143.8825,1143.8898,33203,43744,Myotis daubentonii,0.009,0.029,-1,Echolocation,/mnt/ubna_data_02_mir/recover-20221013/UBNA_001/20221012_030000.WAV,Telephone Field,recover-20221013,001,1795
1143.8835,1143.8893,27187,41754,Plecotus auritus,0.006,0.027,-1,Echolocation,/mnt/ubna_data_02_mir/recover-20221013/UBNA_001/20221012_030000.WAV,Telephone Field,recover-20221013,001,1795
1143.8955,1143.9316,68437,81701,Rhinolophus ferrumequinum,0.023,0.023,-1,Echolocation,/mnt/ubna_data_02_mir/recover-20221013/UBNA_001/20221012_030000.WAV,Telephone Field,recover-20221013,001,1795
1143.9065,1143.9446,68437,81984,Rhinolophus ferrumequinum,0.022,0.022,-1,Echolocation,/mnt/ubna_data_02_mir/recover-20221013/UBNA_001/20221012_030000.WAV,Telephone Field,recover-20221013,001,1795
1143.9325,1143.9665,68437,81200,Rhinolophus ferrumequinum,0.022,0.022,-1,Echolocation,/mnt/ubna_data_02_mir/recover-20221013/UBNA_001/20221012_030000.WAV,Telephone Field,recover-20221013,001,1795
1143.9595,1143.997,68437,82877,Rhinolophus ferrumequinum,0.025,0.025,-1,Echolocation,/mnt/ubna_data_02_mir/recover-20221013/UBNA_001/20221012_030000.WAV,Telephone Field,recover-20221013,001,1795
1143.9855,1143.9978,22890,28142,Nyctalus leisleri,0.012,0.024,-1,Echolocation,/mnt/ubna_data_02_mir/recover-20221013/UBNA_001/20221012_030000.WAV,Telephone Field,recover-20221013,001,1795
1144.0015,1144.0348,68437,79496,Rhinolophus ferrumequinum,0.038,0.038,-1,Echolocation,/mnt/ubna_data_02_mir/recover-20221013/UBNA_001/20221012_030000.WAV,Telephone Field,recover-20221013,001,1795
1144.0015,1144.0099,22890,30303,Nyctalus leisleri,0.01,0.033,-1,Echolocation,/mnt/ubna_data_02_mir/recover-20221013/UBNA_001/20221012_030000.WAV,Telephone Field,recover-20221013,001,1795
1144.0085,1144.0526,68437,83263,Rhinolophus ferrumequinum,0.034,0.034,-1,Echolocation,/mnt/ubna_data_02_mir/recover-20221013/UBNA_001/20221012_030000.WAV,Telephone Field,recover-20221013,001,1795
1144.0245,1144.0642,68437,82512,Rhinolophus ferrumequinum,0.021,0.021,-1,Echolocation,/mnt/ubna_data_02_mir/recover-20221013/UBNA_001/20221012_030000.WAV,Telephone Field,recover-20221013,001,1795
1144.0275,1144.0383,23750,28777,Nyctalus leisleri,0.009,0.02,-1,Echolocation,/mnt/ubna_data_02_mir/recover-20221013/UBNA_001/20221012_030000.WAV,Telephone Field,recover-20221013,001,1795
1144.0565,1144.0942,68437,82132,Rhinolophus ferrumequinum,0.025,0.025,-1,Echolocation,/mnt/ubna_data_02_mir/recover-20221013/UBNA_001/20221012_030000.WAV,Telephone Field,recover-20221013,001,1795
1144.0595,1144.0657,47812,53647,Pipistrellus pipistrellus,0.023,0.024,-1,Echolocation,/mnt/ubna_data_02_mir/recover-20221013/UBNA_001/20221012_030000.WAV,Telephone Field,recover-20221013,001,1795
1144.0755,1144.086,22890,27535,Nyctalus leisleri,0.01,0.02,-1,Echolocation,/mnt/ubna_data_02_mir/recover-20221013/UBNA_001/20221012_030000.WAV,Telephone Field,recover-20221013,001,1795
1144.0805,1144.1178,68437,81777,Rhinolophus ferrumequinum,0.021,0.021,-1,Echolocation,/mnt/ubna_data_02_mir/recover-20221013/UBNA_001/20221012_030000.WAV,Telephone Field,recover-20221013,001,1795
1144.0895,1144.1298,68437,82414,Rhinolophus ferrumequinum,0.021,0.021,-1,Echolocation,/mnt/ubna_data_02_mir/recover-20221013/UBNA_001/20221012_030000.WAV,Telephone Field,recover-20221013,001,1795
1144.1055,1144.1113,28046,42200,Myotis daubentonii,0.006,0.027,-1,Echolocation,/mnt/ubna_data_02_mir/recover-20221013/UBNA_001/20221012_030000.WAV,Telephone Field,recover-20221013,001,1795
1144.1335,1144.1736,68437,82992,Rhinolophus ferrumequinum,0.022,0.022,-1,Echolocation,/mnt/ubna_data_02_mir/recover-20221013/UBNA_001/20221012_030000.WAV,Telephone Field,recover-20221013,001,1795
1144.1465,1144.1886,68437,83093,Rhinolophus ferrumequinum,0.028,0.028,-1,Echolocation,/mnt/ubna_data_02_mir/recover-20221013/UBNA_001/20221012_030000.WAV,Telephone Field,recover-20221013,001,1795
1144.1715,1144.2104,68437,82070,Rhinolophus ferrumequinum,0.023,0.023,-1,Echolocation,/mnt/ubna_data_02_mir/recover-20221013/UBNA_001/20221012_030000.WAV,Telephone Field,recover-20221013,001,1795
1144.1885,1144.1993,22890,27384,Nyctalus leisleri,0.01,0.02,-1,Echolocation,/mnt/ubna_data_02_mir/recover-20221013/UBNA_001/20221012_030000.WAV,Telephone Field,recover-20221013,001,1795
1144.1945,1144.2305,68437,81618,Rhinolophus ferrumequinum,0.02,0.02,-1,Echolocation,/mnt/ubna_data_02_mir/recover-20221013/UBNA_001/20221012_030000.WAV,Telephone Field,recover-20221013,001,1795
1144.2125,1144.2504,68437,81682,Rhinolophus ferrumequinum,0.022,0.022,-1,Echolocation,/mnt/ubna_data_02_mir/recover-20221013/UBNA_001/20221012_030000.WAV,Telephone Field,recover-20221013,001,1795
1144.2235,1144.2655,68437,83001,Rhinolophus ferrumequinum,0.026,0.026,-1,Echolocation,/mnt/ubna_data_02_mir/recover-20221013/UBNA_001/20221012_030000.WAV,Telephone Field,recover-20221013,001,1795
1144.2275,1144.2377,28906,36767,Eptesicus serotinus,0.01,0.023,-1,Echolocation,/mnt/ubna_data_02_mir/recover-20221013/UBNA_001/20221012_030000.WAV,Telephone Field,recover-20221013,001,1795
1144.2415,1144.2513,28906,37675,Eptesicus serotinus,0.007,0.021,-1,Echolocation,/mnt/ubna_data_02_mir/recover-20221013/UBNA_001/20221012_030000.WAV,Telephone Field,recover-20221013,001,1795
1144.2585,1144.2994,68437,81891,Rhinolophus ferrumequinum,0.025,0.025,-1,Echolocation,/mnt/ubna_data_02_mir/recover-20221013/UBNA_001/20221012_030000.WAV,Telephone Field,recover-20221013,001,1795
1144.2805,1144.3011,19453,21757,Nyctalus leisleri,0.013,0.026,-1,Echolocation,/mnt/ubna_data_02_mir/recover-20221013/UBNA_001/20221012_030000.WAV,Telephone Field,recover-20221013,001,1795
1144.2845,1144.3225,68437,81858,Rhinolophus ferrumequinum,0.022,0.022,-1,Echolocation,/mnt/ubna_data_02_mir/recover-20221013/UBNA_001/20221012_030000.WAV,Telephone Field,recover-20221013,001,1795
1144.3265,1144.3689,68437,83156,Rhinolophus ferrumequinum,0.035,0.035,-1,Echolocation,/mnt/ubna_data_02_mir/recover-20221013/UBNA_001/20221012_030000.WAV,Telephone Field,recover-20221013,001,1795
1144.3265,1144.3357,26328,35198,Eptesicus serotinus,0.01,0.022,-1,Echolocation,/mnt/ubna_data_02_mir/recover-20221013/UBNA_001/20221012_030000.WAV,Telephone Field,recover-20221013,001,1795
1144.4705,1144.5122,68437,83094,Rhinolophus ferrumequinum,0.034,0.034,-1,Echolocation,/mnt/ubna_data_02_mir/recover-20221013/UBNA_001/20221012_030000.WAV,Telephone Field,recover-20221013,001,1795
1144.4815,1144.4899,28046,44814,Eptesicus serotinus,0.007,0.02,-1,Echolocation,/mnt/ubna_data_02_mir/recover-20221013/UBNA_001/20221012_030000.WAV,Telephone Field,recover-20221013,001,1795
1144.4825,1144.5227,68437,82396,Rhinolophus ferrumequinum,0.023,0.023,-1,Echolocation,/mnt/ubna_data_02_mir/recover-20221013/UBNA_001/20221012_030000.WAV,Telephone Field,recover-20221013,001,1795
1144.5065,1144.5474,68437,82701,Rhinolophus ferrumequinum,0.02,0.02,-1,Echolocation,/mnt/ubna_data_02_mir/recover-20221013/UBNA_001/20221012_030000.WAV,Telephone Field,recover-20221013,001,1795
1144.5335,1144.573,68437,82368,Rhinolophus ferrumequinum,0.02,0.02,-1,Echolocation,/mnt/ubna_data_02_mir/recover-20221013/UBNA_001/20221012_030000.WAV,Telephone Field,recover-20221013,001,1795
1144.5745,1144.5852,23750,29583,Nyctalus leisleri,0.008,0.02,-1,Echolocation,/mnt/ubna_data_02_mir/recover-20221013/UBNA_001/20221012_030000.WAV,Telephone Field,recover-20221013,001,1795
1144.5785,1144.6158,68437,81711,Rhinolophus ferrumequinum,0.022,0.022,-1,Echolocation,/mnt/ubna_data_02_mir/recover-20221013/UBNA_001/20221012_030000.WAV,Telephone Field,recover-20221013,001,1795
1144.6145,1144.6539,68437,83206,Rhinolophus ferrumequinum,0.024,0.024,-1,Echolocation,/mnt/ubna_data_02_mir/recover-20221013/UBNA_001/20221012_030000.WAV,Telephone Field,recover-20221013,001,1795
1144.6225,1144.6298,23750,31936,Plecotus austriacus,0.01,0.023,-1,Echolocation,/mnt/ubna_data_02_mir/recover-20221013/UBNA_001/20221012_030000.WAV,Telephone Field,recover-20221013,001,1795
1144.6375,1144.6481,34062,39471,Barbastellus barbastellus,0.005,0.02,-1,Echolocation,/mnt/ubna_data_02_mir/recover-20221013/UBNA_001/20221012_030000.WAV,Telephone Field,recover-20221013,001,1795
1144.6405,1144.681,68437,82380,Rhinolophus ferrumequinum,0.024,0.024,-1,Echolocation,/mnt/ubna_data_02_mir/recover-20221013/UBNA_001/20221012_030000.WAV,Telephone Field,recover-20221013,001,1795
1144.6695,1144.677,28046,39465,Eptesicus serotinus,0.006,0.02,-1,Echolocation,/mnt/ubna_data_02_mir/recover-20221013/UBNA_001/20221012_030000.WAV,Telephone Field,recover-20221013,001,1795
1144.6905,1144.7014,44375,48637,Pipistrellus pipistrellus,0.02,0.025,-1,Echolocation,/mnt/ubna_data_02_mir/recover-20221013/UBNA_001/20221012_030000.WAV,Telephone Field,recover-20221013,001,1795
1144.7075,1144.7485,68437,82715,Rhinolophus ferrumequinum,0.051,0.051,-1,Echolocation,/mnt/ubna_data_02_mir/recover-20221013/UBNA_001/20221012_030000.WAV,Telephone Field,recover-20221013,001,1795
1144.7905,1144.8322,68437,82196,Rhinolophus ferrumequinum,0.021,0.021,-1,Echolocation,/mnt/ubna_data_02_mir/recover-20221013/UBNA_001/20221012_030000.WAV,Telephone Field,recover-20221013,001,1795
1144.8195,1144.8595,68437,81756,Rhinolophus ferrumequinum,0.022,0.022,-1,Echolocation,/mnt/ubna_data_02_mir/recover-20221013/UBNA_001/20221012_030000.WAV,Telephone Field,recover-20221013,001,1795
1144.8325,1144.8427,27187,36159,Eptesicus serotinus,0.011,0.023,-1,Echolocation,/mnt/ubna_data_02_mir/recover-20221013/UBNA_001/20221012_030000.WAV,Telephone Field,recover-20221013,001,1795
1144.8685,1144.9103,68437,82718,Rhinolophus ferrumequinum,0.024,0.024,-1,Echolocation,/mnt/ubna_data_02_mir/recover-20221013/UBNA_001/20221012_030000.WAV,Telephone Field,recover-20221013,001,1795
1144.9435,1144.9784,68437,81067,Rhinolophus ferrumequinum,0.02,0.02,-1,Echolocation,/mnt/ubna_data_02_mir/recover-20221013/UBNA_001/20221012_030000.WAV,Telephone Field,recover-20221013,001,1795
1144.9685,1145.0108,68437,82534,Rhinolophus ferrumequinum,0.023,0.023,-1,Echolocation,/mnt/ubna_data_02_mir/recover-20221013/UBNA_001/20221012_030000.WAV,Telephone Field,recover-20221013,001,1795
1144.9975,1145.0061,24609,32491,Eptesicus serotinus,0.006,0.022,-1,Echolocation,/mnt/ubna_data_02_mir/recover-20221013/UBNA_001/20221012_030000.WAV,Telephone Field,recover-20221013,001,1795
1144.9985,1145.0408,68437,82811,Rhinolophus ferrumequinum,0.023,0.023,-1,Echolocation,/mnt/ubna_data_02_mir/recover-20221013/UBNA_001/20221012_030000.WAV,Telephone Field,recover-20221013,001,1795
1145.0175,1145.0256,28046,39710,Eptesicus serotinus,0.007,0.022,-1,Echolocation,/mnt/ubna_data_02_mir/recover-20221013/UBNA_001/20221012_030000.WAV,Telephone Field,recover-20221013,001,1795
1145.0285,1145.0667,68437,81770,Rhinolophus ferrumequinum,0.02,0.02,-1,Echolocation,/mnt/ubna_data_02_mir/recover-20221013/UBNA_001/20221012_030000.WAV,Telephone Field,recover-20221013,001,1795
1145.0445,1145.0537,28046,37470,Eptesicus serotinus,0.01,0.024,-1,Echolocation,/mnt/ubna_data_02_mir/recover-20221013/UBNA_001/20221012_030000.WAV,Telephone Field,recover-20221013,001,1795
1145.0465,1145.0841,68437,81589,Rhinolophus ferrumequinum,0.021,0.021,-1,Echolocation,/mnt/ubna_data_02_mir/recover-20221013/UBNA_001/20221012_030000.WAV,Telephone Field,recover-20221013,001,1795
1145.0735,1145.0845,23750,29503,Nyctalus leisleri,0.01,0.022,-1,Echolocation,/mnt/ubna_data_02_mir/recover-20221013/UBNA_001/20221012_030000.WAV,Telephone Field,recover-20221013,001,1795
1145.0845,1145.1248,68437,82581,Rhinolophus ferrumequinum,0.024,0.024,-1,Echolocation,/mnt/ubna_data_02_mir/recover-20221013/UBNA_001/20221012_030000.WAV,Telephone Field,recover-20221013,001,1795
1145.1105,1145.1176,23750,32446,Plecotus austriacus,0.01,0.021,-1,Echolocation,/mnt/ubna_data_02_mir/recover-20221013/UBNA_001/20221012_030000.WAV,Telephone Field,recover-20221013,001,1795
1145.1125,1145.1503,68437,81908,Rhinolophus ferrumequinum,0.02,0.02,-1,Echolocation,/mnt/ubna_data_02_mir/recover-20221013/UBNA_001/20221012_030000.WAV,Telephone Field,recover-20221013,001,1795
1145.1485,1145.1886,68437,82662,Rhinolophus ferrumequinum,0.029,0.029,-1,Echolocation,/mnt/ubna_data_02_mir/recover-20221013/UBNA_001/20221012_030000.WAV,Telephone Field,recover-20221013,001,1795
1145.1835,1145.1923,24609,31876,Eptesicus serotinus,0.008,0.022,-1,Echolocation,/mnt/ubna_data_02_mir/recover-20221013/UBNA_001/20221012_030000.WAV,Telephone Field,recover-20221013,001,1795
1145.1845,1145.2248,68437,83214,Rhinolophus ferrumequinum,0.027,0.027,-1,Echolocation,/mnt/ubna_data_02_mir/recover-20221013/UBNA_001/20221012_030000.WAV,Telephone Field,recover-20221013,001,1795
1145.1985,1145.206,37500,45645,Myotis daubentonii,0.009,0.023,-1,Echolocation,/mnt/ubna_data_02_mir/recover-20221013/UBNA_001/20221012_030000.WAV,Telephone Field,recover-20221013,001,1795
1145.1995,1145.2097,22890,28575,Nyctalus leisleri,0.009,0.021,-1,Echolocation,/mnt/ubna_data_02_mir/recover-20221013/UBNA_001/20221012_030000.WAV,Telephone Field,recover-20221013,001,1795
1145.2025,1145.2089,31484,46868,Myotis daubentonii,0.009,0.021,-1,Echolocation,/mnt/ubna_data_02_mir/recover-20221013/UBNA_001/20221012_030000.WAV,Telephone Field,recover-20221013,001,1795
1145.2145,1145.2527,68437,81696,Rhinolophus ferrumequinum,0.023,0.023,-1,Echolocation,/mnt/ubna_data_02_mir/recover-20221013/UBNA_001/20221012_030000.WAV,Telephone Field,recover-20221013,001,1795
1145.2195,1145.2292,28906,36731,Eptesicus serotinus,0.013,0.026,-1,Echolocation,/mnt/ubna_data_02_mir/recover-20221013/UBNA_001/20221012_030000.WAV,Telephone Field,recover-20221013,001,1795
1145.2305,1145.2677,68437,81945,Rhinolophus ferrumequinum,0.022,0.022,-1,Echolocation,/mnt/ubna_data_02_mir/recover-20221013/UBNA_001/20221012_030000.WAV,Telephone Field,recover-20221013,001,1795
1145.2705,1145.31,68437,82463,Rhinolophus ferrumequinum,0.024,0.024,-1,Echolocation,/mnt/ubna_data_02_mir/recover-20221013/UBNA_001/20221012_030000.WAV,Telephone Field,recover-20221013,001,1795
1145.3055,1145.3446,68437,82073,Rhinolophus ferrumequinum,0.021,0.021,-1,Echolocation,/mnt/ubna_data_02_mir/recover-20221013/UBNA_001/20221012_030000.WAV,Telephone Field,recover-20221013,001,1795
1145.3215,1145.361,68437,82077,Rhinolophus ferrumequinum,0.02,0.02,-1,Echolocation,/mnt/ubna_data_02_mir/recover-20221013/UBNA_001/20221012_030000.WAV,Telephone Field,recover-20221013,001,1795
1145.3465,1145.3571,45234,49590,Pipistrellus pipistrellus,0.02,0.022,-1,Echolocation,/mnt/ubna_data_02_mir/recover-20221013/UBNA_001/20221012_030000.WAV,Telephone Field,recover-20221013,001,1795
1145.3475,1145.3851,68437,81612,Rhinolophus ferrumequinum,0.02,0.02,-1,Echolocation,/mnt/ubna_data_02_mir/recover-20221013/UBNA_001/20221012_030000.WAV,Telephone Field,recover-20221013,001,1795
1145.3635,1145.3719,28046,38494,Eptesicus serotinus,0.008,0.021,-1,Echolocation,/mnt/ubna_data_02_mir/recover-20221013/UBNA_001/20221012_030000.WAV,Telephone Field,recover-20221013,001,1795
1145.3665,1145.4067,68437,82456,Rhinolophus ferrumequinum,0.022,0.022,-1,Echolocation,/mnt/ubna_data_02_mir/recover-20221013/UBNA_001/20221012_030000.WAV,Telephone Field,recover-20221013,001,1795
1145.3835,1145.4226,68437,82386,Rhinolophus ferrumequinum,0.023,0.023,-1,Echolocation,/mnt/ubna_data_02_mir/recover-20221013/UBNA_001/20221012_030000.WAV,Telephone Field,recover-20221013,001,1795
1145.4255,1145.4651,68437,81918,Rhinolophus ferrumequinum,0.025,0.025,-1,Echolocation,/mnt/ubna_data_02_mir/recover-20221013/UBNA_001/20221012_030000.WAV,Telephone Field,recover-20221013,001,1795
1145.4285,1145.4366,28046,37965,Eptesicus serotinus,0.007,0.022,-1,Echolocation,/mnt/ubna_data_02_mir/recover-20221013/UBNA_001/20221012_030000.WAV,Telephone Field,recover-20221013,001,1795
1145.4405,1145.4511,28906,36158,Eptesicus serotinus,0.01,0.022,-1,Echolocation,/mnt/ubna_data_02_mir/recover-20221013/UBNA_001/20221012_030000.WAV,Telephone Field,recover-20221013,001,1795
1145.4575,1145.465,28046,38940,Eptesicus serotinus,0.007,0.021,-1,Echolocation,/mnt/ubna_data_02_mir/recover-20221013/UBNA_001/20221012_030000.WAV,Telephone Field,recover-20221013,001,1795
1145.4785,1145.5213,68437,83331,Rhinolophus ferrumequinum,0.028,0.028,-1,Echolocation,/mnt/ubna_data_02_mir/recover-20221013/UBNA_001/20221012_030000.WAV,Telephone Field,recover-20221013,001,1795
1145.4925,1145.5273,68437,81311,Rhinolophus ferrumequinum,0.02,0.02,-1,Echolocation,/mnt/ubna_data_02_mir/recover-20221013/UBNA_001/20221012_030000.WAV,Telephone Field,recover-20221013,001,1795
1145.5045,1145.5414,68437,81882,Rhinolophus ferrumequinum,0.023,0.023,-1,Echolocation,/mnt/ubna_data_02_mir/recover-20221013/UBNA_001/20221012_030000.WAV,Telephone Field,recover-20221013,001,1795
1145.5115,1145.5491,68437,82177,Rhinolophus ferrumequinum,0.025,0.025,-1,Echolocation,/mnt/ubna_data_02_mir/recover-20221013/UBNA_001/20221012_030000.WAV,Telephone Field,recover-20221013,001,1795
1145.5425,1145.5835,68437,82492,Rhinolophus ferrumequinum,0.022,0.022,-1,Echolocation,/mnt/ubna_data_02_mir/recover-20221013/UBNA_001/20221012_030000.WAV,Telephone Field,recover-20221013,001,1795
1145.5525,1145.5645,22031,26187,Nyctalus leisleri,0.012,0.02,-1,Echolocation,/mnt/ubna_data_02_mir/recover-20221013/UBNA_001/20221012_030000.WAV,Telephone Field,recover-20221013,001,1795
1145.6095,1145.6488,68437,81947,Rhinolophus ferrumequinum,0.021,0.021,-1,Echolocation,/mnt/ubna_data_02_mir/recover-20221013/UBNA_001/20221012_030000.WAV,Telephone Field,recover-20221013,001,1795
1145.6165,1145.6566,68437,82305,Rhinolophus ferrumequinum,0.021,0.021,-1,Echolocation,/mnt/ubna_data_02_mir/recover-20221013/UBNA_001/20221012_030000.WAV,Telephone Field,recover-20221013,001,1795
1145.6265,1145.6381,26328,32051,Eptesicus serotinus,0.016,0.035,-1,Echolocation,/mnt/ubna_data_02_mir/recover-20221013/UBNA_001/20221012_030000.WAV,Telephone Field,recover-20221013,001,1795
1145.6495,1145.6875,68437,81364,Rhinolophus ferrumequinum,0.02,0.02,-1,Echolocation,/mnt/ubna_data_02_mir/recover-20221013/UBNA_001/20221012_030000.WAV,Telephone Field,recover-20221013,001,1795
1145.7155,1145.7527,68437,81012,Rhinolophus ferrumequinum,0.024,0.024,-1,Echolocation,/mnt/ubna_data_02_mir/recover-20221013/UBNA_001/20221012_030000.WAV,Telephone Field,recover-20221013,001,1795
1145.7205,1145.728,28906,39194,Eptesicus serotinus,0.008,0.027,-1,Echolocation,/mnt/ubna_data_02_mir/recover-20221013/UBNA_001/20221012_030000.WAV,Telephone Field,recover-20221013,001,1795
1145.7405,1145.7507,28046,36330,Eptesicus serotinus,0.015,0.027,-1,Echolocation,/mnt/ubna_data_02_mir/recover-20221013/UBNA_001/20221012_030000.WAV,Telephone Field,recover-20221013,001,1795
1145.7495,1145.7904,68437,82381,Rhinolophus ferrumequinum,0.02,0.02,-1,Echolocation,/mnt/ubna_data_02_mir/recover-20221013/UBNA_001/20221012_030000.WAV,Telephone Field,recover-20221013,001,1795
1145.7515,1145.7593,26328,35565,Eptesicus serotinus,0.009,0.028,-1,Echolocation,/mnt/ubna_data_02_mir/recover-20221013/UBNA_001/20221012_030000.WAV,Telephone Field,recover-20221013,001,1795
1145.7695,1145.8066,68437,81787,Rhinolophus ferrumequinum,0.021,0.021,-1,Echolocation,/mnt/ubna_data_02_mir/recover-20221013/UBNA_001/20221012_030000.WAV,Telephone Field,recover-20221013,001,1795
1145.7755,1145.8133,68437,82433,Rhinolophus ferrumequinum,0.02,0.02,-1,Echolocation,/mnt/ubna_data_02_mir/recover-20221013/UBNA_001/20221012_030000.WAV,Telephone Field,recover-20221013,001,1795
1145.7825,1145.8191,68437,82051,Rhinolophus ferrumequinum,0.021,0.021,-1,Echolocation,/mnt/ubna_data_02_mir/recover-20221013/UBNA_001/20221012_030000.WAV,Telephone Field,recover-20221013,001,1795
1145.8005,1145.8389,68437,81420,Rhinolophus ferrumequinum,0.022,0.022,-1,Echolocation,/mnt/ubna_data_02_mir/recover-20221013/UBNA_001/20221012_030000.WAV,Telephone Field,recover-20221013,001,1795
1145.8005,1145.8107,22890,28556,Nyctalus leisleri,0.009,0.02,-1,Echolocation,/mnt/ubna_data_02_mir/recover-20221013/UBNA_001/20221012_030000.WAV,Telephone Field,recover-20221013,001,1795
1145.8095,1145.847,68437,82309,Rhinolophus ferrumequinum,0.021,0.021,-1,Echolocation,/mnt/ubna_data_02_mir/recover-20221013/UBNA_001/20221012_030000.WAV,Telephone Field,recover-20221013,001,1795
1145.8275,1145.8377,22890,28097,Nyctalus leisleri,0.011,0.025,-1,Echolocation,/mnt/ubna_data_02_mir/recover-20221013/UBNA_001/20221012_030000.WAV,Telephone Field,recover-20221013,001,1795
1145.8445,1145.8867,68437,82524,Rhinolophus ferrumequinum,0.026,0.026,-1,Echolocation,/mnt/ubna_data_02_mir/recover-20221013/UBNA_001/20221012_030000.WAV,Telephone Field,recover-20221013,001,1795
1145.8665,1145.9029,68437,82039,Rhinolophus ferrumequinum,0.024,0.024,-1,Echolocation,/mnt/ubna_data_02_mir/recover-20221013/UBNA_001/20221012_030000.WAV,Telephone Field,recover-20221013,001,1795
1145.8995,1145.9069,23750,32117,Plecotus austriacus,0.009,0.021,-1,Echolocation,/mnt/ubna_data_02_mir/recover-20221013/UBNA_001/20221012_030000.WAV,Telephone Field,recover-20221013,001,1795
1145.9325,1145.9739,68437,82282,Rhinolophus ferrumequinum,0.024,0.024,-1,Echolocation,/mnt/ubna_data_02_mir/recover-20221013/UBNA_001/20221012_030000.WAV,Telephone Field,recover-20221013,001,1795
1145.9415,1145.9508,25468,34156,Eptesicus serotinus,0.007,0.022,-1,Echolocation,/mnt/ubna_data_02_mir/recover-20221013/UBNA_001/20221012_030000.WAV,Telephone Field,recover-20221013,001,1795
1145.9815,1145.9913,29765,37303,Eptesicus serotinus,0.009,0.026,-1,Echolocation,/mnt/ubna_data_02_mir/recover-20221013/UBNA_001/20221012_030000.WAV,Telephone Field,recover-20221013,001,1795
1146.0015,1146.0375,68437,80191,Rhinolophus ferrumequinum,0.051,0.052,-1,Echolocation,/mnt/ubna_data_02_mir/recover-20221013/UBNA_001/20221012_030000.WAV,Telephone Field,recover-20221013,001,1795
1146.0015,1146.0083,38359,49911,Myotis daubentonii,0.007,0.021,-1,Echolocation,/mnt/ubna_data_02_mir/recover-20221013/UBNA_001/20221012_030000.WAV,Telephone Field,recover-20221013,001,1795
1146.0015,1146.0093,23750,34039,Nyctalus leisleri,0.008,0.029,-1,Echolocation,/mnt/ubna_data_02_mir/recover-20221013/UBNA_001/20221012_030000.WAV,Telephone Field,recover-20221013,001,1795
1146.0105,1146.0522,68437,82905,Rhinolophus ferrumequinum,0.021,0.021,-1,Echolocation,/mnt/ubna_data_02_mir/recover-20221013/UBNA_001/20221012_030000.WAV,Telephone Field,recover-20221013,001,1795
1146.0225,1146.0588,68437,81397,Rhinolophus ferrumequinum,0.022,0.022,-1,Echolocation,/mnt/ubna_data_02_mir/recover-20221013/UBNA_001/20221012_030000.WAV,Telephone Field,recover-20221013,001,1795
1146.0365,1146.047,23750,29858,Nyctalus leisleri,0.008,0.022,-1,Echolocation,/mnt/ubna_data_02_mir/recover-20221013/UBNA_001/20221012_030000.WAV,Telephone Field,recover-20221013,001,1795
1146.0395,1146.0744,68437,81751,Rhinolophus ferrumequinum,0.02,0.02,-1,Echolocation,/mnt/ubna_data_02_mir/recover-20221013/UBNA_001/20221012_030000.WAV,Telephone Field,recover-20221013,001,1795
1146.0605,1146.0995,68437,82229,Rhinolophus ferrumequinum,0.022,0.022,-1,Echolocation,/mnt/ubna_data_02_mir/recover-20221013/UBNA_001/20221012_030000.WAV,Telephone Field,recover-20221013,001,1795
1146.0785,1146.089,29765,37556,Eptesicus serotinus,0.012,0.026,-1,Echolocation,/mnt/ubna_data_02_mir/recover-20221013/UBNA_001/20221012_030000.WAV,Telephone Field,recover-20221013,001,1795
1146.0845,1146.1252,68437,82760,Rhinolophus ferrumequinum,0.021,0.021,-1,Echolocation,/mnt/ubna_data_02_mir/recover-20221013/UBNA_001/20221012_030000.WAV,Telephone Field,recover-20221013,001,1795
1146.0855,1146.0944,22890,29702,Plecotus austriacus,0.009,0.023,-1,Echolocation,/mnt/ubna_data_02_mir/recover-20221013/UBNA_001/20221012_030000.WAV,Telephone Field,recover-20221013,001,1795
1146.1045,1146.115,23750,29946,Nyctalus leisleri,0.007,0.02,-1,Echolocation,/mnt/ubna_data_02_mir/recover-20221013/UBNA_001/20221012_030000.WAV,Telephone Field,recover-20221013,001,1795
1146.1265,1146.1663,68437,82260,Rhinolophus ferrumequinum,0.022,0.022,-1,Echolocation,/mnt/ubna_data_02_mir/recover-20221013/UBNA_001/20221012_030000.WAV,Telephone Field,recover-20221013,001,1795
1146.1315,1146.1696,68437,81863,Rhinolophus ferrumequinum,0.02,0.02,-1,Echolocation,/mnt/ubna_data_02_mir/recover-20221013/UBNA_001/20221012_030000.WAV,Telephone Field,recover-20221013,001,1795
1146.1545,1146.1638,25468,33864,Eptesicus serotinus,0.013,0.029,-1,Echolocation,/mnt/ubna_data_02_mir/recover-20221013/UBNA_001/20221012_030000.WAV,Telephone Field,recover-20221013,001,1795
1146.1555,1146.1943,68437,82664,Rhinolophus ferrumequinum,0.024,0.024,-1,Echolocation,/mnt/ubna_data_02_mir/recover-20221013/UBNA_001/20221012_030000.WAV,Telephone Field,recover-20221013,001,1795
1146.1835,1146.2223,68437,81978,Rhinolophus ferrumequinum,0.022,0.022,-1,Echolocation,/mnt/ubna_data_02_mir/recover-20221013/UBNA_001/20221012_030000.WAV,Telephone Field,recover-20221013,001,1795
1146.2055,1146.2429,68437,81359,Rhinolophus ferrumequinum,0.023,0.023,-1,Echolocation,/mnt/ubna_data_02_mir/recover-20221013/UBNA_001/20221012_030000.WAV,Telephone Field,recover-20221013,001,1795
1146.2105,1146.2183,27187,39448,Eptesicus serotinus,0.008,0.026,-1,Echolocation,/mnt/ubna_data_02_mir/recover-20221013/UBNA_001/20221012_030000.WAV,Telephone Field,recover-20221013,001,1795
1146.2115,1146.2519,68437,82507,Rhinolophus ferrumequinum,0.023,0.023,-1,Echolocation,/mnt/ubna_data_02_mir/recover-20221013/UBNA_001/20221012_030000.WAV,Telephone Field,recover-20221013,001,1795
1146.2335,1146.2441,28046,35310,Eptesicus serotinus,0.009,0.021,-1,Echolocation,/mnt/ubna_data_02_mir/recover-20221013/UBNA_001/20221012_030000.WAV,Telephone Field,recover-20221013,001,1795
1146.2375,1146.2787,68437,82373,Rhinolophus ferrumequinum,0.023,0.023,-1,Echolocation,/mnt/ubna_data_02_mir/recover-20221013/UBNA_001/20221012_030000.WAV,Telephone Field,recover-20221013,001,1795
1146.2405,1146.2492,50390,57233,Pipistrellus pipistrellus,0.02,0.023,-1,Echolocation,/mnt/ubna_data_02_mir/recover-20221013/UBNA_001/20221012_030000.WAV,Telephone Field,recover-20221013,001,1795
1146.2475,1146.2553,27187,39223,Eptesicus serotinus,0.007,0.021,-1,Echolocation,/mnt/ubna_data_02_mir/recover-20221013/UBNA_001/20221012_030000.WAV,Telephone Field,recover-20221013,001,1795
1146.2915,1146.2991,28046,39172,Eptesicus serotinus,0.007,0.02,-1,Echolocation,/mnt/ubna_data_02_mir/recover-20221013/UBNA_001/20221012_030000.WAV,Telephone Field,recover-20221013,001,1795
1146.3035,1146.3109,28046,40898,Eptesicus serotinus,0.006,0.021,-1,Echolocation,/mnt/ubna_data_02_mir/recover-20221013/UBNA_001/20221012_030000.WAV,Telephone Field,recover-20221013,001,1795
1146.3255,1146.3647,68437,81988,Rhinolophus ferrumequinum,0.023,0.023,-1,Echolocation,/mnt/ubna_data_02_mir/recover-20221013/UBNA_001/20221012_030000.WAV,Telephone Field,recover-20221013,001,1795
1146.3705,1146.4073,68437,81767,Rhinolophus ferrumequinum,0.021,0.021,-1,Echolocation,/mnt/ubna_data_02_mir/recover-20221013/UBNA_001/20221012_030000.WAV,Telephone Field,recover-20221013,001,1795
1146.3915,1146.4285,68437,81888,Rhinolophus ferrumequinum,0.022,0.022,-1,Echolocation,/mnt/ubna_data_02_mir/recover-20221013/UBNA_001/20221012_030000.WAV,Telephone Field,recover-20221013,001,1795
1146.4005,1146.4106,22031,27571,Nyctalus leisleri,0.009,0.022,-1,Echolocation,/mnt/ubna_data_02_mir/recover-20221013/UBNA_001/20221012_030000.WAV,Telephone Field,recover-20221013,001,1795
1146.4165,1146.4308,22890,27488,Nyctalus leisleri,0.014,0.027,-1,Echolocation,/mnt/ubna_data_02_mir/recover-20221013/UBNA_001/20221012_030000.WAV,Telephone Field,recover-20221013,001,1795
1146.4205,1146.4577,68437,82016,Rhinolophus ferrumequinum,0.023,0.023,-1,Echolocation,/mnt/ubna_data_02_mir/recover-20221013/UBNA_001/20221012_030000.WAV,Telephone Field,recover-20221013,001,1795
1146.4365,1146.4471,22031,26227,Nyctalus leisleri,0.012,0.021,-1,Echolocation,/mnt/ubna_data_02_mir/recover-20221013/UBNA_001/20221012_030000.WAV,Telephone Field,recover-20221013,001,1795
1146.4395,1146.4773,68437,82137,Rhinolophus ferrumequinum,0.025,0.025,-1,Echolocation,/mnt/ubna_data_02_mir/recover-20221013/UBNA_001/20221012_030000.WAV,Telephone Field,recover-20221013,001,1795
1146.4465,1146.483,68437,81367,Rhinolophus ferrumequinum,0.021,0.022,-1,Echolocation,/mnt/ubna_data_02_mir/recover-20221013/UBNA_001/20221012_030000.WAV,Telephone Field,recover-20221013,001,1795
1146.4655,1146.5036,68437,81999,Rhinolophus ferrumequinum,0.02,0.02,-1,Echolocation,/mnt/ubna_data_02_mir/recover-20221013/UBNA_001/20221012_030000.WAV,Telephone Field,recover-20221013,001,1795
1146.4855,1146.4953,27187,35893,Eptesicus serotinus,0.01,0.022,-1,Echolocation,/mnt/ubna_data_02_mir/recover-20221013/UBNA_001/20221012_030000.WAV,Telephone Field,recover-20221013,001,1795
1146.5225,1146.5609,68437,81977,Rhinolophus ferrumequinum,0.02,0.02,-1,Echolocation,/mnt/ubna_data_02_mir/recover-20221013/UBNA_001/20221012_030000.WAV,Telephone Field,recover-20221013,001,1795
1146.5295,1146.5376,28046,39652,Eptesicus serotinus,0.007,0.021,-1,Echolocation,/mnt/ubna_data_02_mir/recover-20221013/UBNA_001/20221012_030000.WAV,Telephone Field,recover-20221013,001,1795
1146.5415,1146.5804,68437,82687,Rhinolophus ferrumequinum,0.024,0.024,-1,Echolocation,/mnt/ubna_data_02_mir/recover-20221013/UBNA_001/20221012_030000.WAV,Telephone Field,recover-20221013,001,1795
1146.5615,1146.5928,68437,80106,Rhinolophus ferrumequinum,0.023,0.023,-1,Echolocation,/mnt/ubna_data_02_mir/recover-20221013/UBNA_001/20221012_030000.WAV,Telephone Field,recover-20221013,001,1795
1146.5915,1146.6312,68437,81820,Rhinolophus ferrumequinum,0.022,0.022,-1,Echolocation,/mnt/ubna_data_02_mir/recover-20221013/UBNA_001/20221012_030000.WAV,Telephone Field,recover-20221013,001,1795
1146.5995,1146.6072,28046,39767,Eptesicus serotinus,0.006,0.02,-1,Echolocation,/mnt/ubna_data_02_mir/recover-20221013/UBNA_001/20221012_030000.WAV,Telephone Field,recover-20221013,001,1795
1146.6205,1146.6573,68437,80845,Rhinolophus ferrumequinum,0.022,0.022,-1,Echolocation,/mnt/ubna_data_02_mir/recover-20221013/UBNA_001/20221012_030000.WAV,Telephone Field,recover-20221013,001,1795
1146.6215,1146.6307,28046,40018,Eptesicus serotinus,0.008,0.022,-1,Echolocation,/mnt/ubna_data_02_mir/recover-20221013/UBNA_001/20221012_030000.WAV,Telephone Field,recover-20221013,001,1795
1146.6705,1146.7111,68437,82387,Rhinolophus ferrumequinum,0.022,0.022,-1,Echolocation,/mnt/ubna_data_02_mir/recover-20221013/UBNA_001/20221012_030000.WAV,Telephone Field,recover-20221013,001,1795
1146.6995,1146.7385,68437,81593,Rhinolophus ferrumequinum,0.022,0.023,-1,Echolocation,/mnt/ubna_data_02_mir/recover-20221013/UBNA_001/20221012_030000.WAV,Telephone Field,recover-20221013,001,1795
1146.7085,1146.7173,24609,32648,Eptesicus serotinus,0.008,0.022,-1,Echolocation,/mnt/ubna_data_02_mir/recover-20221013/UBNA_001/20221012_030000.WAV,Telephone Field,recover-20221013,001,1795
1146.7155,1146.7543,68437,82492,Rhinolophus ferrumequinum,0.022,0.022,-1,Echolocation,/mnt/ubna_data_02_mir/recover-20221013/UBNA_001/20221012_030000.WAV,Telephone Field,recover-20221013,001,1795
1146.7345,1146.7737,68437,82138,Rhinolophus ferrumequinum,0.031,0.031,-1,Echolocation,/mnt/ubna_data_02_mir/recover-20221013/UBNA_001/20221012_030000.WAV,Telephone Field,recover-20221013,001,1795
1146.7565,1146.7672,28046,34320,Eptesicus serotinus,0.009,0.023,-1,Echolocation,/mnt/ubna_data_02_mir/recover-20221013/UBNA_001/20221012_030000.WAV,Telephone Field,recover-20221013,001,1795
1146.7695,1146.8089,68437,82410,Rhinolophus ferrumequinum,0.024,0.024,-1,Echolocation,/mnt/ubna_data_02_mir/recover-20221013/UBNA_001/20221012_030000.WAV,Telephone Field,recover-20221013,001,1795
1146.7965,1146.8361,68437,82113,Rhinolophus ferrumequinum,0.024,0.024,-1,Echolocation,/mnt/ubna_data_02_mir/recover-20221013/UBNA_001/20221012_030000.WAV,Telephone Field,recover-20221013,001,1795
1146.8345,1146.8457,15156,21487,Nyctalus noctula,0.011,0.021,-1,Echolocation,/mnt/ubna_data_02_mir/recover-20221013/UBNA_001/20221012_030000.WAV,Telephone Field,recover-20221013,001,1795
1146.8755,1146.8833,28046,36069,Eptesicus serotinus,0.022,0.047,-1,Echolocation,/mnt/ubna_data_02_mir/recover-20221013/UBNA_001/20221012_030000.WAV,Telephone Field,recover-20221013,001,1795
1146.8885,1146.9285,68437,82292,Rhinolophus ferrumequinum,0.02,0.02,-1,Echolocation,/mnt/ubna_data_02_mir/recover-20221013/UBNA_001/20221012_030000.WAV,Telephone Field,recover-20221013,001,1795
1146.9505,1146.9869,68437,81315,Rhinolophus ferrumequinum,0.02,0.02,-1,Echolocation,/mnt/ubna_data_02_mir/recover-20221013/UBNA_001/20221012_030000.WAV,Telephone Field,recover-20221013,001,1795
1146.9745,1147.0154,68437,82995,Rhinolophus ferrumequinum,0.022,0.022,-1,Echolocation,/mnt/ubna_data_02_mir/recover-20221013/UBNA_001/20221012_030000.WAV,Telephone Field,recover-20221013,001,1795
1146.9965,1147.0325,68437,81856,Rhinolophus ferrumequinum,0.021,0.021,-1,Echolocation,/mnt/ubna_data_02_mir/recover-20221013/UBNA_001/20221012_030000.WAV,Telephone Field,recover-20221013,001,1795
1147.0225,1147.0332,22890,27911,Nyctalus leisleri,0.009,0.021,-1,Echolocation,/mnt/ubna_data_02_mir/recover-20221013/UBNA_001/20221012_030000.WAV,Telephone Field,recover-20221013,001,1795
1147.0415,1147.0493,44375,50171,Pipistrellus pipistrellus,0.026,0.032,-1,Echolocation,/mnt/ubna_data_02_mir/recover-20221013/UBNA_001/20221012_030000.WAV,Telephone Field,recover-20221013,001,1795
1147.0565,1147.0925,68437,81495,Rhinolophus ferrumequinum,0.021,0.021,-1,Echolocation,/mnt/ubna_data_02_mir/recover-20221013/UBNA_001/20221012_030000.WAV,Telephone Field,recover-20221013,001,1795
1147.0655,1147.077,49531,54095,Pipistrellus pipistrellus,0.048,0.055,-1,Echolocation,/mnt/ubna_data_02_mir/recover-20221013/UBNA_001/20221012_030000.WAV,Telephone Field,recover-20221013,001,1795
1147.0675,1147.0751,27187,40039,Eptesicus serotinus,0.007,0.023,-1,Echolocation,/mnt/ubna_data_02_mir/recover-20221013/UBNA_001/20221012_030000.WAV,Telephone Field,recover-20221013,001,1795
1147.0825,1147.0929,23750,30112,Nyctalus leisleri,0.01,0.026,-1,Echolocation,/mnt/ubna_data_02_mir/recover-20221013/UBNA_001/20221012_030000.WAV,Telephone Field,recover-20221013,001,1795
1147.0925,1147.1009,28046,41183,Eptesicus serotinus,0.007,0.021,-1,Echolocation,/mnt/ubna_data_02_mir/recover-20221013/UBNA_001/20221012_030000.WAV,Telephone Field,recover-20221013,001,1795
1147.0985,1147.1084,30625,39540,Eptesicus serotinus,0.008,0.022,-1,Echolocation,/mnt/ubna_data_02_mir/recover-20221013/UBNA_001/20221012_030000.WAV,Telephone Field,recover-20221013,001,1795
1147.1155,1147.1552,68437,81607,Rhinolophus ferrumequinum,0.021,0.021,-1,Echolocation,/mnt/ubna_data_02_mir/recover-20221013/UBNA_001/20221012_030000.WAV,Telephone Field,recover-20221013,001,1795
1147.1285,1147.1688,68437,82149,Rhinolophus ferrumequinum,0.02,0.02,-1,Echolocation,/mnt/ubna_data_02_mir/recover-20221013/UBNA_001/20221012_030000.WAV,Telephone Field,recover-20221013,001,1795
1147.1355,1147.1474,24609,30571,Nyctalus leisleri,0.015,0.036,-1,Echolocation,/mnt/ubna_data_02_mir/recover-20221013/UBNA_001/20221012_030000.WAV,Telephone Field,recover-20221013,001,1795
1147.2045,1147.2473,68437,82501,Rhinolophus ferrumequinum,0.028,0.028,-1,Echolocation,/mnt/ubna_data_02_mir/recover-20221013/UBNA_001/20221012_030000.WAV,Telephone Field,recover-20221013,001,1795
1147.2265,1147.2654,68437,82395,Rhinolophus ferrumequinum,0.022,0.022,-1,Echolocation,/mnt/ubna_data_02_mir/recover-20221013/UBNA_001/20221012_030000.WAV,Telephone Field,recover-20221013,001,1795
1147.2455,1147.2882,68437,82871,Rhinolophus ferrumequinum,0.028,0.028,-1,Echolocation,/mnt/ubna_data_02_mir/recover-20221013/UBNA_001/20221012_030000.WAV,Telephone Field,recover-20221013,001,1795
1147.2845,1147.3227,68437,82057,Rhinolophus ferrumequinum,0.02,0.02,-1,Echolocation,/mnt/ubna_data_02_mir/recover-20221013/UBNA_001/20221012_030000.WAV,Telephone Field,recover-20221013,001,1795
1147.3105,1147.3496,68437,81733,Rhinolophus ferrumequinum,0.024,0.024,-1,Echolocation,/mnt/ubna_data_02_mir/recover-20221013/UBNA_001/20221012_030000.WAV,Telephone Field,recover-20221013,001,1795
1147.3555,1147.395,68437,82331,Rhinolophus ferrumequinum,0.025,0.025,-1,Echolocation,/mnt/ubna_data_02_mir/recover-20221013/UBNA_001/20221012_030000.WAV,Telephone Field,recover-20221013,001,1795
1147.3585,1147.3677,26328,37139,Eptesicus serotinus,0.008,0.02,-1,Echolocation,/mnt/ubna_data_02_mir/recover-20221013/UBNA_001/20221012_030000.WAV,Telephone Field,recover-20221013,001,1795
1147.3835,1147.4232,68437,82390,Rhinolophus ferrumequinum,0.02,0.02,-1,Echolocation,/mnt/ubna_data_02_mir/recover-20221013/UBNA_001/20221012_030000.WAV,Telephone Field,recover-20221013,001,1795
1147.4265,1147.434,27187,36359,Eptesicus serotinus,0.006,0.02,-1,Echolocation,/mnt/ubna_data_02_mir/recover-20221013/UBNA_001/20221012_030000.WAV,Telephone Field,recover-20221013,001,1795
1147.4475,1147.4552,28046,39241,Eptesicus serotinus,0.006,0.02,-1,Echolocation,/mnt/ubna_data_02_mir/recover-20221013/UBNA_001/20221012_030000.WAV,Telephone Field,recover-20221013,001,1795
1147.4675,1147.5048,68437,82202,Rhinolophus ferrumequinum,0.021,0.022,-1,Echolocation,/mnt/ubna_data_02_mir/recover-20221013/UBNA_001/20221012_030000.WAV,Telephone Field,recover-20221013,001,1795
1147.4875,1147.5023,22890,26639,Nyctalus leisleri,0.015,0.027,-1,Echolocation,/mnt/ubna_data_02_mir/recover-20221013/UBNA_001/20221012_030000.WAV,Telephone Field,recover-20221013,001,1795
1147.5045,1147.5466,68437,83032,Rhinolophus ferrumequinum,0.045,0.045,-1,Echolocation,/mnt/ubna_data_02_mir/recover-20221013/UBNA_001/20221012_030000.WAV,Telephone Field,recover-20221013,001,1795
1147.5105,1147.5183,28046,38434,Eptesicus serotinus,0.006,0.02,-1,Echolocation,/mnt/ubna_data_02_mir/recover-20221013/UBNA_001/20221012_030000.WAV,Telephone Field,recover-20221013,001,1795
1147.5335,1147.572,68437,82388,Rhinolophus ferrumequinum,0.025,0.025,-1,Echolocation,/mnt/ubna_data_02_mir/recover-20221013/UBNA_001/20221012_030000.WAV,Telephone Field,recover-20221013,001,1795
1147.5665,1147.6015,68437,81562,Rhinolophus ferrumequinum,0.02,0.02,-1,Echolocation,/mnt/ubna_data_02_mir/recover-20221013/UBNA_001/20221012_030000.WAV,Telephone Field,recover-20221013,001,1795
1147.6045,1147.6142,22890,29240,Nyctalus leisleri,0.007,0.02,-1,Echolocation,/mnt/ubna_data_02_mir/recover-20221013/UBNA_001/20221012_030000.WAV,Telephone Field,recover-20221013,001,1795
1147.6575,1147.6966,68437,81512,Rhinolophus ferrumequinum,0.021,0.021,-1,Echolocation,/mnt/ubna_data_02_mir/recover-20221013/UBNA_001/20221012_030000.WAV,Telephone Field,recover-20221013,001,1795
1147.6865,1147.7229,68437,81214,Rhinolophus ferrumequinum,0.02,0.02,-1,Echolocation,/mnt/ubna_data_02_mir/recover-20221013/UBNA_001/20221012_030000.WAV,Telephone Field,recover-20221013,001,1795
1147.6965,1147.7288,68437,80441,Rhinolophus ferrumequinum,0.02,0.021,-1,Echolocation,/mnt/ubna_data_02_mir/recover-20221013/UBNA_001/20221012_030000.WAV,Telephone Field,recover-20221013,001,1795
1147.7435,1147.779,68437,81740,Rhinolophus ferrumequinum,0.021,0.021,-1,Echolocation,/mnt/ubna_data_02_mir/recover-20221013/UBNA_001/20221012_030000.WAV,Telephone Field,recover-20221013,001,1795
1147.7445,1147.7528,23750,31700,Plecotus austriacus,0.007,0.02,-1,Echolocation,/mnt/ubna_data_02_mir/recover-20221013/UBNA_001/20221012_030000.WAV,Telephone Field,recover-20221013,001,1795
1147.7525,1147.7625,23750,30189,Nyctalus leisleri,0.009,0.023,-1,Echolocation,/mnt/ubna_data_02_mir/recover-20221013/UBNA_001/20221012_030000.WAV,Telephone Field,recover-20221013,001,1795
1147.7785,1147.8152,68437,81669,Rhinolophus ferrumequinum,0.021,0.022,-1,Echolocation,/mnt/ubna_data_02_mir/recover-20221013/UBNA_001/20221012_030000.WAV,Telephone Field,recover-20221013,001,1795
1147.7785,1147.788,27187,37781,Eptesicus serotinus,0.009,0.023,-1,Echolocation,/mnt/ubna_data_02_mir/recover-20221013/UBNA_001/20221012_030000.WAV,Telephone Field,recover-20221013,001,1795
1147.8045,1147.8427,68437,82287,Rhinolophus ferrumequinum,0.022,0.022,-1,Echolocation,/mnt/ubna_data_02_mir/recover-20221013/UBNA_001/20221012_030000.WAV,Telephone Field,recover-20221013,001,1795
1147.8275,1147.8389,26328,34135,Eptesicus serotinus,0.016,0.035,-1,Echolocation,/mnt/ubna_data_02_mir/recover-20221013/UBNA_001/20221012_030000.WAV,Telephone Field,recover-20221013,001,1795
1147.8305,1147.869,68437,82259,Rhinolophus ferrumequinum,0.021,0.021,-1,Echolocation,/mnt/ubna_data_02_mir/recover-20221013/UBNA_001/20221012_030000.WAV,Telephone Field,recover-20221013,001,1795
1147.8475,1147.8584,28046,34910,Eptesicus serotinus,0.027,0.043,-1,Echolocation,/mnt/ubna_data_02_mir/recover-20221013/UBNA_001/20221012_030000.WAV,Telephone Field,recover-20221013,001,1795
1147.8755,1147.8822,27187,46565,Eptesicus serotinus,0.006,0.022,-1,Echolocation,/mnt/ubna_data_02_mir/recover-20221013/UBNA_001/20221012_030000.WAV,Telephone Field,recover-20221013,001,1795
1147.8835,1147.9234,68437,82558,Rhinolophus ferrumequinum,0.022,0.022,-1,Echolocation,/mnt/ubna_data_02_mir/recover-20221013/UBNA_001/20221012_030000.WAV,Telephone Field,recover-20221013,001,1795
1147.9215,1147.9626,68437,82755,Rhinolophus ferrumequinum,0.036,0.036,-1,Echolocation,/mnt/ubna_data_02_mir/recover-20221013/UBNA_001/20221012_030000.WAV,Telephone Field,recover-20221013,001,1795
1147.9435,1147.9551,23750,27448,Nyctalus leisleri,0.014,0.023,-1,Echolocation,/mnt/ubna_data_02_mir/recover-20221013/UBNA_001/20221012_030000.WAV,Telephone Field,recover-20221013,001,1795
1147.9795,1147.9879,28046,38190,Eptesicus serotinus,0.007,0.02,-1,Echolocation,/mnt/ubna_data_02_mir/recover-20221013/UBNA_001/20221012_030000.WAV,Telephone Field,recover-20221013,001,1795
1148.0015,1148.0105,22890,29807,Nyctalus leisleri,0.009,0.029,-1,Echolocation,/mnt/ubna_data_02_mir/recover-20221013/UBNA_001/20221012_030000.WAV,Telephone Field,recover-20221013,001,1795
1148.0015,1148.0101,47812,53735,Pipistrellus pipistrellus,0.024,0.03,-1,Echolocation,/mnt/ubna_data_02_mir/recover-20221013/UBNA_001/20221012_030000.WAV,Telephone Field,recover-20221013,001,1795
1148.0015,1148.0331,69296,81596,Rhinolophus ferrumequinum,0.034,0.035,-1,Echolocation,/mnt/ubna_data_02_mir/recover-20221013/UBNA_001/20221012_030000.WAV,Telephone Field,recover-20221013,001,1795
1148.0135,1148.0536,68437,82561,Rhinolophus ferrumequinum,0.033,0.033,-1,Echolocation,/mnt/ubna_data_02_mir/recover-20221013/UBNA_001/20221012_030000.WAV,Telephone Field,recover-20221013,001,1795
1148.0675,1148.0755,22890,30321,Plecotus austriacus,0.009,0.022,-1,Echolocation,/mnt/ubna_data_02_mir/recover-20221013/UBNA_001/20221012_030000.WAV,Telephone Field,recover-20221013,001,1795
1148.0925,1148.0998,46953,50590,Pipistrellus pipistrellus,0.02,0.021,-1,Echolocation,/mnt/ubna_data_02_mir/recover-20221013/UBNA_001/20221012_030000.WAV,Telephone Field,recover-20221013,001,1795
1148.1165,1148.1247,28046,38261,Eptesicus serotinus,0.009,0.026,-1,Echolocation,/mnt/ubna_data_02_mir/recover-20221013/UBNA_001/20221012_030000.WAV,Telephone Field,recover-20221013,001,1795
1148.1395,1148.1802,68437,82369,Rhinolophus ferrumequinum,0.022,0.022,-1,Echolocation,/mnt/ubna_data_02_mir/recover-20221013/UBNA_001/20221012_030000.WAV,Telephone Field,recover-20221013,001,1795
1148.1455,1148.1872,68437,82731,Rhinolophus ferrumequinum,0.022,0.022,-1,Echolocation,/mnt/ubna_data_02_mir/recover-20221013/UBNA_001/20221012_030000.WAV,Telephone Field,recover-20221013,001,1795
1148.1475,1148.1666,20312,23196,Nyctalus leisleri,0.051,0.101,-1,Echolocation,/mnt/ubna_data_02_mir/recover-20221013/UBNA_001/20221012_030000.WAV,Telephone Field,recover-20221013,001,1795
1148.1645,1148.2029,68437,81525,Rhinolophus ferrumequinum,0.021,0.021,-1,Echolocation,/mnt/ubna_data_02_mir/recover-20221013/UBNA_001/20221012_030000.WAV,Telephone Field,recover-20221013,001,1795
1148.2595,1148.2952,68437,82024,Rhinolophus ferrumequinum,0.022,0.022,-1,Echolocation,/mnt/ubna_data_02_mir/recover-20221013/UBNA_001/20221012_030000.WAV,Telephone Field,recover-20221013,001,1795
1148.2885,1148.3322,68437,83351,Rhinolophus ferrumequinum,0.033,0.033,-1,Echolocation,/mnt/ubna_data_02_mir/recover-20221013/UBNA_001/20221012_030000.WAV,Telephone Field,recover-20221013,001,1795
1148.2985,1148.312,21171,24734,Nyctalus leisleri,0.014,0.021,-1,Echolocation,/mnt/ubna_data_02_mir/recover-20221013/UBNA_001/20221012_030000.WAV,Telephone Field,recover-20221013,001,1795
1148.3145,1148.3231,23750,30809,Plecotus austriacus,0.009,0.024,-1,Echolocation,/mnt/ubna_data_02_mir/recover-20221013/UBNA_001/20221012_030000.WAV,Telephone Field,recover-20221013,001,1795
1148.3155,1148.3243,28906,36741,Eptesicus serotinus,0.008,0.022,-1,Echolocation,/mnt/ubna_data_02_mir/recover-20221013/UBNA_001/20221012_030000.WAV,Telephone Field,recover-20221013,001,1795
1148.3375,1148.3488,28046,34484,Eptesicus serotinus,0.01,0.023,-1,Echolocation,/mnt/ubna_data_02_mir/recover-20221013/UBNA_001/20221012_030000.WAV,Telephone Field,recover-20221013,001,1795
1148.3475,1148.3822,68437,81070,Rhinolophus ferrumequinum,0.022,0.022,-1,Echolocation,/mnt/ubna_data_02_mir/recover-20221013/UBNA_001/20221012_030000.WAV,Telephone Field,recover-20221013,001,1795
1148.3645,1148.3986,68437,81465,Rhinolophus ferrumequinum,0.021,0.021,-1,Echolocation,/mnt/ubna_data_02_mir/recover-20221013/UBNA_001/20221012_030000.WAV,Telephone Field,recover-20221013,001,1795
1148.3815,1148.4222,68437,82065,Rhinolophus ferrumequinum,0.036,0.036,-1,Echolocation,/mnt/ubna_data_02_mir/recover-20221013/UBNA_001/20221012_030000.WAV,Telephone Field,recover-20221013,001,1795
1148.4905,1148.5303,68437,82499,Rhinolophus ferrumequinum,0.026,0.026,-1,Echolocation,/mnt/ubna_data_02_mir/recover-20221013/UBNA_001/20221012_030000.WAV,Telephone Field,recover-20221013,001,1795
1148.5075,1148.5463,68437,81799,Rhinolophus ferrumequinum,0.022,0.022,-1,Echolocation,/mnt/ubna_data_02_mir/recover-20221013/UBNA_001/20221012_030000.WAV,Telephone Field,recover-20221013,001,1795
1148.5205,1148.5269,28046,40737,Eptesicus serotinus,0.006,0.026,-1,Echolocation,/mnt/ubna_data_02_mir/recover-20221013/UBNA_001/20221012_030000.WAV,Telephone Field,recover-20221013,001,1795
1148.5545,1148.5928,68437,81404,Rhinolophus ferrumequinum,0.022,0.022,-1,Echolocation,/mnt/ubna_data_02_mir/recover-20221013/UBNA_001/20221012_030000.WAV,Telephone Field,recover-20221013,001,1795
1148.5725,1148.6097,68437,81796,Rhinolophus ferrumequinum,0.022,0.022,-1,Echolocation,/mnt/ubna_data_02_mir/recover-20221013/UBNA_001/20221012_030000.WAV,Telephone Field,recover-20221013,001,1795
1148.6015,1148.6107,28046,40715,Eptesicus serotinus,0.008,0.021,-1,Echolocation,/mnt/ubna_data_02_mir/recover-20221013/UBNA_001/20221012_030000.WAV,Telephone Field,recover-20221013,001,1795
1148.6075,1148.6144,28046,38954,Eptesicus serotinus,0.005,0.021,-1,Echolocation,/mnt/ubna_data_02_mir/recover-20221013/UBNA_001/20221012_030000.WAV,Telephone Field,recover-20221013,001,1795
1148.6865,1148.724,68437,82132,Rhinolophus ferrumequinum,0.023,0.023,-1,Echolocation,/mnt/ubna_data_02_mir/recover-20221013/UBNA_001/20221012_030000.WAV,Telephone Field,recover-20221013,001,1795
1148.7055,1148.7161,28046,37737,Eptesicus serotinus,0.019,0.034,-1,Echolocation,/mnt/ubna_data_02_mir/recover-20221013/UBNA_001/20221012_030000.WAV,Telephone Field,recover-20221013,001,1795
1148.7255,1148.7561,68437,80140,Rhinolophus ferrumequinum,0.028,0.029,-1,Echolocation,/mnt/ubna_data_02_mir/recover-20221013/UBNA_001/20221012_030000.WAV,Telephone Field,recover-20221013,001,1795
1148.7275,1148.7401,23750,28993,Nyctalus leisleri,0.031,0.056,-1,Echolocation,/mnt/ubna_data_02_mir/recover-20221013/UBNA_001/20221012_030000.WAV,Telephone Field,recover-20221013,001,1795
1148.7365,1148.7712,68437,81458,Rhinolophus ferrumequinum,0.034,0.034,-1,Echolocation,/mnt/ubna_data_02_mir/recover-20221013/UBNA_001/20221012_030000.WAV,Telephone Field,recover-20221013,001,1795
1148.7555,1148.7927,68437,81861,Rhinolophus ferrumequinum,0.022,0.022,-1,Echolocation,/mnt/ubna_data_02_mir/recover-20221013/UBNA_001/20221012_030000.WAV,Telephone Field,recover-20221013,001,1795
1148.7855,1148.7925,27187,39529,Eptesicus serotinus,0.005,0.022,-1,Echolocation,/mnt/ubna_data_02_mir/recover-20221013/UBNA_001/20221012_030000.WAV,Telephone Field,recover-20221013,001,1795
1148.8225,1148.829,48671,53936,Pipistrellus pipistrellus,0.033,0.036,-1,Echolocation,/mnt/ubna_data_02_mir/recover-20221013/UBNA_001/20221012_030000.WAV,Telephone Field,recover-20221013,001,1795
1148.8265,1148.8637,68437,82222,Rhinolophus ferrumequinum,0.021,0.021,-1,Echolocation,/mnt/ubna_data_02_mir/recover-20221013/UBNA_001/20221012_030000.WAV,Telephone Field,recover-20221013,001,1795
1148.8385,1148.878,68437,82271,Rhinolophus ferrumequinum,0.022,0.022,-1,Echolocation,/mnt/ubna_data_02_mir/recover-20221013/UBNA_001/20221012_030000.WAV,Telephone Field,recover-20221013,001,1795
1148.8525,1148.8605,28046,37088,Eptesicus serotinus,0.006,0.021,-1,Echolocation,/mnt/ubna_data_02_mir/recover-20221013/UBNA_001/20221012_030000.WAV,Telephone Field,recover-20221013,001,1795
1148.9435,1148.9818,68437,82164,Rhinolophus ferrumequinum,0.025,0.025,-1,Echolocation,/mnt/ubna_data_02_mir/recover-20221013/UBNA_001/20221012_030000.WAV,Telephone Field,recover-20221013,001,1795
1148.9545,1148.9631,27187,37028,Eptesicus serotinus,0.009,0.023,-1,Echolocation,/mnt/ubna_data_02_mir/recover-20221013/UBNA_001/20221012_030000.WAV,Telephone Field,recover-20221013,001,1795
1149.0015,1149.0144,23750,29157,Nyctalus leisleri,0.013,0.028,-1,Echolocation,/mnt/ubna_data_02_mir/recover-20221013/UBNA_001/20221012_030000.WAV,Telephone Field,recover-20221013,001,1795
1149.0045,1149.0451,68437,82584,Rhinolophus ferrumequinum,0.033,0.033,-1,Echolocation,/mnt/ubna_data_02_mir/recover-20221013/UBNA_001/20221012_030000.WAV,Telephone Field,recover-20221013,001,1795
1149.0075,1149.0143,48671,53080,Pipistrellus pipistrellus,0.019,0.021,-1,Echolocation,/mnt/ubna_data_02_mir/recover-20221013/UBNA_001/20221012_030000.WAV,Telephone Field,recover-20221013,001,1795
1149.0345,1149.045,22031,26849,Nyctalus leisleri,0.011,0.024,-1,Echolocation,/mnt/ubna_data_02_mir/recover-20221013/UBNA_001/20221012_030000.WAV,Telephone Field,recover-20221013,001,1795
1149.0385,1149.0466,28046,37546,Eptesicus serotinus,0.008,0.024,-1,Echolocation,/mnt/ubna_data_02_mir/recover-20221013/UBNA_001/20221012_030000.WAV,Telephone Field,recover-20221013,001,1795
1149.0645,1149.0727,22890,29950,Plecotus austriacus,0.012,0.025,-1,Echolocation,/mnt/ubna_data_02_mir/recover-20221013/UBNA_001/20221012_030000.WAV,Telephone Field,recover-20221013,001,1795
1149.1005,1149.1082,26328,35295,Eptesicus serotinus,0.008,0.022,-1,Echolocation,/mnt/ubna_data_02_mir/recover-20221013/UBNA_001/20221012_030000.WAV,Telephone Field,recover-20221013,001,1795
1149.1235,1149.1621,68437,82390,Rhinolophus ferrumequinum,0.026,0.026,-1,Echolocation,/mnt/ubna_data_02_mir/recover-20221013/UBNA_001/20221012_030000.WAV,Telephone Field,recover-20221013,001,1795
1149.1675,1149.2061,68437,82366,Rhinolophus ferrumequinum,0.034,0.034,-1,Echolocation,/mnt/ubna_data_02_mir/recover-20221013/UBNA_001/20221012_030000.WAV,Telephone Field,recover-20221013,001,1795
1149.1785,1149.1884,27187,35804,Eptesicus serotinus,0.01,0.022,-1,Echolocation,/mnt/ubna_data_02_mir/recover-20221013/UBNA_001/20221012_030000.WAV,Telephone Field,recover-20221013,001,1795
1149.1995,1149.2415,68437,82240,Rhinolophus ferrumequinum,0.027,0.027,-1,Echolocation,/mnt/ubna_data_02_mir/recover-20221013/UBNA_001/20221012_030000.WAV,Telephone Field,recover-20221013,001,1795
1149.2095,1149.2165,26328,37436,Eptesicus serotinus,0.006,0.022,-1,Echolocation,/mnt/ubna_data_02_mir/recover-20221013/UBNA_001/20221012_030000.WAV,Telephone Field,recover-20221013,001,1795
1149.2265,1149.2359,25468,33486,Eptesicus serotinus,0.008,0.023,-1,Echolocation,/mnt/ubna_data_02_mir/recover-20221013/UBNA_001/20221012_030000.WAV,Telephone Field,recover-20221013,001,1795
1149.2415,1149.2791,68437,82165,Rhinolophus ferrumequinum,0.027,0.027,-1,Echolocation,/mnt/ubna_data_02_mir/recover-20221013/UBNA_001/20221012_030000.WAV,Telephone Field,recover-20221013,001,1795
1149.2665,1149.2765,22031,26794,Nyctalus leisleri,0.01,0.021,-1,Echolocation,/mnt/ubna_data_02_mir/recover-20221013/UBNA_001/20221012_030000.WAV,Telephone Field,recover-20221013,001,1795
1149.2825,1149.323,68437,82126,Rhinolophus ferrumequinum,0.021,0.021,-1,Echolocation,/mnt/ubna_data_02_mir/recover-20221013/UBNA_001/20221012_030000.WAV,Telephone Field,recover-20221013,001,1795
1149.3045,1149.3432,68437,82450,Rhinolophus ferrumequinum,0.027,0.027,-1,Echolocation,/mnt/ubna_data_02_mir/recover-20221013/UBNA_001/20221012_030000.WAV,Telephone Field,recover-20221013,001,1795
1149.3315,1149.3701,68437,82338,Rhinolophus ferrumequinum,0.022,0.022,-1,Echolocation,/mnt/ubna_data_02_mir/recover-20221013/UBNA_001/20221012_030000.WAV,Telephone Field,recover-20221013,001,1795
1149.3375,1149.3771,68437,82109,Rhinolophus ferrumequinum,0.023,0.023,-1,Echolocation,/mnt/ubna_data_02_mir/recover-20221013/UBNA_001/20221012_030000.WAV,Telephone Field,recover-20221013,001,1795
1149.3495,1149.3585,28046,36158,Eptesicus serotinus,0.007,0.021,-1,Echolocation,/mnt/ubna_data_02_mir/recover-20221013/UBNA_001/20221012_030000.WAV,Telephone Field,recover-20221013,001,1795
1149.3715,1149.3789,26328,40649,Eptesicus serotinus,0.007,0.022,-1,Echolocation,/mnt/ubna_data_02_mir/recover-20221013/UBNA_001/20221012_030000.WAV,Telephone Field,recover-20221013,001,1795
1149.3715,1149.3786,32343,44556,Myotis daubentonii,0.012,0.026,-1,Echolocation,/mnt/ubna_data_02_mir/recover-20221013/UBNA_001/20221012_030000.WAV,Telephone Field,recover-20221013,001,1795
1149.4215,1149.4593,68437,82141,Rhinolophus ferrumequinum,0.024,0.024,-1,Echolocation,/mnt/ubna_data_02_mir/recover-20221013/UBNA_001/20221012_030000.WAV,Telephone Field,recover-20221013,001,1795
1149.4625,1149.4733,22890,27371,Nyctalus leisleri,0.011,0.022,-1,Echolocation,/mnt/ubna_data_02_mir/recover-20221013/UBNA_001/20221012_030000.WAV,Telephone Field,recover-20221013,001,1795
1149.5345,1149.5732,68437,81714,Rhinolophus ferrumequinum,0.025,0.025,-1,Echolocation,/mnt/ubna_data_02_mir/recover-20221013/UBNA_001/20221012_030000.WAV,Telephone Field,recover-20221013,001,1795
1149.5395,1149.547,28046,38464,Eptesicus serotinus,0.006,0.021,-1,Echolocation,/mnt/ubna_data_02_mir/recover-20221013/UBNA_001/20221012_030000.WAV,Telephone Field,recover-20221013,001,1795
1149.5595,1149.5976,68437,82071,Rhinolophus ferrumequinum,0.021,0.021,-1,Echolocation,/mnt/ubna_data_02_mir/recover-20221013/UBNA_001/20221012_030000.WAV,Telephone Field,recover-20221013,001,1795
1149.5835,1149.5903,28046,38264,Eptesicus serotinus,0.006,0.022,-1,Echolocation,/mnt/ubna_data_02_mir/recover-20221013/UBNA_001/20221012_030000.WAV,Telephone Field,recover-20221013,001,1795
1149.6045,1149.6153,24609,30190,Nyctalus leisleri,0.012,0.028,-1,Echolocation,/mnt/ubna_data_02_mir/recover-20221013/UBNA_001/20221012_030000.WAV,Telephone Field,recover-20221013,001,1795
1149.6245,1149.6609,68437,81972,Rhinolophus ferrumequinum,0.022,0.022,-1,Echolocation,/mnt/ubna_data_02_mir/recover-20221013/UBNA_001/20221012_030000.WAV,Telephone Field,recover-20221013,001,1795
1149.6345,1149.6737,68437,81959,Rhinolophus ferrumequinum,0.023,0.023,-1,Echolocation,/mnt/ubna_data_02_mir/recover-20221013/UBNA_001/20221012_030000.WAV,Telephone Field,recover-20221013,001,1795
1149.6725,1149.7135,68437,82770,Rhinolophus ferrumequinum,0.023,0.023,-1,Echolocation,/mnt/ubna_data_02_mir/recover-20221013/UBNA_001/20221012_030000.WAV,Telephone Field,recover-20221013,001,1795
1149.6945,1149.7352,68437,82485,Rhinolophus ferrumequinum,0.023,0.023,-1,Echolocation,/mnt/ubna_data_02_mir/recover-20221013/UBNA_001/20221012_030000.WAV,Telephone Field,recover-20221013,001,1795
1149.6965,1149.7067,23750,29550,Nyctalus leisleri,0.009,0.022,-1,Echolocation,/mnt/ubna_data_02_mir/recover-20221013/UBNA_001/20221012_030000.WAV,Telephone Field,recover-20221013,001,1795
1149.7195,1149.729,28046,35720,Eptesicus serotinus,0.009,0.022,-1,Echolocation,/mnt/ubna_data_02_mir/recover-20221013/UBNA_001/20221012_030000.WAV,Telephone Field,recover-20221013,001,1795
1149.7325,1149.7722,68437,82326,Rhinolophus ferrumequinum,0.023,0.023,-1,Echolocation,/mnt/ubna_data_02_mir/recover-20221013/UBNA_001/20221012_030000.WAV,Telephone Field,recover-20221013,001,1795
1149.7475,1149.7845,68437,82395,Rhinolophus ferrumequinum,0.022,0.022,-1,Echolocation,/mnt/ubna_data_02_mir/recover-20221013/UBNA_001/20221012_030000.WAV,Telephone Field,recover-20221013,001,1795
1149.7655,1149.8034,68437,81431,Rhinolophus ferrumequinum,0.024,0.024,-1,Echolocation,/mnt/ubna_data_02_mir/recover-20221013/UBNA_001/20221012_030000.WAV,Telephone Field,recover-20221013,001,1795
1149.7885,1149.7966,28046,39491,Eptesicus serotinus,0.007,0.021,-1,Echolocation,/mnt/ubna_data_02_mir/recover-20221013/UBNA_001/20221012_030000.WAV,Telephone Field,recover-20221013,001,1795
1149.8535,1149.8941,68437,82615,Rhinolophus ferrumequinum,0.027,0.027,-1,Echolocation,/mnt/ubna_data_02_mir/recover-20221013/UBNA_001/20221012_030000.WAV,Telephone Field,recover-20221013,001,1795
1149.8685,1149.9054,68437,80785,Rhinolophus ferrumequinum,0.022,0.022,-1,Echolocation,/mnt/ubna_data_02_mir/recover-20221013/UBNA_001/20221012_030000.WAV,Telephone Field,recover-20221013,001,1795
1149.8775,1149.8866,22890,30425,Plecotus austriacus,0.012,0.035,-1,Echolocation,/mnt/ubna_data_02_mir/recover-20221013/UBNA_001/20221012_030000.WAV,Telephone Field,recover-20221013,001,1795
1149.9255,1149.9676,68437,82704,Rhinolophus ferrumequinum,0.036,0.036,-1,Echolocation,/mnt/ubna_data_02_mir/recover-20221013/UBNA_001/20221012_030000.WAV,Telephone Field,recover-20221013,001,1795
1149.9455,1149.9815,68437,80770,Rhinolophus ferrumequinum,0.021,0.021,-1,Echolocation,/mnt/ubna_data_02_mir/recover-20221013/UBNA_001/20221012_030000.WAV,Telephone Field,recover-20221013,001,1795
1150.0015,1150.0108,25468,33041,Nyctalus leisleri,0.014,0.038,-1,Echolocation,/mnt/ubna_data_02_mir/recover-20221013/UBNA_001/20221012_030000.WAV,Telephone Field,recover-20221013,001,1795
1150.0015,1150.0363,68437,79970,Rhinolophus ferrumequinum,0.037,0.037,-1,Echolocation,/mnt/ubna_data_02_mir/recover-20221013/UBNA_001/20221012_030000.WAV,Telephone Field,recover-20221013,001,1795
1150.0095,1150.053,68437,82770,Rhinolophus ferrumequinum,0.022,0.022,-1,Echolocation,/mnt/ubna_data_02_mir/recover-20221013/UBNA_001/20221012_030000.WAV,Telephone Field,recover-20221013,001,1795
1150.0195,1150.03,22890,27855,Nyctalus leisleri,0.01,0.021,-1,Echolocation,/mnt/ubna_data_02_mir/recover-20221013/UBNA_001/20221012_030000.WAV,Telephone Field,recover-20221013,001,1795
1150.0285,1150.0368,22890,30790,Plecotus austriacus,0.011,0.024,-1,Echolocation,/mnt/ubna_data_02_mir/recover-20221013/UBNA_001/20221012_030000.WAV,Telephone Field,recover-20221013,001,1795
1150.0565,1150.0948,68437,82667,Rhinolophus ferrumequinum,0.025,0.025,-1,Echolocation,/mnt/ubna_data_02_mir/recover-20221013/UBNA_001/20221012_030000.WAV,Telephone Field,recover-20221013,001,1795
1150.0735,1150.0814,27187,36808,Eptesicus serotinus,0.011,0.028,-1,Echolocation,/mnt/ubna_data_02_mir/recover-20221013/UBNA_001/20221012_030000.WAV,Telephone Field,recover-20221013,001,1795
1150.0925,1150.1311,68437,81949,Rhinolophus ferrumequinum,0.021,0.021,-1,Echolocation,/mnt/ubna_data_02_mir/recover-20221013/UBNA_001/20221012_030000.WAV,Telephone Field,recover-20221013,001,1795
1150.1185,1150.1548,68437,81254,Rhinolophus ferrumequinum,0.021,0.021,-1,Echolocation,/mnt/ubna_data_02_mir/recover-20221013/UBNA_001/20221012_030000.WAV,Telephone Field,recover-20221013,001,1795
1150.1285,1150.1631,68437,81485,Rhinolophus ferrumequinum,0.023,0.023,-1,Echolocation,/mnt/ubna_data_02_mir/recover-20221013/UBNA_001/20221012_030000.WAV,Telephone Field,recover-20221013,001,1795
1150.1285,1150.1392,22890,27907,Nyctalus leisleri,0.012,0.023,-1,Echolocation,/mnt/ubna_data_02_mir/recover-20221013/UBNA_001/20221012_030000.WAV,Telephone Field,recover-20221013,001,1795
1150.1565,1150.1639,27187,38703,Eptesicus serotinus,0.006,0.021,-1,Echolocation,/mnt/ubna_data_02_mir/recover-20221013/UBNA_001/20221012_030000.WAV,Telephone Field,recover-20221013,001,1795
1150.1695,1150.1798,23750,29520,Nyctalus leisleri,0.009,0.021,-1,Echolocation,/mnt/ubna_data_02_mir/recover-20221013/UBNA_001/20221012_030000.WAV,Telephone Field,recover-20221013,001,1795
1150.1815,1150.2228,68437,82751,Rhinolophus ferrumequinum,0.023,0.023,-1,Echolocation,/mnt/ubna_data_02_mir/recover-20221013/UBNA_001/20221012_030000.WAV,Telephone Field,recover-20221013,001,1795
1150.1925,1150.2003,22890,30763,Plecotus austriacus,0.011,0.023,-1,Echolocation,/mnt/ubna_data_02_mir/recover-20221013/UBNA_001/20221012_030000.WAV,Telephone Field,recover-20221013,001,1795
1150.2085,1150.2464,68437,82161,Rhinolophus ferrumequinum,0.023,0.023,-1,Echolocation,/mnt/ubna_data_02_mir/recover-20221013/UBNA_001/20221012_030000.WAV,Telephone Field,recover-20221013,001,1795
1150.2155,1150.2579,68437,82707,Rhinolophus ferrumequinum,0.023,0.023,-1,Echolocation,/mnt/ubna_data_02_mir/recover-20221013/UBNA_001/20221012_030000.WAV,Telephone Field,recover-20221013,001,1795
1150.2215,1150.2291,27187,37896,Eptesicus serotinus,0.007,0.021,-1,Echolocation,/mnt/ubna_data_02_mir/recover-20221013/UBNA_001/20221012_030000.WAV,Telephone Field,recover-20221013,001,1795
1150.2545,1150.2651,24609,32146,Eptesicus serotinus,0.011,0.026,-1,Echolocation,/mnt/ubna_data_02_mir/recover-20221013/UBNA_001/20221012_030000.WAV,Telephone Field,recover-20221013,001,1795
1150.2635,1150.2739,25468,32221,Eptesicus serotinus,0.01,0.021,-1,Echolocation,/mnt/ubna_data_02_mir/recover-20221013/UBNA_001/20221012_030000.WAV,Telephone Field,recover-20221013,001,1795
1150.2825,1150.3224,68437,82167,Rhinolophus ferrumequinum,0.021,0.021,-1,Echolocation,/mnt/ubna_data_02_mir/recover-20221013/UBNA_001/20221012_030000.WAV,Telephone Field,recover-20221013,001,1795
1150.2865,1150.2949,28906,38963,Eptesicus serotinus,0.008,0.023,-1,Echolocation,/mnt/ubna_data_02_mir/recover-20221013/UBNA_001/20221012_030000.WAV,Telephone Field,recover-20221013,001,1795
1150.2995,1150.3388,68437,82665,Rhinolophus ferrumequinum,0.031,0.031,-1,Echolocation,/mnt/ubna_data_02_mir/recover-20221013/UBNA_001/20221012_030000.WAV,Telephone Field,recover-20221013,001,1795
1150.3525,1150.3633,25468,32888,Eptesicus serotinus,0.01,0.025,-1,Echolocation,/mnt/ubna_data_02_mir/recover-20221013/UBNA_001/20221012_030000.WAV,Telephone Field,recover-20221013,001,1795
1150.3735,1150.4113,68437,82336,Rhinolophus ferrumequinum,0.022,0.022,-1,Echolocation,/mnt/ubna_data_02_mir/recover-20221013/UBNA_001/20221012_030000.WAV,Telephone Field,recover-20221013,001,1795
1150.3745,1150.3841,26328,35186,Eptesicus serotinus,0.01,0.022,-1,Echolocation,/mnt/ubna_data_02_mir/recover-20221013/UBNA_001/20221012_030000.WAV,Telephone Field,recover-20221013,001,1795
1150.3995,1150.4063,24609,36804,Plecotus austriacus,0.008,0.025,-1,Echolocation,/mnt/ubna_data_02_mir/recover-20221013/UBNA_001/20221012_030000.WAV,Telephone Field,recover-20221013,001,1795
1150.4155,1150.4239,28046,37106,Eptesicus serotinus,0.008,0.021,-1,Echolocation,/mnt/ubna_data_02_mir/recover-20221013/UBNA_001/20221012_030000.WAV,Telephone Field,recover-20221013,001,1795
1150.4435,1150.4829,68437,82134,Rhinolophus ferrumequinum,0.023,0.023,-1,Echolocation,/mnt/ubna_data_02_mir/recover-20221013/UBNA_001/20221012_030000.WAV,Telephone Field,recover-20221013,001,1795
1150.4505,1150.4654,22031,25693,Nyctalus leisleri,0.013,0.022,-1,Echolocation,/mnt/ubna_data_02_mir/recover-20221013/UBNA_001/20221012_030000.WAV,Telephone Field,recover-20221013,001,1795
1150.4665,1150.4796,58984,65148,Pipistrellus pygmaeus,0.022,0.022,-1,Echolocation,/mnt/ubna_data_02_mir/recover-20221013/UBNA_001/20221012_030000.WAV,Telephone Field,recover-20221013,001,1795
1150.4685,1150.4776,23750,31616,Plecotus austriacus,0.009,0.034,-1,Echolocation,/mnt/ubna_data_02_mir/recover-20221013/UBNA_001/20221012_030000.WAV,Telephone Field,recover-20221013,001,1795
1150.4935,1150.5111,18593,22145,Nyctalus noctula,0.011,0.023,-1,Echolocation,/mnt/ubna_data_02_mir/recover-20221013/UBNA_001/20221012_030000.WAV,Telephone Field,recover-20221013,001,1795
1150.5465,1150.5842,68437,82180,Rhinolophus ferrumequinum,0.022,0.022,-1,Echolocation,/mnt/ubna_data_02_mir/recover-20221013/UBNA_001/20221012_030000.WAV,Telephone Field,recover-20221013,001,1795
1150.5475,1150.5567,28906,37339,Eptesicus serotinus,0.009,0.024,-1,Echolocation,/mnt/ubna_data_02_mir/recover-20221013/UBNA_001/20221012_030000.WAV,Telephone Field,recover-20221013,001,1795
1150.5875,1150.597,28906,38239,Eptesicus serotinus,0.009,0.021,-1,Echolocation,/mnt/ubna_data_02_mir/recover-20221013/UBNA_001/20221012_030000.WAV,Telephone Field,recover-20221013,001,1795
1150.5995,1150.6375,68437,82461,Rhinolophus ferrumequinum,0.021,0.021,-1,Echolocation,/mnt/ubna_data_02_mir/recover-20221013/UBNA_001/20221012_030000.WAV,Telephone Field,recover-20221013,001,1795
1150.6315,1150.6706,68437,82507,Rhinolophus ferrumequinum,0.022,0.022,-1,Echolocation,/mnt/ubna_data_02_mir/recover-20221013/UBNA_001/20221012_030000.WAV,Telephone Field,recover-20221013,001,1795
1150.6375,1150.6468,22890,29942,Plecotus austriacus,0.008,0.024,-1,Echolocation,/mnt/ubna_data_02_mir/recover-20221013/UBNA_001/20221012_030000.WAV,Telephone Field,recover-20221013,001,1795
1150.6555,1150.6629,26328,35553,Eptesicus serotinus,0.007,0.022,-1,Echolocation,/mnt/ubna_data_02_mir/recover-20221013/UBNA_001/20221012_030000.WAV,Telephone Field,recover-20221013,001,1795
1150.6775,1150.7169,68437,82807,Rhinolophus ferrumequinum,0.022,0.022,-1,Echolocation,/mnt/ubna_data_02_mir/recover-20221013/UBNA_001/20221012_030000.WAV,Telephone Field,recover-20221013,001,1795
1150.6995,1150.739,68437,82263,Rhinolophus ferrumequinum,0.021,0.021,-1,Echolocation,/mnt/ubna_data_02_mir/recover-20221013/UBNA_001/20221012_030000.WAV,Telephone Field,recover-20221013,001,1795
1150.7485,1150.7834,68437,80788,Rhinolophus ferrumequinum,0.021,0.021,-1,Echolocation,/mnt/ubna_data_02_mir/recover-20221013/UBNA_001/20221012_030000.WAV,Telephone Field,recover-20221013,001,1795
1150.8055,1150.8156,28046,35563,Eptesicus serotinus,0.01,0.024,-1,Echolocation,/mnt/ubna_data_02_mir/recover-20221013/UBNA_001/20221012_030000.WAV,Telephone Field,recover-20221013,001,1795
1150.8235,1150.8561,68437,80271,Rhinolophus ferrumequinum,0.024,0.024,-1,Echolocation,/mnt/ubna_data_02_mir/recover-20221013/UBNA_001/20221012_030000.WAV,Telephone Field,recover-20221013,001,1795
1150.8255,1150.8346,28906,38448,Eptesicus serotinus,0.009,0.023,-1,Echolocation,/mnt/ubna_data_02_mir/recover-20221013/UBNA_001/20221012_030000.WAV,Telephone Field,recover-20221013,001,1795
1150.8505,1150.8913,68437,82183,Rhinolophus ferrumequinum,0.021,0.021,-1,Echolocation,/mnt/ubna_data_02_mir/recover-20221013/UBNA_001/20221012_030000.WAV,Telephone Field,recover-20221013,001,1795
1150.8575,1150.8648,28046,40048,Eptesicus serotinus,0.006,0.022,-1,Echolocation,/mnt/ubna_data_02_mir/recover-20221013/UBNA_001/20221012_030000.WAV,Telephone Field,recover-20221013,001,1795
1150.8665,1150.9055,68437,82704,Rhinolophus ferrumequinum,0.026,0.026,-1,Echolocation,/mnt/ubna_data_02_mir/recover-20221013/UBNA_001/20221012_030000.WAV,Telephone Field,recover-20221013,001,1795
1150.8705,1150.8783,28046,39227,Eptesicus serotinus,0.007,0.024,-1,Echolocation,/mnt/ubna_data_02_mir/recover-20221013/UBNA_001/20221012_030000.WAV,Telephone Field,recover-20221013,001,1795
1150.8795,1150.9214,68437,82452,Rhinolophus ferrumequinum,0.026,0.026,-1,Echolocation,/mnt/ubna_data_02_mir/recover-20221013/UBNA_001/20221012_030000.WAV,Telephone Field,recover-20221013,001,1795
1150.9315,1150.9418,23750,30657,Nyctalus leisleri,0.008,0.022,-1,Echolocation,/mnt/ubna_data_02_mir/recover-20221013/UBNA_001/20221012_030000.WAV,Telephone Field,recover-20221013,001,1795
1151.0415,1151.0801,68437,82104,Rhinolophus ferrumequinum,0.024,0.024,-1,Echolocation,/mnt/ubna_data_02_mir/recover-20221013/UBNA_001/20221012_030000.WAV,Telephone Field,recover-20221013,001,1795
1151.0515,1151.0586,28046,40129,Eptesicus serotinus,0.006,0.021,-1,Echolocation,/mnt/ubna_data_02_mir/recover-20221013/UBNA_001/20221012_030000.WAV,Telephone Field,recover-20221013,001,1795
1151.0755,1151.1137,68437,82123,Rhinolophus ferrumequinum,0.023,0.023,-1,Echolocation,/mnt/ubna_data_02_mir/recover-20221013/UBNA_001/20221012_030000.WAV,Telephone Field,recover-20221013,001,1795
1151.1265,1151.1714,68437,83397,Rhinolophus ferrumequinum,0.023,0.023,-1,Echolocation,/mnt/ubna_data_02_mir/recover-20221013/UBNA_001/20221012_030000.WAV,Telephone Field,recover-20221013,001,1795
1151.1475,1151.1837,68437,81832,Rhinolophus ferrumequinum,0.023,0.023,-1,Echolocation,/mnt/ubna_data_02_mir/recover-20221013/UBNA_001/20221012_030000.WAV,Telephone Field,recover-20221013,001,1795
1151.1685,1151.175,25468,40458,Myotis nattereri,0.004,0.022,-1,Echolocation,/mnt/ubna_data_02_mir/recover-20221013/UBNA_001/20221012_030000.WAV,Telephone Field,recover-20221013,001,1795
1151.1705,1151.1805,39218,45222,Pipistrellus nathusii,0.019,0.034,-1,Echolocation,/mnt/ubna_data_02_mir/recover-20221013/UBNA_001/20221012_030000.WAV,Telephone Field,recover-20221013,001,1795
1151.1735,1151.193,16015,19957,Nyctalus noctula,0.017,0.025,-1,Echolocation,/mnt/ubna_data_02_mir/recover-20221013/UBNA_001/20221012_030000.WAV,Telephone Field,recover-20221013,001,1795
1151.1915,1151.2262,68437,80552,Rhinolophus ferrumequinum,0.021,0.021,-1,Echolocation,/mnt/ubna_data_02_mir/recover-20221013/UBNA_001/20221012_030000.WAV,Telephone Field,recover-20221013,001,1795
1151.2465,1151.2595,22031,25899,Nyctalus leisleri,0.012,0.021,-1,Echolocation,/mnt/ubna_data_02_mir/recover-20221013/UBNA_001/20221012_030000.WAV,Telephone Field,recover-20221013,001,1795
1151.2575,1151.2645,27187,39958,Eptesicus serotinus,0.005,0.021,-1,Echolocation,/mnt/ubna_data_02_mir/recover-20221013/UBNA_001/20221012_030000.WAV,Telephone Field,recover-20221013,001,1795
1151.2725,1151.3108,68437,81581,Rhinolophus ferrumequinum,0.021,0.021,-1,Echolocation,/mnt/ubna_data_02_mir/recover-20221013/UBNA_001/20221012_030000.WAV,Telephone Field,recover-20221013,001,1795
1151.3175,1151.3268,28046,37423,Eptesicus serotinus,0.008,0.021,-1,Echolocation,/mnt/ubna_data_02_mir/recover-20221013/UBNA_001/20221012_030000.WAV,Telephone Field,recover-20221013,001,1795
1151.3865,1151.4272,68437,82818,Rhinolophus ferrumequinum,0.023,0.023,-1,Echolocation,/mnt/ubna_data_02_mir/recover-20221013/UBNA_001/20221012_030000.WAV,Telephone Field,recover-20221013,001,1795
1151.4105,1151.4173,28046,41848,Eptesicus serotinus,0.006,0.022,-1,Echolocation,/mnt/ubna_data_02_mir/recover-20221013/UBNA_001/20221012_030000.WAV,Telephone Field,recover-20221013,001,1795
1151.4115,1151.452,68437,82736,Rhinolophus ferrumequinum,0.022,0.022,-1,Echolocation,/mnt/ubna_data_02_mir/recover-20221013/UBNA_001/20221012_030000.WAV,Telephone Field,recover-20221013,001,1795
1151.4595,1151.4952,68437,81760,Rhinolophus ferrumequinum,0.023,0.023,-1,Echolocation,/mnt/ubna_data_02_mir/recover-20221013/UBNA_001/20221012_030000.WAV,Telephone Field,recover-20221013,001,1795
1151.4915,1151.5044,22890,27338,Nyctalus leisleri,0.011,0.022,-1,Echolocation,/mnt/ubna_data_02_mir/recover-20221013/UBNA_001/20221012_030000.WAV,Telephone Field,recover-20221013,001,1795
1151.5035,1151.5125,25468,33344,Eptesicus serotinus,0.007,0.021,-1,Echolocation,/mnt/ubna_data_02_mir/recover-20221013/UBNA_001/20221012_030000.WAV,Telephone Field,recover-20221013,001,1795
1151.5325,1151.5423,28046,36897,Eptesicus serotinus,0.011,0.025,-1,Echolocation,/mnt/ubna_data_02_mir/recover-20221013/UBNA_001/20221012_030000.WAV,Telephone Field,recover-20221013,001,1795
1151.5675,1151.5776,22890,28519,Nyctalus leisleri,0.01,0.022,-1,Echolocation,/mnt/ubna_data_02_mir/recover-20221013/UBNA_001/20221012_030000.WAV,Telephone Field,recover-20221013,001,1795
1151.5765,1151.6152,68437,81921,Rhinolophus ferrumequinum,0.022,0.022,-1,Echolocation,/mnt/ubna_data_02_mir/recover-20221013/UBNA_001/20221012_030000.WAV,Telephone Field,recover-20221013,001,1795
1151.5855,1151.6229,68437,82091,Rhinolophus ferrumequinum,0.023,0.023,-1,Echolocation,/mnt/ubna_data_02_mir/recover-20221013/UBNA_001/20221012_030000.WAV,Telephone Field,recover-20221013,001,1795
1151.6155,1151.6539,68437,82154,Rhinolophus ferrumequinum,0.021,0.021,-1,Echolocation,/mnt/ubna_data_02_mir/recover-20221013/UBNA_001/20221012_030000.WAV,Telephone Field,recover-20221013,001,1795
1151.6155,1151.6245,28906,37605,Eptesicus serotinus,0.008,0.025,-1,Echolocation,/mnt/ubna_data_02_mir/recover-20221013/UBNA_001/20221012_030000.WAV,Telephone Field,recover-20221013,001,1795
1151.6865,1151.6969,28046,36905,Eptesicus serotinus,0.013,0.029,-1,Echolocation,/mnt/ubna_data_02_mir/recover-20221013/UBNA_001/20221012_030000.WAV,Telephone Field,recover-20221013,001,1795
1151.7155,1151.7274,24609,31248,Nyctalus leisleri,0.011,0.031,-1,Echolocation,/mnt/ubna_data_02_mir/recover-20221013/UBNA_001/20221012_030000.WAV,Telephone Field,recover-20221013,001,1795
1151.7175,1151.7568,68437,82030,Rhinolophus ferrumequinum,0.023,0.023,-1,Echolocation,/mnt/ubna_data_02_mir/recover-20221013/UBNA_001/20221012_030000.WAV,Telephone Field,recover-20221013,001,1795
1151.7285,1151.7669,68437,81227,Rhinolophus ferrumequinum,0.022,0.022,-1,Echolocation,/mnt/ubna_data_02_mir/recover-20221013/UBNA_001/20221012_030000.WAV,Telephone Field,recover-20221013,001,1795
1151.7515,1151.7631,23750,29970,Nyctalus leisleri,0.011,0.026,-1,Echolocation,/mnt/ubna_data_02_mir/recover-20221013/UBNA_001/20221012_030000.WAV,Telephone Field,recover-20221013,001,1795
1151.7585,1151.8014,68437,83020,Rhinolophus ferrumequinum,0.031,0.031,-1,Echolocation,/mnt/ubna_data_02_mir/recover-20221013/UBNA_001/20221012_030000.WAV,Telephone Field,recover-20221013,001,1795
1151.7655,1151.7748,46953,52752,Pipistrellus pipistrellus,0.027,0.03,-1,Echolocation,/mnt/ubna_data_02_mir/recover-20221013/UBNA_001/20221012_030000.WAV,Telephone Field,recover-20221013,001,1795
1151.7855,1151.8255,68437,82092,Rhinolophus ferrumequinum,0.022,0.022,-1,Echolocation,/mnt/ubna_data_02_mir/recover-20221013/UBNA_001/20221012_030000.WAV,Telephone Field,recover-20221013,001,1795
1151.7925,1151.802,25468,34313,Eptesicus serotinus,0.01,0.027,-1,Echolocation,/mnt/ubna_data_02_mir/recover-20221013/UBNA_001/20221012_030000.WAV,Telephone Field,recover-20221013,001,1795
1151.8125,1151.8513,68437,82185,Rhinolophus ferrumequinum,0.027,0.027,-1,Echolocation,/mnt/ubna_data_02_mir/recover-20221013/UBNA_001/20221012_030000.WAV,Telephone Field,recover-20221013,001,1795
1151.8555,1151.8641,23750,31929,Plecotus austriacus,0.011,0.037,-1,Echolocation,/mnt/ubna_data_02_mir/recover-20221013/UBNA_001/20221012_030000.WAV,Telephone Field,recover-20221013,001,1795
1151.9365,1151.9462,27187,35657,Eptesicus serotinus,0.008,0.023,-1,Echolocation,/mnt/ubna_data_02_mir/recover-20221013/UBNA_001/20221012_030000.WAV,Telephone Field,recover-20221013,001,1795
1151.9515,1151.9888,68437,81841,Rhinolophus ferrumequinum,0.021,0.021,-1,Echolocation,/mnt/ubna_data_02_mir/recover-20221013/UBNA_001/20221012_030000.WAV,Telephone Field,recover-20221013,001,1795
1151.9835,1151.9915,23750,32557,Plecotus austriacus,0.008,0.022,-1,Echolocation,/mnt/ubna_data_02_mir/recover-20221013/UBNA_001/20221012_030000.WAV,Telephone Field,recover-20221013,001,1795
1151.9845,1151.9945,38359,42685,Pipistrellus nathusii,0.019,0.03,-1,Echolocation,/mnt/ubna_data_02_mir/recover-20221013/UBNA_001/20221012_030000.WAV,Telephone Field,recover-20221013,001,1795
1152.0015,1152.0334,69296,81379,Rhinolophus ferrumequinum,0.028,0.028,-1,Echolocation,/mnt/ubna_data_02_mir/recover-20221013/UBNA_001/20221012_030000.WAV,Telephone Field,recover-20221013,001,1795
1152.0015,1152.0106,22890,29284,Nyctalus leisleri,0.011,0.031,-1,Echolocation,/mnt/ubna_data_02_mir/recover-20221013/UBNA_001/20221012_030000.WAV,Telephone Field,recover-20221013,001,1795
1152.0175,1152.0578,68437,81766,Rhinolophus ferrumequinum,0.023,0.023,-1,Echolocation,/mnt/ubna_data_02_mir/recover-20221013/UBNA_001/20221012_030000.WAV,Telephone Field,recover-20221013,001,1795
1152.0205,1152.0296,24609,32414,Eptesicus serotinus,0.012,0.029,-1,Echolocation,/mnt/ubna_data_02_mir/recover-20221013/UBNA_001/20221012_030000.WAV,Telephone Field,recover-20221013,001,1795
1152.0415,1152.0828,68437,82978,Rhinolophus ferrumequinum,0.024,0.024,-1,Echolocation,/mnt/ubna_data_02_mir/recover-20221013/UBNA_001/20221012_030000.WAV,Telephone Field,recover-20221013,001,1795
1152.0515,1152.0611,27187,35114,Eptesicus serotinus,0.012,0.024,-1,Echolocation,/mnt/ubna_data_02_mir/recover-20221013/UBNA_001/20221012_030000.WAV,Telephone Field,recover-20221013,001,1795
1152.0705,1152.077,28906,40321,Eptesicus serotinus,0.008,0.028,-1,Echolocation,/mnt/ubna_data_02_mir/recover-20221013/UBNA_001/20221012_030000.WAV,Telephone Field,recover-20221013,001,1795
1152.0775,1152.1163,68437,82727,Rhinolophus ferrumequinum,0.022,0.022,-1,Echolocation,/mnt/ubna_data_02_mir/recover-20221013/UBNA_001/20221012_030000.WAV,Telephone Field,recover-20221013,001,1795
1152.0975,1152.1381,68437,82155,Rhinolophus ferrumequinum,0.024,0.024,-1,Echolocation,/mnt/ubna_data_02_mir/recover-20221013/UBNA_001/20221012_030000.WAV,Telephone Field,recover-20221013,001,1795
1152.1115,1152.1484,68437,82216,Rhinolophus ferrumequinum,0.022,0.022,-1,Echolocation,/mnt/ubna_data_02_mir/recover-20221013/UBNA_001/20221012_030000.WAV,Telephone Field,recover-20221013,001,1795
1152.1165,1152.1551,68437,82249,Rhinolophus ferrumequinum,0.022,0.022,-1,Echolocation,/mnt/ubna_data_02_mir/recover-20221013/UBNA_001/20221012_030000.WAV,Telephone Field,recover-20221013,001,1795
1152.1545,1152.1923,68437,82176,Rhinolophus ferrumequinum,0.021,0.022,-1,Echolocation,/mnt/ubna_data_02_mir/recover-20221013/UBNA_001/20221012_030000.WAV,Telephone Field,recover-20221013,001,1795
1152.1855,1152.2251,68437,82649,Rhinolophus ferrumequinum,0.026,0.026,-1,Echolocation,/mnt/ubna_data_02_mir/recover-20221013/UBNA_001/20221012_030000.WAV,Telephone Field,recover-20221013,001,1795
1152.1935,1152.2007,28046,41958,Eptesicus serotinus,0.006,0.023,-1,Echolocation,/mnt/ubna_data_02_mir/recover-20221013/UBNA_001/20221012_030000.WAV,Telephone Field,recover-20221013,001,1795
1152.2005,1152.2425,68437,83376,Rhinolophus ferrumequinum,0.028,0.028,-1,Echolocation,/mnt/ubna_data_02_mir/recover-20221013/UBNA_001/20221012_030000.WAV,Telephone Field,recover-20221013,001,1795
1152.2155,1152.253,68437,82154,Rhinolophus ferrumequinum,0.021,0.021,-1,Echolocation,/mnt/ubna_data_02_mir/recover-20221013/UBNA_001/20221012_030000.WAV,Telephone Field,recover-20221013,001,1795
1152.2155,1152.2265,24609,31028,Nyctalus leisleri,0.01,0.026,-1,Echolocation,/mnt/ubna_data_02_mir/recover-20221013/UBNA_001/20221012_030000.WAV,Telephone Field,recover-20221013,001,1795
1152.2395,1152.2528,22031,26932,Nyctalus leisleri,0.015,0.032,-1,Echolocation,/mnt/ubna_data_02_mir/recover-20221013/UBNA_001/20221012_030000.WAV,Telephone Field,recover-20221013,001,1795
1152.2705,1152.3086,68437,81730,Rhinolophus ferrumequinum,0.027,0.027,-1,Echolocation,/mnt/ubna_data_02_mir/recover-20221013/UBNA_001/20221012_030000.WAV,Telephone Field,recover-20221013,001,1795
1152.2905,1152.3006,28906,36355,Eptesicus serotinus,0.01,0.024,-1,Echolocation,/mnt/ubna_data_02_mir/recover-20221013/UBNA_001/20221012_030000.WAV,Telephone Field,recover-20221013,001,1795
1152.2995,1152.3404,68437,83003,Rhinolophus ferrumequinum,0.031,0.031,-1,Echolocation,/mnt/ubna_data_02_mir/recover-20221013/UBNA_001/20221012_030000.WAV,Telephone Field,recover-20221013,001,1795
1152.2995,1152.3089,22890,29219,Nyctalus leisleri,0.007,0.022,-1,Echolocation,/mnt/ubna_data_02_mir/recover-20221013/UBNA_001/20221012_030000.WAV,Telephone Field,recover-20221013,001,1795
1152.3355,1152.3802,68437,83116,Rhinolophus ferrumequinum,0.027,0.027,-1,Echolocation,/mnt/ubna_data_02_mir/recover-20221013/UBNA_001/20221012_030000.WAV,Telephone Field,recover-20221013,001,1795
1152.3665,1152.3759,28906,37027,Eptesicus serotinus,0.01,0.024,-1,Echolocation,/mnt/ubna_data_02_mir/recover-20221013/UBNA_001/20221012_030000.WAV,Telephone Field,recover-20221013,001,1795
1152.3875,1152.4268,68437,82743,Rhinolophus ferrumequinum,0.037,0.037,-1,Echolocation,/mnt/ubna_data_02_mir/recover-20221013/UBNA_001/20221012_030000.WAV,Telephone Field,recover-20221013,001,1795
1152.4165,1152.426,23750,31026,Nyctalus leisleri,0.008,0.027,-1,Echolocation,/mnt/ubna_data_02_mir/recover-20221013/UBNA_001/20221012_030000.WAV,Telephone Field,recover-20221013,001,1795
1152.4495,1152.4904,68437,82443,Rhinolophus ferrumequinum,0.025,0.025,-1,Echolocation,/mnt/ubna_data_02_mir/recover-20221013/UBNA_001/20221012_030000.WAV,Telephone Field,recover-20221013,001,1795
1152.4585,1152.4683,23750,30695,Nyctalus leisleri,0.008,0.023,-1,Echolocation,/mnt/ubna_data_02_mir/recover-20221013/UBNA_001/20221012_030000.WAV,Telephone Field,recover-20221013,001,1795
1152.4735,1152.5133,68437,82210,Rhinolophus ferrumequinum,0.028,0.028,-1,Echolocation,/mnt/ubna_data_02_mir/recover-20221013/UBNA_001/20221012_030000.WAV,Telephone Field,recover-20221013,001,1795
1152.5045,1152.549,68437,83174,Rhinolophus ferrumequinum,0.032,0.032,-1,Echolocation,/mnt/ubna_data_02_mir/recover-20221013/UBNA_001/20221012_030000.WAV,Telephone Field,recover-20221013,001,1795
1152.5365,1152.5772,68437,82270,Rhinolophus ferrumequinum,0.024,0.024,-1,Echolocation,/mnt/ubna_data_02_mir/recover-20221013/UBNA_001/20221012_030000.WAV,Telephone Field,recover-20221013,001,1795
1152.6105,1152.6511,68437,82337,Rhinolophus ferrumequinum,0.024,0.024,-1,Echolocation,/mnt/ubna_data_02_mir/recover-20221013/UBNA_001/20221012_030000.WAV,Telephone Field,recover-20221013,001,1795
1152.6215,1152.6328,26328,33330,Eptesicus serotinus,0.018,0.039,-1,Echolocation,/mnt/ubna_data_02_mir/recover-20221013/UBNA_001/20221012_030000.WAV,Telephone Field,recover-20221013,001,1795
1152.6305,1152.6712,68437,83209,Rhinolophus ferrumequinum,0.025,0.025,-1,Echolocation,/mnt/ubna_data_02_mir/recover-20221013/UBNA_001/20221012_030000.WAV,Telephone Field,recover-20221013,001,1795
1152.6625,1152.7005,68437,81503,Rhinolophus ferrumequinum,0.022,0.022,-1,Echolocation,/mnt/ubna_data_02_mir/recover-20221013/UBNA_001/20221012_030000.WAV,Telephone Field,recover-20221013,001,1795
1152.6695,1152.6789,28906,36902,Eptesicus serotinus,0.009,0.022,-1,Echolocation,/mnt/ubna_data_02_mir/recover-20221013/UBNA_001/20221012_030000.WAV,Telephone Field,recover-20221013,001,1795
1152.6765,1152.7129,68437,81269,Rhinolophus ferrumequinum,0.025,0.025,-1,Echolocation,/mnt/ubna_data_02_mir/recover-20221013/UBNA_001/20221012_030000.WAV,Telephone Field,recover-20221013,001,1795
1152.6915,1152.7296,68437,82439,Rhinolophus ferrumequinum,0.03,0.03,-1,Echolocation,/mnt/ubna_data_02_mir/recover-20221013/UBNA_001/20221012_030000.WAV,Telephone Field,recover-20221013,001,1795
1152.7085,1152.7493,68437,82280,Rhinolophus ferrumequinum,0.027,0.027,-1,Echolocation,/mnt/ubna_data_02_mir/recover-20221013/UBNA_001/20221012_030000.WAV,Telephone Field,recover-20221013,001,1795
1152.7115,1152.7182,24609,38606,Myotis nattereri,0.007,0.022,-1,Echolocation,/mnt/ubna_data_02_mir/recover-20221013/UBNA_001/20221012_030000.WAV,Telephone Field,recover-20221013,001,1795
1152.7395,1152.7779,68437,82249,Rhinolophus ferrumequinum,0.021,0.021,-1,Echolocation,/mnt/ubna_data_02_mir/recover-20221013/UBNA_001/20221012_030000.WAV,Telephone Field,recover-20221013,001,1795
1152.7825,1152.8208,68437,81404,Rhinolophus ferrumequinum,0.022,0.022,-1,Echolocation,/mnt/ubna_data_02_mir/recover-20221013/UBNA_001/20221012_030000.WAV,Telephone Field,recover-20221013,001,1795
1152.7935,1152.8028,28046,35532,Eptesicus serotinus,0.009,0.022,-1,Echolocation,/mnt/ubna_data_02_mir/recover-20221013/UBNA_001/20221012_030000.WAV,Telephone Field,recover-20221013,001,1795
1152.8845,1152.9262,68437,82147,Rhinolophus ferrumequinum,0.023,0.023,-1,Echolocation,/mnt/ubna_data_02_mir/recover-20221013/UBNA_001/20221012_030000.WAV,Telephone Field,recover-20221013,001,1795
1152.9495,1152.9578,52968,59120,Pipistrellus pipistrellus,0.016,0.024,-1,Echolocation,/mnt/ubna_data_02_mir/recover-20221013/UBNA_001/20221012_030000.WAV,Telephone Field,recover-20221013,001,1795
1152.9505,1152.9892,68437,81848,Rhinolophus ferrumequinum,0.022,0.022,-1,Echolocation,/mnt/ubna_data_02_mir/recover-20221013/UBNA_001/20221012_030000.WAV,Telephone Field,recover-20221013,001,1795
1152.9815,1153.022,68437,82612,Rhinolophus ferrumequinum,0.025,0.025,-1,Echolocation,/mnt/ubna_data_02_mir/recover-20221013/UBNA_001/20221012_030000.WAV,Telephone Field,recover-20221013,001,1795
1153.0455,1153.0824,68437,82300,Rhinolophus ferrumequinum,0.021,0.022,-1,Echolocation,/mnt/ubna_data_02_mir/recover-20221013/UBNA_001/20221012_030000.WAV,Telephone Field,recover-20221013,001,1795
1153.0905,1153.1012,28046,35231,Eptesicus serotinus,0.009,0.022,-1,Echolocation,/mnt/ubna_data_02_mir/recover-20221013/UBNA_001/20221012_030000.WAV,Telephone Field,recover-20221013,001,1795
1153.1025,1153.1136,24609,31071,Nyctalus leisleri,0.009,0.025,-1,Echolocation,/mnt/ubna_data_02_mir/recover-20221013/UBNA_001/20221012_030000.WAV,Telephone Field,recover-20221013,001,1795
1153.1435,1153.1842,68437,82676,Rhinolophus ferrumequinum,0.022,0.022,-1,Echolocation,/mnt/ubna_data_02_mir/recover-20221013/UBNA_001/20221012_030000.WAV,Telephone Field,recover-20221013,001,1795
1153.1485,1153.1882,68437,82477,Rhinolophus ferrumequinum,0.022,0.022,-1,Echolocation,/mnt/ubna_data_02_mir/recover-20221013/UBNA_001/20221012_030000.WAV,Telephone Field,recover-20221013,001,1795
1153.1555,1153.1943,68437,82413,Rhinolophus ferrumequinum,0.022,0.022,-1,Echolocation,/mnt/ubna_data_02_mir/recover-20221013/UBNA_001/20221012_030000.WAV,Telephone Field,recover-20221013,001,1795
1153.1815,1153.2249,68437,83197,Rhinolophus ferrumequinum,0.036,0.036,-1,Echolocation,/mnt/ubna_data_02_mir/recover-20221013/UBNA_001/20221012_030000.WAV,Telephone Field,recover-20221013,001,1795
1153.2095,1153.244,68437,81952,Rhinolophus ferrumequinum,0.022,0.022,-1,Echolocation,/mnt/ubna_data_02_mir/recover-20221013/UBNA_001/20221012_030000.WAV,Telephone Field,recover-20221013,001,1795
1153.2195,1153.2534,68437,81398,Rhinolophus ferrumequinum,0.022,0.023,-1,Echolocation,/mnt/ubna_data_02_mir/recover-20221013/UBNA_001/20221012_030000.WAV,Telephone Field,recover-20221013,001,1795
1153.2695,1153.2782,28046,41255,Eptesicus serotinus,0.008,0.022,-1,Echolocation,/mnt/ubna_data_02_mir/recover-20221013/UBNA_001/20221012_030000.WAV,Telephone Field,recover-20221013,001,1795
1153.2715,1153.2798,33203,40616,Barbastellus barbastellus,0.007,0.022,-1,Echolocation,/mnt/ubna_data_02_mir/recover-20221013/UBNA_001/20221012_030000.WAV,Telephone Field,recover-20221013,001,1795
1153.2905,1153.3292,68437,81102,Rhinolophus ferrumequinum,0.025,0.025,-1,Echolocation,/mnt/ubna_data_02_mir/recover-20221013/UBNA_001/20221012_030000.WAV,Telephone Field,recover-20221013,001,1795
1153.2915,1153.3008,28046,42039,Eptesicus serotinus,0.009,0.022,-1,Echolocation,/mnt/ubna_data_02_mir/recover-20221013/UBNA_001/20221012_030000.WAV,Telephone Field,recover-20221013,001,1795
1153.2985,1153.3072,28046,39261,Eptesicus serotinus,0.008,0.022,-1,Echolocation,/mnt/ubna_data_02_mir/recover-20221013/UBNA_001/20221012_030000.WAV,Telephone Field,recover-20221013,001,1795
1153.3265,1153.3342,22890,31216,Plecotus austriacus,0.012,0.024,-1,Echolocation,/mnt/ubna_data_02_mir/recover-20221013/UBNA_001/20221012_030000.WAV,Telephone Field,recover-20221013,001,1795
1153.3365,1153.3797,68437,83319,Rhinolophus ferrumequinum,0.037,0.037,-1,Echolocation,/mnt/ubna_data_02_mir/recover-20221013/UBNA_001/20221012_030000.WAV,Telephone Field,recover-20221013,001,1795
1153.3425,1153.357,53828,57425,Pipistrellus pygmaeus,0.028,0.032,-1,Echolocation,/mnt/ubna_data_02_mir/recover-20221013/UBNA_001/20221012_030000.WAV,Telephone Field,recover-20221013,001,1795
1153.3625,1153.3983,68437,81772,Rhinolophus ferrumequinum,0.022,0.022,-1,Echolocation,/mnt/ubna_data_02_mir/recover-20221013/UBNA_001/20221012_030000.WAV,Telephone Field,recover-20221013,001,1795
1153.3665,1153.3803,51250,57001,Pipistrellus pipistrellus,0.018,0.025,-1,Echolocation,/mnt/ubna_data_02_mir/recover-20221013/UBNA_001/20221012_030000.WAV,Telephone Field,recover-20221013,001,1795
1153.4115,1153.4227,23750,30032,Nyctalus leisleri,0.013,0.028,-1,Echolocation,/mnt/ubna_data_02_mir/recover-20221013/UBNA_001/20221012_030000.WAV,Telephone Field,recover-20221013,001,1795
1153.4225,1153.4635,68437,83074,Rhinolophus ferrumequinum,0.027,0.027,-1,Echolocation,/mnt/ubna_data_02_mir/recover-20221013/UBNA_001/20221012_030000.WAV,Telephone Field,recover-20221013,001,1795
1153.4735,1153.5079,68437,81129,Rhinolophus ferrumequinum,0.026,0.026,-1,Echolocation,/mnt/ubna_data_02_mir/recover-20221013/UBNA_001/20221012_030000.WAV,Telephone Field,recover-20221013,001,1795
1153.4915,1153.499,44375,50298,Pipistrellus pipistrellus,0.02,0.022,-1,Echolocation,/mnt/ubna_data_02_mir/recover-20221013/UBNA_001/20221012_030000.WAV,Telephone Field,recover-20221013,001,1795
1153.4955,1153.5337,68437,82327,Rhinolophus ferrumequinum,0.028,0.028,-1,Echolocation,/mnt/ubna_data_02_mir/recover-20221013/UBNA_001/20221012_030000.WAV,Telephone Field,recover-20221013,001,1795
1153.5235,1153.5322,27187,40277,Eptesicus serotinus,0.01,0.025,-1,Echolocation,/mnt/ubna_data_02_mir/recover-20221013/UBNA_001/20221012_030000.WAV,Telephone Field,recover-20221013,001,1795
1153.5255,1153.5628,68437,82255,Rhinolophus ferrumequinum,0.026,0.026,-1,Echolocation,/mnt/ubna_data_02_mir/recover-20221013/UBNA_001/20221012_030000.WAV,Telephone Field,recover-20221013,001,1795
1153.5655,1153.576,22890,28024,Nyctalus leisleri,0.01,0.022,-1,Echolocation,/mnt/ubna_data_02_mir/recover-20221013/UBNA_001/20221012_030000.WAV,Telephone Field,recover-20221013,001,1795
1153.5915,1153.6324,68437,82191,Rhinolophus ferrumequinum,0.022,0.022,-1,Echolocation,/mnt/ubna_data_02_mir/recover-20221013/UBNA_001/20221012_030000.WAV,Telephone Field,recover-20221013,001,1795
1153.5985,1153.6372,68437,82213,Rhinolophus ferrumequinum,0.025,0.025,-1,Echolocation,/mnt/ubna_data_02_mir/recover-20221013/UBNA_001/20221012_030000.WAV,Telephone Field,recover-20221013,001,1795
1153.6515,1153.6623,14296,20033,Nyctalus noctula,0.013,0.024,-1,Echolocation,/mnt/ubna_data_02_mir/recover-20221013/UBNA_001/20221012_030000.WAV,Telephone Field,recover-20221013,001,1795
1153.6625,1153.6718,28906,36107,Eptesicus serotinus,0.009,0.023,-1,Echolocation,/mnt/ubna_data_02_mir/recover-20221013/UBNA_001/20221012_030000.WAV,Telephone Field,recover-20221013,001,1795
1153.6645,1153.6715,23750,32227,Plecotus austriacus,0.01,0.022,-1,Echolocation,/mnt/ubna_data_02_mir/recover-20221013/UBNA_001/20221012_030000.WAV,Telephone Field,recover-20221013,001,1795
1153.6735,1153.6866,49531,54375,Pipistrellus pipistrellus,0.031,0.038,-1,Echolocation,/mnt/ubna_data_02_mir/recover-20221013/UBNA_001/20221012_030000.WAV,Telephone Field,recover-20221013,001,1795
1153.7095,1153.7171,48671,52629,Pipistrellus pipistrellus,0.025,0.029,-1,Echolocation,/mnt/ubna_data_02_mir/recover-20221013/UBNA_001/20221012_030000.WAV,Telephone Field,recover-20221013,001,1795
1153.7495,1153.7906,68437,82329,Rhinolophus ferrumequinum,0.022,0.022,-1,Echolocation,/mnt/ubna_data_02_mir/recover-20221013/UBNA_001/20221012_030000.WAV,Telephone Field,recover-20221013,001,1795
1153.7755,1153.7843,27187,34883,Eptesicus serotinus,0.009,0.022,-1,Echolocation,/mnt/ubna_data_02_mir/recover-20221013/UBNA_001/20221012_030000.WAV,Telephone Field,recover-20221013,001,1795
1153.8035,1153.8457,68437,83003,Rhinolophus ferrumequinum,0.026,0.026,-1,Echolocation,/mnt/ubna_data_02_mir/recover-20221013/UBNA_001/20221012_030000.WAV,Telephone Field,recover-20221013,001,1795
1153.8085,1153.8129,38359,54537,Myotis bechsteinii,0.01,0.036,-1,Echolocation,/mnt/ubna_data_02_mir/recover-20221013/UBNA_001/20221012_030000.WAV,Telephone Field,recover-20221013,001,1795
1153.8115,1153.8188,23750,34291,Plecotus austriacus,0.01,0.024,-1,Echolocation,/mnt/ubna_data_02_mir/recover-20221013/UBNA_001/20221012_030000.WAV,Telephone Field,recover-20221013,001,1795
1153.8435,1153.8536,22031,28089,Plecotus austriacus,0.011,0.03,-1,Echolocation,/mnt/ubna_data_02_mir/recover-20221013/UBNA_001/20221012_030000.WAV,Telephone Field,recover-20221013,001,1795
1153.8435,1153.853,29765,36648,Eptesicus serotinus,0.009,0.025,-1,Echolocation,/mnt/ubna_data_02_mir/recover-20221013/UBNA_001/20221012_030000.WAV,Telephone Field,recover-20221013,001,1795
1153.8485,1153.8866,68437,82037,Rhinolophus ferrumequinum,0.022,0.022,-1,Echolocation,/mnt/ubna_data_02_mir/recover-20221013/UBNA_001/20221012_030000.WAV,Telephone Field,recover-20221013,001,1795
1153.8785,1153.9187,68437,82252,Rhinolophus ferrumequinum,0.029,0.03,-1,Echolocation,/mnt/ubna_data_02_mir/recover-20221013/UBNA_001/20221012_030000.WAV,Telephone Field,recover-20221013,001,1795
1153.8885,1153.8980999999999,50390,54154,Pipistrellus pipistrellus,0.016,0.029,-1,Echolocation,/mnt/ubna_data_02_mir/recover-20221013/UBNA_001/20221012_030000.WAV,Telephone Field,recover-20221013,001,1795
1153.9085,1153.9185,25468,31809,Nyctalus leisleri,0.008,0.022,-1,Echolocation,/mnt/ubna_data_02_mir/recover-20221013/UBNA_001/20221012_030000.WAV,Telephone Field,recover-20221013,001,1795
1153.9265,1153.9673,68437,81845,Rhinolophus ferrumequinum,0.024,0.024,-1,Echolocation,/mnt/ubna_data_02_mir/recover-20221013/UBNA_001/20221012_030000.WAV,Telephone Field,recover-20221013,001,1795
1153.9585,1153.9679,25468,32873,Eptesicus serotinus,0.007,0.022,-1,Echolocation,/mnt/ubna_data_02_mir/recover-20221013/UBNA_001/20221012_030000.WAV,Telephone Field,recover-20221013,001,1795
1154.0015,1154.0099,24609,37657,Myotis nattereri,0.005,0.026,-1,Echolocation,/mnt/ubna_data_02_mir/recover-20221013/UBNA_001/20221012_030000.WAV,Telephone Field,recover-20221013,001,1795
1154.0015,1154.0367,68437,79401,Rhinolophus ferrumequinum,0.038,0.038,-1,Echolocation,/mnt/ubna_data_02_mir/recover-20221013/UBNA_001/20221012_030000.WAV,Telephone Field,recover-20221013,001,1795
1154.0145,1154.0574,68437,82593,Rhinolophus ferrumequinum,0.023,0.023,-1,Echolocation,/mnt/ubna_data_02_mir/recover-20221013/UBNA_001/20221012_030000.WAV,Telephone Field,recover-20221013,001,1795
1154.0395,1154.0813,68437,82248,Rhinolophus ferrumequinum,0.024,0.024,-1,Echolocation,/mnt/ubna_data_02_mir/recover-20221013/UBNA_001/20221012_030000.WAV,Telephone Field,recover-20221013,001,1795
1154.0455,1154.0867,68437,82518,Rhinolophus ferrumequinum,0.023,0.023,-1,Echolocation,/mnt/ubna_data_02_mir/recover-20221013/UBNA_001/20221012_030000.WAV,Telephone Field,recover-20221013,001,1795
1154.0855,1154.1233,68437,81291,Rhinolophus ferrumequinum,0.021,0.021,-1,Echolocation,/mnt/ubna_data_02_mir/recover-20221013/UBNA_001/20221012_030000.WAV,Telephone Field,recover-20221013,001,1795
1154.0995,1154.1377,68437,82439,Rhinolophus ferrumequinum,0.026,0.026,-1,Echolocation,/mnt/ubna_data_02_mir/recover-20221013/UBNA_001/20221012_030000.WAV,Telephone Field,recover-20221013,001,1795
1154.1145,1154.1552,68437,83087,Rhinolophus ferrumequinum,0.023,0.023,-1,Echolocation,/mnt/ubna_data_02_mir/recover-20221013/UBNA_001/20221012_030000.WAV,Telephone Field,recover-20221013,001,1795
1154.1315,1154.1712,68437,82266,Rhinolophus ferrumequinum,0.024,0.024,-1,Echolocation,/mnt/ubna_data_02_mir/recover-20221013/UBNA_001/20221012_030000.WAV,Telephone Field,recover-20221013,001,1795
1154.1395,1154.1483,29765,38661,Eptesicus serotinus,0.045,0.07,-1,Echolocation,/mnt/ubna_data_02_mir/recover-20221013/UBNA_001/20221012_030000.WAV,Telephone Field,recover-20221013,001,1795
1154.1645,1154.2053,68437,82345,Rhinolophus ferrumequinum,0.023,0.023,-1,Echolocation,/mnt/ubna_data_02_mir/recover-20221013/UBNA_001/20221012_030000.WAV,Telephone Field,recover-20221013,001,1795
1154.1975,1154.2051,25468,35039,Eptesicus serotinus,0.006,0.023,-1,Echolocation,/mnt/ubna_data_02_mir/recover-20221013/UBNA_001/20221012_030000.WAV,Telephone Field,recover-20221013,001,1795
1154.2305,1154.2647,68437,81705,Rhinolophus ferrumequinum,0.023,0.023,-1,Echolocation,/mnt/ubna_data_02_mir/recover-20221013/UBNA_001/20221012_030000.WAV,Telephone Field,recover-20221013,001,1795
1154.2565,1154.2978,68437,83183,Rhinolophus ferrumequinum,0.029,0.029,-1,Echolocation,/mnt/ubna_data_02_mir/recover-20221013/UBNA_001/20221012_030000.WAV,Telephone Field,recover-20221013,001,1795
1154.3125,1154.3522,68437,82469,Rhinolophus ferrumequinum,0.028,0.028,-1,Echolocation,/mnt/ubna_data_02_mir/recover-20221013/UBNA_001/20221012_030000.WAV,Telephone Field,recover-20221013,001,1795
1154.3575,1154.3667,28906,37413,Eptesicus serotinus,0.01,0.024,-1,Echolocation,/mnt/ubna_data_02_mir/recover-20221013/UBNA_001/20221012_030000.WAV,Telephone Field,recover-20221013,001,1795
1154.3735,1154.4061,68437,80340,Rhinolophus ferrumequinum,0.021,0.022,-1,Echolocation,/mnt/ubna_data_02_mir/recover-20221013/UBNA_001/20221012_030000.WAV,Telephone Field,recover-20221013,001,1795
1154.4695,1154.49,19453,22240,Nyctalus leisleri,0.014,0.028,-1,Echolocation,/mnt/ubna_data_02_mir/recover-20221013/UBNA_001/20221012_030000.WAV,Telephone Field,recover-20221013,001,1795
1154.4955,1154.5364,68437,82746,Rhinolophus ferrumequinum,0.028,0.028,-1,Echolocation,/mnt/ubna_data_02_mir/recover-20221013/UBNA_001/20221012_030000.WAV,Telephone Field,recover-20221013,001,1795
1154.6095,1154.6184,48671,53030,Pipistrellus pipistrellus,0.022,0.025,-1,Echolocation,/mnt/ubna_data_02_mir/recover-20221013/UBNA_001/20221012_030000.WAV,Telephone Field,recover-20221013,001,1795
1154.6105,1154.6525,68437,83205,Rhinolophus ferrumequinum,0.036,0.036,-1,Echolocation,/mnt/ubna_data_02_mir/recover-20221013/UBNA_001/20221012_030000.WAV,Telephone Field,recover-20221013,001,1795
1154.6355,1154.672,68437,81790,Rhinolophus ferrumequinum,0.025,0.025,-1,Echolocation,/mnt/ubna_data_02_mir/recover-20221013/UBNA_001/20221012_030000.WAV,Telephone Field,recover-20221013,001,1795
1154.6515,1154.6617,23750,30144,Nyctalus leisleri,0.008,0.022,-1,Echolocation,/mnt/ubna_data_02_mir/recover-20221013/UBNA_001/20221012_030000.WAV,Telephone Field,recover-20221013,001,1795
1154.6565,1154.6672,22031,26891,Nyctalus leisleri,0.01,0.022,-1,Echolocation,/mnt/ubna_data_02_mir/recover-20221013/UBNA_001/20221012_030000.WAV,Telephone Field,recover-20221013,001,1795
1154.6605,1154.7003,68437,82253,Rhinolophus ferrumequinum,0.022,0.022,-1,Echolocation,/mnt/ubna_data_02_mir/recover-20221013/UBNA_001/20221012_030000.WAV,Telephone Field,recover-20221013,001,1795
1154.6905,1154.7312,68437,82382,Rhinolophus ferrumequinum,0.023,0.023,-1,Echolocation,/mnt/ubna_data_02_mir/recover-20221013/UBNA_001/20221012_030000.WAV,Telephone Field,recover-20221013,001,1795
1154.7035,1154.7146,22031,26281,Nyctalus leisleri,0.011,0.021,-1,Echolocation,/mnt/ubna_data_02_mir/recover-20221013/UBNA_001/20221012_030000.WAV,Telephone Field,recover-20221013,001,1795
1154.7155,1154.7247,28046,36852,Eptesicus serotinus,0.01,0.023,-1,Echolocation,/mnt/ubna_data_02_mir/recover-20221013/UBNA_001/20221012_030000.WAV,Telephone Field,recover-20221013,001,1795
1154.7255,1154.7634,68437,81819,Rhinolophus ferrumequinum,0.023,0.023,-1,Echolocation,/mnt/ubna_data_02_mir/recover-20221013/UBNA_001/20221012_030000.WAV,Telephone Field,recover-20221013,001,1795
1154.7445,1154.7534,28906,38940,Eptesicus serotinus,0.008,0.024,-1,Echolocation,/mnt/ubna_data_02_mir/recover-20221013/UBNA_001/20221012_030000.WAV,Telephone Field,recover-20221013,001,1795
1154.7525,1154.7627,28046,35530,Eptesicus serotinus,0.009,0.022,-1,Echolocation,/mnt/ubna_data_02_mir/recover-20221013/UBNA_001/20221012_030000.WAV,Telephone Field,recover-20221013,001,1795
1154.7655,1154.805,68437,82020,Rhinolophus ferrumequinum,0.021,0.022,-1,Echolocation,/mnt/ubna_data_02_mir/recover-20221013/UBNA_001/20221012_030000.WAV,Telephone Field,recover-20221013,001,1795
1154.7765,1154.8164,68437,82190,Rhinolophus ferrumequinum,0.021,0.021,-1,Echolocation,/mnt/ubna_data_02_mir/recover-20221013/UBNA_001/20221012_030000.WAV,Telephone Field,recover-20221013,001,1795
1154.7955,1154.8352,68437,82093,Rhinolophus ferrumequinum,0.022,0.022,-1,Echolocation,/mnt/ubna_data_02_mir/recover-20221013/UBNA_001/20221012_030000.WAV,Telephone Field,recover-20221013,001,1795
1154.8145,1154.8242,28046,35798,Eptesicus serotinus,0.01,0.023,-1,Echolocation,/mnt/ubna_data_02_mir/recover-20221013/UBNA_001/20221012_030000.WAV,Telephone Field,recover-20221013,001,1795
1154.8205,1154.858,68437,82886,Rhinolophus ferrumequinum,0.027,0.027,-1,Echolocation,/mnt/ubna_data_02_mir/recover-20221013/UBNA_001/20221012_030000.WAV,Telephone Field,recover-20221013,001,1795
1154.8365,1154.8465,23750,30401,Nyctalus leisleri,0.008,0.021,-1,Echolocation,/mnt/ubna_data_02_mir/recover-20221013/UBNA_001/20221012_030000.WAV,Telephone Field,recover-20221013,001,1795
1154.8735,1154.8821,28046,38210,Eptesicus serotinus,0.009,0.023,-1,Echolocation,/mnt/ubna_data_02_mir/recover-20221013/UBNA_001/20221012_030000.WAV,Telephone Field,recover-20221013,001,1795
1154.9235,1154.9353,23750,30458,Nyctalus leisleri,0.01,0.028,-1,Echolocation,/mnt/ubna_data_02_mir/recover-20221013/UBNA_001/20221012_030000.WAV,Telephone Field,recover-20221013,001,1795
1154.9375,1154.9465,27187,38032,Eptesicus serotinus,0.01,0.025,-1,Echolocation,/mnt/ubna_data_02_mir/recover-20221013/UBNA_001/20221012_030000.WAV,Telephone Field,recover-20221013,001,1795
1154.9835,1154.9897,26328,38227,Plecotus auritus,0.007,0.025,-1,Echolocation,/mnt/ubna_data_02_mir/recover-20221013/UBNA_001/20221012_030000.WAV,Telephone Field,recover-20221013,001,1795
1155.0035,1155.0134,22890,28046,Nyctalus leisleri,0.01,0.022,-1,Echolocation,/mnt/ubna_data_02_mir/recover-20221013/UBNA_001/20221012_030000.WAV,Telephone Field,recover-20221013,001,1795
1155.0085,1155.0516,68437,82854,Rhinolophus ferrumequinum,0.051,0.051,-1,Echolocation,/mnt/ubna_data_02_mir/recover-20221013/UBNA_001/20221012_030000.WAV,Telephone Field,recover-20221013,001,1795
1155.0295,1155.0403,22890,27368,Nyctalus leisleri,0.011,0.021,-1,Echolocation,/mnt/ubna_data_02_mir/recover-20221013/UBNA_001/20221012_030000.WAV,Telephone Field,recover-20221013,001,1795
1155.0505,1155.0917,68437,82918,Rhinolophus ferrumequinum,0.022,0.022,-1,Echolocation,/mnt/ubna_data_02_mir/recover-20221013/UBNA_001/20221012_030000.WAV,Telephone Field,recover-20221013,001,1795
1155.0665,1155.0751,28046,38662,Eptesicus serotinus,0.007,0.022,-1,Echolocation,/mnt/ubna_data_02_mir/recover-20221013/UBNA_001/20221012_030000.WAV,Telephone Field,recover-20221013,001,1795
1155.0825,1155.0947,32343,38195,Eptesicus serotinus,0.008,0.026,-1,Echolocation,/mnt/ubna_data_02_mir/recover-20221013/UBNA_001/20221012_030000.WAV,Telephone Field,recover-20221013,001,1795
1155.0995,1155.1071,28046,38436,Eptesicus serotinus,0.007,0.023,-1,Echolocation,/mnt/ubna_data_02_mir/recover-20221013/UBNA_001/20221012_030000.WAV,Telephone Field,recover-20221013,001,1795
1155.1095,1155.1205,22890,27817,Nyctalus leisleri,0.015,0.03,-1,Echolocation,/mnt/ubna_data_02_mir/recover-20221013/UBNA_001/20221012_030000.WAV,Telephone Field,recover-20221013,001,1795
1155.1355,1155.1785,68437,83201,Rhinolophus ferrumequinum,0.038,0.038,-1,Echolocation,/mnt/ubna_data_02_mir/recover-20221013/UBNA_001/20221012_030000.WAV,Telephone Field,recover-20221013,001,1795
1155.1645,1155.1747,28906,36608,Eptesicus serotinus,0.01,0.024,-1,Echolocation,/mnt/ubna_data_02_mir/recover-20221013/UBNA_001/20221012_030000.WAV,Telephone Field,recover-20221013,001,1795
1155.1715,1155.1797,25468,33630,Eptesicus serotinus,0.007,0.022,-1,Echolocation,/mnt/ubna_data_02_mir/recover-20221013/UBNA_001/20221012_030000.WAV,Telephone Field,recover-20221013,001,1795
1155.2085,1155.2453,68437,82233,Rhinolophus ferrumequinum,0.022,0.022,-1,Echolocation,/mnt/ubna_data_02_mir/recover-20221013/UBNA_001/20221012_030000.WAV,Telephone Field,recover-20221013,001,1795
1155.2225,1155.2331,23750,30013,Nyctalus leisleri,0.009,0.025,-1,Echolocation,/mnt/ubna_data_02_mir/recover-20221013/UBNA_001/20221012_030000.WAV,Telephone Field,recover-20221013,001,1795
1155.2465,1155.2558,28046,36752,Eptesicus serotinus,0.009,0.023,-1,Echolocation,/mnt/ubna_data_02_mir/recover-20221013/UBNA_001/20221012_030000.WAV,Telephone Field,recover-20221013,001,1795
1155.2485,1155.2876,68437,82238,Rhinolophus ferrumequinum,0.023,0.023,-1,Echolocation,/mnt/ubna_data_02_mir/recover-20221013/UBNA_001/20221012_030000.WAV,Telephone Field,recover-20221013,001,1795
1155.2645,1155.2816,16875,21195,Nyctalus noctula,0.015,0.022,-1,Echolocation,/mnt/ubna_data_02_mir/recover-20221013/UBNA_001/20221012_030000.WAV,Telephone Field,recover-20221013,001,1795
1155.2715,1155.3112,68437,82565,Rhinolophus ferrumequinum,0.021,0.021,-1,Echolocation,/mnt/ubna_data_02_mir/recover-20221013/UBNA_001/20221012_030000.WAV,Telephone Field,recover-20221013,001,1795
1155.2905,1155.299,23750,30482,Plecotus austriacus,0.007,0.022,-1,Echolocation,/mnt/ubna_data_02_mir/recover-20221013/UBNA_001/20221012_030000.WAV,Telephone Field,recover-20221013,001,1795
1155.2905,1155.327,68437,81769,Rhinolophus ferrumequinum,0.023,0.023,-1,Echolocation,/mnt/ubna_data_02_mir/recover-20221013/UBNA_001/20221012_030000.WAV,Telephone Field,recover-20221013,001,1795
1155.3065,1155.3128,47812,58746,Pipistrellus pipistrellus,0.013,0.024,-1,Echolocation,/mnt/ubna_data_02_mir/recover-20221013/UBNA_001/20221012_030000.WAV,Telephone Field,recover-20221013,001,1795
1155.3065,1155.3443,68437,82201,Rhinolophus ferrumequinum,0.029,0.029,-1,Echolocation,/mnt/ubna_data_02_mir/recover-20221013/UBNA_001/20221012_030000.WAV,Telephone Field,recover-20221013,001,1795
1155.3115,1155.3213,23750,30250,Nyctalus leisleri,0.008,0.023,-1,Echolocation,/mnt/ubna_data_02_mir/recover-20221013/UBNA_001/20221012_030000.WAV,Telephone Field,recover-20221013,001,1795
1155.3455,1155.3894,68437,83186,Rhinolophus ferrumequinum,0.043,0.043,-1,Echolocation,/mnt/ubna_data_02_mir/recover-20221013/UBNA_001/20221012_030000.WAV,Telephone Field,recover-20221013,001,1795
1155.3815,1155.3928,23750,29380,Nyctalus leisleri,0.015,0.034,-1,Echolocation,/mnt/ubna_data_02_mir/recover-20221013/UBNA_001/20221012_030000.WAV,Telephone Field,recover-20221013,001,1795
1155.4115,1155.4194,23750,32648,Plecotus austriacus,0.009,0.024,-1,Echolocation,/mnt/ubna_data_02_mir/recover-20221013/UBNA_001/20221012_030000.WAV,Telephone Field,recover-20221013,001,1795
1155.4225,1155.4667,68437,83628,Rhinolophus ferrumequinum,0.033,0.033,-1,Echolocation,/mnt/ubna_data_02_mir/recover-20221013/UBNA_001/20221012_030000.WAV,Telephone Field,recover-20221013,001,1795
1155.4645,1155.5028,68437,81282,Rhinolophus ferrumequinum,0.023,0.023,-1,Echolocation,/mnt/ubna_data_02_mir/recover-20221013/UBNA_001/20221012_030000.WAV,Telephone Field,recover-20221013,001,1795
1155.4705,1155.5094,68437,82335,Rhinolophus ferrumequinum,0.026,0.026,-1,Echolocation,/mnt/ubna_data_02_mir/recover-20221013/UBNA_001/20221012_030000.WAV,Telephone Field,recover-20221013,001,1795
1155.5075,1155.5179,28906,37746,Eptesicus serotinus,0.012,0.027,-1,Echolocation,/mnt/ubna_data_02_mir/recover-20221013/UBNA_001/20221012_030000.WAV,Telephone Field,recover-20221013,001,1795
1155.5115,1155.5531,68437,82602,Rhinolophus ferrumequinum,0.027,0.027,-1,Echolocation,/mnt/ubna_data_02_mir/recover-20221013/UBNA_001/20221012_030000.WAV,Telephone Field,recover-20221013,001,1795
1155.5565,1155.5657,28046,36927,Eptesicus serotinus,0.024,0.042,-1,Echolocation,/mnt/ubna_data_02_mir/recover-20221013/UBNA_001/20221012_030000.WAV,Telephone Field,recover-20221013,001,1795
1155.5575,1155.5931,68437,81461,Rhinolophus ferrumequinum,0.022,0.022,-1,Echolocation,/mnt/ubna_data_02_mir/recover-20221013/UBNA_001/20221012_030000.WAV,Telephone Field,recover-20221013,001,1795
1155.5725,1155.5836,26328,32392,Eptesicus serotinus,0.012,0.026,-1,Echolocation,/mnt/ubna_data_02_mir/recover-20221013/UBNA_001/20221012_030000.WAV,Telephone Field,recover-20221013,001,1795
1155.5845,1155.5922,28906,38658,Eptesicus serotinus,0.007,0.022,-1,Echolocation,/mnt/ubna_data_02_mir/recover-20221013/UBNA_001/20221012_030000.WAV,Telephone Field,recover-20221013,001,1795
1155.6165,1155.6236,27187,40553,Eptesicus serotinus,0.007,0.023,-1,Echolocation,/mnt/ubna_data_02_mir/recover-20221013/UBNA_001/20221012_030000.WAV,Telephone Field,recover-20221013,001,1795
1155.6255,1155.6427,18593,22867,Nyctalus noctula,0.024,0.035,-1,Echolocation,/mnt/ubna_data_02_mir/recover-20221013/UBNA_001/20221012_030000.WAV,Telephone Field,recover-20221013,001,1795
1155.6495,1155.6888,68437,82253,Rhinolophus ferrumequinum,0.022,0.022,-1,Echolocation,/mnt/ubna_data_02_mir/recover-20221013/UBNA_001/20221012_030000.WAV,Telephone Field,recover-20221013,001,1795
1155.6515,1155.6644000000001,30625,36136,Eptesicus serotinus,0.029,0.056,-1,Echolocation,/mnt/ubna_data_02_mir/recover-20221013/UBNA_001/20221012_030000.WAV,Telephone Field,recover-20221013,001,1795
1155.6795,1155.7212,68437,82936,Rhinolophus ferrumequinum,0.033,0.033,-1,Echolocation,/mnt/ubna_data_02_mir/recover-20221013/UBNA_001/20221012_030000.WAV,Telephone Field,recover-20221013,001,1795
1155.7435,1155.7784,68437,81251,Rhinolophus ferrumequinum,0.024,0.024,-1,Echolocation,/mnt/ubna_data_02_mir/recover-20221013/UBNA_001/20221012_030000.WAV,Telephone Field,recover-20221013,001,1795
1155.7545,1155.7614,27187,38685,Eptesicus serotinus,0.007,0.023,-1,Echolocation,/mnt/ubna_data_02_mir/recover-20221013/UBNA_001/20221012_030000.WAV,Telephone Field,recover-20221013,001,1795
1155.7555,1155.7639,37500,42998,Barbastellus barbastellus,0.016,0.032,-1,Echolocation,/mnt/ubna_data_02_mir/recover-20221013/UBNA_001/20221012_030000.WAV,Telephone Field,recover-20221013,001,1795
1155.8425,1155.8829,68437,82964,Rhinolophus ferrumequinum,0.024,0.024,-1,Echolocation,/mnt/ubna_data_02_mir/recover-20221013/UBNA_001/20221012_030000.WAV,Telephone Field,recover-20221013,001,1795
1155.8855,1155.9277,68437,83236,Rhinolophus ferrumequinum,0.036,0.036,-1,Echolocation,/mnt/ubna_data_02_mir/recover-20221013/UBNA_001/20221012_030000.WAV,Telephone Field,recover-20221013,001,1795
1155.9455,1155.9523,27187,39457,Eptesicus serotinus,0.007,0.022,-1,Echolocation,/mnt/ubna_data_02_mir/recover-20221013/UBNA_001/20221012_030000.WAV,Telephone Field,recover-20221013,001,1795
1155.9455,1155.9544,41796,51995,Pipistrellus nathusii,0.005,0.021,-1,Echolocation,/mnt/ubna_data_02_mir/recover-20221013/UBNA_001/20221012_030000.WAV,Telephone Field,recover-20221013,001,1795
1155.9805,1155.992,24609,30658,Nyctalus leisleri,0.014,0.037,-1,Echolocation,/mnt/ubna_data_02_mir/recover-20221013/UBNA_001/20221012_030000.WAV,Telephone Field,recover-20221013,001,1795
1156.0015,1156.0097,26328,35592,Nyctalus leisleri,0.009,0.029,-1,Echolocation,/mnt/ubna_data_02_mir/recover-20221013/UBNA_001/20221012_030000.WAV,Telephone Field,recover-20221013,001,1795
1156.0015,1156.0157,18593,23181,Nyctalus noctula,0.01,0.024,-1,Echolocation,/mnt/ubna_data_02_mir/recover-20221013/UBNA_001/20221012_030000.WAV,Telephone Field,recover-20221013,001,1795
1156.0445,1156.0515,28046,39177,Eptesicus serotinus,0.007,0.025,-1,Echolocation,/mnt/ubna_data_02_mir/recover-20221013/UBNA_001/20221012_030000.WAV,Telephone Field,recover-20221013,001,1795
1156.0855,1156.097,28046,34039,Eptesicus serotinus,0.012,0.024,-1,Echolocation,/mnt/ubna_data_02_mir/recover-20221013/UBNA_001/20221012_030000.WAV,Telephone Field,recover-20221013,001,1795
1156.0895,1156.1267,68437,81617,Rhinolophus ferrumequinum,0.025,0.025,-1,Echolocation,/mnt/ubna_data_02_mir/recover-20221013/UBNA_001/20221012_030000.WAV,Telephone Field,recover-20221013,001,1795
1156.1095,1156.1179,26328,34945,Eptesicus serotinus,0.008,0.027,-1,Echolocation,/mnt/ubna_data_02_mir/recover-20221013/UBNA_001/20221012_030000.WAV,Telephone Field,recover-20221013,001,1795
1156.1185,1156.1289,28046,35195,Eptesicus serotinus,0.009,0.024,-1,Echolocation,/mnt/ubna_data_02_mir/recover-20221013/UBNA_001/20221012_030000.WAV,Telephone Field,recover-20221013,001,1795
1156.1635,1156.2044,68437,83251,Rhinolophus ferrumequinum,0.028,0.028,-1,Echolocation,/mnt/ubna_data_02_mir/recover-20221013/UBNA_001/20221012_030000.WAV,Telephone Field,recover-20221013,001,1795
1156.1845,1156.2251,68437,82672,Rhinolophus ferrumequinum,0.023,0.023,-1,Echolocation,/mnt/ubna_data_02_mir/recover-20221013/UBNA_001/20221012_030000.WAV,Telephone Field,recover-20221013,001,1795
1156.1975,1156.2042,25468,35803,Plecotus austriacus,0.008,0.026,-1,Echolocation,/mnt/ubna_data_02_mir/recover-20221013/UBNA_001/20221012_030000.WAV,Telephone Field,recover-20221013,001,1795
1156.2295,1156.2485,19453,22242,Nyctalus leisleri,0.012,0.022,-1,Echolocation,/mnt/ubna_data_02_mir/recover-20221013/UBNA_001/20221012_030000.WAV,Telephone Field,recover-20221013,001,1795
1156.2345,1156.2739,68437,82392,Rhinolophus ferrumequinum,0.024,0.024,-1,Echolocation,/mnt/ubna_data_02_mir/recover-20221013/UBNA_001/20221012_030000.WAV,Telephone Field,recover-20221013,001,1795
1156.2685,1156.3094,68437,82915,Rhinolophus ferrumequinum,0.026,0.026,-1,Echolocation,/mnt/ubna_data_02_mir/recover-20221013/UBNA_001/20221012_030000.WAV,Telephone Field,recover-20221013,001,1795
1156.2685,1156.2768,27187,42326,Eptesicus serotinus,0.007,0.023,-1,Echolocation,/mnt/ubna_data_02_mir/recover-20221013/UBNA_001/20221012_030000.WAV,Telephone Field,recover-20221013,001,1795
1156.2925,1156.3297,68437,81744,Rhinolophus ferrumequinum,0.031,0.031,-1,Echolocation,/mnt/ubna_data_02_mir/recover-20221013/UBNA_001/20221012_030000.WAV,Telephone Field,recover-20221013,001,1795
1156.2945,1156.3018,28046,37391,Eptesicus serotinus,0.007,0.027,-1,Echolocation,/mnt/ubna_data_02_mir/recover-20221013/UBNA_001/20221012_030000.WAV,Telephone Field,recover-20221013,001,1795
1156.3285,1156.3371,27187,40263,Eptesicus serotinus,0.009,0.025,-1,Echolocation,/mnt/ubna_data_02_mir/recover-20221013/UBNA_001/20221012_030000.WAV,Telephone Field,recover-20221013,001,1795
1156.3315,1156.3398,34062,41127,Barbastellus barbastellus,0.013,0.031,-1,Echolocation,/mnt/ubna_data_02_mir/recover-20221013/UBNA_001/20221012_030000.WAV,Telephone Field,recover-20221013,001,1795
1156.3595,1156.3669,27187,38151,Eptesicus serotinus,0.007,0.022,-1,Echolocation,/mnt/ubna_data_02_mir/recover-20221013/UBNA_001/20221012_030000.WAV,Telephone Field,recover-20221013,001,1795
1156.3735,1156.4132,68437,82019,Rhinolophus ferrumequinum,0.023,0.023,-1,Echolocation,/mnt/ubna_data_02_mir/recover-20221013/UBNA_001/20221012_030000.WAV,Telephone Field,recover-20221013,001,1795
1156.4395,1156.4756,68437,81672,Rhinolophus ferrumequinum,0.022,0.022,-1,Echolocation,/mnt/ubna_data_02_mir/recover-20221013/UBNA_001/20221012_030000.WAV,Telephone Field,recover-20221013,001,1795
1156.4655,1156.4753,22890,29704,Nyctalus leisleri,0.008,0.026,-1,Echolocation,/mnt/ubna_data_02_mir/recover-20221013/UBNA_001/20221012_030000.WAV,Telephone Field,recover-20221013,001,1795
1156.4895,1156.5307,68437,82847,Rhinolophus ferrumequinum,0.03,0.03,-1,Echolocation,/mnt/ubna_data_02_mir/recover-20221013/UBNA_001/20221012_030000.WAV,Telephone Field,recover-20221013,001,1795
1156.5085,1156.55,68437,82695,Rhinolophus ferrumequinum,0.022,0.022,-1,Echolocation,/mnt/ubna_data_02_mir/recover-20221013/UBNA_001/20221012_030000.WAV,Telephone Field,recover-20221013,001,1795
1156.5185,1156.5253,34062,44666,Myotis daubentonii,0.012,0.029,-1,Echolocation,/mnt/ubna_data_02_mir/recover-20221013/UBNA_001/20221012_030000.WAV,Telephone Field,recover-20221013,001,1795
1156.5265,1156.5421,22890,26972,Nyctalus leisleri,0.023,0.036,-1,Echolocation,/mnt/ubna_data_02_mir/recover-20221013/UBNA_001/20221012_030000.WAV,Telephone Field,recover-20221013,001,1795
1156.5625,1156.6037,68437,82488,Rhinolophus ferrumequinum,0.025,0.025,-1,Echolocation,/mnt/ubna_data_02_mir/recover-20221013/UBNA_001/20221012_030000.WAV,Telephone Field,recover-20221013,001,1795
1156.5685,1156.6099,68437,82749,Rhinolophus ferrumequinum,0.025,0.025,-1,Echolocation,/mnt/ubna_data_02_mir/recover-20221013/UBNA_001/20221012_030000.WAV,Telephone Field,recover-20221013,001,1795
1156.5835,1156.6221,68437,82583,Rhinolophus ferrumequinum,0.028,0.028,-1,Echolocation,/mnt/ubna_data_02_mir/recover-20221013/UBNA_001/20221012_030000.WAV,Telephone Field,recover-20221013,001,1795
1156.5925,1156.6311,68437,81622,Rhinolophus ferrumequinum,0.022,0.022,-1,Echolocation,/mnt/ubna_data_02_mir/recover-20221013/UBNA_001/20221012_030000.WAV,Telephone Field,recover-20221013,001,1795
1156.6025,1156.6404,68437,82037,Rhinolophus ferrumequinum,0.022,0.022,-1,Echolocation,/mnt/ubna_data_02_mir/recover-20221013/UBNA_001/20221012_030000.WAV,Telephone Field,recover-20221013,001,1795
1156.6795,1156.6904,23750,28935,Nyctalus leisleri,0.013,0.025,-1,Echolocation,/mnt/ubna_data_02_mir/recover-20221013/UBNA_001/20221012_030000.WAV,Telephone Field,recover-20221013,001,1795
1156.6925,1156.7299,68437,81476,Rhinolophus ferrumequinum,0.025,0.025,-1,Echolocation,/mnt/ubna_data_02_mir/recover-20221013/UBNA_001/20221012_030000.WAV,Telephone Field,recover-20221013,001,1795
1156.6985,1156.7105999999999,24609,30827,Nyctalus leisleri,0.011,0.028,-1,Echolocation,/mnt/ubna_data_02_mir/recover-20221013/UBNA_001/20221012_030000.WAV,Telephone Field,recover-20221013,001,1795
1156.8095,1156.8237,22890,27278,Nyctalus leisleri,0.032,0.054,-1,Echolocation,/mnt/ubna_data_02_mir/recover-20221013/UBNA_001/20221012_030000.WAV,Telephone Field,recover-20221013,001,1795
1156.8135,1156.8516,68437,81606,Rhinolophus ferrumequinum,0.023,0.023,-1,Echolocation,/mnt/ubna_data_02_mir/recover-20221013/UBNA_001/20221012_030000.WAV,Telephone Field,recover-20221013,001,1795
1156.8245,1156.8313,28046,39811,Eptesicus serotinus,0.009,0.026,-1,Echolocation,/mnt/ubna_data_02_mir/recover-20221013/UBNA_001/20221012_030000.WAV,Telephone Field,recover-20221013,001,1795
1156.8565,1156.867,32343,39996,Eptesicus serotinus,0.009,0.027,-1,Echolocation,/mnt/ubna_data_02_mir/recover-20221013/UBNA_001/20221012_030000.WAV,Telephone Field,recover-20221013,001,1795
1156.8685,1156.9074,68437,82300,Rhinolophus ferrumequinum,0.026,0.026,-1,Echolocation,/mnt/ubna_data_02_mir/recover-20221013/UBNA_001/20221012_030000.WAV,Telephone Field,recover-20221013,001,1795
1156.8715,1156.8787,25468,37690,Myotis nattereri,0.006,0.023,-1,Echolocation,/mnt/ubna_data_02_mir/recover-20221013/UBNA_001/20221012_030000.WAV,Telephone Field,recover-20221013,001,1795
1156.8825,1156.9242,68437,82662,Rhinolophus ferrumequinum,0.029,0.029,-1,Echolocation,/mnt/ubna_data_02_mir/recover-20221013/UBNA_001/20221012_030000.WAV,Telephone Field,recover-20221013,001,1795
1156.9225,1156.9557,68437,81369,Rhinolophus ferrumequinum,0.023,0.023,-1,Echolocation,/mnt/ubna_data_02_mir/recover-20221013/UBNA_001/20221012_030000.WAV,Telephone Field,recover-20221013,001,1795
1156.9345,1156.9728,68437,81948,Rhinolophus ferrumequinum,0.024,0.024,-1,Echolocation,/mnt/ubna_data_02_mir/recover-20221013/UBNA_001/20221012_030000.WAV,Telephone Field,recover-20221013,001,1795
1156.9455,1156.9842,68437,81707,Rhinolophus ferrumequinum,0.022,0.022,-1,Echolocation,/mnt/ubna_data_02_mir/recover-20221013/UBNA_001/20221012_030000.WAV,Telephone Field,recover-20221013,001,1795
1156.9795,1156.9882,27187,36567,Eptesicus serotinus,0.008,0.023,-1,Echolocation,/mnt/ubna_data_02_mir/recover-20221013/UBNA_001/20221012_030000.WAV,Telephone Field,recover-20221013,001,1795
1156.9925,1157.0031,24609,31284,Eptesicus serotinus,0.008,0.022,-1,Echolocation,/mnt/ubna_data_02_mir/recover-20221013/UBNA_001/20221012_030000.WAV,Telephone Field,recover-20221013,001,1795
1156.9935,1157.0316,68437,82663,Rhinolophus ferrumequinum,0.027,0.027,-1,Echolocation,/mnt/ubna_data_02_mir/recover-20221013/UBNA_001/20221012_030000.WAV,Telephone Field,recover-20221013,001,1795
1157.0025,1157.0133,22890,28424,Nyctalus leisleri,0.009,0.022,-1,Echolocation,/mnt/ubna_data_02_mir/recover-20221013/UBNA_001/20221012_030000.WAV,Telephone Field,recover-20221013,001,1795
1157.0135,1157.0529,68437,82408,Rhinolophus ferrumequinum,0.025,0.025,-1,Echolocation,/mnt/ubna_data_02_mir/recover-20221013/UBNA_001/20221012_030000.WAV,Telephone Field,recover-20221013,001,1795
1157.0135,1157.0218,27187,38640,Eptesicus serotinus,0.007,0.022,-1,Echolocation,/mnt/ubna_data_02_mir/recover-20221013/UBNA_001/20221012_030000.WAV,Telephone Field,recover-20221013,001,1795
1157.1135,1157.1545,68437,82889,Rhinolophus ferrumequinum,0.028,0.028,-1,Echolocation,/mnt/ubna_data_02_mir/recover-20221013/UBNA_001/20221012_030000.WAV,Telephone Field,recover-20221013,001,1795
1157.1505,1157.1935,68437,82683,Rhinolophus ferrumequinum,0.049,0.049,-1,Echolocation,/mnt/ubna_data_02_mir/recover-20221013/UBNA_001/20221012_030000.WAV,Telephone Field,recover-20221013,001,1795
1157.1865,1157.2213,68437,81154,Rhinolophus ferrumequinum,0.024,0.024,-1,Echolocation,/mnt/ubna_data_02_mir/recover-20221013/UBNA_001/20221012_030000.WAV,Telephone Field,recover-20221013,001,1795
1157.2335,1157.2438,22890,29193,Nyctalus leisleri,0.02,0.047,-1,Echolocation,/mnt/ubna_data_02_mir/recover-20221013/UBNA_001/20221012_030000.WAV,Telephone Field,recover-20221013,001,1795
1157.2405,1157.2817,68437,82031,Rhinolophus ferrumequinum,0.03,0.03,-1,Echolocation,/mnt/ubna_data_02_mir/recover-20221013/UBNA_001/20221012_030000.WAV,Telephone Field,recover-20221013,001,1795
1157.2645,1157.303,68437,82041,Rhinolophus ferrumequinum,0.023,0.023,-1,Echolocation,/mnt/ubna_data_02_mir/recover-20221013/UBNA_001/20221012_030000.WAV,Telephone Field,recover-20221013,001,1795
1157.2835,1157.2916,28046,38146,Eptesicus serotinus,0.009,0.026,-1,Echolocation,/mnt/ubna_data_02_mir/recover-20221013/UBNA_001/20221012_030000.WAV,Telephone Field,recover-20221013,001,1795
1157.3385,1157.3787,68437,82382,Rhinolophus ferrumequinum,0.022,0.022,-1,Echolocation,/mnt/ubna_data_02_mir/recover-20221013/UBNA_001/20221012_030000.WAV,Telephone Field,recover-20221013,001,1795
1157.3485,1157.3601,49531,55649,Pipistrellus pipistrellus,0.024,0.03,-1,Echolocation,/mnt/ubna_data_02_mir/recover-20221013/UBNA_001/20221012_030000.WAV,Telephone Field,recover-20221013,001,1795
1157.3495,1157.3575,28046,39094,Eptesicus serotinus,0.008,0.029,-1,Echolocation,/mnt/ubna_data_02_mir/recover-20221013/UBNA_001/20221012_030000.WAV,Telephone Field,recover-20221013,001,1795
1157.3665,1157.3746,45234,49402,Pipistrellus pipistrellus,0.025,0.026,-1,Echolocation,/mnt/ubna_data_02_mir/recover-20221013/UBNA_001/20221012_030000.WAV,Telephone Field,recover-20221013,001,1795
1157.3825,1157.3953,22031,26335,Nyctalus leisleri,0.014,0.024,-1,Echolocation,/mnt/ubna_data_02_mir/recover-20221013/UBNA_001/20221012_030000.WAV,Telephone Field,recover-20221013,001,1795
1157.4395,1157.4832,68437,82697,Rhinolophus ferrumequinum,0.041,0.041,-1,Echolocation,/mnt/ubna_data_02_mir/recover-20221013/UBNA_001/20221012_030000.WAV,Telephone Field,recover-20221013,001,1795
1157.4595,1157.5003,68437,82596,Rhinolophus ferrumequinum,0.023,0.023,-1,Echolocation,/mnt/ubna_data_02_mir/recover-20221013/UBNA_001/20221012_030000.WAV,Telephone Field,recover-20221013,001,1795
1157.4745,1157.5152,68437,81984,Rhinolophus ferrumequinum,0.022,0.022,-1,Echolocation,/mnt/ubna_data_02_mir/recover-20221013/UBNA_001/20221012_030000.WAV,Telephone Field,recover-20221013,001,1795
1157.5075,1157.5485,68437,83265,Rhinolophus ferrumequinum,0.031,0.031,-1,Echolocation,/mnt/ubna_data_02_mir/recover-20221013/UBNA_001/20221012_030000.WAV,Telephone Field,recover-20221013,001,1795
1157.5485,1157.5627,20312,23650,Nyctalus leisleri,0.016,0.026,-1,Echolocation,/mnt/ubna_data_02_mir/recover-20221013/UBNA_001/20221012_030000.WAV,Telephone Field,recover-20221013,001,1795
1157.5845,1157.6268,68437,83191,Rhinolophus ferrumequinum,0.03,0.03,-1,Echolocation,/mnt/ubna_data_02_mir/recover-20221013/UBNA_001/20221012_030000.WAV,Telephone Field,recover-20221013,001,1795
1157.6105,1157.6478,68437,81973,Rhinolophus ferrumequinum,0.022,0.022,-1,Echolocation,/mnt/ubna_data_02_mir/recover-20221013/UBNA_001/20221012_030000.WAV,Telephone Field,recover-20221013,001,1795
1157.6185,1157.66,68437,82816,Rhinolophus ferrumequinum,0.034,0.034,-1,Echolocation,/mnt/ubna_data_02_mir/recover-20221013/UBNA_001/20221012_030000.WAV,Telephone Field,recover-20221013,001,1795
1157.6385,1157.6477,27187,36614,Eptesicus serotinus,0.01,0.024,-1,Echolocation,/mnt/ubna_data_02_mir/recover-20221013/UBNA_001/20221012_030000.WAV,Telephone Field,recover-20221013,001,1795
1157.6445,1157.684,68437,82265,Rhinolophus ferrumequinum,0.022,0.022,-1,Echolocation,/mnt/ubna_data_02_mir/recover-20221013/UBNA_001/20221012_030000.WAV,Telephone Field,recover-20221013,001,1795
1157.6525,1157.6632,41796,48566,Pipistrellus nathusii,0.014,0.031,-1,Echolocation,/mnt/ubna_data_02_mir/recover-20221013/UBNA_001/20221012_030000.WAV,Telephone Field,recover-20221013,001,1795
1157.6555,1157.6956,68437,82646,Rhinolophus ferrumequinum,0.024,0.024,-1,Echolocation,/mnt/ubna_data_02_mir/recover-20221013/UBNA_001/20221012_030000.WAV,Telephone Field,recover-20221013,001,1795
1157.6675,1157.7044,68437,81841,Rhinolophus ferrumequinum,0.022,0.022,-1,Echolocation,/mnt/ubna_data_02_mir/recover-20221013/UBNA_001/20221012_030000.WAV,Telephone Field,recover-20221013,001,1795
1157.6925,1157.7307,68437,82097,Rhinolophus ferrumequinum,0.025,0.025,-1,Echolocation,/mnt/ubna_data_02_mir/recover-20221013/UBNA_001/20221012_030000.WAV,Telephone Field,recover-20221013,001,1795
1157.7105,1157.7178,46093,50090,Pipistrellus pipistrellus,0.032,0.033,-1,Echolocation,/mnt/ubna_data_02_mir/recover-20221013/UBNA_001/20221012_030000.WAV,Telephone Field,recover-20221013,001,1795
1157.8235,1157.86,68437,81943,Rhinolophus ferrumequinum,0.022,0.022,-1,Echolocation,/mnt/ubna_data_02_mir/recover-20221013/UBNA_001/20221012_030000.WAV,Telephone Field,recover-20221013,001,1795
1157.8265,1157.8373,23750,29550,Nyctalus leisleri,0.013,0.027,-1,Echolocation,/mnt/ubna_data_02_mir/recover-20221013/UBNA_001/20221012_030000.WAV,Telephone Field,recover-20221013,001,1795
1157.8375,1157.8773,68437,82644,Rhinolophus ferrumequinum,0.025,0.025,-1,Echolocation,/mnt/ubna_data_02_mir/recover-20221013/UBNA_001/20221012_030000.WAV,Telephone Field,recover-20221013,001,1795
1157.8615,1157.8688,50390,55113,Pipistrellus pipistrellus,0.026,0.028,-1,Echolocation,/mnt/ubna_data_02_mir/recover-20221013/UBNA_001/20221012_030000.WAV,Telephone Field,recover-20221013,001,1795
1157.8725,1157.9106,68437,82484,Rhinolophus ferrumequinum,0.022,0.022,-1,Echolocation,/mnt/ubna_data_02_mir/recover-20221013/UBNA_001/20221012_030000.WAV,Telephone Field,recover-20221013,001,1795
1157.9075,1157.9473,68437,82381,Rhinolophus ferrumequinum,0.022,0.022,-1,Echolocation,/mnt/ubna_data_02_mir/recover-20221013/UBNA_001/20221012_030000.WAV,Telephone Field,recover-20221013,001,1795
1157.9145,1157.951,68437,81488,Rhinolophus ferrumequinum,0.025,0.025,-1,Echolocation,/mnt/ubna_data_02_mir/recover-20221013/UBNA_001/20221012_030000.WAV,Telephone Field,recover-20221013,001,1795
1157.9415,1157.9869,68437,83783,Rhinolophus ferrumequinum,0.039,0.039,-1,Echolocation,/mnt/ubna_data_02_mir/recover-20221013/UBNA_001/20221012_030000.WAV,Telephone Field,recover-20221013,001,1795
1157.9425,1157.9506,27187,39901,Eptesicus serotinus,0.007,0.023,-1,Echolocation,/mnt/ubna_data_02_mir/recover-20221013/UBNA_001/20221012_030000.WAV,Telephone Field,recover-20221013,001,1795
1157.9475,1157.9533,39218,54692,Myotis brandtii,0.006,0.022,-1,Echolocation,/mnt/ubna_data_02_mir/recover-20221013/UBNA_001/20221012_030000.WAV,Telephone Field,recover-20221013,001,1795
1157.9485,1157.9549,29765,56942,Myotis daubentonii,0.009,0.022,-1,Echolocation,/mnt/ubna_data_02_mir/recover-20221013/UBNA_001/20221012_030000.WAV,Telephone Field,recover-20221013,001,1795
1157.9645,1157.9733,23750,31329,Plecotus austriacus,0.007,0.023,-1,Echolocation,/mnt/ubna_data_02_mir/recover-20221013/UBNA_001/20221012_030000.WAV,Telephone Field,recover-20221013,001,1795
1158.0015,1158.008,24609,38799,Myotis nattereri,0.006,0.026,-1,Echolocation,/mnt/ubna_data_02_mir/recover-20221013/UBNA_001/20221012_030000.WAV,Telephone Field,recover-20221013,001,1795
1158.0015,1158.0335,68437,79770,Rhinolophus ferrumequinum,0.033,0.033,-1,Echolocation,/mnt/ubna_data_02_mir/recover-20221013/UBNA_001/20221012_030000.WAV,Telephone Field,recover-20221013,001,1795
1158.0145,1158.0512,68437,82262,Rhinolophus ferrumequinum,0.021,0.021,-1,Echolocation,/mnt/ubna_data_02_mir/recover-20221013/UBNA_001/20221012_030000.WAV,Telephone Field,recover-20221013,001,1795
1158.0155,1158.0234,23750,32124,Plecotus austriacus,0.007,0.023,-1,Echolocation,/mnt/ubna_data_02_mir/recover-20221013/UBNA_001/20221012_030000.WAV,Telephone Field,recover-20221013,001,1795
1158.0505,1158.0878,68437,82292,Rhinolophus ferrumequinum,0.022,0.022,-1,Echolocation,/mnt/ubna_data_02_mir/recover-20221013/UBNA_001/20221012_030000.WAV,Telephone Field,recover-20221013,001,1795
1158.0605,1158.0675,23750,31864,Plecotus austriacus,0.008,0.022,-1,Echolocation,/mnt/ubna_data_02_mir/recover-20221013/UBNA_001/20221012_030000.WAV,Telephone Field,recover-20221013,001,1795
1158.0675,1158.1037,68437,81811,Rhinolophus ferrumequinum,0.022,0.022,-1,Echolocation,/mnt/ubna_data_02_mir/recover-20221013/UBNA_001/20221012_030000.WAV,Telephone Field,recover-20221013,001,1795
1158.0845,1158.1259,68437,82603,Rhinolophus ferrumequinum,0.024,0.024,-1,Echolocation,/mnt/ubna_data_02_mir/recover-20221013/UBNA_001/20221012_030000.WAV,Telephone Field,recover-20221013,001,1795
1158.0855,1158.0936,27187,40931,Eptesicus serotinus,0.008,0.021,-1,Echolocation,/mnt/ubna_data_02_mir/recover-20221013/UBNA_001/20221012_030000.WAV,Telephone Field,recover-20221013,001,1795
1158.1005,1158.1109,28046,34781,Eptesicus serotinus,0.01,0.024,-1,Echolocation,/mnt/ubna_data_02_mir/recover-20221013/UBNA_001/20221012_030000.WAV,Telephone Field,recover-20221013,001,1795
1158.1315,1158.1421,28906,36778,Eptesicus serotinus,0.013,0.027,-1,Echolocation,/mnt/ubna_data_02_mir/recover-20221013/UBNA_001/20221012_030000.WAV,Telephone Field,recover-20221013,001,1795
1158.1385,1158.1468,29765,39934,Eptesicus serotinus,0.008,0.026,-1,Echolocation,/mnt/ubna_data_02_mir/recover-20221013/UBNA_001/20221012_030000.WAV,Telephone Field,recover-20221013,001,1795
1158.1505,1158.1868,68437,82125,Rhinolophus ferrumequinum,0.023,0.023,-1,Echolocation,/mnt/ubna_data_02_mir/recover-20221013/UBNA_001/20221012_030000.WAV,Telephone Field,recover-20221013,001,1795
1158.2135,1158.2214,26328,34574,Eptesicus serotinus,0.008,0.023,-1,Echolocation,/mnt/ubna_data_02_mir/recover-20221013/UBNA_001/20221012_030000.WAV,Telephone Field,recover-20221013,001,1795
1158.2715,1158.2783,26328,41063,Eptesicus serotinus,0.005,0.023,-1,Echolocation,/mnt/ubna_data_02_mir/recover-20221013/UBNA_001/20221012_030000.WAV,Telephone Field,recover-20221013,001,1795
1158.3015,1158.3418,68437,82448,Rhinolophus ferrumequinum,0.03,0.03,-1,Echolocation,/mnt/ubna_data_02_mir/recover-20221013/UBNA_001/20221012_030000.WAV,Telephone Field,recover-20221013,001,1795
1158.3425,1158.3801,68437,81938,Rhinolophus ferrumequinum,0.022,0.022,-1,Echolocation,/mnt/ubna_data_02_mir/recover-20221013/UBNA_001/20221012_030000.WAV,Telephone Field,recover-20221013,001,1795
1158.3535,1158.3928,68437,82035,Rhinolophus ferrumequinum,0.023,0.023,-1,Echolocation,/mnt/ubna_data_02_mir/recover-20221013/UBNA_001/20221012_030000.WAV,Telephone Field,recover-20221013,001,1795
1158.4225,1158.4615,68437,81955,Rhinolophus ferrumequinum,0.022,0.022,-1,Echolocation,/mnt/ubna_data_02_mir/recover-20221013/UBNA_001/20221012_030000.WAV,Telephone Field,recover-20221013,001,1795
1158.4435,1158.4558,39218,42831,Pipistrellus nathusii,0.017,0.025,-1,Echolocation,/mnt/ubna_data_02_mir/recover-20221013/UBNA_001/20221012_030000.WAV,Telephone Field,recover-20221013,001,1795
1158.4665,1158.4747,24609,33441,Eptesicus serotinus,0.006,0.023,-1,Echolocation,/mnt/ubna_data_02_mir/recover-20221013/UBNA_001/20221012_030000.WAV,Telephone Field,recover-20221013,001,1795
1158.4825,1158.5292,68437,84112,Rhinolophus ferrumequinum,0.059,0.059,-1,Echolocation,/mnt/ubna_data_02_mir/recover-20221013/UBNA_001/20221012_030000.WAV,Telephone Field,recover-20221013,001,1795
1158.4865,1158.4969,23750,28935,Nyctalus leisleri,0.012,0.025,-1,Echolocation,/mnt/ubna_data_02_mir/recover-20221013/UBNA_001/20221012_030000.WAV,Telephone Field,recover-20221013,001,1795
1158.5015,1158.5141,28906,35602,Eptesicus serotinus,0.024,0.042,-1,Echolocation,/mnt/ubna_data_02_mir/recover-20221013/UBNA_001/20221012_030000.WAV,Telephone Field,recover-20221013,001,1795
1158.5265,1158.5673,68437,82874,Rhinolophus ferrumequinum,0.028,0.028,-1,Echolocation,/mnt/ubna_data_02_mir/recover-20221013/UBNA_001/20221012_030000.WAV,Telephone Field,recover-20221013,001,1795
1158.5385,1158.5776,68437,82014,Rhinolophus ferrumequinum,0.021,0.021,-1,Echolocation,/mnt/ubna_data_02_mir/recover-20221013/UBNA_001/20221012_030000.WAV,Telephone Field,recover-20221013,001,1795
1158.5885,1158.6313,68437,83019,Rhinolophus ferrumequinum,0.027,0.027,-1,Echolocation,/mnt/ubna_data_02_mir/recover-20221013/UBNA_001/20221012_030000.WAV,Telephone Field,recover-20221013,001,1795
1158.6065,1158.6163,23750,30691,Nyctalus leisleri,0.008,0.023,-1,Echolocation,/mnt/ubna_data_02_mir/recover-20221013/UBNA_001/20221012_030000.WAV,Telephone Field,recover-20221013,001,1795
1158.6265,1158.6673,68437,81921,Rhinolophus ferrumequinum,0.022,0.022,-1,Echolocation,/mnt/ubna_data_02_mir/recover-20221013/UBNA_001/20221012_030000.WAV,Telephone Field,recover-20221013,001,1795
1158.6285,1158.6381,22890,29514,Nyctalus leisleri,0.009,0.027,-1,Echolocation,/mnt/ubna_data_02_mir/recover-20221013/UBNA_001/20221012_030000.WAV,Telephone Field,recover-20221013,001,1795
1158.6475,1158.6871,68437,82392,Rhinolophus ferrumequinum,0.023,0.023,-1,Echolocation,/mnt/ubna_data_02_mir/recover-20221013/UBNA_001/20221012_030000.WAV,Telephone Field,recover-20221013,001,1795
1158.6705,1158.7098,68437,82674,Rhinolophus ferrumequinum,0.026,0.026,-1,Echolocation,/mnt/ubna_data_02_mir/recover-20221013/UBNA_001/20221012_030000.WAV,Telephone Field,recover-20221013,001,1795
1158.6895,1158.7262,68437,81665,Rhinolophus ferrumequinum,0.025,0.025,-1,Echolocation,/mnt/ubna_data_02_mir/recover-20221013/UBNA_001/20221012_030000.WAV,Telephone Field,recover-20221013,001,1795
1158.6985,1158.7341,68437,80329,Rhinolophus ferrumequinum,0.026,0.026,-1,Echolocation,/mnt/ubna_data_02_mir/recover-20221013/UBNA_001/20221012_030000.WAV,Telephone Field,recover-20221013,001,1795
1158.7395,1158.7465,28906,43067,Eptesicus serotinus,0.007,0.023,-1,Echolocation,/mnt/ubna_data_02_mir/recover-20221013/UBNA_001/20221012_030000.WAV,Telephone Field,recover-20221013,001,1795
1158.7505,1158.7869,68437,82092,Rhinolophus ferrumequinum,0.022,0.022,-1,Echolocation,/mnt/ubna_data_02_mir/recover-20221013/UBNA_001/20221012_030000.WAV,Telephone Field,recover-20221013,001,1795
1158.7795,1158.8157,68437,80889,Rhinolophus ferrumequinum,0.026,0.026,-1,Echolocation,/mnt/ubna_data_02_mir/recover-20221013/UBNA_001/20221012_030000.WAV,Telephone Field,recover-20221013,001,1795
1158.7895,1158.8269,68437,81958,Rhinolophus ferrumequinum,0.024,0.024,-1,Echolocation,/mnt/ubna_data_02_mir/recover-20221013/UBNA_001/20221012_030000.WAV,Telephone Field,recover-20221013,001,1795
1158.7895,1158.7948,36640,43918,Barbastellus barbastellus,0.022,0.037,-1,Echolocation,/mnt/ubna_data_02_mir/recover-20221013/UBNA_001/20221012_030000.WAV,Telephone Field,recover-20221013,001,1795
1158.8915,1158.9305,68437,82092,Rhinolophus ferrumequinum,0.024,0.024,-1,Echolocation,/mnt/ubna_data_02_mir/recover-20221013/UBNA_001/20221012_030000.WAV,Telephone Field,recover-20221013,001,1795
1158.9105,1158.9494,68437,82494,Rhinolophus ferrumequinum,0.023,0.023,-1,Echolocation,/mnt/ubna_data_02_mir/recover-20221013/UBNA_001/20221012_030000.WAV,Telephone Field,recover-20221013,001,1795
1158.9315,1158.9417,22031,28407,Plecotus austriacus,0.009,0.028,-1,Echolocation,/mnt/ubna_data_02_mir/recover-20221013/UBNA_001/20221012_030000.WAV,Telephone Field,recover-20221013,001,1795
1158.9605,1158.9995,68437,81709,Rhinolophus ferrumequinum,0.022,0.022,-1,Echolocation,/mnt/ubna_data_02_mir/recover-20221013/UBNA_001/20221012_030000.WAV,Telephone Field,recover-20221013,001,1795
1158.9745,1159.014,68437,82322,Rhinolophus ferrumequinum,0.023,0.023,-1,Echolocation,/mnt/ubna_data_02_mir/recover-20221013/UBNA_001/20221012_030000.WAV,Telephone Field,recover-20221013,001,1795
1158.9965,1159.038,68437,82734,Rhinolophus ferrumequinum,0.024,0.024,-1,Echolocation,/mnt/ubna_data_02_mir/recover-20221013/UBNA_001/20221012_030000.WAV,Telephone Field,recover-20221013,001,1795
1159.0355,1159.0439,26328,34005,Eptesicus serotinus,0.008,0.023,-1,Echolocation,/mnt/ubna_data_02_mir/recover-20221013/UBNA_001/20221012_030000.WAV,Telephone Field,recover-20221013,001,1795
1159.0795,1159.1204,68437,82358,Rhinolophus ferrumequinum,0.023,0.023,-1,Echolocation,/mnt/ubna_data_02_mir/recover-20221013/UBNA_001/20221012_030000.WAV,Telephone Field,recover-20221013,001,1795
1159.1105,1159.1484,68437,81429,Rhinolophus ferrumequinum,0.022,0.022,-1,Echolocation,/mnt/ubna_data_02_mir/recover-20221013/UBNA_001/20221012_030000.WAV,Telephone Field,recover-20221013,001,1795
1159.1915,1159.2264,68437,81702,Rhinolophus ferrumequinum,0.029,0.029,-1,Echolocation,/mnt/ubna_data_02_mir/recover-20221013/UBNA_001/20221012_030000.WAV,Telephone Field,recover-20221013,001,1795
1159.1935,1159.2072,22031,25872,Nyctalus leisleri,0.014,0.023,-1,Echolocation,/mnt/ubna_data_02_mir/recover-20221013/UBNA_001/20221012_030000.WAV,Telephone Field,recover-20221013,001,1795
1159.1985,1159.2105,22890,27570,Nyctalus leisleri,0.011,0.022,-1,Echolocation,/mnt/ubna_data_02_mir/recover-20221013/UBNA_001/20221012_030000.WAV,Telephone Field,recover-20221013,001,1795
1159.2535,1159.296,68437,83382,Rhinolophus ferrumequinum,0.039,0.039,-1,Echolocation,/mnt/ubna_data_02_mir/recover-20221013/UBNA_001/20221012_030000.WAV,Telephone Field,recover-20221013,001,1795
1159.2685,1159.2873,16015,20394,Nyctalus noctula,0.019,0.027,-1,Echolocation,/mnt/ubna_data_02_mir/recover-20221013/UBNA_001/20221012_030000.WAV,Telephone Field,recover-20221013,001,1795
1159.2775,1159.3175,68437,82163,Rhinolophus ferrumequinum,0.025,0.025,-1,Echolocation,/mnt/ubna_data_02_mir/recover-20221013/UBNA_001/20221012_030000.WAV,Telephone Field,recover-20221013,001,1795
1159.2915,1159.3275,68437,82059,Rhinolophus ferrumequinum,0.025,0.025,-1,Echolocation,/mnt/ubna_data_02_mir/recover-20221013/UBNA_001/20221012_030000.WAV,Telephone Field,recover-20221013,001,1795
1159.3095,1159.3209,22890,28139,Nyctalus leisleri,0.011,0.026,-1,Echolocation,/mnt/ubna_data_02_mir/recover-20221013/UBNA_001/20221012_030000.WAV,Telephone Field,recover-20221013,001,1795
1159.3505,1159.361,22031,25887,Nyctalus leisleri,0.013,0.022,-1,Echolocation,/mnt/ubna_data_02_mir/recover-20221013/UBNA_001/20221012_030000.WAV,Telephone Field,recover-20221013,001,1795
1159.3675,1159.3747,27187,39013,Eptesicus serotinus,0.007,0.024,-1,Echolocation,/mnt/ubna_data_02_mir/recover-20221013/UBNA_001/20221012_030000.WAV,Telephone Field,recover-20221013,001,1795
1159.3735,1159.41,68437,82202,Rhinolophus ferrumequinum,0.024,0.024,-1,Echolocation,/mnt/ubna_data_02_mir/recover-20221013/UBNA_001/20221012_030000.WAV,Telephone Field,recover-20221013,001,1795
1159.3785,1159.4154,68437,82012,Rhinolophus ferrumequinum,0.024,0.024,-1,Echolocation,/mnt/ubna_data_02_mir/recover-20221013/UBNA_001/20221012_030000.WAV,Telephone Field,recover-20221013,001,1795
1159.3875,1159.3952,28906,40126,Eptesicus serotinus,0.007,0.023,-1,Echolocation,/mnt/ubna_data_02_mir/recover-20221013/UBNA_001/20221012_030000.WAV,Telephone Field,recover-20221013,001,1795
1159.4035,1159.4141,25468,32199,Eptesicus serotinus,0.012,0.033,-1,Echolocation,/mnt/ubna_data_02_mir/recover-20221013/UBNA_001/20221012_030000.WAV,Telephone Field,recover-20221013,001,1795
1159.4205,1159.4582,68437,82030,Rhinolophus ferrumequinum,0.022,0.022,-1,Echolocation,/mnt/ubna_data_02_mir/recover-20221013/UBNA_001/20221012_030000.WAV,Telephone Field,recover-20221013,001,1795
1159.4355,1159.4766,68437,82790,Rhinolophus ferrumequinum,0.025,0.025,-1,Echolocation,/mnt/ubna_data_02_mir/recover-20221013/UBNA_001/20221012_030000.WAV,Telephone Field,recover-20221013,001,1795
1159.4505,1159.4589,27187,38554,Eptesicus serotinus,0.008,0.023,-1,Echolocation,/mnt/ubna_data_02_mir/recover-20221013/UBNA_001/20221012_030000.WAV,Telephone Field,recover-20221013,001,1795
1159.5035,1159.5412,68437,82579,Rhinolophus ferrumequinum,0.023,0.024,-1,Echolocation,/mnt/ubna_data_02_mir/recover-20221013/UBNA_001/20221012_030000.WAV,Telephone Field,recover-20221013,001,1795
1159.5125,1159.5222,28046,38478,Eptesicus serotinus,0.011,0.023,-1,Echolocation,/mnt/ubna_data_02_mir/recover-20221013/UBNA_001/20221012_030000.WAV,Telephone Field,recover-20221013,001,1795
1159.5345,1159.5737,68437,82529,Rhinolophus ferrumequinum,0.031,0.031,-1,Echolocation,/mnt/ubna_data_02_mir/recover-20221013/UBNA_001/20221012_030000.WAV,Telephone Field,recover-20221013,001,1795
1159.5895,1159.6314,68437,82435,Rhinolophus ferrumequinum,0.036,0.036,-1,Echolocation,/mnt/ubna_data_02_mir/recover-20221013/UBNA_001/20221012_030000.WAV,Telephone Field,recover-20221013,001,1795
1159.6165,1159.6539,68437,82253,Rhinolophus ferrumequinum,0.022,0.022,-1,Echolocation,/mnt/ubna_data_02_mir/recover-20221013/UBNA_001/20221012_030000.WAV,Telephone Field,recover-20221013,001,1795
1159.6465,1159.6829,68437,81156,Rhinolophus ferrumequinum,0.022,0.022,-1,Echolocation,/mnt/ubna_data_02_mir/recover-20221013/UBNA_001/20221012_030000.WAV,Telephone Field,recover-20221013,001,1795
1159.6595,1159.6988,68437,82426,Rhinolophus ferrumequinum,0.023,0.023,-1,Echolocation,/mnt/ubna_data_02_mir/recover-20221013/UBNA_001/20221012_030000.WAV,Telephone Field,recover-20221013,001,1795
1159.7105,1159.7493,68437,82236,Rhinolophus ferrumequinum,0.034,0.034,-1,Echolocation,/mnt/ubna_data_02_mir/recover-20221013/UBNA_001/20221012_030000.WAV,Telephone Field,recover-20221013,001,1795
1159.7145,1159.7217,27187,39936,Eptesicus serotinus,0.007,0.021,-1,Echolocation,/mnt/ubna_data_02_mir/recover-20221013/UBNA_001/20221012_030000.WAV,Telephone Field,recover-20221013,001,1795
1159.7185,1159.755,68437,82035,Rhinolophus ferrumequinum,0.024,0.024,-1,Echolocation,/mnt/ubna_data_02_mir/recover-20221013/UBNA_001/20221012_030000.WAV,Telephone Field,recover-20221013,001,1795
1159.7395,1159.7777,68437,82653,Rhinolophus ferrumequinum,0.025,0.025,-1,Echolocation,/mnt/ubna_data_02_mir/recover-20221013/UBNA_001/20221012_030000.WAV,Telephone Field,recover-20221013,001,1795
1159.8235,1159.8301,28046,41256,Eptesicus serotinus,0.007,0.025,-1,Echolocation,/mnt/ubna_data_02_mir/recover-20221013/UBNA_001/20221012_030000.WAV,Telephone Field,recover-20221013,001,1795
1159.8385,1159.8744,68437,81610,Rhinolophus ferrumequinum,0.023,0.023,-1,Echolocation,/mnt/ubna_data_02_mir/recover-20221013/UBNA_001/20221012_030000.WAV,Telephone Field,recover-20221013,001,1795
1159.9555,1159.9953,68437,82368,Rhinolophus ferrumequinum,0.03,0.03,-1,Echolocation,/mnt/ubna_data_02_mir/recover-20221013/UBNA_001/20221012_030000.WAV,Telephone Field,recover-20221013,001,1795
1160.0015,1160.011,26328,36042,Eptesicus serotinus,0.01,0.03,-1,Echolocation,/mnt/ubna_data_02_mir/recover-20221013/UBNA_001/20221012_030000.WAV,Telephone Field,recover-20221013,001,1795
1160.0015,1160.011,48671,55248,Pipistrellus pipistrellus,0.015,0.022,-1,Echolocation,/mnt/ubna_data_02_mir/recover-20221013/UBNA_001/20221012_030000.WAV,Telephone Field,recover-20221013,001,1795
1160.0015,1160.0368,69296,81539,Rhinolophus ferrumequinum,0.04,0.041,-1,Echolocation,/mnt/ubna_data_02_mir/recover-20221013/UBNA_001/20221012_030000.WAV,Telephone Field,recover-20221013,001,1795
1160.0095,1160.052,68437,82555,Rhinolophus ferrumequinum,0.022,0.023,-1,Echolocation,/mnt/ubna_data_02_mir/recover-20221013/UBNA_001/20221012_030000.WAV,Telephone Field,recover-20221013,001,1795
1160.0235,1160.062,68437,82833,Rhinolophus ferrumequinum,0.024,0.024,-1,Echolocation,/mnt/ubna_data_02_mir/recover-20221013/UBNA_001/20221012_030000.WAV,Telephone Field,recover-20221013,001,1795
1160.0385,1160.0484,28906,36552,Eptesicus serotinus,0.01,0.023,-1,Echolocation,/mnt/ubna_data_02_mir/recover-20221013/UBNA_001/20221012_030000.WAV,Telephone Field,recover-20221013,001,1795
1160.0495,1160.088,68437,82197,Rhinolophus ferrumequinum,0.033,0.033,-1,Echolocation,/mnt/ubna_data_02_mir/recover-20221013/UBNA_001/20221012_030000.WAV,Telephone Field,recover-20221013,001,1795
1160.0865,1160.1278,68437,82811,Rhinolophus ferrumequinum,0.022,0.022,-1,Echolocation,/mnt/ubna_data_02_mir/recover-20221013/UBNA_001/20221012_030000.WAV,Telephone Field,recover-20221013,001,1795
1160.1055,1160.1121,25468,39834,Myotis nattereri,0.006,0.023,-1,Echolocation,/mnt/ubna_data_02_mir/recover-20221013/UBNA_001/20221012_030000.WAV,Telephone Field,recover-20221013,001,1795
1160.1195,1160.127,28046,40318,Eptesicus serotinus,0.007,0.026,-1,Echolocation,/mnt/ubna_data_02_mir/recover-20221013/UBNA_001/20221012_030000.WAV,Telephone Field,recover-20221013,001,1795
1160.1215,1160.1612,68437,81748,Rhinolophus ferrumequinum,0.023,0.023,-1,Echolocation,/mnt/ubna_data_02_mir/recover-20221013/UBNA_001/20221012_030000.WAV,Telephone Field,recover-20221013,001,1795
1160.1915,1160.1981,27187,40114,Eptesicus serotinus,0.005,0.022,-1,Echolocation,/mnt/ubna_data_02_mir/recover-20221013/UBNA_001/20221012_030000.WAV,Telephone Field,recover-20221013,001,1795
1160.2015,1160.2429,68437,82930,Rhinolophus ferrumequinum,0.028,0.028,-1,Echolocation,/mnt/ubna_data_02_mir/recover-20221013/UBNA_001/20221012_030000.WAV,Telephone Field,recover-20221013,001,1795
1160.2705,1160.3073,68437,81755,Rhinolophus ferrumequinum,0.022,0.022,-1,Echolocation,/mnt/ubna_data_02_mir/recover-20221013/UBNA_001/20221012_030000.WAV,Telephone Field,recover-20221013,001,1795
1160.2755,1160.2889,14296,19987,Nyctalus noctula,0.019,0.03,-1,Echolocation,/mnt/ubna_data_02_mir/recover-20221013/UBNA_001/20221012_030000.WAV,Telephone Field,recover-20221013,001,1795
1160.2965,1160.3058,47812,51566,Pipistrellus pipistrellus,0.02,0.021,-1,Echolocation,/mnt/ubna_data_02_mir/recover-20221013/UBNA_001/20221012_030000.WAV,Telephone Field,recover-20221013,001,1795
1160.2985,1160.3373,68437,81967,Rhinolophus ferrumequinum,0.023,0.023,-1,Echolocation,/mnt/ubna_data_02_mir/recover-20221013/UBNA_001/20221012_030000.WAV,Telephone Field,recover-20221013,001,1795
1160.3145,1160.3558,68437,82461,Rhinolophus ferrumequinum,0.022,0.022,-1,Echolocation,/mnt/ubna_data_02_mir/recover-20221013/UBNA_001/20221012_030000.WAV,Telephone Field,recover-20221013,001,1795
1160.3195,1160.3309,24609,30312,Nyctalus leisleri,0.017,0.038,-1,Echolocation,/mnt/ubna_data_02_mir/recover-20221013/UBNA_001/20221012_030000.WAV,Telephone Field,recover-20221013,001,1795
1160.3595,1160.3705,28046,36505,Eptesicus serotinus,0.015,0.03,-1,Echolocation,/mnt/ubna_data_02_mir/recover-20221013/UBNA_001/20221012_030000.WAV,Telephone Field,recover-20221013,001,1795
1160.3805,1160.4206,68437,83147,Rhinolophus ferrumequinum,0.026,0.026,-1,Echolocation,/mnt/ubna_data_02_mir/recover-20221013/UBNA_001/20221012_030000.WAV,Telephone Field,recover-20221013,001,1795
1160.3905,1160.4314,68437,82204,Rhinolophus ferrumequinum,0.024,0.024,-1,Echolocation,/mnt/ubna_data_02_mir/recover-20221013/UBNA_001/20221012_030000.WAV,Telephone Field,recover-20221013,001,1795
1160.4155,1160.4341,20312,23240,Nyctalus leisleri,0.014,0.024,-1,Echolocation,/mnt/ubna_data_02_mir/recover-20221013/UBNA_001/20221012_030000.WAV,Telephone Field,recover-20221013,001,1795
1160.4275,1160.4391,23750,29286,Nyctalus leisleri,0.012,0.025,-1,Echolocation,/mnt/ubna_data_02_mir/recover-20221013/UBNA_001/20221012_030000.WAV,Telephone Field,recover-20221013,001,1795
1160.4725,1160.4854,22890,28595,Nyctalus leisleri,0.015,0.033,-1,Echolocation,/mnt/ubna_data_02_mir/recover-20221013/UBNA_001/20221012_030000.WAV,Telephone Field,recover-20221013,001,1795
1160.4915,1160.5003,22890,30007,Plecotus austriacus,0.008,0.022,-1,Echolocation,/mnt/ubna_data_02_mir/recover-20221013/UBNA_001/20221012_030000.WAV,Telephone Field,recover-20221013,001,1795
1160.5145,1160.522,27187,40697,Eptesicus serotinus,0.006,0.021,-1,Echolocation,/mnt/ubna_data_02_mir/recover-20221013/UBNA_001/20221012_030000.WAV,Telephone Field,recover-20221013,001,1795
1160.5145,1160.5538999999999,68437,82213,Rhinolophus ferrumequinum,0.024,0.024,-1,Echolocation,/mnt/ubna_data_02_mir/recover-20221013/UBNA_001/20221012_030000.WAV,Telephone Field,recover-20221013,001,1795
1160.5275,1160.5676,68437,82389,Rhinolophus ferrumequinum,0.021,0.021,-1,Echolocation,/mnt/ubna_data_02_mir/recover-20221013/UBNA_001/20221012_030000.WAV,Telephone Field,recover-20221013,001,1795
1160.5535,1160.5616,27187,40182,Eptesicus serotinus,0.008,0.023,-1,Echolocation,/mnt/ubna_data_02_mir/recover-20221013/UBNA_001/20221012_030000.WAV,Telephone Field,recover-20221013,001,1795
1160.6005,1160.6094,28906,36453,Eptesicus serotinus,0.007,0.023,-1,Echolocation,/mnt/ubna_data_02_mir/recover-20221013/UBNA_001/20221012_030000.WAV,Telephone Field,recover-20221013,001,1795
1160.6015,1160.6395,68437,82877,Rhinolophus ferrumequinum,0.022,0.022,-1,Echolocation,/mnt/ubna_data_02_mir/recover-20221013/UBNA_001/20221012_030000.WAV,Telephone Field,recover-20221013,001,1795
1160.6345,1160.6452,22890,27006,Nyctalus leisleri,0.012,0.022,-1,Echolocation,/mnt/ubna_data_02_mir/recover-20221013/UBNA_001/20221012_030000.WAV,Telephone Field,recover-20221013,001,1795
1160.6355,1160.6718,68437,81940,Rhinolophus ferrumequinum,0.024,0.024,-1,Echolocation,/mnt/ubna_data_02_mir/recover-20221013/UBNA_001/20221012_030000.WAV,Telephone Field,recover-20221013,001,1795
1160.6435,1160.6829,68437,82863,Rhinolophus ferrumequinum,0.027,0.027,-1,Echolocation,/mnt/ubna_data_02_mir/recover-20221013/UBNA_001/20221012_030000.WAV,Telephone Field,recover-20221013,001,1795
1160.6545,1160.6641,24609,31441,Nyctalus leisleri,0.008,0.023,-1,Echolocation,/mnt/ubna_data_02_mir/recover-20221013/UBNA_001/20221012_030000.WAV,Telephone Field,recover-20221013,001,1795
1160.7085,1160.7233,32343,38089,Eptesicus serotinus,0.015,0.047,-1,Echolocation,/mnt/ubna_data_02_mir/recover-20221013/UBNA_001/20221012_030000.WAV,Telephone Field,recover-20221013,001,1795
1160.7105,1160.7453,68437,81726,Rhinolophus ferrumequinum,0.023,0.023,-1,Echolocation,/mnt/ubna_data_02_mir/recover-20221013/UBNA_001/20221012_030000.WAV,Telephone Field,recover-20221013,001,1795
1160.7425,1160.754,46093,50522,Pipistrellus pipistrellus,0.02,0.022,-1,Echolocation,/mnt/ubna_data_02_mir/recover-20221013/UBNA_001/20221012_030000.WAV,Telephone Field,recover-20221013,001,1795
1160.8035,1160.8431,68437,82727,Rhinolophus ferrumequinum,0.023,0.023,-1,Echolocation,/mnt/ubna_data_02_mir/recover-20221013/UBNA_001/20221012_030000.WAV,Telephone Field,recover-20221013,001,1795
1160.8165,1160.8262,22890,29912,Plecotus austriacus,0.008,0.023,-1,Echolocation,/mnt/ubna_data_02_mir/recover-20221013/UBNA_001/20221012_030000.WAV,Telephone Field,recover-20221013,001,1795
1160.8285,1160.8647,68437,82393,Rhinolophus ferrumequinum,0.024,0.024,-1,Echolocation,/mnt/ubna_data_02_mir/recover-20221013/UBNA_001/20221012_030000.WAV,Telephone Field,recover-20221013,001,1795
1160.8425,1160.8534,27187,34870,Eptesicus serotinus,0.011,0.026,-1,Echolocation,/mnt/ubna_data_02_mir/recover-20221013/UBNA_001/20221012_030000.WAV,Telephone Field,recover-20221013,001,1795
1160.8435,1160.8844,68437,82399,Rhinolophus ferrumequinum,0.027,0.027,-1,Echolocation,/mnt/ubna_data_02_mir/recover-20221013/UBNA_001/20221012_030000.WAV,Telephone Field,recover-20221013,001,1795
1160.8625,1160.8755,24609,30097,Nyctalus leisleri,0.014,0.031,-1,Echolocation,/mnt/ubna_data_02_mir/recover-20221013/UBNA_001/20221012_030000.WAV,Telephone Field,recover-20221013,001,1795
1160.8645,1160.904,68437,82446,Rhinolophus ferrumequinum,0.023,0.023,-1,Echolocation,/mnt/ubna_data_02_mir/recover-20221013/UBNA_001/20221012_030000.WAV,Telephone Field,recover-20221013,001,1795
1160.8835,1160.9202,68437,81458,Rhinolophus ferrumequinum,0.022,0.022,-1,Echolocation,/mnt/ubna_data_02_mir/recover-20221013/UBNA_001/20221012_030000.WAV,Telephone Field,recover-20221013,001,1795
1160.9015,1160.9371,68437,81327,Rhinolophus ferrumequinum,0.022,0.022,-1,Echolocation,/mnt/ubna_data_02_mir/recover-20221013/UBNA_001/20221012_030000.WAV,Telephone Field,recover-20221013,001,1795
1160.9315,1160.9701,68437,82789,Rhinolophus ferrumequinum,0.029,0.029,-1,Echolocation,/mnt/ubna_data_02_mir/recover-20221013/UBNA_001/20221012_030000.WAV,Telephone Field,recover-20221013,001,1795
1160.9495,1160.9608,25468,32665,Eptesicus serotinus,0.011,0.027,-1,Echolocation,/mnt/ubna_data_02_mir/recover-20221013/UBNA_001/20221012_030000.WAV,Telephone Field,recover-20221013,001,1795
1160.9825,1161.0223,68437,82826,Rhinolophus ferrumequinum,0.028,0.028,-1,Echolocation,/mnt/ubna_data_02_mir/recover-20221013/UBNA_001/20221012_030000.WAV,Telephone Field,recover-20221013,001,1795
1161.0185,1161.0573,68437,82628,Rhinolophus ferrumequinum,0.022,0.022,-1,Echolocation,/mnt/ubna_data_02_mir/recover-20221013/UBNA_001/20221012_030000.WAV,Telephone Field,recover-20221013,001,1795
1161.0765,1161.0872,22890,27781,Nyctalus leisleri,0.011,0.022,-1,Echolocation,/mnt/ubna_data_02_mir/recover-20221013/UBNA_001/20221012_030000.WAV,Telephone Field,recover-20221013,001,1795
1161.0835,1161.1251,68437,82544,Rhinolophus ferrumequinum,0.021,0.021,-1,Echolocation,/mnt/ubna_data_02_mir/recover-20221013/UBNA_001/20221012_030000.WAV,Telephone Field,recover-20221013,001,1795
1161.0925,1161.1334,68437,82855,Rhinolophus ferrumequinum,0.028,0.028,-1,Echolocation,/mnt/ubna_data_02_mir/recover-20221013/UBNA_001/20221012_030000.WAV,Telephone Field,recover-20221013,001,1795
1161.1395,1161.1794,68437,82201,Rhinolophus ferrumequinum,0.035,0.035,-1,Echolocation,/mnt/ubna_data_02_mir/recover-20221013/UBNA_001/20221012_030000.WAV,Telephone Field,recover-20221013,001,1795
1161.1515,1161.1905,68437,82251,Rhinolophus ferrumequinum,0.021,0.021,-1,Echolocation,/mnt/ubna_data_02_mir/recover-20221013/UBNA_001/20221012_030000.WAV,Telephone Field,recover-20221013,001,1795
1161.2085,1161.2459,68437,81859,Rhinolophus ferrumequinum,0.023,0.023,-1,Echolocation,/mnt/ubna_data_02_mir/recover-20221013/UBNA_001/20221012_030000.WAV,Telephone Field,recover-20221013,001,1795
1161.2345,1161.2714,68437,82354,Rhinolophus ferrumequinum,0.022,0.022,-1,Echolocation,/mnt/ubna_data_02_mir/recover-20221013/UBNA_001/20221012_030000.WAV,Telephone Field,recover-20221013,001,1795
1161.2405,1161.2794,68437,82587,Rhinolophus ferrumequinum,0.023,0.023,-1,Echolocation,/mnt/ubna_data_02_mir/recover-20221013/UBNA_001/20221012_030000.WAV,Telephone Field,recover-20221013,001,1795
1161.2415,1161.2597,20312,23282,Nyctalus leisleri,0.013,0.022,-1,Echolocation,/mnt/ubna_data_02_mir/recover-20221013/UBNA_001/20221012_030000.WAV,Telephone Field,recover-20221013,001,1795
1161.2875,1161.3274,68437,82607,Rhinolophus ferrumequinum,0.021,0.021,-1,Echolocation,/mnt/ubna_data_02_mir/recover-20221013/UBNA_001/20221012_030000.WAV,Telephone Field,recover-20221013,001,1795
1161.3105,1161.3517,68437,82908,Rhinolophus ferrumequinum,0.024,0.024,-1,Echolocation,/mnt/ubna_data_02_mir/recover-20221013/UBNA_001/20221012_030000.WAV,Telephone Field,recover-20221013,001,1795
1161.3145,1161.3237,22890,29802,Nyctalus leisleri,0.008,0.024,-1,Echolocation,/mnt/ubna_data_02_mir/recover-20221013/UBNA_001/20221012_030000.WAV,Telephone Field,recover-20221013,001,1795
1161.3365,1161.3437,46093,50507,Pipistrellus pipistrellus,0.02,0.022,-1,Echolocation,/mnt/ubna_data_02_mir/recover-20221013/UBNA_001/20221012_030000.WAV,Telephone Field,recover-20221013,001,1795
1161.3585,1161.3663,22890,30962,Plecotus austriacus,0.013,0.025,-1,Echolocation,/mnt/ubna_data_02_mir/recover-20221013/UBNA_001/20221012_030000.WAV,Telephone Field,recover-20221013,001,1795
1161.3895,1161.4273,68437,81808,Rhinolophus ferrumequinum,0.021,0.022,-1,Echolocation,/mnt/ubna_data_02_mir/recover-20221013/UBNA_001/20221012_030000.WAV,Telephone Field,recover-20221013,001,1795
1161.4105,1161.4215,32343,38279,Eptesicus serotinus,0.005,0.022,-1,Echolocation,/mnt/ubna_data_02_mir/recover-20221013/UBNA_001/20221012_030000.WAV,Telephone Field,recover-20221013,001,1795
1161.4495,1161.4848,68437,81982,Rhinolophus ferrumequinum,0.033,0.033,-1,Echolocation,/mnt/ubna_data_02_mir/recover-20221013/UBNA_001/20221012_030000.WAV,Telephone Field,recover-20221013,001,1795
1161.4635,1161.5045,68437,82471,Rhinolophus ferrumequinum,0.023,0.023,-1,Echolocation,/mnt/ubna_data_02_mir/recover-20221013/UBNA_001/20221012_030000.WAV,Telephone Field,recover-20221013,001,1795
1161.4715,1161.5133,68437,83304,Rhinolophus ferrumequinum,0.025,0.025,-1,Echolocation,/mnt/ubna_data_02_mir/recover-20221013/UBNA_001/20221012_030000.WAV,Telephone Field,recover-20221013,001,1795
1161.4725,1161.4836,26328,32507,Eptesicus serotinus,0.01,0.022,-1,Echolocation,/mnt/ubna_data_02_mir/recover-20221013/UBNA_001/20221012_030000.WAV,Telephone Field,recover-20221013,001,1795
1161.4955,1161.5054,28906,37361,Eptesicus serotinus,0.009,0.023,-1,Echolocation,/mnt/ubna_data_02_mir/recover-20221013/UBNA_001/20221012_030000.WAV,Telephone Field,recover-20221013,001,1795
1161.5205,1161.5623,68437,82701,Rhinolophus ferrumequinum,0.024,0.024,-1,Echolocation,/mnt/ubna_data_02_mir/recover-20221013/UBNA_001/20221012_030000.WAV,Telephone Field,recover-20221013,001,1795
1161.5895,1161.6262,68437,82124,Rhinolophus ferrumequinum,0.021,0.021,-1,Echolocation,/mnt/ubna_data_02_mir/recover-20221013/UBNA_001/20221012_030000.WAV,Telephone Field,recover-20221013,001,1795
1161.6195,1161.6547,68437,81826,Rhinolophus ferrumequinum,0.022,0.022,-1,Echolocation,/mnt/ubna_data_02_mir/recover-20221013/UBNA_001/20221012_030000.WAV,Telephone Field,recover-20221013,001,1795
1161.6385,1161.678,68437,82744,Rhinolophus ferrumequinum,0.029,0.029,-1,Echolocation,/mnt/ubna_data_02_mir/recover-20221013/UBNA_001/20221012_030000.WAV,Telephone Field,recover-20221013,001,1795
1161.6725,1161.7145,68437,83175,Rhinolophus ferrumequinum,0.031,0.031,-1,Echolocation,/mnt/ubna_data_02_mir/recover-20221013/UBNA_001/20221012_030000.WAV,Telephone Field,recover-20221013,001,1795
1161.7215,1161.7598,68437,81774,Rhinolophus ferrumequinum,0.022,0.022,-1,Echolocation,/mnt/ubna_data_02_mir/recover-20221013/UBNA_001/20221012_030000.WAV,Telephone Field,recover-20221013,001,1795
1161.8015,1161.8082,28046,43431,Eptesicus serotinus,0.005,0.023,-1,Echolocation,/mnt/ubna_data_02_mir/recover-20221013/UBNA_001/20221012_030000.WAV,Telephone Field,recover-20221013,001,1795
1161.8205,1161.8606,68437,83015,Rhinolophus ferrumequinum,0.024,0.024,-1,Echolocation,/mnt/ubna_data_02_mir/recover-20221013/UBNA_001/20221012_030000.WAV,Telephone Field,recover-20221013,001,1795
1161.8205,1161.8325,40078,44410,Pipistrellus nathusii,0.02,0.029,-1,Echolocation,/mnt/ubna_data_02_mir/recover-20221013/UBNA_001/20221012_030000.WAV,Telephone Field,recover-20221013,001,1795
1161.8345,1161.8708,68437,81699,Rhinolophus ferrumequinum,0.022,0.022,-1,Echolocation,/mnt/ubna_data_02_mir/recover-20221013/UBNA_001/20221012_030000.WAV,Telephone Field,recover-20221013,001,1795
1161.8385,1161.8476,28906,38169,Eptesicus serotinus,0.007,0.022,-1,Echolocation,/mnt/ubna_data_02_mir/recover-20221013/UBNA_001/20221012_030000.WAV,Telephone Field,recover-20221013,001,1795
1161.8595,1161.8949,68437,81148,Rhinolophus ferrumequinum,0.021,0.021,-1,Echolocation,/mnt/ubna_data_02_mir/recover-20221013/UBNA_001/20221012_030000.WAV,Telephone Field,recover-20221013,001,1795
1161.8745,1161.9146,68437,81888,Rhinolophus ferrumequinum,0.022,0.022,-1,Echolocation,/mnt/ubna_data_02_mir/recover-20221013/UBNA_001/20221012_030000.WAV,Telephone Field,recover-20221013,001,1795
1161.8765,1161.8867,28046,35497,Eptesicus serotinus,0.009,0.022,-1,Echolocation,/mnt/ubna_data_02_mir/recover-20221013/UBNA_001/20221012_030000.WAV,Telephone Field,recover-20221013,001,1795
1161.9255,1161.9645,68437,82413,Rhinolophus ferrumequinum,0.022,0.022,-1,Echolocation,/mnt/ubna_data_02_mir/recover-20221013/UBNA_001/20221012_030000.WAV,Telephone Field,recover-20221013,001,1795
1161.9785,1161.9874,22890,30368,Plecotus austriacus,0.009,0.024,-1,Echolocation,/mnt/ubna_data_02_mir/recover-20221013/UBNA_001/20221012_030000.WAV,Telephone Field,recover-20221013,001,1795
1162.0015,1162.0105,22031,29201,Nyctalus leisleri,0.01,0.03,-1,Echolocation,/mnt/ubna_data_02_mir/recover-20221013/UBNA_001/20221012_030000.WAV,Telephone Field,recover-20221013,001,1795
1162.0015,1162.0096,48671,53815,Pipistrellus pipistrellus,0.018,0.021,-1,Echolocation,/mnt/ubna_data_02_mir/recover-20221013/UBNA_001/20221012_030000.WAV,Telephone Field,recover-20221013,001,1795
1162.0025,1162.0404,68437,81283,Rhinolophus ferrumequinum,0.023,0.025,-1,Echolocation,/mnt/ubna_data_02_mir/recover-20221013/UBNA_001/20221012_030000.WAV,Telephone Field,recover-20221013,001,1795
1162.0135,1162.025,22890,27947,Nyctalus leisleri,0.012,0.024,-1,Echolocation,/mnt/ubna_data_02_mir/recover-20221013/UBNA_001/20221012_030000.WAV,Telephone Field,recover-20221013,001,1795
1162.0385,1162.0503,22031,26200,Nyctalus leisleri,0.016,0.028,-1,Echolocation,/mnt/ubna_data_02_mir/recover-20221013/UBNA_001/20221012_030000.WAV,Telephone Field,recover-20221013,001,1795
1162.0665,1162.0793,23750,29944,Nyctalus leisleri,0.016,0.036,-1,Echolocation,/mnt/ubna_data_02_mir/recover-20221013/UBNA_001/20221012_030000.WAV,Telephone Field,recover-20221013,001,1795
1162.0865,1162.129,68437,83113,Rhinolophus ferrumequinum,0.031,0.031,-1,Echolocation,/mnt/ubna_data_02_mir/recover-20221013/UBNA_001/20221012_030000.WAV,Telephone Field,recover-20221013,001,1795
1162.0965,1162.1056,28046,37042,Eptesicus serotinus,0.008,0.023,-1,Echolocation,/mnt/ubna_data_02_mir/recover-20221013/UBNA_001/20221012_030000.WAV,Telephone Field,recover-20221013,001,1795
1162.1045,1162.1443,68437,82982,Rhinolophus ferrumequinum,0.021,0.021,-1,Echolocation,/mnt/ubna_data_02_mir/recover-20221013/UBNA_001/20221012_030000.WAV,Telephone Field,recover-20221013,001,1795
1162.1185,1162.1277,26328,34990,Eptesicus serotinus,0.008,0.023,-1,Echolocation,/mnt/ubna_data_02_mir/recover-20221013/UBNA_001/20221012_030000.WAV,Telephone Field,recover-20221013,001,1795
1162.1255,1162.161,68437,81412,Rhinolophus ferrumequinum,0.022,0.022,-1,Echolocation,/mnt/ubna_data_02_mir/recover-20221013/UBNA_001/20221012_030000.WAV,Telephone Field,recover-20221013,001,1795
1162.1355,1162.1697,68437,80185,Rhinolophus ferrumequinum,0.021,0.021,-1,Echolocation,/mnt/ubna_data_02_mir/recover-20221013/UBNA_001/20221012_030000.WAV,Telephone Field,recover-20221013,001,1795
1162.1685,1162.2111,68437,83098,Rhinolophus ferrumequinum,0.026,0.026,-1,Echolocation,/mnt/ubna_data_02_mir/recover-20221013/UBNA_001/20221012_030000.WAV,Telephone Field,recover-20221013,001,1795
1162.1935,1162.2011,27187,39494,Eptesicus serotinus,0.007,0.025,-1,Echolocation,/mnt/ubna_data_02_mir/recover-20221013/UBNA_001/20221012_030000.WAV,Telephone Field,recover-20221013,001,1795
1162.2425,1162.2525,27187,35514,Eptesicus serotinus,0.009,0.021,-1,Echolocation,/mnt/ubna_data_02_mir/recover-20221013/UBNA_001/20221012_030000.WAV,Telephone Field,recover-20221013,001,1795
1162.2445,1162.2834,68437,82379,Rhinolophus ferrumequinum,0.024,0.024,-1,Echolocation,/mnt/ubna_data_02_mir/recover-20221013/UBNA_001/20221012_030000.WAV,Telephone Field,recover-20221013,001,1795
1162.2655,1162.3051,68437,82353,Rhinolophus ferrumequinum,0.022,0.022,-1,Echolocation,/mnt/ubna_data_02_mir/recover-20221013/UBNA_001/20221012_030000.WAV,Telephone Field,recover-20221013,001,1795
1162.2875,1162.3298,68437,83217,Rhinolophus ferrumequinum,0.022,0.022,-1,Echolocation,/mnt/ubna_data_02_mir/recover-20221013/UBNA_001/20221012_030000.WAV,Telephone Field,recover-20221013,001,1795
1162.3585,1162.3663999999999,26328,35756,Eptesicus serotinus,0.007,0.022,-1,Echolocation,/mnt/ubna_data_02_mir/recover-20221013/UBNA_001/20221012_030000.WAV,Telephone Field,recover-20221013,001,1795
1162.3615,1162.3698,43515,46981,Pipistrellus pipistrellus,0.03,0.032,-1,Echolocation,/mnt/ubna_data_02_mir/recover-20221013/UBNA_001/20221012_030000.WAV,Telephone Field,recover-20221013,001,1795
1162.3905,1162.4331,68437,82810,Rhinolophus ferrumequinum,0.024,0.024,-1,Echolocation,/mnt/ubna_data_02_mir/recover-20221013/UBNA_001/20221012_030000.WAV,Telephone Field,recover-20221013,001,1795
1162.4065,1162.4157,28046,36843,Eptesicus serotinus,0.01,0.023,-1,Echolocation,/mnt/ubna_data_02_mir/recover-20221013/UBNA_001/20221012_030000.WAV,Telephone Field,recover-20221013,001,1795
1162.4325,1162.4707,68437,82350,Rhinolophus ferrumequinum,0.022,0.022,-1,Echolocation,/mnt/ubna_data_02_mir/recover-20221013/UBNA_001/20221012_030000.WAV,Telephone Field,recover-20221013,001,1795
1162.4655,1162.5081,68437,82717,Rhinolophus ferrumequinum,0.026,0.026,-1,Echolocation,/mnt/ubna_data_02_mir/recover-20221013/UBNA_001/20221012_030000.WAV,Telephone Field,recover-20221013,001,1795
1162.4715,1162.5105,68437,82583,Rhinolophus ferrumequinum,0.024,0.024,-1,Echolocation,/mnt/ubna_data_02_mir/recover-20221013/UBNA_001/20221012_030000.WAV,Telephone Field,recover-20221013,001,1795
1162.5205,1162.5609,68437,82489,Rhinolophus ferrumequinum,0.022,0.022,-1,Echolocation,/mnt/ubna_data_02_mir/recover-20221013/UBNA_001/20221012_030000.WAV,Telephone Field,recover-20221013,001,1795
1162.5355,1162.574,68437,82042,Rhinolophus ferrumequinum,0.027,0.027,-1,Echolocation,/mnt/ubna_data_02_mir/recover-20221013/UBNA_001/20221012_030000.WAV,Telephone Field,recover-20221013,001,1795
1162.5545,1162.5928,68437,82575,Rhinolophus ferrumequinum,0.021,0.021,-1,Echolocation,/mnt/ubna_data_02_mir/recover-20221013/UBNA_001/20221012_030000.WAV,Telephone Field,recover-20221013,001,1795
1162.5875,1162.6248,68437,81744,Rhinolophus ferrumequinum,0.021,0.021,-1,Echolocation,/mnt/ubna_data_02_mir/recover-20221013/UBNA_001/20221012_030000.WAV,Telephone Field,recover-20221013,001,1795
1162.6035,1162.6117,50390,54921,Pipistrellus pipistrellus,0.025,0.027,-1,Echolocation,/mnt/ubna_data_02_mir/recover-20221013/UBNA_001/20221012_030000.WAV,Telephone Field,recover-20221013,001,1795
1162.6815,1162.7201,68437,82094,Rhinolophus ferrumequinum,0.025,0.025,-1,Echolocation,/mnt/ubna_data_02_mir/recover-20221013/UBNA_001/20221012_030000.WAV,Telephone Field,recover-20221013,001,1795
1162.8205,1162.8594,68437,82275,Rhinolophus ferrumequinum,0.023,0.023,-1,Echolocation,/mnt/ubna_data_02_mir/recover-20221013/UBNA_001/20221012_030000.WAV,Telephone Field,recover-20221013,001,1795
1162.8345,1162.8435,28906,37651,Eptesicus serotinus,0.007,0.021,-1,Echolocation,/mnt/ubna_data_02_mir/recover-20221013/UBNA_001/20221012_030000.WAV,Telephone Field,recover-20221013,001,1795
1162.8805,1162.9207,68437,82656,Rhinolophus ferrumequinum,0.027,0.027,-1,Echolocation,/mnt/ubna_data_02_mir/recover-20221013/UBNA_001/20221012_030000.WAV,Telephone Field,recover-20221013,001,1795
1162.8835,1162.8916,26328,36604,Eptesicus serotinus,0.012,0.032,-1,Echolocation,/mnt/ubna_data_02_mir/recover-20221013/UBNA_001/20221012_030000.WAV,Telephone Field,recover-20221013,001,1795
1162.9085,1162.9481,68437,82231,Rhinolophus ferrumequinum,0.021,0.021,-1,Echolocation,/mnt/ubna_data_02_mir/recover-20221013/UBNA_001/20221012_030000.WAV,Telephone Field,recover-20221013,001,1795
1162.9155,1162.9269,28046,34665,Eptesicus serotinus,0.012,0.029,-1,Echolocation,/mnt/ubna_data_02_mir/recover-20221013/UBNA_001/20221012_030000.WAV,Telephone Field,recover-20221013,001,1795
1162.9375,1162.9431,50390,58105,Pipistrellus pipistrellus,0.027,0.03,-1,Echolocation,/mnt/ubna_data_02_mir/recover-20221013/UBNA_001/20221012_030000.WAV,Telephone Field,recover-20221013,001,1795
1162.9455,1162.9543,28906,38772,Eptesicus serotinus,0.009,0.023,-1,Echolocation,/mnt/ubna_data_02_mir/recover-20221013/UBNA_001/20221012_030000.WAV,Telephone Field,recover-20221013,001,1795
1162.9545,1162.9938,68437,82607,Rhinolophus ferrumequinum,0.023,0.023,-1,Echolocation,/mnt/ubna_data_02_mir/recover-20221013/UBNA_001/20221012_030000.WAV,Telephone Field,recover-20221013,001,1795
1162.9865,1162.9987,46093,48771,Pipistrellus pipistrellus,0.025,0.027,-1,Echolocation,/mnt/ubna_data_02_mir/recover-20221013/UBNA_001/20221012_030000.WAV,Telephone Field,recover-20221013,001,1795
1162.9875,1163.0279,68437,82607,Rhinolophus ferrumequinum,0.024,0.024,-1,Echolocation,/mnt/ubna_data_02_mir/recover-20221013/UBNA_001/20221012_030000.WAV,Telephone Field,recover-20221013,001,1795
1162.9945,1163.0048,22031,27192,Nyctalus leisleri,0.01,0.022,-1,Echolocation,/mnt/ubna_data_02_mir/recover-20221013/UBNA_001/20221012_030000.WAV,Telephone Field,recover-20221013,001,1795
1163.0365,1163.0439,25468,34934,Plecotus austriacus,0.006,0.023,-1,Echolocation,/mnt/ubna_data_02_mir/recover-20221013/UBNA_001/20221012_030000.WAV,Telephone Field,recover-20221013,001,1795
1163.0935,1163.1285,68437,81384,Rhinolophus ferrumequinum,0.022,0.022,-1,Echolocation,/mnt/ubna_data_02_mir/recover-20221013/UBNA_001/20221012_030000.WAV,Telephone Field,recover-20221013,001,1795
1163.1005,1163.1365,68437,81419,Rhinolophus ferrumequinum,0.023,0.023,-1,Echolocation,/mnt/ubna_data_02_mir/recover-20221013/UBNA_001/20221012_030000.WAV,Telephone Field,recover-20221013,001,1795
1163.1285,1163.1674,68437,82504,Rhinolophus ferrumequinum,0.022,0.022,-1,Echolocation,/mnt/ubna_data_02_mir/recover-20221013/UBNA_001/20221012_030000.WAV,Telephone Field,recover-20221013,001,1795
1163.1395,1163.1477,27187,41133,Eptesicus serotinus,0.009,0.026,-1,Echolocation,/mnt/ubna_data_02_mir/recover-20221013/UBNA_001/20221012_030000.WAV,Telephone Field,recover-20221013,001,1795
1163.1415,1163.1486,34062,44630,Myotis daubentonii,0.011,0.029,-1,Echolocation,/mnt/ubna_data_02_mir/recover-20221013/UBNA_001/20221012_030000.WAV,Telephone Field,recover-20221013,001,1795
1163.1765,1163.2171,68437,82170,Rhinolophus ferrumequinum,0.022,0.022,-1,Echolocation,/mnt/ubna_data_02_mir/recover-20221013/UBNA_001/20221012_030000.WAV,Telephone Field,recover-20221013,001,1795
1163.1775,1163.1855,28046,39059,Eptesicus serotinus,0.007,0.021,-1,Echolocation,/mnt/ubna_data_02_mir/recover-20221013/UBNA_001/20221012_030000.WAV,Telephone Field,recover-20221013,001,1795
1163.1935,1163.2322,68437,81511,Rhinolophus ferrumequinum,0.024,0.024,-1,Echolocation,/mnt/ubna_data_02_mir/recover-20221013/UBNA_001/20221012_030000.WAV,Telephone Field,recover-20221013,001,1795
1163.2465,1163.2611,49531,53675,Pipistrellus pipistrellus,0.054,0.063,-1,Echolocation,/mnt/ubna_data_02_mir/recover-20221013/UBNA_001/20221012_030000.WAV,Telephone Field,recover-20221013,001,1795
1163.2505,1163.2848,68437,81300,Rhinolophus ferrumequinum,0.022,0.022,-1,Echolocation,/mnt/ubna_data_02_mir/recover-20221013/UBNA_001/20221012_030000.WAV,Telephone Field,recover-20221013,001,1795
1163.2695,1163.2824,55546,59959,Pipistrellus pygmaeus,0.022,0.023,-1,Echolocation,/mnt/ubna_data_02_mir/recover-20221013/UBNA_001/20221012_030000.WAV,Telephone Field,recover-20221013,001,1795
1163.2825,1163.3207,68437,82287,Rhinolophus ferrumequinum,0.026,0.026,-1,Echolocation,/mnt/ubna_data_02_mir/recover-20221013/UBNA_001/20221012_030000.WAV,Telephone Field,recover-20221013,001,1795
1163.3285,1163.3366,23750,32335,Plecotus austriacus,0.008,0.022,-1,Echolocation,/mnt/ubna_data_02_mir/recover-20221013/UBNA_001/20221012_030000.WAV,Telephone Field,recover-20221013,001,1795
1163.3415,1163.3821,68437,82699,Rhinolophus ferrumequinum,0.026,0.026,-1,Echolocation,/mnt/ubna_data_02_mir/recover-20221013/UBNA_001/20221012_030000.WAV,Telephone Field,recover-20221013,001,1795
1163.3695,1163.4097,68437,82423,Rhinolophus ferrumequinum,0.024,0.024,-1,Echolocation,/mnt/ubna_data_02_mir/recover-20221013/UBNA_001/20221012_030000.WAV,Telephone Field,recover-20221013,001,1795
1163.3915,1163.3988,28046,38151,Eptesicus serotinus,0.013,0.033,-1,Echolocation,/mnt/ubna_data_02_mir/recover-20221013/UBNA_001/20221012_030000.WAV,Telephone Field,recover-20221013,001,1795
1163.3925,1163.4301,68437,82413,Rhinolophus ferrumequinum,0.025,0.025,-1,Echolocation,/mnt/ubna_data_02_mir/recover-20221013/UBNA_001/20221012_030000.WAV,Telephone Field,recover-20221013,001,1795
1163.4315,1163.4698,68437,82603,Rhinolophus ferrumequinum,0.021,0.021,-1,Echolocation,/mnt/ubna_data_02_mir/recover-20221013/UBNA_001/20221012_030000.WAV,Telephone Field,recover-20221013,001,1795
1163.4565,1163.4967,68437,82650,Rhinolophus ferrumequinum,0.022,0.022,-1,Echolocation,/mnt/ubna_data_02_mir/recover-20221013/UBNA_001/20221012_030000.WAV,Telephone Field,recover-20221013,001,1795
1163.5355,1163.5763,68437,82709,Rhinolophus ferrumequinum,0.022,0.022,-1,Echolocation,/mnt/ubna_data_02_mir/recover-20221013/UBNA_001/20221012_030000.WAV,Telephone Field,recover-20221013,001,1795
1163.5485,1163.5549,23750,37764,Plecotus austriacus,0.017,0.036,-1,Echolocation,/mnt/ubna_data_02_mir/recover-20221013/UBNA_001/20221012_030000.WAV,Telephone Field,recover-20221013,001,1795
1163.5595,1163.5971,68437,81883,Rhinolophus ferrumequinum,0.023,0.023,-1,Echolocation,/mnt/ubna_data_02_mir/recover-20221013/UBNA_001/20221012_030000.WAV,Telephone Field,recover-20221013,001,1795
1163.6155,1163.6532,68437,81899,Rhinolophus ferrumequinum,0.027,0.027,-1,Echolocation,/mnt/ubna_data_02_mir/recover-20221013/UBNA_001/20221012_030000.WAV,Telephone Field,recover-20221013,001,1795
1163.6225,1163.6598,68437,81876,Rhinolophus ferrumequinum,0.022,0.022,-1,Echolocation,/mnt/ubna_data_02_mir/recover-20221013/UBNA_001/20221012_030000.WAV,Telephone Field,recover-20221013,001,1795
1163.6515,1163.6651,25468,31534,Eptesicus serotinus,0.012,0.032,-1,Echolocation,/mnt/ubna_data_02_mir/recover-20221013/UBNA_001/20221012_030000.WAV,Telephone Field,recover-20221013,001,1795
1163.6655,1163.6818,22890,26709,Nyctalus leisleri,0.037,0.065,-1,Echolocation,/mnt/ubna_data_02_mir/recover-20221013/UBNA_001/20221012_030000.WAV,Telephone Field,recover-20221013,001,1795
1163.6815,1163.6907,28046,37705,Eptesicus serotinus,0.01,0.026,-1,Echolocation,/mnt/ubna_data_02_mir/recover-20221013/UBNA_001/20221012_030000.WAV,Telephone Field,recover-20221013,001,1795
1163.6855,1163.7243,68437,82120,Rhinolophus ferrumequinum,0.027,0.027,-1,Echolocation,/mnt/ubna_data_02_mir/recover-20221013/UBNA_001/20221012_030000.WAV,Telephone Field,recover-20221013,001,1795
1163.7075,1163.7452,68437,81739,Rhinolophus ferrumequinum,0.022,0.022,-1,Echolocation,/mnt/ubna_data_02_mir/recover-20221013/UBNA_001/20221012_030000.WAV,Telephone Field,recover-20221013,001,1795
1163.7125,1163.7223,47812,53232,Pipistrellus pipistrellus,0.028,0.031,-1,Echolocation,/mnt/ubna_data_02_mir/recover-20221013/UBNA_001/20221012_030000.WAV,Telephone Field,recover-20221013,001,1795
1163.7435,1163.7499,49531,60297,Pipistrellus pipistrellus,0.021,0.026,-1,Echolocation,/mnt/ubna_data_02_mir/recover-20221013/UBNA_001/20221012_030000.WAV,Telephone Field,recover-20221013,001,1795
1163.8545,1163.8933,68437,82136,Rhinolophus ferrumequinum,0.023,0.023,-1,Echolocation,/mnt/ubna_data_02_mir/recover-20221013/UBNA_001/20221012_030000.WAV,Telephone Field,recover-20221013,001,1795
1163.8595,1163.8706,22890,28479,Nyctalus leisleri,0.012,0.026,-1,Echolocation,/mnt/ubna_data_02_mir/recover-20221013/UBNA_001/20221012_030000.WAV,Telephone Field,recover-20221013,001,1795
1163.8755,1163.8837,28046,39026,Eptesicus serotinus,0.007,0.022,-1,Echolocation,/mnt/ubna_data_02_mir/recover-20221013/UBNA_001/20221012_030000.WAV,Telephone Field,recover-20221013,001,1795
1163.9225,1163.9338,27187,33610,Eptesicus serotinus,0.012,0.025,-1,Echolocation,/mnt/ubna_data_02_mir/recover-20221013/UBNA_001/20221012_030000.WAV,Telephone Field,recover-20221013,001,1795
1163.9315,1163.9394,27187,35938,Eptesicus serotinus,0.007,0.023,-1,Echolocation,/mnt/ubna_data_02_mir/recover-20221013/UBNA_001/20221012_030000.WAV,Telephone Field,recover-20221013,001,1795
1163.9755,1163.9859,22890,26794,Nyctalus leisleri,0.012,0.022,-1,Echolocation,/mnt/ubna_data_02_mir/recover-20221013/UBNA_001/20221012_030000.WAV,Telephone Field,recover-20221013,001,1795
1164.0015,1164.0331,69296,81260,Rhinolophus ferrumequinum,0.045,0.045,-1,Echolocation,/mnt/ubna_data_02_mir/recover-20221013/UBNA_001/20221012_030000.WAV,Telephone Field,recover-20221013,001,1795
1164.0015,1164.0095,25468,35396,Nyctalus leisleri,0.007,0.026,-1,Echolocation,/mnt/ubna_data_02_mir/recover-20221013/UBNA_001/20221012_030000.WAV,Telephone Field,recover-20221013,001,1795
1164.0425,1164.0759,68437,81511,Rhinolophus ferrumequinum,0.038,0.038,-1,Echolocation,/mnt/ubna_data_02_mir/recover-20221013/UBNA_001/20221012_030000.WAV,Telephone Field,recover-20221013,001,1795
1164.0755,1164.1138,68437,81789,Rhinolophus ferrumequinum,0.021,0.021,-1,Echolocation,/mnt/ubna_data_02_mir/recover-20221013/UBNA_001/20221012_030000.WAV,Telephone Field,recover-20221013,001,1795
1164.0865,1164.0943,24609,33701,Plecotus austriacus,0.011,0.033,-1,Echolocation,/mnt/ubna_data_02_mir/recover-20221013/UBNA_001/20221012_030000.WAV,Telephone Field,recover-20221013,001,1795
1164.1045,1164.1497,68437,82936,Rhinolophus ferrumequinum,0.041,0.041,-1,Echolocation,/mnt/ubna_data_02_mir/recover-20221013/UBNA_001/20221012_030000.WAV,Telephone Field,recover-20221013,001,1795
1164.1175,1164.1286,22890,28107,Nyctalus leisleri,0.011,0.024,-1,Echolocation,/mnt/ubna_data_02_mir/recover-20221013/UBNA_001/20221012_030000.WAV,Telephone Field,recover-20221013,001,1795
1164.1335,1164.1706,68437,81655,Rhinolophus ferrumequinum,0.021,0.021,-1,Echolocation,/mnt/ubna_data_02_mir/recover-20221013/UBNA_001/20221012_030000.WAV,Telephone Field,recover-20221013,001,1795
1164.1685,1164.2065,68437,82060,Rhinolophus ferrumequinum,0.021,0.021,-1,Echolocation,/mnt/ubna_data_02_mir/recover-20221013/UBNA_001/20221012_030000.WAV,Telephone Field,recover-20221013,001,1795
1164.1895,1164.2282,68437,82269,Rhinolophus ferrumequinum,0.023,0.023,-1,Echolocation,/mnt/ubna_data_02_mir/recover-20221013/UBNA_001/20221012_030000.WAV,Telephone Field,recover-20221013,001,1795
1164.2265,1164.2604,68437,81101,Rhinolophus ferrumequinum,0.022,0.022,-1,Echolocation,/mnt/ubna_data_02_mir/recover-20221013/UBNA_001/20221012_030000.WAV,Telephone Field,recover-20221013,001,1795
1164.2415,1164.2482,40937,54511,Myotis mystacinus,0.006,0.021,-1,Echolocation,/mnt/ubna_data_02_mir/recover-20221013/UBNA_001/20221012_030000.WAV,Telephone Field,recover-20221013,001,1795
1164.2565,1164.2964,68437,81722,Rhinolophus ferrumequinum,0.022,0.022,-1,Echolocation,/mnt/ubna_data_02_mir/recover-20221013/UBNA_001/20221012_030000.WAV,Telephone Field,recover-20221013,001,1795
1164.3135,1164.3501,68437,81066,Rhinolophus ferrumequinum,0.028,0.028,-1,Echolocation,/mnt/ubna_data_02_mir/recover-20221013/UBNA_001/20221012_030000.WAV,Telephone Field,recover-20221013,001,1795
1164.3255,1164.3334,26328,35161,Eptesicus serotinus,0.007,0.022,-1,Echolocation,/mnt/ubna_data_02_mir/recover-20221013/UBNA_001/20221012_030000.WAV,Telephone Field,recover-20221013,001,1795
1164.3315,1164.3443,46093,50248,Pipistrellus pipistrellus,0.024,0.029,-1,Echolocation,/mnt/ubna_data_02_mir/recover-20221013/UBNA_001/20221012_030000.WAV,Telephone Field,recover-20221013,001,1795
1164.3585,1164.3665,28046,40938,Eptesicus serotinus,0.007,0.023,-1,Echolocation,/mnt/ubna_data_02_mir/recover-20221013/UBNA_001/20221012_030000.WAV,Telephone Field,recover-20221013,001,1795
1164.3855,1164.4243,68437,82314,Rhinolophus ferrumequinum,0.022,0.022,-1,Echolocation,/mnt/ubna_data_02_mir/recover-20221013/UBNA_001/20221012_030000.WAV,Telephone Field,recover-20221013,001,1795
1164.4135,1164.4522,68437,82449,Rhinolophus ferrumequinum,0.029,0.029,-1,Echolocation,/mnt/ubna_data_02_mir/recover-20221013/UBNA_001/20221012_030000.WAV,Telephone Field,recover-20221013,001,1795
1164.4265,1164.4341,26328,35530,Eptesicus serotinus,0.01,0.032,-1,Echolocation,/mnt/ubna_data_02_mir/recover-20221013/UBNA_001/20221012_030000.WAV,Telephone Field,recover-20221013,001,1795
1164.4335,1164.4735,68437,82638,Rhinolophus ferrumequinum,0.027,0.027,-1,Echolocation,/mnt/ubna_data_02_mir/recover-20221013/UBNA_001/20221012_030000.WAV,Telephone Field,recover-20221013,001,1795
1164.4835,1164.4951,34062,39758,Eptesicus serotinus,0.006,0.022,-1,Echolocation,/mnt/ubna_data_02_mir/recover-20221013/UBNA_001/20221012_030000.WAV,Telephone Field,recover-20221013,001,1795
1164.4935,1164.5032,24609,32098,Eptesicus serotinus,0.007,0.022,-1,Echolocation,/mnt/ubna_data_02_mir/recover-20221013/UBNA_001/20221012_030000.WAV,Telephone Field,recover-20221013,001,1795
1164.5235,1164.5319,27187,39429,Eptesicus serotinus,0.007,0.022,-1,Echolocation,/mnt/ubna_data_02_mir/recover-20221013/UBNA_001/20221012_030000.WAV,Telephone Field,recover-20221013,001,1795
1164.5275,1164.5674,68437,83368,Rhinolophus ferrumequinum,0.034,0.034,-1,Echolocation,/mnt/ubna_data_02_mir/recover-20221013/UBNA_001/20221012_030000.WAV,Telephone Field,recover-20221013,001,1795
1164.5595,1164.5978,68437,81713,Rhinolophus ferrumequinum,0.023,0.023,-1,Echolocation,/mnt/ubna_data_02_mir/recover-20221013/UBNA_001/20221012_030000.WAV,Telephone Field,recover-20221013,001,1795
1164.5685,1164.6079,68437,81944,Rhinolophus ferrumequinum,0.029,0.029,-1,Echolocation,/mnt/ubna_data_02_mir/recover-20221013/UBNA_001/20221012_030000.WAV,Telephone Field,recover-20221013,001,1795
1164.5725,1164.5807,27187,37851,Eptesicus serotinus,0.006,0.021,-1,Echolocation,/mnt/ubna_data_02_mir/recover-20221013/UBNA_001/20221012_030000.WAV,Telephone Field,recover-20221013,001,1795
1164.5895,1164.5991,28046,36771,Eptesicus serotinus,0.009,0.021,-1,Echolocation,/mnt/ubna_data_02_mir/recover-20221013/UBNA_001/20221012_030000.WAV,Telephone Field,recover-20221013,001,1795
1164.5965,1164.6394,68437,82696,Rhinolophus ferrumequinum,0.026,0.026,-1,Echolocation,/mnt/ubna_data_02_mir/recover-20221013/UBNA_001/20221012_030000.WAV,Telephone Field,recover-20221013,001,1795
1164.6015,1164.6125,24609,31583,Nyctalus leisleri,0.01,0.024,-1,Echolocation,/mnt/ubna_data_02_mir/recover-20221013/UBNA_001/20221012_030000.WAV,Telephone Field,recover-20221013,001,1795
1164.6225,1164.6303,28046,38509,Eptesicus serotinus,0.007,0.025,-1,Echolocation,/mnt/ubna_data_02_mir/recover-20221013/UBNA_001/20221012_030000.WAV,Telephone Field,recover-20221013,001,1795
1164.6325,1164.6705,68437,81282,Rhinolophus ferrumequinum,0.022,0.022,-1,Echolocation,/mnt/ubna_data_02_mir/recover-20221013/UBNA_001/20221012_030000.WAV,Telephone Field,recover-20221013,001,1795
1164.6565,1164.6721,21171,25008,Nyctalus leisleri,0.017,0.03,-1,Echolocation,/mnt/ubna_data_02_mir/recover-20221013/UBNA_001/20221012_030000.WAV,Telephone Field,recover-20221013,001,1795
1164.6625,1164.7026,68437,82720,Rhinolophus ferrumequinum,0.025,0.025,-1,Echolocation,/mnt/ubna_data_02_mir/recover-20221013/UBNA_001/20221012_030000.WAV,Telephone Field,recover-20221013,001,1795
1164.6865,1164.7244,68437,81695,Rhinolophus ferrumequinum,0.021,0.021,-1,Echolocation,/mnt/ubna_data_02_mir/recover-20221013/UBNA_001/20221012_030000.WAV,Telephone Field,recover-20221013,001,1795
1164.6935,1164.701,46953,52794,Pipistrellus pipistrellus,0.035,0.037,-1,Echolocation,/mnt/ubna_data_02_mir/recover-20221013/UBNA_001/20221012_030000.WAV,Telephone Field,recover-20221013,001,1795
1164.7125,1164.7483,68437,81876,Rhinolophus ferrumequinum,0.022,0.022,-1,Echolocation,/mnt/ubna_data_02_mir/recover-20221013/UBNA_001/20221012_030000.WAV,Telephone Field,recover-20221013,001,1795
1164.7575,1164.7971,68437,83065,Rhinolophus ferrumequinum,0.023,0.023,-1,Echolocation,/mnt/ubna_data_02_mir/recover-20221013/UBNA_001/20221012_030000.WAV,Telephone Field,recover-20221013,001,1795
1164.8225,1164.8631,68437,82627,Rhinolophus ferrumequinum,0.024,0.024,-1,Echolocation,/mnt/ubna_data_02_mir/recover-20221013/UBNA_001/20221012_030000.WAV,Telephone Field,recover-20221013,001,1795
1164.8295,1164.8412,25468,31874,Eptesicus serotinus,0.011,0.028,-1,Echolocation,/mnt/ubna_data_02_mir/recover-20221013/UBNA_001/20221012_030000.WAV,Telephone Field,recover-20221013,001,1795
1164.8355,1164.8718,68437,82039,Rhinolophus ferrumequinum,0.021,0.021,-1,Echolocation,/mnt/ubna_data_02_mir/recover-20221013/UBNA_001/20221012_030000.WAV,Telephone Field,recover-20221013,001,1795
1164.8475,1164.8548,27187,41238,Eptesicus serotinus,0.007,0.025,-1,Echolocation,/mnt/ubna_data_02_mir/recover-20221013/UBNA_001/20221012_030000.WAV,Telephone Field,recover-20221013,001,1795
1164.9145,1164.9517,68437,81721,Rhinolophus ferrumequinum,0.025,0.025,-1,Echolocation,/mnt/ubna_data_02_mir/recover-20221013/UBNA_001/20221012_030000.WAV,Telephone Field,recover-20221013,001,1795
1164.9195,1164.9296,22031,27089,Nyctalus leisleri,0.009,0.022,-1,Echolocation,/mnt/ubna_data_02_mir/recover-20221013/UBNA_001/20221012_030000.WAV,Telephone Field,recover-20221013,001,1795
1164.9395,1164.9762,68437,81690,Rhinolophus ferrumequinum,0.022,0.022,-1,Echolocation,/mnt/ubna_data_02_mir/recover-20221013/UBNA_001/20221012_030000.WAV,Telephone Field,recover-20221013,001,1795
1164.9425,1164.952,23750,31085,Nyctalus leisleri,0.008,0.024,-1,Echolocation,/mnt/ubna_data_02_mir/recover-20221013/UBNA_001/20221012_030000.WAV,Telephone Field,recover-20221013,001,1795
1164.9715,1164.9822,23750,29460,Nyctalus leisleri,0.009,0.021,-1,Echolocation,/mnt/ubna_data_02_mir/recover-20221013/UBNA_001/20221012_030000.WAV,Telephone Field,recover-20221013,001,1795
1164.9855,1165.021,68437,81751,Rhinolophus ferrumequinum,0.021,0.021,-1,Echolocation,/mnt/ubna_data_02_mir/recover-20221013/UBNA_001/20221012_030000.WAV,Telephone Field,recover-20221013,001,1795
1164.9855,1164.9918,27187,41813,Eptesicus serotinus,0.007,0.027,-1,Echolocation,/mnt/ubna_data_02_mir/recover-20221013/UBNA_001/20221012_030000.WAV,Telephone Field,recover-20221013,001,1795
1165.0155,1165.0558,68437,82362,Rhinolophus ferrumequinum,0.022,0.022,-1,Echolocation,/mnt/ubna_data_02_mir/recover-20221013/UBNA_001/20221012_030000.WAV,Telephone Field,recover-20221013,001,1795
1165.0245,1165.0418,21171,25099,Nyctalus leisleri,0.015,0.031,-1,Echolocation,/mnt/ubna_data_02_mir/recover-20221013/UBNA_001/20221012_030000.WAV,Telephone Field,recover-20221013,001,1795
1165.0515,1165.0955,68437,83205,Rhinolophus ferrumequinum,0.027,0.027,-1,Echolocation,/mnt/ubna_data_02_mir/recover-20221013/UBNA_001/20221012_030000.WAV,Telephone Field,recover-20221013,001,1795
1165.0595,1165.0706,23750,29327,Nyctalus leisleri,0.013,0.026,-1,Echolocation,/mnt/ubna_data_02_mir/recover-20221013/UBNA_001/20221012_030000.WAV,Telephone Field,recover-20221013,001,1795
1165.0765,1165.1152,68437,81617,Rhinolophus ferrumequinum,0.021,0.021,-1,Echolocation,/mnt/ubna_data_02_mir/recover-20221013/UBNA_001/20221012_030000.WAV,Telephone Field,recover-20221013,001,1795
1165.1095,1165.1458,68437,81461,Rhinolophus ferrumequinum,0.023,0.023,-1,Echolocation,/mnt/ubna_data_02_mir/recover-20221013/UBNA_001/20221012_030000.WAV,Telephone Field,recover-20221013,001,1795
1165.1145,1165.1246,28046,35962,Eptesicus serotinus,0.011,0.025,-1,Echolocation,/mnt/ubna_data_02_mir/recover-20221013/UBNA_001/20221012_030000.WAV,Telephone Field,recover-20221013,001,1795
1165.1245,1165.1333,48671,53402,Pipistrellus pipistrellus,0.022,0.024,-1,Echolocation,/mnt/ubna_data_02_mir/recover-20221013/UBNA_001/20221012_030000.WAV,Telephone Field,recover-20221013,001,1795
1165.1425,1165.1498,23750,32629,Plecotus austriacus,0.009,0.022,-1,Echolocation,/mnt/ubna_data_02_mir/recover-20221013/UBNA_001/20221012_030000.WAV,Telephone Field,recover-20221013,001,1795
1165.1445,1165.1814,68437,81535,Rhinolophus ferrumequinum,0.022,0.022,-1,Echolocation,/mnt/ubna_data_02_mir/recover-20221013/UBNA_001/20221012_030000.WAV,Telephone Field,recover-20221013,001,1795
1165.1615,1165.1998,68437,82007,Rhinolophus ferrumequinum,0.025,0.025,-1,Echolocation,/mnt/ubna_data_02_mir/recover-20221013/UBNA_001/20221012_030000.WAV,Telephone Field,recover-20221013,001,1795
1165.1915,1165.2307,68437,82543,Rhinolophus ferrumequinum,0.024,0.024,-1,Echolocation,/mnt/ubna_data_02_mir/recover-20221013/UBNA_001/20221012_030000.WAV,Telephone Field,recover-20221013,001,1795
1165.2095,1165.2473,68437,81404,Rhinolophus ferrumequinum,0.021,0.021,-1,Echolocation,/mnt/ubna_data_02_mir/recover-20221013/UBNA_001/20221012_030000.WAV,Telephone Field,recover-20221013,001,1795
1165.2185,1165.2499,68437,80296,Rhinolophus ferrumequinum,0.022,0.022,-1,Echolocation,/mnt/ubna_data_02_mir/recover-20221013/UBNA_001/20221012_030000.WAV,Telephone Field,recover-20221013,001,1795
1165.2585,1165.2968,68437,81643,Rhinolophus ferrumequinum,0.021,0.021,-1,Echolocation,/mnt/ubna_data_02_mir/recover-20221013/UBNA_001/20221012_030000.WAV,Telephone Field,recover-20221013,001,1795
1165.2765,1165.3138,68437,82156,Rhinolophus ferrumequinum,0.021,0.021,-1,Echolocation,/mnt/ubna_data_02_mir/recover-20221013/UBNA_001/20221012_030000.WAV,Telephone Field,recover-20221013,001,1795
1165.2815,1165.3174,68437,81541,Rhinolophus ferrumequinum,0.021,0.021,-1,Echolocation,/mnt/ubna_data_02_mir/recover-20221013/UBNA_001/20221012_030000.WAV,Telephone Field,recover-20221013,001,1795
1165.3005,1165.3417,68437,82679,Rhinolophus ferrumequinum,0.025,0.025,-1,Echolocation,/mnt/ubna_data_02_mir/recover-20221013/UBNA_001/20221012_030000.WAV,Telephone Field,recover-20221013,001,1795
1165.3495,1165.3606,23750,29755,Nyctalus leisleri,0.012,0.03,-1,Echolocation,/mnt/ubna_data_02_mir/recover-20221013/UBNA_001/20221012_030000.WAV,Telephone Field,recover-20221013,001,1795
1165.3895,1165.4307,68437,81975,Rhinolophus ferrumequinum,0.027,0.027,-1,Echolocation,/mnt/ubna_data_02_mir/recover-20221013/UBNA_001/20221012_030000.WAV,Telephone Field,recover-20221013,001,1795
1165.3945,1165.405,23750,29499,Nyctalus leisleri,0.01,0.023,-1,Echolocation,/mnt/ubna_data_02_mir/recover-20221013/UBNA_001/20221012_030000.WAV,Telephone Field,recover-20221013,001,1795
1165.4005,1165.4429,68437,83228,Rhinolophus ferrumequinum,0.027,0.027,-1,Echolocation,/mnt/ubna_data_02_mir/recover-20221013/UBNA_001/20221012_030000.WAV,Telephone Field,recover-20221013,001,1795
1165.4135,1165.4207,28046,46311,Eptesicus serotinus,0.007,0.023,-1,Echolocation,/mnt/ubna_data_02_mir/recover-20221013/UBNA_001/20221012_030000.WAV,Telephone Field,recover-20221013,001,1795
1165.4315,1165.4748,68437,82883,Rhinolophus ferrumequinum,0.031,0.031,-1,Echolocation,/mnt/ubna_data_02_mir/recover-20221013/UBNA_001/20221012_030000.WAV,Telephone Field,recover-20221013,001,1795
1165.4415,1165.4513,34921,41784,Barbastellus barbastellus,0.007,0.026,-1,Echolocation,/mnt/ubna_data_02_mir/recover-20221013/UBNA_001/20221012_030000.WAV,Telephone Field,recover-20221013,001,1795
1165.4455,1165.481,68437,80908,Rhinolophus ferrumequinum,0.022,0.022,-1,Echolocation,/mnt/ubna_data_02_mir/recover-20221013/UBNA_001/20221012_030000.WAV,Telephone Field,recover-20221013,001,1795
1165.4705,1165.5095,68437,82042,Rhinolophus ferrumequinum,0.021,0.021,-1,Echolocation,/mnt/ubna_data_02_mir/recover-20221013/UBNA_001/20221012_030000.WAV,Telephone Field,recover-20221013,001,1795
1165.4845,1165.4955,28906,36277,Eptesicus serotinus,0.013,0.029,-1,Echolocation,/mnt/ubna_data_02_mir/recover-20221013/UBNA_001/20221012_030000.WAV,Telephone Field,recover-20221013,001,1795
1165.5075,1165.5154,27187,37581,Eptesicus serotinus,0.007,0.022,-1,Echolocation,/mnt/ubna_data_02_mir/recover-20221013/UBNA_001/20221012_030000.WAV,Telephone Field,recover-20221013,001,1795
1165.5135,1165.5489,68437,80913,Rhinolophus ferrumequinum,0.023,0.023,-1,Echolocation,/mnt/ubna_data_02_mir/recover-20221013/UBNA_001/20221012_030000.WAV,Telephone Field,recover-20221013,001,1795
1165.5245,1165.5337,22890,29456,Plecotus austriacus,0.008,0.023,-1,Echolocation,/mnt/ubna_data_02_mir/recover-20221013/UBNA_001/20221012_030000.WAV,Telephone Field,recover-20221013,001,1795
1165.5335,1165.5767,68437,83647,Rhinolophus ferrumequinum,0.027,0.027,-1,Echolocation,/mnt/ubna_data_02_mir/recover-20221013/UBNA_001/20221012_030000.WAV,Telephone Field,recover-20221013,001,1795
1165.6415,1165.6487,46953,54654,Pipistrellus pipistrellus,0.014,0.021,-1,Echolocation,/mnt/ubna_data_02_mir/recover-20221013/UBNA_001/20221012_030000.WAV,Telephone Field,recover-20221013,001,1795
1165.6775,1165.6873,28906,36812,Eptesicus serotinus,0.01,0.025,-1,Echolocation,/mnt/ubna_data_02_mir/recover-20221013/UBNA_001/20221012_030000.WAV,Telephone Field,recover-20221013,001,1795
1165.6985,1165.7407,68437,82659,Rhinolophus ferrumequinum,0.025,0.025,-1,Echolocation,/mnt/ubna_data_02_mir/recover-20221013/UBNA_001/20221012_030000.WAV,Telephone Field,recover-20221013,001,1795
1165.7155,1165.7541,68437,82532,Rhinolophus ferrumequinum,0.021,0.021,-1,Echolocation,/mnt/ubna_data_02_mir/recover-20221013/UBNA_001/20221012_030000.WAV,Telephone Field,recover-20221013,001,1795
1165.7225,1165.7605,68437,82087,Rhinolophus ferrumequinum,0.022,0.022,-1,Echolocation,/mnt/ubna_data_02_mir/recover-20221013/UBNA_001/20221012_030000.WAV,Telephone Field,recover-20221013,001,1795
1165.7845,1165.8216,68437,81440,Rhinolophus ferrumequinum,0.021,0.021,-1,Echolocation,/mnt/ubna_data_02_mir/recover-20221013/UBNA_001/20221012_030000.WAV,Telephone Field,recover-20221013,001,1795
1165.8475,1165.8887,68437,81904,Rhinolophus ferrumequinum,0.028,0.028,-1,Echolocation,/mnt/ubna_data_02_mir/recover-20221013/UBNA_001/20221012_030000.WAV,Telephone Field,recover-20221013,001,1795
1165.8595,1165.8691,25468,32893,Eptesicus serotinus,0.008,0.022,-1,Echolocation,/mnt/ubna_data_02_mir/recover-20221013/UBNA_001/20221012_030000.WAV,Telephone Field,recover-20221013,001,1795
1165.8665,1165.8754,57265,63644,Pipistrellus pygmaeus,0.021,0.023,-1,Echolocation,/mnt/ubna_data_02_mir/recover-20221013/UBNA_001/20221012_030000.WAV,Telephone Field,recover-20221013,001,1795
1165.8915,1165.9302,68437,82410,Rhinolophus ferrumequinum,0.021,0.021,-1,Echolocation,/mnt/ubna_data_02_mir/recover-20221013/UBNA_001/20221012_030000.WAV,Telephone Field,recover-20221013,001,1795
1165.9005,1165.9426,68437,82385,Rhinolophus ferrumequinum,0.024,0.024,-1,Echolocation,/mnt/ubna_data_02_mir/recover-20221013/UBNA_001/20221012_030000.WAV,Telephone Field,recover-20221013,001,1795
1165.9325,1165.9737,68437,83068,Rhinolophus ferrumequinum,0.031,0.031,-1,Echolocation,/mnt/ubna_data_02_mir/recover-20221013/UBNA_001/20221012_030000.WAV,Telephone Field,recover-20221013,001,1795
1165.9525,1165.9898,68437,82124,Rhinolophus ferrumequinum,0.024,0.024,-1,Echolocation,/mnt/ubna_data_02_mir/recover-20221013/UBNA_001/20221012_030000.WAV,Telephone Field,recover-20221013,001,1795
1165.9785,1165.9901,22890,27435,Nyctalus leisleri,0.015,0.026,-1,Echolocation,/mnt/ubna_data_02_mir/recover-20221013/UBNA_001/20221012_030000.WAV,Telephone Field,recover-20221013,001,1795
1166.0015,1166.0163,19453,24749,Nyctalus noctula,0.022,0.052,-1,Echolocation,/mnt/ubna_data_02_mir/recover-20221013/UBNA_001/20221012_030000.WAV,Telephone Field,recover-20221013,001,1795
1166.0015,1166.0336,69296,81335,Rhinolophus ferrumequinum,0.025,0.025,-1,Echolocation,/mnt/ubna_data_02_mir/recover-20221013/UBNA_001/20221012_030000.WAV,Telephone Field,recover-20221013,001,1795
1166.0015,1166.0083,38359,54803,Myotis brandtii,0.006,0.02,-1,Echolocation,/mnt/ubna_data_02_mir/recover-20221013/UBNA_001/20221012_030000.WAV,Telephone Field,recover-20221013,001,1795
1166.0095,1166.0477,68437,80916,Rhinolophus ferrumequinum,0.022,0.022,-1,Echolocation,/mnt/ubna_data_02_mir/recover-20221013/UBNA_001/20221012_030000.WAV,Telephone Field,recover-20221013,001,1795
1166.0445,1166.0532,22890,30155,Plecotus austriacus,0.011,0.027,-1,Echolocation,/mnt/ubna_data_02_mir/recover-20221013/UBNA_001/20221012_030000.WAV,Telephone Field,recover-20221013,001,1795
1166.0565,1166.0973,68437,82650,Rhinolophus ferrumequinum,0.033,0.033,-1,Echolocation,/mnt/ubna_data_02_mir/recover-20221013/UBNA_001/20221012_030000.WAV,Telephone Field,recover-20221013,001,1795
1166.0955,1166.1017,26328,39266,Plecotus austriacus,0.007,0.027,-1,Echolocation,/mnt/ubna_data_02_mir/recover-20221013/UBNA_001/20221012_030000.WAV,Telephone Field,recover-20221013,001,1795
1166.1075,1166.1433,68437,81428,Rhinolophus ferrumequinum,0.021,0.021,-1,Echolocation,/mnt/ubna_data_02_mir/recover-20221013/UBNA_001/20221012_030000.WAV,Telephone Field,recover-20221013,001,1795
1166.1155,1166.1247,25468,33381,Eptesicus serotinus,0.007,0.021,-1,Echolocation,/mnt/ubna_data_02_mir/recover-20221013/UBNA_001/20221012_030000.WAV,Telephone Field,recover-20221013,001,1795
1166.1335,1166.1716,68437,82016,Rhinolophus ferrumequinum,0.021,0.021,-1,Echolocation,/mnt/ubna_data_02_mir/recover-20221013/UBNA_001/20221012_030000.WAV,Telephone Field,recover-20221013,001,1795
1166.1865,1166.2262,68437,82079,Rhinolophus ferrumequinum,0.024,0.024,-1,Echolocation,/mnt/ubna_data_02_mir/recover-20221013/UBNA_001/20221012_030000.WAV,Telephone Field,recover-20221013,001,1795
1166.1925,1166.1999,24609,35323,Plecotus austriacus,0.007,0.022,-1,Echolocation,/mnt/ubna_data_02_mir/recover-20221013/UBNA_001/20221012_030000.WAV,Telephone Field,recover-20221013,001,1795
1166.2325,1166.2693,68437,82058,Rhinolophus ferrumequinum,0.021,0.021,-1,Echolocation,/mnt/ubna_data_02_mir/recover-20221013/UBNA_001/20221012_030000.WAV,Telephone Field,recover-20221013,001,1795
1166.2415,1166.285,68437,83034,Rhinolophus ferrumequinum,0.026,0.026,-1,Echolocation,/mnt/ubna_data_02_mir/recover-20221013/UBNA_001/20221012_030000.WAV,Telephone Field,recover-20221013,001,1795
1166.2595,1166.2709,22031,26712,Nyctalus leisleri,0.01,0.022,-1,Echolocation,/mnt/ubna_data_02_mir/recover-20221013/UBNA_001/20221012_030000.WAV,Telephone Field,recover-20221013,001,1795
1166.2645,1166.3034,68437,82725,Rhinolophus ferrumequinum,0.021,0.021,-1,Echolocation,/mnt/ubna_data_02_mir/recover-20221013/UBNA_001/20221012_030000.WAV,Telephone Field,recover-20221013,001,1795
1166.2765,1166.2877,41796,47843,Pipistrellus nathusii,0.025,0.042,-1,Echolocation,/mnt/ubna_data_02_mir/recover-20221013/UBNA_001/20221012_030000.WAV,Telephone Field,recover-20221013,001,1795
1166.2935,1166.3306,68437,81641,Rhinolophus ferrumequinum,0.02,0.02,-1,Echolocation,/mnt/ubna_data_02_mir/recover-20221013/UBNA_001/20221012_030000.WAV,Telephone Field,recover-20221013,001,1795
1166.2965,1166.3066,22031,26260,Nyctalus leisleri,0.011,0.021,-1,Echolocation,/mnt/ubna_data_02_mir/recover-20221013/UBNA_001/20221012_030000.WAV,Telephone Field,recover-20221013,001,1795
1166.2995,1166.3378,68437,82237,Rhinolophus ferrumequinum,0.021,0.021,-1,Echolocation,/mnt/ubna_data_02_mir/recover-20221013/UBNA_001/20221012_030000.WAV,Telephone Field,recover-20221013,001,1795
1166.3455,1166.3561,23750,29520,Nyctalus leisleri,0.009,0.02,-1,Echolocation,/mnt/ubna_data_02_mir/recover-20221013/UBNA_001/20221012_030000.WAV,Telephone Field,recover-20221013,001,1795
1166.3705,1166.3789,28046,39208,Eptesicus serotinus,0.007,0.022,-1,Echolocation,/mnt/ubna_data_02_mir/recover-20221013/UBNA_001/20221012_030000.WAV,Telephone Field,recover-20221013,001,1795
1166.3995,1166.4076,23750,31935,Plecotus austriacus,0.009,0.025,-1,Echolocation,/mnt/ubna_data_02_mir/recover-20221013/UBNA_001/20221012_030000.WAV,Telephone Field,recover-20221013,001,1795
1166.4205,1166.4646,68437,82627,Rhinolophus ferrumequinum,0.032,0.032,-1,Echolocation,/mnt/ubna_data_02_mir/recover-20221013/UBNA_001/20221012_030000.WAV,Telephone Field,recover-20221013,001,1795
1166.4235,1166.4335,22890,27960,Nyctalus leisleri,0.009,0.021,-1,Echolocation,/mnt/ubna_data_02_mir/recover-20221013/UBNA_001/20221012_030000.WAV,Telephone Field,recover-20221013,001,1795
1166.4475,1166.4584,37500,41924,Pipistrellus nathusii,0.031,0.049,-1,Echolocation,/mnt/ubna_data_02_mir/recover-20221013/UBNA_001/20221012_030000.WAV,Telephone Field,recover-20221013,001,1795
1166.4525,1166.4919,68437,82699,Rhinolophus ferrumequinum,0.02,0.02,-1,Echolocation,/mnt/ubna_data_02_mir/recover-20221013/UBNA_001/20221012_030000.WAV,Telephone Field,recover-20221013,001,1795
1166.4725,1166.5097,68437,81809,Rhinolophus ferrumequinum,0.02,0.02,-1,Echolocation,/mnt/ubna_data_02_mir/recover-20221013/UBNA_001/20221012_030000.WAV,Telephone Field,recover-20221013,001,1795
1166.4925,1166.5317,68437,82427,Rhinolophus ferrumequinum,0.032,0.032,-1,Echolocation,/mnt/ubna_data_02_mir/recover-20221013/UBNA_001/20221012_030000.WAV,Telephone Field,recover-20221013,001,1795
1166.5545,1166.5901,68437,81691,Rhinolophus ferrumequinum,0.024,0.024,-1,Echolocation,/mnt/ubna_data_02_mir/recover-20221013/UBNA_001/20221012_030000.WAV,Telephone Field,recover-20221013,001,1795
1166.6315,1166.6407,27187,38247,Eptesicus serotinus,0.008,0.022,-1,Echolocation,/mnt/ubna_data_02_mir/recover-20221013/UBNA_001/20221012_030000.WAV,Telephone Field,recover-20221013,001,1795
1166.6435,1166.68,68437,81514,Rhinolophus ferrumequinum,0.027,0.027,-1,Echolocation,/mnt/ubna_data_02_mir/recover-20221013/UBNA_001/20221012_030000.WAV,Telephone Field,recover-20221013,001,1795
1166.6515,1166.6828,68437,80327,Rhinolophus ferrumequinum,0.028,0.028,-1,Echolocation,/mnt/ubna_data_02_mir/recover-20221013/UBNA_001/20221012_030000.WAV,Telephone Field,recover-20221013,001,1795
1166.6745,1166.7145,68437,82076,Rhinolophus ferrumequinum,0.023,0.023,-1,Echolocation,/mnt/ubna_data_02_mir/recover-20221013/UBNA_001/20221012_030000.WAV,Telephone Field,recover-20221013,001,1795
1166.6755,1166.6823,28046,41682,Eptesicus serotinus,0.007,0.026,-1,Echolocation,/mnt/ubna_data_02_mir/recover-20221013/UBNA_001/20221012_030000.WAV,Telephone Field,recover-20221013,001,1795
1166.6965,1166.7044,23750,31806,Plecotus austriacus,0.008,0.022,-1,Echolocation,/mnt/ubna_data_02_mir/recover-20221013/UBNA_001/20221012_030000.WAV,Telephone Field,recover-20221013,001,1795
1166.7175,1166.7563,68437,81734,Rhinolophus ferrumequinum,0.021,0.021,-1,Echolocation,/mnt/ubna_data_02_mir/recover-20221013/UBNA_001/20221012_030000.WAV,Telephone Field,recover-20221013,001,1795
1166.7515,1166.7915,68437,82494,Rhinolophus ferrumequinum,0.022,0.022,-1,Echolocation,/mnt/ubna_data_02_mir/recover-20221013/UBNA_001/20221012_030000.WAV,Telephone Field,recover-20221013,001,1795
1166.7595,1166.7992,68437,82249,Rhinolophus ferrumequinum,0.021,0.021,-1,Echolocation,/mnt/ubna_data_02_mir/recover-20221013/UBNA_001/20221012_030000.WAV,Telephone Field,recover-20221013,001,1795
1166.7855,1166.8213,68437,81391,Rhinolophus ferrumequinum,0.021,0.021,-1,Echolocation,/mnt/ubna_data_02_mir/recover-20221013/UBNA_001/20221012_030000.WAV,Telephone Field,recover-20221013,001,1795
1166.8285,1166.8364,28046,37033,Eptesicus serotinus,0.007,0.024,-1,Echolocation,/mnt/ubna_data_02_mir/recover-20221013/UBNA_001/20221012_030000.WAV,Telephone Field,recover-20221013,001,1795
1166.8415,1166.8831,68437,82999,Rhinolophus ferrumequinum,0.022,0.022,-1,Echolocation,/mnt/ubna_data_02_mir/recover-20221013/UBNA_001/20221012_030000.WAV,Telephone Field,recover-20221013,001,1795
1166.8485,1166.8881,68437,82447,Rhinolophus ferrumequinum,0.021,0.021,-1,Echolocation,/mnt/ubna_data_02_mir/recover-20221013/UBNA_001/20221012_030000.WAV,Telephone Field,recover-20221013,001,1795
1166.8745,1166.9105,68437,81841,Rhinolophus ferrumequinum,0.021,0.021,-1,Echolocation,/mnt/ubna_data_02_mir/recover-20221013/UBNA_001/20221012_030000.WAV,Telephone Field,recover-20221013,001,1795
1166.8995,1166.9423,68437,82462,Rhinolophus ferrumequinum,0.045,0.045,-1,Echolocation,/mnt/ubna_data_02_mir/recover-20221013/UBNA_001/20221012_030000.WAV,Telephone Field,recover-20221013,001,1795
1166.9045,1166.9177,22031,26089,Nyctalus leisleri,0.012,0.021,-1,Echolocation,/mnt/ubna_data_02_mir/recover-20221013/UBNA_001/20221012_030000.WAV,Telephone Field,recover-20221013,001,1795
1166.9275,1166.9674,68437,82299,Rhinolophus ferrumequinum,0.02,0.02,-1,Echolocation,/mnt/ubna_data_02_mir/recover-20221013/UBNA_001/20221012_030000.WAV,Telephone Field,recover-20221013,001,1795
1166.9505,1166.9577,28046,37095,Eptesicus serotinus,0.007,0.023,-1,Echolocation,/mnt/ubna_data_02_mir/recover-20221013/UBNA_001/20221012_030000.WAV,Telephone Field,recover-20221013,001,1795
1166.9995,1167.0385,68437,82132,Rhinolophus ferrumequinum,0.023,0.023,-1,Echolocation,/mnt/ubna_data_02_mir/recover-20221013/UBNA_001/20221012_030000.WAV,Telephone Field,recover-20221013,001,1795
1167.0065,1167.0183,22031,26347,Nyctalus leisleri,0.011,0.021,-1,Echolocation,/mnt/ubna_data_02_mir/recover-20221013/UBNA_001/20221012_030000.WAV,Telephone Field,recover-20221013,001,1795
1167.0065,1167.0457,68437,81861,Rhinolophus ferrumequinum,0.023,0.023,-1,Echolocation,/mnt/ubna_data_02_mir/recover-20221013/UBNA_001/20221012_030000.WAV,Telephone Field,recover-20221013,001,1795
1167.0155,1167.0529,68437,82230,Rhinolophus ferrumequinum,0.021,0.021,-1,Echolocation,/mnt/ubna_data_02_mir/recover-20221013/UBNA_001/20221012_030000.WAV,Telephone Field,recover-20221013,001,1795
1167.0475,1167.0576,27187,34292,Eptesicus serotinus,0.01,0.024,-1,Echolocation,/mnt/ubna_data_02_mir/recover-20221013/UBNA_001/20221012_030000.WAV,Telephone Field,recover-20221013,001,1795
1167.0675,1167.0752,28046,38513,Eptesicus serotinus,0.007,0.021,-1,Echolocation,/mnt/ubna_data_02_mir/recover-20221013/UBNA_001/20221012_030000.WAV,Telephone Field,recover-20221013,001,1795
1167.0805,1167.1192,68437,82243,Rhinolophus ferrumequinum,0.02,0.02,-1,Echolocation,/mnt/ubna_data_02_mir/recover-20221013/UBNA_001/20221012_030000.WAV,Telephone Field,recover-20221013,001,1795
1167.1035,1167.1403,68437,81734,Rhinolophus ferrumequinum,0.02,0.02,-1,Echolocation,/mnt/ubna_data_02_mir/recover-20221013/UBNA_001/20221012_030000.WAV,Telephone Field,recover-20221013,001,1795
1167.1255,1167.1656,68437,82717,Rhinolophus ferrumequinum,0.036,0.036,-1,Echolocation,/mnt/ubna_data_02_mir/recover-20221013/UBNA_001/20221012_030000.WAV,Telephone Field,recover-20221013,001,1795
1167.1265,1167.1433,15156,19124,Nyctalus noctula,0.024,0.035,-1,Echolocation,/mnt/ubna_data_02_mir/recover-20221013/UBNA_001/20221012_030000.WAV,Telephone Field,recover-20221013,001,1795
1167.1475,1167.1553,28046,36746,Eptesicus serotinus,0.007,0.021,-1,Echolocation,/mnt/ubna_data_02_mir/recover-20221013/UBNA_001/20221012_030000.WAV,Telephone Field,recover-20221013,001,1795
1167.1815,1167.2227,68437,82860,Rhinolophus ferrumequinum,0.025,0.025,-1,Echolocation,/mnt/ubna_data_02_mir/recover-20221013/UBNA_001/20221012_030000.WAV,Telephone Field,recover-20221013,001,1795
1167.2035,1167.2118,28046,37990,Eptesicus serotinus,0.007,0.022,-1,Echolocation,/mnt/ubna_data_02_mir/recover-20221013/UBNA_001/20221012_030000.WAV,Telephone Field,recover-20221013,001,1795
1167.2185,1167.2307,23750,29155,Nyctalus leisleri,0.013,0.028,-1,Echolocation,/mnt/ubna_data_02_mir/recover-20221013/UBNA_001/20221012_030000.WAV,Telephone Field,recover-20221013,001,1795
1167.2285,1167.2665,68437,81433,Rhinolophus ferrumequinum,0.02,0.02,-1,Echolocation,/mnt/ubna_data_02_mir/recover-20221013/UBNA_001/20221012_030000.WAV,Telephone Field,recover-20221013,001,1795
1167.2945,1167.3317,68437,82076,Rhinolophus ferrumequinum,0.027,0.027,-1,Echolocation,/mnt/ubna_data_02_mir/recover-20221013/UBNA_001/20221012_030000.WAV,Telephone Field,recover-20221013,001,1795
1167.3165,1167.3254,28046,36273,Eptesicus serotinus,0.008,0.022,-1,Echolocation,/mnt/ubna_data_02_mir/recover-20221013/UBNA_001/20221012_030000.WAV,Telephone Field,recover-20221013,001,1795
1167.3325,1167.3699,68437,81377,Rhinolophus ferrumequinum,0.021,0.021,-1,Echolocation,/mnt/ubna_data_02_mir/recover-20221013/UBNA_001/20221012_030000.WAV,Telephone Field,recover-20221013,001,1795
1167.3395,1167.3746,68437,81570,Rhinolophus ferrumequinum,0.021,0.021,-1,Echolocation,/mnt/ubna_data_02_mir/recover-20221013/UBNA_001/20221012_030000.WAV,Telephone Field,recover-20221013,001,1795
1167.3505,1167.3906,68437,82655,Rhinolophus ferrumequinum,0.023,0.023,-1,Echolocation,/mnt/ubna_data_02_mir/recover-20221013/UBNA_001/20221012_030000.WAV,Telephone Field,recover-20221013,001,1795
1167.3575,1167.3685,22031,26392,Nyctalus leisleri,0.011,0.021,-1,Echolocation,/mnt/ubna_data_02_mir/recover-20221013/UBNA_001/20221012_030000.WAV,Telephone Field,recover-20221013,001,1795
1167.3595,1167.3666,27187,36546,Eptesicus serotinus,0.005,0.021,-1,Echolocation,/mnt/ubna_data_02_mir/recover-20221013/UBNA_001/20221012_030000.WAV,Telephone Field,recover-20221013,001,1795
1167.3685,1167.4081,68437,82446,Rhinolophus ferrumequinum,0.021,0.021,-1,Echolocation,/mnt/ubna_data_02_mir/recover-20221013/UBNA_001/20221012_030000.WAV,Telephone Field,recover-20221013,001,1795
1167.3845,1167.3946,24609,30931,Eptesicus serotinus,0.021,0.051,-1,Echolocation,/mnt/ubna_data_02_mir/recover-20221013/UBNA_001/20221012_030000.WAV,Telephone Field,recover-20221013,001,1795
1167.3955,1167.4352,68437,82597,Rhinolophus ferrumequinum,0.026,0.026,-1,Echolocation,/mnt/ubna_data_02_mir/recover-20221013/UBNA_001/20221012_030000.WAV,Telephone Field,recover-20221013,001,1795
1167.3995,1167.4162,19453,22921,Nyctalus leisleri,0.011,0.022,-1,Echolocation,/mnt/ubna_data_02_mir/recover-20221013/UBNA_001/20221012_030000.WAV,Telephone Field,recover-20221013,001,1795
1167.4085,1167.4509,68437,83182,Rhinolophus ferrumequinum,0.03,0.03,-1,Echolocation,/mnt/ubna_data_02_mir/recover-20221013/UBNA_001/20221012_030000.WAV,Telephone Field,recover-20221013,001,1795
1167.4395,1167.4783,68437,81572,Rhinolophus ferrumequinum,0.02,0.02,-1,Echolocation,/mnt/ubna_data_02_mir/recover-20221013/UBNA_001/20221012_030000.WAV,Telephone Field,recover-20221013,001,1795
1167.4665,1167.5058,68437,81960,Rhinolophus ferrumequinum,0.023,0.023,-1,Echolocation,/mnt/ubna_data_02_mir/recover-20221013/UBNA_001/20221012_030000.WAV,Telephone Field,recover-20221013,001,1795
1167.4755,1167.5151,68437,82438,Rhinolophus ferrumequinum,0.025,0.025,-1,Echolocation,/mnt/ubna_data_02_mir/recover-20221013/UBNA_001/20221012_030000.WAV,Telephone Field,recover-20221013,001,1795
1167.5245,1167.5632,68437,82421,Rhinolophus ferrumequinum,0.021,0.021,-1,Echolocation,/mnt/ubna_data_02_mir/recover-20221013/UBNA_001/20221012_030000.WAV,Telephone Field,recover-20221013,001,1795
1167.5475,1167.5591,25468,31017,Nyctalus leisleri,0.018,0.041,-1,Echolocation,/mnt/ubna_data_02_mir/recover-20221013/UBNA_001/20221012_030000.WAV,Telephone Field,recover-20221013,001,1795
1167.5995,1167.6378,68437,82041,Rhinolophus ferrumequinum,0.022,0.022,-1,Echolocation,/mnt/ubna_data_02_mir/recover-20221013/UBNA_001/20221012_030000.WAV,Telephone Field,recover-20221013,001,1795
1167.6045,1167.6129,28046,39439,Eptesicus serotinus,0.011,0.031,-1,Echolocation,/mnt/ubna_data_02_mir/recover-20221013/UBNA_001/20221012_030000.WAV,Telephone Field,recover-20221013,001,1795
1167.6465,1167.6885,68437,82961,Rhinolophus ferrumequinum,0.023,0.023,-1,Echolocation,/mnt/ubna_data_02_mir/recover-20221013/UBNA_001/20221012_030000.WAV,Telephone Field,recover-20221013,001,1795
1167.6925,1167.7305,68437,82196,Rhinolophus ferrumequinum,0.022,0.022,-1,Echolocation,/mnt/ubna_data_02_mir/recover-20221013/UBNA_001/20221012_030000.WAV,Telephone Field,recover-20221013,001,1795
1167.7155,1167.7556,68437,81943,Rhinolophus ferrumequinum,0.024,0.024,-1,Echolocation,/mnt/ubna_data_02_mir/recover-20221013/UBNA_001/20221012_030000.WAV,Telephone Field,recover-20221013,001,1795
1167.7255,1167.7342,27187,36042,Eptesicus serotinus,0.008,0.023,-1,Echolocation,/mnt/ubna_data_02_mir/recover-20221013/UBNA_001/20221012_030000.WAV,Telephone Field,recover-20221013,001,1795
1167.7515,1167.761,28046,40806,Eptesicus serotinus,0.009,0.023,-1,Echolocation,/mnt/ubna_data_02_mir/recover-20221013/UBNA_001/20221012_030000.WAV,Telephone Field,recover-20221013,001,1795
1167.7715,1167.809,68437,81201,Rhinolophus ferrumequinum,0.049,0.049,-1,Echolocation,/mnt/ubna_data_02_mir/recover-20221013/UBNA_001/20221012_030000.WAV,Telephone Field,recover-20221013,001,1795
1167.7925,1167.8035,23750,28928,Nyctalus leisleri,0.01,0.022,-1,Echolocation,/mnt/ubna_data_02_mir/recover-20221013/UBNA_001/20221012_030000.WAV,Telephone Field,recover-20221013,001,1795
1167.7945,1167.8322,68437,81607,Rhinolophus ferrumequinum,0.022,0.022,-1,Echolocation,/mnt/ubna_data_02_mir/recover-20221013/UBNA_001/20221012_030000.WAV,Telephone Field,recover-20221013,001,1795
1167.8175,1167.8561,68437,82055,Rhinolophus ferrumequinum,0.024,0.024,-1,Echolocation,/mnt/ubna_data_02_mir/recover-20221013/UBNA_001/20221012_030000.WAV,Telephone Field,recover-20221013,001,1795
1167.8265,1167.8338,27187,38308,Eptesicus serotinus,0.007,0.023,-1,Echolocation,/mnt/ubna_data_02_mir/recover-20221013/UBNA_001/20221012_030000.WAV,Telephone Field,recover-20221013,001,1795
1167.8345,1167.8744,68437,82322,Rhinolophus ferrumequinum,0.032,0.032,-1,Echolocation,/mnt/ubna_data_02_mir/recover-20221013/UBNA_001/20221012_030000.WAV,Telephone Field,recover-20221013,001,1795
1167.8395,1167.8496,22031,26776,Nyctalus leisleri,0.01,0.021,-1,Echolocation,/mnt/ubna_data_02_mir/recover-20221013/UBNA_001/20221012_030000.WAV,Telephone Field,recover-20221013,001,1795
1167.8655,1167.9068,68437,82103,Rhinolophus ferrumequinum,0.023,0.023,-1,Echolocation,/mnt/ubna_data_02_mir/recover-20221013/UBNA_001/20221012_030000.WAV,Telephone Field,recover-20221013,001,1795
1167.8705,1167.8807,27187,35073,Eptesicus serotinus,0.009,0.023,-1,Echolocation,/mnt/ubna_data_02_mir/recover-20221013/UBNA_001/20221012_030000.WAV,Telephone Field,recover-20221013,001,1795
1167.8915,1167.9021,23750,28808,Nyctalus leisleri,0.01,0.021,-1,Echolocation,/mnt/ubna_data_02_mir/recover-20221013/UBNA_001/20221012_030000.WAV,Telephone Field,recover-20221013,001,1795
1167.8915,1167.9343,68437,82988,Rhinolophus ferrumequinum,0.026,0.026,-1,Echolocation,/mnt/ubna_data_02_mir/recover-20221013/UBNA_001/20221012_030000.WAV,Telephone Field,recover-20221013,001,1795
1167.9365,1167.9767,68437,82483,Rhinolophus ferrumequinum,0.022,0.022,-1,Echolocation,/mnt/ubna_data_02_mir/recover-20221013/UBNA_001/20221012_030000.WAV,Telephone Field,recover-20221013,001,1795
1167.9415,1167.9509,28046,36330,Eptesicus serotinus,0.008,0.021,-1,Echolocation,/mnt/ubna_data_02_mir/recover-20221013/UBNA_001/20221012_030000.WAV,Telephone Field,recover-20221013,001,1795
1167.9545,1167.9911,68437,81780,Rhinolophus ferrumequinum,0.026,0.026,-1,Echolocation,/mnt/ubna_data_02_mir/recover-20221013/UBNA_001/20221012_030000.WAV,Telephone Field,recover-20221013,001,1795
1167.9635,1167.9739,22890,28064,Nyctalus leisleri,0.011,0.026,-1,Echolocation,/mnt/ubna_data_02_mir/recover-20221013/UBNA_001/20221012_030000.WAV,Telephone Field,recover-20221013,001,1795
1167.9685,1167.976,46093,54068,Pipistrellus pipistrellus,0.023,0.026,-1,Echolocation,/mnt/ubna_data_02_mir/recover-20221013/UBNA_001/20221012_030000.WAV,Telephone Field,recover-20221013,001,1795
1168.0015,1168.0106,38359,44757,Pipistrellus nathusii,0.006,0.026,-1,Echolocation,/mnt/ubna_data_02_mir/recover-20221013/UBNA_001/20221012_030000.WAV,Telephone Field,recover-20221013,001,1795
1168.0015,1168.0348,69296,81232,Rhinolophus ferrumequinum,0.044,0.044,-1,Echolocation,/mnt/ubna_data_02_mir/recover-20221013/UBNA_001/20221012_030000.WAV,Telephone Field,recover-20221013,001,1795
1168.0015,1168.0097,25468,37074,Eptesicus serotinus,0.005,0.025,-1,Echolocation,/mnt/ubna_data_02_mir/recover-20221013/UBNA_001/20221012_030000.WAV,Telephone Field,recover-20221013,001,1795
1168.0475,1168.0584,22031,26334,Nyctalus leisleri,0.011,0.021,-1,Echolocation,/mnt/ubna_data_02_mir/recover-20221013/UBNA_001/20221012_030000.WAV,Telephone Field,recover-20221013,001,1795
1168.0725,1168.0813,25468,34360,Eptesicus serotinus,0.013,0.031,-1,Echolocation,/mnt/ubna_data_02_mir/recover-20221013/UBNA_001/20221012_030000.WAV,Telephone Field,recover-20221013,001,1795
1168.0745,1168.086,37500,42370,Pipistrellus nathusii,0.006,0.021,-1,Echolocation,/mnt/ubna_data_02_mir/recover-20221013/UBNA_001/20221012_030000.WAV,Telephone Field,recover-20221013,001,1795
1168.0915,1168.131,68437,81934,Rhinolophus ferrumequinum,0.022,0.022,-1,Echolocation,/mnt/ubna_data_02_mir/recover-20221013/UBNA_001/20221012_030000.WAV,Telephone Field,recover-20221013,001,1795
1168.1075,1168.1484,68437,82624,Rhinolophus ferrumequinum,0.025,0.025,-1,Echolocation,/mnt/ubna_data_02_mir/recover-20221013/UBNA_001/20221012_030000.WAV,Telephone Field,recover-20221013,001,1795
1168.1205,1168.1286,28046,38026,Eptesicus serotinus,0.007,0.022,-1,Echolocation,/mnt/ubna_data_02_mir/recover-20221013/UBNA_001/20221012_030000.WAV,Telephone Field,recover-20221013,001,1795
1168.1635,1168.2044,68437,82395,Rhinolophus ferrumequinum,0.021,0.021,-1,Echolocation,/mnt/ubna_data_02_mir/recover-20221013/UBNA_001/20221012_030000.WAV,Telephone Field,recover-20221013,001,1795
1168.2255,1168.2643,68437,82066,Rhinolophus ferrumequinum,0.021,0.021,-1,Echolocation,/mnt/ubna_data_02_mir/recover-20221013/UBNA_001/20221012_030000.WAV,Telephone Field,recover-20221013,001,1795
1168.2265,1168.2377,28046,33719,Eptesicus serotinus,0.016,0.031,-1,Echolocation,/mnt/ubna_data_02_mir/recover-20221013/UBNA_001/20221012_030000.WAV,Telephone Field,recover-20221013,001,1795
1168.2495,1168.2843,68437,80536,Rhinolophus ferrumequinum,0.022,0.023,-1,Echolocation,/mnt/ubna_data_02_mir/recover-20221013/UBNA_001/20221012_030000.WAV,Telephone Field,recover-20221013,001,1795
1168.2555,1168.2925,68437,81858,Rhinolophus ferrumequinum,0.021,0.021,-1,Echolocation,/mnt/ubna_data_02_mir/recover-20221013/UBNA_001/20221012_030000.WAV,Telephone Field,recover-20221013,001,1795
1168.2675,1168.2789,22890,27879,Nyctalus leisleri,0.014,0.026,-1,Echolocation,/mnt/ubna_data_02_mir/recover-20221013/UBNA_001/20221012_030000.WAV,Telephone Field,recover-20221013,001,1795
1168.2685,1168.2775,28906,37804,Eptesicus serotinus,0.008,0.021,-1,Echolocation,/mnt/ubna_data_02_mir/recover-20221013/UBNA_001/20221012_030000.WAV,Telephone Field,recover-20221013,001,1795
1168.2725,1168.2834,22031,26523,Nyctalus leisleri,0.014,0.026,-1,Echolocation,/mnt/ubna_data_02_mir/recover-20221013/UBNA_001/20221012_030000.WAV,Telephone Field,recover-20221013,001,1795
1168.2735,1168.3156,68437,82826,Rhinolophus ferrumequinum,0.031,0.031,-1,Echolocation,/mnt/ubna_data_02_mir/recover-20221013/UBNA_001/20221012_030000.WAV,Telephone Field,recover-20221013,001,1795
1168.3035,1168.316,22031,25847,Nyctalus leisleri,0.012,0.021,-1,Echolocation,/mnt/ubna_data_02_mir/recover-20221013/UBNA_001/20221012_030000.WAV,Telephone Field,recover-20221013,001,1795
1168.3155,1168.3534,68437,82215,Rhinolophus ferrumequinum,0.023,0.024,-1,Echolocation,/mnt/ubna_data_02_mir/recover-20221013/UBNA_001/20221012_030000.WAV,Telephone Field,recover-20221013,001,1795
1168.3445,1168.3548,23750,30172,Nyctalus leisleri,0.008,0.021,-1,Echolocation,/mnt/ubna_data_02_mir/recover-20221013/UBNA_001/20221012_030000.WAV,Telephone Field,recover-20221013,001,1795
1168.3565,1168.3672,22890,27232,Nyctalus leisleri,0.01,0.021,-1,Echolocation,/mnt/ubna_data_02_mir/recover-20221013/UBNA_001/20221012_030000.WAV,Telephone Field,recover-20221013,001,1795
1168.3585,1168.4007,68437,83079,Rhinolophus ferrumequinum,0.054,0.054,-1,Echolocation,/mnt/ubna_data_02_mir/recover-20221013/UBNA_001/20221012_030000.WAV,Telephone Field,recover-20221013,001,1795
1168.3905,1168.4033,22031,26574,Nyctalus leisleri,0.014,0.025,-1,Echolocation,/mnt/ubna_data_02_mir/recover-20221013/UBNA_001/20221012_030000.WAV,Telephone Field,recover-20221013,001,1795
1168.3945,1168.4376,68437,82863,Rhinolophus ferrumequinum,0.032,0.032,-1,Echolocation,/mnt/ubna_data_02_mir/recover-20221013/UBNA_001/20221012_030000.WAV,Telephone Field,recover-20221013,001,1795
1168.4245,1168.4623,68437,81797,Rhinolophus ferrumequinum,0.022,0.022,-1,Echolocation,/mnt/ubna_data_02_mir/recover-20221013/UBNA_001/20221012_030000.WAV,Telephone Field,recover-20221013,001,1795
1168.4345,1168.4431,23750,32087,Plecotus austriacus,0.008,0.024,-1,Echolocation,/mnt/ubna_data_02_mir/recover-20221013/UBNA_001/20221012_030000.WAV,Telephone Field,recover-20221013,001,1795
1168.4465,1168.4617,22031,25878,Nyctalus leisleri,0.014,0.024,-1,Echolocation,/mnt/ubna_data_02_mir/recover-20221013/UBNA_001/20221012_030000.WAV,Telephone Field,recover-20221013,001,1795
1168.4485,1168.4873,68437,82046,Rhinolophus ferrumequinum,0.021,0.021,-1,Echolocation,/mnt/ubna_data_02_mir/recover-20221013/UBNA_001/20221012_030000.WAV,Telephone Field,recover-20221013,001,1795
1168.4765,1168.4883,22031,26187,Nyctalus leisleri,0.012,0.022,-1,Echolocation,/mnt/ubna_data_02_mir/recover-20221013/UBNA_001/20221012_030000.WAV,Telephone Field,recover-20221013,001,1795
1168.4955,1168.5045,27187,36726,Eptesicus serotinus,0.012,0.03,-1,Echolocation,/mnt/ubna_data_02_mir/recover-20221013/UBNA_001/20221012_030000.WAV,Telephone Field,recover-20221013,001,1795
1168.5035,1168.5453,68437,83119,Rhinolophus ferrumequinum,0.026,0.026,-1,Echolocation,/mnt/ubna_data_02_mir/recover-20221013/UBNA_001/20221012_030000.WAV,Telephone Field,recover-20221013,001,1795
1168.5275,1168.567,68437,81959,Rhinolophus ferrumequinum,0.021,0.021,-1,Echolocation,/mnt/ubna_data_02_mir/recover-20221013/UBNA_001/20221012_030000.WAV,Telephone Field,recover-20221013,001,1795
1168.5365,1168.5753,68437,82301,Rhinolophus ferrumequinum,0.022,0.022,-1,Echolocation,/mnt/ubna_data_02_mir/recover-20221013/UBNA_001/20221012_030000.WAV,Telephone Field,recover-20221013,001,1795
1168.6005,1168.6126,32343,37465,Eptesicus serotinus,0.009,0.034,-1,Echolocation,/mnt/ubna_data_02_mir/recover-20221013/UBNA_001/20221012_030000.WAV,Telephone Field,recover-20221013,001,1795
1168.6245,1168.6658,68437,82879,Rhinolophus ferrumequinum,0.022,0.023,-1,Echolocation,/mnt/ubna_data_02_mir/recover-20221013/UBNA_001/20221012_030000.WAV,Telephone Field,recover-20221013,001,1795
1168.6625,1168.6733,39218,43415,Pipistrellus nathusii,0.013,0.021,-1,Echolocation,/mnt/ubna_data_02_mir/recover-20221013/UBNA_001/20221012_030000.WAV,Telephone Field,recover-20221013,001,1795
1168.6675,1168.7053,68437,82283,Rhinolophus ferrumequinum,0.021,0.021,-1,Echolocation,/mnt/ubna_data_02_mir/recover-20221013/UBNA_001/20221012_030000.WAV,Telephone Field,recover-20221013,001,1795
1168.6905,1168.7286,68437,82376,Rhinolophus ferrumequinum,0.021,0.021,-1,Echolocation,/mnt/ubna_data_02_mir/recover-20221013/UBNA_001/20221012_030000.WAV,Telephone Field,recover-20221013,001,1795
1168.7065,1168.7461,68437,81878,Rhinolophus ferrumequinum,0.025,0.025,-1,Echolocation,/mnt/ubna_data_02_mir/recover-20221013/UBNA_001/20221012_030000.WAV,Telephone Field,recover-20221013,001,1795
1168.7205,1168.7594,68437,82384,Rhinolophus ferrumequinum,0.023,0.023,-1,Echolocation,/mnt/ubna_data_02_mir/recover-20221013/UBNA_001/20221012_030000.WAV,Telephone Field,recover-20221013,001,1795
1168.7265,1168.766,68437,82524,Rhinolophus ferrumequinum,0.023,0.023,-1,Echolocation,/mnt/ubna_data_02_mir/recover-20221013/UBNA_001/20221012_030000.WAV,Telephone Field,recover-20221013,001,1795
1168.7325,1168.7721,68437,82036,Rhinolophus ferrumequinum,0.023,0.023,-1,Echolocation,/mnt/ubna_data_02_mir/recover-20221013/UBNA_001/20221012_030000.WAV,Telephone Field,recover-20221013,001,1795
1168.8045,1168.8438,68437,82474,Rhinolophus ferrumequinum,0.026,0.026,-1,Echolocation,/mnt/ubna_data_02_mir/recover-20221013/UBNA_001/20221012_030000.WAV,Telephone Field,recover-20221013,001,1795
1168.8095,1168.8177,28046,39551,Eptesicus serotinus,0.008,0.023,-1,Echolocation,/mnt/ubna_data_02_mir/recover-20221013/UBNA_001/20221012_030000.WAV,Telephone Field,recover-20221013,001,1795
1168.8135,1168.854,68437,81927,Rhinolophus ferrumequinum,0.022,0.022,-1,Echolocation,/mnt/ubna_data_02_mir/recover-20221013/UBNA_001/20221012_030000.WAV,Telephone Field,recover-20221013,001,1795
1168.8195,1168.8583,68437,82506,Rhinolophus ferrumequinum,0.021,0.021,-1,Echolocation,/mnt/ubna_data_02_mir/recover-20221013/UBNA_001/20221012_030000.WAV,Telephone Field,recover-20221013,001,1795
1168.8645,1168.9091,68437,83295,Rhinolophus ferrumequinum,0.051,0.052,-1,Echolocation,/mnt/ubna_data_02_mir/recover-20221013/UBNA_001/20221012_030000.WAV,Telephone Field,recover-20221013,001,1795
1168.8895,1168.9263,68437,81707,Rhinolophus ferrumequinum,0.02,0.02,-1,Echolocation,/mnt/ubna_data_02_mir/recover-20221013/UBNA_001/20221012_030000.WAV,Telephone Field,recover-20221013,001,1795
1168.9135,1168.9517,68437,82006,Rhinolophus ferrumequinum,0.023,0.023,-1,Echolocation,/mnt/ubna_data_02_mir/recover-20221013/UBNA_001/20221012_030000.WAV,Telephone Field,recover-20221013,001,1795
1168.9255,1168.9337,27187,38534,Eptesicus serotinus,0.008,0.023,-1,Echolocation,/mnt/ubna_data_02_mir/recover-20221013/UBNA_001/20221012_030000.WAV,Telephone Field,recover-20221013,001,1795
1168.9345,1168.9754,68437,82269,Rhinolophus ferrumequinum,0.023,0.023,-1,Echolocation,/mnt/ubna_data_02_mir/recover-20221013/UBNA_001/20221012_030000.WAV,Telephone Field,recover-20221013,001,1795
1168.9645,1168.9752,22890,27422,Nyctalus leisleri,0.011,0.021,-1,Echolocation,/mnt/ubna_data_02_mir/recover-20221013/UBNA_001/20221012_030000.WAV,Telephone Field,recover-20221013,001,1795
1168.9975,1169.0057,28046,38014,Eptesicus serotinus,0.009,0.024,-1,Echolocation,/mnt/ubna_data_02_mir/recover-20221013/UBNA_001/20221012_030000.WAV,Telephone Field,recover-20221013,001,1795
1169.0065,1169.0196,14296,18878,Nyctalus noctula,0.016,0.027,-1,Echolocation,/mnt/ubna_data_02_mir/recover-20221013/UBNA_001/20221012_030000.WAV,Telephone Field,recover-20221013,001,1795
1169.0125,1169.0515,68437,81936,Rhinolophus ferrumequinum,0.021,0.021,-1,Echolocation,/mnt/ubna_data_02_mir/recover-20221013/UBNA_001/20221012_030000.WAV,Telephone Field,recover-20221013,001,1795
1169.0235,1169.0368,23750,28586,Nyctalus leisleri,0.028,0.058,-1,Echolocation,/mnt/ubna_data_02_mir/recover-20221013/UBNA_001/20221012_030000.WAV,Telephone Field,recover-20221013,001,1795
1169.0375,1169.0784,68437,81933,Rhinolophus ferrumequinum,0.029,0.029,-1,Echolocation,/mnt/ubna_data_02_mir/recover-20221013/UBNA_001/20221012_030000.WAV,Telephone Field,recover-20221013,001,1795
1169.0785,1169.1172,68437,82871,Rhinolophus ferrumequinum,0.023,0.023,-1,Echolocation,/mnt/ubna_data_02_mir/recover-20221013/UBNA_001/20221012_030000.WAV,Telephone Field,recover-20221013,001,1795
1169.0865,1169.1281,68437,82657,Rhinolophus ferrumequinum,0.025,0.025,-1,Echolocation,/mnt/ubna_data_02_mir/recover-20221013/UBNA_001/20221012_030000.WAV,Telephone Field,recover-20221013,001,1795
1169.1335,1169.1412,23750,31732,Plecotus austriacus,0.009,0.026,-1,Echolocation,/mnt/ubna_data_02_mir/recover-20221013/UBNA_001/20221012_030000.WAV,Telephone Field,recover-20221013,001,1795
1169.1595,1169.1736,22031,25895,Nyctalus leisleri,0.013,0.023,-1,Echolocation,/mnt/ubna_data_02_mir/recover-20221013/UBNA_001/20221012_030000.WAV,Telephone Field,recover-20221013,001,1795
1169.1635,1169.1721,47812,52097,Pipistrellus pipistrellus,0.02,0.022,-1,Echolocation,/mnt/ubna_data_02_mir/recover-20221013/UBNA_001/20221012_030000.WAV,Telephone Field,recover-20221013,001,1795
1169.1795,1169.2226,68437,83270,Rhinolophus ferrumequinum,0.023,0.023,-1,Echolocation,/mnt/ubna_data_02_mir/recover-20221013/UBNA_001/20221012_030000.WAV,Telephone Field,recover-20221013,001,1795
1169.1995,1169.2073,24609,33664,Plecotus austriacus,0.005,0.02,-1,Echolocation,/mnt/ubna_data_02_mir/recover-20221013/UBNA_001/20221012_030000.WAV,Telephone Field,recover-20221013,001,1795
1169.2145,1169.2228,22890,30753,Plecotus austriacus,0.012,0.027,-1,Echolocation,/mnt/ubna_data_02_mir/recover-20221013/UBNA_001/20221012_030000.WAV,Telephone Field,recover-20221013,001,1795
1169.2185,1169.2546,68437,82218,Rhinolophus ferrumequinum,0.023,0.023,-1,Echolocation,/mnt/ubna_data_02_mir/recover-20221013/UBNA_001/20221012_030000.WAV,Telephone Field,recover-20221013,001,1795
1169.2245,1169.2333,54687,60623,Pipistrellus pygmaeus,0.021,0.022,-1,Echolocation,/mnt/ubna_data_02_mir/recover-20221013/UBNA_001/20221012_030000.WAV,Telephone Field,recover-20221013,001,1795
1169.2305,1169.2411,24609,29152,Nyctalus leisleri,0.01,0.021,-1,Echolocation,/mnt/ubna_data_02_mir/recover-20221013/UBNA_001/20221012_030000.WAV,Telephone Field,recover-20221013,001,1795
1169.2425,1169.2846,68437,82810,Rhinolophus ferrumequinum,0.03,0.03,-1,Echolocation,/mnt/ubna_data_02_mir/recover-20221013/UBNA_001/20221012_030000.WAV,Telephone Field,recover-20221013,001,1795
1169.2475,1169.2581,28906,36207,Eptesicus serotinus,0.01,0.023,-1,Echolocation,/mnt/ubna_data_02_mir/recover-20221013/UBNA_001/20221012_030000.WAV,Telephone Field,recover-20221013,001,1795
1169.2685,1169.2754,28046,40300,Myotis daubentonii,0.006,0.024,-1,Echolocation,/mnt/ubna_data_02_mir/recover-20221013/UBNA_001/20221012_030000.WAV,Telephone Field,recover-20221013,001,1795
1169.2685,1169.2742,33203,45309,Myotis daubentonii,0.01,0.021,-1,Echolocation,/mnt/ubna_data_02_mir/recover-20221013/UBNA_001/20221012_030000.WAV,Telephone Field,recover-20221013,001,1795
1169.2695,1169.3068,68437,80525,Rhinolophus ferrumequinum,0.023,0.023,-1,Echolocation,/mnt/ubna_data_02_mir/recover-20221013/UBNA_001/20221012_030000.WAV,Telephone Field,recover-20221013,001,1795
1169.2955,1169.3054,53828,57790,Pipistrellus pygmaeus,0.031,0.035,-1,Echolocation,/mnt/ubna_data_02_mir/recover-20221013/UBNA_001/20221012_030000.WAV,Telephone Field,recover-20221013,001,1795
1169.3125,1169.3528,68437,81816,Rhinolophus ferrumequinum,0.053,0.053,-1,Echolocation,/mnt/ubna_data_02_mir/recover-20221013/UBNA_001/20221012_030000.WAV,Telephone Field,recover-20221013,001,1795
1169.3755,1169.3821,28046,38541,Eptesicus serotinus,0.015,0.043,-1,Echolocation,/mnt/ubna_data_02_mir/recover-20221013/UBNA_001/20221012_030000.WAV,Telephone Field,recover-20221013,001,1795
1169.4135,1169.4527,68437,82323,Rhinolophus ferrumequinum,0.021,0.021,-1,Echolocation,/mnt/ubna_data_02_mir/recover-20221013/UBNA_001/20221012_030000.WAV,Telephone Field,recover-20221013,001,1795
1169.4425,1169.4808,68437,82076,Rhinolophus ferrumequinum,0.021,0.021,-1,Echolocation,/mnt/ubna_data_02_mir/recover-20221013/UBNA_001/20221012_030000.WAV,Telephone Field,recover-20221013,001,1795
1169.4795,1169.52,68437,82856,Rhinolophus ferrumequinum,0.022,0.022,-1,Echolocation,/mnt/ubna_data_02_mir/recover-20221013/UBNA_001/20221012_030000.WAV,Telephone Field,recover-20221013,001,1795
1169.5255,1169.535,28906,38112,Eptesicus serotinus,0.012,0.028,-1,Echolocation,/mnt/ubna_data_02_mir/recover-20221013/UBNA_001/20221012_030000.WAV,Telephone Field,recover-20221013,001,1795
1169.5325,1169.5718,68437,82205,Rhinolophus ferrumequinum,0.021,0.021,-1,Echolocation,/mnt/ubna_data_02_mir/recover-20221013/UBNA_001/20221012_030000.WAV,Telephone Field,recover-20221013,001,1795
1169.5745,1169.6141,68437,82128,Rhinolophus ferrumequinum,0.026,0.026,-1,Echolocation,/mnt/ubna_data_02_mir/recover-20221013/UBNA_001/20221012_030000.WAV,Telephone Field,recover-20221013,001,1795
1169.5785,1169.5903,24609,31589,Nyctalus leisleri,0.013,0.032,-1,Echolocation,/mnt/ubna_data_02_mir/recover-20221013/UBNA_001/20221012_030000.WAV,Telephone Field,recover-20221013,001,1795
1169.6005,1169.6415,68437,82666,Rhinolophus ferrumequinum,0.023,0.023,-1,Echolocation,/mnt/ubna_data_02_mir/recover-20221013/UBNA_001/20221012_030000.WAV,Telephone Field,recover-20221013,001,1795
1169.6375,1169.6776,68437,82719,Rhinolophus ferrumequinum,0.025,0.025,-1,Echolocation,/mnt/ubna_data_02_mir/recover-20221013/UBNA_001/20221012_030000.WAV,Telephone Field,recover-20221013,001,1795
1169.6775,1169.7164,68437,82273,Rhinolophus ferrumequinum,0.024,0.024,-1,Echolocation,/mnt/ubna_data_02_mir/recover-20221013/UBNA_001/20221012_030000.WAV,Telephone Field,recover-20221013,001,1795
1169.6855,1169.7267,68437,82423,Rhinolophus ferrumequinum,0.022,0.022,-1,Echolocation,/mnt/ubna_data_02_mir/recover-20221013/UBNA_001/20221012_030000.WAV,Telephone Field,recover-20221013,001,1795
1169.7045,1169.7115,47812,54465,Pipistrellus pipistrellus,0.023,0.025,-1,Echolocation,/mnt/ubna_data_02_mir/recover-20221013/UBNA_001/20221012_030000.WAV,Telephone Field,recover-20221013,001,1795
1169.7185,1169.7557,68437,81304,Rhinolophus ferrumequinum,0.022,0.022,-1,Echolocation,/mnt/ubna_data_02_mir/recover-20221013/UBNA_001/20221012_030000.WAV,Telephone Field,recover-20221013,001,1795
1169.7305,1169.7727,68437,82513,Rhinolophus ferrumequinum,0.028,0.028,-1,Echolocation,/mnt/ubna_data_02_mir/recover-20221013/UBNA_001/20221012_030000.WAV,Telephone Field,recover-20221013,001,1795
1169.7465,1169.7564,23750,31430,Nyctalus leisleri,0.007,0.023,-1,Echolocation,/mnt/ubna_data_02_mir/recover-20221013/UBNA_001/20221012_030000.WAV,Telephone Field,recover-20221013,001,1795
1169.7855,1169.8269,68437,82773,Rhinolophus ferrumequinum,0.026,0.026,-1,Echolocation,/mnt/ubna_data_02_mir/recover-20221013/UBNA_001/20221012_030000.WAV,Telephone Field,recover-20221013,001,1795
1169.8015,1169.8389,68437,82380,Rhinolophus ferrumequinum,0.033,0.033,-1,Echolocation,/mnt/ubna_data_02_mir/recover-20221013/UBNA_001/20221012_030000.WAV,Telephone Field,recover-20221013,001,1795
1169.8275,1169.8639,68437,81609,Rhinolophus ferrumequinum,0.021,0.021,-1,Echolocation,/mnt/ubna_data_02_mir/recover-20221013/UBNA_001/20221012_030000.WAV,Telephone Field,recover-20221013,001,1795
1169.9245,1169.9621,68437,81462,Rhinolophus ferrumequinum,0.022,0.022,-1,Echolocation,/mnt/ubna_data_02_mir/recover-20221013/UBNA_001/20221012_030000.WAV,Telephone Field,recover-20221013,001,1795
1169.9255,1169.9336,28046,37786,Eptesicus serotinus,0.008,0.024,-1,Echolocation,/mnt/ubna_data_02_mir/recover-20221013/UBNA_001/20221012_030000.WAV,Telephone Field,recover-20221013,001,1795
1169.9355,1169.9739,68437,82364,Rhinolophus ferrumequinum,0.024,0.024,-1,Echolocation,/mnt/ubna_data_02_mir/recover-20221013/UBNA_001/20221012_030000.WAV,Telephone Field,recover-20221013,001,1795
1169.9525,1169.9894,68437,81860,Rhinolophus ferrumequinum,0.022,0.022,-1,Echolocation,/mnt/ubna_data_02_mir/recover-20221013/UBNA_001/20221012_030000.WAV,Telephone Field,recover-20221013,001,1795
1170.0015,1170.0314,69296,81970,Rhinolophus ferrumequinum,0.027,0.027,-1,Echolocation,/mnt/ubna_data_02_mir/recover-20221013/UBNA_001/20221012_030000.WAV,Telephone Field,recover-20221013,001,1795
1170.0015,1170.0101,25468,34152,Nyctalus leisleri,0.008,0.028,-1,Echolocation,/mnt/ubna_data_02_mir/recover-20221013/UBNA_001/20221012_030000.WAV,Telephone Field,recover-20221013,001,1795
1170.0225,1170.06,68437,82239,Rhinolophus ferrumequinum,0.023,0.023,-1,Echolocation,/mnt/ubna_data_02_mir/recover-20221013/UBNA_001/20221012_030000.WAV,Telephone Field,recover-20221013,001,1795
1170.0315,1170.0705,68437,82307,Rhinolophus ferrumequinum,0.023,0.023,-1,Echolocation,/mnt/ubna_data_02_mir/recover-20221013/UBNA_001/20221012_030000.WAV,Telephone Field,recover-20221013,001,1795
1170.0415,1170.052,28046,35358,Eptesicus serotinus,0.012,0.025,-1,Echolocation,/mnt/ubna_data_02_mir/recover-20221013/UBNA_001/20221012_030000.WAV,Telephone Field,recover-20221013,001,1795
1170.0455,1170.056,22890,28534,Nyctalus leisleri,0.013,0.027,-1,Echolocation,/mnt/ubna_data_02_mir/recover-20221013/UBNA_001/20221012_030000.WAV,Telephone Field,recover-20221013,001,1795
1170.0745,1170.1134,68437,82246,Rhinolophus ferrumequinum,0.023,0.023,-1,Echolocation,/mnt/ubna_data_02_mir/recover-20221013/UBNA_001/20221012_030000.WAV,Telephone Field,recover-20221013,001,1795
1170.0895,1170.0989,24609,31117,Nyctalus leisleri,0.008,0.023,-1,Echolocation,/mnt/ubna_data_02_mir/recover-20221013/UBNA_001/20221012_030000.WAV,Telephone Field,recover-20221013,001,1795
1170.1035,1170.1435,68437,82817,Rhinolophus ferrumequinum,0.029,0.029,-1,Echolocation,/mnt/ubna_data_02_mir/recover-20221013/UBNA_001/20221012_030000.WAV,Telephone Field,recover-20221013,001,1795
1170.1145,1170.122,49531,54855,Pipistrellus pipistrellus,0.031,0.033,-1,Echolocation,/mnt/ubna_data_02_mir/recover-20221013/UBNA_001/20221012_030000.WAV,Telephone Field,recover-20221013,001,1795
1170.1385,1170.1842,68437,83521,Rhinolophus ferrumequinum,0.045,0.045,-1,Echolocation,/mnt/ubna_data_02_mir/recover-20221013/UBNA_001/20221012_030000.WAV,Telephone Field,recover-20221013,001,1795
1170.1625,1170.1725,22031,28743,Nyctalus leisleri,0.009,0.027,-1,Echolocation,/mnt/ubna_data_02_mir/recover-20221013/UBNA_001/20221012_030000.WAV,Telephone Field,recover-20221013,001,1795
1170.1955,1170.2303,68437,81111,Rhinolophus ferrumequinum,0.022,0.022,-1,Echolocation,/mnt/ubna_data_02_mir/recover-20221013/UBNA_001/20221012_030000.WAV,Telephone Field,recover-20221013,001,1795
1170.2235,1170.2668,68437,83308,Rhinolophus ferrumequinum,0.035,0.035,-1,Echolocation,/mnt/ubna_data_02_mir/recover-20221013/UBNA_001/20221012_030000.WAV,Telephone Field,recover-20221013,001,1795
1170.2525,1170.2914,68437,82054,Rhinolophus ferrumequinum,0.022,0.022,-1,Echolocation,/mnt/ubna_data_02_mir/recover-20221013/UBNA_001/20221012_030000.WAV,Telephone Field,recover-20221013,001,1795
1170.2605,1170.2689,50390,56269,Pipistrellus pipistrellus,0.022,0.027,-1,Echolocation,/mnt/ubna_data_02_mir/recover-20221013/UBNA_001/20221012_030000.WAV,Telephone Field,recover-20221013,001,1795
1170.2625,1170.27,27187,44851,Eptesicus serotinus,0.008,0.022,-1,Echolocation,/mnt/ubna_data_02_mir/recover-20221013/UBNA_001/20221012_030000.WAV,Telephone Field,recover-20221013,001,1795
1170.2985,1170.3381,68437,83149,Rhinolophus ferrumequinum,0.025,0.025,-1,Echolocation,/mnt/ubna_data_02_mir/recover-20221013/UBNA_001/20221012_030000.WAV,Telephone Field,recover-20221013,001,1795
1170.3065,1170.3458,68437,82527,Rhinolophus ferrumequinum,0.022,0.022,-1,Echolocation,/mnt/ubna_data_02_mir/recover-20221013/UBNA_001/20221012_030000.WAV,Telephone Field,recover-20221013,001,1795
1170.3595,1170.3667,28906,38670,Eptesicus serotinus,0.01,0.029,-1,Echolocation,/mnt/ubna_data_02_mir/recover-20221013/UBNA_001/20221012_030000.WAV,Telephone Field,recover-20221013,001,1795
1170.3725,1170.4101,68437,82508,Rhinolophus ferrumequinum,0.022,0.022,-1,Echolocation,/mnt/ubna_data_02_mir/recover-20221013/UBNA_001/20221012_030000.WAV,Telephone Field,recover-20221013,001,1795
1170.4125,1170.453,68437,82198,Rhinolophus ferrumequinum,0.024,0.024,-1,Echolocation,/mnt/ubna_data_02_mir/recover-20221013/UBNA_001/20221012_030000.WAV,Telephone Field,recover-20221013,001,1795
1170.4415,1170.4795,68437,82294,Rhinolophus ferrumequinum,0.023,0.023,-1,Echolocation,/mnt/ubna_data_02_mir/recover-20221013/UBNA_001/20221012_030000.WAV,Telephone Field,recover-20221013,001,1795
1170.4485,1170.4901,68437,82632,Rhinolophus ferrumequinum,0.024,0.024,-1,Echolocation,/mnt/ubna_data_02_mir/recover-20221013/UBNA_001/20221012_030000.WAV,Telephone Field,recover-20221013,001,1795
1170.4575,1170.5006,68437,83428,Rhinolophus ferrumequinum,0.027,0.027,-1,Echolocation,/mnt/ubna_data_02_mir/recover-20221013/UBNA_001/20221012_030000.WAV,Telephone Field,recover-20221013,001,1795
1170.4775,1170.4974,20312,23230,Nyctalus leisleri,0.019,0.034,-1,Echolocation,/mnt/ubna_data_02_mir/recover-20221013/UBNA_001/20221012_030000.WAV,Telephone Field,recover-20221013,001,1795
1170.4855,1170.5293,68437,83099,Rhinolophus ferrumequinum,0.027,0.027,-1,Echolocation,/mnt/ubna_data_02_mir/recover-20221013/UBNA_001/20221012_030000.WAV,Telephone Field,recover-20221013,001,1795
1170.4955,1170.5389,68437,83678,Rhinolophus ferrumequinum,0.029,0.029,-1,Echolocation,/mnt/ubna_data_02_mir/recover-20221013/UBNA_001/20221012_030000.WAV,Telephone Field,recover-20221013,001,1795
1170.5095,1170.5499,68437,82809,Rhinolophus ferrumequinum,0.024,0.024,-1,Echolocation,/mnt/ubna_data_02_mir/recover-20221013/UBNA_001/20221012_030000.WAV,Telephone Field,recover-20221013,001,1795
1170.5565,1170.5916,68437,80295,Rhinolophus ferrumequinum,0.026,0.026,-1,Echolocation,/mnt/ubna_data_02_mir/recover-20221013/UBNA_001/20221012_030000.WAV,Telephone Field,recover-20221013,001,1795
1170.5705,1170.5804,28906,35734,Eptesicus serotinus,0.009,0.023,-1,Echolocation,/mnt/ubna_data_02_mir/recover-20221013/UBNA_001/20221012_030000.WAV,Telephone Field,recover-20221013,001,1795
1170.5725,1170.6108,68437,82539,Rhinolophus ferrumequinum,0.036,0.036,-1,Echolocation,/mnt/ubna_data_02_mir/recover-20221013/UBNA_001/20221012_030000.WAV,Telephone Field,recover-20221013,001,1795
1170.6075,1170.6519,68437,83279,Rhinolophus ferrumequinum,0.044,0.044,-1,Echolocation,/mnt/ubna_data_02_mir/recover-20221013/UBNA_001/20221012_030000.WAV,Telephone Field,recover-20221013,001,1795
1170.6215,1170.6653,68437,83587,Rhinolophus ferrumequinum,0.039,0.039,-1,Echolocation,/mnt/ubna_data_02_mir/recover-20221013/UBNA_001/20221012_030000.WAV,Telephone Field,recover-20221013,001,1795
1170.6215,1170.6321,24609,30278,Nyctalus leisleri,0.009,0.023,-1,Echolocation,/mnt/ubna_data_02_mir/recover-20221013/UBNA_001/20221012_030000.WAV,Telephone Field,recover-20221013,001,1795
1170.6375,1170.6479,28906,36176,Eptesicus serotinus,0.01,0.022,-1,Echolocation,/mnt/ubna_data_02_mir/recover-20221013/UBNA_001/20221012_030000.WAV,Telephone Field,recover-20221013,001,1795
1170.6475,1170.6885,68437,82724,Rhinolophus ferrumequinum,0.023,0.023,-1,Echolocation,/mnt/ubna_data_02_mir/recover-20221013/UBNA_001/20221012_030000.WAV,Telephone Field,recover-20221013,001,1795
1170.6615,1170.6727,23750,29109,Nyctalus leisleri,0.011,0.024,-1,Echolocation,/mnt/ubna_data_02_mir/recover-20221013/UBNA_001/20221012_030000.WAV,Telephone Field,recover-20221013,001,1795
1170.6875,1170.7277,68437,82859,Rhinolophus ferrumequinum,0.037,0.037,-1,Echolocation,/mnt/ubna_data_02_mir/recover-20221013/UBNA_001/20221012_030000.WAV,Telephone Field,recover-20221013,001,1795
1170.7475,1170.7566,26328,33565,Eptesicus serotinus,0.01,0.027,-1,Echolocation,/mnt/ubna_data_02_mir/recover-20221013/UBNA_001/20221012_030000.WAV,Telephone Field,recover-20221013,001,1795
1170.7475,1170.7825,68437,82223,Rhinolophus ferrumequinum,0.026,0.026,-1,Echolocation,/mnt/ubna_data_02_mir/recover-20221013/UBNA_001/20221012_030000.WAV,Telephone Field,recover-20221013,001,1795
1170.7755,1170.7825,24609,34347,Plecotus austriacus,0.011,0.026,-1,Echolocation,/mnt/ubna_data_02_mir/recover-20221013/UBNA_001/20221012_030000.WAV,Telephone Field,recover-20221013,001,1795
1170.8305,1170.8712,68437,82600,Rhinolophus ferrumequinum,0.023,0.023,-1,Echolocation,/mnt/ubna_data_02_mir/recover-20221013/UBNA_001/20221012_030000.WAV,Telephone Field,recover-20221013,001,1795
1170.8545,1170.8924,68437,81645,Rhinolophus ferrumequinum,0.023,0.023,-1,Echolocation,/mnt/ubna_data_02_mir/recover-20221013/UBNA_001/20221012_030000.WAV,Telephone Field,recover-20221013,001,1795
1170.8995,1170.942,68437,82715,Rhinolophus ferrumequinum,0.043,0.043,-1,Echolocation,/mnt/ubna_data_02_mir/recover-20221013/UBNA_001/20221012_030000.WAV,Telephone Field,recover-20221013,001,1795
1170.9025,1170.913,22890,28068,Nyctalus leisleri,0.011,0.023,-1,Echolocation,/mnt/ubna_data_02_mir/recover-20221013/UBNA_001/20221012_030000.WAV,Telephone Field,recover-20221013,001,1795
1170.9385,1170.9776,68437,81429,Rhinolophus ferrumequinum,0.022,0.022,-1,Echolocation,/mnt/ubna_data_02_mir/recover-20221013/UBNA_001/20221012_030000.WAV,Telephone Field,recover-20221013,001,1795
1170.9395,1170.9513,28906,35047,Eptesicus serotinus,0.014,0.027,-1,Echolocation,/mnt/ubna_data_02_mir/recover-20221013/UBNA_001/20221012_030000.WAV,Telephone Field,recover-20221013,001,1795
1170.9735,1171.0142,68437,82828,Rhinolophus ferrumequinum,0.025,0.025,-1,Echolocation,/mnt/ubna_data_02_mir/recover-20221013/UBNA_001/20221012_030000.WAV,Telephone Field,recover-20221013,001,1795
1170.9875,1171.0262,68437,81883,Rhinolophus ferrumequinum,0.026,0.026,-1,Echolocation,/mnt/ubna_data_02_mir/recover-20221013/UBNA_001/20221012_030000.WAV,Telephone Field,recover-20221013,001,1795
1171.0245,1171.0655,68437,81929,Rhinolophus ferrumequinum,0.023,0.023,-1,Echolocation,/mnt/ubna_data_02_mir/recover-20221013/UBNA_001/20221012_030000.WAV,Telephone Field,recover-20221013,001,1795
1171.0555,1171.0661,23750,28245,Nyctalus leisleri,0.013,0.025,-1,Echolocation,/mnt/ubna_data_02_mir/recover-20221013/UBNA_001/20221012_030000.WAV,Telephone Field,recover-20221013,001,1795
1171.0905,1171.1291,68437,81938,Rhinolophus ferrumequinum,0.022,0.022,-1,Echolocation,/mnt/ubna_data_02_mir/recover-20221013/UBNA_001/20221012_030000.WAV,Telephone Field,recover-20221013,001,1795
1171.1475,1171.1873,68437,82282,Rhinolophus ferrumequinum,0.024,0.024,-1,Echolocation,/mnt/ubna_data_02_mir/recover-20221013/UBNA_001/20221012_030000.WAV,Telephone Field,recover-20221013,001,1795
1171.1575,1171.1658,48671,52562,Pipistrellus pipistrellus,0.021,0.023,-1,Echolocation,/mnt/ubna_data_02_mir/recover-20221013/UBNA_001/20221012_030000.WAV,Telephone Field,recover-20221013,001,1795
1171.1695,1171.1777,24609,32340,Nyctalus leisleri,0.006,0.023,-1,Echolocation,/mnt/ubna_data_02_mir/recover-20221013/UBNA_001/20221012_030000.WAV,Telephone Field,recover-20221013,001,1795
1171.2065,1171.2499,68437,83659,Rhinolophus ferrumequinum,0.03,0.03,-1,Echolocation,/mnt/ubna_data_02_mir/recover-20221013/UBNA_001/20221012_030000.WAV,Telephone Field,recover-20221013,001,1795
1171.2305,1171.2717,68437,82479,Rhinolophus ferrumequinum,0.023,0.023,-1,Echolocation,/mnt/ubna_data_02_mir/recover-20221013/UBNA_001/20221012_030000.WAV,Telephone Field,recover-20221013,001,1795
1171.2315,1171.2394,28046,37854,Eptesicus serotinus,0.007,0.023,-1,Echolocation,/mnt/ubna_data_02_mir/recover-20221013/UBNA_001/20221012_030000.WAV,Telephone Field,recover-20221013,001,1795
1171.2705,1171.3054,68437,80895,Rhinolophus ferrumequinum,0.034,0.034,-1,Echolocation,/mnt/ubna_data_02_mir/recover-20221013/UBNA_001/20221012_030000.WAV,Telephone Field,recover-20221013,001,1795
1171.3015,1171.3109,29765,38108,Eptesicus serotinus,0.009,0.023,-1,Echolocation,/mnt/ubna_data_02_mir/recover-20221013/UBNA_001/20221012_030000.WAV,Telephone Field,recover-20221013,001,1795
1171.3135,1171.3234,22031,27351,Nyctalus leisleri,0.01,0.023,-1,Echolocation,/mnt/ubna_data_02_mir/recover-20221013/UBNA_001/20221012_030000.WAV,Telephone Field,recover-20221013,001,1795
1171.3165,1171.3542,68437,82551,Rhinolophus ferrumequinum,0.026,0.027,-1,Echolocation,/mnt/ubna_data_02_mir/recover-20221013/UBNA_001/20221012_030000.WAV,Telephone Field,recover-20221013,001,1795
1171.3535,1171.3646,23750,29504,Nyctalus leisleri,0.012,0.026,-1,Echolocation,/mnt/ubna_data_02_mir/recover-20221013/UBNA_001/20221012_030000.WAV,Telephone Field,recover-20221013,001,1795
1171.3685,1171.4029,68437,81555,Rhinolophus ferrumequinum,0.024,0.024,-1,Echolocation,/mnt/ubna_data_02_mir/recover-20221013/UBNA_001/20221012_030000.WAV,Telephone Field,recover-20221013,001,1795
1171.3705,1171.3788,23750,31395,Plecotus austriacus,0.01,0.025,-1,Echolocation,/mnt/ubna_data_02_mir/recover-20221013/UBNA_001/20221012_030000.WAV,Telephone Field,recover-20221013,001,1795
1171.3805,1171.4219,68437,82949,Rhinolophus ferrumequinum,0.028,0.028,-1,Echolocation,/mnt/ubna_data_02_mir/recover-20221013/UBNA_001/20221012_030000.WAV,Telephone Field,recover-20221013,001,1795
1171.4105,1171.4171,28046,42239,Eptesicus serotinus,0.006,0.022,-1,Echolocation,/mnt/ubna_data_02_mir/recover-20221013/UBNA_001/20221012_030000.WAV,Telephone Field,recover-20221013,001,1795
1171.4335,1171.4773,68437,83107,Rhinolophus ferrumequinum,0.036,0.036,-1,Echolocation,/mnt/ubna_data_02_mir/recover-20221013/UBNA_001/20221012_030000.WAV,Telephone Field,recover-20221013,001,1795
1171.4515,1171.4619,22890,28435,Nyctalus leisleri,0.011,0.025,-1,Echolocation,/mnt/ubna_data_02_mir/recover-20221013/UBNA_001/20221012_030000.WAV,Telephone Field,recover-20221013,001,1795
1171.4765,1171.513,68437,81428,Rhinolophus ferrumequinum,0.023,0.023,-1,Echolocation,/mnt/ubna_data_02_mir/recover-20221013/UBNA_001/20221012_030000.WAV,Telephone Field,recover-20221013,001,1795
1171.5045,1171.5392,68437,81841,Rhinolophus ferrumequinum,0.025,0.025,-1,Echolocation,/mnt/ubna_data_02_mir/recover-20221013/UBNA_001/20221012_030000.WAV,Telephone Field,recover-20221013,001,1795
1171.5515,1171.5911,68437,83353,Rhinolophus ferrumequinum,0.033,0.033,-1,Echolocation,/mnt/ubna_data_02_mir/recover-20221013/UBNA_001/20221012_030000.WAV,Telephone Field,recover-20221013,001,1795
1171.5685,1171.6082,68437,82586,Rhinolophus ferrumequinum,0.022,0.022,-1,Echolocation,/mnt/ubna_data_02_mir/recover-20221013/UBNA_001/20221012_030000.WAV,Telephone Field,recover-20221013,001,1795
1171.5975,1171.6353,68437,81561,Rhinolophus ferrumequinum,0.025,0.025,-1,Echolocation,/mnt/ubna_data_02_mir/recover-20221013/UBNA_001/20221012_030000.WAV,Telephone Field,recover-20221013,001,1795
1171.6455,1171.6882,68437,83009,Rhinolophus ferrumequinum,0.027,0.027,-1,Echolocation,/mnt/ubna_data_02_mir/recover-20221013/UBNA_001/20221012_030000.WAV,Telephone Field,recover-20221013,001,1795
1171.6725,1171.7129,68437,82090,Rhinolophus ferrumequinum,0.022,0.022,-1,Echolocation,/mnt/ubna_data_02_mir/recover-20221013/UBNA_001/20221012_030000.WAV,Telephone Field,recover-20221013,001,1795
1171.6785,1171.7205,68437,82492,Rhinolophus ferrumequinum,0.022,0.022,-1,Echolocation,/mnt/ubna_data_02_mir/recover-20221013/UBNA_001/20221012_030000.WAV,Telephone Field,recover-20221013,001,1795
1171.7015,1171.7403,68437,82276,Rhinolophus ferrumequinum,0.028,0.028,-1,Echolocation,/mnt/ubna_data_02_mir/recover-20221013/UBNA_001/20221012_030000.WAV,Telephone Field,recover-20221013,001,1795
1171.7075,1171.716,28046,38665,Eptesicus serotinus,0.008,0.023,-1,Echolocation,/mnt/ubna_data_02_mir/recover-20221013/UBNA_001/20221012_030000.WAV,Telephone Field,recover-20221013,001,1795
1171.7295,1171.7665,68437,82065,Rhinolophus ferrumequinum,0.028,0.028,-1,Echolocation,/mnt/ubna_data_02_mir/recover-20221013/UBNA_001/20221012_030000.WAV,Telephone Field,recover-20221013,001,1795
1171.7395,1171.7786,68437,82771,Rhinolophus ferrumequinum,0.035,0.035,-1,Echolocation,/mnt/ubna_data_02_mir/recover-20221013/UBNA_001/20221012_030000.WAV,Telephone Field,recover-20221013,001,1795
1171.7595,1171.7993,68437,81510,Rhinolophus ferrumequinum,0.023,0.023,-1,Echolocation,/mnt/ubna_data_02_mir/recover-20221013/UBNA_001/20221012_030000.WAV,Telephone Field,recover-20221013,001,1795
1171.7715,1171.7785,27187,39262,Eptesicus serotinus,0.006,0.022,-1,Echolocation,/mnt/ubna_data_02_mir/recover-20221013/UBNA_001/20221012_030000.WAV,Telephone Field,recover-20221013,001,1795
1171.7935,1171.8349,68437,82782,Rhinolophus ferrumequinum,0.027,0.027,-1,Echolocation,/mnt/ubna_data_02_mir/recover-20221013/UBNA_001/20221012_030000.WAV,Telephone Field,recover-20221013,001,1795
1171.8005,1171.8084,27187,37472,Eptesicus serotinus,0.013,0.03,-1,Echolocation,/mnt/ubna_data_02_mir/recover-20221013/UBNA_001/20221012_030000.WAV,Telephone Field,recover-20221013,001,1795
1171.8015,1171.8375,68437,82311,Rhinolophus ferrumequinum,0.022,0.022,-1,Echolocation,/mnt/ubna_data_02_mir/recover-20221013/UBNA_001/20221012_030000.WAV,Telephone Field,recover-20221013,001,1795
1171.8315,1171.8725,68437,83511,Rhinolophus ferrumequinum,0.03,0.03,-1,Echolocation,/mnt/ubna_data_02_mir/recover-20221013/UBNA_001/20221012_030000.WAV,Telephone Field,recover-20221013,001,1795
1171.8625,1171.8993,68437,82045,Rhinolophus ferrumequinum,0.023,0.023,-1,Echolocation,/mnt/ubna_data_02_mir/recover-20221013/UBNA_001/20221012_030000.WAV,Telephone Field,recover-20221013,001,1795
1171.8745,1171.9128,68437,82269,Rhinolophus ferrumequinum,0.023,0.023,-1,Echolocation,/mnt/ubna_data_02_mir/recover-20221013/UBNA_001/20221012_030000.WAV,Telephone Field,recover-20221013,001,1795
1171.8985,1171.9166,22031,25503,Nyctalus leisleri,0.019,0.033,-1,Echolocation,/mnt/ubna_data_02_mir/recover-20221013/UBNA_001/20221012_030000.WAV,Telephone Field,recover-20221013,001,1795
1171.9005,1171.9415,68437,82815,Rhinolophus ferrumequinum,0.025,0.025,-1,Echolocation,/mnt/ubna_data_02_mir/recover-20221013/UBNA_001/20221012_030000.WAV,Telephone Field,recover-20221013,001,1795
1171.9395,1171.9465,27187,39377,Eptesicus serotinus,0.006,0.024,-1,Echolocation,/mnt/ubna_data_02_mir/recover-20221013/UBNA_001/20221012_030000.WAV,Telephone Field,recover-20221013,001,1795
1171.9825,1171.994,23750,29340,Nyctalus leisleri,0.012,0.025,-1,Echolocation,/mnt/ubna_data_02_mir/recover-20221013/UBNA_001/20221012_030000.WAV,Telephone Field,recover-20221013,001,1795
1171.9875,1171.9977,26328,34520,Eptesicus serotinus,0.011,0.024,-1,Echolocation,/mnt/ubna_data_02_mir/recover-20221013/UBNA_001/20221012_030000.WAV,Telephone Field,recover-20221013,001,1795
1172.0015,1172.0347,68437,80287,Rhinolophus ferrumequinum,0.039,0.039,-1,Echolocation,/mnt/ubna_data_02_mir/recover-20221013/UBNA_001/20221012_030000.WAV,Telephone Field,recover-20221013,001,1795
1172.0015,1172.0114,22890,28861,Nyctalus leisleri,0.011,0.028,-1,Echolocation,/mnt/ubna_data_02_mir/recover-20221013/UBNA_001/20221012_030000.WAV,Telephone Field,recover-20221013,001,1795
1172.0445,1172.0561,22031,26216,Nyctalus leisleri,0.012,0.023,-1,Echolocation,/mnt/ubna_data_02_mir/recover-20221013/UBNA_001/20221012_030000.WAV,Telephone Field,recover-20221013,001,1795
1172.1055,1172.144,68437,81256,Rhinolophus ferrumequinum,0.023,0.023,-1,Echolocation,/mnt/ubna_data_02_mir/recover-20221013/UBNA_001/20221012_030000.WAV,Telephone Field,recover-20221013,001,1795
1172.1065,1172.1141,28046,39567,Eptesicus serotinus,0.006,0.021,-1,Echolocation,/mnt/ubna_data_02_mir/recover-20221013/UBNA_001/20221012_030000.WAV,Telephone Field,recover-20221013,001,1795
1172.1385,1172.1752,68437,82068,Rhinolophus ferrumequinum,0.021,0.021,-1,Echolocation,/mnt/ubna_data_02_mir/recover-20221013/UBNA_001/20221012_030000.WAV,Telephone Field,recover-20221013,001,1795
1172.1545,1172.1962,68437,83416,Rhinolophus ferrumequinum,0.029,0.029,-1,Echolocation,/mnt/ubna_data_02_mir/recover-20221013/UBNA_001/20221012_030000.WAV,Telephone Field,recover-20221013,001,1795
1172.1785,1172.2192,68437,82514,Rhinolophus ferrumequinum,0.023,0.023,-1,Echolocation,/mnt/ubna_data_02_mir/recover-20221013/UBNA_001/20221012_030000.WAV,Telephone Field,recover-20221013,001,1795
1172.2595,1172.2702,27187,35371,Eptesicus serotinus,0.012,0.025,-1,Echolocation,/mnt/ubna_data_02_mir/recover-20221013/UBNA_001/20221012_030000.WAV,Telephone Field,recover-20221013,001,1795
1172.2755,1172.2865,25468,33500,Eptesicus serotinus,0.01,0.024,-1,Echolocation,/mnt/ubna_data_02_mir/recover-20221013/UBNA_001/20221012_030000.WAV,Telephone Field,recover-20221013,001,1795
1172.2775,1172.3163,68437,82627,Rhinolophus ferrumequinum,0.027,0.027,-1,Echolocation,/mnt/ubna_data_02_mir/recover-20221013/UBNA_001/20221012_030000.WAV,Telephone Field,recover-20221013,001,1795
1172.2985,1172.3385,68437,82588,Rhinolophus ferrumequinum,0.025,0.025,-1,Echolocation,/mnt/ubna_data_02_mir/recover-20221013/UBNA_001/20221012_030000.WAV,Telephone Field,recover-20221013,001,1795
1172.3065,1172.3464,68437,82121,Rhinolophus ferrumequinum,0.021,0.021,-1,Echolocation,/mnt/ubna_data_02_mir/recover-20221013/UBNA_001/20221012_030000.WAV,Telephone Field,recover-20221013,001,1795
1172.3155,1172.3514,68437,81427,Rhinolophus ferrumequinum,0.025,0.025,-1,Echolocation,/mnt/ubna_data_02_mir/recover-20221013/UBNA_001/20221012_030000.WAV,Telephone Field,recover-20221013,001,1795
1172.3285,1172.3646,68437,81259,Rhinolophus ferrumequinum,0.022,0.022,-1,Echolocation,/mnt/ubna_data_02_mir/recover-20221013/UBNA_001/20221012_030000.WAV,Telephone Field,recover-20221013,001,1795
1172.3305,1172.3382,50390,57632,Pipistrellus pipistrellus,0.021,0.026,-1,Echolocation,/mnt/ubna_data_02_mir/recover-20221013/UBNA_001/20221012_030000.WAV,Telephone Field,recover-20221013,001,1795
1172.3575,1172.393,68437,82330,Rhinolophus ferrumequinum,0.032,0.032,-1,Echolocation,/mnt/ubna_data_02_mir/recover-20221013/UBNA_001/20221012_030000.WAV,Telephone Field,recover-20221013,001,1795
1172.3645,1172.3756,22031,27375,Nyctalus leisleri,0.01,0.023,-1,Echolocation,/mnt/ubna_data_02_mir/recover-20221013/UBNA_001/20221012_030000.WAV,Telephone Field,recover-20221013,001,1795
1172.4165,1172.4548,68437,82043,Rhinolophus ferrumequinum,0.023,0.023,-1,Echolocation,/mnt/ubna_data_02_mir/recover-20221013/UBNA_001/20221012_030000.WAV,Telephone Field,recover-20221013,001,1795
1172.4425,1172.4508,28046,40065,Eptesicus serotinus,0.008,0.022,-1,Echolocation,/mnt/ubna_data_02_mir/recover-20221013/UBNA_001/20221012_030000.WAV,Telephone Field,recover-20221013,001,1795
1172.4535,1172.4938,68437,82959,Rhinolophus ferrumequinum,0.026,0.026,-1,Echolocation,/mnt/ubna_data_02_mir/recover-20221013/UBNA_001/20221012_030000.WAV,Telephone Field,recover-20221013,001,1795
1172.4675,1172.474,27187,40747,Eptesicus serotinus,0.006,0.022,-1,Echolocation,/mnt/ubna_data_02_mir/recover-20221013/UBNA_001/20221012_030000.WAV,Telephone Field,recover-20221013,001,1795
1172.5025,1172.5419,68437,82443,Rhinolophus ferrumequinum,0.025,0.025,-1,Echolocation,/mnt/ubna_data_02_mir/recover-20221013/UBNA_001/20221012_030000.WAV,Telephone Field,recover-20221013,001,1795
1172.5055,1172.5124,24609,38946,Myotis nattereri,0.006,0.022,-1,Echolocation,/mnt/ubna_data_02_mir/recover-20221013/UBNA_001/20221012_030000.WAV,Telephone Field,recover-20221013,001,1795
1172.5475,1172.5543,27187,38905,Eptesicus serotinus,0.006,0.024,-1,Echolocation,/mnt/ubna_data_02_mir/recover-20221013/UBNA_001/20221012_030000.WAV,Telephone Field,recover-20221013,001,1795
1172.6005,1172.6366,68437,81259,Rhinolophus ferrumequinum,0.024,0.024,-1,Echolocation,/mnt/ubna_data_02_mir/recover-20221013/UBNA_001/20221012_030000.WAV,Telephone Field,recover-20221013,001,1795
1172.6075,1172.6158,28046,36929,Eptesicus serotinus,0.007,0.021,-1,Echolocation,/mnt/ubna_data_02_mir/recover-20221013/UBNA_001/20221012_030000.WAV,Telephone Field,recover-20221013,001,1795
1172.6555,1172.6674,22031,27746,Nyctalus leisleri,0.012,0.031,-1,Echolocation,/mnt/ubna_data_02_mir/recover-20221013/UBNA_001/20221012_030000.WAV,Telephone Field,recover-20221013,001,1795
1172.7305,1172.7676,68437,82352,Rhinolophus ferrumequinum,0.022,0.022,-1,Echolocation,/mnt/ubna_data_02_mir/recover-20221013/UBNA_001/20221012_030000.WAV,Telephone Field,recover-20221013,001,1795
1172.7665,1172.7742,25468,34232,Plecotus austriacus,0.005,0.021,-1,Echolocation,/mnt/ubna_data_02_mir/recover-20221013/UBNA_001/20221012_030000.WAV,Telephone Field,recover-20221013,001,1795
1172.7965,1172.8041,27187,39002,Eptesicus serotinus,0.008,0.022,-1,Echolocation,/mnt/ubna_data_02_mir/recover-20221013/UBNA_001/20221012_030000.WAV,Telephone Field,recover-20221013,001,1795
1172.8515,1172.8588,23750,33035,Plecotus austriacus,0.015,0.03,-1,Echolocation,/mnt/ubna_data_02_mir/recover-20221013/UBNA_001/20221012_030000.WAV,Telephone Field,recover-20221013,001,1795
1172.8805,1172.8906,24609,31960,Eptesicus serotinus,0.008,0.023,-1,Echolocation,/mnt/ubna_data_02_mir/recover-20221013/UBNA_001/20221012_030000.WAV,Telephone Field,recover-20221013,001,1795
1172.8885,1172.8986,26328,33122,Eptesicus serotinus,0.01,0.027,-1,Echolocation,/mnt/ubna_data_02_mir/recover-20221013/UBNA_001/20221012_030000.WAV,Telephone Field,recover-20221013,001,1795
1172.9235,1172.931,28046,37085,Eptesicus serotinus,0.007,0.023,-1,Echolocation,/mnt/ubna_data_02_mir/recover-20221013/UBNA_001/20221012_030000.WAV,Telephone Field,recover-20221013,001,1795
1172.9335,1172.9738,68437,82854,Rhinolophus ferrumequinum,0.023,0.023,-1,Echolocation,/mnt/ubna_data_02_mir/recover-20221013/UBNA_001/20221012_030000.WAV,Telephone Field,recover-20221013,001,1795
1172.9905,1172.9974,26328,36733,Eptesicus serotinus,0.008,0.027,-1,Echolocation,/mnt/ubna_data_02_mir/recover-20221013/UBNA_001/20221012_030000.WAV,Telephone Field,recover-20221013,001,1795
1173.0225,1173.0338,23750,29388,Nyctalus leisleri,0.011,0.025,-1,Echolocation,/mnt/ubna_data_02_mir/recover-20221013/UBNA_001/20221012_030000.WAV,Telephone Field,recover-20221013,001,1795
1173.0285,1173.0667,68437,81918,Rhinolophus ferrumequinum,0.023,0.023,-1,Echolocation,/mnt/ubna_data_02_mir/recover-20221013/UBNA_001/20221012_030000.WAV,Telephone Field,recover-20221013,001,1795
1173.0385,1173.0772,68437,81902,Rhinolophus ferrumequinum,0.023,0.023,-1,Echolocation,/mnt/ubna_data_02_mir/recover-20221013/UBNA_001/20221012_030000.WAV,Telephone Field,recover-20221013,001,1795
1173.0765,1173.114,68437,81815,Rhinolophus ferrumequinum,0.022,0.022,-1,Echolocation,/mnt/ubna_data_02_mir/recover-20221013/UBNA_001/20221012_030000.WAV,Telephone Field,recover-20221013,001,1795
1173.0905,1173.0988,28046,42030,Eptesicus serotinus,0.007,0.022,-1,Echolocation,/mnt/ubna_data_02_mir/recover-20221013/UBNA_001/20221012_030000.WAV,Telephone Field,recover-20221013,001,1795
1173.1025,1173.1373,68437,81737,Rhinolophus ferrumequinum,0.026,0.026,-1,Echolocation,/mnt/ubna_data_02_mir/recover-20221013/UBNA_001/20221012_030000.WAV,Telephone Field,recover-20221013,001,1795
1173.1115,1173.1215,25468,32834,Eptesicus serotinus,0.014,0.04,-1,Echolocation,/mnt/ubna_data_02_mir/recover-20221013/UBNA_001/20221012_030000.WAV,Telephone Field,recover-20221013,001,1795
1173.1635,1173.1712,27187,40191,Eptesicus serotinus,0.008,0.023,-1,Echolocation,/mnt/ubna_data_02_mir/recover-20221013/UBNA_001/20221012_030000.WAV,Telephone Field,recover-20221013,001,1795
1173.1955,1173.236,68437,82689,Rhinolophus ferrumequinum,0.028,0.028,-1,Echolocation,/mnt/ubna_data_02_mir/recover-20221013/UBNA_001/20221012_030000.WAV,Telephone Field,recover-20221013,001,1795
1173.1995,1173.2067,27187,38180,Eptesicus serotinus,0.006,0.022,-1,Echolocation,/mnt/ubna_data_02_mir/recover-20221013/UBNA_001/20221012_030000.WAV,Telephone Field,recover-20221013,001,1795
1173.2265,1173.2674,68437,83465,Rhinolophus ferrumequinum,0.029,0.029,-1,Echolocation,/mnt/ubna_data_02_mir/recover-20221013/UBNA_001/20221012_030000.WAV,Telephone Field,recover-20221013,001,1795
1173.2585,1173.2969,68437,82079,Rhinolophus ferrumequinum,0.022,0.022,-1,Echolocation,/mnt/ubna_data_02_mir/recover-20221013/UBNA_001/20221012_030000.WAV,Telephone Field,recover-20221013,001,1795
1173.2595,1173.2699,23750,29766,Nyctalus leisleri,0.008,0.022,-1,Echolocation,/mnt/ubna_data_02_mir/recover-20221013/UBNA_001/20221012_030000.WAV,Telephone Field,recover-20221013,001,1795
1173.2965,1173.3062,23750,31121,Nyctalus leisleri,0.014,0.049,-1,Echolocation,/mnt/ubna_data_02_mir/recover-20221013/UBNA_001/20221012_030000.WAV,Telephone Field,recover-20221013,001,1795
1173.3305,1173.3378,13437,26713,Plecotus auritus,0.035,0.044,-1,Echolocation,/mnt/ubna_data_02_mir/recover-20221013/UBNA_001/20221012_030000.WAV,Telephone Field,recover-20221013,001,1795
1173.3555,1173.3926,68437,81745,Rhinolophus ferrumequinum,0.027,0.027,-1,Echolocation,/mnt/ubna_data_02_mir/recover-20221013/UBNA_001/20221012_030000.WAV,Telephone Field,recover-20221013,001,1795
1173.4155,1173.4254,28046,36549,Eptesicus serotinus,0.009,0.022,-1,Echolocation,/mnt/ubna_data_02_mir/recover-20221013/UBNA_001/20221012_030000.WAV,Telephone Field,recover-20221013,001,1795
1173.4285,1173.4667,68437,82596,Rhinolophus ferrumequinum,0.024,0.024,-1,Echolocation,/mnt/ubna_data_02_mir/recover-20221013/UBNA_001/20221012_030000.WAV,Telephone Field,recover-20221013,001,1795
1173.4365,1173.4749,68437,82110,Rhinolophus ferrumequinum,0.032,0.032,-1,Echolocation,/mnt/ubna_data_02_mir/recover-20221013/UBNA_001/20221012_030000.WAV,Telephone Field,recover-20221013,001,1795
1173.4885,1173.531,68437,83164,Rhinolophus ferrumequinum,0.031,0.031,-1,Echolocation,/mnt/ubna_data_02_mir/recover-20221013/UBNA_001/20221012_030000.WAV,Telephone Field,recover-20221013,001,1795
1173.5005,1173.5443,68437,83749,Rhinolophus ferrumequinum,0.028,0.028,-1,Echolocation,/mnt/ubna_data_02_mir/recover-20221013/UBNA_001/20221012_030000.WAV,Telephone Field,recover-20221013,001,1795
1173.5255,1173.5356,24609,31781,Eptesicus serotinus,0.007,0.022,-1,Echolocation,/mnt/ubna_data_02_mir/recover-20221013/UBNA_001/20221012_030000.WAV,Telephone Field,recover-20221013,001,1795
1173.5625,1173.6012,68437,82371,Rhinolophus ferrumequinum,0.021,0.021,-1,Echolocation,/mnt/ubna_data_02_mir/recover-20221013/UBNA_001/20221012_030000.WAV,Telephone Field,recover-20221013,001,1795
1173.6035,1173.6115,28046,37314,Eptesicus serotinus,0.008,0.024,-1,Echolocation,/mnt/ubna_data_02_mir/recover-20221013/UBNA_001/20221012_030000.WAV,Telephone Field,recover-20221013,001,1795
1173.6345,1173.6747,68437,82494,Rhinolophus ferrumequinum,0.023,0.023,-1,Echolocation,/mnt/ubna_data_02_mir/recover-20221013/UBNA_001/20221012_030000.WAV,Telephone Field,recover-20221013,001,1795
1173.6485,1173.6878,68437,82471,Rhinolophus ferrumequinum,0.023,0.023,-1,Echolocation,/mnt/ubna_data_02_mir/recover-20221013/UBNA_001/20221012_030000.WAV,Telephone Field,recover-20221013,001,1795
1173.6545,1173.6973,68437,82950,Rhinolophus ferrumequinum,0.023,0.023,-1,Echolocation,/mnt/ubna_data_02_mir/recover-20221013/UBNA_001/20221012_030000.WAV,Telephone Field,recover-20221013,001,1795
1173.6785,1173.7169,68437,82586,Rhinolophus ferrumequinum,0.029,0.029,-1,Echolocation,/mnt/ubna_data_02_mir/recover-20221013/UBNA_001/20221012_030000.WAV,Telephone Field,recover-20221013,001,1795
1173.6905,1173.6964,37500,48985,Myotis daubentonii,0.01,0.023,-1,Echolocation,/mnt/ubna_data_02_mir/recover-20221013/UBNA_001/20221012_030000.WAV,Telephone Field,recover-20221013,001,1795
1173.6965,1173.7082,23750,28763,Nyctalus leisleri,0.015,0.028,-1,Echolocation,/mnt/ubna_data_02_mir/recover-20221013/UBNA_001/20221012_030000.WAV,Telephone Field,recover-20221013,001,1795
1173.7135,1173.7539,68437,82752,Rhinolophus ferrumequinum,0.027,0.027,-1,Echolocation,/mnt/ubna_data_02_mir/recover-20221013/UBNA_001/20221012_030000.WAV,Telephone Field,recover-20221013,001,1795
1173.7935,1173.8369,68437,83268,Rhinolophus ferrumequinum,0.034,0.034,-1,Echolocation,/mnt/ubna_data_02_mir/recover-20221013/UBNA_001/20221012_030000.WAV,Telephone Field,recover-20221013,001,1795
1173.8815,1173.896,22031,26324,Nyctalus leisleri,0.02,0.036,-1,Echolocation,/mnt/ubna_data_02_mir/recover-20221013/UBNA_001/20221012_030000.WAV,Telephone Field,recover-20221013,001,1795
1173.9285,1173.9696,68437,82577,Rhinolophus ferrumequinum,0.029,0.029,-1,Echolocation,/mnt/ubna_data_02_mir/recover-20221013/UBNA_001/20221012_030000.WAV,Telephone Field,recover-20221013,001,1795
1173.9405,1173.9467,33203,43744,Myotis daubentonii,0.01,0.022,-1,Echolocation,/mnt/ubna_data_02_mir/recover-20221013/UBNA_001/20221012_030000.WAV,Telephone Field,recover-20221013,001,1795
1173.9435,1173.9505,28046,40143,Eptesicus serotinus,0.006,0.023,-1,Echolocation,/mnt/ubna_data_02_mir/recover-20221013/UBNA_001/20221012_030000.WAV,Telephone Field,recover-20221013,001,1795
1173.9565,1173.9954,68437,82645,Rhinolophus ferrumequinum,0.022,0.022,-1,Echolocation,/mnt/ubna_data_02_mir/recover-20221013/UBNA_001/20221012_030000.WAV,Telephone Field,recover-20221013,001,1795
1174.0015,1174.0074,49531,58433,Pipistrellus pipistrellus,0.018,0.025,-1,Echolocation,/mnt/ubna_data_02_mir/recover-20221013/UBNA_001/20221012_030000.WAV,Telephone Field,recover-20221013,001,1795
1174.0015,1174.0318,70156,83852,Rhinolophus ferrumequinum,0.029,0.03,-1,Echolocation,/mnt/ubna_data_02_mir/recover-20221013/UBNA_001/20221012_030000.WAV,Telephone Field,recover-20221013,001,1795
1174.0015,1174.0113,29765,36555,Eptesicus serotinus,0.01,0.024,-1,Echolocation,/mnt/ubna_data_02_mir/recover-20221013/UBNA_001/20221012_030000.WAV,Telephone Field,recover-20221013,001,1795
1174.0135,1174.0212,25468,33937,Plecotus austriacus,0.008,0.025,-1,Echolocation,/mnt/ubna_data_02_mir/recover-20221013/UBNA_001/20221012_030000.WAV,Telephone Field,recover-20221013,001,1795
1174.0445,1174.0878,68437,83413,Rhinolophus ferrumequinum,0.038,0.038,-1,Echolocation,/mnt/ubna_data_02_mir/recover-20221013/UBNA_001/20221012_030000.WAV,Telephone Field,recover-20221013,001,1795
1174.0845,1174.125,68437,82467,Rhinolophus ferrumequinum,0.036,0.036,-1,Echolocation,/mnt/ubna_data_02_mir/recover-20221013/UBNA_001/20221012_030000.WAV,Telephone Field,recover-20221013,001,1795
1174.1065,1174.1156,28906,36809,Eptesicus serotinus,0.008,0.022,-1,Echolocation,/mnt/ubna_data_02_mir/recover-20221013/UBNA_001/20221012_030000.WAV,Telephone Field,recover-20221013,001,1795
1174.1165,1174.1572,68437,82444,Rhinolophus ferrumequinum,0.024,0.024,-1,Echolocation,/mnt/ubna_data_02_mir/recover-20221013/UBNA_001/20221012_030000.WAV,Telephone Field,recover-20221013,001,1795
1174.1545,1174.1892,68437,81255,Rhinolophus ferrumequinum,0.022,0.022,-1,Echolocation,/mnt/ubna_data_02_mir/recover-20221013/UBNA_001/20221012_030000.WAV,Telephone Field,recover-20221013,001,1795
1174.1665,1174.1815,14296,18846,Nyctalus noctula,0.016,0.025,-1,Echolocation,/mnt/ubna_data_02_mir/recover-20221013/UBNA_001/20221012_030000.WAV,Telephone Field,recover-20221013,001,1795
1174.1925,1174.1987,28046,40372,Eptesicus serotinus,0.006,0.025,-1,Echolocation,/mnt/ubna_data_02_mir/recover-20221013/UBNA_001/20221012_030000.WAV,Telephone Field,recover-20221013,001,1795
1174.2005,1174.2365,68437,80787,Rhinolophus ferrumequinum,0.021,0.021,-1,Echolocation,/mnt/ubna_data_02_mir/recover-20221013/UBNA_001/20221012_030000.WAV,Telephone Field,recover-20221013,001,1795
1174.2315,1174.2423,56406,61269,Pipistrellus pygmaeus,0.035,0.036,-1,Echolocation,/mnt/ubna_data_02_mir/recover-20221013/UBNA_001/20221012_030000.WAV,Telephone Field,recover-20221013,001,1795
1174.2315,1174.2717,68437,82677,Rhinolophus ferrumequinum,0.022,0.022,-1,Echolocation,/mnt/ubna_data_02_mir/recover-20221013/UBNA_001/20221012_030000.WAV,Telephone Field,recover-20221013,001,1795
1174.3025,1174.3396,68437,81726,Rhinolophus ferrumequinum,0.021,0.021,-1,Echolocation,/mnt/ubna_data_02_mir/recover-20221013/UBNA_001/20221012_030000.WAV,Telephone Field,recover-20221013,001,1795
1174.3495,1174.3854,68437,80883,Rhinolophus ferrumequinum,0.027,0.027,-1,Echolocation,/mnt/ubna_data_02_mir/recover-20221013/UBNA_001/20221012_030000.WAV,Telephone Field,recover-20221013,001,1795
1174.3515,1174.3591,28046,39361,Eptesicus serotinus,0.007,0.021,-1,Echolocation,/mnt/ubna_data_02_mir/recover-20221013/UBNA_001/20221012_030000.WAV,Telephone Field,recover-20221013,001,1795
1174.3915,1174.4306,68437,82178,Rhinolophus ferrumequinum,0.021,0.021,-1,Echolocation,/mnt/ubna_data_02_mir/recover-20221013/UBNA_001/20221012_030000.WAV,Telephone Field,recover-20221013,001,1795
1174.4015,1174.4103,28046,39597,Eptesicus serotinus,0.01,0.025,-1,Echolocation,/mnt/ubna_data_02_mir/recover-20221013/UBNA_001/20221012_030000.WAV,Telephone Field,recover-20221013,001,1795
1174.4485,1174.4585,28046,38356,Eptesicus serotinus,0.009,0.021,-1,Echolocation,/mnt/ubna_data_02_mir/recover-20221013/UBNA_001/20221012_030000.WAV,Telephone Field,recover-20221013,001,1795
1174.4545,1174.4624,28046,39019,Eptesicus serotinus,0.007,0.022,-1,Echolocation,/mnt/ubna_data_02_mir/recover-20221013/UBNA_001/20221012_030000.WAV,Telephone Field,recover-20221013,001,1795
1174.4695,1174.4797,39218,44237,Pipistrellus nathusii,0.011,0.021,-1,Echolocation,/mnt/ubna_data_02_mir/recover-20221013/UBNA_001/20221012_030000.WAV,Telephone Field,recover-20221013,001,1795
1174.4705,1174.4787,26328,35714,Eptesicus serotinus,0.01,0.024,-1,Echolocation,/mnt/ubna_data_02_mir/recover-20221013/UBNA_001/20221012_030000.WAV,Telephone Field,recover-20221013,001,1795
1174.4725,1174.5154,68437,82944,Rhinolophus ferrumequinum,0.023,0.023,-1,Echolocation,/mnt/ubna_data_02_mir/recover-20221013/UBNA_001/20221012_030000.WAV,Telephone Field,recover-20221013,001,1795
1174.4935,1174.5299,68437,81489,Rhinolophus ferrumequinum,0.024,0.024,-1,Echolocation,/mnt/ubna_data_02_mir/recover-20221013/UBNA_001/20221012_030000.WAV,Telephone Field,recover-20221013,001,1795
1174.5045,1174.5383,68437,81492,Rhinolophus ferrumequinum,0.024,0.024,-1,Echolocation,/mnt/ubna_data_02_mir/recover-20221013/UBNA_001/20221012_030000.WAV,Telephone Field,recover-20221013,001,1795
1174.5105,1174.5175,28906,40590,Eptesicus serotinus,0.006,0.023,-1,Echolocation,/mnt/ubna_data_02_mir/recover-20221013/UBNA_001/20221012_030000.WAV,Telephone Field,recover-20221013,001,1795
1174.5655,1174.5855,19453,22519,Nyctalus leisleri,0.016,0.035,-1,Echolocation,/mnt/ubna_data_02_mir/recover-20221013/UBNA_001/20221012_030000.WAV,Telephone Field,recover-20221013,001,1795
1174.5875,1174.6002,12578,16120,Nyctalus leisleri,0.015,0.034,-1,Echolocation,/mnt/ubna_data_02_mir/recover-20221013/UBNA_001/20221012_030000.WAV,Telephone Field,recover-20221013,001,1795
1174.5885,1174.6256,68437,81217,Rhinolophus ferrumequinum,0.025,0.025,-1,Echolocation,/mnt/ubna_data_02_mir/recover-20221013/UBNA_001/20221012_030000.WAV,Telephone Field,recover-20221013,001,1795
1174.6195,1174.6296,25468,33048,Eptesicus serotinus,0.008,0.021,-1,Echolocation,/mnt/ubna_data_02_mir/recover-20221013/UBNA_001/20221012_030000.WAV,Telephone Field,recover-20221013,001,1795
1174.6385,1174.6774,68437,82184,Rhinolophus ferrumequinum,0.022,0.022,-1,Echolocation,/mnt/ubna_data_02_mir/recover-20221013/UBNA_001/20221012_030000.WAV,Telephone Field,recover-20221013,001,1795
1174.6775,1174.7162,68437,81720,Rhinolophus ferrumequinum,0.022,0.022,-1,Echolocation,/mnt/ubna_data_02_mir/recover-20221013/UBNA_001/20221012_030000.WAV,Telephone Field,recover-20221013,001,1795
1174.6865,1174.7254,68437,82654,Rhinolophus ferrumequinum,0.031,0.031,-1,Echolocation,/mnt/ubna_data_02_mir/recover-20221013/UBNA_001/20221012_030000.WAV,Telephone Field,recover-20221013,001,1795
1174.6995,1174.7101,23750,29485,Nyctalus leisleri,0.009,0.021,-1,Echolocation,/mnt/ubna_data_02_mir/recover-20221013/UBNA_001/20221012_030000.WAV,Telephone Field,recover-20221013,001,1795
1174.7215,1174.7621,68437,82697,Rhinolophus ferrumequinum,0.035,0.035,-1,Echolocation,/mnt/ubna_data_02_mir/recover-20221013/UBNA_001/20221012_030000.WAV,Telephone Field,recover-20221013,001,1795
1174.7415,1174.7516,24609,31063,Nyctalus leisleri,0.009,0.027,-1,Echolocation,/mnt/ubna_data_02_mir/recover-20221013/UBNA_001/20221012_030000.WAV,Telephone Field,recover-20221013,001,1795
1174.7945,1174.834,68437,82095,Rhinolophus ferrumequinum,0.021,0.021,-1,Echolocation,/mnt/ubna_data_02_mir/recover-20221013/UBNA_001/20221012_030000.WAV,Telephone Field,recover-20221013,001,1795
1174.8165,1174.8591,68437,82987,Rhinolophus ferrumequinum,0.026,0.026,-1,Echolocation,/mnt/ubna_data_02_mir/recover-20221013/UBNA_001/20221012_030000.WAV,Telephone Field,recover-20221013,001,1795
1174.8605,1174.8673,28046,39929,Eptesicus serotinus,0.006,0.023,-1,Echolocation,/mnt/ubna_data_02_mir/recover-20221013/UBNA_001/20221012_030000.WAV,Telephone Field,recover-20221013,001,1795
1174.8865,1174.9249,68437,81739,Rhinolophus ferrumequinum,0.024,0.024,-1,Echolocation,/mnt/ubna_data_02_mir/recover-20221013/UBNA_001/20221012_030000.WAV,Telephone Field,recover-20221013,001,1795
1174.9225,1174.9609,68437,82226,Rhinolophus ferrumequinum,0.021,0.021,-1,Echolocation,/mnt/ubna_data_02_mir/recover-20221013/UBNA_001/20221012_030000.WAV,Telephone Field,recover-20221013,001,1795
1175.0155,1175.0547,68437,82390,Rhinolophus ferrumequinum,0.021,0.021,-1,Echolocation,/mnt/ubna_data_02_mir/recover-20221013/UBNA_001/20221012_030000.WAV,Telephone Field,recover-20221013,001,1795
1175.0485,1175.0595,22890,27318,Nyctalus leisleri,0.011,0.022,-1,Echolocation,/mnt/ubna_data_02_mir/recover-20221013/UBNA_001/20221012_030000.WAV,Telephone Field,recover-20221013,001,1795
1175.0625,1175.0729,22890,28101,Nyctalus leisleri,0.01,0.021,-1,Echolocation,/mnt/ubna_data_02_mir/recover-20221013/UBNA_001/20221012_030000.WAV,Telephone Field,recover-20221013,001,1795
1175.0745,1175.0847,24609,31223,Nyctalus leisleri,0.009,0.023,-1,Echolocation,/mnt/ubna_data_02_mir/recover-20221013/UBNA_001/20221012_030000.WAV,Telephone Field,recover-20221013,001,1795
1175.0765,1175.1177,68437,82937,Rhinolophus ferrumequinum,0.029,0.029,-1,Echolocation,/mnt/ubna_data_02_mir/recover-20221013/UBNA_001/20221012_030000.WAV,Telephone Field,recover-20221013,001,1795
1175.1105,1175.1509,68437,82479,Rhinolophus ferrumequinum,0.023,0.023,-1,Echolocation,/mnt/ubna_data_02_mir/recover-20221013/UBNA_001/20221012_030000.WAV,Telephone Field,recover-20221013,001,1795
1175.1195,1175.133,22031,25727,Nyctalus leisleri,0.015,0.024,-1,Echolocation,/mnt/ubna_data_02_mir/recover-20221013/UBNA_001/20221012_030000.WAV,Telephone Field,recover-20221013,001,1795
1175.1265,1175.164,68437,82137,Rhinolophus ferrumequinum,0.022,0.022,-1,Echolocation,/mnt/ubna_data_02_mir/recover-20221013/UBNA_001/20221012_030000.WAV,Telephone Field,recover-20221013,001,1795
1175.1435,1175.1862,68437,82847,Rhinolophus ferrumequinum,0.023,0.023,-1,Echolocation,/mnt/ubna_data_02_mir/recover-20221013/UBNA_001/20221012_030000.WAV,Telephone Field,recover-20221013,001,1795
1175.1565,1175.1667,27187,35081,Eptesicus serotinus,0.011,0.022,-1,Echolocation,/mnt/ubna_data_02_mir/recover-20221013/UBNA_001/20221012_030000.WAV,Telephone Field,recover-20221013,001,1795
1175.1625,1175.1721,25468,32424,Eptesicus serotinus,0.007,0.021,-1,Echolocation,/mnt/ubna_data_02_mir/recover-20221013/UBNA_001/20221012_030000.WAV,Telephone Field,recover-20221013,001,1795
1175.1645,1175.1726,44375,49015,Pipistrellus pipistrellus,0.019,0.022,-1,Echolocation,/mnt/ubna_data_02_mir/recover-20221013/UBNA_001/20221012_030000.WAV,Telephone Field,recover-20221013,001,1795
1175.1875,1175.2256,68437,82371,Rhinolophus ferrumequinum,0.021,0.021,-1,Echolocation,/mnt/ubna_data_02_mir/recover-20221013/UBNA_001/20221012_030000.WAV,Telephone Field,recover-20221013,001,1795
1175.2045,1175.2412,68437,81289,Rhinolophus ferrumequinum,0.023,0.023,-1,Echolocation,/mnt/ubna_data_02_mir/recover-20221013/UBNA_001/20221012_030000.WAV,Telephone Field,recover-20221013,001,1795
1175.2125,1175.2509,68437,82277,Rhinolophus ferrumequinum,0.021,0.021,-1,Echolocation,/mnt/ubna_data_02_mir/recover-20221013/UBNA_001/20221012_030000.WAV,Telephone Field,recover-20221013,001,1795
1175.2415,1175.2798,68437,82130,Rhinolophus ferrumequinum,0.021,0.021,-1,Echolocation,/mnt/ubna_data_02_mir/recover-20221013/UBNA_001/20221012_030000.WAV,Telephone Field,recover-20221013,001,1795
1175.2725,1175.3092,68437,82372,Rhinolophus ferrumequinum,0.023,0.023,-1,Echolocation,/mnt/ubna_data_02_mir/recover-20221013/UBNA_001/20221012_030000.WAV,Telephone Field,recover-20221013,001,1795
1175.2825,1175.3194,68437,81838,Rhinolophus ferrumequinum,0.023,0.023,-1,Echolocation,/mnt/ubna_data_02_mir/recover-20221013/UBNA_001/20221012_030000.WAV,Telephone Field,recover-20221013,001,1795
1175.2825,1175.2934,22890,26777,Nyctalus leisleri,0.012,0.021,-1,Echolocation,/mnt/ubna_data_02_mir/recover-20221013/UBNA_001/20221012_030000.WAV,Telephone Field,recover-20221013,001,1795
1175.3195,1175.3596,68437,83128,Rhinolophus ferrumequinum,0.029,0.029,-1,Echolocation,/mnt/ubna_data_02_mir/recover-20221013/UBNA_001/20221012_030000.WAV,Telephone Field,recover-20221013,001,1795
1175.4665,1175.4759,28906,37173,Eptesicus serotinus,0.008,0.022,-1,Echolocation,/mnt/ubna_data_02_mir/recover-20221013/UBNA_001/20221012_030000.WAV,Telephone Field,recover-20221013,001,1795
1175.4725,1175.4895,20312,23479,Nyctalus leisleri,0.017,0.03,-1,Echolocation,/mnt/ubna_data_02_mir/recover-20221013/UBNA_001/20221012_030000.WAV,Telephone Field,recover-20221013,001,1795
1175.4735,1175.5158,68437,82594,Rhinolophus ferrumequinum,0.025,0.025,-1,Echolocation,/mnt/ubna_data_02_mir/recover-20221013/UBNA_001/20221012_030000.WAV,Telephone Field,recover-20221013,001,1795
1175.4845,1175.5248,68437,82667,Rhinolophus ferrumequinum,0.022,0.023,-1,Echolocation,/mnt/ubna_data_02_mir/recover-20221013/UBNA_001/20221012_030000.WAV,Telephone Field,recover-20221013,001,1795
1175.5135,1175.552,68437,81782,Rhinolophus ferrumequinum,0.021,0.021,-1,Echolocation,/mnt/ubna_data_02_mir/recover-20221013/UBNA_001/20221012_030000.WAV,Telephone Field,recover-20221013,001,1795
1175.5635,1175.5713,28906,38748,Eptesicus serotinus,0.007,0.021,-1,Echolocation,/mnt/ubna_data_02_mir/recover-20221013/UBNA_001/20221012_030000.WAV,Telephone Field,recover-20221013,001,1795
1175.5905,1175.6004,22890,29026,Nyctalus leisleri,0.008,0.021,-1,Echolocation,/mnt/ubna_data_02_mir/recover-20221013/UBNA_001/20221012_030000.WAV,Telephone Field,recover-20221013,001,1795
1175.6175,1175.654,68437,81121,Rhinolophus ferrumequinum,0.021,0.021,-1,Echolocation,/mnt/ubna_data_02_mir/recover-20221013/UBNA_001/20221012_030000.WAV,Telephone Field,recover-20221013,001,1795
1175.6515,1175.693,68437,83085,Rhinolophus ferrumequinum,0.036,0.036,-1,Echolocation,/mnt/ubna_data_02_mir/recover-20221013/UBNA_001/20221012_030000.WAV,Telephone Field,recover-20221013,001,1795
1175.7205,1175.7303,22031,27832,Nyctalus leisleri,0.008,0.022,-1,Echolocation,/mnt/ubna_data_02_mir/recover-20221013/UBNA_001/20221012_030000.WAV,Telephone Field,recover-20221013,001,1795
1175.7725,1175.7832,22031,26953,Nyctalus leisleri,0.01,0.022,-1,Echolocation,/mnt/ubna_data_02_mir/recover-20221013/UBNA_001/20221012_030000.WAV,Telephone Field,recover-20221013,001,1795
1175.7795,1175.7889,22031,28137,Plecotus austriacus,0.008,0.022,-1,Echolocation,/mnt/ubna_data_02_mir/recover-20221013/UBNA_001/20221012_030000.WAV,Telephone Field,recover-20221013,001,1795
1175.8075,1175.8149,26328,35942,Eptesicus serotinus,0.008,0.022,-1,Echolocation,/mnt/ubna_data_02_mir/recover-20221013/UBNA_001/20221012_030000.WAV,Telephone Field,recover-20221013,001,1795
1175.8225,1175.8617,68437,81859,Rhinolophus ferrumequinum,0.022,0.022,-1,Echolocation,/mnt/ubna_data_02_mir/recover-20221013/UBNA_001/20221012_030000.WAV,Telephone Field,recover-20221013,001,1795
1175.8285,1175.8666,68437,81572,Rhinolophus ferrumequinum,0.022,0.022,-1,Echolocation,/mnt/ubna_data_02_mir/recover-20221013/UBNA_001/20221012_030000.WAV,Telephone Field,recover-20221013,001,1795
1175.8405,1175.8599,20312,23296,Nyctalus leisleri,0.013,0.023,-1,Echolocation,/mnt/ubna_data_02_mir/recover-20221013/UBNA_001/20221012_030000.WAV,Telephone Field,recover-20221013,001,1795
1175.8505,1175.8863,68437,81023,Rhinolophus ferrumequinum,0.023,0.023,-1,Echolocation,/mnt/ubna_data_02_mir/recover-20221013/UBNA_001/20221012_030000.WAV,Telephone Field,recover-20221013,001,1795
1175.8635,1175.8698,48671,52881,Pipistrellus pipistrellus,0.021,0.023,-1,Echolocation,/mnt/ubna_data_02_mir/recover-20221013/UBNA_001/20221012_030000.WAV,Telephone Field,recover-20221013,001,1795
1175.8895,1175.8993,22031,27140,Nyctalus leisleri,0.009,0.021,-1,Echolocation,/mnt/ubna_data_02_mir/recover-20221013/UBNA_001/20221012_030000.WAV,Telephone Field,recover-20221013,001,1795
1175.9155,1175.9562,68437,82224,Rhinolophus ferrumequinum,0.021,0.021,-1,Echolocation,/mnt/ubna_data_02_mir/recover-20221013/UBNA_001/20221012_030000.WAV,Telephone Field,recover-20221013,001,1795
1175.9245,1175.9635,68437,82862,Rhinolophus ferrumequinum,0.023,0.023,-1,Echolocation,/mnt/ubna_data_02_mir/recover-20221013/UBNA_001/20221012_030000.WAV,Telephone Field,recover-20221013,001,1795
1175.9325,1175.9697,68437,82318,Rhinolophus ferrumequinum,0.021,0.021,-1,Echolocation,/mnt/ubna_data_02_mir/recover-20221013/UBNA_001/20221012_030000.WAV,Telephone Field,recover-20221013,001,1795
1175.9415,1175.9823,68437,82598,Rhinolophus ferrumequinum,0.024,0.024,-1,Echolocation,/mnt/ubna_data_02_mir/recover-20221013/UBNA_001/20221012_030000.WAV,Telephone Field,recover-20221013,001,1795
1175.9515,1175.988,68437,80836,Rhinolophus ferrumequinum,0.021,0.021,-1,Echolocation,/mnt/ubna_data_02_mir/recover-20221013/UBNA_001/20221012_030000.WAV,Telephone Field,recover-20221013,001,1795
1175.9565,1175.9658,28906,36959,Eptesicus serotinus,0.009,0.024,-1,Echolocation,/mnt/ubna_data_02_mir/recover-20221013/UBNA_001/20221012_030000.WAV,Telephone Field,recover-20221013,001,1795
1175.9855,1175.9947,26328,36060,Eptesicus serotinus,0.016,0.035,-1,Echolocation,/mnt/ubna_data_02_mir/recover-20221013/UBNA_001/20221012_030000.WAV,Telephone Field,recover-20221013,001,1795
1176.0015,1176.0096,22890,29917,Nyctalus leisleri,0.009,0.032,-1,Echolocation,/mnt/ubna_data_02_mir/recover-20221013/UBNA_001/20221012_030000.WAV,Telephone Field,recover-20221013,001,1795
1176.0015,1176.0368,68437,80504,Rhinolophus ferrumequinum,0.033,0.033,-1,Echolocation,/mnt/ubna_data_02_mir/recover-20221013/UBNA_001/20221012_030000.WAV,Telephone Field,recover-20221013,001,1795
1176.0085,1176.0531,68437,83058,Rhinolophus ferrumequinum,0.037,0.037,-1,Echolocation,/mnt/ubna_data_02_mir/recover-20221013/UBNA_001/20221012_030000.WAV,Telephone Field,recover-20221013,001,1795
1176.0155,1176.0243,27187,36621,Eptesicus serotinus,0.009,0.021,-1,Echolocation,/mnt/ubna_data_02_mir/recover-20221013/UBNA_001/20221012_030000.WAV,Telephone Field,recover-20221013,001,1795
1176.0215,1176.0628,68437,83030,Rhinolophus ferrumequinum,0.026,0.026,-1,Echolocation,/mnt/ubna_data_02_mir/recover-20221013/UBNA_001/20221012_030000.WAV,Telephone Field,recover-20221013,001,1795
1176.0415,1176.0806,68437,82060,Rhinolophus ferrumequinum,0.023,0.023,-1,Echolocation,/mnt/ubna_data_02_mir/recover-20221013/UBNA_001/20221012_030000.WAV,Telephone Field,recover-20221013,001,1795
1176.0425,1176.0508,28046,38544,Eptesicus serotinus,0.008,0.022,-1,Echolocation,/mnt/ubna_data_02_mir/recover-20221013/UBNA_001/20221012_030000.WAV,Telephone Field,recover-20221013,001,1795
1176.0495,1176.0573,28046,40509,Eptesicus serotinus,0.007,0.022,-1,Echolocation,/mnt/ubna_data_02_mir/recover-20221013/UBNA_001/20221012_030000.WAV,Telephone Field,recover-20221013,001,1795
1176.1225,1176.1589,68437,81683,Rhinolophus ferrumequinum,0.026,0.026,-1,Echolocation,/mnt/ubna_data_02_mir/recover-20221013/UBNA_001/20221012_030000.WAV,Telephone Field,recover-20221013,001,1795
1176.1325,1176.1425,29765,37459,Eptesicus serotinus,0.009,0.023,-1,Echolocation,/mnt/ubna_data_02_mir/recover-20221013/UBNA_001/20221012_030000.WAV,Telephone Field,recover-20221013,001,1795
1176.1355,1176.1713,68437,81950,Rhinolophus ferrumequinum,0.023,0.023,-1,Echolocation,/mnt/ubna_data_02_mir/recover-20221013/UBNA_001/20221012_030000.WAV,Telephone Field,recover-20221013,001,1795
1176.1545,1176.1913,68437,82384,Rhinolophus ferrumequinum,0.022,0.022,-1,Echolocation,/mnt/ubna_data_02_mir/recover-20221013/UBNA_001/20221012_030000.WAV,Telephone Field,recover-20221013,001,1795
1176.1625,1176.1693,24609,37821,Plecotus austriacus,0.008,0.026,-1,Echolocation,/mnt/ubna_data_02_mir/recover-20221013/UBNA_001/20221012_030000.WAV,Telephone Field,recover-20221013,001,1795
1176.1975,1176.2321,68437,80927,Rhinolophus ferrumequinum,0.021,0.021,-1,Echolocation,/mnt/ubna_data_02_mir/recover-20221013/UBNA_001/20221012_030000.WAV,Telephone Field,recover-20221013,001,1795
1176.2035,1176.2145,24609,31312,Nyctalus leisleri,0.009,0.024,-1,Echolocation,/mnt/ubna_data_02_mir/recover-20221013/UBNA_001/20221012_030000.WAV,Telephone Field,recover-20221013,001,1795
1176.2145,1176.252,68437,81809,Rhinolophus ferrumequinum,0.022,0.022,-1,Echolocation,/mnt/ubna_data_02_mir/recover-20221013/UBNA_001/20221012_030000.WAV,Telephone Field,recover-20221013,001,1795
1176.2235,1176.2377,23750,28549,Nyctalus leisleri,0.013,0.025,-1,Echolocation,/mnt/ubna_data_02_mir/recover-20221013/UBNA_001/20221012_030000.WAV,Telephone Field,recover-20221013,001,1795
1176.2645,1176.3023,68437,82435,Rhinolophus ferrumequinum,0.031,0.031,-1,Echolocation,/mnt/ubna_data_02_mir/recover-20221013/UBNA_001/20221012_030000.WAV,Telephone Field,recover-20221013,001,1795
1176.2725,1176.283,50390,56690,Pipistrellus pipistrellus,0.019,0.023,-1,Echolocation,/mnt/ubna_data_02_mir/recover-20221013/UBNA_001/20221012_030000.WAV,Telephone Field,recover-20221013,001,1795
1176.3555,1176.3955,68437,82694,Rhinolophus ferrumequinum,0.021,0.021,-1,Echolocation,/mnt/ubna_data_02_mir/recover-20221013/UBNA_001/20221012_030000.WAV,Telephone Field,recover-20221013,001,1795
1176.3985,1176.4057,24609,33280,Plecotus austriacus,0.008,0.021,-1,Echolocation,/mnt/ubna_data_02_mir/recover-20221013/UBNA_001/20221012_030000.WAV,Telephone Field,recover-20221013,001,1795
1176.4075,1176.4478,68437,82598,Rhinolophus ferrumequinum,0.026,0.026,-1,Echolocation,/mnt/ubna_data_02_mir/recover-20221013/UBNA_001/20221012_030000.WAV,Telephone Field,recover-20221013,001,1795
1176.4325,1176.4696,68437,82264,Rhinolophus ferrumequinum,0.029,0.029,-1,Echolocation,/mnt/ubna_data_02_mir/recover-20221013/UBNA_001/20221012_030000.WAV,Telephone Field,recover-20221013,001,1795
1176.4885,1176.4983,28906,37712,Eptesicus serotinus,0.009,0.022,-1,Echolocation,/mnt/ubna_data_02_mir/recover-20221013/UBNA_001/20221012_030000.WAV,Telephone Field,recover-20221013,001,1795
1176.5295,1176.5382,25468,34827,Eptesicus serotinus,0.007,0.021,-1,Echolocation,/mnt/ubna_data_02_mir/recover-20221013/UBNA_001/20221012_030000.WAV,Telephone Field,recover-20221013,001,1795
1176.5335,1176.5759,68437,82526,Rhinolophus ferrumequinum,0.022,0.022,-1,Echolocation,/mnt/ubna_data_02_mir/recover-20221013/UBNA_001/20221012_030000.WAV,Telephone Field,recover-20221013,001,1795
1176.5635,1176.5725,22890,29137,Nyctalus leisleri,0.007,0.021,-1,Echolocation,/mnt/ubna_data_02_mir/recover-20221013/UBNA_001/20221012_030000.WAV,Telephone Field,recover-20221013,001,1795
1176.6015,1176.6425,68437,82691,Rhinolophus ferrumequinum,0.023,0.023,-1,Echolocation,/mnt/ubna_data_02_mir/recover-20221013/UBNA_001/20221012_030000.WAV,Telephone Field,recover-20221013,001,1795
1176.6105,1176.649,68437,82779,Rhinolophus ferrumequinum,0.024,0.024,-1,Echolocation,/mnt/ubna_data_02_mir/recover-20221013/UBNA_001/20221012_030000.WAV,Telephone Field,recover-20221013,001,1795
1176.7085,1176.7164,23750,32736,Plecotus austriacus,0.008,0.022,-1,Echolocation,/mnt/ubna_data_02_mir/recover-20221013/UBNA_001/20221012_030000.WAV,Telephone Field,recover-20221013,001,1795
1176.7245,1176.7369,23750,29327,Nyctalus leisleri,0.01,0.023,-1,Echolocation,/mnt/ubna_data_02_mir/recover-20221013/UBNA_001/20221012_030000.WAV,Telephone Field,recover-20221013,001,1795
1176.7265,1176.7696,68437,82822,Rhinolophus ferrumequinum,0.032,0.032,-1,Echolocation,/mnt/ubna_data_02_mir/recover-20221013/UBNA_001/20221012_030000.WAV,Telephone Field,recover-20221013,001,1795
1176.7435,1176.75,28046,40537,Eptesicus serotinus,0.006,0.023,-1,Echolocation,/mnt/ubna_data_02_mir/recover-20221013/UBNA_001/20221012_030000.WAV,Telephone Field,recover-20221013,001,1795
1176.7765,1176.7821,27187,42915,Plecotus auritus,0.005,0.025,-1,Echolocation,/mnt/ubna_data_02_mir/recover-20221013/UBNA_001/20221012_030000.WAV,Telephone Field,recover-20221013,001,1795
1176.7995,1176.838,68437,82216,Rhinolophus ferrumequinum,0.021,0.021,-1,Echolocation,/mnt/ubna_data_02_mir/recover-20221013/UBNA_001/20221012_030000.WAV,Telephone Field,recover-20221013,001,1795
1176.8495,1176.8879,68437,81735,Rhinolophus ferrumequinum,0.022,0.022,-1,Echolocation,/mnt/ubna_data_02_mir/recover-20221013/UBNA_001/20221012_030000.WAV,Telephone Field,recover-20221013,001,1795
1176.8725,1176.9109,68437,82775,Rhinolophus ferrumequinum,0.022,0.022,-1,Echolocation,/mnt/ubna_data_02_mir/recover-20221013/UBNA_001/20221012_030000.WAV,Telephone Field,recover-20221013,001,1795
1176.9355,1176.9731,68437,81687,Rhinolophus ferrumequinum,0.022,0.022,-1,Echolocation,/mnt/ubna_data_02_mir/recover-20221013/UBNA_001/20221012_030000.WAV,Telephone Field,recover-20221013,001,1795
1177.0035,1177.0159,32343,38186,Eptesicus serotinus,0.016,0.051,-1,Echolocation,/mnt/ubna_data_02_mir/recover-20221013/UBNA_001/20221012_030000.WAV,Telephone Field,recover-20221013,001,1795
1177.0265,1177.0408,15156,20933,Nyctalus noctula,0.019,0.027,-1,Echolocation,/mnt/ubna_data_02_mir/recover-20221013/UBNA_001/20221012_030000.WAV,Telephone Field,recover-20221013,001,1795
1177.0325,1177.0742,68437,82466,Rhinolophus ferrumequinum,0.024,0.024,-1,Echolocation,/mnt/ubna_data_02_mir/recover-20221013/UBNA_001/20221012_030000.WAV,Telephone Field,recover-20221013,001,1795
1177.0765,1177.1126,68437,82084,Rhinolophus ferrumequinum,0.027,0.027,-1,Echolocation,/mnt/ubna_data_02_mir/recover-20221013/UBNA_001/20221012_030000.WAV,Telephone Field,recover-20221013,001,1795
1177.0935,1177.1046,22890,27151,Nyctalus leisleri,0.013,0.024,-1,Echolocation,/mnt/ubna_data_02_mir/recover-20221013/UBNA_001/20221012_030000.WAV,Telephone Field,recover-20221013,001,1795
1177.1115,1177.1525,68437,82434,Rhinolophus ferrumequinum,0.028,0.028,-1,Echolocation,/mnt/ubna_data_02_mir/recover-20221013/UBNA_001/20221012_030000.WAV,Telephone Field,recover-20221013,001,1795
1177.1405,1177.1795,68437,82411,Rhinolophus ferrumequinum,0.022,0.022,-1,Echolocation,/mnt/ubna_data_02_mir/recover-20221013/UBNA_001/20221012_030000.WAV,Telephone Field,recover-20221013,001,1795
1177.1675,1177.2076,68437,82702,Rhinolophus ferrumequinum,0.025,0.025,-1,Echolocation,/mnt/ubna_data_02_mir/recover-20221013/UBNA_001/20221012_030000.WAV,Telephone Field,recover-20221013,001,1795
1177.1935,1177.201,28046,37802,Eptesicus serotinus,0.008,0.023,-1,Echolocation,/mnt/ubna_data_02_mir/recover-20221013/UBNA_001/20221012_030000.WAV,Telephone Field,recover-20221013,001,1795
1177.2165,1177.2543,68437,82449,Rhinolophus ferrumequinum,0.023,0.023,-1,Echolocation,/mnt/ubna_data_02_mir/recover-20221013/UBNA_001/20221012_030000.WAV,Telephone Field,recover-20221013,001,1795
1177.2245,1177.2327,25468,34598,Eptesicus serotinus,0.008,0.023,-1,Echolocation,/mnt/ubna_data_02_mir/recover-20221013/UBNA_001/20221012_030000.WAV,Telephone Field,recover-20221013,001,1795
1177.2625,1177.3054,68437,83751,Rhinolophus ferrumequinum,0.027,0.027,-1,Echolocation,/mnt/ubna_data_02_mir/recover-20221013/UBNA_001/20221012_030000.WAV,Telephone Field,recover-20221013,001,1795
1177.2925,1177.3008,24609,32837,Nyctalus leisleri,0.006,0.022,-1,Echolocation,/mnt/ubna_data_02_mir/recover-20221013/UBNA_001/20221012_030000.WAV,Telephone Field,recover-20221013,001,1795
1177.2985,1177.3416,68437,83426,Rhinolophus ferrumequinum,0.032,0.032,-1,Echolocation,/mnt/ubna_data_02_mir/recover-20221013/UBNA_001/20221012_030000.WAV,Telephone Field,recover-20221013,001,1795
1177.3295,1177.3715,68437,83048,Rhinolophus ferrumequinum,0.03,0.03,-1,Echolocation,/mnt/ubna_data_02_mir/recover-20221013/UBNA_001/20221012_030000.WAV,Telephone Field,recover-20221013,001,1795
1177.4895,1177.5286,68437,82872,Rhinolophus ferrumequinum,0.022,0.022,-1,Echolocation,/mnt/ubna_data_02_mir/recover-20221013/UBNA_001/20221012_030000.WAV,Telephone Field,recover-20221013,001,1795
1177.4985,1177.5374,68437,82242,Rhinolophus ferrumequinum,0.028,0.028,-1,Echolocation,/mnt/ubna_data_02_mir/recover-20221013/UBNA_001/20221012_030000.WAV,Telephone Field,recover-20221013,001,1795
1177.5215,1177.5593,68437,82456,Rhinolophus ferrumequinum,0.021,0.021,-1,Echolocation,/mnt/ubna_data_02_mir/recover-20221013/UBNA_001/20221012_030000.WAV,Telephone Field,recover-20221013,001,1795
1177.5335,1177.5433,23750,30913,Nyctalus leisleri,0.007,0.023,-1,Echolocation,/mnt/ubna_data_02_mir/recover-20221013/UBNA_001/20221012_030000.WAV,Telephone Field,recover-20221013,001,1795
1177.5955,1177.6055,27187,36022,Eptesicus serotinus,0.009,0.021,-1,Echolocation,/mnt/ubna_data_02_mir/recover-20221013/UBNA_001/20221012_030000.WAV,Telephone Field,recover-20221013,001,1795
1177.5975,1177.6418,68437,83474,Rhinolophus ferrumequinum,0.032,0.032,-1,Echolocation,/mnt/ubna_data_02_mir/recover-20221013/UBNA_001/20221012_030000.WAV,Telephone Field,recover-20221013,001,1795
1177.6995,1177.7068,26328,40340,Eptesicus serotinus,0.006,0.022,-1,Echolocation,/mnt/ubna_data_02_mir/recover-20221013/UBNA_001/20221012_030000.WAV,Telephone Field,recover-20221013,001,1795
1177.7495,1177.7571,25468,34729,Eptesicus serotinus,0.006,0.022,-1,Echolocation,/mnt/ubna_data_02_mir/recover-20221013/UBNA_001/20221012_030000.WAV,Telephone Field,recover-20221013,001,1795
1177.8535,1177.8676,22890,27118,Nyctalus leisleri,0.014,0.024,-1,Echolocation,/mnt/ubna_data_02_mir/recover-20221013/UBNA_001/20221012_030000.WAV,Telephone Field,recover-20221013,001,1795
1177.8685,1177.9006,69296,80249,Rhinolophus ferrumequinum,0.027,0.027,-1,Echolocation,/mnt/ubna_data_02_mir/recover-20221013/UBNA_001/20221012_030000.WAV,Telephone Field,recover-20221013,001,1795
1177.8995,1177.9364,68437,81446,Rhinolophus ferrumequinum,0.023,0.023,-1,Echolocation,/mnt/ubna_data_02_mir/recover-20221013/UBNA_001/20221012_030000.WAV,Telephone Field,recover-20221013,001,1795
1177.9475,1177.9858,68437,81559,Rhinolophus ferrumequinum,0.025,0.025,-1,Echolocation,/mnt/ubna_data_02_mir/recover-20221013/UBNA_001/20221012_030000.WAV,Telephone Field,recover-20221013,001,1795
1177.9865,1177.9959,28906,38546,Eptesicus serotinus,0.013,0.031,-1,Echolocation,/mnt/ubna_data_02_mir/recover-20221013/UBNA_001/20221012_030000.WAV,Telephone Field,recover-20221013,001,1795
1178.0015,1178.0098,26328,35986,Nyctalus leisleri,0.012,0.039,-1,Echolocation,/mnt/ubna_data_02_mir/recover-20221013/UBNA_001/20221012_030000.WAV,Telephone Field,recover-20221013,001,1795
1178.0015,1178.0348,68437,80138,Rhinolophus ferrumequinum,0.031,0.032,-1,Echolocation,/mnt/ubna_data_02_mir/recover-20221013/UBNA_001/20221012_030000.WAV,Telephone Field,recover-20221013,001,1795
1178.0225,1178.0314,23750,31432,Nyctalus leisleri,0.006,0.022,-1,Echolocation,/mnt/ubna_data_02_mir/recover-20221013/UBNA_001/20221012_030000.WAV,Telephone Field,recover-20221013,001,1795
1178.0395,1178.0759,68437,82177,Rhinolophus ferrumequinum,0.021,0.021,-1,Echolocation,/mnt/ubna_data_02_mir/recover-20221013/UBNA_001/20221012_030000.WAV,Telephone Field,recover-20221013,001,1795
1178.0535,1178.061,58125,64908,Pipistrellus pygmaeus,0.039,0.04,-1,Echolocation,/mnt/ubna_data_02_mir/recover-20221013/UBNA_001/20221012_030000.WAV,Telephone Field,recover-20221013,001,1795
1178.0605,1178.0975,68437,81503,Rhinolophus ferrumequinum,0.022,0.022,-1,Echolocation,/mnt/ubna_data_02_mir/recover-20221013/UBNA_001/20221012_030000.WAV,Telephone Field,recover-20221013,001,1795
1178.1285,1178.1692,68437,82694,Rhinolophus ferrumequinum,0.024,0.024,-1,Echolocation,/mnt/ubna_data_02_mir/recover-20221013/UBNA_001/20221012_030000.WAV,Telephone Field,recover-20221013,001,1795
1178.1415,1178.1813,68437,81912,Rhinolophus ferrumequinum,0.024,0.024,-1,Echolocation,/mnt/ubna_data_02_mir/recover-20221013/UBNA_001/20221012_030000.WAV,Telephone Field,recover-20221013,001,1795
1178.1635,1178.2001,68437,81682,Rhinolophus ferrumequinum,0.021,0.021,-1,Echolocation,/mnt/ubna_data_02_mir/recover-20221013/UBNA_001/20221012_030000.WAV,Telephone Field,recover-20221013,001,1795
1178.2165,1178.2539,68437,81899,Rhinolophus ferrumequinum,0.021,0.022,-1,Echolocation,/mnt/ubna_data_02_mir/recover-20221013/UBNA_001/20221012_030000.WAV,Telephone Field,recover-20221013,001,1795
1178.2305,1178.2708,68437,82397,Rhinolophus ferrumequinum,0.022,0.022,-1,Echolocation,/mnt/ubna_data_02_mir/recover-20221013/UBNA_001/20221012_030000.WAV,Telephone Field,recover-20221013,001,1795
1178.2345,1178.243,23750,32314,Plecotus austriacus,0.008,0.023,-1,Echolocation,/mnt/ubna_data_02_mir/recover-20221013/UBNA_001/20221012_030000.WAV,Telephone Field,recover-20221013,001,1795
1178.2345,1178.2422,49531,56497,Pipistrellus pipistrellus,0.02,0.023,-1,Echolocation,/mnt/ubna_data_02_mir/recover-20221013/UBNA_001/20221012_030000.WAV,Telephone Field,recover-20221013,001,1795
1178.3005,1178.3072,23750,37920,Plecotus austriacus,0.01,0.025,-1,Echolocation,/mnt/ubna_data_02_mir/recover-20221013/UBNA_001/20221012_030000.WAV,Telephone Field,recover-20221013,001,1795
1178.3005,1178.307,33203,43316,Myotis daubentonii,0.011,0.027,-1,Echolocation,/mnt/ubna_data_02_mir/recover-20221013/UBNA_001/20221012_030000.WAV,Telephone Field,recover-20221013,001,1795
1178.3185,1178.3645,68437,83854,Rhinolophus ferrumequinum,0.048,0.048,-1,Echolocation,/mnt/ubna_data_02_mir/recover-20221013/UBNA_001/20221012_030000.WAV,Telephone Field,recover-20221013,001,1795
1178.3715,1178.4103,68437,82035,Rhinolophus ferrumequinum,0.024,0.024,-1,Echolocation,/mnt/ubna_data_02_mir/recover-20221013/UBNA_001/20221012_030000.WAV,Telephone Field,recover-20221013,001,1795
1178.4145,1178.4535,68437,81957,Rhinolophus ferrumequinum,0.025,0.025,-1,Echolocation,/mnt/ubna_data_02_mir/recover-20221013/UBNA_001/20221012_030000.WAV,Telephone Field,recover-20221013,001,1795
1178.4515,1178.4618,28906,36386,Eptesicus serotinus,0.01,0.024,-1,Echolocation,/mnt/ubna_data_02_mir/recover-20221013/UBNA_001/20221012_030000.WAV,Telephone Field,recover-20221013,001,1795
1178.4545,1178.4943,68437,81947,Rhinolophus ferrumequinum,0.021,0.021,-1,Echolocation,/mnt/ubna_data_02_mir/recover-20221013/UBNA_001/20221012_030000.WAV,Telephone Field,recover-20221013,001,1795
1178.4985,1178.5375,68437,81654,Rhinolophus ferrumequinum,0.021,0.021,-1,Echolocation,/mnt/ubna_data_02_mir/recover-20221013/UBNA_001/20221012_030000.WAV,Telephone Field,recover-20221013,001,1795
1178.5115,1178.5249,22031,25587,Nyctalus leisleri,0.019,0.031,-1,Echolocation,/mnt/ubna_data_02_mir/recover-20221013/UBNA_001/20221012_030000.WAV,Telephone Field,recover-20221013,001,1795
1178.5555,1178.5939,68437,81788,Rhinolophus ferrumequinum,0.024,0.024,-1,Echolocation,/mnt/ubna_data_02_mir/recover-20221013/UBNA_001/20221012_030000.WAV,Telephone Field,recover-20221013,001,1795
1178.5775,1178.5859,24609,32727,Plecotus austriacus,0.006,0.022,-1,Echolocation,/mnt/ubna_data_02_mir/recover-20221013/UBNA_001/20221012_030000.WAV,Telephone Field,recover-20221013,001,1795
1178.5805,1178.6193,68437,82516,Rhinolophus ferrumequinum,0.035,0.035,-1,Echolocation,/mnt/ubna_data_02_mir/recover-20221013/UBNA_001/20221012_030000.WAV,Telephone Field,recover-20221013,001,1795
1178.5935,1178.6299,68437,81096,Rhinolophus ferrumequinum,0.022,0.022,-1,Echolocation,/mnt/ubna_data_02_mir/recover-20221013/UBNA_001/20221012_030000.WAV,Telephone Field,recover-20221013,001,1795
1178.6245,1178.6635,68437,81702,Rhinolophus ferrumequinum,0.022,0.022,-1,Echolocation,/mnt/ubna_data_02_mir/recover-20221013/UBNA_001/20221012_030000.WAV,Telephone Field,recover-20221013,001,1795
1178.6465,1178.6576,22031,26765,Nyctalus leisleri,0.01,0.021,-1,Echolocation,/mnt/ubna_data_02_mir/recover-20221013/UBNA_001/20221012_030000.WAV,Telephone Field,recover-20221013,001,1795
1178.6725,1178.7095,68437,81950,Rhinolophus ferrumequinum,0.023,0.023,-1,Echolocation,/mnt/ubna_data_02_mir/recover-20221013/UBNA_001/20221012_030000.WAV,Telephone Field,recover-20221013,001,1795
1178.6985,1178.7086,44375,47087,Pipistrellus pipistrellus,0.027,0.029,-1,Echolocation,/mnt/ubna_data_02_mir/recover-20221013/UBNA_001/20221012_030000.WAV,Telephone Field,recover-20221013,001,1795
1178.7045,1178.7157,22031,26670,Nyctalus leisleri,0.012,0.022,-1,Echolocation,/mnt/ubna_data_02_mir/recover-20221013/UBNA_001/20221012_030000.WAV,Telephone Field,recover-20221013,001,1795
1178.7115,1178.7227,22031,26570,Nyctalus leisleri,0.011,0.022,-1,Echolocation,/mnt/ubna_data_02_mir/recover-20221013/UBNA_001/20221012_030000.WAV,Telephone Field,recover-20221013,001,1795
1178.7315,1178.7409,28906,39893,Eptesicus serotinus,0.009,0.023,-1,Echolocation,/mnt/ubna_data_02_mir/recover-20221013/UBNA_001/20221012_030000.WAV,Telephone Field,recover-20221013,001,1795
1178.7365,1178.7479,35781,41431,Eptesicus serotinus,0.007,0.026,-1,Echolocation,/mnt/ubna_data_02_mir/recover-20221013/UBNA_001/20221012_030000.WAV,Telephone Field,recover-20221013,001,1795
1178.7365,1178.7737,68437,81446,Rhinolophus ferrumequinum,0.021,0.021,-1,Echolocation,/mnt/ubna_data_02_mir/recover-20221013/UBNA_001/20221012_030000.WAV,Telephone Field,recover-20221013,001,1795
1178.7465,1178.7537,28046,44290,Eptesicus serotinus,0.006,0.021,-1,Echolocation,/mnt/ubna_data_02_mir/recover-20221013/UBNA_001/20221012_030000.WAV,Telephone Field,recover-20221013,001,1795
1178.7475,1178.7885,68437,83212,Rhinolophus ferrumequinum,0.031,0.031,-1,Echolocation,/mnt/ubna_data_02_mir/recover-20221013/UBNA_001/20221012_030000.WAV,Telephone Field,recover-20221013,001,1795
1178.7595,1178.8026,68437,83475,Rhinolophus ferrumequinum,0.039,0.039,-1,Echolocation,/mnt/ubna_data_02_mir/recover-20221013/UBNA_001/20221012_030000.WAV,Telephone Field,recover-20221013,001,1795
1178.7815,1178.79,23750,32049,Plecotus austriacus,0.011,0.028,-1,Echolocation,/mnt/ubna_data_02_mir/recover-20221013/UBNA_001/20221012_030000.WAV,Telephone Field,recover-20221013,001,1795
1178.7845,1178.8228,68437,82181,Rhinolophus ferrumequinum,0.022,0.022,-1,Echolocation,/mnt/ubna_data_02_mir/recover-20221013/UBNA_001/20221012_030000.WAV,Telephone Field,recover-20221013,001,1795
1178.7995,1178.8363,68437,82044,Rhinolophus ferrumequinum,0.022,0.022,-1,Echolocation,/mnt/ubna_data_02_mir/recover-20221013/UBNA_001/20221012_030000.WAV,Telephone Field,recover-20221013,001,1795
1178.8315,1178.8668,68437,81213,Rhinolophus ferrumequinum,0.022,0.022,-1,Echolocation,/mnt/ubna_data_02_mir/recover-20221013/UBNA_001/20221012_030000.WAV,Telephone Field,recover-20221013,001,1795
1178.8595,1178.8684,26328,34071,Eptesicus serotinus,0.008,0.022,-1,Echolocation,/mnt/ubna_data_02_mir/recover-20221013/UBNA_001/20221012_030000.WAV,Telephone Field,recover-20221013,001,1795
1178.8735,1178.9125,68437,82458,Rhinolophus ferrumequinum,0.034,0.034,-1,Echolocation,/mnt/ubna_data_02_mir/recover-20221013/UBNA_001/20221012_030000.WAV,Telephone Field,recover-20221013,001,1795
1178.8825,1178.8923,22890,28698,Nyctalus leisleri,0.009,0.022,-1,Echolocation,/mnt/ubna_data_02_mir/recover-20221013/UBNA_001/20221012_030000.WAV,Telephone Field,recover-20221013,001,1795
1178.8965,1178.9372,68437,82666,Rhinolophus ferrumequinum,0.041,0.041,-1,Echolocation,/mnt/ubna_data_02_mir/recover-20221013/UBNA_001/20221012_030000.WAV,Telephone Field,recover-20221013,001,1795
1178.9095,1178.921,22031,26278,Nyctalus leisleri,0.013,0.024,-1,Echolocation,/mnt/ubna_data_02_mir/recover-20221013/UBNA_001/20221012_030000.WAV,Telephone Field,recover-20221013,001,1795
1178.9205,1178.9575,68437,81357,Rhinolophus ferrumequinum,0.021,0.021,-1,Echolocation,/mnt/ubna_data_02_mir/recover-20221013/UBNA_001/20221012_030000.WAV,Telephone Field,recover-20221013,001,1795
1178.9475,1178.9569,22890,29315,Nyctalus leisleri,0.007,0.022,-1,Echolocation,/mnt/ubna_data_02_mir/recover-20221013/UBNA_001/20221012_030000.WAV,Telephone Field,recover-20221013,001,1795
1178.9565,1178.9961,68437,82210,Rhinolophus ferrumequinum,0.035,0.035,-1,Echolocation,/mnt/ubna_data_02_mir/recover-20221013/UBNA_001/20221012_030000.WAV,Telephone Field,recover-20221013,001,1795
1178.9745,1178.9832,26328,36855,Eptesicus serotinus,0.01,0.025,-1,Echolocation,/mnt/ubna_data_02_mir/recover-20221013/UBNA_001/20221012_030000.WAV,Telephone Field,recover-20221013,001,1795
1178.9915,1179.0297,68437,81784,Rhinolophus ferrumequinum,0.023,0.023,-1,Echolocation,/mnt/ubna_data_02_mir/recover-20221013/UBNA_001/20221012_030000.WAV,Telephone Field,recover-20221013,001,1795
1179.0425,1179.082,68437,81822,Rhinolophus ferrumequinum,0.024,0.024,-1,Echolocation,/mnt/ubna_data_02_mir/recover-20221013/UBNA_001/20221012_030000.WAV,Telephone Field,recover-20221013,001,1795
1179.0515,1179.0858,68437,81146,Rhinolophus ferrumequinum,0.024,0.024,-1,Echolocation,/mnt/ubna_data_02_mir/recover-20221013/UBNA_001/20221012_030000.WAV,Telephone Field,recover-20221013,001,1795
1179.0585,1179.0942,68437,81645,Rhinolophus ferrumequinum,0.021,0.021,-1,Echolocation,/mnt/ubna_data_02_mir/recover-20221013/UBNA_001/20221012_030000.WAV,Telephone Field,recover-20221013,001,1795
1179.0675,1179.078,22890,29127,Nyctalus leisleri,0.011,0.029,-1,Echolocation,/mnt/ubna_data_02_mir/recover-20221013/UBNA_001/20221012_030000.WAV,Telephone Field,recover-20221013,001,1795
1179.0815,1179.1222,68437,82331,Rhinolophus ferrumequinum,0.021,0.021,-1,Echolocation,/mnt/ubna_data_02_mir/recover-20221013/UBNA_001/20221012_030000.WAV,Telephone Field,recover-20221013,001,1795
1179.0815,1179.0914,28046,36697,Eptesicus serotinus,0.019,0.032,-1,Echolocation,/mnt/ubna_data_02_mir/recover-20221013/UBNA_001/20221012_030000.WAV,Telephone Field,recover-20221013,001,1795
1179.1185,1179.1578,68437,82147,Rhinolophus ferrumequinum,0.022,0.022,-1,Echolocation,/mnt/ubna_data_02_mir/recover-20221013/UBNA_001/20221012_030000.WAV,Telephone Field,recover-20221013,001,1795
1179.1275,1179.1639,68437,81858,Rhinolophus ferrumequinum,0.023,0.023,-1,Echolocation,/mnt/ubna_data_02_mir/recover-20221013/UBNA_001/20221012_030000.WAV,Telephone Field,recover-20221013,001,1795
1179.1405,1179.1764,68437,81496,Rhinolophus ferrumequinum,0.023,0.023,-1,Echolocation,/mnt/ubna_data_02_mir/recover-20221013/UBNA_001/20221012_030000.WAV,Telephone Field,recover-20221013,001,1795
1179.1615,1179.1998,68437,82254,Rhinolophus ferrumequinum,0.024,0.024,-1,Echolocation,/mnt/ubna_data_02_mir/recover-20221013/UBNA_001/20221012_030000.WAV,Telephone Field,recover-20221013,001,1795
1179.1705,1179.2112,68437,82744,Rhinolophus ferrumequinum,0.025,0.025,-1,Echolocation,/mnt/ubna_data_02_mir/recover-20221013/UBNA_001/20221012_030000.WAV,Telephone Field,recover-20221013,001,1795
1179.1795,1179.2197,68437,82231,Rhinolophus ferrumequinum,0.03,0.03,-1,Echolocation,/mnt/ubna_data_02_mir/recover-20221013/UBNA_001/20221012_030000.WAV,Telephone Field,recover-20221013,001,1795
1179.1985,1179.2085,28046,35601,Eptesicus serotinus,0.008,0.021,-1,Echolocation,/mnt/ubna_data_02_mir/recover-20221013/UBNA_001/20221012_030000.WAV,Telephone Field,recover-20221013,001,1795
1179.2145,1179.2531,68437,81801,Rhinolophus ferrumequinum,0.023,0.023,-1,Echolocation,/mnt/ubna_data_02_mir/recover-20221013/UBNA_001/20221012_030000.WAV,Telephone Field,recover-20221013,001,1795
1179.2255,1179.2641,68437,82118,Rhinolophus ferrumequinum,0.021,0.021,-1,Echolocation,/mnt/ubna_data_02_mir/recover-20221013/UBNA_001/20221012_030000.WAV,Telephone Field,recover-20221013,001,1795
1179.2565,1179.2952,68437,82172,Rhinolophus ferrumequinum,0.022,0.022,-1,Echolocation,/mnt/ubna_data_02_mir/recover-20221013/UBNA_001/20221012_030000.WAV,Telephone Field,recover-20221013,001,1795
1179.2625,1179.3016,68437,82254,Rhinolophus ferrumequinum,0.022,0.022,-1,Echolocation,/mnt/ubna_data_02_mir/recover-20221013/UBNA_001/20221012_030000.WAV,Telephone Field,recover-20221013,001,1795
1179.2705,1179.3099,68437,81985,Rhinolophus ferrumequinum,0.022,0.022,-1,Echolocation,/mnt/ubna_data_02_mir/recover-20221013/UBNA_001/20221012_030000.WAV,Telephone Field,recover-20221013,001,1795
1179.2745,1179.2854,22031,26535,Nyctalus leisleri,0.013,0.026,-1,Echolocation,/mnt/ubna_data_02_mir/recover-20221013/UBNA_001/20221012_030000.WAV,Telephone Field,recover-20221013,001,1795
1179.2995,1179.3108,22890,28225,Nyctalus leisleri,0.01,0.022,-1,Echolocation,/mnt/ubna_data_02_mir/recover-20221013/UBNA_001/20221012_030000.WAV,Telephone Field,recover-20221013,001,1795
1179.3155,1179.3512,68437,81165,Rhinolophus ferrumequinum,0.022,0.022,-1,Echolocation,/mnt/ubna_data_02_mir/recover-20221013/UBNA_001/20221012_030000.WAV,Telephone Field,recover-20221013,001,1795
1179.3345,1179.3452,23750,29226,Nyctalus leisleri,0.012,0.026,-1,Echolocation,/mnt/ubna_data_02_mir/recover-20221013/UBNA_001/20221012_030000.WAV,Telephone Field,recover-20221013,001,1795
1179.3465,1179.3852,68437,82620,Rhinolophus ferrumequinum,0.023,0.023,-1,Echolocation,/mnt/ubna_data_02_mir/recover-20221013/UBNA_001/20221012_030000.WAV,Telephone Field,recover-20221013,001,1795
1179.3645,1179.3732,26328,36150,Eptesicus serotinus,0.009,0.023,-1,Echolocation,/mnt/ubna_data_02_mir/recover-20221013/UBNA_001/20221012_030000.WAV,Telephone Field,recover-20221013,001,1795
1179.3915,1179.4293,68437,82106,Rhinolophus ferrumequinum,0.023,0.023,-1,Echolocation,/mnt/ubna_data_02_mir/recover-20221013/UBNA_001/20221012_030000.WAV,Telephone Field,recover-20221013,001,1795
1179.3955,1179.4058,28906,38327,Eptesicus serotinus,0.008,0.021,-1,Echolocation,/mnt/ubna_data_02_mir/recover-20221013/UBNA_001/20221012_030000.WAV,Telephone Field,recover-20221013,001,1795
1179.4085,1179.418,27187,35131,Eptesicus serotinus,0.01,0.023,-1,Echolocation,/mnt/ubna_data_02_mir/recover-20221013/UBNA_001/20221012_030000.WAV,Telephone Field,recover-20221013,001,1795
1179.4115,1179.4493,68437,82321,Rhinolophus ferrumequinum,0.023,0.023,-1,Echolocation,/mnt/ubna_data_02_mir/recover-20221013/UBNA_001/20221012_030000.WAV,Telephone Field,recover-20221013,001,1795
1179.4285,1179.4675,68437,82343,Rhinolophus ferrumequinum,0.021,0.021,-1,Echolocation,/mnt/ubna_data_02_mir/recover-20221013/UBNA_001/20221012_030000.WAV,Telephone Field,recover-20221013,001,1795
1179.4535,1179.462,28906,39592,Eptesicus serotinus,0.008,0.023,-1,Echolocation,/mnt/ubna_data_02_mir/recover-20221013/UBNA_001/20221012_030000.WAV,Telephone Field,recover-20221013,001,1795
1179.4655,1179.5034,68437,82419,Rhinolophus ferrumequinum,0.022,0.022,-1,Echolocation,/mnt/ubna_data_02_mir/recover-20221013/UBNA_001/20221012_030000.WAV,Telephone Field,recover-20221013,001,1795
1179.4725,1179.4823,22890,29336,Nyctalus leisleri,0.011,0.03,-1,Echolocation,/mnt/ubna_data_02_mir/recover-20221013/UBNA_001/20221012_030000.WAV,Telephone Field,recover-20221013,001,1795
1179.4945,1179.5104,57265,63221,Pipistrellus pygmaeus,0.02,0.021,-1,Echolocation,/mnt/ubna_data_02_mir/recover-20221013/UBNA_001/20221012_030000.WAV,Telephone Field,recover-20221013,001,1795
1179.4975,1179.5058,23750,32147,Plecotus austriacus,0.008,0.021,-1,Echolocation,/mnt/ubna_data_02_mir/recover-20221013/UBNA_001/20221012_030000.WAV,Telephone Field,recover-20221013,001,1795
1179.5165,1179.555,68437,81918,Rhinolophus ferrumequinum,0.022,0.022,-1,Echolocation,/mnt/ubna_data_02_mir/recover-20221013/UBNA_001/20221012_030000.WAV,Telephone Field,recover-20221013,001,1795
1179.5255,1179.5612,68437,82040,Rhinolophus ferrumequinum,0.021,0.021,-1,Echolocation,/mnt/ubna_data_02_mir/recover-20221013/UBNA_001/20221012_030000.WAV,Telephone Field,recover-20221013,001,1795
1179.5335,1179.5436,24609,32217,Nyctalus leisleri,0.008,0.025,-1,Echolocation,/mnt/ubna_data_02_mir/recover-20221013/UBNA_001/20221012_030000.WAV,Telephone Field,recover-20221013,001,1795
1179.5375,1179.5765,68437,82880,Rhinolophus ferrumequinum,0.023,0.023,-1,Echolocation,/mnt/ubna_data_02_mir/recover-20221013/UBNA_001/20221012_030000.WAV,Telephone Field,recover-20221013,001,1795
1179.5595,1179.5955,68437,82309,Rhinolophus ferrumequinum,0.023,0.023,-1,Echolocation,/mnt/ubna_data_02_mir/recover-20221013/UBNA_001/20221012_030000.WAV,Telephone Field,recover-20221013,001,1795
1179.5725,1179.6117,68437,81959,Rhinolophus ferrumequinum,0.023,0.023,-1,Echolocation,/mnt/ubna_data_02_mir/recover-20221013/UBNA_001/20221012_030000.WAV,Telephone Field,recover-20221013,001,1795
1179.6015,1179.611,37500,44536,Barbastellus barbastellus,0.006,0.021,-1,Echolocation,/mnt/ubna_data_02_mir/recover-20221013/UBNA_001/20221012_030000.WAV,Telephone Field,recover-20221013,001,1795
1179.6225,1179.6599,68437,81927,Rhinolophus ferrumequinum,0.025,0.025,-1,Echolocation,/mnt/ubna_data_02_mir/recover-20221013/UBNA_001/20221012_030000.WAV,Telephone Field,recover-20221013,001,1795
1179.6465,1179.6559,22031,27888,Plecotus austriacus,0.007,0.021,-1,Echolocation,/mnt/ubna_data_02_mir/recover-20221013/UBNA_001/20221012_030000.WAV,Telephone Field,recover-20221013,001,1795
1179.6635,1179.7063,68437,82729,Rhinolophus ferrumequinum,0.023,0.023,-1,Echolocation,/mnt/ubna_data_02_mir/recover-20221013/UBNA_001/20221012_030000.WAV,Telephone Field,recover-20221013,001,1795
1179.6705,1179.6797,28906,39413,Eptesicus serotinus,0.007,0.021,-1,Echolocation,/mnt/ubna_data_02_mir/recover-20221013/UBNA_001/20221012_030000.WAV,Telephone Field,recover-20221013,001,1795
1179.6715,1179.7116,68437,82649,Rhinolophus ferrumequinum,0.023,0.023,-1,Echolocation,/mnt/ubna_data_02_mir/recover-20221013/UBNA_001/20221012_030000.WAV,Telephone Field,recover-20221013,001,1795
1179.7125,1179.7502,68437,81939,Rhinolophus ferrumequinum,0.022,0.022,-1,Echolocation,/mnt/ubna_data_02_mir/recover-20221013/UBNA_001/20221012_030000.WAV,Telephone Field,recover-20221013,001,1795
1179.7605,1179.7984,68437,82340,Rhinolophus ferrumequinum,0.024,0.024,-1,Echolocation,/mnt/ubna_data_02_mir/recover-20221013/UBNA_001/20221012_030000.WAV,Telephone Field,recover-20221013,001,1795
1179.8375,1179.8755,68437,82572,Rhinolophus ferrumequinum,0.028,0.028,-1,Echolocation,/mnt/ubna_data_02_mir/recover-20221013/UBNA_001/20221012_030000.WAV,Telephone Field,recover-20221013,001,1795
1179.8815,1179.9215,68437,82284,Rhinolophus ferrumequinum,0.021,0.022,-1,Echolocation,/mnt/ubna_data_02_mir/recover-20221013/UBNA_001/20221012_030000.WAV,Telephone Field,recover-20221013,001,1795
1179.9105,1179.9248,22890,26558,Nyctalus leisleri,0.014,0.024,-1,Echolocation,/mnt/ubna_data_02_mir/recover-20221013/UBNA_001/20221012_030000.WAV,Telephone Field,recover-20221013,001,1795
1179.9335,1179.9736,68437,82422,Rhinolophus ferrumequinum,0.037,0.038,-1,Echolocation,/mnt/ubna_data_02_mir/recover-20221013/UBNA_001/20221012_030000.WAV,Telephone Field,recover-20221013,001,1795
1180.0015,1180.01,46953,51756,Pipistrellus pipistrellus,0.018,0.024,-1,Echolocation,/mnt/ubna_data_02_mir/recover-20221013/UBNA_001/20221012_030000.WAV,Telephone Field,recover-20221013,001,1795
1180.0015,1180.0103,22031,28011,Nyctalus leisleri,0.009,0.023,-1,Echolocation,/mnt/ubna_data_02_mir/recover-20221013/UBNA_001/20221012_030000.WAV,Telephone Field,recover-20221013,001,1795
1180.0015,1180.035,68437,80349,Rhinolophus ferrumequinum,0.029,0.029,-1,Echolocation,/mnt/ubna_data_02_mir/recover-20221013/UBNA_001/20221012_030000.WAV,Telephone Field,recover-20221013,001,1795
1180.0015,1180.01,27187,37028,Nyctalus leisleri,0.006,0.024,-1,Echolocation,/mnt/ubna_data_02_mir/recover-20221013/UBNA_001/20221012_030000.WAV,Telephone Field,recover-20221013,001,1795
1180.0095,1180.0526,68437,82497,Rhinolophus ferrumequinum,0.021,0.021,-1,Echolocation,/mnt/ubna_data_02_mir/recover-20221013/UBNA_001/20221012_030000.WAV,Telephone Field,recover-20221013,001,1795
1180.0305,1180.0383,28906,37347,Eptesicus serotinus,0.011,0.028,-1,Echolocation,/mnt/ubna_data_02_mir/recover-20221013/UBNA_001/20221012_030000.WAV,Telephone Field,recover-20221013,001,1795
1180.0585,1180.0948,68437,81623,Rhinolophus ferrumequinum,0.021,0.021,-1,Echolocation,/mnt/ubna_data_02_mir/recover-20221013/UBNA_001/20221012_030000.WAV,Telephone Field,recover-20221013,001,1795
1180.0735,1180.1121,68437,82390,Rhinolophus ferrumequinum,0.024,0.024,-1,Echolocation,/mnt/ubna_data_02_mir/recover-20221013/UBNA_001/20221012_030000.WAV,Telephone Field,recover-20221013,001,1795
1180.0965,1180.1055,28046,38745,Eptesicus serotinus,0.008,0.022,-1,Echolocation,/mnt/ubna_data_02_mir/recover-20221013/UBNA_001/20221012_030000.WAV,Telephone Field,recover-20221013,001,1795
1180.1225,1180.1326,15156,22733,Nyctalus noctula,0.019,0.032,-1,Echolocation,/mnt/ubna_data_02_mir/recover-20221013/UBNA_001/20221012_030000.WAV,Telephone Field,recover-20221013,001,1795
1180.1365,1180.1732,68437,82645,Rhinolophus ferrumequinum,0.022,0.022,-1,Echolocation,/mnt/ubna_data_02_mir/recover-20221013/UBNA_001/20221012_030000.WAV,Telephone Field,recover-20221013,001,1795
1180.1425,1180.1808,68437,82396,Rhinolophus ferrumequinum,0.023,0.023,-1,Echolocation,/mnt/ubna_data_02_mir/recover-20221013/UBNA_001/20221012_030000.WAV,Telephone Field,recover-20221013,001,1795
1180.1605,1180.1679,23750,32853,Plecotus austriacus,0.016,0.033,-1,Echolocation,/mnt/ubna_data_02_mir/recover-20221013/UBNA_001/20221012_030000.WAV,Telephone Field,recover-20221013,001,1795
1180.1745,1180.2097,68437,80862,Rhinolophus ferrumequinum,0.024,0.024,-1,Echolocation,/mnt/ubna_data_02_mir/recover-20221013/UBNA_001/20221012_030000.WAV,Telephone Field,recover-20221013,001,1795
1180.2175,1180.263,68437,83508,Rhinolophus ferrumequinum,0.034,0.034,-1,Echolocation,/mnt/ubna_data_02_mir/recover-20221013/UBNA_001/20221012_030000.WAV,Telephone Field,recover-20221013,001,1795
1180.2375,1180.2789,68437,82633,Rhinolophus ferrumequinum,0.026,0.026,-1,Echolocation,/mnt/ubna_data_02_mir/recover-20221013/UBNA_001/20221012_030000.WAV,Telephone Field,recover-20221013,001,1795
1180.2475,1180.2871,68437,82473,Rhinolophus ferrumequinum,0.023,0.023,-1,Echolocation,/mnt/ubna_data_02_mir/recover-20221013/UBNA_001/20221012_030000.WAV,Telephone Field,recover-20221013,001,1795
1180.2765,1180.2855,28046,36541,Eptesicus serotinus,0.009,0.022,-1,Echolocation,/mnt/ubna_data_02_mir/recover-20221013/UBNA_001/20221012_030000.WAV,Telephone Field,recover-20221013,001,1795
1180.3355,1180.3428,27187,38896,Eptesicus serotinus,0.006,0.021,-1,Echolocation,/mnt/ubna_data_02_mir/recover-20221013/UBNA_001/20221012_030000.WAV,Telephone Field,recover-20221013,001,1795
1180.3425,1180.3809,68437,81459,Rhinolophus ferrumequinum,0.024,0.024,-1,Echolocation,/mnt/ubna_data_02_mir/recover-20221013/UBNA_001/20221012_030000.WAV,Telephone Field,recover-20221013,001,1795
1180.3605,1180.3976,68437,81704,Rhinolophus ferrumequinum,0.022,0.022,-1,Echolocation,/mnt/ubna_data_02_mir/recover-20221013/UBNA_001/20221012_030000.WAV,Telephone Field,recover-20221013,001,1795
1180.4465,1180.4845,68437,82542,Rhinolophus ferrumequinum,0.027,0.027,-1,Echolocation,/mnt/ubna_data_02_mir/recover-20221013/UBNA_001/20221012_030000.WAV,Telephone Field,recover-20221013,001,1795
1180.4695,1180.4785,25468,34830,Eptesicus serotinus,0.007,0.022,-1,Echolocation,/mnt/ubna_data_02_mir/recover-20221013/UBNA_001/20221012_030000.WAV,Telephone Field,recover-20221013,001,1795
1180.4705,1180.5105,68437,82670,Rhinolophus ferrumequinum,0.021,0.021,-1,Echolocation,/mnt/ubna_data_02_mir/recover-20221013/UBNA_001/20221012_030000.WAV,Telephone Field,recover-20221013,001,1795
1180.4745,1180.483,28046,38762,Eptesicus serotinus,0.007,0.022,-1,Echolocation,/mnt/ubna_data_02_mir/recover-20221013/UBNA_001/20221012_030000.WAV,Telephone Field,recover-20221013,001,1795
1180.4945,1180.5345,68437,82454,Rhinolophus ferrumequinum,0.023,0.023,-1,Echolocation,/mnt/ubna_data_02_mir/recover-20221013/UBNA_001/20221012_030000.WAV,Telephone Field,recover-20221013,001,1795
1180.5305,1180.5408,23750,29101,Nyctalus leisleri,0.01,0.021,-1,Echolocation,/mnt/ubna_data_02_mir/recover-20221013/UBNA_001/20221012_030000.WAV,Telephone Field,recover-20221013,001,1795
1180.5465,1180.556,28046,36122,Eptesicus serotinus,0.009,0.022,-1,Echolocation,/mnt/ubna_data_02_mir/recover-20221013/UBNA_001/20221012_030000.WAV,Telephone Field,recover-20221013,001,1795
1180.5515,1180.5881,68437,81451,Rhinolophus ferrumequinum,0.022,0.022,-1,Echolocation,/mnt/ubna_data_02_mir/recover-20221013/UBNA_001/20221012_030000.WAV,Telephone Field,recover-20221013,001,1795
1180.5645,1180.5752,29765,38363,Eptesicus serotinus,0.012,0.025,-1,Echolocation,/mnt/ubna_data_02_mir/recover-20221013/UBNA_001/20221012_030000.WAV,Telephone Field,recover-20221013,001,1795
1180.5795,1180.5878,28906,38148,Eptesicus serotinus,0.009,0.024,-1,Echolocation,/mnt/ubna_data_02_mir/recover-20221013/UBNA_001/20221012_030000.WAV,Telephone Field,recover-20221013,001,1795
1180.6025,1180.6118,28906,37060,Eptesicus serotinus,0.009,0.023,-1,Echolocation,/mnt/ubna_data_02_mir/recover-20221013/UBNA_001/20221012_030000.WAV,Telephone Field,recover-20221013,001,1795
1180.6165,1180.6271,23750,29185,Nyctalus leisleri,0.011,0.022,-1,Echolocation,/mnt/ubna_data_02_mir/recover-20221013/UBNA_001/20221012_030000.WAV,Telephone Field,recover-20221013,001,1795
1180.6275,1180.6666,68437,82235,Rhinolophus ferrumequinum,0.025,0.025,-1,Echolocation,/mnt/ubna_data_02_mir/recover-20221013/UBNA_001/20221012_030000.WAV,Telephone Field,recover-20221013,001,1795
1180.6585,1180.6974,68437,82223,Rhinolophus ferrumequinum,0.021,0.021,-1,Echolocation,/mnt/ubna_data_02_mir/recover-20221013/UBNA_001/20221012_030000.WAV,Telephone Field,recover-20221013,001,1795
1180.6755,1180.6848,28906,36752,Eptesicus serotinus,0.008,0.023,-1,Echolocation,/mnt/ubna_data_02_mir/recover-20221013/UBNA_001/20221012_030000.WAV,Telephone Field,recover-20221013,001,1795
1180.7025,1180.7139,23750,29527,Nyctalus leisleri,0.016,0.034,-1,Echolocation,/mnt/ubna_data_02_mir/recover-20221013/UBNA_001/20221012_030000.WAV,Telephone Field,recover-20221013,001,1795
1180.7125,1180.7484,68437,81321,Rhinolophus ferrumequinum,0.03,0.03,-1,Echolocation,/mnt/ubna_data_02_mir/recover-20221013/UBNA_001/20221012_030000.WAV,Telephone Field,recover-20221013,001,1795
1180.7325,1180.7719,68437,82493,Rhinolophus ferrumequinum,0.022,0.022,-1,Echolocation,/mnt/ubna_data_02_mir/recover-20221013/UBNA_001/20221012_030000.WAV,Telephone Field,recover-20221013,001,1795
1180.7415,1180.7522,23750,29265,Nyctalus leisleri,0.01,0.023,-1,Echolocation,/mnt/ubna_data_02_mir/recover-20221013/UBNA_001/20221012_030000.WAV,Telephone Field,recover-20221013,001,1795
1180.7755,1180.7881,22890,27964,Nyctalus leisleri,0.011,0.021,-1,Echolocation,/mnt/ubna_data_02_mir/recover-20221013/UBNA_001/20221012_030000.WAV,Telephone Field,recover-20221013,001,1795
1180.7765,1180.8182,68437,82846,Rhinolophus ferrumequinum,0.029,0.029,-1,Echolocation,/mnt/ubna_data_02_mir/recover-20221013/UBNA_001/20221012_030000.WAV,Telephone Field,recover-20221013,001,1795
1180.8685,1180.9034,68437,81473,Rhinolophus ferrumequinum,0.021,0.021,-1,Echolocation,/mnt/ubna_data_02_mir/recover-20221013/UBNA_001/20221012_030000.WAV,Telephone Field,recover-20221013,001,1795
1180.9185,1180.9308,27187,33285,Eptesicus serotinus,0.036,0.066,-1,Echolocation,/mnt/ubna_data_02_mir/recover-20221013/UBNA_001/20221012_030000.WAV,Telephone Field,recover-20221013,001,1795
1180.9195,1180.9576,68437,82247,Rhinolophus ferrumequinum,0.022,0.022,-1,Echolocation,/mnt/ubna_data_02_mir/recover-20221013/UBNA_001/20221012_030000.WAV,Telephone Field,recover-20221013,001,1795
1180.9765,1181.0116,68437,81191,Rhinolophus ferrumequinum,0.022,0.022,-1,Echolocation,/mnt/ubna_data_02_mir/recover-20221013/UBNA_001/20221012_030000.WAV,Telephone Field,recover-20221013,001,1795
1180.9845,1181.0198,68437,80975,Rhinolophus ferrumequinum,0.021,0.021,-1,Echolocation,/mnt/ubna_data_02_mir/recover-20221013/UBNA_001/20221012_030000.WAV,Telephone Field,recover-20221013,001,1795
1181.0315,1181.0745,68437,82844,Rhinolophus ferrumequinum,0.028,0.028,-1,Echolocation,/mnt/ubna_data_02_mir/recover-20221013/UBNA_001/20221012_030000.WAV,Telephone Field,recover-20221013,001,1795
1181.0475,1181.0547,49531,53474,Pipistrellus pipistrellus,0.024,0.026,-1,Echolocation,/mnt/ubna_data_02_mir/recover-20221013/UBNA_001/20221012_030000.WAV,Telephone Field,recover-20221013,001,1795
1181.1035,1181.1414,68437,82545,Rhinolophus ferrumequinum,0.025,0.025,-1,Echolocation,/mnt/ubna_data_02_mir/recover-20221013/UBNA_001/20221012_030000.WAV,Telephone Field,recover-20221013,001,1795
1181.1125,1181.1551,68437,82955,Rhinolophus ferrumequinum,0.029,0.029,-1,Echolocation,/mnt/ubna_data_02_mir/recover-20221013/UBNA_001/20221012_030000.WAV,Telephone Field,recover-20221013,001,1795
1181.1725,1181.2129,68437,82308,Rhinolophus ferrumequinum,0.022,0.022,-1,Echolocation,/mnt/ubna_data_02_mir/recover-20221013/UBNA_001/20221012_030000.WAV,Telephone Field,recover-20221013,001,1795
1181.2055,1181.2443,68437,81733,Rhinolophus ferrumequinum,0.021,0.021,-1,Echolocation,/mnt/ubna_data_02_mir/recover-20221013/UBNA_001/20221012_030000.WAV,Telephone Field,recover-20221013,001,1795
1181.2435,1181.2528,28906,36937,Eptesicus serotinus,0.008,0.023,-1,Echolocation,/mnt/ubna_data_02_mir/recover-20221013/UBNA_001/20221012_030000.WAV,Telephone Field,recover-20221013,001,1795
1181.2945,1181.3293,68437,81212,Rhinolophus ferrumequinum,0.022,0.022,-1,Echolocation,/mnt/ubna_data_02_mir/recover-20221013/UBNA_001/20221012_030000.WAV,Telephone Field,recover-20221013,001,1795
1181.3125,1181.3509,68437,82426,Rhinolophus ferrumequinum,0.022,0.022,-1,Echolocation,/mnt/ubna_data_02_mir/recover-20221013/UBNA_001/20221012_030000.WAV,Telephone Field,recover-20221013,001,1795
1181.3135,1181.3245,22890,28194,Nyctalus leisleri,0.011,0.024,-1,Echolocation,/mnt/ubna_data_02_mir/recover-20221013/UBNA_001/20221012_030000.WAV,Telephone Field,recover-20221013,001,1795
1181.3285,1181.3711,68437,83703,Rhinolophus ferrumequinum,0.035,0.035,-1,Echolocation,/mnt/ubna_data_02_mir/recover-20221013/UBNA_001/20221012_030000.WAV,Telephone Field,recover-20221013,001,1795
1181.3505,1181.3931,68437,83384,Rhinolophus ferrumequinum,0.024,0.024,-1,Echolocation,/mnt/ubna_data_02_mir/recover-20221013/UBNA_001/20221012_030000.WAV,Telephone Field,recover-20221013,001,1795
1181.3565,1181.401,68437,83557,Rhinolophus ferrumequinum,0.024,0.024,-1,Echolocation,/mnt/ubna_data_02_mir/recover-20221013/UBNA_001/20221012_030000.WAV,Telephone Field,recover-20221013,001,1795
1181.3815,1181.3917,28906,36813,Eptesicus serotinus,0.01,0.024,-1,Echolocation,/mnt/ubna_data_02_mir/recover-20221013/UBNA_001/20221012_030000.WAV,Telephone Field,recover-20221013,001,1795
1181.3905,1181.4006,28906,36504,Eptesicus serotinus,0.009,0.022,-1,Echolocation,/mnt/ubna_data_02_mir/recover-20221013/UBNA_001/20221012_030000.WAV,Telephone Field,recover-20221013,001,1795
1181.4165,1181.4557,68437,82122,Rhinolophus ferrumequinum,0.023,0.023,-1,Echolocation,/mnt/ubna_data_02_mir/recover-20221013/UBNA_001/20221012_030000.WAV,Telephone Field,recover-20221013,001,1795
1181.4455,1181.4853,68437,82182,Rhinolophus ferrumequinum,0.022,0.022,-1,Echolocation,/mnt/ubna_data_02_mir/recover-20221013/UBNA_001/20221012_030000.WAV,Telephone Field,recover-20221013,001,1795
1181.5005,1181.5415,68437,83199,Rhinolophus ferrumequinum,0.026,0.026,-1,Echolocation,/mnt/ubna_data_02_mir/recover-20221013/UBNA_001/20221012_030000.WAV,Telephone Field,recover-20221013,001,1795
1181.5805,1181.5917,22890,27784,Nyctalus leisleri,0.011,0.021,-1,Echolocation,/mnt/ubna_data_02_mir/recover-20221013/UBNA_001/20221012_030000.WAV,Telephone Field,recover-20221013,001,1795
1181.6125,1181.6487,68437,81312,Rhinolophus ferrumequinum,0.025,0.025,-1,Echolocation,/mnt/ubna_data_02_mir/recover-20221013/UBNA_001/20221012_030000.WAV,Telephone Field,recover-20221013,001,1795
1181.6625,1181.6726,28046,35667,Eptesicus serotinus,0.01,0.023,-1,Echolocation,/mnt/ubna_data_02_mir/recover-20221013/UBNA_001/20221012_030000.WAV,Telephone Field,recover-20221013,001,1795
1181.6635,1181.7011,68437,82381,Rhinolophus ferrumequinum,0.021,0.021,-1,Echolocation,/mnt/ubna_data_02_mir/recover-20221013/UBNA_001/20221012_030000.WAV,Telephone Field,recover-20221013,001,1795
1181.6955,1181.7334,68437,81208,Rhinolophus ferrumequinum,0.024,0.024,-1,Echolocation,/mnt/ubna_data_02_mir/recover-20221013/UBNA_001/20221012_030000.WAV,Telephone Field,recover-20221013,001,1795
1181.7055,1181.7159,28046,35948,Eptesicus serotinus,0.014,0.028,-1,Echolocation,/mnt/ubna_data_02_mir/recover-20221013/UBNA_001/20221012_030000.WAV,Telephone Field,recover-20221013,001,1795
1181.7405,1181.7793,68437,81896,Rhinolophus ferrumequinum,0.021,0.021,-1,Echolocation,/mnt/ubna_data_02_mir/recover-20221013/UBNA_001/20221012_030000.WAV,Telephone Field,recover-20221013,001,1795
1181.7475,1181.7862,68437,82048,Rhinolophus ferrumequinum,0.021,0.021,-1,Echolocation,/mnt/ubna_data_02_mir/recover-20221013/UBNA_001/20221012_030000.WAV,Telephone Field,recover-20221013,001,1795
1181.7645,1181.8045,68437,82892,Rhinolophus ferrumequinum,0.021,0.021,-1,Echolocation,/mnt/ubna_data_02_mir/recover-20221013/UBNA_001/20221012_030000.WAV,Telephone Field,recover-20221013,001,1795
1181.7885,1181.7992,23750,29619,Nyctalus leisleri,0.01,0.022,-1,Echolocation,/mnt/ubna_data_02_mir/recover-20221013/UBNA_001/20221012_030000.WAV,Telephone Field,recover-20221013,001,1795
1181.7915,1181.832,68437,82506,Rhinolophus ferrumequinum,0.025,0.025,-1,Echolocation,/mnt/ubna_data_02_mir/recover-20221013/UBNA_001/20221012_030000.WAV,Telephone Field,recover-20221013,001,1795
1181.8235,1181.8627,68437,82952,Rhinolophus ferrumequinum,0.024,0.024,-1,Echolocation,/mnt/ubna_data_02_mir/recover-20221013/UBNA_001/20221012_030000.WAV,Telephone Field,recover-20221013,001,1795
1181.8865,1181.8996,36640,41037,Pipistrellus nathusii,0.006,0.022,-1,Echolocation,/mnt/ubna_data_02_mir/recover-20221013/UBNA_001/20221012_030000.WAV,Telephone Field,recover-20221013,001,1795
1181.9285,1181.9655,68437,82301,Rhinolophus ferrumequinum,0.021,0.021,-1,Echolocation,/mnt/ubna_data_02_mir/recover-20221013/UBNA_001/20221012_030000.WAV,Telephone Field,recover-20221013,001,1795
1181.9515,1181.992,68437,82327,Rhinolophus ferrumequinum,0.021,0.021,-1,Echolocation,/mnt/ubna_data_02_mir/recover-20221013/UBNA_001/20221012_030000.WAV,Telephone Field,recover-20221013,001,1795
1181.9885,1181.9987,22890,29706,Nyctalus leisleri,0.01,0.024,-1,Echolocation,/mnt/ubna_data_02_mir/recover-20221013/UBNA_001/20221012_030000.WAV,Telephone Field,recover-20221013,001,1795
1182.0015,1182.0339,68437,80378,Rhinolophus ferrumequinum,0.025,0.025,-1,Echolocation,/mnt/ubna_data_02_mir/recover-20221013/UBNA_001/20221012_030000.WAV,Telephone Field,recover-20221013,001,1795
1182.0015,1182.0125,47812,55809,Pipistrellus pipistrellus,0.022,0.03,-1,Echolocation,/mnt/ubna_data_02_mir/recover-20221013/UBNA_001/20221012_030000.WAV,Telephone Field,recover-20221013,001,1795
1182.0015,1182.011,23750,32259,Nyctalus leisleri,0.012,0.037,-1,Echolocation,/mnt/ubna_data_02_mir/recover-20221013/UBNA_001/20221012_030000.WAV,Telephone Field,recover-20221013,001,1795
1182.0255,1182.036,23750,30557,Nyctalus leisleri,0.009,0.023,-1,Echolocation,/mnt/ubna_data_02_mir/recover-20221013/UBNA_001/20221012_030000.WAV,Telephone Field,recover-20221013,001,1795
1182.0325,1182.0409,27187,36752,Eptesicus serotinus,0.007,0.021,-1,Echolocation,/mnt/ubna_data_02_mir/recover-20221013/UBNA_001/20221012_030000.WAV,Telephone Field,recover-20221013,001,1795
1182.0485,1182.0868,68437,82058,Rhinolophus ferrumequinum,0.025,0.025,-1,Echolocation,/mnt/ubna_data_02_mir/recover-20221013/UBNA_001/20221012_030000.WAV,Telephone Field,recover-20221013,001,1795
1182.0735,1182.1153,68437,83072,Rhinolophus ferrumequinum,0.025,0.025,-1,Echolocation,/mnt/ubna_data_02_mir/recover-20221013/UBNA_001/20221012_030000.WAV,Telephone Field,recover-20221013,001,1795
1182.0875,1182.1237,68437,81274,Rhinolophus ferrumequinum,0.021,0.021,-1,Echolocation,/mnt/ubna_data_02_mir/recover-20221013/UBNA_001/20221012_030000.WAV,Telephone Field,recover-20221013,001,1795
1182.0895,1182.0964,28046,39963,Eptesicus serotinus,0.007,0.024,-1,Echolocation,/mnt/ubna_data_02_mir/recover-20221013/UBNA_001/20221012_030000.WAV,Telephone Field,recover-20221013,001,1795
1182.0985,1182.1083,23750,29732,Nyctalus leisleri,0.008,0.021,-1,Echolocation,/mnt/ubna_data_02_mir/recover-20221013/UBNA_001/20221012_030000.WAV,Telephone Field,recover-20221013,001,1795
1182.1105,1182.1194,24609,33741,Plecotus austriacus,0.008,0.029,-1,Echolocation,/mnt/ubna_data_02_mir/recover-20221013/UBNA_001/20221012_030000.WAV,Telephone Field,recover-20221013,001,1795
1182.1905,1182.2277,68437,81350,Rhinolophus ferrumequinum,0.022,0.022,-1,Echolocation,/mnt/ubna_data_02_mir/recover-20221013/UBNA_001/20221012_030000.WAV,Telephone Field,recover-20221013,001,1795
1182.1955,1182.2353,68437,82385,Rhinolophus ferrumequinum,0.023,0.023,-1,Echolocation,/mnt/ubna_data_02_mir/recover-20221013/UBNA_001/20221012_030000.WAV,Telephone Field,recover-20221013,001,1795
1182.1995,1182.2068,26328,36639,Eptesicus serotinus,0.007,0.024,-1,Echolocation,/mnt/ubna_data_02_mir/recover-20221013/UBNA_001/20221012_030000.WAV,Telephone Field,recover-20221013,001,1795
1182.2215,1182.258,68437,81697,Rhinolophus ferrumequinum,0.021,0.021,-1,Echolocation,/mnt/ubna_data_02_mir/recover-20221013/UBNA_001/20221012_030000.WAV,Telephone Field,recover-20221013,001,1795
1182.2555,1182.2622,27187,49029,Myotis nattereri,0.005,0.021,-1,Echolocation,/mnt/ubna_data_02_mir/recover-20221013/UBNA_001/20221012_030000.WAV,Telephone Field,recover-20221013,001,1795
1182.2725,1182.3133,68437,82839,Rhinolophus ferrumequinum,0.028,0.028,-1,Echolocation,/mnt/ubna_data_02_mir/recover-20221013/UBNA_001/20221012_030000.WAV,Telephone Field,recover-20221013,001,1795
1182.3315,1182.3396,28906,39648,Eptesicus serotinus,0.008,0.025,-1,Echolocation,/mnt/ubna_data_02_mir/recover-20221013/UBNA_001/20221012_030000.WAV,Telephone Field,recover-20221013,001,1795
1182.3375,1182.3723,68437,81082,Rhinolophus ferrumequinum,0.025,0.025,-1,Echolocation,/mnt/ubna_data_02_mir/recover-20221013/UBNA_001/20221012_030000.WAV,Telephone Field,recover-20221013,001,1795
1182.3745,1182.3864,22031,26053,Nyctalus leisleri,0.015,0.025,-1,Echolocation,/mnt/ubna_data_02_mir/recover-20221013/UBNA_001/20221012_030000.WAV,Telephone Field,recover-20221013,001,1795
1182.4875,1182.4946,27187,39739,Eptesicus serotinus,0.006,0.021,-1,Echolocation,/mnt/ubna_data_02_mir/recover-20221013/UBNA_001/20221012_030000.WAV,Telephone Field,recover-20221013,001,1795
1182.5085,1182.5443,68437,81559,Rhinolophus ferrumequinum,0.021,0.021,-1,Echolocation,/mnt/ubna_data_02_mir/recover-20221013/UBNA_001/20221012_030000.WAV,Telephone Field,recover-20221013,001,1795
1182.5315,1182.57,68437,82398,Rhinolophus ferrumequinum,0.021,0.021,-1,Echolocation,/mnt/ubna_data_02_mir/recover-20221013/UBNA_001/20221012_030000.WAV,Telephone Field,recover-20221013,001,1795
1182.5835,1182.5903,28906,39738,Eptesicus serotinus,0.008,0.028,-1,Echolocation,/mnt/ubna_data_02_mir/recover-20221013/UBNA_001/20221012_030000.WAV,Telephone Field,recover-20221013,001,1795
1182.5875,1182.6247,68437,81802,Rhinolophus ferrumequinum,0.022,0.022,-1,Echolocation,/mnt/ubna_data_02_mir/recover-20221013/UBNA_001/20221012_030000.WAV,Telephone Field,recover-20221013,001,1795
1182.6365,1182.6535,21171,24331,Nyctalus leisleri,0.012,0.021,-1,Echolocation,/mnt/ubna_data_02_mir/recover-20221013/UBNA_001/20221012_030000.WAV,Telephone Field,recover-20221013,001,1795
1182.6735,1182.7171,68437,83640,Rhinolophus ferrumequinum,0.031,0.031,-1,Echolocation,/mnt/ubna_data_02_mir/recover-20221013/UBNA_001/20221012_030000.WAV,Telephone Field,recover-20221013,001,1795
1182.6785,1182.6955,22031,25455,Nyctalus leisleri,0.02,0.031,-1,Echolocation,/mnt/ubna_data_02_mir/recover-20221013/UBNA_001/20221012_030000.WAV,Telephone Field,recover-20221013,001,1795
1182.7015,1182.7097,28046,37525,Eptesicus serotinus,0.007,0.021,-1,Echolocation,/mnt/ubna_data_02_mir/recover-20221013/UBNA_001/20221012_030000.WAV,Telephone Field,recover-20221013,001,1795
1182.7275,1182.7355,28046,39900,Eptesicus serotinus,0.006,0.021,-1,Echolocation,/mnt/ubna_data_02_mir/recover-20221013/UBNA_001/20221012_030000.WAV,Telephone Field,recover-20221013,001,1795
1182.7635,1182.7771,24609,29441,Nyctalus leisleri,0.013,0.028,-1,Echolocation,/mnt/ubna_data_02_mir/recover-20221013/UBNA_001/20221012_030000.WAV,Telephone Field,recover-20221013,001,1795
1182.8315,1182.871,68437,82799,Rhinolophus ferrumequinum,0.028,0.028,-1,Echolocation,/mnt/ubna_data_02_mir/recover-20221013/UBNA_001/20221012_030000.WAV,Telephone Field,recover-20221013,001,1795
1182.8355,1182.8422,26328,38334,Eptesicus serotinus,0.005,0.022,-1,Echolocation,/mnt/ubna_data_02_mir/recover-20221013/UBNA_001/20221012_030000.WAV,Telephone Field,recover-20221013,001,1795
1182.8495,1182.8883,68437,82071,Rhinolophus ferrumequinum,0.023,0.023,-1,Echolocation,/mnt/ubna_data_02_mir/recover-20221013/UBNA_001/20221012_030000.WAV,Telephone Field,recover-20221013,001,1795
1182.8555,1182.8926,68437,82164,Rhinolophus ferrumequinum,0.023,0.023,-1,Echolocation,/mnt/ubna_data_02_mir/recover-20221013/UBNA_001/20221012_030000.WAV,Telephone Field,recover-20221013,001,1795
1182.8635,1182.8707,24609,33994,Plecotus austriacus,0.011,0.027,-1,Echolocation,/mnt/ubna_data_02_mir/recover-20221013/UBNA_001/20221012_030000.WAV,Telephone Field,recover-20221013,001,1795
1182.9165,1182.9545,68437,81660,Rhinolophus ferrumequinum,0.023,0.023,-1,Echolocation,/mnt/ubna_data_02_mir/recover-20221013/UBNA_001/20221012_030000.WAV,Telephone Field,recover-20221013,001,1795
1182.9535,1182.9609,27187,40026,Eptesicus serotinus,0.007,0.025,-1,Echolocation,/mnt/ubna_data_02_mir/recover-20221013/UBNA_001/20221012_030000.WAV,Telephone Field,recover-20221013,001,1795
1182.9695,1182.9807,26328,31859,Eptesicus serotinus,0.01,0.022,-1,Echolocation,/mnt/ubna_data_02_mir/recover-20221013/UBNA_001/20221012_030000.WAV,Telephone Field,recover-20221013,001,1795
1182.9785,1182.9864,27187,39934,Eptesicus serotinus,0.006,0.021,-1,Echolocation,/mnt/ubna_data_02_mir/recover-20221013/UBNA_001/20221012_030000.WAV,Telephone Field,recover-20221013,001,1795
1183.0315,1183.0706,68437,82113,Rhinolophus ferrumequinum,0.023,0.023,-1,Echolocation,/mnt/ubna_data_02_mir/recover-20221013/UBNA_001/20221012_030000.WAV,Telephone Field,recover-20221013,001,1795
1183.0385,1183.0794,68437,82047,Rhinolophus ferrumequinum,0.022,0.022,-1,Echolocation,/mnt/ubna_data_02_mir/recover-20221013/UBNA_001/20221012_030000.WAV,Telephone Field,recover-20221013,001,1795
1183.0495,1183.0591,26328,33739,Eptesicus serotinus,0.01,0.028,-1,Echolocation,/mnt/ubna_data_02_mir/recover-20221013/UBNA_001/20221012_030000.WAV,Telephone Field,recover-20221013,001,1795
1183.0635,1183.099,68437,81529,Rhinolophus ferrumequinum,0.021,0.021,-1,Echolocation,/mnt/ubna_data_02_mir/recover-20221013/UBNA_001/20221012_030000.WAV,Telephone Field,recover-20221013,001,1795
1183.1285,1183.1368,27187,36797,Eptesicus serotinus,0.007,0.022,-1,Echolocation,/mnt/ubna_data_02_mir/recover-20221013/UBNA_001/20221012_030000.WAV,Telephone Field,recover-20221013,001,1795
1183.1315,1183.1691,68437,82412,Rhinolophus ferrumequinum,0.022,0.022,-1,Echolocation,/mnt/ubna_data_02_mir/recover-20221013/UBNA_001/20221012_030000.WAV,Telephone Field,recover-20221013,001,1795
1183.2075,1183.2172,28046,36883,Eptesicus serotinus,0.011,0.027,-1,Echolocation,/mnt/ubna_data_02_mir/recover-20221013/UBNA_001/20221012_030000.WAV,Telephone Field,recover-20221013,001,1795
1183.2695,1183.3104,68437,82503,Rhinolophus ferrumequinum,0.038,0.038,-1,Echolocation,/mnt/ubna_data_02_mir/recover-20221013/UBNA_001/20221012_030000.WAV,Telephone Field,recover-20221013,001,1795
1183.3005,1183.3403,68437,81897,Rhinolophus ferrumequinum,0.028,0.028,-1,Echolocation,/mnt/ubna_data_02_mir/recover-20221013/UBNA_001/20221012_030000.WAV,Telephone Field,recover-20221013,001,1795
1183.3275,1183.3346,23750,32930,Plecotus austriacus,0.011,0.025,-1,Echolocation,/mnt/ubna_data_02_mir/recover-20221013/UBNA_001/20221012_030000.WAV,Telephone Field,recover-20221013,001,1795
1183.3435,1183.3797,68437,81166,Rhinolophus ferrumequinum,0.023,0.023,-1,Echolocation,/mnt/ubna_data_02_mir/recover-20221013/UBNA_001/20221012_030000.WAV,Telephone Field,recover-20221013,001,1795
1183.3795,1183.3857,28046,42887,Myotis daubentonii,0.008,0.032,-1,Echolocation,/mnt/ubna_data_02_mir/recover-20221013/UBNA_001/20221012_030000.WAV,Telephone Field,recover-20221013,001,1795
1183.4415,1183.4838,68437,82560,Rhinolophus ferrumequinum,0.029,0.029,-1,Echolocation,/mnt/ubna_data_02_mir/recover-20221013/UBNA_001/20221012_030000.WAV,Telephone Field,recover-20221013,001,1795
1183.5045,1183.5442,68437,82044,Rhinolophus ferrumequinum,0.021,0.021,-1,Echolocation,/mnt/ubna_data_02_mir/recover-20221013/UBNA_001/20221012_030000.WAV,Telephone Field,recover-20221013,001,1795
1183.5135,1183.5545,68437,82749,Rhinolophus ferrumequinum,0.023,0.023,-1,Echolocation,/mnt/ubna_data_02_mir/recover-20221013/UBNA_001/20221012_030000.WAV,Telephone Field,recover-20221013,001,1795
1183.5285,1183.5394000000001,23750,30044,Nyctalus leisleri,0.009,0.022,-1,Echolocation,/mnt/ubna_data_02_mir/recover-20221013/UBNA_001/20221012_030000.WAV,Telephone Field,recover-20221013,001,1795
1183.5585,1183.592,68437,80796,Rhinolophus ferrumequinum,0.022,0.022,-1,Echolocation,/mnt/ubna_data_02_mir/recover-20221013/UBNA_001/20221012_030000.WAV,Telephone Field,recover-20221013,001,1795
1183.5825,1183.5894,28046,37977,Eptesicus serotinus,0.007,0.024,-1,Echolocation,/mnt/ubna_data_02_mir/recover-20221013/UBNA_001/20221012_030000.WAV,Telephone Field,recover-20221013,001,1795
1183.5905,1183.6307,68437,82741,Rhinolophus ferrumequinum,0.028,0.028,-1,Echolocation,/mnt/ubna_data_02_mir/recover-20221013/UBNA_001/20221012_030000.WAV,Telephone Field,recover-20221013,001,1795
1183.6095,1183.6172,28046,40034,Eptesicus serotinus,0.008,0.025,-1,Echolocation,/mnt/ubna_data_02_mir/recover-20221013/UBNA_001/20221012_030000.WAV,Telephone Field,recover-20221013,001,1795
1183.6235,1183.6643,68437,82770,Rhinolophus ferrumequinum,0.027,0.027,-1,Echolocation,/mnt/ubna_data_02_mir/recover-20221013/UBNA_001/20221012_030000.WAV,Telephone Field,recover-20221013,001,1795
1183.6475,1183.6539,51250,57536,Pipistrellus pipistrellus,0.021,0.026,-1,Echolocation,/mnt/ubna_data_02_mir/recover-20221013/UBNA_001/20221012_030000.WAV,Telephone Field,recover-20221013,001,1795
1183.6995,1183.7398,68437,82166,Rhinolophus ferrumequinum,0.022,0.022,-1,Echolocation,/mnt/ubna_data_02_mir/recover-20221013/UBNA_001/20221012_030000.WAV,Telephone Field,recover-20221013,001,1795
1183.7195,1183.7609,68437,83003,Rhinolophus ferrumequinum,0.037,0.037,-1,Echolocation,/mnt/ubna_data_02_mir/recover-20221013/UBNA_001/20221012_030000.WAV,Telephone Field,recover-20221013,001,1795
1183.7245,1183.7355,27187,37268,Eptesicus serotinus,0.017,0.033,-1,Echolocation,/mnt/ubna_data_02_mir/recover-20221013/UBNA_001/20221012_030000.WAV,Telephone Field,recover-20221013,001,1795
1183.7405,1183.7794,68437,82606,Rhinolophus ferrumequinum,0.023,0.023,-1,Echolocation,/mnt/ubna_data_02_mir/recover-20221013/UBNA_001/20221012_030000.WAV,Telephone Field,recover-20221013,001,1795
1183.7485,1183.7851,68437,81738,Rhinolophus ferrumequinum,0.021,0.021,-1,Echolocation,/mnt/ubna_data_02_mir/recover-20221013/UBNA_001/20221012_030000.WAV,Telephone Field,recover-20221013,001,1795
1183.7905,1183.8305,68437,82664,Rhinolophus ferrumequinum,0.023,0.023,-1,Echolocation,/mnt/ubna_data_02_mir/recover-20221013/UBNA_001/20221012_030000.WAV,Telephone Field,recover-20221013,001,1795
1183.8575,1183.8656,27187,40495,Eptesicus serotinus,0.007,0.022,-1,Echolocation,/mnt/ubna_data_02_mir/recover-20221013/UBNA_001/20221012_030000.WAV,Telephone Field,recover-20221013,001,1795
1183.8725,1183.8824,26328,33643,Nyctalus leisleri,0.009,0.027,-1,Echolocation,/mnt/ubna_data_02_mir/recover-20221013/UBNA_001/20221012_030000.WAV,Telephone Field,recover-20221013,001,1795
1183.8865,1183.8946,28046,40609,Eptesicus serotinus,0.008,0.023,-1,Echolocation,/mnt/ubna_data_02_mir/recover-20221013/UBNA_001/20221012_030000.WAV,Telephone Field,recover-20221013,001,1795
1183.9135,1183.9491,68437,81492,Rhinolophus ferrumequinum,0.022,0.022,-1,Echolocation,/mnt/ubna_data_02_mir/recover-20221013/UBNA_001/20221012_030000.WAV,Telephone Field,recover-20221013,001,1795
1183.9795,1183.9882,27187,39529,Eptesicus serotinus,0.008,0.023,-1,Echolocation,/mnt/ubna_data_02_mir/recover-20221013/UBNA_001/20221012_030000.WAV,Telephone Field,recover-20221013,001,1795
1184.0015,1184.036,68437,79955,Rhinolophus ferrumequinum,0.048,0.048,-1,Echolocation,/mnt/ubna_data_02_mir/recover-20221013/UBNA_001/20221012_030000.WAV,Telephone Field,recover-20221013,001,1795
1184.0015,1184.0139,20312,25143,Nyctalus leisleri,0.011,0.026,-1,Echolocation,/mnt/ubna_data_02_mir/recover-20221013/UBNA_001/20221012_030000.WAV,Telephone Field,recover-20221013,001,1795
1184.0015,1184.0121,46093,53828,Pipistrellus pipistrellus,0.017,0.023,-1,Echolocation,/mnt/ubna_data_02_mir/recover-20221013/UBNA_001/20221012_030000.WAV,Telephone Field,recover-20221013,001,1795
1184.0015,1184.0095,26328,37516,Eptesicus serotinus,0.007,0.025,-1,Echolocation,/mnt/ubna_data_02_mir/recover-20221013/UBNA_001/20221012_030000.WAV,Telephone Field,recover-20221013,001,1795
1184.0455,1184.056,23750,29868,Nyctalus leisleri,0.011,0.027,-1,Echolocation,/mnt/ubna_data_02_mir/recover-20221013/UBNA_001/20221012_030000.WAV,Telephone Field,recover-20221013,001,1795
1184.1195,1184.155,68437,82616,Rhinolophus ferrumequinum,0.023,0.023,-1,Echolocation,/mnt/ubna_data_02_mir/recover-20221013/UBNA_001/20221012_030000.WAV,Telephone Field,recover-20221013,001,1795
1184.1505,1184.187,68437,81622,Rhinolophus ferrumequinum,0.021,0.021,-1,Echolocation,/mnt/ubna_data_02_mir/recover-20221013/UBNA_001/20221012_030000.WAV,Telephone Field,recover-20221013,001,1795
1184.1935,1184.2056,23750,28369,Nyctalus leisleri,0.023,0.04,-1,Echolocation,/mnt/ubna_data_02_mir/recover-20221013/UBNA_001/20221012_030000.WAV,Telephone Field,recover-20221013,001,1795
1184.2215,1184.2598,68437,82228,Rhinolophus ferrumequinum,0.023,0.023,-1,Echolocation,/mnt/ubna_data_02_mir/recover-20221013/UBNA_001/20221012_030000.WAV,Telephone Field,recover-20221013,001,1795
1184.2285,1184.2676,68437,82068,Rhinolophus ferrumequinum,0.024,0.024,-1,Echolocation,/mnt/ubna_data_02_mir/recover-20221013/UBNA_001/20221012_030000.WAV,Telephone Field,recover-20221013,001,1795
1184.2335,1184.2448,22890,28292,Nyctalus leisleri,0.013,0.026,-1,Echolocation,/mnt/ubna_data_02_mir/recover-20221013/UBNA_001/20221012_030000.WAV,Telephone Field,recover-20221013,001,1795
1184.2535,1184.2898,68437,81441,Rhinolophus ferrumequinum,0.022,0.023,-1,Echolocation,/mnt/ubna_data_02_mir/recover-20221013/UBNA_001/20221012_030000.WAV,Telephone Field,recover-20221013,001,1795
1184.2755,1184.2902,15156,19824,Nyctalus noctula,0.02,0.03,-1,Echolocation,/mnt/ubna_data_02_mir/recover-20221013/UBNA_001/20221012_030000.WAV,Telephone Field,recover-20221013,001,1795
1184.2835,1184.2908,28046,40704,Eptesicus serotinus,0.007,0.022,-1,Echolocation,/mnt/ubna_data_02_mir/recover-20221013/UBNA_001/20221012_030000.WAV,Telephone Field,recover-20221013,001,1795
1184.3025,1184.3446,68437,82771,Rhinolophus ferrumequinum,0.025,0.025,-1,Echolocation,/mnt/ubna_data_02_mir/recover-20221013/UBNA_001/20221012_030000.WAV,Telephone Field,recover-20221013,001,1795
1184.3195,1184.3279,26328,34463,Eptesicus serotinus,0.008,0.021,-1,Echolocation,/mnt/ubna_data_02_mir/recover-20221013/UBNA_001/20221012_030000.WAV,Telephone Field,recover-20221013,001,1795
1184.3305,1184.3395,28906,40382,Eptesicus serotinus,0.01,0.025,-1,Echolocation,/mnt/ubna_data_02_mir/recover-20221013/UBNA_001/20221012_030000.WAV,Telephone Field,recover-20221013,001,1795
1184.3375,1184.3759,68437,82030,Rhinolophus ferrumequinum,0.03,0.03,-1,Echolocation,/mnt/ubna_data_02_mir/recover-20221013/UBNA_001/20221012_030000.WAV,Telephone Field,recover-20221013,001,1795
1184.3465,1184.3881,68437,83468,Rhinolophus ferrumequinum,0.057,0.057,-1,Echolocation,/mnt/ubna_data_02_mir/recover-20221013/UBNA_001/20221012_030000.WAV,Telephone Field,recover-20221013,001,1795
1184.3625,1184.3703,28046,41252,Eptesicus serotinus,0.009,0.027,-1,Echolocation,/mnt/ubna_data_02_mir/recover-20221013/UBNA_001/20221012_030000.WAV,Telephone Field,recover-20221013,001,1795
1184.3735,1184.4165,68437,83285,Rhinolophus ferrumequinum,0.022,0.022,-1,Echolocation,/mnt/ubna_data_02_mir/recover-20221013/UBNA_001/20221012_030000.WAV,Telephone Field,recover-20221013,001,1795
1184.4675,1184.4761,25468,34337,Eptesicus serotinus,0.01,0.028,-1,Echolocation,/mnt/ubna_data_02_mir/recover-20221013/UBNA_001/20221012_030000.WAV,Telephone Field,recover-20221013,001,1795
1184.5415,1184.5824,68437,82648,Rhinolophus ferrumequinum,0.021,0.021,-1,Echolocation,/mnt/ubna_data_02_mir/recover-20221013/UBNA_001/20221012_030000.WAV,Telephone Field,recover-20221013,001,1795
1184.5425,1184.5518,28906,39126,Eptesicus serotinus,0.01,0.024,-1,Echolocation,/mnt/ubna_data_02_mir/recover-20221013/UBNA_001/20221012_030000.WAV,Telephone Field,recover-20221013,001,1795
1184.5815,1184.6213,68437,81954,Rhinolophus ferrumequinum,0.025,0.025,-1,Echolocation,/mnt/ubna_data_02_mir/recover-20221013/UBNA_001/20221012_030000.WAV,Telephone Field,recover-20221013,001,1795
1184.6295,1184.6682,68437,82472,Rhinolophus ferrumequinum,0.023,0.023,-1,Echolocation,/mnt/ubna_data_02_mir/recover-20221013/UBNA_001/20221012_030000.WAV,Telephone Field,recover-20221013,001,1795
1184.6535,1184.6919,68437,82276,Rhinolophus ferrumequinum,0.028,0.028,-1,Echolocation,/mnt/ubna_data_02_mir/recover-20221013/UBNA_001/20221012_030000.WAV,Telephone Field,recover-20221013,001,1795
1184.6885,1184.7286,68437,82409,Rhinolophus ferrumequinum,0.041,0.041,-1,Echolocation,/mnt/ubna_data_02_mir/recover-20221013/UBNA_001/20221012_030000.WAV,Telephone Field,recover-20221013,001,1795
1184.6995,1184.7156,20312,23417,Nyctalus leisleri,0.013,0.023,-1,Echolocation,/mnt/ubna_data_02_mir/recover-20221013/UBNA_001/20221012_030000.WAV,Telephone Field,recover-20221013,001,1795
1184.7035,1184.7104,47812,52338,Pipistrellus pipistrellus,0.068,0.072,-1,Echolocation,/mnt/ubna_data_02_mir/recover-20221013/UBNA_001/20221012_030000.WAV,Telephone Field,recover-20221013,001,1795
1184.7385,1184.7787,68437,83077,Rhinolophus ferrumequinum,0.023,0.023,-1,Echolocation,/mnt/ubna_data_02_mir/recover-20221013/UBNA_001/20221012_030000.WAV,Telephone Field,recover-20221013,001,1795
1184.7435,1184.7833,68437,82703,Rhinolophus ferrumequinum,0.022,0.022,-1,Echolocation,/mnt/ubna_data_02_mir/recover-20221013/UBNA_001/20221012_030000.WAV,Telephone Field,recover-20221013,001,1795
1184.7485,1184.7902,68437,82746,Rhinolophus ferrumequinum,0.022,0.022,-1,Echolocation,/mnt/ubna_data_02_mir/recover-20221013/UBNA_001/20221012_030000.WAV,Telephone Field,recover-20221013,001,1795
1184.7565,1184.7962,68437,82097,Rhinolophus ferrumequinum,0.024,0.024,-1,Echolocation,/mnt/ubna_data_02_mir/recover-20221013/UBNA_001/20221012_030000.WAV,Telephone Field,recover-20221013,001,1795
1184.7675,1184.7809,58125,63979,Pipistrellus pygmaeus,0.022,0.022,-1,Echolocation,/mnt/ubna_data_02_mir/recover-20221013/UBNA_001/20221012_030000.WAV,Telephone Field,recover-20221013,001,1795
1184.7745,1184.8123,68437,82205,Rhinolophus ferrumequinum,0.022,0.022,-1,Echolocation,/mnt/ubna_data_02_mir/recover-20221013/UBNA_001/20221012_030000.WAV,Telephone Field,recover-20221013,001,1795
1184.7835,1184.8256,68437,83442,Rhinolophus ferrumequinum,0.029,0.029,-1,Echolocation,/mnt/ubna_data_02_mir/recover-20221013/UBNA_001/20221012_030000.WAV,Telephone Field,recover-20221013,001,1795
1184.8015,1184.8431,68437,82427,Rhinolophus ferrumequinum,0.026,0.026,-1,Echolocation,/mnt/ubna_data_02_mir/recover-20221013/UBNA_001/20221012_030000.WAV,Telephone Field,recover-20221013,001,1795
1184.8265,1184.8687,68437,82712,Rhinolophus ferrumequinum,0.027,0.027,-1,Echolocation,/mnt/ubna_data_02_mir/recover-20221013/UBNA_001/20221012_030000.WAV,Telephone Field,recover-20221013,001,1795
1184.8265,1184.8332,27187,40269,Eptesicus serotinus,0.006,0.024,-1,Echolocation,/mnt/ubna_data_02_mir/recover-20221013/UBNA_001/20221012_030000.WAV,Telephone Field,recover-20221013,001,1795
1184.8505,1184.8912,68437,82933,Rhinolophus ferrumequinum,0.027,0.027,-1,Echolocation,/mnt/ubna_data_02_mir/recover-20221013/UBNA_001/20221012_030000.WAV,Telephone Field,recover-20221013,001,1795
1184.9325,1184.9706,68437,82062,Rhinolophus ferrumequinum,0.021,0.021,-1,Echolocation,/mnt/ubna_data_02_mir/recover-20221013/UBNA_001/20221012_030000.WAV,Telephone Field,recover-20221013,001,1795
1184.9515,1184.9941,68437,83501,Rhinolophus ferrumequinum,0.035,0.035,-1,Echolocation,/mnt/ubna_data_02_mir/recover-20221013/UBNA_001/20221012_030000.WAV,Telephone Field,recover-20221013,001,1795
1184.9585,1184.9699,22890,28044,Nyctalus leisleri,0.015,0.028,-1,Echolocation,/mnt/ubna_data_02_mir/recover-20221013/UBNA_001/20221012_030000.WAV,Telephone Field,recover-20221013,001,1795
1184.9785,1185.0188,68437,82307,Rhinolophus ferrumequinum,0.036,0.036,-1,Echolocation,/mnt/ubna_data_02_mir/recover-20221013/UBNA_001/20221012_030000.WAV,Telephone Field,recover-20221013,001,1795
1185.0095,1185.0464,68437,81859,Rhinolophus ferrumequinum,0.022,0.022,-1,Echolocation,/mnt/ubna_data_02_mir/recover-20221013/UBNA_001/20221012_030000.WAV,Telephone Field,recover-20221013,001,1795
1185.0185,1185.0302,24609,30961,Nyctalus leisleri,0.013,0.034,-1,Echolocation,/mnt/ubna_data_02_mir/recover-20221013/UBNA_001/20221012_030000.WAV,Telephone Field,recover-20221013,001,1795
1185.0375,1185.0766,68437,81793,Rhinolophus ferrumequinum,0.026,0.026,-1,Echolocation,/mnt/ubna_data_02_mir/recover-20221013/UBNA_001/20221012_030000.WAV,Telephone Field,recover-20221013,001,1795
1185.0385,1185.0447,28046,41427,Eptesicus serotinus,0.006,0.027,-1,Echolocation,/mnt/ubna_data_02_mir/recover-20221013/UBNA_001/20221012_030000.WAV,Telephone Field,recover-20221013,001,1795
1185.0895,1185.1004,22890,27618,Nyctalus leisleri,0.011,0.023,-1,Echolocation,/mnt/ubna_data_02_mir/recover-20221013/UBNA_001/20221012_030000.WAV,Telephone Field,recover-20221013,001,1795
1185.1035,1185.1407,68437,81155,Rhinolophus ferrumequinum,0.027,0.027,-1,Echolocation,/mnt/ubna_data_02_mir/recover-20221013/UBNA_001/20221012_030000.WAV,Telephone Field,recover-20221013,001,1795
1185.1305,1185.1672,68437,81857,Rhinolophus ferrumequinum,0.028,0.028,-1,Echolocation,/mnt/ubna_data_02_mir/recover-20221013/UBNA_001/20221012_030000.WAV,Telephone Field,recover-20221013,001,1795
1185.1485,1185.1564,23750,31775,Plecotus austriacus,0.011,0.026,-1,Echolocation,/mnt/ubna_data_02_mir/recover-20221013/UBNA_001/20221012_030000.WAV,Telephone Field,recover-20221013,001,1795
1185.1505,1185.1853,67578,79124,Rhinolophus ferrumequinum,0.022,0.022,-1,Echolocation,/mnt/ubna_data_02_mir/recover-20221013/UBNA_001/20221012_030000.WAV,Telephone Field,recover-20221013,001,1795
1185.1605,1185.1964,68437,81571,Rhinolophus ferrumequinum,0.023,0.023,-1,Echolocation,/mnt/ubna_data_02_mir/recover-20221013/UBNA_001/20221012_030000.WAV,Telephone Field,recover-20221013,001,1795
1185.1885,1185.2242,68437,81427,Rhinolophus ferrumequinum,0.022,0.022,-1,Echolocation,/mnt/ubna_data_02_mir/recover-20221013/UBNA_001/20221012_030000.WAV,Telephone Field,recover-20221013,001,1795
1185.2135,1185.2244,22890,28236,Nyctalus leisleri,0.011,0.023,-1,Echolocation,/mnt/ubna_data_02_mir/recover-20221013/UBNA_001/20221012_030000.WAV,Telephone Field,recover-20221013,001,1795
1185.2355,1185.2756,68437,81961,Rhinolophus ferrumequinum,0.022,0.022,-1,Echolocation,/mnt/ubna_data_02_mir/recover-20221013/UBNA_001/20221012_030000.WAV,Telephone Field,recover-20221013,001,1795
1185.2685,1185.3072,68437,82083,Rhinolophus ferrumequinum,0.024,0.024,-1,Echolocation,/mnt/ubna_data_02_mir/recover-20221013/UBNA_001/20221012_030000.WAV,Telephone Field,recover-20221013,001,1795
1185.3135,1185.3484,68437,81160,Rhinolophus ferrumequinum,0.022,0.022,-1,Echolocation,/mnt/ubna_data_02_mir/recover-20221013/UBNA_001/20221012_030000.WAV,Telephone Field,recover-20221013,001,1795
1185.3275,1185.3652,68437,82552,Rhinolophus ferrumequinum,0.023,0.023,-1,Echolocation,/mnt/ubna_data_02_mir/recover-20221013/UBNA_001/20221012_030000.WAV,Telephone Field,recover-20221013,001,1795
1185.3795,1185.4199,68437,82858,Rhinolophus ferrumequinum,0.026,0.026,-1,Echolocation,/mnt/ubna_data_02_mir/recover-20221013/UBNA_001/20221012_030000.WAV,Telephone Field,recover-20221013,001,1795
1185.4005,1185.4385,68437,82160,Rhinolophus ferrumequinum,0.022,0.022,-1,Echolocation,/mnt/ubna_data_02_mir/recover-20221013/UBNA_001/20221012_030000.WAV,Telephone Field,recover-20221013,001,1795
1185.4425,1185.4792,68437,81660,Rhinolophus ferrumequinum,0.022,0.022,-1,Echolocation,/mnt/ubna_data_02_mir/recover-20221013/UBNA_001/20221012_030000.WAV,Telephone Field,recover-20221013,001,1795
1185.4475,1185.4847,68437,81837,Rhinolophus ferrumequinum,0.022,0.022,-1,Echolocation,/mnt/ubna_data_02_mir/recover-20221013/UBNA_001/20221012_030000.WAV,Telephone Field,recover-20221013,001,1795
1185.4715,1185.5146,68437,83089,Rhinolophus ferrumequinum,0.05,0.05,-1,Echolocation,/mnt/ubna_data_02_mir/recover-20221013/UBNA_001/20221012_030000.WAV,Telephone Field,recover-20221013,001,1795
1185.4825,1185.4929,14296,19802,Nyctalus noctula,0.017,0.033,-1,Echolocation,/mnt/ubna_data_02_mir/recover-20221013/UBNA_001/20221012_030000.WAV,Telephone Field,recover-20221013,001,1795
1185.4915,1185.5003,27187,38558,Eptesicus serotinus,0.007,0.022,-1,Echolocation,/mnt/ubna_data_02_mir/recover-20221013/UBNA_001/20221012_030000.WAV,Telephone Field,recover-20221013,001,1795
1185.5105,1185.5195,28046,39528,Eptesicus serotinus,0.009,0.022,-1,Echolocation,/mnt/ubna_data_02_mir/recover-20221013/UBNA_001/20221012_030000.WAV,Telephone Field,recover-20221013,001,1795
1185.5285,1185.5664,68437,81840,Rhinolophus ferrumequinum,0.022,0.022,-1,Echolocation,/mnt/ubna_data_02_mir/recover-20221013/UBNA_001/20221012_030000.WAV,Telephone Field,recover-20221013,001,1795
1185.5315,1185.5415,44375,49241,Pipistrellus pipistrellus,0.019,0.022,-1,Echolocation,/mnt/ubna_data_02_mir/recover-20221013/UBNA_001/20221012_030000.WAV,Telephone Field,recover-20221013,001,1795
1185.5675,1185.5762,28046,35870,Eptesicus serotinus,0.01,0.025,-1,Echolocation,/mnt/ubna_data_02_mir/recover-20221013/UBNA_001/20221012_030000.WAV,Telephone Field,recover-20221013,001,1795
1185.5705,1185.6091,68437,82490,Rhinolophus ferrumequinum,0.021,0.021,-1,Echolocation,/mnt/ubna_data_02_mir/recover-20221013/UBNA_001/20221012_030000.WAV,Telephone Field,recover-20221013,001,1795
1185.5855,1185.596,29765,37558,Eptesicus serotinus,0.01,0.024,-1,Echolocation,/mnt/ubna_data_02_mir/recover-20221013/UBNA_001/20221012_030000.WAV,Telephone Field,recover-20221013,001,1795
1185.5905,1185.6,29765,37975,Eptesicus serotinus,0.008,0.024,-1,Echolocation,/mnt/ubna_data_02_mir/recover-20221013/UBNA_001/20221012_030000.WAV,Telephone Field,recover-20221013,001,1795
1185.6065,1185.6465,68437,82532,Rhinolophus ferrumequinum,0.025,0.025,-1,Echolocation,/mnt/ubna_data_02_mir/recover-20221013/UBNA_001/20221012_030000.WAV,Telephone Field,recover-20221013,001,1795
1185.6285,1185.6397,23750,28852,Nyctalus leisleri,0.011,0.023,-1,Echolocation,/mnt/ubna_data_02_mir/recover-20221013/UBNA_001/20221012_030000.WAV,Telephone Field,recover-20221013,001,1795
1185.6435,1185.6813,68437,81556,Rhinolophus ferrumequinum,0.022,0.022,-1,Echolocation,/mnt/ubna_data_02_mir/recover-20221013/UBNA_001/20221012_030000.WAV,Telephone Field,recover-20221013,001,1795
1185.6495,1185.6876,68437,82533,Rhinolophus ferrumequinum,0.022,0.022,-1,Echolocation,/mnt/ubna_data_02_mir/recover-20221013/UBNA_001/20221012_030000.WAV,Telephone Field,recover-20221013,001,1795
1185.6675,1185.7087,68437,82164,Rhinolophus ferrumequinum,0.029,0.029,-1,Echolocation,/mnt/ubna_data_02_mir/recover-20221013/UBNA_001/20221012_030000.WAV,Telephone Field,recover-20221013,001,1795
1185.7195,1185.7591,68437,82368,Rhinolophus ferrumequinum,0.023,0.023,-1,Echolocation,/mnt/ubna_data_02_mir/recover-20221013/UBNA_001/20221012_030000.WAV,Telephone Field,recover-20221013,001,1795
1185.7355,1185.7446,27187,35615,Eptesicus serotinus,0.011,0.024,-1,Echolocation,/mnt/ubna_data_02_mir/recover-20221013/UBNA_001/20221012_030000.WAV,Telephone Field,recover-20221013,001,1795
1185.8315,1185.8666,68437,81471,Rhinolophus ferrumequinum,0.023,0.023,-1,Echolocation,/mnt/ubna_data_02_mir/recover-20221013/UBNA_001/20221012_030000.WAV,Telephone Field,recover-20221013,001,1795
1185.8845,1185.924,68437,82168,Rhinolophus ferrumequinum,0.03,0.03,-1,Echolocation,/mnt/ubna_data_02_mir/recover-20221013/UBNA_001/20221012_030000.WAV,Telephone Field,recover-20221013,001,1795
1185.8905,1185.9273,68437,81321,Rhinolophus ferrumequinum,0.026,0.026,-1,Echolocation,/mnt/ubna_data_02_mir/recover-20221013/UBNA_001/20221012_030000.WAV,Telephone Field,recover-20221013,001,1795
1185.9125,1185.9242,28046,33712,Eptesicus serotinus,0.011,0.024,-1,Echolocation,/mnt/ubna_data_02_mir/recover-20221013/UBNA_001/20221012_030000.WAV,Telephone Field,recover-20221013,001,1795
1185.9345,1185.944,28906,37216,Eptesicus serotinus,0.009,0.022,-1,Echolocation,/mnt/ubna_data_02_mir/recover-20221013/UBNA_001/20221012_030000.WAV,Telephone Field,recover-20221013,001,1795
1185.9495,1185.9578,28046,39500,Eptesicus serotinus,0.007,0.021,-1,Echolocation,/mnt/ubna_data_02_mir/recover-20221013/UBNA_001/20221012_030000.WAV,Telephone Field,recover-20221013,001,1795
1186.0015,1186.035,68437,79694,Rhinolophus ferrumequinum,0.021,0.021,-1,Echolocation,/mnt/ubna_data_02_mir/recover-20221013/UBNA_001/20221012_030000.WAV,Telephone Field,recover-20221013,001,1795
1186.0015,1186.0183,17734,22515,Nyctalus noctula,0.021,0.041,-1,Echolocation,/mnt/ubna_data_02_mir/recover-20221013/UBNA_001/20221012_030000.WAV,Telephone Field,recover-20221013,001,1795
1186.0015,1186.0113,26328,35133,Eptesicus serotinus,0.008,0.026,-1,Echolocation,/mnt/ubna_data_02_mir/recover-20221013/UBNA_001/20221012_030000.WAV,Telephone Field,recover-20221013,001,1795
1186.0155,1186.0264,22890,26933,Nyctalus leisleri,0.012,0.023,-1,Echolocation,/mnt/ubna_data_02_mir/recover-20221013/UBNA_001/20221012_030000.WAV,Telephone Field,recover-20221013,001,1795
1186.0225,1186.0631,68437,82160,Rhinolophus ferrumequinum,0.02,0.02,-1,Echolocation,/mnt/ubna_data_02_mir/recover-20221013/UBNA_001/20221012_030000.WAV,Telephone Field,recover-20221013,001,1795
1186.0805,1186.123,68437,83241,Rhinolophus ferrumequinum,0.043,0.043,-1,Echolocation,/mnt/ubna_data_02_mir/recover-20221013/UBNA_001/20221012_030000.WAV,Telephone Field,recover-20221013,001,1795
1186.1105,1186.1475,68437,81299,Rhinolophus ferrumequinum,0.02,0.02,-1,Echolocation,/mnt/ubna_data_02_mir/recover-20221013/UBNA_001/20221012_030000.WAV,Telephone Field,recover-20221013,001,1795
1186.1155,1186.1538,68437,81564,Rhinolophus ferrumequinum,0.02,0.02,-1,Echolocation,/mnt/ubna_data_02_mir/recover-20221013/UBNA_001/20221012_030000.WAV,Telephone Field,recover-20221013,001,1795
1186.1165,1186.1313,21171,24516,Nyctalus leisleri,0.013,0.022,-1,Echolocation,/mnt/ubna_data_02_mir/recover-20221013/UBNA_001/20221012_030000.WAV,Telephone Field,recover-20221013,001,1795
1186.1285,1186.1666,68437,81815,Rhinolophus ferrumequinum,0.021,0.021,-1,Echolocation,/mnt/ubna_data_02_mir/recover-20221013/UBNA_001/20221012_030000.WAV,Telephone Field,recover-20221013,001,1795
1186.1815,1186.2214,68437,82282,Rhinolophus ferrumequinum,0.022,0.022,-1,Echolocation,/mnt/ubna_data_02_mir/recover-20221013/UBNA_001/20221012_030000.WAV,Telephone Field,recover-20221013,001,1795
1186.2085,1186.2466,68437,81857,Rhinolophus ferrumequinum,0.02,0.02,-1,Echolocation,/mnt/ubna_data_02_mir/recover-20221013/UBNA_001/20221012_030000.WAV,Telephone Field,recover-20221013,001,1795
1186.2335,1186.2732,68437,82513,Rhinolophus ferrumequinum,0.025,0.025,-1,Echolocation,/mnt/ubna_data_02_mir/recover-20221013/UBNA_001/20221012_030000.WAV,Telephone Field,recover-20221013,001,1795
1186.2655,1186.3046,68437,82523,Rhinolophus ferrumequinum,0.02,0.02,-1,Echolocation,/mnt/ubna_data_02_mir/recover-20221013/UBNA_001/20221012_030000.WAV,Telephone Field,recover-20221013,001,1795
1186.2895,1186.327,68437,81583,Rhinolophus ferrumequinum,0.026,0.026,-1,Echolocation,/mnt/ubna_data_02_mir/recover-20221013/UBNA_001/20221012_030000.WAV,Telephone Field,recover-20221013,001,1795
1186.3125,1186.3494,68437,81553,Rhinolophus ferrumequinum,0.022,0.022,-1,Echolocation,/mnt/ubna_data_02_mir/recover-20221013/UBNA_001/20221012_030000.WAV,Telephone Field,recover-20221013,001,1795
1186.3585,1186.3988,68437,82278,Rhinolophus ferrumequinum,0.025,0.025,-1,Echolocation,/mnt/ubna_data_02_mir/recover-20221013/UBNA_001/20221012_030000.WAV,Telephone Field,recover-20221013,001,1795
1186.3605,1186.3686,28046,39132,Eptesicus serotinus,0.006,0.021,-1,Echolocation,/mnt/ubna_data_02_mir/recover-20221013/UBNA_001/20221012_030000.WAV,Telephone Field,recover-20221013,001,1795
1186.3665,1186.375,28046,38826,Eptesicus serotinus,0.007,0.021,-1,Echolocation,/mnt/ubna_data_02_mir/recover-20221013/UBNA_001/20221012_030000.WAV,Telephone Field,recover-20221013,001,1795
1186.3855,1186.3933,23750,32293,Plecotus austriacus,0.008,0.021,-1,Echolocation,/mnt/ubna_data_02_mir/recover-20221013/UBNA_001/20221012_030000.WAV,Telephone Field,recover-20221013,001,1795
1186.3925,1186.427,68437,81645,Rhinolophus ferrumequinum,0.021,0.021,-1,Echolocation,/mnt/ubna_data_02_mir/recover-20221013/UBNA_001/20221012_030000.WAV,Telephone Field,recover-20221013,001,1795
1186.4265,1186.4369,26328,32793,Eptesicus serotinus,0.012,0.033,-1,Echolocation,/mnt/ubna_data_02_mir/recover-20221013/UBNA_001/20221012_030000.WAV,Telephone Field,recover-20221013,001,1795
1186.4415,1186.4789,68437,81494,Rhinolophus ferrumequinum,0.02,0.02,-1,Echolocation,/mnt/ubna_data_02_mir/recover-20221013/UBNA_001/20221012_030000.WAV,Telephone Field,recover-20221013,001,1795
1186.4695,1186.4767,26328,38107,Eptesicus serotinus,0.006,0.021,-1,Echolocation,/mnt/ubna_data_02_mir/recover-20221013/UBNA_001/20221012_030000.WAV,Telephone Field,recover-20221013,001,1795
1186.4785,1186.5172,68437,82118,Rhinolophus ferrumequinum,0.022,0.022,-1,Echolocation,/mnt/ubna_data_02_mir/recover-20221013/UBNA_001/20221012_030000.WAV,Telephone Field,recover-20221013,001,1795
1186.4965,1186.5368,68437,82744,Rhinolophus ferrumequinum,0.034,0.034,-1,Echolocation,/mnt/ubna_data_02_mir/recover-20221013/UBNA_001/20221012_030000.WAV,Telephone Field,recover-20221013,001,1795
1186.5035,1186.5114,32343,41953,Myotis daubentonii,0.01,0.027,-1,Echolocation,/mnt/ubna_data_02_mir/recover-20221013/UBNA_001/20221012_030000.WAV,Telephone Field,recover-20221013,001,1795
1186.5465,1186.553,27187,39645,Eptesicus serotinus,0.005,0.021,-1,Echolocation,/mnt/ubna_data_02_mir/recover-20221013/UBNA_001/20221012_030000.WAV,Telephone Field,recover-20221013,001,1795
1186.5645,1186.5705,24609,34313,Plecotus austriacus,0.012,0.028,-1,Echolocation,/mnt/ubna_data_02_mir/recover-20221013/UBNA_001/20221012_030000.WAV,Telephone Field,recover-20221013,001,1795
1186.6105,1186.6504,68437,82435,Rhinolophus ferrumequinum,0.026,0.026,-1,Echolocation,/mnt/ubna_data_02_mir/recover-20221013/UBNA_001/20221012_030000.WAV,Telephone Field,recover-20221013,001,1795
1186.6345,1186.6733,68437,82581,Rhinolophus ferrumequinum,0.022,0.022,-1,Echolocation,/mnt/ubna_data_02_mir/recover-20221013/UBNA_001/20221012_030000.WAV,Telephone Field,recover-20221013,001,1795
1186.6485,1186.6882,68437,82051,Rhinolophus ferrumequinum,0.02,0.02,-1,Echolocation,/mnt/ubna_data_02_mir/recover-20221013/UBNA_001/20221012_030000.WAV,Telephone Field,recover-20221013,001,1795
1186.7155,1186.7245,28046,36463,Eptesicus serotinus,0.007,0.022,-1,Echolocation,/mnt/ubna_data_02_mir/recover-20221013/UBNA_001/20221012_030000.WAV,Telephone Field,recover-20221013,001,1795
1186.7345,1186.7786,68437,83158,Rhinolophus ferrumequinum,0.045,0.045,-1,Echolocation,/mnt/ubna_data_02_mir/recover-20221013/UBNA_001/20221012_030000.WAV,Telephone Field,recover-20221013,001,1795
1186.7545,1186.7925,68437,81742,Rhinolophus ferrumequinum,0.024,0.024,-1,Echolocation,/mnt/ubna_data_02_mir/recover-20221013/UBNA_001/20221012_030000.WAV,Telephone Field,recover-20221013,001,1795
1186.7875,1186.8284,68437,82177,Rhinolophus ferrumequinum,0.02,0.02,-1,Echolocation,/mnt/ubna_data_02_mir/recover-20221013/UBNA_001/20221012_030000.WAV,Telephone Field,recover-20221013,001,1795
1186.8035,1186.812,27187,36108,Eptesicus serotinus,0.012,0.032,-1,Echolocation,/mnt/ubna_data_02_mir/recover-20221013/UBNA_001/20221012_030000.WAV,Telephone Field,recover-20221013,001,1795
1186.8235,1186.8352,26328,31981,Eptesicus serotinus,0.009,0.023,-1,Echolocation,/mnt/ubna_data_02_mir/recover-20221013/UBNA_001/20221012_030000.WAV,Telephone Field,recover-20221013,001,1795
1186.8375,1186.8774,68437,82945,Rhinolophus ferrumequinum,0.027,0.027,-1,Echolocation,/mnt/ubna_data_02_mir/recover-20221013/UBNA_001/20221012_030000.WAV,Telephone Field,recover-20221013,001,1795
1186.8995,1186.9379,68437,81661,Rhinolophus ferrumequinum,0.023,0.023,-1,Echolocation,/mnt/ubna_data_02_mir/recover-20221013/UBNA_001/20221012_030000.WAV,Telephone Field,recover-20221013,001,1795
1186.9285,1186.9658,68437,81672,Rhinolophus ferrumequinum,0.021,0.021,-1,Echolocation,/mnt/ubna_data_02_mir/recover-20221013/UBNA_001/20221012_030000.WAV,Telephone Field,recover-20221013,001,1795
1186.9355,1186.9719,68437,81614,Rhinolophus ferrumequinum,0.021,0.021,-1,Echolocation,/mnt/ubna_data_02_mir/recover-20221013/UBNA_001/20221012_030000.WAV,Telephone Field,recover-20221013,001,1795
1186.9455,1186.9851,68437,82126,Rhinolophus ferrumequinum,0.023,0.023,-1,Echolocation,/mnt/ubna_data_02_mir/recover-20221013/UBNA_001/20221012_030000.WAV,Telephone Field,recover-20221013,001,1795
1186.9705,1186.9771,28046,39642,Eptesicus serotinus,0.005,0.021,-1,Echolocation,/mnt/ubna_data_02_mir/recover-20221013/UBNA_001/20221012_030000.WAV,Telephone Field,recover-20221013,001,1795
1187.0465,1187.087,68437,82038,Rhinolophus ferrumequinum,0.021,0.021,-1,Echolocation,/mnt/ubna_data_02_mir/recover-20221013/UBNA_001/20221012_030000.WAV,Telephone Field,recover-20221013,001,1795
1187.0635,1187.0703,28906,38528,Myotis daubentonii,0.006,0.025,-1,Echolocation,/mnt/ubna_data_02_mir/recover-20221013/UBNA_001/20221012_030000.WAV,Telephone Field,recover-20221013,001,1795
1187.1015,1187.1416,68437,82017,Rhinolophus ferrumequinum,0.021,0.021,-1,Echolocation,/mnt/ubna_data_02_mir/recover-20221013/UBNA_001/20221012_030000.WAV,Telephone Field,recover-20221013,001,1795
1187.1115,1187.1203,26328,34544,Eptesicus serotinus,0.008,0.021,-1,Echolocation,/mnt/ubna_data_02_mir/recover-20221013/UBNA_001/20221012_030000.WAV,Telephone Field,recover-20221013,001,1795
1187.1225,1187.1606,68437,82865,Rhinolophus ferrumequinum,0.025,0.025,-1,Echolocation,/mnt/ubna_data_02_mir/recover-20221013/UBNA_001/20221012_030000.WAV,Telephone Field,recover-20221013,001,1795
1187.1465,1187.184,68437,81365,Rhinolophus ferrumequinum,0.024,0.024,-1,Echolocation,/mnt/ubna_data_02_mir/recover-20221013/UBNA_001/20221012_030000.WAV,Telephone Field,recover-20221013,001,1795
1187.1845,1187.1923,23750,31797,Plecotus austriacus,0.01,0.023,-1,Echolocation,/mnt/ubna_data_02_mir/recover-20221013/UBNA_001/20221012_030000.WAV,Telephone Field,recover-20221013,001,1795
1187.2035,1187.244,68437,82415,Rhinolophus ferrumequinum,0.022,0.022,-1,Echolocation,/mnt/ubna_data_02_mir/recover-20221013/UBNA_001/20221012_030000.WAV,Telephone Field,recover-20221013,001,1795
1187.2095,1187.2203,22890,28622,Nyctalus leisleri,0.01,0.023,-1,Echolocation,/mnt/ubna_data_02_mir/recover-20221013/UBNA_001/20221012_030000.WAV,Telephone Field,recover-20221013,001,1795
1187.2515,1187.2922,68437,82708,Rhinolophus ferrumequinum,0.021,0.021,-1,Echolocation,/mnt/ubna_data_02_mir/recover-20221013/UBNA_001/20221012_030000.WAV,Telephone Field,recover-20221013,001,1795
1187.2665,1187.3068,68437,82698,Rhinolophus ferrumequinum,0.026,0.026,-1,Echolocation,/mnt/ubna_data_02_mir/recover-20221013/UBNA_001/20221012_030000.WAV,Telephone Field,recover-20221013,001,1795
1187.2875,1187.2957,28906,38617,Eptesicus serotinus,0.007,0.022,-1,Echolocation,/mnt/ubna_data_02_mir/recover-20221013/UBNA_001/20221012_030000.WAV,Telephone Field,recover-20221013,001,1795
1187.3295,1187.3396,22031,26208,Nyctalus leisleri,0.01,0.02,-1,Echolocation,/mnt/ubna_data_02_mir/recover-20221013/UBNA_001/20221012_030000.WAV,Telephone Field,recover-20221013,001,1795
1187.3435,1187.3827,68437,82286,Rhinolophus ferrumequinum,0.022,0.022,-1,Echolocation,/mnt/ubna_data_02_mir/recover-20221013/UBNA_001/20221012_030000.WAV,Telephone Field,recover-20221013,001,1795
1187.3595,1187.3701,26328,32522,Eptesicus serotinus,0.014,0.035,-1,Echolocation,/mnt/ubna_data_02_mir/recover-20221013/UBNA_001/20221012_030000.WAV,Telephone Field,recover-20221013,001,1795
1187.3775,1187.3864,22890,29197,Plecotus austriacus,0.008,0.021,-1,Echolocation,/mnt/ubna_data_02_mir/recover-20221013/UBNA_001/20221012_030000.WAV,Telephone Field,recover-20221013,001,1795
1187.3955,1187.434,68437,82048,Rhinolophus ferrumequinum,0.021,0.021,-1,Echolocation,/mnt/ubna_data_02_mir/recover-20221013/UBNA_001/20221012_030000.WAV,Telephone Field,recover-20221013,001,1795
1187.4165,1187.4226,33203,45077,Myotis daubentonii,0.012,0.026,-1,Echolocation,/mnt/ubna_data_02_mir/recover-20221013/UBNA_001/20221012_030000.WAV,Telephone Field,recover-20221013,001,1795
1187.4165,1187.4227,26328,45436,Myotis nattereri,0.009,0.035,-1,Echolocation,/mnt/ubna_data_02_mir/recover-20221013/UBNA_001/20221012_030000.WAV,Telephone Field,recover-20221013,001,1795
1187.4515,1187.4893,68437,81499,Rhinolophus ferrumequinum,0.023,0.023,-1,Echolocation,/mnt/ubna_data_02_mir/recover-20221013/UBNA_001/20221012_030000.WAV,Telephone Field,recover-20221013,001,1795
1187.4835,1187.5247,68437,82571,Rhinolophus ferrumequinum,0.023,0.023,-1,Echolocation,/mnt/ubna_data_02_mir/recover-20221013/UBNA_001/20221012_030000.WAV,Telephone Field,recover-20221013,001,1795
1187.4875,1187.4958,28046,39707,Eptesicus serotinus,0.007,0.021,-1,Echolocation,/mnt/ubna_data_02_mir/recover-20221013/UBNA_001/20221012_030000.WAV,Telephone Field,recover-20221013,001,1795
1187.5055,1187.528,20312,23804,Nyctalus noctula,0.025,0.051,-1,Echolocation,/mnt/ubna_data_02_mir/recover-20221013/UBNA_001/20221012_030000.WAV,Telephone Field,recover-20221013,001,1795
1187.5215,1187.558,68437,81295,Rhinolophus ferrumequinum,0.02,0.02,-1,Echolocation,/mnt/ubna_data_02_mir/recover-20221013/UBNA_001/20221012_030000.WAV,Telephone Field,recover-20221013,001,1795
1187.5445,1187.5516,27187,37934,Eptesicus serotinus,0.005,0.02,-1,Echolocation,/mnt/ubna_data_02_mir/recover-20221013/UBNA_001/20221012_030000.WAV,Telephone Field,recover-20221013,001,1795
1187.5825,1187.6214,68437,81918,Rhinolophus ferrumequinum,0.02,0.02,-1,Echolocation,/mnt/ubna_data_02_mir/recover-20221013/UBNA_001/20221012_030000.WAV,Telephone Field,recover-20221013,001,1795
1187.6105,1187.649,68437,81833,Rhinolophus ferrumequinum,0.021,0.021,-1,Echolocation,/mnt/ubna_data_02_mir/recover-20221013/UBNA_001/20221012_030000.WAV,Telephone Field,recover-20221013,001,1795
1187.6155,1187.6536,68437,82210,Rhinolophus ferrumequinum,0.02,0.02,-1,Echolocation,/mnt/ubna_data_02_mir/recover-20221013/UBNA_001/20221012_030000.WAV,Telephone Field,recover-20221013,001,1795
1187.6515,1187.6893,68437,82026,Rhinolophus ferrumequinum,0.023,0.023,-1,Echolocation,/mnt/ubna_data_02_mir/recover-20221013/UBNA_001/20221012_030000.WAV,Telephone Field,recover-20221013,001,1795
1187.6885,1187.7007,22031,26124,Nyctalus leisleri,0.012,0.021,-1,Echolocation,/mnt/ubna_data_02_mir/recover-20221013/UBNA_001/20221012_030000.WAV,Telephone Field,recover-20221013,001,1795
1187.7075,1187.747,68437,81887,Rhinolophus ferrumequinum,0.02,0.02,-1,Echolocation,/mnt/ubna_data_02_mir/recover-20221013/UBNA_001/20221012_030000.WAV,Telephone Field,recover-20221013,001,1795
1187.7305,1187.7698,68437,82578,Rhinolophus ferrumequinum,0.022,0.022,-1,Echolocation,/mnt/ubna_data_02_mir/recover-20221013/UBNA_001/20221012_030000.WAV,Telephone Field,recover-20221013,001,1795
1187.7475,1187.7532,37500,48173,Myotis daubentonii,0.007,0.02,-1,Echolocation,/mnt/ubna_data_02_mir/recover-20221013/UBNA_001/20221012_030000.WAV,Telephone Field,recover-20221013,001,1795
1187.7485,1187.7554,30625,47932,Myotis daubentonii,0.008,0.021,-1,Echolocation,/mnt/ubna_data_02_mir/recover-20221013/UBNA_001/20221012_030000.WAV,Telephone Field,recover-20221013,001,1795
1187.7815,1187.8213,68437,82255,Rhinolophus ferrumequinum,0.02,0.02,-1,Echolocation,/mnt/ubna_data_02_mir/recover-20221013/UBNA_001/20221012_030000.WAV,Telephone Field,recover-20221013,001,1795
1187.7845,1187.7941,25468,33197,Eptesicus serotinus,0.008,0.022,-1,Echolocation,/mnt/ubna_data_02_mir/recover-20221013/UBNA_001/20221012_030000.WAV,Telephone Field,recover-20221013,001,1795
1187.7985,1187.8166,16875,21634,Nyctalus noctula,0.022,0.029,-1,Echolocation,/mnt/ubna_data_02_mir/recover-20221013/UBNA_001/20221012_030000.WAV,Telephone Field,recover-20221013,001,1795
1187.8125,1187.8201,28046,38609,Eptesicus serotinus,0.006,0.02,-1,Echolocation,/mnt/ubna_data_02_mir/recover-20221013/UBNA_001/20221012_030000.WAV,Telephone Field,recover-20221013,001,1795
1187.8355,1187.8422,28046,37028,Eptesicus serotinus,0.005,0.023,-1,Echolocation,/mnt/ubna_data_02_mir/recover-20221013/UBNA_001/20221012_030000.WAV,Telephone Field,recover-20221013,001,1795
1187.8405,1187.8809,68437,82742,Rhinolophus ferrumequinum,0.026,0.026,-1,Echolocation,/mnt/ubna_data_02_mir/recover-20221013/UBNA_001/20221012_030000.WAV,Telephone Field,recover-20221013,001,1795
1187.9035,1187.9374,68437,81272,Rhinolophus ferrumequinum,0.021,0.021,-1,Echolocation,/mnt/ubna_data_02_mir/recover-20221013/UBNA_001/20221012_030000.WAV,Telephone Field,recover-20221013,001,1795
1187.9275,1187.9672,68437,82897,Rhinolophus ferrumequinum,0.025,0.025,-1,Echolocation,/mnt/ubna_data_02_mir/recover-20221013/UBNA_001/20221012_030000.WAV,Telephone Field,recover-20221013,001,1795
1187.9325,1187.942,28046,35434,Eptesicus serotinus,0.02,0.039,-1,Echolocation,/mnt/ubna_data_02_mir/recover-20221013/UBNA_001/20221012_030000.WAV,Telephone Field,recover-20221013,001,1795
1187.9505,1187.9614,27187,33882,Eptesicus serotinus,0.009,0.022,-1,Echolocation,/mnt/ubna_data_02_mir/recover-20221013/UBNA_001/20221012_030000.WAV,Telephone Field,recover-20221013,001,1795
1188.0015,1188.0143,21171,26722,Nyctalus leisleri,0.028,0.069,-1,Echolocation,/mnt/ubna_data_02_mir/recover-20221013/UBNA_001/20221012_030000.WAV,Telephone Field,recover-20221013,001,1795
1188.0015,1188.0087,36640,46560,Myotis daubentonii,0.008,0.02,-1,Echolocation,/mnt/ubna_data_02_mir/recover-20221013/UBNA_001/20221012_030000.WAV,Telephone Field,recover-20221013,001,1795
1188.0015,1188.0322,68437,79965,Rhinolophus ferrumequinum,0.039,0.039,-1,Echolocation,/mnt/ubna_data_02_mir/recover-20221013/UBNA_001/20221012_030000.WAV,Telephone Field,recover-20221013,001,1795
1188.0015,1188.0099,46953,52866,Pipistrellus pipistrellus,0.018,0.023,-1,Echolocation,/mnt/ubna_data_02_mir/recover-20221013/UBNA_001/20221012_030000.WAV,Telephone Field,recover-20221013,001,1795
1188.0125,1188.0219,26328,33595,Eptesicus serotinus,0.009,0.024,-1,Echolocation,/mnt/ubna_data_02_mir/recover-20221013/UBNA_001/20221012_030000.WAV,Telephone Field,recover-20221013,001,1795
1188.0635,1188.0698,27187,39218,Eptesicus serotinus,0.005,0.022,-1,Echolocation,/mnt/ubna_data_02_mir/recover-20221013/UBNA_001/20221012_030000.WAV,Telephone Field,recover-20221013,001,1795
1188.0875,1188.1224,68437,81869,Rhinolophus ferrumequinum,0.038,0.038,-1,Echolocation,/mnt/ubna_data_02_mir/recover-20221013/UBNA_001/20221012_030000.WAV,Telephone Field,recover-20221013,001,1795
1188.0925,1188.1055,23750,28706,Nyctalus leisleri,0.018,0.034,-1,Echolocation,/mnt/ubna_data_02_mir/recover-20221013/UBNA_001/20221012_030000.WAV,Telephone Field,recover-20221013,001,1795
1188.1195,1188.1575,68437,82587,Rhinolophus ferrumequinum,0.022,0.022,-1,Echolocation,/mnt/ubna_data_02_mir/recover-20221013/UBNA_001/20221012_030000.WAV,Telephone Field,recover-20221013,001,1795
1188.1325,1188.1735,68437,82493,Rhinolophus ferrumequinum,0.024,0.024,-1,Echolocation,/mnt/ubna_data_02_mir/recover-20221013/UBNA_001/20221012_030000.WAV,Telephone Field,recover-20221013,001,1795
1188.1375,1188.1764,68437,82858,Rhinolophus ferrumequinum,0.025,0.025,-1,Echolocation,/mnt/ubna_data_02_mir/recover-20221013/UBNA_001/20221012_030000.WAV,Telephone Field,recover-20221013,001,1795
1188.1465,1188.1535,25468,38576,Eptesicus serotinus,0.005,0.022,-1,Echolocation,/mnt/ubna_data_02_mir/recover-20221013/UBNA_001/20221012_030000.WAV,Telephone Field,recover-20221013,001,1795
1188.1735,1188.2131,68437,81989,Rhinolophus ferrumequinum,0.021,0.021,-1,Echolocation,/mnt/ubna_data_02_mir/recover-20221013/UBNA_001/20221012_030000.WAV,Telephone Field,recover-20221013,001,1795
1188.1965,1188.2355,68437,82271,Rhinolophus ferrumequinum,0.02,0.02,-1,Echolocation,/mnt/ubna_data_02_mir/recover-20221013/UBNA_001/20221012_030000.WAV,Telephone Field,recover-20221013,001,1795
1188.2165,1188.2237,28046,37062,Eptesicus serotinus,0.008,0.027,-1,Echolocation,/mnt/ubna_data_02_mir/recover-20221013/UBNA_001/20221012_030000.WAV,Telephone Field,recover-20221013,001,1795
1188.2275,1188.2656,68437,82540,Rhinolophus ferrumequinum,0.022,0.022,-1,Echolocation,/mnt/ubna_data_02_mir/recover-20221013/UBNA_001/20221012_030000.WAV,Telephone Field,recover-20221013,001,1795
1188.2345,1188.253,19453,21816,Nyctalus leisleri,0.013,0.021,-1,Echolocation,/mnt/ubna_data_02_mir/recover-20221013/UBNA_001/20221012_030000.WAV,Telephone Field,recover-20221013,001,1795
1188.2445,1188.2826,68437,82693,Rhinolophus ferrumequinum,0.025,0.025,-1,Echolocation,/mnt/ubna_data_02_mir/recover-20221013/UBNA_001/20221012_030000.WAV,Telephone Field,recover-20221013,001,1795
1188.2535,1188.2928,68437,82206,Rhinolophus ferrumequinum,0.023,0.023,-1,Echolocation,/mnt/ubna_data_02_mir/recover-20221013/UBNA_001/20221012_030000.WAV,Telephone Field,recover-20221013,001,1795
1188.2585,1188.2956,68437,81998,Rhinolophus ferrumequinum,0.023,0.023,-1,Echolocation,/mnt/ubna_data_02_mir/recover-20221013/UBNA_001/20221012_030000.WAV,Telephone Field,recover-20221013,001,1795
1188.2675,1188.2768,25468,33117,Eptesicus serotinus,0.009,0.024,-1,Echolocation,/mnt/ubna_data_02_mir/recover-20221013/UBNA_001/20221012_030000.WAV,Telephone Field,recover-20221013,001,1795
1188.2715,1188.3102,68437,82270,Rhinolophus ferrumequinum,0.022,0.022,-1,Echolocation,/mnt/ubna_data_02_mir/recover-20221013/UBNA_001/20221012_030000.WAV,Telephone Field,recover-20221013,001,1795
1188.2925,1188.3308,68437,81620,Rhinolophus ferrumequinum,0.02,0.02,-1,Echolocation,/mnt/ubna_data_02_mir/recover-20221013/UBNA_001/20221012_030000.WAV,Telephone Field,recover-20221013,001,1795
1188.3165,1188.3516,68437,81096,Rhinolophus ferrumequinum,0.022,0.022,-1,Echolocation,/mnt/ubna_data_02_mir/recover-20221013/UBNA_001/20221012_030000.WAV,Telephone Field,recover-20221013,001,1795
1188.4125,1188.4331,18593,21560,Nyctalus noctula,0.011,0.023,-1,Echolocation,/mnt/ubna_data_02_mir/recover-20221013/UBNA_001/20221012_030000.WAV,Telephone Field,recover-20221013,001,1795
1188.4145,1188.4514,68437,81265,Rhinolophus ferrumequinum,0.027,0.027,-1,Echolocation,/mnt/ubna_data_02_mir/recover-20221013/UBNA_001/20221012_030000.WAV,Telephone Field,recover-20221013,001,1795
1188.4385,1188.4491,27187,35186,Eptesicus serotinus,0.012,0.024,-1,Echolocation,/mnt/ubna_data_02_mir/recover-20221013/UBNA_001/20221012_030000.WAV,Telephone Field,recover-20221013,001,1795
1188.4415,1188.4783,68437,82101,Rhinolophus ferrumequinum,0.021,0.021,-1,Echolocation,/mnt/ubna_data_02_mir/recover-20221013/UBNA_001/20221012_030000.WAV,Telephone Field,recover-20221013,001,1795
1188.4815,1188.5203,68437,82244,Rhinolophus ferrumequinum,0.021,0.021,-1,Echolocation,/mnt/ubna_data_02_mir/recover-20221013/UBNA_001/20221012_030000.WAV,Telephone Field,recover-20221013,001,1795
1188.5045,1188.5431,68437,82148,Rhinolophus ferrumequinum,0.021,0.021,-1,Echolocation,/mnt/ubna_data_02_mir/recover-20221013/UBNA_001/20221012_030000.WAV,Telephone Field,recover-20221013,001,1795
1188.5225,1188.5305,34921,43754,Myotis daubentonii,0.008,0.023,-1,Echolocation,/mnt/ubna_data_02_mir/recover-20221013/UBNA_001/20221012_030000.WAV,Telephone Field,recover-20221013,001,1795
1188.5235,1188.5307,27187,38242,Eptesicus serotinus,0.007,0.023,-1,Echolocation,/mnt/ubna_data_02_mir/recover-20221013/UBNA_001/20221012_030000.WAV,Telephone Field,recover-20221013,001,1795
1188.5235,1188.5593,68437,80586,Rhinolophus ferrumequinum,0.025,0.025,-1,Echolocation,/mnt/ubna_data_02_mir/recover-20221013/UBNA_001/20221012_030000.WAV,Telephone Field,recover-20221013,001,1795
1188.5445,1188.5533,28046,38956,Eptesicus serotinus,0.008,0.021,-1,Echolocation,/mnt/ubna_data_02_mir/recover-20221013/UBNA_001/20221012_030000.WAV,Telephone Field,recover-20221013,001,1795
1188.5495,1188.5564,28906,40193,Eptesicus serotinus,0.005,0.021,-1,Echolocation,/mnt/ubna_data_02_mir/recover-20221013/UBNA_001/20221012_030000.WAV,Telephone Field,recover-20221013,001,1795
1188.5945,1188.6317,68437,82583,Rhinolophus ferrumequinum,0.023,0.023,-1,Echolocation,/mnt/ubna_data_02_mir/recover-20221013/UBNA_001/20221012_030000.WAV,Telephone Field,recover-20221013,001,1795
1188.6635,1188.7007,68437,81641,Rhinolophus ferrumequinum,0.023,0.023,-1,Echolocation,/mnt/ubna_data_02_mir/recover-20221013/UBNA_001/20221012_030000.WAV,Telephone Field,recover-20221013,001,1795
1188.7065,1188.716,22890,29581,Nyctalus leisleri,0.008,0.024,-1,Echolocation,/mnt/ubna_data_02_mir/recover-20221013/UBNA_001/20221012_030000.WAV,Telephone Field,recover-20221013,001,1795
1188.7245,1188.7325,28046,38712,Eptesicus serotinus,0.007,0.022,-1,Echolocation,/mnt/ubna_data_02_mir/recover-20221013/UBNA_001/20221012_030000.WAV,Telephone Field,recover-20221013,001,1795
1188.7355,1188.7736,68437,81894,Rhinolophus ferrumequinum,0.02,0.021,-1,Echolocation,/mnt/ubna_data_02_mir/recover-20221013/UBNA_001/20221012_030000.WAV,Telephone Field,recover-20221013,001,1795
1188.7525,1188.7936,68437,82614,Rhinolophus ferrumequinum,0.022,0.022,-1,Echolocation,/mnt/ubna_data_02_mir/recover-20221013/UBNA_001/20221012_030000.WAV,Telephone Field,recover-20221013,001,1795
1188.7925,1188.8297,68437,82966,Rhinolophus ferrumequinum,0.023,0.023,-1,Echolocation,/mnt/ubna_data_02_mir/recover-20221013/UBNA_001/20221012_030000.WAV,Telephone Field,recover-20221013,001,1795
1188.8295,1188.842,23750,28957,Nyctalus leisleri,0.014,0.029,-1,Echolocation,/mnt/ubna_data_02_mir/recover-20221013/UBNA_001/20221012_030000.WAV,Telephone Field,recover-20221013,001,1795
1188.8915,1188.9259,68437,81772,Rhinolophus ferrumequinum,0.022,0.022,-1,Echolocation,/mnt/ubna_data_02_mir/recover-20221013/UBNA_001/20221012_030000.WAV,Telephone Field,recover-20221013,001,1795
1188.9015,1188.9386,68437,81652,Rhinolophus ferrumequinum,0.021,0.021,-1,Echolocation,/mnt/ubna_data_02_mir/recover-20221013/UBNA_001/20221012_030000.WAV,Telephone Field,recover-20221013,001,1795
1188.9165,1188.9282,23750,29138,Nyctalus leisleri,0.016,0.037,-1,Echolocation,/mnt/ubna_data_02_mir/recover-20221013/UBNA_001/20221012_030000.WAV,Telephone Field,recover-20221013,001,1795
1188.9285,1188.9381,25468,32616,Nyctalus leisleri,0.008,0.022,-1,Echolocation,/mnt/ubna_data_02_mir/recover-20221013/UBNA_001/20221012_030000.WAV,Telephone Field,recover-20221013,001,1795
1188.9415,1188.9767,68437,81173,Rhinolophus ferrumequinum,0.02,0.02,-1,Echolocation,/mnt/ubna_data_02_mir/recover-20221013/UBNA_001/20221012_030000.WAV,Telephone Field,recover-20221013,001,1795
1188.9445,1188.9546,26328,33815,Eptesicus serotinus,0.007,0.02,-1,Echolocation,/mnt/ubna_data_02_mir/recover-20221013/UBNA_001/20221012_030000.WAV,Telephone Field,recover-20221013,001,1795
1188.9625,1189.0012,68437,81964,Rhinolophus ferrumequinum,0.022,0.022,-1,Echolocation,/mnt/ubna_data_02_mir/recover-20221013/UBNA_001/20221012_030000.WAV,Telephone Field,recover-20221013,001,1795
1189.0035,1189.0121,23750,31640,Plecotus austriacus,0.006,0.021,-1,Echolocation,/mnt/ubna_data_02_mir/recover-20221013/UBNA_001/20221012_030000.WAV,Telephone Field,recover-20221013,001,1795
1189.0035,1189.0374,68437,81134,Rhinolophus ferrumequinum,0.023,0.023,-1,Echolocation,/mnt/ubna_data_02_mir/recover-20221013/UBNA_001/20221012_030000.WAV,Telephone Field,recover-20221013,001,1795
1189.0155,1189.0235,24609,33383,Plecotus austriacus,0.005,0.02,-1,Echolocation,/mnt/ubna_data_02_mir/recover-20221013/UBNA_001/20221012_030000.WAV,Telephone Field,recover-20221013,001,1795
1189.0335,1189.0734,68437,82172,Rhinolophus ferrumequinum,0.022,0.022,-1,Echolocation,/mnt/ubna_data_02_mir/recover-20221013/UBNA_001/20221012_030000.WAV,Telephone Field,recover-20221013,001,1795
1189.0465,1189.0567,22890,28315,Nyctalus leisleri,0.01,0.022,-1,Echolocation,/mnt/ubna_data_02_mir/recover-20221013/UBNA_001/20221012_030000.WAV,Telephone Field,recover-20221013,001,1795
1189.0665,1189.109,68437,82361,Rhinolophus ferrumequinum,0.023,0.023,-1,Echolocation,/mnt/ubna_data_02_mir/recover-20221013/UBNA_001/20221012_030000.WAV,Telephone Field,recover-20221013,001,1795
1189.0865,1189.0933,24609,33600,Plecotus austriacus,0.007,0.021,-1,Echolocation,/mnt/ubna_data_02_mir/recover-20221013/UBNA_001/20221012_030000.WAV,Telephone Field,recover-20221013,001,1795
1189.0885,1189.0957,28906,39349,Eptesicus serotinus,0.006,0.022,-1,Echolocation,/mnt/ubna_data_02_mir/recover-20221013/UBNA_001/20221012_030000.WAV,Telephone Field,recover-20221013,001,1795
1189.1215,1189.1331,22031,26324,Nyctalus leisleri,0.012,0.023,-1,Echolocation,/mnt/ubna_data_02_mir/recover-20221013/UBNA_001/20221012_030000.WAV,Telephone Field,recover-20221013,001,1795
1189.1315,1189.1737,68437,82914,Rhinolophus ferrumequinum,0.033,0.033,-1,Echolocation,/mnt/ubna_data_02_mir/recover-20221013/UBNA_001/20221012_030000.WAV,Telephone Field,recover-20221013,001,1795
1189.1515,1189.1636,30625,36346,Eptesicus serotinus,0.018,0.042,-1,Echolocation,/mnt/ubna_data_02_mir/recover-20221013/UBNA_001/20221012_030000.WAV,Telephone Field,recover-20221013,001,1795
1189.1755,1189.2086,68437,80760,Rhinolophus ferrumequinum,0.021,0.021,-1,Echolocation,/mnt/ubna_data_02_mir/recover-20221013/UBNA_001/20221012_030000.WAV,Telephone Field,recover-20221013,001,1795
1189.1895,1189.2323,68437,82960,Rhinolophus ferrumequinum,0.029,0.029,-1,Echolocation,/mnt/ubna_data_02_mir/recover-20221013/UBNA_001/20221012_030000.WAV,Telephone Field,recover-20221013,001,1795
1189.2185,1189.2543,68437,81544,Rhinolophus ferrumequinum,0.02,0.021,-1,Echolocation,/mnt/ubna_data_02_mir/recover-20221013/UBNA_001/20221012_030000.WAV,Telephone Field,recover-20221013,001,1795
1189.2345,1189.2723,68437,82040,Rhinolophus ferrumequinum,0.022,0.022,-1,Echolocation,/mnt/ubna_data_02_mir/recover-20221013/UBNA_001/20221012_030000.WAV,Telephone Field,recover-20221013,001,1795
1189.2525,1189.2899,68437,81785,Rhinolophus ferrumequinum,0.02,0.021,-1,Echolocation,/mnt/ubna_data_02_mir/recover-20221013/UBNA_001/20221012_030000.WAV,Telephone Field,recover-20221013,001,1795
1189.2535,1189.2644,14296,20044,Nyctalus noctula,0.013,0.023,-1,Echolocation,/mnt/ubna_data_02_mir/recover-20221013/UBNA_001/20221012_030000.WAV,Telephone Field,recover-20221013,001,1795
1189.2625,1189.283,18593,21589,Nyctalus leisleri,0.015,0.032,-1,Echolocation,/mnt/ubna_data_02_mir/recover-20221013/UBNA_001/20221012_030000.WAV,Telephone Field,recover-20221013,001,1795
1189.2775,1189.3155,68437,81202,Rhinolophus ferrumequinum,0.022,0.022,-1,Echolocation,/mnt/ubna_data_02_mir/recover-20221013/UBNA_001/20221012_030000.WAV,Telephone Field,recover-20221013,001,1795
1189.3355,1189.3436,22890,30800,Plecotus austriacus,0.014,0.029,-1,Echolocation,/mnt/ubna_data_02_mir/recover-20221013/UBNA_001/20221012_030000.WAV,Telephone Field,recover-20221013,001,1795
1189.3735,1189.412,68437,82215,Rhinolophus ferrumequinum,0.022,0.022,-1,Echolocation,/mnt/ubna_data_02_mir/recover-20221013/UBNA_001/20221012_030000.WAV,Telephone Field,recover-20221013,001,1795
1189.3755,1189.3842,24609,33063,Nyctalus leisleri,0.006,0.022,-1,Echolocation,/mnt/ubna_data_02_mir/recover-20221013/UBNA_001/20221012_030000.WAV,Telephone Field,recover-20221013,001,1795
1189.4275,1189.4654,68437,81752,Rhinolophus ferrumequinum,0.022,0.022,-1,Echolocation,/mnt/ubna_data_02_mir/recover-20221013/UBNA_001/20221012_030000.WAV,Telephone Field,recover-20221013,001,1795
1189.4335,1189.4712,68437,81326,Rhinolophus ferrumequinum,0.02,0.02,-1,Echolocation,/mnt/ubna_data_02_mir/recover-20221013/UBNA_001/20221012_030000.WAV,Telephone Field,recover-20221013,001,1795
1189.4505,1189.4588,22890,30798,Plecotus austriacus,0.01,0.023,-1,Echolocation,/mnt/ubna_data_02_mir/recover-20221013/UBNA_001/20221012_030000.WAV,Telephone Field,recover-20221013,001,1795
1189.4515,1189.489,68437,82037,Rhinolophus ferrumequinum,0.021,0.021,-1,Echolocation,/mnt/ubna_data_02_mir/recover-20221013/UBNA_001/20221012_030000.WAV,Telephone Field,recover-20221013,001,1795
1189.4585,1189.4693,28906,36655,Eptesicus serotinus,0.012,0.027,-1,Echolocation,/mnt/ubna_data_02_mir/recover-20221013/UBNA_001/20221012_030000.WAV,Telephone Field,recover-20221013,001,1795
1189.4795,1189.5127,68437,80569,Rhinolophus ferrumequinum,0.021,0.021,-1,Echolocation,/mnt/ubna_data_02_mir/recover-20221013/UBNA_001/20221012_030000.WAV,Telephone Field,recover-20221013,001,1795
1189.4935,1189.5004,27187,38266,Eptesicus serotinus,0.006,0.023,-1,Echolocation,/mnt/ubna_data_02_mir/recover-20221013/UBNA_001/20221012_030000.WAV,Telephone Field,recover-20221013,001,1795
1189.5295,1189.5401,24609,31234,Nyctalus leisleri,0.009,0.024,-1,Echolocation,/mnt/ubna_data_02_mir/recover-20221013/UBNA_001/20221012_030000.WAV,Telephone Field,recover-20221013,001,1795
1189.5885,1189.6303,68437,83002,Rhinolophus ferrumequinum,0.039,0.039,-1,Echolocation,/mnt/ubna_data_02_mir/recover-20221013/UBNA_001/20221012_030000.WAV,Telephone Field,recover-20221013,001,1795
1189.6385,1189.6493,22890,28226,Nyctalus leisleri,0.01,0.021,-1,Echolocation,/mnt/ubna_data_02_mir/recover-20221013/UBNA_001/20221012_030000.WAV,Telephone Field,recover-20221013,001,1795
1189.6455,1189.6557,22890,28029,Nyctalus leisleri,0.01,0.021,-1,Echolocation,/mnt/ubna_data_02_mir/recover-20221013/UBNA_001/20221012_030000.WAV,Telephone Field,recover-20221013,001,1795
1189.6515,1189.6912,68437,82556,Rhinolophus ferrumequinum,0.031,0.031,-1,Echolocation,/mnt/ubna_data_02_mir/recover-20221013/UBNA_001/20221012_030000.WAV,Telephone Field,recover-20221013,001,1795
1189.6925,1189.6992,25468,38017,Myotis nattereri,0.005,0.022,-1,Echolocation,/mnt/ubna_data_02_mir/recover-20221013/UBNA_001/20221012_030000.WAV,Telephone Field,recover-20221013,001,1795
1189.7015,1189.7428,68437,82946,Rhinolophus ferrumequinum,0.027,0.027,-1,Echolocation,/mnt/ubna_data_02_mir/recover-20221013/UBNA_001/20221012_030000.WAV,Telephone Field,recover-20221013,001,1795
1189.7095,1189.7456,68437,82118,Rhinolophus ferrumequinum,0.02,0.02,-1,Echolocation,/mnt/ubna_data_02_mir/recover-20221013/UBNA_001/20221012_030000.WAV,Telephone Field,recover-20221013,001,1795
1189.8095,1189.8453,68437,80738,Rhinolophus ferrumequinum,0.023,0.023,-1,Echolocation,/mnt/ubna_data_02_mir/recover-20221013/UBNA_001/20221012_030000.WAV,Telephone Field,recover-20221013,001,1795
1189.8355,1189.8439,23750,31414,Plecotus austriacus,0.007,0.021,-1,Echolocation,/mnt/ubna_data_02_mir/recover-20221013/UBNA_001/20221012_030000.WAV,Telephone Field,recover-20221013,001,1795
1189.8445,1189.882,68437,81723,Rhinolophus ferrumequinum,0.021,0.021,-1,Echolocation,/mnt/ubna_data_02_mir/recover-20221013/UBNA_001/20221012_030000.WAV,Telephone Field,recover-20221013,001,1795
1189.8575,1189.8946,68437,81815,Rhinolophus ferrumequinum,0.022,0.022,-1,Echolocation,/mnt/ubna_data_02_mir/recover-20221013/UBNA_001/20221012_030000.WAV,Telephone Field,recover-20221013,001,1795
1189.8655,1189.9031,68437,81298,Rhinolophus ferrumequinum,0.02,0.021,-1,Echolocation,/mnt/ubna_data_02_mir/recover-20221013/UBNA_001/20221012_030000.WAV,Telephone Field,recover-20221013,001,1795
1189.8675,1189.8825,24609,30616,Eptesicus serotinus,0.024,0.062,-1,Echolocation,/mnt/ubna_data_02_mir/recover-20221013/UBNA_001/20221012_030000.WAV,Telephone Field,recover-20221013,001,1795
1189.9185,1189.9295,24609,30897,Nyctalus leisleri,0.012,0.029,-1,Echolocation,/mnt/ubna_data_02_mir/recover-20221013/UBNA_001/20221012_030000.WAV,Telephone Field,recover-20221013,001,1795
1189.9385,1189.9476,28046,39616,Eptesicus serotinus,0.008,0.022,-1,Echolocation,/mnt/ubna_data_02_mir/recover-20221013/UBNA_001/20221012_030000.WAV,Telephone Field,recover-20221013,001,1795
1189.9395,1189.9822,68437,82617,Rhinolophus ferrumequinum,0.022,0.022,-1,Echolocation,/mnt/ubna_data_02_mir/recover-20221013/UBNA_001/20221012_030000.WAV,Telephone Field,recover-20221013,001,1795
1189.9555,1189.9656,24609,32079,Nyctalus leisleri,0.008,0.023,-1,Echolocation,/mnt/ubna_data_02_mir/recover-20221013/UBNA_001/20221012_030000.WAV,Telephone Field,recover-20221013,001,1795
1189.9765,1189.9907,22890,27544,Nyctalus leisleri,0.012,0.022,-1,Echolocation,/mnt/ubna_data_02_mir/recover-20221013/UBNA_001/20221012_030000.WAV,Telephone Field,recover-20221013,001,1795
1189.9845,1189.9961,23750,29596,Nyctalus leisleri,0.009,0.022,-1,Echolocation,/mnt/ubna_data_02_mir/recover-20221013/UBNA_001/20221012_030000.WAV,Telephone Field,recover-20221013,001,1795
1190.0015,1190.0115,20312,25239,Nyctalus leisleri,0.015,0.035,-1,Echolocation,/mnt/ubna_data_02_mir/recover-20221013/UBNA_001/20221012_030000.WAV,Telephone Field,recover-20221013,001,1795
1190.0015,1190.0091,48671,53565,Pipistrellus pipistrellus,0.022,0.027,-1,Echolocation,/mnt/ubna_data_02_mir/recover-20221013/UBNA_001/20221012_030000.WAV,Telephone Field,recover-20221013,001,1795
1190.0015,1190.0307,68437,79999,Rhinolophus ferrumequinum,0.038,0.039,-1,Echolocation,/mnt/ubna_data_02_mir/recover-20221013/UBNA_001/20221012_030000.WAV,Telephone Field,recover-20221013,001,1795
1190.0455,1190.0863,68437,83082,Rhinolophus ferrumequinum,0.029,0.029,-1,Echolocation,/mnt/ubna_data_02_mir/recover-20221013/UBNA_001/20221012_030000.WAV,Telephone Field,recover-20221013,001,1795
1190.0805,1190.1199,68437,82653,Rhinolophus ferrumequinum,0.024,0.024,-1,Echolocation,/mnt/ubna_data_02_mir/recover-20221013/UBNA_001/20221012_030000.WAV,Telephone Field,recover-20221013,001,1795
1190.1165,1190.1551,68437,82455,Rhinolophus ferrumequinum,0.022,0.022,-1,Echolocation,/mnt/ubna_data_02_mir/recover-20221013/UBNA_001/20221012_030000.WAV,Telephone Field,recover-20221013,001,1795
1190.1265,1190.1334,25468,39026,Myotis nattereri,0.005,0.022,-1,Echolocation,/mnt/ubna_data_02_mir/recover-20221013/UBNA_001/20221012_030000.WAV,Telephone Field,recover-20221013,001,1795
1190.1435,1190.1808,68437,81668,Rhinolophus ferrumequinum,0.022,0.022,-1,Echolocation,/mnt/ubna_data_02_mir/recover-20221013/UBNA_001/20221012_030000.WAV,Telephone Field,recover-20221013,001,1795
1190.1505,1190.1885,68437,81806,Rhinolophus ferrumequinum,0.022,0.022,-1,Echolocation,/mnt/ubna_data_02_mir/recover-20221013/UBNA_001/20221012_030000.WAV,Telephone Field,recover-20221013,001,1795
1190.1745,1190.1804,23750,41747,Plecotus austriacus,0.015,0.036,-1,Echolocation,/mnt/ubna_data_02_mir/recover-20221013/UBNA_001/20221012_030000.WAV,Telephone Field,recover-20221013,001,1795
1190.1985,1190.2359,68437,81849,Rhinolophus ferrumequinum,0.021,0.021,-1,Echolocation,/mnt/ubna_data_02_mir/recover-20221013/UBNA_001/20221012_030000.WAV,Telephone Field,recover-20221013,001,1795
1190.2165,1190.254,68437,82552,Rhinolophus ferrumequinum,0.022,0.022,-1,Echolocation,/mnt/ubna_data_02_mir/recover-20221013/UBNA_001/20221012_030000.WAV,Telephone Field,recover-20221013,001,1795
1190.2395,1190.2458,27187,41321,Eptesicus serotinus,0.006,0.026,-1,Echolocation,/mnt/ubna_data_02_mir/recover-20221013/UBNA_001/20221012_030000.WAV,Telephone Field,recover-20221013,001,1795
1190.2625,1190.2745,23750,29906,Nyctalus leisleri,0.021,0.045,-1,Echolocation,/mnt/ubna_data_02_mir/recover-20221013/UBNA_001/20221012_030000.WAV,Telephone Field,recover-20221013,001,1795
1190.2885,1190.3014,23750,28696,Nyctalus leisleri,0.018,0.034,-1,Echolocation,/mnt/ubna_data_02_mir/recover-20221013/UBNA_001/20221012_030000.WAV,Telephone Field,recover-20221013,001,1795
1190.2915,1190.3286,68437,81908,Rhinolophus ferrumequinum,0.021,0.021,-1,Echolocation,/mnt/ubna_data_02_mir/recover-20221013/UBNA_001/20221012_030000.WAV,Telephone Field,recover-20221013,001,1795
1190.3225,1190.332,28046,36118,Eptesicus serotinus,0.009,0.022,-1,Echolocation,/mnt/ubna_data_02_mir/recover-20221013/UBNA_001/20221012_030000.WAV,Telephone Field,recover-20221013,001,1795
1190.3735,1190.4121,68437,81910,Rhinolophus ferrumequinum,0.022,0.022,-1,Echolocation,/mnt/ubna_data_02_mir/recover-20221013/UBNA_001/20221012_030000.WAV,Telephone Field,recover-20221013,001,1795
1190.4235,1190.4643,68437,83128,Rhinolophus ferrumequinum,0.031,0.031,-1,Echolocation,/mnt/ubna_data_02_mir/recover-20221013/UBNA_001/20221012_030000.WAV,Telephone Field,recover-20221013,001,1795
1190.4315,1190.4377,25468,40259,Plecotus austriacus,0.004,0.021,-1,Echolocation,/mnt/ubna_data_02_mir/recover-20221013/UBNA_001/20221012_030000.WAV,Telephone Field,recover-20221013,001,1795
1190.4585,1190.469,22031,26724,Nyctalus leisleri,0.011,0.023,-1,Echolocation,/mnt/ubna_data_02_mir/recover-20221013/UBNA_001/20221012_030000.WAV,Telephone Field,recover-20221013,001,1795
1190.4795,1190.4879,25468,33951,Eptesicus serotinus,0.008,0.023,-1,Echolocation,/mnt/ubna_data_02_mir/recover-20221013/UBNA_001/20221012_030000.WAV,Telephone Field,recover-20221013,001,1795
1190.5085,1190.5475,68437,82203,Rhinolophus ferrumequinum,0.029,0.03,-1,Echolocation,/mnt/ubna_data_02_mir/recover-20221013/UBNA_001/20221012_030000.WAV,Telephone Field,recover-20221013,001,1795
1190.5185,1190.5598,68437,82675,Rhinolophus ferrumequinum,0.021,0.021,-1,Echolocation,/mnt/ubna_data_02_mir/recover-20221013/UBNA_001/20221012_030000.WAV,Telephone Field,recover-20221013,001,1795
1190.5755,1190.6155,68437,82768,Rhinolophus ferrumequinum,0.023,0.023,-1,Echolocation,/mnt/ubna_data_02_mir/recover-20221013/UBNA_001/20221012_030000.WAV,Telephone Field,recover-20221013,001,1795
1190.5815,1190.5878,24609,34530,Plecotus austriacus,0.014,0.029,-1,Echolocation,/mnt/ubna_data_02_mir/recover-20221013/UBNA_001/20221012_030000.WAV,Telephone Field,recover-20221013,001,1795
1190.6335,1190.671,68437,81969,Rhinolophus ferrumequinum,0.021,0.021,-1,Echolocation,/mnt/ubna_data_02_mir/recover-20221013/UBNA_001/20221012_030000.WAV,Telephone Field,recover-20221013,001,1795
1190.6545,1190.6908,68437,81937,Rhinolophus ferrumequinum,0.022,0.022,-1,Echolocation,/mnt/ubna_data_02_mir/recover-20221013/UBNA_001/20221012_030000.WAV,Telephone Field,recover-20221013,001,1795
1190.6915,1190.7009,28906,38040,Eptesicus serotinus,0.009,0.022,-1,Echolocation,/mnt/ubna_data_02_mir/recover-20221013/UBNA_001/20221012_030000.WAV,Telephone Field,recover-20221013,001,1795
1190.6945,1190.729,68437,80823,Rhinolophus ferrumequinum,0.021,0.021,-1,Echolocation,/mnt/ubna_data_02_mir/recover-20221013/UBNA_001/20221012_030000.WAV,Telephone Field,recover-20221013,001,1795
1190.6965,1190.709,41796,45518,Pipistrellus nathusii,0.048,0.068,-1,Echolocation,/mnt/ubna_data_02_mir/recover-20221013/UBNA_001/20221012_030000.WAV,Telephone Field,recover-20221013,001,1795
1190.7505,1190.7931,68437,83568,Rhinolophus ferrumequinum,0.037,0.037,-1,Echolocation,/mnt/ubna_data_02_mir/recover-20221013/UBNA_001/20221012_030000.WAV,Telephone Field,recover-20221013,001,1795
1190.7785,1190.7932,14296,18962,Nyctalus noctula,0.035,0.05,-1,Echolocation,/mnt/ubna_data_02_mir/recover-20221013/UBNA_001/20221012_030000.WAV,Telephone Field,recover-20221013,001,1795
1190.8235,1190.8626,68437,82190,Rhinolophus ferrumequinum,0.022,0.022,-1,Echolocation,/mnt/ubna_data_02_mir/recover-20221013/UBNA_001/20221012_030000.WAV,Telephone Field,recover-20221013,001,1795
1190.8265,1190.837,22031,27441,Nyctalus leisleri,0.009,0.021,-1,Echolocation,/mnt/ubna_data_02_mir/recover-20221013/UBNA_001/20221012_030000.WAV,Telephone Field,recover-20221013,001,1795
1190.8515,1190.8884,68437,82183,Rhinolophus ferrumequinum,0.021,0.021,-1,Echolocation,/mnt/ubna_data_02_mir/recover-20221013/UBNA_001/20221012_030000.WAV,Telephone Field,recover-20221013,001,1795
1190.8935,1190.9306,68437,82300,Rhinolophus ferrumequinum,0.025,0.025,-1,Echolocation,/mnt/ubna_data_02_mir/recover-20221013/UBNA_001/20221012_030000.WAV,Telephone Field,recover-20221013,001,1795
1190.8975,1190.9062,27187,40392,Eptesicus serotinus,0.008,0.023,-1,Echolocation,/mnt/ubna_data_02_mir/recover-20221013/UBNA_001/20221012_030000.WAV,Telephone Field,recover-20221013,001,1795
1190.9845,1190.9965,28906,35126,Eptesicus serotinus,0.121,0.172,-1,Echolocation,/mnt/ubna_data_02_mir/recover-20221013/UBNA_001/20221012_030000.WAV,Telephone Field,recover-20221013,001,1795
1191.0125,1191.0236,23750,29717,Nyctalus leisleri,0.014,0.032,-1,Echolocation,/mnt/ubna_data_02_mir/recover-20221013/UBNA_001/20221012_030000.WAV,Telephone Field,recover-20221013,001,1795
1191.0185,1191.0588,68437,82422,Rhinolophus ferrumequinum,0.03,0.03,-1,Echolocation,/mnt/ubna_data_02_mir/recover-20221013/UBNA_001/20221012_030000.WAV,Telephone Field,recover-20221013,001,1795
1191.0475,1191.0547,28906,40959,Eptesicus serotinus,0.008,0.027,-1,Echolocation,/mnt/ubna_data_02_mir/recover-20221013/UBNA_001/20221012_030000.WAV,Telephone Field,recover-20221013,001,1795
1191.0715,1191.0793,23750,31829,Plecotus austriacus,0.008,0.023,-1,Echolocation,/mnt/ubna_data_02_mir/recover-20221013/UBNA_001/20221012_030000.WAV,Telephone Field,recover-20221013,001,1795
1191.0795,1191.09,22031,26657,Nyctalus leisleri,0.009,0.021,-1,Echolocation,/mnt/ubna_data_02_mir/recover-20221013/UBNA_001/20221012_030000.WAV,Telephone Field,recover-20221013,001,1795
1191.0835,1191.1222,68437,82113,Rhinolophus ferrumequinum,0.023,0.023,-1,Echolocation,/mnt/ubna_data_02_mir/recover-20221013/UBNA_001/20221012_030000.WAV,Telephone Field,recover-20221013,001,1795
1191.0935,1191.1351,68437,82917,Rhinolophus ferrumequinum,0.024,0.024,-1,Echolocation,/mnt/ubna_data_02_mir/recover-20221013/UBNA_001/20221012_030000.WAV,Telephone Field,recover-20221013,001,1795
1191.1025,1191.1122,43515,47128,Pipistrellus pipistrellus,0.031,0.033,-1,Echolocation,/mnt/ubna_data_02_mir/recover-20221013/UBNA_001/20221012_030000.WAV,Telephone Field,recover-20221013,001,1795
1191.1075,1191.1141,31484,42475,Myotis daubentonii,0.008,0.021,-1,Echolocation,/mnt/ubna_data_02_mir/recover-20221013/UBNA_001/20221012_030000.WAV,Telephone Field,recover-20221013,001,1795
1191.1425,1191.1783,68437,81446,Rhinolophus ferrumequinum,0.021,0.021,-1,Echolocation,/mnt/ubna_data_02_mir/recover-20221013/UBNA_001/20221012_030000.WAV,Telephone Field,recover-20221013,001,1795
1191.1495,1191.1877,68437,81356,Rhinolophus ferrumequinum,0.021,0.021,-1,Echolocation,/mnt/ubna_data_02_mir/recover-20221013/UBNA_001/20221012_030000.WAV,Telephone Field,recover-20221013,001,1795
1191.1665,1191.2052,68437,82194,Rhinolophus ferrumequinum,0.025,0.025,-1,Echolocation,/mnt/ubna_data_02_mir/recover-20221013/UBNA_001/20221012_030000.WAV,Telephone Field,recover-20221013,001,1795
1191.1905,1191.2328,68437,82779,Rhinolophus ferrumequinum,0.029,0.029,-1,Echolocation,/mnt/ubna_data_02_mir/recover-20221013/UBNA_001/20221012_030000.WAV,Telephone Field,recover-20221013,001,1795
1191.1995,1191.2387,68437,82118,Rhinolophus ferrumequinum,0.024,0.024,-1,Echolocation,/mnt/ubna_data_02_mir/recover-20221013/UBNA_001/20221012_030000.WAV,Telephone Field,recover-20221013,001,1795
1191.2125,1191.2526,68437,82484,Rhinolophus ferrumequinum,0.024,0.024,-1,Echolocation,/mnt/ubna_data_02_mir/recover-20221013/UBNA_001/20221012_030000.WAV,Telephone Field,recover-20221013,001,1795
1191.2595,1191.2674,26328,35272,Eptesicus serotinus,0.006,0.021,-1,Echolocation,/mnt/ubna_data_02_mir/recover-20221013/UBNA_001/20221012_030000.WAV,Telephone Field,recover-20221013,001,1795
1191.2775,1191.2939,58125,64520,Pipistrellus pygmaeus,0.024,0.026,-1,Echolocation,/mnt/ubna_data_02_mir/recover-20221013/UBNA_001/20221012_030000.WAV,Telephone Field,recover-20221013,001,1795
1191.2795,1191.2945,15156,22711,Nyctalus noctula,0.016,0.021,-1,Echolocation,/mnt/ubna_data_02_mir/recover-20221013/UBNA_001/20221012_030000.WAV,Telephone Field,recover-20221013,001,1795
1191.2965,1191.3341,68437,82212,Rhinolophus ferrumequinum,0.022,0.022,-1,Echolocation,/mnt/ubna_data_02_mir/recover-20221013/UBNA_001/20221012_030000.WAV,Telephone Field,recover-20221013,001,1795
1191.3435,1191.3826,68437,82683,Rhinolophus ferrumequinum,0.023,0.023,-1,Echolocation,/mnt/ubna_data_02_mir/recover-20221013/UBNA_001/20221012_030000.WAV,Telephone Field,recover-20221013,001,1795
1191.3495,1191.3578,28906,38044,Eptesicus serotinus,0.007,0.021,-1,Echolocation,/mnt/ubna_data_02_mir/recover-20221013/UBNA_001/20221012_030000.WAV,Telephone Field,recover-20221013,001,1795
1191.3695,1191.381,23750,28875,Nyctalus leisleri,0.014,0.028,-1,Echolocation,/mnt/ubna_data_02_mir/recover-20221013/UBNA_001/20221012_030000.WAV,Telephone Field,recover-20221013,001,1795
1191.4005,1191.4403,68437,82306,Rhinolophus ferrumequinum,0.023,0.023,-1,Echolocation,/mnt/ubna_data_02_mir/recover-20221013/UBNA_001/20221012_030000.WAV,Telephone Field,recover-20221013,001,1795
1191.4455,1191.482,68437,82137,Rhinolophus ferrumequinum,0.021,0.021,-1,Echolocation,/mnt/ubna_data_02_mir/recover-20221013/UBNA_001/20221012_030000.WAV,Telephone Field,recover-20221013,001,1795
1191.4845,1191.4954,25468,31396,Eptesicus serotinus,0.009,0.023,-1,Echolocation,/mnt/ubna_data_02_mir/recover-20221013/UBNA_001/20221012_030000.WAV,Telephone Field,recover-20221013,001,1795
1191.5435,1191.5819,68437,82319,Rhinolophus ferrumequinum,0.023,0.023,-1,Echolocation,/mnt/ubna_data_02_mir/recover-20221013/UBNA_001/20221012_030000.WAV,Telephone Field,recover-20221013,001,1795
1191.5605,1191.5701,28046,37000,Eptesicus serotinus,0.01,0.024,-1,Echolocation,/mnt/ubna_data_02_mir/recover-20221013/UBNA_001/20221012_030000.WAV,Telephone Field,recover-20221013,001,1795
1191.5615,1191.6038,68437,82724,Rhinolophus ferrumequinum,0.036,0.036,-1,Echolocation,/mnt/ubna_data_02_mir/recover-20221013/UBNA_001/20221012_030000.WAV,Telephone Field,recover-20221013,001,1795
1191.5835,1191.6215,68437,82039,Rhinolophus ferrumequinum,0.021,0.021,-1,Echolocation,/mnt/ubna_data_02_mir/recover-20221013/UBNA_001/20221012_030000.WAV,Telephone Field,recover-20221013,001,1795
1191.6045,1191.64,68437,81683,Rhinolophus ferrumequinum,0.021,0.021,-1,Echolocation,/mnt/ubna_data_02_mir/recover-20221013/UBNA_001/20221012_030000.WAV,Telephone Field,recover-20221013,001,1795
1191.6375,1191.6545,19453,23458,Nyctalus noctula,0.01,0.022,-1,Echolocation,/mnt/ubna_data_02_mir/recover-20221013/UBNA_001/20221012_030000.WAV,Telephone Field,recover-20221013,001,1795
1191.6455,1191.6546,28906,37477,Eptesicus serotinus,0.009,0.023,-1,Echolocation,/mnt/ubna_data_02_mir/recover-20221013/UBNA_001/20221012_030000.WAV,Telephone Field,recover-20221013,001,1795
1191.6595,1191.6673,56406,61743,Pipistrellus pygmaeus,0.021,0.021,-1,Echolocation,/mnt/ubna_data_02_mir/recover-20221013/UBNA_001/20221012_030000.WAV,Telephone Field,recover-20221013,001,1795
1191.6755,1191.7127,68437,81700,Rhinolophus ferrumequinum,0.021,0.021,-1,Echolocation,/mnt/ubna_data_02_mir/recover-20221013/UBNA_001/20221012_030000.WAV,Telephone Field,recover-20221013,001,1795
1191.7025,1191.7087,32343,44526,Myotis daubentonii,0.012,0.025,-1,Echolocation,/mnt/ubna_data_02_mir/recover-20221013/UBNA_001/20221012_030000.WAV,Telephone Field,recover-20221013,001,1795
1191.7075,1191.7474,68437,82351,Rhinolophus ferrumequinum,0.025,0.025,-1,Echolocation,/mnt/ubna_data_02_mir/recover-20221013/UBNA_001/20221012_030000.WAV,Telephone Field,recover-20221013,001,1795
1191.7265,1191.736,28046,35998,Eptesicus serotinus,0.01,0.022,-1,Echolocation,/mnt/ubna_data_02_mir/recover-20221013/UBNA_001/20221012_030000.WAV,Telephone Field,recover-20221013,001,1795
1191.7525,1191.76,27187,38558,Eptesicus serotinus,0.007,0.023,-1,Echolocation,/mnt/ubna_data_02_mir/recover-20221013/UBNA_001/20221012_030000.WAV,Telephone Field,recover-20221013,001,1795
1191.7655,1191.8043,68437,82035,Rhinolophus ferrumequinum,0.021,0.021,-1,Echolocation,/mnt/ubna_data_02_mir/recover-20221013/UBNA_001/20221012_030000.WAV,Telephone Field,recover-20221013,001,1795
1191.7875,1191.8022,51250,55856,Pipistrellus pipistrellus,0.021,0.031,-1,Echolocation,/mnt/ubna_data_02_mir/recover-20221013/UBNA_001/20221012_030000.WAV,Telephone Field,recover-20221013,001,1795
1191.8025,1191.8149,22031,25953,Nyctalus leisleri,0.014,0.025,-1,Echolocation,/mnt/ubna_data_02_mir/recover-20221013/UBNA_001/20221012_030000.WAV,Telephone Field,recover-20221013,001,1795
1191.8055,1191.8501,68437,83431,Rhinolophus ferrumequinum,0.049,0.049,-1,Echolocation,/mnt/ubna_data_02_mir/recover-20221013/UBNA_001/20221012_030000.WAV,Telephone Field,recover-20221013,001,1795
1191.8175,1191.8242,46953,50151,Pipistrellus pipistrellus,0.029,0.031,-1,Echolocation,/mnt/ubna_data_02_mir/recover-20221013/UBNA_001/20221012_030000.WAV,Telephone Field,recover-20221013,001,1795
1191.8245,1191.8654,68437,83359,Rhinolophus ferrumequinum,0.03,0.03,-1,Echolocation,/mnt/ubna_data_02_mir/recover-20221013/UBNA_001/20221012_030000.WAV,Telephone Field,recover-20221013,001,1795
1191.8565,1191.8663,28046,40114,Eptesicus serotinus,0.011,0.025,-1,Echolocation,/mnt/ubna_data_02_mir/recover-20221013/UBNA_001/20221012_030000.WAV,Telephone Field,recover-20221013,001,1795
1191.8835,1191.8942,22031,26083,Nyctalus leisleri,0.011,0.021,-1,Echolocation,/mnt/ubna_data_02_mir/recover-20221013/UBNA_001/20221012_030000.WAV,Telephone Field,recover-20221013,001,1795
1191.8985,1191.9346,68437,81077,Rhinolophus ferrumequinum,0.021,0.021,-1,Echolocation,/mnt/ubna_data_02_mir/recover-20221013/UBNA_001/20221012_030000.WAV,Telephone Field,recover-20221013,001,1795
1191.9225,1191.9306,28046,38436,Eptesicus serotinus,0.007,0.021,-1,Echolocation,/mnt/ubna_data_02_mir/recover-20221013/UBNA_001/20221012_030000.WAV,Telephone Field,recover-20221013,001,1795
1191.9515,1191.9877,68437,81778,Rhinolophus ferrumequinum,0.027,0.027,-1,Echolocation,/mnt/ubna_data_02_mir/recover-20221013/UBNA_001/20221012_030000.WAV,Telephone Field,recover-20221013,001,1795
1192.0015,1192.0338,69296,81354,Rhinolophus ferrumequinum,0.026,0.026,-1,Echolocation,/mnt/ubna_data_02_mir/recover-20221013/UBNA_001/20221012_030000.WAV,Telephone Field,recover-20221013,001,1795
1192.0015,1192.0097,46093,50469,Pipistrellus pipistrellus,0.026,0.034,-1,Echolocation,/mnt/ubna_data_02_mir/recover-20221013/UBNA_001/20221012_030000.WAV,Telephone Field,recover-20221013,001,1795
1192.0015,1192.0113,25468,32981,Nyctalus leisleri,0.012,0.035,-1,Echolocation,/mnt/ubna_data_02_mir/recover-20221013/UBNA_001/20221012_030000.WAV,Telephone Field,recover-20221013,001,1795
1192.0145,1192.0303,24609,29802,Nyctalus leisleri,0.016,0.04,-1,Echolocation,/mnt/ubna_data_02_mir/recover-20221013/UBNA_001/20221012_030000.WAV,Telephone Field,recover-20221013,001,1795
1192.0155,1192.055,68437,82316,Rhinolophus ferrumequinum,0.022,0.023,-1,Echolocation,/mnt/ubna_data_02_mir/recover-20221013/UBNA_001/20221012_030000.WAV,Telephone Field,recover-20221013,001,1795
1192.0325,1192.0705,68437,82736,Rhinolophus ferrumequinum,0.02,0.02,-1,Echolocation,/mnt/ubna_data_02_mir/recover-20221013/UBNA_001/20221012_030000.WAV,Telephone Field,recover-20221013,001,1795
1192.1005,1192.1354,68437,81851,Rhinolophus ferrumequinum,0.021,0.021,-1,Echolocation,/mnt/ubna_data_02_mir/recover-20221013/UBNA_001/20221012_030000.WAV,Telephone Field,recover-20221013,001,1795
1192.1135,1192.151,68437,82424,Rhinolophus ferrumequinum,0.023,0.023,-1,Echolocation,/mnt/ubna_data_02_mir/recover-20221013/UBNA_001/20221012_030000.WAV,Telephone Field,recover-20221013,001,1795
1192.1205,1192.1599,68437,82213,Rhinolophus ferrumequinum,0.023,0.023,-1,Echolocation,/mnt/ubna_data_02_mir/recover-20221013/UBNA_001/20221012_030000.WAV,Telephone Field,recover-20221013,001,1795
1192.1485,1192.1902,68437,82529,Rhinolophus ferrumequinum,0.027,0.027,-1,Echolocation,/mnt/ubna_data_02_mir/recover-20221013/UBNA_001/20221012_030000.WAV,Telephone Field,recover-20221013,001,1795
1192.1605,1192.1676,27187,38282,Eptesicus serotinus,0.005,0.023,-1,Echolocation,/mnt/ubna_data_02_mir/recover-20221013/UBNA_001/20221012_030000.WAV,Telephone Field,recover-20221013,001,1795
1192.2185,1192.2256,25468,38640,Plecotus austriacus,0.006,0.026,-1,Echolocation,/mnt/ubna_data_02_mir/recover-20221013/UBNA_001/20221012_030000.WAV,Telephone Field,recover-20221013,001,1795
1192.2195,1192.2589,68437,83011,Rhinolophus ferrumequinum,0.029,0.029,-1,Echolocation,/mnt/ubna_data_02_mir/recover-20221013/UBNA_001/20221012_030000.WAV,Telephone Field,recover-20221013,001,1795
1192.2285,1192.265,68437,81474,Rhinolophus ferrumequinum,0.021,0.022,-1,Echolocation,/mnt/ubna_data_02_mir/recover-20221013/UBNA_001/20221012_030000.WAV,Telephone Field,recover-20221013,001,1795
1192.2345,1192.2701,68437,82221,Rhinolophus ferrumequinum,0.021,0.021,-1,Echolocation,/mnt/ubna_data_02_mir/recover-20221013/UBNA_001/20221012_030000.WAV,Telephone Field,recover-20221013,001,1795
1192.2355,1192.2462,27187,36107,Eptesicus serotinus,0.014,0.031,-1,Echolocation,/mnt/ubna_data_02_mir/recover-20221013/UBNA_001/20221012_030000.WAV,Telephone Field,recover-20221013,001,1795
1192.2515,1192.2919,68437,82946,Rhinolophus ferrumequinum,0.026,0.026,-1,Echolocation,/mnt/ubna_data_02_mir/recover-20221013/UBNA_001/20221012_030000.WAV,Telephone Field,recover-20221013,001,1795
1192.2625,1192.3004,68437,81810,Rhinolophus ferrumequinum,0.02,0.02,-1,Echolocation,/mnt/ubna_data_02_mir/recover-20221013/UBNA_001/20221012_030000.WAV,Telephone Field,recover-20221013,001,1795
1192.2805,1192.3185,68437,82471,Rhinolophus ferrumequinum,0.025,0.025,-1,Echolocation,/mnt/ubna_data_02_mir/recover-20221013/UBNA_001/20221012_030000.WAV,Telephone Field,recover-20221013,001,1795
1192.3015,1192.3081,25468,35399,Plecotus austriacus,0.008,0.027,-1,Echolocation,/mnt/ubna_data_02_mir/recover-20221013/UBNA_001/20221012_030000.WAV,Telephone Field,recover-20221013,001,1795
1192.3085,1192.3487,68437,82486,Rhinolophus ferrumequinum,0.022,0.022,-1,Echolocation,/mnt/ubna_data_02_mir/recover-20221013/UBNA_001/20221012_030000.WAV,Telephone Field,recover-20221013,001,1795
1192.3245,1192.3323,24609,32959,Plecotus austriacus,0.011,0.04,-1,Echolocation,/mnt/ubna_data_02_mir/recover-20221013/UBNA_001/20221012_030000.WAV,Telephone Field,recover-20221013,001,1795
1192.3335,1192.3403,40078,55936,Myotis mystacinus,0.006,0.02,-1,Echolocation,/mnt/ubna_data_02_mir/recover-20221013/UBNA_001/20221012_030000.WAV,Telephone Field,recover-20221013,001,1795
1192.3675,1192.4081,68437,82411,Rhinolophus ferrumequinum,0.022,0.022,-1,Echolocation,/mnt/ubna_data_02_mir/recover-20221013/UBNA_001/20221012_030000.WAV,Telephone Field,recover-20221013,001,1795
1192.3725,1192.3819,22890,29200,Nyctalus leisleri,0.006,0.02,-1,Echolocation,/mnt/ubna_data_02_mir/recover-20221013/UBNA_001/20221012_030000.WAV,Telephone Field,recover-20221013,001,1795
1192.3885,1192.4265,68437,82461,Rhinolophus ferrumequinum,0.022,0.022,-1,Echolocation,/mnt/ubna_data_02_mir/recover-20221013/UBNA_001/20221012_030000.WAV,Telephone Field,recover-20221013,001,1795
1192.5025,1192.5114,22890,30297,Plecotus austriacus,0.009,0.026,-1,Echolocation,/mnt/ubna_data_02_mir/recover-20221013/UBNA_001/20221012_030000.WAV,Telephone Field,recover-20221013,001,1795
1192.5355,1192.5762,68437,82349,Rhinolophus ferrumequinum,0.021,0.021,-1,Echolocation,/mnt/ubna_data_02_mir/recover-20221013/UBNA_001/20221012_030000.WAV,Telephone Field,recover-20221013,001,1795
1192.5425,1192.5513,25468,34493,Eptesicus serotinus,0.007,0.021,-1,Echolocation,/mnt/ubna_data_02_mir/recover-20221013/UBNA_001/20221012_030000.WAV,Telephone Field,recover-20221013,001,1795
1192.5425,1192.5801,68437,82354,Rhinolophus ferrumequinum,0.021,0.021,-1,Echolocation,/mnt/ubna_data_02_mir/recover-20221013/UBNA_001/20221012_030000.WAV,Telephone Field,recover-20221013,001,1795
1192.5835,1192.5912,27187,39856,Eptesicus serotinus,0.008,0.026,-1,Echolocation,/mnt/ubna_data_02_mir/recover-20221013/UBNA_001/20221012_030000.WAV,Telephone Field,recover-20221013,001,1795
1192.5955,1192.6319,68437,81280,Rhinolophus ferrumequinum,0.021,0.021,-1,Echolocation,/mnt/ubna_data_02_mir/recover-20221013/UBNA_001/20221012_030000.WAV,Telephone Field,recover-20221013,001,1795
1192.6015,1192.6131,22890,28281,Nyctalus leisleri,0.01,0.023,-1,Echolocation,/mnt/ubna_data_02_mir/recover-20221013/UBNA_001/20221012_030000.WAV,Telephone Field,recover-20221013,001,1795
1192.6165,1192.6541,68437,82121,Rhinolophus ferrumequinum,0.021,0.021,-1,Echolocation,/mnt/ubna_data_02_mir/recover-20221013/UBNA_001/20221012_030000.WAV,Telephone Field,recover-20221013,001,1795
1192.6385,1192.6489,28046,36855,Eptesicus serotinus,0.012,0.025,-1,Echolocation,/mnt/ubna_data_02_mir/recover-20221013/UBNA_001/20221012_030000.WAV,Telephone Field,recover-20221013,001,1795
1192.6685,1192.6756,26328,37391,Eptesicus serotinus,0.005,0.02,-1,Echolocation,/mnt/ubna_data_02_mir/recover-20221013/UBNA_001/20221012_030000.WAV,Telephone Field,recover-20221013,001,1795
1192.6875,1192.6986,24609,31168,Eptesicus serotinus,0.009,0.024,-1,Echolocation,/mnt/ubna_data_02_mir/recover-20221013/UBNA_001/20221012_030000.WAV,Telephone Field,recover-20221013,001,1795
1192.7065,1192.7428,68437,82117,Rhinolophus ferrumequinum,0.027,0.027,-1,Echolocation,/mnt/ubna_data_02_mir/recover-20221013/UBNA_001/20221012_030000.WAV,Telephone Field,recover-20221013,001,1795
1192.7095,1192.7162,27187,36560,Eptesicus serotinus,0.005,0.021,-1,Echolocation,/mnt/ubna_data_02_mir/recover-20221013/UBNA_001/20221012_030000.WAV,Telephone Field,recover-20221013,001,1795
1192.7385,1192.7482,22890,28757,Nyctalus leisleri,0.009,0.023,-1,Echolocation,/mnt/ubna_data_02_mir/recover-20221013/UBNA_001/20221012_030000.WAV,Telephone Field,recover-20221013,001,1795
1192.7505,1192.7862,68437,81629,Rhinolophus ferrumequinum,0.021,0.021,-1,Echolocation,/mnt/ubna_data_02_mir/recover-20221013/UBNA_001/20221012_030000.WAV,Telephone Field,recover-20221013,001,1795
1192.7865,1192.7948,22890,30180,Plecotus austriacus,0.008,0.021,-1,Echolocation,/mnt/ubna_data_02_mir/recover-20221013/UBNA_001/20221012_030000.WAV,Telephone Field,recover-20221013,001,1795
1192.7885,1192.7955,27187,39058,Eptesicus serotinus,0.006,0.021,-1,Echolocation,/mnt/ubna_data_02_mir/recover-20221013/UBNA_001/20221012_030000.WAV,Telephone Field,recover-20221013,001,1795
1192.8055,1192.8143,28906,37286,Eptesicus serotinus,0.007,0.021,-1,Echolocation,/mnt/ubna_data_02_mir/recover-20221013/UBNA_001/20221012_030000.WAV,Telephone Field,recover-20221013,001,1795
1192.8365,1192.8445,24609,32575,Plecotus austriacus,0.005,0.02,-1,Echolocation,/mnt/ubna_data_02_mir/recover-20221013/UBNA_001/20221012_030000.WAV,Telephone Field,recover-20221013,001,1795
1192.8835,1192.9186,68437,81808,Rhinolophus ferrumequinum,0.02,0.02,-1,Echolocation,/mnt/ubna_data_02_mir/recover-20221013/UBNA_001/20221012_030000.WAV,Telephone Field,recover-20221013,001,1795
1192.8905,1192.8988,27187,37592,Eptesicus serotinus,0.007,0.021,-1,Echolocation,/mnt/ubna_data_02_mir/recover-20221013/UBNA_001/20221012_030000.WAV,Telephone Field,recover-20221013,001,1795
1192.9285,1192.969,68437,82489,Rhinolophus ferrumequinum,0.023,0.023,-1,Echolocation,/mnt/ubna_data_02_mir/recover-20221013/UBNA_001/20221012_030000.WAV,Telephone Field,recover-20221013,001,1795
1192.9415,1192.9519,24609,31193,Nyctalus leisleri,0.009,0.024,-1,Echolocation,/mnt/ubna_data_02_mir/recover-20221013/UBNA_001/20221012_030000.WAV,Telephone Field,recover-20221013,001,1795
1192.9955,1193.0048,27187,35991,Eptesicus serotinus,0.008,0.02,-1,Echolocation,/mnt/ubna_data_02_mir/recover-20221013/UBNA_001/20221012_030000.WAV,Telephone Field,recover-20221013,001,1795
1193.0085,1193.0203,29765,35851,Eptesicus serotinus,0.015,0.029,-1,Echolocation,/mnt/ubna_data_02_mir/recover-20221013/UBNA_001/20221012_030000.WAV,Telephone Field,recover-20221013,001,1795
1193.0185,1193.0256,27187,43096,Eptesicus serotinus,0.006,0.022,-1,Echolocation,/mnt/ubna_data_02_mir/recover-20221013/UBNA_001/20221012_030000.WAV,Telephone Field,recover-20221013,001,1795
1193.0265,1193.0646,68437,81966,Rhinolophus ferrumequinum,0.023,0.023,-1,Echolocation,/mnt/ubna_data_02_mir/recover-20221013/UBNA_001/20221012_030000.WAV,Telephone Field,recover-20221013,001,1795
1193.0355,1193.0443,27187,37971,Eptesicus serotinus,0.007,0.02,-1,Echolocation,/mnt/ubna_data_02_mir/recover-20221013/UBNA_001/20221012_030000.WAV,Telephone Field,recover-20221013,001,1795
1193.0645,1193.1028,68437,82623,Rhinolophus ferrumequinum,0.024,0.024,-1,Echolocation,/mnt/ubna_data_02_mir/recover-20221013/UBNA_001/20221012_030000.WAV,Telephone Field,recover-20221013,001,1795
1193.0805,1193.1194,68437,82156,Rhinolophus ferrumequinum,0.029,0.029,-1,Echolocation,/mnt/ubna_data_02_mir/recover-20221013/UBNA_001/20221012_030000.WAV,Telephone Field,recover-20221013,001,1795
1193.1035,1193.1416,68437,81878,Rhinolophus ferrumequinum,0.024,0.024,-1,Echolocation,/mnt/ubna_data_02_mir/recover-20221013/UBNA_001/20221012_030000.WAV,Telephone Field,recover-20221013,001,1795
1193.1245,1193.1366,28906,34893,Eptesicus serotinus,0.014,0.032,-1,Echolocation,/mnt/ubna_data_02_mir/recover-20221013/UBNA_001/20221012_030000.WAV,Telephone Field,recover-20221013,001,1795
1193.1405,1193.1781,68437,81882,Rhinolophus ferrumequinum,0.022,0.022,-1,Echolocation,/mnt/ubna_data_02_mir/recover-20221013/UBNA_001/20221012_030000.WAV,Telephone Field,recover-20221013,001,1795
1193.1585,1193.168,27187,40201,Eptesicus serotinus,0.011,0.025,-1,Echolocation,/mnt/ubna_data_02_mir/recover-20221013/UBNA_001/20221012_030000.WAV,Telephone Field,recover-20221013,001,1795
1193.1845,1193.1907,24609,38189,Myotis nattereri,0.006,0.022,-1,Echolocation,/mnt/ubna_data_02_mir/recover-20221013/UBNA_001/20221012_030000.WAV,Telephone Field,recover-20221013,001,1795
1193.1865,1193.2306,68437,83109,Rhinolophus ferrumequinum,0.034,0.034,-1,Echolocation,/mnt/ubna_data_02_mir/recover-20221013/UBNA_001/20221012_030000.WAV,Telephone Field,recover-20221013,001,1795
1193.2575,1193.2973,68437,81892,Rhinolophus ferrumequinum,0.023,0.023,-1,Echolocation,/mnt/ubna_data_02_mir/recover-20221013/UBNA_001/20221012_030000.WAV,Telephone Field,recover-20221013,001,1795
1193.2685,1193.2787,22031,26978,Nyctalus leisleri,0.01,0.021,-1,Echolocation,/mnt/ubna_data_02_mir/recover-20221013/UBNA_001/20221012_030000.WAV,Telephone Field,recover-20221013,001,1795
1193.2875,1193.3232,68437,81535,Rhinolophus ferrumequinum,0.024,0.024,-1,Echolocation,/mnt/ubna_data_02_mir/recover-20221013/UBNA_001/20221012_030000.WAV,Telephone Field,recover-20221013,001,1795
1193.2935,1193.3,27187,40186,Eptesicus serotinus,0.008,0.035,-1,Echolocation,/mnt/ubna_data_02_mir/recover-20221013/UBNA_001/20221012_030000.WAV,Telephone Field,recover-20221013,001,1795
1193.3005,1193.3382,68437,81351,Rhinolophus ferrumequinum,0.031,0.031,-1,Echolocation,/mnt/ubna_data_02_mir/recover-20221013/UBNA_001/20221012_030000.WAV,Telephone Field,recover-20221013,001,1795
1193.3025,1193.3132,27187,34902,Eptesicus serotinus,0.011,0.024,-1,Echolocation,/mnt/ubna_data_02_mir/recover-20221013/UBNA_001/20221012_030000.WAV,Telephone Field,recover-20221013,001,1795
1193.3235,1193.3337,23750,30814,Eptesicus serotinus,0.006,0.02,-1,Echolocation,/mnt/ubna_data_02_mir/recover-20221013/UBNA_001/20221012_030000.WAV,Telephone Field,recover-20221013,001,1795
1193.3325,1193.3401,25468,40482,Eptesicus serotinus,0.006,0.02,-1,Echolocation,/mnt/ubna_data_02_mir/recover-20221013/UBNA_001/20221012_030000.WAV,Telephone Field,recover-20221013,001,1795
1193.3325,1193.3391,36640,45061,Myotis daubentonii,0.01,0.022,-1,Echolocation,/mnt/ubna_data_02_mir/recover-20221013/UBNA_001/20221012_030000.WAV,Telephone Field,recover-20221013,001,1795
1193.3435,1193.3819,68437,81711,Rhinolophus ferrumequinum,0.022,0.022,-1,Echolocation,/mnt/ubna_data_02_mir/recover-20221013/UBNA_001/20221012_030000.WAV,Telephone Field,recover-20221013,001,1795
1193.3735,1193.4107,68437,82355,Rhinolophus ferrumequinum,0.024,0.024,-1,Echolocation,/mnt/ubna_data_02_mir/recover-20221013/UBNA_001/20221012_030000.WAV,Telephone Field,recover-20221013,001,1795
1193.4025,1193.4436,68437,82448,Rhinolophus ferrumequinum,0.02,0.02,-1,Echolocation,/mnt/ubna_data_02_mir/recover-20221013/UBNA_001/20221012_030000.WAV,Telephone Field,recover-20221013,001,1795
1193.4275,1193.4676,68437,82721,Rhinolophus ferrumequinum,0.023,0.024,-1,Echolocation,/mnt/ubna_data_02_mir/recover-20221013/UBNA_001/20221012_030000.WAV,Telephone Field,recover-20221013,001,1795
1193.4595,1193.467,27187,38553,Eptesicus serotinus,0.008,0.026,-1,Echolocation,/mnt/ubna_data_02_mir/recover-20221013/UBNA_001/20221012_030000.WAV,Telephone Field,recover-20221013,001,1795
1193.4625,1193.5028,68437,82925,Rhinolophus ferrumequinum,0.036,0.036,-1,Echolocation,/mnt/ubna_data_02_mir/recover-20221013/UBNA_001/20221012_030000.WAV,Telephone Field,recover-20221013,001,1795
1193.4935,1193.5275,68437,80938,Rhinolophus ferrumequinum,0.021,0.021,-1,Echolocation,/mnt/ubna_data_02_mir/recover-20221013/UBNA_001/20221012_030000.WAV,Telephone Field,recover-20221013,001,1795
1193.5585,1193.5934,68437,80900,Rhinolophus ferrumequinum,0.021,0.021,-1,Echolocation,/mnt/ubna_data_02_mir/recover-20221013/UBNA_001/20221012_030000.WAV,Telephone Field,recover-20221013,001,1795
1193.5675,1193.5755,27187,36704,Eptesicus serotinus,0.007,0.02,-1,Echolocation,/mnt/ubna_data_02_mir/recover-20221013/UBNA_001/20221012_030000.WAV,Telephone Field,recover-20221013,001,1795
1193.5685,1193.6031,68437,81357,Rhinolophus ferrumequinum,0.021,0.021,-1,Echolocation,/mnt/ubna_data_02_mir/recover-20221013/UBNA_001/20221012_030000.WAV,Telephone Field,recover-20221013,001,1795
1193.5895,1193.629,68437,82901,Rhinolophus ferrumequinum,0.026,0.026,-1,Echolocation,/mnt/ubna_data_02_mir/recover-20221013/UBNA_001/20221012_030000.WAV,Telephone Field,recover-20221013,001,1795
1193.5945,1193.6046,22031,26635,Nyctalus leisleri,0.011,0.02,-1,Echolocation,/mnt/ubna_data_02_mir/recover-20221013/UBNA_001/20221012_030000.WAV,Telephone Field,recover-20221013,001,1795
1193.6115,1193.6469,68437,81803,Rhinolophus ferrumequinum,0.022,0.022,-1,Echolocation,/mnt/ubna_data_02_mir/recover-20221013/UBNA_001/20221012_030000.WAV,Telephone Field,recover-20221013,001,1795
1193.6185,1193.6261,26328,38590,Eptesicus serotinus,0.006,0.023,-1,Echolocation,/mnt/ubna_data_02_mir/recover-20221013/UBNA_001/20221012_030000.WAV,Telephone Field,recover-20221013,001,1795
1193.6195,1193.6556,68437,82153,Rhinolophus ferrumequinum,0.023,0.023,-1,Echolocation,/mnt/ubna_data_02_mir/recover-20221013/UBNA_001/20221012_030000.WAV,Telephone Field,recover-20221013,001,1795
1193.6195,1193.6248,34921,43841,Myotis daubentonii,0.009,0.021,-1,Echolocation,/mnt/ubna_data_02_mir/recover-20221013/UBNA_001/20221012_030000.WAV,Telephone Field,recover-20221013,001,1795
1193.6295,1193.6704,68437,82381,Rhinolophus ferrumequinum,0.025,0.025,-1,Echolocation,/mnt/ubna_data_02_mir/recover-20221013/UBNA_001/20221012_030000.WAV,Telephone Field,recover-20221013,001,1795
1193.6325,1193.6423,22031,26870,Nyctalus leisleri,0.008,0.021,-1,Echolocation,/mnt/ubna_data_02_mir/recover-20221013/UBNA_001/20221012_030000.WAV,Telephone Field,recover-20221013,001,1795
1193.6685,1193.676,31484,40325,Myotis daubentonii,0.01,0.025,-1,Echolocation,/mnt/ubna_data_02_mir/recover-20221013/UBNA_001/20221012_030000.WAV,Telephone Field,recover-20221013,001,1795
1193.6705,1193.7076,68437,82084,Rhinolophus ferrumequinum,0.02,0.02,-1,Echolocation,/mnt/ubna_data_02_mir/recover-20221013/UBNA_001/20221012_030000.WAV,Telephone Field,recover-20221013,001,1795
1193.6795,1193.7177,68437,81912,Rhinolophus ferrumequinum,0.021,0.021,-1,Echolocation,/mnt/ubna_data_02_mir/recover-20221013/UBNA_001/20221012_030000.WAV,Telephone Field,recover-20221013,001,1795
1193.7315,1193.7422,40937,46980,Pipistrellus nathusii,0.01,0.021,-1,Echolocation,/mnt/ubna_data_02_mir/recover-20221013/UBNA_001/20221012_030000.WAV,Telephone Field,recover-20221013,001,1795
1193.7475,1193.7839,68437,81338,Rhinolophus ferrumequinum,0.02,0.02,-1,Echolocation,/mnt/ubna_data_02_mir/recover-20221013/UBNA_001/20221012_030000.WAV,Telephone Field,recover-20221013,001,1795
1193.7835,1193.7911,28046,37933,Eptesicus serotinus,0.006,0.021,-1,Echolocation,/mnt/ubna_data_02_mir/recover-20221013/UBNA_001/20221012_030000.WAV,Telephone Field,recover-20221013,001,1795
1193.7845,1193.8209,68437,81923,Rhinolophus ferrumequinum,0.024,0.024,-1,Echolocation,/mnt/ubna_data_02_mir/recover-20221013/UBNA_001/20221012_030000.WAV,Telephone Field,recover-20221013,001,1795
1193.7925,1193.8318,68437,81653,Rhinolophus ferrumequinum,0.021,0.021,-1,Echolocation,/mnt/ubna_data_02_mir/recover-20221013/UBNA_001/20221012_030000.WAV,Telephone Field,recover-20221013,001,1795
1193.8065,1193.8489,68437,82447,Rhinolophus ferrumequinum,0.022,0.022,-1,Echolocation,/mnt/ubna_data_02_mir/recover-20221013/UBNA_001/20221012_030000.WAV,Telephone Field,recover-20221013,001,1795
1193.8385,1193.8792,68437,82682,Rhinolophus ferrumequinum,0.026,0.026,-1,Echolocation,/mnt/ubna_data_02_mir/recover-20221013/UBNA_001/20221012_030000.WAV,Telephone Field,recover-20221013,001,1795
1193.8765,1193.9152,68437,81936,Rhinolophus ferrumequinum,0.024,0.024,-1,Echolocation,/mnt/ubna_data_02_mir/recover-20221013/UBNA_001/20221012_030000.WAV,Telephone Field,recover-20221013,001,1795
1193.8795,1193.8886,25468,34473,Eptesicus serotinus,0.007,0.02,-1,Echolocation,/mnt/ubna_data_02_mir/recover-20221013/UBNA_001/20221012_030000.WAV,Telephone Field,recover-20221013,001,1795
1193.9015,1193.9404,68437,81994,Rhinolophus ferrumequinum,0.022,0.022,-1,Echolocation,/mnt/ubna_data_02_mir/recover-20221013/UBNA_001/20221012_030000.WAV,Telephone Field,recover-20221013,001,1795
1194.0015,1194.0101,26328,34529,Nyctalus leisleri,0.009,0.027,-1,Echolocation,/mnt/ubna_data_02_mir/recover-20221013/UBNA_001/20221012_030000.WAV,Telephone Field,recover-20221013,001,1795
1194.0015,1194.0182,19453,24179,Nyctalus noctula,0.015,0.032,-1,Echolocation,/mnt/ubna_data_02_mir/recover-20221013/UBNA_001/20221012_030000.WAV,Telephone Field,recover-20221013,001,1795
1194.0015,1194.0328,68437,79555,Rhinolophus ferrumequinum,0.034,0.035,-1,Echolocation,/mnt/ubna_data_02_mir/recover-20221013/UBNA_001/20221012_030000.WAV,Telephone Field,recover-20221013,001,1795
1194.0085,1194.0488,68437,82393,Rhinolophus ferrumequinum,0.024,0.024,-1,Echolocation,/mnt/ubna_data_02_mir/recover-20221013/UBNA_001/20221012_030000.WAV,Telephone Field,recover-20221013,001,1795
1194.0125,1194.0193,28046,39118,Eptesicus serotinus,0.006,0.022,-1,Echolocation,/mnt/ubna_data_02_mir/recover-20221013/UBNA_001/20221012_030000.WAV,Telephone Field,recover-20221013,001,1795
1194.0145,1194.0558,68437,83035,Rhinolophus ferrumequinum,0.025,0.025,-1,Echolocation,/mnt/ubna_data_02_mir/recover-20221013/UBNA_001/20221012_030000.WAV,Telephone Field,recover-20221013,001,1795
1194.0465,1194.089,68437,83175,Rhinolophus ferrumequinum,0.026,0.026,-1,Echolocation,/mnt/ubna_data_02_mir/recover-20221013/UBNA_001/20221012_030000.WAV,Telephone Field,recover-20221013,001,1795
1194.0965,1194.1351,68437,82136,Rhinolophus ferrumequinum,0.02,0.02,-1,Echolocation,/mnt/ubna_data_02_mir/recover-20221013/UBNA_001/20221012_030000.WAV,Telephone Field,recover-20221013,001,1795
1194.1065,1194.1483,68437,83447,Rhinolophus ferrumequinum,0.027,0.027,-1,Echolocation,/mnt/ubna_data_02_mir/recover-20221013/UBNA_001/20221012_030000.WAV,Telephone Field,recover-20221013,001,1795
1194.1335,1194.172,68437,82092,Rhinolophus ferrumequinum,0.021,0.021,-1,Echolocation,/mnt/ubna_data_02_mir/recover-20221013/UBNA_001/20221012_030000.WAV,Telephone Field,recover-20221013,001,1795
1194.1335,1194.1541,19453,21936,Nyctalus leisleri,0.012,0.021,-1,Echolocation,/mnt/ubna_data_02_mir/recover-20221013/UBNA_001/20221012_030000.WAV,Telephone Field,recover-20221013,001,1795
1194.1495,1194.1847,68437,81123,Rhinolophus ferrumequinum,0.021,0.021,-1,Echolocation,/mnt/ubna_data_02_mir/recover-20221013/UBNA_001/20221012_030000.WAV,Telephone Field,recover-20221013,001,1795
1194.1505,1194.1596,23750,30418,Nyctalus leisleri,0.007,0.021,-1,Echolocation,/mnt/ubna_data_02_mir/recover-20221013/UBNA_001/20221012_030000.WAV,Telephone Field,recover-20221013,001,1795
1194.1615,1194.2018,68437,82698,Rhinolophus ferrumequinum,0.023,0.023,-1,Echolocation,/mnt/ubna_data_02_mir/recover-20221013/UBNA_001/20221012_030000.WAV,Telephone Field,recover-20221013,001,1795
1194.1725,1194.2102,68437,82064,Rhinolophus ferrumequinum,0.02,0.02,-1,Echolocation,/mnt/ubna_data_02_mir/recover-20221013/UBNA_001/20221012_030000.WAV,Telephone Field,recover-20221013,001,1795
1194.1995,1194.2382,68437,82050,Rhinolophus ferrumequinum,0.027,0.027,-1,Echolocation,/mnt/ubna_data_02_mir/recover-20221013/UBNA_001/20221012_030000.WAV,Telephone Field,recover-20221013,001,1795
1194.2365,1194.2735,68437,81357,Rhinolophus ferrumequinum,0.021,0.021,-1,Echolocation,/mnt/ubna_data_02_mir/recover-20221013/UBNA_001/20221012_030000.WAV,Telephone Field,recover-20221013,001,1795
1194.2365,1194.2461,28906,37485,Eptesicus serotinus,0.009,0.022,-1,Echolocation,/mnt/ubna_data_02_mir/recover-20221013/UBNA_001/20221012_030000.WAV,Telephone Field,recover-20221013,001,1795
1194.2485,1194.2897,68437,82597,Rhinolophus ferrumequinum,0.048,0.048,-1,Echolocation,/mnt/ubna_data_02_mir/recover-20221013/UBNA_001/20221012_030000.WAV,Telephone Field,recover-20221013,001,1795
1194.2495,1194.2595,25468,32577,Eptesicus serotinus,0.008,0.022,-1,Echolocation,/mnt/ubna_data_02_mir/recover-20221013/UBNA_001/20221012_030000.WAV,Telephone Field,recover-20221013,001,1795
1194.2715,1194.3072,68437,81078,Rhinolophus ferrumequinum,0.027,0.028,-1,Echolocation,/mnt/ubna_data_02_mir/recover-20221013/UBNA_001/20221012_030000.WAV,Telephone Field,recover-20221013,001,1795
1194.2845,1194.3215,68437,81731,Rhinolophus ferrumequinum,0.02,0.02,-1,Echolocation,/mnt/ubna_data_02_mir/recover-20221013/UBNA_001/20221012_030000.WAV,Telephone Field,recover-20221013,001,1795
1194.2995,1194.3428,68437,83239,Rhinolophus ferrumequinum,0.023,0.023,-1,Echolocation,/mnt/ubna_data_02_mir/recover-20221013/UBNA_001/20221012_030000.WAV,Telephone Field,recover-20221013,001,1795
1194.3045,1194.3117,28046,38949,Eptesicus serotinus,0.007,0.023,-1,Echolocation,/mnt/ubna_data_02_mir/recover-20221013/UBNA_001/20221012_030000.WAV,Telephone Field,recover-20221013,001,1795
1194.3495,1194.3908,68437,82423,Rhinolophus ferrumequinum,0.02,0.02,-1,Echolocation,/mnt/ubna_data_02_mir/recover-20221013/UBNA_001/20221012_030000.WAV,Telephone Field,recover-20221013,001,1795
1194.3755,1194.3919,21171,24837,Nyctalus leisleri,0.012,0.022,-1,Echolocation,/mnt/ubna_data_02_mir/recover-20221013/UBNA_001/20221012_030000.WAV,Telephone Field,recover-20221013,001,1795
1194.3995,1194.4187,15156,19803,Nyctalus noctula,0.019,0.026,-1,Echolocation,/mnt/ubna_data_02_mir/recover-20221013/UBNA_001/20221012_030000.WAV,Telephone Field,recover-20221013,001,1795
1194.4235,1194.4632,68437,82686,Rhinolophus ferrumequinum,0.026,0.026,-1,Echolocation,/mnt/ubna_data_02_mir/recover-20221013/UBNA_001/20221012_030000.WAV,Telephone Field,recover-20221013,001,1795
1194.4535,1194.4625,28906,37218,Eptesicus serotinus,0.008,0.021,-1,Echolocation,/mnt/ubna_data_02_mir/recover-20221013/UBNA_001/20221012_030000.WAV,Telephone Field,recover-20221013,001,1795
1194.5535,1194.59,68437,81434,Rhinolophus ferrumequinum,0.021,0.021,-1,Echolocation,/mnt/ubna_data_02_mir/recover-20221013/UBNA_001/20221012_030000.WAV,Telephone Field,recover-20221013,001,1795
1194.5545,1194.5659,22890,26924,Nyctalus leisleri,0.014,0.024,-1,Echolocation,/mnt/ubna_data_02_mir/recover-20221013/UBNA_001/20221012_030000.WAV,Telephone Field,recover-20221013,001,1795
1194.5635,1194.6007,68437,81615,Rhinolophus ferrumequinum,0.021,0.021,-1,Echolocation,/mnt/ubna_data_02_mir/recover-20221013/UBNA_001/20221012_030000.WAV,Telephone Field,recover-20221013,001,1795
1194.5715,1194.5823,26328,32898,Eptesicus serotinus,0.011,0.023,-1,Echolocation,/mnt/ubna_data_02_mir/recover-20221013/UBNA_001/20221012_030000.WAV,Telephone Field,recover-20221013,001,1795
1194.6035,1194.6144,22890,28210,Nyctalus leisleri,0.01,0.021,-1,Echolocation,/mnt/ubna_data_02_mir/recover-20221013/UBNA_001/20221012_030000.WAV,Telephone Field,recover-20221013,001,1795
1194.6235,1194.6614,68437,81761,Rhinolophus ferrumequinum,0.022,0.022,-1,Echolocation,/mnt/ubna_data_02_mir/recover-20221013/UBNA_001/20221012_030000.WAV,Telephone Field,recover-20221013,001,1795
1194.6315,1194.6418,22890,28667,Nyctalus leisleri,0.01,0.024,-1,Echolocation,/mnt/ubna_data_02_mir/recover-20221013/UBNA_001/20221012_030000.WAV,Telephone Field,recover-20221013,001,1795
1194.6455,1194.6537,28046,39299,Eptesicus serotinus,0.007,0.02,-1,Echolocation,/mnt/ubna_data_02_mir/recover-20221013/UBNA_001/20221012_030000.WAV,Telephone Field,recover-20221013,001,1795
1194.6465,1194.6831,68437,82239,Rhinolophus ferrumequinum,0.022,0.022,-1,Echolocation,/mnt/ubna_data_02_mir/recover-20221013/UBNA_001/20221012_030000.WAV,Telephone Field,recover-20221013,001,1795
1194.6625,1194.6714,25468,33089,Eptesicus serotinus,0.008,0.02,-1,Echolocation,/mnt/ubna_data_02_mir/recover-20221013/UBNA_001/20221012_030000.WAV,Telephone Field,recover-20221013,001,1795
1194.6995,1194.7072,26328,35169,Eptesicus serotinus,0.008,0.021,-1,Echolocation,/mnt/ubna_data_02_mir/recover-20221013/UBNA_001/20221012_030000.WAV,Telephone Field,recover-20221013,001,1795
1194.7235,1194.7324,25468,32699,Nyctalus leisleri,0.006,0.02,-1,Echolocation,/mnt/ubna_data_02_mir/recover-20221013/UBNA_001/20221012_030000.WAV,Telephone Field,recover-20221013,001,1795
1194.7685,1194.7762,26328,35656,Eptesicus serotinus,0.011,0.031,-1,Echolocation,/mnt/ubna_data_02_mir/recover-20221013/UBNA_001/20221012_030000.WAV,Telephone Field,recover-20221013,001,1795
1194.8025,1194.8369,68437,80965,Rhinolophus ferrumequinum,0.022,0.022,-1,Echolocation,/mnt/ubna_data_02_mir/recover-20221013/UBNA_001/20221012_030000.WAV,Telephone Field,recover-20221013,001,1795
1194.8035,1194.8113,28046,37250,Eptesicus serotinus,0.007,0.021,-1,Echolocation,/mnt/ubna_data_02_mir/recover-20221013/UBNA_001/20221012_030000.WAV,Telephone Field,recover-20221013,001,1795
1194.8205,1194.827,28046,39449,Eptesicus serotinus,0.006,0.021,-1,Echolocation,/mnt/ubna_data_02_mir/recover-20221013/UBNA_001/20221012_030000.WAV,Telephone Field,recover-20221013,001,1795
1194.8605,1194.9025,68437,83057,Rhinolophus ferrumequinum,0.023,0.023,-1,Echolocation,/mnt/ubna_data_02_mir/recover-20221013/UBNA_001/20221012_030000.WAV,Telephone Field,recover-20221013,001,1795
1194.9265,1194.9647,68437,82215,Rhinolophus ferrumequinum,0.027,0.027,-1,Echolocation,/mnt/ubna_data_02_mir/recover-20221013/UBNA_001/20221012_030000.WAV,Telephone Field,recover-20221013,001,1795
1194.9905,1195.0012,22031,26453,Nyctalus leisleri,0.012,0.023,-1,Echolocation,/mnt/ubna_data_02_mir/recover-20221013/UBNA_001/20221012_030000.WAV,Telephone Field,recover-20221013,001,1795
1195.0015,1195.0397,68437,82116,Rhinolophus ferrumequinum,0.02,0.02,-1,Echolocation,/mnt/ubna_data_02_mir/recover-20221013/UBNA_001/20221012_030000.WAV,Telephone Field,recover-20221013,001,1795
1195.0135,1195.022,28046,39668,Eptesicus serotinus,0.008,0.022,-1,Echolocation,/mnt/ubna_data_02_mir/recover-20221013/UBNA_001/20221012_030000.WAV,Telephone Field,recover-20221013,001,1795
1195.0805,1195.0919,22031,26857,Nyctalus leisleri,0.012,0.025,-1,Echolocation,/mnt/ubna_data_02_mir/recover-20221013/UBNA_001/20221012_030000.WAV,Telephone Field,recover-20221013,001,1795
1195.1235,1195.1584,68437,81846,Rhinolophus ferrumequinum,0.024,0.024,-1,Echolocation,/mnt/ubna_data_02_mir/recover-20221013/UBNA_001/20221012_030000.WAV,Telephone Field,recover-20221013,001,1795
1195.1415,1195.1806,68437,82410,Rhinolophus ferrumequinum,0.024,0.024,-1,Echolocation,/mnt/ubna_data_02_mir/recover-20221013/UBNA_001/20221012_030000.WAV,Telephone Field,recover-20221013,001,1795
1195.1795,1195.1957,19453,24007,Nyctalus noctula,0.018,0.036,-1,Echolocation,/mnt/ubna_data_02_mir/recover-20221013/UBNA_001/20221012_030000.WAV,Telephone Field,recover-20221013,001,1795
1195.2045,1195.2426,68437,81717,Rhinolophus ferrumequinum,0.021,0.021,-1,Echolocation,/mnt/ubna_data_02_mir/recover-20221013/UBNA_001/20221012_030000.WAV,Telephone Field,recover-20221013,001,1795
1195.2395,1195.2761,68437,82012,Rhinolophus ferrumequinum,0.02,0.02,-1,Echolocation,/mnt/ubna_data_02_mir/recover-20221013/UBNA_001/20221012_030000.WAV,Telephone Field,recover-20221013,001,1795
1195.2485,1195.2566,25468,33201,Eptesicus serotinus,0.006,0.02,-1,Echolocation,/mnt/ubna_data_02_mir/recover-20221013/UBNA_001/20221012_030000.WAV,Telephone Field,recover-20221013,001,1795
1195.2865,1195.3229,68437,81541,Rhinolophus ferrumequinum,0.023,0.023,-1,Echolocation,/mnt/ubna_data_02_mir/recover-20221013/UBNA_001/20221012_030000.WAV,Telephone Field,recover-20221013,001,1795
1195.2905,1195.3027,22890,27871,Nyctalus leisleri,0.01,0.021,-1,Echolocation,/mnt/ubna_data_02_mir/recover-20221013/UBNA_001/20221012_030000.WAV,Telephone Field,recover-20221013,001,1795
1195.2965,1195.3064,23750,30301,Nyctalus leisleri,0.007,0.021,-1,Echolocation,/mnt/ubna_data_02_mir/recover-20221013/UBNA_001/20221012_030000.WAV,Telephone Field,recover-20221013,001,1795
1195.3215,1195.3597,68437,81811,Rhinolophus ferrumequinum,0.022,0.022,-1,Echolocation,/mnt/ubna_data_02_mir/recover-20221013/UBNA_001/20221012_030000.WAV,Telephone Field,recover-20221013,001,1795
1195.3475,1195.3814,68437,81890,Rhinolophus ferrumequinum,0.02,0.02,-1,Echolocation,/mnt/ubna_data_02_mir/recover-20221013/UBNA_001/20221012_030000.WAV,Telephone Field,recover-20221013,001,1795
1195.3765,1195.3843,24609,32988,Plecotus austriacus,0.007,0.024,-1,Echolocation,/mnt/ubna_data_02_mir/recover-20221013/UBNA_001/20221012_030000.WAV,Telephone Field,recover-20221013,001,1795
1195.3895,1195.4301,68437,82303,Rhinolophus ferrumequinum,0.02,0.02,-1,Echolocation,/mnt/ubna_data_02_mir/recover-20221013/UBNA_001/20221012_030000.WAV,Telephone Field,recover-20221013,001,1795
1195.3985,1195.4378,68437,82421,Rhinolophus ferrumequinum,0.022,0.022,-1,Echolocation,/mnt/ubna_data_02_mir/recover-20221013/UBNA_001/20221012_030000.WAV,Telephone Field,recover-20221013,001,1795
1195.4225,1195.463,68437,82404,Rhinolophus ferrumequinum,0.022,0.022,-1,Echolocation,/mnt/ubna_data_02_mir/recover-20221013/UBNA_001/20221012_030000.WAV,Telephone Field,recover-20221013,001,1795
1195.4475,1195.4539,28906,41868,Myotis daubentonii,0.008,0.031,-1,Echolocation,/mnt/ubna_data_02_mir/recover-20221013/UBNA_001/20221012_030000.WAV,Telephone Field,recover-20221013,001,1795
1195.4845,1195.5185,68437,80456,Rhinolophus ferrumequinum,0.021,0.021,-1,Echolocation,/mnt/ubna_data_02_mir/recover-20221013/UBNA_001/20221012_030000.WAV,Telephone Field,recover-20221013,001,1795
1195.5025,1195.513,23750,30249,Nyctalus leisleri,0.009,0.022,-1,Echolocation,/mnt/ubna_data_02_mir/recover-20221013/UBNA_001/20221012_030000.WAV,Telephone Field,recover-20221013,001,1795
1195.5085,1195.5151,28046,37339,Eptesicus serotinus,0.007,0.025,-1,Echolocation,/mnt/ubna_data_02_mir/recover-20221013/UBNA_001/20221012_030000.WAV,Telephone Field,recover-20221013,001,1795
1195.5165,1195.528,37500,42945,Pipistrellus nathusii,0.007,0.027,-1,Echolocation,/mnt/ubna_data_02_mir/recover-20221013/UBNA_001/20221012_030000.WAV,Telephone Field,recover-20221013,001,1795
1195.5325,1195.5676,68437,81851,Rhinolophus ferrumequinum,0.021,0.021,-1,Echolocation,/mnt/ubna_data_02_mir/recover-20221013/UBNA_001/20221012_030000.WAV,Telephone Field,recover-20221013,001,1795
1195.5595,1195.5679,22890,30524,Plecotus austriacus,0.013,0.028,-1,Echolocation,/mnt/ubna_data_02_mir/recover-20221013/UBNA_001/20221012_030000.WAV,Telephone Field,recover-20221013,001,1795
1195.5825,1195.5905,28046,37507,Eptesicus serotinus,0.008,0.023,-1,Echolocation,/mnt/ubna_data_02_mir/recover-20221013/UBNA_001/20221012_030000.WAV,Telephone Field,recover-20221013,001,1795
1195.5965,1195.6345,68437,81897,Rhinolophus ferrumequinum,0.021,0.021,-1,Echolocation,/mnt/ubna_data_02_mir/recover-20221013/UBNA_001/20221012_030000.WAV,Telephone Field,recover-20221013,001,1795
1195.6025,1195.6097,28046,41975,Eptesicus serotinus,0.007,0.024,-1,Echolocation,/mnt/ubna_data_02_mir/recover-20221013/UBNA_001/20221012_030000.WAV,Telephone Field,recover-20221013,001,1795
1195.6105,1195.6179,26328,34927,Eptesicus serotinus,0.007,0.022,-1,Echolocation,/mnt/ubna_data_02_mir/recover-20221013/UBNA_001/20221012_030000.WAV,Telephone Field,recover-20221013,001,1795
1195.6495,1195.6576,27187,39579,Eptesicus serotinus,0.009,0.026,-1,Echolocation,/mnt/ubna_data_02_mir/recover-20221013/UBNA_001/20221012_030000.WAV,Telephone Field,recover-20221013,001,1795
1195.6745,1195.6845,45234,49977,Pipistrellus pipistrellus,0.02,0.024,-1,Echolocation,/mnt/ubna_data_02_mir/recover-20221013/UBNA_001/20221012_030000.WAV,Telephone Field,recover-20221013,001,1795
1195.6905,1195.7285,68437,82368,Rhinolophus ferrumequinum,0.022,0.022,-1,Echolocation,/mnt/ubna_data_02_mir/recover-20221013/UBNA_001/20221012_030000.WAV,Telephone Field,recover-20221013,001,1795
1195.7195,1195.728,22890,29968,Plecotus austriacus,0.01,0.024,-1,Echolocation,/mnt/ubna_data_02_mir/recover-20221013/UBNA_001/20221012_030000.WAV,Telephone Field,recover-20221013,001,1795
1195.8165,1195.8257,26328,34498,Eptesicus serotinus,0.012,0.027,-1,Echolocation,/mnt/ubna_data_02_mir/recover-20221013/UBNA_001/20221012_030000.WAV,Telephone Field,recover-20221013,001,1795
1195.8305,1195.8711,68437,82535,Rhinolophus ferrumequinum,0.027,0.027,-1,Echolocation,/mnt/ubna_data_02_mir/recover-20221013/UBNA_001/20221012_030000.WAV,Telephone Field,recover-20221013,001,1795
1195.8475,1195.8877,68437,82751,Rhinolophus ferrumequinum,0.021,0.021,-1,Echolocation,/mnt/ubna_data_02_mir/recover-20221013/UBNA_001/20221012_030000.WAV,Telephone Field,recover-20221013,001,1795
1195.8585,1195.8998,68437,82579,Rhinolophus ferrumequinum,0.021,0.021,-1,Echolocation,/mnt/ubna_data_02_mir/recover-20221013/UBNA_001/20221012_030000.WAV,Telephone Field,recover-20221013,001,1795
1195.8875,1195.8955,28046,39549,Eptesicus serotinus,0.007,0.021,-1,Echolocation,/mnt/ubna_data_02_mir/recover-20221013/UBNA_001/20221012_030000.WAV,Telephone Field,recover-20221013,001,1795
1195.8955,1195.9343,68437,82259,Rhinolophus ferrumequinum,0.023,0.023,-1,Echolocation,/mnt/ubna_data_02_mir/recover-20221013/UBNA_001/20221012_030000.WAV,Telephone Field,recover-20221013,001,1795
1195.9005,1195.9126,14296,19664,Nyctalus noctula,0.015,0.03,-1,Echolocation,/mnt/ubna_data_02_mir/recover-20221013/UBNA_001/20221012_030000.WAV,Telephone Field,recover-20221013,001,1795
1195.9435,1195.9521,22890,30475,Plecotus austriacus,0.011,0.028,-1,Echolocation,/mnt/ubna_data_02_mir/recover-20221013/UBNA_001/20221012_030000.WAV,Telephone Field,recover-20221013,001,1795
1195.9515,1195.9849,68437,80735,Rhinolophus ferrumequinum,0.021,0.021,-1,Echolocation,/mnt/ubna_data_02_mir/recover-20221013/UBNA_001/20221012_030000.WAV,Telephone Field,recover-20221013,001,1795
1196.0015,1196.0105,26328,34669,Nyctalus leisleri,0.01,0.03,-1,Echolocation,/mnt/ubna_data_02_mir/recover-20221013/UBNA_001/20221012_030000.WAV,Telephone Field,recover-20221013,001,1795
1196.0015,1196.0174,17734,22343,Nyctalus noctula,0.011,0.026,-1,Echolocation,/mnt/ubna_data_02_mir/recover-20221013/UBNA_001/20221012_030000.WAV,Telephone Field,recover-20221013,001,1795
1196.0015,1196.0307,69296,81606,Rhinolophus ferrumequinum,0.026,0.026,-1,Echolocation,/mnt/ubna_data_02_mir/recover-20221013/UBNA_001/20221012_030000.WAV,Telephone Field,recover-20221013,001,1795
1196.0165,1196.0557,68437,81267,Rhinolophus ferrumequinum,0.029,0.029,-1,Echolocation,/mnt/ubna_data_02_mir/recover-20221013/UBNA_001/20221012_030000.WAV,Telephone Field,recover-20221013,001,1795
1196.0435,1196.0506,24609,33958,Plecotus austriacus,0.01,0.025,-1,Echolocation,/mnt/ubna_data_02_mir/recover-20221013/UBNA_001/20221012_030000.WAV,Telephone Field,recover-20221013,001,1795
1196.0555,1196.0955,68437,82733,Rhinolophus ferrumequinum,0.027,0.027,-1,Echolocation,/mnt/ubna_data_02_mir/recover-20221013/UBNA_001/20221012_030000.WAV,Telephone Field,recover-20221013,001,1795
1196.0885,1196.1257,68437,81970,Rhinolophus ferrumequinum,0.023,0.023,-1,Echolocation,/mnt/ubna_data_02_mir/recover-20221013/UBNA_001/20221012_030000.WAV,Telephone Field,recover-20221013,001,1795
1196.0925,1196.1021,22890,28976,Nyctalus leisleri,0.008,0.022,-1,Echolocation,/mnt/ubna_data_02_mir/recover-20221013/UBNA_001/20221012_030000.WAV,Telephone Field,recover-20221013,001,1795
1196.1015,1196.141,68437,82229,Rhinolophus ferrumequinum,0.024,0.024,-1,Echolocation,/mnt/ubna_data_02_mir/recover-20221013/UBNA_001/20221012_030000.WAV,Telephone Field,recover-20221013,001,1795
1196.1065,1196.1157,24609,30804,Nyctalus leisleri,0.008,0.021,-1,Echolocation,/mnt/ubna_data_02_mir/recover-20221013/UBNA_001/20221012_030000.WAV,Telephone Field,recover-20221013,001,1795
1196.1075,1196.1479,68437,82534,Rhinolophus ferrumequinum,0.024,0.024,-1,Echolocation,/mnt/ubna_data_02_mir/recover-20221013/UBNA_001/20221012_030000.WAV,Telephone Field,recover-20221013,001,1795
1196.1265,1196.1369,22031,27750,Nyctalus leisleri,0.009,0.023,-1,Echolocation,/mnt/ubna_data_02_mir/recover-20221013/UBNA_001/20221012_030000.WAV,Telephone Field,recover-20221013,001,1795
1196.1495,1196.1582,28906,37025,Eptesicus serotinus,0.008,0.022,-1,Echolocation,/mnt/ubna_data_02_mir/recover-20221013/UBNA_001/20221012_030000.WAV,Telephone Field,recover-20221013,001,1795
1196.1755,1196.2141,68437,81541,Rhinolophus ferrumequinum,0.021,0.022,-1,Echolocation,/mnt/ubna_data_02_mir/recover-20221013/UBNA_001/20221012_030000.WAV,Telephone Field,recover-20221013,001,1795
1196.1825,1196.1911,28046,37272,Eptesicus serotinus,0.008,0.022,-1,Echolocation,/mnt/ubna_data_02_mir/recover-20221013/UBNA_001/20221012_030000.WAV,Telephone Field,recover-20221013,001,1795
1196.2115,1196.2204,25468,32865,Eptesicus serotinus,0.008,0.024,-1,Echolocation,/mnt/ubna_data_02_mir/recover-20221013/UBNA_001/20221012_030000.WAV,Telephone Field,recover-20221013,001,1795
1196.2375,1196.2751,68437,82078,Rhinolophus ferrumequinum,0.024,0.024,-1,Echolocation,/mnt/ubna_data_02_mir/recover-20221013/UBNA_001/20221012_030000.WAV,Telephone Field,recover-20221013,001,1795
1196.2495,1196.2879,68437,82450,Rhinolophus ferrumequinum,0.023,0.023,-1,Echolocation,/mnt/ubna_data_02_mir/recover-20221013/UBNA_001/20221012_030000.WAV,Telephone Field,recover-20221013,001,1795
1196.2505,1196.2583,28046,39329,Eptesicus serotinus,0.008,0.024,-1,Echolocation,/mnt/ubna_data_02_mir/recover-20221013/UBNA_001/20221012_030000.WAV,Telephone Field,recover-20221013,001,1795
1196.2555,1196.263,50390,54863,Pipistrellus pipistrellus,0.02,0.022,-1,Echolocation,/mnt/ubna_data_02_mir/recover-20221013/UBNA_001/20221012_030000.WAV,Telephone Field,recover-20221013,001,1795
1196.2775,1196.3166,68437,82860,Rhinolophus ferrumequinum,0.025,0.025,-1,Echolocation,/mnt/ubna_data_02_mir/recover-20221013/UBNA_001/20221012_030000.WAV,Telephone Field,recover-20221013,001,1795
1196.2925,1196.3309,68437,81483,Rhinolophus ferrumequinum,0.021,0.021,-1,Echolocation,/mnt/ubna_data_02_mir/recover-20221013/UBNA_001/20221012_030000.WAV,Telephone Field,recover-20221013,001,1795
1196.3125,1196.3542,68437,82678,Rhinolophus ferrumequinum,0.021,0.021,-1,Echolocation,/mnt/ubna_data_02_mir/recover-20221013/UBNA_001/20221012_030000.WAV,Telephone Field,recover-20221013,001,1795
1196.3285,1196.3673,68437,81741,Rhinolophus ferrumequinum,0.023,0.023,-1,Echolocation,/mnt/ubna_data_02_mir/recover-20221013/UBNA_001/20221012_030000.WAV,Telephone Field,recover-20221013,001,1795
1196.3385,1196.3771,68437,81868,Rhinolophus ferrumequinum,0.022,0.022,-1,Echolocation,/mnt/ubna_data_02_mir/recover-20221013/UBNA_001/20221012_030000.WAV,Telephone Field,recover-20221013,001,1795
1196.3635,1196.4005,68437,81618,Rhinolophus ferrumequinum,0.026,0.026,-1,Echolocation,/mnt/ubna_data_02_mir/recover-20221013/UBNA_001/20221012_030000.WAV,Telephone Field,recover-20221013,001,1795
1196.3915,1196.4306,68437,82817,Rhinolophus ferrumequinum,0.027,0.027,-1,Echolocation,/mnt/ubna_data_02_mir/recover-20221013/UBNA_001/20221012_030000.WAV,Telephone Field,recover-20221013,001,1795
1196.3985,1196.4393,68437,82990,Rhinolophus ferrumequinum,0.021,0.021,-1,Echolocation,/mnt/ubna_data_02_mir/recover-20221013/UBNA_001/20221012_030000.WAV,Telephone Field,recover-20221013,001,1795
1196.4755,1196.4868,26328,33872,Eptesicus serotinus,0.011,0.024,-1,Echolocation,/mnt/ubna_data_02_mir/recover-20221013/UBNA_001/20221012_030000.WAV,Telephone Field,recover-20221013,001,1795
1196.4915,1196.5312,68437,82330,Rhinolophus ferrumequinum,0.025,0.025,-1,Echolocation,/mnt/ubna_data_02_mir/recover-20221013/UBNA_001/20221012_030000.WAV,Telephone Field,recover-20221013,001,1795
1196.5665,1196.5767,27187,35772,Eptesicus serotinus,0.01,0.022,-1,Echolocation,/mnt/ubna_data_02_mir/recover-20221013/UBNA_001/20221012_030000.WAV,Telephone Field,recover-20221013,001,1795
1196.5795,1196.5872,28046,39024,Eptesicus serotinus,0.007,0.025,-1,Echolocation,/mnt/ubna_data_02_mir/recover-20221013/UBNA_001/20221012_030000.WAV,Telephone Field,recover-20221013,001,1795
1196.5915,1196.6285,68437,82010,Rhinolophus ferrumequinum,0.022,0.022,-1,Echolocation,/mnt/ubna_data_02_mir/recover-20221013/UBNA_001/20221012_030000.WAV,Telephone Field,recover-20221013,001,1795
1196.6025,1196.6401,68437,82009,Rhinolophus ferrumequinum,0.021,0.021,-1,Echolocation,/mnt/ubna_data_02_mir/recover-20221013/UBNA_001/20221012_030000.WAV,Telephone Field,recover-20221013,001,1795
1196.6265,1196.6663,68437,82542,Rhinolophus ferrumequinum,0.022,0.022,-1,Echolocation,/mnt/ubna_data_02_mir/recover-20221013/UBNA_001/20221012_030000.WAV,Telephone Field,recover-20221013,001,1795
1196.6265,1196.6399,22890,28013,Nyctalus leisleri,0.011,0.025,-1,Echolocation,/mnt/ubna_data_02_mir/recover-20221013/UBNA_001/20221012_030000.WAV,Telephone Field,recover-20221013,001,1795
1196.6405,1196.6825,68437,82874,Rhinolophus ferrumequinum,0.026,0.026,-1,Echolocation,/mnt/ubna_data_02_mir/recover-20221013/UBNA_001/20221012_030000.WAV,Telephone Field,recover-20221013,001,1795
1196.6485,1196.6549,28046,40506,Eptesicus serotinus,0.006,0.027,-1,Echolocation,/mnt/ubna_data_02_mir/recover-20221013/UBNA_001/20221012_030000.WAV,Telephone Field,recover-20221013,001,1795
1196.6685,1196.676,28046,40024,Eptesicus serotinus,0.007,0.022,-1,Echolocation,/mnt/ubna_data_02_mir/recover-20221013/UBNA_001/20221012_030000.WAV,Telephone Field,recover-20221013,001,1795
1196.6755,1196.7108,68437,81604,Rhinolophus ferrumequinum,0.022,0.022,-1,Echolocation,/mnt/ubna_data_02_mir/recover-20221013/UBNA_001/20221012_030000.WAV,Telephone Field,recover-20221013,001,1795
1196.6755,1196.6837,28046,38757,Eptesicus serotinus,0.007,0.022,-1,Echolocation,/mnt/ubna_data_02_mir/recover-20221013/UBNA_001/20221012_030000.WAV,Telephone Field,recover-20221013,001,1795
1196.7075,1196.7436,68437,81859,Rhinolophus ferrumequinum,0.022,0.022,-1,Echolocation,/mnt/ubna_data_02_mir/recover-20221013/UBNA_001/20221012_030000.WAV,Telephone Field,recover-20221013,001,1795
1196.7275,1196.7357,25468,34021,Eptesicus serotinus,0.006,0.024,-1,Echolocation,/mnt/ubna_data_02_mir/recover-20221013/UBNA_001/20221012_030000.WAV,Telephone Field,recover-20221013,001,1795
1196.7345,1196.7436,28906,39944,Eptesicus serotinus,0.011,0.029,-1,Echolocation,/mnt/ubna_data_02_mir/recover-20221013/UBNA_001/20221012_030000.WAV,Telephone Field,recover-20221013,001,1795
1196.8005,1196.8407,68437,82309,Rhinolophus ferrumequinum,0.035,0.035,-1,Echolocation,/mnt/ubna_data_02_mir/recover-20221013/UBNA_001/20221012_030000.WAV,Telephone Field,recover-20221013,001,1795
1196.8275,1196.8676,68437,82107,Rhinolophus ferrumequinum,0.023,0.023,-1,Echolocation,/mnt/ubna_data_02_mir/recover-20221013/UBNA_001/20221012_030000.WAV,Telephone Field,recover-20221013,001,1795
1196.8315,1196.839,28046,41533,Eptesicus serotinus,0.007,0.024,-1,Echolocation,/mnt/ubna_data_02_mir/recover-20221013/UBNA_001/20221012_030000.WAV,Telephone Field,recover-20221013,001,1795
1196.8475,1196.8867,68437,82162,Rhinolophus ferrumequinum,0.022,0.022,-1,Echolocation,/mnt/ubna_data_02_mir/recover-20221013/UBNA_001/20221012_030000.WAV,Telephone Field,recover-20221013,001,1795
1196.8575,1196.8672,28046,37522,Eptesicus serotinus,0.01,0.026,-1,Echolocation,/mnt/ubna_data_02_mir/recover-20221013/UBNA_001/20221012_030000.WAV,Telephone Field,recover-20221013,001,1795
1196.8575,1196.8922,68437,80806,Rhinolophus ferrumequinum,0.021,0.021,-1,Echolocation,/mnt/ubna_data_02_mir/recover-20221013/UBNA_001/20221012_030000.WAV,Telephone Field,recover-20221013,001,1795
1196.8925,1196.9319,68437,82210,Rhinolophus ferrumequinum,0.053,0.053,-1,Echolocation,/mnt/ubna_data_02_mir/recover-20221013/UBNA_001/20221012_030000.WAV,Telephone Field,recover-20221013,001,1795
1196.9325,1196.9392,28906,39945,Eptesicus serotinus,0.007,0.026,-1,Echolocation,/mnt/ubna_data_02_mir/recover-20221013/UBNA_001/20221012_030000.WAV,Telephone Field,recover-20221013,001,1795
1196.9835,1197.0217,68437,82425,Rhinolophus ferrumequinum,0.023,0.023,-1,Echolocation,/mnt/ubna_data_02_mir/recover-20221013/UBNA_001/20221012_030000.WAV,Telephone Field,recover-20221013,001,1795
1196.9895,1197.0273,68437,82100,Rhinolophus ferrumequinum,0.022,0.022,-1,Echolocation,/mnt/ubna_data_02_mir/recover-20221013/UBNA_001/20221012_030000.WAV,Telephone Field,recover-20221013,001,1795
1197.0285,1197.0699,68437,82798,Rhinolophus ferrumequinum,0.031,0.031,-1,Echolocation,/mnt/ubna_data_02_mir/recover-20221013/UBNA_001/20221012_030000.WAV,Telephone Field,recover-20221013,001,1795
1197.0455,1197.0526,27187,36604,Eptesicus serotinus,0.008,0.023,-1,Echolocation,/mnt/ubna_data_02_mir/recover-20221013/UBNA_001/20221012_030000.WAV,Telephone Field,recover-20221013,001,1795
1197.0795,1197.0887,28906,39331,Eptesicus serotinus,0.008,0.022,-1,Echolocation,/mnt/ubna_data_02_mir/recover-20221013/UBNA_001/20221012_030000.WAV,Telephone Field,recover-20221013,001,1795
1197.0935,1197.1317,68437,82013,Rhinolophus ferrumequinum,0.021,0.021,-1,Echolocation,/mnt/ubna_data_02_mir/recover-20221013/UBNA_001/20221012_030000.WAV,Telephone Field,recover-20221013,001,1795
1197.1035,1197.1419,68437,82612,Rhinolophus ferrumequinum,0.023,0.023,-1,Echolocation,/mnt/ubna_data_02_mir/recover-20221013/UBNA_001/20221012_030000.WAV,Telephone Field,recover-20221013,001,1795
1197.1245,1197.1334,28046,38893,Eptesicus serotinus,0.009,0.023,-1,Echolocation,/mnt/ubna_data_02_mir/recover-20221013/UBNA_001/20221012_030000.WAV,Telephone Field,recover-20221013,001,1795
1197.1815,1197.2204,68437,81840,Rhinolophus ferrumequinum,0.024,0.024,-1,Echolocation,/mnt/ubna_data_02_mir/recover-20221013/UBNA_001/20221012_030000.WAV,Telephone Field,recover-20221013,001,1795
1197.1915,1197.2315,68437,81463,Rhinolophus ferrumequinum,0.021,0.021,-1,Echolocation,/mnt/ubna_data_02_mir/recover-20221013/UBNA_001/20221012_030000.WAV,Telephone Field,recover-20221013,001,1795
1197.2085,1197.2515,68437,82943,Rhinolophus ferrumequinum,0.024,0.024,-1,Echolocation,/mnt/ubna_data_02_mir/recover-20221013/UBNA_001/20221012_030000.WAV,Telephone Field,recover-20221013,001,1795
1197.2475,1197.2856,68437,81845,Rhinolophus ferrumequinum,0.021,0.021,-1,Echolocation,/mnt/ubna_data_02_mir/recover-20221013/UBNA_001/20221012_030000.WAV,Telephone Field,recover-20221013,001,1795
1197.2575,1197.2669,25468,33354,Eptesicus serotinus,0.008,0.023,-1,Echolocation,/mnt/ubna_data_02_mir/recover-20221013/UBNA_001/20221012_030000.WAV,Telephone Field,recover-20221013,001,1795
1197.2725,1197.3095,68437,81624,Rhinolophus ferrumequinum,0.022,0.022,-1,Echolocation,/mnt/ubna_data_02_mir/recover-20221013/UBNA_001/20221012_030000.WAV,Telephone Field,recover-20221013,001,1795
1197.2875,1197.3276,68437,82436,Rhinolophus ferrumequinum,0.026,0.026,-1,Echolocation,/mnt/ubna_data_02_mir/recover-20221013/UBNA_001/20221012_030000.WAV,Telephone Field,recover-20221013,001,1795
1197.3045,1197.3456,68437,82774,Rhinolophus ferrumequinum,0.026,0.026,-1,Echolocation,/mnt/ubna_data_02_mir/recover-20221013/UBNA_001/20221012_030000.WAV,Telephone Field,recover-20221013,001,1795
1197.3205,1197.3314,28906,35828,Eptesicus serotinus,0.011,0.026,-1,Echolocation,/mnt/ubna_data_02_mir/recover-20221013/UBNA_001/20221012_030000.WAV,Telephone Field,recover-20221013,001,1795
1197.3435,1197.384,68437,82179,Rhinolophus ferrumequinum,0.025,0.025,-1,Echolocation,/mnt/ubna_data_02_mir/recover-20221013/UBNA_001/20221012_030000.WAV,Telephone Field,recover-20221013,001,1795
1197.3495,1197.3578,46953,50973,Pipistrellus pipistrellus,0.022,0.024,-1,Echolocation,/mnt/ubna_data_02_mir/recover-20221013/UBNA_001/20221012_030000.WAV,Telephone Field,recover-20221013,001,1795
1197.3645,1197.376,26328,33472,Eptesicus serotinus,0.015,0.031,-1,Echolocation,/mnt/ubna_data_02_mir/recover-20221013/UBNA_001/20221012_030000.WAV,Telephone Field,recover-20221013,001,1795
1197.4105,1197.4503,68437,82210,Rhinolophus ferrumequinum,0.022,0.022,-1,Echolocation,/mnt/ubna_data_02_mir/recover-20221013/UBNA_001/20221012_030000.WAV,Telephone Field,recover-20221013,001,1795
1197.4245,1197.4645,68437,81796,Rhinolophus ferrumequinum,0.022,0.022,-1,Echolocation,/mnt/ubna_data_02_mir/recover-20221013/UBNA_001/20221012_030000.WAV,Telephone Field,recover-20221013,001,1795
1197.4275,1197.4365,29765,39694,Eptesicus serotinus,0.009,0.024,-1,Echolocation,/mnt/ubna_data_02_mir/recover-20221013/UBNA_001/20221012_030000.WAV,Telephone Field,recover-20221013,001,1795
1197.4435,1197.4818,68437,81907,Rhinolophus ferrumequinum,0.022,0.022,-1,Echolocation,/mnt/ubna_data_02_mir/recover-20221013/UBNA_001/20221012_030000.WAV,Telephone Field,recover-20221013,001,1795
1197.4615,1197.4746,22031,25577,Nyctalus leisleri,0.012,0.021,-1,Echolocation,/mnt/ubna_data_02_mir/recover-20221013/UBNA_001/20221012_030000.WAV,Telephone Field,recover-20221013,001,1795
1197.4975,1197.5384,68437,82153,Rhinolophus ferrumequinum,0.034,0.034,-1,Echolocation,/mnt/ubna_data_02_mir/recover-20221013/UBNA_001/20221012_030000.WAV,Telephone Field,recover-20221013,001,1795
1197.5095,1197.5427,68437,81865,Rhinolophus ferrumequinum,0.021,0.021,-1,Echolocation,/mnt/ubna_data_02_mir/recover-20221013/UBNA_001/20221012_030000.WAV,Telephone Field,recover-20221013,001,1795
1197.5195,1197.558,68437,82048,Rhinolophus ferrumequinum,0.024,0.024,-1,Echolocation,/mnt/ubna_data_02_mir/recover-20221013/UBNA_001/20221012_030000.WAV,Telephone Field,recover-20221013,001,1795
1197.5335,1197.5665,68437,80981,Rhinolophus ferrumequinum,0.021,0.021,-1,Echolocation,/mnt/ubna_data_02_mir/recover-20221013/UBNA_001/20221012_030000.WAV,Telephone Field,recover-20221013,001,1795
1197.5495,1197.5848,68437,80670,Rhinolophus ferrumequinum,0.021,0.022,-1,Echolocation,/mnt/ubna_data_02_mir/recover-20221013/UBNA_001/20221012_030000.WAV,Telephone Field,recover-20221013,001,1795
1197.5515,1197.5625,23750,30595,Nyctalus leisleri,0.008,0.021,-1,Echolocation,/mnt/ubna_data_02_mir/recover-20221013/UBNA_001/20221012_030000.WAV,Telephone Field,recover-20221013,001,1795
1197.5595,1197.5666,28046,37842,Eptesicus serotinus,0.007,0.026,-1,Echolocation,/mnt/ubna_data_02_mir/recover-20221013/UBNA_001/20221012_030000.WAV,Telephone Field,recover-20221013,001,1795
1197.5985,1197.6057,28906,40515,Eptesicus serotinus,0.007,0.024,-1,Echolocation,/mnt/ubna_data_02_mir/recover-20221013/UBNA_001/20221012_030000.WAV,Telephone Field,recover-20221013,001,1795
1197.5995,1197.6074,23750,32164,Plecotus austriacus,0.011,0.025,-1,Echolocation,/mnt/ubna_data_02_mir/recover-20221013/UBNA_001/20221012_030000.WAV,Telephone Field,recover-20221013,001,1795
1197.5995,1197.6377,68437,82068,Rhinolophus ferrumequinum,0.022,0.022,-1,Echolocation,/mnt/ubna_data_02_mir/recover-20221013/UBNA_001/20221012_030000.WAV,Telephone Field,recover-20221013,001,1795
1197.6065,1197.6458,68437,82475,Rhinolophus ferrumequinum,0.024,0.025,-1,Echolocation,/mnt/ubna_data_02_mir/recover-20221013/UBNA_001/20221012_030000.WAV,Telephone Field,recover-20221013,001,1795
1197.6215,1197.6613,68437,83240,Rhinolophus ferrumequinum,0.028,0.028,-1,Echolocation,/mnt/ubna_data_02_mir/recover-20221013/UBNA_001/20221012_030000.WAV,Telephone Field,recover-20221013,001,1795
1197.6335,1197.6443,22890,28703,Nyctalus leisleri,0.009,0.022,-1,Echolocation,/mnt/ubna_data_02_mir/recover-20221013/UBNA_001/20221012_030000.WAV,Telephone Field,recover-20221013,001,1795
1197.6425,1197.6533,23750,28455,Nyctalus leisleri,0.011,0.023,-1,Echolocation,/mnt/ubna_data_02_mir/recover-20221013/UBNA_001/20221012_030000.WAV,Telephone Field,recover-20221013,001,1795
1197.6645,1197.7023,68437,82281,Rhinolophus ferrumequinum,0.025,0.025,-1,Echolocation,/mnt/ubna_data_02_mir/recover-20221013/UBNA_001/20221012_030000.WAV,Telephone Field,recover-20221013,001,1795
1197.6655,1197.6741,28906,40052,Eptesicus serotinus,0.007,0.022,-1,Echolocation,/mnt/ubna_data_02_mir/recover-20221013/UBNA_001/20221012_030000.WAV,Telephone Field,recover-20221013,001,1795
1197.6815,1197.7174,68437,80775,Rhinolophus ferrumequinum,0.026,0.026,-1,Echolocation,/mnt/ubna_data_02_mir/recover-20221013/UBNA_001/20221012_030000.WAV,Telephone Field,recover-20221013,001,1795
1197.6995,1197.7402,68437,82110,Rhinolophus ferrumequinum,0.025,0.025,-1,Echolocation,/mnt/ubna_data_02_mir/recover-20221013/UBNA_001/20221012_030000.WAV,Telephone Field,recover-20221013,001,1795
1197.7035,1197.7135,22890,29660,Plecotus austriacus,0.009,0.027,-1,Echolocation,/mnt/ubna_data_02_mir/recover-20221013/UBNA_001/20221012_030000.WAV,Telephone Field,recover-20221013,001,1795
1197.7165,1197.7268,22890,28147,Nyctalus leisleri,0.013,0.027,-1,Echolocation,/mnt/ubna_data_02_mir/recover-20221013/UBNA_001/20221012_030000.WAV,Telephone Field,recover-20221013,001,1795
1197.7375,1197.776,68437,82371,Rhinolophus ferrumequinum,0.025,0.025,-1,Echolocation,/mnt/ubna_data_02_mir/recover-20221013/UBNA_001/20221012_030000.WAV,Telephone Field,recover-20221013,001,1795
1197.7495,1197.7894000000001,68437,82553,Rhinolophus ferrumequinum,0.021,0.021,-1,Echolocation,/mnt/ubna_data_02_mir/recover-20221013/UBNA_001/20221012_030000.WAV,Telephone Field,recover-20221013,001,1795
1197.7555,1197.795,68437,82273,Rhinolophus ferrumequinum,0.022,0.022,-1,Echolocation,/mnt/ubna_data_02_mir/recover-20221013/UBNA_001/20221012_030000.WAV,Telephone Field,recover-20221013,001,1795
1197.7605,1197.7734,46093,51398,Pipistrellus pipistrellus,0.062,0.067,-1,Echolocation,/mnt/ubna_data_02_mir/recover-20221013/UBNA_001/20221012_030000.WAV,Telephone Field,recover-20221013,001,1795
1197.8075,1197.8495,68437,82756,Rhinolophus ferrumequinum,0.035,0.035,-1,Echolocation,/mnt/ubna_data_02_mir/recover-20221013/UBNA_001/20221012_030000.WAV,Telephone Field,recover-20221013,001,1795
1197.8225,1197.8296,28046,40287,Eptesicus serotinus,0.007,0.021,-1,Echolocation,/mnt/ubna_data_02_mir/recover-20221013/UBNA_001/20221012_030000.WAV,Telephone Field,recover-20221013,001,1795
1197.8285,1197.8668,68437,82036,Rhinolophus ferrumequinum,0.023,0.023,-1,Echolocation,/mnt/ubna_data_02_mir/recover-20221013/UBNA_001/20221012_030000.WAV,Telephone Field,recover-20221013,001,1795
1197.8625,1197.9011,68437,81725,Rhinolophus ferrumequinum,0.022,0.022,-1,Echolocation,/mnt/ubna_data_02_mir/recover-20221013/UBNA_001/20221012_030000.WAV,Telephone Field,recover-20221013,001,1795
1197.9025,1197.9449,68437,82395,Rhinolophus ferrumequinum,0.022,0.022,-1,Echolocation,/mnt/ubna_data_02_mir/recover-20221013/UBNA_001/20221012_030000.WAV,Telephone Field,recover-20221013,001,1795
1197.9495,1197.9916,68437,82804,Rhinolophus ferrumequinum,0.033,0.033,-1,Echolocation,/mnt/ubna_data_02_mir/recover-20221013/UBNA_001/20221012_030000.WAV,Telephone Field,recover-20221013,001,1795
1197.9645,1197.9738,28906,37416,Eptesicus serotinus,0.011,0.027,-1,Echolocation,/mnt/ubna_data_02_mir/recover-20221013/UBNA_001/20221012_030000.WAV,Telephone Field,recover-20221013,001,1795
1197.9865,1197.9953,25468,34423,Eptesicus serotinus,0.008,0.024,-1,Echolocation,/mnt/ubna_data_02_mir/recover-20221013/UBNA_001/20221012_030000.WAV,Telephone Field,recover-20221013,001,1795
1198.0015,1198.0117,24609,30671,Nyctalus leisleri,0.017,0.041,-1,Echolocation,/mnt/ubna_data_02_mir/recover-20221013/UBNA_001/20221012_030000.WAV,Telephone Field,recover-20221013,001,1795
1198.0025,1198.0367,68437,81992,Rhinolophus ferrumequinum,0.024,0.027,-1,Echolocation,/mnt/ubna_data_02_mir/recover-20221013/UBNA_001/20221012_030000.WAV,Telephone Field,recover-20221013,001,1795
1198.0615,1198.0716,22031,27514,Nyctalus leisleri,0.01,0.025,-1,Echolocation,/mnt/ubna_data_02_mir/recover-20221013/UBNA_001/20221012_030000.WAV,Telephone Field,recover-20221013,001,1795
1198.0715,1198.112,68437,82719,Rhinolophus ferrumequinum,0.027,0.027,-1,Echolocation,/mnt/ubna_data_02_mir/recover-20221013/UBNA_001/20221012_030000.WAV,Telephone Field,recover-20221013,001,1795
1198.1745,1198.2119,68437,82658,Rhinolophus ferrumequinum,0.031,0.031,-1,Echolocation,/mnt/ubna_data_02_mir/recover-20221013/UBNA_001/20221012_030000.WAV,Telephone Field,recover-20221013,001,1795
1198.1875,1198.1946,28046,40821,Eptesicus serotinus,0.009,0.026,-1,Echolocation,/mnt/ubna_data_02_mir/recover-20221013/UBNA_001/20221012_030000.WAV,Telephone Field,recover-20221013,001,1795
1198.1885,1198.1956,23750,33744,Plecotus austriacus,0.012,0.026,-1,Echolocation,/mnt/ubna_data_02_mir/recover-20221013/UBNA_001/20221012_030000.WAV,Telephone Field,recover-20221013,001,1795
1198.2245,1198.2344,22890,28314,Nyctalus leisleri,0.009,0.022,-1,Echolocation,/mnt/ubna_data_02_mir/recover-20221013/UBNA_001/20221012_030000.WAV,Telephone Field,recover-20221013,001,1795
1198.2435,1198.2805,68437,82007,Rhinolophus ferrumequinum,0.024,0.024,-1,Echolocation,/mnt/ubna_data_02_mir/recover-20221013/UBNA_001/20221012_030000.WAV,Telephone Field,recover-20221013,001,1795
1198.2555,1198.293,68437,82554,Rhinolophus ferrumequinum,0.022,0.022,-1,Echolocation,/mnt/ubna_data_02_mir/recover-20221013/UBNA_001/20221012_030000.WAV,Telephone Field,recover-20221013,001,1795
1198.2615,1198.2702,28046,37963,Eptesicus serotinus,0.008,0.021,-1,Echolocation,/mnt/ubna_data_02_mir/recover-20221013/UBNA_001/20221012_030000.WAV,Telephone Field,recover-20221013,001,1795
1198.2675,1198.2754,23750,31135,Plecotus austriacus,0.009,0.022,-1,Echolocation,/mnt/ubna_data_02_mir/recover-20221013/UBNA_001/20221012_030000.WAV,Telephone Field,recover-20221013,001,1795
1198.2695,1198.3077,68437,82064,Rhinolophus ferrumequinum,0.022,0.022,-1,Echolocation,/mnt/ubna_data_02_mir/recover-20221013/UBNA_001/20221012_030000.WAV,Telephone Field,recover-20221013,001,1795
1198.2995,1198.3358,68437,82036,Rhinolophus ferrumequinum,0.021,0.021,-1,Echolocation,/mnt/ubna_data_02_mir/recover-20221013/UBNA_001/20221012_030000.WAV,Telephone Field,recover-20221013,001,1795
1198.3005,1198.3087,25468,34434,Eptesicus serotinus,0.007,0.022,-1,Echolocation,/mnt/ubna_data_02_mir/recover-20221013/UBNA_001/20221012_030000.WAV,Telephone Field,recover-20221013,001,1795
1198.3325,1198.3756,68437,82892,Rhinolophus ferrumequinum,0.029,0.029,-1,Echolocation,/mnt/ubna_data_02_mir/recover-20221013/UBNA_001/20221012_030000.WAV,Telephone Field,recover-20221013,001,1795
1198.3485,1198.3896,68437,82746,Rhinolophus ferrumequinum,0.023,0.023,-1,Echolocation,/mnt/ubna_data_02_mir/recover-20221013/UBNA_001/20221012_030000.WAV,Telephone Field,recover-20221013,001,1795
1198.3495,1198.3557,27187,41187,Eptesicus serotinus,0.005,0.023,-1,Echolocation,/mnt/ubna_data_02_mir/recover-20221013/UBNA_001/20221012_030000.WAV,Telephone Field,recover-20221013,001,1795
1198.3575,1198.3683,22890,27849,Nyctalus leisleri,0.011,0.022,-1,Echolocation,/mnt/ubna_data_02_mir/recover-20221013/UBNA_001/20221012_030000.WAV,Telephone Field,recover-20221013,001,1795
1198.3735,1198.4102,68437,81509,Rhinolophus ferrumequinum,0.021,0.021,-1,Echolocation,/mnt/ubna_data_02_mir/recover-20221013/UBNA_001/20221012_030000.WAV,Telephone Field,recover-20221013,001,1795
1198.3915,1198.399,23750,31732,Plecotus austriacus,0.009,0.022,-1,Echolocation,/mnt/ubna_data_02_mir/recover-20221013/UBNA_001/20221012_030000.WAV,Telephone Field,recover-20221013,001,1795
1198.4065,1198.4461000000001,68437,82828,Rhinolophus ferrumequinum,0.021,0.021,-1,Echolocation,/mnt/ubna_data_02_mir/recover-20221013/UBNA_001/20221012_030000.WAV,Telephone Field,recover-20221013,001,1795
1198.4305,1198.4389,23750,31508,Plecotus austriacus,0.008,0.022,-1,Echolocation,/mnt/ubna_data_02_mir/recover-20221013/UBNA_001/20221012_030000.WAV,Telephone Field,recover-20221013,001,1795
1198.4495,1198.4865,68437,81485,Rhinolophus ferrumequinum,0.022,0.022,-1,Echolocation,/mnt/ubna_data_02_mir/recover-20221013/UBNA_001/20221012_030000.WAV,Telephone Field,recover-20221013,001,1795
1198.4665,1198.4997,68437,81209,Rhinolophus ferrumequinum,0.023,0.023,-1,Echolocation,/mnt/ubna_data_02_mir/recover-20221013/UBNA_001/20221012_030000.WAV,Telephone Field,recover-20221013,001,1795
1198.4955,1198.5359,68437,82888,Rhinolophus ferrumequinum,0.024,0.024,-1,Echolocation,/mnt/ubna_data_02_mir/recover-20221013/UBNA_001/20221012_030000.WAV,Telephone Field,recover-20221013,001,1795
1198.5775,1198.5835,28046,43306,Eptesicus serotinus,0.008,0.039,-1,Echolocation,/mnt/ubna_data_02_mir/recover-20221013/UBNA_001/20221012_030000.WAV,Telephone Field,recover-20221013,001,1795
1198.5775,1198.5824,35781,45499,Barbastellus barbastellus,0.012,0.031,-1,Echolocation,/mnt/ubna_data_02_mir/recover-20221013/UBNA_001/20221012_030000.WAV,Telephone Field,recover-20221013,001,1795
1198.5875,1198.6277,68437,83044,Rhinolophus ferrumequinum,0.035,0.035,-1,Echolocation,/mnt/ubna_data_02_mir/recover-20221013/UBNA_001/20221012_030000.WAV,Telephone Field,recover-20221013,001,1795
1198.6035,1198.6117,23750,31945,Plecotus austriacus,0.012,0.03,-1,Echolocation,/mnt/ubna_data_02_mir/recover-20221013/UBNA_001/20221012_030000.WAV,Telephone Field,recover-20221013,001,1795
1198.6375,1198.6555,18593,22901,Nyctalus noctula,0.021,0.033,-1,Echolocation,/mnt/ubna_data_02_mir/recover-20221013/UBNA_001/20221012_030000.WAV,Telephone Field,recover-20221013,001,1795
1198.7595,1198.8006,68437,82312,Rhinolophus ferrumequinum,0.024,0.024,-1,Echolocation,/mnt/ubna_data_02_mir/recover-20221013/UBNA_001/20221012_030000.WAV,Telephone Field,recover-20221013,001,1795
1198.8035,1198.8422,68437,82299,Rhinolophus ferrumequinum,0.024,0.024,-1,Echolocation,/mnt/ubna_data_02_mir/recover-20221013/UBNA_001/20221012_030000.WAV,Telephone Field,recover-20221013,001,1795
1198.8065,1198.8172,24609,31351,Nyctalus leisleri,0.009,0.023,-1,Echolocation,/mnt/ubna_data_02_mir/recover-20221013/UBNA_001/20221012_030000.WAV,Telephone Field,recover-20221013,001,1795
1198.8495,1198.889,68437,82254,Rhinolophus ferrumequinum,0.022,0.022,-1,Echolocation,/mnt/ubna_data_02_mir/recover-20221013/UBNA_001/20221012_030000.WAV,Telephone Field,recover-20221013,001,1795
1198.8975,1198.9348,68437,82127,Rhinolophus ferrumequinum,0.023,0.023,-1,Echolocation,/mnt/ubna_data_02_mir/recover-20221013/UBNA_001/20221012_030000.WAV,Telephone Field,recover-20221013,001,1795
1198.9305,1198.9679,68437,81809,Rhinolophus ferrumequinum,0.025,0.025,-1,Echolocation,/mnt/ubna_data_02_mir/recover-20221013/UBNA_001/20221012_030000.WAV,Telephone Field,recover-20221013,001,1795
1198.9465,1198.9859,68437,82639,Rhinolophus ferrumequinum,0.026,0.026,-1,Echolocation,/mnt/ubna_data_02_mir/recover-20221013/UBNA_001/20221012_030000.WAV,Telephone Field,recover-20221013,001,1795
1198.9565,1198.9684,22031,25981,Nyctalus leisleri,0.012,0.021,-1,Echolocation,/mnt/ubna_data_02_mir/recover-20221013/UBNA_001/20221012_030000.WAV,Telephone Field,recover-20221013,001,1795
1198.9835,1199.0213,68437,82517,Rhinolophus ferrumequinum,0.022,0.022,-1,Echolocation,/mnt/ubna_data_02_mir/recover-20221013/UBNA_001/20221012_030000.WAV,Telephone Field,recover-20221013,001,1795
1199.0375,1199.0453,28046,39562,Eptesicus serotinus,0.007,0.022,-1,Echolocation,/mnt/ubna_data_02_mir/recover-20221013/UBNA_001/20221012_030000.WAV,Telephone Field,recover-20221013,001,1795
1199.0865,1199.0933,23750,34278,Plecotus austriacus,0.015,0.029,-1,Echolocation,/mnt/ubna_data_02_mir/recover-20221013/UBNA_001/20221012_030000.WAV,Telephone Field,recover-20221013,001,1795
1199.0975,1199.1346,68437,81812,Rhinolophus ferrumequinum,0.025,0.025,-1,Echolocation,/mnt/ubna_data_02_mir/recover-20221013/UBNA_001/20221012_030000.WAV,Telephone Field,recover-20221013,001,1795
1199.1235,1199.1325,22031,29550,Plecotus austriacus,0.017,0.037,-1,Echolocation,/mnt/ubna_data_02_mir/recover-20221013/UBNA_001/20221012_030000.WAV,Telephone Field,recover-20221013,001,1795
1199.1395,1199.1798,68437,82670,Rhinolophus ferrumequinum,0.034,0.034,-1,Echolocation,/mnt/ubna_data_02_mir/recover-20221013/UBNA_001/20221012_030000.WAV,Telephone Field,recover-20221013,001,1795
1199.1625,1199.2049,68437,82759,Rhinolophus ferrumequinum,0.022,0.022,-1,Echolocation,/mnt/ubna_data_02_mir/recover-20221013/UBNA_001/20221012_030000.WAV,Telephone Field,recover-20221013,001,1795
1199.1895,1199.222,68437,80771,Rhinolophus ferrumequinum,0.022,0.022,-1,Echolocation,/mnt/ubna_data_02_mir/recover-20221013/UBNA_001/20221012_030000.WAV,Telephone Field,recover-20221013,001,1795
1199.2585,1199.2984,68437,82347,Rhinolophus ferrumequinum,0.025,0.025,-1,Echolocation,/mnt/ubna_data_02_mir/recover-20221013/UBNA_001/20221012_030000.WAV,Telephone Field,recover-20221013,001,1795
1199.3045,1199.3155,28906,36821,Eptesicus serotinus,0.011,0.023,-1,Echolocation,/mnt/ubna_data_02_mir/recover-20221013/UBNA_001/20221012_030000.WAV,Telephone Field,recover-20221013,001,1795
1199.3325,1199.3439,14296,19812,Nyctalus noctula,0.013,0.024,-1,Echolocation,/mnt/ubna_data_02_mir/recover-20221013/UBNA_001/20221012_030000.WAV,Telephone Field,recover-20221013,001,1795
1199.3425,1199.3822,68437,82194,Rhinolophus ferrumequinum,0.024,0.024,-1,Echolocation,/mnt/ubna_data_02_mir/recover-20221013/UBNA_001/20221012_030000.WAV,Telephone Field,recover-20221013,001,1795
1199.3615,1199.4029,68437,82690,Rhinolophus ferrumequinum,0.026,0.026,-1,Echolocation,/mnt/ubna_data_02_mir/recover-20221013/UBNA_001/20221012_030000.WAV,Telephone Field,recover-20221013,001,1795
1199.3665,1199.3746,28046,38335,Eptesicus serotinus,0.008,0.023,-1,Echolocation,/mnt/ubna_data_02_mir/recover-20221013/UBNA_001/20221012_030000.WAV,Telephone Field,recover-20221013,001,1795
1199.3855,1199.4273,68437,82959,Rhinolophus ferrumequinum,0.031,0.031,-1,Echolocation,/mnt/ubna_data_02_mir/recover-20221013/UBNA_001/20221012_030000.WAV,Telephone Field,recover-20221013,001,1795
1199.4425,1199.4505,28046,37804,Eptesicus serotinus,0.008,0.024,-1,Echolocation,/mnt/ubna_data_02_mir/recover-20221013/UBNA_001/20221012_030000.WAV,Telephone Field,recover-20221013,001,1795
1199.4765,1199.4857,22890,29840,Plecotus austriacus,0.008,0.024,-1,Echolocation,/mnt/ubna_data_02_mir/recover-20221013/UBNA_001/20221012_030000.WAV,Telephone Field,recover-20221013,001,1795
1199.4815,1199.4901,28906,38275,Eptesicus serotinus,0.008,0.022,-1,Echolocation,/mnt/ubna_data_02_mir/recover-20221013/UBNA_001/20221012_030000.WAV,Telephone Field,recover-20221013,001,1795
1199.4825,1199.5235,68437,83130,Rhinolophus ferrumequinum,0.024,0.024,-1,Echolocation,/mnt/ubna_data_02_mir/recover-20221013/UBNA_001/20221012_030000.WAV,Telephone Field,recover-20221013,001,1795
1199.5145,1199.526,22031,25604,Nyctalus leisleri,0.013,0.022,-1,Echolocation,/mnt/ubna_data_02_mir/recover-20221013/UBNA_001/20221012_030000.WAV,Telephone Field,recover-20221013,001,1795
1199.5255,1199.5669,68437,83246,Rhinolophus ferrumequinum,0.025,0.025,-1,Echolocation,/mnt/ubna_data_02_mir/recover-20221013/UBNA_001/20221012_030000.WAV,Telephone Field,recover-20221013,001,1795
1199.5365,1199.5475,23750,30275,Nyctalus leisleri,0.012,0.028,-1,Echolocation,/mnt/ubna_data_02_mir/recover-20221013/UBNA_001/20221012_030000.WAV,Telephone Field,recover-20221013,001,1795
1199.5915,1199.6008,28046,38334,Eptesicus serotinus,0.009,0.022,-1,Echolocation,/mnt/ubna_data_02_mir/recover-20221013/UBNA_001/20221012_030000.WAV,Telephone Field,recover-20221013,001,1795
1199.5935,1199.6403,68437,83918,Rhinolophus ferrumequinum,0.036,0.036,-1,Echolocation,/mnt/ubna_data_02_mir/recover-20221013/UBNA_001/20221012_030000.WAV,Telephone Field,recover-20221013,001,1795
1199.6035,1199.6446,68437,82864,Rhinolophus ferrumequinum,0.024,0.024,-1,Echolocation,/mnt/ubna_data_02_mir/recover-20221013/UBNA_001/20221012_030000.WAV,Telephone Field,recover-20221013,001,1795
1199.6605,1199.7009,68437,82559,Rhinolophus ferrumequinum,0.024,0.024,-1,Echolocation,/mnt/ubna_data_02_mir/recover-20221013/UBNA_001/20221012_030000.WAV,Telephone Field,recover-20221013,001,1795
1199.6995,1199.7365,68437,81996,Rhinolophus ferrumequinum,0.024,0.024,-1,Echolocation,/mnt/ubna_data_02_mir/recover-20221013/UBNA_001/20221012_030000.WAV,Telephone Field,recover-20221013,001,1795
1199.7215,1199.7314,22031,27948,Nyctalus leisleri,0.008,0.023,-1,Echolocation,/mnt/ubna_data_02_mir/recover-20221013/UBNA_001/20221012_030000.WAV,Telephone Field,recover-20221013,001,1795
1199.7225,1199.7323,28906,37721,Eptesicus serotinus,0.013,0.028,-1,Echolocation,/mnt/ubna_data_02_mir/recover-20221013/UBNA_001/20221012_030000.WAV,Telephone Field,recover-20221013,001,1795
1199.8085,1199.8412,68437,80334,Rhinolophus ferrumequinum,0.021,0.021,-1,Echolocation,/mnt/ubna_data_02_mir/recover-20221013/UBNA_001/20221012_030000.WAV,Telephone Field,recover-20221013,001,1795
1199.8135,1199.8213,28046,40304,Eptesicus serotinus,0.008,0.024,-1,Echolocation,/mnt/ubna_data_02_mir/recover-20221013/UBNA_001/20221012_030000.WAV,Telephone Field,recover-20221013,001,1795
1199.8205,1199.8524,68437,80687,Rhinolophus ferrumequinum,0.022,0.022,-1,Echolocation,/mnt/ubna_data_02_mir/recover-20221013/UBNA_001/20221012_030000.WAV,Telephone Field,recover-20221013,001,1795
1199.8395,1199.8471,46953,51655,Pipistrellus pipistrellus,0.02,0.021,-1,Echolocation,/mnt/ubna_data_02_mir/recover-20221013/UBNA_001/20221012_030000.WAV,Telephone Field,recover-20221013,001,1795
1199.8715,1199.8781,28046,40677,Eptesicus serotinus,0.007,0.027,-1,Echolocation,/mnt/ubna_data_02_mir/recover-20221013/UBNA_001/20221012_030000.WAV,Telephone Field,recover-20221013,001,1795
1199.8835,1199.9198,68437,81462,Rhinolophus ferrumequinum,0.022,0.022,-1,Echolocation,/mnt/ubna_data_02_mir/recover-20221013/UBNA_001/20221012_030000.WAV,Telephone Field,recover-20221013,001,1795
1199.9205,1199.9588,68437,81436,Rhinolophus ferrumequinum,0.022,0.022,-1,Echolocation,/mnt/ubna_data_02_mir/recover-20221013/UBNA_001/20221012_030000.WAV,Telephone Field,recover-20221013,001,1795
1199.9335,1199.9702,68437,81647,Rhinolophus ferrumequinum,0.022,0.022,-1,Echolocation,/mnt/ubna_data_02_mir/recover-20221013/UBNA_001/20221012_030000.WAV,Telephone Field,recover-20221013,001,1795
1199.9535,1199.966,14296,19563,Nyctalus noctula,0.017,0.026,-1,Echolocation,/mnt/ubna_data_02_mir/recover-20221013/UBNA_001/20221012_030000.WAV,Telephone Field,recover-20221013,001,1795
1199.9685,1199.9761,45234,54947,Pipistrellus pipistrellus,0.016,0.022,-1,Echolocation,/mnt/ubna_data_02_mir/recover-20221013/UBNA_001/20221012_030000.WAV,Telephone Field,recover-20221013,001,1795
1200.0015,1200.0096,26328,34552,Nyctalus leisleri,0.006,0.023,-1,Echolocation,/mnt/ubna_data_02_mir/recover-20221013/UBNA_001/20221012_030000.WAV,Telephone Field,recover-20221013,001,1795
1200.0015,1200.0325,69296,81291,Rhinolophus ferrumequinum,0.037,0.038,-1,Echolocation,/mnt/ubna_data_02_mir/recover-20221013/UBNA_001/20221012_030000.WAV,Telephone Field,recover-20221013,001,1795
1200.0125,1200.0522,68437,82181,Rhinolophus ferrumequinum,0.022,0.022,-1,Echolocation,/mnt/ubna_data_02_mir/recover-20221013/UBNA_001/20221012_030000.WAV,Telephone Field,recover-20221013,001,1795
1200.0235,1200.0343,23750,29862,Nyctalus leisleri,0.009,0.025,-1,Echolocation,/mnt/ubna_data_02_mir/recover-20221013/UBNA_001/20221012_030000.WAV,Telephone Field,recover-20221013,001,1795
1200.0755,1200.1124,68437,81438,Rhinolophus ferrumequinum,0.022,0.022,-1,Echolocation,/mnt/ubna_data_02_mir/recover-20221013/UBNA_001/20221012_030000.WAV,Telephone Field,recover-20221013,001,1795
1200.0925,1200.1327,68437,82353,Rhinolophus ferrumequinum,0.024,0.024,-1,Echolocation,/mnt/ubna_data_02_mir/recover-20221013/UBNA_001/20221012_030000.WAV,Telephone Field,recover-20221013,001,1795
1200.1115,1200.1499,68437,82326,Rhinolophus ferrumequinum,0.022,0.022,-1,Echolocation,/mnt/ubna_data_02_mir/recover-20221013/UBNA_001/20221012_030000.WAV,Telephone Field,recover-20221013,001,1795
1200.1145,1200.1208,24609,37360,Plecotus austriacus,0.013,0.031,-1,Echolocation,/mnt/ubna_data_02_mir/recover-20221013/UBNA_001/20221012_030000.WAV,Telephone Field,recover-20221013,001,1795
1200.1325,1200.1709,68437,82043,Rhinolophus ferrumequinum,0.027,0.027,-1,Echolocation,/mnt/ubna_data_02_mir/recover-20221013/UBNA_001/20221012_030000.WAV,Telephone Field,recover-20221013,001,1795
1200.1405,1200.1811,68437,82773,Rhinolophus ferrumequinum,0.023,0.023,-1,Echolocation,/mnt/ubna_data_02_mir/recover-20221013/UBNA_001/20221012_030000.WAV,Telephone Field,recover-20221013,001,1795
1200.2075,1200.2443,68437,81483,Rhinolophus ferrumequinum,0.02,0.021,-1,Echolocation,/mnt/ubna_data_02_mir/recover-20221013/UBNA_001/20221012_030000.WAV,Telephone Field,recover-20221013,001,1795
1200.2165,1200.2507,68437,80971,Rhinolophus ferrumequinum,0.024,0.024,-1,Echolocation,/mnt/ubna_data_02_mir/recover-20221013/UBNA_001/20221012_030000.WAV,Telephone Field,recover-20221013,001,1795
1200.2305,1200.2705,68437,82523,Rhinolophus ferrumequinum,0.026,0.026,-1,Echolocation,/mnt/ubna_data_02_mir/recover-20221013/UBNA_001/20221012_030000.WAV,Telephone Field,recover-20221013,001,1795
1200.2395,1200.2806,68437,83299,Rhinolophus ferrumequinum,0.024,0.024,-1,Echolocation,/mnt/ubna_data_02_mir/recover-20221013/UBNA_001/20221012_030000.WAV,Telephone Field,recover-20221013,001,1795
1200.2475,1200.2894,68437,83241,Rhinolophus ferrumequinum,0.023,0.023,-1,Echolocation,/mnt/ubna_data_02_mir/recover-20221013/UBNA_001/20221012_030000.WAV,Telephone Field,recover-20221013,001,1795
1200.2575,1200.2926,68437,81740,Rhinolophus ferrumequinum,0.021,0.021,-1,Echolocation,/mnt/ubna_data_02_mir/recover-20221013/UBNA_001/20221012_030000.WAV,Telephone Field,recover-20221013,001,1795
1200.2675,1200.3031,68437,80817,Rhinolophus ferrumequinum,0.021,0.021,-1,Echolocation,/mnt/ubna_data_02_mir/recover-20221013/UBNA_001/20221012_030000.WAV,Telephone Field,recover-20221013,001,1795
1200.3035,1200.3436,68437,83609,Rhinolophus ferrumequinum,0.031,0.031,-1,Echolocation,/mnt/ubna_data_02_mir/recover-20221013/UBNA_001/20221012_030000.WAV,Telephone Field,recover-20221013,001,1795
1200.3105,1200.3209,22890,27308,Nyctalus leisleri,0.011,0.021,-1,Echolocation,/mnt/ubna_data_02_mir/recover-20221013/UBNA_001/20221012_030000.WAV,Telephone Field,recover-20221013,001,1795
1200.3475,1200.3864,68437,82515,Rhinolophus ferrumequinum,0.022,0.022,-1,Echolocation,/mnt/ubna_data_02_mir/recover-20221013/UBNA_001/20221012_030000.WAV,Telephone Field,recover-20221013,001,1795
1200.3875,1200.4281,68437,82435,Rhinolophus ferrumequinum,0.057,0.057,-1,Echolocation,/mnt/ubna_data_02_mir/recover-20221013/UBNA_001/20221012_030000.WAV,Telephone Field,recover-20221013,001,1795
1200.4095,1200.4522,68437,83463,Rhinolophus ferrumequinum,0.03,0.03,-1,Echolocation,/mnt/ubna_data_02_mir/recover-20221013/UBNA_001/20221012_030000.WAV,Telephone Field,recover-20221013,001,1795
1200.4325,1200.4708,68437,82513,Rhinolophus ferrumequinum,0.024,0.024,-1,Echolocation,/mnt/ubna_data_02_mir/recover-20221013/UBNA_001/20221012_030000.WAV,Telephone Field,recover-20221013,001,1795
1200.4475,1200.4567,26328,33999,Eptesicus serotinus,0.02,0.042,-1,Echolocation,/mnt/ubna_data_02_mir/recover-20221013/UBNA_001/20221012_030000.WAV,Telephone Field,recover-20221013,001,1795
1200.4625,1200.4992,68437,81060,Rhinolophus ferrumequinum,0.025,0.025,-1,Echolocation,/mnt/ubna_data_02_mir/recover-20221013/UBNA_001/20221012_030000.WAV,Telephone Field,recover-20221013,001,1795
1200.4825,1200.5192,68437,81068,Rhinolophus ferrumequinum,0.024,0.024,-1,Echolocation,/mnt/ubna_data_02_mir/recover-20221013/UBNA_001/20221012_030000.WAV,Telephone Field,recover-20221013,001,1795
1200.4865,1200.4951,43515,48204,Pipistrellus pipistrellus,0.019,0.021,-1,Echolocation,/mnt/ubna_data_02_mir/recover-20221013/UBNA_001/20221012_030000.WAV,Telephone Field,recover-20221013,001,1795
1200.5325,1200.5708,68437,81700,Rhinolophus ferrumequinum,0.032,0.032,-1,Echolocation,/mnt/ubna_data_02_mir/recover-20221013/UBNA_001/20221012_030000.WAV,Telephone Field,recover-20221013,001,1795
1200.5535,1200.562,25468,34302,Eptesicus serotinus,0.008,0.022,-1,Echolocation,/mnt/ubna_data_02_mir/recover-20221013/UBNA_001/20221012_030000.WAV,Telephone Field,recover-20221013,001,1795
1200.5635,1200.6004,68437,82153,Rhinolophus ferrumequinum,0.021,0.021,-1,Echolocation,/mnt/ubna_data_02_mir/recover-20221013/UBNA_001/20221012_030000.WAV,Telephone Field,recover-20221013,001,1795
1200.5765,1200.6146,68437,81942,Rhinolophus ferrumequinum,0.021,0.021,-1,Echolocation,/mnt/ubna_data_02_mir/recover-20221013/UBNA_001/20221012_030000.WAV,Telephone Field,recover-20221013,001,1795
1200.5805,1200.5898,28906,38272,Eptesicus serotinus,0.008,0.021,-1,Echolocation,/mnt/ubna_data_02_mir/recover-20221013/UBNA_001/20221012_030000.WAV,Telephone Field,recover-20221013,001,1795
1200.5825,1200.6206,68437,82502,Rhinolophus ferrumequinum,0.023,0.023,-1,Echolocation,/mnt/ubna_data_02_mir/recover-20221013/UBNA_001/20221012_030000.WAV,Telephone Field,recover-20221013,001,1795
1200.5965,1200.632,68437,82143,Rhinolophus ferrumequinum,0.021,0.021,-1,Echolocation,/mnt/ubna_data_02_mir/recover-20221013/UBNA_001/20221012_030000.WAV,Telephone Field,recover-20221013,001,1795
1200.5995,1200.6076,28046,37069,Eptesicus serotinus,0.007,0.021,-1,Echolocation,/mnt/ubna_data_02_mir/recover-20221013/UBNA_001/20221012_030000.WAV,Telephone Field,recover-20221013,001,1795
1200.6385,1200.6712,68437,80412,Rhinolophus ferrumequinum,0.021,0.021,-1,Echolocation,/mnt/ubna_data_02_mir/recover-20221013/UBNA_001/20221012_030000.WAV,Telephone Field,recover-20221013,001,1795
1200.6495,1200.6861,68437,80836,Rhinolophus ferrumequinum,0.022,0.022,-1,Echolocation,/mnt/ubna_data_02_mir/recover-20221013/UBNA_001/20221012_030000.WAV,Telephone Field,recover-20221013,001,1795
1200.6715,1200.7122,68437,82883,Rhinolophus ferrumequinum,0.024,0.024,-1,Echolocation,/mnt/ubna_data_02_mir/recover-20221013/UBNA_001/20221012_030000.WAV,Telephone Field,recover-20221013,001,1795
1200.6725,1200.6832,44375,48404,Pipistrellus pipistrellus,0.021,0.023,-1,Echolocation,/mnt/ubna_data_02_mir/recover-20221013/UBNA_001/20221012_030000.WAV,Telephone Field,recover-20221013,001,1795
1200.6985,1200.7343,68437,81500,Rhinolophus ferrumequinum,0.022,0.022,-1,Echolocation,/mnt/ubna_data_02_mir/recover-20221013/UBNA_001/20221012_030000.WAV,Telephone Field,recover-20221013,001,1795
1200.7235,1200.7606,68437,82316,Rhinolophus ferrumequinum,0.025,0.025,-1,Echolocation,/mnt/ubna_data_02_mir/recover-20221013/UBNA_001/20221012_030000.WAV,Telephone Field,recover-20221013,001,1795
1200.7305,1200.7378,27187,39730,Eptesicus serotinus,0.007,0.022,-1,Echolocation,/mnt/ubna_data_02_mir/recover-20221013/UBNA_001/20221012_030000.WAV,Telephone Field,recover-20221013,001,1795
1200.7515,1200.7611,22890,29948,Nyctalus leisleri,0.007,0.023,-1,Echolocation,/mnt/ubna_data_02_mir/recover-20221013/UBNA_001/20221012_030000.WAV,Telephone Field,recover-20221013,001,1795
1200.7535,1200.7628,27187,36264,Eptesicus serotinus,0.009,0.023,-1,Echolocation,/mnt/ubna_data_02_mir/recover-20221013/UBNA_001/20221012_030000.WAV,Telephone Field,recover-20221013,001,1795
1200.7585,1200.7662,46953,55542,Pipistrellus pipistrellus,0.02,0.023,-1,Echolocation,/mnt/ubna_data_02_mir/recover-20221013/UBNA_001/20221012_030000.WAV,Telephone Field,recover-20221013,001,1795
1200.7765,1200.8162,68437,81882,Rhinolophus ferrumequinum,0.022,0.022,-1,Echolocation,/mnt/ubna_data_02_mir/recover-20221013/UBNA_001/20221012_030000.WAV,Telephone Field,recover-20221013,001,1795
1200.7835,1200.7941,22890,28264,Nyctalus leisleri,0.009,0.021,-1,Echolocation,/mnt/ubna_data_02_mir/recover-20221013/UBNA_001/20221012_030000.WAV,Telephone Field,recover-20221013,001,1795
1200.7985,1200.838,68437,82088,Rhinolophus ferrumequinum,0.024,0.024,-1,Echolocation,/mnt/ubna_data_02_mir/recover-20221013/UBNA_001/20221012_030000.WAV,Telephone Field,recover-20221013,001,1795
1200.8005,1200.8143,29765,36319,Eptesicus serotinus,0.049,0.071,-1,Echolocation,/mnt/ubna_data_02_mir/recover-20221013/UBNA_001/20221012_030000.WAV,Telephone Field,recover-20221013,001,1795
1200.8085,1200.8515,68437,82218,Rhinolophus ferrumequinum,0.023,0.023,-1,Echolocation,/mnt/ubna_data_02_mir/recover-20221013/UBNA_001/20221012_030000.WAV,Telephone Field,recover-20221013,001,1795
1200.8325,1200.8709,68437,81624,Rhinolophus ferrumequinum,0.022,0.022,-1,Echolocation,/mnt/ubna_data_02_mir/recover-20221013/UBNA_001/20221012_030000.WAV,Telephone Field,recover-20221013,001,1795
1200.8395,1200.8764,68437,81844,Rhinolophus ferrumequinum,0.023,0.023,-1,Echolocation,/mnt/ubna_data_02_mir/recover-20221013/UBNA_001/20221012_030000.WAV,Telephone Field,recover-20221013,001,1795
1200.8525,1200.889,68437,81961,Rhinolophus ferrumequinum,0.022,0.022,-1,Echolocation,/mnt/ubna_data_02_mir/recover-20221013/UBNA_001/20221012_030000.WAV,Telephone Field,recover-20221013,001,1795
1200.8615,1200.8726,23750,29946,Nyctalus leisleri,0.011,0.024,-1,Echolocation,/mnt/ubna_data_02_mir/recover-20221013/UBNA_001/20221012_030000.WAV,Telephone Field,recover-20221013,001,1795
1200.8975,1200.9359,68437,82377,Rhinolophus ferrumequinum,0.028,0.028,-1,Echolocation,/mnt/ubna_data_02_mir/recover-20221013/UBNA_001/20221012_030000.WAV,Telephone Field,recover-20221013,001,1795
1200.9145,1200.9542,68437,82810,Rhinolophus ferrumequinum,0.024,0.024,-1,Echolocation,/mnt/ubna_data_02_mir/recover-20221013/UBNA_001/20221012_030000.WAV,Telephone Field,recover-20221013,001,1795
1200.9265,1200.9349,27187,41048,Eptesicus serotinus,0.007,0.021,-1,Echolocation,/mnt/ubna_data_02_mir/recover-20221013/UBNA_001/20221012_030000.WAV,Telephone Field,recover-20221013,001,1795
1200.9315,1200.967,68437,81034,Rhinolophus ferrumequinum,0.021,0.021,-1,Echolocation,/mnt/ubna_data_02_mir/recover-20221013/UBNA_001/20221012_030000.WAV,Telephone Field,recover-20221013,001,1795
1200.9355,1200.9419,27187,40787,Eptesicus serotinus,0.006,0.027,-1,Echolocation,/mnt/ubna_data_02_mir/recover-20221013/UBNA_001/20221012_030000.WAV,Telephone Field,recover-20221013,001,1795
1200.9515,1200.989,68437,82338,Rhinolophus ferrumequinum,0.023,0.023,-1,Echolocation,/mnt/ubna_data_02_mir/recover-20221013/UBNA_001/20221012_030000.WAV,Telephone Field,recover-20221013,001,1795
1200.9645,1200.9745,22890,29010,Nyctalus leisleri,0.008,0.022,-1,Echolocation,/mnt/ubna_data_02_mir/recover-20221013/UBNA_001/20221012_030000.WAV,Telephone Field,recover-20221013,001,1795
1200.9805,1200.9878,26328,36688,Eptesicus serotinus,0.007,0.026,-1,Echolocation,/mnt/ubna_data_02_mir/recover-20221013/UBNA_001/20221012_030000.WAV,Telephone Field,recover-20221013,001,1795
1201.0035,1201.0425,68437,81863,Rhinolophus ferrumequinum,0.022,0.022,-1,Echolocation,/mnt/ubna_data_02_mir/recover-20221013/UBNA_001/20221012_030000.WAV,Telephone Field,recover-20221013,001,1795
1201.0215,1201.0296,34062,40661,Barbastellus barbastellus,0.029,0.055,-1,Echolocation,/mnt/ubna_data_02_mir/recover-20221013/UBNA_001/20221012_030000.WAV,Telephone Field,recover-20221013,001,1795
1201.0465,1201.0823,68437,81708,Rhinolophus ferrumequinum,0.022,0.022,-1,Echolocation,/mnt/ubna_data_02_mir/recover-20221013/UBNA_001/20221012_030000.WAV,Telephone Field,recover-20221013,001,1795
1201.0565,1201.0669,22031,26769,Nyctalus leisleri,0.009,0.021,-1,Echolocation,/mnt/ubna_data_02_mir/recover-20221013/UBNA_001/20221012_030000.WAV,Telephone Field,recover-20221013,001,1795
1201.0665,1201.1052,68437,82393,Rhinolophus ferrumequinum,0.023,0.023,-1,Echolocation,/mnt/ubna_data_02_mir/recover-20221013/UBNA_001/20221012_030000.WAV,Telephone Field,recover-20221013,001,1795
1201.0745,1201.1141,68437,82085,Rhinolophus ferrumequinum,0.021,0.021,-1,Echolocation,/mnt/ubna_data_02_mir/recover-20221013/UBNA_001/20221012_030000.WAV,Telephone Field,recover-20221013,001,1795
1201.0925,1201.1067,22890,28329,Nyctalus leisleri,0.013,0.027,-1,Echolocation,/mnt/ubna_data_02_mir/recover-20221013/UBNA_001/20221012_030000.WAV,Telephone Field,recover-20221013,001,1795
1201.1075,1201.1171,28906,36932,Eptesicus serotinus,0.011,0.025,-1,Echolocation,/mnt/ubna_data_02_mir/recover-20221013/UBNA_001/20221012_030000.WAV,Telephone Field,recover-20221013,001,1795
1201.1255,1201.1634,68437,82168,Rhinolophus ferrumequinum,0.022,0.022,-1,Echolocation,/mnt/ubna_data_02_mir/recover-20221013/UBNA_001/20221012_030000.WAV,Telephone Field,recover-20221013,001,1795
1201.1535,1201.1936,68437,82178,Rhinolophus ferrumequinum,0.033,0.033,-1,Echolocation,/mnt/ubna_data_02_mir/recover-20221013/UBNA_001/20221012_030000.WAV,Telephone Field,recover-20221013,001,1795
1201.1595,1201.1674,27187,37972,Eptesicus serotinus,0.008,0.023,-1,Echolocation,/mnt/ubna_data_02_mir/recover-20221013/UBNA_001/20221012_030000.WAV,Telephone Field,recover-20221013,001,1795
1201.1725,1201.2095,68437,82012,Rhinolophus ferrumequinum,0.022,0.022,-1,Echolocation,/mnt/ubna_data_02_mir/recover-20221013/UBNA_001/20221012_030000.WAV,Telephone Field,recover-20221013,001,1795
1201.1975,1201.2357,68437,81846,Rhinolophus ferrumequinum,0.022,0.023,-1,Echolocation,/mnt/ubna_data_02_mir/recover-20221013/UBNA_001/20221012_030000.WAV,Telephone Field,recover-20221013,001,1795
1201.2315,1201.2741,68437,82929,Rhinolophus ferrumequinum,0.028,0.028,-1,Echolocation,/mnt/ubna_data_02_mir/recover-20221013/UBNA_001/20221012_030000.WAV,Telephone Field,recover-20221013,001,1795
1201.2355,1201.2452,28906,37051,Eptesicus serotinus,0.009,0.021,-1,Echolocation,/mnt/ubna_data_02_mir/recover-20221013/UBNA_001/20221012_030000.WAV,Telephone Field,recover-20221013,001,1795
1201.2755,1201.2855,22890,28430,Nyctalus leisleri,0.009,0.022,-1,Echolocation,/mnt/ubna_data_02_mir/recover-20221013/UBNA_001/20221012_030000.WAV,Telephone Field,recover-20221013,001,1795
1201.3065,1201.3443,68437,82438,Rhinolophus ferrumequinum,0.022,0.022,-1,Echolocation,/mnt/ubna_data_02_mir/recover-20221013/UBNA_001/20221012_030000.WAV,Telephone Field,recover-20221013,001,1795
1201.3095,1201.3194,22890,28878,Nyctalus leisleri,0.008,0.021,-1,Echolocation,/mnt/ubna_data_02_mir/recover-20221013/UBNA_001/20221012_030000.WAV,Telephone Field,recover-20221013,001,1795
1201.3305,1201.3385,28046,39023,Eptesicus serotinus,0.008,0.022,-1,Echolocation,/mnt/ubna_data_02_mir/recover-20221013/UBNA_001/20221012_030000.WAV,Telephone Field,recover-20221013,001,1795
1201.3405,1201.3772,68437,81193,Rhinolophus ferrumequinum,0.026,0.026,-1,Echolocation,/mnt/ubna_data_02_mir/recover-20221013/UBNA_001/20221012_030000.WAV,Telephone Field,recover-20221013,001,1795
1201.3545,1201.3912,68437,81727,Rhinolophus ferrumequinum,0.022,0.022,-1,Echolocation,/mnt/ubna_data_02_mir/recover-20221013/UBNA_001/20221012_030000.WAV,Telephone Field,recover-20221013,001,1795
1201.3835,1201.3938,21171,26333,Plecotus austriacus,0.011,0.038,-1,Echolocation,/mnt/ubna_data_02_mir/recover-20221013/UBNA_001/20221012_030000.WAV,Telephone Field,recover-20221013,001,1795
1201.4045,1201.4431,68437,82368,Rhinolophus ferrumequinum,0.022,0.022,-1,Echolocation,/mnt/ubna_data_02_mir/recover-20221013/UBNA_001/20221012_030000.WAV,Telephone Field,recover-20221013,001,1795
1201.4205,1201.4291,28046,39079,Eptesicus serotinus,0.009,0.024,-1,Echolocation,/mnt/ubna_data_02_mir/recover-20221013/UBNA_001/20221012_030000.WAV,Telephone Field,recover-20221013,001,1795
1201.4325,1201.4692,68437,81964,Rhinolophus ferrumequinum,0.022,0.022,-1,Echolocation,/mnt/ubna_data_02_mir/recover-20221013/UBNA_001/20221012_030000.WAV,Telephone Field,recover-20221013,001,1795
1201.5215,1201.53,24609,32317,Nyctalus leisleri,0.006,0.021,-1,Echolocation,/mnt/ubna_data_02_mir/recover-20221013/UBNA_001/20221012_030000.WAV,Telephone Field,recover-20221013,001,1795
1201.5495,1201.5865,68437,82277,Rhinolophus ferrumequinum,0.021,0.021,-1,Echolocation,/mnt/ubna_data_02_mir/recover-20221013/UBNA_001/20221012_030000.WAV,Telephone Field,recover-20221013,001,1795
1201.5845,1201.6211,68437,81420,Rhinolophus ferrumequinum,0.021,0.021,-1,Echolocation,/mnt/ubna_data_02_mir/recover-20221013/UBNA_001/20221012_030000.WAV,Telephone Field,recover-20221013,001,1795
1201.6035,1201.6425,68437,82151,Rhinolophus ferrumequinum,0.027,0.027,-1,Echolocation,/mnt/ubna_data_02_mir/recover-20221013/UBNA_001/20221012_030000.WAV,Telephone Field,recover-20221013,001,1795
1201.6155,1201.6526,68437,81856,Rhinolophus ferrumequinum,0.022,0.022,-1,Echolocation,/mnt/ubna_data_02_mir/recover-20221013/UBNA_001/20221012_030000.WAV,Telephone Field,recover-20221013,001,1795
1201.6835,1201.6927,25468,35229,Eptesicus serotinus,0.01,0.024,-1,Echolocation,/mnt/ubna_data_02_mir/recover-20221013/UBNA_001/20221012_030000.WAV,Telephone Field,recover-20221013,001,1795
1201.6995,1201.7432,68437,83563,Rhinolophus ferrumequinum,0.041,0.041,-1,Echolocation,/mnt/ubna_data_02_mir/recover-20221013/UBNA_001/20221012_030000.WAV,Telephone Field,recover-20221013,001,1795
1201.7065,1201.7167,22031,26251,Nyctalus leisleri,0.011,0.021,-1,Echolocation,/mnt/ubna_data_02_mir/recover-20221013/UBNA_001/20221012_030000.WAV,Telephone Field,recover-20221013,001,1795
1201.7655,1201.806,68437,82432,Rhinolophus ferrumequinum,0.022,0.022,-1,Echolocation,/mnt/ubna_data_02_mir/recover-20221013/UBNA_001/20221012_030000.WAV,Telephone Field,recover-20221013,001,1795
1201.8075,1201.8449,68437,81925,Rhinolophus ferrumequinum,0.022,0.022,-1,Echolocation,/mnt/ubna_data_02_mir/recover-20221013/UBNA_001/20221012_030000.WAV,Telephone Field,recover-20221013,001,1795
1201.8575,1201.8645,26328,36162,Eptesicus serotinus,0.006,0.023,-1,Echolocation,/mnt/ubna_data_02_mir/recover-20221013/UBNA_001/20221012_030000.WAV,Telephone Field,recover-20221013,001,1795
1201.8705,1201.8776,27187,38939,Eptesicus serotinus,0.006,0.021,-1,Echolocation,/mnt/ubna_data_02_mir/recover-20221013/UBNA_001/20221012_030000.WAV,Telephone Field,recover-20221013,001,1795
1201.8765,1201.915,68437,81603,Rhinolophus ferrumequinum,0.022,0.022,-1,Echolocation,/mnt/ubna_data_02_mir/recover-20221013/UBNA_001/20221012_030000.WAV,Telephone Field,recover-20221013,001,1795
1201.8945,1201.9028,28046,37794,Eptesicus serotinus,0.008,0.021,-1,Echolocation,/mnt/ubna_data_02_mir/recover-20221013/UBNA_001/20221012_030000.WAV,Telephone Field,recover-20221013,001,1795
1201.9135,1201.9492,68437,81691,Rhinolophus ferrumequinum,0.021,0.021,-1,Echolocation,/mnt/ubna_data_02_mir/recover-20221013/UBNA_001/20221012_030000.WAV,Telephone Field,recover-20221013,001,1795
1201.9265,1201.9651,68437,82092,Rhinolophus ferrumequinum,0.022,0.022,-1,Echolocation,/mnt/ubna_data_02_mir/recover-20221013/UBNA_001/20221012_030000.WAV,Telephone Field,recover-20221013,001,1795
1202.0015,1202.034,68437,79594,Rhinolophus ferrumequinum,0.026,0.027,-1,Echolocation,/mnt/ubna_data_02_mir/recover-20221013/UBNA_001/20221012_030000.WAV,Telephone Field,recover-20221013,001,1795
1202.0015,1202.0149,22031,27474,Nyctalus leisleri,0.012,0.028,-1,Echolocation,/mnt/ubna_data_02_mir/recover-20221013/UBNA_001/20221012_030000.WAV,Telephone Field,recover-20221013,001,1795
1202.0085,1202.0473,68437,82036,Rhinolophus ferrumequinum,0.022,0.022,-1,Echolocation,/mnt/ubna_data_02_mir/recover-20221013/UBNA_001/20221012_030000.WAV,Telephone Field,recover-20221013,001,1795
1202.0675,1202.1081,68437,82237,Rhinolophus ferrumequinum,0.025,0.025,-1,Echolocation,/mnt/ubna_data_02_mir/recover-20221013/UBNA_001/20221012_030000.WAV,Telephone Field,recover-20221013,001,1795
1202.0885,1202.1297,68437,82759,Rhinolophus ferrumequinum,0.023,0.023,-1,Echolocation,/mnt/ubna_data_02_mir/recover-20221013/UBNA_001/20221012_030000.WAV,Telephone Field,recover-20221013,001,1795
1202.1085,1202.1206,27187,34054,Eptesicus serotinus,0.016,0.03,-1,Echolocation,/mnt/ubna_data_02_mir/recover-20221013/UBNA_001/20221012_030000.WAV,Telephone Field,recover-20221013,001,1795
1202.1225,1202.1304,46953,50069,Pipistrellus pipistrellus,0.022,0.023,-1,Echolocation,/mnt/ubna_data_02_mir/recover-20221013/UBNA_001/20221012_030000.WAV,Telephone Field,recover-20221013,001,1795
1202.1255,1202.1643,68437,82393,Rhinolophus ferrumequinum,0.025,0.025,-1,Echolocation,/mnt/ubna_data_02_mir/recover-20221013/UBNA_001/20221012_030000.WAV,Telephone Field,recover-20221013,001,1795
1202.1505,1202.187,68437,81978,Rhinolophus ferrumequinum,0.021,0.021,-1,Echolocation,/mnt/ubna_data_02_mir/recover-20221013/UBNA_001/20221012_030000.WAV,Telephone Field,recover-20221013,001,1795
1202.1865,1202.2212,68437,81396,Rhinolophus ferrumequinum,0.022,0.022,-1,Echolocation,/mnt/ubna_data_02_mir/recover-20221013/UBNA_001/20221012_030000.WAV,Telephone Field,recover-20221013,001,1795
1202.2275,1202.2632,68437,81448,Rhinolophus ferrumequinum,0.021,0.021,-1,Echolocation,/mnt/ubna_data_02_mir/recover-20221013/UBNA_001/20221012_030000.WAV,Telephone Field,recover-20221013,001,1795
1202.2565,1202.2977,68437,82492,Rhinolophus ferrumequinum,0.024,0.024,-1,Echolocation,/mnt/ubna_data_02_mir/recover-20221013/UBNA_001/20221012_030000.WAV,Telephone Field,recover-20221013,001,1795
1202.2655,1202.3057,68437,82689,Rhinolophus ferrumequinum,0.026,0.026,-1,Echolocation,/mnt/ubna_data_02_mir/recover-20221013/UBNA_001/20221012_030000.WAV,Telephone Field,recover-20221013,001,1795
1202.2805,1202.2906,25468,33189,Eptesicus serotinus,0.008,0.024,-1,Echolocation,/mnt/ubna_data_02_mir/recover-20221013/UBNA_001/20221012_030000.WAV,Telephone Field,recover-20221013,001,1795
1202.3065,1202.3464,68437,82470,Rhinolophus ferrumequinum,0.022,0.022,-1,Echolocation,/mnt/ubna_data_02_mir/recover-20221013/UBNA_001/20221012_030000.WAV,Telephone Field,recover-20221013,001,1795
1202.3655,1202.3722,27187,40676,Eptesicus serotinus,0.006,0.023,-1,Echolocation,/mnt/ubna_data_02_mir/recover-20221013/UBNA_001/20221012_030000.WAV,Telephone Field,recover-20221013,001,1795
1202.3795,1202.4148,68437,80743,Rhinolophus ferrumequinum,0.025,0.025,-1,Echolocation,/mnt/ubna_data_02_mir/recover-20221013/UBNA_001/20221012_030000.WAV,Telephone Field,recover-20221013,001,1795
1202.4475,1202.4569,30625,39053,Eptesicus serotinus,0.03,0.054,-1,Echolocation,/mnt/ubna_data_02_mir/recover-20221013/UBNA_001/20221012_030000.WAV,Telephone Field,recover-20221013,001,1795
1202.4715,1202.5118,68437,82560,Rhinolophus ferrumequinum,0.026,0.026,-1,Echolocation,/mnt/ubna_data_02_mir/recover-20221013/UBNA_001/20221012_030000.WAV,Telephone Field,recover-20221013,001,1795
1202.5435,1202.5853,68437,82888,Rhinolophus ferrumequinum,0.026,0.026,-1,Echolocation,/mnt/ubna_data_02_mir/recover-20221013/UBNA_001/20221012_030000.WAV,Telephone Field,recover-20221013,001,1795
1202.5445,1202.5514,27187,39280,Eptesicus serotinus,0.007,0.025,-1,Echolocation,/mnt/ubna_data_02_mir/recover-20221013/UBNA_001/20221012_030000.WAV,Telephone Field,recover-20221013,001,1795
1202.5585,1202.5981,68437,82585,Rhinolophus ferrumequinum,0.025,0.025,-1,Echolocation,/mnt/ubna_data_02_mir/recover-20221013/UBNA_001/20221012_030000.WAV,Telephone Field,recover-20221013,001,1795
1202.6295,1202.67,68437,82717,Rhinolophus ferrumequinum,0.024,0.024,-1,Echolocation,/mnt/ubna_data_02_mir/recover-20221013/UBNA_001/20221012_030000.WAV,Telephone Field,recover-20221013,001,1795
1202.6435,1202.6539,28906,36343,Eptesicus serotinus,0.01,0.022,-1,Echolocation,/mnt/ubna_data_02_mir/recover-20221013/UBNA_001/20221012_030000.WAV,Telephone Field,recover-20221013,001,1795
1202.7295,1202.7405,14296,21265,Nyctalus noctula,0.011,0.021,-1,Echolocation,/mnt/ubna_data_02_mir/recover-20221013/UBNA_001/20221012_030000.WAV,Telephone Field,recover-20221013,001,1795
1202.7895,1202.8277,68437,81702,Rhinolophus ferrumequinum,0.022,0.022,-1,Echolocation,/mnt/ubna_data_02_mir/recover-20221013/UBNA_001/20221012_030000.WAV,Telephone Field,recover-20221013,001,1795
1202.7945,1202.8038,25468,33719,Eptesicus serotinus,0.011,0.026,-1,Echolocation,/mnt/ubna_data_02_mir/recover-20221013/UBNA_001/20221012_030000.WAV,Telephone Field,recover-20221013,001,1795
1202.8235,1202.8324,28046,39876,Eptesicus serotinus,0.011,0.024,-1,Echolocation,/mnt/ubna_data_02_mir/recover-20221013/UBNA_001/20221012_030000.WAV,Telephone Field,recover-20221013,001,1795
1202.8415,1202.8511,27187,35402,Eptesicus serotinus,0.007,0.021,-1,Echolocation,/mnt/ubna_data_02_mir/recover-20221013/UBNA_001/20221012_030000.WAV,Telephone Field,recover-20221013,001,1795
1202.8985,1202.9413,68437,83260,Rhinolophus ferrumequinum,0.032,0.032,-1,Echolocation,/mnt/ubna_data_02_mir/recover-20221013/UBNA_001/20221012_030000.WAV,Telephone Field,recover-20221013,001,1795
1202.9115,1202.9531,68437,83297,Rhinolophus ferrumequinum,0.026,0.026,-1,Echolocation,/mnt/ubna_data_02_mir/recover-20221013/UBNA_001/20221012_030000.WAV,Telephone Field,recover-20221013,001,1795
1202.9565,1202.9647,22890,30707,Plecotus austriacus,0.009,0.022,-1,Echolocation,/mnt/ubna_data_02_mir/recover-20221013/UBNA_001/20221012_030000.WAV,Telephone Field,recover-20221013,001,1795
1202.9635,1203.0021,68437,83050,Rhinolophus ferrumequinum,0.022,0.022,-1,Echolocation,/mnt/ubna_data_02_mir/recover-20221013/UBNA_001/20221012_030000.WAV,Telephone Field,recover-20221013,001,1795
1202.9795,1203.0217,68437,83325,Rhinolophus ferrumequinum,0.031,0.031,-1,Echolocation,/mnt/ubna_data_02_mir/recover-20221013/UBNA_001/20221012_030000.WAV,Telephone Field,recover-20221013,001,1795
1203.0035,1203.0419,68437,82251,Rhinolophus ferrumequinum,0.022,0.022,-1,Echolocation,/mnt/ubna_data_02_mir/recover-20221013/UBNA_001/20221012_030000.WAV,Telephone Field,recover-20221013,001,1795
1203.0645,1203.1071,68437,83216,Rhinolophus ferrumequinum,0.032,0.032,-1,Echolocation,/mnt/ubna_data_02_mir/recover-20221013/UBNA_001/20221012_030000.WAV,Telephone Field,recover-20221013,001,1795
1203.1065,1203.1441,68437,82007,Rhinolophus ferrumequinum,0.021,0.021,-1,Echolocation,/mnt/ubna_data_02_mir/recover-20221013/UBNA_001/20221012_030000.WAV,Telephone Field,recover-20221013,001,1795
1203.1285,1203.1361,23750,32046,Plecotus austriacus,0.011,0.026,-1,Echolocation,/mnt/ubna_data_02_mir/recover-20221013/UBNA_001/20221012_030000.WAV,Telephone Field,recover-20221013,001,1795
1203.1625,1203.2024,68437,82720,Rhinolophus ferrumequinum,0.023,0.023,-1,Echolocation,/mnt/ubna_data_02_mir/recover-20221013/UBNA_001/20221012_030000.WAV,Telephone Field,recover-20221013,001,1795
1203.1755,1203.2193,68437,83069,Rhinolophus ferrumequinum,0.024,0.024,-1,Echolocation,/mnt/ubna_data_02_mir/recover-20221013/UBNA_001/20221012_030000.WAV,Telephone Field,recover-20221013,001,1795
1203.2135,1203.2223,22890,29721,Plecotus austriacus,0.008,0.023,-1,Echolocation,/mnt/ubna_data_02_mir/recover-20221013/UBNA_001/20221012_030000.WAV,Telephone Field,recover-20221013,001,1795
1203.2255,1203.2347,28906,37423,Eptesicus serotinus,0.01,0.023,-1,Echolocation,/mnt/ubna_data_02_mir/recover-20221013/UBNA_001/20221012_030000.WAV,Telephone Field,recover-20221013,001,1795
1203.2575,1203.2973,68437,81671,Rhinolophus ferrumequinum,0.028,0.028,-1,Echolocation,/mnt/ubna_data_02_mir/recover-20221013/UBNA_001/20221012_030000.WAV,Telephone Field,recover-20221013,001,1795
1203.2675,1203.2777,23750,30241,Nyctalus leisleri,0.009,0.027,-1,Echolocation,/mnt/ubna_data_02_mir/recover-20221013/UBNA_001/20221012_030000.WAV,Telephone Field,recover-20221013,001,1795
1203.2905,1203.3289,68437,82056,Rhinolophus ferrumequinum,0.021,0.021,-1,Echolocation,/mnt/ubna_data_02_mir/recover-20221013/UBNA_001/20221012_030000.WAV,Telephone Field,recover-20221013,001,1795
1203.3355,1203.3431,28046,38354,Eptesicus serotinus,0.007,0.022,-1,Echolocation,/mnt/ubna_data_02_mir/recover-20221013/UBNA_001/20221012_030000.WAV,Telephone Field,recover-20221013,001,1795
1203.3635,1203.3741,29765,35716,Eptesicus serotinus,0.01,0.024,-1,Echolocation,/mnt/ubna_data_02_mir/recover-20221013/UBNA_001/20221012_030000.WAV,Telephone Field,recover-20221013,001,1795
1203.3905,1203.4308,68437,82137,Rhinolophus ferrumequinum,0.023,0.023,-1,Echolocation,/mnt/ubna_data_02_mir/recover-20221013/UBNA_001/20221012_030000.WAV,Telephone Field,recover-20221013,001,1795
1203.3995,1203.4416,68437,83258,Rhinolophus ferrumequinum,0.025,0.025,-1,Echolocation,/mnt/ubna_data_02_mir/recover-20221013/UBNA_001/20221012_030000.WAV,Telephone Field,recover-20221013,001,1795
1203.4125,1203.4524,68437,82182,Rhinolophus ferrumequinum,0.021,0.021,-1,Echolocation,/mnt/ubna_data_02_mir/recover-20221013/UBNA_001/20221012_030000.WAV,Telephone Field,recover-20221013,001,1795
1203.4135,1203.4271,39218,42555,Pipistrellus nathusii,0.029,0.038,-1,Echolocation,/mnt/ubna_data_02_mir/recover-20221013/UBNA_001/20221012_030000.WAV,Telephone Field,recover-20221013,001,1795
1203.4155,1203.4269,22031,26514,Nyctalus leisleri,0.011,0.021,-1,Echolocation,/mnt/ubna_data_02_mir/recover-20221013/UBNA_001/20221012_030000.WAV,Telephone Field,recover-20221013,001,1795
1203.4365,1203.4779,68437,83066,Rhinolophus ferrumequinum,0.032,0.032,-1,Echolocation,/mnt/ubna_data_02_mir/recover-20221013/UBNA_001/20221012_030000.WAV,Telephone Field,recover-20221013,001,1795
1203.4565,1203.4967,68437,82055,Rhinolophus ferrumequinum,0.022,0.022,-1,Echolocation,/mnt/ubna_data_02_mir/recover-20221013/UBNA_001/20221012_030000.WAV,Telephone Field,recover-20221013,001,1795
1203.4885,1203.5303,68437,82730,Rhinolophus ferrumequinum,0.023,0.023,-1,Echolocation,/mnt/ubna_data_02_mir/recover-20221013/UBNA_001/20221012_030000.WAV,Telephone Field,recover-20221013,001,1795
1203.5295,1203.5682,68437,82034,Rhinolophus ferrumequinum,0.03,0.03,-1,Echolocation,/mnt/ubna_data_02_mir/recover-20221013/UBNA_001/20221012_030000.WAV,Telephone Field,recover-20221013,001,1795
1203.6005,1203.6116,23750,30102,Nyctalus leisleri,0.009,0.025,-1,Echolocation,/mnt/ubna_data_02_mir/recover-20221013/UBNA_001/20221012_030000.WAV,Telephone Field,recover-20221013,001,1795
1203.6065,1203.6158,25468,33570,Eptesicus serotinus,0.009,0.026,-1,Echolocation,/mnt/ubna_data_02_mir/recover-20221013/UBNA_001/20221012_030000.WAV,Telephone Field,recover-20221013,001,1795
1203.6115,1203.6513,68437,82788,Rhinolophus ferrumequinum,0.025,0.025,-1,Echolocation,/mnt/ubna_data_02_mir/recover-20221013/UBNA_001/20221012_030000.WAV,Telephone Field,recover-20221013,001,1795
1203.6215,1203.661,68437,81706,Rhinolophus ferrumequinum,0.022,0.022,-1,Echolocation,/mnt/ubna_data_02_mir/recover-20221013/UBNA_001/20221012_030000.WAV,Telephone Field,recover-20221013,001,1795
1203.6225,1203.6328,22890,28521,Nyctalus leisleri,0.01,0.024,-1,Echolocation,/mnt/ubna_data_02_mir/recover-20221013/UBNA_001/20221012_030000.WAV,Telephone Field,recover-20221013,001,1795
1203.6555,1203.6934,68437,82299,Rhinolophus ferrumequinum,0.021,0.021,-1,Echolocation,/mnt/ubna_data_02_mir/recover-20221013/UBNA_001/20221012_030000.WAV,Telephone Field,recover-20221013,001,1795
1203.7035,1203.7105,26328,41733,Eptesicus serotinus,0.007,0.027,-1,Echolocation,/mnt/ubna_data_02_mir/recover-20221013/UBNA_001/20221012_030000.WAV,Telephone Field,recover-20221013,001,1795
1203.7365,1203.7444,28046,37157,Eptesicus serotinus,0.008,0.023,-1,Echolocation,/mnt/ubna_data_02_mir/recover-20221013/UBNA_001/20221012_030000.WAV,Telephone Field,recover-20221013,001,1795
1203.7795,1203.7921,22031,25755,Nyctalus leisleri,0.013,0.021,-1,Echolocation,/mnt/ubna_data_02_mir/recover-20221013/UBNA_001/20221012_030000.WAV,Telephone Field,recover-20221013,001,1795
1203.7985,1203.8083,28046,36695,Eptesicus serotinus,0.01,0.023,-1,Echolocation,/mnt/ubna_data_02_mir/recover-20221013/UBNA_001/20221012_030000.WAV,Telephone Field,recover-20221013,001,1795
1203.8175,1203.8552,68437,82299,Rhinolophus ferrumequinum,0.023,0.023,-1,Echolocation,/mnt/ubna_data_02_mir/recover-20221013/UBNA_001/20221012_030000.WAV,Telephone Field,recover-20221013,001,1795
1203.8275,1203.8382,22890,27757,Nyctalus leisleri,0.01,0.021,-1,Echolocation,/mnt/ubna_data_02_mir/recover-20221013/UBNA_001/20221012_030000.WAV,Telephone Field,recover-20221013,001,1795
1203.8285,1203.8654,68437,82107,Rhinolophus ferrumequinum,0.021,0.021,-1,Echolocation,/mnt/ubna_data_02_mir/recover-20221013/UBNA_001/20221012_030000.WAV,Telephone Field,recover-20221013,001,1795
1203.8675,1203.8751,27187,39948,Eptesicus serotinus,0.008,0.026,-1,Echolocation,/mnt/ubna_data_02_mir/recover-20221013/UBNA_001/20221012_030000.WAV,Telephone Field,recover-20221013,001,1795
1203.8735,1203.914,68437,83033,Rhinolophus ferrumequinum,0.037,0.037,-1,Echolocation,/mnt/ubna_data_02_mir/recover-20221013/UBNA_001/20221012_030000.WAV,Telephone Field,recover-20221013,001,1795
1203.9215,1203.9615,68437,82309,Rhinolophus ferrumequinum,0.022,0.022,-1,Echolocation,/mnt/ubna_data_02_mir/recover-20221013/UBNA_001/20221012_030000.WAV,Telephone Field,recover-20221013,001,1795
1204.0015,1204.0125,21171,27732,Nyctalus leisleri,0.01,0.026,-1,Echolocation,/mnt/ubna_data_02_mir/recover-20221013/UBNA_001/20221012_030000.WAV,Telephone Field,recover-20221013,001,1795
1204.0015,1204.0347,69296,81173,Rhinolophus ferrumequinum,0.034,0.035,-1,Echolocation,/mnt/ubna_data_02_mir/recover-20221013/UBNA_001/20221012_030000.WAV,Telephone Field,recover-20221013,001,1795
1204.0085,1204.015,28046,40920,Myotis daubentonii,0.007,0.028,-1,Echolocation,/mnt/ubna_data_02_mir/recover-20221013/UBNA_001/20221012_030000.WAV,Telephone Field,recover-20221013,001,1795
1204.0265,1204.0427,23750,28832,Nyctalus leisleri,0.023,0.054,-1,Echolocation,/mnt/ubna_data_02_mir/recover-20221013/UBNA_001/20221012_030000.WAV,Telephone Field,recover-20221013,001,1795
1204.0605,1204.0982,68437,82008,Rhinolophus ferrumequinum,0.022,0.022,-1,Echolocation,/mnt/ubna_data_02_mir/recover-20221013/UBNA_001/20221012_030000.WAV,Telephone Field,recover-20221013,001,1795
1204.0675,1204.0749,27187,39652,Eptesicus serotinus,0.006,0.022,-1,Echolocation,/mnt/ubna_data_02_mir/recover-20221013/UBNA_001/20221012_030000.WAV,Telephone Field,recover-20221013,001,1795
1204.0845,1204.0951,23750,28696,Nyctalus leisleri,0.01,0.022,-1,Echolocation,/mnt/ubna_data_02_mir/recover-20221013/UBNA_001/20221012_030000.WAV,Telephone Field,recover-20221013,001,1795
1204.0955,1204.1368,68437,82999,Rhinolophus ferrumequinum,0.024,0.024,-1,Echolocation,/mnt/ubna_data_02_mir/recover-20221013/UBNA_001/20221012_030000.WAV,Telephone Field,recover-20221013,001,1795
1204.1065,1204.1159,36640,44362,Barbastellus barbastellus,0.005,0.023,-1,Echolocation,/mnt/ubna_data_02_mir/recover-20221013/UBNA_001/20221012_030000.WAV,Telephone Field,recover-20221013,001,1795
1204.1275,1204.1682,68437,82476,Rhinolophus ferrumequinum,0.025,0.025,-1,Echolocation,/mnt/ubna_data_02_mir/recover-20221013/UBNA_001/20221012_030000.WAV,Telephone Field,recover-20221013,001,1795
1204.1845,1204.2266,68437,82709,Rhinolophus ferrumequinum,0.03,0.03,-1,Echolocation,/mnt/ubna_data_02_mir/recover-20221013/UBNA_001/20221012_030000.WAV,Telephone Field,recover-20221013,001,1795
1204.2115,1204.223,37500,43393,Pipistrellus nathusii,0.01,0.032,-1,Echolocation,/mnt/ubna_data_02_mir/recover-20221013/UBNA_001/20221012_030000.WAV,Telephone Field,recover-20221013,001,1795
1204.2185,1204.2551,68437,81468,Rhinolophus ferrumequinum,0.021,0.021,-1,Echolocation,/mnt/ubna_data_02_mir/recover-20221013/UBNA_001/20221012_030000.WAV,Telephone Field,recover-20221013,001,1795
1204.2225,1204.2333,22031,27023,Nyctalus leisleri,0.011,0.023,-1,Echolocation,/mnt/ubna_data_02_mir/recover-20221013/UBNA_001/20221012_030000.WAV,Telephone Field,recover-20221013,001,1795
1204.2435,1204.2798,68437,81415,Rhinolophus ferrumequinum,0.024,0.024,-1,Echolocation,/mnt/ubna_data_02_mir/recover-20221013/UBNA_001/20221012_030000.WAV,Telephone Field,recover-20221013,001,1795
1204.2915,1204.2992,25468,34908,Eptesicus serotinus,0.006,0.022,-1,Echolocation,/mnt/ubna_data_02_mir/recover-20221013/UBNA_001/20221012_030000.WAV,Telephone Field,recover-20221013,001,1795
1204.3035,1204.3377,68437,81378,Rhinolophus ferrumequinum,0.023,0.023,-1,Echolocation,/mnt/ubna_data_02_mir/recover-20221013/UBNA_001/20221012_030000.WAV,Telephone Field,recover-20221013,001,1795
1204.3315,1204.3423,24609,31315,Nyctalus leisleri,0.009,0.028,-1,Echolocation,/mnt/ubna_data_02_mir/recover-20221013/UBNA_001/20221012_030000.WAV,Telephone Field,recover-20221013,001,1795
1204.3575,1204.396,68437,82267,Rhinolophus ferrumequinum,0.025,0.025,-1,Echolocation,/mnt/ubna_data_02_mir/recover-20221013/UBNA_001/20221012_030000.WAV,Telephone Field,recover-20221013,001,1795
1204.3765,1204.3881,22890,26718,Nyctalus leisleri,0.012,0.021,-1,Echolocation,/mnt/ubna_data_02_mir/recover-20221013/UBNA_001/20221012_030000.WAV,Telephone Field,recover-20221013,001,1795
1204.4295,1204.4403,22031,27785,Nyctalus leisleri,0.008,0.021,-1,Echolocation,/mnt/ubna_data_02_mir/recover-20221013/UBNA_001/20221012_030000.WAV,Telephone Field,recover-20221013,001,1795
1204.4575,1204.4665,25468,33515,Eptesicus serotinus,0.008,0.026,-1,Echolocation,/mnt/ubna_data_02_mir/recover-20221013/UBNA_001/20221012_030000.WAV,Telephone Field,recover-20221013,001,1795
1204.4685,1204.4769,28906,40027,Eptesicus serotinus,0.007,0.021,-1,Echolocation,/mnt/ubna_data_02_mir/recover-20221013/UBNA_001/20221012_030000.WAV,Telephone Field,recover-20221013,001,1795
1204.4735,1204.5102,68437,81447,Rhinolophus ferrumequinum,0.022,0.022,-1,Echolocation,/mnt/ubna_data_02_mir/recover-20221013/UBNA_001/20221012_030000.WAV,Telephone Field,recover-20221013,001,1795
1204.5165,1204.5546,68437,81845,Rhinolophus ferrumequinum,0.023,0.023,-1,Echolocation,/mnt/ubna_data_02_mir/recover-20221013/UBNA_001/20221012_030000.WAV,Telephone Field,recover-20221013,001,1795
1204.5325,1204.5399,26328,40066,Eptesicus serotinus,0.006,0.022,-1,Echolocation,/mnt/ubna_data_02_mir/recover-20221013/UBNA_001/20221012_030000.WAV,Telephone Field,recover-20221013,001,1795
1204.5475,1204.5844,68437,82008,Rhinolophus ferrumequinum,0.024,0.024,-1,Echolocation,/mnt/ubna_data_02_mir/recover-20221013/UBNA_001/20221012_030000.WAV,Telephone Field,recover-20221013,001,1795
1204.5795,1204.6162,68437,82003,Rhinolophus ferrumequinum,0.022,0.022,-1,Echolocation,/mnt/ubna_data_02_mir/recover-20221013/UBNA_001/20221012_030000.WAV,Telephone Field,recover-20221013,001,1795
1204.5965,1204.6058,28906,39509,Eptesicus serotinus,0.01,0.021,-1,Echolocation,/mnt/ubna_data_02_mir/recover-20221013/UBNA_001/20221012_030000.WAV,Telephone Field,recover-20221013,001,1795
1204.6245,1204.6604,68437,81336,Rhinolophus ferrumequinum,0.021,0.022,-1,Echolocation,/mnt/ubna_data_02_mir/recover-20221013/UBNA_001/20221012_030000.WAV,Telephone Field,recover-20221013,001,1795
1204.6505,1204.6878,68437,81447,Rhinolophus ferrumequinum,0.021,0.021,-1,Echolocation,/mnt/ubna_data_02_mir/recover-20221013/UBNA_001/20221012_030000.WAV,Telephone Field,recover-20221013,001,1795
1204.6895,1204.7287,68437,82585,Rhinolophus ferrumequinum,0.021,0.021,-1,Echolocation,/mnt/ubna_data_02_mir/recover-20221013/UBNA_001/20221012_030000.WAV,Telephone Field,recover-20221013,001,1795
1204.7065,1204.7416,68437,81643,Rhinolophus ferrumequinum,0.021,0.021,-1,Echolocation,/mnt/ubna_data_02_mir/recover-20221013/UBNA_001/20221012_030000.WAV,Telephone Field,recover-20221013,001,1795
1204.7305,1204.7724,68437,83098,Rhinolophus ferrumequinum,0.052,0.052,-1,Echolocation,/mnt/ubna_data_02_mir/recover-20221013/UBNA_001/20221012_030000.WAV,Telephone Field,recover-20221013,001,1795
1204.7445,1204.7533,24609,32346,Eptesicus serotinus,0.006,0.022,-1,Echolocation,/mnt/ubna_data_02_mir/recover-20221013/UBNA_001/20221012_030000.WAV,Telephone Field,recover-20221013,001,1795
1204.7575,1204.7992,68437,83233,Rhinolophus ferrumequinum,0.025,0.025,-1,Echolocation,/mnt/ubna_data_02_mir/recover-20221013/UBNA_001/20221012_030000.WAV,Telephone Field,recover-20221013,001,1795
1204.7815,1204.8216,68437,82573,Rhinolophus ferrumequinum,0.029,0.029,-1,Echolocation,/mnt/ubna_data_02_mir/recover-20221013/UBNA_001/20221012_030000.WAV,Telephone Field,recover-20221013,001,1795
1204.7955,1204.8015,27187,39851,Eptesicus serotinus,0.005,0.023,-1,Echolocation,/mnt/ubna_data_02_mir/recover-20221013/UBNA_001/20221012_030000.WAV,Telephone Field,recover-20221013,001,1795
1204.8075,1204.8186,22031,25770,Nyctalus leisleri,0.013,0.022,-1,Echolocation,/mnt/ubna_data_02_mir/recover-20221013/UBNA_001/20221012_030000.WAV,Telephone Field,recover-20221013,001,1795
1204.8185,1204.8304,23750,28353,Nyctalus leisleri,0.011,0.021,-1,Echolocation,/mnt/ubna_data_02_mir/recover-20221013/UBNA_001/20221012_030000.WAV,Telephone Field,recover-20221013,001,1795
1204.8655,1204.9059,68437,82888,Rhinolophus ferrumequinum,0.026,0.026,-1,Echolocation,/mnt/ubna_data_02_mir/recover-20221013/UBNA_001/20221012_030000.WAV,Telephone Field,recover-20221013,001,1795
1204.8715,1204.8784,25468,37470,Plecotus austriacus,0.011,0.04,-1,Echolocation,/mnt/ubna_data_02_mir/recover-20221013/UBNA_001/20221012_030000.WAV,Telephone Field,recover-20221013,001,1795
1204.8785,1204.9167,68437,82438,Rhinolophus ferrumequinum,0.026,0.026,-1,Echolocation,/mnt/ubna_data_02_mir/recover-20221013/UBNA_001/20221012_030000.WAV,Telephone Field,recover-20221013,001,1795
1204.8845,1204.9255,68437,82997,Rhinolophus ferrumequinum,0.024,0.025,-1,Echolocation,/mnt/ubna_data_02_mir/recover-20221013/UBNA_001/20221012_030000.WAV,Telephone Field,recover-20221013,001,1795
1204.9155,1204.955,68437,82249,Rhinolophus ferrumequinum,0.028,0.029,-1,Echolocation,/mnt/ubna_data_02_mir/recover-20221013/UBNA_001/20221012_030000.WAV,Telephone Field,recover-20221013,001,1795
1204.9555,1204.9938,68437,82305,Rhinolophus ferrumequinum,0.026,0.026,-1,Echolocation,/mnt/ubna_data_02_mir/recover-20221013/UBNA_001/20221012_030000.WAV,Telephone Field,recover-20221013,001,1795
1204.9915,1205.0325,68437,82352,Rhinolophus ferrumequinum,0.035,0.035,-1,Echolocation,/mnt/ubna_data_02_mir/recover-20221013/UBNA_001/20221012_030000.WAV,Telephone Field,recover-20221013,001,1795
1204.9985,1205.0143,22031,26217,Nyctalus leisleri,0.014,0.025,-1,Echolocation,/mnt/ubna_data_02_mir/recover-20221013/UBNA_001/20221012_030000.WAV,Telephone Field,recover-20221013,001,1795
1205.0425,1205.0571,22890,27969,Nyctalus leisleri,0.017,0.04,-1,Echolocation,/mnt/ubna_data_02_mir/recover-20221013/UBNA_001/20221012_030000.WAV,Telephone Field,recover-20221013,001,1795
1205.0675,1205.0859,20312,22758,Nyctalus leisleri,0.018,0.028,-1,Echolocation,/mnt/ubna_data_02_mir/recover-20221013/UBNA_001/20221012_030000.WAV,Telephone Field,recover-20221013,001,1795
1205.0675,1205.1054,68437,81714,Rhinolophus ferrumequinum,0.022,0.022,-1,Echolocation,/mnt/ubna_data_02_mir/recover-20221013/UBNA_001/20221012_030000.WAV,Telephone Field,recover-20221013,001,1795
1205.1005,1205.1403,68437,82486,Rhinolophus ferrumequinum,0.025,0.025,-1,Echolocation,/mnt/ubna_data_02_mir/recover-20221013/UBNA_001/20221012_030000.WAV,Telephone Field,recover-20221013,001,1795
1205.1375,1205.1755,68437,81810,Rhinolophus ferrumequinum,0.023,0.023,-1,Echolocation,/mnt/ubna_data_02_mir/recover-20221013/UBNA_001/20221012_030000.WAV,Telephone Field,recover-20221013,001,1795
1205.1455,1205.1553,28906,36845,Eptesicus serotinus,0.011,0.026,-1,Echolocation,/mnt/ubna_data_02_mir/recover-20221013/UBNA_001/20221012_030000.WAV,Telephone Field,recover-20221013,001,1795
1205.1925,1205.1997,28046,40432,Eptesicus serotinus,0.007,0.021,-1,Echolocation,/mnt/ubna_data_02_mir/recover-20221013/UBNA_001/20221012_030000.WAV,Telephone Field,recover-20221013,001,1795
1205.2035,1205.244,68437,82860,Rhinolophus ferrumequinum,0.026,0.026,-1,Echolocation,/mnt/ubna_data_02_mir/recover-20221013/UBNA_001/20221012_030000.WAV,Telephone Field,recover-20221013,001,1795
1205.2155,1205.2248,23750,31618,Nyctalus leisleri,0.006,0.022,-1,Echolocation,/mnt/ubna_data_02_mir/recover-20221013/UBNA_001/20221012_030000.WAV,Telephone Field,recover-20221013,001,1795
1205.2215,1205.2303,50390,55462,Pipistrellus pipistrellus,0.017,0.022,-1,Echolocation,/mnt/ubna_data_02_mir/recover-20221013/UBNA_001/20221012_030000.WAV,Telephone Field,recover-20221013,001,1795
1205.2725,1205.317,68437,83489,Rhinolophus ferrumequinum,0.051,0.051,-1,Echolocation,/mnt/ubna_data_02_mir/recover-20221013/UBNA_001/20221012_030000.WAV,Telephone Field,recover-20221013,001,1795
1205.2925,1205.3305,68437,82321,Rhinolophus ferrumequinum,0.022,0.022,-1,Echolocation,/mnt/ubna_data_02_mir/recover-20221013/UBNA_001/20221012_030000.WAV,Telephone Field,recover-20221013,001,1795
1205.3075,1205.3145,28906,38743,Eptesicus serotinus,0.008,0.023,-1,Echolocation,/mnt/ubna_data_02_mir/recover-20221013/UBNA_001/20221012_030000.WAV,Telephone Field,recover-20221013,001,1795
1205.3185,1205.3578,68437,82403,Rhinolophus ferrumequinum,0.024,0.024,-1,Echolocation,/mnt/ubna_data_02_mir/recover-20221013/UBNA_001/20221012_030000.WAV,Telephone Field,recover-20221013,001,1795
1205.3485,1205.3555,24609,40527,Myotis nattereri,0.006,0.022,-1,Echolocation,/mnt/ubna_data_02_mir/recover-20221013/UBNA_001/20221012_030000.WAV,Telephone Field,recover-20221013,001,1795
1205.3805,1205.4189,68437,82117,Rhinolophus ferrumequinum,0.023,0.023,-1,Echolocation,/mnt/ubna_data_02_mir/recover-20221013/UBNA_001/20221012_030000.WAV,Telephone Field,recover-20221013,001,1795
1205.3855,1205.4231,68437,82531,Rhinolophus ferrumequinum,0.024,0.024,-1,Echolocation,/mnt/ubna_data_02_mir/recover-20221013/UBNA_001/20221012_030000.WAV,Telephone Field,recover-20221013,001,1795
1205.4885,1205.5258,68437,81359,Rhinolophus ferrumequinum,0.023,0.023,-1,Echolocation,/mnt/ubna_data_02_mir/recover-20221013/UBNA_001/20221012_030000.WAV,Telephone Field,recover-20221013,001,1795
1205.5065,1205.5453,68437,81666,Rhinolophus ferrumequinum,0.022,0.022,-1,Echolocation,/mnt/ubna_data_02_mir/recover-20221013/UBNA_001/20221012_030000.WAV,Telephone Field,recover-20221013,001,1795
1205.5325,1205.5686,68437,81854,Rhinolophus ferrumequinum,0.021,0.021,-1,Echolocation,/mnt/ubna_data_02_mir/recover-20221013/UBNA_001/20221012_030000.WAV,Telephone Field,recover-20221013,001,1795
1205.5385,1205.5536,22031,26303,Nyctalus leisleri,0.017,0.035,-1,Echolocation,/mnt/ubna_data_02_mir/recover-20221013/UBNA_001/20221012_030000.WAV,Telephone Field,recover-20221013,001,1795
1205.5575,1205.5649,28906,37993,Eptesicus serotinus,0.007,0.023,-1,Echolocation,/mnt/ubna_data_02_mir/recover-20221013/UBNA_001/20221012_030000.WAV,Telephone Field,recover-20221013,001,1795
1205.5575,1205.5967,68437,82926,Rhinolophus ferrumequinum,0.03,0.03,-1,Echolocation,/mnt/ubna_data_02_mir/recover-20221013/UBNA_001/20221012_030000.WAV,Telephone Field,recover-20221013,001,1795
1205.6145,1205.6533,68437,82550,Rhinolophus ferrumequinum,0.024,0.024,-1,Echolocation,/mnt/ubna_data_02_mir/recover-20221013/UBNA_001/20221012_030000.WAV,Telephone Field,recover-20221013,001,1795
1205.6555,1205.6631,28046,39431,Eptesicus serotinus,0.008,0.023,-1,Echolocation,/mnt/ubna_data_02_mir/recover-20221013/UBNA_001/20221012_030000.WAV,Telephone Field,recover-20221013,001,1795
1205.6835,1205.6963,26328,31294,Eptesicus serotinus,0.012,0.029,-1,Echolocation,/mnt/ubna_data_02_mir/recover-20221013/UBNA_001/20221012_030000.WAV,Telephone Field,recover-20221013,001,1795
1205.6955,1205.7044,28906,36521,Eptesicus serotinus,0.009,0.022,-1,Echolocation,/mnt/ubna_data_02_mir/recover-20221013/UBNA_001/20221012_030000.WAV,Telephone Field,recover-20221013,001,1795
1205.7105,1205.7485,68437,81911,Rhinolophus ferrumequinum,0.022,0.022,-1,Echolocation,/mnt/ubna_data_02_mir/recover-20221013/UBNA_001/20221012_030000.WAV,Telephone Field,recover-20221013,001,1795
1205.7315,1205.7394,28046,37733,Eptesicus serotinus,0.007,0.022,-1,Echolocation,/mnt/ubna_data_02_mir/recover-20221013/UBNA_001/20221012_030000.WAV,Telephone Field,recover-20221013,001,1795
1205.7315,1205.7393,32343,40612,Barbastellus barbastellus,0.006,0.021,-1,Echolocation,/mnt/ubna_data_02_mir/recover-20221013/UBNA_001/20221012_030000.WAV,Telephone Field,recover-20221013,001,1795
1205.7365,1205.747,22031,26906,Nyctalus leisleri,0.011,0.022,-1,Echolocation,/mnt/ubna_data_02_mir/recover-20221013/UBNA_001/20221012_030000.WAV,Telephone Field,recover-20221013,001,1795
1205.7565,1205.7961,68437,82492,Rhinolophus ferrumequinum,0.022,0.022,-1,Echolocation,/mnt/ubna_data_02_mir/recover-20221013/UBNA_001/20221012_030000.WAV,Telephone Field,recover-20221013,001,1795
1205.7875,1205.8275,68437,82518,Rhinolophus ferrumequinum,0.023,0.023,-1,Echolocation,/mnt/ubna_data_02_mir/recover-20221013/UBNA_001/20221012_030000.WAV,Telephone Field,recover-20221013,001,1795
1205.8135,1205.8564,68437,83114,Rhinolophus ferrumequinum,0.027,0.027,-1,Echolocation,/mnt/ubna_data_02_mir/recover-20221013/UBNA_001/20221012_030000.WAV,Telephone Field,recover-20221013,001,1795
1205.9085,1205.916,27187,39743,Eptesicus serotinus,0.007,0.023,-1,Echolocation,/mnt/ubna_data_02_mir/recover-20221013/UBNA_001/20221012_030000.WAV,Telephone Field,recover-20221013,001,1795
1205.9435,1205.9529,22890,29912,Nyctalus leisleri,0.007,0.024,-1,Echolocation,/mnt/ubna_data_02_mir/recover-20221013/UBNA_001/20221012_030000.WAV,Telephone Field,recover-20221013,001,1795
1205.9805,1205.9916,22890,27918,Nyctalus leisleri,0.014,0.028,-1,Echolocation,/mnt/ubna_data_02_mir/recover-20221013/UBNA_001/20221012_030000.WAV,Telephone Field,recover-20221013,001,1795
1206.0015,1206.0108,21171,26599,Nyctalus leisleri,0.009,0.024,-1,Echolocation,/mnt/ubna_data_02_mir/recover-20221013/UBNA_001/20221012_030000.WAV,Telephone Field,recover-20221013,001,1795
1206.0015,1206.0098,26328,34672,Nyctalus leisleri,0.007,0.026,-1,Echolocation,/mnt/ubna_data_02_mir/recover-20221013/UBNA_001/20221012_030000.WAV,Telephone Field,recover-20221013,001,1795
1206.0015,1206.0323,69296,82779,Rhinolophus ferrumequinum,0.025,0.025,-1,Echolocation,/mnt/ubna_data_02_mir/recover-20221013/UBNA_001/20221012_030000.WAV,Telephone Field,recover-20221013,001,1795
1206.0015,1206.0145,16875,21760,Nyctalus noctula,0.01,0.024,-1,Echolocation,/mnt/ubna_data_02_mir/recover-20221013/UBNA_001/20221012_030000.WAV,Telephone Field,recover-20221013,001,1795
1206.0125,1206.0235,29765,37083,Eptesicus serotinus,0.013,0.029,-1,Echolocation,/mnt/ubna_data_02_mir/recover-20221013/UBNA_001/20221012_030000.WAV,Telephone Field,recover-20221013,001,1795
1206.0175,1206.0284,22890,28285,Nyctalus leisleri,0.01,0.022,-1,Echolocation,/mnt/ubna_data_02_mir/recover-20221013/UBNA_001/20221012_030000.WAV,Telephone Field,recover-20221013,001,1795
1206.0185,1206.0616,68437,83233,Rhinolophus ferrumequinum,0.043,0.043,-1,Echolocation,/mnt/ubna_data_02_mir/recover-20221013/UBNA_001/20221012_030000.WAV,Telephone Field,recover-20221013,001,1795
1206.0255,1206.0407,23750,28835,Nyctalus leisleri,0.011,0.024,-1,Echolocation,/mnt/ubna_data_02_mir/recover-20221013/UBNA_001/20221012_030000.WAV,Telephone Field,recover-20221013,001,1795
1206.0315,1206.0458,23750,28511,Nyctalus leisleri,0.012,0.024,-1,Echolocation,/mnt/ubna_data_02_mir/recover-20221013/UBNA_001/20221012_030000.WAV,Telephone Field,recover-20221013,001,1795
1206.0525,1206.0908,68437,81161,Rhinolophus ferrumequinum,0.021,0.021,-1,Echolocation,/mnt/ubna_data_02_mir/recover-20221013/UBNA_001/20221012_030000.WAV,Telephone Field,recover-20221013,001,1795
1206.0585,1206.0962,68437,82316,Rhinolophus ferrumequinum,0.021,0.021,-1,Echolocation,/mnt/ubna_data_02_mir/recover-20221013/UBNA_001/20221012_030000.WAV,Telephone Field,recover-20221013,001,1795
1206.0805,1206.1179,68437,81414,Rhinolophus ferrumequinum,0.021,0.021,-1,Echolocation,/mnt/ubna_data_02_mir/recover-20221013/UBNA_001/20221012_030000.WAV,Telephone Field,recover-20221013,001,1795
1206.1055,1206.1133,28046,38896,Eptesicus serotinus,0.008,0.026,-1,Echolocation,/mnt/ubna_data_02_mir/recover-20221013/UBNA_001/20221012_030000.WAV,Telephone Field,recover-20221013,001,1795
1206.1635,1206.1722,23750,31259,Plecotus austriacus,0.008,0.027,-1,Echolocation,/mnt/ubna_data_02_mir/recover-20221013/UBNA_001/20221012_030000.WAV,Telephone Field,recover-20221013,001,1795
1206.1745,1206.211,68437,82248,Rhinolophus ferrumequinum,0.023,0.023,-1,Echolocation,/mnt/ubna_data_02_mir/recover-20221013/UBNA_001/20221012_030000.WAV,Telephone Field,recover-20221013,001,1795
1206.2245,1206.2349,24609,31263,Nyctalus leisleri,0.008,0.022,-1,Echolocation,/mnt/ubna_data_02_mir/recover-20221013/UBNA_001/20221012_030000.WAV,Telephone Field,recover-20221013,001,1795
1206.2385,1206.2463,27187,41447,Eptesicus serotinus,0.007,0.021,-1,Echolocation,/mnt/ubna_data_02_mir/recover-20221013/UBNA_001/20221012_030000.WAV,Telephone Field,recover-20221013,001,1795
1206.2425,1206.2834,68437,82437,Rhinolophus ferrumequinum,0.022,0.022,-1,Echolocation,/mnt/ubna_data_02_mir/recover-20221013/UBNA_001/20221012_030000.WAV,Telephone Field,recover-20221013,001,1795
1206.2775,1206.287,26328,36006,Eptesicus serotinus,0.009,0.022,-1,Echolocation,/mnt/ubna_data_02_mir/recover-20221013/UBNA_001/20221012_030000.WAV,Telephone Field,recover-20221013,001,1795
1206.2845,1206.2928,28906,37798,Eptesicus serotinus,0.008,0.024,-1,Echolocation,/mnt/ubna_data_02_mir/recover-20221013/UBNA_001/20221012_030000.WAV,Telephone Field,recover-20221013,001,1795
1206.2945,1206.3313,68437,82027,Rhinolophus ferrumequinum,0.024,0.024,-1,Echolocation,/mnt/ubna_data_02_mir/recover-20221013/UBNA_001/20221012_030000.WAV,Telephone Field,recover-20221013,001,1795
1206.3265,1206.3622,68437,81376,Rhinolophus ferrumequinum,0.022,0.022,-1,Echolocation,/mnt/ubna_data_02_mir/recover-20221013/UBNA_001/20221012_030000.WAV,Telephone Field,recover-20221013,001,1795
1206.3295,1206.3506,20312,23627,Nyctalus leisleri,0.023,0.048,-1,Echolocation,/mnt/ubna_data_02_mir/recover-20221013/UBNA_001/20221012_030000.WAV,Telephone Field,recover-20221013,001,1795
1206.3545,1206.3916,68437,81897,Rhinolophus ferrumequinum,0.022,0.022,-1,Echolocation,/mnt/ubna_data_02_mir/recover-20221013/UBNA_001/20221012_030000.WAV,Telephone Field,recover-20221013,001,1795
1206.3725,1206.3825,27187,35413,Eptesicus serotinus,0.009,0.021,-1,Echolocation,/mnt/ubna_data_02_mir/recover-20221013/UBNA_001/20221012_030000.WAV,Telephone Field,recover-20221013,001,1795
1206.3865,1206.4219,68437,81073,Rhinolophus ferrumequinum,0.024,0.024,-1,Echolocation,/mnt/ubna_data_02_mir/recover-20221013/UBNA_001/20221012_030000.WAV,Telephone Field,recover-20221013,001,1795
1206.4165,1206.4261,28906,36900,Eptesicus serotinus,0.011,0.026,-1,Echolocation,/mnt/ubna_data_02_mir/recover-20221013/UBNA_001/20221012_030000.WAV,Telephone Field,recover-20221013,001,1795
1206.4545,1206.4619,27187,37114,Eptesicus serotinus,0.014,0.034,-1,Echolocation,/mnt/ubna_data_02_mir/recover-20221013/UBNA_001/20221012_030000.WAV,Telephone Field,recover-20221013,001,1795
1206.4755,1206.5144,68437,82735,Rhinolophus ferrumequinum,0.024,0.024,-1,Echolocation,/mnt/ubna_data_02_mir/recover-20221013/UBNA_001/20221012_030000.WAV,Telephone Field,recover-20221013,001,1795
1206.4765,1206.4857,27187,35835,Eptesicus serotinus,0.008,0.021,-1,Echolocation,/mnt/ubna_data_02_mir/recover-20221013/UBNA_001/20221012_030000.WAV,Telephone Field,recover-20221013,001,1795
1206.5215,1206.5601,68437,81891,Rhinolophus ferrumequinum,0.022,0.022,-1,Echolocation,/mnt/ubna_data_02_mir/recover-20221013/UBNA_001/20221012_030000.WAV,Telephone Field,recover-20221013,001,1795
1206.5535,1206.5919,68437,82042,Rhinolophus ferrumequinum,0.021,0.021,-1,Echolocation,/mnt/ubna_data_02_mir/recover-20221013/UBNA_001/20221012_030000.WAV,Telephone Field,recover-20221013,001,1795
1206.5585,1206.5683,24609,32051,Eptesicus serotinus,0.006,0.021,-1,Echolocation,/mnt/ubna_data_02_mir/recover-20221013/UBNA_001/20221012_030000.WAV,Telephone Field,recover-20221013,001,1795
1206.5645,1206.5998,68437,81443,Rhinolophus ferrumequinum,0.021,0.021,-1,Echolocation,/mnt/ubna_data_02_mir/recover-20221013/UBNA_001/20221012_030000.WAV,Telephone Field,recover-20221013,001,1795
1206.5735,1206.6128,68437,82516,Rhinolophus ferrumequinum,0.023,0.023,-1,Echolocation,/mnt/ubna_data_02_mir/recover-20221013/UBNA_001/20221012_030000.WAV,Telephone Field,recover-20221013,001,1795
1206.6065,1206.6447,68437,82398,Rhinolophus ferrumequinum,0.021,0.021,-1,Echolocation,/mnt/ubna_data_02_mir/recover-20221013/UBNA_001/20221012_030000.WAV,Telephone Field,recover-20221013,001,1795
1206.6075,1206.6168,27187,38594,Eptesicus serotinus,0.01,0.026,-1,Echolocation,/mnt/ubna_data_02_mir/recover-20221013/UBNA_001/20221012_030000.WAV,Telephone Field,recover-20221013,001,1795
1206.6445,1206.6533,28906,38226,Eptesicus serotinus,0.008,0.023,-1,Echolocation,/mnt/ubna_data_02_mir/recover-20221013/UBNA_001/20221012_030000.WAV,Telephone Field,recover-20221013,001,1795
1206.6465,1206.6636,20312,23395,Nyctalus leisleri,0.013,0.022,-1,Echolocation,/mnt/ubna_data_02_mir/recover-20221013/UBNA_001/20221012_030000.WAV,Telephone Field,recover-20221013,001,1795
1206.6555,1206.6899,68437,80782,Rhinolophus ferrumequinum,0.021,0.021,-1,Echolocation,/mnt/ubna_data_02_mir/recover-20221013/UBNA_001/20221012_030000.WAV,Telephone Field,recover-20221013,001,1795
1206.6705,1206.7069,68437,81815,Rhinolophus ferrumequinum,0.022,0.022,-1,Echolocation,/mnt/ubna_data_02_mir/recover-20221013/UBNA_001/20221012_030000.WAV,Telephone Field,recover-20221013,001,1795
1206.6715,1206.6902,20312,23323,Nyctalus leisleri,0.012,0.021,-1,Echolocation,/mnt/ubna_data_02_mir/recover-20221013/UBNA_001/20221012_030000.WAV,Telephone Field,recover-20221013,001,1795
1206.6825,1206.693,23750,29611,Nyctalus leisleri,0.01,0.022,-1,Echolocation,/mnt/ubna_data_02_mir/recover-20221013/UBNA_001/20221012_030000.WAV,Telephone Field,recover-20221013,001,1795
1206.6955,1206.7056,28046,36026,Eptesicus serotinus,0.013,0.028,-1,Echolocation,/mnt/ubna_data_02_mir/recover-20221013/UBNA_001/20221012_030000.WAV,Telephone Field,recover-20221013,001,1795
1206.7135,1206.7497,68437,81647,Rhinolophus ferrumequinum,0.021,0.021,-1,Echolocation,/mnt/ubna_data_02_mir/recover-20221013/UBNA_001/20221012_030000.WAV,Telephone Field,recover-20221013,001,1795
1206.7675,1206.7779,22890,28878,Nyctalus leisleri,0.008,0.021,-1,Echolocation,/mnt/ubna_data_02_mir/recover-20221013/UBNA_001/20221012_030000.WAV,Telephone Field,recover-20221013,001,1795
1206.7845,1206.7972,22890,27393,Nyctalus leisleri,0.015,0.027,-1,Echolocation,/mnt/ubna_data_02_mir/recover-20221013/UBNA_001/20221012_030000.WAV,Telephone Field,recover-20221013,001,1795
1206.7885,1206.828,68437,81997,Rhinolophus ferrumequinum,0.021,0.021,-1,Echolocation,/mnt/ubna_data_02_mir/recover-20221013/UBNA_001/20221012_030000.WAV,Telephone Field,recover-20221013,001,1795
1206.8555,1206.894,68437,82063,Rhinolophus ferrumequinum,0.022,0.022,-1,Echolocation,/mnt/ubna_data_02_mir/recover-20221013/UBNA_001/20221012_030000.WAV,Telephone Field,recover-20221013,001,1795
1206.8565,1206.867,24609,31032,Nyctalus leisleri,0.022,0.063,-1,Echolocation,/mnt/ubna_data_02_mir/recover-20221013/UBNA_001/20221012_030000.WAV,Telephone Field,recover-20221013,001,1795
1206.8655,1206.9049,68437,82352,Rhinolophus ferrumequinum,0.021,0.021,-1,Echolocation,/mnt/ubna_data_02_mir/recover-20221013/UBNA_001/20221012_030000.WAV,Telephone Field,recover-20221013,001,1795
1206.8725,1206.9122,68437,82844,Rhinolophus ferrumequinum,0.022,0.022,-1,Echolocation,/mnt/ubna_data_02_mir/recover-20221013/UBNA_001/20221012_030000.WAV,Telephone Field,recover-20221013,001,1795
1206.8895,1206.9011,23750,28779,Nyctalus leisleri,0.013,0.026,-1,Echolocation,/mnt/ubna_data_02_mir/recover-20221013/UBNA_001/20221012_030000.WAV,Telephone Field,recover-20221013,001,1795
1206.8955,1206.9386,68437,83270,Rhinolophus ferrumequinum,0.033,0.033,-1,Echolocation,/mnt/ubna_data_02_mir/recover-20221013/UBNA_001/20221012_030000.WAV,Telephone Field,recover-20221013,001,1795
1206.9195,1206.9281,15156,23454,Plecotus auritus,0.011,0.023,-1,Echolocation,/mnt/ubna_data_02_mir/recover-20221013/UBNA_001/20221012_030000.WAV,Telephone Field,recover-20221013,001,1795
1206.9205,1206.9293,28046,38452,Eptesicus serotinus,0.009,0.025,-1,Echolocation,/mnt/ubna_data_02_mir/recover-20221013/UBNA_001/20221012_030000.WAV,Telephone Field,recover-20221013,001,1795
1206.9495,1206.9596,45234,50635,Pipistrellus pipistrellus,0.014,0.021,-1,Echolocation,/mnt/ubna_data_02_mir/recover-20221013/UBNA_001/20221012_030000.WAV,Telephone Field,recover-20221013,001,1795
1206.9535,1206.9617,49531,54272,Pipistrellus pipistrellus,0.019,0.022,-1,Echolocation,/mnt/ubna_data_02_mir/recover-20221013/UBNA_001/20221012_030000.WAV,Telephone Field,recover-20221013,001,1795
1206.9625,1206.9716,28046,36569,Eptesicus serotinus,0.009,0.022,-1,Echolocation,/mnt/ubna_data_02_mir/recover-20221013/UBNA_001/20221012_030000.WAV,Telephone Field,recover-20221013,001,1795
1206.9635,1207.0005,68437,81004,Rhinolophus ferrumequinum,0.026,0.026,-1,Echolocation,/mnt/ubna_data_02_mir/recover-20221013/UBNA_001/20221012_030000.WAV,Telephone Field,recover-20221013,001,1795
1207.0145,1207.0234,50390,55558,Pipistrellus pipistrellus,0.055,0.063,-1,Echolocation,/mnt/ubna_data_02_mir/recover-20221013/UBNA_001/20221012_030000.WAV,Telephone Field,recover-20221013,001,1795
1207.0195,1207.0647,68437,83171,Rhinolophus ferrumequinum,0.033,0.033,-1,Echolocation,/mnt/ubna_data_02_mir/recover-20221013/UBNA_001/20221012_030000.WAV,Telephone Field,recover-20221013,001,1795
1207.0835,1207.0927,14296,22043,Nyctalus noctula,0.016,0.037,-1,Echolocation,/mnt/ubna_data_02_mir/recover-20221013/UBNA_001/20221012_030000.WAV,Telephone Field,recover-20221013,001,1795
1207.0845,1207.1232,68437,82348,Rhinolophus ferrumequinum,0.022,0.022,-1,Echolocation,/mnt/ubna_data_02_mir/recover-20221013/UBNA_001/20221012_030000.WAV,Telephone Field,recover-20221013,001,1795
1207.1115,1207.1513,68437,82350,Rhinolophus ferrumequinum,0.021,0.021,-1,Echolocation,/mnt/ubna_data_02_mir/recover-20221013/UBNA_001/20221012_030000.WAV,Telephone Field,recover-20221013,001,1795
1207.1195,1207.1604,68437,82078,Rhinolophus ferrumequinum,0.023,0.023,-1,Echolocation,/mnt/ubna_data_02_mir/recover-20221013/UBNA_001/20221012_030000.WAV,Telephone Field,recover-20221013,001,1795
1207.1565,1207.1966,68437,82124,Rhinolophus ferrumequinum,0.028,0.028,-1,Echolocation,/mnt/ubna_data_02_mir/recover-20221013/UBNA_001/20221012_030000.WAV,Telephone Field,recover-20221013,001,1795
1207.1605,1207.1689,28046,38774,Eptesicus serotinus,0.007,0.021,-1,Echolocation,/mnt/ubna_data_02_mir/recover-20221013/UBNA_001/20221012_030000.WAV,Telephone Field,recover-20221013,001,1795
1207.1725,1207.1825,28046,36237,Eptesicus serotinus,0.011,0.024,-1,Echolocation,/mnt/ubna_data_02_mir/recover-20221013/UBNA_001/20221012_030000.WAV,Telephone Field,recover-20221013,001,1795
1207.2595,1207.2994,68437,82353,Rhinolophus ferrumequinum,0.024,0.024,-1,Echolocation,/mnt/ubna_data_02_mir/recover-20221013/UBNA_001/20221012_030000.WAV,Telephone Field,recover-20221013,001,1795
1207.2615,1207.2685,45234,55959,Pipistrellus pipistrellus,0.014,0.021,-1,Echolocation,/mnt/ubna_data_02_mir/recover-20221013/UBNA_001/20221012_030000.WAV,Telephone Field,recover-20221013,001,1795
1207.2675,1207.2751,23750,32552,Plecotus austriacus,0.01,0.024,-1,Echolocation,/mnt/ubna_data_02_mir/recover-20221013/UBNA_001/20221012_030000.WAV,Telephone Field,recover-20221013,001,1795
1207.2925,1207.3313,68437,82514,Rhinolophus ferrumequinum,0.023,0.023,-1,Echolocation,/mnt/ubna_data_02_mir/recover-20221013/UBNA_001/20221012_030000.WAV,Telephone Field,recover-20221013,001,1795
1207.3015,1207.3082,28906,38197,Eptesicus serotinus,0.007,0.026,-1,Echolocation,/mnt/ubna_data_02_mir/recover-20221013/UBNA_001/20221012_030000.WAV,Telephone Field,recover-20221013,001,1795
1207.3045,1207.3452,68437,82434,Rhinolophus ferrumequinum,0.025,0.025,-1,Echolocation,/mnt/ubna_data_02_mir/recover-20221013/UBNA_001/20221012_030000.WAV,Telephone Field,recover-20221013,001,1795
1207.3245,1207.337,23750,28856,Nyctalus leisleri,0.013,0.027,-1,Echolocation,/mnt/ubna_data_02_mir/recover-20221013/UBNA_001/20221012_030000.WAV,Telephone Field,recover-20221013,001,1795
1207.3295,1207.3698,68437,82567,Rhinolophus ferrumequinum,0.025,0.025,-1,Echolocation,/mnt/ubna_data_02_mir/recover-20221013/UBNA_001/20221012_030000.WAV,Telephone Field,recover-20221013,001,1795
1207.3365,1207.3739,68437,81968,Rhinolophus ferrumequinum,0.021,0.021,-1,Echolocation,/mnt/ubna_data_02_mir/recover-20221013/UBNA_001/20221012_030000.WAV,Telephone Field,recover-20221013,001,1795
1207.3555,1207.3633,51250,56808,Pipistrellus pipistrellus,0.018,0.021,-1,Echolocation,/mnt/ubna_data_02_mir/recover-20221013/UBNA_001/20221012_030000.WAV,Telephone Field,recover-20221013,001,1795
1207.3565,1207.3646,27187,39912,Eptesicus serotinus,0.008,0.024,-1,Echolocation,/mnt/ubna_data_02_mir/recover-20221013/UBNA_001/20221012_030000.WAV,Telephone Field,recover-20221013,001,1795
1207.4125,1207.4507,68437,80844,Rhinolophus ferrumequinum,0.022,0.022,-1,Echolocation,/mnt/ubna_data_02_mir/recover-20221013/UBNA_001/20221012_030000.WAV,Telephone Field,recover-20221013,001,1795
1207.4215,1207.4295,49531,54500,Pipistrellus pipistrellus,0.02,0.023,-1,Echolocation,/mnt/ubna_data_02_mir/recover-20221013/UBNA_001/20221012_030000.WAV,Telephone Field,recover-20221013,001,1795
1207.4225,1207.4618,68437,81537,Rhinolophus ferrumequinum,0.021,0.021,-1,Echolocation,/mnt/ubna_data_02_mir/recover-20221013/UBNA_001/20221012_030000.WAV,Telephone Field,recover-20221013,001,1795
1207.4265,1207.4374,22890,28810,Nyctalus leisleri,0.009,0.021,-1,Echolocation,/mnt/ubna_data_02_mir/recover-20221013/UBNA_001/20221012_030000.WAV,Telephone Field,recover-20221013,001,1795
1207.4355,1207.4725,68437,81933,Rhinolophus ferrumequinum,0.021,0.022,-1,Echolocation,/mnt/ubna_data_02_mir/recover-20221013/UBNA_001/20221012_030000.WAV,Telephone Field,recover-20221013,001,1795
1207.4795,1207.4898,28906,36890,Eptesicus serotinus,0.009,0.021,-1,Echolocation,/mnt/ubna_data_02_mir/recover-20221013/UBNA_001/20221012_030000.WAV,Telephone Field,recover-20221013,001,1795
1207.4895,1207.5,22031,27806,Nyctalus leisleri,0.01,0.024,-1,Echolocation,/mnt/ubna_data_02_mir/recover-20221013/UBNA_001/20221012_030000.WAV,Telephone Field,recover-20221013,001,1795
1207.5455,1207.5555,23750,30138,Nyctalus leisleri,0.008,0.022,-1,Echolocation,/mnt/ubna_data_02_mir/recover-20221013/UBNA_001/20221012_030000.WAV,Telephone Field,recover-20221013,001,1795
1207.5755,1207.5841,28046,38208,Eptesicus serotinus,0.01,0.025,-1,Echolocation,/mnt/ubna_data_02_mir/recover-20221013/UBNA_001/20221012_030000.WAV,Telephone Field,recover-20221013,001,1795
1207.6055,1207.6249,19453,22388,Nyctalus leisleri,0.01,0.021,-1,Echolocation,/mnt/ubna_data_02_mir/recover-20221013/UBNA_001/20221012_030000.WAV,Telephone Field,recover-20221013,001,1795
1207.6075,1207.6479,68437,82642,Rhinolophus ferrumequinum,0.029,0.029,-1,Echolocation,/mnt/ubna_data_02_mir/recover-20221013/UBNA_001/20221012_030000.WAV,Telephone Field,recover-20221013,001,1795
1207.6265,1207.6627,68437,81662,Rhinolophus ferrumequinum,0.022,0.023,-1,Echolocation,/mnt/ubna_data_02_mir/recover-20221013/UBNA_001/20221012_030000.WAV,Telephone Field,recover-20221013,001,1795
1207.6475,1207.6557,28906,38450,Eptesicus serotinus,0.009,0.024,-1,Echolocation,/mnt/ubna_data_02_mir/recover-20221013/UBNA_001/20221012_030000.WAV,Telephone Field,recover-20221013,001,1795
1207.6635,1207.7034,68437,82932,Rhinolophus ferrumequinum,0.02,0.02,-1,Echolocation,/mnt/ubna_data_02_mir/recover-20221013/UBNA_001/20221012_030000.WAV,Telephone Field,recover-20221013,001,1795
1207.6935,1207.7321,68437,81848,Rhinolophus ferrumequinum,0.021,0.021,-1,Echolocation,/mnt/ubna_data_02_mir/recover-20221013/UBNA_001/20221012_030000.WAV,Telephone Field,recover-20221013,001,1795
1207.6995,1207.7075,44375,53690,Pipistrellus pipistrellus,0.014,0.023,-1,Echolocation,/mnt/ubna_data_02_mir/recover-20221013/UBNA_001/20221012_030000.WAV,Telephone Field,recover-20221013,001,1795
1207.7395,1207.7464,23750,32290,Plecotus austriacus,0.01,0.023,-1,Echolocation,/mnt/ubna_data_02_mir/recover-20221013/UBNA_001/20221012_030000.WAV,Telephone Field,recover-20221013,001,1795
1207.7465,1207.7814,68437,81301,Rhinolophus ferrumequinum,0.021,0.021,-1,Echolocation,/mnt/ubna_data_02_mir/recover-20221013/UBNA_001/20221012_030000.WAV,Telephone Field,recover-20221013,001,1795
1207.7715,1207.81,68437,81681,Rhinolophus ferrumequinum,0.021,0.021,-1,Echolocation,/mnt/ubna_data_02_mir/recover-20221013/UBNA_001/20221012_030000.WAV,Telephone Field,recover-20221013,001,1795
1207.7885,1207.8225,68437,81887,Rhinolophus ferrumequinum,0.022,0.022,-1,Echolocation,/mnt/ubna_data_02_mir/recover-20221013/UBNA_001/20221012_030000.WAV,Telephone Field,recover-20221013,001,1795
1207.7975,1207.8065,28046,40368,Eptesicus serotinus,0.008,0.021,-1,Echolocation,/mnt/ubna_data_02_mir/recover-20221013/UBNA_001/20221012_030000.WAV,Telephone Field,recover-20221013,001,1795
1207.8195,1207.8579,68437,81766,Rhinolophus ferrumequinum,0.021,0.021,-1,Echolocation,/mnt/ubna_data_02_mir/recover-20221013/UBNA_001/20221012_030000.WAV,Telephone Field,recover-20221013,001,1795
1207.8535,1207.894,68437,82719,Rhinolophus ferrumequinum,0.021,0.021,-1,Echolocation,/mnt/ubna_data_02_mir/recover-20221013/UBNA_001/20221012_030000.WAV,Telephone Field,recover-20221013,001,1795
1207.8775,1207.9166,68437,82581,Rhinolophus ferrumequinum,0.022,0.022,-1,Echolocation,/mnt/ubna_data_02_mir/recover-20221013/UBNA_001/20221012_030000.WAV,Telephone Field,recover-20221013,001,1795
1207.8835,1207.8943,22890,27715,Nyctalus leisleri,0.011,0.021,-1,Echolocation,/mnt/ubna_data_02_mir/recover-20221013/UBNA_001/20221012_030000.WAV,Telephone Field,recover-20221013,001,1795
1207.8965,1207.9352,68437,81796,Rhinolophus ferrumequinum,0.023,0.024,-1,Echolocation,/mnt/ubna_data_02_mir/recover-20221013/UBNA_001/20221012_030000.WAV,Telephone Field,recover-20221013,001,1795
1207.9085,1207.9189,28906,37295,Eptesicus serotinus,0.009,0.021,-1,Echolocation,/mnt/ubna_data_02_mir/recover-20221013/UBNA_001/20221012_030000.WAV,Telephone Field,recover-20221013,001,1795
1207.9115,1207.9528,68437,82726,Rhinolophus ferrumequinum,0.027,0.027,-1,Echolocation,/mnt/ubna_data_02_mir/recover-20221013/UBNA_001/20221012_030000.WAV,Telephone Field,recover-20221013,001,1795
1207.9485,1207.9873,68437,81755,Rhinolophus ferrumequinum,0.021,0.021,-1,Echolocation,/mnt/ubna_data_02_mir/recover-20221013/UBNA_001/20221012_030000.WAV,Telephone Field,recover-20221013,001,1795
1207.9505,1207.9587,28906,38994,Eptesicus serotinus,0.01,0.031,-1,Echolocation,/mnt/ubna_data_02_mir/recover-20221013/UBNA_001/20221012_030000.WAV,Telephone Field,recover-20221013,001,1795
1208.0015,1208.0337,68437,79933,Rhinolophus ferrumequinum,0.027,0.027,-1,Echolocation,/mnt/ubna_data_02_mir/recover-20221013/UBNA_001/20221012_030000.WAV,Telephone Field,recover-20221013,001,1795
1208.0015,1208.0109,22031,27982,Nyctalus leisleri,0.01,0.028,-1,Echolocation,/mnt/ubna_data_02_mir/recover-20221013/UBNA_001/20221012_030000.WAV,Telephone Field,recover-20221013,001,1795
1208.0015,1208.0104,45234,50153,Pipistrellus pipistrellus,0.019,0.025,-1,Echolocation,/mnt/ubna_data_02_mir/recover-20221013/UBNA_001/20221012_030000.WAV,Telephone Field,recover-20221013,001,1795
1208.0215,1208.0283,26328,35219,Eptesicus serotinus,0.006,0.021,-1,Echolocation,/mnt/ubna_data_02_mir/recover-20221013/UBNA_001/20221012_030000.WAV,Telephone Field,recover-20221013,001,1795
1208.0735,1208.1154,68437,82884,Rhinolophus ferrumequinum,0.024,0.024,-1,Echolocation,/mnt/ubna_data_02_mir/recover-20221013/UBNA_001/20221012_030000.WAV,Telephone Field,recover-20221013,001,1795
1208.1195,1208.158,68437,82384,Rhinolophus ferrumequinum,0.021,0.021,-1,Echolocation,/mnt/ubna_data_02_mir/recover-20221013/UBNA_001/20221012_030000.WAV,Telephone Field,recover-20221013,001,1795
1208.1235,1208.1304,26328,38256,Eptesicus serotinus,0.006,0.023,-1,Echolocation,/mnt/ubna_data_02_mir/recover-20221013/UBNA_001/20221012_030000.WAV,Telephone Field,recover-20221013,001,1795
1208.1505,1208.1879,68437,82403,Rhinolophus ferrumequinum,0.022,0.022,-1,Echolocation,/mnt/ubna_data_02_mir/recover-20221013/UBNA_001/20221012_030000.WAV,Telephone Field,recover-20221013,001,1795
1208.2145,1208.2532,68437,82217,Rhinolophus ferrumequinum,0.021,0.021,-1,Echolocation,/mnt/ubna_data_02_mir/recover-20221013/UBNA_001/20221012_030000.WAV,Telephone Field,recover-20221013,001,1795
1208.2275,1208.2682,68437,82638,Rhinolophus ferrumequinum,0.022,0.022,-1,Echolocation,/mnt/ubna_data_02_mir/recover-20221013/UBNA_001/20221012_030000.WAV,Telephone Field,recover-20221013,001,1795
1208.2285,1208.2357,23750,32284,Plecotus austriacus,0.009,0.022,-1,Echolocation,/mnt/ubna_data_02_mir/recover-20221013/UBNA_001/20221012_030000.WAV,Telephone Field,recover-20221013,001,1795
1208.2725,1208.311,68437,82181,Rhinolophus ferrumequinum,0.021,0.021,-1,Echolocation,/mnt/ubna_data_02_mir/recover-20221013/UBNA_001/20221012_030000.WAV,Telephone Field,recover-20221013,001,1795
1208.2975,1208.3359,68437,81839,Rhinolophus ferrumequinum,0.021,0.021,-1,Echolocation,/mnt/ubna_data_02_mir/recover-20221013/UBNA_001/20221012_030000.WAV,Telephone Field,recover-20221013,001,1795
1208.3255,1208.3365,22890,28110,Nyctalus leisleri,0.01,0.022,-1,Echolocation,/mnt/ubna_data_02_mir/recover-20221013/UBNA_001/20221012_030000.WAV,Telephone Field,recover-20221013,001,1795
1208.3365,1208.3503,22890,26665,Nyctalus leisleri,0.021,0.035,-1,Echolocation,/mnt/ubna_data_02_mir/recover-20221013/UBNA_001/20221012_030000.WAV,Telephone Field,recover-20221013,001,1795
1208.3625,1208.3721,24609,32357,Eptesicus serotinus,0.009,0.024,-1,Echolocation,/mnt/ubna_data_02_mir/recover-20221013/UBNA_001/20221012_030000.WAV,Telephone Field,recover-20221013,001,1795
1208.3945,1208.4055,28906,36016,Eptesicus serotinus,0.009,0.022,-1,Echolocation,/mnt/ubna_data_02_mir/recover-20221013/UBNA_001/20221012_030000.WAV,Telephone Field,recover-20221013,001,1795
1208.4475,1208.4579,28046,36734,Eptesicus serotinus,0.01,0.022,-1,Echolocation,/mnt/ubna_data_02_mir/recover-20221013/UBNA_001/20221012_030000.WAV,Telephone Field,recover-20221013,001,1795
1208.4555,1208.4931,68437,81751,Rhinolophus ferrumequinum,0.025,0.026,-1,Echolocation,/mnt/ubna_data_02_mir/recover-20221013/UBNA_001/20221012_030000.WAV,Telephone Field,recover-20221013,001,1795
1208.4755,1208.5132,68437,81727,Rhinolophus ferrumequinum,0.025,0.025,-1,Echolocation,/mnt/ubna_data_02_mir/recover-20221013/UBNA_001/20221012_030000.WAV,Telephone Field,recover-20221013,001,1795
1208.4865,1208.5258,68437,82322,Rhinolophus ferrumequinum,0.023,0.023,-1,Echolocation,/mnt/ubna_data_02_mir/recover-20221013/UBNA_001/20221012_030000.WAV,Telephone Field,recover-20221013,001,1795
1208.5005,1208.5384,68437,82223,Rhinolophus ferrumequinum,0.022,0.022,-1,Echolocation,/mnt/ubna_data_02_mir/recover-20221013/UBNA_001/20221012_030000.WAV,Telephone Field,recover-20221013,001,1795
1208.5145,1208.5527,68437,82369,Rhinolophus ferrumequinum,0.025,0.025,-1,Echolocation,/mnt/ubna_data_02_mir/recover-20221013/UBNA_001/20221012_030000.WAV,Telephone Field,recover-20221013,001,1795
1208.5735,1208.6161,68437,82270,Rhinolophus ferrumequinum,0.022,0.022,-1,Echolocation,/mnt/ubna_data_02_mir/recover-20221013/UBNA_001/20221012_030000.WAV,Telephone Field,recover-20221013,001,1795
1208.5955,1208.6342,68437,82400,Rhinolophus ferrumequinum,0.022,0.022,-1,Echolocation,/mnt/ubna_data_02_mir/recover-20221013/UBNA_001/20221012_030000.WAV,Telephone Field,recover-20221013,001,1795
1208.6375,1208.6757,68437,82096,Rhinolophus ferrumequinum,0.029,0.029,-1,Echolocation,/mnt/ubna_data_02_mir/recover-20221013/UBNA_001/20221012_030000.WAV,Telephone Field,recover-20221013,001,1795
1208.6645,1208.7033,68437,82268,Rhinolophus ferrumequinum,0.024,0.024,-1,Echolocation,/mnt/ubna_data_02_mir/recover-20221013/UBNA_001/20221012_030000.WAV,Telephone Field,recover-20221013,001,1795
1208.7365,1208.7764,68437,82832,Rhinolophus ferrumequinum,0.024,0.024,-1,Echolocation,/mnt/ubna_data_02_mir/recover-20221013/UBNA_001/20221012_030000.WAV,Telephone Field,recover-20221013,001,1795
1208.7505,1208.7921,68437,83025,Rhinolophus ferrumequinum,0.023,0.023,-1,Echolocation,/mnt/ubna_data_02_mir/recover-20221013/UBNA_001/20221012_030000.WAV,Telephone Field,recover-20221013,001,1795
1208.7855,1208.794,27187,39093,Eptesicus serotinus,0.007,0.024,-1,Echolocation,/mnt/ubna_data_02_mir/recover-20221013/UBNA_001/20221012_030000.WAV,Telephone Field,recover-20221013,001,1795
1208.8245,1208.8412,21171,24097,Nyctalus leisleri,0.014,0.021,-1,Echolocation,/mnt/ubna_data_02_mir/recover-20221013/UBNA_001/20221012_030000.WAV,Telephone Field,recover-20221013,001,1795
1208.8265,1208.8654,68437,81732,Rhinolophus ferrumequinum,0.022,0.022,-1,Echolocation,/mnt/ubna_data_02_mir/recover-20221013/UBNA_001/20221012_030000.WAV,Telephone Field,recover-20221013,001,1795
1208.8605,1208.873,24609,29432,Nyctalus leisleri,0.014,0.03,-1,Echolocation,/mnt/ubna_data_02_mir/recover-20221013/UBNA_001/20221012_030000.WAV,Telephone Field,recover-20221013,001,1795
1208.8635,1208.8994,68437,81663,Rhinolophus ferrumequinum,0.021,0.021,-1,Echolocation,/mnt/ubna_data_02_mir/recover-20221013/UBNA_001/20221012_030000.WAV,Telephone Field,recover-20221013,001,1795
1208.8865,1208.896,28906,36102,Eptesicus serotinus,0.01,0.025,-1,Echolocation,/mnt/ubna_data_02_mir/recover-20221013/UBNA_001/20221012_030000.WAV,Telephone Field,recover-20221013,001,1795
1208.8905,1208.9302,68437,82515,Rhinolophus ferrumequinum,0.021,0.021,-1,Echolocation,/mnt/ubna_data_02_mir/recover-20221013/UBNA_001/20221012_030000.WAV,Telephone Field,recover-20221013,001,1795
1208.9495,1208.9878,68437,81629,Rhinolophus ferrumequinum,0.022,0.022,-1,Echolocation,/mnt/ubna_data_02_mir/recover-20221013/UBNA_001/20221012_030000.WAV,Telephone Field,recover-20221013,001,1795
1208.9725,1209.0106,68437,82140,Rhinolophus ferrumequinum,0.024,0.024,-1,Echolocation,/mnt/ubna_data_02_mir/recover-20221013/UBNA_001/20221012_030000.WAV,Telephone Field,recover-20221013,001,1795
1208.9835,1209.0230999999999,68437,82511,Rhinolophus ferrumequinum,0.021,0.021,-1,Echolocation,/mnt/ubna_data_02_mir/recover-20221013/UBNA_001/20221012_030000.WAV,Telephone Field,recover-20221013,001,1795
1209.0285,1209.0682,68437,82499,Rhinolophus ferrumequinum,0.026,0.026,-1,Echolocation,/mnt/ubna_data_02_mir/recover-20221013/UBNA_001/20221012_030000.WAV,Telephone Field,recover-20221013,001,1795
1209.0475,1209.056,27187,36359,Eptesicus serotinus,0.011,0.026,-1,Echolocation,/mnt/ubna_data_02_mir/recover-20221013/UBNA_001/20221012_030000.WAV,Telephone Field,recover-20221013,001,1795
1209.0725,1209.0809,44375,50668,Pipistrellus pipistrellus,0.02,0.022,-1,Echolocation,/mnt/ubna_data_02_mir/recover-20221013/UBNA_001/20221012_030000.WAV,Telephone Field,recover-20221013,001,1795
1209.0735,1209.1123,68437,82223,Rhinolophus ferrumequinum,0.021,0.021,-1,Echolocation,/mnt/ubna_data_02_mir/recover-20221013/UBNA_001/20221012_030000.WAV,Telephone Field,recover-20221013,001,1795
1209.1105,1209.1513,68437,82997,Rhinolophus ferrumequinum,0.032,0.032,-1,Echolocation,/mnt/ubna_data_02_mir/recover-20221013/UBNA_001/20221012_030000.WAV,Telephone Field,recover-20221013,001,1795
1209.1525,1209.1918,68437,82388,Rhinolophus ferrumequinum,0.021,0.021,-1,Echolocation,/mnt/ubna_data_02_mir/recover-20221013/UBNA_001/20221012_030000.WAV,Telephone Field,recover-20221013,001,1795
1209.1775,1209.1892,22031,26377,Nyctalus leisleri,0.011,0.021,-1,Echolocation,/mnt/ubna_data_02_mir/recover-20221013/UBNA_001/20221012_030000.WAV,Telephone Field,recover-20221013,001,1795
1209.2075,1209.249,68437,82629,Rhinolophus ferrumequinum,0.023,0.023,-1,Echolocation,/mnt/ubna_data_02_mir/recover-20221013/UBNA_001/20221012_030000.WAV,Telephone Field,recover-20221013,001,1795
1209.2345,1209.271,68437,81549,Rhinolophus ferrumequinum,0.022,0.022,-1,Echolocation,/mnt/ubna_data_02_mir/recover-20221013/UBNA_001/20221012_030000.WAV,Telephone Field,recover-20221013,001,1795
1209.2445,1209.2824,68437,81068,Rhinolophus ferrumequinum,0.022,0.022,-1,Echolocation,/mnt/ubna_data_02_mir/recover-20221013/UBNA_001/20221012_030000.WAV,Telephone Field,recover-20221013,001,1795
1209.2755,1209.3138,68437,82112,Rhinolophus ferrumequinum,0.025,0.025,-1,Echolocation,/mnt/ubna_data_02_mir/recover-20221013/UBNA_001/20221012_030000.WAV,Telephone Field,recover-20221013,001,1795
1209.2825,1209.3233,68437,82736,Rhinolophus ferrumequinum,0.024,0.024,-1,Echolocation,/mnt/ubna_data_02_mir/recover-20221013/UBNA_001/20221012_030000.WAV,Telephone Field,recover-20221013,001,1795
1209.2985,1209.306,27187,39076,Eptesicus serotinus,0.007,0.024,-1,Echolocation,/mnt/ubna_data_02_mir/recover-20221013/UBNA_001/20221012_030000.WAV,Telephone Field,recover-20221013,001,1795
1209.3085,1209.3199,23750,29529,Nyctalus leisleri,0.009,0.021,-1,Echolocation,/mnt/ubna_data_02_mir/recover-20221013/UBNA_001/20221012_030000.WAV,Telephone Field,recover-20221013,001,1795
1209.3325,1209.3436,28906,36677,Eptesicus serotinus,0.011,0.024,-1,Echolocation,/mnt/ubna_data_02_mir/recover-20221013/UBNA_001/20221012_030000.WAV,Telephone Field,recover-20221013,001,1795
1209.3465,1209.385,68437,82209,Rhinolophus ferrumequinum,0.021,0.021,-1,Echolocation,/mnt/ubna_data_02_mir/recover-20221013/UBNA_001/20221012_030000.WAV,Telephone Field,recover-20221013,001,1795
1209.3825,1209.4198,68437,81815,Rhinolophus ferrumequinum,0.021,0.021,-1,Echolocation,/mnt/ubna_data_02_mir/recover-20221013/UBNA_001/20221012_030000.WAV,Telephone Field,recover-20221013,001,1795
1209.4085,1209.4469,68437,82076,Rhinolophus ferrumequinum,0.022,0.022,-1,Echolocation,/mnt/ubna_data_02_mir/recover-20221013/UBNA_001/20221012_030000.WAV,Telephone Field,recover-20221013,001,1795
1209.4415,1209.4813,68437,82217,Rhinolophus ferrumequinum,0.021,0.021,-1,Echolocation,/mnt/ubna_data_02_mir/recover-20221013/UBNA_001/20221012_030000.WAV,Telephone Field,recover-20221013,001,1795
1209.4845,1209.5246,68437,82159,Rhinolophus ferrumequinum,0.021,0.021,-1,Echolocation,/mnt/ubna_data_02_mir/recover-20221013/UBNA_001/20221012_030000.WAV,Telephone Field,recover-20221013,001,1795
1209.5105,1209.5212,22890,28895,Nyctalus leisleri,0.013,0.032,-1,Echolocation,/mnt/ubna_data_02_mir/recover-20221013/UBNA_001/20221012_030000.WAV,Telephone Field,recover-20221013,001,1795
1209.5275,1209.5714,68437,83637,Rhinolophus ferrumequinum,0.042,0.042,-1,Echolocation,/mnt/ubna_data_02_mir/recover-20221013/UBNA_001/20221012_030000.WAV,Telephone Field,recover-20221013,001,1795
1209.5745,1209.6109,68437,81692,Rhinolophus ferrumequinum,0.022,0.022,-1,Echolocation,/mnt/ubna_data_02_mir/recover-20221013/UBNA_001/20221012_030000.WAV,Telephone Field,recover-20221013,001,1795
1209.5835,1209.621,68437,81964,Rhinolophus ferrumequinum,0.021,0.021,-1,Echolocation,/mnt/ubna_data_02_mir/recover-20221013/UBNA_001/20221012_030000.WAV,Telephone Field,recover-20221013,001,1795
1209.5845,1209.5934,45234,54821,Pipistrellus pipistrellus,0.015,0.022,-1,Echolocation,/mnt/ubna_data_02_mir/recover-20221013/UBNA_001/20221012_030000.WAV,Telephone Field,recover-20221013,001,1795
1209.6245,1209.6637,68437,82302,Rhinolophus ferrumequinum,0.041,0.041,-1,Echolocation,/mnt/ubna_data_02_mir/recover-20221013/UBNA_001/20221012_030000.WAV,Telephone Field,recover-20221013,001,1795
1209.6705,1209.6793,28046,38164,Eptesicus serotinus,0.014,0.03,-1,Echolocation,/mnt/ubna_data_02_mir/recover-20221013/UBNA_001/20221012_030000.WAV,Telephone Field,recover-20221013,001,1795
1209.6715,1209.7107,68437,82546,Rhinolophus ferrumequinum,0.021,0.021,-1,Echolocation,/mnt/ubna_data_02_mir/recover-20221013/UBNA_001/20221012_030000.WAV,Telephone Field,recover-20221013,001,1795
1209.6845,1209.7222,68437,81789,Rhinolophus ferrumequinum,0.021,0.021,-1,Echolocation,/mnt/ubna_data_02_mir/recover-20221013/UBNA_001/20221012_030000.WAV,Telephone Field,recover-20221013,001,1795
1209.6855,1209.6961,22890,27357,Nyctalus leisleri,0.012,0.022,-1,Echolocation,/mnt/ubna_data_02_mir/recover-20221013/UBNA_001/20221012_030000.WAV,Telephone Field,recover-20221013,001,1795
1209.6945,1209.7322,68437,82277,Rhinolophus ferrumequinum,0.021,0.021,-1,Echolocation,/mnt/ubna_data_02_mir/recover-20221013/UBNA_001/20221012_030000.WAV,Telephone Field,recover-20221013,001,1795
1209.7855,1209.7983,28906,35779,Eptesicus serotinus,0.018,0.031,-1,Echolocation,/mnt/ubna_data_02_mir/recover-20221013/UBNA_001/20221012_030000.WAV,Telephone Field,recover-20221013,001,1795
1209.8035,1209.8442,68437,82918,Rhinolophus ferrumequinum,0.028,0.028,-1,Echolocation,/mnt/ubna_data_02_mir/recover-20221013/UBNA_001/20221012_030000.WAV,Telephone Field,recover-20221013,001,1795
1209.8395,1209.8475,22890,30332,Plecotus austriacus,0.01,0.023,-1,Echolocation,/mnt/ubna_data_02_mir/recover-20221013/UBNA_001/20221012_030000.WAV,Telephone Field,recover-20221013,001,1795
1209.8545,1209.8656,26328,32404,Eptesicus serotinus,0.016,0.036,-1,Echolocation,/mnt/ubna_data_02_mir/recover-20221013/UBNA_001/20221012_030000.WAV,Telephone Field,recover-20221013,001,1795
1209.8595,1209.899,68437,81962,Rhinolophus ferrumequinum,0.023,0.023,-1,Echolocation,/mnt/ubna_data_02_mir/recover-20221013/UBNA_001/20221012_030000.WAV,Telephone Field,recover-20221013,001,1795
1209.8775,1209.8846,24609,33665,Plecotus austriacus,0.01,0.025,-1,Echolocation,/mnt/ubna_data_02_mir/recover-20221013/UBNA_001/20221012_030000.WAV,Telephone Field,recover-20221013,001,1795
1209.8785,1209.9138,68437,81828,Rhinolophus ferrumequinum,0.021,0.021,-1,Echolocation,/mnt/ubna_data_02_mir/recover-20221013/UBNA_001/20221012_030000.WAV,Telephone Field,recover-20221013,001,1795
1209.9395,1209.976,68437,81069,Rhinolophus ferrumequinum,0.021,0.021,-1,Echolocation,/mnt/ubna_data_02_mir/recover-20221013/UBNA_001/20221012_030000.WAV,Telephone Field,recover-20221013,001,1795
1210.0015,1210.0121,47812,52094,Pipistrellus pipistrellus,0.026,0.033,-1,Echolocation,/mnt/ubna_data_02_mir/recover-20221013/UBNA_001/20221012_030000.WAV,Telephone Field,recover-20221013,001,1795
1210.0015,1210.0332,69296,81135,Rhinolophus ferrumequinum,0.027,0.027,-1,Echolocation,/mnt/ubna_data_02_mir/recover-20221013/UBNA_001/20221012_030000.WAV,Telephone Field,recover-20221013,001,1795
1210.0015,1210.0101,25468,33946,Nyctalus leisleri,0.009,0.029,-1,Echolocation,/mnt/ubna_data_02_mir/recover-20221013/UBNA_001/20221012_030000.WAV,Telephone Field,recover-20221013,001,1795
1210.0295,1210.0692,68437,82281,Rhinolophus ferrumequinum,0.024,0.024,-1,Echolocation,/mnt/ubna_data_02_mir/recover-20221013/UBNA_001/20221012_030000.WAV,Telephone Field,recover-20221013,001,1795
1210.0805,1210.0885,23750,32517,Plecotus austriacus,0.008,0.023,-1,Echolocation,/mnt/ubna_data_02_mir/recover-20221013/UBNA_001/20221012_030000.WAV,Telephone Field,recover-20221013,001,1795
1210.0835,1210.091,28046,41340,Eptesicus serotinus,0.007,0.024,-1,Echolocation,/mnt/ubna_data_02_mir/recover-20221013/UBNA_001/20221012_030000.WAV,Telephone Field,recover-20221013,001,1795
1210.0885,1210.1279,68437,81776,Rhinolophus ferrumequinum,0.025,0.025,-1,Echolocation,/mnt/ubna_data_02_mir/recover-20221013/UBNA_001/20221012_030000.WAV,Telephone Field,recover-20221013,001,1795
1210.0935,1210.1293,68437,80640,Rhinolophus ferrumequinum,0.025,0.025,-1,Echolocation,/mnt/ubna_data_02_mir/recover-20221013/UBNA_001/20221012_030000.WAV,Telephone Field,recover-20221013,001,1795
1210.1055,1210.1156,27187,35127,Eptesicus serotinus,0.013,0.026,-1,Echolocation,/mnt/ubna_data_02_mir/recover-20221013/UBNA_001/20221012_030000.WAV,Telephone Field,recover-20221013,001,1795
1210.1085,1210.1472,68437,82116,Rhinolophus ferrumequinum,0.021,0.021,-1,Echolocation,/mnt/ubna_data_02_mir/recover-20221013/UBNA_001/20221012_030000.WAV,Telephone Field,recover-20221013,001,1795
1210.1115,1210.1239,48671,52260,Pipistrellus pipistrellus,0.02,0.024,-1,Echolocation,/mnt/ubna_data_02_mir/recover-20221013/UBNA_001/20221012_030000.WAV,Telephone Field,recover-20221013,001,1795
1210.1275,1210.1658,68437,82174,Rhinolophus ferrumequinum,0.022,0.022,-1,Echolocation,/mnt/ubna_data_02_mir/recover-20221013/UBNA_001/20221012_030000.WAV,Telephone Field,recover-20221013,001,1795
1210.1455,1210.1837,68437,82397,Rhinolophus ferrumequinum,0.022,0.022,-1,Echolocation,/mnt/ubna_data_02_mir/recover-20221013/UBNA_001/20221012_030000.WAV,Telephone Field,recover-20221013,001,1795
1210.1525,1210.1894,68437,81863,Rhinolophus ferrumequinum,0.022,0.022,-1,Echolocation,/mnt/ubna_data_02_mir/recover-20221013/UBNA_001/20221012_030000.WAV,Telephone Field,recover-20221013,001,1795
1210.1545,1210.1684,22890,27237,Nyctalus leisleri,0.013,0.023,-1,Echolocation,/mnt/ubna_data_02_mir/recover-20221013/UBNA_001/20221012_030000.WAV,Telephone Field,recover-20221013,001,1795
1210.1925,1210.2294,68437,81969,Rhinolophus ferrumequinum,0.023,0.023,-1,Echolocation,/mnt/ubna_data_02_mir/recover-20221013/UBNA_001/20221012_030000.WAV,Telephone Field,recover-20221013,001,1795
1210.2065,1210.227,15156,18785,Nyctalus noctula,0.015,0.024,-1,Echolocation,/mnt/ubna_data_02_mir/recover-20221013/UBNA_001/20221012_030000.WAV,Telephone Field,recover-20221013,001,1795
1210.2295,1210.2703,68437,82802,Rhinolophus ferrumequinum,0.03,0.03,-1,Echolocation,/mnt/ubna_data_02_mir/recover-20221013/UBNA_001/20221012_030000.WAV,Telephone Field,recover-20221013,001,1795
1210.2365,1210.2766,68437,83017,Rhinolophus ferrumequinum,0.026,0.026,-1,Echolocation,/mnt/ubna_data_02_mir/recover-20221013/UBNA_001/20221012_030000.WAV,Telephone Field,recover-20221013,001,1795
1210.2475,1210.2568,25468,33827,Eptesicus serotinus,0.008,0.023,-1,Echolocation,/mnt/ubna_data_02_mir/recover-20221013/UBNA_001/20221012_030000.WAV,Telephone Field,recover-20221013,001,1795
1210.2555,1210.263,28046,41051,Eptesicus serotinus,0.008,0.028,-1,Echolocation,/mnt/ubna_data_02_mir/recover-20221013/UBNA_001/20221012_030000.WAV,Telephone Field,recover-20221013,001,1795
1210.3075,1210.3159,28046,39282,Eptesicus serotinus,0.009,0.026,-1,Echolocation,/mnt/ubna_data_02_mir/recover-20221013/UBNA_001/20221012_030000.WAV,Telephone Field,recover-20221013,001,1795
1210.3385,1210.3509,44375,47947,Pipistrellus pipistrellus,0.022,0.028,-1,Echolocation,/mnt/ubna_data_02_mir/recover-20221013/UBNA_001/20221012_030000.WAV,Telephone Field,recover-20221013,001,1795
1210.3445,1210.3533,23750,30689,Plecotus austriacus,0.007,0.022,-1,Echolocation,/mnt/ubna_data_02_mir/recover-20221013/UBNA_001/20221012_030000.WAV,Telephone Field,recover-20221013,001,1795
1210.3575,1210.4022,68437,83776,Rhinolophus ferrumequinum,0.062,0.062,-1,Echolocation,/mnt/ubna_data_02_mir/recover-20221013/UBNA_001/20221012_030000.WAV,Telephone Field,recover-20221013,001,1795
1210.3815,1210.4186,68437,81816,Rhinolophus ferrumequinum,0.023,0.023,-1,Echolocation,/mnt/ubna_data_02_mir/recover-20221013/UBNA_001/20221012_030000.WAV,Telephone Field,recover-20221013,001,1795
1210.4075,1210.4252,19453,22331,Nyctalus leisleri,0.013,0.024,-1,Echolocation,/mnt/ubna_data_02_mir/recover-20221013/UBNA_001/20221012_030000.WAV,Telephone Field,recover-20221013,001,1795
1210.4115,1210.4507,68437,82119,Rhinolophus ferrumequinum,0.022,0.022,-1,Echolocation,/mnt/ubna_data_02_mir/recover-20221013/UBNA_001/20221012_030000.WAV,Telephone Field,recover-20221013,001,1795
1210.4385,1210.4456,28046,41237,Eptesicus serotinus,0.006,0.021,-1,Echolocation,/mnt/ubna_data_02_mir/recover-20221013/UBNA_001/20221012_030000.WAV,Telephone Field,recover-20221013,001,1795
1210.4535,1210.4901,68437,81586,Rhinolophus ferrumequinum,0.022,0.022,-1,Echolocation,/mnt/ubna_data_02_mir/recover-20221013/UBNA_001/20221012_030000.WAV,Telephone Field,recover-20221013,001,1795
1210.4645,1210.5014,68437,81785,Rhinolophus ferrumequinum,0.025,0.025,-1,Echolocation,/mnt/ubna_data_02_mir/recover-20221013/UBNA_001/20221012_030000.WAV,Telephone Field,recover-20221013,001,1795
1210.4845,1210.5197,68437,81627,Rhinolophus ferrumequinum,0.021,0.022,-1,Echolocation,/mnt/ubna_data_02_mir/recover-20221013/UBNA_001/20221012_030000.WAV,Telephone Field,recover-20221013,001,1795
1210.5295,1210.5678,68437,82122,Rhinolophus ferrumequinum,0.021,0.021,-1,Echolocation,/mnt/ubna_data_02_mir/recover-20221013/UBNA_001/20221012_030000.WAV,Telephone Field,recover-20221013,001,1795
1210.5325,1210.5409,26328,37508,Eptesicus serotinus,0.009,0.026,-1,Echolocation,/mnt/ubna_data_02_mir/recover-20221013/UBNA_001/20221012_030000.WAV,Telephone Field,recover-20221013,001,1795
1210.5335,1210.5399,33203,43116,Myotis daubentonii,0.01,0.024,-1,Echolocation,/mnt/ubna_data_02_mir/recover-20221013/UBNA_001/20221012_030000.WAV,Telephone Field,recover-20221013,001,1795
1210.5455,1210.5858,68437,81948,Rhinolophus ferrumequinum,0.022,0.022,-1,Echolocation,/mnt/ubna_data_02_mir/recover-20221013/UBNA_001/20221012_030000.WAV,Telephone Field,recover-20221013,001,1795
1210.5545,1210.5962,68437,82801,Rhinolophus ferrumequinum,0.023,0.023,-1,Echolocation,/mnt/ubna_data_02_mir/recover-20221013/UBNA_001/20221012_030000.WAV,Telephone Field,recover-20221013,001,1795
1210.5635,1210.5737,28046,36591,Eptesicus serotinus,0.012,0.026,-1,Echolocation,/mnt/ubna_data_02_mir/recover-20221013/UBNA_001/20221012_030000.WAV,Telephone Field,recover-20221013,001,1795
1210.5725,1210.6141,68437,82879,Rhinolophus ferrumequinum,0.022,0.022,-1,Echolocation,/mnt/ubna_data_02_mir/recover-20221013/UBNA_001/20221012_030000.WAV,Telephone Field,recover-20221013,001,1795
1210.5975,1210.6335,68437,81206,Rhinolophus ferrumequinum,0.023,0.023,-1,Echolocation,/mnt/ubna_data_02_mir/recover-20221013/UBNA_001/20221012_030000.WAV,Telephone Field,recover-20221013,001,1795
1210.6015,1210.6096,28046,39017,Eptesicus serotinus,0.006,0.024,-1,Echolocation,/mnt/ubna_data_02_mir/recover-20221013/UBNA_001/20221012_030000.WAV,Telephone Field,recover-20221013,001,1795
1210.6135,1210.6275,22031,25579,Nyctalus leisleri,0.017,0.03,-1,Echolocation,/mnt/ubna_data_02_mir/recover-20221013/UBNA_001/20221012_030000.WAV,Telephone Field,recover-20221013,001,1795
1210.6315,1210.673,68437,82709,Rhinolophus ferrumequinum,0.035,0.035,-1,Echolocation,/mnt/ubna_data_02_mir/recover-20221013/UBNA_001/20221012_030000.WAV,Telephone Field,recover-20221013,001,1795
1210.6595,1210.6983,68437,82966,Rhinolophus ferrumequinum,0.023,0.023,-1,Echolocation,/mnt/ubna_data_02_mir/recover-20221013/UBNA_001/20221012_030000.WAV,Telephone Field,recover-20221013,001,1795
1210.6765,1210.7168,68437,82647,Rhinolophus ferrumequinum,0.022,0.022,-1,Echolocation,/mnt/ubna_data_02_mir/recover-20221013/UBNA_001/20221012_030000.WAV,Telephone Field,recover-20221013,001,1795
1210.6805,1210.6878,23750,32615,Plecotus austriacus,0.009,0.023,-1,Echolocation,/mnt/ubna_data_02_mir/recover-20221013/UBNA_001/20221012_030000.WAV,Telephone Field,recover-20221013,001,1795
1210.6915,1210.7313,68437,82464,Rhinolophus ferrumequinum,0.024,0.024,-1,Echolocation,/mnt/ubna_data_02_mir/recover-20221013/UBNA_001/20221012_030000.WAV,Telephone Field,recover-20221013,001,1795
1210.7315,1210.7704,68437,82122,Rhinolophus ferrumequinum,0.022,0.022,-1,Echolocation,/mnt/ubna_data_02_mir/recover-20221013/UBNA_001/20221012_030000.WAV,Telephone Field,recover-20221013,001,1795
1210.7575,1210.7935,68437,81535,Rhinolophus ferrumequinum,0.024,0.024,-1,Echolocation,/mnt/ubna_data_02_mir/recover-20221013/UBNA_001/20221012_030000.WAV,Telephone Field,recover-20221013,001,1795
1210.7905,1210.7984,23750,32297,Plecotus austriacus,0.008,0.021,-1,Echolocation,/mnt/ubna_data_02_mir/recover-20221013/UBNA_001/20221012_030000.WAV,Telephone Field,recover-20221013,001,1795
1210.7995,1210.8142,51250,55505,Pipistrellus pipistrellus,0.022,0.038,-1,Echolocation,/mnt/ubna_data_02_mir/recover-20221013/UBNA_001/20221012_030000.WAV,Telephone Field,recover-20221013,001,1795
1210.8625,1210.8733,45234,48937,Pipistrellus pipistrellus,0.019,0.021,-1,Echolocation,/mnt/ubna_data_02_mir/recover-20221013/UBNA_001/20221012_030000.WAV,Telephone Field,recover-20221013,001,1795
1210.9005,1210.9404,68437,81953,Rhinolophus ferrumequinum,0.022,0.023,-1,Echolocation,/mnt/ubna_data_02_mir/recover-20221013/UBNA_001/20221012_030000.WAV,Telephone Field,recover-20221013,001,1795
1210.9145,1210.926,22890,27536,Nyctalus leisleri,0.012,0.022,-1,Echolocation,/mnt/ubna_data_02_mir/recover-20221013/UBNA_001/20221012_030000.WAV,Telephone Field,recover-20221013,001,1795
1210.9395,1210.9496,28906,35327,Eptesicus serotinus,0.01,0.023,-1,Echolocation,/mnt/ubna_data_02_mir/recover-20221013/UBNA_001/20221012_030000.WAV,Telephone Field,recover-20221013,001,1795
1210.9425,1210.9795,68437,82171,Rhinolophus ferrumequinum,0.022,0.022,-1,Echolocation,/mnt/ubna_data_02_mir/recover-20221013/UBNA_001/20221012_030000.WAV,Telephone Field,recover-20221013,001,1795
1210.9575,1210.9978,68437,82703,Rhinolophus ferrumequinum,0.021,0.021,-1,Echolocation,/mnt/ubna_data_02_mir/recover-20221013/UBNA_001/20221012_030000.WAV,Telephone Field,recover-20221013,001,1795
1210.9785,1210.9883,27187,34469,Eptesicus serotinus,0.011,0.026,-1,Echolocation,/mnt/ubna_data_02_mir/recover-20221013/UBNA_001/20221012_030000.WAV,Telephone Field,recover-20221013,001,1795
1211.0215,1211.0276,47812,53107,Pipistrellus pipistrellus,0.027,0.028,-1,Echolocation,/mnt/ubna_data_02_mir/recover-20221013/UBNA_001/20221012_030000.WAV,Telephone Field,recover-20221013,001,1795
1211.0435,1211.0821,68437,82634,Rhinolophus ferrumequinum,0.028,0.028,-1,Echolocation,/mnt/ubna_data_02_mir/recover-20221013/UBNA_001/20221012_030000.WAV,Telephone Field,recover-20221013,001,1795
1211.0535,1211.0922,68437,82249,Rhinolophus ferrumequinum,0.025,0.025,-1,Echolocation,/mnt/ubna_data_02_mir/recover-20221013/UBNA_001/20221012_030000.WAV,Telephone Field,recover-20221013,001,1795
1211.0555,1211.0615,46093,51875,Pipistrellus pipistrellus,0.027,0.029,-1,Echolocation,/mnt/ubna_data_02_mir/recover-20221013/UBNA_001/20221012_030000.WAV,Telephone Field,recover-20221013,001,1795
1211.0825,1211.1194,68437,81620,Rhinolophus ferrumequinum,0.023,0.023,-1,Echolocation,/mnt/ubna_data_02_mir/recover-20221013/UBNA_001/20221012_030000.WAV,Telephone Field,recover-20221013,001,1795
1211.0985,1211.1363,68437,81648,Rhinolophus ferrumequinum,0.023,0.023,-1,Echolocation,/mnt/ubna_data_02_mir/recover-20221013/UBNA_001/20221012_030000.WAV,Telephone Field,recover-20221013,001,1795
1211.1235,1211.1622,68437,82510,Rhinolophus ferrumequinum,0.035,0.035,-1,Echolocation,/mnt/ubna_data_02_mir/recover-20221013/UBNA_001/20221012_030000.WAV,Telephone Field,recover-20221013,001,1795
1211.1555,1211.1979,68437,82775,Rhinolophus ferrumequinum,0.028,0.028,-1,Echolocation,/mnt/ubna_data_02_mir/recover-20221013/UBNA_001/20221012_030000.WAV,Telephone Field,recover-20221013,001,1795
1211.1665,1211.2044,68437,82684,Rhinolophus ferrumequinum,0.021,0.021,-1,Echolocation,/mnt/ubna_data_02_mir/recover-20221013/UBNA_001/20221012_030000.WAV,Telephone Field,recover-20221013,001,1795
1211.2385,1211.246,28046,38620,Eptesicus serotinus,0.006,0.021,-1,Echolocation,/mnt/ubna_data_02_mir/recover-20221013/UBNA_001/20221012_030000.WAV,Telephone Field,recover-20221013,001,1795
1211.2505,1211.2584,28046,39332,Eptesicus serotinus,0.008,0.023,-1,Echolocation,/mnt/ubna_data_02_mir/recover-20221013/UBNA_001/20221012_030000.WAV,Telephone Field,recover-20221013,001,1795
1211.2595,1211.2976,68437,82463,Rhinolophus ferrumequinum,0.022,0.022,-1,Echolocation,/mnt/ubna_data_02_mir/recover-20221013/UBNA_001/20221012_030000.WAV,Telephone Field,recover-20221013,001,1795
1211.2795,1211.2886,27187,34747,Eptesicus serotinus,0.013,0.03,-1,Echolocation,/mnt/ubna_data_02_mir/recover-20221013/UBNA_001/20221012_030000.WAV,Telephone Field,recover-20221013,001,1795
1211.3215,1211.3637,68437,83478,Rhinolophus ferrumequinum,0.037,0.037,-1,Echolocation,/mnt/ubna_data_02_mir/recover-20221013/UBNA_001/20221012_030000.WAV,Telephone Field,recover-20221013,001,1795
1211.3475,1211.3581,22890,27376,Nyctalus leisleri,0.011,0.021,-1,Echolocation,/mnt/ubna_data_02_mir/recover-20221013/UBNA_001/20221012_030000.WAV,Telephone Field,recover-20221013,001,1795
1211.3475,1211.3893,68437,82223,Rhinolophus ferrumequinum,0.023,0.023,-1,Echolocation,/mnt/ubna_data_02_mir/recover-20221013/UBNA_001/20221012_030000.WAV,Telephone Field,recover-20221013,001,1795
1211.3665,1211.3828,22031,25432,Nyctalus leisleri,0.054,0.098,-1,Echolocation,/mnt/ubna_data_02_mir/recover-20221013/UBNA_001/20221012_030000.WAV,Telephone Field,recover-20221013,001,1795
1211.4075,1211.4449,68437,81783,Rhinolophus ferrumequinum,0.022,0.022,-1,Echolocation,/mnt/ubna_data_02_mir/recover-20221013/UBNA_001/20221012_030000.WAV,Telephone Field,recover-20221013,001,1795
1211.4405,1211.4478,27187,40633,Eptesicus serotinus,0.006,0.022,-1,Echolocation,/mnt/ubna_data_02_mir/recover-20221013/UBNA_001/20221012_030000.WAV,Telephone Field,recover-20221013,001,1795
1211.4545,1211.4963,68437,82642,Rhinolophus ferrumequinum,0.042,0.042,-1,Echolocation,/mnt/ubna_data_02_mir/recover-20221013/UBNA_001/20221012_030000.WAV,Telephone Field,recover-20221013,001,1795
1211.4665,1211.478,30625,36553,Eptesicus serotinus,0.03,0.057,-1,Echolocation,/mnt/ubna_data_02_mir/recover-20221013/UBNA_001/20221012_030000.WAV,Telephone Field,recover-20221013,001,1795
1211.5235,1211.5634,68437,82158,Rhinolophus ferrumequinum,0.023,0.023,-1,Echolocation,/mnt/ubna_data_02_mir/recover-20221013/UBNA_001/20221012_030000.WAV,Telephone Field,recover-20221013,001,1795
1211.5375,1211.5479,22890,27258,Nyctalus leisleri,0.012,0.022,-1,Echolocation,/mnt/ubna_data_02_mir/recover-20221013/UBNA_001/20221012_030000.WAV,Telephone Field,recover-20221013,001,1795
1211.5395,1211.5486,28906,36329,Eptesicus serotinus,0.007,0.021,-1,Echolocation,/mnt/ubna_data_02_mir/recover-20221013/UBNA_001/20221012_030000.WAV,Telephone Field,recover-20221013,001,1795
1211.5565,1211.5661,23750,30830,Nyctalus leisleri,0.009,0.022,-1,Echolocation,/mnt/ubna_data_02_mir/recover-20221013/UBNA_001/20221012_030000.WAV,Telephone Field,recover-20221013,001,1795
1211.5625,1211.6026,68437,82618,Rhinolophus ferrumequinum,0.023,0.023,-1,Echolocation,/mnt/ubna_data_02_mir/recover-20221013/UBNA_001/20221012_030000.WAV,Telephone Field,recover-20221013,001,1795
1211.5725,1211.5817,28046,36853,Eptesicus serotinus,0.009,0.024,-1,Echolocation,/mnt/ubna_data_02_mir/recover-20221013/UBNA_001/20221012_030000.WAV,Telephone Field,recover-20221013,001,1795
1211.6155,1211.6507,68437,81243,Rhinolophus ferrumequinum,0.023,0.023,-1,Echolocation,/mnt/ubna_data_02_mir/recover-20221013/UBNA_001/20221012_030000.WAV,Telephone Field,recover-20221013,001,1795
1211.6205,1211.6547,68437,80799,Rhinolophus ferrumequinum,0.022,0.022,-1,Echolocation,/mnt/ubna_data_02_mir/recover-20221013/UBNA_001/20221012_030000.WAV,Telephone Field,recover-20221013,001,1795
1211.6435,1211.6828,68437,82221,Rhinolophus ferrumequinum,0.023,0.023,-1,Echolocation,/mnt/ubna_data_02_mir/recover-20221013/UBNA_001/20221012_030000.WAV,Telephone Field,recover-20221013,001,1795
1211.6455,1211.6541,27187,37421,Eptesicus serotinus,0.008,0.021,-1,Echolocation,/mnt/ubna_data_02_mir/recover-20221013/UBNA_001/20221012_030000.WAV,Telephone Field,recover-20221013,001,1795
1211.6735,1211.7133,68437,82539,Rhinolophus ferrumequinum,0.026,0.026,-1,Echolocation,/mnt/ubna_data_02_mir/recover-20221013/UBNA_001/20221012_030000.WAV,Telephone Field,recover-20221013,001,1795
1211.7065,1211.7466,68437,82502,Rhinolophus ferrumequinum,0.022,0.022,-1,Echolocation,/mnt/ubna_data_02_mir/recover-20221013/UBNA_001/20221012_030000.WAV,Telephone Field,recover-20221013,001,1795
1211.7405,1211.778,68437,81688,Rhinolophus ferrumequinum,0.023,0.023,-1,Echolocation,/mnt/ubna_data_02_mir/recover-20221013/UBNA_001/20221012_030000.WAV,Telephone Field,recover-20221013,001,1795
1211.7515,1211.7895,68437,82721,Rhinolophus ferrumequinum,0.024,0.024,-1,Echolocation,/mnt/ubna_data_02_mir/recover-20221013/UBNA_001/20221012_030000.WAV,Telephone Field,recover-20221013,001,1795
1211.7805,1211.789,22890,30281,Plecotus austriacus,0.008,0.022,-1,Echolocation,/mnt/ubna_data_02_mir/recover-20221013/UBNA_001/20221012_030000.WAV,Telephone Field,recover-20221013,001,1795
1211.8235,1211.8641,68437,82593,Rhinolophus ferrumequinum,0.024,0.024,-1,Echolocation,/mnt/ubna_data_02_mir/recover-20221013/UBNA_001/20221012_030000.WAV,Telephone Field,recover-20221013,001,1795
1211.9035,1211.9396,68437,82116,Rhinolophus ferrumequinum,0.024,0.024,-1,Echolocation,/mnt/ubna_data_02_mir/recover-20221013/UBNA_001/20221012_030000.WAV,Telephone Field,recover-20221013,001,1795
1211.9285,1211.9354,45234,49073,Pipistrellus pipistrellus,0.024,0.025,-1,Echolocation,/mnt/ubna_data_02_mir/recover-20221013/UBNA_001/20221012_030000.WAV,Telephone Field,recover-20221013,001,1795
1211.9445,1211.9832,68437,82174,Rhinolophus ferrumequinum,0.039,0.039,-1,Echolocation,/mnt/ubna_data_02_mir/recover-20221013/UBNA_001/20221012_030000.WAV,Telephone Field,recover-20221013,001,1795
1212.0015,1212.0101,48671,53276,Pipistrellus pipistrellus,0.017,0.021,-1,Echolocation,/mnt/ubna_data_02_mir/recover-20221013/UBNA_001/20221012_030000.WAV,Telephone Field,recover-20221013,001,1795
1212.0015,1212.0106,23750,30837,Nyctalus leisleri,0.012,0.031,-1,Echolocation,/mnt/ubna_data_02_mir/recover-20221013/UBNA_001/20221012_030000.WAV,Telephone Field,recover-20221013,001,1795
1212.0015,1212.0312,68437,79744,Rhinolophus ferrumequinum,0.021,0.022,-1,Echolocation,/mnt/ubna_data_02_mir/recover-20221013/UBNA_001/20221012_030000.WAV,Telephone Field,recover-20221013,001,1795
1212.0155,1212.0568,68437,82077,Rhinolophus ferrumequinum,0.024,0.024,-1,Echolocation,/mnt/ubna_data_02_mir/recover-20221013/UBNA_001/20221012_030000.WAV,Telephone Field,recover-20221013,001,1795
1212.0635,1212.0697,48671,54811,Pipistrellus pipistrellus,0.021,0.022,-1,Echolocation,/mnt/ubna_data_02_mir/recover-20221013/UBNA_001/20221012_030000.WAV,Telephone Field,recover-20221013,001,1795
1212.0635,1212.0692,39218,59976,Myotis mystacinus,0.007,0.021,-1,Echolocation,/mnt/ubna_data_02_mir/recover-20221013/UBNA_001/20221012_030000.WAV,Telephone Field,recover-20221013,001,1795
1212.1015,1212.1126,34921,40021,Eptesicus serotinus,0.011,0.039,-1,Echolocation,/mnt/ubna_data_02_mir/recover-20221013/UBNA_001/20221012_030000.WAV,Telephone Field,recover-20221013,001,1795
1212.1145,1212.1549,68437,82028,Rhinolophus ferrumequinum,0.023,0.023,-1,Echolocation,/mnt/ubna_data_02_mir/recover-20221013/UBNA_001/20221012_030000.WAV,Telephone Field,recover-20221013,001,1795
1212.1165,1212.1293,23750,28357,Nyctalus leisleri,0.016,0.03,-1,Echolocation,/mnt/ubna_data_02_mir/recover-20221013/UBNA_001/20221012_030000.WAV,Telephone Field,recover-20221013,001,1795
1212.1305,1212.1406,28046,35660,Eptesicus serotinus,0.013,0.027,-1,Echolocation,/mnt/ubna_data_02_mir/recover-20221013/UBNA_001/20221012_030000.WAV,Telephone Field,recover-20221013,001,1795
1212.1315,1212.1706,68437,82370,Rhinolophus ferrumequinum,0.023,0.023,-1,Echolocation,/mnt/ubna_data_02_mir/recover-20221013/UBNA_001/20221012_030000.WAV,Telephone Field,recover-20221013,001,1795
1212.1545,1212.1936,68437,82733,Rhinolophus ferrumequinum,0.025,0.025,-1,Echolocation,/mnt/ubna_data_02_mir/recover-20221013/UBNA_001/20221012_030000.WAV,Telephone Field,recover-20221013,001,1795
1212.1595,1212.1981,68437,82313,Rhinolophus ferrumequinum,0.025,0.025,-1,Echolocation,/mnt/ubna_data_02_mir/recover-20221013/UBNA_001/20221012_030000.WAV,Telephone Field,recover-20221013,001,1795
1212.1825,1212.1916,23750,31191,Nyctalus leisleri,0.007,0.025,-1,Echolocation,/mnt/ubna_data_02_mir/recover-20221013/UBNA_001/20221012_030000.WAV,Telephone Field,recover-20221013,001,1795
1212.1915,1212.203,28906,34825,Eptesicus serotinus,0.012,0.024,-1,Echolocation,/mnt/ubna_data_02_mir/recover-20221013/UBNA_001/20221012_030000.WAV,Telephone Field,recover-20221013,001,1795
1212.1965,1212.2371,68437,82554,Rhinolophus ferrumequinum,0.023,0.023,-1,Echolocation,/mnt/ubna_data_02_mir/recover-20221013/UBNA_001/20221012_030000.WAV,Telephone Field,recover-20221013,001,1795
1212.2215,1212.2637,68437,82149,Rhinolophus ferrumequinum,0.033,0.033,-1,Echolocation,/mnt/ubna_data_02_mir/recover-20221013/UBNA_001/20221012_030000.WAV,Telephone Field,recover-20221013,001,1795
1212.2665,1212.3077,68437,83055,Rhinolophus ferrumequinum,0.023,0.023,-1,Echolocation,/mnt/ubna_data_02_mir/recover-20221013/UBNA_001/20221012_030000.WAV,Telephone Field,recover-20221013,001,1795
1212.3295,1212.3679,68437,82023,Rhinolophus ferrumequinum,0.022,0.022,-1,Echolocation,/mnt/ubna_data_02_mir/recover-20221013/UBNA_001/20221012_030000.WAV,Telephone Field,recover-20221013,001,1795
1212.3355,1212.3761,68437,82535,Rhinolophus ferrumequinum,0.023,0.023,-1,Echolocation,/mnt/ubna_data_02_mir/recover-20221013/UBNA_001/20221012_030000.WAV,Telephone Field,recover-20221013,001,1795
1212.3815,1212.3918,24609,31294,Nyctalus leisleri,0.009,0.024,-1,Echolocation,/mnt/ubna_data_02_mir/recover-20221013/UBNA_001/20221012_030000.WAV,Telephone Field,recover-20221013,001,1795
1212.4015,1212.4431,68437,82772,Rhinolophus ferrumequinum,0.025,0.025,-1,Echolocation,/mnt/ubna_data_02_mir/recover-20221013/UBNA_001/20221012_030000.WAV,Telephone Field,recover-20221013,001,1795
1212.4115,1212.4461,68437,81539,Rhinolophus ferrumequinum,0.023,0.023,-1,Echolocation,/mnt/ubna_data_02_mir/recover-20221013/UBNA_001/20221012_030000.WAV,Telephone Field,recover-20221013,001,1795
1212.4135,1212.4211,22890,30872,Plecotus austriacus,0.01,0.023,-1,Echolocation,/mnt/ubna_data_02_mir/recover-20221013/UBNA_001/20221012_030000.WAV,Telephone Field,recover-20221013,001,1795
1212.4525,1212.4892,68437,81471,Rhinolophus ferrumequinum,0.021,0.021,-1,Echolocation,/mnt/ubna_data_02_mir/recover-20221013/UBNA_001/20221012_030000.WAV,Telephone Field,recover-20221013,001,1795
1212.4615,1212.5019,68437,81743,Rhinolophus ferrumequinum,0.021,0.021,-1,Echolocation,/mnt/ubna_data_02_mir/recover-20221013/UBNA_001/20221012_030000.WAV,Telephone Field,recover-20221013,001,1795
1212.4645,1212.4791,22890,27445,Nyctalus leisleri,0.023,0.043,-1,Echolocation,/mnt/ubna_data_02_mir/recover-20221013/UBNA_001/20221012_030000.WAV,Telephone Field,recover-20221013,001,1795
1212.4975,1212.5384,68437,83059,Rhinolophus ferrumequinum,0.028,0.028,-1,Echolocation,/mnt/ubna_data_02_mir/recover-20221013/UBNA_001/20221012_030000.WAV,Telephone Field,recover-20221013,001,1795
1212.5245,1212.564,68437,81438,Rhinolophus ferrumequinum,0.022,0.022,-1,Echolocation,/mnt/ubna_data_02_mir/recover-20221013/UBNA_001/20221012_030000.WAV,Telephone Field,recover-20221013,001,1795
1212.5395,1212.5498,22031,27163,Nyctalus leisleri,0.01,0.024,-1,Echolocation,/mnt/ubna_data_02_mir/recover-20221013/UBNA_001/20221012_030000.WAV,Telephone Field,recover-20221013,001,1795
1212.5715,1212.5882,21171,24839,Nyctalus leisleri,0.021,0.036,-1,Echolocation,/mnt/ubna_data_02_mir/recover-20221013/UBNA_001/20221012_030000.WAV,Telephone Field,recover-20221013,001,1795
1212.5735,1212.6128,68437,81968,Rhinolophus ferrumequinum,0.025,0.025,-1,Echolocation,/mnt/ubna_data_02_mir/recover-20221013/UBNA_001/20221012_030000.WAV,Telephone Field,recover-20221013,001,1795
1212.6165,1212.6536,68437,81433,Rhinolophus ferrumequinum,0.022,0.022,-1,Echolocation,/mnt/ubna_data_02_mir/recover-20221013/UBNA_001/20221012_030000.WAV,Telephone Field,recover-20221013,001,1795
1212.6445,1212.6848,68437,83160,Rhinolophus ferrumequinum,0.032,0.033,-1,Echolocation,/mnt/ubna_data_02_mir/recover-20221013/UBNA_001/20221012_030000.WAV,Telephone Field,recover-20221013,001,1795
1212.6705,1212.7087,68437,82424,Rhinolophus ferrumequinum,0.022,0.022,-1,Echolocation,/mnt/ubna_data_02_mir/recover-20221013/UBNA_001/20221012_030000.WAV,Telephone Field,recover-20221013,001,1795
1212.6925,1212.7361,68437,83486,Rhinolophus ferrumequinum,0.026,0.026,-1,Echolocation,/mnt/ubna_data_02_mir/recover-20221013/UBNA_001/20221012_030000.WAV,Telephone Field,recover-20221013,001,1795
1212.7005,1212.7116,24609,30609,Nyctalus leisleri,0.009,0.022,-1,Echolocation,/mnt/ubna_data_02_mir/recover-20221013/UBNA_001/20221012_030000.WAV,Telephone Field,recover-20221013,001,1795
1212.7055,1212.7443,68437,82467,Rhinolophus ferrumequinum,0.024,0.024,-1,Echolocation,/mnt/ubna_data_02_mir/recover-20221013/UBNA_001/20221012_030000.WAV,Telephone Field,recover-20221013,001,1795
1212.7485,1212.7851,68437,82138,Rhinolophus ferrumequinum,0.021,0.021,-1,Echolocation,/mnt/ubna_data_02_mir/recover-20221013/UBNA_001/20221012_030000.WAV,Telephone Field,recover-20221013,001,1795
1212.7495,1212.7638,22031,25642,Nyctalus leisleri,0.016,0.026,-1,Echolocation,/mnt/ubna_data_02_mir/recover-20221013/UBNA_001/20221012_030000.WAV,Telephone Field,recover-20221013,001,1795
1212.7585,1212.7727,56406,60811,Pipistrellus pygmaeus,0.03,0.033,-1,Echolocation,/mnt/ubna_data_02_mir/recover-20221013/UBNA_001/20221012_030000.WAV,Telephone Field,recover-20221013,001,1795
1212.8555,1212.896,68437,82659,Rhinolophus ferrumequinum,0.021,0.021,-1,Echolocation,/mnt/ubna_data_02_mir/recover-20221013/UBNA_001/20221012_030000.WAV,Telephone Field,recover-20221013,001,1795
1212.8785,1212.887,22890,29787,Plecotus austriacus,0.008,0.022,-1,Echolocation,/mnt/ubna_data_02_mir/recover-20221013/UBNA_001/20221012_030000.WAV,Telephone Field,recover-20221013,001,1795
1212.9025,1212.9443,68437,82952,Rhinolophus ferrumequinum,0.025,0.025,-1,Echolocation,/mnt/ubna_data_02_mir/recover-20221013/UBNA_001/20221012_030000.WAV,Telephone Field,recover-20221013,001,1795
1212.9195,1212.9582,68437,82028,Rhinolophus ferrumequinum,0.022,0.022,-1,Echolocation,/mnt/ubna_data_02_mir/recover-20221013/UBNA_001/20221012_030000.WAV,Telephone Field,recover-20221013,001,1795
1212.9275,1212.9669,68437,82422,Rhinolophus ferrumequinum,0.021,0.021,-1,Echolocation,/mnt/ubna_data_02_mir/recover-20221013/UBNA_001/20221012_030000.WAV,Telephone Field,recover-20221013,001,1795
1212.9405,1212.9504,29765,36987,Eptesicus serotinus,0.008,0.021,-1,Echolocation,/mnt/ubna_data_02_mir/recover-20221013/UBNA_001/20221012_030000.WAV,Telephone Field,recover-20221013,001,1795
1213.0045,1213.0118,27187,35557,Eptesicus serotinus,0.01,0.026,-1,Echolocation,/mnt/ubna_data_02_mir/recover-20221013/UBNA_001/20221012_030000.WAV,Telephone Field,recover-20221013,001,1795
1213.0045,1213.0423,68437,82216,Rhinolophus ferrumequinum,0.022,0.022,-1,Echolocation,/mnt/ubna_data_02_mir/recover-20221013/UBNA_001/20221012_030000.WAV,Telephone Field,recover-20221013,001,1795
1213.0125,1213.05,68437,82415,Rhinolophus ferrumequinum,0.022,0.022,-1,Echolocation,/mnt/ubna_data_02_mir/recover-20221013/UBNA_001/20221012_030000.WAV,Telephone Field,recover-20221013,001,1795
1213.0145,1213.0225,46093,52059,Pipistrellus pipistrellus,0.026,0.029,-1,Echolocation,/mnt/ubna_data_02_mir/recover-20221013/UBNA_001/20221012_030000.WAV,Telephone Field,recover-20221013,001,1795
1213.0225,1213.0594,68437,81297,Rhinolophus ferrumequinum,0.021,0.021,-1,Echolocation,/mnt/ubna_data_02_mir/recover-20221013/UBNA_001/20221012_030000.WAV,Telephone Field,recover-20221013,001,1795
1213.0475,1213.0832,68437,81246,Rhinolophus ferrumequinum,0.024,0.024,-1,Echolocation,/mnt/ubna_data_02_mir/recover-20221013/UBNA_001/20221012_030000.WAV,Telephone Field,recover-20221013,001,1795
1213.0945,1213.1322,68437,82425,Rhinolophus ferrumequinum,0.021,0.021,-1,Echolocation,/mnt/ubna_data_02_mir/recover-20221013/UBNA_001/20221012_030000.WAV,Telephone Field,recover-20221013,001,1795
1213.1055,1213.1477,68437,82333,Rhinolophus ferrumequinum,0.022,0.022,-1,Echolocation,/mnt/ubna_data_02_mir/recover-20221013/UBNA_001/20221012_030000.WAV,Telephone Field,recover-20221013,001,1795
1213.1145,1213.1513,68437,82420,Rhinolophus ferrumequinum,0.023,0.023,-1,Echolocation,/mnt/ubna_data_02_mir/recover-20221013/UBNA_001/20221012_030000.WAV,Telephone Field,recover-20221013,001,1795
1213.1215,1213.159,68437,82048,Rhinolophus ferrumequinum,0.023,0.023,-1,Echolocation,/mnt/ubna_data_02_mir/recover-20221013/UBNA_001/20221012_030000.WAV,Telephone Field,recover-20221013,001,1795
1213.1255,1213.1326,28046,43520,Eptesicus serotinus,0.007,0.021,-1,Echolocation,/mnt/ubna_data_02_mir/recover-20221013/UBNA_001/20221012_030000.WAV,Telephone Field,recover-20221013,001,1795
1213.1665,1213.1765,28906,39146,Eptesicus serotinus,0.008,0.021,-1,Echolocation,/mnt/ubna_data_02_mir/recover-20221013/UBNA_001/20221012_030000.WAV,Telephone Field,recover-20221013,001,1795
1213.1885,1213.228,68437,82341,Rhinolophus ferrumequinum,0.022,0.022,-1,Echolocation,/mnt/ubna_data_02_mir/recover-20221013/UBNA_001/20221012_030000.WAV,Telephone Field,recover-20221013,001,1795
1213.2155,1213.2359,21171,24517,Nyctalus leisleri,0.036,0.068,-1,Echolocation,/mnt/ubna_data_02_mir/recover-20221013/UBNA_001/20221012_030000.WAV,Telephone Field,recover-20221013,001,1795
1213.3075,1213.3435,68437,81463,Rhinolophus ferrumequinum,0.023,0.023,-1,Echolocation,/mnt/ubna_data_02_mir/recover-20221013/UBNA_001/20221012_030000.WAV,Telephone Field,recover-20221013,001,1795
1213.3815,1213.391,24609,32163,Eptesicus serotinus,0.007,0.021,-1,Echolocation,/mnt/ubna_data_02_mir/recover-20221013/UBNA_001/20221012_030000.WAV,Telephone Field,recover-20221013,001,1795
1213.3865,1213.3969,23750,30129,Eptesicus serotinus,0.007,0.021,-1,Echolocation,/mnt/ubna_data_02_mir/recover-20221013/UBNA_001/20221012_030000.WAV,Telephone Field,recover-20221013,001,1795
1213.3875,1213.4265,68437,81954,Rhinolophus ferrumequinum,0.024,0.024,-1,Echolocation,/mnt/ubna_data_02_mir/recover-20221013/UBNA_001/20221012_030000.WAV,Telephone Field,recover-20221013,001,1795
1213.4395,1213.4474,44375,51954,Pipistrellus pipistrellus,0.022,0.026,-1,Echolocation,/mnt/ubna_data_02_mir/recover-20221013/UBNA_001/20221012_030000.WAV,Telephone Field,recover-20221013,001,1795
1213.4635,1213.5016,68437,81467,Rhinolophus ferrumequinum,0.021,0.022,-1,Echolocation,/mnt/ubna_data_02_mir/recover-20221013/UBNA_001/20221012_030000.WAV,Telephone Field,recover-20221013,001,1795
1213.4965,1213.536,68437,82474,Rhinolophus ferrumequinum,0.023,0.023,-1,Echolocation,/mnt/ubna_data_02_mir/recover-20221013/UBNA_001/20221012_030000.WAV,Telephone Field,recover-20221013,001,1795
1213.5195,1213.5561,68437,81465,Rhinolophus ferrumequinum,0.022,0.022,-1,Echolocation,/mnt/ubna_data_02_mir/recover-20221013/UBNA_001/20221012_030000.WAV,Telephone Field,recover-20221013,001,1795
1213.5915,1213.6343,68437,83382,Rhinolophus ferrumequinum,0.039,0.039,-1,Echolocation,/mnt/ubna_data_02_mir/recover-20221013/UBNA_001/20221012_030000.WAV,Telephone Field,recover-20221013,001,1795
1213.6505,1213.6865,68437,81499,Rhinolophus ferrumequinum,0.021,0.021,-1,Echolocation,/mnt/ubna_data_02_mir/recover-20221013/UBNA_001/20221012_030000.WAV,Telephone Field,recover-20221013,001,1795
1213.6615,1213.6981,68437,81584,Rhinolophus ferrumequinum,0.021,0.022,-1,Echolocation,/mnt/ubna_data_02_mir/recover-20221013/UBNA_001/20221012_030000.WAV,Telephone Field,recover-20221013,001,1795
1213.6635,1213.6748,23750,28797,Nyctalus leisleri,0.012,0.025,-1,Echolocation,/mnt/ubna_data_02_mir/recover-20221013/UBNA_001/20221012_030000.WAV,Telephone Field,recover-20221013,001,1795
1213.6695,1213.7077,68437,81745,Rhinolophus ferrumequinum,0.022,0.022,-1,Echolocation,/mnt/ubna_data_02_mir/recover-20221013/UBNA_001/20221012_030000.WAV,Telephone Field,recover-20221013,001,1795
1213.7055,1213.7481,68437,83553,Rhinolophus ferrumequinum,0.046,0.046,-1,Echolocation,/mnt/ubna_data_02_mir/recover-20221013/UBNA_001/20221012_030000.WAV,Telephone Field,recover-20221013,001,1795
1213.7185,1213.7556,68437,81963,Rhinolophus ferrumequinum,0.021,0.021,-1,Echolocation,/mnt/ubna_data_02_mir/recover-20221013/UBNA_001/20221012_030000.WAV,Telephone Field,recover-20221013,001,1795
1213.7285,1213.7355,50390,54753,Pipistrellus pipistrellus,0.02,0.022,-1,Echolocation,/mnt/ubna_data_02_mir/recover-20221013/UBNA_001/20221012_030000.WAV,Telephone Field,recover-20221013,001,1795
1213.7365,1213.7788,68437,83076,Rhinolophus ferrumequinum,0.024,0.024,-1,Echolocation,/mnt/ubna_data_02_mir/recover-20221013/UBNA_001/20221012_030000.WAV,Telephone Field,recover-20221013,001,1795
1213.7595,1213.7999,68437,82228,Rhinolophus ferrumequinum,0.024,0.024,-1,Echolocation,/mnt/ubna_data_02_mir/recover-20221013/UBNA_001/20221012_030000.WAV,Telephone Field,recover-20221013,001,1795
1213.7775,1213.8157,68437,82323,Rhinolophus ferrumequinum,0.023,0.023,-1,Echolocation,/mnt/ubna_data_02_mir/recover-20221013/UBNA_001/20221012_030000.WAV,Telephone Field,recover-20221013,001,1795
1213.7875,1213.7943,27187,40936,Eptesicus serotinus,0.006,0.024,-1,Echolocation,/mnt/ubna_data_02_mir/recover-20221013/UBNA_001/20221012_030000.WAV,Telephone Field,recover-20221013,001,1795
1213.8075,1213.8417,68437,81286,Rhinolophus ferrumequinum,0.023,0.024,-1,Echolocation,/mnt/ubna_data_02_mir/recover-20221013/UBNA_001/20221012_030000.WAV,Telephone Field,recover-20221013,001,1795
1213.8185,1213.8602,68437,82412,Rhinolophus ferrumequinum,0.022,0.022,-1,Echolocation,/mnt/ubna_data_02_mir/recover-20221013/UBNA_001/20221012_030000.WAV,Telephone Field,recover-20221013,001,1795
1213.8345,1213.8453,28906,34980,Eptesicus serotinus,0.009,0.021,-1,Echolocation,/mnt/ubna_data_02_mir/recover-20221013/UBNA_001/20221012_030000.WAV,Telephone Field,recover-20221013,001,1795
1213.8395,1213.8772,68437,82095,Rhinolophus ferrumequinum,0.026,0.026,-1,Echolocation,/mnt/ubna_data_02_mir/recover-20221013/UBNA_001/20221012_030000.WAV,Telephone Field,recover-20221013,001,1795
1213.8715,1213.8801,23750,30857,Plecotus austriacus,0.008,0.026,-1,Echolocation,/mnt/ubna_data_02_mir/recover-20221013/UBNA_001/20221012_030000.WAV,Telephone Field,recover-20221013,001,1795
1213.9045,1213.9463,68437,82462,Rhinolophus ferrumequinum,0.029,0.03,-1,Echolocation,/mnt/ubna_data_02_mir/recover-20221013/UBNA_001/20221012_030000.WAV,Telephone Field,recover-20221013,001,1795
1213.9585,1213.9728,22031,25959,Nyctalus leisleri,0.019,0.033,-1,Echolocation,/mnt/ubna_data_02_mir/recover-20221013/UBNA_001/20221012_030000.WAV,Telephone Field,recover-20221013,001,1795
1214.0015,1214.0339,69296,81562,Rhinolophus ferrumequinum,0.054,0.054,-1,Echolocation,/mnt/ubna_data_02_mir/recover-20221013/UBNA_001/20221012_030000.WAV,Telephone Field,recover-20221013,001,1795
1214.0015,1214.0123,20312,25117,Nyctalus leisleri,0.009,0.021,-1,Echolocation,/mnt/ubna_data_02_mir/recover-20221013/UBNA_001/20221012_030000.WAV,Telephone Field,recover-20221013,001,1795
1214.0195,1214.0293,28906,38138,Eptesicus serotinus,0.011,0.024,-1,Echolocation,/mnt/ubna_data_02_mir/recover-20221013/UBNA_001/20221012_030000.WAV,Telephone Field,recover-20221013,001,1795
1214.0245,1214.0339,24609,31899,Eptesicus serotinus,0.008,0.025,-1,Echolocation,/mnt/ubna_data_02_mir/recover-20221013/UBNA_001/20221012_030000.WAV,Telephone Field,recover-20221013,001,1795
1214.0465,1214.0861,68437,82472,Rhinolophus ferrumequinum,0.021,0.021,-1,Echolocation,/mnt/ubna_data_02_mir/recover-20221013/UBNA_001/20221012_030000.WAV,Telephone Field,recover-20221013,001,1795
1214.0535,1214.0934,68437,82165,Rhinolophus ferrumequinum,0.022,0.022,-1,Echolocation,/mnt/ubna_data_02_mir/recover-20221013/UBNA_001/20221012_030000.WAV,Telephone Field,recover-20221013,001,1795
1214.0675,1214.0752,23750,32183,Plecotus austriacus,0.008,0.021,-1,Echolocation,/mnt/ubna_data_02_mir/recover-20221013/UBNA_001/20221012_030000.WAV,Telephone Field,recover-20221013,001,1795
1214.0955,1214.1051,48671,52368,Pipistrellus pipistrellus,0.017,0.02,-1,Echolocation,/mnt/ubna_data_02_mir/recover-20221013/UBNA_001/20221012_030000.WAV,Telephone Field,recover-20221013,001,1795
1214.0995,1214.138,68437,82105,Rhinolophus ferrumequinum,0.025,0.025,-1,Echolocation,/mnt/ubna_data_02_mir/recover-20221013/UBNA_001/20221012_030000.WAV,Telephone Field,recover-20221013,001,1795
1214.1295,1214.1667,68437,81455,Rhinolophus ferrumequinum,0.02,0.02,-1,Echolocation,/mnt/ubna_data_02_mir/recover-20221013/UBNA_001/20221012_030000.WAV,Telephone Field,recover-20221013,001,1795
1214.1335,1214.1429,25468,31987,Eptesicus serotinus,0.007,0.02,-1,Echolocation,/mnt/ubna_data_02_mir/recover-20221013/UBNA_001/20221012_030000.WAV,Telephone Field,recover-20221013,001,1795
1214.1565,1214.1954,68437,82535,Rhinolophus ferrumequinum,0.021,0.021,-1,Echolocation,/mnt/ubna_data_02_mir/recover-20221013/UBNA_001/20221012_030000.WAV,Telephone Field,recover-20221013,001,1795
1214.1805,1214.2213,68437,82609,Rhinolophus ferrumequinum,0.025,0.025,-1,Echolocation,/mnt/ubna_data_02_mir/recover-20221013/UBNA_001/20221012_030000.WAV,Telephone Field,recover-20221013,001,1795
1214.1915,1214.2276,68437,82572,Rhinolophus ferrumequinum,0.02,0.02,-1,Echolocation,/mnt/ubna_data_02_mir/recover-20221013/UBNA_001/20221012_030000.WAV,Telephone Field,recover-20221013,001,1795
1214.2125,1214.2519,68437,82031,Rhinolophus ferrumequinum,0.022,0.022,-1,Echolocation,/mnt/ubna_data_02_mir/recover-20221013/UBNA_001/20221012_030000.WAV,Telephone Field,recover-20221013,001,1795
1214.2335,1214.2735,68437,82378,Rhinolophus ferrumequinum,0.02,0.02,-1,Echolocation,/mnt/ubna_data_02_mir/recover-20221013/UBNA_001/20221012_030000.WAV,Telephone Field,recover-20221013,001,1795
1214.2465,1214.2584,22890,27767,Nyctalus leisleri,0.011,0.022,-1,Echolocation,/mnt/ubna_data_02_mir/recover-20221013/UBNA_001/20221012_030000.WAV,Telephone Field,recover-20221013,001,1795
1214.2625,1214.3017,68437,82415,Rhinolophus ferrumequinum,0.023,0.023,-1,Echolocation,/mnt/ubna_data_02_mir/recover-20221013/UBNA_001/20221012_030000.WAV,Telephone Field,recover-20221013,001,1795
1214.2875,1214.3296,68437,83015,Rhinolophus ferrumequinum,0.045,0.045,-1,Echolocation,/mnt/ubna_data_02_mir/recover-20221013/UBNA_001/20221012_030000.WAV,Telephone Field,recover-20221013,001,1795
1214.2925,1214.3025,28046,37049,Eptesicus serotinus,0.009,0.021,-1,Echolocation,/mnt/ubna_data_02_mir/recover-20221013/UBNA_001/20221012_030000.WAV,Telephone Field,recover-20221013,001,1795
1214.3115,1214.35,68437,82129,Rhinolophus ferrumequinum,0.022,0.022,-1,Echolocation,/mnt/ubna_data_02_mir/recover-20221013/UBNA_001/20221012_030000.WAV,Telephone Field,recover-20221013,001,1795
1214.3345,1214.3521,20312,22849,Nyctalus leisleri,0.012,0.02,-1,Echolocation,/mnt/ubna_data_02_mir/recover-20221013/UBNA_001/20221012_030000.WAV,Telephone Field,recover-20221013,001,1795
1214.3395,1214.379,68437,82055,Rhinolophus ferrumequinum,0.022,0.022,-1,Echolocation,/mnt/ubna_data_02_mir/recover-20221013/UBNA_001/20221012_030000.WAV,Telephone Field,recover-20221013,001,1795
1214.3615,1214.4033,68437,82826,Rhinolophus ferrumequinum,0.023,0.023,-1,Echolocation,/mnt/ubna_data_02_mir/recover-20221013/UBNA_001/20221012_030000.WAV,Telephone Field,recover-20221013,001,1795
1214.3635,1214.3732,22890,29022,Nyctalus leisleri,0.007,0.021,-1,Echolocation,/mnt/ubna_data_02_mir/recover-20221013/UBNA_001/20221012_030000.WAV,Telephone Field,recover-20221013,001,1795
1214.3825,1214.425,68437,82898,Rhinolophus ferrumequinum,0.026,0.026,-1,Echolocation,/mnt/ubna_data_02_mir/recover-20221013/UBNA_001/20221012_030000.WAV,Telephone Field,recover-20221013,001,1795
1214.3875,1214.3948,26328,38382,Eptesicus serotinus,0.005,0.022,-1,Echolocation,/mnt/ubna_data_02_mir/recover-20221013/UBNA_001/20221012_030000.WAV,Telephone Field,recover-20221013,001,1795
1214.4395,1214.4486,28046,39829,Eptesicus serotinus,0.008,0.021,-1,Echolocation,/mnt/ubna_data_02_mir/recover-20221013/UBNA_001/20221012_030000.WAV,Telephone Field,recover-20221013,001,1795
1214.4595,1214.4675,28906,40934,Eptesicus serotinus,0.008,0.023,-1,Echolocation,/mnt/ubna_data_02_mir/recover-20221013/UBNA_001/20221012_030000.WAV,Telephone Field,recover-20221013,001,1795
1214.4655,1214.4995,68437,81050,Rhinolophus ferrumequinum,0.023,0.023,-1,Echolocation,/mnt/ubna_data_02_mir/recover-20221013/UBNA_001/20221012_030000.WAV,Telephone Field,recover-20221013,001,1795
1214.4935,1214.5309,68437,81790,Rhinolophus ferrumequinum,0.022,0.022,-1,Echolocation,/mnt/ubna_data_02_mir/recover-20221013/UBNA_001/20221012_030000.WAV,Telephone Field,recover-20221013,001,1795
1214.5105,1214.5487,68437,82406,Rhinolophus ferrumequinum,0.021,0.021,-1,Echolocation,/mnt/ubna_data_02_mir/recover-20221013/UBNA_001/20221012_030000.WAV,Telephone Field,recover-20221013,001,1795
1214.5125,1214.5206,28046,39614,Eptesicus serotinus,0.007,0.022,-1,Echolocation,/mnt/ubna_data_02_mir/recover-20221013/UBNA_001/20221012_030000.WAV,Telephone Field,recover-20221013,001,1795
1214.5295,1214.5666,68437,81617,Rhinolophus ferrumequinum,0.022,0.022,-1,Echolocation,/mnt/ubna_data_02_mir/recover-20221013/UBNA_001/20221012_030000.WAV,Telephone Field,recover-20221013,001,1795
1214.5385,1214.5737,68437,81399,Rhinolophus ferrumequinum,0.022,0.022,-1,Echolocation,/mnt/ubna_data_02_mir/recover-20221013/UBNA_001/20221012_030000.WAV,Telephone Field,recover-20221013,001,1795
1214.5645,1214.5715,27187,36285,Eptesicus serotinus,0.006,0.02,-1,Echolocation,/mnt/ubna_data_02_mir/recover-20221013/UBNA_001/20221012_030000.WAV,Telephone Field,recover-20221013,001,1795
1214.5865,1214.626,68437,82607,Rhinolophus ferrumequinum,0.021,0.021,-1,Echolocation,/mnt/ubna_data_02_mir/recover-20221013/UBNA_001/20221012_030000.WAV,Telephone Field,recover-20221013,001,1795
1214.5915,1214.5985,28046,41472,Eptesicus serotinus,0.008,0.025,-1,Echolocation,/mnt/ubna_data_02_mir/recover-20221013/UBNA_001/20221012_030000.WAV,Telephone Field,recover-20221013,001,1795
1214.6655,1214.6748,27187,36401,Eptesicus serotinus,0.008,0.02,-1,Echolocation,/mnt/ubna_data_02_mir/recover-20221013/UBNA_001/20221012_030000.WAV,Telephone Field,recover-20221013,001,1795
1214.6865,1214.725,68437,82140,Rhinolophus ferrumequinum,0.021,0.021,-1,Echolocation,/mnt/ubna_data_02_mir/recover-20221013/UBNA_001/20221012_030000.WAV,Telephone Field,recover-20221013,001,1795
1214.7155,1214.7562,68437,82188,Rhinolophus ferrumequinum,0.021,0.021,-1,Echolocation,/mnt/ubna_data_02_mir/recover-20221013/UBNA_001/20221012_030000.WAV,Telephone Field,recover-20221013,001,1795
1214.7375,1214.7468,24609,32366,Eptesicus serotinus,0.008,0.022,-1,Echolocation,/mnt/ubna_data_02_mir/recover-20221013/UBNA_001/20221012_030000.WAV,Telephone Field,recover-20221013,001,1795
1214.7565,1214.7967,68437,82094,Rhinolophus ferrumequinum,0.022,0.022,-1,Echolocation,/mnt/ubna_data_02_mir/recover-20221013/UBNA_001/20221012_030000.WAV,Telephone Field,recover-20221013,001,1795
1214.7695,1214.8074,68437,83003,Rhinolophus ferrumequinum,0.021,0.022,-1,Echolocation,/mnt/ubna_data_02_mir/recover-20221013/UBNA_001/20221012_030000.WAV,Telephone Field,recover-20221013,001,1795
1214.7865,1214.7939,27187,40474,Eptesicus serotinus,0.008,0.025,-1,Echolocation,/mnt/ubna_data_02_mir/recover-20221013/UBNA_001/20221012_030000.WAV,Telephone Field,recover-20221013,001,1795
1214.8055,1214.816,24609,31566,Nyctalus leisleri,0.009,0.025,-1,Echolocation,/mnt/ubna_data_02_mir/recover-20221013/UBNA_001/20221012_030000.WAV,Telephone Field,recover-20221013,001,1795
1214.8075,1214.8434,68437,81532,Rhinolophus ferrumequinum,0.02,0.02,-1,Echolocation,/mnt/ubna_data_02_mir/recover-20221013/UBNA_001/20221012_030000.WAV,Telephone Field,recover-20221013,001,1795
1214.8265,1214.8688,68437,83219,Rhinolophus ferrumequinum,0.028,0.028,-1,Echolocation,/mnt/ubna_data_02_mir/recover-20221013/UBNA_001/20221012_030000.WAV,Telephone Field,recover-20221013,001,1795
1214.8585,1214.8691,24609,31091,Eptesicus serotinus,0.009,0.024,-1,Echolocation,/mnt/ubna_data_02_mir/recover-20221013/UBNA_001/20221012_030000.WAV,Telephone Field,recover-20221013,001,1795
1214.9105,1214.947,68437,81639,Rhinolophus ferrumequinum,0.021,0.021,-1,Echolocation,/mnt/ubna_data_02_mir/recover-20221013/UBNA_001/20221012_030000.WAV,Telephone Field,recover-20221013,001,1795
1214.9725,1215.0093,68437,81650,Rhinolophus ferrumequinum,0.02,0.02,-1,Echolocation,/mnt/ubna_data_02_mir/recover-20221013/UBNA_001/20221012_030000.WAV,Telephone Field,recover-20221013,001,1795
1215.0045,1215.0461,68437,82854,Rhinolophus ferrumequinum,0.024,0.024,-1,Echolocation,/mnt/ubna_data_02_mir/recover-20221013/UBNA_001/20221012_030000.WAV,Telephone Field,recover-20221013,001,1795
1215.0455,1215.0522,28046,37284,Eptesicus serotinus,0.006,0.022,-1,Echolocation,/mnt/ubna_data_02_mir/recover-20221013/UBNA_001/20221012_030000.WAV,Telephone Field,recover-20221013,001,1795
1215.0465,1215.0567,22031,27636,Nyctalus leisleri,0.01,0.024,-1,Echolocation,/mnt/ubna_data_02_mir/recover-20221013/UBNA_001/20221012_030000.WAV,Telephone Field,recover-20221013,001,1795
1215.0525,1215.0917,68437,82246,Rhinolophus ferrumequinum,0.022,0.022,-1,Echolocation,/mnt/ubna_data_02_mir/recover-20221013/UBNA_001/20221012_030000.WAV,Telephone Field,recover-20221013,001,1795
1215.0735,1215.0848,22031,27059,Nyctalus leisleri,0.012,0.026,-1,Echolocation,/mnt/ubna_data_02_mir/recover-20221013/UBNA_001/20221012_030000.WAV,Telephone Field,recover-20221013,001,1795
1215.0755,1215.1128,68437,81504,Rhinolophus ferrumequinum,0.021,0.021,-1,Echolocation,/mnt/ubna_data_02_mir/recover-20221013/UBNA_001/20221012_030000.WAV,Telephone Field,recover-20221013,001,1795
1215.1045,1215.1398,68437,81962,Rhinolophus ferrumequinum,0.02,0.021,-1,Echolocation,/mnt/ubna_data_02_mir/recover-20221013/UBNA_001/20221012_030000.WAV,Telephone Field,recover-20221013,001,1795
1215.1195,1215.1574,68437,82094,Rhinolophus ferrumequinum,0.022,0.022,-1,Echolocation,/mnt/ubna_data_02_mir/recover-20221013/UBNA_001/20221012_030000.WAV,Telephone Field,recover-20221013,001,1795
1215.1225,1215.131,28046,38159,Eptesicus serotinus,0.007,0.021,-1,Echolocation,/mnt/ubna_data_02_mir/recover-20221013/UBNA_001/20221012_030000.WAV,Telephone Field,recover-20221013,001,1795
1215.1395,1215.179,68437,82445,Rhinolophus ferrumequinum,0.027,0.027,-1,Echolocation,/mnt/ubna_data_02_mir/recover-20221013/UBNA_001/20221012_030000.WAV,Telephone Field,recover-20221013,001,1795
1215.1465,1215.1866,68437,82853,Rhinolophus ferrumequinum,0.025,0.025,-1,Echolocation,/mnt/ubna_data_02_mir/recover-20221013/UBNA_001/20221012_030000.WAV,Telephone Field,recover-20221013,001,1795
1215.1635,1215.2091,68437,83493,Rhinolophus ferrumequinum,0.044,0.044,-1,Echolocation,/mnt/ubna_data_02_mir/recover-20221013/UBNA_001/20221012_030000.WAV,Telephone Field,recover-20221013,001,1795
1215.2115,1215.2512,68437,82586,Rhinolophus ferrumequinum,0.022,0.022,-1,Echolocation,/mnt/ubna_data_02_mir/recover-20221013/UBNA_001/20221012_030000.WAV,Telephone Field,recover-20221013,001,1795
1215.2205,1215.2622,68437,82932,Rhinolophus ferrumequinum,0.026,0.026,-1,Echolocation,/mnt/ubna_data_02_mir/recover-20221013/UBNA_001/20221012_030000.WAV,Telephone Field,recover-20221013,001,1795
1215.2625,1215.2746,22890,27757,Nyctalus leisleri,0.011,0.022,-1,Echolocation,/mnt/ubna_data_02_mir/recover-20221013/UBNA_001/20221012_030000.WAV,Telephone Field,recover-20221013,001,1795
1215.2945,1215.3366,68437,83619,Rhinolophus ferrumequinum,0.043,0.043,-1,Echolocation,/mnt/ubna_data_02_mir/recover-20221013/UBNA_001/20221012_030000.WAV,Telephone Field,recover-20221013,001,1795
1215.3025,1215.3127,22031,27038,Nyctalus leisleri,0.009,0.02,-1,Echolocation,/mnt/ubna_data_02_mir/recover-20221013/UBNA_001/20221012_030000.WAV,Telephone Field,recover-20221013,001,1795
1215.3095,1215.3477,68437,81882,Rhinolophus ferrumequinum,0.02,0.02,-1,Echolocation,/mnt/ubna_data_02_mir/recover-20221013/UBNA_001/20221012_030000.WAV,Telephone Field,recover-20221013,001,1795
1215.3215,1215.3599,68437,82105,Rhinolophus ferrumequinum,0.02,0.02,-1,Echolocation,/mnt/ubna_data_02_mir/recover-20221013/UBNA_001/20221012_030000.WAV,Telephone Field,recover-20221013,001,1795
1215.3455,1215.3564,22031,25923,Nyctalus leisleri,0.014,0.026,-1,Echolocation,/mnt/ubna_data_02_mir/recover-20221013/UBNA_001/20221012_030000.WAV,Telephone Field,recover-20221013,001,1795
1215.3465,1215.3879,68437,82872,Rhinolophus ferrumequinum,0.02,0.02,-1,Echolocation,/mnt/ubna_data_02_mir/recover-20221013/UBNA_001/20221012_030000.WAV,Telephone Field,recover-20221013,001,1795
1215.3625,1215.3961,68437,80405,Rhinolophus ferrumequinum,0.021,0.021,-1,Echolocation,/mnt/ubna_data_02_mir/recover-20221013/UBNA_001/20221012_030000.WAV,Telephone Field,recover-20221013,001,1795
1215.3675,1215.3768,27187,36817,Eptesicus serotinus,0.01,0.022,-1,Echolocation,/mnt/ubna_data_02_mir/recover-20221013/UBNA_001/20221012_030000.WAV,Telephone Field,recover-20221013,001,1795
1215.3985,1215.4059,27187,40111,Eptesicus serotinus,0.007,0.022,-1,Echolocation,/mnt/ubna_data_02_mir/recover-20221013/UBNA_001/20221012_030000.WAV,Telephone Field,recover-20221013,001,1795
1215.4875,1215.5279,68437,82098,Rhinolophus ferrumequinum,0.028,0.028,-1,Echolocation,/mnt/ubna_data_02_mir/recover-20221013/UBNA_001/20221012_030000.WAV,Telephone Field,recover-20221013,001,1795
1215.5055,1215.513,28046,40105,Eptesicus serotinus,0.006,0.021,-1,Echolocation,/mnt/ubna_data_02_mir/recover-20221013/UBNA_001/20221012_030000.WAV,Telephone Field,recover-20221013,001,1795
1215.5065,1215.5138,23750,32417,Plecotus austriacus,0.008,0.021,-1,Echolocation,/mnt/ubna_data_02_mir/recover-20221013/UBNA_001/20221012_030000.WAV,Telephone Field,recover-20221013,001,1795
1215.5245,1215.5337,26328,34857,Eptesicus serotinus,0.011,0.024,-1,Echolocation,/mnt/ubna_data_02_mir/recover-20221013/UBNA_001/20221012_030000.WAV,Telephone Field,recover-20221013,001,1795
1215.5325,1215.5713,68437,82591,Rhinolophus ferrumequinum,0.03,0.03,-1,Echolocation,/mnt/ubna_data_02_mir/recover-20221013/UBNA_001/20221012_030000.WAV,Telephone Field,recover-20221013,001,1795
1215.5965,1215.6062,22890,29283,Nyctalus leisleri,0.007,0.021,-1,Echolocation,/mnt/ubna_data_02_mir/recover-20221013/UBNA_001/20221012_030000.WAV,Telephone Field,recover-20221013,001,1795
1215.5975,1215.6329,68437,81054,Rhinolophus ferrumequinum,0.023,0.023,-1,Echolocation,/mnt/ubna_data_02_mir/recover-20221013/UBNA_001/20221012_030000.WAV,Telephone Field,recover-20221013,001,1795
1215.6245,1215.6351,23750,29437,Nyctalus leisleri,0.009,0.021,-1,Echolocation,/mnt/ubna_data_02_mir/recover-20221013/UBNA_001/20221012_030000.WAV,Telephone Field,recover-20221013,001,1795
1215.6275,1215.6668,68437,82486,Rhinolophus ferrumequinum,0.025,0.025,-1,Echolocation,/mnt/ubna_data_02_mir/recover-20221013/UBNA_001/20221012_030000.WAV,Telephone Field,recover-20221013,001,1795
1215.6615,1215.699,68437,82249,Rhinolophus ferrumequinum,0.021,0.021,-1,Echolocation,/mnt/ubna_data_02_mir/recover-20221013/UBNA_001/20221012_030000.WAV,Telephone Field,recover-20221013,001,1795
1215.6685,1215.6784,22890,29423,Nyctalus leisleri,0.007,0.022,-1,Echolocation,/mnt/ubna_data_02_mir/recover-20221013/UBNA_001/20221012_030000.WAV,Telephone Field,recover-20221013,001,1795
1215.6685,1215.7053,68437,81539,Rhinolophus ferrumequinum,0.02,0.02,-1,Echolocation,/mnt/ubna_data_02_mir/recover-20221013/UBNA_001/20221012_030000.WAV,Telephone Field,recover-20221013,001,1795
1215.7035,1215.739,68437,81715,Rhinolophus ferrumequinum,0.02,0.02,-1,Echolocation,/mnt/ubna_data_02_mir/recover-20221013/UBNA_001/20221012_030000.WAV,Telephone Field,recover-20221013,001,1795
1215.7205,1215.7304,23750,30126,Nyctalus leisleri,0.007,0.02,-1,Echolocation,/mnt/ubna_data_02_mir/recover-20221013/UBNA_001/20221012_030000.WAV,Telephone Field,recover-20221013,001,1795
1215.7305,1215.7673,68437,81873,Rhinolophus ferrumequinum,0.023,0.023,-1,Echolocation,/mnt/ubna_data_02_mir/recover-20221013/UBNA_001/20221012_030000.WAV,Telephone Field,recover-20221013,001,1795
1215.7775,1215.787,24609,32600,Eptesicus serotinus,0.008,0.02,-1,Echolocation,/mnt/ubna_data_02_mir/recover-20221013/UBNA_001/20221012_030000.WAV,Telephone Field,recover-20221013,001,1795
1215.7965,1215.836,68437,81799,Rhinolophus ferrumequinum,0.021,0.021,-1,Echolocation,/mnt/ubna_data_02_mir/recover-20221013/UBNA_001/20221012_030000.WAV,Telephone Field,recover-20221013,001,1795
1215.8025,1215.8112,28906,37469,Eptesicus serotinus,0.013,0.031,-1,Echolocation,/mnt/ubna_data_02_mir/recover-20221013/UBNA_001/20221012_030000.WAV,Telephone Field,recover-20221013,001,1795
1215.8435,1215.8517,28046,36950,Eptesicus serotinus,0.007,0.021,-1,Echolocation,/mnt/ubna_data_02_mir/recover-20221013/UBNA_001/20221012_030000.WAV,Telephone Field,recover-20221013,001,1795
1215.8595,1215.8702,28046,36044,Eptesicus serotinus,0.01,0.022,-1,Echolocation,/mnt/ubna_data_02_mir/recover-20221013/UBNA_001/20221012_030000.WAV,Telephone Field,recover-20221013,001,1795
1215.8905,1215.8997,22890,29193,Nyctalus leisleri,0.007,0.02,-1,Echolocation,/mnt/ubna_data_02_mir/recover-20221013/UBNA_001/20221012_030000.WAV,Telephone Field,recover-20221013,001,1795
1215.9125,1215.9512,68437,82297,Rhinolophus ferrumequinum,0.025,0.025,-1,Echolocation,/mnt/ubna_data_02_mir/recover-20221013/UBNA_001/20221012_030000.WAV,Telephone Field,recover-20221013,001,1795
1215.9215,1215.9587,68437,82118,Rhinolophus ferrumequinum,0.021,0.021,-1,Echolocation,/mnt/ubna_data_02_mir/recover-20221013/UBNA_001/20221012_030000.WAV,Telephone Field,recover-20221013,001,1795
1215.9295,1215.9391,28046,38575,Eptesicus serotinus,0.01,0.021,-1,Echolocation,/mnt/ubna_data_02_mir/recover-20221013/UBNA_001/20221012_030000.WAV,Telephone Field,recover-20221013,001,1795
1215.9385,1215.9484,27187,36882,Eptesicus serotinus,0.011,0.024,-1,Echolocation,/mnt/ubna_data_02_mir/recover-20221013/UBNA_001/20221012_030000.WAV,Telephone Field,recover-20221013,001,1795
1215.9495,1215.9862,68437,80913,Rhinolophus ferrumequinum,0.021,0.021,-1,Echolocation,/mnt/ubna_data_02_mir/recover-20221013/UBNA_001/20221012_030000.WAV,Telephone Field,recover-20221013,001,1795
1215.9565,1215.9627,28046,39680,Eptesicus serotinus,0.012,0.039,-1,Echolocation,/mnt/ubna_data_02_mir/recover-20221013/UBNA_001/20221012_030000.WAV,Telephone Field,recover-20221013,001,1795
1215.9755,1215.9839,28046,37189,Eptesicus serotinus,0.008,0.02,-1,Echolocation,/mnt/ubna_data_02_mir/recover-20221013/UBNA_001/20221012_030000.WAV,Telephone Field,recover-20221013,001,1795
1215.9855,1215.9999,22031,26266,Nyctalus leisleri,0.01,0.02,-1,Echolocation,/mnt/ubna_data_02_mir/recover-20221013/UBNA_001/20221012_030000.WAV,Telephone Field,recover-20221013,001,1795
1216.0015,1216.0108,26328,35803,Nyctalus leisleri,0.008,0.028,-1,Echolocation,/mnt/ubna_data_02_mir/recover-20221013/UBNA_001/20221012_030000.WAV,Telephone Field,recover-20221013,001,1795
1216.0015,1216.0344,68437,79302,Rhinolophus ferrumequinum,0.022,0.022,-1,Echolocation,/mnt/ubna_data_02_mir/recover-20221013/UBNA_001/20221012_030000.WAV,Telephone Field,recover-20221013,001,1795
1216.0085,1216.0191,28046,36174,Eptesicus serotinus,0.011,0.028,-1,Echolocation,/mnt/ubna_data_02_mir/recover-20221013/UBNA_001/20221012_030000.WAV,Telephone Field,recover-20221013,001,1795
1216.0095,1216.0505,68437,81063,Rhinolophus ferrumequinum,0.027,0.027,-1,Echolocation,/mnt/ubna_data_02_mir/recover-20221013/UBNA_001/20221012_030000.WAV,Telephone Field,recover-20221013,001,1795
1216.0195,1216.0269,28046,37391,Eptesicus serotinus,0.007,0.025,-1,Echolocation,/mnt/ubna_data_02_mir/recover-20221013/UBNA_001/20221012_030000.WAV,Telephone Field,recover-20221013,001,1795
1216.0375,1216.079,68437,82959,Rhinolophus ferrumequinum,0.027,0.027,-1,Echolocation,/mnt/ubna_data_02_mir/recover-20221013/UBNA_001/20221012_030000.WAV,Telephone Field,recover-20221013,001,1795
1216.0465,1216.0555,23750,30626,Nyctalus leisleri,0.007,0.023,-1,Echolocation,/mnt/ubna_data_02_mir/recover-20221013/UBNA_001/20221012_030000.WAV,Telephone Field,recover-20221013,001,1795
1216.0625,1216.098,68437,81778,Rhinolophus ferrumequinum,0.021,0.021,-1,Echolocation,/mnt/ubna_data_02_mir/recover-20221013/UBNA_001/20221012_030000.WAV,Telephone Field,recover-20221013,001,1795
1216.0895,1216.1299,68437,82623,Rhinolophus ferrumequinum,0.024,0.024,-1,Echolocation,/mnt/ubna_data_02_mir/recover-20221013/UBNA_001/20221012_030000.WAV,Telephone Field,recover-20221013,001,1795
1216.1195,1216.1273,27187,38480,Eptesicus serotinus,0.007,0.023,-1,Echolocation,/mnt/ubna_data_02_mir/recover-20221013/UBNA_001/20221012_030000.WAV,Telephone Field,recover-20221013,001,1795
1216.2015,1216.239,68437,81162,Rhinolophus ferrumequinum,0.024,0.024,-1,Echolocation,/mnt/ubna_data_02_mir/recover-20221013/UBNA_001/20221012_030000.WAV,Telephone Field,recover-20221013,001,1795
1216.2035,1216.2108,47812,52111,Pipistrellus pipistrellus,0.02,0.021,-1,Echolocation,/mnt/ubna_data_02_mir/recover-20221013/UBNA_001/20221012_030000.WAV,Telephone Field,recover-20221013,001,1795
1216.2365,1216.2773,68437,82262,Rhinolophus ferrumequinum,0.032,0.032,-1,Echolocation,/mnt/ubna_data_02_mir/recover-20221013/UBNA_001/20221012_030000.WAV,Telephone Field,recover-20221013,001,1795
1216.2525,1216.262,23750,30850,Nyctalus leisleri,0.008,0.023,-1,Echolocation,/mnt/ubna_data_02_mir/recover-20221013/UBNA_001/20221012_030000.WAV,Telephone Field,recover-20221013,001,1795
1216.2795,1216.2883,25468,34238,Eptesicus serotinus,0.009,0.027,-1,Echolocation,/mnt/ubna_data_02_mir/recover-20221013/UBNA_001/20221012_030000.WAV,Telephone Field,recover-20221013,001,1795
1216.2935,1216.3326,68437,82054,Rhinolophus ferrumequinum,0.024,0.024,-1,Echolocation,/mnt/ubna_data_02_mir/recover-20221013/UBNA_001/20221012_030000.WAV,Telephone Field,recover-20221013,001,1795
1216.3345,1216.3742,68437,81784,Rhinolophus ferrumequinum,0.026,0.026,-1,Echolocation,/mnt/ubna_data_02_mir/recover-20221013/UBNA_001/20221012_030000.WAV,Telephone Field,recover-20221013,001,1795
1216.3595,1216.3729,28906,35128,Eptesicus serotinus,0.018,0.034,-1,Echolocation,/mnt/ubna_data_02_mir/recover-20221013/UBNA_001/20221012_030000.WAV,Telephone Field,recover-20221013,001,1795
1216.3745,1216.4123,68437,81875,Rhinolophus ferrumequinum,0.03,0.03,-1,Echolocation,/mnt/ubna_data_02_mir/recover-20221013/UBNA_001/20221012_030000.WAV,Telephone Field,recover-20221013,001,1795
1216.3905,1216.3969,31484,48936,Myotis daubentonii,0.01,0.023,-1,Echolocation,/mnt/ubna_data_02_mir/recover-20221013/UBNA_001/20221012_030000.WAV,Telephone Field,recover-20221013,001,1795
1216.4125,1216.4531,68437,82518,Rhinolophus ferrumequinum,0.024,0.024,-1,Echolocation,/mnt/ubna_data_02_mir/recover-20221013/UBNA_001/20221012_030000.WAV,Telephone Field,recover-20221013,001,1795
1216.4525,1216.4918,68437,82657,Rhinolophus ferrumequinum,0.021,0.021,-1,Echolocation,/mnt/ubna_data_02_mir/recover-20221013/UBNA_001/20221012_030000.WAV,Telephone Field,recover-20221013,001,1795
1216.4755,1216.5154,68437,82580,Rhinolophus ferrumequinum,0.029,0.029,-1,Echolocation,/mnt/ubna_data_02_mir/recover-20221013/UBNA_001/20221012_030000.WAV,Telephone Field,recover-20221013,001,1795
1216.5105,1216.5223,23750,29363,Nyctalus leisleri,0.01,0.023,-1,Echolocation,/mnt/ubna_data_02_mir/recover-20221013/UBNA_001/20221012_030000.WAV,Telephone Field,recover-20221013,001,1795
1216.5195,1216.5311,25468,32444,Eptesicus serotinus,0.009,0.023,-1,Echolocation,/mnt/ubna_data_02_mir/recover-20221013/UBNA_001/20221012_030000.WAV,Telephone Field,recover-20221013,001,1795
1216.5445,1216.5866,68437,82771,Rhinolophus ferrumequinum,0.025,0.025,-1,Echolocation,/mnt/ubna_data_02_mir/recover-20221013/UBNA_001/20221012_030000.WAV,Telephone Field,recover-20221013,001,1795
1216.5545,1216.5949,68437,82901,Rhinolophus ferrumequinum,0.024,0.024,-1,Echolocation,/mnt/ubna_data_02_mir/recover-20221013/UBNA_001/20221012_030000.WAV,Telephone Field,recover-20221013,001,1795
1216.5635,1216.5721,23750,31603,Plecotus austriacus,0.01,0.028,-1,Echolocation,/mnt/ubna_data_02_mir/recover-20221013/UBNA_001/20221012_030000.WAV,Telephone Field,recover-20221013,001,1795
1216.5905,1216.63,68437,82794,Rhinolophus ferrumequinum,0.021,0.021,-1,Echolocation,/mnt/ubna_data_02_mir/recover-20221013/UBNA_001/20221012_030000.WAV,Telephone Field,recover-20221013,001,1795
1216.6155,1216.6525,68437,81782,Rhinolophus ferrumequinum,0.021,0.021,-1,Echolocation,/mnt/ubna_data_02_mir/recover-20221013/UBNA_001/20221012_030000.WAV,Telephone Field,recover-20221013,001,1795
1216.6185,1216.6255,26328,38952,Eptesicus serotinus,0.006,0.022,-1,Echolocation,/mnt/ubna_data_02_mir/recover-20221013/UBNA_001/20221012_030000.WAV,Telephone Field,recover-20221013,001,1795
1216.6305,1216.67,68437,82297,Rhinolophus ferrumequinum,0.023,0.023,-1,Echolocation,/mnt/ubna_data_02_mir/recover-20221013/UBNA_001/20221012_030000.WAV,Telephone Field,recover-20221013,001,1795
1216.6655,1216.7072,68437,82639,Rhinolophus ferrumequinum,0.029,0.029,-1,Echolocation,/mnt/ubna_data_02_mir/recover-20221013/UBNA_001/20221012_030000.WAV,Telephone Field,recover-20221013,001,1795
1216.6735,1216.7111,68437,82312,Rhinolophus ferrumequinum,0.023,0.023,-1,Echolocation,/mnt/ubna_data_02_mir/recover-20221013/UBNA_001/20221012_030000.WAV,Telephone Field,recover-20221013,001,1795
1216.6805,1216.6893,27187,42450,Eptesicus serotinus,0.009,0.021,-1,Echolocation,/mnt/ubna_data_02_mir/recover-20221013/UBNA_001/20221012_030000.WAV,Telephone Field,recover-20221013,001,1795
1216.6845,1216.6963,51250,56312,Pipistrellus pipistrellus,0.028,0.037,-1,Echolocation,/mnt/ubna_data_02_mir/recover-20221013/UBNA_001/20221012_030000.WAV,Telephone Field,recover-20221013,001,1795
1216.6855,1216.7273,68437,82597,Rhinolophus ferrumequinum,0.027,0.027,-1,Echolocation,/mnt/ubna_data_02_mir/recover-20221013/UBNA_001/20221012_030000.WAV,Telephone Field,recover-20221013,001,1795
1216.7065,1216.7179,23750,29471,Nyctalus leisleri,0.012,0.025,-1,Echolocation,/mnt/ubna_data_02_mir/recover-20221013/UBNA_001/20221012_030000.WAV,Telephone Field,recover-20221013,001,1795
1216.7855,1216.8235,68437,81530,Rhinolophus ferrumequinum,0.023,0.023,-1,Echolocation,/mnt/ubna_data_02_mir/recover-20221013/UBNA_001/20221012_030000.WAV,Telephone Field,recover-20221013,001,1795
1216.7955,1216.804,28046,38256,Eptesicus serotinus,0.007,0.021,-1,Echolocation,/mnt/ubna_data_02_mir/recover-20221013/UBNA_001/20221012_030000.WAV,Telephone Field,recover-20221013,001,1795
1216.8125,1216.8215,28046,39025,Eptesicus serotinus,0.008,0.022,-1,Echolocation,/mnt/ubna_data_02_mir/recover-20221013/UBNA_001/20221012_030000.WAV,Telephone Field,recover-20221013,001,1795
1216.8515,1216.8939,68437,83035,Rhinolophus ferrumequinum,0.025,0.025,-1,Echolocation,/mnt/ubna_data_02_mir/recover-20221013/UBNA_001/20221012_030000.WAV,Telephone Field,recover-20221013,001,1795
1216.8865,1216.9258,68437,82169,Rhinolophus ferrumequinum,0.021,0.021,-1,Echolocation,/mnt/ubna_data_02_mir/recover-20221013/UBNA_001/20221012_030000.WAV,Telephone Field,recover-20221013,001,1795
1216.9305,1216.9701,68437,82260,Rhinolophus ferrumequinum,0.022,0.022,-1,Echolocation,/mnt/ubna_data_02_mir/recover-20221013/UBNA_001/20221012_030000.WAV,Telephone Field,recover-20221013,001,1795
1216.9555,1216.9623,28906,38690,Eptesicus serotinus,0.008,0.028,-1,Echolocation,/mnt/ubna_data_02_mir/recover-20221013/UBNA_001/20221012_030000.WAV,Telephone Field,recover-20221013,001,1795
1217.0075,1217.0157,28046,39464,Eptesicus serotinus,0.008,0.025,-1,Echolocation,/mnt/ubna_data_02_mir/recover-20221013/UBNA_001/20221012_030000.WAV,Telephone Field,recover-20221013,001,1795
1217.0075,1217.0469,68437,82447,Rhinolophus ferrumequinum,0.023,0.023,-1,Echolocation,/mnt/ubna_data_02_mir/recover-20221013/UBNA_001/20221012_030000.WAV,Telephone Field,recover-20221013,001,1795
1217.0215,1217.0586,68437,81547,Rhinolophus ferrumequinum,0.022,0.022,-1,Echolocation,/mnt/ubna_data_02_mir/recover-20221013/UBNA_001/20221012_030000.WAV,Telephone Field,recover-20221013,001,1795
1217.0515,1217.0607,27187,38842,Eptesicus serotinus,0.008,0.021,-1,Echolocation,/mnt/ubna_data_02_mir/recover-20221013/UBNA_001/20221012_030000.WAV,Telephone Field,recover-20221013,001,1795
1217.0525,1217.0916,68437,82042,Rhinolophus ferrumequinum,0.024,0.024,-1,Echolocation,/mnt/ubna_data_02_mir/recover-20221013/UBNA_001/20221012_030000.WAV,Telephone Field,recover-20221013,001,1795
1217.0765,1217.0844,25468,37982,Eptesicus serotinus,0.006,0.022,-1,Echolocation,/mnt/ubna_data_02_mir/recover-20221013/UBNA_001/20221012_030000.WAV,Telephone Field,recover-20221013,001,1795
1217.0875,1217.097,28046,35983,Eptesicus serotinus,0.009,0.021,-1,Echolocation,/mnt/ubna_data_02_mir/recover-20221013/UBNA_001/20221012_030000.WAV,Telephone Field,recover-20221013,001,1795
1217.1045,1217.1114,27187,40541,Eptesicus serotinus,0.007,0.024,-1,Echolocation,/mnt/ubna_data_02_mir/recover-20221013/UBNA_001/20221012_030000.WAV,Telephone Field,recover-20221013,001,1795
1217.1285,1217.1379,28046,36615,Eptesicus serotinus,0.01,0.024,-1,Echolocation,/mnt/ubna_data_02_mir/recover-20221013/UBNA_001/20221012_030000.WAV,Telephone Field,recover-20221013,001,1795
1217.1455,1217.1846,68437,82163,Rhinolophus ferrumequinum,0.021,0.021,-1,Echolocation,/mnt/ubna_data_02_mir/recover-20221013/UBNA_001/20221012_030000.WAV,Telephone Field,recover-20221013,001,1795
1217.1915,1217.2,28046,39457,Eptesicus serotinus,0.009,0.024,-1,Echolocation,/mnt/ubna_data_02_mir/recover-20221013/UBNA_001/20221012_030000.WAV,Telephone Field,recover-20221013,001,1795
1217.2355,1217.2432,28046,43359,Eptesicus serotinus,0.007,0.023,-1,Echolocation,/mnt/ubna_data_02_mir/recover-20221013/UBNA_001/20221012_030000.WAV,Telephone Field,recover-20221013,001,1795
1217.2585,1217.2657,24609,34457,Plecotus austriacus,0.009,0.028,-1,Echolocation,/mnt/ubna_data_02_mir/recover-20221013/UBNA_001/20221012_030000.WAV,Telephone Field,recover-20221013,001,1795
1217.2655,1217.2736,26328,34235,Eptesicus serotinus,0.008,0.025,-1,Echolocation,/mnt/ubna_data_02_mir/recover-20221013/UBNA_001/20221012_030000.WAV,Telephone Field,recover-20221013,001,1795
1217.2945,1217.3037,46953,51109,Pipistrellus pipistrellus,0.026,0.028,-1,Echolocation,/mnt/ubna_data_02_mir/recover-20221013/UBNA_001/20221012_030000.WAV,Telephone Field,recover-20221013,001,1795
1217.3425,1217.3496,23750,32619,Plecotus austriacus,0.01,0.024,-1,Echolocation,/mnt/ubna_data_02_mir/recover-20221013/UBNA_001/20221012_030000.WAV,Telephone Field,recover-20221013,001,1795
1217.3675,1217.4083,68437,82798,Rhinolophus ferrumequinum,0.024,0.024,-1,Echolocation,/mnt/ubna_data_02_mir/recover-20221013/UBNA_001/20221012_030000.WAV,Telephone Field,recover-20221013,001,1795
1217.3905,1217.4314,68437,82655,Rhinolophus ferrumequinum,0.024,0.024,-1,Echolocation,/mnt/ubna_data_02_mir/recover-20221013/UBNA_001/20221012_030000.WAV,Telephone Field,recover-20221013,001,1795
1217.4195,1217.4603,68437,82652,Rhinolophus ferrumequinum,0.025,0.025,-1,Echolocation,/mnt/ubna_data_02_mir/recover-20221013/UBNA_001/20221012_030000.WAV,Telephone Field,recover-20221013,001,1795
1217.5315,1217.544,23750,30022,Nyctalus leisleri,0.016,0.036,-1,Echolocation,/mnt/ubna_data_02_mir/recover-20221013/UBNA_001/20221012_030000.WAV,Telephone Field,recover-20221013,001,1795
1217.5895,1217.5968,27187,37239,Eptesicus serotinus,0.006,0.023,-1,Echolocation,/mnt/ubna_data_02_mir/recover-20221013/UBNA_001/20221012_030000.WAV,Telephone Field,recover-20221013,001,1795
1217.6095,1217.6514,68437,82314,Rhinolophus ferrumequinum,0.022,0.022,-1,Echolocation,/mnt/ubna_data_02_mir/recover-20221013/UBNA_001/20221012_030000.WAV,Telephone Field,recover-20221013,001,1795
1217.6845,1217.7233,68437,82657,Rhinolophus ferrumequinum,0.025,0.025,-1,Echolocation,/mnt/ubna_data_02_mir/recover-20221013/UBNA_001/20221012_030000.WAV,Telephone Field,recover-20221013,001,1795
1217.6985,1217.7384,68437,82118,Rhinolophus ferrumequinum,0.022,0.022,-1,Echolocation,/mnt/ubna_data_02_mir/recover-20221013/UBNA_001/20221012_030000.WAV,Telephone Field,recover-20221013,001,1795
1217.7035,1217.7115,27187,39246,Eptesicus serotinus,0.008,0.023,-1,Echolocation,/mnt/ubna_data_02_mir/recover-20221013/UBNA_001/20221012_030000.WAV,Telephone Field,recover-20221013,001,1795
1217.7235,1217.7575,68437,81015,Rhinolophus ferrumequinum,0.024,0.024,-1,Echolocation,/mnt/ubna_data_02_mir/recover-20221013/UBNA_001/20221012_030000.WAV,Telephone Field,recover-20221013,001,1795
1217.7415,1217.7816,68437,81973,Rhinolophus ferrumequinum,0.022,0.022,-1,Echolocation,/mnt/ubna_data_02_mir/recover-20221013/UBNA_001/20221012_030000.WAV,Telephone Field,recover-20221013,001,1795
1217.7435,1217.7508,28046,40223,Eptesicus serotinus,0.007,0.025,-1,Echolocation,/mnt/ubna_data_02_mir/recover-20221013/UBNA_001/20221012_030000.WAV,Telephone Field,recover-20221013,001,1795
1217.7855,1217.8247,68437,82068,Rhinolophus ferrumequinum,0.022,0.022,-1,Echolocation,/mnt/ubna_data_02_mir/recover-20221013/UBNA_001/20221012_030000.WAV,Telephone Field,recover-20221013,001,1795
1217.7955,1217.8049,26328,34968,Eptesicus serotinus,0.008,0.021,-1,Echolocation,/mnt/ubna_data_02_mir/recover-20221013/UBNA_001/20221012_030000.WAV,Telephone Field,recover-20221013,001,1795
1217.8225,1217.8605,68437,81891,Rhinolophus ferrumequinum,0.021,0.021,-1,Echolocation,/mnt/ubna_data_02_mir/recover-20221013/UBNA_001/20221012_030000.WAV,Telephone Field,recover-20221013,001,1795
1217.8255,1217.8359,22031,26204,Nyctalus leisleri,0.012,0.024,-1,Echolocation,/mnt/ubna_data_02_mir/recover-20221013/UBNA_001/20221012_030000.WAV,Telephone Field,recover-20221013,001,1795
1217.8935,1217.9311,68437,81318,Rhinolophus ferrumequinum,0.025,0.025,-1,Echolocation,/mnt/ubna_data_02_mir/recover-20221013/UBNA_001/20221012_030000.WAV,Telephone Field,recover-20221013,001,1795
1217.9065,1217.9258,18593,22231,Nyctalus noctula,0.012,0.022,-1,Echolocation,/mnt/ubna_data_02_mir/recover-20221013/UBNA_001/20221012_030000.WAV,Telephone Field,recover-20221013,001,1795
1217.9145,1217.9232,28046,37962,Eptesicus serotinus,0.007,0.021,-1,Echolocation,/mnt/ubna_data_02_mir/recover-20221013/UBNA_001/20221012_030000.WAV,Telephone Field,recover-20221013,001,1795
1217.9385,1217.9462,26328,35862,Eptesicus serotinus,0.008,0.023,-1,Echolocation,/mnt/ubna_data_02_mir/recover-20221013/UBNA_001/20221012_030000.WAV,Telephone Field,recover-20221013,001,1795
1218.0015,1218.0336,69296,81139,Rhinolophus ferrumequinum,0.054,0.054,-1,Echolocation,/mnt/ubna_data_02_mir/recover-20221013/UBNA_001/20221012_030000.WAV,Telephone Field,recover-20221013,001,1795
1218.0015,1218.011,22031,27795,Nyctalus leisleri,0.01,0.023,-1,Echolocation,/mnt/ubna_data_02_mir/recover-20221013/UBNA_001/20221012_030000.WAV,Telephone Field,recover-20221013,001,1795
1218.0135,1218.0546,68437,82849,Rhinolophus ferrumequinum,0.03,0.03,-1,Echolocation,/mnt/ubna_data_02_mir/recover-20221013/UBNA_001/20221012_030000.WAV,Telephone Field,recover-20221013,001,1795
1218.0225,1218.063,68437,82582,Rhinolophus ferrumequinum,0.023,0.023,-1,Echolocation,/mnt/ubna_data_02_mir/recover-20221013/UBNA_001/20221012_030000.WAV,Telephone Field,recover-20221013,001,1795
1218.0305,1218.0374,28046,39033,Eptesicus serotinus,0.006,0.021,-1,Echolocation,/mnt/ubna_data_02_mir/recover-20221013/UBNA_001/20221012_030000.WAV,Telephone Field,recover-20221013,001,1795
1218.0385,1218.0755,68437,81681,Rhinolophus ferrumequinum,0.023,0.023,-1,Echolocation,/mnt/ubna_data_02_mir/recover-20221013/UBNA_001/20221012_030000.WAV,Telephone Field,recover-20221013,001,1795
1218.0445,1218.0522,44375,48504,Pipistrellus pipistrellus,0.02,0.022,-1,Echolocation,/mnt/ubna_data_02_mir/recover-20221013/UBNA_001/20221012_030000.WAV,Telephone Field,recover-20221013,001,1795
1218.0775,1218.1163,68437,81856,Rhinolophus ferrumequinum,0.021,0.021,-1,Echolocation,/mnt/ubna_data_02_mir/recover-20221013/UBNA_001/20221012_030000.WAV,Telephone Field,recover-20221013,001,1795
1218.0815,1218.0968,21171,24933,Nyctalus leisleri,0.014,0.024,-1,Echolocation,/mnt/ubna_data_02_mir/recover-20221013/UBNA_001/20221012_030000.WAV,Telephone Field,recover-20221013,001,1795
1218.1045,1218.1414,68437,81347,Rhinolophus ferrumequinum,0.026,0.026,-1,Echolocation,/mnt/ubna_data_02_mir/recover-20221013/UBNA_001/20221012_030000.WAV,Telephone Field,recover-20221013,001,1795
1218.1275,1218.1391,22031,26810,Nyctalus leisleri,0.01,0.021,-1,Echolocation,/mnt/ubna_data_02_mir/recover-20221013/UBNA_001/20221012_030000.WAV,Telephone Field,recover-20221013,001,1795
1218.1785,1218.219,68437,83087,Rhinolophus ferrumequinum,0.041,0.041,-1,Echolocation,/mnt/ubna_data_02_mir/recover-20221013/UBNA_001/20221012_030000.WAV,Telephone Field,recover-20221013,001,1795
1218.2335,1218.2728,68437,82363,Rhinolophus ferrumequinum,0.022,0.022,-1,Echolocation,/mnt/ubna_data_02_mir/recover-20221013/UBNA_001/20221012_030000.WAV,Telephone Field,recover-20221013,001,1795
1218.2525,1218.2889,68437,81682,Rhinolophus ferrumequinum,0.021,0.021,-1,Echolocation,/mnt/ubna_data_02_mir/recover-20221013/UBNA_001/20221012_030000.WAV,Telephone Field,recover-20221013,001,1795
1218.2645,1218.3069,68437,83247,Rhinolophus ferrumequinum,0.034,0.034,-1,Echolocation,/mnt/ubna_data_02_mir/recover-20221013/UBNA_001/20221012_030000.WAV,Telephone Field,recover-20221013,001,1795
1218.2775,1218.2863,28046,40414,Eptesicus serotinus,0.009,0.026,-1,Echolocation,/mnt/ubna_data_02_mir/recover-20221013/UBNA_001/20221012_030000.WAV,Telephone Field,recover-20221013,001,1795
1218.3365,1218.3442,27187,42146,Eptesicus serotinus,0.008,0.025,-1,Echolocation,/mnt/ubna_data_02_mir/recover-20221013/UBNA_001/20221012_030000.WAV,Telephone Field,recover-20221013,001,1795
1218.3515,1218.3894,68437,82084,Rhinolophus ferrumequinum,0.03,0.03,-1,Echolocation,/mnt/ubna_data_02_mir/recover-20221013/UBNA_001/20221012_030000.WAV,Telephone Field,recover-20221013,001,1795
1218.3785,1218.3849,49531,54422,Pipistrellus pipistrellus,0.02,0.022,-1,Echolocation,/mnt/ubna_data_02_mir/recover-20221013/UBNA_001/20221012_030000.WAV,Telephone Field,recover-20221013,001,1795
1218.3795,1218.3874,22890,31349,Plecotus austriacus,0.016,0.03,-1,Echolocation,/mnt/ubna_data_02_mir/recover-20221013/UBNA_001/20221012_030000.WAV,Telephone Field,recover-20221013,001,1795
1218.3845,1218.4208,68437,82190,Rhinolophus ferrumequinum,0.021,0.021,-1,Echolocation,/mnt/ubna_data_02_mir/recover-20221013/UBNA_001/20221012_030000.WAV,Telephone Field,recover-20221013,001,1795
1218.4015,1218.4144000000001,35781,41291,Pipistrellus nathusii,0.008,0.026,-1,Echolocation,/mnt/ubna_data_02_mir/recover-20221013/UBNA_001/20221012_030000.WAV,Telephone Field,recover-20221013,001,1795
1218.4185,1218.4284,22031,28371,Plecotus austriacus,0.007,0.021,-1,Echolocation,/mnt/ubna_data_02_mir/recover-20221013/UBNA_001/20221012_030000.WAV,Telephone Field,recover-20221013,001,1795
1218.4355,1218.4779,68437,83050,Rhinolophus ferrumequinum,0.058,0.058,-1,Echolocation,/mnt/ubna_data_02_mir/recover-20221013/UBNA_001/20221012_030000.WAV,Telephone Field,recover-20221013,001,1795
1218.4635,1218.4731,27187,35707,Eptesicus serotinus,0.009,0.024,-1,Echolocation,/mnt/ubna_data_02_mir/recover-20221013/UBNA_001/20221012_030000.WAV,Telephone Field,recover-20221013,001,1795
1218.4725,1218.5139,68437,82736,Rhinolophus ferrumequinum,0.025,0.025,-1,Echolocation,/mnt/ubna_data_02_mir/recover-20221013/UBNA_001/20221012_030000.WAV,Telephone Field,recover-20221013,001,1795
1218.4775,1218.4845,28046,40684,Eptesicus serotinus,0.006,0.021,-1,Echolocation,/mnt/ubna_data_02_mir/recover-20221013/UBNA_001/20221012_030000.WAV,Telephone Field,recover-20221013,001,1795
1218.4925,1218.5333,68437,82683,Rhinolophus ferrumequinum,0.023,0.023,-1,Echolocation,/mnt/ubna_data_02_mir/recover-20221013/UBNA_001/20221012_030000.WAV,Telephone Field,recover-20221013,001,1795
1218.4945,1218.5029,28046,40650,Eptesicus serotinus,0.008,0.023,-1,Echolocation,/mnt/ubna_data_02_mir/recover-20221013/UBNA_001/20221012_030000.WAV,Telephone Field,recover-20221013,001,1795
1218.5095,1218.5503,68437,82724,Rhinolophus ferrumequinum,0.028,0.028,-1,Echolocation,/mnt/ubna_data_02_mir/recover-20221013/UBNA_001/20221012_030000.WAV,Telephone Field,recover-20221013,001,1795
1218.5225,1218.532,14296,21004,Nyctalus noctula,0.012,0.025,-1,Echolocation,/mnt/ubna_data_02_mir/recover-20221013/UBNA_001/20221012_030000.WAV,Telephone Field,recover-20221013,001,1795
1218.5365,1218.5761,68437,82798,Rhinolophus ferrumequinum,0.023,0.023,-1,Echolocation,/mnt/ubna_data_02_mir/recover-20221013/UBNA_001/20221012_030000.WAV,Telephone Field,recover-20221013,001,1795
1218.5425,1218.5825,68437,82108,Rhinolophus ferrumequinum,0.022,0.022,-1,Echolocation,/mnt/ubna_data_02_mir/recover-20221013/UBNA_001/20221012_030000.WAV,Telephone Field,recover-20221013,001,1795
1218.5515,1218.5596,22890,31242,Plecotus austriacus,0.01,0.025,-1,Echolocation,/mnt/ubna_data_02_mir/recover-20221013/UBNA_001/20221012_030000.WAV,Telephone Field,recover-20221013,001,1795
1218.5605,1218.5992,68437,81885,Rhinolophus ferrumequinum,0.023,0.023,-1,Echolocation,/mnt/ubna_data_02_mir/recover-20221013/UBNA_001/20221012_030000.WAV,Telephone Field,recover-20221013,001,1795
1218.5815,1218.6207,68437,82316,Rhinolophus ferrumequinum,0.025,0.025,-1,Echolocation,/mnt/ubna_data_02_mir/recover-20221013/UBNA_001/20221012_030000.WAV,Telephone Field,recover-20221013,001,1795
1218.5965,1218.6361,68437,82429,Rhinolophus ferrumequinum,0.021,0.021,-1,Echolocation,/mnt/ubna_data_02_mir/recover-20221013/UBNA_001/20221012_030000.WAV,Telephone Field,recover-20221013,001,1795
1218.6395,1218.6772,68437,81726,Rhinolophus ferrumequinum,0.024,0.025,-1,Echolocation,/mnt/ubna_data_02_mir/recover-20221013/UBNA_001/20221012_030000.WAV,Telephone Field,recover-20221013,001,1795
1218.6515,1218.663,22890,27354,Nyctalus leisleri,0.016,0.026,-1,Echolocation,/mnt/ubna_data_02_mir/recover-20221013/UBNA_001/20221012_030000.WAV,Telephone Field,recover-20221013,001,1795
1218.6685,1218.6776,28046,40418,Eptesicus serotinus,0.008,0.023,-1,Echolocation,/mnt/ubna_data_02_mir/recover-20221013/UBNA_001/20221012_030000.WAV,Telephone Field,recover-20221013,001,1795
1218.6705,1218.7083,68437,82190,Rhinolophus ferrumequinum,0.022,0.023,-1,Echolocation,/mnt/ubna_data_02_mir/recover-20221013/UBNA_001/20221012_030000.WAV,Telephone Field,recover-20221013,001,1795
1218.6835,1218.6928,28046,36952,Eptesicus serotinus,0.009,0.023,-1,Echolocation,/mnt/ubna_data_02_mir/recover-20221013/UBNA_001/20221012_030000.WAV,Telephone Field,recover-20221013,001,1795
1218.7005,1218.7381,68437,81598,Rhinolophus ferrumequinum,0.023,0.023,-1,Echolocation,/mnt/ubna_data_02_mir/recover-20221013/UBNA_001/20221012_030000.WAV,Telephone Field,recover-20221013,001,1795
1218.7185,1218.73,30625,37839,Eptesicus serotinus,0.009,0.021,-1,Echolocation,/mnt/ubna_data_02_mir/recover-20221013/UBNA_001/20221012_030000.WAV,Telephone Field,recover-20221013,001,1795
1218.7445,1218.7557,22890,27546,Nyctalus leisleri,0.011,0.022,-1,Echolocation,/mnt/ubna_data_02_mir/recover-20221013/UBNA_001/20221012_030000.WAV,Telephone Field,recover-20221013,001,1795
1218.7445,1218.7855,68437,82120,Rhinolophus ferrumequinum,0.022,0.022,-1,Echolocation,/mnt/ubna_data_02_mir/recover-20221013/UBNA_001/20221012_030000.WAV,Telephone Field,recover-20221013,001,1795
1218.7505,1218.787,68437,82181,Rhinolophus ferrumequinum,0.021,0.021,-1,Echolocation,/mnt/ubna_data_02_mir/recover-20221013/UBNA_001/20221012_030000.WAV,Telephone Field,recover-20221013,001,1795
1218.7705,1218.7785,26328,38245,Eptesicus serotinus,0.01,0.032,-1,Echolocation,/mnt/ubna_data_02_mir/recover-20221013/UBNA_001/20221012_030000.WAV,Telephone Field,recover-20221013,001,1795
1218.8375,1218.8759,68437,82164,Rhinolophus ferrumequinum,0.025,0.025,-1,Echolocation,/mnt/ubna_data_02_mir/recover-20221013/UBNA_001/20221012_030000.WAV,Telephone Field,recover-20221013,001,1795
1218.8445,1218.8511,45234,52193,Pipistrellus pipistrellus,0.03,0.033,-1,Echolocation,/mnt/ubna_data_02_mir/recover-20221013/UBNA_001/20221012_030000.WAV,Telephone Field,recover-20221013,001,1795
1218.8645,1218.9073,68437,82801,Rhinolophus ferrumequinum,0.028,0.029,-1,Echolocation,/mnt/ubna_data_02_mir/recover-20221013/UBNA_001/20221012_030000.WAV,Telephone Field,recover-20221013,001,1795
1218.8835,1218.9242,68437,83098,Rhinolophus ferrumequinum,0.026,0.026,-1,Echolocation,/mnt/ubna_data_02_mir/recover-20221013/UBNA_001/20221012_030000.WAV,Telephone Field,recover-20221013,001,1795
1218.9135,1218.9227,27187,41493,Eptesicus serotinus,0.01,0.024,-1,Echolocation,/mnt/ubna_data_02_mir/recover-20221013/UBNA_001/20221012_030000.WAV,Telephone Field,recover-20221013,001,1795
1218.9145,1218.9527,68437,82242,Rhinolophus ferrumequinum,0.023,0.023,-1,Echolocation,/mnt/ubna_data_02_mir/recover-20221013/UBNA_001/20221012_030000.WAV,Telephone Field,recover-20221013,001,1795
1218.9345,1218.9718,68437,82161,Rhinolophus ferrumequinum,0.024,0.024,-1,Echolocation,/mnt/ubna_data_02_mir/recover-20221013/UBNA_001/20221012_030000.WAV,Telephone Field,recover-20221013,001,1795
1218.9465,1218.9887,68437,82641,Rhinolophus ferrumequinum,0.051,0.051,-1,Echolocation,/mnt/ubna_data_02_mir/recover-20221013/UBNA_001/20221012_030000.WAV,Telephone Field,recover-20221013,001,1795
1218.9615,1218.9726,32343,39309,Eptesicus serotinus,0.009,0.03,-1,Echolocation,/mnt/ubna_data_02_mir/recover-20221013/UBNA_001/20221012_030000.WAV,Telephone Field,recover-20221013,001,1795
1218.9835,1218.9925,22890,30156,Plecotus austriacus,0.008,0.024,-1,Echolocation,/mnt/ubna_data_02_mir/recover-20221013/UBNA_001/20221012_030000.WAV,Telephone Field,recover-20221013,001,1795
1218.9935,1219.0022,28906,36963,Eptesicus serotinus,0.007,0.021,-1,Echolocation,/mnt/ubna_data_02_mir/recover-20221013/UBNA_001/20221012_030000.WAV,Telephone Field,recover-20221013,001,1795
1219.0105,1219.0489,68437,81526,Rhinolophus ferrumequinum,0.022,0.022,-1,Echolocation,/mnt/ubna_data_02_mir/recover-20221013/UBNA_001/20221012_030000.WAV,Telephone Field,recover-20221013,001,1795
1219.0285,1219.0696,68437,83101,Rhinolophus ferrumequinum,0.037,0.037,-1,Echolocation,/mnt/ubna_data_02_mir/recover-20221013/UBNA_001/20221012_030000.WAV,Telephone Field,recover-20221013,001,1795
1219.0875,1219.1263,68437,82277,Rhinolophus ferrumequinum,0.022,0.022,-1,Echolocation,/mnt/ubna_data_02_mir/recover-20221013/UBNA_001/20221012_030000.WAV,Telephone Field,recover-20221013,001,1795
1219.1005,1219.1362,68437,81070,Rhinolophus ferrumequinum,0.021,0.021,-1,Echolocation,/mnt/ubna_data_02_mir/recover-20221013/UBNA_001/20221012_030000.WAV,Telephone Field,recover-20221013,001,1795
1219.1215,1219.1638,68437,82835,Rhinolophus ferrumequinum,0.03,0.03,-1,Echolocation,/mnt/ubna_data_02_mir/recover-20221013/UBNA_001/20221012_030000.WAV,Telephone Field,recover-20221013,001,1795
1219.1455,1219.1826,68437,81955,Rhinolophus ferrumequinum,0.022,0.022,-1,Echolocation,/mnt/ubna_data_02_mir/recover-20221013/UBNA_001/20221012_030000.WAV,Telephone Field,recover-20221013,001,1795
1219.1525,1219.1907,68437,81730,Rhinolophus ferrumequinum,0.021,0.021,-1,Echolocation,/mnt/ubna_data_02_mir/recover-20221013/UBNA_001/20221012_030000.WAV,Telephone Field,recover-20221013,001,1795
1219.2195,1219.2594,68437,82480,Rhinolophus ferrumequinum,0.026,0.026,-1,Echolocation,/mnt/ubna_data_02_mir/recover-20221013/UBNA_001/20221012_030000.WAV,Telephone Field,recover-20221013,001,1795
1219.2215,1219.2318,23750,30243,Nyctalus leisleri,0.01,0.025,-1,Echolocation,/mnt/ubna_data_02_mir/recover-20221013/UBNA_001/20221012_030000.WAV,Telephone Field,recover-20221013,001,1795
1219.2525,1219.2601,26328,37908,Eptesicus serotinus,0.006,0.022,-1,Echolocation,/mnt/ubna_data_02_mir/recover-20221013/UBNA_001/20221012_030000.WAV,Telephone Field,recover-20221013,001,1795
1219.2965,1219.3344,68437,82292,Rhinolophus ferrumequinum,0.026,0.026,-1,Echolocation,/mnt/ubna_data_02_mir/recover-20221013/UBNA_001/20221012_030000.WAV,Telephone Field,recover-20221013,001,1795
1219.3295,1219.3697,68437,82415,Rhinolophus ferrumequinum,0.021,0.021,-1,Echolocation,/mnt/ubna_data_02_mir/recover-20221013/UBNA_001/20221012_030000.WAV,Telephone Field,recover-20221013,001,1795
1219.3565,1219.3643,27187,38269,Eptesicus serotinus,0.007,0.021,-1,Echolocation,/mnt/ubna_data_02_mir/recover-20221013/UBNA_001/20221012_030000.WAV,Telephone Field,recover-20221013,001,1795
1219.3835,1219.3928,28906,39901,Eptesicus serotinus,0.007,0.021,-1,Echolocation,/mnt/ubna_data_02_mir/recover-20221013/UBNA_001/20221012_030000.WAV,Telephone Field,recover-20221013,001,1795
1219.3985,1219.4072,28046,38637,Eptesicus serotinus,0.008,0.022,-1,Echolocation,/mnt/ubna_data_02_mir/recover-20221013/UBNA_001/20221012_030000.WAV,Telephone Field,recover-20221013,001,1795
1219.4115,1219.4182,35781,42541,Barbastellus barbastellus,0.031,0.052,-1,Echolocation,/mnt/ubna_data_02_mir/recover-20221013/UBNA_001/20221012_030000.WAV,Telephone Field,recover-20221013,001,1795
1219.4125,1219.4186,26328,42860,Eptesicus serotinus,0.007,0.031,-1,Echolocation,/mnt/ubna_data_02_mir/recover-20221013/UBNA_001/20221012_030000.WAV,Telephone Field,recover-20221013,001,1795
1219.4235,1219.4315,27187,37663,Eptesicus serotinus,0.007,0.021,-1,Echolocation,/mnt/ubna_data_02_mir/recover-20221013/UBNA_001/20221012_030000.WAV,Telephone Field,recover-20221013,001,1795
1219.4855,1219.525,68437,82300,Rhinolophus ferrumequinum,0.029,0.029,-1,Echolocation,/mnt/ubna_data_02_mir/recover-20221013/UBNA_001/20221012_030000.WAV,Telephone Field,recover-20221013,001,1795
1219.5305,1219.5381,28046,39029,Eptesicus serotinus,0.006,0.021,-1,Echolocation,/mnt/ubna_data_02_mir/recover-20221013/UBNA_001/20221012_030000.WAV,Telephone Field,recover-20221013,001,1795
1219.5405,1219.5515,14296,20190,Nyctalus noctula,0.01,0.022,-1,Echolocation,/mnt/ubna_data_02_mir/recover-20221013/UBNA_001/20221012_030000.WAV,Telephone Field,recover-20221013,001,1795
1219.5685,1219.6045,68437,81676,Rhinolophus ferrumequinum,0.021,0.021,-1,Echolocation,/mnt/ubna_data_02_mir/recover-20221013/UBNA_001/20221012_030000.WAV,Telephone Field,recover-20221013,001,1795
1219.5845,1219.5945,28046,36326,Eptesicus serotinus,0.008,0.022,-1,Echolocation,/mnt/ubna_data_02_mir/recover-20221013/UBNA_001/20221012_030000.WAV,Telephone Field,recover-20221013,001,1795
1219.6025,1219.638,68437,81680,Rhinolophus ferrumequinum,0.024,0.024,-1,Echolocation,/mnt/ubna_data_02_mir/recover-20221013/UBNA_001/20221012_030000.WAV,Telephone Field,recover-20221013,001,1795
1219.6035,1219.6113,45234,49768,Pipistrellus pipistrellus,0.028,0.029,-1,Echolocation,/mnt/ubna_data_02_mir/recover-20221013/UBNA_001/20221012_030000.WAV,Telephone Field,recover-20221013,001,1795
1219.6435,1219.6524,28906,37057,Eptesicus serotinus,0.008,0.023,-1,Echolocation,/mnt/ubna_data_02_mir/recover-20221013/UBNA_001/20221012_030000.WAV,Telephone Field,recover-20221013,001,1795
1219.6435,1219.6822,68437,82430,Rhinolophus ferrumequinum,0.023,0.023,-1,Echolocation,/mnt/ubna_data_02_mir/recover-20221013/UBNA_001/20221012_030000.WAV,Telephone Field,recover-20221013,001,1795
1219.6655,1219.676,22031,26491,Nyctalus leisleri,0.011,0.021,-1,Echolocation,/mnt/ubna_data_02_mir/recover-20221013/UBNA_001/20221012_030000.WAV,Telephone Field,recover-20221013,001,1795
1219.7115,1219.7542,68437,83299,Rhinolophus ferrumequinum,0.033,0.033,-1,Echolocation,/mnt/ubna_data_02_mir/recover-20221013/UBNA_001/20221012_030000.WAV,Telephone Field,recover-20221013,001,1795
1219.7135,1219.7207,23750,33488,Plecotus austriacus,0.017,0.037,-1,Echolocation,/mnt/ubna_data_02_mir/recover-20221013/UBNA_001/20221012_030000.WAV,Telephone Field,recover-20221013,001,1795
1219.7375,1219.7789,68437,83041,Rhinolophus ferrumequinum,0.032,0.032,-1,Echolocation,/mnt/ubna_data_02_mir/recover-20221013/UBNA_001/20221012_030000.WAV,Telephone Field,recover-20221013,001,1795
1219.7495,1219.7588,28906,40452,Eptesicus serotinus,0.008,0.022,-1,Echolocation,/mnt/ubna_data_02_mir/recover-20221013/UBNA_001/20221012_030000.WAV,Telephone Field,recover-20221013,001,1795
1219.7815,1219.8195,68437,82284,Rhinolophus ferrumequinum,0.021,0.021,-1,Echolocation,/mnt/ubna_data_02_mir/recover-20221013/UBNA_001/20221012_030000.WAV,Telephone Field,recover-20221013,001,1795
1219.7835,1219.7907,38359,45584,Myotis daubentonii,0.009,0.022,-1,Echolocation,/mnt/ubna_data_02_mir/recover-20221013/UBNA_001/20221012_030000.WAV,Telephone Field,recover-20221013,001,1795
1219.7895,1219.829,68437,82030,Rhinolophus ferrumequinum,0.024,0.024,-1,Echolocation,/mnt/ubna_data_02_mir/recover-20221013/UBNA_001/20221012_030000.WAV,Telephone Field,recover-20221013,001,1795
1219.8545,1219.8909,68437,81597,Rhinolophus ferrumequinum,0.023,0.023,-1,Echolocation,/mnt/ubna_data_02_mir/recover-20221013/UBNA_001/20221012_030000.WAV,Telephone Field,recover-20221013,001,1795
1219.8545,1219.8648,22890,29008,Nyctalus leisleri,0.009,0.025,-1,Echolocation,/mnt/ubna_data_02_mir/recover-20221013/UBNA_001/20221012_030000.WAV,Telephone Field,recover-20221013,001,1795
1219.9205,1219.9587,68437,81833,Rhinolophus ferrumequinum,0.022,0.022,-1,Echolocation,/mnt/ubna_data_02_mir/recover-20221013/UBNA_001/20221012_030000.WAV,Telephone Field,recover-20221013,001,1795
1219.9385,1219.9792,68437,82498,Rhinolophus ferrumequinum,0.025,0.025,-1,Echolocation,/mnt/ubna_data_02_mir/recover-20221013/UBNA_001/20221012_030000.WAV,Telephone Field,recover-20221013,001,1795
1219.9815,1219.988,48671,52418,Pipistrellus pipistrellus,0.021,0.022,-1,Echolocation,/mnt/ubna_data_02_mir/recover-20221013/UBNA_001/20221012_030000.WAV,Telephone Field,recover-20221013,001,1795
1220.0015,1220.026,71015,85585,Rhinolophus ferrumequinum,0.029,0.029,-1,Echolocation,/mnt/ubna_data_02_mir/recover-20221013/UBNA_001/20221012_030000.WAV,Telephone Field,recover-20221013,001,1795
1220.0015,1220.0144,48671,54391,Pipistrellus pipistrellus,0.016,0.023,-1,Echolocation,/mnt/ubna_data_02_mir/recover-20221013/UBNA_001/20221012_030000.WAV,Telephone Field,recover-20221013,001,1795
1220.0015,1220.0093,24609,32682,Nyctalus leisleri,0.007,0.027,-1,Echolocation,/mnt/ubna_data_02_mir/recover-20221013/UBNA_001/20221012_030000.WAV,Telephone Field,recover-20221013,001,1795
1220.0315,1220.0429,51250,60005,Pipistrellus pipistrellus,0.017,0.023,-1,Echolocation,/mnt/ubna_data_02_mir/recover-20221013/UBNA_001/20221012_030000.WAV,Telephone Field,recover-20221013,001,1795
1220.0525,1220.091,68437,82146,Rhinolophus ferrumequinum,0.024,0.024,-1,Echolocation,/mnt/ubna_data_02_mir/recover-20221013/UBNA_001/20221012_030000.WAV,Telephone Field,recover-20221013,001,1795
1220.0655,1220.0747,28046,36939,Eptesicus serotinus,0.008,0.022,-1,Echolocation,/mnt/ubna_data_02_mir/recover-20221013/UBNA_001/20221012_030000.WAV,Telephone Field,recover-20221013,001,1795
1220.0825,1220.1183,68437,81558,Rhinolophus ferrumequinum,0.021,0.021,-1,Echolocation,/mnt/ubna_data_02_mir/recover-20221013/UBNA_001/20221012_030000.WAV,Telephone Field,recover-20221013,001,1795
1220.0885,1220.1243,68437,81189,Rhinolophus ferrumequinum,0.023,0.023,-1,Echolocation,/mnt/ubna_data_02_mir/recover-20221013/UBNA_001/20221012_030000.WAV,Telephone Field,recover-20221013,001,1795
1220.1045,1220.1459,68437,81945,Rhinolophus ferrumequinum,0.024,0.024,-1,Echolocation,/mnt/ubna_data_02_mir/recover-20221013/UBNA_001/20221012_030000.WAV,Telephone Field,recover-20221013,001,1795
1220.1255,1220.1328,47812,52168,Pipistrellus pipistrellus,0.023,0.024,-1,Echolocation,/mnt/ubna_data_02_mir/recover-20221013/UBNA_001/20221012_030000.WAV,Telephone Field,recover-20221013,001,1795
1220.1385,1220.1492,23750,30301,Nyctalus leisleri,0.009,0.024,-1,Echolocation,/mnt/ubna_data_02_mir/recover-20221013/UBNA_001/20221012_030000.WAV,Telephone Field,recover-20221013,001,1795
1220.1445,1220.1824,68437,81146,Rhinolophus ferrumequinum,0.021,0.021,-1,Echolocation,/mnt/ubna_data_02_mir/recover-20221013/UBNA_001/20221012_030000.WAV,Telephone Field,recover-20221013,001,1795
1220.2455,1220.2822,68437,81474,Rhinolophus ferrumequinum,0.021,0.021,-1,Echolocation,/mnt/ubna_data_02_mir/recover-20221013/UBNA_001/20221012_030000.WAV,Telephone Field,recover-20221013,001,1795
1220.2875,1220.3239,68437,81220,Rhinolophus ferrumequinum,0.021,0.021,-1,Echolocation,/mnt/ubna_data_02_mir/recover-20221013/UBNA_001/20221012_030000.WAV,Telephone Field,recover-20221013,001,1795
1220.2955,1220.3024,28906,39733,Eptesicus serotinus,0.006,0.023,-1,Echolocation,/mnt/ubna_data_02_mir/recover-20221013/UBNA_001/20221012_030000.WAV,Telephone Field,recover-20221013,001,1795
1220.2955,1220.3296,68437,80609,Rhinolophus ferrumequinum,0.02,0.021,-1,Echolocation,/mnt/ubna_data_02_mir/recover-20221013/UBNA_001/20221012_030000.WAV,Telephone Field,recover-20221013,001,1795
1220.3755,1220.3854,24609,31534,Nyctalus leisleri,0.009,0.024,-1,Echolocation,/mnt/ubna_data_02_mir/recover-20221013/UBNA_001/20221012_030000.WAV,Telephone Field,recover-20221013,001,1795
1220.4435,1220.4869,68437,83134,Rhinolophus ferrumequinum,0.029,0.029,-1,Echolocation,/mnt/ubna_data_02_mir/recover-20221013/UBNA_001/20221012_030000.WAV,Telephone Field,recover-20221013,001,1795
1220.4525,1220.4619,28046,36725,Eptesicus serotinus,0.007,0.021,-1,Echolocation,/mnt/ubna_data_02_mir/recover-20221013/UBNA_001/20221012_030000.WAV,Telephone Field,recover-20221013,001,1795
1220.4615,1220.4986,68437,82013,Rhinolophus ferrumequinum,0.023,0.023,-1,Echolocation,/mnt/ubna_data_02_mir/recover-20221013/UBNA_001/20221012_030000.WAV,Telephone Field,recover-20221013,001,1795
1220.4785,1220.5166,68437,82182,Rhinolophus ferrumequinum,0.021,0.021,-1,Echolocation,/mnt/ubna_data_02_mir/recover-20221013/UBNA_001/20221012_030000.WAV,Telephone Field,recover-20221013,001,1795
1220.4785,1220.4869,24609,32519,Plecotus austriacus,0.006,0.021,-1,Echolocation,/mnt/ubna_data_02_mir/recover-20221013/UBNA_001/20221012_030000.WAV,Telephone Field,recover-20221013,001,1795
1220.5255,1220.5657,68437,82734,Rhinolophus ferrumequinum,0.031,0.031,-1,Echolocation,/mnt/ubna_data_02_mir/recover-20221013/UBNA_001/20221012_030000.WAV,Telephone Field,recover-20221013,001,1795
1220.5545,1220.5911,68437,80943,Rhinolophus ferrumequinum,0.021,0.021,-1,Echolocation,/mnt/ubna_data_02_mir/recover-20221013/UBNA_001/20221012_030000.WAV,Telephone Field,recover-20221013,001,1795
1220.6035,1220.6423,68437,82119,Rhinolophus ferrumequinum,0.021,0.021,-1,Echolocation,/mnt/ubna_data_02_mir/recover-20221013/UBNA_001/20221012_030000.WAV,Telephone Field,recover-20221013,001,1795
1220.6265,1220.6346,28046,39294,Eptesicus serotinus,0.007,0.02,-1,Echolocation,/mnt/ubna_data_02_mir/recover-20221013/UBNA_001/20221012_030000.WAV,Telephone Field,recover-20221013,001,1795
1220.6385,1220.6761,68437,81770,Rhinolophus ferrumequinum,0.022,0.022,-1,Echolocation,/mnt/ubna_data_02_mir/recover-20221013/UBNA_001/20221012_030000.WAV,Telephone Field,recover-20221013,001,1795
1220.6595,1220.6963,68437,82256,Rhinolophus ferrumequinum,0.022,0.022,-1,Echolocation,/mnt/ubna_data_02_mir/recover-20221013/UBNA_001/20221012_030000.WAV,Telephone Field,recover-20221013,001,1795
1220.6975,1220.7096,51250,55560,Pipistrellus pipistrellus,0.019,0.027,-1,Echolocation,/mnt/ubna_data_02_mir/recover-20221013/UBNA_001/20221012_030000.WAV,Telephone Field,recover-20221013,001,1795
1220.7115,1220.7518,68437,82765,Rhinolophus ferrumequinum,0.025,0.025,-1,Echolocation,/mnt/ubna_data_02_mir/recover-20221013/UBNA_001/20221012_030000.WAV,Telephone Field,recover-20221013,001,1795
1220.7415,1220.7832,68437,82943,Rhinolophus ferrumequinum,0.026,0.026,-1,Echolocation,/mnt/ubna_data_02_mir/recover-20221013/UBNA_001/20221012_030000.WAV,Telephone Field,recover-20221013,001,1795
1220.7875,1220.8251,68437,82032,Rhinolophus ferrumequinum,0.021,0.021,-1,Echolocation,/mnt/ubna_data_02_mir/recover-20221013/UBNA_001/20221012_030000.WAV,Telephone Field,recover-20221013,001,1795
1220.8045,1220.8443,68437,82188,Rhinolophus ferrumequinum,0.024,0.024,-1,Echolocation,/mnt/ubna_data_02_mir/recover-20221013/UBNA_001/20221012_030000.WAV,Telephone Field,recover-20221013,001,1795
1220.8755,1220.882,27187,43457,Eptesicus serotinus,0.007,0.026,-1,Echolocation,/mnt/ubna_data_02_mir/recover-20221013/UBNA_001/20221012_030000.WAV,Telephone Field,recover-20221013,001,1795
1220.9065,1220.9175,27187,34800,Eptesicus serotinus,0.011,0.023,-1,Echolocation,/mnt/ubna_data_02_mir/recover-20221013/UBNA_001/20221012_030000.WAV,Telephone Field,recover-20221013,001,1795
1220.9215,1220.9636,68437,82642,Rhinolophus ferrumequinum,0.041,0.041,-1,Echolocation,/mnt/ubna_data_02_mir/recover-20221013/UBNA_001/20221012_030000.WAV,Telephone Field,recover-20221013,001,1795
1220.9425,1220.9517,28046,36448,Eptesicus serotinus,0.008,0.02,-1,Echolocation,/mnt/ubna_data_02_mir/recover-20221013/UBNA_001/20221012_030000.WAV,Telephone Field,recover-20221013,001,1795
1220.9925,1221.0003,46093,56846,Pipistrellus pipistrellus,0.025,0.03,-1,Echolocation,/mnt/ubna_data_02_mir/recover-20221013/UBNA_001/20221012_030000.WAV,Telephone Field,recover-20221013,001,1795
1221.0115,1221.0553,68437,83365,Rhinolophus ferrumequinum,0.036,0.036,-1,Echolocation,/mnt/ubna_data_02_mir/recover-20221013/UBNA_001/20221012_030000.WAV,Telephone Field,recover-20221013,001,1795
1221.0135,1221.0211,28046,38773,Eptesicus serotinus,0.007,0.023,-1,Echolocation,/mnt/ubna_data_02_mir/recover-20221013/UBNA_001/20221012_030000.WAV,Telephone Field,recover-20221013,001,1795
1221.0365,1221.0777,68437,82914,Rhinolophus ferrumequinum,0.028,0.028,-1,Echolocation,/mnt/ubna_data_02_mir/recover-20221013/UBNA_001/20221012_030000.WAV,Telephone Field,recover-20221013,001,1795
1221.0395,1221.0464,28046,40350,Eptesicus serotinus,0.005,0.02,-1,Echolocation,/mnt/ubna_data_02_mir/recover-20221013/UBNA_001/20221012_030000.WAV,Telephone Field,recover-20221013,001,1795
1221.0725,1221.1144,68437,81887,Rhinolophus ferrumequinum,0.022,0.022,-1,Echolocation,/mnt/ubna_data_02_mir/recover-20221013/UBNA_001/20221012_030000.WAV,Telephone Field,recover-20221013,001,1795
1221.0955,1221.102,27187,40355,Eptesicus serotinus,0.006,0.023,-1,Echolocation,/mnt/ubna_data_02_mir/recover-20221013/UBNA_001/20221012_030000.WAV,Telephone Field,recover-20221013,001,1795
1221.1095,1221.1464,68437,82173,Rhinolophus ferrumequinum,0.024,0.024,-1,Echolocation,/mnt/ubna_data_02_mir/recover-20221013/UBNA_001/20221012_030000.WAV,Telephone Field,recover-20221013,001,1795
1221.1125,1221.1215,28046,37138,Eptesicus serotinus,0.009,0.022,-1,Echolocation,/mnt/ubna_data_02_mir/recover-20221013/UBNA_001/20221012_030000.WAV,Telephone Field,recover-20221013,001,1795
1221.1345,1221.1455,49531,54562,Pipistrellus pipistrellus,0.017,0.021,-1,Echolocation,/mnt/ubna_data_02_mir/recover-20221013/UBNA_001/20221012_030000.WAV,Telephone Field,recover-20221013,001,1795
1221.1565,1221.1932,68437,82131,Rhinolophus ferrumequinum,0.022,0.022,-1,Echolocation,/mnt/ubna_data_02_mir/recover-20221013/UBNA_001/20221012_030000.WAV,Telephone Field,recover-20221013,001,1795
1221.2085,1221.2166,27187,39826,Eptesicus serotinus,0.008,0.024,-1,Echolocation,/mnt/ubna_data_02_mir/recover-20221013/UBNA_001/20221012_030000.WAV,Telephone Field,recover-20221013,001,1795
1221.2195,1221.2272,28906,38328,Myotis daubentonii,0.008,0.026,-1,Echolocation,/mnt/ubna_data_02_mir/recover-20221013/UBNA_001/20221012_030000.WAV,Telephone Field,recover-20221013,001,1795
1221.2755,1221.2876,22890,27220,Nyctalus leisleri,0.016,0.028,-1,Echolocation,/mnt/ubna_data_02_mir/recover-20221013/UBNA_001/20221012_030000.WAV,Telephone Field,recover-20221013,001,1795
1221.2955,1221.3032,26328,36219,Eptesicus serotinus,0.007,0.022,-1,Echolocation,/mnt/ubna_data_02_mir/recover-20221013/UBNA_001/20221012_030000.WAV,Telephone Field,recover-20221013,001,1795
1221.3035,1221.3394,68437,81678,Rhinolophus ferrumequinum,0.022,0.022,-1,Echolocation,/mnt/ubna_data_02_mir/recover-20221013/UBNA_001/20221012_030000.WAV,Telephone Field,recover-20221013,001,1795
1221.3675,1221.4074,68437,82260,Rhinolophus ferrumequinum,0.022,0.022,-1,Echolocation,/mnt/ubna_data_02_mir/recover-20221013/UBNA_001/20221012_030000.WAV,Telephone Field,recover-20221013,001,1795
1221.4145,1221.4538,68437,81859,Rhinolophus ferrumequinum,0.022,0.022,-1,Echolocation,/mnt/ubna_data_02_mir/recover-20221013/UBNA_001/20221012_030000.WAV,Telephone Field,recover-20221013,001,1795
1221.4295,1221.4685,68437,81960,Rhinolophus ferrumequinum,0.022,0.022,-1,Echolocation,/mnt/ubna_data_02_mir/recover-20221013/UBNA_001/20221012_030000.WAV,Telephone Field,recover-20221013,001,1795
1221.4455,1221.4835,68437,82214,Rhinolophus ferrumequinum,0.022,0.022,-1,Echolocation,/mnt/ubna_data_02_mir/recover-20221013/UBNA_001/20221012_030000.WAV,Telephone Field,recover-20221013,001,1795
1221.4785,1221.4881,23750,30456,Nyctalus leisleri,0.007,0.024,-1,Echolocation,/mnt/ubna_data_02_mir/recover-20221013/UBNA_001/20221012_030000.WAV,Telephone Field,recover-20221013,001,1795
1221.5195,1221.5608,68437,82427,Rhinolophus ferrumequinum,0.024,0.024,-1,Echolocation,/mnt/ubna_data_02_mir/recover-20221013/UBNA_001/20221012_030000.WAV,Telephone Field,recover-20221013,001,1795
1221.5365,1221.5759,68437,81977,Rhinolophus ferrumequinum,0.023,0.023,-1,Echolocation,/mnt/ubna_data_02_mir/recover-20221013/UBNA_001/20221012_030000.WAV,Telephone Field,recover-20221013,001,1795
1221.5425,1221.5814,68437,82416,Rhinolophus ferrumequinum,0.022,0.022,-1,Echolocation,/mnt/ubna_data_02_mir/recover-20221013/UBNA_001/20221012_030000.WAV,Telephone Field,recover-20221013,001,1795
1221.5435,1221.5502,28046,38655,Eptesicus serotinus,0.007,0.023,-1,Echolocation,/mnt/ubna_data_02_mir/recover-20221013/UBNA_001/20221012_030000.WAV,Telephone Field,recover-20221013,001,1795
1221.5595,1221.5722,22890,28062,Nyctalus leisleri,0.011,0.022,-1,Echolocation,/mnt/ubna_data_02_mir/recover-20221013/UBNA_001/20221012_030000.WAV,Telephone Field,recover-20221013,001,1795
1221.5675,1221.5757,23750,31829,Plecotus austriacus,0.01,0.026,-1,Echolocation,/mnt/ubna_data_02_mir/recover-20221013/UBNA_001/20221012_030000.WAV,Telephone Field,recover-20221013,001,1795
1221.5765,1221.6162,68437,81979,Rhinolophus ferrumequinum,0.023,0.023,-1,Echolocation,/mnt/ubna_data_02_mir/recover-20221013/UBNA_001/20221012_030000.WAV,Telephone Field,recover-20221013,001,1795
1221.6035,1221.6112,27187,40296,Eptesicus serotinus,0.007,0.022,-1,Echolocation,/mnt/ubna_data_02_mir/recover-20221013/UBNA_001/20221012_030000.WAV,Telephone Field,recover-20221013,001,1795
1221.6045,1221.6116,31484,42806,Myotis daubentonii,0.009,0.021,-1,Echolocation,/mnt/ubna_data_02_mir/recover-20221013/UBNA_001/20221012_030000.WAV,Telephone Field,recover-20221013,001,1795
1221.6065,1221.6501,68437,82761,Rhinolophus ferrumequinum,0.025,0.025,-1,Echolocation,/mnt/ubna_data_02_mir/recover-20221013/UBNA_001/20221012_030000.WAV,Telephone Field,recover-20221013,001,1795
1221.6175,1221.6257,28046,39632,Eptesicus serotinus,0.008,0.022,-1,Echolocation,/mnt/ubna_data_02_mir/recover-20221013/UBNA_001/20221012_030000.WAV,Telephone Field,recover-20221013,001,1795
1221.6265,1221.663,68437,81759,Rhinolophus ferrumequinum,0.021,0.021,-1,Echolocation,/mnt/ubna_data_02_mir/recover-20221013/UBNA_001/20221012_030000.WAV,Telephone Field,recover-20221013,001,1795
1221.6465,1221.6855,68437,81407,Rhinolophus ferrumequinum,0.023,0.023,-1,Echolocation,/mnt/ubna_data_02_mir/recover-20221013/UBNA_001/20221012_030000.WAV,Telephone Field,recover-20221013,001,1795
1221.6905,1221.6989,27187,37459,Eptesicus serotinus,0.008,0.023,-1,Echolocation,/mnt/ubna_data_02_mir/recover-20221013/UBNA_001/20221012_030000.WAV,Telephone Field,recover-20221013,001,1795
1221.6945,1221.7338,68437,81791,Rhinolophus ferrumequinum,0.024,0.024,-1,Echolocation,/mnt/ubna_data_02_mir/recover-20221013/UBNA_001/20221012_030000.WAV,Telephone Field,recover-20221013,001,1795
1221.7085,1221.7185,22890,28098,Nyctalus leisleri,0.011,0.023,-1,Echolocation,/mnt/ubna_data_02_mir/recover-20221013/UBNA_001/20221012_030000.WAV,Telephone Field,recover-20221013,001,1795
1221.7535,1221.7922,68437,82573,Rhinolophus ferrumequinum,0.022,0.022,-1,Echolocation,/mnt/ubna_data_02_mir/recover-20221013/UBNA_001/20221012_030000.WAV,Telephone Field,recover-20221013,001,1795
1221.7695,1221.7806,23750,29104,Nyctalus leisleri,0.012,0.025,-1,Echolocation,/mnt/ubna_data_02_mir/recover-20221013/UBNA_001/20221012_030000.WAV,Telephone Field,recover-20221013,001,1795
1221.7865,1221.7957,28046,39451,Eptesicus serotinus,0.009,0.029,-1,Echolocation,/mnt/ubna_data_02_mir/recover-20221013/UBNA_001/20221012_030000.WAV,Telephone Field,recover-20221013,001,1795
1221.8015,1221.8401,68437,82342,Rhinolophus ferrumequinum,0.022,0.022,-1,Echolocation,/mnt/ubna_data_02_mir/recover-20221013/UBNA_001/20221012_030000.WAV,Telephone Field,recover-20221013,001,1795
1221.8095,1221.852,68437,82953,Rhinolophus ferrumequinum,0.023,0.023,-1,Echolocation,/mnt/ubna_data_02_mir/recover-20221013/UBNA_001/20221012_030000.WAV,Telephone Field,recover-20221013,001,1795
1221.8395,1221.8755,68437,82157,Rhinolophus ferrumequinum,0.021,0.021,-1,Echolocation,/mnt/ubna_data_02_mir/recover-20221013/UBNA_001/20221012_030000.WAV,Telephone Field,recover-20221013,001,1795
1221.8745,1221.8843,23750,30300,Nyctalus leisleri,0.007,0.021,-1,Echolocation,/mnt/ubna_data_02_mir/recover-20221013/UBNA_001/20221012_030000.WAV,Telephone Field,recover-20221013,001,1795
1221.9155,1221.9228,27187,38919,Eptesicus serotinus,0.006,0.022,-1,Echolocation,/mnt/ubna_data_02_mir/recover-20221013/UBNA_001/20221012_030000.WAV,Telephone Field,recover-20221013,001,1795
1221.9565,1221.9986,68437,83047,Rhinolophus ferrumequinum,0.025,0.025,-1,Echolocation,/mnt/ubna_data_02_mir/recover-20221013/UBNA_001/20221012_030000.WAV,Telephone Field,recover-20221013,001,1795
1221.9675,1221.9747,28046,43646,Eptesicus serotinus,0.007,0.022,-1,Echolocation,/mnt/ubna_data_02_mir/recover-20221013/UBNA_001/20221012_030000.WAV,Telephone Field,recover-20221013,001,1795
1222.0015,1222.0327,68437,79752,Rhinolophus ferrumequinum,0.03,0.031,-1,Echolocation,/mnt/ubna_data_02_mir/recover-20221013/UBNA_001/20221012_030000.WAV,Telephone Field,recover-20221013,001,1795
1222.0015,1222.0102,23750,32728,Nyctalus leisleri,0.007,0.024,-1,Echolocation,/mnt/ubna_data_02_mir/recover-20221013/UBNA_001/20221012_030000.WAV,Telephone Field,recover-20221013,001,1795
1222.0125,1222.0226,28906,36937,Eptesicus serotinus,0.011,0.025,-1,Echolocation,/mnt/ubna_data_02_mir/recover-20221013/UBNA_001/20221012_030000.WAV,Telephone Field,recover-20221013,001,1795
1222.0155,1222.0536,68437,82630,Rhinolophus ferrumequinum,0.022,0.022,-1,Echolocation,/mnt/ubna_data_02_mir/recover-20221013/UBNA_001/20221012_030000.WAV,Telephone Field,recover-20221013,001,1795
1222.0415,1222.052,22890,28100,Nyctalus leisleri,0.011,0.022,-1,Echolocation,/mnt/ubna_data_02_mir/recover-20221013/UBNA_001/20221012_030000.WAV,Telephone Field,recover-20221013,001,1795
1222.0535,1222.0631,42656,46299,Pipistrellus pipistrellus,0.019,0.023,-1,Echolocation,/mnt/ubna_data_02_mir/recover-20221013/UBNA_001/20221012_030000.WAV,Telephone Field,recover-20221013,001,1795
1222.0755,1222.1194,68437,83614,Rhinolophus ferrumequinum,0.052,0.052,-1,Echolocation,/mnt/ubna_data_02_mir/recover-20221013/UBNA_001/20221012_030000.WAV,Telephone Field,recover-20221013,001,1795
1222.0985,1222.1382,68437,82414,Rhinolophus ferrumequinum,0.022,0.022,-1,Echolocation,/mnt/ubna_data_02_mir/recover-20221013/UBNA_001/20221012_030000.WAV,Telephone Field,recover-20221013,001,1795
1222.1335,1222.1742,68437,82463,Rhinolophus ferrumequinum,0.03,0.03,-1,Echolocation,/mnt/ubna_data_02_mir/recover-20221013/UBNA_001/20221012_030000.WAV,Telephone Field,recover-20221013,001,1795
1222.1535,1222.1944,68437,82770,Rhinolophus ferrumequinum,0.028,0.028,-1,Echolocation,/mnt/ubna_data_02_mir/recover-20221013/UBNA_001/20221012_030000.WAV,Telephone Field,recover-20221013,001,1795
1222.1675,1222.2084,68437,82679,Rhinolophus ferrumequinum,0.023,0.023,-1,Echolocation,/mnt/ubna_data_02_mir/recover-20221013/UBNA_001/20221012_030000.WAV,Telephone Field,recover-20221013,001,1795
1222.1795,1222.2172,68437,82189,Rhinolophus ferrumequinum,0.021,0.021,-1,Echolocation,/mnt/ubna_data_02_mir/recover-20221013/UBNA_001/20221012_030000.WAV,Telephone Field,recover-20221013,001,1795
1222.1965,1222.2334,68437,81939,Rhinolophus ferrumequinum,0.021,0.021,-1,Echolocation,/mnt/ubna_data_02_mir/recover-20221013/UBNA_001/20221012_030000.WAV,Telephone Field,recover-20221013,001,1795
1222.2085,1222.2199,22031,26554,Nyctalus leisleri,0.011,0.022,-1,Echolocation,/mnt/ubna_data_02_mir/recover-20221013/UBNA_001/20221012_030000.WAV,Telephone Field,recover-20221013,001,1795
1222.2105,1222.2525,68437,82610,Rhinolophus ferrumequinum,0.031,0.031,-1,Echolocation,/mnt/ubna_data_02_mir/recover-20221013/UBNA_001/20221012_030000.WAV,Telephone Field,recover-20221013,001,1795
1222.2335,1222.2454,22890,28202,Nyctalus leisleri,0.01,0.021,-1,Echolocation,/mnt/ubna_data_02_mir/recover-20221013/UBNA_001/20221012_030000.WAV,Telephone Field,recover-20221013,001,1795
1222.2365,1222.2774,68437,83260,Rhinolophus ferrumequinum,0.035,0.035,-1,Echolocation,/mnt/ubna_data_02_mir/recover-20221013/UBNA_001/20221012_030000.WAV,Telephone Field,recover-20221013,001,1795
1222.2475,1222.287,68437,82474,Rhinolophus ferrumequinum,0.024,0.024,-1,Echolocation,/mnt/ubna_data_02_mir/recover-20221013/UBNA_001/20221012_030000.WAV,Telephone Field,recover-20221013,001,1795
1222.2785,1222.3145,68437,82452,Rhinolophus ferrumequinum,0.022,0.022,-1,Echolocation,/mnt/ubna_data_02_mir/recover-20221013/UBNA_001/20221012_030000.WAV,Telephone Field,recover-20221013,001,1795
1222.2945,1222.3335,68437,82183,Rhinolophus ferrumequinum,0.022,0.022,-1,Echolocation,/mnt/ubna_data_02_mir/recover-20221013/UBNA_001/20221012_030000.WAV,Telephone Field,recover-20221013,001,1795
1222.3145,1222.3531,68437,81745,Rhinolophus ferrumequinum,0.022,0.022,-1,Echolocation,/mnt/ubna_data_02_mir/recover-20221013/UBNA_001/20221012_030000.WAV,Telephone Field,recover-20221013,001,1795
1222.3235,1222.3318,28046,39427,Eptesicus serotinus,0.007,0.022,-1,Echolocation,/mnt/ubna_data_02_mir/recover-20221013/UBNA_001/20221012_030000.WAV,Telephone Field,recover-20221013,001,1795
1222.3365,1222.3743,68437,81416,Rhinolophus ferrumequinum,0.029,0.029,-1,Echolocation,/mnt/ubna_data_02_mir/recover-20221013/UBNA_001/20221012_030000.WAV,Telephone Field,recover-20221013,001,1795
1222.3595,1222.3955,68437,81297,Rhinolophus ferrumequinum,0.025,0.025,-1,Echolocation,/mnt/ubna_data_02_mir/recover-20221013/UBNA_001/20221012_030000.WAV,Telephone Field,recover-20221013,001,1795
1222.3625,1222.3714,28906,37573,Eptesicus serotinus,0.008,0.021,-1,Echolocation,/mnt/ubna_data_02_mir/recover-20221013/UBNA_001/20221012_030000.WAV,Telephone Field,recover-20221013,001,1795
1222.3835,1222.4182,68437,81441,Rhinolophus ferrumequinum,0.023,0.023,-1,Echolocation,/mnt/ubna_data_02_mir/recover-20221013/UBNA_001/20221012_030000.WAV,Telephone Field,recover-20221013,001,1795
1222.3865,1222.3966,23750,30830,Nyctalus leisleri,0.009,0.026,-1,Echolocation,/mnt/ubna_data_02_mir/recover-20221013/UBNA_001/20221012_030000.WAV,Telephone Field,recover-20221013,001,1795
1222.3965,1222.4335,68437,82081,Rhinolophus ferrumequinum,0.025,0.025,-1,Echolocation,/mnt/ubna_data_02_mir/recover-20221013/UBNA_001/20221012_030000.WAV,Telephone Field,recover-20221013,001,1795
1222.4005,1222.4114,22890,27197,Nyctalus leisleri,0.013,0.023,-1,Echolocation,/mnt/ubna_data_02_mir/recover-20221013/UBNA_001/20221012_030000.WAV,Telephone Field,recover-20221013,001,1795
1222.4225,1222.4565,68437,81244,Rhinolophus ferrumequinum,0.021,0.021,-1,Echolocation,/mnt/ubna_data_02_mir/recover-20221013/UBNA_001/20221012_030000.WAV,Telephone Field,recover-20221013,001,1795
1222.4385,1222.4792,68437,82412,Rhinolophus ferrumequinum,0.023,0.023,-1,Echolocation,/mnt/ubna_data_02_mir/recover-20221013/UBNA_001/20221012_030000.WAV,Telephone Field,recover-20221013,001,1795
1222.4605,1222.4951,68437,80929,Rhinolophus ferrumequinum,0.023,0.023,-1,Echolocation,/mnt/ubna_data_02_mir/recover-20221013/UBNA_001/20221012_030000.WAV,Telephone Field,recover-20221013,001,1795
1222.4685,1222.4872,19453,23637,Nyctalus noctula,0.015,0.03,-1,Echolocation,/mnt/ubna_data_02_mir/recover-20221013/UBNA_001/20221012_030000.WAV,Telephone Field,recover-20221013,001,1795
1222.4805,1222.5192,68437,82737,Rhinolophus ferrumequinum,0.021,0.021,-1,Echolocation,/mnt/ubna_data_02_mir/recover-20221013/UBNA_001/20221012_030000.WAV,Telephone Field,recover-20221013,001,1795
1222.5035,1222.547,68437,83666,Rhinolophus ferrumequinum,0.084,0.084,-1,Echolocation,/mnt/ubna_data_02_mir/recover-20221013/UBNA_001/20221012_030000.WAV,Telephone Field,recover-20221013,001,1795
1222.5355,1222.5746,68437,83381,Rhinolophus ferrumequinum,0.034,0.034,-1,Echolocation,/mnt/ubna_data_02_mir/recover-20221013/UBNA_001/20221012_030000.WAV,Telephone Field,recover-20221013,001,1795
1222.5525,1222.5605,28906,40600,Eptesicus serotinus,0.008,0.024,-1,Echolocation,/mnt/ubna_data_02_mir/recover-20221013/UBNA_001/20221012_030000.WAV,Telephone Field,recover-20221013,001,1795
1222.5715,1222.6112,68437,82487,Rhinolophus ferrumequinum,0.032,0.032,-1,Echolocation,/mnt/ubna_data_02_mir/recover-20221013/UBNA_001/20221012_030000.WAV,Telephone Field,recover-20221013,001,1795
1222.5775,1222.5849,24609,34591,Plecotus austriacus,0.008,0.024,-1,Echolocation,/mnt/ubna_data_02_mir/recover-20221013/UBNA_001/20221012_030000.WAV,Telephone Field,recover-20221013,001,1795
1222.5945,1222.6332,68437,82105,Rhinolophus ferrumequinum,0.025,0.025,-1,Echolocation,/mnt/ubna_data_02_mir/recover-20221013/UBNA_001/20221012_030000.WAV,Telephone Field,recover-20221013,001,1795
1222.6095,1222.6484,68437,81848,Rhinolophus ferrumequinum,0.022,0.022,-1,Echolocation,/mnt/ubna_data_02_mir/recover-20221013/UBNA_001/20221012_030000.WAV,Telephone Field,recover-20221013,001,1795
1222.6315,1222.6716,68437,82907,Rhinolophus ferrumequinum,0.024,0.024,-1,Echolocation,/mnt/ubna_data_02_mir/recover-20221013/UBNA_001/20221012_030000.WAV,Telephone Field,recover-20221013,001,1795
1222.6315,1222.6431,22031,26636,Nyctalus leisleri,0.012,0.021,-1,Echolocation,/mnt/ubna_data_02_mir/recover-20221013/UBNA_001/20221012_030000.WAV,Telephone Field,recover-20221013,001,1795
1222.7035,1222.7387,68437,80885,Rhinolophus ferrumequinum,0.031,0.031,-1,Echolocation,/mnt/ubna_data_02_mir/recover-20221013/UBNA_001/20221012_030000.WAV,Telephone Field,recover-20221013,001,1795
1222.7265,1222.7631,68437,81199,Rhinolophus ferrumequinum,0.026,0.026,-1,Echolocation,/mnt/ubna_data_02_mir/recover-20221013/UBNA_001/20221012_030000.WAV,Telephone Field,recover-20221013,001,1795
1222.7265,1222.7339,30625,40834,Myotis daubentonii,0.009,0.028,-1,Echolocation,/mnt/ubna_data_02_mir/recover-20221013/UBNA_001/20221012_030000.WAV,Telephone Field,recover-20221013,001,1795
1222.7285,1222.7357,23750,33710,Plecotus austriacus,0.011,0.025,-1,Echolocation,/mnt/ubna_data_02_mir/recover-20221013/UBNA_001/20221012_030000.WAV,Telephone Field,recover-20221013,001,1795
1222.7325,1222.7726,68437,82082,Rhinolophus ferrumequinum,0.024,0.024,-1,Echolocation,/mnt/ubna_data_02_mir/recover-20221013/UBNA_001/20221012_030000.WAV,Telephone Field,recover-20221013,001,1795
1222.7685,1222.8042,68437,81072,Rhinolophus ferrumequinum,0.021,0.021,-1,Echolocation,/mnt/ubna_data_02_mir/recover-20221013/UBNA_001/20221012_030000.WAV,Telephone Field,recover-20221013,001,1795
1222.7805,1222.8196,68437,82207,Rhinolophus ferrumequinum,0.028,0.028,-1,Echolocation,/mnt/ubna_data_02_mir/recover-20221013/UBNA_001/20221012_030000.WAV,Telephone Field,recover-20221013,001,1795
1222.7985,1222.8397,68437,83147,Rhinolophus ferrumequinum,0.023,0.023,-1,Echolocation,/mnt/ubna_data_02_mir/recover-20221013/UBNA_001/20221012_030000.WAV,Telephone Field,recover-20221013,001,1795
1222.8105,1222.8288,20312,22854,Nyctalus leisleri,0.013,0.023,-1,Echolocation,/mnt/ubna_data_02_mir/recover-20221013/UBNA_001/20221012_030000.WAV,Telephone Field,recover-20221013,001,1795
1222.8225,1222.8598,68437,81837,Rhinolophus ferrumequinum,0.022,0.022,-1,Echolocation,/mnt/ubna_data_02_mir/recover-20221013/UBNA_001/20221012_030000.WAV,Telephone Field,recover-20221013,001,1795
1222.8345,1222.8753,68437,82993,Rhinolophus ferrumequinum,0.028,0.028,-1,Echolocation,/mnt/ubna_data_02_mir/recover-20221013/UBNA_001/20221012_030000.WAV,Telephone Field,recover-20221013,001,1795
1222.8575,1222.8654,27187,37861,Eptesicus serotinus,0.007,0.021,-1,Echolocation,/mnt/ubna_data_02_mir/recover-20221013/UBNA_001/20221012_030000.WAV,Telephone Field,recover-20221013,001,1795
1222.8585,1222.8699,50390,55229,Pipistrellus pipistrellus,0.017,0.023,-1,Echolocation,/mnt/ubna_data_02_mir/recover-20221013/UBNA_001/20221012_030000.WAV,Telephone Field,recover-20221013,001,1795
1222.8745,1222.9099,68437,81517,Rhinolophus ferrumequinum,0.021,0.021,-1,Echolocation,/mnt/ubna_data_02_mir/recover-20221013/UBNA_001/20221012_030000.WAV,Telephone Field,recover-20221013,001,1795
1222.8935,1222.9316,68437,82420,Rhinolophus ferrumequinum,0.023,0.023,-1,Echolocation,/mnt/ubna_data_02_mir/recover-20221013/UBNA_001/20221012_030000.WAV,Telephone Field,recover-20221013,001,1795
1222.9095,1222.9171,27187,36994,Eptesicus serotinus,0.008,0.022,-1,Echolocation,/mnt/ubna_data_02_mir/recover-20221013/UBNA_001/20221012_030000.WAV,Telephone Field,recover-20221013,001,1795
1222.9435,1222.9802,68437,82194,Rhinolophus ferrumequinum,0.025,0.025,-1,Echolocation,/mnt/ubna_data_02_mir/recover-20221013/UBNA_001/20221012_030000.WAV,Telephone Field,recover-20221013,001,1795
1222.9525,1222.9892,68437,82111,Rhinolophus ferrumequinum,0.024,0.024,-1,Echolocation,/mnt/ubna_data_02_mir/recover-20221013/UBNA_001/20221012_030000.WAV,Telephone Field,recover-20221013,001,1795
1222.9785,1223.0185,68437,82063,Rhinolophus ferrumequinum,0.023,0.023,-1,Echolocation,/mnt/ubna_data_02_mir/recover-20221013/UBNA_001/20221012_030000.WAV,Telephone Field,recover-20221013,001,1795
1222.9945,1223.0378,68437,82834,Rhinolophus ferrumequinum,0.024,0.024,-1,Echolocation,/mnt/ubna_data_02_mir/recover-20221013/UBNA_001/20221012_030000.WAV,Telephone Field,recover-20221013,001,1795
1223.0015,1223.0436,68437,83018,Rhinolophus ferrumequinum,0.026,0.026,-1,Echolocation,/mnt/ubna_data_02_mir/recover-20221013/UBNA_001/20221012_030000.WAV,Telephone Field,recover-20221013,001,1795
1223.0075,1223.0197,36640,41038,Pipistrellus nathusii,0.013,0.026,-1,Echolocation,/mnt/ubna_data_02_mir/recover-20221013/UBNA_001/20221012_030000.WAV,Telephone Field,recover-20221013,001,1795
1223.0305,1223.0711000000001,68437,82352,Rhinolophus ferrumequinum,0.027,0.027,-1,Echolocation,/mnt/ubna_data_02_mir/recover-20221013/UBNA_001/20221012_030000.WAV,Telephone Field,recover-20221013,001,1795
1223.0515,1223.0879,68437,82093,Rhinolophus ferrumequinum,0.022,0.022,-1,Echolocation,/mnt/ubna_data_02_mir/recover-20221013/UBNA_001/20221012_030000.WAV,Telephone Field,recover-20221013,001,1795
1223.0555,1223.0664,28046,35651,Eptesicus serotinus,0.012,0.024,-1,Echolocation,/mnt/ubna_data_02_mir/recover-20221013/UBNA_001/20221012_030000.WAV,Telephone Field,recover-20221013,001,1795
1223.1225,1223.1575,68437,81462,Rhinolophus ferrumequinum,0.021,0.021,-1,Echolocation,/mnt/ubna_data_02_mir/recover-20221013/UBNA_001/20221012_030000.WAV,Telephone Field,recover-20221013,001,1795
1223.1595,1223.2016,68437,82731,Rhinolophus ferrumequinum,0.031,0.031,-1,Echolocation,/mnt/ubna_data_02_mir/recover-20221013/UBNA_001/20221012_030000.WAV,Telephone Field,recover-20221013,001,1795
1223.1885,1223.2246,68437,81635,Rhinolophus ferrumequinum,0.023,0.023,-1,Echolocation,/mnt/ubna_data_02_mir/recover-20221013/UBNA_001/20221012_030000.WAV,Telephone Field,recover-20221013,001,1795
1223.2165,1223.2291,11718,25513,Eptesicus serotinus,0.013,0.023,-1,Echolocation,/mnt/ubna_data_02_mir/recover-20221013/UBNA_001/20221012_030000.WAV,Telephone Field,recover-20221013,001,1795
1223.2185,1223.2534,68437,81671,Rhinolophus ferrumequinum,0.021,0.021,-1,Echolocation,/mnt/ubna_data_02_mir/recover-20221013/UBNA_001/20221012_030000.WAV,Telephone Field,recover-20221013,001,1795
1223.2205,1223.2297,27187,37783,Eptesicus serotinus,0.009,0.022,-1,Echolocation,/mnt/ubna_data_02_mir/recover-20221013/UBNA_001/20221012_030000.WAV,Telephone Field,recover-20221013,001,1795
1223.2275,1223.2389,37500,42820,Pipistrellus nathusii,0.008,0.023,-1,Echolocation,/mnt/ubna_data_02_mir/recover-20221013/UBNA_001/20221012_030000.WAV,Telephone Field,recover-20221013,001,1795
1223.2365,1223.2458,22031,28476,Plecotus austriacus,0.008,0.024,-1,Echolocation,/mnt/ubna_data_02_mir/recover-20221013/UBNA_001/20221012_030000.WAV,Telephone Field,recover-20221013,001,1795
1223.2705,1223.3124,68437,82134,Rhinolophus ferrumequinum,0.036,0.036,-1,Echolocation,/mnt/ubna_data_02_mir/recover-20221013/UBNA_001/20221012_030000.WAV,Telephone Field,recover-20221013,001,1795
1223.3245,1223.3633,68437,82566,Rhinolophus ferrumequinum,0.023,0.023,-1,Echolocation,/mnt/ubna_data_02_mir/recover-20221013/UBNA_001/20221012_030000.WAV,Telephone Field,recover-20221013,001,1795
1223.3325,1223.3732,68437,82010,Rhinolophus ferrumequinum,0.026,0.026,-1,Echolocation,/mnt/ubna_data_02_mir/recover-20221013/UBNA_001/20221012_030000.WAV,Telephone Field,recover-20221013,001,1795
1223.3395,1223.3759,68437,81722,Rhinolophus ferrumequinum,0.03,0.03,-1,Echolocation,/mnt/ubna_data_02_mir/recover-20221013/UBNA_001/20221012_030000.WAV,Telephone Field,recover-20221013,001,1795
1223.3485,1223.361,53828,58345,Pipistrellus pygmaeus,0.018,0.022,-1,Echolocation,/mnt/ubna_data_02_mir/recover-20221013/UBNA_001/20221012_030000.WAV,Telephone Field,recover-20221013,001,1795
1223.3545,1223.3898,68437,81518,Rhinolophus ferrumequinum,0.023,0.023,-1,Echolocation,/mnt/ubna_data_02_mir/recover-20221013/UBNA_001/20221012_030000.WAV,Telephone Field,recover-20221013,001,1795
1223.3915,1223.4319,68437,82621,Rhinolophus ferrumequinum,0.022,0.022,-1,Echolocation,/mnt/ubna_data_02_mir/recover-20221013/UBNA_001/20221012_030000.WAV,Telephone Field,recover-20221013,001,1795
1223.3955,1223.4055,22890,27840,Nyctalus leisleri,0.01,0.021,-1,Echolocation,/mnt/ubna_data_02_mir/recover-20221013/UBNA_001/20221012_030000.WAV,Telephone Field,recover-20221013,001,1795
1223.4145,1223.4543,68437,82670,Rhinolophus ferrumequinum,0.021,0.021,-1,Echolocation,/mnt/ubna_data_02_mir/recover-20221013/UBNA_001/20221012_030000.WAV,Telephone Field,recover-20221013,001,1795
1223.4265,1223.441,23750,28366,Nyctalus leisleri,0.039,0.076,-1,Echolocation,/mnt/ubna_data_02_mir/recover-20221013/UBNA_001/20221012_030000.WAV,Telephone Field,recover-20221013,001,1795
1223.4385,1223.4754,68437,81895,Rhinolophus ferrumequinum,0.041,0.041,-1,Echolocation,/mnt/ubna_data_02_mir/recover-20221013/UBNA_001/20221012_030000.WAV,Telephone Field,recover-20221013,001,1795
1223.4605,1223.4705,28046,36619,Eptesicus serotinus,0.009,0.021,-1,Echolocation,/mnt/ubna_data_02_mir/recover-20221013/UBNA_001/20221012_030000.WAV,Telephone Field,recover-20221013,001,1795
1223.4615,1223.4741,34062,39090,Eptesicus serotinus,0.005,0.023,-1,Echolocation,/mnt/ubna_data_02_mir/recover-20221013/UBNA_001/20221012_030000.WAV,Telephone Field,recover-20221013,001,1795
1223.4645,1223.5053,68437,82288,Rhinolophus ferrumequinum,0.024,0.024,-1,Echolocation,/mnt/ubna_data_02_mir/recover-20221013/UBNA_001/20221012_030000.WAV,Telephone Field,recover-20221013,001,1795
1223.4885,1223.5282,68437,82194,Rhinolophus ferrumequinum,0.022,0.022,-1,Echolocation,/mnt/ubna_data_02_mir/recover-20221013/UBNA_001/20221012_030000.WAV,Telephone Field,recover-20221013,001,1795
1223.4945,1223.5043,22890,30091,Nyctalus leisleri,0.007,0.021,-1,Echolocation,/mnt/ubna_data_02_mir/recover-20221013/UBNA_001/20221012_030000.WAV,Telephone Field,recover-20221013,001,1795
1223.5145,1223.5556,68437,82899,Rhinolophus ferrumequinum,0.027,0.027,-1,Echolocation,/mnt/ubna_data_02_mir/recover-20221013/UBNA_001/20221012_030000.WAV,Telephone Field,recover-20221013,001,1795
1223.5465,1223.5862,68437,82305,Rhinolophus ferrumequinum,0.023,0.023,-1,Echolocation,/mnt/ubna_data_02_mir/recover-20221013/UBNA_001/20221012_030000.WAV,Telephone Field,recover-20221013,001,1795
1223.5595,1223.5955,68437,81997,Rhinolophus ferrumequinum,0.021,0.021,-1,Echolocation,/mnt/ubna_data_02_mir/recover-20221013/UBNA_001/20221012_030000.WAV,Telephone Field,recover-20221013,001,1795
1223.5785,1223.5866,46093,53023,Pipistrellus pipistrellus,0.02,0.025,-1,Echolocation,/mnt/ubna_data_02_mir/recover-20221013/UBNA_001/20221012_030000.WAV,Telephone Field,recover-20221013,001,1795
1223.5955,1223.6309,68437,81835,Rhinolophus ferrumequinum,0.022,0.022,-1,Echolocation,/mnt/ubna_data_02_mir/recover-20221013/UBNA_001/20221012_030000.WAV,Telephone Field,recover-20221013,001,1795
1223.6065,1223.6451,68437,82716,Rhinolophus ferrumequinum,0.023,0.023,-1,Echolocation,/mnt/ubna_data_02_mir/recover-20221013/UBNA_001/20221012_030000.WAV,Telephone Field,recover-20221013,001,1795
1223.6195,1223.6322,22031,26771,Nyctalus leisleri,0.011,0.024,-1,Echolocation,/mnt/ubna_data_02_mir/recover-20221013/UBNA_001/20221012_030000.WAV,Telephone Field,recover-20221013,001,1795
1223.6295,1223.6629,67578,79389,Rhinolophus ferrumequinum,0.022,0.022,-1,Echolocation,/mnt/ubna_data_02_mir/recover-20221013/UBNA_001/20221012_030000.WAV,Telephone Field,recover-20221013,001,1795
1223.6595,1223.6699,23750,30108,Nyctalus leisleri,0.017,0.049,-1,Echolocation,/mnt/ubna_data_02_mir/recover-20221013/UBNA_001/20221012_030000.WAV,Telephone Field,recover-20221013,001,1795
1223.6625,1223.6998,68437,81817,Rhinolophus ferrumequinum,0.023,0.023,-1,Echolocation,/mnt/ubna_data_02_mir/recover-20221013/UBNA_001/20221012_030000.WAV,Telephone Field,recover-20221013,001,1795
1223.6765,1223.7136,68437,81491,Rhinolophus ferrumequinum,0.022,0.022,-1,Echolocation,/mnt/ubna_data_02_mir/recover-20221013/UBNA_001/20221012_030000.WAV,Telephone Field,recover-20221013,001,1795
1223.7055,1223.717,22031,26784,Nyctalus leisleri,0.013,0.027,-1,Echolocation,/mnt/ubna_data_02_mir/recover-20221013/UBNA_001/20221012_030000.WAV,Telephone Field,recover-20221013,001,1795
1223.7255,1223.7675,68437,82485,Rhinolophus ferrumequinum,0.042,0.042,-1,Echolocation,/mnt/ubna_data_02_mir/recover-20221013/UBNA_001/20221012_030000.WAV,Telephone Field,recover-20221013,001,1795
1223.7285,1223.7404,23750,29318,Nyctalus leisleri,0.011,0.023,-1,Echolocation,/mnt/ubna_data_02_mir/recover-20221013/UBNA_001/20221012_030000.WAV,Telephone Field,recover-20221013,001,1795
1223.7365,1223.7466,49531,56392,Pipistrellus pipistrellus,0.016,0.021,-1,Echolocation,/mnt/ubna_data_02_mir/recover-20221013/UBNA_001/20221012_030000.WAV,Telephone Field,recover-20221013,001,1795
1223.7545,1223.7946,68437,82531,Rhinolophus ferrumequinum,0.026,0.026,-1,Echolocation,/mnt/ubna_data_02_mir/recover-20221013/UBNA_001/20221012_030000.WAV,Telephone Field,recover-20221013,001,1795
1223.7825,1223.8224,68437,82879,Rhinolophus ferrumequinum,0.025,0.025,-1,Echolocation,/mnt/ubna_data_02_mir/recover-20221013/UBNA_001/20221012_030000.WAV,Telephone Field,recover-20221013,001,1795
1223.8065,1223.8465,68437,82670,Rhinolophus ferrumequinum,0.027,0.027,-1,Echolocation,/mnt/ubna_data_02_mir/recover-20221013/UBNA_001/20221012_030000.WAV,Telephone Field,recover-20221013,001,1795
1223.8335,1223.8432,56406,61351,Pipistrellus pygmaeus,0.033,0.034,-1,Echolocation,/mnt/ubna_data_02_mir/recover-20221013/UBNA_001/20221012_030000.WAV,Telephone Field,recover-20221013,001,1795
1223.8425,1223.8791,68437,82323,Rhinolophus ferrumequinum,0.026,0.026,-1,Echolocation,/mnt/ubna_data_02_mir/recover-20221013/UBNA_001/20221012_030000.WAV,Telephone Field,recover-20221013,001,1795
1223.8595,1223.8958,68437,81612,Rhinolophus ferrumequinum,0.022,0.022,-1,Echolocation,/mnt/ubna_data_02_mir/recover-20221013/UBNA_001/20221012_030000.WAV,Telephone Field,recover-20221013,001,1795
1223.8715,1223.9122,68437,82530,Rhinolophus ferrumequinum,0.034,0.034,-1,Echolocation,/mnt/ubna_data_02_mir/recover-20221013/UBNA_001/20221012_030000.WAV,Telephone Field,recover-20221013,001,1795
1223.9205,1223.9293,28046,36454,Eptesicus serotinus,0.009,0.021,-1,Echolocation,/mnt/ubna_data_02_mir/recover-20221013/UBNA_001/20221012_030000.WAV,Telephone Field,recover-20221013,001,1795
1223.9305,1223.9645,68437,81155,Rhinolophus ferrumequinum,0.023,0.023,-1,Echolocation,/mnt/ubna_data_02_mir/recover-20221013/UBNA_001/20221012_030000.WAV,Telephone Field,recover-20221013,001,1795
1223.9475,1223.9857,68437,82272,Rhinolophus ferrumequinum,0.021,0.021,-1,Echolocation,/mnt/ubna_data_02_mir/recover-20221013/UBNA_001/20221012_030000.WAV,Telephone Field,recover-20221013,001,1795
1224.0015,1224.0378,68437,79853,Rhinolophus ferrumequinum,0.049,0.049,-1,Echolocation,/mnt/ubna_data_02_mir/recover-20221013/UBNA_001/20221012_030000.WAV,Telephone Field,recover-20221013,001,1795
1224.0015,1224.0113,47812,54020,Pipistrellus pipistrellus,0.015,0.022,-1,Echolocation,/mnt/ubna_data_02_mir/recover-20221013/UBNA_001/20221012_030000.WAV,Telephone Field,recover-20221013,001,1795
1224.0015,1224.0114,27187,34626,Eptesicus serotinus,0.013,0.033,-1,Echolocation,/mnt/ubna_data_02_mir/recover-20221013/UBNA_001/20221012_030000.WAV,Telephone Field,recover-20221013,001,1795
1224.0095,1224.0553,68437,82805,Rhinolophus ferrumequinum,0.035,0.035,-1,Echolocation,/mnt/ubna_data_02_mir/recover-20221013/UBNA_001/20221012_030000.WAV,Telephone Field,recover-20221013,001,1795
1224.0465,1224.0848,68437,82593,Rhinolophus ferrumequinum,0.021,0.021,-1,Echolocation,/mnt/ubna_data_02_mir/recover-20221013/UBNA_001/20221012_030000.WAV,Telephone Field,recover-20221013,001,1795
1224.0635,1224.0731,27187,35240,Eptesicus serotinus,0.016,0.03,-1,Echolocation,/mnt/ubna_data_02_mir/recover-20221013/UBNA_001/20221012_030000.WAV,Telephone Field,recover-20221013,001,1795
1224.0825,1224.1182,68437,81586,Rhinolophus ferrumequinum,0.021,0.021,-1,Echolocation,/mnt/ubna_data_02_mir/recover-20221013/UBNA_001/20221012_030000.WAV,Telephone Field,recover-20221013,001,1795
1224.1105,1224.1528,68437,82819,Rhinolophus ferrumequinum,0.027,0.027,-1,Echolocation,/mnt/ubna_data_02_mir/recover-20221013/UBNA_001/20221012_030000.WAV,Telephone Field,recover-20221013,001,1795
1224.1185,1224.1584,68437,82594,Rhinolophus ferrumequinum,0.025,0.026,-1,Echolocation,/mnt/ubna_data_02_mir/recover-20221013/UBNA_001/20221012_030000.WAV,Telephone Field,recover-20221013,001,1795
1224.1275,1224.1656,68437,82186,Rhinolophus ferrumequinum,0.02,0.02,-1,Echolocation,/mnt/ubna_data_02_mir/recover-20221013/UBNA_001/20221012_030000.WAV,Telephone Field,recover-20221013,001,1795
1224.1565,1224.1965,68437,82800,Rhinolophus ferrumequinum,0.023,0.023,-1,Echolocation,/mnt/ubna_data_02_mir/recover-20221013/UBNA_001/20221012_030000.WAV,Telephone Field,recover-20221013,001,1795
1224.1625,1224.1819,19453,22694,Nyctalus leisleri,0.01,0.022,-1,Echolocation,/mnt/ubna_data_02_mir/recover-20221013/UBNA_001/20221012_030000.WAV,Telephone Field,recover-20221013,001,1795
1224.1735,1224.2118,68437,82303,Rhinolophus ferrumequinum,0.029,0.029,-1,Echolocation,/mnt/ubna_data_02_mir/recover-20221013/UBNA_001/20221012_030000.WAV,Telephone Field,recover-20221013,001,1795
1224.1775,1224.1878,24609,32613,Eptesicus serotinus,0.012,0.03,-1,Echolocation,/mnt/ubna_data_02_mir/recover-20221013/UBNA_001/20221012_030000.WAV,Telephone Field,recover-20221013,001,1795
1224.2215,1224.2591,68437,81337,Rhinolophus ferrumequinum,0.029,0.029,-1,Echolocation,/mnt/ubna_data_02_mir/recover-20221013/UBNA_001/20221012_030000.WAV,Telephone Field,recover-20221013,001,1795
1224.2285,1224.2399,28906,35289,Eptesicus serotinus,0.014,0.028,-1,Echolocation,/mnt/ubna_data_02_mir/recover-20221013/UBNA_001/20221012_030000.WAV,Telephone Field,recover-20221013,001,1795
1224.2645,1224.3046,68437,81770,Rhinolophus ferrumequinum,0.028,0.028,-1,Echolocation,/mnt/ubna_data_02_mir/recover-20221013/UBNA_001/20221012_030000.WAV,Telephone Field,recover-20221013,001,1795
1224.2765,1224.312,68437,81790,Rhinolophus ferrumequinum,0.024,0.024,-1,Echolocation,/mnt/ubna_data_02_mir/recover-20221013/UBNA_001/20221012_030000.WAV,Telephone Field,recover-20221013,001,1795
1224.2915,1224.3265,68437,81306,Rhinolophus ferrumequinum,0.02,0.02,-1,Echolocation,/mnt/ubna_data_02_mir/recover-20221013/UBNA_001/20221012_030000.WAV,Telephone Field,recover-20221013,001,1795
1224.3125,1224.3489,68437,81294,Rhinolophus ferrumequinum,0.02,0.02,-1,Echolocation,/mnt/ubna_data_02_mir/recover-20221013/UBNA_001/20221012_030000.WAV,Telephone Field,recover-20221013,001,1795
1224.3215,1224.358,68437,81754,Rhinolophus ferrumequinum,0.021,0.021,-1,Echolocation,/mnt/ubna_data_02_mir/recover-20221013/UBNA_001/20221012_030000.WAV,Telephone Field,recover-20221013,001,1795
1224.3365,1224.3467,45234,48180,Pipistrellus pipistrellus,0.04,0.043,-1,Echolocation,/mnt/ubna_data_02_mir/recover-20221013/UBNA_001/20221012_030000.WAV,Telephone Field,recover-20221013,001,1795
1224.3465,1224.3568,28906,34961,Eptesicus serotinus,0.013,0.028,-1,Echolocation,/mnt/ubna_data_02_mir/recover-20221013/UBNA_001/20221012_030000.WAV,Telephone Field,recover-20221013,001,1795
1224.3605,1224.3984,68437,82050,Rhinolophus ferrumequinum,0.023,0.023,-1,Echolocation,/mnt/ubna_data_02_mir/recover-20221013/UBNA_001/20221012_030000.WAV,Telephone Field,recover-20221013,001,1795
1224.3865,1224.4261,68437,82409,Rhinolophus ferrumequinum,0.023,0.024,-1,Echolocation,/mnt/ubna_data_02_mir/recover-20221013/UBNA_001/20221012_030000.WAV,Telephone Field,recover-20221013,001,1795
1224.4135,1224.446,68437,80594,Rhinolophus ferrumequinum,0.021,0.021,-1,Echolocation,/mnt/ubna_data_02_mir/recover-20221013/UBNA_001/20221012_030000.WAV,Telephone Field,recover-20221013,001,1795
1224.4275,1224.4352,27187,37366,Eptesicus serotinus,0.014,0.039,-1,Echolocation,/mnt/ubna_data_02_mir/recover-20221013/UBNA_001/20221012_030000.WAV,Telephone Field,recover-20221013,001,1795
1224.4335,1224.4688,68437,81210,Rhinolophus ferrumequinum,0.02,0.02,-1,Echolocation,/mnt/ubna_data_02_mir/recover-20221013/UBNA_001/20221012_030000.WAV,Telephone Field,recover-20221013,001,1795
1224.4505,1224.4888,68437,82369,Rhinolophus ferrumequinum,0.025,0.026,-1,Echolocation,/mnt/ubna_data_02_mir/recover-20221013/UBNA_001/20221012_030000.WAV,Telephone Field,recover-20221013,001,1795
1224.4625,1224.5058,68437,83436,Rhinolophus ferrumequinum,0.031,0.031,-1,Echolocation,/mnt/ubna_data_02_mir/recover-20221013/UBNA_001/20221012_030000.WAV,Telephone Field,recover-20221013,001,1795
1224.4895,1224.526,68437,81391,Rhinolophus ferrumequinum,0.02,0.02,-1,Echolocation,/mnt/ubna_data_02_mir/recover-20221013/UBNA_001/20221012_030000.WAV,Telephone Field,recover-20221013,001,1795
1224.4945,1224.5028,28046,38128,Eptesicus serotinus,0.008,0.022,-1,Echolocation,/mnt/ubna_data_02_mir/recover-20221013/UBNA_001/20221012_030000.WAV,Telephone Field,recover-20221013,001,1795
1224.5085,1224.5478,68437,82046,Rhinolophus ferrumequinum,0.023,0.023,-1,Echolocation,/mnt/ubna_data_02_mir/recover-20221013/UBNA_001/20221012_030000.WAV,Telephone Field,recover-20221013,001,1795
1224.5405,1224.5809,68437,83072,Rhinolophus ferrumequinum,0.035,0.035,-1,Echolocation,/mnt/ubna_data_02_mir/recover-20221013/UBNA_001/20221012_030000.WAV,Telephone Field,recover-20221013,001,1795
1224.5405,1224.5477,25468,35904,Myotis nattereri,0.004,0.021,-1,Echolocation,/mnt/ubna_data_02_mir/recover-20221013/UBNA_001/20221012_030000.WAV,Telephone Field,recover-20221013,001,1795
1224.5535,1224.5647,22031,27416,Nyctalus leisleri,0.011,0.026,-1,Echolocation,/mnt/ubna_data_02_mir/recover-20221013/UBNA_001/20221012_030000.WAV,Telephone Field,recover-20221013,001,1795
1224.5625,1224.599,68437,82191,Rhinolophus ferrumequinum,0.021,0.021,-1,Echolocation,/mnt/ubna_data_02_mir/recover-20221013/UBNA_001/20221012_030000.WAV,Telephone Field,recover-20221013,001,1795
1224.5925,1224.6296,68437,82006,Rhinolophus ferrumequinum,0.02,0.02,-1,Echolocation,/mnt/ubna_data_02_mir/recover-20221013/UBNA_001/20221012_030000.WAV,Telephone Field,recover-20221013,001,1795
1224.6105,1224.6509,68437,82235,Rhinolophus ferrumequinum,0.02,0.021,-1,Echolocation,/mnt/ubna_data_02_mir/recover-20221013/UBNA_001/20221012_030000.WAV,Telephone Field,recover-20221013,001,1795
1224.6115,1224.6194,28046,39020,Eptesicus serotinus,0.007,0.021,-1,Echolocation,/mnt/ubna_data_02_mir/recover-20221013/UBNA_001/20221012_030000.WAV,Telephone Field,recover-20221013,001,1795
1224.6335,1224.6771,68437,83477,Rhinolophus ferrumequinum,0.037,0.037,-1,Echolocation,/mnt/ubna_data_02_mir/recover-20221013/UBNA_001/20221012_030000.WAV,Telephone Field,recover-20221013,001,1795
1224.6565,1224.6965,68437,82558,Rhinolophus ferrumequinum,0.022,0.022,-1,Echolocation,/mnt/ubna_data_02_mir/recover-20221013/UBNA_001/20221012_030000.WAV,Telephone Field,recover-20221013,001,1795
1224.6755,1224.6895,22031,26308,Nyctalus leisleri,0.016,0.032,-1,Echolocation,/mnt/ubna_data_02_mir/recover-20221013/UBNA_001/20221012_030000.WAV,Telephone Field,recover-20221013,001,1795
1224.6825,1224.7201,68437,81621,Rhinolophus ferrumequinum,0.022,0.022,-1,Echolocation,/mnt/ubna_data_02_mir/recover-20221013/UBNA_001/20221012_030000.WAV,Telephone Field,recover-20221013,001,1795
1224.6875,1224.6988,22890,28163,Nyctalus leisleri,0.011,0.023,-1,Echolocation,/mnt/ubna_data_02_mir/recover-20221013/UBNA_001/20221012_030000.WAV,Telephone Field,recover-20221013,001,1795
1224.7005,1224.7417,68437,82510,Rhinolophus ferrumequinum,0.022,0.022,-1,Echolocation,/mnt/ubna_data_02_mir/recover-20221013/UBNA_001/20221012_030000.WAV,Telephone Field,recover-20221013,001,1795
1224.7115,1224.7196,23750,30718,Plecotus austriacus,0.007,0.021,-1,Echolocation,/mnt/ubna_data_02_mir/recover-20221013/UBNA_001/20221012_030000.WAV,Telephone Field,recover-20221013,001,1795
1224.7135,1224.7492,68437,81946,Rhinolophus ferrumequinum,0.02,0.02,-1,Echolocation,/mnt/ubna_data_02_mir/recover-20221013/UBNA_001/20221012_030000.WAV,Telephone Field,recover-20221013,001,1795
1224.7325,1224.7403,28046,39134,Eptesicus serotinus,0.008,0.024,-1,Echolocation,/mnt/ubna_data_02_mir/recover-20221013/UBNA_001/20221012_030000.WAV,Telephone Field,recover-20221013,001,1795
1224.7395,1224.7759,68437,81624,Rhinolophus ferrumequinum,0.024,0.024,-1,Echolocation,/mnt/ubna_data_02_mir/recover-20221013/UBNA_001/20221012_030000.WAV,Telephone Field,recover-20221013,001,1795
1224.7635,1224.8026,68437,82596,Rhinolophus ferrumequinum,0.041,0.041,-1,Echolocation,/mnt/ubna_data_02_mir/recover-20221013/UBNA_001/20221012_030000.WAV,Telephone Field,recover-20221013,001,1795
1224.8065,1224.8432,68437,81127,Rhinolophus ferrumequinum,0.026,0.026,-1,Echolocation,/mnt/ubna_data_02_mir/recover-20221013/UBNA_001/20221012_030000.WAV,Telephone Field,recover-20221013,001,1795
1224.8235,1224.8626,68437,82442,Rhinolophus ferrumequinum,0.021,0.021,-1,Echolocation,/mnt/ubna_data_02_mir/recover-20221013/UBNA_001/20221012_030000.WAV,Telephone Field,recover-20221013,001,1795
1224.8385,1224.8815,68437,83123,Rhinolophus ferrumequinum,0.025,0.025,-1,Echolocation,/mnt/ubna_data_02_mir/recover-20221013/UBNA_001/20221012_030000.WAV,Telephone Field,recover-20221013,001,1795
1224.9015,1224.9405,68437,82460,Rhinolophus ferrumequinum,0.029,0.029,-1,Echolocation,/mnt/ubna_data_02_mir/recover-20221013/UBNA_001/20221012_030000.WAV,Telephone Field,recover-20221013,001,1795
1224.9225,1224.9596,68437,81157,Rhinolophus ferrumequinum,0.021,0.021,-1,Echolocation,/mnt/ubna_data_02_mir/recover-20221013/UBNA_001/20221012_030000.WAV,Telephone Field,recover-20221013,001,1795
1224.9285,1224.9667,68437,81591,Rhinolophus ferrumequinum,0.021,0.021,-1,Echolocation,/mnt/ubna_data_02_mir/recover-20221013/UBNA_001/20221012_030000.WAV,Telephone Field,recover-20221013,001,1795
1224.9335,1224.9434,26328,33168,Eptesicus serotinus,0.01,0.022,-1,Echolocation,/mnt/ubna_data_02_mir/recover-20221013/UBNA_001/20221012_030000.WAV,Telephone Field,recover-20221013,001,1795
1224.9375,1224.9706,68437,81429,Rhinolophus ferrumequinum,0.021,0.021,-1,Echolocation,/mnt/ubna_data_02_mir/recover-20221013/UBNA_001/20221012_030000.WAV,Telephone Field,recover-20221013,001,1795
1224.9595,1225.0012,68437,82613,Rhinolophus ferrumequinum,0.024,0.024,-1,Echolocation,/mnt/ubna_data_02_mir/recover-20221013/UBNA_001/20221012_030000.WAV,Telephone Field,recover-20221013,001,1795
1224.9695,1225.0089,68437,82488,Rhinolophus ferrumequinum,0.024,0.024,-1,Echolocation,/mnt/ubna_data_02_mir/recover-20221013/UBNA_001/20221012_030000.WAV,Telephone Field,recover-20221013,001,1795
1225.0015,1225.0414,68437,82926,Rhinolophus ferrumequinum,0.03,0.03,-1,Echolocation,/mnt/ubna_data_02_mir/recover-20221013/UBNA_001/20221012_030000.WAV,Telephone Field,recover-20221013,001,1795
1225.0185,1225.0288,23750,29755,Nyctalus leisleri,0.01,0.024,-1,Echolocation,/mnt/ubna_data_02_mir/recover-20221013/UBNA_001/20221012_030000.WAV,Telephone Field,recover-20221013,001,1795
1225.0235,1225.0299,34921,42906,Myotis daubentonii,0.012,0.026,-1,Echolocation,/mnt/ubna_data_02_mir/recover-20221013/UBNA_001/20221012_030000.WAV,Telephone Field,recover-20221013,001,1795
1225.0255,1225.0328,28046,39815,Eptesicus serotinus,0.008,0.025,-1,Echolocation,/mnt/ubna_data_02_mir/recover-20221013/UBNA_001/20221012_030000.WAV,Telephone Field,recover-20221013,001,1795
1225.0275,1225.0685,68437,82640,Rhinolophus ferrumequinum,0.022,0.022,-1,Echolocation,/mnt/ubna_data_02_mir/recover-20221013/UBNA_001/20221012_030000.WAV,Telephone Field,recover-20221013,001,1795
1225.0355,1225.0456,22890,28775,Nyctalus leisleri,0.008,0.021,-1,Echolocation,/mnt/ubna_data_02_mir/recover-20221013/UBNA_001/20221012_030000.WAV,Telephone Field,recover-20221013,001,1795
1225.0435,1225.0835,68437,82796,Rhinolophus ferrumequinum,0.029,0.029,-1,Echolocation,/mnt/ubna_data_02_mir/recover-20221013/UBNA_001/20221012_030000.WAV,Telephone Field,recover-20221013,001,1795
1225.0465,1225.0529,24609,33967,Plecotus austriacus,0.011,0.03,-1,Echolocation,/mnt/ubna_data_02_mir/recover-20221013/UBNA_001/20221012_030000.WAV,Telephone Field,recover-20221013,001,1795
1225.0645,1225.0737,30625,38443,Eptesicus serotinus,0.006,0.023,-1,Echolocation,/mnt/ubna_data_02_mir/recover-20221013/UBNA_001/20221012_030000.WAV,Telephone Field,recover-20221013,001,1795
1225.0785,1225.1169,68437,82614,Rhinolophus ferrumequinum,0.022,0.022,-1,Echolocation,/mnt/ubna_data_02_mir/recover-20221013/UBNA_001/20221012_030000.WAV,Telephone Field,recover-20221013,001,1795
1225.1465,1225.1823,68437,81243,Rhinolophus ferrumequinum,0.021,0.021,-1,Echolocation,/mnt/ubna_data_02_mir/recover-20221013/UBNA_001/20221012_030000.WAV,Telephone Field,recover-20221013,001,1795
1225.1835,1225.1914,26328,34744,Eptesicus serotinus,0.008,0.022,-1,Echolocation,/mnt/ubna_data_02_mir/recover-20221013/UBNA_001/20221012_030000.WAV,Telephone Field,recover-20221013,001,1795
1225.1915,1225.198,24609,35042,Plecotus austriacus,0.009,0.027,-1,Echolocation,/mnt/ubna_data_02_mir/recover-20221013/UBNA_001/20221012_030000.WAV,Telephone Field,recover-20221013,001,1795
1225.2145,1225.2548,68437,82544,Rhinolophus ferrumequinum,0.026,0.026,-1,Echolocation,/mnt/ubna_data_02_mir/recover-20221013/UBNA_001/20221012_030000.WAV,Telephone Field,recover-20221013,001,1795
1225.2695,1225.2802,22890,28355,Nyctalus leisleri,0.013,0.027,-1,Echolocation,/mnt/ubna_data_02_mir/recover-20221013/UBNA_001/20221012_030000.WAV,Telephone Field,recover-20221013,001,1795
1225.2965,1225.3362,68437,82126,Rhinolophus ferrumequinum,0.02,0.02,-1,Echolocation,/mnt/ubna_data_02_mir/recover-20221013/UBNA_001/20221012_030000.WAV,Telephone Field,recover-20221013,001,1795
1225.3155,1225.3238,37500,47879,Myotis daubentonii,0.006,0.021,-1,Echolocation,/mnt/ubna_data_02_mir/recover-20221013/UBNA_001/20221012_030000.WAV,Telephone Field,recover-20221013,001,1795
1225.3355,1225.3752,68437,82468,Rhinolophus ferrumequinum,0.023,0.023,-1,Echolocation,/mnt/ubna_data_02_mir/recover-20221013/UBNA_001/20221012_030000.WAV,Telephone Field,recover-20221013,001,1795
1225.3465,1225.387,68437,82967,Rhinolophus ferrumequinum,0.025,0.025,-1,Echolocation,/mnt/ubna_data_02_mir/recover-20221013/UBNA_001/20221012_030000.WAV,Telephone Field,recover-20221013,001,1795
1225.3605,1225.397,68437,81250,Rhinolophus ferrumequinum,0.023,0.023,-1,Echolocation,/mnt/ubna_data_02_mir/recover-20221013/UBNA_001/20221012_030000.WAV,Telephone Field,recover-20221013,001,1795
1225.3615,1225.3725,28046,36654,Eptesicus serotinus,0.01,0.022,-1,Echolocation,/mnt/ubna_data_02_mir/recover-20221013/UBNA_001/20221012_030000.WAV,Telephone Field,recover-20221013,001,1795
1225.3815,1225.4228,68437,82380,Rhinolophus ferrumequinum,0.021,0.021,-1,Echolocation,/mnt/ubna_data_02_mir/recover-20221013/UBNA_001/20221012_030000.WAV,Telephone Field,recover-20221013,001,1795
1225.4295,1225.4703,68437,82441,Rhinolophus ferrumequinum,0.023,0.023,-1,Echolocation,/mnt/ubna_data_02_mir/recover-20221013/UBNA_001/20221012_030000.WAV,Telephone Field,recover-20221013,001,1795
1225.4435,1225.4833,68437,82477,Rhinolophus ferrumequinum,0.024,0.024,-1,Echolocation,/mnt/ubna_data_02_mir/recover-20221013/UBNA_001/20221012_030000.WAV,Telephone Field,recover-20221013,001,1795
1225.4865,1225.523,68437,81936,Rhinolophus ferrumequinum,0.02,0.02,-1,Echolocation,/mnt/ubna_data_02_mir/recover-20221013/UBNA_001/20221012_030000.WAV,Telephone Field,recover-20221013,001,1795
1225.4885,1225.4948,27187,38261,Eptesicus serotinus,0.011,0.041,-1,Echolocation,/mnt/ubna_data_02_mir/recover-20221013/UBNA_001/20221012_030000.WAV,Telephone Field,recover-20221013,001,1795
1225.4965,1225.5351,68437,82263,Rhinolophus ferrumequinum,0.02,0.02,-1,Echolocation,/mnt/ubna_data_02_mir/recover-20221013/UBNA_001/20221012_030000.WAV,Telephone Field,recover-20221013,001,1795
1225.5325,1225.5715,68437,82066,Rhinolophus ferrumequinum,0.028,0.028,-1,Echolocation,/mnt/ubna_data_02_mir/recover-20221013/UBNA_001/20221012_030000.WAV,Telephone Field,recover-20221013,001,1795
1225.5735,1225.6117,68437,81912,Rhinolophus ferrumequinum,0.021,0.021,-1,Echolocation,/mnt/ubna_data_02_mir/recover-20221013/UBNA_001/20221012_030000.WAV,Telephone Field,recover-20221013,001,1795
1225.6225,1225.6634,68437,82842,Rhinolophus ferrumequinum,0.028,0.028,-1,Echolocation,/mnt/ubna_data_02_mir/recover-20221013/UBNA_001/20221012_030000.WAV,Telephone Field,recover-20221013,001,1795
1225.6385,1225.649,22031,27248,Nyctalus leisleri,0.011,0.025,-1,Echolocation,/mnt/ubna_data_02_mir/recover-20221013/UBNA_001/20221012_030000.WAV,Telephone Field,recover-20221013,001,1795
1225.6685,1225.6809,24609,31272,Nyctalus leisleri,0.01,0.026,-1,Echolocation,/mnt/ubna_data_02_mir/recover-20221013/UBNA_001/20221012_030000.WAV,Telephone Field,recover-20221013,001,1795
1225.6865,1225.7271,68437,82588,Rhinolophus ferrumequinum,0.026,0.026,-1,Echolocation,/mnt/ubna_data_02_mir/recover-20221013/UBNA_001/20221012_030000.WAV,Telephone Field,recover-20221013,001,1795
1225.7015,1225.7089,28046,38478,Eptesicus serotinus,0.008,0.025,-1,Echolocation,/mnt/ubna_data_02_mir/recover-20221013/UBNA_001/20221012_030000.WAV,Telephone Field,recover-20221013,001,1795
1225.7195,1225.7569,68437,82024,Rhinolophus ferrumequinum,0.022,0.022,-1,Echolocation,/mnt/ubna_data_02_mir/recover-20221013/UBNA_001/20221012_030000.WAV,Telephone Field,recover-20221013,001,1795
1225.7635,1225.771,26328,35399,Eptesicus serotinus,0.009,0.025,-1,Echolocation,/mnt/ubna_data_02_mir/recover-20221013/UBNA_001/20221012_030000.WAV,Telephone Field,recover-20221013,001,1795
1225.7955,1225.8025,28046,39488,Eptesicus serotinus,0.007,0.023,-1,Echolocation,/mnt/ubna_data_02_mir/recover-20221013/UBNA_001/20221012_030000.WAV,Telephone Field,recover-20221013,001,1795
1225.7985,1225.8402,68437,82648,Rhinolophus ferrumequinum,0.027,0.027,-1,Echolocation,/mnt/ubna_data_02_mir/recover-20221013/UBNA_001/20221012_030000.WAV,Telephone Field,recover-20221013,001,1795
1225.8105,1225.8498,68437,82459,Rhinolophus ferrumequinum,0.023,0.023,-1,Echolocation,/mnt/ubna_data_02_mir/recover-20221013/UBNA_001/20221012_030000.WAV,Telephone Field,recover-20221013,001,1795
1225.8255,1225.8636,68437,82399,Rhinolophus ferrumequinum,0.024,0.024,-1,Echolocation,/mnt/ubna_data_02_mir/recover-20221013/UBNA_001/20221012_030000.WAV,Telephone Field,recover-20221013,001,1795
1225.8405,1225.855,15156,21084,Nyctalus noctula,0.015,0.022,-1,Echolocation,/mnt/ubna_data_02_mir/recover-20221013/UBNA_001/20221012_030000.WAV,Telephone Field,recover-20221013,001,1795
1225.8495,1225.8868,68437,81863,Rhinolophus ferrumequinum,0.021,0.021,-1,Echolocation,/mnt/ubna_data_02_mir/recover-20221013/UBNA_001/20221012_030000.WAV,Telephone Field,recover-20221013,001,1795
1225.8605,1225.8962,68437,81063,Rhinolophus ferrumequinum,0.024,0.024,-1,Echolocation,/mnt/ubna_data_02_mir/recover-20221013/UBNA_001/20221012_030000.WAV,Telephone Field,recover-20221013,001,1795
1225.9135,1225.9578,68437,83248,Rhinolophus ferrumequinum,0.036,0.036,-1,Echolocation,/mnt/ubna_data_02_mir/recover-20221013/UBNA_001/20221012_030000.WAV,Telephone Field,recover-20221013,001,1795
1225.9195,1225.9279,27187,38209,Eptesicus serotinus,0.008,0.022,-1,Echolocation,/mnt/ubna_data_02_mir/recover-20221013/UBNA_001/20221012_030000.WAV,Telephone Field,recover-20221013,001,1795
1225.9465,1225.9848,68437,82232,Rhinolophus ferrumequinum,0.021,0.021,-1,Echolocation,/mnt/ubna_data_02_mir/recover-20221013/UBNA_001/20221012_030000.WAV,Telephone Field,recover-20221013,001,1795
1226.0015,1226.0187,17734,22217,Nyctalus noctula,0.012,0.028,-1,Echolocation,/mnt/ubna_data_02_mir/recover-20221013/UBNA_001/20221012_030000.WAV,Telephone Field,recover-20221013,001,1795
1226.0015,1226.0104,22890,28342,Nyctalus leisleri,0.012,0.028,-1,Echolocation,/mnt/ubna_data_02_mir/recover-20221013/UBNA_001/20221012_030000.WAV,Telephone Field,recover-20221013,001,1795
1226.0105,1226.0212,51250,56488,Pipistrellus pipistrellus,0.019,0.024,-1,Echolocation,/mnt/ubna_data_02_mir/recover-20221013/UBNA_001/20221012_030000.WAV,Telephone Field,recover-20221013,001,1795
1226.0145,1226.024,22890,29410,Nyctalus leisleri,0.009,0.026,-1,Echolocation,/mnt/ubna_data_02_mir/recover-20221013/UBNA_001/20221012_030000.WAV,Telephone Field,recover-20221013,001,1795
1226.0335,1226.0749,68437,82582,Rhinolophus ferrumequinum,0.027,0.027,-1,Echolocation,/mnt/ubna_data_02_mir/recover-20221013/UBNA_001/20221012_030000.WAV,Telephone Field,recover-20221013,001,1795
1226.0765,1226.1186,68437,82845,Rhinolophus ferrumequinum,0.029,0.029,-1,Echolocation,/mnt/ubna_data_02_mir/recover-20221013/UBNA_001/20221012_030000.WAV,Telephone Field,recover-20221013,001,1795
1226.1105,1226.1511,68437,82525,Rhinolophus ferrumequinum,0.024,0.024,-1,Echolocation,/mnt/ubna_data_02_mir/recover-20221013/UBNA_001/20221012_030000.WAV,Telephone Field,recover-20221013,001,1795
1226.1265,1226.1404,23750,28623,Nyctalus leisleri,0.012,0.024,-1,Echolocation,/mnt/ubna_data_02_mir/recover-20221013/UBNA_001/20221012_030000.WAV,Telephone Field,recover-20221013,001,1795
1226.1515,1226.1919,68437,82855,Rhinolophus ferrumequinum,0.025,0.026,-1,Echolocation,/mnt/ubna_data_02_mir/recover-20221013/UBNA_001/20221012_030000.WAV,Telephone Field,recover-20221013,001,1795
1226.1515,1226.1613,24609,32208,Eptesicus serotinus,0.008,0.023,-1,Echolocation,/mnt/ubna_data_02_mir/recover-20221013/UBNA_001/20221012_030000.WAV,Telephone Field,recover-20221013,001,1795
1226.1625,1226.1709,46093,49574,Pipistrellus pipistrellus,0.026,0.027,-1,Echolocation,/mnt/ubna_data_02_mir/recover-20221013/UBNA_001/20221012_030000.WAV,Telephone Field,recover-20221013,001,1795
1226.1705,1226.1783,22031,29385,Plecotus austriacus,0.009,0.022,-1,Echolocation,/mnt/ubna_data_02_mir/recover-20221013/UBNA_001/20221012_030000.WAV,Telephone Field,recover-20221013,001,1795
1226.1795,1226.2221,68437,82970,Rhinolophus ferrumequinum,0.028,0.028,-1,Echolocation,/mnt/ubna_data_02_mir/recover-20221013/UBNA_001/20221012_030000.WAV,Telephone Field,recover-20221013,001,1795
1226.1975,1226.2384,68437,82678,Rhinolophus ferrumequinum,0.023,0.023,-1,Echolocation,/mnt/ubna_data_02_mir/recover-20221013/UBNA_001/20221012_030000.WAV,Telephone Field,recover-20221013,001,1795
1226.2135,1226.2513,68437,81747,Rhinolophus ferrumequinum,0.022,0.022,-1,Echolocation,/mnt/ubna_data_02_mir/recover-20221013/UBNA_001/20221012_030000.WAV,Telephone Field,recover-20221013,001,1795
1226.2245,1226.2641,68437,82347,Rhinolophus ferrumequinum,0.021,0.021,-1,Echolocation,/mnt/ubna_data_02_mir/recover-20221013/UBNA_001/20221012_030000.WAV,Telephone Field,recover-20221013,001,1795
1226.2445,1226.2535,22890,30244,Plecotus austriacus,0.007,0.022,-1,Echolocation,/mnt/ubna_data_02_mir/recover-20221013/UBNA_001/20221012_030000.WAV,Telephone Field,recover-20221013,001,1795
1226.2645,1226.2741,27187,34629,Eptesicus serotinus,0.016,0.031,-1,Echolocation,/mnt/ubna_data_02_mir/recover-20221013/UBNA_001/20221012_030000.WAV,Telephone Field,recover-20221013,001,1795
1226.2775,1226.3187,68437,82756,Rhinolophus ferrumequinum,0.028,0.028,-1,Echolocation,/mnt/ubna_data_02_mir/recover-20221013/UBNA_001/20221012_030000.WAV,Telephone Field,recover-20221013,001,1795
1226.3405,1226.3806,68437,82693,Rhinolophus ferrumequinum,0.024,0.024,-1,Echolocation,/mnt/ubna_data_02_mir/recover-20221013/UBNA_001/20221012_030000.WAV,Telephone Field,recover-20221013,001,1795
1226.3505,1226.3892,68437,81862,Rhinolophus ferrumequinum,0.022,0.022,-1,Echolocation,/mnt/ubna_data_02_mir/recover-20221013/UBNA_001/20221012_030000.WAV,Telephone Field,recover-20221013,001,1795
1226.3785,1226.4177,68437,82394,Rhinolophus ferrumequinum,0.023,0.023,-1,Echolocation,/mnt/ubna_data_02_mir/recover-20221013/UBNA_001/20221012_030000.WAV,Telephone Field,recover-20221013,001,1795
1226.4455,1226.4579,23750,29331,Nyctalus leisleri,0.01,0.023,-1,Echolocation,/mnt/ubna_data_02_mir/recover-20221013/UBNA_001/20221012_030000.WAV,Telephone Field,recover-20221013,001,1795
1226.4675,1226.5065,68437,82025,Rhinolophus ferrumequinum,0.025,0.025,-1,Echolocation,/mnt/ubna_data_02_mir/recover-20221013/UBNA_001/20221012_030000.WAV,Telephone Field,recover-20221013,001,1795
1226.5245,1226.5579,68437,80623,Rhinolophus ferrumequinum,0.022,0.022,-1,Echolocation,/mnt/ubna_data_02_mir/recover-20221013/UBNA_001/20221012_030000.WAV,Telephone Field,recover-20221013,001,1795
1226.5315,1226.5692,68437,81099,Rhinolophus ferrumequinum,0.021,0.021,-1,Echolocation,/mnt/ubna_data_02_mir/recover-20221013/UBNA_001/20221012_030000.WAV,Telephone Field,recover-20221013,001,1795
1226.5915,1226.6329,68437,82703,Rhinolophus ferrumequinum,0.035,0.035,-1,Echolocation,/mnt/ubna_data_02_mir/recover-20221013/UBNA_001/20221012_030000.WAV,Telephone Field,recover-20221013,001,1795
1226.5955,1226.6036,28046,41471,Eptesicus serotinus,0.009,0.024,-1,Echolocation,/mnt/ubna_data_02_mir/recover-20221013/UBNA_001/20221012_030000.WAV,Telephone Field,recover-20221013,001,1795
1226.6055,1226.6398,68437,80693,Rhinolophus ferrumequinum,0.021,0.022,-1,Echolocation,/mnt/ubna_data_02_mir/recover-20221013/UBNA_001/20221012_030000.WAV,Telephone Field,recover-20221013,001,1795
1226.6215,1226.6315,44375,51936,Pipistrellus pipistrellus,0.019,0.023,-1,Echolocation,/mnt/ubna_data_02_mir/recover-20221013/UBNA_001/20221012_030000.WAV,Telephone Field,recover-20221013,001,1795
1226.6355,1226.677,68437,82891,Rhinolophus ferrumequinum,0.031,0.031,-1,Echolocation,/mnt/ubna_data_02_mir/recover-20221013/UBNA_001/20221012_030000.WAV,Telephone Field,recover-20221013,001,1795
1226.6435,1226.6517,28046,39508,Eptesicus serotinus,0.008,0.021,-1,Echolocation,/mnt/ubna_data_02_mir/recover-20221013/UBNA_001/20221012_030000.WAV,Telephone Field,recover-20221013,001,1795
1226.6615,1226.6683,27187,39724,Eptesicus serotinus,0.006,0.021,-1,Echolocation,/mnt/ubna_data_02_mir/recover-20221013/UBNA_001/20221012_030000.WAV,Telephone Field,recover-20221013,001,1795
1226.6625,1226.7021,68437,82662,Rhinolophus ferrumequinum,0.024,0.024,-1,Echolocation,/mnt/ubna_data_02_mir/recover-20221013/UBNA_001/20221012_030000.WAV,Telephone Field,recover-20221013,001,1795
1226.7635,1226.7741,22031,26662,Nyctalus leisleri,0.012,0.024,-1,Echolocation,/mnt/ubna_data_02_mir/recover-20221013/UBNA_001/20221012_030000.WAV,Telephone Field,recover-20221013,001,1795
1226.7865,1226.8253,68437,81787,Rhinolophus ferrumequinum,0.023,0.023,-1,Echolocation,/mnt/ubna_data_02_mir/recover-20221013/UBNA_001/20221012_030000.WAV,Telephone Field,recover-20221013,001,1795
1226.7995,1226.8083,27187,35634,Eptesicus serotinus,0.009,0.022,-1,Echolocation,/mnt/ubna_data_02_mir/recover-20221013/UBNA_001/20221012_030000.WAV,Telephone Field,recover-20221013,001,1795
1226.8775,1226.9105,68437,81417,Rhinolophus ferrumequinum,0.024,0.024,-1,Echolocation,/mnt/ubna_data_02_mir/recover-20221013/UBNA_001/20221012_030000.WAV,Telephone Field,recover-20221013,001,1795
1226.8885,1226.9299,68437,82089,Rhinolophus ferrumequinum,0.023,0.023,-1,Echolocation,/mnt/ubna_data_02_mir/recover-20221013/UBNA_001/20221012_030000.WAV,Telephone Field,recover-20221013,001,1795
1226.8995,1226.9084,46953,51621,Pipistrellus pipistrellus,0.021,0.023,-1,Echolocation,/mnt/ubna_data_02_mir/recover-20221013/UBNA_001/20221012_030000.WAV,Telephone Field,recover-20221013,001,1795
1226.9315,1226.971,68437,82150,Rhinolophus ferrumequinum,0.022,0.022,-1,Echolocation,/mnt/ubna_data_02_mir/recover-20221013/UBNA_001/20221012_030000.WAV,Telephone Field,recover-20221013,001,1795
1226.9595,1226.9696,23750,30601,Nyctalus leisleri,0.008,0.022,-1,Echolocation,/mnt/ubna_data_02_mir/recover-20221013/UBNA_001/20221012_030000.WAV,Telephone Field,recover-20221013,001,1795
1226.9795,1227.0182,68437,81818,Rhinolophus ferrumequinum,0.035,0.035,-1,Echolocation,/mnt/ubna_data_02_mir/recover-20221013/UBNA_001/20221012_030000.WAV,Telephone Field,recover-20221013,001,1795
1226.9925,1227.03,68437,81346,Rhinolophus ferrumequinum,0.023,0.023,-1,Echolocation,/mnt/ubna_data_02_mir/recover-20221013/UBNA_001/20221012_030000.WAV,Telephone Field,recover-20221013,001,1795
1227.0775,1227.0843,50390,56133,Pipistrellus pipistrellus,0.03,0.033,-1,Echolocation,/mnt/ubna_data_02_mir/recover-20221013/UBNA_001/20221012_030000.WAV,Telephone Field,recover-20221013,001,1795
1227.1465,1227.1595,34062,39078,Eptesicus serotinus,0.014,0.042,-1,Echolocation,/mnt/ubna_data_02_mir/recover-20221013/UBNA_001/20221012_030000.WAV,Telephone Field,recover-20221013,001,1795
1227.1825,1227.2207,68437,82126,Rhinolophus ferrumequinum,0.024,0.024,-1,Echolocation,/mnt/ubna_data_02_mir/recover-20221013/UBNA_001/20221012_030000.WAV,Telephone Field,recover-20221013,001,1795
1227.1975,1227.2062,22890,30840,Plecotus austriacus,0.037,0.075,-1,Echolocation,/mnt/ubna_data_02_mir/recover-20221013/UBNA_001/20221012_030000.WAV,Telephone Field,recover-20221013,001,1795
1227.2305,1227.2684,68437,82158,Rhinolophus ferrumequinum,0.028,0.028,-1,Echolocation,/mnt/ubna_data_02_mir/recover-20221013/UBNA_001/20221012_030000.WAV,Telephone Field,recover-20221013,001,1795
1227.2495,1227.291,68437,82764,Rhinolophus ferrumequinum,0.031,0.031,-1,Echolocation,/mnt/ubna_data_02_mir/recover-20221013/UBNA_001/20221012_030000.WAV,Telephone Field,recover-20221013,001,1795
1227.2925,1227.3014,23750,30801,Plecotus austriacus,0.007,0.025,-1,Echolocation,/mnt/ubna_data_02_mir/recover-20221013/UBNA_001/20221012_030000.WAV,Telephone Field,recover-20221013,001,1795
1227.2925,1227.336,68437,83144,Rhinolophus ferrumequinum,0.036,0.036,-1,Echolocation,/mnt/ubna_data_02_mir/recover-20221013/UBNA_001/20221012_030000.WAV,Telephone Field,recover-20221013,001,1795
1227.3355,1227.376,68437,82462,Rhinolophus ferrumequinum,0.023,0.023,-1,Echolocation,/mnt/ubna_data_02_mir/recover-20221013/UBNA_001/20221012_030000.WAV,Telephone Field,recover-20221013,001,1795
1227.3425,1227.3822,68437,82515,Rhinolophus ferrumequinum,0.021,0.021,-1,Echolocation,/mnt/ubna_data_02_mir/recover-20221013/UBNA_001/20221012_030000.WAV,Telephone Field,recover-20221013,001,1795
1227.3555,1227.366,22890,28588,Nyctalus leisleri,0.009,0.022,-1,Echolocation,/mnt/ubna_data_02_mir/recover-20221013/UBNA_001/20221012_030000.WAV,Telephone Field,recover-20221013,001,1795
1227.3845,1227.4267,68437,82459,Rhinolophus ferrumequinum,0.041,0.041,-1,Echolocation,/mnt/ubna_data_02_mir/recover-20221013/UBNA_001/20221012_030000.WAV,Telephone Field,recover-20221013,001,1795
1227.3955,1227.4329,68437,82441,Rhinolophus ferrumequinum,0.022,0.022,-1,Echolocation,/mnt/ubna_data_02_mir/recover-20221013/UBNA_001/20221012_030000.WAV,Telephone Field,recover-20221013,001,1795
1227.4255,1227.458,68437,81448,Rhinolophus ferrumequinum,0.022,0.022,-1,Echolocation,/mnt/ubna_data_02_mir/recover-20221013/UBNA_001/20221012_030000.WAV,Telephone Field,recover-20221013,001,1795
1227.4335,1227.4418,25468,33564,Eptesicus serotinus,0.007,0.022,-1,Echolocation,/mnt/ubna_data_02_mir/recover-20221013/UBNA_001/20221012_030000.WAV,Telephone Field,recover-20221013,001,1795
1227.4395,1227.4488,22890,28904,Nyctalus leisleri,0.007,0.022,-1,Echolocation,/mnt/ubna_data_02_mir/recover-20221013/UBNA_001/20221012_030000.WAV,Telephone Field,recover-20221013,001,1795
1227.4445,1227.483,68437,81982,Rhinolophus ferrumequinum,0.036,0.036,-1,Echolocation,/mnt/ubna_data_02_mir/recover-20221013/UBNA_001/20221012_030000.WAV,Telephone Field,recover-20221013,001,1795
1227.4805,1227.521,68437,82612,Rhinolophus ferrumequinum,0.024,0.024,-1,Echolocation,/mnt/ubna_data_02_mir/recover-20221013/UBNA_001/20221012_030000.WAV,Telephone Field,recover-20221013,001,1795
1227.4885,1227.5269,68437,82361,Rhinolophus ferrumequinum,0.024,0.024,-1,Echolocation,/mnt/ubna_data_02_mir/recover-20221013/UBNA_001/20221012_030000.WAV,Telephone Field,recover-20221013,001,1795
1227.5065,1227.5483,68437,82772,Rhinolophus ferrumequinum,0.024,0.024,-1,Echolocation,/mnt/ubna_data_02_mir/recover-20221013/UBNA_001/20221012_030000.WAV,Telephone Field,recover-20221013,001,1795
1227.5185,1227.5559,68437,82363,Rhinolophus ferrumequinum,0.023,0.023,-1,Echolocation,/mnt/ubna_data_02_mir/recover-20221013/UBNA_001/20221012_030000.WAV,Telephone Field,recover-20221013,001,1795
1227.5195,1227.5283,28046,38347,Eptesicus serotinus,0.009,0.021,-1,Echolocation,/mnt/ubna_data_02_mir/recover-20221013/UBNA_001/20221012_030000.WAV,Telephone Field,recover-20221013,001,1795
1227.5775,1227.5843,28906,39524,Eptesicus serotinus,0.01,0.029,-1,Echolocation,/mnt/ubna_data_02_mir/recover-20221013/UBNA_001/20221012_030000.WAV,Telephone Field,recover-20221013,001,1795
1227.6075,1227.6472,68437,82585,Rhinolophus ferrumequinum,0.021,0.022,-1,Echolocation,/mnt/ubna_data_02_mir/recover-20221013/UBNA_001/20221012_030000.WAV,Telephone Field,recover-20221013,001,1795
1227.6235,1227.6626,68437,82360,Rhinolophus ferrumequinum,0.022,0.022,-1,Echolocation,/mnt/ubna_data_02_mir/recover-20221013/UBNA_001/20221012_030000.WAV,Telephone Field,recover-20221013,001,1795
1227.6355,1227.6751,68437,82264,Rhinolophus ferrumequinum,0.023,0.023,-1,Echolocation,/mnt/ubna_data_02_mir/recover-20221013/UBNA_001/20221012_030000.WAV,Telephone Field,recover-20221013,001,1795
1227.6595,1227.6677,46093,51234,Pipistrellus pipistrellus,0.04,0.043,-1,Echolocation,/mnt/ubna_data_02_mir/recover-20221013/UBNA_001/20221012_030000.WAV,Telephone Field,recover-20221013,001,1795
1227.6785,1227.6878,22890,29598,Nyctalus leisleri,0.007,0.021,-1,Echolocation,/mnt/ubna_data_02_mir/recover-20221013/UBNA_001/20221012_030000.WAV,Telephone Field,recover-20221013,001,1795
1227.6905,1227.6972,27187,36615,Eptesicus serotinus,0.008,0.022,-1,Echolocation,/mnt/ubna_data_02_mir/recover-20221013/UBNA_001/20221012_030000.WAV,Telephone Field,recover-20221013,001,1795
1227.7035,1227.7451,68437,82410,Rhinolophus ferrumequinum,0.023,0.023,-1,Echolocation,/mnt/ubna_data_02_mir/recover-20221013/UBNA_001/20221012_030000.WAV,Telephone Field,recover-20221013,001,1795
1227.7425,1227.7828,68437,81605,Rhinolophus ferrumequinum,0.066,0.066,-1,Echolocation,/mnt/ubna_data_02_mir/recover-20221013/UBNA_001/20221012_030000.WAV,Telephone Field,recover-20221013,001,1795
1227.7675,1227.8076,68437,82884,Rhinolophus ferrumequinum,0.024,0.024,-1,Echolocation,/mnt/ubna_data_02_mir/recover-20221013/UBNA_001/20221012_030000.WAV,Telephone Field,recover-20221013,001,1795
1227.7765,1227.7845,26328,35142,Eptesicus serotinus,0.008,0.022,-1,Echolocation,/mnt/ubna_data_02_mir/recover-20221013/UBNA_001/20221012_030000.WAV,Telephone Field,recover-20221013,001,1795
1227.7895,1227.8304,68437,82597,Rhinolophus ferrumequinum,0.023,0.023,-1,Echolocation,/mnt/ubna_data_02_mir/recover-20221013/UBNA_001/20221012_030000.WAV,Telephone Field,recover-20221013,001,1795
1227.8175,1227.86,68437,82764,Rhinolophus ferrumequinum,0.023,0.023,-1,Echolocation,/mnt/ubna_data_02_mir/recover-20221013/UBNA_001/20221012_030000.WAV,Telephone Field,recover-20221013,001,1795
1227.8415,1227.8478,49531,57522,Pipistrellus pipistrellus,0.018,0.022,-1,Echolocation,/mnt/ubna_data_02_mir/recover-20221013/UBNA_001/20221012_030000.WAV,Telephone Field,recover-20221013,001,1795
1227.8605,1227.9004,68437,82959,Rhinolophus ferrumequinum,0.026,0.026,-1,Echolocation,/mnt/ubna_data_02_mir/recover-20221013/UBNA_001/20221012_030000.WAV,Telephone Field,recover-20221013,001,1795
1227.9045,1227.9435,68437,82206,Rhinolophus ferrumequinum,0.023,0.023,-1,Echolocation,/mnt/ubna_data_02_mir/recover-20221013/UBNA_001/20221012_030000.WAV,Telephone Field,recover-20221013,001,1795
1227.9145,1227.9532,68437,82776,Rhinolophus ferrumequinum,0.026,0.026,-1,Echolocation,/mnt/ubna_data_02_mir/recover-20221013/UBNA_001/20221012_030000.WAV,Telephone Field,recover-20221013,001,1795
1227.9195,1227.9585,68437,82489,Rhinolophus ferrumequinum,0.026,0.026,-1,Echolocation,/mnt/ubna_data_02_mir/recover-20221013/UBNA_001/20221012_030000.WAV,Telephone Field,recover-20221013,001,1795
1227.9495,1227.9854,68437,81448,Rhinolophus ferrumequinum,0.021,0.021,-1,Echolocation,/mnt/ubna_data_02_mir/recover-20221013/UBNA_001/20221012_030000.WAV,Telephone Field,recover-20221013,001,1795
1227.9565,1227.9671,23750,29907,Nyctalus leisleri,0.009,0.022,-1,Echolocation,/mnt/ubna_data_02_mir/recover-20221013/UBNA_001/20221012_030000.WAV,Telephone Field,recover-20221013,001,1795
1227.9795,1227.9875,24609,33406,Plecotus austriacus,0.007,0.026,-1,Echolocation,/mnt/ubna_data_02_mir/recover-20221013/UBNA_001/20221012_030000.WAV,Telephone Field,recover-20221013,001,1795
1228.0015,1228.0112,25468,32083,Nyctalus leisleri,0.012,0.03,-1,Echolocation,/mnt/ubna_data_02_mir/recover-20221013/UBNA_001/20221012_030000.WAV,Telephone Field,recover-20221013,001,1795
1228.0015,1228.0334,69296,82375,Rhinolophus ferrumequinum,0.035,0.036,-1,Echolocation,/mnt/ubna_data_02_mir/recover-20221013/UBNA_001/20221012_030000.WAV,Telephone Field,recover-20221013,001,1795
1228.0105,1228.0245,22890,27559,Nyctalus leisleri,0.021,0.042,-1,Echolocation,/mnt/ubna_data_02_mir/recover-20221013/UBNA_001/20221012_030000.WAV,Telephone Field,recover-20221013,001,1795
1228.0235,1228.066,68437,82863,Rhinolophus ferrumequinum,0.031,0.031,-1,Echolocation,/mnt/ubna_data_02_mir/recover-20221013/UBNA_001/20221012_030000.WAV,Telephone Field,recover-20221013,001,1795
1228.0325,1228.0732,68437,82669,Rhinolophus ferrumequinum,0.033,0.033,-1,Echolocation,/mnt/ubna_data_02_mir/recover-20221013/UBNA_001/20221012_030000.WAV,Telephone Field,recover-20221013,001,1795
1228.0335,1228.0403,25468,40587,Plecotus austriacus,0.007,0.027,-1,Echolocation,/mnt/ubna_data_02_mir/recover-20221013/UBNA_001/20221012_030000.WAV,Telephone Field,recover-20221013,001,1795
1228.0335,1228.0403,37500,44655,Barbastellus barbastellus,0.007,0.029,-1,Echolocation,/mnt/ubna_data_02_mir/recover-20221013/UBNA_001/20221012_030000.WAV,Telephone Field,recover-20221013,001,1795
1228.0575,1228.0979,68437,82937,Rhinolophus ferrumequinum,0.025,0.025,-1,Echolocation,/mnt/ubna_data_02_mir/recover-20221013/UBNA_001/20221012_030000.WAV,Telephone Field,recover-20221013,001,1795
1228.0635,1228.071,28906,38820,Eptesicus serotinus,0.01,0.028,-1,Echolocation,/mnt/ubna_data_02_mir/recover-20221013/UBNA_001/20221012_030000.WAV,Telephone Field,recover-20221013,001,1795
1228.0875,1228.0952,22890,30910,Plecotus austriacus,0.014,0.028,-1,Echolocation,/mnt/ubna_data_02_mir/recover-20221013/UBNA_001/20221012_030000.WAV,Telephone Field,recover-20221013,001,1795
1228.1025,1228.1429,68437,82570,Rhinolophus ferrumequinum,0.024,0.024,-1,Echolocation,/mnt/ubna_data_02_mir/recover-20221013/UBNA_001/20221012_030000.WAV,Telephone Field,recover-20221013,001,1795
1228.1045,1228.1142,28906,37661,Eptesicus serotinus,0.01,0.023,-1,Echolocation,/mnt/ubna_data_02_mir/recover-20221013/UBNA_001/20221012_030000.WAV,Telephone Field,recover-20221013,001,1795
1228.1435,1228.1512,28046,41446,Eptesicus serotinus,0.007,0.021,-1,Echolocation,/mnt/ubna_data_02_mir/recover-20221013/UBNA_001/20221012_030000.WAV,Telephone Field,recover-20221013,001,1795
1228.1585,1228.1666,26328,35200,Eptesicus serotinus,0.009,0.025,-1,Echolocation,/mnt/ubna_data_02_mir/recover-20221013/UBNA_001/20221012_030000.WAV,Telephone Field,recover-20221013,001,1795
1228.1595,1228.1969,68437,82137,Rhinolophus ferrumequinum,0.024,0.024,-1,Echolocation,/mnt/ubna_data_02_mir/recover-20221013/UBNA_001/20221012_030000.WAV,Telephone Field,recover-20221013,001,1795
1228.1665,1228.2042,68437,81861,Rhinolophus ferrumequinum,0.021,0.022,-1,Echolocation,/mnt/ubna_data_02_mir/recover-20221013/UBNA_001/20221012_030000.WAV,Telephone Field,recover-20221013,001,1795
1228.1705,1228.1884,22031,25806,Nyctalus leisleri,0.027,0.053,-1,Echolocation,/mnt/ubna_data_02_mir/recover-20221013/UBNA_001/20221012_030000.WAV,Telephone Field,recover-20221013,001,1795
1228.1945,1228.2326,68437,82019,Rhinolophus ferrumequinum,0.022,0.022,-1,Echolocation,/mnt/ubna_data_02_mir/recover-20221013/UBNA_001/20221012_030000.WAV,Telephone Field,recover-20221013,001,1795
1228.1985,1228.2076,28906,38648,Eptesicus serotinus,0.009,0.025,-1,Echolocation,/mnt/ubna_data_02_mir/recover-20221013/UBNA_001/20221012_030000.WAV,Telephone Field,recover-20221013,001,1795
1228.2405,1228.2815,68437,82311,Rhinolophus ferrumequinum,0.023,0.023,-1,Echolocation,/mnt/ubna_data_02_mir/recover-20221013/UBNA_001/20221012_030000.WAV,Telephone Field,recover-20221013,001,1795
1228.2905,1228.2968,29765,40314,Eptesicus serotinus,0.014,0.053,-1,Echolocation,/mnt/ubna_data_02_mir/recover-20221013/UBNA_001/20221012_030000.WAV,Telephone Field,recover-20221013,001,1795
1228.3085,1228.3443,68437,82010,Rhinolophus ferrumequinum,0.021,0.021,-1,Echolocation,/mnt/ubna_data_02_mir/recover-20221013/UBNA_001/20221012_030000.WAV,Telephone Field,recover-20221013,001,1795
1228.3245,1228.3633,68437,82275,Rhinolophus ferrumequinum,0.021,0.021,-1,Echolocation,/mnt/ubna_data_02_mir/recover-20221013/UBNA_001/20221012_030000.WAV,Telephone Field,recover-20221013,001,1795
1228.3395,1228.3465,28046,42930,Eptesicus serotinus,0.006,0.022,-1,Echolocation,/mnt/ubna_data_02_mir/recover-20221013/UBNA_001/20221012_030000.WAV,Telephone Field,recover-20221013,001,1795
1228.3845,1228.4215,68437,82041,Rhinolophus ferrumequinum,0.023,0.023,-1,Echolocation,/mnt/ubna_data_02_mir/recover-20221013/UBNA_001/20221012_030000.WAV,Telephone Field,recover-20221013,001,1795
1228.4125,1228.456,68437,83483,Rhinolophus ferrumequinum,0.031,0.031,-1,Echolocation,/mnt/ubna_data_02_mir/recover-20221013/UBNA_001/20221012_030000.WAV,Telephone Field,recover-20221013,001,1795
1228.4335,1228.4722,68437,82148,Rhinolophus ferrumequinum,0.022,0.022,-1,Echolocation,/mnt/ubna_data_02_mir/recover-20221013/UBNA_001/20221012_030000.WAV,Telephone Field,recover-20221013,001,1795
1228.4565,1228.4962,68437,82554,Rhinolophus ferrumequinum,0.025,0.025,-1,Echolocation,/mnt/ubna_data_02_mir/recover-20221013/UBNA_001/20221012_030000.WAV,Telephone Field,recover-20221013,001,1795
1228.4655,1228.506,68437,82321,Rhinolophus ferrumequinum,0.026,0.026,-1,Echolocation,/mnt/ubna_data_02_mir/recover-20221013/UBNA_001/20221012_030000.WAV,Telephone Field,recover-20221013,001,1795
1228.4675,1228.4762,26328,37253,Eptesicus serotinus,0.008,0.021,-1,Echolocation,/mnt/ubna_data_02_mir/recover-20221013/UBNA_001/20221012_030000.WAV,Telephone Field,recover-20221013,001,1795
1228.4865,1228.5251,68437,82454,Rhinolophus ferrumequinum,0.022,0.022,-1,Echolocation,/mnt/ubna_data_02_mir/recover-20221013/UBNA_001/20221012_030000.WAV,Telephone Field,recover-20221013,001,1795
1228.5055,1228.5146,24609,32919,Eptesicus serotinus,0.007,0.023,-1,Echolocation,/mnt/ubna_data_02_mir/recover-20221013/UBNA_001/20221012_030000.WAV,Telephone Field,recover-20221013,001,1795
1228.5265,1228.5638,68437,82385,Rhinolophus ferrumequinum,0.028,0.028,-1,Echolocation,/mnt/ubna_data_02_mir/recover-20221013/UBNA_001/20221012_030000.WAV,Telephone Field,recover-20221013,001,1795
1228.5355,1228.5757,68437,82885,Rhinolophus ferrumequinum,0.036,0.036,-1,Echolocation,/mnt/ubna_data_02_mir/recover-20221013/UBNA_001/20221012_030000.WAV,Telephone Field,recover-20221013,001,1795
1228.5355,1228.5458,27187,36332,Eptesicus serotinus,0.011,0.025,-1,Echolocation,/mnt/ubna_data_02_mir/recover-20221013/UBNA_001/20221012_030000.WAV,Telephone Field,recover-20221013,001,1795
1228.5505,1228.5888,68437,81881,Rhinolophus ferrumequinum,0.022,0.022,-1,Echolocation,/mnt/ubna_data_02_mir/recover-20221013/UBNA_001/20221012_030000.WAV,Telephone Field,recover-20221013,001,1795
1228.5525,1228.5611,28046,39516,Eptesicus serotinus,0.007,0.022,-1,Echolocation,/mnt/ubna_data_02_mir/recover-20221013/UBNA_001/20221012_030000.WAV,Telephone Field,recover-20221013,001,1795
1228.5805,1228.5886,26328,37823,Eptesicus serotinus,0.007,0.026,-1,Echolocation,/mnt/ubna_data_02_mir/recover-20221013/UBNA_001/20221012_030000.WAV,Telephone Field,recover-20221013,001,1795
1228.5875,1228.5984,22890,28455,Nyctalus leisleri,0.01,0.023,-1,Echolocation,/mnt/ubna_data_02_mir/recover-20221013/UBNA_001/20221012_030000.WAV,Telephone Field,recover-20221013,001,1795
1228.6145,1228.6227,25468,35093,Eptesicus serotinus,0.009,0.028,-1,Echolocation,/mnt/ubna_data_02_mir/recover-20221013/UBNA_001/20221012_030000.WAV,Telephone Field,recover-20221013,001,1795
1228.6345,1228.6451,23750,29357,Nyctalus leisleri,0.01,0.023,-1,Echolocation,/mnt/ubna_data_02_mir/recover-20221013/UBNA_001/20221012_030000.WAV,Telephone Field,recover-20221013,001,1795
1228.6365,1228.6771,68437,82644,Rhinolophus ferrumequinum,0.023,0.023,-1,Echolocation,/mnt/ubna_data_02_mir/recover-20221013/UBNA_001/20221012_030000.WAV,Telephone Field,recover-20221013,001,1795
1228.6435,1228.6828,68437,82254,Rhinolophus ferrumequinum,0.022,0.022,-1,Echolocation,/mnt/ubna_data_02_mir/recover-20221013/UBNA_001/20221012_030000.WAV,Telephone Field,recover-20221013,001,1795
1228.6855,1228.7232,68437,82130,Rhinolophus ferrumequinum,0.021,0.021,-1,Echolocation,/mnt/ubna_data_02_mir/recover-20221013/UBNA_001/20221012_030000.WAV,Telephone Field,recover-20221013,001,1795
1228.7445,1228.7509,37500,44743,Myotis daubentonii,0.009,0.022,-1,Echolocation,/mnt/ubna_data_02_mir/recover-20221013/UBNA_001/20221012_030000.WAV,Telephone Field,recover-20221013,001,1795
1228.7485,1228.785,68437,82216,Rhinolophus ferrumequinum,0.023,0.023,-1,Echolocation,/mnt/ubna_data_02_mir/recover-20221013/UBNA_001/20221012_030000.WAV,Telephone Field,recover-20221013,001,1795
1228.7845,1228.7972,44375,47517,Pipistrellus pipistrellus,0.046,0.05,-1,Echolocation,/mnt/ubna_data_02_mir/recover-20221013/UBNA_001/20221012_030000.WAV,Telephone Field,recover-20221013,001,1795
1228.7985,1228.8068,26328,34689,Eptesicus serotinus,0.008,0.023,-1,Echolocation,/mnt/ubna_data_02_mir/recover-20221013/UBNA_001/20221012_030000.WAV,Telephone Field,recover-20221013,001,1795
1228.8015,1228.813,46953,50132,Pipistrellus pipistrellus,0.026,0.028,-1,Echolocation,/mnt/ubna_data_02_mir/recover-20221013/UBNA_001/20221012_030000.WAV,Telephone Field,recover-20221013,001,1795
1228.8095,1228.8517,68437,82594,Rhinolophus ferrumequinum,0.038,0.038,-1,Echolocation,/mnt/ubna_data_02_mir/recover-20221013/UBNA_001/20221012_030000.WAV,Telephone Field,recover-20221013,001,1795
1228.8295,1228.8719,68437,83176,Rhinolophus ferrumequinum,0.042,0.042,-1,Echolocation,/mnt/ubna_data_02_mir/recover-20221013/UBNA_001/20221012_030000.WAV,Telephone Field,recover-20221013,001,1795
1228.8365,1228.8474,23750,30074,Nyctalus leisleri,0.008,0.021,-1,Echolocation,/mnt/ubna_data_02_mir/recover-20221013/UBNA_001/20221012_030000.WAV,Telephone Field,recover-20221013,001,1795
1228.8445,1228.8529,23750,30859,Plecotus austriacus,0.008,0.023,-1,Echolocation,/mnt/ubna_data_02_mir/recover-20221013/UBNA_001/20221012_030000.WAV,Telephone Field,recover-20221013,001,1795
1228.8575,1228.8987,68437,82438,Rhinolophus ferrumequinum,0.025,0.025,-1,Echolocation,/mnt/ubna_data_02_mir/recover-20221013/UBNA_001/20221012_030000.WAV,Telephone Field,recover-20221013,001,1795
1228.8805,1228.8875,27187,40495,Eptesicus serotinus,0.007,0.025,-1,Echolocation,/mnt/ubna_data_02_mir/recover-20221013/UBNA_001/20221012_030000.WAV,Telephone Field,recover-20221013,001,1795
1228.8805,1228.9183,68437,82234,Rhinolophus ferrumequinum,0.025,0.025,-1,Echolocation,/mnt/ubna_data_02_mir/recover-20221013/UBNA_001/20221012_030000.WAV,Telephone Field,recover-20221013,001,1795
1228.8945,1228.9356,68437,82400,Rhinolophus ferrumequinum,0.034,0.034,-1,Echolocation,/mnt/ubna_data_02_mir/recover-20221013/UBNA_001/20221012_030000.WAV,Telephone Field,recover-20221013,001,1795
1228.8945,1228.8999,49531,57435,Pipistrellus pipistrellus,0.019,0.023,-1,Echolocation,/mnt/ubna_data_02_mir/recover-20221013/UBNA_001/20221012_030000.WAV,Telephone Field,recover-20221013,001,1795
1228.9215,1228.961,68437,82126,Rhinolophus ferrumequinum,0.023,0.023,-1,Echolocation,/mnt/ubna_data_02_mir/recover-20221013/UBNA_001/20221012_030000.WAV,Telephone Field,recover-20221013,001,1795
1228.9275,1228.9689,68437,82261,Rhinolophus ferrumequinum,0.025,0.025,-1,Echolocation,/mnt/ubna_data_02_mir/recover-20221013/UBNA_001/20221012_030000.WAV,Telephone Field,recover-20221013,001,1795
1228.9355,1228.9771,68437,82914,Rhinolophus ferrumequinum,0.035,0.035,-1,Echolocation,/mnt/ubna_data_02_mir/recover-20221013/UBNA_001/20221012_030000.WAV,Telephone Field,recover-20221013,001,1795
1228.9435,1228.9509,46953,51720,Pipistrellus pipistrellus,0.023,0.024,-1,Echolocation,/mnt/ubna_data_02_mir/recover-20221013/UBNA_001/20221012_030000.WAV,Telephone Field,recover-20221013,001,1795
1228.9535,1228.9659,28046,34123,Eptesicus serotinus,0.013,0.029,-1,Echolocation,/mnt/ubna_data_02_mir/recover-20221013/UBNA_001/20221012_030000.WAV,Telephone Field,recover-20221013,001,1795
1228.9955,1229.0299,68437,81348,Rhinolophus ferrumequinum,0.023,0.023,-1,Echolocation,/mnt/ubna_data_02_mir/recover-20221013/UBNA_001/20221012_030000.WAV,Telephone Field,recover-20221013,001,1795
1228.9955,1229.0065,37500,41676,Pipistrellus nathusii,0.011,0.03,-1,Echolocation,/mnt/ubna_data_02_mir/recover-20221013/UBNA_001/20221012_030000.WAV,Telephone Field,recover-20221013,001,1795
1229.0065,1229.017,47812,52515,Pipistrellus pipistrellus,0.028,0.032,-1,Echolocation,/mnt/ubna_data_02_mir/recover-20221013/UBNA_001/20221012_030000.WAV,Telephone Field,recover-20221013,001,1795
1229.0345,1229.0733,68437,82446,Rhinolophus ferrumequinum,0.026,0.026,-1,Echolocation,/mnt/ubna_data_02_mir/recover-20221013/UBNA_001/20221012_030000.WAV,Telephone Field,recover-20221013,001,1795
1229.0375,1229.0468,27187,40449,Eptesicus serotinus,0.01,0.023,-1,Echolocation,/mnt/ubna_data_02_mir/recover-20221013/UBNA_001/20221012_030000.WAV,Telephone Field,recover-20221013,001,1795
1229.0455,1229.0852,68437,82391,Rhinolophus ferrumequinum,0.024,0.024,-1,Echolocation,/mnt/ubna_data_02_mir/recover-20221013/UBNA_001/20221012_030000.WAV,Telephone Field,recover-20221013,001,1795
1229.0555,1229.0952,68437,82898,Rhinolophus ferrumequinum,0.022,0.022,-1,Echolocation,/mnt/ubna_data_02_mir/recover-20221013/UBNA_001/20221012_030000.WAV,Telephone Field,recover-20221013,001,1795
1229.0815,1229.0928,38359,43011,Pipistrellus nathusii,0.017,0.026,-1,Echolocation,/mnt/ubna_data_02_mir/recover-20221013/UBNA_001/20221012_030000.WAV,Telephone Field,recover-20221013,001,1795
1229.1215,1229.1597,68437,82180,Rhinolophus ferrumequinum,0.023,0.023,-1,Echolocation,/mnt/ubna_data_02_mir/recover-20221013/UBNA_001/20221012_030000.WAV,Telephone Field,recover-20221013,001,1795
1229.1315,1229.1428,22890,27678,Nyctalus leisleri,0.012,0.023,-1,Echolocation,/mnt/ubna_data_02_mir/recover-20221013/UBNA_001/20221012_030000.WAV,Telephone Field,recover-20221013,001,1795
1229.1595,1229.2003,68437,83172,Rhinolophus ferrumequinum,0.034,0.034,-1,Echolocation,/mnt/ubna_data_02_mir/recover-20221013/UBNA_001/20221012_030000.WAV,Telephone Field,recover-20221013,001,1795
1229.1845,1229.1944,22031,27018,Nyctalus leisleri,0.009,0.022,-1,Echolocation,/mnt/ubna_data_02_mir/recover-20221013/UBNA_001/20221012_030000.WAV,Telephone Field,recover-20221013,001,1795
1229.2035,1229.2448,68437,82677,Rhinolophus ferrumequinum,0.028,0.028,-1,Echolocation,/mnt/ubna_data_02_mir/recover-20221013/UBNA_001/20221012_030000.WAV,Telephone Field,recover-20221013,001,1795
1229.2165,1229.2544,68437,81990,Rhinolophus ferrumequinum,0.021,0.021,-1,Echolocation,/mnt/ubna_data_02_mir/recover-20221013/UBNA_001/20221012_030000.WAV,Telephone Field,recover-20221013,001,1795
1229.2715,1229.2794,28046,38881,Eptesicus serotinus,0.008,0.023,-1,Echolocation,/mnt/ubna_data_02_mir/recover-20221013/UBNA_001/20221012_030000.WAV,Telephone Field,recover-20221013,001,1795
1229.2755,1229.3146,68437,81933,Rhinolophus ferrumequinum,0.022,0.022,-1,Echolocation,/mnt/ubna_data_02_mir/recover-20221013/UBNA_001/20221012_030000.WAV,Telephone Field,recover-20221013,001,1795
1229.3035,1229.3421,68437,81973,Rhinolophus ferrumequinum,0.025,0.025,-1,Echolocation,/mnt/ubna_data_02_mir/recover-20221013/UBNA_001/20221012_030000.WAV,Telephone Field,recover-20221013,001,1795
1229.3075,1229.3164,59843,65671,Pipistrellus pygmaeus,0.021,0.022,-1,Echolocation,/mnt/ubna_data_02_mir/recover-20221013/UBNA_001/20221012_030000.WAV,Telephone Field,recover-20221013,001,1795
1229.3265,1229.3655,68437,82060,Rhinolophus ferrumequinum,0.025,0.025,-1,Echolocation,/mnt/ubna_data_02_mir/recover-20221013/UBNA_001/20221012_030000.WAV,Telephone Field,recover-20221013,001,1795
1229.3285,1229.3379,28906,36503,Eptesicus serotinus,0.009,0.023,-1,Echolocation,/mnt/ubna_data_02_mir/recover-20221013/UBNA_001/20221012_030000.WAV,Telephone Field,recover-20221013,001,1795
1229.3625,1229.3703,26328,38957,Eptesicus serotinus,0.007,0.022,-1,Echolocation,/mnt/ubna_data_02_mir/recover-20221013/UBNA_001/20221012_030000.WAV,Telephone Field,recover-20221013,001,1795
1229.3815,1229.3933,28906,34543,Eptesicus serotinus,0.021,0.037,-1,Echolocation,/mnt/ubna_data_02_mir/recover-20221013/UBNA_001/20221012_030000.WAV,Telephone Field,recover-20221013,001,1795
1229.3835,1229.4254,68437,82802,Rhinolophus ferrumequinum,0.025,0.025,-1,Echolocation,/mnt/ubna_data_02_mir/recover-20221013/UBNA_001/20221012_030000.WAV,Telephone Field,recover-20221013,001,1795
1229.3975,1229.4082,23750,29758,Nyctalus leisleri,0.01,0.024,-1,Echolocation,/mnt/ubna_data_02_mir/recover-20221013/UBNA_001/20221012_030000.WAV,Telephone Field,recover-20221013,001,1795
1229.4045,1229.4153,23750,28986,Nyctalus leisleri,0.01,0.023,-1,Echolocation,/mnt/ubna_data_02_mir/recover-20221013/UBNA_001/20221012_030000.WAV,Telephone Field,recover-20221013,001,1795
1229.4155,1229.4536,68437,82447,Rhinolophus ferrumequinum,0.025,0.025,-1,Echolocation,/mnt/ubna_data_02_mir/recover-20221013/UBNA_001/20221012_030000.WAV,Telephone Field,recover-20221013,001,1795
1229.4505,1229.4922,68437,82742,Rhinolophus ferrumequinum,0.027,0.027,-1,Echolocation,/mnt/ubna_data_02_mir/recover-20221013/UBNA_001/20221012_030000.WAV,Telephone Field,recover-20221013,001,1795
1229.4885,1229.5293,68437,82924,Rhinolophus ferrumequinum,0.025,0.025,-1,Echolocation,/mnt/ubna_data_02_mir/recover-20221013/UBNA_001/20221012_030000.WAV,Telephone Field,recover-20221013,001,1795
1229.5005,1229.5112,22031,25493,Nyctalus leisleri,0.014,0.023,-1,Echolocation,/mnt/ubna_data_02_mir/recover-20221013/UBNA_001/20221012_030000.WAV,Telephone Field,recover-20221013,001,1795
1229.5015,1229.5392,68437,81231,Rhinolophus ferrumequinum,0.022,0.022,-1,Echolocation,/mnt/ubna_data_02_mir/recover-20221013/UBNA_001/20221012_030000.WAV,Telephone Field,recover-20221013,001,1795
1229.5205,1229.5598,68437,83420,Rhinolophus ferrumequinum,0.03,0.03,-1,Echolocation,/mnt/ubna_data_02_mir/recover-20221013/UBNA_001/20221012_030000.WAV,Telephone Field,recover-20221013,001,1795
1229.5315,1229.5741,68437,83274,Rhinolophus ferrumequinum,0.025,0.025,-1,Echolocation,/mnt/ubna_data_02_mir/recover-20221013/UBNA_001/20221012_030000.WAV,Telephone Field,recover-20221013,001,1795
1229.5345,1229.5425,28046,39063,Eptesicus serotinus,0.007,0.022,-1,Echolocation,/mnt/ubna_data_02_mir/recover-20221013/UBNA_001/20221012_030000.WAV,Telephone Field,recover-20221013,001,1795
1229.5895,1229.6287,68437,82653,Rhinolophus ferrumequinum,0.024,0.024,-1,Echolocation,/mnt/ubna_data_02_mir/recover-20221013/UBNA_001/20221012_030000.WAV,Telephone Field,recover-20221013,001,1795
1229.5905,1229.5985,44375,54691,Pipistrellus pipistrellus,0.013,0.022,-1,Echolocation,/mnt/ubna_data_02_mir/recover-20221013/UBNA_001/20221012_030000.WAV,Telephone Field,recover-20221013,001,1795
1229.5915,1229.5988,48671,57038,Pipistrellus pipistrellus,0.018,0.022,-1,Echolocation,/mnt/ubna_data_02_mir/recover-20221013/UBNA_001/20221012_030000.WAV,Telephone Field,recover-20221013,001,1795
1229.6215,1229.6601,68437,82139,Rhinolophus ferrumequinum,0.022,0.022,-1,Echolocation,/mnt/ubna_data_02_mir/recover-20221013/UBNA_001/20221012_030000.WAV,Telephone Field,recover-20221013,001,1795
1229.6345,1229.6725,68437,82147,Rhinolophus ferrumequinum,0.023,0.023,-1,Echolocation,/mnt/ubna_data_02_mir/recover-20221013/UBNA_001/20221012_030000.WAV,Telephone Field,recover-20221013,001,1795
1229.6405,1229.6479,28906,39423,Eptesicus serotinus,0.006,0.023,-1,Echolocation,/mnt/ubna_data_02_mir/recover-20221013/UBNA_001/20221012_030000.WAV,Telephone Field,recover-20221013,001,1795
1229.6715,1229.681,27187,39780,Eptesicus serotinus,0.008,0.022,-1,Echolocation,/mnt/ubna_data_02_mir/recover-20221013/UBNA_001/20221012_030000.WAV,Telephone Field,recover-20221013,001,1795
1229.6775,1229.7128,68437,82238,Rhinolophus ferrumequinum,0.037,0.037,-1,Echolocation,/mnt/ubna_data_02_mir/recover-20221013/UBNA_001/20221012_030000.WAV,Telephone Field,recover-20221013,001,1795
1229.6915,1229.7297,68437,82047,Rhinolophus ferrumequinum,0.025,0.025,-1,Echolocation,/mnt/ubna_data_02_mir/recover-20221013/UBNA_001/20221012_030000.WAV,Telephone Field,recover-20221013,001,1795
1229.7435,1229.7811,68437,82121,Rhinolophus ferrumequinum,0.026,0.026,-1,Echolocation,/mnt/ubna_data_02_mir/recover-20221013/UBNA_001/20221012_030000.WAV,Telephone Field,recover-20221013,001,1795
1229.7545,1229.7613,27187,45101,Eptesicus serotinus,0.007,0.025,-1,Echolocation,/mnt/ubna_data_02_mir/recover-20221013/UBNA_001/20221012_030000.WAV,Telephone Field,recover-20221013,001,1795
1229.7695,1229.7779,44375,54989,Pipistrellus pipistrellus,0.016,0.026,-1,Echolocation,/mnt/ubna_data_02_mir/recover-20221013/UBNA_001/20221012_030000.WAV,Telephone Field,recover-20221013,001,1795
1229.7905,1229.8283,68437,81692,Rhinolophus ferrumequinum,0.046,0.046,-1,Echolocation,/mnt/ubna_data_02_mir/recover-20221013/UBNA_001/20221012_030000.WAV,Telephone Field,recover-20221013,001,1795
1229.7925,1229.7989,35781,44421,Myotis daubentonii,0.011,0.028,-1,Echolocation,/mnt/ubna_data_02_mir/recover-20221013/UBNA_001/20221012_030000.WAV,Telephone Field,recover-20221013,001,1795
1229.7945,1229.8029,22890,31675,Plecotus austriacus,0.015,0.032,-1,Echolocation,/mnt/ubna_data_02_mir/recover-20221013/UBNA_001/20221012_030000.WAV,Telephone Field,recover-20221013,001,1795
1229.8085,1229.8469,68437,82880,Rhinolophus ferrumequinum,0.021,0.021,-1,Echolocation,/mnt/ubna_data_02_mir/recover-20221013/UBNA_001/20221012_030000.WAV,Telephone Field,recover-20221013,001,1795
1229.8145,1229.8506,68437,82512,Rhinolophus ferrumequinum,0.022,0.022,-1,Echolocation,/mnt/ubna_data_02_mir/recover-20221013/UBNA_001/20221012_030000.WAV,Telephone Field,recover-20221013,001,1795
1229.8275,1229.8657,68437,81519,Rhinolophus ferrumequinum,0.027,0.027,-1,Echolocation,/mnt/ubna_data_02_mir/recover-20221013/UBNA_001/20221012_030000.WAV,Telephone Field,recover-20221013,001,1795
1229.8295,1229.8366,23750,32602,Plecotus austriacus,0.016,0.034,-1,Echolocation,/mnt/ubna_data_02_mir/recover-20221013/UBNA_001/20221012_030000.WAV,Telephone Field,recover-20221013,001,1795
1229.8475,1229.8817,68437,80478,Rhinolophus ferrumequinum,0.027,0.028,-1,Echolocation,/mnt/ubna_data_02_mir/recover-20221013/UBNA_001/20221012_030000.WAV,Telephone Field,recover-20221013,001,1795
1229.8485,1229.8561,41796,55191,Myotis mystacinus,0.008,0.029,-1,Echolocation,/mnt/ubna_data_02_mir/recover-20221013/UBNA_001/20221012_030000.WAV,Telephone Field,recover-20221013,001,1795
1229.8705,1229.9105,68437,81607,Rhinolophus ferrumequinum,0.026,0.026,-1,Echolocation,/mnt/ubna_data_02_mir/recover-20221013/UBNA_001/20221012_030000.WAV,Telephone Field,recover-20221013,001,1795
1229.9095,1229.9462,68437,81308,Rhinolophus ferrumequinum,0.022,0.022,-1,Echolocation,/mnt/ubna_data_02_mir/recover-20221013/UBNA_001/20221012_030000.WAV,Telephone Field,recover-20221013,001,1795
1229.9345,1229.9446,24609,31425,Nyctalus leisleri,0.009,0.025,-1,Echolocation,/mnt/ubna_data_02_mir/recover-20221013/UBNA_001/20221012_030000.WAV,Telephone Field,recover-20221013,001,1795
1229.9355,1229.9731,68437,81725,Rhinolophus ferrumequinum,0.026,0.026,-1,Echolocation,/mnt/ubna_data_02_mir/recover-20221013/UBNA_001/20221012_030000.WAV,Telephone Field,recover-20221013,001,1795
1230.0015,1230.0366,68437,80401,Rhinolophus ferrumequinum,0.066,0.066,-1,Echolocation,/mnt/ubna_data_02_mir/recover-20221013/UBNA_001/20221012_030000.WAV,Telephone Field,recover-20221013,001,1795
1230.0015,1230.0098,47812,54573,Pipistrellus pipistrellus,0.018,0.025,-1,Echolocation,/mnt/ubna_data_02_mir/recover-20221013/UBNA_001/20221012_030000.WAV,Telephone Field,recover-20221013,001,1795
1230.0015,1230.0096,27187,37239,Eptesicus serotinus,0.007,0.028,-1,Echolocation,/mnt/ubna_data_02_mir/recover-20221013/UBNA_001/20221012_030000.WAV,Telephone Field,recover-20221013,001,1795
1230.0165,1230.025,30625,39014,Myotis daubentonii,0.009,0.026,-1,Echolocation,/mnt/ubna_data_02_mir/recover-20221013/UBNA_001/20221012_030000.WAV,Telephone Field,recover-20221013,001,1795
1230.0695,1230.0781,23750,31600,Plecotus austriacus,0.007,0.023,-1,Echolocation,/mnt/ubna_data_02_mir/recover-20221013/UBNA_001/20221012_030000.WAV,Telephone Field,recover-20221013,001,1795
1230.1315,1230.141,22890,29657,Nyctalus leisleri,0.007,0.021,-1,Echolocation,/mnt/ubna_data_02_mir/recover-20221013/UBNA_001/20221012_030000.WAV,Telephone Field,recover-20221013,001,1795
1230.1475,1230.1879,68437,82284,Rhinolophus ferrumequinum,0.022,0.022,-1,Echolocation,/mnt/ubna_data_02_mir/recover-20221013/UBNA_001/20221012_030000.WAV,Telephone Field,recover-20221013,001,1795
1230.1485,1230.1575,27187,37136,Eptesicus serotinus,0.009,0.023,-1,Echolocation,/mnt/ubna_data_02_mir/recover-20221013/UBNA_001/20221012_030000.WAV,Telephone Field,recover-20221013,001,1795
1230.1805,1230.2163,68437,80822,Rhinolophus ferrumequinum,0.021,0.021,-1,Echolocation,/mnt/ubna_data_02_mir/recover-20221013/UBNA_001/20221012_030000.WAV,Telephone Field,recover-20221013,001,1795
1230.1965,1230.2053,24609,32540,Nyctalus leisleri,0.006,0.022,-1,Echolocation,/mnt/ubna_data_02_mir/recover-20221013/UBNA_001/20221012_030000.WAV,Telephone Field,recover-20221013,001,1795
1230.2265,1230.2642,68437,82675,Rhinolophus ferrumequinum,0.022,0.022,-1,Echolocation,/mnt/ubna_data_02_mir/recover-20221013/UBNA_001/20221012_030000.WAV,Telephone Field,recover-20221013,001,1795
1230.2755,1230.3183,68437,83247,Rhinolophus ferrumequinum,0.04,0.04,-1,Echolocation,/mnt/ubna_data_02_mir/recover-20221013/UBNA_001/20221012_030000.WAV,Telephone Field,recover-20221013,001,1795
1230.3145,1230.3473,68437,81077,Rhinolophus ferrumequinum,0.021,0.021,-1,Echolocation,/mnt/ubna_data_02_mir/recover-20221013/UBNA_001/20221012_030000.WAV,Telephone Field,recover-20221013,001,1795
1230.3405,1230.382,68437,83167,Rhinolophus ferrumequinum,0.027,0.027,-1,Echolocation,/mnt/ubna_data_02_mir/recover-20221013/UBNA_001/20221012_030000.WAV,Telephone Field,recover-20221013,001,1795
1230.3615,1230.3707,26328,34995,Eptesicus serotinus,0.01,0.024,-1,Echolocation,/mnt/ubna_data_02_mir/recover-20221013/UBNA_001/20221012_030000.WAV,Telephone Field,recover-20221013,001,1795
1230.3655,1230.406,68437,82718,Rhinolophus ferrumequinum,0.021,0.021,-1,Echolocation,/mnt/ubna_data_02_mir/recover-20221013/UBNA_001/20221012_030000.WAV,Telephone Field,recover-20221013,001,1795
1230.4015,1230.4083,28906,39226,Eptesicus serotinus,0.007,0.023,-1,Echolocation,/mnt/ubna_data_02_mir/recover-20221013/UBNA_001/20221012_030000.WAV,Telephone Field,recover-20221013,001,1795
1230.4225,1230.4587,68437,81025,Rhinolophus ferrumequinum,0.021,0.022,-1,Echolocation,/mnt/ubna_data_02_mir/recover-20221013/UBNA_001/20221012_030000.WAV,Telephone Field,recover-20221013,001,1795
1230.4495,1230.4579,28046,40424,Eptesicus serotinus,0.008,0.024,-1,Echolocation,/mnt/ubna_data_02_mir/recover-20221013/UBNA_001/20221012_030000.WAV,Telephone Field,recover-20221013,001,1795
1230.4505,1230.4578,22890,31626,Plecotus austriacus,0.011,0.023,-1,Echolocation,/mnt/ubna_data_02_mir/recover-20221013/UBNA_001/20221012_030000.WAV,Telephone Field,recover-20221013,001,1795
1230.4625,1230.4712,28906,37804,Eptesicus serotinus,0.012,0.029,-1,Echolocation,/mnt/ubna_data_02_mir/recover-20221013/UBNA_001/20221012_030000.WAV,Telephone Field,recover-20221013,001,1795
1230.4665,1230.505,68437,81851,Rhinolophus ferrumequinum,0.021,0.021,-1,Echolocation,/mnt/ubna_data_02_mir/recover-20221013/UBNA_001/20221012_030000.WAV,Telephone Field,recover-20221013,001,1795
1230.4745,1230.5133,68437,81438,Rhinolophus ferrumequinum,0.021,0.021,-1,Echolocation,/mnt/ubna_data_02_mir/recover-20221013/UBNA_001/20221012_030000.WAV,Telephone Field,recover-20221013,001,1795
1230.4865,1230.5274,68437,82346,Rhinolophus ferrumequinum,0.021,0.021,-1,Echolocation,/mnt/ubna_data_02_mir/recover-20221013/UBNA_001/20221012_030000.WAV,Telephone Field,recover-20221013,001,1795
1230.5315,1230.5383,28046,40491,Eptesicus serotinus,0.007,0.024,-1,Echolocation,/mnt/ubna_data_02_mir/recover-20221013/UBNA_001/20221012_030000.WAV,Telephone Field,recover-20221013,001,1795
1230.5325,1230.5383,34062,42253,Myotis daubentonii,0.009,0.021,-1,Echolocation,/mnt/ubna_data_02_mir/recover-20221013/UBNA_001/20221012_030000.WAV,Telephone Field,recover-20221013,001,1795
1230.5995,1230.6386,68437,82124,Rhinolophus ferrumequinum,0.022,0.022,-1,Echolocation,/mnt/ubna_data_02_mir/recover-20221013/UBNA_001/20221012_030000.WAV,Telephone Field,recover-20221013,001,1795
1230.6675,1230.7034,68437,80748,Rhinolophus ferrumequinum,0.022,0.022,-1,Echolocation,/mnt/ubna_data_02_mir/recover-20221013/UBNA_001/20221012_030000.WAV,Telephone Field,recover-20221013,001,1795
1230.6925,1230.7297,68437,82409,Rhinolophus ferrumequinum,0.025,0.025,-1,Echolocation,/mnt/ubna_data_02_mir/recover-20221013/UBNA_001/20221012_030000.WAV,Telephone Field,recover-20221013,001,1795
1230.7045,1230.7118,28046,43085,Eptesicus serotinus,0.009,0.028,-1,Echolocation,/mnt/ubna_data_02_mir/recover-20221013/UBNA_001/20221012_030000.WAV,Telephone Field,recover-20221013,001,1795
1230.7155,1230.7538,68437,82149,Rhinolophus ferrumequinum,0.021,0.021,-1,Echolocation,/mnt/ubna_data_02_mir/recover-20221013/UBNA_001/20221012_030000.WAV,Telephone Field,recover-20221013,001,1795
1230.7655,1230.7755,22031,27315,Nyctalus leisleri,0.009,0.023,-1,Echolocation,/mnt/ubna_data_02_mir/recover-20221013/UBNA_001/20221012_030000.WAV,Telephone Field,recover-20221013,001,1795
1230.8095,1230.8183,23750,30897,Plecotus austriacus,0.008,0.025,-1,Echolocation,/mnt/ubna_data_02_mir/recover-20221013/UBNA_001/20221012_030000.WAV,Telephone Field,recover-20221013,001,1795
1230.8365,1230.8474,22890,28123,Nyctalus leisleri,0.01,0.022,-1,Echolocation,/mnt/ubna_data_02_mir/recover-20221013/UBNA_001/20221012_030000.WAV,Telephone Field,recover-20221013,001,1795
1230.8635,1230.901,68437,82446,Rhinolophus ferrumequinum,0.022,0.022,-1,Echolocation,/mnt/ubna_data_02_mir/recover-20221013/UBNA_001/20221012_030000.WAV,Telephone Field,recover-20221013,001,1795
1230.8745,1230.9102,68437,81285,Rhinolophus ferrumequinum,0.021,0.021,-1,Echolocation,/mnt/ubna_data_02_mir/recover-20221013/UBNA_001/20221012_030000.WAV,Telephone Field,recover-20221013,001,1795
1230.9455,1230.9534,22890,29966,Plecotus austriacus,0.011,0.022,-1,Echolocation,/mnt/ubna_data_02_mir/recover-20221013/UBNA_001/20221012_030000.WAV,Telephone Field,recover-20221013,001,1795
1230.9635,1230.9724,22890,30007,Plecotus austriacus,0.007,0.021,-1,Echolocation,/mnt/ubna_data_02_mir/recover-20221013/UBNA_001/20221012_030000.WAV,Telephone Field,recover-20221013,001,1795
1230.9655,1230.9972,68437,80787,Rhinolophus ferrumequinum,0.022,0.022,-1,Echolocation,/mnt/ubna_data_02_mir/recover-20221013/UBNA_001/20221012_030000.WAV,Telephone Field,recover-20221013,001,1795
1230.9735,1231.011,68437,82455,Rhinolophus ferrumequinum,0.031,0.031,-1,Echolocation,/mnt/ubna_data_02_mir/recover-20221013/UBNA_001/20221012_030000.WAV,Telephone Field,recover-20221013,001,1795
1230.9895,1230.9992,28046,37143,Eptesicus serotinus,0.009,0.022,-1,Echolocation,/mnt/ubna_data_02_mir/recover-20221013/UBNA_001/20221012_030000.WAV,Telephone Field,recover-20221013,001,1795
1231.0235,1231.0329,24609,31880,Eptesicus serotinus,0.007,0.021,-1,Echolocation,/mnt/ubna_data_02_mir/recover-20221013/UBNA_001/20221012_030000.WAV,Telephone Field,recover-20221013,001,1795
1231.0465,1231.056,26328,35022,Eptesicus serotinus,0.01,0.026,-1,Echolocation,/mnt/ubna_data_02_mir/recover-20221013/UBNA_001/20221012_030000.WAV,Telephone Field,recover-20221013,001,1795
1231.0615,1231.0712,28906,37331,Eptesicus serotinus,0.013,0.03,-1,Echolocation,/mnt/ubna_data_02_mir/recover-20221013/UBNA_001/20221012_030000.WAV,Telephone Field,recover-20221013,001,1795
1231.1005,1231.1093,26328,34731,Eptesicus serotinus,0.014,0.03,-1,Echolocation,/mnt/ubna_data_02_mir/recover-20221013/UBNA_001/20221012_030000.WAV,Telephone Field,recover-20221013,001,1795
1231.1085,1231.1452,68437,82131,Rhinolophus ferrumequinum,0.022,0.022,-1,Echolocation,/mnt/ubna_data_02_mir/recover-20221013/UBNA_001/20221012_030000.WAV,Telephone Field,recover-20221013,001,1795
1231.1095,1231.1181,28046,40821,Eptesicus serotinus,0.008,0.023,-1,Echolocation,/mnt/ubna_data_02_mir/recover-20221013/UBNA_001/20221012_030000.WAV,Telephone Field,recover-20221013,001,1795
1231.1435,1231.151,27187,40310,Eptesicus serotinus,0.007,0.022,-1,Echolocation,/mnt/ubna_data_02_mir/recover-20221013/UBNA_001/20221012_030000.WAV,Telephone Field,recover-20221013,001,1795
1231.1705,1231.1802,22890,29125,Nyctalus leisleri,0.008,0.021,-1,Echolocation,/mnt/ubna_data_02_mir/recover-20221013/UBNA_001/20221012_030000.WAV,Telephone Field,recover-20221013,001,1795
1231.1795,1231.219,68437,82164,Rhinolophus ferrumequinum,0.023,0.023,-1,Echolocation,/mnt/ubna_data_02_mir/recover-20221013/UBNA_001/20221012_030000.WAV,Telephone Field,recover-20221013,001,1795
1231.1835,1231.1911,27187,42456,Eptesicus serotinus,0.007,0.021,-1,Echolocation,/mnt/ubna_data_02_mir/recover-20221013/UBNA_001/20221012_030000.WAV,Telephone Field,recover-20221013,001,1795
1231.2855,1231.3238,68437,81586,Rhinolophus ferrumequinum,0.022,0.022,-1,Echolocation,/mnt/ubna_data_02_mir/recover-20221013/UBNA_001/20221012_030000.WAV,Telephone Field,recover-20221013,001,1795
1231.3085,1231.3472,68437,82235,Rhinolophus ferrumequinum,0.023,0.023,-1,Echolocation,/mnt/ubna_data_02_mir/recover-20221013/UBNA_001/20221012_030000.WAV,Telephone Field,recover-20221013,001,1795
1231.3335,1231.3401,24609,34214,Plecotus austriacus,0.008,0.025,-1,Echolocation,/mnt/ubna_data_02_mir/recover-20221013/UBNA_001/20221012_030000.WAV,Telephone Field,recover-20221013,001,1795
1231.3415,1231.3552,37500,41243,Pipistrellus nathusii,0.025,0.035,-1,Echolocation,/mnt/ubna_data_02_mir/recover-20221013/UBNA_001/20221012_030000.WAV,Telephone Field,recover-20221013,001,1795
1231.3475,1231.355,28046,37068,Eptesicus serotinus,0.006,0.021,-1,Echolocation,/mnt/ubna_data_02_mir/recover-20221013/UBNA_001/20221012_030000.WAV,Telephone Field,recover-20221013,001,1795
1231.3565,1231.368,44375,50230,Pipistrellus pipistrellus,0.018,0.026,-1,Echolocation,/mnt/ubna_data_02_mir/recover-20221013/UBNA_001/20221012_030000.WAV,Telephone Field,recover-20221013,001,1795
1231.3785,1231.4149,68437,81360,Rhinolophus ferrumequinum,0.023,0.023,-1,Echolocation,/mnt/ubna_data_02_mir/recover-20221013/UBNA_001/20221012_030000.WAV,Telephone Field,recover-20221013,001,1795
1231.3995,1231.4354,68437,81415,Rhinolophus ferrumequinum,0.022,0.022,-1,Echolocation,/mnt/ubna_data_02_mir/recover-20221013/UBNA_001/20221012_030000.WAV,Telephone Field,recover-20221013,001,1795
1231.4045,1231.4127,28046,36601,Eptesicus serotinus,0.007,0.022,-1,Echolocation,/mnt/ubna_data_02_mir/recover-20221013/UBNA_001/20221012_030000.WAV,Telephone Field,recover-20221013,001,1795
1231.4205,1231.4591,68437,82258,Rhinolophus ferrumequinum,0.022,0.022,-1,Echolocation,/mnt/ubna_data_02_mir/recover-20221013/UBNA_001/20221012_030000.WAV,Telephone Field,recover-20221013,001,1795
1231.4525,1231.4889,68437,81866,Rhinolophus ferrumequinum,0.021,0.021,-1,Echolocation,/mnt/ubna_data_02_mir/recover-20221013/UBNA_001/20221012_030000.WAV,Telephone Field,recover-20221013,001,1795
1231.4985,1231.5088,22031,26543,Nyctalus leisleri,0.011,0.022,-1,Echolocation,/mnt/ubna_data_02_mir/recover-20221013/UBNA_001/20221012_030000.WAV,Telephone Field,recover-20221013,001,1795
1231.5105,1231.5492,68437,81288,Rhinolophus ferrumequinum,0.021,0.021,-1,Echolocation,/mnt/ubna_data_02_mir/recover-20221013/UBNA_001/20221012_030000.WAV,Telephone Field,recover-20221013,001,1795
1231.5155,1231.5239,28906,40103,Eptesicus serotinus,0.007,0.021,-1,Echolocation,/mnt/ubna_data_02_mir/recover-20221013/UBNA_001/20221012_030000.WAV,Telephone Field,recover-20221013,001,1795
1231.5165,1231.5236,24609,33130,Plecotus austriacus,0.007,0.021,-1,Echolocation,/mnt/ubna_data_02_mir/recover-20221013/UBNA_001/20221012_030000.WAV,Telephone Field,recover-20221013,001,1795
1231.5995,1231.6074,28906,39547,Eptesicus serotinus,0.006,0.021,-1,Echolocation,/mnt/ubna_data_02_mir/recover-20221013/UBNA_001/20221012_030000.WAV,Telephone Field,recover-20221013,001,1795
1231.6595,1231.6674,28046,38891,Eptesicus serotinus,0.008,0.023,-1,Echolocation,/mnt/ubna_data_02_mir/recover-20221013/UBNA_001/20221012_030000.WAV,Telephone Field,recover-20221013,001,1795
1231.6775,1231.7141,68437,82045,Rhinolophus ferrumequinum,0.022,0.022,-1,Echolocation,/mnt/ubna_data_02_mir/recover-20221013/UBNA_001/20221012_030000.WAV,Telephone Field,recover-20221013,001,1795
1231.6775,1231.6855,27187,36164,Eptesicus serotinus,0.012,0.032,-1,Echolocation,/mnt/ubna_data_02_mir/recover-20221013/UBNA_001/20221012_030000.WAV,Telephone Field,recover-20221013,001,1795
1231.7045,1231.7463,68437,82618,Rhinolophus ferrumequinum,0.023,0.023,-1,Echolocation,/mnt/ubna_data_02_mir/recover-20221013/UBNA_001/20221012_030000.WAV,Telephone Field,recover-20221013,001,1795
1231.7285,1231.7391,14296,18297,Nyctalus noctula,0.013,0.03,-1,Echolocation,/mnt/ubna_data_02_mir/recover-20221013/UBNA_001/20221012_030000.WAV,Telephone Field,recover-20221013,001,1795
1231.7465,1231.7833,68437,81288,Rhinolophus ferrumequinum,0.023,0.024,-1,Echolocation,/mnt/ubna_data_02_mir/recover-20221013/UBNA_001/20221012_030000.WAV,Telephone Field,recover-20221013,001,1795
1231.7685,1231.777,22890,30135,Plecotus austriacus,0.011,0.025,-1,Echolocation,/mnt/ubna_data_02_mir/recover-20221013/UBNA_001/20221012_030000.WAV,Telephone Field,recover-20221013,001,1795
1231.8145,1231.8227,28046,37610,Eptesicus serotinus,0.007,0.021,-1,Echolocation,/mnt/ubna_data_02_mir/recover-20221013/UBNA_001/20221012_030000.WAV,Telephone Field,recover-20221013,001,1795
1231.8625,1231.9005,68437,81286,Rhinolophus ferrumequinum,0.022,0.022,-1,Echolocation,/mnt/ubna_data_02_mir/recover-20221013/UBNA_001/20221012_030000.WAV,Telephone Field,recover-20221013,001,1795
1231.8985,1231.9063,24609,33073,Plecotus austriacus,0.009,0.026,-1,Echolocation,/mnt/ubna_data_02_mir/recover-20221013/UBNA_001/20221012_030000.WAV,Telephone Field,recover-20221013,001,1795
1231.9135,1231.9202,28046,39729,Eptesicus serotinus,0.007,0.024,-1,Echolocation,/mnt/ubna_data_02_mir/recover-20221013/UBNA_001/20221012_030000.WAV,Telephone Field,recover-20221013,001,1795
1231.9275,1231.9348,28046,42096,Eptesicus serotinus,0.006,0.021,-1,Echolocation,/mnt/ubna_data_02_mir/recover-20221013/UBNA_001/20221012_030000.WAV,Telephone Field,recover-20221013,001,1795
1231.9345,1231.9782,68437,83730,Rhinolophus ferrumequinum,0.038,0.038,-1,Echolocation,/mnt/ubna_data_02_mir/recover-20221013/UBNA_001/20221012_030000.WAV,Telephone Field,recover-20221013,001,1795
1231.9895,1231.999,26328,36626,Eptesicus serotinus,0.011,0.025,-1,Echolocation,/mnt/ubna_data_02_mir/recover-20221013/UBNA_001/20221012_030000.WAV,Telephone Field,recover-20221013,001,1795
1232.0015,1232.0321,68437,79645,Rhinolophus ferrumequinum,0.035,0.035,-1,Echolocation,/mnt/ubna_data_02_mir/recover-20221013/UBNA_001/20221012_030000.WAV,Telephone Field,recover-20221013,001,1795
1232.0015,1232.0115,21171,26175,Nyctalus leisleri,0.012,0.028,-1,Echolocation,/mnt/ubna_data_02_mir/recover-20221013/UBNA_001/20221012_030000.WAV,Telephone Field,recover-20221013,001,1795
1232.0085,1232.0464,68437,82186,Rhinolophus ferrumequinum,0.022,0.022,-1,Echolocation,/mnt/ubna_data_02_mir/recover-20221013/UBNA_001/20221012_030000.WAV,Telephone Field,recover-20221013,001,1795
1232.0355,1232.0745,68437,81522,Rhinolophus ferrumequinum,0.022,0.022,-1,Echolocation,/mnt/ubna_data_02_mir/recover-20221013/UBNA_001/20221012_030000.WAV,Telephone Field,recover-20221013,001,1795
1232.0635,1232.0722,44375,50221,Pipistrellus pipistrellus,0.02,0.023,-1,Echolocation,/mnt/ubna_data_02_mir/recover-20221013/UBNA_001/20221012_030000.WAV,Telephone Field,recover-20221013,001,1795
1232.0865,1232.1285,68437,82571,Rhinolophus ferrumequinum,0.022,0.022,-1,Echolocation,/mnt/ubna_data_02_mir/recover-20221013/UBNA_001/20221012_030000.WAV,Telephone Field,recover-20221013,001,1795
1232.1095,1232.1465,68437,81014,Rhinolophus ferrumequinum,0.022,0.022,-1,Echolocation,/mnt/ubna_data_02_mir/recover-20221013/UBNA_001/20221012_030000.WAV,Telephone Field,recover-20221013,001,1795
1232.1485,1232.1898,68437,82161,Rhinolophus ferrumequinum,0.021,0.021,-1,Echolocation,/mnt/ubna_data_02_mir/recover-20221013/UBNA_001/20221012_030000.WAV,Telephone Field,recover-20221013,001,1795
1232.1865,1232.1957,22031,27349,Nyctalus leisleri,0.008,0.02,-1,Echolocation,/mnt/ubna_data_02_mir/recover-20221013/UBNA_001/20221012_030000.WAV,Telephone Field,recover-20221013,001,1795
1232.2805,1232.2868,25468,35530,Plecotus austriacus,0.007,0.022,-1,Echolocation,/mnt/ubna_data_02_mir/recover-20221013/UBNA_001/20221012_030000.WAV,Telephone Field,recover-20221013,001,1795
1232.3295,1232.3397,23750,30817,Nyctalus leisleri,0.008,0.026,-1,Echolocation,/mnt/ubna_data_02_mir/recover-20221013/UBNA_001/20221012_030000.WAV,Telephone Field,recover-20221013,001,1795
1232.3305,1232.3691,68437,81731,Rhinolophus ferrumequinum,0.021,0.021,-1,Echolocation,/mnt/ubna_data_02_mir/recover-20221013/UBNA_001/20221012_030000.WAV,Telephone Field,recover-20221013,001,1795
1232.3495,1232.3569,24609,33635,Plecotus austriacus,0.008,0.024,-1,Echolocation,/mnt/ubna_data_02_mir/recover-20221013/UBNA_001/20221012_030000.WAV,Telephone Field,recover-20221013,001,1795
1232.3525,1232.3908,68437,81368,Rhinolophus ferrumequinum,0.021,0.021,-1,Echolocation,/mnt/ubna_data_02_mir/recover-20221013/UBNA_001/20221012_030000.WAV,Telephone Field,recover-20221013,001,1795
1232.3605,1232.3711,27187,33896,Eptesicus serotinus,0.01,0.021,-1,Echolocation,/mnt/ubna_data_02_mir/recover-20221013/UBNA_001/20221012_030000.WAV,Telephone Field,recover-20221013,001,1795
1232.3785,1232.4188,68437,82810,Rhinolophus ferrumequinum,0.022,0.022,-1,Echolocation,/mnt/ubna_data_02_mir/recover-20221013/UBNA_001/20221012_030000.WAV,Telephone Field,recover-20221013,001,1795
1232.4025,1232.4131,22890,28130,Nyctalus leisleri,0.01,0.021,-1,Echolocation,/mnt/ubna_data_02_mir/recover-20221013/UBNA_001/20221012_030000.WAV,Telephone Field,recover-20221013,001,1795
1232.4115,1232.4235,23750,29077,Nyctalus leisleri,0.013,0.026,-1,Echolocation,/mnt/ubna_data_02_mir/recover-20221013/UBNA_001/20221012_030000.WAV,Telephone Field,recover-20221013,001,1795
1232.4245,1232.4613,68437,81956,Rhinolophus ferrumequinum,0.024,0.024,-1,Echolocation,/mnt/ubna_data_02_mir/recover-20221013/UBNA_001/20221012_030000.WAV,Telephone Field,recover-20221013,001,1795
1232.4495,1232.459,25468,33430,Eptesicus serotinus,0.009,0.022,-1,Echolocation,/mnt/ubna_data_02_mir/recover-20221013/UBNA_001/20221012_030000.WAV,Telephone Field,recover-20221013,001,1795
1232.4665,1232.5065,68437,82230,Rhinolophus ferrumequinum,0.023,0.023,-1,Echolocation,/mnt/ubna_data_02_mir/recover-20221013/UBNA_001/20221012_030000.WAV,Telephone Field,recover-20221013,001,1795
1232.4755,1232.4936,20312,23127,Nyctalus leisleri,0.013,0.022,-1,Echolocation,/mnt/ubna_data_02_mir/recover-20221013/UBNA_001/20221012_030000.WAV,Telephone Field,recover-20221013,001,1795
1232.5115,1232.5214,28906,37180,Eptesicus serotinus,0.01,0.024,-1,Echolocation,/mnt/ubna_data_02_mir/recover-20221013/UBNA_001/20221012_030000.WAV,Telephone Field,recover-20221013,001,1795
1232.5125,1232.5523,68437,82615,Rhinolophus ferrumequinum,0.022,0.022,-1,Echolocation,/mnt/ubna_data_02_mir/recover-20221013/UBNA_001/20221012_030000.WAV,Telephone Field,recover-20221013,001,1795
1232.5315,1232.5729,68437,82631,Rhinolophus ferrumequinum,0.025,0.025,-1,Echolocation,/mnt/ubna_data_02_mir/recover-20221013/UBNA_001/20221012_030000.WAV,Telephone Field,recover-20221013,001,1795
1232.5675,1232.6053,68437,82434,Rhinolophus ferrumequinum,0.027,0.027,-1,Echolocation,/mnt/ubna_data_02_mir/recover-20221013/UBNA_001/20221012_030000.WAV,Telephone Field,recover-20221013,001,1795
1232.5825,1232.5901,27187,39216,Eptesicus serotinus,0.007,0.023,-1,Echolocation,/mnt/ubna_data_02_mir/recover-20221013/UBNA_001/20221012_030000.WAV,Telephone Field,recover-20221013,001,1795
1232.5875,1232.6241,68437,81303,Rhinolophus ferrumequinum,0.021,0.021,-1,Echolocation,/mnt/ubna_data_02_mir/recover-20221013/UBNA_001/20221012_030000.WAV,Telephone Field,recover-20221013,001,1795
1232.5995,1232.635,68437,81887,Rhinolophus ferrumequinum,0.021,0.021,-1,Echolocation,/mnt/ubna_data_02_mir/recover-20221013/UBNA_001/20221012_030000.WAV,Telephone Field,recover-20221013,001,1795
1232.6215,1232.6648,68437,83449,Rhinolophus ferrumequinum,0.025,0.025,-1,Echolocation,/mnt/ubna_data_02_mir/recover-20221013/UBNA_001/20221012_030000.WAV,Telephone Field,recover-20221013,001,1795
1232.6615,1232.7008,68437,82069,Rhinolophus ferrumequinum,0.021,0.021,-1,Echolocation,/mnt/ubna_data_02_mir/recover-20221013/UBNA_001/20221012_030000.WAV,Telephone Field,recover-20221013,001,1795
1232.6765,1232.6862,28906,36315,Eptesicus serotinus,0.008,0.021,-1,Echolocation,/mnt/ubna_data_02_mir/recover-20221013/UBNA_001/20221012_030000.WAV,Telephone Field,recover-20221013,001,1795
1232.6825,1232.7217,68437,81550,Rhinolophus ferrumequinum,0.021,0.021,-1,Echolocation,/mnt/ubna_data_02_mir/recover-20221013/UBNA_001/20221012_030000.WAV,Telephone Field,recover-20221013,001,1795
1232.6895,1232.7294,68437,82594,Rhinolophus ferrumequinum,0.024,0.024,-1,Echolocation,/mnt/ubna_data_02_mir/recover-20221013/UBNA_001/20221012_030000.WAV,Telephone Field,recover-20221013,001,1795
1232.7585,1232.7683,28906,35916,Eptesicus serotinus,0.009,0.023,-1,Echolocation,/mnt/ubna_data_02_mir/recover-20221013/UBNA_001/20221012_030000.WAV,Telephone Field,recover-20221013,001,1795
1232.8365,1232.8741,68437,82197,Rhinolophus ferrumequinum,0.022,0.022,-1,Echolocation,/mnt/ubna_data_02_mir/recover-20221013/UBNA_001/20221012_030000.WAV,Telephone Field,recover-20221013,001,1795
1232.8475,1232.8873,68437,82436,Rhinolophus ferrumequinum,0.021,0.021,-1,Echolocation,/mnt/ubna_data_02_mir/recover-20221013/UBNA_001/20221012_030000.WAV,Telephone Field,recover-20221013,001,1795
1232.8725,1232.8837,42656,45383,Pipistrellus pipistrellus,0.027,0.031,-1,Echolocation,/mnt/ubna_data_02_mir/recover-20221013/UBNA_001/20221012_030000.WAV,Telephone Field,recover-20221013,001,1795
1232.9545,1232.9944,68437,82315,Rhinolophus ferrumequinum,0.021,0.021,-1,Echolocation,/mnt/ubna_data_02_mir/recover-20221013/UBNA_001/20221012_030000.WAV,Telephone Field,recover-20221013,001,1795
1232.9585,1232.9661,28046,44242,Eptesicus serotinus,0.007,0.024,-1,Echolocation,/mnt/ubna_data_02_mir/recover-20221013/UBNA_001/20221012_030000.WAV,Telephone Field,recover-20221013,001,1795
1232.9845,1233.0212,68437,81349,Rhinolophus ferrumequinum,0.02,0.021,-1,Echolocation,/mnt/ubna_data_02_mir/recover-20221013/UBNA_001/20221012_030000.WAV,Telephone Field,recover-20221013,001,1795
1233.0045,1233.039,68437,80955,Rhinolophus ferrumequinum,0.025,0.025,-1,Echolocation,/mnt/ubna_data_02_mir/recover-20221013/UBNA_001/20221012_030000.WAV,Telephone Field,recover-20221013,001,1795
1233.0645,1233.0725,26328,36073,Eptesicus serotinus,0.008,0.022,-1,Echolocation,/mnt/ubna_data_02_mir/recover-20221013/UBNA_001/20221012_030000.WAV,Telephone Field,recover-20221013,001,1795
1233.0655,1233.1039,68437,82651,Rhinolophus ferrumequinum,0.023,0.023,-1,Echolocation,/mnt/ubna_data_02_mir/recover-20221013/UBNA_001/20221012_030000.WAV,Telephone Field,recover-20221013,001,1795
1233.0805,1233.0902,27187,34190,Eptesicus serotinus,0.011,0.023,-1,Echolocation,/mnt/ubna_data_02_mir/recover-20221013/UBNA_001/20221012_030000.WAV,Telephone Field,recover-20221013,001,1795
1233.0915,1233.1065,21171,24240,Nyctalus leisleri,0.013,0.021,-1,Echolocation,/mnt/ubna_data_02_mir/recover-20221013/UBNA_001/20221012_030000.WAV,Telephone Field,recover-20221013,001,1795
1233.0965,1233.1384,68437,82906,Rhinolophus ferrumequinum,0.024,0.024,-1,Echolocation,/mnt/ubna_data_02_mir/recover-20221013/UBNA_001/20221012_030000.WAV,Telephone Field,recover-20221013,001,1795
1233.1045,1233.1134,25468,33678,Eptesicus serotinus,0.008,0.021,-1,Echolocation,/mnt/ubna_data_02_mir/recover-20221013/UBNA_001/20221012_030000.WAV,Telephone Field,recover-20221013,001,1795
1233.1295,1233.1726,68437,82221,Rhinolophus ferrumequinum,0.022,0.022,-1,Echolocation,/mnt/ubna_data_02_mir/recover-20221013/UBNA_001/20221012_030000.WAV,Telephone Field,recover-20221013,001,1795
1233.1415,1233.1814,68437,82899,Rhinolophus ferrumequinum,0.022,0.022,-1,Echolocation,/mnt/ubna_data_02_mir/recover-20221013/UBNA_001/20221012_030000.WAV,Telephone Field,recover-20221013,001,1795
1233.1435,1233.1677,17734,20906,Nyctalus noctula,0.012,0.021,-1,Echolocation,/mnt/ubna_data_02_mir/recover-20221013/UBNA_001/20221012_030000.WAV,Telephone Field,recover-20221013,001,1795
1233.1465,1233.1569,22890,27869,Nyctalus leisleri,0.011,0.021,-1,Echolocation,/mnt/ubna_data_02_mir/recover-20221013/UBNA_001/20221012_030000.WAV,Telephone Field,recover-20221013,001,1795
1233.1535,1233.1638,23750,29924,Nyctalus leisleri,0.008,0.021,-1,Echolocation,/mnt/ubna_data_02_mir/recover-20221013/UBNA_001/20221012_030000.WAV,Telephone Field,recover-20221013,001,1795
1233.1565,1233.1976,68437,82736,Rhinolophus ferrumequinum,0.024,0.024,-1,Echolocation,/mnt/ubna_data_02_mir/recover-20221013/UBNA_001/20221012_030000.WAV,Telephone Field,recover-20221013,001,1795
1233.1625,1233.2032,68437,82578,Rhinolophus ferrumequinum,0.024,0.024,-1,Echolocation,/mnt/ubna_data_02_mir/recover-20221013/UBNA_001/20221012_030000.WAV,Telephone Field,recover-20221013,001,1795
1233.1835,1233.2188,68437,81377,Rhinolophus ferrumequinum,0.021,0.021,-1,Echolocation,/mnt/ubna_data_02_mir/recover-20221013/UBNA_001/20221012_030000.WAV,Telephone Field,recover-20221013,001,1795
1233.1935,1233.2305,68437,82320,Rhinolophus ferrumequinum,0.022,0.022,-1,Echolocation,/mnt/ubna_data_02_mir/recover-20221013/UBNA_001/20221012_030000.WAV,Telephone Field,recover-20221013,001,1795
1233.2025,1233.2224,19453,22332,Nyctalus leisleri,0.01,0.021,-1,Echolocation,/mnt/ubna_data_02_mir/recover-20221013/UBNA_001/20221012_030000.WAV,Telephone Field,recover-20221013,001,1795
1233.2115,1233.2224,22031,26902,Nyctalus leisleri,0.01,0.021,-1,Echolocation,/mnt/ubna_data_02_mir/recover-20221013/UBNA_001/20221012_030000.WAV,Telephone Field,recover-20221013,001,1795
1233.2255,1233.2653,68437,82654,Rhinolophus ferrumequinum,0.026,0.026,-1,Echolocation,/mnt/ubna_data_02_mir/recover-20221013/UBNA_001/20221012_030000.WAV,Telephone Field,recover-20221013,001,1795
1233.3725,1233.38,26328,35934,Eptesicus serotinus,0.006,0.021,-1,Echolocation,/mnt/ubna_data_02_mir/recover-20221013/UBNA_001/20221012_030000.WAV,Telephone Field,recover-20221013,001,1795
1233.4195,1233.4622,68437,83039,Rhinolophus ferrumequinum,0.034,0.034,-1,Echolocation,/mnt/ubna_data_02_mir/recover-20221013/UBNA_001/20221012_030000.WAV,Telephone Field,recover-20221013,001,1795
1233.4855,1233.5278,68437,83292,Rhinolophus ferrumequinum,0.024,0.024,-1,Echolocation,/mnt/ubna_data_02_mir/recover-20221013/UBNA_001/20221012_030000.WAV,Telephone Field,recover-20221013,001,1795
1233.4865,1233.4974,22890,28109,Nyctalus leisleri,0.012,0.026,-1,Echolocation,/mnt/ubna_data_02_mir/recover-20221013/UBNA_001/20221012_030000.WAV,Telephone Field,recover-20221013,001,1795
1233.5275,1233.5367,23750,31284,Plecotus austriacus,0.007,0.022,-1,Echolocation,/mnt/ubna_data_02_mir/recover-20221013/UBNA_001/20221012_030000.WAV,Telephone Field,recover-20221013,001,1795
1233.5425,1233.58,68437,81233,Rhinolophus ferrumequinum,0.022,0.022,-1,Echolocation,/mnt/ubna_data_02_mir/recover-20221013/UBNA_001/20221012_030000.WAV,Telephone Field,recover-20221013,001,1795
1233.5615,1233.6002,68437,82855,Rhinolophus ferrumequinum,0.025,0.025,-1,Echolocation,/mnt/ubna_data_02_mir/recover-20221013/UBNA_001/20221012_030000.WAV,Telephone Field,recover-20221013,001,1795
1233.5685,1233.6029,68437,82158,Rhinolophus ferrumequinum,0.02,0.02,-1,Echolocation,/mnt/ubna_data_02_mir/recover-20221013/UBNA_001/20221012_030000.WAV,Telephone Field,recover-20221013,001,1795
1233.5885,1233.5984,23750,30759,Nyctalus leisleri,0.009,0.025,-1,Echolocation,/mnt/ubna_data_02_mir/recover-20221013/UBNA_001/20221012_030000.WAV,Telephone Field,recover-20221013,001,1795
1233.6315,1233.6413,28906,35849,Eptesicus serotinus,0.029,0.051,-1,Echolocation,/mnt/ubna_data_02_mir/recover-20221013/UBNA_001/20221012_030000.WAV,Telephone Field,recover-20221013,001,1795
1233.6425,1233.6804,68437,81367,Rhinolophus ferrumequinum,0.033,0.033,-1,Echolocation,/mnt/ubna_data_02_mir/recover-20221013/UBNA_001/20221012_030000.WAV,Telephone Field,recover-20221013,001,1795
1233.6435,1233.6528,32343,41410,Eptesicus serotinus,0.005,0.023,-1,Echolocation,/mnt/ubna_data_02_mir/recover-20221013/UBNA_001/20221012_030000.WAV,Telephone Field,recover-20221013,001,1795
1233.6615,1233.7005,68437,82152,Rhinolophus ferrumequinum,0.022,0.022,-1,Echolocation,/mnt/ubna_data_02_mir/recover-20221013/UBNA_001/20221012_030000.WAV,Telephone Field,recover-20221013,001,1795
1233.6805,1233.6906,28906,37532,Eptesicus serotinus,0.023,0.039,-1,Echolocation,/mnt/ubna_data_02_mir/recover-20221013/UBNA_001/20221012_030000.WAV,Telephone Field,recover-20221013,001,1795
1233.7055,1233.716,22890,27774,Nyctalus leisleri,0.011,0.021,-1,Echolocation,/mnt/ubna_data_02_mir/recover-20221013/UBNA_001/20221012_030000.WAV,Telephone Field,recover-20221013,001,1795
1233.7145,1233.7529,68437,81813,Rhinolophus ferrumequinum,0.021,0.021,-1,Echolocation,/mnt/ubna_data_02_mir/recover-20221013/UBNA_001/20221012_030000.WAV,Telephone Field,recover-20221013,001,1795
1233.7865,1233.8267,68437,82221,Rhinolophus ferrumequinum,0.02,0.02,-1,Echolocation,/mnt/ubna_data_02_mir/recover-20221013/UBNA_001/20221012_030000.WAV,Telephone Field,recover-20221013,001,1795
1233.7875,1233.7981,22890,28610,Nyctalus leisleri,0.009,0.022,-1,Echolocation,/mnt/ubna_data_02_mir/recover-20221013/UBNA_001/20221012_030000.WAV,Telephone Field,recover-20221013,001,1795
1233.7955,1233.8042,22890,29722,Plecotus austriacus,0.01,0.023,-1,Echolocation,/mnt/ubna_data_02_mir/recover-20221013/UBNA_001/20221012_030000.WAV,Telephone Field,recover-20221013,001,1795
1233.8295,1233.8703,68437,82628,Rhinolophus ferrumequinum,0.021,0.021,-1,Echolocation,/mnt/ubna_data_02_mir/recover-20221013/UBNA_001/20221012_030000.WAV,Telephone Field,recover-20221013,001,1795
1233.8595,1233.906,68437,84054,Rhinolophus ferrumequinum,0.041,0.041,-1,Echolocation,/mnt/ubna_data_02_mir/recover-20221013/UBNA_001/20221012_030000.WAV,Telephone Field,recover-20221013,001,1795
1233.8605,1233.8805,18593,21993,Nyctalus noctula,0.014,0.025,-1,Echolocation,/mnt/ubna_data_02_mir/recover-20221013/UBNA_001/20221012_030000.WAV,Telephone Field,recover-20221013,001,1795
1233.8945,1233.9041,28906,36255,Eptesicus serotinus,0.008,0.021,-1,Echolocation,/mnt/ubna_data_02_mir/recover-20221013/UBNA_001/20221012_030000.WAV,Telephone Field,recover-20221013,001,1795
1233.9165,1233.9551,68437,82954,Rhinolophus ferrumequinum,0.021,0.021,-1,Echolocation,/mnt/ubna_data_02_mir/recover-20221013/UBNA_001/20221012_030000.WAV,Telephone Field,recover-20221013,001,1795
1233.9485,1233.9536,31484,46553,Myotis daubentonii,0.018,0.042,-1,Echolocation,/mnt/ubna_data_02_mir/recover-20221013/UBNA_001/20221012_030000.WAV,Telephone Field,recover-20221013,001,1795
1233.9485,1233.9537,24609,43602,Plecotus austriacus,0.017,0.045,-1,Echolocation,/mnt/ubna_data_02_mir/recover-20221013/UBNA_001/20221012_030000.WAV,Telephone Field,recover-20221013,001,1795
1233.9565,1233.9978,68437,83055,Rhinolophus ferrumequinum,0.033,0.033,-1,Echolocation,/mnt/ubna_data_02_mir/recover-20221013/UBNA_001/20221012_030000.WAV,Telephone Field,recover-20221013,001,1795
1233.9675,1233.978,22031,27698,Nyctalus leisleri,0.01,0.023,-1,Echolocation,/mnt/ubna_data_02_mir/recover-20221013/UBNA_001/20221012_030000.WAV,Telephone Field,recover-20221013,001,1795
1234.0015,1234.037,68437,80967,Rhinolophus ferrumequinum,0.049,0.05,-1,Echolocation,/mnt/ubna_data_02_mir/recover-20221013/UBNA_001/20221012_030000.WAV,Telephone Field,recover-20221013,001,1795
1234.0015,1234.0091,26328,36096,Eptesicus serotinus,0.006,0.025,-1,Echolocation,/mnt/ubna_data_02_mir/recover-20221013/UBNA_001/20221012_030000.WAV,Telephone Field,recover-20221013,001,1795
1234.0015,1234.0153,53828,60158,Pipistrellus pygmaeus,0.019,0.024,-1,Echolocation,/mnt/ubna_data_02_mir/recover-20221013/UBNA_001/20221012_030000.WAV,Telephone Field,recover-20221013,001,1795
1234.0085,1234.0548,68437,82463,Rhinolophus ferrumequinum,0.022,0.022,-1,Echolocation,/mnt/ubna_data_02_mir/recover-20221013/UBNA_001/20221012_030000.WAV,Telephone Field,recover-20221013,001,1795
1234.0175,1234.0255,28046,41079,Eptesicus serotinus,0.009,0.028,-1,Echolocation,/mnt/ubna_data_02_mir/recover-20221013/UBNA_001/20221012_030000.WAV,Telephone Field,recover-20221013,001,1795
1234.0485,1234.0857,68437,82129,Rhinolophus ferrumequinum,0.023,0.023,-1,Echolocation,/mnt/ubna_data_02_mir/recover-20221013/UBNA_001/20221012_030000.WAV,Telephone Field,recover-20221013,001,1795
1234.0615,1234.096,68437,81387,Rhinolophus ferrumequinum,0.022,0.022,-1,Echolocation,/mnt/ubna_data_02_mir/recover-20221013/UBNA_001/20221012_030000.WAV,Telephone Field,recover-20221013,001,1795
1234.0775,1234.0853,28046,39623,Eptesicus serotinus,0.008,0.024,-1,Echolocation,/mnt/ubna_data_02_mir/recover-20221013/UBNA_001/20221012_030000.WAV,Telephone Field,recover-20221013,001,1795
1234.0895,1234.1278,68437,81444,Rhinolophus ferrumequinum,0.024,0.024,-1,Echolocation,/mnt/ubna_data_02_mir/recover-20221013/UBNA_001/20221012_030000.WAV,Telephone Field,recover-20221013,001,1795
1234.1025,1234.1127,26328,33589,Eptesicus serotinus,0.02,0.044,-1,Echolocation,/mnt/ubna_data_02_mir/recover-20221013/UBNA_001/20221012_030000.WAV,Telephone Field,recover-20221013,001,1795
1234.1245,1234.1633,68437,82969,Rhinolophus ferrumequinum,0.026,0.026,-1,Echolocation,/mnt/ubna_data_02_mir/recover-20221013/UBNA_001/20221012_030000.WAV,Telephone Field,recover-20221013,001,1795
1234.1525,1234.1587,28906,38977,Eptesicus serotinus,0.01,0.036,-1,Echolocation,/mnt/ubna_data_02_mir/recover-20221013/UBNA_001/20221012_030000.WAV,Telephone Field,recover-20221013,001,1795
1234.1585,1234.1977,68437,81818,Rhinolophus ferrumequinum,0.023,0.023,-1,Echolocation,/mnt/ubna_data_02_mir/recover-20221013/UBNA_001/20221012_030000.WAV,Telephone Field,recover-20221013,001,1795
1234.1675,1234.2037,68437,81126,Rhinolophus ferrumequinum,0.021,0.021,-1,Echolocation,/mnt/ubna_data_02_mir/recover-20221013/UBNA_001/20221012_030000.WAV,Telephone Field,recover-20221013,001,1795
1234.1845,1234.1936,22031,27889,Plecotus austriacus,0.008,0.021,-1,Echolocation,/mnt/ubna_data_02_mir/recover-20221013/UBNA_001/20221012_030000.WAV,Telephone Field,recover-20221013,001,1795
1234.2145,1234.252,68437,82056,Rhinolophus ferrumequinum,0.025,0.025,-1,Echolocation,/mnt/ubna_data_02_mir/recover-20221013/UBNA_001/20221012_030000.WAV,Telephone Field,recover-20221013,001,1795
1234.2225,1234.232,23750,30743,Nyctalus leisleri,0.007,0.021,-1,Echolocation,/mnt/ubna_data_02_mir/recover-20221013/UBNA_001/20221012_030000.WAV,Telephone Field,recover-20221013,001,1795
1234.2735,1234.3111,68437,81815,Rhinolophus ferrumequinum,0.022,0.022,-1,Echolocation,/mnt/ubna_data_02_mir/recover-20221013/UBNA_001/20221012_030000.WAV,Telephone Field,recover-20221013,001,1795
1234.2995,1234.3105,22890,28102,Nyctalus leisleri,0.01,0.022,-1,Echolocation,/mnt/ubna_data_02_mir/recover-20221013/UBNA_001/20221012_030000.WAV,Telephone Field,recover-20221013,001,1795
1234.3175,1234.3305,14296,19650,Nyctalus noctula,0.022,0.039,-1,Echolocation,/mnt/ubna_data_02_mir/recover-20221013/UBNA_001/20221012_030000.WAV,Telephone Field,recover-20221013,001,1795
1234.3275,1234.3348,50390,59208,Pipistrellus pipistrellus,0.016,0.023,-1,Echolocation,/mnt/ubna_data_02_mir/recover-20221013/UBNA_001/20221012_030000.WAV,Telephone Field,recover-20221013,001,1795
1234.3455,1234.3533,44375,47938,Pipistrellus pipistrellus,0.025,0.026,-1,Echolocation,/mnt/ubna_data_02_mir/recover-20221013/UBNA_001/20221012_030000.WAV,Telephone Field,recover-20221013,001,1795
1234.3595,1234.3931,68437,81931,Rhinolophus ferrumequinum,0.027,0.027,-1,Echolocation,/mnt/ubna_data_02_mir/recover-20221013/UBNA_001/20221012_030000.WAV,Telephone Field,recover-20221013,001,1795
1234.3825,1234.3932,23750,29744,Nyctalus leisleri,0.009,0.024,-1,Echolocation,/mnt/ubna_data_02_mir/recover-20221013/UBNA_001/20221012_030000.WAV,Telephone Field,recover-20221013,001,1795
1234.4085,1234.45,68437,83309,Rhinolophus ferrumequinum,0.046,0.046,-1,Echolocation,/mnt/ubna_data_02_mir/recover-20221013/UBNA_001/20221012_030000.WAV,Telephone Field,recover-20221013,001,1795
1234.4225,1234.4328,23750,29667,Nyctalus leisleri,0.009,0.022,-1,Echolocation,/mnt/ubna_data_02_mir/recover-20221013/UBNA_001/20221012_030000.WAV,Telephone Field,recover-20221013,001,1795
1234.4265,1234.4693,68437,83842,Rhinolophus ferrumequinum,0.031,0.031,-1,Echolocation,/mnt/ubna_data_02_mir/recover-20221013/UBNA_001/20221012_030000.WAV,Telephone Field,recover-20221013,001,1795
1234.4505,1234.49,68437,82565,Rhinolophus ferrumequinum,0.025,0.025,-1,Echolocation,/mnt/ubna_data_02_mir/recover-20221013/UBNA_001/20221012_030000.WAV,Telephone Field,recover-20221013,001,1795
1234.4545,1234.4633,26328,34968,Eptesicus serotinus,0.008,0.021,-1,Echolocation,/mnt/ubna_data_02_mir/recover-20221013/UBNA_001/20221012_030000.WAV,Telephone Field,recover-20221013,001,1795
1234.4705,1234.4804,28046,39478,Eptesicus serotinus,0.011,0.023,-1,Echolocation,/mnt/ubna_data_02_mir/recover-20221013/UBNA_001/20221012_030000.WAV,Telephone Field,recover-20221013,001,1795
1234.4715,1234.5095,68437,82327,Rhinolophus ferrumequinum,0.023,0.023,-1,Echolocation,/mnt/ubna_data_02_mir/recover-20221013/UBNA_001/20221012_030000.WAV,Telephone Field,recover-20221013,001,1795
1234.4745,1234.4848,23750,30540,Nyctalus leisleri,0.009,0.024,-1,Echolocation,/mnt/ubna_data_02_mir/recover-20221013/UBNA_001/20221012_030000.WAV,Telephone Field,recover-20221013,001,1795
1234.4825,1234.4914,26328,34431,Eptesicus serotinus,0.009,0.023,-1,Echolocation,/mnt/ubna_data_02_mir/recover-20221013/UBNA_001/20221012_030000.WAV,Telephone Field,recover-20221013,001,1795
1234.4975,1234.5382,68437,82770,Rhinolophus ferrumequinum,0.021,0.021,-1,Echolocation,/mnt/ubna_data_02_mir/recover-20221013/UBNA_001/20221012_030000.WAV,Telephone Field,recover-20221013,001,1795
1234.5925,1234.6017,28046,38914,Eptesicus serotinus,0.009,0.022,-1,Echolocation,/mnt/ubna_data_02_mir/recover-20221013/UBNA_001/20221012_030000.WAV,Telephone Field,recover-20221013,001,1795
1234.6035,1234.6427,68437,82944,Rhinolophus ferrumequinum,0.024,0.024,-1,Echolocation,/mnt/ubna_data_02_mir/recover-20221013/UBNA_001/20221012_030000.WAV,Telephone Field,recover-20221013,001,1795
1234.7095,1234.7199,23750,29366,Nyctalus leisleri,0.009,0.023,-1,Echolocation,/mnt/ubna_data_02_mir/recover-20221013/UBNA_001/20221012_030000.WAV,Telephone Field,recover-20221013,001,1795
1234.7195,1234.7308,28906,35631,Eptesicus serotinus,0.01,0.022,-1,Echolocation,/mnt/ubna_data_02_mir/recover-20221013/UBNA_001/20221012_030000.WAV,Telephone Field,recover-20221013,001,1795
1234.7225,1234.7622,68437,81898,Rhinolophus ferrumequinum,0.021,0.021,-1,Echolocation,/mnt/ubna_data_02_mir/recover-20221013/UBNA_001/20221012_030000.WAV,Telephone Field,recover-20221013,001,1795
1234.7415,1234.7828,68437,82689,Rhinolophus ferrumequinum,0.029,0.029,-1,Echolocation,/mnt/ubna_data_02_mir/recover-20221013/UBNA_001/20221012_030000.WAV,Telephone Field,recover-20221013,001,1795
1234.7465,1234.7541,26328,38541,Eptesicus serotinus,0.007,0.024,-1,Echolocation,/mnt/ubna_data_02_mir/recover-20221013/UBNA_001/20221012_030000.WAV,Telephone Field,recover-20221013,001,1795
1234.7755,1234.8118,68437,81884,Rhinolophus ferrumequinum,0.024,0.024,-1,Echolocation,/mnt/ubna_data_02_mir/recover-20221013/UBNA_001/20221012_030000.WAV,Telephone Field,recover-20221013,001,1795
1234.8015,1234.8124,24609,31007,Nyctalus leisleri,0.009,0.023,-1,Echolocation,/mnt/ubna_data_02_mir/recover-20221013/UBNA_001/20221012_030000.WAV,Telephone Field,recover-20221013,001,1795
1234.8125,1234.8262,23750,28833,Nyctalus leisleri,0.01,0.023,-1,Echolocation,/mnt/ubna_data_02_mir/recover-20221013/UBNA_001/20221012_030000.WAV,Telephone Field,recover-20221013,001,1795
1234.8155,1234.8547,68437,82896,Rhinolophus ferrumequinum,0.025,0.025,-1,Echolocation,/mnt/ubna_data_02_mir/recover-20221013/UBNA_001/20221012_030000.WAV,Telephone Field,recover-20221013,001,1795
1234.8175,1234.8279,24609,31185,Nyctalus leisleri,0.008,0.023,-1,Echolocation,/mnt/ubna_data_02_mir/recover-20221013/UBNA_001/20221012_030000.WAV,Telephone Field,recover-20221013,001,1795
1234.8285,1234.8674,68437,81941,Rhinolophus ferrumequinum,0.021,0.021,-1,Echolocation,/mnt/ubna_data_02_mir/recover-20221013/UBNA_001/20221012_030000.WAV,Telephone Field,recover-20221013,001,1795
1234.8415,1234.881,68437,82439,Rhinolophus ferrumequinum,0.029,0.029,-1,Echolocation,/mnt/ubna_data_02_mir/recover-20221013/UBNA_001/20221012_030000.WAV,Telephone Field,recover-20221013,001,1795
1234.8775,1234.9212,68437,83580,Rhinolophus ferrumequinum,0.032,0.032,-1,Echolocation,/mnt/ubna_data_02_mir/recover-20221013/UBNA_001/20221012_030000.WAV,Telephone Field,recover-20221013,001,1795
1234.8805,1234.8888,24609,32735,Eptesicus serotinus,0.007,0.023,-1,Echolocation,/mnt/ubna_data_02_mir/recover-20221013/UBNA_001/20221012_030000.WAV,Telephone Field,recover-20221013,001,1795
1234.9205,1234.9288,28906,38565,Eptesicus serotinus,0.007,0.021,-1,Echolocation,/mnt/ubna_data_02_mir/recover-20221013/UBNA_001/20221012_030000.WAV,Telephone Field,recover-20221013,001,1795
1234.9335,1234.9741,68437,82435,Rhinolophus ferrumequinum,0.022,0.022,-1,Echolocation,/mnt/ubna_data_02_mir/recover-20221013/UBNA_001/20221012_030000.WAV,Telephone Field,recover-20221013,001,1795
1234.9755,1235.0111,68437,81924,Rhinolophus ferrumequinum,0.022,0.022,-1,Echolocation,/mnt/ubna_data_02_mir/recover-20221013/UBNA_001/20221012_030000.WAV,Telephone Field,recover-20221013,001,1795
1234.9825,1235.0226,68437,82813,Rhinolophus ferrumequinum,0.022,0.022,-1,Echolocation,/mnt/ubna_data_02_mir/recover-20221013/UBNA_001/20221012_030000.WAV,Telephone Field,recover-20221013,001,1795
1234.9905,1234.9996,28046,38842,Eptesicus serotinus,0.01,0.025,-1,Echolocation,/mnt/ubna_data_02_mir/recover-20221013/UBNA_001/20221012_030000.WAV,Telephone Field,recover-20221013,001,1795
1234.9915,1235.027,68437,81296,Rhinolophus ferrumequinum,0.021,0.022,-1,Echolocation,/mnt/ubna_data_02_mir/recover-20221013/UBNA_001/20221012_030000.WAV,Telephone Field,recover-20221013,001,1795
1234.9965,1235.0046,50390,57999,Pipistrellus pipistrellus,0.02,0.026,-1,Echolocation,/mnt/ubna_data_02_mir/recover-20221013/UBNA_001/20221012_030000.WAV,Telephone Field,recover-20221013,001,1795
1235.0185,1235.0244,48671,56917,Pipistrellus pipistrellus,0.025,0.027,-1,Echolocation,/mnt/ubna_data_02_mir/recover-20221013/UBNA_001/20221012_030000.WAV,Telephone Field,recover-20221013,001,1795
1235.0645,1235.1093,68437,83603,Rhinolophus ferrumequinum,0.049,0.049,-1,Echolocation,/mnt/ubna_data_02_mir/recover-20221013/UBNA_001/20221012_030000.WAV,Telephone Field,recover-20221013,001,1795
1235.1315,1235.1672,68437,81514,Rhinolophus ferrumequinum,0.021,0.021,-1,Echolocation,/mnt/ubna_data_02_mir/recover-20221013/UBNA_001/20221012_030000.WAV,Telephone Field,recover-20221013,001,1795
1235.1395,1235.1733,68437,81118,Rhinolophus ferrumequinum,0.021,0.021,-1,Echolocation,/mnt/ubna_data_02_mir/recover-20221013/UBNA_001/20221012_030000.WAV,Telephone Field,recover-20221013,001,1795
1235.1795,1235.2184,68437,82474,Rhinolophus ferrumequinum,0.026,0.026,-1,Echolocation,/mnt/ubna_data_02_mir/recover-20221013/UBNA_001/20221012_030000.WAV,Telephone Field,recover-20221013,001,1795
1235.1875,1235.2276,68437,82268,Rhinolophus ferrumequinum,0.024,0.024,-1,Echolocation,/mnt/ubna_data_02_mir/recover-20221013/UBNA_001/20221012_030000.WAV,Telephone Field,recover-20221013,001,1795
1235.2085,1235.2181,24609,32421,Eptesicus serotinus,0.009,0.022,-1,Echolocation,/mnt/ubna_data_02_mir/recover-20221013/UBNA_001/20221012_030000.WAV,Telephone Field,recover-20221013,001,1795
1235.2195,1235.2546,68437,80789,Rhinolophus ferrumequinum,0.022,0.022,-1,Echolocation,/mnt/ubna_data_02_mir/recover-20221013/UBNA_001/20221012_030000.WAV,Telephone Field,recover-20221013,001,1795
1235.2255,1235.2333,28046,44416,Eptesicus serotinus,0.011,0.029,-1,Echolocation,/mnt/ubna_data_02_mir/recover-20221013/UBNA_001/20221012_030000.WAV,Telephone Field,recover-20221013,001,1795
1235.3955,1235.4344,68437,82616,Rhinolophus ferrumequinum,0.023,0.023,-1,Echolocation,/mnt/ubna_data_02_mir/recover-20221013/UBNA_001/20221012_030000.WAV,Telephone Field,recover-20221013,001,1795
1235.4255,1235.4655,68437,82737,Rhinolophus ferrumequinum,0.024,0.024,-1,Echolocation,/mnt/ubna_data_02_mir/recover-20221013/UBNA_001/20221012_030000.WAV,Telephone Field,recover-20221013,001,1795
1235.4495,1235.4917,68437,83056,Rhinolophus ferrumequinum,0.033,0.033,-1,Echolocation,/mnt/ubna_data_02_mir/recover-20221013/UBNA_001/20221012_030000.WAV,Telephone Field,recover-20221013,001,1795
1235.4545,1235.4636,22031,29023,Plecotus austriacus,0.008,0.026,-1,Echolocation,/mnt/ubna_data_02_mir/recover-20221013/UBNA_001/20221012_030000.WAV,Telephone Field,recover-20221013,001,1795
1235.4915,1235.5022,37500,42799,Pipistrellus nathusii,0.015,0.041,-1,Echolocation,/mnt/ubna_data_02_mir/recover-20221013/UBNA_001/20221012_030000.WAV,Telephone Field,recover-20221013,001,1795
1235.4975,1235.5071,27187,35612,Eptesicus serotinus,0.009,0.023,-1,Echolocation,/mnt/ubna_data_02_mir/recover-20221013/UBNA_001/20221012_030000.WAV,Telephone Field,recover-20221013,001,1795
1235.5175,1235.5589,68437,82690,Rhinolophus ferrumequinum,0.026,0.026,-1,Echolocation,/mnt/ubna_data_02_mir/recover-20221013/UBNA_001/20221012_030000.WAV,Telephone Field,recover-20221013,001,1795
1235.5945,1235.6268,68437,80048,Rhinolophus ferrumequinum,0.024,0.024,-1,Echolocation,/mnt/ubna_data_02_mir/recover-20221013/UBNA_001/20221012_030000.WAV,Telephone Field,recover-20221013,001,1795
1235.5975,1235.6075,28906,36662,Eptesicus serotinus,0.01,0.024,-1,Echolocation,/mnt/ubna_data_02_mir/recover-20221013/UBNA_001/20221012_030000.WAV,Telephone Field,recover-20221013,001,1795
1235.6105,1235.6226,22031,25712,Nyctalus leisleri,0.015,0.025,-1,Echolocation,/mnt/ubna_data_02_mir/recover-20221013/UBNA_001/20221012_030000.WAV,Telephone Field,recover-20221013,001,1795
1235.6115,1235.6491,68437,82328,Rhinolophus ferrumequinum,0.021,0.021,-1,Echolocation,/mnt/ubna_data_02_mir/recover-20221013/UBNA_001/20221012_030000.WAV,Telephone Field,recover-20221013,001,1795
1235.6375,1235.6463,24609,32066,Eptesicus serotinus,0.009,0.028,-1,Echolocation,/mnt/ubna_data_02_mir/recover-20221013/UBNA_001/20221012_030000.WAV,Telephone Field,recover-20221013,001,1795
1235.6485,1235.6903,68437,82286,Rhinolophus ferrumequinum,0.024,0.024,-1,Echolocation,/mnt/ubna_data_02_mir/recover-20221013/UBNA_001/20221012_030000.WAV,Telephone Field,recover-20221013,001,1795
1235.6695,1235.6796,43515,48296,Pipistrellus pipistrellus,0.022,0.031,-1,Echolocation,/mnt/ubna_data_02_mir/recover-20221013/UBNA_001/20221012_030000.WAV,Telephone Field,recover-20221013,001,1795
1235.6905,1235.7281,68437,81894,Rhinolophus ferrumequinum,0.028,0.028,-1,Echolocation,/mnt/ubna_data_02_mir/recover-20221013/UBNA_001/20221012_030000.WAV,Telephone Field,recover-20221013,001,1795
1235.7095,1235.7481,68437,82483,Rhinolophus ferrumequinum,0.023,0.023,-1,Echolocation,/mnt/ubna_data_02_mir/recover-20221013/UBNA_001/20221012_030000.WAV,Telephone Field,recover-20221013,001,1795
1235.7295,1235.7717,68437,83217,Rhinolophus ferrumequinum,0.022,0.023,-1,Echolocation,/mnt/ubna_data_02_mir/recover-20221013/UBNA_001/20221012_030000.WAV,Telephone Field,recover-20221013,001,1795
1235.8185,1235.8302,28046,34983,Eptesicus serotinus,0.015,0.026,-1,Echolocation,/mnt/ubna_data_02_mir/recover-20221013/UBNA_001/20221012_030000.WAV,Telephone Field,recover-20221013,001,1795
1235.8725,1235.8866,21171,25619,Nyctalus leisleri,0.019,0.037,-1,Echolocation,/mnt/ubna_data_02_mir/recover-20221013/UBNA_001/20221012_030000.WAV,Telephone Field,recover-20221013,001,1795
1235.8965,1235.934,68437,81602,Rhinolophus ferrumequinum,0.023,0.023,-1,Echolocation,/mnt/ubna_data_02_mir/recover-20221013/UBNA_001/20221012_030000.WAV,Telephone Field,recover-20221013,001,1795
1235.9355,1235.9468,27187,33305,Eptesicus serotinus,0.011,0.022,-1,Echolocation,/mnt/ubna_data_02_mir/recover-20221013/UBNA_001/20221012_030000.WAV,Telephone Field,recover-20221013,001,1795
1235.9675,1235.9776,29765,37487,Eptesicus serotinus,0.009,0.022,-1,Echolocation,/mnt/ubna_data_02_mir/recover-20221013/UBNA_001/20221012_030000.WAV,Telephone Field,recover-20221013,001,1795
1235.9805,1235.9905,50390,54050,Pipistrellus pipistrellus,0.019,0.023,-1,Echolocation,/mnt/ubna_data_02_mir/recover-20221013/UBNA_001/20221012_030000.WAV,Telephone Field,recover-20221013,001,1795
1236.0015,1236.0359,68437,80396,Rhinolophus ferrumequinum,0.049,0.049,-1,Echolocation,/mnt/ubna_data_02_mir/recover-20221013/UBNA_001/20221012_030000.WAV,Telephone Field,recover-20221013,001,1795
1236.0015,1236.0102,22890,30007,Nyctalus leisleri,0.007,0.022,-1,Echolocation,/mnt/ubna_data_02_mir/recover-20221013/UBNA_001/20221012_030000.WAV,Telephone Field,recover-20221013,001,1795
1236.0105,1236.0525,68437,82567,Rhinolophus ferrumequinum,0.023,0.023,-1,Echolocation,/mnt/ubna_data_02_mir/recover-20221013/UBNA_001/20221012_030000.WAV,Telephone Field,recover-20221013,001,1795
1236.0155,1236.0226,23750,34245,Plecotus austriacus,0.01,0.027,-1,Echolocation,/mnt/ubna_data_02_mir/recover-20221013/UBNA_001/20221012_030000.WAV,Telephone Field,recover-20221013,001,1795
1236.0235,1236.0306,27187,37671,Eptesicus serotinus,0.006,0.022,-1,Echolocation,/mnt/ubna_data_02_mir/recover-20221013/UBNA_001/20221012_030000.WAV,Telephone Field,recover-20221013,001,1795
1236.0325,1236.0698,68437,81795,Rhinolophus ferrumequinum,0.023,0.023,-1,Echolocation,/mnt/ubna_data_02_mir/recover-20221013/UBNA_001/20221012_030000.WAV,Telephone Field,recover-20221013,001,1795
1236.0805,1236.1176,68437,81466,Rhinolophus ferrumequinum,0.021,0.021,-1,Echolocation,/mnt/ubna_data_02_mir/recover-20221013/UBNA_001/20221012_030000.WAV,Telephone Field,recover-20221013,001,1795
1236.0915,1236.1291,68437,82017,Rhinolophus ferrumequinum,0.024,0.024,-1,Echolocation,/mnt/ubna_data_02_mir/recover-20221013/UBNA_001/20221012_030000.WAV,Telephone Field,recover-20221013,001,1795
1236.1015,1236.1381,68437,82015,Rhinolophus ferrumequinum,0.025,0.025,-1,Echolocation,/mnt/ubna_data_02_mir/recover-20221013/UBNA_001/20221012_030000.WAV,Telephone Field,recover-20221013,001,1795
1236.1015,1236.1118,26328,33215,Eptesicus serotinus,0.009,0.021,-1,Echolocation,/mnt/ubna_data_02_mir/recover-20221013/UBNA_001/20221012_030000.WAV,Telephone Field,recover-20221013,001,1795
1236.1285,1236.1349,23750,34386,Plecotus austriacus,0.021,0.038,-1,Echolocation,/mnt/ubna_data_02_mir/recover-20221013/UBNA_001/20221012_030000.WAV,Telephone Field,recover-20221013,001,1795
1236.1675,1236.2049,68437,82524,Rhinolophus ferrumequinum,0.021,0.021,-1,Echolocation,/mnt/ubna_data_02_mir/recover-20221013/UBNA_001/20221012_030000.WAV,Telephone Field,recover-20221013,001,1795
1236.1845,1236.2222,68437,81757,Rhinolophus ferrumequinum,0.021,0.021,-1,Echolocation,/mnt/ubna_data_02_mir/recover-20221013/UBNA_001/20221012_030000.WAV,Telephone Field,recover-20221013,001,1795
1236.2225,1236.2616,68437,81525,Rhinolophus ferrumequinum,0.026,0.026,-1,Echolocation,/mnt/ubna_data_02_mir/recover-20221013/UBNA_001/20221012_030000.WAV,Telephone Field,recover-20221013,001,1795
1236.2405,1236.283,68437,83094,Rhinolophus ferrumequinum,0.059,0.059,-1,Echolocation,/mnt/ubna_data_02_mir/recover-20221013/UBNA_001/20221012_030000.WAV,Telephone Field,recover-20221013,001,1795
1236.2555,1236.2897,68437,80637,Rhinolophus ferrumequinum,0.02,0.02,-1,Echolocation,/mnt/ubna_data_02_mir/recover-20221013/UBNA_001/20221012_030000.WAV,Telephone Field,recover-20221013,001,1795
1236.2725,1236.312,68437,82230,Rhinolophus ferrumequinum,0.022,0.022,-1,Echolocation,/mnt/ubna_data_02_mir/recover-20221013/UBNA_001/20221012_030000.WAV,Telephone Field,recover-20221013,001,1795
1236.2955,1236.3306,68437,81150,Rhinolophus ferrumequinum,0.021,0.021,-1,Echolocation,/mnt/ubna_data_02_mir/recover-20221013/UBNA_001/20221012_030000.WAV,Telephone Field,recover-20221013,001,1795
1236.3155,1236.3516,68437,82185,Rhinolophus ferrumequinum,0.031,0.031,-1,Echolocation,/mnt/ubna_data_02_mir/recover-20221013/UBNA_001/20221012_030000.WAV,Telephone Field,recover-20221013,001,1795
1236.3185,1236.3254,28046,41644,Eptesicus serotinus,0.008,0.025,-1,Echolocation,/mnt/ubna_data_02_mir/recover-20221013/UBNA_001/20221012_030000.WAV,Telephone Field,recover-20221013,001,1795
1236.3645,1236.4041,68437,82648,Rhinolophus ferrumequinum,0.023,0.023,-1,Echolocation,/mnt/ubna_data_02_mir/recover-20221013/UBNA_001/20221012_030000.WAV,Telephone Field,recover-20221013,001,1795
1236.3815,1236.4211,68437,82419,Rhinolophus ferrumequinum,0.025,0.025,-1,Echolocation,/mnt/ubna_data_02_mir/recover-20221013/UBNA_001/20221012_030000.WAV,Telephone Field,recover-20221013,001,1795
1236.4185,1236.425,27187,39752,Eptesicus serotinus,0.005,0.022,-1,Echolocation,/mnt/ubna_data_02_mir/recover-20221013/UBNA_001/20221012_030000.WAV,Telephone Field,recover-20221013,001,1795
1236.4295,1236.4626,68437,81446,Rhinolophus ferrumequinum,0.028,0.028,-1,Echolocation,/mnt/ubna_data_02_mir/recover-20221013/UBNA_001/20221012_030000.WAV,Telephone Field,recover-20221013,001,1795
1236.4345,1236.4436,25468,32981,Eptesicus serotinus,0.009,0.023,-1,Echolocation,/mnt/ubna_data_02_mir/recover-20221013/UBNA_001/20221012_030000.WAV,Telephone Field,recover-20221013,001,1795
1236.4555,1236.463,28046,42108,Eptesicus serotinus,0.008,0.024,-1,Echolocation,/mnt/ubna_data_02_mir/recover-20221013/UBNA_001/20221012_030000.WAV,Telephone Field,recover-20221013,001,1795
1236.4725,1236.4837,22890,27526,Nyctalus leisleri,0.01,0.02,-1,Echolocation,/mnt/ubna_data_02_mir/recover-20221013/UBNA_001/20221012_030000.WAV,Telephone Field,recover-20221013,001,1795
1236.5145,1236.5524,68437,81796,Rhinolophus ferrumequinum,0.022,0.022,-1,Echolocation,/mnt/ubna_data_02_mir/recover-20221013/UBNA_001/20221012_030000.WAV,Telephone Field,recover-20221013,001,1795
1236.5225,1236.5306,26328,34502,Eptesicus serotinus,0.01,0.024,-1,Echolocation,/mnt/ubna_data_02_mir/recover-20221013/UBNA_001/20221012_030000.WAV,Telephone Field,recover-20221013,001,1795
1236.5285,1236.5685,68437,82722,Rhinolophus ferrumequinum,0.024,0.025,-1,Echolocation,/mnt/ubna_data_02_mir/recover-20221013/UBNA_001/20221012_030000.WAV,Telephone Field,recover-20221013,001,1795
1236.5355,1236.5749,68437,82503,Rhinolophus ferrumequinum,0.029,0.029,-1,Echolocation,/mnt/ubna_data_02_mir/recover-20221013/UBNA_001/20221012_030000.WAV,Telephone Field,recover-20221013,001,1795
1236.5555,1236.5958,68437,83428,Rhinolophus ferrumequinum,0.024,0.024,-1,Echolocation,/mnt/ubna_data_02_mir/recover-20221013/UBNA_001/20221012_030000.WAV,Telephone Field,recover-20221013,001,1795
1236.5645,1236.5725,28906,38639,Eptesicus serotinus,0.007,0.021,-1,Echolocation,/mnt/ubna_data_02_mir/recover-20221013/UBNA_001/20221012_030000.WAV,Telephone Field,recover-20221013,001,1795
1236.5705,1236.5798,28046,36827,Eptesicus serotinus,0.009,0.021,-1,Echolocation,/mnt/ubna_data_02_mir/recover-20221013/UBNA_001/20221012_030000.WAV,Telephone Field,recover-20221013,001,1795
1236.5725,1236.612,68437,82299,Rhinolophus ferrumequinum,0.022,0.022,-1,Echolocation,/mnt/ubna_data_02_mir/recover-20221013/UBNA_001/20221012_030000.WAV,Telephone Field,recover-20221013,001,1795
1236.5875,1236.5978,43515,46839,Pipistrellus pipistrellus,0.028,0.032,-1,Echolocation,/mnt/ubna_data_02_mir/recover-20221013/UBNA_001/20221012_030000.WAV,Telephone Field,recover-20221013,001,1795
1236.5885,1236.627,68437,82256,Rhinolophus ferrumequinum,0.021,0.021,-1,Echolocation,/mnt/ubna_data_02_mir/recover-20221013/UBNA_001/20221012_030000.WAV,Telephone Field,recover-20221013,001,1795
1236.6125,1236.6224,28046,35814,Eptesicus serotinus,0.011,0.023,-1,Echolocation,/mnt/ubna_data_02_mir/recover-20221013/UBNA_001/20221012_030000.WAV,Telephone Field,recover-20221013,001,1795
1236.6475,1236.6865,68437,82281,Rhinolophus ferrumequinum,0.022,0.022,-1,Echolocation,/mnt/ubna_data_02_mir/recover-20221013/UBNA_001/20221012_030000.WAV,Telephone Field,recover-20221013,001,1795
1236.6655,1236.7055,68437,82440,Rhinolophus ferrumequinum,0.023,0.023,-1,Echolocation,/mnt/ubna_data_02_mir/recover-20221013/UBNA_001/20221012_030000.WAV,Telephone Field,recover-20221013,001,1795
1236.6935,1236.7321,68437,82424,Rhinolophus ferrumequinum,0.028,0.028,-1,Echolocation,/mnt/ubna_data_02_mir/recover-20221013/UBNA_001/20221012_030000.WAV,Telephone Field,recover-20221013,001,1795
1236.6965,1236.7065,40937,48501,Pipistrellus nathusii,0.009,0.023,-1,Echolocation,/mnt/ubna_data_02_mir/recover-20221013/UBNA_001/20221012_030000.WAV,Telephone Field,recover-20221013,001,1795
1236.7075,1236.7457,68437,82218,Rhinolophus ferrumequinum,0.021,0.021,-1,Echolocation,/mnt/ubna_data_02_mir/recover-20221013/UBNA_001/20221012_030000.WAV,Telephone Field,recover-20221013,001,1795
1236.7215,1236.73,28906,40001,Eptesicus serotinus,0.01,0.027,-1,Echolocation,/mnt/ubna_data_02_mir/recover-20221013/UBNA_001/20221012_030000.WAV,Telephone Field,recover-20221013,001,1795
1236.7355,1236.7757,68437,82555,Rhinolophus ferrumequinum,0.022,0.022,-1,Echolocation,/mnt/ubna_data_02_mir/recover-20221013/UBNA_001/20221012_030000.WAV,Telephone Field,recover-20221013,001,1795
1236.7605,1236.7998,68437,81565,Rhinolophus ferrumequinum,0.021,0.021,-1,Echolocation,/mnt/ubna_data_02_mir/recover-20221013/UBNA_001/20221012_030000.WAV,Telephone Field,recover-20221013,001,1795
1236.7705,1236.8084,68437,82010,Rhinolophus ferrumequinum,0.021,0.021,-1,Echolocation,/mnt/ubna_data_02_mir/recover-20221013/UBNA_001/20221012_030000.WAV,Telephone Field,recover-20221013,001,1795
1236.7865,1236.8263,68437,82084,Rhinolophus ferrumequinum,0.021,0.021,-1,Echolocation,/mnt/ubna_data_02_mir/recover-20221013/UBNA_001/20221012_030000.WAV,Telephone Field,recover-20221013,001,1795
1236.7935,1236.8048,22890,28363,Nyctalus leisleri,0.012,0.026,-1,Echolocation,/mnt/ubna_data_02_mir/recover-20221013/UBNA_001/20221012_030000.WAV,Telephone Field,recover-20221013,001,1795
1236.8385,1236.877,68437,82584,Rhinolophus ferrumequinum,0.027,0.027,-1,Echolocation,/mnt/ubna_data_02_mir/recover-20221013/UBNA_001/20221012_030000.WAV,Telephone Field,recover-20221013,001,1795
1236.8425,1236.853,22890,28548,Nyctalus leisleri,0.01,0.023,-1,Echolocation,/mnt/ubna_data_02_mir/recover-20221013/UBNA_001/20221012_030000.WAV,Telephone Field,recover-20221013,001,1795
1236.8505,1236.8614,23750,30103,Nyctalus leisleri,0.009,0.025,-1,Echolocation,/mnt/ubna_data_02_mir/recover-20221013/UBNA_001/20221012_030000.WAV,Telephone Field,recover-20221013,001,1795
1236.8505,1236.8898,68437,82055,Rhinolophus ferrumequinum,0.022,0.022,-1,Echolocation,/mnt/ubna_data_02_mir/recover-20221013/UBNA_001/20221012_030000.WAV,Telephone Field,recover-20221013,001,1795
1236.8885,1236.9298,68437,82526,Rhinolophus ferrumequinum,0.022,0.022,-1,Echolocation,/mnt/ubna_data_02_mir/recover-20221013/UBNA_001/20221012_030000.WAV,Telephone Field,recover-20221013,001,1795
1236.9195,1236.9272,25468,33852,Eptesicus serotinus,0.006,0.021,-1,Echolocation,/mnt/ubna_data_02_mir/recover-20221013/UBNA_001/20221012_030000.WAV,Telephone Field,recover-20221013,001,1795
1236.9325,1236.9426,44375,47718,Pipistrellus pipistrellus,0.02,0.022,-1,Echolocation,/mnt/ubna_data_02_mir/recover-20221013/UBNA_001/20221012_030000.WAV,Telephone Field,recover-20221013,001,1795
1236.9485,1236.9853,68437,81863,Rhinolophus ferrumequinum,0.022,0.022,-1,Echolocation,/mnt/ubna_data_02_mir/recover-20221013/UBNA_001/20221012_030000.WAV,Telephone Field,recover-20221013,001,1795
1236.9545,1236.9651,22890,30085,Nyctalus leisleri,0.009,0.026,-1,Echolocation,/mnt/ubna_data_02_mir/recover-20221013/UBNA_001/20221012_030000.WAV,Telephone Field,recover-20221013,001,1795
1236.9685,1237.0091,68437,82718,Rhinolophus ferrumequinum,0.023,0.023,-1,Echolocation,/mnt/ubna_data_02_mir/recover-20221013/UBNA_001/20221012_030000.WAV,Telephone Field,recover-20221013,001,1795
1237.0215,1237.034,22890,27215,Nyctalus leisleri,0.012,0.021,-1,Echolocation,/mnt/ubna_data_02_mir/recover-20221013/UBNA_001/20221012_030000.WAV,Telephone Field,recover-20221013,001,1795
1237.0295,1237.0651,68437,81480,Rhinolophus ferrumequinum,0.022,0.022,-1,Echolocation,/mnt/ubna_data_02_mir/recover-20221013/UBNA_001/20221012_030000.WAV,Telephone Field,recover-20221013,001,1795
1237.0385,1237.0754,68437,81489,Rhinolophus ferrumequinum,0.02,0.02,-1,Echolocation,/mnt/ubna_data_02_mir/recover-20221013/UBNA_001/20221012_030000.WAV,Telephone Field,recover-20221013,001,1795
1237.0405,1237.0476,28046,38982,Eptesicus serotinus,0.006,0.023,-1,Echolocation,/mnt/ubna_data_02_mir/recover-20221013/UBNA_001/20221012_030000.WAV,Telephone Field,recover-20221013,001,1795
1237.0545,1237.0737,20312,23198,Nyctalus leisleri,0.015,0.027,-1,Echolocation,/mnt/ubna_data_02_mir/recover-20221013/UBNA_001/20221012_030000.WAV,Telephone Field,recover-20221013,001,1795
1237.0565,1237.0958,68437,82972,Rhinolophus ferrumequinum,0.024,0.024,-1,Echolocation,/mnt/ubna_data_02_mir/recover-20221013/UBNA_001/20221012_030000.WAV,Telephone Field,recover-20221013,001,1795
1237.0655,1237.1009,68437,81826,Rhinolophus ferrumequinum,0.021,0.021,-1,Echolocation,/mnt/ubna_data_02_mir/recover-20221013/UBNA_001/20221012_030000.WAV,Telephone Field,recover-20221013,001,1795
1237.0765,1237.0846,28046,39124,Eptesicus serotinus,0.007,0.021,-1,Echolocation,/mnt/ubna_data_02_mir/recover-20221013/UBNA_001/20221012_030000.WAV,Telephone Field,recover-20221013,001,1795
1237.0955,1237.1317,68437,81825,Rhinolophus ferrumequinum,0.022,0.022,-1,Echolocation,/mnt/ubna_data_02_mir/recover-20221013/UBNA_001/20221012_030000.WAV,Telephone Field,recover-20221013,001,1795
1237.1035,1237.1413,68437,82366,Rhinolophus ferrumequinum,0.023,0.023,-1,Echolocation,/mnt/ubna_data_02_mir/recover-20221013/UBNA_001/20221012_030000.WAV,Telephone Field,recover-20221013,001,1795
1237.1175,1237.1242,24609,33889,Plecotus austriacus,0.009,0.025,-1,Echolocation,/mnt/ubna_data_02_mir/recover-20221013/UBNA_001/20221012_030000.WAV,Telephone Field,recover-20221013,001,1795
1237.1555,1237.1626,28046,37137,Eptesicus serotinus,0.006,0.021,-1,Echolocation,/mnt/ubna_data_02_mir/recover-20221013/UBNA_001/20221012_030000.WAV,Telephone Field,recover-20221013,001,1795
1237.1565,1237.1686,22031,26066,Nyctalus leisleri,0.014,0.025,-1,Echolocation,/mnt/ubna_data_02_mir/recover-20221013/UBNA_001/20221012_030000.WAV,Telephone Field,recover-20221013,001,1795
1237.1575,1237.1956,68437,82184,Rhinolophus ferrumequinum,0.022,0.022,-1,Echolocation,/mnt/ubna_data_02_mir/recover-20221013/UBNA_001/20221012_030000.WAV,Telephone Field,recover-20221013,001,1795
1237.1665,1237.2033,68437,81397,Rhinolophus ferrumequinum,0.02,0.02,-1,Echolocation,/mnt/ubna_data_02_mir/recover-20221013/UBNA_001/20221012_030000.WAV,Telephone Field,recover-20221013,001,1795
1237.2015,1237.2454,68437,83484,Rhinolophus ferrumequinum,0.037,0.037,-1,Echolocation,/mnt/ubna_data_02_mir/recover-20221013/UBNA_001/20221012_030000.WAV,Telephone Field,recover-20221013,001,1795
1237.2305,1237.2687,68437,82163,Rhinolophus ferrumequinum,0.024,0.024,-1,Echolocation,/mnt/ubna_data_02_mir/recover-20221013/UBNA_001/20221012_030000.WAV,Telephone Field,recover-20221013,001,1795
1237.2465,1237.257,22890,28365,Nyctalus leisleri,0.009,0.021,-1,Echolocation,/mnt/ubna_data_02_mir/recover-20221013/UBNA_001/20221012_030000.WAV,Telephone Field,recover-20221013,001,1795
1237.2545,1237.2622,28046,38643,Eptesicus serotinus,0.007,0.022,-1,Echolocation,/mnt/ubna_data_02_mir/recover-20221013/UBNA_001/20221012_030000.WAV,Telephone Field,recover-20221013,001,1795
1237.2695,1237.2772,28046,38415,Eptesicus serotinus,0.007,0.023,-1,Echolocation,/mnt/ubna_data_02_mir/recover-20221013/UBNA_001/20221012_030000.WAV,Telephone Field,recover-20221013,001,1795
1237.2965,1237.3382,68437,82897,Rhinolophus ferrumequinum,0.032,0.032,-1,Echolocation,/mnt/ubna_data_02_mir/recover-20221013/UBNA_001/20221012_030000.WAV,Telephone Field,recover-20221013,001,1795
1237.3195,1237.3607,68437,82331,Rhinolophus ferrumequinum,0.034,0.034,-1,Echolocation,/mnt/ubna_data_02_mir/recover-20221013/UBNA_001/20221012_030000.WAV,Telephone Field,recover-20221013,001,1795
1237.3245,1237.3335,23750,31243,Plecotus austriacus,0.007,0.023,-1,Echolocation,/mnt/ubna_data_02_mir/recover-20221013/UBNA_001/20221012_030000.WAV,Telephone Field,recover-20221013,001,1795
1237.3385,1237.3464,27187,35271,Eptesicus serotinus,0.009,0.022,-1,Echolocation,/mnt/ubna_data_02_mir/recover-20221013/UBNA_001/20221012_030000.WAV,Telephone Field,recover-20221013,001,1795
1237.3535,1237.391,68437,82112,Rhinolophus ferrumequinum,0.022,0.022,-1,Echolocation,/mnt/ubna_data_02_mir/recover-20221013/UBNA_001/20221012_030000.WAV,Telephone Field,recover-20221013,001,1795
1237.3825,1237.4213,68437,82595,Rhinolophus ferrumequinum,0.025,0.025,-1,Echolocation,/mnt/ubna_data_02_mir/recover-20221013/UBNA_001/20221012_030000.WAV,Telephone Field,recover-20221013,001,1795
1237.3865,1237.3996,22031,26318,Nyctalus leisleri,0.014,0.024,-1,Echolocation,/mnt/ubna_data_02_mir/recover-20221013/UBNA_001/20221012_030000.WAV,Telephone Field,recover-20221013,001,1795
1237.4255,1237.4654,68437,82749,Rhinolophus ferrumequinum,0.025,0.025,-1,Echolocation,/mnt/ubna_data_02_mir/recover-20221013/UBNA_001/20221012_030000.WAV,Telephone Field,recover-20221013,001,1795
1237.4425,1237.4848,68437,82567,Rhinolophus ferrumequinum,0.023,0.023,-1,Echolocation,/mnt/ubna_data_02_mir/recover-20221013/UBNA_001/20221012_030000.WAV,Telephone Field,recover-20221013,001,1795
1237.4655,1237.5059,68437,82498,Rhinolophus ferrumequinum,0.023,0.023,-1,Echolocation,/mnt/ubna_data_02_mir/recover-20221013/UBNA_001/20221012_030000.WAV,Telephone Field,recover-20221013,001,1795
1237.4735,1237.5133,68437,82635,Rhinolophus ferrumequinum,0.022,0.022,-1,Echolocation,/mnt/ubna_data_02_mir/recover-20221013/UBNA_001/20221012_030000.WAV,Telephone Field,recover-20221013,001,1795
1237.4795,1237.5174,68437,82104,Rhinolophus ferrumequinum,0.022,0.022,-1,Echolocation,/mnt/ubna_data_02_mir/recover-20221013/UBNA_001/20221012_030000.WAV,Telephone Field,recover-20221013,001,1795
1237.4885,1237.4962,27187,40469,Eptesicus serotinus,0.007,0.022,-1,Echolocation,/mnt/ubna_data_02_mir/recover-20221013/UBNA_001/20221012_030000.WAV,Telephone Field,recover-20221013,001,1795
1237.5005,1237.5145,14296,20198,Nyctalus noctula,0.014,0.02,-1,Echolocation,/mnt/ubna_data_02_mir/recover-20221013/UBNA_001/20221012_030000.WAV,Telephone Field,recover-20221013,001,1795
1237.5065,1237.5181,23750,30169,Nyctalus leisleri,0.014,0.032,-1,Echolocation,/mnt/ubna_data_02_mir/recover-20221013/UBNA_001/20221012_030000.WAV,Telephone Field,recover-20221013,001,1795
1237.5075,1237.5467,68437,82529,Rhinolophus ferrumequinum,0.022,0.022,-1,Echolocation,/mnt/ubna_data_02_mir/recover-20221013/UBNA_001/20221012_030000.WAV,Telephone Field,recover-20221013,001,1795
1237.5235,1237.563,68437,82702,Rhinolophus ferrumequinum,0.024,0.024,-1,Echolocation,/mnt/ubna_data_02_mir/recover-20221013/UBNA_001/20221012_030000.WAV,Telephone Field,recover-20221013,001,1795
1237.5495,1237.5586,27187,39709,Eptesicus serotinus,0.012,0.028,-1,Echolocation,/mnt/ubna_data_02_mir/recover-20221013/UBNA_001/20221012_030000.WAV,Telephone Field,recover-20221013,001,1795
1237.5615,1237.6011,68437,82632,Rhinolophus ferrumequinum,0.023,0.023,-1,Echolocation,/mnt/ubna_data_02_mir/recover-20221013/UBNA_001/20221012_030000.WAV,Telephone Field,recover-20221013,001,1795
1237.5795,1237.6211,68437,82754,Rhinolophus ferrumequinum,0.024,0.024,-1,Echolocation,/mnt/ubna_data_02_mir/recover-20221013/UBNA_001/20221012_030000.WAV,Telephone Field,recover-20221013,001,1795
1237.5875,1237.5952,28046,37881,Eptesicus serotinus,0.008,0.022,-1,Echolocation,/mnt/ubna_data_02_mir/recover-20221013/UBNA_001/20221012_030000.WAV,Telephone Field,recover-20221013,001,1795
1237.6475,1237.6555,23750,31602,Plecotus austriacus,0.011,0.026,-1,Echolocation,/mnt/ubna_data_02_mir/recover-20221013/UBNA_001/20221012_030000.WAV,Telephone Field,recover-20221013,001,1795
1237.6645,1237.6714,27187,38056,Eptesicus serotinus,0.009,0.026,-1,Echolocation,/mnt/ubna_data_02_mir/recover-20221013/UBNA_001/20221012_030000.WAV,Telephone Field,recover-20221013,001,1795
1237.6805,1237.7199,68437,83143,Rhinolophus ferrumequinum,0.026,0.026,-1,Echolocation,/mnt/ubna_data_02_mir/recover-20221013/UBNA_001/20221012_030000.WAV,Telephone Field,recover-20221013,001,1795
1237.6955,1237.7377,68437,83172,Rhinolophus ferrumequinum,0.027,0.027,-1,Echolocation,/mnt/ubna_data_02_mir/recover-20221013/UBNA_001/20221012_030000.WAV,Telephone Field,recover-20221013,001,1795
1237.7245,1237.764,68437,82337,Rhinolophus ferrumequinum,0.021,0.021,-1,Echolocation,/mnt/ubna_data_02_mir/recover-20221013/UBNA_001/20221012_030000.WAV,Telephone Field,recover-20221013,001,1795
1237.7315,1237.767,68437,81261,Rhinolophus ferrumequinum,0.021,0.021,-1,Echolocation,/mnt/ubna_data_02_mir/recover-20221013/UBNA_001/20221012_030000.WAV,Telephone Field,recover-20221013,001,1795
1237.7985,1237.8057,27187,37293,Eptesicus serotinus,0.009,0.026,-1,Echolocation,/mnt/ubna_data_02_mir/recover-20221013/UBNA_001/20221012_030000.WAV,Telephone Field,recover-20221013,001,1795
1237.8005,1237.8419,68437,82894,Rhinolophus ferrumequinum,0.026,0.026,-1,Echolocation,/mnt/ubna_data_02_mir/recover-20221013/UBNA_001/20221012_030000.WAV,Telephone Field,recover-20221013,001,1795
1237.8405,1237.8741,68437,80822,Rhinolophus ferrumequinum,0.02,0.021,-1,Echolocation,/mnt/ubna_data_02_mir/recover-20221013/UBNA_001/20221012_030000.WAV,Telephone Field,recover-20221013,001,1795
1237.8415,1237.8521,28046,34989,Eptesicus serotinus,0.015,0.028,-1,Echolocation,/mnt/ubna_data_02_mir/recover-20221013/UBNA_001/20221012_030000.WAV,Telephone Field,recover-20221013,001,1795
1237.8845,1237.921,68437,82157,Rhinolophus ferrumequinum,0.023,0.023,-1,Echolocation,/mnt/ubna_data_02_mir/recover-20221013/UBNA_001/20221012_030000.WAV,Telephone Field,recover-20221013,001,1795
1237.8995,1237.9371,68437,82761,Rhinolophus ferrumequinum,0.022,0.022,-1,Echolocation,/mnt/ubna_data_02_mir/recover-20221013/UBNA_001/20221012_030000.WAV,Telephone Field,recover-20221013,001,1795
1237.9235,1237.9626,68437,82135,Rhinolophus ferrumequinum,0.023,0.023,-1,Echolocation,/mnt/ubna_data_02_mir/recover-20221013/UBNA_001/20221012_030000.WAV,Telephone Field,recover-20221013,001,1795
1237.9275,1237.9349,26328,38123,Eptesicus serotinus,0.008,0.023,-1,Echolocation,/mnt/ubna_data_02_mir/recover-20221013/UBNA_001/20221012_030000.WAV,Telephone Field,recover-20221013,001,1795
1237.9435,1237.9786,68437,81577,Rhinolophus ferrumequinum,0.022,0.022,-1,Echolocation,/mnt/ubna_data_02_mir/recover-20221013/UBNA_001/20221012_030000.WAV,Telephone Field,recover-20221013,001,1795
1237.9505,1237.9587,28046,39925,Eptesicus serotinus,0.009,0.024,-1,Echolocation,/mnt/ubna_data_02_mir/recover-20221013/UBNA_001/20221012_030000.WAV,Telephone Field,recover-20221013,001,1795
1237.9845,1237.9947,26328,34146,Eptesicus serotinus,0.01,0.024,-1,Echolocation,/mnt/ubna_data_02_mir/recover-20221013/UBNA_001/20221012_030000.WAV,Telephone Field,recover-20221013,001,1795
1238.0015,1238.0101,23750,32000,Nyctalus leisleri,0.007,0.022,-1,Echolocation,/mnt/ubna_data_02_mir/recover-20221013/UBNA_001/20221012_030000.WAV,Telephone Field,recover-20221013,001,1795
1238.0015,1238.0324,69296,81473,Rhinolophus ferrumequinum,0.02,0.021,-1,Echolocation,/mnt/ubna_data_02_mir/recover-20221013/UBNA_001/20221012_030000.WAV,Telephone Field,recover-20221013,001,1795
1238.0465,1238.0538,28046,39713,Eptesicus serotinus,0.006,0.02,-1,Echolocation,/mnt/ubna_data_02_mir/recover-20221013/UBNA_001/20221012_030000.WAV,Telephone Field,recover-20221013,001,1795
1238.1375,1238.1719,68437,81455,Rhinolophus ferrumequinum,0.02,0.02,-1,Echolocation,/mnt/ubna_data_02_mir/recover-20221013/UBNA_001/20221012_030000.WAV,Telephone Field,recover-20221013,001,1795
1238.1835,1238.2215,68437,82412,Rhinolophus ferrumequinum,0.025,0.025,-1,Echolocation,/mnt/ubna_data_02_mir/recover-20221013/UBNA_001/20221012_030000.WAV,Telephone Field,recover-20221013,001,1795
1238.2415,1238.2793,68437,82430,Rhinolophus ferrumequinum,0.02,0.02,-1,Echolocation,/mnt/ubna_data_02_mir/recover-20221013/UBNA_001/20221012_030000.WAV,Telephone Field,recover-20221013,001,1795
1238.3015,1238.3083,23750,32673,Plecotus austriacus,0.009,0.021,-1,Echolocation,/mnt/ubna_data_02_mir/recover-20221013/UBNA_001/20221012_030000.WAV,Telephone Field,recover-20221013,001,1795
1238.3405,1238.3755,68437,81473,Rhinolophus ferrumequinum,0.02,0.02,-1,Echolocation,/mnt/ubna_data_02_mir/recover-20221013/UBNA_001/20221012_030000.WAV,Telephone Field,recover-20221013,001,1795
1238.3595,1238.3967,68437,81756,Rhinolophus ferrumequinum,0.022,0.022,-1,Echolocation,/mnt/ubna_data_02_mir/recover-20221013/UBNA_001/20221012_030000.WAV,Telephone Field,recover-20221013,001,1795
1238.4155,1238.4541,68437,82658,Rhinolophus ferrumequinum,0.025,0.025,-1,Echolocation,/mnt/ubna_data_02_mir/recover-20221013/UBNA_001/20221012_030000.WAV,Telephone Field,recover-20221013,001,1795
1238.4625,1238.5032,68437,82842,Rhinolophus ferrumequinum,0.036,0.036,-1,Echolocation,/mnt/ubna_data_02_mir/recover-20221013/UBNA_001/20221012_030000.WAV,Telephone Field,recover-20221013,001,1795
1238.4645,1238.4742,23750,31089,Nyctalus leisleri,0.006,0.022,-1,Echolocation,/mnt/ubna_data_02_mir/recover-20221013/UBNA_001/20221012_030000.WAV,Telephone Field,recover-20221013,001,1795
1238.5375,1238.5764,68437,82831,Rhinolophus ferrumequinum,0.023,0.024,-1,Echolocation,/mnt/ubna_data_02_mir/recover-20221013/UBNA_001/20221012_030000.WAV,Telephone Field,recover-20221013,001,1795
1238.5385,1238.5448,25468,36147,Plecotus austriacus,0.014,0.039,-1,Echolocation,/mnt/ubna_data_02_mir/recover-20221013/UBNA_001/20221012_030000.WAV,Telephone Field,recover-20221013,001,1795
1238.5645,1238.5749,28906,36143,Eptesicus serotinus,0.01,0.025,-1,Echolocation,/mnt/ubna_data_02_mir/recover-20221013/UBNA_001/20221012_030000.WAV,Telephone Field,recover-20221013,001,1795
1238.5835,1238.6205,68437,81195,Rhinolophus ferrumequinum,0.022,0.022,-1,Echolocation,/mnt/ubna_data_02_mir/recover-20221013/UBNA_001/20221012_030000.WAV,Telephone Field,recover-20221013,001,1795
1238.5925,1238.6035,22890,27736,Nyctalus leisleri,0.01,0.02,-1,Echolocation,/mnt/ubna_data_02_mir/recover-20221013/UBNA_001/20221012_030000.WAV,Telephone Field,recover-20221013,001,1795
1238.5995,1238.6097,22031,27050,Nyctalus leisleri,0.009,0.02,-1,Echolocation,/mnt/ubna_data_02_mir/recover-20221013/UBNA_001/20221012_030000.WAV,Telephone Field,recover-20221013,001,1795
1238.6015,1238.6091,28046,38462,Eptesicus serotinus,0.006,0.023,-1,Echolocation,/mnt/ubna_data_02_mir/recover-20221013/UBNA_001/20221012_030000.WAV,Telephone Field,recover-20221013,001,1795
1238.6205,1238.658,68437,81561,Rhinolophus ferrumequinum,0.022,0.022,-1,Echolocation,/mnt/ubna_data_02_mir/recover-20221013/UBNA_001/20221012_030000.WAV,Telephone Field,recover-20221013,001,1795
1238.6275,1238.6352,23750,32079,Plecotus austriacus,0.008,0.022,-1,Echolocation,/mnt/ubna_data_02_mir/recover-20221013/UBNA_001/20221012_030000.WAV,Telephone Field,recover-20221013,001,1795
1238.6855,1238.6955,22890,28233,Nyctalus leisleri,0.01,0.024,-1,Echolocation,/mnt/ubna_data_02_mir/recover-20221013/UBNA_001/20221012_030000.WAV,Telephone Field,recover-20221013,001,1795
1238.7105,1238.7192,28046,38986,Eptesicus serotinus,0.008,0.021,-1,Echolocation,/mnt/ubna_data_02_mir/recover-20221013/UBNA_001/20221012_030000.WAV,Telephone Field,recover-20221013,001,1795
1238.7305,1238.7433,25468,30778,Eptesicus serotinus,0.008,0.021,-1,Echolocation,/mnt/ubna_data_02_mir/recover-20221013/UBNA_001/20221012_030000.WAV,Telephone Field,recover-20221013,001,1795
1238.7365,1238.7752,68437,82351,Rhinolophus ferrumequinum,0.021,0.021,-1,Echolocation,/mnt/ubna_data_02_mir/recover-20221013/UBNA_001/20221012_030000.WAV,Telephone Field,recover-20221013,001,1795
1238.7515,1238.7873,68437,82109,Rhinolophus ferrumequinum,0.022,0.022,-1,Echolocation,/mnt/ubna_data_02_mir/recover-20221013/UBNA_001/20221012_030000.WAV,Telephone Field,recover-20221013,001,1795
1238.7705,1238.8083,68437,82118,Rhinolophus ferrumequinum,0.021,0.021,-1,Echolocation,/mnt/ubna_data_02_mir/recover-20221013/UBNA_001/20221012_030000.WAV,Telephone Field,recover-20221013,001,1795
1238.7765,1238.8142,68437,81463,Rhinolophus ferrumequinum,0.02,0.02,-1,Echolocation,/mnt/ubna_data_02_mir/recover-20221013/UBNA_001/20221012_030000.WAV,Telephone Field,recover-20221013,001,1795
1238.7875,1238.8254,68437,82414,Rhinolophus ferrumequinum,0.026,0.026,-1,Echolocation,/mnt/ubna_data_02_mir/recover-20221013/UBNA_001/20221012_030000.WAV,Telephone Field,recover-20221013,001,1795
1238.8185,1238.8587,68437,82523,Rhinolophus ferrumequinum,0.024,0.024,-1,Echolocation,/mnt/ubna_data_02_mir/recover-20221013/UBNA_001/20221012_030000.WAV,Telephone Field,recover-20221013,001,1795
1238.8195,1238.8273,28906,37895,Eptesicus serotinus,0.007,0.023,-1,Echolocation,/mnt/ubna_data_02_mir/recover-20221013/UBNA_001/20221012_030000.WAV,Telephone Field,recover-20221013,001,1795
1238.8215,1238.8323,22031,26153,Nyctalus leisleri,0.011,0.02,-1,Echolocation,/mnt/ubna_data_02_mir/recover-20221013/UBNA_001/20221012_030000.WAV,Telephone Field,recover-20221013,001,1795
1238.8415,1238.8818,68437,82169,Rhinolophus ferrumequinum,0.021,0.021,-1,Echolocation,/mnt/ubna_data_02_mir/recover-20221013/UBNA_001/20221012_030000.WAV,Telephone Field,recover-20221013,001,1795
1238.8955,1238.9029,28046,40060,Eptesicus serotinus,0.007,0.023,-1,Echolocation,/mnt/ubna_data_02_mir/recover-20221013/UBNA_001/20221012_030000.WAV,Telephone Field,recover-20221013,001,1795
1238.9215,1238.9592,68437,81885,Rhinolophus ferrumequinum,0.026,0.026,-1,Echolocation,/mnt/ubna_data_02_mir/recover-20221013/UBNA_001/20221012_030000.WAV,Telephone Field,recover-20221013,001,1795
1238.9305,1238.9397,25468,32361,Eptesicus serotinus,0.008,0.021,-1,Echolocation,/mnt/ubna_data_02_mir/recover-20221013/UBNA_001/20221012_030000.WAV,Telephone Field,recover-20221013,001,1795
1238.9515,1238.9702,20312,23178,Nyctalus leisleri,0.016,0.027,-1,Echolocation,/mnt/ubna_data_02_mir/recover-20221013/UBNA_001/20221012_030000.WAV,Telephone Field,recover-20221013,001,1795
1239.0015,1239.0423,68437,82708,Rhinolophus ferrumequinum,0.023,0.023,-1,Echolocation,/mnt/ubna_data_02_mir/recover-20221013/UBNA_001/20221012_030000.WAV,Telephone Field,recover-20221013,001,1795
1239.0115,1239.0499,68437,82845,Rhinolophus ferrumequinum,0.022,0.022,-1,Echolocation,/mnt/ubna_data_02_mir/recover-20221013/UBNA_001/20221012_030000.WAV,Telephone Field,recover-20221013,001,1795
1239.0235,1239.0409,16015,20906,Nyctalus noctula,0.02,0.028,-1,Echolocation,/mnt/ubna_data_02_mir/recover-20221013/UBNA_001/20221012_030000.WAV,Telephone Field,recover-20221013,001,1795
1239.0395,1239.0808,68437,82994,Rhinolophus ferrumequinum,0.033,0.033,-1,Echolocation,/mnt/ubna_data_02_mir/recover-20221013/UBNA_001/20221012_030000.WAV,Telephone Field,recover-20221013,001,1795
1239.0445,1239.0557,22031,27555,Nyctalus leisleri,0.009,0.021,-1,Echolocation,/mnt/ubna_data_02_mir/recover-20221013/UBNA_001/20221012_030000.WAV,Telephone Field,recover-20221013,001,1795
1239.1005,1239.1073,28046,43211,Eptesicus serotinus,0.006,0.021,-1,Echolocation,/mnt/ubna_data_02_mir/recover-20221013/UBNA_001/20221012_030000.WAV,Telephone Field,recover-20221013,001,1795
1239.1045,1239.142,68437,81131,Rhinolophus ferrumequinum,0.021,0.021,-1,Echolocation,/mnt/ubna_data_02_mir/recover-20221013/UBNA_001/20221012_030000.WAV,Telephone Field,recover-20221013,001,1795
1239.1165,1239.1563,68437,81681,Rhinolophus ferrumequinum,0.022,0.022,-1,Echolocation,/mnt/ubna_data_02_mir/recover-20221013/UBNA_001/20221012_030000.WAV,Telephone Field,recover-20221013,001,1795
1239.1245,1239.1639,68437,81875,Rhinolophus ferrumequinum,0.022,0.022,-1,Echolocation,/mnt/ubna_data_02_mir/recover-20221013/UBNA_001/20221012_030000.WAV,Telephone Field,recover-20221013,001,1795
1239.1635,1239.1707,26328,36446,Eptesicus serotinus,0.007,0.028,-1,Echolocation,/mnt/ubna_data_02_mir/recover-20221013/UBNA_001/20221012_030000.WAV,Telephone Field,recover-20221013,001,1795
1239.2155,1239.2524,68437,81929,Rhinolophus ferrumequinum,0.021,0.021,-1,Echolocation,/mnt/ubna_data_02_mir/recover-20221013/UBNA_001/20221012_030000.WAV,Telephone Field,recover-20221013,001,1795
1239.2675,1239.305,68437,81922,Rhinolophus ferrumequinum,0.022,0.022,-1,Echolocation,/mnt/ubna_data_02_mir/recover-20221013/UBNA_001/20221012_030000.WAV,Telephone Field,recover-20221013,001,1795
1239.2805,1239.2996,16015,20334,Nyctalus noctula,0.016,0.023,-1,Echolocation,/mnt/ubna_data_02_mir/recover-20221013/UBNA_001/20221012_030000.WAV,Telephone Field,recover-20221013,001,1795
1239.2985,1239.3063,27187,38702,Eptesicus serotinus,0.007,0.022,-1,Echolocation,/mnt/ubna_data_02_mir/recover-20221013/UBNA_001/20221012_030000.WAV,Telephone Field,recover-20221013,001,1795
1239.3085,1239.3183,26328,33699,Eptesicus serotinus,0.011,0.023,-1,Echolocation,/mnt/ubna_data_02_mir/recover-20221013/UBNA_001/20221012_030000.WAV,Telephone Field,recover-20221013,001,1795
1239.3105,1239.342,68437,80178,Rhinolophus ferrumequinum,0.025,0.025,-1,Echolocation,/mnt/ubna_data_02_mir/recover-20221013/UBNA_001/20221012_030000.WAV,Telephone Field,recover-20221013,001,1795
1239.3345,1239.3737,68437,81937,Rhinolophus ferrumequinum,0.02,0.02,-1,Echolocation,/mnt/ubna_data_02_mir/recover-20221013/UBNA_001/20221012_030000.WAV,Telephone Field,recover-20221013,001,1795
1239.3495,1239.3594,28046,36728,Eptesicus serotinus,0.014,0.028,-1,Echolocation,/mnt/ubna_data_02_mir/recover-20221013/UBNA_001/20221012_030000.WAV,Telephone Field,recover-20221013,001,1795
1239.3785,1239.4146,68437,81223,Rhinolophus ferrumequinum,0.02,0.02,-1,Echolocation,/mnt/ubna_data_02_mir/recover-20221013/UBNA_001/20221012_030000.WAV,Telephone Field,recover-20221013,001,1795
1239.3865,1239.3941,25468,36813,Eptesicus serotinus,0.005,0.02,-1,Echolocation,/mnt/ubna_data_02_mir/recover-20221013/UBNA_001/20221012_030000.WAV,Telephone Field,recover-20221013,001,1795
1239.4135,1239.4507,68437,81854,Rhinolophus ferrumequinum,0.023,0.023,-1,Echolocation,/mnt/ubna_data_02_mir/recover-20221013/UBNA_001/20221012_030000.WAV,Telephone Field,recover-20221013,001,1795
1239.4255,1239.4361,23750,29197,Nyctalus leisleri,0.013,0.027,-1,Echolocation,/mnt/ubna_data_02_mir/recover-20221013/UBNA_001/20221012_030000.WAV,Telephone Field,recover-20221013,001,1795
1239.4395,1239.4758,68437,81347,Rhinolophus ferrumequinum,0.021,0.021,-1,Echolocation,/mnt/ubna_data_02_mir/recover-20221013/UBNA_001/20221012_030000.WAV,Telephone Field,recover-20221013,001,1795
1239.4485,1239.4871,68437,81971,Rhinolophus ferrumequinum,0.021,0.021,-1,Echolocation,/mnt/ubna_data_02_mir/recover-20221013/UBNA_001/20221012_030000.WAV,Telephone Field,recover-20221013,001,1795
1239.4675,1239.5064,68437,82383,Rhinolophus ferrumequinum,0.021,0.021,-1,Echolocation,/mnt/ubna_data_02_mir/recover-20221013/UBNA_001/20221012_030000.WAV,Telephone Field,recover-20221013,001,1795
1239.4935,1239.5361,68437,83229,Rhinolophus ferrumequinum,0.061,0.061,-1,Echolocation,/mnt/ubna_data_02_mir/recover-20221013/UBNA_001/20221012_030000.WAV,Telephone Field,recover-20221013,001,1795
1239.5065,1239.5164,24609,31569,Eptesicus serotinus,0.009,0.025,-1,Echolocation,/mnt/ubna_data_02_mir/recover-20221013/UBNA_001/20221012_030000.WAV,Telephone Field,recover-20221013,001,1795
1239.5505,1239.5578,24609,33307,Plecotus austriacus,0.007,0.021,-1,Echolocation,/mnt/ubna_data_02_mir/recover-20221013/UBNA_001/20221012_030000.WAV,Telephone Field,recover-20221013,001,1795
1239.5515,1239.5901,68437,81987,Rhinolophus ferrumequinum,0.022,0.022,-1,Echolocation,/mnt/ubna_data_02_mir/recover-20221013/UBNA_001/20221012_030000.WAV,Telephone Field,recover-20221013,001,1795
1239.5635,1239.6008,68437,82122,Rhinolophus ferrumequinum,0.021,0.021,-1,Echolocation,/mnt/ubna_data_02_mir/recover-20221013/UBNA_001/20221012_030000.WAV,Telephone Field,recover-20221013,001,1795
1239.5745,1239.5865,23750,29249,Nyctalus leisleri,0.009,0.02,-1,Echolocation,/mnt/ubna_data_02_mir/recover-20221013/UBNA_001/20221012_030000.WAV,Telephone Field,recover-20221013,001,1795
1239.5765,1239.615,68437,81869,Rhinolophus ferrumequinum,0.021,0.021,-1,Echolocation,/mnt/ubna_data_02_mir/recover-20221013/UBNA_001/20221012_030000.WAV,Telephone Field,recover-20221013,001,1795
1239.5995,1239.6392,68437,82205,Rhinolophus ferrumequinum,0.024,0.024,-1,Echolocation,/mnt/ubna_data_02_mir/recover-20221013/UBNA_001/20221012_030000.WAV,Telephone Field,recover-20221013,001,1795
1239.6135,1239.6236,27187,35923,Eptesicus serotinus,0.012,0.026,-1,Echolocation,/mnt/ubna_data_02_mir/recover-20221013/UBNA_001/20221012_030000.WAV,Telephone Field,recover-20221013,001,1795
1239.6295,1239.6387,25468,33044,Eptesicus serotinus,0.011,0.028,-1,Echolocation,/mnt/ubna_data_02_mir/recover-20221013/UBNA_001/20221012_030000.WAV,Telephone Field,recover-20221013,001,1795
1239.6405,1239.6785,68437,82546,Rhinolophus ferrumequinum,0.022,0.022,-1,Echolocation,/mnt/ubna_data_02_mir/recover-20221013/UBNA_001/20221012_030000.WAV,Telephone Field,recover-20221013,001,1795
1239.6575,1239.6683,26328,33681,Eptesicus serotinus,0.01,0.021,-1,Echolocation,/mnt/ubna_data_02_mir/recover-20221013/UBNA_001/20221012_030000.WAV,Telephone Field,recover-20221013,001,1795
1239.6645,1239.678,25468,31205,Eptesicus serotinus,0.01,0.022,-1,Echolocation,/mnt/ubna_data_02_mir/recover-20221013/UBNA_001/20221012_030000.WAV,Telephone Field,recover-20221013,001,1795
1239.7155,1239.7497,68437,80817,Rhinolophus ferrumequinum,0.021,0.022,-1,Echolocation,/mnt/ubna_data_02_mir/recover-20221013/UBNA_001/20221012_030000.WAV,Telephone Field,recover-20221013,001,1795
1239.7165,1239.7242,28046,38527,Eptesicus serotinus,0.008,0.022,-1,Echolocation,/mnt/ubna_data_02_mir/recover-20221013/UBNA_001/20221012_030000.WAV,Telephone Field,recover-20221013,001,1795
1239.7385,1239.7748,68437,81948,Rhinolophus ferrumequinum,0.02,0.02,-1,Echolocation,/mnt/ubna_data_02_mir/recover-20221013/UBNA_001/20221012_030000.WAV,Telephone Field,recover-20221013,001,1795
1239.7455,1239.7831,68437,81241,Rhinolophus ferrumequinum,0.021,0.021,-1,Echolocation,/mnt/ubna_data_02_mir/recover-20221013/UBNA_001/20221012_030000.WAV,Telephone Field,recover-20221013,001,1795
1239.7845,1239.8272,68437,82542,Rhinolophus ferrumequinum,0.022,0.022,-1,Echolocation,/mnt/ubna_data_02_mir/recover-20221013/UBNA_001/20221012_030000.WAV,Telephone Field,recover-20221013,001,1795
1239.7885,1239.7999,28906,38225,Eptesicus serotinus,0.02,0.036,-1,Echolocation,/mnt/ubna_data_02_mir/recover-20221013/UBNA_001/20221012_030000.WAV,Telephone Field,recover-20221013,001,1795
1239.8235,1239.8629,68437,83002,Rhinolophus ferrumequinum,0.025,0.025,-1,Echolocation,/mnt/ubna_data_02_mir/recover-20221013/UBNA_001/20221012_030000.WAV,Telephone Field,recover-20221013,001,1795
1239.8325,1239.8463,54687,59663,Pipistrellus pygmaeus,0.02,0.022,-1,Echolocation,/mnt/ubna_data_02_mir/recover-20221013/UBNA_001/20221012_030000.WAV,Telephone Field,recover-20221013,001,1795
1239.8435,1239.8527,26328,34219,Eptesicus serotinus,0.01,0.024,-1,Echolocation,/mnt/ubna_data_02_mir/recover-20221013/UBNA_001/20221012_030000.WAV,Telephone Field,recover-20221013,001,1795
1239.8645,1239.9054,68437,83206,Rhinolophus ferrumequinum,0.034,0.034,-1,Echolocation,/mnt/ubna_data_02_mir/recover-20221013/UBNA_001/20221012_030000.WAV,Telephone Field,recover-20221013,001,1795
1239.8745,1239.8809,33203,45250,Myotis daubentonii,0.011,0.03,-1,Echolocation,/mnt/ubna_data_02_mir/recover-20221013/UBNA_001/20221012_030000.WAV,Telephone Field,recover-20221013,001,1795
1239.8945,1239.9033,28046,37318,Eptesicus serotinus,0.008,0.02,-1,Echolocation,/mnt/ubna_data_02_mir/recover-20221013/UBNA_001/20221012_030000.WAV,Telephone Field,recover-20221013,001,1795
1239.9135,1239.9488,68437,81545,Rhinolophus ferrumequinum,0.022,0.022,-1,Echolocation,/mnt/ubna_data_02_mir/recover-20221013/UBNA_001/20221012_030000.WAV,Telephone Field,recover-20221013,001,1795
1239.9195,1239.9546,68437,82181,Rhinolophus ferrumequinum,0.022,0.022,-1,Echolocation,/mnt/ubna_data_02_mir/recover-20221013/UBNA_001/20221012_030000.WAV,Telephone Field,recover-20221013,001,1795
1239.9255,1239.9358,28906,37148,Eptesicus serotinus,0.011,0.025,-1,Echolocation,/mnt/ubna_data_02_mir/recover-20221013/UBNA_001/20221012_030000.WAV,Telephone Field,recover-20221013,001,1795
1239.9855,1239.9939,28046,38005,Eptesicus serotinus,0.007,0.02,-1,Echolocation,/mnt/ubna_data_02_mir/recover-20221013/UBNA_001/20221012_030000.WAV,Telephone Field,recover-20221013,001,1795
1240.0015,1240.0125,20312,25023,Nyctalus leisleri,0.012,0.031,-1,Echolocation,/mnt/ubna_data_02_mir/recover-20221013/UBNA_001/20221012_030000.WAV,Telephone Field,recover-20221013,001,1795
1240.0015,1240.0316,68437,79396,Rhinolophus ferrumequinum,0.022,0.022,-1,Echolocation,/mnt/ubna_data_02_mir/recover-20221013/UBNA_001/20221012_030000.WAV,Telephone Field,recover-20221013,001,1795
1240.0395,1240.0766,68437,82244,Rhinolophus ferrumequinum,0.022,0.022,-1,Echolocation,/mnt/ubna_data_02_mir/recover-20221013/UBNA_001/20221012_030000.WAV,Telephone Field,recover-20221013,001,1795
1240.0635,1240.1027,68437,82127,Rhinolophus ferrumequinum,0.022,0.022,-1,Echolocation,/mnt/ubna_data_02_mir/recover-20221013/UBNA_001/20221012_030000.WAV,Telephone Field,recover-20221013,001,1795
1240.1015,1240.1395,68437,81725,Rhinolophus ferrumequinum,0.022,0.022,-1,Echolocation,/mnt/ubna_data_02_mir/recover-20221013/UBNA_001/20221012_030000.WAV,Telephone Field,recover-20221013,001,1795
1240.1625,1240.2022,68437,82334,Rhinolophus ferrumequinum,0.024,0.024,-1,Echolocation,/mnt/ubna_data_02_mir/recover-20221013/UBNA_001/20221012_030000.WAV,Telephone Field,recover-20221013,001,1795
1240.1695,1240.178,25468,33510,Eptesicus serotinus,0.007,0.021,-1,Echolocation,/mnt/ubna_data_02_mir/recover-20221013/UBNA_001/20221012_030000.WAV,Telephone Field,recover-20221013,001,1795
1240.2075,1240.2448,68437,82271,Rhinolophus ferrumequinum,0.023,0.023,-1,Echolocation,/mnt/ubna_data_02_mir/recover-20221013/UBNA_001/20221012_030000.WAV,Telephone Field,recover-20221013,001,1795
1240.2155,1240.2517,68437,81894,Rhinolophus ferrumequinum,0.022,0.022,-1,Echolocation,/mnt/ubna_data_02_mir/recover-20221013/UBNA_001/20221012_030000.WAV,Telephone Field,recover-20221013,001,1795
1240.2765,1240.3131,68437,81544,Rhinolophus ferrumequinum,0.022,0.022,-1,Echolocation,/mnt/ubna_data_02_mir/recover-20221013/UBNA_001/20221012_030000.WAV,Telephone Field,recover-20221013,001,1795
1240.2775,1240.2884,23750,28983,Nyctalus leisleri,0.012,0.023,-1,Echolocation,/mnt/ubna_data_02_mir/recover-20221013/UBNA_001/20221012_030000.WAV,Telephone Field,recover-20221013,001,1795
1240.3245,1240.3651,68437,82376,Rhinolophus ferrumequinum,0.029,0.029,-1,Echolocation,/mnt/ubna_data_02_mir/recover-20221013/UBNA_001/20221012_030000.WAV,Telephone Field,recover-20221013,001,1795
1240.3275,1240.3338,29765,50963,Myotis daubentonii,0.012,0.026,-1,Echolocation,/mnt/ubna_data_02_mir/recover-20221013/UBNA_001/20221012_030000.WAV,Telephone Field,recover-20221013,001,1795
1240.3475,1240.3841,68437,81241,Rhinolophus ferrumequinum,0.022,0.022,-1,Echolocation,/mnt/ubna_data_02_mir/recover-20221013/UBNA_001/20221012_030000.WAV,Telephone Field,recover-20221013,001,1795
1240.3885,1240.427,68437,82400,Rhinolophus ferrumequinum,0.023,0.023,-1,Echolocation,/mnt/ubna_data_02_mir/recover-20221013/UBNA_001/20221012_030000.WAV,Telephone Field,recover-20221013,001,1795
1240.4375,1240.4787,68437,83041,Rhinolophus ferrumequinum,0.026,0.026,-1,Echolocation,/mnt/ubna_data_02_mir/recover-20221013/UBNA_001/20221012_030000.WAV,Telephone Field,recover-20221013,001,1795
1240.4445,1240.4809,68437,82024,Rhinolophus ferrumequinum,0.022,0.022,-1,Echolocation,/mnt/ubna_data_02_mir/recover-20221013/UBNA_001/20221012_030000.WAV,Telephone Field,recover-20221013,001,1795
1240.4605,1240.4674,27187,38539,Eptesicus serotinus,0.006,0.022,-1,Echolocation,/mnt/ubna_data_02_mir/recover-20221013/UBNA_001/20221012_030000.WAV,Telephone Field,recover-20221013,001,1795
1240.4885,1240.5275,68437,82230,Rhinolophus ferrumequinum,0.023,0.023,-1,Echolocation,/mnt/ubna_data_02_mir/recover-20221013/UBNA_001/20221012_030000.WAV,Telephone Field,recover-20221013,001,1795
1240.4885,1240.4963,23750,32087,Plecotus austriacus,0.01,0.024,-1,Echolocation,/mnt/ubna_data_02_mir/recover-20221013/UBNA_001/20221012_030000.WAV,Telephone Field,recover-20221013,001,1795
1240.5125,1240.5514,68437,82632,Rhinolophus ferrumequinum,0.023,0.023,-1,Echolocation,/mnt/ubna_data_02_mir/recover-20221013/UBNA_001/20221012_030000.WAV,Telephone Field,recover-20221013,001,1795
1240.5615,1240.6007,68437,81990,Rhinolophus ferrumequinum,0.024,0.024,-1,Echolocation,/mnt/ubna_data_02_mir/recover-20221013/UBNA_001/20221012_030000.WAV,Telephone Field,recover-20221013,001,1795
1240.5725,1240.5837,23750,29525,Nyctalus leisleri,0.013,0.028,-1,Echolocation,/mnt/ubna_data_02_mir/recover-20221013/UBNA_001/20221012_030000.WAV,Telephone Field,recover-20221013,001,1795
1240.6595,1240.7007,68437,82555,Rhinolophus ferrumequinum,0.024,0.024,-1,Echolocation,/mnt/ubna_data_02_mir/recover-20221013/UBNA_001/20221012_030000.WAV,Telephone Field,recover-20221013,001,1795
1240.6725,1240.6797,26328,38355,Eptesicus serotinus,0.006,0.022,-1,Echolocation,/mnt/ubna_data_02_mir/recover-20221013/UBNA_001/20221012_030000.WAV,Telephone Field,recover-20221013,001,1795
1240.6885,1240.7258,68437,82193,Rhinolophus ferrumequinum,0.023,0.023,-1,Echolocation,/mnt/ubna_data_02_mir/recover-20221013/UBNA_001/20221012_030000.WAV,Telephone Field,recover-20221013,001,1795
1240.7055,1240.713,27187,37783,Eptesicus serotinus,0.009,0.024,-1,Echolocation,/mnt/ubna_data_02_mir/recover-20221013/UBNA_001/20221012_030000.WAV,Telephone Field,recover-20221013,001,1795
1240.7175,1240.7269000000001,24609,31632,Eptesicus serotinus,0.007,0.023,-1,Echolocation,/mnt/ubna_data_02_mir/recover-20221013/UBNA_001/20221012_030000.WAV,Telephone Field,recover-20221013,001,1795
1240.7195,1240.7576,68437,82643,Rhinolophus ferrumequinum,0.022,0.022,-1,Echolocation,/mnt/ubna_data_02_mir/recover-20221013/UBNA_001/20221012_030000.WAV,Telephone Field,recover-20221013,001,1795
1240.7325,1240.7402,28906,39874,Eptesicus serotinus,0.008,0.023,-1,Echolocation,/mnt/ubna_data_02_mir/recover-20221013/UBNA_001/20221012_030000.WAV,Telephone Field,recover-20221013,001,1795
1240.7495,1240.7895,68437,82950,Rhinolophus ferrumequinum,0.027,0.027,-1,Echolocation,/mnt/ubna_data_02_mir/recover-20221013/UBNA_001/20221012_030000.WAV,Telephone Field,recover-20221013,001,1795
1240.7745,1240.8154,68437,82947,Rhinolophus ferrumequinum,0.024,0.024,-1,Echolocation,/mnt/ubna_data_02_mir/recover-20221013/UBNA_001/20221012_030000.WAV,Telephone Field,recover-20221013,001,1795
1240.7785,1240.7858,44375,49974,Pipistrellus pipistrellus,0.022,0.025,-1,Echolocation,/mnt/ubna_data_02_mir/recover-20221013/UBNA_001/20221012_030000.WAV,Telephone Field,recover-20221013,001,1795
1240.8875,1240.8945,27187,39556,Eptesicus serotinus,0.007,0.027,-1,Echolocation,/mnt/ubna_data_02_mir/recover-20221013/UBNA_001/20221012_030000.WAV,Telephone Field,recover-20221013,001,1795
1240.8995,1240.9351,68437,81179,Rhinolophus ferrumequinum,0.021,0.022,-1,Echolocation,/mnt/ubna_data_02_mir/recover-20221013/UBNA_001/20221012_030000.WAV,Telephone Field,recover-20221013,001,1795
1240.9105,1240.9469,68437,81162,Rhinolophus ferrumequinum,0.026,0.026,-1,Echolocation,/mnt/ubna_data_02_mir/recover-20221013/UBNA_001/20221012_030000.WAV,Telephone Field,recover-20221013,001,1795
1240.9515,1240.961,23750,31423,Nyctalus leisleri,0.007,0.024,-1,Echolocation,/mnt/ubna_data_02_mir/recover-20221013/UBNA_001/20221012_030000.WAV,Telephone Field,recover-20221013,001,1795
1240.9685,1241.0078,68437,81946,Rhinolophus ferrumequinum,0.025,0.025,-1,Echolocation,/mnt/ubna_data_02_mir/recover-20221013/UBNA_001/20221012_030000.WAV,Telephone Field,recover-20221013,001,1795
1240.9995,1241.007,43515,53246,Myotis mystacinus,0.006,0.023,-1,Echolocation,/mnt/ubna_data_02_mir/recover-20221013/UBNA_001/20221012_030000.WAV,Telephone Field,recover-20221013,001,1795
1241.0075,1241.0163,25468,36175,Eptesicus serotinus,0.007,0.022,-1,Echolocation,/mnt/ubna_data_02_mir/recover-20221013/UBNA_001/20221012_030000.WAV,Telephone Field,recover-20221013,001,1795
1241.0145,1241.0506,68437,81248,Rhinolophus ferrumequinum,0.026,0.026,-1,Echolocation,/mnt/ubna_data_02_mir/recover-20221013/UBNA_001/20221012_030000.WAV,Telephone Field,recover-20221013,001,1795
1241.0635,1241.1001,68437,81423,Rhinolophus ferrumequinum,0.022,0.022,-1,Echolocation,/mnt/ubna_data_02_mir/recover-20221013/UBNA_001/20221012_030000.WAV,Telephone Field,recover-20221013,001,1795
1241.0675,1241.077,46953,54774,Pipistrellus pipistrellus,0.024,0.029,-1,Echolocation,/mnt/ubna_data_02_mir/recover-20221013/UBNA_001/20221012_030000.WAV,Telephone Field,recover-20221013,001,1795
1241.0895,1241.1297,68437,82604,Rhinolophus ferrumequinum,0.025,0.025,-1,Echolocation,/mnt/ubna_data_02_mir/recover-20221013/UBNA_001/20221012_030000.WAV,Telephone Field,recover-20221013,001,1795
1241.1545,1241.1642,22890,29189,Nyctalus leisleri,0.009,0.025,-1,Echolocation,/mnt/ubna_data_02_mir/recover-20221013/UBNA_001/20221012_030000.WAV,Telephone Field,recover-20221013,001,1795
1241.1555,1241.1625,46953,55482,Pipistrellus pipistrellus,0.02,0.022,-1,Echolocation,/mnt/ubna_data_02_mir/recover-20221013/UBNA_001/20221012_030000.WAV,Telephone Field,recover-20221013,001,1795
1241.1625,1241.1708,26328,35221,Eptesicus serotinus,0.008,0.022,-1,Echolocation,/mnt/ubna_data_02_mir/recover-20221013/UBNA_001/20221012_030000.WAV,Telephone Field,recover-20221013,001,1795
1241.1815,1241.1884,23750,32824,Plecotus austriacus,0.01,0.024,-1,Echolocation,/mnt/ubna_data_02_mir/recover-20221013/UBNA_001/20221012_030000.WAV,Telephone Field,recover-20221013,001,1795
1241.1985,1241.2078,28046,37107,Eptesicus serotinus,0.012,0.028,-1,Echolocation,/mnt/ubna_data_02_mir/recover-20221013/UBNA_001/20221012_030000.WAV,Telephone Field,recover-20221013,001,1795
1241.2105,1241.2513,68437,83131,Rhinolophus ferrumequinum,0.03,0.031,-1,Echolocation,/mnt/ubna_data_02_mir/recover-20221013/UBNA_001/20221012_030000.WAV,Telephone Field,recover-20221013,001,1795
1241.2195,1241.2607,68437,82800,Rhinolophus ferrumequinum,0.028,0.028,-1,Echolocation,/mnt/ubna_data_02_mir/recover-20221013/UBNA_001/20221012_030000.WAV,Telephone Field,recover-20221013,001,1795
1241.2335,1241.2761,68437,83295,Rhinolophus ferrumequinum,0.033,0.033,-1,Echolocation,/mnt/ubna_data_02_mir/recover-20221013/UBNA_001/20221012_030000.WAV,Telephone Field,recover-20221013,001,1795
1241.2675,1241.2755,28046,39055,Eptesicus serotinus,0.007,0.022,-1,Echolocation,/mnt/ubna_data_02_mir/recover-20221013/UBNA_001/20221012_030000.WAV,Telephone Field,recover-20221013,001,1795
1241.2875,1241.3277,68437,82625,Rhinolophus ferrumequinum,0.03,0.03,-1,Echolocation,/mnt/ubna_data_02_mir/recover-20221013/UBNA_001/20221012_030000.WAV,Telephone Field,recover-20221013,001,1795
1241.2945,1241.3034,22890,29485,Plecotus austriacus,0.009,0.024,-1,Echolocation,/mnt/ubna_data_02_mir/recover-20221013/UBNA_001/20221012_030000.WAV,Telephone Field,recover-20221013,001,1795
1241.3065,1241.3442,68437,82187,Rhinolophus ferrumequinum,0.022,0.022,-1,Echolocation,/mnt/ubna_data_02_mir/recover-20221013/UBNA_001/20221012_030000.WAV,Telephone Field,recover-20221013,001,1795
1241.3155,1241.3241,27187,39153,Eptesicus serotinus,0.008,0.023,-1,Echolocation,/mnt/ubna_data_02_mir/recover-20221013/UBNA_001/20221012_030000.WAV,Telephone Field,recover-20221013,001,1795
1241.3285,1241.3368,31484,38416,Barbastellus barbastellus,0.027,0.06,-1,Echolocation,/mnt/ubna_data_02_mir/recover-20221013/UBNA_001/20221012_030000.WAV,Telephone Field,recover-20221013,001,1795
1241.3815,1241.3921,22031,26927,Nyctalus leisleri,0.01,0.022,-1,Echolocation,/mnt/ubna_data_02_mir/recover-20221013/UBNA_001/20221012_030000.WAV,Telephone Field,recover-20221013,001,1795
1241.4045,1241.4136,46093,50312,Pipistrellus pipistrellus,0.024,0.026,-1,Echolocation,/mnt/ubna_data_02_mir/recover-20221013/UBNA_001/20221012_030000.WAV,Telephone Field,recover-20221013,001,1795
1241.4055,1241.44,68437,81304,Rhinolophus ferrumequinum,0.024,0.024,-1,Echolocation,/mnt/ubna_data_02_mir/recover-20221013/UBNA_001/20221012_030000.WAV,Telephone Field,recover-20221013,001,1795
1241.4295,1241.438,28906,39327,Eptesicus serotinus,0.007,0.022,-1,Echolocation,/mnt/ubna_data_02_mir/recover-20221013/UBNA_001/20221012_030000.WAV,Telephone Field,recover-20221013,001,1795
1241.4865,1241.5049,18593,22473,Nyctalus noctula,0.014,0.023,-1,Echolocation,/mnt/ubna_data_02_mir/recover-20221013/UBNA_001/20221012_030000.WAV,Telephone Field,recover-20221013,001,1795
1241.5205,1241.5283,28906,38322,Eptesicus serotinus,0.008,0.024,-1,Echolocation,/mnt/ubna_data_02_mir/recover-20221013/UBNA_001/20221012_030000.WAV,Telephone Field,recover-20221013,001,1795
1241.5215,1241.5575,68437,81577,Rhinolophus ferrumequinum,0.022,0.022,-1,Echolocation,/mnt/ubna_data_02_mir/recover-20221013/UBNA_001/20221012_030000.WAV,Telephone Field,recover-20221013,001,1795
1241.5875,1241.6261,68437,82327,Rhinolophus ferrumequinum,0.022,0.022,-1,Echolocation,/mnt/ubna_data_02_mir/recover-20221013/UBNA_001/20221012_030000.WAV,Telephone Field,recover-20221013,001,1795
1241.6165,1241.6546,68437,81640,Rhinolophus ferrumequinum,0.03,0.03,-1,Echolocation,/mnt/ubna_data_02_mir/recover-20221013/UBNA_001/20221012_030000.WAV,Telephone Field,recover-20221013,001,1795
1241.6635,1241.6996,68437,82044,Rhinolophus ferrumequinum,0.024,0.024,-1,Echolocation,/mnt/ubna_data_02_mir/recover-20221013/UBNA_001/20221012_030000.WAV,Telephone Field,recover-20221013,001,1795
1241.6655,1241.676,23750,29707,Nyctalus leisleri,0.009,0.023,-1,Echolocation,/mnt/ubna_data_02_mir/recover-20221013/UBNA_001/20221012_030000.WAV,Telephone Field,recover-20221013,001,1795
1241.7065,1241.7458,68437,81738,Rhinolophus ferrumequinum,0.023,0.023,-1,Echolocation,/mnt/ubna_data_02_mir/recover-20221013/UBNA_001/20221012_030000.WAV,Telephone Field,recover-20221013,001,1795
1241.7065,1241.7142,27187,37185,Eptesicus serotinus,0.007,0.026,-1,Echolocation,/mnt/ubna_data_02_mir/recover-20221013/UBNA_001/20221012_030000.WAV,Telephone Field,recover-20221013,001,1795
1241.7125,1241.7522,68437,82227,Rhinolophus ferrumequinum,0.024,0.024,-1,Echolocation,/mnt/ubna_data_02_mir/recover-20221013/UBNA_001/20221012_030000.WAV,Telephone Field,recover-20221013,001,1795
1241.7395,1241.7788,68437,81523,Rhinolophus ferrumequinum,0.034,0.034,-1,Echolocation,/mnt/ubna_data_02_mir/recover-20221013/UBNA_001/20221012_030000.WAV,Telephone Field,recover-20221013,001,1795
1241.8145,1241.8236,28906,39130,Eptesicus serotinus,0.012,0.027,-1,Echolocation,/mnt/ubna_data_02_mir/recover-20221013/UBNA_001/20221012_030000.WAV,Telephone Field,recover-20221013,001,1795
1241.8305,1241.8719,68437,82895,Rhinolophus ferrumequinum,0.027,0.027,-1,Echolocation,/mnt/ubna_data_02_mir/recover-20221013/UBNA_001/20221012_030000.WAV,Telephone Field,recover-20221013,001,1795
1241.8635,1241.9022,68437,82170,Rhinolophus ferrumequinum,0.022,0.022,-1,Echolocation,/mnt/ubna_data_02_mir/recover-20221013/UBNA_001/20221012_030000.WAV,Telephone Field,recover-20221013,001,1795
1241.9125,1241.9503,68437,81370,Rhinolophus ferrumequinum,0.022,0.022,-1,Echolocation,/mnt/ubna_data_02_mir/recover-20221013/UBNA_001/20221012_030000.WAV,Telephone Field,recover-20221013,001,1795
1241.9215,1241.959,68437,81984,Rhinolophus ferrumequinum,0.025,0.025,-1,Echolocation,/mnt/ubna_data_02_mir/recover-20221013/UBNA_001/20221012_030000.WAV,Telephone Field,recover-20221013,001,1795
1241.9685,1241.9754,26328,41220,Eptesicus serotinus,0.007,0.023,-1,Echolocation,/mnt/ubna_data_02_mir/recover-20221013/UBNA_001/20221012_030000.WAV,Telephone Field,recover-20221013,001,1795
1242.0015,1242.0092,26328,39517,Eptesicus serotinus,0.006,0.027,-1,Echolocation,/mnt/ubna_data_02_mir/recover-20221013/UBNA_001/20221012_030000.WAV,Telephone Field,recover-20221013,001,1795
1242.0015,1242.033,69296,81414,Rhinolophus ferrumequinum,0.03,0.03,-1,Echolocation,/mnt/ubna_data_02_mir/recover-20221013/UBNA_001/20221012_030000.WAV,Telephone Field,recover-20221013,001,1795
1242.0015,1242.0086,48671,54717,Pipistrellus pipistrellus,0.017,0.022,-1,Echolocation,/mnt/ubna_data_02_mir/recover-20221013/UBNA_001/20221012_030000.WAV,Telephone Field,recover-20221013,001,1795
1242.0015,1242.0101,30625,37506,Eptesicus serotinus,0.006,0.025,-1,Echolocation,/mnt/ubna_data_02_mir/recover-20221013/UBNA_001/20221012_030000.WAV,Telephone Field,recover-20221013,001,1795
1242.0595,1242.0971,68437,80956,Rhinolophus ferrumequinum,0.02,0.02,-1,Echolocation,/mnt/ubna_data_02_mir/recover-20221013/UBNA_001/20221012_030000.WAV,Telephone Field,recover-20221013,001,1795
1242.0805,1242.1197,68437,82487,Rhinolophus ferrumequinum,0.021,0.021,-1,Echolocation,/mnt/ubna_data_02_mir/recover-20221013/UBNA_001/20221012_030000.WAV,Telephone Field,recover-20221013,001,1795
1242.0865,1242.1264,68437,82300,Rhinolophus ferrumequinum,0.02,0.02,-1,Echolocation,/mnt/ubna_data_02_mir/recover-20221013/UBNA_001/20221012_030000.WAV,Telephone Field,recover-20221013,001,1795
1242.0915,1242.0996,26328,35103,Eptesicus serotinus,0.007,0.022,-1,Echolocation,/mnt/ubna_data_02_mir/recover-20221013/UBNA_001/20221012_030000.WAV,Telephone Field,recover-20221013,001,1795
1242.1025,1242.113,28046,34676,Eptesicus serotinus,0.009,0.021,-1,Echolocation,/mnt/ubna_data_02_mir/recover-20221013/UBNA_001/20221012_030000.WAV,Telephone Field,recover-20221013,001,1795
1242.1145,1242.1519,68437,82308,Rhinolophus ferrumequinum,0.021,0.022,-1,Echolocation,/mnt/ubna_data_02_mir/recover-20221013/UBNA_001/20221012_030000.WAV,Telephone Field,recover-20221013,001,1795
1242.1395,1242.1778,68437,82204,Rhinolophus ferrumequinum,0.02,0.02,-1,Echolocation,/mnt/ubna_data_02_mir/recover-20221013/UBNA_001/20221012_030000.WAV,Telephone Field,recover-20221013,001,1795
1242.2045,1242.2443,68437,81803,Rhinolophus ferrumequinum,0.024,0.024,-1,Echolocation,/mnt/ubna_data_02_mir/recover-20221013/UBNA_001/20221012_030000.WAV,Telephone Field,recover-20221013,001,1795
1242.2805,1242.3191,68437,82054,Rhinolophus ferrumequinum,0.021,0.021,-1,Echolocation,/mnt/ubna_data_02_mir/recover-20221013/UBNA_001/20221012_030000.WAV,Telephone Field,recover-20221013,001,1795
1242.3455,1242.3525,24609,33732,Plecotus austriacus,0.008,0.024,-1,Echolocation,/mnt/ubna_data_02_mir/recover-20221013/UBNA_001/20221012_030000.WAV,Telephone Field,recover-20221013,001,1795
1242.3525,1242.3965,68437,82962,Rhinolophus ferrumequinum,0.023,0.023,-1,Echolocation,/mnt/ubna_data_02_mir/recover-20221013/UBNA_001/20221012_030000.WAV,Telephone Field,recover-20221013,001,1795
1242.3795,1242.3878,26328,37174,Eptesicus serotinus,0.006,0.02,-1,Echolocation,/mnt/ubna_data_02_mir/recover-20221013/UBNA_001/20221012_030000.WAV,Telephone Field,recover-20221013,001,1795
1242.3915,1242.4341,68437,83221,Rhinolophus ferrumequinum,0.033,0.033,-1,Echolocation,/mnt/ubna_data_02_mir/recover-20221013/UBNA_001/20221012_030000.WAV,Telephone Field,recover-20221013,001,1795
1242.4155,1242.4227,28906,41447,Eptesicus serotinus,0.008,0.026,-1,Echolocation,/mnt/ubna_data_02_mir/recover-20221013/UBNA_001/20221012_030000.WAV,Telephone Field,recover-20221013,001,1795
1242.4485,1242.4576,24609,32029,Eptesicus serotinus,0.007,0.021,-1,Echolocation,/mnt/ubna_data_02_mir/recover-20221013/UBNA_001/20221012_030000.WAV,Telephone Field,recover-20221013,001,1795
1242.5395,1242.5763,68437,81353,Rhinolophus ferrumequinum,0.024,0.024,-1,Echolocation,/mnt/ubna_data_02_mir/recover-20221013/UBNA_001/20221012_030000.WAV,Telephone Field,recover-20221013,001,1795
1242.5555,1242.5999,68437,83477,Rhinolophus ferrumequinum,0.03,0.03,-1,Echolocation,/mnt/ubna_data_02_mir/recover-20221013/UBNA_001/20221012_030000.WAV,Telephone Field,recover-20221013,001,1795
1242.5665,1242.6092,68437,82718,Rhinolophus ferrumequinum,0.024,0.024,-1,Echolocation,/mnt/ubna_data_02_mir/recover-20221013/UBNA_001/20221012_030000.WAV,Telephone Field,recover-20221013,001,1795
1242.5955,1242.6031,28046,38070,Eptesicus serotinus,0.007,0.021,-1,Echolocation,/mnt/ubna_data_02_mir/recover-20221013/UBNA_001/20221012_030000.WAV,Telephone Field,recover-20221013,001,1795
1242.6085,1242.6439,68437,81986,Rhinolophus ferrumequinum,0.02,0.02,-1,Echolocation,/mnt/ubna_data_02_mir/recover-20221013/UBNA_001/20221012_030000.WAV,Telephone Field,recover-20221013,001,1795
1242.6375,1242.6491,24609,31136,Nyctalus leisleri,0.01,0.025,-1,Echolocation,/mnt/ubna_data_02_mir/recover-20221013/UBNA_001/20221012_030000.WAV,Telephone Field,recover-20221013,001,1795
1242.6375,1242.6781,68437,82664,Rhinolophus ferrumequinum,0.024,0.024,-1,Echolocation,/mnt/ubna_data_02_mir/recover-20221013/UBNA_001/20221012_030000.WAV,Telephone Field,recover-20221013,001,1795
1242.6645,1242.6769,22031,26222,Nyctalus leisleri,0.015,0.027,-1,Echolocation,/mnt/ubna_data_02_mir/recover-20221013/UBNA_001/20221012_030000.WAV,Telephone Field,recover-20221013,001,1795
1242.6915,1242.7333,68437,82329,Rhinolophus ferrumequinum,0.021,0.021,-1,Echolocation,/mnt/ubna_data_02_mir/recover-20221013/UBNA_001/20221012_030000.WAV,Telephone Field,recover-20221013,001,1795
1242.6985,1242.739,68437,82398,Rhinolophus ferrumequinum,0.02,0.02,-1,Echolocation,/mnt/ubna_data_02_mir/recover-20221013/UBNA_001/20221012_030000.WAV,Telephone Field,recover-20221013,001,1795
1242.7105,1242.747,68437,81579,Rhinolophus ferrumequinum,0.022,0.022,-1,Echolocation,/mnt/ubna_data_02_mir/recover-20221013/UBNA_001/20221012_030000.WAV,Telephone Field,recover-20221013,001,1795
1242.7455,1242.7808,67578,79379,Rhinolophus ferrumequinum,0.02,0.021,-1,Echolocation,/mnt/ubna_data_02_mir/recover-20221013/UBNA_001/20221012_030000.WAV,Telephone Field,recover-20221013,001,1795
1242.7535,1242.7919,68437,81748,Rhinolophus ferrumequinum,0.022,0.022,-1,Echolocation,/mnt/ubna_data_02_mir/recover-20221013/UBNA_001/20221012_030000.WAV,Telephone Field,recover-20221013,001,1795
1242.7625,1242.8015,68437,82367,Rhinolophus ferrumequinum,0.03,0.03,-1,Echolocation,/mnt/ubna_data_02_mir/recover-20221013/UBNA_001/20221012_030000.WAV,Telephone Field,recover-20221013,001,1795
1242.7755,1242.7834,24609,33035,Plecotus austriacus,0.008,0.025,-1,Echolocation,/mnt/ubna_data_02_mir/recover-20221013/UBNA_001/20221012_030000.WAV,Telephone Field,recover-20221013,001,1795
1242.8045,1242.8427,68437,82273,Rhinolophus ferrumequinum,0.023,0.023,-1,Echolocation,/mnt/ubna_data_02_mir/recover-20221013/UBNA_001/20221012_030000.WAV,Telephone Field,recover-20221013,001,1795
1242.8635,1242.9017,68437,82053,Rhinolophus ferrumequinum,0.022,0.022,-1,Echolocation,/mnt/ubna_data_02_mir/recover-20221013/UBNA_001/20221012_030000.WAV,Telephone Field,recover-20221013,001,1795
1242.9275,1242.9665,68437,82425,Rhinolophus ferrumequinum,0.025,0.025,-1,Echolocation,/mnt/ubna_data_02_mir/recover-20221013/UBNA_001/20221012_030000.WAV,Telephone Field,recover-20221013,001,1795
1242.9295,1242.9404,26328,33246,Eptesicus serotinus,0.012,0.025,-1,Echolocation,/mnt/ubna_data_02_mir/recover-20221013/UBNA_001/20221012_030000.WAV,Telephone Field,recover-20221013,001,1795
1242.9785,1242.9875,28046,38857,Eptesicus serotinus,0.008,0.021,-1,Echolocation,/mnt/ubna_data_02_mir/recover-20221013/UBNA_001/20221012_030000.WAV,Telephone Field,recover-20221013,001,1795
1242.9805,1243.0230999999999,68437,83283,Rhinolophus ferrumequinum,0.03,0.031,-1,Echolocation,/mnt/ubna_data_02_mir/recover-20221013/UBNA_001/20221012_030000.WAV,Telephone Field,recover-20221013,001,1795
1243.0135,1243.0533,68437,82514,Rhinolophus ferrumequinum,0.023,0.023,-1,Echolocation,/mnt/ubna_data_02_mir/recover-20221013/UBNA_001/20221012_030000.WAV,Telephone Field,recover-20221013,001,1795
1243.0315,1243.068,68437,81685,Rhinolophus ferrumequinum,0.024,0.024,-1,Echolocation,/mnt/ubna_data_02_mir/recover-20221013/UBNA_001/20221012_030000.WAV,Telephone Field,recover-20221013,001,1795
1243.0325,1243.0415,28046,37991,Eptesicus serotinus,0.008,0.02,-1,Echolocation,/mnt/ubna_data_02_mir/recover-20221013/UBNA_001/20221012_030000.WAV,Telephone Field,recover-20221013,001,1795
1243.0545,1243.0948,68437,82577,Rhinolophus ferrumequinum,0.023,0.023,-1,Echolocation,/mnt/ubna_data_02_mir/recover-20221013/UBNA_001/20221012_030000.WAV,Telephone Field,recover-20221013,001,1795
1243.1435,1243.1517,22031,28622,Plecotus austriacus,0.01,0.021,-1,Echolocation,/mnt/ubna_data_02_mir/recover-20221013/UBNA_001/20221012_030000.WAV,Telephone Field,recover-20221013,001,1795
1243.1645,1243.1736,23750,30737,Plecotus austriacus,0.007,0.023,-1,Echolocation,/mnt/ubna_data_02_mir/recover-20221013/UBNA_001/20221012_030000.WAV,Telephone Field,recover-20221013,001,1795
1243.1905,1243.2283,68437,82404,Rhinolophus ferrumequinum,0.021,0.021,-1,Echolocation,/mnt/ubna_data_02_mir/recover-20221013/UBNA_001/20221012_030000.WAV,Telephone Field,recover-20221013,001,1795
1243.2035,1243.2444,68437,83048,Rhinolophus ferrumequinum,0.022,0.022,-1,Echolocation,/mnt/ubna_data_02_mir/recover-20221013/UBNA_001/20221012_030000.WAV,Telephone Field,recover-20221013,001,1795
1243.3115,1243.3214,28906,36736,Eptesicus serotinus,0.009,0.022,-1,Echolocation,/mnt/ubna_data_02_mir/recover-20221013/UBNA_001/20221012_030000.WAV,Telephone Field,recover-20221013,001,1795
1243.3145,1243.3515,68437,80918,Rhinolophus ferrumequinum,0.02,0.02,-1,Echolocation,/mnt/ubna_data_02_mir/recover-20221013/UBNA_001/20221012_030000.WAV,Telephone Field,recover-20221013,001,1795
1243.3415,1243.3833,68437,82338,Rhinolophus ferrumequinum,0.021,0.021,-1,Echolocation,/mnt/ubna_data_02_mir/recover-20221013/UBNA_001/20221012_030000.WAV,Telephone Field,recover-20221013,001,1795
1243.3495,1243.358,27187,38284,Eptesicus serotinus,0.008,0.023,-1,Echolocation,/mnt/ubna_data_02_mir/recover-20221013/UBNA_001/20221012_030000.WAV,Telephone Field,recover-20221013,001,1795
1243.3705,1243.3824,43515,50026,Pipistrellus pipistrellus,0.016,0.023,-1,Echolocation,/mnt/ubna_data_02_mir/recover-20221013/UBNA_001/20221012_030000.WAV,Telephone Field,recover-20221013,001,1795
1243.3735,1243.3822,28046,38217,Eptesicus serotinus,0.009,0.023,-1,Echolocation,/mnt/ubna_data_02_mir/recover-20221013/UBNA_001/20221012_030000.WAV,Telephone Field,recover-20221013,001,1795
1243.3915,1243.3999,28906,39110,Eptesicus serotinus,0.008,0.022,-1,Echolocation,/mnt/ubna_data_02_mir/recover-20221013/UBNA_001/20221012_030000.WAV,Telephone Field,recover-20221013,001,1795
1243.4035,1243.4429,68437,82581,Rhinolophus ferrumequinum,0.032,0.032,-1,Echolocation,/mnt/ubna_data_02_mir/recover-20221013/UBNA_001/20221012_030000.WAV,Telephone Field,recover-20221013,001,1795
1243.4555,1243.4622,27187,42391,Eptesicus serotinus,0.007,0.025,-1,Echolocation,/mnt/ubna_data_02_mir/recover-20221013/UBNA_001/20221012_030000.WAV,Telephone Field,recover-20221013,001,1795
1243.4785,1243.5191,68437,82419,Rhinolophus ferrumequinum,0.023,0.023,-1,Echolocation,/mnt/ubna_data_02_mir/recover-20221013/UBNA_001/20221012_030000.WAV,Telephone Field,recover-20221013,001,1795
1243.5045,1243.5129,14296,22827,Plecotus auritus,0.013,0.02,-1,Echolocation,/mnt/ubna_data_02_mir/recover-20221013/UBNA_001/20221012_030000.WAV,Telephone Field,recover-20221013,001,1795
1243.5155,1243.5259,22890,28755,Nyctalus leisleri,0.008,0.021,-1,Echolocation,/mnt/ubna_data_02_mir/recover-20221013/UBNA_001/20221012_030000.WAV,Telephone Field,recover-20221013,001,1795
1243.5215,1243.5293,22890,30547,Plecotus austriacus,0.01,0.021,-1,Echolocation,/mnt/ubna_data_02_mir/recover-20221013/UBNA_001/20221012_030000.WAV,Telephone Field,recover-20221013,001,1795
1243.5545,1243.5639,28906,37101,Eptesicus serotinus,0.008,0.02,-1,Echolocation,/mnt/ubna_data_02_mir/recover-20221013/UBNA_001/20221012_030000.WAV,Telephone Field,recover-20221013,001,1795
1243.5735,1243.6133,68437,82554,Rhinolophus ferrumequinum,0.022,0.022,-1,Echolocation,/mnt/ubna_data_02_mir/recover-20221013/UBNA_001/20221012_030000.WAV,Telephone Field,recover-20221013,001,1795
1243.6605,1243.6976,68437,82143,Rhinolophus ferrumequinum,0.02,0.02,-1,Echolocation,/mnt/ubna_data_02_mir/recover-20221013/UBNA_001/20221012_030000.WAV,Telephone Field,recover-20221013,001,1795
1243.7185,1243.728,28906,39512,Eptesicus serotinus,0.01,0.023,-1,Echolocation,/mnt/ubna_data_02_mir/recover-20221013/UBNA_001/20221012_030000.WAV,Telephone Field,recover-20221013,001,1795
1243.7365,1243.7745,68437,81515,Rhinolophus ferrumequinum,0.02,0.02,-1,Echolocation,/mnt/ubna_data_02_mir/recover-20221013/UBNA_001/20221012_030000.WAV,Telephone Field,recover-20221013,001,1795
1243.7565,1243.7675,24609,31081,Eptesicus serotinus,0.008,0.021,-1,Echolocation,/mnt/ubna_data_02_mir/recover-20221013/UBNA_001/20221012_030000.WAV,Telephone Field,recover-20221013,001,1795
1243.8925,1243.9011,28046,39320,Eptesicus serotinus,0.008,0.021,-1,Echolocation,/mnt/ubna_data_02_mir/recover-20221013/UBNA_001/20221012_030000.WAV,Telephone Field,recover-20221013,001,1795
1243.8935,1243.9296,68437,81115,Rhinolophus ferrumequinum,0.02,0.02,-1,Echolocation,/mnt/ubna_data_02_mir/recover-20221013/UBNA_001/20221012_030000.WAV,Telephone Field,recover-20221013,001,1795
1243.9415,1243.9814,68437,82304,Rhinolophus ferrumequinum,0.021,0.021,-1,Echolocation,/mnt/ubna_data_02_mir/recover-20221013/UBNA_001/20221012_030000.WAV,Telephone Field,recover-20221013,001,1795
1244.0015,1244.0344,68437,79534,Rhinolophus ferrumequinum,0.026,0.026,-1,Echolocation,/mnt/ubna_data_02_mir/recover-20221013/UBNA_001/20221012_030000.WAV,Telephone Field,recover-20221013,001,1795
1244.0015,1244.0151,20312,24982,Nyctalus leisleri,0.014,0.03,-1,Echolocation,/mnt/ubna_data_02_mir/recover-20221013/UBNA_001/20221012_030000.WAV,Telephone Field,recover-20221013,001,1795
1244.0125,1244.0239,27187,33916,Eptesicus serotinus,0.011,0.022,-1,Echolocation,/mnt/ubna_data_02_mir/recover-20221013/UBNA_001/20221012_030000.WAV,Telephone Field,recover-20221013,001,1795
1244.0235,1244.0303,30625,43046,Eptesicus serotinus,0.009,0.028,-1,Echolocation,/mnt/ubna_data_02_mir/recover-20221013/UBNA_001/20221012_030000.WAV,Telephone Field,recover-20221013,001,1795
1244.0295,1244.0741,68437,83549,Rhinolophus ferrumequinum,0.035,0.035,-1,Echolocation,/mnt/ubna_data_02_mir/recover-20221013/UBNA_001/20221012_030000.WAV,Telephone Field,recover-20221013,001,1795
1244.0385,1244.0801,68437,83078,Rhinolophus ferrumequinum,0.03,0.03,-1,Echolocation,/mnt/ubna_data_02_mir/recover-20221013/UBNA_001/20221012_030000.WAV,Telephone Field,recover-20221013,001,1795
1244.0565,1244.0929,68437,81342,Rhinolophus ferrumequinum,0.021,0.021,-1,Echolocation,/mnt/ubna_data_02_mir/recover-20221013/UBNA_001/20221012_030000.WAV,Telephone Field,recover-20221013,001,1795
1244.0695,1244.0794,24609,31985,Eptesicus serotinus,0.008,0.024,-1,Echolocation,/mnt/ubna_data_02_mir/recover-20221013/UBNA_001/20221012_030000.WAV,Telephone Field,recover-20221013,001,1795
1244.0705,1244.1115,68437,82696,Rhinolophus ferrumequinum,0.024,0.024,-1,Echolocation,/mnt/ubna_data_02_mir/recover-20221013/UBNA_001/20221012_030000.WAV,Telephone Field,recover-20221013,001,1795
1244.0915,1244.1316,68437,82247,Rhinolophus ferrumequinum,0.022,0.022,-1,Echolocation,/mnt/ubna_data_02_mir/recover-20221013/UBNA_001/20221012_030000.WAV,Telephone Field,recover-20221013,001,1795
1244.1195,1244.1263,28046,38970,Eptesicus serotinus,0.008,0.025,-1,Echolocation,/mnt/ubna_data_02_mir/recover-20221013/UBNA_001/20221012_030000.WAV,Telephone Field,recover-20221013,001,1795
1244.1375,1244.1768,68437,81873,Rhinolophus ferrumequinum,0.022,0.023,-1,Echolocation,/mnt/ubna_data_02_mir/recover-20221013/UBNA_001/20221012_030000.WAV,Telephone Field,recover-20221013,001,1795
1244.1645,1244.1738,22890,29995,Plecotus austriacus,0.007,0.022,-1,Echolocation,/mnt/ubna_data_02_mir/recover-20221013/UBNA_001/20221012_030000.WAV,Telephone Field,recover-20221013,001,1795
1244.1705,1244.1803,24609,31259,Nyctalus leisleri,0.008,0.022,-1,Echolocation,/mnt/ubna_data_02_mir/recover-20221013/UBNA_001/20221012_030000.WAV,Telephone Field,recover-20221013,001,1795
1244.1905,1244.232,68437,82441,Rhinolophus ferrumequinum,0.023,0.023,-1,Echolocation,/mnt/ubna_data_02_mir/recover-20221013/UBNA_001/20221012_030000.WAV,Telephone Field,recover-20221013,001,1795
1244.1995,1244.2413,68437,82793,Rhinolophus ferrumequinum,0.022,0.022,-1,Echolocation,/mnt/ubna_data_02_mir/recover-20221013/UBNA_001/20221012_030000.WAV,Telephone Field,recover-20221013,001,1795
1244.2005,1244.2096,28906,37583,Eptesicus serotinus,0.008,0.022,-1,Echolocation,/mnt/ubna_data_02_mir/recover-20221013/UBNA_001/20221012_030000.WAV,Telephone Field,recover-20221013,001,1795
1244.2525,1244.2613,22890,30159,Plecotus austriacus,0.011,0.026,-1,Echolocation,/mnt/ubna_data_02_mir/recover-20221013/UBNA_001/20221012_030000.WAV,Telephone Field,recover-20221013,001,1795
1244.2765,1244.2844,28046,40262,Eptesicus serotinus,0.008,0.021,-1,Echolocation,/mnt/ubna_data_02_mir/recover-20221013/UBNA_001/20221012_030000.WAV,Telephone Field,recover-20221013,001,1795
1244.2775,1244.3156,68437,82622,Rhinolophus ferrumequinum,0.022,0.023,-1,Echolocation,/mnt/ubna_data_02_mir/recover-20221013/UBNA_001/20221012_030000.WAV,Telephone Field,recover-20221013,001,1795
1244.2965,1244.3324,68437,81492,Rhinolophus ferrumequinum,0.021,0.021,-1,Echolocation,/mnt/ubna_data_02_mir/recover-20221013/UBNA_001/20221012_030000.WAV,Telephone Field,recover-20221013,001,1795
1244.3135,1244.3533,68437,82642,Rhinolophus ferrumequinum,0.022,0.022,-1,Echolocation,/mnt/ubna_data_02_mir/recover-20221013/UBNA_001/20221012_030000.WAV,Telephone Field,recover-20221013,001,1795
1244.3365,1244.3747,68437,82536,Rhinolophus ferrumequinum,0.021,0.021,-1,Echolocation,/mnt/ubna_data_02_mir/recover-20221013/UBNA_001/20221012_030000.WAV,Telephone Field,recover-20221013,001,1795
1244.3695,1244.4058,68437,81190,Rhinolophus ferrumequinum,0.023,0.023,-1,Echolocation,/mnt/ubna_data_02_mir/recover-20221013/UBNA_001/20221012_030000.WAV,Telephone Field,recover-20221013,001,1795
1244.3765,1244.4119,68437,81490,Rhinolophus ferrumequinum,0.023,0.023,-1,Echolocation,/mnt/ubna_data_02_mir/recover-20221013/UBNA_001/20221012_030000.WAV,Telephone Field,recover-20221013,001,1795
1244.3945,1244.4027,22890,30782,Plecotus austriacus,0.009,0.02,-1,Echolocation,/mnt/ubna_data_02_mir/recover-20221013/UBNA_001/20221012_030000.WAV,Telephone Field,recover-20221013,001,1795
1244.4045,1244.4435,68437,82408,Rhinolophus ferrumequinum,0.022,0.022,-1,Echolocation,/mnt/ubna_data_02_mir/recover-20221013/UBNA_001/20221012_030000.WAV,Telephone Field,recover-20221013,001,1795
1244.4325,1244.4472,57265,62522,Pipistrellus pygmaeus,0.025,0.026,-1,Echolocation,/mnt/ubna_data_02_mir/recover-20221013/UBNA_001/20221012_030000.WAV,Telephone Field,recover-20221013,001,1795
1244.5345,1244.5747,68437,82233,Rhinolophus ferrumequinum,0.034,0.034,-1,Echolocation,/mnt/ubna_data_02_mir/recover-20221013/UBNA_001/20221012_030000.WAV,Telephone Field,recover-20221013,001,1795
1244.5405,1244.5495,28906,36617,Eptesicus serotinus,0.007,0.021,-1,Echolocation,/mnt/ubna_data_02_mir/recover-20221013/UBNA_001/20221012_030000.WAV,Telephone Field,recover-20221013,001,1795
1244.5425,1244.5823,68437,82342,Rhinolophus ferrumequinum,0.026,0.026,-1,Echolocation,/mnt/ubna_data_02_mir/recover-20221013/UBNA_001/20221012_030000.WAV,Telephone Field,recover-20221013,001,1795
1244.5485,1244.591,68437,83165,Rhinolophus ferrumequinum,0.025,0.025,-1,Echolocation,/mnt/ubna_data_02_mir/recover-20221013/UBNA_001/20221012_030000.WAV,Telephone Field,recover-20221013,001,1795
1244.5625,1244.5718,27187,35137,Eptesicus serotinus,0.01,0.022,-1,Echolocation,/mnt/ubna_data_02_mir/recover-20221013/UBNA_001/20221012_030000.WAV,Telephone Field,recover-20221013,001,1795
1244.5965,1244.6076,29765,37166,Eptesicus serotinus,0.015,0.029,-1,Echolocation,/mnt/ubna_data_02_mir/recover-20221013/UBNA_001/20221012_030000.WAV,Telephone Field,recover-20221013,001,1795
1244.6275,1244.6632,68437,81517,Rhinolophus ferrumequinum,0.021,0.021,-1,Echolocation,/mnt/ubna_data_02_mir/recover-20221013/UBNA_001/20221012_030000.WAV,Telephone Field,recover-20221013,001,1795
1244.6575,1244.6681,28046,35979,Eptesicus serotinus,0.01,0.022,-1,Echolocation,/mnt/ubna_data_02_mir/recover-20221013/UBNA_001/20221012_030000.WAV,Telephone Field,recover-20221013,001,1795
1244.6735,1244.7091,68437,81052,Rhinolophus ferrumequinum,0.02,0.02,-1,Echolocation,/mnt/ubna_data_02_mir/recover-20221013/UBNA_001/20221012_030000.WAV,Telephone Field,recover-20221013,001,1795
1244.6835,1244.72,68437,81736,Rhinolophus ferrumequinum,0.024,0.024,-1,Echolocation,/mnt/ubna_data_02_mir/recover-20221013/UBNA_001/20221012_030000.WAV,Telephone Field,recover-20221013,001,1795
1244.6925,1244.7095,20312,23558,Nyctalus leisleri,0.011,0.022,-1,Echolocation,/mnt/ubna_data_02_mir/recover-20221013/UBNA_001/20221012_030000.WAV,Telephone Field,recover-20221013,001,1795
1244.6945,1244.7328,68437,81732,Rhinolophus ferrumequinum,0.021,0.022,-1,Echolocation,/mnt/ubna_data_02_mir/recover-20221013/UBNA_001/20221012_030000.WAV,Telephone Field,recover-20221013,001,1795
1244.7055,1244.7202,22890,26890,Nyctalus leisleri,0.022,0.036,-1,Echolocation,/mnt/ubna_data_02_mir/recover-20221013/UBNA_001/20221012_030000.WAV,Telephone Field,recover-20221013,001,1795
1244.7095,1244.7157,48671,53828,Pipistrellus pipistrellus,0.02,0.021,-1,Echolocation,/mnt/ubna_data_02_mir/recover-20221013/UBNA_001/20221012_030000.WAV,Telephone Field,recover-20221013,001,1795
1244.7525,1244.7598,28046,39837,Eptesicus serotinus,0.007,0.022,-1,Echolocation,/mnt/ubna_data_02_mir/recover-20221013/UBNA_001/20221012_030000.WAV,Telephone Field,recover-20221013,001,1795
1244.7795,1244.7883,27187,39038,Eptesicus serotinus,0.009,0.022,-1,Echolocation,/mnt/ubna_data_02_mir/recover-20221013/UBNA_001/20221012_030000.WAV,Telephone Field,recover-20221013,001,1795
1244.8125,1244.8532,68437,82462,Rhinolophus ferrumequinum,0.033,0.033,-1,Echolocation,/mnt/ubna_data_02_mir/recover-20221013/UBNA_001/20221012_030000.WAV,Telephone Field,recover-20221013,001,1795
1244.8555,1244.8917,68437,81371,Rhinolophus ferrumequinum,0.022,0.022,-1,Echolocation,/mnt/ubna_data_02_mir/recover-20221013/UBNA_001/20221012_030000.WAV,Telephone Field,recover-20221013,001,1795
1244.8835,1244.8941,28046,35758,Eptesicus serotinus,0.011,0.022,-1,Echolocation,/mnt/ubna_data_02_mir/recover-20221013/UBNA_001/20221012_030000.WAV,Telephone Field,recover-20221013,001,1795
1244.9125,1244.9208,23750,31272,Plecotus austriacus,0.009,0.026,-1,Echolocation,/mnt/ubna_data_02_mir/recover-20221013/UBNA_001/20221012_030000.WAV,Telephone Field,recover-20221013,001,1795
1244.9155,1244.9532,68437,81851,Rhinolophus ferrumequinum,0.021,0.021,-1,Echolocation,/mnt/ubna_data_02_mir/recover-20221013/UBNA_001/20221012_030000.WAV,Telephone Field,recover-20221013,001,1795
1244.9235,1244.9591,68437,80855,Rhinolophus ferrumequinum,0.02,0.021,-1,Echolocation,/mnt/ubna_data_02_mir/recover-20221013/UBNA_001/20221012_030000.WAV,Telephone Field,recover-20221013,001,1795
1244.9305,1244.9674,68437,81561,Rhinolophus ferrumequinum,0.021,0.022,-1,Echolocation,/mnt/ubna_data_02_mir/recover-20221013/UBNA_001/20221012_030000.WAV,Telephone Field,recover-20221013,001,1795
1244.9625,1245.0002,68437,82328,Rhinolophus ferrumequinum,0.026,0.026,-1,Echolocation,/mnt/ubna_data_02_mir/recover-20221013/UBNA_001/20221012_030000.WAV,Telephone Field,recover-20221013,001,1795
1244.9955,1245.0029,27187,40086,Eptesicus serotinus,0.009,0.026,-1,Echolocation,/mnt/ubna_data_02_mir/recover-20221013/UBNA_001/20221012_030000.WAV,Telephone Field,recover-20221013,001,1795
1245.0345,1245.0714,68437,81958,Rhinolophus ferrumequinum,0.021,0.021,-1,Echolocation,/mnt/ubna_data_02_mir/recover-20221013/UBNA_001/20221012_030000.WAV,Telephone Field,recover-20221013,001,1795
1245.0445,1245.0528,28046,38270,Eptesicus serotinus,0.037,0.061,-1,Echolocation,/mnt/ubna_data_02_mir/recover-20221013/UBNA_001/20221012_030000.WAV,Telephone Field,recover-20221013,001,1795
1245.0645,1245.1041,68437,81519,Rhinolophus ferrumequinum,0.023,0.023,-1,Echolocation,/mnt/ubna_data_02_mir/recover-20221013/UBNA_001/20221012_030000.WAV,Telephone Field,recover-20221013,001,1795
1245.0875,1245.0969,26328,33936,Eptesicus serotinus,0.01,0.023,-1,Echolocation,/mnt/ubna_data_02_mir/recover-20221013/UBNA_001/20221012_030000.WAV,Telephone Field,recover-20221013,001,1795
1245.0995,1245.1082,28046,37759,Eptesicus serotinus,0.007,0.02,-1,Echolocation,/mnt/ubna_data_02_mir/recover-20221013/UBNA_001/20221012_030000.WAV,Telephone Field,recover-20221013,001,1795
1245.0995,1245.1097,35781,40719,Barbastellus barbastellus,0.007,0.024,-1,Echolocation,/mnt/ubna_data_02_mir/recover-20221013/UBNA_001/20221012_030000.WAV,Telephone Field,recover-20221013,001,1795
1245.1215,1245.1579,68437,82355,Rhinolophus ferrumequinum,0.02,0.02,-1,Echolocation,/mnt/ubna_data_02_mir/recover-20221013/UBNA_001/20221012_030000.WAV,Telephone Field,recover-20221013,001,1795
1245.1315,1245.1733,68437,82692,Rhinolophus ferrumequinum,0.022,0.022,-1,Echolocation,/mnt/ubna_data_02_mir/recover-20221013/UBNA_001/20221012_030000.WAV,Telephone Field,recover-20221013,001,1795
1245.1555,1245.1936,68437,82277,Rhinolophus ferrumequinum,0.021,0.021,-1,Echolocation,/mnt/ubna_data_02_mir/recover-20221013/UBNA_001/20221012_030000.WAV,Telephone Field,recover-20221013,001,1795
1245.1815,1245.2172,68437,81473,Rhinolophus ferrumequinum,0.02,0.02,-1,Echolocation,/mnt/ubna_data_02_mir/recover-20221013/UBNA_001/20221012_030000.WAV,Telephone Field,recover-20221013,001,1795
1245.1955,1245.2298,68437,80462,Rhinolophus ferrumequinum,0.02,0.02,-1,Echolocation,/mnt/ubna_data_02_mir/recover-20221013/UBNA_001/20221012_030000.WAV,Telephone Field,recover-20221013,001,1795
1245.1985,1245.2061,28046,38972,Eptesicus serotinus,0.007,0.02,-1,Echolocation,/mnt/ubna_data_02_mir/recover-20221013/UBNA_001/20221012_030000.WAV,Telephone Field,recover-20221013,001,1795
1245.2025,1245.2415,68437,81919,Rhinolophus ferrumequinum,0.021,0.021,-1,Echolocation,/mnt/ubna_data_02_mir/recover-20221013/UBNA_001/20221012_030000.WAV,Telephone Field,recover-20221013,001,1795
1245.2585,1245.2676,24609,32294,Nyctalus leisleri,0.007,0.022,-1,Echolocation,/mnt/ubna_data_02_mir/recover-20221013/UBNA_001/20221012_030000.WAV,Telephone Field,recover-20221013,001,1795
1245.2715,1245.3081,68437,82284,Rhinolophus ferrumequinum,0.022,0.022,-1,Echolocation,/mnt/ubna_data_02_mir/recover-20221013/UBNA_001/20221012_030000.WAV,Telephone Field,recover-20221013,001,1795
1245.2855,1245.3263,68437,82796,Rhinolophus ferrumequinum,0.022,0.022,-1,Echolocation,/mnt/ubna_data_02_mir/recover-20221013/UBNA_001/20221012_030000.WAV,Telephone Field,recover-20221013,001,1795
1245.2975,1245.3375,68437,82282,Rhinolophus ferrumequinum,0.021,0.021,-1,Echolocation,/mnt/ubna_data_02_mir/recover-20221013/UBNA_001/20221012_030000.WAV,Telephone Field,recover-20221013,001,1795
1245.3405,1245.3801,68437,81694,Rhinolophus ferrumequinum,0.022,0.022,-1,Echolocation,/mnt/ubna_data_02_mir/recover-20221013/UBNA_001/20221012_030000.WAV,Telephone Field,recover-20221013,001,1795
1245.3545,1245.3913,68437,81423,Rhinolophus ferrumequinum,0.02,0.02,-1,Echolocation,/mnt/ubna_data_02_mir/recover-20221013/UBNA_001/20221012_030000.WAV,Telephone Field,recover-20221013,001,1795
1245.4475,1245.4831,68437,81095,Rhinolophus ferrumequinum,0.024,0.024,-1,Echolocation,/mnt/ubna_data_02_mir/recover-20221013/UBNA_001/20221012_030000.WAV,Telephone Field,recover-20221013,001,1795
1245.4635,1245.5042,68437,82250,Rhinolophus ferrumequinum,0.025,0.025,-1,Echolocation,/mnt/ubna_data_02_mir/recover-20221013/UBNA_001/20221012_030000.WAV,Telephone Field,recover-20221013,001,1795
1245.4715,1245.5101,68437,81868,Rhinolophus ferrumequinum,0.021,0.021,-1,Echolocation,/mnt/ubna_data_02_mir/recover-20221013/UBNA_001/20221012_030000.WAV,Telephone Field,recover-20221013,001,1795
1245.4735,1245.4839,28906,35658,Eptesicus serotinus,0.009,0.021,-1,Echolocation,/mnt/ubna_data_02_mir/recover-20221013/UBNA_001/20221012_030000.WAV,Telephone Field,recover-20221013,001,1795
1245.5055,1245.5437,68437,81167,Rhinolophus ferrumequinum,0.022,0.022,-1,Echolocation,/mnt/ubna_data_02_mir/recover-20221013/UBNA_001/20221012_030000.WAV,Telephone Field,recover-20221013,001,1795
1245.5205,1245.5279,28046,44308,Eptesicus serotinus,0.01,0.029,-1,Echolocation,/mnt/ubna_data_02_mir/recover-20221013/UBNA_001/20221012_030000.WAV,Telephone Field,recover-20221013,001,1795
1245.5645,1245.6027,68437,81986,Rhinolophus ferrumequinum,0.023,0.023,-1,Echolocation,/mnt/ubna_data_02_mir/recover-20221013/UBNA_001/20221012_030000.WAV,Telephone Field,recover-20221013,001,1795
1245.5705,1245.5813,23750,29686,Nyctalus leisleri,0.012,0.027,-1,Echolocation,/mnt/ubna_data_02_mir/recover-20221013/UBNA_001/20221012_030000.WAV,Telephone Field,recover-20221013,001,1795
1245.5775,1245.6173,68437,82121,Rhinolophus ferrumequinum,0.026,0.026,-1,Echolocation,/mnt/ubna_data_02_mir/recover-20221013/UBNA_001/20221012_030000.WAV,Telephone Field,recover-20221013,001,1795
1245.5895,1245.6004,28906,37771,Eptesicus serotinus,0.014,0.026,-1,Echolocation,/mnt/ubna_data_02_mir/recover-20221013/UBNA_001/20221012_030000.WAV,Telephone Field,recover-20221013,001,1795
1245.6425,1245.6513,28906,40080,Eptesicus serotinus,0.009,0.026,-1,Echolocation,/mnt/ubna_data_02_mir/recover-20221013/UBNA_001/20221012_030000.WAV,Telephone Field,recover-20221013,001,1795
1245.6655,1245.7038,68437,82087,Rhinolophus ferrumequinum,0.021,0.021,-1,Echolocation,/mnt/ubna_data_02_mir/recover-20221013/UBNA_001/20221012_030000.WAV,Telephone Field,recover-20221013,001,1795
1245.6905,1245.7344,68437,82877,Rhinolophus ferrumequinum,0.029,0.029,-1,Echolocation,/mnt/ubna_data_02_mir/recover-20221013/UBNA_001/20221012_030000.WAV,Telephone Field,recover-20221013,001,1795
1245.6955,1245.7032,29765,37979,Eptesicus serotinus,0.009,0.025,-1,Echolocation,/mnt/ubna_data_02_mir/recover-20221013/UBNA_001/20221012_030000.WAV,Telephone Field,recover-20221013,001,1795
1245.7245,1245.7604,68437,80916,Rhinolophus ferrumequinum,0.024,0.025,-1,Echolocation,/mnt/ubna_data_02_mir/recover-20221013/UBNA_001/20221012_030000.WAV,Telephone Field,recover-20221013,001,1795
1245.7435,1245.7529,46093,50546,Pipistrellus pipistrellus,0.019,0.021,-1,Echolocation,/mnt/ubna_data_02_mir/recover-20221013/UBNA_001/20221012_030000.WAV,Telephone Field,recover-20221013,001,1795
1245.7675,1245.7774,22031,28410,Plecotus austriacus,0.012,0.035,-1,Echolocation,/mnt/ubna_data_02_mir/recover-20221013/UBNA_001/20221012_030000.WAV,Telephone Field,recover-20221013,001,1795
1245.7945,1245.8036,30625,38118,Eptesicus serotinus,0.006,0.022,-1,Echolocation,/mnt/ubna_data_02_mir/recover-20221013/UBNA_001/20221012_030000.WAV,Telephone Field,recover-20221013,001,1795
1245.7975,1245.8311,68437,80648,Rhinolophus ferrumequinum,0.021,0.021,-1,Echolocation,/mnt/ubna_data_02_mir/recover-20221013/UBNA_001/20221012_030000.WAV,Telephone Field,recover-20221013,001,1795
1245.8365,1245.8744,68437,81567,Rhinolophus ferrumequinum,0.023,0.023,-1,Echolocation,/mnt/ubna_data_02_mir/recover-20221013/UBNA_001/20221012_030000.WAV,Telephone Field,recover-20221013,001,1795
1245.8945,1245.9356,68437,82790,Rhinolophus ferrumequinum,0.031,0.031,-1,Echolocation,/mnt/ubna_data_02_mir/recover-20221013/UBNA_001/20221012_030000.WAV,Telephone Field,recover-20221013,001,1795
1245.9535,1245.991,68437,81349,Rhinolophus ferrumequinum,0.022,0.022,-1,Echolocation,/mnt/ubna_data_02_mir/recover-20221013/UBNA_001/20221012_030000.WAV,Telephone Field,recover-20221013,001,1795
1245.9535,1245.9633,22890,28295,Nyctalus leisleri,0.009,0.021,-1,Echolocation,/mnt/ubna_data_02_mir/recover-20221013/UBNA_001/20221012_030000.WAV,Telephone Field,recover-20221013,001,1795
1245.9605,1245.9684,24609,32857,Plecotus austriacus,0.006,0.02,-1,Echolocation,/mnt/ubna_data_02_mir/recover-20221013/UBNA_001/20221012_030000.WAV,Telephone Field,recover-20221013,001,1795
1246.0015,1246.0336,69296,82401,Rhinolophus ferrumequinum,0.029,0.029,-1,Echolocation,/mnt/ubna_data_02_mir/recover-20221013/UBNA_001/20221012_030000.WAV,Telephone Field,recover-20221013,001,1795
1246.0015,1246.0096,26328,37737,Eptesicus serotinus,0.007,0.029,-1,Echolocation,/mnt/ubna_data_02_mir/recover-20221013/UBNA_001/20221012_030000.WAV,Telephone Field,recover-20221013,001,1795
1246.0015,1246.0089,48671,53279,Pipistrellus pipistrellus,0.032,0.043,-1,Echolocation,/mnt/ubna_data_02_mir/recover-20221013/UBNA_001/20221012_030000.WAV,Telephone Field,recover-20221013,001,1795
1246.0205,1246.0291,29765,40413,Eptesicus serotinus,0.007,0.023,-1,Echolocation,/mnt/ubna_data_02_mir/recover-20221013/UBNA_001/20221012_030000.WAV,Telephone Field,recover-20221013,001,1795
1246.0225,1246.0697,68437,83707,Rhinolophus ferrumequinum,0.037,0.037,-1,Echolocation,/mnt/ubna_data_02_mir/recover-20221013/UBNA_001/20221012_030000.WAV,Telephone Field,recover-20221013,001,1795
1246.0435,1246.0859,68437,83255,Rhinolophus ferrumequinum,0.026,0.026,-1,Echolocation,/mnt/ubna_data_02_mir/recover-20221013/UBNA_001/20221012_030000.WAV,Telephone Field,recover-20221013,001,1795
1246.0825,1246.0904,28046,38079,Eptesicus serotinus,0.007,0.022,-1,Echolocation,/mnt/ubna_data_02_mir/recover-20221013/UBNA_001/20221012_030000.WAV,Telephone Field,recover-20221013,001,1795
1246.1245,1246.1623,68437,81582,Rhinolophus ferrumequinum,0.029,0.029,-1,Echolocation,/mnt/ubna_data_02_mir/recover-20221013/UBNA_001/20221012_030000.WAV,Telephone Field,recover-20221013,001,1795
1246.1685,1246.1788,28046,36391,Eptesicus serotinus,0.01,0.022,-1,Echolocation,/mnt/ubna_data_02_mir/recover-20221013/UBNA_001/20221012_030000.WAV,Telephone Field,recover-20221013,001,1795
1246.1985,1246.2407,68437,82723,Rhinolophus ferrumequinum,0.022,0.022,-1,Echolocation,/mnt/ubna_data_02_mir/recover-20221013/UBNA_001/20221012_030000.WAV,Telephone Field,recover-20221013,001,1795
1246.2095,1246.248,68437,82070,Rhinolophus ferrumequinum,0.022,0.022,-1,Echolocation,/mnt/ubna_data_02_mir/recover-20221013/UBNA_001/20221012_030000.WAV,Telephone Field,recover-20221013,001,1795
1246.2215,1246.2621,68437,82234,Rhinolophus ferrumequinum,0.026,0.026,-1,Echolocation,/mnt/ubna_data_02_mir/recover-20221013/UBNA_001/20221012_030000.WAV,Telephone Field,recover-20221013,001,1795
1246.2385,1246.2757,68437,81861,Rhinolophus ferrumequinum,0.021,0.021,-1,Echolocation,/mnt/ubna_data_02_mir/recover-20221013/UBNA_001/20221012_030000.WAV,Telephone Field,recover-20221013,001,1795
1246.2555,1246.2638,28906,39043,Eptesicus serotinus,0.008,0.022,-1,Echolocation,/mnt/ubna_data_02_mir/recover-20221013/UBNA_001/20221012_030000.WAV,Telephone Field,recover-20221013,001,1795
1246.2765,1246.3145,68437,82379,Rhinolophus ferrumequinum,0.023,0.023,-1,Echolocation,/mnt/ubna_data_02_mir/recover-20221013/UBNA_001/20221012_030000.WAV,Telephone Field,recover-20221013,001,1795
1246.3105,1246.347,68437,80866,Rhinolophus ferrumequinum,0.02,0.021,-1,Echolocation,/mnt/ubna_data_02_mir/recover-20221013/UBNA_001/20221012_030000.WAV,Telephone Field,recover-20221013,001,1795
1246.3315,1246.3732,68437,82013,Rhinolophus ferrumequinum,0.023,0.023,-1,Echolocation,/mnt/ubna_data_02_mir/recover-20221013/UBNA_001/20221012_030000.WAV,Telephone Field,recover-20221013,001,1795
1246.3565,1246.397,68437,82373,Rhinolophus ferrumequinum,0.022,0.022,-1,Echolocation,/mnt/ubna_data_02_mir/recover-20221013/UBNA_001/20221012_030000.WAV,Telephone Field,recover-20221013,001,1795
1246.3765,1246.3871,25468,33009,Eptesicus serotinus,0.011,0.023,-1,Echolocation,/mnt/ubna_data_02_mir/recover-20221013/UBNA_001/20221012_030000.WAV,Telephone Field,recover-20221013,001,1795
1246.3945,1246.4362,68437,82646,Rhinolophus ferrumequinum,0.027,0.027,-1,Echolocation,/mnt/ubna_data_02_mir/recover-20221013/UBNA_001/20221012_030000.WAV,Telephone Field,recover-20221013,001,1795
1246.4425,1246.4526,28046,35798,Eptesicus serotinus,0.01,0.023,-1,Echolocation,/mnt/ubna_data_02_mir/recover-20221013/UBNA_001/20221012_030000.WAV,Telephone Field,recover-20221013,001,1795
1246.4625,1246.498,68437,80796,Rhinolophus ferrumequinum,0.021,0.021,-1,Echolocation,/mnt/ubna_data_02_mir/recover-20221013/UBNA_001/20221012_030000.WAV,Telephone Field,recover-20221013,001,1795
1246.4955,1246.5303,68437,81077,Rhinolophus ferrumequinum,0.024,0.024,-1,Echolocation,/mnt/ubna_data_02_mir/recover-20221013/UBNA_001/20221012_030000.WAV,Telephone Field,recover-20221013,001,1795
1246.5015,1246.5375,68437,81897,Rhinolophus ferrumequinum,0.021,0.021,-1,Echolocation,/mnt/ubna_data_02_mir/recover-20221013/UBNA_001/20221012_030000.WAV,Telephone Field,recover-20221013,001,1795
1246.5275,1246.5673,68437,82224,Rhinolophus ferrumequinum,0.022,0.022,-1,Echolocation,/mnt/ubna_data_02_mir/recover-20221013/UBNA_001/20221012_030000.WAV,Telephone Field,recover-20221013,001,1795
1246.5355,1246.5724,68437,81554,Rhinolophus ferrumequinum,0.024,0.024,-1,Echolocation,/mnt/ubna_data_02_mir/recover-20221013/UBNA_001/20221012_030000.WAV,Telephone Field,recover-20221013,001,1795
1246.5595,1246.6019000000001,68437,82283,Rhinolophus ferrumequinum,0.026,0.026,-1,Echolocation,/mnt/ubna_data_02_mir/recover-20221013/UBNA_001/20221012_030000.WAV,Telephone Field,recover-20221013,001,1795
1246.5985,1246.6386,68437,82224,Rhinolophus ferrumequinum,0.031,0.031,-1,Echolocation,/mnt/ubna_data_02_mir/recover-20221013/UBNA_001/20221012_030000.WAV,Telephone Field,recover-20221013,001,1795
1246.6205,1246.6334,22031,25765,Nyctalus leisleri,0.013,0.021,-1,Echolocation,/mnt/ubna_data_02_mir/recover-20221013/UBNA_001/20221012_030000.WAV,Telephone Field,recover-20221013,001,1795
1246.6355,1246.6752,68437,82291,Rhinolophus ferrumequinum,0.026,0.026,-1,Echolocation,/mnt/ubna_data_02_mir/recover-20221013/UBNA_001/20221012_030000.WAV,Telephone Field,recover-20221013,001,1795
1246.6625,1246.7016,68437,81567,Rhinolophus ferrumequinum,0.034,0.034,-1,Echolocation,/mnt/ubna_data_02_mir/recover-20221013/UBNA_001/20221012_030000.WAV,Telephone Field,recover-20221013,001,1795
1246.6975,1246.736,68437,82072,Rhinolophus ferrumequinum,0.022,0.022,-1,Echolocation,/mnt/ubna_data_02_mir/recover-20221013/UBNA_001/20221012_030000.WAV,Telephone Field,recover-20221013,001,1795
1246.7035,1246.714,25468,31433,Eptesicus serotinus,0.009,0.024,-1,Echolocation,/mnt/ubna_data_02_mir/recover-20221013/UBNA_001/20221012_030000.WAV,Telephone Field,recover-20221013,001,1795
1246.7125,1246.7514,68437,82359,Rhinolophus ferrumequinum,0.021,0.021,-1,Echolocation,/mnt/ubna_data_02_mir/recover-20221013/UBNA_001/20221012_030000.WAV,Telephone Field,recover-20221013,001,1795
1246.7695,1246.8087,68437,82990,Rhinolophus ferrumequinum,0.023,0.023,-1,Echolocation,/mnt/ubna_data_02_mir/recover-20221013/UBNA_001/20221012_030000.WAV,Telephone Field,recover-20221013,001,1795
1246.7775,1246.7861,28046,37644,Eptesicus serotinus,0.007,0.02,-1,Echolocation,/mnt/ubna_data_02_mir/recover-20221013/UBNA_001/20221012_030000.WAV,Telephone Field,recover-20221013,001,1795
1246.7845,1246.818,68437,81529,Rhinolophus ferrumequinum,0.032,0.032,-1,Echolocation,/mnt/ubna_data_02_mir/recover-20221013/UBNA_001/20221012_030000.WAV,Telephone Field,recover-20221013,001,1795
1246.8115,1246.851,68437,81899,Rhinolophus ferrumequinum,0.022,0.022,-1,Echolocation,/mnt/ubna_data_02_mir/recover-20221013/UBNA_001/20221012_030000.WAV,Telephone Field,recover-20221013,001,1795
1246.8155,1246.8236,27187,36339,Eptesicus serotinus,0.008,0.026,-1,Echolocation,/mnt/ubna_data_02_mir/recover-20221013/UBNA_001/20221012_030000.WAV,Telephone Field,recover-20221013,001,1795
1246.8365,1246.8512,22031,25567,Nyctalus leisleri,0.015,0.025,-1,Echolocation,/mnt/ubna_data_02_mir/recover-20221013/UBNA_001/20221012_030000.WAV,Telephone Field,recover-20221013,001,1795
1246.8395,1246.8806,68437,82651,Rhinolophus ferrumequinum,0.024,0.025,-1,Echolocation,/mnt/ubna_data_02_mir/recover-20221013/UBNA_001/20221012_030000.WAV,Telephone Field,recover-20221013,001,1795
1246.8625,1246.8721,27187,35274,Eptesicus serotinus,0.013,0.026,-1,Echolocation,/mnt/ubna_data_02_mir/recover-20221013/UBNA_001/20221012_030000.WAV,Telephone Field,recover-20221013,001,1795
1246.8745,1246.9123,68437,82171,Rhinolophus ferrumequinum,0.021,0.021,-1,Echolocation,/mnt/ubna_data_02_mir/recover-20221013/UBNA_001/20221012_030000.WAV,Telephone Field,recover-20221013,001,1795
1246.8845,1246.9221,68437,81592,Rhinolophus ferrumequinum,0.021,0.021,-1,Echolocation,/mnt/ubna_data_02_mir/recover-20221013/UBNA_001/20221012_030000.WAV,Telephone Field,recover-20221013,001,1795
1246.8885,1246.8961,28046,40279,Eptesicus serotinus,0.008,0.026,-1,Echolocation,/mnt/ubna_data_02_mir/recover-20221013/UBNA_001/20221012_030000.WAV,Telephone Field,recover-20221013,001,1795
1246.8975,1246.9376,68437,82268,Rhinolophus ferrumequinum,0.022,0.022,-1,Echolocation,/mnt/ubna_data_02_mir/recover-20221013/UBNA_001/20221012_030000.WAV,Telephone Field,recover-20221013,001,1795
1246.9275,1246.9671,68437,82743,Rhinolophus ferrumequinum,0.025,0.025,-1,Echolocation,/mnt/ubna_data_02_mir/recover-20221013/UBNA_001/20221012_030000.WAV,Telephone Field,recover-20221013,001,1795
1246.9885,1247.028,68437,81935,Rhinolophus ferrumequinum,0.021,0.021,-1,Echolocation,/mnt/ubna_data_02_mir/recover-20221013/UBNA_001/20221012_030000.WAV,Telephone Field,recover-20221013,001,1795
1246.9975,1247.0358,68437,82195,Rhinolophus ferrumequinum,0.022,0.022,-1,Echolocation,/mnt/ubna_data_02_mir/recover-20221013/UBNA_001/20221012_030000.WAV,Telephone Field,recover-20221013,001,1795
1247.0045,1247.0141,55546,60909,Pipistrellus pygmaeus,0.021,0.022,-1,Echolocation,/mnt/ubna_data_02_mir/recover-20221013/UBNA_001/20221012_030000.WAV,Telephone Field,recover-20221013,001,1795
1247.0155,1247.0555,68437,82754,Rhinolophus ferrumequinum,0.027,0.027,-1,Echolocation,/mnt/ubna_data_02_mir/recover-20221013/UBNA_001/20221012_030000.WAV,Telephone Field,recover-20221013,001,1795
1247.0515,1247.0933,68437,82722,Rhinolophus ferrumequinum,0.023,0.023,-1,Echolocation,/mnt/ubna_data_02_mir/recover-20221013/UBNA_001/20221012_030000.WAV,Telephone Field,recover-20221013,001,1795
1247.0855,1247.0948,28046,37444,Eptesicus serotinus,0.009,0.024,-1,Echolocation,/mnt/ubna_data_02_mir/recover-20221013/UBNA_001/20221012_030000.WAV,Telephone Field,recover-20221013,001,1795
1247.0915,1247.1283,68437,81820,Rhinolophus ferrumequinum,0.024,0.024,-1,Echolocation,/mnt/ubna_data_02_mir/recover-20221013/UBNA_001/20221012_030000.WAV,Telephone Field,recover-20221013,001,1795
1247.0985,1247.1372,68437,81862,Rhinolophus ferrumequinum,0.023,0.023,-1,Echolocation,/mnt/ubna_data_02_mir/recover-20221013/UBNA_001/20221012_030000.WAV,Telephone Field,recover-20221013,001,1795
1247.1255,1247.1373,23750,29319,Nyctalus leisleri,0.013,0.029,-1,Echolocation,/mnt/ubna_data_02_mir/recover-20221013/UBNA_001/20221012_030000.WAV,Telephone Field,recover-20221013,001,1795
1247.1345,1247.1453,23750,29026,Nyctalus leisleri,0.014,0.028,-1,Echolocation,/mnt/ubna_data_02_mir/recover-20221013/UBNA_001/20221012_030000.WAV,Telephone Field,recover-20221013,001,1795
1247.1495,1247.1898,68437,82198,Rhinolophus ferrumequinum,0.021,0.021,-1,Echolocation,/mnt/ubna_data_02_mir/recover-20221013/UBNA_001/20221012_030000.WAV,Telephone Field,recover-20221013,001,1795
1247.1705,1247.2133,68437,83103,Rhinolophus ferrumequinum,0.043,0.043,-1,Echolocation,/mnt/ubna_data_02_mir/recover-20221013/UBNA_001/20221012_030000.WAV,Telephone Field,recover-20221013,001,1795
1247.1735,1247.1842,23750,30032,Nyctalus leisleri,0.009,0.023,-1,Echolocation,/mnt/ubna_data_02_mir/recover-20221013/UBNA_001/20221012_030000.WAV,Telephone Field,recover-20221013,001,1795
1247.1835,1247.22,68437,81138,Rhinolophus ferrumequinum,0.021,0.022,-1,Echolocation,/mnt/ubna_data_02_mir/recover-20221013/UBNA_001/20221012_030000.WAV,Telephone Field,recover-20221013,001,1795
1247.2035,1247.2115,28046,40310,Eptesicus serotinus,0.007,0.021,-1,Echolocation,/mnt/ubna_data_02_mir/recover-20221013/UBNA_001/20221012_030000.WAV,Telephone Field,recover-20221013,001,1795
1247.2215,1247.2327,22890,28070,Nyctalus leisleri,0.016,0.032,-1,Echolocation,/mnt/ubna_data_02_mir/recover-20221013/UBNA_001/20221012_030000.WAV,Telephone Field,recover-20221013,001,1795
1247.2215,1247.2277,35781,44716,Myotis daubentonii,0.008,0.021,-1,Echolocation,/mnt/ubna_data_02_mir/recover-20221013/UBNA_001/20221012_030000.WAV,Telephone Field,recover-20221013,001,1795
1247.2235,1247.2614,68437,81969,Rhinolophus ferrumequinum,0.022,0.022,-1,Echolocation,/mnt/ubna_data_02_mir/recover-20221013/UBNA_001/20221012_030000.WAV,Telephone Field,recover-20221013,001,1795
1247.2635,1247.2721,24609,32354,Eptesicus serotinus,0.006,0.021,-1,Echolocation,/mnt/ubna_data_02_mir/recover-20221013/UBNA_001/20221012_030000.WAV,Telephone Field,recover-20221013,001,1795
1247.2735,1247.3106,68437,81452,Rhinolophus ferrumequinum,0.023,0.023,-1,Echolocation,/mnt/ubna_data_02_mir/recover-20221013/UBNA_001/20221012_030000.WAV,Telephone Field,recover-20221013,001,1795
1247.2745,1247.2827,22890,30355,Plecotus austriacus,0.009,0.023,-1,Echolocation,/mnt/ubna_data_02_mir/recover-20221013/UBNA_001/20221012_030000.WAV,Telephone Field,recover-20221013,001,1795
1247.2935,1247.3007,28046,38510,Eptesicus serotinus,0.006,0.022,-1,Echolocation,/mnt/ubna_data_02_mir/recover-20221013/UBNA_001/20221012_030000.WAV,Telephone Field,recover-20221013,001,1795
1247.2955,1247.3412,68437,83664,Rhinolophus ferrumequinum,0.071,0.071,-1,Echolocation,/mnt/ubna_data_02_mir/recover-20221013/UBNA_001/20221012_030000.WAV,Telephone Field,recover-20221013,001,1795
1247.3125,1247.3264,22890,26916,Nyctalus leisleri,0.012,0.022,-1,Echolocation,/mnt/ubna_data_02_mir/recover-20221013/UBNA_001/20221012_030000.WAV,Telephone Field,recover-20221013,001,1795
1247.3205,1247.3576,68437,81808,Rhinolophus ferrumequinum,0.021,0.021,-1,Echolocation,/mnt/ubna_data_02_mir/recover-20221013/UBNA_001/20221012_030000.WAV,Telephone Field,recover-20221013,001,1795
1247.3555,1247.3938,68437,81974,Rhinolophus ferrumequinum,0.021,0.021,-1,Echolocation,/mnt/ubna_data_02_mir/recover-20221013/UBNA_001/20221012_030000.WAV,Telephone Field,recover-20221013,001,1795
1247.3725,1247.4128,68437,82718,Rhinolophus ferrumequinum,0.021,0.021,-1,Echolocation,/mnt/ubna_data_02_mir/recover-20221013/UBNA_001/20221012_030000.WAV,Telephone Field,recover-20221013,001,1795
1247.3985,1247.4346,68437,81758,Rhinolophus ferrumequinum,0.021,0.022,-1,Echolocation,/mnt/ubna_data_02_mir/recover-20221013/UBNA_001/20221012_030000.WAV,Telephone Field,recover-20221013,001,1795
1247.4285,1247.4702,68437,83150,Rhinolophus ferrumequinum,0.044,0.044,-1,Echolocation,/mnt/ubna_data_02_mir/recover-20221013/UBNA_001/20221012_030000.WAV,Telephone Field,recover-20221013,001,1795
1247.4445,1247.4861,68437,83142,Rhinolophus ferrumequinum,0.021,0.021,-1,Echolocation,/mnt/ubna_data_02_mir/recover-20221013/UBNA_001/20221012_030000.WAV,Telephone Field,recover-20221013,001,1795
1247.4485,1247.4557,23750,33472,Plecotus austriacus,0.01,0.025,-1,Echolocation,/mnt/ubna_data_02_mir/recover-20221013/UBNA_001/20221012_030000.WAV,Telephone Field,recover-20221013,001,1795
1247.4535,1247.4928,68437,83139,Rhinolophus ferrumequinum,0.023,0.023,-1,Echolocation,/mnt/ubna_data_02_mir/recover-20221013/UBNA_001/20221012_030000.WAV,Telephone Field,recover-20221013,001,1795
1247.4625,1247.4727,22890,27444,Nyctalus leisleri,0.011,0.022,-1,Echolocation,/mnt/ubna_data_02_mir/recover-20221013/UBNA_001/20221012_030000.WAV,Telephone Field,recover-20221013,001,1795
1247.4695,1247.5074,68437,81659,Rhinolophus ferrumequinum,0.021,0.021,-1,Echolocation,/mnt/ubna_data_02_mir/recover-20221013/UBNA_001/20221012_030000.WAV,Telephone Field,recover-20221013,001,1795
1247.4885,1247.5313,68437,82404,Rhinolophus ferrumequinum,0.034,0.034,-1,Echolocation,/mnt/ubna_data_02_mir/recover-20221013/UBNA_001/20221012_030000.WAV,Telephone Field,recover-20221013,001,1795
1247.4965,1247.504,26328,38532,Eptesicus serotinus,0.006,0.024,-1,Echolocation,/mnt/ubna_data_02_mir/recover-20221013/UBNA_001/20221012_030000.WAV,Telephone Field,recover-20221013,001,1795
1247.5175,1247.5261,27187,39187,Eptesicus serotinus,0.007,0.021,-1,Echolocation,/mnt/ubna_data_02_mir/recover-20221013/UBNA_001/20221012_030000.WAV,Telephone Field,recover-20221013,001,1795
1247.5335,1247.5425,28046,40268,Eptesicus serotinus,0.01,0.026,-1,Echolocation,/mnt/ubna_data_02_mir/recover-20221013/UBNA_001/20221012_030000.WAV,Telephone Field,recover-20221013,001,1795
1247.5565,1247.5923,68437,81620,Rhinolophus ferrumequinum,0.025,0.025,-1,Echolocation,/mnt/ubna_data_02_mir/recover-20221013/UBNA_001/20221012_030000.WAV,Telephone Field,recover-20221013,001,1795
1247.5985,1247.6371,68437,81828,Rhinolophus ferrumequinum,0.023,0.023,-1,Echolocation,/mnt/ubna_data_02_mir/recover-20221013/UBNA_001/20221012_030000.WAV,Telephone Field,recover-20221013,001,1795
1247.6035,1247.6105,28046,41488,Eptesicus serotinus,0.006,0.021,-1,Echolocation,/mnt/ubna_data_02_mir/recover-20221013/UBNA_001/20221012_030000.WAV,Telephone Field,recover-20221013,001,1795
1247.6185,1247.627,27187,37058,Eptesicus serotinus,0.008,0.023,-1,Echolocation,/mnt/ubna_data_02_mir/recover-20221013/UBNA_001/20221012_030000.WAV,Telephone Field,recover-20221013,001,1795
1247.6555,1247.6911,68437,81844,Rhinolophus ferrumequinum,0.02,0.02,-1,Echolocation,/mnt/ubna_data_02_mir/recover-20221013/UBNA_001/20221012_030000.WAV,Telephone Field,recover-20221013,001,1795
1247.6645,1247.6742,28046,36480,Eptesicus serotinus,0.012,0.025,-1,Echolocation,/mnt/ubna_data_02_mir/recover-20221013/UBNA_001/20221012_030000.WAV,Telephone Field,recover-20221013,001,1795
1247.6795,1247.7195,68437,81978,Rhinolophus ferrumequinum,0.02,0.02,-1,Echolocation,/mnt/ubna_data_02_mir/recover-20221013/UBNA_001/20221012_030000.WAV,Telephone Field,recover-20221013,001,1795
1247.6865,1247.6938,28046,39332,Eptesicus serotinus,0.007,0.022,-1,Echolocation,/mnt/ubna_data_02_mir/recover-20221013/UBNA_001/20221012_030000.WAV,Telephone Field,recover-20221013,001,1795
1247.7075,1247.7179,25468,33230,Eptesicus serotinus,0.013,0.026,-1,Echolocation,/mnt/ubna_data_02_mir/recover-20221013/UBNA_001/20221012_030000.WAV,Telephone Field,recover-20221013,001,1795
1247.7205,1247.7655,68437,82904,Rhinolophus ferrumequinum,0.024,0.024,-1,Echolocation,/mnt/ubna_data_02_mir/recover-20221013/UBNA_001/20221012_030000.WAV,Telephone Field,recover-20221013,001,1795
1247.7285,1247.7428,53828,58493,Pipistrellus pygmaeus,0.03,0.037,-1,Echolocation,/mnt/ubna_data_02_mir/recover-20221013/UBNA_001/20221012_030000.WAV,Telephone Field,recover-20221013,001,1795
1247.7555,1247.7906,68437,81538,Rhinolophus ferrumequinum,0.025,0.025,-1,Echolocation,/mnt/ubna_data_02_mir/recover-20221013/UBNA_001/20221012_030000.WAV,Telephone Field,recover-20221013,001,1795
1247.7635,1247.8009,68437,82601,Rhinolophus ferrumequinum,0.027,0.027,-1,Echolocation,/mnt/ubna_data_02_mir/recover-20221013/UBNA_001/20221012_030000.WAV,Telephone Field,recover-20221013,001,1795
1247.7875,1247.7959,28046,40646,Eptesicus serotinus,0.007,0.021,-1,Echolocation,/mnt/ubna_data_02_mir/recover-20221013/UBNA_001/20221012_030000.WAV,Telephone Field,recover-20221013,001,1795
1247.8315,1247.8726,68437,82134,Rhinolophus ferrumequinum,0.03,0.03,-1,Echolocation,/mnt/ubna_data_02_mir/recover-20221013/UBNA_001/20221012_030000.WAV,Telephone Field,recover-20221013,001,1795
1247.8945,1247.9298,68437,81671,Rhinolophus ferrumequinum,0.02,0.02,-1,Echolocation,/mnt/ubna_data_02_mir/recover-20221013/UBNA_001/20221012_030000.WAV,Telephone Field,recover-20221013,001,1795
1247.9145,1247.9525,68437,82314,Rhinolophus ferrumequinum,0.022,0.022,-1,Echolocation,/mnt/ubna_data_02_mir/recover-20221013/UBNA_001/20221012_030000.WAV,Telephone Field,recover-20221013,001,1795
1247.9285,1247.9353,28046,39079,Eptesicus serotinus,0.006,0.021,-1,Echolocation,/mnt/ubna_data_02_mir/recover-20221013/UBNA_001/20221012_030000.WAV,Telephone Field,recover-20221013,001,1795
1248.0015,1248.0281,69296,80210,Rhinolophus ferrumequinum,0.05,0.05,-1,Echolocation,/mnt/ubna_data_02_mir/recover-20221013/UBNA_001/20221012_030000.WAV,Telephone Field,recover-20221013,001,1795
1248.0015,1248.01,22031,28366,Nyctalus leisleri,0.008,0.024,-1,Echolocation,/mnt/ubna_data_02_mir/recover-20221013/UBNA_001/20221012_030000.WAV,Telephone Field,recover-20221013,001,1795
1248.0315,1248.0379,51250,57047,Pipistrellus pipistrellus,0.017,0.021,-1,Echolocation,/mnt/ubna_data_02_mir/recover-20221013/UBNA_001/20221012_030000.WAV,Telephone Field,recover-20221013,001,1795
1248.0385,1248.0763,68437,82274,Rhinolophus ferrumequinum,0.021,0.021,-1,Echolocation,/mnt/ubna_data_02_mir/recover-20221013/UBNA_001/20221012_030000.WAV,Telephone Field,recover-20221013,001,1795
1248.0645,1248.1033,68437,81622,Rhinolophus ferrumequinum,0.021,0.021,-1,Echolocation,/mnt/ubna_data_02_mir/recover-20221013/UBNA_001/20221012_030000.WAV,Telephone Field,recover-20221013,001,1795
1248.1175,1248.1286,22890,28170,Nyctalus leisleri,0.01,0.021,-1,Echolocation,/mnt/ubna_data_02_mir/recover-20221013/UBNA_001/20221012_030000.WAV,Telephone Field,recover-20221013,001,1795
1248.1235,1248.1595,68437,82001,Rhinolophus ferrumequinum,0.024,0.024,-1,Echolocation,/mnt/ubna_data_02_mir/recover-20221013/UBNA_001/20221012_030000.WAV,Telephone Field,recover-20221013,001,1795
1248.1285,1248.1406,24609,30358,Nyctalus leisleri,0.01,0.024,-1,Echolocation,/mnt/ubna_data_02_mir/recover-20221013/UBNA_001/20221012_030000.WAV,Telephone Field,recover-20221013,001,1795
1248.1315,1248.1681,68437,81846,Rhinolophus ferrumequinum,0.021,0.022,-1,Echolocation,/mnt/ubna_data_02_mir/recover-20221013/UBNA_001/20221012_030000.WAV,Telephone Field,recover-20221013,001,1795
1248.1875,1248.2271,68437,82416,Rhinolophus ferrumequinum,0.03,0.03,-1,Echolocation,/mnt/ubna_data_02_mir/recover-20221013/UBNA_001/20221012_030000.WAV,Telephone Field,recover-20221013,001,1795
1248.1875,1248.1942,26328,37359,Plecotus austriacus,0.008,0.03,-1,Echolocation,/mnt/ubna_data_02_mir/recover-20221013/UBNA_001/20221012_030000.WAV,Telephone Field,recover-20221013,001,1795
1248.2135,1248.2224,26328,35860,Eptesicus serotinus,0.011,0.027,-1,Echolocation,/mnt/ubna_data_02_mir/recover-20221013/UBNA_001/20221012_030000.WAV,Telephone Field,recover-20221013,001,1795
1248.2135,1248.2514,68437,81966,Rhinolophus ferrumequinum,0.023,0.023,-1,Echolocation,/mnt/ubna_data_02_mir/recover-20221013/UBNA_001/20221012_030000.WAV,Telephone Field,recover-20221013,001,1795
1248.2445,1248.2833,68437,81645,Rhinolophus ferrumequinum,0.022,0.022,-1,Echolocation,/mnt/ubna_data_02_mir/recover-20221013/UBNA_001/20221012_030000.WAV,Telephone Field,recover-20221013,001,1795
1248.2955,1248.3025,27187,44254,Eptesicus serotinus,0.007,0.024,-1,Echolocation,/mnt/ubna_data_02_mir/recover-20221013/UBNA_001/20221012_030000.WAV,Telephone Field,recover-20221013,001,1795
1248.2955,1248.3307,68437,82233,Rhinolophus ferrumequinum,0.021,0.021,-1,Echolocation,/mnt/ubna_data_02_mir/recover-20221013/UBNA_001/20221012_030000.WAV,Telephone Field,recover-20221013,001,1795
1248.3115,1248.3227,22890,28152,Nyctalus leisleri,0.011,0.025,-1,Echolocation,/mnt/ubna_data_02_mir/recover-20221013/UBNA_001/20221012_030000.WAV,Telephone Field,recover-20221013,001,1795
1248.3265,1248.3353,29765,38023,Eptesicus serotinus,0.007,0.022,-1,Echolocation,/mnt/ubna_data_02_mir/recover-20221013/UBNA_001/20221012_030000.WAV,Telephone Field,recover-20221013,001,1795
1248.3335,1248.3697,68437,81800,Rhinolophus ferrumequinum,0.022,0.022,-1,Echolocation,/mnt/ubna_data_02_mir/recover-20221013/UBNA_001/20221012_030000.WAV,Telephone Field,recover-20221013,001,1795
1248.3445,1248.3828,68437,82054,Rhinolophus ferrumequinum,0.022,0.022,-1,Echolocation,/mnt/ubna_data_02_mir/recover-20221013/UBNA_001/20221012_030000.WAV,Telephone Field,recover-20221013,001,1795
1248.3685,1248.3757,26328,40467,Eptesicus serotinus,0.005,0.022,-1,Echolocation,/mnt/ubna_data_02_mir/recover-20221013/UBNA_001/20221012_030000.WAV,Telephone Field,recover-20221013,001,1795
1248.3695,1248.3804,46093,51275,Pipistrellus pipistrellus,0.033,0.036,-1,Echolocation,/mnt/ubna_data_02_mir/recover-20221013/UBNA_001/20221012_030000.WAV,Telephone Field,recover-20221013,001,1795
1248.3715,1248.413,68437,83367,Rhinolophus ferrumequinum,0.024,0.025,-1,Echolocation,/mnt/ubna_data_02_mir/recover-20221013/UBNA_001/20221012_030000.WAV,Telephone Field,recover-20221013,001,1795
1248.4165,1248.4537,68437,81583,Rhinolophus ferrumequinum,0.024,0.024,-1,Echolocation,/mnt/ubna_data_02_mir/recover-20221013/UBNA_001/20221012_030000.WAV,Telephone Field,recover-20221013,001,1795
1248.4545,1248.489,68437,81489,Rhinolophus ferrumequinum,0.023,0.023,-1,Echolocation,/mnt/ubna_data_02_mir/recover-20221013/UBNA_001/20221012_030000.WAV,Telephone Field,recover-20221013,001,1795
1248.4715,1248.5104,68437,82601,Rhinolophus ferrumequinum,0.023,0.023,-1,Echolocation,/mnt/ubna_data_02_mir/recover-20221013/UBNA_001/20221012_030000.WAV,Telephone Field,recover-20221013,001,1795
1248.4985,1248.5382,68437,82500,Rhinolophus ferrumequinum,0.023,0.023,-1,Echolocation,/mnt/ubna_data_02_mir/recover-20221013/UBNA_001/20221012_030000.WAV,Telephone Field,recover-20221013,001,1795
1248.5295,1248.5379,26328,39794,Eptesicus serotinus,0.008,0.023,-1,Echolocation,/mnt/ubna_data_02_mir/recover-20221013/UBNA_001/20221012_030000.WAV,Telephone Field,recover-20221013,001,1795
1248.5575,1248.5663,28046,37199,Eptesicus serotinus,0.008,0.023,-1,Echolocation,/mnt/ubna_data_02_mir/recover-20221013/UBNA_001/20221012_030000.WAV,Telephone Field,recover-20221013,001,1795
1248.5665,1248.5736,27187,42134,Eptesicus serotinus,0.007,0.023,-1,Echolocation,/mnt/ubna_data_02_mir/recover-20221013/UBNA_001/20221012_030000.WAV,Telephone Field,recover-20221013,001,1795
1248.5795,1248.6179,68437,82148,Rhinolophus ferrumequinum,0.022,0.022,-1,Echolocation,/mnt/ubna_data_02_mir/recover-20221013/UBNA_001/20221012_030000.WAV,Telephone Field,recover-20221013,001,1795
1248.6115,1248.651,68437,82884,Rhinolophus ferrumequinum,0.027,0.027,-1,Echolocation,/mnt/ubna_data_02_mir/recover-20221013/UBNA_001/20221012_030000.WAV,Telephone Field,recover-20221013,001,1795
1248.6215,1248.6613,68437,82256,Rhinolophus ferrumequinum,0.021,0.021,-1,Echolocation,/mnt/ubna_data_02_mir/recover-20221013/UBNA_001/20221012_030000.WAV,Telephone Field,recover-20221013,001,1795
1248.6275,1248.6352,28046,45041,Eptesicus serotinus,0.008,0.024,-1,Echolocation,/mnt/ubna_data_02_mir/recover-20221013/UBNA_001/20221012_030000.WAV,Telephone Field,recover-20221013,001,1795
1248.6455,1248.6844,68437,82094,Rhinolophus ferrumequinum,0.023,0.023,-1,Echolocation,/mnt/ubna_data_02_mir/recover-20221013/UBNA_001/20221012_030000.WAV,Telephone Field,recover-20221013,001,1795
1248.6625,1248.7041,68437,83014,Rhinolophus ferrumequinum,0.033,0.033,-1,Echolocation,/mnt/ubna_data_02_mir/recover-20221013/UBNA_001/20221012_030000.WAV,Telephone Field,recover-20221013,001,1795
1248.7165,1248.7545,68437,82086,Rhinolophus ferrumequinum,0.021,0.021,-1,Echolocation,/mnt/ubna_data_02_mir/recover-20221013/UBNA_001/20221012_030000.WAV,Telephone Field,recover-20221013,001,1795
1248.7255,1248.7636,68437,81880,Rhinolophus ferrumequinum,0.024,0.024,-1,Echolocation,/mnt/ubna_data_02_mir/recover-20221013/UBNA_001/20221012_030000.WAV,Telephone Field,recover-20221013,001,1795
1248.7335,1248.7663,68437,81505,Rhinolophus ferrumequinum,0.022,0.022,-1,Echolocation,/mnt/ubna_data_02_mir/recover-20221013/UBNA_001/20221012_030000.WAV,Telephone Field,recover-20221013,001,1795
1248.7435,1248.7532,27187,35053,Eptesicus serotinus,0.008,0.021,-1,Echolocation,/mnt/ubna_data_02_mir/recover-20221013/UBNA_001/20221012_030000.WAV,Telephone Field,recover-20221013,001,1795
1248.7695,1248.8071,68437,82639,Rhinolophus ferrumequinum,0.025,0.025,-1,Echolocation,/mnt/ubna_data_02_mir/recover-20221013/UBNA_001/20221012_030000.WAV,Telephone Field,recover-20221013,001,1795
1248.7755,1248.8117,68437,82040,Rhinolophus ferrumequinum,0.023,0.023,-1,Echolocation,/mnt/ubna_data_02_mir/recover-20221013/UBNA_001/20221012_030000.WAV,Telephone Field,recover-20221013,001,1795
1248.7845,1248.7928,23750,31496,Plecotus austriacus,0.01,0.026,-1,Echolocation,/mnt/ubna_data_02_mir/recover-20221013/UBNA_001/20221012_030000.WAV,Telephone Field,recover-20221013,001,1795
1248.8015,1248.809,28046,39506,Eptesicus serotinus,0.007,0.023,-1,Echolocation,/mnt/ubna_data_02_mir/recover-20221013/UBNA_001/20221012_030000.WAV,Telephone Field,recover-20221013,001,1795
1248.8435,1248.8507,26328,39122,Eptesicus serotinus,0.005,0.022,-1,Echolocation,/mnt/ubna_data_02_mir/recover-20221013/UBNA_001/20221012_030000.WAV,Telephone Field,recover-20221013,001,1795
1248.8605,1248.8973,68437,81529,Rhinolophus ferrumequinum,0.025,0.025,-1,Echolocation,/mnt/ubna_data_02_mir/recover-20221013/UBNA_001/20221012_030000.WAV,Telephone Field,recover-20221013,001,1795
1248.8645,1248.8752,25468,30794,Nyctalus leisleri,0.012,0.03,-1,Echolocation,/mnt/ubna_data_02_mir/recover-20221013/UBNA_001/20221012_030000.WAV,Telephone Field,recover-20221013,001,1795
1248.8705,1248.9101,68437,82114,Rhinolophus ferrumequinum,0.025,0.025,-1,Echolocation,/mnt/ubna_data_02_mir/recover-20221013/UBNA_001/20221012_030000.WAV,Telephone Field,recover-20221013,001,1795
1248.9385,1248.9759,68437,82320,Rhinolophus ferrumequinum,0.023,0.023,-1,Echolocation,/mnt/ubna_data_02_mir/recover-20221013/UBNA_001/20221012_030000.WAV,Telephone Field,recover-20221013,001,1795
1248.9705,1249.0111,68437,82906,Rhinolophus ferrumequinum,0.027,0.027,-1,Echolocation,/mnt/ubna_data_02_mir/recover-20221013/UBNA_001/20221012_030000.WAV,Telephone Field,recover-20221013,001,1795
1248.9935,1249.003,22890,29293,Nyctalus leisleri,0.008,0.023,-1,Echolocation,/mnt/ubna_data_02_mir/recover-20221013/UBNA_001/20221012_030000.WAV,Telephone Field,recover-20221013,001,1795
1249.0105,1249.0439,68437,81004,Rhinolophus ferrumequinum,0.024,0.024,-1,Echolocation,/mnt/ubna_data_02_mir/recover-20221013/UBNA_001/20221012_030000.WAV,Telephone Field,recover-20221013,001,1795
1249.0535,1249.0934,68437,82973,Rhinolophus ferrumequinum,0.028,0.028,-1,Echolocation,/mnt/ubna_data_02_mir/recover-20221013/UBNA_001/20221012_030000.WAV,Telephone Field,recover-20221013,001,1795
1249.0705,1249.0814,23750,29324,Nyctalus leisleri,0.01,0.022,-1,Echolocation,/mnt/ubna_data_02_mir/recover-20221013/UBNA_001/20221012_030000.WAV,Telephone Field,recover-20221013,001,1795
1249.0785,1249.0874,28046,40602,Eptesicus serotinus,0.007,0.022,-1,Echolocation,/mnt/ubna_data_02_mir/recover-20221013/UBNA_001/20221012_030000.WAV,Telephone Field,recover-20221013,001,1795
1249.0835,1249.0896,37500,57475,Myotis brandtii,0.007,0.021,-1,Echolocation,/mnt/ubna_data_02_mir/recover-20221013/UBNA_001/20221012_030000.WAV,Telephone Field,recover-20221013,001,1795
1249.1235,1249.1622,68437,82048,Rhinolophus ferrumequinum,0.023,0.023,-1,Echolocation,/mnt/ubna_data_02_mir/recover-20221013/UBNA_001/20221012_030000.WAV,Telephone Field,recover-20221013,001,1795
1249.1305,1249.1709,68437,82969,Rhinolophus ferrumequinum,0.026,0.026,-1,Echolocation,/mnt/ubna_data_02_mir/recover-20221013/UBNA_001/20221012_030000.WAV,Telephone Field,recover-20221013,001,1795
1249.1515,1249.1618,28046,35560,Eptesicus serotinus,0.009,0.022,-1,Echolocation,/mnt/ubna_data_02_mir/recover-20221013/UBNA_001/20221012_030000.WAV,Telephone Field,recover-20221013,001,1795
1249.1875,1249.1951,28046,45950,Eptesicus serotinus,0.007,0.023,-1,Echolocation,/mnt/ubna_data_02_mir/recover-20221013/UBNA_001/20221012_030000.WAV,Telephone Field,recover-20221013,001,1795
1249.1885,1249.1943,33203,45057,Myotis daubentonii,0.009,0.021,-1,Echolocation,/mnt/ubna_data_02_mir/recover-20221013/UBNA_001/20221012_030000.WAV,Telephone Field,recover-20221013,001,1795
1249.1975,1249.2294,68437,80699,Rhinolophus ferrumequinum,0.021,0.021,-1,Echolocation,/mnt/ubna_data_02_mir/recover-20221013/UBNA_001/20221012_030000.WAV,Telephone Field,recover-20221013,001,1795
1249.2225,1249.2293,24609,41984,Myotis nattereri,0.006,0.023,-1,Echolocation,/mnt/ubna_data_02_mir/recover-20221013/UBNA_001/20221012_030000.WAV,Telephone Field,recover-20221013,001,1795
1249.2485,1249.2874,68437,82495,Rhinolophus ferrumequinum,0.025,0.025,-1,Echolocation,/mnt/ubna_data_02_mir/recover-20221013/UBNA_001/20221012_030000.WAV,Telephone Field,recover-20221013,001,1795
1249.2685,1249.2766,26328,35239,Eptesicus serotinus,0.009,0.025,-1,Echolocation,/mnt/ubna_data_02_mir/recover-20221013/UBNA_001/20221012_030000.WAV,Telephone Field,recover-20221013,001,1795
1249.2755,1249.3136,68437,82334,Rhinolophus ferrumequinum,0.022,0.022,-1,Echolocation,/mnt/ubna_data_02_mir/recover-20221013/UBNA_001/20221012_030000.WAV,Telephone Field,recover-20221013,001,1795
1249.2915,1249.3304,68437,82530,Rhinolophus ferrumequinum,0.022,0.022,-1,Echolocation,/mnt/ubna_data_02_mir/recover-20221013/UBNA_001/20221012_030000.WAV,Telephone Field,recover-20221013,001,1795
1249.2975,1249.3057,25468,34689,Eptesicus serotinus,0.009,0.031,-1,Echolocation,/mnt/ubna_data_02_mir/recover-20221013/UBNA_001/20221012_030000.WAV,Telephone Field,recover-20221013,001,1795
1249.3135,1249.3545,68437,82818,Rhinolophus ferrumequinum,0.022,0.022,-1,Echolocation,/mnt/ubna_data_02_mir/recover-20221013/UBNA_001/20221012_030000.WAV,Telephone Field,recover-20221013,001,1795
1249.3155,1249.3238,27187,39960,Eptesicus serotinus,0.008,0.021,-1,Echolocation,/mnt/ubna_data_02_mir/recover-20221013/UBNA_001/20221012_030000.WAV,Telephone Field,recover-20221013,001,1795
1249.3245,1249.3345,23750,30360,Nyctalus leisleri,0.008,0.022,-1,Echolocation,/mnt/ubna_data_02_mir/recover-20221013/UBNA_001/20221012_030000.WAV,Telephone Field,recover-20221013,001,1795
1249.3465,1249.3861,68437,81931,Rhinolophus ferrumequinum,0.022,0.022,-1,Echolocation,/mnt/ubna_data_02_mir/recover-20221013/UBNA_001/20221012_030000.WAV,Telephone Field,recover-20221013,001,1795
1249.3535,1249.3608,28046,38842,Eptesicus serotinus,0.006,0.021,-1,Echolocation,/mnt/ubna_data_02_mir/recover-20221013/UBNA_001/20221012_030000.WAV,Telephone Field,recover-20221013,001,1795
1249.3695,1249.3774,43515,48282,Pipistrellus pipistrellus,0.019,0.022,-1,Echolocation,/mnt/ubna_data_02_mir/recover-20221013/UBNA_001/20221012_030000.WAV,Telephone Field,recover-20221013,001,1795
1249.3765,1249.4126,68437,81905,Rhinolophus ferrumequinum,0.022,0.022,-1,Echolocation,/mnt/ubna_data_02_mir/recover-20221013/UBNA_001/20221012_030000.WAV,Telephone Field,recover-20221013,001,1795
1249.4125,1249.4517,68437,82696,Rhinolophus ferrumequinum,0.025,0.025,-1,Echolocation,/mnt/ubna_data_02_mir/recover-20221013/UBNA_001/20221012_030000.WAV,Telephone Field,recover-20221013,001,1795
1249.4285,1249.4361,23750,32322,Plecotus austriacus,0.011,0.024,-1,Echolocation,/mnt/ubna_data_02_mir/recover-20221013/UBNA_001/20221012_030000.WAV,Telephone Field,recover-20221013,001,1795
1249.4315,1249.4694,68437,82500,Rhinolophus ferrumequinum,0.022,0.022,-1,Echolocation,/mnt/ubna_data_02_mir/recover-20221013/UBNA_001/20221012_030000.WAV,Telephone Field,recover-20221013,001,1795
1249.4425,1249.4807,68437,81857,Rhinolophus ferrumequinum,0.023,0.023,-1,Echolocation,/mnt/ubna_data_02_mir/recover-20221013/UBNA_001/20221012_030000.WAV,Telephone Field,recover-20221013,001,1795
1249.4675,1249.5042,68437,81730,Rhinolophus ferrumequinum,0.021,0.021,-1,Echolocation,/mnt/ubna_data_02_mir/recover-20221013/UBNA_001/20221012_030000.WAV,Telephone Field,recover-20221013,001,1795
1249.4755,1249.5154,68437,82634,Rhinolophus ferrumequinum,0.021,0.021,-1,Echolocation,/mnt/ubna_data_02_mir/recover-20221013/UBNA_001/20221012_030000.WAV,Telephone Field,recover-20221013,001,1795
1249.4765,1249.4826,36640,48672,Myotis daubentonii,0.008,0.024,-1,Echolocation,/mnt/ubna_data_02_mir/recover-20221013/UBNA_001/20221012_030000.WAV,Telephone Field,recover-20221013,001,1795
1249.4805,1249.4868,23750,41481,Myotis nattereri,0.01,0.029,-1,Echolocation,/mnt/ubna_data_02_mir/recover-20221013/UBNA_001/20221012_030000.WAV,Telephone Field,recover-20221013,001,1795
1249.5125,1249.551,68437,82419,Rhinolophus ferrumequinum,0.024,0.025,-1,Echolocation,/mnt/ubna_data_02_mir/recover-20221013/UBNA_001/20221012_030000.WAV,Telephone Field,recover-20221013,001,1795
1249.5205,1249.5299,25468,32302,Eptesicus serotinus,0.008,0.024,-1,Echolocation,/mnt/ubna_data_02_mir/recover-20221013/UBNA_001/20221012_030000.WAV,Telephone Field,recover-20221013,001,1795
1249.5235,1249.5621,68437,82057,Rhinolophus ferrumequinum,0.024,0.024,-1,Echolocation,/mnt/ubna_data_02_mir/recover-20221013/UBNA_001/20221012_030000.WAV,Telephone Field,recover-20221013,001,1795
1249.6185,1249.6262,28046,40952,Eptesicus serotinus,0.007,0.023,-1,Echolocation,/mnt/ubna_data_02_mir/recover-20221013/UBNA_001/20221012_030000.WAV,Telephone Field,recover-20221013,001,1795
1249.6385,1249.6492,14296,21272,Nyctalus noctula,0.012,0.022,-1,Echolocation,/mnt/ubna_data_02_mir/recover-20221013/UBNA_001/20221012_030000.WAV,Telephone Field,recover-20221013,001,1795
1249.6435,1249.6815,68437,82515,Rhinolophus ferrumequinum,0.023,0.023,-1,Echolocation,/mnt/ubna_data_02_mir/recover-20221013/UBNA_001/20221012_030000.WAV,Telephone Field,recover-20221013,001,1795
1249.6815,1249.7214,68437,82590,Rhinolophus ferrumequinum,0.024,0.024,-1,Echolocation,/mnt/ubna_data_02_mir/recover-20221013/UBNA_001/20221012_030000.WAV,Telephone Field,recover-20221013,001,1795
1249.7015,1249.7124,28046,34855,Eptesicus serotinus,0.013,0.028,-1,Echolocation,/mnt/ubna_data_02_mir/recover-20221013/UBNA_001/20221012_030000.WAV,Telephone Field,recover-20221013,001,1795
1249.7955,1249.8341,68437,82121,Rhinolophus ferrumequinum,0.024,0.024,-1,Echolocation,/mnt/ubna_data_02_mir/recover-20221013/UBNA_001/20221012_030000.WAV,Telephone Field,recover-20221013,001,1795
1249.7995,1249.8055,25468,39203,Myotis nattereri,0.009,0.03,-1,Echolocation,/mnt/ubna_data_02_mir/recover-20221013/UBNA_001/20221012_030000.WAV,Telephone Field,recover-20221013,001,1795
1249.8095,1249.8182,22890,30106,Plecotus austriacus,0.008,0.022,-1,Echolocation,/mnt/ubna_data_02_mir/recover-20221013/UBNA_001/20221012_030000.WAV,Telephone Field,recover-20221013,001,1795
1249.8305,1249.871,68437,82527,Rhinolophus ferrumequinum,0.022,0.023,-1,Echolocation,/mnt/ubna_data_02_mir/recover-20221013/UBNA_001/20221012_030000.WAV,Telephone Field,recover-20221013,001,1795
1249.8745,1249.913,68437,82324,Rhinolophus ferrumequinum,0.021,0.022,-1,Echolocation,/mnt/ubna_data_02_mir/recover-20221013/UBNA_001/20221012_030000.WAV,Telephone Field,recover-20221013,001,1795
1249.9045,1249.9115,24609,37641,Plecotus austriacus,0.009,0.027,-1,Echolocation,/mnt/ubna_data_02_mir/recover-20221013/UBNA_001/20221012_030000.WAV,Telephone Field,recover-20221013,001,1795
1249.9265,1249.9354,49531,53847,Pipistrellus pipistrellus,0.02,0.024,-1,Echolocation,/mnt/ubna_data_02_mir/recover-20221013/UBNA_001/20221012_030000.WAV,Telephone Field,recover-20221013,001,1795
1249.9795,1249.9881,27187,42565,Eptesicus serotinus,0.009,0.023,-1,Echolocation,/mnt/ubna_data_02_mir/recover-20221013/UBNA_001/20221012_030000.WAV,Telephone Field,recover-20221013,001,1795
1250.0015,1250.0324,68437,79884,Rhinolophus ferrumequinum,0.054,0.054,-1,Echolocation,/mnt/ubna_data_02_mir/recover-20221013/UBNA_001/20221012_030000.WAV,Telephone Field,recover-20221013,001,1795
1250.0015,1250.0107,27187,34122,Nyctalus leisleri,0.009,0.027,-1,Echolocation,/mnt/ubna_data_02_mir/recover-20221013/UBNA_001/20221012_030000.WAV,Telephone Field,recover-20221013,001,1795
1250.0015,1250.0162,19453,23574,Nyctalus leisleri,0.016,0.033,-1,Echolocation,/mnt/ubna_data_02_mir/recover-20221013/UBNA_001/20221012_030000.WAV,Telephone Field,recover-20221013,001,1795
1250.0115,1250.0535,68437,83703,Rhinolophus ferrumequinum,0.041,0.041,-1,Echolocation,/mnt/ubna_data_02_mir/recover-20221013/UBNA_001/20221012_030000.WAV,Telephone Field,recover-20221013,001,1795
1250.0575,1250.0956,68437,82952,Rhinolophus ferrumequinum,0.026,0.026,-1,Echolocation,/mnt/ubna_data_02_mir/recover-20221013/UBNA_001/20221012_030000.WAV,Telephone Field,recover-20221013,001,1795
1250.0805,1250.0911,26328,33541,Eptesicus serotinus,0.011,0.025,-1,Echolocation,/mnt/ubna_data_02_mir/recover-20221013/UBNA_001/20221012_030000.WAV,Telephone Field,recover-20221013,001,1795
1250.0875,1250.1019000000001,28906,34021,Eptesicus serotinus,0.018,0.031,-1,Echolocation,/mnt/ubna_data_02_mir/recover-20221013/UBNA_001/20221012_030000.WAV,Telephone Field,recover-20221013,001,1795
1250.0935,1250.1383,68437,83425,Rhinolophus ferrumequinum,0.027,0.027,-1,Echolocation,/mnt/ubna_data_02_mir/recover-20221013/UBNA_001/20221012_030000.WAV,Telephone Field,recover-20221013,001,1795
1250.1185,1250.1581,68437,82548,Rhinolophus ferrumequinum,0.025,0.025,-1,Echolocation,/mnt/ubna_data_02_mir/recover-20221013/UBNA_001/20221012_030000.WAV,Telephone Field,recover-20221013,001,1795
1250.1255,1250.1323,24609,33450,Plecotus austriacus,0.011,0.027,-1,Echolocation,/mnt/ubna_data_02_mir/recover-20221013/UBNA_001/20221012_030000.WAV,Telephone Field,recover-20221013,001,1795
1250.1605,1250.1671,27187,46875,Eptesicus serotinus,0.006,0.022,-1,Echolocation,/mnt/ubna_data_02_mir/recover-20221013/UBNA_001/20221012_030000.WAV,Telephone Field,recover-20221013,001,1795
1250.1735,1250.1833,25468,33372,Eptesicus serotinus,0.013,0.029,-1,Echolocation,/mnt/ubna_data_02_mir/recover-20221013/UBNA_001/20221012_030000.WAV,Telephone Field,recover-20221013,001,1795
1250.1805,1250.2162,68437,82574,Rhinolophus ferrumequinum,0.022,0.022,-1,Echolocation,/mnt/ubna_data_02_mir/recover-20221013/UBNA_001/20221012_030000.WAV,Telephone Field,recover-20221013,001,1795
1250.1845,1250.1915,23750,33041,Plecotus austriacus,0.014,0.028,-1,Echolocation,/mnt/ubna_data_02_mir/recover-20221013/UBNA_001/20221012_030000.WAV,Telephone Field,recover-20221013,001,1795
1250.2535,1250.2925,68437,81987,Rhinolophus ferrumequinum,0.025,0.025,-1,Echolocation,/mnt/ubna_data_02_mir/recover-20221013/UBNA_001/20221012_030000.WAV,Telephone Field,recover-20221013,001,1795
1250.2575,1250.2638,51250,60430,Pipistrellus pipistrellus,0.016,0.023,-1,Echolocation,/mnt/ubna_data_02_mir/recover-20221013/UBNA_001/20221012_030000.WAV,Telephone Field,recover-20221013,001,1795
1250.2625,1250.302,68437,82502,Rhinolophus ferrumequinum,0.024,0.024,-1,Echolocation,/mnt/ubna_data_02_mir/recover-20221013/UBNA_001/20221012_030000.WAV,Telephone Field,recover-20221013,001,1795
1250.2745,1250.3123,68437,82571,Rhinolophus ferrumequinum,0.024,0.024,-1,Echolocation,/mnt/ubna_data_02_mir/recover-20221013/UBNA_001/20221012_030000.WAV,Telephone Field,recover-20221013,001,1795
1250.2865,1250.3291,68437,83029,Rhinolophus ferrumequinum,0.031,0.031,-1,Echolocation,/mnt/ubna_data_02_mir/recover-20221013/UBNA_001/20221012_030000.WAV,Telephone Field,recover-20221013,001,1795
1250.2955,1250.304,26328,34703,Eptesicus serotinus,0.008,0.021,-1,Echolocation,/mnt/ubna_data_02_mir/recover-20221013/UBNA_001/20221012_030000.WAV,Telephone Field,recover-20221013,001,1795
1250.3175,1250.3531,68437,81046,Rhinolophus ferrumequinum,0.022,0.022,-1,Echolocation,/mnt/ubna_data_02_mir/recover-20221013/UBNA_001/20221012_030000.WAV,Telephone Field,recover-20221013,001,1795
1250.3725,1250.3821,23750,30132,Nyctalus leisleri,0.008,0.021,-1,Echolocation,/mnt/ubna_data_02_mir/recover-20221013/UBNA_001/20221012_030000.WAV,Telephone Field,recover-20221013,001,1795
1250.3795,1250.4215,68437,83808,Rhinolophus ferrumequinum,0.036,0.036,-1,Echolocation,/mnt/ubna_data_02_mir/recover-20221013/UBNA_001/20221012_030000.WAV,Telephone Field,recover-20221013,001,1795
1250.3835,1250.3902,38359,52056,Myotis daubentonii,0.008,0.021,-1,Echolocation,/mnt/ubna_data_02_mir/recover-20221013/UBNA_001/20221012_030000.WAV,Telephone Field,recover-20221013,001,1795
1250.3935,1250.4288999999999,68437,81453,Rhinolophus ferrumequinum,0.023,0.023,-1,Echolocation,/mnt/ubna_data_02_mir/recover-20221013/UBNA_001/20221012_030000.WAV,Telephone Field,recover-20221013,001,1795
1250.4125,1250.4484,68437,81543,Rhinolophus ferrumequinum,0.027,0.027,-1,Echolocation,/mnt/ubna_data_02_mir/recover-20221013/UBNA_001/20221012_030000.WAV,Telephone Field,recover-20221013,001,1795
1250.4535,1250.4925,68437,82371,Rhinolophus ferrumequinum,0.028,0.028,-1,Echolocation,/mnt/ubna_data_02_mir/recover-20221013/UBNA_001/20221012_030000.WAV,Telephone Field,recover-20221013,001,1795
1250.4675,1250.4747,28046,38086,Eptesicus serotinus,0.006,0.022,-1,Echolocation,/mnt/ubna_data_02_mir/recover-20221013/UBNA_001/20221012_030000.WAV,Telephone Field,recover-20221013,001,1795
1250.4675,1250.4764,22890,30148,Plecotus austriacus,0.008,0.022,-1,Echolocation,/mnt/ubna_data_02_mir/recover-20221013/UBNA_001/20221012_030000.WAV,Telephone Field,recover-20221013,001,1795
1250.5015,1250.5441,68437,83336,Rhinolophus ferrumequinum,0.032,0.032,-1,Echolocation,/mnt/ubna_data_02_mir/recover-20221013/UBNA_001/20221012_030000.WAV,Telephone Field,recover-20221013,001,1795
1250.5035,1250.511,28046,38769,Eptesicus serotinus,0.007,0.022,-1,Echolocation,/mnt/ubna_data_02_mir/recover-20221013/UBNA_001/20221012_030000.WAV,Telephone Field,recover-20221013,001,1795
1250.5185,1250.5291,22890,27759,Nyctalus leisleri,0.01,0.021,-1,Echolocation,/mnt/ubna_data_02_mir/recover-20221013/UBNA_001/20221012_030000.WAV,Telephone Field,recover-20221013,001,1795
1250.5545,1250.5609,25468,38935,Myotis nattereri,0.006,0.025,-1,Echolocation,/mnt/ubna_data_02_mir/recover-20221013/UBNA_001/20221012_030000.WAV,Telephone Field,recover-20221013,001,1795
1250.5575,1250.5943,68437,82338,Rhinolophus ferrumequinum,0.029,0.029,-1,Echolocation,/mnt/ubna_data_02_mir/recover-20221013/UBNA_001/20221012_030000.WAV,Telephone Field,recover-20221013,001,1795
1250.5685,1250.5791,24609,30582,Eptesicus serotinus,0.011,0.029,-1,Echolocation,/mnt/ubna_data_02_mir/recover-20221013/UBNA_001/20221012_030000.WAV,Telephone Field,recover-20221013,001,1795
1250.5715,1250.615,68437,83413,Rhinolophus ferrumequinum,0.039,0.039,-1,Echolocation,/mnt/ubna_data_02_mir/recover-20221013/UBNA_001/20221012_030000.WAV,Telephone Field,recover-20221013,001,1795
1250.5945,1250.6051,22890,28369,Nyctalus leisleri,0.009,0.021,-1,Echolocation,/mnt/ubna_data_02_mir/recover-20221013/UBNA_001/20221012_030000.WAV,Telephone Field,recover-20221013,001,1795
1250.6205,1250.6288,23750,32503,Plecotus austriacus,0.014,0.039,-1,Echolocation,/mnt/ubna_data_02_mir/recover-20221013/UBNA_001/20221012_030000.WAV,Telephone Field,recover-20221013,001,1795
1250.6465,1250.6864,68437,82540,Rhinolophus ferrumequinum,0.032,0.032,-1,Echolocation,/mnt/ubna_data_02_mir/recover-20221013/UBNA_001/20221012_030000.WAV,Telephone Field,recover-20221013,001,1795
1250.6555,1250.6948,68437,82302,Rhinolophus ferrumequinum,0.025,0.025,-1,Echolocation,/mnt/ubna_data_02_mir/recover-20221013/UBNA_001/20221012_030000.WAV,Telephone Field,recover-20221013,001,1795
1250.6685,1250.7108,68437,82982,Rhinolophus ferrumequinum,0.029,0.029,-1,Echolocation,/mnt/ubna_data_02_mir/recover-20221013/UBNA_001/20221012_030000.WAV,Telephone Field,recover-20221013,001,1795
1250.6755,1250.6858,26328,34307,Eptesicus serotinus,0.011,0.023,-1,Echolocation,/mnt/ubna_data_02_mir/recover-20221013/UBNA_001/20221012_030000.WAV,Telephone Field,recover-20221013,001,1795
1250.7285,1250.7617,68437,81321,Rhinolophus ferrumequinum,0.021,0.021,-1,Echolocation,/mnt/ubna_data_02_mir/recover-20221013/UBNA_001/20221012_030000.WAV,Telephone Field,recover-20221013,001,1795
1250.7425,1250.7768,68437,81709,Rhinolophus ferrumequinum,0.021,0.021,-1,Echolocation,/mnt/ubna_data_02_mir/recover-20221013/UBNA_001/20221012_030000.WAV,Telephone Field,recover-20221013,001,1795
1250.7575,1250.7952,68437,81255,Rhinolophus ferrumequinum,0.022,0.023,-1,Echolocation,/mnt/ubna_data_02_mir/recover-20221013/UBNA_001/20221012_030000.WAV,Telephone Field,recover-20221013,001,1795
1250.7665,1250.8081,68437,82788,Rhinolophus ferrumequinum,0.021,0.021,-1,Echolocation,/mnt/ubna_data_02_mir/recover-20221013/UBNA_001/20221012_030000.WAV,Telephone Field,recover-20221013,001,1795
1250.7765,1250.7835,28046,41128,Eptesicus serotinus,0.006,0.022,-1,Echolocation,/mnt/ubna_data_02_mir/recover-20221013/UBNA_001/20221012_030000.WAV,Telephone Field,recover-20221013,001,1795
1250.7885,1250.8264,68437,82177,Rhinolophus ferrumequinum,0.021,0.021,-1,Echolocation,/mnt/ubna_data_02_mir/recover-20221013/UBNA_001/20221012_030000.WAV,Telephone Field,recover-20221013,001,1795
1250.8175,1250.8316,23750,29651,Nyctalus leisleri,0.018,0.04,-1,Echolocation,/mnt/ubna_data_02_mir/recover-20221013/UBNA_001/20221012_030000.WAV,Telephone Field,recover-20221013,001,1795
1250.8725,1250.9115,68437,82201,Rhinolophus ferrumequinum,0.028,0.028,-1,Echolocation,/mnt/ubna_data_02_mir/recover-20221013/UBNA_001/20221012_030000.WAV,Telephone Field,recover-20221013,001,1795
1250.9465,1250.9807,68437,81104,Rhinolophus ferrumequinum,0.024,0.024,-1,Echolocation,/mnt/ubna_data_02_mir/recover-20221013/UBNA_001/20221012_030000.WAV,Telephone Field,recover-20221013,001,1795
1250.9755,1251.0136,68437,81912,Rhinolophus ferrumequinum,0.022,0.022,-1,Echolocation,/mnt/ubna_data_02_mir/recover-20221013/UBNA_001/20221012_030000.WAV,Telephone Field,recover-20221013,001,1795
1251.0075,1251.0194,28046,34542,Eptesicus serotinus,0.011,0.024,-1,Echolocation,/mnt/ubna_data_02_mir/recover-20221013/UBNA_001/20221012_030000.WAV,Telephone Field,recover-20221013,001,1795
1251.0135,1251.0243,28046,35408,Eptesicus serotinus,0.009,0.023,-1,Echolocation,/mnt/ubna_data_02_mir/recover-20221013/UBNA_001/20221012_030000.WAV,Telephone Field,recover-20221013,001,1795
1251.0395,1251.0801,68437,83039,Rhinolophus ferrumequinum,0.027,0.027,-1,Echolocation,/mnt/ubna_data_02_mir/recover-20221013/UBNA_001/20221012_030000.WAV,Telephone Field,recover-20221013,001,1795
1251.0555,1251.0941,68437,82248,Rhinolophus ferrumequinum,0.021,0.021,-1,Echolocation,/mnt/ubna_data_02_mir/recover-20221013/UBNA_001/20221012_030000.WAV,Telephone Field,recover-20221013,001,1795
1251.0695,1251.0791,25468,33237,Eptesicus serotinus,0.009,0.024,-1,Echolocation,/mnt/ubna_data_02_mir/recover-20221013/UBNA_001/20221012_030000.WAV,Telephone Field,recover-20221013,001,1795
1251.1235,1251.1569,68437,81462,Rhinolophus ferrumequinum,0.022,0.022,-1,Echolocation,/mnt/ubna_data_02_mir/recover-20221013/UBNA_001/20221012_030000.WAV,Telephone Field,recover-20221013,001,1795
1251.1335,1251.1422,28046,37563,Eptesicus serotinus,0.009,0.022,-1,Echolocation,/mnt/ubna_data_02_mir/recover-20221013/UBNA_001/20221012_030000.WAV,Telephone Field,recover-20221013,001,1795
1251.1895,1251.2307,68437,82864,Rhinolophus ferrumequinum,0.031,0.031,-1,Echolocation,/mnt/ubna_data_02_mir/recover-20221013/UBNA_001/20221012_030000.WAV,Telephone Field,recover-20221013,001,1795
1251.2185,1251.2371,19453,22471,Nyctalus leisleri,0.012,0.022,-1,Echolocation,/mnt/ubna_data_02_mir/recover-20221013/UBNA_001/20221012_030000.WAV,Telephone Field,recover-20221013,001,1795
1251.2395,1251.2778,68437,82328,Rhinolophus ferrumequinum,0.024,0.024,-1,Echolocation,/mnt/ubna_data_02_mir/recover-20221013/UBNA_001/20221012_030000.WAV,Telephone Field,recover-20221013,001,1795
1251.2395,1251.2471,28046,37733,Eptesicus serotinus,0.016,0.039,-1,Echolocation,/mnt/ubna_data_02_mir/recover-20221013/UBNA_001/20221012_030000.WAV,Telephone Field,recover-20221013,001,1795
1251.2455,1251.2828,68437,82095,Rhinolophus ferrumequinum,0.022,0.023,-1,Echolocation,/mnt/ubna_data_02_mir/recover-20221013/UBNA_001/20221012_030000.WAV,Telephone Field,recover-20221013,001,1795
1251.2525,1251.2896,68437,82123,Rhinolophus ferrumequinum,0.022,0.022,-1,Echolocation,/mnt/ubna_data_02_mir/recover-20221013/UBNA_001/20221012_030000.WAV,Telephone Field,recover-20221013,001,1795
1251.2675,1251.3068,68437,83160,Rhinolophus ferrumequinum,0.026,0.026,-1,Echolocation,/mnt/ubna_data_02_mir/recover-20221013/UBNA_001/20221012_030000.WAV,Telephone Field,recover-20221013,001,1795
1251.2955,1251.3364,68437,82896,Rhinolophus ferrumequinum,0.023,0.023,-1,Echolocation,/mnt/ubna_data_02_mir/recover-20221013/UBNA_001/20221012_030000.WAV,Telephone Field,recover-20221013,001,1795
1251.3345,1251.3421,28046,39581,Eptesicus serotinus,0.007,0.021,-1,Echolocation,/mnt/ubna_data_02_mir/recover-20221013/UBNA_001/20221012_030000.WAV,Telephone Field,recover-20221013,001,1795
1251.3605,1251.3995,68437,82115,Rhinolophus ferrumequinum,0.022,0.022,-1,Echolocation,/mnt/ubna_data_02_mir/recover-20221013/UBNA_001/20221012_030000.WAV,Telephone Field,recover-20221013,001,1795
1251.3775,1251.4156,68437,82440,Rhinolophus ferrumequinum,0.024,0.024,-1,Echolocation,/mnt/ubna_data_02_mir/recover-20221013/UBNA_001/20221012_030000.WAV,Telephone Field,recover-20221013,001,1795
1251.4015,1251.4077,24609,39025,Plecotus austriacus,0.009,0.027,-1,Echolocation,/mnt/ubna_data_02_mir/recover-20221013/UBNA_001/20221012_030000.WAV,Telephone Field,recover-20221013,001,1795
1251.4475,1251.4666,18593,22104,Nyctalus noctula,0.012,0.023,-1,Echolocation,/mnt/ubna_data_02_mir/recover-20221013/UBNA_001/20221012_030000.WAV,Telephone Field,recover-20221013,001,1795
1251.4535,1251.4944,68437,83665,Rhinolophus ferrumequinum,0.05,0.05,-1,Echolocation,/mnt/ubna_data_02_mir/recover-20221013/UBNA_001/20221012_030000.WAV,Telephone Field,recover-20221013,001,1795
1251.4645,1251.5032,68437,82257,Rhinolophus ferrumequinum,0.022,0.022,-1,Echolocation,/mnt/ubna_data_02_mir/recover-20221013/UBNA_001/20221012_030000.WAV,Telephone Field,recover-20221013,001,1795
1251.4665,1251.4743,26328,35208,Eptesicus serotinus,0.009,0.023,-1,Echolocation,/mnt/ubna_data_02_mir/recover-20221013/UBNA_001/20221012_030000.WAV,Telephone Field,recover-20221013,001,1795
1251.4885,1251.4955,28046,41047,Eptesicus serotinus,0.007,0.023,-1,Echolocation,/mnt/ubna_data_02_mir/recover-20221013/UBNA_001/20221012_030000.WAV,Telephone Field,recover-20221013,001,1795
1251.5025,1251.5408,68437,82408,Rhinolophus ferrumequinum,0.022,0.022,-1,Echolocation,/mnt/ubna_data_02_mir/recover-20221013/UBNA_001/20221012_030000.WAV,Telephone Field,recover-20221013,001,1795
1251.5055,1251.5156,22890,28459,Nyctalus leisleri,0.01,0.024,-1,Echolocation,/mnt/ubna_data_02_mir/recover-20221013/UBNA_001/20221012_030000.WAV,Telephone Field,recover-20221013,001,1795
1251.5265,1251.5356,22890,30379,Plecotus austriacus,0.008,0.024,-1,Echolocation,/mnt/ubna_data_02_mir/recover-20221013/UBNA_001/20221012_030000.WAV,Telephone Field,recover-20221013,001,1795
1251.5565,1251.5634,25468,37802,Myotis nattereri,0.005,0.021,-1,Echolocation,/mnt/ubna_data_02_mir/recover-20221013/UBNA_001/20221012_030000.WAV,Telephone Field,recover-20221013,001,1795
1251.5705,1251.5831,28906,36009,Eptesicus serotinus,0.012,0.025,-1,Echolocation,/mnt/ubna_data_02_mir/recover-20221013/UBNA_001/20221012_030000.WAV,Telephone Field,recover-20221013,001,1795
1251.5805,1251.5928,30625,36382,Eptesicus serotinus,0.01,0.026,-1,Echolocation,/mnt/ubna_data_02_mir/recover-20221013/UBNA_001/20221012_030000.WAV,Telephone Field,recover-20221013,001,1795
1251.6165,1251.6529,68437,81643,Rhinolophus ferrumequinum,0.026,0.026,-1,Echolocation,/mnt/ubna_data_02_mir/recover-20221013/UBNA_001/20221012_030000.WAV,Telephone Field,recover-20221013,001,1795
1251.6255,1251.6321,28046,44570,Eptesicus serotinus,0.006,0.021,-1,Echolocation,/mnt/ubna_data_02_mir/recover-20221013/UBNA_001/20221012_030000.WAV,Telephone Field,recover-20221013,001,1795
1251.6535,1251.6652,22890,28070,Nyctalus leisleri,0.01,0.021,-1,Echolocation,/mnt/ubna_data_02_mir/recover-20221013/UBNA_001/20221012_030000.WAV,Telephone Field,recover-20221013,001,1795
1251.6535,1251.6883,68437,80930,Rhinolophus ferrumequinum,0.024,0.024,-1,Echolocation,/mnt/ubna_data_02_mir/recover-20221013/UBNA_001/20221012_030000.WAV,Telephone Field,recover-20221013,001,1795
1251.6595,1251.6705,22890,27518,Nyctalus leisleri,0.011,0.021,-1,Echolocation,/mnt/ubna_data_02_mir/recover-20221013/UBNA_001/20221012_030000.WAV,Telephone Field,recover-20221013,001,1795
1251.6635,1251.6986,68437,82108,Rhinolophus ferrumequinum,0.021,0.021,-1,Echolocation,/mnt/ubna_data_02_mir/recover-20221013/UBNA_001/20221012_030000.WAV,Telephone Field,recover-20221013,001,1795
1251.6925,1251.7035,22031,26611,Nyctalus leisleri,0.012,0.022,-1,Echolocation,/mnt/ubna_data_02_mir/recover-20221013/UBNA_001/20221012_030000.WAV,Telephone Field,recover-20221013,001,1795
1251.7395,1251.7759,68437,82484,Rhinolophus ferrumequinum,0.022,0.022,-1,Echolocation,/mnt/ubna_data_02_mir/recover-20221013/UBNA_001/20221012_030000.WAV,Telephone Field,recover-20221013,001,1795
1251.8005,1251.8394,68437,82298,Rhinolophus ferrumequinum,0.024,0.024,-1,Echolocation,/mnt/ubna_data_02_mir/recover-20221013/UBNA_001/20221012_030000.WAV,Telephone Field,recover-20221013,001,1795
1251.8415,1251.8811,68437,82235,Rhinolophus ferrumequinum,0.022,0.022,-1,Echolocation,/mnt/ubna_data_02_mir/recover-20221013/UBNA_001/20221012_030000.WAV,Telephone Field,recover-20221013,001,1795
1251.8525,1251.8595,26328,35480,Eptesicus serotinus,0.006,0.021,-1,Echolocation,/mnt/ubna_data_02_mir/recover-20221013/UBNA_001/20221012_030000.WAV,Telephone Field,recover-20221013,001,1795
1251.8675,1251.9061,68437,82371,Rhinolophus ferrumequinum,0.023,0.023,-1,Echolocation,/mnt/ubna_data_02_mir/recover-20221013/UBNA_001/20221012_030000.WAV,Telephone Field,recover-20221013,001,1795
1251.9125,1251.9522,68437,82997,Rhinolophus ferrumequinum,0.023,0.023,-1,Echolocation,/mnt/ubna_data_02_mir/recover-20221013/UBNA_001/20221012_030000.WAV,Telephone Field,recover-20221013,001,1795
1251.9435,1251.9549,23750,29524,Nyctalus leisleri,0.015,0.03,-1,Echolocation,/mnt/ubna_data_02_mir/recover-20221013/UBNA_001/20221012_030000.WAV,Telephone Field,recover-20221013,001,1795
1251.9805,1251.9918,25468,33254,Eptesicus serotinus,0.012,0.029,-1,Echolocation,/mnt/ubna_data_02_mir/recover-20221013/UBNA_001/20221012_030000.WAV,Telephone Field,recover-20221013,001,1795
1252.0015,1252.0336,68437,80727,Rhinolophus ferrumequinum,0.03,0.03,-1,Echolocation,/mnt/ubna_data_02_mir/recover-20221013/UBNA_001/20221012_030000.WAV,Telephone Field,recover-20221013,001,1795
1252.0015,1252.0099,23750,31824,Nyctalus leisleri,0.007,0.024,-1,Echolocation,/mnt/ubna_data_02_mir/recover-20221013/UBNA_001/20221012_030000.WAV,Telephone Field,recover-20221013,001,1795
1252.0085,1252.0494,68437,82101,Rhinolophus ferrumequinum,0.021,0.021,-1,Echolocation,/mnt/ubna_data_02_mir/recover-20221013/UBNA_001/20221012_030000.WAV,Telephone Field,recover-20221013,001,1795
1252.0265,1252.0641,68437,82538,Rhinolophus ferrumequinum,0.024,0.024,-1,Echolocation,/mnt/ubna_data_02_mir/recover-20221013/UBNA_001/20221012_030000.WAV,Telephone Field,recover-20221013,001,1795
1252.0955,1252.1027,26328,39948,Eptesicus serotinus,0.006,0.022,-1,Echolocation,/mnt/ubna_data_02_mir/recover-20221013/UBNA_001/20221012_030000.WAV,Telephone Field,recover-20221013,001,1795
1252.1305,1252.1695,68437,82847,Rhinolophus ferrumequinum,0.023,0.023,-1,Echolocation,/mnt/ubna_data_02_mir/recover-20221013/UBNA_001/20221012_030000.WAV,Telephone Field,recover-20221013,001,1795
1252.1495,1252.1575,28046,37939,Eptesicus serotinus,0.007,0.021,-1,Echolocation,/mnt/ubna_data_02_mir/recover-20221013/UBNA_001/20221012_030000.WAV,Telephone Field,recover-20221013,001,1795
1252.1995,1252.2081,28046,39595,Eptesicus serotinus,0.008,0.021,-1,Echolocation,/mnt/ubna_data_02_mir/recover-20221013/UBNA_001/20221012_030000.WAV,Telephone Field,recover-20221013,001,1795
1252.2095,1252.2205,23750,29604,Nyctalus leisleri,0.012,0.026,-1,Echolocation,/mnt/ubna_data_02_mir/recover-20221013/UBNA_001/20221012_030000.WAV,Telephone Field,recover-20221013,001,1795
1252.2155,1252.2489,68437,80128,Rhinolophus ferrumequinum,0.023,0.023,-1,Echolocation,/mnt/ubna_data_02_mir/recover-20221013/UBNA_001/20221012_030000.WAV,Telephone Field,recover-20221013,001,1795
1252.2475,1252.2555,23750,31914,Plecotus austriacus,0.008,0.022,-1,Echolocation,/mnt/ubna_data_02_mir/recover-20221013/UBNA_001/20221012_030000.WAV,Telephone Field,recover-20221013,001,1795
1252.2785,1252.2944,21171,24271,Nyctalus leisleri,0.015,0.023,-1,Echolocation,/mnt/ubna_data_02_mir/recover-20221013/UBNA_001/20221012_030000.WAV,Telephone Field,recover-20221013,001,1795
1252.2885,1252.3295,68437,82819,Rhinolophus ferrumequinum,0.026,0.026,-1,Echolocation,/mnt/ubna_data_02_mir/recover-20221013/UBNA_001/20221012_030000.WAV,Telephone Field,recover-20221013,001,1795
1252.2935,1252.3041,22031,26281,Nyctalus leisleri,0.011,0.021,-1,Echolocation,/mnt/ubna_data_02_mir/recover-20221013/UBNA_001/20221012_030000.WAV,Telephone Field,recover-20221013,001,1795
1252.2935,1252.3029,39218,45821,Pipistrellus nathusii,0.011,0.021,-1,Echolocation,/mnt/ubna_data_02_mir/recover-20221013/UBNA_001/20221012_030000.WAV,Telephone Field,recover-20221013,001,1795
1252.2985,1252.339,68437,82996,Rhinolophus ferrumequinum,0.022,0.022,-1,Echolocation,/mnt/ubna_data_02_mir/recover-20221013/UBNA_001/20221012_030000.WAV,Telephone Field,recover-20221013,001,1795
1252.3375,1252.3739,68437,81567,Rhinolophus ferrumequinum,0.021,0.022,-1,Echolocation,/mnt/ubna_data_02_mir/recover-20221013/UBNA_001/20221012_030000.WAV,Telephone Field,recover-20221013,001,1795
1252.3465,1252.3835,68437,81810,Rhinolophus ferrumequinum,0.022,0.022,-1,Echolocation,/mnt/ubna_data_02_mir/recover-20221013/UBNA_001/20221012_030000.WAV,Telephone Field,recover-20221013,001,1795
1252.3505,1252.3588,46093,54482,Pipistrellus pipistrellus,0.012,0.022,-1,Echolocation,/mnt/ubna_data_02_mir/recover-20221013/UBNA_001/20221012_030000.WAV,Telephone Field,recover-20221013,001,1795
1252.3505,1252.3569,40937,57051,Myotis mystacinus,0.006,0.02,-1,Echolocation,/mnt/ubna_data_02_mir/recover-20221013/UBNA_001/20221012_030000.WAV,Telephone Field,recover-20221013,001,1795
1252.3935,1252.4145,19453,22507,Nyctalus noctula,0.011,0.021,-1,Echolocation,/mnt/ubna_data_02_mir/recover-20221013/UBNA_001/20221012_030000.WAV,Telephone Field,recover-20221013,001,1795
1252.4205,1252.457,68437,81704,Rhinolophus ferrumequinum,0.022,0.022,-1,Echolocation,/mnt/ubna_data_02_mir/recover-20221013/UBNA_001/20221012_030000.WAV,Telephone Field,recover-20221013,001,1795
1252.4215,1252.4315,22031,27225,Nyctalus leisleri,0.008,0.021,-1,Echolocation,/mnt/ubna_data_02_mir/recover-20221013/UBNA_001/20221012_030000.WAV,Telephone Field,recover-20221013,001,1795
1252.4425,1252.451,25468,33629,Eptesicus serotinus,0.008,0.023,-1,Echolocation,/mnt/ubna_data_02_mir/recover-20221013/UBNA_001/20221012_030000.WAV,Telephone Field,recover-20221013,001,1795
1252.4645,1252.4779,37500,41941,Pipistrellus nathusii,0.019,0.03,-1,Echolocation,/mnt/ubna_data_02_mir/recover-20221013/UBNA_001/20221012_030000.WAV,Telephone Field,recover-20221013,001,1795
1252.4895,1252.5318,68437,82545,Rhinolophus ferrumequinum,0.032,0.032,-1,Echolocation,/mnt/ubna_data_02_mir/recover-20221013/UBNA_001/20221012_030000.WAV,Telephone Field,recover-20221013,001,1795
1252.4915,1252.5007,28046,39283,Eptesicus serotinus,0.008,0.021,-1,Echolocation,/mnt/ubna_data_02_mir/recover-20221013/UBNA_001/20221012_030000.WAV,Telephone Field,recover-20221013,001,1795
1252.5185,1252.5531,68437,81336,Rhinolophus ferrumequinum,0.021,0.021,-1,Echolocation,/mnt/ubna_data_02_mir/recover-20221013/UBNA_001/20221012_030000.WAV,Telephone Field,recover-20221013,001,1795
1252.5395,1252.5472,24609,32655,Plecotus austriacus,0.006,0.021,-1,Echolocation,/mnt/ubna_data_02_mir/recover-20221013/UBNA_001/20221012_030000.WAV,Telephone Field,recover-20221013,001,1795
1252.5705,1252.6079,68437,82106,Rhinolophus ferrumequinum,0.02,0.02,-1,Echolocation,/mnt/ubna_data_02_mir/recover-20221013/UBNA_001/20221012_030000.WAV,Telephone Field,recover-20221013,001,1795
1252.5755,1252.5857,24609,30708,Nyctalus leisleri,0.011,0.027,-1,Echolocation,/mnt/ubna_data_02_mir/recover-20221013/UBNA_001/20221012_030000.WAV,Telephone Field,recover-20221013,001,1795
1252.6055,1252.6456,68437,82631,Rhinolophus ferrumequinum,0.024,0.024,-1,Echolocation,/mnt/ubna_data_02_mir/recover-20221013/UBNA_001/20221012_030000.WAV,Telephone Field,recover-20221013,001,1795
1252.6145,1252.6214,28046,40007,Eptesicus serotinus,0.007,0.026,-1,Echolocation,/mnt/ubna_data_02_mir/recover-20221013/UBNA_001/20221012_030000.WAV,Telephone Field,recover-20221013,001,1795
1252.6205,1252.6619,68437,83278,Rhinolophus ferrumequinum,0.023,0.023,-1,Echolocation,/mnt/ubna_data_02_mir/recover-20221013/UBNA_001/20221012_030000.WAV,Telephone Field,recover-20221013,001,1795
1252.6705,1252.7126,68437,83065,Rhinolophus ferrumequinum,0.031,0.031,-1,Echolocation,/mnt/ubna_data_02_mir/recover-20221013/UBNA_001/20221012_030000.WAV,Telephone Field,recover-20221013,001,1795
1252.6885,1252.7057,14296,18862,Nyctalus noctula,0.022,0.031,-1,Echolocation,/mnt/ubna_data_02_mir/recover-20221013/UBNA_001/20221012_030000.WAV,Telephone Field,recover-20221013,001,1795
1252.7375,1252.7730999999999,68437,81442,Rhinolophus ferrumequinum,0.021,0.021,-1,Echolocation,/mnt/ubna_data_02_mir/recover-20221013/UBNA_001/20221012_030000.WAV,Telephone Field,recover-20221013,001,1795
1252.7495,1252.7888,68437,82738,Rhinolophus ferrumequinum,0.024,0.024,-1,Echolocation,/mnt/ubna_data_02_mir/recover-20221013/UBNA_001/20221012_030000.WAV,Telephone Field,recover-20221013,001,1795
1252.7655,1252.7759,22890,28325,Nyctalus leisleri,0.011,0.025,-1,Echolocation,/mnt/ubna_data_02_mir/recover-20221013/UBNA_001/20221012_030000.WAV,Telephone Field,recover-20221013,001,1795
1252.8055,1252.8125,28046,40577,Eptesicus serotinus,0.007,0.025,-1,Echolocation,/mnt/ubna_data_02_mir/recover-20221013/UBNA_001/20221012_030000.WAV,Telephone Field,recover-20221013,001,1795
1252.8295,1252.8699,68437,82708,Rhinolophus ferrumequinum,0.021,0.021,-1,Echolocation,/mnt/ubna_data_02_mir/recover-20221013/UBNA_001/20221012_030000.WAV,Telephone Field,recover-20221013,001,1795
1252.8665,1252.9053,68437,82599,Rhinolophus ferrumequinum,0.021,0.021,-1,Echolocation,/mnt/ubna_data_02_mir/recover-20221013/UBNA_001/20221012_030000.WAV,Telephone Field,recover-20221013,001,1795
1252.9055,1252.9494,68437,83579,Rhinolophus ferrumequinum,0.025,0.025,-1,Echolocation,/mnt/ubna_data_02_mir/recover-20221013/UBNA_001/20221012_030000.WAV,Telephone Field,recover-20221013,001,1795
1252.9105,1252.9179,24609,33304,Plecotus austriacus,0.01,0.025,-1,Echolocation,/mnt/ubna_data_02_mir/recover-20221013/UBNA_001/20221012_030000.WAV,Telephone Field,recover-20221013,001,1795
1252.9355,1252.9447,25468,33708,Eptesicus serotinus,0.01,0.025,-1,Echolocation,/mnt/ubna_data_02_mir/recover-20221013/UBNA_001/20221012_030000.WAV,Telephone Field,recover-20221013,001,1795
1252.9465,1252.9557,27187,37023,Eptesicus serotinus,0.009,0.022,-1,Echolocation,/mnt/ubna_data_02_mir/recover-20221013/UBNA_001/20221012_030000.WAV,Telephone Field,recover-20221013,001,1795
1252.9785,1253.019,68437,82955,Rhinolophus ferrumequinum,0.024,0.024,-1,Echolocation,/mnt/ubna_data_02_mir/recover-20221013/UBNA_001/20221012_030000.WAV,Telephone Field,recover-20221013,001,1795
1252.9835,1252.9917,25468,33375,Eptesicus serotinus,0.006,0.021,-1,Echolocation,/mnt/ubna_data_02_mir/recover-20221013/UBNA_001/20221012_030000.WAV,Telephone Field,recover-20221013,001,1795
1253.0205,1253.0548,68437,80506,Rhinolophus ferrumequinum,0.022,0.022,-1,Echolocation,/mnt/ubna_data_02_mir/recover-20221013/UBNA_001/20221012_030000.WAV,Telephone Field,recover-20221013,001,1795
1253.0265,1253.0615,68437,81234,Rhinolophus ferrumequinum,0.021,0.022,-1,Echolocation,/mnt/ubna_data_02_mir/recover-20221013/UBNA_001/20221012_030000.WAV,Telephone Field,recover-20221013,001,1795
1253.0385,1253.0461,28046,40915,Eptesicus serotinus,0.011,0.028,-1,Echolocation,/mnt/ubna_data_02_mir/recover-20221013/UBNA_001/20221012_030000.WAV,Telephone Field,recover-20221013,001,1795
1253.0745,1253.0845,25468,33645,Eptesicus serotinus,0.011,0.024,-1,Echolocation,/mnt/ubna_data_02_mir/recover-20221013/UBNA_001/20221012_030000.WAV,Telephone Field,recover-20221013,001,1795
1253.0985,1253.1379,68437,82733,Rhinolophus ferrumequinum,0.021,0.021,-1,Echolocation,/mnt/ubna_data_02_mir/recover-20221013/UBNA_001/20221012_030000.WAV,Telephone Field,recover-20221013,001,1795
1253.2325,1253.2395,26328,41546,Eptesicus serotinus,0.006,0.023,-1,Echolocation,/mnt/ubna_data_02_mir/recover-20221013/UBNA_001/20221012_030000.WAV,Telephone Field,recover-20221013,001,1795
1253.2775,1253.323,68437,83159,Rhinolophus ferrumequinum,0.04,0.04,-1,Echolocation,/mnt/ubna_data_02_mir/recover-20221013/UBNA_001/20221012_030000.WAV,Telephone Field,recover-20221013,001,1795
1253.3025,1253.3123,24609,32521,Eptesicus serotinus,0.009,0.026,-1,Echolocation,/mnt/ubna_data_02_mir/recover-20221013/UBNA_001/20221012_030000.WAV,Telephone Field,recover-20221013,001,1795
1253.3125,1253.3518,68437,82337,Rhinolophus ferrumequinum,0.023,0.023,-1,Echolocation,/mnt/ubna_data_02_mir/recover-20221013/UBNA_001/20221012_030000.WAV,Telephone Field,recover-20221013,001,1795
1253.3265,1253.3645,68437,82079,Rhinolophus ferrumequinum,0.023,0.023,-1,Echolocation,/mnt/ubna_data_02_mir/recover-20221013/UBNA_001/20221012_030000.WAV,Telephone Field,recover-20221013,001,1795
1253.3385,1253.3447,28046,42700,Eptesicus serotinus,0.005,0.021,-1,Echolocation,/mnt/ubna_data_02_mir/recover-20221013/UBNA_001/20221012_030000.WAV,Telephone Field,recover-20221013,001,1795
1253.3625,1253.4029,68437,82439,Rhinolophus ferrumequinum,0.024,0.024,-1,Echolocation,/mnt/ubna_data_02_mir/recover-20221013/UBNA_001/20221012_030000.WAV,Telephone Field,recover-20221013,001,1795
1253.4135,1253.424,28906,34825,Eptesicus serotinus,0.012,0.025,-1,Echolocation,/mnt/ubna_data_02_mir/recover-20221013/UBNA_001/20221012_030000.WAV,Telephone Field,recover-20221013,001,1795
1253.4475,1253.4568,30625,38601,Eptesicus serotinus,0.008,0.025,-1,Echolocation,/mnt/ubna_data_02_mir/recover-20221013/UBNA_001/20221012_030000.WAV,Telephone Field,recover-20221013,001,1795
1253.5225,1253.5648,68437,82650,Rhinolophus ferrumequinum,0.023,0.023,-1,Echolocation,/mnt/ubna_data_02_mir/recover-20221013/UBNA_001/20221012_030000.WAV,Telephone Field,recover-20221013,001,1795
1253.5345,1253.5421,28046,40317,Eptesicus serotinus,0.007,0.021,-1,Echolocation,/mnt/ubna_data_02_mir/recover-20221013/UBNA_001/20221012_030000.WAV,Telephone Field,recover-20221013,001,1795
1253.5535,1253.5915,68437,82256,Rhinolophus ferrumequinum,0.022,0.022,-1,Echolocation,/mnt/ubna_data_02_mir/recover-20221013/UBNA_001/20221012_030000.WAV,Telephone Field,recover-20221013,001,1795
1253.5805,1253.6223,68437,82509,Rhinolophus ferrumequinum,0.037,0.037,-1,Echolocation,/mnt/ubna_data_02_mir/recover-20221013/UBNA_001/20221012_030000.WAV,Telephone Field,recover-20221013,001,1795
1253.5915,1253.5967,27187,40823,Plecotus auritus,0.021,0.055,-1,Echolocation,/mnt/ubna_data_02_mir/recover-20221013/UBNA_001/20221012_030000.WAV,Telephone Field,recover-20221013,001,1795
1253.6325,1253.6397,27187,38337,Eptesicus serotinus,0.006,0.022,-1,Echolocation,/mnt/ubna_data_02_mir/recover-20221013/UBNA_001/20221012_030000.WAV,Telephone Field,recover-20221013,001,1795
1253.6425,1253.6782,68437,81107,Rhinolophus ferrumequinum,0.022,0.022,-1,Echolocation,/mnt/ubna_data_02_mir/recover-20221013/UBNA_001/20221012_030000.WAV,Telephone Field,recover-20221013,001,1795
1253.6445,1253.6596,14296,18526,Nyctalus noctula,0.026,0.039,-1,Echolocation,/mnt/ubna_data_02_mir/recover-20221013/UBNA_001/20221012_030000.WAV,Telephone Field,recover-20221013,001,1795
1253.6555,1253.6945,68437,81427,Rhinolophus ferrumequinum,0.022,0.022,-1,Echolocation,/mnt/ubna_data_02_mir/recover-20221013/UBNA_001/20221012_030000.WAV,Telephone Field,recover-20221013,001,1795
1253.6615,1253.696,68437,80481,Rhinolophus ferrumequinum,0.023,0.023,-1,Echolocation,/mnt/ubna_data_02_mir/recover-20221013/UBNA_001/20221012_030000.WAV,Telephone Field,recover-20221013,001,1795
1253.6945,1253.7292,68437,81236,Rhinolophus ferrumequinum,0.022,0.022,-1,Echolocation,/mnt/ubna_data_02_mir/recover-20221013/UBNA_001/20221012_030000.WAV,Telephone Field,recover-20221013,001,1795
1253.7085,1253.7411,68437,81868,Rhinolophus ferrumequinum,0.022,0.022,-1,Echolocation,/mnt/ubna_data_02_mir/recover-20221013/UBNA_001/20221012_030000.WAV,Telephone Field,recover-20221013,001,1795
1253.7195,1253.7547,68437,81855,Rhinolophus ferrumequinum,0.022,0.022,-1,Echolocation,/mnt/ubna_data_02_mir/recover-20221013/UBNA_001/20221012_030000.WAV,Telephone Field,recover-20221013,001,1795
1253.7245,1253.734,28906,39193,Eptesicus serotinus,0.009,0.022,-1,Echolocation,/mnt/ubna_data_02_mir/recover-20221013/UBNA_001/20221012_030000.WAV,Telephone Field,recover-20221013,001,1795
1253.7455,1253.7574,22890,27238,Nyctalus leisleri,0.017,0.032,-1,Echolocation,/mnt/ubna_data_02_mir/recover-20221013/UBNA_001/20221012_030000.WAV,Telephone Field,recover-20221013,001,1795
1253.7755,1253.8127,68437,82494,Rhinolophus ferrumequinum,0.025,0.025,-1,Echolocation,/mnt/ubna_data_02_mir/recover-20221013/UBNA_001/20221012_030000.WAV,Telephone Field,recover-20221013,001,1795
1253.8055,1253.813,50390,55657,Pipistrellus pipistrellus,0.017,0.021,-1,Echolocation,/mnt/ubna_data_02_mir/recover-20221013/UBNA_001/20221012_030000.WAV,Telephone Field,recover-20221013,001,1795
1253.8195,1253.8565,68437,81762,Rhinolophus ferrumequinum,0.021,0.021,-1,Echolocation,/mnt/ubna_data_02_mir/recover-20221013/UBNA_001/20221012_030000.WAV,Telephone Field,recover-20221013,001,1795
1253.8265,1253.8338,24609,34797,Plecotus austriacus,0.006,0.023,-1,Echolocation,/mnt/ubna_data_02_mir/recover-20221013/UBNA_001/20221012_030000.WAV,Telephone Field,recover-20221013,001,1795
1253.8305,1253.865,68437,81660,Rhinolophus ferrumequinum,0.02,0.02,-1,Echolocation,/mnt/ubna_data_02_mir/recover-20221013/UBNA_001/20221012_030000.WAV,Telephone Field,recover-20221013,001,1795
1253.8585,1253.8661,28046,39225,Eptesicus serotinus,0.008,0.024,-1,Echolocation,/mnt/ubna_data_02_mir/recover-20221013/UBNA_001/20221012_030000.WAV,Telephone Field,recover-20221013,001,1795
1253.8955,1253.934,68437,81815,Rhinolophus ferrumequinum,0.021,0.021,-1,Echolocation,/mnt/ubna_data_02_mir/recover-20221013/UBNA_001/20221012_030000.WAV,Telephone Field,recover-20221013,001,1795
1253.9155,1253.9557,68437,82203,Rhinolophus ferrumequinum,0.023,0.023,-1,Echolocation,/mnt/ubna_data_02_mir/recover-20221013/UBNA_001/20221012_030000.WAV,Telephone Field,recover-20221013,001,1795
1253.9185,1253.9259,45234,52410,Pipistrellus pipistrellus,0.017,0.021,-1,Echolocation,/mnt/ubna_data_02_mir/recover-20221013/UBNA_001/20221012_030000.WAV,Telephone Field,recover-20221013,001,1795
1253.9195,1253.928,28046,39213,Eptesicus serotinus,0.009,0.024,-1,Echolocation,/mnt/ubna_data_02_mir/recover-20221013/UBNA_001/20221012_030000.WAV,Telephone Field,recover-20221013,001,1795
1253.9605,1253.9729,58984,64799,Pipistrellus pygmaeus,0.021,0.021,-1,Echolocation,/mnt/ubna_data_02_mir/recover-20221013/UBNA_001/20221012_030000.WAV,Telephone Field,recover-20221013,001,1795
1253.9705,1253.9793,23750,31438,Plecotus austriacus,0.008,0.031,-1,Echolocation,/mnt/ubna_data_02_mir/recover-20221013/UBNA_001/20221012_030000.WAV,Telephone Field,recover-20221013,001,1795
1254.0015,1254.0332,69296,81387,Rhinolophus ferrumequinum,0.025,0.026,-1,Echolocation,/mnt/ubna_data_02_mir/recover-20221013/UBNA_001/20221012_030000.WAV,Telephone Field,recover-20221013,001,1795
1254.0015,1254.0102,23750,29867,Nyctalus leisleri,0.016,0.037,-1,Echolocation,/mnt/ubna_data_02_mir/recover-20221013/UBNA_001/20221012_030000.WAV,Telephone Field,recover-20221013,001,1795
1254.0055,1254.0186,42656,45988,Pipistrellus pipistrellus,0.022,0.034,-1,Echolocation,/mnt/ubna_data_02_mir/recover-20221013/UBNA_001/20221012_030000.WAV,Telephone Field,recover-20221013,001,1795
1254.0175,1254.0230999999999,34062,62232,Myotis brandtii,0.01,0.026,-1,Echolocation,/mnt/ubna_data_02_mir/recover-20221013/UBNA_001/20221012_030000.WAV,Telephone Field,recover-20221013,001,1795
1254.0185,1254.0234,42656,56139,Myotis mystacinus,0.014,0.031,-1,Echolocation,/mnt/ubna_data_02_mir/recover-20221013/UBNA_001/20221012_030000.WAV,Telephone Field,recover-20221013,001,1795
1254.0265,1254.0654,68437,82297,Rhinolophus ferrumequinum,0.021,0.021,-1,Echolocation,/mnt/ubna_data_02_mir/recover-20221013/UBNA_001/20221012_030000.WAV,Telephone Field,recover-20221013,001,1795
1254.0595,1254.0997,68437,82200,Rhinolophus ferrumequinum,0.026,0.026,-1,Echolocation,/mnt/ubna_data_02_mir/recover-20221013/UBNA_001/20221012_030000.WAV,Telephone Field,recover-20221013,001,1795
1254.1165,1254.1633,68437,83492,Rhinolophus ferrumequinum,0.075,0.075,-1,Echolocation,/mnt/ubna_data_02_mir/recover-20221013/UBNA_001/20221012_030000.WAV,Telephone Field,recover-20221013,001,1795
1254.1635,1254.1698,40078,57496,Myotis mystacinus,0.009,0.027,-1,Echolocation,/mnt/ubna_data_02_mir/recover-20221013/UBNA_001/20221012_030000.WAV,Telephone Field,recover-20221013,001,1795
1254.1695,1254.204,68437,81873,Rhinolophus ferrumequinum,0.021,0.021,-1,Echolocation,/mnt/ubna_data_02_mir/recover-20221013/UBNA_001/20221012_030000.WAV,Telephone Field,recover-20221013,001,1795
1254.1715,1254.178,28046,40096,Eptesicus serotinus,0.006,0.028,-1,Echolocation,/mnt/ubna_data_02_mir/recover-20221013/UBNA_001/20221012_030000.WAV,Telephone Field,recover-20221013,001,1795
1254.1925,1254.2321,68437,82160,Rhinolophus ferrumequinum,0.025,0.025,-1,Echolocation,/mnt/ubna_data_02_mir/recover-20221013/UBNA_001/20221012_030000.WAV,Telephone Field,recover-20221013,001,1795
1254.2185,1254.2598,68437,82928,Rhinolophus ferrumequinum,0.025,0.025,-1,Echolocation,/mnt/ubna_data_02_mir/recover-20221013/UBNA_001/20221012_030000.WAV,Telephone Field,recover-20221013,001,1795
1254.2765,1254.3159,68437,82193,Rhinolophus ferrumequinum,0.022,0.022,-1,Echolocation,/mnt/ubna_data_02_mir/recover-20221013/UBNA_001/20221012_030000.WAV,Telephone Field,recover-20221013,001,1795
1254.2955,1254.3315,68437,81646,Rhinolophus ferrumequinum,0.021,0.021,-1,Echolocation,/mnt/ubna_data_02_mir/recover-20221013/UBNA_001/20221012_030000.WAV,Telephone Field,recover-20221013,001,1795
1254.3025,1254.312,28906,35705,Eptesicus serotinus,0.008,0.021,-1,Echolocation,/mnt/ubna_data_02_mir/recover-20221013/UBNA_001/20221012_030000.WAV,Telephone Field,recover-20221013,001,1795
1254.3475,1254.3557,28906,37936,Eptesicus serotinus,0.01,0.031,-1,Echolocation,/mnt/ubna_data_02_mir/recover-20221013/UBNA_001/20221012_030000.WAV,Telephone Field,recover-20221013,001,1795
1254.3475,1254.3882,68437,82500,Rhinolophus ferrumequinum,0.023,0.023,-1,Echolocation,/mnt/ubna_data_02_mir/recover-20221013/UBNA_001/20221012_030000.WAV,Telephone Field,recover-20221013,001,1795
1254.3925,1254.4336,68437,82179,Rhinolophus ferrumequinum,0.03,0.03,-1,Echolocation,/mnt/ubna_data_02_mir/recover-20221013/UBNA_001/20221012_030000.WAV,Telephone Field,recover-20221013,001,1795
1254.4115,1254.4194,25468,35314,Eptesicus serotinus,0.008,0.028,-1,Echolocation,/mnt/ubna_data_02_mir/recover-20221013/UBNA_001/20221012_030000.WAV,Telephone Field,recover-20221013,001,1795
1254.4165,1254.4505,68437,81365,Rhinolophus ferrumequinum,0.023,0.023,-1,Echolocation,/mnt/ubna_data_02_mir/recover-20221013/UBNA_001/20221012_030000.WAV,Telephone Field,recover-20221013,001,1795
1254.4245,1254.4627,68437,81766,Rhinolophus ferrumequinum,0.021,0.021,-1,Echolocation,/mnt/ubna_data_02_mir/recover-20221013/UBNA_001/20221012_030000.WAV,Telephone Field,recover-20221013,001,1795
1254.4325,1254.4709,68437,81743,Rhinolophus ferrumequinum,0.022,0.022,-1,Echolocation,/mnt/ubna_data_02_mir/recover-20221013/UBNA_001/20221012_030000.WAV,Telephone Field,recover-20221013,001,1795
1254.4435,1254.4494,37500,52724,Myotis brandtii,0.006,0.022,-1,Echolocation,/mnt/ubna_data_02_mir/recover-20221013/UBNA_001/20221012_030000.WAV,Telephone Field,recover-20221013,001,1795
1254.4585,1254.4958,68437,81873,Rhinolophus ferrumequinum,0.021,0.021,-1,Echolocation,/mnt/ubna_data_02_mir/recover-20221013/UBNA_001/20221012_030000.WAV,Telephone Field,recover-20221013,001,1795
1254.4645,1254.4771,44375,48420,Pipistrellus pipistrellus,0.069,0.077,-1,Echolocation,/mnt/ubna_data_02_mir/recover-20221013/UBNA_001/20221012_030000.WAV,Telephone Field,recover-20221013,001,1795
1254.4665,1254.4765,24609,31873,Nyctalus leisleri,0.009,0.027,-1,Echolocation,/mnt/ubna_data_02_mir/recover-20221013/UBNA_001/20221012_030000.WAV,Telephone Field,recover-20221013,001,1795
1254.4995,1254.536,68437,81600,Rhinolophus ferrumequinum,0.024,0.024,-1,Echolocation,/mnt/ubna_data_02_mir/recover-20221013/UBNA_001/20221012_030000.WAV,Telephone Field,recover-20221013,001,1795
1254.5205,1254.5595,68437,81812,Rhinolophus ferrumequinum,0.024,0.024,-1,Echolocation,/mnt/ubna_data_02_mir/recover-20221013/UBNA_001/20221012_030000.WAV,Telephone Field,recover-20221013,001,1795
1254.5445,1254.5548,22890,29820,Nyctalus leisleri,0.008,0.023,-1,Echolocation,/mnt/ubna_data_02_mir/recover-20221013/UBNA_001/20221012_030000.WAV,Telephone Field,recover-20221013,001,1795
1254.5475,1254.5842,68437,82136,Rhinolophus ferrumequinum,0.029,0.029,-1,Echolocation,/mnt/ubna_data_02_mir/recover-20221013/UBNA_001/20221012_030000.WAV,Telephone Field,recover-20221013,001,1795
1254.5595,1254.5666,44375,49738,Pipistrellus pipistrellus,0.026,0.027,-1,Echolocation,/mnt/ubna_data_02_mir/recover-20221013/UBNA_001/20221012_030000.WAV,Telephone Field,recover-20221013,001,1795
1254.5715,1254.6122,68437,82591,Rhinolophus ferrumequinum,0.025,0.025,-1,Echolocation,/mnt/ubna_data_02_mir/recover-20221013/UBNA_001/20221012_030000.WAV,Telephone Field,recover-20221013,001,1795
1254.6025,1254.6447,68437,82700,Rhinolophus ferrumequinum,0.024,0.024,-1,Echolocation,/mnt/ubna_data_02_mir/recover-20221013/UBNA_001/20221012_030000.WAV,Telephone Field,recover-20221013,001,1795
1254.6195,1254.6294,28046,36656,Eptesicus serotinus,0.011,0.025,-1,Echolocation,/mnt/ubna_data_02_mir/recover-20221013/UBNA_001/20221012_030000.WAV,Telephone Field,recover-20221013,001,1795
1254.6275,1254.6346,27187,35336,Eptesicus serotinus,0.007,0.024,-1,Echolocation,/mnt/ubna_data_02_mir/recover-20221013/UBNA_001/20221012_030000.WAV,Telephone Field,recover-20221013,001,1795
1254.6415,1254.6786,68437,81158,Rhinolophus ferrumequinum,0.022,0.022,-1,Echolocation,/mnt/ubna_data_02_mir/recover-20221013/UBNA_001/20221012_030000.WAV,Telephone Field,recover-20221013,001,1795
1254.7055,1254.7153,22031,27806,Nyctalus leisleri,0.008,0.023,-1,Echolocation,/mnt/ubna_data_02_mir/recover-20221013/UBNA_001/20221012_030000.WAV,Telephone Field,recover-20221013,001,1795
1254.7065,1254.7475,68437,82958,Rhinolophus ferrumequinum,0.028,0.028,-1,Echolocation,/mnt/ubna_data_02_mir/recover-20221013/UBNA_001/20221012_030000.WAV,Telephone Field,recover-20221013,001,1795
1254.7065,1254.7146,28906,37809,Eptesicus serotinus,0.007,0.022,-1,Echolocation,/mnt/ubna_data_02_mir/recover-20221013/UBNA_001/20221012_030000.WAV,Telephone Field,recover-20221013,001,1795
1254.7265,1254.7638,68437,81748,Rhinolophus ferrumequinum,0.021,0.021,-1,Echolocation,/mnt/ubna_data_02_mir/recover-20221013/UBNA_001/20221012_030000.WAV,Telephone Field,recover-20221013,001,1795
1254.7365,1254.7705,68437,81360,Rhinolophus ferrumequinum,0.021,0.021,-1,Echolocation,/mnt/ubna_data_02_mir/recover-20221013/UBNA_001/20221012_030000.WAV,Telephone Field,recover-20221013,001,1795
1254.7505,1254.7897,68437,82590,Rhinolophus ferrumequinum,0.021,0.021,-1,Echolocation,/mnt/ubna_data_02_mir/recover-20221013/UBNA_001/20221012_030000.WAV,Telephone Field,recover-20221013,001,1795
1254.7735,1254.8127,68437,81852,Rhinolophus ferrumequinum,0.023,0.023,-1,Echolocation,/mnt/ubna_data_02_mir/recover-20221013/UBNA_001/20221012_030000.WAV,Telephone Field,recover-20221013,001,1795
1254.7825,1254.7907,26328,36030,Eptesicus serotinus,0.01,0.024,-1,Echolocation,/mnt/ubna_data_02_mir/recover-20221013/UBNA_001/20221012_030000.WAV,Telephone Field,recover-20221013,001,1795
1254.8055,1254.8163,39218,46145,Pipistrellus nathusii,0.02,0.033,-1,Echolocation,/mnt/ubna_data_02_mir/recover-20221013/UBNA_001/20221012_030000.WAV,Telephone Field,recover-20221013,001,1795
1254.8085,1254.8473,68437,81883,Rhinolophus ferrumequinum,0.023,0.023,-1,Echolocation,/mnt/ubna_data_02_mir/recover-20221013/UBNA_001/20221012_030000.WAV,Telephone Field,recover-20221013,001,1795
1254.8305,1254.8372,27187,37503,Eptesicus serotinus,0.01,0.036,-1,Echolocation,/mnt/ubna_data_02_mir/recover-20221013/UBNA_001/20221012_030000.WAV,Telephone Field,recover-20221013,001,1795
1254.8435,1254.8835,68437,81846,Rhinolophus ferrumequinum,0.021,0.021,-1,Echolocation,/mnt/ubna_data_02_mir/recover-20221013/UBNA_001/20221012_030000.WAV,Telephone Field,recover-20221013,001,1795
1254.8535,1254.8921,68437,82291,Rhinolophus ferrumequinum,0.022,0.023,-1,Echolocation,/mnt/ubna_data_02_mir/recover-20221013/UBNA_001/20221012_030000.WAV,Telephone Field,recover-20221013,001,1795
1254.8705,1254.878,28046,38208,Eptesicus serotinus,0.013,0.033,-1,Echolocation,/mnt/ubna_data_02_mir/recover-20221013/UBNA_001/20221012_030000.WAV,Telephone Field,recover-20221013,001,1795
1254.9075,1254.9428,68437,80688,Rhinolophus ferrumequinum,0.021,0.021,-1,Echolocation,/mnt/ubna_data_02_mir/recover-20221013/UBNA_001/20221012_030000.WAV,Telephone Field,recover-20221013,001,1795
1254.9085,1254.9226,22890,27487,Nyctalus leisleri,0.011,0.021,-1,Echolocation,/mnt/ubna_data_02_mir/recover-20221013/UBNA_001/20221012_030000.WAV,Telephone Field,recover-20221013,001,1795
1254.9215,1254.9303,28046,38905,Eptesicus serotinus,0.008,0.022,-1,Echolocation,/mnt/ubna_data_02_mir/recover-20221013/UBNA_001/20221012_030000.WAV,Telephone Field,recover-20221013,001,1795
1254.9645,1254.9709,28906,41626,Myotis daubentonii,0.009,0.03,-1,Echolocation,/mnt/ubna_data_02_mir/recover-20221013/UBNA_001/20221012_030000.WAV,Telephone Field,recover-20221013,001,1795
1254.9735,1254.9845,44375,47106,Pipistrellus pipistrellus,0.036,0.039,-1,Echolocation,/mnt/ubna_data_02_mir/recover-20221013/UBNA_001/20221012_030000.WAV,Telephone Field,recover-20221013,001,1795
1254.9745,1255.011,68437,80689,Rhinolophus ferrumequinum,0.029,0.03,-1,Echolocation,/mnt/ubna_data_02_mir/recover-20221013/UBNA_001/20221012_030000.WAV,Telephone Field,recover-20221013,001,1795
1254.9965,1255.0073,22031,26440,Nyctalus leisleri,0.011,0.021,-1,Echolocation,/mnt/ubna_data_02_mir/recover-20221013/UBNA_001/20221012_030000.WAV,Telephone Field,recover-20221013,001,1795
1255.0105,1255.051,68437,82089,Rhinolophus ferrumequinum,0.022,0.022,-1,Echolocation,/mnt/ubna_data_02_mir/recover-20221013/UBNA_001/20221012_030000.WAV,Telephone Field,recover-20221013,001,1795
1255.0225,1255.061,68437,81770,Rhinolophus ferrumequinum,0.022,0.022,-1,Echolocation,/mnt/ubna_data_02_mir/recover-20221013/UBNA_001/20221012_030000.WAV,Telephone Field,recover-20221013,001,1795
1255.0435,1255.0829,68437,81998,Rhinolophus ferrumequinum,0.021,0.021,-1,Echolocation,/mnt/ubna_data_02_mir/recover-20221013/UBNA_001/20221012_030000.WAV,Telephone Field,recover-20221013,001,1795
1255.0455,1255.053,27187,37819,Eptesicus serotinus,0.007,0.022,-1,Echolocation,/mnt/ubna_data_02_mir/recover-20221013/UBNA_001/20221012_030000.WAV,Telephone Field,recover-20221013,001,1795
1255.0545,1255.0643,23750,30329,Nyctalus leisleri,0.01,0.028,-1,Echolocation,/mnt/ubna_data_02_mir/recover-20221013/UBNA_001/20221012_030000.WAV,Telephone Field,recover-20221013,001,1795
1255.1165,1255.1567,68437,81675,Rhinolophus ferrumequinum,0.028,0.028,-1,Echolocation,/mnt/ubna_data_02_mir/recover-20221013/UBNA_001/20221012_030000.WAV,Telephone Field,recover-20221013,001,1795
1255.1235,1255.1313,28046,37392,Eptesicus serotinus,0.007,0.022,-1,Echolocation,/mnt/ubna_data_02_mir/recover-20221013/UBNA_001/20221012_030000.WAV,Telephone Field,recover-20221013,001,1795
1255.1275,1255.1663,68437,81453,Rhinolophus ferrumequinum,0.023,0.023,-1,Echolocation,/mnt/ubna_data_02_mir/recover-20221013/UBNA_001/20221012_030000.WAV,Telephone Field,recover-20221013,001,1795
1255.2145,1255.2522,68437,81634,Rhinolophus ferrumequinum,0.021,0.021,-1,Echolocation,/mnt/ubna_data_02_mir/recover-20221013/UBNA_001/20221012_030000.WAV,Telephone Field,recover-20221013,001,1795
1255.2355,1255.245,25468,34400,Eptesicus serotinus,0.009,0.023,-1,Echolocation,/mnt/ubna_data_02_mir/recover-20221013/UBNA_001/20221012_030000.WAV,Telephone Field,recover-20221013,001,1795
1255.2395,1255.2761,68437,81851,Rhinolophus ferrumequinum,0.022,0.022,-1,Echolocation,/mnt/ubna_data_02_mir/recover-20221013/UBNA_001/20221012_030000.WAV,Telephone Field,recover-20221013,001,1795
1255.2805,1255.2891,28046,37636,Eptesicus serotinus,0.007,0.021,-1,Echolocation,/mnt/ubna_data_02_mir/recover-20221013/UBNA_001/20221012_030000.WAV,Telephone Field,recover-20221013,001,1795
1255.3075,1255.3152,28046,38908,Eptesicus serotinus,0.008,0.023,-1,Echolocation,/mnt/ubna_data_02_mir/recover-20221013/UBNA_001/20221012_030000.WAV,Telephone Field,recover-20221013,001,1795
1255.3175,1255.3602,68437,83093,Rhinolophus ferrumequinum,0.027,0.027,-1,Echolocation,/mnt/ubna_data_02_mir/recover-20221013/UBNA_001/20221012_030000.WAV,Telephone Field,recover-20221013,001,1795
1255.3185,1255.3285,22890,28819,Nyctalus leisleri,0.008,0.022,-1,Echolocation,/mnt/ubna_data_02_mir/recover-20221013/UBNA_001/20221012_030000.WAV,Telephone Field,recover-20221013,001,1795
1255.3205,1255.3299,28046,37290,Eptesicus serotinus,0.008,0.022,-1,Echolocation,/mnt/ubna_data_02_mir/recover-20221013/UBNA_001/20221012_030000.WAV,Telephone Field,recover-20221013,001,1795
1255.3425,1255.3819,68437,81763,Rhinolophus ferrumequinum,0.022,0.022,-1,Echolocation,/mnt/ubna_data_02_mir/recover-20221013/UBNA_001/20221012_030000.WAV,Telephone Field,recover-20221013,001,1795
1255.3515,1255.3897,68437,82162,Rhinolophus ferrumequinum,0.023,0.023,-1,Echolocation,/mnt/ubna_data_02_mir/recover-20221013/UBNA_001/20221012_030000.WAV,Telephone Field,recover-20221013,001,1795
1255.3665,1255.4049,68437,81850,Rhinolophus ferrumequinum,0.022,0.022,-1,Echolocation,/mnt/ubna_data_02_mir/recover-20221013/UBNA_001/20221012_030000.WAV,Telephone Field,recover-20221013,001,1795
1255.3705,1255.379,28046,38702,Eptesicus serotinus,0.008,0.022,-1,Echolocation,/mnt/ubna_data_02_mir/recover-20221013/UBNA_001/20221012_030000.WAV,Telephone Field,recover-20221013,001,1795
1255.3775,1255.3941,44375,48825,Pipistrellus pipistrellus,0.037,0.044,-1,Echolocation,/mnt/ubna_data_02_mir/recover-20221013/UBNA_001/20221012_030000.WAV,Telephone Field,recover-20221013,001,1795
1255.3865,1255.4247,68437,82159,Rhinolophus ferrumequinum,0.023,0.023,-1,Echolocation,/mnt/ubna_data_02_mir/recover-20221013/UBNA_001/20221012_030000.WAV,Telephone Field,recover-20221013,001,1795
1255.3945,1255.4327,68437,81952,Rhinolophus ferrumequinum,0.024,0.024,-1,Echolocation,/mnt/ubna_data_02_mir/recover-20221013/UBNA_001/20221012_030000.WAV,Telephone Field,recover-20221013,001,1795
1255.4055,1255.4161,28046,35630,Eptesicus serotinus,0.01,0.023,-1,Echolocation,/mnt/ubna_data_02_mir/recover-20221013/UBNA_001/20221012_030000.WAV,Telephone Field,recover-20221013,001,1795
1255.4155,1255.4537,68437,81510,Rhinolophus ferrumequinum,0.021,0.021,-1,Echolocation,/mnt/ubna_data_02_mir/recover-20221013/UBNA_001/20221012_030000.WAV,Telephone Field,recover-20221013,001,1795
1255.4365,1255.4785,68437,83089,Rhinolophus ferrumequinum,0.026,0.026,-1,Echolocation,/mnt/ubna_data_02_mir/recover-20221013/UBNA_001/20221012_030000.WAV,Telephone Field,recover-20221013,001,1795
1255.5045,1255.5444,68437,82783,Rhinolophus ferrumequinum,0.023,0.023,-1,Echolocation,/mnt/ubna_data_02_mir/recover-20221013/UBNA_001/20221012_030000.WAV,Telephone Field,recover-20221013,001,1795
1255.5315,1255.5727,68437,82643,Rhinolophus ferrumequinum,0.021,0.021,-1,Echolocation,/mnt/ubna_data_02_mir/recover-20221013/UBNA_001/20221012_030000.WAV,Telephone Field,recover-20221013,001,1795
1255.5455,1255.5595,58125,63786,Pipistrellus pygmaeus,0.02,0.021,-1,Echolocation,/mnt/ubna_data_02_mir/recover-20221013/UBNA_001/20221012_030000.WAV,Telephone Field,recover-20221013,001,1795
1255.5665,1255.6043,68437,81771,Rhinolophus ferrumequinum,0.023,0.023,-1,Echolocation,/mnt/ubna_data_02_mir/recover-20221013/UBNA_001/20221012_030000.WAV,Telephone Field,recover-20221013,001,1795
1255.5815,1255.5886,28906,38356,Eptesicus serotinus,0.006,0.022,-1,Echolocation,/mnt/ubna_data_02_mir/recover-20221013/UBNA_001/20221012_030000.WAV,Telephone Field,recover-20221013,001,1795
1255.5905,1255.6299,68437,82118,Rhinolophus ferrumequinum,0.023,0.023,-1,Echolocation,/mnt/ubna_data_02_mir/recover-20221013/UBNA_001/20221012_030000.WAV,Telephone Field,recover-20221013,001,1795
1255.6245,1255.6633,68437,81894,Rhinolophus ferrumequinum,0.023,0.023,-1,Echolocation,/mnt/ubna_data_02_mir/recover-20221013/UBNA_001/20221012_030000.WAV,Telephone Field,recover-20221013,001,1795
1255.6285,1255.6363,28906,40093,Eptesicus serotinus,0.006,0.022,-1,Echolocation,/mnt/ubna_data_02_mir/recover-20221013/UBNA_001/20221012_030000.WAV,Telephone Field,recover-20221013,001,1795
1255.6505,1255.6917,68437,82954,Rhinolophus ferrumequinum,0.031,0.031,-1,Echolocation,/mnt/ubna_data_02_mir/recover-20221013/UBNA_001/20221012_030000.WAV,Telephone Field,recover-20221013,001,1795
1255.6915,1255.7296,68437,81193,Rhinolophus ferrumequinum,0.021,0.021,-1,Echolocation,/mnt/ubna_data_02_mir/recover-20221013/UBNA_001/20221012_030000.WAV,Telephone Field,recover-20221013,001,1795
1255.7105,1255.747,68437,81660,Rhinolophus ferrumequinum,0.022,0.022,-1,Echolocation,/mnt/ubna_data_02_mir/recover-20221013/UBNA_001/20221012_030000.WAV,Telephone Field,recover-20221013,001,1795
1255.7395,1255.7778,68437,81156,Rhinolophus ferrumequinum,0.023,0.023,-1,Echolocation,/mnt/ubna_data_02_mir/recover-20221013/UBNA_001/20221012_030000.WAV,Telephone Field,recover-20221013,001,1795
1255.7415,1255.7507,28046,36218,Eptesicus serotinus,0.008,0.021,-1,Echolocation,/mnt/ubna_data_02_mir/recover-20221013/UBNA_001/20221012_030000.WAV,Telephone Field,recover-20221013,001,1795
1255.7515,1255.7907,68437,82685,Rhinolophus ferrumequinum,0.022,0.022,-1,Echolocation,/mnt/ubna_data_02_mir/recover-20221013/UBNA_001/20221012_030000.WAV,Telephone Field,recover-20221013,001,1795
1255.7565,1255.7649,28046,38428,Eptesicus serotinus,0.007,0.021,-1,Echolocation,/mnt/ubna_data_02_mir/recover-20221013/UBNA_001/20221012_030000.WAV,Telephone Field,recover-20221013,001,1795
1255.7635,1255.7713,25468,33625,Eptesicus serotinus,0.007,0.021,-1,Echolocation,/mnt/ubna_data_02_mir/recover-20221013/UBNA_001/20221012_030000.WAV,Telephone Field,recover-20221013,001,1795
1255.7765,1255.8177,68437,83098,Rhinolophus ferrumequinum,0.022,0.022,-1,Echolocation,/mnt/ubna_data_02_mir/recover-20221013/UBNA_001/20221012_030000.WAV,Telephone Field,recover-20221013,001,1795
1255.8025,1255.8138,23750,28741,Nyctalus leisleri,0.013,0.028,-1,Echolocation,/mnt/ubna_data_02_mir/recover-20221013/UBNA_001/20221012_030000.WAV,Telephone Field,recover-20221013,001,1795
1255.8165,1255.8589,68437,82555,Rhinolophus ferrumequinum,0.023,0.023,-1,Echolocation,/mnt/ubna_data_02_mir/recover-20221013/UBNA_001/20221012_030000.WAV,Telephone Field,recover-20221013,001,1795
1255.8655,1255.8758,28046,37076,Eptesicus serotinus,0.009,0.022,-1,Echolocation,/mnt/ubna_data_02_mir/recover-20221013/UBNA_001/20221012_030000.WAV,Telephone Field,recover-20221013,001,1795
1255.8915,1255.9323,68437,82230,Rhinolophus ferrumequinum,0.022,0.022,-1,Echolocation,/mnt/ubna_data_02_mir/recover-20221013/UBNA_001/20221012_030000.WAV,Telephone Field,recover-20221013,001,1795
1255.9165,1255.9546,68437,82339,Rhinolophus ferrumequinum,0.023,0.023,-1,Echolocation,/mnt/ubna_data_02_mir/recover-20221013/UBNA_001/20221012_030000.WAV,Telephone Field,recover-20221013,001,1795
1255.9205,1255.9291,28906,36886,Eptesicus serotinus,0.007,0.021,-1,Echolocation,/mnt/ubna_data_02_mir/recover-20221013/UBNA_001/20221012_030000.WAV,Telephone Field,recover-20221013,001,1795
1255.9355,1255.9764,68437,82781,Rhinolophus ferrumequinum,0.027,0.027,-1,Echolocation,/mnt/ubna_data_02_mir/recover-20221013/UBNA_001/20221012_030000.WAV,Telephone Field,recover-20221013,001,1795
1256.0015,1256.0084,47812,53228,Pipistrellus pipistrellus,0.022,0.028,-1,Echolocation,/mnt/ubna_data_02_mir/recover-20221013/UBNA_001/20221012_030000.WAV,Telephone Field,recover-20221013,001,1795
1256.0015,1256.0109,22890,28690,Nyctalus leisleri,0.012,0.03,-1,Echolocation,/mnt/ubna_data_02_mir/recover-20221013/UBNA_001/20221012_030000.WAV,Telephone Field,recover-20221013,001,1795
1256.0015,1256.0101,30625,39775,Myotis daubentonii,0.006,0.026,-1,Echolocation,/mnt/ubna_data_02_mir/recover-20221013/UBNA_001/20221012_030000.WAV,Telephone Field,recover-20221013,001,1795
1256.0015,1256.0322,68437,79608,Rhinolophus ferrumequinum,0.034,0.034,-1,Echolocation,/mnt/ubna_data_02_mir/recover-20221013/UBNA_001/20221012_030000.WAV,Telephone Field,recover-20221013,001,1795
1256.0605,1256.1001,68437,82432,Rhinolophus ferrumequinum,0.022,0.022,-1,Echolocation,/mnt/ubna_data_02_mir/recover-20221013/UBNA_001/20221012_030000.WAV,Telephone Field,recover-20221013,001,1795
1256.0865,1256.124,68437,82339,Rhinolophus ferrumequinum,0.021,0.021,-1,Echolocation,/mnt/ubna_data_02_mir/recover-20221013/UBNA_001/20221012_030000.WAV,Telephone Field,recover-20221013,001,1795
1256.1155,1256.127,23750,27141,Nyctalus leisleri,0.022,0.036,-1,Echolocation,/mnt/ubna_data_02_mir/recover-20221013/UBNA_001/20221012_030000.WAV,Telephone Field,recover-20221013,001,1795
1256.1385,1256.1761,68437,81916,Rhinolophus ferrumequinum,0.022,0.022,-1,Echolocation,/mnt/ubna_data_02_mir/recover-20221013/UBNA_001/20221012_030000.WAV,Telephone Field,recover-20221013,001,1795
1256.1735,1256.2127,68437,81392,Rhinolophus ferrumequinum,0.025,0.025,-1,Echolocation,/mnt/ubna_data_02_mir/recover-20221013/UBNA_001/20221012_030000.WAV,Telephone Field,recover-20221013,001,1795
1256.1825,1256.2184,68437,81358,Rhinolophus ferrumequinum,0.022,0.022,-1,Echolocation,/mnt/ubna_data_02_mir/recover-20221013/UBNA_001/20221012_030000.WAV,Telephone Field,recover-20221013,001,1795
1256.2135,1256.2489,68437,81959,Rhinolophus ferrumequinum,0.024,0.024,-1,Echolocation,/mnt/ubna_data_02_mir/recover-20221013/UBNA_001/20221012_030000.WAV,Telephone Field,recover-20221013,001,1795
1256.2155,1256.2245,33203,40355,Myotis daubentonii,0.007,0.024,-1,Echolocation,/mnt/ubna_data_02_mir/recover-20221013/UBNA_001/20221012_030000.WAV,Telephone Field,recover-20221013,001,1795
1256.2175,1256.2268,28046,38010,Eptesicus serotinus,0.012,0.029,-1,Echolocation,/mnt/ubna_data_02_mir/recover-20221013/UBNA_001/20221012_030000.WAV,Telephone Field,recover-20221013,001,1795
1256.2395,1256.2747,68437,81607,Rhinolophus ferrumequinum,0.023,0.023,-1,Echolocation,/mnt/ubna_data_02_mir/recover-20221013/UBNA_001/20221012_030000.WAV,Telephone Field,recover-20221013,001,1795
1256.2685,1256.3085,68437,81989,Rhinolophus ferrumequinum,0.035,0.035,-1,Echolocation,/mnt/ubna_data_02_mir/recover-20221013/UBNA_001/20221012_030000.WAV,Telephone Field,recover-20221013,001,1795
1256.3195,1256.3607,68437,82582,Rhinolophus ferrumequinum,0.028,0.028,-1,Echolocation,/mnt/ubna_data_02_mir/recover-20221013/UBNA_001/20221012_030000.WAV,Telephone Field,recover-20221013,001,1795
1256.3375,1256.344,27187,41121,Eptesicus serotinus,0.005,0.021,-1,Echolocation,/mnt/ubna_data_02_mir/recover-20221013/UBNA_001/20221012_030000.WAV,Telephone Field,recover-20221013,001,1795
1256.3835,1256.3932,23750,31023,Nyctalus leisleri,0.007,0.021,-1,Echolocation,/mnt/ubna_data_02_mir/recover-20221013/UBNA_001/20221012_030000.WAV,Telephone Field,recover-20221013,001,1795
1256.3855,1256.4253,68437,82401,Rhinolophus ferrumequinum,0.021,0.021,-1,Echolocation,/mnt/ubna_data_02_mir/recover-20221013/UBNA_001/20221012_030000.WAV,Telephone Field,recover-20221013,001,1795
1256.4375,1256.4464,26328,34552,Eptesicus serotinus,0.009,0.021,-1,Echolocation,/mnt/ubna_data_02_mir/recover-20221013/UBNA_001/20221012_030000.WAV,Telephone Field,recover-20221013,001,1795
1256.4785,1256.486,28046,39173,Eptesicus serotinus,0.008,0.025,-1,Echolocation,/mnt/ubna_data_02_mir/recover-20221013/UBNA_001/20221012_030000.WAV,Telephone Field,recover-20221013,001,1795
1256.5045,1256.5456,68437,82801,Rhinolophus ferrumequinum,0.037,0.037,-1,Echolocation,/mnt/ubna_data_02_mir/recover-20221013/UBNA_001/20221012_030000.WAV,Telephone Field,recover-20221013,001,1795
1256.5115,1256.5224,22890,28477,Nyctalus leisleri,0.013,0.029,-1,Echolocation,/mnt/ubna_data_02_mir/recover-20221013/UBNA_001/20221012_030000.WAV,Telephone Field,recover-20221013,001,1795
1256.5275,1256.5344,28046,41888,Eptesicus serotinus,0.007,0.022,-1,Echolocation,/mnt/ubna_data_02_mir/recover-20221013/UBNA_001/20221012_030000.WAV,Telephone Field,recover-20221013,001,1795
1256.5505,1256.5879,68437,82026,Rhinolophus ferrumequinum,0.028,0.028,-1,Echolocation,/mnt/ubna_data_02_mir/recover-20221013/UBNA_001/20221012_030000.WAV,Telephone Field,recover-20221013,001,1795
1256.5685,1256.5798,23750,29296,Nyctalus leisleri,0.01,0.024,-1,Echolocation,/mnt/ubna_data_02_mir/recover-20221013/UBNA_001/20221012_030000.WAV,Telephone Field,recover-20221013,001,1795
1256.5855,1256.6251,68437,81737,Rhinolophus ferrumequinum,0.022,0.022,-1,Echolocation,/mnt/ubna_data_02_mir/recover-20221013/UBNA_001/20221012_030000.WAV,Telephone Field,recover-20221013,001,1795
1256.5915,1256.6311,68437,82263,Rhinolophus ferrumequinum,0.022,0.022,-1,Echolocation,/mnt/ubna_data_02_mir/recover-20221013/UBNA_001/20221012_030000.WAV,Telephone Field,recover-20221013,001,1795
1256.6315,1256.6699,68437,82316,Rhinolophus ferrumequinum,0.023,0.023,-1,Echolocation,/mnt/ubna_data_02_mir/recover-20221013/UBNA_001/20221012_030000.WAV,Telephone Field,recover-20221013,001,1795
1256.6455,1256.6855,68437,82833,Rhinolophus ferrumequinum,0.025,0.025,-1,Echolocation,/mnt/ubna_data_02_mir/recover-20221013/UBNA_001/20221012_030000.WAV,Telephone Field,recover-20221013,001,1795
1256.7305,1256.7676,68437,82371,Rhinolophus ferrumequinum,0.022,0.022,-1,Echolocation,/mnt/ubna_data_02_mir/recover-20221013/UBNA_001/20221012_030000.WAV,Telephone Field,recover-20221013,001,1795
1256.7885,1256.7969,28906,38346,Eptesicus serotinus,0.008,0.023,-1,Echolocation,/mnt/ubna_data_02_mir/recover-20221013/UBNA_001/20221012_030000.WAV,Telephone Field,recover-20221013,001,1795
1256.7985,1256.8387,68437,82244,Rhinolophus ferrumequinum,0.021,0.021,-1,Echolocation,/mnt/ubna_data_02_mir/recover-20221013/UBNA_001/20221012_030000.WAV,Telephone Field,recover-20221013,001,1795
1256.8195,1256.8592,68437,82589,Rhinolophus ferrumequinum,0.022,0.022,-1,Echolocation,/mnt/ubna_data_02_mir/recover-20221013/UBNA_001/20221012_030000.WAV,Telephone Field,recover-20221013,001,1795
1256.8245,1256.832,27187,39141,Eptesicus serotinus,0.007,0.021,-1,Echolocation,/mnt/ubna_data_02_mir/recover-20221013/UBNA_001/20221012_030000.WAV,Telephone Field,recover-20221013,001,1795
1256.8435,1256.883,68437,82296,Rhinolophus ferrumequinum,0.023,0.023,-1,Echolocation,/mnt/ubna_data_02_mir/recover-20221013/UBNA_001/20221012_030000.WAV,Telephone Field,recover-20221013,001,1795
1256.8665,1256.8775,23750,29835,Nyctalus leisleri,0.014,0.032,-1,Echolocation,/mnt/ubna_data_02_mir/recover-20221013/UBNA_001/20221012_030000.WAV,Telephone Field,recover-20221013,001,1795
1256.8915,1256.9305,68437,82014,Rhinolophus ferrumequinum,0.023,0.023,-1,Echolocation,/mnt/ubna_data_02_mir/recover-20221013/UBNA_001/20221012_030000.WAV,Telephone Field,recover-20221013,001,1795
1256.9305,1256.9385,28046,41572,Eptesicus serotinus,0.009,0.027,-1,Echolocation,/mnt/ubna_data_02_mir/recover-20221013/UBNA_001/20221012_030000.WAV,Telephone Field,recover-20221013,001,1795
1256.9835,1256.9902,27187,39009,Eptesicus serotinus,0.005,0.021,-1,Echolocation,/mnt/ubna_data_02_mir/recover-20221013/UBNA_001/20221012_030000.WAV,Telephone Field,recover-20221013,001,1795
1257.0015,1257.0094,28906,40915,Eptesicus serotinus,0.007,0.021,-1,Echolocation,/mnt/ubna_data_02_mir/recover-20221013/UBNA_001/20221012_030000.WAV,Telephone Field,recover-20221013,001,1795
1257.0185,1257.0564,68437,82493,Rhinolophus ferrumequinum,0.023,0.023,-1,Echolocation,/mnt/ubna_data_02_mir/recover-20221013/UBNA_001/20221012_030000.WAV,Telephone Field,recover-20221013,001,1795
1257.0295,1257.0693,68437,81625,Rhinolophus ferrumequinum,0.024,0.024,-1,Echolocation,/mnt/ubna_data_02_mir/recover-20221013/UBNA_001/20221012_030000.WAV,Telephone Field,recover-20221013,001,1795
1257.0965,1257.104,23750,31891,Plecotus austriacus,0.009,0.022,-1,Echolocation,/mnt/ubna_data_02_mir/recover-20221013/UBNA_001/20221012_030000.WAV,Telephone Field,recover-20221013,001,1795
1257.1105,1257.1491,68437,82539,Rhinolophus ferrumequinum,0.022,0.022,-1,Echolocation,/mnt/ubna_data_02_mir/recover-20221013/UBNA_001/20221012_030000.WAV,Telephone Field,recover-20221013,001,1795
1257.1225,1257.1641,68437,83022,Rhinolophus ferrumequinum,0.034,0.034,-1,Echolocation,/mnt/ubna_data_02_mir/recover-20221013/UBNA_001/20221012_030000.WAV,Telephone Field,recover-20221013,001,1795
1257.1255,1257.1353,43515,47729,Pipistrellus pipistrellus,0.025,0.032,-1,Echolocation,/mnt/ubna_data_02_mir/recover-20221013/UBNA_001/20221012_030000.WAV,Telephone Field,recover-20221013,001,1795
1257.1615,1257.1676,28046,42176,Eptesicus serotinus,0.006,0.027,-1,Echolocation,/mnt/ubna_data_02_mir/recover-20221013/UBNA_001/20221012_030000.WAV,Telephone Field,recover-20221013,001,1795
1257.1635,1257.2001,68437,81804,Rhinolophus ferrumequinum,0.027,0.027,-1,Echolocation,/mnt/ubna_data_02_mir/recover-20221013/UBNA_001/20221012_030000.WAV,Telephone Field,recover-20221013,001,1795
1257.1865,1257.1943,28046,38172,Eptesicus serotinus,0.008,0.021,-1,Echolocation,/mnt/ubna_data_02_mir/recover-20221013/UBNA_001/20221012_030000.WAV,Telephone Field,recover-20221013,001,1795
1257.2115,1257.2191,27187,36715,Eptesicus serotinus,0.008,0.022,-1,Echolocation,/mnt/ubna_data_02_mir/recover-20221013/UBNA_001/20221012_030000.WAV,Telephone Field,recover-20221013,001,1795
1257.2335,1257.2689,68437,80933,Rhinolophus ferrumequinum,0.022,0.022,-1,Echolocation,/mnt/ubna_data_02_mir/recover-20221013/UBNA_001/20221012_030000.WAV,Telephone Field,recover-20221013,001,1795
1257.2795,1257.3205,68437,82902,Rhinolophus ferrumequinum,0.031,0.031,-1,Echolocation,/mnt/ubna_data_02_mir/recover-20221013/UBNA_001/20221012_030000.WAV,Telephone Field,recover-20221013,001,1795
1257.3065,1257.3454,68437,81804,Rhinolophus ferrumequinum,0.022,0.022,-1,Echolocation,/mnt/ubna_data_02_mir/recover-20221013/UBNA_001/20221012_030000.WAV,Telephone Field,recover-20221013,001,1795
1257.3245,1257.3359,14296,19740,Nyctalus noctula,0.013,0.023,-1,Echolocation,/mnt/ubna_data_02_mir/recover-20221013/UBNA_001/20221012_030000.WAV,Telephone Field,recover-20221013,001,1795
1257.3245,1257.3619,68437,81967,Rhinolophus ferrumequinum,0.021,0.021,-1,Echolocation,/mnt/ubna_data_02_mir/recover-20221013/UBNA_001/20221012_030000.WAV,Telephone Field,recover-20221013,001,1795
1257.3665,1257.3806,22031,26225,Nyctalus leisleri,0.015,0.026,-1,Echolocation,/mnt/ubna_data_02_mir/recover-20221013/UBNA_001/20221012_030000.WAV,Telephone Field,recover-20221013,001,1795
1257.3695,1257.4106,68437,82320,Rhinolophus ferrumequinum,0.022,0.022,-1,Echolocation,/mnt/ubna_data_02_mir/recover-20221013/UBNA_001/20221012_030000.WAV,Telephone Field,recover-20221013,001,1795
1257.4205,1257.4593,68437,82470,Rhinolophus ferrumequinum,0.021,0.021,-1,Echolocation,/mnt/ubna_data_02_mir/recover-20221013/UBNA_001/20221012_030000.WAV,Telephone Field,recover-20221013,001,1795
1257.4235,1257.4311,33203,42921,Myotis daubentonii,0.01,0.023,-1,Echolocation,/mnt/ubna_data_02_mir/recover-20221013/UBNA_001/20221012_030000.WAV,Telephone Field,recover-20221013,001,1795
1257.4935,1257.5327,68437,82354,Rhinolophus ferrumequinum,0.021,0.021,-1,Echolocation,/mnt/ubna_data_02_mir/recover-20221013/UBNA_001/20221012_030000.WAV,Telephone Field,recover-20221013,001,1795
1257.5355,1257.5447,22890,28795,Plecotus austriacus,0.009,0.024,-1,Echolocation,/mnt/ubna_data_02_mir/recover-20221013/UBNA_001/20221012_030000.WAV,Telephone Field,recover-20221013,001,1795
1257.6805,1257.716,68437,81318,Rhinolophus ferrumequinum,0.023,0.023,-1,Echolocation,/mnt/ubna_data_02_mir/recover-20221013/UBNA_001/20221012_030000.WAV,Telephone Field,recover-20221013,001,1795
1257.7045,1257.7422,68437,82276,Rhinolophus ferrumequinum,0.022,0.022,-1,Echolocation,/mnt/ubna_data_02_mir/recover-20221013/UBNA_001/20221012_030000.WAV,Telephone Field,recover-20221013,001,1795
1257.7195,1257.7306,22890,27936,Nyctalus leisleri,0.01,0.021,-1,Echolocation,/mnt/ubna_data_02_mir/recover-20221013/UBNA_001/20221012_030000.WAV,Telephone Field,recover-20221013,001,1795
1257.7345,1257.7734,68437,82930,Rhinolophus ferrumequinum,0.023,0.023,-1,Echolocation,/mnt/ubna_data_02_mir/recover-20221013/UBNA_001/20221012_030000.WAV,Telephone Field,recover-20221013,001,1795
1257.7585,1257.7685,34921,43549,Pipistrellus nathusii,0.01,0.034,-1,Echolocation,/mnt/ubna_data_02_mir/recover-20221013/UBNA_001/20221012_030000.WAV,Telephone Field,recover-20221013,001,1795
1257.7635,1257.8019,68437,81908,Rhinolophus ferrumequinum,0.022,0.022,-1,Echolocation,/mnt/ubna_data_02_mir/recover-20221013/UBNA_001/20221012_030000.WAV,Telephone Field,recover-20221013,001,1795
1257.7935,1257.8333,68437,82955,Rhinolophus ferrumequinum,0.024,0.024,-1,Echolocation,/mnt/ubna_data_02_mir/recover-20221013/UBNA_001/20221012_030000.WAV,Telephone Field,recover-20221013,001,1795
1257.8515,1257.8899,68437,82425,Rhinolophus ferrumequinum,0.022,0.022,-1,Echolocation,/mnt/ubna_data_02_mir/recover-20221013/UBNA_001/20221012_030000.WAV,Telephone Field,recover-20221013,001,1795
1257.8785,1257.9195,68437,83138,Rhinolophus ferrumequinum,0.022,0.022,-1,Echolocation,/mnt/ubna_data_02_mir/recover-20221013/UBNA_001/20221012_030000.WAV,Telephone Field,recover-20221013,001,1795
1257.9845,1257.9951,22031,27741,Nyctalus leisleri,0.009,0.021,-1,Echolocation,/mnt/ubna_data_02_mir/recover-20221013/UBNA_001/20221012_030000.WAV,Telephone Field,recover-20221013,001,1795
1257.9885,1257.9974,28046,39158,Eptesicus serotinus,0.008,0.021,-1,Echolocation,/mnt/ubna_data_02_mir/recover-20221013/UBNA_001/20221012_030000.WAV,Telephone Field,recover-20221013,001,1795
1258.0015,1258.0128,34062,40378,Pipistrellus nathusii,0.01,0.042,-1,Echolocation,/mnt/ubna_data_02_mir/recover-20221013/UBNA_001/20221012_030000.WAV,Telephone Field,recover-20221013,001,1795
1258.0015,1258.0297,70156,81612,Rhinolophus ferrumequinum,0.026,0.027,-1,Echolocation,/mnt/ubna_data_02_mir/recover-20221013/UBNA_001/20221012_030000.WAV,Telephone Field,recover-20221013,001,1795
1258.0015,1258.0099,26328,34945,Nyctalus leisleri,0.008,0.029,-1,Echolocation,/mnt/ubna_data_02_mir/recover-20221013/UBNA_001/20221012_030000.WAV,Telephone Field,recover-20221013,001,1795
1258.0195,1258.0273,28046,39598,Eptesicus serotinus,0.007,0.022,-1,Echolocation,/mnt/ubna_data_02_mir/recover-20221013/UBNA_001/20221012_030000.WAV,Telephone Field,recover-20221013,001,1795
1258.0455,1258.0826,68437,81677,Rhinolophus ferrumequinum,0.022,0.022,-1,Echolocation,/mnt/ubna_data_02_mir/recover-20221013/UBNA_001/20221012_030000.WAV,Telephone Field,recover-20221013,001,1795
1258.0535,1258.0602,28906,40578,Eptesicus serotinus,0.006,0.023,-1,Echolocation,/mnt/ubna_data_02_mir/recover-20221013/UBNA_001/20221012_030000.WAV,Telephone Field,recover-20221013,001,1795
1258.0685,1258.1062,68437,81721,Rhinolophus ferrumequinum,0.021,0.021,-1,Echolocation,/mnt/ubna_data_02_mir/recover-20221013/UBNA_001/20221012_030000.WAV,Telephone Field,recover-20221013,001,1795
1258.0845,1258.1279,68437,83376,Rhinolophus ferrumequinum,0.031,0.031,-1,Echolocation,/mnt/ubna_data_02_mir/recover-20221013/UBNA_001/20221012_030000.WAV,Telephone Field,recover-20221013,001,1795
1258.0885,1258.0959,15156,24166,Plecotus auritus,0.018,0.025,-1,Echolocation,/mnt/ubna_data_02_mir/recover-20221013/UBNA_001/20221012_030000.WAV,Telephone Field,recover-20221013,001,1795
1258.1225,1258.1318,23750,30820,Nyctalus leisleri,0.008,0.022,-1,Echolocation,/mnt/ubna_data_02_mir/recover-20221013/UBNA_001/20221012_030000.WAV,Telephone Field,recover-20221013,001,1795
1258.1895,1258.1983,28906,39131,Eptesicus serotinus,0.008,0.022,-1,Echolocation,/mnt/ubna_data_02_mir/recover-20221013/UBNA_001/20221012_030000.WAV,Telephone Field,recover-20221013,001,1795
1258.1915,1258.2312,68437,82629,Rhinolophus ferrumequinum,0.022,0.022,-1,Echolocation,/mnt/ubna_data_02_mir/recover-20221013/UBNA_001/20221012_030000.WAV,Telephone Field,recover-20221013,001,1795
1258.2165,1258.2561,68437,82063,Rhinolophus ferrumequinum,0.022,0.022,-1,Echolocation,/mnt/ubna_data_02_mir/recover-20221013/UBNA_001/20221012_030000.WAV,Telephone Field,recover-20221013,001,1795
1258.2325,1258.246,22890,27646,Nyctalus leisleri,0.019,0.036,-1,Echolocation,/mnt/ubna_data_02_mir/recover-20221013/UBNA_001/20221012_030000.WAV,Telephone Field,recover-20221013,001,1795
1258.2565,1258.2645,27187,36268,Eptesicus serotinus,0.008,0.022,-1,Echolocation,/mnt/ubna_data_02_mir/recover-20221013/UBNA_001/20221012_030000.WAV,Telephone Field,recover-20221013,001,1795
1258.2955,1258.3357,68437,82323,Rhinolophus ferrumequinum,0.024,0.024,-1,Echolocation,/mnt/ubna_data_02_mir/recover-20221013/UBNA_001/20221012_030000.WAV,Telephone Field,recover-20221013,001,1795
1258.3035,1258.3136,24609,30861,Nyctalus leisleri,0.018,0.052,-1,Echolocation,/mnt/ubna_data_02_mir/recover-20221013/UBNA_001/20221012_030000.WAV,Telephone Field,recover-20221013,001,1795
1258.3155,1258.3541,68437,81897,Rhinolophus ferrumequinum,0.022,0.022,-1,Echolocation,/mnt/ubna_data_02_mir/recover-20221013/UBNA_001/20221012_030000.WAV,Telephone Field,recover-20221013,001,1795
1258.3585,1258.397,68437,82094,Rhinolophus ferrumequinum,0.023,0.023,-1,Echolocation,/mnt/ubna_data_02_mir/recover-20221013/UBNA_001/20221012_030000.WAV,Telephone Field,recover-20221013,001,1795
1258.3605,1258.3729,34921,39672,Pipistrellus nathusii,0.01,0.033,-1,Echolocation,/mnt/ubna_data_02_mir/recover-20221013/UBNA_001/20221012_030000.WAV,Telephone Field,recover-20221013,001,1795
1258.3965,1258.4346,68437,82019,Rhinolophus ferrumequinum,0.023,0.023,-1,Echolocation,/mnt/ubna_data_02_mir/recover-20221013/UBNA_001/20221012_030000.WAV,Telephone Field,recover-20221013,001,1795
1258.4255,1258.4357,22890,29130,Nyctalus leisleri,0.009,0.024,-1,Echolocation,/mnt/ubna_data_02_mir/recover-20221013/UBNA_001/20221012_030000.WAV,Telephone Field,recover-20221013,001,1795
1258.4255,1258.4661,68437,82731,Rhinolophus ferrumequinum,0.023,0.023,-1,Echolocation,/mnt/ubna_data_02_mir/recover-20221013/UBNA_001/20221012_030000.WAV,Telephone Field,recover-20221013,001,1795
1258.4715,1258.5147,68437,82983,Rhinolophus ferrumequinum,0.034,0.034,-1,Echolocation,/mnt/ubna_data_02_mir/recover-20221013/UBNA_001/20221012_030000.WAV,Telephone Field,recover-20221013,001,1795
1258.5355,1258.5426,48671,54163,Pipistrellus pipistrellus,0.023,0.025,-1,Echolocation,/mnt/ubna_data_02_mir/recover-20221013/UBNA_001/20221012_030000.WAV,Telephone Field,recover-20221013,001,1795
1258.5365,1258.5776,68437,82654,Rhinolophus ferrumequinum,0.022,0.022,-1,Echolocation,/mnt/ubna_data_02_mir/recover-20221013/UBNA_001/20221012_030000.WAV,Telephone Field,recover-20221013,001,1795
1258.5625,1258.6032,68437,82330,Rhinolophus ferrumequinum,0.023,0.023,-1,Echolocation,/mnt/ubna_data_02_mir/recover-20221013/UBNA_001/20221012_030000.WAV,Telephone Field,recover-20221013,001,1795
1258.5725,1258.5793,27187,37760,Eptesicus serotinus,0.008,0.032,-1,Echolocation,/mnt/ubna_data_02_mir/recover-20221013/UBNA_001/20221012_030000.WAV,Telephone Field,recover-20221013,001,1795
1258.6035,1258.6401,68437,81512,Rhinolophus ferrumequinum,0.021,0.021,-1,Echolocation,/mnt/ubna_data_02_mir/recover-20221013/UBNA_001/20221012_030000.WAV,Telephone Field,recover-20221013,001,1795
1258.6125,1258.6511,68437,81691,Rhinolophus ferrumequinum,0.022,0.022,-1,Echolocation,/mnt/ubna_data_02_mir/recover-20221013/UBNA_001/20221012_030000.WAV,Telephone Field,recover-20221013,001,1795
1258.6355,1258.6424,23750,33433,Plecotus austriacus,0.014,0.031,-1,Echolocation,/mnt/ubna_data_02_mir/recover-20221013/UBNA_001/20221012_030000.WAV,Telephone Field,recover-20221013,001,1795
1258.6485,1258.6865,68437,82175,Rhinolophus ferrumequinum,0.024,0.024,-1,Echolocation,/mnt/ubna_data_02_mir/recover-20221013/UBNA_001/20221012_030000.WAV,Telephone Field,recover-20221013,001,1795
1258.6495,1258.6579,26328,35153,Eptesicus serotinus,0.011,0.027,-1,Echolocation,/mnt/ubna_data_02_mir/recover-20221013/UBNA_001/20221012_030000.WAV,Telephone Field,recover-20221013,001,1795
1258.6875,1258.726,68437,82570,Rhinolophus ferrumequinum,0.041,0.041,-1,Echolocation,/mnt/ubna_data_02_mir/recover-20221013/UBNA_001/20221012_030000.WAV,Telephone Field,recover-20221013,001,1795
1258.7285,1258.7367,24609,32745,Plecotus austriacus,0.006,0.022,-1,Echolocation,/mnt/ubna_data_02_mir/recover-20221013/UBNA_001/20221012_030000.WAV,Telephone Field,recover-20221013,001,1795
1258.7415,1258.7827,68437,82244,Rhinolophus ferrumequinum,0.024,0.024,-1,Echolocation,/mnt/ubna_data_02_mir/recover-20221013/UBNA_001/20221012_030000.WAV,Telephone Field,recover-20221013,001,1795
1258.7445,1258.7551,22031,26166,Nyctalus leisleri,0.013,0.022,-1,Echolocation,/mnt/ubna_data_02_mir/recover-20221013/UBNA_001/20221012_030000.WAV,Telephone Field,recover-20221013,001,1795
1258.7895,1258.8258,68437,81281,Rhinolophus ferrumequinum,0.035,0.035,-1,Echolocation,/mnt/ubna_data_02_mir/recover-20221013/UBNA_001/20221012_030000.WAV,Telephone Field,recover-20221013,001,1795
1258.7935,1258.8041,22031,27227,Nyctalus leisleri,0.01,0.023,-1,Echolocation,/mnt/ubna_data_02_mir/recover-20221013/UBNA_001/20221012_030000.WAV,Telephone Field,recover-20221013,001,1795
1258.8075,1258.8473,68437,82483,Rhinolophus ferrumequinum,0.023,0.023,-1,Echolocation,/mnt/ubna_data_02_mir/recover-20221013/UBNA_001/20221012_030000.WAV,Telephone Field,recover-20221013,001,1795
1258.8085,1258.8227,29765,35976,Eptesicus serotinus,0.013,0.022,-1,Echolocation,/mnt/ubna_data_02_mir/recover-20221013/UBNA_001/20221012_030000.WAV,Telephone Field,recover-20221013,001,1795
1258.8295,1258.8422,22031,27077,Nyctalus leisleri,0.017,0.035,-1,Echolocation,/mnt/ubna_data_02_mir/recover-20221013/UBNA_001/20221012_030000.WAV,Telephone Field,recover-20221013,001,1795
1258.8765,1258.9195,68437,83127,Rhinolophus ferrumequinum,0.03,0.03,-1,Echolocation,/mnt/ubna_data_02_mir/recover-20221013/UBNA_001/20221012_030000.WAV,Telephone Field,recover-20221013,001,1795
1258.8955,1258.9373,68437,82452,Rhinolophus ferrumequinum,0.023,0.023,-1,Echolocation,/mnt/ubna_data_02_mir/recover-20221013/UBNA_001/20221012_030000.WAV,Telephone Field,recover-20221013,001,1795
1258.8995,1258.9101,29765,38195,Eptesicus serotinus,0.018,0.034,-1,Echolocation,/mnt/ubna_data_02_mir/recover-20221013/UBNA_001/20221012_030000.WAV,Telephone Field,recover-20221013,001,1795
1258.9165,1258.9525,68437,81965,Rhinolophus ferrumequinum,0.021,0.021,-1,Echolocation,/mnt/ubna_data_02_mir/recover-20221013/UBNA_001/20221012_030000.WAV,Telephone Field,recover-20221013,001,1795
1258.9715,1258.9892,21171,24352,Nyctalus leisleri,0.016,0.026,-1,Echolocation,/mnt/ubna_data_02_mir/recover-20221013/UBNA_001/20221012_030000.WAV,Telephone Field,recover-20221013,001,1795
1259.0175,1259.0548,68437,81243,Rhinolophus ferrumequinum,0.023,0.023,-1,Echolocation,/mnt/ubna_data_02_mir/recover-20221013/UBNA_001/20221012_030000.WAV,Telephone Field,recover-20221013,001,1795
1259.0515,1259.0893,68437,82255,Rhinolophus ferrumequinum,0.021,0.021,-1,Echolocation,/mnt/ubna_data_02_mir/recover-20221013/UBNA_001/20221012_030000.WAV,Telephone Field,recover-20221013,001,1795
1259.0925,1259.0996,23750,32121,Plecotus austriacus,0.01,0.023,-1,Echolocation,/mnt/ubna_data_02_mir/recover-20221013/UBNA_001/20221012_030000.WAV,Telephone Field,recover-20221013,001,1795
1259.1235,1259.1321,23750,31224,Plecotus austriacus,0.007,0.022,-1,Echolocation,/mnt/ubna_data_02_mir/recover-20221013/UBNA_001/20221012_030000.WAV,Telephone Field,recover-20221013,001,1795
1259.1425,1259.1835,68437,82549,Rhinolophus ferrumequinum,0.029,0.029,-1,Echolocation,/mnt/ubna_data_02_mir/recover-20221013/UBNA_001/20221012_030000.WAV,Telephone Field,recover-20221013,001,1795
1259.1685,1259.2085,68437,81817,Rhinolophus ferrumequinum,0.024,0.024,-1,Echolocation,/mnt/ubna_data_02_mir/recover-20221013/UBNA_001/20221012_030000.WAV,Telephone Field,recover-20221013,001,1795
1259.2185,1259.2564,68437,81659,Rhinolophus ferrumequinum,0.023,0.023,-1,Echolocation,/mnt/ubna_data_02_mir/recover-20221013/UBNA_001/20221012_030000.WAV,Telephone Field,recover-20221013,001,1795
1259.2215,1259.2322,24609,31647,Eptesicus serotinus,0.008,0.024,-1,Echolocation,/mnt/ubna_data_02_mir/recover-20221013/UBNA_001/20221012_030000.WAV,Telephone Field,recover-20221013,001,1795
1259.2425,1259.285,68437,82475,Rhinolophus ferrumequinum,0.024,0.024,-1,Echolocation,/mnt/ubna_data_02_mir/recover-20221013/UBNA_001/20221012_030000.WAV,Telephone Field,recover-20221013,001,1795
1259.2425,1259.2529,28046,35749,Eptesicus serotinus,0.009,0.022,-1,Echolocation,/mnt/ubna_data_02_mir/recover-20221013/UBNA_001/20221012_030000.WAV,Telephone Field,recover-20221013,001,1795
1259.2925,1259.3012,22890,30130,Plecotus austriacus,0.009,0.021,-1,Echolocation,/mnt/ubna_data_02_mir/recover-20221013/UBNA_001/20221012_030000.WAV,Telephone Field,recover-20221013,001,1795
1259.3465,1259.3546,28046,38858,Eptesicus serotinus,0.008,0.023,-1,Echolocation,/mnt/ubna_data_02_mir/recover-20221013/UBNA_001/20221012_030000.WAV,Telephone Field,recover-20221013,001,1795
1259.4045,1259.4475,68437,83031,Rhinolophus ferrumequinum,0.023,0.023,-1,Echolocation,/mnt/ubna_data_02_mir/recover-20221013/UBNA_001/20221012_030000.WAV,Telephone Field,recover-20221013,001,1795
1259.4405,1259.4521,22890,27480,Nyctalus leisleri,0.014,0.025,-1,Echolocation,/mnt/ubna_data_02_mir/recover-20221013/UBNA_001/20221012_030000.WAV,Telephone Field,recover-20221013,001,1795
1259.4715,1259.51,68437,82080,Rhinolophus ferrumequinum,0.022,0.022,-1,Echolocation,/mnt/ubna_data_02_mir/recover-20221013/UBNA_001/20221012_030000.WAV,Telephone Field,recover-20221013,001,1795
1259.4725,1259.4823,24609,32068,Nyctalus leisleri,0.007,0.022,-1,Echolocation,/mnt/ubna_data_02_mir/recover-20221013/UBNA_001/20221012_030000.WAV,Telephone Field,recover-20221013,001,1795
1259.5195,1259.5592,68437,82409,Rhinolophus ferrumequinum,0.024,0.024,-1,Echolocation,/mnt/ubna_data_02_mir/recover-20221013/UBNA_001/20221012_030000.WAV,Telephone Field,recover-20221013,001,1795
1259.5455,1259.5535,46953,52519,Pipistrellus pipistrellus,0.022,0.023,-1,Echolocation,/mnt/ubna_data_02_mir/recover-20221013/UBNA_001/20221012_030000.WAV,Telephone Field,recover-20221013,001,1795
1259.5975,1259.6386,68437,82348,Rhinolophus ferrumequinum,0.027,0.027,-1,Echolocation,/mnt/ubna_data_02_mir/recover-20221013/UBNA_001/20221012_030000.WAV,Telephone Field,recover-20221013,001,1795
1259.6345,1259.6742,68437,82093,Rhinolophus ferrumequinum,0.025,0.025,-1,Echolocation,/mnt/ubna_data_02_mir/recover-20221013/UBNA_001/20221012_030000.WAV,Telephone Field,recover-20221013,001,1795
1259.6775,1259.6874,28906,37690,Eptesicus serotinus,0.011,0.026,-1,Echolocation,/mnt/ubna_data_02_mir/recover-20221013/UBNA_001/20221012_030000.WAV,Telephone Field,recover-20221013,001,1795
1259.7185,1259.7573,68437,82120,Rhinolophus ferrumequinum,0.023,0.023,-1,Echolocation,/mnt/ubna_data_02_mir/recover-20221013/UBNA_001/20221012_030000.WAV,Telephone Field,recover-20221013,001,1795
1259.7325,1259.7432,22031,25899,Nyctalus leisleri,0.012,0.021,-1,Echolocation,/mnt/ubna_data_02_mir/recover-20221013/UBNA_001/20221012_030000.WAV,Telephone Field,recover-20221013,001,1795
1259.7555,1259.7934,68437,81769,Rhinolophus ferrumequinum,0.022,0.022,-1,Echolocation,/mnt/ubna_data_02_mir/recover-20221013/UBNA_001/20221012_030000.WAV,Telephone Field,recover-20221013,001,1795
1259.7595,1259.7673,23750,32373,Plecotus austriacus,0.008,0.022,-1,Echolocation,/mnt/ubna_data_02_mir/recover-20221013/UBNA_001/20221012_030000.WAV,Telephone Field,recover-20221013,001,1795
1259.7835,1259.7906,25468,37554,Plecotus austriacus,0.006,0.024,-1,Echolocation,/mnt/ubna_data_02_mir/recover-20221013/UBNA_001/20221012_030000.WAV,Telephone Field,recover-20221013,001,1795
1259.8085,1259.8154,28906,39074,Eptesicus serotinus,0.009,0.029,-1,Echolocation,/mnt/ubna_data_02_mir/recover-20221013/UBNA_001/20221012_030000.WAV,Telephone Field,recover-20221013,001,1795
1259.8385,1259.8771,68437,81697,Rhinolophus ferrumequinum,0.022,0.022,-1,Echolocation,/mnt/ubna_data_02_mir/recover-20221013/UBNA_001/20221012_030000.WAV,Telephone Field,recover-20221013,001,1795
1259.8475,1259.8849,68437,81570,Rhinolophus ferrumequinum,0.027,0.027,-1,Echolocation,/mnt/ubna_data_02_mir/recover-20221013/UBNA_001/20221012_030000.WAV,Telephone Field,recover-20221013,001,1795
1259.8495,1259.8633,14296,19742,Nyctalus noctula,0.015,0.023,-1,Echolocation,/mnt/ubna_data_02_mir/recover-20221013/UBNA_001/20221012_030000.WAV,Telephone Field,recover-20221013,001,1795
1259.8675,1259.9058,68437,82211,Rhinolophus ferrumequinum,0.024,0.024,-1,Echolocation,/mnt/ubna_data_02_mir/recover-20221013/UBNA_001/20221012_030000.WAV,Telephone Field,recover-20221013,001,1795
1259.8845,1259.8902,50390,54806,Pipistrellus pipistrellus,0.022,0.023,-1,Echolocation,/mnt/ubna_data_02_mir/recover-20221013/UBNA_001/20221012_030000.WAV,Telephone Field,recover-20221013,001,1795
1259.8955,1259.9365,68437,83045,Rhinolophus ferrumequinum,0.023,0.023,-1,Echolocation,/mnt/ubna_data_02_mir/recover-20221013/UBNA_001/20221012_030000.WAV,Telephone Field,recover-20221013,001,1795
1259.9195,1259.9582,68437,82331,Rhinolophus ferrumequinum,0.031,0.031,-1,Echolocation,/mnt/ubna_data_02_mir/recover-20221013/UBNA_001/20221012_030000.WAV,Telephone Field,recover-20221013,001,1795
1259.9225,1259.9293,48671,56060,Pipistrellus pipistrellus,0.02,0.023,-1,Echolocation,/mnt/ubna_data_02_mir/recover-20221013/UBNA_001/20221012_030000.WAV,Telephone Field,recover-20221013,001,1795
1259.9475,1259.9856,68437,82526,Rhinolophus ferrumequinum,0.022,0.022,-1,Echolocation,/mnt/ubna_data_02_mir/recover-20221013/UBNA_001/20221012_030000.WAV,Telephone Field,recover-20221013,001,1795
1259.9555,1259.9649,27187,37733,Eptesicus serotinus,0.01,0.022,-1,Echolocation,/mnt/ubna_data_02_mir/recover-20221013/UBNA_001/20221012_030000.WAV,Telephone Field,recover-20221013,001,1795
1259.9715,1259.9803,28046,36803,Eptesicus serotinus,0.008,0.023,-1,Echolocation,/mnt/ubna_data_02_mir/recover-20221013/UBNA_001/20221012_030000.WAV,Telephone Field,recover-20221013,001,1795
1259.9825,1259.9915,51250,55522,Pipistrellus pipistrellus,0.021,0.026,-1,Echolocation,/mnt/ubna_data_02_mir/recover-20221013/UBNA_001/20221012_030000.WAV,Telephone Field,recover-20221013,001,1795
1259.9865,1259.9962,23750,30807,Nyctalus leisleri,0.008,0.023,-1,Echolocation,/mnt/ubna_data_02_mir/recover-20221013/UBNA_001/20221012_030000.WAV,Telephone Field,recover-20221013,001,1795
1260.0015,1260.0106,29765,39014,Eptesicus serotinus,0.009,0.028,-1,Echolocation,/mnt/ubna_data_02_mir/recover-20221013/UBNA_001/20221012_030000.WAV,Telephone Field,recover-20221013,001,1795
1260.0015,1260.033,68437,79221,Rhinolophus ferrumequinum,0.035,0.035,-1,Echolocation,/mnt/ubna_data_02_mir/recover-20221013/UBNA_001/20221012_030000.WAV,Telephone Field,recover-20221013,001,1795
1260.0105,1260.0508,68437,82962,Rhinolophus ferrumequinum,0.025,0.025,-1,Echolocation,/mnt/ubna_data_02_mir/recover-20221013/UBNA_001/20221012_030000.WAV,Telephone Field,recover-20221013,001,1795
1260.0195,1260.0275,28906,38442,Eptesicus serotinus,0.007,0.022,-1,Echolocation,/mnt/ubna_data_02_mir/recover-20221013/UBNA_001/20221012_030000.WAV,Telephone Field,recover-20221013,001,1795
1260.0225,1260.0295,48671,54964,Pipistrellus pipistrellus,0.019,0.022,-1,Echolocation,/mnt/ubna_data_02_mir/recover-20221013/UBNA_001/20221012_030000.WAV,Telephone Field,recover-20221013,001,1795
1260.0315,1260.0695,68437,81473,Rhinolophus ferrumequinum,0.025,0.025,-1,Echolocation,/mnt/ubna_data_02_mir/recover-20221013/UBNA_001/20221012_030000.WAV,Telephone Field,recover-20221013,001,1795
1260.0445,1260.0555,23750,29675,Nyctalus leisleri,0.009,0.022,-1,Echolocation,/mnt/ubna_data_02_mir/recover-20221013/UBNA_001/20221012_030000.WAV,Telephone Field,recover-20221013,001,1795
1260.1065,1260.115,26328,35089,Eptesicus serotinus,0.008,0.026,-1,Echolocation,/mnt/ubna_data_02_mir/recover-20221013/UBNA_001/20221012_030000.WAV,Telephone Field,recover-20221013,001,1795
1260.1245,1260.161,68437,81602,Rhinolophus ferrumequinum,0.022,0.022,-1,Echolocation,/mnt/ubna_data_02_mir/recover-20221013/UBNA_001/20221012_030000.WAV,Telephone Field,recover-20221013,001,1795
1260.1705,1260.1787,27187,40318,Eptesicus serotinus,0.009,0.029,-1,Echolocation,/mnt/ubna_data_02_mir/recover-20221013/UBNA_001/20221012_030000.WAV,Telephone Field,recover-20221013,001,1795
1260.1725,1260.2098,68437,81464,Rhinolophus ferrumequinum,0.024,0.024,-1,Echolocation,/mnt/ubna_data_02_mir/recover-20221013/UBNA_001/20221012_030000.WAV,Telephone Field,recover-20221013,001,1795
1260.1725,1260.1808,51250,58343,Pipistrellus pipistrellus,0.022,0.029,-1,Echolocation,/mnt/ubna_data_02_mir/recover-20221013/UBNA_001/20221012_030000.WAV,Telephone Field,recover-20221013,001,1795
1260.2165,1260.2524,68437,81965,Rhinolophus ferrumequinum,0.033,0.033,-1,Echolocation,/mnt/ubna_data_02_mir/recover-20221013/UBNA_001/20221012_030000.WAV,Telephone Field,recover-20221013,001,1795
1260.2245,1260.2637,68437,82462,Rhinolophus ferrumequinum,0.026,0.026,-1,Echolocation,/mnt/ubna_data_02_mir/recover-20221013/UBNA_001/20221012_030000.WAV,Telephone Field,recover-20221013,001,1795
1260.2445,1260.2555,23750,30433,Nyctalus leisleri,0.011,0.029,-1,Echolocation,/mnt/ubna_data_02_mir/recover-20221013/UBNA_001/20221012_030000.WAV,Telephone Field,recover-20221013,001,1795
1260.2555,1260.2927,68437,81705,Rhinolophus ferrumequinum,0.028,0.028,-1,Echolocation,/mnt/ubna_data_02_mir/recover-20221013/UBNA_001/20221012_030000.WAV,Telephone Field,recover-20221013,001,1795
1260.2555,1260.2635,28046,41870,Eptesicus serotinus,0.009,0.025,-1,Echolocation,/mnt/ubna_data_02_mir/recover-20221013/UBNA_001/20221012_030000.WAV,Telephone Field,recover-20221013,001,1795
1260.2755,1260.3125,68437,81797,Rhinolophus ferrumequinum,0.023,0.023,-1,Echolocation,/mnt/ubna_data_02_mir/recover-20221013/UBNA_001/20221012_030000.WAV,Telephone Field,recover-20221013,001,1795
1260.2995,1260.3348,68437,81667,Rhinolophus ferrumequinum,0.024,0.024,-1,Echolocation,/mnt/ubna_data_02_mir/recover-20221013/UBNA_001/20221012_030000.WAV,Telephone Field,recover-20221013,001,1795
1260.3075,1260.3154,27187,36837,Eptesicus serotinus,0.006,0.023,-1,Echolocation,/mnt/ubna_data_02_mir/recover-20221013/UBNA_001/20221012_030000.WAV,Telephone Field,recover-20221013,001,1795
1260.3165,1260.3582,68437,83115,Rhinolophus ferrumequinum,0.035,0.035,-1,Echolocation,/mnt/ubna_data_02_mir/recover-20221013/UBNA_001/20221012_030000.WAV,Telephone Field,recover-20221013,001,1795
1260.3415,1260.3485,27187,38972,Eptesicus serotinus,0.006,0.024,-1,Echolocation,/mnt/ubna_data_02_mir/recover-20221013/UBNA_001/20221012_030000.WAV,Telephone Field,recover-20221013,001,1795
1260.4355,1260.477,68437,82649,Rhinolophus ferrumequinum,0.024,0.024,-1,Echolocation,/mnt/ubna_data_02_mir/recover-20221013/UBNA_001/20221012_030000.WAV,Telephone Field,recover-20221013,001,1795
1260.4485,1260.4578,23750,30746,Nyctalus leisleri,0.009,0.028,-1,Echolocation,/mnt/ubna_data_02_mir/recover-20221013/UBNA_001/20221012_030000.WAV,Telephone Field,recover-20221013,001,1795
1260.4555,1260.4628,33203,45741,Myotis daubentonii,0.008,0.024,-1,Echolocation,/mnt/ubna_data_02_mir/recover-20221013/UBNA_001/20221012_030000.WAV,Telephone Field,recover-20221013,001,1795
1260.4575,1260.4651,28906,41438,Eptesicus serotinus,0.008,0.024,-1,Echolocation,/mnt/ubna_data_02_mir/recover-20221013/UBNA_001/20221012_030000.WAV,Telephone Field,recover-20221013,001,1795
1260.5495,1260.5581,28046,38695,Eptesicus serotinus,0.008,0.022,-1,Echolocation,/mnt/ubna_data_02_mir/recover-20221013/UBNA_001/20221012_030000.WAV,Telephone Field,recover-20221013,001,1795
1260.5885,1260.5983,28906,36327,Eptesicus serotinus,0.01,0.027,-1,Echolocation,/mnt/ubna_data_02_mir/recover-20221013/UBNA_001/20221012_030000.WAV,Telephone Field,recover-20221013,001,1795
1260.5885,1260.6262,68437,82453,Rhinolophus ferrumequinum,0.025,0.025,-1,Echolocation,/mnt/ubna_data_02_mir/recover-20221013/UBNA_001/20221012_030000.WAV,Telephone Field,recover-20221013,001,1795
1260.6105,1260.6481,68437,82153,Rhinolophus ferrumequinum,0.024,0.024,-1,Echolocation,/mnt/ubna_data_02_mir/recover-20221013/UBNA_001/20221012_030000.WAV,Telephone Field,recover-20221013,001,1795
1260.6225,1260.6638,68437,82681,Rhinolophus ferrumequinum,0.025,0.025,-1,Echolocation,/mnt/ubna_data_02_mir/recover-20221013/UBNA_001/20221012_030000.WAV,Telephone Field,recover-20221013,001,1795
1260.6405,1260.6797,68437,82257,Rhinolophus ferrumequinum,0.024,0.024,-1,Echolocation,/mnt/ubna_data_02_mir/recover-20221013/UBNA_001/20221012_030000.WAV,Telephone Field,recover-20221013,001,1795
1260.6445,1260.655,22890,28993,Nyctalus leisleri,0.01,0.027,-1,Echolocation,/mnt/ubna_data_02_mir/recover-20221013/UBNA_001/20221012_030000.WAV,Telephone Field,recover-20221013,001,1795
1260.6785,1260.7192,68437,82507,Rhinolophus ferrumequinum,0.023,0.023,-1,Echolocation,/mnt/ubna_data_02_mir/recover-20221013/UBNA_001/20221012_030000.WAV,Telephone Field,recover-20221013,001,1795
1260.6915,1260.7298,68437,82206,Rhinolophus ferrumequinum,0.022,0.022,-1,Echolocation,/mnt/ubna_data_02_mir/recover-20221013/UBNA_001/20221012_030000.WAV,Telephone Field,recover-20221013,001,1795
1260.7255,1260.7331,27187,39931,Eptesicus serotinus,0.008,0.024,-1,Echolocation,/mnt/ubna_data_02_mir/recover-20221013/UBNA_001/20221012_030000.WAV,Telephone Field,recover-20221013,001,1795
1260.7275,1260.7679,68437,82803,Rhinolophus ferrumequinum,0.027,0.027,-1,Echolocation,/mnt/ubna_data_02_mir/recover-20221013/UBNA_001/20221012_030000.WAV,Telephone Field,recover-20221013,001,1795
1260.7405,1260.7471,47812,51618,Pipistrellus pipistrellus,0.021,0.022,-1,Echolocation,/mnt/ubna_data_02_mir/recover-20221013/UBNA_001/20221012_030000.WAV,Telephone Field,recover-20221013,001,1795
1260.7435,1260.782,68437,82197,Rhinolophus ferrumequinum,0.022,0.022,-1,Echolocation,/mnt/ubna_data_02_mir/recover-20221013/UBNA_001/20221012_030000.WAV,Telephone Field,recover-20221013,001,1795
1260.7515,1260.7601,27187,38884,Eptesicus serotinus,0.009,0.025,-1,Echolocation,/mnt/ubna_data_02_mir/recover-20221013/UBNA_001/20221012_030000.WAV,Telephone Field,recover-20221013,001,1795
1260.7675,1260.8033,68437,81152,Rhinolophus ferrumequinum,0.031,0.031,-1,Echolocation,/mnt/ubna_data_02_mir/recover-20221013/UBNA_001/20221012_030000.WAV,Telephone Field,recover-20221013,001,1795
1260.7815,1260.8203,68437,82637,Rhinolophus ferrumequinum,0.023,0.023,-1,Echolocation,/mnt/ubna_data_02_mir/recover-20221013/UBNA_001/20221012_030000.WAV,Telephone Field,recover-20221013,001,1795
1260.7845,1260.7905,26328,41243,Myotis nattereri,0.007,0.028,-1,Echolocation,/mnt/ubna_data_02_mir/recover-20221013/UBNA_001/20221012_030000.WAV,Telephone Field,recover-20221013,001,1795
1260.8195,1260.8549,68437,81600,Rhinolophus ferrumequinum,0.029,0.029,-1,Echolocation,/mnt/ubna_data_02_mir/recover-20221013/UBNA_001/20221012_030000.WAV,Telephone Field,recover-20221013,001,1795
1260.8295,1260.8373,46093,50470,Pipistrellus pipistrellus,0.026,0.028,-1,Echolocation,/mnt/ubna_data_02_mir/recover-20221013/UBNA_001/20221012_030000.WAV,Telephone Field,recover-20221013,001,1795
1260.8475,1260.8847,68437,81912,Rhinolophus ferrumequinum,0.022,0.022,-1,Echolocation,/mnt/ubna_data_02_mir/recover-20221013/UBNA_001/20221012_030000.WAV,Telephone Field,recover-20221013,001,1795
1260.8705,1260.9116,68437,82447,Rhinolophus ferrumequinum,0.022,0.022,-1,Echolocation,/mnt/ubna_data_02_mir/recover-20221013/UBNA_001/20221012_030000.WAV,Telephone Field,recover-20221013,001,1795
1260.8815,1260.8904,28046,39470,Eptesicus serotinus,0.012,0.029,-1,Echolocation,/mnt/ubna_data_02_mir/recover-20221013/UBNA_001/20221012_030000.WAV,Telephone Field,recover-20221013,001,1795
1260.8935,1260.9298,68437,81609,Rhinolophus ferrumequinum,0.022,0.022,-1,Echolocation,/mnt/ubna_data_02_mir/recover-20221013/UBNA_001/20221012_030000.WAV,Telephone Field,recover-20221013,001,1795
1260.9055,1260.9441,68437,82577,Rhinolophus ferrumequinum,0.027,0.027,-1,Echolocation,/mnt/ubna_data_02_mir/recover-20221013/UBNA_001/20221012_030000.WAV,Telephone Field,recover-20221013,001,1795
1260.9395,1260.9492,28046,38003,Eptesicus serotinus,0.014,0.029,-1,Echolocation,/mnt/ubna_data_02_mir/recover-20221013/UBNA_001/20221012_030000.WAV,Telephone Field,recover-20221013,001,1795
1260.9555,1260.9946,68437,82846,Rhinolophus ferrumequinum,0.029,0.029,-1,Echolocation,/mnt/ubna_data_02_mir/recover-20221013/UBNA_001/20221012_030000.WAV,Telephone Field,recover-20221013,001,1795
1261.0085,1261.0487,68437,82855,Rhinolophus ferrumequinum,0.032,0.032,-1,Echolocation,/mnt/ubna_data_02_mir/recover-20221013/UBNA_001/20221012_030000.WAV,Telephone Field,recover-20221013,001,1795
1261.0305,1261.0407,22890,28470,Nyctalus leisleri,0.01,0.026,-1,Echolocation,/mnt/ubna_data_02_mir/recover-20221013/UBNA_001/20221012_030000.WAV,Telephone Field,recover-20221013,001,1795
1261.0395,1261.0503,43515,47028,Pipistrellus pipistrellus,0.039,0.047,-1,Echolocation,/mnt/ubna_data_02_mir/recover-20221013/UBNA_001/20221012_030000.WAV,Telephone Field,recover-20221013,001,1795
1261.0415,1261.0523,27187,35524,Eptesicus serotinus,0.011,0.024,-1,Echolocation,/mnt/ubna_data_02_mir/recover-20221013/UBNA_001/20221012_030000.WAV,Telephone Field,recover-20221013,001,1795
1261.0425,1261.0804,68437,82225,Rhinolophus ferrumequinum,0.024,0.024,-1,Echolocation,/mnt/ubna_data_02_mir/recover-20221013/UBNA_001/20221012_030000.WAV,Telephone Field,recover-20221013,001,1795
1261.0655,1261.1044,68437,81894,Rhinolophus ferrumequinum,0.025,0.025,-1,Echolocation,/mnt/ubna_data_02_mir/recover-20221013/UBNA_001/20221012_030000.WAV,Telephone Field,recover-20221013,001,1795
1261.1065,1261.1172,22890,28333,Nyctalus leisleri,0.01,0.023,-1,Echolocation,/mnt/ubna_data_02_mir/recover-20221013/UBNA_001/20221012_030000.WAV,Telephone Field,recover-20221013,001,1795
1261.1175,1261.1551,68437,81266,Rhinolophus ferrumequinum,0.022,0.022,-1,Echolocation,/mnt/ubna_data_02_mir/recover-20221013/UBNA_001/20221012_030000.WAV,Telephone Field,recover-20221013,001,1795
1261.1255,1261.161,68437,82368,Rhinolophus ferrumequinum,0.023,0.023,-1,Echolocation,/mnt/ubna_data_02_mir/recover-20221013/UBNA_001/20221012_030000.WAV,Telephone Field,recover-20221013,001,1795
1261.1345,1261.1712,68437,81692,Rhinolophus ferrumequinum,0.022,0.023,-1,Echolocation,/mnt/ubna_data_02_mir/recover-20221013/UBNA_001/20221012_030000.WAV,Telephone Field,recover-20221013,001,1795
1261.1365,1261.1449,28046,37064,Eptesicus serotinus,0.008,0.023,-1,Echolocation,/mnt/ubna_data_02_mir/recover-20221013/UBNA_001/20221012_030000.WAV,Telephone Field,recover-20221013,001,1795
1261.1485,1261.1852,68437,82080,Rhinolophus ferrumequinum,0.022,0.022,-1,Echolocation,/mnt/ubna_data_02_mir/recover-20221013/UBNA_001/20221012_030000.WAV,Telephone Field,recover-20221013,001,1795
1261.1885,1261.1991,23750,30536,Nyctalus leisleri,0.012,0.03,-1,Echolocation,/mnt/ubna_data_02_mir/recover-20221013/UBNA_001/20221012_030000.WAV,Telephone Field,recover-20221013,001,1795
1261.2375,1261.2486,22890,28043,Nyctalus leisleri,0.01,0.022,-1,Echolocation,/mnt/ubna_data_02_mir/recover-20221013/UBNA_001/20221012_030000.WAV,Telephone Field,recover-20221013,001,1795
1261.2385,1261.274,68437,81533,Rhinolophus ferrumequinum,0.022,0.022,-1,Echolocation,/mnt/ubna_data_02_mir/recover-20221013/UBNA_001/20221012_030000.WAV,Telephone Field,recover-20221013,001,1795
1261.2475,1261.2556,45234,55786,Pipistrellus pipistrellus,0.013,0.022,-1,Echolocation,/mnt/ubna_data_02_mir/recover-20221013/UBNA_001/20221012_030000.WAV,Telephone Field,recover-20221013,001,1795
1261.2535,1261.2606,24609,34849,Plecotus austriacus,0.008,0.024,-1,Echolocation,/mnt/ubna_data_02_mir/recover-20221013/UBNA_001/20221012_030000.WAV,Telephone Field,recover-20221013,001,1795
1261.2805,1261.287,28046,38917,Eptesicus serotinus,0.007,0.027,-1,Echolocation,/mnt/ubna_data_02_mir/recover-20221013/UBNA_001/20221012_030000.WAV,Telephone Field,recover-20221013,001,1795
1261.2815,1261.2916,21171,26343,Nyctalus leisleri,0.008,0.023,-1,Echolocation,/mnt/ubna_data_02_mir/recover-20221013/UBNA_001/20221012_030000.WAV,Telephone Field,recover-20221013,001,1795
1261.2985,1261.3383,68437,82264,Rhinolophus ferrumequinum,0.024,0.024,-1,Echolocation,/mnt/ubna_data_02_mir/recover-20221013/UBNA_001/20221012_030000.WAV,Telephone Field,recover-20221013,001,1795
1261.3215,1261.3299,23750,32074,Plecotus austriacus,0.01,0.025,-1,Echolocation,/mnt/ubna_data_02_mir/recover-20221013/UBNA_001/20221012_030000.WAV,Telephone Field,recover-20221013,001,1795
1261.3395,1261.3476,27187,39607,Eptesicus serotinus,0.008,0.025,-1,Echolocation,/mnt/ubna_data_02_mir/recover-20221013/UBNA_001/20221012_030000.WAV,Telephone Field,recover-20221013,001,1795
1261.3405,1261.3807,68437,82574,Rhinolophus ferrumequinum,0.032,0.032,-1,Echolocation,/mnt/ubna_data_02_mir/recover-20221013/UBNA_001/20221012_030000.WAV,Telephone Field,recover-20221013,001,1795
1261.3695,1261.4109,68437,82747,Rhinolophus ferrumequinum,0.027,0.027,-1,Echolocation,/mnt/ubna_data_02_mir/recover-20221013/UBNA_001/20221012_030000.WAV,Telephone Field,recover-20221013,001,1795
1261.3715,1261.3819,32343,38736,Eptesicus serotinus,0.013,0.038,-1,Echolocation,/mnt/ubna_data_02_mir/recover-20221013/UBNA_001/20221012_030000.WAV,Telephone Field,recover-20221013,001,1795
1261.4075,1261.4428,68437,81959,Rhinolophus ferrumequinum,0.022,0.022,-1,Echolocation,/mnt/ubna_data_02_mir/recover-20221013/UBNA_001/20221012_030000.WAV,Telephone Field,recover-20221013,001,1795
1261.4575,1261.4959,68437,82279,Rhinolophus ferrumequinum,0.024,0.024,-1,Echolocation,/mnt/ubna_data_02_mir/recover-20221013/UBNA_001/20221012_030000.WAV,Telephone Field,recover-20221013,001,1795
1261.5505,1261.5901,68437,82347,Rhinolophus ferrumequinum,0.023,0.023,-1,Echolocation,/mnt/ubna_data_02_mir/recover-20221013/UBNA_001/20221012_030000.WAV,Telephone Field,recover-20221013,001,1795
1261.6185,1261.6606,68437,83834,Rhinolophus ferrumequinum,0.037,0.037,-1,Echolocation,/mnt/ubna_data_02_mir/recover-20221013/UBNA_001/20221012_030000.WAV,Telephone Field,recover-20221013,001,1795
1261.6195,1261.6258,26328,37836,Plecotus austriacus,0.006,0.026,-1,Echolocation,/mnt/ubna_data_02_mir/recover-20221013/UBNA_001/20221012_030000.WAV,Telephone Field,recover-20221013,001,1795
1261.6315,1261.6399,27187,36791,Eptesicus serotinus,0.01,0.025,-1,Echolocation,/mnt/ubna_data_02_mir/recover-20221013/UBNA_001/20221012_030000.WAV,Telephone Field,recover-20221013,001,1795
1261.6355,1261.6713,68437,82640,Rhinolophus ferrumequinum,0.022,0.022,-1,Echolocation,/mnt/ubna_data_02_mir/recover-20221013/UBNA_001/20221012_030000.WAV,Telephone Field,recover-20221013,001,1795
1261.6425,1261.6805,68437,81613,Rhinolophus ferrumequinum,0.022,0.022,-1,Echolocation,/mnt/ubna_data_02_mir/recover-20221013/UBNA_001/20221012_030000.WAV,Telephone Field,recover-20221013,001,1795
1261.6765,1261.7179,68437,82507,Rhinolophus ferrumequinum,0.026,0.026,-1,Echolocation,/mnt/ubna_data_02_mir/recover-20221013/UBNA_001/20221012_030000.WAV,Telephone Field,recover-20221013,001,1795
1261.7215,1261.7304,28046,38837,Eptesicus serotinus,0.008,0.022,-1,Echolocation,/mnt/ubna_data_02_mir/recover-20221013/UBNA_001/20221012_030000.WAV,Telephone Field,recover-20221013,001,1795
1261.7355,1261.7427,28046,40519,Eptesicus serotinus,0.007,0.024,-1,Echolocation,/mnt/ubna_data_02_mir/recover-20221013/UBNA_001/20221012_030000.WAV,Telephone Field,recover-20221013,001,1795
1261.7505,1261.7885,68437,81622,Rhinolophus ferrumequinum,0.023,0.024,-1,Echolocation,/mnt/ubna_data_02_mir/recover-20221013/UBNA_001/20221012_030000.WAV,Telephone Field,recover-20221013,001,1795
1261.7565,1261.7917,68437,81521,Rhinolophus ferrumequinum,0.022,0.022,-1,Echolocation,/mnt/ubna_data_02_mir/recover-20221013/UBNA_001/20221012_030000.WAV,Telephone Field,recover-20221013,001,1795
1261.7705,1261.8095,68437,82343,Rhinolophus ferrumequinum,0.028,0.028,-1,Echolocation,/mnt/ubna_data_02_mir/recover-20221013/UBNA_001/20221012_030000.WAV,Telephone Field,recover-20221013,001,1795
1261.7855,1261.8248,68437,81903,Rhinolophus ferrumequinum,0.032,0.032,-1,Echolocation,/mnt/ubna_data_02_mir/recover-20221013/UBNA_001/20221012_030000.WAV,Telephone Field,recover-20221013,001,1795
1261.8375,1261.8759,68437,82311,Rhinolophus ferrumequinum,0.023,0.023,-1,Echolocation,/mnt/ubna_data_02_mir/recover-20221013/UBNA_001/20221012_030000.WAV,Telephone Field,recover-20221013,001,1795
1261.8565,1261.8945,68437,82287,Rhinolophus ferrumequinum,0.024,0.024,-1,Echolocation,/mnt/ubna_data_02_mir/recover-20221013/UBNA_001/20221012_030000.WAV,Telephone Field,recover-20221013,001,1795
1261.8715,1261.8815,28046,36772,Eptesicus serotinus,0.01,0.024,-1,Echolocation,/mnt/ubna_data_02_mir/recover-20221013/UBNA_001/20221012_030000.WAV,Telephone Field,recover-20221013,001,1795
1261.8895,1261.9299,68437,82436,Rhinolophus ferrumequinum,0.022,0.022,-1,Echolocation,/mnt/ubna_data_02_mir/recover-20221013/UBNA_001/20221012_030000.WAV,Telephone Field,recover-20221013,001,1795
1261.9095,1261.9484,68437,82296,Rhinolophus ferrumequinum,0.028,0.028,-1,Echolocation,/mnt/ubna_data_02_mir/recover-20221013/UBNA_001/20221012_030000.WAV,Telephone Field,recover-20221013,001,1795
1261.9275,1261.9382,26328,32551,Eptesicus serotinus,0.009,0.022,-1,Echolocation,/mnt/ubna_data_02_mir/recover-20221013/UBNA_001/20221012_030000.WAV,Telephone Field,recover-20221013,001,1795
1261.9395,1261.9473,27187,39007,Eptesicus serotinus,0.008,0.023,-1,Echolocation,/mnt/ubna_data_02_mir/recover-20221013/UBNA_001/20221012_030000.WAV,Telephone Field,recover-20221013,001,1795
1261.9575,1261.9984,68437,83704,Rhinolophus ferrumequinum,0.04,0.04,-1,Echolocation,/mnt/ubna_data_02_mir/recover-20221013/UBNA_001/20221012_030000.WAV,Telephone Field,recover-20221013,001,1795
1261.9805,1261.9909,22031,27465,Nyctalus leisleri,0.009,0.022,-1,Echolocation,/mnt/ubna_data_02_mir/recover-20221013/UBNA_001/20221012_030000.WAV,Telephone Field,recover-20221013,001,1795
1262.0015,1262.0098,25468,35245,Nyctalus leisleri,0.008,0.027,-1,Echolocation,/mnt/ubna_data_02_mir/recover-20221013/UBNA_001/20221012_030000.WAV,Telephone Field,recover-20221013,001,1795
1262.0015,1262.0382,68437,81020,Rhinolophus ferrumequinum,0.033,0.033,-1,Echolocation,/mnt/ubna_data_02_mir/recover-20221013/UBNA_001/20221012_030000.WAV,Telephone Field,recover-20221013,001,1795
1262.0085,1262.0529,68437,83112,Rhinolophus ferrumequinum,0.023,0.023,-1,Echolocation,/mnt/ubna_data_02_mir/recover-20221013/UBNA_001/20221012_030000.WAV,Telephone Field,recover-20221013,001,1795
1262.0325,1262.0424,46953,50356,Pipistrellus pipistrellus,0.026,0.028,-1,Echolocation,/mnt/ubna_data_02_mir/recover-20221013/UBNA_001/20221012_030000.WAV,Telephone Field,recover-20221013,001,1795
1262.0565,1262.0643,28906,38510,Eptesicus serotinus,0.007,0.022,-1,Echolocation,/mnt/ubna_data_02_mir/recover-20221013/UBNA_001/20221012_030000.WAV,Telephone Field,recover-20221013,001,1795
1262.0815,1262.1229,68437,82727,Rhinolophus ferrumequinum,0.023,0.023,-1,Echolocation,/mnt/ubna_data_02_mir/recover-20221013/UBNA_001/20221012_030000.WAV,Telephone Field,recover-20221013,001,1795
1262.0885,1262.1282,68437,82442,Rhinolophus ferrumequinum,0.023,0.023,-1,Echolocation,/mnt/ubna_data_02_mir/recover-20221013/UBNA_001/20221012_030000.WAV,Telephone Field,recover-20221013,001,1795
1262.1295,1262.1701,68437,82472,Rhinolophus ferrumequinum,0.022,0.022,-1,Echolocation,/mnt/ubna_data_02_mir/recover-20221013/UBNA_001/20221012_030000.WAV,Telephone Field,recover-20221013,001,1795
1262.1715,1262.1823,50390,54145,Pipistrellus pipistrellus,0.025,0.03,-1,Echolocation,/mnt/ubna_data_02_mir/recover-20221013/UBNA_001/20221012_030000.WAV,Telephone Field,recover-20221013,001,1795
1262.1765,1262.2168,68437,82280,Rhinolophus ferrumequinum,0.027,0.027,-1,Echolocation,/mnt/ubna_data_02_mir/recover-20221013/UBNA_001/20221012_030000.WAV,Telephone Field,recover-20221013,001,1795
1262.2005,1262.2406,68437,82751,Rhinolophus ferrumequinum,0.024,0.024,-1,Echolocation,/mnt/ubna_data_02_mir/recover-20221013/UBNA_001/20221012_030000.WAV,Telephone Field,recover-20221013,001,1795
1262.2045,1262.2117,45234,49776,Pipistrellus pipistrellus,0.023,0.024,-1,Echolocation,/mnt/ubna_data_02_mir/recover-20221013/UBNA_001/20221012_030000.WAV,Telephone Field,recover-20221013,001,1795
1262.2185,1262.229,22890,28634,Nyctalus leisleri,0.01,0.021,-1,Echolocation,/mnt/ubna_data_02_mir/recover-20221013/UBNA_001/20221012_030000.WAV,Telephone Field,recover-20221013,001,1795
1262.2525,1262.2909,68437,82245,Rhinolophus ferrumequinum,0.024,0.024,-1,Echolocation,/mnt/ubna_data_02_mir/recover-20221013/UBNA_001/20221012_030000.WAV,Telephone Field,recover-20221013,001,1795
1262.2755,1262.2829,28046,40221,Eptesicus serotinus,0.007,0.021,-1,Echolocation,/mnt/ubna_data_02_mir/recover-20221013/UBNA_001/20221012_030000.WAV,Telephone Field,recover-20221013,001,1795
1262.2925,1262.3329,68437,82446,Rhinolophus ferrumequinum,0.035,0.035,-1,Echolocation,/mnt/ubna_data_02_mir/recover-20221013/UBNA_001/20221012_030000.WAV,Telephone Field,recover-20221013,001,1795
1262.3055,1262.3164,22890,27436,Nyctalus leisleri,0.013,0.025,-1,Echolocation,/mnt/ubna_data_02_mir/recover-20221013/UBNA_001/20221012_030000.WAV,Telephone Field,recover-20221013,001,1795
1262.3175,1262.3525,68437,80941,Rhinolophus ferrumequinum,0.02,0.021,-1,Echolocation,/mnt/ubna_data_02_mir/recover-20221013/UBNA_001/20221012_030000.WAV,Telephone Field,recover-20221013,001,1795
1262.3325,1262.3723,68437,82540,Rhinolophus ferrumequinum,0.024,0.024,-1,Echolocation,/mnt/ubna_data_02_mir/recover-20221013/UBNA_001/20221012_030000.WAV,Telephone Field,recover-20221013,001,1795
1262.3405,1262.3808,68437,82639,Rhinolophus ferrumequinum,0.021,0.021,-1,Echolocation,/mnt/ubna_data_02_mir/recover-20221013/UBNA_001/20221012_030000.WAV,Telephone Field,recover-20221013,001,1795
1262.3725,1262.413,68437,83501,Rhinolophus ferrumequinum,0.033,0.033,-1,Echolocation,/mnt/ubna_data_02_mir/recover-20221013/UBNA_001/20221012_030000.WAV,Telephone Field,recover-20221013,001,1795
1262.3765,1262.3866,25468,32800,Eptesicus serotinus,0.01,0.027,-1,Echolocation,/mnt/ubna_data_02_mir/recover-20221013/UBNA_001/20221012_030000.WAV,Telephone Field,recover-20221013,001,1795
1262.3825,1262.4238,68437,82953,Rhinolophus ferrumequinum,0.024,0.024,-1,Echolocation,/mnt/ubna_data_02_mir/recover-20221013/UBNA_001/20221012_030000.WAV,Telephone Field,recover-20221013,001,1795
1262.4165,1262.4538,68437,82167,Rhinolophus ferrumequinum,0.024,0.024,-1,Echolocation,/mnt/ubna_data_02_mir/recover-20221013/UBNA_001/20221012_030000.WAV,Telephone Field,recover-20221013,001,1795
1262.4265,1262.4345,45234,54339,Pipistrellus pipistrellus,0.021,0.031,-1,Echolocation,/mnt/ubna_data_02_mir/recover-20221013/UBNA_001/20221012_030000.WAV,Telephone Field,recover-20221013,001,1795
1262.4315,1262.4686,68437,82028,Rhinolophus ferrumequinum,0.022,0.022,-1,Echolocation,/mnt/ubna_data_02_mir/recover-20221013/UBNA_001/20221012_030000.WAV,Telephone Field,recover-20221013,001,1795
1262.4475,1262.4578,22890,28421,Nyctalus leisleri,0.009,0.022,-1,Echolocation,/mnt/ubna_data_02_mir/recover-20221013/UBNA_001/20221012_030000.WAV,Telephone Field,recover-20221013,001,1795
1262.4595,1262.4965,68437,81529,Rhinolophus ferrumequinum,0.021,0.021,-1,Echolocation,/mnt/ubna_data_02_mir/recover-20221013/UBNA_001/20221012_030000.WAV,Telephone Field,recover-20221013,001,1795
1262.4695,1262.5057,68437,81898,Rhinolophus ferrumequinum,0.021,0.021,-1,Echolocation,/mnt/ubna_data_02_mir/recover-20221013/UBNA_001/20221012_030000.WAV,Telephone Field,recover-20221013,001,1795
1262.5345,1262.5442,46953,50580,Pipistrellus pipistrellus,0.022,0.023,-1,Echolocation,/mnt/ubna_data_02_mir/recover-20221013/UBNA_001/20221012_030000.WAV,Telephone Field,recover-20221013,001,1795
1262.5435,1262.5809,68437,81715,Rhinolophus ferrumequinum,0.021,0.021,-1,Echolocation,/mnt/ubna_data_02_mir/recover-20221013/UBNA_001/20221012_030000.WAV,Telephone Field,recover-20221013,001,1795
1262.6055,1262.6198,23750,29320,Nyctalus leisleri,0.012,0.025,-1,Echolocation,/mnt/ubna_data_02_mir/recover-20221013/UBNA_001/20221012_030000.WAV,Telephone Field,recover-20221013,001,1795
1262.6255,1262.6674,68437,82522,Rhinolophus ferrumequinum,0.024,0.024,-1,Echolocation,/mnt/ubna_data_02_mir/recover-20221013/UBNA_001/20221012_030000.WAV,Telephone Field,recover-20221013,001,1795
1262.6515,1262.6928,68437,82183,Rhinolophus ferrumequinum,0.024,0.024,-1,Echolocation,/mnt/ubna_data_02_mir/recover-20221013/UBNA_001/20221012_030000.WAV,Telephone Field,recover-20221013,001,1795
1262.6735,1262.6823,28906,37590,Eptesicus serotinus,0.007,0.021,-1,Echolocation,/mnt/ubna_data_02_mir/recover-20221013/UBNA_001/20221012_030000.WAV,Telephone Field,recover-20221013,001,1795
1262.7025,1262.7404,68437,81695,Rhinolophus ferrumequinum,0.021,0.021,-1,Echolocation,/mnt/ubna_data_02_mir/recover-20221013/UBNA_001/20221012_030000.WAV,Telephone Field,recover-20221013,001,1795
1262.7255,1262.7656,68437,82084,Rhinolophus ferrumequinum,0.024,0.024,-1,Echolocation,/mnt/ubna_data_02_mir/recover-20221013/UBNA_001/20221012_030000.WAV,Telephone Field,recover-20221013,001,1795
1262.7725,1262.7822,24609,31434,Nyctalus leisleri,0.007,0.022,-1,Echolocation,/mnt/ubna_data_02_mir/recover-20221013/UBNA_001/20221012_030000.WAV,Telephone Field,recover-20221013,001,1795
1262.7865,1262.8266,68437,82740,Rhinolophus ferrumequinum,0.023,0.023,-1,Echolocation,/mnt/ubna_data_02_mir/recover-20221013/UBNA_001/20221012_030000.WAV,Telephone Field,recover-20221013,001,1795
1262.7935,1262.8316,68437,82651,Rhinolophus ferrumequinum,0.023,0.023,-1,Echolocation,/mnt/ubna_data_02_mir/recover-20221013/UBNA_001/20221012_030000.WAV,Telephone Field,recover-20221013,001,1795
1262.8035,1262.8143,22890,28881,Nyctalus leisleri,0.012,0.028,-1,Echolocation,/mnt/ubna_data_02_mir/recover-20221013/UBNA_001/20221012_030000.WAV,Telephone Field,recover-20221013,001,1795
1262.8245,1262.8691,68437,83357,Rhinolophus ferrumequinum,0.038,0.038,-1,Echolocation,/mnt/ubna_data_02_mir/recover-20221013/UBNA_001/20221012_030000.WAV,Telephone Field,recover-20221013,001,1795
1262.8455,1262.8856,68437,82517,Rhinolophus ferrumequinum,0.024,0.024,-1,Echolocation,/mnt/ubna_data_02_mir/recover-20221013/UBNA_001/20221012_030000.WAV,Telephone Field,recover-20221013,001,1795
1262.8685,1262.8834,15156,19210,Nyctalus noctula,0.016,0.026,-1,Echolocation,/mnt/ubna_data_02_mir/recover-20221013/UBNA_001/20221012_030000.WAV,Telephone Field,recover-20221013,001,1795
1262.8945,1262.9348,68437,82779,Rhinolophus ferrumequinum,0.032,0.032,-1,Echolocation,/mnt/ubna_data_02_mir/recover-20221013/UBNA_001/20221012_030000.WAV,Telephone Field,recover-20221013,001,1795
1262.9325,1262.9427,27187,35449,Eptesicus serotinus,0.009,0.023,-1,Echolocation,/mnt/ubna_data_02_mir/recover-20221013/UBNA_001/20221012_030000.WAV,Telephone Field,recover-20221013,001,1795
1262.9565,1262.9957,68437,82278,Rhinolophus ferrumequinum,0.021,0.021,-1,Echolocation,/mnt/ubna_data_02_mir/recover-20221013/UBNA_001/20221012_030000.WAV,Telephone Field,recover-20221013,001,1795
1262.9835,1263.0248,68437,83083,Rhinolophus ferrumequinum,0.025,0.025,-1,Echolocation,/mnt/ubna_data_02_mir/recover-20221013/UBNA_001/20221012_030000.WAV,Telephone Field,recover-20221013,001,1795
1262.9915,1263.0286,68437,82082,Rhinolophus ferrumequinum,0.022,0.022,-1,Echolocation,/mnt/ubna_data_02_mir/recover-20221013/UBNA_001/20221012_030000.WAV,Telephone Field,recover-20221013,001,1795
1263.0295,1263.037,28046,38593,Eptesicus serotinus,0.006,0.021,-1,Echolocation,/mnt/ubna_data_02_mir/recover-20221013/UBNA_001/20221012_030000.WAV,Telephone Field,recover-20221013,001,1795
1263.0295,1263.0653,68437,81771,Rhinolophus ferrumequinum,0.023,0.023,-1,Echolocation,/mnt/ubna_data_02_mir/recover-20221013/UBNA_001/20221012_030000.WAV,Telephone Field,recover-20221013,001,1795
1263.0685,1263.1024,68437,81771,Rhinolophus ferrumequinum,0.022,0.022,-1,Echolocation,/mnt/ubna_data_02_mir/recover-20221013/UBNA_001/20221012_030000.WAV,Telephone Field,recover-20221013,001,1795
1263.0785,1263.1161,68437,81264,Rhinolophus ferrumequinum,0.022,0.022,-1,Echolocation,/mnt/ubna_data_02_mir/recover-20221013/UBNA_001/20221012_030000.WAV,Telephone Field,recover-20221013,001,1795
1263.0875,1263.098,23750,29094,Nyctalus leisleri,0.011,0.024,-1,Echolocation,/mnt/ubna_data_02_mir/recover-20221013/UBNA_001/20221012_030000.WAV,Telephone Field,recover-20221013,001,1795
1263.1075,1263.1464,68437,81782,Rhinolophus ferrumequinum,0.022,0.022,-1,Echolocation,/mnt/ubna_data_02_mir/recover-20221013/UBNA_001/20221012_030000.WAV,Telephone Field,recover-20221013,001,1795
1263.1235,1263.1335,43515,47130,Pipistrellus pipistrellus,0.082,0.09,-1,Echolocation,/mnt/ubna_data_02_mir/recover-20221013/UBNA_001/20221012_030000.WAV,Telephone Field,recover-20221013,001,1795
1263.1565,1263.1958,68437,82554,Rhinolophus ferrumequinum,0.022,0.022,-1,Echolocation,/mnt/ubna_data_02_mir/recover-20221013/UBNA_001/20221012_030000.WAV,Telephone Field,recover-20221013,001,1795
1263.1905,1263.2267,68437,81337,Rhinolophus ferrumequinum,0.022,0.022,-1,Echolocation,/mnt/ubna_data_02_mir/recover-20221013/UBNA_001/20221012_030000.WAV,Telephone Field,recover-20221013,001,1795
1263.2115,1263.219,23750,31798,Plecotus austriacus,0.01,0.023,-1,Echolocation,/mnt/ubna_data_02_mir/recover-20221013/UBNA_001/20221012_030000.WAV,Telephone Field,recover-20221013,001,1795
1263.2155,1263.2529,68437,81516,Rhinolophus ferrumequinum,0.021,0.021,-1,Echolocation,/mnt/ubna_data_02_mir/recover-20221013/UBNA_001/20221012_030000.WAV,Telephone Field,recover-20221013,001,1795
1263.2395,1263.2821,68437,82995,Rhinolophus ferrumequinum,0.031,0.031,-1,Echolocation,/mnt/ubna_data_02_mir/recover-20221013/UBNA_001/20221012_030000.WAV,Telephone Field,recover-20221013,001,1795
1263.2545,1263.2632,24609,31948,Nyctalus leisleri,0.007,0.023,-1,Echolocation,/mnt/ubna_data_02_mir/recover-20221013/UBNA_001/20221012_030000.WAV,Telephone Field,recover-20221013,001,1795
1263.2815,1263.2883,27187,43305,Eptesicus serotinus,0.006,0.023,-1,Echolocation,/mnt/ubna_data_02_mir/recover-20221013/UBNA_001/20221012_030000.WAV,Telephone Field,recover-20221013,001,1795
1263.3065,1263.346,68437,82182,Rhinolophus ferrumequinum,0.024,0.024,-1,Echolocation,/mnt/ubna_data_02_mir/recover-20221013/UBNA_001/20221012_030000.WAV,Telephone Field,recover-20221013,001,1795
1263.3215,1263.3623,68437,82154,Rhinolophus ferrumequinum,0.024,0.024,-1,Echolocation,/mnt/ubna_data_02_mir/recover-20221013/UBNA_001/20221012_030000.WAV,Telephone Field,recover-20221013,001,1795
1263.3595,1263.399,68437,81935,Rhinolophus ferrumequinum,0.022,0.022,-1,Echolocation,/mnt/ubna_data_02_mir/recover-20221013/UBNA_001/20221012_030000.WAV,Telephone Field,recover-20221013,001,1795
1263.3805,1263.3908,28906,37261,Eptesicus serotinus,0.012,0.028,-1,Echolocation,/mnt/ubna_data_02_mir/recover-20221013/UBNA_001/20221012_030000.WAV,Telephone Field,recover-20221013,001,1795
1263.3945,1263.4027,28906,39373,Eptesicus serotinus,0.007,0.021,-1,Echolocation,/mnt/ubna_data_02_mir/recover-20221013/UBNA_001/20221012_030000.WAV,Telephone Field,recover-20221013,001,1795
1263.4125,1263.4516,68437,81882,Rhinolophus ferrumequinum,0.027,0.027,-1,Echolocation,/mnt/ubna_data_02_mir/recover-20221013/UBNA_001/20221012_030000.WAV,Telephone Field,recover-20221013,001,1795
1263.4395,1263.4791,68437,82260,Rhinolophus ferrumequinum,0.021,0.021,-1,Echolocation,/mnt/ubna_data_02_mir/recover-20221013/UBNA_001/20221012_030000.WAV,Telephone Field,recover-20221013,001,1795
1263.4435,1263.451,28906,39827,Eptesicus serotinus,0.007,0.023,-1,Echolocation,/mnt/ubna_data_02_mir/recover-20221013/UBNA_001/20221012_030000.WAV,Telephone Field,recover-20221013,001,1795
1263.4445,1263.4526,23750,31745,Plecotus austriacus,0.009,0.023,-1,Echolocation,/mnt/ubna_data_02_mir/recover-20221013/UBNA_001/20221012_030000.WAV,Telephone Field,recover-20221013,001,1795
1263.4555,1263.4981,68437,83119,Rhinolophus ferrumequinum,0.027,0.027,-1,Echolocation,/mnt/ubna_data_02_mir/recover-20221013/UBNA_001/20221012_030000.WAV,Telephone Field,recover-20221013,001,1795
1263.4805,1263.5205,68437,81768,Rhinolophus ferrumequinum,0.032,0.032,-1,Echolocation,/mnt/ubna_data_02_mir/recover-20221013/UBNA_001/20221012_030000.WAV,Telephone Field,recover-20221013,001,1795
1263.5065,1263.5437,68437,81427,Rhinolophus ferrumequinum,0.021,0.021,-1,Echolocation,/mnt/ubna_data_02_mir/recover-20221013/UBNA_001/20221012_030000.WAV,Telephone Field,recover-20221013,001,1795
1263.5085,1263.5174,27187,39389,Eptesicus serotinus,0.008,0.023,-1,Echolocation,/mnt/ubna_data_02_mir/recover-20221013/UBNA_001/20221012_030000.WAV,Telephone Field,recover-20221013,001,1795
1263.5255,1263.5646,68437,82386,Rhinolophus ferrumequinum,0.021,0.021,-1,Echolocation,/mnt/ubna_data_02_mir/recover-20221013/UBNA_001/20221012_030000.WAV,Telephone Field,recover-20221013,001,1795
1263.5455,1263.5848,68437,82292,Rhinolophus ferrumequinum,0.023,0.023,-1,Echolocation,/mnt/ubna_data_02_mir/recover-20221013/UBNA_001/20221012_030000.WAV,Telephone Field,recover-20221013,001,1795
1263.5565,1263.5958,68437,81699,Rhinolophus ferrumequinum,0.022,0.022,-1,Echolocation,/mnt/ubna_data_02_mir/recover-20221013/UBNA_001/20221012_030000.WAV,Telephone Field,recover-20221013,001,1795
1263.5825,1263.6212,68437,81962,Rhinolophus ferrumequinum,0.039,0.039,-1,Echolocation,/mnt/ubna_data_02_mir/recover-20221013/UBNA_001/20221012_030000.WAV,Telephone Field,recover-20221013,001,1795
1263.5855,1263.594,27187,38814,Eptesicus serotinus,0.006,0.022,-1,Echolocation,/mnt/ubna_data_02_mir/recover-20221013/UBNA_001/20221012_030000.WAV,Telephone Field,recover-20221013,001,1795
1263.6085,1263.6486,68437,81970,Rhinolophus ferrumequinum,0.022,0.022,-1,Echolocation,/mnt/ubna_data_02_mir/recover-20221013/UBNA_001/20221012_030000.WAV,Telephone Field,recover-20221013,001,1795
1263.6365,1263.6426,28046,45149,Myotis daubentonii,0.007,0.031,-1,Echolocation,/mnt/ubna_data_02_mir/recover-20221013/UBNA_001/20221012_030000.WAV,Telephone Field,recover-20221013,001,1795
1263.6385,1263.6757,68437,81301,Rhinolophus ferrumequinum,0.022,0.022,-1,Echolocation,/mnt/ubna_data_02_mir/recover-20221013/UBNA_001/20221012_030000.WAV,Telephone Field,recover-20221013,001,1795
1263.6685,1263.677,28046,39533,Eptesicus serotinus,0.007,0.021,-1,Echolocation,/mnt/ubna_data_02_mir/recover-20221013/UBNA_001/20221012_030000.WAV,Telephone Field,recover-20221013,001,1795
1263.6815,1263.7227,68437,82222,Rhinolophus ferrumequinum,0.023,0.023,-1,Echolocation,/mnt/ubna_data_02_mir/recover-20221013/UBNA_001/20221012_030000.WAV,Telephone Field,recover-20221013,001,1795
1263.7115,1263.7198,27187,39767,Eptesicus serotinus,0.009,0.024,-1,Echolocation,/mnt/ubna_data_02_mir/recover-20221013/UBNA_001/20221012_030000.WAV,Telephone Field,recover-20221013,001,1795
1263.7215,1263.7616,68437,82415,Rhinolophus ferrumequinum,0.024,0.024,-1,Echolocation,/mnt/ubna_data_02_mir/recover-20221013/UBNA_001/20221012_030000.WAV,Telephone Field,recover-20221013,001,1795
1263.7295,1263.747,22031,25496,Nyctalus leisleri,0.016,0.025,-1,Echolocation,/mnt/ubna_data_02_mir/recover-20221013/UBNA_001/20221012_030000.WAV,Telephone Field,recover-20221013,001,1795
1263.7565,1263.7681,40937,48939,Pipistrellus pipistrellus,0.023,0.045,-1,Echolocation,/mnt/ubna_data_02_mir/recover-20221013/UBNA_001/20221012_030000.WAV,Telephone Field,recover-20221013,001,1795
1263.7575,1263.7682,25468,32302,Nyctalus leisleri,0.009,0.024,-1,Echolocation,/mnt/ubna_data_02_mir/recover-20221013/UBNA_001/20221012_030000.WAV,Telephone Field,recover-20221013,001,1795
1263.7845,1263.825,68437,82453,Rhinolophus ferrumequinum,0.023,0.023,-1,Echolocation,/mnt/ubna_data_02_mir/recover-20221013/UBNA_001/20221012_030000.WAV,Telephone Field,recover-20221013,001,1795
1263.7865,1263.7941,28046,40947,Eptesicus serotinus,0.006,0.021,-1,Echolocation,/mnt/ubna_data_02_mir/recover-20221013/UBNA_001/20221012_030000.WAV,Telephone Field,recover-20221013,001,1795
1263.8025,1263.8415,68437,82127,Rhinolophus ferrumequinum,0.022,0.022,-1,Echolocation,/mnt/ubna_data_02_mir/recover-20221013/UBNA_001/20221012_030000.WAV,Telephone Field,recover-20221013,001,1795
1263.8085,1263.8495,68437,82013,Rhinolophus ferrumequinum,0.023,0.024,-1,Echolocation,/mnt/ubna_data_02_mir/recover-20221013/UBNA_001/20221012_030000.WAV,Telephone Field,recover-20221013,001,1795
1263.8135,1263.8239,27187,39062,Eptesicus serotinus,0.012,0.029,-1,Echolocation,/mnt/ubna_data_02_mir/recover-20221013/UBNA_001/20221012_030000.WAV,Telephone Field,recover-20221013,001,1795
1263.8335,1263.8467,23750,28704,Nyctalus leisleri,0.013,0.025,-1,Echolocation,/mnt/ubna_data_02_mir/recover-20221013/UBNA_001/20221012_030000.WAV,Telephone Field,recover-20221013,001,1795
1263.8425,1263.8507,28046,38170,Eptesicus serotinus,0.007,0.021,-1,Echolocation,/mnt/ubna_data_02_mir/recover-20221013/UBNA_001/20221012_030000.WAV,Telephone Field,recover-20221013,001,1795
1263.8475,1263.8824,68437,81246,Rhinolophus ferrumequinum,0.02,0.021,-1,Echolocation,/mnt/ubna_data_02_mir/recover-20221013/UBNA_001/20221012_030000.WAV,Telephone Field,recover-20221013,001,1795
1263.9055,1263.9174,22890,27626,Nyctalus leisleri,0.012,0.022,-1,Echolocation,/mnt/ubna_data_02_mir/recover-20221013/UBNA_001/20221012_030000.WAV,Telephone Field,recover-20221013,001,1795
1263.9315,1263.9724,68437,82978,Rhinolophus ferrumequinum,0.026,0.026,-1,Echolocation,/mnt/ubna_data_02_mir/recover-20221013/UBNA_001/20221012_030000.WAV,Telephone Field,recover-20221013,001,1795
1264.0015,1264.0103,46093,51525,Pipistrellus pipistrellus,0.027,0.034,-1,Echolocation,/mnt/ubna_data_02_mir/recover-20221013/UBNA_001/20221012_030000.WAV,Telephone Field,recover-20221013,001,1795
1264.0015,1264.0316,68437,79353,Rhinolophus ferrumequinum,0.024,0.024,-1,Echolocation,/mnt/ubna_data_02_mir/recover-20221013/UBNA_001/20221012_030000.WAV,Telephone Field,recover-20221013,001,1795
1264.0015,1264.0144,31484,37444,Eptesicus serotinus,0.011,0.03,-1,Echolocation,/mnt/ubna_data_02_mir/recover-20221013/UBNA_001/20221012_030000.WAV,Telephone Field,recover-20221013,001,1795
1264.0435,1264.086,68437,82520,Rhinolophus ferrumequinum,0.024,0.024,-1,Echolocation,/mnt/ubna_data_02_mir/recover-20221013/UBNA_001/20221012_030000.WAV,Telephone Field,recover-20221013,001,1795
1264.0455,1264.0558,22031,26548,Nyctalus leisleri,0.01,0.022,-1,Echolocation,/mnt/ubna_data_02_mir/recover-20221013/UBNA_001/20221012_030000.WAV,Telephone Field,recover-20221013,001,1795
1264.0595,1264.0697,22031,26719,Nyctalus leisleri,0.011,0.021,-1,Echolocation,/mnt/ubna_data_02_mir/recover-20221013/UBNA_001/20221012_030000.WAV,Telephone Field,recover-20221013,001,1795
1264.0865,1264.1255,68437,81597,Rhinolophus ferrumequinum,0.021,0.021,-1,Echolocation,/mnt/ubna_data_02_mir/recover-20221013/UBNA_001/20221012_030000.WAV,Telephone Field,recover-20221013,001,1795
1264.1015,1264.1364,68437,81915,Rhinolophus ferrumequinum,0.021,0.021,-1,Echolocation,/mnt/ubna_data_02_mir/recover-20221013/UBNA_001/20221012_030000.WAV,Telephone Field,recover-20221013,001,1795
1264.1305,1264.1402,23750,29969,Nyctalus leisleri,0.008,0.021,-1,Echolocation,/mnt/ubna_data_02_mir/recover-20221013/UBNA_001/20221012_030000.WAV,Telephone Field,recover-20221013,001,1795
1264.1665,1264.1788,25468,31010,Nyctalus leisleri,0.009,0.023,-1,Echolocation,/mnt/ubna_data_02_mir/recover-20221013/UBNA_001/20221012_030000.WAV,Telephone Field,recover-20221013,001,1795
1264.1775,1264.1881,26328,33828,Eptesicus serotinus,0.008,0.022,-1,Echolocation,/mnt/ubna_data_02_mir/recover-20221013/UBNA_001/20221012_030000.WAV,Telephone Field,recover-20221013,001,1795
1264.1895,1264.2244,68437,81116,Rhinolophus ferrumequinum,0.021,0.021,-1,Echolocation,/mnt/ubna_data_02_mir/recover-20221013/UBNA_001/20221012_030000.WAV,Telephone Field,recover-20221013,001,1795
1264.2625,1264.3028,68437,82068,Rhinolophus ferrumequinum,0.022,0.022,-1,Echolocation,/mnt/ubna_data_02_mir/recover-20221013/UBNA_001/20221012_030000.WAV,Telephone Field,recover-20221013,001,1795
1264.2635,1264.2729,22031,27515,Nyctalus leisleri,0.008,0.021,-1,Echolocation,/mnt/ubna_data_02_mir/recover-20221013/UBNA_001/20221012_030000.WAV,Telephone Field,recover-20221013,001,1795
1264.2795,1264.3168,68437,81846,Rhinolophus ferrumequinum,0.023,0.023,-1,Echolocation,/mnt/ubna_data_02_mir/recover-20221013/UBNA_001/20221012_030000.WAV,Telephone Field,recover-20221013,001,1795
1264.3645,1264.4057,68437,82218,Rhinolophus ferrumequinum,0.025,0.025,-1,Echolocation,/mnt/ubna_data_02_mir/recover-20221013/UBNA_001/20221012_030000.WAV,Telephone Field,recover-20221013,001,1795
1264.3645,1264.3745,22890,28249,Nyctalus leisleri,0.009,0.021,-1,Echolocation,/mnt/ubna_data_02_mir/recover-20221013/UBNA_001/20221012_030000.WAV,Telephone Field,recover-20221013,001,1795
1264.3945,1264.4058,22890,27158,Nyctalus leisleri,0.011,0.021,-1,Echolocation,/mnt/ubna_data_02_mir/recover-20221013/UBNA_001/20221012_030000.WAV,Telephone Field,recover-20221013,001,1795
1264.3965,1264.4373,68437,83158,Rhinolophus ferrumequinum,0.029,0.029,-1,Echolocation,/mnt/ubna_data_02_mir/recover-20221013/UBNA_001/20221012_030000.WAV,Telephone Field,recover-20221013,001,1795
1264.4395,1264.4778,68437,82229,Rhinolophus ferrumequinum,0.024,0.024,-1,Echolocation,/mnt/ubna_data_02_mir/recover-20221013/UBNA_001/20221012_030000.WAV,Telephone Field,recover-20221013,001,1795
1264.4705,1264.4817,43515,46645,Pipistrellus pipistrellus,0.035,0.04,-1,Echolocation,/mnt/ubna_data_02_mir/recover-20221013/UBNA_001/20221012_030000.WAV,Telephone Field,recover-20221013,001,1795
1264.4895,1264.5278,68437,82141,Rhinolophus ferrumequinum,0.021,0.021,-1,Echolocation,/mnt/ubna_data_02_mir/recover-20221013/UBNA_001/20221012_030000.WAV,Telephone Field,recover-20221013,001,1795
1264.5075,1264.5469,68437,83150,Rhinolophus ferrumequinum,0.03,0.03,-1,Echolocation,/mnt/ubna_data_02_mir/recover-20221013/UBNA_001/20221012_030000.WAV,Telephone Field,recover-20221013,001,1795
1264.5345,1264.5742,68437,82757,Rhinolophus ferrumequinum,0.023,0.023,-1,Echolocation,/mnt/ubna_data_02_mir/recover-20221013/UBNA_001/20221012_030000.WAV,Telephone Field,recover-20221013,001,1795
1264.5535,1264.5878,68437,81313,Rhinolophus ferrumequinum,0.022,0.022,-1,Echolocation,/mnt/ubna_data_02_mir/recover-20221013/UBNA_001/20221012_030000.WAV,Telephone Field,recover-20221013,001,1795
1264.5655,1264.6044,68437,82244,Rhinolophus ferrumequinum,0.024,0.024,-1,Echolocation,/mnt/ubna_data_02_mir/recover-20221013/UBNA_001/20221012_030000.WAV,Telephone Field,recover-20221013,001,1795
1264.5845,1264.6219,68437,82584,Rhinolophus ferrumequinum,0.023,0.023,-1,Echolocation,/mnt/ubna_data_02_mir/recover-20221013/UBNA_001/20221012_030000.WAV,Telephone Field,recover-20221013,001,1795
1264.5875,1264.5983,28046,35099,Eptesicus serotinus,0.013,0.027,-1,Echolocation,/mnt/ubna_data_02_mir/recover-20221013/UBNA_001/20221012_030000.WAV,Telephone Field,recover-20221013,001,1795
1264.5995,1264.6435,68437,83235,Rhinolophus ferrumequinum,0.033,0.033,-1,Echolocation,/mnt/ubna_data_02_mir/recover-20221013/UBNA_001/20221012_030000.WAV,Telephone Field,recover-20221013,001,1795
1264.6425,1264.6826,68437,82079,Rhinolophus ferrumequinum,0.021,0.022,-1,Echolocation,/mnt/ubna_data_02_mir/recover-20221013/UBNA_001/20221012_030000.WAV,Telephone Field,recover-20221013,001,1795
1264.6905,1264.7268,68437,81381,Rhinolophus ferrumequinum,0.021,0.021,-1,Echolocation,/mnt/ubna_data_02_mir/recover-20221013/UBNA_001/20221012_030000.WAV,Telephone Field,recover-20221013,001,1795
1264.6985,1264.7079,27187,35039,Eptesicus serotinus,0.011,0.023,-1,Echolocation,/mnt/ubna_data_02_mir/recover-20221013/UBNA_001/20221012_030000.WAV,Telephone Field,recover-20221013,001,1795
1264.7085,1264.7193,29765,35393,Eptesicus serotinus,0.009,0.022,-1,Echolocation,/mnt/ubna_data_02_mir/recover-20221013/UBNA_001/20221012_030000.WAV,Telephone Field,recover-20221013,001,1795
1264.7485,1264.7876,68437,82409,Rhinolophus ferrumequinum,0.022,0.022,-1,Echolocation,/mnt/ubna_data_02_mir/recover-20221013/UBNA_001/20221012_030000.WAV,Telephone Field,recover-20221013,001,1795
1264.8215,1264.8317,22031,27493,Nyctalus leisleri,0.01,0.024,-1,Echolocation,/mnt/ubna_data_02_mir/recover-20221013/UBNA_001/20221012_030000.WAV,Telephone Field,recover-20221013,001,1795
1264.8705,1264.8769,25468,38674,Plecotus austriacus,0.015,0.037,-1,Echolocation,/mnt/ubna_data_02_mir/recover-20221013/UBNA_001/20221012_030000.WAV,Telephone Field,recover-20221013,001,1795
1264.9045,1264.9117,44375,50931,Pipistrellus pipistrellus,0.026,0.031,-1,Echolocation,/mnt/ubna_data_02_mir/recover-20221013/UBNA_001/20221012_030000.WAV,Telephone Field,recover-20221013,001,1795
1264.9255,1264.9325,28906,40314,Eptesicus serotinus,0.007,0.022,-1,Echolocation,/mnt/ubna_data_02_mir/recover-20221013/UBNA_001/20221012_030000.WAV,Telephone Field,recover-20221013,001,1795
1264.9685,1264.9795,27187,34269,Eptesicus serotinus,0.012,0.027,-1,Echolocation,/mnt/ubna_data_02_mir/recover-20221013/UBNA_001/20221012_030000.WAV,Telephone Field,recover-20221013,001,1795
1265.0095,1265.0482,68437,82276,Rhinolophus ferrumequinum,0.022,0.022,-1,Echolocation,/mnt/ubna_data_02_mir/recover-20221013/UBNA_001/20221012_030000.WAV,Telephone Field,recover-20221013,001,1795
1265.1275,1265.135,23750,31677,Plecotus austriacus,0.008,0.021,-1,Echolocation,/mnt/ubna_data_02_mir/recover-20221013/UBNA_001/20221012_030000.WAV,Telephone Field,recover-20221013,001,1795
1265.1815,1265.2167,68437,81254,Rhinolophus ferrumequinum,0.021,0.021,-1,Echolocation,/mnt/ubna_data_02_mir/recover-20221013/UBNA_001/20221012_030000.WAV,Telephone Field,recover-20221013,001,1795
1265.1815,1265.1896,28046,36767,Eptesicus serotinus,0.013,0.031,-1,Echolocation,/mnt/ubna_data_02_mir/recover-20221013/UBNA_001/20221012_030000.WAV,Telephone Field,recover-20221013,001,1795
1265.1905,1265.2263,68437,80503,Rhinolophus ferrumequinum,0.022,0.023,-1,Echolocation,/mnt/ubna_data_02_mir/recover-20221013/UBNA_001/20221012_030000.WAV,Telephone Field,recover-20221013,001,1795
1265.2075,1265.2448,68437,81988,Rhinolophus ferrumequinum,0.025,0.025,-1,Echolocation,/mnt/ubna_data_02_mir/recover-20221013/UBNA_001/20221012_030000.WAV,Telephone Field,recover-20221013,001,1795
1265.2235,1265.2645,68437,82937,Rhinolophus ferrumequinum,0.027,0.027,-1,Echolocation,/mnt/ubna_data_02_mir/recover-20221013/UBNA_001/20221012_030000.WAV,Telephone Field,recover-20221013,001,1795
1265.2355,1265.2445,28046,39612,Eptesicus serotinus,0.008,0.021,-1,Echolocation,/mnt/ubna_data_02_mir/recover-20221013/UBNA_001/20221012_030000.WAV,Telephone Field,recover-20221013,001,1795
1265.2465,1265.2546,28906,40246,Eptesicus serotinus,0.008,0.023,-1,Echolocation,/mnt/ubna_data_02_mir/recover-20221013/UBNA_001/20221012_030000.WAV,Telephone Field,recover-20221013,001,1795
1265.2615,1265.2996,68437,82417,Rhinolophus ferrumequinum,0.029,0.029,-1,Echolocation,/mnt/ubna_data_02_mir/recover-20221013/UBNA_001/20221012_030000.WAV,Telephone Field,recover-20221013,001,1795
1265.3215,1265.358,68437,81442,Rhinolophus ferrumequinum,0.022,0.022,-1,Echolocation,/mnt/ubna_data_02_mir/recover-20221013/UBNA_001/20221012_030000.WAV,Telephone Field,recover-20221013,001,1795
1265.3405,1265.3761,68437,81168,Rhinolophus ferrumequinum,0.021,0.021,-1,Echolocation,/mnt/ubna_data_02_mir/recover-20221013/UBNA_001/20221012_030000.WAV,Telephone Field,recover-20221013,001,1795
1265.3515,1265.358,28046,43265,Eptesicus serotinus,0.006,0.025,-1,Echolocation,/mnt/ubna_data_02_mir/recover-20221013/UBNA_001/20221012_030000.WAV,Telephone Field,recover-20221013,001,1795
1265.3715,1265.4122,68437,81912,Rhinolophus ferrumequinum,0.024,0.024,-1,Echolocation,/mnt/ubna_data_02_mir/recover-20221013/UBNA_001/20221012_030000.WAV,Telephone Field,recover-20221013,001,1795
1265.3795,1265.4202,68437,83131,Rhinolophus ferrumequinum,0.029,0.029,-1,Echolocation,/mnt/ubna_data_02_mir/recover-20221013/UBNA_001/20221012_030000.WAV,Telephone Field,recover-20221013,001,1795
1265.4455,1265.4523,28906,40068,Eptesicus serotinus,0.006,0.021,-1,Echolocation,/mnt/ubna_data_02_mir/recover-20221013/UBNA_001/20221012_030000.WAV,Telephone Field,recover-20221013,001,1795
1265.4785,1265.4939,22031,25423,Nyctalus leisleri,0.013,0.021,-1,Echolocation,/mnt/ubna_data_02_mir/recover-20221013/UBNA_001/20221012_030000.WAV,Telephone Field,recover-20221013,001,1795
1265.4835,1265.5249,68437,82764,Rhinolophus ferrumequinum,0.025,0.025,-1,Echolocation,/mnt/ubna_data_02_mir/recover-20221013/UBNA_001/20221012_030000.WAV,Telephone Field,recover-20221013,001,1795
1265.5125,1265.5534,68437,82554,Rhinolophus ferrumequinum,0.022,0.022,-1,Echolocation,/mnt/ubna_data_02_mir/recover-20221013/UBNA_001/20221012_030000.WAV,Telephone Field,recover-20221013,001,1795
1265.5805,1265.6219,68437,83117,Rhinolophus ferrumequinum,0.032,0.032,-1,Echolocation,/mnt/ubna_data_02_mir/recover-20221013/UBNA_001/20221012_030000.WAV,Telephone Field,recover-20221013,001,1795
1265.5905,1265.6028,23750,28706,Nyctalus leisleri,0.013,0.025,-1,Echolocation,/mnt/ubna_data_02_mir/recover-20221013/UBNA_001/20221012_030000.WAV,Telephone Field,recover-20221013,001,1795
1265.6045,1265.6428,68437,82674,Rhinolophus ferrumequinum,0.021,0.021,-1,Echolocation,/mnt/ubna_data_02_mir/recover-20221013/UBNA_001/20221012_030000.WAV,Telephone Field,recover-20221013,001,1795
1265.6045,1265.6184,15156,20850,Nyctalus noctula,0.014,0.021,-1,Echolocation,/mnt/ubna_data_02_mir/recover-20221013/UBNA_001/20221012_030000.WAV,Telephone Field,recover-20221013,001,1795
1265.6215,1265.6312,28906,35979,Eptesicus serotinus,0.008,0.021,-1,Echolocation,/mnt/ubna_data_02_mir/recover-20221013/UBNA_001/20221012_030000.WAV,Telephone Field,recover-20221013,001,1795
1265.6455,1265.6822,68437,81332,Rhinolophus ferrumequinum,0.025,0.025,-1,Echolocation,/mnt/ubna_data_02_mir/recover-20221013/UBNA_001/20221012_030000.WAV,Telephone Field,recover-20221013,001,1795
1265.6825,1265.7206,68437,82193,Rhinolophus ferrumequinum,0.023,0.023,-1,Echolocation,/mnt/ubna_data_02_mir/recover-20221013/UBNA_001/20221012_030000.WAV,Telephone Field,recover-20221013,001,1795
1265.7065,1265.7174,23750,29267,Nyctalus leisleri,0.01,0.022,-1,Echolocation,/mnt/ubna_data_02_mir/recover-20221013/UBNA_001/20221012_030000.WAV,Telephone Field,recover-20221013,001,1795
1265.7115,1265.7523,68437,83000,Rhinolophus ferrumequinum,0.03,0.03,-1,Echolocation,/mnt/ubna_data_02_mir/recover-20221013/UBNA_001/20221012_030000.WAV,Telephone Field,recover-20221013,001,1795
1265.7225,1265.7629,68437,82526,Rhinolophus ferrumequinum,0.025,0.025,-1,Echolocation,/mnt/ubna_data_02_mir/recover-20221013/UBNA_001/20221012_030000.WAV,Telephone Field,recover-20221013,001,1795
1265.7445,1265.7585,22890,27418,Nyctalus leisleri,0.014,0.025,-1,Echolocation,/mnt/ubna_data_02_mir/recover-20221013/UBNA_001/20221012_030000.WAV,Telephone Field,recover-20221013,001,1795
1265.7925,1265.8321,68437,82218,Rhinolophus ferrumequinum,0.022,0.023,-1,Echolocation,/mnt/ubna_data_02_mir/recover-20221013/UBNA_001/20221012_030000.WAV,Telephone Field,recover-20221013,001,1795
1265.7935,1265.8001,28046,44108,Eptesicus serotinus,0.006,0.024,-1,Echolocation,/mnt/ubna_data_02_mir/recover-20221013/UBNA_001/20221012_030000.WAV,Telephone Field,recover-20221013,001,1795
1265.8045,1265.8437,68437,81976,Rhinolophus ferrumequinum,0.022,0.022,-1,Echolocation,/mnt/ubna_data_02_mir/recover-20221013/UBNA_001/20221012_030000.WAV,Telephone Field,recover-20221013,001,1795
1265.8395,1265.8508,23750,29406,Nyctalus leisleri,0.013,0.028,-1,Echolocation,/mnt/ubna_data_02_mir/recover-20221013/UBNA_001/20221012_030000.WAV,Telephone Field,recover-20221013,001,1795
1265.8735,1265.9118,68437,81800,Rhinolophus ferrumequinum,0.021,0.021,-1,Echolocation,/mnt/ubna_data_02_mir/recover-20221013/UBNA_001/20221012_030000.WAV,Telephone Field,recover-20221013,001,1795
1265.8995,1265.9325,68437,80976,Rhinolophus ferrumequinum,0.021,0.021,-1,Echolocation,/mnt/ubna_data_02_mir/recover-20221013/UBNA_001/20221012_030000.WAV,Telephone Field,recover-20221013,001,1795
1265.9175,1265.9269,45234,48025,Pipistrellus pipistrellus,0.029,0.031,-1,Echolocation,/mnt/ubna_data_02_mir/recover-20221013/UBNA_001/20221012_030000.WAV,Telephone Field,recover-20221013,001,1795
1265.9295,1265.9412,23750,28966,Nyctalus leisleri,0.012,0.023,-1,Echolocation,/mnt/ubna_data_02_mir/recover-20221013/UBNA_001/20221012_030000.WAV,Telephone Field,recover-20221013,001,1795
1265.9375,1265.9484,24609,30452,Nyctalus leisleri,0.011,0.024,-1,Echolocation,/mnt/ubna_data_02_mir/recover-20221013/UBNA_001/20221012_030000.WAV,Telephone Field,recover-20221013,001,1795
1265.9455,1265.9816,68437,81005,Rhinolophus ferrumequinum,0.022,0.022,-1,Echolocation,/mnt/ubna_data_02_mir/recover-20221013/UBNA_001/20221012_030000.WAV,Telephone Field,recover-20221013,001,1795
1265.9605,1265.9712,27187,34942,Eptesicus serotinus,0.01,0.024,-1,Echolocation,/mnt/ubna_data_02_mir/recover-20221013/UBNA_001/20221012_030000.WAV,Telephone Field,recover-20221013,001,1795
1266.0015,1266.0102,13437,20131,Plecotus auritus,0.006,0.023,-1,Echolocation,/mnt/ubna_data_02_mir/recover-20221013/UBNA_001/20221012_030000.WAV,Telephone Field,recover-20221013,001,1795
1266.0015,1266.0131,47812,52177,Pipistrellus pipistrellus,0.015,0.022,-1,Echolocation,/mnt/ubna_data_02_mir/recover-20221013/UBNA_001/20221012_030000.WAV,Telephone Field,recover-20221013,001,1795
1266.0015,1266.0132,20312,25115,Nyctalus leisleri,0.011,0.025,-1,Echolocation,/mnt/ubna_data_02_mir/recover-20221013/UBNA_001/20221012_030000.WAV,Telephone Field,recover-20221013,001,1795
1266.0015,1266.0347,68437,80001,Rhinolophus ferrumequinum,0.035,0.035,-1,Echolocation,/mnt/ubna_data_02_mir/recover-20221013/UBNA_001/20221012_030000.WAV,Telephone Field,recover-20221013,001,1795
1266.0145,1266.0537,68437,82551,Rhinolophus ferrumequinum,0.023,0.023,-1,Echolocation,/mnt/ubna_data_02_mir/recover-20221013/UBNA_001/20221012_030000.WAV,Telephone Field,recover-20221013,001,1795
1266.0255,1266.0615,68437,81622,Rhinolophus ferrumequinum,0.021,0.021,-1,Echolocation,/mnt/ubna_data_02_mir/recover-20221013/UBNA_001/20221012_030000.WAV,Telephone Field,recover-20221013,001,1795
1266.0495,1266.0897,68437,82556,Rhinolophus ferrumequinum,0.021,0.021,-1,Echolocation,/mnt/ubna_data_02_mir/recover-20221013/UBNA_001/20221012_030000.WAV,Telephone Field,recover-20221013,001,1795
1266.0705,1266.1023,68437,80143,Rhinolophus ferrumequinum,0.021,0.021,-1,Echolocation,/mnt/ubna_data_02_mir/recover-20221013/UBNA_001/20221012_030000.WAV,Telephone Field,recover-20221013,001,1795
1266.0835,1266.1228,68437,82278,Rhinolophus ferrumequinum,0.022,0.022,-1,Echolocation,/mnt/ubna_data_02_mir/recover-20221013/UBNA_001/20221012_030000.WAV,Telephone Field,recover-20221013,001,1795
1266.0845,1266.0937,28046,36059,Eptesicus serotinus,0.01,0.023,-1,Echolocation,/mnt/ubna_data_02_mir/recover-20221013/UBNA_001/20221012_030000.WAV,Telephone Field,recover-20221013,001,1795
1266.1175,1266.1566,68437,82620,Rhinolophus ferrumequinum,0.023,0.023,-1,Echolocation,/mnt/ubna_data_02_mir/recover-20221013/UBNA_001/20221012_030000.WAV,Telephone Field,recover-20221013,001,1795
1266.1295,1266.1693,68437,81871,Rhinolophus ferrumequinum,0.021,0.021,-1,Echolocation,/mnt/ubna_data_02_mir/recover-20221013/UBNA_001/20221012_030000.WAV,Telephone Field,recover-20221013,001,1795
1266.1495,1266.1884,68437,81629,Rhinolophus ferrumequinum,0.022,0.022,-1,Echolocation,/mnt/ubna_data_02_mir/recover-20221013/UBNA_001/20221012_030000.WAV,Telephone Field,recover-20221013,001,1795
1266.1505,1266.1618,22890,28171,Nyctalus leisleri,0.012,0.027,-1,Echolocation,/mnt/ubna_data_02_mir/recover-20221013/UBNA_001/20221012_030000.WAV,Telephone Field,recover-20221013,001,1795
1266.1625,1266.1698,28046,38716,Eptesicus serotinus,0.006,0.021,-1,Echolocation,/mnt/ubna_data_02_mir/recover-20221013/UBNA_001/20221012_030000.WAV,Telephone Field,recover-20221013,001,1795
1266.1735,1266.1794,52109,58643,Pipistrellus pipistrellus,0.019,0.023,-1,Echolocation,/mnt/ubna_data_02_mir/recover-20221013/UBNA_001/20221012_030000.WAV,Telephone Field,recover-20221013,001,1795
1266.1745,1266.2124,68437,81899,Rhinolophus ferrumequinum,0.021,0.021,-1,Echolocation,/mnt/ubna_data_02_mir/recover-20221013/UBNA_001/20221012_030000.WAV,Telephone Field,recover-20221013,001,1795
1266.1895,1266.2287,68437,82253,Rhinolophus ferrumequinum,0.025,0.025,-1,Echolocation,/mnt/ubna_data_02_mir/recover-20221013/UBNA_001/20221012_030000.WAV,Telephone Field,recover-20221013,001,1795
1266.2225,1266.2338,33203,39743,Eptesicus serotinus,0.007,0.025,-1,Echolocation,/mnt/ubna_data_02_mir/recover-20221013/UBNA_001/20221012_030000.WAV,Telephone Field,recover-20221013,001,1795
1266.2455,1266.2857,68437,82809,Rhinolophus ferrumequinum,0.022,0.022,-1,Echolocation,/mnt/ubna_data_02_mir/recover-20221013/UBNA_001/20221012_030000.WAV,Telephone Field,recover-20221013,001,1795
1266.2725,1266.281,25468,33623,Eptesicus serotinus,0.007,0.022,-1,Echolocation,/mnt/ubna_data_02_mir/recover-20221013/UBNA_001/20221012_030000.WAV,Telephone Field,recover-20221013,001,1795
1266.3215,1266.3609,68437,82342,Rhinolophus ferrumequinum,0.026,0.026,-1,Echolocation,/mnt/ubna_data_02_mir/recover-20221013/UBNA_001/20221012_030000.WAV,Telephone Field,recover-20221013,001,1795
1266.3565,1266.3949,68437,81777,Rhinolophus ferrumequinum,0.024,0.024,-1,Echolocation,/mnt/ubna_data_02_mir/recover-20221013/UBNA_001/20221012_030000.WAV,Telephone Field,recover-20221013,001,1795
1266.3735,1266.3845,23750,29469,Nyctalus leisleri,0.01,0.024,-1,Echolocation,/mnt/ubna_data_02_mir/recover-20221013/UBNA_001/20221012_030000.WAV,Telephone Field,recover-20221013,001,1795
1266.3995,1266.4412,68437,82889,Rhinolophus ferrumequinum,0.028,0.028,-1,Echolocation,/mnt/ubna_data_02_mir/recover-20221013/UBNA_001/20221012_030000.WAV,Telephone Field,recover-20221013,001,1795
1266.4035,1266.412,28906,40372,Eptesicus serotinus,0.007,0.021,-1,Echolocation,/mnt/ubna_data_02_mir/recover-20221013/UBNA_001/20221012_030000.WAV,Telephone Field,recover-20221013,001,1795
1266.4205,1266.4595,68437,81985,Rhinolophus ferrumequinum,0.025,0.025,-1,Echolocation,/mnt/ubna_data_02_mir/recover-20221013/UBNA_001/20221012_030000.WAV,Telephone Field,recover-20221013,001,1795
1266.4245,1266.4337,24609,31609,Nyctalus leisleri,0.007,0.022,-1,Echolocation,/mnt/ubna_data_02_mir/recover-20221013/UBNA_001/20221012_030000.WAV,Telephone Field,recover-20221013,001,1795
1266.4315,1266.4405,24609,31790,Nyctalus leisleri,0.007,0.021,-1,Echolocation,/mnt/ubna_data_02_mir/recover-20221013/UBNA_001/20221012_030000.WAV,Telephone Field,recover-20221013,001,1795
1266.4495,1266.4559,28046,39602,Eptesicus serotinus,0.014,0.043,-1,Echolocation,/mnt/ubna_data_02_mir/recover-20221013/UBNA_001/20221012_030000.WAV,Telephone Field,recover-20221013,001,1795
1266.4925,1266.4992,28046,37230,Eptesicus serotinus,0.01,0.028,-1,Echolocation,/mnt/ubna_data_02_mir/recover-20221013/UBNA_001/20221012_030000.WAV,Telephone Field,recover-20221013,001,1795
1266.4935,1266.5292,68437,80950,Rhinolophus ferrumequinum,0.023,0.023,-1,Echolocation,/mnt/ubna_data_02_mir/recover-20221013/UBNA_001/20221012_030000.WAV,Telephone Field,recover-20221013,001,1795
1266.5165,1266.5535,68437,81479,Rhinolophus ferrumequinum,0.021,0.021,-1,Echolocation,/mnt/ubna_data_02_mir/recover-20221013/UBNA_001/20221012_030000.WAV,Telephone Field,recover-20221013,001,1795
1266.5585,1266.568,25468,32857,Eptesicus serotinus,0.01,0.031,-1,Echolocation,/mnt/ubna_data_02_mir/recover-20221013/UBNA_001/20221012_030000.WAV,Telephone Field,recover-20221013,001,1795
1266.5735,1266.6105,68437,81098,Rhinolophus ferrumequinum,0.021,0.021,-1,Echolocation,/mnt/ubna_data_02_mir/recover-20221013/UBNA_001/20221012_030000.WAV,Telephone Field,recover-20221013,001,1795
1266.5785,1266.586,45234,49791,Pipistrellus pipistrellus,0.017,0.021,-1,Echolocation,/mnt/ubna_data_02_mir/recover-20221013/UBNA_001/20221012_030000.WAV,Telephone Field,recover-20221013,001,1795
1266.5905,1266.6258,68437,81665,Rhinolophus ferrumequinum,0.022,0.022,-1,Echolocation,/mnt/ubna_data_02_mir/recover-20221013/UBNA_001/20221012_030000.WAV,Telephone Field,recover-20221013,001,1795
1266.6155,1266.6311,40078,43089,Pipistrellus nathusii,0.245,0.3,-1,Echolocation,/mnt/ubna_data_02_mir/recover-20221013/UBNA_001/20221012_030000.WAV,Telephone Field,recover-20221013,001,1795
1266.6205,1266.6614,68437,82159,Rhinolophus ferrumequinum,0.026,0.026,-1,Echolocation,/mnt/ubna_data_02_mir/recover-20221013/UBNA_001/20221012_030000.WAV,Telephone Field,recover-20221013,001,1795
1266.6805,1266.717,68437,81514,Rhinolophus ferrumequinum,0.022,0.022,-1,Echolocation,/mnt/ubna_data_02_mir/recover-20221013/UBNA_001/20221012_030000.WAV,Telephone Field,recover-20221013,001,1795
1266.6835,1266.6948,40078,43065,Pipistrellus nathusii,0.04,0.083,-1,Echolocation,/mnt/ubna_data_02_mir/recover-20221013/UBNA_001/20221012_030000.WAV,Telephone Field,recover-20221013,001,1795
1266.6845,1266.6917,27187,38557,Eptesicus serotinus,0.007,0.024,-1,Echolocation,/mnt/ubna_data_02_mir/recover-20221013/UBNA_001/20221012_030000.WAV,Telephone Field,recover-20221013,001,1795
1266.6895,1266.6988,23750,30252,Nyctalus leisleri,0.009,0.024,-1,Echolocation,/mnt/ubna_data_02_mir/recover-20221013/UBNA_001/20221012_030000.WAV,Telephone Field,recover-20221013,001,1795
1266.7035,1266.7429,68437,82493,Rhinolophus ferrumequinum,0.023,0.023,-1,Echolocation,/mnt/ubna_data_02_mir/recover-20221013/UBNA_001/20221012_030000.WAV,Telephone Field,recover-20221013,001,1795
1266.7185,1266.7271,22890,30263,Plecotus austriacus,0.01,0.024,-1,Echolocation,/mnt/ubna_data_02_mir/recover-20221013/UBNA_001/20221012_030000.WAV,Telephone Field,recover-20221013,001,1795
1266.7225,1266.7607,68437,81834,Rhinolophus ferrumequinum,0.021,0.021,-1,Echolocation,/mnt/ubna_data_02_mir/recover-20221013/UBNA_001/20221012_030000.WAV,Telephone Field,recover-20221013,001,1795
1266.7655,1266.7737,27187,37613,Eptesicus serotinus,0.012,0.029,-1,Echolocation,/mnt/ubna_data_02_mir/recover-20221013/UBNA_001/20221012_030000.WAV,Telephone Field,recover-20221013,001,1795
1266.8065,1266.8442,68437,81294,Rhinolophus ferrumequinum,0.023,0.023,-1,Echolocation,/mnt/ubna_data_02_mir/recover-20221013/UBNA_001/20221012_030000.WAV,Telephone Field,recover-20221013,001,1795
1266.8095,1266.8177,27187,39233,Eptesicus serotinus,0.007,0.021,-1,Echolocation,/mnt/ubna_data_02_mir/recover-20221013/UBNA_001/20221012_030000.WAV,Telephone Field,recover-20221013,001,1795
1266.8385,1266.8847,68437,83457,Rhinolophus ferrumequinum,0.042,0.042,-1,Echolocation,/mnt/ubna_data_02_mir/recover-20221013/UBNA_001/20221012_030000.WAV,Telephone Field,recover-20221013,001,1795
1266.8585,1266.8991,68437,82146,Rhinolophus ferrumequinum,0.021,0.021,-1,Echolocation,/mnt/ubna_data_02_mir/recover-20221013/UBNA_001/20221012_030000.WAV,Telephone Field,recover-20221013,001,1795
1266.8735,1266.9124,68437,81772,Rhinolophus ferrumequinum,0.022,0.022,-1,Echolocation,/mnt/ubna_data_02_mir/recover-20221013/UBNA_001/20221012_030000.WAV,Telephone Field,recover-20221013,001,1795
1266.8985,1266.941,68437,83519,Rhinolophus ferrumequinum,0.03,0.03,-1,Echolocation,/mnt/ubna_data_02_mir/recover-20221013/UBNA_001/20221012_030000.WAV,Telephone Field,recover-20221013,001,1795
1266.9165,1266.9538,68437,81357,Rhinolophus ferrumequinum,0.022,0.022,-1,Echolocation,/mnt/ubna_data_02_mir/recover-20221013/UBNA_001/20221012_030000.WAV,Telephone Field,recover-20221013,001,1795
1266.9655,1267.0083,68437,82876,Rhinolophus ferrumequinum,0.029,0.029,-1,Echolocation,/mnt/ubna_data_02_mir/recover-20221013/UBNA_001/20221012_030000.WAV,Telephone Field,recover-20221013,001,1795
1266.9685,1266.9767,28046,41291,Eptesicus serotinus,0.007,0.023,-1,Echolocation,/mnt/ubna_data_02_mir/recover-20221013/UBNA_001/20221012_030000.WAV,Telephone Field,recover-20221013,001,1795
1267.0165,1267.025,27187,38015,Eptesicus serotinus,0.008,0.021,-1,Echolocation,/mnt/ubna_data_02_mir/recover-20221013/UBNA_001/20221012_030000.WAV,Telephone Field,recover-20221013,001,1795
1267.0195,1267.0599,68437,82699,Rhinolophus ferrumequinum,0.036,0.036,-1,Echolocation,/mnt/ubna_data_02_mir/recover-20221013/UBNA_001/20221012_030000.WAV,Telephone Field,recover-20221013,001,1795
1267.0325,1267.0385,24609,34811,Plecotus austriacus,0.01,0.025,-1,Echolocation,/mnt/ubna_data_02_mir/recover-20221013/UBNA_001/20221012_030000.WAV,Telephone Field,recover-20221013,001,1795
1267.0465,1267.0837,68437,82215,Rhinolophus ferrumequinum,0.023,0.023,-1,Echolocation,/mnt/ubna_data_02_mir/recover-20221013/UBNA_001/20221012_030000.WAV,Telephone Field,recover-20221013,001,1795
1267.0515,1267.0584,23750,32244,Plecotus austriacus,0.009,0.024,-1,Echolocation,/mnt/ubna_data_02_mir/recover-20221013/UBNA_001/20221012_030000.WAV,Telephone Field,recover-20221013,001,1795
1267.0925,1267.0997,27187,35598,Eptesicus serotinus,0.009,0.024,-1,Echolocation,/mnt/ubna_data_02_mir/recover-20221013/UBNA_001/20221012_030000.WAV,Telephone Field,recover-20221013,001,1795
1267.1505,1267.1925,68437,82368,Rhinolophus ferrumequinum,0.029,0.029,-1,Echolocation,/mnt/ubna_data_02_mir/recover-20221013/UBNA_001/20221012_030000.WAV,Telephone Field,recover-20221013,001,1795
1267.2075,1267.218,22890,28510,Nyctalus leisleri,0.011,0.024,-1,Echolocation,/mnt/ubna_data_02_mir/recover-20221013/UBNA_001/20221012_030000.WAV,Telephone Field,recover-20221013,001,1795
1267.2205,1267.2587,68437,81917,Rhinolophus ferrumequinum,0.023,0.023,-1,Echolocation,/mnt/ubna_data_02_mir/recover-20221013/UBNA_001/20221012_030000.WAV,Telephone Field,recover-20221013,001,1795
1267.2535,1267.2628,22890,28898,Nyctalus leisleri,0.007,0.022,-1,Echolocation,/mnt/ubna_data_02_mir/recover-20221013/UBNA_001/20221012_030000.WAV,Telephone Field,recover-20221013,001,1795
1267.2775,1267.3163,68437,81975,Rhinolophus ferrumequinum,0.021,0.021,-1,Echolocation,/mnt/ubna_data_02_mir/recover-20221013/UBNA_001/20221012_030000.WAV,Telephone Field,recover-20221013,001,1795
1267.2795,1267.2877,27187,39493,Eptesicus serotinus,0.007,0.022,-1,Echolocation,/mnt/ubna_data_02_mir/recover-20221013/UBNA_001/20221012_030000.WAV,Telephone Field,recover-20221013,001,1795
1267.2905,1267.3297,68437,82196,Rhinolophus ferrumequinum,0.025,0.025,-1,Echolocation,/mnt/ubna_data_02_mir/recover-20221013/UBNA_001/20221012_030000.WAV,Telephone Field,recover-20221013,001,1795
1267.2975,1267.307,24609,32066,Eptesicus serotinus,0.01,0.027,-1,Echolocation,/mnt/ubna_data_02_mir/recover-20221013/UBNA_001/20221012_030000.WAV,Telephone Field,recover-20221013,001,1795
1267.3175,1267.3582,68437,82896,Rhinolophus ferrumequinum,0.023,0.023,-1,Echolocation,/mnt/ubna_data_02_mir/recover-20221013/UBNA_001/20221012_030000.WAV,Telephone Field,recover-20221013,001,1795
1267.3385,1267.3473,28906,36812,Eptesicus serotinus,0.008,0.023,-1,Echolocation,/mnt/ubna_data_02_mir/recover-20221013/UBNA_001/20221012_030000.WAV,Telephone Field,recover-20221013,001,1795
1267.3655,1267.4072,68437,82988,Rhinolophus ferrumequinum,0.025,0.025,-1,Echolocation,/mnt/ubna_data_02_mir/recover-20221013/UBNA_001/20221012_030000.WAV,Telephone Field,recover-20221013,001,1795
1267.3715,1267.3821,43515,47355,Pipistrellus pipistrellus,0.018,0.023,-1,Echolocation,/mnt/ubna_data_02_mir/recover-20221013/UBNA_001/20221012_030000.WAV,Telephone Field,recover-20221013,001,1795
1267.3745,1267.3811,27187,42164,Eptesicus serotinus,0.009,0.03,-1,Echolocation,/mnt/ubna_data_02_mir/recover-20221013/UBNA_001/20221012_030000.WAV,Telephone Field,recover-20221013,001,1795
1267.4025,1267.4097,28046,38259,Eptesicus serotinus,0.006,0.021,-1,Echolocation,/mnt/ubna_data_02_mir/recover-20221013/UBNA_001/20221012_030000.WAV,Telephone Field,recover-20221013,001,1795
1267.4175,1267.428,22890,28301,Nyctalus leisleri,0.009,0.021,-1,Echolocation,/mnt/ubna_data_02_mir/recover-20221013/UBNA_001/20221012_030000.WAV,Telephone Field,recover-20221013,001,1795
1267.4215,1267.4636,68437,82566,Rhinolophus ferrumequinum,0.022,0.022,-1,Echolocation,/mnt/ubna_data_02_mir/recover-20221013/UBNA_001/20221012_030000.WAV,Telephone Field,recover-20221013,001,1795
1267.4825,1267.4901,28906,37782,Eptesicus serotinus,0.006,0.021,-1,Echolocation,/mnt/ubna_data_02_mir/recover-20221013/UBNA_001/20221012_030000.WAV,Telephone Field,recover-20221013,001,1795
1267.5115,1267.5513,68437,81997,Rhinolophus ferrumequinum,0.022,0.022,-1,Echolocation,/mnt/ubna_data_02_mir/recover-20221013/UBNA_001/20221012_030000.WAV,Telephone Field,recover-20221013,001,1795
1267.5205,1267.5277,28046,37497,Eptesicus serotinus,0.006,0.023,-1,Echolocation,/mnt/ubna_data_02_mir/recover-20221013/UBNA_001/20221012_030000.WAV,Telephone Field,recover-20221013,001,1795
1267.5355,1267.5427,51250,56607,Pipistrellus pipistrellus,0.017,0.021,-1,Echolocation,/mnt/ubna_data_02_mir/recover-20221013/UBNA_001/20221012_030000.WAV,Telephone Field,recover-20221013,001,1795
1267.5475,1267.5867,68437,82065,Rhinolophus ferrumequinum,0.021,0.022,-1,Echolocation,/mnt/ubna_data_02_mir/recover-20221013/UBNA_001/20221012_030000.WAV,Telephone Field,recover-20221013,001,1795
1267.5795,1267.6211,68437,82420,Rhinolophus ferrumequinum,0.021,0.021,-1,Echolocation,/mnt/ubna_data_02_mir/recover-20221013/UBNA_001/20221012_030000.WAV,Telephone Field,recover-20221013,001,1795
1267.5995,1267.6409,68437,82776,Rhinolophus ferrumequinum,0.025,0.025,-1,Echolocation,/mnt/ubna_data_02_mir/recover-20221013/UBNA_001/20221012_030000.WAV,Telephone Field,recover-20221013,001,1795
1267.6145,1267.6538,68437,82874,Rhinolophus ferrumequinum,0.029,0.029,-1,Echolocation,/mnt/ubna_data_02_mir/recover-20221013/UBNA_001/20221012_030000.WAV,Telephone Field,recover-20221013,001,1795
1267.6165,1267.6243,48671,55042,Pipistrellus pipistrellus,0.025,0.027,-1,Echolocation,/mnt/ubna_data_02_mir/recover-20221013/UBNA_001/20221012_030000.WAV,Telephone Field,recover-20221013,001,1795
1267.6585,1267.6653,27187,38548,Eptesicus serotinus,0.006,0.023,-1,Echolocation,/mnt/ubna_data_02_mir/recover-20221013/UBNA_001/20221012_030000.WAV,Telephone Field,recover-20221013,001,1795
1267.6675,1267.7058,68437,81825,Rhinolophus ferrumequinum,0.025,0.025,-1,Echolocation,/mnt/ubna_data_02_mir/recover-20221013/UBNA_001/20221012_030000.WAV,Telephone Field,recover-20221013,001,1795
1267.7115,1267.7535,68437,82005,Rhinolophus ferrumequinum,0.023,0.023,-1,Echolocation,/mnt/ubna_data_02_mir/recover-20221013/UBNA_001/20221012_030000.WAV,Telephone Field,recover-20221013,001,1795
1267.7205,1267.7613,68437,82892,Rhinolophus ferrumequinum,0.032,0.032,-1,Echolocation,/mnt/ubna_data_02_mir/recover-20221013/UBNA_001/20221012_030000.WAV,Telephone Field,recover-20221013,001,1795
1267.7545,1267.7917,68437,81657,Rhinolophus ferrumequinum,0.021,0.021,-1,Echolocation,/mnt/ubna_data_02_mir/recover-20221013/UBNA_001/20221012_030000.WAV,Telephone Field,recover-20221013,001,1795
1267.7605,1267.8002,68437,82059,Rhinolophus ferrumequinum,0.021,0.021,-1,Echolocation,/mnt/ubna_data_02_mir/recover-20221013/UBNA_001/20221012_030000.WAV,Telephone Field,recover-20221013,001,1795
1267.7985,1267.8062,23750,32275,Plecotus austriacus,0.01,0.023,-1,Echolocation,/mnt/ubna_data_02_mir/recover-20221013/UBNA_001/20221012_030000.WAV,Telephone Field,recover-20221013,001,1795
1267.8195,1267.8583,68437,82211,Rhinolophus ferrumequinum,0.025,0.025,-1,Echolocation,/mnt/ubna_data_02_mir/recover-20221013/UBNA_001/20221012_030000.WAV,Telephone Field,recover-20221013,001,1795
1267.8485,1267.8567,28046,38920,Eptesicus serotinus,0.006,0.021,-1,Echolocation,/mnt/ubna_data_02_mir/recover-20221013/UBNA_001/20221012_030000.WAV,Telephone Field,recover-20221013,001,1795
1267.8495,1267.8916,68437,82818,Rhinolophus ferrumequinum,0.023,0.023,-1,Echolocation,/mnt/ubna_data_02_mir/recover-20221013/UBNA_001/20221012_030000.WAV,Telephone Field,recover-20221013,001,1795
1267.8815,1267.8922,27187,34800,Eptesicus serotinus,0.013,0.028,-1,Echolocation,/mnt/ubna_data_02_mir/recover-20221013/UBNA_001/20221012_030000.WAV,Telephone Field,recover-20221013,001,1795
1267.8885,1267.9312,68437,83125,Rhinolophus ferrumequinum,0.039,0.039,-1,Echolocation,/mnt/ubna_data_02_mir/recover-20221013/UBNA_001/20221012_030000.WAV,Telephone Field,recover-20221013,001,1795
1267.9305,1267.9392,28046,37065,Eptesicus serotinus,0.008,0.022,-1,Echolocation,/mnt/ubna_data_02_mir/recover-20221013/UBNA_001/20221012_030000.WAV,Telephone Field,recover-20221013,001,1795
1267.9545,1267.9917,68437,81720,Rhinolophus ferrumequinum,0.023,0.023,-1,Echolocation,/mnt/ubna_data_02_mir/recover-20221013/UBNA_001/20221012_030000.WAV,Telephone Field,recover-20221013,001,1795
1267.9765,1267.9872,22890,28608,Nyctalus leisleri,0.015,0.033,-1,Echolocation,/mnt/ubna_data_02_mir/recover-20221013/UBNA_001/20221012_030000.WAV,Telephone Field,recover-20221013,001,1795
1268.0015,1268.0095,29765,37951,Eptesicus serotinus,0.007,0.022,-1,Echolocation,/mnt/ubna_data_02_mir/recover-20221013/UBNA_001/20221012_030000.WAV,Telephone Field,recover-20221013,001,1795
1268.0015,1268.0115,21171,27331,Nyctalus leisleri,0.01,0.029,-1,Echolocation,/mnt/ubna_data_02_mir/recover-20221013/UBNA_001/20221012_030000.WAV,Telephone Field,recover-20221013,001,1795
1268.0015,1268.0109,46093,54042,Pipistrellus pipistrellus,0.015,0.021,-1,Echolocation,/mnt/ubna_data_02_mir/recover-20221013/UBNA_001/20221012_030000.WAV,Telephone Field,recover-20221013,001,1795
1268.0015,1268.0171,52109,57635,Pipistrellus pygmaeus,0.02,0.029,-1,Echolocation,/mnt/ubna_data_02_mir/recover-20221013/UBNA_001/20221012_030000.WAV,Telephone Field,recover-20221013,001,1795
1268.0015,1268.033,68437,79879,Rhinolophus ferrumequinum,0.026,0.026,-1,Echolocation,/mnt/ubna_data_02_mir/recover-20221013/UBNA_001/20221012_030000.WAV,Telephone Field,recover-20221013,001,1795
1268.0075,1268.021,55546,59587,Pipistrellus pygmaeus,0.028,0.03,-1,Echolocation,/mnt/ubna_data_02_mir/recover-20221013/UBNA_001/20221012_030000.WAV,Telephone Field,recover-20221013,001,1795
1268.0475,1268.0905,68437,83189,Rhinolophus ferrumequinum,0.037,0.037,-1,Echolocation,/mnt/ubna_data_02_mir/recover-20221013/UBNA_001/20221012_030000.WAV,Telephone Field,recover-20221013,001,1795
1268.1055,1268.143,68437,81885,Rhinolophus ferrumequinum,0.027,0.027,-1,Echolocation,/mnt/ubna_data_02_mir/recover-20221013/UBNA_001/20221012_030000.WAV,Telephone Field,recover-20221013,001,1795
1268.1205,1268.1377,20312,23040,Nyctalus leisleri,0.013,0.021,-1,Echolocation,/mnt/ubna_data_02_mir/recover-20221013/UBNA_001/20221012_030000.WAV,Telephone Field,recover-20221013,001,1795
1268.1255,1268.1666,68437,83273,Rhinolophus ferrumequinum,0.035,0.035,-1,Echolocation,/mnt/ubna_data_02_mir/recover-20221013/UBNA_001/20221012_030000.WAV,Telephone Field,recover-20221013,001,1795
1268.1555,1268.1942,68437,82018,Rhinolophus ferrumequinum,0.021,0.021,-1,Echolocation,/mnt/ubna_data_02_mir/recover-20221013/UBNA_001/20221012_030000.WAV,Telephone Field,recover-20221013,001,1795
1268.1695,1268.2084,68437,82626,Rhinolophus ferrumequinum,0.021,0.021,-1,Echolocation,/mnt/ubna_data_02_mir/recover-20221013/UBNA_001/20221012_030000.WAV,Telephone Field,recover-20221013,001,1795
1268.1775,1268.2178,68437,82723,Rhinolophus ferrumequinum,0.022,0.022,-1,Echolocation,/mnt/ubna_data_02_mir/recover-20221013/UBNA_001/20221012_030000.WAV,Telephone Field,recover-20221013,001,1795
1268.2295,1268.2371,23750,31896,Plecotus austriacus,0.009,0.022,-1,Echolocation,/mnt/ubna_data_02_mir/recover-20221013/UBNA_001/20221012_030000.WAV,Telephone Field,recover-20221013,001,1795
1268.2415,1268.2845,68437,83124,Rhinolophus ferrumequinum,0.038,0.038,-1,Echolocation,/mnt/ubna_data_02_mir/recover-20221013/UBNA_001/20221012_030000.WAV,Telephone Field,recover-20221013,001,1795
1268.2905,1268.3002,22031,27864,Nyctalus leisleri,0.008,0.022,-1,Echolocation,/mnt/ubna_data_02_mir/recover-20221013/UBNA_001/20221012_030000.WAV,Telephone Field,recover-20221013,001,1795
1268.2945,1268.3037,28046,37921,Eptesicus serotinus,0.011,0.027,-1,Echolocation,/mnt/ubna_data_02_mir/recover-20221013/UBNA_001/20221012_030000.WAV,Telephone Field,recover-20221013,001,1795
1268.3155,1268.3518,68437,81824,Rhinolophus ferrumequinum,0.024,0.024,-1,Echolocation,/mnt/ubna_data_02_mir/recover-20221013/UBNA_001/20221012_030000.WAV,Telephone Field,recover-20221013,001,1795
1268.3555,1268.3647,25468,33238,Eptesicus serotinus,0.013,0.031,-1,Echolocation,/mnt/ubna_data_02_mir/recover-20221013/UBNA_001/20221012_030000.WAV,Telephone Field,recover-20221013,001,1795
1268.3575,1268.3949,68437,81586,Rhinolophus ferrumequinum,0.022,0.022,-1,Echolocation,/mnt/ubna_data_02_mir/recover-20221013/UBNA_001/20221012_030000.WAV,Telephone Field,recover-20221013,001,1795
1268.3825,1268.4233,68437,82623,Rhinolophus ferrumequinum,0.023,0.023,-1,Echolocation,/mnt/ubna_data_02_mir/recover-20221013/UBNA_001/20221012_030000.WAV,Telephone Field,recover-20221013,001,1795
1268.4135,1268.4236,14296,19665,Nyctalus noctula,0.009,0.021,-1,Echolocation,/mnt/ubna_data_02_mir/recover-20221013/UBNA_001/20221012_030000.WAV,Telephone Field,recover-20221013,001,1795
1268.4225,1268.4289,36640,43950,Myotis daubentonii,0.01,0.023,-1,Echolocation,/mnt/ubna_data_02_mir/recover-20221013/UBNA_001/20221012_030000.WAV,Telephone Field,recover-20221013,001,1795
1268.4255,1268.4381,22031,26389,Nyctalus leisleri,0.016,0.028,-1,Echolocation,/mnt/ubna_data_02_mir/recover-20221013/UBNA_001/20221012_030000.WAV,Telephone Field,recover-20221013,001,1795
1268.4485,1268.4908,68437,82532,Rhinolophus ferrumequinum,0.025,0.025,-1,Echolocation,/mnt/ubna_data_02_mir/recover-20221013/UBNA_001/20221012_030000.WAV,Telephone Field,recover-20221013,001,1795
1268.4505,1268.4612,28046,35721,Eptesicus serotinus,0.011,0.026,-1,Echolocation,/mnt/ubna_data_02_mir/recover-20221013/UBNA_001/20221012_030000.WAV,Telephone Field,recover-20221013,001,1795
1268.4795,1268.5183,68437,82206,Rhinolophus ferrumequinum,0.041,0.042,-1,Echolocation,/mnt/ubna_data_02_mir/recover-20221013/UBNA_001/20221012_030000.WAV,Telephone Field,recover-20221013,001,1795
1268.5045,1268.545,68437,82584,Rhinolophus ferrumequinum,0.021,0.021,-1,Echolocation,/mnt/ubna_data_02_mir/recover-20221013/UBNA_001/20221012_030000.WAV,Telephone Field,recover-20221013,001,1795
1268.5255,1268.5647,68437,82138,Rhinolophus ferrumequinum,0.023,0.023,-1,Echolocation,/mnt/ubna_data_02_mir/recover-20221013/UBNA_001/20221012_030000.WAV,Telephone Field,recover-20221013,001,1795
1268.5795,1268.5878,53828,58659,Pipistrellus pygmaeus,0.029,0.031,-1,Echolocation,/mnt/ubna_data_02_mir/recover-20221013/UBNA_001/20221012_030000.WAV,Telephone Field,recover-20221013,001,1795
1268.5845,1268.5955,22031,26380,Nyctalus leisleri,0.011,0.021,-1,Echolocation,/mnt/ubna_data_02_mir/recover-20221013/UBNA_001/20221012_030000.WAV,Telephone Field,recover-20221013,001,1795
1268.5855,1268.6275,68437,82965,Rhinolophus ferrumequinum,0.025,0.025,-1,Echolocation,/mnt/ubna_data_02_mir/recover-20221013/UBNA_001/20221012_030000.WAV,Telephone Field,recover-20221013,001,1795
1268.6175,1268.6278,39218,46113,Pipistrellus nathusii,0.019,0.032,-1,Echolocation,/mnt/ubna_data_02_mir/recover-20221013/UBNA_001/20221012_030000.WAV,Telephone Field,recover-20221013,001,1795
1268.6455,1268.6852,68437,82371,Rhinolophus ferrumequinum,0.025,0.025,-1,Echolocation,/mnt/ubna_data_02_mir/recover-20221013/UBNA_001/20221012_030000.WAV,Telephone Field,recover-20221013,001,1795
1268.6465,1268.6568,22890,28093,Nyctalus leisleri,0.01,0.021,-1,Echolocation,/mnt/ubna_data_02_mir/recover-20221013/UBNA_001/20221012_030000.WAV,Telephone Field,recover-20221013,001,1795
1268.6655,1268.6769,22890,27368,Nyctalus leisleri,0.013,0.024,-1,Echolocation,/mnt/ubna_data_02_mir/recover-20221013/UBNA_001/20221012_030000.WAV,Telephone Field,recover-20221013,001,1795
1268.7005,1268.7405,68437,82225,Rhinolophus ferrumequinum,0.024,0.024,-1,Echolocation,/mnt/ubna_data_02_mir/recover-20221013/UBNA_001/20221012_030000.WAV,Telephone Field,recover-20221013,001,1795
1268.7235,1268.759,68437,81580,Rhinolophus ferrumequinum,0.026,0.026,-1,Echolocation,/mnt/ubna_data_02_mir/recover-20221013/UBNA_001/20221012_030000.WAV,Telephone Field,recover-20221013,001,1795
1268.7375,1268.745,23750,32180,Plecotus austriacus,0.011,0.025,-1,Echolocation,/mnt/ubna_data_02_mir/recover-20221013/UBNA_001/20221012_030000.WAV,Telephone Field,recover-20221013,001,1795
1268.7765,1268.8184,68437,83052,Rhinolophus ferrumequinum,0.031,0.031,-1,Echolocation,/mnt/ubna_data_02_mir/recover-20221013/UBNA_001/20221012_030000.WAV,Telephone Field,recover-20221013,001,1795
1268.8475,1268.8858,68437,81531,Rhinolophus ferrumequinum,0.021,0.021,-1,Echolocation,/mnt/ubna_data_02_mir/recover-20221013/UBNA_001/20221012_030000.WAV,Telephone Field,recover-20221013,001,1795
1268.9095,1268.9492,68437,82521,Rhinolophus ferrumequinum,0.027,0.027,-1,Echolocation,/mnt/ubna_data_02_mir/recover-20221013/UBNA_001/20221012_030000.WAV,Telephone Field,recover-20221013,001,1795
1268.9155,1268.9266,24609,30419,Nyctalus leisleri,0.012,0.028,-1,Echolocation,/mnt/ubna_data_02_mir/recover-20221013/UBNA_001/20221012_030000.WAV,Telephone Field,recover-20221013,001,1795
1268.9595,1268.9975,68437,82260,Rhinolophus ferrumequinum,0.025,0.025,-1,Echolocation,/mnt/ubna_data_02_mir/recover-20221013/UBNA_001/20221012_030000.WAV,Telephone Field,recover-20221013,001,1795
1268.9885,1269.0274,68437,82349,Rhinolophus ferrumequinum,0.025,0.025,-1,Echolocation,/mnt/ubna_data_02_mir/recover-20221013/UBNA_001/20221012_030000.WAV,Telephone Field,recover-20221013,001,1795
1269.0135,1269.051,68437,81508,Rhinolophus ferrumequinum,0.023,0.023,-1,Echolocation,/mnt/ubna_data_02_mir/recover-20221013/UBNA_001/20221012_030000.WAV,Telephone Field,recover-20221013,001,1795
1269.0185,1269.0263,24609,33755,Eptesicus serotinus,0.007,0.024,-1,Echolocation,/mnt/ubna_data_02_mir/recover-20221013/UBNA_001/20221012_030000.WAV,Telephone Field,recover-20221013,001,1795
1269.0505,1269.0908,68437,82261,Rhinolophus ferrumequinum,0.024,0.024,-1,Echolocation,/mnt/ubna_data_02_mir/recover-20221013/UBNA_001/20221012_030000.WAV,Telephone Field,recover-20221013,001,1795
1269.0795,1269.1196,68437,83098,Rhinolophus ferrumequinum,0.032,0.032,-1,Echolocation,/mnt/ubna_data_02_mir/recover-20221013/UBNA_001/20221012_030000.WAV,Telephone Field,recover-20221013,001,1795
1269.0865,1269.1265,68437,82867,Rhinolophus ferrumequinum,0.026,0.026,-1,Echolocation,/mnt/ubna_data_02_mir/recover-20221013/UBNA_001/20221012_030000.WAV,Telephone Field,recover-20221013,001,1795
1269.0885,1269.0981,28046,36306,Eptesicus serotinus,0.01,0.023,-1,Echolocation,/mnt/ubna_data_02_mir/recover-20221013/UBNA_001/20221012_030000.WAV,Telephone Field,recover-20221013,001,1795
1269.1025,1269.1385,68437,81478,Rhinolophus ferrumequinum,0.023,0.023,-1,Echolocation,/mnt/ubna_data_02_mir/recover-20221013/UBNA_001/20221012_030000.WAV,Telephone Field,recover-20221013,001,1795
1269.1425,1269.179,68437,82016,Rhinolophus ferrumequinum,0.022,0.022,-1,Echolocation,/mnt/ubna_data_02_mir/recover-20221013/UBNA_001/20221012_030000.WAV,Telephone Field,recover-20221013,001,1795
1269.1485,1269.1562,27187,41458,Eptesicus serotinus,0.007,0.022,-1,Echolocation,/mnt/ubna_data_02_mir/recover-20221013/UBNA_001/20221012_030000.WAV,Telephone Field,recover-20221013,001,1795
1269.1725,1269.2142,68437,82274,Rhinolophus ferrumequinum,0.022,0.022,-1,Echolocation,/mnt/ubna_data_02_mir/recover-20221013/UBNA_001/20221012_030000.WAV,Telephone Field,recover-20221013,001,1795
1269.2245,1269.2326,22890,31001,Plecotus austriacus,0.011,0.028,-1,Echolocation,/mnt/ubna_data_02_mir/recover-20221013/UBNA_001/20221012_030000.WAV,Telephone Field,recover-20221013,001,1795
1269.2465,1269.2848,68437,82201,Rhinolophus ferrumequinum,0.021,0.021,-1,Echolocation,/mnt/ubna_data_02_mir/recover-20221013/UBNA_001/20221012_030000.WAV,Telephone Field,recover-20221013,001,1795
1269.3235,1269.3312,28046,37695,Eptesicus serotinus,0.008,0.026,-1,Echolocation,/mnt/ubna_data_02_mir/recover-20221013/UBNA_001/20221012_030000.WAV,Telephone Field,recover-20221013,001,1795
1269.3585,1269.367,28046,37298,Eptesicus serotinus,0.009,0.022,-1,Echolocation,/mnt/ubna_data_02_mir/recover-20221013/UBNA_001/20221012_030000.WAV,Telephone Field,recover-20221013,001,1795
1269.3595,1269.3708,42656,47404,Pipistrellus pipistrellus,0.014,0.022,-1,Echolocation,/mnt/ubna_data_02_mir/recover-20221013/UBNA_001/20221012_030000.WAV,Telephone Field,recover-20221013,001,1795
1269.3845,1269.3921,28046,38954,Eptesicus serotinus,0.008,0.023,-1,Echolocation,/mnt/ubna_data_02_mir/recover-20221013/UBNA_001/20221012_030000.WAV,Telephone Field,recover-20221013,001,1795
1269.4375,1269.4524,23750,28246,Nyctalus leisleri,0.011,0.023,-1,Echolocation,/mnt/ubna_data_02_mir/recover-20221013/UBNA_001/20221012_030000.WAV,Telephone Field,recover-20221013,001,1795
1269.4415,1269.4808,68437,82106,Rhinolophus ferrumequinum,0.023,0.023,-1,Echolocation,/mnt/ubna_data_02_mir/recover-20221013/UBNA_001/20221012_030000.WAV,Telephone Field,recover-20221013,001,1795
1269.5315,1269.5712,68437,82198,Rhinolophus ferrumequinum,0.022,0.022,-1,Echolocation,/mnt/ubna_data_02_mir/recover-20221013/UBNA_001/20221012_030000.WAV,Telephone Field,recover-20221013,001,1795
1269.5595,1269.5661,27187,38446,Eptesicus serotinus,0.006,0.023,-1,Echolocation,/mnt/ubna_data_02_mir/recover-20221013/UBNA_001/20221012_030000.WAV,Telephone Field,recover-20221013,001,1795
1269.5655,1269.6043,68437,81603,Rhinolophus ferrumequinum,0.021,0.021,-1,Echolocation,/mnt/ubna_data_02_mir/recover-20221013/UBNA_001/20221012_030000.WAV,Telephone Field,recover-20221013,001,1795
1269.5895,1269.6288,68437,82458,Rhinolophus ferrumequinum,0.024,0.024,-1,Echolocation,/mnt/ubna_data_02_mir/recover-20221013/UBNA_001/20221012_030000.WAV,Telephone Field,recover-20221013,001,1795
1269.6025,1269.6131,54687,59093,Pipistrellus pygmaeus,0.02,0.022,-1,Echolocation,/mnt/ubna_data_02_mir/recover-20221013/UBNA_001/20221012_030000.WAV,Telephone Field,recover-20221013,001,1795
1269.6275,1269.6372,23750,31184,Nyctalus leisleri,0.007,0.023,-1,Echolocation,/mnt/ubna_data_02_mir/recover-20221013/UBNA_001/20221012_030000.WAV,Telephone Field,recover-20221013,001,1795
1269.6805,1269.7196,68437,82638,Rhinolophus ferrumequinum,0.022,0.022,-1,Echolocation,/mnt/ubna_data_02_mir/recover-20221013/UBNA_001/20221012_030000.WAV,Telephone Field,recover-20221013,001,1795
1269.7045,1269.7445,68437,82390,Rhinolophus ferrumequinum,0.025,0.025,-1,Echolocation,/mnt/ubna_data_02_mir/recover-20221013/UBNA_001/20221012_030000.WAV,Telephone Field,recover-20221013,001,1795
1269.7065,1269.716,28906,37069,Eptesicus serotinus,0.007,0.022,-1,Echolocation,/mnt/ubna_data_02_mir/recover-20221013/UBNA_001/20221012_030000.WAV,Telephone Field,recover-20221013,001,1795
1269.7115,1269.7199,28906,37977,Eptesicus serotinus,0.007,0.022,-1,Echolocation,/mnt/ubna_data_02_mir/recover-20221013/UBNA_001/20221012_030000.WAV,Telephone Field,recover-20221013,001,1795
1269.7145,1269.7524,68437,82241,Rhinolophus ferrumequinum,0.022,0.022,-1,Echolocation,/mnt/ubna_data_02_mir/recover-20221013/UBNA_001/20221012_030000.WAV,Telephone Field,recover-20221013,001,1795
1269.7225,1269.7413,21171,24290,Nyctalus leisleri,0.022,0.039,-1,Echolocation,/mnt/ubna_data_02_mir/recover-20221013/UBNA_001/20221012_030000.WAV,Telephone Field,recover-20221013,001,1795
1269.7255,1269.762,68437,80832,Rhinolophus ferrumequinum,0.021,0.022,-1,Echolocation,/mnt/ubna_data_02_mir/recover-20221013/UBNA_001/20221012_030000.WAV,Telephone Field,recover-20221013,001,1795
1269.7355,1269.7424,24609,37643,Plecotus austriacus,0.006,0.021,-1,Echolocation,/mnt/ubna_data_02_mir/recover-20221013/UBNA_001/20221012_030000.WAV,Telephone Field,recover-20221013,001,1795
1269.7565,1269.7971,68437,82278,Rhinolophus ferrumequinum,0.022,0.022,-1,Echolocation,/mnt/ubna_data_02_mir/recover-20221013/UBNA_001/20221012_030000.WAV,Telephone Field,recover-20221013,001,1795
1269.7695,1269.8064,68437,81885,Rhinolophus ferrumequinum,0.022,0.022,-1,Echolocation,/mnt/ubna_data_02_mir/recover-20221013/UBNA_001/20221012_030000.WAV,Telephone Field,recover-20221013,001,1795
1269.7845,1269.8227,68437,82487,Rhinolophus ferrumequinum,0.024,0.024,-1,Echolocation,/mnt/ubna_data_02_mir/recover-20221013/UBNA_001/20221012_030000.WAV,Telephone Field,recover-20221013,001,1795
1269.7875,1269.7946,26328,39887,Eptesicus serotinus,0.006,0.023,-1,Echolocation,/mnt/ubna_data_02_mir/recover-20221013/UBNA_001/20221012_030000.WAV,Telephone Field,recover-20221013,001,1795
1269.8245,1269.8633,68437,82718,Rhinolophus ferrumequinum,0.025,0.025,-1,Echolocation,/mnt/ubna_data_02_mir/recover-20221013/UBNA_001/20221012_030000.WAV,Telephone Field,recover-20221013,001,1795
1269.8285,1269.8397,22890,27656,Nyctalus leisleri,0.012,0.023,-1,Echolocation,/mnt/ubna_data_02_mir/recover-20221013/UBNA_001/20221012_030000.WAV,Telephone Field,recover-20221013,001,1795
1269.8305,1269.8406,41796,50513,Pipistrellus nathusii,0.01,0.025,-1,Echolocation,/mnt/ubna_data_02_mir/recover-20221013/UBNA_001/20221012_030000.WAV,Telephone Field,recover-20221013,001,1795
1269.8375,1269.8573,18593,21410,Nyctalus leisleri,0.012,0.026,-1,Echolocation,/mnt/ubna_data_02_mir/recover-20221013/UBNA_001/20221012_030000.WAV,Telephone Field,recover-20221013,001,1795
1269.8375,1269.8762,68437,81786,Rhinolophus ferrumequinum,0.021,0.021,-1,Echolocation,/mnt/ubna_data_02_mir/recover-20221013/UBNA_001/20221012_030000.WAV,Telephone Field,recover-20221013,001,1795
1269.8615,1269.8684,27187,41293,Eptesicus serotinus,0.007,0.025,-1,Echolocation,/mnt/ubna_data_02_mir/recover-20221013/UBNA_001/20221012_030000.WAV,Telephone Field,recover-20221013,001,1795
1269.9175,1269.927,47812,51593,Pipistrellus pipistrellus,0.028,0.031,-1,Echolocation,/mnt/ubna_data_02_mir/recover-20221013/UBNA_001/20221012_030000.WAV,Telephone Field,recover-20221013,001,1795
1269.9235,1269.958,68437,81276,Rhinolophus ferrumequinum,0.022,0.022,-1,Echolocation,/mnt/ubna_data_02_mir/recover-20221013/UBNA_001/20221012_030000.WAV,Telephone Field,recover-20221013,001,1795
1269.9405,1269.9776,68437,81896,Rhinolophus ferrumequinum,0.022,0.022,-1,Echolocation,/mnt/ubna_data_02_mir/recover-20221013/UBNA_001/20221012_030000.WAV,Telephone Field,recover-20221013,001,1795
1270.0015,1270.0311,69296,82013,Rhinolophus ferrumequinum,0.031,0.031,-1,Echolocation,/mnt/ubna_data_02_mir/recover-20221013/UBNA_001/20221012_030000.WAV,Telephone Field,recover-20221013,001,1795
1270.0015,1270.0109,47812,53735,Pipistrellus pipistrellus,0.016,0.022,-1,Echolocation,/mnt/ubna_data_02_mir/recover-20221013/UBNA_001/20221012_030000.WAV,Telephone Field,recover-20221013,001,1795
1270.0065,1270.0136,29765,50775,Myotis daubentonii,0.024,0.035,-1,Echolocation,/mnt/ubna_data_02_mir/recover-20221013/UBNA_001/20221012_030000.WAV,Telephone Field,recover-20221013,001,1795
1270.0865,1270.1293,68437,82990,Rhinolophus ferrumequinum,0.035,0.035,-1,Echolocation,/mnt/ubna_data_02_mir/recover-20221013/UBNA_001/20221012_030000.WAV,Telephone Field,recover-20221013,001,1795
1270.1025,1270.1116,22890,29570,Plecotus austriacus,0.007,0.022,-1,Echolocation,/mnt/ubna_data_02_mir/recover-20221013/UBNA_001/20221012_030000.WAV,Telephone Field,recover-20221013,001,1795
1270.1255,1270.1318,28046,40241,Eptesicus serotinus,0.009,0.039,-1,Echolocation,/mnt/ubna_data_02_mir/recover-20221013/UBNA_001/20221012_030000.WAV,Telephone Field,recover-20221013,001,1795
1270.1555,1270.1899,68437,80630,Rhinolophus ferrumequinum,0.022,0.022,-1,Echolocation,/mnt/ubna_data_02_mir/recover-20221013/UBNA_001/20221012_030000.WAV,Telephone Field,recover-20221013,001,1795
1270.1635,1270.1987,68437,81258,Rhinolophus ferrumequinum,0.021,0.021,-1,Echolocation,/mnt/ubna_data_02_mir/recover-20221013/UBNA_001/20221012_030000.WAV,Telephone Field,recover-20221013,001,1795
1270.1645,1270.1724,23750,32064,Plecotus austriacus,0.008,0.022,-1,Echolocation,/mnt/ubna_data_02_mir/recover-20221013/UBNA_001/20221012_030000.WAV,Telephone Field,recover-20221013,001,1795
1270.1895,1270.2261,68437,81676,Rhinolophus ferrumequinum,0.024,0.024,-1,Echolocation,/mnt/ubna_data_02_mir/recover-20221013/UBNA_001/20221012_030000.WAV,Telephone Field,recover-20221013,001,1795
1270.2155,1270.2544,68437,81840,Rhinolophus ferrumequinum,0.021,0.021,-1,Echolocation,/mnt/ubna_data_02_mir/recover-20221013/UBNA_001/20221012_030000.WAV,Telephone Field,recover-20221013,001,1795
1270.2335,1270.2409,26328,38891,Eptesicus serotinus,0.006,0.021,-1,Echolocation,/mnt/ubna_data_02_mir/recover-20221013/UBNA_001/20221012_030000.WAV,Telephone Field,recover-20221013,001,1795
1270.2455,1270.255,25468,33366,Eptesicus serotinus,0.008,0.022,-1,Echolocation,/mnt/ubna_data_02_mir/recover-20221013/UBNA_001/20221012_030000.WAV,Telephone Field,recover-20221013,001,1795
1270.2455,1270.2866,68437,82206,Rhinolophus ferrumequinum,0.022,0.022,-1,Echolocation,/mnt/ubna_data_02_mir/recover-20221013/UBNA_001/20221012_030000.WAV,Telephone Field,recover-20221013,001,1795
1270.2515,1270.2613,22890,28694,Nyctalus leisleri,0.009,0.022,-1,Echolocation,/mnt/ubna_data_02_mir/recover-20221013/UBNA_001/20221012_030000.WAV,Telephone Field,recover-20221013,001,1795
1270.2605,1270.2975,68437,82059,Rhinolophus ferrumequinum,0.023,0.023,-1,Echolocation,/mnt/ubna_data_02_mir/recover-20221013/UBNA_001/20221012_030000.WAV,Telephone Field,recover-20221013,001,1795
1270.2735,1270.2797,24609,37180,Plecotus austriacus,0.01,0.026,-1,Echolocation,/mnt/ubna_data_02_mir/recover-20221013/UBNA_001/20221012_030000.WAV,Telephone Field,recover-20221013,001,1795
1270.2955,1270.301,44375,57762,Myotis mystacinus,0.011,0.029,-1,Echolocation,/mnt/ubna_data_02_mir/recover-20221013/UBNA_001/20221012_030000.WAV,Telephone Field,recover-20221013,001,1795
1270.3565,1270.3646,28046,37539,Eptesicus serotinus,0.007,0.021,-1,Echolocation,/mnt/ubna_data_02_mir/recover-20221013/UBNA_001/20221012_030000.WAV,Telephone Field,recover-20221013,001,1795
1270.3695,1270.3764,27187,48453,Eptesicus serotinus,0.006,0.021,-1,Echolocation,/mnt/ubna_data_02_mir/recover-20221013/UBNA_001/20221012_030000.WAV,Telephone Field,recover-20221013,001,1795
1270.3915,1270.4009,28906,37040,Eptesicus serotinus,0.009,0.024,-1,Echolocation,/mnt/ubna_data_02_mir/recover-20221013/UBNA_001/20221012_030000.WAV,Telephone Field,recover-20221013,001,1795
1270.4105,1270.4464,68437,81862,Rhinolophus ferrumequinum,0.02,0.021,-1,Echolocation,/mnt/ubna_data_02_mir/recover-20221013/UBNA_001/20221012_030000.WAV,Telephone Field,recover-20221013,001,1795
1270.4305,1270.4697,68437,81732,Rhinolophus ferrumequinum,0.023,0.023,-1,Echolocation,/mnt/ubna_data_02_mir/recover-20221013/UBNA_001/20221012_030000.WAV,Telephone Field,recover-20221013,001,1795
1270.4485,1270.456,28046,39724,Eptesicus serotinus,0.007,0.025,-1,Echolocation,/mnt/ubna_data_02_mir/recover-20221013/UBNA_001/20221012_030000.WAV,Telephone Field,recover-20221013,001,1795
1270.4645,1270.5013,68437,81837,Rhinolophus ferrumequinum,0.021,0.021,-1,Echolocation,/mnt/ubna_data_02_mir/recover-20221013/UBNA_001/20221012_030000.WAV,Telephone Field,recover-20221013,001,1795
1270.4825,1270.4918,23750,31286,Nyctalus leisleri,0.007,0.022,-1,Echolocation,/mnt/ubna_data_02_mir/recover-20221013/UBNA_001/20221012_030000.WAV,Telephone Field,recover-20221013,001,1795
1270.4925,1270.5306,68437,82549,Rhinolophus ferrumequinum,0.021,0.021,-1,Echolocation,/mnt/ubna_data_02_mir/recover-20221013/UBNA_001/20221012_030000.WAV,Telephone Field,recover-20221013,001,1795
1270.5035,1270.542,68437,82233,Rhinolophus ferrumequinum,0.022,0.022,-1,Echolocation,/mnt/ubna_data_02_mir/recover-20221013/UBNA_001/20221012_030000.WAV,Telephone Field,recover-20221013,001,1795
1270.5045,1270.5138,28046,36650,Eptesicus serotinus,0.009,0.022,-1,Echolocation,/mnt/ubna_data_02_mir/recover-20221013/UBNA_001/20221012_030000.WAV,Telephone Field,recover-20221013,001,1795
1270.5225,1270.5609,68437,82172,Rhinolophus ferrumequinum,0.025,0.025,-1,Echolocation,/mnt/ubna_data_02_mir/recover-20221013/UBNA_001/20221012_030000.WAV,Telephone Field,recover-20221013,001,1795
1270.5255,1270.5344,28046,37726,Eptesicus serotinus,0.008,0.022,-1,Echolocation,/mnt/ubna_data_02_mir/recover-20221013/UBNA_001/20221012_030000.WAV,Telephone Field,recover-20221013,001,1795
1270.5325,1270.5683,68437,81372,Rhinolophus ferrumequinum,0.024,0.024,-1,Echolocation,/mnt/ubna_data_02_mir/recover-20221013/UBNA_001/20221012_030000.WAV,Telephone Field,recover-20221013,001,1795
1270.5555,1270.5756,19453,22460,Nyctalus leisleri,0.011,0.024,-1,Echolocation,/mnt/ubna_data_02_mir/recover-20221013/UBNA_001/20221012_030000.WAV,Telephone Field,recover-20221013,001,1795
1270.5665,1270.5764,23750,30714,Nyctalus leisleri,0.009,0.024,-1,Echolocation,/mnt/ubna_data_02_mir/recover-20221013/UBNA_001/20221012_030000.WAV,Telephone Field,recover-20221013,001,1795
1270.5715,1270.6096,68437,81888,Rhinolophus ferrumequinum,0.024,0.024,-1,Echolocation,/mnt/ubna_data_02_mir/recover-20221013/UBNA_001/20221012_030000.WAV,Telephone Field,recover-20221013,001,1795
1270.5805,1270.5875,28046,37981,Eptesicus serotinus,0.006,0.023,-1,Echolocation,/mnt/ubna_data_02_mir/recover-20221013/UBNA_001/20221012_030000.WAV,Telephone Field,recover-20221013,001,1795
1270.6385,1270.6457,26328,36202,Eptesicus serotinus,0.016,0.047,-1,Echolocation,/mnt/ubna_data_02_mir/recover-20221013/UBNA_001/20221012_030000.WAV,Telephone Field,recover-20221013,001,1795
1270.6485,1270.69,68437,82725,Rhinolophus ferrumequinum,0.025,0.025,-1,Echolocation,/mnt/ubna_data_02_mir/recover-20221013/UBNA_001/20221012_030000.WAV,Telephone Field,recover-20221013,001,1795
1270.6665,1270.6783,25468,31471,Nyctalus leisleri,0.01,0.026,-1,Echolocation,/mnt/ubna_data_02_mir/recover-20221013/UBNA_001/20221012_030000.WAV,Telephone Field,recover-20221013,001,1795
1270.7035,1270.744,68437,82646,Rhinolophus ferrumequinum,0.024,0.024,-1,Echolocation,/mnt/ubna_data_02_mir/recover-20221013/UBNA_001/20221012_030000.WAV,Telephone Field,recover-20221013,001,1795
1270.7245,1270.7609,68437,81963,Rhinolophus ferrumequinum,0.023,0.023,-1,Echolocation,/mnt/ubna_data_02_mir/recover-20221013/UBNA_001/20221012_030000.WAV,Telephone Field,recover-20221013,001,1795
1270.7825,1270.8174,68437,80139,Rhinolophus ferrumequinum,0.033,0.034,-1,Echolocation,/mnt/ubna_data_02_mir/recover-20221013/UBNA_001/20221012_030000.WAV,Telephone Field,recover-20221013,001,1795
1270.7935,1270.8006,28046,38003,Eptesicus serotinus,0.008,0.027,-1,Echolocation,/mnt/ubna_data_02_mir/recover-20221013/UBNA_001/20221012_030000.WAV,Telephone Field,recover-20221013,001,1795
1270.8935,1270.9105,18593,22745,Nyctalus noctula,0.012,0.021,-1,Echolocation,/mnt/ubna_data_02_mir/recover-20221013/UBNA_001/20221012_030000.WAV,Telephone Field,recover-20221013,001,1795
1270.8945,1270.931,68437,81569,Rhinolophus ferrumequinum,0.021,0.021,-1,Echolocation,/mnt/ubna_data_02_mir/recover-20221013/UBNA_001/20221012_030000.WAV,Telephone Field,recover-20221013,001,1795
1270.9005,1270.9085,28046,37586,Eptesicus serotinus,0.007,0.021,-1,Echolocation,/mnt/ubna_data_02_mir/recover-20221013/UBNA_001/20221012_030000.WAV,Telephone Field,recover-20221013,001,1795
1270.9055,1270.941,68437,81269,Rhinolophus ferrumequinum,0.021,0.021,-1,Echolocation,/mnt/ubna_data_02_mir/recover-20221013/UBNA_001/20221012_030000.WAV,Telephone Field,recover-20221013,001,1795
1270.9625,1270.9703,27187,38982,Eptesicus serotinus,0.008,0.022,-1,Echolocation,/mnt/ubna_data_02_mir/recover-20221013/UBNA_001/20221012_030000.WAV,Telephone Field,recover-20221013,001,1795
1270.9855,1271.0265,68437,82341,Rhinolophus ferrumequinum,0.021,0.021,-1,Echolocation,/mnt/ubna_data_02_mir/recover-20221013/UBNA_001/20221012_030000.WAV,Telephone Field,recover-20221013,001,1795
1271.0025,1271.0136,50390,55311,Pipistrellus pipistrellus,0.046,0.054,-1,Echolocation,/mnt/ubna_data_02_mir/recover-20221013/UBNA_001/20221012_030000.WAV,Telephone Field,recover-20221013,001,1795
1271.0035,1271.04,68437,81528,Rhinolophus ferrumequinum,0.022,0.022,-1,Echolocation,/mnt/ubna_data_02_mir/recover-20221013/UBNA_001/20221012_030000.WAV,Telephone Field,recover-20221013,001,1795
1271.0285,1271.0652,68437,82052,Rhinolophus ferrumequinum,0.021,0.021,-1,Echolocation,/mnt/ubna_data_02_mir/recover-20221013/UBNA_001/20221012_030000.WAV,Telephone Field,recover-20221013,001,1795
1271.0385,1271.0467,28046,39394,Eptesicus serotinus,0.007,0.021,-1,Echolocation,/mnt/ubna_data_02_mir/recover-20221013/UBNA_001/20221012_030000.WAV,Telephone Field,recover-20221013,001,1795
1271.0515,1271.0912,68437,82315,Rhinolophus ferrumequinum,0.045,0.045,-1,Echolocation,/mnt/ubna_data_02_mir/recover-20221013/UBNA_001/20221012_030000.WAV,Telephone Field,recover-20221013,001,1795
1271.0635,1271.103,68437,82423,Rhinolophus ferrumequinum,0.021,0.021,-1,Echolocation,/mnt/ubna_data_02_mir/recover-20221013/UBNA_001/20221012_030000.WAV,Telephone Field,recover-20221013,001,1795
1271.0725,1271.0797,28046,38026,Eptesicus serotinus,0.006,0.021,-1,Echolocation,/mnt/ubna_data_02_mir/recover-20221013/UBNA_001/20221012_030000.WAV,Telephone Field,recover-20221013,001,1795
1271.1325,1271.1401,27187,40965,Eptesicus serotinus,0.007,0.023,-1,Echolocation,/mnt/ubna_data_02_mir/recover-20221013/UBNA_001/20221012_030000.WAV,Telephone Field,recover-20221013,001,1795
1271.1535,1271.194,68437,82591,Rhinolophus ferrumequinum,0.024,0.024,-1,Echolocation,/mnt/ubna_data_02_mir/recover-20221013/UBNA_001/20221012_030000.WAV,Telephone Field,recover-20221013,001,1795
1271.1565,1271.1665,44375,48794,Pipistrellus pipistrellus,0.02,0.024,-1,Echolocation,/mnt/ubna_data_02_mir/recover-20221013/UBNA_001/20221012_030000.WAV,Telephone Field,recover-20221013,001,1795
1271.2125,1271.2209,24609,33424,Plecotus austriacus,0.011,0.033,-1,Echolocation,/mnt/ubna_data_02_mir/recover-20221013/UBNA_001/20221012_030000.WAV,Telephone Field,recover-20221013,001,1795
1271.2135,1271.2537,68437,82644,Rhinolophus ferrumequinum,0.031,0.031,-1,Echolocation,/mnt/ubna_data_02_mir/recover-20221013/UBNA_001/20221012_030000.WAV,Telephone Field,recover-20221013,001,1795
1271.2285,1271.2453,21171,24445,Nyctalus leisleri,0.017,0.029,-1,Echolocation,/mnt/ubna_data_02_mir/recover-20221013/UBNA_001/20221012_030000.WAV,Telephone Field,recover-20221013,001,1795
1271.2455,1271.2835,68437,81749,Rhinolophus ferrumequinum,0.024,0.024,-1,Echolocation,/mnt/ubna_data_02_mir/recover-20221013/UBNA_001/20221012_030000.WAV,Telephone Field,recover-20221013,001,1795
1271.2625,1271.2733,28906,37129,Eptesicus serotinus,0.009,0.021,-1,Echolocation,/mnt/ubna_data_02_mir/recover-20221013/UBNA_001/20221012_030000.WAV,Telephone Field,recover-20221013,001,1795
1271.2875,1271.3231,68437,81564,Rhinolophus ferrumequinum,0.022,0.022,-1,Echolocation,/mnt/ubna_data_02_mir/recover-20221013/UBNA_001/20221012_030000.WAV,Telephone Field,recover-20221013,001,1795
1271.3095,1271.317,28046,39061,Eptesicus serotinus,0.006,0.021,-1,Echolocation,/mnt/ubna_data_02_mir/recover-20221013/UBNA_001/20221012_030000.WAV,Telephone Field,recover-20221013,001,1795
1271.3255,1271.335,25468,33311,Eptesicus serotinus,0.008,0.024,-1,Echolocation,/mnt/ubna_data_02_mir/recover-20221013/UBNA_001/20221012_030000.WAV,Telephone Field,recover-20221013,001,1795
1271.3685,1271.3759,27187,39498,Eptesicus serotinus,0.008,0.027,-1,Echolocation,/mnt/ubna_data_02_mir/recover-20221013/UBNA_001/20221012_030000.WAV,Telephone Field,recover-20221013,001,1795
1271.4215,1271.4591,68437,81065,Rhinolophus ferrumequinum,0.022,0.022,-1,Echolocation,/mnt/ubna_data_02_mir/recover-20221013/UBNA_001/20221012_030000.WAV,Telephone Field,recover-20221013,001,1795
1271.4265,1271.4641,68437,81281,Rhinolophus ferrumequinum,0.021,0.022,-1,Echolocation,/mnt/ubna_data_02_mir/recover-20221013/UBNA_001/20221012_030000.WAV,Telephone Field,recover-20221013,001,1795
1271.4615,1271.5005,68437,82125,Rhinolophus ferrumequinum,0.021,0.021,-1,Echolocation,/mnt/ubna_data_02_mir/recover-20221013/UBNA_001/20221012_030000.WAV,Telephone Field,recover-20221013,001,1795
1271.4775,1271.4832,28046,40557,Eptesicus serotinus,0.006,0.032,-1,Echolocation,/mnt/ubna_data_02_mir/recover-20221013/UBNA_001/20221012_030000.WAV,Telephone Field,recover-20221013,001,1795
1271.4805,1271.4849,40078,55458,Myotis mystacinus,0.005,0.024,-1,Echolocation,/mnt/ubna_data_02_mir/recover-20221013/UBNA_001/20221012_030000.WAV,Telephone Field,recover-20221013,001,1795
1271.4875,1271.5298,68437,82812,Rhinolophus ferrumequinum,0.033,0.033,-1,Echolocation,/mnt/ubna_data_02_mir/recover-20221013/UBNA_001/20221012_030000.WAV,Telephone Field,recover-20221013,001,1795
1271.5065,1271.5175,22890,27782,Nyctalus leisleri,0.011,0.022,-1,Echolocation,/mnt/ubna_data_02_mir/recover-20221013/UBNA_001/20221012_030000.WAV,Telephone Field,recover-20221013,001,1795
1271.5295,1271.5724,68437,83200,Rhinolophus ferrumequinum,0.03,0.03,-1,Echolocation,/mnt/ubna_data_02_mir/recover-20221013/UBNA_001/20221012_030000.WAV,Telephone Field,recover-20221013,001,1795
1271.5365,1271.543,26328,37057,Plecotus austriacus,0.01,0.034,-1,Echolocation,/mnt/ubna_data_02_mir/recover-20221013/UBNA_001/20221012_030000.WAV,Telephone Field,recover-20221013,001,1795
1271.5765,1271.5836,28046,37914,Eptesicus serotinus,0.006,0.023,-1,Echolocation,/mnt/ubna_data_02_mir/recover-20221013/UBNA_001/20221012_030000.WAV,Telephone Field,recover-20221013,001,1795
1271.5985,1271.6365,68437,81557,Rhinolophus ferrumequinum,0.026,0.026,-1,Echolocation,/mnt/ubna_data_02_mir/recover-20221013/UBNA_001/20221012_030000.WAV,Telephone Field,recover-20221013,001,1795
1271.6655,1271.6731,27187,36174,Eptesicus serotinus,0.007,0.024,-1,Echolocation,/mnt/ubna_data_02_mir/recover-20221013/UBNA_001/20221012_030000.WAV,Telephone Field,recover-20221013,001,1795
1271.6745,1271.713,68437,82138,Rhinolophus ferrumequinum,0.025,0.025,-1,Echolocation,/mnt/ubna_data_02_mir/recover-20221013/UBNA_001/20221012_030000.WAV,Telephone Field,recover-20221013,001,1795
1271.7535,1271.7948,68437,82595,Rhinolophus ferrumequinum,0.021,0.021,-1,Echolocation,/mnt/ubna_data_02_mir/recover-20221013/UBNA_001/20221012_030000.WAV,Telephone Field,recover-20221013,001,1795
1271.7755,1271.784,28046,38088,Eptesicus serotinus,0.008,0.023,-1,Echolocation,/mnt/ubna_data_02_mir/recover-20221013/UBNA_001/20221012_030000.WAV,Telephone Field,recover-20221013,001,1795
1271.7795,1271.8178,68437,82250,Rhinolophus ferrumequinum,0.023,0.023,-1,Echolocation,/mnt/ubna_data_02_mir/recover-20221013/UBNA_001/20221012_030000.WAV,Telephone Field,recover-20221013,001,1795
1271.7985,1271.805,50390,55245,Pipistrellus pipistrellus,0.036,0.039,-1,Echolocation,/mnt/ubna_data_02_mir/recover-20221013/UBNA_001/20221012_030000.WAV,Telephone Field,recover-20221013,001,1795
1271.8465,1271.8843,68437,81768,Rhinolophus ferrumequinum,0.021,0.021,-1,Echolocation,/mnt/ubna_data_02_mir/recover-20221013/UBNA_001/20221012_030000.WAV,Telephone Field,recover-20221013,001,1795
1271.8565,1271.8656,28906,38103,Eptesicus serotinus,0.009,0.027,-1,Echolocation,/mnt/ubna_data_02_mir/recover-20221013/UBNA_001/20221012_030000.WAV,Telephone Field,recover-20221013,001,1795
1271.8785,1271.8875,25468,34073,Eptesicus serotinus,0.008,0.021,-1,Echolocation,/mnt/ubna_data_02_mir/recover-20221013/UBNA_001/20221012_030000.WAV,Telephone Field,recover-20221013,001,1795
1271.8995,1271.9132,22890,27523,Nyctalus leisleri,0.019,0.035,-1,Echolocation,/mnt/ubna_data_02_mir/recover-20221013/UBNA_001/20221012_030000.WAV,Telephone Field,recover-20221013,001,1795
1271.9215,1271.9272,48671,53169,Pipistrellus pipistrellus,0.028,0.029,-1,Echolocation,/mnt/ubna_data_02_mir/recover-20221013/UBNA_001/20221012_030000.WAV,Telephone Field,recover-20221013,001,1795
1271.9305,1271.9674,68437,82300,Rhinolophus ferrumequinum,0.022,0.022,-1,Echolocation,/mnt/ubna_data_02_mir/recover-20221013/UBNA_001/20221012_030000.WAV,Telephone Field,recover-20221013,001,1795
1271.9325,1271.9408,22890,30284,Plecotus austriacus,0.01,0.023,-1,Echolocation,/mnt/ubna_data_02_mir/recover-20221013/UBNA_001/20221012_030000.WAV,Telephone Field,recover-20221013,001,1795
1271.9505,1271.9601,28046,36245,Eptesicus serotinus,0.009,0.023,-1,Echolocation,/mnt/ubna_data_02_mir/recover-20221013/UBNA_001/20221012_030000.WAV,Telephone Field,recover-20221013,001,1795
1271.9885,1271.9979,28046,39587,Eptesicus serotinus,0.008,0.021,-1,Echolocation,/mnt/ubna_data_02_mir/recover-20221013/UBNA_001/20221012_030000.WAV,Telephone Field,recover-20221013,001,1795
1272.0015,1272.0104,24609,33704,Nyctalus leisleri,0.009,0.03,-1,Echolocation,/mnt/ubna_data_02_mir/recover-20221013/UBNA_001/20221012_030000.WAV,Telephone Field,recover-20221013,001,1795
1272.0015,1272.0085,46953,53868,Pipistrellus pipistrellus,0.014,0.021,-1,Echolocation,/mnt/ubna_data_02_mir/recover-20221013/UBNA_001/20221012_030000.WAV,Telephone Field,recover-20221013,001,1795
1272.0015,1272.0371,68437,80483,Rhinolophus ferrumequinum,0.068,0.068,-1,Echolocation,/mnt/ubna_data_02_mir/recover-20221013/UBNA_001/20221012_030000.WAV,Telephone Field,recover-20221013,001,1795
1272.0075,1272.05,68437,82514,Rhinolophus ferrumequinum,0.025,0.025,-1,Echolocation,/mnt/ubna_data_02_mir/recover-20221013/UBNA_001/20221012_030000.WAV,Telephone Field,recover-20221013,001,1795
1272.0515,1272.0611,27187,37296,Eptesicus serotinus,0.009,0.021,-1,Echolocation,/mnt/ubna_data_02_mir/recover-20221013/UBNA_001/20221012_030000.WAV,Telephone Field,recover-20221013,001,1795
1272.0525,1272.0928,68437,82560,Rhinolophus ferrumequinum,0.027,0.027,-1,Echolocation,/mnt/ubna_data_02_mir/recover-20221013/UBNA_001/20221012_030000.WAV,Telephone Field,recover-20221013,001,1795
1272.1225,1272.1602,68437,82006,Rhinolophus ferrumequinum,0.024,0.024,-1,Echolocation,/mnt/ubna_data_02_mir/recover-20221013/UBNA_001/20221012_030000.WAV,Telephone Field,recover-20221013,001,1795
1272.1545,1272.195,68437,82732,Rhinolophus ferrumequinum,0.027,0.027,-1,Echolocation,/mnt/ubna_data_02_mir/recover-20221013/UBNA_001/20221012_030000.WAV,Telephone Field,recover-20221013,001,1795
1272.1855,1272.226,68437,82151,Rhinolophus ferrumequinum,0.022,0.022,-1,Echolocation,/mnt/ubna_data_02_mir/recover-20221013/UBNA_001/20221012_030000.WAV,Telephone Field,recover-20221013,001,1795
1272.1885,1272.1994,22031,26669,Nyctalus leisleri,0.01,0.022,-1,Echolocation,/mnt/ubna_data_02_mir/recover-20221013/UBNA_001/20221012_030000.WAV,Telephone Field,recover-20221013,001,1795
1272.2085,1272.2175,31484,45936,Myotis daubentonii,0.008,0.022,-1,Echolocation,/mnt/ubna_data_02_mir/recover-20221013/UBNA_001/20221012_030000.WAV,Telephone Field,recover-20221013,001,1795
1272.2095,1272.2177,27187,40709,Eptesicus serotinus,0.008,0.022,-1,Echolocation,/mnt/ubna_data_02_mir/recover-20221013/UBNA_001/20221012_030000.WAV,Telephone Field,recover-20221013,001,1795
1272.2165,1272.2279,33203,37989,Eptesicus serotinus,0.006,0.025,-1,Echolocation,/mnt/ubna_data_02_mir/recover-20221013/UBNA_001/20221012_030000.WAV,Telephone Field,recover-20221013,001,1795
1272.2185,1272.2285,28046,35027,Eptesicus serotinus,0.01,0.024,-1,Echolocation,/mnt/ubna_data_02_mir/recover-20221013/UBNA_001/20221012_030000.WAV,Telephone Field,recover-20221013,001,1795
1272.2475,1272.2857,68437,81774,Rhinolophus ferrumequinum,0.021,0.021,-1,Echolocation,/mnt/ubna_data_02_mir/recover-20221013/UBNA_001/20221012_030000.WAV,Telephone Field,recover-20221013,001,1795
1272.2555,1272.2937,68437,82067,Rhinolophus ferrumequinum,0.024,0.024,-1,Echolocation,/mnt/ubna_data_02_mir/recover-20221013/UBNA_001/20221012_030000.WAV,Telephone Field,recover-20221013,001,1795
1272.2585,1272.2671,28046,38114,Eptesicus serotinus,0.008,0.022,-1,Echolocation,/mnt/ubna_data_02_mir/recover-20221013/UBNA_001/20221012_030000.WAV,Telephone Field,recover-20221013,001,1795
1272.2805,1272.2873,27187,41560,Eptesicus serotinus,0.007,0.025,-1,Echolocation,/mnt/ubna_data_02_mir/recover-20221013/UBNA_001/20221012_030000.WAV,Telephone Field,recover-20221013,001,1795
1272.2955,1272.3068,56406,60823,Pipistrellus pygmaeus,0.031,0.033,-1,Echolocation,/mnt/ubna_data_02_mir/recover-20221013/UBNA_001/20221012_030000.WAV,Telephone Field,recover-20221013,001,1795
1272.3115,1272.3195,28046,40336,Eptesicus serotinus,0.009,0.025,-1,Echolocation,/mnt/ubna_data_02_mir/recover-20221013/UBNA_001/20221012_030000.WAV,Telephone Field,recover-20221013,001,1795
1272.3165,1272.3242,44375,54440,Pipistrellus pipistrellus,0.016,0.022,-1,Echolocation,/mnt/ubna_data_02_mir/recover-20221013/UBNA_001/20221012_030000.WAV,Telephone Field,recover-20221013,001,1795
1272.3245,1272.362,68437,82522,Rhinolophus ferrumequinum,0.024,0.024,-1,Echolocation,/mnt/ubna_data_02_mir/recover-20221013/UBNA_001/20221012_030000.WAV,Telephone Field,recover-20221013,001,1795
1272.3355,1272.3762,68437,82369,Rhinolophus ferrumequinum,0.022,0.022,-1,Echolocation,/mnt/ubna_data_02_mir/recover-20221013/UBNA_001/20221012_030000.WAV,Telephone Field,recover-20221013,001,1795
1272.3555,1272.3631,28046,39223,Eptesicus serotinus,0.007,0.022,-1,Echolocation,/mnt/ubna_data_02_mir/recover-20221013/UBNA_001/20221012_030000.WAV,Telephone Field,recover-20221013,001,1795
1272.3635,1272.3707,27187,37887,Eptesicus serotinus,0.006,0.021,-1,Echolocation,/mnt/ubna_data_02_mir/recover-20221013/UBNA_001/20221012_030000.WAV,Telephone Field,recover-20221013,001,1795
1272.3935,1272.4037,46093,49492,Pipistrellus pipistrellus,0.041,0.044,-1,Echolocation,/mnt/ubna_data_02_mir/recover-20221013/UBNA_001/20221012_030000.WAV,Telephone Field,recover-20221013,001,1795
1272.4215,1272.4298,26328,38560,Eptesicus serotinus,0.007,0.021,-1,Echolocation,/mnt/ubna_data_02_mir/recover-20221013/UBNA_001/20221012_030000.WAV,Telephone Field,recover-20221013,001,1795
1272.4415,1272.4828,68437,82482,Rhinolophus ferrumequinum,0.023,0.023,-1,Echolocation,/mnt/ubna_data_02_mir/recover-20221013/UBNA_001/20221012_030000.WAV,Telephone Field,recover-20221013,001,1795
1272.4455,1272.4521,49531,57361,Pipistrellus pipistrellus,0.026,0.029,-1,Echolocation,/mnt/ubna_data_02_mir/recover-20221013/UBNA_001/20221012_030000.WAV,Telephone Field,recover-20221013,001,1795
1272.4565,1272.4634,27187,39751,Eptesicus serotinus,0.006,0.022,-1,Echolocation,/mnt/ubna_data_02_mir/recover-20221013/UBNA_001/20221012_030000.WAV,Telephone Field,recover-20221013,001,1795
1272.4865,1272.5252,68437,81901,Rhinolophus ferrumequinum,0.022,0.022,-1,Echolocation,/mnt/ubna_data_02_mir/recover-20221013/UBNA_001/20221012_030000.WAV,Telephone Field,recover-20221013,001,1795
1272.4935,1272.5046,25468,32288,Eptesicus serotinus,0.013,0.03,-1,Echolocation,/mnt/ubna_data_02_mir/recover-20221013/UBNA_001/20221012_030000.WAV,Telephone Field,recover-20221013,001,1795
1272.5175,1272.5248,37500,46750,Myotis daubentonii,0.007,0.023,-1,Echolocation,/mnt/ubna_data_02_mir/recover-20221013/UBNA_001/20221012_030000.WAV,Telephone Field,recover-20221013,001,1795
1272.6055,1272.6138,22890,30275,Plecotus austriacus,0.008,0.021,-1,Echolocation,/mnt/ubna_data_02_mir/recover-20221013/UBNA_001/20221012_030000.WAV,Telephone Field,recover-20221013,001,1795
1272.6175,1272.6567,68437,82117,Rhinolophus ferrumequinum,0.024,0.024,-1,Echolocation,/mnt/ubna_data_02_mir/recover-20221013/UBNA_001/20221012_030000.WAV,Telephone Field,recover-20221013,001,1795
1272.6225,1272.6435,18593,21826,Nyctalus noctula,0.02,0.033,-1,Echolocation,/mnt/ubna_data_02_mir/recover-20221013/UBNA_001/20221012_030000.WAV,Telephone Field,recover-20221013,001,1795
1272.6675,1272.6744,24609,37207,Plecotus austriacus,0.013,0.034,-1,Echolocation,/mnt/ubna_data_02_mir/recover-20221013/UBNA_001/20221012_030000.WAV,Telephone Field,recover-20221013,001,1795
1272.6975,1272.7037,26328,41068,Eptesicus serotinus,0.006,0.026,-1,Echolocation,/mnt/ubna_data_02_mir/recover-20221013/UBNA_001/20221012_030000.WAV,Telephone Field,recover-20221013,001,1795
1272.7445,1272.7842,68437,82696,Rhinolophus ferrumequinum,0.024,0.024,-1,Echolocation,/mnt/ubna_data_02_mir/recover-20221013/UBNA_001/20221012_030000.WAV,Telephone Field,recover-20221013,001,1795
1272.8005,1272.8397,68437,82373,Rhinolophus ferrumequinum,0.022,0.022,-1,Echolocation,/mnt/ubna_data_02_mir/recover-20221013/UBNA_001/20221012_030000.WAV,Telephone Field,recover-20221013,001,1795
1272.8425,1272.8511,27187,39697,Eptesicus serotinus,0.008,0.022,-1,Echolocation,/mnt/ubna_data_02_mir/recover-20221013/UBNA_001/20221012_030000.WAV,Telephone Field,recover-20221013,001,1795
1272.8455,1272.8543,22031,29202,Plecotus austriacus,0.01,0.023,-1,Echolocation,/mnt/ubna_data_02_mir/recover-20221013/UBNA_001/20221012_030000.WAV,Telephone Field,recover-20221013,001,1795
1272.8535,1272.8622,28046,37460,Eptesicus serotinus,0.011,0.026,-1,Echolocation,/mnt/ubna_data_02_mir/recover-20221013/UBNA_001/20221012_030000.WAV,Telephone Field,recover-20221013,001,1795
1272.8755,1272.9179,68437,83346,Rhinolophus ferrumequinum,0.031,0.031,-1,Echolocation,/mnt/ubna_data_02_mir/recover-20221013/UBNA_001/20221012_030000.WAV,Telephone Field,recover-20221013,001,1795
1272.9035,1272.9392,68437,81207,Rhinolophus ferrumequinum,0.021,0.021,-1,Echolocation,/mnt/ubna_data_02_mir/recover-20221013/UBNA_001/20221012_030000.WAV,Telephone Field,recover-20221013,001,1795
1272.9485,1272.9584,23750,30884,Nyctalus leisleri,0.007,0.022,-1,Echolocation,/mnt/ubna_data_02_mir/recover-20221013/UBNA_001/20221012_030000.WAV,Telephone Field,recover-20221013,001,1795
1273.0025,1273.0099,28046,37539,Eptesicus serotinus,0.007,0.022,-1,Echolocation,/mnt/ubna_data_02_mir/recover-20221013/UBNA_001/20221012_030000.WAV,Telephone Field,recover-20221013,001,1795
1273.0575,1273.0956,68437,81770,Rhinolophus ferrumequinum,0.021,0.021,-1,Echolocation,/mnt/ubna_data_02_mir/recover-20221013/UBNA_001/20221012_030000.WAV,Telephone Field,recover-20221013,001,1795
1273.0895,1273.1307,68437,82650,Rhinolophus ferrumequinum,0.022,0.023,-1,Echolocation,/mnt/ubna_data_02_mir/recover-20221013/UBNA_001/20221012_030000.WAV,Telephone Field,recover-20221013,001,1795
1273.1095,1273.118,22890,29319,Plecotus austriacus,0.008,0.021,-1,Echolocation,/mnt/ubna_data_02_mir/recover-20221013/UBNA_001/20221012_030000.WAV,Telephone Field,recover-20221013,001,1795
1273.1415,1273.18,68437,82662,Rhinolophus ferrumequinum,0.023,0.023,-1,Echolocation,/mnt/ubna_data_02_mir/recover-20221013/UBNA_001/20221012_030000.WAV,Telephone Field,recover-20221013,001,1795
1273.1635,1273.2017,68437,82276,Rhinolophus ferrumequinum,0.025,0.025,-1,Echolocation,/mnt/ubna_data_02_mir/recover-20221013/UBNA_001/20221012_030000.WAV,Telephone Field,recover-20221013,001,1795
1273.2125,1273.2199,50390,56178,Pipistrellus pipistrellus,0.02,0.022,-1,Echolocation,/mnt/ubna_data_02_mir/recover-20221013/UBNA_001/20221012_030000.WAV,Telephone Field,recover-20221013,001,1795
1273.2145,1273.2242,28046,36566,Eptesicus serotinus,0.01,0.024,-1,Echolocation,/mnt/ubna_data_02_mir/recover-20221013/UBNA_001/20221012_030000.WAV,Telephone Field,recover-20221013,001,1795
1273.2805,1273.2865,48671,60049,Pipistrellus pipistrellus,0.016,0.021,-1,Echolocation,/mnt/ubna_data_02_mir/recover-20221013/UBNA_001/20221012_030000.WAV,Telephone Field,recover-20221013,001,1795
1273.2875,1273.2959,27187,38104,Eptesicus serotinus,0.007,0.021,-1,Echolocation,/mnt/ubna_data_02_mir/recover-20221013/UBNA_001/20221012_030000.WAV,Telephone Field,recover-20221013,001,1795
1273.2955,1273.3059,24609,30555,Nyctalus leisleri,0.009,0.023,-1,Echolocation,/mnt/ubna_data_02_mir/recover-20221013/UBNA_001/20221012_030000.WAV,Telephone Field,recover-20221013,001,1795
1273.3075,1273.3179,22031,27397,Nyctalus leisleri,0.009,0.021,-1,Echolocation,/mnt/ubna_data_02_mir/recover-20221013/UBNA_001/20221012_030000.WAV,Telephone Field,recover-20221013,001,1795
1273.3125,1273.3211,27187,37912,Eptesicus serotinus,0.008,0.024,-1,Echolocation,/mnt/ubna_data_02_mir/recover-20221013/UBNA_001/20221012_030000.WAV,Telephone Field,recover-20221013,001,1795
1273.3245,1273.3613,68437,82074,Rhinolophus ferrumequinum,0.022,0.023,-1,Echolocation,/mnt/ubna_data_02_mir/recover-20221013/UBNA_001/20221012_030000.WAV,Telephone Field,recover-20221013,001,1795
1273.3275,1273.3374,25468,32388,Eptesicus serotinus,0.009,0.022,-1,Echolocation,/mnt/ubna_data_02_mir/recover-20221013/UBNA_001/20221012_030000.WAV,Telephone Field,recover-20221013,001,1795
1273.3445,1273.3804,68437,80894,Rhinolophus ferrumequinum,0.022,0.022,-1,Echolocation,/mnt/ubna_data_02_mir/recover-20221013/UBNA_001/20221012_030000.WAV,Telephone Field,recover-20221013,001,1795
1273.3465,1273.3532,23750,33356,Plecotus austriacus,0.012,0.026,-1,Echolocation,/mnt/ubna_data_02_mir/recover-20221013/UBNA_001/20221012_030000.WAV,Telephone Field,recover-20221013,001,1795
1273.3645,1273.4045,68437,82665,Rhinolophus ferrumequinum,0.022,0.022,-1,Echolocation,/mnt/ubna_data_02_mir/recover-20221013/UBNA_001/20221012_030000.WAV,Telephone Field,recover-20221013,001,1795
1273.4185,1273.4556,68437,81708,Rhinolophus ferrumequinum,0.022,0.022,-1,Echolocation,/mnt/ubna_data_02_mir/recover-20221013/UBNA_001/20221012_030000.WAV,Telephone Field,recover-20221013,001,1795
1273.4315,1273.4413,28046,36172,Eptesicus serotinus,0.009,0.021,-1,Echolocation,/mnt/ubna_data_02_mir/recover-20221013/UBNA_001/20221012_030000.WAV,Telephone Field,recover-20221013,001,1795
1273.4355,1273.4757,68437,82140,Rhinolophus ferrumequinum,0.024,0.024,-1,Echolocation,/mnt/ubna_data_02_mir/recover-20221013/UBNA_001/20221012_030000.WAV,Telephone Field,recover-20221013,001,1795
1273.5005,1273.5434,68437,83101,Rhinolophus ferrumequinum,0.032,0.032,-1,Echolocation,/mnt/ubna_data_02_mir/recover-20221013/UBNA_001/20221012_030000.WAV,Telephone Field,recover-20221013,001,1795
1273.5015,1273.5093,27187,40246,Eptesicus serotinus,0.007,0.022,-1,Echolocation,/mnt/ubna_data_02_mir/recover-20221013/UBNA_001/20221012_030000.WAV,Telephone Field,recover-20221013,001,1795
1273.5025,1273.5121,22031,28411,Nyctalus leisleri,0.007,0.021,-1,Echolocation,/mnt/ubna_data_02_mir/recover-20221013/UBNA_001/20221012_030000.WAV,Telephone Field,recover-20221013,001,1795
1273.5175,1273.5279,24609,30794,Eptesicus serotinus,0.009,0.025,-1,Echolocation,/mnt/ubna_data_02_mir/recover-20221013/UBNA_001/20221012_030000.WAV,Telephone Field,recover-20221013,001,1795
1273.5615,1273.5995,68437,81587,Rhinolophus ferrumequinum,0.025,0.025,-1,Echolocation,/mnt/ubna_data_02_mir/recover-20221013/UBNA_001/20221012_030000.WAV,Telephone Field,recover-20221013,001,1795
1273.5665,1273.5773,23750,30232,Nyctalus leisleri,0.01,0.024,-1,Echolocation,/mnt/ubna_data_02_mir/recover-20221013/UBNA_001/20221012_030000.WAV,Telephone Field,recover-20221013,001,1795
1273.5725,1273.5836,23750,29039,Nyctalus leisleri,0.012,0.023,-1,Echolocation,/mnt/ubna_data_02_mir/recover-20221013/UBNA_001/20221012_030000.WAV,Telephone Field,recover-20221013,001,1795
1273.5775,1273.5849,28046,38015,Eptesicus serotinus,0.007,0.021,-1,Echolocation,/mnt/ubna_data_02_mir/recover-20221013/UBNA_001/20221012_030000.WAV,Telephone Field,recover-20221013,001,1795
1273.6585,1273.6986,68437,82197,Rhinolophus ferrumequinum,0.023,0.023,-1,Echolocation,/mnt/ubna_data_02_mir/recover-20221013/UBNA_001/20221012_030000.WAV,Telephone Field,recover-20221013,001,1795
1273.7015,1273.738,68437,81982,Rhinolophus ferrumequinum,0.021,0.021,-1,Echolocation,/mnt/ubna_data_02_mir/recover-20221013/UBNA_001/20221012_030000.WAV,Telephone Field,recover-20221013,001,1795
1273.7145,1273.7195,37500,54434,Myotis daubentonii,0.01,0.035,-1,Echolocation,/mnt/ubna_data_02_mir/recover-20221013/UBNA_001/20221012_030000.WAV,Telephone Field,recover-20221013,001,1795
1273.7405,1273.7781,68437,82560,Rhinolophus ferrumequinum,0.036,0.036,-1,Echolocation,/mnt/ubna_data_02_mir/recover-20221013/UBNA_001/20221012_030000.WAV,Telephone Field,recover-20221013,001,1795
1273.7775,1273.8141,68437,81703,Rhinolophus ferrumequinum,0.022,0.022,-1,Echolocation,/mnt/ubna_data_02_mir/recover-20221013/UBNA_001/20221012_030000.WAV,Telephone Field,recover-20221013,001,1795
1273.8435,1273.8818,68437,82208,Rhinolophus ferrumequinum,0.024,0.024,-1,Echolocation,/mnt/ubna_data_02_mir/recover-20221013/UBNA_001/20221012_030000.WAV,Telephone Field,recover-20221013,001,1795
1273.8575,1273.8681,23750,30337,Nyctalus leisleri,0.009,0.022,-1,Echolocation,/mnt/ubna_data_02_mir/recover-20221013/UBNA_001/20221012_030000.WAV,Telephone Field,recover-20221013,001,1795
1273.8735,1273.882,47812,57312,Pipistrellus pipistrellus,0.019,0.023,-1,Echolocation,/mnt/ubna_data_02_mir/recover-20221013/UBNA_001/20221012_030000.WAV,Telephone Field,recover-20221013,001,1795
1273.8735,1273.9106,68437,81768,Rhinolophus ferrumequinum,0.022,0.022,-1,Echolocation,/mnt/ubna_data_02_mir/recover-20221013/UBNA_001/20221012_030000.WAV,Telephone Field,recover-20221013,001,1795
1273.8965,1273.9078,23750,30235,Nyctalus leisleri,0.013,0.029,-1,Echolocation,/mnt/ubna_data_02_mir/recover-20221013/UBNA_001/20221012_030000.WAV,Telephone Field,recover-20221013,001,1795
1273.9105,1273.9488,68437,81804,Rhinolophus ferrumequinum,0.021,0.021,-1,Echolocation,/mnt/ubna_data_02_mir/recover-20221013/UBNA_001/20221012_030000.WAV,Telephone Field,recover-20221013,001,1795
1273.9395,1273.9726,68437,80798,Rhinolophus ferrumequinum,0.022,0.022,-1,Echolocation,/mnt/ubna_data_02_mir/recover-20221013/UBNA_001/20221012_030000.WAV,Telephone Field,recover-20221013,001,1795
1273.9425,1273.9527,22890,28497,Nyctalus leisleri,0.009,0.024,-1,Echolocation,/mnt/ubna_data_02_mir/recover-20221013/UBNA_001/20221012_030000.WAV,Telephone Field,recover-20221013,001,1795
1273.9525,1273.9884,68437,81528,Rhinolophus ferrumequinum,0.022,0.022,-1,Echolocation,/mnt/ubna_data_02_mir/recover-20221013/UBNA_001/20221012_030000.WAV,Telephone Field,recover-20221013,001,1795
1273.9825,1273.9927,27187,37504,Eptesicus serotinus,0.011,0.025,-1,Echolocation,/mnt/ubna_data_02_mir/recover-20221013/UBNA_001/20221012_030000.WAV,Telephone Field,recover-20221013,001,1795
1274.0015,1274.009,24609,34414,Nyctalus leisleri,0.006,0.024,-1,Echolocation,/mnt/ubna_data_02_mir/recover-20221013/UBNA_001/20221012_030000.WAV,Telephone Field,recover-20221013,001,1795
1274.0015,1274.0328,69296,81711,Rhinolophus ferrumequinum,0.048,0.048,-1,Echolocation,/mnt/ubna_data_02_mir/recover-20221013/UBNA_001/20221012_030000.WAV,Telephone Field,recover-20221013,001,1795
1274.0085,1274.0489,68437,81716,Rhinolophus ferrumequinum,0.021,0.021,-1,Echolocation,/mnt/ubna_data_02_mir/recover-20221013/UBNA_001/20221012_030000.WAV,Telephone Field,recover-20221013,001,1795
1274.0265,1274.0649,68437,82086,Rhinolophus ferrumequinum,0.021,0.021,-1,Echolocation,/mnt/ubna_data_02_mir/recover-20221013/UBNA_001/20221012_030000.WAV,Telephone Field,recover-20221013,001,1795
1274.0395,1274.0482,23750,31021,Plecotus austriacus,0.007,0.023,-1,Echolocation,/mnt/ubna_data_02_mir/recover-20221013/UBNA_001/20221012_030000.WAV,Telephone Field,recover-20221013,001,1795
1274.0665,1274.0733,27187,38207,Eptesicus serotinus,0.006,0.024,-1,Echolocation,/mnt/ubna_data_02_mir/recover-20221013/UBNA_001/20221012_030000.WAV,Telephone Field,recover-20221013,001,1795
1274.0725,1274.1174,68437,83732,Rhinolophus ferrumequinum,0.043,0.043,-1,Echolocation,/mnt/ubna_data_02_mir/recover-20221013/UBNA_001/20221012_030000.WAV,Telephone Field,recover-20221013,001,1795
1274.1285,1274.1688,68437,82396,Rhinolophus ferrumequinum,0.025,0.025,-1,Echolocation,/mnt/ubna_data_02_mir/recover-20221013/UBNA_001/20221012_030000.WAV,Telephone Field,recover-20221013,001,1795
1274.1615,1274.1698,28046,37169,Eptesicus serotinus,0.008,0.022,-1,Echolocation,/mnt/ubna_data_02_mir/recover-20221013/UBNA_001/20221012_030000.WAV,Telephone Field,recover-20221013,001,1795
1274.1815,1274.22,68437,82856,Rhinolophus ferrumequinum,0.024,0.024,-1,Echolocation,/mnt/ubna_data_02_mir/recover-20221013/UBNA_001/20221012_030000.WAV,Telephone Field,recover-20221013,001,1795
1274.1875,1274.2283,68437,82813,Rhinolophus ferrumequinum,0.022,0.022,-1,Echolocation,/mnt/ubna_data_02_mir/recover-20221013/UBNA_001/20221012_030000.WAV,Telephone Field,recover-20221013,001,1795
1274.2005,1274.244,68437,82569,Rhinolophus ferrumequinum,0.022,0.022,-1,Echolocation,/mnt/ubna_data_02_mir/recover-20221013/UBNA_001/20221012_030000.WAV,Telephone Field,recover-20221013,001,1795
1274.2515,1274.294,68437,83234,Rhinolophus ferrumequinum,0.033,0.033,-1,Echolocation,/mnt/ubna_data_02_mir/recover-20221013/UBNA_001/20221012_030000.WAV,Telephone Field,recover-20221013,001,1795
1274.2695,1274.2782,54687,59125,Pipistrellus pygmaeus,0.029,0.031,-1,Echolocation,/mnt/ubna_data_02_mir/recover-20221013/UBNA_001/20221012_030000.WAV,Telephone Field,recover-20221013,001,1795
1274.3145,1274.3537,68437,82097,Rhinolophus ferrumequinum,0.021,0.021,-1,Echolocation,/mnt/ubna_data_02_mir/recover-20221013/UBNA_001/20221012_030000.WAV,Telephone Field,recover-20221013,001,1795
1274.3305,1274.372,68437,83062,Rhinolophus ferrumequinum,0.023,0.023,-1,Echolocation,/mnt/ubna_data_02_mir/recover-20221013/UBNA_001/20221012_030000.WAV,Telephone Field,recover-20221013,001,1795
1274.3335,1274.3404,26328,38789,Eptesicus serotinus,0.006,0.023,-1,Echolocation,/mnt/ubna_data_02_mir/recover-20221013/UBNA_001/20221012_030000.WAV,Telephone Field,recover-20221013,001,1795
1274.3915,1274.425,68437,81555,Rhinolophus ferrumequinum,0.022,0.022,-1,Echolocation,/mnt/ubna_data_02_mir/recover-20221013/UBNA_001/20221012_030000.WAV,Telephone Field,recover-20221013,001,1795
1274.4175,1274.4249,27187,40866,Eptesicus serotinus,0.006,0.022,-1,Echolocation,/mnt/ubna_data_02_mir/recover-20221013/UBNA_001/20221012_030000.WAV,Telephone Field,recover-20221013,001,1795
1274.4175,1274.4575,68437,82330,Rhinolophus ferrumequinum,0.023,0.023,-1,Echolocation,/mnt/ubna_data_02_mir/recover-20221013/UBNA_001/20221012_030000.WAV,Telephone Field,recover-20221013,001,1795
1274.4395,1274.4751,68437,81345,Rhinolophus ferrumequinum,0.022,0.022,-1,Echolocation,/mnt/ubna_data_02_mir/recover-20221013/UBNA_001/20221012_030000.WAV,Telephone Field,recover-20221013,001,1795
1274.4465,1274.4582,15156,21759,Nyctalus noctula,0.013,0.022,-1,Echolocation,/mnt/ubna_data_02_mir/recover-20221013/UBNA_001/20221012_030000.WAV,Telephone Field,recover-20221013,001,1795
1274.4615,1274.5048,68437,82827,Rhinolophus ferrumequinum,0.033,0.033,-1,Echolocation,/mnt/ubna_data_02_mir/recover-20221013/UBNA_001/20221012_030000.WAV,Telephone Field,recover-20221013,001,1795
1274.4645,1274.472,23750,31891,Plecotus austriacus,0.01,0.022,-1,Echolocation,/mnt/ubna_data_02_mir/recover-20221013/UBNA_001/20221012_030000.WAV,Telephone Field,recover-20221013,001,1795
1274.4905,1274.4986,31484,41326,Myotis daubentonii,0.009,0.022,-1,Echolocation,/mnt/ubna_data_02_mir/recover-20221013/UBNA_001/20221012_030000.WAV,Telephone Field,recover-20221013,001,1795
1274.5555,1274.5626,24609,37813,Plecotus austriacus,0.008,0.029,-1,Echolocation,/mnt/ubna_data_02_mir/recover-20221013/UBNA_001/20221012_030000.WAV,Telephone Field,recover-20221013,001,1795
1274.5625,1274.5733,22890,28321,Nyctalus leisleri,0.012,0.028,-1,Echolocation,/mnt/ubna_data_02_mir/recover-20221013/UBNA_001/20221012_030000.WAV,Telephone Field,recover-20221013,001,1795
1274.5825,1274.6175,68437,81686,Rhinolophus ferrumequinum,0.022,0.022,-1,Echolocation,/mnt/ubna_data_02_mir/recover-20221013/UBNA_001/20221012_030000.WAV,Telephone Field,recover-20221013,001,1795
1274.6265,1274.6368,22890,28526,Nyctalus leisleri,0.009,0.023,-1,Echolocation,/mnt/ubna_data_02_mir/recover-20221013/UBNA_001/20221012_030000.WAV,Telephone Field,recover-20221013,001,1795
1274.6405,1274.6788,68437,82108,Rhinolophus ferrumequinum,0.023,0.023,-1,Echolocation,/mnt/ubna_data_02_mir/recover-20221013/UBNA_001/20221012_030000.WAV,Telephone Field,recover-20221013,001,1795
1274.6835,1274.6932,22890,29471,Nyctalus leisleri,0.007,0.023,-1,Echolocation,/mnt/ubna_data_02_mir/recover-20221013/UBNA_001/20221012_030000.WAV,Telephone Field,recover-20221013,001,1795
1274.6895,1274.7271,68437,82654,Rhinolophus ferrumequinum,0.022,0.022,-1,Echolocation,/mnt/ubna_data_02_mir/recover-20221013/UBNA_001/20221012_030000.WAV,Telephone Field,recover-20221013,001,1795
1274.7175,1274.7252,47812,51814,Pipistrellus pipistrellus,0.034,0.036,-1,Echolocation,/mnt/ubna_data_02_mir/recover-20221013/UBNA_001/20221012_030000.WAV,Telephone Field,recover-20221013,001,1795
1274.7315,1274.7764,68437,83771,Rhinolophus ferrumequinum,0.06,0.06,-1,Echolocation,/mnt/ubna_data_02_mir/recover-20221013/UBNA_001/20221012_030000.WAV,Telephone Field,recover-20221013,001,1795
1274.7385,1274.7446,29765,52304,Myotis daubentonii,0.01,0.022,-1,Echolocation,/mnt/ubna_data_02_mir/recover-20221013/UBNA_001/20221012_030000.WAV,Telephone Field,recover-20221013,001,1795
1274.7675,1274.8099,68437,82268,Rhinolophus ferrumequinum,0.021,0.021,-1,Echolocation,/mnt/ubna_data_02_mir/recover-20221013/UBNA_001/20221012_030000.WAV,Telephone Field,recover-20221013,001,1795
1274.7845,1274.792,37500,43520,Barbastellus barbastellus,0.011,0.024,-1,Echolocation,/mnt/ubna_data_02_mir/recover-20221013/UBNA_001/20221012_030000.WAV,Telephone Field,recover-20221013,001,1795
1274.8235,1274.8645,68437,82875,Rhinolophus ferrumequinum,0.024,0.024,-1,Echolocation,/mnt/ubna_data_02_mir/recover-20221013/UBNA_001/20221012_030000.WAV,Telephone Field,recover-20221013,001,1795
1274.8275,1274.8347,26328,38974,Eptesicus serotinus,0.006,0.022,-1,Echolocation,/mnt/ubna_data_02_mir/recover-20221013/UBNA_001/20221012_030000.WAV,Telephone Field,recover-20221013,001,1795
1274.8555,1274.8946,68437,82357,Rhinolophus ferrumequinum,0.025,0.026,-1,Echolocation,/mnt/ubna_data_02_mir/recover-20221013/UBNA_001/20221012_030000.WAV,Telephone Field,recover-20221013,001,1795
1274.9355,1274.9765,68437,82530,Rhinolophus ferrumequinum,0.026,0.026,-1,Echolocation,/mnt/ubna_data_02_mir/recover-20221013/UBNA_001/20221012_030000.WAV,Telephone Field,recover-20221013,001,1795
1274.9785,1274.9945,22890,26732,Nyctalus leisleri,0.021,0.034,-1,Echolocation,/mnt/ubna_data_02_mir/recover-20221013/UBNA_001/20221012_030000.WAV,Telephone Field,recover-20221013,001,1795
1274.9805,1275.0176,68437,82051,Rhinolophus ferrumequinum,0.023,0.023,-1,Echolocation,/mnt/ubna_data_02_mir/recover-20221013/UBNA_001/20221012_030000.WAV,Telephone Field,recover-20221013,001,1795
1275.0395,1275.0467,27187,37759,Eptesicus serotinus,0.006,0.022,-1,Echolocation,/mnt/ubna_data_02_mir/recover-20221013/UBNA_001/20221012_030000.WAV,Telephone Field,recover-20221013,001,1795
1275.0485,1275.0868,68437,82168,Rhinolophus ferrumequinum,0.022,0.022,-1,Echolocation,/mnt/ubna_data_02_mir/recover-20221013/UBNA_001/20221012_030000.WAV,Telephone Field,recover-20221013,001,1795
1275.0595,1275.0668,27187,38996,Eptesicus serotinus,0.006,0.021,-1,Echolocation,/mnt/ubna_data_02_mir/recover-20221013/UBNA_001/20221012_030000.WAV,Telephone Field,recover-20221013,001,1795
1275.0745,1275.1146,68437,82679,Rhinolophus ferrumequinum,0.024,0.024,-1,Echolocation,/mnt/ubna_data_02_mir/recover-20221013/UBNA_001/20221012_030000.WAV,Telephone Field,recover-20221013,001,1795
1275.0915,1275.1309,68437,82515,Rhinolophus ferrumequinum,0.025,0.025,-1,Echolocation,/mnt/ubna_data_02_mir/recover-20221013/UBNA_001/20221012_030000.WAV,Telephone Field,recover-20221013,001,1795
1275.0995,1275.1108,24609,31008,Eptesicus serotinus,0.014,0.037,-1,Echolocation,/mnt/ubna_data_02_mir/recover-20221013/UBNA_001/20221012_030000.WAV,Telephone Field,recover-20221013,001,1795
1275.1375,1275.176,68437,81467,Rhinolophus ferrumequinum,0.025,0.025,-1,Echolocation,/mnt/ubna_data_02_mir/recover-20221013/UBNA_001/20221012_030000.WAV,Telephone Field,recover-20221013,001,1795
1275.1445,1275.1859,68437,82776,Rhinolophus ferrumequinum,0.024,0.024,-1,Echolocation,/mnt/ubna_data_02_mir/recover-20221013/UBNA_001/20221012_030000.WAV,Telephone Field,recover-20221013,001,1795
1275.1515,1275.1593,26328,40874,Eptesicus serotinus,0.008,0.026,-1,Echolocation,/mnt/ubna_data_02_mir/recover-20221013/UBNA_001/20221012_030000.WAV,Telephone Field,recover-20221013,001,1795
1275.1635,1275.202,68437,82106,Rhinolophus ferrumequinum,0.028,0.028,-1,Echolocation,/mnt/ubna_data_02_mir/recover-20221013/UBNA_001/20221012_030000.WAV,Telephone Field,recover-20221013,001,1795
1275.1795,1275.1887,28046,36124,Eptesicus serotinus,0.008,0.022,-1,Echolocation,/mnt/ubna_data_02_mir/recover-20221013/UBNA_001/20221012_030000.WAV,Telephone Field,recover-20221013,001,1795
1275.1855,1275.2245,68437,82634,Rhinolophus ferrumequinum,0.024,0.024,-1,Echolocation,/mnt/ubna_data_02_mir/recover-20221013/UBNA_001/20221012_030000.WAV,Telephone Field,recover-20221013,001,1795
1275.1935,1275.2004,50390,58655,Pipistrellus pipistrellus,0.016,0.022,-1,Echolocation,/mnt/ubna_data_02_mir/recover-20221013/UBNA_001/20221012_030000.WAV,Telephone Field,recover-20221013,001,1795
1275.2035,1275.2422,68437,82641,Rhinolophus ferrumequinum,0.03,0.03,-1,Echolocation,/mnt/ubna_data_02_mir/recover-20221013/UBNA_001/20221012_030000.WAV,Telephone Field,recover-20221013,001,1795
1275.2395,1275.2492,22890,28302,Nyctalus leisleri,0.01,0.022,-1,Echolocation,/mnt/ubna_data_02_mir/recover-20221013/UBNA_001/20221012_030000.WAV,Telephone Field,recover-20221013,001,1795
1275.2485,1275.2888,68437,82633,Rhinolophus ferrumequinum,0.029,0.029,-1,Echolocation,/mnt/ubna_data_02_mir/recover-20221013/UBNA_001/20221012_030000.WAV,Telephone Field,recover-20221013,001,1795
1275.2745,1275.3092,68437,80796,Rhinolophus ferrumequinum,0.021,0.021,-1,Echolocation,/mnt/ubna_data_02_mir/recover-20221013/UBNA_001/20221012_030000.WAV,Telephone Field,recover-20221013,001,1795
1275.3275,1275.3694,68437,83050,Rhinolophus ferrumequinum,0.024,0.024,-1,Echolocation,/mnt/ubna_data_02_mir/recover-20221013/UBNA_001/20221012_030000.WAV,Telephone Field,recover-20221013,001,1795
1275.3565,1275.3952,68437,82708,Rhinolophus ferrumequinum,0.022,0.022,-1,Echolocation,/mnt/ubna_data_02_mir/recover-20221013/UBNA_001/20221012_030000.WAV,Telephone Field,recover-20221013,001,1795
1275.3685,1275.3747,28046,39170,Eptesicus serotinus,0.01,0.031,-1,Echolocation,/mnt/ubna_data_02_mir/recover-20221013/UBNA_001/20221012_030000.WAV,Telephone Field,recover-20221013,001,1795
1275.3835,1275.3904,27187,36889,Eptesicus serotinus,0.009,0.029,-1,Echolocation,/mnt/ubna_data_02_mir/recover-20221013/UBNA_001/20221012_030000.WAV,Telephone Field,recover-20221013,001,1795
1275.4115,1275.4179,32343,46328,Myotis daubentonii,0.018,0.036,-1,Echolocation,/mnt/ubna_data_02_mir/recover-20221013/UBNA_001/20221012_030000.WAV,Telephone Field,recover-20221013,001,1795
1275.4335,1275.4742,68437,82284,Rhinolophus ferrumequinum,0.03,0.03,-1,Echolocation,/mnt/ubna_data_02_mir/recover-20221013/UBNA_001/20221012_030000.WAV,Telephone Field,recover-20221013,001,1795
1275.4475,1275.4553,26328,39741,Eptesicus serotinus,0.007,0.022,-1,Echolocation,/mnt/ubna_data_02_mir/recover-20221013/UBNA_001/20221012_030000.WAV,Telephone Field,recover-20221013,001,1795
1275.4635,1275.4778,28046,33809,Eptesicus serotinus,0.013,0.023,-1,Echolocation,/mnt/ubna_data_02_mir/recover-20221013/UBNA_001/20221012_030000.WAV,Telephone Field,recover-20221013,001,1795
1275.4685,1275.5101,68437,83151,Rhinolophus ferrumequinum,0.025,0.025,-1,Echolocation,/mnt/ubna_data_02_mir/recover-20221013/UBNA_001/20221012_030000.WAV,Telephone Field,recover-20221013,001,1795
1275.4815,1275.4904,24609,32590,Nyctalus leisleri,0.008,0.027,-1,Echolocation,/mnt/ubna_data_02_mir/recover-20221013/UBNA_001/20221012_030000.WAV,Telephone Field,recover-20221013,001,1795
1275.4825,1275.525,68437,83431,Rhinolophus ferrumequinum,0.025,0.025,-1,Echolocation,/mnt/ubna_data_02_mir/recover-20221013/UBNA_001/20221012_030000.WAV,Telephone Field,recover-20221013,001,1795
1275.4965,1275.5392,68437,83359,Rhinolophus ferrumequinum,0.033,0.033,-1,Echolocation,/mnt/ubna_data_02_mir/recover-20221013/UBNA_001/20221012_030000.WAV,Telephone Field,recover-20221013,001,1795
1275.5145,1275.524,27187,35102,Eptesicus serotinus,0.006,0.022,-1,Echolocation,/mnt/ubna_data_02_mir/recover-20221013/UBNA_001/20221012_030000.WAV,Telephone Field,recover-20221013,001,1795
1275.5325,1275.5693,68437,81640,Rhinolophus ferrumequinum,0.023,0.023,-1,Echolocation,/mnt/ubna_data_02_mir/recover-20221013/UBNA_001/20221012_030000.WAV,Telephone Field,recover-20221013,001,1795
1275.5535,1275.5903,68437,81754,Rhinolophus ferrumequinum,0.032,0.032,-1,Echolocation,/mnt/ubna_data_02_mir/recover-20221013/UBNA_001/20221012_030000.WAV,Telephone Field,recover-20221013,001,1795
1275.5735,1275.585,23750,29462,Nyctalus leisleri,0.01,0.023,-1,Echolocation,/mnt/ubna_data_02_mir/recover-20221013/UBNA_001/20221012_030000.WAV,Telephone Field,recover-20221013,001,1795
1275.5865,1275.5944,23750,32058,Plecotus austriacus,0.011,0.026,-1,Echolocation,/mnt/ubna_data_02_mir/recover-20221013/UBNA_001/20221012_030000.WAV,Telephone Field,recover-20221013,001,1795
1275.6535,1275.6909,68437,81943,Rhinolophus ferrumequinum,0.022,0.022,-1,Echolocation,/mnt/ubna_data_02_mir/recover-20221013/UBNA_001/20221012_030000.WAV,Telephone Field,recover-20221013,001,1795
1275.6855,1275.7243,68437,82637,Rhinolophus ferrumequinum,0.023,0.023,-1,Echolocation,/mnt/ubna_data_02_mir/recover-20221013/UBNA_001/20221012_030000.WAV,Telephone Field,recover-20221013,001,1795
1275.7285,1275.7354,25468,35084,Plecotus austriacus,0.006,0.024,-1,Echolocation,/mnt/ubna_data_02_mir/recover-20221013/UBNA_001/20221012_030000.WAV,Telephone Field,recover-20221013,001,1795
1275.7465,1275.7536,28046,40686,Eptesicus serotinus,0.008,0.027,-1,Echolocation,/mnt/ubna_data_02_mir/recover-20221013/UBNA_001/20221012_030000.WAV,Telephone Field,recover-20221013,001,1795
1275.7505,1275.7879,68437,82786,Rhinolophus ferrumequinum,0.027,0.027,-1,Echolocation,/mnt/ubna_data_02_mir/recover-20221013/UBNA_001/20221012_030000.WAV,Telephone Field,recover-20221013,001,1795
1275.7615,1275.8004,68437,82144,Rhinolophus ferrumequinum,0.022,0.023,-1,Echolocation,/mnt/ubna_data_02_mir/recover-20221013/UBNA_001/20221012_030000.WAV,Telephone Field,recover-20221013,001,1795
1275.8065,1275.8439,68437,82035,Rhinolophus ferrumequinum,0.023,0.023,-1,Echolocation,/mnt/ubna_data_02_mir/recover-20221013/UBNA_001/20221012_030000.WAV,Telephone Field,recover-20221013,001,1795
1275.8235,1275.8309,27187,36379,Eptesicus serotinus,0.008,0.021,-1,Echolocation,/mnt/ubna_data_02_mir/recover-20221013/UBNA_001/20221012_030000.WAV,Telephone Field,recover-20221013,001,1795
1275.8275,1275.8387,41796,45446,Pipistrellus nathusii,0.03,0.059,-1,Echolocation,/mnt/ubna_data_02_mir/recover-20221013/UBNA_001/20221012_030000.WAV,Telephone Field,recover-20221013,001,1795
1275.8315,1275.8459,16015,21785,Nyctalus noctula,0.015,0.023,-1,Echolocation,/mnt/ubna_data_02_mir/recover-20221013/UBNA_001/20221012_030000.WAV,Telephone Field,recover-20221013,001,1795
1275.8665,1275.9047,68437,81950,Rhinolophus ferrumequinum,0.023,0.023,-1,Echolocation,/mnt/ubna_data_02_mir/recover-20221013/UBNA_001/20221012_030000.WAV,Telephone Field,recover-20221013,001,1795
1275.8795,1275.8875,26328,35845,Eptesicus serotinus,0.011,0.034,-1,Echolocation,/mnt/ubna_data_02_mir/recover-20221013/UBNA_001/20221012_030000.WAV,Telephone Field,recover-20221013,001,1795
1275.9275,1275.961,68437,80423,Rhinolophus ferrumequinum,0.025,0.025,-1,Echolocation,/mnt/ubna_data_02_mir/recover-20221013/UBNA_001/20221012_030000.WAV,Telephone Field,recover-20221013,001,1795
1275.9275,1275.9351,28046,43035,Eptesicus serotinus,0.007,0.024,-1,Echolocation,/mnt/ubna_data_02_mir/recover-20221013/UBNA_001/20221012_030000.WAV,Telephone Field,recover-20221013,001,1795
1275.9535,1275.9654,50390,56229,Pipistrellus pipistrellus,0.034,0.041,-1,Echolocation,/mnt/ubna_data_02_mir/recover-20221013/UBNA_001/20221012_030000.WAV,Telephone Field,recover-20221013,001,1795
1275.9795,1275.9894,23750,30518,Nyctalus leisleri,0.01,0.028,-1,Echolocation,/mnt/ubna_data_02_mir/recover-20221013/UBNA_001/20221012_030000.WAV,Telephone Field,recover-20221013,001,1795
1276.0015,1276.011,25468,34326,Nyctalus leisleri,0.01,0.031,-1,Echolocation,/mnt/ubna_data_02_mir/recover-20221013/UBNA_001/20221012_030000.WAV,Telephone Field,recover-20221013,001,1795
1276.0015,1276.0344,68437,80053,Rhinolophus ferrumequinum,0.027,0.027,-1,Echolocation,/mnt/ubna_data_02_mir/recover-20221013/UBNA_001/20221012_030000.WAV,Telephone Field,recover-20221013,001,1795
1276.0025,1276.0133,39218,44381,Pipistrellus nathusii,0.009,0.021,-1,Echolocation,/mnt/ubna_data_02_mir/recover-20221013/UBNA_001/20221012_030000.WAV,Telephone Field,recover-20221013,001,1795
1276.0295,1276.038,28046,41447,Eptesicus serotinus,0.008,0.021,-1,Echolocation,/mnt/ubna_data_02_mir/recover-20221013/UBNA_001/20221012_030000.WAV,Telephone Field,recover-20221013,001,1795
1276.0405,1276.0489,22890,30332,Plecotus austriacus,0.01,0.024,-1,Echolocation,/mnt/ubna_data_02_mir/recover-20221013/UBNA_001/20221012_030000.WAV,Telephone Field,recover-20221013,001,1795
1276.0785,1276.1173,68437,81518,Rhinolophus ferrumequinum,0.026,0.027,-1,Echolocation,/mnt/ubna_data_02_mir/recover-20221013/UBNA_001/20221012_030000.WAV,Telephone Field,recover-20221013,001,1795
1276.1175,1276.1549,68437,82495,Rhinolophus ferrumequinum,0.026,0.026,-1,Echolocation,/mnt/ubna_data_02_mir/recover-20221013/UBNA_001/20221012_030000.WAV,Telephone Field,recover-20221013,001,1795
1276.1245,1276.135,37500,41619,Pipistrellus nathusii,0.02,0.029,-1,Echolocation,/mnt/ubna_data_02_mir/recover-20221013/UBNA_001/20221012_030000.WAV,Telephone Field,recover-20221013,001,1795
1276.1725,1276.2099,68437,81805,Rhinolophus ferrumequinum,0.021,0.021,-1,Echolocation,/mnt/ubna_data_02_mir/recover-20221013/UBNA_001/20221012_030000.WAV,Telephone Field,recover-20221013,001,1795
1276.1785,1276.214,68437,81296,Rhinolophus ferrumequinum,0.021,0.021,-1,Echolocation,/mnt/ubna_data_02_mir/recover-20221013/UBNA_001/20221012_030000.WAV,Telephone Field,recover-20221013,001,1795
1276.1955,1276.2361,68437,82824,Rhinolophus ferrumequinum,0.022,0.022,-1,Echolocation,/mnt/ubna_data_02_mir/recover-20221013/UBNA_001/20221012_030000.WAV,Telephone Field,recover-20221013,001,1795
1276.1975,1276.2061,28906,37695,Eptesicus serotinus,0.012,0.028,-1,Echolocation,/mnt/ubna_data_02_mir/recover-20221013/UBNA_001/20221012_030000.WAV,Telephone Field,recover-20221013,001,1795
1276.2265,1276.237,23750,30125,Nyctalus leisleri,0.013,0.04,-1,Echolocation,/mnt/ubna_data_02_mir/recover-20221013/UBNA_001/20221012_030000.WAV,Telephone Field,recover-20221013,001,1795
1276.2545,1276.2635,58125,63379,Pipistrellus pygmaeus,0.023,0.023,-1,Echolocation,/mnt/ubna_data_02_mir/recover-20221013/UBNA_001/20221012_030000.WAV,Telephone Field,recover-20221013,001,1795
1276.2605,1276.2996,68437,81987,Rhinolophus ferrumequinum,0.021,0.021,-1,Echolocation,/mnt/ubna_data_02_mir/recover-20221013/UBNA_001/20221012_030000.WAV,Telephone Field,recover-20221013,001,1795
1276.2915,1276.3003,28046,37735,Eptesicus serotinus,0.008,0.022,-1,Echolocation,/mnt/ubna_data_02_mir/recover-20221013/UBNA_001/20221012_030000.WAV,Telephone Field,recover-20221013,001,1795
1276.3305,1276.3403,28906,36534,Eptesicus serotinus,0.01,0.024,-1,Echolocation,/mnt/ubna_data_02_mir/recover-20221013/UBNA_001/20221012_030000.WAV,Telephone Field,recover-20221013,001,1795
1276.3315,1276.3427,22031,26455,Nyctalus leisleri,0.013,0.025,-1,Echolocation,/mnt/ubna_data_02_mir/recover-20221013/UBNA_001/20221012_030000.WAV,Telephone Field,recover-20221013,001,1795
1276.3315,1276.3661,68437,80838,Rhinolophus ferrumequinum,0.022,0.022,-1,Echolocation,/mnt/ubna_data_02_mir/recover-20221013/UBNA_001/20221012_030000.WAV,Telephone Field,recover-20221013,001,1795
1276.3485,1276.3858,68437,81801,Rhinolophus ferrumequinum,0.021,0.021,-1,Echolocation,/mnt/ubna_data_02_mir/recover-20221013/UBNA_001/20221012_030000.WAV,Telephone Field,recover-20221013,001,1795
1276.3595,1276.3688,25468,32821,Eptesicus serotinus,0.01,0.026,-1,Echolocation,/mnt/ubna_data_02_mir/recover-20221013/UBNA_001/20221012_030000.WAV,Telephone Field,recover-20221013,001,1795
1276.3785,1276.4161,68437,82378,Rhinolophus ferrumequinum,0.023,0.023,-1,Echolocation,/mnt/ubna_data_02_mir/recover-20221013/UBNA_001/20221012_030000.WAV,Telephone Field,recover-20221013,001,1795
1276.4025,1276.4133,22890,28635,Nyctalus leisleri,0.012,0.029,-1,Echolocation,/mnt/ubna_data_02_mir/recover-20221013/UBNA_001/20221012_030000.WAV,Telephone Field,recover-20221013,001,1795
1276.4225,1276.4306,28046,39465,Eptesicus serotinus,0.007,0.023,-1,Echolocation,/mnt/ubna_data_02_mir/recover-20221013/UBNA_001/20221012_030000.WAV,Telephone Field,recover-20221013,001,1795
1276.4285,1276.4389,28906,37965,Eptesicus serotinus,0.009,0.022,-1,Echolocation,/mnt/ubna_data_02_mir/recover-20221013/UBNA_001/20221012_030000.WAV,Telephone Field,recover-20221013,001,1795
1276.4615,1276.469,27187,35870,Eptesicus serotinus,0.009,0.023,-1,Echolocation,/mnt/ubna_data_02_mir/recover-20221013/UBNA_001/20221012_030000.WAV,Telephone Field,recover-20221013,001,1795
1276.5335,1276.545,24609,30230,Nyctalus leisleri,0.014,0.032,-1,Echolocation,/mnt/ubna_data_02_mir/recover-20221013/UBNA_001/20221012_030000.WAV,Telephone Field,recover-20221013,001,1795
1276.5815,1276.595,22031,27369,Nyctalus leisleri,0.015,0.037,-1,Echolocation,/mnt/ubna_data_02_mir/recover-20221013/UBNA_001/20221012_030000.WAV,Telephone Field,recover-20221013,001,1795
1276.6105,1276.6228,22890,27374,Nyctalus leisleri,0.012,0.022,-1,Echolocation,/mnt/ubna_data_02_mir/recover-20221013/UBNA_001/20221012_030000.WAV,Telephone Field,recover-20221013,001,1795
1276.6355,1276.6437,35781,45195,Myotis daubentonii,0.006,0.021,-1,Echolocation,/mnt/ubna_data_02_mir/recover-20221013/UBNA_001/20221012_030000.WAV,Telephone Field,recover-20221013,001,1795
1276.6385,1276.6471,28046,39136,Eptesicus serotinus,0.009,0.021,-1,Echolocation,/mnt/ubna_data_02_mir/recover-20221013/UBNA_001/20221012_030000.WAV,Telephone Field,recover-20221013,001,1795
1276.6615,1276.6992,68437,81848,Rhinolophus ferrumequinum,0.021,0.021,-1,Echolocation,/mnt/ubna_data_02_mir/recover-20221013/UBNA_001/20221012_030000.WAV,Telephone Field,recover-20221013,001,1795
1276.6675,1276.6886,17734,21146,Nyctalus noctula,0.012,0.022,-1,Echolocation,/mnt/ubna_data_02_mir/recover-20221013/UBNA_001/20221012_030000.WAV,Telephone Field,recover-20221013,001,1795
1276.6905,1276.7311,68437,82386,Rhinolophus ferrumequinum,0.021,0.021,-1,Echolocation,/mnt/ubna_data_02_mir/recover-20221013/UBNA_001/20221012_030000.WAV,Telephone Field,recover-20221013,001,1795
1276.6975,1276.7402,68437,82783,Rhinolophus ferrumequinum,0.022,0.022,-1,Echolocation,/mnt/ubna_data_02_mir/recover-20221013/UBNA_001/20221012_030000.WAV,Telephone Field,recover-20221013,001,1795
1276.7005,1276.7121,22890,27364,Nyctalus leisleri,0.014,0.025,-1,Echolocation,/mnt/ubna_data_02_mir/recover-20221013/UBNA_001/20221012_030000.WAV,Telephone Field,recover-20221013,001,1795
1276.7245,1276.7313,28906,39641,Eptesicus serotinus,0.008,0.023,-1,Echolocation,/mnt/ubna_data_02_mir/recover-20221013/UBNA_001/20221012_030000.WAV,Telephone Field,recover-20221013,001,1795
1276.7785,1276.7856,25468,34276,Eptesicus serotinus,0.006,0.021,-1,Echolocation,/mnt/ubna_data_02_mir/recover-20221013/UBNA_001/20221012_030000.WAV,Telephone Field,recover-20221013,001,1795
1276.8135,1276.8526,68437,82395,Rhinolophus ferrumequinum,0.022,0.022,-1,Echolocation,/mnt/ubna_data_02_mir/recover-20221013/UBNA_001/20221012_030000.WAV,Telephone Field,recover-20221013,001,1795
1276.8225,1276.8324,28046,36305,Eptesicus serotinus,0.009,0.021,-1,Echolocation,/mnt/ubna_data_02_mir/recover-20221013/UBNA_001/20221012_030000.WAV,Telephone Field,recover-20221013,001,1795
1276.8305,1276.8404,22890,28688,Nyctalus leisleri,0.008,0.022,-1,Echolocation,/mnt/ubna_data_02_mir/recover-20221013/UBNA_001/20221012_030000.WAV,Telephone Field,recover-20221013,001,1795
1276.8465,1276.8825,68437,81508,Rhinolophus ferrumequinum,0.022,0.022,-1,Echolocation,/mnt/ubna_data_02_mir/recover-20221013/UBNA_001/20221012_030000.WAV,Telephone Field,recover-20221013,001,1795
1276.8615,1276.899,68437,82633,Rhinolophus ferrumequinum,0.021,0.021,-1,Echolocation,/mnt/ubna_data_02_mir/recover-20221013/UBNA_001/20221012_030000.WAV,Telephone Field,recover-20221013,001,1795
1276.8625,1276.8711,23750,31007,Plecotus austriacus,0.009,0.023,-1,Echolocation,/mnt/ubna_data_02_mir/recover-20221013/UBNA_001/20221012_030000.WAV,Telephone Field,recover-20221013,001,1795
1276.8695,1276.908,68437,82698,Rhinolophus ferrumequinum,0.021,0.021,-1,Echolocation,/mnt/ubna_data_02_mir/recover-20221013/UBNA_001/20221012_030000.WAV,Telephone Field,recover-20221013,001,1795
1276.9125,1276.9532,68437,82935,Rhinolophus ferrumequinum,0.025,0.025,-1,Echolocation,/mnt/ubna_data_02_mir/recover-20221013/UBNA_001/20221012_030000.WAV,Telephone Field,recover-20221013,001,1795
1276.9555,1276.994,68437,81896,Rhinolophus ferrumequinum,0.022,0.022,-1,Echolocation,/mnt/ubna_data_02_mir/recover-20221013/UBNA_001/20221012_030000.WAV,Telephone Field,recover-20221013,001,1795
1276.9945,1277.0024,28046,40761,Eptesicus serotinus,0.007,0.022,-1,Echolocation,/mnt/ubna_data_02_mir/recover-20221013/UBNA_001/20221012_030000.WAV,Telephone Field,recover-20221013,001,1795
1277.0185,1277.055,68437,81443,Rhinolophus ferrumequinum,0.021,0.021,-1,Echolocation,/mnt/ubna_data_02_mir/recover-20221013/UBNA_001/20221012_030000.WAV,Telephone Field,recover-20221013,001,1795
1277.0235,1277.0611,68437,82092,Rhinolophus ferrumequinum,0.021,0.021,-1,Echolocation,/mnt/ubna_data_02_mir/recover-20221013/UBNA_001/20221012_030000.WAV,Telephone Field,recover-20221013,001,1795
1277.0505,1277.0899,68437,81841,Rhinolophus ferrumequinum,0.021,0.021,-1,Echolocation,/mnt/ubna_data_02_mir/recover-20221013/UBNA_001/20221012_030000.WAV,Telephone Field,recover-20221013,001,1795
1277.0525,1277.0624,28046,35471,Eptesicus serotinus,0.011,0.024,-1,Echolocation,/mnt/ubna_data_02_mir/recover-20221013/UBNA_001/20221012_030000.WAV,Telephone Field,recover-20221013,001,1795
1277.0775,1277.0874,22890,28600,Nyctalus leisleri,0.01,0.024,-1,Echolocation,/mnt/ubna_data_02_mir/recover-20221013/UBNA_001/20221012_030000.WAV,Telephone Field,recover-20221013,001,1795
1277.1225,1277.1325,28046,35294,Eptesicus serotinus,0.011,0.023,-1,Echolocation,/mnt/ubna_data_02_mir/recover-20221013/UBNA_001/20221012_030000.WAV,Telephone Field,recover-20221013,001,1795
1277.1705,1277.2092,68437,82878,Rhinolophus ferrumequinum,0.021,0.021,-1,Echolocation,/mnt/ubna_data_02_mir/recover-20221013/UBNA_001/20221012_030000.WAV,Telephone Field,recover-20221013,001,1795
1277.1915,1277.1985,28046,39389,Eptesicus serotinus,0.01,0.029,-1,Echolocation,/mnt/ubna_data_02_mir/recover-20221013/UBNA_001/20221012_030000.WAV,Telephone Field,recover-20221013,001,1795
1277.2075,1277.2509,68437,83245,Rhinolophus ferrumequinum,0.031,0.031,-1,Echolocation,/mnt/ubna_data_02_mir/recover-20221013/UBNA_001/20221012_030000.WAV,Telephone Field,recover-20221013,001,1795
1277.2215,1277.2284,27187,36288,Eptesicus serotinus,0.008,0.023,-1,Echolocation,/mnt/ubna_data_02_mir/recover-20221013/UBNA_001/20221012_030000.WAV,Telephone Field,recover-20221013,001,1795
1277.2515,1277.2604,22890,29804,Plecotus austriacus,0.007,0.021,-1,Echolocation,/mnt/ubna_data_02_mir/recover-20221013/UBNA_001/20221012_030000.WAV,Telephone Field,recover-20221013,001,1795
1277.2575,1277.2968,68437,82225,Rhinolophus ferrumequinum,0.023,0.023,-1,Echolocation,/mnt/ubna_data_02_mir/recover-20221013/UBNA_001/20221012_030000.WAV,Telephone Field,recover-20221013,001,1795
1277.2705,1277.3088,68437,82367,Rhinolophus ferrumequinum,0.026,0.026,-1,Echolocation,/mnt/ubna_data_02_mir/recover-20221013/UBNA_001/20221012_030000.WAV,Telephone Field,recover-20221013,001,1795
1277.3545,1277.3629,26328,37325,Eptesicus serotinus,0.007,0.021,-1,Echolocation,/mnt/ubna_data_02_mir/recover-20221013/UBNA_001/20221012_030000.WAV,Telephone Field,recover-20221013,001,1795
1277.3915,1277.4331,68437,82562,Rhinolophus ferrumequinum,0.026,0.026,-1,Echolocation,/mnt/ubna_data_02_mir/recover-20221013/UBNA_001/20221012_030000.WAV,Telephone Field,recover-20221013,001,1795
1277.4625,1277.4998,68437,82207,Rhinolophus ferrumequinum,0.023,0.023,-1,Echolocation,/mnt/ubna_data_02_mir/recover-20221013/UBNA_001/20221012_030000.WAV,Telephone Field,recover-20221013,001,1795
1277.4845,1277.5238,68437,82256,Rhinolophus ferrumequinum,0.021,0.021,-1,Echolocation,/mnt/ubna_data_02_mir/recover-20221013/UBNA_001/20221012_030000.WAV,Telephone Field,recover-20221013,001,1795
1277.4865,1277.4939,23750,32139,Plecotus austriacus,0.009,0.023,-1,Echolocation,/mnt/ubna_data_02_mir/recover-20221013/UBNA_001/20221012_030000.WAV,Telephone Field,recover-20221013,001,1795
1277.5215,1277.531,28046,37736,Eptesicus serotinus,0.008,0.021,-1,Echolocation,/mnt/ubna_data_02_mir/recover-20221013/UBNA_001/20221012_030000.WAV,Telephone Field,recover-20221013,001,1795
1277.5325,1277.5689,68437,82195,Rhinolophus ferrumequinum,0.021,0.021,-1,Echolocation,/mnt/ubna_data_02_mir/recover-20221013/UBNA_001/20221012_030000.WAV,Telephone Field,recover-20221013,001,1795
1277.5445,1277.5834,68437,81500,Rhinolophus ferrumequinum,0.022,0.022,-1,Echolocation,/mnt/ubna_data_02_mir/recover-20221013/UBNA_001/20221012_030000.WAV,Telephone Field,recover-20221013,001,1795
1277.6345,1277.6698,68437,81395,Rhinolophus ferrumequinum,0.021,0.021,-1,Echolocation,/mnt/ubna_data_02_mir/recover-20221013/UBNA_001/20221012_030000.WAV,Telephone Field,recover-20221013,001,1795
1277.6365,1277.6445,36640,44917,Myotis daubentonii,0.007,0.022,-1,Echolocation,/mnt/ubna_data_02_mir/recover-20221013/UBNA_001/20221012_030000.WAV,Telephone Field,recover-20221013,001,1795
1277.6625,1277.7008,68437,82147,Rhinolophus ferrumequinum,0.025,0.025,-1,Echolocation,/mnt/ubna_data_02_mir/recover-20221013/UBNA_001/20221012_030000.WAV,Telephone Field,recover-20221013,001,1795
1277.6755,1277.6842,23750,30708,Nyctalus leisleri,0.006,0.021,-1,Echolocation,/mnt/ubna_data_02_mir/recover-20221013/UBNA_001/20221012_030000.WAV,Telephone Field,recover-20221013,001,1795
1277.6885,1277.7253,68437,81817,Rhinolophus ferrumequinum,0.023,0.023,-1,Echolocation,/mnt/ubna_data_02_mir/recover-20221013/UBNA_001/20221012_030000.WAV,Telephone Field,recover-20221013,001,1795
1277.7605,1277.7965,68437,81038,Rhinolophus ferrumequinum,0.022,0.022,-1,Echolocation,/mnt/ubna_data_02_mir/recover-20221013/UBNA_001/20221012_030000.WAV,Telephone Field,recover-20221013,001,1795
1277.7665,1277.8044,68437,81619,Rhinolophus ferrumequinum,0.024,0.024,-1,Echolocation,/mnt/ubna_data_02_mir/recover-20221013/UBNA_001/20221012_030000.WAV,Telephone Field,recover-20221013,001,1795
1277.7775,1277.8161,68437,82357,Rhinolophus ferrumequinum,0.022,0.022,-1,Echolocation,/mnt/ubna_data_02_mir/recover-20221013/UBNA_001/20221012_030000.WAV,Telephone Field,recover-20221013,001,1795
1277.8075,1277.8174,37500,43490,Pipistrellus nathusii,0.016,0.06,-1,Echolocation,/mnt/ubna_data_02_mir/recover-20221013/UBNA_001/20221012_030000.WAV,Telephone Field,recover-20221013,001,1795
1277.8235,1277.8632,68437,82301,Rhinolophus ferrumequinum,0.026,0.026,-1,Echolocation,/mnt/ubna_data_02_mir/recover-20221013/UBNA_001/20221012_030000.WAV,Telephone Field,recover-20221013,001,1795
1277.8485,1277.8546,31484,44877,Myotis daubentonii,0.015,0.038,-1,Echolocation,/mnt/ubna_data_02_mir/recover-20221013/UBNA_001/20221012_030000.WAV,Telephone Field,recover-20221013,001,1795
1277.8975,1277.9074,22890,29228,Nyctalus leisleri,0.012,0.032,-1,Echolocation,/mnt/ubna_data_02_mir/recover-20221013/UBNA_001/20221012_030000.WAV,Telephone Field,recover-20221013,001,1795
1277.9015,1277.9135,35781,40561,Pipistrellus nathusii,0.01,0.023,-1,Echolocation,/mnt/ubna_data_02_mir/recover-20221013/UBNA_001/20221012_030000.WAV,Telephone Field,recover-20221013,001,1795
1277.9385,1277.9737,68437,80672,Rhinolophus ferrumequinum,0.021,0.021,-1,Echolocation,/mnt/ubna_data_02_mir/recover-20221013/UBNA_001/20221012_030000.WAV,Telephone Field,recover-20221013,001,1795
1278.0015,1278.0097,47812,55020,Pipistrellus pipistrellus,0.013,0.022,-1,Echolocation,/mnt/ubna_data_02_mir/recover-20221013/UBNA_001/20221012_030000.WAV,Telephone Field,recover-20221013,001,1795
1278.0015,1278.0096,23750,30199,Nyctalus leisleri,0.01,0.027,-1,Echolocation,/mnt/ubna_data_02_mir/recover-20221013/UBNA_001/20221012_030000.WAV,Telephone Field,recover-20221013,001,1795
1278.0015,1278.0335,68437,80522,Rhinolophus ferrumequinum,0.037,0.037,-1,Echolocation,/mnt/ubna_data_02_mir/recover-20221013/UBNA_001/20221012_030000.WAV,Telephone Field,recover-20221013,001,1795
1278.0185,1278.0619,68437,83591,Rhinolophus ferrumequinum,0.029,0.029,-1,Echolocation,/mnt/ubna_data_02_mir/recover-20221013/UBNA_001/20221012_030000.WAV,Telephone Field,recover-20221013,001,1795
1278.0515,1278.0938,68437,83065,Rhinolophus ferrumequinum,0.03,0.03,-1,Echolocation,/mnt/ubna_data_02_mir/recover-20221013/UBNA_001/20221012_030000.WAV,Telephone Field,recover-20221013,001,1795
1278.0795,1278.091,24609,31650,Nyctalus leisleri,0.011,0.029,-1,Echolocation,/mnt/ubna_data_02_mir/recover-20221013/UBNA_001/20221012_030000.WAV,Telephone Field,recover-20221013,001,1795
1278.1205,1278.158,68437,81823,Rhinolophus ferrumequinum,0.023,0.023,-1,Echolocation,/mnt/ubna_data_02_mir/recover-20221013/UBNA_001/20221012_030000.WAV,Telephone Field,recover-20221013,001,1795
1278.1265,1278.1355,28046,37819,Eptesicus serotinus,0.009,0.023,-1,Echolocation,/mnt/ubna_data_02_mir/recover-20221013/UBNA_001/20221012_030000.WAV,Telephone Field,recover-20221013,001,1795
1278.1785,1278.2183,68437,82007,Rhinolophus ferrumequinum,0.022,0.022,-1,Echolocation,/mnt/ubna_data_02_mir/recover-20221013/UBNA_001/20221012_030000.WAV,Telephone Field,recover-20221013,001,1795
1278.1995,1278.2089,27187,36922,Eptesicus serotinus,0.009,0.022,-1,Echolocation,/mnt/ubna_data_02_mir/recover-20221013/UBNA_001/20221012_030000.WAV,Telephone Field,recover-20221013,001,1795
1278.2385,1278.2796,68437,82698,Rhinolophus ferrumequinum,0.024,0.024,-1,Echolocation,/mnt/ubna_data_02_mir/recover-20221013/UBNA_001/20221012_030000.WAV,Telephone Field,recover-20221013,001,1795
1278.2675,1278.3064,68437,81941,Rhinolophus ferrumequinum,0.023,0.024,-1,Echolocation,/mnt/ubna_data_02_mir/recover-20221013/UBNA_001/20221012_030000.WAV,Telephone Field,recover-20221013,001,1795
1278.2695,1278.2789,27187,38336,Eptesicus serotinus,0.009,0.024,-1,Echolocation,/mnt/ubna_data_02_mir/recover-20221013/UBNA_001/20221012_030000.WAV,Telephone Field,recover-20221013,001,1795
1278.3035,1278.3438,68437,82677,Rhinolophus ferrumequinum,0.021,0.021,-1,Echolocation,/mnt/ubna_data_02_mir/recover-20221013/UBNA_001/20221012_030000.WAV,Telephone Field,recover-20221013,001,1795
1278.3185,1278.3277,27187,39864,Eptesicus serotinus,0.011,0.026,-1,Echolocation,/mnt/ubna_data_02_mir/recover-20221013/UBNA_001/20221012_030000.WAV,Telephone Field,recover-20221013,001,1795
1278.3315,1278.3434,25468,31531,Eptesicus serotinus,0.013,0.028,-1,Echolocation,/mnt/ubna_data_02_mir/recover-20221013/UBNA_001/20221012_030000.WAV,Telephone Field,recover-20221013,001,1795
1278.3955,1278.436,68437,82981,Rhinolophus ferrumequinum,0.022,0.022,-1,Echolocation,/mnt/ubna_data_02_mir/recover-20221013/UBNA_001/20221012_030000.WAV,Telephone Field,recover-20221013,001,1795
1278.3975,1278.4044,28046,40567,Eptesicus serotinus,0.007,0.023,-1,Echolocation,/mnt/ubna_data_02_mir/recover-20221013/UBNA_001/20221012_030000.WAV,Telephone Field,recover-20221013,001,1795
1278.4105,1278.4477,68437,81195,Rhinolophus ferrumequinum,0.021,0.021,-1,Echolocation,/mnt/ubna_data_02_mir/recover-20221013/UBNA_001/20221012_030000.WAV,Telephone Field,recover-20221013,001,1795
1278.4705,1278.4783,27187,38255,Eptesicus serotinus,0.006,0.021,-1,Echolocation,/mnt/ubna_data_02_mir/recover-20221013/UBNA_001/20221012_030000.WAV,Telephone Field,recover-20221013,001,1795
1278.4795,1278.519,68437,83019,Rhinolophus ferrumequinum,0.024,0.024,-1,Echolocation,/mnt/ubna_data_02_mir/recover-20221013/UBNA_001/20221012_030000.WAV,Telephone Field,recover-20221013,001,1795
1278.4985,1278.5397,68437,83284,Rhinolophus ferrumequinum,0.031,0.031,-1,Echolocation,/mnt/ubna_data_02_mir/recover-20221013/UBNA_001/20221012_030000.WAV,Telephone Field,recover-20221013,001,1795
1278.5105,1278.5514,68437,81869,Rhinolophus ferrumequinum,0.024,0.024,-1,Echolocation,/mnt/ubna_data_02_mir/recover-20221013/UBNA_001/20221012_030000.WAV,Telephone Field,recover-20221013,001,1795
1278.5205,1278.5595,68437,82591,Rhinolophus ferrumequinum,0.022,0.022,-1,Echolocation,/mnt/ubna_data_02_mir/recover-20221013/UBNA_001/20221012_030000.WAV,Telephone Field,recover-20221013,001,1795
1278.5275,1278.5657,68437,82423,Rhinolophus ferrumequinum,0.022,0.022,-1,Echolocation,/mnt/ubna_data_02_mir/recover-20221013/UBNA_001/20221012_030000.WAV,Telephone Field,recover-20221013,001,1795
1278.5575,1278.5947,68437,81737,Rhinolophus ferrumequinum,0.021,0.021,-1,Echolocation,/mnt/ubna_data_02_mir/recover-20221013/UBNA_001/20221012_030000.WAV,Telephone Field,recover-20221013,001,1795
1278.5665,1278.5758,27187,36767,Eptesicus serotinus,0.008,0.021,-1,Echolocation,/mnt/ubna_data_02_mir/recover-20221013/UBNA_001/20221012_030000.WAV,Telephone Field,recover-20221013,001,1795
1278.5785,1278.5875,27187,35211,Eptesicus serotinus,0.008,0.021,-1,Echolocation,/mnt/ubna_data_02_mir/recover-20221013/UBNA_001/20221012_030000.WAV,Telephone Field,recover-20221013,001,1795
1278.6285,1278.639,22890,28053,Nyctalus leisleri,0.011,0.022,-1,Echolocation,/mnt/ubna_data_02_mir/recover-20221013/UBNA_001/20221012_030000.WAV,Telephone Field,recover-20221013,001,1795
1278.6395,1278.6798,68437,82567,Rhinolophus ferrumequinum,0.022,0.022,-1,Echolocation,/mnt/ubna_data_02_mir/recover-20221013/UBNA_001/20221012_030000.WAV,Telephone Field,recover-20221013,001,1795
1278.6475,1278.6585,28046,36195,Eptesicus serotinus,0.011,0.025,-1,Echolocation,/mnt/ubna_data_02_mir/recover-20221013/UBNA_001/20221012_030000.WAV,Telephone Field,recover-20221013,001,1795
1278.6725,1278.6808,28046,40210,Eptesicus serotinus,0.007,0.02,-1,Echolocation,/mnt/ubna_data_02_mir/recover-20221013/UBNA_001/20221012_030000.WAV,Telephone Field,recover-20221013,001,1795
1278.6895,1278.727,68437,81700,Rhinolophus ferrumequinum,0.024,0.024,-1,Echolocation,/mnt/ubna_data_02_mir/recover-20221013/UBNA_001/20221012_030000.WAV,Telephone Field,recover-20221013,001,1795
1278.7195,1278.7259,28046,41940,Eptesicus serotinus,0.009,0.034,-1,Echolocation,/mnt/ubna_data_02_mir/recover-20221013/UBNA_001/20221012_030000.WAV,Telephone Field,recover-20221013,001,1795
1278.7475,1278.7841,68437,81910,Rhinolophus ferrumequinum,0.02,0.02,-1,Echolocation,/mnt/ubna_data_02_mir/recover-20221013/UBNA_001/20221012_030000.WAV,Telephone Field,recover-20221013,001,1795
1278.7545,1278.7628,28046,39131,Eptesicus serotinus,0.008,0.021,-1,Echolocation,/mnt/ubna_data_02_mir/recover-20221013/UBNA_001/20221012_030000.WAV,Telephone Field,recover-20221013,001,1795
1278.7765,1278.7861,43515,48218,Pipistrellus pipistrellus,0.018,0.022,-1,Echolocation,/mnt/ubna_data_02_mir/recover-20221013/UBNA_001/20221012_030000.WAV,Telephone Field,recover-20221013,001,1795
1278.7795,1278.8198,68437,82431,Rhinolophus ferrumequinum,0.021,0.021,-1,Echolocation,/mnt/ubna_data_02_mir/recover-20221013/UBNA_001/20221012_030000.WAV,Telephone Field,recover-20221013,001,1795
1278.7995,1278.839,68437,82118,Rhinolophus ferrumequinum,0.023,0.023,-1,Echolocation,/mnt/ubna_data_02_mir/recover-20221013/UBNA_001/20221012_030000.WAV,Telephone Field,recover-20221013,001,1795
1278.8065,1278.8195,22031,26681,Nyctalus leisleri,0.02,0.038,-1,Echolocation,/mnt/ubna_data_02_mir/recover-20221013/UBNA_001/20221012_030000.WAV,Telephone Field,recover-20221013,001,1795
1278.8325,1278.8428,28906,37916,Eptesicus serotinus,0.01,0.023,-1,Echolocation,/mnt/ubna_data_02_mir/recover-20221013/UBNA_001/20221012_030000.WAV,Telephone Field,recover-20221013,001,1795
1278.8865,1278.9261,68437,82352,Rhinolophus ferrumequinum,0.021,0.021,-1,Echolocation,/mnt/ubna_data_02_mir/recover-20221013/UBNA_001/20221012_030000.WAV,Telephone Field,recover-20221013,001,1795
1278.9085,1278.917,28046,39076,Eptesicus serotinus,0.007,0.021,-1,Echolocation,/mnt/ubna_data_02_mir/recover-20221013/UBNA_001/20221012_030000.WAV,Telephone Field,recover-20221013,001,1795
1278.9385,1278.9773,68437,82296,Rhinolophus ferrumequinum,0.024,0.024,-1,Echolocation,/mnt/ubna_data_02_mir/recover-20221013/UBNA_001/20221012_030000.WAV,Telephone Field,recover-20221013,001,1795
1278.9515,1278.9578,51250,55192,Pipistrellus pipistrellus,0.017,0.021,-1,Echolocation,/mnt/ubna_data_02_mir/recover-20221013/UBNA_001/20221012_030000.WAV,Telephone Field,recover-20221013,001,1795
1278.9875,1279.0287,68437,82697,Rhinolophus ferrumequinum,0.027,0.027,-1,Echolocation,/mnt/ubna_data_02_mir/recover-20221013/UBNA_001/20221012_030000.WAV,Telephone Field,recover-20221013,001,1795
1279.0255,1279.0328,49531,57047,Pipistrellus pipistrellus,0.025,0.029,-1,Echolocation,/mnt/ubna_data_02_mir/recover-20221013/UBNA_001/20221012_030000.WAV,Telephone Field,recover-20221013,001,1795
1279.0425,1279.0808,68437,81999,Rhinolophus ferrumequinum,0.021,0.021,-1,Echolocation,/mnt/ubna_data_02_mir/recover-20221013/UBNA_001/20221012_030000.WAV,Telephone Field,recover-20221013,001,1795
1279.0915,1279.1299,68437,81716,Rhinolophus ferrumequinum,0.023,0.023,-1,Echolocation,/mnt/ubna_data_02_mir/recover-20221013/UBNA_001/20221012_030000.WAV,Telephone Field,recover-20221013,001,1795
1279.1335,1279.1741,68437,82612,Rhinolophus ferrumequinum,0.023,0.023,-1,Echolocation,/mnt/ubna_data_02_mir/recover-20221013/UBNA_001/20221012_030000.WAV,Telephone Field,recover-20221013,001,1795
1279.1345,1279.1426,27187,39567,Eptesicus serotinus,0.012,0.03,-1,Echolocation,/mnt/ubna_data_02_mir/recover-20221013/UBNA_001/20221012_030000.WAV,Telephone Field,recover-20221013,001,1795
1279.1825,1279.2188,68437,81963,Rhinolophus ferrumequinum,0.022,0.023,-1,Echolocation,/mnt/ubna_data_02_mir/recover-20221013/UBNA_001/20221012_030000.WAV,Telephone Field,recover-20221013,001,1795
1279.1945,1279.2342,68437,82150,Rhinolophus ferrumequinum,0.024,0.024,-1,Echolocation,/mnt/ubna_data_02_mir/recover-20221013/UBNA_001/20221012_030000.WAV,Telephone Field,recover-20221013,001,1795
1279.2135,1279.2215,33203,41263,Barbastellus barbastellus,0.017,0.034,-1,Echolocation,/mnt/ubna_data_02_mir/recover-20221013/UBNA_001/20221012_030000.WAV,Telephone Field,recover-20221013,001,1795
1279.2315,1279.2723,68437,82600,Rhinolophus ferrumequinum,0.023,0.023,-1,Echolocation,/mnt/ubna_data_02_mir/recover-20221013/UBNA_001/20221012_030000.WAV,Telephone Field,recover-20221013,001,1795
1279.2555,1279.2967,68437,83024,Rhinolophus ferrumequinum,0.024,0.024,-1,Echolocation,/mnt/ubna_data_02_mir/recover-20221013/UBNA_001/20221012_030000.WAV,Telephone Field,recover-20221013,001,1795
1279.2755,1279.282,23750,32930,Plecotus austriacus,0.016,0.031,-1,Echolocation,/mnt/ubna_data_02_mir/recover-20221013/UBNA_001/20221012_030000.WAV,Telephone Field,recover-20221013,001,1795
1279.3075,1279.3482,68437,83476,Rhinolophus ferrumequinum,0.028,0.028,-1,Echolocation,/mnt/ubna_data_02_mir/recover-20221013/UBNA_001/20221012_030000.WAV,Telephone Field,recover-20221013,001,1795
1279.3165,1279.3246,27187,41622,Eptesicus serotinus,0.008,0.03,-1,Echolocation,/mnt/ubna_data_02_mir/recover-20221013/UBNA_001/20221012_030000.WAV,Telephone Field,recover-20221013,001,1795
1279.3185,1279.3544,68437,81755,Rhinolophus ferrumequinum,0.021,0.021,-1,Echolocation,/mnt/ubna_data_02_mir/recover-20221013/UBNA_001/20221012_030000.WAV,Telephone Field,recover-20221013,001,1795
1279.3375,1279.375,68437,82039,Rhinolophus ferrumequinum,0.022,0.022,-1,Echolocation,/mnt/ubna_data_02_mir/recover-20221013/UBNA_001/20221012_030000.WAV,Telephone Field,recover-20221013,001,1795
1279.3375,1279.3449,38359,46475,Barbastellus barbastellus,0.007,0.021,-1,Echolocation,/mnt/ubna_data_02_mir/recover-20221013/UBNA_001/20221012_030000.WAV,Telephone Field,recover-20221013,001,1795
1279.3635,1279.3698,28046,41173,Eptesicus serotinus,0.007,0.026,-1,Echolocation,/mnt/ubna_data_02_mir/recover-20221013/UBNA_001/20221012_030000.WAV,Telephone Field,recover-20221013,001,1795
1279.3775,1279.4144000000001,68437,82424,Rhinolophus ferrumequinum,0.021,0.021,-1,Echolocation,/mnt/ubna_data_02_mir/recover-20221013/UBNA_001/20221012_030000.WAV,Telephone Field,recover-20221013,001,1795
1279.3865,1279.398,24609,29814,Nyctalus leisleri,0.015,0.031,-1,Echolocation,/mnt/ubna_data_02_mir/recover-20221013/UBNA_001/20221012_030000.WAV,Telephone Field,recover-20221013,001,1795
1279.4345,1279.4763,68437,83118,Rhinolophus ferrumequinum,0.032,0.032,-1,Echolocation,/mnt/ubna_data_02_mir/recover-20221013/UBNA_001/20221012_030000.WAV,Telephone Field,recover-20221013,001,1795
1279.4375,1279.4483,22890,28018,Nyctalus leisleri,0.011,0.023,-1,Echolocation,/mnt/ubna_data_02_mir/recover-20221013/UBNA_001/20221012_030000.WAV,Telephone Field,recover-20221013,001,1795
1279.4505,1279.4866,68437,81235,Rhinolophus ferrumequinum,0.022,0.022,-1,Echolocation,/mnt/ubna_data_02_mir/recover-20221013/UBNA_001/20221012_030000.WAV,Telephone Field,recover-20221013,001,1795
1279.4635,1279.4723,28046,38530,Eptesicus serotinus,0.009,0.024,-1,Echolocation,/mnt/ubna_data_02_mir/recover-20221013/UBNA_001/20221012_030000.WAV,Telephone Field,recover-20221013,001,1795
1279.5535,1279.592,68437,82244,Rhinolophus ferrumequinum,0.023,0.023,-1,Echolocation,/mnt/ubna_data_02_mir/recover-20221013/UBNA_001/20221012_030000.WAV,Telephone Field,recover-20221013,001,1795
1279.6315,1279.6443,23750,29557,Nyctalus leisleri,0.011,0.027,-1,Echolocation,/mnt/ubna_data_02_mir/recover-20221013/UBNA_001/20221012_030000.WAV,Telephone Field,recover-20221013,001,1795
1279.6435,1279.6829,68437,82020,Rhinolophus ferrumequinum,0.022,0.022,-1,Echolocation,/mnt/ubna_data_02_mir/recover-20221013/UBNA_001/20221012_030000.WAV,Telephone Field,recover-20221013,001,1795
1279.6485,1279.6677,19453,21760,Nyctalus leisleri,0.015,0.028,-1,Echolocation,/mnt/ubna_data_02_mir/recover-20221013/UBNA_001/20221012_030000.WAV,Telephone Field,recover-20221013,001,1795
1279.6935,1279.7338,68437,81952,Rhinolophus ferrumequinum,0.022,0.022,-1,Echolocation,/mnt/ubna_data_02_mir/recover-20221013/UBNA_001/20221012_030000.WAV,Telephone Field,recover-20221013,001,1795
1279.7435,1279.75,28046,39459,Eptesicus serotinus,0.007,0.026,-1,Echolocation,/mnt/ubna_data_02_mir/recover-20221013/UBNA_001/20221012_030000.WAV,Telephone Field,recover-20221013,001,1795
1279.7515,1279.7932,68437,82567,Rhinolophus ferrumequinum,0.026,0.026,-1,Echolocation,/mnt/ubna_data_02_mir/recover-20221013/UBNA_001/20221012_030000.WAV,Telephone Field,recover-20221013,001,1795
1279.7975,1279.8358,68437,81893,Rhinolophus ferrumequinum,0.024,0.024,-1,Echolocation,/mnt/ubna_data_02_mir/recover-20221013/UBNA_001/20221012_030000.WAV,Telephone Field,recover-20221013,001,1795
1279.8195,1279.8596,68437,82309,Rhinolophus ferrumequinum,0.041,0.041,-1,Echolocation,/mnt/ubna_data_02_mir/recover-20221013/UBNA_001/20221012_030000.WAV,Telephone Field,recover-20221013,001,1795
1279.8525,1279.8906,68437,81887,Rhinolophus ferrumequinum,0.021,0.021,-1,Echolocation,/mnt/ubna_data_02_mir/recover-20221013/UBNA_001/20221012_030000.WAV,Telephone Field,recover-20221013,001,1795
1279.8895,1279.8965,23750,32731,Plecotus austriacus,0.013,0.026,-1,Echolocation,/mnt/ubna_data_02_mir/recover-20221013/UBNA_001/20221012_030000.WAV,Telephone Field,recover-20221013,001,1795
1279.9025,1279.9438,68437,82542,Rhinolophus ferrumequinum,0.022,0.022,-1,Echolocation,/mnt/ubna_data_02_mir/recover-20221013/UBNA_001/20221012_030000.WAV,Telephone Field,recover-20221013,001,1795
1279.9425,1279.9493,27187,38116,Eptesicus serotinus,0.006,0.021,-1,Echolocation,/mnt/ubna_data_02_mir/recover-20221013/UBNA_001/20221012_030000.WAV,Telephone Field,recover-20221013,001,1795
1280.0015,1280.0129,22890,28498,Nyctalus leisleri,0.023,0.048,-1,Echolocation,/mnt/ubna_data_02_mir/recover-20221013/UBNA_001/20221012_030000.WAV,Telephone Field,recover-20221013,001,1795
1280.0015,1280.0332,69296,80880,Rhinolophus ferrumequinum,0.033,0.034,-1,Echolocation,/mnt/ubna_data_02_mir/recover-20221013/UBNA_001/20221012_030000.WAV,Telephone Field,recover-20221013,001,1795
1280.0015,1280.011,47812,53032,Pipistrellus pipistrellus,0.018,0.023,-1,Echolocation,/mnt/ubna_data_02_mir/recover-20221013/UBNA_001/20221012_030000.WAV,Telephone Field,recover-20221013,001,1795
1280.0325,1280.0421,43515,47431,Pipistrellus pipistrellus,0.02,0.023,-1,Echolocation,/mnt/ubna_data_02_mir/recover-20221013/UBNA_001/20221012_030000.WAV,Telephone Field,recover-20221013,001,1795
1280.0445,1280.0823,68437,82109,Rhinolophus ferrumequinum,0.026,0.026,-1,Echolocation,/mnt/ubna_data_02_mir/recover-20221013/UBNA_001/20221012_030000.WAV,Telephone Field,recover-20221013,001,1795
1280.1005,1280.1397,68437,81744,Rhinolophus ferrumequinum,0.025,0.026,-1,Echolocation,/mnt/ubna_data_02_mir/recover-20221013/UBNA_001/20221012_030000.WAV,Telephone Field,recover-20221013,001,1795
1280.1215,1280.1597,68437,82193,Rhinolophus ferrumequinum,0.025,0.025,-1,Echolocation,/mnt/ubna_data_02_mir/recover-20221013/UBNA_001/20221012_030000.WAV,Telephone Field,recover-20221013,001,1795
1280.1225,1280.132,29765,38388,Eptesicus serotinus,0.013,0.03,-1,Echolocation,/mnt/ubna_data_02_mir/recover-20221013/UBNA_001/20221012_030000.WAV,Telephone Field,recover-20221013,001,1795
1280.1405,1280.1484,28046,39889,Eptesicus serotinus,0.008,0.022,-1,Echolocation,/mnt/ubna_data_02_mir/recover-20221013/UBNA_001/20221012_030000.WAV,Telephone Field,recover-20221013,001,1795
1280.2165,1280.2582,68437,82937,Rhinolophus ferrumequinum,0.022,0.022,-1,Echolocation,/mnt/ubna_data_02_mir/recover-20221013/UBNA_001/20221012_030000.WAV,Telephone Field,recover-20221013,001,1795
1280.2235,1280.2633,68437,82603,Rhinolophus ferrumequinum,0.023,0.023,-1,Echolocation,/mnt/ubna_data_02_mir/recover-20221013/UBNA_001/20221012_030000.WAV,Telephone Field,recover-20221013,001,1795
1280.2255,1280.2327,28906,40248,Eptesicus serotinus,0.006,0.021,-1,Echolocation,/mnt/ubna_data_02_mir/recover-20221013/UBNA_001/20221012_030000.WAV,Telephone Field,recover-20221013,001,1795
1280.2575,1280.2926,68437,81683,Rhinolophus ferrumequinum,0.025,0.025,-1,Echolocation,/mnt/ubna_data_02_mir/recover-20221013/UBNA_001/20221012_030000.WAV,Telephone Field,recover-20221013,001,1795
1280.2775,1280.2859,46953,50753,Pipistrellus pipistrellus,0.027,0.028,-1,Echolocation,/mnt/ubna_data_02_mir/recover-20221013/UBNA_001/20221012_030000.WAV,Telephone Field,recover-20221013,001,1795
1280.2885,1280.3295,68437,82472,Rhinolophus ferrumequinum,0.026,0.026,-1,Echolocation,/mnt/ubna_data_02_mir/recover-20221013/UBNA_001/20221012_030000.WAV,Telephone Field,recover-20221013,001,1795
1280.2885,1280.298,28046,36790,Eptesicus serotinus,0.01,0.024,-1,Echolocation,/mnt/ubna_data_02_mir/recover-20221013/UBNA_001/20221012_030000.WAV,Telephone Field,recover-20221013,001,1795
1280.2995,1280.3426,68437,83208,Rhinolophus ferrumequinum,0.028,0.028,-1,Echolocation,/mnt/ubna_data_02_mir/recover-20221013/UBNA_001/20221012_030000.WAV,Telephone Field,recover-20221013,001,1795
1280.3125,1280.3486,68437,81524,Rhinolophus ferrumequinum,0.022,0.022,-1,Echolocation,/mnt/ubna_data_02_mir/recover-20221013/UBNA_001/20221012_030000.WAV,Telephone Field,recover-20221013,001,1795
1280.3265,1280.3633,68437,81817,Rhinolophus ferrumequinum,0.026,0.026,-1,Echolocation,/mnt/ubna_data_02_mir/recover-20221013/UBNA_001/20221012_030000.WAV,Telephone Field,recover-20221013,001,1795
1280.3345,1280.3723,68437,82214,Rhinolophus ferrumequinum,0.024,0.024,-1,Echolocation,/mnt/ubna_data_02_mir/recover-20221013/UBNA_001/20221012_030000.WAV,Telephone Field,recover-20221013,001,1795
1280.3655,1280.3726,26328,37760,Eptesicus serotinus,0.008,0.026,-1,Echolocation,/mnt/ubna_data_02_mir/recover-20221013/UBNA_001/20221012_030000.WAV,Telephone Field,recover-20221013,001,1795
1280.3905,1280.428,68437,81907,Rhinolophus ferrumequinum,0.038,0.038,-1,Echolocation,/mnt/ubna_data_02_mir/recover-20221013/UBNA_001/20221012_030000.WAV,Telephone Field,recover-20221013,001,1795
1280.3905,1280.4,23750,30917,Nyctalus leisleri,0.007,0.024,-1,Echolocation,/mnt/ubna_data_02_mir/recover-20221013/UBNA_001/20221012_030000.WAV,Telephone Field,recover-20221013,001,1795
1280.4725,1280.5094,68437,81516,Rhinolophus ferrumequinum,0.027,0.027,-1,Echolocation,/mnt/ubna_data_02_mir/recover-20221013/UBNA_001/20221012_030000.WAV,Telephone Field,recover-20221013,001,1795
1280.4915,1280.505,24609,30670,Nyctalus leisleri,0.013,0.031,-1,Echolocation,/mnt/ubna_data_02_mir/recover-20221013/UBNA_001/20221012_030000.WAV,Telephone Field,recover-20221013,001,1795
1280.5265,1280.5345,28046,37985,Eptesicus serotinus,0.01,0.024,-1,Echolocation,/mnt/ubna_data_02_mir/recover-20221013/UBNA_001/20221012_030000.WAV,Telephone Field,recover-20221013,001,1795
1280.5565,1280.5991,68437,82950,Rhinolophus ferrumequinum,0.036,0.036,-1,Echolocation,/mnt/ubna_data_02_mir/recover-20221013/UBNA_001/20221012_030000.WAV,Telephone Field,recover-20221013,001,1795
1280.5835,1280.5955,26328,32756,Eptesicus serotinus,0.013,0.027,-1,Echolocation,/mnt/ubna_data_02_mir/recover-20221013/UBNA_001/20221012_030000.WAV,Telephone Field,recover-20221013,001,1795
1280.6005,1280.6396,68437,82834,Rhinolophus ferrumequinum,0.024,0.024,-1,Echolocation,/mnt/ubna_data_02_mir/recover-20221013/UBNA_001/20221012_030000.WAV,Telephone Field,recover-20221013,001,1795
1280.6215,1280.6621,68437,82942,Rhinolophus ferrumequinum,0.034,0.034,-1,Echolocation,/mnt/ubna_data_02_mir/recover-20221013/UBNA_001/20221012_030000.WAV,Telephone Field,recover-20221013,001,1795
1280.6385,1280.6484,25468,31707,Eptesicus serotinus,0.009,0.023,-1,Echolocation,/mnt/ubna_data_02_mir/recover-20221013/UBNA_001/20221012_030000.WAV,Telephone Field,recover-20221013,001,1795
1280.6485,1280.6589,28906,38097,Eptesicus serotinus,0.009,0.022,-1,Echolocation,/mnt/ubna_data_02_mir/recover-20221013/UBNA_001/20221012_030000.WAV,Telephone Field,recover-20221013,001,1795
1280.6605,1280.6991,68437,82858,Rhinolophus ferrumequinum,0.031,0.031,-1,Echolocation,/mnt/ubna_data_02_mir/recover-20221013/UBNA_001/20221012_030000.WAV,Telephone Field,recover-20221013,001,1795
1280.6785,1280.6911,28046,33386,Eptesicus serotinus,0.015,0.028,-1,Echolocation,/mnt/ubna_data_02_mir/recover-20221013/UBNA_001/20221012_030000.WAV,Telephone Field,recover-20221013,001,1795
1280.7135,1280.7536,68437,82575,Rhinolophus ferrumequinum,0.023,0.023,-1,Echolocation,/mnt/ubna_data_02_mir/recover-20221013/UBNA_001/20221012_030000.WAV,Telephone Field,recover-20221013,001,1795
1280.7315,1280.7477,21171,24266,Nyctalus leisleri,0.019,0.029,-1,Echolocation,/mnt/ubna_data_02_mir/recover-20221013/UBNA_001/20221012_030000.WAV,Telephone Field,recover-20221013,001,1795
1280.7355,1280.7752,68437,82681,Rhinolophus ferrumequinum,0.033,0.033,-1,Echolocation,/mnt/ubna_data_02_mir/recover-20221013/UBNA_001/20221012_030000.WAV,Telephone Field,recover-20221013,001,1795
1280.7615,1280.7753,23750,28909,Nyctalus leisleri,0.018,0.033,-1,Echolocation,/mnt/ubna_data_02_mir/recover-20221013/UBNA_001/20221012_030000.WAV,Telephone Field,recover-20221013,001,1795
1280.7805,1280.789,28046,40143,Eptesicus serotinus,0.01,0.025,-1,Echolocation,/mnt/ubna_data_02_mir/recover-20221013/UBNA_001/20221012_030000.WAV,Telephone Field,recover-20221013,001,1795
1280.7875,1280.7956,30625,39444,Eptesicus serotinus,0.007,0.026,-1,Echolocation,/mnt/ubna_data_02_mir/recover-20221013/UBNA_001/20221012_030000.WAV,Telephone Field,recover-20221013,001,1795
1280.8005,1280.8381,68437,81936,Rhinolophus ferrumequinum,0.025,0.025,-1,Echolocation,/mnt/ubna_data_02_mir/recover-20221013/UBNA_001/20221012_030000.WAV,Telephone Field,recover-20221013,001,1795
1280.8305,1280.8706,68437,82745,Rhinolophus ferrumequinum,0.024,0.024,-1,Echolocation,/mnt/ubna_data_02_mir/recover-20221013/UBNA_001/20221012_030000.WAV,Telephone Field,recover-20221013,001,1795
1280.8815,1280.889,34921,45297,Barbastellus barbastellus,0.01,0.027,-1,Echolocation,/mnt/ubna_data_02_mir/recover-20221013/UBNA_001/20221012_030000.WAV,Telephone Field,recover-20221013,001,1795
1280.8815,1280.8888,28046,42731,Eptesicus serotinus,0.008,0.024,-1,Echolocation,/mnt/ubna_data_02_mir/recover-20221013/UBNA_001/20221012_030000.WAV,Telephone Field,recover-20221013,001,1795
1280.8825,1280.9218,68437,82466,Rhinolophus ferrumequinum,0.024,0.024,-1,Echolocation,/mnt/ubna_data_02_mir/recover-20221013/UBNA_001/20221012_030000.WAV,Telephone Field,recover-20221013,001,1795
1280.9035,1280.9435,68437,82773,Rhinolophus ferrumequinum,0.033,0.033,-1,Echolocation,/mnt/ubna_data_02_mir/recover-20221013/UBNA_001/20221012_030000.WAV,Telephone Field,recover-20221013,001,1795
1280.9305,1280.9661,68437,81490,Rhinolophus ferrumequinum,0.022,0.022,-1,Echolocation,/mnt/ubna_data_02_mir/recover-20221013/UBNA_001/20221012_030000.WAV,Telephone Field,recover-20221013,001,1795
1280.9395,1280.9771,68437,82272,Rhinolophus ferrumequinum,0.023,0.023,-1,Echolocation,/mnt/ubna_data_02_mir/recover-20221013/UBNA_001/20221012_030000.WAV,Telephone Field,recover-20221013,001,1795
1280.9525,1280.9589,23750,40623,Plecotus austriacus,0.01,0.028,-1,Echolocation,/mnt/ubna_data_02_mir/recover-20221013/UBNA_001/20221012_030000.WAV,Telephone Field,recover-20221013,001,1795
1280.9785,1281.0162,68437,81986,Rhinolophus ferrumequinum,0.024,0.024,-1,Echolocation,/mnt/ubna_data_02_mir/recover-20221013/UBNA_001/20221012_030000.WAV,Telephone Field,recover-20221013,001,1795
1280.9975,1281.0083,22031,27308,Nyctalus leisleri,0.012,0.025,-1,Echolocation,/mnt/ubna_data_02_mir/recover-20221013/UBNA_001/20221012_030000.WAV,Telephone Field,recover-20221013,001,1795
1281.0175,1281.0593,68437,82794,Rhinolophus ferrumequinum,0.025,0.025,-1,Echolocation,/mnt/ubna_data_02_mir/recover-20221013/UBNA_001/20221012_030000.WAV,Telephone Field,recover-20221013,001,1795
1281.0375,1281.0733,68437,81419,Rhinolophus ferrumequinum,0.023,0.023,-1,Echolocation,/mnt/ubna_data_02_mir/recover-20221013/UBNA_001/20221012_030000.WAV,Telephone Field,recover-20221013,001,1795
1281.0585,1281.0974,68437,81736,Rhinolophus ferrumequinum,0.022,0.023,-1,Echolocation,/mnt/ubna_data_02_mir/recover-20221013/UBNA_001/20221012_030000.WAV,Telephone Field,recover-20221013,001,1795
1281.0735,1281.0806,28906,39814,Eptesicus serotinus,0.008,0.022,-1,Echolocation,/mnt/ubna_data_02_mir/recover-20221013/UBNA_001/20221012_030000.WAV,Telephone Field,recover-20221013,001,1795
1281.0845,1281.1237,68437,82205,Rhinolophus ferrumequinum,0.023,0.023,-1,Echolocation,/mnt/ubna_data_02_mir/recover-20221013/UBNA_001/20221012_030000.WAV,Telephone Field,recover-20221013,001,1795
1281.1115,1281.1484,68437,81579,Rhinolophus ferrumequinum,0.025,0.025,-1,Echolocation,/mnt/ubna_data_02_mir/recover-20221013/UBNA_001/20221012_030000.WAV,Telephone Field,recover-20221013,001,1795
1281.1375,1281.1807,68437,83182,Rhinolophus ferrumequinum,0.031,0.031,-1,Echolocation,/mnt/ubna_data_02_mir/recover-20221013/UBNA_001/20221012_030000.WAV,Telephone Field,recover-20221013,001,1795
1281.1465,1281.1847,68437,82011,Rhinolophus ferrumequinum,0.021,0.021,-1,Echolocation,/mnt/ubna_data_02_mir/recover-20221013/UBNA_001/20221012_030000.WAV,Telephone Field,recover-20221013,001,1795
1281.1695,1281.1775,28906,37839,Eptesicus serotinus,0.008,0.022,-1,Echolocation,/mnt/ubna_data_02_mir/recover-20221013/UBNA_001/20221012_030000.WAV,Telephone Field,recover-20221013,001,1795
1281.1885,1281.2279,68437,82589,Rhinolophus ferrumequinum,0.023,0.023,-1,Echolocation,/mnt/ubna_data_02_mir/recover-20221013/UBNA_001/20221012_030000.WAV,Telephone Field,recover-20221013,001,1795
1281.1915,1281.2055,37500,41107,Pipistrellus nathusii,0.025,0.035,-1,Echolocation,/mnt/ubna_data_02_mir/recover-20221013/UBNA_001/20221012_030000.WAV,Telephone Field,recover-20221013,001,1795
1281.2055,1281.2121,47812,53739,Pipistrellus pipistrellus,0.026,0.028,-1,Echolocation,/mnt/ubna_data_02_mir/recover-20221013/UBNA_001/20221012_030000.WAV,Telephone Field,recover-20221013,001,1795
1281.2745,1281.2855,28906,36893,Eptesicus serotinus,0.012,0.027,-1,Echolocation,/mnt/ubna_data_02_mir/recover-20221013/UBNA_001/20221012_030000.WAV,Telephone Field,recover-20221013,001,1795
1281.3075,1281.3471,68437,81954,Rhinolophus ferrumequinum,0.021,0.021,-1,Echolocation,/mnt/ubna_data_02_mir/recover-20221013/UBNA_001/20221012_030000.WAV,Telephone Field,recover-20221013,001,1795
1281.3145,1281.3539,68437,82650,Rhinolophus ferrumequinum,0.022,0.022,-1,Echolocation,/mnt/ubna_data_02_mir/recover-20221013/UBNA_001/20221012_030000.WAV,Telephone Field,recover-20221013,001,1795
1281.3425,1281.3818,68437,82368,Rhinolophus ferrumequinum,0.037,0.037,-1,Echolocation,/mnt/ubna_data_02_mir/recover-20221013/UBNA_001/20221012_030000.WAV,Telephone Field,recover-20221013,001,1795
1281.3725,1281.4133,68437,82759,Rhinolophus ferrumequinum,0.029,0.029,-1,Echolocation,/mnt/ubna_data_02_mir/recover-20221013/UBNA_001/20221012_030000.WAV,Telephone Field,recover-20221013,001,1795
1281.3885,1281.4275,68437,82616,Rhinolophus ferrumequinum,0.022,0.022,-1,Echolocation,/mnt/ubna_data_02_mir/recover-20221013/UBNA_001/20221012_030000.WAV,Telephone Field,recover-20221013,001,1795
1281.4225,1281.4647,68437,82899,Rhinolophus ferrumequinum,0.032,0.032,-1,Echolocation,/mnt/ubna_data_02_mir/recover-20221013/UBNA_001/20221012_030000.WAV,Telephone Field,recover-20221013,001,1795
1281.4615,1281.5051,68437,83689,Rhinolophus ferrumequinum,0.038,0.038,-1,Echolocation,/mnt/ubna_data_02_mir/recover-20221013/UBNA_001/20221012_030000.WAV,Telephone Field,recover-20221013,001,1795
1281.4715,1281.5084,68437,82318,Rhinolophus ferrumequinum,0.022,0.022,-1,Echolocation,/mnt/ubna_data_02_mir/recover-20221013/UBNA_001/20221012_030000.WAV,Telephone Field,recover-20221013,001,1795
1281.5035,1281.5473,68437,83303,Rhinolophus ferrumequinum,0.045,0.045,-1,Echolocation,/mnt/ubna_data_02_mir/recover-20221013/UBNA_001/20221012_030000.WAV,Telephone Field,recover-20221013,001,1795
1281.5045,1281.5143,22031,28223,Nyctalus leisleri,0.009,0.026,-1,Echolocation,/mnt/ubna_data_02_mir/recover-20221013/UBNA_001/20221012_030000.WAV,Telephone Field,recover-20221013,001,1795
1281.5045,1281.5111,28906,40346,Eptesicus serotinus,0.006,0.023,-1,Echolocation,/mnt/ubna_data_02_mir/recover-20221013/UBNA_001/20221012_030000.WAV,Telephone Field,recover-20221013,001,1795
1281.5515,1281.5926,68437,83072,Rhinolophus ferrumequinum,0.033,0.033,-1,Echolocation,/mnt/ubna_data_02_mir/recover-20221013/UBNA_001/20221012_030000.WAV,Telephone Field,recover-20221013,001,1795
1281.5565,1281.5681,14296,18989,Nyctalus noctula,0.015,0.027,-1,Echolocation,/mnt/ubna_data_02_mir/recover-20221013/UBNA_001/20221012_030000.WAV,Telephone Field,recover-20221013,001,1795
1281.5995,1281.639,68437,82063,Rhinolophus ferrumequinum,0.022,0.022,-1,Echolocation,/mnt/ubna_data_02_mir/recover-20221013/UBNA_001/20221012_030000.WAV,Telephone Field,recover-20221013,001,1795
1281.6045,1281.6112,34062,46622,Myotis daubentonii,0.008,0.024,-1,Echolocation,/mnt/ubna_data_02_mir/recover-20221013/UBNA_001/20221012_030000.WAV,Telephone Field,recover-20221013,001,1795
1281.6045,1281.6121,28046,46442,Eptesicus serotinus,0.008,0.027,-1,Echolocation,/mnt/ubna_data_02_mir/recover-20221013/UBNA_001/20221012_030000.WAV,Telephone Field,recover-20221013,001,1795
1281.6105,1281.6491,68437,82140,Rhinolophus ferrumequinum,0.024,0.024,-1,Echolocation,/mnt/ubna_data_02_mir/recover-20221013/UBNA_001/20221012_030000.WAV,Telephone Field,recover-20221013,001,1795
1281.6295,1281.6664,68437,81494,Rhinolophus ferrumequinum,0.027,0.027,-1,Echolocation,/mnt/ubna_data_02_mir/recover-20221013/UBNA_001/20221012_030000.WAV,Telephone Field,recover-20221013,001,1795
1281.6305,1281.6395,28046,37702,Eptesicus serotinus,0.008,0.022,-1,Echolocation,/mnt/ubna_data_02_mir/recover-20221013/UBNA_001/20221012_030000.WAV,Telephone Field,recover-20221013,001,1795
1281.6385,1281.6761,68437,82160,Rhinolophus ferrumequinum,0.021,0.022,-1,Echolocation,/mnt/ubna_data_02_mir/recover-20221013/UBNA_001/20221012_030000.WAV,Telephone Field,recover-20221013,001,1795
1281.6385,1281.6473,22890,29567,Plecotus austriacus,0.009,0.024,-1,Echolocation,/mnt/ubna_data_02_mir/recover-20221013/UBNA_001/20221012_030000.WAV,Telephone Field,recover-20221013,001,1795
1281.6565,1281.6958,68437,82781,Rhinolophus ferrumequinum,0.033,0.033,-1,Echolocation,/mnt/ubna_data_02_mir/recover-20221013/UBNA_001/20221012_030000.WAV,Telephone Field,recover-20221013,001,1795
1281.6575,1281.6659,25468,33764,Eptesicus serotinus,0.006,0.021,-1,Echolocation,/mnt/ubna_data_02_mir/recover-20221013/UBNA_001/20221012_030000.WAV,Telephone Field,recover-20221013,001,1795
1281.7185,1281.7581,68437,82508,Rhinolophus ferrumequinum,0.024,0.024,-1,Echolocation,/mnt/ubna_data_02_mir/recover-20221013/UBNA_001/20221012_030000.WAV,Telephone Field,recover-20221013,001,1795
1281.7595,1281.7982,68437,82083,Rhinolophus ferrumequinum,0.022,0.022,-1,Echolocation,/mnt/ubna_data_02_mir/recover-20221013/UBNA_001/20221012_030000.WAV,Telephone Field,recover-20221013,001,1795
1281.7615,1281.7717,24609,31686,Nyctalus leisleri,0.007,0.022,-1,Echolocation,/mnt/ubna_data_02_mir/recover-20221013/UBNA_001/20221012_030000.WAV,Telephone Field,recover-20221013,001,1795
1281.7865,1281.7933,28906,41806,Eptesicus serotinus,0.006,0.022,-1,Echolocation,/mnt/ubna_data_02_mir/recover-20221013/UBNA_001/20221012_030000.WAV,Telephone Field,recover-20221013,001,1795
1281.7865,1281.8196,68437,81221,Rhinolophus ferrumequinum,0.025,0.025,-1,Echolocation,/mnt/ubna_data_02_mir/recover-20221013/UBNA_001/20221012_030000.WAV,Telephone Field,recover-20221013,001,1795
1281.8045,1281.8426,68437,81515,Rhinolophus ferrumequinum,0.021,0.021,-1,Echolocation,/mnt/ubna_data_02_mir/recover-20221013/UBNA_001/20221012_030000.WAV,Telephone Field,recover-20221013,001,1795
1281.8205,1281.8602,68437,82765,Rhinolophus ferrumequinum,0.022,0.022,-1,Echolocation,/mnt/ubna_data_02_mir/recover-20221013/UBNA_001/20221012_030000.WAV,Telephone Field,recover-20221013,001,1795
1281.8205,1281.8287,28046,39392,Eptesicus serotinus,0.007,0.022,-1,Echolocation,/mnt/ubna_data_02_mir/recover-20221013/UBNA_001/20221012_030000.WAV,Telephone Field,recover-20221013,001,1795
1281.8275,1281.8385,24609,31684,Nyctalus leisleri,0.01,0.027,-1,Echolocation,/mnt/ubna_data_02_mir/recover-20221013/UBNA_001/20221012_030000.WAV,Telephone Field,recover-20221013,001,1795
1281.8375,1281.8502,24609,31060,Eptesicus serotinus,0.013,0.034,-1,Echolocation,/mnt/ubna_data_02_mir/recover-20221013/UBNA_001/20221012_030000.WAV,Telephone Field,recover-20221013,001,1795
1281.8655,1281.8733,23750,33001,Plecotus austriacus,0.01,0.024,-1,Echolocation,/mnt/ubna_data_02_mir/recover-20221013/UBNA_001/20221012_030000.WAV,Telephone Field,recover-20221013,001,1795
1281.9085,1281.9156,27187,41296,Eptesicus serotinus,0.007,0.025,-1,Echolocation,/mnt/ubna_data_02_mir/recover-20221013/UBNA_001/20221012_030000.WAV,Telephone Field,recover-20221013,001,1795
1281.9115,1281.955,68437,83856,Rhinolophus ferrumequinum,0.036,0.036,-1,Echolocation,/mnt/ubna_data_02_mir/recover-20221013/UBNA_001/20221012_030000.WAV,Telephone Field,recover-20221013,001,1795
1281.9455,1281.9864,68437,82252,Rhinolophus ferrumequinum,0.022,0.022,-1,Echolocation,/mnt/ubna_data_02_mir/recover-20221013/UBNA_001/20221012_030000.WAV,Telephone Field,recover-20221013,001,1795
1281.9835,1281.9937,28046,38901,Eptesicus serotinus,0.016,0.033,-1,Echolocation,/mnt/ubna_data_02_mir/recover-20221013/UBNA_001/20221012_030000.WAV,Telephone Field,recover-20221013,001,1795
1281.9845,1281.9934,32343,43810,Barbastellus barbastellus,0.01,0.035,-1,Echolocation,/mnt/ubna_data_02_mir/recover-20221013/UBNA_001/20221012_030000.WAV,Telephone Field,recover-20221013,001,1795
1282.0015,1282.0326,68437,80004,Rhinolophus ferrumequinum,0.037,0.037,-1,Echolocation,/mnt/ubna_data_02_mir/recover-20221013/UBNA_001/20221012_030000.WAV,Telephone Field,recover-20221013,001,1795
1282.0015,1282.0085,24609,34966,Plecotus austriacus,0.01,0.038,-1,Echolocation,/mnt/ubna_data_02_mir/recover-20221013/UBNA_001/20221012_030000.WAV,Telephone Field,recover-20221013,001,1795
1282.0155,1282.0247,28046,40502,Eptesicus serotinus,0.01,0.025,-1,Echolocation,/mnt/ubna_data_02_mir/recover-20221013/UBNA_001/20221012_030000.WAV,Telephone Field,recover-20221013,001,1795
1282.0445,1282.0849,68437,82528,Rhinolophus ferrumequinum,0.035,0.035,-1,Echolocation,/mnt/ubna_data_02_mir/recover-20221013/UBNA_001/20221012_030000.WAV,Telephone Field,recover-20221013,001,1795
1282.0775,1282.1222,68437,83874,Rhinolophus ferrumequinum,0.082,0.082,-1,Echolocation,/mnt/ubna_data_02_mir/recover-20221013/UBNA_001/20221012_030000.WAV,Telephone Field,recover-20221013,001,1795
1282.1345,1282.1742,68437,82450,Rhinolophus ferrumequinum,0.022,0.022,-1,Echolocation,/mnt/ubna_data_02_mir/recover-20221013/UBNA_001/20221012_030000.WAV,Telephone Field,recover-20221013,001,1795
1282.2055,1282.2458,68437,82802,Rhinolophus ferrumequinum,0.025,0.025,-1,Echolocation,/mnt/ubna_data_02_mir/recover-20221013/UBNA_001/20221012_030000.WAV,Telephone Field,recover-20221013,001,1795
1282.2115,1282.2516,68437,82730,Rhinolophus ferrumequinum,0.025,0.025,-1,Echolocation,/mnt/ubna_data_02_mir/recover-20221013/UBNA_001/20221012_030000.WAV,Telephone Field,recover-20221013,001,1795
1282.2945,1282.3351,68437,83391,Rhinolophus ferrumequinum,0.027,0.027,-1,Echolocation,/mnt/ubna_data_02_mir/recover-20221013/UBNA_001/20221012_030000.WAV,Telephone Field,recover-20221013,001,1795
1282.3925,1282.4032,23750,30115,Nyctalus leisleri,0.008,0.022,-1,Echolocation,/mnt/ubna_data_02_mir/recover-20221013/UBNA_001/20221012_030000.WAV,Telephone Field,recover-20221013,001,1795
1282.4015,1282.4097,22890,30727,Plecotus austriacus,0.018,0.04,-1,Echolocation,/mnt/ubna_data_02_mir/recover-20221013/UBNA_001/20221012_030000.WAV,Telephone Field,recover-20221013,001,1795
1282.4075,1282.4476,68437,82478,Rhinolophus ferrumequinum,0.022,0.022,-1,Echolocation,/mnt/ubna_data_02_mir/recover-20221013/UBNA_001/20221012_030000.WAV,Telephone Field,recover-20221013,001,1795
1282.4135,1282.4508,68437,82378,Rhinolophus ferrumequinum,0.022,0.022,-1,Echolocation,/mnt/ubna_data_02_mir/recover-20221013/UBNA_001/20221012_030000.WAV,Telephone Field,recover-20221013,001,1795
1282.4375,1282.4459,23750,31754,Plecotus austriacus,0.008,0.022,-1,Echolocation,/mnt/ubna_data_02_mir/recover-20221013/UBNA_001/20221012_030000.WAV,Telephone Field,recover-20221013,001,1795
1282.4565,1282.4993,68437,83854,Rhinolophus ferrumequinum,0.028,0.028,-1,Echolocation,/mnt/ubna_data_02_mir/recover-20221013/UBNA_001/20221012_030000.WAV,Telephone Field,recover-20221013,001,1795
1282.4755,1282.4964,20312,23127,Nyctalus leisleri,0.018,0.032,-1,Echolocation,/mnt/ubna_data_02_mir/recover-20221013/UBNA_001/20221012_030000.WAV,Telephone Field,recover-20221013,001,1795
1282.5105,1282.5214,24609,31054,Nyctalus leisleri,0.012,0.029,-1,Echolocation,/mnt/ubna_data_02_mir/recover-20221013/UBNA_001/20221012_030000.WAV,Telephone Field,recover-20221013,001,1795
1282.5185,1282.5285,23750,30153,Nyctalus leisleri,0.009,0.024,-1,Echolocation,/mnt/ubna_data_02_mir/recover-20221013/UBNA_001/20221012_030000.WAV,Telephone Field,recover-20221013,001,1795
1282.5365,1282.5818,68437,83848,Rhinolophus ferrumequinum,0.042,0.042,-1,Echolocation,/mnt/ubna_data_02_mir/recover-20221013/UBNA_001/20221012_030000.WAV,Telephone Field,recover-20221013,001,1795
1282.5485,1282.5596,40078,44872,Pipistrellus nathusii,0.007,0.023,-1,Echolocation,/mnt/ubna_data_02_mir/recover-20221013/UBNA_001/20221012_030000.WAV,Telephone Field,recover-20221013,001,1795
1282.5535,1282.5602,27187,43670,Eptesicus serotinus,0.006,0.022,-1,Echolocation,/mnt/ubna_data_02_mir/recover-20221013/UBNA_001/20221012_030000.WAV,Telephone Field,recover-20221013,001,1795
1282.5615,1282.5972,68437,81090,Rhinolophus ferrumequinum,0.024,0.024,-1,Echolocation,/mnt/ubna_data_02_mir/recover-20221013/UBNA_001/20221012_030000.WAV,Telephone Field,recover-20221013,001,1795
1282.6145,1282.625,25468,33960,Eptesicus serotinus,0.009,0.023,-1,Echolocation,/mnt/ubna_data_02_mir/recover-20221013/UBNA_001/20221012_030000.WAV,Telephone Field,recover-20221013,001,1795
1282.6165,1282.656,68437,82555,Rhinolophus ferrumequinum,0.023,0.023,-1,Echolocation,/mnt/ubna_data_02_mir/recover-20221013/UBNA_001/20221012_030000.WAV,Telephone Field,recover-20221013,001,1795
1282.6545,1282.6922,68437,82127,Rhinolophus ferrumequinum,0.023,0.023,-1,Echolocation,/mnt/ubna_data_02_mir/recover-20221013/UBNA_001/20221012_030000.WAV,Telephone Field,recover-20221013,001,1795
1282.6715,1282.6794,28046,38769,Eptesicus serotinus,0.008,0.023,-1,Echolocation,/mnt/ubna_data_02_mir/recover-20221013/UBNA_001/20221012_030000.WAV,Telephone Field,recover-20221013,001,1795
1282.7025,1282.7115,25468,32743,Eptesicus serotinus,0.009,0.024,-1,Echolocation,/mnt/ubna_data_02_mir/recover-20221013/UBNA_001/20221012_030000.WAV,Telephone Field,recover-20221013,001,1795
1282.7125,1282.7543,68437,82631,Rhinolophus ferrumequinum,0.029,0.029,-1,Echolocation,/mnt/ubna_data_02_mir/recover-20221013/UBNA_001/20221012_030000.WAV,Telephone Field,recover-20221013,001,1795
1282.7335,1282.7711,68437,82336,Rhinolophus ferrumequinum,0.024,0.024,-1,Echolocation,/mnt/ubna_data_02_mir/recover-20221013/UBNA_001/20221012_030000.WAV,Telephone Field,recover-20221013,001,1795
1282.8035,1282.8149,28906,36017,Eptesicus serotinus,0.014,0.026,-1,Echolocation,/mnt/ubna_data_02_mir/recover-20221013/UBNA_001/20221012_030000.WAV,Telephone Field,recover-20221013,001,1795
1282.8355,1282.8754,68437,82729,Rhinolophus ferrumequinum,0.023,0.023,-1,Echolocation,/mnt/ubna_data_02_mir/recover-20221013/UBNA_001/20221012_030000.WAV,Telephone Field,recover-20221013,001,1795
1282.8425,1282.8837,68437,82722,Rhinolophus ferrumequinum,0.022,0.022,-1,Echolocation,/mnt/ubna_data_02_mir/recover-20221013/UBNA_001/20221012_030000.WAV,Telephone Field,recover-20221013,001,1795
1282.8505,1282.8911,68437,82568,Rhinolophus ferrumequinum,0.024,0.024,-1,Echolocation,/mnt/ubna_data_02_mir/recover-20221013/UBNA_001/20221012_030000.WAV,Telephone Field,recover-20221013,001,1795
1282.9225,1282.9651,68437,83560,Rhinolophus ferrumequinum,0.024,0.024,-1,Echolocation,/mnt/ubna_data_02_mir/recover-20221013/UBNA_001/20221012_030000.WAV,Telephone Field,recover-20221013,001,1795
1282.9265,1282.9353,24609,31972,Nyctalus leisleri,0.006,0.022,-1,Echolocation,/mnt/ubna_data_02_mir/recover-20221013/UBNA_001/20221012_030000.WAV,Telephone Field,recover-20221013,001,1795
1282.9475,1282.9605,34921,39211,Pipistrellus nathusii,0.022,0.037,-1,Echolocation,/mnt/ubna_data_02_mir/recover-20221013/UBNA_001/20221012_030000.WAV,Telephone Field,recover-20221013,001,1795
1282.9785,1282.9889,27187,36104,Eptesicus serotinus,0.01,0.022,-1,Echolocation,/mnt/ubna_data_02_mir/recover-20221013/UBNA_001/20221012_030000.WAV,Telephone Field,recover-20221013,001,1795
1282.9855,1282.9956,28906,36492,Eptesicus serotinus,0.009,0.023,-1,Echolocation,/mnt/ubna_data_02_mir/recover-20221013/UBNA_001/20221012_030000.WAV,Telephone Field,recover-20221013,001,1795
1283.0005,1283.0421,68437,82839,Rhinolophus ferrumequinum,0.03,0.03,-1,Echolocation,/mnt/ubna_data_02_mir/recover-20221013/UBNA_001/20221012_030000.WAV,Telephone Field,recover-20221013,001,1795
1283.0845,1283.1219,68437,82806,Rhinolophus ferrumequinum,0.024,0.024,-1,Echolocation,/mnt/ubna_data_02_mir/recover-20221013/UBNA_001/20221012_030000.WAV,Telephone Field,recover-20221013,001,1795
1283.0965,1283.1079,24609,30291,Nyctalus leisleri,0.01,0.024,-1,Echolocation,/mnt/ubna_data_02_mir/recover-20221013/UBNA_001/20221012_030000.WAV,Telephone Field,recover-20221013,001,1795
1283.1705,1283.2093,68437,82598,Rhinolophus ferrumequinum,0.022,0.022,-1,Echolocation,/mnt/ubna_data_02_mir/recover-20221013/UBNA_001/20221012_030000.WAV,Telephone Field,recover-20221013,001,1795
1283.1975,1283.2374,68437,82456,Rhinolophus ferrumequinum,0.022,0.022,-1,Echolocation,/mnt/ubna_data_02_mir/recover-20221013/UBNA_001/20221012_030000.WAV,Telephone Field,recover-20221013,001,1795
1283.2005,1283.2124,23750,28571,Nyctalus leisleri,0.012,0.023,-1,Echolocation,/mnt/ubna_data_02_mir/recover-20221013/UBNA_001/20221012_030000.WAV,Telephone Field,recover-20221013,001,1795
1283.2485,1283.2848,68437,82256,Rhinolophus ferrumequinum,0.022,0.022,-1,Echolocation,/mnt/ubna_data_02_mir/recover-20221013/UBNA_001/20221012_030000.WAV,Telephone Field,recover-20221013,001,1795
1283.2545,1283.2642,28046,36525,Eptesicus serotinus,0.009,0.022,-1,Echolocation,/mnt/ubna_data_02_mir/recover-20221013/UBNA_001/20221012_030000.WAV,Telephone Field,recover-20221013,001,1795
1283.2765,1283.3152,68437,82418,Rhinolophus ferrumequinum,0.023,0.023,-1,Echolocation,/mnt/ubna_data_02_mir/recover-20221013/UBNA_001/20221012_030000.WAV,Telephone Field,recover-20221013,001,1795
1283.3365,1283.3456,27187,40859,Eptesicus serotinus,0.01,0.023,-1,Echolocation,/mnt/ubna_data_02_mir/recover-20221013/UBNA_001/20221012_030000.WAV,Telephone Field,recover-20221013,001,1795
1283.3585,1283.3925,68437,80478,Rhinolophus ferrumequinum,0.024,0.025,-1,Echolocation,/mnt/ubna_data_02_mir/recover-20221013/UBNA_001/20221012_030000.WAV,Telephone Field,recover-20221013,001,1795
1283.3585,1283.3661,28046,40085,Eptesicus serotinus,0.008,0.026,-1,Echolocation,/mnt/ubna_data_02_mir/recover-20221013/UBNA_001/20221012_030000.WAV,Telephone Field,recover-20221013,001,1795
1283.4305,1283.471,68437,82589,Rhinolophus ferrumequinum,0.026,0.026,-1,Echolocation,/mnt/ubna_data_02_mir/recover-20221013/UBNA_001/20221012_030000.WAV,Telephone Field,recover-20221013,001,1795
1283.4525,1283.4938,68437,82709,Rhinolophus ferrumequinum,0.024,0.024,-1,Echolocation,/mnt/ubna_data_02_mir/recover-20221013/UBNA_001/20221012_030000.WAV,Telephone Field,recover-20221013,001,1795
1283.4605,1283.4709,23750,29914,Nyctalus leisleri,0.01,0.023,-1,Echolocation,/mnt/ubna_data_02_mir/recover-20221013/UBNA_001/20221012_030000.WAV,Telephone Field,recover-20221013,001,1795
1283.4665,1283.4795,22890,27388,Nyctalus leisleri,0.013,0.024,-1,Echolocation,/mnt/ubna_data_02_mir/recover-20221013/UBNA_001/20221012_030000.WAV,Telephone Field,recover-20221013,001,1795
1283.4925,1283.4987,26328,40212,Myotis nattereri,0.005,0.024,-1,Echolocation,/mnt/ubna_data_02_mir/recover-20221013/UBNA_001/20221012_030000.WAV,Telephone Field,recover-20221013,001,1795
1283.5305,1283.5415,23750,30238,Nyctalus leisleri,0.011,0.029,-1,Echolocation,/mnt/ubna_data_02_mir/recover-20221013/UBNA_001/20221012_030000.WAV,Telephone Field,recover-20221013,001,1795
1283.5395,1283.5512,23750,29192,Nyctalus leisleri,0.015,0.034,-1,Echolocation,/mnt/ubna_data_02_mir/recover-20221013/UBNA_001/20221012_030000.WAV,Telephone Field,recover-20221013,001,1795
1283.5465,1283.5824,68437,81776,Rhinolophus ferrumequinum,0.024,0.024,-1,Echolocation,/mnt/ubna_data_02_mir/recover-20221013/UBNA_001/20221012_030000.WAV,Telephone Field,recover-20221013,001,1795
1283.5655,1283.6035,68437,82104,Rhinolophus ferrumequinum,0.022,0.022,-1,Echolocation,/mnt/ubna_data_02_mir/recover-20221013/UBNA_001/20221012_030000.WAV,Telephone Field,recover-20221013,001,1795
1283.6165,1283.6516,68437,80492,Rhinolophus ferrumequinum,0.023,0.023,-1,Echolocation,/mnt/ubna_data_02_mir/recover-20221013/UBNA_001/20221012_030000.WAV,Telephone Field,recover-20221013,001,1795
1283.6405,1283.6796,68437,82352,Rhinolophus ferrumequinum,0.024,0.024,-1,Echolocation,/mnt/ubna_data_02_mir/recover-20221013/UBNA_001/20221012_030000.WAV,Telephone Field,recover-20221013,001,1795
1283.6665,1283.7063,68437,82152,Rhinolophus ferrumequinum,0.022,0.022,-1,Echolocation,/mnt/ubna_data_02_mir/recover-20221013/UBNA_001/20221012_030000.WAV,Telephone Field,recover-20221013,001,1795
1283.6685,1283.6767,28046,38551,Eptesicus serotinus,0.008,0.022,-1,Echolocation,/mnt/ubna_data_02_mir/recover-20221013/UBNA_001/20221012_030000.WAV,Telephone Field,recover-20221013,001,1795
1283.7135,1283.7206,28906,39674,Eptesicus serotinus,0.006,0.024,-1,Echolocation,/mnt/ubna_data_02_mir/recover-20221013/UBNA_001/20221012_030000.WAV,Telephone Field,recover-20221013,001,1795
1283.7145,1283.7211,23750,32820,Plecotus austriacus,0.015,0.028,-1,Echolocation,/mnt/ubna_data_02_mir/recover-20221013/UBNA_001/20221012_030000.WAV,Telephone Field,recover-20221013,001,1795
1283.8205,1283.8617,68437,83019,Rhinolophus ferrumequinum,0.032,0.032,-1,Echolocation,/mnt/ubna_data_02_mir/recover-20221013/UBNA_001/20221012_030000.WAV,Telephone Field,recover-20221013,001,1795
1283.8375,1283.8446,27187,39405,Eptesicus serotinus,0.008,0.029,-1,Echolocation,/mnt/ubna_data_02_mir/recover-20221013/UBNA_001/20221012_030000.WAV,Telephone Field,recover-20221013,001,1795
1283.8445,1283.8829,68437,82393,Rhinolophus ferrumequinum,0.022,0.022,-1,Echolocation,/mnt/ubna_data_02_mir/recover-20221013/UBNA_001/20221012_030000.WAV,Telephone Field,recover-20221013,001,1795
1283.8755,1283.9173,68437,83070,Rhinolophus ferrumequinum,0.035,0.035,-1,Echolocation,/mnt/ubna_data_02_mir/recover-20221013/UBNA_001/20221012_030000.WAV,Telephone Field,recover-20221013,001,1795
1283.9035,1283.9398,68437,81398,Rhinolophus ferrumequinum,0.024,0.024,-1,Echolocation,/mnt/ubna_data_02_mir/recover-20221013/UBNA_001/20221012_030000.WAV,Telephone Field,recover-20221013,001,1795
1283.9495,1283.9857,68437,82337,Rhinolophus ferrumequinum,0.022,0.022,-1,Echolocation,/mnt/ubna_data_02_mir/recover-20221013/UBNA_001/20221012_030000.WAV,Telephone Field,recover-20221013,001,1795
1283.9805,1283.99,49531,54224,Pipistrellus pipistrellus,0.017,0.023,-1,Echolocation,/mnt/ubna_data_02_mir/recover-20221013/UBNA_001/20221012_030000.WAV,Telephone Field,recover-20221013,001,1795
1283.9855,1283.9942,27187,37613,Eptesicus serotinus,0.008,0.023,-1,Echolocation,/mnt/ubna_data_02_mir/recover-20221013/UBNA_001/20221012_030000.WAV,Telephone Field,recover-20221013,001,1795
1284.0015,1284.035,68437,79715,Rhinolophus ferrumequinum,0.027,0.027,-1,Echolocation,/mnt/ubna_data_02_mir/recover-20221013/UBNA_001/20221012_030000.WAV,Telephone Field,recover-20221013,001,1795
1284.0015,1284.0104,27187,34903,Eptesicus serotinus,0.009,0.028,-1,Echolocation,/mnt/ubna_data_02_mir/recover-20221013/UBNA_001/20221012_030000.WAV,Telephone Field,recover-20221013,001,1795
1284.0015,1284.0113,37500,43521,Pipistrellus nathusii,0.009,0.022,-1,Echolocation,/mnt/ubna_data_02_mir/recover-20221013/UBNA_001/20221012_030000.WAV,Telephone Field,recover-20221013,001,1795
1284.0015,1284.0103,22031,28288,Nyctalus leisleri,0.009,0.025,-1,Echolocation,/mnt/ubna_data_02_mir/recover-20221013/UBNA_001/20221012_030000.WAV,Telephone Field,recover-20221013,001,1795
1284.0125,1284.0563,68437,83248,Rhinolophus ferrumequinum,0.023,0.023,-1,Echolocation,/mnt/ubna_data_02_mir/recover-20221013/UBNA_001/20221012_030000.WAV,Telephone Field,recover-20221013,001,1795
1284.0315,1284.0394000000001,27187,37863,Eptesicus serotinus,0.007,0.023,-1,Echolocation,/mnt/ubna_data_02_mir/recover-20221013/UBNA_001/20221012_030000.WAV,Telephone Field,recover-20221013,001,1795
1284.0555,1284.094,68437,82435,Rhinolophus ferrumequinum,0.021,0.021,-1,Echolocation,/mnt/ubna_data_02_mir/recover-20221013/UBNA_001/20221012_030000.WAV,Telephone Field,recover-20221013,001,1795
1284.0585,1284.071,23750,29360,Nyctalus leisleri,0.009,0.022,-1,Echolocation,/mnt/ubna_data_02_mir/recover-20221013/UBNA_001/20221012_030000.WAV,Telephone Field,recover-20221013,001,1795
1284.0695,1284.0778,23750,31875,Plecotus austriacus,0.008,0.023,-1,Echolocation,/mnt/ubna_data_02_mir/recover-20221013/UBNA_001/20221012_030000.WAV,Telephone Field,recover-20221013,001,1795
1284.1145,1284.1507,68437,81776,Rhinolophus ferrumequinum,0.027,0.027,-1,Echolocation,/mnt/ubna_data_02_mir/recover-20221013/UBNA_001/20221012_030000.WAV,Telephone Field,recover-20221013,001,1795
1284.1335,1284.1413,28046,39331,Eptesicus serotinus,0.008,0.023,-1,Echolocation,/mnt/ubna_data_02_mir/recover-20221013/UBNA_001/20221012_030000.WAV,Telephone Field,recover-20221013,001,1795
1284.1595,1284.1664,27187,43045,Eptesicus serotinus,0.006,0.023,-1,Echolocation,/mnt/ubna_data_02_mir/recover-20221013/UBNA_001/20221012_030000.WAV,Telephone Field,recover-20221013,001,1795
1284.1715,1284.2071,68437,81434,Rhinolophus ferrumequinum,0.021,0.021,-1,Echolocation,/mnt/ubna_data_02_mir/recover-20221013/UBNA_001/20221012_030000.WAV,Telephone Field,recover-20221013,001,1795
1284.1825,1284.2202,68437,82065,Rhinolophus ferrumequinum,0.021,0.021,-1,Echolocation,/mnt/ubna_data_02_mir/recover-20221013/UBNA_001/20221012_030000.WAV,Telephone Field,recover-20221013,001,1795
1284.2155,1284.2586000000001,68437,83202,Rhinolophus ferrumequinum,0.024,0.024,-1,Echolocation,/mnt/ubna_data_02_mir/recover-20221013/UBNA_001/20221012_030000.WAV,Telephone Field,recover-20221013,001,1795
1284.2275,1284.2356,28046,39318,Eptesicus serotinus,0.006,0.022,-1,Echolocation,/mnt/ubna_data_02_mir/recover-20221013/UBNA_001/20221012_030000.WAV,Telephone Field,recover-20221013,001,1795
1284.3155,1284.3518,68437,81265,Rhinolophus ferrumequinum,0.023,0.023,-1,Echolocation,/mnt/ubna_data_02_mir/recover-20221013/UBNA_001/20221012_030000.WAV,Telephone Field,recover-20221013,001,1795
1284.3485,1284.3646,20312,23403,Nyctalus leisleri,0.015,0.024,-1,Echolocation,/mnt/ubna_data_02_mir/recover-20221013/UBNA_001/20221012_030000.WAV,Telephone Field,recover-20221013,001,1795
1284.3765,1284.414,68437,82116,Rhinolophus ferrumequinum,0.021,0.021,-1,Echolocation,/mnt/ubna_data_02_mir/recover-20221013/UBNA_001/20221012_030000.WAV,Telephone Field,recover-20221013,001,1795
1284.4125,1284.4502,68437,82390,Rhinolophus ferrumequinum,0.024,0.024,-1,Echolocation,/mnt/ubna_data_02_mir/recover-20221013/UBNA_001/20221012_030000.WAV,Telephone Field,recover-20221013,001,1795
1284.4125,1284.4215,27187,36863,Eptesicus serotinus,0.008,0.023,-1,Echolocation,/mnt/ubna_data_02_mir/recover-20221013/UBNA_001/20221012_030000.WAV,Telephone Field,recover-20221013,001,1795
1284.4825,1284.5224,68437,82245,Rhinolophus ferrumequinum,0.024,0.024,-1,Echolocation,/mnt/ubna_data_02_mir/recover-20221013/UBNA_001/20221012_030000.WAV,Telephone Field,recover-20221013,001,1795
1284.4955,1284.5007,38359,60527,Myotis mystacinus,0.008,0.023,-1,Echolocation,/mnt/ubna_data_02_mir/recover-20221013/UBNA_001/20221012_030000.WAV,Telephone Field,recover-20221013,001,1795
1284.5525,1284.5632,23750,29944,Nyctalus leisleri,0.012,0.031,-1,Echolocation,/mnt/ubna_data_02_mir/recover-20221013/UBNA_001/20221012_030000.WAV,Telephone Field,recover-20221013,001,1795
1284.5625,1284.6009,68437,81896,Rhinolophus ferrumequinum,0.021,0.021,-1,Echolocation,/mnt/ubna_data_02_mir/recover-20221013/UBNA_001/20221012_030000.WAV,Telephone Field,recover-20221013,001,1795
1284.5725,1284.5815,27187,37384,Eptesicus serotinus,0.008,0.022,-1,Echolocation,/mnt/ubna_data_02_mir/recover-20221013/UBNA_001/20221012_030000.WAV,Telephone Field,recover-20221013,001,1795
1284.5995,1284.6391,68437,81995,Rhinolophus ferrumequinum,0.021,0.021,-1,Echolocation,/mnt/ubna_data_02_mir/recover-20221013/UBNA_001/20221012_030000.WAV,Telephone Field,recover-20221013,001,1795
1284.6505,1284.6903,68437,82346,Rhinolophus ferrumequinum,0.023,0.023,-1,Echolocation,/mnt/ubna_data_02_mir/recover-20221013/UBNA_001/20221012_030000.WAV,Telephone Field,recover-20221013,001,1795
1284.6975,1284.7054,28906,39461,Eptesicus serotinus,0.006,0.023,-1,Echolocation,/mnt/ubna_data_02_mir/recover-20221013/UBNA_001/20221012_030000.WAV,Telephone Field,recover-20221013,001,1795
1284.7235,1284.7295,27187,39269,Myotis daubentonii,0.005,0.028,-1,Echolocation,/mnt/ubna_data_02_mir/recover-20221013/UBNA_001/20221012_030000.WAV,Telephone Field,recover-20221013,001,1795
1284.7505,1284.79,68437,81746,Rhinolophus ferrumequinum,0.022,0.022,-1,Echolocation,/mnt/ubna_data_02_mir/recover-20221013/UBNA_001/20221012_030000.WAV,Telephone Field,recover-20221013,001,1795
1284.7785,1284.8177,68437,82415,Rhinolophus ferrumequinum,0.023,0.023,-1,Echolocation,/mnt/ubna_data_02_mir/recover-20221013/UBNA_001/20221012_030000.WAV,Telephone Field,recover-20221013,001,1795
1284.7795,1284.7902,22890,29039,Nyctalus leisleri,0.009,0.023,-1,Echolocation,/mnt/ubna_data_02_mir/recover-20221013/UBNA_001/20221012_030000.WAV,Telephone Field,recover-20221013,001,1795
1284.8205,1284.8279,28046,40439,Eptesicus serotinus,0.007,0.022,-1,Echolocation,/mnt/ubna_data_02_mir/recover-20221013/UBNA_001/20221012_030000.WAV,Telephone Field,recover-20221013,001,1795
1284.9555,1284.998,68437,82297,Rhinolophus ferrumequinum,0.022,0.022,-1,Echolocation,/mnt/ubna_data_02_mir/recover-20221013/UBNA_001/20221012_030000.WAV,Telephone Field,recover-20221013,001,1795
1284.9805,1285.0203,68437,82552,Rhinolophus ferrumequinum,0.023,0.023,-1,Echolocation,/mnt/ubna_data_02_mir/recover-20221013/UBNA_001/20221012_030000.WAV,Telephone Field,recover-20221013,001,1795
1285.0045,1285.0429,68437,82208,Rhinolophus ferrumequinum,0.021,0.021,-1,Echolocation,/mnt/ubna_data_02_mir/recover-20221013/UBNA_001/20221012_030000.WAV,Telephone Field,recover-20221013,001,1795
1285.0075,1285.0174,25468,33430,Eptesicus serotinus,0.012,0.027,-1,Echolocation,/mnt/ubna_data_02_mir/recover-20221013/UBNA_001/20221012_030000.WAV,Telephone Field,recover-20221013,001,1795
1285.0275,1285.0656,68437,81020,Rhinolophus ferrumequinum,0.042,0.042,-1,Echolocation,/mnt/ubna_data_02_mir/recover-20221013/UBNA_001/20221012_030000.WAV,Telephone Field,recover-20221013,001,1795
1285.0535,1285.0926,68437,82265,Rhinolophus ferrumequinum,0.022,0.022,-1,Echolocation,/mnt/ubna_data_02_mir/recover-20221013/UBNA_001/20221012_030000.WAV,Telephone Field,recover-20221013,001,1795
1285.0875,1285.0953,26328,37435,Eptesicus serotinus,0.007,0.023,-1,Echolocation,/mnt/ubna_data_02_mir/recover-20221013/UBNA_001/20221012_030000.WAV,Telephone Field,recover-20221013,001,1795
1285.0945,1285.102,48671,58061,Pipistrellus pipistrellus,0.02,0.026,-1,Echolocation,/mnt/ubna_data_02_mir/recover-20221013/UBNA_001/20221012_030000.WAV,Telephone Field,recover-20221013,001,1795
1285.0985,1285.1399,68437,82263,Rhinolophus ferrumequinum,0.022,0.022,-1,Echolocation,/mnt/ubna_data_02_mir/recover-20221013/UBNA_001/20221012_030000.WAV,Telephone Field,recover-20221013,001,1795
1285.1105,1285.1501,68437,82023,Rhinolophus ferrumequinum,0.023,0.023,-1,Echolocation,/mnt/ubna_data_02_mir/recover-20221013/UBNA_001/20221012_030000.WAV,Telephone Field,recover-20221013,001,1795
1285.1345,1285.1779,68437,83146,Rhinolophus ferrumequinum,0.022,0.022,-1,Echolocation,/mnt/ubna_data_02_mir/recover-20221013/UBNA_001/20221012_030000.WAV,Telephone Field,recover-20221013,001,1795
1285.1705,1285.1811,24609,31725,Nyctalus leisleri,0.009,0.028,-1,Echolocation,/mnt/ubna_data_02_mir/recover-20221013/UBNA_001/20221012_030000.WAV,Telephone Field,recover-20221013,001,1795
1285.2145,1285.2567,68437,82473,Rhinolophus ferrumequinum,0.028,0.028,-1,Echolocation,/mnt/ubna_data_02_mir/recover-20221013/UBNA_001/20221012_030000.WAV,Telephone Field,recover-20221013,001,1795
1285.2555,1285.2959,68437,82757,Rhinolophus ferrumequinum,0.024,0.024,-1,Echolocation,/mnt/ubna_data_02_mir/recover-20221013/UBNA_001/20221012_030000.WAV,Telephone Field,recover-20221013,001,1795
1285.2625,1285.3045,68437,83583,Rhinolophus ferrumequinum,0.023,0.023,-1,Echolocation,/mnt/ubna_data_02_mir/recover-20221013/UBNA_001/20221012_030000.WAV,Telephone Field,recover-20221013,001,1795
1285.3165,1285.3257,50390,55343,Pipistrellus pipistrellus,0.023,0.027,-1,Echolocation,/mnt/ubna_data_02_mir/recover-20221013/UBNA_001/20221012_030000.WAV,Telephone Field,recover-20221013,001,1795
1285.3185,1285.3274,27187,37285,Eptesicus serotinus,0.009,0.025,-1,Echolocation,/mnt/ubna_data_02_mir/recover-20221013/UBNA_001/20221012_030000.WAV,Telephone Field,recover-20221013,001,1795
1285.3485,1285.3553,48671,58210,Pipistrellus pipistrellus,0.017,0.021,-1,Echolocation,/mnt/ubna_data_02_mir/recover-20221013/UBNA_001/20221012_030000.WAV,Telephone Field,recover-20221013,001,1795
1285.3735,1285.3834,24609,32604,Nyctalus leisleri,0.01,0.032,-1,Echolocation,/mnt/ubna_data_02_mir/recover-20221013/UBNA_001/20221012_030000.WAV,Telephone Field,recover-20221013,001,1795
1285.3985,1285.4399,68437,83117,Rhinolophus ferrumequinum,0.021,0.021,-1,Echolocation,/mnt/ubna_data_02_mir/recover-20221013/UBNA_001/20221012_030000.WAV,Telephone Field,recover-20221013,001,1795
1285.4235,1285.4615,68437,81353,Rhinolophus ferrumequinum,0.024,0.024,-1,Echolocation,/mnt/ubna_data_02_mir/recover-20221013/UBNA_001/20221012_030000.WAV,Telephone Field,recover-20221013,001,1795
1285.4685,1285.5086000000001,68437,82300,Rhinolophus ferrumequinum,0.021,0.021,-1,Echolocation,/mnt/ubna_data_02_mir/recover-20221013/UBNA_001/20221012_030000.WAV,Telephone Field,recover-20221013,001,1795
1285.5075,1285.5175,22031,27755,Nyctalus leisleri,0.01,0.026,-1,Echolocation,/mnt/ubna_data_02_mir/recover-20221013/UBNA_001/20221012_030000.WAV,Telephone Field,recover-20221013,001,1795
1285.5225,1285.5632,68437,82794,Rhinolophus ferrumequinum,0.022,0.022,-1,Echolocation,/mnt/ubna_data_02_mir/recover-20221013/UBNA_001/20221012_030000.WAV,Telephone Field,recover-20221013,001,1795
1285.5465,1285.5829,68437,81215,Rhinolophus ferrumequinum,0.021,0.021,-1,Echolocation,/mnt/ubna_data_02_mir/recover-20221013/UBNA_001/20221012_030000.WAV,Telephone Field,recover-20221013,001,1795
1285.5505,1285.5583,28046,37889,Eptesicus serotinus,0.01,0.027,-1,Echolocation,/mnt/ubna_data_02_mir/recover-20221013/UBNA_001/20221012_030000.WAV,Telephone Field,recover-20221013,001,1795
1285.6245,1285.6631,68437,82321,Rhinolophus ferrumequinum,0.026,0.026,-1,Echolocation,/mnt/ubna_data_02_mir/recover-20221013/UBNA_001/20221012_030000.WAV,Telephone Field,recover-20221013,001,1795
1285.6275,1285.6361,27187,38740,Eptesicus serotinus,0.008,0.023,-1,Echolocation,/mnt/ubna_data_02_mir/recover-20221013/UBNA_001/20221012_030000.WAV,Telephone Field,recover-20221013,001,1795
1285.6545,1285.697,68437,83536,Rhinolophus ferrumequinum,0.032,0.032,-1,Echolocation,/mnt/ubna_data_02_mir/recover-20221013/UBNA_001/20221012_030000.WAV,Telephone Field,recover-20221013,001,1795
1285.6765,1285.7174,68437,82953,Rhinolophus ferrumequinum,0.027,0.027,-1,Echolocation,/mnt/ubna_data_02_mir/recover-20221013/UBNA_001/20221012_030000.WAV,Telephone Field,recover-20221013,001,1795
1285.7585,1285.8023,68437,83451,Rhinolophus ferrumequinum,0.027,0.027,-1,Echolocation,/mnt/ubna_data_02_mir/recover-20221013/UBNA_001/20221012_030000.WAV,Telephone Field,recover-20221013,001,1795
1285.7855,1285.7953,22031,27449,Nyctalus leisleri,0.009,0.023,-1,Echolocation,/mnt/ubna_data_02_mir/recover-20221013/UBNA_001/20221012_030000.WAV,Telephone Field,recover-20221013,001,1795
1285.7865,1285.8252,68437,82004,Rhinolophus ferrumequinum,0.021,0.022,-1,Echolocation,/mnt/ubna_data_02_mir/recover-20221013/UBNA_001/20221012_030000.WAV,Telephone Field,recover-20221013,001,1795
1285.8025,1285.8412,68437,82795,Rhinolophus ferrumequinum,0.024,0.024,-1,Echolocation,/mnt/ubna_data_02_mir/recover-20221013/UBNA_001/20221012_030000.WAV,Telephone Field,recover-20221013,001,1795
1285.8235,1285.8613,68437,82160,Rhinolophus ferrumequinum,0.023,0.023,-1,Echolocation,/mnt/ubna_data_02_mir/recover-20221013/UBNA_001/20221012_030000.WAV,Telephone Field,recover-20221013,001,1795
1285.8245,1285.833,27187,37253,Eptesicus serotinus,0.006,0.025,-1,Echolocation,/mnt/ubna_data_02_mir/recover-20221013/UBNA_001/20221012_030000.WAV,Telephone Field,recover-20221013,001,1795
1285.8585,1285.8956,68437,81798,Rhinolophus ferrumequinum,0.021,0.021,-1,Echolocation,/mnt/ubna_data_02_mir/recover-20221013/UBNA_001/20221012_030000.WAV,Telephone Field,recover-20221013,001,1795
1285.8605,1285.8671,28046,40627,Eptesicus serotinus,0.007,0.027,-1,Echolocation,/mnt/ubna_data_02_mir/recover-20221013/UBNA_001/20221012_030000.WAV,Telephone Field,recover-20221013,001,1795
1285.8815,1285.9242,68437,82514,Rhinolophus ferrumequinum,0.028,0.028,-1,Echolocation,/mnt/ubna_data_02_mir/recover-20221013/UBNA_001/20221012_030000.WAV,Telephone Field,recover-20221013,001,1795
1285.9055,1285.9136,27187,38085,Eptesicus serotinus,0.01,0.029,-1,Echolocation,/mnt/ubna_data_02_mir/recover-20221013/UBNA_001/20221012_030000.WAV,Telephone Field,recover-20221013,001,1795
1286.0015,1286.0344,68437,80617,Rhinolophus ferrumequinum,0.035,0.036,-1,Echolocation,/mnt/ubna_data_02_mir/recover-20221013/UBNA_001/20221012_030000.WAV,Telephone Field,recover-20221013,001,1795
1286.0015,1286.013,26328,33526,Eptesicus serotinus,0.016,0.04,-1,Echolocation,/mnt/ubna_data_02_mir/recover-20221013/UBNA_001/20221012_030000.WAV,Telephone Field,recover-20221013,001,1795
1286.0125,1286.0262,28046,34117,Eptesicus serotinus,0.029,0.046,-1,Echolocation,/mnt/ubna_data_02_mir/recover-20221013/UBNA_001/20221012_030000.WAV,Telephone Field,recover-20221013,001,1795
1286.0385,1286.0441,38359,49918,Myotis daubentonii,0.005,0.022,-1,Echolocation,/mnt/ubna_data_02_mir/recover-20221013/UBNA_001/20221012_030000.WAV,Telephone Field,recover-20221013,001,1795
1286.0395,1286.0451,27187,52821,Myotis nattereri,0.008,0.03,-1,Echolocation,/mnt/ubna_data_02_mir/recover-20221013/UBNA_001/20221012_030000.WAV,Telephone Field,recover-20221013,001,1795
1286.0625,1286.0731,25468,30659,Nyctalus leisleri,0.01,0.024,-1,Echolocation,/mnt/ubna_data_02_mir/recover-20221013/UBNA_001/20221012_030000.WAV,Telephone Field,recover-20221013,001,1795
1286.0905,1286.1317,68437,82412,Rhinolophus ferrumequinum,0.022,0.022,-1,Echolocation,/mnt/ubna_data_02_mir/recover-20221013/UBNA_001/20221012_030000.WAV,Telephone Field,recover-20221013,001,1795
1286.1025,1286.1384,68437,82402,Rhinolophus ferrumequinum,0.022,0.022,-1,Echolocation,/mnt/ubna_data_02_mir/recover-20221013/UBNA_001/20221012_030000.WAV,Telephone Field,recover-20221013,001,1795
1286.1275,1286.1643,68437,82168,Rhinolophus ferrumequinum,0.023,0.023,-1,Echolocation,/mnt/ubna_data_02_mir/recover-20221013/UBNA_001/20221012_030000.WAV,Telephone Field,recover-20221013,001,1795
1286.1315,1286.1368,27187,44166,Plecotus auritus,0.006,0.031,-1,Echolocation,/mnt/ubna_data_02_mir/recover-20221013/UBNA_001/20221012_030000.WAV,Telephone Field,recover-20221013,001,1795
1286.1385,1286.175,68437,82177,Rhinolophus ferrumequinum,0.023,0.024,-1,Echolocation,/mnt/ubna_data_02_mir/recover-20221013/UBNA_001/20221012_030000.WAV,Telephone Field,recover-20221013,001,1795
1286.1515,1286.1905,68437,81540,Rhinolophus ferrumequinum,0.022,0.022,-1,Echolocation,/mnt/ubna_data_02_mir/recover-20221013/UBNA_001/20221012_030000.WAV,Telephone Field,recover-20221013,001,1795
1286.1695,1286.1799,28046,36999,Eptesicus serotinus,0.017,0.032,-1,Echolocation,/mnt/ubna_data_02_mir/recover-20221013/UBNA_001/20221012_030000.WAV,Telephone Field,recover-20221013,001,1795
1286.2185,1286.2551,68437,81472,Rhinolophus ferrumequinum,0.021,0.021,-1,Echolocation,/mnt/ubna_data_02_mir/recover-20221013/UBNA_001/20221012_030000.WAV,Telephone Field,recover-20221013,001,1795
1286.2405,1286.28,68437,82265,Rhinolophus ferrumequinum,0.023,0.023,-1,Echolocation,/mnt/ubna_data_02_mir/recover-20221013/UBNA_001/20221012_030000.WAV,Telephone Field,recover-20221013,001,1795
1286.2615,1286.3003,68437,82177,Rhinolophus ferrumequinum,0.026,0.026,-1,Echolocation,/mnt/ubna_data_02_mir/recover-20221013/UBNA_001/20221012_030000.WAV,Telephone Field,recover-20221013,001,1795
1286.2965,1286.3364,68437,81686,Rhinolophus ferrumequinum,0.022,0.022,-1,Echolocation,/mnt/ubna_data_02_mir/recover-20221013/UBNA_001/20221012_030000.WAV,Telephone Field,recover-20221013,001,1795
1286.3055,1286.3133,28046,40163,Eptesicus serotinus,0.007,0.022,-1,Echolocation,/mnt/ubna_data_02_mir/recover-20221013/UBNA_001/20221012_030000.WAV,Telephone Field,recover-20221013,001,1795
1286.3205,1286.3591,68437,81973,Rhinolophus ferrumequinum,0.021,0.021,-1,Echolocation,/mnt/ubna_data_02_mir/recover-20221013/UBNA_001/20221012_030000.WAV,Telephone Field,recover-20221013,001,1795
1286.3235,1286.3338,23750,29874,Nyctalus leisleri,0.009,0.025,-1,Echolocation,/mnt/ubna_data_02_mir/recover-20221013/UBNA_001/20221012_030000.WAV,Telephone Field,recover-20221013,001,1795
1286.3265,1286.3648,68437,81855,Rhinolophus ferrumequinum,0.021,0.022,-1,Echolocation,/mnt/ubna_data_02_mir/recover-20221013/UBNA_001/20221012_030000.WAV,Telephone Field,recover-20221013,001,1795
1286.3435,1286.3826,68437,81839,Rhinolophus ferrumequinum,0.024,0.024,-1,Echolocation,/mnt/ubna_data_02_mir/recover-20221013/UBNA_001/20221012_030000.WAV,Telephone Field,recover-20221013,001,1795
1286.3475,1286.3535,49531,58165,Pipistrellus pipistrellus,0.055,0.062,-1,Echolocation,/mnt/ubna_data_02_mir/recover-20221013/UBNA_001/20221012_030000.WAV,Telephone Field,recover-20221013,001,1795
1286.3645,1286.4011,68437,81683,Rhinolophus ferrumequinum,0.027,0.027,-1,Echolocation,/mnt/ubna_data_02_mir/recover-20221013/UBNA_001/20221012_030000.WAV,Telephone Field,recover-20221013,001,1795
1286.4025,1286.4437,68437,82364,Rhinolophus ferrumequinum,0.022,0.022,-1,Echolocation,/mnt/ubna_data_02_mir/recover-20221013/UBNA_001/20221012_030000.WAV,Telephone Field,recover-20221013,001,1795
1286.4115,1286.4201,24609,32626,Plecotus austriacus,0.006,0.025,-1,Echolocation,/mnt/ubna_data_02_mir/recover-20221013/UBNA_001/20221012_030000.WAV,Telephone Field,recover-20221013,001,1795
1286.4255,1286.4683,68437,82849,Rhinolophus ferrumequinum,0.024,0.024,-1,Echolocation,/mnt/ubna_data_02_mir/recover-20221013/UBNA_001/20221012_030000.WAV,Telephone Field,recover-20221013,001,1795
1286.4275,1286.4363,45234,54459,Pipistrellus pipistrellus,0.015,0.023,-1,Echolocation,/mnt/ubna_data_02_mir/recover-20221013/UBNA_001/20221012_030000.WAV,Telephone Field,recover-20221013,001,1795
1286.4655,1286.5025,68437,81659,Rhinolophus ferrumequinum,0.025,0.025,-1,Echolocation,/mnt/ubna_data_02_mir/recover-20221013/UBNA_001/20221012_030000.WAV,Telephone Field,recover-20221013,001,1795
1286.4725,1286.5122,68437,82959,Rhinolophus ferrumequinum,0.03,0.03,-1,Echolocation,/mnt/ubna_data_02_mir/recover-20221013/UBNA_001/20221012_030000.WAV,Telephone Field,recover-20221013,001,1795
1286.4765,1286.4833,28906,39920,Eptesicus serotinus,0.007,0.025,-1,Echolocation,/mnt/ubna_data_02_mir/recover-20221013/UBNA_001/20221012_030000.WAV,Telephone Field,recover-20221013,001,1795
1286.5065,1286.5162,26328,37728,Eptesicus serotinus,0.008,0.023,-1,Echolocation,/mnt/ubna_data_02_mir/recover-20221013/UBNA_001/20221012_030000.WAV,Telephone Field,recover-20221013,001,1795
1286.5225,1286.5602,68437,81766,Rhinolophus ferrumequinum,0.024,0.024,-1,Echolocation,/mnt/ubna_data_02_mir/recover-20221013/UBNA_001/20221012_030000.WAV,Telephone Field,recover-20221013,001,1795
1286.5295,1286.5405,25468,32109,Eptesicus serotinus,0.009,0.021,-1,Echolocation,/mnt/ubna_data_02_mir/recover-20221013/UBNA_001/20221012_030000.WAV,Telephone Field,recover-20221013,001,1795
1286.5705,1286.5809,23750,29923,Nyctalus leisleri,0.009,0.024,-1,Echolocation,/mnt/ubna_data_02_mir/recover-20221013/UBNA_001/20221012_030000.WAV,Telephone Field,recover-20221013,001,1795
1286.5785,1286.6184,68437,82348,Rhinolophus ferrumequinum,0.026,0.026,-1,Echolocation,/mnt/ubna_data_02_mir/recover-20221013/UBNA_001/20221012_030000.WAV,Telephone Field,recover-20221013,001,1795
1286.6035,1286.6437,68437,82513,Rhinolophus ferrumequinum,0.021,0.021,-1,Echolocation,/mnt/ubna_data_02_mir/recover-20221013/UBNA_001/20221012_030000.WAV,Telephone Field,recover-20221013,001,1795
1286.6075,1286.6163999999999,27187,36473,Eptesicus serotinus,0.011,0.024,-1,Echolocation,/mnt/ubna_data_02_mir/recover-20221013/UBNA_001/20221012_030000.WAV,Telephone Field,recover-20221013,001,1795
1286.6315,1286.6412,28906,37010,Eptesicus serotinus,0.009,0.022,-1,Echolocation,/mnt/ubna_data_02_mir/recover-20221013/UBNA_001/20221012_030000.WAV,Telephone Field,recover-20221013,001,1795
1286.6435,1286.6512,30625,41227,Myotis daubentonii,0.006,0.021,-1,Echolocation,/mnt/ubna_data_02_mir/recover-20221013/UBNA_001/20221012_030000.WAV,Telephone Field,recover-20221013,001,1795
1286.6555,1286.6936,68437,82864,Rhinolophus ferrumequinum,0.028,0.028,-1,Echolocation,/mnt/ubna_data_02_mir/recover-20221013/UBNA_001/20221012_030000.WAV,Telephone Field,recover-20221013,001,1795
1286.6625,1286.7009,68437,82740,Rhinolophus ferrumequinum,0.025,0.025,-1,Echolocation,/mnt/ubna_data_02_mir/recover-20221013/UBNA_001/20221012_030000.WAV,Telephone Field,recover-20221013,001,1795
1286.6695,1286.7057,68437,82209,Rhinolophus ferrumequinum,0.022,0.022,-1,Echolocation,/mnt/ubna_data_02_mir/recover-20221013/UBNA_001/20221012_030000.WAV,Telephone Field,recover-20221013,001,1795
1286.6785,1286.7178,68437,82533,Rhinolophus ferrumequinum,0.024,0.024,-1,Echolocation,/mnt/ubna_data_02_mir/recover-20221013/UBNA_001/20221012_030000.WAV,Telephone Field,recover-20221013,001,1795
1286.7035,1286.7445,68437,82571,Rhinolophus ferrumequinum,0.026,0.026,-1,Echolocation,/mnt/ubna_data_02_mir/recover-20221013/UBNA_001/20221012_030000.WAV,Telephone Field,recover-20221013,001,1795
1286.7545,1286.7933,68437,82037,Rhinolophus ferrumequinum,0.022,0.023,-1,Echolocation,/mnt/ubna_data_02_mir/recover-20221013/UBNA_001/20221012_030000.WAV,Telephone Field,recover-20221013,001,1795
1286.7785,1286.7848,27187,48145,Eptesicus serotinus,0.005,0.022,-1,Echolocation,/mnt/ubna_data_02_mir/recover-20221013/UBNA_001/20221012_030000.WAV,Telephone Field,recover-20221013,001,1795
1286.7785,1286.784,37500,46938,Myotis daubentonii,0.008,0.024,-1,Echolocation,/mnt/ubna_data_02_mir/recover-20221013/UBNA_001/20221012_030000.WAV,Telephone Field,recover-20221013,001,1795
1286.8095,1286.8491,68437,82387,Rhinolophus ferrumequinum,0.027,0.027,-1,Echolocation,/mnt/ubna_data_02_mir/recover-20221013/UBNA_001/20221012_030000.WAV,Telephone Field,recover-20221013,001,1795
1286.8105,1286.8211000000001,22031,27580,Nyctalus leisleri,0.01,0.025,-1,Echolocation,/mnt/ubna_data_02_mir/recover-20221013/UBNA_001/20221012_030000.WAV,Telephone Field,recover-20221013,001,1795
1286.8105,1286.818,27187,40827,Eptesicus serotinus,0.006,0.021,-1,Echolocation,/mnt/ubna_data_02_mir/recover-20221013/UBNA_001/20221012_030000.WAV,Telephone Field,recover-20221013,001,1795
1286.8115,1286.8177,51250,60119,Pipistrellus pipistrellus,0.018,0.022,-1,Echolocation,/mnt/ubna_data_02_mir/recover-20221013/UBNA_001/20221012_030000.WAV,Telephone Field,recover-20221013,001,1795
1286.8135,1286.8185,38359,62482,Myotis brandtii,0.009,0.027,-1,Echolocation,/mnt/ubna_data_02_mir/recover-20221013/UBNA_001/20221012_030000.WAV,Telephone Field,recover-20221013,001,1795
1286.8385,1286.8767,68437,82164,Rhinolophus ferrumequinum,0.022,0.022,-1,Echolocation,/mnt/ubna_data_02_mir/recover-20221013/UBNA_001/20221012_030000.WAV,Telephone Field,recover-20221013,001,1795
1286.8645,1286.8733,28046,39285,Eptesicus serotinus,0.01,0.027,-1,Echolocation,/mnt/ubna_data_02_mir/recover-20221013/UBNA_001/20221012_030000.WAV,Telephone Field,recover-20221013,001,1795
1286.8835,1286.922,68437,81876,Rhinolophus ferrumequinum,0.026,0.026,-1,Echolocation,/mnt/ubna_data_02_mir/recover-20221013/UBNA_001/20221012_030000.WAV,Telephone Field,recover-20221013,001,1795
1286.8925,1286.926,68437,80992,Rhinolophus ferrumequinum,0.024,0.024,-1,Echolocation,/mnt/ubna_data_02_mir/recover-20221013/UBNA_001/20221012_030000.WAV,Telephone Field,recover-20221013,001,1795
1286.9085,1286.9183,25468,33376,Eptesicus serotinus,0.009,0.022,-1,Echolocation,/mnt/ubna_data_02_mir/recover-20221013/UBNA_001/20221012_030000.WAV,Telephone Field,recover-20221013,001,1795
1286.9105,1286.9478,68437,81521,Rhinolophus ferrumequinum,0.021,0.021,-1,Echolocation,/mnt/ubna_data_02_mir/recover-20221013/UBNA_001/20221012_030000.WAV,Telephone Field,recover-20221013,001,1795
1286.9385,1286.979,68437,82853,Rhinolophus ferrumequinum,0.023,0.023,-1,Echolocation,/mnt/ubna_data_02_mir/recover-20221013/UBNA_001/20221012_030000.WAV,Telephone Field,recover-20221013,001,1795
1286.9575,1286.9963,68437,81530,Rhinolophus ferrumequinum,0.021,0.021,-1,Echolocation,/mnt/ubna_data_02_mir/recover-20221013/UBNA_001/20221012_030000.WAV,Telephone Field,recover-20221013,001,1795
1286.9835,1286.9924,28046,40029,Eptesicus serotinus,0.009,0.023,-1,Echolocation,/mnt/ubna_data_02_mir/recover-20221013/UBNA_001/20221012_030000.WAV,Telephone Field,recover-20221013,001,1795
1286.9835,1287.0266,68437,83414,Rhinolophus ferrumequinum,0.063,0.063,-1,Echolocation,/mnt/ubna_data_02_mir/recover-20221013/UBNA_001/20221012_030000.WAV,Telephone Field,recover-20221013,001,1795
1286.9955,1287.0038,28046,37422,Eptesicus serotinus,0.008,0.022,-1,Echolocation,/mnt/ubna_data_02_mir/recover-20221013/UBNA_001/20221012_030000.WAV,Telephone Field,recover-20221013,001,1795
1287.0185,1287.0271,28046,39479,Eptesicus serotinus,0.008,0.023,-1,Echolocation,/mnt/ubna_data_02_mir/recover-20221013/UBNA_001/20221012_030000.WAV,Telephone Field,recover-20221013,001,1795
1287.0285,1287.0361,23750,31368,Plecotus austriacus,0.009,0.022,-1,Echolocation,/mnt/ubna_data_02_mir/recover-20221013/UBNA_001/20221012_030000.WAV,Telephone Field,recover-20221013,001,1795
1287.0415,1287.0605,20312,23579,Nyctalus leisleri,0.016,0.031,-1,Echolocation,/mnt/ubna_data_02_mir/recover-20221013/UBNA_001/20221012_030000.WAV,Telephone Field,recover-20221013,001,1795
1287.0415,1287.0819,68437,82623,Rhinolophus ferrumequinum,0.034,0.034,-1,Echolocation,/mnt/ubna_data_02_mir/recover-20221013/UBNA_001/20221012_030000.WAV,Telephone Field,recover-20221013,001,1795
1287.0625,1287.0996,68437,81712,Rhinolophus ferrumequinum,0.021,0.021,-1,Echolocation,/mnt/ubna_data_02_mir/recover-20221013/UBNA_001/20221012_030000.WAV,Telephone Field,recover-20221013,001,1795
1287.0675,1287.0753,28046,38940,Eptesicus serotinus,0.007,0.022,-1,Echolocation,/mnt/ubna_data_02_mir/recover-20221013/UBNA_001/20221012_030000.WAV,Telephone Field,recover-20221013,001,1795
1287.0985,1287.1396,68437,83204,Rhinolophus ferrumequinum,0.03,0.03,-1,Echolocation,/mnt/ubna_data_02_mir/recover-20221013/UBNA_001/20221012_030000.WAV,Telephone Field,recover-20221013,001,1795
1287.1165,1287.1242,28046,38064,Eptesicus serotinus,0.007,0.023,-1,Echolocation,/mnt/ubna_data_02_mir/recover-20221013/UBNA_001/20221012_030000.WAV,Telephone Field,recover-20221013,001,1795
1287.1205,1287.1606,68437,82764,Rhinolophus ferrumequinum,0.021,0.021,-1,Echolocation,/mnt/ubna_data_02_mir/recover-20221013/UBNA_001/20221012_030000.WAV,Telephone Field,recover-20221013,001,1795
1287.1515,1287.1689,20312,23474,Nyctalus leisleri,0.017,0.031,-1,Echolocation,/mnt/ubna_data_02_mir/recover-20221013/UBNA_001/20221012_030000.WAV,Telephone Field,recover-20221013,001,1795
1287.1685,1287.2085,68437,82385,Rhinolophus ferrumequinum,0.022,0.022,-1,Echolocation,/mnt/ubna_data_02_mir/recover-20221013/UBNA_001/20221012_030000.WAV,Telephone Field,recover-20221013,001,1795
1287.1715,1287.1792,27187,40679,Eptesicus serotinus,0.007,0.021,-1,Echolocation,/mnt/ubna_data_02_mir/recover-20221013/UBNA_001/20221012_030000.WAV,Telephone Field,recover-20221013,001,1795
1287.1925,1287.2065,23750,28982,Nyctalus leisleri,0.017,0.035,-1,Echolocation,/mnt/ubna_data_02_mir/recover-20221013/UBNA_001/20221012_030000.WAV,Telephone Field,recover-20221013,001,1795
1287.2045,1287.2119,28046,40321,Eptesicus serotinus,0.007,0.025,-1,Echolocation,/mnt/ubna_data_02_mir/recover-20221013/UBNA_001/20221012_030000.WAV,Telephone Field,recover-20221013,001,1795
1287.2165,1287.2243,26328,35165,Eptesicus serotinus,0.009,0.024,-1,Echolocation,/mnt/ubna_data_02_mir/recover-20221013/UBNA_001/20221012_030000.WAV,Telephone Field,recover-20221013,001,1795
1287.2225,1287.2308,49531,55978,Pipistrellus pipistrellus,0.024,0.026,-1,Echolocation,/mnt/ubna_data_02_mir/recover-20221013/UBNA_001/20221012_030000.WAV,Telephone Field,recover-20221013,001,1795
1287.2345,1287.2433,28906,39733,Eptesicus serotinus,0.008,0.021,-1,Echolocation,/mnt/ubna_data_02_mir/recover-20221013/UBNA_001/20221012_030000.WAV,Telephone Field,recover-20221013,001,1795
1287.2485,1287.2581,28046,38405,Eptesicus serotinus,0.01,0.023,-1,Echolocation,/mnt/ubna_data_02_mir/recover-20221013/UBNA_001/20221012_030000.WAV,Telephone Field,recover-20221013,001,1795
1287.2495,1287.2884,68437,81940,Rhinolophus ferrumequinum,0.021,0.021,-1,Echolocation,/mnt/ubna_data_02_mir/recover-20221013/UBNA_001/20221012_030000.WAV,Telephone Field,recover-20221013,001,1795
1287.2715,1287.2767,47812,54825,Pipistrellus pipistrellus,0.024,0.027,-1,Echolocation,/mnt/ubna_data_02_mir/recover-20221013/UBNA_001/20221012_030000.WAV,Telephone Field,recover-20221013,001,1795
1287.2865,1287.303,21171,24466,Nyctalus leisleri,0.014,0.023,-1,Echolocation,/mnt/ubna_data_02_mir/recover-20221013/UBNA_001/20221012_030000.WAV,Telephone Field,recover-20221013,001,1795
1287.2945,1287.3035,28906,37656,Eptesicus serotinus,0.009,0.026,-1,Echolocation,/mnt/ubna_data_02_mir/recover-20221013/UBNA_001/20221012_030000.WAV,Telephone Field,recover-20221013,001,1795
1287.2955,1287.3275,68437,80247,Rhinolophus ferrumequinum,0.026,0.026,-1,Echolocation,/mnt/ubna_data_02_mir/recover-20221013/UBNA_001/20221012_030000.WAV,Telephone Field,recover-20221013,001,1795
1287.3215,1287.3633,68437,82941,Rhinolophus ferrumequinum,0.039,0.039,-1,Echolocation,/mnt/ubna_data_02_mir/recover-20221013/UBNA_001/20221012_030000.WAV,Telephone Field,recover-20221013,001,1795
1287.3505,1287.392,68437,83058,Rhinolophus ferrumequinum,0.03,0.03,-1,Echolocation,/mnt/ubna_data_02_mir/recover-20221013/UBNA_001/20221012_030000.WAV,Telephone Field,recover-20221013,001,1795
1287.3875,1287.4254,68437,82445,Rhinolophus ferrumequinum,0.021,0.021,-1,Echolocation,/mnt/ubna_data_02_mir/recover-20221013/UBNA_001/20221012_030000.WAV,Telephone Field,recover-20221013,001,1795
1287.4065,1287.4166,27187,34782,Eptesicus serotinus,0.011,0.026,-1,Echolocation,/mnt/ubna_data_02_mir/recover-20221013/UBNA_001/20221012_030000.WAV,Telephone Field,recover-20221013,001,1795
1287.4235,1287.4307,28046,36865,Eptesicus serotinus,0.005,0.021,-1,Echolocation,/mnt/ubna_data_02_mir/recover-20221013/UBNA_001/20221012_030000.WAV,Telephone Field,recover-20221013,001,1795
1287.4295,1287.4387,22031,27870,Plecotus austriacus,0.008,0.021,-1,Echolocation,/mnt/ubna_data_02_mir/recover-20221013/UBNA_001/20221012_030000.WAV,Telephone Field,recover-20221013,001,1795
1287.4325,1287.4434,42656,47317,Pipistrellus pipistrellus,0.02,0.037,-1,Echolocation,/mnt/ubna_data_02_mir/recover-20221013/UBNA_001/20221012_030000.WAV,Telephone Field,recover-20221013,001,1795
1287.4415,1287.4806,68437,82274,Rhinolophus ferrumequinum,0.021,0.021,-1,Echolocation,/mnt/ubna_data_02_mir/recover-20221013/UBNA_001/20221012_030000.WAV,Telephone Field,recover-20221013,001,1795
1287.4525,1287.4654,22031,27037,Nyctalus leisleri,0.018,0.039,-1,Echolocation,/mnt/ubna_data_02_mir/recover-20221013/UBNA_001/20221012_030000.WAV,Telephone Field,recover-20221013,001,1795
1287.4525,1287.4953,68437,83338,Rhinolophus ferrumequinum,0.024,0.025,-1,Echolocation,/mnt/ubna_data_02_mir/recover-20221013/UBNA_001/20221012_030000.WAV,Telephone Field,recover-20221013,001,1795
1287.4645,1287.5089,68437,83654,Rhinolophus ferrumequinum,0.034,0.034,-1,Echolocation,/mnt/ubna_data_02_mir/recover-20221013/UBNA_001/20221012_030000.WAV,Telephone Field,recover-20221013,001,1795
1287.5055,1287.5449,68437,82098,Rhinolophus ferrumequinum,0.028,0.028,-1,Echolocation,/mnt/ubna_data_02_mir/recover-20221013/UBNA_001/20221012_030000.WAV,Telephone Field,recover-20221013,001,1795
1287.5385,1287.5451,35781,42490,Barbastellus barbastellus,0.008,0.023,-1,Echolocation,/mnt/ubna_data_02_mir/recover-20221013/UBNA_001/20221012_030000.WAV,Telephone Field,recover-20221013,001,1795
1287.6005,1287.6122,37500,42556,Pipistrellus nathusii,0.01,0.022,-1,Echolocation,/mnt/ubna_data_02_mir/recover-20221013/UBNA_001/20221012_030000.WAV,Telephone Field,recover-20221013,001,1795
1287.6055,1287.6122,28046,38720,Eptesicus serotinus,0.006,0.021,-1,Echolocation,/mnt/ubna_data_02_mir/recover-20221013/UBNA_001/20221012_030000.WAV,Telephone Field,recover-20221013,001,1795
1287.6275,1287.6352,27187,40978,Eptesicus serotinus,0.007,0.021,-1,Echolocation,/mnt/ubna_data_02_mir/recover-20221013/UBNA_001/20221012_030000.WAV,Telephone Field,recover-20221013,001,1795
1287.6515,1287.6596,28046,39814,Eptesicus serotinus,0.007,0.022,-1,Echolocation,/mnt/ubna_data_02_mir/recover-20221013/UBNA_001/20221012_030000.WAV,Telephone Field,recover-20221013,001,1795
1287.6825,1287.7227,68437,82308,Rhinolophus ferrumequinum,0.023,0.023,-1,Echolocation,/mnt/ubna_data_02_mir/recover-20221013/UBNA_001/20221012_030000.WAV,Telephone Field,recover-20221013,001,1795
1287.7105,1287.7196,27187,36519,Eptesicus serotinus,0.009,0.022,-1,Echolocation,/mnt/ubna_data_02_mir/recover-20221013/UBNA_001/20221012_030000.WAV,Telephone Field,recover-20221013,001,1795
1287.7315,1287.7682,68437,81416,Rhinolophus ferrumequinum,0.022,0.022,-1,Echolocation,/mnt/ubna_data_02_mir/recover-20221013/UBNA_001/20221012_030000.WAV,Telephone Field,recover-20221013,001,1795
1287.7325,1287.7398,51250,55760,Pipistrellus pipistrellus,0.018,0.021,-1,Echolocation,/mnt/ubna_data_02_mir/recover-20221013/UBNA_001/20221012_030000.WAV,Telephone Field,recover-20221013,001,1795
1287.7435,1287.7517,28046,38640,Eptesicus serotinus,0.008,0.022,-1,Echolocation,/mnt/ubna_data_02_mir/recover-20221013/UBNA_001/20221012_030000.WAV,Telephone Field,recover-20221013,001,1795
1287.7575,1287.7707,23750,29872,Eptesicus serotinus,0.036,0.091,-1,Echolocation,/mnt/ubna_data_02_mir/recover-20221013/UBNA_001/20221012_030000.WAV,Telephone Field,recover-20221013,001,1795
1287.7725,1287.8116,68437,82106,Rhinolophus ferrumequinum,0.022,0.022,-1,Echolocation,/mnt/ubna_data_02_mir/recover-20221013/UBNA_001/20221012_030000.WAV,Telephone Field,recover-20221013,001,1795
1287.7795,1287.8228,68437,82290,Rhinolophus ferrumequinum,0.022,0.022,-1,Echolocation,/mnt/ubna_data_02_mir/recover-20221013/UBNA_001/20221012_030000.WAV,Telephone Field,recover-20221013,001,1795
1287.8195,1287.8567,68437,81818,Rhinolophus ferrumequinum,0.023,0.023,-1,Echolocation,/mnt/ubna_data_02_mir/recover-20221013/UBNA_001/20221012_030000.WAV,Telephone Field,recover-20221013,001,1795
1287.8505,1287.8895,68437,82291,Rhinolophus ferrumequinum,0.021,0.021,-1,Echolocation,/mnt/ubna_data_02_mir/recover-20221013/UBNA_001/20221012_030000.WAV,Telephone Field,recover-20221013,001,1795
1287.8605,1287.87,22890,30086,Nyctalus leisleri,0.007,0.022,-1,Echolocation,/mnt/ubna_data_02_mir/recover-20221013/UBNA_001/20221012_030000.WAV,Telephone Field,recover-20221013,001,1795
1287.8685,1287.9053,68437,82381,Rhinolophus ferrumequinum,0.024,0.024,-1,Echolocation,/mnt/ubna_data_02_mir/recover-20221013/UBNA_001/20221012_030000.WAV,Telephone Field,recover-20221013,001,1795
1287.8705,1287.8826,22890,27738,Nyctalus leisleri,0.012,0.023,-1,Echolocation,/mnt/ubna_data_02_mir/recover-20221013/UBNA_001/20221012_030000.WAV,Telephone Field,recover-20221013,001,1795
1287.8995,1287.9061,25468,39762,Plecotus austriacus,0.004,0.022,-1,Echolocation,/mnt/ubna_data_02_mir/recover-20221013/UBNA_001/20221012_030000.WAV,Telephone Field,recover-20221013,001,1795
1287.9315,1287.9375,27187,42703,Eptesicus serotinus,0.006,0.026,-1,Echolocation,/mnt/ubna_data_02_mir/recover-20221013/UBNA_001/20221012_030000.WAV,Telephone Field,recover-20221013,001,1795
1287.9735,1287.9815,28046,39196,Eptesicus serotinus,0.008,0.023,-1,Echolocation,/mnt/ubna_data_02_mir/recover-20221013/UBNA_001/20221012_030000.WAV,Telephone Field,recover-20221013,001,1795
1287.9855,1287.9951,28046,38382,Eptesicus serotinus,0.009,0.022,-1,Echolocation,/mnt/ubna_data_02_mir/recover-20221013/UBNA_001/20221012_030000.WAV,Telephone Field,recover-20221013,001,1795
1288.0015,1288.0143,22890,28953,Nyctalus leisleri,0.026,0.063,-1,Echolocation,/mnt/ubna_data_02_mir/recover-20221013/UBNA_001/20221012_030000.WAV,Telephone Field,recover-20221013,001,1795
1288.0015,1288.0335,68437,80178,Rhinolophus ferrumequinum,0.026,0.027,-1,Echolocation,/mnt/ubna_data_02_mir/recover-20221013/UBNA_001/20221012_030000.WAV,Telephone Field,recover-20221013,001,1795
1288.0015,1288.008,46953,55334,Pipistrellus pipistrellus,0.014,0.025,-1,Echolocation,/mnt/ubna_data_02_mir/recover-20221013/UBNA_001/20221012_030000.WAV,Telephone Field,recover-20221013,001,1795
1288.0015,1288.0107,32343,39815,Myotis daubentonii,0.006,0.024,-1,Echolocation,/mnt/ubna_data_02_mir/recover-20221013/UBNA_001/20221012_030000.WAV,Telephone Field,recover-20221013,001,1795
1288.0095,1288.0506,68437,82188,Rhinolophus ferrumequinum,0.022,0.022,-1,Echolocation,/mnt/ubna_data_02_mir/recover-20221013/UBNA_001/20221012_030000.WAV,Telephone Field,recover-20221013,001,1795
1288.0625,1288.0694,55546,61910,Pipistrellus pygmaeus,0.027,0.028,-1,Echolocation,/mnt/ubna_data_02_mir/recover-20221013/UBNA_001/20221012_030000.WAV,Telephone Field,recover-20221013,001,1795
1288.0755,1288.1134,68437,81938,Rhinolophus ferrumequinum,0.022,0.022,-1,Echolocation,/mnt/ubna_data_02_mir/recover-20221013/UBNA_001/20221012_030000.WAV,Telephone Field,recover-20221013,001,1795
1288.0855,1288.1227,68437,81563,Rhinolophus ferrumequinum,0.022,0.022,-1,Echolocation,/mnt/ubna_data_02_mir/recover-20221013/UBNA_001/20221012_030000.WAV,Telephone Field,recover-20221013,001,1795
1288.1105,1288.1466,68437,81995,Rhinolophus ferrumequinum,0.023,0.023,-1,Echolocation,/mnt/ubna_data_02_mir/recover-20221013/UBNA_001/20221012_030000.WAV,Telephone Field,recover-20221013,001,1795
1288.1115,1288.1195,27187,40615,Eptesicus serotinus,0.009,0.025,-1,Echolocation,/mnt/ubna_data_02_mir/recover-20221013/UBNA_001/20221012_030000.WAV,Telephone Field,recover-20221013,001,1795
1288.1225,1288.1594,68437,81860,Rhinolophus ferrumequinum,0.026,0.026,-1,Echolocation,/mnt/ubna_data_02_mir/recover-20221013/UBNA_001/20221012_030000.WAV,Telephone Field,recover-20221013,001,1795
1288.1675,1288.2031,68437,81613,Rhinolophus ferrumequinum,0.022,0.022,-1,Echolocation,/mnt/ubna_data_02_mir/recover-20221013/UBNA_001/20221012_030000.WAV,Telephone Field,recover-20221013,001,1795
1288.1875,1288.1955,28046,40210,Eptesicus serotinus,0.007,0.023,-1,Echolocation,/mnt/ubna_data_02_mir/recover-20221013/UBNA_001/20221012_030000.WAV,Telephone Field,recover-20221013,001,1795
1288.1955,1288.2357,68437,82837,Rhinolophus ferrumequinum,0.029,0.029,-1,Echolocation,/mnt/ubna_data_02_mir/recover-20221013/UBNA_001/20221012_030000.WAV,Telephone Field,recover-20221013,001,1795
1288.2405,1288.2467,27187,37273,Plecotus austriacus,0.012,0.043,-1,Echolocation,/mnt/ubna_data_02_mir/recover-20221013/UBNA_001/20221012_030000.WAV,Telephone Field,recover-20221013,001,1795
1288.2495,1288.2585,49531,55711,Pipistrellus pipistrellus,0.022,0.025,-1,Echolocation,/mnt/ubna_data_02_mir/recover-20221013/UBNA_001/20221012_030000.WAV,Telephone Field,recover-20221013,001,1795
1288.2705,1288.2821,44375,48709,Pipistrellus pipistrellus,0.029,0.04,-1,Echolocation,/mnt/ubna_data_02_mir/recover-20221013/UBNA_001/20221012_030000.WAV,Telephone Field,recover-20221013,001,1795
1288.2705,1288.3128,68437,83159,Rhinolophus ferrumequinum,0.039,0.039,-1,Echolocation,/mnt/ubna_data_02_mir/recover-20221013/UBNA_001/20221012_030000.WAV,Telephone Field,recover-20221013,001,1795
1288.2955,1288.3355,68437,82757,Rhinolophus ferrumequinum,0.032,0.032,-1,Echolocation,/mnt/ubna_data_02_mir/recover-20221013/UBNA_001/20221012_030000.WAV,Telephone Field,recover-20221013,001,1795
1288.3065,1288.3167,23750,31164,Nyctalus leisleri,0.01,0.026,-1,Echolocation,/mnt/ubna_data_02_mir/recover-20221013/UBNA_001/20221012_030000.WAV,Telephone Field,recover-20221013,001,1795
1288.3135,1288.3232,25468,32380,Nyctalus leisleri,0.008,0.024,-1,Echolocation,/mnt/ubna_data_02_mir/recover-20221013/UBNA_001/20221012_030000.WAV,Telephone Field,recover-20221013,001,1795
1288.3505,1288.3903,68437,82082,Rhinolophus ferrumequinum,0.025,0.025,-1,Echolocation,/mnt/ubna_data_02_mir/recover-20221013/UBNA_001/20221012_030000.WAV,Telephone Field,recover-20221013,001,1795
1288.4325,1288.4715,68437,81875,Rhinolophus ferrumequinum,0.022,0.022,-1,Echolocation,/mnt/ubna_data_02_mir/recover-20221013/UBNA_001/20221012_030000.WAV,Telephone Field,recover-20221013,001,1795
1288.4985,1288.5364,68437,82334,Rhinolophus ferrumequinum,0.024,0.024,-1,Echolocation,/mnt/ubna_data_02_mir/recover-20221013/UBNA_001/20221012_030000.WAV,Telephone Field,recover-20221013,001,1795
1288.5195,1288.5279,25468,34173,Eptesicus serotinus,0.009,0.027,-1,Echolocation,/mnt/ubna_data_02_mir/recover-20221013/UBNA_001/20221012_030000.WAV,Telephone Field,recover-20221013,001,1795
1288.5355,1288.5735,68437,81648,Rhinolophus ferrumequinum,0.023,0.023,-1,Echolocation,/mnt/ubna_data_02_mir/recover-20221013/UBNA_001/20221012_030000.WAV,Telephone Field,recover-20221013,001,1795
1288.5365,1288.5472,32343,40053,Eptesicus serotinus,0.008,0.037,-1,Echolocation,/mnt/ubna_data_02_mir/recover-20221013/UBNA_001/20221012_030000.WAV,Telephone Field,recover-20221013,001,1795
1288.5595,1288.5692,38359,45123,Pipistrellus nathusii,0.009,0.024,-1,Echolocation,/mnt/ubna_data_02_mir/recover-20221013/UBNA_001/20221012_030000.WAV,Telephone Field,recover-20221013,001,1795
1288.5805,1288.6208,68437,82584,Rhinolophus ferrumequinum,0.028,0.028,-1,Echolocation,/mnt/ubna_data_02_mir/recover-20221013/UBNA_001/20221012_030000.WAV,Telephone Field,recover-20221013,001,1795
1288.5865,1288.6291,68437,83043,Rhinolophus ferrumequinum,0.03,0.03,-1,Echolocation,/mnt/ubna_data_02_mir/recover-20221013/UBNA_001/20221012_030000.WAV,Telephone Field,recover-20221013,001,1795
1288.6415,1288.6651,18593,21718,Nyctalus noctula,0.037,0.055,-1,Echolocation,/mnt/ubna_data_02_mir/recover-20221013/UBNA_001/20221012_030000.WAV,Telephone Field,recover-20221013,001,1795
1288.6665,1288.6769,22890,29951,Nyctalus leisleri,0.011,0.032,-1,Echolocation,/mnt/ubna_data_02_mir/recover-20221013/UBNA_001/20221012_030000.WAV,Telephone Field,recover-20221013,001,1795
1288.6805,1288.719,68437,81993,Rhinolophus ferrumequinum,0.023,0.023,-1,Echolocation,/mnt/ubna_data_02_mir/recover-20221013/UBNA_001/20221012_030000.WAV,Telephone Field,recover-20221013,001,1795
1288.6855,1288.7253,68437,82202,Rhinolophus ferrumequinum,0.023,0.023,-1,Echolocation,/mnt/ubna_data_02_mir/recover-20221013/UBNA_001/20221012_030000.WAV,Telephone Field,recover-20221013,001,1795
1288.7315,1288.7728,68437,82131,Rhinolophus ferrumequinum,0.022,0.022,-1,Echolocation,/mnt/ubna_data_02_mir/recover-20221013/UBNA_001/20221012_030000.WAV,Telephone Field,recover-20221013,001,1795
1288.7435,1288.7844,68437,83028,Rhinolophus ferrumequinum,0.03,0.03,-1,Echolocation,/mnt/ubna_data_02_mir/recover-20221013/UBNA_001/20221012_030000.WAV,Telephone Field,recover-20221013,001,1795
1288.7575,1288.796,68437,81597,Rhinolophus ferrumequinum,0.023,0.023,-1,Echolocation,/mnt/ubna_data_02_mir/recover-20221013/UBNA_001/20221012_030000.WAV,Telephone Field,recover-20221013,001,1795
1288.7835,1288.8219,68437,82269,Rhinolophus ferrumequinum,0.024,0.024,-1,Echolocation,/mnt/ubna_data_02_mir/recover-20221013/UBNA_001/20221012_030000.WAV,Telephone Field,recover-20221013,001,1795
1288.8185,1288.8249,28906,40033,Myotis daubentonii,0.011,0.039,-1,Echolocation,/mnt/ubna_data_02_mir/recover-20221013/UBNA_001/20221012_030000.WAV,Telephone Field,recover-20221013,001,1795
1288.8185,1288.8248,23750,35208,Plecotus austriacus,0.019,0.037,-1,Echolocation,/mnt/ubna_data_02_mir/recover-20221013/UBNA_001/20221012_030000.WAV,Telephone Field,recover-20221013,001,1795
1288.8615,1288.9017,68437,82497,Rhinolophus ferrumequinum,0.023,0.023,-1,Echolocation,/mnt/ubna_data_02_mir/recover-20221013/UBNA_001/20221012_030000.WAV,Telephone Field,recover-20221013,001,1795
1288.8655,1288.8754,54687,59366,Pipistrellus pygmaeus,0.023,0.025,-1,Echolocation,/mnt/ubna_data_02_mir/recover-20221013/UBNA_001/20221012_030000.WAV,Telephone Field,recover-20221013,001,1795
1288.8745,1288.883,34921,43277,Myotis daubentonii,0.008,0.027,-1,Echolocation,/mnt/ubna_data_02_mir/recover-20221013/UBNA_001/20221012_030000.WAV,Telephone Field,recover-20221013,001,1795
1288.9325,1288.9698,68437,81871,Rhinolophus ferrumequinum,0.023,0.023,-1,Echolocation,/mnt/ubna_data_02_mir/recover-20221013/UBNA_001/20221012_030000.WAV,Telephone Field,recover-20221013,001,1795
1288.9385,1288.9457,23750,33650,Plecotus austriacus,0.009,0.022,-1,Echolocation,/mnt/ubna_data_02_mir/recover-20221013/UBNA_001/20221012_030000.WAV,Telephone Field,recover-20221013,001,1795
1289.0005,1289.0091,27187,38215,Eptesicus serotinus,0.009,0.023,-1,Echolocation,/mnt/ubna_data_02_mir/recover-20221013/UBNA_001/20221012_030000.WAV,Telephone Field,recover-20221013,001,1795
1289.0255,1289.0323,50390,55421,Pipistrellus pipistrellus,0.02,0.022,-1,Echolocation,/mnt/ubna_data_02_mir/recover-20221013/UBNA_001/20221012_030000.WAV,Telephone Field,recover-20221013,001,1795
1289.0515,1289.0921,68437,82591,Rhinolophus ferrumequinum,0.026,0.026,-1,Echolocation,/mnt/ubna_data_02_mir/recover-20221013/UBNA_001/20221012_030000.WAV,Telephone Field,recover-20221013,001,1795
1289.0935,1289.1354,68437,82807,Rhinolophus ferrumequinum,0.031,0.031,-1,Echolocation,/mnt/ubna_data_02_mir/recover-20221013/UBNA_001/20221012_030000.WAV,Telephone Field,recover-20221013,001,1795
1289.1045,1289.1131,28046,38617,Eptesicus serotinus,0.008,0.025,-1,Echolocation,/mnt/ubna_data_02_mir/recover-20221013/UBNA_001/20221012_030000.WAV,Telephone Field,recover-20221013,001,1795
1289.1265,1289.1673,68437,82941,Rhinolophus ferrumequinum,0.026,0.026,-1,Echolocation,/mnt/ubna_data_02_mir/recover-20221013/UBNA_001/20221012_030000.WAV,Telephone Field,recover-20221013,001,1795
1289.1585,1289.1669,22890,30379,Plecotus austriacus,0.009,0.022,-1,Echolocation,/mnt/ubna_data_02_mir/recover-20221013/UBNA_001/20221012_030000.WAV,Telephone Field,recover-20221013,001,1795
1289.1605,1289.1667,14296,31236,Plecotus auritus,0.028,0.033,-1,Echolocation,/mnt/ubna_data_02_mir/recover-20221013/UBNA_001/20221012_030000.WAV,Telephone Field,recover-20221013,001,1795
1289.1715,1289.1817,25468,31657,Eptesicus serotinus,0.009,0.024,-1,Echolocation,/mnt/ubna_data_02_mir/recover-20221013/UBNA_001/20221012_030000.WAV,Telephone Field,recover-20221013,001,1795
1289.2065,1289.2188,57265,62169,Pipistrellus pygmaeus,0.025,0.026,-1,Echolocation,/mnt/ubna_data_02_mir/recover-20221013/UBNA_001/20221012_030000.WAV,Telephone Field,recover-20221013,001,1795
1289.2465,1289.2849,68437,81871,Rhinolophus ferrumequinum,0.023,0.023,-1,Echolocation,/mnt/ubna_data_02_mir/recover-20221013/UBNA_001/20221012_030000.WAV,Telephone Field,recover-20221013,001,1795
1289.2855,1289.323,68437,81990,Rhinolophus ferrumequinum,0.025,0.025,-1,Echolocation,/mnt/ubna_data_02_mir/recover-20221013/UBNA_001/20221012_030000.WAV,Telephone Field,recover-20221013,001,1795
1289.3055,1289.3127,28046,38817,Eptesicus serotinus,0.007,0.026,-1,Echolocation,/mnt/ubna_data_02_mir/recover-20221013/UBNA_001/20221012_030000.WAV,Telephone Field,recover-20221013,001,1795
1289.3295,1289.3704,68437,82106,Rhinolophus ferrumequinum,0.022,0.022,-1,Echolocation,/mnt/ubna_data_02_mir/recover-20221013/UBNA_001/20221012_030000.WAV,Telephone Field,recover-20221013,001,1795
1289.3355,1289.3762,68437,81645,Rhinolophus ferrumequinum,0.022,0.022,-1,Echolocation,/mnt/ubna_data_02_mir/recover-20221013/UBNA_001/20221012_030000.WAV,Telephone Field,recover-20221013,001,1795
1289.3685,1289.4076,68437,82762,Rhinolophus ferrumequinum,0.026,0.026,-1,Echolocation,/mnt/ubna_data_02_mir/recover-20221013/UBNA_001/20221012_030000.WAV,Telephone Field,recover-20221013,001,1795
1289.4365,1289.4468,22031,27738,Nyctalus leisleri,0.008,0.022,-1,Echolocation,/mnt/ubna_data_02_mir/recover-20221013/UBNA_001/20221012_030000.WAV,Telephone Field,recover-20221013,001,1795
1289.4465,1289.4603,22031,25689,Nyctalus leisleri,0.017,0.028,-1,Echolocation,/mnt/ubna_data_02_mir/recover-20221013/UBNA_001/20221012_030000.WAV,Telephone Field,recover-20221013,001,1795
1289.4645,1289.5065,68437,82769,Rhinolophus ferrumequinum,0.035,0.035,-1,Echolocation,/mnt/ubna_data_02_mir/recover-20221013/UBNA_001/20221012_030000.WAV,Telephone Field,recover-20221013,001,1795
1289.4695,1289.4778,28046,39111,Eptesicus serotinus,0.007,0.022,-1,Echolocation,/mnt/ubna_data_02_mir/recover-20221013/UBNA_001/20221012_030000.WAV,Telephone Field,recover-20221013,001,1795
1289.4785,1289.488,46093,50856,Pipistrellus pipistrellus,0.023,0.025,-1,Echolocation,/mnt/ubna_data_02_mir/recover-20221013/UBNA_001/20221012_030000.WAV,Telephone Field,recover-20221013,001,1795
1289.5385,1289.5781,68437,82244,Rhinolophus ferrumequinum,0.024,0.024,-1,Echolocation,/mnt/ubna_data_02_mir/recover-20221013/UBNA_001/20221012_030000.WAV,Telephone Field,recover-20221013,001,1795
1289.5785,1289.5855,28046,39578,Eptesicus serotinus,0.006,0.023,-1,Echolocation,/mnt/ubna_data_02_mir/recover-20221013/UBNA_001/20221012_030000.WAV,Telephone Field,recover-20221013,001,1795
1289.6095,1289.6162,49531,54175,Pipistrellus pipistrellus,0.021,0.023,-1,Echolocation,/mnt/ubna_data_02_mir/recover-20221013/UBNA_001/20221012_030000.WAV,Telephone Field,recover-20221013,001,1795
1289.6125,1289.6192,28046,38238,Eptesicus serotinus,0.005,0.022,-1,Echolocation,/mnt/ubna_data_02_mir/recover-20221013/UBNA_001/20221012_030000.WAV,Telephone Field,recover-20221013,001,1795
1289.6425,1289.6847,68437,82903,Rhinolophus ferrumequinum,0.024,0.024,-1,Echolocation,/mnt/ubna_data_02_mir/recover-20221013/UBNA_001/20221012_030000.WAV,Telephone Field,recover-20221013,001,1795
1289.6945,1289.7346,68437,82544,Rhinolophus ferrumequinum,0.023,0.023,-1,Echolocation,/mnt/ubna_data_02_mir/recover-20221013/UBNA_001/20221012_030000.WAV,Telephone Field,recover-20221013,001,1795
1289.7045,1289.7427,68437,82481,Rhinolophus ferrumequinum,0.022,0.022,-1,Echolocation,/mnt/ubna_data_02_mir/recover-20221013/UBNA_001/20221012_030000.WAV,Telephone Field,recover-20221013,001,1795
1289.7075,1289.7183,22890,28668,Nyctalus leisleri,0.009,0.022,-1,Echolocation,/mnt/ubna_data_02_mir/recover-20221013/UBNA_001/20221012_030000.WAV,Telephone Field,recover-20221013,001,1795
1289.7475,1289.7881,68437,82403,Rhinolophus ferrumequinum,0.022,0.022,-1,Echolocation,/mnt/ubna_data_02_mir/recover-20221013/UBNA_001/20221012_030000.WAV,Telephone Field,recover-20221013,001,1795
1289.7745,1289.7823,49531,54467,Pipistrellus pipistrellus,0.036,0.04,-1,Echolocation,/mnt/ubna_data_02_mir/recover-20221013/UBNA_001/20221012_030000.WAV,Telephone Field,recover-20221013,001,1795
1289.7765,1289.7872,28906,36749,Eptesicus serotinus,0.012,0.027,-1,Echolocation,/mnt/ubna_data_02_mir/recover-20221013/UBNA_001/20221012_030000.WAV,Telephone Field,recover-20221013,001,1795
1289.8015,1289.8432,68437,83036,Rhinolophus ferrumequinum,0.024,0.024,-1,Echolocation,/mnt/ubna_data_02_mir/recover-20221013/UBNA_001/20221012_030000.WAV,Telephone Field,recover-20221013,001,1795
1289.8615,1289.8688,28046,38477,Eptesicus serotinus,0.006,0.023,-1,Echolocation,/mnt/ubna_data_02_mir/recover-20221013/UBNA_001/20221012_030000.WAV,Telephone Field,recover-20221013,001,1795
1289.8805,1289.9216,68437,82303,Rhinolophus ferrumequinum,0.022,0.022,-1,Echolocation,/mnt/ubna_data_02_mir/recover-20221013/UBNA_001/20221012_030000.WAV,Telephone Field,recover-20221013,001,1795
1289.9085,1289.9175,27187,40590,Eptesicus serotinus,0.009,0.023,-1,Echolocation,/mnt/ubna_data_02_mir/recover-20221013/UBNA_001/20221012_030000.WAV,Telephone Field,recover-20221013,001,1795
1289.9085,1289.9453,68437,82242,Rhinolophus ferrumequinum,0.024,0.024,-1,Echolocation,/mnt/ubna_data_02_mir/recover-20221013/UBNA_001/20221012_030000.WAV,Telephone Field,recover-20221013,001,1795
1289.9105,1289.9184,42656,49110,Pipistrellus pipistrellus,0.022,0.026,-1,Echolocation,/mnt/ubna_data_02_mir/recover-20221013/UBNA_001/20221012_030000.WAV,Telephone Field,recover-20221013,001,1795
1289.9175,1289.953,68437,81711,Rhinolophus ferrumequinum,0.022,0.022,-1,Echolocation,/mnt/ubna_data_02_mir/recover-20221013/UBNA_001/20221012_030000.WAV,Telephone Field,recover-20221013,001,1795
1289.9315,1289.9401,50390,56542,Pipistrellus pipistrellus,0.014,0.022,-1,Echolocation,/mnt/ubna_data_02_mir/recover-20221013/UBNA_001/20221012_030000.WAV,Telephone Field,recover-20221013,001,1795
1289.9335,1289.9408,45234,55364,Pipistrellus pipistrellus,0.014,0.022,-1,Echolocation,/mnt/ubna_data_02_mir/recover-20221013/UBNA_001/20221012_030000.WAV,Telephone Field,recover-20221013,001,1795
1289.9585,1289.9665,26328,35387,Eptesicus serotinus,0.008,0.022,-1,Echolocation,/mnt/ubna_data_02_mir/recover-20221013/UBNA_001/20221012_030000.WAV,Telephone Field,recover-20221013,001,1795
1289.9815,1289.9903,40937,49828,Pipistrellus nathusii,0.009,0.026,-1,Echolocation,/mnt/ubna_data_02_mir/recover-20221013/UBNA_001/20221012_030000.WAV,Telephone Field,recover-20221013,001,1795
1290.0015,1290.0359,68437,79541,Rhinolophus ferrumequinum,0.049,0.049,-1,Echolocation,/mnt/ubna_data_02_mir/recover-20221013/UBNA_001/20221012_030000.WAV,Telephone Field,recover-20221013,001,1795
1290.0015,1290.0103,24609,32758,Nyctalus leisleri,0.009,0.029,-1,Echolocation,/mnt/ubna_data_02_mir/recover-20221013/UBNA_001/20221012_030000.WAV,Telephone Field,recover-20221013,001,1795
1290.0315,1290.0724,68437,82772,Rhinolophus ferrumequinum,0.022,0.022,-1,Echolocation,/mnt/ubna_data_02_mir/recover-20221013/UBNA_001/20221012_030000.WAV,Telephone Field,recover-20221013,001,1795
1290.0545,1290.0644,28046,36229,Eptesicus serotinus,0.009,0.022,-1,Echolocation,/mnt/ubna_data_02_mir/recover-20221013/UBNA_001/20221012_030000.WAV,Telephone Field,recover-20221013,001,1795
1290.0555,1290.0961,68437,82819,Rhinolophus ferrumequinum,0.024,0.024,-1,Echolocation,/mnt/ubna_data_02_mir/recover-20221013/UBNA_001/20221012_030000.WAV,Telephone Field,recover-20221013,001,1795
1290.0645,1290.0736,28046,38966,Eptesicus serotinus,0.01,0.025,-1,Echolocation,/mnt/ubna_data_02_mir/recover-20221013/UBNA_001/20221012_030000.WAV,Telephone Field,recover-20221013,001,1795
1290.0885,1290.1305,68437,83147,Rhinolophus ferrumequinum,0.027,0.027,-1,Echolocation,/mnt/ubna_data_02_mir/recover-20221013/UBNA_001/20221012_030000.WAV,Telephone Field,recover-20221013,001,1795
1290.1105,1290.1454,68437,81547,Rhinolophus ferrumequinum,0.024,0.024,-1,Echolocation,/mnt/ubna_data_02_mir/recover-20221013/UBNA_001/20221012_030000.WAV,Telephone Field,recover-20221013,001,1795
1290.1295,1290.1362,46093,50155,Pipistrellus pipistrellus,0.023,0.024,-1,Echolocation,/mnt/ubna_data_02_mir/recover-20221013/UBNA_001/20221012_030000.WAV,Telephone Field,recover-20221013,001,1795
1290.1305,1290.1671,68437,82298,Rhinolophus ferrumequinum,0.023,0.023,-1,Echolocation,/mnt/ubna_data_02_mir/recover-20221013/UBNA_001/20221012_030000.WAV,Telephone Field,recover-20221013,001,1795
1290.1645,1290.1745,27187,35241,Eptesicus serotinus,0.011,0.024,-1,Echolocation,/mnt/ubna_data_02_mir/recover-20221013/UBNA_001/20221012_030000.WAV,Telephone Field,recover-20221013,001,1795
1290.2185,1290.2241,28046,39088,Myotis daubentonii,0.007,0.027,-1,Echolocation,/mnt/ubna_data_02_mir/recover-20221013/UBNA_001/20221012_030000.WAV,Telephone Field,recover-20221013,001,1795
1290.2735,1290.3111,68437,81995,Rhinolophus ferrumequinum,0.022,0.022,-1,Echolocation,/mnt/ubna_data_02_mir/recover-20221013/UBNA_001/20221012_030000.WAV,Telephone Field,recover-20221013,001,1795
1290.2745,1290.2814,46953,56439,Pipistrellus pipistrellus,0.025,0.028,-1,Echolocation,/mnt/ubna_data_02_mir/recover-20221013/UBNA_001/20221012_030000.WAV,Telephone Field,recover-20221013,001,1795
1290.3185,1290.36,68437,82373,Rhinolophus ferrumequinum,0.026,0.026,-1,Echolocation,/mnt/ubna_data_02_mir/recover-20221013/UBNA_001/20221012_030000.WAV,Telephone Field,recover-20221013,001,1795
1290.3195,1290.3278,27187,39087,Eptesicus serotinus,0.008,0.025,-1,Echolocation,/mnt/ubna_data_02_mir/recover-20221013/UBNA_001/20221012_030000.WAV,Telephone Field,recover-20221013,001,1795
1290.3415,1290.3774,68437,82355,Rhinolophus ferrumequinum,0.026,0.026,-1,Echolocation,/mnt/ubna_data_02_mir/recover-20221013/UBNA_001/20221012_030000.WAV,Telephone Field,recover-20221013,001,1795
1290.3535,1290.3594,32343,44180,Myotis daubentonii,0.011,0.024,-1,Echolocation,/mnt/ubna_data_02_mir/recover-20221013/UBNA_001/20221012_030000.WAV,Telephone Field,recover-20221013,001,1795
1290.4205,1290.4626,68437,82636,Rhinolophus ferrumequinum,0.023,0.023,-1,Echolocation,/mnt/ubna_data_02_mir/recover-20221013/UBNA_001/20221012_030000.WAV,Telephone Field,recover-20221013,001,1795
1290.4265,1290.4341,26328,40743,Eptesicus serotinus,0.006,0.024,-1,Echolocation,/mnt/ubna_data_02_mir/recover-20221013/UBNA_001/20221012_030000.WAV,Telephone Field,recover-20221013,001,1795
1290.4505,1290.4895,68437,82065,Rhinolophus ferrumequinum,0.024,0.024,-1,Echolocation,/mnt/ubna_data_02_mir/recover-20221013/UBNA_001/20221012_030000.WAV,Telephone Field,recover-20221013,001,1795
1290.4735,1290.4846,23750,29748,Nyctalus leisleri,0.011,0.026,-1,Echolocation,/mnt/ubna_data_02_mir/recover-20221013/UBNA_001/20221012_030000.WAV,Telephone Field,recover-20221013,001,1795
1290.4775,1290.5185,68437,83013,Rhinolophus ferrumequinum,0.026,0.026,-1,Echolocation,/mnt/ubna_data_02_mir/recover-20221013/UBNA_001/20221012_030000.WAV,Telephone Field,recover-20221013,001,1795
1290.5335,1290.5704,68437,81620,Rhinolophus ferrumequinum,0.024,0.024,-1,Echolocation,/mnt/ubna_data_02_mir/recover-20221013/UBNA_001/20221012_030000.WAV,Telephone Field,recover-20221013,001,1795
1290.5345,1290.5414,27187,40266,Eptesicus serotinus,0.007,0.025,-1,Echolocation,/mnt/ubna_data_02_mir/recover-20221013/UBNA_001/20221012_030000.WAV,Telephone Field,recover-20221013,001,1795
1290.5545,1290.5655,28906,39764,Eptesicus serotinus,0.013,0.031,-1,Echolocation,/mnt/ubna_data_02_mir/recover-20221013/UBNA_001/20221012_030000.WAV,Telephone Field,recover-20221013,001,1795
1290.5585,1290.5637,38359,54287,Myotis daubentonii,0.008,0.023,-1,Echolocation,/mnt/ubna_data_02_mir/recover-20221013/UBNA_001/20221012_030000.WAV,Telephone Field,recover-20221013,001,1795
1290.5975,1290.6399,68437,83176,Rhinolophus ferrumequinum,0.033,0.033,-1,Echolocation,/mnt/ubna_data_02_mir/recover-20221013/UBNA_001/20221012_030000.WAV,Telephone Field,recover-20221013,001,1795
1290.6635,1290.6725,28906,37348,Eptesicus serotinus,0.008,0.022,-1,Echolocation,/mnt/ubna_data_02_mir/recover-20221013/UBNA_001/20221012_030000.WAV,Telephone Field,recover-20221013,001,1795
1290.6805,1290.7198,68437,82178,Rhinolophus ferrumequinum,0.024,0.024,-1,Echolocation,/mnt/ubna_data_02_mir/recover-20221013/UBNA_001/20221012_030000.WAV,Telephone Field,recover-20221013,001,1795
1290.6925,1290.6991,28046,38730,Eptesicus serotinus,0.005,0.022,-1,Echolocation,/mnt/ubna_data_02_mir/recover-20221013/UBNA_001/20221012_030000.WAV,Telephone Field,recover-20221013,001,1795
1290.7155,1290.7236,28906,40274,Eptesicus serotinus,0.009,0.031,-1,Echolocation,/mnt/ubna_data_02_mir/recover-20221013/UBNA_001/20221012_030000.WAV,Telephone Field,recover-20221013,001,1795
1290.7295,1290.7718,68437,83221,Rhinolophus ferrumequinum,0.037,0.037,-1,Echolocation,/mnt/ubna_data_02_mir/recover-20221013/UBNA_001/20221012_030000.WAV,Telephone Field,recover-20221013,001,1795
1290.7725,1290.7798,27187,39784,Eptesicus serotinus,0.007,0.023,-1,Echolocation,/mnt/ubna_data_02_mir/recover-20221013/UBNA_001/20221012_030000.WAV,Telephone Field,recover-20221013,001,1795
1290.8705,1290.8774,28046,40684,Eptesicus serotinus,0.006,0.023,-1,Echolocation,/mnt/ubna_data_02_mir/recover-20221013/UBNA_001/20221012_030000.WAV,Telephone Field,recover-20221013,001,1795
1290.8975,1290.9089,29765,36220,Eptesicus serotinus,0.012,0.031,-1,Echolocation,/mnt/ubna_data_02_mir/recover-20221013/UBNA_001/20221012_030000.WAV,Telephone Field,recover-20221013,001,1795
1290.9075,1290.9175,13437,21414,Eptesicus serotinus,0.095,0.224,-1,Echolocation,/mnt/ubna_data_02_mir/recover-20221013/UBNA_001/20221012_030000.WAV,Telephone Field,recover-20221013,001,1795
1290.9155,1290.9237,28046,38368,Eptesicus serotinus,0.006,0.022,-1,Echolocation,/mnt/ubna_data_02_mir/recover-20221013/UBNA_001/20221012_030000.WAV,Telephone Field,recover-20221013,001,1795
1290.9415,1290.9817,68437,82296,Rhinolophus ferrumequinum,0.03,0.03,-1,Echolocation,/mnt/ubna_data_02_mir/recover-20221013/UBNA_001/20221012_030000.WAV,Telephone Field,recover-20221013,001,1795
1290.9605,1290.9722,31484,39197,Eptesicus serotinus,0.011,0.029,-1,Echolocation,/mnt/ubna_data_02_mir/recover-20221013/UBNA_001/20221012_030000.WAV,Telephone Field,recover-20221013,001,1795
1290.9625,1291.0021,68437,82282,Rhinolophus ferrumequinum,0.022,0.022,-1,Echolocation,/mnt/ubna_data_02_mir/recover-20221013/UBNA_001/20221012_030000.WAV,Telephone Field,recover-20221013,001,1795
1291.0075,1291.041,68437,80874,Rhinolophus ferrumequinum,0.023,0.023,-1,Echolocation,/mnt/ubna_data_02_mir/recover-20221013/UBNA_001/20221012_030000.WAV,Telephone Field,recover-20221013,001,1795
1291.0165,1291.052,68437,81946,Rhinolophus ferrumequinum,0.022,0.022,-1,Echolocation,/mnt/ubna_data_02_mir/recover-20221013/UBNA_001/20221012_030000.WAV,Telephone Field,recover-20221013,001,1795
1291.0225,1291.0282,24609,37813,Plecotus austriacus,0.014,0.037,-1,Echolocation,/mnt/ubna_data_02_mir/recover-20221013/UBNA_001/20221012_030000.WAV,Telephone Field,recover-20221013,001,1795
1291.0595,1291.0663,28906,37430,Eptesicus serotinus,0.007,0.027,-1,Echolocation,/mnt/ubna_data_02_mir/recover-20221013/UBNA_001/20221012_030000.WAV,Telephone Field,recover-20221013,001,1795
1291.0715,1291.107,68437,81399,Rhinolophus ferrumequinum,0.023,0.023,-1,Echolocation,/mnt/ubna_data_02_mir/recover-20221013/UBNA_001/20221012_030000.WAV,Telephone Field,recover-20221013,001,1795
1291.0875,1291.1256,68437,81573,Rhinolophus ferrumequinum,0.023,0.023,-1,Echolocation,/mnt/ubna_data_02_mir/recover-20221013/UBNA_001/20221012_030000.WAV,Telephone Field,recover-20221013,001,1795
1291.1255,1291.1365,28906,36832,Eptesicus serotinus,0.011,0.024,-1,Echolocation,/mnt/ubna_data_02_mir/recover-20221013/UBNA_001/20221012_030000.WAV,Telephone Field,recover-20221013,001,1795
1291.1305,1291.1727,68437,82767,Rhinolophus ferrumequinum,0.022,0.022,-1,Echolocation,/mnt/ubna_data_02_mir/recover-20221013/UBNA_001/20221012_030000.WAV,Telephone Field,recover-20221013,001,1795
1291.1525,1291.1898,68437,82122,Rhinolophus ferrumequinum,0.027,0.027,-1,Echolocation,/mnt/ubna_data_02_mir/recover-20221013/UBNA_001/20221012_030000.WAV,Telephone Field,recover-20221013,001,1795
1291.1745,1291.1829,27187,41903,Eptesicus serotinus,0.008,0.022,-1,Echolocation,/mnt/ubna_data_02_mir/recover-20221013/UBNA_001/20221012_030000.WAV,Telephone Field,recover-20221013,001,1795
1291.1965,1291.2135,20312,23162,Nyctalus leisleri,0.015,0.025,-1,Echolocation,/mnt/ubna_data_02_mir/recover-20221013/UBNA_001/20221012_030000.WAV,Telephone Field,recover-20221013,001,1795
1291.2185,1291.2287,22031,26906,Nyctalus leisleri,0.011,0.024,-1,Echolocation,/mnt/ubna_data_02_mir/recover-20221013/UBNA_001/20221012_030000.WAV,Telephone Field,recover-20221013,001,1795
1291.2325,1291.2436,22031,27309,Nyctalus leisleri,0.011,0.024,-1,Echolocation,/mnt/ubna_data_02_mir/recover-20221013/UBNA_001/20221012_030000.WAV,Telephone Field,recover-20221013,001,1795
1291.2395,1291.2773,68437,82403,Rhinolophus ferrumequinum,0.023,0.023,-1,Echolocation,/mnt/ubna_data_02_mir/recover-20221013/UBNA_001/20221012_030000.WAV,Telephone Field,recover-20221013,001,1795
1291.2555,1291.2629,28046,48246,Eptesicus serotinus,0.008,0.025,-1,Echolocation,/mnt/ubna_data_02_mir/recover-20221013/UBNA_001/20221012_030000.WAV,Telephone Field,recover-20221013,001,1795
1291.3065,1291.3123,50390,57458,Pipistrellus pipistrellus,0.03,0.033,-1,Echolocation,/mnt/ubna_data_02_mir/recover-20221013/UBNA_001/20221012_030000.WAV,Telephone Field,recover-20221013,001,1795
1291.3515,1291.3923,68437,83077,Rhinolophus ferrumequinum,0.027,0.027,-1,Echolocation,/mnt/ubna_data_02_mir/recover-20221013/UBNA_001/20221012_030000.WAV,Telephone Field,recover-20221013,001,1795
1291.3515,1291.3592,47812,52038,Pipistrellus pipistrellus,0.021,0.022,-1,Echolocation,/mnt/ubna_data_02_mir/recover-20221013/UBNA_001/20221012_030000.WAV,Telephone Field,recover-20221013,001,1795
1291.3565,1291.365,25468,34319,Eptesicus serotinus,0.008,0.027,-1,Echolocation,/mnt/ubna_data_02_mir/recover-20221013/UBNA_001/20221012_030000.WAV,Telephone Field,recover-20221013,001,1795
1291.3765,1291.3893,21171,24179,Nyctalus leisleri,0.015,0.023,-1,Echolocation,/mnt/ubna_data_02_mir/recover-20221013/UBNA_001/20221012_030000.WAV,Telephone Field,recover-20221013,001,1795
1291.3875,1291.4249,68437,82055,Rhinolophus ferrumequinum,0.024,0.024,-1,Echolocation,/mnt/ubna_data_02_mir/recover-20221013/UBNA_001/20221012_030000.WAV,Telephone Field,recover-20221013,001,1795
1291.3925,1291.3991,24609,39444,Myotis nattereri,0.008,0.028,-1,Echolocation,/mnt/ubna_data_02_mir/recover-20221013/UBNA_001/20221012_030000.WAV,Telephone Field,recover-20221013,001,1795
1291.4845,1291.4918,28046,38668,Eptesicus serotinus,0.007,0.026,-1,Echolocation,/mnt/ubna_data_02_mir/recover-20221013/UBNA_001/20221012_030000.WAV,Telephone Field,recover-20221013,001,1795
1291.5245,1291.5465,20312,23618,Nyctalus noctula,0.02,0.041,-1,Echolocation,/mnt/ubna_data_02_mir/recover-20221013/UBNA_001/20221012_030000.WAV,Telephone Field,recover-20221013,001,1795
1291.5495,1291.5914,68437,83236,Rhinolophus ferrumequinum,0.042,0.042,-1,Echolocation,/mnt/ubna_data_02_mir/recover-20221013/UBNA_001/20221012_030000.WAV,Telephone Field,recover-20221013,001,1795
1291.6035,1291.6105,28906,38419,Eptesicus serotinus,0.007,0.025,-1,Echolocation,/mnt/ubna_data_02_mir/recover-20221013/UBNA_001/20221012_030000.WAV,Telephone Field,recover-20221013,001,1795
1291.6195,1291.6548,68437,81415,Rhinolophus ferrumequinum,0.023,0.023,-1,Echolocation,/mnt/ubna_data_02_mir/recover-20221013/UBNA_001/20221012_030000.WAV,Telephone Field,recover-20221013,001,1795
1291.6325,1291.6385,27187,38623,Plecotus auritus,0.031,0.083,-1,Echolocation,/mnt/ubna_data_02_mir/recover-20221013/UBNA_001/20221012_030000.WAV,Telephone Field,recover-20221013,001,1795
1291.6515,1291.6865,68437,81947,Rhinolophus ferrumequinum,0.028,0.028,-1,Echolocation,/mnt/ubna_data_02_mir/recover-20221013/UBNA_001/20221012_030000.WAV,Telephone Field,recover-20221013,001,1795
1291.6655,1291.7053,68437,82481,Rhinolophus ferrumequinum,0.034,0.034,-1,Echolocation,/mnt/ubna_data_02_mir/recover-20221013/UBNA_001/20221012_030000.WAV,Telephone Field,recover-20221013,001,1795
1291.6675,1291.6777,22890,29127,Nyctalus leisleri,0.009,0.023,-1,Echolocation,/mnt/ubna_data_02_mir/recover-20221013/UBNA_001/20221012_030000.WAV,Telephone Field,recover-20221013,001,1795
1291.7225,1291.7297,51250,58077,Pipistrellus pipistrellus,0.019,0.024,-1,Echolocation,/mnt/ubna_data_02_mir/recover-20221013/UBNA_001/20221012_030000.WAV,Telephone Field,recover-20221013,001,1795
1291.7245,1291.7665,68437,82634,Rhinolophus ferrumequinum,0.025,0.025,-1,Echolocation,/mnt/ubna_data_02_mir/recover-20221013/UBNA_001/20221012_030000.WAV,Telephone Field,recover-20221013,001,1795
1291.7815,1291.8211,68437,82163,Rhinolophus ferrumequinum,0.032,0.032,-1,Echolocation,/mnt/ubna_data_02_mir/recover-20221013/UBNA_001/20221012_030000.WAV,Telephone Field,recover-20221013,001,1795
1291.7835,1291.792,24609,33175,Plecotus austriacus,0.007,0.026,-1,Echolocation,/mnt/ubna_data_02_mir/recover-20221013/UBNA_001/20221012_030000.WAV,Telephone Field,recover-20221013,001,1795
1291.7925,1291.8031,45234,48600,Pipistrellus pipistrellus,0.024,0.027,-1,Echolocation,/mnt/ubna_data_02_mir/recover-20221013/UBNA_001/20221012_030000.WAV,Telephone Field,recover-20221013,001,1795
1291.8035,1291.8403,68437,82074,Rhinolophus ferrumequinum,0.022,0.022,-1,Echolocation,/mnt/ubna_data_02_mir/recover-20221013/UBNA_001/20221012_030000.WAV,Telephone Field,recover-20221013,001,1795
1291.8045,1291.8129,27187,39021,Eptesicus serotinus,0.008,0.024,-1,Echolocation,/mnt/ubna_data_02_mir/recover-20221013/UBNA_001/20221012_030000.WAV,Telephone Field,recover-20221013,001,1795
1291.8285,1291.8681,68437,82360,Rhinolophus ferrumequinum,0.028,0.028,-1,Echolocation,/mnt/ubna_data_02_mir/recover-20221013/UBNA_001/20221012_030000.WAV,Telephone Field,recover-20221013,001,1795
1291.8665,1291.9052,68437,81065,Rhinolophus ferrumequinum,0.023,0.024,-1,Echolocation,/mnt/ubna_data_02_mir/recover-20221013/UBNA_001/20221012_030000.WAV,Telephone Field,recover-20221013,001,1795
1291.9025,1291.9412,68437,82055,Rhinolophus ferrumequinum,0.023,0.023,-1,Echolocation,/mnt/ubna_data_02_mir/recover-20221013/UBNA_001/20221012_030000.WAV,Telephone Field,recover-20221013,001,1795
1291.9335,1291.9781,68437,83631,Rhinolophus ferrumequinum,0.06,0.061,-1,Echolocation,/mnt/ubna_data_02_mir/recover-20221013/UBNA_001/20221012_030000.WAV,Telephone Field,recover-20221013,001,1795
1291.9585,1291.9682,47812,51424,Pipistrellus pipistrellus,0.027,0.029,-1,Echolocation,/mnt/ubna_data_02_mir/recover-20221013/UBNA_001/20221012_030000.WAV,Telephone Field,recover-20221013,001,1795
1291.9665,1291.9766,24609,31303,Nyctalus leisleri,0.009,0.026,-1,Echolocation,/mnt/ubna_data_02_mir/recover-20221013/UBNA_001/20221012_030000.WAV,Telephone Field,recover-20221013,001,1795
1292.0015,1292.0343,68437,81003,Rhinolophus ferrumequinum,0.058,0.058,-1,Echolocation,/mnt/ubna_data_02_mir/recover-20221013/UBNA_001/20221012_030000.WAV,Telephone Field,recover-20221013,001,1795
1292.0015,1292.0099,26328,34307,Nyctalus leisleri,0.007,0.024,-1,Echolocation,/mnt/ubna_data_02_mir/recover-20221013/UBNA_001/20221012_030000.WAV,Telephone Field,recover-20221013,001,1795
1292.0075,1292.0516,68437,82388,Rhinolophus ferrumequinum,0.021,0.021,-1,Echolocation,/mnt/ubna_data_02_mir/recover-20221013/UBNA_001/20221012_030000.WAV,Telephone Field,recover-20221013,001,1795
1292.0155,1292.057,68437,83195,Rhinolophus ferrumequinum,0.024,0.024,-1,Echolocation,/mnt/ubna_data_02_mir/recover-20221013/UBNA_001/20221012_030000.WAV,Telephone Field,recover-20221013,001,1795
1292.0465,1292.0585,14296,18883,Nyctalus noctula,0.012,0.022,-1,Echolocation,/mnt/ubna_data_02_mir/recover-20221013/UBNA_001/20221012_030000.WAV,Telephone Field,recover-20221013,001,1795
1292.0535,1292.0614,23750,31813,Plecotus austriacus,0.008,0.021,-1,Echolocation,/mnt/ubna_data_02_mir/recover-20221013/UBNA_001/20221012_030000.WAV,Telephone Field,recover-20221013,001,1795
1292.0595,1292.096,68437,81535,Rhinolophus ferrumequinum,0.022,0.022,-1,Echolocation,/mnt/ubna_data_02_mir/recover-20221013/UBNA_001/20221012_030000.WAV,Telephone Field,recover-20221013,001,1795
1292.0985,1292.1083,27187,36030,Eptesicus serotinus,0.009,0.022,-1,Echolocation,/mnt/ubna_data_02_mir/recover-20221013/UBNA_001/20221012_030000.WAV,Telephone Field,recover-20221013,001,1795
1292.1125,1292.1508,68437,81576,Rhinolophus ferrumequinum,0.023,0.023,-1,Echolocation,/mnt/ubna_data_02_mir/recover-20221013/UBNA_001/20221012_030000.WAV,Telephone Field,recover-20221013,001,1795
1292.1825,1292.2211,68437,82147,Rhinolophus ferrumequinum,0.023,0.023,-1,Echolocation,/mnt/ubna_data_02_mir/recover-20221013/UBNA_001/20221012_030000.WAV,Telephone Field,recover-20221013,001,1795
1292.1925,1292.2311,68437,81836,Rhinolophus ferrumequinum,0.021,0.022,-1,Echolocation,/mnt/ubna_data_02_mir/recover-20221013/UBNA_001/20221012_030000.WAV,Telephone Field,recover-20221013,001,1795
1292.1975,1292.2063,22890,29539,Plecotus austriacus,0.009,0.023,-1,Echolocation,/mnt/ubna_data_02_mir/recover-20221013/UBNA_001/20221012_030000.WAV,Telephone Field,recover-20221013,001,1795
1292.2625,1292.3032,68437,82469,Rhinolophus ferrumequinum,0.021,0.021,-1,Echolocation,/mnt/ubna_data_02_mir/recover-20221013/UBNA_001/20221012_030000.WAV,Telephone Field,recover-20221013,001,1795
1292.2735,1292.2814,28046,38397,Eptesicus serotinus,0.007,0.022,-1,Echolocation,/mnt/ubna_data_02_mir/recover-20221013/UBNA_001/20221012_030000.WAV,Telephone Field,recover-20221013,001,1795
1292.3195,1292.3262,26328,39199,Eptesicus serotinus,0.004,0.021,-1,Echolocation,/mnt/ubna_data_02_mir/recover-20221013/UBNA_001/20221012_030000.WAV,Telephone Field,recover-20221013,001,1795
1292.3485,1292.3875,68437,82046,Rhinolophus ferrumequinum,0.021,0.021,-1,Echolocation,/mnt/ubna_data_02_mir/recover-20221013/UBNA_001/20221012_030000.WAV,Telephone Field,recover-20221013,001,1795
1292.3705,1292.4093,68437,82064,Rhinolophus ferrumequinum,0.021,0.021,-1,Echolocation,/mnt/ubna_data_02_mir/recover-20221013/UBNA_001/20221012_030000.WAV,Telephone Field,recover-20221013,001,1795
1292.3765,1292.3925,22031,25679,Nyctalus leisleri,0.017,0.03,-1,Echolocation,/mnt/ubna_data_02_mir/recover-20221013/UBNA_001/20221012_030000.WAV,Telephone Field,recover-20221013,001,1795
1292.4105,1292.4189,28046,36757,Eptesicus serotinus,0.009,0.022,-1,Echolocation,/mnt/ubna_data_02_mir/recover-20221013/UBNA_001/20221012_030000.WAV,Telephone Field,recover-20221013,001,1795
1292.4295,1292.4663,68437,81724,Rhinolophus ferrumequinum,0.021,0.021,-1,Echolocation,/mnt/ubna_data_02_mir/recover-20221013/UBNA_001/20221012_030000.WAV,Telephone Field,recover-20221013,001,1795
1292.4515,1292.4871,68437,81434,Rhinolophus ferrumequinum,0.022,0.022,-1,Echolocation,/mnt/ubna_data_02_mir/recover-20221013/UBNA_001/20221012_030000.WAV,Telephone Field,recover-20221013,001,1795
1292.5065,1292.5461,68437,82199,Rhinolophus ferrumequinum,0.022,0.022,-1,Echolocation,/mnt/ubna_data_02_mir/recover-20221013/UBNA_001/20221012_030000.WAV,Telephone Field,recover-20221013,001,1795
1292.5355,1292.544,27187,34230,Eptesicus serotinus,0.029,0.065,-1,Echolocation,/mnt/ubna_data_02_mir/recover-20221013/UBNA_001/20221012_030000.WAV,Telephone Field,recover-20221013,001,1795
1292.5575,1292.5918,68437,80989,Rhinolophus ferrumequinum,0.021,0.021,-1,Echolocation,/mnt/ubna_data_02_mir/recover-20221013/UBNA_001/20221012_030000.WAV,Telephone Field,recover-20221013,001,1795
1292.5745,1292.6129,68437,82250,Rhinolophus ferrumequinum,0.022,0.022,-1,Echolocation,/mnt/ubna_data_02_mir/recover-20221013/UBNA_001/20221012_030000.WAV,Telephone Field,recover-20221013,001,1795
1292.5825,1292.6213,68437,82388,Rhinolophus ferrumequinum,0.022,0.022,-1,Echolocation,/mnt/ubna_data_02_mir/recover-20221013/UBNA_001/20221012_030000.WAV,Telephone Field,recover-20221013,001,1795
1292.5865,1292.6009,23750,26782,Nyctalus leisleri,0.019,0.028,-1,Echolocation,/mnt/ubna_data_02_mir/recover-20221013/UBNA_001/20221012_030000.WAV,Telephone Field,recover-20221013,001,1795
1292.6105,1292.6505,68437,81879,Rhinolophus ferrumequinum,0.021,0.021,-1,Echolocation,/mnt/ubna_data_02_mir/recover-20221013/UBNA_001/20221012_030000.WAV,Telephone Field,recover-20221013,001,1795
1292.6115,1292.6218,28906,36567,Eptesicus serotinus,0.013,0.026,-1,Echolocation,/mnt/ubna_data_02_mir/recover-20221013/UBNA_001/20221012_030000.WAV,Telephone Field,recover-20221013,001,1795
1292.6165,1292.6569,68437,82695,Rhinolophus ferrumequinum,0.021,0.021,-1,Echolocation,/mnt/ubna_data_02_mir/recover-20221013/UBNA_001/20221012_030000.WAV,Telephone Field,recover-20221013,001,1795
1292.6545,1292.6931,68437,81776,Rhinolophus ferrumequinum,0.021,0.021,-1,Echolocation,/mnt/ubna_data_02_mir/recover-20221013/UBNA_001/20221012_030000.WAV,Telephone Field,recover-20221013,001,1795
1292.6555,1292.6678,27187,34161,Eptesicus serotinus,0.015,0.033,-1,Echolocation,/mnt/ubna_data_02_mir/recover-20221013/UBNA_001/20221012_030000.WAV,Telephone Field,recover-20221013,001,1795
1292.6975,1292.7384,68437,82889,Rhinolophus ferrumequinum,0.028,0.028,-1,Echolocation,/mnt/ubna_data_02_mir/recover-20221013/UBNA_001/20221012_030000.WAV,Telephone Field,recover-20221013,001,1795
1292.7275,1292.7653,68437,82383,Rhinolophus ferrumequinum,0.025,0.025,-1,Echolocation,/mnt/ubna_data_02_mir/recover-20221013/UBNA_001/20221012_030000.WAV,Telephone Field,recover-20221013,001,1795
1292.7655,1292.8091,68437,82582,Rhinolophus ferrumequinum,0.033,0.033,-1,Echolocation,/mnt/ubna_data_02_mir/recover-20221013/UBNA_001/20221012_030000.WAV,Telephone Field,recover-20221013,001,1795
1292.7675,1292.7757,38359,47169,Pipistrellus nathusii,0.006,0.023,-1,Echolocation,/mnt/ubna_data_02_mir/recover-20221013/UBNA_001/20221012_030000.WAV,Telephone Field,recover-20221013,001,1795
1292.8135,1292.8512,68437,82430,Rhinolophus ferrumequinum,0.022,0.022,-1,Echolocation,/mnt/ubna_data_02_mir/recover-20221013/UBNA_001/20221012_030000.WAV,Telephone Field,recover-20221013,001,1795
1292.8335,1292.873,68437,82525,Rhinolophus ferrumequinum,0.024,0.024,-1,Echolocation,/mnt/ubna_data_02_mir/recover-20221013/UBNA_001/20221012_030000.WAV,Telephone Field,recover-20221013,001,1795
1292.8695,1292.9086,68437,82298,Rhinolophus ferrumequinum,0.021,0.021,-1,Echolocation,/mnt/ubna_data_02_mir/recover-20221013/UBNA_001/20221012_030000.WAV,Telephone Field,recover-20221013,001,1795
1292.8975,1292.9073,27187,34713,Eptesicus serotinus,0.012,0.026,-1,Echolocation,/mnt/ubna_data_02_mir/recover-20221013/UBNA_001/20221012_030000.WAV,Telephone Field,recover-20221013,001,1795
1292.9195,1292.9547,68437,81633,Rhinolophus ferrumequinum,0.021,0.021,-1,Echolocation,/mnt/ubna_data_02_mir/recover-20221013/UBNA_001/20221012_030000.WAV,Telephone Field,recover-20221013,001,1795
1292.9475,1292.9582,50390,54388,Pipistrellus pipistrellus,0.015,0.022,-1,Echolocation,/mnt/ubna_data_02_mir/recover-20221013/UBNA_001/20221012_030000.WAV,Telephone Field,recover-20221013,001,1795
1292.9795,1293.0197,68437,82624,Rhinolophus ferrumequinum,0.031,0.031,-1,Echolocation,/mnt/ubna_data_02_mir/recover-20221013/UBNA_001/20221012_030000.WAV,Telephone Field,recover-20221013,001,1795
1292.9905,1293.0318,68437,82875,Rhinolophus ferrumequinum,0.025,0.025,-1,Echolocation,/mnt/ubna_data_02_mir/recover-20221013/UBNA_001/20221012_030000.WAV,Telephone Field,recover-20221013,001,1795
1293.0225,1293.0358,22031,25652,Nyctalus leisleri,0.014,0.022,-1,Echolocation,/mnt/ubna_data_02_mir/recover-20221013/UBNA_001/20221012_030000.WAV,Telephone Field,recover-20221013,001,1795
1293.0275,1293.0668,68437,82053,Rhinolophus ferrumequinum,0.022,0.022,-1,Echolocation,/mnt/ubna_data_02_mir/recover-20221013/UBNA_001/20221012_030000.WAV,Telephone Field,recover-20221013,001,1795
1293.0485,1293.0891,68437,82289,Rhinolophus ferrumequinum,0.021,0.021,-1,Echolocation,/mnt/ubna_data_02_mir/recover-20221013/UBNA_001/20221012_030000.WAV,Telephone Field,recover-20221013,001,1795
1293.0735,1293.1139,68437,82108,Rhinolophus ferrumequinum,0.025,0.025,-1,Echolocation,/mnt/ubna_data_02_mir/recover-20221013/UBNA_001/20221012_030000.WAV,Telephone Field,recover-20221013,001,1795
1293.0815,1293.1218,68437,82410,Rhinolophus ferrumequinum,0.023,0.023,-1,Echolocation,/mnt/ubna_data_02_mir/recover-20221013/UBNA_001/20221012_030000.WAV,Telephone Field,recover-20221013,001,1795
1293.1055,1293.116,22890,28246,Nyctalus leisleri,0.009,0.022,-1,Echolocation,/mnt/ubna_data_02_mir/recover-20221013/UBNA_001/20221012_030000.WAV,Telephone Field,recover-20221013,001,1795
1293.1275,1293.168,68437,82262,Rhinolophus ferrumequinum,0.025,0.025,-1,Echolocation,/mnt/ubna_data_02_mir/recover-20221013/UBNA_001/20221012_030000.WAV,Telephone Field,recover-20221013,001,1795
1293.1875,1293.1962,28046,37777,Eptesicus serotinus,0.009,0.025,-1,Echolocation,/mnt/ubna_data_02_mir/recover-20221013/UBNA_001/20221012_030000.WAV,Telephone Field,recover-20221013,001,1795
1293.2055,1293.2129,45234,50556,Pipistrellus pipistrellus,0.026,0.028,-1,Echolocation,/mnt/ubna_data_02_mir/recover-20221013/UBNA_001/20221012_030000.WAV,Telephone Field,recover-20221013,001,1795
1293.2085,1293.2156,27187,44604,Eptesicus serotinus,0.007,0.021,-1,Echolocation,/mnt/ubna_data_02_mir/recover-20221013/UBNA_001/20221012_030000.WAV,Telephone Field,recover-20221013,001,1795
1293.2175,1293.2576,68437,82849,Rhinolophus ferrumequinum,0.025,0.025,-1,Echolocation,/mnt/ubna_data_02_mir/recover-20221013/UBNA_001/20221012_030000.WAV,Telephone Field,recover-20221013,001,1795
1293.2365,1293.2762,68437,81978,Rhinolophus ferrumequinum,0.02,0.02,-1,Echolocation,/mnt/ubna_data_02_mir/recover-20221013/UBNA_001/20221012_030000.WAV,Telephone Field,recover-20221013,001,1795
1293.2535,1293.2923,68437,81962,Rhinolophus ferrumequinum,0.026,0.026,-1,Echolocation,/mnt/ubna_data_02_mir/recover-20221013/UBNA_001/20221012_030000.WAV,Telephone Field,recover-20221013,001,1795
1293.2705,1293.2794,27187,35852,Eptesicus serotinus,0.011,0.026,-1,Echolocation,/mnt/ubna_data_02_mir/recover-20221013/UBNA_001/20221012_030000.WAV,Telephone Field,recover-20221013,001,1795
1293.2885,1293.2979,28046,36081,Eptesicus serotinus,0.009,0.024,-1,Echolocation,/mnt/ubna_data_02_mir/recover-20221013/UBNA_001/20221012_030000.WAV,Telephone Field,recover-20221013,001,1795
1293.2885,1293.2976,23750,31282,Plecotus austriacus,0.008,0.024,-1,Echolocation,/mnt/ubna_data_02_mir/recover-20221013/UBNA_001/20221012_030000.WAV,Telephone Field,recover-20221013,001,1795
1293.3325,1293.3685,68437,81284,Rhinolophus ferrumequinum,0.021,0.021,-1,Echolocation,/mnt/ubna_data_02_mir/recover-20221013/UBNA_001/20221012_030000.WAV,Telephone Field,recover-20221013,001,1795
1293.3425,1293.3539,23750,30095,Nyctalus leisleri,0.012,0.028,-1,Echolocation,/mnt/ubna_data_02_mir/recover-20221013/UBNA_001/20221012_030000.WAV,Telephone Field,recover-20221013,001,1795
1293.3885,1293.4268,68437,81561,Rhinolophus ferrumequinum,0.024,0.024,-1,Echolocation,/mnt/ubna_data_02_mir/recover-20221013/UBNA_001/20221012_030000.WAV,Telephone Field,recover-20221013,001,1795
1293.4015,1293.4154,52109,58023,Pipistrellus pipistrellus,0.013,0.023,-1,Echolocation,/mnt/ubna_data_02_mir/recover-20221013/UBNA_001/20221012_030000.WAV,Telephone Field,recover-20221013,001,1795
1293.4075,1293.417,28046,35682,Eptesicus serotinus,0.021,0.04,-1,Echolocation,/mnt/ubna_data_02_mir/recover-20221013/UBNA_001/20221012_030000.WAV,Telephone Field,recover-20221013,001,1795
1293.4215,1293.4593,68437,81917,Rhinolophus ferrumequinum,0.022,0.022,-1,Echolocation,/mnt/ubna_data_02_mir/recover-20221013/UBNA_001/20221012_030000.WAV,Telephone Field,recover-20221013,001,1795
1293.4585,1293.4958,68437,80910,Rhinolophus ferrumequinum,0.022,0.022,-1,Echolocation,/mnt/ubna_data_02_mir/recover-20221013/UBNA_001/20221012_030000.WAV,Telephone Field,recover-20221013,001,1795
1293.4735,1293.4824,29765,38291,Eptesicus serotinus,0.008,0.024,-1,Echolocation,/mnt/ubna_data_02_mir/recover-20221013/UBNA_001/20221012_030000.WAV,Telephone Field,recover-20221013,001,1795
1293.4925,1293.5348,68437,82590,Rhinolophus ferrumequinum,0.03,0.031,-1,Echolocation,/mnt/ubna_data_02_mir/recover-20221013/UBNA_001/20221012_030000.WAV,Telephone Field,recover-20221013,001,1795
1293.5495,1293.56,22031,26115,Nyctalus leisleri,0.011,0.021,-1,Echolocation,/mnt/ubna_data_02_mir/recover-20221013/UBNA_001/20221012_030000.WAV,Telephone Field,recover-20221013,001,1795
1293.5915,1293.6284,68437,80632,Rhinolophus ferrumequinum,0.025,0.025,-1,Echolocation,/mnt/ubna_data_02_mir/recover-20221013/UBNA_001/20221012_030000.WAV,Telephone Field,recover-20221013,001,1795
1293.6015,1293.6419,68437,82564,Rhinolophus ferrumequinum,0.023,0.023,-1,Echolocation,/mnt/ubna_data_02_mir/recover-20221013/UBNA_001/20221012_030000.WAV,Telephone Field,recover-20221013,001,1795
1293.6265,1293.6667,68437,82465,Rhinolophus ferrumequinum,0.022,0.022,-1,Echolocation,/mnt/ubna_data_02_mir/recover-20221013/UBNA_001/20221012_030000.WAV,Telephone Field,recover-20221013,001,1795
1293.6275,1293.6354,28906,38827,Eptesicus serotinus,0.007,0.023,-1,Echolocation,/mnt/ubna_data_02_mir/recover-20221013/UBNA_001/20221012_030000.WAV,Telephone Field,recover-20221013,001,1795
1293.6705,1293.7076,68437,82132,Rhinolophus ferrumequinum,0.025,0.025,-1,Echolocation,/mnt/ubna_data_02_mir/recover-20221013/UBNA_001/20221012_030000.WAV,Telephone Field,recover-20221013,001,1795
1293.6825,1293.6898,28046,40247,Eptesicus serotinus,0.007,0.023,-1,Echolocation,/mnt/ubna_data_02_mir/recover-20221013/UBNA_001/20221012_030000.WAV,Telephone Field,recover-20221013,001,1795
1293.7005,1293.7391,68437,81974,Rhinolophus ferrumequinum,0.02,0.02,-1,Echolocation,/mnt/ubna_data_02_mir/recover-20221013/UBNA_001/20221012_030000.WAV,Telephone Field,recover-20221013,001,1795
1293.7095,1293.7183,22890,29711,Plecotus austriacus,0.012,0.026,-1,Echolocation,/mnt/ubna_data_02_mir/recover-20221013/UBNA_001/20221012_030000.WAV,Telephone Field,recover-20221013,001,1795
1293.7315,1293.743,23750,28001,Nyctalus leisleri,0.014,0.026,-1,Echolocation,/mnt/ubna_data_02_mir/recover-20221013/UBNA_001/20221012_030000.WAV,Telephone Field,recover-20221013,001,1795
1293.7435,1293.7834,68437,82373,Rhinolophus ferrumequinum,0.023,0.023,-1,Echolocation,/mnt/ubna_data_02_mir/recover-20221013/UBNA_001/20221012_030000.WAV,Telephone Field,recover-20221013,001,1795
1293.7845,1293.8294,68437,83441,Rhinolophus ferrumequinum,0.048,0.048,-1,Echolocation,/mnt/ubna_data_02_mir/recover-20221013/UBNA_001/20221012_030000.WAV,Telephone Field,recover-20221013,001,1795
1293.7855,1293.797,23750,28887,Nyctalus leisleri,0.01,0.024,-1,Echolocation,/mnt/ubna_data_02_mir/recover-20221013/UBNA_001/20221012_030000.WAV,Telephone Field,recover-20221013,001,1795
1293.8045,1293.8435,68437,81601,Rhinolophus ferrumequinum,0.022,0.022,-1,Echolocation,/mnt/ubna_data_02_mir/recover-20221013/UBNA_001/20221012_030000.WAV,Telephone Field,recover-20221013,001,1795
1293.8115,1293.8188,28046,41741,Eptesicus serotinus,0.007,0.022,-1,Echolocation,/mnt/ubna_data_02_mir/recover-20221013/UBNA_001/20221012_030000.WAV,Telephone Field,recover-20221013,001,1795
1293.8285,1293.8648,68437,81369,Rhinolophus ferrumequinum,0.022,0.022,-1,Echolocation,/mnt/ubna_data_02_mir/recover-20221013/UBNA_001/20221012_030000.WAV,Telephone Field,recover-20221013,001,1795
1293.8375,1293.8727,68437,81450,Rhinolophus ferrumequinum,0.021,0.021,-1,Echolocation,/mnt/ubna_data_02_mir/recover-20221013/UBNA_001/20221012_030000.WAV,Telephone Field,recover-20221013,001,1795
1293.8575,1293.8938,68437,81313,Rhinolophus ferrumequinum,0.027,0.027,-1,Echolocation,/mnt/ubna_data_02_mir/recover-20221013/UBNA_001/20221012_030000.WAV,Telephone Field,recover-20221013,001,1795
1293.8605,1293.8701,28046,37776,Eptesicus serotinus,0.009,0.022,-1,Echolocation,/mnt/ubna_data_02_mir/recover-20221013/UBNA_001/20221012_030000.WAV,Telephone Field,recover-20221013,001,1795
1293.9205,1293.9283,33203,41652,Myotis daubentonii,0.012,0.039,-1,Echolocation,/mnt/ubna_data_02_mir/recover-20221013/UBNA_001/20221012_030000.WAV,Telephone Field,recover-20221013,001,1795
1293.9565,1293.9962,68437,82775,Rhinolophus ferrumequinum,0.021,0.021,-1,Echolocation,/mnt/ubna_data_02_mir/recover-20221013/UBNA_001/20221012_030000.WAV,Telephone Field,recover-20221013,001,1795
1293.9635,1293.976,36640,40904,Pipistrellus nathusii,0.013,0.036,-1,Echolocation,/mnt/ubna_data_02_mir/recover-20221013/UBNA_001/20221012_030000.WAV,Telephone Field,recover-20221013,001,1795
1293.9655,1293.9735,26328,39183,Eptesicus serotinus,0.008,0.023,-1,Echolocation,/mnt/ubna_data_02_mir/recover-20221013/UBNA_001/20221012_030000.WAV,Telephone Field,recover-20221013,001,1795
1294.0015,1294.01,21171,26252,Nyctalus leisleri,0.011,0.025,-1,Echolocation,/mnt/ubna_data_02_mir/recover-20221013/UBNA_001/20221012_030000.WAV,Telephone Field,recover-20221013,001,1795
1294.0015,1294.0346,68437,80645,Rhinolophus ferrumequinum,0.024,0.024,-1,Echolocation,/mnt/ubna_data_02_mir/recover-20221013/UBNA_001/20221012_030000.WAV,Telephone Field,recover-20221013,001,1795
1294.0015,1294.0106,26328,34048,Nyctalus leisleri,0.007,0.022,-1,Echolocation,/mnt/ubna_data_02_mir/recover-20221013/UBNA_001/20221012_030000.WAV,Telephone Field,recover-20221013,001,1795
1294.0255,1294.0612,68437,81886,Rhinolophus ferrumequinum,0.022,0.022,-1,Echolocation,/mnt/ubna_data_02_mir/recover-20221013/UBNA_001/20221012_030000.WAV,Telephone Field,recover-20221013,001,1795
1294.0265,1294.0374,28046,36074,Eptesicus serotinus,0.042,0.065,-1,Echolocation,/mnt/ubna_data_02_mir/recover-20221013/UBNA_001/20221012_030000.WAV,Telephone Field,recover-20221013,001,1795
1294.0685,1294.1095,68437,82311,Rhinolophus ferrumequinum,0.021,0.021,-1,Echolocation,/mnt/ubna_data_02_mir/recover-20221013/UBNA_001/20221012_030000.WAV,Telephone Field,recover-20221013,001,1795
1294.0705,1294.08,28046,38305,Eptesicus serotinus,0.009,0.024,-1,Echolocation,/mnt/ubna_data_02_mir/recover-20221013/UBNA_001/20221012_030000.WAV,Telephone Field,recover-20221013,001,1795
1294.1065,1294.1169,22890,28015,Nyctalus leisleri,0.01,0.022,-1,Echolocation,/mnt/ubna_data_02_mir/recover-20221013/UBNA_001/20221012_030000.WAV,Telephone Field,recover-20221013,001,1795
1294.1125,1294.1524,68437,83180,Rhinolophus ferrumequinum,0.032,0.032,-1,Echolocation,/mnt/ubna_data_02_mir/recover-20221013/UBNA_001/20221012_030000.WAV,Telephone Field,recover-20221013,001,1795
1294.2005,1294.2377,68437,82207,Rhinolophus ferrumequinum,0.024,0.024,-1,Echolocation,/mnt/ubna_data_02_mir/recover-20221013/UBNA_001/20221012_030000.WAV,Telephone Field,recover-20221013,001,1795
1294.2235,1294.2631,68437,81484,Rhinolophus ferrumequinum,0.025,0.025,-1,Echolocation,/mnt/ubna_data_02_mir/recover-20221013/UBNA_001/20221012_030000.WAV,Telephone Field,recover-20221013,001,1795
1294.2425,1294.2497,24609,36070,Plecotus austriacus,0.011,0.029,-1,Echolocation,/mnt/ubna_data_02_mir/recover-20221013/UBNA_001/20221012_030000.WAV,Telephone Field,recover-20221013,001,1795
1294.2855,1294.3238,68437,81955,Rhinolophus ferrumequinum,0.021,0.021,-1,Echolocation,/mnt/ubna_data_02_mir/recover-20221013/UBNA_001/20221012_030000.WAV,Telephone Field,recover-20221013,001,1795
1294.3035,1294.3431,68437,81970,Rhinolophus ferrumequinum,0.021,0.021,-1,Echolocation,/mnt/ubna_data_02_mir/recover-20221013/UBNA_001/20221012_030000.WAV,Telephone Field,recover-20221013,001,1795
1294.3305,1294.3388,28046,41869,Eptesicus serotinus,0.008,0.022,-1,Echolocation,/mnt/ubna_data_02_mir/recover-20221013/UBNA_001/20221012_030000.WAV,Telephone Field,recover-20221013,001,1795
1294.3575,1294.3953,68437,81958,Rhinolophus ferrumequinum,0.025,0.026,-1,Echolocation,/mnt/ubna_data_02_mir/recover-20221013/UBNA_001/20221012_030000.WAV,Telephone Field,recover-20221013,001,1795
1294.4755,1294.484,26328,38098,Eptesicus serotinus,0.008,0.023,-1,Echolocation,/mnt/ubna_data_02_mir/recover-20221013/UBNA_001/20221012_030000.WAV,Telephone Field,recover-20221013,001,1795
1294.4845,1294.5265,68437,83332,Rhinolophus ferrumequinum,0.025,0.025,-1,Echolocation,/mnt/ubna_data_02_mir/recover-20221013/UBNA_001/20221012_030000.WAV,Telephone Field,recover-20221013,001,1795
1294.5155,1294.5512,68437,81363,Rhinolophus ferrumequinum,0.022,0.022,-1,Echolocation,/mnt/ubna_data_02_mir/recover-20221013/UBNA_001/20221012_030000.WAV,Telephone Field,recover-20221013,001,1795
1294.5225,1294.5337,23750,29266,Nyctalus leisleri,0.011,0.024,-1,Echolocation,/mnt/ubna_data_02_mir/recover-20221013/UBNA_001/20221012_030000.WAV,Telephone Field,recover-20221013,001,1795
1294.5335,1294.5702,68437,81795,Rhinolophus ferrumequinum,0.022,0.022,-1,Echolocation,/mnt/ubna_data_02_mir/recover-20221013/UBNA_001/20221012_030000.WAV,Telephone Field,recover-20221013,001,1795
1294.5375,1294.548,27187,34741,Eptesicus serotinus,0.011,0.024,-1,Echolocation,/mnt/ubna_data_02_mir/recover-20221013/UBNA_001/20221012_030000.WAV,Telephone Field,recover-20221013,001,1795
1294.5395,1294.5777,68437,81813,Rhinolophus ferrumequinum,0.022,0.022,-1,Echolocation,/mnt/ubna_data_02_mir/recover-20221013/UBNA_001/20221012_030000.WAV,Telephone Field,recover-20221013,001,1795
1294.5525,1294.568,22890,27179,Nyctalus leisleri,0.017,0.032,-1,Echolocation,/mnt/ubna_data_02_mir/recover-20221013/UBNA_001/20221012_030000.WAV,Telephone Field,recover-20221013,001,1795
1294.6255,1294.6642,68437,82388,Rhinolophus ferrumequinum,0.023,0.023,-1,Echolocation,/mnt/ubna_data_02_mir/recover-20221013/UBNA_001/20221012_030000.WAV,Telephone Field,recover-20221013,001,1795
1294.6875,1294.7266,68437,82294,Rhinolophus ferrumequinum,0.036,0.036,-1,Echolocation,/mnt/ubna_data_02_mir/recover-20221013/UBNA_001/20221012_030000.WAV,Telephone Field,recover-20221013,001,1795
1294.6945,1294.7388,68437,83261,Rhinolophus ferrumequinum,0.043,0.043,-1,Echolocation,/mnt/ubna_data_02_mir/recover-20221013/UBNA_001/20221012_030000.WAV,Telephone Field,recover-20221013,001,1795
1294.7365,1294.7758,68437,82636,Rhinolophus ferrumequinum,0.024,0.024,-1,Echolocation,/mnt/ubna_data_02_mir/recover-20221013/UBNA_001/20221012_030000.WAV,Telephone Field,recover-20221013,001,1795
1294.7465,1294.7888,68437,83374,Rhinolophus ferrumequinum,0.027,0.027,-1,Echolocation,/mnt/ubna_data_02_mir/recover-20221013/UBNA_001/20221012_030000.WAV,Telephone Field,recover-20221013,001,1795
1294.7705,1294.7794,28906,37193,Eptesicus serotinus,0.008,0.022,-1,Echolocation,/mnt/ubna_data_02_mir/recover-20221013/UBNA_001/20221012_030000.WAV,Telephone Field,recover-20221013,001,1795
1294.7715,1294.7807,34062,40012,Barbastellus barbastellus,0.006,0.022,-1,Echolocation,/mnt/ubna_data_02_mir/recover-20221013/UBNA_001/20221012_030000.WAV,Telephone Field,recover-20221013,001,1795
1294.7875,1294.7955,23750,30988,Plecotus austriacus,0.009,0.022,-1,Echolocation,/mnt/ubna_data_02_mir/recover-20221013/UBNA_001/20221012_030000.WAV,Telephone Field,recover-20221013,001,1795
1294.8315,1294.8391,23750,32283,Plecotus austriacus,0.011,0.027,-1,Echolocation,/mnt/ubna_data_02_mir/recover-20221013/UBNA_001/20221012_030000.WAV,Telephone Field,recover-20221013,001,1795
1294.8585,1294.8665,28046,39697,Eptesicus serotinus,0.008,0.023,-1,Echolocation,/mnt/ubna_data_02_mir/recover-20221013/UBNA_001/20221012_030000.WAV,Telephone Field,recover-20221013,001,1795
1294.8625,1294.9019,68437,83014,Rhinolophus ferrumequinum,0.029,0.029,-1,Echolocation,/mnt/ubna_data_02_mir/recover-20221013/UBNA_001/20221012_030000.WAV,Telephone Field,recover-20221013,001,1795
1294.8685,1294.8788,37500,42989,Pipistrellus nathusii,0.008,0.021,-1,Echolocation,/mnt/ubna_data_02_mir/recover-20221013/UBNA_001/20221012_030000.WAV,Telephone Field,recover-20221013,001,1795
1294.8715,1294.8809,22890,29588,Plecotus austriacus,0.007,0.025,-1,Echolocation,/mnt/ubna_data_02_mir/recover-20221013/UBNA_001/20221012_030000.WAV,Telephone Field,recover-20221013,001,1795
1294.8865,1294.925,68437,82347,Rhinolophus ferrumequinum,0.022,0.022,-1,Echolocation,/mnt/ubna_data_02_mir/recover-20221013/UBNA_001/20221012_030000.WAV,Telephone Field,recover-20221013,001,1795
1294.9405,1294.98,68437,82475,Rhinolophus ferrumequinum,0.032,0.032,-1,Echolocation,/mnt/ubna_data_02_mir/recover-20221013/UBNA_001/20221012_030000.WAV,Telephone Field,recover-20221013,001,1795
1294.9875,1294.9977,23750,30406,Nyctalus leisleri,0.009,0.023,-1,Echolocation,/mnt/ubna_data_02_mir/recover-20221013/UBNA_001/20221012_030000.WAV,Telephone Field,recover-20221013,001,1795
1295.0115,1295.0187,28046,41149,Eptesicus serotinus,0.007,0.026,-1,Echolocation,/mnt/ubna_data_02_mir/recover-20221013/UBNA_001/20221012_030000.WAV,Telephone Field,recover-20221013,001,1795
1295.0395,1295.0758,68437,81584,Rhinolophus ferrumequinum,0.022,0.022,-1,Echolocation,/mnt/ubna_data_02_mir/recover-20221013/UBNA_001/20221012_030000.WAV,Telephone Field,recover-20221013,001,1795
1295.0705,1295.0831,22890,28629,Nyctalus leisleri,0.011,0.026,-1,Echolocation,/mnt/ubna_data_02_mir/recover-20221013/UBNA_001/20221012_030000.WAV,Telephone Field,recover-20221013,001,1795
1295.0775,1295.1204,68437,83655,Rhinolophus ferrumequinum,0.034,0.034,-1,Echolocation,/mnt/ubna_data_02_mir/recover-20221013/UBNA_001/20221012_030000.WAV,Telephone Field,recover-20221013,001,1795
1295.1615,1295.1992,68437,81835,Rhinolophus ferrumequinum,0.023,0.023,-1,Echolocation,/mnt/ubna_data_02_mir/recover-20221013/UBNA_001/20221012_030000.WAV,Telephone Field,recover-20221013,001,1795
1295.2175,1295.2245,28046,40360,Eptesicus serotinus,0.008,0.029,-1,Echolocation,/mnt/ubna_data_02_mir/recover-20221013/UBNA_001/20221012_030000.WAV,Telephone Field,recover-20221013,001,1795
1295.2535,1295.2928,68437,82867,Rhinolophus ferrumequinum,0.024,0.024,-1,Echolocation,/mnt/ubna_data_02_mir/recover-20221013/UBNA_001/20221012_030000.WAV,Telephone Field,recover-20221013,001,1795
1295.2845,1295.295,28046,36412,Eptesicus serotinus,0.011,0.023,-1,Echolocation,/mnt/ubna_data_02_mir/recover-20221013/UBNA_001/20221012_030000.WAV,Telephone Field,recover-20221013,001,1795
1295.2905,1295.2988,27187,36564,Eptesicus serotinus,0.01,0.025,-1,Echolocation,/mnt/ubna_data_02_mir/recover-20221013/UBNA_001/20221012_030000.WAV,Telephone Field,recover-20221013,001,1795
1295.3215,1295.3594,68437,81691,Rhinolophus ferrumequinum,0.023,0.023,-1,Echolocation,/mnt/ubna_data_02_mir/recover-20221013/UBNA_001/20221012_030000.WAV,Telephone Field,recover-20221013,001,1795
1295.3295,1295.342,23750,29354,Nyctalus leisleri,0.011,0.025,-1,Echolocation,/mnt/ubna_data_02_mir/recover-20221013/UBNA_001/20221012_030000.WAV,Telephone Field,recover-20221013,001,1795
1295.3375,1295.3789,68437,82921,Rhinolophus ferrumequinum,0.023,0.023,-1,Echolocation,/mnt/ubna_data_02_mir/recover-20221013/UBNA_001/20221012_030000.WAV,Telephone Field,recover-20221013,001,1795
1295.3745,1295.412,68437,82365,Rhinolophus ferrumequinum,0.033,0.033,-1,Echolocation,/mnt/ubna_data_02_mir/recover-20221013/UBNA_001/20221012_030000.WAV,Telephone Field,recover-20221013,001,1795
1295.3885,1295.4243,68437,82306,Rhinolophus ferrumequinum,0.023,0.023,-1,Echolocation,/mnt/ubna_data_02_mir/recover-20221013/UBNA_001/20221012_030000.WAV,Telephone Field,recover-20221013,001,1795
1295.4185,1295.4253,26328,36217,Plecotus auritus,0.01,0.035,-1,Echolocation,/mnt/ubna_data_02_mir/recover-20221013/UBNA_001/20221012_030000.WAV,Telephone Field,recover-20221013,001,1795
1295.4675,1295.5027,68437,81721,Rhinolophus ferrumequinum,0.022,0.023,-1,Echolocation,/mnt/ubna_data_02_mir/recover-20221013/UBNA_001/20221012_030000.WAV,Telephone Field,recover-20221013,001,1795
1295.4795,1295.5197,68437,82339,Rhinolophus ferrumequinum,0.023,0.023,-1,Echolocation,/mnt/ubna_data_02_mir/recover-20221013/UBNA_001/20221012_030000.WAV,Telephone Field,recover-20221013,001,1795
1295.4825,1295.491,28046,39834,Eptesicus serotinus,0.007,0.022,-1,Echolocation,/mnt/ubna_data_02_mir/recover-20221013/UBNA_001/20221012_030000.WAV,Telephone Field,recover-20221013,001,1795
1295.5835,1295.6175,68437,80237,Rhinolophus ferrumequinum,0.027,0.027,-1,Echolocation,/mnt/ubna_data_02_mir/recover-20221013/UBNA_001/20221012_030000.WAV,Telephone Field,recover-20221013,001,1795
1295.6365,1295.6753,68437,82243,Rhinolophus ferrumequinum,0.022,0.022,-1,Echolocation,/mnt/ubna_data_02_mir/recover-20221013/UBNA_001/20221012_030000.WAV,Telephone Field,recover-20221013,001,1795
1295.6465,1295.6866,68437,82268,Rhinolophus ferrumequinum,0.022,0.022,-1,Echolocation,/mnt/ubna_data_02_mir/recover-20221013/UBNA_001/20221012_030000.WAV,Telephone Field,recover-20221013,001,1795
1295.6535,1295.6927,68437,82091,Rhinolophus ferrumequinum,0.021,0.022,-1,Echolocation,/mnt/ubna_data_02_mir/recover-20221013/UBNA_001/20221012_030000.WAV,Telephone Field,recover-20221013,001,1795
1295.6735,1295.714,68437,83095,Rhinolophus ferrumequinum,0.022,0.022,-1,Echolocation,/mnt/ubna_data_02_mir/recover-20221013/UBNA_001/20221012_030000.WAV,Telephone Field,recover-20221013,001,1795
1295.6785,1295.7207,68437,82909,Rhinolophus ferrumequinum,0.022,0.022,-1,Echolocation,/mnt/ubna_data_02_mir/recover-20221013/UBNA_001/20221012_030000.WAV,Telephone Field,recover-20221013,001,1795
1295.7025,1295.7433,68437,82037,Rhinolophus ferrumequinum,0.023,0.023,-1,Echolocation,/mnt/ubna_data_02_mir/recover-20221013/UBNA_001/20221012_030000.WAV,Telephone Field,recover-20221013,001,1795
1295.7215,1295.7648,68437,82958,Rhinolophus ferrumequinum,0.027,0.027,-1,Echolocation,/mnt/ubna_data_02_mir/recover-20221013/UBNA_001/20221012_030000.WAV,Telephone Field,recover-20221013,001,1795
1295.7595,1295.7974,68437,82446,Rhinolophus ferrumequinum,0.022,0.022,-1,Echolocation,/mnt/ubna_data_02_mir/recover-20221013/UBNA_001/20221012_030000.WAV,Telephone Field,recover-20221013,001,1795
1295.7885,1295.8289,68437,82419,Rhinolophus ferrumequinum,0.023,0.023,-1,Echolocation,/mnt/ubna_data_02_mir/recover-20221013/UBNA_001/20221012_030000.WAV,Telephone Field,recover-20221013,001,1795
1295.8295,1295.8651,68437,82007,Rhinolophus ferrumequinum,0.021,0.021,-1,Echolocation,/mnt/ubna_data_02_mir/recover-20221013/UBNA_001/20221012_030000.WAV,Telephone Field,recover-20221013,001,1795
1295.8515,1295.8913,68437,82406,Rhinolophus ferrumequinum,0.025,0.025,-1,Echolocation,/mnt/ubna_data_02_mir/recover-20221013/UBNA_001/20221012_030000.WAV,Telephone Field,recover-20221013,001,1795
1295.9255,1295.9363,25468,34192,Eptesicus serotinus,0.012,0.026,-1,Echolocation,/mnt/ubna_data_02_mir/recover-20221013/UBNA_001/20221012_030000.WAV,Telephone Field,recover-20221013,001,1795
1295.9875,1295.9966,24609,33095,Nyctalus leisleri,0.006,0.022,-1,Echolocation,/mnt/ubna_data_02_mir/recover-20221013/UBNA_001/20221012_030000.WAV,Telephone Field,recover-20221013,001,1795
1296.0015,1296.0372,68437,79831,Rhinolophus ferrumequinum,0.029,0.029,-1,Echolocation,/mnt/ubna_data_02_mir/recover-20221013/UBNA_001/20221012_030000.WAV,Telephone Field,recover-20221013,001,1795
1296.0015,1296.0115,23750,30045,Nyctalus leisleri,0.016,0.037,-1,Echolocation,/mnt/ubna_data_02_mir/recover-20221013/UBNA_001/20221012_030000.WAV,Telephone Field,recover-20221013,001,1795
1296.0015,1296.0106,46953,51160,Pipistrellus pipistrellus,0.02,0.026,-1,Echolocation,/mnt/ubna_data_02_mir/recover-20221013/UBNA_001/20221012_030000.WAV,Telephone Field,recover-20221013,001,1795
1296.0415,1296.0484,26328,38100,Eptesicus serotinus,0.005,0.022,-1,Echolocation,/mnt/ubna_data_02_mir/recover-20221013/UBNA_001/20221012_030000.WAV,Telephone Field,recover-20221013,001,1795
1296.0535,1296.0947,68437,82911,Rhinolophus ferrumequinum,0.033,0.033,-1,Echolocation,/mnt/ubna_data_02_mir/recover-20221013/UBNA_001/20221012_030000.WAV,Telephone Field,recover-20221013,001,1795
1296.0745,1296.0841,28046,35590,Eptesicus serotinus,0.021,0.044,-1,Echolocation,/mnt/ubna_data_02_mir/recover-20221013/UBNA_001/20221012_030000.WAV,Telephone Field,recover-20221013,001,1795
1296.0965,1296.1339,68437,82029,Rhinolophus ferrumequinum,0.023,0.023,-1,Echolocation,/mnt/ubna_data_02_mir/recover-20221013/UBNA_001/20221012_030000.WAV,Telephone Field,recover-20221013,001,1795
1296.1035,1296.1453,68437,82456,Rhinolophus ferrumequinum,0.024,0.024,-1,Echolocation,/mnt/ubna_data_02_mir/recover-20221013/UBNA_001/20221012_030000.WAV,Telephone Field,recover-20221013,001,1795
1296.1065,1296.1139,27187,40165,Eptesicus serotinus,0.008,0.026,-1,Echolocation,/mnt/ubna_data_02_mir/recover-20221013/UBNA_001/20221012_030000.WAV,Telephone Field,recover-20221013,001,1795
1296.1125,1296.1222,22031,28864,Plecotus austriacus,0.011,0.029,-1,Echolocation,/mnt/ubna_data_02_mir/recover-20221013/UBNA_001/20221012_030000.WAV,Telephone Field,recover-20221013,001,1795
1296.1125,1296.1536,68437,82688,Rhinolophus ferrumequinum,0.025,0.025,-1,Echolocation,/mnt/ubna_data_02_mir/recover-20221013/UBNA_001/20221012_030000.WAV,Telephone Field,recover-20221013,001,1795
1296.2115,1296.2184,35781,45091,Barbastellus barbastellus,0.01,0.029,-1,Echolocation,/mnt/ubna_data_02_mir/recover-20221013/UBNA_001/20221012_030000.WAV,Telephone Field,recover-20221013,001,1795
1296.2125,1296.2522,68437,81422,Rhinolophus ferrumequinum,0.027,0.027,-1,Echolocation,/mnt/ubna_data_02_mir/recover-20221013/UBNA_001/20221012_030000.WAV,Telephone Field,recover-20221013,001,1795
1296.2125,1296.2192,27187,42912,Eptesicus serotinus,0.007,0.025,-1,Echolocation,/mnt/ubna_data_02_mir/recover-20221013/UBNA_001/20221012_030000.WAV,Telephone Field,recover-20221013,001,1795
1296.2815,1296.2888,28046,40200,Eptesicus serotinus,0.007,0.022,-1,Echolocation,/mnt/ubna_data_02_mir/recover-20221013/UBNA_001/20221012_030000.WAV,Telephone Field,recover-20221013,001,1795
1296.2955,1296.3349,68437,82856,Rhinolophus ferrumequinum,0.025,0.025,-1,Echolocation,/mnt/ubna_data_02_mir/recover-20221013/UBNA_001/20221012_030000.WAV,Telephone Field,recover-20221013,001,1795
1296.3025,1296.3427,68437,82879,Rhinolophus ferrumequinum,0.025,0.025,-1,Echolocation,/mnt/ubna_data_02_mir/recover-20221013/UBNA_001/20221012_030000.WAV,Telephone Field,recover-20221013,001,1795
1296.3685,1296.4067,68437,82074,Rhinolophus ferrumequinum,0.023,0.023,-1,Echolocation,/mnt/ubna_data_02_mir/recover-20221013/UBNA_001/20221012_030000.WAV,Telephone Field,recover-20221013,001,1795
1296.3725,1296.3811,33203,42490,Barbastellus barbastellus,0.005,0.022,-1,Echolocation,/mnt/ubna_data_02_mir/recover-20221013/UBNA_001/20221012_030000.WAV,Telephone Field,recover-20221013,001,1795
1296.3745,1296.3819,28046,37844,Eptesicus serotinus,0.007,0.022,-1,Echolocation,/mnt/ubna_data_02_mir/recover-20221013/UBNA_001/20221012_030000.WAV,Telephone Field,recover-20221013,001,1795
1296.3835,1296.3904,25468,34791,Plecotus auritus,0.007,0.023,-1,Echolocation,/mnt/ubna_data_02_mir/recover-20221013/UBNA_001/20221012_030000.WAV,Telephone Field,recover-20221013,001,1795
1296.4115,1296.422,23750,29680,Nyctalus leisleri,0.009,0.024,-1,Echolocation,/mnt/ubna_data_02_mir/recover-20221013/UBNA_001/20221012_030000.WAV,Telephone Field,recover-20221013,001,1795
1296.4325,1296.4742,68437,82974,Rhinolophus ferrumequinum,0.029,0.029,-1,Echolocation,/mnt/ubna_data_02_mir/recover-20221013/UBNA_001/20221012_030000.WAV,Telephone Field,recover-20221013,001,1795
1296.4735,1296.4824,43515,46847,Pipistrellus pipistrellus,0.03,0.036,-1,Echolocation,/mnt/ubna_data_02_mir/recover-20221013/UBNA_001/20221012_030000.WAV,Telephone Field,recover-20221013,001,1795
1296.4755,1296.4832,27187,39195,Eptesicus serotinus,0.007,0.023,-1,Echolocation,/mnt/ubna_data_02_mir/recover-20221013/UBNA_001/20221012_030000.WAV,Telephone Field,recover-20221013,001,1795
1296.4755,1296.5161,68437,82790,Rhinolophus ferrumequinum,0.025,0.025,-1,Echolocation,/mnt/ubna_data_02_mir/recover-20221013/UBNA_001/20221012_030000.WAV,Telephone Field,recover-20221013,001,1795
1296.5055,1296.5437,68437,82052,Rhinolophus ferrumequinum,0.04,0.04,-1,Echolocation,/mnt/ubna_data_02_mir/recover-20221013/UBNA_001/20221012_030000.WAV,Telephone Field,recover-20221013,001,1795
1296.5105,1296.5218,22890,28305,Nyctalus leisleri,0.01,0.022,-1,Echolocation,/mnt/ubna_data_02_mir/recover-20221013/UBNA_001/20221012_030000.WAV,Telephone Field,recover-20221013,001,1795
1296.5265,1296.5342,26328,35157,Eptesicus serotinus,0.008,0.023,-1,Echolocation,/mnt/ubna_data_02_mir/recover-20221013/UBNA_001/20221012_030000.WAV,Telephone Field,recover-20221013,001,1795
1296.5615,1296.5692,46953,54167,Pipistrellus pipistrellus,0.02,0.022,-1,Echolocation,/mnt/ubna_data_02_mir/recover-20221013/UBNA_001/20221012_030000.WAV,Telephone Field,recover-20221013,001,1795
1296.5805,1296.6226,68437,82961,Rhinolophus ferrumequinum,0.024,0.024,-1,Echolocation,/mnt/ubna_data_02_mir/recover-20221013/UBNA_001/20221012_030000.WAV,Telephone Field,recover-20221013,001,1795
1296.5915,1296.599,28906,38328,Eptesicus serotinus,0.009,0.026,-1,Echolocation,/mnt/ubna_data_02_mir/recover-20221013/UBNA_001/20221012_030000.WAV,Telephone Field,recover-20221013,001,1795
1296.6035,1296.6399,68437,81672,Rhinolophus ferrumequinum,0.022,0.022,-1,Echolocation,/mnt/ubna_data_02_mir/recover-20221013/UBNA_001/20221012_030000.WAV,Telephone Field,recover-20221013,001,1795
1296.6205,1296.659,68437,82592,Rhinolophus ferrumequinum,0.041,0.041,-1,Echolocation,/mnt/ubna_data_02_mir/recover-20221013/UBNA_001/20221012_030000.WAV,Telephone Field,recover-20221013,001,1795
1296.6345,1296.6426,23750,33896,Plecotus austriacus,0.007,0.022,-1,Echolocation,/mnt/ubna_data_02_mir/recover-20221013/UBNA_001/20221012_030000.WAV,Telephone Field,recover-20221013,001,1795
1296.6435,1296.6525,23750,31271,Plecotus austriacus,0.007,0.022,-1,Echolocation,/mnt/ubna_data_02_mir/recover-20221013/UBNA_001/20221012_030000.WAV,Telephone Field,recover-20221013,001,1795
1296.6495,1296.6592,24609,31756,Eptesicus serotinus,0.007,0.022,-1,Echolocation,/mnt/ubna_data_02_mir/recover-20221013/UBNA_001/20221012_030000.WAV,Telephone Field,recover-20221013,001,1795
1296.6555,1296.6911,68437,81422,Rhinolophus ferrumequinum,0.037,0.037,-1,Echolocation,/mnt/ubna_data_02_mir/recover-20221013/UBNA_001/20221012_030000.WAV,Telephone Field,recover-20221013,001,1795
1296.6795,1296.7231,68437,82771,Rhinolophus ferrumequinum,0.025,0.025,-1,Echolocation,/mnt/ubna_data_02_mir/recover-20221013/UBNA_001/20221012_030000.WAV,Telephone Field,recover-20221013,001,1795
1296.6865,1296.728,68437,82778,Rhinolophus ferrumequinum,0.028,0.028,-1,Echolocation,/mnt/ubna_data_02_mir/recover-20221013/UBNA_001/20221012_030000.WAV,Telephone Field,recover-20221013,001,1795
1296.7005,1296.7389,68437,82407,Rhinolophus ferrumequinum,0.028,0.028,-1,Echolocation,/mnt/ubna_data_02_mir/recover-20221013/UBNA_001/20221012_030000.WAV,Telephone Field,recover-20221013,001,1795
1296.7345,1296.7772,68437,82754,Rhinolophus ferrumequinum,0.031,0.031,-1,Echolocation,/mnt/ubna_data_02_mir/recover-20221013/UBNA_001/20221012_030000.WAV,Telephone Field,recover-20221013,001,1795
1296.7345,1296.7412,28046,41868,Eptesicus serotinus,0.006,0.024,-1,Echolocation,/mnt/ubna_data_02_mir/recover-20221013/UBNA_001/20221012_030000.WAV,Telephone Field,recover-20221013,001,1795
1296.7405,1296.7581,20312,23754,Nyctalus leisleri,0.02,0.043,-1,Echolocation,/mnt/ubna_data_02_mir/recover-20221013/UBNA_001/20221012_030000.WAV,Telephone Field,recover-20221013,001,1795
1296.7535,1296.7599,35781,47856,Myotis daubentonii,0.012,0.043,-1,Echolocation,/mnt/ubna_data_02_mir/recover-20221013/UBNA_001/20221012_030000.WAV,Telephone Field,recover-20221013,001,1795
1296.7605,1296.7945,68437,81847,Rhinolophus ferrumequinum,0.022,0.022,-1,Echolocation,/mnt/ubna_data_02_mir/recover-20221013/UBNA_001/20221012_030000.WAV,Telephone Field,recover-20221013,001,1795
1296.8065,1296.8161,28046,37726,Eptesicus serotinus,0.011,0.025,-1,Echolocation,/mnt/ubna_data_02_mir/recover-20221013/UBNA_001/20221012_030000.WAV,Telephone Field,recover-20221013,001,1795
1296.8065,1296.8423,68437,81737,Rhinolophus ferrumequinum,0.023,0.023,-1,Echolocation,/mnt/ubna_data_02_mir/recover-20221013/UBNA_001/20221012_030000.WAV,Telephone Field,recover-20221013,001,1795
1296.8265,1296.8655,68437,82169,Rhinolophus ferrumequinum,0.028,0.028,-1,Echolocation,/mnt/ubna_data_02_mir/recover-20221013/UBNA_001/20221012_030000.WAV,Telephone Field,recover-20221013,001,1795
1296.8395,1296.8474,27187,39694,Eptesicus serotinus,0.008,0.022,-1,Echolocation,/mnt/ubna_data_02_mir/recover-20221013/UBNA_001/20221012_030000.WAV,Telephone Field,recover-20221013,001,1795
1296.8595,1296.8981,68437,82303,Rhinolophus ferrumequinum,0.023,0.023,-1,Echolocation,/mnt/ubna_data_02_mir/recover-20221013/UBNA_001/20221012_030000.WAV,Telephone Field,recover-20221013,001,1795
1296.8935,1296.9003,27187,39432,Eptesicus serotinus,0.006,0.022,-1,Echolocation,/mnt/ubna_data_02_mir/recover-20221013/UBNA_001/20221012_030000.WAV,Telephone Field,recover-20221013,001,1795
1296.9175,1296.9555,68437,82241,Rhinolophus ferrumequinum,0.028,0.028,-1,Echolocation,/mnt/ubna_data_02_mir/recover-20221013/UBNA_001/20221012_030000.WAV,Telephone Field,recover-20221013,001,1795
1296.9265,1296.9656,68437,82339,Rhinolophus ferrumequinum,0.026,0.026,-1,Echolocation,/mnt/ubna_data_02_mir/recover-20221013/UBNA_001/20221012_030000.WAV,Telephone Field,recover-20221013,001,1795
1296.9425,1296.9827,68437,82852,Rhinolophus ferrumequinum,0.026,0.026,-1,Echolocation,/mnt/ubna_data_02_mir/recover-20221013/UBNA_001/20221012_030000.WAV,Telephone Field,recover-20221013,001,1795
1296.9945,1297.0322,68437,82088,Rhinolophus ferrumequinum,0.037,0.037,-1,Echolocation,/mnt/ubna_data_02_mir/recover-20221013/UBNA_001/20221012_030000.WAV,Telephone Field,recover-20221013,001,1795
1297.0435,1297.0818,68437,82100,Rhinolophus ferrumequinum,0.024,0.024,-1,Echolocation,/mnt/ubna_data_02_mir/recover-20221013/UBNA_001/20221012_030000.WAV,Telephone Field,recover-20221013,001,1795
1297.0615,1297.0701,23750,32198,Plecotus austriacus,0.006,0.022,-1,Echolocation,/mnt/ubna_data_02_mir/recover-20221013/UBNA_001/20221012_030000.WAV,Telephone Field,recover-20221013,001,1795
1297.0785,1297.1143,68437,82025,Rhinolophus ferrumequinum,0.022,0.022,-1,Echolocation,/mnt/ubna_data_02_mir/recover-20221013/UBNA_001/20221012_030000.WAV,Telephone Field,recover-20221013,001,1795
1297.1115,1297.1462,68437,81318,Rhinolophus ferrumequinum,0.026,0.027,-1,Echolocation,/mnt/ubna_data_02_mir/recover-20221013/UBNA_001/20221012_030000.WAV,Telephone Field,recover-20221013,001,1795
1297.1335,1297.1714,68437,81428,Rhinolophus ferrumequinum,0.022,0.022,-1,Echolocation,/mnt/ubna_data_02_mir/recover-20221013/UBNA_001/20221012_030000.WAV,Telephone Field,recover-20221013,001,1795
1297.1525,1297.1957,68437,82820,Rhinolophus ferrumequinum,0.031,0.031,-1,Echolocation,/mnt/ubna_data_02_mir/recover-20221013/UBNA_001/20221012_030000.WAV,Telephone Field,recover-20221013,001,1795
1297.1595,1297.2015,68437,83143,Rhinolophus ferrumequinum,0.032,0.032,-1,Echolocation,/mnt/ubna_data_02_mir/recover-20221013/UBNA_001/20221012_030000.WAV,Telephone Field,recover-20221013,001,1795
1297.1915,1297.2292,68437,82049,Rhinolophus ferrumequinum,0.022,0.022,-1,Echolocation,/mnt/ubna_data_02_mir/recover-20221013/UBNA_001/20221012_030000.WAV,Telephone Field,recover-20221013,001,1795
1297.2115,1297.2204,28046,37577,Eptesicus serotinus,0.009,0.025,-1,Echolocation,/mnt/ubna_data_02_mir/recover-20221013/UBNA_001/20221012_030000.WAV,Telephone Field,recover-20221013,001,1795
1297.2205,1297.2322,23750,29025,Nyctalus leisleri,0.013,0.026,-1,Echolocation,/mnt/ubna_data_02_mir/recover-20221013/UBNA_001/20221012_030000.WAV,Telephone Field,recover-20221013,001,1795
1297.2335,1297.2734,68437,82144,Rhinolophus ferrumequinum,0.034,0.034,-1,Echolocation,/mnt/ubna_data_02_mir/recover-20221013/UBNA_001/20221012_030000.WAV,Telephone Field,recover-20221013,001,1795
1297.2685,1297.2765,26328,35796,Eptesicus serotinus,0.007,0.023,-1,Echolocation,/mnt/ubna_data_02_mir/recover-20221013/UBNA_001/20221012_030000.WAV,Telephone Field,recover-20221013,001,1795
1297.3275,1297.3712,68437,83063,Rhinolophus ferrumequinum,0.042,0.043,-1,Echolocation,/mnt/ubna_data_02_mir/recover-20221013/UBNA_001/20221012_030000.WAV,Telephone Field,recover-20221013,001,1795
1297.3685,1297.4095,68437,82812,Rhinolophus ferrumequinum,0.028,0.028,-1,Echolocation,/mnt/ubna_data_02_mir/recover-20221013/UBNA_001/20221012_030000.WAV,Telephone Field,recover-20221013,001,1795
1297.4105,1297.448,68437,82048,Rhinolophus ferrumequinum,0.026,0.026,-1,Echolocation,/mnt/ubna_data_02_mir/recover-20221013/UBNA_001/20221012_030000.WAV,Telephone Field,recover-20221013,001,1795
1297.4405,1297.4782,68437,82512,Rhinolophus ferrumequinum,0.04,0.04,-1,Echolocation,/mnt/ubna_data_02_mir/recover-20221013/UBNA_001/20221012_030000.WAV,Telephone Field,recover-20221013,001,1795
1297.4495,1297.4875,68437,82437,Rhinolophus ferrumequinum,0.025,0.025,-1,Echolocation,/mnt/ubna_data_02_mir/recover-20221013/UBNA_001/20221012_030000.WAV,Telephone Field,recover-20221013,001,1795
1297.4605,1297.4704,23750,29230,Nyctalus leisleri,0.01,0.023,-1,Echolocation,/mnt/ubna_data_02_mir/recover-20221013/UBNA_001/20221012_030000.WAV,Telephone Field,recover-20221013,001,1795
1297.4915,1297.5004,23750,31690,Plecotus austriacus,0.009,0.026,-1,Echolocation,/mnt/ubna_data_02_mir/recover-20221013/UBNA_001/20221012_030000.WAV,Telephone Field,recover-20221013,001,1795
1297.5045,1297.5129,27187,41306,Eptesicus serotinus,0.008,0.023,-1,Echolocation,/mnt/ubna_data_02_mir/recover-20221013/UBNA_001/20221012_030000.WAV,Telephone Field,recover-20221013,001,1795
1297.5225,1297.5594,68437,82169,Rhinolophus ferrumequinum,0.024,0.024,-1,Echolocation,/mnt/ubna_data_02_mir/recover-20221013/UBNA_001/20221012_030000.WAV,Telephone Field,recover-20221013,001,1795
1297.5265,1297.5352,28906,38320,Eptesicus serotinus,0.009,0.023,-1,Echolocation,/mnt/ubna_data_02_mir/recover-20221013/UBNA_001/20221012_030000.WAV,Telephone Field,recover-20221013,001,1795
1297.5645,1297.6011,68437,82099,Rhinolophus ferrumequinum,0.024,0.024,-1,Echolocation,/mnt/ubna_data_02_mir/recover-20221013/UBNA_001/20221012_030000.WAV,Telephone Field,recover-20221013,001,1795
1297.6085,1297.6474,68437,82211,Rhinolophus ferrumequinum,0.022,0.022,-1,Echolocation,/mnt/ubna_data_02_mir/recover-20221013/UBNA_001/20221012_030000.WAV,Telephone Field,recover-20221013,001,1795
1297.6215,1297.6627,68437,83130,Rhinolophus ferrumequinum,0.036,0.036,-1,Echolocation,/mnt/ubna_data_02_mir/recover-20221013/UBNA_001/20221012_030000.WAV,Telephone Field,recover-20221013,001,1795
1297.6525,1297.6919,68437,82046,Rhinolophus ferrumequinum,0.025,0.025,-1,Echolocation,/mnt/ubna_data_02_mir/recover-20221013/UBNA_001/20221012_030000.WAV,Telephone Field,recover-20221013,001,1795
1297.6805,1297.6892,23750,32251,Plecotus austriacus,0.008,0.025,-1,Echolocation,/mnt/ubna_data_02_mir/recover-20221013/UBNA_001/20221012_030000.WAV,Telephone Field,recover-20221013,001,1795
1297.6815,1297.7219,68437,82807,Rhinolophus ferrumequinum,0.035,0.035,-1,Echolocation,/mnt/ubna_data_02_mir/recover-20221013/UBNA_001/20221012_030000.WAV,Telephone Field,recover-20221013,001,1795
1297.6895,1297.6971,28046,42773,Eptesicus serotinus,0.008,0.024,-1,Echolocation,/mnt/ubna_data_02_mir/recover-20221013/UBNA_001/20221012_030000.WAV,Telephone Field,recover-20221013,001,1795
1297.7085,1297.751,68437,82760,Rhinolophus ferrumequinum,0.046,0.046,-1,Echolocation,/mnt/ubna_data_02_mir/recover-20221013/UBNA_001/20221012_030000.WAV,Telephone Field,recover-20221013,001,1795
1297.7295,1297.7445,15156,20361,Nyctalus noctula,0.03,0.041,-1,Echolocation,/mnt/ubna_data_02_mir/recover-20221013/UBNA_001/20221012_030000.WAV,Telephone Field,recover-20221013,001,1795
1297.7585,1297.797,68437,82108,Rhinolophus ferrumequinum,0.027,0.027,-1,Echolocation,/mnt/ubna_data_02_mir/recover-20221013/UBNA_001/20221012_030000.WAV,Telephone Field,recover-20221013,001,1795
1297.8445,1297.8604,22031,25775,Nyctalus leisleri,0.02,0.032,-1,Echolocation,/mnt/ubna_data_02_mir/recover-20221013/UBNA_001/20221012_030000.WAV,Telephone Field,recover-20221013,001,1795
1297.8555,1297.863,28046,40052,Eptesicus serotinus,0.008,0.023,-1,Echolocation,/mnt/ubna_data_02_mir/recover-20221013/UBNA_001/20221012_030000.WAV,Telephone Field,recover-20221013,001,1795
1297.8855,1297.9238,68437,81637,Rhinolophus ferrumequinum,0.026,0.027,-1,Echolocation,/mnt/ubna_data_02_mir/recover-20221013/UBNA_001/20221012_030000.WAV,Telephone Field,recover-20221013,001,1795
1297.9015,1297.9104,27187,36217,Eptesicus serotinus,0.008,0.023,-1,Echolocation,/mnt/ubna_data_02_mir/recover-20221013/UBNA_001/20221012_030000.WAV,Telephone Field,recover-20221013,001,1795
1297.9275,1297.9332,28046,43565,Plecotus auritus,0.006,0.026,-1,Echolocation,/mnt/ubna_data_02_mir/recover-20221013/UBNA_001/20221012_030000.WAV,Telephone Field,recover-20221013,001,1795
1297.9395,1297.9767,68437,81396,Rhinolophus ferrumequinum,0.03,0.03,-1,Echolocation,/mnt/ubna_data_02_mir/recover-20221013/UBNA_001/20221012_030000.WAV,Telephone Field,recover-20221013,001,1795
1297.9665,1297.9721,23750,36667,Plecotus austriacus,0.038,0.07,-1,Echolocation,/mnt/ubna_data_02_mir/recover-20221013/UBNA_001/20221012_030000.WAV,Telephone Field,recover-20221013,001,1795
1297.9785,1297.9869,26328,35725,Eptesicus serotinus,0.009,0.022,-1,Echolocation,/mnt/ubna_data_02_mir/recover-20221013/UBNA_001/20221012_030000.WAV,Telephone Field,recover-20221013,001,1795
1298.0015,1298.0097,13437,21599,Nyctalus leisleri,0.009,0.028,-1,Echolocation,/mnt/ubna_data_02_mir/recover-20221013/UBNA_001/20221012_030000.WAV,Telephone Field,recover-20221013,001,1795
1298.0015,1298.034,68437,79114,Rhinolophus ferrumequinum,0.04,0.041,-1,Echolocation,/mnt/ubna_data_02_mir/recover-20221013/UBNA_001/20221012_030000.WAV,Telephone Field,recover-20221013,001,1795
1298.0015,1298.0165,55546,62199,Pipistrellus pygmaeus,0.019,0.023,-1,Echolocation,/mnt/ubna_data_02_mir/recover-20221013/UBNA_001/20221012_030000.WAV,Telephone Field,recover-20221013,001,1795
1298.0015,1298.0111,25468,33573,Nyctalus leisleri,0.01,0.029,-1,Echolocation,/mnt/ubna_data_02_mir/recover-20221013/UBNA_001/20221012_030000.WAV,Telephone Field,recover-20221013,001,1795
1298.0455,1298.0587,25468,30372,Nyctalus leisleri,0.02,0.046,-1,Echolocation,/mnt/ubna_data_02_mir/recover-20221013/UBNA_001/20221012_030000.WAV,Telephone Field,recover-20221013,001,1795
1298.0555,1298.0939,68437,82340,Rhinolophus ferrumequinum,0.021,0.021,-1,Echolocation,/mnt/ubna_data_02_mir/recover-20221013/UBNA_001/20221012_030000.WAV,Telephone Field,recover-20221013,001,1795
1298.0845,1298.1244,68437,82965,Rhinolophus ferrumequinum,0.031,0.031,-1,Echolocation,/mnt/ubna_data_02_mir/recover-20221013/UBNA_001/20221012_030000.WAV,Telephone Field,recover-20221013,001,1795
1298.1035,1298.1435,68437,82060,Rhinolophus ferrumequinum,0.024,0.024,-1,Echolocation,/mnt/ubna_data_02_mir/recover-20221013/UBNA_001/20221012_030000.WAV,Telephone Field,recover-20221013,001,1795
1298.1465,1298.1595,22031,26127,Nyctalus leisleri,0.014,0.025,-1,Echolocation,/mnt/ubna_data_02_mir/recover-20221013/UBNA_001/20221012_030000.WAV,Telephone Field,recover-20221013,001,1795
1298.1555,1298.1955,68437,82969,Rhinolophus ferrumequinum,0.024,0.024,-1,Echolocation,/mnt/ubna_data_02_mir/recover-20221013/UBNA_001/20221012_030000.WAV,Telephone Field,recover-20221013,001,1795
1298.1625,1298.1716,28046,37391,Eptesicus serotinus,0.009,0.025,-1,Echolocation,/mnt/ubna_data_02_mir/recover-20221013/UBNA_001/20221012_030000.WAV,Telephone Field,recover-20221013,001,1795
1298.2565,1298.264,23750,32181,Plecotus austriacus,0.011,0.026,-1,Echolocation,/mnt/ubna_data_02_mir/recover-20221013/UBNA_001/20221012_030000.WAV,Telephone Field,recover-20221013,001,1795
1298.2595,1298.3032,68437,83262,Rhinolophus ferrumequinum,0.034,0.034,-1,Echolocation,/mnt/ubna_data_02_mir/recover-20221013/UBNA_001/20221012_030000.WAV,Telephone Field,recover-20221013,001,1795
1298.2945,1298.3328,68437,81920,Rhinolophus ferrumequinum,0.026,0.026,-1,Echolocation,/mnt/ubna_data_02_mir/recover-20221013/UBNA_001/20221012_030000.WAV,Telephone Field,recover-20221013,001,1795
1298.3085,1298.3468,68437,82143,Rhinolophus ferrumequinum,0.021,0.021,-1,Echolocation,/mnt/ubna_data_02_mir/recover-20221013/UBNA_001/20221012_030000.WAV,Telephone Field,recover-20221013,001,1795
1298.3425,1298.3507,28046,39804,Eptesicus serotinus,0.008,0.022,-1,Echolocation,/mnt/ubna_data_02_mir/recover-20221013/UBNA_001/20221012_030000.WAV,Telephone Field,recover-20221013,001,1795
1298.3585,1298.3963,68437,81610,Rhinolophus ferrumequinum,0.025,0.025,-1,Echolocation,/mnt/ubna_data_02_mir/recover-20221013/UBNA_001/20221012_030000.WAV,Telephone Field,recover-20221013,001,1795
1298.3635,1298.3719,28046,39437,Eptesicus serotinus,0.008,0.022,-1,Echolocation,/mnt/ubna_data_02_mir/recover-20221013/UBNA_001/20221012_030000.WAV,Telephone Field,recover-20221013,001,1795
1298.3855,1298.4222,68437,82258,Rhinolophus ferrumequinum,0.028,0.028,-1,Echolocation,/mnt/ubna_data_02_mir/recover-20221013/UBNA_001/20221012_030000.WAV,Telephone Field,recover-20221013,001,1795
1298.3885,1298.4068,19453,22261,Nyctalus leisleri,0.012,0.023,-1,Echolocation,/mnt/ubna_data_02_mir/recover-20221013/UBNA_001/20221012_030000.WAV,Telephone Field,recover-20221013,001,1795
1298.4055,1298.4419,68437,81795,Rhinolophus ferrumequinum,0.021,0.021,-1,Echolocation,/mnt/ubna_data_02_mir/recover-20221013/UBNA_001/20221012_030000.WAV,Telephone Field,recover-20221013,001,1795
1298.4185,1298.4561,68437,82311,Rhinolophus ferrumequinum,0.022,0.022,-1,Echolocation,/mnt/ubna_data_02_mir/recover-20221013/UBNA_001/20221012_030000.WAV,Telephone Field,recover-20221013,001,1795
1298.4195,1298.4257,24609,38971,Plecotus austriacus,0.009,0.027,-1,Echolocation,/mnt/ubna_data_02_mir/recover-20221013/UBNA_001/20221012_030000.WAV,Telephone Field,recover-20221013,001,1795
1298.4655,1298.5072,68437,82904,Rhinolophus ferrumequinum,0.025,0.025,-1,Echolocation,/mnt/ubna_data_02_mir/recover-20221013/UBNA_001/20221012_030000.WAV,Telephone Field,recover-20221013,001,1795
1298.5115,1298.5204,22031,28507,Plecotus austriacus,0.009,0.022,-1,Echolocation,/mnt/ubna_data_02_mir/recover-20221013/UBNA_001/20221012_030000.WAV,Telephone Field,recover-20221013,001,1795
1298.5335,1298.5705,68437,82229,Rhinolophus ferrumequinum,0.023,0.023,-1,Echolocation,/mnt/ubna_data_02_mir/recover-20221013/UBNA_001/20221012_030000.WAV,Telephone Field,recover-20221013,001,1795
1298.5645,1298.603,68437,81969,Rhinolophus ferrumequinum,0.022,0.022,-1,Echolocation,/mnt/ubna_data_02_mir/recover-20221013/UBNA_001/20221012_030000.WAV,Telephone Field,recover-20221013,001,1795
1298.5785,1298.6145,68437,81657,Rhinolophus ferrumequinum,0.022,0.022,-1,Echolocation,/mnt/ubna_data_02_mir/recover-20221013/UBNA_001/20221012_030000.WAV,Telephone Field,recover-20221013,001,1795
1298.5865,1298.6243,68437,82651,Rhinolophus ferrumequinum,0.026,0.026,-1,Echolocation,/mnt/ubna_data_02_mir/recover-20221013/UBNA_001/20221012_030000.WAV,Telephone Field,recover-20221013,001,1795
1298.6055,1298.6435,68437,82319,Rhinolophus ferrumequinum,0.022,0.022,-1,Echolocation,/mnt/ubna_data_02_mir/recover-20221013/UBNA_001/20221012_030000.WAV,Telephone Field,recover-20221013,001,1795
1298.6615,1298.6682,57265,62092,Pipistrellus pygmaeus,0.023,0.023,-1,Echolocation,/mnt/ubna_data_02_mir/recover-20221013/UBNA_001/20221012_030000.WAV,Telephone Field,recover-20221013,001,1795
1298.6845,1298.6915,26328,40454,Eptesicus serotinus,0.006,0.024,-1,Echolocation,/mnt/ubna_data_02_mir/recover-20221013/UBNA_001/20221012_030000.WAV,Telephone Field,recover-20221013,001,1795
1298.7115,1298.7512,68437,82796,Rhinolophus ferrumequinum,0.023,0.023,-1,Echolocation,/mnt/ubna_data_02_mir/recover-20221013/UBNA_001/20221012_030000.WAV,Telephone Field,recover-20221013,001,1795
1298.7165,1298.7242,25468,34734,Plecotus austriacus,0.011,0.039,-1,Echolocation,/mnt/ubna_data_02_mir/recover-20221013/UBNA_001/20221012_030000.WAV,Telephone Field,recover-20221013,001,1795
1298.7425,1298.779,68437,81269,Rhinolophus ferrumequinum,0.022,0.022,-1,Echolocation,/mnt/ubna_data_02_mir/recover-20221013/UBNA_001/20221012_030000.WAV,Telephone Field,recover-20221013,001,1795
1298.7825,1298.821,68437,82326,Rhinolophus ferrumequinum,0.023,0.023,-1,Echolocation,/mnt/ubna_data_02_mir/recover-20221013/UBNA_001/20221012_030000.WAV,Telephone Field,recover-20221013,001,1795
1298.8175,1298.8295,23750,29293,Nyctalus leisleri,0.013,0.03,-1,Echolocation,/mnt/ubna_data_02_mir/recover-20221013/UBNA_001/20221012_030000.WAV,Telephone Field,recover-20221013,001,1795
1298.9165,1298.9536,68437,82226,Rhinolophus ferrumequinum,0.021,0.021,-1,Echolocation,/mnt/ubna_data_02_mir/recover-20221013/UBNA_001/20221012_030000.WAV,Telephone Field,recover-20221013,001,1795
1298.9175,1298.9239,26328,40517,Myotis nattereri,0.005,0.023,-1,Echolocation,/mnt/ubna_data_02_mir/recover-20221013/UBNA_001/20221012_030000.WAV,Telephone Field,recover-20221013,001,1795
1298.9355,1298.9737,68437,81742,Rhinolophus ferrumequinum,0.021,0.021,-1,Echolocation,/mnt/ubna_data_02_mir/recover-20221013/UBNA_001/20221012_030000.WAV,Telephone Field,recover-20221013,001,1795
1298.9675,1299.0054,68437,82523,Rhinolophus ferrumequinum,0.024,0.024,-1,Echolocation,/mnt/ubna_data_02_mir/recover-20221013/UBNA_001/20221012_030000.WAV,Telephone Field,recover-20221013,001,1795
1298.9935,1298.9983,51250,58428,Pipistrellus pipistrellus,0.018,0.021,-1,Echolocation,/mnt/ubna_data_02_mir/recover-20221013/UBNA_001/20221012_030000.WAV,Telephone Field,recover-20221013,001,1795
1298.9975,1299.0059,22890,30875,Plecotus austriacus,0.008,0.022,-1,Echolocation,/mnt/ubna_data_02_mir/recover-20221013/UBNA_001/20221012_030000.WAV,Telephone Field,recover-20221013,001,1795
1299.0455,1299.0843,68437,82136,Rhinolophus ferrumequinum,0.021,0.021,-1,Echolocation,/mnt/ubna_data_02_mir/recover-20221013/UBNA_001/20221012_030000.WAV,Telephone Field,recover-20221013,001,1795
1299.0515,1299.0616,22031,27290,Nyctalus leisleri,0.009,0.022,-1,Echolocation,/mnt/ubna_data_02_mir/recover-20221013/UBNA_001/20221012_030000.WAV,Telephone Field,recover-20221013,001,1795
1299.0535,1299.0914,68437,82006,Rhinolophus ferrumequinum,0.022,0.022,-1,Echolocation,/mnt/ubna_data_02_mir/recover-20221013/UBNA_001/20221012_030000.WAV,Telephone Field,recover-20221013,001,1795
1299.0635,1299.0715,28906,39999,Eptesicus serotinus,0.008,0.024,-1,Echolocation,/mnt/ubna_data_02_mir/recover-20221013/UBNA_001/20221012_030000.WAV,Telephone Field,recover-20221013,001,1795
1299.0785,1299.1161,68437,82709,Rhinolophus ferrumequinum,0.028,0.028,-1,Echolocation,/mnt/ubna_data_02_mir/recover-20221013/UBNA_001/20221012_030000.WAV,Telephone Field,recover-20221013,001,1795
1299.0785,1299.0852,26328,40803,Eptesicus serotinus,0.005,0.022,-1,Echolocation,/mnt/ubna_data_02_mir/recover-20221013/UBNA_001/20221012_030000.WAV,Telephone Field,recover-20221013,001,1795
1299.0985,1299.1377,68437,81886,Rhinolophus ferrumequinum,0.021,0.022,-1,Echolocation,/mnt/ubna_data_02_mir/recover-20221013/UBNA_001/20221012_030000.WAV,Telephone Field,recover-20221013,001,1795
1299.1125,1299.1225,22031,26464,Nyctalus leisleri,0.011,0.022,-1,Echolocation,/mnt/ubna_data_02_mir/recover-20221013/UBNA_001/20221012_030000.WAV,Telephone Field,recover-20221013,001,1795
1299.1245,1299.1617,68437,82152,Rhinolophus ferrumequinum,0.022,0.022,-1,Echolocation,/mnt/ubna_data_02_mir/recover-20221013/UBNA_001/20221012_030000.WAV,Telephone Field,recover-20221013,001,1795
1299.1315,1299.1415,55546,60654,Pipistrellus pygmaeus,0.021,0.022,-1,Echolocation,/mnt/ubna_data_02_mir/recover-20221013/UBNA_001/20221012_030000.WAV,Telephone Field,recover-20221013,001,1795
1299.1585,1299.1676,46953,55049,Pipistrellus pipistrellus,0.02,0.024,-1,Echolocation,/mnt/ubna_data_02_mir/recover-20221013/UBNA_001/20221012_030000.WAV,Telephone Field,recover-20221013,001,1795
1299.1815,1299.2202,68437,82518,Rhinolophus ferrumequinum,0.026,0.026,-1,Echolocation,/mnt/ubna_data_02_mir/recover-20221013/UBNA_001/20221012_030000.WAV,Telephone Field,recover-20221013,001,1795
1299.1825,1299.1903,28046,40577,Eptesicus serotinus,0.009,0.027,-1,Echolocation,/mnt/ubna_data_02_mir/recover-20221013/UBNA_001/20221012_030000.WAV,Telephone Field,recover-20221013,001,1795
1299.2035,1299.2404,68437,81497,Rhinolophus ferrumequinum,0.022,0.022,-1,Echolocation,/mnt/ubna_data_02_mir/recover-20221013/UBNA_001/20221012_030000.WAV,Telephone Field,recover-20221013,001,1795
1299.2145,1299.2219,27187,40334,Eptesicus serotinus,0.007,0.022,-1,Echolocation,/mnt/ubna_data_02_mir/recover-20221013/UBNA_001/20221012_030000.WAV,Telephone Field,recover-20221013,001,1795
1299.2155,1299.2251,22031,28103,Nyctalus leisleri,0.008,0.023,-1,Echolocation,/mnt/ubna_data_02_mir/recover-20221013/UBNA_001/20221012_030000.WAV,Telephone Field,recover-20221013,001,1795
1299.2175,1299.2563,68437,82483,Rhinolophus ferrumequinum,0.024,0.024,-1,Echolocation,/mnt/ubna_data_02_mir/recover-20221013/UBNA_001/20221012_030000.WAV,Telephone Field,recover-20221013,001,1795
1299.2345,1299.274,68437,82268,Rhinolophus ferrumequinum,0.023,0.023,-1,Echolocation,/mnt/ubna_data_02_mir/recover-20221013/UBNA_001/20221012_030000.WAV,Telephone Field,recover-20221013,001,1795
1299.2535,1299.2936,68437,82354,Rhinolophus ferrumequinum,0.022,0.022,-1,Echolocation,/mnt/ubna_data_02_mir/recover-20221013/UBNA_001/20221012_030000.WAV,Telephone Field,recover-20221013,001,1795
1299.2555,1299.264,23750,31392,Plecotus austriacus,0.009,0.022,-1,Echolocation,/mnt/ubna_data_02_mir/recover-20221013/UBNA_001/20221012_030000.WAV,Telephone Field,recover-20221013,001,1795
1299.2645,1299.2999,68437,81407,Rhinolophus ferrumequinum,0.023,0.023,-1,Echolocation,/mnt/ubna_data_02_mir/recover-20221013/UBNA_001/20221012_030000.WAV,Telephone Field,recover-20221013,001,1795
1299.2895,1299.3258,68437,81499,Rhinolophus ferrumequinum,0.023,0.023,-1,Echolocation,/mnt/ubna_data_02_mir/recover-20221013/UBNA_001/20221012_030000.WAV,Telephone Field,recover-20221013,001,1795
1299.3065,1299.3132,28046,39029,Eptesicus serotinus,0.009,0.027,-1,Echolocation,/mnt/ubna_data_02_mir/recover-20221013/UBNA_001/20221012_030000.WAV,Telephone Field,recover-20221013,001,1795
1299.3255,1299.3385,22031,26841,Nyctalus leisleri,0.015,0.03,-1,Echolocation,/mnt/ubna_data_02_mir/recover-20221013/UBNA_001/20221012_030000.WAV,Telephone Field,recover-20221013,001,1795
1299.3315,1299.3668,68437,81425,Rhinolophus ferrumequinum,0.021,0.021,-1,Echolocation,/mnt/ubna_data_02_mir/recover-20221013/UBNA_001/20221012_030000.WAV,Telephone Field,recover-20221013,001,1795
1299.3365,1299.3506,51250,54940,Pipistrellus pygmaeus,0.019,0.026,-1,Echolocation,/mnt/ubna_data_02_mir/recover-20221013/UBNA_001/20221012_030000.WAV,Telephone Field,recover-20221013,001,1795
1299.3635,1299.4022,68437,81599,Rhinolophus ferrumequinum,0.022,0.022,-1,Echolocation,/mnt/ubna_data_02_mir/recover-20221013/UBNA_001/20221012_030000.WAV,Telephone Field,recover-20221013,001,1795
1299.3665,1299.3736,24609,33810,Plecotus austriacus,0.008,0.024,-1,Echolocation,/mnt/ubna_data_02_mir/recover-20221013/UBNA_001/20221012_030000.WAV,Telephone Field,recover-20221013,001,1795
1299.3705,1299.4081,68437,82004,Rhinolophus ferrumequinum,0.023,0.023,-1,Echolocation,/mnt/ubna_data_02_mir/recover-20221013/UBNA_001/20221012_030000.WAV,Telephone Field,recover-20221013,001,1795
1299.3855,1299.3996,22031,26181,Nyctalus leisleri,0.015,0.027,-1,Echolocation,/mnt/ubna_data_02_mir/recover-20221013/UBNA_001/20221012_030000.WAV,Telephone Field,recover-20221013,001,1795
1299.4135,1299.4534,68437,81870,Rhinolophus ferrumequinum,0.029,0.029,-1,Echolocation,/mnt/ubna_data_02_mir/recover-20221013/UBNA_001/20221012_030000.WAV,Telephone Field,recover-20221013,001,1795
1299.4175,1299.4283,23750,29102,Nyctalus leisleri,0.012,0.027,-1,Echolocation,/mnt/ubna_data_02_mir/recover-20221013/UBNA_001/20221012_030000.WAV,Telephone Field,recover-20221013,001,1795
1299.4365,1299.4716,68437,81385,Rhinolophus ferrumequinum,0.023,0.023,-1,Echolocation,/mnt/ubna_data_02_mir/recover-20221013/UBNA_001/20221012_030000.WAV,Telephone Field,recover-20221013,001,1795
1299.4505,1299.4898,68437,82286,Rhinolophus ferrumequinum,0.021,0.021,-1,Echolocation,/mnt/ubna_data_02_mir/recover-20221013/UBNA_001/20221012_030000.WAV,Telephone Field,recover-20221013,001,1795
1299.4825,1299.5186,68437,81156,Rhinolophus ferrumequinum,0.045,0.045,-1,Echolocation,/mnt/ubna_data_02_mir/recover-20221013/UBNA_001/20221012_030000.WAV,Telephone Field,recover-20221013,001,1795
1299.5265,1299.5367,27187,35005,Eptesicus serotinus,0.012,0.025,-1,Echolocation,/mnt/ubna_data_02_mir/recover-20221013/UBNA_001/20221012_030000.WAV,Telephone Field,recover-20221013,001,1795
1299.5365,1299.5732,68437,81733,Rhinolophus ferrumequinum,0.021,0.021,-1,Echolocation,/mnt/ubna_data_02_mir/recover-20221013/UBNA_001/20221012_030000.WAV,Telephone Field,recover-20221013,001,1795
1299.5455,1299.5839,68437,82098,Rhinolophus ferrumequinum,0.023,0.024,-1,Echolocation,/mnt/ubna_data_02_mir/recover-20221013/UBNA_001/20221012_030000.WAV,Telephone Field,recover-20221013,001,1795
1299.5715,1299.5796,22890,31149,Plecotus austriacus,0.012,0.025,-1,Echolocation,/mnt/ubna_data_02_mir/recover-20221013/UBNA_001/20221012_030000.WAV,Telephone Field,recover-20221013,001,1795
1299.5735,1299.5852,41796,45274,Pipistrellus pipistrellus,0.019,0.031,-1,Echolocation,/mnt/ubna_data_02_mir/recover-20221013/UBNA_001/20221012_030000.WAV,Telephone Field,recover-20221013,001,1795
1299.5835,1299.5936,39218,43387,Pipistrellus nathusii,0.019,0.029,-1,Echolocation,/mnt/ubna_data_02_mir/recover-20221013/UBNA_001/20221012_030000.WAV,Telephone Field,recover-20221013,001,1795
1299.5835,1299.6196,68437,81953,Rhinolophus ferrumequinum,0.023,0.023,-1,Echolocation,/mnt/ubna_data_02_mir/recover-20221013/UBNA_001/20221012_030000.WAV,Telephone Field,recover-20221013,001,1795
1299.6015,1299.6403,68437,81458,Rhinolophus ferrumequinum,0.022,0.022,-1,Echolocation,/mnt/ubna_data_02_mir/recover-20221013/UBNA_001/20221012_030000.WAV,Telephone Field,recover-20221013,001,1795
1299.6175,1299.654,68437,81733,Rhinolophus ferrumequinum,0.021,0.021,-1,Echolocation,/mnt/ubna_data_02_mir/recover-20221013/UBNA_001/20221012_030000.WAV,Telephone Field,recover-20221013,001,1795
1299.6275,1299.6642,68437,81978,Rhinolophus ferrumequinum,0.023,0.023,-1,Echolocation,/mnt/ubna_data_02_mir/recover-20221013/UBNA_001/20221012_030000.WAV,Telephone Field,recover-20221013,001,1795
1299.6285,1299.6453,21171,25744,Nyctalus noctula,0.042,0.088,-1,Echolocation,/mnt/ubna_data_02_mir/recover-20221013/UBNA_001/20221012_030000.WAV,Telephone Field,recover-20221013,001,1795
1299.6545,1299.6621,43515,52764,Pipistrellus pipistrellus,0.012,0.021,-1,Echolocation,/mnt/ubna_data_02_mir/recover-20221013/UBNA_001/20221012_030000.WAV,Telephone Field,recover-20221013,001,1795
1299.6585,1299.6707,28906,35546,Eptesicus serotinus,0.023,0.039,-1,Echolocation,/mnt/ubna_data_02_mir/recover-20221013/UBNA_001/20221012_030000.WAV,Telephone Field,recover-20221013,001,1795
1299.7315,1299.7721,68437,82379,Rhinolophus ferrumequinum,0.024,0.024,-1,Echolocation,/mnt/ubna_data_02_mir/recover-20221013/UBNA_001/20221012_030000.WAV,Telephone Field,recover-20221013,001,1795
1299.7575,1299.7965,68437,82255,Rhinolophus ferrumequinum,0.038,0.038,-1,Echolocation,/mnt/ubna_data_02_mir/recover-20221013/UBNA_001/20221012_030000.WAV,Telephone Field,recover-20221013,001,1795
1299.7975,1299.806,27187,36238,Eptesicus serotinus,0.009,0.024,-1,Echolocation,/mnt/ubna_data_02_mir/recover-20221013/UBNA_001/20221012_030000.WAV,Telephone Field,recover-20221013,001,1795
1299.7995,1299.8375,68437,81861,Rhinolophus ferrumequinum,0.022,0.022,-1,Echolocation,/mnt/ubna_data_02_mir/recover-20221013/UBNA_001/20221012_030000.WAV,Telephone Field,recover-20221013,001,1795
1299.8395,1299.8484,22890,31091,Plecotus austriacus,0.011,0.026,-1,Echolocation,/mnt/ubna_data_02_mir/recover-20221013/UBNA_001/20221012_030000.WAV,Telephone Field,recover-20221013,001,1795
1299.8625,1299.8993,68437,81608,Rhinolophus ferrumequinum,0.024,0.024,-1,Echolocation,/mnt/ubna_data_02_mir/recover-20221013/UBNA_001/20221012_030000.WAV,Telephone Field,recover-20221013,001,1795
1299.8685,1299.879,22890,27450,Nyctalus leisleri,0.012,0.025,-1,Echolocation,/mnt/ubna_data_02_mir/recover-20221013/UBNA_001/20221012_030000.WAV,Telephone Field,recover-20221013,001,1795
1299.8865,1299.8946,45234,57584,Pipistrellus pipistrellus,0.012,0.022,-1,Echolocation,/mnt/ubna_data_02_mir/recover-20221013/UBNA_001/20221012_030000.WAV,Telephone Field,recover-20221013,001,1795
1299.9175,1299.9243,24609,38558,Plecotus austriacus,0.012,0.033,-1,Echolocation,/mnt/ubna_data_02_mir/recover-20221013/UBNA_001/20221012_030000.WAV,Telephone Field,recover-20221013,001,1795
1299.9435,1299.9824,68437,82473,Rhinolophus ferrumequinum,0.026,0.026,-1,Echolocation,/mnt/ubna_data_02_mir/recover-20221013/UBNA_001/20221012_030000.WAV,Telephone Field,recover-20221013,001,1795
1299.9625,1299.9718,28906,36878,Eptesicus serotinus,0.009,0.023,-1,Echolocation,/mnt/ubna_data_02_mir/recover-20221013/UBNA_001/20221012_030000.WAV,Telephone Field,recover-20221013,001,1795
1299.9675,1299.9758,28906,37932,Eptesicus serotinus,0.008,0.024,-1,Echolocation,/mnt/ubna_data_02_mir/recover-20221013/UBNA_001/20221012_030000.WAV,Telephone Field,recover-20221013,001,1795
1300.0015,1300.0101,46953,53446,Pipistrellus pipistrellus,0.018,0.025,-1,Echolocation,/mnt/ubna_data_02_mir/recover-20221013/UBNA_001/20221012_030000.WAV,Telephone Field,recover-20221013,001,1795
1300.0015,1300.0315,69296,80882,Rhinolophus ferrumequinum,0.025,0.025,-1,Echolocation,/mnt/ubna_data_02_mir/recover-20221013/UBNA_001/20221012_030000.WAV,Telephone Field,recover-20221013,001,1795
1300.0015,1300.0104,24609,32446,Nyctalus leisleri,0.01,0.028,-1,Echolocation,/mnt/ubna_data_02_mir/recover-20221013/UBNA_001/20221012_030000.WAV,Telephone Field,recover-20221013,001,1795
1300.0795,1300.0904,36640,42655,Myotis daubentonii,0.005,0.022,-1,Echolocation,/mnt/ubna_data_02_mir/recover-20221013/UBNA_001/20221012_030000.WAV,Telephone Field,recover-20221013,001,1795
1300.0825,1300.0898,28046,40342,Eptesicus serotinus,0.006,0.022,-1,Echolocation,/mnt/ubna_data_02_mir/recover-20221013/UBNA_001/20221012_030000.WAV,Telephone Field,recover-20221013,001,1795
1300.1015,1300.1422,68437,82482,Rhinolophus ferrumequinum,0.024,0.024,-1,Echolocation,/mnt/ubna_data_02_mir/recover-20221013/UBNA_001/20221012_030000.WAV,Telephone Field,recover-20221013,001,1795
1300.1175,1300.158,68437,83226,Rhinolophus ferrumequinum,0.026,0.026,-1,Echolocation,/mnt/ubna_data_02_mir/recover-20221013/UBNA_001/20221012_030000.WAV,Telephone Field,recover-20221013,001,1795
1300.1385,1300.1469,27187,38400,Eptesicus serotinus,0.007,0.025,-1,Echolocation,/mnt/ubna_data_02_mir/recover-20221013/UBNA_001/20221012_030000.WAV,Telephone Field,recover-20221013,001,1795
1300.1425,1300.1829,68437,82569,Rhinolophus ferrumequinum,0.023,0.023,-1,Echolocation,/mnt/ubna_data_02_mir/recover-20221013/UBNA_001/20221012_030000.WAV,Telephone Field,recover-20221013,001,1795
1300.2505,1300.2593,28046,37870,Eptesicus serotinus,0.007,0.021,-1,Echolocation,/mnt/ubna_data_02_mir/recover-20221013/UBNA_001/20221012_030000.WAV,Telephone Field,recover-20221013,001,1795
1300.2515,1300.2904,68437,80540,Rhinolophus ferrumequinum,0.03,0.03,-1,Echolocation,/mnt/ubna_data_02_mir/recover-20221013/UBNA_001/20221012_030000.WAV,Telephone Field,recover-20221013,001,1795
1300.3075,1300.3163,26328,35357,Eptesicus serotinus,0.01,0.024,-1,Echolocation,/mnt/ubna_data_02_mir/recover-20221013/UBNA_001/20221012_030000.WAV,Telephone Field,recover-20221013,001,1795
1300.3085,1300.3486,68437,82690,Rhinolophus ferrumequinum,0.032,0.032,-1,Echolocation,/mnt/ubna_data_02_mir/recover-20221013/UBNA_001/20221012_030000.WAV,Telephone Field,recover-20221013,001,1795
1300.4295,1300.4716,68437,83059,Rhinolophus ferrumequinum,0.032,0.032,-1,Echolocation,/mnt/ubna_data_02_mir/recover-20221013/UBNA_001/20221012_030000.WAV,Telephone Field,recover-20221013,001,1795
1300.4425,1300.4829,68437,82429,Rhinolophus ferrumequinum,0.021,0.021,-1,Echolocation,/mnt/ubna_data_02_mir/recover-20221013/UBNA_001/20221012_030000.WAV,Telephone Field,recover-20221013,001,1795
1300.4505,1300.4905,68437,82439,Rhinolophus ferrumequinum,0.022,0.022,-1,Echolocation,/mnt/ubna_data_02_mir/recover-20221013/UBNA_001/20221012_030000.WAV,Telephone Field,recover-20221013,001,1795
1300.4645,1300.5004,68437,81464,Rhinolophus ferrumequinum,0.021,0.021,-1,Echolocation,/mnt/ubna_data_02_mir/recover-20221013/UBNA_001/20221012_030000.WAV,Telephone Field,recover-20221013,001,1795
1300.4815,1300.5179,68437,81956,Rhinolophus ferrumequinum,0.023,0.024,-1,Echolocation,/mnt/ubna_data_02_mir/recover-20221013/UBNA_001/20221012_030000.WAV,Telephone Field,recover-20221013,001,1795
1300.5115,1300.5523,68437,82595,Rhinolophus ferrumequinum,0.023,0.023,-1,Echolocation,/mnt/ubna_data_02_mir/recover-20221013/UBNA_001/20221012_030000.WAV,Telephone Field,recover-20221013,001,1795
1300.5185,1300.5611,68437,82412,Rhinolophus ferrumequinum,0.021,0.021,-1,Echolocation,/mnt/ubna_data_02_mir/recover-20221013/UBNA_001/20221012_030000.WAV,Telephone Field,recover-20221013,001,1795
1300.5305,1300.5706,68437,82575,Rhinolophus ferrumequinum,0.02,0.02,-1,Echolocation,/mnt/ubna_data_02_mir/recover-20221013/UBNA_001/20221012_030000.WAV,Telephone Field,recover-20221013,001,1795
1300.5745,1300.6162,68437,82859,Rhinolophus ferrumequinum,0.026,0.026,-1,Echolocation,/mnt/ubna_data_02_mir/recover-20221013/UBNA_001/20221012_030000.WAV,Telephone Field,recover-20221013,001,1795
1300.5775,1300.5857,28906,40827,Eptesicus serotinus,0.014,0.036,-1,Echolocation,/mnt/ubna_data_02_mir/recover-20221013/UBNA_001/20221012_030000.WAV,Telephone Field,recover-20221013,001,1795
1300.6255,1300.6663,68437,82561,Rhinolophus ferrumequinum,0.027,0.027,-1,Echolocation,/mnt/ubna_data_02_mir/recover-20221013/UBNA_001/20221012_030000.WAV,Telephone Field,recover-20221013,001,1795
1300.6305,1300.6378,23750,32017,Plecotus austriacus,0.009,0.021,-1,Echolocation,/mnt/ubna_data_02_mir/recover-20221013/UBNA_001/20221012_030000.WAV,Telephone Field,recover-20221013,001,1795
1300.6385,1300.6536,14296,19375,Nyctalus noctula,0.017,0.026,-1,Echolocation,/mnt/ubna_data_02_mir/recover-20221013/UBNA_001/20221012_030000.WAV,Telephone Field,recover-20221013,001,1795
1300.6785,1300.6859,14296,26969,Plecotus auritus,0.025,0.033,-1,Echolocation,/mnt/ubna_data_02_mir/recover-20221013/UBNA_001/20221012_030000.WAV,Telephone Field,recover-20221013,001,1795
1300.6805,1300.7214,68437,82395,Rhinolophus ferrumequinum,0.021,0.021,-1,Echolocation,/mnt/ubna_data_02_mir/recover-20221013/UBNA_001/20221012_030000.WAV,Telephone Field,recover-20221013,001,1795
1300.6885,1300.7265,68437,81787,Rhinolophus ferrumequinum,0.021,0.021,-1,Echolocation,/mnt/ubna_data_02_mir/recover-20221013/UBNA_001/20221012_030000.WAV,Telephone Field,recover-20221013,001,1795
1300.6945,1300.7062,23750,29398,Nyctalus leisleri,0.015,0.031,-1,Echolocation,/mnt/ubna_data_02_mir/recover-20221013/UBNA_001/20221012_030000.WAV,Telephone Field,recover-20221013,001,1795
1300.7055,1300.7443,68437,81833,Rhinolophus ferrumequinum,0.021,0.021,-1,Echolocation,/mnt/ubna_data_02_mir/recover-20221013/UBNA_001/20221012_030000.WAV,Telephone Field,recover-20221013,001,1795
1300.7265,1300.765,68437,81161,Rhinolophus ferrumequinum,0.023,0.023,-1,Echolocation,/mnt/ubna_data_02_mir/recover-20221013/UBNA_001/20221012_030000.WAV,Telephone Field,recover-20221013,001,1795
1300.7665,1300.7723,30625,44832,Myotis daubentonii,0.019,0.05,-1,Echolocation,/mnt/ubna_data_02_mir/recover-20221013/UBNA_001/20221012_030000.WAV,Telephone Field,recover-20221013,001,1795
1300.8025,1300.8415,68437,81921,Rhinolophus ferrumequinum,0.022,0.022,-1,Echolocation,/mnt/ubna_data_02_mir/recover-20221013/UBNA_001/20221012_030000.WAV,Telephone Field,recover-20221013,001,1795
1300.8115,1300.8213,22890,28606,Nyctalus leisleri,0.009,0.021,-1,Echolocation,/mnt/ubna_data_02_mir/recover-20221013/UBNA_001/20221012_030000.WAV,Telephone Field,recover-20221013,001,1795
1300.8265,1300.8339,28046,41849,Eptesicus serotinus,0.006,0.023,-1,Echolocation,/mnt/ubna_data_02_mir/recover-20221013/UBNA_001/20221012_030000.WAV,Telephone Field,recover-20221013,001,1795
1300.8385,1300.8493,26328,33277,Eptesicus serotinus,0.009,0.021,-1,Echolocation,/mnt/ubna_data_02_mir/recover-20221013/UBNA_001/20221012_030000.WAV,Telephone Field,recover-20221013,001,1795
1300.8845,1300.9245,68437,82657,Rhinolophus ferrumequinum,0.025,0.025,-1,Echolocation,/mnt/ubna_data_02_mir/recover-20221013/UBNA_001/20221012_030000.WAV,Telephone Field,recover-20221013,001,1795
1300.8885,1300.8944,25468,36213,Plecotus austriacus,0.017,0.04,-1,Echolocation,/mnt/ubna_data_02_mir/recover-20221013/UBNA_001/20221012_030000.WAV,Telephone Field,recover-20221013,001,1795
1300.9105,1300.9518,68437,82687,Rhinolophus ferrumequinum,0.024,0.024,-1,Echolocation,/mnt/ubna_data_02_mir/recover-20221013/UBNA_001/20221012_030000.WAV,Telephone Field,recover-20221013,001,1795
1300.9945,1301.0338,68437,82239,Rhinolophus ferrumequinum,0.022,0.022,-1,Echolocation,/mnt/ubna_data_02_mir/recover-20221013/UBNA_001/20221012_030000.WAV,Telephone Field,recover-20221013,001,1795
1301.0065,1301.0467,68437,81793,Rhinolophus ferrumequinum,0.022,0.022,-1,Echolocation,/mnt/ubna_data_02_mir/recover-20221013/UBNA_001/20221012_030000.WAV,Telephone Field,recover-20221013,001,1795
1301.0125,1301.021,28046,38042,Eptesicus serotinus,0.007,0.021,-1,Echolocation,/mnt/ubna_data_02_mir/recover-20221013/UBNA_001/20221012_030000.WAV,Telephone Field,recover-20221013,001,1795
1301.0305,1301.039,28046,42637,Eptesicus serotinus,0.007,0.022,-1,Echolocation,/mnt/ubna_data_02_mir/recover-20221013/UBNA_001/20221012_030000.WAV,Telephone Field,recover-20221013,001,1795
1301.0715,1301.1082,68437,80997,Rhinolophus ferrumequinum,0.021,0.021,-1,Echolocation,/mnt/ubna_data_02_mir/recover-20221013/UBNA_001/20221012_030000.WAV,Telephone Field,recover-20221013,001,1795
1301.0835,1301.1242,68437,82505,Rhinolophus ferrumequinum,0.033,0.033,-1,Echolocation,/mnt/ubna_data_02_mir/recover-20221013/UBNA_001/20221012_030000.WAV,Telephone Field,recover-20221013,001,1795
1301.1015,1301.1145,22890,27242,Nyctalus leisleri,0.014,0.023,-1,Echolocation,/mnt/ubna_data_02_mir/recover-20221013/UBNA_001/20221012_030000.WAV,Telephone Field,recover-20221013,001,1795
1301.1045,1301.1432,68437,82681,Rhinolophus ferrumequinum,0.021,0.021,-1,Echolocation,/mnt/ubna_data_02_mir/recover-20221013/UBNA_001/20221012_030000.WAV,Telephone Field,recover-20221013,001,1795
1301.1335,1301.1415,27187,39475,Eptesicus serotinus,0.007,0.022,-1,Echolocation,/mnt/ubna_data_02_mir/recover-20221013/UBNA_001/20221012_030000.WAV,Telephone Field,recover-20221013,001,1795
1301.1345,1301.1419,34062,40765,Myotis daubentonii,0.007,0.022,-1,Echolocation,/mnt/ubna_data_02_mir/recover-20221013/UBNA_001/20221012_030000.WAV,Telephone Field,recover-20221013,001,1795
1301.1385,1301.1792,68437,82120,Rhinolophus ferrumequinum,0.024,0.024,-1,Echolocation,/mnt/ubna_data_02_mir/recover-20221013/UBNA_001/20221012_030000.WAV,Telephone Field,recover-20221013,001,1795
1301.1555,1301.1643,46093,49926,Pipistrellus pipistrellus,0.026,0.027,-1,Echolocation,/mnt/ubna_data_02_mir/recover-20221013/UBNA_001/20221012_030000.WAV,Telephone Field,recover-20221013,001,1795
1301.1625,1301.17,28046,40016,Eptesicus serotinus,0.008,0.027,-1,Echolocation,/mnt/ubna_data_02_mir/recover-20221013/UBNA_001/20221012_030000.WAV,Telephone Field,recover-20221013,001,1795
1301.1745,1301.2147,68437,82680,Rhinolophus ferrumequinum,0.023,0.023,-1,Echolocation,/mnt/ubna_data_02_mir/recover-20221013/UBNA_001/20221012_030000.WAV,Telephone Field,recover-20221013,001,1795
1301.1995,1301.206,28046,37456,Eptesicus serotinus,0.005,0.021,-1,Echolocation,/mnt/ubna_data_02_mir/recover-20221013/UBNA_001/20221012_030000.WAV,Telephone Field,recover-20221013,001,1795
1301.2305,1301.2398,28906,37479,Eptesicus serotinus,0.01,0.025,-1,Echolocation,/mnt/ubna_data_02_mir/recover-20221013/UBNA_001/20221012_030000.WAV,Telephone Field,recover-20221013,001,1795
1301.3035,1301.339,68437,81850,Rhinolophus ferrumequinum,0.021,0.021,-1,Echolocation,/mnt/ubna_data_02_mir/recover-20221013/UBNA_001/20221012_030000.WAV,Telephone Field,recover-20221013,001,1795
1301.3105,1301.3506,68437,82196,Rhinolophus ferrumequinum,0.021,0.021,-1,Echolocation,/mnt/ubna_data_02_mir/recover-20221013/UBNA_001/20221012_030000.WAV,Telephone Field,recover-20221013,001,1795
1301.3225,1301.3621,68437,82614,Rhinolophus ferrumequinum,0.025,0.025,-1,Echolocation,/mnt/ubna_data_02_mir/recover-20221013/UBNA_001/20221012_030000.WAV,Telephone Field,recover-20221013,001,1795
1301.3385,1301.3489,22890,29748,Nyctalus leisleri,0.01,0.026,-1,Echolocation,/mnt/ubna_data_02_mir/recover-20221013/UBNA_001/20221012_030000.WAV,Telephone Field,recover-20221013,001,1795
1301.3995,1301.4058,27187,40817,Eptesicus serotinus,0.005,0.023,-1,Echolocation,/mnt/ubna_data_02_mir/recover-20221013/UBNA_001/20221012_030000.WAV,Telephone Field,recover-20221013,001,1795
1301.4255,1301.433,24609,33620,Plecotus austriacus,0.01,0.025,-1,Echolocation,/mnt/ubna_data_02_mir/recover-20221013/UBNA_001/20221012_030000.WAV,Telephone Field,recover-20221013,001,1795
1301.4475,1301.4862,68437,82751,Rhinolophus ferrumequinum,0.023,0.023,-1,Echolocation,/mnt/ubna_data_02_mir/recover-20221013/UBNA_001/20221012_030000.WAV,Telephone Field,recover-20221013,001,1795
1301.4735,1301.4808,44375,48994,Pipistrellus pipistrellus,0.024,0.027,-1,Echolocation,/mnt/ubna_data_02_mir/recover-20221013/UBNA_001/20221012_030000.WAV,Telephone Field,recover-20221013,001,1795
1301.4765,1301.4871,22890,27796,Nyctalus leisleri,0.01,0.021,-1,Echolocation,/mnt/ubna_data_02_mir/recover-20221013/UBNA_001/20221012_030000.WAV,Telephone Field,recover-20221013,001,1795
1301.5085,1301.5148,27187,41495,Eptesicus serotinus,0.005,0.026,-1,Echolocation,/mnt/ubna_data_02_mir/recover-20221013/UBNA_001/20221012_030000.WAV,Telephone Field,recover-20221013,001,1795
1301.5085,1301.5474,68437,82410,Rhinolophus ferrumequinum,0.024,0.024,-1,Echolocation,/mnt/ubna_data_02_mir/recover-20221013/UBNA_001/20221012_030000.WAV,Telephone Field,recover-20221013,001,1795
1301.5285,1301.5352,27187,41957,Eptesicus serotinus,0.006,0.021,-1,Echolocation,/mnt/ubna_data_02_mir/recover-20221013/UBNA_001/20221012_030000.WAV,Telephone Field,recover-20221013,001,1795
1301.5725,1301.6117,68437,81878,Rhinolophus ferrumequinum,0.02,0.02,-1,Echolocation,/mnt/ubna_data_02_mir/recover-20221013/UBNA_001/20221012_030000.WAV,Telephone Field,recover-20221013,001,1795
1301.6075,1301.6145,27187,37849,Eptesicus serotinus,0.006,0.023,-1,Echolocation,/mnt/ubna_data_02_mir/recover-20221013/UBNA_001/20221012_030000.WAV,Telephone Field,recover-20221013,001,1795
1301.6215,1301.6614,68437,82003,Rhinolophus ferrumequinum,0.024,0.024,-1,Echolocation,/mnt/ubna_data_02_mir/recover-20221013/UBNA_001/20221012_030000.WAV,Telephone Field,recover-20221013,001,1795
1301.6285,1301.6721,68437,83041,Rhinolophus ferrumequinum,0.024,0.024,-1,Echolocation,/mnt/ubna_data_02_mir/recover-20221013/UBNA_001/20221012_030000.WAV,Telephone Field,recover-20221013,001,1795
1301.6435,1301.6537,22031,26951,Nyctalus leisleri,0.011,0.024,-1,Echolocation,/mnt/ubna_data_02_mir/recover-20221013/UBNA_001/20221012_030000.WAV,Telephone Field,recover-20221013,001,1795
1301.6565,1301.6978,68437,82759,Rhinolophus ferrumequinum,0.024,0.024,-1,Echolocation,/mnt/ubna_data_02_mir/recover-20221013/UBNA_001/20221012_030000.WAV,Telephone Field,recover-20221013,001,1795
1301.6785,1301.6853,51250,58153,Pipistrellus pipistrellus,0.021,0.026,-1,Echolocation,/mnt/ubna_data_02_mir/recover-20221013/UBNA_001/20221012_030000.WAV,Telephone Field,recover-20221013,001,1795
1301.6915,1301.701,23750,30808,Nyctalus leisleri,0.008,0.023,-1,Echolocation,/mnt/ubna_data_02_mir/recover-20221013/UBNA_001/20221012_030000.WAV,Telephone Field,recover-20221013,001,1795
1301.7165,1301.7549,68437,81685,Rhinolophus ferrumequinum,0.021,0.021,-1,Echolocation,/mnt/ubna_data_02_mir/recover-20221013/UBNA_001/20221012_030000.WAV,Telephone Field,recover-20221013,001,1795
1301.7305,1301.7714,68437,82511,Rhinolophus ferrumequinum,0.024,0.024,-1,Echolocation,/mnt/ubna_data_02_mir/recover-20221013/UBNA_001/20221012_030000.WAV,Telephone Field,recover-20221013,001,1795
1301.7365,1301.7743,68437,82515,Rhinolophus ferrumequinum,0.024,0.024,-1,Echolocation,/mnt/ubna_data_02_mir/recover-20221013/UBNA_001/20221012_030000.WAV,Telephone Field,recover-20221013,001,1795
1301.7675,1301.7774,28906,36655,Eptesicus serotinus,0.01,0.022,-1,Echolocation,/mnt/ubna_data_02_mir/recover-20221013/UBNA_001/20221012_030000.WAV,Telephone Field,recover-20221013,001,1795
1301.7895,1301.7989,22890,29975,Plecotus austriacus,0.008,0.023,-1,Echolocation,/mnt/ubna_data_02_mir/recover-20221013/UBNA_001/20221012_030000.WAV,Telephone Field,recover-20221013,001,1795
1301.8455,1301.8575,28046,35401,Eptesicus serotinus,0.028,0.044,-1,Echolocation,/mnt/ubna_data_02_mir/recover-20221013/UBNA_001/20221012_030000.WAV,Telephone Field,recover-20221013,001,1795
1301.8725,1301.9091,68437,81605,Rhinolophus ferrumequinum,0.024,0.024,-1,Echolocation,/mnt/ubna_data_02_mir/recover-20221013/UBNA_001/20221012_030000.WAV,Telephone Field,recover-20221013,001,1795
1301.8805,1301.8909,28906,36047,Eptesicus serotinus,0.009,0.022,-1,Echolocation,/mnt/ubna_data_02_mir/recover-20221013/UBNA_001/20221012_030000.WAV,Telephone Field,recover-20221013,001,1795
1301.9075,1301.9439,68437,81762,Rhinolophus ferrumequinum,0.024,0.024,-1,Echolocation,/mnt/ubna_data_02_mir/recover-20221013/UBNA_001/20221012_030000.WAV,Telephone Field,recover-20221013,001,1795
1301.9085,1301.9166,28906,39635,Eptesicus serotinus,0.008,0.023,-1,Echolocation,/mnt/ubna_data_02_mir/recover-20221013/UBNA_001/20221012_030000.WAV,Telephone Field,recover-20221013,001,1795
1301.9825,1301.9919,28046,38275,Eptesicus serotinus,0.009,0.025,-1,Echolocation,/mnt/ubna_data_02_mir/recover-20221013/UBNA_001/20221012_030000.WAV,Telephone Field,recover-20221013,001,1795
1302.0015,1302.0113,23750,30930,Nyctalus leisleri,0.011,0.029,-1,Echolocation,/mnt/ubna_data_02_mir/recover-20221013/UBNA_001/20221012_030000.WAV,Telephone Field,recover-20221013,001,1795
1302.0015,1302.0343,68437,80166,Rhinolophus ferrumequinum,0.037,0.038,-1,Echolocation,/mnt/ubna_data_02_mir/recover-20221013/UBNA_001/20221012_030000.WAV,Telephone Field,recover-20221013,001,1795
1302.0015,1302.0105,46953,55082,Pipistrellus pipistrellus,0.015,0.024,-1,Echolocation,/mnt/ubna_data_02_mir/recover-20221013/UBNA_001/20221012_030000.WAV,Telephone Field,recover-20221013,001,1795
1302.0275,1302.066,68437,82044,Rhinolophus ferrumequinum,0.022,0.022,-1,Echolocation,/mnt/ubna_data_02_mir/recover-20221013/UBNA_001/20221012_030000.WAV,Telephone Field,recover-20221013,001,1795
1302.0515,1302.0886,68437,81951,Rhinolophus ferrumequinum,0.021,0.022,-1,Echolocation,/mnt/ubna_data_02_mir/recover-20221013/UBNA_001/20221012_030000.WAV,Telephone Field,recover-20221013,001,1795
1302.0895,1302.1301,68437,82443,Rhinolophus ferrumequinum,0.022,0.022,-1,Echolocation,/mnt/ubna_data_02_mir/recover-20221013/UBNA_001/20221012_030000.WAV,Telephone Field,recover-20221013,001,1795
1302.1325,1302.1695,68437,81844,Rhinolophus ferrumequinum,0.029,0.029,-1,Echolocation,/mnt/ubna_data_02_mir/recover-20221013/UBNA_001/20221012_030000.WAV,Telephone Field,recover-20221013,001,1795
1302.1855,1302.2253,68437,82412,Rhinolophus ferrumequinum,0.027,0.027,-1,Echolocation,/mnt/ubna_data_02_mir/recover-20221013/UBNA_001/20221012_030000.WAV,Telephone Field,recover-20221013,001,1795
1302.2355,1302.2441,28046,36400,Eptesicus serotinus,0.01,0.022,-1,Echolocation,/mnt/ubna_data_02_mir/recover-20221013/UBNA_001/20221012_030000.WAV,Telephone Field,recover-20221013,001,1795
1302.2665,1302.2751,27187,37313,Eptesicus serotinus,0.008,0.022,-1,Echolocation,/mnt/ubna_data_02_mir/recover-20221013/UBNA_001/20221012_030000.WAV,Telephone Field,recover-20221013,001,1795
1302.2975,1302.3367,68437,82409,Rhinolophus ferrumequinum,0.022,0.022,-1,Echolocation,/mnt/ubna_data_02_mir/recover-20221013/UBNA_001/20221012_030000.WAV,Telephone Field,recover-20221013,001,1795
1302.2995,1302.3073,28046,46191,Eptesicus serotinus,0.007,0.022,-1,Echolocation,/mnt/ubna_data_02_mir/recover-20221013/UBNA_001/20221012_030000.WAV,Telephone Field,recover-20221013,001,1795
1302.3155,1302.354,68437,82307,Rhinolophus ferrumequinum,0.027,0.027,-1,Echolocation,/mnt/ubna_data_02_mir/recover-20221013/UBNA_001/20221012_030000.WAV,Telephone Field,recover-20221013,001,1795
1302.3455,1302.3837,68437,82072,Rhinolophus ferrumequinum,0.024,0.024,-1,Echolocation,/mnt/ubna_data_02_mir/recover-20221013/UBNA_001/20221012_030000.WAV,Telephone Field,recover-20221013,001,1795
1302.3595,1302.3682,26328,35103,Eptesicus serotinus,0.008,0.023,-1,Echolocation,/mnt/ubna_data_02_mir/recover-20221013/UBNA_001/20221012_030000.WAV,Telephone Field,recover-20221013,001,1795
1302.3705,1302.3825,27187,33091,Eptesicus serotinus,0.011,0.026,-1,Echolocation,/mnt/ubna_data_02_mir/recover-20221013/UBNA_001/20221012_030000.WAV,Telephone Field,recover-20221013,001,1795
1302.3705,1302.408,68437,81731,Rhinolophus ferrumequinum,0.024,0.024,-1,Echolocation,/mnt/ubna_data_02_mir/recover-20221013/UBNA_001/20221012_030000.WAV,Telephone Field,recover-20221013,001,1795
1302.3785,1302.4198,68437,82307,Rhinolophus ferrumequinum,0.024,0.024,-1,Echolocation,/mnt/ubna_data_02_mir/recover-20221013/UBNA_001/20221012_030000.WAV,Telephone Field,recover-20221013,001,1795
1302.3835,1302.4222,68437,82586,Rhinolophus ferrumequinum,0.024,0.024,-1,Echolocation,/mnt/ubna_data_02_mir/recover-20221013/UBNA_001/20221012_030000.WAV,Telephone Field,recover-20221013,001,1795
1302.3915,1302.4294,68437,81833,Rhinolophus ferrumequinum,0.023,0.023,-1,Echolocation,/mnt/ubna_data_02_mir/recover-20221013/UBNA_001/20221012_030000.WAV,Telephone Field,recover-20221013,001,1795
1302.4365,1302.4729,68437,81624,Rhinolophus ferrumequinum,0.022,0.022,-1,Echolocation,/mnt/ubna_data_02_mir/recover-20221013/UBNA_001/20221012_030000.WAV,Telephone Field,recover-20221013,001,1795
1302.4745,1302.4846,23750,30748,Nyctalus leisleri,0.007,0.021,-1,Echolocation,/mnt/ubna_data_02_mir/recover-20221013/UBNA_001/20221012_030000.WAV,Telephone Field,recover-20221013,001,1795
1302.4775,1302.5189,68437,82915,Rhinolophus ferrumequinum,0.042,0.042,-1,Echolocation,/mnt/ubna_data_02_mir/recover-20221013/UBNA_001/20221012_030000.WAV,Telephone Field,recover-20221013,001,1795
1302.5385,1302.5788,68437,82710,Rhinolophus ferrumequinum,0.024,0.024,-1,Echolocation,/mnt/ubna_data_02_mir/recover-20221013/UBNA_001/20221012_030000.WAV,Telephone Field,recover-20221013,001,1795
1302.5745,1302.6146,68437,82210,Rhinolophus ferrumequinum,0.028,0.028,-1,Echolocation,/mnt/ubna_data_02_mir/recover-20221013/UBNA_001/20221012_030000.WAV,Telephone Field,recover-20221013,001,1795
1302.6455,1302.6865,68437,83344,Rhinolophus ferrumequinum,0.029,0.029,-1,Echolocation,/mnt/ubna_data_02_mir/recover-20221013/UBNA_001/20221012_030000.WAV,Telephone Field,recover-20221013,001,1795
1302.7385,1302.7775,68437,81789,Rhinolophus ferrumequinum,0.023,0.023,-1,Echolocation,/mnt/ubna_data_02_mir/recover-20221013/UBNA_001/20221012_030000.WAV,Telephone Field,recover-20221013,001,1795
1302.7715,1302.8081,68437,82398,Rhinolophus ferrumequinum,0.025,0.025,-1,Echolocation,/mnt/ubna_data_02_mir/recover-20221013/UBNA_001/20221012_030000.WAV,Telephone Field,recover-20221013,001,1795
1302.7975,1302.8378,68437,82507,Rhinolophus ferrumequinum,0.023,0.023,-1,Echolocation,/mnt/ubna_data_02_mir/recover-20221013/UBNA_001/20221012_030000.WAV,Telephone Field,recover-20221013,001,1795
1302.8025,1302.8102,26328,39443,Eptesicus serotinus,0.007,0.021,-1,Echolocation,/mnt/ubna_data_02_mir/recover-20221013/UBNA_001/20221012_030000.WAV,Telephone Field,recover-20221013,001,1795
1302.8215,1302.8597,68437,81671,Rhinolophus ferrumequinum,0.023,0.023,-1,Echolocation,/mnt/ubna_data_02_mir/recover-20221013/UBNA_001/20221012_030000.WAV,Telephone Field,recover-20221013,001,1795
1302.8255,1302.8319,33203,56453,Myotis brandtii,0.007,0.022,-1,Echolocation,/mnt/ubna_data_02_mir/recover-20221013/UBNA_001/20221012_030000.WAV,Telephone Field,recover-20221013,001,1795
1302.8445,1302.8824,68437,82040,Rhinolophus ferrumequinum,0.027,0.027,-1,Echolocation,/mnt/ubna_data_02_mir/recover-20221013/UBNA_001/20221012_030000.WAV,Telephone Field,recover-20221013,001,1795
1302.8795,1302.9195,68437,82786,Rhinolophus ferrumequinum,0.032,0.032,-1,Echolocation,/mnt/ubna_data_02_mir/recover-20221013/UBNA_001/20221012_030000.WAV,Telephone Field,recover-20221013,001,1795
1302.9235,1302.931,47812,52708,Pipistrellus pipistrellus,0.029,0.031,-1,Echolocation,/mnt/ubna_data_02_mir/recover-20221013/UBNA_001/20221012_030000.WAV,Telephone Field,recover-20221013,001,1795
1302.9255,1302.9595,68437,81788,Rhinolophus ferrumequinum,0.021,0.021,-1,Echolocation,/mnt/ubna_data_02_mir/recover-20221013/UBNA_001/20221012_030000.WAV,Telephone Field,recover-20221013,001,1795
1302.9545,1302.9741,21171,24918,Nyctalus leisleri,0.016,0.033,-1,Echolocation,/mnt/ubna_data_02_mir/recover-20221013/UBNA_001/20221012_030000.WAV,Telephone Field,recover-20221013,001,1795
1302.9885,1302.9953,28046,38908,Eptesicus serotinus,0.006,0.024,-1,Echolocation,/mnt/ubna_data_02_mir/recover-20221013/UBNA_001/20221012_030000.WAV,Telephone Field,recover-20221013,001,1795
1302.9895,1303.0266,68437,81821,Rhinolophus ferrumequinum,0.034,0.034,-1,Echolocation,/mnt/ubna_data_02_mir/recover-20221013/UBNA_001/20221012_030000.WAV,Telephone Field,recover-20221013,001,1795
1303.0045,1303.014,47812,55745,Pipistrellus pipistrellus,0.028,0.032,-1,Echolocation,/mnt/ubna_data_02_mir/recover-20221013/UBNA_001/20221012_030000.WAV,Telephone Field,recover-20221013,001,1795
1303.0175,1303.0273,23750,30428,Nyctalus leisleri,0.007,0.022,-1,Echolocation,/mnt/ubna_data_02_mir/recover-20221013/UBNA_001/20221012_030000.WAV,Telephone Field,recover-20221013,001,1795
1303.1135,1303.1544,68437,82746,Rhinolophus ferrumequinum,0.029,0.029,-1,Echolocation,/mnt/ubna_data_02_mir/recover-20221013/UBNA_001/20221012_030000.WAV,Telephone Field,recover-20221013,001,1795
1303.1225,1303.1592,68437,81958,Rhinolophus ferrumequinum,0.032,0.032,-1,Echolocation,/mnt/ubna_data_02_mir/recover-20221013/UBNA_001/20221012_030000.WAV,Telephone Field,recover-20221013,001,1795
1303.1425,1303.1527,23750,29688,Nyctalus leisleri,0.009,0.022,-1,Echolocation,/mnt/ubna_data_02_mir/recover-20221013/UBNA_001/20221012_030000.WAV,Telephone Field,recover-20221013,001,1795
1303.1725,1303.2128,68437,82453,Rhinolophus ferrumequinum,0.022,0.022,-1,Echolocation,/mnt/ubna_data_02_mir/recover-20221013/UBNA_001/20221012_030000.WAV,Telephone Field,recover-20221013,001,1795
1303.2295,1303.2399,33203,40408,Myotis daubentonii,0.006,0.022,-1,Echolocation,/mnt/ubna_data_02_mir/recover-20221013/UBNA_001/20221012_030000.WAV,Telephone Field,recover-20221013,001,1795
1303.2315,1303.2402,28046,36618,Eptesicus serotinus,0.007,0.022,-1,Echolocation,/mnt/ubna_data_02_mir/recover-20221013/UBNA_001/20221012_030000.WAV,Telephone Field,recover-20221013,001,1795
1303.2315,1303.2709,68437,82529,Rhinolophus ferrumequinum,0.025,0.025,-1,Echolocation,/mnt/ubna_data_02_mir/recover-20221013/UBNA_001/20221012_030000.WAV,Telephone Field,recover-20221013,001,1795
1303.2605,1303.2694,25468,33866,Eptesicus serotinus,0.011,0.027,-1,Echolocation,/mnt/ubna_data_02_mir/recover-20221013/UBNA_001/20221012_030000.WAV,Telephone Field,recover-20221013,001,1795
1303.2655,1303.3026,68437,81100,Rhinolophus ferrumequinum,0.03,0.03,-1,Echolocation,/mnt/ubna_data_02_mir/recover-20221013/UBNA_001/20221012_030000.WAV,Telephone Field,recover-20221013,001,1795
1303.3085,1303.3253,21171,24006,Nyctalus leisleri,0.019,0.03,-1,Echolocation,/mnt/ubna_data_02_mir/recover-20221013/UBNA_001/20221012_030000.WAV,Telephone Field,recover-20221013,001,1795
1303.3305,1303.372,68437,82974,Rhinolophus ferrumequinum,0.025,0.025,-1,Echolocation,/mnt/ubna_data_02_mir/recover-20221013/UBNA_001/20221012_030000.WAV,Telephone Field,recover-20221013,001,1795
1303.3415,1303.3507,25468,33803,Eptesicus serotinus,0.016,0.041,-1,Echolocation,/mnt/ubna_data_02_mir/recover-20221013/UBNA_001/20221012_030000.WAV,Telephone Field,recover-20221013,001,1795
1303.3985,1303.4359,68437,81979,Rhinolophus ferrumequinum,0.022,0.022,-1,Echolocation,/mnt/ubna_data_02_mir/recover-20221013/UBNA_001/20221012_030000.WAV,Telephone Field,recover-20221013,001,1795
1303.4255,1303.4663,68437,82750,Rhinolophus ferrumequinum,0.021,0.021,-1,Echolocation,/mnt/ubna_data_02_mir/recover-20221013/UBNA_001/20221012_030000.WAV,Telephone Field,recover-20221013,001,1795
1303.5825,1303.6189,68437,81667,Rhinolophus ferrumequinum,0.022,0.022,-1,Echolocation,/mnt/ubna_data_02_mir/recover-20221013/UBNA_001/20221012_030000.WAV,Telephone Field,recover-20221013,001,1795
1303.6155,1303.6545,68437,81833,Rhinolophus ferrumequinum,0.022,0.022,-1,Echolocation,/mnt/ubna_data_02_mir/recover-20221013/UBNA_001/20221012_030000.WAV,Telephone Field,recover-20221013,001,1795
1303.6245,1303.6335,28046,36655,Eptesicus serotinus,0.009,0.023,-1,Echolocation,/mnt/ubna_data_02_mir/recover-20221013/UBNA_001/20221012_030000.WAV,Telephone Field,recover-20221013,001,1795
1303.6305,1303.6406,28046,35403,Eptesicus serotinus,0.009,0.022,-1,Echolocation,/mnt/ubna_data_02_mir/recover-20221013/UBNA_001/20221012_030000.WAV,Telephone Field,recover-20221013,001,1795
1303.6425,1303.6513,25468,33411,Eptesicus serotinus,0.009,0.024,-1,Echolocation,/mnt/ubna_data_02_mir/recover-20221013/UBNA_001/20221012_030000.WAV,Telephone Field,recover-20221013,001,1795
1303.6555,1303.695,68437,82433,Rhinolophus ferrumequinum,0.023,0.023,-1,Echolocation,/mnt/ubna_data_02_mir/recover-20221013/UBNA_001/20221012_030000.WAV,Telephone Field,recover-20221013,001,1795
1303.6875,1303.7214,68437,80149,Rhinolophus ferrumequinum,0.021,0.021,-1,Echolocation,/mnt/ubna_data_02_mir/recover-20221013/UBNA_001/20221012_030000.WAV,Telephone Field,recover-20221013,001,1795
1303.7285,1303.7648,68437,82441,Rhinolophus ferrumequinum,0.023,0.023,-1,Echolocation,/mnt/ubna_data_02_mir/recover-20221013/UBNA_001/20221012_030000.WAV,Telephone Field,recover-20221013,001,1795
1303.7355,1303.7724,68437,82147,Rhinolophus ferrumequinum,0.023,0.023,-1,Echolocation,/mnt/ubna_data_02_mir/recover-20221013/UBNA_001/20221012_030000.WAV,Telephone Field,recover-20221013,001,1795
1303.7645,1303.8003,68437,81828,Rhinolophus ferrumequinum,0.023,0.023,-1,Echolocation,/mnt/ubna_data_02_mir/recover-20221013/UBNA_001/20221012_030000.WAV,Telephone Field,recover-20221013,001,1795
1303.7725,1303.7834,24609,29833,Nyctalus leisleri,0.012,0.025,-1,Echolocation,/mnt/ubna_data_02_mir/recover-20221013/UBNA_001/20221012_030000.WAV,Telephone Field,recover-20221013,001,1795
1303.7985,1303.8407,68437,82839,Rhinolophus ferrumequinum,0.027,0.027,-1,Echolocation,/mnt/ubna_data_02_mir/recover-20221013/UBNA_001/20221012_030000.WAV,Telephone Field,recover-20221013,001,1795
1303.8055,1303.8154,23750,30106,Nyctalus leisleri,0.009,0.022,-1,Echolocation,/mnt/ubna_data_02_mir/recover-20221013/UBNA_001/20221012_030000.WAV,Telephone Field,recover-20221013,001,1795
1303.8315,1303.865,68437,81428,Rhinolophus ferrumequinum,0.031,0.031,-1,Echolocation,/mnt/ubna_data_02_mir/recover-20221013/UBNA_001/20221012_030000.WAV,Telephone Field,recover-20221013,001,1795
1303.8315,1303.8398,25468,34836,Eptesicus serotinus,0.007,0.023,-1,Echolocation,/mnt/ubna_data_02_mir/recover-20221013/UBNA_001/20221012_030000.WAV,Telephone Field,recover-20221013,001,1795
1303.8405,1303.8769,68437,82034,Rhinolophus ferrumequinum,0.022,0.022,-1,Echolocation,/mnt/ubna_data_02_mir/recover-20221013/UBNA_001/20221012_030000.WAV,Telephone Field,recover-20221013,001,1795
1303.8545,1303.898,68437,83372,Rhinolophus ferrumequinum,0.033,0.033,-1,Echolocation,/mnt/ubna_data_02_mir/recover-20221013/UBNA_001/20221012_030000.WAV,Telephone Field,recover-20221013,001,1795
1303.8685,1303.876,48671,52258,Pipistrellus pipistrellus,0.019,0.022,-1,Echolocation,/mnt/ubna_data_02_mir/recover-20221013/UBNA_001/20221012_030000.WAV,Telephone Field,recover-20221013,001,1795
1303.8815,1303.9181,68437,81551,Rhinolophus ferrumequinum,0.022,0.023,-1,Echolocation,/mnt/ubna_data_02_mir/recover-20221013/UBNA_001/20221012_030000.WAV,Telephone Field,recover-20221013,001,1795
1303.9035,1303.9417,68437,82052,Rhinolophus ferrumequinum,0.023,0.023,-1,Echolocation,/mnt/ubna_data_02_mir/recover-20221013/UBNA_001/20221012_030000.WAV,Telephone Field,recover-20221013,001,1795
1303.9145,1303.9236,28046,36229,Eptesicus serotinus,0.008,0.023,-1,Echolocation,/mnt/ubna_data_02_mir/recover-20221013/UBNA_001/20221012_030000.WAV,Telephone Field,recover-20221013,001,1795
1303.9635,1303.9763,37500,41656,Pipistrellus nathusii,0.019,0.028,-1,Echolocation,/mnt/ubna_data_02_mir/recover-20221013/UBNA_001/20221012_030000.WAV,Telephone Field,recover-20221013,001,1795
1303.9765,1303.9939,17734,22110,Nyctalus noctula,0.024,0.034,-1,Echolocation,/mnt/ubna_data_02_mir/recover-20221013/UBNA_001/20221012_030000.WAV,Telephone Field,recover-20221013,001,1795
1304.0015,1304.0112,26328,32194,Nyctalus leisleri,0.023,0.05,-1,Echolocation,/mnt/ubna_data_02_mir/recover-20221013/UBNA_001/20221012_030000.WAV,Telephone Field,recover-20221013,001,1795
1304.0015,1304.0372,68437,80014,Rhinolophus ferrumequinum,0.025,0.026,-1,Echolocation,/mnt/ubna_data_02_mir/recover-20221013/UBNA_001/20221012_030000.WAV,Telephone Field,recover-20221013,001,1795
1304.0105,1304.0541,68437,82843,Rhinolophus ferrumequinum,0.022,0.022,-1,Echolocation,/mnt/ubna_data_02_mir/recover-20221013/UBNA_001/20221012_030000.WAV,Telephone Field,recover-20221013,001,1795
1304.0165,1304.029,21171,24856,Nyctalus leisleri,0.013,0.023,-1,Echolocation,/mnt/ubna_data_02_mir/recover-20221013/UBNA_001/20221012_030000.WAV,Telephone Field,recover-20221013,001,1795
1304.0225,1304.0313,28906,38989,Eptesicus serotinus,0.009,0.023,-1,Echolocation,/mnt/ubna_data_02_mir/recover-20221013/UBNA_001/20221012_030000.WAV,Telephone Field,recover-20221013,001,1795
1304.0515,1304.0891,68437,81764,Rhinolophus ferrumequinum,0.023,0.023,-1,Echolocation,/mnt/ubna_data_02_mir/recover-20221013/UBNA_001/20221012_030000.WAV,Telephone Field,recover-20221013,001,1795
1304.0815,1304.1192,68437,81786,Rhinolophus ferrumequinum,0.025,0.025,-1,Echolocation,/mnt/ubna_data_02_mir/recover-20221013/UBNA_001/20221012_030000.WAV,Telephone Field,recover-20221013,001,1795
1304.0885,1304.1261,68437,81755,Rhinolophus ferrumequinum,0.023,0.023,-1,Echolocation,/mnt/ubna_data_02_mir/recover-20221013/UBNA_001/20221012_030000.WAV,Telephone Field,recover-20221013,001,1795
1304.1005,1304.1129,24609,30112,Nyctalus leisleri,0.012,0.029,-1,Echolocation,/mnt/ubna_data_02_mir/recover-20221013/UBNA_001/20221012_030000.WAV,Telephone Field,recover-20221013,001,1795
1304.1405,1304.1759,68437,81779,Rhinolophus ferrumequinum,0.023,0.024,-1,Echolocation,/mnt/ubna_data_02_mir/recover-20221013/UBNA_001/20221012_030000.WAV,Telephone Field,recover-20221013,001,1795
1304.1495,1304.1597,22890,29298,Nyctalus leisleri,0.009,0.023,-1,Echolocation,/mnt/ubna_data_02_mir/recover-20221013/UBNA_001/20221012_030000.WAV,Telephone Field,recover-20221013,001,1795
1304.1675,1304.2108,68437,83047,Rhinolophus ferrumequinum,0.051,0.051,-1,Echolocation,/mnt/ubna_data_02_mir/recover-20221013/UBNA_001/20221012_030000.WAV,Telephone Field,recover-20221013,001,1795
1304.1735,1304.1844,22890,28250,Nyctalus leisleri,0.011,0.025,-1,Echolocation,/mnt/ubna_data_02_mir/recover-20221013/UBNA_001/20221012_030000.WAV,Telephone Field,recover-20221013,001,1795
1304.1965,1304.2321,68437,81466,Rhinolophus ferrumequinum,0.023,0.023,-1,Echolocation,/mnt/ubna_data_02_mir/recover-20221013/UBNA_001/20221012_030000.WAV,Telephone Field,recover-20221013,001,1795
1304.2225,1304.2612,68437,82298,Rhinolophus ferrumequinum,0.022,0.022,-1,Echolocation,/mnt/ubna_data_02_mir/recover-20221013/UBNA_001/20221012_030000.WAV,Telephone Field,recover-20221013,001,1795
1304.2315,1304.2733,68437,82711,Rhinolophus ferrumequinum,0.023,0.023,-1,Echolocation,/mnt/ubna_data_02_mir/recover-20221013/UBNA_001/20221012_030000.WAV,Telephone Field,recover-20221013,001,1795
1304.2345,1304.2414,27187,39141,Eptesicus serotinus,0.009,0.025,-1,Echolocation,/mnt/ubna_data_02_mir/recover-20221013/UBNA_001/20221012_030000.WAV,Telephone Field,recover-20221013,001,1795
1304.2745,1304.3146,68437,81598,Rhinolophus ferrumequinum,0.024,0.024,-1,Echolocation,/mnt/ubna_data_02_mir/recover-20221013/UBNA_001/20221012_030000.WAV,Telephone Field,recover-20221013,001,1795
1304.3265,1304.3676,68437,82232,Rhinolophus ferrumequinum,0.026,0.026,-1,Echolocation,/mnt/ubna_data_02_mir/recover-20221013/UBNA_001/20221012_030000.WAV,Telephone Field,recover-20221013,001,1795
1304.3305,1304.3375,51250,58549,Pipistrellus pipistrellus,0.028,0.032,-1,Echolocation,/mnt/ubna_data_02_mir/recover-20221013/UBNA_001/20221012_030000.WAV,Telephone Field,recover-20221013,001,1795
1304.3395,1304.3791,68437,82774,Rhinolophus ferrumequinum,0.025,0.025,-1,Echolocation,/mnt/ubna_data_02_mir/recover-20221013/UBNA_001/20221012_030000.WAV,Telephone Field,recover-20221013,001,1795
1304.3505,1304.3841,68437,80440,Rhinolophus ferrumequinum,0.022,0.023,-1,Echolocation,/mnt/ubna_data_02_mir/recover-20221013/UBNA_001/20221012_030000.WAV,Telephone Field,recover-20221013,001,1795
1304.3645,1304.3995,68437,81645,Rhinolophus ferrumequinum,0.022,0.022,-1,Echolocation,/mnt/ubna_data_02_mir/recover-20221013/UBNA_001/20221012_030000.WAV,Telephone Field,recover-20221013,001,1795
1304.3895,1304.3980999999999,30625,40430,Eptesicus serotinus,0.009,0.026,-1,Echolocation,/mnt/ubna_data_02_mir/recover-20221013/UBNA_001/20221012_030000.WAV,Telephone Field,recover-20221013,001,1795
1304.4295,1304.4391,38359,49903,Myotis daubentonii,0.005,0.022,-1,Echolocation,/mnt/ubna_data_02_mir/recover-20221013/UBNA_001/20221012_030000.WAV,Telephone Field,recover-20221013,001,1795
1304.4405,1304.4491,28906,38773,Eptesicus serotinus,0.007,0.022,-1,Echolocation,/mnt/ubna_data_02_mir/recover-20221013/UBNA_001/20221012_030000.WAV,Telephone Field,recover-20221013,001,1795
1304.4705,1304.4767,24609,39066,Myotis nattereri,0.01,0.029,-1,Echolocation,/mnt/ubna_data_02_mir/recover-20221013/UBNA_001/20221012_030000.WAV,Telephone Field,recover-20221013,001,1795
1304.4895,1304.4965,49531,58130,Pipistrellus pipistrellus,0.023,0.025,-1,Echolocation,/mnt/ubna_data_02_mir/recover-20221013/UBNA_001/20221012_030000.WAV,Telephone Field,recover-20221013,001,1795
1304.5405,1304.5781,68437,82202,Rhinolophus ferrumequinum,0.027,0.027,-1,Echolocation,/mnt/ubna_data_02_mir/recover-20221013/UBNA_001/20221012_030000.WAV,Telephone Field,recover-20221013,001,1795
1304.5675,1304.6067,68437,81963,Rhinolophus ferrumequinum,0.022,0.022,-1,Echolocation,/mnt/ubna_data_02_mir/recover-20221013/UBNA_001/20221012_030000.WAV,Telephone Field,recover-20221013,001,1795
1304.5935,1304.6005,23750,33365,Plecotus austriacus,0.014,0.029,-1,Echolocation,/mnt/ubna_data_02_mir/recover-20221013/UBNA_001/20221012_030000.WAV,Telephone Field,recover-20221013,001,1795
1304.5955,1304.6033,28906,39648,Eptesicus serotinus,0.008,0.028,-1,Echolocation,/mnt/ubna_data_02_mir/recover-20221013/UBNA_001/20221012_030000.WAV,Telephone Field,recover-20221013,001,1795
1304.6405,1304.6799,68437,82174,Rhinolophus ferrumequinum,0.023,0.023,-1,Echolocation,/mnt/ubna_data_02_mir/recover-20221013/UBNA_001/20221012_030000.WAV,Telephone Field,recover-20221013,001,1795
1304.6605,1304.6997,68437,82654,Rhinolophus ferrumequinum,0.036,0.036,-1,Echolocation,/mnt/ubna_data_02_mir/recover-20221013/UBNA_001/20221012_030000.WAV,Telephone Field,recover-20221013,001,1795
1304.6675,1304.6782,22890,29705,Nyctalus leisleri,0.012,0.031,-1,Echolocation,/mnt/ubna_data_02_mir/recover-20221013/UBNA_001/20221012_030000.WAV,Telephone Field,recover-20221013,001,1795
1304.6755,1304.6903,22890,27051,Nyctalus leisleri,0.019,0.036,-1,Echolocation,/mnt/ubna_data_02_mir/recover-20221013/UBNA_001/20221012_030000.WAV,Telephone Field,recover-20221013,001,1795
1304.7005,1304.7087,46093,51013,Pipistrellus pipistrellus,0.03,0.031,-1,Echolocation,/mnt/ubna_data_02_mir/recover-20221013/UBNA_001/20221012_030000.WAV,Telephone Field,recover-20221013,001,1795
1304.7615,1304.7703,25468,33421,Nyctalus leisleri,0.007,0.023,-1,Echolocation,/mnt/ubna_data_02_mir/recover-20221013/UBNA_001/20221012_030000.WAV,Telephone Field,recover-20221013,001,1795
1304.7925,1304.8027,28046,35324,Eptesicus serotinus,0.012,0.026,-1,Echolocation,/mnt/ubna_data_02_mir/recover-20221013/UBNA_001/20221012_030000.WAV,Telephone Field,recover-20221013,001,1795
1304.8085,1304.8501,68437,82591,Rhinolophus ferrumequinum,0.024,0.025,-1,Echolocation,/mnt/ubna_data_02_mir/recover-20221013/UBNA_001/20221012_030000.WAV,Telephone Field,recover-20221013,001,1795
1304.8155,1304.8547,68437,82820,Rhinolophus ferrumequinum,0.022,0.022,-1,Echolocation,/mnt/ubna_data_02_mir/recover-20221013/UBNA_001/20221012_030000.WAV,Telephone Field,recover-20221013,001,1795
1304.8155,1304.8258,28906,35876,Eptesicus serotinus,0.011,0.024,-1,Echolocation,/mnt/ubna_data_02_mir/recover-20221013/UBNA_001/20221012_030000.WAV,Telephone Field,recover-20221013,001,1795
1304.8355,1304.8464,15156,21621,Nyctalus noctula,0.012,0.022,-1,Echolocation,/mnt/ubna_data_02_mir/recover-20221013/UBNA_001/20221012_030000.WAV,Telephone Field,recover-20221013,001,1795
1304.8545,1304.8948,68437,82266,Rhinolophus ferrumequinum,0.029,0.029,-1,Echolocation,/mnt/ubna_data_02_mir/recover-20221013/UBNA_001/20221012_030000.WAV,Telephone Field,recover-20221013,001,1795
1304.8835,1304.8907,28906,40764,Eptesicus serotinus,0.007,0.027,-1,Echolocation,/mnt/ubna_data_02_mir/recover-20221013/UBNA_001/20221012_030000.WAV,Telephone Field,recover-20221013,001,1795
1304.8885,1304.929,68437,82795,Rhinolophus ferrumequinum,0.025,0.025,-1,Echolocation,/mnt/ubna_data_02_mir/recover-20221013/UBNA_001/20221012_030000.WAV,Telephone Field,recover-20221013,001,1795
1304.8965,1304.9316,68437,82030,Rhinolophus ferrumequinum,0.022,0.022,-1,Echolocation,/mnt/ubna_data_02_mir/recover-20221013/UBNA_001/20221012_030000.WAV,Telephone Field,recover-20221013,001,1795
1304.9115,1304.9502,68437,81911,Rhinolophus ferrumequinum,0.022,0.022,-1,Echolocation,/mnt/ubna_data_02_mir/recover-20221013/UBNA_001/20221012_030000.WAV,Telephone Field,recover-20221013,001,1795
1304.9135,1304.9219,28046,40862,Eptesicus serotinus,0.009,0.025,-1,Echolocation,/mnt/ubna_data_02_mir/recover-20221013/UBNA_001/20221012_030000.WAV,Telephone Field,recover-20221013,001,1795
1304.9615,1304.9724,22890,28722,Nyctalus leisleri,0.011,0.026,-1,Echolocation,/mnt/ubna_data_02_mir/recover-20221013/UBNA_001/20221012_030000.WAV,Telephone Field,recover-20221013,001,1795
1304.9635,1305.0018,68437,81645,Rhinolophus ferrumequinum,0.022,0.022,-1,Echolocation,/mnt/ubna_data_02_mir/recover-20221013/UBNA_001/20221012_030000.WAV,Telephone Field,recover-20221013,001,1795
1305.0155,1305.0542,68437,81593,Rhinolophus ferrumequinum,0.022,0.022,-1,Echolocation,/mnt/ubna_data_02_mir/recover-20221013/UBNA_001/20221012_030000.WAV,Telephone Field,recover-20221013,001,1795
1305.0415,1305.048,24609,34598,Plecotus austriacus,0.013,0.029,-1,Echolocation,/mnt/ubna_data_02_mir/recover-20221013/UBNA_001/20221012_030000.WAV,Telephone Field,recover-20221013,001,1795
1305.0725,1305.0793,28046,42910,Eptesicus serotinus,0.007,0.025,-1,Echolocation,/mnt/ubna_data_02_mir/recover-20221013/UBNA_001/20221012_030000.WAV,Telephone Field,recover-20221013,001,1795
1305.0905,1305.0971,28906,38672,Eptesicus serotinus,0.007,0.025,-1,Echolocation,/mnt/ubna_data_02_mir/recover-20221013/UBNA_001/20221012_030000.WAV,Telephone Field,recover-20221013,001,1795
1305.0925,1305.1025,21171,27022,Nyctalus leisleri,0.01,0.026,-1,Echolocation,/mnt/ubna_data_02_mir/recover-20221013/UBNA_001/20221012_030000.WAV,Telephone Field,recover-20221013,001,1795
1305.1245,1305.1638,68437,82337,Rhinolophus ferrumequinum,0.022,0.022,-1,Echolocation,/mnt/ubna_data_02_mir/recover-20221013/UBNA_001/20221012_030000.WAV,Telephone Field,recover-20221013,001,1795
1305.1745,1305.2165,68437,83392,Rhinolophus ferrumequinum,0.037,0.037,-1,Echolocation,/mnt/ubna_data_02_mir/recover-20221013/UBNA_001/20221012_030000.WAV,Telephone Field,recover-20221013,001,1795
1305.1765,1305.1855,27187,37081,Eptesicus serotinus,0.014,0.033,-1,Echolocation,/mnt/ubna_data_02_mir/recover-20221013/UBNA_001/20221012_030000.WAV,Telephone Field,recover-20221013,001,1795
1305.2055,1305.2428,68437,81394,Rhinolophus ferrumequinum,0.024,0.024,-1,Echolocation,/mnt/ubna_data_02_mir/recover-20221013/UBNA_001/20221012_030000.WAV,Telephone Field,recover-20221013,001,1795
1305.2295,1305.2711,68437,82807,Rhinolophus ferrumequinum,0.024,0.024,-1,Echolocation,/mnt/ubna_data_02_mir/recover-20221013/UBNA_001/20221012_030000.WAV,Telephone Field,recover-20221013,001,1795
1305.2525,1305.2904,68437,82144,Rhinolophus ferrumequinum,0.024,0.024,-1,Echolocation,/mnt/ubna_data_02_mir/recover-20221013/UBNA_001/20221012_030000.WAV,Telephone Field,recover-20221013,001,1795
1305.2795,1305.286,49531,58067,Pipistrellus pipistrellus,0.028,0.033,-1,Echolocation,/mnt/ubna_data_02_mir/recover-20221013/UBNA_001/20221012_030000.WAV,Telephone Field,recover-20221013,001,1795
1305.2805,1305.3215,68437,82455,Rhinolophus ferrumequinum,0.024,0.024,-1,Echolocation,/mnt/ubna_data_02_mir/recover-20221013/UBNA_001/20221012_030000.WAV,Telephone Field,recover-20221013,001,1795
1305.2815,1305.2905,28046,40416,Eptesicus serotinus,0.009,0.022,-1,Echolocation,/mnt/ubna_data_02_mir/recover-20221013/UBNA_001/20221012_030000.WAV,Telephone Field,recover-20221013,001,1795
1305.2955,1305.3027,23750,32790,Plecotus austriacus,0.012,0.026,-1,Echolocation,/mnt/ubna_data_02_mir/recover-20221013/UBNA_001/20221012_030000.WAV,Telephone Field,recover-20221013,001,1795
1305.3055,1305.343,68437,81501,Rhinolophus ferrumequinum,0.023,0.023,-1,Echolocation,/mnt/ubna_data_02_mir/recover-20221013/UBNA_001/20221012_030000.WAV,Telephone Field,recover-20221013,001,1795
1305.3125,1305.3487,68437,80937,Rhinolophus ferrumequinum,0.026,0.026,-1,Echolocation,/mnt/ubna_data_02_mir/recover-20221013/UBNA_001/20221012_030000.WAV,Telephone Field,recover-20221013,001,1795
1305.3575,1305.3946,68437,81888,Rhinolophus ferrumequinum,0.023,0.023,-1,Echolocation,/mnt/ubna_data_02_mir/recover-20221013/UBNA_001/20221012_030000.WAV,Telephone Field,recover-20221013,001,1795
1305.3645,1305.402,68437,81891,Rhinolophus ferrumequinum,0.022,0.022,-1,Echolocation,/mnt/ubna_data_02_mir/recover-20221013/UBNA_001/20221012_030000.WAV,Telephone Field,recover-20221013,001,1795
1305.3865,1305.4286,68437,83025,Rhinolophus ferrumequinum,0.027,0.027,-1,Echolocation,/mnt/ubna_data_02_mir/recover-20221013/UBNA_001/20221012_030000.WAV,Telephone Field,recover-20221013,001,1795
1305.3875,1305.3949,23750,32157,Plecotus austriacus,0.011,0.024,-1,Echolocation,/mnt/ubna_data_02_mir/recover-20221013/UBNA_001/20221012_030000.WAV,Telephone Field,recover-20221013,001,1795
1305.4015,1305.4395,68437,81890,Rhinolophus ferrumequinum,0.022,0.022,-1,Echolocation,/mnt/ubna_data_02_mir/recover-20221013/UBNA_001/20221012_030000.WAV,Telephone Field,recover-20221013,001,1795
1305.4205,1305.4607,68437,82397,Rhinolophus ferrumequinum,0.023,0.023,-1,Echolocation,/mnt/ubna_data_02_mir/recover-20221013/UBNA_001/20221012_030000.WAV,Telephone Field,recover-20221013,001,1795
1305.4485,1305.4595,22031,26617,Nyctalus leisleri,0.011,0.023,-1,Echolocation,/mnt/ubna_data_02_mir/recover-20221013/UBNA_001/20221012_030000.WAV,Telephone Field,recover-20221013,001,1795
1305.4645,1305.504,68437,82388,Rhinolophus ferrumequinum,0.032,0.032,-1,Echolocation,/mnt/ubna_data_02_mir/recover-20221013/UBNA_001/20221012_030000.WAV,Telephone Field,recover-20221013,001,1795
1305.4915,1305.5295,68437,81738,Rhinolophus ferrumequinum,0.024,0.024,-1,Echolocation,/mnt/ubna_data_02_mir/recover-20221013/UBNA_001/20221012_030000.WAV,Telephone Field,recover-20221013,001,1795
1305.5005,1305.5108,37500,44396,Pipistrellus nathusii,0.015,0.034,-1,Echolocation,/mnt/ubna_data_02_mir/recover-20221013/UBNA_001/20221012_030000.WAV,Telephone Field,recover-20221013,001,1795
1305.5035,1305.5406,68437,81942,Rhinolophus ferrumequinum,0.023,0.023,-1,Echolocation,/mnt/ubna_data_02_mir/recover-20221013/UBNA_001/20221012_030000.WAV,Telephone Field,recover-20221013,001,1795
1305.5745,1305.6122,68437,81895,Rhinolophus ferrumequinum,0.022,0.022,-1,Echolocation,/mnt/ubna_data_02_mir/recover-20221013/UBNA_001/20221012_030000.WAV,Telephone Field,recover-20221013,001,1795
1305.6015,1305.6093,28046,39813,Eptesicus serotinus,0.008,0.026,-1,Echolocation,/mnt/ubna_data_02_mir/recover-20221013/UBNA_001/20221012_030000.WAV,Telephone Field,recover-20221013,001,1795
1305.6055,1305.6468,68437,82025,Rhinolophus ferrumequinum,0.023,0.024,-1,Echolocation,/mnt/ubna_data_02_mir/recover-20221013/UBNA_001/20221012_030000.WAV,Telephone Field,recover-20221013,001,1795
1305.6305,1305.6416,26328,32280,Eptesicus serotinus,0.01,0.024,-1,Echolocation,/mnt/ubna_data_02_mir/recover-20221013/UBNA_001/20221012_030000.WAV,Telephone Field,recover-20221013,001,1795
1305.6845,1305.7013,19453,23053,Nyctalus leisleri,0.011,0.025,-1,Echolocation,/mnt/ubna_data_02_mir/recover-20221013/UBNA_001/20221012_030000.WAV,Telephone Field,recover-20221013,001,1795
1305.6985,1305.7362,68437,82585,Rhinolophus ferrumequinum,0.027,0.027,-1,Echolocation,/mnt/ubna_data_02_mir/recover-20221013/UBNA_001/20221012_030000.WAV,Telephone Field,recover-20221013,001,1795
1305.7055,1305.7454,68437,82406,Rhinolophus ferrumequinum,0.023,0.023,-1,Echolocation,/mnt/ubna_data_02_mir/recover-20221013/UBNA_001/20221012_030000.WAV,Telephone Field,recover-20221013,001,1795
1305.7355,1305.742,23750,35114,Plecotus austriacus,0.023,0.044,-1,Echolocation,/mnt/ubna_data_02_mir/recover-20221013/UBNA_001/20221012_030000.WAV,Telephone Field,recover-20221013,001,1795
1305.7405,1305.7798,68437,83174,Rhinolophus ferrumequinum,0.029,0.029,-1,Echolocation,/mnt/ubna_data_02_mir/recover-20221013/UBNA_001/20221012_030000.WAV,Telephone Field,recover-20221013,001,1795
1305.7605,1305.7663,49531,57154,Pipistrellus pipistrellus,0.021,0.022,-1,Echolocation,/mnt/ubna_data_02_mir/recover-20221013/UBNA_001/20221012_030000.WAV,Telephone Field,recover-20221013,001,1795
1305.7605,1305.8009,68437,82557,Rhinolophus ferrumequinum,0.022,0.022,-1,Echolocation,/mnt/ubna_data_02_mir/recover-20221013/UBNA_001/20221012_030000.WAV,Telephone Field,recover-20221013,001,1795
1305.7835,1305.8256,68437,82414,Rhinolophus ferrumequinum,0.029,0.029,-1,Echolocation,/mnt/ubna_data_02_mir/recover-20221013/UBNA_001/20221012_030000.WAV,Telephone Field,recover-20221013,001,1795
1305.7915,1305.8343,68437,83527,Rhinolophus ferrumequinum,0.044,0.044,-1,Echolocation,/mnt/ubna_data_02_mir/recover-20221013/UBNA_001/20221012_030000.WAV,Telephone Field,recover-20221013,001,1795
1305.7925,1305.8017,23750,31874,Plecotus austriacus,0.008,0.023,-1,Echolocation,/mnt/ubna_data_02_mir/recover-20221013/UBNA_001/20221012_030000.WAV,Telephone Field,recover-20221013,001,1795
1305.8115,1305.8535,68437,82323,Rhinolophus ferrumequinum,0.022,0.022,-1,Echolocation,/mnt/ubna_data_02_mir/recover-20221013/UBNA_001/20221012_030000.WAV,Telephone Field,recover-20221013,001,1795
1305.8315,1305.87,68437,81880,Rhinolophus ferrumequinum,0.026,0.026,-1,Echolocation,/mnt/ubna_data_02_mir/recover-20221013/UBNA_001/20221012_030000.WAV,Telephone Field,recover-20221013,001,1795
1305.8315,1305.8399,28046,39155,Eptesicus serotinus,0.008,0.022,-1,Echolocation,/mnt/ubna_data_02_mir/recover-20221013/UBNA_001/20221012_030000.WAV,Telephone Field,recover-20221013,001,1795
1305.8455,1305.8833,68437,82318,Rhinolophus ferrumequinum,0.023,0.023,-1,Echolocation,/mnt/ubna_data_02_mir/recover-20221013/UBNA_001/20221012_030000.WAV,Telephone Field,recover-20221013,001,1795
1305.8685,1305.9084,68437,82417,Rhinolophus ferrumequinum,0.025,0.025,-1,Echolocation,/mnt/ubna_data_02_mir/recover-20221013/UBNA_001/20221012_030000.WAV,Telephone Field,recover-20221013,001,1795
1305.8855,1305.8969,23750,29930,Nyctalus leisleri,0.013,0.031,-1,Echolocation,/mnt/ubna_data_02_mir/recover-20221013/UBNA_001/20221012_030000.WAV,Telephone Field,recover-20221013,001,1795
1305.9165,1305.922,28046,43790,Myotis nattereri,0.008,0.033,-1,Echolocation,/mnt/ubna_data_02_mir/recover-20221013/UBNA_001/20221012_030000.WAV,Telephone Field,recover-20221013,001,1795
1305.9185,1305.9554,68437,81435,Rhinolophus ferrumequinum,0.022,0.022,-1,Echolocation,/mnt/ubna_data_02_mir/recover-20221013/UBNA_001/20221012_030000.WAV,Telephone Field,recover-20221013,001,1795
1305.9395,1305.9508,22031,25336,Nyctalus leisleri,0.012,0.022,-1,Echolocation,/mnt/ubna_data_02_mir/recover-20221013/UBNA_001/20221012_030000.WAV,Telephone Field,recover-20221013,001,1795
1305.9575,1305.9938,68437,81751,Rhinolophus ferrumequinum,0.022,0.022,-1,Echolocation,/mnt/ubna_data_02_mir/recover-20221013/UBNA_001/20221012_030000.WAV,Telephone Field,recover-20221013,001,1795
1305.9735,1305.981,23750,32420,Plecotus austriacus,0.012,0.026,-1,Echolocation,/mnt/ubna_data_02_mir/recover-20221013/UBNA_001/20221012_030000.WAV,Telephone Field,recover-20221013,001,1795
1305.9795,1305.9894,46093,53263,Pipistrellus pipistrellus,0.022,0.026,-1,Echolocation,/mnt/ubna_data_02_mir/recover-20221013/UBNA_001/20221012_030000.WAV,Telephone Field,recover-20221013,001,1795
1306.0015,1306.0175,16875,22563,Nyctalus noctula,0.013,0.026,-1,Echolocation,/mnt/ubna_data_02_mir/recover-20221013/UBNA_001/20221012_030000.WAV,Telephone Field,recover-20221013,001,1795
1306.0015,1306.0364,68437,80266,Rhinolophus ferrumequinum,0.042,0.042,-1,Echolocation,/mnt/ubna_data_02_mir/recover-20221013/UBNA_001/20221012_030000.WAV,Telephone Field,recover-20221013,001,1795
1306.0015,1306.0112,22031,28881,Nyctalus leisleri,0.01,0.027,-1,Echolocation,/mnt/ubna_data_02_mir/recover-20221013/UBNA_001/20221012_030000.WAV,Telephone Field,recover-20221013,001,1795
1306.0075,1306.052,68437,82606,Rhinolophus ferrumequinum,0.025,0.025,-1,Echolocation,/mnt/ubna_data_02_mir/recover-20221013/UBNA_001/20221012_030000.WAV,Telephone Field,recover-20221013,001,1795
1306.0285,1306.0685,68437,82895,Rhinolophus ferrumequinum,0.024,0.024,-1,Echolocation,/mnt/ubna_data_02_mir/recover-20221013/UBNA_001/20221012_030000.WAV,Telephone Field,recover-20221013,001,1795
1306.0485,1306.0847,68437,81210,Rhinolophus ferrumequinum,0.022,0.023,-1,Echolocation,/mnt/ubna_data_02_mir/recover-20221013/UBNA_001/20221012_030000.WAV,Telephone Field,recover-20221013,001,1795
1306.0655,1306.1019000000001,68437,82014,Rhinolophus ferrumequinum,0.024,0.024,-1,Echolocation,/mnt/ubna_data_02_mir/recover-20221013/UBNA_001/20221012_030000.WAV,Telephone Field,recover-20221013,001,1795
1306.0765,1306.0864,31484,40426,Eptesicus serotinus,0.007,0.021,-1,Echolocation,/mnt/ubna_data_02_mir/recover-20221013/UBNA_001/20221012_030000.WAV,Telephone Field,recover-20221013,001,1795
1306.0825,1306.0934,28906,36399,Eptesicus serotinus,0.011,0.023,-1,Echolocation,/mnt/ubna_data_02_mir/recover-20221013/UBNA_001/20221012_030000.WAV,Telephone Field,recover-20221013,001,1795
1306.1325,1306.1431,22890,28902,Nyctalus leisleri,0.009,0.022,-1,Echolocation,/mnt/ubna_data_02_mir/recover-20221013/UBNA_001/20221012_030000.WAV,Telephone Field,recover-20221013,001,1795
1306.1615,1306.2028,68437,82538,Rhinolophus ferrumequinum,0.028,0.028,-1,Echolocation,/mnt/ubna_data_02_mir/recover-20221013/UBNA_001/20221012_030000.WAV,Telephone Field,recover-20221013,001,1795
1306.1665,1306.1752,24609,32760,Plecotus austriacus,0.007,0.025,-1,Echolocation,/mnt/ubna_data_02_mir/recover-20221013/UBNA_001/20221012_030000.WAV,Telephone Field,recover-20221013,001,1795
1306.1825,1306.222,68437,82703,Rhinolophus ferrumequinum,0.023,0.023,-1,Echolocation,/mnt/ubna_data_02_mir/recover-20221013/UBNA_001/20221012_030000.WAV,Telephone Field,recover-20221013,001,1795
1306.2365,1306.2733,68437,82544,Rhinolophus ferrumequinum,0.022,0.022,-1,Echolocation,/mnt/ubna_data_02_mir/recover-20221013/UBNA_001/20221012_030000.WAV,Telephone Field,recover-20221013,001,1795
1306.2615,1306.3015,68437,82538,Rhinolophus ferrumequinum,0.026,0.026,-1,Echolocation,/mnt/ubna_data_02_mir/recover-20221013/UBNA_001/20221012_030000.WAV,Telephone Field,recover-20221013,001,1795
1306.2735,1306.2808,23750,33815,Plecotus austriacus,0.009,0.022,-1,Echolocation,/mnt/ubna_data_02_mir/recover-20221013/UBNA_001/20221012_030000.WAV,Telephone Field,recover-20221013,001,1795
1306.2915,1306.3328,68437,83038,Rhinolophus ferrumequinum,0.025,0.025,-1,Echolocation,/mnt/ubna_data_02_mir/recover-20221013/UBNA_001/20221012_030000.WAV,Telephone Field,recover-20221013,001,1795
1306.2915,1306.3027,22890,28274,Nyctalus leisleri,0.012,0.026,-1,Echolocation,/mnt/ubna_data_02_mir/recover-20221013/UBNA_001/20221012_030000.WAV,Telephone Field,recover-20221013,001,1795
1306.3435,1306.3828,68437,82119,Rhinolophus ferrumequinum,0.035,0.035,-1,Echolocation,/mnt/ubna_data_02_mir/recover-20221013/UBNA_001/20221012_030000.WAV,Telephone Field,recover-20221013,001,1795
1306.3695,1306.4103,68437,82564,Rhinolophus ferrumequinum,0.021,0.021,-1,Echolocation,/mnt/ubna_data_02_mir/recover-20221013/UBNA_001/20221012_030000.WAV,Telephone Field,recover-20221013,001,1795
1306.3975,1306.4391,68437,83185,Rhinolophus ferrumequinum,0.022,0.022,-1,Echolocation,/mnt/ubna_data_02_mir/recover-20221013/UBNA_001/20221012_030000.WAV,Telephone Field,recover-20221013,001,1795
1306.4255,1306.4663,68437,82665,Rhinolophus ferrumequinum,0.023,0.023,-1,Echolocation,/mnt/ubna_data_02_mir/recover-20221013/UBNA_001/20221012_030000.WAV,Telephone Field,recover-20221013,001,1795
1306.4255,1306.4321,27187,39327,Eptesicus serotinus,0.006,0.022,-1,Echolocation,/mnt/ubna_data_02_mir/recover-20221013/UBNA_001/20221012_030000.WAV,Telephone Field,recover-20221013,001,1795
1306.4675,1306.5081,68437,83065,Rhinolophus ferrumequinum,0.032,0.032,-1,Echolocation,/mnt/ubna_data_02_mir/recover-20221013/UBNA_001/20221012_030000.WAV,Telephone Field,recover-20221013,001,1795
1306.5045,1306.5476,68437,83050,Rhinolophus ferrumequinum,0.031,0.031,-1,Echolocation,/mnt/ubna_data_02_mir/recover-20221013/UBNA_001/20221012_030000.WAV,Telephone Field,recover-20221013,001,1795
1306.5075,1306.5147,23750,33044,Plecotus austriacus,0.01,0.024,-1,Echolocation,/mnt/ubna_data_02_mir/recover-20221013/UBNA_001/20221012_030000.WAV,Telephone Field,recover-20221013,001,1795
1306.5155,1306.5545,68437,82540,Rhinolophus ferrumequinum,0.031,0.031,-1,Echolocation,/mnt/ubna_data_02_mir/recover-20221013/UBNA_001/20221012_030000.WAV,Telephone Field,recover-20221013,001,1795
1306.5235,1306.5308,26328,36024,Eptesicus serotinus,0.007,0.022,-1,Echolocation,/mnt/ubna_data_02_mir/recover-20221013/UBNA_001/20221012_030000.WAV,Telephone Field,recover-20221013,001,1795
1306.5865,1306.6253,68437,81737,Rhinolophus ferrumequinum,0.025,0.025,-1,Echolocation,/mnt/ubna_data_02_mir/recover-20221013/UBNA_001/20221012_030000.WAV,Telephone Field,recover-20221013,001,1795
1306.6315,1306.6749,68437,83480,Rhinolophus ferrumequinum,0.03,0.03,-1,Echolocation,/mnt/ubna_data_02_mir/recover-20221013/UBNA_001/20221012_030000.WAV,Telephone Field,recover-20221013,001,1795
1306.6375,1306.6465,28906,40187,Eptesicus serotinus,0.011,0.027,-1,Echolocation,/mnt/ubna_data_02_mir/recover-20221013/UBNA_001/20221012_030000.WAV,Telephone Field,recover-20221013,001,1795
1306.6375,1306.6448,51250,58121,Pipistrellus pipistrellus,0.019,0.023,-1,Echolocation,/mnt/ubna_data_02_mir/recover-20221013/UBNA_001/20221012_030000.WAV,Telephone Field,recover-20221013,001,1795
1306.6705,1306.6778,26328,40770,Eptesicus serotinus,0.005,0.022,-1,Echolocation,/mnt/ubna_data_02_mir/recover-20221013/UBNA_001/20221012_030000.WAV,Telephone Field,recover-20221013,001,1795
1306.7155,1306.755,68437,82650,Rhinolophus ferrumequinum,0.035,0.035,-1,Echolocation,/mnt/ubna_data_02_mir/recover-20221013/UBNA_001/20221012_030000.WAV,Telephone Field,recover-20221013,001,1795
1306.7455,1306.7846,68437,82618,Rhinolophus ferrumequinum,0.027,0.027,-1,Echolocation,/mnt/ubna_data_02_mir/recover-20221013/UBNA_001/20221012_030000.WAV,Telephone Field,recover-20221013,001,1795
1306.7545,1306.7615,25468,39802,Myotis nattereri,0.005,0.023,-1,Echolocation,/mnt/ubna_data_02_mir/recover-20221013/UBNA_001/20221012_030000.WAV,Telephone Field,recover-20221013,001,1795
1306.7715,1306.8068,68437,81124,Rhinolophus ferrumequinum,0.021,0.022,-1,Echolocation,/mnt/ubna_data_02_mir/recover-20221013/UBNA_001/20221012_030000.WAV,Telephone Field,recover-20221013,001,1795
1306.7795,1306.81,68437,80013,Rhinolophus ferrumequinum,0.021,0.021,-1,Echolocation,/mnt/ubna_data_02_mir/recover-20221013/UBNA_001/20221012_030000.WAV,Telephone Field,recover-20221013,001,1795
1306.8395,1306.8775,68437,82144,Rhinolophus ferrumequinum,0.033,0.033,-1,Echolocation,/mnt/ubna_data_02_mir/recover-20221013/UBNA_001/20221012_030000.WAV,Telephone Field,recover-20221013,001,1795
1306.8545,1306.8613,47812,56315,Pipistrellus pipistrellus,0.019,0.023,-1,Echolocation,/mnt/ubna_data_02_mir/recover-20221013/UBNA_001/20221012_030000.WAV,Telephone Field,recover-20221013,001,1795
1306.8575,1306.8938,68437,81939,Rhinolophus ferrumequinum,0.021,0.021,-1,Echolocation,/mnt/ubna_data_02_mir/recover-20221013/UBNA_001/20221012_030000.WAV,Telephone Field,recover-20221013,001,1795
1306.8795,1306.916,68437,81011,Rhinolophus ferrumequinum,0.022,0.022,-1,Echolocation,/mnt/ubna_data_02_mir/recover-20221013/UBNA_001/20221012_030000.WAV,Telephone Field,recover-20221013,001,1795
1306.9245,1306.9599,68437,81956,Rhinolophus ferrumequinum,0.022,0.022,-1,Echolocation,/mnt/ubna_data_02_mir/recover-20221013/UBNA_001/20221012_030000.WAV,Telephone Field,recover-20221013,001,1795
1306.9355,1306.9429,28046,40666,Eptesicus serotinus,0.007,0.025,-1,Echolocation,/mnt/ubna_data_02_mir/recover-20221013/UBNA_001/20221012_030000.WAV,Telephone Field,recover-20221013,001,1795
1306.9815,1307.0184,68437,81999,Rhinolophus ferrumequinum,0.021,0.021,-1,Echolocation,/mnt/ubna_data_02_mir/recover-20221013/UBNA_001/20221012_030000.WAV,Telephone Field,recover-20221013,001,1795
1307.0115,1307.0487,68437,81693,Rhinolophus ferrumequinum,0.026,0.026,-1,Echolocation,/mnt/ubna_data_02_mir/recover-20221013/UBNA_001/20221012_030000.WAV,Telephone Field,recover-20221013,001,1795
1307.0235,1307.0346,22890,28038,Nyctalus leisleri,0.012,0.024,-1,Echolocation,/mnt/ubna_data_02_mir/recover-20221013/UBNA_001/20221012_030000.WAV,Telephone Field,recover-20221013,001,1795
1307.0415,1307.05,28046,40164,Eptesicus serotinus,0.007,0.021,-1,Echolocation,/mnt/ubna_data_02_mir/recover-20221013/UBNA_001/20221012_030000.WAV,Telephone Field,recover-20221013,001,1795
1307.0615,1307.1018,68437,81873,Rhinolophus ferrumequinum,0.021,0.021,-1,Echolocation,/mnt/ubna_data_02_mir/recover-20221013/UBNA_001/20221012_030000.WAV,Telephone Field,recover-20221013,001,1795
1307.0695,1307.0779,27187,39089,Eptesicus serotinus,0.007,0.022,-1,Echolocation,/mnt/ubna_data_02_mir/recover-20221013/UBNA_001/20221012_030000.WAV,Telephone Field,recover-20221013,001,1795
1307.1155,1307.1538,68437,81617,Rhinolophus ferrumequinum,0.023,0.023,-1,Echolocation,/mnt/ubna_data_02_mir/recover-20221013/UBNA_001/20221012_030000.WAV,Telephone Field,recover-20221013,001,1795
1307.1495,1307.1576,29765,40528,Eptesicus serotinus,0.008,0.022,-1,Echolocation,/mnt/ubna_data_02_mir/recover-20221013/UBNA_001/20221012_030000.WAV,Telephone Field,recover-20221013,001,1795
1307.1785,1307.1845,28046,43713,Plecotus auritus,0.006,0.034,-1,Echolocation,/mnt/ubna_data_02_mir/recover-20221013/UBNA_001/20221012_030000.WAV,Telephone Field,recover-20221013,001,1795
1307.1965,1307.2077,23750,30102,Nyctalus leisleri,0.01,0.027,-1,Echolocation,/mnt/ubna_data_02_mir/recover-20221013/UBNA_001/20221012_030000.WAV,Telephone Field,recover-20221013,001,1795
1307.2045,1307.2147,51250,60688,Pipistrellus pipistrellus,0.018,0.025,-1,Echolocation,/mnt/ubna_data_02_mir/recover-20221013/UBNA_001/20221012_030000.WAV,Telephone Field,recover-20221013,001,1795
1307.2265,1307.2321,27187,41760,Plecotus auritus,0.009,0.028,-1,Echolocation,/mnt/ubna_data_02_mir/recover-20221013/UBNA_001/20221012_030000.WAV,Telephone Field,recover-20221013,001,1795
1307.2605,1307.2698,28906,37413,Eptesicus serotinus,0.01,0.024,-1,Echolocation,/mnt/ubna_data_02_mir/recover-20221013/UBNA_001/20221012_030000.WAV,Telephone Field,recover-20221013,001,1795
1307.2885,1307.3283,68437,82710,Rhinolophus ferrumequinum,0.023,0.023,-1,Echolocation,/mnt/ubna_data_02_mir/recover-20221013/UBNA_001/20221012_030000.WAV,Telephone Field,recover-20221013,001,1795
1307.3045,1307.3421,68437,82907,Rhinolophus ferrumequinum,0.021,0.022,-1,Echolocation,/mnt/ubna_data_02_mir/recover-20221013/UBNA_001/20221012_030000.WAV,Telephone Field,recover-20221013,001,1795
1307.3265,1307.3645,68437,82155,Rhinolophus ferrumequinum,0.021,0.021,-1,Echolocation,/mnt/ubna_data_02_mir/recover-20221013/UBNA_001/20221012_030000.WAV,Telephone Field,recover-20221013,001,1795
1307.3865,1307.3945,28046,38167,Eptesicus serotinus,0.007,0.022,-1,Echolocation,/mnt/ubna_data_02_mir/recover-20221013/UBNA_001/20221012_030000.WAV,Telephone Field,recover-20221013,001,1795
1307.4055,1307.444,68437,82288,Rhinolophus ferrumequinum,0.023,0.023,-1,Echolocation,/mnt/ubna_data_02_mir/recover-20221013/UBNA_001/20221012_030000.WAV,Telephone Field,recover-20221013,001,1795
1307.4325,1307.4397,25468,36859,Plecotus austriacus,0.007,0.028,-1,Echolocation,/mnt/ubna_data_02_mir/recover-20221013/UBNA_001/20221012_030000.WAV,Telephone Field,recover-20221013,001,1795
1307.4395,1307.4787,68437,82431,Rhinolophus ferrumequinum,0.022,0.022,-1,Echolocation,/mnt/ubna_data_02_mir/recover-20221013/UBNA_001/20221012_030000.WAV,Telephone Field,recover-20221013,001,1795
1307.4745,1307.511,68437,82061,Rhinolophus ferrumequinum,0.023,0.023,-1,Echolocation,/mnt/ubna_data_02_mir/recover-20221013/UBNA_001/20221012_030000.WAV,Telephone Field,recover-20221013,001,1795
1307.5705,1307.5806,28046,36592,Eptesicus serotinus,0.01,0.023,-1,Echolocation,/mnt/ubna_data_02_mir/recover-20221013/UBNA_001/20221012_030000.WAV,Telephone Field,recover-20221013,001,1795
1307.5895,1307.6257,68437,82164,Rhinolophus ferrumequinum,0.039,0.04,-1,Echolocation,/mnt/ubna_data_02_mir/recover-20221013/UBNA_001/20221012_030000.WAV,Telephone Field,recover-20221013,001,1795
1307.6245,1307.663,68437,81773,Rhinolophus ferrumequinum,0.022,0.022,-1,Echolocation,/mnt/ubna_data_02_mir/recover-20221013/UBNA_001/20221012_030000.WAV,Telephone Field,recover-20221013,001,1795
1307.6555,1307.6965,68437,82386,Rhinolophus ferrumequinum,0.023,0.023,-1,Echolocation,/mnt/ubna_data_02_mir/recover-20221013/UBNA_001/20221012_030000.WAV,Telephone Field,recover-20221013,001,1795
1307.6625,1307.7008,68437,82115,Rhinolophus ferrumequinum,0.022,0.022,-1,Echolocation,/mnt/ubna_data_02_mir/recover-20221013/UBNA_001/20221012_030000.WAV,Telephone Field,recover-20221013,001,1795
1307.6775,1307.685,27187,41126,Eptesicus serotinus,0.007,0.024,-1,Echolocation,/mnt/ubna_data_02_mir/recover-20221013/UBNA_001/20221012_030000.WAV,Telephone Field,recover-20221013,001,1795
1307.7075,1307.7499,68437,82831,Rhinolophus ferrumequinum,0.037,0.037,-1,Echolocation,/mnt/ubna_data_02_mir/recover-20221013/UBNA_001/20221012_030000.WAV,Telephone Field,recover-20221013,001,1795
1307.7595,1307.7685,28046,39585,Eptesicus serotinus,0.009,0.024,-1,Echolocation,/mnt/ubna_data_02_mir/recover-20221013/UBNA_001/20221012_030000.WAV,Telephone Field,recover-20221013,001,1795
1307.7645,1307.8038,68437,82567,Rhinolophus ferrumequinum,0.022,0.022,-1,Echolocation,/mnt/ubna_data_02_mir/recover-20221013/UBNA_001/20221012_030000.WAV,Telephone Field,recover-20221013,001,1795
1307.7815,1307.8201,68437,82032,Rhinolophus ferrumequinum,0.023,0.023,-1,Echolocation,/mnt/ubna_data_02_mir/recover-20221013/UBNA_001/20221012_030000.WAV,Telephone Field,recover-20221013,001,1795
1307.8125,1307.8525,68437,82150,Rhinolophus ferrumequinum,0.024,0.024,-1,Echolocation,/mnt/ubna_data_02_mir/recover-20221013/UBNA_001/20221012_030000.WAV,Telephone Field,recover-20221013,001,1795
1307.8365,1307.8757,68437,82692,Rhinolophus ferrumequinum,0.025,0.025,-1,Echolocation,/mnt/ubna_data_02_mir/recover-20221013/UBNA_001/20221012_030000.WAV,Telephone Field,recover-20221013,001,1795
1307.8585,1307.8974,68437,82429,Rhinolophus ferrumequinum,0.022,0.022,-1,Echolocation,/mnt/ubna_data_02_mir/recover-20221013/UBNA_001/20221012_030000.WAV,Telephone Field,recover-20221013,001,1795
1307.8645,1307.9034,68437,82137,Rhinolophus ferrumequinum,0.023,0.023,-1,Echolocation,/mnt/ubna_data_02_mir/recover-20221013/UBNA_001/20221012_030000.WAV,Telephone Field,recover-20221013,001,1795
1307.8875,1307.8965,27187,36201,Eptesicus serotinus,0.012,0.029,-1,Echolocation,/mnt/ubna_data_02_mir/recover-20221013/UBNA_001/20221012_030000.WAV,Telephone Field,recover-20221013,001,1795
1307.9125,1307.9229,23750,30347,Nyctalus leisleri,0.008,0.022,-1,Echolocation,/mnt/ubna_data_02_mir/recover-20221013/UBNA_001/20221012_030000.WAV,Telephone Field,recover-20221013,001,1795
1307.9375,1307.9479,28046,38640,Eptesicus serotinus,0.011,0.024,-1,Echolocation,/mnt/ubna_data_02_mir/recover-20221013/UBNA_001/20221012_030000.WAV,Telephone Field,recover-20221013,001,1795
1307.9405,1307.9828,68437,82362,Rhinolophus ferrumequinum,0.026,0.026,-1,Echolocation,/mnt/ubna_data_02_mir/recover-20221013/UBNA_001/20221012_030000.WAV,Telephone Field,recover-20221013,001,1795
1307.9835,1307.9905,23750,33379,Plecotus austriacus,0.014,0.03,-1,Echolocation,/mnt/ubna_data_02_mir/recover-20221013/UBNA_001/20221012_030000.WAV,Telephone Field,recover-20221013,001,1795
1308.0015,1308.0086000000001,25468,39338,Myotis nattereri,0.006,0.028,-1,Echolocation,/mnt/ubna_data_02_mir/recover-20221013/UBNA_001/20221012_030000.WAV,Telephone Field,recover-20221013,001,1795
1308.0015,1308.0321,69296,81189,Rhinolophus ferrumequinum,0.024,0.024,-1,Echolocation,/mnt/ubna_data_02_mir/recover-20221013/UBNA_001/20221012_030000.WAV,Telephone Field,recover-20221013,001,1795
1308.0015,1308.0084,35781,42081,Barbastellus barbastellus,0.009,0.025,-1,Echolocation,/mnt/ubna_data_02_mir/recover-20221013/UBNA_001/20221012_030000.WAV,Telephone Field,recover-20221013,001,1795
1308.0075,1308.045,68437,81195,Rhinolophus ferrumequinum,0.024,0.024,-1,Echolocation,/mnt/ubna_data_02_mir/recover-20221013/UBNA_001/20221012_030000.WAV,Telephone Field,recover-20221013,001,1795
1308.0165,1308.0238,24609,34023,Plecotus austriacus,0.014,0.035,-1,Echolocation,/mnt/ubna_data_02_mir/recover-20221013/UBNA_001/20221012_030000.WAV,Telephone Field,recover-20221013,001,1795
1308.0275,1308.0669,68437,82127,Rhinolophus ferrumequinum,0.022,0.022,-1,Echolocation,/mnt/ubna_data_02_mir/recover-20221013/UBNA_001/20221012_030000.WAV,Telephone Field,recover-20221013,001,1795
1308.0465,1308.0864,68437,81803,Rhinolophus ferrumequinum,0.023,0.023,-1,Echolocation,/mnt/ubna_data_02_mir/recover-20221013/UBNA_001/20221012_030000.WAV,Telephone Field,recover-20221013,001,1795
1308.0505,1308.0583,28046,40523,Eptesicus serotinus,0.007,0.023,-1,Echolocation,/mnt/ubna_data_02_mir/recover-20221013/UBNA_001/20221012_030000.WAV,Telephone Field,recover-20221013,001,1795
1308.0595,1308.0983,68437,82708,Rhinolophus ferrumequinum,0.024,0.024,-1,Echolocation,/mnt/ubna_data_02_mir/recover-20221013/UBNA_001/20221012_030000.WAV,Telephone Field,recover-20221013,001,1795
1308.1015,1308.1466,68437,83329,Rhinolophus ferrumequinum,0.031,0.031,-1,Echolocation,/mnt/ubna_data_02_mir/recover-20221013/UBNA_001/20221012_030000.WAV,Telephone Field,recover-20221013,001,1795
1308.1085,1308.1161,23750,33192,Plecotus austriacus,0.012,0.026,-1,Echolocation,/mnt/ubna_data_02_mir/recover-20221013/UBNA_001/20221012_030000.WAV,Telephone Field,recover-20221013,001,1795
1308.1325,1308.1702,68437,81322,Rhinolophus ferrumequinum,0.025,0.025,-1,Echolocation,/mnt/ubna_data_02_mir/recover-20221013/UBNA_001/20221012_030000.WAV,Telephone Field,recover-20221013,001,1795
1308.1905,1308.2256,68437,81643,Rhinolophus ferrumequinum,0.023,0.023,-1,Echolocation,/mnt/ubna_data_02_mir/recover-20221013/UBNA_001/20221012_030000.WAV,Telephone Field,recover-20221013,001,1795
1308.2065,1308.2166,13437,17352,Nyctalus noctula,0.006,0.022,-1,Echolocation,/mnt/ubna_data_02_mir/recover-20221013/UBNA_001/20221012_030000.WAV,Telephone Field,recover-20221013,001,1795
1308.2455,1308.2543,22890,30492,Plecotus austriacus,0.01,0.025,-1,Echolocation,/mnt/ubna_data_02_mir/recover-20221013/UBNA_001/20221012_030000.WAV,Telephone Field,recover-20221013,001,1795
1308.2465,1308.2838,68437,82293,Rhinolophus ferrumequinum,0.023,0.023,-1,Echolocation,/mnt/ubna_data_02_mir/recover-20221013/UBNA_001/20221012_030000.WAV,Telephone Field,recover-20221013,001,1795
1308.2555,1308.293,68437,81877,Rhinolophus ferrumequinum,0.023,0.023,-1,Echolocation,/mnt/ubna_data_02_mir/recover-20221013/UBNA_001/20221012_030000.WAV,Telephone Field,recover-20221013,001,1795
1308.2665,1308.2748,51250,56565,Pipistrellus pipistrellus,0.046,0.054,-1,Echolocation,/mnt/ubna_data_02_mir/recover-20221013/UBNA_001/20221012_030000.WAV,Telephone Field,recover-20221013,001,1795
1308.2805,1308.3148,68437,81529,Rhinolophus ferrumequinum,0.025,0.025,-1,Echolocation,/mnt/ubna_data_02_mir/recover-20221013/UBNA_001/20221012_030000.WAV,Telephone Field,recover-20221013,001,1795
1308.2915,1308.3313,68437,82518,Rhinolophus ferrumequinum,0.028,0.028,-1,Echolocation,/mnt/ubna_data_02_mir/recover-20221013/UBNA_001/20221012_030000.WAV,Telephone Field,recover-20221013,001,1795
1308.3685,1308.4064,68437,81270,Rhinolophus ferrumequinum,0.028,0.028,-1,Echolocation,/mnt/ubna_data_02_mir/recover-20221013/UBNA_001/20221012_030000.WAV,Telephone Field,recover-20221013,001,1795
1308.3715,1308.3793,26328,36804,Eptesicus serotinus,0.012,0.048,-1,Echolocation,/mnt/ubna_data_02_mir/recover-20221013/UBNA_001/20221012_030000.WAV,Telephone Field,recover-20221013,001,1795
1308.3755,1308.4171,68437,83011,Rhinolophus ferrumequinum,0.024,0.024,-1,Echolocation,/mnt/ubna_data_02_mir/recover-20221013/UBNA_001/20221012_030000.WAV,Telephone Field,recover-20221013,001,1795
1308.3975,1308.4073,44375,52622,Pipistrellus pipistrellus,0.017,0.023,-1,Echolocation,/mnt/ubna_data_02_mir/recover-20221013/UBNA_001/20221012_030000.WAV,Telephone Field,recover-20221013,001,1795
1308.4145,1308.4561,68437,81920,Rhinolophus ferrumequinum,0.029,0.029,-1,Echolocation,/mnt/ubna_data_02_mir/recover-20221013/UBNA_001/20221012_030000.WAV,Telephone Field,recover-20221013,001,1795
1308.4195,1308.4634,68437,83262,Rhinolophus ferrumequinum,0.029,0.029,-1,Echolocation,/mnt/ubna_data_02_mir/recover-20221013/UBNA_001/20221012_030000.WAV,Telephone Field,recover-20221013,001,1795
1308.4215,1308.4266,36640,52806,Myotis daubentonii,0.01,0.032,-1,Echolocation,/mnt/ubna_data_02_mir/recover-20221013/UBNA_001/20221012_030000.WAV,Telephone Field,recover-20221013,001,1795
1308.4235,1308.4319,23750,32274,Plecotus austriacus,0.01,0.028,-1,Echolocation,/mnt/ubna_data_02_mir/recover-20221013/UBNA_001/20221012_030000.WAV,Telephone Field,recover-20221013,001,1795
1308.4735,1308.5152,68437,82439,Rhinolophus ferrumequinum,0.039,0.039,-1,Echolocation,/mnt/ubna_data_02_mir/recover-20221013/UBNA_001/20221012_030000.WAV,Telephone Field,recover-20221013,001,1795
1308.4855,1308.4962,23750,29396,Nyctalus leisleri,0.011,0.024,-1,Echolocation,/mnt/ubna_data_02_mir/recover-20221013/UBNA_001/20221012_030000.WAV,Telephone Field,recover-20221013,001,1795
1308.5285,1308.5418,37500,42135,Pipistrellus nathusii,0.019,0.029,-1,Echolocation,/mnt/ubna_data_02_mir/recover-20221013/UBNA_001/20221012_030000.WAV,Telephone Field,recover-20221013,001,1795
1308.5305,1308.57,68437,82221,Rhinolophus ferrumequinum,0.023,0.023,-1,Echolocation,/mnt/ubna_data_02_mir/recover-20221013/UBNA_001/20221012_030000.WAV,Telephone Field,recover-20221013,001,1795
1308.5365,1308.5435,28906,39980,Eptesicus serotinus,0.007,0.026,-1,Echolocation,/mnt/ubna_data_02_mir/recover-20221013/UBNA_001/20221012_030000.WAV,Telephone Field,recover-20221013,001,1795
1308.5815,1308.5921,43515,50403,Pipistrellus pipistrellus,0.031,0.041,-1,Echolocation,/mnt/ubna_data_02_mir/recover-20221013/UBNA_001/20221012_030000.WAV,Telephone Field,recover-20221013,001,1795
1308.5845,1308.5971,22031,26429,Nyctalus leisleri,0.014,0.025,-1,Echolocation,/mnt/ubna_data_02_mir/recover-20221013/UBNA_001/20221012_030000.WAV,Telephone Field,recover-20221013,001,1795
1308.5855,1308.6274,68437,82271,Rhinolophus ferrumequinum,0.029,0.029,-1,Echolocation,/mnt/ubna_data_02_mir/recover-20221013/UBNA_001/20221012_030000.WAV,Telephone Field,recover-20221013,001,1795
1308.6115,1308.6532,68437,82343,Rhinolophus ferrumequinum,0.022,0.023,-1,Echolocation,/mnt/ubna_data_02_mir/recover-20221013/UBNA_001/20221012_030000.WAV,Telephone Field,recover-20221013,001,1795
1308.6275,1308.6628,68437,81397,Rhinolophus ferrumequinum,0.035,0.035,-1,Echolocation,/mnt/ubna_data_02_mir/recover-20221013/UBNA_001/20221012_030000.WAV,Telephone Field,recover-20221013,001,1795
1308.6435,1308.6537,28906,38392,Eptesicus serotinus,0.018,0.038,-1,Echolocation,/mnt/ubna_data_02_mir/recover-20221013/UBNA_001/20221012_030000.WAV,Telephone Field,recover-20221013,001,1795
1308.6595,1308.7001,68437,81865,Rhinolophus ferrumequinum,0.03,0.03,-1,Echolocation,/mnt/ubna_data_02_mir/recover-20221013/UBNA_001/20221012_030000.WAV,Telephone Field,recover-20221013,001,1795
1308.7065,1308.7448,68437,82378,Rhinolophus ferrumequinum,0.035,0.035,-1,Echolocation,/mnt/ubna_data_02_mir/recover-20221013/UBNA_001/20221012_030000.WAV,Telephone Field,recover-20221013,001,1795
1308.7145,1308.756,68437,82984,Rhinolophus ferrumequinum,0.023,0.023,-1,Echolocation,/mnt/ubna_data_02_mir/recover-20221013/UBNA_001/20221012_030000.WAV,Telephone Field,recover-20221013,001,1795
1308.7185,1308.7281,28046,39275,Eptesicus serotinus,0.011,0.026,-1,Echolocation,/mnt/ubna_data_02_mir/recover-20221013/UBNA_001/20221012_030000.WAV,Telephone Field,recover-20221013,001,1795
1308.7645,1308.8056,68437,82256,Rhinolophus ferrumequinum,0.029,0.029,-1,Echolocation,/mnt/ubna_data_02_mir/recover-20221013/UBNA_001/20221012_030000.WAV,Telephone Field,recover-20221013,001,1795
1308.7725,1308.8116,68437,82994,Rhinolophus ferrumequinum,0.024,0.024,-1,Echolocation,/mnt/ubna_data_02_mir/recover-20221013/UBNA_001/20221012_030000.WAV,Telephone Field,recover-20221013,001,1795
1308.8465,1308.889,68437,82339,Rhinolophus ferrumequinum,0.026,0.026,-1,Echolocation,/mnt/ubna_data_02_mir/recover-20221013/UBNA_001/20221012_030000.WAV,Telephone Field,recover-20221013,001,1795
1308.9035,1308.9461000000001,68437,82496,Rhinolophus ferrumequinum,0.028,0.028,-1,Echolocation,/mnt/ubna_data_02_mir/recover-20221013/UBNA_001/20221012_030000.WAV,Telephone Field,recover-20221013,001,1795
1308.9145,1308.9515,68437,81646,Rhinolophus ferrumequinum,0.024,0.024,-1,Echolocation,/mnt/ubna_data_02_mir/recover-20221013/UBNA_001/20221012_030000.WAV,Telephone Field,recover-20221013,001,1795
1308.9565,1308.9985,68437,82475,Rhinolophus ferrumequinum,0.027,0.027,-1,Echolocation,/mnt/ubna_data_02_mir/recover-20221013/UBNA_001/20221012_030000.WAV,Telephone Field,recover-20221013,001,1795
1308.9795,1308.9853,23750,37608,Plecotus austriacus,0.015,0.031,-1,Echolocation,/mnt/ubna_data_02_mir/recover-20221013/UBNA_001/20221012_030000.WAV,Telephone Field,recover-20221013,001,1795
1308.9825,1309.0239,68437,82563,Rhinolophus ferrumequinum,0.029,0.029,-1,Echolocation,/mnt/ubna_data_02_mir/recover-20221013/UBNA_001/20221012_030000.WAV,Telephone Field,recover-20221013,001,1795
1309.0045,1309.0482,68437,82795,Rhinolophus ferrumequinum,0.037,0.037,-1,Echolocation,/mnt/ubna_data_02_mir/recover-20221013/UBNA_001/20221012_030000.WAV,Telephone Field,recover-20221013,001,1795
1309.0155,1309.056,68437,83538,Rhinolophus ferrumequinum,0.042,0.042,-1,Echolocation,/mnt/ubna_data_02_mir/recover-20221013/UBNA_001/20221012_030000.WAV,Telephone Field,recover-20221013,001,1795
1309.0325,1309.0723,68437,82254,Rhinolophus ferrumequinum,0.022,0.022,-1,Echolocation,/mnt/ubna_data_02_mir/recover-20221013/UBNA_001/20221012_030000.WAV,Telephone Field,recover-20221013,001,1795
1309.0385,1309.0474,28046,41163,Eptesicus serotinus,0.008,0.022,-1,Echolocation,/mnt/ubna_data_02_mir/recover-20221013/UBNA_001/20221012_030000.WAV,Telephone Field,recover-20221013,001,1795
1309.0615,1309.0724,22031,26876,Nyctalus leisleri,0.013,0.027,-1,Echolocation,/mnt/ubna_data_02_mir/recover-20221013/UBNA_001/20221012_030000.WAV,Telephone Field,recover-20221013,001,1795
1309.0635,1309.1031,68437,82059,Rhinolophus ferrumequinum,0.023,0.023,-1,Echolocation,/mnt/ubna_data_02_mir/recover-20221013/UBNA_001/20221012_030000.WAV,Telephone Field,recover-20221013,001,1795
1309.0885,1309.1248,68437,81437,Rhinolophus ferrumequinum,0.023,0.023,-1,Echolocation,/mnt/ubna_data_02_mir/recover-20221013/UBNA_001/20221012_030000.WAV,Telephone Field,recover-20221013,001,1795
1309.1465,1309.154,25468,37227,Plecotus austriacus,0.007,0.026,-1,Echolocation,/mnt/ubna_data_02_mir/recover-20221013/UBNA_001/20221012_030000.WAV,Telephone Field,recover-20221013,001,1795
1309.1995,1309.2405,68437,82635,Rhinolophus ferrumequinum,0.024,0.024,-1,Echolocation,/mnt/ubna_data_02_mir/recover-20221013/UBNA_001/20221012_030000.WAV,Telephone Field,recover-20221013,001,1795
1309.2035,1309.2136,25468,33450,Eptesicus serotinus,0.01,0.023,-1,Echolocation,/mnt/ubna_data_02_mir/recover-20221013/UBNA_001/20221012_030000.WAV,Telephone Field,recover-20221013,001,1795
1309.2215,1309.2597,68437,82073,Rhinolophus ferrumequinum,0.037,0.037,-1,Echolocation,/mnt/ubna_data_02_mir/recover-20221013/UBNA_001/20221012_030000.WAV,Telephone Field,recover-20221013,001,1795
1309.2345,1309.2708,68437,81879,Rhinolophus ferrumequinum,0.023,0.023,-1,Echolocation,/mnt/ubna_data_02_mir/recover-20221013/UBNA_001/20221012_030000.WAV,Telephone Field,recover-20221013,001,1795
1309.2505,1309.286,68437,81826,Rhinolophus ferrumequinum,0.024,0.024,-1,Echolocation,/mnt/ubna_data_02_mir/recover-20221013/UBNA_001/20221012_030000.WAV,Telephone Field,recover-20221013,001,1795
1309.2795,1309.2939,22890,27689,Nyctalus leisleri,0.026,0.045,-1,Echolocation,/mnt/ubna_data_02_mir/recover-20221013/UBNA_001/20221012_030000.WAV,Telephone Field,recover-20221013,001,1795
1309.2805,1309.3175,68437,81837,Rhinolophus ferrumequinum,0.022,0.022,-1,Echolocation,/mnt/ubna_data_02_mir/recover-20221013/UBNA_001/20221012_030000.WAV,Telephone Field,recover-20221013,001,1795
1309.2895,1309.3259,68437,81457,Rhinolophus ferrumequinum,0.024,0.025,-1,Echolocation,/mnt/ubna_data_02_mir/recover-20221013/UBNA_001/20221012_030000.WAV,Telephone Field,recover-20221013,001,1795
1309.3425,1309.3823,68437,81992,Rhinolophus ferrumequinum,0.023,0.024,-1,Echolocation,/mnt/ubna_data_02_mir/recover-20221013/UBNA_001/20221012_030000.WAV,Telephone Field,recover-20221013,001,1795
1309.4075,1309.4494,68437,83196,Rhinolophus ferrumequinum,0.027,0.027,-1,Echolocation,/mnt/ubna_data_02_mir/recover-20221013/UBNA_001/20221012_030000.WAV,Telephone Field,recover-20221013,001,1795
1309.4175,1309.4605,68437,83214,Rhinolophus ferrumequinum,0.032,0.032,-1,Echolocation,/mnt/ubna_data_02_mir/recover-20221013/UBNA_001/20221012_030000.WAV,Telephone Field,recover-20221013,001,1795
1309.4705,1309.4795,27187,35503,Eptesicus serotinus,0.016,0.033,-1,Echolocation,/mnt/ubna_data_02_mir/recover-20221013/UBNA_001/20221012_030000.WAV,Telephone Field,recover-20221013,001,1795
1309.4875,1309.5299,68437,82745,Rhinolophus ferrumequinum,0.042,0.042,-1,Echolocation,/mnt/ubna_data_02_mir/recover-20221013/UBNA_001/20221012_030000.WAV,Telephone Field,recover-20221013,001,1795
1309.4875,1309.4963,42656,48461,Pipistrellus pipistrellus,0.023,0.026,-1,Echolocation,/mnt/ubna_data_02_mir/recover-20221013/UBNA_001/20221012_030000.WAV,Telephone Field,recover-20221013,001,1795
1309.5145,1309.5526,68437,81960,Rhinolophus ferrumequinum,0.029,0.029,-1,Echolocation,/mnt/ubna_data_02_mir/recover-20221013/UBNA_001/20221012_030000.WAV,Telephone Field,recover-20221013,001,1795
1309.5445,1309.5872,68437,82515,Rhinolophus ferrumequinum,0.024,0.024,-1,Echolocation,/mnt/ubna_data_02_mir/recover-20221013/UBNA_001/20221012_030000.WAV,Telephone Field,recover-20221013,001,1795
1309.5525,1309.5931,68437,82165,Rhinolophus ferrumequinum,0.033,0.033,-1,Echolocation,/mnt/ubna_data_02_mir/recover-20221013/UBNA_001/20221012_030000.WAV,Telephone Field,recover-20221013,001,1795
1309.5555,1309.5638,23750,31482,Plecotus austriacus,0.007,0.023,-1,Echolocation,/mnt/ubna_data_02_mir/recover-20221013/UBNA_001/20221012_030000.WAV,Telephone Field,recover-20221013,001,1795
1309.5715,1309.6097,68437,81552,Rhinolophus ferrumequinum,0.024,0.024,-1,Echolocation,/mnt/ubna_data_02_mir/recover-20221013/UBNA_001/20221012_030000.WAV,Telephone Field,recover-20221013,001,1795
1309.5895,1309.6273,68437,82081,Rhinolophus ferrumequinum,0.024,0.024,-1,Echolocation,/mnt/ubna_data_02_mir/recover-20221013/UBNA_001/20221012_030000.WAV,Telephone Field,recover-20221013,001,1795
1309.6205,1309.6561,68437,81622,Rhinolophus ferrumequinum,0.023,0.023,-1,Echolocation,/mnt/ubna_data_02_mir/recover-20221013/UBNA_001/20221012_030000.WAV,Telephone Field,recover-20221013,001,1795
1309.6255,1309.6415,20312,24644,Nyctalus leisleri,0.013,0.029,-1,Echolocation,/mnt/ubna_data_02_mir/recover-20221013/UBNA_001/20221012_030000.WAV,Telephone Field,recover-20221013,001,1795
1309.6255,1309.6319,24609,37267,Plecotus austriacus,0.011,0.029,-1,Echolocation,/mnt/ubna_data_02_mir/recover-20221013/UBNA_001/20221012_030000.WAV,Telephone Field,recover-20221013,001,1795
1309.6455,1309.6867,68437,82513,Rhinolophus ferrumequinum,0.024,0.024,-1,Echolocation,/mnt/ubna_data_02_mir/recover-20221013/UBNA_001/20221012_030000.WAV,Telephone Field,recover-20221013,001,1795
1309.6615,1309.6693,24609,33088,Plecotus auritus,0.014,0.051,-1,Echolocation,/mnt/ubna_data_02_mir/recover-20221013/UBNA_001/20221012_030000.WAV,Telephone Field,recover-20221013,001,1795
1309.6725,1309.6791,24609,37675,Plecotus austriacus,0.007,0.023,-1,Echolocation,/mnt/ubna_data_02_mir/recover-20221013/UBNA_001/20221012_030000.WAV,Telephone Field,recover-20221013,001,1795
1309.7005,1309.7111,43515,46785,Pipistrellus pipistrellus,0.065,0.07,-1,Echolocation,/mnt/ubna_data_02_mir/recover-20221013/UBNA_001/20221012_030000.WAV,Telephone Field,recover-20221013,001,1795
1309.7035,1309.7449,68437,82396,Rhinolophus ferrumequinum,0.027,0.027,-1,Echolocation,/mnt/ubna_data_02_mir/recover-20221013/UBNA_001/20221012_030000.WAV,Telephone Field,recover-20221013,001,1795
1309.7205,1309.728,27187,38146,Eptesicus serotinus,0.007,0.024,-1,Echolocation,/mnt/ubna_data_02_mir/recover-20221013/UBNA_001/20221012_030000.WAV,Telephone Field,recover-20221013,001,1795
1309.7565,1309.7985,68437,82318,Rhinolophus ferrumequinum,0.036,0.036,-1,Echolocation,/mnt/ubna_data_02_mir/recover-20221013/UBNA_001/20221012_030000.WAV,Telephone Field,recover-20221013,001,1795
1309.7945,1309.8318,68437,81871,Rhinolophus ferrumequinum,0.023,0.023,-1,Echolocation,/mnt/ubna_data_02_mir/recover-20221013/UBNA_001/20221012_030000.WAV,Telephone Field,recover-20221013,001,1795
1309.8115,1309.8223,28046,36291,Eptesicus serotinus,0.016,0.032,-1,Echolocation,/mnt/ubna_data_02_mir/recover-20221013/UBNA_001/20221012_030000.WAV,Telephone Field,recover-20221013,001,1795
1309.8275,1309.8654,68437,82571,Rhinolophus ferrumequinum,0.023,0.023,-1,Echolocation,/mnt/ubna_data_02_mir/recover-20221013/UBNA_001/20221012_030000.WAV,Telephone Field,recover-20221013,001,1795
1309.8405,1309.8787,68437,82568,Rhinolophus ferrumequinum,0.023,0.023,-1,Echolocation,/mnt/ubna_data_02_mir/recover-20221013/UBNA_001/20221012_030000.WAV,Telephone Field,recover-20221013,001,1795
1309.8745,1309.8854,22031,27089,Nyctalus leisleri,0.011,0.025,-1,Echolocation,/mnt/ubna_data_02_mir/recover-20221013/UBNA_001/20221012_030000.WAV,Telephone Field,recover-20221013,001,1795
1309.8945,1309.9011,46953,53764,Pipistrellus pipistrellus,0.027,0.028,-1,Echolocation,/mnt/ubna_data_02_mir/recover-20221013/UBNA_001/20221012_030000.WAV,Telephone Field,recover-20221013,001,1795
1309.9175,1309.9226,38359,60219,Myotis mystacinus,0.008,0.024,-1,Echolocation,/mnt/ubna_data_02_mir/recover-20221013/UBNA_001/20221012_030000.WAV,Telephone Field,recover-20221013,001,1795
1309.9475,1309.9843,68437,81183,Rhinolophus ferrumequinum,0.031,0.031,-1,Echolocation,/mnt/ubna_data_02_mir/recover-20221013/UBNA_001/20221012_030000.WAV,Telephone Field,recover-20221013,001,1795
1309.9765,1309.987,22890,29062,Nyctalus leisleri,0.011,0.027,-1,Echolocation,/mnt/ubna_data_02_mir/recover-20221013/UBNA_001/20221012_030000.WAV,Telephone Field,recover-20221013,001,1795
1310.0015,1310.036,68437,79926,Rhinolophus ferrumequinum,0.043,0.043,-1,Echolocation,/mnt/ubna_data_02_mir/recover-20221013/UBNA_001/20221012_030000.WAV,Telephone Field,recover-20221013,001,1795
1310.0015,1310.0114,22890,28372,Nyctalus leisleri,0.019,0.038,-1,Echolocation,/mnt/ubna_data_02_mir/recover-20221013/UBNA_001/20221012_030000.WAV,Telephone Field,recover-20221013,001,1795
1310.0285,1310.0362,28046,43928,Eptesicus serotinus,0.007,0.025,-1,Echolocation,/mnt/ubna_data_02_mir/recover-20221013/UBNA_001/20221012_030000.WAV,Telephone Field,recover-20221013,001,1795
1310.0315,1310.0682,68437,81820,Rhinolophus ferrumequinum,0.023,0.023,-1,Echolocation,/mnt/ubna_data_02_mir/recover-20221013/UBNA_001/20221012_030000.WAV,Telephone Field,recover-20221013,001,1795
1310.0525,1310.0637,27187,35126,Eptesicus serotinus,0.011,0.025,-1,Echolocation,/mnt/ubna_data_02_mir/recover-20221013/UBNA_001/20221012_030000.WAV,Telephone Field,recover-20221013,001,1795
1310.0795,1310.0861,46953,54894,Pipistrellus pipistrellus,0.025,0.027,-1,Echolocation,/mnt/ubna_data_02_mir/recover-20221013/UBNA_001/20221012_030000.WAV,Telephone Field,recover-20221013,001,1795
1310.0795,1310.1207,68437,82794,Rhinolophus ferrumequinum,0.025,0.025,-1,Echolocation,/mnt/ubna_data_02_mir/recover-20221013/UBNA_001/20221012_030000.WAV,Telephone Field,recover-20221013,001,1795
1310.0845,1310.0917,27187,39704,Eptesicus serotinus,0.005,0.024,-1,Echolocation,/mnt/ubna_data_02_mir/recover-20221013/UBNA_001/20221012_030000.WAV,Telephone Field,recover-20221013,001,1795
1310.1315,1310.1698,68437,82302,Rhinolophus ferrumequinum,0.024,0.024,-1,Echolocation,/mnt/ubna_data_02_mir/recover-20221013/UBNA_001/20221012_030000.WAV,Telephone Field,recover-20221013,001,1795
1310.1865,1310.224,68437,81339,Rhinolophus ferrumequinum,0.024,0.024,-1,Echolocation,/mnt/ubna_data_02_mir/recover-20221013/UBNA_001/20221012_030000.WAV,Telephone Field,recover-20221013,001,1795
1310.1995,1310.207,24609,34094,Plecotus austriacus,0.01,0.025,-1,Echolocation,/mnt/ubna_data_02_mir/recover-20221013/UBNA_001/20221012_030000.WAV,Telephone Field,recover-20221013,001,1795
1310.2065,1310.2115,39218,65024,Myotis bechsteinii,0.006,0.022,-1,Echolocation,/mnt/ubna_data_02_mir/recover-20221013/UBNA_001/20221012_030000.WAV,Telephone Field,recover-20221013,001,1795
1310.2115,1310.2223,22890,28465,Nyctalus leisleri,0.015,0.034,-1,Echolocation,/mnt/ubna_data_02_mir/recover-20221013/UBNA_001/20221012_030000.WAV,Telephone Field,recover-20221013,001,1795
1310.2375,1310.2763,68437,82262,Rhinolophus ferrumequinum,0.024,0.024,-1,Echolocation,/mnt/ubna_data_02_mir/recover-20221013/UBNA_001/20221012_030000.WAV,Telephone Field,recover-20221013,001,1795
1310.2455,1310.2575,22890,28599,Nyctalus leisleri,0.015,0.031,-1,Echolocation,/mnt/ubna_data_02_mir/recover-20221013/UBNA_001/20221012_030000.WAV,Telephone Field,recover-20221013,001,1795
1310.2625,1310.2681,50390,57817,Pipistrellus pipistrellus,0.019,0.022,-1,Echolocation,/mnt/ubna_data_02_mir/recover-20221013/UBNA_001/20221012_030000.WAV,Telephone Field,recover-20221013,001,1795
1310.2685,1310.2758,23750,32494,Plecotus austriacus,0.013,0.027,-1,Echolocation,/mnt/ubna_data_02_mir/recover-20221013/UBNA_001/20221012_030000.WAV,Telephone Field,recover-20221013,001,1795
1310.2955,1310.3034,28046,40658,Eptesicus serotinus,0.009,0.025,-1,Echolocation,/mnt/ubna_data_02_mir/recover-20221013/UBNA_001/20221012_030000.WAV,Telephone Field,recover-20221013,001,1795
1310.3295,1310.3627,68437,81628,Rhinolophus ferrumequinum,0.023,0.023,-1,Echolocation,/mnt/ubna_data_02_mir/recover-20221013/UBNA_001/20221012_030000.WAV,Telephone Field,recover-20221013,001,1795
1310.3335,1310.3437,28046,36760,Eptesicus serotinus,0.012,0.025,-1,Echolocation,/mnt/ubna_data_02_mir/recover-20221013/UBNA_001/20221012_030000.WAV,Telephone Field,recover-20221013,001,1795
1310.3415,1310.3515,28046,36735,Eptesicus serotinus,0.012,0.025,-1,Echolocation,/mnt/ubna_data_02_mir/recover-20221013/UBNA_001/20221012_030000.WAV,Telephone Field,recover-20221013,001,1795
1310.3465,1310.3555,28046,39241,Eptesicus serotinus,0.01,0.025,-1,Echolocation,/mnt/ubna_data_02_mir/recover-20221013/UBNA_001/20221012_030000.WAV,Telephone Field,recover-20221013,001,1795
1310.4055,1310.4468,68437,83063,Rhinolophus ferrumequinum,0.041,0.041,-1,Echolocation,/mnt/ubna_data_02_mir/recover-20221013/UBNA_001/20221012_030000.WAV,Telephone Field,recover-20221013,001,1795
1310.4075,1310.4152,23750,35784,Plecotus austriacus,0.01,0.026,-1,Echolocation,/mnt/ubna_data_02_mir/recover-20221013/UBNA_001/20221012_030000.WAV,Telephone Field,recover-20221013,001,1795
1310.4295,1310.4394,25468,34066,Nyctalus leisleri,0.009,0.029,-1,Echolocation,/mnt/ubna_data_02_mir/recover-20221013/UBNA_001/20221012_030000.WAV,Telephone Field,recover-20221013,001,1795
1310.4345,1310.4733,68437,83124,Rhinolophus ferrumequinum,0.022,0.022,-1,Echolocation,/mnt/ubna_data_02_mir/recover-20221013/UBNA_001/20221012_030000.WAV,Telephone Field,recover-20221013,001,1795
1310.4505,1310.4942,68437,83083,Rhinolophus ferrumequinum,0.025,0.025,-1,Echolocation,/mnt/ubna_data_02_mir/recover-20221013/UBNA_001/20221012_030000.WAV,Telephone Field,recover-20221013,001,1795
1310.4855,1310.5213,68437,81217,Rhinolophus ferrumequinum,0.023,0.023,-1,Echolocation,/mnt/ubna_data_02_mir/recover-20221013/UBNA_001/20221012_030000.WAV,Telephone Field,recover-20221013,001,1795
1310.5095,1310.5508,68437,82962,Rhinolophus ferrumequinum,0.023,0.023,-1,Echolocation,/mnt/ubna_data_02_mir/recover-20221013/UBNA_001/20221012_030000.WAV,Telephone Field,recover-20221013,001,1795
1310.5355,1310.5733,68437,81840,Rhinolophus ferrumequinum,0.022,0.022,-1,Echolocation,/mnt/ubna_data_02_mir/recover-20221013/UBNA_001/20221012_030000.WAV,Telephone Field,recover-20221013,001,1795
1310.5375,1310.544,24609,35516,Plecotus austriacus,0.01,0.025,-1,Echolocation,/mnt/ubna_data_02_mir/recover-20221013/UBNA_001/20221012_030000.WAV,Telephone Field,recover-20221013,001,1795
1310.5775,1310.5878,22031,27052,Nyctalus leisleri,0.009,0.025,-1,Echolocation,/mnt/ubna_data_02_mir/recover-20221013/UBNA_001/20221012_030000.WAV,Telephone Field,recover-20221013,001,1795
1310.6115,1310.6499,68437,82259,Rhinolophus ferrumequinum,0.023,0.023,-1,Echolocation,/mnt/ubna_data_02_mir/recover-20221013/UBNA_001/20221012_030000.WAV,Telephone Field,recover-20221013,001,1795
1310.6475,1310.6536,24609,43004,Myotis nattereri,0.009,0.031,-1,Echolocation,/mnt/ubna_data_02_mir/recover-20221013/UBNA_001/20221012_030000.WAV,Telephone Field,recover-20221013,001,1795
1310.6555,1310.6638,24609,31581,Nyctalus leisleri,0.006,0.022,-1,Echolocation,/mnt/ubna_data_02_mir/recover-20221013/UBNA_001/20221012_030000.WAV,Telephone Field,recover-20221013,001,1795
1310.6845,1310.7242,68437,82279,Rhinolophus ferrumequinum,0.026,0.026,-1,Echolocation,/mnt/ubna_data_02_mir/recover-20221013/UBNA_001/20221012_030000.WAV,Telephone Field,recover-20221013,001,1795
1310.6975,1310.7037,26328,39936,Myotis nattereri,0.007,0.028,-1,Echolocation,/mnt/ubna_data_02_mir/recover-20221013/UBNA_001/20221012_030000.WAV,Telephone Field,recover-20221013,001,1795
1310.7255,1310.7339,28046,39098,Eptesicus serotinus,0.008,0.024,-1,Echolocation,/mnt/ubna_data_02_mir/recover-20221013/UBNA_001/20221012_030000.WAV,Telephone Field,recover-20221013,001,1795
1310.7455,1310.785,68437,82103,Rhinolophus ferrumequinum,0.022,0.022,-1,Echolocation,/mnt/ubna_data_02_mir/recover-20221013/UBNA_001/20221012_030000.WAV,Telephone Field,recover-20221013,001,1795
1310.7475,1310.7531,39218,61151,Myotis mystacinus,0.008,0.026,-1,Echolocation,/mnt/ubna_data_02_mir/recover-20221013/UBNA_001/20221012_030000.WAV,Telephone Field,recover-20221013,001,1795
1310.7685,1310.8052,68437,82002,Rhinolophus ferrumequinum,0.022,0.022,-1,Echolocation,/mnt/ubna_data_02_mir/recover-20221013/UBNA_001/20221012_030000.WAV,Telephone Field,recover-20221013,001,1795
1310.7755,1310.7834,27187,38380,Eptesicus serotinus,0.006,0.022,-1,Echolocation,/mnt/ubna_data_02_mir/recover-20221013/UBNA_001/20221012_030000.WAV,Telephone Field,recover-20221013,001,1795
1310.7835,1310.8189,68437,81266,Rhinolophus ferrumequinum,0.023,0.023,-1,Echolocation,/mnt/ubna_data_02_mir/recover-20221013/UBNA_001/20221012_030000.WAV,Telephone Field,recover-20221013,001,1795
1310.8145,1310.8227,22890,31162,Plecotus austriacus,0.013,0.029,-1,Echolocation,/mnt/ubna_data_02_mir/recover-20221013/UBNA_001/20221012_030000.WAV,Telephone Field,recover-20221013,001,1795
1310.8305,1310.842,22890,27784,Nyctalus leisleri,0.014,0.026,-1,Echolocation,/mnt/ubna_data_02_mir/recover-20221013/UBNA_001/20221012_030000.WAV,Telephone Field,recover-20221013,001,1795
1310.8815,1310.9227,68437,82143,Rhinolophus ferrumequinum,0.025,0.025,-1,Echolocation,/mnt/ubna_data_02_mir/recover-20221013/UBNA_001/20221012_030000.WAV,Telephone Field,recover-20221013,001,1795
1310.8835,1310.8903,32343,43603,Myotis daubentonii,0.012,0.025,-1,Echolocation,/mnt/ubna_data_02_mir/recover-20221013/UBNA_001/20221012_030000.WAV,Telephone Field,recover-20221013,001,1795
1310.9335,1310.9387,26328,39387,Plecotus auritus,0.017,0.055,-1,Echolocation,/mnt/ubna_data_02_mir/recover-20221013/UBNA_001/20221012_030000.WAV,Telephone Field,recover-20221013,001,1795
1310.9525,1310.9903,68437,82576,Rhinolophus ferrumequinum,0.025,0.025,-1,Echolocation,/mnt/ubna_data_02_mir/recover-20221013/UBNA_001/20221012_030000.WAV,Telephone Field,recover-20221013,001,1795
1311.0195,1311.026,25468,39868,Myotis nattereri,0.005,0.024,-1,Echolocation,/mnt/ubna_data_02_mir/recover-20221013/UBNA_001/20221012_030000.WAV,Telephone Field,recover-20221013,001,1795
1311.0355,1311.0756,68437,82461,Rhinolophus ferrumequinum,0.026,0.026,-1,Echolocation,/mnt/ubna_data_02_mir/recover-20221013/UBNA_001/20221012_030000.WAV,Telephone Field,recover-20221013,001,1795
1311.0565,1311.0634,26328,38631,Eptesicus serotinus,0.005,0.023,-1,Echolocation,/mnt/ubna_data_02_mir/recover-20221013/UBNA_001/20221012_030000.WAV,Telephone Field,recover-20221013,001,1795
1311.0635,1311.1002,68437,81507,Rhinolophus ferrumequinum,0.022,0.022,-1,Echolocation,/mnt/ubna_data_02_mir/recover-20221013/UBNA_001/20221012_030000.WAV,Telephone Field,recover-20221013,001,1795
1311.1185,1311.1559,68437,81758,Rhinolophus ferrumequinum,0.022,0.022,-1,Echolocation,/mnt/ubna_data_02_mir/recover-20221013/UBNA_001/20221012_030000.WAV,Telephone Field,recover-20221013,001,1795
1311.1725,1311.2088,68437,81376,Rhinolophus ferrumequinum,0.023,0.023,-1,Echolocation,/mnt/ubna_data_02_mir/recover-20221013/UBNA_001/20221012_030000.WAV,Telephone Field,recover-20221013,001,1795
1311.2075,1311.2427,68437,80592,Rhinolophus ferrumequinum,0.023,0.023,-1,Echolocation,/mnt/ubna_data_02_mir/recover-20221013/UBNA_001/20221012_030000.WAV,Telephone Field,recover-20221013,001,1795
1311.2215,1311.227,36640,48360,Myotis daubentonii,0.009,0.023,-1,Echolocation,/mnt/ubna_data_02_mir/recover-20221013/UBNA_001/20221012_030000.WAV,Telephone Field,recover-20221013,001,1795
1311.2225,1311.23,28046,42152,Eptesicus serotinus,0.007,0.024,-1,Echolocation,/mnt/ubna_data_02_mir/recover-20221013/UBNA_001/20221012_030000.WAV,Telephone Field,recover-20221013,001,1795
1311.2295,1311.2648,68437,81704,Rhinolophus ferrumequinum,0.025,0.026,-1,Echolocation,/mnt/ubna_data_02_mir/recover-20221013/UBNA_001/20221012_030000.WAV,Telephone Field,recover-20221013,001,1795
1311.2795,1311.317,68437,82191,Rhinolophus ferrumequinum,0.022,0.022,-1,Echolocation,/mnt/ubna_data_02_mir/recover-20221013/UBNA_001/20221012_030000.WAV,Telephone Field,recover-20221013,001,1795
1311.3095,1311.3196,27187,38713,Eptesicus serotinus,0.01,0.026,-1,Echolocation,/mnt/ubna_data_02_mir/recover-20221013/UBNA_001/20221012_030000.WAV,Telephone Field,recover-20221013,001,1795
1311.3195,1311.3298,24609,30965,Nyctalus leisleri,0.009,0.022,-1,Echolocation,/mnt/ubna_data_02_mir/recover-20221013/UBNA_001/20221012_030000.WAV,Telephone Field,recover-20221013,001,1795
1311.3375,1311.3801,68437,82894,Rhinolophus ferrumequinum,0.046,0.046,-1,Echolocation,/mnt/ubna_data_02_mir/recover-20221013/UBNA_001/20221012_030000.WAV,Telephone Field,recover-20221013,001,1795
1311.3395,1311.3469,28046,44309,Eptesicus serotinus,0.006,0.022,-1,Echolocation,/mnt/ubna_data_02_mir/recover-20221013/UBNA_001/20221012_030000.WAV,Telephone Field,recover-20221013,001,1795
1311.3605,1311.4008,68437,82376,Rhinolophus ferrumequinum,0.023,0.023,-1,Echolocation,/mnt/ubna_data_02_mir/recover-20221013/UBNA_001/20221012_030000.WAV,Telephone Field,recover-20221013,001,1795
1311.3935,1311.4345,68437,83052,Rhinolophus ferrumequinum,0.029,0.029,-1,Echolocation,/mnt/ubna_data_02_mir/recover-20221013/UBNA_001/20221012_030000.WAV,Telephone Field,recover-20221013,001,1795
1311.3965,1311.4066,22031,27767,Nyctalus leisleri,0.009,0.023,-1,Echolocation,/mnt/ubna_data_02_mir/recover-20221013/UBNA_001/20221012_030000.WAV,Telephone Field,recover-20221013,001,1795
1311.4185,1311.4286,37500,43060,Pipistrellus nathusii,0.018,0.029,-1,Echolocation,/mnt/ubna_data_02_mir/recover-20221013/UBNA_001/20221012_030000.WAV,Telephone Field,recover-20221013,001,1795
1311.4455,1311.4561,22031,27780,Nyctalus leisleri,0.008,0.022,-1,Echolocation,/mnt/ubna_data_02_mir/recover-20221013/UBNA_001/20221012_030000.WAV,Telephone Field,recover-20221013,001,1795
1311.4695,1311.4769000000001,28046,40047,Eptesicus serotinus,0.006,0.022,-1,Echolocation,/mnt/ubna_data_02_mir/recover-20221013/UBNA_001/20221012_030000.WAV,Telephone Field,recover-20221013,001,1795
1311.5005,1311.5082,28046,39379,Eptesicus serotinus,0.007,0.024,-1,Echolocation,/mnt/ubna_data_02_mir/recover-20221013/UBNA_001/20221012_030000.WAV,Telephone Field,recover-20221013,001,1795
1311.5015,1311.5423,68437,82973,Rhinolophus ferrumequinum,0.026,0.026,-1,Echolocation,/mnt/ubna_data_02_mir/recover-20221013/UBNA_001/20221012_030000.WAV,Telephone Field,recover-20221013,001,1795
1311.5205,1311.5319,34921,40502,Pipistrellus nathusii,0.016,0.033,-1,Echolocation,/mnt/ubna_data_02_mir/recover-20221013/UBNA_001/20221012_030000.WAV,Telephone Field,recover-20221013,001,1795
1311.5405,1311.5493,23750,31233,Plecotus austriacus,0.006,0.022,-1,Echolocation,/mnt/ubna_data_02_mir/recover-20221013/UBNA_001/20221012_030000.WAV,Telephone Field,recover-20221013,001,1795
1311.5505,1311.5574,27187,40590,Eptesicus serotinus,0.006,0.023,-1,Echolocation,/mnt/ubna_data_02_mir/recover-20221013/UBNA_001/20221012_030000.WAV,Telephone Field,recover-20221013,001,1795
1311.5775,1311.5849,25468,39320,Plecotus austriacus,0.013,0.047,-1,Echolocation,/mnt/ubna_data_02_mir/recover-20221013/UBNA_001/20221012_030000.WAV,Telephone Field,recover-20221013,001,1795
1311.6015,1311.6087,39218,53312,Myotis brandtii,0.005,0.022,-1,Echolocation,/mnt/ubna_data_02_mir/recover-20221013/UBNA_001/20221012_030000.WAV,Telephone Field,recover-20221013,001,1795
1311.6025,1311.6104,27187,40640,Eptesicus serotinus,0.013,0.05,-1,Echolocation,/mnt/ubna_data_02_mir/recover-20221013/UBNA_001/20221012_030000.WAV,Telephone Field,recover-20221013,001,1795
1311.6035,1311.6433,68437,82410,Rhinolophus ferrumequinum,0.034,0.034,-1,Echolocation,/mnt/ubna_data_02_mir/recover-20221013/UBNA_001/20221012_030000.WAV,Telephone Field,recover-20221013,001,1795
1311.6335,1311.6698,68437,81644,Rhinolophus ferrumequinum,0.022,0.022,-1,Echolocation,/mnt/ubna_data_02_mir/recover-20221013/UBNA_001/20221012_030000.WAV,Telephone Field,recover-20221013,001,1795
1311.6785,1311.7201,68437,82839,Rhinolophus ferrumequinum,0.024,0.024,-1,Echolocation,/mnt/ubna_data_02_mir/recover-20221013/UBNA_001/20221012_030000.WAV,Telephone Field,recover-20221013,001,1795
1311.6855,1311.6994,22031,26556,Nyctalus leisleri,0.02,0.035,-1,Echolocation,/mnt/ubna_data_02_mir/recover-20221013/UBNA_001/20221012_030000.WAV,Telephone Field,recover-20221013,001,1795
1311.7145,1311.7513,68437,82363,Rhinolophus ferrumequinum,0.024,0.024,-1,Echolocation,/mnt/ubna_data_02_mir/recover-20221013/UBNA_001/20221012_030000.WAV,Telephone Field,recover-20221013,001,1795
1311.7355,1311.7766,68437,81742,Rhinolophus ferrumequinum,0.026,0.026,-1,Echolocation,/mnt/ubna_data_02_mir/recover-20221013/UBNA_001/20221012_030000.WAV,Telephone Field,recover-20221013,001,1795
1311.7475,1311.7572,25468,32826,Eptesicus serotinus,0.009,0.028,-1,Echolocation,/mnt/ubna_data_02_mir/recover-20221013/UBNA_001/20221012_030000.WAV,Telephone Field,recover-20221013,001,1795
1311.7595,1311.798,68437,81778,Rhinolophus ferrumequinum,0.024,0.024,-1,Echolocation,/mnt/ubna_data_02_mir/recover-20221013/UBNA_001/20221012_030000.WAV,Telephone Field,recover-20221013,001,1795
1311.7865,1311.8231,68437,81791,Rhinolophus ferrumequinum,0.023,0.023,-1,Echolocation,/mnt/ubna_data_02_mir/recover-20221013/UBNA_001/20221012_030000.WAV,Telephone Field,recover-20221013,001,1795
1311.7965,1311.8037,28046,55921,Myotis nattereri,0.007,0.022,-1,Echolocation,/mnt/ubna_data_02_mir/recover-20221013/UBNA_001/20221012_030000.WAV,Telephone Field,recover-20221013,001,1795
1311.7975,1311.8022,37500,65729,Myotis mystacinus,0.007,0.024,-1,Echolocation,/mnt/ubna_data_02_mir/recover-20221013/UBNA_001/20221012_030000.WAV,Telephone Field,recover-20221013,001,1795
1311.8005,1311.8079,23750,37729,Plecotus austriacus,0.007,0.022,-1,Echolocation,/mnt/ubna_data_02_mir/recover-20221013/UBNA_001/20221012_030000.WAV,Telephone Field,recover-20221013,001,1795
1311.8295,1311.8359,24609,38501,Plecotus austriacus,0.011,0.029,-1,Echolocation,/mnt/ubna_data_02_mir/recover-20221013/UBNA_001/20221012_030000.WAV,Telephone Field,recover-20221013,001,1795
1311.8435,1311.8536,35781,41481,Barbastellus barbastellus,0.005,0.023,-1,Echolocation,/mnt/ubna_data_02_mir/recover-20221013/UBNA_001/20221012_030000.WAV,Telephone Field,recover-20221013,001,1795
1311.8455,1311.8551,28046,36842,Eptesicus serotinus,0.01,0.024,-1,Echolocation,/mnt/ubna_data_02_mir/recover-20221013/UBNA_001/20221012_030000.WAV,Telephone Field,recover-20221013,001,1795
1311.8465,1311.8821,68437,81891,Rhinolophus ferrumequinum,0.031,0.031,-1,Echolocation,/mnt/ubna_data_02_mir/recover-20221013/UBNA_001/20221012_030000.WAV,Telephone Field,recover-20221013,001,1795
1311.8605,1311.8946,68437,81675,Rhinolophus ferrumequinum,0.022,0.022,-1,Echolocation,/mnt/ubna_data_02_mir/recover-20221013/UBNA_001/20221012_030000.WAV,Telephone Field,recover-20221013,001,1795
1311.8665,1311.9032,68437,81669,Rhinolophus ferrumequinum,0.022,0.022,-1,Echolocation,/mnt/ubna_data_02_mir/recover-20221013/UBNA_001/20221012_030000.WAV,Telephone Field,recover-20221013,001,1795
1311.8975,1311.9347,68437,81109,Rhinolophus ferrumequinum,0.024,0.024,-1,Echolocation,/mnt/ubna_data_02_mir/recover-20221013/UBNA_001/20221012_030000.WAV,Telephone Field,recover-20221013,001,1795
1311.9095,1311.9466,68437,81106,Rhinolophus ferrumequinum,0.023,0.023,-1,Echolocation,/mnt/ubna_data_02_mir/recover-20221013/UBNA_001/20221012_030000.WAV,Telephone Field,recover-20221013,001,1795
1311.9555,1311.9631,44375,55442,Pipistrellus pipistrellus,0.014,0.024,-1,Echolocation,/mnt/ubna_data_02_mir/recover-20221013/UBNA_001/20221012_030000.WAV,Telephone Field,recover-20221013,001,1795
1311.9755,1311.9828,28046,38771,Eptesicus serotinus,0.007,0.024,-1,Echolocation,/mnt/ubna_data_02_mir/recover-20221013/UBNA_001/20221012_030000.WAV,Telephone Field,recover-20221013,001,1795
1311.9845,1311.9926,23750,36301,Plecotus austriacus,0.007,0.022,-1,Echolocation,/mnt/ubna_data_02_mir/recover-20221013/UBNA_001/20221012_030000.WAV,Telephone Field,recover-20221013,001,1795
1312.0015,1312.0106,37500,45210,Pipistrellus nathusii,0.008,0.023,-1,Echolocation,/mnt/ubna_data_02_mir/recover-20221013/UBNA_001/20221012_030000.WAV,Telephone Field,recover-20221013,001,1795
1312.0015,1312.01,24609,34420,Nyctalus leisleri,0.008,0.032,-1,Echolocation,/mnt/ubna_data_02_mir/recover-20221013/UBNA_001/20221012_030000.WAV,Telephone Field,recover-20221013,001,1795
1312.0015,1312.0351,68437,79916,Rhinolophus ferrumequinum,0.037,0.037,-1,Echolocation,/mnt/ubna_data_02_mir/recover-20221013/UBNA_001/20221012_030000.WAV,Telephone Field,recover-20221013,001,1795
1312.0095,1312.0199,28046,37182,Eptesicus serotinus,0.013,0.028,-1,Echolocation,/mnt/ubna_data_02_mir/recover-20221013/UBNA_001/20221012_030000.WAV,Telephone Field,recover-20221013,001,1795
1312.0275,1312.0342,46953,50289,Pipistrellus pipistrellus,0.033,0.034,-1,Echolocation,/mnt/ubna_data_02_mir/recover-20221013/UBNA_001/20221012_030000.WAV,Telephone Field,recover-20221013,001,1795
1312.0425,1312.053,28046,36159,Eptesicus serotinus,0.011,0.024,-1,Echolocation,/mnt/ubna_data_02_mir/recover-20221013/UBNA_001/20221012_030000.WAV,Telephone Field,recover-20221013,001,1795
1312.0545,1312.0666,22890,27652,Nyctalus leisleri,0.012,0.023,-1,Echolocation,/mnt/ubna_data_02_mir/recover-20221013/UBNA_001/20221012_030000.WAV,Telephone Field,recover-20221013,001,1795
1312.0715,1312.0777,28046,41603,Eptesicus serotinus,0.007,0.027,-1,Echolocation,/mnt/ubna_data_02_mir/recover-20221013/UBNA_001/20221012_030000.WAV,Telephone Field,recover-20221013,001,1795
1312.0885,1312.0974,27187,37787,Eptesicus serotinus,0.008,0.023,-1,Echolocation,/mnt/ubna_data_02_mir/recover-20221013/UBNA_001/20221012_030000.WAV,Telephone Field,recover-20221013,001,1795
1312.0895,1312.1302,68437,82811,Rhinolophus ferrumequinum,0.03,0.03,-1,Echolocation,/mnt/ubna_data_02_mir/recover-20221013/UBNA_001/20221012_030000.WAV,Telephone Field,recover-20221013,001,1795
1312.1155,1312.1572,68437,82851,Rhinolophus ferrumequinum,0.032,0.032,-1,Echolocation,/mnt/ubna_data_02_mir/recover-20221013/UBNA_001/20221012_030000.WAV,Telephone Field,recover-20221013,001,1795
1312.1225,1312.1323,22890,29769,Nyctalus leisleri,0.008,0.027,-1,Echolocation,/mnt/ubna_data_02_mir/recover-20221013/UBNA_001/20221012_030000.WAV,Telephone Field,recover-20221013,001,1795
1312.1365,1312.1480999999999,34921,40476,Pipistrellus nathusii,0.006,0.026,-1,Echolocation,/mnt/ubna_data_02_mir/recover-20221013/UBNA_001/20221012_030000.WAV,Telephone Field,recover-20221013,001,1795
1312.1385,1312.179,68437,82524,Rhinolophus ferrumequinum,0.022,0.022,-1,Echolocation,/mnt/ubna_data_02_mir/recover-20221013/UBNA_001/20221012_030000.WAV,Telephone Field,recover-20221013,001,1795
1312.1425,1312.1501,28046,38603,Eptesicus serotinus,0.009,0.027,-1,Echolocation,/mnt/ubna_data_02_mir/recover-20221013/UBNA_001/20221012_030000.WAV,Telephone Field,recover-20221013,001,1795
1312.1655,1312.2044,68437,82800,Rhinolophus ferrumequinum,0.024,0.024,-1,Echolocation,/mnt/ubna_data_02_mir/recover-20221013/UBNA_001/20221012_030000.WAV,Telephone Field,recover-20221013,001,1795
1312.1675,1312.1746,45234,54545,Pipistrellus pipistrellus,0.013,0.024,-1,Echolocation,/mnt/ubna_data_02_mir/recover-20221013/UBNA_001/20221012_030000.WAV,Telephone Field,recover-20221013,001,1795
1312.1705,1312.1793,26328,38288,Eptesicus serotinus,0.007,0.022,-1,Echolocation,/mnt/ubna_data_02_mir/recover-20221013/UBNA_001/20221012_030000.WAV,Telephone Field,recover-20221013,001,1795
1312.1855,1312.1946,28046,37462,Eptesicus serotinus,0.01,0.025,-1,Echolocation,/mnt/ubna_data_02_mir/recover-20221013/UBNA_001/20221012_030000.WAV,Telephone Field,recover-20221013,001,1795
1312.1895,1312.226,68437,82344,Rhinolophus ferrumequinum,0.022,0.022,-1,Echolocation,/mnt/ubna_data_02_mir/recover-20221013/UBNA_001/20221012_030000.WAV,Telephone Field,recover-20221013,001,1795
1312.2125,1312.2196,32343,41192,Myotis daubentonii,0.011,0.024,-1,Echolocation,/mnt/ubna_data_02_mir/recover-20221013/UBNA_001/20221012_030000.WAV,Telephone Field,recover-20221013,001,1795
1312.2555,1312.2624,23750,32665,Plecotus austriacus,0.012,0.026,-1,Echolocation,/mnt/ubna_data_02_mir/recover-20221013/UBNA_001/20221012_030000.WAV,Telephone Field,recover-20221013,001,1795
1312.2555,1312.275,17734,22076,Nyctalus noctula,0.022,0.031,-1,Echolocation,/mnt/ubna_data_02_mir/recover-20221013/UBNA_001/20221012_030000.WAV,Telephone Field,recover-20221013,001,1795
1312.2705,1312.3111,68437,83029,Rhinolophus ferrumequinum,0.03,0.03,-1,Echolocation,/mnt/ubna_data_02_mir/recover-20221013/UBNA_001/20221012_030000.WAV,Telephone Field,recover-20221013,001,1795
1312.2755,1312.2839,25468,34901,Eptesicus serotinus,0.011,0.033,-1,Echolocation,/mnt/ubna_data_02_mir/recover-20221013/UBNA_001/20221012_030000.WAV,Telephone Field,recover-20221013,001,1795
1312.3015,1312.3394,68437,82396,Rhinolophus ferrumequinum,0.023,0.023,-1,Echolocation,/mnt/ubna_data_02_mir/recover-20221013/UBNA_001/20221012_030000.WAV,Telephone Field,recover-20221013,001,1795
1312.3775,1312.415,68437,81605,Rhinolophus ferrumequinum,0.024,0.024,-1,Echolocation,/mnt/ubna_data_02_mir/recover-20221013/UBNA_001/20221012_030000.WAV,Telephone Field,recover-20221013,001,1795
1312.4065,1312.445,68437,81708,Rhinolophus ferrumequinum,0.03,0.03,-1,Echolocation,/mnt/ubna_data_02_mir/recover-20221013/UBNA_001/20221012_030000.WAV,Telephone Field,recover-20221013,001,1795
1312.4485,1312.4844,68437,82636,Rhinolophus ferrumequinum,0.024,0.024,-1,Echolocation,/mnt/ubna_data_02_mir/recover-20221013/UBNA_001/20221012_030000.WAV,Telephone Field,recover-20221013,001,1795
1312.4705,1312.4809,22890,29349,Nyctalus leisleri,0.008,0.022,-1,Echolocation,/mnt/ubna_data_02_mir/recover-20221013/UBNA_001/20221012_030000.WAV,Telephone Field,recover-20221013,001,1795
1312.4835,1312.5228,68437,82421,Rhinolophus ferrumequinum,0.037,0.037,-1,Echolocation,/mnt/ubna_data_02_mir/recover-20221013/UBNA_001/20221012_030000.WAV,Telephone Field,recover-20221013,001,1795
1312.5405,1312.5486,27187,39883,Eptesicus serotinus,0.008,0.023,-1,Echolocation,/mnt/ubna_data_02_mir/recover-20221013/UBNA_001/20221012_030000.WAV,Telephone Field,recover-20221013,001,1795
1312.5425,1312.5504,46093,57525,Pipistrellus pipistrellus,0.013,0.022,-1,Echolocation,/mnt/ubna_data_02_mir/recover-20221013/UBNA_001/20221012_030000.WAV,Telephone Field,recover-20221013,001,1795
1312.6035,1312.6425,68437,81841,Rhinolophus ferrumequinum,0.022,0.022,-1,Echolocation,/mnt/ubna_data_02_mir/recover-20221013/UBNA_001/20221012_030000.WAV,Telephone Field,recover-20221013,001,1795
1312.6485,1312.6873,68437,81827,Rhinolophus ferrumequinum,0.027,0.027,-1,Echolocation,/mnt/ubna_data_02_mir/recover-20221013/UBNA_001/20221012_030000.WAV,Telephone Field,recover-20221013,001,1795
1312.6785,1312.6914,14296,19345,Nyctalus noctula,0.014,0.024,-1,Echolocation,/mnt/ubna_data_02_mir/recover-20221013/UBNA_001/20221012_030000.WAV,Telephone Field,recover-20221013,001,1795
1312.7045,1312.7477,68437,83387,Rhinolophus ferrumequinum,0.028,0.028,-1,Echolocation,/mnt/ubna_data_02_mir/recover-20221013/UBNA_001/20221012_030000.WAV,Telephone Field,recover-20221013,001,1795
1312.7055,1312.7134,58125,64024,Pipistrellus pygmaeus,0.023,0.023,-1,Echolocation,/mnt/ubna_data_02_mir/recover-20221013/UBNA_001/20221012_030000.WAV,Telephone Field,recover-20221013,001,1795
1312.7095,1312.7177,23750,31903,Plecotus austriacus,0.009,0.023,-1,Echolocation,/mnt/ubna_data_02_mir/recover-20221013/UBNA_001/20221012_030000.WAV,Telephone Field,recover-20221013,001,1795
1312.7375,1312.7452,23750,32464,Plecotus austriacus,0.008,0.022,-1,Echolocation,/mnt/ubna_data_02_mir/recover-20221013/UBNA_001/20221012_030000.WAV,Telephone Field,recover-20221013,001,1795
1312.7515,1312.7904,68437,82609,Rhinolophus ferrumequinum,0.023,0.023,-1,Echolocation,/mnt/ubna_data_02_mir/recover-20221013/UBNA_001/20221012_030000.WAV,Telephone Field,recover-20221013,001,1795
1312.8045,1312.8465,68437,83022,Rhinolophus ferrumequinum,0.039,0.039,-1,Echolocation,/mnt/ubna_data_02_mir/recover-20221013/UBNA_001/20221012_030000.WAV,Telephone Field,recover-20221013,001,1795
1312.8435,1312.8496,30625,42710,Myotis daubentonii,0.01,0.025,-1,Echolocation,/mnt/ubna_data_02_mir/recover-20221013/UBNA_001/20221012_030000.WAV,Telephone Field,recover-20221013,001,1795
1312.8665,1312.9122,68437,84009,Rhinolophus ferrumequinum,0.039,0.039,-1,Echolocation,/mnt/ubna_data_02_mir/recover-20221013/UBNA_001/20221012_030000.WAV,Telephone Field,recover-20221013,001,1795
1312.9175,1312.9279,57265,62421,Pipistrellus pygmaeus,0.025,0.027,-1,Echolocation,/mnt/ubna_data_02_mir/recover-20221013/UBNA_001/20221012_030000.WAV,Telephone Field,recover-20221013,001,1795
1312.9365,1312.9428,28046,39498,Eptesicus serotinus,0.009,0.03,-1,Echolocation,/mnt/ubna_data_02_mir/recover-20221013/UBNA_001/20221012_030000.WAV,Telephone Field,recover-20221013,001,1795
1312.9885,1313.0258,68437,81700,Rhinolophus ferrumequinum,0.023,0.023,-1,Echolocation,/mnt/ubna_data_02_mir/recover-20221013/UBNA_001/20221012_030000.WAV,Telephone Field,recover-20221013,001,1795
1312.9935,1313.032,68437,82247,Rhinolophus ferrumequinum,0.024,0.024,-1,Echolocation,/mnt/ubna_data_02_mir/recover-20221013/UBNA_001/20221012_030000.WAV,Telephone Field,recover-20221013,001,1795
1313.0195,1313.0295,27187,34872,Eptesicus serotinus,0.01,0.024,-1,Echolocation,/mnt/ubna_data_02_mir/recover-20221013/UBNA_001/20221012_030000.WAV,Telephone Field,recover-20221013,001,1795
1313.0245,1313.0645,68437,82338,Rhinolophus ferrumequinum,0.041,0.041,-1,Echolocation,/mnt/ubna_data_02_mir/recover-20221013/UBNA_001/20221012_030000.WAV,Telephone Field,recover-20221013,001,1795
1313.0605,1313.0706,23750,30778,Nyctalus leisleri,0.008,0.024,-1,Echolocation,/mnt/ubna_data_02_mir/recover-20221013/UBNA_001/20221012_030000.WAV,Telephone Field,recover-20221013,001,1795
1313.0705,1313.1105,68437,82960,Rhinolophus ferrumequinum,0.024,0.024,-1,Echolocation,/mnt/ubna_data_02_mir/recover-20221013/UBNA_001/20221012_030000.WAV,Telephone Field,recover-20221013,001,1795
1313.0715,1313.0797,27187,38258,Eptesicus serotinus,0.008,0.022,-1,Echolocation,/mnt/ubna_data_02_mir/recover-20221013/UBNA_001/20221012_030000.WAV,Telephone Field,recover-20221013,001,1795
1313.0755,1313.1172,68437,82681,Rhinolophus ferrumequinum,0.024,0.024,-1,Echolocation,/mnt/ubna_data_02_mir/recover-20221013/UBNA_001/20221012_030000.WAV,Telephone Field,recover-20221013,001,1795
1313.0805,1313.087,27187,41934,Eptesicus serotinus,0.007,0.027,-1,Echolocation,/mnt/ubna_data_02_mir/recover-20221013/UBNA_001/20221012_030000.WAV,Telephone Field,recover-20221013,001,1795
1313.0875,1313.1209,68437,81650,Rhinolophus ferrumequinum,0.022,0.023,-1,Echolocation,/mnt/ubna_data_02_mir/recover-20221013/UBNA_001/20221012_030000.WAV,Telephone Field,recover-20221013,001,1795
1313.1335,1313.1425,22890,29822,Plecotus austriacus,0.008,0.022,-1,Echolocation,/mnt/ubna_data_02_mir/recover-20221013/UBNA_001/20221012_030000.WAV,Telephone Field,recover-20221013,001,1795
1313.1625,1313.2015,68437,82200,Rhinolophus ferrumequinum,0.022,0.022,-1,Echolocation,/mnt/ubna_data_02_mir/recover-20221013/UBNA_001/20221012_030000.WAV,Telephone Field,recover-20221013,001,1795
1313.1665,1313.1765,24609,32290,Eptesicus serotinus,0.009,0.028,-1,Echolocation,/mnt/ubna_data_02_mir/recover-20221013/UBNA_001/20221012_030000.WAV,Telephone Field,recover-20221013,001,1795
1313.1855,1313.1947,27187,36588,Eptesicus serotinus,0.009,0.023,-1,Echolocation,/mnt/ubna_data_02_mir/recover-20221013/UBNA_001/20221012_030000.WAV,Telephone Field,recover-20221013,001,1795
1313.1885,1313.1977,14296,22325,Nyctalus noctula,0.015,0.033,-1,Echolocation,/mnt/ubna_data_02_mir/recover-20221013/UBNA_001/20221012_030000.WAV,Telephone Field,recover-20221013,001,1795
1313.2055,1313.2173,32343,37924,Eptesicus serotinus,0.015,0.041,-1,Echolocation,/mnt/ubna_data_02_mir/recover-20221013/UBNA_001/20221012_030000.WAV,Telephone Field,recover-20221013,001,1795
1313.2065,1313.2438,68437,82078,Rhinolophus ferrumequinum,0.023,0.023,-1,Echolocation,/mnt/ubna_data_02_mir/recover-20221013/UBNA_001/20221012_030000.WAV,Telephone Field,recover-20221013,001,1795
1313.2415,1313.2772,68437,81201,Rhinolophus ferrumequinum,0.028,0.029,-1,Echolocation,/mnt/ubna_data_02_mir/recover-20221013/UBNA_001/20221012_030000.WAV,Telephone Field,recover-20221013,001,1795
1313.2485,1313.2571,24609,32888,Nyctalus leisleri,0.006,0.023,-1,Echolocation,/mnt/ubna_data_02_mir/recover-20221013/UBNA_001/20221012_030000.WAV,Telephone Field,recover-20221013,001,1795
1313.2895,1313.3296,68437,82279,Rhinolophus ferrumequinum,0.025,0.025,-1,Echolocation,/mnt/ubna_data_02_mir/recover-20221013/UBNA_001/20221012_030000.WAV,Telephone Field,recover-20221013,001,1795
1313.2985,1313.3069,25468,33880,Eptesicus serotinus,0.008,0.023,-1,Echolocation,/mnt/ubna_data_02_mir/recover-20221013/UBNA_001/20221012_030000.WAV,Telephone Field,recover-20221013,001,1795
1313.3495,1313.3898,68437,82600,Rhinolophus ferrumequinum,0.022,0.022,-1,Echolocation,/mnt/ubna_data_02_mir/recover-20221013/UBNA_001/20221012_030000.WAV,Telephone Field,recover-20221013,001,1795
1313.3795,1313.42,68437,82258,Rhinolophus ferrumequinum,0.028,0.028,-1,Echolocation,/mnt/ubna_data_02_mir/recover-20221013/UBNA_001/20221012_030000.WAV,Telephone Field,recover-20221013,001,1795
1313.3815,1313.3894,27187,39300,Eptesicus serotinus,0.007,0.022,-1,Echolocation,/mnt/ubna_data_02_mir/recover-20221013/UBNA_001/20221012_030000.WAV,Telephone Field,recover-20221013,001,1795
1313.3975,1313.4376,68437,82293,Rhinolophus ferrumequinum,0.025,0.025,-1,Echolocation,/mnt/ubna_data_02_mir/recover-20221013/UBNA_001/20221012_030000.WAV,Telephone Field,recover-20221013,001,1795
1313.4045,1313.4114,26328,42656,Myotis nattereri,0.005,0.023,-1,Echolocation,/mnt/ubna_data_02_mir/recover-20221013/UBNA_001/20221012_030000.WAV,Telephone Field,recover-20221013,001,1795
1313.4275,1313.4341,32343,43144,Myotis daubentonii,0.01,0.023,-1,Echolocation,/mnt/ubna_data_02_mir/recover-20221013/UBNA_001/20221012_030000.WAV,Telephone Field,recover-20221013,001,1795
1313.4505,1313.4608,22890,29137,Nyctalus leisleri,0.009,0.022,-1,Echolocation,/mnt/ubna_data_02_mir/recover-20221013/UBNA_001/20221012_030000.WAV,Telephone Field,recover-20221013,001,1795
1313.4695,1313.48,28046,36929,Eptesicus serotinus,0.012,0.026,-1,Echolocation,/mnt/ubna_data_02_mir/recover-20221013/UBNA_001/20221012_030000.WAV,Telephone Field,recover-20221013,001,1795
1313.4795,1313.4886,28906,37315,Eptesicus serotinus,0.008,0.025,-1,Echolocation,/mnt/ubna_data_02_mir/recover-20221013/UBNA_001/20221012_030000.WAV,Telephone Field,recover-20221013,001,1795
1313.4865,1313.4957,28906,38014,Eptesicus serotinus,0.009,0.027,-1,Echolocation,/mnt/ubna_data_02_mir/recover-20221013/UBNA_001/20221012_030000.WAV,Telephone Field,recover-20221013,001,1795
1313.5375,1313.5763,68437,82378,Rhinolophus ferrumequinum,0.022,0.022,-1,Echolocation,/mnt/ubna_data_02_mir/recover-20221013/UBNA_001/20221012_030000.WAV,Telephone Field,recover-20221013,001,1795
1313.5475,1313.5871,68437,82787,Rhinolophus ferrumequinum,0.025,0.025,-1,Echolocation,/mnt/ubna_data_02_mir/recover-20221013/UBNA_001/20221012_030000.WAV,Telephone Field,recover-20221013,001,1795
1313.5475,1313.5546,28046,37887,Eptesicus serotinus,0.007,0.025,-1,Echolocation,/mnt/ubna_data_02_mir/recover-20221013/UBNA_001/20221012_030000.WAV,Telephone Field,recover-20221013,001,1795
1313.5565,1313.597,68437,82581,Rhinolophus ferrumequinum,0.025,0.025,-1,Echolocation,/mnt/ubna_data_02_mir/recover-20221013/UBNA_001/20221012_030000.WAV,Telephone Field,recover-20221013,001,1795
1313.5615,1313.5708,40937,49059,Pipistrellus nathusii,0.01,0.028,-1,Echolocation,/mnt/ubna_data_02_mir/recover-20221013/UBNA_001/20221012_030000.WAV,Telephone Field,recover-20221013,001,1795
1313.6065,1313.6138,26328,42050,Eptesicus serotinus,0.007,0.024,-1,Echolocation,/mnt/ubna_data_02_mir/recover-20221013/UBNA_001/20221012_030000.WAV,Telephone Field,recover-20221013,001,1795
1313.6245,1313.6646,68437,82769,Rhinolophus ferrumequinum,0.026,0.026,-1,Echolocation,/mnt/ubna_data_02_mir/recover-20221013/UBNA_001/20221012_030000.WAV,Telephone Field,recover-20221013,001,1795
1313.6515,1313.6898,68437,81847,Rhinolophus ferrumequinum,0.024,0.024,-1,Echolocation,/mnt/ubna_data_02_mir/recover-20221013/UBNA_001/20221012_030000.WAV,Telephone Field,recover-20221013,001,1795
1313.6525,1313.6606,23750,33666,Plecotus austriacus,0.01,0.025,-1,Echolocation,/mnt/ubna_data_02_mir/recover-20221013/UBNA_001/20221012_030000.WAV,Telephone Field,recover-20221013,001,1795
1313.6895,1313.7238,68437,81570,Rhinolophus ferrumequinum,0.024,0.024,-1,Echolocation,/mnt/ubna_data_02_mir/recover-20221013/UBNA_001/20221012_030000.WAV,Telephone Field,recover-20221013,001,1795
1313.7445,1313.7522,22890,31066,Plecotus austriacus,0.015,0.031,-1,Echolocation,/mnt/ubna_data_02_mir/recover-20221013/UBNA_001/20221012_030000.WAV,Telephone Field,recover-20221013,001,1795
1313.7545,1313.7906,68437,81899,Rhinolophus ferrumequinum,0.022,0.022,-1,Echolocation,/mnt/ubna_data_02_mir/recover-20221013/UBNA_001/20221012_030000.WAV,Telephone Field,recover-20221013,001,1795
1313.7695,1313.8109,68437,83032,Rhinolophus ferrumequinum,0.026,0.026,-1,Echolocation,/mnt/ubna_data_02_mir/recover-20221013/UBNA_001/20221012_030000.WAV,Telephone Field,recover-20221013,001,1795
1313.7715,1313.7802,25468,33617,Eptesicus serotinus,0.01,0.024,-1,Echolocation,/mnt/ubna_data_02_mir/recover-20221013/UBNA_001/20221012_030000.WAV,Telephone Field,recover-20221013,001,1795
1313.7805,1313.7905,22031,28634,Nyctalus leisleri,0.009,0.025,-1,Echolocation,/mnt/ubna_data_02_mir/recover-20221013/UBNA_001/20221012_030000.WAV,Telephone Field,recover-20221013,001,1795
1313.8265,1313.8647,68437,82123,Rhinolophus ferrumequinum,0.022,0.022,-1,Echolocation,/mnt/ubna_data_02_mir/recover-20221013/UBNA_001/20221012_030000.WAV,Telephone Field,recover-20221013,001,1795
1313.8775,1313.8874,28046,35793,Eptesicus serotinus,0.01,0.022,-1,Echolocation,/mnt/ubna_data_02_mir/recover-20221013/UBNA_001/20221012_030000.WAV,Telephone Field,recover-20221013,001,1795
1313.9105,1313.9502,68437,82264,Rhinolophus ferrumequinum,0.022,0.022,-1,Echolocation,/mnt/ubna_data_02_mir/recover-20221013/UBNA_001/20221012_030000.WAV,Telephone Field,recover-20221013,001,1795
1313.9125,1313.9203,47812,53685,Pipistrellus pipistrellus,0.022,0.024,-1,Echolocation,/mnt/ubna_data_02_mir/recover-20221013/UBNA_001/20221012_030000.WAV,Telephone Field,recover-20221013,001,1795
1313.9175,1313.9249,36640,50524,Myotis daubentonii,0.012,0.027,-1,Echolocation,/mnt/ubna_data_02_mir/recover-20221013/UBNA_001/20221012_030000.WAV,Telephone Field,recover-20221013,001,1795
1313.9435,1313.9811,68437,81258,Rhinolophus ferrumequinum,0.031,0.031,-1,Echolocation,/mnt/ubna_data_02_mir/recover-20221013/UBNA_001/20221012_030000.WAV,Telephone Field,recover-20221013,001,1795
1314.0015,1314.0117,21171,27089,Nyctalus leisleri,0.01,0.026,-1,Echolocation,/mnt/ubna_data_02_mir/recover-20221013/UBNA_001/20221012_030000.WAV,Telephone Field,recover-20221013,001,1795
1314.0015,1314.0102,47812,55430,Pipistrellus pipistrellus,0.019,0.026,-1,Echolocation,/mnt/ubna_data_02_mir/recover-20221013/UBNA_001/20221012_030000.WAV,Telephone Field,recover-20221013,001,1795
1314.0015,1314.0352,69296,80851,Rhinolophus ferrumequinum,0.034,0.034,-1,Echolocation,/mnt/ubna_data_02_mir/recover-20221013/UBNA_001/20221012_030000.WAV,Telephone Field,recover-20221013,001,1795
1314.0315,1314.0408,34062,41464,Barbastellus barbastellus,0.007,0.024,-1,Echolocation,/mnt/ubna_data_02_mir/recover-20221013/UBNA_001/20221012_030000.WAV,Telephone Field,recover-20221013,001,1795
1314.0475,1314.0895,68437,82128,Rhinolophus ferrumequinum,0.024,0.024,-1,Echolocation,/mnt/ubna_data_02_mir/recover-20221013/UBNA_001/20221012_030000.WAV,Telephone Field,recover-20221013,001,1795
1314.0905,1314.1045,22031,26009,Nyctalus leisleri,0.016,0.027,-1,Echolocation,/mnt/ubna_data_02_mir/recover-20221013/UBNA_001/20221012_030000.WAV,Telephone Field,recover-20221013,001,1795
1314.1045,1314.1482,68437,83072,Rhinolophus ferrumequinum,0.027,0.027,-1,Echolocation,/mnt/ubna_data_02_mir/recover-20221013/UBNA_001/20221012_030000.WAV,Telephone Field,recover-20221013,001,1795
1314.1455,1314.1536,28906,38114,Eptesicus serotinus,0.032,0.06,-1,Echolocation,/mnt/ubna_data_02_mir/recover-20221013/UBNA_001/20221012_030000.WAV,Telephone Field,recover-20221013,001,1795
1314.1485,1314.1888,68437,82757,Rhinolophus ferrumequinum,0.028,0.028,-1,Echolocation,/mnt/ubna_data_02_mir/recover-20221013/UBNA_001/20221012_030000.WAV,Telephone Field,recover-20221013,001,1795
1314.1975,1314.2047,47812,51972,Pipistrellus pipistrellus,0.024,0.026,-1,Echolocation,/mnt/ubna_data_02_mir/recover-20221013/UBNA_001/20221012_030000.WAV,Telephone Field,recover-20221013,001,1795
1314.1985,1314.2375,68437,82812,Rhinolophus ferrumequinum,0.023,0.023,-1,Echolocation,/mnt/ubna_data_02_mir/recover-20221013/UBNA_001/20221012_030000.WAV,Telephone Field,recover-20221013,001,1795
1314.2225,1314.2306,23750,32495,Plecotus austriacus,0.008,0.024,-1,Echolocation,/mnt/ubna_data_02_mir/recover-20221013/UBNA_001/20221012_030000.WAV,Telephone Field,recover-20221013,001,1795
1314.2245,1314.2324,28046,38384,Eptesicus serotinus,0.008,0.023,-1,Echolocation,/mnt/ubna_data_02_mir/recover-20221013/UBNA_001/20221012_030000.WAV,Telephone Field,recover-20221013,001,1795
1314.2605,1314.3008,68437,82449,Rhinolophus ferrumequinum,0.027,0.027,-1,Echolocation,/mnt/ubna_data_02_mir/recover-20221013/UBNA_001/20221012_030000.WAV,Telephone Field,recover-20221013,001,1795
1314.2615,1314.2689,28046,39915,Eptesicus serotinus,0.008,0.027,-1,Echolocation,/mnt/ubna_data_02_mir/recover-20221013/UBNA_001/20221012_030000.WAV,Telephone Field,recover-20221013,001,1795
1314.2855,1314.3227,68437,81940,Rhinolophus ferrumequinum,0.036,0.036,-1,Echolocation,/mnt/ubna_data_02_mir/recover-20221013/UBNA_001/20221012_030000.WAV,Telephone Field,recover-20221013,001,1795
1314.3125,1314.322,28906,36224,Eptesicus serotinus,0.01,0.025,-1,Echolocation,/mnt/ubna_data_02_mir/recover-20221013/UBNA_001/20221012_030000.WAV,Telephone Field,recover-20221013,001,1795
1314.3165,1314.3264,22031,28561,Nyctalus leisleri,0.007,0.024,-1,Echolocation,/mnt/ubna_data_02_mir/recover-20221013/UBNA_001/20221012_030000.WAV,Telephone Field,recover-20221013,001,1795
1314.3705,1314.4075,68437,80951,Rhinolophus ferrumequinum,0.031,0.031,-1,Echolocation,/mnt/ubna_data_02_mir/recover-20221013/UBNA_001/20221012_030000.WAV,Telephone Field,recover-20221013,001,1795
1314.3975,1314.4363,68437,82151,Rhinolophus ferrumequinum,0.022,0.022,-1,Echolocation,/mnt/ubna_data_02_mir/recover-20221013/UBNA_001/20221012_030000.WAV,Telephone Field,recover-20221013,001,1795
1314.4025,1314.4104,23750,32720,Plecotus austriacus,0.01,0.026,-1,Echolocation,/mnt/ubna_data_02_mir/recover-20221013/UBNA_001/20221012_030000.WAV,Telephone Field,recover-20221013,001,1795
1314.4165,1314.4531,68437,82096,Rhinolophus ferrumequinum,0.023,0.023,-1,Echolocation,/mnt/ubna_data_02_mir/recover-20221013/UBNA_001/20221012_030000.WAV,Telephone Field,recover-20221013,001,1795
1314.4225,1314.4611,68437,81821,Rhinolophus ferrumequinum,0.023,0.023,-1,Echolocation,/mnt/ubna_data_02_mir/recover-20221013/UBNA_001/20221012_030000.WAV,Telephone Field,recover-20221013,001,1795
1314.4245,1314.4315,28046,40186,Eptesicus serotinus,0.007,0.024,-1,Echolocation,/mnt/ubna_data_02_mir/recover-20221013/UBNA_001/20221012_030000.WAV,Telephone Field,recover-20221013,001,1795
1314.4475,1314.4841,68437,81748,Rhinolophus ferrumequinum,0.022,0.022,-1,Echolocation,/mnt/ubna_data_02_mir/recover-20221013/UBNA_001/20221012_030000.WAV,Telephone Field,recover-20221013,001,1795
1314.4495,1314.4587,26328,34434,Eptesicus serotinus,0.012,0.027,-1,Echolocation,/mnt/ubna_data_02_mir/recover-20221013/UBNA_001/20221012_030000.WAV,Telephone Field,recover-20221013,001,1795
1314.4775,1314.511,68437,81191,Rhinolophus ferrumequinum,0.024,0.024,-1,Echolocation,/mnt/ubna_data_02_mir/recover-20221013/UBNA_001/20221012_030000.WAV,Telephone Field,recover-20221013,001,1795
1314.4805,1314.4879,28046,39780,Eptesicus serotinus,0.007,0.024,-1,Echolocation,/mnt/ubna_data_02_mir/recover-20221013/UBNA_001/20221012_030000.WAV,Telephone Field,recover-20221013,001,1795
1314.5675,1314.5761,25468,34475,Eptesicus serotinus,0.009,0.024,-1,Echolocation,/mnt/ubna_data_02_mir/recover-20221013/UBNA_001/20221012_030000.WAV,Telephone Field,recover-20221013,001,1795
1314.5855,1314.6294,68437,83321,Rhinolophus ferrumequinum,0.04,0.04,-1,Echolocation,/mnt/ubna_data_02_mir/recover-20221013/UBNA_001/20221012_030000.WAV,Telephone Field,recover-20221013,001,1795
1314.5865,1314.5968,23750,30541,Nyctalus leisleri,0.009,0.024,-1,Echolocation,/mnt/ubna_data_02_mir/recover-20221013/UBNA_001/20221012_030000.WAV,Telephone Field,recover-20221013,001,1795
1314.6385,1314.6763,68437,81765,Rhinolophus ferrumequinum,0.022,0.022,-1,Echolocation,/mnt/ubna_data_02_mir/recover-20221013/UBNA_001/20221012_030000.WAV,Telephone Field,recover-20221013,001,1795
1314.6715,1314.6784,27187,38330,Eptesicus serotinus,0.007,0.024,-1,Echolocation,/mnt/ubna_data_02_mir/recover-20221013/UBNA_001/20221012_030000.WAV,Telephone Field,recover-20221013,001,1795
1314.6825,1314.7151,68437,80533,Rhinolophus ferrumequinum,0.027,0.027,-1,Echolocation,/mnt/ubna_data_02_mir/recover-20221013/UBNA_001/20221012_030000.WAV,Telephone Field,recover-20221013,001,1795
1314.7025,1314.74,68437,81584,Rhinolophus ferrumequinum,0.024,0.024,-1,Echolocation,/mnt/ubna_data_02_mir/recover-20221013/UBNA_001/20221012_030000.WAV,Telephone Field,recover-20221013,001,1795
1314.7455,1314.7639,19453,22843,Nyctalus leisleri,0.011,0.023,-1,Echolocation,/mnt/ubna_data_02_mir/recover-20221013/UBNA_001/20221012_030000.WAV,Telephone Field,recover-20221013,001,1795
1314.7485,1314.7897,68437,82875,Rhinolophus ferrumequinum,0.022,0.022,-1,Echolocation,/mnt/ubna_data_02_mir/recover-20221013/UBNA_001/20221012_030000.WAV,Telephone Field,recover-20221013,001,1795
1314.7535,1314.7601,24609,34387,Plecotus austriacus,0.009,0.024,-1,Echolocation,/mnt/ubna_data_02_mir/recover-20221013/UBNA_001/20221012_030000.WAV,Telephone Field,recover-20221013,001,1795
1314.7765,1314.7847,28906,39465,Eptesicus serotinus,0.007,0.023,-1,Echolocation,/mnt/ubna_data_02_mir/recover-20221013/UBNA_001/20221012_030000.WAV,Telephone Field,recover-20221013,001,1795
1314.7875,1314.7942,28906,40572,Eptesicus serotinus,0.005,0.023,-1,Echolocation,/mnt/ubna_data_02_mir/recover-20221013/UBNA_001/20221012_030000.WAV,Telephone Field,recover-20221013,001,1795
1314.7885,1314.8271,68437,82308,Rhinolophus ferrumequinum,0.024,0.024,-1,Echolocation,/mnt/ubna_data_02_mir/recover-20221013/UBNA_001/20221012_030000.WAV,Telephone Field,recover-20221013,001,1795
1314.7985,1314.8366,68437,82084,Rhinolophus ferrumequinum,0.034,0.034,-1,Echolocation,/mnt/ubna_data_02_mir/recover-20221013/UBNA_001/20221012_030000.WAV,Telephone Field,recover-20221013,001,1795
1314.8235,1314.863,68437,82083,Rhinolophus ferrumequinum,0.023,0.023,-1,Echolocation,/mnt/ubna_data_02_mir/recover-20221013/UBNA_001/20221012_030000.WAV,Telephone Field,recover-20221013,001,1795
1314.8315,1314.8716,68437,82838,Rhinolophus ferrumequinum,0.024,0.024,-1,Echolocation,/mnt/ubna_data_02_mir/recover-20221013/UBNA_001/20221012_030000.WAV,Telephone Field,recover-20221013,001,1795
1314.8665,1314.8785,23750,30459,Nyctalus leisleri,0.02,0.045,-1,Echolocation,/mnt/ubna_data_02_mir/recover-20221013/UBNA_001/20221012_030000.WAV,Telephone Field,recover-20221013,001,1795
1314.8795,1314.9182,68437,81829,Rhinolophus ferrumequinum,0.023,0.023,-1,Echolocation,/mnt/ubna_data_02_mir/recover-20221013/UBNA_001/20221012_030000.WAV,Telephone Field,recover-20221013,001,1795
1314.9115,1314.9514,68437,82278,Rhinolophus ferrumequinum,0.031,0.031,-1,Echolocation,/mnt/ubna_data_02_mir/recover-20221013/UBNA_001/20221012_030000.WAV,Telephone Field,recover-20221013,001,1795
1314.9335,1314.9403,46093,54024,Pipistrellus pipistrellus,0.018,0.022,-1,Echolocation,/mnt/ubna_data_02_mir/recover-20221013/UBNA_001/20221012_030000.WAV,Telephone Field,recover-20221013,001,1795
1314.9355,1314.9753,68437,82975,Rhinolophus ferrumequinum,0.024,0.024,-1,Echolocation,/mnt/ubna_data_02_mir/recover-20221013/UBNA_001/20221012_030000.WAV,Telephone Field,recover-20221013,001,1795
1314.9555,1314.996,68437,82488,Rhinolophus ferrumequinum,0.023,0.023,-1,Echolocation,/mnt/ubna_data_02_mir/recover-20221013/UBNA_001/20221012_030000.WAV,Telephone Field,recover-20221013,001,1795
1314.9585,1314.9657,27187,40258,Eptesicus serotinus,0.013,0.035,-1,Echolocation,/mnt/ubna_data_02_mir/recover-20221013/UBNA_001/20221012_030000.WAV,Telephone Field,recover-20221013,001,1795
1314.9815,1314.9938,34062,40627,Eptesicus serotinus,0.009,0.031,-1,Echolocation,/mnt/ubna_data_02_mir/recover-20221013/UBNA_001/20221012_030000.WAV,Telephone Field,recover-20221013,001,1795
1315.0065,1315.0471,68437,82387,Rhinolophus ferrumequinum,0.023,0.023,-1,Echolocation,/mnt/ubna_data_02_mir/recover-20221013/UBNA_001/20221012_030000.WAV,Telephone Field,recover-20221013,001,1795
1315.0145,1315.0547,68437,82653,Rhinolophus ferrumequinum,0.022,0.022,-1,Echolocation,/mnt/ubna_data_02_mir/recover-20221013/UBNA_001/20221012_030000.WAV,Telephone Field,recover-20221013,001,1795
1315.0305,1315.0389,28046,39823,Eptesicus serotinus,0.009,0.023,-1,Echolocation,/mnt/ubna_data_02_mir/recover-20221013/UBNA_001/20221012_030000.WAV,Telephone Field,recover-20221013,001,1795
1315.0355,1315.045,23750,30810,Nyctalus leisleri,0.007,0.022,-1,Echolocation,/mnt/ubna_data_02_mir/recover-20221013/UBNA_001/20221012_030000.WAV,Telephone Field,recover-20221013,001,1795
1315.0475,1315.086,68437,81952,Rhinolophus ferrumequinum,0.023,0.023,-1,Echolocation,/mnt/ubna_data_02_mir/recover-20221013/UBNA_001/20221012_030000.WAV,Telephone Field,recover-20221013,001,1795
1315.0685,1315.1037,68437,81274,Rhinolophus ferrumequinum,0.023,0.023,-1,Echolocation,/mnt/ubna_data_02_mir/recover-20221013/UBNA_001/20221012_030000.WAV,Telephone Field,recover-20221013,001,1795
1315.1015,1315.1087,28046,37291,Eptesicus serotinus,0.01,0.027,-1,Echolocation,/mnt/ubna_data_02_mir/recover-20221013/UBNA_001/20221012_030000.WAV,Telephone Field,recover-20221013,001,1795
1315.1025,1315.1121,22031,28576,Plecotus austriacus,0.01,0.027,-1,Echolocation,/mnt/ubna_data_02_mir/recover-20221013/UBNA_001/20221012_030000.WAV,Telephone Field,recover-20221013,001,1795
1315.1205,1315.1675,68437,83761,Rhinolophus ferrumequinum,0.073,0.073,-1,Echolocation,/mnt/ubna_data_02_mir/recover-20221013/UBNA_001/20221012_030000.WAV,Telephone Field,recover-20221013,001,1795
1315.1455,1315.1909,68437,83879,Rhinolophus ferrumequinum,0.031,0.031,-1,Echolocation,/mnt/ubna_data_02_mir/recover-20221013/UBNA_001/20221012_030000.WAV,Telephone Field,recover-20221013,001,1795
1315.1555,1315.1629,23750,32801,Plecotus austriacus,0.009,0.023,-1,Echolocation,/mnt/ubna_data_02_mir/recover-20221013/UBNA_001/20221012_030000.WAV,Telephone Field,recover-20221013,001,1795
1315.1675,1315.2065,68437,82262,Rhinolophus ferrumequinum,0.024,0.024,-1,Echolocation,/mnt/ubna_data_02_mir/recover-20221013/UBNA_001/20221012_030000.WAV,Telephone Field,recover-20221013,001,1795
1315.1765,1315.2178,68437,82160,Rhinolophus ferrumequinum,0.023,0.023,-1,Echolocation,/mnt/ubna_data_02_mir/recover-20221013/UBNA_001/20221012_030000.WAV,Telephone Field,recover-20221013,001,1795
1315.2285,1315.2656,68437,81479,Rhinolophus ferrumequinum,0.023,0.023,-1,Echolocation,/mnt/ubna_data_02_mir/recover-20221013/UBNA_001/20221012_030000.WAV,Telephone Field,recover-20221013,001,1795
1315.2305,1315.2383,27187,42847,Eptesicus serotinus,0.007,0.022,-1,Echolocation,/mnt/ubna_data_02_mir/recover-20221013/UBNA_001/20221012_030000.WAV,Telephone Field,recover-20221013,001,1795
1315.2465,1315.284,68437,82111,Rhinolophus ferrumequinum,0.023,0.023,-1,Echolocation,/mnt/ubna_data_02_mir/recover-20221013/UBNA_001/20221012_030000.WAV,Telephone Field,recover-20221013,001,1795
1315.2515,1315.2881,68437,81564,Rhinolophus ferrumequinum,0.022,0.022,-1,Echolocation,/mnt/ubna_data_02_mir/recover-20221013/UBNA_001/20221012_030000.WAV,Telephone Field,recover-20221013,001,1795
1315.2845,1315.3222,68437,81894,Rhinolophus ferrumequinum,0.024,0.024,-1,Echolocation,/mnt/ubna_data_02_mir/recover-20221013/UBNA_001/20221012_030000.WAV,Telephone Field,recover-20221013,001,1795
1315.3315,1315.3703,68437,81650,Rhinolophus ferrumequinum,0.024,0.024,-1,Echolocation,/mnt/ubna_data_02_mir/recover-20221013/UBNA_001/20221012_030000.WAV,Telephone Field,recover-20221013,001,1795
1315.3445,1315.3537,25468,34208,Eptesicus serotinus,0.009,0.022,-1,Echolocation,/mnt/ubna_data_02_mir/recover-20221013/UBNA_001/20221012_030000.WAV,Telephone Field,recover-20221013,001,1795
1315.3875,1315.4247,68437,81155,Rhinolophus ferrumequinum,0.024,0.024,-1,Echolocation,/mnt/ubna_data_02_mir/recover-20221013/UBNA_001/20221012_030000.WAV,Telephone Field,recover-20221013,001,1795
1315.4785,1315.5109,68437,80107,Rhinolophus ferrumequinum,0.023,0.023,-1,Echolocation,/mnt/ubna_data_02_mir/recover-20221013/UBNA_001/20221012_030000.WAV,Telephone Field,recover-20221013,001,1795
1315.4815,1315.4977,22031,25965,Nyctalus leisleri,0.019,0.035,-1,Echolocation,/mnt/ubna_data_02_mir/recover-20221013/UBNA_001/20221012_030000.WAV,Telephone Field,recover-20221013,001,1795
1315.5005,1315.5409,68437,82616,Rhinolophus ferrumequinum,0.029,0.029,-1,Echolocation,/mnt/ubna_data_02_mir/recover-20221013/UBNA_001/20221012_030000.WAV,Telephone Field,recover-20221013,001,1795
1315.5285,1315.5653,68437,81577,Rhinolophus ferrumequinum,0.028,0.028,-1,Echolocation,/mnt/ubna_data_02_mir/recover-20221013/UBNA_001/20221012_030000.WAV,Telephone Field,recover-20221013,001,1795
1315.5345,1315.5417,24609,34806,Plecotus austriacus,0.012,0.031,-1,Echolocation,/mnt/ubna_data_02_mir/recover-20221013/UBNA_001/20221012_030000.WAV,Telephone Field,recover-20221013,001,1795
1315.5525,1315.593,68437,82930,Rhinolophus ferrumequinum,0.028,0.028,-1,Echolocation,/mnt/ubna_data_02_mir/recover-20221013/UBNA_001/20221012_030000.WAV,Telephone Field,recover-20221013,001,1795
1315.5565,1315.5672,24609,31629,Eptesicus serotinus,0.01,0.029,-1,Echolocation,/mnt/ubna_data_02_mir/recover-20221013/UBNA_001/20221012_030000.WAV,Telephone Field,recover-20221013,001,1795
1315.5855,1315.5937,28046,41479,Eptesicus serotinus,0.01,0.028,-1,Echolocation,/mnt/ubna_data_02_mir/recover-20221013/UBNA_001/20221012_030000.WAV,Telephone Field,recover-20221013,001,1795
1315.6115,1315.6559,68437,83469,Rhinolophus ferrumequinum,0.061,0.061,-1,Echolocation,/mnt/ubna_data_02_mir/recover-20221013/UBNA_001/20221012_030000.WAV,Telephone Field,recover-20221013,001,1795
1315.6705,1315.7121,68437,83476,Rhinolophus ferrumequinum,0.022,0.022,-1,Echolocation,/mnt/ubna_data_02_mir/recover-20221013/UBNA_001/20221012_030000.WAV,Telephone Field,recover-20221013,001,1795
1315.6815,1315.6902,28046,38901,Eptesicus serotinus,0.008,0.023,-1,Echolocation,/mnt/ubna_data_02_mir/recover-20221013/UBNA_001/20221012_030000.WAV,Telephone Field,recover-20221013,001,1795
1315.6995,1315.7352,68437,80689,Rhinolophus ferrumequinum,0.022,0.022,-1,Echolocation,/mnt/ubna_data_02_mir/recover-20221013/UBNA_001/20221012_030000.WAV,Telephone Field,recover-20221013,001,1795
1315.7175,1315.7256,26328,37174,Eptesicus serotinus,0.009,0.025,-1,Echolocation,/mnt/ubna_data_02_mir/recover-20221013/UBNA_001/20221012_030000.WAV,Telephone Field,recover-20221013,001,1795
1315.7375,1315.7741,68437,81496,Rhinolophus ferrumequinum,0.022,0.022,-1,Echolocation,/mnt/ubna_data_02_mir/recover-20221013/UBNA_001/20221012_030000.WAV,Telephone Field,recover-20221013,001,1795
1315.7475,1315.7842,68437,82177,Rhinolophus ferrumequinum,0.022,0.022,-1,Echolocation,/mnt/ubna_data_02_mir/recover-20221013/UBNA_001/20221012_030000.WAV,Telephone Field,recover-20221013,001,1795
1315.7685,1315.8047,68437,81347,Rhinolophus ferrumequinum,0.023,0.023,-1,Echolocation,/mnt/ubna_data_02_mir/recover-20221013/UBNA_001/20221012_030000.WAV,Telephone Field,recover-20221013,001,1795
1315.8035,1315.8124,22890,30317,Plecotus austriacus,0.01,0.026,-1,Echolocation,/mnt/ubna_data_02_mir/recover-20221013/UBNA_001/20221012_030000.WAV,Telephone Field,recover-20221013,001,1795
1315.8315,1315.8694,68437,82493,Rhinolophus ferrumequinum,0.022,0.022,-1,Echolocation,/mnt/ubna_data_02_mir/recover-20221013/UBNA_001/20221012_030000.WAV,Telephone Field,recover-20221013,001,1795
1315.8345,1315.8429,25468,33735,Eptesicus serotinus,0.007,0.022,-1,Echolocation,/mnt/ubna_data_02_mir/recover-20221013/UBNA_001/20221012_030000.WAV,Telephone Field,recover-20221013,001,1795
1315.8495,1315.8577,28046,40387,Eptesicus serotinus,0.008,0.022,-1,Echolocation,/mnt/ubna_data_02_mir/recover-20221013/UBNA_001/20221012_030000.WAV,Telephone Field,recover-20221013,001,1795
1315.8745,1315.9167,68437,82719,Rhinolophus ferrumequinum,0.024,0.024,-1,Echolocation,/mnt/ubna_data_02_mir/recover-20221013/UBNA_001/20221012_030000.WAV,Telephone Field,recover-20221013,001,1795
1316.0015,1316.0328,69296,82290,Rhinolophus ferrumequinum,0.048,0.048,-1,Echolocation,/mnt/ubna_data_02_mir/recover-20221013/UBNA_001/20221012_030000.WAV,Telephone Field,recover-20221013,001,1795
1316.0015,1316.0097,22890,29404,Nyctalus leisleri,0.01,0.027,-1,Echolocation,/mnt/ubna_data_02_mir/recover-20221013/UBNA_001/20221012_030000.WAV,Telephone Field,recover-20221013,001,1795
1316.0265,1316.0609,68437,80884,Rhinolophus ferrumequinum,0.024,0.024,-1,Echolocation,/mnt/ubna_data_02_mir/recover-20221013/UBNA_001/20221012_030000.WAV,Telephone Field,recover-20221013,001,1795
1316.0445,1316.0527,28046,41052,Eptesicus serotinus,0.008,0.023,-1,Echolocation,/mnt/ubna_data_02_mir/recover-20221013/UBNA_001/20221012_030000.WAV,Telephone Field,recover-20221013,001,1795
1316.0905,1316.1009,21171,25316,Nyctalus leisleri,0.01,0.023,-1,Echolocation,/mnt/ubna_data_02_mir/recover-20221013/UBNA_001/20221012_030000.WAV,Telephone Field,recover-20221013,001,1795
1316.1375,1316.1769,68437,82351,Rhinolophus ferrumequinum,0.024,0.024,-1,Echolocation,/mnt/ubna_data_02_mir/recover-20221013/UBNA_001/20221012_030000.WAV,Telephone Field,recover-20221013,001,1795
1316.1825,1316.1925,51250,57068,Pipistrellus pipistrellus,0.025,0.031,-1,Echolocation,/mnt/ubna_data_02_mir/recover-20221013/UBNA_001/20221012_030000.WAV,Telephone Field,recover-20221013,001,1795
1316.1885,1316.1958,23750,32710,Plecotus austriacus,0.013,0.026,-1,Echolocation,/mnt/ubna_data_02_mir/recover-20221013/UBNA_001/20221012_030000.WAV,Telephone Field,recover-20221013,001,1795
1316.2085,1316.2469,68437,81768,Rhinolophus ferrumequinum,0.022,0.022,-1,Echolocation,/mnt/ubna_data_02_mir/recover-20221013/UBNA_001/20221012_030000.WAV,Telephone Field,recover-20221013,001,1795
1316.2095,1316.2165,26328,41047,Eptesicus serotinus,0.006,0.024,-1,Echolocation,/mnt/ubna_data_02_mir/recover-20221013/UBNA_001/20221012_030000.WAV,Telephone Field,recover-20221013,001,1795
1316.2155,1316.2543,68437,82416,Rhinolophus ferrumequinum,0.025,0.025,-1,Echolocation,/mnt/ubna_data_02_mir/recover-20221013/UBNA_001/20221012_030000.WAV,Telephone Field,recover-20221013,001,1795
1316.2285,1316.2359,28046,39967,Eptesicus serotinus,0.008,0.025,-1,Echolocation,/mnt/ubna_data_02_mir/recover-20221013/UBNA_001/20221012_030000.WAV,Telephone Field,recover-20221013,001,1795
1316.2535,1316.2938,68437,81826,Rhinolophus ferrumequinum,0.029,0.029,-1,Echolocation,/mnt/ubna_data_02_mir/recover-20221013/UBNA_001/20221012_030000.WAV,Telephone Field,recover-20221013,001,1795
1316.2585,1316.2653,23750,33930,Plecotus austriacus,0.016,0.034,-1,Echolocation,/mnt/ubna_data_02_mir/recover-20221013/UBNA_001/20221012_030000.WAV,Telephone Field,recover-20221013,001,1795
1316.2805,1316.2865,32343,54126,Myotis daubentonii,0.011,0.023,-1,Echolocation,/mnt/ubna_data_02_mir/recover-20221013/UBNA_001/20221012_030000.WAV,Telephone Field,recover-20221013,001,1795
1316.3075,1316.3451,68437,81710,Rhinolophus ferrumequinum,0.022,0.022,-1,Echolocation,/mnt/ubna_data_02_mir/recover-20221013/UBNA_001/20221012_030000.WAV,Telephone Field,recover-20221013,001,1795
1316.3145,1316.3247,26328,34735,Eptesicus serotinus,0.011,0.028,-1,Echolocation,/mnt/ubna_data_02_mir/recover-20221013/UBNA_001/20221012_030000.WAV,Telephone Field,recover-20221013,001,1795
1316.3215,1316.3317,28906,37271,Eptesicus serotinus,0.011,0.027,-1,Echolocation,/mnt/ubna_data_02_mir/recover-20221013/UBNA_001/20221012_030000.WAV,Telephone Field,recover-20221013,001,1795
1316.3555,1316.394,68437,82465,Rhinolophus ferrumequinum,0.022,0.022,-1,Echolocation,/mnt/ubna_data_02_mir/recover-20221013/UBNA_001/20221012_030000.WAV,Telephone Field,recover-20221013,001,1795
1316.3605,1316.3709,24609,30313,Nyctalus leisleri,0.014,0.035,-1,Echolocation,/mnt/ubna_data_02_mir/recover-20221013/UBNA_001/20221012_030000.WAV,Telephone Field,recover-20221013,001,1795
1316.3615,1316.3772,16875,22135,Nyctalus noctula,0.016,0.023,-1,Echolocation,/mnt/ubna_data_02_mir/recover-20221013/UBNA_001/20221012_030000.WAV,Telephone Field,recover-20221013,001,1795
1316.3865,1316.3941,26328,39094,Myotis nattereri,0.006,0.026,-1,Echolocation,/mnt/ubna_data_02_mir/recover-20221013/UBNA_001/20221012_030000.WAV,Telephone Field,recover-20221013,001,1795
1316.3875,1316.3925,33203,47110,Myotis daubentonii,0.012,0.028,-1,Echolocation,/mnt/ubna_data_02_mir/recover-20221013/UBNA_001/20221012_030000.WAV,Telephone Field,recover-20221013,001,1795
1316.4205,1316.4609,68437,82806,Rhinolophus ferrumequinum,0.022,0.022,-1,Echolocation,/mnt/ubna_data_02_mir/recover-20221013/UBNA_001/20221012_030000.WAV,Telephone Field,recover-20221013,001,1795
1316.4245,1316.4329,28046,44304,Eptesicus serotinus,0.009,0.023,-1,Echolocation,/mnt/ubna_data_02_mir/recover-20221013/UBNA_001/20221012_030000.WAV,Telephone Field,recover-20221013,001,1795
1316.4435,1316.4522,26328,34618,Eptesicus serotinus,0.009,0.022,-1,Echolocation,/mnt/ubna_data_02_mir/recover-20221013/UBNA_001/20221012_030000.WAV,Telephone Field,recover-20221013,001,1795
1316.4455,1316.4859,68437,82437,Rhinolophus ferrumequinum,0.022,0.022,-1,Echolocation,/mnt/ubna_data_02_mir/recover-20221013/UBNA_001/20221012_030000.WAV,Telephone Field,recover-20221013,001,1795
1316.4665,1316.5076,68437,82729,Rhinolophus ferrumequinum,0.023,0.023,-1,Echolocation,/mnt/ubna_data_02_mir/recover-20221013/UBNA_001/20221012_030000.WAV,Telephone Field,recover-20221013,001,1795
1316.4735,1316.4846,22890,28258,Nyctalus leisleri,0.014,0.028,-1,Echolocation,/mnt/ubna_data_02_mir/recover-20221013/UBNA_001/20221012_030000.WAV,Telephone Field,recover-20221013,001,1795
1316.5215,1316.5573,68437,80863,Rhinolophus ferrumequinum,0.024,0.024,-1,Echolocation,/mnt/ubna_data_02_mir/recover-20221013/UBNA_001/20221012_030000.WAV,Telephone Field,recover-20221013,001,1795
1316.5275,1316.5618,68437,80922,Rhinolophus ferrumequinum,0.024,0.024,-1,Echolocation,/mnt/ubna_data_02_mir/recover-20221013/UBNA_001/20221012_030000.WAV,Telephone Field,recover-20221013,001,1795
1316.5305,1316.5384,27187,38827,Eptesicus serotinus,0.007,0.022,-1,Echolocation,/mnt/ubna_data_02_mir/recover-20221013/UBNA_001/20221012_030000.WAV,Telephone Field,recover-20221013,001,1795
1316.5675,1316.5771,24609,30666,Nyctalus leisleri,0.008,0.022,-1,Echolocation,/mnt/ubna_data_02_mir/recover-20221013/UBNA_001/20221012_030000.WAV,Telephone Field,recover-20221013,001,1795
1316.5785,1316.6156,68437,82014,Rhinolophus ferrumequinum,0.023,0.023,-1,Echolocation,/mnt/ubna_data_02_mir/recover-20221013/UBNA_001/20221012_030000.WAV,Telephone Field,recover-20221013,001,1795
1316.5825,1316.5939,44375,50754,Pipistrellus pipistrellus,0.021,0.029,-1,Echolocation,/mnt/ubna_data_02_mir/recover-20221013/UBNA_001/20221012_030000.WAV,Telephone Field,recover-20221013,001,1795
1316.6095,1316.6461,68437,82449,Rhinolophus ferrumequinum,0.025,0.025,-1,Echolocation,/mnt/ubna_data_02_mir/recover-20221013/UBNA_001/20221012_030000.WAV,Telephone Field,recover-20221013,001,1795
1316.6355,1316.6757,68437,82308,Rhinolophus ferrumequinum,0.022,0.022,-1,Echolocation,/mnt/ubna_data_02_mir/recover-20221013/UBNA_001/20221012_030000.WAV,Telephone Field,recover-20221013,001,1795
1316.7155,1316.7555,68437,81779,Rhinolophus ferrumequinum,0.025,0.025,-1,Echolocation,/mnt/ubna_data_02_mir/recover-20221013/UBNA_001/20221012_030000.WAV,Telephone Field,recover-20221013,001,1795
1316.7445,1316.7876,68437,83118,Rhinolophus ferrumequinum,0.033,0.033,-1,Echolocation,/mnt/ubna_data_02_mir/recover-20221013/UBNA_001/20221012_030000.WAV,Telephone Field,recover-20221013,001,1795
1316.7495,1316.7611,22890,28267,Nyctalus leisleri,0.013,0.026,-1,Echolocation,/mnt/ubna_data_02_mir/recover-20221013/UBNA_001/20221012_030000.WAV,Telephone Field,recover-20221013,001,1795
1316.7835,1316.7902,52109,58744,Pipistrellus pipistrellus,0.03,0.037,-1,Echolocation,/mnt/ubna_data_02_mir/recover-20221013/UBNA_001/20221012_030000.WAV,Telephone Field,recover-20221013,001,1795
1316.7865,1316.7916,37500,70173,Myotis mystacinus,0.008,0.024,-1,Echolocation,/mnt/ubna_data_02_mir/recover-20221013/UBNA_001/20221012_030000.WAV,Telephone Field,recover-20221013,001,1795
1316.8105,1316.8194,25468,33842,Eptesicus serotinus,0.006,0.022,-1,Echolocation,/mnt/ubna_data_02_mir/recover-20221013/UBNA_001/20221012_030000.WAV,Telephone Field,recover-20221013,001,1795
1316.8485,1316.8842,68437,81780,Rhinolophus ferrumequinum,0.027,0.027,-1,Echolocation,/mnt/ubna_data_02_mir/recover-20221013/UBNA_001/20221012_030000.WAV,Telephone Field,recover-20221013,001,1795
1316.8865,1316.9242,68437,81885,Rhinolophus ferrumequinum,0.022,0.022,-1,Echolocation,/mnt/ubna_data_02_mir/recover-20221013/UBNA_001/20221012_030000.WAV,Telephone Field,recover-20221013,001,1795
1316.9125,1316.9228,24609,31999,Eptesicus serotinus,0.009,0.027,-1,Echolocation,/mnt/ubna_data_02_mir/recover-20221013/UBNA_001/20221012_030000.WAV,Telephone Field,recover-20221013,001,1795
1316.9345,1316.9711,68437,82035,Rhinolophus ferrumequinum,0.023,0.023,-1,Echolocation,/mnt/ubna_data_02_mir/recover-20221013/UBNA_001/20221012_030000.WAV,Telephone Field,recover-20221013,001,1795
1316.9435,1316.9796,68437,81875,Rhinolophus ferrumequinum,0.023,0.023,-1,Echolocation,/mnt/ubna_data_02_mir/recover-20221013/UBNA_001/20221012_030000.WAV,Telephone Field,recover-20221013,001,1795
1316.9585,1316.9669,27187,39340,Eptesicus serotinus,0.008,0.022,-1,Echolocation,/mnt/ubna_data_02_mir/recover-20221013/UBNA_001/20221012_030000.WAV,Telephone Field,recover-20221013,001,1795
1316.9735,1316.9816,28906,37856,Eptesicus serotinus,0.009,0.026,-1,Echolocation,/mnt/ubna_data_02_mir/recover-20221013/UBNA_001/20221012_030000.WAV,Telephone Field,recover-20221013,001,1795
1316.9935,1317.0008,28046,43582,Eptesicus serotinus,0.007,0.022,-1,Echolocation,/mnt/ubna_data_02_mir/recover-20221013/UBNA_001/20221012_030000.WAV,Telephone Field,recover-20221013,001,1795
1317.0045,1317.0158,28906,35859,Eptesicus serotinus,0.011,0.023,-1,Echolocation,/mnt/ubna_data_02_mir/recover-20221013/UBNA_001/20221012_030000.WAV,Telephone Field,recover-20221013,001,1795
1317.0095,1317.0487,68437,81629,Rhinolophus ferrumequinum,0.025,0.025,-1,Echolocation,/mnt/ubna_data_02_mir/recover-20221013/UBNA_001/20221012_030000.WAV,Telephone Field,recover-20221013,001,1795
1317.0125,1317.0212,28046,38712,Eptesicus serotinus,0.009,0.024,-1,Echolocation,/mnt/ubna_data_02_mir/recover-20221013/UBNA_001/20221012_030000.WAV,Telephone Field,recover-20221013,001,1795
1317.0385,1317.0471,42656,47661,Pipistrellus pipistrellus,0.026,0.035,-1,Echolocation,/mnt/ubna_data_02_mir/recover-20221013/UBNA_001/20221012_030000.WAV,Telephone Field,recover-20221013,001,1795
1317.0695,1317.1079,68437,81835,Rhinolophus ferrumequinum,0.029,0.029,-1,Echolocation,/mnt/ubna_data_02_mir/recover-20221013/UBNA_001/20221012_030000.WAV,Telephone Field,recover-20221013,001,1795
1317.0745,1317.0852,22890,27554,Nyctalus leisleri,0.011,0.022,-1,Echolocation,/mnt/ubna_data_02_mir/recover-20221013/UBNA_001/20221012_030000.WAV,Telephone Field,recover-20221013,001,1795
1317.0885,1317.1286,68437,82433,Rhinolophus ferrumequinum,0.025,0.025,-1,Echolocation,/mnt/ubna_data_02_mir/recover-20221013/UBNA_001/20221012_030000.WAV,Telephone Field,recover-20221013,001,1795
1317.0955,1317.1055,28906,36698,Eptesicus serotinus,0.014,0.031,-1,Echolocation,/mnt/ubna_data_02_mir/recover-20221013/UBNA_001/20221012_030000.WAV,Telephone Field,recover-20221013,001,1795
1317.1165,1317.1574,68437,82479,Rhinolophus ferrumequinum,0.023,0.023,-1,Echolocation,/mnt/ubna_data_02_mir/recover-20221013/UBNA_001/20221012_030000.WAV,Telephone Field,recover-20221013,001,1795
1317.1325,1317.1408,28906,40667,Eptesicus serotinus,0.007,0.022,-1,Echolocation,/mnt/ubna_data_02_mir/recover-20221013/UBNA_001/20221012_030000.WAV,Telephone Field,recover-20221013,001,1795
1317.1325,1317.17,68437,82004,Rhinolophus ferrumequinum,0.023,0.023,-1,Echolocation,/mnt/ubna_data_02_mir/recover-20221013/UBNA_001/20221012_030000.WAV,Telephone Field,recover-20221013,001,1795
1317.1845,1317.1926,23750,32280,Plecotus austriacus,0.012,0.028,-1,Echolocation,/mnt/ubna_data_02_mir/recover-20221013/UBNA_001/20221012_030000.WAV,Telephone Field,recover-20221013,001,1795
1317.2285,1317.2725,68437,82534,Rhinolophus ferrumequinum,0.032,0.032,-1,Echolocation,/mnt/ubna_data_02_mir/recover-20221013/UBNA_001/20221012_030000.WAV,Telephone Field,recover-20221013,001,1795
1317.2345,1317.242,26328,39379,Eptesicus serotinus,0.007,0.025,-1,Echolocation,/mnt/ubna_data_02_mir/recover-20221013/UBNA_001/20221012_030000.WAV,Telephone Field,recover-20221013,001,1795
1317.2525,1317.2624,22031,27426,Nyctalus leisleri,0.008,0.023,-1,Echolocation,/mnt/ubna_data_02_mir/recover-20221013/UBNA_001/20221012_030000.WAV,Telephone Field,recover-20221013,001,1795
1317.2815,1317.3144,68437,80840,Rhinolophus ferrumequinum,0.026,0.026,-1,Echolocation,/mnt/ubna_data_02_mir/recover-20221013/UBNA_001/20221012_030000.WAV,Telephone Field,recover-20221013,001,1795
1317.3275,1317.3672,68437,81899,Rhinolophus ferrumequinum,0.046,0.046,-1,Echolocation,/mnt/ubna_data_02_mir/recover-20221013/UBNA_001/20221012_030000.WAV,Telephone Field,recover-20221013,001,1795
1317.3415,1317.3516,21171,26955,Plecotus austriacus,0.008,0.025,-1,Echolocation,/mnt/ubna_data_02_mir/recover-20221013/UBNA_001/20221012_030000.WAV,Telephone Field,recover-20221013,001,1795
1317.3695,1317.3764,26328,40999,Eptesicus serotinus,0.006,0.023,-1,Echolocation,/mnt/ubna_data_02_mir/recover-20221013/UBNA_001/20221012_030000.WAV,Telephone Field,recover-20221013,001,1795
1317.3695,1317.4041,68437,81639,Rhinolophus ferrumequinum,0.022,0.022,-1,Echolocation,/mnt/ubna_data_02_mir/recover-20221013/UBNA_001/20221012_030000.WAV,Telephone Field,recover-20221013,001,1795
1317.3815,1317.4232,68437,82964,Rhinolophus ferrumequinum,0.022,0.022,-1,Echolocation,/mnt/ubna_data_02_mir/recover-20221013/UBNA_001/20221012_030000.WAV,Telephone Field,recover-20221013,001,1795
1317.3995,1317.4136,54687,58719,Pipistrellus pygmaeus,0.022,0.024,-1,Echolocation,/mnt/ubna_data_02_mir/recover-20221013/UBNA_001/20221012_030000.WAV,Telephone Field,recover-20221013,001,1795
1317.4105,1317.42,28046,35852,Eptesicus serotinus,0.01,0.023,-1,Echolocation,/mnt/ubna_data_02_mir/recover-20221013/UBNA_001/20221012_030000.WAV,Telephone Field,recover-20221013,001,1795
1317.4215,1317.4282,28046,40905,Eptesicus serotinus,0.011,0.033,-1,Echolocation,/mnt/ubna_data_02_mir/recover-20221013/UBNA_001/20221012_030000.WAV,Telephone Field,recover-20221013,001,1795
1317.4345,1317.4715,68437,81223,Rhinolophus ferrumequinum,0.023,0.023,-1,Echolocation,/mnt/ubna_data_02_mir/recover-20221013/UBNA_001/20221012_030000.WAV,Telephone Field,recover-20221013,001,1795
1317.4525,1317.4663,14296,19339,Nyctalus noctula,0.017,0.026,-1,Echolocation,/mnt/ubna_data_02_mir/recover-20221013/UBNA_001/20221012_030000.WAV,Telephone Field,recover-20221013,001,1795
1317.4765,1317.5156,68437,82868,Rhinolophus ferrumequinum,0.027,0.027,-1,Echolocation,/mnt/ubna_data_02_mir/recover-20221013/UBNA_001/20221012_030000.WAV,Telephone Field,recover-20221013,001,1795
1317.5315,1317.5389,23750,32421,Plecotus austriacus,0.012,0.024,-1,Echolocation,/mnt/ubna_data_02_mir/recover-20221013/UBNA_001/20221012_030000.WAV,Telephone Field,recover-20221013,001,1795
1317.5475,1317.588,68437,83089,Rhinolophus ferrumequinum,0.026,0.026,-1,Echolocation,/mnt/ubna_data_02_mir/recover-20221013/UBNA_001/20221012_030000.WAV,Telephone Field,recover-20221013,001,1795
1317.5495,1317.5601,22890,28555,Nyctalus leisleri,0.01,0.024,-1,Echolocation,/mnt/ubna_data_02_mir/recover-20221013/UBNA_001/20221012_030000.WAV,Telephone Field,recover-20221013,001,1795
1317.5575,1317.5684,22890,28203,Nyctalus leisleri,0.012,0.027,-1,Echolocation,/mnt/ubna_data_02_mir/recover-20221013/UBNA_001/20221012_030000.WAV,Telephone Field,recover-20221013,001,1795
1317.6045,1317.642,68437,82139,Rhinolophus ferrumequinum,0.022,0.023,-1,Echolocation,/mnt/ubna_data_02_mir/recover-20221013/UBNA_001/20221012_030000.WAV,Telephone Field,recover-20221013,001,1795
1317.6055,1317.6132,48671,52959,Pipistrellus pipistrellus,0.03,0.032,-1,Echolocation,/mnt/ubna_data_02_mir/recover-20221013/UBNA_001/20221012_030000.WAV,Telephone Field,recover-20221013,001,1795
1317.6375,1317.6442,27187,37260,Eptesicus serotinus,0.008,0.029,-1,Echolocation,/mnt/ubna_data_02_mir/recover-20221013/UBNA_001/20221012_030000.WAV,Telephone Field,recover-20221013,001,1795
1317.6595,1317.6682,26328,34500,Eptesicus serotinus,0.012,0.03,-1,Echolocation,/mnt/ubna_data_02_mir/recover-20221013/UBNA_001/20221012_030000.WAV,Telephone Field,recover-20221013,001,1795
1317.6605,1317.7018,68437,82375,Rhinolophus ferrumequinum,0.029,0.029,-1,Echolocation,/mnt/ubna_data_02_mir/recover-20221013/UBNA_001/20221012_030000.WAV,Telephone Field,recover-20221013,001,1795
1317.7105,1317.722,22031,27083,Nyctalus leisleri,0.012,0.025,-1,Echolocation,/mnt/ubna_data_02_mir/recover-20221013/UBNA_001/20221012_030000.WAV,Telephone Field,recover-20221013,001,1795
1317.7405,1317.751,22031,27340,Nyctalus leisleri,0.01,0.023,-1,Echolocation,/mnt/ubna_data_02_mir/recover-20221013/UBNA_001/20221012_030000.WAV,Telephone Field,recover-20221013,001,1795
1317.8505,1317.8566,46093,52979,Pipistrellus pipistrellus,0.02,0.023,-1,Echolocation,/mnt/ubna_data_02_mir/recover-20221013/UBNA_001/20221012_030000.WAV,Telephone Field,recover-20221013,001,1795
1317.8795,1317.8869,27187,40868,Eptesicus serotinus,0.007,0.023,-1,Echolocation,/mnt/ubna_data_02_mir/recover-20221013/UBNA_001/20221012_030000.WAV,Telephone Field,recover-20221013,001,1795
1317.9325,1317.9433,22031,26416,Nyctalus leisleri,0.011,0.022,-1,Echolocation,/mnt/ubna_data_02_mir/recover-20221013/UBNA_001/20221012_030000.WAV,Telephone Field,recover-20221013,001,1795
1317.9795,1317.9857,24609,35674,Plecotus austriacus,0.023,0.049,-1,Echolocation,/mnt/ubna_data_02_mir/recover-20221013/UBNA_001/20221012_030000.WAV,Telephone Field,recover-20221013,001,1795
1318.0015,1318.015,14296,19703,Nyctalus noctula,0.008,0.022,-1,Echolocation,/mnt/ubna_data_02_mir/recover-20221013/UBNA_001/20221012_030000.WAV,Telephone Field,recover-20221013,001,1795
1318.0015,1318.0103,21171,26245,Nyctalus leisleri,0.011,0.027,-1,Echolocation,/mnt/ubna_data_02_mir/recover-20221013/UBNA_001/20221012_030000.WAV,Telephone Field,recover-20221013,001,1795
1318.0115,1318.0204,45234,54175,Pipistrellus pipistrellus,0.012,0.022,-1,Echolocation,/mnt/ubna_data_02_mir/recover-20221013/UBNA_001/20221012_030000.WAV,Telephone Field,recover-20221013,001,1795
1318.0365,1318.0447,28046,39844,Eptesicus serotinus,0.008,0.025,-1,Echolocation,/mnt/ubna_data_02_mir/recover-20221013/UBNA_001/20221012_030000.WAV,Telephone Field,recover-20221013,001,1795
1318.0585,1318.0985,68437,82486,Rhinolophus ferrumequinum,0.022,0.022,-1,Echolocation,/mnt/ubna_data_02_mir/recover-20221013/UBNA_001/20221012_030000.WAV,Telephone Field,recover-20221013,001,1795
1318.0905,1318.1298,68437,81767,Rhinolophus ferrumequinum,0.023,0.023,-1,Echolocation,/mnt/ubna_data_02_mir/recover-20221013/UBNA_001/20221012_030000.WAV,Telephone Field,recover-20221013,001,1795
1318.1065,1318.1153,28906,37683,Eptesicus serotinus,0.008,0.022,-1,Echolocation,/mnt/ubna_data_02_mir/recover-20221013/UBNA_001/20221012_030000.WAV,Telephone Field,recover-20221013,001,1795
1318.1085,1318.1452,68437,81419,Rhinolophus ferrumequinum,0.023,0.023,-1,Echolocation,/mnt/ubna_data_02_mir/recover-20221013/UBNA_001/20221012_030000.WAV,Telephone Field,recover-20221013,001,1795
1318.1195,1318.1574,68437,82033,Rhinolophus ferrumequinum,0.022,0.022,-1,Echolocation,/mnt/ubna_data_02_mir/recover-20221013/UBNA_001/20221012_030000.WAV,Telephone Field,recover-20221013,001,1795
1318.1395,1318.1791,68437,82091,Rhinolophus ferrumequinum,0.022,0.022,-1,Echolocation,/mnt/ubna_data_02_mir/recover-20221013/UBNA_001/20221012_030000.WAV,Telephone Field,recover-20221013,001,1795
1318.1445,1318.1535,28046,37310,Eptesicus serotinus,0.009,0.023,-1,Echolocation,/mnt/ubna_data_02_mir/recover-20221013/UBNA_001/20221012_030000.WAV,Telephone Field,recover-20221013,001,1795
1318.1995,1318.2378,68437,82173,Rhinolophus ferrumequinum,0.022,0.022,-1,Echolocation,/mnt/ubna_data_02_mir/recover-20221013/UBNA_001/20221012_030000.WAV,Telephone Field,recover-20221013,001,1795
1318.2255,1318.2392,28046,33007,Eptesicus serotinus,0.022,0.039,-1,Echolocation,/mnt/ubna_data_02_mir/recover-20221013/UBNA_001/20221012_030000.WAV,Telephone Field,recover-20221013,001,1795
1318.2285,1318.268,68437,82403,Rhinolophus ferrumequinum,0.026,0.026,-1,Echolocation,/mnt/ubna_data_02_mir/recover-20221013/UBNA_001/20221012_030000.WAV,Telephone Field,recover-20221013,001,1795
1318.2545,1318.2913,68437,81743,Rhinolophus ferrumequinum,0.031,0.031,-1,Echolocation,/mnt/ubna_data_02_mir/recover-20221013/UBNA_001/20221012_030000.WAV,Telephone Field,recover-20221013,001,1795
1318.2565,1318.2647,28046,38462,Eptesicus serotinus,0.009,0.028,-1,Echolocation,/mnt/ubna_data_02_mir/recover-20221013/UBNA_001/20221012_030000.WAV,Telephone Field,recover-20221013,001,1795
1318.2845,1318.3214,68437,81775,Rhinolophus ferrumequinum,0.025,0.025,-1,Echolocation,/mnt/ubna_data_02_mir/recover-20221013/UBNA_001/20221012_030000.WAV,Telephone Field,recover-20221013,001,1795
1318.3295,1318.3684,68437,82120,Rhinolophus ferrumequinum,0.027,0.027,-1,Echolocation,/mnt/ubna_data_02_mir/recover-20221013/UBNA_001/20221012_030000.WAV,Telephone Field,recover-20221013,001,1795
1318.3485,1318.3549,50390,54502,Pipistrellus pipistrellus,0.021,0.023,-1,Echolocation,/mnt/ubna_data_02_mir/recover-20221013/UBNA_001/20221012_030000.WAV,Telephone Field,recover-20221013,001,1795
1318.3665,1318.3748,26328,34846,Eptesicus serotinus,0.009,0.025,-1,Echolocation,/mnt/ubna_data_02_mir/recover-20221013/UBNA_001/20221012_030000.WAV,Telephone Field,recover-20221013,001,1795
1318.4095,1318.4168,44375,48807,Pipistrellus pipistrellus,0.033,0.035,-1,Echolocation,/mnt/ubna_data_02_mir/recover-20221013/UBNA_001/20221012_030000.WAV,Telephone Field,recover-20221013,001,1795
1318.4095,1318.4496,68437,82050,Rhinolophus ferrumequinum,0.032,0.032,-1,Echolocation,/mnt/ubna_data_02_mir/recover-20221013/UBNA_001/20221012_030000.WAV,Telephone Field,recover-20221013,001,1795
1318.4355,1318.4765,68437,82276,Rhinolophus ferrumequinum,0.03,0.03,-1,Echolocation,/mnt/ubna_data_02_mir/recover-20221013/UBNA_001/20221012_030000.WAV,Telephone Field,recover-20221013,001,1795
1318.4385,1318.4452,28046,37964,Eptesicus serotinus,0.007,0.023,-1,Echolocation,/mnt/ubna_data_02_mir/recover-20221013/UBNA_001/20221012_030000.WAV,Telephone Field,recover-20221013,001,1795
1318.5205,1318.5598,68437,82454,Rhinolophus ferrumequinum,0.022,0.022,-1,Echolocation,/mnt/ubna_data_02_mir/recover-20221013/UBNA_001/20221012_030000.WAV,Telephone Field,recover-20221013,001,1795
1318.5485,1318.5879,68437,81891,Rhinolophus ferrumequinum,0.023,0.023,-1,Echolocation,/mnt/ubna_data_02_mir/recover-20221013/UBNA_001/20221012_030000.WAV,Telephone Field,recover-20221013,001,1795
1318.5645,1318.605,68437,82495,Rhinolophus ferrumequinum,0.022,0.022,-1,Echolocation,/mnt/ubna_data_02_mir/recover-20221013/UBNA_001/20221012_030000.WAV,Telephone Field,recover-20221013,001,1795
1318.5785,1318.5858,25468,34323,Plecotus austriacus,0.006,0.022,-1,Echolocation,/mnt/ubna_data_02_mir/recover-20221013/UBNA_001/20221012_030000.WAV,Telephone Field,recover-20221013,001,1795
1318.5795,1318.6198,68437,82786,Rhinolophus ferrumequinum,0.022,0.022,-1,Echolocation,/mnt/ubna_data_02_mir/recover-20221013/UBNA_001/20221012_030000.WAV,Telephone Field,recover-20221013,001,1795
1318.5975,1318.6068,22890,29392,Nyctalus leisleri,0.007,0.022,-1,Echolocation,/mnt/ubna_data_02_mir/recover-20221013/UBNA_001/20221012_030000.WAV,Telephone Field,recover-20221013,001,1795
1318.6105,1318.6479,68437,81745,Rhinolophus ferrumequinum,0.027,0.027,-1,Echolocation,/mnt/ubna_data_02_mir/recover-20221013/UBNA_001/20221012_030000.WAV,Telephone Field,recover-20221013,001,1795
1318.6345,1318.6446,24609,31709,Eptesicus serotinus,0.009,0.025,-1,Echolocation,/mnt/ubna_data_02_mir/recover-20221013/UBNA_001/20221012_030000.WAV,Telephone Field,recover-20221013,001,1795
1318.6575,1318.697,68437,81661,Rhinolophus ferrumequinum,0.025,0.025,-1,Echolocation,/mnt/ubna_data_02_mir/recover-20221013/UBNA_001/20221012_030000.WAV,Telephone Field,recover-20221013,001,1795
1318.6605,1318.669,28046,40984,Eptesicus serotinus,0.009,0.023,-1,Echolocation,/mnt/ubna_data_02_mir/recover-20221013/UBNA_001/20221012_030000.WAV,Telephone Field,recover-20221013,001,1795
1318.6875,1318.6938,46953,56480,Pipistrellus pipistrellus,0.014,0.022,-1,Echolocation,/mnt/ubna_data_02_mir/recover-20221013/UBNA_001/20221012_030000.WAV,Telephone Field,recover-20221013,001,1795
1318.7335,1318.7738,68437,82273,Rhinolophus ferrumequinum,0.023,0.023,-1,Echolocation,/mnt/ubna_data_02_mir/recover-20221013/UBNA_001/20221012_030000.WAV,Telephone Field,recover-20221013,001,1795
1318.7925,1318.7996,26328,36050,Eptesicus serotinus,0.007,0.024,-1,Echolocation,/mnt/ubna_data_02_mir/recover-20221013/UBNA_001/20221012_030000.WAV,Telephone Field,recover-20221013,001,1795
1318.7975,1318.8352,68437,82072,Rhinolophus ferrumequinum,0.021,0.021,-1,Echolocation,/mnt/ubna_data_02_mir/recover-20221013/UBNA_001/20221012_030000.WAV,Telephone Field,recover-20221013,001,1795
1318.8005,1318.8115,54687,59045,Pipistrellus pygmaeus,0.016,0.022,-1,Echolocation,/mnt/ubna_data_02_mir/recover-20221013/UBNA_001/20221012_030000.WAV,Telephone Field,recover-20221013,001,1795
1318.8205,1318.8593,68437,82305,Rhinolophus ferrumequinum,0.026,0.026,-1,Echolocation,/mnt/ubna_data_02_mir/recover-20221013/UBNA_001/20221012_030000.WAV,Telephone Field,recover-20221013,001,1795
1318.8535,1318.8607,28046,38715,Eptesicus serotinus,0.008,0.025,-1,Echolocation,/mnt/ubna_data_02_mir/recover-20221013/UBNA_001/20221012_030000.WAV,Telephone Field,recover-20221013,001,1795
1318.8585,1318.8958,68437,81677,Rhinolophus ferrumequinum,0.022,0.022,-1,Echolocation,/mnt/ubna_data_02_mir/recover-20221013/UBNA_001/20221012_030000.WAV,Telephone Field,recover-20221013,001,1795
1318.9735,1318.9831,22031,28119,Plecotus austriacus,0.008,0.022,-1,Echolocation,/mnt/ubna_data_02_mir/recover-20221013/UBNA_001/20221012_030000.WAV,Telephone Field,recover-20221013,001,1795
1319.0005,1319.0355,68437,81633,Rhinolophus ferrumequinum,0.023,0.023,-1,Echolocation,/mnt/ubna_data_02_mir/recover-20221013/UBNA_001/20221012_030000.WAV,Telephone Field,recover-20221013,001,1795
1319.0095,1319.051,68437,82590,Rhinolophus ferrumequinum,0.024,0.024,-1,Echolocation,/mnt/ubna_data_02_mir/recover-20221013/UBNA_001/20221012_030000.WAV,Telephone Field,recover-20221013,001,1795
1319.0195,1319.0281,23750,31139,Nyctalus leisleri,0.008,0.023,-1,Echolocation,/mnt/ubna_data_02_mir/recover-20221013/UBNA_001/20221012_030000.WAV,Telephone Field,recover-20221013,001,1795
1319.0585,1319.0962,68437,82112,Rhinolophus ferrumequinum,0.024,0.024,-1,Echolocation,/mnt/ubna_data_02_mir/recover-20221013/UBNA_001/20221012_030000.WAV,Telephone Field,recover-20221013,001,1795
1319.0595,1319.0702,43515,47056,Pipistrellus pipistrellus,0.022,0.027,-1,Echolocation,/mnt/ubna_data_02_mir/recover-20221013/UBNA_001/20221012_030000.WAV,Telephone Field,recover-20221013,001,1795
1319.0665,1319.0753,22890,29770,Plecotus austriacus,0.008,0.021,-1,Echolocation,/mnt/ubna_data_02_mir/recover-20221013/UBNA_001/20221012_030000.WAV,Telephone Field,recover-20221013,001,1795
1319.0855,1319.1284,68437,83579,Rhinolophus ferrumequinum,0.035,0.035,-1,Echolocation,/mnt/ubna_data_02_mir/recover-20221013/UBNA_001/20221012_030000.WAV,Telephone Field,recover-20221013,001,1795
1319.1235,1319.1671,68437,82627,Rhinolophus ferrumequinum,0.043,0.043,-1,Echolocation,/mnt/ubna_data_02_mir/recover-20221013/UBNA_001/20221012_030000.WAV,Telephone Field,recover-20221013,001,1795
1319.1755,1319.1818,26328,42429,Eptesicus serotinus,0.006,0.023,-1,Echolocation,/mnt/ubna_data_02_mir/recover-20221013/UBNA_001/20221012_030000.WAV,Telephone Field,recover-20221013,001,1795
1319.2065,1319.2472,68437,82644,Rhinolophus ferrumequinum,0.038,0.038,-1,Echolocation,/mnt/ubna_data_02_mir/recover-20221013/UBNA_001/20221012_030000.WAV,Telephone Field,recover-20221013,001,1795
1319.2435,1319.2808,68437,81803,Rhinolophus ferrumequinum,0.023,0.023,-1,Echolocation,/mnt/ubna_data_02_mir/recover-20221013/UBNA_001/20221012_030000.WAV,Telephone Field,recover-20221013,001,1795
1319.2435,1319.2498,28906,42535,Eptesicus serotinus,0.011,0.038,-1,Echolocation,/mnt/ubna_data_02_mir/recover-20221013/UBNA_001/20221012_030000.WAV,Telephone Field,recover-20221013,001,1795
1319.2765,1319.3138,68437,81792,Rhinolophus ferrumequinum,0.025,0.025,-1,Echolocation,/mnt/ubna_data_02_mir/recover-20221013/UBNA_001/20221012_030000.WAV,Telephone Field,recover-20221013,001,1795
1319.2825,1319.291,22890,30615,Plecotus austriacus,0.009,0.023,-1,Echolocation,/mnt/ubna_data_02_mir/recover-20221013/UBNA_001/20221012_030000.WAV,Telephone Field,recover-20221013,001,1795
1319.3355,1319.343,26328,45900,Eptesicus serotinus,0.008,0.024,-1,Echolocation,/mnt/ubna_data_02_mir/recover-20221013/UBNA_001/20221012_030000.WAV,Telephone Field,recover-20221013,001,1795
1319.3435,1319.3828,68437,81750,Rhinolophus ferrumequinum,0.024,0.024,-1,Echolocation,/mnt/ubna_data_02_mir/recover-20221013/UBNA_001/20221012_030000.WAV,Telephone Field,recover-20221013,001,1795
1319.3445,1319.3564,23750,29139,Nyctalus leisleri,0.013,0.028,-1,Echolocation,/mnt/ubna_data_02_mir/recover-20221013/UBNA_001/20221012_030000.WAV,Telephone Field,recover-20221013,001,1795
1319.3795,1319.4174,68437,80957,Rhinolophus ferrumequinum,0.023,0.023,-1,Echolocation,/mnt/ubna_data_02_mir/recover-20221013/UBNA_001/20221012_030000.WAV,Telephone Field,recover-20221013,001,1795
1319.3895,1319.4278,68437,81872,Rhinolophus ferrumequinum,0.023,0.023,-1,Echolocation,/mnt/ubna_data_02_mir/recover-20221013/UBNA_001/20221012_030000.WAV,Telephone Field,recover-20221013,001,1795
1319.3925,1319.4029,26328,34565,Eptesicus serotinus,0.015,0.029,-1,Echolocation,/mnt/ubna_data_02_mir/recover-20221013/UBNA_001/20221012_030000.WAV,Telephone Field,recover-20221013,001,1795
1319.4005,1319.411,22031,27202,Nyctalus leisleri,0.012,0.027,-1,Echolocation,/mnt/ubna_data_02_mir/recover-20221013/UBNA_001/20221012_030000.WAV,Telephone Field,recover-20221013,001,1795
1319.4625,1319.4762,23750,29429,Nyctalus leisleri,0.013,0.027,-1,Echolocation,/mnt/ubna_data_02_mir/recover-20221013/UBNA_001/20221012_030000.WAV,Telephone Field,recover-20221013,001,1795
1319.4965,1319.5393,68437,83159,Rhinolophus ferrumequinum,0.033,0.033,-1,Echolocation,/mnt/ubna_data_02_mir/recover-20221013/UBNA_001/20221012_030000.WAV,Telephone Field,recover-20221013,001,1795
1319.5405,1319.5789,68437,82253,Rhinolophus ferrumequinum,0.022,0.022,-1,Echolocation,/mnt/ubna_data_02_mir/recover-20221013/UBNA_001/20221012_030000.WAV,Telephone Field,recover-20221013,001,1795
1319.5515,1319.5899,68437,82367,Rhinolophus ferrumequinum,0.022,0.022,-1,Echolocation,/mnt/ubna_data_02_mir/recover-20221013/UBNA_001/20221012_030000.WAV,Telephone Field,recover-20221013,001,1795
1319.5705,1319.6091,68437,82567,Rhinolophus ferrumequinum,0.022,0.022,-1,Echolocation,/mnt/ubna_data_02_mir/recover-20221013/UBNA_001/20221012_030000.WAV,Telephone Field,recover-20221013,001,1795
1319.6075,1319.6455,68437,81413,Rhinolophus ferrumequinum,0.021,0.021,-1,Echolocation,/mnt/ubna_data_02_mir/recover-20221013/UBNA_001/20221012_030000.WAV,Telephone Field,recover-20221013,001,1795
1319.6645,1319.6711,27187,42412,Eptesicus serotinus,0.007,0.026,-1,Echolocation,/mnt/ubna_data_02_mir/recover-20221013/UBNA_001/20221012_030000.WAV,Telephone Field,recover-20221013,001,1795
1319.6775,1319.7128,68437,81118,Rhinolophus ferrumequinum,0.021,0.021,-1,Echolocation,/mnt/ubna_data_02_mir/recover-20221013/UBNA_001/20221012_030000.WAV,Telephone Field,recover-20221013,001,1795
1319.6925,1319.7,28046,40566,Eptesicus serotinus,0.008,0.024,-1,Echolocation,/mnt/ubna_data_02_mir/recover-20221013/UBNA_001/20221012_030000.WAV,Telephone Field,recover-20221013,001,1795
1319.7105,1319.7497,68437,81573,Rhinolophus ferrumequinum,0.022,0.022,-1,Echolocation,/mnt/ubna_data_02_mir/recover-20221013/UBNA_001/20221012_030000.WAV,Telephone Field,recover-20221013,001,1795
1319.7445,1319.7526,28046,39972,Eptesicus serotinus,0.007,0.023,-1,Echolocation,/mnt/ubna_data_02_mir/recover-20221013/UBNA_001/20221012_030000.WAV,Telephone Field,recover-20221013,001,1795
1319.7615,1319.7973,68437,81339,Rhinolophus ferrumequinum,0.022,0.022,-1,Echolocation,/mnt/ubna_data_02_mir/recover-20221013/UBNA_001/20221012_030000.WAV,Telephone Field,recover-20221013,001,1795
1319.7695,1319.8055,68437,81920,Rhinolophus ferrumequinum,0.023,0.023,-1,Echolocation,/mnt/ubna_data_02_mir/recover-20221013/UBNA_001/20221012_030000.WAV,Telephone Field,recover-20221013,001,1795
1319.7855,1319.7931,27187,39305,Eptesicus serotinus,0.006,0.022,-1,Echolocation,/mnt/ubna_data_02_mir/recover-20221013/UBNA_001/20221012_030000.WAV,Telephone Field,recover-20221013,001,1795
1319.8095,1319.8465,68437,82264,Rhinolophus ferrumequinum,0.021,0.021,-1,Echolocation,/mnt/ubna_data_02_mir/recover-20221013/UBNA_001/20221012_030000.WAV,Telephone Field,recover-20221013,001,1795
1319.8285,1319.8361,28046,37337,Eptesicus serotinus,0.007,0.022,-1,Echolocation,/mnt/ubna_data_02_mir/recover-20221013/UBNA_001/20221012_030000.WAV,Telephone Field,recover-20221013,001,1795
1319.8495,1319.8894,68437,82607,Rhinolophus ferrumequinum,0.022,0.022,-1,Echolocation,/mnt/ubna_data_02_mir/recover-20221013/UBNA_001/20221012_030000.WAV,Telephone Field,recover-20221013,001,1795
1319.8735,1319.9089,68437,81238,Rhinolophus ferrumequinum,0.03,0.03,-1,Echolocation,/mnt/ubna_data_02_mir/recover-20221013/UBNA_001/20221012_030000.WAV,Telephone Field,recover-20221013,001,1795
1319.9085,1319.9477,68437,82760,Rhinolophus ferrumequinum,0.026,0.026,-1,Echolocation,/mnt/ubna_data_02_mir/recover-20221013/UBNA_001/20221012_030000.WAV,Telephone Field,recover-20221013,001,1795
1319.9305,1319.9744,68437,83411,Rhinolophus ferrumequinum,0.026,0.026,-1,Echolocation,/mnt/ubna_data_02_mir/recover-20221013/UBNA_001/20221012_030000.WAV,Telephone Field,recover-20221013,001,1795
1319.9555,1319.9958,68437,82875,Rhinolophus ferrumequinum,0.022,0.022,-1,Echolocation,/mnt/ubna_data_02_mir/recover-20221013/UBNA_001/20221012_030000.WAV,Telephone Field,recover-20221013,001,1795
1319.9875,1319.9968,27187,39644,Eptesicus serotinus,0.01,0.029,-1,Echolocation,/mnt/ubna_data_02_mir/recover-20221013/UBNA_001/20221012_030000.WAV,Telephone Field,recover-20221013,001,1795
1320.0015,1320.0069,34921,49892,Myotis daubentonii,0.009,0.023,-1,Echolocation,/mnt/ubna_data_02_mir/recover-20221013/UBNA_001/20221012_030000.WAV,Telephone Field,recover-20221013,001,1795
1320.0015,1320.0099,24609,37138,Myotis nattereri,0.007,0.028,-1,Echolocation,/mnt/ubna_data_02_mir/recover-20221013/UBNA_001/20221012_030000.WAV,Telephone Field,recover-20221013,001,1795
1320.0015,1320.0328,68437,79626,Rhinolophus ferrumequinum,0.029,0.029,-1,Echolocation,/mnt/ubna_data_02_mir/recover-20221013/UBNA_001/20221012_030000.WAV,Telephone Field,recover-20221013,001,1795
1320.0015,1320.0083,44375,47545,Pipistrellus pipistrellus,0.017,0.021,-1,Echolocation,/mnt/ubna_data_02_mir/recover-20221013/UBNA_001/20221012_030000.WAV,Telephone Field,recover-20221013,001,1795
1320.0095,1320.0529,68437,82795,Rhinolophus ferrumequinum,0.023,0.023,-1,Echolocation,/mnt/ubna_data_02_mir/recover-20221013/UBNA_001/20221012_030000.WAV,Telephone Field,recover-20221013,001,1795
1320.0725,1320.1078,68437,81966,Rhinolophus ferrumequinum,0.022,0.022,-1,Echolocation,/mnt/ubna_data_02_mir/recover-20221013/UBNA_001/20221012_030000.WAV,Telephone Field,recover-20221013,001,1795
1320.0915,1320.1375,68437,83382,Rhinolophus ferrumequinum,0.047,0.047,-1,Echolocation,/mnt/ubna_data_02_mir/recover-20221013/UBNA_001/20221012_030000.WAV,Telephone Field,recover-20221013,001,1795
1320.1235,1320.1308,26328,38553,Eptesicus serotinus,0.006,0.02,-1,Echolocation,/mnt/ubna_data_02_mir/recover-20221013/UBNA_001/20221012_030000.WAV,Telephone Field,recover-20221013,001,1795
1320.1375,1320.178,68437,82497,Rhinolophus ferrumequinum,0.027,0.027,-1,Echolocation,/mnt/ubna_data_02_mir/recover-20221013/UBNA_001/20221012_030000.WAV,Telephone Field,recover-20221013,001,1795
1320.1495,1320.1562,24609,37062,Plecotus austriacus,0.01,0.026,-1,Echolocation,/mnt/ubna_data_02_mir/recover-20221013/UBNA_001/20221012_030000.WAV,Telephone Field,recover-20221013,001,1795
1320.1905,1320.2305,68437,82216,Rhinolophus ferrumequinum,0.022,0.022,-1,Echolocation,/mnt/ubna_data_02_mir/recover-20221013/UBNA_001/20221012_030000.WAV,Telephone Field,recover-20221013,001,1795
1320.1995,1320.2418,68437,83137,Rhinolophus ferrumequinum,0.027,0.027,-1,Echolocation,/mnt/ubna_data_02_mir/recover-20221013/UBNA_001/20221012_030000.WAV,Telephone Field,recover-20221013,001,1795
1320.2105,1320.2537,68437,83006,Rhinolophus ferrumequinum,0.028,0.028,-1,Echolocation,/mnt/ubna_data_02_mir/recover-20221013/UBNA_001/20221012_030000.WAV,Telephone Field,recover-20221013,001,1795
1320.2275,1320.2373,25468,32087,Nyctalus leisleri,0.008,0.024,-1,Echolocation,/mnt/ubna_data_02_mir/recover-20221013/UBNA_001/20221012_030000.WAV,Telephone Field,recover-20221013,001,1795
1320.2505,1320.2902,68437,82581,Rhinolophus ferrumequinum,0.027,0.027,-1,Echolocation,/mnt/ubna_data_02_mir/recover-20221013/UBNA_001/20221012_030000.WAV,Telephone Field,recover-20221013,001,1795
1320.2545,1320.2616,23750,32781,Plecotus austriacus,0.013,0.029,-1,Echolocation,/mnt/ubna_data_02_mir/recover-20221013/UBNA_001/20221012_030000.WAV,Telephone Field,recover-20221013,001,1795
1320.2885,1320.2956,25468,36741,Plecotus austriacus,0.006,0.023,-1,Echolocation,/mnt/ubna_data_02_mir/recover-20221013/UBNA_001/20221012_030000.WAV,Telephone Field,recover-20221013,001,1795
1320.2995,1320.3119,37500,41797,Pipistrellus nathusii,0.008,0.023,-1,Echolocation,/mnt/ubna_data_02_mir/recover-20221013/UBNA_001/20221012_030000.WAV,Telephone Field,recover-20221013,001,1795
1320.3155,1320.3552,68437,82101,Rhinolophus ferrumequinum,0.028,0.028,-1,Echolocation,/mnt/ubna_data_02_mir/recover-20221013/UBNA_001/20221012_030000.WAV,Telephone Field,recover-20221013,001,1795
1320.3345,1320.3433,28046,36664,Eptesicus serotinus,0.008,0.022,-1,Echolocation,/mnt/ubna_data_02_mir/recover-20221013/UBNA_001/20221012_030000.WAV,Telephone Field,recover-20221013,001,1795
1320.3665,1320.3789,50390,55650,Pipistrellus pipistrellus,0.021,0.025,-1,Echolocation,/mnt/ubna_data_02_mir/recover-20221013/UBNA_001/20221012_030000.WAV,Telephone Field,recover-20221013,001,1795
1320.3805,1320.3891,28906,38700,Eptesicus serotinus,0.007,0.022,-1,Echolocation,/mnt/ubna_data_02_mir/recover-20221013/UBNA_001/20221012_030000.WAV,Telephone Field,recover-20221013,001,1795
1320.4025,1320.4406,68437,81895,Rhinolophus ferrumequinum,0.022,0.022,-1,Echolocation,/mnt/ubna_data_02_mir/recover-20221013/UBNA_001/20221012_030000.WAV,Telephone Field,recover-20221013,001,1795
1320.4215,1320.464,68437,82867,Rhinolophus ferrumequinum,0.02,0.02,-1,Echolocation,/mnt/ubna_data_02_mir/recover-20221013/UBNA_001/20221012_030000.WAV,Telephone Field,recover-20221013,001,1795
1320.4215,1320.4285,26328,39464,Myotis nattereri,0.005,0.023,-1,Echolocation,/mnt/ubna_data_02_mir/recover-20221013/UBNA_001/20221012_030000.WAV,Telephone Field,recover-20221013,001,1795
1320.4425,1320.48,68437,81828,Rhinolophus ferrumequinum,0.022,0.022,-1,Echolocation,/mnt/ubna_data_02_mir/recover-20221013/UBNA_001/20221012_030000.WAV,Telephone Field,recover-20221013,001,1795
1320.4765,1320.4837,26328,37393,Eptesicus serotinus,0.009,0.034,-1,Echolocation,/mnt/ubna_data_02_mir/recover-20221013/UBNA_001/20221012_030000.WAV,Telephone Field,recover-20221013,001,1795
1320.5055,1320.5443,68437,82569,Rhinolophus ferrumequinum,0.022,0.022,-1,Echolocation,/mnt/ubna_data_02_mir/recover-20221013/UBNA_001/20221012_030000.WAV,Telephone Field,recover-20221013,001,1795
1320.5155,1320.5231,28046,38672,Eptesicus serotinus,0.006,0.021,-1,Echolocation,/mnt/ubna_data_02_mir/recover-20221013/UBNA_001/20221012_030000.WAV,Telephone Field,recover-20221013,001,1795
1320.5485,1320.5557,28046,38429,Eptesicus serotinus,0.006,0.021,-1,Echolocation,/mnt/ubna_data_02_mir/recover-20221013/UBNA_001/20221012_030000.WAV,Telephone Field,recover-20221013,001,1795
1320.5695,1320.6056,68437,81707,Rhinolophus ferrumequinum,0.022,0.022,-1,Echolocation,/mnt/ubna_data_02_mir/recover-20221013/UBNA_001/20221012_030000.WAV,Telephone Field,recover-20221013,001,1795
1320.5815,1320.6199,68437,81452,Rhinolophus ferrumequinum,0.025,0.025,-1,Echolocation,/mnt/ubna_data_02_mir/recover-20221013/UBNA_001/20221012_030000.WAV,Telephone Field,recover-20221013,001,1795
1320.5955,1320.6353,68437,81961,Rhinolophus ferrumequinum,0.021,0.021,-1,Echolocation,/mnt/ubna_data_02_mir/recover-20221013/UBNA_001/20221012_030000.WAV,Telephone Field,recover-20221013,001,1795
1320.5995,1320.6074,28046,39850,Eptesicus serotinus,0.007,0.023,-1,Echolocation,/mnt/ubna_data_02_mir/recover-20221013/UBNA_001/20221012_030000.WAV,Telephone Field,recover-20221013,001,1795
1320.6035,1320.6406,68437,81505,Rhinolophus ferrumequinum,0.021,0.021,-1,Echolocation,/mnt/ubna_data_02_mir/recover-20221013/UBNA_001/20221012_030000.WAV,Telephone Field,recover-20221013,001,1795
1320.6335,1320.6725,68437,81805,Rhinolophus ferrumequinum,0.021,0.021,-1,Echolocation,/mnt/ubna_data_02_mir/recover-20221013/UBNA_001/20221012_030000.WAV,Telephone Field,recover-20221013,001,1795
1320.6695,1320.677,27187,39848,Eptesicus serotinus,0.007,0.027,-1,Echolocation,/mnt/ubna_data_02_mir/recover-20221013/UBNA_001/20221012_030000.WAV,Telephone Field,recover-20221013,001,1795
1320.6725,1320.7084,68437,82418,Rhinolophus ferrumequinum,0.022,0.022,-1,Echolocation,/mnt/ubna_data_02_mir/recover-20221013/UBNA_001/20221012_030000.WAV,Telephone Field,recover-20221013,001,1795
1320.6835,1320.7247,68437,82801,Rhinolophus ferrumequinum,0.024,0.024,-1,Echolocation,/mnt/ubna_data_02_mir/recover-20221013/UBNA_001/20221012_030000.WAV,Telephone Field,recover-20221013,001,1795
1320.6905,1320.7309,68437,83048,Rhinolophus ferrumequinum,0.026,0.026,-1,Echolocation,/mnt/ubna_data_02_mir/recover-20221013/UBNA_001/20221012_030000.WAV,Telephone Field,recover-20221013,001,1795
1320.7355,1320.7749,68437,82449,Rhinolophus ferrumequinum,0.023,0.023,-1,Echolocation,/mnt/ubna_data_02_mir/recover-20221013/UBNA_001/20221012_030000.WAV,Telephone Field,recover-20221013,001,1795
1320.7355,1320.7448,28046,37812,Eptesicus serotinus,0.008,0.021,-1,Echolocation,/mnt/ubna_data_02_mir/recover-20221013/UBNA_001/20221012_030000.WAV,Telephone Field,recover-20221013,001,1795
1320.7425,1320.7828,68437,82810,Rhinolophus ferrumequinum,0.021,0.021,-1,Echolocation,/mnt/ubna_data_02_mir/recover-20221013/UBNA_001/20221012_030000.WAV,Telephone Field,recover-20221013,001,1795
1320.7465,1320.7573,27187,34992,Eptesicus serotinus,0.011,0.023,-1,Echolocation,/mnt/ubna_data_02_mir/recover-20221013/UBNA_001/20221012_030000.WAV,Telephone Field,recover-20221013,001,1795
1320.7765,1320.8142,68437,81873,Rhinolophus ferrumequinum,0.025,0.025,-1,Echolocation,/mnt/ubna_data_02_mir/recover-20221013/UBNA_001/20221012_030000.WAV,Telephone Field,recover-20221013,001,1795
1320.7785,1320.7862,28046,38907,Eptesicus serotinus,0.007,0.025,-1,Echolocation,/mnt/ubna_data_02_mir/recover-20221013/UBNA_001/20221012_030000.WAV,Telephone Field,recover-20221013,001,1795
1320.8005,1320.8435,68437,82846,Rhinolophus ferrumequinum,0.028,0.028,-1,Echolocation,/mnt/ubna_data_02_mir/recover-20221013/UBNA_001/20221012_030000.WAV,Telephone Field,recover-20221013,001,1795
1320.9255,1320.9336,28046,37392,Eptesicus serotinus,0.008,0.022,-1,Echolocation,/mnt/ubna_data_02_mir/recover-20221013/UBNA_001/20221012_030000.WAV,Telephone Field,recover-20221013,001,1795
1320.9265,1320.9618,68437,81453,Rhinolophus ferrumequinum,0.022,0.022,-1,Echolocation,/mnt/ubna_data_02_mir/recover-20221013/UBNA_001/20221012_030000.WAV,Telephone Field,recover-20221013,001,1795
1320.9475,1320.9847,68437,82371,Rhinolophus ferrumequinum,0.029,0.03,-1,Echolocation,/mnt/ubna_data_02_mir/recover-20221013/UBNA_001/20221012_030000.WAV,Telephone Field,recover-20221013,001,1795
1320.9585,1320.9678,28906,37769,Eptesicus serotinus,0.007,0.021,-1,Echolocation,/mnt/ubna_data_02_mir/recover-20221013/UBNA_001/20221012_030000.WAV,Telephone Field,recover-20221013,001,1795
1320.9855,1320.9969,14296,19303,Nyctalus noctula,0.017,0.03,-1,Echolocation,/mnt/ubna_data_02_mir/recover-20221013/UBNA_001/20221012_030000.WAV,Telephone Field,recover-20221013,001,1795
1320.9925,1321.0316,68437,82909,Rhinolophus ferrumequinum,0.024,0.024,-1,Echolocation,/mnt/ubna_data_02_mir/recover-20221013/UBNA_001/20221012_030000.WAV,Telephone Field,recover-20221013,001,1795
1321.0025,1321.0138,23750,27528,Nyctalus leisleri,0.014,0.024,-1,Echolocation,/mnt/ubna_data_02_mir/recover-20221013/UBNA_001/20221012_030000.WAV,Telephone Field,recover-20221013,001,1795
1321.0125,1321.053,68437,82364,Rhinolophus ferrumequinum,0.022,0.022,-1,Echolocation,/mnt/ubna_data_02_mir/recover-20221013/UBNA_001/20221012_030000.WAV,Telephone Field,recover-20221013,001,1795
1321.0195,1321.0583,68437,82128,Rhinolophus ferrumequinum,0.022,0.022,-1,Echolocation,/mnt/ubna_data_02_mir/recover-20221013/UBNA_001/20221012_030000.WAV,Telephone Field,recover-20221013,001,1795
1321.0295,1321.0382,28906,39547,Eptesicus serotinus,0.008,0.021,-1,Echolocation,/mnt/ubna_data_02_mir/recover-20221013/UBNA_001/20221012_030000.WAV,Telephone Field,recover-20221013,001,1795
1321.0435,1321.0506,28046,40115,Eptesicus serotinus,0.006,0.02,-1,Echolocation,/mnt/ubna_data_02_mir/recover-20221013/UBNA_001/20221012_030000.WAV,Telephone Field,recover-20221013,001,1795
1321.0505,1321.0891,68437,81855,Rhinolophus ferrumequinum,0.023,0.023,-1,Echolocation,/mnt/ubna_data_02_mir/recover-20221013/UBNA_001/20221012_030000.WAV,Telephone Field,recover-20221013,001,1795
1321.0835,1321.1241,68437,82830,Rhinolophus ferrumequinum,0.029,0.029,-1,Echolocation,/mnt/ubna_data_02_mir/recover-20221013/UBNA_001/20221012_030000.WAV,Telephone Field,recover-20221013,001,1795
1321.1115,1321.1219,23750,29510,Nyctalus leisleri,0.01,0.022,-1,Echolocation,/mnt/ubna_data_02_mir/recover-20221013/UBNA_001/20221012_030000.WAV,Telephone Field,recover-20221013,001,1795
1321.1175,1321.1601,68437,82645,Rhinolophus ferrumequinum,0.03,0.03,-1,Echolocation,/mnt/ubna_data_02_mir/recover-20221013/UBNA_001/20221012_030000.WAV,Telephone Field,recover-20221013,001,1795
1321.1345,1321.1756,68437,82692,Rhinolophus ferrumequinum,0.022,0.022,-1,Echolocation,/mnt/ubna_data_02_mir/recover-20221013/UBNA_001/20221012_030000.WAV,Telephone Field,recover-20221013,001,1795
1321.1425,1321.1817,68437,82293,Rhinolophus ferrumequinum,0.021,0.021,-1,Echolocation,/mnt/ubna_data_02_mir/recover-20221013/UBNA_001/20221012_030000.WAV,Telephone Field,recover-20221013,001,1795
1321.1425,1321.153,22890,27534,Nyctalus leisleri,0.01,0.021,-1,Echolocation,/mnt/ubna_data_02_mir/recover-20221013/UBNA_001/20221012_030000.WAV,Telephone Field,recover-20221013,001,1795
1321.1595,1321.1672,24609,33131,Plecotus austriacus,0.006,0.021,-1,Echolocation,/mnt/ubna_data_02_mir/recover-20221013/UBNA_001/20221012_030000.WAV,Telephone Field,recover-20221013,001,1795
1321.1685,1321.2056,68437,81624,Rhinolophus ferrumequinum,0.02,0.02,-1,Echolocation,/mnt/ubna_data_02_mir/recover-20221013/UBNA_001/20221012_030000.WAV,Telephone Field,recover-20221013,001,1795
1321.1775,1321.1833,49531,57103,Pipistrellus pipistrellus,0.018,0.022,-1,Echolocation,/mnt/ubna_data_02_mir/recover-20221013/UBNA_001/20221012_030000.WAV,Telephone Field,recover-20221013,001,1795
1321.1775,1321.2186,68437,82646,Rhinolophus ferrumequinum,0.021,0.021,-1,Echolocation,/mnt/ubna_data_02_mir/recover-20221013/UBNA_001/20221012_030000.WAV,Telephone Field,recover-20221013,001,1795
1321.1995,1321.2064,27187,44798,Eptesicus serotinus,0.006,0.022,-1,Echolocation,/mnt/ubna_data_02_mir/recover-20221013/UBNA_001/20221012_030000.WAV,Telephone Field,recover-20221013,001,1795
1321.2565,1321.2945,68437,82547,Rhinolophus ferrumequinum,0.025,0.025,-1,Echolocation,/mnt/ubna_data_02_mir/recover-20221013/UBNA_001/20221012_030000.WAV,Telephone Field,recover-20221013,001,1795
1321.2585,1321.265,27187,41743,Eptesicus serotinus,0.004,0.022,-1,Echolocation,/mnt/ubna_data_02_mir/recover-20221013/UBNA_001/20221012_030000.WAV,Telephone Field,recover-20221013,001,1795
1321.2845,1321.3243,68437,82182,Rhinolophus ferrumequinum,0.023,0.023,-1,Echolocation,/mnt/ubna_data_02_mir/recover-20221013/UBNA_001/20221012_030000.WAV,Telephone Field,recover-20221013,001,1795
1321.2895,1321.2976,26328,38170,Eptesicus serotinus,0.007,0.023,-1,Echolocation,/mnt/ubna_data_02_mir/recover-20221013/UBNA_001/20221012_030000.WAV,Telephone Field,recover-20221013,001,1795
1321.2925,1321.3328,68437,82734,Rhinolophus ferrumequinum,0.024,0.024,-1,Echolocation,/mnt/ubna_data_02_mir/recover-20221013/UBNA_001/20221012_030000.WAV,Telephone Field,recover-20221013,001,1795
1321.3355,1321.3719,68437,81467,Rhinolophus ferrumequinum,0.024,0.024,-1,Echolocation,/mnt/ubna_data_02_mir/recover-20221013/UBNA_001/20221012_030000.WAV,Telephone Field,recover-20221013,001,1795
1321.3415,1321.3506,28046,37841,Eptesicus serotinus,0.009,0.022,-1,Echolocation,/mnt/ubna_data_02_mir/recover-20221013/UBNA_001/20221012_030000.WAV,Telephone Field,recover-20221013,001,1795
1321.3885,1321.4265,68437,81630,Rhinolophus ferrumequinum,0.021,0.021,-1,Echolocation,/mnt/ubna_data_02_mir/recover-20221013/UBNA_001/20221012_030000.WAV,Telephone Field,recover-20221013,001,1795
1321.4155,1321.4226,28046,39156,Eptesicus serotinus,0.006,0.021,-1,Echolocation,/mnt/ubna_data_02_mir/recover-20221013/UBNA_001/20221012_030000.WAV,Telephone Field,recover-20221013,001,1795
1321.4545,1321.4644,23750,30791,Nyctalus leisleri,0.007,0.021,-1,Echolocation,/mnt/ubna_data_02_mir/recover-20221013/UBNA_001/20221012_030000.WAV,Telephone Field,recover-20221013,001,1795
1321.4565,1321.4992,68437,82429,Rhinolophus ferrumequinum,0.029,0.029,-1,Echolocation,/mnt/ubna_data_02_mir/recover-20221013/UBNA_001/20221012_030000.WAV,Telephone Field,recover-20221013,001,1795
1321.4955,1321.5059,43515,50533,Pipistrellus pipistrellus,0.016,0.022,-1,Echolocation,/mnt/ubna_data_02_mir/recover-20221013/UBNA_001/20221012_030000.WAV,Telephone Field,recover-20221013,001,1795
1321.5105,1321.5328,17734,21783,Nyctalus noctula,0.015,0.022,-1,Echolocation,/mnt/ubna_data_02_mir/recover-20221013/UBNA_001/20221012_030000.WAV,Telephone Field,recover-20221013,001,1795
1321.5105,1321.5467,68437,81134,Rhinolophus ferrumequinum,0.022,0.022,-1,Echolocation,/mnt/ubna_data_02_mir/recover-20221013/UBNA_001/20221012_030000.WAV,Telephone Field,recover-20221013,001,1795
1321.5165,1321.5269,22890,27619,Nyctalus leisleri,0.01,0.021,-1,Echolocation,/mnt/ubna_data_02_mir/recover-20221013/UBNA_001/20221012_030000.WAV,Telephone Field,recover-20221013,001,1795
1321.5245,1321.5589,68437,81753,Rhinolophus ferrumequinum,0.021,0.021,-1,Echolocation,/mnt/ubna_data_02_mir/recover-20221013/UBNA_001/20221012_030000.WAV,Telephone Field,recover-20221013,001,1795
1321.5695,1321.6102,68437,82933,Rhinolophus ferrumequinum,0.025,0.025,-1,Echolocation,/mnt/ubna_data_02_mir/recover-20221013/UBNA_001/20221012_030000.WAV,Telephone Field,recover-20221013,001,1795
1321.6015,1321.6118,24609,31450,Nyctalus leisleri,0.008,0.023,-1,Echolocation,/mnt/ubna_data_02_mir/recover-20221013/UBNA_001/20221012_030000.WAV,Telephone Field,recover-20221013,001,1795
1321.6045,1321.6427,68437,81618,Rhinolophus ferrumequinum,0.021,0.021,-1,Echolocation,/mnt/ubna_data_02_mir/recover-20221013/UBNA_001/20221012_030000.WAV,Telephone Field,recover-20221013,001,1795
1321.6175,1321.653,68437,81319,Rhinolophus ferrumequinum,0.027,0.028,-1,Echolocation,/mnt/ubna_data_02_mir/recover-20221013/UBNA_001/20221012_030000.WAV,Telephone Field,recover-20221013,001,1795
1321.6625,1321.6698,27187,39333,Eptesicus serotinus,0.007,0.024,-1,Echolocation,/mnt/ubna_data_02_mir/recover-20221013/UBNA_001/20221012_030000.WAV,Telephone Field,recover-20221013,001,1795
1321.6705,1321.7105,68437,82258,Rhinolophus ferrumequinum,0.021,0.021,-1,Echolocation,/mnt/ubna_data_02_mir/recover-20221013/UBNA_001/20221012_030000.WAV,Telephone Field,recover-20221013,001,1795
1321.6795,1321.6889,25468,32650,Eptesicus serotinus,0.008,0.022,-1,Echolocation,/mnt/ubna_data_02_mir/recover-20221013/UBNA_001/20221012_030000.WAV,Telephone Field,recover-20221013,001,1795
1321.6935,1321.7009,25468,38591,Myotis nattereri,0.004,0.021,-1,Echolocation,/mnt/ubna_data_02_mir/recover-20221013/UBNA_001/20221012_030000.WAV,Telephone Field,recover-20221013,001,1795
1321.7115,1321.7447,68437,80859,Rhinolophus ferrumequinum,0.024,0.024,-1,Echolocation,/mnt/ubna_data_02_mir/recover-20221013/UBNA_001/20221012_030000.WAV,Telephone Field,recover-20221013,001,1795
1321.7265,1321.7678,68437,83067,Rhinolophus ferrumequinum,0.022,0.022,-1,Echolocation,/mnt/ubna_data_02_mir/recover-20221013/UBNA_001/20221012_030000.WAV,Telephone Field,recover-20221013,001,1795
1321.7295,1321.7391,28906,37597,Eptesicus serotinus,0.008,0.021,-1,Echolocation,/mnt/ubna_data_02_mir/recover-20221013/UBNA_001/20221012_030000.WAV,Telephone Field,recover-20221013,001,1795
1321.7475,1321.783,68437,81378,Rhinolophus ferrumequinum,0.026,0.026,-1,Echolocation,/mnt/ubna_data_02_mir/recover-20221013/UBNA_001/20221012_030000.WAV,Telephone Field,recover-20221013,001,1795
1321.7565,1321.7634,46953,57709,Pipistrellus pipistrellus,0.021,0.026,-1,Echolocation,/mnt/ubna_data_02_mir/recover-20221013/UBNA_001/20221012_030000.WAV,Telephone Field,recover-20221013,001,1795
1321.7565,1321.7951,68437,81364,Rhinolophus ferrumequinum,0.021,0.021,-1,Echolocation,/mnt/ubna_data_02_mir/recover-20221013/UBNA_001/20221012_030000.WAV,Telephone Field,recover-20221013,001,1795
1321.7585,1321.7659,27187,41565,Eptesicus serotinus,0.007,0.024,-1,Echolocation,/mnt/ubna_data_02_mir/recover-20221013/UBNA_001/20221012_030000.WAV,Telephone Field,recover-20221013,001,1795
1321.7735,1321.8099,68437,82135,Rhinolophus ferrumequinum,0.023,0.023,-1,Echolocation,/mnt/ubna_data_02_mir/recover-20221013/UBNA_001/20221012_030000.WAV,Telephone Field,recover-20221013,001,1795
1321.7745,1321.7842,24609,31665,Eptesicus serotinus,0.007,0.02,-1,Echolocation,/mnt/ubna_data_02_mir/recover-20221013/UBNA_001/20221012_030000.WAV,Telephone Field,recover-20221013,001,1795
1321.8435,1321.8836,68437,82319,Rhinolophus ferrumequinum,0.024,0.024,-1,Echolocation,/mnt/ubna_data_02_mir/recover-20221013/UBNA_001/20221012_030000.WAV,Telephone Field,recover-20221013,001,1795
1321.8815,1321.9188,68437,82195,Rhinolophus ferrumequinum,0.022,0.022,-1,Echolocation,/mnt/ubna_data_02_mir/recover-20221013/UBNA_001/20221012_030000.WAV,Telephone Field,recover-20221013,001,1795
1321.9025,1321.9103,28046,39246,Eptesicus serotinus,0.008,0.027,-1,Echolocation,/mnt/ubna_data_02_mir/recover-20221013/UBNA_001/20221012_030000.WAV,Telephone Field,recover-20221013,001,1795
1321.9155,1321.9264,28906,34953,Eptesicus serotinus,0.022,0.039,-1,Echolocation,/mnt/ubna_data_02_mir/recover-20221013/UBNA_001/20221012_030000.WAV,Telephone Field,recover-20221013,001,1795
1321.9195,1321.9575,68437,82197,Rhinolophus ferrumequinum,0.026,0.026,-1,Echolocation,/mnt/ubna_data_02_mir/recover-20221013/UBNA_001/20221012_030000.WAV,Telephone Field,recover-20221013,001,1795
1321.9435,1321.9489,34062,46984,Myotis daubentonii,0.006,0.025,-1,Echolocation,/mnt/ubna_data_02_mir/recover-20221013/UBNA_001/20221012_030000.WAV,Telephone Field,recover-20221013,001,1795
1321.9445,1321.9504,27187,45210,Myotis nattereri,0.008,0.031,-1,Echolocation,/mnt/ubna_data_02_mir/recover-20221013/UBNA_001/20221012_030000.WAV,Telephone Field,recover-20221013,001,1795
1321.9835,1321.9891,40078,53185,Myotis mystacinus,0.005,0.023,-1,Echolocation,/mnt/ubna_data_02_mir/recover-20221013/UBNA_001/20221012_030000.WAV,Telephone Field,recover-20221013,001,1795
1321.9855,1321.9932,28906,50128,Eptesicus serotinus,0.006,0.021,-1,Echolocation,/mnt/ubna_data_02_mir/recover-20221013/UBNA_001/20221012_030000.WAV,Telephone Field,recover-20221013,001,1795
1322.0015,1322.0088,45234,54868,Pipistrellus pipistrellus,0.017,0.028,-1,Echolocation,/mnt/ubna_data_02_mir/recover-20221013/UBNA_001/20221012_030000.WAV,Telephone Field,recover-20221013,001,1795
1322.0015,1322.0319,69296,81327,Rhinolophus ferrumequinum,0.022,0.022,-1,Echolocation,/mnt/ubna_data_02_mir/recover-20221013/UBNA_001/20221012_030000.WAV,Telephone Field,recover-20221013,001,1795
1322.0015,1322.0099,22890,30377,Nyctalus leisleri,0.008,0.026,-1,Echolocation,/mnt/ubna_data_02_mir/recover-20221013/UBNA_001/20221012_030000.WAV,Telephone Field,recover-20221013,001,1795
1322.0505,1322.0593,27187,35455,Eptesicus serotinus,0.008,0.021,-1,Echolocation,/mnt/ubna_data_02_mir/recover-20221013/UBNA_001/20221012_030000.WAV,Telephone Field,recover-20221013,001,1795
1322.0515,1322.0933,68437,82583,Rhinolophus ferrumequinum,0.021,0.021,-1,Echolocation,/mnt/ubna_data_02_mir/recover-20221013/UBNA_001/20221012_030000.WAV,Telephone Field,recover-20221013,001,1795
1322.0755,1322.1156,68437,83211,Rhinolophus ferrumequinum,0.03,0.03,-1,Echolocation,/mnt/ubna_data_02_mir/recover-20221013/UBNA_001/20221012_030000.WAV,Telephone Field,recover-20221013,001,1795
1322.1115,1322.1522,68437,82136,Rhinolophus ferrumequinum,0.022,0.022,-1,Echolocation,/mnt/ubna_data_02_mir/recover-20221013/UBNA_001/20221012_030000.WAV,Telephone Field,recover-20221013,001,1795
1322.1375,1322.1461,28046,38602,Eptesicus serotinus,0.008,0.022,-1,Echolocation,/mnt/ubna_data_02_mir/recover-20221013/UBNA_001/20221012_030000.WAV,Telephone Field,recover-20221013,001,1795
1322.1395,1322.1754,68437,81877,Rhinolophus ferrumequinum,0.023,0.023,-1,Echolocation,/mnt/ubna_data_02_mir/recover-20221013/UBNA_001/20221012_030000.WAV,Telephone Field,recover-20221013,001,1795
1322.1785,1322.1902,43515,48229,Pipistrellus pipistrellus,0.017,0.022,-1,Echolocation,/mnt/ubna_data_02_mir/recover-20221013/UBNA_001/20221012_030000.WAV,Telephone Field,recover-20221013,001,1795
1322.1825,1322.1915,22890,30253,Plecotus austriacus,0.01,0.025,-1,Echolocation,/mnt/ubna_data_02_mir/recover-20221013/UBNA_001/20221012_030000.WAV,Telephone Field,recover-20221013,001,1795
1322.2415,1322.2498,30625,42557,Myotis daubentonii,0.008,0.022,-1,Echolocation,/mnt/ubna_data_02_mir/recover-20221013/UBNA_001/20221012_030000.WAV,Telephone Field,recover-20221013,001,1795
1322.2945,1322.3294,68437,81445,Rhinolophus ferrumequinum,0.021,0.021,-1,Echolocation,/mnt/ubna_data_02_mir/recover-20221013/UBNA_001/20221012_030000.WAV,Telephone Field,recover-20221013,001,1795
1322.2995,1322.336,68437,81849,Rhinolophus ferrumequinum,0.021,0.021,-1,Echolocation,/mnt/ubna_data_02_mir/recover-20221013/UBNA_001/20221012_030000.WAV,Telephone Field,recover-20221013,001,1795
1322.3115,1322.3518,68437,82093,Rhinolophus ferrumequinum,0.021,0.021,-1,Echolocation,/mnt/ubna_data_02_mir/recover-20221013/UBNA_001/20221012_030000.WAV,Telephone Field,recover-20221013,001,1795
1322.3555,1322.3664,23750,29551,Nyctalus leisleri,0.009,0.021,-1,Echolocation,/mnt/ubna_data_02_mir/recover-20221013/UBNA_001/20221012_030000.WAV,Telephone Field,recover-20221013,001,1795
1322.3805,1322.3899,45234,52536,Pipistrellus pipistrellus,0.019,0.025,-1,Echolocation,/mnt/ubna_data_02_mir/recover-20221013/UBNA_001/20221012_030000.WAV,Telephone Field,recover-20221013,001,1795
1322.3845,1322.3921,27187,41450,Eptesicus serotinus,0.008,0.025,-1,Echolocation,/mnt/ubna_data_02_mir/recover-20221013/UBNA_001/20221012_030000.WAV,Telephone Field,recover-20221013,001,1795
1322.4065,1322.4481,68437,82776,Rhinolophus ferrumequinum,0.024,0.024,-1,Echolocation,/mnt/ubna_data_02_mir/recover-20221013/UBNA_001/20221012_030000.WAV,Telephone Field,recover-20221013,001,1795
1322.4065,1322.419,39218,44242,Pipistrellus nathusii,0.012,0.022,-1,Echolocation,/mnt/ubna_data_02_mir/recover-20221013/UBNA_001/20221012_030000.WAV,Telephone Field,recover-20221013,001,1795
1322.4275,1322.435,23750,32646,Plecotus austriacus,0.013,0.028,-1,Echolocation,/mnt/ubna_data_02_mir/recover-20221013/UBNA_001/20221012_030000.WAV,Telephone Field,recover-20221013,001,1795
1322.4355,1322.4711,68437,81100,Rhinolophus ferrumequinum,0.024,0.024,-1,Echolocation,/mnt/ubna_data_02_mir/recover-20221013/UBNA_001/20221012_030000.WAV,Telephone Field,recover-20221013,001,1795
1322.5085,1322.5166,28906,37587,Eptesicus serotinus,0.009,0.023,-1,Echolocation,/mnt/ubna_data_02_mir/recover-20221013/UBNA_001/20221012_030000.WAV,Telephone Field,recover-20221013,001,1795
1322.5115,1322.5525,68437,82817,Rhinolophus ferrumequinum,0.027,0.027,-1,Echolocation,/mnt/ubna_data_02_mir/recover-20221013/UBNA_001/20221012_030000.WAV,Telephone Field,recover-20221013,001,1795
1322.5235,1322.5322,22890,29913,Plecotus austriacus,0.01,0.025,-1,Echolocation,/mnt/ubna_data_02_mir/recover-20221013/UBNA_001/20221012_030000.WAV,Telephone Field,recover-20221013,001,1795
1322.5395,1322.5765,68437,81575,Rhinolophus ferrumequinum,0.022,0.022,-1,Echolocation,/mnt/ubna_data_02_mir/recover-20221013/UBNA_001/20221012_030000.WAV,Telephone Field,recover-20221013,001,1795
1322.5575,1322.5653,28046,39592,Eptesicus serotinus,0.007,0.021,-1,Echolocation,/mnt/ubna_data_02_mir/recover-20221013/UBNA_001/20221012_030000.WAV,Telephone Field,recover-20221013,001,1795
1322.5665,1322.6035,68437,81280,Rhinolophus ferrumequinum,0.021,0.021,-1,Echolocation,/mnt/ubna_data_02_mir/recover-20221013/UBNA_001/20221012_030000.WAV,Telephone Field,recover-20221013,001,1795
1322.6935,1322.7316,68437,81909,Rhinolophus ferrumequinum,0.024,0.024,-1,Echolocation,/mnt/ubna_data_02_mir/recover-20221013/UBNA_001/20221012_030000.WAV,Telephone Field,recover-20221013,001,1795
1322.6935,1322.7047,37500,43156,Pipistrellus nathusii,0.021,0.034,-1,Echolocation,/mnt/ubna_data_02_mir/recover-20221013/UBNA_001/20221012_030000.WAV,Telephone Field,recover-20221013,001,1795
1322.7305,1322.7698,68437,82400,Rhinolophus ferrumequinum,0.024,0.024,-1,Echolocation,/mnt/ubna_data_02_mir/recover-20221013/UBNA_001/20221012_030000.WAV,Telephone Field,recover-20221013,001,1795
1322.7675,1322.7753,28046,39295,Eptesicus serotinus,0.009,0.026,-1,Echolocation,/mnt/ubna_data_02_mir/recover-20221013/UBNA_001/20221012_030000.WAV,Telephone Field,recover-20221013,001,1795
1322.8005,1322.8074,27187,38121,Eptesicus serotinus,0.006,0.023,-1,Echolocation,/mnt/ubna_data_02_mir/recover-20221013/UBNA_001/20221012_030000.WAV,Telephone Field,recover-20221013,001,1795
1322.8365,1322.8428,28046,44995,Myotis daubentonii,0.005,0.021,-1,Echolocation,/mnt/ubna_data_02_mir/recover-20221013/UBNA_001/20221012_030000.WAV,Telephone Field,recover-20221013,001,1795
1322.8685,1322.8788,22031,28033,Nyctalus leisleri,0.01,0.026,-1,Echolocation,/mnt/ubna_data_02_mir/recover-20221013/UBNA_001/20221012_030000.WAV,Telephone Field,recover-20221013,001,1795
1322.9515,1322.9921,68437,83078,Rhinolophus ferrumequinum,0.025,0.025,-1,Echolocation,/mnt/ubna_data_02_mir/recover-20221013/UBNA_001/20221012_030000.WAV,Telephone Field,recover-20221013,001,1795
1323.0075,1323.0472,68437,83060,Rhinolophus ferrumequinum,0.023,0.023,-1,Echolocation,/mnt/ubna_data_02_mir/recover-20221013/UBNA_001/20221012_030000.WAV,Telephone Field,recover-20221013,001,1795
1323.0225,1323.0457,17734,20520,Nyctalus noctula,0.037,0.056,-1,Echolocation,/mnt/ubna_data_02_mir/recover-20221013/UBNA_001/20221012_030000.WAV,Telephone Field,recover-20221013,001,1795
1323.0675,1323.104,68437,82000,Rhinolophus ferrumequinum,0.029,0.029,-1,Echolocation,/mnt/ubna_data_02_mir/recover-20221013/UBNA_001/20221012_030000.WAV,Telephone Field,recover-20221013,001,1795
1323.0685,1323.0757,28906,38675,Eptesicus serotinus,0.006,0.022,-1,Echolocation,/mnt/ubna_data_02_mir/recover-20221013/UBNA_001/20221012_030000.WAV,Telephone Field,recover-20221013,001,1795
1323.0955,1323.1321,68437,82207,Rhinolophus ferrumequinum,0.022,0.022,-1,Echolocation,/mnt/ubna_data_02_mir/recover-20221013/UBNA_001/20221012_030000.WAV,Telephone Field,recover-20221013,001,1795
1323.1075,1323.1177,22890,27343,Nyctalus leisleri,0.011,0.022,-1,Echolocation,/mnt/ubna_data_02_mir/recover-20221013/UBNA_001/20221012_030000.WAV,Telephone Field,recover-20221013,001,1795
1323.1665,1323.2085,68437,82703,Rhinolophus ferrumequinum,0.026,0.026,-1,Echolocation,/mnt/ubna_data_02_mir/recover-20221013/UBNA_001/20221012_030000.WAV,Telephone Field,recover-20221013,001,1795
1323.2055,1323.215,22890,29594,Nyctalus leisleri,0.008,0.023,-1,Echolocation,/mnt/ubna_data_02_mir/recover-20221013/UBNA_001/20221012_030000.WAV,Telephone Field,recover-20221013,001,1795
1323.2325,1323.2721,68437,81767,Rhinolophus ferrumequinum,0.022,0.022,-1,Echolocation,/mnt/ubna_data_02_mir/recover-20221013/UBNA_001/20221012_030000.WAV,Telephone Field,recover-20221013,001,1795
1323.2435,1323.2516,23750,32500,Plecotus austriacus,0.009,0.023,-1,Echolocation,/mnt/ubna_data_02_mir/recover-20221013/UBNA_001/20221012_030000.WAV,Telephone Field,recover-20221013,001,1795
1323.2445,1323.2513,28046,39896,Eptesicus serotinus,0.006,0.023,-1,Echolocation,/mnt/ubna_data_02_mir/recover-20221013/UBNA_001/20221012_030000.WAV,Telephone Field,recover-20221013,001,1795
1323.2585,1323.2994,68437,82725,Rhinolophus ferrumequinum,0.027,0.027,-1,Echolocation,/mnt/ubna_data_02_mir/recover-20221013/UBNA_001/20221012_030000.WAV,Telephone Field,recover-20221013,001,1795
1323.2955,1323.3033,27187,39405,Eptesicus serotinus,0.007,0.021,-1,Echolocation,/mnt/ubna_data_02_mir/recover-20221013/UBNA_001/20221012_030000.WAV,Telephone Field,recover-20221013,001,1795
1323.3195,1323.3294,28046,35750,Eptesicus serotinus,0.009,0.022,-1,Echolocation,/mnt/ubna_data_02_mir/recover-20221013/UBNA_001/20221012_030000.WAV,Telephone Field,recover-20221013,001,1795
1323.3585,1323.3974,68437,82063,Rhinolophus ferrumequinum,0.021,0.021,-1,Echolocation,/mnt/ubna_data_02_mir/recover-20221013/UBNA_001/20221012_030000.WAV,Telephone Field,recover-20221013,001,1795
1323.3605,1323.3685,43515,52050,Pipistrellus pipistrellus,0.022,0.028,-1,Echolocation,/mnt/ubna_data_02_mir/recover-20221013/UBNA_001/20221012_030000.WAV,Telephone Field,recover-20221013,001,1795
1323.3735,1323.3849,28046,34088,Eptesicus serotinus,0.01,0.021,-1,Echolocation,/mnt/ubna_data_02_mir/recover-20221013/UBNA_001/20221012_030000.WAV,Telephone Field,recover-20221013,001,1795
1323.3855,1323.4257,68437,82626,Rhinolophus ferrumequinum,0.023,0.023,-1,Echolocation,/mnt/ubna_data_02_mir/recover-20221013/UBNA_001/20221012_030000.WAV,Telephone Field,recover-20221013,001,1795
1323.4105,1323.4521,68437,82521,Rhinolophus ferrumequinum,0.023,0.023,-1,Echolocation,/mnt/ubna_data_02_mir/recover-20221013/UBNA_001/20221012_030000.WAV,Telephone Field,recover-20221013,001,1795
1323.4515,1323.4922,68437,82427,Rhinolophus ferrumequinum,0.023,0.023,-1,Echolocation,/mnt/ubna_data_02_mir/recover-20221013/UBNA_001/20221012_030000.WAV,Telephone Field,recover-20221013,001,1795
1323.4765,1323.4839,50390,55135,Pipistrellus pipistrellus,0.023,0.026,-1,Echolocation,/mnt/ubna_data_02_mir/recover-20221013/UBNA_001/20221012_030000.WAV,Telephone Field,recover-20221013,001,1795
1323.4965,1323.5368,68437,82224,Rhinolophus ferrumequinum,0.025,0.025,-1,Echolocation,/mnt/ubna_data_02_mir/recover-20221013/UBNA_001/20221012_030000.WAV,Telephone Field,recover-20221013,001,1795
1323.5005,1323.51,22890,28634,Nyctalus leisleri,0.008,0.021,-1,Echolocation,/mnt/ubna_data_02_mir/recover-20221013/UBNA_001/20221012_030000.WAV,Telephone Field,recover-20221013,001,1795
1323.5665,1323.6067,68437,82358,Rhinolophus ferrumequinum,0.026,0.026,-1,Echolocation,/mnt/ubna_data_02_mir/recover-20221013/UBNA_001/20221012_030000.WAV,Telephone Field,recover-20221013,001,1795
1323.6225,1323.6588,68437,81596,Rhinolophus ferrumequinum,0.022,0.022,-1,Echolocation,/mnt/ubna_data_02_mir/recover-20221013/UBNA_001/20221012_030000.WAV,Telephone Field,recover-20221013,001,1795
1323.6555,1323.6658,22890,28792,Nyctalus leisleri,0.012,0.029,-1,Echolocation,/mnt/ubna_data_02_mir/recover-20221013/UBNA_001/20221012_030000.WAV,Telephone Field,recover-20221013,001,1795
1323.6955,1323.7361,68437,82409,Rhinolophus ferrumequinum,0.022,0.022,-1,Echolocation,/mnt/ubna_data_02_mir/recover-20221013/UBNA_001/20221012_030000.WAV,Telephone Field,recover-20221013,001,1795
1323.7015,1323.7147,40078,44391,Pipistrellus nathusii,0.012,0.025,-1,Echolocation,/mnt/ubna_data_02_mir/recover-20221013/UBNA_001/20221012_030000.WAV,Telephone Field,recover-20221013,001,1795
1323.7475,1323.7885,68437,82474,Rhinolophus ferrumequinum,0.024,0.024,-1,Echolocation,/mnt/ubna_data_02_mir/recover-20221013/UBNA_001/20221012_030000.WAV,Telephone Field,recover-20221013,001,1795
1323.7605,1323.7705,24609,31636,Eptesicus serotinus,0.008,0.025,-1,Echolocation,/mnt/ubna_data_02_mir/recover-20221013/UBNA_001/20221012_030000.WAV,Telephone Field,recover-20221013,001,1795
1323.7885,1323.8,22890,27582,Nyctalus leisleri,0.012,0.023,-1,Echolocation,/mnt/ubna_data_02_mir/recover-20221013/UBNA_001/20221012_030000.WAV,Telephone Field,recover-20221013,001,1795
1323.7955,1323.8152,22031,25360,Nyctalus leisleri,0.012,0.022,-1,Echolocation,/mnt/ubna_data_02_mir/recover-20221013/UBNA_001/20221012_030000.WAV,Telephone Field,recover-20221013,001,1795
1323.8085,1323.8489,68437,82029,Rhinolophus ferrumequinum,0.021,0.021,-1,Echolocation,/mnt/ubna_data_02_mir/recover-20221013/UBNA_001/20221012_030000.WAV,Telephone Field,recover-20221013,001,1795
1323.8085,1323.8162,24609,34694,Plecotus austriacus,0.014,0.035,-1,Echolocation,/mnt/ubna_data_02_mir/recover-20221013/UBNA_001/20221012_030000.WAV,Telephone Field,recover-20221013,001,1795
1323.8165,1323.8528,68437,81635,Rhinolophus ferrumequinum,0.021,0.021,-1,Echolocation,/mnt/ubna_data_02_mir/recover-20221013/UBNA_001/20221012_030000.WAV,Telephone Field,recover-20221013,001,1795
1323.8615,1323.9031,68437,82759,Rhinolophus ferrumequinum,0.022,0.022,-1,Echolocation,/mnt/ubna_data_02_mir/recover-20221013/UBNA_001/20221012_030000.WAV,Telephone Field,recover-20221013,001,1795
1323.8935,1323.9039,44375,49467,Pipistrellus pipistrellus,0.02,0.026,-1,Echolocation,/mnt/ubna_data_02_mir/recover-20221013/UBNA_001/20221012_030000.WAV,Telephone Field,recover-20221013,001,1795
1323.9185,1323.9578,68437,82280,Rhinolophus ferrumequinum,0.025,0.025,-1,Echolocation,/mnt/ubna_data_02_mir/recover-20221013/UBNA_001/20221012_030000.WAV,Telephone Field,recover-20221013,001,1795
1323.9465,1323.9535,23750,32676,Plecotus austriacus,0.014,0.028,-1,Echolocation,/mnt/ubna_data_02_mir/recover-20221013/UBNA_001/20221012_030000.WAV,Telephone Field,recover-20221013,001,1795
1323.9725,1323.984,22031,26564,Nyctalus leisleri,0.013,0.025,-1,Echolocation,/mnt/ubna_data_02_mir/recover-20221013/UBNA_001/20221012_030000.WAV,Telephone Field,recover-20221013,001,1795
1323.9825,1323.9936,22031,27147,Nyctalus leisleri,0.011,0.024,-1,Echolocation,/mnt/ubna_data_02_mir/recover-20221013/UBNA_001/20221012_030000.WAV,Telephone Field,recover-20221013,001,1795
1324.0015,1324.0345,68437,79791,Rhinolophus ferrumequinum,0.033,0.033,-1,Echolocation,/mnt/ubna_data_02_mir/recover-20221013/UBNA_001/20221012_030000.WAV,Telephone Field,recover-20221013,001,1795
1324.0015,1324.018,20312,25295,Nyctalus noctula,0.018,0.04,-1,Echolocation,/mnt/ubna_data_02_mir/recover-20221013/UBNA_001/20221012_030000.WAV,Telephone Field,recover-20221013,001,1795
1324.0145,1324.0379,18593,21582,Nyctalus noctula,0.039,0.079,-1,Echolocation,/mnt/ubna_data_02_mir/recover-20221013/UBNA_001/20221012_030000.WAV,Telephone Field,recover-20221013,001,1795
1324.0295,1324.0369,57265,61865,Pipistrellus pygmaeus,0.031,0.031,-1,Echolocation,/mnt/ubna_data_02_mir/recover-20221013/UBNA_001/20221012_030000.WAV,Telephone Field,recover-20221013,001,1795
1324.0315,1324.0708,68437,82935,Rhinolophus ferrumequinum,0.022,0.022,-1,Echolocation,/mnt/ubna_data_02_mir/recover-20221013/UBNA_001/20221012_030000.WAV,Telephone Field,recover-20221013,001,1795
1324.0505,1324.0875,68437,82047,Rhinolophus ferrumequinum,0.025,0.025,-1,Echolocation,/mnt/ubna_data_02_mir/recover-20221013/UBNA_001/20221012_030000.WAV,Telephone Field,recover-20221013,001,1795
1324.0795,1324.1168,68437,82486,Rhinolophus ferrumequinum,0.024,0.024,-1,Echolocation,/mnt/ubna_data_02_mir/recover-20221013/UBNA_001/20221012_030000.WAV,Telephone Field,recover-20221013,001,1795
1324.1355,1324.1705,68437,80392,Rhinolophus ferrumequinum,0.025,0.025,-1,Echolocation,/mnt/ubna_data_02_mir/recover-20221013/UBNA_001/20221012_030000.WAV,Telephone Field,recover-20221013,001,1795
1324.1575,1324.195,68437,81897,Rhinolophus ferrumequinum,0.023,0.023,-1,Echolocation,/mnt/ubna_data_02_mir/recover-20221013/UBNA_001/20221012_030000.WAV,Telephone Field,recover-20221013,001,1795
1324.1605,1324.1682,23750,32106,Plecotus austriacus,0.01,0.026,-1,Echolocation,/mnt/ubna_data_02_mir/recover-20221013/UBNA_001/20221012_030000.WAV,Telephone Field,recover-20221013,001,1795
1324.2175,1324.2569,68437,82307,Rhinolophus ferrumequinum,0.022,0.022,-1,Echolocation,/mnt/ubna_data_02_mir/recover-20221013/UBNA_001/20221012_030000.WAV,Telephone Field,recover-20221013,001,1795
1324.2275,1324.2362,28906,37314,Eptesicus serotinus,0.009,0.024,-1,Echolocation,/mnt/ubna_data_02_mir/recover-20221013/UBNA_001/20221012_030000.WAV,Telephone Field,recover-20221013,001,1795
1324.2605,1324.2677,28046,40291,Eptesicus serotinus,0.007,0.022,-1,Echolocation,/mnt/ubna_data_02_mir/recover-20221013/UBNA_001/20221012_030000.WAV,Telephone Field,recover-20221013,001,1795
1324.2795,1324.321,68437,83010,Rhinolophus ferrumequinum,0.03,0.03,-1,Echolocation,/mnt/ubna_data_02_mir/recover-20221013/UBNA_001/20221012_030000.WAV,Telephone Field,recover-20221013,001,1795
1324.2915,1324.3319,68437,82757,Rhinolophus ferrumequinum,0.026,0.026,-1,Echolocation,/mnt/ubna_data_02_mir/recover-20221013/UBNA_001/20221012_030000.WAV,Telephone Field,recover-20221013,001,1795
1324.2995,1324.3353,68437,81578,Rhinolophus ferrumequinum,0.022,0.022,-1,Echolocation,/mnt/ubna_data_02_mir/recover-20221013/UBNA_001/20221012_030000.WAV,Telephone Field,recover-20221013,001,1795
1324.3355,1324.3767,68437,82689,Rhinolophus ferrumequinum,0.047,0.047,-1,Echolocation,/mnt/ubna_data_02_mir/recover-20221013/UBNA_001/20221012_030000.WAV,Telephone Field,recover-20221013,001,1795
1324.3485,1324.3595,25468,31601,Eptesicus serotinus,0.01,0.024,-1,Echolocation,/mnt/ubna_data_02_mir/recover-20221013/UBNA_001/20221012_030000.WAV,Telephone Field,recover-20221013,001,1795
1324.3785,1324.3861,23750,36760,Plecotus austriacus,0.011,0.028,-1,Echolocation,/mnt/ubna_data_02_mir/recover-20221013/UBNA_001/20221012_030000.WAV,Telephone Field,recover-20221013,001,1795
1324.4115,1324.4551,68437,83084,Rhinolophus ferrumequinum,0.029,0.029,-1,Echolocation,/mnt/ubna_data_02_mir/recover-20221013/UBNA_001/20221012_030000.WAV,Telephone Field,recover-20221013,001,1795
1324.4215,1324.4292,28046,38362,Eptesicus serotinus,0.007,0.022,-1,Echolocation,/mnt/ubna_data_02_mir/recover-20221013/UBNA_001/20221012_030000.WAV,Telephone Field,recover-20221013,001,1795
1324.4395,1324.4763,68437,82204,Rhinolophus ferrumequinum,0.022,0.022,-1,Echolocation,/mnt/ubna_data_02_mir/recover-20221013/UBNA_001/20221012_030000.WAV,Telephone Field,recover-20221013,001,1795
1324.4625,1324.4996,68437,81937,Rhinolophus ferrumequinum,0.022,0.022,-1,Echolocation,/mnt/ubna_data_02_mir/recover-20221013/UBNA_001/20221012_030000.WAV,Telephone Field,recover-20221013,001,1795
1324.4645,1324.4717,52109,57688,Pipistrellus pipistrellus,0.017,0.022,-1,Echolocation,/mnt/ubna_data_02_mir/recover-20221013/UBNA_001/20221012_030000.WAV,Telephone Field,recover-20221013,001,1795
1324.4835,1324.4905,28906,40217,Eptesicus serotinus,0.006,0.023,-1,Echolocation,/mnt/ubna_data_02_mir/recover-20221013/UBNA_001/20221012_030000.WAV,Telephone Field,recover-20221013,001,1795
1324.4895,1324.5005,22890,27799,Nyctalus leisleri,0.012,0.024,-1,Echolocation,/mnt/ubna_data_02_mir/recover-20221013/UBNA_001/20221012_030000.WAV,Telephone Field,recover-20221013,001,1795
1324.5085,1324.5162,23750,31743,Plecotus austriacus,0.009,0.022,-1,Echolocation,/mnt/ubna_data_02_mir/recover-20221013/UBNA_001/20221012_030000.WAV,Telephone Field,recover-20221013,001,1795
1324.5555,1324.5882,68437,81086,Rhinolophus ferrumequinum,0.022,0.022,-1,Echolocation,/mnt/ubna_data_02_mir/recover-20221013/UBNA_001/20221012_030000.WAV,Telephone Field,recover-20221013,001,1795
1324.5685,1324.5763,28046,38118,Eptesicus serotinus,0.006,0.021,-1,Echolocation,/mnt/ubna_data_02_mir/recover-20221013/UBNA_001/20221012_030000.WAV,Telephone Field,recover-20221013,001,1795
1324.5805,1324.5896,24609,32921,Eptesicus serotinus,0.006,0.022,-1,Echolocation,/mnt/ubna_data_02_mir/recover-20221013/UBNA_001/20221012_030000.WAV,Telephone Field,recover-20221013,001,1795
1324.6265,1324.6352,24609,32463,Plecotus austriacus,0.006,0.024,-1,Echolocation,/mnt/ubna_data_02_mir/recover-20221013/UBNA_001/20221012_030000.WAV,Telephone Field,recover-20221013,001,1795
1324.6265,1324.6426,16875,21487,Nyctalus noctula,0.023,0.033,-1,Echolocation,/mnt/ubna_data_02_mir/recover-20221013/UBNA_001/20221012_030000.WAV,Telephone Field,recover-20221013,001,1795
1324.6275,1324.6698,68437,83065,Rhinolophus ferrumequinum,0.045,0.045,-1,Echolocation,/mnt/ubna_data_02_mir/recover-20221013/UBNA_001/20221012_030000.WAV,Telephone Field,recover-20221013,001,1795
1324.6675,1324.6775,25468,32525,Eptesicus serotinus,0.009,0.025,-1,Echolocation,/mnt/ubna_data_02_mir/recover-20221013/UBNA_001/20221012_030000.WAV,Telephone Field,recover-20221013,001,1795
1324.6855,1324.7252,68437,82610,Rhinolophus ferrumequinum,0.023,0.023,-1,Echolocation,/mnt/ubna_data_02_mir/recover-20221013/UBNA_001/20221012_030000.WAV,Telephone Field,recover-20221013,001,1795
1324.7045,1324.7474,68437,82957,Rhinolophus ferrumequinum,0.028,0.028,-1,Echolocation,/mnt/ubna_data_02_mir/recover-20221013/UBNA_001/20221012_030000.WAV,Telephone Field,recover-20221013,001,1795
1324.7515,1324.765,21171,25765,Nyctalus leisleri,0.012,0.027,-1,Echolocation,/mnt/ubna_data_02_mir/recover-20221013/UBNA_001/20221012_030000.WAV,Telephone Field,recover-20221013,001,1795
1324.7795,1324.8167,68437,81841,Rhinolophus ferrumequinum,0.023,0.023,-1,Echolocation,/mnt/ubna_data_02_mir/recover-20221013/UBNA_001/20221012_030000.WAV,Telephone Field,recover-20221013,001,1795
1324.7865,1324.8225,68437,82235,Rhinolophus ferrumequinum,0.023,0.023,-1,Echolocation,/mnt/ubna_data_02_mir/recover-20221013/UBNA_001/20221012_030000.WAV,Telephone Field,recover-20221013,001,1795
1324.7955,1324.8056,22031,27981,Plecotus austriacus,0.009,0.028,-1,Echolocation,/mnt/ubna_data_02_mir/recover-20221013/UBNA_001/20221012_030000.WAV,Telephone Field,recover-20221013,001,1795
1324.7965,1324.8041,30625,40125,Eptesicus serotinus,0.017,0.048,-1,Echolocation,/mnt/ubna_data_02_mir/recover-20221013/UBNA_001/20221012_030000.WAV,Telephone Field,recover-20221013,001,1795
1324.8045,1324.8221,19453,22825,Nyctalus leisleri,0.013,0.029,-1,Echolocation,/mnt/ubna_data_02_mir/recover-20221013/UBNA_001/20221012_030000.WAV,Telephone Field,recover-20221013,001,1795
1324.8095,1324.851,68437,82787,Rhinolophus ferrumequinum,0.043,0.043,-1,Echolocation,/mnt/ubna_data_02_mir/recover-20221013/UBNA_001/20221012_030000.WAV,Telephone Field,recover-20221013,001,1795
1324.8195,1324.8273,27187,41395,Eptesicus serotinus,0.009,0.025,-1,Echolocation,/mnt/ubna_data_02_mir/recover-20221013/UBNA_001/20221012_030000.WAV,Telephone Field,recover-20221013,001,1795
1324.8275,1324.8379,28906,36288,Eptesicus serotinus,0.012,0.025,-1,Echolocation,/mnt/ubna_data_02_mir/recover-20221013/UBNA_001/20221012_030000.WAV,Telephone Field,recover-20221013,001,1795
1324.8505,1324.858,28046,40609,Eptesicus serotinus,0.007,0.024,-1,Echolocation,/mnt/ubna_data_02_mir/recover-20221013/UBNA_001/20221012_030000.WAV,Telephone Field,recover-20221013,001,1795
1324.8845,1324.894,28046,35768,Eptesicus serotinus,0.02,0.04,-1,Echolocation,/mnt/ubna_data_02_mir/recover-20221013/UBNA_001/20221012_030000.WAV,Telephone Field,recover-20221013,001,1795
1324.9115,1324.9309,19453,23347,Nyctalus noctula,0.016,0.034,-1,Echolocation,/mnt/ubna_data_02_mir/recover-20221013/UBNA_001/20221012_030000.WAV,Telephone Field,recover-20221013,001,1795
1324.9315,1324.9698,68437,81778,Rhinolophus ferrumequinum,0.022,0.023,-1,Echolocation,/mnt/ubna_data_02_mir/recover-20221013/UBNA_001/20221012_030000.WAV,Telephone Field,recover-20221013,001,1795
1324.9555,1324.9632,37500,43967,Barbastellus barbastellus,0.018,0.031,-1,Echolocation,/mnt/ubna_data_02_mir/recover-20221013/UBNA_001/20221012_030000.WAV,Telephone Field,recover-20221013,001,1795
1324.9575,1324.9953,68437,81869,Rhinolophus ferrumequinum,0.023,0.023,-1,Echolocation,/mnt/ubna_data_02_mir/recover-20221013/UBNA_001/20221012_030000.WAV,Telephone Field,recover-20221013,001,1795
1324.9605,1324.9689,27187,38098,Eptesicus serotinus,0.008,0.024,-1,Echolocation,/mnt/ubna_data_02_mir/recover-20221013/UBNA_001/20221012_030000.WAV,Telephone Field,recover-20221013,001,1795
1324.9795,1324.9868,28046,39733,Eptesicus serotinus,0.007,0.023,-1,Echolocation,/mnt/ubna_data_02_mir/recover-20221013/UBNA_001/20221012_030000.WAV,Telephone Field,recover-20221013,001,1795
1324.9865,1325.0226,68437,81305,Rhinolophus ferrumequinum,0.022,0.022,-1,Echolocation,/mnt/ubna_data_02_mir/recover-20221013/UBNA_001/20221012_030000.WAV,Telephone Field,recover-20221013,001,1795
1325.0185,1325.0573,68437,82288,Rhinolophus ferrumequinum,0.03,0.03,-1,Echolocation,/mnt/ubna_data_02_mir/recover-20221013/UBNA_001/20221012_030000.WAV,Telephone Field,recover-20221013,001,1795
1325.0385,1325.0465,27187,38567,Eptesicus serotinus,0.008,0.024,-1,Echolocation,/mnt/ubna_data_02_mir/recover-20221013/UBNA_001/20221012_030000.WAV,Telephone Field,recover-20221013,001,1795
1325.0555,1325.0935,68437,82340,Rhinolophus ferrumequinum,0.022,0.022,-1,Echolocation,/mnt/ubna_data_02_mir/recover-20221013/UBNA_001/20221012_030000.WAV,Telephone Field,recover-20221013,001,1795
1325.0625,1325.1002,68437,81665,Rhinolophus ferrumequinum,0.024,0.024,-1,Echolocation,/mnt/ubna_data_02_mir/recover-20221013/UBNA_001/20221012_030000.WAV,Telephone Field,recover-20221013,001,1795
1325.1085,1325.1459,68437,81750,Rhinolophus ferrumequinum,0.023,0.023,-1,Echolocation,/mnt/ubna_data_02_mir/recover-20221013/UBNA_001/20221012_030000.WAV,Telephone Field,recover-20221013,001,1795
1325.1385,1325.1496,44375,48635,Pipistrellus pipistrellus,0.035,0.047,-1,Echolocation,/mnt/ubna_data_02_mir/recover-20221013/UBNA_001/20221012_030000.WAV,Telephone Field,recover-20221013,001,1795
1325.1775,1325.2189,68437,82646,Rhinolophus ferrumequinum,0.024,0.024,-1,Echolocation,/mnt/ubna_data_02_mir/recover-20221013/UBNA_001/20221012_030000.WAV,Telephone Field,recover-20221013,001,1795
1325.2075,1325.2152,28046,39956,Eptesicus serotinus,0.008,0.028,-1,Echolocation,/mnt/ubna_data_02_mir/recover-20221013/UBNA_001/20221012_030000.WAV,Telephone Field,recover-20221013,001,1795
1325.2175,1325.2552,68437,83250,Rhinolophus ferrumequinum,0.024,0.024,-1,Echolocation,/mnt/ubna_data_02_mir/recover-20221013/UBNA_001/20221012_030000.WAV,Telephone Field,recover-20221013,001,1795
1325.2295,1325.2728,68437,83314,Rhinolophus ferrumequinum,0.032,0.032,-1,Echolocation,/mnt/ubna_data_02_mir/recover-20221013/UBNA_001/20221012_030000.WAV,Telephone Field,recover-20221013,001,1795
1325.2335,1325.2448,37500,43686,Pipistrellus nathusii,0.008,0.026,-1,Echolocation,/mnt/ubna_data_02_mir/recover-20221013/UBNA_001/20221012_030000.WAV,Telephone Field,recover-20221013,001,1795
1325.2335,1325.2495,21171,24915,Nyctalus leisleri,0.016,0.029,-1,Echolocation,/mnt/ubna_data_02_mir/recover-20221013/UBNA_001/20221012_030000.WAV,Telephone Field,recover-20221013,001,1795
1325.2885,1325.2978,22031,29413,Plecotus austriacus,0.017,0.048,-1,Echolocation,/mnt/ubna_data_02_mir/recover-20221013/UBNA_001/20221012_030000.WAV,Telephone Field,recover-20221013,001,1795
1325.3425,1325.3519,25468,35480,Eptesicus serotinus,0.008,0.022,-1,Echolocation,/mnt/ubna_data_02_mir/recover-20221013/UBNA_001/20221012_030000.WAV,Telephone Field,recover-20221013,001,1795
1325.3435,1325.3839,68437,82367,Rhinolophus ferrumequinum,0.024,0.024,-1,Echolocation,/mnt/ubna_data_02_mir/recover-20221013/UBNA_001/20221012_030000.WAV,Telephone Field,recover-20221013,001,1795
1325.3975,1325.4398,68437,82743,Rhinolophus ferrumequinum,0.03,0.03,-1,Echolocation,/mnt/ubna_data_02_mir/recover-20221013/UBNA_001/20221012_030000.WAV,Telephone Field,recover-20221013,001,1795
1325.4295,1325.4689,68437,82717,Rhinolophus ferrumequinum,0.024,0.024,-1,Echolocation,/mnt/ubna_data_02_mir/recover-20221013/UBNA_001/20221012_030000.WAV,Telephone Field,recover-20221013,001,1795
1325.4755,1325.4857,23750,30972,Nyctalus leisleri,0.008,0.025,-1,Echolocation,/mnt/ubna_data_02_mir/recover-20221013/UBNA_001/20221012_030000.WAV,Telephone Field,recover-20221013,001,1795
1325.4785,1325.5182,68437,82412,Rhinolophus ferrumequinum,0.024,0.024,-1,Echolocation,/mnt/ubna_data_02_mir/recover-20221013/UBNA_001/20221012_030000.WAV,Telephone Field,recover-20221013,001,1795
1325.4835,1325.5234,68437,82383,Rhinolophus ferrumequinum,0.023,0.023,-1,Echolocation,/mnt/ubna_data_02_mir/recover-20221013/UBNA_001/20221012_030000.WAV,Telephone Field,recover-20221013,001,1795
1325.5435,1325.5768,68437,80759,Rhinolophus ferrumequinum,0.021,0.022,-1,Echolocation,/mnt/ubna_data_02_mir/recover-20221013/UBNA_001/20221012_030000.WAV,Telephone Field,recover-20221013,001,1795
1325.5515,1325.5878,68437,80609,Rhinolophus ferrumequinum,0.023,0.023,-1,Echolocation,/mnt/ubna_data_02_mir/recover-20221013/UBNA_001/20221012_030000.WAV,Telephone Field,recover-20221013,001,1795
1325.6095,1325.649,68437,82679,Rhinolophus ferrumequinum,0.023,0.023,-1,Echolocation,/mnt/ubna_data_02_mir/recover-20221013/UBNA_001/20221012_030000.WAV,Telephone Field,recover-20221013,001,1795
1325.6515,1325.6588,27187,39886,Eptesicus serotinus,0.007,0.022,-1,Echolocation,/mnt/ubna_data_02_mir/recover-20221013/UBNA_001/20221012_030000.WAV,Telephone Field,recover-20221013,001,1795
1325.6655,1325.7053,68437,82418,Rhinolophus ferrumequinum,0.024,0.024,-1,Echolocation,/mnt/ubna_data_02_mir/recover-20221013/UBNA_001/20221012_030000.WAV,Telephone Field,recover-20221013,001,1795
1325.6725,1325.686,44375,47556,Pipistrellus pipistrellus,0.079,0.085,-1,Echolocation,/mnt/ubna_data_02_mir/recover-20221013/UBNA_001/20221012_030000.WAV,Telephone Field,recover-20221013,001,1795
1325.6755,1325.7139,68437,82628,Rhinolophus ferrumequinum,0.027,0.027,-1,Echolocation,/mnt/ubna_data_02_mir/recover-20221013/UBNA_001/20221012_030000.WAV,Telephone Field,recover-20221013,001,1795
1325.7195,1325.7265,28906,39661,Eptesicus serotinus,0.007,0.025,-1,Echolocation,/mnt/ubna_data_02_mir/recover-20221013/UBNA_001/20221012_030000.WAV,Telephone Field,recover-20221013,001,1795
1325.7565,1325.7924,68437,81413,Rhinolophus ferrumequinum,0.024,0.024,-1,Echolocation,/mnt/ubna_data_02_mir/recover-20221013/UBNA_001/20221012_030000.WAV,Telephone Field,recover-20221013,001,1795
1325.7655,1325.7725,28046,38343,Eptesicus serotinus,0.009,0.025,-1,Echolocation,/mnt/ubna_data_02_mir/recover-20221013/UBNA_001/20221012_030000.WAV,Telephone Field,recover-20221013,001,1795
1325.7685,1325.7781,22031,27844,Nyctalus leisleri,0.008,0.022,-1,Echolocation,/mnt/ubna_data_02_mir/recover-20221013/UBNA_001/20221012_030000.WAV,Telephone Field,recover-20221013,001,1795
1325.8385,1325.8796,68437,82499,Rhinolophus ferrumequinum,0.022,0.022,-1,Echolocation,/mnt/ubna_data_02_mir/recover-20221013/UBNA_001/20221012_030000.WAV,Telephone Field,recover-20221013,001,1795
1325.8675,1325.9067,68437,82006,Rhinolophus ferrumequinum,0.023,0.023,-1,Echolocation,/mnt/ubna_data_02_mir/recover-20221013/UBNA_001/20221012_030000.WAV,Telephone Field,recover-20221013,001,1795
1325.8745,1325.8828,26328,35194,Eptesicus serotinus,0.01,0.027,-1,Echolocation,/mnt/ubna_data_02_mir/recover-20221013/UBNA_001/20221012_030000.WAV,Telephone Field,recover-20221013,001,1795
1325.9165,1325.9264,28046,35829,Eptesicus serotinus,0.011,0.024,-1,Echolocation,/mnt/ubna_data_02_mir/recover-20221013/UBNA_001/20221012_030000.WAV,Telephone Field,recover-20221013,001,1795
1325.9405,1325.9506,28906,36858,Eptesicus serotinus,0.009,0.022,-1,Echolocation,/mnt/ubna_data_02_mir/recover-20221013/UBNA_001/20221012_030000.WAV,Telephone Field,recover-20221013,001,1795
1325.9845,1325.9944,27187,35975,Eptesicus serotinus,0.009,0.022,-1,Echolocation,/mnt/ubna_data_02_mir/recover-20221013/UBNA_001/20221012_030000.WAV,Telephone Field,recover-20221013,001,1795
1326.0015,1326.0157,18593,23888,Nyctalus noctula,0.012,0.028,-1,Echolocation,/mnt/ubna_data_02_mir/recover-20221013/UBNA_001/20221012_030000.WAV,Telephone Field,recover-20221013,001,1795
1326.0015,1326.0098,38359,47768,Myotis brandtii,0.007,0.024,-1,Echolocation,/mnt/ubna_data_02_mir/recover-20221013/UBNA_001/20221012_030000.WAV,Telephone Field,recover-20221013,001,1795
1326.0015,1326.0087,48671,56401,Pipistrellus pipistrellus,0.017,0.023,-1,Echolocation,/mnt/ubna_data_02_mir/recover-20221013/UBNA_001/20221012_030000.WAV,Telephone Field,recover-20221013,001,1795
1326.0015,1326.0331,68437,80548,Rhinolophus ferrumequinum,0.032,0.032,-1,Echolocation,/mnt/ubna_data_02_mir/recover-20221013/UBNA_001/20221012_030000.WAV,Telephone Field,recover-20221013,001,1795
1326.0415,1326.0817,68437,82566,Rhinolophus ferrumequinum,0.021,0.021,-1,Echolocation,/mnt/ubna_data_02_mir/recover-20221013/UBNA_001/20221012_030000.WAV,Telephone Field,recover-20221013,001,1795
1326.0665,1326.074,32343,40213,Myotis daubentonii,0.008,0.024,-1,Echolocation,/mnt/ubna_data_02_mir/recover-20221013/UBNA_001/20221012_030000.WAV,Telephone Field,recover-20221013,001,1795
1326.0755,1326.1126,68437,81679,Rhinolophus ferrumequinum,0.021,0.021,-1,Echolocation,/mnt/ubna_data_02_mir/recover-20221013/UBNA_001/20221012_030000.WAV,Telephone Field,recover-20221013,001,1795
1326.0905,1326.0985,27187,40129,Eptesicus serotinus,0.008,0.023,-1,Echolocation,/mnt/ubna_data_02_mir/recover-20221013/UBNA_001/20221012_030000.WAV,Telephone Field,recover-20221013,001,1795
1326.1025,1326.1356,68437,80549,Rhinolophus ferrumequinum,0.022,0.022,-1,Echolocation,/mnt/ubna_data_02_mir/recover-20221013/UBNA_001/20221012_030000.WAV,Telephone Field,recover-20221013,001,1795
1326.1335,1326.172,68437,82107,Rhinolophus ferrumequinum,0.022,0.022,-1,Echolocation,/mnt/ubna_data_02_mir/recover-20221013/UBNA_001/20221012_030000.WAV,Telephone Field,recover-20221013,001,1795
1326.1385,1326.1464,26328,37484,Eptesicus serotinus,0.006,0.021,-1,Echolocation,/mnt/ubna_data_02_mir/recover-20221013/UBNA_001/20221012_030000.WAV,Telephone Field,recover-20221013,001,1795
1326.1505,1326.189,68437,82553,Rhinolophus ferrumequinum,0.023,0.023,-1,Echolocation,/mnt/ubna_data_02_mir/recover-20221013/UBNA_001/20221012_030000.WAV,Telephone Field,recover-20221013,001,1795
1326.1685,1326.1756,33203,43201,Myotis daubentonii,0.009,0.026,-1,Echolocation,/mnt/ubna_data_02_mir/recover-20221013/UBNA_001/20221012_030000.WAV,Telephone Field,recover-20221013,001,1795
1326.1695,1326.1798,40937,48915,Pipistrellus nathusii,0.007,0.02,-1,Echolocation,/mnt/ubna_data_02_mir/recover-20221013/UBNA_001/20221012_030000.WAV,Telephone Field,recover-20221013,001,1795
1326.1745,1326.1813,28046,40025,Eptesicus serotinus,0.011,0.034,-1,Echolocation,/mnt/ubna_data_02_mir/recover-20221013/UBNA_001/20221012_030000.WAV,Telephone Field,recover-20221013,001,1795
1326.1925,1326.2067,22031,26425,Nyctalus leisleri,0.013,0.026,-1,Echolocation,/mnt/ubna_data_02_mir/recover-20221013/UBNA_001/20221012_030000.WAV,Telephone Field,recover-20221013,001,1795
1326.2245,1326.2633,68437,82060,Rhinolophus ferrumequinum,0.023,0.023,-1,Echolocation,/mnt/ubna_data_02_mir/recover-20221013/UBNA_001/20221012_030000.WAV,Telephone Field,recover-20221013,001,1795
1326.2275,1326.2342,24609,38957,Myotis nattereri,0.007,0.022,-1,Echolocation,/mnt/ubna_data_02_mir/recover-20221013/UBNA_001/20221012_030000.WAV,Telephone Field,recover-20221013,001,1795
1326.2545,1326.2619,27187,38784,Eptesicus serotinus,0.007,0.022,-1,Echolocation,/mnt/ubna_data_02_mir/recover-20221013/UBNA_001/20221012_030000.WAV,Telephone Field,recover-20221013,001,1795
1326.3145,1326.3241,27187,37320,Eptesicus serotinus,0.011,0.026,-1,Echolocation,/mnt/ubna_data_02_mir/recover-20221013/UBNA_001/20221012_030000.WAV,Telephone Field,recover-20221013,001,1795
1326.3325,1326.3751,68437,82808,Rhinolophus ferrumequinum,0.023,0.023,-1,Echolocation,/mnt/ubna_data_02_mir/recover-20221013/UBNA_001/20221012_030000.WAV,Telephone Field,recover-20221013,001,1795
1326.3635,1326.4009,68437,82020,Rhinolophus ferrumequinum,0.023,0.023,-1,Echolocation,/mnt/ubna_data_02_mir/recover-20221013/UBNA_001/20221012_030000.WAV,Telephone Field,recover-20221013,001,1795
1326.3635,1326.3711,27187,42651,Eptesicus serotinus,0.007,0.022,-1,Echolocation,/mnt/ubna_data_02_mir/recover-20221013/UBNA_001/20221012_030000.WAV,Telephone Field,recover-20221013,001,1795
1326.4225,1326.4313,23750,32661,Plecotus austriacus,0.018,0.049,-1,Echolocation,/mnt/ubna_data_02_mir/recover-20221013/UBNA_001/20221012_030000.WAV,Telephone Field,recover-20221013,001,1795
1326.4375,1326.4735,68437,81589,Rhinolophus ferrumequinum,0.021,0.021,-1,Echolocation,/mnt/ubna_data_02_mir/recover-20221013/UBNA_001/20221012_030000.WAV,Telephone Field,recover-20221013,001,1795
1326.4655,1326.5032,68437,81808,Rhinolophus ferrumequinum,0.02,0.02,-1,Echolocation,/mnt/ubna_data_02_mir/recover-20221013/UBNA_001/20221012_030000.WAV,Telephone Field,recover-20221013,001,1795
1326.4775,1326.5145,68437,82202,Rhinolophus ferrumequinum,0.02,0.02,-1,Echolocation,/mnt/ubna_data_02_mir/recover-20221013/UBNA_001/20221012_030000.WAV,Telephone Field,recover-20221013,001,1795
1326.4965,1326.5041,47812,53311,Pipistrellus pipistrellus,0.022,0.024,-1,Echolocation,/mnt/ubna_data_02_mir/recover-20221013/UBNA_001/20221012_030000.WAV,Telephone Field,recover-20221013,001,1795
1326.5085,1326.5178,28906,36420,Eptesicus serotinus,0.008,0.021,-1,Echolocation,/mnt/ubna_data_02_mir/recover-20221013/UBNA_001/20221012_030000.WAV,Telephone Field,recover-20221013,001,1795
1326.5215,1326.5596,68437,82149,Rhinolophus ferrumequinum,0.021,0.022,-1,Echolocation,/mnt/ubna_data_02_mir/recover-20221013/UBNA_001/20221012_030000.WAV,Telephone Field,recover-20221013,001,1795
1326.5695,1326.6073,68437,81925,Rhinolophus ferrumequinum,0.024,0.024,-1,Echolocation,/mnt/ubna_data_02_mir/recover-20221013/UBNA_001/20221012_030000.WAV,Telephone Field,recover-20221013,001,1795
1326.5755,1326.6146,68437,82420,Rhinolophus ferrumequinum,0.023,0.023,-1,Echolocation,/mnt/ubna_data_02_mir/recover-20221013/UBNA_001/20221012_030000.WAV,Telephone Field,recover-20221013,001,1795
1326.5825,1326.6214,68437,81781,Rhinolophus ferrumequinum,0.023,0.023,-1,Echolocation,/mnt/ubna_data_02_mir/recover-20221013/UBNA_001/20221012_030000.WAV,Telephone Field,recover-20221013,001,1795
1326.5925,1326.5996,24609,38471,Plecotus austriacus,0.008,0.026,-1,Echolocation,/mnt/ubna_data_02_mir/recover-20221013/UBNA_001/20221012_030000.WAV,Telephone Field,recover-20221013,001,1795
1326.5935,1326.6301,68437,81953,Rhinolophus ferrumequinum,0.021,0.021,-1,Echolocation,/mnt/ubna_data_02_mir/recover-20221013/UBNA_001/20221012_030000.WAV,Telephone Field,recover-20221013,001,1795
1326.6235,1326.6596,68437,81729,Rhinolophus ferrumequinum,0.021,0.021,-1,Echolocation,/mnt/ubna_data_02_mir/recover-20221013/UBNA_001/20221012_030000.WAV,Telephone Field,recover-20221013,001,1795
1326.6435,1326.6864,68437,82997,Rhinolophus ferrumequinum,0.026,0.026,-1,Echolocation,/mnt/ubna_data_02_mir/recover-20221013/UBNA_001/20221012_030000.WAV,Telephone Field,recover-20221013,001,1795
1326.6485,1326.6567,28046,38501,Eptesicus serotinus,0.008,0.024,-1,Echolocation,/mnt/ubna_data_02_mir/recover-20221013/UBNA_001/20221012_030000.WAV,Telephone Field,recover-20221013,001,1795
1326.6715,1326.7107,68437,82244,Rhinolophus ferrumequinum,0.021,0.021,-1,Echolocation,/mnt/ubna_data_02_mir/recover-20221013/UBNA_001/20221012_030000.WAV,Telephone Field,recover-20221013,001,1795
1326.6955,1326.7067,22890,28122,Nyctalus leisleri,0.011,0.024,-1,Echolocation,/mnt/ubna_data_02_mir/recover-20221013/UBNA_001/20221012_030000.WAV,Telephone Field,recover-20221013,001,1795
1326.7155,1326.7534,68437,82074,Rhinolophus ferrumequinum,0.022,0.022,-1,Echolocation,/mnt/ubna_data_02_mir/recover-20221013/UBNA_001/20221012_030000.WAV,Telephone Field,recover-20221013,001,1795
1326.7455,1326.7834,68437,82046,Rhinolophus ferrumequinum,0.021,0.021,-1,Echolocation,/mnt/ubna_data_02_mir/recover-20221013/UBNA_001/20221012_030000.WAV,Telephone Field,recover-20221013,001,1795
1326.7745,1326.7818,25468,38317,Eptesicus serotinus,0.005,0.021,-1,Echolocation,/mnt/ubna_data_02_mir/recover-20221013/UBNA_001/20221012_030000.WAV,Telephone Field,recover-20221013,001,1795
1326.7745,1326.8172,68437,83392,Rhinolophus ferrumequinum,0.031,0.031,-1,Echolocation,/mnt/ubna_data_02_mir/recover-20221013/UBNA_001/20221012_030000.WAV,Telephone Field,recover-20221013,001,1795
1326.8065,1326.8152,27187,37734,Eptesicus serotinus,0.008,0.021,-1,Echolocation,/mnt/ubna_data_02_mir/recover-20221013/UBNA_001/20221012_030000.WAV,Telephone Field,recover-20221013,001,1795
1326.8285,1326.835,25468,35704,Plecotus auritus,0.019,0.051,-1,Echolocation,/mnt/ubna_data_02_mir/recover-20221013/UBNA_001/20221012_030000.WAV,Telephone Field,recover-20221013,001,1795
1326.8575,1326.8661,25468,36643,Eptesicus serotinus,0.006,0.021,-1,Echolocation,/mnt/ubna_data_02_mir/recover-20221013/UBNA_001/20221012_030000.WAV,Telephone Field,recover-20221013,001,1795
1326.8675,1326.9051,68437,82179,Rhinolophus ferrumequinum,0.021,0.021,-1,Echolocation,/mnt/ubna_data_02_mir/recover-20221013/UBNA_001/20221012_030000.WAV,Telephone Field,recover-20221013,001,1795
1326.8765,1326.8848,28906,37740,Eptesicus serotinus,0.01,0.027,-1,Echolocation,/mnt/ubna_data_02_mir/recover-20221013/UBNA_001/20221012_030000.WAV,Telephone Field,recover-20221013,001,1795
1326.9075,1326.9463,68437,81582,Rhinolophus ferrumequinum,0.02,0.021,-1,Echolocation,/mnt/ubna_data_02_mir/recover-20221013/UBNA_001/20221012_030000.WAV,Telephone Field,recover-20221013,001,1795
1326.9105,1326.9175,24609,40319,Myotis nattereri,0.007,0.025,-1,Echolocation,/mnt/ubna_data_02_mir/recover-20221013/UBNA_001/20221012_030000.WAV,Telephone Field,recover-20221013,001,1795
1326.9115,1326.9172,31484,52985,Myotis daubentonii,0.012,0.022,-1,Echolocation,/mnt/ubna_data_02_mir/recover-20221013/UBNA_001/20221012_030000.WAV,Telephone Field,recover-20221013,001,1795
1326.9345,1326.9733,68437,82271,Rhinolophus ferrumequinum,0.021,0.021,-1,Echolocation,/mnt/ubna_data_02_mir/recover-20221013/UBNA_001/20221012_030000.WAV,Telephone Field,recover-20221013,001,1795
1326.9855,1326.9921,28046,39613,Eptesicus serotinus,0.006,0.021,-1,Echolocation,/mnt/ubna_data_02_mir/recover-20221013/UBNA_001/20221012_030000.WAV,Telephone Field,recover-20221013,001,1795
1326.9935,1327.0335,68437,82492,Rhinolophus ferrumequinum,0.02,0.02,-1,Echolocation,/mnt/ubna_data_02_mir/recover-20221013/UBNA_001/20221012_030000.WAV,Telephone Field,recover-20221013,001,1795
1327.0525,1327.062,28046,39566,Eptesicus serotinus,0.008,0.021,-1,Echolocation,/mnt/ubna_data_02_mir/recover-20221013/UBNA_001/20221012_030000.WAV,Telephone Field,recover-20221013,001,1795
1327.1025,1327.111,26328,37244,Eptesicus serotinus,0.009,0.023,-1,Echolocation,/mnt/ubna_data_02_mir/recover-20221013/UBNA_001/20221012_030000.WAV,Telephone Field,recover-20221013,001,1795
1327.1215,1327.1595,68437,82514,Rhinolophus ferrumequinum,0.023,0.023,-1,Echolocation,/mnt/ubna_data_02_mir/recover-20221013/UBNA_001/20221012_030000.WAV,Telephone Field,recover-20221013,001,1795
1327.1595,1327.1682,28046,40067,Eptesicus serotinus,0.008,0.021,-1,Echolocation,/mnt/ubna_data_02_mir/recover-20221013/UBNA_001/20221012_030000.WAV,Telephone Field,recover-20221013,001,1795
1327.1665,1327.2056,68437,81992,Rhinolophus ferrumequinum,0.021,0.021,-1,Echolocation,/mnt/ubna_data_02_mir/recover-20221013/UBNA_001/20221012_030000.WAV,Telephone Field,recover-20221013,001,1795
1327.1865,1327.1954,36640,43207,Myotis daubentonii,0.008,0.025,-1,Echolocation,/mnt/ubna_data_02_mir/recover-20221013/UBNA_001/20221012_030000.WAV,Telephone Field,recover-20221013,001,1795
1327.2675,1327.2766,51250,58095,Pipistrellus pipistrellus,0.03,0.039,-1,Echolocation,/mnt/ubna_data_02_mir/recover-20221013/UBNA_001/20221012_030000.WAV,Telephone Field,recover-20221013,001,1795
1327.3045,1327.3412,68437,81496,Rhinolophus ferrumequinum,0.021,0.022,-1,Echolocation,/mnt/ubna_data_02_mir/recover-20221013/UBNA_001/20221012_030000.WAV,Telephone Field,recover-20221013,001,1795
1327.3255,1327.3339,25468,37056,Eptesicus serotinus,0.006,0.021,-1,Echolocation,/mnt/ubna_data_02_mir/recover-20221013/UBNA_001/20221012_030000.WAV,Telephone Field,recover-20221013,001,1795
1327.3795,1327.42,68437,82498,Rhinolophus ferrumequinum,0.021,0.021,-1,Echolocation,/mnt/ubna_data_02_mir/recover-20221013/UBNA_001/20221012_030000.WAV,Telephone Field,recover-20221013,001,1795
1327.3985,1327.4058,49531,56565,Pipistrellus pipistrellus,0.017,0.022,-1,Echolocation,/mnt/ubna_data_02_mir/recover-20221013/UBNA_001/20221012_030000.WAV,Telephone Field,recover-20221013,001,1795
1327.3995,1327.4376,68437,81566,Rhinolophus ferrumequinum,0.021,0.021,-1,Echolocation,/mnt/ubna_data_02_mir/recover-20221013/UBNA_001/20221012_030000.WAV,Telephone Field,recover-20221013,001,1795
1327.4235,1327.4622,68437,82319,Rhinolophus ferrumequinum,0.02,0.02,-1,Echolocation,/mnt/ubna_data_02_mir/recover-20221013/UBNA_001/20221012_030000.WAV,Telephone Field,recover-20221013,001,1795
1327.4315,1327.4713,68437,82222,Rhinolophus ferrumequinum,0.021,0.021,-1,Echolocation,/mnt/ubna_data_02_mir/recover-20221013/UBNA_001/20221012_030000.WAV,Telephone Field,recover-20221013,001,1795
1327.4335,1327.4404,27187,40300,Eptesicus serotinus,0.006,0.02,-1,Echolocation,/mnt/ubna_data_02_mir/recover-20221013/UBNA_001/20221012_030000.WAV,Telephone Field,recover-20221013,001,1795
1327.4655,1327.4743,57265,62439,Pipistrellus pygmaeus,0.037,0.038,-1,Echolocation,/mnt/ubna_data_02_mir/recover-20221013/UBNA_001/20221012_030000.WAV,Telephone Field,recover-20221013,001,1795
1327.4745,1327.4815,26328,39850,Eptesicus serotinus,0.005,0.021,-1,Echolocation,/mnt/ubna_data_02_mir/recover-20221013/UBNA_001/20221012_030000.WAV,Telephone Field,recover-20221013,001,1795
1327.4825,1327.5225,68437,82508,Rhinolophus ferrumequinum,0.023,0.023,-1,Echolocation,/mnt/ubna_data_02_mir/recover-20221013/UBNA_001/20221012_030000.WAV,Telephone Field,recover-20221013,001,1795
1327.4845,1327.5072,16875,20141,Nyctalus noctula,0.073,0.097,-1,Echolocation,/mnt/ubna_data_02_mir/recover-20221013/UBNA_001/20221012_030000.WAV,Telephone Field,recover-20221013,001,1795
1327.4935,1327.5001,28046,38994,Eptesicus serotinus,0.007,0.028,-1,Echolocation,/mnt/ubna_data_02_mir/recover-20221013/UBNA_001/20221012_030000.WAV,Telephone Field,recover-20221013,001,1795
1327.5665,1327.5751,28046,37347,Eptesicus serotinus,0.008,0.025,-1,Echolocation,/mnt/ubna_data_02_mir/recover-20221013/UBNA_001/20221012_030000.WAV,Telephone Field,recover-20221013,001,1795
1327.6015,1327.6396,68437,82134,Rhinolophus ferrumequinum,0.021,0.021,-1,Echolocation,/mnt/ubna_data_02_mir/recover-20221013/UBNA_001/20221012_030000.WAV,Telephone Field,recover-20221013,001,1795
1327.6045,1327.6142,28046,36673,Eptesicus serotinus,0.01,0.025,-1,Echolocation,/mnt/ubna_data_02_mir/recover-20221013/UBNA_001/20221012_030000.WAV,Telephone Field,recover-20221013,001,1795
1327.6135,1327.6229,27187,36773,Eptesicus serotinus,0.008,0.021,-1,Echolocation,/mnt/ubna_data_02_mir/recover-20221013/UBNA_001/20221012_030000.WAV,Telephone Field,recover-20221013,001,1795
1327.6425,1327.6503,22890,31126,Plecotus austriacus,0.011,0.023,-1,Echolocation,/mnt/ubna_data_02_mir/recover-20221013/UBNA_001/20221012_030000.WAV,Telephone Field,recover-20221013,001,1795
1327.6745,1327.7175,68437,83011,Rhinolophus ferrumequinum,0.029,0.029,-1,Echolocation,/mnt/ubna_data_02_mir/recover-20221013/UBNA_001/20221012_030000.WAV,Telephone Field,recover-20221013,001,1795
1327.7205,1327.7589,68437,82320,Rhinolophus ferrumequinum,0.028,0.028,-1,Echolocation,/mnt/ubna_data_02_mir/recover-20221013/UBNA_001/20221012_030000.WAV,Telephone Field,recover-20221013,001,1795
1327.7895,1327.8251,68437,82114,Rhinolophus ferrumequinum,0.021,0.021,-1,Echolocation,/mnt/ubna_data_02_mir/recover-20221013/UBNA_001/20221012_030000.WAV,Telephone Field,recover-20221013,001,1795
1327.8155,1327.823,23750,32863,Plecotus austriacus,0.015,0.03,-1,Echolocation,/mnt/ubna_data_02_mir/recover-20221013/UBNA_001/20221012_030000.WAV,Telephone Field,recover-20221013,001,1795
1327.8425,1327.88,68437,81869,Rhinolophus ferrumequinum,0.022,0.022,-1,Echolocation,/mnt/ubna_data_02_mir/recover-20221013/UBNA_001/20221012_030000.WAV,Telephone Field,recover-20221013,001,1795
1327.8745,1327.9105,68437,81486,Rhinolophus ferrumequinum,0.025,0.025,-1,Echolocation,/mnt/ubna_data_02_mir/recover-20221013/UBNA_001/20221012_030000.WAV,Telephone Field,recover-20221013,001,1795
1327.8765,1327.8843,23750,32275,Plecotus austriacus,0.009,0.022,-1,Echolocation,/mnt/ubna_data_02_mir/recover-20221013/UBNA_001/20221012_030000.WAV,Telephone Field,recover-20221013,001,1795
1327.8935,1327.9006,27187,39262,Eptesicus serotinus,0.006,0.022,-1,Echolocation,/mnt/ubna_data_02_mir/recover-20221013/UBNA_001/20221012_030000.WAV,Telephone Field,recover-20221013,001,1795
1327.8975,1327.9379,68437,82541,Rhinolophus ferrumequinum,0.021,0.021,-1,Echolocation,/mnt/ubna_data_02_mir/recover-20221013/UBNA_001/20221012_030000.WAV,Telephone Field,recover-20221013,001,1795
1327.9155,1327.953,68437,82240,Rhinolophus ferrumequinum,0.023,0.023,-1,Echolocation,/mnt/ubna_data_02_mir/recover-20221013/UBNA_001/20221012_030000.WAV,Telephone Field,recover-20221013,001,1795
1327.9265,1327.966,68437,81980,Rhinolophus ferrumequinum,0.022,0.022,-1,Echolocation,/mnt/ubna_data_02_mir/recover-20221013/UBNA_001/20221012_030000.WAV,Telephone Field,recover-20221013,001,1795
1327.9455,1327.9553,27187,35899,Eptesicus serotinus,0.009,0.022,-1,Echolocation,/mnt/ubna_data_02_mir/recover-20221013/UBNA_001/20221012_030000.WAV,Telephone Field,recover-20221013,001,1795
1327.9565,1327.9889,68437,81278,Rhinolophus ferrumequinum,0.021,0.021,-1,Echolocation,/mnt/ubna_data_02_mir/recover-20221013/UBNA_001/20221012_030000.WAV,Telephone Field,recover-20221013,001,1795
1328.0015,1328.0145,21171,26845,Nyctalus leisleri,0.009,0.024,-1,Echolocation,/mnt/ubna_data_02_mir/recover-20221013/UBNA_001/20221012_030000.WAV,Telephone Field,recover-20221013,001,1795
1328.0015,1328.0344,68437,79908,Rhinolophus ferrumequinum,0.033,0.033,-1,Echolocation,/mnt/ubna_data_02_mir/recover-20221013/UBNA_001/20221012_030000.WAV,Telephone Field,recover-20221013,001,1795
1328.0015,1328.0105,26328,34227,Nyctalus leisleri,0.007,0.025,-1,Echolocation,/mnt/ubna_data_02_mir/recover-20221013/UBNA_001/20221012_030000.WAV,Telephone Field,recover-20221013,001,1795
1328.0915,1328.1323,68437,82859,Rhinolophus ferrumequinum,0.029,0.029,-1,Echolocation,/mnt/ubna_data_02_mir/recover-20221013/UBNA_001/20221012_030000.WAV,Telephone Field,recover-20221013,001,1795
1328.1285,1328.1661,68437,81617,Rhinolophus ferrumequinum,0.023,0.023,-1,Echolocation,/mnt/ubna_data_02_mir/recover-20221013/UBNA_001/20221012_030000.WAV,Telephone Field,recover-20221013,001,1795
1328.1345,1328.1448,25468,32162,Eptesicus serotinus,0.009,0.024,-1,Echolocation,/mnt/ubna_data_02_mir/recover-20221013/UBNA_001/20221012_030000.WAV,Telephone Field,recover-20221013,001,1795
1328.2025,1328.2108,48671,55166,Pipistrellus pipistrellus,0.033,0.036,-1,Echolocation,/mnt/ubna_data_02_mir/recover-20221013/UBNA_001/20221012_030000.WAV,Telephone Field,recover-20221013,001,1795
1328.2605,1328.2991,68437,81210,Rhinolophus ferrumequinum,0.023,0.023,-1,Echolocation,/mnt/ubna_data_02_mir/recover-20221013/UBNA_001/20221012_030000.WAV,Telephone Field,recover-20221013,001,1795
1328.3135,1328.3225,44375,52354,Pipistrellus pipistrellus,0.018,0.023,-1,Echolocation,/mnt/ubna_data_02_mir/recover-20221013/UBNA_001/20221012_030000.WAV,Telephone Field,recover-20221013,001,1795
1328.3595,1328.3673,27187,40555,Eptesicus serotinus,0.007,0.023,-1,Echolocation,/mnt/ubna_data_02_mir/recover-20221013/UBNA_001/20221012_030000.WAV,Telephone Field,recover-20221013,001,1795
1328.3685,1328.4082,68437,82323,Rhinolophus ferrumequinum,0.026,0.026,-1,Echolocation,/mnt/ubna_data_02_mir/recover-20221013/UBNA_001/20221012_030000.WAV,Telephone Field,recover-20221013,001,1795
1328.3905,1328.3974,44375,47661,Pipistrellus pipistrellus,0.041,0.048,-1,Echolocation,/mnt/ubna_data_02_mir/recover-20221013/UBNA_001/20221012_030000.WAV,Telephone Field,recover-20221013,001,1795
1328.4825,1328.4926,22890,29039,Nyctalus leisleri,0.009,0.023,-1,Echolocation,/mnt/ubna_data_02_mir/recover-20221013/UBNA_001/20221012_030000.WAV,Telephone Field,recover-20221013,001,1795
1328.5265,1328.5337,46093,50102,Pipistrellus pipistrellus,0.028,0.029,-1,Echolocation,/mnt/ubna_data_02_mir/recover-20221013/UBNA_001/20221012_030000.WAV,Telephone Field,recover-20221013,001,1795
1328.5325,1328.5423,14296,22124,Nyctalus noctula,0.013,0.028,-1,Echolocation,/mnt/ubna_data_02_mir/recover-20221013/UBNA_001/20221012_030000.WAV,Telephone Field,recover-20221013,001,1795
1328.5605,1328.6028,68437,83934,Rhinolophus ferrumequinum,0.032,0.032,-1,Echolocation,/mnt/ubna_data_02_mir/recover-20221013/UBNA_001/20221012_030000.WAV,Telephone Field,recover-20221013,001,1795
1328.6005,1328.6088,28046,38575,Eptesicus serotinus,0.009,0.026,-1,Echolocation,/mnt/ubna_data_02_mir/recover-20221013/UBNA_001/20221012_030000.WAV,Telephone Field,recover-20221013,001,1795
1328.6365,1328.6751,68437,81736,Rhinolophus ferrumequinum,0.024,0.024,-1,Echolocation,/mnt/ubna_data_02_mir/recover-20221013/UBNA_001/20221012_030000.WAV,Telephone Field,recover-20221013,001,1795
1328.6475,1328.6552,23750,32630,Plecotus austriacus,0.01,0.025,-1,Echolocation,/mnt/ubna_data_02_mir/recover-20221013/UBNA_001/20221012_030000.WAV,Telephone Field,recover-20221013,001,1795
1328.6475,1328.6867,68437,81439,Rhinolophus ferrumequinum,0.032,0.032,-1,Echolocation,/mnt/ubna_data_02_mir/recover-20221013/UBNA_001/20221012_030000.WAV,Telephone Field,recover-20221013,001,1795
1328.6485,1328.6559,28046,37531,Eptesicus serotinus,0.007,0.026,-1,Echolocation,/mnt/ubna_data_02_mir/recover-20221013/UBNA_001/20221012_030000.WAV,Telephone Field,recover-20221013,001,1795
1328.6965,1328.7061,29765,37302,Eptesicus serotinus,0.009,0.026,-1,Echolocation,/mnt/ubna_data_02_mir/recover-20221013/UBNA_001/20221012_030000.WAV,Telephone Field,recover-20221013,001,1795
1328.7415,1328.7808,68437,82553,Rhinolophus ferrumequinum,0.027,0.027,-1,Echolocation,/mnt/ubna_data_02_mir/recover-20221013/UBNA_001/20221012_030000.WAV,Telephone Field,recover-20221013,001,1795
1328.7905,1328.7992,27187,36533,Eptesicus serotinus,0.012,0.028,-1,Echolocation,/mnt/ubna_data_02_mir/recover-20221013/UBNA_001/20221012_030000.WAV,Telephone Field,recover-20221013,001,1795
1328.8135,1328.8234,38359,43976,Pipistrellus nathusii,0.007,0.025,-1,Echolocation,/mnt/ubna_data_02_mir/recover-20221013/UBNA_001/20221012_030000.WAV,Telephone Field,recover-20221013,001,1795
1328.8175,1328.8265,46953,54564,Pipistrellus pipistrellus,0.019,0.023,-1,Echolocation,/mnt/ubna_data_02_mir/recover-20221013/UBNA_001/20221012_030000.WAV,Telephone Field,recover-20221013,001,1795
1328.8475,1328.8574,24609,32339,Eptesicus serotinus,0.009,0.024,-1,Echolocation,/mnt/ubna_data_02_mir/recover-20221013/UBNA_001/20221012_030000.WAV,Telephone Field,recover-20221013,001,1795
1328.8515,1328.8895,68437,82284,Rhinolophus ferrumequinum,0.023,0.023,-1,Echolocation,/mnt/ubna_data_02_mir/recover-20221013/UBNA_001/20221012_030000.WAV,Telephone Field,recover-20221013,001,1795
1328.8575,1328.8956,68437,82308,Rhinolophus ferrumequinum,0.025,0.025,-1,Echolocation,/mnt/ubna_data_02_mir/recover-20221013/UBNA_001/20221012_030000.WAV,Telephone Field,recover-20221013,001,1795
1328.8695,1328.8792,35781,43500,Pipistrellus nathusii,0.008,0.024,-1,Echolocation,/mnt/ubna_data_02_mir/recover-20221013/UBNA_001/20221012_030000.WAV,Telephone Field,recover-20221013,001,1795
1328.8865,1328.9258,68437,82080,Rhinolophus ferrumequinum,0.023,0.023,-1,Echolocation,/mnt/ubna_data_02_mir/recover-20221013/UBNA_001/20221012_030000.WAV,Telephone Field,recover-20221013,001,1795
1328.9115,1328.9509,68437,82871,Rhinolophus ferrumequinum,0.032,0.032,-1,Echolocation,/mnt/ubna_data_02_mir/recover-20221013/UBNA_001/20221012_030000.WAV,Telephone Field,recover-20221013,001,1795
1328.9205,1328.9307,27187,35647,Eptesicus serotinus,0.01,0.023,-1,Echolocation,/mnt/ubna_data_02_mir/recover-20221013/UBNA_001/20221012_030000.WAV,Telephone Field,recover-20221013,001,1795
1328.9275,1328.9381,24609,32223,Nyctalus leisleri,0.009,0.026,-1,Echolocation,/mnt/ubna_data_02_mir/recover-20221013/UBNA_001/20221012_030000.WAV,Telephone Field,recover-20221013,001,1795
1328.9345,1328.9452,26328,33386,Eptesicus serotinus,0.011,0.025,-1,Echolocation,/mnt/ubna_data_02_mir/recover-20221013/UBNA_001/20221012_030000.WAV,Telephone Field,recover-20221013,001,1795
1328.9505,1328.9911,68437,82790,Rhinolophus ferrumequinum,0.025,0.025,-1,Echolocation,/mnt/ubna_data_02_mir/recover-20221013/UBNA_001/20221012_030000.WAV,Telephone Field,recover-20221013,001,1795
1328.9825,1328.9907,28046,37365,Eptesicus serotinus,0.007,0.023,-1,Echolocation,/mnt/ubna_data_02_mir/recover-20221013/UBNA_001/20221012_030000.WAV,Telephone Field,recover-20221013,001,1795
1329.1175,1329.1562,68437,82589,Rhinolophus ferrumequinum,0.023,0.023,-1,Echolocation,/mnt/ubna_data_02_mir/recover-20221013/UBNA_001/20221012_030000.WAV,Telephone Field,recover-20221013,001,1795
1329.1455,1329.1549,28906,39500,Eptesicus serotinus,0.021,0.053,-1,Echolocation,/mnt/ubna_data_02_mir/recover-20221013/UBNA_001/20221012_030000.WAV,Telephone Field,recover-20221013,001,1795
1329.1465,1329.1868,68437,82366,Rhinolophus ferrumequinum,0.023,0.023,-1,Echolocation,/mnt/ubna_data_02_mir/recover-20221013/UBNA_001/20221012_030000.WAV,Telephone Field,recover-20221013,001,1795
1329.1735,1329.216,68437,83579,Rhinolophus ferrumequinum,0.035,0.035,-1,Echolocation,/mnt/ubna_data_02_mir/recover-20221013/UBNA_001/20221012_030000.WAV,Telephone Field,recover-20221013,001,1795
1329.1775,1329.1865,47812,51539,Pipistrellus pipistrellus,0.026,0.029,-1,Echolocation,/mnt/ubna_data_02_mir/recover-20221013/UBNA_001/20221012_030000.WAV,Telephone Field,recover-20221013,001,1795
1329.2315,1329.2425,28906,36494,Eptesicus serotinus,0.015,0.032,-1,Echolocation,/mnt/ubna_data_02_mir/recover-20221013/UBNA_001/20221012_030000.WAV,Telephone Field,recover-20221013,001,1795
1329.2545,1329.2659,24609,30622,Nyctalus leisleri,0.013,0.029,-1,Echolocation,/mnt/ubna_data_02_mir/recover-20221013/UBNA_001/20221012_030000.WAV,Telephone Field,recover-20221013,001,1795
1329.2695,1329.2791,27187,34474,Eptesicus serotinus,0.013,0.03,-1,Echolocation,/mnt/ubna_data_02_mir/recover-20221013/UBNA_001/20221012_030000.WAV,Telephone Field,recover-20221013,001,1795
1329.2715,1329.3118,68437,82454,Rhinolophus ferrumequinum,0.024,0.024,-1,Echolocation,/mnt/ubna_data_02_mir/recover-20221013/UBNA_001/20221012_030000.WAV,Telephone Field,recover-20221013,001,1795
1329.2745,1329.288,54687,59836,Pipistrellus pygmaeus,0.024,0.027,-1,Echolocation,/mnt/ubna_data_02_mir/recover-20221013/UBNA_001/20221012_030000.WAV,Telephone Field,recover-20221013,001,1795
1329.3125,1329.3255,31484,37005,Eptesicus serotinus,0.025,0.05,-1,Echolocation,/mnt/ubna_data_02_mir/recover-20221013/UBNA_001/20221012_030000.WAV,Telephone Field,recover-20221013,001,1795
1329.3315,1329.37,68437,82689,Rhinolophus ferrumequinum,0.025,0.025,-1,Echolocation,/mnt/ubna_data_02_mir/recover-20221013/UBNA_001/20221012_030000.WAV,Telephone Field,recover-20221013,001,1795
1329.3975,1329.4368,68437,82206,Rhinolophus ferrumequinum,0.022,0.023,-1,Echolocation,/mnt/ubna_data_02_mir/recover-20221013/UBNA_001/20221012_030000.WAV,Telephone Field,recover-20221013,001,1795
1329.4335,1329.4442,24609,31091,Nyctalus leisleri,0.012,0.031,-1,Echolocation,/mnt/ubna_data_02_mir/recover-20221013/UBNA_001/20221012_030000.WAV,Telephone Field,recover-20221013,001,1795
1329.4745,1329.5182,68437,83414,Rhinolophus ferrumequinum,0.037,0.037,-1,Echolocation,/mnt/ubna_data_02_mir/recover-20221013/UBNA_001/20221012_030000.WAV,Telephone Field,recover-20221013,001,1795
1329.4925,1329.502,28906,37945,Eptesicus serotinus,0.009,0.024,-1,Echolocation,/mnt/ubna_data_02_mir/recover-20221013/UBNA_001/20221012_030000.WAV,Telephone Field,recover-20221013,001,1795
1329.5155,1329.5541,68437,82001,Rhinolophus ferrumequinum,0.027,0.027,-1,Echolocation,/mnt/ubna_data_02_mir/recover-20221013/UBNA_001/20221012_030000.WAV,Telephone Field,recover-20221013,001,1795
1329.5595,1329.5668,27187,39592,Eptesicus serotinus,0.006,0.023,-1,Echolocation,/mnt/ubna_data_02_mir/recover-20221013/UBNA_001/20221012_030000.WAV,Telephone Field,recover-20221013,001,1795
1329.5875,1329.6287,68437,81982,Rhinolophus ferrumequinum,0.023,0.023,-1,Echolocation,/mnt/ubna_data_02_mir/recover-20221013/UBNA_001/20221012_030000.WAV,Telephone Field,recover-20221013,001,1795
1329.5905,1329.599,23750,31690,Plecotus austriacus,0.009,0.024,-1,Echolocation,/mnt/ubna_data_02_mir/recover-20221013/UBNA_001/20221012_030000.WAV,Telephone Field,recover-20221013,001,1795
1329.6135,1329.6255,37500,42528,Pipistrellus nathusii,0.026,0.042,-1,Echolocation,/mnt/ubna_data_02_mir/recover-20221013/UBNA_001/20221012_030000.WAV,Telephone Field,recover-20221013,001,1795
1329.6555,1329.6633,23750,31866,Plecotus austriacus,0.009,0.024,-1,Echolocation,/mnt/ubna_data_02_mir/recover-20221013/UBNA_001/20221012_030000.WAV,Telephone Field,recover-20221013,001,1795
1329.6595,1329.6702,15156,20961,Nyctalus noctula,0.014,0.024,-1,Echolocation,/mnt/ubna_data_02_mir/recover-20221013/UBNA_001/20221012_030000.WAV,Telephone Field,recover-20221013,001,1795
1329.6945,1329.703,49531,55222,Pipistrellus pipistrellus,0.02,0.023,-1,Echolocation,/mnt/ubna_data_02_mir/recover-20221013/UBNA_001/20221012_030000.WAV,Telephone Field,recover-20221013,001,1795
1329.7765,1329.7888,34921,39121,Pipistrellus nathusii,0.012,0.03,-1,Echolocation,/mnt/ubna_data_02_mir/recover-20221013/UBNA_001/20221012_030000.WAV,Telephone Field,recover-20221013,001,1795
1329.7785,1329.788,28046,37210,Eptesicus serotinus,0.01,0.025,-1,Echolocation,/mnt/ubna_data_02_mir/recover-20221013/UBNA_001/20221012_030000.WAV,Telephone Field,recover-20221013,001,1795
1329.7815,1329.8176,68437,81592,Rhinolophus ferrumequinum,0.024,0.024,-1,Echolocation,/mnt/ubna_data_02_mir/recover-20221013/UBNA_001/20221012_030000.WAV,Telephone Field,recover-20221013,001,1795
1329.7885,1329.7972,28046,39007,Eptesicus serotinus,0.009,0.024,-1,Echolocation,/mnt/ubna_data_02_mir/recover-20221013/UBNA_001/20221012_030000.WAV,Telephone Field,recover-20221013,001,1795
1329.8095,1329.8524,68437,82529,Rhinolophus ferrumequinum,0.026,0.026,-1,Echolocation,/mnt/ubna_data_02_mir/recover-20221013/UBNA_001/20221012_030000.WAV,Telephone Field,recover-20221013,001,1795
1329.8235,1329.8332,27187,35897,Eptesicus serotinus,0.01,0.028,-1,Echolocation,/mnt/ubna_data_02_mir/recover-20221013/UBNA_001/20221012_030000.WAV,Telephone Field,recover-20221013,001,1795
1329.8795,1329.8871,25468,35193,Plecotus austriacus,0.008,0.029,-1,Echolocation,/mnt/ubna_data_02_mir/recover-20221013/UBNA_001/20221012_030000.WAV,Telephone Field,recover-20221013,001,1795
1329.8945,1329.9373,68437,83209,Rhinolophus ferrumequinum,0.028,0.028,-1,Echolocation,/mnt/ubna_data_02_mir/recover-20221013/UBNA_001/20221012_030000.WAV,Telephone Field,recover-20221013,001,1795
1329.9645,1329.9721,28906,38154,Eptesicus serotinus,0.008,0.024,-1,Echolocation,/mnt/ubna_data_02_mir/recover-20221013/UBNA_001/20221012_030000.WAV,Telephone Field,recover-20221013,001,1795
1330.0015,1330.0111,46953,52661,Pipistrellus pipistrellus,0.017,0.024,-1,Echolocation,/mnt/ubna_data_02_mir/recover-20221013/UBNA_001/20221012_030000.WAV,Telephone Field,recover-20221013,001,1795
1330.0015,1330.0165,19453,23109,Nyctalus leisleri,0.018,0.039,-1,Echolocation,/mnt/ubna_data_02_mir/recover-20221013/UBNA_001/20221012_030000.WAV,Telephone Field,recover-20221013,001,1795
1330.0015,1330.0338,68437,79766,Rhinolophus ferrumequinum,0.026,0.027,-1,Echolocation,/mnt/ubna_data_02_mir/recover-20221013/UBNA_001/20221012_030000.WAV,Telephone Field,recover-20221013,001,1795
1330.0015,1330.0091,25468,36564,Nyctalus leisleri,0.006,0.025,-1,Echolocation,/mnt/ubna_data_02_mir/recover-20221013/UBNA_001/20221012_030000.WAV,Telephone Field,recover-20221013,001,1795
1330.0305,1330.0384,28046,41792,Eptesicus serotinus,0.008,0.023,-1,Echolocation,/mnt/ubna_data_02_mir/recover-20221013/UBNA_001/20221012_030000.WAV,Telephone Field,recover-20221013,001,1795
1330.0305,1330.0422,38359,43365,Pipistrellus nathusii,0.016,0.033,-1,Echolocation,/mnt/ubna_data_02_mir/recover-20221013/UBNA_001/20221012_030000.WAV,Telephone Field,recover-20221013,001,1795
1330.0305,1330.0695,68437,82177,Rhinolophus ferrumequinum,0.025,0.025,-1,Echolocation,/mnt/ubna_data_02_mir/recover-20221013/UBNA_001/20221012_030000.WAV,Telephone Field,recover-20221013,001,1795
1330.0415,1330.0794,68437,81659,Rhinolophus ferrumequinum,0.022,0.022,-1,Echolocation,/mnt/ubna_data_02_mir/recover-20221013/UBNA_001/20221012_030000.WAV,Telephone Field,recover-20221013,001,1795
1330.0605,1330.0685,28046,37528,Eptesicus serotinus,0.009,0.023,-1,Echolocation,/mnt/ubna_data_02_mir/recover-20221013/UBNA_001/20221012_030000.WAV,Telephone Field,recover-20221013,001,1795
1330.0715,1330.1093,68437,82206,Rhinolophus ferrumequinum,0.021,0.021,-1,Echolocation,/mnt/ubna_data_02_mir/recover-20221013/UBNA_001/20221012_030000.WAV,Telephone Field,recover-20221013,001,1795
1330.0885,1330.1259,68437,81804,Rhinolophus ferrumequinum,0.021,0.021,-1,Echolocation,/mnt/ubna_data_02_mir/recover-20221013/UBNA_001/20221012_030000.WAV,Telephone Field,recover-20221013,001,1795
1330.0895,1330.0978,28906,40831,Eptesicus serotinus,0.008,0.021,-1,Echolocation,/mnt/ubna_data_02_mir/recover-20221013/UBNA_001/20221012_030000.WAV,Telephone Field,recover-20221013,001,1795
1330.1025,1330.1378,68437,81541,Rhinolophus ferrumequinum,0.021,0.021,-1,Echolocation,/mnt/ubna_data_02_mir/recover-20221013/UBNA_001/20221012_030000.WAV,Telephone Field,recover-20221013,001,1795
1330.1295,1330.1364,28046,40928,Eptesicus serotinus,0.007,0.024,-1,Echolocation,/mnt/ubna_data_02_mir/recover-20221013/UBNA_001/20221012_030000.WAV,Telephone Field,recover-20221013,001,1795
1330.1435,1330.178,68437,82098,Rhinolophus ferrumequinum,0.022,0.022,-1,Echolocation,/mnt/ubna_data_02_mir/recover-20221013/UBNA_001/20221012_030000.WAV,Telephone Field,recover-20221013,001,1795
1330.1665,1330.2035,68437,81835,Rhinolophus ferrumequinum,0.021,0.021,-1,Echolocation,/mnt/ubna_data_02_mir/recover-20221013/UBNA_001/20221012_030000.WAV,Telephone Field,recover-20221013,001,1795
1330.1975,1330.2358,68437,81357,Rhinolophus ferrumequinum,0.025,0.025,-1,Echolocation,/mnt/ubna_data_02_mir/recover-20221013/UBNA_001/20221012_030000.WAV,Telephone Field,recover-20221013,001,1795
1330.1985,1330.2052,28046,39965,Eptesicus serotinus,0.006,0.023,-1,Echolocation,/mnt/ubna_data_02_mir/recover-20221013/UBNA_001/20221012_030000.WAV,Telephone Field,recover-20221013,001,1795
1330.2265,1330.2358,28046,36882,Eptesicus serotinus,0.009,0.023,-1,Echolocation,/mnt/ubna_data_02_mir/recover-20221013/UBNA_001/20221012_030000.WAV,Telephone Field,recover-20221013,001,1795
1330.2335,1330.2415,28906,39423,Eptesicus serotinus,0.008,0.023,-1,Echolocation,/mnt/ubna_data_02_mir/recover-20221013/UBNA_001/20221012_030000.WAV,Telephone Field,recover-20221013,001,1795
1330.2595,1330.3026,68437,83108,Rhinolophus ferrumequinum,0.029,0.029,-1,Echolocation,/mnt/ubna_data_02_mir/recover-20221013/UBNA_001/20221012_030000.WAV,Telephone Field,recover-20221013,001,1795
1330.2775,1330.3135,68437,82166,Rhinolophus ferrumequinum,0.023,0.023,-1,Echolocation,/mnt/ubna_data_02_mir/recover-20221013/UBNA_001/20221012_030000.WAV,Telephone Field,recover-20221013,001,1795
1330.3095,1330.3192,45234,51179,Pipistrellus pipistrellus,0.027,0.031,-1,Echolocation,/mnt/ubna_data_02_mir/recover-20221013/UBNA_001/20221012_030000.WAV,Telephone Field,recover-20221013,001,1795
1330.3615,1330.4012,68437,82274,Rhinolophus ferrumequinum,0.022,0.022,-1,Echolocation,/mnt/ubna_data_02_mir/recover-20221013/UBNA_001/20221012_030000.WAV,Telephone Field,recover-20221013,001,1795
1330.4025,1330.4413,68437,82023,Rhinolophus ferrumequinum,0.022,0.022,-1,Echolocation,/mnt/ubna_data_02_mir/recover-20221013/UBNA_001/20221012_030000.WAV,Telephone Field,recover-20221013,001,1795
1330.4045,1330.4122,28906,39136,Eptesicus serotinus,0.007,0.024,-1,Echolocation,/mnt/ubna_data_02_mir/recover-20221013/UBNA_001/20221012_030000.WAV,Telephone Field,recover-20221013,001,1795
1330.4305,1330.4415,23750,29386,Nyctalus leisleri,0.011,0.025,-1,Echolocation,/mnt/ubna_data_02_mir/recover-20221013/UBNA_001/20221012_030000.WAV,Telephone Field,recover-20221013,001,1795
1330.4555,1330.4929,68437,81811,Rhinolophus ferrumequinum,0.022,0.022,-1,Echolocation,/mnt/ubna_data_02_mir/recover-20221013/UBNA_001/20221012_030000.WAV,Telephone Field,recover-20221013,001,1795
1330.4795,1330.5186,68437,82182,Rhinolophus ferrumequinum,0.021,0.021,-1,Echolocation,/mnt/ubna_data_02_mir/recover-20221013/UBNA_001/20221012_030000.WAV,Telephone Field,recover-20221013,001,1795
1330.4805,1330.4884,28046,37366,Eptesicus serotinus,0.008,0.022,-1,Echolocation,/mnt/ubna_data_02_mir/recover-20221013/UBNA_001/20221012_030000.WAV,Telephone Field,recover-20221013,001,1795
1330.5185,1330.5247,28046,38722,Eptesicus serotinus,0.006,0.026,-1,Echolocation,/mnt/ubna_data_02_mir/recover-20221013/UBNA_001/20221012_030000.WAV,Telephone Field,recover-20221013,001,1795
1330.5375,1330.5472,25468,32888,Eptesicus serotinus,0.01,0.026,-1,Echolocation,/mnt/ubna_data_02_mir/recover-20221013/UBNA_001/20221012_030000.WAV,Telephone Field,recover-20221013,001,1795
1330.5635,1330.6002,68437,81871,Rhinolophus ferrumequinum,0.027,0.027,-1,Echolocation,/mnt/ubna_data_02_mir/recover-20221013/UBNA_001/20221012_030000.WAV,Telephone Field,recover-20221013,001,1795
1330.5755,1330.6148,68437,82818,Rhinolophus ferrumequinum,0.024,0.024,-1,Echolocation,/mnt/ubna_data_02_mir/recover-20221013/UBNA_001/20221012_030000.WAV,Telephone Field,recover-20221013,001,1795
1330.5825,1330.622,68437,82229,Rhinolophus ferrumequinum,0.023,0.023,-1,Echolocation,/mnt/ubna_data_02_mir/recover-20221013/UBNA_001/20221012_030000.WAV,Telephone Field,recover-20221013,001,1795
1330.6415,1330.6821,68437,82607,Rhinolophus ferrumequinum,0.026,0.026,-1,Echolocation,/mnt/ubna_data_02_mir/recover-20221013/UBNA_001/20221012_030000.WAV,Telephone Field,recover-20221013,001,1795
1330.6935,1330.703,28046,37732,Eptesicus serotinus,0.009,0.023,-1,Echolocation,/mnt/ubna_data_02_mir/recover-20221013/UBNA_001/20221012_030000.WAV,Telephone Field,recover-20221013,001,1795
1330.7005,1330.7111,22031,27059,Nyctalus leisleri,0.011,0.024,-1,Echolocation,/mnt/ubna_data_02_mir/recover-20221013/UBNA_001/20221012_030000.WAV,Telephone Field,recover-20221013,001,1795
1330.7525,1330.7614,22890,30053,Plecotus austriacus,0.009,0.023,-1,Echolocation,/mnt/ubna_data_02_mir/recover-20221013/UBNA_001/20221012_030000.WAV,Telephone Field,recover-20221013,001,1795
1330.7525,1330.7593,28046,40804,Eptesicus serotinus,0.006,0.022,-1,Echolocation,/mnt/ubna_data_02_mir/recover-20221013/UBNA_001/20221012_030000.WAV,Telephone Field,recover-20221013,001,1795
1330.7905,1330.8276,68437,81686,Rhinolophus ferrumequinum,0.022,0.022,-1,Echolocation,/mnt/ubna_data_02_mir/recover-20221013/UBNA_001/20221012_030000.WAV,Telephone Field,recover-20221013,001,1795
1330.8155,1330.856,68437,82531,Rhinolophus ferrumequinum,0.024,0.024,-1,Echolocation,/mnt/ubna_data_02_mir/recover-20221013/UBNA_001/20221012_030000.WAV,Telephone Field,recover-20221013,001,1795
1330.8235,1330.8601,68437,82393,Rhinolophus ferrumequinum,0.023,0.023,-1,Echolocation,/mnt/ubna_data_02_mir/recover-20221013/UBNA_001/20221012_030000.WAV,Telephone Field,recover-20221013,001,1795
1330.8395,1330.877,68437,81962,Rhinolophus ferrumequinum,0.023,0.024,-1,Echolocation,/mnt/ubna_data_02_mir/recover-20221013/UBNA_001/20221012_030000.WAV,Telephone Field,recover-20221013,001,1795
1330.8485,1330.8589,22031,27302,Nyctalus leisleri,0.009,0.023,-1,Echolocation,/mnt/ubna_data_02_mir/recover-20221013/UBNA_001/20221012_030000.WAV,Telephone Field,recover-20221013,001,1795
1330.8635,1330.9024,68437,81968,Rhinolophus ferrumequinum,0.022,0.022,-1,Echolocation,/mnt/ubna_data_02_mir/recover-20221013/UBNA_001/20221012_030000.WAV,Telephone Field,recover-20221013,001,1795
1330.8935,1330.9279,68437,81799,Rhinolophus ferrumequinum,0.024,0.024,-1,Echolocation,/mnt/ubna_data_02_mir/recover-20221013/UBNA_001/20221012_030000.WAV,Telephone Field,recover-20221013,001,1795
1330.8985,1330.9095,22031,27879,Nyctalus leisleri,0.009,0.022,-1,Echolocation,/mnt/ubna_data_02_mir/recover-20221013/UBNA_001/20221012_030000.WAV,Telephone Field,recover-20221013,001,1795
1330.8995,1330.9355,68437,81531,Rhinolophus ferrumequinum,0.022,0.022,-1,Echolocation,/mnt/ubna_data_02_mir/recover-20221013/UBNA_001/20221012_030000.WAV,Telephone Field,recover-20221013,001,1795
1330.9175,1330.952,68437,80973,Rhinolophus ferrumequinum,0.036,0.036,-1,Echolocation,/mnt/ubna_data_02_mir/recover-20221013/UBNA_001/20221012_030000.WAV,Telephone Field,recover-20221013,001,1795
1330.9755,1330.9858,24609,32295,Eptesicus serotinus,0.009,0.024,-1,Echolocation,/mnt/ubna_data_02_mir/recover-20221013/UBNA_001/20221012_030000.WAV,Telephone Field,recover-20221013,001,1795
1330.9825,1331.0164,68437,80541,Rhinolophus ferrumequinum,0.021,0.021,-1,Echolocation,/mnt/ubna_data_02_mir/recover-20221013/UBNA_001/20221012_030000.WAV,Telephone Field,recover-20221013,001,1795
1330.9895,1331.0244,68437,80289,Rhinolophus ferrumequinum,0.022,0.022,-1,Echolocation,/mnt/ubna_data_02_mir/recover-20221013/UBNA_001/20221012_030000.WAV,Telephone Field,recover-20221013,001,1795
1331.0135,1331.0511,68437,82105,Rhinolophus ferrumequinum,0.033,0.033,-1,Echolocation,/mnt/ubna_data_02_mir/recover-20221013/UBNA_001/20221012_030000.WAV,Telephone Field,recover-20221013,001,1795
1331.0305,1331.0693,68437,82297,Rhinolophus ferrumequinum,0.028,0.028,-1,Echolocation,/mnt/ubna_data_02_mir/recover-20221013/UBNA_001/20221012_030000.WAV,Telephone Field,recover-20221013,001,1795
1331.0465,1331.0536,28046,42162,Eptesicus serotinus,0.007,0.022,-1,Echolocation,/mnt/ubna_data_02_mir/recover-20221013/UBNA_001/20221012_030000.WAV,Telephone Field,recover-20221013,001,1795
1331.0575,1331.0925,68437,82013,Rhinolophus ferrumequinum,0.024,0.024,-1,Echolocation,/mnt/ubna_data_02_mir/recover-20221013/UBNA_001/20221012_030000.WAV,Telephone Field,recover-20221013,001,1795
1331.1065,1331.1121,26328,38660,Plecotus auritus,0.009,0.029,-1,Echolocation,/mnt/ubna_data_02_mir/recover-20221013/UBNA_001/20221012_030000.WAV,Telephone Field,recover-20221013,001,1795
1331.1175,1331.1564,68437,82574,Rhinolophus ferrumequinum,0.026,0.026,-1,Echolocation,/mnt/ubna_data_02_mir/recover-20221013/UBNA_001/20221012_030000.WAV,Telephone Field,recover-20221013,001,1795
1331.1405,1331.1763,68437,81926,Rhinolophus ferrumequinum,0.044,0.044,-1,Echolocation,/mnt/ubna_data_02_mir/recover-20221013/UBNA_001/20221012_030000.WAV,Telephone Field,recover-20221013,001,1795
1331.1685,1331.2053,68437,82064,Rhinolophus ferrumequinum,0.021,0.021,-1,Echolocation,/mnt/ubna_data_02_mir/recover-20221013/UBNA_001/20221012_030000.WAV,Telephone Field,recover-20221013,001,1795
1331.1785,1331.2201,68437,82768,Rhinolophus ferrumequinum,0.024,0.024,-1,Echolocation,/mnt/ubna_data_02_mir/recover-20221013/UBNA_001/20221012_030000.WAV,Telephone Field,recover-20221013,001,1795
1331.1785,1331.1889,54687,61355,Pipistrellus pygmaeus,0.024,0.025,-1,Echolocation,/mnt/ubna_data_02_mir/recover-20221013/UBNA_001/20221012_030000.WAV,Telephone Field,recover-20221013,001,1795
1331.2045,1331.219,57265,63415,Pipistrellus pygmaeus,0.033,0.034,-1,Echolocation,/mnt/ubna_data_02_mir/recover-20221013/UBNA_001/20221012_030000.WAV,Telephone Field,recover-20221013,001,1795
1331.2555,1331.2671,22890,28697,Nyctalus leisleri,0.015,0.036,-1,Echolocation,/mnt/ubna_data_02_mir/recover-20221013/UBNA_001/20221012_030000.WAV,Telephone Field,recover-20221013,001,1795
1331.2605,1331.297,68437,81703,Rhinolophus ferrumequinum,0.021,0.021,-1,Echolocation,/mnt/ubna_data_02_mir/recover-20221013/UBNA_001/20221012_030000.WAV,Telephone Field,recover-20221013,001,1795
1331.2845,1331.2941,28906,38464,Eptesicus serotinus,0.01,0.025,-1,Echolocation,/mnt/ubna_data_02_mir/recover-20221013/UBNA_001/20221012_030000.WAV,Telephone Field,recover-20221013,001,1795
1331.3085,1331.3496,68437,82324,Rhinolophus ferrumequinum,0.031,0.031,-1,Echolocation,/mnt/ubna_data_02_mir/recover-20221013/UBNA_001/20221012_030000.WAV,Telephone Field,recover-20221013,001,1795
1331.3175,1331.3559,68437,82269,Rhinolophus ferrumequinum,0.022,0.022,-1,Echolocation,/mnt/ubna_data_02_mir/recover-20221013/UBNA_001/20221012_030000.WAV,Telephone Field,recover-20221013,001,1795
1331.3645,1331.3731,49531,54626,Pipistrellus pipistrellus,0.043,0.046,-1,Echolocation,/mnt/ubna_data_02_mir/recover-20221013/UBNA_001/20221012_030000.WAV,Telephone Field,recover-20221013,001,1795
1331.3675,1331.3745,27187,41610,Eptesicus serotinus,0.008,0.029,-1,Echolocation,/mnt/ubna_data_02_mir/recover-20221013/UBNA_001/20221012_030000.WAV,Telephone Field,recover-20221013,001,1795
1331.3685,1331.3787,22031,27841,Nyctalus leisleri,0.009,0.025,-1,Echolocation,/mnt/ubna_data_02_mir/recover-20221013/UBNA_001/20221012_030000.WAV,Telephone Field,recover-20221013,001,1795
1331.3705,1331.4152,68437,83536,Rhinolophus ferrumequinum,0.072,0.072,-1,Echolocation,/mnt/ubna_data_02_mir/recover-20221013/UBNA_001/20221012_030000.WAV,Telephone Field,recover-20221013,001,1795
1331.4175,1331.4543,68437,81480,Rhinolophus ferrumequinum,0.022,0.022,-1,Echolocation,/mnt/ubna_data_02_mir/recover-20221013/UBNA_001/20221012_030000.WAV,Telephone Field,recover-20221013,001,1795
1331.4265,1331.4687,68437,82257,Rhinolophus ferrumequinum,0.029,0.029,-1,Echolocation,/mnt/ubna_data_02_mir/recover-20221013/UBNA_001/20221012_030000.WAV,Telephone Field,recover-20221013,001,1795
1331.4585,1331.4941,68437,81592,Rhinolophus ferrumequinum,0.022,0.022,-1,Echolocation,/mnt/ubna_data_02_mir/recover-20221013/UBNA_001/20221012_030000.WAV,Telephone Field,recover-20221013,001,1795
1331.4745,1331.4865,32343,36424,Pipistrellus nathusii,0.023,0.078,-1,Echolocation,/mnt/ubna_data_02_mir/recover-20221013/UBNA_001/20221012_030000.WAV,Telephone Field,recover-20221013,001,1795
1331.4745,1331.5132,68437,82012,Rhinolophus ferrumequinum,0.023,0.023,-1,Echolocation,/mnt/ubna_data_02_mir/recover-20221013/UBNA_001/20221012_030000.WAV,Telephone Field,recover-20221013,001,1795
1331.5005,1331.5355,68437,81806,Rhinolophus ferrumequinum,0.028,0.028,-1,Echolocation,/mnt/ubna_data_02_mir/recover-20221013/UBNA_001/20221012_030000.WAV,Telephone Field,recover-20221013,001,1795
1331.5055,1331.5121,25468,38920,Plecotus austriacus,0.006,0.022,-1,Echolocation,/mnt/ubna_data_02_mir/recover-20221013/UBNA_001/20221012_030000.WAV,Telephone Field,recover-20221013,001,1795
1331.5325,1331.5706,68437,81755,Rhinolophus ferrumequinum,0.024,0.024,-1,Echolocation,/mnt/ubna_data_02_mir/recover-20221013/UBNA_001/20221012_030000.WAV,Telephone Field,recover-20221013,001,1795
1331.5415,1331.554,24609,30651,Nyctalus leisleri,0.017,0.044,-1,Echolocation,/mnt/ubna_data_02_mir/recover-20221013/UBNA_001/20221012_030000.WAV,Telephone Field,recover-20221013,001,1795
1331.5795,1331.591,28906,35270,Eptesicus serotinus,0.01,0.021,-1,Echolocation,/mnt/ubna_data_02_mir/recover-20221013/UBNA_001/20221012_030000.WAV,Telephone Field,recover-20221013,001,1795
1331.5865,1331.6253,68437,82313,Rhinolophus ferrumequinum,0.024,0.024,-1,Echolocation,/mnt/ubna_data_02_mir/recover-20221013/UBNA_001/20221012_030000.WAV,Telephone Field,recover-20221013,001,1795
1331.6055,1331.6136,28046,38516,Eptesicus serotinus,0.009,0.025,-1,Echolocation,/mnt/ubna_data_02_mir/recover-20221013/UBNA_001/20221012_030000.WAV,Telephone Field,recover-20221013,001,1795
1331.6385,1331.6459,51250,58559,Pipistrellus pipistrellus,0.016,0.021,-1,Echolocation,/mnt/ubna_data_02_mir/recover-20221013/UBNA_001/20221012_030000.WAV,Telephone Field,recover-20221013,001,1795
1331.6445,1331.6516,28046,42774,Eptesicus serotinus,0.006,0.021,-1,Echolocation,/mnt/ubna_data_02_mir/recover-20221013/UBNA_001/20221012_030000.WAV,Telephone Field,recover-20221013,001,1795
1331.6475,1331.6816,68437,81466,Rhinolophus ferrumequinum,0.021,0.022,-1,Echolocation,/mnt/ubna_data_02_mir/recover-20221013/UBNA_001/20221012_030000.WAV,Telephone Field,recover-20221013,001,1795
1331.6975,1331.7371,68437,82580,Rhinolophus ferrumequinum,0.028,0.028,-1,Echolocation,/mnt/ubna_data_02_mir/recover-20221013/UBNA_001/20221012_030000.WAV,Telephone Field,recover-20221013,001,1795
1331.6995,1331.7068,28906,40735,Eptesicus serotinus,0.007,0.025,-1,Echolocation,/mnt/ubna_data_02_mir/recover-20221013/UBNA_001/20221012_030000.WAV,Telephone Field,recover-20221013,001,1795
1331.7225,1331.7616,68437,81762,Rhinolophus ferrumequinum,0.022,0.022,-1,Echolocation,/mnt/ubna_data_02_mir/recover-20221013/UBNA_001/20221012_030000.WAV,Telephone Field,recover-20221013,001,1795
1331.7405,1331.7801,68437,82723,Rhinolophus ferrumequinum,0.022,0.022,-1,Echolocation,/mnt/ubna_data_02_mir/recover-20221013/UBNA_001/20221012_030000.WAV,Telephone Field,recover-20221013,001,1795
1331.7585,1331.7666,26328,40832,Eptesicus serotinus,0.007,0.021,-1,Echolocation,/mnt/ubna_data_02_mir/recover-20221013/UBNA_001/20221012_030000.WAV,Telephone Field,recover-20221013,001,1795
1331.7985,1331.8332,68437,80350,Rhinolophus ferrumequinum,0.021,0.021,-1,Echolocation,/mnt/ubna_data_02_mir/recover-20221013/UBNA_001/20221012_030000.WAV,Telephone Field,recover-20221013,001,1795
1331.8215,1331.8592,68437,81972,Rhinolophus ferrumequinum,0.026,0.026,-1,Echolocation,/mnt/ubna_data_02_mir/recover-20221013/UBNA_001/20221012_030000.WAV,Telephone Field,recover-20221013,001,1795
1331.8305,1331.8627,68437,79810,Rhinolophus ferrumequinum,0.026,0.027,-1,Echolocation,/mnt/ubna_data_02_mir/recover-20221013/UBNA_001/20221012_030000.WAV,Telephone Field,recover-20221013,001,1795
1331.8485,1331.8865,68437,82204,Rhinolophus ferrumequinum,0.022,0.022,-1,Echolocation,/mnt/ubna_data_02_mir/recover-20221013/UBNA_001/20221012_030000.WAV,Telephone Field,recover-20221013,001,1795
1331.8815,1331.9216,68437,82478,Rhinolophus ferrumequinum,0.031,0.031,-1,Echolocation,/mnt/ubna_data_02_mir/recover-20221013/UBNA_001/20221012_030000.WAV,Telephone Field,recover-20221013,001,1795
1331.9465,1331.9838,68437,82586,Rhinolophus ferrumequinum,0.027,0.027,-1,Echolocation,/mnt/ubna_data_02_mir/recover-20221013/UBNA_001/20221012_030000.WAV,Telephone Field,recover-20221013,001,1795
1332.0015,1332.0186,20312,24180,Nyctalus leisleri,0.029,0.059,-1,Echolocation,/mnt/ubna_data_02_mir/recover-20221013/UBNA_001/20221012_030000.WAV,Telephone Field,recover-20221013,001,1795
1332.0015,1332.035,68437,80045,Rhinolophus ferrumequinum,0.038,0.038,-1,Echolocation,/mnt/ubna_data_02_mir/recover-20221013/UBNA_001/20221012_030000.WAV,Telephone Field,recover-20221013,001,1795
1332.0085,1332.0491,68437,81470,Rhinolophus ferrumequinum,0.022,0.022,-1,Echolocation,/mnt/ubna_data_02_mir/recover-20221013/UBNA_001/20221012_030000.WAV,Telephone Field,recover-20221013,001,1795
1332.0355,1332.043,23750,33986,Plecotus austriacus,0.011,0.028,-1,Echolocation,/mnt/ubna_data_02_mir/recover-20221013/UBNA_001/20221012_030000.WAV,Telephone Field,recover-20221013,001,1795
1332.0875,1332.0982,22890,27801,Nyctalus leisleri,0.013,0.026,-1,Echolocation,/mnt/ubna_data_02_mir/recover-20221013/UBNA_001/20221012_030000.WAV,Telephone Field,recover-20221013,001,1795
1332.1005,1332.1056,34921,59324,Myotis brandtii,0.007,0.022,-1,Echolocation,/mnt/ubna_data_02_mir/recover-20221013/UBNA_001/20221012_030000.WAV,Telephone Field,recover-20221013,001,1795
1332.1065,1332.1444,68437,81652,Rhinolophus ferrumequinum,0.027,0.027,-1,Echolocation,/mnt/ubna_data_02_mir/recover-20221013/UBNA_001/20221012_030000.WAV,Telephone Field,recover-20221013,001,1795
1332.1285,1332.1609,68437,80112,Rhinolophus ferrumequinum,0.028,0.028,-1,Echolocation,/mnt/ubna_data_02_mir/recover-20221013/UBNA_001/20221012_030000.WAV,Telephone Field,recover-20221013,001,1795
1332.1425,1332.1836,68437,82491,Rhinolophus ferrumequinum,0.023,0.023,-1,Echolocation,/mnt/ubna_data_02_mir/recover-20221013/UBNA_001/20221012_030000.WAV,Telephone Field,recover-20221013,001,1795
1332.1485,1332.1876,68437,82463,Rhinolophus ferrumequinum,0.022,0.022,-1,Echolocation,/mnt/ubna_data_02_mir/recover-20221013/UBNA_001/20221012_030000.WAV,Telephone Field,recover-20221013,001,1795
1332.1485,1332.1597,24609,30865,Nyctalus leisleri,0.011,0.029,-1,Echolocation,/mnt/ubna_data_02_mir/recover-20221013/UBNA_001/20221012_030000.WAV,Telephone Field,recover-20221013,001,1795
1332.1835,1332.1958,22890,26818,Nyctalus leisleri,0.013,0.023,-1,Echolocation,/mnt/ubna_data_02_mir/recover-20221013/UBNA_001/20221012_030000.WAV,Telephone Field,recover-20221013,001,1795
1332.2235,1332.2315,23750,32000,Plecotus austriacus,0.011,0.027,-1,Echolocation,/mnt/ubna_data_02_mir/recover-20221013/UBNA_001/20221012_030000.WAV,Telephone Field,recover-20221013,001,1795
1332.2535,1332.2604,46953,51551,Pipistrellus pipistrellus,0.028,0.029,-1,Echolocation,/mnt/ubna_data_02_mir/recover-20221013/UBNA_001/20221012_030000.WAV,Telephone Field,recover-20221013,001,1795
1332.2545,1332.2947,68437,82703,Rhinolophus ferrumequinum,0.023,0.023,-1,Echolocation,/mnt/ubna_data_02_mir/recover-20221013/UBNA_001/20221012_030000.WAV,Telephone Field,recover-20221013,001,1795
1332.2625,1332.2714,24609,32905,Plecotus austriacus,0.015,0.05,-1,Echolocation,/mnt/ubna_data_02_mir/recover-20221013/UBNA_001/20221012_030000.WAV,Telephone Field,recover-20221013,001,1795
1332.2795,1332.3207,68437,82856,Rhinolophus ferrumequinum,0.026,0.026,-1,Echolocation,/mnt/ubna_data_02_mir/recover-20221013/UBNA_001/20221012_030000.WAV,Telephone Field,recover-20221013,001,1795
1332.2865,1332.2959,27187,37872,Eptesicus serotinus,0.012,0.028,-1,Echolocation,/mnt/ubna_data_02_mir/recover-20221013/UBNA_001/20221012_030000.WAV,Telephone Field,recover-20221013,001,1795
1332.3035,1332.3416,68437,82019,Rhinolophus ferrumequinum,0.023,0.023,-1,Echolocation,/mnt/ubna_data_02_mir/recover-20221013/UBNA_001/20221012_030000.WAV,Telephone Field,recover-20221013,001,1795
1332.3405,1332.348,48671,52941,Pipistrellus pipistrellus,0.023,0.024,-1,Echolocation,/mnt/ubna_data_02_mir/recover-20221013/UBNA_001/20221012_030000.WAV,Telephone Field,recover-20221013,001,1795
1332.3525,1332.3715,19453,22704,Nyctalus leisleri,0.012,0.022,-1,Echolocation,/mnt/ubna_data_02_mir/recover-20221013/UBNA_001/20221012_030000.WAV,Telephone Field,recover-20221013,001,1795
1332.3965,1332.4343,68437,82434,Rhinolophus ferrumequinum,0.024,0.024,-1,Echolocation,/mnt/ubna_data_02_mir/recover-20221013/UBNA_001/20221012_030000.WAV,Telephone Field,recover-20221013,001,1795
1332.4125,1332.4511,68437,81891,Rhinolophus ferrumequinum,0.023,0.023,-1,Echolocation,/mnt/ubna_data_02_mir/recover-20221013/UBNA_001/20221012_030000.WAV,Telephone Field,recover-20221013,001,1795
1332.4215,1332.4342,28906,34692,Eptesicus serotinus,0.035,0.061,-1,Echolocation,/mnt/ubna_data_02_mir/recover-20221013/UBNA_001/20221012_030000.WAV,Telephone Field,recover-20221013,001,1795
1332.4715,1332.4783,28046,38719,Eptesicus serotinus,0.006,0.027,-1,Echolocation,/mnt/ubna_data_02_mir/recover-20221013/UBNA_001/20221012_030000.WAV,Telephone Field,recover-20221013,001,1795
1332.4945,1332.5074,24609,30616,Nyctalus leisleri,0.014,0.032,-1,Echolocation,/mnt/ubna_data_02_mir/recover-20221013/UBNA_001/20221012_030000.WAV,Telephone Field,recover-20221013,001,1795
1332.5055,1332.5179,23750,28924,Nyctalus leisleri,0.014,0.027,-1,Echolocation,/mnt/ubna_data_02_mir/recover-20221013/UBNA_001/20221012_030000.WAV,Telephone Field,recover-20221013,001,1795
1332.5065,1332.5434,68437,82570,Rhinolophus ferrumequinum,0.023,0.023,-1,Echolocation,/mnt/ubna_data_02_mir/recover-20221013/UBNA_001/20221012_030000.WAV,Telephone Field,recover-20221013,001,1795
1332.5165,1332.5556,68437,82137,Rhinolophus ferrumequinum,0.022,0.022,-1,Echolocation,/mnt/ubna_data_02_mir/recover-20221013/UBNA_001/20221012_030000.WAV,Telephone Field,recover-20221013,001,1795
1332.5445,1332.5797,68437,81453,Rhinolophus ferrumequinum,0.023,0.023,-1,Echolocation,/mnt/ubna_data_02_mir/recover-20221013/UBNA_001/20221012_030000.WAV,Telephone Field,recover-20221013,001,1795
1332.5495,1332.5653,21171,25297,Nyctalus leisleri,0.017,0.034,-1,Echolocation,/mnt/ubna_data_02_mir/recover-20221013/UBNA_001/20221012_030000.WAV,Telephone Field,recover-20221013,001,1795
1332.5615,1332.6046,68437,82877,Rhinolophus ferrumequinum,0.034,0.034,-1,Echolocation,/mnt/ubna_data_02_mir/recover-20221013/UBNA_001/20221012_030000.WAV,Telephone Field,recover-20221013,001,1795
1332.5615,1332.5707,47812,54975,Pipistrellus pipistrellus,0.023,0.026,-1,Echolocation,/mnt/ubna_data_02_mir/recover-20221013/UBNA_001/20221012_030000.WAV,Telephone Field,recover-20221013,001,1795
1332.5895,1332.6035,22031,26325,Nyctalus leisleri,0.017,0.032,-1,Echolocation,/mnt/ubna_data_02_mir/recover-20221013/UBNA_001/20221012_030000.WAV,Telephone Field,recover-20221013,001,1795
1332.6135,1332.6527,68437,82831,Rhinolophus ferrumequinum,0.025,0.025,-1,Echolocation,/mnt/ubna_data_02_mir/recover-20221013/UBNA_001/20221012_030000.WAV,Telephone Field,recover-20221013,001,1795
1332.6335,1332.6444,24609,31149,Nyctalus leisleri,0.008,0.022,-1,Echolocation,/mnt/ubna_data_02_mir/recover-20221013/UBNA_001/20221012_030000.WAV,Telephone Field,recover-20221013,001,1795
1332.6395,1332.6788,68437,81769,Rhinolophus ferrumequinum,0.023,0.023,-1,Echolocation,/mnt/ubna_data_02_mir/recover-20221013/UBNA_001/20221012_030000.WAV,Telephone Field,recover-20221013,001,1795
1332.6395,1332.651,24609,29999,Nyctalus leisleri,0.009,0.022,-1,Echolocation,/mnt/ubna_data_02_mir/recover-20221013/UBNA_001/20221012_030000.WAV,Telephone Field,recover-20221013,001,1795
1332.6455,1332.6834,68437,81782,Rhinolophus ferrumequinum,0.022,0.022,-1,Echolocation,/mnt/ubna_data_02_mir/recover-20221013/UBNA_001/20221012_030000.WAV,Telephone Field,recover-20221013,001,1795
1332.6605,1332.6977,68437,82510,Rhinolophus ferrumequinum,0.023,0.023,-1,Echolocation,/mnt/ubna_data_02_mir/recover-20221013/UBNA_001/20221012_030000.WAV,Telephone Field,recover-20221013,001,1795
1332.7025,1332.7394,68437,82114,Rhinolophus ferrumequinum,0.022,0.022,-1,Echolocation,/mnt/ubna_data_02_mir/recover-20221013/UBNA_001/20221012_030000.WAV,Telephone Field,recover-20221013,001,1795
1332.7255,1332.7632,68437,81843,Rhinolophus ferrumequinum,0.024,0.024,-1,Echolocation,/mnt/ubna_data_02_mir/recover-20221013/UBNA_001/20221012_030000.WAV,Telephone Field,recover-20221013,001,1795
1332.7575,1332.7946,68437,82043,Rhinolophus ferrumequinum,0.025,0.025,-1,Echolocation,/mnt/ubna_data_02_mir/recover-20221013/UBNA_001/20221012_030000.WAV,Telephone Field,recover-20221013,001,1795
1332.7815,1332.8246,68437,82725,Rhinolophus ferrumequinum,0.05,0.05,-1,Echolocation,/mnt/ubna_data_02_mir/recover-20221013/UBNA_001/20221012_030000.WAV,Telephone Field,recover-20221013,001,1795
1332.8145,1332.8229,40937,53095,Myotis mystacinus,0.006,0.024,-1,Echolocation,/mnt/ubna_data_02_mir/recover-20221013/UBNA_001/20221012_030000.WAV,Telephone Field,recover-20221013,001,1795
1332.8285,1332.8692,68437,82869,Rhinolophus ferrumequinum,0.024,0.024,-1,Echolocation,/mnt/ubna_data_02_mir/recover-20221013/UBNA_001/20221012_030000.WAV,Telephone Field,recover-20221013,001,1795
1332.8645,1332.8974,68437,81511,Rhinolophus ferrumequinum,0.022,0.023,-1,Echolocation,/mnt/ubna_data_02_mir/recover-20221013/UBNA_001/20221012_030000.WAV,Telephone Field,recover-20221013,001,1795
1332.8735,1332.9076,68437,80853,Rhinolophus ferrumequinum,0.025,0.025,-1,Echolocation,/mnt/ubna_data_02_mir/recover-20221013/UBNA_001/20221012_030000.WAV,Telephone Field,recover-20221013,001,1795
1332.8805,1332.8913,23750,29924,Nyctalus leisleri,0.011,0.027,-1,Echolocation,/mnt/ubna_data_02_mir/recover-20221013/UBNA_001/20221012_030000.WAV,Telephone Field,recover-20221013,001,1795
1332.9155,1332.9297,21171,24170,Nyctalus leisleri,0.016,0.024,-1,Echolocation,/mnt/ubna_data_02_mir/recover-20221013/UBNA_001/20221012_030000.WAV,Telephone Field,recover-20221013,001,1795
1332.9515,1332.9939,68437,82765,Rhinolophus ferrumequinum,0.031,0.031,-1,Echolocation,/mnt/ubna_data_02_mir/recover-20221013/UBNA_001/20221012_030000.WAV,Telephone Field,recover-20221013,001,1795
1332.9605,1333.0016,68437,82533,Rhinolophus ferrumequinum,0.031,0.031,-1,Echolocation,/mnt/ubna_data_02_mir/recover-20221013/UBNA_001/20221012_030000.WAV,Telephone Field,recover-20221013,001,1795
1332.9985,1333.0415,68437,83482,Rhinolophus ferrumequinum,0.036,0.036,-1,Echolocation,/mnt/ubna_data_02_mir/recover-20221013/UBNA_001/20221012_030000.WAV,Telephone Field,recover-20221013,001,1795
1333.0235,1333.0639,68437,82967,Rhinolophus ferrumequinum,0.023,0.023,-1,Echolocation,/mnt/ubna_data_02_mir/recover-20221013/UBNA_001/20221012_030000.WAV,Telephone Field,recover-20221013,001,1795
1333.0325,1333.074,68437,83053,Rhinolophus ferrumequinum,0.024,0.024,-1,Echolocation,/mnt/ubna_data_02_mir/recover-20221013/UBNA_001/20221012_030000.WAV,Telephone Field,recover-20221013,001,1795
1333.0525,1333.0601,28046,39566,Eptesicus serotinus,0.006,0.022,-1,Echolocation,/mnt/ubna_data_02_mir/recover-20221013/UBNA_001/20221012_030000.WAV,Telephone Field,recover-20221013,001,1795
1333.0725,1333.1127,68437,82756,Rhinolophus ferrumequinum,0.025,0.025,-1,Echolocation,/mnt/ubna_data_02_mir/recover-20221013/UBNA_001/20221012_030000.WAV,Telephone Field,recover-20221013,001,1795
1333.0895,1333.1278,68437,81602,Rhinolophus ferrumequinum,0.022,0.022,-1,Echolocation,/mnt/ubna_data_02_mir/recover-20221013/UBNA_001/20221012_030000.WAV,Telephone Field,recover-20221013,001,1795
1333.0985,1333.1084,23750,30821,Nyctalus leisleri,0.01,0.027,-1,Echolocation,/mnt/ubna_data_02_mir/recover-20221013/UBNA_001/20221012_030000.WAV,Telephone Field,recover-20221013,001,1795
1333.1265,1333.1662,68437,82511,Rhinolophus ferrumequinum,0.025,0.025,-1,Echolocation,/mnt/ubna_data_02_mir/recover-20221013/UBNA_001/20221012_030000.WAV,Telephone Field,recover-20221013,001,1795
1333.1385,1333.1488,22890,29175,Nyctalus leisleri,0.008,0.023,-1,Echolocation,/mnt/ubna_data_02_mir/recover-20221013/UBNA_001/20221012_030000.WAV,Telephone Field,recover-20221013,001,1795
1333.1445,1333.152,26328,39006,Eptesicus serotinus,0.007,0.023,-1,Echolocation,/mnt/ubna_data_02_mir/recover-20221013/UBNA_001/20221012_030000.WAV,Telephone Field,recover-20221013,001,1795
1333.1705,1333.1777,14296,27643,Plecotus auritus,0.032,0.037,-1,Echolocation,/mnt/ubna_data_02_mir/recover-20221013/UBNA_001/20221012_030000.WAV,Telephone Field,recover-20221013,001,1795
1333.1715,1333.183,28906,36170,Eptesicus serotinus,0.011,0.026,-1,Echolocation,/mnt/ubna_data_02_mir/recover-20221013/UBNA_001/20221012_030000.WAV,Telephone Field,recover-20221013,001,1795
1333.1715,1333.1815,50390,54960,Pipistrellus pipistrellus,0.047,0.054,-1,Echolocation,/mnt/ubna_data_02_mir/recover-20221013/UBNA_001/20221012_030000.WAV,Telephone Field,recover-20221013,001,1795
1333.1985,1333.2371,68437,82370,Rhinolophus ferrumequinum,0.028,0.028,-1,Echolocation,/mnt/ubna_data_02_mir/recover-20221013/UBNA_001/20221012_030000.WAV,Telephone Field,recover-20221013,001,1795
1333.2125,1333.2481,68437,81519,Rhinolophus ferrumequinum,0.022,0.022,-1,Echolocation,/mnt/ubna_data_02_mir/recover-20221013/UBNA_001/20221012_030000.WAV,Telephone Field,recover-20221013,001,1795
1333.2275,1333.2361,46953,50520,Pipistrellus pipistrellus,0.03,0.032,-1,Echolocation,/mnt/ubna_data_02_mir/recover-20221013/UBNA_001/20221012_030000.WAV,Telephone Field,recover-20221013,001,1795
1333.2575,1333.295,68437,81451,Rhinolophus ferrumequinum,0.022,0.022,-1,Echolocation,/mnt/ubna_data_02_mir/recover-20221013/UBNA_001/20221012_030000.WAV,Telephone Field,recover-20221013,001,1795
1333.2845,1333.324,68437,82032,Rhinolophus ferrumequinum,0.024,0.024,-1,Echolocation,/mnt/ubna_data_02_mir/recover-20221013/UBNA_001/20221012_030000.WAV,Telephone Field,recover-20221013,001,1795
1333.2865,1333.297,28906,36883,Eptesicus serotinus,0.01,0.022,-1,Echolocation,/mnt/ubna_data_02_mir/recover-20221013/UBNA_001/20221012_030000.WAV,Telephone Field,recover-20221013,001,1795
1333.3675,1333.3755,28046,39665,Eptesicus serotinus,0.009,0.027,-1,Echolocation,/mnt/ubna_data_02_mir/recover-20221013/UBNA_001/20221012_030000.WAV,Telephone Field,recover-20221013,001,1795
1333.3955,1333.4089,22031,27378,Nyctalus leisleri,0.032,0.079,-1,Echolocation,/mnt/ubna_data_02_mir/recover-20221013/UBNA_001/20221012_030000.WAV,Telephone Field,recover-20221013,001,1795
1333.4175,1333.4563,68437,81714,Rhinolophus ferrumequinum,0.023,0.023,-1,Echolocation,/mnt/ubna_data_02_mir/recover-20221013/UBNA_001/20221012_030000.WAV,Telephone Field,recover-20221013,001,1795
1333.4475,1333.455,14296,26679,Plecotus auritus,0.023,0.027,-1,Echolocation,/mnt/ubna_data_02_mir/recover-20221013/UBNA_001/20221012_030000.WAV,Telephone Field,recover-20221013,001,1795
1333.4715,1333.48,26328,34875,Eptesicus serotinus,0.009,0.022,-1,Echolocation,/mnt/ubna_data_02_mir/recover-20221013/UBNA_001/20221012_030000.WAV,Telephone Field,recover-20221013,001,1795
1333.4715,1333.5136,68437,82610,Rhinolophus ferrumequinum,0.024,0.024,-1,Echolocation,/mnt/ubna_data_02_mir/recover-20221013/UBNA_001/20221012_030000.WAV,Telephone Field,recover-20221013,001,1795
1333.4795,1333.4877,27187,39010,Eptesicus serotinus,0.007,0.022,-1,Echolocation,/mnt/ubna_data_02_mir/recover-20221013/UBNA_001/20221012_030000.WAV,Telephone Field,recover-20221013,001,1795
1333.4815,1333.4891,50390,58224,Pipistrellus pipistrellus,0.017,0.022,-1,Echolocation,/mnt/ubna_data_02_mir/recover-20221013/UBNA_001/20221012_030000.WAV,Telephone Field,recover-20221013,001,1795
1333.4915,1333.4993,28906,38393,Eptesicus serotinus,0.008,0.025,-1,Echolocation,/mnt/ubna_data_02_mir/recover-20221013/UBNA_001/20221012_030000.WAV,Telephone Field,recover-20221013,001,1795
1333.5445,1333.5849,68437,82611,Rhinolophus ferrumequinum,0.03,0.03,-1,Echolocation,/mnt/ubna_data_02_mir/recover-20221013/UBNA_001/20221012_030000.WAV,Telephone Field,recover-20221013,001,1795
1333.5615,1333.5702,28046,38937,Eptesicus serotinus,0.011,0.03,-1,Echolocation,/mnt/ubna_data_02_mir/recover-20221013/UBNA_001/20221012_030000.WAV,Telephone Field,recover-20221013,001,1795
1333.5865,1333.5967,25468,32318,Nyctalus leisleri,0.008,0.025,-1,Echolocation,/mnt/ubna_data_02_mir/recover-20221013/UBNA_001/20221012_030000.WAV,Telephone Field,recover-20221013,001,1795
1333.5965,1333.637,68437,82503,Rhinolophus ferrumequinum,0.037,0.037,-1,Echolocation,/mnt/ubna_data_02_mir/recover-20221013/UBNA_001/20221012_030000.WAV,Telephone Field,recover-20221013,001,1795
1333.6225,1333.6624,68437,83167,Rhinolophus ferrumequinum,0.03,0.03,-1,Echolocation,/mnt/ubna_data_02_mir/recover-20221013/UBNA_001/20221012_030000.WAV,Telephone Field,recover-20221013,001,1795
1333.7235,1333.7631,68437,82302,Rhinolophus ferrumequinum,0.025,0.026,-1,Echolocation,/mnt/ubna_data_02_mir/recover-20221013/UBNA_001/20221012_030000.WAV,Telephone Field,recover-20221013,001,1795
1333.7555,1333.7638,27187,42581,Eptesicus serotinus,0.008,0.022,-1,Echolocation,/mnt/ubna_data_02_mir/recover-20221013/UBNA_001/20221012_030000.WAV,Telephone Field,recover-20221013,001,1795
1333.7825,1333.8227,68437,82128,Rhinolophus ferrumequinum,0.027,0.027,-1,Echolocation,/mnt/ubna_data_02_mir/recover-20221013/UBNA_001/20221012_030000.WAV,Telephone Field,recover-20221013,001,1795
1333.7885,1333.8271,68437,82619,Rhinolophus ferrumequinum,0.027,0.027,-1,Echolocation,/mnt/ubna_data_02_mir/recover-20221013/UBNA_001/20221012_030000.WAV,Telephone Field,recover-20221013,001,1795
1333.8105,1333.8178,23750,33080,Plecotus austriacus,0.011,0.027,-1,Echolocation,/mnt/ubna_data_02_mir/recover-20221013/UBNA_001/20221012_030000.WAV,Telephone Field,recover-20221013,001,1795
1333.8255,1333.8364,23750,28342,Nyctalus leisleri,0.015,0.03,-1,Echolocation,/mnt/ubna_data_02_mir/recover-20221013/UBNA_001/20221012_030000.WAV,Telephone Field,recover-20221013,001,1795
1333.8445,1333.8827,68437,82373,Rhinolophus ferrumequinum,0.022,0.022,-1,Echolocation,/mnt/ubna_data_02_mir/recover-20221013/UBNA_001/20221012_030000.WAV,Telephone Field,recover-20221013,001,1795
1333.8535,1333.8924,68437,82308,Rhinolophus ferrumequinum,0.024,0.024,-1,Echolocation,/mnt/ubna_data_02_mir/recover-20221013/UBNA_001/20221012_030000.WAV,Telephone Field,recover-20221013,001,1795
1333.8665,1333.8751,44375,54638,Pipistrellus pipistrellus,0.013,0.022,-1,Echolocation,/mnt/ubna_data_02_mir/recover-20221013/UBNA_001/20221012_030000.WAV,Telephone Field,recover-20221013,001,1795
1333.8885,1333.9247,68437,81077,Rhinolophus ferrumequinum,0.03,0.03,-1,Echolocation,/mnt/ubna_data_02_mir/recover-20221013/UBNA_001/20221012_030000.WAV,Telephone Field,recover-20221013,001,1795
1333.9225,1333.9322,42656,49409,Pipistrellus pipistrellus,0.03,0.044,-1,Echolocation,/mnt/ubna_data_02_mir/recover-20221013/UBNA_001/20221012_030000.WAV,Telephone Field,recover-20221013,001,1795
1333.9295,1333.9683,68437,82422,Rhinolophus ferrumequinum,0.024,0.024,-1,Echolocation,/mnt/ubna_data_02_mir/recover-20221013/UBNA_001/20221012_030000.WAV,Telephone Field,recover-20221013,001,1795
1333.9545,1333.9897,68437,81011,Rhinolophus ferrumequinum,0.023,0.023,-1,Echolocation,/mnt/ubna_data_02_mir/recover-20221013/UBNA_001/20221012_030000.WAV,Telephone Field,recover-20221013,001,1795
1333.9585,1333.967,28906,39652,Eptesicus serotinus,0.007,0.022,-1,Echolocation,/mnt/ubna_data_02_mir/recover-20221013/UBNA_001/20221012_030000.WAV,Telephone Field,recover-20221013,001,1795
1333.9775,1333.9838,26328,39023,Plecotus austriacus,0.01,0.035,-1,Echolocation,/mnt/ubna_data_02_mir/recover-20221013/UBNA_001/20221012_030000.WAV,Telephone Field,recover-20221013,001,1795
1334.0015,1334.0336,68437,79686,Rhinolophus ferrumequinum,0.048,0.049,-1,Echolocation,/mnt/ubna_data_02_mir/recover-20221013/UBNA_001/20221012_030000.WAV,Telephone Field,recover-20221013,001,1795
1334.0015,1334.0091,23750,32970,Plecotus austriacus,0.009,0.029,-1,Echolocation,/mnt/ubna_data_02_mir/recover-20221013/UBNA_001/20221012_030000.WAV,Telephone Field,recover-20221013,001,1795
1334.0015,1334.0089,45234,50302,Pipistrellus pipistrellus,0.031,0.038,-1,Echolocation,/mnt/ubna_data_02_mir/recover-20221013/UBNA_001/20221012_030000.WAV,Telephone Field,recover-20221013,001,1795
1334.0305,1334.0694,68437,82187,Rhinolophus ferrumequinum,0.022,0.022,-1,Echolocation,/mnt/ubna_data_02_mir/recover-20221013/UBNA_001/20221012_030000.WAV,Telephone Field,recover-20221013,001,1795
1334.0435,1334.0523,15156,23853,Plecotus auritus,0.013,0.024,-1,Echolocation,/mnt/ubna_data_02_mir/recover-20221013/UBNA_001/20221012_030000.WAV,Telephone Field,recover-20221013,001,1795
1334.0475,1334.0555,28046,37994,Eptesicus serotinus,0.008,0.023,-1,Echolocation,/mnt/ubna_data_02_mir/recover-20221013/UBNA_001/20221012_030000.WAV,Telephone Field,recover-20221013,001,1795
1334.0645,1334.104,68437,81929,Rhinolophus ferrumequinum,0.023,0.023,-1,Echolocation,/mnt/ubna_data_02_mir/recover-20221013/UBNA_001/20221012_030000.WAV,Telephone Field,recover-20221013,001,1795
1334.1035,1334.1123,28906,38887,Eptesicus serotinus,0.01,0.024,-1,Echolocation,/mnt/ubna_data_02_mir/recover-20221013/UBNA_001/20221012_030000.WAV,Telephone Field,recover-20221013,001,1795
1334.1215,1334.1607,68437,82004,Rhinolophus ferrumequinum,0.025,0.025,-1,Echolocation,/mnt/ubna_data_02_mir/recover-20221013/UBNA_001/20221012_030000.WAV,Telephone Field,recover-20221013,001,1795
1334.1295,1334.1643,68437,81525,Rhinolophus ferrumequinum,0.024,0.025,-1,Echolocation,/mnt/ubna_data_02_mir/recover-20221013/UBNA_001/20221012_030000.WAV,Telephone Field,recover-20221013,001,1795
1334.1645,1334.2035,68437,82693,Rhinolophus ferrumequinum,0.027,0.027,-1,Echolocation,/mnt/ubna_data_02_mir/recover-20221013/UBNA_001/20221012_030000.WAV,Telephone Field,recover-20221013,001,1795
1334.1665,1334.1791,23750,28389,Nyctalus leisleri,0.016,0.032,-1,Echolocation,/mnt/ubna_data_02_mir/recover-20221013/UBNA_001/20221012_030000.WAV,Telephone Field,recover-20221013,001,1795
1334.1935,1334.2033,28046,35545,Eptesicus serotinus,0.009,0.024,-1,Echolocation,/mnt/ubna_data_02_mir/recover-20221013/UBNA_001/20221012_030000.WAV,Telephone Field,recover-20221013,001,1795
1334.1975,1334.2397,68437,82635,Rhinolophus ferrumequinum,0.034,0.034,-1,Echolocation,/mnt/ubna_data_02_mir/recover-20221013/UBNA_001/20221012_030000.WAV,Telephone Field,recover-20221013,001,1795
1334.2495,1334.2896,68437,82160,Rhinolophus ferrumequinum,0.028,0.028,-1,Echolocation,/mnt/ubna_data_02_mir/recover-20221013/UBNA_001/20221012_030000.WAV,Telephone Field,recover-20221013,001,1795
1334.2625,1334.3011,68437,82378,Rhinolophus ferrumequinum,0.022,0.022,-1,Echolocation,/mnt/ubna_data_02_mir/recover-20221013/UBNA_001/20221012_030000.WAV,Telephone Field,recover-20221013,001,1795
1334.2705,1334.2775,27187,36901,Eptesicus serotinus,0.011,0.037,-1,Echolocation,/mnt/ubna_data_02_mir/recover-20221013/UBNA_001/20221012_030000.WAV,Telephone Field,recover-20221013,001,1795
1334.2905,1334.3296,68437,82333,Rhinolophus ferrumequinum,0.022,0.022,-1,Echolocation,/mnt/ubna_data_02_mir/recover-20221013/UBNA_001/20221012_030000.WAV,Telephone Field,recover-20221013,001,1795
1334.3095,1334.3177,24609,32665,Plecotus austriacus,0.007,0.024,-1,Echolocation,/mnt/ubna_data_02_mir/recover-20221013/UBNA_001/20221012_030000.WAV,Telephone Field,recover-20221013,001,1795
1334.3105,1334.3527,68437,82640,Rhinolophus ferrumequinum,0.026,0.026,-1,Echolocation,/mnt/ubna_data_02_mir/recover-20221013/UBNA_001/20221012_030000.WAV,Telephone Field,recover-20221013,001,1795
1334.3375,1334.372,68437,81317,Rhinolophus ferrumequinum,0.022,0.022,-1,Echolocation,/mnt/ubna_data_02_mir/recover-20221013/UBNA_001/20221012_030000.WAV,Telephone Field,recover-20221013,001,1795
1334.3465,1334.3853,68437,82013,Rhinolophus ferrumequinum,0.027,0.027,-1,Echolocation,/mnt/ubna_data_02_mir/recover-20221013/UBNA_001/20221012_030000.WAV,Telephone Field,recover-20221013,001,1795
1334.3735,1334.3841,22031,26477,Nyctalus leisleri,0.013,0.025,-1,Echolocation,/mnt/ubna_data_02_mir/recover-20221013/UBNA_001/20221012_030000.WAV,Telephone Field,recover-20221013,001,1795
1334.3925,1334.4295,68437,82311,Rhinolophus ferrumequinum,0.022,0.022,-1,Echolocation,/mnt/ubna_data_02_mir/recover-20221013/UBNA_001/20221012_030000.WAV,Telephone Field,recover-20221013,001,1795
1334.4055,1334.4449,68437,82794,Rhinolophus ferrumequinum,0.026,0.026,-1,Echolocation,/mnt/ubna_data_02_mir/recover-20221013/UBNA_001/20221012_030000.WAV,Telephone Field,recover-20221013,001,1795
1334.4195,1334.4551,68437,81411,Rhinolophus ferrumequinum,0.023,0.023,-1,Echolocation,/mnt/ubna_data_02_mir/recover-20221013/UBNA_001/20221012_030000.WAV,Telephone Field,recover-20221013,001,1795
1334.4265,1334.4341,28046,39052,Eptesicus serotinus,0.008,0.026,-1,Echolocation,/mnt/ubna_data_02_mir/recover-20221013/UBNA_001/20221012_030000.WAV,Telephone Field,recover-20221013,001,1795
1334.4455,1334.4817,68437,81974,Rhinolophus ferrumequinum,0.023,0.023,-1,Echolocation,/mnt/ubna_data_02_mir/recover-20221013/UBNA_001/20221012_030000.WAV,Telephone Field,recover-20221013,001,1795
1334.4655,1334.4728,28046,40365,Eptesicus serotinus,0.007,0.025,-1,Echolocation,/mnt/ubna_data_02_mir/recover-20221013/UBNA_001/20221012_030000.WAV,Telephone Field,recover-20221013,001,1795
1334.4735,1334.5097,68437,81437,Rhinolophus ferrumequinum,0.023,0.023,-1,Echolocation,/mnt/ubna_data_02_mir/recover-20221013/UBNA_001/20221012_030000.WAV,Telephone Field,recover-20221013,001,1795
1334.4845,1334.4916,28046,41015,Eptesicus serotinus,0.006,0.022,-1,Echolocation,/mnt/ubna_data_02_mir/recover-20221013/UBNA_001/20221012_030000.WAV,Telephone Field,recover-20221013,001,1795
1334.4925,1334.5317,68437,82448,Rhinolophus ferrumequinum,0.023,0.023,-1,Echolocation,/mnt/ubna_data_02_mir/recover-20221013/UBNA_001/20221012_030000.WAV,Telephone Field,recover-20221013,001,1795
1334.5165,1334.5543,68437,82380,Rhinolophus ferrumequinum,0.024,0.024,-1,Echolocation,/mnt/ubna_data_02_mir/recover-20221013/UBNA_001/20221012_030000.WAV,Telephone Field,recover-20221013,001,1795
1334.5445,1334.5543,28906,36037,Eptesicus serotinus,0.01,0.024,-1,Echolocation,/mnt/ubna_data_02_mir/recover-20221013/UBNA_001/20221012_030000.WAV,Telephone Field,recover-20221013,001,1795
1334.5505,1334.5853,68437,81135,Rhinolophus ferrumequinum,0.022,0.022,-1,Echolocation,/mnt/ubna_data_02_mir/recover-20221013/UBNA_001/20221012_030000.WAV,Telephone Field,recover-20221013,001,1795
1334.5585,1334.5898,68437,80267,Rhinolophus ferrumequinum,0.025,0.025,-1,Echolocation,/mnt/ubna_data_02_mir/recover-20221013/UBNA_001/20221012_030000.WAV,Telephone Field,recover-20221013,001,1795
1334.5755,1334.6131,68437,82661,Rhinolophus ferrumequinum,0.022,0.022,-1,Echolocation,/mnt/ubna_data_02_mir/recover-20221013/UBNA_001/20221012_030000.WAV,Telephone Field,recover-20221013,001,1795
1334.6415,1334.651,23750,31353,Nyctalus leisleri,0.007,0.022,-1,Echolocation,/mnt/ubna_data_02_mir/recover-20221013/UBNA_001/20221012_030000.WAV,Telephone Field,recover-20221013,001,1795
1334.6495,1334.691,68437,82845,Rhinolophus ferrumequinum,0.032,0.032,-1,Echolocation,/mnt/ubna_data_02_mir/recover-20221013/UBNA_001/20221012_030000.WAV,Telephone Field,recover-20221013,001,1795
1334.6515,1334.6661,28046,33007,Eptesicus serotinus,0.015,0.028,-1,Echolocation,/mnt/ubna_data_02_mir/recover-20221013/UBNA_001/20221012_030000.WAV,Telephone Field,recover-20221013,001,1795
1334.6775,1334.7148,68437,82383,Rhinolophus ferrumequinum,0.022,0.022,-1,Echolocation,/mnt/ubna_data_02_mir/recover-20221013/UBNA_001/20221012_030000.WAV,Telephone Field,recover-20221013,001,1795
1334.7035,1334.7413,68437,81711,Rhinolophus ferrumequinum,0.024,0.024,-1,Echolocation,/mnt/ubna_data_02_mir/recover-20221013/UBNA_001/20221012_030000.WAV,Telephone Field,recover-20221013,001,1795
1334.7135,1334.7209,45234,52400,Pipistrellus pipistrellus,0.021,0.024,-1,Echolocation,/mnt/ubna_data_02_mir/recover-20221013/UBNA_001/20221012_030000.WAV,Telephone Field,recover-20221013,001,1795
1334.7375,1334.7781,68437,82830,Rhinolophus ferrumequinum,0.024,0.024,-1,Echolocation,/mnt/ubna_data_02_mir/recover-20221013/UBNA_001/20221012_030000.WAV,Telephone Field,recover-20221013,001,1795
1334.7565,1334.7943,68437,81838,Rhinolophus ferrumequinum,0.028,0.028,-1,Echolocation,/mnt/ubna_data_02_mir/recover-20221013/UBNA_001/20221012_030000.WAV,Telephone Field,recover-20221013,001,1795
1334.7795,1334.7871,28906,39810,Eptesicus serotinus,0.01,0.028,-1,Echolocation,/mnt/ubna_data_02_mir/recover-20221013/UBNA_001/20221012_030000.WAV,Telephone Field,recover-20221013,001,1795
1334.7975,1334.8072,22031,28352,Plecotus austriacus,0.009,0.024,-1,Echolocation,/mnt/ubna_data_02_mir/recover-20221013/UBNA_001/20221012_030000.WAV,Telephone Field,recover-20221013,001,1795
1334.8135,1334.8243,51250,57316,Pipistrellus pipistrellus,0.021,0.029,-1,Echolocation,/mnt/ubna_data_02_mir/recover-20221013/UBNA_001/20221012_030000.WAV,Telephone Field,recover-20221013,001,1795
1334.8685,1334.9036,68437,81688,Rhinolophus ferrumequinum,0.022,0.022,-1,Echolocation,/mnt/ubna_data_02_mir/recover-20221013/UBNA_001/20221012_030000.WAV,Telephone Field,recover-20221013,001,1795
1334.8925,1334.93,68437,82588,Rhinolophus ferrumequinum,0.028,0.028,-1,Echolocation,/mnt/ubna_data_02_mir/recover-20221013/UBNA_001/20221012_030000.WAV,Telephone Field,recover-20221013,001,1795
1334.8925,1334.9,27187,35904,Eptesicus serotinus,0.008,0.023,-1,Echolocation,/mnt/ubna_data_02_mir/recover-20221013/UBNA_001/20221012_030000.WAV,Telephone Field,recover-20221013,001,1795
1334.9255,1334.9321,23750,33407,Plecotus austriacus,0.011,0.023,-1,Echolocation,/mnt/ubna_data_02_mir/recover-20221013/UBNA_001/20221012_030000.WAV,Telephone Field,recover-20221013,001,1795
1334.9295,1334.9665,68437,82207,Rhinolophus ferrumequinum,0.022,0.022,-1,Echolocation,/mnt/ubna_data_02_mir/recover-20221013/UBNA_001/20221012_030000.WAV,Telephone Field,recover-20221013,001,1795
1334.9645,1335.0032,68437,82896,Rhinolophus ferrumequinum,0.025,0.025,-1,Echolocation,/mnt/ubna_data_02_mir/recover-20221013/UBNA_001/20221012_030000.WAV,Telephone Field,recover-20221013,001,1795
1334.9805,1335.021,68437,82601,Rhinolophus ferrumequinum,0.03,0.03,-1,Echolocation,/mnt/ubna_data_02_mir/recover-20221013/UBNA_001/20221012_030000.WAV,Telephone Field,recover-20221013,001,1795
1334.9825,1334.9901,23750,36754,Plecotus austriacus,0.007,0.023,-1,Echolocation,/mnt/ubna_data_02_mir/recover-20221013/UBNA_001/20221012_030000.WAV,Telephone Field,recover-20221013,001,1795
1334.9925,1335.0064,22031,26831,Nyctalus leisleri,0.026,0.052,-1,Echolocation,/mnt/ubna_data_02_mir/recover-20221013/UBNA_001/20221012_030000.WAV,Telephone Field,recover-20221013,001,1795
1334.9985,1335.0327,68437,81382,Rhinolophus ferrumequinum,0.025,0.025,-1,Echolocation,/mnt/ubna_data_02_mir/recover-20221013/UBNA_001/20221012_030000.WAV,Telephone Field,recover-20221013,001,1795
1335.0335,1335.0716,68437,82012,Rhinolophus ferrumequinum,0.024,0.024,-1,Echolocation,/mnt/ubna_data_02_mir/recover-20221013/UBNA_001/20221012_030000.WAV,Telephone Field,recover-20221013,001,1795
1335.0565,1335.0911,68437,81772,Rhinolophus ferrumequinum,0.025,0.025,-1,Echolocation,/mnt/ubna_data_02_mir/recover-20221013/UBNA_001/20221012_030000.WAV,Telephone Field,recover-20221013,001,1795
1335.0945,1335.1316,68437,81587,Rhinolophus ferrumequinum,0.031,0.031,-1,Echolocation,/mnt/ubna_data_02_mir/recover-20221013/UBNA_001/20221012_030000.WAV,Telephone Field,recover-20221013,001,1795
1335.1475,1335.1885,68437,83100,Rhinolophus ferrumequinum,0.033,0.033,-1,Echolocation,/mnt/ubna_data_02_mir/recover-20221013/UBNA_001/20221012_030000.WAV,Telephone Field,recover-20221013,001,1795
1335.1555,1335.1934,68437,82697,Rhinolophus ferrumequinum,0.022,0.022,-1,Echolocation,/mnt/ubna_data_02_mir/recover-20221013/UBNA_001/20221012_030000.WAV,Telephone Field,recover-20221013,001,1795
1335.1795,1335.2128,68437,81265,Rhinolophus ferrumequinum,0.022,0.022,-1,Echolocation,/mnt/ubna_data_02_mir/recover-20221013/UBNA_001/20221012_030000.WAV,Telephone Field,recover-20221013,001,1795
1335.1885,1335.2215,68437,81635,Rhinolophus ferrumequinum,0.022,0.022,-1,Echolocation,/mnt/ubna_data_02_mir/recover-20221013/UBNA_001/20221012_030000.WAV,Telephone Field,recover-20221013,001,1795
1335.1945,1335.2312,68437,81951,Rhinolophus ferrumequinum,0.023,0.024,-1,Echolocation,/mnt/ubna_data_02_mir/recover-20221013/UBNA_001/20221012_030000.WAV,Telephone Field,recover-20221013,001,1795
1335.2025,1335.2421,68437,82584,Rhinolophus ferrumequinum,0.022,0.022,-1,Echolocation,/mnt/ubna_data_02_mir/recover-20221013/UBNA_001/20221012_030000.WAV,Telephone Field,recover-20221013,001,1795
1335.2105,1335.2211,22031,27375,Nyctalus leisleri,0.011,0.026,-1,Echolocation,/mnt/ubna_data_02_mir/recover-20221013/UBNA_001/20221012_030000.WAV,Telephone Field,recover-20221013,001,1795
1335.2205,1335.2562,68437,81952,Rhinolophus ferrumequinum,0.028,0.028,-1,Echolocation,/mnt/ubna_data_02_mir/recover-20221013/UBNA_001/20221012_030000.WAV,Telephone Field,recover-20221013,001,1795
1335.2365,1335.244,23750,31742,Plecotus austriacus,0.01,0.022,-1,Echolocation,/mnt/ubna_data_02_mir/recover-20221013/UBNA_001/20221012_030000.WAV,Telephone Field,recover-20221013,001,1795
1335.2625,1335.3025,68437,82168,Rhinolophus ferrumequinum,0.022,0.022,-1,Echolocation,/mnt/ubna_data_02_mir/recover-20221013/UBNA_001/20221012_030000.WAV,Telephone Field,recover-20221013,001,1795
1335.2645,1335.2706,26328,36828,Plecotus auritus,0.01,0.031,-1,Echolocation,/mnt/ubna_data_02_mir/recover-20221013/UBNA_001/20221012_030000.WAV,Telephone Field,recover-20221013,001,1795
1335.2715,1335.3082,68437,81336,Rhinolophus ferrumequinum,0.023,0.023,-1,Echolocation,/mnt/ubna_data_02_mir/recover-20221013/UBNA_001/20221012_030000.WAV,Telephone Field,recover-20221013,001,1795
1335.2835,1335.3201,68437,82366,Rhinolophus ferrumequinum,0.027,0.027,-1,Echolocation,/mnt/ubna_data_02_mir/recover-20221013/UBNA_001/20221012_030000.WAV,Telephone Field,recover-20221013,001,1795
1335.3375,1335.373,68437,81819,Rhinolophus ferrumequinum,0.022,0.022,-1,Echolocation,/mnt/ubna_data_02_mir/recover-20221013/UBNA_001/20221012_030000.WAV,Telephone Field,recover-20221013,001,1795
1335.3525,1335.3921,68437,82101,Rhinolophus ferrumequinum,0.027,0.027,-1,Echolocation,/mnt/ubna_data_02_mir/recover-20221013/UBNA_001/20221012_030000.WAV,Telephone Field,recover-20221013,001,1795
1335.3695,1335.406,68437,81531,Rhinolophus ferrumequinum,0.034,0.034,-1,Echolocation,/mnt/ubna_data_02_mir/recover-20221013/UBNA_001/20221012_030000.WAV,Telephone Field,recover-20221013,001,1795
1335.3935,1335.4353,68437,82958,Rhinolophus ferrumequinum,0.053,0.053,-1,Echolocation,/mnt/ubna_data_02_mir/recover-20221013/UBNA_001/20221012_030000.WAV,Telephone Field,recover-20221013,001,1795
1335.4125,1335.4189,58125,64206,Pipistrellus pygmaeus,0.022,0.022,-1,Echolocation,/mnt/ubna_data_02_mir/recover-20221013/UBNA_001/20221012_030000.WAV,Telephone Field,recover-20221013,001,1795
1335.4265,1335.464,68437,82056,Rhinolophus ferrumequinum,0.024,0.024,-1,Echolocation,/mnt/ubna_data_02_mir/recover-20221013/UBNA_001/20221012_030000.WAV,Telephone Field,recover-20221013,001,1795
1335.4415,1335.4807,68437,82509,Rhinolophus ferrumequinum,0.023,0.023,-1,Echolocation,/mnt/ubna_data_02_mir/recover-20221013/UBNA_001/20221012_030000.WAV,Telephone Field,recover-20221013,001,1795
1335.4545,1335.4643,29765,38282,Eptesicus serotinus,0.01,0.026,-1,Echolocation,/mnt/ubna_data_02_mir/recover-20221013/UBNA_001/20221012_030000.WAV,Telephone Field,recover-20221013,001,1795
1335.4635,1335.5025,68437,81975,Rhinolophus ferrumequinum,0.024,0.024,-1,Echolocation,/mnt/ubna_data_02_mir/recover-20221013/UBNA_001/20221012_030000.WAV,Telephone Field,recover-20221013,001,1795
1335.5105,1335.5561,68437,83968,Rhinolophus ferrumequinum,0.045,0.045,-1,Echolocation,/mnt/ubna_data_02_mir/recover-20221013/UBNA_001/20221012_030000.WAV,Telephone Field,recover-20221013,001,1795
1335.5355,1335.5747,68437,82349,Rhinolophus ferrumequinum,0.029,0.029,-1,Echolocation,/mnt/ubna_data_02_mir/recover-20221013/UBNA_001/20221012_030000.WAV,Telephone Field,recover-20221013,001,1795
1335.6255,1335.6654,68437,82551,Rhinolophus ferrumequinum,0.025,0.025,-1,Echolocation,/mnt/ubna_data_02_mir/recover-20221013/UBNA_001/20221012_030000.WAV,Telephone Field,recover-20221013,001,1795
1335.6375,1335.6479,22890,28176,Nyctalus leisleri,0.011,0.025,-1,Echolocation,/mnt/ubna_data_02_mir/recover-20221013/UBNA_001/20221012_030000.WAV,Telephone Field,recover-20221013,001,1795
1335.6485,1335.6896,68437,82575,Rhinolophus ferrumequinum,0.038,0.038,-1,Echolocation,/mnt/ubna_data_02_mir/recover-20221013/UBNA_001/20221012_030000.WAV,Telephone Field,recover-20221013,001,1795
1335.7055,1335.7456,68437,81881,Rhinolophus ferrumequinum,0.022,0.022,-1,Echolocation,/mnt/ubna_data_02_mir/recover-20221013/UBNA_001/20221012_030000.WAV,Telephone Field,recover-20221013,001,1795
1335.7115,1335.7505,68437,82837,Rhinolophus ferrumequinum,0.022,0.022,-1,Echolocation,/mnt/ubna_data_02_mir/recover-20221013/UBNA_001/20221012_030000.WAV,Telephone Field,recover-20221013,001,1795
1335.7195,1335.7601,68437,82520,Rhinolophus ferrumequinum,0.022,0.022,-1,Echolocation,/mnt/ubna_data_02_mir/recover-20221013/UBNA_001/20221012_030000.WAV,Telephone Field,recover-20221013,001,1795
1335.7465,1335.7574,58125,63247,Pipistrellus pygmaeus,0.029,0.03,-1,Echolocation,/mnt/ubna_data_02_mir/recover-20221013/UBNA_001/20221012_030000.WAV,Telephone Field,recover-20221013,001,1795
1335.7575,1335.7959,68437,81883,Rhinolophus ferrumequinum,0.024,0.024,-1,Echolocation,/mnt/ubna_data_02_mir/recover-20221013/UBNA_001/20221012_030000.WAV,Telephone Field,recover-20221013,001,1795
1335.7695,1335.7771,22890,30872,Plecotus austriacus,0.01,0.022,-1,Echolocation,/mnt/ubna_data_02_mir/recover-20221013/UBNA_001/20221012_030000.WAV,Telephone Field,recover-20221013,001,1795
1335.8155,1335.8552,68437,81790,Rhinolophus ferrumequinum,0.028,0.028,-1,Echolocation,/mnt/ubna_data_02_mir/recover-20221013/UBNA_001/20221012_030000.WAV,Telephone Field,recover-20221013,001,1795
1335.8185,1335.8251,23750,33102,Plecotus austriacus,0.01,0.023,-1,Echolocation,/mnt/ubna_data_02_mir/recover-20221013/UBNA_001/20221012_030000.WAV,Telephone Field,recover-20221013,001,1795
1335.8265,1335.8633,68437,82305,Rhinolophus ferrumequinum,0.022,0.022,-1,Echolocation,/mnt/ubna_data_02_mir/recover-20221013/UBNA_001/20221012_030000.WAV,Telephone Field,recover-20221013,001,1795
1335.8745,1335.9138,68437,81898,Rhinolophus ferrumequinum,0.024,0.024,-1,Echolocation,/mnt/ubna_data_02_mir/recover-20221013/UBNA_001/20221012_030000.WAV,Telephone Field,recover-20221013,001,1795
1335.8985,1335.907,23750,31920,Plecotus austriacus,0.009,0.023,-1,Echolocation,/mnt/ubna_data_02_mir/recover-20221013/UBNA_001/20221012_030000.WAV,Telephone Field,recover-20221013,001,1795
1335.8995,1335.94,68437,82584,Rhinolophus ferrumequinum,0.04,0.04,-1,Echolocation,/mnt/ubna_data_02_mir/recover-20221013/UBNA_001/20221012_030000.WAV,Telephone Field,recover-20221013,001,1795
1335.9035,1335.9108,37500,44874,Barbastellus barbastellus,0.008,0.025,-1,Echolocation,/mnt/ubna_data_02_mir/recover-20221013/UBNA_001/20221012_030000.WAV,Telephone Field,recover-20221013,001,1795
1335.9295,1335.9692,68437,82394,Rhinolophus ferrumequinum,0.036,0.036,-1,Echolocation,/mnt/ubna_data_02_mir/recover-20221013/UBNA_001/20221012_030000.WAV,Telephone Field,recover-20221013,001,1795
1335.9435,1335.9834,68437,82974,Rhinolophus ferrumequinum,0.039,0.039,-1,Echolocation,/mnt/ubna_data_02_mir/recover-20221013/UBNA_001/20221012_030000.WAV,Telephone Field,recover-20221013,001,1795
1335.9485,1335.9583,25468,33047,Eptesicus serotinus,0.008,0.024,-1,Echolocation,/mnt/ubna_data_02_mir/recover-20221013/UBNA_001/20221012_030000.WAV,Telephone Field,recover-20221013,001,1795
1335.9705,1335.977,25468,39777,Plecotus austriacus,0.009,0.029,-1,Echolocation,/mnt/ubna_data_02_mir/recover-20221013/UBNA_001/20221012_030000.WAV,Telephone Field,recover-20221013,001,1795
1336.0015,1336.0103,22031,29263,Nyctalus leisleri,0.007,0.024,-1,Echolocation,/mnt/ubna_data_02_mir/recover-20221013/UBNA_001/20221012_030000.WAV,Telephone Field,recover-20221013,001,1795
1336.0015,1336.0335,68437,79931,Rhinolophus ferrumequinum,0.028,0.028,-1,Echolocation,/mnt/ubna_data_02_mir/recover-20221013/UBNA_001/20221012_030000.WAV,Telephone Field,recover-20221013,001,1795
1336.0015,1336.0097,27187,37867,Eptesicus serotinus,0.007,0.025,-1,Echolocation,/mnt/ubna_data_02_mir/recover-20221013/UBNA_001/20221012_030000.WAV,Telephone Field,recover-20221013,001,1795
1336.0015,1336.0125,46953,54182,Pipistrellus pipistrellus,0.021,0.028,-1,Echolocation,/mnt/ubna_data_02_mir/recover-20221013/UBNA_001/20221012_030000.WAV,Telephone Field,recover-20221013,001,1795
1336.0065,1336.045,68437,81815,Rhinolophus ferrumequinum,0.022,0.022,-1,Echolocation,/mnt/ubna_data_02_mir/recover-20221013/UBNA_001/20221012_030000.WAV,Telephone Field,recover-20221013,001,1795
1336.0315,1336.0418,23750,29865,Nyctalus leisleri,0.01,0.023,-1,Echolocation,/mnt/ubna_data_02_mir/recover-20221013/UBNA_001/20221012_030000.WAV,Telephone Field,recover-20221013,001,1795
1336.0425,1336.0503,24609,33269,Plecotus austriacus,0.01,0.024,-1,Echolocation,/mnt/ubna_data_02_mir/recover-20221013/UBNA_001/20221012_030000.WAV,Telephone Field,recover-20221013,001,1795
1336.0435,1336.051,28906,40769,Eptesicus serotinus,0.007,0.026,-1,Echolocation,/mnt/ubna_data_02_mir/recover-20221013/UBNA_001/20221012_030000.WAV,Telephone Field,recover-20221013,001,1795
1336.0675,1336.0746,27187,39743,Eptesicus serotinus,0.006,0.022,-1,Echolocation,/mnt/ubna_data_02_mir/recover-20221013/UBNA_001/20221012_030000.WAV,Telephone Field,recover-20221013,001,1795
1336.0835,1336.1251,68437,82693,Rhinolophus ferrumequinum,0.026,0.026,-1,Echolocation,/mnt/ubna_data_02_mir/recover-20221013/UBNA_001/20221012_030000.WAV,Telephone Field,recover-20221013,001,1795
1336.0895,1336.1308,68437,83069,Rhinolophus ferrumequinum,0.027,0.027,-1,Echolocation,/mnt/ubna_data_02_mir/recover-20221013/UBNA_001/20221012_030000.WAV,Telephone Field,recover-20221013,001,1795
1336.1035,1336.1414,68437,81991,Rhinolophus ferrumequinum,0.022,0.022,-1,Echolocation,/mnt/ubna_data_02_mir/recover-20221013/UBNA_001/20221012_030000.WAV,Telephone Field,recover-20221013,001,1795
1336.1145,1336.1542,68437,82281,Rhinolophus ferrumequinum,0.03,0.03,-1,Echolocation,/mnt/ubna_data_02_mir/recover-20221013/UBNA_001/20221012_030000.WAV,Telephone Field,recover-20221013,001,1795
1336.1605,1336.1681,27187,36229,Eptesicus serotinus,0.008,0.023,-1,Echolocation,/mnt/ubna_data_02_mir/recover-20221013/UBNA_001/20221012_030000.WAV,Telephone Field,recover-20221013,001,1795
1336.1955,1336.2328,68437,81724,Rhinolophus ferrumequinum,0.023,0.023,-1,Echolocation,/mnt/ubna_data_02_mir/recover-20221013/UBNA_001/20221012_030000.WAV,Telephone Field,recover-20221013,001,1795
1336.2085,1336.2491,68437,82525,Rhinolophus ferrumequinum,0.027,0.027,-1,Echolocation,/mnt/ubna_data_02_mir/recover-20221013/UBNA_001/20221012_030000.WAV,Telephone Field,recover-20221013,001,1795
1336.2395,1336.2772,68437,81975,Rhinolophus ferrumequinum,0.025,0.025,-1,Echolocation,/mnt/ubna_data_02_mir/recover-20221013/UBNA_001/20221012_030000.WAV,Telephone Field,recover-20221013,001,1795
1336.2595,1336.301,68437,82687,Rhinolophus ferrumequinum,0.025,0.025,-1,Echolocation,/mnt/ubna_data_02_mir/recover-20221013/UBNA_001/20221012_030000.WAV,Telephone Field,recover-20221013,001,1795
1336.2755,1336.3151,68437,82677,Rhinolophus ferrumequinum,0.023,0.023,-1,Echolocation,/mnt/ubna_data_02_mir/recover-20221013/UBNA_001/20221012_030000.WAV,Telephone Field,recover-20221013,001,1795
1336.2885,1336.3295,68437,83108,Rhinolophus ferrumequinum,0.025,0.025,-1,Echolocation,/mnt/ubna_data_02_mir/recover-20221013/UBNA_001/20221012_030000.WAV,Telephone Field,recover-20221013,001,1795
1336.2965,1336.3372,68437,82943,Rhinolophus ferrumequinum,0.025,0.025,-1,Echolocation,/mnt/ubna_data_02_mir/recover-20221013/UBNA_001/20221012_030000.WAV,Telephone Field,recover-20221013,001,1795
1336.3375,1336.3484,22031,27178,Nyctalus leisleri,0.011,0.025,-1,Echolocation,/mnt/ubna_data_02_mir/recover-20221013/UBNA_001/20221012_030000.WAV,Telephone Field,recover-20221013,001,1795
1336.3545,1336.391,68437,81027,Rhinolophus ferrumequinum,0.027,0.027,-1,Echolocation,/mnt/ubna_data_02_mir/recover-20221013/UBNA_001/20221012_030000.WAV,Telephone Field,recover-20221013,001,1795
1336.3845,1336.3975,28046,34051,Eptesicus serotinus,0.017,0.031,-1,Echolocation,/mnt/ubna_data_02_mir/recover-20221013/UBNA_001/20221012_030000.WAV,Telephone Field,recover-20221013,001,1795
1336.3875,1336.4288999999999,68437,82617,Rhinolophus ferrumequinum,0.021,0.021,-1,Echolocation,/mnt/ubna_data_02_mir/recover-20221013/UBNA_001/20221012_030000.WAV,Telephone Field,recover-20221013,001,1795
1336.4155,1336.4534,68437,81714,Rhinolophus ferrumequinum,0.024,0.024,-1,Echolocation,/mnt/ubna_data_02_mir/recover-20221013/UBNA_001/20221012_030000.WAV,Telephone Field,recover-20221013,001,1795
1336.4475,1336.4868,68437,82085,Rhinolophus ferrumequinum,0.028,0.028,-1,Echolocation,/mnt/ubna_data_02_mir/recover-20221013/UBNA_001/20221012_030000.WAV,Telephone Field,recover-20221013,001,1795
1336.4815,1336.5229,68437,82522,Rhinolophus ferrumequinum,0.029,0.029,-1,Echolocation,/mnt/ubna_data_02_mir/recover-20221013/UBNA_001/20221012_030000.WAV,Telephone Field,recover-20221013,001,1795
1336.4905,1336.5014,23750,29685,Nyctalus leisleri,0.014,0.032,-1,Echolocation,/mnt/ubna_data_02_mir/recover-20221013/UBNA_001/20221012_030000.WAV,Telephone Field,recover-20221013,001,1795
1336.4905,1336.5359,68437,83347,Rhinolophus ferrumequinum,0.032,0.032,-1,Echolocation,/mnt/ubna_data_02_mir/recover-20221013/UBNA_001/20221012_030000.WAV,Telephone Field,recover-20221013,001,1795
1336.5055,1336.5396,68437,80797,Rhinolophus ferrumequinum,0.027,0.027,-1,Echolocation,/mnt/ubna_data_02_mir/recover-20221013/UBNA_001/20221012_030000.WAV,Telephone Field,recover-20221013,001,1795
1336.5195,1336.5595,68437,82347,Rhinolophus ferrumequinum,0.025,0.025,-1,Echolocation,/mnt/ubna_data_02_mir/recover-20221013/UBNA_001/20221012_030000.WAV,Telephone Field,recover-20221013,001,1795
1336.5295,1336.5405,23750,29817,Nyctalus leisleri,0.01,0.025,-1,Echolocation,/mnt/ubna_data_02_mir/recover-20221013/UBNA_001/20221012_030000.WAV,Telephone Field,recover-20221013,001,1795
1336.5305,1336.57,68437,82270,Rhinolophus ferrumequinum,0.023,0.023,-1,Echolocation,/mnt/ubna_data_02_mir/recover-20221013/UBNA_001/20221012_030000.WAV,Telephone Field,recover-20221013,001,1795
1336.5795,1336.6189,68437,82365,Rhinolophus ferrumequinum,0.026,0.026,-1,Echolocation,/mnt/ubna_data_02_mir/recover-20221013/UBNA_001/20221012_030000.WAV,Telephone Field,recover-20221013,001,1795
1336.6155,1336.6538,68437,82083,Rhinolophus ferrumequinum,0.023,0.023,-1,Echolocation,/mnt/ubna_data_02_mir/recover-20221013/UBNA_001/20221012_030000.WAV,Telephone Field,recover-20221013,001,1795
1336.6185,1336.6277,46093,52903,Pipistrellus pipistrellus,0.024,0.026,-1,Echolocation,/mnt/ubna_data_02_mir/recover-20221013/UBNA_001/20221012_030000.WAV,Telephone Field,recover-20221013,001,1795
1336.6245,1336.6613,68437,81912,Rhinolophus ferrumequinum,0.022,0.022,-1,Echolocation,/mnt/ubna_data_02_mir/recover-20221013/UBNA_001/20221012_030000.WAV,Telephone Field,recover-20221013,001,1795
1336.6415,1336.6797,68437,81840,Rhinolophus ferrumequinum,0.031,0.031,-1,Echolocation,/mnt/ubna_data_02_mir/recover-20221013/UBNA_001/20221012_030000.WAV,Telephone Field,recover-20221013,001,1795
1336.6605,1336.6702,24609,32449,Nyctalus leisleri,0.008,0.026,-1,Echolocation,/mnt/ubna_data_02_mir/recover-20221013/UBNA_001/20221012_030000.WAV,Telephone Field,recover-20221013,001,1795
1336.6615,1336.6704,28906,37610,Eptesicus serotinus,0.009,0.025,-1,Echolocation,/mnt/ubna_data_02_mir/recover-20221013/UBNA_001/20221012_030000.WAV,Telephone Field,recover-20221013,001,1795
1336.6895,1336.7307,68437,82750,Rhinolophus ferrumequinum,0.027,0.027,-1,Echolocation,/mnt/ubna_data_02_mir/recover-20221013/UBNA_001/20221012_030000.WAV,Telephone Field,recover-20221013,001,1795
1336.7125,1336.7522,68437,82152,Rhinolophus ferrumequinum,0.023,0.023,-1,Echolocation,/mnt/ubna_data_02_mir/recover-20221013/UBNA_001/20221012_030000.WAV,Telephone Field,recover-20221013,001,1795
1336.7735,1336.7941,20312,23775,Nyctalus noctula,0.03,0.061,-1,Echolocation,/mnt/ubna_data_02_mir/recover-20221013/UBNA_001/20221012_030000.WAV,Telephone Field,recover-20221013,001,1795
1336.8035,1336.8431,68437,82267,Rhinolophus ferrumequinum,0.026,0.026,-1,Echolocation,/mnt/ubna_data_02_mir/recover-20221013/UBNA_001/20221012_030000.WAV,Telephone Field,recover-20221013,001,1795
1336.8225,1336.8617,68437,82464,Rhinolophus ferrumequinum,0.023,0.023,-1,Echolocation,/mnt/ubna_data_02_mir/recover-20221013/UBNA_001/20221012_030000.WAV,Telephone Field,recover-20221013,001,1795
1336.8265,1336.8348,28046,42638,Eptesicus serotinus,0.008,0.023,-1,Echolocation,/mnt/ubna_data_02_mir/recover-20221013/UBNA_001/20221012_030000.WAV,Telephone Field,recover-20221013,001,1795
1336.8605,1336.8980999999999,68437,82230,Rhinolophus ferrumequinum,0.023,0.023,-1,Echolocation,/mnt/ubna_data_02_mir/recover-20221013/UBNA_001/20221012_030000.WAV,Telephone Field,recover-20221013,001,1795
1336.8685,1336.8782,26328,34061,Eptesicus serotinus,0.018,0.04,-1,Echolocation,/mnt/ubna_data_02_mir/recover-20221013/UBNA_001/20221012_030000.WAV,Telephone Field,recover-20221013,001,1795
1336.8865,1336.9265,68437,82740,Rhinolophus ferrumequinum,0.028,0.028,-1,Echolocation,/mnt/ubna_data_02_mir/recover-20221013/UBNA_001/20221012_030000.WAV,Telephone Field,recover-20221013,001,1795
1336.8945,1336.9017,28046,39131,Eptesicus serotinus,0.007,0.024,-1,Echolocation,/mnt/ubna_data_02_mir/recover-20221013/UBNA_001/20221012_030000.WAV,Telephone Field,recover-20221013,001,1795
1336.9145,1336.9523,68437,81727,Rhinolophus ferrumequinum,0.023,0.023,-1,Echolocation,/mnt/ubna_data_02_mir/recover-20221013/UBNA_001/20221012_030000.WAV,Telephone Field,recover-20221013,001,1795
1336.9305,1336.9385,23750,32182,Plecotus austriacus,0.009,0.023,-1,Echolocation,/mnt/ubna_data_02_mir/recover-20221013/UBNA_001/20221012_030000.WAV,Telephone Field,recover-20221013,001,1795
1336.9395,1336.9788,68437,82407,Rhinolophus ferrumequinum,0.022,0.022,-1,Echolocation,/mnt/ubna_data_02_mir/recover-20221013/UBNA_001/20221012_030000.WAV,Telephone Field,recover-20221013,001,1795
1336.9515,1336.9628,22031,26505,Nyctalus leisleri,0.013,0.023,-1,Echolocation,/mnt/ubna_data_02_mir/recover-20221013/UBNA_001/20221012_030000.WAV,Telephone Field,recover-20221013,001,1795
1336.9565,1336.9949,68437,82205,Rhinolophus ferrumequinum,0.022,0.022,-1,Echolocation,/mnt/ubna_data_02_mir/recover-20221013/UBNA_001/20221012_030000.WAV,Telephone Field,recover-20221013,001,1795
1336.9785,1337.0211,68437,82878,Rhinolophus ferrumequinum,0.028,0.028,-1,Echolocation,/mnt/ubna_data_02_mir/recover-20221013/UBNA_001/20221012_030000.WAV,Telephone Field,recover-20221013,001,1795
1337.0085,1337.0164,28906,38338,Eptesicus serotinus,0.007,0.022,-1,Echolocation,/mnt/ubna_data_02_mir/recover-20221013/UBNA_001/20221012_030000.WAV,Telephone Field,recover-20221013,001,1795
1337.0195,1337.0279,28906,37671,Eptesicus serotinus,0.008,0.022,-1,Echolocation,/mnt/ubna_data_02_mir/recover-20221013/UBNA_001/20221012_030000.WAV,Telephone Field,recover-20221013,001,1795
1337.0345,1337.073,68437,81298,Rhinolophus ferrumequinum,0.03,0.03,-1,Echolocation,/mnt/ubna_data_02_mir/recover-20221013/UBNA_001/20221012_030000.WAV,Telephone Field,recover-20221013,001,1795
1337.0495,1337.061,22890,27357,Nyctalus leisleri,0.016,0.029,-1,Echolocation,/mnt/ubna_data_02_mir/recover-20221013/UBNA_001/20221012_030000.WAV,Telephone Field,recover-20221013,001,1795
1337.0675,1337.1035,68437,81756,Rhinolophus ferrumequinum,0.021,0.021,-1,Echolocation,/mnt/ubna_data_02_mir/recover-20221013/UBNA_001/20221012_030000.WAV,Telephone Field,recover-20221013,001,1795
1337.0745,1337.1132,68437,81909,Rhinolophus ferrumequinum,0.022,0.022,-1,Echolocation,/mnt/ubna_data_02_mir/recover-20221013/UBNA_001/20221012_030000.WAV,Telephone Field,recover-20221013,001,1795
1337.0865,1337.1276,68437,81946,Rhinolophus ferrumequinum,0.023,0.023,-1,Echolocation,/mnt/ubna_data_02_mir/recover-20221013/UBNA_001/20221012_030000.WAV,Telephone Field,recover-20221013,001,1795
1337.0975,1337.108,23750,29789,Nyctalus leisleri,0.01,0.023,-1,Echolocation,/mnt/ubna_data_02_mir/recover-20221013/UBNA_001/20221012_030000.WAV,Telephone Field,recover-20221013,001,1795
1337.1035,1337.1146,23750,28833,Nyctalus leisleri,0.01,0.022,-1,Echolocation,/mnt/ubna_data_02_mir/recover-20221013/UBNA_001/20221012_030000.WAV,Telephone Field,recover-20221013,001,1795
1337.1075,1337.1398,68437,80118,Rhinolophus ferrumequinum,0.022,0.022,-1,Echolocation,/mnt/ubna_data_02_mir/recover-20221013/UBNA_001/20221012_030000.WAV,Telephone Field,recover-20221013,001,1795
1337.1455,1337.1568,44375,48873,Pipistrellus pipistrellus,0.036,0.039,-1,Echolocation,/mnt/ubna_data_02_mir/recover-20221013/UBNA_001/20221012_030000.WAV,Telephone Field,recover-20221013,001,1795
1337.1485,1337.19,68437,83024,Rhinolophus ferrumequinum,0.024,0.024,-1,Echolocation,/mnt/ubna_data_02_mir/recover-20221013/UBNA_001/20221012_030000.WAV,Telephone Field,recover-20221013,001,1795
1337.2015,1337.2423,68437,82208,Rhinolophus ferrumequinum,0.022,0.022,-1,Echolocation,/mnt/ubna_data_02_mir/recover-20221013/UBNA_001/20221012_030000.WAV,Telephone Field,recover-20221013,001,1795
1337.2205,1337.2613,68437,83097,Rhinolophus ferrumequinum,0.024,0.024,-1,Echolocation,/mnt/ubna_data_02_mir/recover-20221013/UBNA_001/20221012_030000.WAV,Telephone Field,recover-20221013,001,1795
1337.2775,1337.287,22031,28511,Plecotus austriacus,0.008,0.022,-1,Echolocation,/mnt/ubna_data_02_mir/recover-20221013/UBNA_001/20221012_030000.WAV,Telephone Field,recover-20221013,001,1795
1337.2985,1337.3069,28906,39192,Eptesicus serotinus,0.01,0.026,-1,Echolocation,/mnt/ubna_data_02_mir/recover-20221013/UBNA_001/20221012_030000.WAV,Telephone Field,recover-20221013,001,1795
1337.3325,1337.3731,68437,82312,Rhinolophus ferrumequinum,0.034,0.034,-1,Echolocation,/mnt/ubna_data_02_mir/recover-20221013/UBNA_001/20221012_030000.WAV,Telephone Field,recover-20221013,001,1795
1337.3475,1337.3805,68437,81145,Rhinolophus ferrumequinum,0.021,0.021,-1,Echolocation,/mnt/ubna_data_02_mir/recover-20221013/UBNA_001/20221012_030000.WAV,Telephone Field,recover-20221013,001,1795
1337.3525,1337.364,22031,25880,Nyctalus leisleri,0.013,0.023,-1,Echolocation,/mnt/ubna_data_02_mir/recover-20221013/UBNA_001/20221012_030000.WAV,Telephone Field,recover-20221013,001,1795
1337.4275,1337.4652,68437,82009,Rhinolophus ferrumequinum,0.021,0.021,-1,Echolocation,/mnt/ubna_data_02_mir/recover-20221013/UBNA_001/20221012_030000.WAV,Telephone Field,recover-20221013,001,1795
1337.4435,1337.4822,68437,81918,Rhinolophus ferrumequinum,0.025,0.025,-1,Echolocation,/mnt/ubna_data_02_mir/recover-20221013/UBNA_001/20221012_030000.WAV,Telephone Field,recover-20221013,001,1795
1337.4805,1337.5218,68437,82938,Rhinolophus ferrumequinum,0.028,0.028,-1,Echolocation,/mnt/ubna_data_02_mir/recover-20221013/UBNA_001/20221012_030000.WAV,Telephone Field,recover-20221013,001,1795
1337.5105,1337.5201,28906,37686,Eptesicus serotinus,0.01,0.023,-1,Echolocation,/mnt/ubna_data_02_mir/recover-20221013/UBNA_001/20221012_030000.WAV,Telephone Field,recover-20221013,001,1795
1337.5145,1337.5227,22890,30092,Plecotus austriacus,0.008,0.022,-1,Echolocation,/mnt/ubna_data_02_mir/recover-20221013/UBNA_001/20221012_030000.WAV,Telephone Field,recover-20221013,001,1795
1337.5855,1337.5965,28046,35648,Eptesicus serotinus,0.016,0.028,-1,Echolocation,/mnt/ubna_data_02_mir/recover-20221013/UBNA_001/20221012_030000.WAV,Telephone Field,recover-20221013,001,1795
1337.5985,1337.6406,68437,83221,Rhinolophus ferrumequinum,0.027,0.027,-1,Echolocation,/mnt/ubna_data_02_mir/recover-20221013/UBNA_001/20221012_030000.WAV,Telephone Field,recover-20221013,001,1795
1337.6495,1337.6877,68437,81808,Rhinolophus ferrumequinum,0.023,0.023,-1,Echolocation,/mnt/ubna_data_02_mir/recover-20221013/UBNA_001/20221012_030000.WAV,Telephone Field,recover-20221013,001,1795
1337.6555,1337.6942,68437,82322,Rhinolophus ferrumequinum,0.023,0.023,-1,Echolocation,/mnt/ubna_data_02_mir/recover-20221013/UBNA_001/20221012_030000.WAV,Telephone Field,recover-20221013,001,1795
1337.6685,1337.7081,68437,82201,Rhinolophus ferrumequinum,0.023,0.023,-1,Echolocation,/mnt/ubna_data_02_mir/recover-20221013/UBNA_001/20221012_030000.WAV,Telephone Field,recover-20221013,001,1795
1337.7125,1337.7211,28046,40608,Eptesicus serotinus,0.008,0.024,-1,Echolocation,/mnt/ubna_data_02_mir/recover-20221013/UBNA_001/20221012_030000.WAV,Telephone Field,recover-20221013,001,1795
1337.7265,1337.762,68437,81429,Rhinolophus ferrumequinum,0.024,0.024,-1,Echolocation,/mnt/ubna_data_02_mir/recover-20221013/UBNA_001/20221012_030000.WAV,Telephone Field,recover-20221013,001,1795
1337.7445,1337.7798,68437,81718,Rhinolophus ferrumequinum,0.023,0.023,-1,Echolocation,/mnt/ubna_data_02_mir/recover-20221013/UBNA_001/20221012_030000.WAV,Telephone Field,recover-20221013,001,1795
1337.7585,1337.7978,68437,82340,Rhinolophus ferrumequinum,0.022,0.022,-1,Echolocation,/mnt/ubna_data_02_mir/recover-20221013/UBNA_001/20221012_030000.WAV,Telephone Field,recover-20221013,001,1795
1337.7725,1337.8122,68437,82205,Rhinolophus ferrumequinum,0.022,0.022,-1,Echolocation,/mnt/ubna_data_02_mir/recover-20221013/UBNA_001/20221012_030000.WAV,Telephone Field,recover-20221013,001,1795
1337.7835,1337.8253,68437,83165,Rhinolophus ferrumequinum,0.029,0.029,-1,Echolocation,/mnt/ubna_data_02_mir/recover-20221013/UBNA_001/20221012_030000.WAV,Telephone Field,recover-20221013,001,1795
1337.8165,1337.826,51250,58161,Pipistrellus pipistrellus,0.022,0.028,-1,Echolocation,/mnt/ubna_data_02_mir/recover-20221013/UBNA_001/20221012_030000.WAV,Telephone Field,recover-20221013,001,1795
1337.8405,1337.8487,24609,32650,Plecotus austriacus,0.008,0.023,-1,Echolocation,/mnt/ubna_data_02_mir/recover-20221013/UBNA_001/20221012_030000.WAV,Telephone Field,recover-20221013,001,1795
1337.8405,1337.8802,68437,82072,Rhinolophus ferrumequinum,0.023,0.023,-1,Echolocation,/mnt/ubna_data_02_mir/recover-20221013/UBNA_001/20221012_030000.WAV,Telephone Field,recover-20221013,001,1795
1337.8425,1337.8646,18593,21500,Nyctalus noctula,0.016,0.028,-1,Echolocation,/mnt/ubna_data_02_mir/recover-20221013/UBNA_001/20221012_030000.WAV,Telephone Field,recover-20221013,001,1795
1337.8705,1337.9081,68437,81095,Rhinolophus ferrumequinum,0.023,0.023,-1,Echolocation,/mnt/ubna_data_02_mir/recover-20221013/UBNA_001/20221012_030000.WAV,Telephone Field,recover-20221013,001,1795
1337.8795,1337.9178,68437,82350,Rhinolophus ferrumequinum,0.027,0.027,-1,Echolocation,/mnt/ubna_data_02_mir/recover-20221013/UBNA_001/20221012_030000.WAV,Telephone Field,recover-20221013,001,1795
1337.9005,1337.9085,35781,42590,Barbastellus barbastellus,0.012,0.03,-1,Echolocation,/mnt/ubna_data_02_mir/recover-20221013/UBNA_001/20221012_030000.WAV,Telephone Field,recover-20221013,001,1795
1337.9395,1337.9777,68437,81861,Rhinolophus ferrumequinum,0.028,0.028,-1,Echolocation,/mnt/ubna_data_02_mir/recover-20221013/UBNA_001/20221012_030000.WAV,Telephone Field,recover-20221013,001,1795
1337.9485,1337.9894,68437,82171,Rhinolophus ferrumequinum,0.025,0.025,-1,Echolocation,/mnt/ubna_data_02_mir/recover-20221013/UBNA_001/20221012_030000.WAV,Telephone Field,recover-20221013,001,1795
1338.0015,1338.0348,68437,80183,Rhinolophus ferrumequinum,0.028,0.028,-1,Echolocation,/mnt/ubna_data_02_mir/recover-20221013/UBNA_001/20221012_030000.WAV,Telephone Field,recover-20221013,001,1795
1338.0105,1338.0551,68437,82615,Rhinolophus ferrumequinum,0.038,0.038,-1,Echolocation,/mnt/ubna_data_02_mir/recover-20221013/UBNA_001/20221012_030000.WAV,Telephone Field,recover-20221013,001,1795
1338.0175,1338.026,28906,40999,Eptesicus serotinus,0.008,0.022,-1,Echolocation,/mnt/ubna_data_02_mir/recover-20221013/UBNA_001/20221012_030000.WAV,Telephone Field,recover-20221013,001,1795
1338.0305,1338.0673,68437,82677,Rhinolophus ferrumequinum,0.03,0.03,-1,Echolocation,/mnt/ubna_data_02_mir/recover-20221013/UBNA_001/20221012_030000.WAV,Telephone Field,recover-20221013,001,1795
1338.0615,1338.1012,68437,83124,Rhinolophus ferrumequinum,0.031,0.031,-1,Echolocation,/mnt/ubna_data_02_mir/recover-20221013/UBNA_001/20221012_030000.WAV,Telephone Field,recover-20221013,001,1795
1338.0625,1338.0706,28906,41229,Eptesicus serotinus,0.009,0.023,-1,Echolocation,/mnt/ubna_data_02_mir/recover-20221013/UBNA_001/20221012_030000.WAV,Telephone Field,recover-20221013,001,1795
1338.0635,1338.0713,33203,43058,Myotis daubentonii,0.006,0.023,-1,Echolocation,/mnt/ubna_data_02_mir/recover-20221013/UBNA_001/20221012_030000.WAV,Telephone Field,recover-20221013,001,1795
1338.0895,1338.1266,68437,82307,Rhinolophus ferrumequinum,0.023,0.023,-1,Echolocation,/mnt/ubna_data_02_mir/recover-20221013/UBNA_001/20221012_030000.WAV,Telephone Field,recover-20221013,001,1795
1338.1015,1338.1368,68437,81465,Rhinolophus ferrumequinum,0.023,0.024,-1,Echolocation,/mnt/ubna_data_02_mir/recover-20221013/UBNA_001/20221012_030000.WAV,Telephone Field,recover-20221013,001,1795
1338.1015,1338.1085,23750,35589,Plecotus austriacus,0.017,0.038,-1,Echolocation,/mnt/ubna_data_02_mir/recover-20221013/UBNA_001/20221012_030000.WAV,Telephone Field,recover-20221013,001,1795
1338.1165,1338.1293,22890,27636,Nyctalus leisleri,0.015,0.03,-1,Echolocation,/mnt/ubna_data_02_mir/recover-20221013/UBNA_001/20221012_030000.WAV,Telephone Field,recover-20221013,001,1795
1338.1195,1338.1582,68437,82546,Rhinolophus ferrumequinum,0.023,0.023,-1,Echolocation,/mnt/ubna_data_02_mir/recover-20221013/UBNA_001/20221012_030000.WAV,Telephone Field,recover-20221013,001,1795
1338.1485,1338.1862,68437,82529,Rhinolophus ferrumequinum,0.022,0.022,-1,Echolocation,/mnt/ubna_data_02_mir/recover-20221013/UBNA_001/20221012_030000.WAV,Telephone Field,recover-20221013,001,1795
1338.1755,1338.1826,28046,40648,Eptesicus serotinus,0.007,0.023,-1,Echolocation,/mnt/ubna_data_02_mir/recover-20221013/UBNA_001/20221012_030000.WAV,Telephone Field,recover-20221013,001,1795
1338.2335,1338.272,68437,81806,Rhinolophus ferrumequinum,0.022,0.022,-1,Echolocation,/mnt/ubna_data_02_mir/recover-20221013/UBNA_001/20221012_030000.WAV,Telephone Field,recover-20221013,001,1795
1338.2965,1338.303,24609,39049,Plecotus austriacus,0.008,0.025,-1,Echolocation,/mnt/ubna_data_02_mir/recover-20221013/UBNA_001/20221012_030000.WAV,Telephone Field,recover-20221013,001,1795
1338.3645,1338.4008,68437,82462,Rhinolophus ferrumequinum,0.023,0.023,-1,Echolocation,/mnt/ubna_data_02_mir/recover-20221013/UBNA_001/20221012_030000.WAV,Telephone Field,recover-20221013,001,1795
1338.3795,1338.4162,68437,82106,Rhinolophus ferrumequinum,0.024,0.024,-1,Echolocation,/mnt/ubna_data_02_mir/recover-20221013/UBNA_001/20221012_030000.WAV,Telephone Field,recover-20221013,001,1795
1338.3855,1338.423,68437,82393,Rhinolophus ferrumequinum,0.023,0.023,-1,Echolocation,/mnt/ubna_data_02_mir/recover-20221013/UBNA_001/20221012_030000.WAV,Telephone Field,recover-20221013,001,1795
1338.4035,1338.414,28046,36070,Eptesicus serotinus,0.012,0.025,-1,Echolocation,/mnt/ubna_data_02_mir/recover-20221013/UBNA_001/20221012_030000.WAV,Telephone Field,recover-20221013,001,1795
1338.4265,1338.463,68437,81856,Rhinolophus ferrumequinum,0.023,0.023,-1,Echolocation,/mnt/ubna_data_02_mir/recover-20221013/UBNA_001/20221012_030000.WAV,Telephone Field,recover-20221013,001,1795
1338.4355,1338.454,20312,23168,Nyctalus leisleri,0.017,0.029,-1,Echolocation,/mnt/ubna_data_02_mir/recover-20221013/UBNA_001/20221012_030000.WAV,Telephone Field,recover-20221013,001,1795
1338.4805,1338.5153,68437,81820,Rhinolophus ferrumequinum,0.022,0.022,-1,Echolocation,/mnt/ubna_data_02_mir/recover-20221013/UBNA_001/20221012_030000.WAV,Telephone Field,recover-20221013,001,1795
1338.5135,1338.5523,68437,82602,Rhinolophus ferrumequinum,0.043,0.043,-1,Echolocation,/mnt/ubna_data_02_mir/recover-20221013/UBNA_001/20221012_030000.WAV,Telephone Field,recover-20221013,001,1795
1338.5465,1338.5576,22890,27834,Nyctalus leisleri,0.011,0.023,-1,Echolocation,/mnt/ubna_data_02_mir/recover-20221013/UBNA_001/20221012_030000.WAV,Telephone Field,recover-20221013,001,1795
1338.5695,1338.6103,68437,82318,Rhinolophus ferrumequinum,0.022,0.022,-1,Echolocation,/mnt/ubna_data_02_mir/recover-20221013/UBNA_001/20221012_030000.WAV,Telephone Field,recover-20221013,001,1795
1338.5965,1338.6062,25468,33674,Eptesicus serotinus,0.012,0.028,-1,Echolocation,/mnt/ubna_data_02_mir/recover-20221013/UBNA_001/20221012_030000.WAV,Telephone Field,recover-20221013,001,1795
1338.6255,1338.6369,23750,29836,Nyctalus leisleri,0.011,0.025,-1,Echolocation,/mnt/ubna_data_02_mir/recover-20221013/UBNA_001/20221012_030000.WAV,Telephone Field,recover-20221013,001,1795
1338.6295,1338.6661,68437,81561,Rhinolophus ferrumequinum,0.025,0.025,-1,Echolocation,/mnt/ubna_data_02_mir/recover-20221013/UBNA_001/20221012_030000.WAV,Telephone Field,recover-20221013,001,1795
1338.6565,1338.6663,25468,33575,Eptesicus serotinus,0.01,0.027,-1,Echolocation,/mnt/ubna_data_02_mir/recover-20221013/UBNA_001/20221012_030000.WAV,Telephone Field,recover-20221013,001,1795
1338.6705,1338.679,28906,36970,Eptesicus serotinus,0.017,0.036,-1,Echolocation,/mnt/ubna_data_02_mir/recover-20221013/UBNA_001/20221012_030000.WAV,Telephone Field,recover-20221013,001,1795
1338.7385,1338.7774,68437,81822,Rhinolophus ferrumequinum,0.023,0.023,-1,Echolocation,/mnt/ubna_data_02_mir/recover-20221013/UBNA_001/20221012_030000.WAV,Telephone Field,recover-20221013,001,1795
1338.7695,1338.7836,31484,37505,Eptesicus serotinus,0.02,0.037,-1,Echolocation,/mnt/ubna_data_02_mir/recover-20221013/UBNA_001/20221012_030000.WAV,Telephone Field,recover-20221013,001,1795
1338.7875,1338.8223,68437,80758,Rhinolophus ferrumequinum,0.022,0.022,-1,Echolocation,/mnt/ubna_data_02_mir/recover-20221013/UBNA_001/20221012_030000.WAV,Telephone Field,recover-20221013,001,1795
1338.7925,1338.8304,68437,81745,Rhinolophus ferrumequinum,0.023,0.023,-1,Echolocation,/mnt/ubna_data_02_mir/recover-20221013/UBNA_001/20221012_030000.WAV,Telephone Field,recover-20221013,001,1795
1338.7975,1338.833,68437,82215,Rhinolophus ferrumequinum,0.023,0.024,-1,Echolocation,/mnt/ubna_data_02_mir/recover-20221013/UBNA_001/20221012_030000.WAV,Telephone Field,recover-20221013,001,1795
1338.8065,1338.8156,25468,32530,Eptesicus serotinus,0.008,0.023,-1,Echolocation,/mnt/ubna_data_02_mir/recover-20221013/UBNA_001/20221012_030000.WAV,Telephone Field,recover-20221013,001,1795
1338.8275,1338.8655,68437,82851,Rhinolophus ferrumequinum,0.025,0.025,-1,Echolocation,/mnt/ubna_data_02_mir/recover-20221013/UBNA_001/20221012_030000.WAV,Telephone Field,recover-20221013,001,1795
1338.8525,1338.8604,23750,33423,Plecotus austriacus,0.016,0.035,-1,Echolocation,/mnt/ubna_data_02_mir/recover-20221013/UBNA_001/20221012_030000.WAV,Telephone Field,recover-20221013,001,1795
1338.8885,1338.9241,68437,81802,Rhinolophus ferrumequinum,0.022,0.022,-1,Echolocation,/mnt/ubna_data_02_mir/recover-20221013/UBNA_001/20221012_030000.WAV,Telephone Field,recover-20221013,001,1795
1338.9025,1338.941,68437,82022,Rhinolophus ferrumequinum,0.023,0.023,-1,Echolocation,/mnt/ubna_data_02_mir/recover-20221013/UBNA_001/20221012_030000.WAV,Telephone Field,recover-20221013,001,1795
1338.9365,1338.9764,68437,82699,Rhinolophus ferrumequinum,0.026,0.026,-1,Echolocation,/mnt/ubna_data_02_mir/recover-20221013/UBNA_001/20221012_030000.WAV,Telephone Field,recover-20221013,001,1795
1338.9385,1338.9446,25468,42784,Plecotus austriacus,0.007,0.028,-1,Echolocation,/mnt/ubna_data_02_mir/recover-20221013/UBNA_001/20221012_030000.WAV,Telephone Field,recover-20221013,001,1795
1338.9645,1338.973,28046,39181,Eptesicus serotinus,0.01,0.025,-1,Echolocation,/mnt/ubna_data_02_mir/recover-20221013/UBNA_001/20221012_030000.WAV,Telephone Field,recover-20221013,001,1795
1338.9925,1339.0331,68437,82523,Rhinolophus ferrumequinum,0.024,0.024,-1,Echolocation,/mnt/ubna_data_02_mir/recover-20221013/UBNA_001/20221012_030000.WAV,Telephone Field,recover-20221013,001,1795
1339.0135,1339.0555,68437,83287,Rhinolophus ferrumequinum,0.03,0.03,-1,Echolocation,/mnt/ubna_data_02_mir/recover-20221013/UBNA_001/20221012_030000.WAV,Telephone Field,recover-20221013,001,1795
1339.0465,1339.0851,68437,82612,Rhinolophus ferrumequinum,0.026,0.026,-1,Echolocation,/mnt/ubna_data_02_mir/recover-20221013/UBNA_001/20221012_030000.WAV,Telephone Field,recover-20221013,001,1795
1339.0485,1339.0542,23750,37593,Plecotus austriacus,0.024,0.045,-1,Echolocation,/mnt/ubna_data_02_mir/recover-20221013/UBNA_001/20221012_030000.WAV,Telephone Field,recover-20221013,001,1795
1339.0555,1339.0956,68437,82606,Rhinolophus ferrumequinum,0.026,0.026,-1,Echolocation,/mnt/ubna_data_02_mir/recover-20221013/UBNA_001/20221012_030000.WAV,Telephone Field,recover-20221013,001,1795
1339.0605,1339.0677,28046,38646,Eptesicus serotinus,0.008,0.022,-1,Echolocation,/mnt/ubna_data_02_mir/recover-20221013/UBNA_001/20221012_030000.WAV,Telephone Field,recover-20221013,001,1795
1339.1055,1339.1464,68437,82693,Rhinolophus ferrumequinum,0.024,0.024,-1,Echolocation,/mnt/ubna_data_02_mir/recover-20221013/UBNA_001/20221012_030000.WAV,Telephone Field,recover-20221013,001,1795
1339.1175,1339.1256,25468,34623,Eptesicus serotinus,0.008,0.023,-1,Echolocation,/mnt/ubna_data_02_mir/recover-20221013/UBNA_001/20221012_030000.WAV,Telephone Field,recover-20221013,001,1795
1339.1375,1339.1792,68437,83233,Rhinolophus ferrumequinum,0.026,0.026,-1,Echolocation,/mnt/ubna_data_02_mir/recover-20221013/UBNA_001/20221012_030000.WAV,Telephone Field,recover-20221013,001,1795
1339.1585,1339.1934,68437,82150,Rhinolophus ferrumequinum,0.023,0.023,-1,Echolocation,/mnt/ubna_data_02_mir/recover-20221013/UBNA_001/20221012_030000.WAV,Telephone Field,recover-20221013,001,1795
1339.1595,1339.1668,38359,46953,Myotis daubentonii,0.007,0.022,-1,Echolocation,/mnt/ubna_data_02_mir/recover-20221013/UBNA_001/20221012_030000.WAV,Telephone Field,recover-20221013,001,1795
1339.2255,1339.2328,23750,32828,Plecotus austriacus,0.01,0.023,-1,Echolocation,/mnt/ubna_data_02_mir/recover-20221013/UBNA_001/20221012_030000.WAV,Telephone Field,recover-20221013,001,1795
1339.2875,1339.3242,68437,82059,Rhinolophus ferrumequinum,0.022,0.022,-1,Echolocation,/mnt/ubna_data_02_mir/recover-20221013/UBNA_001/20221012_030000.WAV,Telephone Field,recover-20221013,001,1795
1339.2925,1339.3037,34921,40088,Barbastellus barbastellus,0.005,0.026,-1,Echolocation,/mnt/ubna_data_02_mir/recover-20221013/UBNA_001/20221012_030000.WAV,Telephone Field,recover-20221013,001,1795
1339.2935,1339.3315,68437,82080,Rhinolophus ferrumequinum,0.023,0.023,-1,Echolocation,/mnt/ubna_data_02_mir/recover-20221013/UBNA_001/20221012_030000.WAV,Telephone Field,recover-20221013,001,1795
1339.3125,1339.3518,68437,82947,Rhinolophus ferrumequinum,0.026,0.026,-1,Echolocation,/mnt/ubna_data_02_mir/recover-20221013/UBNA_001/20221012_030000.WAV,Telephone Field,recover-20221013,001,1795
1339.3535,1339.3956,68437,82333,Rhinolophus ferrumequinum,0.024,0.024,-1,Echolocation,/mnt/ubna_data_02_mir/recover-20221013/UBNA_001/20221012_030000.WAV,Telephone Field,recover-20221013,001,1795
1339.3595,1339.3681,24609,32864,Nyctalus leisleri,0.006,0.026,-1,Echolocation,/mnt/ubna_data_02_mir/recover-20221013/UBNA_001/20221012_030000.WAV,Telephone Field,recover-20221013,001,1795
1339.4015,1339.439,68437,81646,Rhinolophus ferrumequinum,0.022,0.022,-1,Echolocation,/mnt/ubna_data_02_mir/recover-20221013/UBNA_001/20221012_030000.WAV,Telephone Field,recover-20221013,001,1795
1339.4065,1339.4442,68437,81743,Rhinolophus ferrumequinum,0.022,0.022,-1,Echolocation,/mnt/ubna_data_02_mir/recover-20221013/UBNA_001/20221012_030000.WAV,Telephone Field,recover-20221013,001,1795
1339.4165,1339.4247,35781,42859,Barbastellus barbastellus,0.014,0.037,-1,Echolocation,/mnt/ubna_data_02_mir/recover-20221013/UBNA_001/20221012_030000.WAV,Telephone Field,recover-20221013,001,1795
1339.4195,1339.4259,24609,40139,Plecotus austriacus,0.008,0.024,-1,Echolocation,/mnt/ubna_data_02_mir/recover-20221013/UBNA_001/20221012_030000.WAV,Telephone Field,recover-20221013,001,1795
1339.4215,1339.4553,68437,81108,Rhinolophus ferrumequinum,0.022,0.022,-1,Echolocation,/mnt/ubna_data_02_mir/recover-20221013/UBNA_001/20221012_030000.WAV,Telephone Field,recover-20221013,001,1795
1339.4605,1339.4993,68437,82585,Rhinolophus ferrumequinum,0.022,0.022,-1,Echolocation,/mnt/ubna_data_02_mir/recover-20221013/UBNA_001/20221012_030000.WAV,Telephone Field,recover-20221013,001,1795
1339.5075,1339.5442,68437,81904,Rhinolophus ferrumequinum,0.022,0.022,-1,Echolocation,/mnt/ubna_data_02_mir/recover-20221013/UBNA_001/20221012_030000.WAV,Telephone Field,recover-20221013,001,1795
1339.5165,1339.5504,68437,80699,Rhinolophus ferrumequinum,0.023,0.023,-1,Echolocation,/mnt/ubna_data_02_mir/recover-20221013/UBNA_001/20221012_030000.WAV,Telephone Field,recover-20221013,001,1795
1339.5185,1339.5277,26328,35436,Eptesicus serotinus,0.01,0.024,-1,Echolocation,/mnt/ubna_data_02_mir/recover-20221013/UBNA_001/20221012_030000.WAV,Telephone Field,recover-20221013,001,1795
1339.5245,1339.5332,27187,37313,Eptesicus serotinus,0.01,0.023,-1,Echolocation,/mnt/ubna_data_02_mir/recover-20221013/UBNA_001/20221012_030000.WAV,Telephone Field,recover-20221013,001,1795
1339.5495,1339.5621,23750,28181,Nyctalus leisleri,0.131,0.262,-1,Echolocation,/mnt/ubna_data_02_mir/recover-20221013/UBNA_001/20221012_030000.WAV,Telephone Field,recover-20221013,001,1795
1339.5585,1339.5962,68437,82467,Rhinolophus ferrumequinum,0.023,0.023,-1,Echolocation,/mnt/ubna_data_02_mir/recover-20221013/UBNA_001/20221012_030000.WAV,Telephone Field,recover-20221013,001,1795
1339.5645,1339.6006,68437,81669,Rhinolophus ferrumequinum,0.023,0.023,-1,Echolocation,/mnt/ubna_data_02_mir/recover-20221013/UBNA_001/20221012_030000.WAV,Telephone Field,recover-20221013,001,1795
1339.5755,1339.6139,68437,82038,Rhinolophus ferrumequinum,0.022,0.022,-1,Echolocation,/mnt/ubna_data_02_mir/recover-20221013/UBNA_001/20221012_030000.WAV,Telephone Field,recover-20221013,001,1795
1339.5795,1339.5882,22890,30187,Plecotus austriacus,0.01,0.023,-1,Echolocation,/mnt/ubna_data_02_mir/recover-20221013/UBNA_001/20221012_030000.WAV,Telephone Field,recover-20221013,001,1795
1339.6215,1339.6305,14296,22320,Plecotus auritus,0.009,0.023,-1,Echolocation,/mnt/ubna_data_02_mir/recover-20221013/UBNA_001/20221012_030000.WAV,Telephone Field,recover-20221013,001,1795
1339.6335,1339.643,44375,52434,Pipistrellus pipistrellus,0.014,0.023,-1,Echolocation,/mnt/ubna_data_02_mir/recover-20221013/UBNA_001/20221012_030000.WAV,Telephone Field,recover-20221013,001,1795
1339.6525,1339.6914,68437,82480,Rhinolophus ferrumequinum,0.027,0.027,-1,Echolocation,/mnt/ubna_data_02_mir/recover-20221013/UBNA_001/20221012_030000.WAV,Telephone Field,recover-20221013,001,1795
1339.7015,1339.7117,28906,35804,Eptesicus serotinus,0.02,0.034,-1,Echolocation,/mnt/ubna_data_02_mir/recover-20221013/UBNA_001/20221012_030000.WAV,Telephone Field,recover-20221013,001,1795
1339.7075,1339.7483,68437,82967,Rhinolophus ferrumequinum,0.025,0.025,-1,Echolocation,/mnt/ubna_data_02_mir/recover-20221013/UBNA_001/20221012_030000.WAV,Telephone Field,recover-20221013,001,1795
1339.7385,1339.7793,68437,81902,Rhinolophus ferrumequinum,0.026,0.026,-1,Echolocation,/mnt/ubna_data_02_mir/recover-20221013/UBNA_001/20221012_030000.WAV,Telephone Field,recover-20221013,001,1795
1339.7685,1339.8068,68437,81637,Rhinolophus ferrumequinum,0.027,0.027,-1,Echolocation,/mnt/ubna_data_02_mir/recover-20221013/UBNA_001/20221012_030000.WAV,Telephone Field,recover-20221013,001,1795
1339.7995,1339.8383,68437,82203,Rhinolophus ferrumequinum,0.024,0.024,-1,Echolocation,/mnt/ubna_data_02_mir/recover-20221013/UBNA_001/20221012_030000.WAV,Telephone Field,recover-20221013,001,1795
1339.8125,1339.8227,22890,27231,Nyctalus leisleri,0.011,0.022,-1,Echolocation,/mnt/ubna_data_02_mir/recover-20221013/UBNA_001/20221012_030000.WAV,Telephone Field,recover-20221013,001,1795
1339.8295,1339.8367,23750,35939,Plecotus austriacus,0.009,0.024,-1,Echolocation,/mnt/ubna_data_02_mir/recover-20221013/UBNA_001/20221012_030000.WAV,Telephone Field,recover-20221013,001,1795
1339.8295,1339.8361,28906,42890,Eptesicus serotinus,0.007,0.025,-1,Echolocation,/mnt/ubna_data_02_mir/recover-20221013/UBNA_001/20221012_030000.WAV,Telephone Field,recover-20221013,001,1795
1339.8515,1339.8884,68437,81862,Rhinolophus ferrumequinum,0.022,0.022,-1,Echolocation,/mnt/ubna_data_02_mir/recover-20221013/UBNA_001/20221012_030000.WAV,Telephone Field,recover-20221013,001,1795
1339.8845,1339.8932,26328,36658,Eptesicus serotinus,0.01,0.023,-1,Echolocation,/mnt/ubna_data_02_mir/recover-20221013/UBNA_001/20221012_030000.WAV,Telephone Field,recover-20221013,001,1795
1339.8935,1339.9327,68437,82410,Rhinolophus ferrumequinum,0.042,0.042,-1,Echolocation,/mnt/ubna_data_02_mir/recover-20221013/UBNA_001/20221012_030000.WAV,Telephone Field,recover-20221013,001,1795
1339.9085,1339.9484,68437,82145,Rhinolophus ferrumequinum,0.023,0.023,-1,Echolocation,/mnt/ubna_data_02_mir/recover-20221013/UBNA_001/20221012_030000.WAV,Telephone Field,recover-20221013,001,1795
1339.9115,1339.9216,46093,50621,Pipistrellus pipistrellus,0.029,0.031,-1,Echolocation,/mnt/ubna_data_02_mir/recover-20221013/UBNA_001/20221012_030000.WAV,Telephone Field,recover-20221013,001,1795
1339.9655,1339.9743,27187,35663,Eptesicus serotinus,0.011,0.025,-1,Echolocation,/mnt/ubna_data_02_mir/recover-20221013/UBNA_001/20221012_030000.WAV,Telephone Field,recover-20221013,001,1795
1340.0015,1340.0329,68437,80125,Rhinolophus ferrumequinum,0.049,0.049,-1,Echolocation,/mnt/ubna_data_02_mir/recover-20221013/UBNA_001/20221012_030000.WAV,Telephone Field,recover-20221013,001,1795
1340.0015,1340.0116,21171,26031,Nyctalus leisleri,0.015,0.03,-1,Echolocation,/mnt/ubna_data_02_mir/recover-20221013/UBNA_001/20221012_030000.WAV,Telephone Field,recover-20221013,001,1795
1340.0015,1340.0073,46093,52848,Pipistrellus pipistrellus,0.017,0.022,-1,Echolocation,/mnt/ubna_data_02_mir/recover-20221013/UBNA_001/20221012_030000.WAV,Telephone Field,recover-20221013,001,1795
1340.0015,1340.0097,27187,40330,Nyctalus leisleri,0.008,0.034,-1,Echolocation,/mnt/ubna_data_02_mir/recover-20221013/UBNA_001/20221012_030000.WAV,Telephone Field,recover-20221013,001,1795
1340.0095,1340.0514,68437,82114,Rhinolophus ferrumequinum,0.024,0.024,-1,Echolocation,/mnt/ubna_data_02_mir/recover-20221013/UBNA_001/20221012_030000.WAV,Telephone Field,recover-20221013,001,1795
1340.0175,1340.0564,68437,82250,Rhinolophus ferrumequinum,0.022,0.022,-1,Echolocation,/mnt/ubna_data_02_mir/recover-20221013/UBNA_001/20221012_030000.WAV,Telephone Field,recover-20221013,001,1795
1340.0505,1340.057,28046,41470,Eptesicus serotinus,0.006,0.022,-1,Echolocation,/mnt/ubna_data_02_mir/recover-20221013/UBNA_001/20221012_030000.WAV,Telephone Field,recover-20221013,001,1795
1340.0525,1340.0595,23750,34060,Plecotus austriacus,0.009,0.022,-1,Echolocation,/mnt/ubna_data_02_mir/recover-20221013/UBNA_001/20221012_030000.WAV,Telephone Field,recover-20221013,001,1795
1340.0735,1340.1075,68437,81941,Rhinolophus ferrumequinum,0.029,0.029,-1,Echolocation,/mnt/ubna_data_02_mir/recover-20221013/UBNA_001/20221012_030000.WAV,Telephone Field,recover-20221013,001,1795
1340.0845,1340.1178,68437,81225,Rhinolophus ferrumequinum,0.022,0.022,-1,Echolocation,/mnt/ubna_data_02_mir/recover-20221013/UBNA_001/20221012_030000.WAV,Telephone Field,recover-20221013,001,1795
1340.1035,1340.1378,68437,81133,Rhinolophus ferrumequinum,0.023,0.023,-1,Echolocation,/mnt/ubna_data_02_mir/recover-20221013/UBNA_001/20221012_030000.WAV,Telephone Field,recover-20221013,001,1795
1340.1285,1340.1376,15156,21861,Plecotus auritus,0.011,0.023,-1,Echolocation,/mnt/ubna_data_02_mir/recover-20221013/UBNA_001/20221012_030000.WAV,Telephone Field,recover-20221013,001,1795
1340.1285,1340.1449,32343,37216,Pipistrellus nathusii,0.016,0.046,-1,Echolocation,/mnt/ubna_data_02_mir/recover-20221013/UBNA_001/20221012_030000.WAV,Telephone Field,recover-20221013,001,1795
1340.1665,1340.175,26328,38153,Eptesicus serotinus,0.007,0.021,-1,Echolocation,/mnt/ubna_data_02_mir/recover-20221013/UBNA_001/20221012_030000.WAV,Telephone Field,recover-20221013,001,1795
1340.1875,1340.201,22890,26508,Nyctalus leisleri,0.019,0.03,-1,Echolocation,/mnt/ubna_data_02_mir/recover-20221013/UBNA_001/20221012_030000.WAV,Telephone Field,recover-20221013,001,1795
1340.2125,1340.2506,68437,82058,Rhinolophus ferrumequinum,0.023,0.023,-1,Echolocation,/mnt/ubna_data_02_mir/recover-20221013/UBNA_001/20221012_030000.WAV,Telephone Field,recover-20221013,001,1795
1340.2425,1340.2512,27187,35614,Eptesicus serotinus,0.014,0.031,-1,Echolocation,/mnt/ubna_data_02_mir/recover-20221013/UBNA_001/20221012_030000.WAV,Telephone Field,recover-20221013,001,1795
1340.2425,1340.2751,68437,80842,Rhinolophus ferrumequinum,0.023,0.023,-1,Echolocation,/mnt/ubna_data_02_mir/recover-20221013/UBNA_001/20221012_030000.WAV,Telephone Field,recover-20221013,001,1795
1340.2755,1340.3117,68437,81960,Rhinolophus ferrumequinum,0.022,0.023,-1,Echolocation,/mnt/ubna_data_02_mir/recover-20221013/UBNA_001/20221012_030000.WAV,Telephone Field,recover-20221013,001,1795
1340.2795,1340.2855,25468,36956,Plecotus austriacus,0.016,0.039,-1,Echolocation,/mnt/ubna_data_02_mir/recover-20221013/UBNA_001/20221012_030000.WAV,Telephone Field,recover-20221013,001,1795
1340.2925,1340.3329,68437,82568,Rhinolophus ferrumequinum,0.025,0.025,-1,Echolocation,/mnt/ubna_data_02_mir/recover-20221013/UBNA_001/20221012_030000.WAV,Telephone Field,recover-20221013,001,1795
1340.3025,1340.3093,23750,37925,Plecotus austriacus,0.007,0.022,-1,Echolocation,/mnt/ubna_data_02_mir/recover-20221013/UBNA_001/20221012_030000.WAV,Telephone Field,recover-20221013,001,1795
1340.3325,1340.3406,24609,33511,Plecotus austriacus,0.008,0.024,-1,Echolocation,/mnt/ubna_data_02_mir/recover-20221013/UBNA_001/20221012_030000.WAV,Telephone Field,recover-20221013,001,1795
1340.3765,1340.4157,68437,82941,Rhinolophus ferrumequinum,0.024,0.024,-1,Echolocation,/mnt/ubna_data_02_mir/recover-20221013/UBNA_001/20221012_030000.WAV,Telephone Field,recover-20221013,001,1795
1340.4355,1340.4769000000001,68437,82118,Rhinolophus ferrumequinum,0.021,0.021,-1,Echolocation,/mnt/ubna_data_02_mir/recover-20221013/UBNA_001/20221012_030000.WAV,Telephone Field,recover-20221013,001,1795
1340.4605,1340.5039,68437,83443,Rhinolophus ferrumequinum,0.042,0.042,-1,Echolocation,/mnt/ubna_data_02_mir/recover-20221013/UBNA_001/20221012_030000.WAV,Telephone Field,recover-20221013,001,1795
1340.4905,1340.507,21171,24496,Nyctalus leisleri,0.027,0.043,-1,Echolocation,/mnt/ubna_data_02_mir/recover-20221013/UBNA_001/20221012_030000.WAV,Telephone Field,recover-20221013,001,1795
1340.5475,1340.5851,68437,82209,Rhinolophus ferrumequinum,0.023,0.023,-1,Echolocation,/mnt/ubna_data_02_mir/recover-20221013/UBNA_001/20221012_030000.WAV,Telephone Field,recover-20221013,001,1795
1340.5695,1340.6082,68437,82232,Rhinolophus ferrumequinum,0.022,0.022,-1,Echolocation,/mnt/ubna_data_02_mir/recover-20221013/UBNA_001/20221012_030000.WAV,Telephone Field,recover-20221013,001,1795
1340.5825,1340.6197,68437,82347,Rhinolophus ferrumequinum,0.023,0.023,-1,Echolocation,/mnt/ubna_data_02_mir/recover-20221013/UBNA_001/20221012_030000.WAV,Telephone Field,recover-20221013,001,1795
1340.5935,1340.604,22890,28103,Nyctalus leisleri,0.01,0.022,-1,Echolocation,/mnt/ubna_data_02_mir/recover-20221013/UBNA_001/20221012_030000.WAV,Telephone Field,recover-20221013,001,1795
1340.6025,1340.6413,68437,82097,Rhinolophus ferrumequinum,0.024,0.025,-1,Echolocation,/mnt/ubna_data_02_mir/recover-20221013/UBNA_001/20221012_030000.WAV,Telephone Field,recover-20221013,001,1795
1340.6045,1340.6137,23750,30983,Plecotus austriacus,0.012,0.032,-1,Echolocation,/mnt/ubna_data_02_mir/recover-20221013/UBNA_001/20221012_030000.WAV,Telephone Field,recover-20221013,001,1795
1340.6135,1340.653,68437,82630,Rhinolophus ferrumequinum,0.023,0.023,-1,Echolocation,/mnt/ubna_data_02_mir/recover-20221013/UBNA_001/20221012_030000.WAV,Telephone Field,recover-20221013,001,1795
1340.6305,1340.6381,49531,52997,Pipistrellus pipistrellus,0.026,0.028,-1,Echolocation,/mnt/ubna_data_02_mir/recover-20221013/UBNA_001/20221012_030000.WAV,Telephone Field,recover-20221013,001,1795
1340.6445,1340.651,24609,36852,Plecotus austriacus,0.009,0.024,-1,Echolocation,/mnt/ubna_data_02_mir/recover-20221013/UBNA_001/20221012_030000.WAV,Telephone Field,recover-20221013,001,1795
1340.6525,1340.689,68437,82234,Rhinolophus ferrumequinum,0.025,0.025,-1,Echolocation,/mnt/ubna_data_02_mir/recover-20221013/UBNA_001/20221012_030000.WAV,Telephone Field,recover-20221013,001,1795
1340.6615,1340.6704,23750,30803,Nyctalus leisleri,0.007,0.022,-1,Echolocation,/mnt/ubna_data_02_mir/recover-20221013/UBNA_001/20221012_030000.WAV,Telephone Field,recover-20221013,001,1795
1340.6875,1340.7269000000001,68437,82277,Rhinolophus ferrumequinum,0.024,0.024,-1,Echolocation,/mnt/ubna_data_02_mir/recover-20221013/UBNA_001/20221012_030000.WAV,Telephone Field,recover-20221013,001,1795
1340.7155,1340.7531,68437,81650,Rhinolophus ferrumequinum,0.023,0.023,-1,Echolocation,/mnt/ubna_data_02_mir/recover-20221013/UBNA_001/20221012_030000.WAV,Telephone Field,recover-20221013,001,1795
1340.7455,1340.7523,24609,37983,Plecotus austriacus,0.01,0.028,-1,Echolocation,/mnt/ubna_data_02_mir/recover-20221013/UBNA_001/20221012_030000.WAV,Telephone Field,recover-20221013,001,1795
1340.7695,1340.811,68437,83091,Rhinolophus ferrumequinum,0.039,0.039,-1,Echolocation,/mnt/ubna_data_02_mir/recover-20221013/UBNA_001/20221012_030000.WAV,Telephone Field,recover-20221013,001,1795
1340.7885,1340.8096,18593,21204,Nyctalus noctula,0.011,0.024,-1,Echolocation,/mnt/ubna_data_02_mir/recover-20221013/UBNA_001/20221012_030000.WAV,Telephone Field,recover-20221013,001,1795
1340.8115,1340.8208,22890,29580,Plecotus austriacus,0.007,0.021,-1,Echolocation,/mnt/ubna_data_02_mir/recover-20221013/UBNA_001/20221012_030000.WAV,Telephone Field,recover-20221013,001,1795
1340.8125,1340.8493,68437,80864,Rhinolophus ferrumequinum,0.022,0.022,-1,Echolocation,/mnt/ubna_data_02_mir/recover-20221013/UBNA_001/20221012_030000.WAV,Telephone Field,recover-20221013,001,1795
1340.8425,1340.853,22890,28972,Nyctalus leisleri,0.01,0.026,-1,Echolocation,/mnt/ubna_data_02_mir/recover-20221013/UBNA_001/20221012_030000.WAV,Telephone Field,recover-20221013,001,1795
1340.8455,1340.8857,68437,82494,Rhinolophus ferrumequinum,0.023,0.023,-1,Echolocation,/mnt/ubna_data_02_mir/recover-20221013/UBNA_001/20221012_030000.WAV,Telephone Field,recover-20221013,001,1795
1340.8585,1340.867,26328,34347,Eptesicus serotinus,0.007,0.021,-1,Echolocation,/mnt/ubna_data_02_mir/recover-20221013/UBNA_001/20221012_030000.WAV,Telephone Field,recover-20221013,001,1795
1340.8915,1340.9023,24609,30156,Nyctalus leisleri,0.015,0.035,-1,Echolocation,/mnt/ubna_data_02_mir/recover-20221013/UBNA_001/20221012_030000.WAV,Telephone Field,recover-20221013,001,1795
1340.8945,1340.9304,68437,81972,Rhinolophus ferrumequinum,0.024,0.024,-1,Echolocation,/mnt/ubna_data_02_mir/recover-20221013/UBNA_001/20221012_030000.WAV,Telephone Field,recover-20221013,001,1795
1340.9385,1340.9833,68437,83741,Rhinolophus ferrumequinum,0.031,0.031,-1,Echolocation,/mnt/ubna_data_02_mir/recover-20221013/UBNA_001/20221012_030000.WAV,Telephone Field,recover-20221013,001,1795
1341.0505,1341.0581,28046,45892,Eptesicus serotinus,0.007,0.022,-1,Echolocation,/mnt/ubna_data_02_mir/recover-20221013/UBNA_001/20221012_030000.WAV,Telephone Field,recover-20221013,001,1795
1341.0675,1341.1063,68437,81912,Rhinolophus ferrumequinum,0.025,0.025,-1,Echolocation,/mnt/ubna_data_02_mir/recover-20221013/UBNA_001/20221012_030000.WAV,Telephone Field,recover-20221013,001,1795
1341.0815,1341.0895,28906,40098,Eptesicus serotinus,0.007,0.022,-1,Echolocation,/mnt/ubna_data_02_mir/recover-20221013/UBNA_001/20221012_030000.WAV,Telephone Field,recover-20221013,001,1795
1341.0825,1341.0907,22890,30731,Plecotus austriacus,0.01,0.022,-1,Echolocation,/mnt/ubna_data_02_mir/recover-20221013/UBNA_001/20221012_030000.WAV,Telephone Field,recover-20221013,001,1795
1341.1255,1341.1692,68437,83030,Rhinolophus ferrumequinum,0.027,0.027,-1,Echolocation,/mnt/ubna_data_02_mir/recover-20221013/UBNA_001/20221012_030000.WAV,Telephone Field,recover-20221013,001,1795
1341.1305,1341.1385,28046,38466,Eptesicus serotinus,0.007,0.022,-1,Echolocation,/mnt/ubna_data_02_mir/recover-20221013/UBNA_001/20221012_030000.WAV,Telephone Field,recover-20221013,001,1795
1341.1315,1341.141,22890,29296,Nyctalus leisleri,0.007,0.023,-1,Echolocation,/mnt/ubna_data_02_mir/recover-20221013/UBNA_001/20221012_030000.WAV,Telephone Field,recover-20221013,001,1795
1341.1635,1341.2007,68437,82382,Rhinolophus ferrumequinum,0.021,0.021,-1,Echolocation,/mnt/ubna_data_02_mir/recover-20221013/UBNA_001/20221012_030000.WAV,Telephone Field,recover-20221013,001,1795
1341.1855,1341.2267,68437,82734,Rhinolophus ferrumequinum,0.049,0.049,-1,Echolocation,/mnt/ubna_data_02_mir/recover-20221013/UBNA_001/20221012_030000.WAV,Telephone Field,recover-20221013,001,1795
1341.2165,1341.2565,68437,82465,Rhinolophus ferrumequinum,0.022,0.022,-1,Echolocation,/mnt/ubna_data_02_mir/recover-20221013/UBNA_001/20221012_030000.WAV,Telephone Field,recover-20221013,001,1795
1341.2405,1341.277,68437,81682,Rhinolophus ferrumequinum,0.03,0.03,-1,Echolocation,/mnt/ubna_data_02_mir/recover-20221013/UBNA_001/20221012_030000.WAV,Telephone Field,recover-20221013,001,1795
1341.2525,1341.2618,28046,36655,Eptesicus serotinus,0.011,0.025,-1,Echolocation,/mnt/ubna_data_02_mir/recover-20221013/UBNA_001/20221012_030000.WAV,Telephone Field,recover-20221013,001,1795
1341.2685,1341.3052,68437,81585,Rhinolophus ferrumequinum,0.021,0.021,-1,Echolocation,/mnt/ubna_data_02_mir/recover-20221013/UBNA_001/20221012_030000.WAV,Telephone Field,recover-20221013,001,1795
1341.2825,1341.2938,22890,26994,Nyctalus leisleri,0.013,0.022,-1,Echolocation,/mnt/ubna_data_02_mir/recover-20221013/UBNA_001/20221012_030000.WAV,Telephone Field,recover-20221013,001,1795
1341.3255,1341.3612,68437,81149,Rhinolophus ferrumequinum,0.022,0.023,-1,Echolocation,/mnt/ubna_data_02_mir/recover-20221013/UBNA_001/20221012_030000.WAV,Telephone Field,recover-20221013,001,1795
1341.3525,1341.3579,36640,45683,Myotis daubentonii,0.008,0.025,-1,Echolocation,/mnt/ubna_data_02_mir/recover-20221013/UBNA_001/20221012_030000.WAV,Telephone Field,recover-20221013,001,1795
1341.3655,1341.3753,27187,34674,Eptesicus serotinus,0.011,0.025,-1,Echolocation,/mnt/ubna_data_02_mir/recover-20221013/UBNA_001/20221012_030000.WAV,Telephone Field,recover-20221013,001,1795
1341.3825,1341.4251,68437,82749,Rhinolophus ferrumequinum,0.023,0.023,-1,Echolocation,/mnt/ubna_data_02_mir/recover-20221013/UBNA_001/20221012_030000.WAV,Telephone Field,recover-20221013,001,1795
1341.4115,1341.4206,27187,37320,Eptesicus serotinus,0.009,0.022,-1,Echolocation,/mnt/ubna_data_02_mir/recover-20221013/UBNA_001/20221012_030000.WAV,Telephone Field,recover-20221013,001,1795
1341.4365,1341.4722,68437,81414,Rhinolophus ferrumequinum,0.023,0.023,-1,Echolocation,/mnt/ubna_data_02_mir/recover-20221013/UBNA_001/20221012_030000.WAV,Telephone Field,recover-20221013,001,1795
1341.4465,1341.4838,68437,81269,Rhinolophus ferrumequinum,0.024,0.024,-1,Echolocation,/mnt/ubna_data_02_mir/recover-20221013/UBNA_001/20221012_030000.WAV,Telephone Field,recover-20221013,001,1795
1341.4615,1341.4991,68437,81931,Rhinolophus ferrumequinum,0.024,0.024,-1,Echolocation,/mnt/ubna_data_02_mir/recover-20221013/UBNA_001/20221012_030000.WAV,Telephone Field,recover-20221013,001,1795
1341.4915,1341.5313,68437,82626,Rhinolophus ferrumequinum,0.024,0.024,-1,Echolocation,/mnt/ubna_data_02_mir/recover-20221013/UBNA_001/20221012_030000.WAV,Telephone Field,recover-20221013,001,1795
1341.4965,1341.505,27187,36862,Eptesicus serotinus,0.007,0.022,-1,Echolocation,/mnt/ubna_data_02_mir/recover-20221013/UBNA_001/20221012_030000.WAV,Telephone Field,recover-20221013,001,1795
1341.5085,1341.5445,68437,82339,Rhinolophus ferrumequinum,0.023,0.023,-1,Echolocation,/mnt/ubna_data_02_mir/recover-20221013/UBNA_001/20221012_030000.WAV,Telephone Field,recover-20221013,001,1795
1341.5185,1341.5588,68437,82551,Rhinolophus ferrumequinum,0.028,0.028,-1,Echolocation,/mnt/ubna_data_02_mir/recover-20221013/UBNA_001/20221012_030000.WAV,Telephone Field,recover-20221013,001,1795
1341.5315,1341.5389,30625,40344,Myotis daubentonii,0.008,0.025,-1,Echolocation,/mnt/ubna_data_02_mir/recover-20221013/UBNA_001/20221012_030000.WAV,Telephone Field,recover-20221013,001,1795
1341.5465,1341.587,68437,82088,Rhinolophus ferrumequinum,0.023,0.023,-1,Echolocation,/mnt/ubna_data_02_mir/recover-20221013/UBNA_001/20221012_030000.WAV,Telephone Field,recover-20221013,001,1795
1341.5725,1341.5827,23750,30437,Nyctalus leisleri,0.009,0.026,-1,Echolocation,/mnt/ubna_data_02_mir/recover-20221013/UBNA_001/20221012_030000.WAV,Telephone Field,recover-20221013,001,1795
1341.5775,1341.6125,68437,81199,Rhinolophus ferrumequinum,0.028,0.028,-1,Echolocation,/mnt/ubna_data_02_mir/recover-20221013/UBNA_001/20221012_030000.WAV,Telephone Field,recover-20221013,001,1795
1341.5945,1341.6007,25468,35590,Plecotus austriacus,0.01,0.026,-1,Echolocation,/mnt/ubna_data_02_mir/recover-20221013/UBNA_001/20221012_030000.WAV,Telephone Field,recover-20221013,001,1795
1341.6635,1341.6727,22890,29477,Plecotus austriacus,0.013,0.031,-1,Echolocation,/mnt/ubna_data_02_mir/recover-20221013/UBNA_001/20221012_030000.WAV,Telephone Field,recover-20221013,001,1795
1341.6765,1341.6894,22031,25839,Nyctalus leisleri,0.014,0.023,-1,Echolocation,/mnt/ubna_data_02_mir/recover-20221013/UBNA_001/20221012_030000.WAV,Telephone Field,recover-20221013,001,1795
1341.7005,1341.7406,68437,82464,Rhinolophus ferrumequinum,0.022,0.022,-1,Echolocation,/mnt/ubna_data_02_mir/recover-20221013/UBNA_001/20221012_030000.WAV,Telephone Field,recover-20221013,001,1795
1341.7515,1341.7594,28046,40553,Eptesicus serotinus,0.007,0.022,-1,Echolocation,/mnt/ubna_data_02_mir/recover-20221013/UBNA_001/20221012_030000.WAV,Telephone Field,recover-20221013,001,1795
1341.7725,1341.8124,68437,82438,Rhinolophus ferrumequinum,0.023,0.023,-1,Echolocation,/mnt/ubna_data_02_mir/recover-20221013/UBNA_001/20221012_030000.WAV,Telephone Field,recover-20221013,001,1795
1341.8325,1341.8403,27187,37494,Eptesicus serotinus,0.007,0.022,-1,Echolocation,/mnt/ubna_data_02_mir/recover-20221013/UBNA_001/20221012_030000.WAV,Telephone Field,recover-20221013,001,1795
1341.8855,1341.8949,27187,37771,Eptesicus serotinus,0.009,0.021,-1,Echolocation,/mnt/ubna_data_02_mir/recover-20221013/UBNA_001/20221012_030000.WAV,Telephone Field,recover-20221013,001,1795
1341.8855,1341.9256,68437,82231,Rhinolophus ferrumequinum,0.024,0.024,-1,Echolocation,/mnt/ubna_data_02_mir/recover-20221013/UBNA_001/20221012_030000.WAV,Telephone Field,recover-20221013,001,1795
1341.8955,1341.9046,28046,38350,Eptesicus serotinus,0.01,0.027,-1,Echolocation,/mnt/ubna_data_02_mir/recover-20221013/UBNA_001/20221012_030000.WAV,Telephone Field,recover-20221013,001,1795
1341.9075,1341.9458,68437,81754,Rhinolophus ferrumequinum,0.024,0.024,-1,Echolocation,/mnt/ubna_data_02_mir/recover-20221013/UBNA_001/20221012_030000.WAV,Telephone Field,recover-20221013,001,1795
1341.9295,1341.9659,68437,81445,Rhinolophus ferrumequinum,0.022,0.022,-1,Echolocation,/mnt/ubna_data_02_mir/recover-20221013/UBNA_001/20221012_030000.WAV,Telephone Field,recover-20221013,001,1795
1341.9385,1341.9797,68437,82759,Rhinolophus ferrumequinum,0.023,0.024,-1,Echolocation,/mnt/ubna_data_02_mir/recover-20221013/UBNA_001/20221012_030000.WAV,Telephone Field,recover-20221013,001,1795
1341.9535,1341.9675,22890,27559,Nyctalus leisleri,0.013,0.027,-1,Echolocation,/mnt/ubna_data_02_mir/recover-20221013/UBNA_001/20221012_030000.WAV,Telephone Field,recover-20221013,001,1795
1341.9615,1341.9748,22890,27323,Nyctalus leisleri,0.012,0.024,-1,Echolocation,/mnt/ubna_data_02_mir/recover-20221013/UBNA_001/20221012_030000.WAV,Telephone Field,recover-20221013,001,1795
1342.0015,1342.0093,23750,32600,Nyctalus leisleri,0.007,0.024,-1,Echolocation,/mnt/ubna_data_02_mir/recover-20221013/UBNA_001/20221012_030000.WAV,Telephone Field,recover-20221013,001,1795
1342.0015,1342.0092,28906,40187,Eptesicus serotinus,0.006,0.022,-1,Echolocation,/mnt/ubna_data_02_mir/recover-20221013/UBNA_001/20221012_030000.WAV,Telephone Field,recover-20221013,001,1795
1342.0015,1342.0086000000001,45234,52456,Pipistrellus pipistrellus,0.021,0.027,-1,Echolocation,/mnt/ubna_data_02_mir/recover-20221013/UBNA_001/20221012_030000.WAV,Telephone Field,recover-20221013,001,1795
1342.0015,1342.0347,68437,80252,Rhinolophus ferrumequinum,0.023,0.023,-1,Echolocation,/mnt/ubna_data_02_mir/recover-20221013/UBNA_001/20221012_030000.WAV,Telephone Field,recover-20221013,001,1795
1342.0415,1342.0793,68437,81773,Rhinolophus ferrumequinum,0.023,0.023,-1,Echolocation,/mnt/ubna_data_02_mir/recover-20221013/UBNA_001/20221012_030000.WAV,Telephone Field,recover-20221013,001,1795
1342.0775,1342.1171,68437,82604,Rhinolophus ferrumequinum,0.024,0.024,-1,Echolocation,/mnt/ubna_data_02_mir/recover-20221013/UBNA_001/20221012_030000.WAV,Telephone Field,recover-20221013,001,1795
1342.0865,1342.1251,68437,82060,Rhinolophus ferrumequinum,0.022,0.022,-1,Echolocation,/mnt/ubna_data_02_mir/recover-20221013/UBNA_001/20221012_030000.WAV,Telephone Field,recover-20221013,001,1795
1342.1025,1342.1405,68437,82534,Rhinolophus ferrumequinum,0.02,0.02,-1,Echolocation,/mnt/ubna_data_02_mir/recover-20221013/UBNA_001/20221012_030000.WAV,Telephone Field,recover-20221013,001,1795
1342.1125,1342.1241,28046,35739,Eptesicus serotinus,0.015,0.027,-1,Echolocation,/mnt/ubna_data_02_mir/recover-20221013/UBNA_001/20221012_030000.WAV,Telephone Field,recover-20221013,001,1795
1342.1185,1342.1292,28906,34853,Eptesicus serotinus,0.012,0.026,-1,Echolocation,/mnt/ubna_data_02_mir/recover-20221013/UBNA_001/20221012_030000.WAV,Telephone Field,recover-20221013,001,1795
1342.1575,1342.1678,22890,28639,Nyctalus leisleri,0.01,0.022,-1,Echolocation,/mnt/ubna_data_02_mir/recover-20221013/UBNA_001/20221012_030000.WAV,Telephone Field,recover-20221013,001,1795
1342.1635,1342.2031,68437,82191,Rhinolophus ferrumequinum,0.022,0.022,-1,Echolocation,/mnt/ubna_data_02_mir/recover-20221013/UBNA_001/20221012_030000.WAV,Telephone Field,recover-20221013,001,1795
1342.1975,1342.2064,26328,34374,Eptesicus serotinus,0.013,0.029,-1,Echolocation,/mnt/ubna_data_02_mir/recover-20221013/UBNA_001/20221012_030000.WAV,Telephone Field,recover-20221013,001,1795
1342.2165,1342.2271,23750,29392,Nyctalus leisleri,0.01,0.023,-1,Echolocation,/mnt/ubna_data_02_mir/recover-20221013/UBNA_001/20221012_030000.WAV,Telephone Field,recover-20221013,001,1795
1342.2365,1342.2771,68437,82968,Rhinolophus ferrumequinum,0.026,0.026,-1,Echolocation,/mnt/ubna_data_02_mir/recover-20221013/UBNA_001/20221012_030000.WAV,Telephone Field,recover-20221013,001,1795
1342.2435,1342.2846,68437,82780,Rhinolophus ferrumequinum,0.021,0.021,-1,Echolocation,/mnt/ubna_data_02_mir/recover-20221013/UBNA_001/20221012_030000.WAV,Telephone Field,recover-20221013,001,1795
1342.2515,1342.2618,28046,36166,Eptesicus serotinus,0.009,0.022,-1,Echolocation,/mnt/ubna_data_02_mir/recover-20221013/UBNA_001/20221012_030000.WAV,Telephone Field,recover-20221013,001,1795
1342.2815,1342.3208,68437,83090,Rhinolophus ferrumequinum,0.025,0.025,-1,Echolocation,/mnt/ubna_data_02_mir/recover-20221013/UBNA_001/20221012_030000.WAV,Telephone Field,recover-20221013,001,1795
1342.2825,1342.296,22890,28438,Nyctalus leisleri,0.014,0.032,-1,Echolocation,/mnt/ubna_data_02_mir/recover-20221013/UBNA_001/20221012_030000.WAV,Telephone Field,recover-20221013,001,1795
1342.2945,1342.3376,68437,83049,Rhinolophus ferrumequinum,0.023,0.023,-1,Echolocation,/mnt/ubna_data_02_mir/recover-20221013/UBNA_001/20221012_030000.WAV,Telephone Field,recover-20221013,001,1795
1342.3515,1342.3924,68437,81999,Rhinolophus ferrumequinum,0.029,0.029,-1,Echolocation,/mnt/ubna_data_02_mir/recover-20221013/UBNA_001/20221012_030000.WAV,Telephone Field,recover-20221013,001,1795
1342.4005,1342.4397,68437,82203,Rhinolophus ferrumequinum,0.022,0.022,-1,Echolocation,/mnt/ubna_data_02_mir/recover-20221013/UBNA_001/20221012_030000.WAV,Telephone Field,recover-20221013,001,1795
1342.4285,1342.4379,22890,29034,Nyctalus leisleri,0.008,0.022,-1,Echolocation,/mnt/ubna_data_02_mir/recover-20221013/UBNA_001/20221012_030000.WAV,Telephone Field,recover-20221013,001,1795
1342.4365,1342.4763,68437,81954,Rhinolophus ferrumequinum,0.03,0.03,-1,Echolocation,/mnt/ubna_data_02_mir/recover-20221013/UBNA_001/20221012_030000.WAV,Telephone Field,recover-20221013,001,1795
1342.4445,1342.4549,22031,26780,Nyctalus leisleri,0.01,0.021,-1,Echolocation,/mnt/ubna_data_02_mir/recover-20221013/UBNA_001/20221012_030000.WAV,Telephone Field,recover-20221013,001,1795
1342.4605,1342.4713,22031,26035,Nyctalus leisleri,0.011,0.021,-1,Echolocation,/mnt/ubna_data_02_mir/recover-20221013/UBNA_001/20221012_030000.WAV,Telephone Field,recover-20221013,001,1795
1342.4915,1342.5307,68437,81473,Rhinolophus ferrumequinum,0.022,0.022,-1,Echolocation,/mnt/ubna_data_02_mir/recover-20221013/UBNA_001/20221012_030000.WAV,Telephone Field,recover-20221013,001,1795
1342.5205,1342.559,68437,82043,Rhinolophus ferrumequinum,0.02,0.02,-1,Echolocation,/mnt/ubna_data_02_mir/recover-20221013/UBNA_001/20221012_030000.WAV,Telephone Field,recover-20221013,001,1795
1342.5445,1342.5833,68437,82133,Rhinolophus ferrumequinum,0.02,0.02,-1,Echolocation,/mnt/ubna_data_02_mir/recover-20221013/UBNA_001/20221012_030000.WAV,Telephone Field,recover-20221013,001,1795
1342.5495,1342.5571,31484,45427,Myotis daubentonii,0.01,0.026,-1,Echolocation,/mnt/ubna_data_02_mir/recover-20221013/UBNA_001/20221012_030000.WAV,Telephone Field,recover-20221013,001,1795
1342.5735,1342.5846,22890,27794,Nyctalus leisleri,0.01,0.02,-1,Echolocation,/mnt/ubna_data_02_mir/recover-20221013/UBNA_001/20221012_030000.WAV,Telephone Field,recover-20221013,001,1795
1342.5935,1342.6286,68437,81566,Rhinolophus ferrumequinum,0.024,0.024,-1,Echolocation,/mnt/ubna_data_02_mir/recover-20221013/UBNA_001/20221012_030000.WAV,Telephone Field,recover-20221013,001,1795
1342.5955,1342.6058,22890,28312,Nyctalus leisleri,0.01,0.023,-1,Echolocation,/mnt/ubna_data_02_mir/recover-20221013/UBNA_001/20221012_030000.WAV,Telephone Field,recover-20221013,001,1795
1342.6055,1342.643,68437,82166,Rhinolophus ferrumequinum,0.022,0.022,-1,Echolocation,/mnt/ubna_data_02_mir/recover-20221013/UBNA_001/20221012_030000.WAV,Telephone Field,recover-20221013,001,1795
1342.6105,1342.6204,22890,28743,Nyctalus leisleri,0.008,0.022,-1,Echolocation,/mnt/ubna_data_02_mir/recover-20221013/UBNA_001/20221012_030000.WAV,Telephone Field,recover-20221013,001,1795
1342.6305,1342.6719,68437,82123,Rhinolophus ferrumequinum,0.024,0.024,-1,Echolocation,/mnt/ubna_data_02_mir/recover-20221013/UBNA_001/20221012_030000.WAV,Telephone Field,recover-20221013,001,1795
1342.6655,1342.7069,68437,82772,Rhinolophus ferrumequinum,0.021,0.021,-1,Echolocation,/mnt/ubna_data_02_mir/recover-20221013/UBNA_001/20221012_030000.WAV,Telephone Field,recover-20221013,001,1795
1342.6795,1342.7197,68437,82837,Rhinolophus ferrumequinum,0.022,0.022,-1,Echolocation,/mnt/ubna_data_02_mir/recover-20221013/UBNA_001/20221012_030000.WAV,Telephone Field,recover-20221013,001,1795
1342.6975,1342.7089,22890,27857,Nyctalus leisleri,0.012,0.024,-1,Echolocation,/mnt/ubna_data_02_mir/recover-20221013/UBNA_001/20221012_030000.WAV,Telephone Field,recover-20221013,001,1795
1342.7165,1342.7531,68437,81804,Rhinolophus ferrumequinum,0.02,0.02,-1,Echolocation,/mnt/ubna_data_02_mir/recover-20221013/UBNA_001/20221012_030000.WAV,Telephone Field,recover-20221013,001,1795
1342.7895,1342.8323,68437,83521,Rhinolophus ferrumequinum,0.026,0.026,-1,Echolocation,/mnt/ubna_data_02_mir/recover-20221013/UBNA_001/20221012_030000.WAV,Telephone Field,recover-20221013,001,1795
1342.8115,1342.8191,26328,35786,Eptesicus serotinus,0.007,0.02,-1,Echolocation,/mnt/ubna_data_02_mir/recover-20221013/UBNA_001/20221012_030000.WAV,Telephone Field,recover-20221013,001,1795
1342.8195,1342.856,68437,80541,Rhinolophus ferrumequinum,0.02,0.02,-1,Echolocation,/mnt/ubna_data_02_mir/recover-20221013/UBNA_001/20221012_030000.WAV,Telephone Field,recover-20221013,001,1795
1342.8265,1342.8617,68437,81102,Rhinolophus ferrumequinum,0.021,0.021,-1,Echolocation,/mnt/ubna_data_02_mir/recover-20221013/UBNA_001/20221012_030000.WAV,Telephone Field,recover-20221013,001,1795
1342.8355,1342.8421,48671,52022,Pipistrellus pipistrellus,0.023,0.024,-1,Echolocation,/mnt/ubna_data_02_mir/recover-20221013/UBNA_001/20221012_030000.WAV,Telephone Field,recover-20221013,001,1795
1342.8445,1342.8653,18593,21156,Nyctalus noctula,0.019,0.036,-1,Echolocation,/mnt/ubna_data_02_mir/recover-20221013/UBNA_001/20221012_030000.WAV,Telephone Field,recover-20221013,001,1795
1342.8835,1342.9245,68437,82679,Rhinolophus ferrumequinum,0.021,0.021,-1,Echolocation,/mnt/ubna_data_02_mir/recover-20221013/UBNA_001/20221012_030000.WAV,Telephone Field,recover-20221013,001,1795
1342.8995,1342.9126,23750,28005,Nyctalus leisleri,0.018,0.034,-1,Echolocation,/mnt/ubna_data_02_mir/recover-20221013/UBNA_001/20221012_030000.WAV,Telephone Field,recover-20221013,001,1795
1342.9355,1342.9444,24609,32477,Eptesicus serotinus,0.008,0.023,-1,Echolocation,/mnt/ubna_data_02_mir/recover-20221013/UBNA_001/20221012_030000.WAV,Telephone Field,recover-20221013,001,1795
1342.9375,1342.977,68437,82351,Rhinolophus ferrumequinum,0.02,0.02,-1,Echolocation,/mnt/ubna_data_02_mir/recover-20221013/UBNA_001/20221012_030000.WAV,Telephone Field,recover-20221013,001,1795
1342.9445,1342.9813,68437,82669,Rhinolophus ferrumequinum,0.023,0.023,-1,Echolocation,/mnt/ubna_data_02_mir/recover-20221013/UBNA_001/20221012_030000.WAV,Telephone Field,recover-20221013,001,1795
1342.9635,1343.0046,68437,83091,Rhinolophus ferrumequinum,0.024,0.024,-1,Echolocation,/mnt/ubna_data_02_mir/recover-20221013/UBNA_001/20221012_030000.WAV,Telephone Field,recover-20221013,001,1795
1342.9905,1343.0287,68437,82251,Rhinolophus ferrumequinum,0.022,0.022,-1,Echolocation,/mnt/ubna_data_02_mir/recover-20221013/UBNA_001/20221012_030000.WAV,Telephone Field,recover-20221013,001,1795
1343.0205,1343.054,68437,80366,Rhinolophus ferrumequinum,0.021,0.021,-1,Echolocation,/mnt/ubna_data_02_mir/recover-20221013/UBNA_001/20221012_030000.WAV,Telephone Field,recover-20221013,001,1795
1343.0285,1343.0635,68437,82077,Rhinolophus ferrumequinum,0.025,0.025,-1,Echolocation,/mnt/ubna_data_02_mir/recover-20221013/UBNA_001/20221012_030000.WAV,Telephone Field,recover-20221013,001,1795
1343.0295,1343.0376,28906,39365,Eptesicus serotinus,0.01,0.027,-1,Echolocation,/mnt/ubna_data_02_mir/recover-20221013/UBNA_001/20221012_030000.WAV,Telephone Field,recover-20221013,001,1795
1343.1105,1343.121,28906,36562,Eptesicus serotinus,0.011,0.031,-1,Echolocation,/mnt/ubna_data_02_mir/recover-20221013/UBNA_001/20221012_030000.WAV,Telephone Field,recover-20221013,001,1795
1343.1275,1343.136,28046,40823,Eptesicus serotinus,0.008,0.022,-1,Echolocation,/mnt/ubna_data_02_mir/recover-20221013/UBNA_001/20221012_030000.WAV,Telephone Field,recover-20221013,001,1795
1343.1355,1343.1436,23750,31597,Plecotus austriacus,0.009,0.023,-1,Echolocation,/mnt/ubna_data_02_mir/recover-20221013/UBNA_001/20221012_030000.WAV,Telephone Field,recover-20221013,001,1795
1343.1355,1343.1432,28906,40038,Eptesicus serotinus,0.007,0.022,-1,Echolocation,/mnt/ubna_data_02_mir/recover-20221013/UBNA_001/20221012_030000.WAV,Telephone Field,recover-20221013,001,1795
1343.1355,1343.1751,68437,82754,Rhinolophus ferrumequinum,0.023,0.023,-1,Echolocation,/mnt/ubna_data_02_mir/recover-20221013/UBNA_001/20221012_030000.WAV,Telephone Field,recover-20221013,001,1795
1343.1435,1343.182,68437,82093,Rhinolophus ferrumequinum,0.021,0.021,-1,Echolocation,/mnt/ubna_data_02_mir/recover-20221013/UBNA_001/20221012_030000.WAV,Telephone Field,recover-20221013,001,1795
1343.1725,1343.1799,28906,38433,Eptesicus serotinus,0.009,0.023,-1,Echolocation,/mnt/ubna_data_02_mir/recover-20221013/UBNA_001/20221012_030000.WAV,Telephone Field,recover-20221013,001,1795
1343.1805,1343.2196,68437,81817,Rhinolophus ferrumequinum,0.021,0.021,-1,Echolocation,/mnt/ubna_data_02_mir/recover-20221013/UBNA_001/20221012_030000.WAV,Telephone Field,recover-20221013,001,1795
1343.1865,1343.197,22031,26092,Nyctalus leisleri,0.01,0.02,-1,Echolocation,/mnt/ubna_data_02_mir/recover-20221013/UBNA_001/20221012_030000.WAV,Telephone Field,recover-20221013,001,1795
1343.2195,1343.2297,27187,34229,Eptesicus serotinus,0.009,0.02,-1,Echolocation,/mnt/ubna_data_02_mir/recover-20221013/UBNA_001/20221012_030000.WAV,Telephone Field,recover-20221013,001,1795
1343.2215,1343.2608,68437,82600,Rhinolophus ferrumequinum,0.021,0.021,-1,Echolocation,/mnt/ubna_data_02_mir/recover-20221013/UBNA_001/20221012_030000.WAV,Telephone Field,recover-20221013,001,1795
1343.2915,1343.3289,68437,82043,Rhinolophus ferrumequinum,0.02,0.02,-1,Echolocation,/mnt/ubna_data_02_mir/recover-20221013/UBNA_001/20221012_030000.WAV,Telephone Field,recover-20221013,001,1795
1343.3165,1343.3564,68437,82865,Rhinolophus ferrumequinum,0.024,0.025,-1,Echolocation,/mnt/ubna_data_02_mir/recover-20221013/UBNA_001/20221012_030000.WAV,Telephone Field,recover-20221013,001,1795
1343.3305,1343.3384,28046,40050,Eptesicus serotinus,0.008,0.023,-1,Echolocation,/mnt/ubna_data_02_mir/recover-20221013/UBNA_001/20221012_030000.WAV,Telephone Field,recover-20221013,001,1795
1343.3495,1343.3882,68437,82346,Rhinolophus ferrumequinum,0.023,0.023,-1,Echolocation,/mnt/ubna_data_02_mir/recover-20221013/UBNA_001/20221012_030000.WAV,Telephone Field,recover-20221013,001,1795
1343.3905,1343.4328,68437,83435,Rhinolophus ferrumequinum,0.037,0.037,-1,Echolocation,/mnt/ubna_data_02_mir/recover-20221013/UBNA_001/20221012_030000.WAV,Telephone Field,recover-20221013,001,1795
1343.4055,1343.4437,68437,82157,Rhinolophus ferrumequinum,0.02,0.021,-1,Echolocation,/mnt/ubna_data_02_mir/recover-20221013/UBNA_001/20221012_030000.WAV,Telephone Field,recover-20221013,001,1795
1343.4145,1343.4537,68437,82233,Rhinolophus ferrumequinum,0.023,0.023,-1,Echolocation,/mnt/ubna_data_02_mir/recover-20221013/UBNA_001/20221012_030000.WAV,Telephone Field,recover-20221013,001,1795
1343.4265,1343.435,26328,34706,Eptesicus serotinus,0.008,0.023,-1,Echolocation,/mnt/ubna_data_02_mir/recover-20221013/UBNA_001/20221012_030000.WAV,Telephone Field,recover-20221013,001,1795
1343.4365,1343.476,68437,81711,Rhinolophus ferrumequinum,0.021,0.021,-1,Echolocation,/mnt/ubna_data_02_mir/recover-20221013/UBNA_001/20221012_030000.WAV,Telephone Field,recover-20221013,001,1795
1343.4495,1343.4596,23750,28778,Nyctalus leisleri,0.01,0.021,-1,Echolocation,/mnt/ubna_data_02_mir/recover-20221013/UBNA_001/20221012_030000.WAV,Telephone Field,recover-20221013,001,1795
1343.4595,1343.5005,68437,82351,Rhinolophus ferrumequinum,0.021,0.021,-1,Echolocation,/mnt/ubna_data_02_mir/recover-20221013/UBNA_001/20221012_030000.WAV,Telephone Field,recover-20221013,001,1795
1343.4785,1343.5152,68437,81297,Rhinolophus ferrumequinum,0.02,0.02,-1,Echolocation,/mnt/ubna_data_02_mir/recover-20221013/UBNA_001/20221012_030000.WAV,Telephone Field,recover-20221013,001,1795
1343.4855,1343.5232,68437,82077,Rhinolophus ferrumequinum,0.021,0.021,-1,Echolocation,/mnt/ubna_data_02_mir/recover-20221013/UBNA_001/20221012_030000.WAV,Telephone Field,recover-20221013,001,1795
1343.4885,1343.494,26328,40648,Plecotus austriacus,0.009,0.033,-1,Echolocation,/mnt/ubna_data_02_mir/recover-20221013/UBNA_001/20221012_030000.WAV,Telephone Field,recover-20221013,001,1795
1343.4975,1343.5079,44375,48896,Pipistrellus pipistrellus,0.035,0.04,-1,Echolocation,/mnt/ubna_data_02_mir/recover-20221013/UBNA_001/20221012_030000.WAV,Telephone Field,recover-20221013,001,1795
1343.5195,1343.5288,31484,44043,Myotis daubentonii,0.009,0.028,-1,Echolocation,/mnt/ubna_data_02_mir/recover-20221013/UBNA_001/20221012_030000.WAV,Telephone Field,recover-20221013,001,1795
1343.5245,1343.5318,48671,53930,Pipistrellus pipistrellus,0.021,0.023,-1,Echolocation,/mnt/ubna_data_02_mir/recover-20221013/UBNA_001/20221012_030000.WAV,Telephone Field,recover-20221013,001,1795
1343.5355,1343.5729,68437,82116,Rhinolophus ferrumequinum,0.025,0.025,-1,Echolocation,/mnt/ubna_data_02_mir/recover-20221013/UBNA_001/20221012_030000.WAV,Telephone Field,recover-20221013,001,1795
1343.5525,1343.5626,24609,30744,Nyctalus leisleri,0.011,0.028,-1,Echolocation,/mnt/ubna_data_02_mir/recover-20221013/UBNA_001/20221012_030000.WAV,Telephone Field,recover-20221013,001,1795
1343.5735,1343.5833,23750,30279,Nyctalus leisleri,0.008,0.021,-1,Echolocation,/mnt/ubna_data_02_mir/recover-20221013/UBNA_001/20221012_030000.WAV,Telephone Field,recover-20221013,001,1795
1343.5815,1343.5903,49531,53887,Pipistrellus pipistrellus,0.027,0.029,-1,Echolocation,/mnt/ubna_data_02_mir/recover-20221013/UBNA_001/20221012_030000.WAV,Telephone Field,recover-20221013,001,1795
1343.6055,1343.6126,28046,40617,Eptesicus serotinus,0.006,0.021,-1,Echolocation,/mnt/ubna_data_02_mir/recover-20221013/UBNA_001/20221012_030000.WAV,Telephone Field,recover-20221013,001,1795
1343.6405,1343.6495,24609,31213,Eptesicus serotinus,0.007,0.02,-1,Echolocation,/mnt/ubna_data_02_mir/recover-20221013/UBNA_001/20221012_030000.WAV,Telephone Field,recover-20221013,001,1795
1343.6535,1343.6896,68437,81656,Rhinolophus ferrumequinum,0.021,0.021,-1,Echolocation,/mnt/ubna_data_02_mir/recover-20221013/UBNA_001/20221012_030000.WAV,Telephone Field,recover-20221013,001,1795
1343.6545,1343.6634,27187,38317,Eptesicus serotinus,0.014,0.027,-1,Echolocation,/mnt/ubna_data_02_mir/recover-20221013/UBNA_001/20221012_030000.WAV,Telephone Field,recover-20221013,001,1795
1343.6785,1343.723,68437,83473,Rhinolophus ferrumequinum,0.043,0.043,-1,Echolocation,/mnt/ubna_data_02_mir/recover-20221013/UBNA_001/20221012_030000.WAV,Telephone Field,recover-20221013,001,1795
1343.7025,1343.7101,23750,32354,Plecotus austriacus,0.009,0.022,-1,Echolocation,/mnt/ubna_data_02_mir/recover-20221013/UBNA_001/20221012_030000.WAV,Telephone Field,recover-20221013,001,1795
1343.7045,1343.7404,68437,81831,Rhinolophus ferrumequinum,0.021,0.021,-1,Echolocation,/mnt/ubna_data_02_mir/recover-20221013/UBNA_001/20221012_030000.WAV,Telephone Field,recover-20221013,001,1795
1343.7385,1343.746,28046,48221,Eptesicus serotinus,0.008,0.024,-1,Echolocation,/mnt/ubna_data_02_mir/recover-20221013/UBNA_001/20221012_030000.WAV,Telephone Field,recover-20221013,001,1795
1343.7705,1343.8098,68437,82501,Rhinolophus ferrumequinum,0.021,0.021,-1,Echolocation,/mnt/ubna_data_02_mir/recover-20221013/UBNA_001/20221012_030000.WAV,Telephone Field,recover-20221013,001,1795
1343.7755,1343.7859,25468,31841,Eptesicus serotinus,0.009,0.024,-1,Echolocation,/mnt/ubna_data_02_mir/recover-20221013/UBNA_001/20221012_030000.WAV,Telephone Field,recover-20221013,001,1795
1343.7945,1343.8348,68437,81872,Rhinolophus ferrumequinum,0.022,0.022,-1,Echolocation,/mnt/ubna_data_02_mir/recover-20221013/UBNA_001/20221012_030000.WAV,Telephone Field,recover-20221013,001,1795
1343.7945,1343.8035,28046,40569,Eptesicus serotinus,0.008,0.022,-1,Echolocation,/mnt/ubna_data_02_mir/recover-20221013/UBNA_001/20221012_030000.WAV,Telephone Field,recover-20221013,001,1795
1343.8015,1343.8382,68437,81543,Rhinolophus ferrumequinum,0.02,0.021,-1,Echolocation,/mnt/ubna_data_02_mir/recover-20221013/UBNA_001/20221012_030000.WAV,Telephone Field,recover-20221013,001,1795
1343.8535,1343.8639,22890,28123,Nyctalus leisleri,0.012,0.028,-1,Echolocation,/mnt/ubna_data_02_mir/recover-20221013/UBNA_001/20221012_030000.WAV,Telephone Field,recover-20221013,001,1795
1343.8565,1343.8637,28046,39749,Eptesicus serotinus,0.006,0.021,-1,Echolocation,/mnt/ubna_data_02_mir/recover-20221013/UBNA_001/20221012_030000.WAV,Telephone Field,recover-20221013,001,1795
1343.8695,1343.8768,30625,44144,Myotis daubentonii,0.008,0.022,-1,Echolocation,/mnt/ubna_data_02_mir/recover-20221013/UBNA_001/20221012_030000.WAV,Telephone Field,recover-20221013,001,1795
1343.8755,1343.9137,68437,82140,Rhinolophus ferrumequinum,0.021,0.021,-1,Echolocation,/mnt/ubna_data_02_mir/recover-20221013/UBNA_001/20221012_030000.WAV,Telephone Field,recover-20221013,001,1795
1343.9045,1343.945,68437,82441,Rhinolophus ferrumequinum,0.028,0.028,-1,Echolocation,/mnt/ubna_data_02_mir/recover-20221013/UBNA_001/20221012_030000.WAV,Telephone Field,recover-20221013,001,1795
1343.9175,1343.927,24609,32108,Eptesicus serotinus,0.007,0.021,-1,Echolocation,/mnt/ubna_data_02_mir/recover-20221013/UBNA_001/20221012_030000.WAV,Telephone Field,recover-20221013,001,1795
1343.9425,1343.9826,68437,82309,Rhinolophus ferrumequinum,0.021,0.021,-1,Echolocation,/mnt/ubna_data_02_mir/recover-20221013/UBNA_001/20221012_030000.WAV,Telephone Field,recover-20221013,001,1795
1344.0015,1344.01,47812,53579,Pipistrellus pipistrellus,0.016,0.021,-1,Echolocation,/mnt/ubna_data_02_mir/recover-20221013/UBNA_001/20221012_030000.WAV,Telephone Field,recover-20221013,001,1795
1344.0015,1344.0284,68437,79769,Rhinolophus ferrumequinum,0.03,0.03,-1,Echolocation,/mnt/ubna_data_02_mir/recover-20221013/UBNA_001/20221012_030000.WAV,Telephone Field,recover-20221013,001,1795
1344.0265,1344.0357,28046,36765,Eptesicus serotinus,0.009,0.023,-1,Echolocation,/mnt/ubna_data_02_mir/recover-20221013/UBNA_001/20221012_030000.WAV,Telephone Field,recover-20221013,001,1795
1344.0265,1344.0634,68437,81999,Rhinolophus ferrumequinum,0.021,0.021,-1,Echolocation,/mnt/ubna_data_02_mir/recover-20221013/UBNA_001/20221012_030000.WAV,Telephone Field,recover-20221013,001,1795
1344.0355,1344.0734,68437,81795,Rhinolophus ferrumequinum,0.021,0.021,-1,Echolocation,/mnt/ubna_data_02_mir/recover-20221013/UBNA_001/20221012_030000.WAV,Telephone Field,recover-20221013,001,1795
1344.0865,1344.1261,68437,82071,Rhinolophus ferrumequinum,0.021,0.021,-1,Echolocation,/mnt/ubna_data_02_mir/recover-20221013/UBNA_001/20221012_030000.WAV,Telephone Field,recover-20221013,001,1795
1344.1025,1344.1116,28046,40447,Eptesicus serotinus,0.009,0.023,-1,Echolocation,/mnt/ubna_data_02_mir/recover-20221013/UBNA_001/20221012_030000.WAV,Telephone Field,recover-20221013,001,1795
1344.1205,1344.1651,68437,83399,Rhinolophus ferrumequinum,0.039,0.039,-1,Echolocation,/mnt/ubna_data_02_mir/recover-20221013/UBNA_001/20221012_030000.WAV,Telephone Field,recover-20221013,001,1795
1344.1435,1344.1542,22890,27821,Nyctalus leisleri,0.012,0.024,-1,Echolocation,/mnt/ubna_data_02_mir/recover-20221013/UBNA_001/20221012_030000.WAV,Telephone Field,recover-20221013,001,1795
1344.1445,1344.1854,68437,83086,Rhinolophus ferrumequinum,0.036,0.036,-1,Echolocation,/mnt/ubna_data_02_mir/recover-20221013/UBNA_001/20221012_030000.WAV,Telephone Field,recover-20221013,001,1795
1344.1675,1344.1766,28046,36735,Eptesicus serotinus,0.01,0.026,-1,Echolocation,/mnt/ubna_data_02_mir/recover-20221013/UBNA_001/20221012_030000.WAV,Telephone Field,recover-20221013,001,1795
1344.2155,1344.2499,68437,80725,Rhinolophus ferrumequinum,0.022,0.022,-1,Echolocation,/mnt/ubna_data_02_mir/recover-20221013/UBNA_001/20221012_030000.WAV,Telephone Field,recover-20221013,001,1795
1344.2385,1344.2471,23750,31200,Plecotus austriacus,0.01,0.027,-1,Echolocation,/mnt/ubna_data_02_mir/recover-20221013/UBNA_001/20221012_030000.WAV,Telephone Field,recover-20221013,001,1795
1344.2525,1344.2915,68437,82169,Rhinolophus ferrumequinum,0.022,0.022,-1,Echolocation,/mnt/ubna_data_02_mir/recover-20221013/UBNA_001/20221012_030000.WAV,Telephone Field,recover-20221013,001,1795
1344.2855,1344.3264,68437,82298,Rhinolophus ferrumequinum,0.021,0.021,-1,Echolocation,/mnt/ubna_data_02_mir/recover-20221013/UBNA_001/20221012_030000.WAV,Telephone Field,recover-20221013,001,1795
1344.2935,1344.3,27187,40172,Eptesicus serotinus,0.006,0.024,-1,Echolocation,/mnt/ubna_data_02_mir/recover-20221013/UBNA_001/20221012_030000.WAV,Telephone Field,recover-20221013,001,1795
1344.3375,1344.3792,68437,82781,Rhinolophus ferrumequinum,0.028,0.028,-1,Echolocation,/mnt/ubna_data_02_mir/recover-20221013/UBNA_001/20221012_030000.WAV,Telephone Field,recover-20221013,001,1795
1344.3625,1344.4017,68437,82542,Rhinolophus ferrumequinum,0.024,0.024,-1,Echolocation,/mnt/ubna_data_02_mir/recover-20221013/UBNA_001/20221012_030000.WAV,Telephone Field,recover-20221013,001,1795
1344.4485,1344.4579,28046,36677,Eptesicus serotinus,0.008,0.022,-1,Echolocation,/mnt/ubna_data_02_mir/recover-20221013/UBNA_001/20221012_030000.WAV,Telephone Field,recover-20221013,001,1795
1344.4765,1344.4857,28046,36595,Eptesicus serotinus,0.041,0.067,-1,Echolocation,/mnt/ubna_data_02_mir/recover-20221013/UBNA_001/20221012_030000.WAV,Telephone Field,recover-20221013,001,1795
1344.5025,1344.5434,68437,82820,Rhinolophus ferrumequinum,0.024,0.024,-1,Echolocation,/mnt/ubna_data_02_mir/recover-20221013/UBNA_001/20221012_030000.WAV,Telephone Field,recover-20221013,001,1795
1344.5285,1344.5413,22031,25767,Nyctalus leisleri,0.013,0.022,-1,Echolocation,/mnt/ubna_data_02_mir/recover-20221013/UBNA_001/20221012_030000.WAV,Telephone Field,recover-20221013,001,1795
1344.5565,1344.5986,68437,82406,Rhinolophus ferrumequinum,0.022,0.022,-1,Echolocation,/mnt/ubna_data_02_mir/recover-20221013/UBNA_001/20221012_030000.WAV,Telephone Field,recover-20221013,001,1795
1344.5785,1344.6158,68437,81496,Rhinolophus ferrumequinum,0.022,0.022,-1,Echolocation,/mnt/ubna_data_02_mir/recover-20221013/UBNA_001/20221012_030000.WAV,Telephone Field,recover-20221013,001,1795
1344.6005,1344.6102,22031,27686,Nyctalus leisleri,0.008,0.022,-1,Echolocation,/mnt/ubna_data_02_mir/recover-20221013/UBNA_001/20221012_030000.WAV,Telephone Field,recover-20221013,001,1795
1344.6155,1344.6247,25468,34151,Eptesicus serotinus,0.008,0.021,-1,Echolocation,/mnt/ubna_data_02_mir/recover-20221013/UBNA_001/20221012_030000.WAV,Telephone Field,recover-20221013,001,1795
1344.7185,1344.7573,68437,82474,Rhinolophus ferrumequinum,0.027,0.027,-1,Echolocation,/mnt/ubna_data_02_mir/recover-20221013/UBNA_001/20221012_030000.WAV,Telephone Field,recover-20221013,001,1795
1344.7375,1344.7465,45234,54818,Pipistrellus pipistrellus,0.015,0.023,-1,Echolocation,/mnt/ubna_data_02_mir/recover-20221013/UBNA_001/20221012_030000.WAV,Telephone Field,recover-20221013,001,1795
1344.7645,1344.7723,27187,39548,Eptesicus serotinus,0.006,0.021,-1,Echolocation,/mnt/ubna_data_02_mir/recover-20221013/UBNA_001/20221012_030000.WAV,Telephone Field,recover-20221013,001,1795
1344.7715,1344.8097,68437,82512,Rhinolophus ferrumequinum,0.023,0.023,-1,Echolocation,/mnt/ubna_data_02_mir/recover-20221013/UBNA_001/20221012_030000.WAV,Telephone Field,recover-20221013,001,1795
1344.7795,1344.818,68437,81949,Rhinolophus ferrumequinum,0.025,0.025,-1,Echolocation,/mnt/ubna_data_02_mir/recover-20221013/UBNA_001/20221012_030000.WAV,Telephone Field,recover-20221013,001,1795
1344.7845,1344.8247,68437,82267,Rhinolophus ferrumequinum,0.025,0.025,-1,Echolocation,/mnt/ubna_data_02_mir/recover-20221013/UBNA_001/20221012_030000.WAV,Telephone Field,recover-20221013,001,1795
1344.8075,1344.8411,68437,80964,Rhinolophus ferrumequinum,0.022,0.022,-1,Echolocation,/mnt/ubna_data_02_mir/recover-20221013/UBNA_001/20221012_030000.WAV,Telephone Field,recover-20221013,001,1795
1344.8205,1344.8616,68437,82730,Rhinolophus ferrumequinum,0.026,0.026,-1,Echolocation,/mnt/ubna_data_02_mir/recover-20221013/UBNA_001/20221012_030000.WAV,Telephone Field,recover-20221013,001,1795
1344.8835,1344.9276,68437,83119,Rhinolophus ferrumequinum,0.026,0.026,-1,Echolocation,/mnt/ubna_data_02_mir/recover-20221013/UBNA_001/20221012_030000.WAV,Telephone Field,recover-20221013,001,1795
1344.8895,1344.8973,28046,39761,Eptesicus serotinus,0.007,0.022,-1,Echolocation,/mnt/ubna_data_02_mir/recover-20221013/UBNA_001/20221012_030000.WAV,Telephone Field,recover-20221013,001,1795
1344.8905,1344.8992,22890,30566,Plecotus austriacus,0.008,0.022,-1,Echolocation,/mnt/ubna_data_02_mir/recover-20221013/UBNA_001/20221012_030000.WAV,Telephone Field,recover-20221013,001,1795
1344.9135,1344.9541,68437,82837,Rhinolophus ferrumequinum,0.031,0.031,-1,Echolocation,/mnt/ubna_data_02_mir/recover-20221013/UBNA_001/20221012_030000.WAV,Telephone Field,recover-20221013,001,1795
1344.9435,1344.984,68437,82291,Rhinolophus ferrumequinum,0.022,0.022,-1,Echolocation,/mnt/ubna_data_02_mir/recover-20221013/UBNA_001/20221012_030000.WAV,Telephone Field,recover-20221013,001,1795
1344.9515,1344.9598,28046,38258,Eptesicus serotinus,0.008,0.021,-1,Echolocation,/mnt/ubna_data_02_mir/recover-20221013/UBNA_001/20221012_030000.WAV,Telephone Field,recover-20221013,001,1795
1344.9875,1345.027,68437,82308,Rhinolophus ferrumequinum,0.022,0.022,-1,Echolocation,/mnt/ubna_data_02_mir/recover-20221013/UBNA_001/20221012_030000.WAV,Telephone Field,recover-20221013,001,1795
1344.9985,1345.0378,68437,81564,Rhinolophus ferrumequinum,0.021,0.021,-1,Echolocation,/mnt/ubna_data_02_mir/recover-20221013/UBNA_001/20221012_030000.WAV,Telephone Field,recover-20221013,001,1795
1345.0265,1345.0648,68437,81895,Rhinolophus ferrumequinum,0.021,0.021,-1,Echolocation,/mnt/ubna_data_02_mir/recover-20221013/UBNA_001/20221012_030000.WAV,Telephone Field,recover-20221013,001,1795
1345.0445,1345.0829,68437,81879,Rhinolophus ferrumequinum,0.024,0.024,-1,Echolocation,/mnt/ubna_data_02_mir/recover-20221013/UBNA_001/20221012_030000.WAV,Telephone Field,recover-20221013,001,1795
1345.0595,1345.1002,68437,83104,Rhinolophus ferrumequinum,0.024,0.024,-1,Echolocation,/mnt/ubna_data_02_mir/recover-20221013/UBNA_001/20221012_030000.WAV,Telephone Field,recover-20221013,001,1795
1345.0645,1345.075,22031,26934,Nyctalus leisleri,0.012,0.024,-1,Echolocation,/mnt/ubna_data_02_mir/recover-20221013/UBNA_001/20221012_030000.WAV,Telephone Field,recover-20221013,001,1795
1345.0655,1345.0726,28906,37909,Eptesicus serotinus,0.005,0.022,-1,Echolocation,/mnt/ubna_data_02_mir/recover-20221013/UBNA_001/20221012_030000.WAV,Telephone Field,recover-20221013,001,1795
1345.0695,1345.1068,68437,81541,Rhinolophus ferrumequinum,0.021,0.021,-1,Echolocation,/mnt/ubna_data_02_mir/recover-20221013/UBNA_001/20221012_030000.WAV,Telephone Field,recover-20221013,001,1795
1345.0955,1345.1375,68437,82830,Rhinolophus ferrumequinum,0.021,0.021,-1,Echolocation,/mnt/ubna_data_02_mir/recover-20221013/UBNA_001/20221012_030000.WAV,Telephone Field,recover-20221013,001,1795
1345.1095,1345.1182,44375,49846,Pipistrellus pipistrellus,0.019,0.023,-1,Echolocation,/mnt/ubna_data_02_mir/recover-20221013/UBNA_001/20221012_030000.WAV,Telephone Field,recover-20221013,001,1795
1345.1115,1345.1193,28906,37087,Eptesicus serotinus,0.007,0.024,-1,Echolocation,/mnt/ubna_data_02_mir/recover-20221013/UBNA_001/20221012_030000.WAV,Telephone Field,recover-20221013,001,1795
1345.1325,1345.1711,68437,82570,Rhinolophus ferrumequinum,0.024,0.024,-1,Echolocation,/mnt/ubna_data_02_mir/recover-20221013/UBNA_001/20221012_030000.WAV,Telephone Field,recover-20221013,001,1795
1345.1605,1345.1986,68437,81471,Rhinolophus ferrumequinum,0.022,0.022,-1,Echolocation,/mnt/ubna_data_02_mir/recover-20221013/UBNA_001/20221012_030000.WAV,Telephone Field,recover-20221013,001,1795
1345.1615,1345.1705,27187,37421,Eptesicus serotinus,0.008,0.022,-1,Echolocation,/mnt/ubna_data_02_mir/recover-20221013/UBNA_001/20221012_030000.WAV,Telephone Field,recover-20221013,001,1795
1345.1805,1345.2161,68437,81397,Rhinolophus ferrumequinum,0.025,0.026,-1,Echolocation,/mnt/ubna_data_02_mir/recover-20221013/UBNA_001/20221012_030000.WAV,Telephone Field,recover-20221013,001,1795
1345.2205,1345.2312,22890,27610,Nyctalus leisleri,0.011,0.021,-1,Echolocation,/mnt/ubna_data_02_mir/recover-20221013/UBNA_001/20221012_030000.WAV,Telephone Field,recover-20221013,001,1795
1345.2525,1345.2892,68437,82073,Rhinolophus ferrumequinum,0.021,0.021,-1,Echolocation,/mnt/ubna_data_02_mir/recover-20221013/UBNA_001/20221012_030000.WAV,Telephone Field,recover-20221013,001,1795
1345.2715,1345.3108,68437,81703,Rhinolophus ferrumequinum,0.022,0.022,-1,Echolocation,/mnt/ubna_data_02_mir/recover-20221013/UBNA_001/20221012_030000.WAV,Telephone Field,recover-20221013,001,1795
1345.2775,1345.286,28046,41381,Eptesicus serotinus,0.008,0.025,-1,Echolocation,/mnt/ubna_data_02_mir/recover-20221013/UBNA_001/20221012_030000.WAV,Telephone Field,recover-20221013,001,1795
1345.2885,1345.3031,26328,31124,Nyctalus leisleri,0.014,0.035,-1,Echolocation,/mnt/ubna_data_02_mir/recover-20221013/UBNA_001/20221012_030000.WAV,Telephone Field,recover-20221013,001,1795
1345.3045,1345.3457,68437,82787,Rhinolophus ferrumequinum,0.027,0.027,-1,Echolocation,/mnt/ubna_data_02_mir/recover-20221013/UBNA_001/20221012_030000.WAV,Telephone Field,recover-20221013,001,1795
1345.3075,1345.3155,28906,40823,Eptesicus serotinus,0.011,0.035,-1,Echolocation,/mnt/ubna_data_02_mir/recover-20221013/UBNA_001/20221012_030000.WAV,Telephone Field,recover-20221013,001,1795
1345.3395,1345.3483,23750,31807,Plecotus austriacus,0.011,0.032,-1,Echolocation,/mnt/ubna_data_02_mir/recover-20221013/UBNA_001/20221012_030000.WAV,Telephone Field,recover-20221013,001,1795
1345.3565,1345.3988,68437,82661,Rhinolophus ferrumequinum,0.025,0.025,-1,Echolocation,/mnt/ubna_data_02_mir/recover-20221013/UBNA_001/20221012_030000.WAV,Telephone Field,recover-20221013,001,1795
1345.3615,1345.3712,51250,55619,Pipistrellus pipistrellus,0.024,0.03,-1,Echolocation,/mnt/ubna_data_02_mir/recover-20221013/UBNA_001/20221012_030000.WAV,Telephone Field,recover-20221013,001,1795
1345.3695,1345.3788,27187,35231,Eptesicus serotinus,0.01,0.024,-1,Echolocation,/mnt/ubna_data_02_mir/recover-20221013/UBNA_001/20221012_030000.WAV,Telephone Field,recover-20221013,001,1795
1345.3735,1345.3841,22031,27676,Nyctalus leisleri,0.009,0.025,-1,Echolocation,/mnt/ubna_data_02_mir/recover-20221013/UBNA_001/20221012_030000.WAV,Telephone Field,recover-20221013,001,1795
1345.3815,1345.4219,68437,82403,Rhinolophus ferrumequinum,0.027,0.027,-1,Echolocation,/mnt/ubna_data_02_mir/recover-20221013/UBNA_001/20221012_030000.WAV,Telephone Field,recover-20221013,001,1795
1345.3845,1345.4012,22031,25779,Nyctalus leisleri,0.023,0.039,-1,Echolocation,/mnt/ubna_data_02_mir/recover-20221013/UBNA_001/20221012_030000.WAV,Telephone Field,recover-20221013,001,1795
1345.3925,1345.4032,23750,28943,Nyctalus leisleri,0.011,0.023,-1,Echolocation,/mnt/ubna_data_02_mir/recover-20221013/UBNA_001/20221012_030000.WAV,Telephone Field,recover-20221013,001,1795
1345.4215,1345.4288999999999,27187,40949,Eptesicus serotinus,0.006,0.023,-1,Echolocation,/mnt/ubna_data_02_mir/recover-20221013/UBNA_001/20221012_030000.WAV,Telephone Field,recover-20221013,001,1795
1345.4435,1345.4815,68437,81443,Rhinolophus ferrumequinum,0.022,0.023,-1,Echolocation,/mnt/ubna_data_02_mir/recover-20221013/UBNA_001/20221012_030000.WAV,Telephone Field,recover-20221013,001,1795
1345.4715,1345.4807,28046,40775,Eptesicus serotinus,0.009,0.022,-1,Echolocation,/mnt/ubna_data_02_mir/recover-20221013/UBNA_001/20221012_030000.WAV,Telephone Field,recover-20221013,001,1795
1345.4775,1345.4854,28906,37853,Eptesicus serotinus,0.008,0.023,-1,Echolocation,/mnt/ubna_data_02_mir/recover-20221013/UBNA_001/20221012_030000.WAV,Telephone Field,recover-20221013,001,1795
1345.5265,1345.5362,24609,31998,Nyctalus leisleri,0.007,0.022,-1,Echolocation,/mnt/ubna_data_02_mir/recover-20221013/UBNA_001/20221012_030000.WAV,Telephone Field,recover-20221013,001,1795
1345.5685,1345.5779,25468,34012,Eptesicus serotinus,0.009,0.023,-1,Echolocation,/mnt/ubna_data_02_mir/recover-20221013/UBNA_001/20221012_030000.WAV,Telephone Field,recover-20221013,001,1795
1345.5755,1345.5835,28046,40312,Eptesicus serotinus,0.01,0.029,-1,Echolocation,/mnt/ubna_data_02_mir/recover-20221013/UBNA_001/20221012_030000.WAV,Telephone Field,recover-20221013,001,1795
1345.6135,1345.6513,68437,82254,Rhinolophus ferrumequinum,0.022,0.022,-1,Echolocation,/mnt/ubna_data_02_mir/recover-20221013/UBNA_001/20221012_030000.WAV,Telephone Field,recover-20221013,001,1795
1345.6365,1345.6721,68437,80511,Rhinolophus ferrumequinum,0.021,0.021,-1,Echolocation,/mnt/ubna_data_02_mir/recover-20221013/UBNA_001/20221012_030000.WAV,Telephone Field,recover-20221013,001,1795
1345.6945,1345.7019,28046,39929,Eptesicus serotinus,0.007,0.023,-1,Echolocation,/mnt/ubna_data_02_mir/recover-20221013/UBNA_001/20221012_030000.WAV,Telephone Field,recover-20221013,001,1795
1345.7135,1345.7205,26328,38527,Eptesicus serotinus,0.006,0.022,-1,Echolocation,/mnt/ubna_data_02_mir/recover-20221013/UBNA_001/20221012_030000.WAV,Telephone Field,recover-20221013,001,1795
1345.7425,1345.7807,68437,81888,Rhinolophus ferrumequinum,0.021,0.021,-1,Echolocation,/mnt/ubna_data_02_mir/recover-20221013/UBNA_001/20221012_030000.WAV,Telephone Field,recover-20221013,001,1795
1345.7795,1345.7871,28046,37498,Eptesicus serotinus,0.006,0.022,-1,Echolocation,/mnt/ubna_data_02_mir/recover-20221013/UBNA_001/20221012_030000.WAV,Telephone Field,recover-20221013,001,1795
1345.7895,1345.8264,68437,81589,Rhinolophus ferrumequinum,0.021,0.021,-1,Echolocation,/mnt/ubna_data_02_mir/recover-20221013/UBNA_001/20221012_030000.WAV,Telephone Field,recover-20221013,001,1795
1345.8085,1345.8457,68437,82130,Rhinolophus ferrumequinum,0.022,0.022,-1,Echolocation,/mnt/ubna_data_02_mir/recover-20221013/UBNA_001/20221012_030000.WAV,Telephone Field,recover-20221013,001,1795
1345.8235,1345.8306,28046,40165,Eptesicus serotinus,0.006,0.022,-1,Echolocation,/mnt/ubna_data_02_mir/recover-20221013/UBNA_001/20221012_030000.WAV,Telephone Field,recover-20221013,001,1795
1345.8905,1345.9081,20312,23363,Nyctalus leisleri,0.011,0.022,-1,Echolocation,/mnt/ubna_data_02_mir/recover-20221013/UBNA_001/20221012_030000.WAV,Telephone Field,recover-20221013,001,1795
1345.9245,1345.9349,25468,31425,Nyctalus leisleri,0.017,0.04,-1,Echolocation,/mnt/ubna_data_02_mir/recover-20221013/UBNA_001/20221012_030000.WAV,Telephone Field,recover-20221013,001,1795
1345.9345,1345.9753,68437,82898,Rhinolophus ferrumequinum,0.027,0.027,-1,Echolocation,/mnt/ubna_data_02_mir/recover-20221013/UBNA_001/20221012_030000.WAV,Telephone Field,recover-20221013,001,1795
1345.9345,1345.9416,27187,35811,Eptesicus serotinus,0.007,0.024,-1,Echolocation,/mnt/ubna_data_02_mir/recover-20221013/UBNA_001/20221012_030000.WAV,Telephone Field,recover-20221013,001,1795
1345.9485,1345.988,68437,82538,Rhinolophus ferrumequinum,0.023,0.023,-1,Echolocation,/mnt/ubna_data_02_mir/recover-20221013/UBNA_001/20221012_030000.WAV,Telephone Field,recover-20221013,001,1795
1345.9575,1345.9959,68437,82619,Rhinolophus ferrumequinum,0.022,0.022,-1,Echolocation,/mnt/ubna_data_02_mir/recover-20221013/UBNA_001/20221012_030000.WAV,Telephone Field,recover-20221013,001,1795
1345.9725,1345.9797,28046,39258,Eptesicus serotinus,0.007,0.025,-1,Echolocation,/mnt/ubna_data_02_mir/recover-20221013/UBNA_001/20221012_030000.WAV,Telephone Field,recover-20221013,001,1795
1346.0015,1346.0086000000001,23750,33413,Plecotus austriacus,0.013,0.038,-1,Echolocation,/mnt/ubna_data_02_mir/recover-20221013/UBNA_001/20221012_030000.WAV,Telephone Field,recover-20221013,001,1795
1346.0025,1346.0414,68437,81618,Rhinolophus ferrumequinum,0.022,0.023,-1,Echolocation,/mnt/ubna_data_02_mir/recover-20221013/UBNA_001/20221012_030000.WAV,Telephone Field,recover-20221013,001,1795
1346.0915,1346.1328,68437,82083,Rhinolophus ferrumequinum,0.023,0.023,-1,Echolocation,/mnt/ubna_data_02_mir/recover-20221013/UBNA_001/20221012_030000.WAV,Telephone Field,recover-20221013,001,1795
1346.0995,1346.1419,68437,83051,Rhinolophus ferrumequinum,0.025,0.025,-1,Echolocation,/mnt/ubna_data_02_mir/recover-20221013/UBNA_001/20221012_030000.WAV,Telephone Field,recover-20221013,001,1795
1346.1345,1346.1764,68437,83136,Rhinolophus ferrumequinum,0.028,0.028,-1,Echolocation,/mnt/ubna_data_02_mir/recover-20221013/UBNA_001/20221012_030000.WAV,Telephone Field,recover-20221013,001,1795
1346.1565,1346.1671,22890,29209,Nyctalus leisleri,0.008,0.021,-1,Echolocation,/mnt/ubna_data_02_mir/recover-20221013/UBNA_001/20221012_030000.WAV,Telephone Field,recover-20221013,001,1795
1346.1925,1346.1997,28906,37988,Eptesicus serotinus,0.007,0.025,-1,Echolocation,/mnt/ubna_data_02_mir/recover-20221013/UBNA_001/20221012_030000.WAV,Telephone Field,recover-20221013,001,1795
1346.2055,1346.243,68437,81814,Rhinolophus ferrumequinum,0.027,0.027,-1,Echolocation,/mnt/ubna_data_02_mir/recover-20221013/UBNA_001/20221012_030000.WAV,Telephone Field,recover-20221013,001,1795
1346.2565,1346.2965,68437,82311,Rhinolophus ferrumequinum,0.028,0.028,-1,Echolocation,/mnt/ubna_data_02_mir/recover-20221013/UBNA_001/20221012_030000.WAV,Telephone Field,recover-20221013,001,1795
1346.2865,1346.3293,68437,83077,Rhinolophus ferrumequinum,0.025,0.025,-1,Echolocation,/mnt/ubna_data_02_mir/recover-20221013/UBNA_001/20221012_030000.WAV,Telephone Field,recover-20221013,001,1795
1346.2905,1346.3002,28046,38027,Eptesicus serotinus,0.009,0.022,-1,Echolocation,/mnt/ubna_data_02_mir/recover-20221013/UBNA_001/20221012_030000.WAV,Telephone Field,recover-20221013,001,1795
1346.3145,1346.3246,28046,36321,Eptesicus serotinus,0.01,0.024,-1,Echolocation,/mnt/ubna_data_02_mir/recover-20221013/UBNA_001/20221012_030000.WAV,Telephone Field,recover-20221013,001,1795
1346.3295,1346.3414,22031,26129,Nyctalus leisleri,0.012,0.021,-1,Echolocation,/mnt/ubna_data_02_mir/recover-20221013/UBNA_001/20221012_030000.WAV,Telephone Field,recover-20221013,001,1795
1346.3425,1346.3579,22031,25579,Nyctalus leisleri,0.014,0.022,-1,Echolocation,/mnt/ubna_data_02_mir/recover-20221013/UBNA_001/20221012_030000.WAV,Telephone Field,recover-20221013,001,1795
1346.3525,1346.3895,68437,80762,Rhinolophus ferrumequinum,0.026,0.026,-1,Echolocation,/mnt/ubna_data_02_mir/recover-20221013/UBNA_001/20221012_030000.WAV,Telephone Field,recover-20221013,001,1795
1346.3595,1346.3986,68437,81886,Rhinolophus ferrumequinum,0.024,0.024,-1,Echolocation,/mnt/ubna_data_02_mir/recover-20221013/UBNA_001/20221012_030000.WAV,Telephone Field,recover-20221013,001,1795
1346.3735,1346.3841,25468,32368,Eptesicus serotinus,0.01,0.026,-1,Echolocation,/mnt/ubna_data_02_mir/recover-20221013/UBNA_001/20221012_030000.WAV,Telephone Field,recover-20221013,001,1795
1346.3935,1346.4091,22031,26013,Nyctalus leisleri,0.02,0.036,-1,Echolocation,/mnt/ubna_data_02_mir/recover-20221013/UBNA_001/20221012_030000.WAV,Telephone Field,recover-20221013,001,1795
1346.3995,1346.4403,68437,81972,Rhinolophus ferrumequinum,0.024,0.024,-1,Echolocation,/mnt/ubna_data_02_mir/recover-20221013/UBNA_001/20221012_030000.WAV,Telephone Field,recover-20221013,001,1795
1346.4605,1346.4664,49531,53944,Pipistrellus pipistrellus,0.037,0.038,-1,Echolocation,/mnt/ubna_data_02_mir/recover-20221013/UBNA_001/20221012_030000.WAV,Telephone Field,recover-20221013,001,1795
1346.4775,1346.5172,68437,82164,Rhinolophus ferrumequinum,0.021,0.021,-1,Echolocation,/mnt/ubna_data_02_mir/recover-20221013/UBNA_001/20221012_030000.WAV,Telephone Field,recover-20221013,001,1795
1346.5325,1346.5408,43515,50027,Pipistrellus pipistrellus,0.018,0.023,-1,Echolocation,/mnt/ubna_data_02_mir/recover-20221013/UBNA_001/20221012_030000.WAV,Telephone Field,recover-20221013,001,1795
1346.5515,1346.5594,28046,37510,Eptesicus serotinus,0.008,0.022,-1,Echolocation,/mnt/ubna_data_02_mir/recover-20221013/UBNA_001/20221012_030000.WAV,Telephone Field,recover-20221013,001,1795
1346.5665,1346.609,68437,82970,Rhinolophus ferrumequinum,0.028,0.028,-1,Echolocation,/mnt/ubna_data_02_mir/recover-20221013/UBNA_001/20221012_030000.WAV,Telephone Field,recover-20221013,001,1795
1346.6015,1346.6119,22031,26924,Nyctalus leisleri,0.01,0.021,-1,Echolocation,/mnt/ubna_data_02_mir/recover-20221013/UBNA_001/20221012_030000.WAV,Telephone Field,recover-20221013,001,1795
1346.6015,1346.6437,68437,83234,Rhinolophus ferrumequinum,0.025,0.025,-1,Echolocation,/mnt/ubna_data_02_mir/recover-20221013/UBNA_001/20221012_030000.WAV,Telephone Field,recover-20221013,001,1795
1346.6585,1346.6659,26328,40303,Eptesicus serotinus,0.007,0.023,-1,Echolocation,/mnt/ubna_data_02_mir/recover-20221013/UBNA_001/20221012_030000.WAV,Telephone Field,recover-20221013,001,1795
1346.6725,1346.7121,68437,82697,Rhinolophus ferrumequinum,0.027,0.027,-1,Echolocation,/mnt/ubna_data_02_mir/recover-20221013/UBNA_001/20221012_030000.WAV,Telephone Field,recover-20221013,001,1795
1346.6825,1346.691,43515,49466,Pipistrellus pipistrellus,0.023,0.027,-1,Echolocation,/mnt/ubna_data_02_mir/recover-20221013/UBNA_001/20221012_030000.WAV,Telephone Field,recover-20221013,001,1795
1346.6975,1346.7062,22890,30321,Plecotus austriacus,0.012,0.025,-1,Echolocation,/mnt/ubna_data_02_mir/recover-20221013/UBNA_001/20221012_030000.WAV,Telephone Field,recover-20221013,001,1795
1346.7145,1346.7517,68437,81829,Rhinolophus ferrumequinum,0.021,0.021,-1,Echolocation,/mnt/ubna_data_02_mir/recover-20221013/UBNA_001/20221012_030000.WAV,Telephone Field,recover-20221013,001,1795
1346.7185,1346.7268,25468,33613,Eptesicus serotinus,0.006,0.022,-1,Echolocation,/mnt/ubna_data_02_mir/recover-20221013/UBNA_001/20221012_030000.WAV,Telephone Field,recover-20221013,001,1795
1346.7485,1346.7845,68437,80017,Rhinolophus ferrumequinum,0.024,0.024,-1,Echolocation,/mnt/ubna_data_02_mir/recover-20221013/UBNA_001/20221012_030000.WAV,Telephone Field,recover-20221013,001,1795
1346.7495,1346.7582,28046,38541,Eptesicus serotinus,0.008,0.023,-1,Echolocation,/mnt/ubna_data_02_mir/recover-20221013/UBNA_001/20221012_030000.WAV,Telephone Field,recover-20221013,001,1795
1346.7805,1346.8165,68437,81745,Rhinolophus ferrumequinum,0.021,0.021,-1,Echolocation,/mnt/ubna_data_02_mir/recover-20221013/UBNA_001/20221012_030000.WAV,Telephone Field,recover-20221013,001,1795
1346.7975,1346.8386,68437,82858,Rhinolophus ferrumequinum,0.026,0.026,-1,Echolocation,/mnt/ubna_data_02_mir/recover-20221013/UBNA_001/20221012_030000.WAV,Telephone Field,recover-20221013,001,1795
1346.8005,1346.8091,22890,29726,Plecotus austriacus,0.008,0.021,-1,Echolocation,/mnt/ubna_data_02_mir/recover-20221013/UBNA_001/20221012_030000.WAV,Telephone Field,recover-20221013,001,1795
1346.8735,1346.9105,68437,81691,Rhinolophus ferrumequinum,0.021,0.021,-1,Echolocation,/mnt/ubna_data_02_mir/recover-20221013/UBNA_001/20221012_030000.WAV,Telephone Field,recover-20221013,001,1795
1346.9435,1346.9833,68437,82645,Rhinolophus ferrumequinum,0.025,0.025,-1,Echolocation,/mnt/ubna_data_02_mir/recover-20221013/UBNA_001/20221012_030000.WAV,Telephone Field,recover-20221013,001,1795
1346.9615,1346.9731,23750,29255,Nyctalus leisleri,0.012,0.028,-1,Echolocation,/mnt/ubna_data_02_mir/recover-20221013/UBNA_001/20221012_030000.WAV,Telephone Field,recover-20221013,001,1795
1347.0165,1347.0262,28906,38146,Eptesicus serotinus,0.01,0.023,-1,Echolocation,/mnt/ubna_data_02_mir/recover-20221013/UBNA_001/20221012_030000.WAV,Telephone Field,recover-20221013,001,1795
1347.0415,1347.0489,24609,37122,Myotis nattereri,0.007,0.023,-1,Echolocation,/mnt/ubna_data_02_mir/recover-20221013/UBNA_001/20221012_030000.WAV,Telephone Field,recover-20221013,001,1795
1347.0585,1347.0975,68437,81184,Rhinolophus ferrumequinum,0.026,0.026,-1,Echolocation,/mnt/ubna_data_02_mir/recover-20221013/UBNA_001/20221012_030000.WAV,Telephone Field,recover-20221013,001,1795
1347.0795,1347.0896,23750,30469,Nyctalus leisleri,0.008,0.024,-1,Echolocation,/mnt/ubna_data_02_mir/recover-20221013/UBNA_001/20221012_030000.WAV,Telephone Field,recover-20221013,001,1795
1347.0795,1347.1196,68437,82713,Rhinolophus ferrumequinum,0.021,0.021,-1,Echolocation,/mnt/ubna_data_02_mir/recover-20221013/UBNA_001/20221012_030000.WAV,Telephone Field,recover-20221013,001,1795
1347.1205,1347.1607,68437,82688,Rhinolophus ferrumequinum,0.021,0.021,-1,Echolocation,/mnt/ubna_data_02_mir/recover-20221013/UBNA_001/20221012_030000.WAV,Telephone Field,recover-20221013,001,1795
1347.1235,1347.1306,27187,40822,Eptesicus serotinus,0.006,0.021,-1,Echolocation,/mnt/ubna_data_02_mir/recover-20221013/UBNA_001/20221012_030000.WAV,Telephone Field,recover-20221013,001,1795
1347.1375,1347.1464,28906,36773,Eptesicus serotinus,0.007,0.021,-1,Echolocation,/mnt/ubna_data_02_mir/recover-20221013/UBNA_001/20221012_030000.WAV,Telephone Field,recover-20221013,001,1795
1347.1405,1347.1797,68437,81706,Rhinolophus ferrumequinum,0.024,0.024,-1,Echolocation,/mnt/ubna_data_02_mir/recover-20221013/UBNA_001/20221012_030000.WAV,Telephone Field,recover-20221013,001,1795
1347.1865,1347.1964,23750,31039,Nyctalus leisleri,0.007,0.021,-1,Echolocation,/mnt/ubna_data_02_mir/recover-20221013/UBNA_001/20221012_030000.WAV,Telephone Field,recover-20221013,001,1795
1347.2315,1347.2384,28046,39698,Eptesicus serotinus,0.007,0.025,-1,Echolocation,/mnt/ubna_data_02_mir/recover-20221013/UBNA_001/20221012_030000.WAV,Telephone Field,recover-20221013,001,1795
1347.2795,1347.2855,28906,39757,Eptesicus serotinus,0.007,0.029,-1,Echolocation,/mnt/ubna_data_02_mir/recover-20221013/UBNA_001/20221012_030000.WAV,Telephone Field,recover-20221013,001,1795
1347.2885,1347.3009,43515,46856,Pipistrellus pipistrellus,0.019,0.023,-1,Echolocation,/mnt/ubna_data_02_mir/recover-20221013/UBNA_001/20221012_030000.WAV,Telephone Field,recover-20221013,001,1795
1347.2985,1347.3082,28906,37848,Eptesicus serotinus,0.012,0.029,-1,Echolocation,/mnt/ubna_data_02_mir/recover-20221013/UBNA_001/20221012_030000.WAV,Telephone Field,recover-20221013,001,1795
1347.3005,1347.3388,68437,81763,Rhinolophus ferrumequinum,0.022,0.022,-1,Echolocation,/mnt/ubna_data_02_mir/recover-20221013/UBNA_001/20221012_030000.WAV,Telephone Field,recover-20221013,001,1795
1347.3445,1347.3561,23750,30641,Nyctalus leisleri,0.014,0.037,-1,Echolocation,/mnt/ubna_data_02_mir/recover-20221013/UBNA_001/20221012_030000.WAV,Telephone Field,recover-20221013,001,1795
1347.3775,1347.3875,22890,29095,Nyctalus leisleri,0.009,0.025,-1,Echolocation,/mnt/ubna_data_02_mir/recover-20221013/UBNA_001/20221012_030000.WAV,Telephone Field,recover-20221013,001,1795
1347.4105,1347.4207,28906,36285,Eptesicus serotinus,0.01,0.026,-1,Echolocation,/mnt/ubna_data_02_mir/recover-20221013/UBNA_001/20221012_030000.WAV,Telephone Field,recover-20221013,001,1795
1347.4405,1347.4737,68437,80538,Rhinolophus ferrumequinum,0.034,0.034,-1,Echolocation,/mnt/ubna_data_02_mir/recover-20221013/UBNA_001/20221012_030000.WAV,Telephone Field,recover-20221013,001,1795
1347.4625,1347.4697,27187,39396,Eptesicus serotinus,0.006,0.021,-1,Echolocation,/mnt/ubna_data_02_mir/recover-20221013/UBNA_001/20221012_030000.WAV,Telephone Field,recover-20221013,001,1795
1347.4775,1347.5197,68437,83432,Rhinolophus ferrumequinum,0.031,0.031,-1,Echolocation,/mnt/ubna_data_02_mir/recover-20221013/UBNA_001/20221012_030000.WAV,Telephone Field,recover-20221013,001,1795
1347.5075,1347.5523,68437,83737,Rhinolophus ferrumequinum,0.034,0.034,-1,Echolocation,/mnt/ubna_data_02_mir/recover-20221013/UBNA_001/20221012_030000.WAV,Telephone Field,recover-20221013,001,1795
1347.5325,1347.5702,68437,81808,Rhinolophus ferrumequinum,0.021,0.021,-1,Echolocation,/mnt/ubna_data_02_mir/recover-20221013/UBNA_001/20221012_030000.WAV,Telephone Field,recover-20221013,001,1795
1347.5505,1347.5902,68437,82406,Rhinolophus ferrumequinum,0.021,0.021,-1,Echolocation,/mnt/ubna_data_02_mir/recover-20221013/UBNA_001/20221012_030000.WAV,Telephone Field,recover-20221013,001,1795
1347.5705,1347.5785,58125,63825,Pipistrellus pygmaeus,0.026,0.027,-1,Echolocation,/mnt/ubna_data_02_mir/recover-20221013/UBNA_001/20221012_030000.WAV,Telephone Field,recover-20221013,001,1795
1347.5945,1347.635,68437,82660,Rhinolophus ferrumequinum,0.032,0.032,-1,Echolocation,/mnt/ubna_data_02_mir/recover-20221013/UBNA_001/20221012_030000.WAV,Telephone Field,recover-20221013,001,1795
1347.6195,1347.6268,28046,36704,Eptesicus serotinus,0.01,0.027,-1,Echolocation,/mnt/ubna_data_02_mir/recover-20221013/UBNA_001/20221012_030000.WAV,Telephone Field,recover-20221013,001,1795
1347.6465,1347.6573,44375,51526,Pipistrellus pipistrellus,0.019,0.026,-1,Echolocation,/mnt/ubna_data_02_mir/recover-20221013/UBNA_001/20221012_030000.WAV,Telephone Field,recover-20221013,001,1795
1347.6565,1347.6644000000001,27187,37015,Eptesicus serotinus,0.007,0.021,-1,Echolocation,/mnt/ubna_data_02_mir/recover-20221013/UBNA_001/20221012_030000.WAV,Telephone Field,recover-20221013,001,1795
1347.6915,1347.7026,24609,30872,Nyctalus leisleri,0.012,0.028,-1,Echolocation,/mnt/ubna_data_02_mir/recover-20221013/UBNA_001/20221012_030000.WAV,Telephone Field,recover-20221013,001,1795
1347.7295,1347.7392,22031,27607,Nyctalus leisleri,0.008,0.022,-1,Echolocation,/mnt/ubna_data_02_mir/recover-20221013/UBNA_001/20221012_030000.WAV,Telephone Field,recover-20221013,001,1795
1347.7605,1347.7681,28046,41175,Eptesicus serotinus,0.007,0.021,-1,Echolocation,/mnt/ubna_data_02_mir/recover-20221013/UBNA_001/20221012_030000.WAV,Telephone Field,recover-20221013,001,1795
1347.7775,1347.816,68437,81453,Rhinolophus ferrumequinum,0.021,0.021,-1,Echolocation,/mnt/ubna_data_02_mir/recover-20221013/UBNA_001/20221012_030000.WAV,Telephone Field,recover-20221013,001,1795
1347.8005,1347.8418,68437,81961,Rhinolophus ferrumequinum,0.021,0.021,-1,Echolocation,/mnt/ubna_data_02_mir/recover-20221013/UBNA_001/20221012_030000.WAV,Telephone Field,recover-20221013,001,1795
1347.8285,1347.8702,68437,82709,Rhinolophus ferrumequinum,0.032,0.032,-1,Echolocation,/mnt/ubna_data_02_mir/recover-20221013/UBNA_001/20221012_030000.WAV,Telephone Field,recover-20221013,001,1795
1347.8355,1347.8445,49531,53736,Pipistrellus pipistrellus,0.029,0.032,-1,Echolocation,/mnt/ubna_data_02_mir/recover-20221013/UBNA_001/20221012_030000.WAV,Telephone Field,recover-20221013,001,1795
1347.8585,1347.8705,29765,37593,Eptesicus serotinus,0.012,0.024,-1,Echolocation,/mnt/ubna_data_02_mir/recover-20221013/UBNA_001/20221012_030000.WAV,Telephone Field,recover-20221013,001,1795
1347.9355,1347.9461000000001,25468,31895,Nyctalus leisleri,0.01,0.027,-1,Echolocation,/mnt/ubna_data_02_mir/recover-20221013/UBNA_001/20221012_030000.WAV,Telephone Field,recover-20221013,001,1795
1347.9425,1347.9807,68437,81014,Rhinolophus ferrumequinum,0.023,0.023,-1,Echolocation,/mnt/ubna_data_02_mir/recover-20221013/UBNA_001/20221012_030000.WAV,Telephone Field,recover-20221013,001,1795
1348.0015,1348.0077,47812,54970,Pipistrellus pipistrellus,0.017,0.022,-1,Echolocation,/mnt/ubna_data_02_mir/recover-20221013/UBNA_001/20221012_030000.WAV,Telephone Field,recover-20221013,001,1795
1348.0015,1348.0133,23750,29641,Nyctalus leisleri,0.023,0.049,-1,Echolocation,/mnt/ubna_data_02_mir/recover-20221013/UBNA_001/20221012_030000.WAV,Telephone Field,recover-20221013,001,1795
1348.0025,1348.0409,68437,81983,Rhinolophus ferrumequinum,0.034,0.035,-1,Echolocation,/mnt/ubna_data_02_mir/recover-20221013/UBNA_001/20221012_030000.WAV,Telephone Field,recover-20221013,001,1795
1348.0095,1348.0187,25468,36175,Eptesicus serotinus,0.008,0.022,-1,Echolocation,/mnt/ubna_data_02_mir/recover-20221013/UBNA_001/20221012_030000.WAV,Telephone Field,recover-20221013,001,1795
1348.0345,1348.0718,68437,82107,Rhinolophus ferrumequinum,0.022,0.022,-1,Echolocation,/mnt/ubna_data_02_mir/recover-20221013/UBNA_001/20221012_030000.WAV,Telephone Field,recover-20221013,001,1795
1348.0525,1348.0871,68437,80418,Rhinolophus ferrumequinum,0.026,0.027,-1,Echolocation,/mnt/ubna_data_02_mir/recover-20221013/UBNA_001/20221012_030000.WAV,Telephone Field,recover-20221013,001,1795
1348.0855,1348.0914,28906,41587,Myotis daubentonii,0.006,0.028,-1,Echolocation,/mnt/ubna_data_02_mir/recover-20221013/UBNA_001/20221012_030000.WAV,Telephone Field,recover-20221013,001,1795
1348.1075,1348.1486,68437,82503,Rhinolophus ferrumequinum,0.022,0.022,-1,Echolocation,/mnt/ubna_data_02_mir/recover-20221013/UBNA_001/20221012_030000.WAV,Telephone Field,recover-20221013,001,1795
1348.1645,1348.1725,28046,42653,Eptesicus serotinus,0.008,0.024,-1,Echolocation,/mnt/ubna_data_02_mir/recover-20221013/UBNA_001/20221012_030000.WAV,Telephone Field,recover-20221013,001,1795
1348.1645,1348.2013,68437,81096,Rhinolophus ferrumequinum,0.022,0.023,-1,Echolocation,/mnt/ubna_data_02_mir/recover-20221013/UBNA_001/20221012_030000.WAV,Telephone Field,recover-20221013,001,1795
1348.1785,1348.1862,28046,38374,Eptesicus serotinus,0.008,0.024,-1,Echolocation,/mnt/ubna_data_02_mir/recover-20221013/UBNA_001/20221012_030000.WAV,Telephone Field,recover-20221013,001,1795
1348.1945,1348.2061,24609,30836,Nyctalus leisleri,0.01,0.026,-1,Echolocation,/mnt/ubna_data_02_mir/recover-20221013/UBNA_001/20221012_030000.WAV,Telephone Field,recover-20221013,001,1795
1348.2205,1348.2586000000001,68437,82195,Rhinolophus ferrumequinum,0.027,0.027,-1,Echolocation,/mnt/ubna_data_02_mir/recover-20221013/UBNA_001/20221012_030000.WAV,Telephone Field,recover-20221013,001,1795
1348.2325,1348.2387,28906,41783,Eptesicus serotinus,0.007,0.031,-1,Echolocation,/mnt/ubna_data_02_mir/recover-20221013/UBNA_001/20221012_030000.WAV,Telephone Field,recover-20221013,001,1795
1348.2485,1348.2833,68437,81524,Rhinolophus ferrumequinum,0.022,0.022,-1,Echolocation,/mnt/ubna_data_02_mir/recover-20221013/UBNA_001/20221012_030000.WAV,Telephone Field,recover-20221013,001,1795
1348.2675,1348.31,68437,82779,Rhinolophus ferrumequinum,0.024,0.024,-1,Echolocation,/mnt/ubna_data_02_mir/recover-20221013/UBNA_001/20221012_030000.WAV,Telephone Field,recover-20221013,001,1795
1348.2955,1348.3051,25468,33193,Nyctalus leisleri,0.013,0.038,-1,Echolocation,/mnt/ubna_data_02_mir/recover-20221013/UBNA_001/20221012_030000.WAV,Telephone Field,recover-20221013,001,1795
1348.3225,1348.3657,68437,83358,Rhinolophus ferrumequinum,0.027,0.027,-1,Echolocation,/mnt/ubna_data_02_mir/recover-20221013/UBNA_001/20221012_030000.WAV,Telephone Field,recover-20221013,001,1795
1348.3795,1348.4149,68437,81811,Rhinolophus ferrumequinum,0.022,0.022,-1,Echolocation,/mnt/ubna_data_02_mir/recover-20221013/UBNA_001/20221012_030000.WAV,Telephone Field,recover-20221013,001,1795
1348.3835,1348.3911,22890,31790,Plecotus austriacus,0.011,0.023,-1,Echolocation,/mnt/ubna_data_02_mir/recover-20221013/UBNA_001/20221012_030000.WAV,Telephone Field,recover-20221013,001,1795
1348.3845,1348.3934,28906,38047,Eptesicus serotinus,0.008,0.022,-1,Echolocation,/mnt/ubna_data_02_mir/recover-20221013/UBNA_001/20221012_030000.WAV,Telephone Field,recover-20221013,001,1795
1348.4005,1348.4395,68437,82151,Rhinolophus ferrumequinum,0.023,0.023,-1,Echolocation,/mnt/ubna_data_02_mir/recover-20221013/UBNA_001/20221012_030000.WAV,Telephone Field,recover-20221013,001,1795
1348.4275,1348.4667,68437,81847,Rhinolophus ferrumequinum,0.024,0.024,-1,Echolocation,/mnt/ubna_data_02_mir/recover-20221013/UBNA_001/20221012_030000.WAV,Telephone Field,recover-20221013,001,1795
1348.4365,1348.4477,25468,33143,Eptesicus serotinus,0.01,0.026,-1,Echolocation,/mnt/ubna_data_02_mir/recover-20221013/UBNA_001/20221012_030000.WAV,Telephone Field,recover-20221013,001,1795
1348.4535,1348.4659,22890,27519,Nyctalus leisleri,0.013,0.025,-1,Echolocation,/mnt/ubna_data_02_mir/recover-20221013/UBNA_001/20221012_030000.WAV,Telephone Field,recover-20221013,001,1795
1348.4665,1348.4735,28046,38065,Eptesicus serotinus,0.006,0.024,-1,Echolocation,/mnt/ubna_data_02_mir/recover-20221013/UBNA_001/20221012_030000.WAV,Telephone Field,recover-20221013,001,1795
1348.4845,1348.4966,29765,35696,Eptesicus serotinus,0.017,0.033,-1,Echolocation,/mnt/ubna_data_02_mir/recover-20221013/UBNA_001/20221012_030000.WAV,Telephone Field,recover-20221013,001,1795
1348.5235,1348.5609,68437,81935,Rhinolophus ferrumequinum,0.023,0.023,-1,Echolocation,/mnt/ubna_data_02_mir/recover-20221013/UBNA_001/20221012_030000.WAV,Telephone Field,recover-20221013,001,1795
1348.5375,1348.5763,68437,82228,Rhinolophus ferrumequinum,0.023,0.023,-1,Echolocation,/mnt/ubna_data_02_mir/recover-20221013/UBNA_001/20221012_030000.WAV,Telephone Field,recover-20221013,001,1795
1348.5635,1348.5723,44375,48127,Pipistrellus pipistrellus,0.037,0.04,-1,Echolocation,/mnt/ubna_data_02_mir/recover-20221013/UBNA_001/20221012_030000.WAV,Telephone Field,recover-20221013,001,1795
1348.5885,1348.627,68437,82236,Rhinolophus ferrumequinum,0.022,0.022,-1,Echolocation,/mnt/ubna_data_02_mir/recover-20221013/UBNA_001/20221012_030000.WAV,Telephone Field,recover-20221013,001,1795
1348.5945,1348.6029,28046,40111,Eptesicus serotinus,0.013,0.036,-1,Echolocation,/mnt/ubna_data_02_mir/recover-20221013/UBNA_001/20221012_030000.WAV,Telephone Field,recover-20221013,001,1795
1348.6415,1348.6513,45234,48199,Pipistrellus pipistrellus,0.029,0.031,-1,Echolocation,/mnt/ubna_data_02_mir/recover-20221013/UBNA_001/20221012_030000.WAV,Telephone Field,recover-20221013,001,1795
1348.6525,1348.6942,68437,82517,Rhinolophus ferrumequinum,0.023,0.023,-1,Echolocation,/mnt/ubna_data_02_mir/recover-20221013/UBNA_001/20221012_030000.WAV,Telephone Field,recover-20221013,001,1795
1348.6675,1348.6751,28046,39799,Eptesicus serotinus,0.007,0.022,-1,Echolocation,/mnt/ubna_data_02_mir/recover-20221013/UBNA_001/20221012_030000.WAV,Telephone Field,recover-20221013,001,1795
1348.6695,1348.7093,68437,82656,Rhinolophus ferrumequinum,0.026,0.026,-1,Echolocation,/mnt/ubna_data_02_mir/recover-20221013/UBNA_001/20221012_030000.WAV,Telephone Field,recover-20221013,001,1795
1348.7555,1348.7656,28906,36402,Eptesicus serotinus,0.01,0.024,-1,Echolocation,/mnt/ubna_data_02_mir/recover-20221013/UBNA_001/20221012_030000.WAV,Telephone Field,recover-20221013,001,1795
1348.7585,1348.7665,22890,30695,Plecotus austriacus,0.011,0.024,-1,Echolocation,/mnt/ubna_data_02_mir/recover-20221013/UBNA_001/20221012_030000.WAV,Telephone Field,recover-20221013,001,1795
1348.7725,1348.8131,68437,82796,Rhinolophus ferrumequinum,0.027,0.027,-1,Echolocation,/mnt/ubna_data_02_mir/recover-20221013/UBNA_001/20221012_030000.WAV,Telephone Field,recover-20221013,001,1795
1348.8125,1348.8227,22890,28867,Nyctalus leisleri,0.01,0.024,-1,Echolocation,/mnt/ubna_data_02_mir/recover-20221013/UBNA_001/20221012_030000.WAV,Telephone Field,recover-20221013,001,1795
1348.8315,1348.87,68437,82334,Rhinolophus ferrumequinum,0.022,0.022,-1,Echolocation,/mnt/ubna_data_02_mir/recover-20221013/UBNA_001/20221012_030000.WAV,Telephone Field,recover-20221013,001,1795
1348.8635,1348.8736,28906,36561,Eptesicus serotinus,0.009,0.024,-1,Echolocation,/mnt/ubna_data_02_mir/recover-20221013/UBNA_001/20221012_030000.WAV,Telephone Field,recover-20221013,001,1795
1348.8865,1348.9277,68437,82476,Rhinolophus ferrumequinum,0.023,0.023,-1,Echolocation,/mnt/ubna_data_02_mir/recover-20221013/UBNA_001/20221012_030000.WAV,Telephone Field,recover-20221013,001,1795
1348.8895,1348.9021,22890,28481,Nyctalus leisleri,0.014,0.033,-1,Echolocation,/mnt/ubna_data_02_mir/recover-20221013/UBNA_001/20221012_030000.WAV,Telephone Field,recover-20221013,001,1795
1348.9125,1348.9235,28046,35969,Eptesicus serotinus,0.011,0.025,-1,Echolocation,/mnt/ubna_data_02_mir/recover-20221013/UBNA_001/20221012_030000.WAV,Telephone Field,recover-20221013,001,1795
1348.9485,1348.9869,68437,81760,Rhinolophus ferrumequinum,0.024,0.024,-1,Echolocation,/mnt/ubna_data_02_mir/recover-20221013/UBNA_001/20221012_030000.WAV,Telephone Field,recover-20221013,001,1795
1348.9575,1348.9665,28046,37854,Eptesicus serotinus,0.009,0.022,-1,Echolocation,/mnt/ubna_data_02_mir/recover-20221013/UBNA_001/20221012_030000.WAV,Telephone Field,recover-20221013,001,1795
1348.9715,1349.0155,68437,82438,Rhinolophus ferrumequinum,0.022,0.022,-1,Echolocation,/mnt/ubna_data_02_mir/recover-20221013/UBNA_001/20221012_030000.WAV,Telephone Field,recover-20221013,001,1795
1348.9955,1349.0371,68437,82781,Rhinolophus ferrumequinum,0.029,0.029,-1,Echolocation,/mnt/ubna_data_02_mir/recover-20221013/UBNA_001/20221012_030000.WAV,Telephone Field,recover-20221013,001,1795
1349.0015,1349.0093,28046,41656,Eptesicus serotinus,0.01,0.027,-1,Echolocation,/mnt/ubna_data_02_mir/recover-20221013/UBNA_001/20221012_030000.WAV,Telephone Field,recover-20221013,001,1795
1349.0105,1349.0183,28046,38746,Eptesicus serotinus,0.007,0.022,-1,Echolocation,/mnt/ubna_data_02_mir/recover-20221013/UBNA_001/20221012_030000.WAV,Telephone Field,recover-20221013,001,1795
1349.0305,1349.04,25468,34427,Eptesicus serotinus,0.011,0.031,-1,Echolocation,/mnt/ubna_data_02_mir/recover-20221013/UBNA_001/20221012_030000.WAV,Telephone Field,recover-20221013,001,1795
1349.0765,1349.1152,68437,82011,Rhinolophus ferrumequinum,0.023,0.023,-1,Echolocation,/mnt/ubna_data_02_mir/recover-20221013/UBNA_001/20221012_030000.WAV,Telephone Field,recover-20221013,001,1795
1349.1115,1349.1476,68437,81232,Rhinolophus ferrumequinum,0.023,0.023,-1,Echolocation,/mnt/ubna_data_02_mir/recover-20221013/UBNA_001/20221012_030000.WAV,Telephone Field,recover-20221013,001,1795
1349.1125,1349.123,22890,28357,Nyctalus leisleri,0.022,0.058,-1,Echolocation,/mnt/ubna_data_02_mir/recover-20221013/UBNA_001/20221012_030000.WAV,Telephone Field,recover-20221013,001,1795
1349.1355,1349.1444,23750,31716,Plecotus austriacus,0.007,0.023,-1,Echolocation,/mnt/ubna_data_02_mir/recover-20221013/UBNA_001/20221012_030000.WAV,Telephone Field,recover-20221013,001,1795
1349.1785,1349.1976,19453,22689,Nyctalus leisleri,0.01,0.022,-1,Echolocation,/mnt/ubna_data_02_mir/recover-20221013/UBNA_001/20221012_030000.WAV,Telephone Field,recover-20221013,001,1795
1349.2065,1349.2428,68437,81477,Rhinolophus ferrumequinum,0.023,0.023,-1,Echolocation,/mnt/ubna_data_02_mir/recover-20221013/UBNA_001/20221012_030000.WAV,Telephone Field,recover-20221013,001,1795
1349.2225,1349.2299,24609,33687,Plecotus austriacus,0.008,0.023,-1,Echolocation,/mnt/ubna_data_02_mir/recover-20221013/UBNA_001/20221012_030000.WAV,Telephone Field,recover-20221013,001,1795
1349.2615,1349.3007,68437,81601,Rhinolophus ferrumequinum,0.022,0.022,-1,Echolocation,/mnt/ubna_data_02_mir/recover-20221013/UBNA_001/20221012_030000.WAV,Telephone Field,recover-20221013,001,1795
1349.2875,1349.296,26328,34570,Eptesicus serotinus,0.009,0.025,-1,Echolocation,/mnt/ubna_data_02_mir/recover-20221013/UBNA_001/20221012_030000.WAV,Telephone Field,recover-20221013,001,1795
1349.2915,1349.3314,68437,81440,Rhinolophus ferrumequinum,0.03,0.03,-1,Echolocation,/mnt/ubna_data_02_mir/recover-20221013/UBNA_001/20221012_030000.WAV,Telephone Field,recover-20221013,001,1795
1349.3265,1349.3365,28906,36559,Eptesicus serotinus,0.011,0.026,-1,Echolocation,/mnt/ubna_data_02_mir/recover-20221013/UBNA_001/20221012_030000.WAV,Telephone Field,recover-20221013,001,1795
1349.3585,1349.3671,23750,32492,Plecotus austriacus,0.008,0.025,-1,Echolocation,/mnt/ubna_data_02_mir/recover-20221013/UBNA_001/20221012_030000.WAV,Telephone Field,recover-20221013,001,1795
1349.3975,1349.437,68437,82362,Rhinolophus ferrumequinum,0.022,0.022,-1,Echolocation,/mnt/ubna_data_02_mir/recover-20221013/UBNA_001/20221012_030000.WAV,Telephone Field,recover-20221013,001,1795
1349.4015,1349.4191,21171,24670,Nyctalus leisleri,0.039,0.07,-1,Echolocation,/mnt/ubna_data_02_mir/recover-20221013/UBNA_001/20221012_030000.WAV,Telephone Field,recover-20221013,001,1795
1349.4285,1349.44,22890,28277,Nyctalus leisleri,0.011,0.022,-1,Echolocation,/mnt/ubna_data_02_mir/recover-20221013/UBNA_001/20221012_030000.WAV,Telephone Field,recover-20221013,001,1795
1349.4585,1349.4673,28046,37465,Eptesicus serotinus,0.008,0.022,-1,Echolocation,/mnt/ubna_data_02_mir/recover-20221013/UBNA_001/20221012_030000.WAV,Telephone Field,recover-20221013,001,1795
1349.4915,1349.497,28906,42527,Myotis daubentonii,0.01,0.047,-1,Echolocation,/mnt/ubna_data_02_mir/recover-20221013/UBNA_001/20221012_030000.WAV,Telephone Field,recover-20221013,001,1795
1349.5125,1349.5501,68437,81500,Rhinolophus ferrumequinum,0.022,0.022,-1,Echolocation,/mnt/ubna_data_02_mir/recover-20221013/UBNA_001/20221012_030000.WAV,Telephone Field,recover-20221013,001,1795
1349.5265,1349.558,68437,80913,Rhinolophus ferrumequinum,0.022,0.022,-1,Echolocation,/mnt/ubna_data_02_mir/recover-20221013/UBNA_001/20221012_030000.WAV,Telephone Field,recover-20221013,001,1795
1349.5305,1349.5406,28046,36332,Eptesicus serotinus,0.014,0.029,-1,Echolocation,/mnt/ubna_data_02_mir/recover-20221013/UBNA_001/20221012_030000.WAV,Telephone Field,recover-20221013,001,1795
1349.5405,1349.5752,68437,80960,Rhinolophus ferrumequinum,0.023,0.023,-1,Echolocation,/mnt/ubna_data_02_mir/recover-20221013/UBNA_001/20221012_030000.WAV,Telephone Field,recover-20221013,001,1795
1349.5495,1349.5876,68437,82450,Rhinolophus ferrumequinum,0.028,0.028,-1,Echolocation,/mnt/ubna_data_02_mir/recover-20221013/UBNA_001/20221012_030000.WAV,Telephone Field,recover-20221013,001,1795
1349.5835,1349.6238,68437,83053,Rhinolophus ferrumequinum,0.028,0.028,-1,Echolocation,/mnt/ubna_data_02_mir/recover-20221013/UBNA_001/20221012_030000.WAV,Telephone Field,recover-20221013,001,1795
1349.6045,1349.6217,27187,32485,Eptesicus serotinus,0.087,0.16,-1,Echolocation,/mnt/ubna_data_02_mir/recover-20221013/UBNA_001/20221012_030000.WAV,Telephone Field,recover-20221013,001,1795
1349.6185,1349.6579,68437,81981,Rhinolophus ferrumequinum,0.028,0.028,-1,Echolocation,/mnt/ubna_data_02_mir/recover-20221013/UBNA_001/20221012_030000.WAV,Telephone Field,recover-20221013,001,1795
1349.6205,1349.6299,28046,37677,Eptesicus serotinus,0.009,0.024,-1,Echolocation,/mnt/ubna_data_02_mir/recover-20221013/UBNA_001/20221012_030000.WAV,Telephone Field,recover-20221013,001,1795
1349.6245,1349.6339,22890,29616,Plecotus austriacus,0.009,0.026,-1,Echolocation,/mnt/ubna_data_02_mir/recover-20221013/UBNA_001/20221012_030000.WAV,Telephone Field,recover-20221013,001,1795
1349.6335,1349.6424,28906,36995,Eptesicus serotinus,0.008,0.022,-1,Echolocation,/mnt/ubna_data_02_mir/recover-20221013/UBNA_001/20221012_030000.WAV,Telephone Field,recover-20221013,001,1795
1349.6455,1349.6844,68437,82282,Rhinolophus ferrumequinum,0.023,0.023,-1,Echolocation,/mnt/ubna_data_02_mir/recover-20221013/UBNA_001/20221012_030000.WAV,Telephone Field,recover-20221013,001,1795
1349.6595,1349.6975,68437,81557,Rhinolophus ferrumequinum,0.023,0.023,-1,Echolocation,/mnt/ubna_data_02_mir/recover-20221013/UBNA_001/20221012_030000.WAV,Telephone Field,recover-20221013,001,1795
1349.6635,1349.672,23750,31825,Plecotus austriacus,0.008,0.023,-1,Echolocation,/mnt/ubna_data_02_mir/recover-20221013/UBNA_001/20221012_030000.WAV,Telephone Field,recover-20221013,001,1795
1349.6695,1349.7107,68437,82794,Rhinolophus ferrumequinum,0.031,0.031,-1,Echolocation,/mnt/ubna_data_02_mir/recover-20221013/UBNA_001/20221012_030000.WAV,Telephone Field,recover-20221013,001,1795
1349.7775,1349.7837,50390,59030,Pipistrellus pipistrellus,0.023,0.025,-1,Echolocation,/mnt/ubna_data_02_mir/recover-20221013/UBNA_001/20221012_030000.WAV,Telephone Field,recover-20221013,001,1795
1349.7815,1349.8148,68437,80775,Rhinolophus ferrumequinum,0.022,0.022,-1,Echolocation,/mnt/ubna_data_02_mir/recover-20221013/UBNA_001/20221012_030000.WAV,Telephone Field,recover-20221013,001,1795
1349.8325,1349.8406,28906,41286,Eptesicus serotinus,0.009,0.027,-1,Echolocation,/mnt/ubna_data_02_mir/recover-20221013/UBNA_001/20221012_030000.WAV,Telephone Field,recover-20221013,001,1795
1349.8895,1349.8963,26328,40907,Eptesicus serotinus,0.005,0.023,-1,Echolocation,/mnt/ubna_data_02_mir/recover-20221013/UBNA_001/20221012_030000.WAV,Telephone Field,recover-20221013,001,1795
1349.8965,1349.9039,24609,33512,Plecotus austriacus,0.008,0.022,-1,Echolocation,/mnt/ubna_data_02_mir/recover-20221013/UBNA_001/20221012_030000.WAV,Telephone Field,recover-20221013,001,1795
1349.9405,1349.9471,28046,38737,Eptesicus serotinus,0.007,0.025,-1,Echolocation,/mnt/ubna_data_02_mir/recover-20221013/UBNA_001/20221012_030000.WAV,Telephone Field,recover-20221013,001,1795
1349.9415,1349.9529,22031,27179,Nyctalus leisleri,0.011,0.026,-1,Echolocation,/mnt/ubna_data_02_mir/recover-20221013/UBNA_001/20221012_030000.WAV,Telephone Field,recover-20221013,001,1795
1349.9465,1349.9651,20312,23539,Nyctalus leisleri,0.014,0.027,-1,Echolocation,/mnt/ubna_data_02_mir/recover-20221013/UBNA_001/20221012_030000.WAV,Telephone Field,recover-20221013,001,1795
1350.0015,1350.0358,69296,81438,Rhinolophus ferrumequinum,0.032,0.032,-1,Echolocation,/mnt/ubna_data_02_mir/recover-20221013/UBNA_001/20221012_030000.WAV,Telephone Field,recover-20221013,001,1795
1350.0015,1350.0096,37500,45497,Pipistrellus nathusii,0.012,0.028,-1,Echolocation,/mnt/ubna_data_02_mir/recover-20221013/UBNA_001/20221012_030000.WAV,Telephone Field,recover-20221013,001,1795
1350.0015,1350.0101,22890,29876,Nyctalus leisleri,0.01,0.027,-1,Echolocation,/mnt/ubna_data_02_mir/recover-20221013/UBNA_001/20221012_030000.WAV,Telephone Field,recover-20221013,001,1795
1350.0085,1350.05,68437,82130,Rhinolophus ferrumequinum,0.024,0.024,-1,Echolocation,/mnt/ubna_data_02_mir/recover-20221013/UBNA_001/20221012_030000.WAV,Telephone Field,recover-20221013,001,1795
1350.0525,1350.0955,68437,82954,Rhinolophus ferrumequinum,0.025,0.025,-1,Echolocation,/mnt/ubna_data_02_mir/recover-20221013/UBNA_001/20221012_030000.WAV,Telephone Field,recover-20221013,001,1795
1350.0745,1350.0853,28906,34556,Eptesicus serotinus,0.01,0.024,-1,Echolocation,/mnt/ubna_data_02_mir/recover-20221013/UBNA_001/20221012_030000.WAV,Telephone Field,recover-20221013,001,1795
1350.1025,1350.1397,68437,82345,Rhinolophus ferrumequinum,0.021,0.022,-1,Echolocation,/mnt/ubna_data_02_mir/recover-20221013/UBNA_001/20221012_030000.WAV,Telephone Field,recover-20221013,001,1795
1350.1245,1350.1323,27187,40693,Eptesicus serotinus,0.007,0.022,-1,Echolocation,/mnt/ubna_data_02_mir/recover-20221013/UBNA_001/20221012_030000.WAV,Telephone Field,recover-20221013,001,1795
1350.1245,1350.1666,68437,83389,Rhinolophus ferrumequinum,0.026,0.026,-1,Echolocation,/mnt/ubna_data_02_mir/recover-20221013/UBNA_001/20221012_030000.WAV,Telephone Field,recover-20221013,001,1795
1350.1595,1350.1702,22890,28483,Nyctalus leisleri,0.01,0.022,-1,Echolocation,/mnt/ubna_data_02_mir/recover-20221013/UBNA_001/20221012_030000.WAV,Telephone Field,recover-20221013,001,1795
1350.2045,1350.2488,68437,83206,Rhinolophus ferrumequinum,0.038,0.038,-1,Echolocation,/mnt/ubna_data_02_mir/recover-20221013/UBNA_001/20221012_030000.WAV,Telephone Field,recover-20221013,001,1795
1350.2145,1350.2242,26328,35011,Eptesicus serotinus,0.012,0.027,-1,Echolocation,/mnt/ubna_data_02_mir/recover-20221013/UBNA_001/20221012_030000.WAV,Telephone Field,recover-20221013,001,1795
1350.2175,1350.2551,68437,82783,Rhinolophus ferrumequinum,0.023,0.023,-1,Echolocation,/mnt/ubna_data_02_mir/recover-20221013/UBNA_001/20221012_030000.WAV,Telephone Field,recover-20221013,001,1795
1350.2485,1350.286,68437,82022,Rhinolophus ferrumequinum,0.022,0.022,-1,Echolocation,/mnt/ubna_data_02_mir/recover-20221013/UBNA_001/20221012_030000.WAV,Telephone Field,recover-20221013,001,1795
1350.2535,1350.2641,14296,19445,Nyctalus noctula,0.01,0.021,-1,Echolocation,/mnt/ubna_data_02_mir/recover-20221013/UBNA_001/20221012_030000.WAV,Telephone Field,recover-20221013,001,1795
1350.2625,1350.3056,68437,82890,Rhinolophus ferrumequinum,0.024,0.024,-1,Echolocation,/mnt/ubna_data_02_mir/recover-20221013/UBNA_001/20221012_030000.WAV,Telephone Field,recover-20221013,001,1795
1350.2665,1350.2717,37500,59399,Myotis brandtii,0.008,0.024,-1,Echolocation,/mnt/ubna_data_02_mir/recover-20221013/UBNA_001/20221012_030000.WAV,Telephone Field,recover-20221013,001,1795
1350.2855,1350.3068,17734,20425,Nyctalus noctula,0.014,0.025,-1,Echolocation,/mnt/ubna_data_02_mir/recover-20221013/UBNA_001/20221012_030000.WAV,Telephone Field,recover-20221013,001,1795
1350.3175,1350.3584,68437,82633,Rhinolophus ferrumequinum,0.039,0.039,-1,Echolocation,/mnt/ubna_data_02_mir/recover-20221013/UBNA_001/20221012_030000.WAV,Telephone Field,recover-20221013,001,1795
1350.3475,1350.3891,68437,82723,Rhinolophus ferrumequinum,0.024,0.024,-1,Echolocation,/mnt/ubna_data_02_mir/recover-20221013/UBNA_001/20221012_030000.WAV,Telephone Field,recover-20221013,001,1795
1350.3695,1350.4128,68437,82862,Rhinolophus ferrumequinum,0.031,0.031,-1,Echolocation,/mnt/ubna_data_02_mir/recover-20221013/UBNA_001/20221012_030000.WAV,Telephone Field,recover-20221013,001,1795
1350.3885,1350.3972,22031,28420,Plecotus austriacus,0.008,0.022,-1,Echolocation,/mnt/ubna_data_02_mir/recover-20221013/UBNA_001/20221012_030000.WAV,Telephone Field,recover-20221013,001,1795
1350.3985,1350.4059,27187,40798,Eptesicus serotinus,0.01,0.029,-1,Echolocation,/mnt/ubna_data_02_mir/recover-20221013/UBNA_001/20221012_030000.WAV,Telephone Field,recover-20221013,001,1795
1350.4075,1350.4452,68437,82406,Rhinolophus ferrumequinum,0.026,0.026,-1,Echolocation,/mnt/ubna_data_02_mir/recover-20221013/UBNA_001/20221012_030000.WAV,Telephone Field,recover-20221013,001,1795
1350.4285,1350.4696,68437,82314,Rhinolophus ferrumequinum,0.023,0.023,-1,Echolocation,/mnt/ubna_data_02_mir/recover-20221013/UBNA_001/20221012_030000.WAV,Telephone Field,recover-20221013,001,1795
1350.4295,1350.435,46953,53291,Pipistrellus pipistrellus,0.024,0.025,-1,Echolocation,/mnt/ubna_data_02_mir/recover-20221013/UBNA_001/20221012_030000.WAV,Telephone Field,recover-20221013,001,1795
1350.4465,1350.4555,28906,37269,Eptesicus serotinus,0.009,0.023,-1,Echolocation,/mnt/ubna_data_02_mir/recover-20221013/UBNA_001/20221012_030000.WAV,Telephone Field,recover-20221013,001,1795
1350.4485,1350.4879,68437,82519,Rhinolophus ferrumequinum,0.021,0.021,-1,Echolocation,/mnt/ubna_data_02_mir/recover-20221013/UBNA_001/20221012_030000.WAV,Telephone Field,recover-20221013,001,1795
1350.4775,1350.5201,68437,82863,Rhinolophus ferrumequinum,0.023,0.023,-1,Echolocation,/mnt/ubna_data_02_mir/recover-20221013/UBNA_001/20221012_030000.WAV,Telephone Field,recover-20221013,001,1795
1350.5335,1350.5726,68437,82475,Rhinolophus ferrumequinum,0.025,0.025,-1,Echolocation,/mnt/ubna_data_02_mir/recover-20221013/UBNA_001/20221012_030000.WAV,Telephone Field,recover-20221013,001,1795
1350.5635,1350.574,22890,27880,Nyctalus leisleri,0.012,0.025,-1,Echolocation,/mnt/ubna_data_02_mir/recover-20221013/UBNA_001/20221012_030000.WAV,Telephone Field,recover-20221013,001,1795
1350.5885,1350.5993,28046,35455,Eptesicus serotinus,0.012,0.027,-1,Echolocation,/mnt/ubna_data_02_mir/recover-20221013/UBNA_001/20221012_030000.WAV,Telephone Field,recover-20221013,001,1795
1350.6405,1350.6797,68437,82346,Rhinolophus ferrumequinum,0.023,0.023,-1,Echolocation,/mnt/ubna_data_02_mir/recover-20221013/UBNA_001/20221012_030000.WAV,Telephone Field,recover-20221013,001,1795
1350.6735,1350.6818,28046,36392,Eptesicus serotinus,0.017,0.034,-1,Echolocation,/mnt/ubna_data_02_mir/recover-20221013/UBNA_001/20221012_030000.WAV,Telephone Field,recover-20221013,001,1795
1350.6735,1350.7134,68437,82386,Rhinolophus ferrumequinum,0.039,0.039,-1,Echolocation,/mnt/ubna_data_02_mir/recover-20221013/UBNA_001/20221012_030000.WAV,Telephone Field,recover-20221013,001,1795
1350.6945,1350.7053,28046,35690,Eptesicus serotinus,0.01,0.023,-1,Echolocation,/mnt/ubna_data_02_mir/recover-20221013/UBNA_001/20221012_030000.WAV,Telephone Field,recover-20221013,001,1795
1350.7195,1350.7567,68437,80732,Rhinolophus ferrumequinum,0.027,0.027,-1,Echolocation,/mnt/ubna_data_02_mir/recover-20221013/UBNA_001/20221012_030000.WAV,Telephone Field,recover-20221013,001,1795
1350.7225,1350.7306,23750,31407,Plecotus austriacus,0.006,0.022,-1,Echolocation,/mnt/ubna_data_02_mir/recover-20221013/UBNA_001/20221012_030000.WAV,Telephone Field,recover-20221013,001,1795
1350.7465,1350.7932,68437,83512,Rhinolophus ferrumequinum,0.052,0.052,-1,Echolocation,/mnt/ubna_data_02_mir/recover-20221013/UBNA_001/20221012_030000.WAV,Telephone Field,recover-20221013,001,1795
1350.7855,1350.7976,28046,33781,Eptesicus serotinus,0.013,0.025,-1,Echolocation,/mnt/ubna_data_02_mir/recover-20221013/UBNA_001/20221012_030000.WAV,Telephone Field,recover-20221013,001,1795
1350.8015,1350.8461,68437,83920,Rhinolophus ferrumequinum,0.041,0.041,-1,Echolocation,/mnt/ubna_data_02_mir/recover-20221013/UBNA_001/20221012_030000.WAV,Telephone Field,recover-20221013,001,1795
1350.8065,1350.8172,22890,28506,Nyctalus leisleri,0.01,0.021,-1,Echolocation,/mnt/ubna_data_02_mir/recover-20221013/UBNA_001/20221012_030000.WAV,Telephone Field,recover-20221013,001,1795
1350.8385,1350.8828,68437,83478,Rhinolophus ferrumequinum,0.034,0.034,-1,Echolocation,/mnt/ubna_data_02_mir/recover-20221013/UBNA_001/20221012_030000.WAV,Telephone Field,recover-20221013,001,1795
1350.8715,1350.8792,28046,40292,Eptesicus serotinus,0.008,0.022,-1,Echolocation,/mnt/ubna_data_02_mir/recover-20221013/UBNA_001/20221012_030000.WAV,Telephone Field,recover-20221013,001,1795
1350.8805,1350.9197,68437,82049,Rhinolophus ferrumequinum,0.023,0.023,-1,Echolocation,/mnt/ubna_data_02_mir/recover-20221013/UBNA_001/20221012_030000.WAV,Telephone Field,recover-20221013,001,1795
1350.9315,1350.9685,68437,81718,Rhinolophus ferrumequinum,0.026,0.026,-1,Echolocation,/mnt/ubna_data_02_mir/recover-20221013/UBNA_001/20221012_030000.WAV,Telephone Field,recover-20221013,001,1795
1350.9635,1351.0028,68437,81668,Rhinolophus ferrumequinum,0.023,0.023,-1,Echolocation,/mnt/ubna_data_02_mir/recover-20221013/UBNA_001/20221012_030000.WAV,Telephone Field,recover-20221013,001,1795
1350.9755,1350.9819,27187,46154,Eptesicus serotinus,0.006,0.024,-1,Echolocation,/mnt/ubna_data_02_mir/recover-20221013/UBNA_001/20221012_030000.WAV,Telephone Field,recover-20221013,001,1795
1350.9995,1351.0401,68437,82964,Rhinolophus ferrumequinum,0.024,0.024,-1,Echolocation,/mnt/ubna_data_02_mir/recover-20221013/UBNA_001/20221012_030000.WAV,Telephone Field,recover-20221013,001,1795
1351.0695,1351.0773,22031,29419,Plecotus austriacus,0.011,0.022,-1,Echolocation,/mnt/ubna_data_02_mir/recover-20221013/UBNA_001/20221012_030000.WAV,Telephone Field,recover-20221013,001,1795
1351.1185,1351.1289,44375,48284,Pipistrellus pipistrellus,0.02,0.022,-1,Echolocation,/mnt/ubna_data_02_mir/recover-20221013/UBNA_001/20221012_030000.WAV,Telephone Field,recover-20221013,001,1795
1351.1265,1351.1345,28046,39427,Eptesicus serotinus,0.007,0.023,-1,Echolocation,/mnt/ubna_data_02_mir/recover-20221013/UBNA_001/20221012_030000.WAV,Telephone Field,recover-20221013,001,1795
1351.1505,1351.1879,68437,82303,Rhinolophus ferrumequinum,0.021,0.021,-1,Echolocation,/mnt/ubna_data_02_mir/recover-20221013/UBNA_001/20221012_030000.WAV,Telephone Field,recover-20221013,001,1795
1351.1835,1351.2235,68437,82436,Rhinolophus ferrumequinum,0.024,0.024,-1,Echolocation,/mnt/ubna_data_02_mir/recover-20221013/UBNA_001/20221012_030000.WAV,Telephone Field,recover-20221013,001,1795
1351.2035,1351.2111,27187,41436,Eptesicus serotinus,0.008,0.024,-1,Echolocation,/mnt/ubna_data_02_mir/recover-20221013/UBNA_001/20221012_030000.WAV,Telephone Field,recover-20221013,001,1795
1351.2065,1351.2497,68437,83187,Rhinolophus ferrumequinum,0.027,0.027,-1,Echolocation,/mnt/ubna_data_02_mir/recover-20221013/UBNA_001/20221012_030000.WAV,Telephone Field,recover-20221013,001,1795
1351.2305,1351.2421,22890,27613,Nyctalus leisleri,0.016,0.03,-1,Echolocation,/mnt/ubna_data_02_mir/recover-20221013/UBNA_001/20221012_030000.WAV,Telephone Field,recover-20221013,001,1795
1351.2315,1351.2708,68437,82448,Rhinolophus ferrumequinum,0.03,0.03,-1,Echolocation,/mnt/ubna_data_02_mir/recover-20221013/UBNA_001/20221012_030000.WAV,Telephone Field,recover-20221013,001,1795
1351.2705,1351.3068,68437,81220,Rhinolophus ferrumequinum,0.023,0.023,-1,Echolocation,/mnt/ubna_data_02_mir/recover-20221013/UBNA_001/20221012_030000.WAV,Telephone Field,recover-20221013,001,1795
1351.2955,1351.3019,28046,40185,Eptesicus serotinus,0.009,0.033,-1,Echolocation,/mnt/ubna_data_02_mir/recover-20221013/UBNA_001/20221012_030000.WAV,Telephone Field,recover-20221013,001,1795
1351.3095,1351.3472,68437,82359,Rhinolophus ferrumequinum,0.03,0.03,-1,Echolocation,/mnt/ubna_data_02_mir/recover-20221013/UBNA_001/20221012_030000.WAV,Telephone Field,recover-20221013,001,1795
1351.3245,1351.3641,68437,82206,Rhinolophus ferrumequinum,0.022,0.022,-1,Echolocation,/mnt/ubna_data_02_mir/recover-20221013/UBNA_001/20221012_030000.WAV,Telephone Field,recover-20221013,001,1795
1351.3375,1351.3784,68437,82427,Rhinolophus ferrumequinum,0.024,0.024,-1,Echolocation,/mnt/ubna_data_02_mir/recover-20221013/UBNA_001/20221012_030000.WAV,Telephone Field,recover-20221013,001,1795
1351.3445,1351.352,27187,37032,Eptesicus serotinus,0.007,0.022,-1,Echolocation,/mnt/ubna_data_02_mir/recover-20221013/UBNA_001/20221012_030000.WAV,Telephone Field,recover-20221013,001,1795
1351.3835,1351.4251,68437,82418,Rhinolophus ferrumequinum,0.024,0.024,-1,Echolocation,/mnt/ubna_data_02_mir/recover-20221013/UBNA_001/20221012_030000.WAV,Telephone Field,recover-20221013,001,1795
1351.3865,1351.3962,48671,52514,Pipistrellus pipistrellus,0.028,0.031,-1,Echolocation,/mnt/ubna_data_02_mir/recover-20221013/UBNA_001/20221012_030000.WAV,Telephone Field,recover-20221013,001,1795
1351.3915,1351.3993,27187,43996,Eptesicus serotinus,0.008,0.022,-1,Echolocation,/mnt/ubna_data_02_mir/recover-20221013/UBNA_001/20221012_030000.WAV,Telephone Field,recover-20221013,001,1795
1351.4195,1351.427,46953,51107,Pipistrellus pipistrellus,0.031,0.033,-1,Echolocation,/mnt/ubna_data_02_mir/recover-20221013/UBNA_001/20221012_030000.WAV,Telephone Field,recover-20221013,001,1795
1351.4425,1351.4862,68437,83377,Rhinolophus ferrumequinum,0.027,0.027,-1,Echolocation,/mnt/ubna_data_02_mir/recover-20221013/UBNA_001/20221012_030000.WAV,Telephone Field,recover-20221013,001,1795
1351.4485,1351.4557,50390,54904,Pipistrellus pipistrellus,0.022,0.025,-1,Echolocation,/mnt/ubna_data_02_mir/recover-20221013/UBNA_001/20221012_030000.WAV,Telephone Field,recover-20221013,001,1795
1351.4705,1351.5084,68437,82177,Rhinolophus ferrumequinum,0.024,0.024,-1,Echolocation,/mnt/ubna_data_02_mir/recover-20221013/UBNA_001/20221012_030000.WAV,Telephone Field,recover-20221013,001,1795
1351.4835,1351.5223,68437,82156,Rhinolophus ferrumequinum,0.023,0.023,-1,Echolocation,/mnt/ubna_data_02_mir/recover-20221013/UBNA_001/20221012_030000.WAV,Telephone Field,recover-20221013,001,1795
1351.5535,1351.5959,68437,82832,Rhinolophus ferrumequinum,0.034,0.034,-1,Echolocation,/mnt/ubna_data_02_mir/recover-20221013/UBNA_001/20221012_030000.WAV,Telephone Field,recover-20221013,001,1795
1351.5815,1351.6217,68437,82560,Rhinolophus ferrumequinum,0.03,0.03,-1,Echolocation,/mnt/ubna_data_02_mir/recover-20221013/UBNA_001/20221012_030000.WAV,Telephone Field,recover-20221013,001,1795
1351.5835,1351.5898,25468,39811,Plecotus austriacus,0.008,0.029,-1,Echolocation,/mnt/ubna_data_02_mir/recover-20221013/UBNA_001/20221012_030000.WAV,Telephone Field,recover-20221013,001,1795
1351.6205,1351.6549,68437,82364,Rhinolophus ferrumequinum,0.024,0.025,-1,Echolocation,/mnt/ubna_data_02_mir/recover-20221013/UBNA_001/20221012_030000.WAV,Telephone Field,recover-20221013,001,1795
1351.6405,1351.6791,68437,82969,Rhinolophus ferrumequinum,0.026,0.026,-1,Echolocation,/mnt/ubna_data_02_mir/recover-20221013/UBNA_001/20221012_030000.WAV,Telephone Field,recover-20221013,001,1795
1351.6565,1351.664,27187,40668,Eptesicus serotinus,0.007,0.021,-1,Echolocation,/mnt/ubna_data_02_mir/recover-20221013/UBNA_001/20221012_030000.WAV,Telephone Field,recover-20221013,001,1795
1351.6575,1351.6941,68437,81467,Rhinolophus ferrumequinum,0.029,0.029,-1,Echolocation,/mnt/ubna_data_02_mir/recover-20221013/UBNA_001/20221012_030000.WAV,Telephone Field,recover-20221013,001,1795
1351.6725,1351.68,23750,32013,Plecotus austriacus,0.011,0.026,-1,Echolocation,/mnt/ubna_data_02_mir/recover-20221013/UBNA_001/20221012_030000.WAV,Telephone Field,recover-20221013,001,1795
1351.7375,1351.7747,68437,81660,Rhinolophus ferrumequinum,0.021,0.021,-1,Echolocation,/mnt/ubna_data_02_mir/recover-20221013/UBNA_001/20221012_030000.WAV,Telephone Field,recover-20221013,001,1795
1351.7445,1351.7515,26328,38252,Eptesicus serotinus,0.005,0.023,-1,Echolocation,/mnt/ubna_data_02_mir/recover-20221013/UBNA_001/20221012_030000.WAV,Telephone Field,recover-20221013,001,1795
1351.7635,1351.8043,68437,82682,Rhinolophus ferrumequinum,0.035,0.035,-1,Echolocation,/mnt/ubna_data_02_mir/recover-20221013/UBNA_001/20221012_030000.WAV,Telephone Field,recover-20221013,001,1795
1351.7955,1351.8349,68437,81740,Rhinolophus ferrumequinum,0.021,0.021,-1,Echolocation,/mnt/ubna_data_02_mir/recover-20221013/UBNA_001/20221012_030000.WAV,Telephone Field,recover-20221013,001,1795
1351.8045,1351.8431,68437,82530,Rhinolophus ferrumequinum,0.024,0.024,-1,Echolocation,/mnt/ubna_data_02_mir/recover-20221013/UBNA_001/20221012_030000.WAV,Telephone Field,recover-20221013,001,1795
1351.8095,1351.8165,27187,37837,Eptesicus serotinus,0.006,0.022,-1,Echolocation,/mnt/ubna_data_02_mir/recover-20221013/UBNA_001/20221012_030000.WAV,Telephone Field,recover-20221013,001,1795
1351.8715,1351.9061,68437,81665,Rhinolophus ferrumequinum,0.022,0.022,-1,Echolocation,/mnt/ubna_data_02_mir/recover-20221013/UBNA_001/20221012_030000.WAV,Telephone Field,recover-20221013,001,1795
1351.9045,1351.9437,68437,82419,Rhinolophus ferrumequinum,0.022,0.022,-1,Echolocation,/mnt/ubna_data_02_mir/recover-20221013/UBNA_001/20221012_030000.WAV,Telephone Field,recover-20221013,001,1795
1351.9565,1351.9954,68437,82197,Rhinolophus ferrumequinum,0.025,0.025,-1,Echolocation,/mnt/ubna_data_02_mir/recover-20221013/UBNA_001/20221012_030000.WAV,Telephone Field,recover-20221013,001,1795
1351.9835,1351.9941,22031,26816,Nyctalus leisleri,0.011,0.021,-1,Echolocation,/mnt/ubna_data_02_mir/recover-20221013/UBNA_001/20221012_030000.WAV,Telephone Field,recover-20221013,001,1795
1352.0015,1352.0083,46093,54017,Pipistrellus pipistrellus,0.019,0.029,-1,Echolocation,/mnt/ubna_data_02_mir/recover-20221013/UBNA_001/20221012_030000.WAV,Telephone Field,recover-20221013,001,1795
1352.0015,1352.0361,68437,80721,Rhinolophus ferrumequinum,0.043,0.044,-1,Echolocation,/mnt/ubna_data_02_mir/recover-20221013/UBNA_001/20221012_030000.WAV,Telephone Field,recover-20221013,001,1795
1352.0015,1352.0096,24609,36822,Eptesicus serotinus,0.006,0.028,-1,Echolocation,/mnt/ubna_data_02_mir/recover-20221013/UBNA_001/20221012_030000.WAV,Telephone Field,recover-20221013,001,1795
1352.0075,1352.0134,27187,39144,Eptesicus serotinus,0.005,0.022,-1,Echolocation,/mnt/ubna_data_02_mir/recover-20221013/UBNA_001/20221012_030000.WAV,Telephone Field,recover-20221013,001,1795
1352.0305,1352.0406,55546,60167,Pipistrellus pygmaeus,0.029,0.03,-1,Echolocation,/mnt/ubna_data_02_mir/recover-20221013/UBNA_001/20221012_030000.WAV,Telephone Field,recover-20221013,001,1795
1352.0425,1352.0812,68437,82064,Rhinolophus ferrumequinum,0.024,0.024,-1,Echolocation,/mnt/ubna_data_02_mir/recover-20221013/UBNA_001/20221012_030000.WAV,Telephone Field,recover-20221013,001,1795
1352.0505,1352.0568,26328,43114,Plecotus auritus,0.007,0.026,-1,Echolocation,/mnt/ubna_data_02_mir/recover-20221013/UBNA_001/20221012_030000.WAV,Telephone Field,recover-20221013,001,1795
1352.0605,1352.0679,15156,27177,Plecotus auritus,0.018,0.027,-1,Echolocation,/mnt/ubna_data_02_mir/recover-20221013/UBNA_001/20221012_030000.WAV,Telephone Field,recover-20221013,001,1795
1352.0745,1352.1153,68437,82250,Rhinolophus ferrumequinum,0.027,0.027,-1,Echolocation,/mnt/ubna_data_02_mir/recover-20221013/UBNA_001/20221012_030000.WAV,Telephone Field,recover-20221013,001,1795
1352.0825,1352.0942,28906,35376,Eptesicus serotinus,0.018,0.035,-1,Echolocation,/mnt/ubna_data_02_mir/recover-20221013/UBNA_001/20221012_030000.WAV,Telephone Field,recover-20221013,001,1795
1352.0875,1352.0942,46953,56781,Pipistrellus pipistrellus,0.016,0.022,-1,Echolocation,/mnt/ubna_data_02_mir/recover-20221013/UBNA_001/20221012_030000.WAV,Telephone Field,recover-20221013,001,1795
1352.0975,1352.1061,26328,34539,Eptesicus serotinus,0.006,0.024,-1,Echolocation,/mnt/ubna_data_02_mir/recover-20221013/UBNA_001/20221012_030000.WAV,Telephone Field,recover-20221013,001,1795
1352.1185,1352.1258,25468,39778,Plecotus austriacus,0.006,0.025,-1,Echolocation,/mnt/ubna_data_02_mir/recover-20221013/UBNA_001/20221012_030000.WAV,Telephone Field,recover-20221013,001,1795
1352.1185,1352.1613,68437,83475,Rhinolophus ferrumequinum,0.033,0.033,-1,Echolocation,/mnt/ubna_data_02_mir/recover-20221013/UBNA_001/20221012_030000.WAV,Telephone Field,recover-20221013,001,1795
1352.1385,1352.1751,68437,81928,Rhinolophus ferrumequinum,0.022,0.022,-1,Echolocation,/mnt/ubna_data_02_mir/recover-20221013/UBNA_001/20221012_030000.WAV,Telephone Field,recover-20221013,001,1795
1352.1575,1352.1954,68437,82064,Rhinolophus ferrumequinum,0.028,0.028,-1,Echolocation,/mnt/ubna_data_02_mir/recover-20221013/UBNA_001/20221012_030000.WAV,Telephone Field,recover-20221013,001,1795
1352.1605,1352.1678,28046,39214,Eptesicus serotinus,0.007,0.023,-1,Echolocation,/mnt/ubna_data_02_mir/recover-20221013/UBNA_001/20221012_030000.WAV,Telephone Field,recover-20221013,001,1795
1352.1635,1352.2011,68437,81929,Rhinolophus ferrumequinum,0.024,0.024,-1,Echolocation,/mnt/ubna_data_02_mir/recover-20221013/UBNA_001/20221012_030000.WAV,Telephone Field,recover-20221013,001,1795
1352.1915,1352.1995,27187,44137,Eptesicus serotinus,0.007,0.022,-1,Echolocation,/mnt/ubna_data_02_mir/recover-20221013/UBNA_001/20221012_030000.WAV,Telephone Field,recover-20221013,001,1795
1352.1935,1352.2314,68437,82131,Rhinolophus ferrumequinum,0.024,0.024,-1,Echolocation,/mnt/ubna_data_02_mir/recover-20221013/UBNA_001/20221012_030000.WAV,Telephone Field,recover-20221013,001,1795
1352.2025,1352.2419,68437,82610,Rhinolophus ferrumequinum,0.024,0.024,-1,Echolocation,/mnt/ubna_data_02_mir/recover-20221013/UBNA_001/20221012_030000.WAV,Telephone Field,recover-20221013,001,1795
1352.2395,1352.2772,68437,81584,Rhinolophus ferrumequinum,0.024,0.024,-1,Echolocation,/mnt/ubna_data_02_mir/recover-20221013/UBNA_001/20221012_030000.WAV,Telephone Field,recover-20221013,001,1795
1352.2755,1352.2868,35781,41721,Pipistrellus nathusii,0.018,0.045,-1,Echolocation,/mnt/ubna_data_02_mir/recover-20221013/UBNA_001/20221012_030000.WAV,Telephone Field,recover-20221013,001,1795
1352.2835,1352.3204,68437,81976,Rhinolophus ferrumequinum,0.022,0.022,-1,Echolocation,/mnt/ubna_data_02_mir/recover-20221013/UBNA_001/20221012_030000.WAV,Telephone Field,recover-20221013,001,1795
1352.3025,1352.344,68437,83001,Rhinolophus ferrumequinum,0.031,0.031,-1,Echolocation,/mnt/ubna_data_02_mir/recover-20221013/UBNA_001/20221012_030000.WAV,Telephone Field,recover-20221013,001,1795
1352.3255,1352.3667,68437,82720,Rhinolophus ferrumequinum,0.036,0.036,-1,Echolocation,/mnt/ubna_data_02_mir/recover-20221013/UBNA_001/20221012_030000.WAV,Telephone Field,recover-20221013,001,1795
1352.3535,1352.3627,47812,54049,Pipistrellus pipistrellus,0.02,0.022,-1,Echolocation,/mnt/ubna_data_02_mir/recover-20221013/UBNA_001/20221012_030000.WAV,Telephone Field,recover-20221013,001,1795
1352.3635,1352.4083,68437,83349,Rhinolophus ferrumequinum,0.041,0.041,-1,Echolocation,/mnt/ubna_data_02_mir/recover-20221013/UBNA_001/20221012_030000.WAV,Telephone Field,recover-20221013,001,1795
1352.3885,1352.3983,24609,31985,Nyctalus leisleri,0.007,0.024,-1,Echolocation,/mnt/ubna_data_02_mir/recover-20221013/UBNA_001/20221012_030000.WAV,Telephone Field,recover-20221013,001,1795
1352.4105,1352.4199,28046,38072,Eptesicus serotinus,0.009,0.023,-1,Echolocation,/mnt/ubna_data_02_mir/recover-20221013/UBNA_001/20221012_030000.WAV,Telephone Field,recover-20221013,001,1795
1352.4185,1352.4561,68437,82041,Rhinolophus ferrumequinum,0.023,0.023,-1,Echolocation,/mnt/ubna_data_02_mir/recover-20221013/UBNA_001/20221012_030000.WAV,Telephone Field,recover-20221013,001,1795
1352.4355,1352.4724,68437,81219,Rhinolophus ferrumequinum,0.025,0.025,-1,Echolocation,/mnt/ubna_data_02_mir/recover-20221013/UBNA_001/20221012_030000.WAV,Telephone Field,recover-20221013,001,1795
1352.4705,1352.5112,68437,82567,Rhinolophus ferrumequinum,0.025,0.025,-1,Echolocation,/mnt/ubna_data_02_mir/recover-20221013/UBNA_001/20221012_030000.WAV,Telephone Field,recover-20221013,001,1795
1352.4825,1352.5216,68437,81806,Rhinolophus ferrumequinum,0.022,0.022,-1,Echolocation,/mnt/ubna_data_02_mir/recover-20221013/UBNA_001/20221012_030000.WAV,Telephone Field,recover-20221013,001,1795
1352.5075,1352.5196,22890,28060,Nyctalus leisleri,0.012,0.026,-1,Echolocation,/mnt/ubna_data_02_mir/recover-20221013/UBNA_001/20221012_030000.WAV,Telephone Field,recover-20221013,001,1795
1352.5155,1352.5237,27187,38616,Eptesicus serotinus,0.007,0.023,-1,Echolocation,/mnt/ubna_data_02_mir/recover-20221013/UBNA_001/20221012_030000.WAV,Telephone Field,recover-20221013,001,1795
1352.5235,1352.5327,27187,34818,Eptesicus serotinus,0.008,0.023,-1,Echolocation,/mnt/ubna_data_02_mir/recover-20221013/UBNA_001/20221012_030000.WAV,Telephone Field,recover-20221013,001,1795
1352.5275,1352.5346,46093,50795,Pipistrellus pipistrellus,0.024,0.026,-1,Echolocation,/mnt/ubna_data_02_mir/recover-20221013/UBNA_001/20221012_030000.WAV,Telephone Field,recover-20221013,001,1795
1352.5465,1352.5881,68437,83101,Rhinolophus ferrumequinum,0.026,0.026,-1,Echolocation,/mnt/ubna_data_02_mir/recover-20221013/UBNA_001/20221012_030000.WAV,Telephone Field,recover-20221013,001,1795
1352.5685,1352.6084,68437,82308,Rhinolophus ferrumequinum,0.039,0.039,-1,Echolocation,/mnt/ubna_data_02_mir/recover-20221013/UBNA_001/20221012_030000.WAV,Telephone Field,recover-20221013,001,1795
1352.5785,1352.5997,17734,21720,Nyctalus noctula,0.025,0.035,-1,Echolocation,/mnt/ubna_data_02_mir/recover-20221013/UBNA_001/20221012_030000.WAV,Telephone Field,recover-20221013,001,1795
1352.5965,1352.6357,68437,82545,Rhinolophus ferrumequinum,0.025,0.025,-1,Echolocation,/mnt/ubna_data_02_mir/recover-20221013/UBNA_001/20221012_030000.WAV,Telephone Field,recover-20221013,001,1795
1352.6075,1352.6461,68437,82719,Rhinolophus ferrumequinum,0.023,0.023,-1,Echolocation,/mnt/ubna_data_02_mir/recover-20221013/UBNA_001/20221012_030000.WAV,Telephone Field,recover-20221013,001,1795
1352.6135,1352.6534,68437,82795,Rhinolophus ferrumequinum,0.023,0.023,-1,Echolocation,/mnt/ubna_data_02_mir/recover-20221013/UBNA_001/20221012_030000.WAV,Telephone Field,recover-20221013,001,1795
1352.6185,1352.6288,22031,26873,Nyctalus leisleri,0.01,0.025,-1,Echolocation,/mnt/ubna_data_02_mir/recover-20221013/UBNA_001/20221012_030000.WAV,Telephone Field,recover-20221013,001,1795
1352.6205,1352.6625,68437,82523,Rhinolophus ferrumequinum,0.022,0.022,-1,Echolocation,/mnt/ubna_data_02_mir/recover-20221013/UBNA_001/20221012_030000.WAV,Telephone Field,recover-20221013,001,1795
1352.6325,1352.6687,68437,82687,Rhinolophus ferrumequinum,0.024,0.024,-1,Echolocation,/mnt/ubna_data_02_mir/recover-20221013/UBNA_001/20221012_030000.WAV,Telephone Field,recover-20221013,001,1795
1352.6475,1352.6862,68437,81294,Rhinolophus ferrumequinum,0.023,0.023,-1,Echolocation,/mnt/ubna_data_02_mir/recover-20221013/UBNA_001/20221012_030000.WAV,Telephone Field,recover-20221013,001,1795
1352.6525,1352.6615,26328,38053,Eptesicus serotinus,0.007,0.022,-1,Echolocation,/mnt/ubna_data_02_mir/recover-20221013/UBNA_001/20221012_030000.WAV,Telephone Field,recover-20221013,001,1795
1352.6725,1352.6822,48671,53335,Pipistrellus pipistrellus,0.034,0.038,-1,Echolocation,/mnt/ubna_data_02_mir/recover-20221013/UBNA_001/20221012_030000.WAV,Telephone Field,recover-20221013,001,1795
1352.7005,1352.7094,28906,40210,Eptesicus serotinus,0.016,0.04,-1,Echolocation,/mnt/ubna_data_02_mir/recover-20221013/UBNA_001/20221012_030000.WAV,Telephone Field,recover-20221013,001,1795
1352.7195,1352.7572,68437,81561,Rhinolophus ferrumequinum,0.022,0.023,-1,Echolocation,/mnt/ubna_data_02_mir/recover-20221013/UBNA_001/20221012_030000.WAV,Telephone Field,recover-20221013,001,1795
1352.7335,1352.7749,68437,82697,Rhinolophus ferrumequinum,0.023,0.023,-1,Echolocation,/mnt/ubna_data_02_mir/recover-20221013/UBNA_001/20221012_030000.WAV,Telephone Field,recover-20221013,001,1795
1352.7815,1352.7919,22031,27151,Nyctalus leisleri,0.011,0.026,-1,Echolocation,/mnt/ubna_data_02_mir/recover-20221013/UBNA_001/20221012_030000.WAV,Telephone Field,recover-20221013,001,1795
1352.7825,1352.8227,68437,82246,Rhinolophus ferrumequinum,0.023,0.023,-1,Echolocation,/mnt/ubna_data_02_mir/recover-20221013/UBNA_001/20221012_030000.WAV,Telephone Field,recover-20221013,001,1795
1352.8365,1352.8761,68437,82167,Rhinolophus ferrumequinum,0.032,0.032,-1,Echolocation,/mnt/ubna_data_02_mir/recover-20221013/UBNA_001/20221012_030000.WAV,Telephone Field,recover-20221013,001,1795
1352.8615,1352.9028,68437,82327,Rhinolophus ferrumequinum,0.022,0.022,-1,Echolocation,/mnt/ubna_data_02_mir/recover-20221013/UBNA_001/20221012_030000.WAV,Telephone Field,recover-20221013,001,1795
1352.8895,1352.9305,68437,82428,Rhinolophus ferrumequinum,0.026,0.026,-1,Echolocation,/mnt/ubna_data_02_mir/recover-20221013/UBNA_001/20221012_030000.WAV,Telephone Field,recover-20221013,001,1795
1352.9405,1352.9823,68437,82323,Rhinolophus ferrumequinum,0.031,0.031,-1,Echolocation,/mnt/ubna_data_02_mir/recover-20221013/UBNA_001/20221012_030000.WAV,Telephone Field,recover-20221013,001,1795
1352.9675,1353.0033,68437,80899,Rhinolophus ferrumequinum,0.023,0.023,-1,Echolocation,/mnt/ubna_data_02_mir/recover-20221013/UBNA_001/20221012_030000.WAV,Telephone Field,recover-20221013,001,1795
1352.9965,1353.0354,68437,81864,Rhinolophus ferrumequinum,0.022,0.022,-1,Echolocation,/mnt/ubna_data_02_mir/recover-20221013/UBNA_001/20221012_030000.WAV,Telephone Field,recover-20221013,001,1795
1353.0035,1353.0405,68437,81463,Rhinolophus ferrumequinum,0.022,0.022,-1,Echolocation,/mnt/ubna_data_02_mir/recover-20221013/UBNA_001/20221012_030000.WAV,Telephone Field,recover-20221013,001,1795
1353.0235,1353.0329,23750,30759,Nyctalus leisleri,0.007,0.022,-1,Echolocation,/mnt/ubna_data_02_mir/recover-20221013/UBNA_001/20221012_030000.WAV,Telephone Field,recover-20221013,001,1795
1353.0495,1353.0565,27187,41043,Eptesicus serotinus,0.006,0.025,-1,Echolocation,/mnt/ubna_data_02_mir/recover-20221013/UBNA_001/20221012_030000.WAV,Telephone Field,recover-20221013,001,1795
1353.0745,1353.1111,68437,81080,Rhinolophus ferrumequinum,0.022,0.022,-1,Echolocation,/mnt/ubna_data_02_mir/recover-20221013/UBNA_001/20221012_030000.WAV,Telephone Field,recover-20221013,001,1795
1353.0895,1353.1243,68437,81644,Rhinolophus ferrumequinum,0.022,0.022,-1,Echolocation,/mnt/ubna_data_02_mir/recover-20221013/UBNA_001/20221012_030000.WAV,Telephone Field,recover-20221013,001,1795
1353.1275,1353.1381,28046,34300,Eptesicus serotinus,0.024,0.045,-1,Echolocation,/mnt/ubna_data_02_mir/recover-20221013/UBNA_001/20221012_030000.WAV,Telephone Field,recover-20221013,001,1795
1353.1485,1353.1577,28906,36286,Eptesicus serotinus,0.008,0.022,-1,Echolocation,/mnt/ubna_data_02_mir/recover-20221013/UBNA_001/20221012_030000.WAV,Telephone Field,recover-20221013,001,1795
1353.2085,1353.2462,68437,81621,Rhinolophus ferrumequinum,0.023,0.023,-1,Echolocation,/mnt/ubna_data_02_mir/recover-20221013/UBNA_001/20221012_030000.WAV,Telephone Field,recover-20221013,001,1795
1353.2235,1353.231,31484,44832,Myotis daubentonii,0.009,0.025,-1,Echolocation,/mnt/ubna_data_02_mir/recover-20221013/UBNA_001/20221012_030000.WAV,Telephone Field,recover-20221013,001,1795
1353.2235,1353.2288,37500,55997,Myotis brandtii,0.007,0.022,-1,Echolocation,/mnt/ubna_data_02_mir/recover-20221013/UBNA_001/20221012_030000.WAV,Telephone Field,recover-20221013,001,1795
1353.2355,1353.2759,68437,82190,Rhinolophus ferrumequinum,0.028,0.029,-1,Echolocation,/mnt/ubna_data_02_mir/recover-20221013/UBNA_001/20221012_030000.WAV,Telephone Field,recover-20221013,001,1795
1353.2605,1353.303,68437,83064,Rhinolophus ferrumequinum,0.031,0.031,-1,Echolocation,/mnt/ubna_data_02_mir/recover-20221013/UBNA_001/20221012_030000.WAV,Telephone Field,recover-20221013,001,1795
1353.2925,1353.3307,68437,82537,Rhinolophus ferrumequinum,0.049,0.049,-1,Echolocation,/mnt/ubna_data_02_mir/recover-20221013/UBNA_001/20221012_030000.WAV,Telephone Field,recover-20221013,001,1795
1353.3515,1353.3926,68437,82636,Rhinolophus ferrumequinum,0.022,0.022,-1,Echolocation,/mnt/ubna_data_02_mir/recover-20221013/UBNA_001/20221012_030000.WAV,Telephone Field,recover-20221013,001,1795
1353.3675,1353.3773,28906,36931,Eptesicus serotinus,0.01,0.024,-1,Echolocation,/mnt/ubna_data_02_mir/recover-20221013/UBNA_001/20221012_030000.WAV,Telephone Field,recover-20221013,001,1795
1353.3685,1353.4082,68437,82637,Rhinolophus ferrumequinum,0.022,0.023,-1,Echolocation,/mnt/ubna_data_02_mir/recover-20221013/UBNA_001/20221012_030000.WAV,Telephone Field,recover-20221013,001,1795
1353.3915,1353.4308,68437,82500,Rhinolophus ferrumequinum,0.022,0.022,-1,Echolocation,/mnt/ubna_data_02_mir/recover-20221013/UBNA_001/20221012_030000.WAV,Telephone Field,recover-20221013,001,1795
1353.4295,1353.4378,48671,55495,Pipistrellus pipistrellus,0.028,0.03,-1,Echolocation,/mnt/ubna_data_02_mir/recover-20221013/UBNA_001/20221012_030000.WAV,Telephone Field,recover-20221013,001,1795
1353.4505,1353.4638,23750,27661,Nyctalus leisleri,0.013,0.022,-1,Echolocation,/mnt/ubna_data_02_mir/recover-20221013/UBNA_001/20221012_030000.WAV,Telephone Field,recover-20221013,001,1795
1353.4655,1353.5076,68437,83338,Rhinolophus ferrumequinum,0.023,0.023,-1,Echolocation,/mnt/ubna_data_02_mir/recover-20221013/UBNA_001/20221012_030000.WAV,Telephone Field,recover-20221013,001,1795
1353.4795,1353.4863,28046,38101,Eptesicus serotinus,0.016,0.045,-1,Echolocation,/mnt/ubna_data_02_mir/recover-20221013/UBNA_001/20221012_030000.WAV,Telephone Field,recover-20221013,001,1795
1353.4975,1353.5186,16875,20336,Nyctalus noctula,0.019,0.028,-1,Echolocation,/mnt/ubna_data_02_mir/recover-20221013/UBNA_001/20221012_030000.WAV,Telephone Field,recover-20221013,001,1795
1353.5065,1353.5446,68437,82462,Rhinolophus ferrumequinum,0.024,0.024,-1,Echolocation,/mnt/ubna_data_02_mir/recover-20221013/UBNA_001/20221012_030000.WAV,Telephone Field,recover-20221013,001,1795
1353.5295,1353.545,15156,20747,Nyctalus noctula,0.016,0.022,-1,Echolocation,/mnt/ubna_data_02_mir/recover-20221013/UBNA_001/20221012_030000.WAV,Telephone Field,recover-20221013,001,1795
1353.5345,1353.5764,68437,82723,Rhinolophus ferrumequinum,0.025,0.025,-1,Echolocation,/mnt/ubna_data_02_mir/recover-20221013/UBNA_001/20221012_030000.WAV,Telephone Field,recover-20221013,001,1795
1353.5525,1353.5614,24609,32315,Plecotus austriacus,0.007,0.026,-1,Echolocation,/mnt/ubna_data_02_mir/recover-20221013/UBNA_001/20221012_030000.WAV,Telephone Field,recover-20221013,001,1795
1353.5575,1353.5969,68437,82600,Rhinolophus ferrumequinum,0.027,0.027,-1,Echolocation,/mnt/ubna_data_02_mir/recover-20221013/UBNA_001/20221012_030000.WAV,Telephone Field,recover-20221013,001,1795
1353.5965,1353.6044,24609,33062,Plecotus austriacus,0.014,0.034,-1,Echolocation,/mnt/ubna_data_02_mir/recover-20221013/UBNA_001/20221012_030000.WAV,Telephone Field,recover-20221013,001,1795
1353.6235,1353.6327,28906,38062,Eptesicus serotinus,0.008,0.022,-1,Echolocation,/mnt/ubna_data_02_mir/recover-20221013/UBNA_001/20221012_030000.WAV,Telephone Field,recover-20221013,001,1795
1353.6315,1353.6709,68437,81784,Rhinolophus ferrumequinum,0.024,0.024,-1,Echolocation,/mnt/ubna_data_02_mir/recover-20221013/UBNA_001/20221012_030000.WAV,Telephone Field,recover-20221013,001,1795
1353.6445,1353.655,22031,27649,Nyctalus leisleri,0.013,0.034,-1,Echolocation,/mnt/ubna_data_02_mir/recover-20221013/UBNA_001/20221012_030000.WAV,Telephone Field,recover-20221013,001,1795
1353.6945,1353.7325,68437,81568,Rhinolophus ferrumequinum,0.022,0.022,-1,Echolocation,/mnt/ubna_data_02_mir/recover-20221013/UBNA_001/20221012_030000.WAV,Telephone Field,recover-20221013,001,1795
1353.7405,1353.7827,68437,82898,Rhinolophus ferrumequinum,0.025,0.025,-1,Echolocation,/mnt/ubna_data_02_mir/recover-20221013/UBNA_001/20221012_030000.WAV,Telephone Field,recover-20221013,001,1795
1353.7745,1353.8129,68437,82343,Rhinolophus ferrumequinum,0.023,0.023,-1,Echolocation,/mnt/ubna_data_02_mir/recover-20221013/UBNA_001/20221012_030000.WAV,Telephone Field,recover-20221013,001,1795
1353.7755,1353.785,23750,30671,Nyctalus leisleri,0.008,0.023,-1,Echolocation,/mnt/ubna_data_02_mir/recover-20221013/UBNA_001/20221012_030000.WAV,Telephone Field,recover-20221013,001,1795
1353.8025,1353.8377,68437,80905,Rhinolophus ferrumequinum,0.023,0.023,-1,Echolocation,/mnt/ubna_data_02_mir/recover-20221013/UBNA_001/20221012_030000.WAV,Telephone Field,recover-20221013,001,1795
1353.8035,1353.8113,28046,45183,Eptesicus serotinus,0.008,0.023,-1,Echolocation,/mnt/ubna_data_02_mir/recover-20221013/UBNA_001/20221012_030000.WAV,Telephone Field,recover-20221013,001,1795
1353.8135,1353.8516,68437,82008,Rhinolophus ferrumequinum,0.022,0.022,-1,Echolocation,/mnt/ubna_data_02_mir/recover-20221013/UBNA_001/20221012_030000.WAV,Telephone Field,recover-20221013,001,1795
1353.8365,1353.879,68437,83209,Rhinolophus ferrumequinum,0.043,0.043,-1,Echolocation,/mnt/ubna_data_02_mir/recover-20221013/UBNA_001/20221012_030000.WAV,Telephone Field,recover-20221013,001,1795
1353.8525,1353.8927,68437,82660,Rhinolophus ferrumequinum,0.022,0.022,-1,Echolocation,/mnt/ubna_data_02_mir/recover-20221013/UBNA_001/20221012_030000.WAV,Telephone Field,recover-20221013,001,1795
1353.8605,1353.9019,68437,83180,Rhinolophus ferrumequinum,0.024,0.024,-1,Echolocation,/mnt/ubna_data_02_mir/recover-20221013/UBNA_001/20221012_030000.WAV,Telephone Field,recover-20221013,001,1795
1353.9285,1353.9387,22031,27370,Nyctalus leisleri,0.009,0.023,-1,Echolocation,/mnt/ubna_data_02_mir/recover-20221013/UBNA_001/20221012_030000.WAV,Telephone Field,recover-20221013,001,1795
1353.9475,1353.955,23750,31782,Plecotus austriacus,0.01,0.025,-1,Echolocation,/mnt/ubna_data_02_mir/recover-20221013/UBNA_001/20221012_030000.WAV,Telephone Field,recover-20221013,001,1795
1353.9505,1353.9615,15156,21867,Nyctalus noctula,0.016,0.028,-1,Echolocation,/mnt/ubna_data_02_mir/recover-20221013/UBNA_001/20221012_030000.WAV,Telephone Field,recover-20221013,001,1795
1353.9505,1353.9909,68437,82094,Rhinolophus ferrumequinum,0.031,0.031,-1,Echolocation,/mnt/ubna_data_02_mir/recover-20221013/UBNA_001/20221012_030000.WAV,Telephone Field,recover-20221013,001,1795
1354.0015,1354.0116,22031,27945,Nyctalus leisleri,0.011,0.027,-1,Echolocation,/mnt/ubna_data_02_mir/recover-20221013/UBNA_001/20221012_030000.WAV,Telephone Field,recover-20221013,001,1795
1354.0015,1354.0358,69296,81432,Rhinolophus ferrumequinum,0.04,0.04,-1,Echolocation,/mnt/ubna_data_02_mir/recover-20221013/UBNA_001/20221012_030000.WAV,Telephone Field,recover-20221013,001,1795
1354.0335,1354.0689,68437,80959,Rhinolophus ferrumequinum,0.021,0.021,-1,Echolocation,/mnt/ubna_data_02_mir/recover-20221013/UBNA_001/20221012_030000.WAV,Telephone Field,recover-20221013,001,1795
1354.0985,1354.1036,35781,46124,Myotis daubentonii,0.011,0.031,-1,Echolocation,/mnt/ubna_data_02_mir/recover-20221013/UBNA_001/20221012_030000.WAV,Telephone Field,recover-20221013,001,1795
1354.0995,1354.1047,27187,45337,Myotis nattereri,0.009,0.036,-1,Echolocation,/mnt/ubna_data_02_mir/recover-20221013/UBNA_001/20221012_030000.WAV,Telephone Field,recover-20221013,001,1795
1354.1015,1354.1399,68437,81950,Rhinolophus ferrumequinum,0.03,0.03,-1,Echolocation,/mnt/ubna_data_02_mir/recover-20221013/UBNA_001/20221012_030000.WAV,Telephone Field,recover-20221013,001,1795
1354.1195,1354.1296,23750,29292,Nyctalus leisleri,0.01,0.023,-1,Echolocation,/mnt/ubna_data_02_mir/recover-20221013/UBNA_001/20221012_030000.WAV,Telephone Field,recover-20221013,001,1795
1354.1385,1354.175,68437,81824,Rhinolophus ferrumequinum,0.021,0.021,-1,Echolocation,/mnt/ubna_data_02_mir/recover-20221013/UBNA_001/20221012_030000.WAV,Telephone Field,recover-20221013,001,1795
1354.1405,1354.1523,24609,29427,Nyctalus leisleri,0.011,0.022,-1,Echolocation,/mnt/ubna_data_02_mir/recover-20221013/UBNA_001/20221012_030000.WAV,Telephone Field,recover-20221013,001,1795
1354.1465,1354.1551,45234,52596,Pipistrellus pipistrellus,0.019,0.021,-1,Echolocation,/mnt/ubna_data_02_mir/recover-20221013/UBNA_001/20221012_030000.WAV,Telephone Field,recover-20221013,001,1795
1354.1655,1354.2064,68437,82712,Rhinolophus ferrumequinum,0.024,0.024,-1,Echolocation,/mnt/ubna_data_02_mir/recover-20221013/UBNA_001/20221012_030000.WAV,Telephone Field,recover-20221013,001,1795
1354.1865,1354.195,27187,35946,Eptesicus serotinus,0.007,0.022,-1,Echolocation,/mnt/ubna_data_02_mir/recover-20221013/UBNA_001/20221012_030000.WAV,Telephone Field,recover-20221013,001,1795
1354.1965,1354.2126,14296,18304,Nyctalus noctula,0.024,0.037,-1,Echolocation,/mnt/ubna_data_02_mir/recover-20221013/UBNA_001/20221012_030000.WAV,Telephone Field,recover-20221013,001,1795
1354.2005,1354.2432,68437,83122,Rhinolophus ferrumequinum,0.036,0.036,-1,Echolocation,/mnt/ubna_data_02_mir/recover-20221013/UBNA_001/20221012_030000.WAV,Telephone Field,recover-20221013,001,1795
1354.2215,1354.2298,28906,38027,Eptesicus serotinus,0.007,0.022,-1,Echolocation,/mnt/ubna_data_02_mir/recover-20221013/UBNA_001/20221012_030000.WAV,Telephone Field,recover-20221013,001,1795
1354.2465,1354.2576,22890,27649,Nyctalus leisleri,0.011,0.022,-1,Echolocation,/mnt/ubna_data_02_mir/recover-20221013/UBNA_001/20221012_030000.WAV,Telephone Field,recover-20221013,001,1795
1354.2495,1354.2889,68437,81962,Rhinolophus ferrumequinum,0.021,0.021,-1,Echolocation,/mnt/ubna_data_02_mir/recover-20221013/UBNA_001/20221012_030000.WAV,Telephone Field,recover-20221013,001,1795
1354.2765,1354.3116,68437,80857,Rhinolophus ferrumequinum,0.026,0.026,-1,Echolocation,/mnt/ubna_data_02_mir/recover-20221013/UBNA_001/20221012_030000.WAV,Telephone Field,recover-20221013,001,1795
1354.3245,1354.3626,68437,82216,Rhinolophus ferrumequinum,0.021,0.021,-1,Echolocation,/mnt/ubna_data_02_mir/recover-20221013/UBNA_001/20221012_030000.WAV,Telephone Field,recover-20221013,001,1795
1354.3375,1354.3446,24609,35648,Plecotus austriacus,0.007,0.021,-1,Echolocation,/mnt/ubna_data_02_mir/recover-20221013/UBNA_001/20221012_030000.WAV,Telephone Field,recover-20221013,001,1795
1354.3625,1354.4036,68437,82887,Rhinolophus ferrumequinum,0.029,0.029,-1,Echolocation,/mnt/ubna_data_02_mir/recover-20221013/UBNA_001/20221012_030000.WAV,Telephone Field,recover-20221013,001,1795
1354.3805,1354.3894,45234,51888,Pipistrellus pipistrellus,0.016,0.024,-1,Echolocation,/mnt/ubna_data_02_mir/recover-20221013/UBNA_001/20221012_030000.WAV,Telephone Field,recover-20221013,001,1795
1354.3865,1354.4076,20312,23401,Nyctalus leisleri,0.015,0.029,-1,Echolocation,/mnt/ubna_data_02_mir/recover-20221013/UBNA_001/20221012_030000.WAV,Telephone Field,recover-20221013,001,1795
1354.4045,1354.4436,68437,82545,Rhinolophus ferrumequinum,0.022,0.022,-1,Echolocation,/mnt/ubna_data_02_mir/recover-20221013/UBNA_001/20221012_030000.WAV,Telephone Field,recover-20221013,001,1795
1354.4125,1354.4199,28046,38313,Eptesicus serotinus,0.005,0.022,-1,Echolocation,/mnt/ubna_data_02_mir/recover-20221013/UBNA_001/20221012_030000.WAV,Telephone Field,recover-20221013,001,1795
1354.4925,1354.5018,46953,51097,Pipistrellus pipistrellus,0.02,0.022,-1,Echolocation,/mnt/ubna_data_02_mir/recover-20221013/UBNA_001/20221012_030000.WAV,Telephone Field,recover-20221013,001,1795
1354.5015,1354.5103,25468,33592,Eptesicus serotinus,0.006,0.022,-1,Echolocation,/mnt/ubna_data_02_mir/recover-20221013/UBNA_001/20221012_030000.WAV,Telephone Field,recover-20221013,001,1795
1354.5195,1354.5617,68437,82534,Rhinolophus ferrumequinum,0.021,0.021,-1,Echolocation,/mnt/ubna_data_02_mir/recover-20221013/UBNA_001/20221012_030000.WAV,Telephone Field,recover-20221013,001,1795
1354.5405,1354.5529,35781,41445,Pipistrellus nathusii,0.031,0.076,-1,Echolocation,/mnt/ubna_data_02_mir/recover-20221013/UBNA_001/20221012_030000.WAV,Telephone Field,recover-20221013,001,1795
1354.5435,1354.5498,24609,36694,Plecotus austriacus,0.007,0.023,-1,Echolocation,/mnt/ubna_data_02_mir/recover-20221013/UBNA_001/20221012_030000.WAV,Telephone Field,recover-20221013,001,1795
1354.5465,1354.5856,68437,82142,Rhinolophus ferrumequinum,0.023,0.023,-1,Echolocation,/mnt/ubna_data_02_mir/recover-20221013/UBNA_001/20221012_030000.WAV,Telephone Field,recover-20221013,001,1795
1354.5535,1354.5914,68437,81780,Rhinolophus ferrumequinum,0.023,0.023,-1,Echolocation,/mnt/ubna_data_02_mir/recover-20221013/UBNA_001/20221012_030000.WAV,Telephone Field,recover-20221013,001,1795
1354.5925,1354.5993,26328,39790,Plecotus austriacus,0.008,0.034,-1,Echolocation,/mnt/ubna_data_02_mir/recover-20221013/UBNA_001/20221012_030000.WAV,Telephone Field,recover-20221013,001,1795
1354.6105,1354.6199,27187,38551,Eptesicus serotinus,0.009,0.024,-1,Echolocation,/mnt/ubna_data_02_mir/recover-20221013/UBNA_001/20221012_030000.WAV,Telephone Field,recover-20221013,001,1795
1354.6255,1354.6602,68437,81804,Rhinolophus ferrumequinum,0.021,0.021,-1,Echolocation,/mnt/ubna_data_02_mir/recover-20221013/UBNA_001/20221012_030000.WAV,Telephone Field,recover-20221013,001,1795
1354.6435,1354.6833,68437,82540,Rhinolophus ferrumequinum,0.022,0.022,-1,Echolocation,/mnt/ubna_data_02_mir/recover-20221013/UBNA_001/20221012_030000.WAV,Telephone Field,recover-20221013,001,1795
1354.6545,1354.6625,25468,34230,Plecotus austriacus,0.006,0.025,-1,Echolocation,/mnt/ubna_data_02_mir/recover-20221013/UBNA_001/20221012_030000.WAV,Telephone Field,recover-20221013,001,1795
1354.6765,1354.7127,68437,81114,Rhinolophus ferrumequinum,0.021,0.022,-1,Echolocation,/mnt/ubna_data_02_mir/recover-20221013/UBNA_001/20221012_030000.WAV,Telephone Field,recover-20221013,001,1795
1354.6955,1354.7068,31484,38219,Eptesicus serotinus,0.009,0.025,-1,Echolocation,/mnt/ubna_data_02_mir/recover-20221013/UBNA_001/20221012_030000.WAV,Telephone Field,recover-20221013,001,1795
1354.7005,1354.7408,68437,82596,Rhinolophus ferrumequinum,0.032,0.032,-1,Echolocation,/mnt/ubna_data_02_mir/recover-20221013/UBNA_001/20221012_030000.WAV,Telephone Field,recover-20221013,001,1795
1354.7305,1354.7685,68437,81885,Rhinolophus ferrumequinum,0.023,0.023,-1,Echolocation,/mnt/ubna_data_02_mir/recover-20221013/UBNA_001/20221012_030000.WAV,Telephone Field,recover-20221013,001,1795
1354.7375,1354.7739,68437,82045,Rhinolophus ferrumequinum,0.022,0.022,-1,Echolocation,/mnt/ubna_data_02_mir/recover-20221013/UBNA_001/20221012_030000.WAV,Telephone Field,recover-20221013,001,1795
1354.7515,1354.7627,46093,51688,Pipistrellus pipistrellus,0.024,0.027,-1,Echolocation,/mnt/ubna_data_02_mir/recover-20221013/UBNA_001/20221012_030000.WAV,Telephone Field,recover-20221013,001,1795
1354.7805,1354.8202,68437,82588,Rhinolophus ferrumequinum,0.023,0.023,-1,Echolocation,/mnt/ubna_data_02_mir/recover-20221013/UBNA_001/20221012_030000.WAV,Telephone Field,recover-20221013,001,1795
1354.8095,1354.8173,28046,39809,Eptesicus serotinus,0.007,0.023,-1,Echolocation,/mnt/ubna_data_02_mir/recover-20221013/UBNA_001/20221012_030000.WAV,Telephone Field,recover-20221013,001,1795
1354.8185,1354.8309,22890,27234,Nyctalus leisleri,0.016,0.029,-1,Echolocation,/mnt/ubna_data_02_mir/recover-20221013/UBNA_001/20221012_030000.WAV,Telephone Field,recover-20221013,001,1795
1354.8405,1354.88,68437,82043,Rhinolophus ferrumequinum,0.026,0.026,-1,Echolocation,/mnt/ubna_data_02_mir/recover-20221013/UBNA_001/20221012_030000.WAV,Telephone Field,recover-20221013,001,1795
1354.8435,1354.852,28046,39057,Eptesicus serotinus,0.008,0.024,-1,Echolocation,/mnt/ubna_data_02_mir/recover-20221013/UBNA_001/20221012_030000.WAV,Telephone Field,recover-20221013,001,1795
1354.8515,1354.8598,28046,37428,Eptesicus serotinus,0.008,0.024,-1,Echolocation,/mnt/ubna_data_02_mir/recover-20221013/UBNA_001/20221012_030000.WAV,Telephone Field,recover-20221013,001,1795
1354.8525,1354.8916,68437,82680,Rhinolophus ferrumequinum,0.025,0.025,-1,Echolocation,/mnt/ubna_data_02_mir/recover-20221013/UBNA_001/20221012_030000.WAV,Telephone Field,recover-20221013,001,1795
1354.8765,1354.8869,22890,28822,Nyctalus leisleri,0.012,0.028,-1,Echolocation,/mnt/ubna_data_02_mir/recover-20221013/UBNA_001/20221012_030000.WAV,Telephone Field,recover-20221013,001,1795
1354.9005,1354.9356,68437,81555,Rhinolophus ferrumequinum,0.031,0.031,-1,Echolocation,/mnt/ubna_data_02_mir/recover-20221013/UBNA_001/20221012_030000.WAV,Telephone Field,recover-20221013,001,1795
1354.9125,1354.954,68437,82597,Rhinolophus ferrumequinum,0.026,0.026,-1,Echolocation,/mnt/ubna_data_02_mir/recover-20221013/UBNA_001/20221012_030000.WAV,Telephone Field,recover-20221013,001,1795
1354.9285,1354.9395,22031,26238,Nyctalus leisleri,0.014,0.026,-1,Echolocation,/mnt/ubna_data_02_mir/recover-20221013/UBNA_001/20221012_030000.WAV,Telephone Field,recover-20221013,001,1795
1354.9655,1354.9844,20312,23339,Nyctalus leisleri,0.012,0.021,-1,Echolocation,/mnt/ubna_data_02_mir/recover-20221013/UBNA_001/20221012_030000.WAV,Telephone Field,recover-20221013,001,1795
1355.0075,1355.0173,56406,61695,Pipistrellus pygmaeus,0.028,0.03,-1,Echolocation,/mnt/ubna_data_02_mir/recover-20221013/UBNA_001/20221012_030000.WAV,Telephone Field,recover-20221013,001,1795
1355.0165,1355.0325,14296,18928,Nyctalus noctula,0.034,0.047,-1,Echolocation,/mnt/ubna_data_02_mir/recover-20221013/UBNA_001/20221012_030000.WAV,Telephone Field,recover-20221013,001,1795
1355.0265,1355.0668,68437,82701,Rhinolophus ferrumequinum,0.026,0.026,-1,Echolocation,/mnt/ubna_data_02_mir/recover-20221013/UBNA_001/20221012_030000.WAV,Telephone Field,recover-20221013,001,1795
1355.0455,1355.0566,22890,27850,Nyctalus leisleri,0.014,0.028,-1,Echolocation,/mnt/ubna_data_02_mir/recover-20221013/UBNA_001/20221012_030000.WAV,Telephone Field,recover-20221013,001,1795
1355.0515,1355.0904,68437,82740,Rhinolophus ferrumequinum,0.022,0.022,-1,Echolocation,/mnt/ubna_data_02_mir/recover-20221013/UBNA_001/20221012_030000.WAV,Telephone Field,recover-20221013,001,1795
1355.0855,1355.0928,28046,40167,Eptesicus serotinus,0.006,0.024,-1,Echolocation,/mnt/ubna_data_02_mir/recover-20221013/UBNA_001/20221012_030000.WAV,Telephone Field,recover-20221013,001,1795
1355.0955,1355.131,68437,81434,Rhinolophus ferrumequinum,0.022,0.022,-1,Echolocation,/mnt/ubna_data_02_mir/recover-20221013/UBNA_001/20221012_030000.WAV,Telephone Field,recover-20221013,001,1795
1355.1435,1355.1815,68437,83110,Rhinolophus ferrumequinum,0.036,0.036,-1,Echolocation,/mnt/ubna_data_02_mir/recover-20221013/UBNA_001/20221012_030000.WAV,Telephone Field,recover-20221013,001,1795
1355.2045,1355.2432,68437,82206,Rhinolophus ferrumequinum,0.022,0.022,-1,Echolocation,/mnt/ubna_data_02_mir/recover-20221013/UBNA_001/20221012_030000.WAV,Telephone Field,recover-20221013,001,1795
1355.2635,1355.2697,27187,44090,Eptesicus serotinus,0.006,0.026,-1,Echolocation,/mnt/ubna_data_02_mir/recover-20221013/UBNA_001/20221012_030000.WAV,Telephone Field,recover-20221013,001,1795
1355.2735,1355.3102,68437,81480,Rhinolophus ferrumequinum,0.021,0.022,-1,Echolocation,/mnt/ubna_data_02_mir/recover-20221013/UBNA_001/20221012_030000.WAV,Telephone Field,recover-20221013,001,1795
1355.3045,1355.3176,22031,25918,Nyctalus leisleri,0.012,0.022,-1,Echolocation,/mnt/ubna_data_02_mir/recover-20221013/UBNA_001/20221012_030000.WAV,Telephone Field,recover-20221013,001,1795
1355.3195,1355.3274,27187,40183,Eptesicus serotinus,0.007,0.023,-1,Echolocation,/mnt/ubna_data_02_mir/recover-20221013/UBNA_001/20221012_030000.WAV,Telephone Field,recover-20221013,001,1795
1355.3365,1355.3475,14296,22140,Nyctalus noctula,0.013,0.023,-1,Echolocation,/mnt/ubna_data_02_mir/recover-20221013/UBNA_001/20221012_030000.WAV,Telephone Field,recover-20221013,001,1795
1355.3365,1355.3748,68437,81996,Rhinolophus ferrumequinum,0.022,0.022,-1,Echolocation,/mnt/ubna_data_02_mir/recover-20221013/UBNA_001/20221012_030000.WAV,Telephone Field,recover-20221013,001,1795
1355.3485,1355.3572,28046,36986,Eptesicus serotinus,0.007,0.021,-1,Echolocation,/mnt/ubna_data_02_mir/recover-20221013/UBNA_001/20221012_030000.WAV,Telephone Field,recover-20221013,001,1795
1355.3545,1355.391,68437,81719,Rhinolophus ferrumequinum,0.022,0.022,-1,Echolocation,/mnt/ubna_data_02_mir/recover-20221013/UBNA_001/20221012_030000.WAV,Telephone Field,recover-20221013,001,1795
1355.3635,1355.4009,68437,82211,Rhinolophus ferrumequinum,0.025,0.025,-1,Echolocation,/mnt/ubna_data_02_mir/recover-20221013/UBNA_001/20221012_030000.WAV,Telephone Field,recover-20221013,001,1795
1355.3995,1355.4385,68437,82455,Rhinolophus ferrumequinum,0.024,0.024,-1,Echolocation,/mnt/ubna_data_02_mir/recover-20221013/UBNA_001/20221012_030000.WAV,Telephone Field,recover-20221013,001,1795
1355.4115,1355.4198,28046,38210,Eptesicus serotinus,0.007,0.022,-1,Echolocation,/mnt/ubna_data_02_mir/recover-20221013/UBNA_001/20221012_030000.WAV,Telephone Field,recover-20221013,001,1795
1355.4245,1355.4616,68437,81923,Rhinolophus ferrumequinum,0.022,0.022,-1,Echolocation,/mnt/ubna_data_02_mir/recover-20221013/UBNA_001/20221012_030000.WAV,Telephone Field,recover-20221013,001,1795
1355.4355,1355.4756,68437,82363,Rhinolophus ferrumequinum,0.022,0.022,-1,Echolocation,/mnt/ubna_data_02_mir/recover-20221013/UBNA_001/20221012_030000.WAV,Telephone Field,recover-20221013,001,1795
1355.4565,1355.4638,27187,47098,Eptesicus serotinus,0.006,0.022,-1,Echolocation,/mnt/ubna_data_02_mir/recover-20221013/UBNA_001/20221012_030000.WAV,Telephone Field,recover-20221013,001,1795
1355.4965,1355.5043,29765,38507,Eptesicus serotinus,0.009,0.029,-1,Echolocation,/mnt/ubna_data_02_mir/recover-20221013/UBNA_001/20221012_030000.WAV,Telephone Field,recover-20221013,001,1795
1355.5645,1355.5715,28046,43343,Eptesicus serotinus,0.007,0.025,-1,Echolocation,/mnt/ubna_data_02_mir/recover-20221013/UBNA_001/20221012_030000.WAV,Telephone Field,recover-20221013,001,1795
1355.5685,1355.6061,68437,82177,Rhinolophus ferrumequinum,0.023,0.023,-1,Echolocation,/mnt/ubna_data_02_mir/recover-20221013/UBNA_001/20221012_030000.WAV,Telephone Field,recover-20221013,001,1795
1355.5835,1355.6218,68437,82560,Rhinolophus ferrumequinum,0.021,0.021,-1,Echolocation,/mnt/ubna_data_02_mir/recover-20221013/UBNA_001/20221012_030000.WAV,Telephone Field,recover-20221013,001,1795
1355.6025,1355.6114,28046,37090,Eptesicus serotinus,0.012,0.029,-1,Echolocation,/mnt/ubna_data_02_mir/recover-20221013/UBNA_001/20221012_030000.WAV,Telephone Field,recover-20221013,001,1795
1355.6545,1355.666,24609,30840,Nyctalus leisleri,0.022,0.054,-1,Echolocation,/mnt/ubna_data_02_mir/recover-20221013/UBNA_001/20221012_030000.WAV,Telephone Field,recover-20221013,001,1795
1355.6665,1355.7119,68437,82658,Rhinolophus ferrumequinum,0.073,0.073,-1,Echolocation,/mnt/ubna_data_02_mir/recover-20221013/UBNA_001/20221012_030000.WAV,Telephone Field,recover-20221013,001,1795
1355.7005,1355.7384,68437,81350,Rhinolophus ferrumequinum,0.021,0.021,-1,Echolocation,/mnt/ubna_data_02_mir/recover-20221013/UBNA_001/20221012_030000.WAV,Telephone Field,recover-20221013,001,1795
1355.7085,1355.7173,27187,37664,Eptesicus serotinus,0.007,0.021,-1,Echolocation,/mnt/ubna_data_02_mir/recover-20221013/UBNA_001/20221012_030000.WAV,Telephone Field,recover-20221013,001,1795
1355.7105,1355.7176,46093,53060,Pipistrellus pipistrellus,0.018,0.022,-1,Echolocation,/mnt/ubna_data_02_mir/recover-20221013/UBNA_001/20221012_030000.WAV,Telephone Field,recover-20221013,001,1795
1355.7115,1355.7508,68437,82212,Rhinolophus ferrumequinum,0.025,0.025,-1,Echolocation,/mnt/ubna_data_02_mir/recover-20221013/UBNA_001/20221012_030000.WAV,Telephone Field,recover-20221013,001,1795
1355.7285,1355.7352,26328,38492,Eptesicus serotinus,0.006,0.025,-1,Echolocation,/mnt/ubna_data_02_mir/recover-20221013/UBNA_001/20221012_030000.WAV,Telephone Field,recover-20221013,001,1795
1355.7285,1355.7348,48671,52470,Pipistrellus pipistrellus,0.027,0.029,-1,Echolocation,/mnt/ubna_data_02_mir/recover-20221013/UBNA_001/20221012_030000.WAV,Telephone Field,recover-20221013,001,1795
1355.7645,1355.8038,68437,82559,Rhinolophus ferrumequinum,0.021,0.021,-1,Echolocation,/mnt/ubna_data_02_mir/recover-20221013/UBNA_001/20221012_030000.WAV,Telephone Field,recover-20221013,001,1795
1355.7675,1355.7817,22890,27486,Nyctalus leisleri,0.076,0.136,-1,Echolocation,/mnt/ubna_data_02_mir/recover-20221013/UBNA_001/20221012_030000.WAV,Telephone Field,recover-20221013,001,1795
1355.7965,1355.8026,25468,39486,Myotis nattereri,0.005,0.023,-1,Echolocation,/mnt/ubna_data_02_mir/recover-20221013/UBNA_001/20221012_030000.WAV,Telephone Field,recover-20221013,001,1795
1355.8185,1355.8262,26328,38840,Eptesicus serotinus,0.006,0.021,-1,Echolocation,/mnt/ubna_data_02_mir/recover-20221013/UBNA_001/20221012_030000.WAV,Telephone Field,recover-20221013,001,1795
1355.8205,1355.8619,68437,82112,Rhinolophus ferrumequinum,0.025,0.025,-1,Echolocation,/mnt/ubna_data_02_mir/recover-20221013/UBNA_001/20221012_030000.WAV,Telephone Field,recover-20221013,001,1795
1355.8355,1355.8715,68437,81802,Rhinolophus ferrumequinum,0.023,0.023,-1,Echolocation,/mnt/ubna_data_02_mir/recover-20221013/UBNA_001/20221012_030000.WAV,Telephone Field,recover-20221013,001,1795
1355.8645,1355.9048,68437,82342,Rhinolophus ferrumequinum,0.022,0.022,-1,Echolocation,/mnt/ubna_data_02_mir/recover-20221013/UBNA_001/20221012_030000.WAV,Telephone Field,recover-20221013,001,1795
1355.8685,1355.8775,22031,29091,Plecotus austriacus,0.011,0.024,-1,Echolocation,/mnt/ubna_data_02_mir/recover-20221013/UBNA_001/20221012_030000.WAV,Telephone Field,recover-20221013,001,1795
1355.8835,1355.8936,28046,36010,Eptesicus serotinus,0.011,0.024,-1,Echolocation,/mnt/ubna_data_02_mir/recover-20221013/UBNA_001/20221012_030000.WAV,Telephone Field,recover-20221013,001,1795
1355.8865,1355.8968,23750,30377,Nyctalus leisleri,0.008,0.022,-1,Echolocation,/mnt/ubna_data_02_mir/recover-20221013/UBNA_001/20221012_030000.WAV,Telephone Field,recover-20221013,001,1795
1355.9015,1355.9105,26328,37942,Eptesicus serotinus,0.008,0.023,-1,Echolocation,/mnt/ubna_data_02_mir/recover-20221013/UBNA_001/20221012_030000.WAV,Telephone Field,recover-20221013,001,1795
1355.9245,1355.9664,68437,82278,Rhinolophus ferrumequinum,0.031,0.031,-1,Echolocation,/mnt/ubna_data_02_mir/recover-20221013/UBNA_001/20221012_030000.WAV,Telephone Field,recover-20221013,001,1795
1355.9345,1355.947,22031,26560,Nyctalus leisleri,0.013,0.026,-1,Echolocation,/mnt/ubna_data_02_mir/recover-20221013/UBNA_001/20221012_030000.WAV,Telephone Field,recover-20221013,001,1795
1355.9525,1355.9912,68437,81927,Rhinolophus ferrumequinum,0.024,0.024,-1,Echolocation,/mnt/ubna_data_02_mir/recover-20221013/UBNA_001/20221012_030000.WAV,Telephone Field,recover-20221013,001,1795
1356.0015,1356.0117,22890,29523,Nyctalus leisleri,0.014,0.033,-1,Echolocation,/mnt/ubna_data_02_mir/recover-20221013/UBNA_001/20221012_030000.WAV,Telephone Field,recover-20221013,001,1795
1356.0015,1356.0343,68437,80205,Rhinolophus ferrumequinum,0.027,0.027,-1,Echolocation,/mnt/ubna_data_02_mir/recover-20221013/UBNA_001/20221012_030000.WAV,Telephone Field,recover-20221013,001,1795
1356.0535,1356.0943,68437,82798,Rhinolophus ferrumequinum,0.036,0.036,-1,Echolocation,/mnt/ubna_data_02_mir/recover-20221013/UBNA_001/20221012_030000.WAV,Telephone Field,recover-20221013,001,1795
1356.1255,1356.1368,22890,28143,Nyctalus leisleri,0.014,0.029,-1,Echolocation,/mnt/ubna_data_02_mir/recover-20221013/UBNA_001/20221012_030000.WAV,Telephone Field,recover-20221013,001,1795
1356.1875,1356.2265,68437,81958,Rhinolophus ferrumequinum,0.022,0.022,-1,Echolocation,/mnt/ubna_data_02_mir/recover-20221013/UBNA_001/20221012_030000.WAV,Telephone Field,recover-20221013,001,1795
1356.2035,1356.2431,68437,82786,Rhinolophus ferrumequinum,0.025,0.025,-1,Echolocation,/mnt/ubna_data_02_mir/recover-20221013/UBNA_001/20221012_030000.WAV,Telephone Field,recover-20221013,001,1795
1356.2095,1356.2194,46093,51883,Pipistrellus pipistrellus,0.018,0.021,-1,Echolocation,/mnt/ubna_data_02_mir/recover-20221013/UBNA_001/20221012_030000.WAV,Telephone Field,recover-20221013,001,1795
1356.2125,1356.2511,68437,82059,Rhinolophus ferrumequinum,0.023,0.023,-1,Echolocation,/mnt/ubna_data_02_mir/recover-20221013/UBNA_001/20221012_030000.WAV,Telephone Field,recover-20221013,001,1795
1356.2205,1356.2627,68437,82783,Rhinolophus ferrumequinum,0.023,0.023,-1,Echolocation,/mnt/ubna_data_02_mir/recover-20221013/UBNA_001/20221012_030000.WAV,Telephone Field,recover-20221013,001,1795
1356.2705,1356.3091,68437,81606,Rhinolophus ferrumequinum,0.025,0.025,-1,Echolocation,/mnt/ubna_data_02_mir/recover-20221013/UBNA_001/20221012_030000.WAV,Telephone Field,recover-20221013,001,1795
1356.2755,1356.284,33203,42529,Myotis daubentonii,0.009,0.029,-1,Echolocation,/mnt/ubna_data_02_mir/recover-20221013/UBNA_001/20221012_030000.WAV,Telephone Field,recover-20221013,001,1795
1356.2985,1356.3349,68437,80861,Rhinolophus ferrumequinum,0.021,0.022,-1,Echolocation,/mnt/ubna_data_02_mir/recover-20221013/UBNA_001/20221012_030000.WAV,Telephone Field,recover-20221013,001,1795
1356.3075,1356.3469,68437,82437,Rhinolophus ferrumequinum,0.03,0.03,-1,Echolocation,/mnt/ubna_data_02_mir/recover-20221013/UBNA_001/20221012_030000.WAV,Telephone Field,recover-20221013,001,1795
1356.3095,1356.3166,44375,51110,Pipistrellus pipistrellus,0.02,0.024,-1,Echolocation,/mnt/ubna_data_02_mir/recover-20221013/UBNA_001/20221012_030000.WAV,Telephone Field,recover-20221013,001,1795
1356.3125,1356.3195,27187,41207,Eptesicus serotinus,0.006,0.021,-1,Echolocation,/mnt/ubna_data_02_mir/recover-20221013/UBNA_001/20221012_030000.WAV,Telephone Field,recover-20221013,001,1795
1356.3335,1356.3731,68437,81671,Rhinolophus ferrumequinum,0.022,0.022,-1,Echolocation,/mnt/ubna_data_02_mir/recover-20221013/UBNA_001/20221012_030000.WAV,Telephone Field,recover-20221013,001,1795
1356.3555,1356.3631,28906,42585,Eptesicus serotinus,0.007,0.023,-1,Echolocation,/mnt/ubna_data_02_mir/recover-20221013/UBNA_001/20221012_030000.WAV,Telephone Field,recover-20221013,001,1795
1356.3675,1356.4084,68437,82770,Rhinolophus ferrumequinum,0.024,0.024,-1,Echolocation,/mnt/ubna_data_02_mir/recover-20221013/UBNA_001/20221012_030000.WAV,Telephone Field,recover-20221013,001,1795
1356.3955,1356.4359,68437,82177,Rhinolophus ferrumequinum,0.025,0.025,-1,Echolocation,/mnt/ubna_data_02_mir/recover-20221013/UBNA_001/20221012_030000.WAV,Telephone Field,recover-20221013,001,1795
1356.4155,1356.4244,24609,33619,Plecotus austriacus,0.011,0.033,-1,Echolocation,/mnt/ubna_data_02_mir/recover-20221013/UBNA_001/20221012_030000.WAV,Telephone Field,recover-20221013,001,1795
1356.4165,1356.4548,68437,82348,Rhinolophus ferrumequinum,0.024,0.024,-1,Echolocation,/mnt/ubna_data_02_mir/recover-20221013/UBNA_001/20221012_030000.WAV,Telephone Field,recover-20221013,001,1795
1356.4305,1356.472,68437,82189,Rhinolophus ferrumequinum,0.023,0.023,-1,Echolocation,/mnt/ubna_data_02_mir/recover-20221013/UBNA_001/20221012_030000.WAV,Telephone Field,recover-20221013,001,1795
1356.4485,1356.4902,68437,82802,Rhinolophus ferrumequinum,0.03,0.03,-1,Echolocation,/mnt/ubna_data_02_mir/recover-20221013/UBNA_001/20221012_030000.WAV,Telephone Field,recover-20221013,001,1795
1356.4605,1356.4708,23750,29884,Nyctalus leisleri,0.01,0.025,-1,Echolocation,/mnt/ubna_data_02_mir/recover-20221013/UBNA_001/20221012_030000.WAV,Telephone Field,recover-20221013,001,1795
1356.4935,1356.5325,68437,82017,Rhinolophus ferrumequinum,0.022,0.022,-1,Echolocation,/mnt/ubna_data_02_mir/recover-20221013/UBNA_001/20221012_030000.WAV,Telephone Field,recover-20221013,001,1795
1356.5095,1356.519,22890,29048,Plecotus austriacus,0.007,0.021,-1,Echolocation,/mnt/ubna_data_02_mir/recover-20221013/UBNA_001/20221012_030000.WAV,Telephone Field,recover-20221013,001,1795
1356.5115,1356.5504,68437,82355,Rhinolophus ferrumequinum,0.029,0.029,-1,Echolocation,/mnt/ubna_data_02_mir/recover-20221013/UBNA_001/20221012_030000.WAV,Telephone Field,recover-20221013,001,1795
1356.5335,1356.5448,22890,26587,Nyctalus leisleri,0.013,0.022,-1,Echolocation,/mnt/ubna_data_02_mir/recover-20221013/UBNA_001/20221012_030000.WAV,Telephone Field,recover-20221013,001,1795
1356.5415,1356.5786,68437,82071,Rhinolophus ferrumequinum,0.023,0.023,-1,Echolocation,/mnt/ubna_data_02_mir/recover-20221013/UBNA_001/20221012_030000.WAV,Telephone Field,recover-20221013,001,1795
1356.5605,1356.6029,68437,82559,Rhinolophus ferrumequinum,0.035,0.035,-1,Echolocation,/mnt/ubna_data_02_mir/recover-20221013/UBNA_001/20221012_030000.WAV,Telephone Field,recover-20221013,001,1795
1356.5935,1356.63,68437,81535,Rhinolophus ferrumequinum,0.021,0.021,-1,Echolocation,/mnt/ubna_data_02_mir/recover-20221013/UBNA_001/20221012_030000.WAV,Telephone Field,recover-20221013,001,1795
1356.6325,1356.6434,23750,29459,Nyctalus leisleri,0.011,0.025,-1,Echolocation,/mnt/ubna_data_02_mir/recover-20221013/UBNA_001/20221012_030000.WAV,Telephone Field,recover-20221013,001,1795
1356.6455,1356.6863,68437,82937,Rhinolophus ferrumequinum,0.024,0.024,-1,Echolocation,/mnt/ubna_data_02_mir/recover-20221013/UBNA_001/20221012_030000.WAV,Telephone Field,recover-20221013,001,1795
1356.6795,1356.7184,68437,82224,Rhinolophus ferrumequinum,0.02,0.02,-1,Echolocation,/mnt/ubna_data_02_mir/recover-20221013/UBNA_001/20221012_030000.WAV,Telephone Field,recover-20221013,001,1795
1356.6895,1356.7288,68437,81936,Rhinolophus ferrumequinum,0.02,0.02,-1,Echolocation,/mnt/ubna_data_02_mir/recover-20221013/UBNA_001/20221012_030000.WAV,Telephone Field,recover-20221013,001,1795
1356.7595,1356.7989,68437,81640,Rhinolophus ferrumequinum,0.021,0.021,-1,Echolocation,/mnt/ubna_data_02_mir/recover-20221013/UBNA_001/20221012_030000.WAV,Telephone Field,recover-20221013,001,1795
1356.7665,1356.8047,68437,82129,Rhinolophus ferrumequinum,0.024,0.024,-1,Echolocation,/mnt/ubna_data_02_mir/recover-20221013/UBNA_001/20221012_030000.WAV,Telephone Field,recover-20221013,001,1795
1356.7805,1356.8178,68437,81576,Rhinolophus ferrumequinum,0.023,0.023,-1,Echolocation,/mnt/ubna_data_02_mir/recover-20221013/UBNA_001/20221012_030000.WAV,Telephone Field,recover-20221013,001,1795
1356.8065,1356.846,68437,83032,Rhinolophus ferrumequinum,0.038,0.038,-1,Echolocation,/mnt/ubna_data_02_mir/recover-20221013/UBNA_001/20221012_030000.WAV,Telephone Field,recover-20221013,001,1795
1356.8255,1356.8653,68437,82198,Rhinolophus ferrumequinum,0.025,0.025,-1,Echolocation,/mnt/ubna_data_02_mir/recover-20221013/UBNA_001/20221012_030000.WAV,Telephone Field,recover-20221013,001,1795
1356.8285,1356.8402,22031,26446,Nyctalus leisleri,0.014,0.025,-1,Echolocation,/mnt/ubna_data_02_mir/recover-20221013/UBNA_001/20221012_030000.WAV,Telephone Field,recover-20221013,001,1795
1356.8375,1356.8749,68437,82086,Rhinolophus ferrumequinum,0.025,0.025,-1,Echolocation,/mnt/ubna_data_02_mir/recover-20221013/UBNA_001/20221012_030000.WAV,Telephone Field,recover-20221013,001,1795
1356.8655,1356.9027,68437,82620,Rhinolophus ferrumequinum,0.021,0.021,-1,Echolocation,/mnt/ubna_data_02_mir/recover-20221013/UBNA_001/20221012_030000.WAV,Telephone Field,recover-20221013,001,1795
1356.8765,1356.9151,68437,81812,Rhinolophus ferrumequinum,0.02,0.02,-1,Echolocation,/mnt/ubna_data_02_mir/recover-20221013/UBNA_001/20221012_030000.WAV,Telephone Field,recover-20221013,001,1795
1356.9085,1356.9499,68437,83388,Rhinolophus ferrumequinum,0.023,0.023,-1,Echolocation,/mnt/ubna_data_02_mir/recover-20221013/UBNA_001/20221012_030000.WAV,Telephone Field,recover-20221013,001,1795
1356.9095,1356.9195,22890,28878,Nyctalus leisleri,0.009,0.023,-1,Echolocation,/mnt/ubna_data_02_mir/recover-20221013/UBNA_001/20221012_030000.WAV,Telephone Field,recover-20221013,001,1795
1356.9195,1356.9288,25468,32676,Nyctalus leisleri,0.007,0.022,-1,Echolocation,/mnt/ubna_data_02_mir/recover-20221013/UBNA_001/20221012_030000.WAV,Telephone Field,recover-20221013,001,1795
1356.9445,1356.9818,68437,81767,Rhinolophus ferrumequinum,0.021,0.021,-1,Echolocation,/mnt/ubna_data_02_mir/recover-20221013/UBNA_001/20221012_030000.WAV,Telephone Field,recover-20221013,001,1795
1356.9705,1357.0068,68437,82001,Rhinolophus ferrumequinum,0.021,0.021,-1,Echolocation,/mnt/ubna_data_02_mir/recover-20221013/UBNA_001/20221012_030000.WAV,Telephone Field,recover-20221013,001,1795
1357.0345,1357.0749,68437,82788,Rhinolophus ferrumequinum,0.025,0.025,-1,Echolocation,/mnt/ubna_data_02_mir/recover-20221013/UBNA_001/20221012_030000.WAV,Telephone Field,recover-20221013,001,1795
1357.0405,1357.0496,23750,31598,Plecotus austriacus,0.006,0.022,-1,Echolocation,/mnt/ubna_data_02_mir/recover-20221013/UBNA_001/20221012_030000.WAV,Telephone Field,recover-20221013,001,1795
1357.0715,1357.1126,68437,82944,Rhinolophus ferrumequinum,0.023,0.023,-1,Echolocation,/mnt/ubna_data_02_mir/recover-20221013/UBNA_001/20221012_030000.WAV,Telephone Field,recover-20221013,001,1795
1357.0925,1357.1355,68437,83318,Rhinolophus ferrumequinum,0.025,0.025,-1,Echolocation,/mnt/ubna_data_02_mir/recover-20221013/UBNA_001/20221012_030000.WAV,Telephone Field,recover-20221013,001,1795
1357.1025,1357.1382,68437,82006,Rhinolophus ferrumequinum,0.022,0.022,-1,Echolocation,/mnt/ubna_data_02_mir/recover-20221013/UBNA_001/20221012_030000.WAV,Telephone Field,recover-20221013,001,1795
1357.1125,1357.1215,28906,38278,Eptesicus serotinus,0.008,0.022,-1,Echolocation,/mnt/ubna_data_02_mir/recover-20221013/UBNA_001/20221012_030000.WAV,Telephone Field,recover-20221013,001,1795
1357.1195,1357.1583,68437,81860,Rhinolophus ferrumequinum,0.038,0.038,-1,Echolocation,/mnt/ubna_data_02_mir/recover-20221013/UBNA_001/20221012_030000.WAV,Telephone Field,recover-20221013,001,1795
1357.1295,1357.1685,68437,82282,Rhinolophus ferrumequinum,0.026,0.026,-1,Echolocation,/mnt/ubna_data_02_mir/recover-20221013/UBNA_001/20221012_030000.WAV,Telephone Field,recover-20221013,001,1795
1357.1445,1357.1872,68437,82878,Rhinolophus ferrumequinum,0.023,0.023,-1,Echolocation,/mnt/ubna_data_02_mir/recover-20221013/UBNA_001/20221012_030000.WAV,Telephone Field,recover-20221013,001,1795
1357.1695,1357.1871,21171,24440,Nyctalus leisleri,0.021,0.036,-1,Echolocation,/mnt/ubna_data_02_mir/recover-20221013/UBNA_001/20221012_030000.WAV,Telephone Field,recover-20221013,001,1795
1357.1765,1357.2149,68437,82373,Rhinolophus ferrumequinum,0.022,0.022,-1,Echolocation,/mnt/ubna_data_02_mir/recover-20221013/UBNA_001/20221012_030000.WAV,Telephone Field,recover-20221013,001,1795
1357.1955,1357.2027,28046,40856,Eptesicus serotinus,0.006,0.021,-1,Echolocation,/mnt/ubna_data_02_mir/recover-20221013/UBNA_001/20221012_030000.WAV,Telephone Field,recover-20221013,001,1795
1357.1965,1357.2347,68437,81917,Rhinolophus ferrumequinum,0.023,0.023,-1,Echolocation,/mnt/ubna_data_02_mir/recover-20221013/UBNA_001/20221012_030000.WAV,Telephone Field,recover-20221013,001,1795
1357.2345,1357.2465,34062,39015,Eptesicus serotinus,0.005,0.023,-1,Echolocation,/mnt/ubna_data_02_mir/recover-20221013/UBNA_001/20221012_030000.WAV,Telephone Field,recover-20221013,001,1795
1357.2495,1357.2911,68437,82599,Rhinolophus ferrumequinum,0.03,0.03,-1,Echolocation,/mnt/ubna_data_02_mir/recover-20221013/UBNA_001/20221012_030000.WAV,Telephone Field,recover-20221013,001,1795
1357.2765,1357.3143,68437,82191,Rhinolophus ferrumequinum,0.02,0.02,-1,Echolocation,/mnt/ubna_data_02_mir/recover-20221013/UBNA_001/20221012_030000.WAV,Telephone Field,recover-20221013,001,1795
1357.3705,1357.4088,68437,82606,Rhinolophus ferrumequinum,0.022,0.022,-1,Echolocation,/mnt/ubna_data_02_mir/recover-20221013/UBNA_001/20221012_030000.WAV,Telephone Field,recover-20221013,001,1795
1357.3885,1357.4255,68437,82244,Rhinolophus ferrumequinum,0.021,0.022,-1,Echolocation,/mnt/ubna_data_02_mir/recover-20221013/UBNA_001/20221012_030000.WAV,Telephone Field,recover-20221013,001,1795
1357.4025,1357.4106,22890,30596,Plecotus austriacus,0.009,0.021,-1,Echolocation,/mnt/ubna_data_02_mir/recover-20221013/UBNA_001/20221012_030000.WAV,Telephone Field,recover-20221013,001,1795
1357.4075,1357.4476,68437,82256,Rhinolophus ferrumequinum,0.022,0.022,-1,Echolocation,/mnt/ubna_data_02_mir/recover-20221013/UBNA_001/20221012_030000.WAV,Telephone Field,recover-20221013,001,1795
1357.4515,1357.4874,68437,81798,Rhinolophus ferrumequinum,0.025,0.026,-1,Echolocation,/mnt/ubna_data_02_mir/recover-20221013/UBNA_001/20221012_030000.WAV,Telephone Field,recover-20221013,001,1795
1357.4765,1357.5154,68437,82903,Rhinolophus ferrumequinum,0.04,0.04,-1,Echolocation,/mnt/ubna_data_02_mir/recover-20221013/UBNA_001/20221012_030000.WAV,Telephone Field,recover-20221013,001,1795
1357.5185,1357.5573,68437,81571,Rhinolophus ferrumequinum,0.024,0.024,-1,Echolocation,/mnt/ubna_data_02_mir/recover-20221013/UBNA_001/20221012_030000.WAV,Telephone Field,recover-20221013,001,1795
1357.5465,1357.5535,25468,35891,Plecotus austriacus,0.018,0.042,-1,Echolocation,/mnt/ubna_data_02_mir/recover-20221013/UBNA_001/20221012_030000.WAV,Telephone Field,recover-20221013,001,1795
1357.5675,1357.5853,15156,20709,Nyctalus noctula,0.035,0.044,-1,Echolocation,/mnt/ubna_data_02_mir/recover-20221013/UBNA_001/20221012_030000.WAV,Telephone Field,recover-20221013,001,1795
1357.5715,1357.5805,22890,30613,Plecotus austriacus,0.01,0.024,-1,Echolocation,/mnt/ubna_data_02_mir/recover-20221013/UBNA_001/20221012_030000.WAV,Telephone Field,recover-20221013,001,1795
1357.6225,1357.6597,68437,82154,Rhinolophus ferrumequinum,0.022,0.022,-1,Echolocation,/mnt/ubna_data_02_mir/recover-20221013/UBNA_001/20221012_030000.WAV,Telephone Field,recover-20221013,001,1795
1357.6355,1357.6726,68437,81139,Rhinolophus ferrumequinum,0.023,0.023,-1,Echolocation,/mnt/ubna_data_02_mir/recover-20221013/UBNA_001/20221012_030000.WAV,Telephone Field,recover-20221013,001,1795
1357.6355,1357.6442,28906,37464,Eptesicus serotinus,0.008,0.022,-1,Echolocation,/mnt/ubna_data_02_mir/recover-20221013/UBNA_001/20221012_030000.WAV,Telephone Field,recover-20221013,001,1795
1357.6415,1357.6787,68437,81969,Rhinolophus ferrumequinum,0.022,0.022,-1,Echolocation,/mnt/ubna_data_02_mir/recover-20221013/UBNA_001/20221012_030000.WAV,Telephone Field,recover-20221013,001,1795
1357.6465,1357.6846,68437,82091,Rhinolophus ferrumequinum,0.022,0.022,-1,Echolocation,/mnt/ubna_data_02_mir/recover-20221013/UBNA_001/20221012_030000.WAV,Telephone Field,recover-20221013,001,1795
1357.6845,1357.6917,28906,41462,Eptesicus serotinus,0.006,0.022,-1,Echolocation,/mnt/ubna_data_02_mir/recover-20221013/UBNA_001/20221012_030000.WAV,Telephone Field,recover-20221013,001,1795
1357.6925,1357.7315,68437,82352,Rhinolophus ferrumequinum,0.021,0.021,-1,Echolocation,/mnt/ubna_data_02_mir/recover-20221013/UBNA_001/20221012_030000.WAV,Telephone Field,recover-20221013,001,1795
1357.7455,1357.7549,22031,28106,Plecotus austriacus,0.009,0.024,-1,Echolocation,/mnt/ubna_data_02_mir/recover-20221013/UBNA_001/20221012_030000.WAV,Telephone Field,recover-20221013,001,1795
1357.7515,1357.7872,68437,82093,Rhinolophus ferrumequinum,0.024,0.024,-1,Echolocation,/mnt/ubna_data_02_mir/recover-20221013/UBNA_001/20221012_030000.WAV,Telephone Field,recover-20221013,001,1795
1357.7725,1357.7805,23750,31729,Plecotus austriacus,0.013,0.03,-1,Echolocation,/mnt/ubna_data_02_mir/recover-20221013/UBNA_001/20221012_030000.WAV,Telephone Field,recover-20221013,001,1795
1357.7775,1357.8161,68437,82352,Rhinolophus ferrumequinum,0.027,0.027,-1,Echolocation,/mnt/ubna_data_02_mir/recover-20221013/UBNA_001/20221012_030000.WAV,Telephone Field,recover-20221013,001,1795
1357.8075,1357.8458,68437,82861,Rhinolophus ferrumequinum,0.023,0.023,-1,Echolocation,/mnt/ubna_data_02_mir/recover-20221013/UBNA_001/20221012_030000.WAV,Telephone Field,recover-20221013,001,1795
1357.8435,1357.8831,68437,82155,Rhinolophus ferrumequinum,0.021,0.021,-1,Echolocation,/mnt/ubna_data_02_mir/recover-20221013/UBNA_001/20221012_030000.WAV,Telephone Field,recover-20221013,001,1795
1357.8675,1357.8742,29765,40755,Eptesicus serotinus,0.006,0.025,-1,Echolocation,/mnt/ubna_data_02_mir/recover-20221013/UBNA_001/20221012_030000.WAV,Telephone Field,recover-20221013,001,1795
1357.8685,1357.8759,23750,32414,Plecotus austriacus,0.012,0.024,-1,Echolocation,/mnt/ubna_data_02_mir/recover-20221013/UBNA_001/20221012_030000.WAV,Telephone Field,recover-20221013,001,1795
1357.8815,1357.9212,68437,82910,Rhinolophus ferrumequinum,0.023,0.023,-1,Echolocation,/mnt/ubna_data_02_mir/recover-20221013/UBNA_001/20221012_030000.WAV,Telephone Field,recover-20221013,001,1795
1357.8925,1357.902,28906,38263,Eptesicus serotinus,0.009,0.025,-1,Echolocation,/mnt/ubna_data_02_mir/recover-20221013/UBNA_001/20221012_030000.WAV,Telephone Field,recover-20221013,001,1795
1357.8955,1357.9306,68437,80980,Rhinolophus ferrumequinum,0.023,0.023,-1,Echolocation,/mnt/ubna_data_02_mir/recover-20221013/UBNA_001/20221012_030000.WAV,Telephone Field,recover-20221013,001,1795
1357.9135,1357.9516,68437,82342,Rhinolophus ferrumequinum,0.021,0.021,-1,Echolocation,/mnt/ubna_data_02_mir/recover-20221013/UBNA_001/20221012_030000.WAV,Telephone Field,recover-20221013,001,1795
1357.9255,1357.9357,21171,26161,Nyctalus leisleri,0.01,0.025,-1,Echolocation,/mnt/ubna_data_02_mir/recover-20221013/UBNA_001/20221012_030000.WAV,Telephone Field,recover-20221013,001,1795
1357.9355,1357.9574,18593,21211,Nyctalus leisleri,0.012,0.025,-1,Echolocation,/mnt/ubna_data_02_mir/recover-20221013/UBNA_001/20221012_030000.WAV,Telephone Field,recover-20221013,001,1795
1357.9415,1357.9848,68437,83666,Rhinolophus ferrumequinum,0.052,0.052,-1,Echolocation,/mnt/ubna_data_02_mir/recover-20221013/UBNA_001/20221012_030000.WAV,Telephone Field,recover-20221013,001,1795
1357.9565,1357.9637,24609,33477,Plecotus austriacus,0.007,0.021,-1,Echolocation,/mnt/ubna_data_02_mir/recover-20221013/UBNA_001/20221012_030000.WAV,Telephone Field,recover-20221013,001,1795
1358.0015,1358.0357,68437,80243,Rhinolophus ferrumequinum,0.064,0.064,-1,Echolocation,/mnt/ubna_data_02_mir/recover-20221013/UBNA_001/20221012_030000.WAV,Telephone Field,recover-20221013,001,1795
1358.0015,1358.0097,22890,30970,Nyctalus leisleri,0.009,0.03,-1,Echolocation,/mnt/ubna_data_02_mir/recover-20221013/UBNA_001/20221012_030000.WAV,Telephone Field,recover-20221013,001,1795
1358.0085,1358.0505,68437,82286,Rhinolophus ferrumequinum,0.023,0.023,-1,Echolocation,/mnt/ubna_data_02_mir/recover-20221013/UBNA_001/20221012_030000.WAV,Telephone Field,recover-20221013,001,1795
1358.0145,1358.0243,22031,26929,Nyctalus leisleri,0.009,0.02,-1,Echolocation,/mnt/ubna_data_02_mir/recover-20221013/UBNA_001/20221012_030000.WAV,Telephone Field,recover-20221013,001,1795
1358.0155,1358.0567,68437,82919,Rhinolophus ferrumequinum,0.02,0.02,-1,Echolocation,/mnt/ubna_data_02_mir/recover-20221013/UBNA_001/20221012_030000.WAV,Telephone Field,recover-20221013,001,1795
1358.0625,1358.0975,68437,81520,Rhinolophus ferrumequinum,0.02,0.02,-1,Echolocation,/mnt/ubna_data_02_mir/recover-20221013/UBNA_001/20221012_030000.WAV,Telephone Field,recover-20221013,001,1795
1358.0855,1358.1263,68437,82457,Rhinolophus ferrumequinum,0.031,0.031,-1,Echolocation,/mnt/ubna_data_02_mir/recover-20221013/UBNA_001/20221012_030000.WAV,Telephone Field,recover-20221013,001,1795
1358.1005,1358.1105,24609,31273,Nyctalus leisleri,0.008,0.02,-1,Echolocation,/mnt/ubna_data_02_mir/recover-20221013/UBNA_001/20221012_030000.WAV,Telephone Field,recover-20221013,001,1795
1358.1075,1358.1441,68437,81888,Rhinolophus ferrumequinum,0.021,0.021,-1,Echolocation,/mnt/ubna_data_02_mir/recover-20221013/UBNA_001/20221012_030000.WAV,Telephone Field,recover-20221013,001,1795
1358.1335,1358.1422,28046,38691,Eptesicus serotinus,0.008,0.02,-1,Echolocation,/mnt/ubna_data_02_mir/recover-20221013/UBNA_001/20221012_030000.WAV,Telephone Field,recover-20221013,001,1795
1358.1355,1358.1709,68437,81559,Rhinolophus ferrumequinum,0.021,0.021,-1,Echolocation,/mnt/ubna_data_02_mir/recover-20221013/UBNA_001/20221012_030000.WAV,Telephone Field,recover-20221013,001,1795
1358.1565,1358.1655,22031,28653,Plecotus austriacus,0.011,0.025,-1,Echolocation,/mnt/ubna_data_02_mir/recover-20221013/UBNA_001/20221012_030000.WAV,Telephone Field,recover-20221013,001,1795
1358.1885,1358.2258,68437,81988,Rhinolophus ferrumequinum,0.02,0.021,-1,Echolocation,/mnt/ubna_data_02_mir/recover-20221013/UBNA_001/20221012_030000.WAV,Telephone Field,recover-20221013,001,1795
1358.2165,1358.2542,68437,81490,Rhinolophus ferrumequinum,0.021,0.021,-1,Echolocation,/mnt/ubna_data_02_mir/recover-20221013/UBNA_001/20221012_030000.WAV,Telephone Field,recover-20221013,001,1795
1358.2235,1358.2601,68437,81944,Rhinolophus ferrumequinum,0.021,0.021,-1,Echolocation,/mnt/ubna_data_02_mir/recover-20221013/UBNA_001/20221012_030000.WAV,Telephone Field,recover-20221013,001,1795
1358.2475,1358.2572,27187,36108,Eptesicus serotinus,0.01,0.022,-1,Echolocation,/mnt/ubna_data_02_mir/recover-20221013/UBNA_001/20221012_030000.WAV,Telephone Field,recover-20221013,001,1795
1358.2545,1358.2922,68437,82266,Rhinolophus ferrumequinum,0.02,0.02,-1,Echolocation,/mnt/ubna_data_02_mir/recover-20221013/UBNA_001/20221012_030000.WAV,Telephone Field,recover-20221013,001,1795
1358.2665,1358.3019,68437,81896,Rhinolophus ferrumequinum,0.021,0.021,-1,Echolocation,/mnt/ubna_data_02_mir/recover-20221013/UBNA_001/20221012_030000.WAV,Telephone Field,recover-20221013,001,1795
1358.3475,1358.3852,68437,82410,Rhinolophus ferrumequinum,0.027,0.028,-1,Echolocation,/mnt/ubna_data_02_mir/recover-20221013/UBNA_001/20221012_030000.WAV,Telephone Field,recover-20221013,001,1795
1358.3535,1358.3664,22031,26223,Nyctalus leisleri,0.013,0.022,-1,Echolocation,/mnt/ubna_data_02_mir/recover-20221013/UBNA_001/20221012_030000.WAV,Telephone Field,recover-20221013,001,1795
1358.4065,1358.4451,68437,81701,Rhinolophus ferrumequinum,0.021,0.021,-1,Echolocation,/mnt/ubna_data_02_mir/recover-20221013/UBNA_001/20221012_030000.WAV,Telephone Field,recover-20221013,001,1795
1358.4425,1358.4826,68437,82582,Rhinolophus ferrumequinum,0.029,0.029,-1,Echolocation,/mnt/ubna_data_02_mir/recover-20221013/UBNA_001/20221012_030000.WAV,Telephone Field,recover-20221013,001,1795
1358.4505,1358.4873,68437,82699,Rhinolophus ferrumequinum,0.023,0.023,-1,Echolocation,/mnt/ubna_data_02_mir/recover-20221013/UBNA_001/20221012_030000.WAV,Telephone Field,recover-20221013,001,1795
1358.4775,1358.5122,68437,80858,Rhinolophus ferrumequinum,0.021,0.021,-1,Echolocation,/mnt/ubna_data_02_mir/recover-20221013/UBNA_001/20221012_030000.WAV,Telephone Field,recover-20221013,001,1795
1358.5045,1358.5154,23750,29554,Nyctalus leisleri,0.01,0.025,-1,Echolocation,/mnt/ubna_data_02_mir/recover-20221013/UBNA_001/20221012_030000.WAV,Telephone Field,recover-20221013,001,1795
1358.5135,1358.5528,68437,81858,Rhinolophus ferrumequinum,0.022,0.022,-1,Echolocation,/mnt/ubna_data_02_mir/recover-20221013/UBNA_001/20221012_030000.WAV,Telephone Field,recover-20221013,001,1795
1358.5195,1358.5303,22031,27299,Nyctalus leisleri,0.011,0.025,-1,Echolocation,/mnt/ubna_data_02_mir/recover-20221013/UBNA_001/20221012_030000.WAV,Telephone Field,recover-20221013,001,1795
1358.5375,1358.5448,23750,33664,Plecotus austriacus,0.009,0.024,-1,Echolocation,/mnt/ubna_data_02_mir/recover-20221013/UBNA_001/20221012_030000.WAV,Telephone Field,recover-20221013,001,1795
1358.5435,1358.5797,68437,81607,Rhinolophus ferrumequinum,0.02,0.02,-1,Echolocation,/mnt/ubna_data_02_mir/recover-20221013/UBNA_001/20221012_030000.WAV,Telephone Field,recover-20221013,001,1795
1358.5775,1358.6197,68437,83286,Rhinolophus ferrumequinum,0.03,0.03,-1,Echolocation,/mnt/ubna_data_02_mir/recover-20221013/UBNA_001/20221012_030000.WAV,Telephone Field,recover-20221013,001,1795
1358.5835,1358.5913,28046,40353,Eptesicus serotinus,0.007,0.022,-1,Echolocation,/mnt/ubna_data_02_mir/recover-20221013/UBNA_001/20221012_030000.WAV,Telephone Field,recover-20221013,001,1795
1358.6125,1358.6523,68437,82400,Rhinolophus ferrumequinum,0.022,0.022,-1,Echolocation,/mnt/ubna_data_02_mir/recover-20221013/UBNA_001/20221012_030000.WAV,Telephone Field,recover-20221013,001,1795
1358.6595,1358.6989,68437,82196,Rhinolophus ferrumequinum,0.021,0.021,-1,Echolocation,/mnt/ubna_data_02_mir/recover-20221013/UBNA_001/20221012_030000.WAV,Telephone Field,recover-20221013,001,1795
1358.6695,1358.7092,68437,82214,Rhinolophus ferrumequinum,0.021,0.021,-1,Echolocation,/mnt/ubna_data_02_mir/recover-20221013/UBNA_001/20221012_030000.WAV,Telephone Field,recover-20221013,001,1795
1358.6755,1358.6872,22890,26808,Nyctalus leisleri,0.013,0.022,-1,Echolocation,/mnt/ubna_data_02_mir/recover-20221013/UBNA_001/20221012_030000.WAV,Telephone Field,recover-20221013,001,1795
1358.6965,1358.7376,68437,82862,Rhinolophus ferrumequinum,0.057,0.057,-1,Echolocation,/mnt/ubna_data_02_mir/recover-20221013/UBNA_001/20221012_030000.WAV,Telephone Field,recover-20221013,001,1795
1358.7455,1358.7846,68437,82958,Rhinolophus ferrumequinum,0.023,0.023,-1,Echolocation,/mnt/ubna_data_02_mir/recover-20221013/UBNA_001/20221012_030000.WAV,Telephone Field,recover-20221013,001,1795
1358.7455,1358.7546,24609,31632,Nyctalus leisleri,0.006,0.02,-1,Echolocation,/mnt/ubna_data_02_mir/recover-20221013/UBNA_001/20221012_030000.WAV,Telephone Field,recover-20221013,001,1795
1358.7555,1358.7932,68437,82505,Rhinolophus ferrumequinum,0.024,0.024,-1,Echolocation,/mnt/ubna_data_02_mir/recover-20221013/UBNA_001/20221012_030000.WAV,Telephone Field,recover-20221013,001,1795
1358.7625,1358.8037,68437,82610,Rhinolophus ferrumequinum,0.023,0.023,-1,Echolocation,/mnt/ubna_data_02_mir/recover-20221013/UBNA_001/20221012_030000.WAV,Telephone Field,recover-20221013,001,1795
1358.7735,1358.8132,68437,82064,Rhinolophus ferrumequinum,0.021,0.021,-1,Echolocation,/mnt/ubna_data_02_mir/recover-20221013/UBNA_001/20221012_030000.WAV,Telephone Field,recover-20221013,001,1795
1358.8185,1358.8326,22890,27784,Nyctalus leisleri,0.018,0.034,-1,Echolocation,/mnt/ubna_data_02_mir/recover-20221013/UBNA_001/20221012_030000.WAV,Telephone Field,recover-20221013,001,1795
1358.8345,1358.8432,27187,37156,Eptesicus serotinus,0.008,0.021,-1,Echolocation,/mnt/ubna_data_02_mir/recover-20221013/UBNA_001/20221012_030000.WAV,Telephone Field,recover-20221013,001,1795
1358.8365,1358.8759,68437,81778,Rhinolophus ferrumequinum,0.022,0.022,-1,Echolocation,/mnt/ubna_data_02_mir/recover-20221013/UBNA_001/20221012_030000.WAV,Telephone Field,recover-20221013,001,1795
1358.8625,1358.8709,27187,37142,Eptesicus serotinus,0.008,0.024,-1,Echolocation,/mnt/ubna_data_02_mir/recover-20221013/UBNA_001/20221012_030000.WAV,Telephone Field,recover-20221013,001,1795
1358.8935,1358.9328,68437,82212,Rhinolophus ferrumequinum,0.021,0.021,-1,Echolocation,/mnt/ubna_data_02_mir/recover-20221013/UBNA_001/20221012_030000.WAV,Telephone Field,recover-20221013,001,1795
1358.9345,1358.9466,22031,25614,Nyctalus leisleri,0.012,0.021,-1,Echolocation,/mnt/ubna_data_02_mir/recover-20221013/UBNA_001/20221012_030000.WAV,Telephone Field,recover-20221013,001,1795
1358.9345,1358.9752,68437,82450,Rhinolophus ferrumequinum,0.027,0.027,-1,Echolocation,/mnt/ubna_data_02_mir/recover-20221013/UBNA_001/20221012_030000.WAV,Telephone Field,recover-20221013,001,1795
1358.9805,1359.0183,68437,82646,Rhinolophus ferrumequinum,0.028,0.028,-1,Echolocation,/mnt/ubna_data_02_mir/recover-20221013/UBNA_001/20221012_030000.WAV,Telephone Field,recover-20221013,001,1795
1359.0105,1359.0491,68437,81566,Rhinolophus ferrumequinum,0.021,0.021,-1,Echolocation,/mnt/ubna_data_02_mir/recover-20221013/UBNA_001/20221012_030000.WAV,Telephone Field,recover-20221013,001,1795
1359.0175,1359.0522,68437,81058,Rhinolophus ferrumequinum,0.021,0.021,-1,Echolocation,/mnt/ubna_data_02_mir/recover-20221013/UBNA_001/20221012_030000.WAV,Telephone Field,recover-20221013,001,1795
1359.0465,1359.0838,68437,81998,Rhinolophus ferrumequinum,0.021,0.022,-1,Echolocation,/mnt/ubna_data_02_mir/recover-20221013/UBNA_001/20221012_030000.WAV,Telephone Field,recover-20221013,001,1795
1359.0725,1359.0834,22890,27508,Nyctalus leisleri,0.011,0.022,-1,Echolocation,/mnt/ubna_data_02_mir/recover-20221013/UBNA_001/20221012_030000.WAV,Telephone Field,recover-20221013,001,1795
1359.0805,1359.1185,68437,82689,Rhinolophus ferrumequinum,0.02,0.02,-1,Echolocation,/mnt/ubna_data_02_mir/recover-20221013/UBNA_001/20221012_030000.WAV,Telephone Field,recover-20221013,001,1795
1359.0855,1359.0947,27187,35917,Eptesicus serotinus,0.008,0.021,-1,Echolocation,/mnt/ubna_data_02_mir/recover-20221013/UBNA_001/20221012_030000.WAV,Telephone Field,recover-20221013,001,1795
1359.1195,1359.1549,68437,81898,Rhinolophus ferrumequinum,0.024,0.024,-1,Echolocation,/mnt/ubna_data_02_mir/recover-20221013/UBNA_001/20221012_030000.WAV,Telephone Field,recover-20221013,001,1795
1359.1315,1359.1713,68437,82561,Rhinolophus ferrumequinum,0.02,0.02,-1,Echolocation,/mnt/ubna_data_02_mir/recover-20221013/UBNA_001/20221012_030000.WAV,Telephone Field,recover-20221013,001,1795
1359.1415,1359.1806,68437,82498,Rhinolophus ferrumequinum,0.02,0.02,-1,Echolocation,/mnt/ubna_data_02_mir/recover-20221013/UBNA_001/20221012_030000.WAV,Telephone Field,recover-20221013,001,1795
1359.1575,1359.1677,21171,25937,Nyctalus leisleri,0.008,0.021,-1,Echolocation,/mnt/ubna_data_02_mir/recover-20221013/UBNA_001/20221012_030000.WAV,Telephone Field,recover-20221013,001,1795
1359.1855,1359.2209,68437,81036,Rhinolophus ferrumequinum,0.021,0.021,-1,Echolocation,/mnt/ubna_data_02_mir/recover-20221013/UBNA_001/20221012_030000.WAV,Telephone Field,recover-20221013,001,1795
1359.1975,1359.2072,24609,31714,Eptesicus serotinus,0.007,0.02,-1,Echolocation,/mnt/ubna_data_02_mir/recover-20221013/UBNA_001/20221012_030000.WAV,Telephone Field,recover-20221013,001,1795
1359.2205,1359.2314,28906,37078,Eptesicus serotinus,0.015,0.027,-1,Echolocation,/mnt/ubna_data_02_mir/recover-20221013/UBNA_001/20221012_030000.WAV,Telephone Field,recover-20221013,001,1795
1359.2215,1359.2602,68437,82310,Rhinolophus ferrumequinum,0.022,0.022,-1,Echolocation,/mnt/ubna_data_02_mir/recover-20221013/UBNA_001/20221012_030000.WAV,Telephone Field,recover-20221013,001,1795
1359.2265,1359.2367,22031,28405,Nyctalus leisleri,0.01,0.027,-1,Echolocation,/mnt/ubna_data_02_mir/recover-20221013/UBNA_001/20221012_030000.WAV,Telephone Field,recover-20221013,001,1795
1359.2355,1359.2431,26328,35937,Eptesicus serotinus,0.007,0.024,-1,Echolocation,/mnt/ubna_data_02_mir/recover-20221013/UBNA_001/20221012_030000.WAV,Telephone Field,recover-20221013,001,1795
1359.2445,1359.2753,68437,80708,Rhinolophus ferrumequinum,0.023,0.023,-1,Echolocation,/mnt/ubna_data_02_mir/recover-20221013/UBNA_001/20221012_030000.WAV,Telephone Field,recover-20221013,001,1795
1359.2595,1359.3003,68437,82480,Rhinolophus ferrumequinum,0.022,0.022,-1,Echolocation,/mnt/ubna_data_02_mir/recover-20221013/UBNA_001/20221012_030000.WAV,Telephone Field,recover-20221013,001,1795
1359.3035,1359.3386,68437,81639,Rhinolophus ferrumequinum,0.022,0.022,-1,Echolocation,/mnt/ubna_data_02_mir/recover-20221013/UBNA_001/20221012_030000.WAV,Telephone Field,recover-20221013,001,1795
1359.3145,1359.3503,68437,81373,Rhinolophus ferrumequinum,0.021,0.021,-1,Echolocation,/mnt/ubna_data_02_mir/recover-20221013/UBNA_001/20221012_030000.WAV,Telephone Field,recover-20221013,001,1795
1359.3235,1359.336,29765,36998,Eptesicus serotinus,0.016,0.03,-1,Echolocation,/mnt/ubna_data_02_mir/recover-20221013/UBNA_001/20221012_030000.WAV,Telephone Field,recover-20221013,001,1795
1359.3295,1359.3665,68437,82117,Rhinolophus ferrumequinum,0.021,0.021,-1,Echolocation,/mnt/ubna_data_02_mir/recover-20221013/UBNA_001/20221012_030000.WAV,Telephone Field,recover-20221013,001,1795
1359.3495,1359.3883,68437,83100,Rhinolophus ferrumequinum,0.024,0.024,-1,Echolocation,/mnt/ubna_data_02_mir/recover-20221013/UBNA_001/20221012_030000.WAV,Telephone Field,recover-20221013,001,1795
1359.3825,1359.4251,68437,83589,Rhinolophus ferrumequinum,0.035,0.035,-1,Echolocation,/mnt/ubna_data_02_mir/recover-20221013/UBNA_001/20221012_030000.WAV,Telephone Field,recover-20221013,001,1795
1359.4205,1359.4567,68437,82002,Rhinolophus ferrumequinum,0.021,0.021,-1,Echolocation,/mnt/ubna_data_02_mir/recover-20221013/UBNA_001/20221012_030000.WAV,Telephone Field,recover-20221013,001,1795
1359.4235,1359.4339,28906,36662,Eptesicus serotinus,0.009,0.021,-1,Echolocation,/mnt/ubna_data_02_mir/recover-20221013/UBNA_001/20221012_030000.WAV,Telephone Field,recover-20221013,001,1795
1359.4315,1359.4694,68437,82140,Rhinolophus ferrumequinum,0.021,0.021,-1,Echolocation,/mnt/ubna_data_02_mir/recover-20221013/UBNA_001/20221012_030000.WAV,Telephone Field,recover-20221013,001,1795
1359.4315,1359.4403,28906,37074,Eptesicus serotinus,0.009,0.024,-1,Echolocation,/mnt/ubna_data_02_mir/recover-20221013/UBNA_001/20221012_030000.WAV,Telephone Field,recover-20221013,001,1795
1359.4425,1359.4541,22890,27162,Nyctalus leisleri,0.014,0.024,-1,Echolocation,/mnt/ubna_data_02_mir/recover-20221013/UBNA_001/20221012_030000.WAV,Telephone Field,recover-20221013,001,1795
1359.4515,1359.4623,22890,28362,Nyctalus leisleri,0.01,0.021,-1,Echolocation,/mnt/ubna_data_02_mir/recover-20221013/UBNA_001/20221012_030000.WAV,Telephone Field,recover-20221013,001,1795
1359.4725,1359.512,68437,82150,Rhinolophus ferrumequinum,0.021,0.021,-1,Echolocation,/mnt/ubna_data_02_mir/recover-20221013/UBNA_001/20221012_030000.WAV,Telephone Field,recover-20221013,001,1795
1359.4735,1359.483,43515,46798,Pipistrellus pipistrellus,0.021,0.025,-1,Echolocation,/mnt/ubna_data_02_mir/recover-20221013/UBNA_001/20221012_030000.WAV,Telephone Field,recover-20221013,001,1795
1359.4755,1359.4824,34062,43090,Myotis daubentonii,0.009,0.02,-1,Echolocation,/mnt/ubna_data_02_mir/recover-20221013/UBNA_001/20221012_030000.WAV,Telephone Field,recover-20221013,001,1795
1359.5015,1359.5414,68437,82657,Rhinolophus ferrumequinum,0.023,0.023,-1,Echolocation,/mnt/ubna_data_02_mir/recover-20221013/UBNA_001/20221012_030000.WAV,Telephone Field,recover-20221013,001,1795
1359.5035,1359.5133,28906,37048,Eptesicus serotinus,0.008,0.022,-1,Echolocation,/mnt/ubna_data_02_mir/recover-20221013/UBNA_001/20221012_030000.WAV,Telephone Field,recover-20221013,001,1795
1359.5325,1359.5456,22890,26618,Nyctalus leisleri,0.019,0.031,-1,Echolocation,/mnt/ubna_data_02_mir/recover-20221013/UBNA_001/20221012_030000.WAV,Telephone Field,recover-20221013,001,1795
1359.5435,1359.5788,68437,81869,Rhinolophus ferrumequinum,0.036,0.036,-1,Echolocation,/mnt/ubna_data_02_mir/recover-20221013/UBNA_001/20221012_030000.WAV,Telephone Field,recover-20221013,001,1795
1359.5685,1359.6053,68437,82102,Rhinolophus ferrumequinum,0.02,0.02,-1,Echolocation,/mnt/ubna_data_02_mir/recover-20221013/UBNA_001/20221012_030000.WAV,Telephone Field,recover-20221013,001,1795
1359.5855,1359.5935,28046,41511,Eptesicus serotinus,0.007,0.021,-1,Echolocation,/mnt/ubna_data_02_mir/recover-20221013/UBNA_001/20221012_030000.WAV,Telephone Field,recover-20221013,001,1795
1359.5875,1359.5976,22890,28115,Nyctalus leisleri,0.011,0.023,-1,Echolocation,/mnt/ubna_data_02_mir/recover-20221013/UBNA_001/20221012_030000.WAV,Telephone Field,recover-20221013,001,1795
1359.6115,1359.6212,28906,38640,Eptesicus serotinus,0.009,0.022,-1,Echolocation,/mnt/ubna_data_02_mir/recover-20221013/UBNA_001/20221012_030000.WAV,Telephone Field,recover-20221013,001,1795
1359.6145,1359.6552,68437,82676,Rhinolophus ferrumequinum,0.027,0.027,-1,Echolocation,/mnt/ubna_data_02_mir/recover-20221013/UBNA_001/20221012_030000.WAV,Telephone Field,recover-20221013,001,1795
1359.6445,1359.6546,43515,47194,Pipistrellus pipistrellus,0.025,0.028,-1,Echolocation,/mnt/ubna_data_02_mir/recover-20221013/UBNA_001/20221012_030000.WAV,Telephone Field,recover-20221013,001,1795
1359.6455,1359.6819,68437,80937,Rhinolophus ferrumequinum,0.022,0.022,-1,Echolocation,/mnt/ubna_data_02_mir/recover-20221013/UBNA_001/20221012_030000.WAV,Telephone Field,recover-20221013,001,1795
1359.6645,1359.6736,28046,36896,Eptesicus serotinus,0.008,0.022,-1,Echolocation,/mnt/ubna_data_02_mir/recover-20221013/UBNA_001/20221012_030000.WAV,Telephone Field,recover-20221013,001,1795
1359.6645,1359.6808,34921,38625,Pipistrellus nathusii,0.019,0.045,-1,Echolocation,/mnt/ubna_data_02_mir/recover-20221013/UBNA_001/20221012_030000.WAV,Telephone Field,recover-20221013,001,1795
1359.7335,1359.77,68437,80874,Rhinolophus ferrumequinum,0.022,0.022,-1,Echolocation,/mnt/ubna_data_02_mir/recover-20221013/UBNA_001/20221012_030000.WAV,Telephone Field,recover-20221013,001,1795
1359.7575,1359.7934,68437,81408,Rhinolophus ferrumequinum,0.021,0.021,-1,Echolocation,/mnt/ubna_data_02_mir/recover-20221013/UBNA_001/20221012_030000.WAV,Telephone Field,recover-20221013,001,1795
1359.7935,1359.8297,68437,81687,Rhinolophus ferrumequinum,0.022,0.022,-1,Echolocation,/mnt/ubna_data_02_mir/recover-20221013/UBNA_001/20221012_030000.WAV,Telephone Field,recover-20221013,001,1795
1359.8265,1359.8603,68437,81396,Rhinolophus ferrumequinum,0.021,0.022,-1,Echolocation,/mnt/ubna_data_02_mir/recover-20221013/UBNA_001/20221012_030000.WAV,Telephone Field,recover-20221013,001,1795
1359.8355,1359.8462,14296,19856,Nyctalus noctula,0.019,0.034,-1,Echolocation,/mnt/ubna_data_02_mir/recover-20221013/UBNA_001/20221012_030000.WAV,Telephone Field,recover-20221013,001,1795
1359.8545,1359.8632,26328,35221,Eptesicus serotinus,0.008,0.021,-1,Echolocation,/mnt/ubna_data_02_mir/recover-20221013/UBNA_001/20221012_030000.WAV,Telephone Field,recover-20221013,001,1795
1359.8585,1359.8963,68437,81496,Rhinolophus ferrumequinum,0.02,0.02,-1,Echolocation,/mnt/ubna_data_02_mir/recover-20221013/UBNA_001/20221012_030000.WAV,Telephone Field,recover-20221013,001,1795
1359.9005,1359.9392,68437,81742,Rhinolophus ferrumequinum,0.02,0.02,-1,Echolocation,/mnt/ubna_data_02_mir/recover-20221013/UBNA_001/20221012_030000.WAV,Telephone Field,recover-20221013,001,1795
1359.9045,1359.9135,23750,31539,Plecotus austriacus,0.006,0.021,-1,Echolocation,/mnt/ubna_data_02_mir/recover-20221013/UBNA_001/20221012_030000.WAV,Telephone Field,recover-20221013,001,1795
1359.9285,1359.9703,68437,83305,Rhinolophus ferrumequinum,0.032,0.032,-1,Echolocation,/mnt/ubna_data_02_mir/recover-20221013/UBNA_001/20221012_030000.WAV,Telephone Field,recover-20221013,001,1795
1359.9505,1359.9869,68437,82003,Rhinolophus ferrumequinum,0.023,0.023,-1,Echolocation,/mnt/ubna_data_02_mir/recover-20221013/UBNA_001/20221012_030000.WAV,Telephone Field,recover-20221013,001,1795
1359.9545,1359.9624,28046,38933,Eptesicus serotinus,0.007,0.021,-1,Echolocation,/mnt/ubna_data_02_mir/recover-20221013/UBNA_001/20221012_030000.WAV,Telephone Field,recover-20221013,001,1795
1359.9865,1359.9942,15156,26956,Plecotus auritus,0.019,0.029,-1,Echolocation,/mnt/ubna_data_02_mir/recover-20221013/UBNA_001/20221012_030000.WAV,Telephone Field,recover-20221013,001,1795
1360.0015,1360.0094,26328,39129,Eptesicus serotinus,0.007,0.03,-1,Echolocation,/mnt/ubna_data_02_mir/recover-20221013/UBNA_001/20221012_030000.WAV,Telephone Field,recover-20221013,001,1795
1360.0015,1360.0331,68437,80532,Rhinolophus ferrumequinum,0.039,0.04,-1,Echolocation,/mnt/ubna_data_02_mir/recover-20221013/UBNA_001/20221012_030000.WAV,Telephone Field,recover-20221013,001,1795
1360.0015,1360.0097,31484,42294,Myotis daubentonii,0.008,0.024,-1,Echolocation,/mnt/ubna_data_02_mir/recover-20221013/UBNA_001/20221012_030000.WAV,Telephone Field,recover-20221013,001,1795
1360.0175,1360.0583,68437,82453,Rhinolophus ferrumequinum,0.023,0.023,-1,Echolocation,/mnt/ubna_data_02_mir/recover-20221013/UBNA_001/20221012_030000.WAV,Telephone Field,recover-20221013,001,1795
1360.0325,1360.0733,68437,83012,Rhinolophus ferrumequinum,0.023,0.023,-1,Echolocation,/mnt/ubna_data_02_mir/recover-20221013/UBNA_001/20221012_030000.WAV,Telephone Field,recover-20221013,001,1795
1360.0655,1360.0735,28046,39480,Eptesicus serotinus,0.01,0.025,-1,Echolocation,/mnt/ubna_data_02_mir/recover-20221013/UBNA_001/20221012_030000.WAV,Telephone Field,recover-20221013,001,1795
1360.1295,1360.1414,22031,26356,Nyctalus leisleri,0.011,0.021,-1,Echolocation,/mnt/ubna_data_02_mir/recover-20221013/UBNA_001/20221012_030000.WAV,Telephone Field,recover-20221013,001,1795
1360.1685,1360.1755,51250,56727,Pipistrellus pipistrellus,0.029,0.032,-1,Echolocation,/mnt/ubna_data_02_mir/recover-20221013/UBNA_001/20221012_030000.WAV,Telephone Field,recover-20221013,001,1795
1360.1785,1360.1869,27187,38202,Eptesicus serotinus,0.009,0.025,-1,Echolocation,/mnt/ubna_data_02_mir/recover-20221013/UBNA_001/20221012_030000.WAV,Telephone Field,recover-20221013,001,1795
1360.1855,1360.1949,28046,36371,Eptesicus serotinus,0.011,0.026,-1,Echolocation,/mnt/ubna_data_02_mir/recover-20221013/UBNA_001/20221012_030000.WAV,Telephone Field,recover-20221013,001,1795
1360.2405,1360.2483,33203,45561,Myotis daubentonii,0.01,0.022,-1,Echolocation,/mnt/ubna_data_02_mir/recover-20221013/UBNA_001/20221012_030000.WAV,Telephone Field,recover-20221013,001,1795
1360.2425,1360.2503,27187,40613,Eptesicus serotinus,0.008,0.022,-1,Echolocation,/mnt/ubna_data_02_mir/recover-20221013/UBNA_001/20221012_030000.WAV,Telephone Field,recover-20221013,001,1795
1360.2815,1360.321,68437,81731,Rhinolophus ferrumequinum,0.021,0.021,-1,Echolocation,/mnt/ubna_data_02_mir/recover-20221013/UBNA_001/20221012_030000.WAV,Telephone Field,recover-20221013,001,1795
1360.3025,1360.3094,28046,37812,Eptesicus serotinus,0.007,0.025,-1,Echolocation,/mnt/ubna_data_02_mir/recover-20221013/UBNA_001/20221012_030000.WAV,Telephone Field,recover-20221013,001,1795
1360.3055,1360.344,68437,82516,Rhinolophus ferrumequinum,0.022,0.022,-1,Echolocation,/mnt/ubna_data_02_mir/recover-20221013/UBNA_001/20221012_030000.WAV,Telephone Field,recover-20221013,001,1795
1360.3185,1360.3583,68437,81820,Rhinolophus ferrumequinum,0.024,0.024,-1,Echolocation,/mnt/ubna_data_02_mir/recover-20221013/UBNA_001/20221012_030000.WAV,Telephone Field,recover-20221013,001,1795
1360.3265,1360.3351,26328,36804,Eptesicus serotinus,0.007,0.021,-1,Echolocation,/mnt/ubna_data_02_mir/recover-20221013/UBNA_001/20221012_030000.WAV,Telephone Field,recover-20221013,001,1795
1360.3275,1360.3677,68437,81827,Rhinolophus ferrumequinum,0.03,0.03,-1,Echolocation,/mnt/ubna_data_02_mir/recover-20221013/UBNA_001/20221012_030000.WAV,Telephone Field,recover-20221013,001,1795
1360.3465,1360.3533,28046,40762,Eptesicus serotinus,0.006,0.023,-1,Echolocation,/mnt/ubna_data_02_mir/recover-20221013/UBNA_001/20221012_030000.WAV,Telephone Field,recover-20221013,001,1795
1360.3475,1360.3561,22031,28602,Plecotus austriacus,0.01,0.024,-1,Echolocation,/mnt/ubna_data_02_mir/recover-20221013/UBNA_001/20221012_030000.WAV,Telephone Field,recover-20221013,001,1795
1360.3585,1360.394,68437,81192,Rhinolophus ferrumequinum,0.029,0.029,-1,Echolocation,/mnt/ubna_data_02_mir/recover-20221013/UBNA_001/20221012_030000.WAV,Telephone Field,recover-20221013,001,1795
1360.3705,1360.4103,68437,82279,Rhinolophus ferrumequinum,0.027,0.027,-1,Echolocation,/mnt/ubna_data_02_mir/recover-20221013/UBNA_001/20221012_030000.WAV,Telephone Field,recover-20221013,001,1795
1360.3785,1360.4185,68437,83019,Rhinolophus ferrumequinum,0.03,0.03,-1,Echolocation,/mnt/ubna_data_02_mir/recover-20221013/UBNA_001/20221012_030000.WAV,Telephone Field,recover-20221013,001,1795
1360.3845,1360.3933,22890,30127,Plecotus austriacus,0.008,0.022,-1,Echolocation,/mnt/ubna_data_02_mir/recover-20221013/UBNA_001/20221012_030000.WAV,Telephone Field,recover-20221013,001,1795
1360.4245,1360.463,68437,82228,Rhinolophus ferrumequinum,0.022,0.022,-1,Echolocation,/mnt/ubna_data_02_mir/recover-20221013/UBNA_001/20221012_030000.WAV,Telephone Field,recover-20221013,001,1795
1360.4375,1360.4801,68437,83245,Rhinolophus ferrumequinum,0.028,0.028,-1,Echolocation,/mnt/ubna_data_02_mir/recover-20221013/UBNA_001/20221012_030000.WAV,Telephone Field,recover-20221013,001,1795
1360.4875,1360.5289,68437,82350,Rhinolophus ferrumequinum,0.028,0.028,-1,Echolocation,/mnt/ubna_data_02_mir/recover-20221013/UBNA_001/20221012_030000.WAV,Telephone Field,recover-20221013,001,1795
1360.5045,1360.5117,27187,37948,Eptesicus serotinus,0.007,0.023,-1,Echolocation,/mnt/ubna_data_02_mir/recover-20221013/UBNA_001/20221012_030000.WAV,Telephone Field,recover-20221013,001,1795
1360.5185,1360.5554,68437,81541,Rhinolophus ferrumequinum,0.023,0.023,-1,Echolocation,/mnt/ubna_data_02_mir/recover-20221013/UBNA_001/20221012_030000.WAV,Telephone Field,recover-20221013,001,1795
1360.5455,1360.5555,25468,33106,Eptesicus serotinus,0.011,0.027,-1,Echolocation,/mnt/ubna_data_02_mir/recover-20221013/UBNA_001/20221012_030000.WAV,Telephone Field,recover-20221013,001,1795
1360.5565,1360.5672,28046,35538,Eptesicus serotinus,0.015,0.028,-1,Echolocation,/mnt/ubna_data_02_mir/recover-20221013/UBNA_001/20221012_030000.WAV,Telephone Field,recover-20221013,001,1795
1360.5685,1360.6069,68437,82442,Rhinolophus ferrumequinum,0.025,0.025,-1,Echolocation,/mnt/ubna_data_02_mir/recover-20221013/UBNA_001/20221012_030000.WAV,Telephone Field,recover-20221013,001,1795
1360.5775,1360.5866,28046,39513,Eptesicus serotinus,0.008,0.021,-1,Echolocation,/mnt/ubna_data_02_mir/recover-20221013/UBNA_001/20221012_030000.WAV,Telephone Field,recover-20221013,001,1795
1360.6115,1360.6189,52109,56830,Pipistrellus pipistrellus,0.024,0.032,-1,Echolocation,/mnt/ubna_data_02_mir/recover-20221013/UBNA_001/20221012_030000.WAV,Telephone Field,recover-20221013,001,1795
1360.6255,1360.662,68437,81245,Rhinolophus ferrumequinum,0.022,0.022,-1,Echolocation,/mnt/ubna_data_02_mir/recover-20221013/UBNA_001/20221012_030000.WAV,Telephone Field,recover-20221013,001,1795
1360.6515,1360.6895,68437,81925,Rhinolophus ferrumequinum,0.021,0.021,-1,Echolocation,/mnt/ubna_data_02_mir/recover-20221013/UBNA_001/20221012_030000.WAV,Telephone Field,recover-20221013,001,1795
1360.6615,1360.6715,28046,36426,Eptesicus serotinus,0.008,0.022,-1,Echolocation,/mnt/ubna_data_02_mir/recover-20221013/UBNA_001/20221012_030000.WAV,Telephone Field,recover-20221013,001,1795
1360.6925,1360.7272,68437,81350,Rhinolophus ferrumequinum,0.021,0.021,-1,Echolocation,/mnt/ubna_data_02_mir/recover-20221013/UBNA_001/20221012_030000.WAV,Telephone Field,recover-20221013,001,1795
1360.6985,1360.7339,68437,81270,Rhinolophus ferrumequinum,0.021,0.021,-1,Echolocation,/mnt/ubna_data_02_mir/recover-20221013/UBNA_001/20221012_030000.WAV,Telephone Field,recover-20221013,001,1795
1360.7185,1360.7519,68437,80821,Rhinolophus ferrumequinum,0.021,0.021,-1,Echolocation,/mnt/ubna_data_02_mir/recover-20221013/UBNA_001/20221012_030000.WAV,Telephone Field,recover-20221013,001,1795
1360.7735,1360.8152,68437,82645,Rhinolophus ferrumequinum,0.024,0.024,-1,Echolocation,/mnt/ubna_data_02_mir/recover-20221013/UBNA_001/20221012_030000.WAV,Telephone Field,recover-20221013,001,1795
1360.7795,1360.8232,68437,82984,Rhinolophus ferrumequinum,0.028,0.028,-1,Echolocation,/mnt/ubna_data_02_mir/recover-20221013/UBNA_001/20221012_030000.WAV,Telephone Field,recover-20221013,001,1795
1360.8005,1360.8078,27187,40547,Eptesicus serotinus,0.006,0.022,-1,Echolocation,/mnt/ubna_data_02_mir/recover-20221013/UBNA_001/20221012_030000.WAV,Telephone Field,recover-20221013,001,1795
1360.8235,1360.832,27187,38948,Eptesicus serotinus,0.008,0.021,-1,Echolocation,/mnt/ubna_data_02_mir/recover-20221013/UBNA_001/20221012_030000.WAV,Telephone Field,recover-20221013,001,1795
1360.8395,1360.8777,68437,82271,Rhinolophus ferrumequinum,0.021,0.021,-1,Echolocation,/mnt/ubna_data_02_mir/recover-20221013/UBNA_001/20221012_030000.WAV,Telephone Field,recover-20221013,001,1795
1360.8555,1360.8973,68437,82728,Rhinolophus ferrumequinum,0.035,0.035,-1,Echolocation,/mnt/ubna_data_02_mir/recover-20221013/UBNA_001/20221012_030000.WAV,Telephone Field,recover-20221013,001,1795
1360.8585,1360.8681,28906,36836,Eptesicus serotinus,0.008,0.022,-1,Echolocation,/mnt/ubna_data_02_mir/recover-20221013/UBNA_001/20221012_030000.WAV,Telephone Field,recover-20221013,001,1795
1360.8965,1360.9065,22031,27589,Nyctalus leisleri,0.01,0.024,-1,Echolocation,/mnt/ubna_data_02_mir/recover-20221013/UBNA_001/20221012_030000.WAV,Telephone Field,recover-20221013,001,1795
1360.9065,1360.9454,68437,82063,Rhinolophus ferrumequinum,0.021,0.021,-1,Echolocation,/mnt/ubna_data_02_mir/recover-20221013/UBNA_001/20221012_030000.WAV,Telephone Field,recover-20221013,001,1795
1360.9185,1360.9548,68437,81044,Rhinolophus ferrumequinum,0.024,0.024,-1,Echolocation,/mnt/ubna_data_02_mir/recover-20221013/UBNA_001/20221012_030000.WAV,Telephone Field,recover-20221013,001,1795
1360.9495,1360.99,68437,82839,Rhinolophus ferrumequinum,0.027,0.027,-1,Echolocation,/mnt/ubna_data_02_mir/recover-20221013/UBNA_001/20221012_030000.WAV,Telephone Field,recover-20221013,001,1795
1361.0085,1361.0175,26328,36600,Eptesicus serotinus,0.012,0.027,-1,Echolocation,/mnt/ubna_data_02_mir/recover-20221013/UBNA_001/20221012_030000.WAV,Telephone Field,recover-20221013,001,1795
1361.0555,1361.0967,68437,82585,Rhinolophus ferrumequinum,0.024,0.024,-1,Echolocation,/mnt/ubna_data_02_mir/recover-20221013/UBNA_001/20221012_030000.WAV,Telephone Field,recover-20221013,001,1795
1361.0595,1361.0699,23750,29661,Nyctalus leisleri,0.009,0.022,-1,Echolocation,/mnt/ubna_data_02_mir/recover-20221013/UBNA_001/20221012_030000.WAV,Telephone Field,recover-20221013,001,1795
1361.0625,1361.0995,68437,82267,Rhinolophus ferrumequinum,0.022,0.022,-1,Echolocation,/mnt/ubna_data_02_mir/recover-20221013/UBNA_001/20221012_030000.WAV,Telephone Field,recover-20221013,001,1795
1361.0905,1361.1007,22890,28410,Nyctalus leisleri,0.01,0.023,-1,Echolocation,/mnt/ubna_data_02_mir/recover-20221013/UBNA_001/20221012_030000.WAV,Telephone Field,recover-20221013,001,1795
1361.1345,1361.1425,48671,52482,Pipistrellus pipistrellus,0.047,0.053,-1,Echolocation,/mnt/ubna_data_02_mir/recover-20221013/UBNA_001/20221012_030000.WAV,Telephone Field,recover-20221013,001,1795
1361.1765,1361.1861,23750,29727,Nyctalus leisleri,0.009,0.022,-1,Echolocation,/mnt/ubna_data_02_mir/recover-20221013/UBNA_001/20221012_030000.WAV,Telephone Field,recover-20221013,001,1795
1361.1875,1361.2264,68437,82480,Rhinolophus ferrumequinum,0.021,0.021,-1,Echolocation,/mnt/ubna_data_02_mir/recover-20221013/UBNA_001/20221012_030000.WAV,Telephone Field,recover-20221013,001,1795
1361.2055,1361.2445,68437,82339,Rhinolophus ferrumequinum,0.022,0.022,-1,Echolocation,/mnt/ubna_data_02_mir/recover-20221013/UBNA_001/20221012_030000.WAV,Telephone Field,recover-20221013,001,1795
1361.2405,1361.2485,28046,37977,Eptesicus serotinus,0.007,0.021,-1,Echolocation,/mnt/ubna_data_02_mir/recover-20221013/UBNA_001/20221012_030000.WAV,Telephone Field,recover-20221013,001,1795
1361.2665,1361.3008,68437,81508,Rhinolophus ferrumequinum,0.031,0.031,-1,Echolocation,/mnt/ubna_data_02_mir/recover-20221013/UBNA_001/20221012_030000.WAV,Telephone Field,recover-20221013,001,1795
1361.2855,1361.3264,68437,82551,Rhinolophus ferrumequinum,0.026,0.026,-1,Echolocation,/mnt/ubna_data_02_mir/recover-20221013/UBNA_001/20221012_030000.WAV,Telephone Field,recover-20221013,001,1795
1361.2875,1361.2947,26328,38339,Eptesicus serotinus,0.006,0.023,-1,Echolocation,/mnt/ubna_data_02_mir/recover-20221013/UBNA_001/20221012_030000.WAV,Telephone Field,recover-20221013,001,1795
1361.3095,1361.3487,68437,82392,Rhinolophus ferrumequinum,0.021,0.021,-1,Echolocation,/mnt/ubna_data_02_mir/recover-20221013/UBNA_001/20221012_030000.WAV,Telephone Field,recover-20221013,001,1795
1361.3255,1361.3657,68437,83039,Rhinolophus ferrumequinum,0.026,0.026,-1,Echolocation,/mnt/ubna_data_02_mir/recover-20221013/UBNA_001/20221012_030000.WAV,Telephone Field,recover-20221013,001,1795
1361.3345,1361.3731,68437,82639,Rhinolophus ferrumequinum,0.027,0.027,-1,Echolocation,/mnt/ubna_data_02_mir/recover-20221013/UBNA_001/20221012_030000.WAV,Telephone Field,recover-20221013,001,1795
1361.3755,1361.3827,28046,36948,Eptesicus serotinus,0.008,0.025,-1,Echolocation,/mnt/ubna_data_02_mir/recover-20221013/UBNA_001/20221012_030000.WAV,Telephone Field,recover-20221013,001,1795
1361.3925,1361.4308,68437,82658,Rhinolophus ferrumequinum,0.025,0.025,-1,Echolocation,/mnt/ubna_data_02_mir/recover-20221013/UBNA_001/20221012_030000.WAV,Telephone Field,recover-20221013,001,1795
1361.4155,1361.4535,68437,81836,Rhinolophus ferrumequinum,0.024,0.024,-1,Echolocation,/mnt/ubna_data_02_mir/recover-20221013/UBNA_001/20221012_030000.WAV,Telephone Field,recover-20221013,001,1795
1361.4305,1361.4692,68437,82277,Rhinolophus ferrumequinum,0.022,0.022,-1,Echolocation,/mnt/ubna_data_02_mir/recover-20221013/UBNA_001/20221012_030000.WAV,Telephone Field,recover-20221013,001,1795
1361.4385,1361.4792,68437,82721,Rhinolophus ferrumequinum,0.023,0.023,-1,Echolocation,/mnt/ubna_data_02_mir/recover-20221013/UBNA_001/20221012_030000.WAV,Telephone Field,recover-20221013,001,1795
1361.4645,1361.4732,28046,36606,Eptesicus serotinus,0.007,0.021,-1,Echolocation,/mnt/ubna_data_02_mir/recover-20221013/UBNA_001/20221012_030000.WAV,Telephone Field,recover-20221013,001,1795
1361.4875,1361.5238,68437,82035,Rhinolophus ferrumequinum,0.025,0.025,-1,Echolocation,/mnt/ubna_data_02_mir/recover-20221013/UBNA_001/20221012_030000.WAV,Telephone Field,recover-20221013,001,1795
1361.5595,1361.5974,68437,81489,Rhinolophus ferrumequinum,0.022,0.022,-1,Echolocation,/mnt/ubna_data_02_mir/recover-20221013/UBNA_001/20221012_030000.WAV,Telephone Field,recover-20221013,001,1795
1361.5665,1361.6052,68437,82189,Rhinolophus ferrumequinum,0.023,0.024,-1,Echolocation,/mnt/ubna_data_02_mir/recover-20221013/UBNA_001/20221012_030000.WAV,Telephone Field,recover-20221013,001,1795
1361.6115,1361.6482,68437,81685,Rhinolophus ferrumequinum,0.021,0.021,-1,Echolocation,/mnt/ubna_data_02_mir/recover-20221013/UBNA_001/20221012_030000.WAV,Telephone Field,recover-20221013,001,1795
1361.6275,1361.6648,68437,82495,Rhinolophus ferrumequinum,0.023,0.023,-1,Echolocation,/mnt/ubna_data_02_mir/recover-20221013/UBNA_001/20221012_030000.WAV,Telephone Field,recover-20221013,001,1795
1361.6985,1361.729,68437,81159,Rhinolophus ferrumequinum,0.023,0.023,-1,Echolocation,/mnt/ubna_data_02_mir/recover-20221013/UBNA_001/20221012_030000.WAV,Telephone Field,recover-20221013,001,1795
1361.7435,1361.7816,68437,82496,Rhinolophus ferrumequinum,0.021,0.021,-1,Echolocation,/mnt/ubna_data_02_mir/recover-20221013/UBNA_001/20221012_030000.WAV,Telephone Field,recover-20221013,001,1795
1361.8165,1361.825,26328,37914,Eptesicus serotinus,0.007,0.024,-1,Echolocation,/mnt/ubna_data_02_mir/recover-20221013/UBNA_001/20221012_030000.WAV,Telephone Field,recover-20221013,001,1795
1361.8255,1361.8619,68437,81898,Rhinolophus ferrumequinum,0.021,0.022,-1,Echolocation,/mnt/ubna_data_02_mir/recover-20221013/UBNA_001/20221012_030000.WAV,Telephone Field,recover-20221013,001,1795
1361.8475,1361.8882,68437,82404,Rhinolophus ferrumequinum,0.022,0.022,-1,Echolocation,/mnt/ubna_data_02_mir/recover-20221013/UBNA_001/20221012_030000.WAV,Telephone Field,recover-20221013,001,1795
1361.8955,1361.9343,68437,82008,Rhinolophus ferrumequinum,0.022,0.022,-1,Echolocation,/mnt/ubna_data_02_mir/recover-20221013/UBNA_001/20221012_030000.WAV,Telephone Field,recover-20221013,001,1795
1361.9165,1361.9545,68437,82118,Rhinolophus ferrumequinum,0.021,0.021,-1,Echolocation,/mnt/ubna_data_02_mir/recover-20221013/UBNA_001/20221012_030000.WAV,Telephone Field,recover-20221013,001,1795
1361.9645,1361.9728,25468,34170,Eptesicus serotinus,0.006,0.021,-1,Echolocation,/mnt/ubna_data_02_mir/recover-20221013/UBNA_001/20221012_030000.WAV,Telephone Field,recover-20221013,001,1795
1361.9845,1361.9959,22890,29297,Nyctalus leisleri,0.011,0.026,-1,Echolocation,/mnt/ubna_data_02_mir/recover-20221013/UBNA_001/20221012_030000.WAV,Telephone Field,recover-20221013,001,1795
1362.0015,1362.0338,69296,81706,Rhinolophus ferrumequinum,0.037,0.037,-1,Echolocation,/mnt/ubna_data_02_mir/recover-20221013/UBNA_001/20221012_030000.WAV,Telephone Field,recover-20221013,001,1795
1362.0015,1362.011,22031,28718,Nyctalus leisleri,0.014,0.035,-1,Echolocation,/mnt/ubna_data_02_mir/recover-20221013/UBNA_001/20221012_030000.WAV,Telephone Field,recover-20221013,001,1795
1362.0015,1362.0105,47812,53929,Pipistrellus pipistrellus,0.016,0.021,-1,Echolocation,/mnt/ubna_data_02_mir/recover-20221013/UBNA_001/20221012_030000.WAV,Telephone Field,recover-20221013,001,1795
1362.0085,1362.0498,68437,82013,Rhinolophus ferrumequinum,0.022,0.022,-1,Echolocation,/mnt/ubna_data_02_mir/recover-20221013/UBNA_001/20221012_030000.WAV,Telephone Field,recover-20221013,001,1795
1362.0225,1362.0309,28046,40903,Eptesicus serotinus,0.007,0.02,-1,Echolocation,/mnt/ubna_data_02_mir/recover-20221013/UBNA_001/20221012_030000.WAV,Telephone Field,recover-20221013,001,1795
1362.0655,1362.0755,28906,35381,Eptesicus serotinus,0.011,0.026,-1,Echolocation,/mnt/ubna_data_02_mir/recover-20221013/UBNA_001/20221012_030000.WAV,Telephone Field,recover-20221013,001,1795
1362.0855,1362.0953,26328,33920,Eptesicus serotinus,0.009,0.02,-1,Echolocation,/mnt/ubna_data_02_mir/recover-20221013/UBNA_001/20221012_030000.WAV,Telephone Field,recover-20221013,001,1795
1362.0915,1362.1282,68437,82131,Rhinolophus ferrumequinum,0.021,0.021,-1,Echolocation,/mnt/ubna_data_02_mir/recover-20221013/UBNA_001/20221012_030000.WAV,Telephone Field,recover-20221013,001,1795
1362.1065,1362.1463,68437,82323,Rhinolophus ferrumequinum,0.021,0.021,-1,Echolocation,/mnt/ubna_data_02_mir/recover-20221013/UBNA_001/20221012_030000.WAV,Telephone Field,recover-20221013,001,1795
1362.1175,1362.1586,68437,82964,Rhinolophus ferrumequinum,0.02,0.02,-1,Echolocation,/mnt/ubna_data_02_mir/recover-20221013/UBNA_001/20221012_030000.WAV,Telephone Field,recover-20221013,001,1795
1362.1265,1362.1667,68437,83043,Rhinolophus ferrumequinum,0.024,0.024,-1,Echolocation,/mnt/ubna_data_02_mir/recover-20221013/UBNA_001/20221012_030000.WAV,Telephone Field,recover-20221013,001,1795
1362.1685,1362.1778,26328,35676,Eptesicus serotinus,0.007,0.02,-1,Echolocation,/mnt/ubna_data_02_mir/recover-20221013/UBNA_001/20221012_030000.WAV,Telephone Field,recover-20221013,001,1795
1362.1775,1362.215,68437,81424,Rhinolophus ferrumequinum,0.021,0.021,-1,Echolocation,/mnt/ubna_data_02_mir/recover-20221013/UBNA_001/20221012_030000.WAV,Telephone Field,recover-20221013,001,1795
1362.1875,1362.2261,68437,82211,Rhinolophus ferrumequinum,0.021,0.021,-1,Echolocation,/mnt/ubna_data_02_mir/recover-20221013/UBNA_001/20221012_030000.WAV,Telephone Field,recover-20221013,001,1795
1362.2055,1362.2126,28046,38460,Eptesicus serotinus,0.006,0.022,-1,Echolocation,/mnt/ubna_data_02_mir/recover-20221013/UBNA_001/20221012_030000.WAV,Telephone Field,recover-20221013,001,1795
1362.2365,1362.2702,68437,81764,Rhinolophus ferrumequinum,0.02,0.02,-1,Echolocation,/mnt/ubna_data_02_mir/recover-20221013/UBNA_001/20221012_030000.WAV,Telephone Field,recover-20221013,001,1795
1362.2445,1362.253,28046,37239,Eptesicus serotinus,0.006,0.02,-1,Echolocation,/mnt/ubna_data_02_mir/recover-20221013/UBNA_001/20221012_030000.WAV,Telephone Field,recover-20221013,001,1795
1362.3065,1362.3125,24609,40570,Plecotus austriacus,0.011,0.034,-1,Echolocation,/mnt/ubna_data_02_mir/recover-20221013/UBNA_001/20221012_030000.WAV,Telephone Field,recover-20221013,001,1795
1362.3285,1362.366,68437,82200,Rhinolophus ferrumequinum,0.02,0.02,-1,Echolocation,/mnt/ubna_data_02_mir/recover-20221013/UBNA_001/20221012_030000.WAV,Telephone Field,recover-20221013,001,1795
1362.3365,1362.3443,26328,39245,Eptesicus serotinus,0.006,0.021,-1,Echolocation,/mnt/ubna_data_02_mir/recover-20221013/UBNA_001/20221012_030000.WAV,Telephone Field,recover-20221013,001,1795
1362.3495,1362.3898,68437,81906,Rhinolophus ferrumequinum,0.02,0.02,-1,Echolocation,/mnt/ubna_data_02_mir/recover-20221013/UBNA_001/20221012_030000.WAV,Telephone Field,recover-20221013,001,1795
1362.3695,1362.404,68437,81463,Rhinolophus ferrumequinum,0.02,0.021,-1,Echolocation,/mnt/ubna_data_02_mir/recover-20221013/UBNA_001/20221012_030000.WAV,Telephone Field,recover-20221013,001,1795
1362.3875,1362.4215,68437,80746,Rhinolophus ferrumequinum,0.02,0.02,-1,Echolocation,/mnt/ubna_data_02_mir/recover-20221013/UBNA_001/20221012_030000.WAV,Telephone Field,recover-20221013,001,1795
1362.3955,1362.4251,68437,79562,Rhinolophus ferrumequinum,0.019,0.02,-1,Echolocation,/mnt/ubna_data_02_mir/recover-20221013/UBNA_001/20221012_030000.WAV,Telephone Field,recover-20221013,001,1795
1362.4195,1362.4578,68437,81904,Rhinolophus ferrumequinum,0.02,0.02,-1,Echolocation,/mnt/ubna_data_02_mir/recover-20221013/UBNA_001/20221012_030000.WAV,Telephone Field,recover-20221013,001,1795
1362.4455,1362.4862,68437,82825,Rhinolophus ferrumequinum,0.023,0.023,-1,Echolocation,/mnt/ubna_data_02_mir/recover-20221013/UBNA_001/20221012_030000.WAV,Telephone Field,recover-20221013,001,1795
1362.4505,1362.4913,68437,82363,Rhinolophus ferrumequinum,0.022,0.022,-1,Echolocation,/mnt/ubna_data_02_mir/recover-20221013/UBNA_001/20221012_030000.WAV,Telephone Field,recover-20221013,001,1795
1362.4645,1362.5027,68437,82384,Rhinolophus ferrumequinum,0.021,0.021,-1,Echolocation,/mnt/ubna_data_02_mir/recover-20221013/UBNA_001/20221012_030000.WAV,Telephone Field,recover-20221013,001,1795
1362.4705,1362.4807,22031,26833,Nyctalus leisleri,0.008,0.02,-1,Echolocation,/mnt/ubna_data_02_mir/recover-20221013/UBNA_001/20221012_030000.WAV,Telephone Field,recover-20221013,001,1795
1362.4795,1362.4868,24609,34862,Plecotus austriacus,0.008,0.025,-1,Echolocation,/mnt/ubna_data_02_mir/recover-20221013/UBNA_001/20221012_030000.WAV,Telephone Field,recover-20221013,001,1795
1362.4915,1362.5305,68437,82264,Rhinolophus ferrumequinum,0.021,0.021,-1,Echolocation,/mnt/ubna_data_02_mir/recover-20221013/UBNA_001/20221012_030000.WAV,Telephone Field,recover-20221013,001,1795
1362.5005,1362.5384,68437,81693,Rhinolophus ferrumequinum,0.021,0.022,-1,Echolocation,/mnt/ubna_data_02_mir/recover-20221013/UBNA_001/20221012_030000.WAV,Telephone Field,recover-20221013,001,1795
1362.5145,1362.5246,25468,32463,Eptesicus serotinus,0.008,0.022,-1,Echolocation,/mnt/ubna_data_02_mir/recover-20221013/UBNA_001/20221012_030000.WAV,Telephone Field,recover-20221013,001,1795
1362.5265,1362.5653,68437,81291,Rhinolophus ferrumequinum,0.02,0.02,-1,Echolocation,/mnt/ubna_data_02_mir/recover-20221013/UBNA_001/20221012_030000.WAV,Telephone Field,recover-20221013,001,1795
1362.5595,1362.5693,22031,26862,Nyctalus leisleri,0.008,0.02,-1,Echolocation,/mnt/ubna_data_02_mir/recover-20221013/UBNA_001/20221012_030000.WAV,Telephone Field,recover-20221013,001,1795
1362.6415,1362.6511,28906,39724,Eptesicus serotinus,0.007,0.02,-1,Echolocation,/mnt/ubna_data_02_mir/recover-20221013/UBNA_001/20221012_030000.WAV,Telephone Field,recover-20221013,001,1795
1362.6435,1362.6816,68437,82192,Rhinolophus ferrumequinum,0.036,0.036,-1,Echolocation,/mnt/ubna_data_02_mir/recover-20221013/UBNA_001/20221012_030000.WAV,Telephone Field,recover-20221013,001,1795
1362.6845,1362.6935,28906,38854,Eptesicus serotinus,0.009,0.023,-1,Echolocation,/mnt/ubna_data_02_mir/recover-20221013/UBNA_001/20221012_030000.WAV,Telephone Field,recover-20221013,001,1795
1362.6855,1362.7211,68437,81708,Rhinolophus ferrumequinum,0.02,0.02,-1,Echolocation,/mnt/ubna_data_02_mir/recover-20221013/UBNA_001/20221012_030000.WAV,Telephone Field,recover-20221013,001,1795
1362.7125,1362.7466,68437,81706,Rhinolophus ferrumequinum,0.022,0.022,-1,Echolocation,/mnt/ubna_data_02_mir/recover-20221013/UBNA_001/20221012_030000.WAV,Telephone Field,recover-20221013,001,1795
1362.7235,1362.7631,68437,82732,Rhinolophus ferrumequinum,0.022,0.022,-1,Echolocation,/mnt/ubna_data_02_mir/recover-20221013/UBNA_001/20221012_030000.WAV,Telephone Field,recover-20221013,001,1795
1362.7335,1362.7407,51250,56117,Pipistrellus pipistrellus,0.019,0.022,-1,Echolocation,/mnt/ubna_data_02_mir/recover-20221013/UBNA_001/20221012_030000.WAV,Telephone Field,recover-20221013,001,1795
1362.7385,1362.7471,27187,36907,Eptesicus serotinus,0.007,0.021,-1,Echolocation,/mnt/ubna_data_02_mir/recover-20221013/UBNA_001/20221012_030000.WAV,Telephone Field,recover-20221013,001,1795
1362.7475,1362.7862,68437,81448,Rhinolophus ferrumequinum,0.022,0.022,-1,Echolocation,/mnt/ubna_data_02_mir/recover-20221013/UBNA_001/20221012_030000.WAV,Telephone Field,recover-20221013,001,1795
1362.7715,1362.8092,68437,82530,Rhinolophus ferrumequinum,0.021,0.021,-1,Echolocation,/mnt/ubna_data_02_mir/recover-20221013/UBNA_001/20221012_030000.WAV,Telephone Field,recover-20221013,001,1795
1362.7815,1362.7885,26328,38288,Eptesicus serotinus,0.005,0.02,-1,Echolocation,/mnt/ubna_data_02_mir/recover-20221013/UBNA_001/20221012_030000.WAV,Telephone Field,recover-20221013,001,1795
1362.7935,1362.8056,35781,40931,Pipistrellus nathusii,0.005,0.02,-1,Echolocation,/mnt/ubna_data_02_mir/recover-20221013/UBNA_001/20221012_030000.WAV,Telephone Field,recover-20221013,001,1795
1362.8155,1362.855,68437,82343,Rhinolophus ferrumequinum,0.023,0.023,-1,Echolocation,/mnt/ubna_data_02_mir/recover-20221013/UBNA_001/20221012_030000.WAV,Telephone Field,recover-20221013,001,1795
1362.8275,1362.8655,68437,82694,Rhinolophus ferrumequinum,0.021,0.021,-1,Echolocation,/mnt/ubna_data_02_mir/recover-20221013/UBNA_001/20221012_030000.WAV,Telephone Field,recover-20221013,001,1795
1362.8555,1362.8968,68437,82970,Rhinolophus ferrumequinum,0.02,0.02,-1,Echolocation,/mnt/ubna_data_02_mir/recover-20221013/UBNA_001/20221012_030000.WAV,Telephone Field,recover-20221013,001,1795
1362.8875,1362.9275,68437,82163,Rhinolophus ferrumequinum,0.02,0.02,-1,Echolocation,/mnt/ubna_data_02_mir/recover-20221013/UBNA_001/20221012_030000.WAV,Telephone Field,recover-20221013,001,1795
1362.9105,1362.9487,68437,82410,Rhinolophus ferrumequinum,0.02,0.02,-1,Echolocation,/mnt/ubna_data_02_mir/recover-20221013/UBNA_001/20221012_030000.WAV,Telephone Field,recover-20221013,001,1795
1362.9205,1362.9597,68437,82766,Rhinolophus ferrumequinum,0.025,0.025,-1,Echolocation,/mnt/ubna_data_02_mir/recover-20221013/UBNA_001/20221012_030000.WAV,Telephone Field,recover-20221013,001,1795
1362.9335,1362.9712,68437,81865,Rhinolophus ferrumequinum,0.021,0.021,-1,Echolocation,/mnt/ubna_data_02_mir/recover-20221013/UBNA_001/20221012_030000.WAV,Telephone Field,recover-20221013,001,1795
1362.9335,1362.9427,28046,38372,Eptesicus serotinus,0.01,0.028,-1,Echolocation,/mnt/ubna_data_02_mir/recover-20221013/UBNA_001/20221012_030000.WAV,Telephone Field,recover-20221013,001,1795
1362.9625,1363.0026,68437,82045,Rhinolophus ferrumequinum,0.021,0.021,-1,Echolocation,/mnt/ubna_data_02_mir/recover-20221013/UBNA_001/20221012_030000.WAV,Telephone Field,recover-20221013,001,1795
1363.0145,1363.0508,68437,81672,Rhinolophus ferrumequinum,0.02,0.02,-1,Echolocation,/mnt/ubna_data_02_mir/recover-20221013/UBNA_001/20221012_030000.WAV,Telephone Field,recover-20221013,001,1795
1363.0965,1363.1043,28046,41418,Eptesicus serotinus,0.007,0.023,-1,Echolocation,/mnt/ubna_data_02_mir/recover-20221013/UBNA_001/20221012_030000.WAV,Telephone Field,recover-20221013,001,1795
1363.1375,1363.1459,28046,38944,Eptesicus serotinus,0.007,0.02,-1,Echolocation,/mnt/ubna_data_02_mir/recover-20221013/UBNA_001/20221012_030000.WAV,Telephone Field,recover-20221013,001,1795
1363.1435,1363.1813,68437,82039,Rhinolophus ferrumequinum,0.02,0.02,-1,Echolocation,/mnt/ubna_data_02_mir/recover-20221013/UBNA_001/20221012_030000.WAV,Telephone Field,recover-20221013,001,1795
1363.1675,1363.2058,68437,82227,Rhinolophus ferrumequinum,0.021,0.021,-1,Echolocation,/mnt/ubna_data_02_mir/recover-20221013/UBNA_001/20221012_030000.WAV,Telephone Field,recover-20221013,001,1795
1363.2505,1363.2891,68437,82522,Rhinolophus ferrumequinum,0.021,0.021,-1,Echolocation,/mnt/ubna_data_02_mir/recover-20221013/UBNA_001/20221012_030000.WAV,Telephone Field,recover-20221013,001,1795
1363.2515,1363.2599,23750,31857,Plecotus austriacus,0.009,0.023,-1,Echolocation,/mnt/ubna_data_02_mir/recover-20221013/UBNA_001/20221012_030000.WAV,Telephone Field,recover-20221013,001,1795
1363.2595,1363.2978,68437,81881,Rhinolophus ferrumequinum,0.02,0.02,-1,Echolocation,/mnt/ubna_data_02_mir/recover-20221013/UBNA_001/20221012_030000.WAV,Telephone Field,recover-20221013,001,1795
1363.2665,1363.2769,28046,35601,Eptesicus serotinus,0.009,0.022,-1,Echolocation,/mnt/ubna_data_02_mir/recover-20221013/UBNA_001/20221012_030000.WAV,Telephone Field,recover-20221013,001,1795
1363.2775,1363.2864,22890,29751,Plecotus austriacus,0.008,0.021,-1,Echolocation,/mnt/ubna_data_02_mir/recover-20221013/UBNA_001/20221012_030000.WAV,Telephone Field,recover-20221013,001,1795
1363.2875,1363.3279,68437,83147,Rhinolophus ferrumequinum,0.021,0.021,-1,Echolocation,/mnt/ubna_data_02_mir/recover-20221013/UBNA_001/20221012_030000.WAV,Telephone Field,recover-20221013,001,1795
1363.3085,1363.3476,68437,82380,Rhinolophus ferrumequinum,0.02,0.02,-1,Echolocation,/mnt/ubna_data_02_mir/recover-20221013/UBNA_001/20221012_030000.WAV,Telephone Field,recover-20221013,001,1795
1363.3425,1363.3826,68437,82428,Rhinolophus ferrumequinum,0.024,0.024,-1,Echolocation,/mnt/ubna_data_02_mir/recover-20221013/UBNA_001/20221012_030000.WAV,Telephone Field,recover-20221013,001,1795
1363.3835,1363.4217,68437,81782,Rhinolophus ferrumequinum,0.021,0.021,-1,Echolocation,/mnt/ubna_data_02_mir/recover-20221013/UBNA_001/20221012_030000.WAV,Telephone Field,recover-20221013,001,1795
1363.4065,1363.4146,26328,37734,Eptesicus serotinus,0.006,0.02,-1,Echolocation,/mnt/ubna_data_02_mir/recover-20221013/UBNA_001/20221012_030000.WAV,Telephone Field,recover-20221013,001,1795
1363.4255,1363.4363,24609,30454,Nyctalus leisleri,0.01,0.024,-1,Echolocation,/mnt/ubna_data_02_mir/recover-20221013/UBNA_001/20221012_030000.WAV,Telephone Field,recover-20221013,001,1795
1363.4465,1363.4829,68437,81707,Rhinolophus ferrumequinum,0.021,0.021,-1,Echolocation,/mnt/ubna_data_02_mir/recover-20221013/UBNA_001/20221012_030000.WAV,Telephone Field,recover-20221013,001,1795
1363.4705,1363.5101,68437,82979,Rhinolophus ferrumequinum,0.026,0.026,-1,Echolocation,/mnt/ubna_data_02_mir/recover-20221013/UBNA_001/20221012_030000.WAV,Telephone Field,recover-20221013,001,1795
1363.4915,1363.5006,28046,38055,Eptesicus serotinus,0.008,0.021,-1,Echolocation,/mnt/ubna_data_02_mir/recover-20221013/UBNA_001/20221012_030000.WAV,Telephone Field,recover-20221013,001,1795
1363.5245,1363.5626,68437,82046,Rhinolophus ferrumequinum,0.021,0.021,-1,Echolocation,/mnt/ubna_data_02_mir/recover-20221013/UBNA_001/20221012_030000.WAV,Telephone Field,recover-20221013,001,1795
1363.5585,1363.5689,22031,26810,Nyctalus leisleri,0.01,0.021,-1,Echolocation,/mnt/ubna_data_02_mir/recover-20221013/UBNA_001/20221012_030000.WAV,Telephone Field,recover-20221013,001,1795
1363.5885,1363.5963,28046,38941,Eptesicus serotinus,0.008,0.024,-1,Echolocation,/mnt/ubna_data_02_mir/recover-20221013/UBNA_001/20221012_030000.WAV,Telephone Field,recover-20221013,001,1795
1363.5985,1363.6091,22890,27586,Nyctalus leisleri,0.012,0.023,-1,Echolocation,/mnt/ubna_data_02_mir/recover-20221013/UBNA_001/20221012_030000.WAV,Telephone Field,recover-20221013,001,1795
1363.6325,1363.6511,22890,27065,Nyctalus leisleri,0.027,0.052,-1,Echolocation,/mnt/ubna_data_02_mir/recover-20221013/UBNA_001/20221012_030000.WAV,Telephone Field,recover-20221013,001,1795
1363.6355,1363.6733,68437,81899,Rhinolophus ferrumequinum,0.021,0.021,-1,Echolocation,/mnt/ubna_data_02_mir/recover-20221013/UBNA_001/20221012_030000.WAV,Telephone Field,recover-20221013,001,1795
1363.6615,1363.6974,68437,81305,Rhinolophus ferrumequinum,0.022,0.022,-1,Echolocation,/mnt/ubna_data_02_mir/recover-20221013/UBNA_001/20221012_030000.WAV,Telephone Field,recover-20221013,001,1795
1363.6695,1363.677,28906,37675,Eptesicus serotinus,0.007,0.024,-1,Echolocation,/mnt/ubna_data_02_mir/recover-20221013/UBNA_001/20221012_030000.WAV,Telephone Field,recover-20221013,001,1795
1363.6715,1363.7076,68437,81044,Rhinolophus ferrumequinum,0.02,0.02,-1,Echolocation,/mnt/ubna_data_02_mir/recover-20221013/UBNA_001/20221012_030000.WAV,Telephone Field,recover-20221013,001,1795
1363.7495,1363.7652,15156,19396,Nyctalus noctula,0.033,0.047,-1,Echolocation,/mnt/ubna_data_02_mir/recover-20221013/UBNA_001/20221012_030000.WAV,Telephone Field,recover-20221013,001,1795
1363.7565,1363.7661,23750,31186,Nyctalus leisleri,0.007,0.021,-1,Echolocation,/mnt/ubna_data_02_mir/recover-20221013/UBNA_001/20221012_030000.WAV,Telephone Field,recover-20221013,001,1795
1363.7685,1363.7801,24609,30687,Nyctalus leisleri,0.011,0.029,-1,Echolocation,/mnt/ubna_data_02_mir/recover-20221013/UBNA_001/20221012_030000.WAV,Telephone Field,recover-20221013,001,1795
1363.7755,1363.8154,68437,82396,Rhinolophus ferrumequinum,0.021,0.021,-1,Echolocation,/mnt/ubna_data_02_mir/recover-20221013/UBNA_001/20221012_030000.WAV,Telephone Field,recover-20221013,001,1795
1363.7875,1363.7956,33203,40563,Myotis daubentonii,0.009,0.024,-1,Echolocation,/mnt/ubna_data_02_mir/recover-20221013/UBNA_001/20221012_030000.WAV,Telephone Field,recover-20221013,001,1795
1363.7975,1363.8063,24609,31959,Nyctalus leisleri,0.007,0.021,-1,Echolocation,/mnt/ubna_data_02_mir/recover-20221013/UBNA_001/20221012_030000.WAV,Telephone Field,recover-20221013,001,1795
1363.8765,1363.912,68437,81519,Rhinolophus ferrumequinum,0.021,0.021,-1,Echolocation,/mnt/ubna_data_02_mir/recover-20221013/UBNA_001/20221012_030000.WAV,Telephone Field,recover-20221013,001,1795
1363.8825,1363.8907,28906,37408,Eptesicus serotinus,0.007,0.02,-1,Echolocation,/mnt/ubna_data_02_mir/recover-20221013/UBNA_001/20221012_030000.WAV,Telephone Field,recover-20221013,001,1795
1363.8835,1363.9187,68437,81404,Rhinolophus ferrumequinum,0.02,0.02,-1,Echolocation,/mnt/ubna_data_02_mir/recover-20221013/UBNA_001/20221012_030000.WAV,Telephone Field,recover-20221013,001,1795
1363.9015,1363.9422,68437,82896,Rhinolophus ferrumequinum,0.024,0.024,-1,Echolocation,/mnt/ubna_data_02_mir/recover-20221013/UBNA_001/20221012_030000.WAV,Telephone Field,recover-20221013,001,1795
1363.9135,1363.9509,68437,82124,Rhinolophus ferrumequinum,0.021,0.021,-1,Echolocation,/mnt/ubna_data_02_mir/recover-20221013/UBNA_001/20221012_030000.WAV,Telephone Field,recover-20221013,001,1795
1363.9315,1363.9404,28046,39351,Eptesicus serotinus,0.008,0.02,-1,Echolocation,/mnt/ubna_data_02_mir/recover-20221013/UBNA_001/20221012_030000.WAV,Telephone Field,recover-20221013,001,1795
1363.9695,1363.9802,22890,28033,Nyctalus leisleri,0.008,0.02,-1,Echolocation,/mnt/ubna_data_02_mir/recover-20221013/UBNA_001/20221012_030000.WAV,Telephone Field,recover-20221013,001,1795
1364.0015,1364.0366,68437,79950,Rhinolophus ferrumequinum,0.037,0.038,-1,Echolocation,/mnt/ubna_data_02_mir/recover-20221013/UBNA_001/20221012_030000.WAV,Telephone Field,recover-20221013,001,1795
1364.0015,1364.0137,21171,25793,Nyctalus leisleri,0.022,0.04,-1,Echolocation,/mnt/ubna_data_02_mir/recover-20221013/UBNA_001/20221012_030000.WAV,Telephone Field,recover-20221013,001,1795
1364.0015,1364.0115,47812,55687,Pipistrellus pipistrellus,0.016,0.021,-1,Echolocation,/mnt/ubna_data_02_mir/recover-20221013/UBNA_001/20221012_030000.WAV,Telephone Field,recover-20221013,001,1795
1364.0085,1364.0498,68437,81929,Rhinolophus ferrumequinum,0.022,0.022,-1,Echolocation,/mnt/ubna_data_02_mir/recover-20221013/UBNA_001/20221012_030000.WAV,Telephone Field,recover-20221013,001,1795
1364.0675,1364.1056,68437,82457,Rhinolophus ferrumequinum,0.021,0.021,-1,Echolocation,/mnt/ubna_data_02_mir/recover-20221013/UBNA_001/20221012_030000.WAV,Telephone Field,recover-20221013,001,1795
1364.0805,1364.1219,68437,82839,Rhinolophus ferrumequinum,0.023,0.023,-1,Echolocation,/mnt/ubna_data_02_mir/recover-20221013/UBNA_001/20221012_030000.WAV,Telephone Field,recover-20221013,001,1795
1364.0995,1364.1403,68437,82297,Rhinolophus ferrumequinum,0.021,0.021,-1,Echolocation,/mnt/ubna_data_02_mir/recover-20221013/UBNA_001/20221012_030000.WAV,Telephone Field,recover-20221013,001,1795
1364.1075,1364.1476,68437,82834,Rhinolophus ferrumequinum,0.022,0.022,-1,Echolocation,/mnt/ubna_data_02_mir/recover-20221013/UBNA_001/20221012_030000.WAV,Telephone Field,recover-20221013,001,1795
1364.1275,1364.1686,68437,82924,Rhinolophus ferrumequinum,0.025,0.025,-1,Echolocation,/mnt/ubna_data_02_mir/recover-20221013/UBNA_001/20221012_030000.WAV,Telephone Field,recover-20221013,001,1795
1364.1755,1364.2146,68437,82413,Rhinolophus ferrumequinum,0.028,0.028,-1,Echolocation,/mnt/ubna_data_02_mir/recover-20221013/UBNA_001/20221012_030000.WAV,Telephone Field,recover-20221013,001,1795
1364.1845,1364.1925,25468,33353,Eptesicus serotinus,0.007,0.022,-1,Echolocation,/mnt/ubna_data_02_mir/recover-20221013/UBNA_001/20221012_030000.WAV,Telephone Field,recover-20221013,001,1795
1364.1875,1364.1988,44375,50382,Pipistrellus pipistrellus,0.041,0.047,-1,Echolocation,/mnt/ubna_data_02_mir/recover-20221013/UBNA_001/20221012_030000.WAV,Telephone Field,recover-20221013,001,1795
1364.1925,1364.2316,68437,82126,Rhinolophus ferrumequinum,0.022,0.022,-1,Echolocation,/mnt/ubna_data_02_mir/recover-20221013/UBNA_001/20221012_030000.WAV,Telephone Field,recover-20221013,001,1795
1364.2005,1364.2392,68437,81914,Rhinolophus ferrumequinum,0.021,0.021,-1,Echolocation,/mnt/ubna_data_02_mir/recover-20221013/UBNA_001/20221012_030000.WAV,Telephone Field,recover-20221013,001,1795
1364.2305,1364.2429,22890,26915,Nyctalus leisleri,0.018,0.03,-1,Echolocation,/mnt/ubna_data_02_mir/recover-20221013/UBNA_001/20221012_030000.WAV,Telephone Field,recover-20221013,001,1795
1364.2435,1364.2811,68437,80957,Rhinolophus ferrumequinum,0.026,0.026,-1,Echolocation,/mnt/ubna_data_02_mir/recover-20221013/UBNA_001/20221012_030000.WAV,Telephone Field,recover-20221013,001,1795
1364.3005,1364.3407,68437,82419,Rhinolophus ferrumequinum,0.022,0.022,-1,Echolocation,/mnt/ubna_data_02_mir/recover-20221013/UBNA_001/20221012_030000.WAV,Telephone Field,recover-20221013,001,1795
1364.3235,1364.3326,22890,29667,Plecotus austriacus,0.009,0.023,-1,Echolocation,/mnt/ubna_data_02_mir/recover-20221013/UBNA_001/20221012_030000.WAV,Telephone Field,recover-20221013,001,1795
1364.3255,1364.368,68437,83282,Rhinolophus ferrumequinum,0.023,0.023,-1,Echolocation,/mnt/ubna_data_02_mir/recover-20221013/UBNA_001/20221012_030000.WAV,Telephone Field,recover-20221013,001,1795
1364.3375,1364.3444,27187,38772,Eptesicus serotinus,0.006,0.023,-1,Echolocation,/mnt/ubna_data_02_mir/recover-20221013/UBNA_001/20221012_030000.WAV,Telephone Field,recover-20221013,001,1795
1364.3535,1364.3942,68437,82733,Rhinolophus ferrumequinum,0.021,0.021,-1,Echolocation,/mnt/ubna_data_02_mir/recover-20221013/UBNA_001/20221012_030000.WAV,Telephone Field,recover-20221013,001,1795
1364.3595,1364.3702,28046,35321,Eptesicus serotinus,0.018,0.039,-1,Echolocation,/mnt/ubna_data_02_mir/recover-20221013/UBNA_001/20221012_030000.WAV,Telephone Field,recover-20221013,001,1795
1364.3655,1364.4076,68437,83048,Rhinolophus ferrumequinum,0.03,0.03,-1,Echolocation,/mnt/ubna_data_02_mir/recover-20221013/UBNA_001/20221012_030000.WAV,Telephone Field,recover-20221013,001,1795
1364.3995,1364.4378,68437,82396,Rhinolophus ferrumequinum,0.023,0.023,-1,Echolocation,/mnt/ubna_data_02_mir/recover-20221013/UBNA_001/20221012_030000.WAV,Telephone Field,recover-20221013,001,1795
1364.4345,1364.4433,26328,35069,Eptesicus serotinus,0.012,0.028,-1,Echolocation,/mnt/ubna_data_02_mir/recover-20221013/UBNA_001/20221012_030000.WAV,Telephone Field,recover-20221013,001,1795
1364.4395,1364.476,68437,81783,Rhinolophus ferrumequinum,0.021,0.021,-1,Echolocation,/mnt/ubna_data_02_mir/recover-20221013/UBNA_001/20221012_030000.WAV,Telephone Field,recover-20221013,001,1795
1364.4715,1364.4792,24609,33095,Plecotus austriacus,0.008,0.023,-1,Echolocation,/mnt/ubna_data_02_mir/recover-20221013/UBNA_001/20221012_030000.WAV,Telephone Field,recover-20221013,001,1795
1364.4765,1364.5126,68437,81083,Rhinolophus ferrumequinum,0.021,0.022,-1,Echolocation,/mnt/ubna_data_02_mir/recover-20221013/UBNA_001/20221012_030000.WAV,Telephone Field,recover-20221013,001,1795
1364.5015,1364.516,15156,21133,Nyctalus noctula,0.016,0.023,-1,Echolocation,/mnt/ubna_data_02_mir/recover-20221013/UBNA_001/20221012_030000.WAV,Telephone Field,recover-20221013,001,1795
1364.5075,1364.523,30625,34546,Eptesicus serotinus,0.016,0.037,-1,Echolocation,/mnt/ubna_data_02_mir/recover-20221013/UBNA_001/20221012_030000.WAV,Telephone Field,recover-20221013,001,1795
1364.5245,1364.5347,28046,36162,Eptesicus serotinus,0.01,0.024,-1,Echolocation,/mnt/ubna_data_02_mir/recover-20221013/UBNA_001/20221012_030000.WAV,Telephone Field,recover-20221013,001,1795
1364.5375,1364.5776,68437,82429,Rhinolophus ferrumequinum,0.023,0.023,-1,Echolocation,/mnt/ubna_data_02_mir/recover-20221013/UBNA_001/20221012_030000.WAV,Telephone Field,recover-20221013,001,1795
1364.6055,1364.6133,47812,53109,Pipistrellus pipistrellus,0.021,0.022,-1,Echolocation,/mnt/ubna_data_02_mir/recover-20221013/UBNA_001/20221012_030000.WAV,Telephone Field,recover-20221013,001,1795
1364.6065,1364.6165,22890,28470,Nyctalus leisleri,0.009,0.022,-1,Echolocation,/mnt/ubna_data_02_mir/recover-20221013/UBNA_001/20221012_030000.WAV,Telephone Field,recover-20221013,001,1795
1364.6265,1364.6677,68437,82765,Rhinolophus ferrumequinum,0.041,0.041,-1,Echolocation,/mnt/ubna_data_02_mir/recover-20221013/UBNA_001/20221012_030000.WAV,Telephone Field,recover-20221013,001,1795
1364.6335,1364.6401,50390,60580,Pipistrellus pipistrellus,0.018,0.023,-1,Echolocation,/mnt/ubna_data_02_mir/recover-20221013/UBNA_001/20221012_030000.WAV,Telephone Field,recover-20221013,001,1795
1364.6435,1364.6532,24609,31726,Eptesicus serotinus,0.007,0.022,-1,Echolocation,/mnt/ubna_data_02_mir/recover-20221013/UBNA_001/20221012_030000.WAV,Telephone Field,recover-20221013,001,1795
1364.7035,1364.7108,27187,38853,Eptesicus serotinus,0.006,0.021,-1,Echolocation,/mnt/ubna_data_02_mir/recover-20221013/UBNA_001/20221012_030000.WAV,Telephone Field,recover-20221013,001,1795
1364.7305,1364.7721,68437,83055,Rhinolophus ferrumequinum,0.028,0.028,-1,Echolocation,/mnt/ubna_data_02_mir/recover-20221013/UBNA_001/20221012_030000.WAV,Telephone Field,recover-20221013,001,1795
1364.7825,1364.8183,68437,81705,Rhinolophus ferrumequinum,0.022,0.022,-1,Echolocation,/mnt/ubna_data_02_mir/recover-20221013/UBNA_001/20221012_030000.WAV,Telephone Field,recover-20221013,001,1795
1364.7925,1364.8038,22890,27744,Nyctalus leisleri,0.013,0.024,-1,Echolocation,/mnt/ubna_data_02_mir/recover-20221013/UBNA_001/20221012_030000.WAV,Telephone Field,recover-20221013,001,1795
1364.8015,1364.812,22890,27446,Nyctalus leisleri,0.013,0.026,-1,Echolocation,/mnt/ubna_data_02_mir/recover-20221013/UBNA_001/20221012_030000.WAV,Telephone Field,recover-20221013,001,1795
1364.8215,1364.8317,24609,31642,Nyctalus leisleri,0.007,0.021,-1,Echolocation,/mnt/ubna_data_02_mir/recover-20221013/UBNA_001/20221012_030000.WAV,Telephone Field,recover-20221013,001,1795
1364.8405,1364.8819,68437,82489,Rhinolophus ferrumequinum,0.032,0.032,-1,Echolocation,/mnt/ubna_data_02_mir/recover-20221013/UBNA_001/20221012_030000.WAV,Telephone Field,recover-20221013,001,1795
1364.8635,1364.9044,68437,83114,Rhinolophus ferrumequinum,0.023,0.023,-1,Echolocation,/mnt/ubna_data_02_mir/recover-20221013/UBNA_001/20221012_030000.WAV,Telephone Field,recover-20221013,001,1795
1364.9265,1364.9643,68437,82403,Rhinolophus ferrumequinum,0.021,0.021,-1,Echolocation,/mnt/ubna_data_02_mir/recover-20221013/UBNA_001/20221012_030000.WAV,Telephone Field,recover-20221013,001,1795
1364.9345,1364.9727,68437,82683,Rhinolophus ferrumequinum,0.021,0.021,-1,Echolocation,/mnt/ubna_data_02_mir/recover-20221013/UBNA_001/20221012_030000.WAV,Telephone Field,recover-20221013,001,1795
1364.9605,1364.9696,23750,30963,Plecotus austriacus,0.008,0.026,-1,Echolocation,/mnt/ubna_data_02_mir/recover-20221013/UBNA_001/20221012_030000.WAV,Telephone Field,recover-20221013,001,1795
1365.0115,1365.0249,37500,42110,Pipistrellus nathusii,0.048,0.063,-1,Echolocation,/mnt/ubna_data_02_mir/recover-20221013/UBNA_001/20221012_030000.WAV,Telephone Field,recover-20221013,001,1795
1365.0405,1365.0794,68437,82268,Rhinolophus ferrumequinum,0.021,0.021,-1,Echolocation,/mnt/ubna_data_02_mir/recover-20221013/UBNA_001/20221012_030000.WAV,Telephone Field,recover-20221013,001,1795
1365.0415,1365.0513,28046,35727,Eptesicus serotinus,0.008,0.022,-1,Echolocation,/mnt/ubna_data_02_mir/recover-20221013/UBNA_001/20221012_030000.WAV,Telephone Field,recover-20221013,001,1795
1365.0535,1365.0923,68437,82436,Rhinolophus ferrumequinum,0.026,0.026,-1,Echolocation,/mnt/ubna_data_02_mir/recover-20221013/UBNA_001/20221012_030000.WAV,Telephone Field,recover-20221013,001,1795
1365.0575,1365.0674,24609,32606,Nyctalus leisleri,0.008,0.024,-1,Echolocation,/mnt/ubna_data_02_mir/recover-20221013/UBNA_001/20221012_030000.WAV,Telephone Field,recover-20221013,001,1795
1365.0755,1365.1172,68437,83426,Rhinolophus ferrumequinum,0.029,0.029,-1,Echolocation,/mnt/ubna_data_02_mir/recover-20221013/UBNA_001/20221012_030000.WAV,Telephone Field,recover-20221013,001,1795
1365.0895,1365.1301,68437,83439,Rhinolophus ferrumequinum,0.025,0.025,-1,Echolocation,/mnt/ubna_data_02_mir/recover-20221013/UBNA_001/20221012_030000.WAV,Telephone Field,recover-20221013,001,1795
1365.1075,1365.115,28046,38043,Eptesicus serotinus,0.006,0.024,-1,Echolocation,/mnt/ubna_data_02_mir/recover-20221013/UBNA_001/20221012_030000.WAV,Telephone Field,recover-20221013,001,1795
1365.1205,1365.1594,68437,81427,Rhinolophus ferrumequinum,0.026,0.026,-1,Echolocation,/mnt/ubna_data_02_mir/recover-20221013/UBNA_001/20221012_030000.WAV,Telephone Field,recover-20221013,001,1795
1365.1445,1365.1776,68437,81918,Rhinolophus ferrumequinum,0.022,0.022,-1,Echolocation,/mnt/ubna_data_02_mir/recover-20221013/UBNA_001/20221012_030000.WAV,Telephone Field,recover-20221013,001,1795
1365.1715,1365.2136,68437,83000,Rhinolophus ferrumequinum,0.022,0.022,-1,Echolocation,/mnt/ubna_data_02_mir/recover-20221013/UBNA_001/20221012_030000.WAV,Telephone Field,recover-20221013,001,1795
1365.2195,1365.2551,68437,81608,Rhinolophus ferrumequinum,0.021,0.021,-1,Echolocation,/mnt/ubna_data_02_mir/recover-20221013/UBNA_001/20221012_030000.WAV,Telephone Field,recover-20221013,001,1795
1365.2245,1365.2366,54687,59565,Pipistrellus pygmaeus,0.017,0.022,-1,Echolocation,/mnt/ubna_data_02_mir/recover-20221013/UBNA_001/20221012_030000.WAV,Telephone Field,recover-20221013,001,1795
1365.2375,1365.2471,28906,39915,Eptesicus serotinus,0.009,0.023,-1,Echolocation,/mnt/ubna_data_02_mir/recover-20221013/UBNA_001/20221012_030000.WAV,Telephone Field,recover-20221013,001,1795
1365.2405,1365.2509,34921,40275,Barbastellus barbastellus,0.005,0.025,-1,Echolocation,/mnt/ubna_data_02_mir/recover-20221013/UBNA_001/20221012_030000.WAV,Telephone Field,recover-20221013,001,1795
1365.2415,1365.2819,68437,82970,Rhinolophus ferrumequinum,0.033,0.033,-1,Echolocation,/mnt/ubna_data_02_mir/recover-20221013/UBNA_001/20221012_030000.WAV,Telephone Field,recover-20221013,001,1795
1365.2785,1365.3148,68437,81483,Rhinolophus ferrumequinum,0.023,0.023,-1,Echolocation,/mnt/ubna_data_02_mir/recover-20221013/UBNA_001/20221012_030000.WAV,Telephone Field,recover-20221013,001,1795
1365.2865,1365.2987,24609,30653,Nyctalus leisleri,0.009,0.024,-1,Echolocation,/mnt/ubna_data_02_mir/recover-20221013/UBNA_001/20221012_030000.WAV,Telephone Field,recover-20221013,001,1795
1365.2885,1365.3264,68437,81837,Rhinolophus ferrumequinum,0.026,0.026,-1,Echolocation,/mnt/ubna_data_02_mir/recover-20221013/UBNA_001/20221012_030000.WAV,Telephone Field,recover-20221013,001,1795
1365.2925,1365.304,25468,32495,Eptesicus serotinus,0.009,0.024,-1,Echolocation,/mnt/ubna_data_02_mir/recover-20221013/UBNA_001/20221012_030000.WAV,Telephone Field,recover-20221013,001,1795
1365.2975,1365.3353,68437,81965,Rhinolophus ferrumequinum,0.022,0.022,-1,Echolocation,/mnt/ubna_data_02_mir/recover-20221013/UBNA_001/20221012_030000.WAV,Telephone Field,recover-20221013,001,1795
1365.3035,1365.3118,28046,39163,Eptesicus serotinus,0.007,0.023,-1,Echolocation,/mnt/ubna_data_02_mir/recover-20221013/UBNA_001/20221012_030000.WAV,Telephone Field,recover-20221013,001,1795
1365.3125,1365.3483,68437,81754,Rhinolophus ferrumequinum,0.021,0.021,-1,Echolocation,/mnt/ubna_data_02_mir/recover-20221013/UBNA_001/20221012_030000.WAV,Telephone Field,recover-20221013,001,1795
1365.3175,1365.355,68437,82312,Rhinolophus ferrumequinum,0.021,0.021,-1,Echolocation,/mnt/ubna_data_02_mir/recover-20221013/UBNA_001/20221012_030000.WAV,Telephone Field,recover-20221013,001,1795
1365.3375,1365.3449,24609,33760,Plecotus austriacus,0.008,0.022,-1,Echolocation,/mnt/ubna_data_02_mir/recover-20221013/UBNA_001/20221012_030000.WAV,Telephone Field,recover-20221013,001,1795
1365.3495,1365.3874,68437,81621,Rhinolophus ferrumequinum,0.024,0.024,-1,Echolocation,/mnt/ubna_data_02_mir/recover-20221013/UBNA_001/20221012_030000.WAV,Telephone Field,recover-20221013,001,1795
1365.3615,1365.4024,68437,82897,Rhinolophus ferrumequinum,0.026,0.026,-1,Echolocation,/mnt/ubna_data_02_mir/recover-20221013/UBNA_001/20221012_030000.WAV,Telephone Field,recover-20221013,001,1795
1365.3815,1365.4193,68437,82017,Rhinolophus ferrumequinum,0.022,0.022,-1,Echolocation,/mnt/ubna_data_02_mir/recover-20221013/UBNA_001/20221012_030000.WAV,Telephone Field,recover-20221013,001,1795
1365.3925,1365.4026,28046,36667,Eptesicus serotinus,0.011,0.025,-1,Echolocation,/mnt/ubna_data_02_mir/recover-20221013/UBNA_001/20221012_030000.WAV,Telephone Field,recover-20221013,001,1795
1365.4315,1365.4724,68437,82728,Rhinolophus ferrumequinum,0.034,0.034,-1,Echolocation,/mnt/ubna_data_02_mir/recover-20221013/UBNA_001/20221012_030000.WAV,Telephone Field,recover-20221013,001,1795
1365.4655,1365.5006,68437,81297,Rhinolophus ferrumequinum,0.022,0.023,-1,Echolocation,/mnt/ubna_data_02_mir/recover-20221013/UBNA_001/20221012_030000.WAV,Telephone Field,recover-20221013,001,1795
1365.4665,1365.4759,28046,37380,Eptesicus serotinus,0.011,0.03,-1,Echolocation,/mnt/ubna_data_02_mir/recover-20221013/UBNA_001/20221012_030000.WAV,Telephone Field,recover-20221013,001,1795
1365.4725,1365.4841,25468,31780,Nyctalus leisleri,0.012,0.031,-1,Echolocation,/mnt/ubna_data_02_mir/recover-20221013/UBNA_001/20221012_030000.WAV,Telephone Field,recover-20221013,001,1795
1365.4875,1365.4982,23750,29532,Nyctalus leisleri,0.01,0.023,-1,Echolocation,/mnt/ubna_data_02_mir/recover-20221013/UBNA_001/20221012_030000.WAV,Telephone Field,recover-20221013,001,1795
1365.5105,1365.5482,68437,82252,Rhinolophus ferrumequinum,0.023,0.023,-1,Echolocation,/mnt/ubna_data_02_mir/recover-20221013/UBNA_001/20221012_030000.WAV,Telephone Field,recover-20221013,001,1795
1365.5195,1365.5589,68437,82953,Rhinolophus ferrumequinum,0.022,0.022,-1,Echolocation,/mnt/ubna_data_02_mir/recover-20221013/UBNA_001/20221012_030000.WAV,Telephone Field,recover-20221013,001,1795
1365.5445,1365.555,23750,29571,Nyctalus leisleri,0.012,0.027,-1,Echolocation,/mnt/ubna_data_02_mir/recover-20221013/UBNA_001/20221012_030000.WAV,Telephone Field,recover-20221013,001,1795
1365.5535,1365.5891,68437,81408,Rhinolophus ferrumequinum,0.021,0.021,-1,Echolocation,/mnt/ubna_data_02_mir/recover-20221013/UBNA_001/20221012_030000.WAV,Telephone Field,recover-20221013,001,1795
1365.5645,1365.5807,22031,25779,Nyctalus leisleri,0.017,0.027,-1,Echolocation,/mnt/ubna_data_02_mir/recover-20221013/UBNA_001/20221012_030000.WAV,Telephone Field,recover-20221013,001,1795
1365.5765,1365.5879,22890,26968,Nyctalus leisleri,0.013,0.024,-1,Echolocation,/mnt/ubna_data_02_mir/recover-20221013/UBNA_001/20221012_030000.WAV,Telephone Field,recover-20221013,001,1795
1365.5785,1365.6152,68437,82148,Rhinolophus ferrumequinum,0.021,0.021,-1,Echolocation,/mnt/ubna_data_02_mir/recover-20221013/UBNA_001/20221012_030000.WAV,Telephone Field,recover-20221013,001,1795
1365.5945,1365.6013,27187,47966,Eptesicus serotinus,0.006,0.021,-1,Echolocation,/mnt/ubna_data_02_mir/recover-20221013/UBNA_001/20221012_030000.WAV,Telephone Field,recover-20221013,001,1795
1365.6105,1365.6197,26328,34533,Eptesicus serotinus,0.017,0.038,-1,Echolocation,/mnt/ubna_data_02_mir/recover-20221013/UBNA_001/20221012_030000.WAV,Telephone Field,recover-20221013,001,1795
1365.6205,1365.6595,68437,82093,Rhinolophus ferrumequinum,0.028,0.028,-1,Echolocation,/mnt/ubna_data_02_mir/recover-20221013/UBNA_001/20221012_030000.WAV,Telephone Field,recover-20221013,001,1795
1365.6545,1365.6956,68437,82431,Rhinolophus ferrumequinum,0.027,0.027,-1,Echolocation,/mnt/ubna_data_02_mir/recover-20221013/UBNA_001/20221012_030000.WAV,Telephone Field,recover-20221013,001,1795
1365.7075,1365.7498,68437,82265,Rhinolophus ferrumequinum,0.125,0.125,-1,Echolocation,/mnt/ubna_data_02_mir/recover-20221013/UBNA_001/20221012_030000.WAV,Telephone Field,recover-20221013,001,1795
1365.7095,1365.7194,26328,35327,Eptesicus serotinus,0.008,0.024,-1,Echolocation,/mnt/ubna_data_02_mir/recover-20221013/UBNA_001/20221012_030000.WAV,Telephone Field,recover-20221013,001,1795
1365.7605,1365.7708,28906,36861,Eptesicus serotinus,0.012,0.026,-1,Echolocation,/mnt/ubna_data_02_mir/recover-20221013/UBNA_001/20221012_030000.WAV,Telephone Field,recover-20221013,001,1795
1365.7655,1365.7756,28046,35431,Eptesicus serotinus,0.012,0.026,-1,Echolocation,/mnt/ubna_data_02_mir/recover-20221013/UBNA_001/20221012_030000.WAV,Telephone Field,recover-20221013,001,1795
1365.7805,1365.8158,68437,81889,Rhinolophus ferrumequinum,0.022,0.022,-1,Echolocation,/mnt/ubna_data_02_mir/recover-20221013/UBNA_001/20221012_030000.WAV,Telephone Field,recover-20221013,001,1795
1365.8115,1365.8497,68437,82494,Rhinolophus ferrumequinum,0.025,0.025,-1,Echolocation,/mnt/ubna_data_02_mir/recover-20221013/UBNA_001/20221012_030000.WAV,Telephone Field,recover-20221013,001,1795
1365.8595,1365.8665,28046,38280,Eptesicus serotinus,0.006,0.024,-1,Echolocation,/mnt/ubna_data_02_mir/recover-20221013/UBNA_001/20221012_030000.WAV,Telephone Field,recover-20221013,001,1795
1365.8755,1365.9104,68437,80930,Rhinolophus ferrumequinum,0.027,0.027,-1,Echolocation,/mnt/ubna_data_02_mir/recover-20221013/UBNA_001/20221012_030000.WAV,Telephone Field,recover-20221013,001,1795
1365.8805,1365.891,22890,27497,Nyctalus leisleri,0.011,0.022,-1,Echolocation,/mnt/ubna_data_02_mir/recover-20221013/UBNA_001/20221012_030000.WAV,Telephone Field,recover-20221013,001,1795
1365.8875,1365.8956,48671,54990,Pipistrellus pipistrellus,0.025,0.026,-1,Echolocation,/mnt/ubna_data_02_mir/recover-20221013/UBNA_001/20221012_030000.WAV,Telephone Field,recover-20221013,001,1795
1365.9315,1365.9671,68437,81503,Rhinolophus ferrumequinum,0.022,0.022,-1,Echolocation,/mnt/ubna_data_02_mir/recover-20221013/UBNA_001/20221012_030000.WAV,Telephone Field,recover-20221013,001,1795
1365.9555,1365.997,68437,82569,Rhinolophus ferrumequinum,0.026,0.026,-1,Echolocation,/mnt/ubna_data_02_mir/recover-20221013/UBNA_001/20221012_030000.WAV,Telephone Field,recover-20221013,001,1795
1366.0015,1366.0086000000001,47812,53141,Pipistrellus pipistrellus,0.019,0.024,-1,Echolocation,/mnt/ubna_data_02_mir/recover-20221013/UBNA_001/20221012_030000.WAV,Telephone Field,recover-20221013,001,1795
1366.0015,1366.0106,26328,37408,Nyctalus leisleri,0.006,0.024,-1,Echolocation,/mnt/ubna_data_02_mir/recover-20221013/UBNA_001/20221012_030000.WAV,Telephone Field,recover-20221013,001,1795
1366.0015,1366.0309,68437,79238,Rhinolophus ferrumequinum,0.041,0.042,-1,Echolocation,/mnt/ubna_data_02_mir/recover-20221013/UBNA_001/20221012_030000.WAV,Telephone Field,recover-20221013,001,1795
1366.0085,1366.0441,68437,81784,Rhinolophus ferrumequinum,0.023,0.023,-1,Echolocation,/mnt/ubna_data_02_mir/recover-20221013/UBNA_001/20221012_030000.WAV,Telephone Field,recover-20221013,001,1795
1366.0135,1366.0216,28906,40637,Eptesicus serotinus,0.01,0.029,-1,Echolocation,/mnt/ubna_data_02_mir/recover-20221013/UBNA_001/20221012_030000.WAV,Telephone Field,recover-20221013,001,1795
1366.0165,1366.0261,22031,27454,Nyctalus leisleri,0.008,0.022,-1,Echolocation,/mnt/ubna_data_02_mir/recover-20221013/UBNA_001/20221012_030000.WAV,Telephone Field,recover-20221013,001,1795
1366.0315,1366.0424,22890,27538,Nyctalus leisleri,0.011,0.022,-1,Echolocation,/mnt/ubna_data_02_mir/recover-20221013/UBNA_001/20221012_030000.WAV,Telephone Field,recover-20221013,001,1795
1366.0345,1366.0728,68437,82054,Rhinolophus ferrumequinum,0.024,0.024,-1,Echolocation,/mnt/ubna_data_02_mir/recover-20221013/UBNA_001/20221012_030000.WAV,Telephone Field,recover-20221013,001,1795
1366.0485,1366.0572,25468,33839,Eptesicus serotinus,0.006,0.022,-1,Echolocation,/mnt/ubna_data_02_mir/recover-20221013/UBNA_001/20221012_030000.WAV,Telephone Field,recover-20221013,001,1795
1366.0955,1366.1339,68437,81722,Rhinolophus ferrumequinum,0.022,0.022,-1,Echolocation,/mnt/ubna_data_02_mir/recover-20221013/UBNA_001/20221012_030000.WAV,Telephone Field,recover-20221013,001,1795
1366.0985,1366.1085,46953,50195,Pipistrellus pipistrellus,0.059,0.061,-1,Echolocation,/mnt/ubna_data_02_mir/recover-20221013/UBNA_001/20221012_030000.WAV,Telephone Field,recover-20221013,001,1795
1366.1115,1366.1539,68437,83423,Rhinolophus ferrumequinum,0.041,0.041,-1,Echolocation,/mnt/ubna_data_02_mir/recover-20221013/UBNA_001/20221012_030000.WAV,Telephone Field,recover-20221013,001,1795
1366.1285,1366.1413,22031,26355,Nyctalus leisleri,0.014,0.024,-1,Echolocation,/mnt/ubna_data_02_mir/recover-20221013/UBNA_001/20221012_030000.WAV,Telephone Field,recover-20221013,001,1795
1366.1415,1366.151,14296,21136,Nyctalus noctula,0.019,0.035,-1,Echolocation,/mnt/ubna_data_02_mir/recover-20221013/UBNA_001/20221012_030000.WAV,Telephone Field,recover-20221013,001,1795
1366.1455,1366.1806,68437,80879,Rhinolophus ferrumequinum,0.021,0.022,-1,Echolocation,/mnt/ubna_data_02_mir/recover-20221013/UBNA_001/20221012_030000.WAV,Telephone Field,recover-20221013,001,1795
1366.1465,1366.156,28906,36127,Eptesicus serotinus,0.012,0.029,-1,Echolocation,/mnt/ubna_data_02_mir/recover-20221013/UBNA_001/20221012_030000.WAV,Telephone Field,recover-20221013,001,1795
1366.1715,1366.2146,68437,83532,Rhinolophus ferrumequinum,0.037,0.037,-1,Echolocation,/mnt/ubna_data_02_mir/recover-20221013/UBNA_001/20221012_030000.WAV,Telephone Field,recover-20221013,001,1795
1366.1785,1366.1852,28906,41126,Eptesicus serotinus,0.006,0.023,-1,Echolocation,/mnt/ubna_data_02_mir/recover-20221013/UBNA_001/20221012_030000.WAV,Telephone Field,recover-20221013,001,1795
1366.2045,1366.241,68437,82074,Rhinolophus ferrumequinum,0.022,0.022,-1,Echolocation,/mnt/ubna_data_02_mir/recover-20221013/UBNA_001/20221012_030000.WAV,Telephone Field,recover-20221013,001,1795
1366.2155,1366.2533,68437,81446,Rhinolophus ferrumequinum,0.022,0.022,-1,Echolocation,/mnt/ubna_data_02_mir/recover-20221013/UBNA_001/20221012_030000.WAV,Telephone Field,recover-20221013,001,1795
1366.2165,1366.2237,23750,34928,Plecotus austriacus,0.009,0.023,-1,Echolocation,/mnt/ubna_data_02_mir/recover-20221013/UBNA_001/20221012_030000.WAV,Telephone Field,recover-20221013,001,1795
1366.2265,1366.2632,68437,81776,Rhinolophus ferrumequinum,0.023,0.023,-1,Echolocation,/mnt/ubna_data_02_mir/recover-20221013/UBNA_001/20221012_030000.WAV,Telephone Field,recover-20221013,001,1795
1366.2385,1366.2696,68437,80079,Rhinolophus ferrumequinum,0.033,0.033,-1,Echolocation,/mnt/ubna_data_02_mir/recover-20221013/UBNA_001/20221012_030000.WAV,Telephone Field,recover-20221013,001,1795
1366.2465,1366.2816,68437,81336,Rhinolophus ferrumequinum,0.023,0.023,-1,Echolocation,/mnt/ubna_data_02_mir/recover-20221013/UBNA_001/20221012_030000.WAV,Telephone Field,recover-20221013,001,1795
1366.2485,1366.2589,44375,48125,Pipistrellus pipistrellus,0.028,0.03,-1,Echolocation,/mnt/ubna_data_02_mir/recover-20221013/UBNA_001/20221012_030000.WAV,Telephone Field,recover-20221013,001,1795
1366.2725,1366.3113,68437,82587,Rhinolophus ferrumequinum,0.034,0.034,-1,Echolocation,/mnt/ubna_data_02_mir/recover-20221013/UBNA_001/20221012_030000.WAV,Telephone Field,recover-20221013,001,1795
1366.2855,1366.3255,68437,82524,Rhinolophus ferrumequinum,0.024,0.024,-1,Echolocation,/mnt/ubna_data_02_mir/recover-20221013/UBNA_001/20221012_030000.WAV,Telephone Field,recover-20221013,001,1795
1366.3025,1366.3419,68437,82199,Rhinolophus ferrumequinum,0.023,0.023,-1,Echolocation,/mnt/ubna_data_02_mir/recover-20221013/UBNA_001/20221012_030000.WAV,Telephone Field,recover-20221013,001,1795
1366.3105,1366.3484,68437,82072,Rhinolophus ferrumequinum,0.024,0.024,-1,Echolocation,/mnt/ubna_data_02_mir/recover-20221013/UBNA_001/20221012_030000.WAV,Telephone Field,recover-20221013,001,1795
1366.3195,1366.3561,68437,81510,Rhinolophus ferrumequinum,0.022,0.022,-1,Echolocation,/mnt/ubna_data_02_mir/recover-20221013/UBNA_001/20221012_030000.WAV,Telephone Field,recover-20221013,001,1795
1366.3285,1366.3653,68437,81460,Rhinolophus ferrumequinum,0.022,0.022,-1,Echolocation,/mnt/ubna_data_02_mir/recover-20221013/UBNA_001/20221012_030000.WAV,Telephone Field,recover-20221013,001,1795
1366.3335,1366.3706,68437,82069,Rhinolophus ferrumequinum,0.022,0.022,-1,Echolocation,/mnt/ubna_data_02_mir/recover-20221013/UBNA_001/20221012_030000.WAV,Telephone Field,recover-20221013,001,1795
1366.3405,1366.35,47812,52464,Pipistrellus pipistrellus,0.039,0.041,-1,Echolocation,/mnt/ubna_data_02_mir/recover-20221013/UBNA_001/20221012_030000.WAV,Telephone Field,recover-20221013,001,1795
1366.3515,1366.3927,68437,83165,Rhinolophus ferrumequinum,0.023,0.023,-1,Echolocation,/mnt/ubna_data_02_mir/recover-20221013/UBNA_001/20221012_030000.WAV,Telephone Field,recover-20221013,001,1795
1366.3545,1366.3615,28046,41971,Eptesicus serotinus,0.007,0.025,-1,Echolocation,/mnt/ubna_data_02_mir/recover-20221013/UBNA_001/20221012_030000.WAV,Telephone Field,recover-20221013,001,1795
1366.3695,1366.3772,28906,38542,Eptesicus serotinus,0.007,0.022,-1,Echolocation,/mnt/ubna_data_02_mir/recover-20221013/UBNA_001/20221012_030000.WAV,Telephone Field,recover-20221013,001,1795
1366.3805,1366.4167,68437,81858,Rhinolophus ferrumequinum,0.022,0.022,-1,Echolocation,/mnt/ubna_data_02_mir/recover-20221013/UBNA_001/20221012_030000.WAV,Telephone Field,recover-20221013,001,1795
1366.4085,1366.4458,68437,81753,Rhinolophus ferrumequinum,0.031,0.031,-1,Echolocation,/mnt/ubna_data_02_mir/recover-20221013/UBNA_001/20221012_030000.WAV,Telephone Field,recover-20221013,001,1795
1366.4755,1366.4839,44375,49693,Pipistrellus pipistrellus,0.021,0.025,-1,Echolocation,/mnt/ubna_data_02_mir/recover-20221013/UBNA_001/20221012_030000.WAV,Telephone Field,recover-20221013,001,1795
1366.4845,1366.5272,68437,83066,Rhinolophus ferrumequinum,0.048,0.048,-1,Echolocation,/mnt/ubna_data_02_mir/recover-20221013/UBNA_001/20221012_030000.WAV,Telephone Field,recover-20221013,001,1795
1366.5205,1366.5592,68437,81596,Rhinolophus ferrumequinum,0.024,0.024,-1,Echolocation,/mnt/ubna_data_02_mir/recover-20221013/UBNA_001/20221012_030000.WAV,Telephone Field,recover-20221013,001,1795
1366.5415,1366.579,68437,81841,Rhinolophus ferrumequinum,0.027,0.027,-1,Echolocation,/mnt/ubna_data_02_mir/recover-20221013/UBNA_001/20221012_030000.WAV,Telephone Field,recover-20221013,001,1795
1366.5735,1366.611,68437,81273,Rhinolophus ferrumequinum,0.023,0.023,-1,Echolocation,/mnt/ubna_data_02_mir/recover-20221013/UBNA_001/20221012_030000.WAV,Telephone Field,recover-20221013,001,1795
1366.5995,1366.611,22890,27454,Nyctalus leisleri,0.02,0.037,-1,Echolocation,/mnt/ubna_data_02_mir/recover-20221013/UBNA_001/20221012_030000.WAV,Telephone Field,recover-20221013,001,1795
1366.6245,1366.6658,68437,82767,Rhinolophus ferrumequinum,0.029,0.029,-1,Echolocation,/mnt/ubna_data_02_mir/recover-20221013/UBNA_001/20221012_030000.WAV,Telephone Field,recover-20221013,001,1795
1366.6905,1366.6981,28906,38660,Eptesicus serotinus,0.006,0.022,-1,Echolocation,/mnt/ubna_data_02_mir/recover-20221013/UBNA_001/20221012_030000.WAV,Telephone Field,recover-20221013,001,1795
1366.7055,1366.7435,68437,81752,Rhinolophus ferrumequinum,0.021,0.021,-1,Echolocation,/mnt/ubna_data_02_mir/recover-20221013/UBNA_001/20221012_030000.WAV,Telephone Field,recover-20221013,001,1795
1366.7105,1366.7469,68437,81683,Rhinolophus ferrumequinum,0.022,0.022,-1,Echolocation,/mnt/ubna_data_02_mir/recover-20221013/UBNA_001/20221012_030000.WAV,Telephone Field,recover-20221013,001,1795
1366.7365,1366.7797,68437,83182,Rhinolophus ferrumequinum,0.028,0.028,-1,Echolocation,/mnt/ubna_data_02_mir/recover-20221013/UBNA_001/20221012_030000.WAV,Telephone Field,recover-20221013,001,1795
1366.7365,1366.7435,28046,42637,Eptesicus serotinus,0.006,0.022,-1,Echolocation,/mnt/ubna_data_02_mir/recover-20221013/UBNA_001/20221012_030000.WAV,Telephone Field,recover-20221013,001,1795
1366.7445,1366.7511,24609,34098,Plecotus austriacus,0.009,0.023,-1,Echolocation,/mnt/ubna_data_02_mir/recover-20221013/UBNA_001/20221012_030000.WAV,Telephone Field,recover-20221013,001,1795
1366.7615,1366.8022,68437,82489,Rhinolophus ferrumequinum,0.022,0.022,-1,Echolocation,/mnt/ubna_data_02_mir/recover-20221013/UBNA_001/20221012_030000.WAV,Telephone Field,recover-20221013,001,1795
1366.8155,1366.8533,68437,81520,Rhinolophus ferrumequinum,0.023,0.023,-1,Echolocation,/mnt/ubna_data_02_mir/recover-20221013/UBNA_001/20221012_030000.WAV,Telephone Field,recover-20221013,001,1795
1366.8295,1366.866,68437,81346,Rhinolophus ferrumequinum,0.029,0.029,-1,Echolocation,/mnt/ubna_data_02_mir/recover-20221013/UBNA_001/20221012_030000.WAV,Telephone Field,recover-20221013,001,1795
1366.8475,1366.8898,68437,82852,Rhinolophus ferrumequinum,0.027,0.028,-1,Echolocation,/mnt/ubna_data_02_mir/recover-20221013/UBNA_001/20221012_030000.WAV,Telephone Field,recover-20221013,001,1795
1366.8565,1366.8969,68437,82946,Rhinolophus ferrumequinum,0.025,0.025,-1,Echolocation,/mnt/ubna_data_02_mir/recover-20221013/UBNA_001/20221012_030000.WAV,Telephone Field,recover-20221013,001,1795
1366.8815,1366.9223,68437,82608,Rhinolophus ferrumequinum,0.026,0.026,-1,Echolocation,/mnt/ubna_data_02_mir/recover-20221013/UBNA_001/20221012_030000.WAV,Telephone Field,recover-20221013,001,1795
1366.8965,1366.9377,68437,82593,Rhinolophus ferrumequinum,0.026,0.026,-1,Echolocation,/mnt/ubna_data_02_mir/recover-20221013/UBNA_001/20221012_030000.WAV,Telephone Field,recover-20221013,001,1795
1366.9155,1366.9224,28046,40708,Eptesicus serotinus,0.006,0.024,-1,Echolocation,/mnt/ubna_data_02_mir/recover-20221013/UBNA_001/20221012_030000.WAV,Telephone Field,recover-20221013,001,1795
1366.9345,1366.9718,68437,82608,Rhinolophus ferrumequinum,0.022,0.022,-1,Echolocation,/mnt/ubna_data_02_mir/recover-20221013/UBNA_001/20221012_030000.WAV,Telephone Field,recover-20221013,001,1795
1366.9455,1366.9829,68437,82154,Rhinolophus ferrumequinum,0.022,0.022,-1,Echolocation,/mnt/ubna_data_02_mir/recover-20221013/UBNA_001/20221012_030000.WAV,Telephone Field,recover-20221013,001,1795
1367.0015,1367.0095,28906,39734,Eptesicus serotinus,0.008,0.025,-1,Echolocation,/mnt/ubna_data_02_mir/recover-20221013/UBNA_001/20221012_030000.WAV,Telephone Field,recover-20221013,001,1795
1367.0195,1367.0596,68437,82393,Rhinolophus ferrumequinum,0.026,0.026,-1,Echolocation,/mnt/ubna_data_02_mir/recover-20221013/UBNA_001/20221012_030000.WAV,Telephone Field,recover-20221013,001,1795
1367.0275,1367.0648,68437,82112,Rhinolophus ferrumequinum,0.022,0.022,-1,Echolocation,/mnt/ubna_data_02_mir/recover-20221013/UBNA_001/20221012_030000.WAV,Telephone Field,recover-20221013,001,1795
1367.0365,1367.073,68437,81605,Rhinolophus ferrumequinum,0.022,0.022,-1,Echolocation,/mnt/ubna_data_02_mir/recover-20221013/UBNA_001/20221012_030000.WAV,Telephone Field,recover-20221013,001,1795
1367.0505,1367.0946,68437,83234,Rhinolophus ferrumequinum,0.042,0.042,-1,Echolocation,/mnt/ubna_data_02_mir/recover-20221013/UBNA_001/20221012_030000.WAV,Telephone Field,recover-20221013,001,1795
1367.0565,1367.0668,26328,35707,Eptesicus serotinus,0.012,0.026,-1,Echolocation,/mnt/ubna_data_02_mir/recover-20221013/UBNA_001/20221012_030000.WAV,Telephone Field,recover-20221013,001,1795
1367.0625,1367.0708,38359,44880,Barbastellus barbastellus,0.007,0.023,-1,Echolocation,/mnt/ubna_data_02_mir/recover-20221013/UBNA_001/20221012_030000.WAV,Telephone Field,recover-20221013,001,1795
1367.0815,1367.1197,68437,81702,Rhinolophus ferrumequinum,0.021,0.022,-1,Echolocation,/mnt/ubna_data_02_mir/recover-20221013/UBNA_001/20221012_030000.WAV,Telephone Field,recover-20221013,001,1795
1367.1275,1367.1351,28046,40007,Eptesicus serotinus,0.008,0.023,-1,Echolocation,/mnt/ubna_data_02_mir/recover-20221013/UBNA_001/20221012_030000.WAV,Telephone Field,recover-20221013,001,1795
1367.1445,1367.1554,28906,35824,Eptesicus serotinus,0.014,0.027,-1,Echolocation,/mnt/ubna_data_02_mir/recover-20221013/UBNA_001/20221012_030000.WAV,Telephone Field,recover-20221013,001,1795
1367.1705,1367.2117,68437,82120,Rhinolophus ferrumequinum,0.022,0.022,-1,Echolocation,/mnt/ubna_data_02_mir/recover-20221013/UBNA_001/20221012_030000.WAV,Telephone Field,recover-20221013,001,1795
1367.1945,1367.2314,68437,81978,Rhinolophus ferrumequinum,0.031,0.031,-1,Echolocation,/mnt/ubna_data_02_mir/recover-20221013/UBNA_001/20221012_030000.WAV,Telephone Field,recover-20221013,001,1795
1367.2055,1367.2435,68437,81543,Rhinolophus ferrumequinum,0.022,0.022,-1,Echolocation,/mnt/ubna_data_02_mir/recover-20221013/UBNA_001/20221012_030000.WAV,Telephone Field,recover-20221013,001,1795
1367.2065,1367.2192,22890,27882,Nyctalus leisleri,0.017,0.032,-1,Echolocation,/mnt/ubna_data_02_mir/recover-20221013/UBNA_001/20221012_030000.WAV,Telephone Field,recover-20221013,001,1795
1367.2065,1367.2162,45234,50241,Pipistrellus pipistrellus,0.02,0.022,-1,Echolocation,/mnt/ubna_data_02_mir/recover-20221013/UBNA_001/20221012_030000.WAV,Telephone Field,recover-20221013,001,1795
1367.2195,1367.2609,68437,82895,Rhinolophus ferrumequinum,0.031,0.032,-1,Echolocation,/mnt/ubna_data_02_mir/recover-20221013/UBNA_001/20221012_030000.WAV,Telephone Field,recover-20221013,001,1795
1367.2745,1367.2834,54687,59408,Pipistrellus pygmaeus,0.023,0.024,-1,Echolocation,/mnt/ubna_data_02_mir/recover-20221013/UBNA_001/20221012_030000.WAV,Telephone Field,recover-20221013,001,1795
1367.2765,1367.3151,68437,82272,Rhinolophus ferrumequinum,0.028,0.028,-1,Echolocation,/mnt/ubna_data_02_mir/recover-20221013/UBNA_001/20221012_030000.WAV,Telephone Field,recover-20221013,001,1795
1367.2905,1367.3011,27187,34724,Eptesicus serotinus,0.048,0.081,-1,Echolocation,/mnt/ubna_data_02_mir/recover-20221013/UBNA_001/20221012_030000.WAV,Telephone Field,recover-20221013,001,1795
1367.3205,1367.3324,23750,29054,Nyctalus leisleri,0.011,0.023,-1,Echolocation,/mnt/ubna_data_02_mir/recover-20221013/UBNA_001/20221012_030000.WAV,Telephone Field,recover-20221013,001,1795
1367.3255,1367.3645,68437,82440,Rhinolophus ferrumequinum,0.022,0.022,-1,Echolocation,/mnt/ubna_data_02_mir/recover-20221013/UBNA_001/20221012_030000.WAV,Telephone Field,recover-20221013,001,1795
1367.3405,1367.3587,20312,23411,Nyctalus leisleri,0.019,0.034,-1,Echolocation,/mnt/ubna_data_02_mir/recover-20221013/UBNA_001/20221012_030000.WAV,Telephone Field,recover-20221013,001,1795
1367.3445,1367.3802,68437,81009,Rhinolophus ferrumequinum,0.031,0.031,-1,Echolocation,/mnt/ubna_data_02_mir/recover-20221013/UBNA_001/20221012_030000.WAV,Telephone Field,recover-20221013,001,1795
1367.3665,1367.407,68437,82507,Rhinolophus ferrumequinum,0.025,0.025,-1,Echolocation,/mnt/ubna_data_02_mir/recover-20221013/UBNA_001/20221012_030000.WAV,Telephone Field,recover-20221013,001,1795
1367.3775,1367.386,55546,60140,Pipistrellus pygmaeus,0.02,0.021,-1,Echolocation,/mnt/ubna_data_02_mir/recover-20221013/UBNA_001/20221012_030000.WAV,Telephone Field,recover-20221013,001,1795
1367.3845,1367.3921,27187,39610,Eptesicus serotinus,0.007,0.022,-1,Echolocation,/mnt/ubna_data_02_mir/recover-20221013/UBNA_001/20221012_030000.WAV,Telephone Field,recover-20221013,001,1795
1367.3945,1367.4047,28046,36515,Eptesicus serotinus,0.01,0.023,-1,Echolocation,/mnt/ubna_data_02_mir/recover-20221013/UBNA_001/20221012_030000.WAV,Telephone Field,recover-20221013,001,1795
1367.3965,1367.4372,68437,83083,Rhinolophus ferrumequinum,0.022,0.022,-1,Echolocation,/mnt/ubna_data_02_mir/recover-20221013/UBNA_001/20221012_030000.WAV,Telephone Field,recover-20221013,001,1795
1367.3995,1367.4082,23750,31330,Plecotus austriacus,0.007,0.022,-1,Echolocation,/mnt/ubna_data_02_mir/recover-20221013/UBNA_001/20221012_030000.WAV,Telephone Field,recover-20221013,001,1795
1367.4395,1367.4477,28046,38261,Eptesicus serotinus,0.007,0.022,-1,Echolocation,/mnt/ubna_data_02_mir/recover-20221013/UBNA_001/20221012_030000.WAV,Telephone Field,recover-20221013,001,1795
1367.4535,1367.4929,68437,82213,Rhinolophus ferrumequinum,0.022,0.022,-1,Echolocation,/mnt/ubna_data_02_mir/recover-20221013/UBNA_001/20221012_030000.WAV,Telephone Field,recover-20221013,001,1795
1367.4635,1367.5009,68437,82213,Rhinolophus ferrumequinum,0.025,0.025,-1,Echolocation,/mnt/ubna_data_02_mir/recover-20221013/UBNA_001/20221012_030000.WAV,Telephone Field,recover-20221013,001,1795
1367.4915,1367.5008,28906,37407,Eptesicus serotinus,0.01,0.023,-1,Echolocation,/mnt/ubna_data_02_mir/recover-20221013/UBNA_001/20221012_030000.WAV,Telephone Field,recover-20221013,001,1795
1367.4945,1367.5367,68437,82670,Rhinolophus ferrumequinum,0.029,0.029,-1,Echolocation,/mnt/ubna_data_02_mir/recover-20221013/UBNA_001/20221012_030000.WAV,Telephone Field,recover-20221013,001,1795
1367.5045,1367.5458,68437,82861,Rhinolophus ferrumequinum,0.035,0.035,-1,Echolocation,/mnt/ubna_data_02_mir/recover-20221013/UBNA_001/20221012_030000.WAV,Telephone Field,recover-20221013,001,1795
1367.5215,1367.5344,54687,59493,Pipistrellus pygmaeus,0.019,0.021,-1,Echolocation,/mnt/ubna_data_02_mir/recover-20221013/UBNA_001/20221012_030000.WAV,Telephone Field,recover-20221013,001,1795
1367.5295,1367.5724,68437,83011,Rhinolophus ferrumequinum,0.036,0.036,-1,Echolocation,/mnt/ubna_data_02_mir/recover-20221013/UBNA_001/20221012_030000.WAV,Telephone Field,recover-20221013,001,1795
1367.5345,1367.544,22890,29274,Plecotus austriacus,0.008,0.023,-1,Echolocation,/mnt/ubna_data_02_mir/recover-20221013/UBNA_001/20221012_030000.WAV,Telephone Field,recover-20221013,001,1795
1367.5525,1367.5616,22031,27965,Plecotus austriacus,0.008,0.021,-1,Echolocation,/mnt/ubna_data_02_mir/recover-20221013/UBNA_001/20221012_030000.WAV,Telephone Field,recover-20221013,001,1795
1367.5765,1367.5863,28906,36774,Eptesicus serotinus,0.008,0.022,-1,Echolocation,/mnt/ubna_data_02_mir/recover-20221013/UBNA_001/20221012_030000.WAV,Telephone Field,recover-20221013,001,1795
1367.6035,1367.6461,68437,83091,Rhinolophus ferrumequinum,0.035,0.035,-1,Echolocation,/mnt/ubna_data_02_mir/recover-20221013/UBNA_001/20221012_030000.WAV,Telephone Field,recover-20221013,001,1795
1367.6295,1367.6402,22890,28224,Nyctalus leisleri,0.01,0.023,-1,Echolocation,/mnt/ubna_data_02_mir/recover-20221013/UBNA_001/20221012_030000.WAV,Telephone Field,recover-20221013,001,1795
1367.6385,1367.6435,38359,53768,Myotis bechsteinii,0.005,0.024,-1,Echolocation,/mnt/ubna_data_02_mir/recover-20221013/UBNA_001/20221012_030000.WAV,Telephone Field,recover-20221013,001,1795
1367.6395,1367.6467,26328,40033,Eptesicus serotinus,0.006,0.023,-1,Echolocation,/mnt/ubna_data_02_mir/recover-20221013/UBNA_001/20221012_030000.WAV,Telephone Field,recover-20221013,001,1795
1367.6855,1367.7284,68437,83097,Rhinolophus ferrumequinum,0.044,0.044,-1,Echolocation,/mnt/ubna_data_02_mir/recover-20221013/UBNA_001/20221012_030000.WAV,Telephone Field,recover-20221013,001,1795
1367.7015,1367.7121,23750,29452,Nyctalus leisleri,0.009,0.021,-1,Echolocation,/mnt/ubna_data_02_mir/recover-20221013/UBNA_001/20221012_030000.WAV,Telephone Field,recover-20221013,001,1795
1367.7145,1367.7571,68437,83170,Rhinolophus ferrumequinum,0.032,0.032,-1,Echolocation,/mnt/ubna_data_02_mir/recover-20221013/UBNA_001/20221012_030000.WAV,Telephone Field,recover-20221013,001,1795
1367.7185,1367.7275,48671,53651,Pipistrellus pipistrellus,0.023,0.024,-1,Echolocation,/mnt/ubna_data_02_mir/recover-20221013/UBNA_001/20221012_030000.WAV,Telephone Field,recover-20221013,001,1795
1367.7195,1367.7282,22890,29938,Plecotus austriacus,0.009,0.021,-1,Echolocation,/mnt/ubna_data_02_mir/recover-20221013/UBNA_001/20221012_030000.WAV,Telephone Field,recover-20221013,001,1795
1367.7235,1367.7638,68437,82769,Rhinolophus ferrumequinum,0.026,0.026,-1,Echolocation,/mnt/ubna_data_02_mir/recover-20221013/UBNA_001/20221012_030000.WAV,Telephone Field,recover-20221013,001,1795
1367.7315,1367.7727,68437,83094,Rhinolophus ferrumequinum,0.039,0.039,-1,Echolocation,/mnt/ubna_data_02_mir/recover-20221013/UBNA_001/20221012_030000.WAV,Telephone Field,recover-20221013,001,1795
1367.7485,1367.7566,24609,33039,Plecotus austriacus,0.007,0.023,-1,Echolocation,/mnt/ubna_data_02_mir/recover-20221013/UBNA_001/20221012_030000.WAV,Telephone Field,recover-20221013,001,1795
1367.7615,1367.8002,68437,81967,Rhinolophus ferrumequinum,0.024,0.024,-1,Echolocation,/mnt/ubna_data_02_mir/recover-20221013/UBNA_001/20221012_030000.WAV,Telephone Field,recover-20221013,001,1795
1367.7685,1367.7794,23750,28582,Nyctalus leisleri,0.017,0.034,-1,Echolocation,/mnt/ubna_data_02_mir/recover-20221013/UBNA_001/20221012_030000.WAV,Telephone Field,recover-20221013,001,1795
1367.8045,1367.8144,28906,36366,Eptesicus serotinus,0.01,0.022,-1,Echolocation,/mnt/ubna_data_02_mir/recover-20221013/UBNA_001/20221012_030000.WAV,Telephone Field,recover-20221013,001,1795
1367.8125,1367.8533,68437,82176,Rhinolophus ferrumequinum,0.038,0.038,-1,Echolocation,/mnt/ubna_data_02_mir/recover-20221013/UBNA_001/20221012_030000.WAV,Telephone Field,recover-20221013,001,1795
1367.8235,1367.8659,68437,82786,Rhinolophus ferrumequinum,0.025,0.025,-1,Echolocation,/mnt/ubna_data_02_mir/recover-20221013/UBNA_001/20221012_030000.WAV,Telephone Field,recover-20221013,001,1795
1367.8335,1367.8434,14296,21233,Nyctalus noctula,0.016,0.03,-1,Echolocation,/mnt/ubna_data_02_mir/recover-20221013/UBNA_001/20221012_030000.WAV,Telephone Field,recover-20221013,001,1795
1367.8565,1367.8668,22890,28327,Nyctalus leisleri,0.01,0.022,-1,Echolocation,/mnt/ubna_data_02_mir/recover-20221013/UBNA_001/20221012_030000.WAV,Telephone Field,recover-20221013,001,1795
1367.8705,1367.9083,68437,81458,Rhinolophus ferrumequinum,0.022,0.022,-1,Echolocation,/mnt/ubna_data_02_mir/recover-20221013/UBNA_001/20221012_030000.WAV,Telephone Field,recover-20221013,001,1795
1367.8955,1367.9359,68437,82513,Rhinolophus ferrumequinum,0.027,0.027,-1,Echolocation,/mnt/ubna_data_02_mir/recover-20221013/UBNA_001/20221012_030000.WAV,Telephone Field,recover-20221013,001,1795
1367.9105,1367.9498,68437,82051,Rhinolophus ferrumequinum,0.023,0.023,-1,Echolocation,/mnt/ubna_data_02_mir/recover-20221013/UBNA_001/20221012_030000.WAV,Telephone Field,recover-20221013,001,1795
1367.9115,1367.9184,28906,40649,Eptesicus serotinus,0.01,0.037,-1,Echolocation,/mnt/ubna_data_02_mir/recover-20221013/UBNA_001/20221012_030000.WAV,Telephone Field,recover-20221013,001,1795
1367.9325,1367.9733,68437,82494,Rhinolophus ferrumequinum,0.023,0.023,-1,Echolocation,/mnt/ubna_data_02_mir/recover-20221013/UBNA_001/20221012_030000.WAV,Telephone Field,recover-20221013,001,1795
1367.9455,1367.9856,68437,82248,Rhinolophus ferrumequinum,0.025,0.025,-1,Echolocation,/mnt/ubna_data_02_mir/recover-20221013/UBNA_001/20221012_030000.WAV,Telephone Field,recover-20221013,001,1795
1367.9535,1367.9916,68437,81335,Rhinolophus ferrumequinum,0.027,0.027,-1,Echolocation,/mnt/ubna_data_02_mir/recover-20221013/UBNA_001/20221012_030000.WAV,Telephone Field,recover-20221013,001,1795
1367.9635,1367.9717,28046,37562,Eptesicus serotinus,0.011,0.026,-1,Echolocation,/mnt/ubna_data_02_mir/recover-20221013/UBNA_001/20221012_030000.WAV,Telephone Field,recover-20221013,001,1795
1368.0015,1368.0364,68437,80185,Rhinolophus ferrumequinum,0.027,0.028,-1,Echolocation,/mnt/ubna_data_02_mir/recover-20221013/UBNA_001/20221012_030000.WAV,Telephone Field,recover-20221013,001,1795
1368.0015,1368.0133,47812,53606,Pipistrellus pipistrellus,0.018,0.025,-1,Echolocation,/mnt/ubna_data_02_mir/recover-20221013/UBNA_001/20221012_030000.WAV,Telephone Field,recover-20221013,001,1795
1368.0155,1368.0569,68437,83163,Rhinolophus ferrumequinum,0.026,0.026,-1,Echolocation,/mnt/ubna_data_02_mir/recover-20221013/UBNA_001/20221012_030000.WAV,Telephone Field,recover-20221013,001,1795
1368.0405,1368.0768,68437,81289,Rhinolophus ferrumequinum,0.021,0.021,-1,Echolocation,/mnt/ubna_data_02_mir/recover-20221013/UBNA_001/20221012_030000.WAV,Telephone Field,recover-20221013,001,1795
1368.0515,1368.0573,50390,56888,Pipistrellus pipistrellus,0.025,0.028,-1,Echolocation,/mnt/ubna_data_02_mir/recover-20221013/UBNA_001/20221012_030000.WAV,Telephone Field,recover-20221013,001,1795
1368.0625,1368.0694,47812,55982,Pipistrellus pipistrellus,0.018,0.022,-1,Echolocation,/mnt/ubna_data_02_mir/recover-20221013/UBNA_001/20221012_030000.WAV,Telephone Field,recover-20221013,001,1795
1368.0705,1368.0786,28906,39052,Eptesicus serotinus,0.008,0.023,-1,Echolocation,/mnt/ubna_data_02_mir/recover-20221013/UBNA_001/20221012_030000.WAV,Telephone Field,recover-20221013,001,1795
1368.0755,1368.1115,68437,81350,Rhinolophus ferrumequinum,0.025,0.025,-1,Echolocation,/mnt/ubna_data_02_mir/recover-20221013/UBNA_001/20221012_030000.WAV,Telephone Field,recover-20221013,001,1795
1368.0835,1368.1207,68437,82292,Rhinolophus ferrumequinum,0.024,0.024,-1,Echolocation,/mnt/ubna_data_02_mir/recover-20221013/UBNA_001/20221012_030000.WAV,Telephone Field,recover-20221013,001,1795
1368.0995,1368.1081,27187,40192,Eptesicus serotinus,0.008,0.023,-1,Echolocation,/mnt/ubna_data_02_mir/recover-20221013/UBNA_001/20221012_030000.WAV,Telephone Field,recover-20221013,001,1795
1368.1145,1368.1488,68437,80637,Rhinolophus ferrumequinum,0.021,0.022,-1,Echolocation,/mnt/ubna_data_02_mir/recover-20221013/UBNA_001/20221012_030000.WAV,Telephone Field,recover-20221013,001,1795
1368.1565,1368.1955,68437,81883,Rhinolophus ferrumequinum,0.022,0.022,-1,Echolocation,/mnt/ubna_data_02_mir/recover-20221013/UBNA_001/20221012_030000.WAV,Telephone Field,recover-20221013,001,1795
1368.1805,1368.1911,28906,37151,Eptesicus serotinus,0.011,0.025,-1,Echolocation,/mnt/ubna_data_02_mir/recover-20221013/UBNA_001/20221012_030000.WAV,Telephone Field,recover-20221013,001,1795
1368.1925,1368.2317,68437,82111,Rhinolophus ferrumequinum,0.028,0.028,-1,Echolocation,/mnt/ubna_data_02_mir/recover-20221013/UBNA_001/20221012_030000.WAV,Telephone Field,recover-20221013,001,1795
1368.2085,1368.2182,28046,36721,Eptesicus serotinus,0.009,0.022,-1,Echolocation,/mnt/ubna_data_02_mir/recover-20221013/UBNA_001/20221012_030000.WAV,Telephone Field,recover-20221013,001,1795
1368.2375,1368.2773,68437,82467,Rhinolophus ferrumequinum,0.023,0.023,-1,Echolocation,/mnt/ubna_data_02_mir/recover-20221013/UBNA_001/20221012_030000.WAV,Telephone Field,recover-20221013,001,1795
1368.2625,1368.3009,68437,82098,Rhinolophus ferrumequinum,0.022,0.022,-1,Echolocation,/mnt/ubna_data_02_mir/recover-20221013/UBNA_001/20221012_030000.WAV,Telephone Field,recover-20221013,001,1795
1368.2635,1368.2709,28046,40635,Eptesicus serotinus,0.007,0.022,-1,Echolocation,/mnt/ubna_data_02_mir/recover-20221013/UBNA_001/20221012_030000.WAV,Telephone Field,recover-20221013,001,1795
1368.2755,1368.3172,68437,83342,Rhinolophus ferrumequinum,0.031,0.031,-1,Echolocation,/mnt/ubna_data_02_mir/recover-20221013/UBNA_001/20221012_030000.WAV,Telephone Field,recover-20221013,001,1795
1368.2835,1368.3282,68437,83563,Rhinolophus ferrumequinum,0.028,0.028,-1,Echolocation,/mnt/ubna_data_02_mir/recover-20221013/UBNA_001/20221012_030000.WAV,Telephone Field,recover-20221013,001,1795
1368.3375,1368.3787,68437,82720,Rhinolophus ferrumequinum,0.029,0.029,-1,Echolocation,/mnt/ubna_data_02_mir/recover-20221013/UBNA_001/20221012_030000.WAV,Telephone Field,recover-20221013,001,1795
1368.4285,1368.4365,40937,50864,Pipistrellus nathusii,0.007,0.022,-1,Echolocation,/mnt/ubna_data_02_mir/recover-20221013/UBNA_001/20221012_030000.WAV,Telephone Field,recover-20221013,001,1795
1368.4335,1368.4684,68437,81369,Rhinolophus ferrumequinum,0.022,0.022,-1,Echolocation,/mnt/ubna_data_02_mir/recover-20221013/UBNA_001/20221012_030000.WAV,Telephone Field,recover-20221013,001,1795
1368.4785,1368.5168,68437,82165,Rhinolophus ferrumequinum,0.026,0.026,-1,Echolocation,/mnt/ubna_data_02_mir/recover-20221013/UBNA_001/20221012_030000.WAV,Telephone Field,recover-20221013,001,1795
1368.4865,1368.497,26328,33278,Eptesicus serotinus,0.011,0.024,-1,Echolocation,/mnt/ubna_data_02_mir/recover-20221013/UBNA_001/20221012_030000.WAV,Telephone Field,recover-20221013,001,1795
1368.5475,1368.5873,68437,82438,Rhinolophus ferrumequinum,0.021,0.021,-1,Echolocation,/mnt/ubna_data_02_mir/recover-20221013/UBNA_001/20221012_030000.WAV,Telephone Field,recover-20221013,001,1795
1368.5565,1368.5965,68437,82557,Rhinolophus ferrumequinum,0.023,0.023,-1,Echolocation,/mnt/ubna_data_02_mir/recover-20221013/UBNA_001/20221012_030000.WAV,Telephone Field,recover-20221013,001,1795
1368.5795,1368.6192,68437,82501,Rhinolophus ferrumequinum,0.022,0.022,-1,Echolocation,/mnt/ubna_data_02_mir/recover-20221013/UBNA_001/20221012_030000.WAV,Telephone Field,recover-20221013,001,1795
1368.5885,1368.6279,68437,82187,Rhinolophus ferrumequinum,0.022,0.022,-1,Echolocation,/mnt/ubna_data_02_mir/recover-20221013/UBNA_001/20221012_030000.WAV,Telephone Field,recover-20221013,001,1795
1368.5965,1368.608,14296,19795,Nyctalus noctula,0.018,0.03,-1,Echolocation,/mnt/ubna_data_02_mir/recover-20221013/UBNA_001/20221012_030000.WAV,Telephone Field,recover-20221013,001,1795
1368.6215,1368.66,68437,82176,Rhinolophus ferrumequinum,0.022,0.022,-1,Echolocation,/mnt/ubna_data_02_mir/recover-20221013/UBNA_001/20221012_030000.WAV,Telephone Field,recover-20221013,001,1795
1368.6295,1368.6699,68437,82339,Rhinolophus ferrumequinum,0.021,0.021,-1,Echolocation,/mnt/ubna_data_02_mir/recover-20221013/UBNA_001/20221012_030000.WAV,Telephone Field,recover-20221013,001,1795
1368.6715,1368.7124,68437,82596,Rhinolophus ferrumequinum,0.023,0.023,-1,Echolocation,/mnt/ubna_data_02_mir/recover-20221013/UBNA_001/20221012_030000.WAV,Telephone Field,recover-20221013,001,1795
1368.6765,1368.6879,32343,37696,Eptesicus serotinus,0.04,0.093,-1,Echolocation,/mnt/ubna_data_02_mir/recover-20221013/UBNA_001/20221012_030000.WAV,Telephone Field,recover-20221013,001,1795
1368.6905,1368.7306,68437,81858,Rhinolophus ferrumequinum,0.023,0.023,-1,Echolocation,/mnt/ubna_data_02_mir/recover-20221013/UBNA_001/20221012_030000.WAV,Telephone Field,recover-20221013,001,1795
1368.7005,1368.7093,28906,41573,Eptesicus serotinus,0.009,0.022,-1,Echolocation,/mnt/ubna_data_02_mir/recover-20221013/UBNA_001/20221012_030000.WAV,Telephone Field,recover-20221013,001,1795
1368.7245,1368.7658,68437,82491,Rhinolophus ferrumequinum,0.022,0.022,-1,Echolocation,/mnt/ubna_data_02_mir/recover-20221013/UBNA_001/20221012_030000.WAV,Telephone Field,recover-20221013,001,1795
1368.7425,1368.7816,68437,82229,Rhinolophus ferrumequinum,0.022,0.022,-1,Echolocation,/mnt/ubna_data_02_mir/recover-20221013/UBNA_001/20221012_030000.WAV,Telephone Field,recover-20221013,001,1795
1368.7675,1368.8046,68437,81531,Rhinolophus ferrumequinum,0.022,0.022,-1,Echolocation,/mnt/ubna_data_02_mir/recover-20221013/UBNA_001/20221012_030000.WAV,Telephone Field,recover-20221013,001,1795
1368.7775,1368.8162,68437,82131,Rhinolophus ferrumequinum,0.021,0.021,-1,Echolocation,/mnt/ubna_data_02_mir/recover-20221013/UBNA_001/20221012_030000.WAV,Telephone Field,recover-20221013,001,1795
1368.7965,1368.8312,68437,81070,Rhinolophus ferrumequinum,0.022,0.022,-1,Echolocation,/mnt/ubna_data_02_mir/recover-20221013/UBNA_001/20221012_030000.WAV,Telephone Field,recover-20221013,001,1795
1368.8395,1368.8801,68437,83225,Rhinolophus ferrumequinum,0.025,0.025,-1,Echolocation,/mnt/ubna_data_02_mir/recover-20221013/UBNA_001/20221012_030000.WAV,Telephone Field,recover-20221013,001,1795
1368.9015,1368.9443,68437,83254,Rhinolophus ferrumequinum,0.039,0.039,-1,Echolocation,/mnt/ubna_data_02_mir/recover-20221013/UBNA_001/20221012_030000.WAV,Telephone Field,recover-20221013,001,1795
1368.9705,1368.9778,25468,38129,Eptesicus serotinus,0.005,0.022,-1,Echolocation,/mnt/ubna_data_02_mir/recover-20221013/UBNA_001/20221012_030000.WAV,Telephone Field,recover-20221013,001,1795
1368.9705,1369.0086000000001,68437,82220,Rhinolophus ferrumequinum,0.022,0.022,-1,Echolocation,/mnt/ubna_data_02_mir/recover-20221013/UBNA_001/20221012_030000.WAV,Telephone Field,recover-20221013,001,1795
1368.9835,1368.9939,26328,34341,Eptesicus serotinus,0.011,0.022,-1,Echolocation,/mnt/ubna_data_02_mir/recover-20221013/UBNA_001/20221012_030000.WAV,Telephone Field,recover-20221013,001,1795
1368.9855,1369.0234,68437,82123,Rhinolophus ferrumequinum,0.023,0.023,-1,Echolocation,/mnt/ubna_data_02_mir/recover-20221013/UBNA_001/20221012_030000.WAV,Telephone Field,recover-20221013,001,1795
1369.0115,1369.0497,68437,82188,Rhinolophus ferrumequinum,0.024,0.024,-1,Echolocation,/mnt/ubna_data_02_mir/recover-20221013/UBNA_001/20221012_030000.WAV,Telephone Field,recover-20221013,001,1795
1369.0385,1369.0766,68437,82745,Rhinolophus ferrumequinum,0.024,0.024,-1,Echolocation,/mnt/ubna_data_02_mir/recover-20221013/UBNA_001/20221012_030000.WAV,Telephone Field,recover-20221013,001,1795
1369.1035,1369.1401,68437,82284,Rhinolophus ferrumequinum,0.022,0.022,-1,Echolocation,/mnt/ubna_data_02_mir/recover-20221013/UBNA_001/20221012_030000.WAV,Telephone Field,recover-20221013,001,1795
1369.1285,1369.1391,24609,31337,Nyctalus leisleri,0.008,0.024,-1,Echolocation,/mnt/ubna_data_02_mir/recover-20221013/UBNA_001/20221012_030000.WAV,Telephone Field,recover-20221013,001,1795
1369.1315,1369.1765,68437,83240,Rhinolophus ferrumequinum,0.043,0.043,-1,Echolocation,/mnt/ubna_data_02_mir/recover-20221013/UBNA_001/20221012_030000.WAV,Telephone Field,recover-20221013,001,1795
1369.1575,1369.1928,68437,81257,Rhinolophus ferrumequinum,0.024,0.024,-1,Echolocation,/mnt/ubna_data_02_mir/recover-20221013/UBNA_001/20221012_030000.WAV,Telephone Field,recover-20221013,001,1795
1369.1945,1369.2352,68437,83196,Rhinolophus ferrumequinum,0.027,0.027,-1,Echolocation,/mnt/ubna_data_02_mir/recover-20221013/UBNA_001/20221012_030000.WAV,Telephone Field,recover-20221013,001,1795
1369.2635,1369.3027,68437,82214,Rhinolophus ferrumequinum,0.023,0.023,-1,Echolocation,/mnt/ubna_data_02_mir/recover-20221013/UBNA_001/20221012_030000.WAV,Telephone Field,recover-20221013,001,1795
1369.2885,1369.327,68437,81600,Rhinolophus ferrumequinum,0.022,0.022,-1,Echolocation,/mnt/ubna_data_02_mir/recover-20221013/UBNA_001/20221012_030000.WAV,Telephone Field,recover-20221013,001,1795
1369.2895,1369.2984,26328,39911,Eptesicus serotinus,0.01,0.023,-1,Echolocation,/mnt/ubna_data_02_mir/recover-20221013/UBNA_001/20221012_030000.WAV,Telephone Field,recover-20221013,001,1795
1369.3095,1369.3443,68437,81801,Rhinolophus ferrumequinum,0.021,0.021,-1,Echolocation,/mnt/ubna_data_02_mir/recover-20221013/UBNA_001/20221012_030000.WAV,Telephone Field,recover-20221013,001,1795
1369.3225,1369.3603,68437,82151,Rhinolophus ferrumequinum,0.021,0.022,-1,Echolocation,/mnt/ubna_data_02_mir/recover-20221013/UBNA_001/20221012_030000.WAV,Telephone Field,recover-20221013,001,1795
1369.3535,1369.3634,28906,39007,Eptesicus serotinus,0.009,0.024,-1,Echolocation,/mnt/ubna_data_02_mir/recover-20221013/UBNA_001/20221012_030000.WAV,Telephone Field,recover-20221013,001,1795
1369.3675,1369.4033,68437,81863,Rhinolophus ferrumequinum,0.023,0.023,-1,Echolocation,/mnt/ubna_data_02_mir/recover-20221013/UBNA_001/20221012_030000.WAV,Telephone Field,recover-20221013,001,1795
1369.3715,1369.3816,22890,28617,Nyctalus leisleri,0.009,0.022,-1,Echolocation,/mnt/ubna_data_02_mir/recover-20221013/UBNA_001/20221012_030000.WAV,Telephone Field,recover-20221013,001,1795
1369.3765,1369.3842,50390,56676,Pipistrellus pipistrellus,0.029,0.033,-1,Echolocation,/mnt/ubna_data_02_mir/recover-20221013/UBNA_001/20221012_030000.WAV,Telephone Field,recover-20221013,001,1795
1369.4115,1369.4207,25468,33886,Eptesicus serotinus,0.009,0.023,-1,Echolocation,/mnt/ubna_data_02_mir/recover-20221013/UBNA_001/20221012_030000.WAV,Telephone Field,recover-20221013,001,1795
1369.4125,1369.4499,68437,82842,Rhinolophus ferrumequinum,0.027,0.027,-1,Echolocation,/mnt/ubna_data_02_mir/recover-20221013/UBNA_001/20221012_030000.WAV,Telephone Field,recover-20221013,001,1795
1369.4285,1369.4653,68437,81759,Rhinolophus ferrumequinum,0.024,0.024,-1,Echolocation,/mnt/ubna_data_02_mir/recover-20221013/UBNA_001/20221012_030000.WAV,Telephone Field,recover-20221013,001,1795
1369.4525,1369.4741,18593,21792,Nyctalus noctula,0.042,0.067,-1,Echolocation,/mnt/ubna_data_02_mir/recover-20221013/UBNA_001/20221012_030000.WAV,Telephone Field,recover-20221013,001,1795
1369.4845,1369.4947,49531,53396,Pipistrellus pipistrellus,0.018,0.022,-1,Echolocation,/mnt/ubna_data_02_mir/recover-20221013/UBNA_001/20221012_030000.WAV,Telephone Field,recover-20221013,001,1795
1369.4855,1369.5244,68437,82044,Rhinolophus ferrumequinum,0.033,0.033,-1,Echolocation,/mnt/ubna_data_02_mir/recover-20221013/UBNA_001/20221012_030000.WAV,Telephone Field,recover-20221013,001,1795
1369.4975,1369.5123,22031,25310,Nyctalus leisleri,0.016,0.024,-1,Echolocation,/mnt/ubna_data_02_mir/recover-20221013/UBNA_001/20221012_030000.WAV,Telephone Field,recover-20221013,001,1795
1369.5445,1369.5503,51250,56790,Pipistrellus pipistrellus,0.02,0.023,-1,Echolocation,/mnt/ubna_data_02_mir/recover-20221013/UBNA_001/20221012_030000.WAV,Telephone Field,recover-20221013,001,1795
1369.5635,1369.5723,28906,39494,Eptesicus serotinus,0.011,0.029,-1,Echolocation,/mnt/ubna_data_02_mir/recover-20221013/UBNA_001/20221012_030000.WAV,Telephone Field,recover-20221013,001,1795
1369.5955,1369.6371,68437,82388,Rhinolophus ferrumequinum,0.03,0.03,-1,Echolocation,/mnt/ubna_data_02_mir/recover-20221013/UBNA_001/20221012_030000.WAV,Telephone Field,recover-20221013,001,1795
1369.6395,1369.6739,68437,81241,Rhinolophus ferrumequinum,0.023,0.023,-1,Echolocation,/mnt/ubna_data_02_mir/recover-20221013/UBNA_001/20221012_030000.WAV,Telephone Field,recover-20221013,001,1795
1369.6695,1369.7042,68437,81499,Rhinolophus ferrumequinum,0.027,0.027,-1,Echolocation,/mnt/ubna_data_02_mir/recover-20221013/UBNA_001/20221012_030000.WAV,Telephone Field,recover-20221013,001,1795
1369.6725,1369.6815,28046,38863,Eptesicus serotinus,0.009,0.022,-1,Echolocation,/mnt/ubna_data_02_mir/recover-20221013/UBNA_001/20221012_030000.WAV,Telephone Field,recover-20221013,001,1795
1369.7285,1369.7687,68437,82307,Rhinolophus ferrumequinum,0.024,0.024,-1,Echolocation,/mnt/ubna_data_02_mir/recover-20221013/UBNA_001/20221012_030000.WAV,Telephone Field,recover-20221013,001,1795
1369.7395,1369.7789,68437,82564,Rhinolophus ferrumequinum,0.025,0.025,-1,Echolocation,/mnt/ubna_data_02_mir/recover-20221013/UBNA_001/20221012_030000.WAV,Telephone Field,recover-20221013,001,1795
1369.7565,1369.7647,27187,36808,Eptesicus serotinus,0.007,0.021,-1,Echolocation,/mnt/ubna_data_02_mir/recover-20221013/UBNA_001/20221012_030000.WAV,Telephone Field,recover-20221013,001,1795
1369.8095,1369.8483,68437,81339,Rhinolophus ferrumequinum,0.026,0.026,-1,Echolocation,/mnt/ubna_data_02_mir/recover-20221013/UBNA_001/20221012_030000.WAV,Telephone Field,recover-20221013,001,1795
1369.8345,1369.8781,68437,83234,Rhinolophus ferrumequinum,0.041,0.042,-1,Echolocation,/mnt/ubna_data_02_mir/recover-20221013/UBNA_001/20221012_030000.WAV,Telephone Field,recover-20221013,001,1795
1369.8755,1369.9135,68437,81494,Rhinolophus ferrumequinum,0.023,0.023,-1,Echolocation,/mnt/ubna_data_02_mir/recover-20221013/UBNA_001/20221012_030000.WAV,Telephone Field,recover-20221013,001,1795
1369.8855,1369.9253,68437,81675,Rhinolophus ferrumequinum,0.021,0.021,-1,Echolocation,/mnt/ubna_data_02_mir/recover-20221013/UBNA_001/20221012_030000.WAV,Telephone Field,recover-20221013,001,1795
1369.8955,1369.9055,26328,33915,Eptesicus serotinus,0.011,0.026,-1,Echolocation,/mnt/ubna_data_02_mir/recover-20221013/UBNA_001/20221012_030000.WAV,Telephone Field,recover-20221013,001,1795
1369.9005,1369.9352,68437,81759,Rhinolophus ferrumequinum,0.021,0.021,-1,Echolocation,/mnt/ubna_data_02_mir/recover-20221013/UBNA_001/20221012_030000.WAV,Telephone Field,recover-20221013,001,1795
1369.9195,1369.9538,68437,81215,Rhinolophus ferrumequinum,0.025,0.025,-1,Echolocation,/mnt/ubna_data_02_mir/recover-20221013/UBNA_001/20221012_030000.WAV,Telephone Field,recover-20221013,001,1795
1369.9285,1369.9655,68437,81904,Rhinolophus ferrumequinum,0.022,0.022,-1,Echolocation,/mnt/ubna_data_02_mir/recover-20221013/UBNA_001/20221012_030000.WAV,Telephone Field,recover-20221013,001,1795
1369.9545,1369.9651,26328,32502,Eptesicus serotinus,0.018,0.038,-1,Echolocation,/mnt/ubna_data_02_mir/recover-20221013/UBNA_001/20221012_030000.WAV,Telephone Field,recover-20221013,001,1795
1369.9625,1369.9993,68437,81810,Rhinolophus ferrumequinum,0.028,0.028,-1,Echolocation,/mnt/ubna_data_02_mir/recover-20221013/UBNA_001/20221012_030000.WAV,Telephone Field,recover-20221013,001,1795
1370.0015,1370.0354,68437,80311,Rhinolophus ferrumequinum,0.035,0.035,-1,Echolocation,/mnt/ubna_data_02_mir/recover-20221013/UBNA_001/20221012_030000.WAV,Telephone Field,recover-20221013,001,1795
1370.0015,1370.0107,25468,33950,Nyctalus leisleri,0.013,0.037,-1,Echolocation,/mnt/ubna_data_02_mir/recover-20221013/UBNA_001/20221012_030000.WAV,Telephone Field,recover-20221013,001,1795
1370.0015,1370.0136,56406,64049,Pipistrellus pygmaeus,0.02,0.022,-1,Echolocation,/mnt/ubna_data_02_mir/recover-20221013/UBNA_001/20221012_030000.WAV,Telephone Field,recover-20221013,001,1795
1370.0245,1370.0341,25468,32808,Eptesicus serotinus,0.01,0.026,-1,Echolocation,/mnt/ubna_data_02_mir/recover-20221013/UBNA_001/20221012_030000.WAV,Telephone Field,recover-20221013,001,1795
1370.0545,1370.0951,68437,82403,Rhinolophus ferrumequinum,0.024,0.024,-1,Echolocation,/mnt/ubna_data_02_mir/recover-20221013/UBNA_001/20221012_030000.WAV,Telephone Field,recover-20221013,001,1795
1370.0645,1370.0754,26328,34564,Eptesicus serotinus,0.017,0.031,-1,Echolocation,/mnt/ubna_data_02_mir/recover-20221013/UBNA_001/20221012_030000.WAV,Telephone Field,recover-20221013,001,1795
1370.0935,1370.1318,68437,81111,Rhinolophus ferrumequinum,0.021,0.021,-1,Echolocation,/mnt/ubna_data_02_mir/recover-20221013/UBNA_001/20221012_030000.WAV,Telephone Field,recover-20221013,001,1795
1370.1035,1370.1122,50390,57255,Pipistrellus pipistrellus,0.023,0.028,-1,Echolocation,/mnt/ubna_data_02_mir/recover-20221013/UBNA_001/20221012_030000.WAV,Telephone Field,recover-20221013,001,1795
1370.1105,1370.1197,46093,50126,Pipistrellus pipistrellus,0.03,0.031,-1,Echolocation,/mnt/ubna_data_02_mir/recover-20221013/UBNA_001/20221012_030000.WAV,Telephone Field,recover-20221013,001,1795
1370.1275,1370.1622,68437,81824,Rhinolophus ferrumequinum,0.022,0.022,-1,Echolocation,/mnt/ubna_data_02_mir/recover-20221013/UBNA_001/20221012_030000.WAV,Telephone Field,recover-20221013,001,1795
1370.1355,1370.1737,68437,82429,Rhinolophus ferrumequinum,0.022,0.022,-1,Echolocation,/mnt/ubna_data_02_mir/recover-20221013/UBNA_001/20221012_030000.WAV,Telephone Field,recover-20221013,001,1795
1370.1625,1370.1708,27187,36317,Eptesicus serotinus,0.008,0.021,-1,Echolocation,/mnt/ubna_data_02_mir/recover-20221013/UBNA_001/20221012_030000.WAV,Telephone Field,recover-20221013,001,1795
1370.2085,1370.2179,30625,41645,Eptesicus serotinus,0.007,0.024,-1,Echolocation,/mnt/ubna_data_02_mir/recover-20221013/UBNA_001/20221012_030000.WAV,Telephone Field,recover-20221013,001,1795
1370.2295,1370.2383,26328,33630,Eptesicus serotinus,0.008,0.021,-1,Echolocation,/mnt/ubna_data_02_mir/recover-20221013/UBNA_001/20221012_030000.WAV,Telephone Field,recover-20221013,001,1795
1370.2375,1370.2755,68437,81810,Rhinolophus ferrumequinum,0.023,0.023,-1,Echolocation,/mnt/ubna_data_02_mir/recover-20221013/UBNA_001/20221012_030000.WAV,Telephone Field,recover-20221013,001,1795
1370.2725,1370.3132,68437,82381,Rhinolophus ferrumequinum,0.023,0.023,-1,Echolocation,/mnt/ubna_data_02_mir/recover-20221013/UBNA_001/20221012_030000.WAV,Telephone Field,recover-20221013,001,1795
1370.2775,1370.2839,28046,41092,Eptesicus serotinus,0.005,0.021,-1,Echolocation,/mnt/ubna_data_02_mir/recover-20221013/UBNA_001/20221012_030000.WAV,Telephone Field,recover-20221013,001,1795
1370.2815,1370.2958,21171,24962,Nyctalus leisleri,0.021,0.038,-1,Echolocation,/mnt/ubna_data_02_mir/recover-20221013/UBNA_001/20221012_030000.WAV,Telephone Field,recover-20221013,001,1795
1370.3525,1370.3915,68437,82428,Rhinolophus ferrumequinum,0.025,0.025,-1,Echolocation,/mnt/ubna_data_02_mir/recover-20221013/UBNA_001/20221012_030000.WAV,Telephone Field,recover-20221013,001,1795
1370.4055,1370.4432,68437,82325,Rhinolophus ferrumequinum,0.025,0.025,-1,Echolocation,/mnt/ubna_data_02_mir/recover-20221013/UBNA_001/20221012_030000.WAV,Telephone Field,recover-20221013,001,1795
1370.4615,1370.469,28906,39933,Eptesicus serotinus,0.007,0.021,-1,Echolocation,/mnt/ubna_data_02_mir/recover-20221013/UBNA_001/20221012_030000.WAV,Telephone Field,recover-20221013,001,1795
1370.4745,1370.5113,68437,81635,Rhinolophus ferrumequinum,0.024,0.024,-1,Echolocation,/mnt/ubna_data_02_mir/recover-20221013/UBNA_001/20221012_030000.WAV,Telephone Field,recover-20221013,001,1795
1370.5015,1370.538,68437,81818,Rhinolophus ferrumequinum,0.022,0.022,-1,Echolocation,/mnt/ubna_data_02_mir/recover-20221013/UBNA_001/20221012_030000.WAV,Telephone Field,recover-20221013,001,1795
1370.5445,1370.5528,28906,37734,Eptesicus serotinus,0.008,0.023,-1,Echolocation,/mnt/ubna_data_02_mir/recover-20221013/UBNA_001/20221012_030000.WAV,Telephone Field,recover-20221013,001,1795
1370.5875,1370.626,68437,81937,Rhinolophus ferrumequinum,0.022,0.022,-1,Echolocation,/mnt/ubna_data_02_mir/recover-20221013/UBNA_001/20221012_030000.WAV,Telephone Field,recover-20221013,001,1795
1370.5965,1370.6339,68437,81640,Rhinolophus ferrumequinum,0.022,0.022,-1,Echolocation,/mnt/ubna_data_02_mir/recover-20221013/UBNA_001/20221012_030000.WAV,Telephone Field,recover-20221013,001,1795
1370.6525,1370.6928,68437,82424,Rhinolophus ferrumequinum,0.028,0.028,-1,Echolocation,/mnt/ubna_data_02_mir/recover-20221013/UBNA_001/20221012_030000.WAV,Telephone Field,recover-20221013,001,1795
1370.6765,1370.6836,26328,36593,Eptesicus serotinus,0.009,0.033,-1,Echolocation,/mnt/ubna_data_02_mir/recover-20221013/UBNA_001/20221012_030000.WAV,Telephone Field,recover-20221013,001,1795
1370.6775,1370.7148,68437,81968,Rhinolophus ferrumequinum,0.03,0.03,-1,Echolocation,/mnt/ubna_data_02_mir/recover-20221013/UBNA_001/20221012_030000.WAV,Telephone Field,recover-20221013,001,1795
1370.7215,1370.7308,44375,47175,Pipistrellus pipistrellus,0.021,0.022,-1,Echolocation,/mnt/ubna_data_02_mir/recover-20221013/UBNA_001/20221012_030000.WAV,Telephone Field,recover-20221013,001,1795
1370.7585,1370.7987,68437,82067,Rhinolophus ferrumequinum,0.022,0.022,-1,Echolocation,/mnt/ubna_data_02_mir/recover-20221013/UBNA_001/20221012_030000.WAV,Telephone Field,recover-20221013,001,1795
1370.7705,1370.8111,68437,83055,Rhinolophus ferrumequinum,0.037,0.037,-1,Echolocation,/mnt/ubna_data_02_mir/recover-20221013/UBNA_001/20221012_030000.WAV,Telephone Field,recover-20221013,001,1795
1370.7995,1370.8362,68437,82222,Rhinolophus ferrumequinum,0.022,0.022,-1,Echolocation,/mnt/ubna_data_02_mir/recover-20221013/UBNA_001/20221012_030000.WAV,Telephone Field,recover-20221013,001,1795
1370.8095,1370.8501,68437,82658,Rhinolophus ferrumequinum,0.029,0.029,-1,Echolocation,/mnt/ubna_data_02_mir/recover-20221013/UBNA_001/20221012_030000.WAV,Telephone Field,recover-20221013,001,1795
1370.9055,1370.9169,22890,26729,Nyctalus leisleri,0.014,0.024,-1,Echolocation,/mnt/ubna_data_02_mir/recover-20221013/UBNA_001/20221012_030000.WAV,Telephone Field,recover-20221013,001,1795
1370.9235,1370.963,68437,82334,Rhinolophus ferrumequinum,0.021,0.021,-1,Echolocation,/mnt/ubna_data_02_mir/recover-20221013/UBNA_001/20221012_030000.WAV,Telephone Field,recover-20221013,001,1795
1370.9315,1370.9382,28906,41857,Eptesicus serotinus,0.006,0.023,-1,Echolocation,/mnt/ubna_data_02_mir/recover-20221013/UBNA_001/20221012_030000.WAV,Telephone Field,recover-20221013,001,1795
1370.9625,1370.9844,18593,22293,Nyctalus noctula,0.025,0.037,-1,Echolocation,/mnt/ubna_data_02_mir/recover-20221013/UBNA_001/20221012_030000.WAV,Telephone Field,recover-20221013,001,1795
1370.9865,1371.0029,21171,24098,Nyctalus leisleri,0.016,0.025,-1,Echolocation,/mnt/ubna_data_02_mir/recover-20221013/UBNA_001/20221012_030000.WAV,Telephone Field,recover-20221013,001,1795
1371.0215,1371.0605,68437,82378,Rhinolophus ferrumequinum,0.028,0.028,-1,Echolocation,/mnt/ubna_data_02_mir/recover-20221013/UBNA_001/20221012_030000.WAV,Telephone Field,recover-20221013,001,1795
1371.0245,1371.0352,22031,26902,Nyctalus leisleri,0.012,0.025,-1,Echolocation,/mnt/ubna_data_02_mir/recover-20221013/UBNA_001/20221012_030000.WAV,Telephone Field,recover-20221013,001,1795
1371.0345,1371.0725,68437,82255,Rhinolophus ferrumequinum,0.026,0.026,-1,Echolocation,/mnt/ubna_data_02_mir/recover-20221013/UBNA_001/20221012_030000.WAV,Telephone Field,recover-20221013,001,1795
1371.0365,1371.0448,28906,42354,Eptesicus serotinus,0.007,0.023,-1,Echolocation,/mnt/ubna_data_02_mir/recover-20221013/UBNA_001/20221012_030000.WAV,Telephone Field,recover-20221013,001,1795
1371.0715,1371.0789,24609,33926,Plecotus austriacus,0.007,0.022,-1,Echolocation,/mnt/ubna_data_02_mir/recover-20221013/UBNA_001/20221012_030000.WAV,Telephone Field,recover-20221013,001,1795
1371.1275,1371.1654,68437,82145,Rhinolophus ferrumequinum,0.022,0.022,-1,Echolocation,/mnt/ubna_data_02_mir/recover-20221013/UBNA_001/20221012_030000.WAV,Telephone Field,recover-20221013,001,1795
1371.1365,1371.144,26328,35785,Eptesicus serotinus,0.008,0.024,-1,Echolocation,/mnt/ubna_data_02_mir/recover-20221013/UBNA_001/20221012_030000.WAV,Telephone Field,recover-20221013,001,1795
1371.1495,1371.1604,23750,29464,Nyctalus leisleri,0.012,0.029,-1,Echolocation,/mnt/ubna_data_02_mir/recover-20221013/UBNA_001/20221012_030000.WAV,Telephone Field,recover-20221013,001,1795
1371.1985,1371.2053,27187,39489,Eptesicus serotinus,0.007,0.024,-1,Echolocation,/mnt/ubna_data_02_mir/recover-20221013/UBNA_001/20221012_030000.WAV,Telephone Field,recover-20221013,001,1795
1371.2205,1371.2602,68437,82535,Rhinolophus ferrumequinum,0.021,0.021,-1,Echolocation,/mnt/ubna_data_02_mir/recover-20221013/UBNA_001/20221012_030000.WAV,Telephone Field,recover-20221013,001,1795
1371.2285,1371.2673,68437,82358,Rhinolophus ferrumequinum,0.021,0.021,-1,Echolocation,/mnt/ubna_data_02_mir/recover-20221013/UBNA_001/20221012_030000.WAV,Telephone Field,recover-20221013,001,1795
1371.2375,1371.277,68437,82150,Rhinolophus ferrumequinum,0.021,0.021,-1,Echolocation,/mnt/ubna_data_02_mir/recover-20221013/UBNA_001/20221012_030000.WAV,Telephone Field,recover-20221013,001,1795
1371.3065,1371.3443,68437,82056,Rhinolophus ferrumequinum,0.022,0.022,-1,Echolocation,/mnt/ubna_data_02_mir/recover-20221013/UBNA_001/20221012_030000.WAV,Telephone Field,recover-20221013,001,1795
1371.3205,1371.3587,68437,81647,Rhinolophus ferrumequinum,0.022,0.022,-1,Echolocation,/mnt/ubna_data_02_mir/recover-20221013/UBNA_001/20221012_030000.WAV,Telephone Field,recover-20221013,001,1795
1371.3315,1371.3403,23750,32325,Eptesicus serotinus,0.006,0.023,-1,Echolocation,/mnt/ubna_data_02_mir/recover-20221013/UBNA_001/20221012_030000.WAV,Telephone Field,recover-20221013,001,1795
1371.3495,1371.3904,68437,82045,Rhinolophus ferrumequinum,0.025,0.025,-1,Echolocation,/mnt/ubna_data_02_mir/recover-20221013/UBNA_001/20221012_030000.WAV,Telephone Field,recover-20221013,001,1795
1371.3805,1371.4185,68437,82525,Rhinolophus ferrumequinum,0.027,0.027,-1,Echolocation,/mnt/ubna_data_02_mir/recover-20221013/UBNA_001/20221012_030000.WAV,Telephone Field,recover-20221013,001,1795
1371.4035,1371.4385,68437,81304,Rhinolophus ferrumequinum,0.023,0.023,-1,Echolocation,/mnt/ubna_data_02_mir/recover-20221013/UBNA_001/20221012_030000.WAV,Telephone Field,recover-20221013,001,1795
1371.4185,1371.4266,47812,52176,Pipistrellus pipistrellus,0.023,0.025,-1,Echolocation,/mnt/ubna_data_02_mir/recover-20221013/UBNA_001/20221012_030000.WAV,Telephone Field,recover-20221013,001,1795
1371.4555,1371.4648,28046,38693,Eptesicus serotinus,0.012,0.027,-1,Echolocation,/mnt/ubna_data_02_mir/recover-20221013/UBNA_001/20221012_030000.WAV,Telephone Field,recover-20221013,001,1795
1371.4845,1371.5224,68437,81911,Rhinolophus ferrumequinum,0.022,0.022,-1,Echolocation,/mnt/ubna_data_02_mir/recover-20221013/UBNA_001/20221012_030000.WAV,Telephone Field,recover-20221013,001,1795
1371.4905,1371.5311,68437,82199,Rhinolophus ferrumequinum,0.021,0.021,-1,Echolocation,/mnt/ubna_data_02_mir/recover-20221013/UBNA_001/20221012_030000.WAV,Telephone Field,recover-20221013,001,1795
1371.5015,1371.5358,68437,81411,Rhinolophus ferrumequinum,0.025,0.025,-1,Echolocation,/mnt/ubna_data_02_mir/recover-20221013/UBNA_001/20221012_030000.WAV,Telephone Field,recover-20221013,001,1795
1371.5325,1371.5749,68437,83155,Rhinolophus ferrumequinum,0.039,0.039,-1,Echolocation,/mnt/ubna_data_02_mir/recover-20221013/UBNA_001/20221012_030000.WAV,Telephone Field,recover-20221013,001,1795
1371.5545,1371.593,68437,81791,Rhinolophus ferrumequinum,0.023,0.023,-1,Echolocation,/mnt/ubna_data_02_mir/recover-20221013/UBNA_001/20221012_030000.WAV,Telephone Field,recover-20221013,001,1795
1371.5695,1371.5798,22890,30113,Nyctalus leisleri,0.013,0.043,-1,Echolocation,/mnt/ubna_data_02_mir/recover-20221013/UBNA_001/20221012_030000.WAV,Telephone Field,recover-20221013,001,1795
1371.5885,1371.629,68437,82365,Rhinolophus ferrumequinum,0.028,0.028,-1,Echolocation,/mnt/ubna_data_02_mir/recover-20221013/UBNA_001/20221012_030000.WAV,Telephone Field,recover-20221013,001,1795
1371.6175,1371.6267,25468,33022,Eptesicus serotinus,0.008,0.021,-1,Echolocation,/mnt/ubna_data_02_mir/recover-20221013/UBNA_001/20221012_030000.WAV,Telephone Field,recover-20221013,001,1795
1371.6355,1371.6689,68437,80827,Rhinolophus ferrumequinum,0.023,0.023,-1,Echolocation,/mnt/ubna_data_02_mir/recover-20221013/UBNA_001/20221012_030000.WAV,Telephone Field,recover-20221013,001,1795
1371.6485,1371.6835,68437,81625,Rhinolophus ferrumequinum,0.022,0.023,-1,Echolocation,/mnt/ubna_data_02_mir/recover-20221013/UBNA_001/20221012_030000.WAV,Telephone Field,recover-20221013,001,1795
1371.6805,1371.6893,25468,37264,Eptesicus serotinus,0.007,0.022,-1,Echolocation,/mnt/ubna_data_02_mir/recover-20221013/UBNA_001/20221012_030000.WAV,Telephone Field,recover-20221013,001,1795
1371.6935,1371.7029,29765,37693,Eptesicus serotinus,0.01,0.026,-1,Echolocation,/mnt/ubna_data_02_mir/recover-20221013/UBNA_001/20221012_030000.WAV,Telephone Field,recover-20221013,001,1795
1371.7405,1371.782,68437,82706,Rhinolophus ferrumequinum,0.027,0.027,-1,Echolocation,/mnt/ubna_data_02_mir/recover-20221013/UBNA_001/20221012_030000.WAV,Telephone Field,recover-20221013,001,1795
1371.7415,1371.7503,46953,51054,Pipistrellus pipistrellus,0.026,0.028,-1,Echolocation,/mnt/ubna_data_02_mir/recover-20221013/UBNA_001/20221012_030000.WAV,Telephone Field,recover-20221013,001,1795
1371.7625,1371.7693,27187,41545,Eptesicus serotinus,0.007,0.023,-1,Echolocation,/mnt/ubna_data_02_mir/recover-20221013/UBNA_001/20221012_030000.WAV,Telephone Field,recover-20221013,001,1795
1371.7645,1371.8027,68437,82608,Rhinolophus ferrumequinum,0.021,0.021,-1,Echolocation,/mnt/ubna_data_02_mir/recover-20221013/UBNA_001/20221012_030000.WAV,Telephone Field,recover-20221013,001,1795
1371.7895,1371.8278,68437,81737,Rhinolophus ferrumequinum,0.029,0.029,-1,Echolocation,/mnt/ubna_data_02_mir/recover-20221013/UBNA_001/20221012_030000.WAV,Telephone Field,recover-20221013,001,1795
1371.8235,1371.8612,68437,81031,Rhinolophus ferrumequinum,0.021,0.021,-1,Echolocation,/mnt/ubna_data_02_mir/recover-20221013/UBNA_001/20221012_030000.WAV,Telephone Field,recover-20221013,001,1795
1371.8265,1371.8358,28906,36742,Eptesicus serotinus,0.01,0.022,-1,Echolocation,/mnt/ubna_data_02_mir/recover-20221013/UBNA_001/20221012_030000.WAV,Telephone Field,recover-20221013,001,1795
1371.8705,1371.8778,47812,53137,Pipistrellus pipistrellus,0.02,0.022,-1,Echolocation,/mnt/ubna_data_02_mir/recover-20221013/UBNA_001/20221012_030000.WAV,Telephone Field,recover-20221013,001,1795
1371.8765,1371.911,68437,81247,Rhinolophus ferrumequinum,0.021,0.021,-1,Echolocation,/mnt/ubna_data_02_mir/recover-20221013/UBNA_001/20221012_030000.WAV,Telephone Field,recover-20221013,001,1795
1371.9035,1371.9469,68437,83103,Rhinolophus ferrumequinum,0.038,0.038,-1,Echolocation,/mnt/ubna_data_02_mir/recover-20221013/UBNA_001/20221012_030000.WAV,Telephone Field,recover-20221013,001,1795
1371.9075,1371.9164,22890,29789,Plecotus austriacus,0.008,0.022,-1,Echolocation,/mnt/ubna_data_02_mir/recover-20221013/UBNA_001/20221012_030000.WAV,Telephone Field,recover-20221013,001,1795
1371.9835,1371.9941,22031,26467,Nyctalus leisleri,0.011,0.021,-1,Echolocation,/mnt/ubna_data_02_mir/recover-20221013/UBNA_001/20221012_030000.WAV,Telephone Field,recover-20221013,001,1795
1372.0015,1372.0088,25468,42509,Myotis nattereri,0.013,0.031,-1,Echolocation,/mnt/ubna_data_02_mir/recover-20221013/UBNA_001/20221012_030000.WAV,Telephone Field,recover-20221013,001,1795
1372.0015,1372.0321,68437,79675,Rhinolophus ferrumequinum,0.031,0.031,-1,Echolocation,/mnt/ubna_data_02_mir/recover-20221013/UBNA_001/20221012_030000.WAV,Telephone Field,recover-20221013,001,1795
1372.0015,1372.0103,36640,47531,Myotis daubentonii,0.006,0.024,-1,Echolocation,/mnt/ubna_data_02_mir/recover-20221013/UBNA_001/20221012_030000.WAV,Telephone Field,recover-20221013,001,1795
1372.0015,1372.0096,49531,55731,Pipistrellus pipistrellus,0.015,0.023,-1,Echolocation,/mnt/ubna_data_02_mir/recover-20221013/UBNA_001/20221012_030000.WAV,Telephone Field,recover-20221013,001,1795
1372.0195,1372.0257,23750,34966,Plecotus austriacus,0.037,0.066,-1,Echolocation,/mnt/ubna_data_02_mir/recover-20221013/UBNA_001/20221012_030000.WAV,Telephone Field,recover-20221013,001,1795
1372.0515,1372.0637,28906,34995,Eptesicus serotinus,0.014,0.025,-1,Echolocation,/mnt/ubna_data_02_mir/recover-20221013/UBNA_001/20221012_030000.WAV,Telephone Field,recover-20221013,001,1795
1372.0625,1372.0996,68437,81987,Rhinolophus ferrumequinum,0.026,0.026,-1,Echolocation,/mnt/ubna_data_02_mir/recover-20221013/UBNA_001/20221012_030000.WAV,Telephone Field,recover-20221013,001,1795
1372.0635,1372.0719,28046,37393,Eptesicus serotinus,0.007,0.023,-1,Echolocation,/mnt/ubna_data_02_mir/recover-20221013/UBNA_001/20221012_030000.WAV,Telephone Field,recover-20221013,001,1795
1372.1005,1372.1092,30625,39896,Myotis daubentonii,0.01,0.024,-1,Echolocation,/mnt/ubna_data_02_mir/recover-20221013/UBNA_001/20221012_030000.WAV,Telephone Field,recover-20221013,001,1795
1372.1105,1372.1203,55546,60276,Pipistrellus pygmaeus,0.021,0.023,-1,Echolocation,/mnt/ubna_data_02_mir/recover-20221013/UBNA_001/20221012_030000.WAV,Telephone Field,recover-20221013,001,1795
1372.1155,1372.1226,28046,40298,Eptesicus serotinus,0.006,0.024,-1,Echolocation,/mnt/ubna_data_02_mir/recover-20221013/UBNA_001/20221012_030000.WAV,Telephone Field,recover-20221013,001,1795
1372.1155,1372.1571,68437,83033,Rhinolophus ferrumequinum,0.023,0.023,-1,Echolocation,/mnt/ubna_data_02_mir/recover-20221013/UBNA_001/20221012_030000.WAV,Telephone Field,recover-20221013,001,1795
1372.1615,1372.2,68437,81422,Rhinolophus ferrumequinum,0.024,0.024,-1,Echolocation,/mnt/ubna_data_02_mir/recover-20221013/UBNA_001/20221012_030000.WAV,Telephone Field,recover-20221013,001,1795
1372.1665,1372.2046,68437,82304,Rhinolophus ferrumequinum,0.026,0.026,-1,Echolocation,/mnt/ubna_data_02_mir/recover-20221013/UBNA_001/20221012_030000.WAV,Telephone Field,recover-20221013,001,1795
1372.2205,1372.2592,68437,81720,Rhinolophus ferrumequinum,0.025,0.025,-1,Echolocation,/mnt/ubna_data_02_mir/recover-20221013/UBNA_001/20221012_030000.WAV,Telephone Field,recover-20221013,001,1795
1372.2265,1372.2647,68437,81981,Rhinolophus ferrumequinum,0.022,0.022,-1,Echolocation,/mnt/ubna_data_02_mir/recover-20221013/UBNA_001/20221012_030000.WAV,Telephone Field,recover-20221013,001,1795
1372.2345,1372.2441,28906,36674,Eptesicus serotinus,0.013,0.027,-1,Echolocation,/mnt/ubna_data_02_mir/recover-20221013/UBNA_001/20221012_030000.WAV,Telephone Field,recover-20221013,001,1795
1372.2455,1372.2866,68437,83364,Rhinolophus ferrumequinum,0.03,0.03,-1,Echolocation,/mnt/ubna_data_02_mir/recover-20221013/UBNA_001/20221012_030000.WAV,Telephone Field,recover-20221013,001,1795
1372.2635,1372.3035,68437,82812,Rhinolophus ferrumequinum,0.029,0.029,-1,Echolocation,/mnt/ubna_data_02_mir/recover-20221013/UBNA_001/20221012_030000.WAV,Telephone Field,recover-20221013,001,1795
1372.2795,1372.2893,23750,30532,Nyctalus leisleri,0.009,0.024,-1,Echolocation,/mnt/ubna_data_02_mir/recover-20221013/UBNA_001/20221012_030000.WAV,Telephone Field,recover-20221013,001,1795
1372.2855,1372.3261,68437,82519,Rhinolophus ferrumequinum,0.032,0.032,-1,Echolocation,/mnt/ubna_data_02_mir/recover-20221013/UBNA_001/20221012_030000.WAV,Telephone Field,recover-20221013,001,1795
1372.3215,1372.3273,25468,38022,Myotis nattereri,0.006,0.024,-1,Echolocation,/mnt/ubna_data_02_mir/recover-20221013/UBNA_001/20221012_030000.WAV,Telephone Field,recover-20221013,001,1795
1372.3375,1372.3471,23750,30666,Nyctalus leisleri,0.007,0.023,-1,Echolocation,/mnt/ubna_data_02_mir/recover-20221013/UBNA_001/20221012_030000.WAV,Telephone Field,recover-20221013,001,1795
1372.3675,1372.4062,68437,82406,Rhinolophus ferrumequinum,0.028,0.028,-1,Echolocation,/mnt/ubna_data_02_mir/recover-20221013/UBNA_001/20221012_030000.WAV,Telephone Field,recover-20221013,001,1795
1372.4005,1372.4398,68437,82510,Rhinolophus ferrumequinum,0.022,0.022,-1,Echolocation,/mnt/ubna_data_02_mir/recover-20221013/UBNA_001/20221012_030000.WAV,Telephone Field,recover-20221013,001,1795
1372.4185,1372.4597,68437,82338,Rhinolophus ferrumequinum,0.023,0.023,-1,Echolocation,/mnt/ubna_data_02_mir/recover-20221013/UBNA_001/20221012_030000.WAV,Telephone Field,recover-20221013,001,1795
1372.5515,1372.5593,27187,39125,Eptesicus serotinus,0.007,0.023,-1,Echolocation,/mnt/ubna_data_02_mir/recover-20221013/UBNA_001/20221012_030000.WAV,Telephone Field,recover-20221013,001,1795
1372.5645,1372.5733,27187,36046,Eptesicus serotinus,0.009,0.023,-1,Echolocation,/mnt/ubna_data_02_mir/recover-20221013/UBNA_001/20221012_030000.WAV,Telephone Field,recover-20221013,001,1795
1372.6015,1372.6449,68437,82551,Rhinolophus ferrumequinum,0.03,0.03,-1,Echolocation,/mnt/ubna_data_02_mir/recover-20221013/UBNA_001/20221012_030000.WAV,Telephone Field,recover-20221013,001,1795
1372.6175,1372.6235,32343,51242,Myotis daubentonii,0.014,0.025,-1,Echolocation,/mnt/ubna_data_02_mir/recover-20221013/UBNA_001/20221012_030000.WAV,Telephone Field,recover-20221013,001,1795
1372.6185,1372.6244,27187,46093,Myotis nattereri,0.006,0.026,-1,Echolocation,/mnt/ubna_data_02_mir/recover-20221013/UBNA_001/20221012_030000.WAV,Telephone Field,recover-20221013,001,1795
1372.6715,1372.678,28046,41362,Myotis daubentonii,0.008,0.03,-1,Echolocation,/mnt/ubna_data_02_mir/recover-20221013/UBNA_001/20221012_030000.WAV,Telephone Field,recover-20221013,001,1795
1372.6985,1372.7399,68437,83046,Rhinolophus ferrumequinum,0.025,0.025,-1,Echolocation,/mnt/ubna_data_02_mir/recover-20221013/UBNA_001/20221012_030000.WAV,Telephone Field,recover-20221013,001,1795
1372.7025,1372.7098,28046,41532,Eptesicus serotinus,0.007,0.025,-1,Echolocation,/mnt/ubna_data_02_mir/recover-20221013/UBNA_001/20221012_030000.WAV,Telephone Field,recover-20221013,001,1795
1372.7075,1372.7477,68437,82269,Rhinolophus ferrumequinum,0.022,0.022,-1,Echolocation,/mnt/ubna_data_02_mir/recover-20221013/UBNA_001/20221012_030000.WAV,Telephone Field,recover-20221013,001,1795
1372.7165,1372.7548,68437,81731,Rhinolophus ferrumequinum,0.022,0.022,-1,Echolocation,/mnt/ubna_data_02_mir/recover-20221013/UBNA_001/20221012_030000.WAV,Telephone Field,recover-20221013,001,1795
1372.7265,1372.7602,68437,80453,Rhinolophus ferrumequinum,0.024,0.024,-1,Echolocation,/mnt/ubna_data_02_mir/recover-20221013/UBNA_001/20221012_030000.WAV,Telephone Field,recover-20221013,001,1795
1372.7375,1372.7477,28906,35300,Eptesicus serotinus,0.011,0.027,-1,Echolocation,/mnt/ubna_data_02_mir/recover-20221013/UBNA_001/20221012_030000.WAV,Telephone Field,recover-20221013,001,1795
1372.7605,1372.8004,68437,82268,Rhinolophus ferrumequinum,0.027,0.027,-1,Echolocation,/mnt/ubna_data_02_mir/recover-20221013/UBNA_001/20221012_030000.WAV,Telephone Field,recover-20221013,001,1795
1372.7685,1372.8099,68437,82080,Rhinolophus ferrumequinum,0.025,0.025,-1,Echolocation,/mnt/ubna_data_02_mir/recover-20221013/UBNA_001/20221012_030000.WAV,Telephone Field,recover-20221013,001,1795
1372.7925,1372.8024,24609,31286,Nyctalus leisleri,0.008,0.025,-1,Echolocation,/mnt/ubna_data_02_mir/recover-20221013/UBNA_001/20221012_030000.WAV,Telephone Field,recover-20221013,001,1795
1372.8225,1372.8608,68437,81767,Rhinolophus ferrumequinum,0.022,0.022,-1,Echolocation,/mnt/ubna_data_02_mir/recover-20221013/UBNA_001/20221012_030000.WAV,Telephone Field,recover-20221013,001,1795
1372.8305,1372.8691,68437,82273,Rhinolophus ferrumequinum,0.022,0.022,-1,Echolocation,/mnt/ubna_data_02_mir/recover-20221013/UBNA_001/20221012_030000.WAV,Telephone Field,recover-20221013,001,1795
1372.8665,1372.8726,23750,37415,Plecotus austriacus,0.033,0.063,-1,Echolocation,/mnt/ubna_data_02_mir/recover-20221013/UBNA_001/20221012_030000.WAV,Telephone Field,recover-20221013,001,1795
1372.8775,1372.9164,68437,82459,Rhinolophus ferrumequinum,0.027,0.027,-1,Echolocation,/mnt/ubna_data_02_mir/recover-20221013/UBNA_001/20221012_030000.WAV,Telephone Field,recover-20221013,001,1795
1372.8835,1372.8912,28046,38579,Eptesicus serotinus,0.008,0.024,-1,Echolocation,/mnt/ubna_data_02_mir/recover-20221013/UBNA_001/20221012_030000.WAV,Telephone Field,recover-20221013,001,1795
1372.9425,1372.9492,27187,39220,Eptesicus serotinus,0.006,0.023,-1,Echolocation,/mnt/ubna_data_02_mir/recover-20221013/UBNA_001/20221012_030000.WAV,Telephone Field,recover-20221013,001,1795
1372.9815,1373.0204,68437,82702,Rhinolophus ferrumequinum,0.032,0.032,-1,Echolocation,/mnt/ubna_data_02_mir/recover-20221013/UBNA_001/20221012_030000.WAV,Telephone Field,recover-20221013,001,1795
1372.9835,1372.9958,40937,45519,Pipistrellus nathusii,0.013,0.027,-1,Echolocation,/mnt/ubna_data_02_mir/recover-20221013/UBNA_001/20221012_030000.WAV,Telephone Field,recover-20221013,001,1795
1372.9885,1372.9962,27187,38222,Eptesicus serotinus,0.007,0.023,-1,Echolocation,/mnt/ubna_data_02_mir/recover-20221013/UBNA_001/20221012_030000.WAV,Telephone Field,recover-20221013,001,1795
1372.9955,1373.0059,28906,35657,Eptesicus serotinus,0.013,0.03,-1,Echolocation,/mnt/ubna_data_02_mir/recover-20221013/UBNA_001/20221012_030000.WAV,Telephone Field,recover-20221013,001,1795
1373.0095,1373.0485,68437,81980,Rhinolophus ferrumequinum,0.022,0.022,-1,Echolocation,/mnt/ubna_data_02_mir/recover-20221013/UBNA_001/20221012_030000.WAV,Telephone Field,recover-20221013,001,1795
1373.0185,1373.0608,68437,82713,Rhinolophus ferrumequinum,0.023,0.023,-1,Echolocation,/mnt/ubna_data_02_mir/recover-20221013/UBNA_001/20221012_030000.WAV,Telephone Field,recover-20221013,001,1795
1373.0425,1373.0501,26328,40091,Eptesicus serotinus,0.007,0.023,-1,Echolocation,/mnt/ubna_data_02_mir/recover-20221013/UBNA_001/20221012_030000.WAV,Telephone Field,recover-20221013,001,1795
1373.0435,1373.0871,68437,83480,Rhinolophus ferrumequinum,0.03,0.03,-1,Echolocation,/mnt/ubna_data_02_mir/recover-20221013/UBNA_001/20221012_030000.WAV,Telephone Field,recover-20221013,001,1795
1373.1085,1373.1163999999999,27187,36840,Eptesicus serotinus,0.007,0.022,-1,Echolocation,/mnt/ubna_data_02_mir/recover-20221013/UBNA_001/20221012_030000.WAV,Telephone Field,recover-20221013,001,1795
1373.1605,1373.2006,68437,82489,Rhinolophus ferrumequinum,0.027,0.027,-1,Echolocation,/mnt/ubna_data_02_mir/recover-20221013/UBNA_001/20221012_030000.WAV,Telephone Field,recover-20221013,001,1795
1373.1915,1373.2304,68437,82757,Rhinolophus ferrumequinum,0.023,0.023,-1,Echolocation,/mnt/ubna_data_02_mir/recover-20221013/UBNA_001/20221012_030000.WAV,Telephone Field,recover-20221013,001,1795
1373.2155,1373.2532,68437,81575,Rhinolophus ferrumequinum,0.022,0.022,-1,Echolocation,/mnt/ubna_data_02_mir/recover-20221013/UBNA_001/20221012_030000.WAV,Telephone Field,recover-20221013,001,1795
1373.2195,1373.2261,48671,53209,Pipistrellus pipistrellus,0.025,0.026,-1,Echolocation,/mnt/ubna_data_02_mir/recover-20221013/UBNA_001/20221012_030000.WAV,Telephone Field,recover-20221013,001,1795
1373.2395,1373.2491,22890,29107,Nyctalus leisleri,0.008,0.022,-1,Echolocation,/mnt/ubna_data_02_mir/recover-20221013/UBNA_001/20221012_030000.WAV,Telephone Field,recover-20221013,001,1795
1373.2525,1373.2925,68437,82176,Rhinolophus ferrumequinum,0.023,0.023,-1,Echolocation,/mnt/ubna_data_02_mir/recover-20221013/UBNA_001/20221012_030000.WAV,Telephone Field,recover-20221013,001,1795
1373.2955,1373.3019,28046,41578,Myotis daubentonii,0.008,0.028,-1,Echolocation,/mnt/ubna_data_02_mir/recover-20221013/UBNA_001/20221012_030000.WAV,Telephone Field,recover-20221013,001,1795
1373.3155,1373.3244,28046,37832,Eptesicus serotinus,0.01,0.025,-1,Echolocation,/mnt/ubna_data_02_mir/recover-20221013/UBNA_001/20221012_030000.WAV,Telephone Field,recover-20221013,001,1795
1373.3285,1373.3656,68437,82234,Rhinolophus ferrumequinum,0.027,0.027,-1,Echolocation,/mnt/ubna_data_02_mir/recover-20221013/UBNA_001/20221012_030000.WAV,Telephone Field,recover-20221013,001,1795
1373.3405,1373.3769,68437,81647,Rhinolophus ferrumequinum,0.022,0.022,-1,Echolocation,/mnt/ubna_data_02_mir/recover-20221013/UBNA_001/20221012_030000.WAV,Telephone Field,recover-20221013,001,1795
1373.3685,1373.4084,68437,82554,Rhinolophus ferrumequinum,0.064,0.064,-1,Echolocation,/mnt/ubna_data_02_mir/recover-20221013/UBNA_001/20221012_030000.WAV,Telephone Field,recover-20221013,001,1795
1373.3725,1373.3835,23750,29113,Nyctalus leisleri,0.015,0.031,-1,Echolocation,/mnt/ubna_data_02_mir/recover-20221013/UBNA_001/20221012_030000.WAV,Telephone Field,recover-20221013,001,1795
1373.3785,1373.3871,28046,39247,Eptesicus serotinus,0.007,0.023,-1,Echolocation,/mnt/ubna_data_02_mir/recover-20221013/UBNA_001/20221012_030000.WAV,Telephone Field,recover-20221013,001,1795
1373.3905,1373.3992,28046,38704,Eptesicus serotinus,0.009,0.025,-1,Echolocation,/mnt/ubna_data_02_mir/recover-20221013/UBNA_001/20221012_030000.WAV,Telephone Field,recover-20221013,001,1795
1373.4215,1373.4604,68437,82226,Rhinolophus ferrumequinum,0.024,0.024,-1,Echolocation,/mnt/ubna_data_02_mir/recover-20221013/UBNA_001/20221012_030000.WAV,Telephone Field,recover-20221013,001,1795
1373.4235,1373.4313,26328,35454,Eptesicus serotinus,0.007,0.023,-1,Echolocation,/mnt/ubna_data_02_mir/recover-20221013/UBNA_001/20221012_030000.WAV,Telephone Field,recover-20221013,001,1795
1373.4485,1373.4551,22890,31177,Plecotus austriacus,0.014,0.024,-1,Echolocation,/mnt/ubna_data_02_mir/recover-20221013/UBNA_001/20221012_030000.WAV,Telephone Field,recover-20221013,001,1795
1373.4785,1373.5182,68437,81964,Rhinolophus ferrumequinum,0.023,0.023,-1,Echolocation,/mnt/ubna_data_02_mir/recover-20221013/UBNA_001/20221012_030000.WAV,Telephone Field,recover-20221013,001,1795
1373.4795,1373.4857,49531,54429,Pipistrellus pipistrellus,0.025,0.027,-1,Echolocation,/mnt/ubna_data_02_mir/recover-20221013/UBNA_001/20221012_030000.WAV,Telephone Field,recover-20221013,001,1795
1373.4805,1373.4905,28906,37052,Eptesicus serotinus,0.01,0.026,-1,Echolocation,/mnt/ubna_data_02_mir/recover-20221013/UBNA_001/20221012_030000.WAV,Telephone Field,recover-20221013,001,1795
1373.5005,1373.5393,68437,82424,Rhinolophus ferrumequinum,0.032,0.032,-1,Echolocation,/mnt/ubna_data_02_mir/recover-20221013/UBNA_001/20221012_030000.WAV,Telephone Field,recover-20221013,001,1795
1373.5345,1373.5738,68437,82614,Rhinolophus ferrumequinum,0.024,0.024,-1,Echolocation,/mnt/ubna_data_02_mir/recover-20221013/UBNA_001/20221012_030000.WAV,Telephone Field,recover-20221013,001,1795
1373.5345,1373.5426,23750,32472,Plecotus austriacus,0.01,0.025,-1,Echolocation,/mnt/ubna_data_02_mir/recover-20221013/UBNA_001/20221012_030000.WAV,Telephone Field,recover-20221013,001,1795
1373.5355,1373.5426,29765,39382,Eptesicus serotinus,0.006,0.025,-1,Echolocation,/mnt/ubna_data_02_mir/recover-20221013/UBNA_001/20221012_030000.WAV,Telephone Field,recover-20221013,001,1795
1373.5865,1373.5981,22890,27622,Nyctalus leisleri,0.012,0.023,-1,Echolocation,/mnt/ubna_data_02_mir/recover-20221013/UBNA_001/20221012_030000.WAV,Telephone Field,recover-20221013,001,1795
1373.5875,1373.6275,68437,82544,Rhinolophus ferrumequinum,0.031,0.031,-1,Echolocation,/mnt/ubna_data_02_mir/recover-20221013/UBNA_001/20221012_030000.WAV,Telephone Field,recover-20221013,001,1795
1373.6405,1373.6778,68437,81498,Rhinolophus ferrumequinum,0.024,0.024,-1,Echolocation,/mnt/ubna_data_02_mir/recover-20221013/UBNA_001/20221012_030000.WAV,Telephone Field,recover-20221013,001,1795
1373.6495,1373.6884,68437,82171,Rhinolophus ferrumequinum,0.025,0.025,-1,Echolocation,/mnt/ubna_data_02_mir/recover-20221013/UBNA_001/20221012_030000.WAV,Telephone Field,recover-20221013,001,1795
1373.6625,1373.6992,68437,81330,Rhinolophus ferrumequinum,0.023,0.023,-1,Echolocation,/mnt/ubna_data_02_mir/recover-20221013/UBNA_001/20221012_030000.WAV,Telephone Field,recover-20221013,001,1795
1373.6875,1373.6951,28046,37741,Eptesicus serotinus,0.006,0.023,-1,Echolocation,/mnt/ubna_data_02_mir/recover-20221013/UBNA_001/20221012_030000.WAV,Telephone Field,recover-20221013,001,1795
1373.6875,1373.6951,23750,32590,Plecotus austriacus,0.01,0.023,-1,Echolocation,/mnt/ubna_data_02_mir/recover-20221013/UBNA_001/20221012_030000.WAV,Telephone Field,recover-20221013,001,1795
1373.7075,1373.7476,68437,82447,Rhinolophus ferrumequinum,0.026,0.026,-1,Echolocation,/mnt/ubna_data_02_mir/recover-20221013/UBNA_001/20221012_030000.WAV,Telephone Field,recover-20221013,001,1795
1373.7495,1373.7918,68437,83464,Rhinolophus ferrumequinum,0.044,0.044,-1,Echolocation,/mnt/ubna_data_02_mir/recover-20221013/UBNA_001/20221012_030000.WAV,Telephone Field,recover-20221013,001,1795
1373.7855,1373.8256,68437,82168,Rhinolophus ferrumequinum,0.022,0.022,-1,Echolocation,/mnt/ubna_data_02_mir/recover-20221013/UBNA_001/20221012_030000.WAV,Telephone Field,recover-20221013,001,1795
1373.7945,1373.8045,23750,30117,Nyctalus leisleri,0.011,0.029,-1,Echolocation,/mnt/ubna_data_02_mir/recover-20221013/UBNA_001/20221012_030000.WAV,Telephone Field,recover-20221013,001,1795
1373.8265,1373.8362,28906,35895,Eptesicus serotinus,0.02,0.041,-1,Echolocation,/mnt/ubna_data_02_mir/recover-20221013/UBNA_001/20221012_030000.WAV,Telephone Field,recover-20221013,001,1795
1373.8685,1373.9055,68437,81213,Rhinolophus ferrumequinum,0.022,0.022,-1,Echolocation,/mnt/ubna_data_02_mir/recover-20221013/UBNA_001/20221012_030000.WAV,Telephone Field,recover-20221013,001,1795
1373.8725,1373.8792,47812,58330,Pipistrellus pipistrellus,0.013,0.023,-1,Echolocation,/mnt/ubna_data_02_mir/recover-20221013/UBNA_001/20221012_030000.WAV,Telephone Field,recover-20221013,001,1795
1373.8875,1373.9229,68437,81478,Rhinolophus ferrumequinum,0.022,0.022,-1,Echolocation,/mnt/ubna_data_02_mir/recover-20221013/UBNA_001/20221012_030000.WAV,Telephone Field,recover-20221013,001,1795
1373.9245,1373.929,35781,45903,Myotis daubentonii,0.013,0.033,-1,Echolocation,/mnt/ubna_data_02_mir/recover-20221013/UBNA_001/20221012_030000.WAV,Telephone Field,recover-20221013,001,1795
1373.9255,1373.9307,28046,49861,Myotis daubentonii,0.009,0.033,-1,Echolocation,/mnt/ubna_data_02_mir/recover-20221013/UBNA_001/20221012_030000.WAV,Telephone Field,recover-20221013,001,1795
1373.9565,1373.9957,68437,82176,Rhinolophus ferrumequinum,0.022,0.022,-1,Echolocation,/mnt/ubna_data_02_mir/recover-20221013/UBNA_001/20221012_030000.WAV,Telephone Field,recover-20221013,001,1795
1373.9765,1373.9845,25468,36170,Plecotus austriacus,0.008,0.033,-1,Echolocation,/mnt/ubna_data_02_mir/recover-20221013/UBNA_001/20221012_030000.WAV,Telephone Field,recover-20221013,001,1795
1374.0015,1374.0109,47812,54420,Pipistrellus pipistrellus,0.015,0.022,-1,Echolocation,/mnt/ubna_data_02_mir/recover-20221013/UBNA_001/20221012_030000.WAV,Telephone Field,recover-20221013,001,1795
1374.0015,1374.0153,21171,24885,Nyctalus leisleri,0.029,0.049,-1,Echolocation,/mnt/ubna_data_02_mir/recover-20221013/UBNA_001/20221012_030000.WAV,Telephone Field,recover-20221013,001,1795
1374.0025,1374.0432,68437,81530,Rhinolophus ferrumequinum,0.025,0.026,-1,Echolocation,/mnt/ubna_data_02_mir/recover-20221013/UBNA_001/20221012_030000.WAV,Telephone Field,recover-20221013,001,1795
1374.0025,1374.0108,52968,58085,Pipistrellus pygmaeus,0.02,0.022,-1,Echolocation,/mnt/ubna_data_02_mir/recover-20221013/UBNA_001/20221012_030000.WAV,Telephone Field,recover-20221013,001,1795
1374.0265,1374.0637,68437,81801,Rhinolophus ferrumequinum,0.022,0.023,-1,Echolocation,/mnt/ubna_data_02_mir/recover-20221013/UBNA_001/20221012_030000.WAV,Telephone Field,recover-20221013,001,1795
1374.0315,1374.0691,68437,81807,Rhinolophus ferrumequinum,0.022,0.022,-1,Echolocation,/mnt/ubna_data_02_mir/recover-20221013/UBNA_001/20221012_030000.WAV,Telephone Field,recover-20221013,001,1795
1374.0585,1374.0994,68437,82272,Rhinolophus ferrumequinum,0.025,0.025,-1,Echolocation,/mnt/ubna_data_02_mir/recover-20221013/UBNA_001/20221012_030000.WAV,Telephone Field,recover-20221013,001,1795
1374.0905,1374.1284,68437,82256,Rhinolophus ferrumequinum,0.023,0.023,-1,Echolocation,/mnt/ubna_data_02_mir/recover-20221013/UBNA_001/20221012_030000.WAV,Telephone Field,recover-20221013,001,1795
1374.0965,1374.1329,68437,82526,Rhinolophus ferrumequinum,0.023,0.023,-1,Echolocation,/mnt/ubna_data_02_mir/recover-20221013/UBNA_001/20221012_030000.WAV,Telephone Field,recover-20221013,001,1795
1374.1115,1374.1497,68437,82435,Rhinolophus ferrumequinum,0.021,0.021,-1,Echolocation,/mnt/ubna_data_02_mir/recover-20221013/UBNA_001/20221012_030000.WAV,Telephone Field,recover-20221013,001,1795
1374.1215,1374.129,28046,39867,Eptesicus serotinus,0.007,0.023,-1,Echolocation,/mnt/ubna_data_02_mir/recover-20221013/UBNA_001/20221012_030000.WAV,Telephone Field,recover-20221013,001,1795
1374.1345,1374.1765,68437,82547,Rhinolophus ferrumequinum,0.023,0.023,-1,Echolocation,/mnt/ubna_data_02_mir/recover-20221013/UBNA_001/20221012_030000.WAV,Telephone Field,recover-20221013,001,1795
1374.1445,1374.1861,68437,82397,Rhinolophus ferrumequinum,0.026,0.026,-1,Echolocation,/mnt/ubna_data_02_mir/recover-20221013/UBNA_001/20221012_030000.WAV,Telephone Field,recover-20221013,001,1795
1374.1475,1374.1565,22890,29566,Plecotus austriacus,0.01,0.025,-1,Echolocation,/mnt/ubna_data_02_mir/recover-20221013/UBNA_001/20221012_030000.WAV,Telephone Field,recover-20221013,001,1795
1374.1545,1374.162,28046,41899,Eptesicus serotinus,0.008,0.022,-1,Echolocation,/mnt/ubna_data_02_mir/recover-20221013/UBNA_001/20221012_030000.WAV,Telephone Field,recover-20221013,001,1795
1374.1905,1374.2332,68437,83077,Rhinolophus ferrumequinum,0.038,0.038,-1,Echolocation,/mnt/ubna_data_02_mir/recover-20221013/UBNA_001/20221012_030000.WAV,Telephone Field,recover-20221013,001,1795
1374.2455,1374.2826,68437,81653,Rhinolophus ferrumequinum,0.025,0.025,-1,Echolocation,/mnt/ubna_data_02_mir/recover-20221013/UBNA_001/20221012_030000.WAV,Telephone Field,recover-20221013,001,1795
1374.2645,1374.2723,52109,57735,Pipistrellus pipistrellus,0.016,0.022,-1,Echolocation,/mnt/ubna_data_02_mir/recover-20221013/UBNA_001/20221012_030000.WAV,Telephone Field,recover-20221013,001,1795
1374.2995,1374.3402,68437,82006,Rhinolophus ferrumequinum,0.022,0.022,-1,Echolocation,/mnt/ubna_data_02_mir/recover-20221013/UBNA_001/20221012_030000.WAV,Telephone Field,recover-20221013,001,1795
1374.3105,1374.3472,68437,81449,Rhinolophus ferrumequinum,0.036,0.036,-1,Echolocation,/mnt/ubna_data_02_mir/recover-20221013/UBNA_001/20221012_030000.WAV,Telephone Field,recover-20221013,001,1795
1374.3295,1374.3394,24609,29453,Nyctalus leisleri,0.01,0.022,-1,Echolocation,/mnt/ubna_data_02_mir/recover-20221013/UBNA_001/20221012_030000.WAV,Telephone Field,recover-20221013,001,1795
1374.3395,1374.3767,68437,81605,Rhinolophus ferrumequinum,0.021,0.021,-1,Echolocation,/mnt/ubna_data_02_mir/recover-20221013/UBNA_001/20221012_030000.WAV,Telephone Field,recover-20221013,001,1795
1374.3645,1374.4037,68437,81862,Rhinolophus ferrumequinum,0.022,0.022,-1,Echolocation,/mnt/ubna_data_02_mir/recover-20221013/UBNA_001/20221012_030000.WAV,Telephone Field,recover-20221013,001,1795
1374.3855,1374.3936,23750,32459,Plecotus austriacus,0.01,0.027,-1,Echolocation,/mnt/ubna_data_02_mir/recover-20221013/UBNA_001/20221012_030000.WAV,Telephone Field,recover-20221013,001,1795
1374.3985,1374.4386,68437,82512,Rhinolophus ferrumequinum,0.022,0.022,-1,Echolocation,/mnt/ubna_data_02_mir/recover-20221013/UBNA_001/20221012_030000.WAV,Telephone Field,recover-20221013,001,1795
1374.4205,1374.4549,68437,81626,Rhinolophus ferrumequinum,0.024,0.024,-1,Echolocation,/mnt/ubna_data_02_mir/recover-20221013/UBNA_001/20221012_030000.WAV,Telephone Field,recover-20221013,001,1795
1374.4395,1374.4493,22031,27118,Nyctalus leisleri,0.008,0.021,-1,Echolocation,/mnt/ubna_data_02_mir/recover-20221013/UBNA_001/20221012_030000.WAV,Telephone Field,recover-20221013,001,1795
1374.4585,1374.4674,50390,55627,Pipistrellus pipistrellus,0.025,0.029,-1,Echolocation,/mnt/ubna_data_02_mir/recover-20221013/UBNA_001/20221012_030000.WAV,Telephone Field,recover-20221013,001,1795
1374.4605,1374.4984,68437,82175,Rhinolophus ferrumequinum,0.021,0.021,-1,Echolocation,/mnt/ubna_data_02_mir/recover-20221013/UBNA_001/20221012_030000.WAV,Telephone Field,recover-20221013,001,1795
1374.4935,1374.5296,68437,81387,Rhinolophus ferrumequinum,0.023,0.023,-1,Echolocation,/mnt/ubna_data_02_mir/recover-20221013/UBNA_001/20221012_030000.WAV,Telephone Field,recover-20221013,001,1795
1374.5405,1374.5823,68437,83075,Rhinolophus ferrumequinum,0.036,0.036,-1,Echolocation,/mnt/ubna_data_02_mir/recover-20221013/UBNA_001/20221012_030000.WAV,Telephone Field,recover-20221013,001,1795
1374.5485,1374.5574,25468,33626,Eptesicus serotinus,0.01,0.026,-1,Echolocation,/mnt/ubna_data_02_mir/recover-20221013/UBNA_001/20221012_030000.WAV,Telephone Field,recover-20221013,001,1795
1374.5695,1374.5815,23750,29846,Nyctalus leisleri,0.024,0.058,-1,Echolocation,/mnt/ubna_data_02_mir/recover-20221013/UBNA_001/20221012_030000.WAV,Telephone Field,recover-20221013,001,1795
1374.6175,1374.6276,28906,36243,Eptesicus serotinus,0.009,0.024,-1,Echolocation,/mnt/ubna_data_02_mir/recover-20221013/UBNA_001/20221012_030000.WAV,Telephone Field,recover-20221013,001,1795
1374.6415,1374.6803,68437,81870,Rhinolophus ferrumequinum,0.022,0.022,-1,Echolocation,/mnt/ubna_data_02_mir/recover-20221013/UBNA_001/20221012_030000.WAV,Telephone Field,recover-20221013,001,1795
1374.7005,1374.7379,68437,82010,Rhinolophus ferrumequinum,0.022,0.022,-1,Echolocation,/mnt/ubna_data_02_mir/recover-20221013/UBNA_001/20221012_030000.WAV,Telephone Field,recover-20221013,001,1795
1374.7315,1374.7728,68437,82094,Rhinolophus ferrumequinum,0.023,0.023,-1,Echolocation,/mnt/ubna_data_02_mir/recover-20221013/UBNA_001/20221012_030000.WAV,Telephone Field,recover-20221013,001,1795
1374.7385,1374.7804,68437,82490,Rhinolophus ferrumequinum,0.022,0.022,-1,Echolocation,/mnt/ubna_data_02_mir/recover-20221013/UBNA_001/20221012_030000.WAV,Telephone Field,recover-20221013,001,1795
1374.7855,1374.8246,68437,82502,Rhinolophus ferrumequinum,0.022,0.022,-1,Echolocation,/mnt/ubna_data_02_mir/recover-20221013/UBNA_001/20221012_030000.WAV,Telephone Field,recover-20221013,001,1795
1374.7905,1374.8296,68437,82299,Rhinolophus ferrumequinum,0.022,0.022,-1,Echolocation,/mnt/ubna_data_02_mir/recover-20221013/UBNA_001/20221012_030000.WAV,Telephone Field,recover-20221013,001,1795
1374.8245,1374.8632,68437,82624,Rhinolophus ferrumequinum,0.022,0.022,-1,Echolocation,/mnt/ubna_data_02_mir/recover-20221013/UBNA_001/20221012_030000.WAV,Telephone Field,recover-20221013,001,1795
1374.8395,1374.8792,68437,81670,Rhinolophus ferrumequinum,0.024,0.024,-1,Echolocation,/mnt/ubna_data_02_mir/recover-20221013/UBNA_001/20221012_030000.WAV,Telephone Field,recover-20221013,001,1795
1374.8475,1374.8545,48671,59939,Pipistrellus pipistrellus,0.017,0.022,-1,Echolocation,/mnt/ubna_data_02_mir/recover-20221013/UBNA_001/20221012_030000.WAV,Telephone Field,recover-20221013,001,1795
1374.8485,1374.8852,68437,81546,Rhinolophus ferrumequinum,0.021,0.021,-1,Echolocation,/mnt/ubna_data_02_mir/recover-20221013/UBNA_001/20221012_030000.WAV,Telephone Field,recover-20221013,001,1795
1374.8615,1374.8701,25468,32732,Eptesicus serotinus,0.006,0.021,-1,Echolocation,/mnt/ubna_data_02_mir/recover-20221013/UBNA_001/20221012_030000.WAV,Telephone Field,recover-20221013,001,1795
1374.8715,1374.9076,68437,81620,Rhinolophus ferrumequinum,0.022,0.022,-1,Echolocation,/mnt/ubna_data_02_mir/recover-20221013/UBNA_001/20221012_030000.WAV,Telephone Field,recover-20221013,001,1795
1374.8995,1374.9377,68437,82236,Rhinolophus ferrumequinum,0.021,0.021,-1,Echolocation,/mnt/ubna_data_02_mir/recover-20221013/UBNA_001/20221012_030000.WAV,Telephone Field,recover-20221013,001,1795
1374.9355,1374.9768,68437,82663,Rhinolophus ferrumequinum,0.025,0.025,-1,Echolocation,/mnt/ubna_data_02_mir/recover-20221013/UBNA_001/20221012_030000.WAV,Telephone Field,recover-20221013,001,1795
1374.9435,1374.9852,68437,83277,Rhinolophus ferrumequinum,0.034,0.034,-1,Echolocation,/mnt/ubna_data_02_mir/recover-20221013/UBNA_001/20221012_030000.WAV,Telephone Field,recover-20221013,001,1795
1374.9715,1374.9801,22890,30614,Plecotus austriacus,0.009,0.022,-1,Echolocation,/mnt/ubna_data_02_mir/recover-20221013/UBNA_001/20221012_030000.WAV,Telephone Field,recover-20221013,001,1795
1374.9925,1375.0295,68437,81237,Rhinolophus ferrumequinum,0.021,0.021,-1,Echolocation,/mnt/ubna_data_02_mir/recover-20221013/UBNA_001/20221012_030000.WAV,Telephone Field,recover-20221013,001,1795
1375.0055,1375.047,68437,82445,Rhinolophus ferrumequinum,0.023,0.023,-1,Echolocation,/mnt/ubna_data_02_mir/recover-20221013/UBNA_001/20221012_030000.WAV,Telephone Field,recover-20221013,001,1795
1375.0105,1375.0497,68437,82281,Rhinolophus ferrumequinum,0.023,0.023,-1,Echolocation,/mnt/ubna_data_02_mir/recover-20221013/UBNA_001/20221012_030000.WAV,Telephone Field,recover-20221013,001,1795
1375.0115,1375.0188,47812,51493,Pipistrellus pipistrellus,0.024,0.025,-1,Echolocation,/mnt/ubna_data_02_mir/recover-20221013/UBNA_001/20221012_030000.WAV,Telephone Field,recover-20221013,001,1795
1375.0575,1375.0686,23750,28813,Nyctalus leisleri,0.01,0.022,-1,Echolocation,/mnt/ubna_data_02_mir/recover-20221013/UBNA_001/20221012_030000.WAV,Telephone Field,recover-20221013,001,1795
1375.0595,1375.1019000000001,68437,82739,Rhinolophus ferrumequinum,0.025,0.025,-1,Echolocation,/mnt/ubna_data_02_mir/recover-20221013/UBNA_001/20221012_030000.WAV,Telephone Field,recover-20221013,001,1795
1375.0645,1375.0756,29765,36596,Eptesicus serotinus,0.01,0.025,-1,Echolocation,/mnt/ubna_data_02_mir/recover-20221013/UBNA_001/20221012_030000.WAV,Telephone Field,recover-20221013,001,1795
1375.0725,1375.0814,28906,38260,Eptesicus serotinus,0.008,0.022,-1,Echolocation,/mnt/ubna_data_02_mir/recover-20221013/UBNA_001/20221012_030000.WAV,Telephone Field,recover-20221013,001,1795
1375.0985,1375.1376,68437,81986,Rhinolophus ferrumequinum,0.021,0.021,-1,Echolocation,/mnt/ubna_data_02_mir/recover-20221013/UBNA_001/20221012_030000.WAV,Telephone Field,recover-20221013,001,1795
1375.1235,1375.1332,22890,29481,Plecotus austriacus,0.011,0.032,-1,Echolocation,/mnt/ubna_data_02_mir/recover-20221013/UBNA_001/20221012_030000.WAV,Telephone Field,recover-20221013,001,1795
1375.1395,1375.1736,68437,81557,Rhinolophus ferrumequinum,0.021,0.021,-1,Echolocation,/mnt/ubna_data_02_mir/recover-20221013/UBNA_001/20221012_030000.WAV,Telephone Field,recover-20221013,001,1795
1375.1435,1375.1513,27187,39645,Eptesicus serotinus,0.007,0.021,-1,Echolocation,/mnt/ubna_data_02_mir/recover-20221013/UBNA_001/20221012_030000.WAV,Telephone Field,recover-20221013,001,1795
1375.1575,1375.195,68437,82090,Rhinolophus ferrumequinum,0.021,0.021,-1,Echolocation,/mnt/ubna_data_02_mir/recover-20221013/UBNA_001/20221012_030000.WAV,Telephone Field,recover-20221013,001,1795
1375.1665,1375.1736,47812,53276,Pipistrellus pipistrellus,0.024,0.025,-1,Echolocation,/mnt/ubna_data_02_mir/recover-20221013/UBNA_001/20221012_030000.WAV,Telephone Field,recover-20221013,001,1795
1375.1735,1375.1833,28046,36643,Eptesicus serotinus,0.011,0.025,-1,Echolocation,/mnt/ubna_data_02_mir/recover-20221013/UBNA_001/20221012_030000.WAV,Telephone Field,recover-20221013,001,1795
1375.2355,1375.2784,68437,83331,Rhinolophus ferrumequinum,0.051,0.051,-1,Echolocation,/mnt/ubna_data_02_mir/recover-20221013/UBNA_001/20221012_030000.WAV,Telephone Field,recover-20221013,001,1795
1375.2615,1375.2767,22890,26247,Nyctalus leisleri,0.029,0.047,-1,Echolocation,/mnt/ubna_data_02_mir/recover-20221013/UBNA_001/20221012_030000.WAV,Telephone Field,recover-20221013,001,1795
1375.2725,1375.3128,68437,82505,Rhinolophus ferrumequinum,0.022,0.022,-1,Echolocation,/mnt/ubna_data_02_mir/recover-20221013/UBNA_001/20221012_030000.WAV,Telephone Field,recover-20221013,001,1795
1375.2775,1375.3181,68437,82445,Rhinolophus ferrumequinum,0.022,0.022,-1,Echolocation,/mnt/ubna_data_02_mir/recover-20221013/UBNA_001/20221012_030000.WAV,Telephone Field,recover-20221013,001,1795
1375.2835,1375.325,68437,83155,Rhinolophus ferrumequinum,0.022,0.022,-1,Echolocation,/mnt/ubna_data_02_mir/recover-20221013/UBNA_001/20221012_030000.WAV,Telephone Field,recover-20221013,001,1795
1375.2945,1375.306,22031,26267,Nyctalus leisleri,0.011,0.021,-1,Echolocation,/mnt/ubna_data_02_mir/recover-20221013/UBNA_001/20221012_030000.WAV,Telephone Field,recover-20221013,001,1795
1375.3145,1375.3505,68437,81710,Rhinolophus ferrumequinum,0.021,0.022,-1,Echolocation,/mnt/ubna_data_02_mir/recover-20221013/UBNA_001/20221012_030000.WAV,Telephone Field,recover-20221013,001,1795
1375.3305,1375.3719,68437,83115,Rhinolophus ferrumequinum,0.023,0.023,-1,Echolocation,/mnt/ubna_data_02_mir/recover-20221013/UBNA_001/20221012_030000.WAV,Telephone Field,recover-20221013,001,1795
1375.3395,1375.3792,68437,82063,Rhinolophus ferrumequinum,0.022,0.022,-1,Echolocation,/mnt/ubna_data_02_mir/recover-20221013/UBNA_001/20221012_030000.WAV,Telephone Field,recover-20221013,001,1795
1375.4505,1375.4601,28046,38840,Eptesicus serotinus,0.01,0.023,-1,Echolocation,/mnt/ubna_data_02_mir/recover-20221013/UBNA_001/20221012_030000.WAV,Telephone Field,recover-20221013,001,1795
1375.4815,1375.4907,28046,40468,Eptesicus serotinus,0.012,0.027,-1,Echolocation,/mnt/ubna_data_02_mir/recover-20221013/UBNA_001/20221012_030000.WAV,Telephone Field,recover-20221013,001,1795
1375.4905,1375.5281,68437,81838,Rhinolophus ferrumequinum,0.021,0.021,-1,Echolocation,/mnt/ubna_data_02_mir/recover-20221013/UBNA_001/20221012_030000.WAV,Telephone Field,recover-20221013,001,1795
1375.5075,1375.5461,68437,82150,Rhinolophus ferrumequinum,0.022,0.022,-1,Echolocation,/mnt/ubna_data_02_mir/recover-20221013/UBNA_001/20221012_030000.WAV,Telephone Field,recover-20221013,001,1795
1375.5315,1375.57,68437,82337,Rhinolophus ferrumequinum,0.021,0.021,-1,Echolocation,/mnt/ubna_data_02_mir/recover-20221013/UBNA_001/20221012_030000.WAV,Telephone Field,recover-20221013,001,1795
1375.5545,1375.591,68437,81086,Rhinolophus ferrumequinum,0.023,0.023,-1,Echolocation,/mnt/ubna_data_02_mir/recover-20221013/UBNA_001/20221012_030000.WAV,Telephone Field,recover-20221013,001,1795
1375.5865,1375.5953,22890,30154,Plecotus austriacus,0.008,0.021,-1,Echolocation,/mnt/ubna_data_02_mir/recover-20221013/UBNA_001/20221012_030000.WAV,Telephone Field,recover-20221013,001,1795
1375.6115,1375.6534,68437,83168,Rhinolophus ferrumequinum,0.035,0.035,-1,Echolocation,/mnt/ubna_data_02_mir/recover-20221013/UBNA_001/20221012_030000.WAV,Telephone Field,recover-20221013,001,1795
1375.6315,1375.6383,26328,39351,Eptesicus serotinus,0.005,0.022,-1,Echolocation,/mnt/ubna_data_02_mir/recover-20221013/UBNA_001/20221012_030000.WAV,Telephone Field,recover-20221013,001,1795
1375.6705,1375.6785,28046,37408,Eptesicus serotinus,0.011,0.026,-1,Echolocation,/mnt/ubna_data_02_mir/recover-20221013/UBNA_001/20221012_030000.WAV,Telephone Field,recover-20221013,001,1795
1375.7195,1375.7613,68437,82727,Rhinolophus ferrumequinum,0.023,0.023,-1,Echolocation,/mnt/ubna_data_02_mir/recover-20221013/UBNA_001/20221012_030000.WAV,Telephone Field,recover-20221013,001,1795
1375.7275,1375.7678,68437,82634,Rhinolophus ferrumequinum,0.025,0.025,-1,Echolocation,/mnt/ubna_data_02_mir/recover-20221013/UBNA_001/20221012_030000.WAV,Telephone Field,recover-20221013,001,1795
1375.7785,1375.8221,68437,83142,Rhinolophus ferrumequinum,0.041,0.041,-1,Echolocation,/mnt/ubna_data_02_mir/recover-20221013/UBNA_001/20221012_030000.WAV,Telephone Field,recover-20221013,001,1795
1375.7935,1375.8015,26328,35471,Eptesicus serotinus,0.01,0.028,-1,Echolocation,/mnt/ubna_data_02_mir/recover-20221013/UBNA_001/20221012_030000.WAV,Telephone Field,recover-20221013,001,1795
1375.8125,1375.8474,68437,80837,Rhinolophus ferrumequinum,0.023,0.023,-1,Echolocation,/mnt/ubna_data_02_mir/recover-20221013/UBNA_001/20221012_030000.WAV,Telephone Field,recover-20221013,001,1795
1375.8475,1375.8878,68437,82716,Rhinolophus ferrumequinum,0.024,0.024,-1,Echolocation,/mnt/ubna_data_02_mir/recover-20221013/UBNA_001/20221012_030000.WAV,Telephone Field,recover-20221013,001,1795
1375.8595,1375.8976,68437,81994,Rhinolophus ferrumequinum,0.022,0.022,-1,Echolocation,/mnt/ubna_data_02_mir/recover-20221013/UBNA_001/20221012_030000.WAV,Telephone Field,recover-20221013,001,1795
1375.8905,1375.8991,22890,30083,Plecotus austriacus,0.009,0.024,-1,Echolocation,/mnt/ubna_data_02_mir/recover-20221013/UBNA_001/20221012_030000.WAV,Telephone Field,recover-20221013,001,1795
1375.9195,1375.9562,68437,82071,Rhinolophus ferrumequinum,0.022,0.022,-1,Echolocation,/mnt/ubna_data_02_mir/recover-20221013/UBNA_001/20221012_030000.WAV,Telephone Field,recover-20221013,001,1795
1375.9415,1375.9536,37500,42005,Pipistrellus nathusii,0.009,0.023,-1,Echolocation,/mnt/ubna_data_02_mir/recover-20221013/UBNA_001/20221012_030000.WAV,Telephone Field,recover-20221013,001,1795
1375.9585,1375.9661,28046,39815,Eptesicus serotinus,0.007,0.024,-1,Echolocation,/mnt/ubna_data_02_mir/recover-20221013/UBNA_001/20221012_030000.WAV,Telephone Field,recover-20221013,001,1795
1376.0015,1376.0107,21171,26382,Nyctalus leisleri,0.01,0.025,-1,Echolocation,/mnt/ubna_data_02_mir/recover-20221013/UBNA_001/20221012_030000.WAV,Telephone Field,recover-20221013,001,1795
1376.0015,1376.0091,26328,35313,Eptesicus serotinus,0.006,0.023,-1,Echolocation,/mnt/ubna_data_02_mir/recover-20221013/UBNA_001/20221012_030000.WAV,Telephone Field,recover-20221013,001,1795
1376.0015,1376.0338,68437,79971,Rhinolophus ferrumequinum,0.025,0.025,-1,Echolocation,/mnt/ubna_data_02_mir/recover-20221013/UBNA_001/20221012_030000.WAV,Telephone Field,recover-20221013,001,1795
1376.0545,1376.0973,68437,82913,Rhinolophus ferrumequinum,0.034,0.034,-1,Echolocation,/mnt/ubna_data_02_mir/recover-20221013/UBNA_001/20221012_030000.WAV,Telephone Field,recover-20221013,001,1795
1376.0565,1376.0725,22890,25876,Nyctalus leisleri,0.033,0.051,-1,Echolocation,/mnt/ubna_data_02_mir/recover-20221013/UBNA_001/20221012_030000.WAV,Telephone Field,recover-20221013,001,1795
1376.0875,1376.1261,68437,82347,Rhinolophus ferrumequinum,0.021,0.021,-1,Echolocation,/mnt/ubna_data_02_mir/recover-20221013/UBNA_001/20221012_030000.WAV,Telephone Field,recover-20221013,001,1795
1376.0995,1376.1068,27187,36990,Eptesicus serotinus,0.009,0.028,-1,Echolocation,/mnt/ubna_data_02_mir/recover-20221013/UBNA_001/20221012_030000.WAV,Telephone Field,recover-20221013,001,1795
1376.1425,1376.1846,68437,83401,Rhinolophus ferrumequinum,0.032,0.032,-1,Echolocation,/mnt/ubna_data_02_mir/recover-20221013/UBNA_001/20221012_030000.WAV,Telephone Field,recover-20221013,001,1795
1376.1475,1376.1544,28046,39409,Eptesicus serotinus,0.022,0.051,-1,Echolocation,/mnt/ubna_data_02_mir/recover-20221013/UBNA_001/20221012_030000.WAV,Telephone Field,recover-20221013,001,1795
1376.1705,1376.1807,22890,28230,Nyctalus leisleri,0.011,0.023,-1,Echolocation,/mnt/ubna_data_02_mir/recover-20221013/UBNA_001/20221012_030000.WAV,Telephone Field,recover-20221013,001,1795
1376.1805,1376.1885,46953,50581,Pipistrellus pipistrellus,0.023,0.024,-1,Echolocation,/mnt/ubna_data_02_mir/recover-20221013/UBNA_001/20221012_030000.WAV,Telephone Field,recover-20221013,001,1795
1376.2045,1376.2413999999999,68437,81871,Rhinolophus ferrumequinum,0.025,0.025,-1,Echolocation,/mnt/ubna_data_02_mir/recover-20221013/UBNA_001/20221012_030000.WAV,Telephone Field,recover-20221013,001,1795
1376.2625,1376.3013,68437,81896,Rhinolophus ferrumequinum,0.021,0.021,-1,Echolocation,/mnt/ubna_data_02_mir/recover-20221013/UBNA_001/20221012_030000.WAV,Telephone Field,recover-20221013,001,1795
1376.2775,1376.3171,68437,82990,Rhinolophus ferrumequinum,0.027,0.027,-1,Echolocation,/mnt/ubna_data_02_mir/recover-20221013/UBNA_001/20221012_030000.WAV,Telephone Field,recover-20221013,001,1795
1376.2845,1376.2978,22031,25994,Nyctalus leisleri,0.015,0.025,-1,Echolocation,/mnt/ubna_data_02_mir/recover-20221013/UBNA_001/20221012_030000.WAV,Telephone Field,recover-20221013,001,1795
1376.2855,1376.3258,68437,82579,Rhinolophus ferrumequinum,0.026,0.026,-1,Echolocation,/mnt/ubna_data_02_mir/recover-20221013/UBNA_001/20221012_030000.WAV,Telephone Field,recover-20221013,001,1795
1376.3125,1376.3523,68437,82266,Rhinolophus ferrumequinum,0.021,0.021,-1,Echolocation,/mnt/ubna_data_02_mir/recover-20221013/UBNA_001/20221012_030000.WAV,Telephone Field,recover-20221013,001,1795
1376.3635,1376.4014,68437,82087,Rhinolophus ferrumequinum,0.027,0.027,-1,Echolocation,/mnt/ubna_data_02_mir/recover-20221013/UBNA_001/20221012_030000.WAV,Telephone Field,recover-20221013,001,1795
1376.3745,1376.417,68437,83096,Rhinolophus ferrumequinum,0.045,0.045,-1,Echolocation,/mnt/ubna_data_02_mir/recover-20221013/UBNA_001/20221012_030000.WAV,Telephone Field,recover-20221013,001,1795
1376.3895,1376.4021,22890,27460,Nyctalus leisleri,0.013,0.024,-1,Echolocation,/mnt/ubna_data_02_mir/recover-20221013/UBNA_001/20221012_030000.WAV,Telephone Field,recover-20221013,001,1795
1376.3975,1376.4374,68437,82702,Rhinolophus ferrumequinum,0.022,0.022,-1,Echolocation,/mnt/ubna_data_02_mir/recover-20221013/UBNA_001/20221012_030000.WAV,Telephone Field,recover-20221013,001,1795
1376.4675,1376.5057,68437,81881,Rhinolophus ferrumequinum,0.023,0.023,-1,Echolocation,/mnt/ubna_data_02_mir/recover-20221013/UBNA_001/20221012_030000.WAV,Telephone Field,recover-20221013,001,1795
1376.4845,1376.5252,68437,82649,Rhinolophus ferrumequinum,0.026,0.026,-1,Echolocation,/mnt/ubna_data_02_mir/recover-20221013/UBNA_001/20221012_030000.WAV,Telephone Field,recover-20221013,001,1795
1376.5105,1376.5189,28906,39389,Eptesicus serotinus,0.009,0.024,-1,Echolocation,/mnt/ubna_data_02_mir/recover-20221013/UBNA_001/20221012_030000.WAV,Telephone Field,recover-20221013,001,1795
1376.5595,1376.595,68437,80997,Rhinolophus ferrumequinum,0.022,0.022,-1,Echolocation,/mnt/ubna_data_02_mir/recover-20221013/UBNA_001/20221012_030000.WAV,Telephone Field,recover-20221013,001,1795
1376.5625,1376.572,24609,31983,Nyctalus leisleri,0.008,0.026,-1,Echolocation,/mnt/ubna_data_02_mir/recover-20221013/UBNA_001/20221012_030000.WAV,Telephone Field,recover-20221013,001,1795
1376.5705,1376.606,68437,81605,Rhinolophus ferrumequinum,0.023,0.023,-1,Echolocation,/mnt/ubna_data_02_mir/recover-20221013/UBNA_001/20221012_030000.WAV,Telephone Field,recover-20221013,001,1795
1376.6065,1376.6163999999999,26328,35201,Eptesicus serotinus,0.009,0.021,-1,Echolocation,/mnt/ubna_data_02_mir/recover-20221013/UBNA_001/20221012_030000.WAV,Telephone Field,recover-20221013,001,1795
1376.6205,1376.6397,20312,22968,Nyctalus leisleri,0.013,0.022,-1,Echolocation,/mnt/ubna_data_02_mir/recover-20221013/UBNA_001/20221012_030000.WAV,Telephone Field,recover-20221013,001,1795
1376.6395,1376.6775,68437,82107,Rhinolophus ferrumequinum,0.023,0.023,-1,Echolocation,/mnt/ubna_data_02_mir/recover-20221013/UBNA_001/20221012_030000.WAV,Telephone Field,recover-20221013,001,1795
1376.6475,1376.688,68437,82339,Rhinolophus ferrumequinum,0.022,0.022,-1,Echolocation,/mnt/ubna_data_02_mir/recover-20221013/UBNA_001/20221012_030000.WAV,Telephone Field,recover-20221013,001,1795
1376.6575,1376.7001,68437,82867,Rhinolophus ferrumequinum,0.025,0.025,-1,Echolocation,/mnt/ubna_data_02_mir/recover-20221013/UBNA_001/20221012_030000.WAV,Telephone Field,recover-20221013,001,1795
1376.6655,1376.6748,50390,55062,Pipistrellus pipistrellus,0.021,0.024,-1,Echolocation,/mnt/ubna_data_02_mir/recover-20221013/UBNA_001/20221012_030000.WAV,Telephone Field,recover-20221013,001,1795
1376.6845,1376.693,22890,30272,Plecotus austriacus,0.009,0.024,-1,Echolocation,/mnt/ubna_data_02_mir/recover-20221013/UBNA_001/20221012_030000.WAV,Telephone Field,recover-20221013,001,1795
1376.6955,1376.7359,68437,82591,Rhinolophus ferrumequinum,0.033,0.033,-1,Echolocation,/mnt/ubna_data_02_mir/recover-20221013/UBNA_001/20221012_030000.WAV,Telephone Field,recover-20221013,001,1795
1376.7125,1376.7565,68437,83825,Rhinolophus ferrumequinum,0.028,0.028,-1,Echolocation,/mnt/ubna_data_02_mir/recover-20221013/UBNA_001/20221012_030000.WAV,Telephone Field,recover-20221013,001,1795
1376.7465,1376.7844,68437,82003,Rhinolophus ferrumequinum,0.023,0.023,-1,Echolocation,/mnt/ubna_data_02_mir/recover-20221013/UBNA_001/20221012_030000.WAV,Telephone Field,recover-20221013,001,1795
1376.7755,1376.8171,68437,82332,Rhinolophus ferrumequinum,0.022,0.022,-1,Echolocation,/mnt/ubna_data_02_mir/recover-20221013/UBNA_001/20221012_030000.WAV,Telephone Field,recover-20221013,001,1795
1376.7835,1376.8258,68437,83020,Rhinolophus ferrumequinum,0.023,0.024,-1,Echolocation,/mnt/ubna_data_02_mir/recover-20221013/UBNA_001/20221012_030000.WAV,Telephone Field,recover-20221013,001,1795
1376.8055,1376.8477,68437,83496,Rhinolophus ferrumequinum,0.024,0.024,-1,Echolocation,/mnt/ubna_data_02_mir/recover-20221013/UBNA_001/20221012_030000.WAV,Telephone Field,recover-20221013,001,1795
1376.8385,1376.8776,68437,82544,Rhinolophus ferrumequinum,0.022,0.022,-1,Echolocation,/mnt/ubna_data_02_mir/recover-20221013/UBNA_001/20221012_030000.WAV,Telephone Field,recover-20221013,001,1795
1376.8485,1376.8596,22890,26927,Nyctalus leisleri,0.012,0.021,-1,Echolocation,/mnt/ubna_data_02_mir/recover-20221013/UBNA_001/20221012_030000.WAV,Telephone Field,recover-20221013,001,1795
1376.8515,1376.8919,68437,82334,Rhinolophus ferrumequinum,0.022,0.022,-1,Echolocation,/mnt/ubna_data_02_mir/recover-20221013/UBNA_001/20221012_030000.WAV,Telephone Field,recover-20221013,001,1795
1376.8665,1376.9084,68437,83416,Rhinolophus ferrumequinum,0.022,0.023,-1,Echolocation,/mnt/ubna_data_02_mir/recover-20221013/UBNA_001/20221012_030000.WAV,Telephone Field,recover-20221013,001,1795
1376.8875,1376.9307,68437,82932,Rhinolophus ferrumequinum,0.024,0.024,-1,Echolocation,/mnt/ubna_data_02_mir/recover-20221013/UBNA_001/20221012_030000.WAV,Telephone Field,recover-20221013,001,1795
1376.9335,1376.9766,68437,83430,Rhinolophus ferrumequinum,0.024,0.024,-1,Echolocation,/mnt/ubna_data_02_mir/recover-20221013/UBNA_001/20221012_030000.WAV,Telephone Field,recover-20221013,001,1795
1376.9425,1376.9828,68437,82421,Rhinolophus ferrumequinum,0.022,0.022,-1,Echolocation,/mnt/ubna_data_02_mir/recover-20221013/UBNA_001/20221012_030000.WAV,Telephone Field,recover-20221013,001,1795
1376.9585,1376.9668,27187,38708,Eptesicus serotinus,0.009,0.024,-1,Echolocation,/mnt/ubna_data_02_mir/recover-20221013/UBNA_001/20221012_030000.WAV,Telephone Field,recover-20221013,001,1795
1377.0465,1377.0557,47812,51438,Pipistrellus pipistrellus,0.028,0.03,-1,Echolocation,/mnt/ubna_data_02_mir/recover-20221013/UBNA_001/20221012_030000.WAV,Telephone Field,recover-20221013,001,1795
1377.0475,1377.0863,68437,82148,Rhinolophus ferrumequinum,0.028,0.028,-1,Echolocation,/mnt/ubna_data_02_mir/recover-20221013/UBNA_001/20221012_030000.WAV,Telephone Field,recover-20221013,001,1795
1377.0765,1377.1199,68437,83033,Rhinolophus ferrumequinum,0.025,0.025,-1,Echolocation,/mnt/ubna_data_02_mir/recover-20221013/UBNA_001/20221012_030000.WAV,Telephone Field,recover-20221013,001,1795
1377.1085,1377.1458,68437,81257,Rhinolophus ferrumequinum,0.023,0.023,-1,Echolocation,/mnt/ubna_data_02_mir/recover-20221013/UBNA_001/20221012_030000.WAV,Telephone Field,recover-20221013,001,1795
1377.1135,1377.15,68437,81265,Rhinolophus ferrumequinum,0.022,0.022,-1,Echolocation,/mnt/ubna_data_02_mir/recover-20221013/UBNA_001/20221012_030000.WAV,Telephone Field,recover-20221013,001,1795
1377.1275,1377.1667,68437,82000,Rhinolophus ferrumequinum,0.023,0.023,-1,Echolocation,/mnt/ubna_data_02_mir/recover-20221013/UBNA_001/20221012_030000.WAV,Telephone Field,recover-20221013,001,1795
1377.1555,1377.1979,68437,82744,Rhinolophus ferrumequinum,0.034,0.034,-1,Echolocation,/mnt/ubna_data_02_mir/recover-20221013/UBNA_001/20221012_030000.WAV,Telephone Field,recover-20221013,001,1795
1377.1645,1377.1735,23750,31291,Plecotus austriacus,0.007,0.022,-1,Echolocation,/mnt/ubna_data_02_mir/recover-20221013/UBNA_001/20221012_030000.WAV,Telephone Field,recover-20221013,001,1795
1377.2465,1377.2547,28906,40327,Eptesicus serotinus,0.008,0.022,-1,Echolocation,/mnt/ubna_data_02_mir/recover-20221013/UBNA_001/20221012_030000.WAV,Telephone Field,recover-20221013,001,1795
1377.2685,1377.3082,68437,82160,Rhinolophus ferrumequinum,0.024,0.024,-1,Echolocation,/mnt/ubna_data_02_mir/recover-20221013/UBNA_001/20221012_030000.WAV,Telephone Field,recover-20221013,001,1795
1377.2985,1377.3355999999999,68437,82095,Rhinolophus ferrumequinum,0.021,0.022,-1,Echolocation,/mnt/ubna_data_02_mir/recover-20221013/UBNA_001/20221012_030000.WAV,Telephone Field,recover-20221013,001,1795
1377.3475,1377.3839,68437,81462,Rhinolophus ferrumequinum,0.021,0.021,-1,Echolocation,/mnt/ubna_data_02_mir/recover-20221013/UBNA_001/20221012_030000.WAV,Telephone Field,recover-20221013,001,1795
1377.4205,1377.458,68437,82299,Rhinolophus ferrumequinum,0.027,0.027,-1,Echolocation,/mnt/ubna_data_02_mir/recover-20221013/UBNA_001/20221012_030000.WAV,Telephone Field,recover-20221013,001,1795
1377.4335,1377.4746,68437,82576,Rhinolophus ferrumequinum,0.026,0.026,-1,Echolocation,/mnt/ubna_data_02_mir/recover-20221013/UBNA_001/20221012_030000.WAV,Telephone Field,recover-20221013,001,1795
1377.4425,1377.4825,68437,82473,Rhinolophus ferrumequinum,0.022,0.022,-1,Echolocation,/mnt/ubna_data_02_mir/recover-20221013/UBNA_001/20221012_030000.WAV,Telephone Field,recover-20221013,001,1795
1377.4435,1377.4567,23750,28596,Nyctalus leisleri,0.011,0.023,-1,Echolocation,/mnt/ubna_data_02_mir/recover-20221013/UBNA_001/20221012_030000.WAV,Telephone Field,recover-20221013,001,1795
1377.4675,1377.4758,27187,39676,Eptesicus serotinus,0.008,0.023,-1,Echolocation,/mnt/ubna_data_02_mir/recover-20221013/UBNA_001/20221012_030000.WAV,Telephone Field,recover-20221013,001,1795
1377.5025,1377.5385,68437,80924,Rhinolophus ferrumequinum,0.027,0.027,-1,Echolocation,/mnt/ubna_data_02_mir/recover-20221013/UBNA_001/20221012_030000.WAV,Telephone Field,recover-20221013,001,1795
1377.5595,1377.5994,68437,81874,Rhinolophus ferrumequinum,0.022,0.022,-1,Echolocation,/mnt/ubna_data_02_mir/recover-20221013/UBNA_001/20221012_030000.WAV,Telephone Field,recover-20221013,001,1795
1377.5955,1377.6063,23750,30250,Nyctalus leisleri,0.009,0.022,-1,Echolocation,/mnt/ubna_data_02_mir/recover-20221013/UBNA_001/20221012_030000.WAV,Telephone Field,recover-20221013,001,1795
1377.5975,1377.634,68437,81010,Rhinolophus ferrumequinum,0.022,0.022,-1,Echolocation,/mnt/ubna_data_02_mir/recover-20221013/UBNA_001/20221012_030000.WAV,Telephone Field,recover-20221013,001,1795
1377.6165,1377.6534,68437,82153,Rhinolophus ferrumequinum,0.021,0.021,-1,Echolocation,/mnt/ubna_data_02_mir/recover-20221013/UBNA_001/20221012_030000.WAV,Telephone Field,recover-20221013,001,1795
1377.6255,1377.6632,68437,82020,Rhinolophus ferrumequinum,0.022,0.022,-1,Echolocation,/mnt/ubna_data_02_mir/recover-20221013/UBNA_001/20221012_030000.WAV,Telephone Field,recover-20221013,001,1795
1377.6305,1377.6687,68437,82174,Rhinolophus ferrumequinum,0.022,0.022,-1,Echolocation,/mnt/ubna_data_02_mir/recover-20221013/UBNA_001/20221012_030000.WAV,Telephone Field,recover-20221013,001,1795
1377.6825,1377.693,22031,26495,Nyctalus leisleri,0.011,0.021,-1,Echolocation,/mnt/ubna_data_02_mir/recover-20221013/UBNA_001/20221012_030000.WAV,Telephone Field,recover-20221013,001,1795
1377.7125,1377.7221,28046,36843,Eptesicus serotinus,0.008,0.022,-1,Echolocation,/mnt/ubna_data_02_mir/recover-20221013/UBNA_001/20221012_030000.WAV,Telephone Field,recover-20221013,001,1795
1377.7135,1377.7547,68437,82496,Rhinolophus ferrumequinum,0.024,0.024,-1,Echolocation,/mnt/ubna_data_02_mir/recover-20221013/UBNA_001/20221012_030000.WAV,Telephone Field,recover-20221013,001,1795
1377.7225,1377.7635,68437,83055,Rhinolophus ferrumequinum,0.023,0.023,-1,Echolocation,/mnt/ubna_data_02_mir/recover-20221013/UBNA_001/20221012_030000.WAV,Telephone Field,recover-20221013,001,1795
1377.7675,1377.7747,23750,32708,Plecotus austriacus,0.01,0.023,-1,Echolocation,/mnt/ubna_data_02_mir/recover-20221013/UBNA_001/20221012_030000.WAV,Telephone Field,recover-20221013,001,1795
1377.7935,1377.8357,68437,82595,Rhinolophus ferrumequinum,0.024,0.024,-1,Echolocation,/mnt/ubna_data_02_mir/recover-20221013/UBNA_001/20221012_030000.WAV,Telephone Field,recover-20221013,001,1795
1377.7985,1377.8058,28046,39490,Eptesicus serotinus,0.008,0.023,-1,Echolocation,/mnt/ubna_data_02_mir/recover-20221013/UBNA_001/20221012_030000.WAV,Telephone Field,recover-20221013,001,1795
1377.8065,1377.8476,68437,82855,Rhinolophus ferrumequinum,0.022,0.022,-1,Echolocation,/mnt/ubna_data_02_mir/recover-20221013/UBNA_001/20221012_030000.WAV,Telephone Field,recover-20221013,001,1795
1377.8355,1377.8808,68437,82961,Rhinolophus ferrumequinum,0.06,0.06,-1,Echolocation,/mnt/ubna_data_02_mir/recover-20221013/UBNA_001/20221012_030000.WAV,Telephone Field,recover-20221013,001,1795
1377.8705,1377.9105,68437,82240,Rhinolophus ferrumequinum,0.026,0.026,-1,Echolocation,/mnt/ubna_data_02_mir/recover-20221013/UBNA_001/20221012_030000.WAV,Telephone Field,recover-20221013,001,1795
1377.9005,1377.9422,68437,82969,Rhinolophus ferrumequinum,0.033,0.033,-1,Echolocation,/mnt/ubna_data_02_mir/recover-20221013/UBNA_001/20221012_030000.WAV,Telephone Field,recover-20221013,001,1795
1377.9355,1377.9419,28906,39095,Eptesicus serotinus,0.006,0.025,-1,Echolocation,/mnt/ubna_data_02_mir/recover-20221013/UBNA_001/20221012_030000.WAV,Telephone Field,recover-20221013,001,1795
1377.9445,1377.9841,68437,82386,Rhinolophus ferrumequinum,0.026,0.026,-1,Echolocation,/mnt/ubna_data_02_mir/recover-20221013/UBNA_001/20221012_030000.WAV,Telephone Field,recover-20221013,001,1795
1377.9565,1377.9699,23750,29191,Nyctalus leisleri,0.016,0.032,-1,Echolocation,/mnt/ubna_data_02_mir/recover-20221013/UBNA_001/20221012_030000.WAV,Telephone Field,recover-20221013,001,1795
1377.9595,1377.997,68437,82217,Rhinolophus ferrumequinum,0.023,0.023,-1,Echolocation,/mnt/ubna_data_02_mir/recover-20221013/UBNA_001/20221012_030000.WAV,Telephone Field,recover-20221013,001,1795
1377.9845,1377.9971,21171,25462,Nyctalus leisleri,0.014,0.027,-1,Echolocation,/mnt/ubna_data_02_mir/recover-20221013/UBNA_001/20221012_030000.WAV,Telephone Field,recover-20221013,001,1795
1378.0015,1378.0081,48671,55118,Pipistrellus pipistrellus,0.017,0.024,-1,Echolocation,/mnt/ubna_data_02_mir/recover-20221013/UBNA_001/20221012_030000.WAV,Telephone Field,recover-20221013,001,1795
1378.0015,1378.0349,68437,79772,Rhinolophus ferrumequinum,0.026,0.026,-1,Echolocation,/mnt/ubna_data_02_mir/recover-20221013/UBNA_001/20221012_030000.WAV,Telephone Field,recover-20221013,001,1795
1378.0015,1378.0105,23750,31083,Nyctalus leisleri,0.009,0.032,-1,Echolocation,/mnt/ubna_data_02_mir/recover-20221013/UBNA_001/20221012_030000.WAV,Telephone Field,recover-20221013,001,1795
1378.0125,1378.0558,68437,82911,Rhinolophus ferrumequinum,0.023,0.023,-1,Echolocation,/mnt/ubna_data_02_mir/recover-20221013/UBNA_001/20221012_030000.WAV,Telephone Field,recover-20221013,001,1795
1378.0135,1378.0214,27187,39496,Eptesicus serotinus,0.008,0.023,-1,Echolocation,/mnt/ubna_data_02_mir/recover-20221013/UBNA_001/20221012_030000.WAV,Telephone Field,recover-20221013,001,1795
1378.1085,1378.1456,68437,82358,Rhinolophus ferrumequinum,0.029,0.029,-1,Echolocation,/mnt/ubna_data_02_mir/recover-20221013/UBNA_001/20221012_030000.WAV,Telephone Field,recover-20221013,001,1795
1378.1415,1378.1526,44375,47807,Pipistrellus pipistrellus,0.036,0.039,-1,Echolocation,/mnt/ubna_data_02_mir/recover-20221013/UBNA_001/20221012_030000.WAV,Telephone Field,recover-20221013,001,1795
1378.1665,1378.1777,23750,29182,Nyctalus leisleri,0.011,0.023,-1,Echolocation,/mnt/ubna_data_02_mir/recover-20221013/UBNA_001/20221012_030000.WAV,Telephone Field,recover-20221013,001,1795
1378.1845,1378.1909,46953,51355,Pipistrellus pipistrellus,0.025,0.026,-1,Echolocation,/mnt/ubna_data_02_mir/recover-20221013/UBNA_001/20221012_030000.WAV,Telephone Field,recover-20221013,001,1795
1378.1965,1378.2336,68437,81680,Rhinolophus ferrumequinum,0.024,0.024,-1,Echolocation,/mnt/ubna_data_02_mir/recover-20221013/UBNA_001/20221012_030000.WAV,Telephone Field,recover-20221013,001,1795
1378.2135,1378.2217,28046,40165,Eptesicus serotinus,0.013,0.033,-1,Echolocation,/mnt/ubna_data_02_mir/recover-20221013/UBNA_001/20221012_030000.WAV,Telephone Field,recover-20221013,001,1795
1378.2485,1378.2574,25468,33910,Eptesicus serotinus,0.008,0.023,-1,Echolocation,/mnt/ubna_data_02_mir/recover-20221013/UBNA_001/20221012_030000.WAV,Telephone Field,recover-20221013,001,1795
1378.2815,1378.2914,28046,36162,Eptesicus serotinus,0.009,0.023,-1,Echolocation,/mnt/ubna_data_02_mir/recover-20221013/UBNA_001/20221012_030000.WAV,Telephone Field,recover-20221013,001,1795
1378.2825,1378.3193,68437,82255,Rhinolophus ferrumequinum,0.023,0.023,-1,Echolocation,/mnt/ubna_data_02_mir/recover-20221013/UBNA_001/20221012_030000.WAV,Telephone Field,recover-20221013,001,1795
1378.3345,1378.3418,28046,38339,Eptesicus serotinus,0.012,0.039,-1,Echolocation,/mnt/ubna_data_02_mir/recover-20221013/UBNA_001/20221012_030000.WAV,Telephone Field,recover-20221013,001,1795
1378.4415,1378.4496,27187,38168,Eptesicus serotinus,0.008,0.025,-1,Echolocation,/mnt/ubna_data_02_mir/recover-20221013/UBNA_001/20221012_030000.WAV,Telephone Field,recover-20221013,001,1795
1378.4515,1378.4886,68437,81440,Rhinolophus ferrumequinum,0.023,0.023,-1,Echolocation,/mnt/ubna_data_02_mir/recover-20221013/UBNA_001/20221012_030000.WAV,Telephone Field,recover-20221013,001,1795
1378.4925,1378.5338,68437,82216,Rhinolophus ferrumequinum,0.026,0.026,-1,Echolocation,/mnt/ubna_data_02_mir/recover-20221013/UBNA_001/20221012_030000.WAV,Telephone Field,recover-20221013,001,1795
1378.4935,1378.5057,22890,27841,Nyctalus leisleri,0.012,0.023,-1,Echolocation,/mnt/ubna_data_02_mir/recover-20221013/UBNA_001/20221012_030000.WAV,Telephone Field,recover-20221013,001,1795
1378.5135,1378.5491,68437,80510,Rhinolophus ferrumequinum,0.023,0.023,-1,Echolocation,/mnt/ubna_data_02_mir/recover-20221013/UBNA_001/20221012_030000.WAV,Telephone Field,recover-20221013,001,1795
1378.5545,1378.5638,30625,39494,Myotis daubentonii,0.008,0.023,-1,Echolocation,/mnt/ubna_data_02_mir/recover-20221013/UBNA_001/20221012_030000.WAV,Telephone Field,recover-20221013,001,1795
1378.5885,1378.5965,28046,39585,Eptesicus serotinus,0.007,0.022,-1,Echolocation,/mnt/ubna_data_02_mir/recover-20221013/UBNA_001/20221012_030000.WAV,Telephone Field,recover-20221013,001,1795
1378.6115,1378.6485,68437,82126,Rhinolophus ferrumequinum,0.023,0.023,-1,Echolocation,/mnt/ubna_data_02_mir/recover-20221013/UBNA_001/20221012_030000.WAV,Telephone Field,recover-20221013,001,1795
1378.6205,1378.6595,68437,81292,Rhinolophus ferrumequinum,0.022,0.022,-1,Echolocation,/mnt/ubna_data_02_mir/recover-20221013/UBNA_001/20221012_030000.WAV,Telephone Field,recover-20221013,001,1795
1378.6225,1378.6316,28906,37801,Eptesicus serotinus,0.01,0.027,-1,Echolocation,/mnt/ubna_data_02_mir/recover-20221013/UBNA_001/20221012_030000.WAV,Telephone Field,recover-20221013,001,1795
1378.6495,1378.657,60703,66699,Pipistrellus pygmaeus,0.035,0.036,-1,Echolocation,/mnt/ubna_data_02_mir/recover-20221013/UBNA_001/20221012_030000.WAV,Telephone Field,recover-20221013,001,1795
1378.6795,1378.7185,68437,81800,Rhinolophus ferrumequinum,0.022,0.022,-1,Echolocation,/mnt/ubna_data_02_mir/recover-20221013/UBNA_001/20221012_030000.WAV,Telephone Field,recover-20221013,001,1795
1378.7195,1378.7618,68437,82876,Rhinolophus ferrumequinum,0.022,0.022,-1,Echolocation,/mnt/ubna_data_02_mir/recover-20221013/UBNA_001/20221012_030000.WAV,Telephone Field,recover-20221013,001,1795
1378.7365,1378.7443,28906,40083,Eptesicus serotinus,0.007,0.023,-1,Echolocation,/mnt/ubna_data_02_mir/recover-20221013/UBNA_001/20221012_030000.WAV,Telephone Field,recover-20221013,001,1795
1378.7495,1378.7901,68437,82087,Rhinolophus ferrumequinum,0.026,0.026,-1,Echolocation,/mnt/ubna_data_02_mir/recover-20221013/UBNA_001/20221012_030000.WAV,Telephone Field,recover-20221013,001,1795
1378.7705,1378.7783,33203,43695,Myotis daubentonii,0.011,0.024,-1,Echolocation,/mnt/ubna_data_02_mir/recover-20221013/UBNA_001/20221012_030000.WAV,Telephone Field,recover-20221013,001,1795
1378.8155,1378.8219,26328,38604,Plecotus austriacus,0.007,0.03,-1,Echolocation,/mnt/ubna_data_02_mir/recover-20221013/UBNA_001/20221012_030000.WAV,Telephone Field,recover-20221013,001,1795
1378.8435,1378.8859,68437,82863,Rhinolophus ferrumequinum,0.039,0.039,-1,Echolocation,/mnt/ubna_data_02_mir/recover-20221013/UBNA_001/20221012_030000.WAV,Telephone Field,recover-20221013,001,1795
1378.8565,1378.8669,25468,31372,Nyctalus leisleri,0.011,0.03,-1,Echolocation,/mnt/ubna_data_02_mir/recover-20221013/UBNA_001/20221012_030000.WAV,Telephone Field,recover-20221013,001,1795
1378.8735,1378.8802,50390,55725,Pipistrellus pipistrellus,0.023,0.025,-1,Echolocation,/mnt/ubna_data_02_mir/recover-20221013/UBNA_001/20221012_030000.WAV,Telephone Field,recover-20221013,001,1795
1378.8995,1378.9371,68437,81869,Rhinolophus ferrumequinum,0.022,0.022,-1,Echolocation,/mnt/ubna_data_02_mir/recover-20221013/UBNA_001/20221012_030000.WAV,Telephone Field,recover-20221013,001,1795
1378.9135,1378.9536,68437,82448,Rhinolophus ferrumequinum,0.023,0.023,-1,Echolocation,/mnt/ubna_data_02_mir/recover-20221013/UBNA_001/20221012_030000.WAV,Telephone Field,recover-20221013,001,1795
1378.9155,1378.9261,23750,29416,Nyctalus leisleri,0.01,0.022,-1,Echolocation,/mnt/ubna_data_02_mir/recover-20221013/UBNA_001/20221012_030000.WAV,Telephone Field,recover-20221013,001,1795
1378.9195,1378.9611,68437,82559,Rhinolophus ferrumequinum,0.024,0.024,-1,Echolocation,/mnt/ubna_data_02_mir/recover-20221013/UBNA_001/20221012_030000.WAV,Telephone Field,recover-20221013,001,1795
1378.9535,1378.9698,22031,25585,Nyctalus leisleri,0.017,0.028,-1,Echolocation,/mnt/ubna_data_02_mir/recover-20221013/UBNA_001/20221012_030000.WAV,Telephone Field,recover-20221013,001,1795
1378.9755,1379.0173,68437,82804,Rhinolophus ferrumequinum,0.024,0.024,-1,Echolocation,/mnt/ubna_data_02_mir/recover-20221013/UBNA_001/20221012_030000.WAV,Telephone Field,recover-20221013,001,1795
1379.0545,1379.0958,68437,82266,Rhinolophus ferrumequinum,0.032,0.032,-1,Echolocation,/mnt/ubna_data_02_mir/recover-20221013/UBNA_001/20221012_030000.WAV,Telephone Field,recover-20221013,001,1795
1379.0755,1379.1152,68437,82212,Rhinolophus ferrumequinum,0.026,0.026,-1,Echolocation,/mnt/ubna_data_02_mir/recover-20221013/UBNA_001/20221012_030000.WAV,Telephone Field,recover-20221013,001,1795
1379.0905,1379.101,28906,37349,Eptesicus serotinus,0.01,0.023,-1,Echolocation,/mnt/ubna_data_02_mir/recover-20221013/UBNA_001/20221012_030000.WAV,Telephone Field,recover-20221013,001,1795
1379.1085,1379.1174,22890,30083,Plecotus austriacus,0.008,0.024,-1,Echolocation,/mnt/ubna_data_02_mir/recover-20221013/UBNA_001/20221012_030000.WAV,Telephone Field,recover-20221013,001,1795
1379.1735,1379.2118,68437,81800,Rhinolophus ferrumequinum,0.024,0.024,-1,Echolocation,/mnt/ubna_data_02_mir/recover-20221013/UBNA_001/20221012_030000.WAV,Telephone Field,recover-20221013,001,1795
1379.1915,1379.2285,68437,81865,Rhinolophus ferrumequinum,0.022,0.022,-1,Echolocation,/mnt/ubna_data_02_mir/recover-20221013/UBNA_001/20221012_030000.WAV,Telephone Field,recover-20221013,001,1795
1379.2015,1379.2402,68437,82084,Rhinolophus ferrumequinum,0.024,0.024,-1,Echolocation,/mnt/ubna_data_02_mir/recover-20221013/UBNA_001/20221012_030000.WAV,Telephone Field,recover-20221013,001,1795
1379.2575,1379.2688,22031,27376,Nyctalus leisleri,0.01,0.023,-1,Echolocation,/mnt/ubna_data_02_mir/recover-20221013/UBNA_001/20221012_030000.WAV,Telephone Field,recover-20221013,001,1795
1379.2615,1379.2704,28046,37930,Eptesicus serotinus,0.007,0.023,-1,Echolocation,/mnt/ubna_data_02_mir/recover-20221013/UBNA_001/20221012_030000.WAV,Telephone Field,recover-20221013,001,1795
1379.2755,1379.3145,68437,82459,Rhinolophus ferrumequinum,0.046,0.046,-1,Echolocation,/mnt/ubna_data_02_mir/recover-20221013/UBNA_001/20221012_030000.WAV,Telephone Field,recover-20221013,001,1795
1379.3105,1379.3492,68437,81479,Rhinolophus ferrumequinum,0.032,0.032,-1,Echolocation,/mnt/ubna_data_02_mir/recover-20221013/UBNA_001/20221012_030000.WAV,Telephone Field,recover-20221013,001,1795
1379.3825,1379.422,68437,82225,Rhinolophus ferrumequinum,0.024,0.024,-1,Echolocation,/mnt/ubna_data_02_mir/recover-20221013/UBNA_001/20221012_030000.WAV,Telephone Field,recover-20221013,001,1795
1379.3855,1379.3917,28046,40971,Eptesicus serotinus,0.007,0.032,-1,Echolocation,/mnt/ubna_data_02_mir/recover-20221013/UBNA_001/20221012_030000.WAV,Telephone Field,recover-20221013,001,1795
1379.4015,1379.4116,22031,27749,Nyctalus leisleri,0.009,0.022,-1,Echolocation,/mnt/ubna_data_02_mir/recover-20221013/UBNA_001/20221012_030000.WAV,Telephone Field,recover-20221013,001,1795
1379.4225,1379.468,68437,83104,Rhinolophus ferrumequinum,0.048,0.048,-1,Echolocation,/mnt/ubna_data_02_mir/recover-20221013/UBNA_001/20221012_030000.WAV,Telephone Field,recover-20221013,001,1795
1379.4555,1379.4618,24609,35406,Plecotus austriacus,0.01,0.025,-1,Echolocation,/mnt/ubna_data_02_mir/recover-20221013/UBNA_001/20221012_030000.WAV,Telephone Field,recover-20221013,001,1795
1379.4715,1379.5118,68437,82572,Rhinolophus ferrumequinum,0.025,0.025,-1,Echolocation,/mnt/ubna_data_02_mir/recover-20221013/UBNA_001/20221012_030000.WAV,Telephone Field,recover-20221013,001,1795
1379.4775,1379.4881,22890,27973,Nyctalus leisleri,0.011,0.024,-1,Echolocation,/mnt/ubna_data_02_mir/recover-20221013/UBNA_001/20221012_030000.WAV,Telephone Field,recover-20221013,001,1795
1379.4835,1379.5237,68437,82063,Rhinolophus ferrumequinum,0.024,0.024,-1,Echolocation,/mnt/ubna_data_02_mir/recover-20221013/UBNA_001/20221012_030000.WAV,Telephone Field,recover-20221013,001,1795
1379.5045,1379.5136,22031,28519,Plecotus austriacus,0.009,0.022,-1,Echolocation,/mnt/ubna_data_02_mir/recover-20221013/UBNA_001/20221012_030000.WAV,Telephone Field,recover-20221013,001,1795
1379.5335,1379.5759,68437,82748,Rhinolophus ferrumequinum,0.024,0.024,-1,Echolocation,/mnt/ubna_data_02_mir/recover-20221013/UBNA_001/20221012_030000.WAV,Telephone Field,recover-20221013,001,1795
1379.5395,1379.5805,68437,82591,Rhinolophus ferrumequinum,0.024,0.024,-1,Echolocation,/mnt/ubna_data_02_mir/recover-20221013/UBNA_001/20221012_030000.WAV,Telephone Field,recover-20221013,001,1795
1379.5495,1379.5912,68437,82624,Rhinolophus ferrumequinum,0.023,0.023,-1,Echolocation,/mnt/ubna_data_02_mir/recover-20221013/UBNA_001/20221012_030000.WAV,Telephone Field,recover-20221013,001,1795
1379.5815,1379.6236,68437,83197,Rhinolophus ferrumequinum,0.03,0.03,-1,Echolocation,/mnt/ubna_data_02_mir/recover-20221013/UBNA_001/20221012_030000.WAV,Telephone Field,recover-20221013,001,1795
1379.6345,1379.674,68437,81542,Rhinolophus ferrumequinum,0.023,0.023,-1,Echolocation,/mnt/ubna_data_02_mir/recover-20221013/UBNA_001/20221012_030000.WAV,Telephone Field,recover-20221013,001,1795
1379.6435,1379.6817,68437,81634,Rhinolophus ferrumequinum,0.025,0.025,-1,Echolocation,/mnt/ubna_data_02_mir/recover-20221013/UBNA_001/20221012_030000.WAV,Telephone Field,recover-20221013,001,1795
1379.6865,1379.7285,68437,82432,Rhinolophus ferrumequinum,0.024,0.024,-1,Echolocation,/mnt/ubna_data_02_mir/recover-20221013/UBNA_001/20221012_030000.WAV,Telephone Field,recover-20221013,001,1795
1379.6905,1379.6987,28046,40234,Eptesicus serotinus,0.008,0.023,-1,Echolocation,/mnt/ubna_data_02_mir/recover-20221013/UBNA_001/20221012_030000.WAV,Telephone Field,recover-20221013,001,1795
1379.7245,1379.7437,20312,23481,Nyctalus leisleri,0.017,0.033,-1,Echolocation,/mnt/ubna_data_02_mir/recover-20221013/UBNA_001/20221012_030000.WAV,Telephone Field,recover-20221013,001,1795
1379.8085,1379.8467,68437,81468,Rhinolophus ferrumequinum,0.024,0.024,-1,Echolocation,/mnt/ubna_data_02_mir/recover-20221013/UBNA_001/20221012_030000.WAV,Telephone Field,recover-20221013,001,1795
1379.9565,1379.9632,27187,39891,Eptesicus serotinus,0.007,0.026,-1,Echolocation,/mnt/ubna_data_02_mir/recover-20221013/UBNA_001/20221012_030000.WAV,Telephone Field,recover-20221013,001,1795
1379.9795,1379.9911,23750,30116,Nyctalus leisleri,0.01,0.025,-1,Echolocation,/mnt/ubna_data_02_mir/recover-20221013/UBNA_001/20221012_030000.WAV,Telephone Field,recover-20221013,001,1795
1380.0015,1380.0109,22890,31263,Nyctalus leisleri,0.012,0.032,-1,Echolocation,/mnt/ubna_data_02_mir/recover-20221013/UBNA_001/20221012_030000.WAV,Telephone Field,recover-20221013,001,1795
1380.0015,1380.0208,17734,22495,Nyctalus noctula,0.019,0.039,-1,Echolocation,/mnt/ubna_data_02_mir/recover-20221013/UBNA_001/20221012_030000.WAV,Telephone Field,recover-20221013,001,1795
1380.0015,1380.0114,48671,54429,Pipistrellus pipistrellus,0.019,0.024,-1,Echolocation,/mnt/ubna_data_02_mir/recover-20221013/UBNA_001/20221012_030000.WAV,Telephone Field,recover-20221013,001,1795
1380.0015,1380.0339,68437,80085,Rhinolophus ferrumequinum,0.038,0.039,-1,Echolocation,/mnt/ubna_data_02_mir/recover-20221013/UBNA_001/20221012_030000.WAV,Telephone Field,recover-20221013,001,1795
1380.0325,1380.0739,68437,82411,Rhinolophus ferrumequinum,0.027,0.027,-1,Echolocation,/mnt/ubna_data_02_mir/recover-20221013/UBNA_001/20221012_030000.WAV,Telephone Field,recover-20221013,001,1795
1380.0415,1380.0543,55546,60371,Pipistrellus pygmaeus,0.02,0.024,-1,Echolocation,/mnt/ubna_data_02_mir/recover-20221013/UBNA_001/20221012_030000.WAV,Telephone Field,recover-20221013,001,1795
1380.0565,1380.0909,68437,80083,Rhinolophus ferrumequinum,0.033,0.033,-1,Echolocation,/mnt/ubna_data_02_mir/recover-20221013/UBNA_001/20221012_030000.WAV,Telephone Field,recover-20221013,001,1795
1380.1235,1380.1651,68437,82610,Rhinolophus ferrumequinum,0.025,0.025,-1,Echolocation,/mnt/ubna_data_02_mir/recover-20221013/UBNA_001/20221012_030000.WAV,Telephone Field,recover-20221013,001,1795
1380.1335,1380.174,68437,82333,Rhinolophus ferrumequinum,0.024,0.024,-1,Echolocation,/mnt/ubna_data_02_mir/recover-20221013/UBNA_001/20221012_030000.WAV,Telephone Field,recover-20221013,001,1795
1380.1515,1380.1889,68437,81786,Rhinolophus ferrumequinum,0.024,0.024,-1,Echolocation,/mnt/ubna_data_02_mir/recover-20221013/UBNA_001/20221012_030000.WAV,Telephone Field,recover-20221013,001,1795
1380.1565,1380.1665,28906,37056,Eptesicus serotinus,0.011,0.027,-1,Echolocation,/mnt/ubna_data_02_mir/recover-20221013/UBNA_001/20221012_030000.WAV,Telephone Field,recover-20221013,001,1795
1380.1875,1380.2281,68437,82431,Rhinolophus ferrumequinum,0.027,0.027,-1,Echolocation,/mnt/ubna_data_02_mir/recover-20221013/UBNA_001/20221012_030000.WAV,Telephone Field,recover-20221013,001,1795
1380.1995,1380.2369,68437,81601,Rhinolophus ferrumequinum,0.023,0.023,-1,Echolocation,/mnt/ubna_data_02_mir/recover-20221013/UBNA_001/20221012_030000.WAV,Telephone Field,recover-20221013,001,1795
1380.1995,1380.2107,23750,29973,Nyctalus leisleri,0.01,0.025,-1,Echolocation,/mnt/ubna_data_02_mir/recover-20221013/UBNA_001/20221012_030000.WAV,Telephone Field,recover-20221013,001,1795
1380.2065,1380.217,24609,31296,Nyctalus leisleri,0.01,0.025,-1,Echolocation,/mnt/ubna_data_02_mir/recover-20221013/UBNA_001/20221012_030000.WAV,Telephone Field,recover-20221013,001,1795
1380.2135,1380.2532,68437,82318,Rhinolophus ferrumequinum,0.022,0.022,-1,Echolocation,/mnt/ubna_data_02_mir/recover-20221013/UBNA_001/20221012_030000.WAV,Telephone Field,recover-20221013,001,1795
1380.2135,1380.2239,44375,48970,Pipistrellus pipistrellus,0.027,0.029,-1,Echolocation,/mnt/ubna_data_02_mir/recover-20221013/UBNA_001/20221012_030000.WAV,Telephone Field,recover-20221013,001,1795
1380.2475,1380.2849,68437,81616,Rhinolophus ferrumequinum,0.022,0.022,-1,Echolocation,/mnt/ubna_data_02_mir/recover-20221013/UBNA_001/20221012_030000.WAV,Telephone Field,recover-20221013,001,1795
1380.2585,1380.2688,28906,37719,Eptesicus serotinus,0.009,0.024,-1,Echolocation,/mnt/ubna_data_02_mir/recover-20221013/UBNA_001/20221012_030000.WAV,Telephone Field,recover-20221013,001,1795
1380.2675,1380.3043,68437,81024,Rhinolophus ferrumequinum,0.025,0.025,-1,Echolocation,/mnt/ubna_data_02_mir/recover-20221013/UBNA_001/20221012_030000.WAV,Telephone Field,recover-20221013,001,1795
1380.3055,1380.3448,68437,82376,Rhinolophus ferrumequinum,0.023,0.023,-1,Echolocation,/mnt/ubna_data_02_mir/recover-20221013/UBNA_001/20221012_030000.WAV,Telephone Field,recover-20221013,001,1795
1380.3255,1380.366,68437,83347,Rhinolophus ferrumequinum,0.032,0.032,-1,Echolocation,/mnt/ubna_data_02_mir/recover-20221013/UBNA_001/20221012_030000.WAV,Telephone Field,recover-20221013,001,1795
1380.3335,1380.339,46953,55261,Pipistrellus pipistrellus,0.021,0.022,-1,Echolocation,/mnt/ubna_data_02_mir/recover-20221013/UBNA_001/20221012_030000.WAV,Telephone Field,recover-20221013,001,1795
1380.3425,1380.3802,68437,81640,Rhinolophus ferrumequinum,0.023,0.023,-1,Echolocation,/mnt/ubna_data_02_mir/recover-20221013/UBNA_001/20221012_030000.WAV,Telephone Field,recover-20221013,001,1795
1380.3525,1380.3911,68437,81602,Rhinolophus ferrumequinum,0.021,0.022,-1,Echolocation,/mnt/ubna_data_02_mir/recover-20221013/UBNA_001/20221012_030000.WAV,Telephone Field,recover-20221013,001,1795
1380.3585,1380.3964,68437,81623,Rhinolophus ferrumequinum,0.022,0.022,-1,Echolocation,/mnt/ubna_data_02_mir/recover-20221013/UBNA_001/20221012_030000.WAV,Telephone Field,recover-20221013,001,1795
1380.3805,1380.419,68437,82208,Rhinolophus ferrumequinum,0.024,0.024,-1,Echolocation,/mnt/ubna_data_02_mir/recover-20221013/UBNA_001/20221012_030000.WAV,Telephone Field,recover-20221013,001,1795
1380.3815,1380.3923,22890,27936,Nyctalus leisleri,0.018,0.036,-1,Echolocation,/mnt/ubna_data_02_mir/recover-20221013/UBNA_001/20221012_030000.WAV,Telephone Field,recover-20221013,001,1795
1380.4195,1380.4566,68437,81751,Rhinolophus ferrumequinum,0.023,0.023,-1,Echolocation,/mnt/ubna_data_02_mir/recover-20221013/UBNA_001/20221012_030000.WAV,Telephone Field,recover-20221013,001,1795
1380.4305,1380.4395,46093,53744,Pipistrellus pipistrellus,0.027,0.03,-1,Echolocation,/mnt/ubna_data_02_mir/recover-20221013/UBNA_001/20221012_030000.WAV,Telephone Field,recover-20221013,001,1795
1380.4345,1380.4745,68437,82489,Rhinolophus ferrumequinum,0.023,0.023,-1,Echolocation,/mnt/ubna_data_02_mir/recover-20221013/UBNA_001/20221012_030000.WAV,Telephone Field,recover-20221013,001,1795
1380.5095,1380.5174,26328,36220,Eptesicus serotinus,0.01,0.027,-1,Echolocation,/mnt/ubna_data_02_mir/recover-20221013/UBNA_001/20221012_030000.WAV,Telephone Field,recover-20221013,001,1795
1380.5195,1380.5612,68437,82906,Rhinolophus ferrumequinum,0.037,0.037,-1,Echolocation,/mnt/ubna_data_02_mir/recover-20221013/UBNA_001/20221012_030000.WAV,Telephone Field,recover-20221013,001,1795
1380.5335,1380.5458,22890,26261,Nyctalus leisleri,0.02,0.031,-1,Echolocation,/mnt/ubna_data_02_mir/recover-20221013/UBNA_001/20221012_030000.WAV,Telephone Field,recover-20221013,001,1795
1380.5675,1380.6064,68437,82246,Rhinolophus ferrumequinum,0.023,0.023,-1,Echolocation,/mnt/ubna_data_02_mir/recover-20221013/UBNA_001/20221012_030000.WAV,Telephone Field,recover-20221013,001,1795
1380.5835,1380.5964,22031,26325,Nyctalus leisleri,0.013,0.023,-1,Echolocation,/mnt/ubna_data_02_mir/recover-20221013/UBNA_001/20221012_030000.WAV,Telephone Field,recover-20221013,001,1795
1380.6025,1380.6422,68437,82247,Rhinolophus ferrumequinum,0.022,0.022,-1,Echolocation,/mnt/ubna_data_02_mir/recover-20221013/UBNA_001/20221012_030000.WAV,Telephone Field,recover-20221013,001,1795
1380.6205,1380.6601,68437,82650,Rhinolophus ferrumequinum,0.024,0.024,-1,Echolocation,/mnt/ubna_data_02_mir/recover-20221013/UBNA_001/20221012_030000.WAV,Telephone Field,recover-20221013,001,1795
1380.6265,1380.6407,39218,41950,Pipistrellus nathusii,0.032,0.056,-1,Echolocation,/mnt/ubna_data_02_mir/recover-20221013/UBNA_001/20221012_030000.WAV,Telephone Field,recover-20221013,001,1795
1380.6595,1380.6948,68437,80794,Rhinolophus ferrumequinum,0.025,0.025,-1,Echolocation,/mnt/ubna_data_02_mir/recover-20221013/UBNA_001/20221012_030000.WAV,Telephone Field,recover-20221013,001,1795
1380.6915,1380.7347,68437,82799,Rhinolophus ferrumequinum,0.045,0.045,-1,Echolocation,/mnt/ubna_data_02_mir/recover-20221013/UBNA_001/20221012_030000.WAV,Telephone Field,recover-20221013,001,1795
1380.7015,1380.712,50390,55094,Pipistrellus pipistrellus,0.023,0.027,-1,Echolocation,/mnt/ubna_data_02_mir/recover-20221013/UBNA_001/20221012_030000.WAV,Telephone Field,recover-20221013,001,1795
1380.7475,1380.7558,23750,31190,Plecotus austriacus,0.01,0.027,-1,Echolocation,/mnt/ubna_data_02_mir/recover-20221013/UBNA_001/20221012_030000.WAV,Telephone Field,recover-20221013,001,1795
1380.7525,1380.7895,68437,80851,Rhinolophus ferrumequinum,0.026,0.026,-1,Echolocation,/mnt/ubna_data_02_mir/recover-20221013/UBNA_001/20221012_030000.WAV,Telephone Field,recover-20221013,001,1795
1380.7845,1380.821,68437,82005,Rhinolophus ferrumequinum,0.022,0.022,-1,Echolocation,/mnt/ubna_data_02_mir/recover-20221013/UBNA_001/20221012_030000.WAV,Telephone Field,recover-20221013,001,1795
1380.7995,1380.839,68437,82026,Rhinolophus ferrumequinum,0.022,0.022,-1,Echolocation,/mnt/ubna_data_02_mir/recover-20221013/UBNA_001/20221012_030000.WAV,Telephone Field,recover-20221013,001,1795
1380.8075,1380.8489,68437,82927,Rhinolophus ferrumequinum,0.023,0.023,-1,Echolocation,/mnt/ubna_data_02_mir/recover-20221013/UBNA_001/20221012_030000.WAV,Telephone Field,recover-20221013,001,1795
1380.8085,1380.8185,22031,26983,Nyctalus leisleri,0.01,0.022,-1,Echolocation,/mnt/ubna_data_02_mir/recover-20221013/UBNA_001/20221012_030000.WAV,Telephone Field,recover-20221013,001,1795
1380.8235,1380.8627,68437,82063,Rhinolophus ferrumequinum,0.023,0.023,-1,Echolocation,/mnt/ubna_data_02_mir/recover-20221013/UBNA_001/20221012_030000.WAV,Telephone Field,recover-20221013,001,1795
1380.8415,1380.8633,20312,23377,Nyctalus leisleri,0.034,0.072,-1,Echolocation,/mnt/ubna_data_02_mir/recover-20221013/UBNA_001/20221012_030000.WAV,Telephone Field,recover-20221013,001,1795
1380.8455,1380.8858,68437,82702,Rhinolophus ferrumequinum,0.038,0.038,-1,Echolocation,/mnt/ubna_data_02_mir/recover-20221013/UBNA_001/20221012_030000.WAV,Telephone Field,recover-20221013,001,1795
1380.8605,1380.8694,28046,38923,Eptesicus serotinus,0.009,0.025,-1,Echolocation,/mnt/ubna_data_02_mir/recover-20221013/UBNA_001/20221012_030000.WAV,Telephone Field,recover-20221013,001,1795
1380.9125,1380.9524,68437,82522,Rhinolophus ferrumequinum,0.028,0.028,-1,Echolocation,/mnt/ubna_data_02_mir/recover-20221013/UBNA_001/20221012_030000.WAV,Telephone Field,recover-20221013,001,1795
1380.9315,1380.9418,22890,28490,Nyctalus leisleri,0.011,0.024,-1,Echolocation,/mnt/ubna_data_02_mir/recover-20221013/UBNA_001/20221012_030000.WAV,Telephone Field,recover-20221013,001,1795
1380.9315,1380.9724,68437,82814,Rhinolophus ferrumequinum,0.027,0.027,-1,Echolocation,/mnt/ubna_data_02_mir/recover-20221013/UBNA_001/20221012_030000.WAV,Telephone Field,recover-20221013,001,1795
1380.9315,1380.9416,28906,37452,Eptesicus serotinus,0.013,0.027,-1,Echolocation,/mnt/ubna_data_02_mir/recover-20221013/UBNA_001/20221012_030000.WAV,Telephone Field,recover-20221013,001,1795
1380.9515,1380.959,31484,41990,Eptesicus serotinus,0.012,0.035,-1,Echolocation,/mnt/ubna_data_02_mir/recover-20221013/UBNA_001/20221012_030000.WAV,Telephone Field,recover-20221013,001,1795
1380.9795,1380.9895,28906,37615,Eptesicus serotinus,0.011,0.028,-1,Echolocation,/mnt/ubna_data_02_mir/recover-20221013/UBNA_001/20221012_030000.WAV,Telephone Field,recover-20221013,001,1795
1381.0285,1381.0353,28046,39956,Eptesicus serotinus,0.007,0.025,-1,Echolocation,/mnt/ubna_data_02_mir/recover-20221013/UBNA_001/20221012_030000.WAV,Telephone Field,recover-20221013,001,1795
1381.0285,1381.0691,68437,81958,Rhinolophus ferrumequinum,0.022,0.022,-1,Echolocation,/mnt/ubna_data_02_mir/recover-20221013/UBNA_001/20221012_030000.WAV,Telephone Field,recover-20221013,001,1795
1381.0605,1381.0964,68437,80731,Rhinolophus ferrumequinum,0.022,0.022,-1,Echolocation,/mnt/ubna_data_02_mir/recover-20221013/UBNA_001/20221012_030000.WAV,Telephone Field,recover-20221013,001,1795
1381.0655,1381.073,28046,39601,Eptesicus serotinus,0.007,0.024,-1,Echolocation,/mnt/ubna_data_02_mir/recover-20221013/UBNA_001/20221012_030000.WAV,Telephone Field,recover-20221013,001,1795
1381.1335,1381.1726,68437,81771,Rhinolophus ferrumequinum,0.023,0.023,-1,Echolocation,/mnt/ubna_data_02_mir/recover-20221013/UBNA_001/20221012_030000.WAV,Telephone Field,recover-20221013,001,1795
1381.1405,1381.1507,23750,30047,Nyctalus leisleri,0.009,0.024,-1,Echolocation,/mnt/ubna_data_02_mir/recover-20221013/UBNA_001/20221012_030000.WAV,Telephone Field,recover-20221013,001,1795
1381.1975,1381.2413,68437,83064,Rhinolophus ferrumequinum,0.023,0.023,-1,Echolocation,/mnt/ubna_data_02_mir/recover-20221013/UBNA_001/20221012_030000.WAV,Telephone Field,recover-20221013,001,1795
1381.2175,1381.2268,25468,32254,Eptesicus serotinus,0.01,0.029,-1,Echolocation,/mnt/ubna_data_02_mir/recover-20221013/UBNA_001/20221012_030000.WAV,Telephone Field,recover-20221013,001,1795
1381.2265,1381.2647,68437,81463,Rhinolophus ferrumequinum,0.022,0.022,-1,Echolocation,/mnt/ubna_data_02_mir/recover-20221013/UBNA_001/20221012_030000.WAV,Telephone Field,recover-20221013,001,1795
1381.2505,1381.2888,68437,81818,Rhinolophus ferrumequinum,0.022,0.022,-1,Echolocation,/mnt/ubna_data_02_mir/recover-20221013/UBNA_001/20221012_030000.WAV,Telephone Field,recover-20221013,001,1795
1381.2535,1381.2651,34062,41889,Eptesicus serotinus,0.007,0.028,-1,Echolocation,/mnt/ubna_data_02_mir/recover-20221013/UBNA_001/20221012_030000.WAV,Telephone Field,recover-20221013,001,1795
1381.2605,1381.2692,29765,39692,Eptesicus serotinus,0.009,0.027,-1,Echolocation,/mnt/ubna_data_02_mir/recover-20221013/UBNA_001/20221012_030000.WAV,Telephone Field,recover-20221013,001,1795
1381.2675,1381.2777,28906,35023,Eptesicus serotinus,0.01,0.024,-1,Echolocation,/mnt/ubna_data_02_mir/recover-20221013/UBNA_001/20221012_030000.WAV,Telephone Field,recover-20221013,001,1795
1381.3015,1381.3128,43515,47122,Pipistrellus pipistrellus,0.032,0.035,-1,Echolocation,/mnt/ubna_data_02_mir/recover-20221013/UBNA_001/20221012_030000.WAV,Telephone Field,recover-20221013,001,1795
1381.3095,1381.3174,27187,39030,Eptesicus serotinus,0.007,0.022,-1,Echolocation,/mnt/ubna_data_02_mir/recover-20221013/UBNA_001/20221012_030000.WAV,Telephone Field,recover-20221013,001,1795
1381.3125,1381.3499,68437,81268,Rhinolophus ferrumequinum,0.024,0.024,-1,Echolocation,/mnt/ubna_data_02_mir/recover-20221013/UBNA_001/20221012_030000.WAV,Telephone Field,recover-20221013,001,1795
1381.3185,1381.3554,68437,81116,Rhinolophus ferrumequinum,0.022,0.022,-1,Echolocation,/mnt/ubna_data_02_mir/recover-20221013/UBNA_001/20221012_030000.WAV,Telephone Field,recover-20221013,001,1795
1381.3405,1381.3481,28046,38833,Eptesicus serotinus,0.006,0.023,-1,Echolocation,/mnt/ubna_data_02_mir/recover-20221013/UBNA_001/20221012_030000.WAV,Telephone Field,recover-20221013,001,1795
1381.3425,1381.3806,68437,82361,Rhinolophus ferrumequinum,0.022,0.022,-1,Echolocation,/mnt/ubna_data_02_mir/recover-20221013/UBNA_001/20221012_030000.WAV,Telephone Field,recover-20221013,001,1795
1381.3565,1381.397,68437,82315,Rhinolophus ferrumequinum,0.022,0.022,-1,Echolocation,/mnt/ubna_data_02_mir/recover-20221013/UBNA_001/20221012_030000.WAV,Telephone Field,recover-20221013,001,1795
1381.3665,1381.4094,68437,83334,Rhinolophus ferrumequinum,0.026,0.026,-1,Echolocation,/mnt/ubna_data_02_mir/recover-20221013/UBNA_001/20221012_030000.WAV,Telephone Field,recover-20221013,001,1795
1381.3695,1381.3785,28906,37678,Eptesicus serotinus,0.009,0.023,-1,Echolocation,/mnt/ubna_data_02_mir/recover-20221013/UBNA_001/20221012_030000.WAV,Telephone Field,recover-20221013,001,1795
1381.3735,1381.4159,68437,83061,Rhinolophus ferrumequinum,0.025,0.025,-1,Echolocation,/mnt/ubna_data_02_mir/recover-20221013/UBNA_001/20221012_030000.WAV,Telephone Field,recover-20221013,001,1795
1381.3995,1381.4096,24609,31181,Nyctalus leisleri,0.008,0.023,-1,Echolocation,/mnt/ubna_data_02_mir/recover-20221013/UBNA_001/20221012_030000.WAV,Telephone Field,recover-20221013,001,1795
1381.4485,1381.4897,68437,83026,Rhinolophus ferrumequinum,0.025,0.025,-1,Echolocation,/mnt/ubna_data_02_mir/recover-20221013/UBNA_001/20221012_030000.WAV,Telephone Field,recover-20221013,001,1795
1381.4915,1381.529,68437,81581,Rhinolophus ferrumequinum,0.022,0.023,-1,Echolocation,/mnt/ubna_data_02_mir/recover-20221013/UBNA_001/20221012_030000.WAV,Telephone Field,recover-20221013,001,1795
1381.5265,1381.5385,22890,27302,Nyctalus leisleri,0.017,0.032,-1,Echolocation,/mnt/ubna_data_02_mir/recover-20221013/UBNA_001/20221012_030000.WAV,Telephone Field,recover-20221013,001,1795
1381.5315,1381.5729,68437,82413,Rhinolophus ferrumequinum,0.031,0.031,-1,Echolocation,/mnt/ubna_data_02_mir/recover-20221013/UBNA_001/20221012_030000.WAV,Telephone Field,recover-20221013,001,1795
1381.5455,1381.5842,68437,81851,Rhinolophus ferrumequinum,0.026,0.026,-1,Echolocation,/mnt/ubna_data_02_mir/recover-20221013/UBNA_001/20221012_030000.WAV,Telephone Field,recover-20221013,001,1795
1381.5595,1381.5963,68437,81360,Rhinolophus ferrumequinum,0.024,0.024,-1,Echolocation,/mnt/ubna_data_02_mir/recover-20221013/UBNA_001/20221012_030000.WAV,Telephone Field,recover-20221013,001,1795
1381.5745,1381.6161,68437,82055,Rhinolophus ferrumequinum,0.024,0.024,-1,Echolocation,/mnt/ubna_data_02_mir/recover-20221013/UBNA_001/20221012_030000.WAV,Telephone Field,recover-20221013,001,1795
1381.5825,1381.6253,68437,82651,Rhinolophus ferrumequinum,0.026,0.026,-1,Echolocation,/mnt/ubna_data_02_mir/recover-20221013/UBNA_001/20221012_030000.WAV,Telephone Field,recover-20221013,001,1795
1381.6445,1381.6515,29765,42707,Eptesicus serotinus,0.008,0.028,-1,Echolocation,/mnt/ubna_data_02_mir/recover-20221013/UBNA_001/20221012_030000.WAV,Telephone Field,recover-20221013,001,1795
1381.6725,1381.6834,27187,34267,Eptesicus serotinus,0.011,0.022,-1,Echolocation,/mnt/ubna_data_02_mir/recover-20221013/UBNA_001/20221012_030000.WAV,Telephone Field,recover-20221013,001,1795
1381.6825,1381.6926,29765,38209,Eptesicus serotinus,0.016,0.031,-1,Echolocation,/mnt/ubna_data_02_mir/recover-20221013/UBNA_001/20221012_030000.WAV,Telephone Field,recover-20221013,001,1795
1381.6895,1381.7312,68437,81215,Rhinolophus ferrumequinum,0.046,0.046,-1,Echolocation,/mnt/ubna_data_02_mir/recover-20221013/UBNA_001/20221012_030000.WAV,Telephone Field,recover-20221013,001,1795
1381.6905,1381.7017,29765,37349,Eptesicus serotinus,0.013,0.028,-1,Echolocation,/mnt/ubna_data_02_mir/recover-20221013/UBNA_001/20221012_030000.WAV,Telephone Field,recover-20221013,001,1795
1381.7465,1381.7858,68437,81600,Rhinolophus ferrumequinum,0.023,0.023,-1,Echolocation,/mnt/ubna_data_02_mir/recover-20221013/UBNA_001/20221012_030000.WAV,Telephone Field,recover-20221013,001,1795
1381.7465,1381.7545,44375,56609,Pipistrellus pipistrellus,0.013,0.023,-1,Echolocation,/mnt/ubna_data_02_mir/recover-20221013/UBNA_001/20221012_030000.WAV,Telephone Field,recover-20221013,001,1795
1381.7565,1381.7946,68437,81894,Rhinolophus ferrumequinum,0.023,0.023,-1,Echolocation,/mnt/ubna_data_02_mir/recover-20221013/UBNA_001/20221012_030000.WAV,Telephone Field,recover-20221013,001,1795
1381.7645,1381.8037,68437,81870,Rhinolophus ferrumequinum,0.022,0.022,-1,Echolocation,/mnt/ubna_data_02_mir/recover-20221013/UBNA_001/20221012_030000.WAV,Telephone Field,recover-20221013,001,1795
1381.7695,1381.7808,24609,31244,Nyctalus leisleri,0.01,0.026,-1,Echolocation,/mnt/ubna_data_02_mir/recover-20221013/UBNA_001/20221012_030000.WAV,Telephone Field,recover-20221013,001,1795
1381.8045,1381.8422,68437,81237,Rhinolophus ferrumequinum,0.029,0.029,-1,Echolocation,/mnt/ubna_data_02_mir/recover-20221013/UBNA_001/20221012_030000.WAV,Telephone Field,recover-20221013,001,1795
1381.8415,1381.8798,68437,81799,Rhinolophus ferrumequinum,0.022,0.022,-1,Echolocation,/mnt/ubna_data_02_mir/recover-20221013/UBNA_001/20221012_030000.WAV,Telephone Field,recover-20221013,001,1795
1381.8605,1381.8982,68437,82035,Rhinolophus ferrumequinum,0.043,0.043,-1,Echolocation,/mnt/ubna_data_02_mir/recover-20221013/UBNA_001/20221012_030000.WAV,Telephone Field,recover-20221013,001,1795
1381.8805,1381.9213,68437,82356,Rhinolophus ferrumequinum,0.028,0.028,-1,Echolocation,/mnt/ubna_data_02_mir/recover-20221013/UBNA_001/20221012_030000.WAV,Telephone Field,recover-20221013,001,1795
1381.9155,1381.9596,68437,83099,Rhinolophus ferrumequinum,0.035,0.035,-1,Echolocation,/mnt/ubna_data_02_mir/recover-20221013/UBNA_001/20221012_030000.WAV,Telephone Field,recover-20221013,001,1795
1382.0015,1382.0106,49531,55718,Pipistrellus pipistrellus,0.016,0.023,-1,Echolocation,/mnt/ubna_data_02_mir/recover-20221013/UBNA_001/20221012_030000.WAV,Telephone Field,recover-20221013,001,1795
1382.0015,1382.0352,69296,80892,Rhinolophus ferrumequinum,0.034,0.034,-1,Echolocation,/mnt/ubna_data_02_mir/recover-20221013/UBNA_001/20221012_030000.WAV,Telephone Field,recover-20221013,001,1795
1382.0015,1382.0104,26328,35390,Nyctalus leisleri,0.007,0.023,-1,Echolocation,/mnt/ubna_data_02_mir/recover-20221013/UBNA_001/20221012_030000.WAV,Telephone Field,recover-20221013,001,1795
1382.0265,1382.0389,58984,64483,Pipistrellus pygmaeus,0.025,0.026,-1,Echolocation,/mnt/ubna_data_02_mir/recover-20221013/UBNA_001/20221012_030000.WAV,Telephone Field,recover-20221013,001,1795
1382.0285,1382.0392,22890,29167,Nyctalus leisleri,0.01,0.025,-1,Echolocation,/mnt/ubna_data_02_mir/recover-20221013/UBNA_001/20221012_030000.WAV,Telephone Field,recover-20221013,001,1795
1382.0535,1382.0896,68437,82120,Rhinolophus ferrumequinum,0.028,0.029,-1,Echolocation,/mnt/ubna_data_02_mir/recover-20221013/UBNA_001/20221012_030000.WAV,Telephone Field,recover-20221013,001,1795
1382.0865,1382.1254,68437,83078,Rhinolophus ferrumequinum,0.025,0.025,-1,Echolocation,/mnt/ubna_data_02_mir/recover-20221013/UBNA_001/20221012_030000.WAV,Telephone Field,recover-20221013,001,1795
1382.1305,1382.1711,68437,82305,Rhinolophus ferrumequinum,0.024,0.024,-1,Echolocation,/mnt/ubna_data_02_mir/recover-20221013/UBNA_001/20221012_030000.WAV,Telephone Field,recover-20221013,001,1795
1382.1405,1382.1785,68437,81838,Rhinolophus ferrumequinum,0.023,0.023,-1,Echolocation,/mnt/ubna_data_02_mir/recover-20221013/UBNA_001/20221012_030000.WAV,Telephone Field,recover-20221013,001,1795
1382.1625,1382.2016,68437,82913,Rhinolophus ferrumequinum,0.024,0.024,-1,Echolocation,/mnt/ubna_data_02_mir/recover-20221013/UBNA_001/20221012_030000.WAV,Telephone Field,recover-20221013,001,1795
1382.2165,1382.2266,28906,39093,Eptesicus serotinus,0.012,0.031,-1,Echolocation,/mnt/ubna_data_02_mir/recover-20221013/UBNA_001/20221012_030000.WAV,Telephone Field,recover-20221013,001,1795
1382.2285,1382.2379,28046,37322,Eptesicus serotinus,0.009,0.024,-1,Echolocation,/mnt/ubna_data_02_mir/recover-20221013/UBNA_001/20221012_030000.WAV,Telephone Field,recover-20221013,001,1795
1382.2525,1382.2873,68437,81712,Rhinolophus ferrumequinum,0.026,0.026,-1,Echolocation,/mnt/ubna_data_02_mir/recover-20221013/UBNA_001/20221012_030000.WAV,Telephone Field,recover-20221013,001,1795
1382.2615,1382.2723,22890,28029,Nyctalus leisleri,0.011,0.023,-1,Echolocation,/mnt/ubna_data_02_mir/recover-20221013/UBNA_001/20221012_030000.WAV,Telephone Field,recover-20221013,001,1795
1382.2745,1382.3117,68437,80802,Rhinolophus ferrumequinum,0.026,0.026,-1,Echolocation,/mnt/ubna_data_02_mir/recover-20221013/UBNA_001/20221012_030000.WAV,Telephone Field,recover-20221013,001,1795
1382.3595,1382.3968,68437,81997,Rhinolophus ferrumequinum,0.027,0.027,-1,Echolocation,/mnt/ubna_data_02_mir/recover-20221013/UBNA_001/20221012_030000.WAV,Telephone Field,recover-20221013,001,1795
1382.3915,1382.4019,28906,36709,Eptesicus serotinus,0.013,0.029,-1,Echolocation,/mnt/ubna_data_02_mir/recover-20221013/UBNA_001/20221012_030000.WAV,Telephone Field,recover-20221013,001,1795
1382.3915,1382.4322,68437,82165,Rhinolophus ferrumequinum,0.026,0.026,-1,Echolocation,/mnt/ubna_data_02_mir/recover-20221013/UBNA_001/20221012_030000.WAV,Telephone Field,recover-20221013,001,1795
1382.4165,1382.4571,68437,82895,Rhinolophus ferrumequinum,0.034,0.034,-1,Echolocation,/mnt/ubna_data_02_mir/recover-20221013/UBNA_001/20221012_030000.WAV,Telephone Field,recover-20221013,001,1795
1382.4605,1382.4978,68437,81601,Rhinolophus ferrumequinum,0.023,0.023,-1,Echolocation,/mnt/ubna_data_02_mir/recover-20221013/UBNA_001/20221012_030000.WAV,Telephone Field,recover-20221013,001,1795
1382.4705,1382.5112,68437,82103,Rhinolophus ferrumequinum,0.023,0.024,-1,Echolocation,/mnt/ubna_data_02_mir/recover-20221013/UBNA_001/20221012_030000.WAV,Telephone Field,recover-20221013,001,1795
1382.4775,1382.4909,26328,32217,Eptesicus serotinus,0.023,0.051,-1,Echolocation,/mnt/ubna_data_02_mir/recover-20221013/UBNA_001/20221012_030000.WAV,Telephone Field,recover-20221013,001,1795
1382.5435,1382.5852,68437,82927,Rhinolophus ferrumequinum,0.039,0.039,-1,Echolocation,/mnt/ubna_data_02_mir/recover-20221013/UBNA_001/20221012_030000.WAV,Telephone Field,recover-20221013,001,1795
1382.5645,1382.6052,68437,82726,Rhinolophus ferrumequinum,0.023,0.023,-1,Echolocation,/mnt/ubna_data_02_mir/recover-20221013/UBNA_001/20221012_030000.WAV,Telephone Field,recover-20221013,001,1795
1382.6135,1382.6512,68437,82332,Rhinolophus ferrumequinum,0.023,0.023,-1,Echolocation,/mnt/ubna_data_02_mir/recover-20221013/UBNA_001/20221012_030000.WAV,Telephone Field,recover-20221013,001,1795
1382.6385,1382.6759,68437,81782,Rhinolophus ferrumequinum,0.023,0.023,-1,Echolocation,/mnt/ubna_data_02_mir/recover-20221013/UBNA_001/20221012_030000.WAV,Telephone Field,recover-20221013,001,1795
1382.6745,1382.6871,22890,27693,Nyctalus leisleri,0.012,0.023,-1,Echolocation,/mnt/ubna_data_02_mir/recover-20221013/UBNA_001/20221012_030000.WAV,Telephone Field,recover-20221013,001,1795
1382.7415,1382.7505,49531,55573,Pipistrellus pipistrellus,0.022,0.023,-1,Echolocation,/mnt/ubna_data_02_mir/recover-20221013/UBNA_001/20221012_030000.WAV,Telephone Field,recover-20221013,001,1795
1382.7695,1382.777,28046,38866,Eptesicus serotinus,0.007,0.025,-1,Echolocation,/mnt/ubna_data_02_mir/recover-20221013/UBNA_001/20221012_030000.WAV,Telephone Field,recover-20221013,001,1795
1382.7765,1382.816,68437,82293,Rhinolophus ferrumequinum,0.024,0.024,-1,Echolocation,/mnt/ubna_data_02_mir/recover-20221013/UBNA_001/20221012_030000.WAV,Telephone Field,recover-20221013,001,1795
1382.8055,1382.847,68437,82754,Rhinolophus ferrumequinum,0.051,0.051,-1,Echolocation,/mnt/ubna_data_02_mir/recover-20221013/UBNA_001/20221012_030000.WAV,Telephone Field,recover-20221013,001,1795
1382.8145,1382.8231,28906,38720,Eptesicus serotinus,0.01,0.027,-1,Echolocation,/mnt/ubna_data_02_mir/recover-20221013/UBNA_001/20221012_030000.WAV,Telephone Field,recover-20221013,001,1795
1382.8255,1382.8395,22890,26518,Nyctalus leisleri,0.024,0.039,-1,Echolocation,/mnt/ubna_data_02_mir/recover-20221013/UBNA_001/20221012_030000.WAV,Telephone Field,recover-20221013,001,1795
1382.8595,1382.8657,46093,49948,Pipistrellus pipistrellus,0.022,0.023,-1,Echolocation,/mnt/ubna_data_02_mir/recover-20221013/UBNA_001/20221012_030000.WAV,Telephone Field,recover-20221013,001,1795
1382.8825,1382.9237,68437,82817,Rhinolophus ferrumequinum,0.023,0.023,-1,Echolocation,/mnt/ubna_data_02_mir/recover-20221013/UBNA_001/20221012_030000.WAV,Telephone Field,recover-20221013,001,1795
1382.8925,1382.9335,68437,82870,Rhinolophus ferrumequinum,0.029,0.029,-1,Echolocation,/mnt/ubna_data_02_mir/recover-20221013/UBNA_001/20221012_030000.WAV,Telephone Field,recover-20221013,001,1795
1382.9515,1382.9878,68437,82120,Rhinolophus ferrumequinum,0.026,0.026,-1,Echolocation,/mnt/ubna_data_02_mir/recover-20221013/UBNA_001/20221012_030000.WAV,Telephone Field,recover-20221013,001,1795
1382.9705,1382.9814,22031,26933,Nyctalus leisleri,0.011,0.022,-1,Echolocation,/mnt/ubna_data_02_mir/recover-20221013/UBNA_001/20221012_030000.WAV,Telephone Field,recover-20221013,001,1795
1382.9745,1382.9854,28046,36157,Eptesicus serotinus,0.013,0.027,-1,Echolocation,/mnt/ubna_data_02_mir/recover-20221013/UBNA_001/20221012_030000.WAV,Telephone Field,recover-20221013,001,1795
1382.9945,1383.0058,22890,27458,Nyctalus leisleri,0.013,0.025,-1,Echolocation,/mnt/ubna_data_02_mir/recover-20221013/UBNA_001/20221012_030000.WAV,Telephone Field,recover-20221013,001,1795
1383.0495,1383.0901,68437,82537,Rhinolophus ferrumequinum,0.027,0.027,-1,Echolocation,/mnt/ubna_data_02_mir/recover-20221013/UBNA_001/20221012_030000.WAV,Telephone Field,recover-20221013,001,1795
1383.0805,1383.1204,68437,81829,Rhinolophus ferrumequinum,0.022,0.022,-1,Echolocation,/mnt/ubna_data_02_mir/recover-20221013/UBNA_001/20221012_030000.WAV,Telephone Field,recover-20221013,001,1795
1383.0865,1383.0951,28046,40433,Eptesicus serotinus,0.008,0.023,-1,Echolocation,/mnt/ubna_data_02_mir/recover-20221013/UBNA_001/20221012_030000.WAV,Telephone Field,recover-20221013,001,1795
1383.0925,1383.1001,46953,51236,Pipistrellus pipistrellus,0.024,0.025,-1,Echolocation,/mnt/ubna_data_02_mir/recover-20221013/UBNA_001/20221012_030000.WAV,Telephone Field,recover-20221013,001,1795
1383.1035,1383.1437,68437,82612,Rhinolophus ferrumequinum,0.023,0.023,-1,Echolocation,/mnt/ubna_data_02_mir/recover-20221013/UBNA_001/20221012_030000.WAV,Telephone Field,recover-20221013,001,1795
1383.1105,1383.1509,68437,82761,Rhinolophus ferrumequinum,0.022,0.023,-1,Echolocation,/mnt/ubna_data_02_mir/recover-20221013/UBNA_001/20221012_030000.WAV,Telephone Field,recover-20221013,001,1795
1383.1195,1383.1294,32343,37988,Barbastellus barbastellus,0.011,0.029,-1,Echolocation,/mnt/ubna_data_02_mir/recover-20221013/UBNA_001/20221012_030000.WAV,Telephone Field,recover-20221013,001,1795
1383.1305,1383.1373,47812,57612,Pipistrellus pipistrellus,0.023,0.024,-1,Echolocation,/mnt/ubna_data_02_mir/recover-20221013/UBNA_001/20221012_030000.WAV,Telephone Field,recover-20221013,001,1795
1383.1325,1383.1728,68437,81782,Rhinolophus ferrumequinum,0.023,0.023,-1,Echolocation,/mnt/ubna_data_02_mir/recover-20221013/UBNA_001/20221012_030000.WAV,Telephone Field,recover-20221013,001,1795
1383.1375,1383.144,46093,51845,Pipistrellus pipistrellus,0.022,0.023,-1,Echolocation,/mnt/ubna_data_02_mir/recover-20221013/UBNA_001/20221012_030000.WAV,Telephone Field,recover-20221013,001,1795
1383.1435,1383.1515,29765,43624,Eptesicus serotinus,0.007,0.023,-1,Echolocation,/mnt/ubna_data_02_mir/recover-20221013/UBNA_001/20221012_030000.WAV,Telephone Field,recover-20221013,001,1795
1383.1445,1383.1514,24609,36398,Plecotus austriacus,0.009,0.025,-1,Echolocation,/mnt/ubna_data_02_mir/recover-20221013/UBNA_001/20221012_030000.WAV,Telephone Field,recover-20221013,001,1795
1383.1825,1383.2215,68437,81882,Rhinolophus ferrumequinum,0.023,0.023,-1,Echolocation,/mnt/ubna_data_02_mir/recover-20221013/UBNA_001/20221012_030000.WAV,Telephone Field,recover-20221013,001,1795
1383.1925,1383.2316,68437,82130,Rhinolophus ferrumequinum,0.022,0.022,-1,Echolocation,/mnt/ubna_data_02_mir/recover-20221013/UBNA_001/20221012_030000.WAV,Telephone Field,recover-20221013,001,1795
1383.2145,1383.2554,68437,82737,Rhinolophus ferrumequinum,0.022,0.022,-1,Echolocation,/mnt/ubna_data_02_mir/recover-20221013/UBNA_001/20221012_030000.WAV,Telephone Field,recover-20221013,001,1795
1383.2265,1383.2414,22890,26938,Nyctalus leisleri,0.034,0.061,-1,Echolocation,/mnt/ubna_data_02_mir/recover-20221013/UBNA_001/20221012_030000.WAV,Telephone Field,recover-20221013,001,1795
1383.2355,1383.275,68437,82546,Rhinolophus ferrumequinum,0.023,0.023,-1,Echolocation,/mnt/ubna_data_02_mir/recover-20221013/UBNA_001/20221012_030000.WAV,Telephone Field,recover-20221013,001,1795
1383.2985,1383.3376,68437,82181,Rhinolophus ferrumequinum,0.024,0.024,-1,Echolocation,/mnt/ubna_data_02_mir/recover-20221013/UBNA_001/20221012_030000.WAV,Telephone Field,recover-20221013,001,1795
1383.3115,1383.3231,29765,38204,Eptesicus serotinus,0.014,0.03,-1,Echolocation,/mnt/ubna_data_02_mir/recover-20221013/UBNA_001/20221012_030000.WAV,Telephone Field,recover-20221013,001,1795
1383.3315,1383.3742,68437,82708,Rhinolophus ferrumequinum,0.03,0.03,-1,Echolocation,/mnt/ubna_data_02_mir/recover-20221013/UBNA_001/20221012_030000.WAV,Telephone Field,recover-20221013,001,1795
1383.3555,1383.3642,28046,37813,Eptesicus serotinus,0.009,0.023,-1,Echolocation,/mnt/ubna_data_02_mir/recover-20221013/UBNA_001/20221012_030000.WAV,Telephone Field,recover-20221013,001,1795
1383.4105,1383.4529,68437,82067,Rhinolophus ferrumequinum,0.028,0.028,-1,Echolocation,/mnt/ubna_data_02_mir/recover-20221013/UBNA_001/20221012_030000.WAV,Telephone Field,recover-20221013,001,1795
1383.4295,1383.4353,24609,36535,Plecotus austriacus,0.018,0.039,-1,Echolocation,/mnt/ubna_data_02_mir/recover-20221013/UBNA_001/20221012_030000.WAV,Telephone Field,recover-20221013,001,1795
1383.4505,1383.4899,68437,82651,Rhinolophus ferrumequinum,0.025,0.025,-1,Echolocation,/mnt/ubna_data_02_mir/recover-20221013/UBNA_001/20221012_030000.WAV,Telephone Field,recover-20221013,001,1795
1383.4905,1383.5011,22890,28300,Nyctalus leisleri,0.012,0.027,-1,Echolocation,/mnt/ubna_data_02_mir/recover-20221013/UBNA_001/20221012_030000.WAV,Telephone Field,recover-20221013,001,1795
1383.4945,1383.5331,68437,82388,Rhinolophus ferrumequinum,0.025,0.025,-1,Echolocation,/mnt/ubna_data_02_mir/recover-20221013/UBNA_001/20221012_030000.WAV,Telephone Field,recover-20221013,001,1795
1383.5265,1383.5671,68437,82255,Rhinolophus ferrumequinum,0.022,0.022,-1,Echolocation,/mnt/ubna_data_02_mir/recover-20221013/UBNA_001/20221012_030000.WAV,Telephone Field,recover-20221013,001,1795
1383.5485,1383.5883,68437,81685,Rhinolophus ferrumequinum,0.028,0.028,-1,Echolocation,/mnt/ubna_data_02_mir/recover-20221013/UBNA_001/20221012_030000.WAV,Telephone Field,recover-20221013,001,1795
1383.5775,1383.6153,68437,81814,Rhinolophus ferrumequinum,0.023,0.023,-1,Echolocation,/mnt/ubna_data_02_mir/recover-20221013/UBNA_001/20221012_030000.WAV,Telephone Field,recover-20221013,001,1795
1383.5995,1383.636,68437,81133,Rhinolophus ferrumequinum,0.023,0.023,-1,Echolocation,/mnt/ubna_data_02_mir/recover-20221013/UBNA_001/20221012_030000.WAV,Telephone Field,recover-20221013,001,1795
1383.6585,1383.697,68437,81531,Rhinolophus ferrumequinum,0.022,0.022,-1,Echolocation,/mnt/ubna_data_02_mir/recover-20221013/UBNA_001/20221012_030000.WAV,Telephone Field,recover-20221013,001,1795
1383.6785,1383.6887,27187,35931,Eptesicus serotinus,0.01,0.022,-1,Echolocation,/mnt/ubna_data_02_mir/recover-20221013/UBNA_001/20221012_030000.WAV,Telephone Field,recover-20221013,001,1795
1383.7225,1383.7587,68437,80262,Rhinolophus ferrumequinum,0.026,0.026,-1,Echolocation,/mnt/ubna_data_02_mir/recover-20221013/UBNA_001/20221012_030000.WAV,Telephone Field,recover-20221013,001,1795
1383.7575,1383.7665,28046,38430,Eptesicus serotinus,0.008,0.023,-1,Echolocation,/mnt/ubna_data_02_mir/recover-20221013/UBNA_001/20221012_030000.WAV,Telephone Field,recover-20221013,001,1795
1383.7735,1383.7821,23750,31009,Plecotus austriacus,0.014,0.043,-1,Echolocation,/mnt/ubna_data_02_mir/recover-20221013/UBNA_001/20221012_030000.WAV,Telephone Field,recover-20221013,001,1795
1383.7865,1383.8239,68437,81979,Rhinolophus ferrumequinum,0.023,0.023,-1,Echolocation,/mnt/ubna_data_02_mir/recover-20221013/UBNA_001/20221012_030000.WAV,Telephone Field,recover-20221013,001,1795
1383.8025,1383.8427,68437,82167,Rhinolophus ferrumequinum,0.023,0.023,-1,Echolocation,/mnt/ubna_data_02_mir/recover-20221013/UBNA_001/20221012_030000.WAV,Telephone Field,recover-20221013,001,1795
1383.8075,1383.8438,68437,81961,Rhinolophus ferrumequinum,0.023,0.023,-1,Echolocation,/mnt/ubna_data_02_mir/recover-20221013/UBNA_001/20221012_030000.WAV,Telephone Field,recover-20221013,001,1795
1383.8315,1383.8688,68437,82056,Rhinolophus ferrumequinum,0.022,0.022,-1,Echolocation,/mnt/ubna_data_02_mir/recover-20221013/UBNA_001/20221012_030000.WAV,Telephone Field,recover-20221013,001,1795
1383.8475,1383.8803,68437,80578,Rhinolophus ferrumequinum,0.029,0.029,-1,Echolocation,/mnt/ubna_data_02_mir/recover-20221013/UBNA_001/20221012_030000.WAV,Telephone Field,recover-20221013,001,1795
1383.8985,1383.9399,68437,82789,Rhinolophus ferrumequinum,0.028,0.028,-1,Echolocation,/mnt/ubna_data_02_mir/recover-20221013/UBNA_001/20221012_030000.WAV,Telephone Field,recover-20221013,001,1795
1383.9365,1383.9737,68437,81291,Rhinolophus ferrumequinum,0.025,0.025,-1,Echolocation,/mnt/ubna_data_02_mir/recover-20221013/UBNA_001/20221012_030000.WAV,Telephone Field,recover-20221013,001,1795
1383.9855,1383.9951,27187,36870,Eptesicus serotinus,0.008,0.024,-1,Echolocation,/mnt/ubna_data_02_mir/recover-20221013/UBNA_001/20221012_030000.WAV,Telephone Field,recover-20221013,001,1795
1384.0015,1384.0097,47812,52908,Pipistrellus pipistrellus,0.017,0.023,-1,Echolocation,/mnt/ubna_data_02_mir/recover-20221013/UBNA_001/20221012_030000.WAV,Telephone Field,recover-20221013,001,1795
1384.0015,1384.0165,21171,25305,Nyctalus leisleri,0.025,0.046,-1,Echolocation,/mnt/ubna_data_02_mir/recover-20221013/UBNA_001/20221012_030000.WAV,Telephone Field,recover-20221013,001,1795
1384.0015,1384.0317,68437,80290,Rhinolophus ferrumequinum,0.023,0.024,-1,Echolocation,/mnt/ubna_data_02_mir/recover-20221013/UBNA_001/20221012_030000.WAV,Telephone Field,recover-20221013,001,1795
1384.0235,1384.0637,68437,81839,Rhinolophus ferrumequinum,0.024,0.024,-1,Echolocation,/mnt/ubna_data_02_mir/recover-20221013/UBNA_001/20221012_030000.WAV,Telephone Field,recover-20221013,001,1795
1384.0315,1384.0479,21171,24580,Nyctalus leisleri,0.014,0.023,-1,Echolocation,/mnt/ubna_data_02_mir/recover-20221013/UBNA_001/20221012_030000.WAV,Telephone Field,recover-20221013,001,1795
1384.0825,1384.1208,68437,81166,Rhinolophus ferrumequinum,0.022,0.023,-1,Echolocation,/mnt/ubna_data_02_mir/recover-20221013/UBNA_001/20221012_030000.WAV,Telephone Field,recover-20221013,001,1795
1384.0895,1384.1275,68437,81015,Rhinolophus ferrumequinum,0.023,0.024,-1,Echolocation,/mnt/ubna_data_02_mir/recover-20221013/UBNA_001/20221012_030000.WAV,Telephone Field,recover-20221013,001,1795
1384.1045,1384.1418,68437,81731,Rhinolophus ferrumequinum,0.022,0.022,-1,Echolocation,/mnt/ubna_data_02_mir/recover-20221013/UBNA_001/20221012_030000.WAV,Telephone Field,recover-20221013,001,1795
1384.1355,1384.1768,68437,82924,Rhinolophus ferrumequinum,0.025,0.025,-1,Echolocation,/mnt/ubna_data_02_mir/recover-20221013/UBNA_001/20221012_030000.WAV,Telephone Field,recover-20221013,001,1795
1384.1955,1384.2369,68437,82868,Rhinolophus ferrumequinum,0.024,0.024,-1,Echolocation,/mnt/ubna_data_02_mir/recover-20221013/UBNA_001/20221012_030000.WAV,Telephone Field,recover-20221013,001,1795
1384.2195,1384.2603,68437,81879,Rhinolophus ferrumequinum,0.061,0.061,-1,Echolocation,/mnt/ubna_data_02_mir/recover-20221013/UBNA_001/20221012_030000.WAV,Telephone Field,recover-20221013,001,1795
1384.2735,1384.3126,68437,82002,Rhinolophus ferrumequinum,0.022,0.022,-1,Echolocation,/mnt/ubna_data_02_mir/recover-20221013/UBNA_001/20221012_030000.WAV,Telephone Field,recover-20221013,001,1795
1384.2745,1384.2823,27187,39415,Eptesicus serotinus,0.006,0.022,-1,Echolocation,/mnt/ubna_data_02_mir/recover-20221013/UBNA_001/20221012_030000.WAV,Telephone Field,recover-20221013,001,1795
1384.2925,1384.331,68437,81663,Rhinolophus ferrumequinum,0.022,0.022,-1,Echolocation,/mnt/ubna_data_02_mir/recover-20221013/UBNA_001/20221012_030000.WAV,Telephone Field,recover-20221013,001,1795
1384.3085,1384.318,21171,27275,Plecotus austriacus,0.011,0.026,-1,Echolocation,/mnt/ubna_data_02_mir/recover-20221013/UBNA_001/20221012_030000.WAV,Telephone Field,recover-20221013,001,1795
1384.3635,1384.4053,68437,82641,Rhinolophus ferrumequinum,0.036,0.036,-1,Echolocation,/mnt/ubna_data_02_mir/recover-20221013/UBNA_001/20221012_030000.WAV,Telephone Field,recover-20221013,001,1795
1384.4015,1384.4104,28046,37872,Eptesicus serotinus,0.007,0.022,-1,Echolocation,/mnt/ubna_data_02_mir/recover-20221013/UBNA_001/20221012_030000.WAV,Telephone Field,recover-20221013,001,1795
1384.4225,1384.4576,68437,80985,Rhinolophus ferrumequinum,0.022,0.023,-1,Echolocation,/mnt/ubna_data_02_mir/recover-20221013/UBNA_001/20221012_030000.WAV,Telephone Field,recover-20221013,001,1795
1384.4575,1384.4976,68437,82256,Rhinolophus ferrumequinum,0.023,0.023,-1,Echolocation,/mnt/ubna_data_02_mir/recover-20221013/UBNA_001/20221012_030000.WAV,Telephone Field,recover-20221013,001,1795
1384.4735,1384.5116,68437,82169,Rhinolophus ferrumequinum,0.022,0.022,-1,Echolocation,/mnt/ubna_data_02_mir/recover-20221013/UBNA_001/20221012_030000.WAV,Telephone Field,recover-20221013,001,1795
1384.4765,1384.4877,23750,29592,Nyctalus leisleri,0.015,0.03,-1,Echolocation,/mnt/ubna_data_02_mir/recover-20221013/UBNA_001/20221012_030000.WAV,Telephone Field,recover-20221013,001,1795
1384.5425,1384.5807,68437,82078,Rhinolophus ferrumequinum,0.027,0.027,-1,Echolocation,/mnt/ubna_data_02_mir/recover-20221013/UBNA_001/20221012_030000.WAV,Telephone Field,recover-20221013,001,1795
1384.5665,1384.5769,23750,29464,Nyctalus leisleri,0.01,0.022,-1,Echolocation,/mnt/ubna_data_02_mir/recover-20221013/UBNA_001/20221012_030000.WAV,Telephone Field,recover-20221013,001,1795
1384.5835,1384.6223,68437,81983,Rhinolophus ferrumequinum,0.024,0.024,-1,Echolocation,/mnt/ubna_data_02_mir/recover-20221013/UBNA_001/20221012_030000.WAV,Telephone Field,recover-20221013,001,1795
1384.5905,1384.6009,28906,36343,Eptesicus serotinus,0.009,0.026,-1,Echolocation,/mnt/ubna_data_02_mir/recover-20221013/UBNA_001/20221012_030000.WAV,Telephone Field,recover-20221013,001,1795
1384.6025,1384.6401,68437,81456,Rhinolophus ferrumequinum,0.026,0.026,-1,Echolocation,/mnt/ubna_data_02_mir/recover-20221013/UBNA_001/20221012_030000.WAV,Telephone Field,recover-20221013,001,1795
1384.6125,1384.6207,50390,57446,Pipistrellus pipistrellus,0.024,0.028,-1,Echolocation,/mnt/ubna_data_02_mir/recover-20221013/UBNA_001/20221012_030000.WAV,Telephone Field,recover-20221013,001,1795
1384.6425,1384.6825,68437,82275,Rhinolophus ferrumequinum,0.024,0.024,-1,Echolocation,/mnt/ubna_data_02_mir/recover-20221013/UBNA_001/20221012_030000.WAV,Telephone Field,recover-20221013,001,1795
1384.6855,1384.7262,68437,83231,Rhinolophus ferrumequinum,0.032,0.032,-1,Echolocation,/mnt/ubna_data_02_mir/recover-20221013/UBNA_001/20221012_030000.WAV,Telephone Field,recover-20221013,001,1795
1384.7035,1384.7108,27187,39792,Eptesicus serotinus,0.006,0.021,-1,Echolocation,/mnt/ubna_data_02_mir/recover-20221013/UBNA_001/20221012_030000.WAV,Telephone Field,recover-20221013,001,1795
1384.7035,1384.7455,68437,83012,Rhinolophus ferrumequinum,0.026,0.026,-1,Echolocation,/mnt/ubna_data_02_mir/recover-20221013/UBNA_001/20221012_030000.WAV,Telephone Field,recover-20221013,001,1795
1384.7155,1384.7341,21171,24469,Nyctalus leisleri,0.025,0.042,-1,Echolocation,/mnt/ubna_data_02_mir/recover-20221013/UBNA_001/20221012_030000.WAV,Telephone Field,recover-20221013,001,1795
1384.7365,1384.7505,22890,26673,Nyctalus leisleri,0.022,0.037,-1,Echolocation,/mnt/ubna_data_02_mir/recover-20221013/UBNA_001/20221012_030000.WAV,Telephone Field,recover-20221013,001,1795
1384.7465,1384.7866,68437,82215,Rhinolophus ferrumequinum,0.021,0.021,-1,Echolocation,/mnt/ubna_data_02_mir/recover-20221013/UBNA_001/20221012_030000.WAV,Telephone Field,recover-20221013,001,1795
1384.7565,1384.7974,68437,82416,Rhinolophus ferrumequinum,0.028,0.028,-1,Echolocation,/mnt/ubna_data_02_mir/recover-20221013/UBNA_001/20221012_030000.WAV,Telephone Field,recover-20221013,001,1795
1384.7645,1384.7734,27187,36803,Eptesicus serotinus,0.007,0.022,-1,Echolocation,/mnt/ubna_data_02_mir/recover-20221013/UBNA_001/20221012_030000.WAV,Telephone Field,recover-20221013,001,1795
1384.7715,1384.8124,68437,82555,Rhinolophus ferrumequinum,0.025,0.025,-1,Echolocation,/mnt/ubna_data_02_mir/recover-20221013/UBNA_001/20221012_030000.WAV,Telephone Field,recover-20221013,001,1795
1384.8005,1384.8414,68437,82443,Rhinolophus ferrumequinum,0.031,0.031,-1,Echolocation,/mnt/ubna_data_02_mir/recover-20221013/UBNA_001/20221012_030000.WAV,Telephone Field,recover-20221013,001,1795
1384.8425,1384.8791,68437,81477,Rhinolophus ferrumequinum,0.021,0.021,-1,Echolocation,/mnt/ubna_data_02_mir/recover-20221013/UBNA_001/20221012_030000.WAV,Telephone Field,recover-20221013,001,1795
1384.8675,1384.8789,27187,32849,Eptesicus serotinus,0.014,0.036,-1,Echolocation,/mnt/ubna_data_02_mir/recover-20221013/UBNA_001/20221012_030000.WAV,Telephone Field,recover-20221013,001,1795
1384.8855,1384.9247,68437,82478,Rhinolophus ferrumequinum,0.026,0.026,-1,Echolocation,/mnt/ubna_data_02_mir/recover-20221013/UBNA_001/20221012_030000.WAV,Telephone Field,recover-20221013,001,1795
1384.8965,1384.9087,33203,37284,Nyctalus leisleri,0.007,0.028,-1,Echolocation,/mnt/ubna_data_02_mir/recover-20221013/UBNA_001/20221012_030000.WAV,Telephone Field,recover-20221013,001,1795
1384.8975,1384.9077,14296,19872,Nyctalus noctula,0.01,0.022,-1,Echolocation,/mnt/ubna_data_02_mir/recover-20221013/UBNA_001/20221012_030000.WAV,Telephone Field,recover-20221013,001,1795
1384.9175,1384.926,45234,51076,Pipistrellus pipistrellus,0.019,0.022,-1,Echolocation,/mnt/ubna_data_02_mir/recover-20221013/UBNA_001/20221012_030000.WAV,Telephone Field,recover-20221013,001,1795
1385.0345,1385.0439,26328,38006,Eptesicus serotinus,0.006,0.024,-1,Echolocation,/mnt/ubna_data_02_mir/recover-20221013/UBNA_001/20221012_030000.WAV,Telephone Field,recover-20221013,001,1795
1385.0465,1385.0819,68437,81309,Rhinolophus ferrumequinum,0.024,0.024,-1,Echolocation,/mnt/ubna_data_02_mir/recover-20221013/UBNA_001/20221012_030000.WAV,Telephone Field,recover-20221013,001,1795
1385.1425,1385.1506,28046,40435,Eptesicus serotinus,0.007,0.022,-1,Echolocation,/mnt/ubna_data_02_mir/recover-20221013/UBNA_001/20221012_030000.WAV,Telephone Field,recover-20221013,001,1795
1385.1435,1385.151,32343,44431,Myotis daubentonii,0.009,0.022,-1,Echolocation,/mnt/ubna_data_02_mir/recover-20221013/UBNA_001/20221012_030000.WAV,Telephone Field,recover-20221013,001,1795
1385.1435,1385.1847,68437,82457,Rhinolophus ferrumequinum,0.031,0.031,-1,Echolocation,/mnt/ubna_data_02_mir/recover-20221013/UBNA_001/20221012_030000.WAV,Telephone Field,recover-20221013,001,1795
1385.1515,1385.1937,68437,82900,Rhinolophus ferrumequinum,0.035,0.035,-1,Echolocation,/mnt/ubna_data_02_mir/recover-20221013/UBNA_001/20221012_030000.WAV,Telephone Field,recover-20221013,001,1795
1385.1625,1385.171,28906,37414,Eptesicus serotinus,0.007,0.022,-1,Echolocation,/mnt/ubna_data_02_mir/recover-20221013/UBNA_001/20221012_030000.WAV,Telephone Field,recover-20221013,001,1795
1385.1965,1385.233,68437,80754,Rhinolophus ferrumequinum,0.022,0.022,-1,Echolocation,/mnt/ubna_data_02_mir/recover-20221013/UBNA_001/20221012_030000.WAV,Telephone Field,recover-20221013,001,1795
1385.2505,1385.2625,22890,27033,Nyctalus leisleri,0.018,0.03,-1,Echolocation,/mnt/ubna_data_02_mir/recover-20221013/UBNA_001/20221012_030000.WAV,Telephone Field,recover-20221013,001,1795
1385.2545,1385.2983,68437,83793,Rhinolophus ferrumequinum,0.04,0.04,-1,Echolocation,/mnt/ubna_data_02_mir/recover-20221013/UBNA_001/20221012_030000.WAV,Telephone Field,recover-20221013,001,1795
1385.2825,1385.3217,68437,81768,Rhinolophus ferrumequinum,0.023,0.023,-1,Echolocation,/mnt/ubna_data_02_mir/recover-20221013/UBNA_001/20221012_030000.WAV,Telephone Field,recover-20221013,001,1795
1385.2895,1385.2952,50390,55662,Pipistrellus pipistrellus,0.022,0.023,-1,Echolocation,/mnt/ubna_data_02_mir/recover-20221013/UBNA_001/20221012_030000.WAV,Telephone Field,recover-20221013,001,1795
1385.3315,1385.3715,68437,82642,Rhinolophus ferrumequinum,0.032,0.032,-1,Echolocation,/mnt/ubna_data_02_mir/recover-20221013/UBNA_001/20221012_030000.WAV,Telephone Field,recover-20221013,001,1795
1385.3595,1385.3972,68437,81175,Rhinolophus ferrumequinum,0.022,0.022,-1,Echolocation,/mnt/ubna_data_02_mir/recover-20221013/UBNA_001/20221012_030000.WAV,Telephone Field,recover-20221013,001,1795
1385.4105,1385.4468,68437,81420,Rhinolophus ferrumequinum,0.03,0.03,-1,Echolocation,/mnt/ubna_data_02_mir/recover-20221013/UBNA_001/20221012_030000.WAV,Telephone Field,recover-20221013,001,1795
1385.4735,1385.5132,68437,82161,Rhinolophus ferrumequinum,0.022,0.022,-1,Echolocation,/mnt/ubna_data_02_mir/recover-20221013/UBNA_001/20221012_030000.WAV,Telephone Field,recover-20221013,001,1795
1385.5305,1385.5672,68437,80829,Rhinolophus ferrumequinum,0.025,0.025,-1,Echolocation,/mnt/ubna_data_02_mir/recover-20221013/UBNA_001/20221012_030000.WAV,Telephone Field,recover-20221013,001,1795
1385.5405,1385.5487,23750,31745,Plecotus austriacus,0.009,0.024,-1,Echolocation,/mnt/ubna_data_02_mir/recover-20221013/UBNA_001/20221012_030000.WAV,Telephone Field,recover-20221013,001,1795
1385.5495,1385.5879,68437,81754,Rhinolophus ferrumequinum,0.023,0.023,-1,Echolocation,/mnt/ubna_data_02_mir/recover-20221013/UBNA_001/20221012_030000.WAV,Telephone Field,recover-20221013,001,1795
1385.5775,1385.5858,23750,32053,Plecotus austriacus,0.009,0.025,-1,Echolocation,/mnt/ubna_data_02_mir/recover-20221013/UBNA_001/20221012_030000.WAV,Telephone Field,recover-20221013,001,1795
1385.5785,1385.6173,68437,81861,Rhinolophus ferrumequinum,0.022,0.022,-1,Echolocation,/mnt/ubna_data_02_mir/recover-20221013/UBNA_001/20221012_030000.WAV,Telephone Field,recover-20221013,001,1795
1385.5935,1385.6351,68437,82435,Rhinolophus ferrumequinum,0.023,0.023,-1,Echolocation,/mnt/ubna_data_02_mir/recover-20221013/UBNA_001/20221012_030000.WAV,Telephone Field,recover-20221013,001,1795
1385.5945,1385.6027,28046,41677,Eptesicus serotinus,0.008,0.023,-1,Echolocation,/mnt/ubna_data_02_mir/recover-20221013/UBNA_001/20221012_030000.WAV,Telephone Field,recover-20221013,001,1795
1385.6575,1385.6961,68437,81852,Rhinolophus ferrumequinum,0.025,0.025,-1,Echolocation,/mnt/ubna_data_02_mir/recover-20221013/UBNA_001/20221012_030000.WAV,Telephone Field,recover-20221013,001,1795
1385.7515,1385.7905,68437,82536,Rhinolophus ferrumequinum,0.027,0.027,-1,Echolocation,/mnt/ubna_data_02_mir/recover-20221013/UBNA_001/20221012_030000.WAV,Telephone Field,recover-20221013,001,1795
1385.7605,1385.7687,28046,37891,Eptesicus serotinus,0.007,0.024,-1,Echolocation,/mnt/ubna_data_02_mir/recover-20221013/UBNA_001/20221012_030000.WAV,Telephone Field,recover-20221013,001,1795
1385.7675,1385.8034,68437,80959,Rhinolophus ferrumequinum,0.025,0.025,-1,Echolocation,/mnt/ubna_data_02_mir/recover-20221013/UBNA_001/20221012_030000.WAV,Telephone Field,recover-20221013,001,1795
1385.8125,1385.8546,68437,82935,Rhinolophus ferrumequinum,0.026,0.026,-1,Echolocation,/mnt/ubna_data_02_mir/recover-20221013/UBNA_001/20221012_030000.WAV,Telephone Field,recover-20221013,001,1795
1385.8445,1385.8533,27187,37115,Eptesicus serotinus,0.009,0.025,-1,Echolocation,/mnt/ubna_data_02_mir/recover-20221013/UBNA_001/20221012_030000.WAV,Telephone Field,recover-20221013,001,1795
1385.8545,1385.892,68437,81475,Rhinolophus ferrumequinum,0.023,0.023,-1,Echolocation,/mnt/ubna_data_02_mir/recover-20221013/UBNA_001/20221012_030000.WAV,Telephone Field,recover-20221013,001,1795
1385.8715,1385.9108,68437,82471,Rhinolophus ferrumequinum,0.023,0.023,-1,Echolocation,/mnt/ubna_data_02_mir/recover-20221013/UBNA_001/20221012_030000.WAV,Telephone Field,recover-20221013,001,1795
1385.8905,1385.9293,68437,81917,Rhinolophus ferrumequinum,0.022,0.022,-1,Echolocation,/mnt/ubna_data_02_mir/recover-20221013/UBNA_001/20221012_030000.WAV,Telephone Field,recover-20221013,001,1795
1385.9155,1385.959,68437,82974,Rhinolophus ferrumequinum,0.041,0.041,-1,Echolocation,/mnt/ubna_data_02_mir/recover-20221013/UBNA_001/20221012_030000.WAV,Telephone Field,recover-20221013,001,1795
1386.0015,1386.0088,47812,53555,Pipistrellus pipistrellus,0.022,0.028,-1,Echolocation,/mnt/ubna_data_02_mir/recover-20221013/UBNA_001/20221012_030000.WAV,Telephone Field,recover-20221013,001,1795
1386.0015,1386.0101,23750,30825,Nyctalus leisleri,0.008,0.025,-1,Echolocation,/mnt/ubna_data_02_mir/recover-20221013/UBNA_001/20221012_030000.WAV,Telephone Field,recover-20221013,001,1795
1386.0015,1386.0309,69296,82857,Rhinolophus ferrumequinum,0.038,0.038,-1,Echolocation,/mnt/ubna_data_02_mir/recover-20221013/UBNA_001/20221012_030000.WAV,Telephone Field,recover-20221013,001,1795
1386.0165,1386.0253,28906,40308,Eptesicus serotinus,0.008,0.022,-1,Echolocation,/mnt/ubna_data_02_mir/recover-20221013/UBNA_001/20221012_030000.WAV,Telephone Field,recover-20221013,001,1795
1386.0325,1386.0743,68437,82322,Rhinolophus ferrumequinum,0.025,0.025,-1,Echolocation,/mnt/ubna_data_02_mir/recover-20221013/UBNA_001/20221012_030000.WAV,Telephone Field,recover-20221013,001,1795
1386.0745,1386.0809,26328,38782,Eptesicus serotinus,0.005,0.022,-1,Echolocation,/mnt/ubna_data_02_mir/recover-20221013/UBNA_001/20221012_030000.WAV,Telephone Field,recover-20221013,001,1795
1386.0835,1386.1228,68437,82614,Rhinolophus ferrumequinum,0.023,0.023,-1,Echolocation,/mnt/ubna_data_02_mir/recover-20221013/UBNA_001/20221012_030000.WAV,Telephone Field,recover-20221013,001,1795
1386.1165,1386.1567,68437,82337,Rhinolophus ferrumequinum,0.024,0.024,-1,Echolocation,/mnt/ubna_data_02_mir/recover-20221013/UBNA_001/20221012_030000.WAV,Telephone Field,recover-20221013,001,1795
1386.1435,1386.1609,22031,25016,Nyctalus leisleri,0.085,0.147,-1,Echolocation,/mnt/ubna_data_02_mir/recover-20221013/UBNA_001/20221012_030000.WAV,Telephone Field,recover-20221013,001,1795
1386.1715,1386.2102,68437,82322,Rhinolophus ferrumequinum,0.027,0.027,-1,Echolocation,/mnt/ubna_data_02_mir/recover-20221013/UBNA_001/20221012_030000.WAV,Telephone Field,recover-20221013,001,1795
1386.1795,1386.2176,68437,82270,Rhinolophus ferrumequinum,0.024,0.024,-1,Echolocation,/mnt/ubna_data_02_mir/recover-20221013/UBNA_001/20221012_030000.WAV,Telephone Field,recover-20221013,001,1795
1386.1945,1386.2364,68437,82315,Rhinolophus ferrumequinum,0.025,0.025,-1,Echolocation,/mnt/ubna_data_02_mir/recover-20221013/UBNA_001/20221012_030000.WAV,Telephone Field,recover-20221013,001,1795
1386.1985,1386.2089,22031,26584,Nyctalus leisleri,0.012,0.024,-1,Echolocation,/mnt/ubna_data_02_mir/recover-20221013/UBNA_001/20221012_030000.WAV,Telephone Field,recover-20221013,001,1795
1386.2395,1386.2764,68437,81994,Rhinolophus ferrumequinum,0.022,0.022,-1,Echolocation,/mnt/ubna_data_02_mir/recover-20221013/UBNA_001/20221012_030000.WAV,Telephone Field,recover-20221013,001,1795
1386.2555,1386.266,22890,27301,Nyctalus leisleri,0.012,0.022,-1,Echolocation,/mnt/ubna_data_02_mir/recover-20221013/UBNA_001/20221012_030000.WAV,Telephone Field,recover-20221013,001,1795
1386.3045,1386.3129,28046,37947,Eptesicus serotinus,0.008,0.028,-1,Echolocation,/mnt/ubna_data_02_mir/recover-20221013/UBNA_001/20221012_030000.WAV,Telephone Field,recover-20221013,001,1795
1386.3155,1386.3542,68437,82285,Rhinolophus ferrumequinum,0.029,0.029,-1,Echolocation,/mnt/ubna_data_02_mir/recover-20221013/UBNA_001/20221012_030000.WAV,Telephone Field,recover-20221013,001,1795
1386.4505,1386.4893,68437,82094,Rhinolophus ferrumequinum,0.028,0.028,-1,Echolocation,/mnt/ubna_data_02_mir/recover-20221013/UBNA_001/20221012_030000.WAV,Telephone Field,recover-20221013,001,1795
1386.5425,1386.58,68437,81787,Rhinolophus ferrumequinum,0.022,0.022,-1,Echolocation,/mnt/ubna_data_02_mir/recover-20221013/UBNA_001/20221012_030000.WAV,Telephone Field,recover-20221013,001,1795
1386.5425,1386.5527,22890,28152,Nyctalus leisleri,0.011,0.023,-1,Echolocation,/mnt/ubna_data_02_mir/recover-20221013/UBNA_001/20221012_030000.WAV,Telephone Field,recover-20221013,001,1795
1386.5465,1386.5569,28906,36514,Eptesicus serotinus,0.009,0.024,-1,Echolocation,/mnt/ubna_data_02_mir/recover-20221013/UBNA_001/20221012_030000.WAV,Telephone Field,recover-20221013,001,1795
1386.5545,1386.592,68437,81196,Rhinolophus ferrumequinum,0.022,0.022,-1,Echolocation,/mnt/ubna_data_02_mir/recover-20221013/UBNA_001/20221012_030000.WAV,Telephone Field,recover-20221013,001,1795
1386.5775,1386.5913,23750,29001,Nyctalus leisleri,0.024,0.047,-1,Echolocation,/mnt/ubna_data_02_mir/recover-20221013/UBNA_001/20221012_030000.WAV,Telephone Field,recover-20221013,001,1795
1386.5775,1386.6164,68437,82544,Rhinolophus ferrumequinum,0.022,0.022,-1,Echolocation,/mnt/ubna_data_02_mir/recover-20221013/UBNA_001/20221012_030000.WAV,Telephone Field,recover-20221013,001,1795
1386.5865,1386.6256,68437,82695,Rhinolophus ferrumequinum,0.023,0.023,-1,Echolocation,/mnt/ubna_data_02_mir/recover-20221013/UBNA_001/20221012_030000.WAV,Telephone Field,recover-20221013,001,1795
1386.6085,1386.65,68437,82622,Rhinolophus ferrumequinum,0.022,0.022,-1,Echolocation,/mnt/ubna_data_02_mir/recover-20221013/UBNA_001/20221012_030000.WAV,Telephone Field,recover-20221013,001,1795
1386.6105,1386.6181,50390,56029,Pipistrellus pipistrellus,0.018,0.023,-1,Echolocation,/mnt/ubna_data_02_mir/recover-20221013/UBNA_001/20221012_030000.WAV,Telephone Field,recover-20221013,001,1795
1386.6185,1386.6269,26328,34940,Eptesicus serotinus,0.009,0.025,-1,Echolocation,/mnt/ubna_data_02_mir/recover-20221013/UBNA_001/20221012_030000.WAV,Telephone Field,recover-20221013,001,1795
1386.6195,1386.6595,68437,82530,Rhinolophus ferrumequinum,0.023,0.023,-1,Echolocation,/mnt/ubna_data_02_mir/recover-20221013/UBNA_001/20221012_030000.WAV,Telephone Field,recover-20221013,001,1795
1386.6285,1386.6686,68437,82440,Rhinolophus ferrumequinum,0.023,0.023,-1,Echolocation,/mnt/ubna_data_02_mir/recover-20221013/UBNA_001/20221012_030000.WAV,Telephone Field,recover-20221013,001,1795
1386.6605,1386.6995,68437,82210,Rhinolophus ferrumequinum,0.027,0.027,-1,Echolocation,/mnt/ubna_data_02_mir/recover-20221013/UBNA_001/20221012_030000.WAV,Telephone Field,recover-20221013,001,1795
1386.6745,1386.7102,68437,81362,Rhinolophus ferrumequinum,0.024,0.024,-1,Echolocation,/mnt/ubna_data_02_mir/recover-20221013/UBNA_001/20221012_030000.WAV,Telephone Field,recover-20221013,001,1795
1386.7495,1386.7871,68437,81885,Rhinolophus ferrumequinum,0.023,0.023,-1,Echolocation,/mnt/ubna_data_02_mir/recover-20221013/UBNA_001/20221012_030000.WAV,Telephone Field,recover-20221013,001,1795
1386.7505,1386.7697,19453,22691,Nyctalus leisleri,0.015,0.03,-1,Echolocation,/mnt/ubna_data_02_mir/recover-20221013/UBNA_001/20221012_030000.WAV,Telephone Field,recover-20221013,001,1795
1386.7775,1386.7926,22031,25802,Nyctalus leisleri,0.015,0.024,-1,Echolocation,/mnt/ubna_data_02_mir/recover-20221013/UBNA_001/20221012_030000.WAV,Telephone Field,recover-20221013,001,1795
1386.8255,1386.8333,55546,60389,Pipistrellus pygmaeus,0.029,0.03,-1,Echolocation,/mnt/ubna_data_02_mir/recover-20221013/UBNA_001/20221012_030000.WAV,Telephone Field,recover-20221013,001,1795
1386.8435,1386.8805,68437,82437,Rhinolophus ferrumequinum,0.022,0.022,-1,Echolocation,/mnt/ubna_data_02_mir/recover-20221013/UBNA_001/20221012_030000.WAV,Telephone Field,recover-20221013,001,1795
1386.8845,1386.8954,26328,33125,Eptesicus serotinus,0.008,0.022,-1,Echolocation,/mnt/ubna_data_02_mir/recover-20221013/UBNA_001/20221012_030000.WAV,Telephone Field,recover-20221013,001,1795
1386.9225,1386.967,68437,83519,Rhinolophus ferrumequinum,0.045,0.045,-1,Echolocation,/mnt/ubna_data_02_mir/recover-20221013/UBNA_001/20221012_030000.WAV,Telephone Field,recover-20221013,001,1795
1386.9465,1386.9836,68437,81582,Rhinolophus ferrumequinum,0.022,0.022,-1,Echolocation,/mnt/ubna_data_02_mir/recover-20221013/UBNA_001/20221012_030000.WAV,Telephone Field,recover-20221013,001,1795
1386.9785,1387.0195,68437,82988,Rhinolophus ferrumequinum,0.024,0.024,-1,Echolocation,/mnt/ubna_data_02_mir/recover-20221013/UBNA_001/20221012_030000.WAV,Telephone Field,recover-20221013,001,1795
1387.0355,1387.077,68437,82591,Rhinolophus ferrumequinum,0.027,0.027,-1,Echolocation,/mnt/ubna_data_02_mir/recover-20221013/UBNA_001/20221012_030000.WAV,Telephone Field,recover-20221013,001,1795
1387.0415,1387.0544,46093,50101,Pipistrellus pipistrellus,0.057,0.061,-1,Echolocation,/mnt/ubna_data_02_mir/recover-20221013/UBNA_001/20221012_030000.WAV,Telephone Field,recover-20221013,001,1795
1387.0675,1387.108,68437,83094,Rhinolophus ferrumequinum,0.026,0.026,-1,Echolocation,/mnt/ubna_data_02_mir/recover-20221013/UBNA_001/20221012_030000.WAV,Telephone Field,recover-20221013,001,1795
1387.0845,1387.1227,68437,81919,Rhinolophus ferrumequinum,0.024,0.024,-1,Echolocation,/mnt/ubna_data_02_mir/recover-20221013/UBNA_001/20221012_030000.WAV,Telephone Field,recover-20221013,001,1795
1387.0915,1387.0996,22890,30890,Plecotus austriacus,0.012,0.025,-1,Echolocation,/mnt/ubna_data_02_mir/recover-20221013/UBNA_001/20221012_030000.WAV,Telephone Field,recover-20221013,001,1795
1387.0995,1387.1067,43515,50821,Pipistrellus pipistrellus,0.02,0.023,-1,Echolocation,/mnt/ubna_data_02_mir/recover-20221013/UBNA_001/20221012_030000.WAV,Telephone Field,recover-20221013,001,1795
1387.1335,1387.1751,68437,82327,Rhinolophus ferrumequinum,0.022,0.022,-1,Echolocation,/mnt/ubna_data_02_mir/recover-20221013/UBNA_001/20221012_030000.WAV,Telephone Field,recover-20221013,001,1795
1387.1365,1387.1482,24609,30654,Nyctalus leisleri,0.009,0.024,-1,Echolocation,/mnt/ubna_data_02_mir/recover-20221013/UBNA_001/20221012_030000.WAV,Telephone Field,recover-20221013,001,1795
1387.1655,1387.1992,68437,80303,Rhinolophus ferrumequinum,0.023,0.023,-1,Echolocation,/mnt/ubna_data_02_mir/recover-20221013/UBNA_001/20221012_030000.WAV,Telephone Field,recover-20221013,001,1795
1387.1755,1387.2131,68437,81116,Rhinolophus ferrumequinum,0.024,0.024,-1,Echolocation,/mnt/ubna_data_02_mir/recover-20221013/UBNA_001/20221012_030000.WAV,Telephone Field,recover-20221013,001,1795
1387.1905,1387.2274,68437,81848,Rhinolophus ferrumequinum,0.022,0.022,-1,Echolocation,/mnt/ubna_data_02_mir/recover-20221013/UBNA_001/20221012_030000.WAV,Telephone Field,recover-20221013,001,1795
1387.2135,1387.2567,68437,82268,Rhinolophus ferrumequinum,0.025,0.025,-1,Echolocation,/mnt/ubna_data_02_mir/recover-20221013/UBNA_001/20221012_030000.WAV,Telephone Field,recover-20221013,001,1795
1387.2365,1387.2498,34062,37879,Pipistrellus nathusii,0.064,0.175,-1,Echolocation,/mnt/ubna_data_02_mir/recover-20221013/UBNA_001/20221012_030000.WAV,Telephone Field,recover-20221013,001,1795
1387.2485,1387.2891,68437,82472,Rhinolophus ferrumequinum,0.024,0.024,-1,Echolocation,/mnt/ubna_data_02_mir/recover-20221013/UBNA_001/20221012_030000.WAV,Telephone Field,recover-20221013,001,1795
1387.2645,1387.3037,68437,81367,Rhinolophus ferrumequinum,0.023,0.023,-1,Echolocation,/mnt/ubna_data_02_mir/recover-20221013/UBNA_001/20221012_030000.WAV,Telephone Field,recover-20221013,001,1795
1387.2735,1387.2843,24609,31037,Nyctalus leisleri,0.013,0.028,-1,Echolocation,/mnt/ubna_data_02_mir/recover-20221013/UBNA_001/20221012_030000.WAV,Telephone Field,recover-20221013,001,1795
1387.2915,1387.3287,68437,81853,Rhinolophus ferrumequinum,0.022,0.022,-1,Echolocation,/mnt/ubna_data_02_mir/recover-20221013/UBNA_001/20221012_030000.WAV,Telephone Field,recover-20221013,001,1795
1387.3075,1387.3395,68437,80697,Rhinolophus ferrumequinum,0.024,0.024,-1,Echolocation,/mnt/ubna_data_02_mir/recover-20221013/UBNA_001/20221012_030000.WAV,Telephone Field,recover-20221013,001,1795
1387.3465,1387.3552,28906,38008,Eptesicus serotinus,0.011,0.03,-1,Echolocation,/mnt/ubna_data_02_mir/recover-20221013/UBNA_001/20221012_030000.WAV,Telephone Field,recover-20221013,001,1795
1387.3815,1387.3922,41796,52002,Pipistrellus nathusii,0.01,0.03,-1,Echolocation,/mnt/ubna_data_02_mir/recover-20221013/UBNA_001/20221012_030000.WAV,Telephone Field,recover-20221013,001,1795
1387.3845,1387.4227,68437,81751,Rhinolophus ferrumequinum,0.022,0.022,-1,Echolocation,/mnt/ubna_data_02_mir/recover-20221013/UBNA_001/20221012_030000.WAV,Telephone Field,recover-20221013,001,1795
1387.4005,1387.412,23750,29426,Nyctalus leisleri,0.018,0.041,-1,Echolocation,/mnt/ubna_data_02_mir/recover-20221013/UBNA_001/20221012_030000.WAV,Telephone Field,recover-20221013,001,1795
1387.4095,1387.419,29765,37039,Eptesicus serotinus,0.009,0.024,-1,Echolocation,/mnt/ubna_data_02_mir/recover-20221013/UBNA_001/20221012_030000.WAV,Telephone Field,recover-20221013,001,1795
1387.4195,1387.4587,68437,81628,Rhinolophus ferrumequinum,0.024,0.024,-1,Echolocation,/mnt/ubna_data_02_mir/recover-20221013/UBNA_001/20221012_030000.WAV,Telephone Field,recover-20221013,001,1795
1387.4685,1387.4749,23750,33142,Plecotus austriacus,0.014,0.029,-1,Echolocation,/mnt/ubna_data_02_mir/recover-20221013/UBNA_001/20221012_030000.WAV,Telephone Field,recover-20221013,001,1795
1387.4915,1387.531,68437,82181,Rhinolophus ferrumequinum,0.022,0.022,-1,Echolocation,/mnt/ubna_data_02_mir/recover-20221013/UBNA_001/20221012_030000.WAV,Telephone Field,recover-20221013,001,1795
1387.5695,1387.5792,28906,37067,Eptesicus serotinus,0.009,0.023,-1,Echolocation,/mnt/ubna_data_02_mir/recover-20221013/UBNA_001/20221012_030000.WAV,Telephone Field,recover-20221013,001,1795
1387.5855,1387.6245,68437,82658,Rhinolophus ferrumequinum,0.027,0.027,-1,Echolocation,/mnt/ubna_data_02_mir/recover-20221013/UBNA_001/20221012_030000.WAV,Telephone Field,recover-20221013,001,1795
1387.6025,1387.6111,25468,33483,Eptesicus serotinus,0.007,0.022,-1,Echolocation,/mnt/ubna_data_02_mir/recover-20221013/UBNA_001/20221012_030000.WAV,Telephone Field,recover-20221013,001,1795
1387.6135,1387.6548,68437,82852,Rhinolophus ferrumequinum,0.03,0.03,-1,Echolocation,/mnt/ubna_data_02_mir/recover-20221013/UBNA_001/20221012_030000.WAV,Telephone Field,recover-20221013,001,1795
1387.6375,1387.6754,68437,81993,Rhinolophus ferrumequinum,0.027,0.027,-1,Echolocation,/mnt/ubna_data_02_mir/recover-20221013/UBNA_001/20221012_030000.WAV,Telephone Field,recover-20221013,001,1795
1387.6545,1387.6923,68437,81426,Rhinolophus ferrumequinum,0.022,0.022,-1,Echolocation,/mnt/ubna_data_02_mir/recover-20221013/UBNA_001/20221012_030000.WAV,Telephone Field,recover-20221013,001,1795
1387.6925,1387.7349,68437,83314,Rhinolophus ferrumequinum,0.03,0.03,-1,Echolocation,/mnt/ubna_data_02_mir/recover-20221013/UBNA_001/20221012_030000.WAV,Telephone Field,recover-20221013,001,1795
1387.7195,1387.7615,68437,82632,Rhinolophus ferrumequinum,0.029,0.029,-1,Echolocation,/mnt/ubna_data_02_mir/recover-20221013/UBNA_001/20221012_030000.WAV,Telephone Field,recover-20221013,001,1795
1387.7195,1387.7277,25468,34518,Eptesicus serotinus,0.007,0.022,-1,Echolocation,/mnt/ubna_data_02_mir/recover-20221013/UBNA_001/20221012_030000.WAV,Telephone Field,recover-20221013,001,1795
1387.7335,1387.7719,68437,81508,Rhinolophus ferrumequinum,0.022,0.022,-1,Echolocation,/mnt/ubna_data_02_mir/recover-20221013/UBNA_001/20221012_030000.WAV,Telephone Field,recover-20221013,001,1795
1387.7655,1387.7742,27187,39832,Eptesicus serotinus,0.008,0.022,-1,Echolocation,/mnt/ubna_data_02_mir/recover-20221013/UBNA_001/20221012_030000.WAV,Telephone Field,recover-20221013,001,1795
1387.7695,1387.8087,68437,81948,Rhinolophus ferrumequinum,0.022,0.022,-1,Echolocation,/mnt/ubna_data_02_mir/recover-20221013/UBNA_001/20221012_030000.WAV,Telephone Field,recover-20221013,001,1795
1387.7945,1387.8334,68437,82520,Rhinolophus ferrumequinum,0.026,0.026,-1,Echolocation,/mnt/ubna_data_02_mir/recover-20221013/UBNA_001/20221012_030000.WAV,Telephone Field,recover-20221013,001,1795
1387.8275,1387.8358,51250,58259,Pipistrellus pipistrellus,0.021,0.026,-1,Echolocation,/mnt/ubna_data_02_mir/recover-20221013/UBNA_001/20221012_030000.WAV,Telephone Field,recover-20221013,001,1795
1387.8305,1387.8685,68437,82075,Rhinolophus ferrumequinum,0.022,0.022,-1,Echolocation,/mnt/ubna_data_02_mir/recover-20221013/UBNA_001/20221012_030000.WAV,Telephone Field,recover-20221013,001,1795
1387.8585,1387.8957,68437,81521,Rhinolophus ferrumequinum,0.027,0.027,-1,Echolocation,/mnt/ubna_data_02_mir/recover-20221013/UBNA_001/20221012_030000.WAV,Telephone Field,recover-20221013,001,1795
1387.8725,1387.9151,68437,82674,Rhinolophus ferrumequinum,0.046,0.046,-1,Echolocation,/mnt/ubna_data_02_mir/recover-20221013/UBNA_001/20221012_030000.WAV,Telephone Field,recover-20221013,001,1795
1387.9185,1387.929,22890,27892,Nyctalus leisleri,0.011,0.023,-1,Echolocation,/mnt/ubna_data_02_mir/recover-20221013/UBNA_001/20221012_030000.WAV,Telephone Field,recover-20221013,001,1795
1387.9385,1387.9482,44375,48950,Pipistrellus pipistrellus,0.022,0.024,-1,Echolocation,/mnt/ubna_data_02_mir/recover-20221013/UBNA_001/20221012_030000.WAV,Telephone Field,recover-20221013,001,1795
1388.0015,1388.0088,22890,35445,Plecotus austriacus,0.009,0.03,-1,Echolocation,/mnt/ubna_data_02_mir/recover-20221013/UBNA_001/20221012_030000.WAV,Telephone Field,recover-20221013,001,1795
1388.0015,1388.0063,39218,57185,Myotis brandtii,0.008,0.03,-1,Echolocation,/mnt/ubna_data_02_mir/recover-20221013/UBNA_001/20221012_030000.WAV,Telephone Field,recover-20221013,001,1795
1388.0015,1388.035,69296,81580,Rhinolophus ferrumequinum,0.032,0.032,-1,Echolocation,/mnt/ubna_data_02_mir/recover-20221013/UBNA_001/20221012_030000.WAV,Telephone Field,recover-20221013,001,1795
1388.0065,1388.0157,28046,35545,Eptesicus serotinus,0.009,0.026,-1,Echolocation,/mnt/ubna_data_02_mir/recover-20221013/UBNA_001/20221012_030000.WAV,Telephone Field,recover-20221013,001,1795
1388.0085,1388.0502,68437,82443,Rhinolophus ferrumequinum,0.023,0.023,-1,Echolocation,/mnt/ubna_data_02_mir/recover-20221013/UBNA_001/20221012_030000.WAV,Telephone Field,recover-20221013,001,1795
1388.0165,1388.0286,54687,59046,Pipistrellus pygmaeus,0.024,0.024,-1,Echolocation,/mnt/ubna_data_02_mir/recover-20221013/UBNA_001/20221012_030000.WAV,Telephone Field,recover-20221013,001,1795
1388.0415,1388.0832,68437,82160,Rhinolophus ferrumequinum,0.025,0.025,-1,Echolocation,/mnt/ubna_data_02_mir/recover-20221013/UBNA_001/20221012_030000.WAV,Telephone Field,recover-20221013,001,1795
1388.0625,1388.0751,50390,54369,Pipistrellus pipistrellus,0.053,0.059,-1,Echolocation,/mnt/ubna_data_02_mir/recover-20221013/UBNA_001/20221012_030000.WAV,Telephone Field,recover-20221013,001,1795
1388.0685,1388.1088,68437,82980,Rhinolophus ferrumequinum,0.025,0.025,-1,Echolocation,/mnt/ubna_data_02_mir/recover-20221013/UBNA_001/20221012_030000.WAV,Telephone Field,recover-20221013,001,1795
1388.0785,1388.1171,68437,82584,Rhinolophus ferrumequinum,0.022,0.022,-1,Echolocation,/mnt/ubna_data_02_mir/recover-20221013/UBNA_001/20221012_030000.WAV,Telephone Field,recover-20221013,001,1795
1388.0805,1388.0898,28906,37082,Eptesicus serotinus,0.009,0.024,-1,Echolocation,/mnt/ubna_data_02_mir/recover-20221013/UBNA_001/20221012_030000.WAV,Telephone Field,recover-20221013,001,1795
1388.1135,1388.1496,68437,81472,Rhinolophus ferrumequinum,0.022,0.022,-1,Echolocation,/mnt/ubna_data_02_mir/recover-20221013/UBNA_001/20221012_030000.WAV,Telephone Field,recover-20221013,001,1795
1388.1355,1388.1731,68437,81761,Rhinolophus ferrumequinum,0.025,0.025,-1,Echolocation,/mnt/ubna_data_02_mir/recover-20221013/UBNA_001/20221012_030000.WAV,Telephone Field,recover-20221013,001,1795
1388.1665,1388.1747,28046,43787,Eptesicus serotinus,0.007,0.022,-1,Echolocation,/mnt/ubna_data_02_mir/recover-20221013/UBNA_001/20221012_030000.WAV,Telephone Field,recover-20221013,001,1795
1388.1695,1388.2092,68437,81871,Rhinolophus ferrumequinum,0.022,0.022,-1,Echolocation,/mnt/ubna_data_02_mir/recover-20221013/UBNA_001/20221012_030000.WAV,Telephone Field,recover-20221013,001,1795
1388.2055,1388.2457,68437,82934,Rhinolophus ferrumequinum,0.023,0.023,-1,Echolocation,/mnt/ubna_data_02_mir/recover-20221013/UBNA_001/20221012_030000.WAV,Telephone Field,recover-20221013,001,1795
1388.2285,1388.2367,23750,31707,Plecotus austriacus,0.008,0.021,-1,Echolocation,/mnt/ubna_data_02_mir/recover-20221013/UBNA_001/20221012_030000.WAV,Telephone Field,recover-20221013,001,1795
1388.2425,1388.281,68437,82151,Rhinolophus ferrumequinum,0.023,0.023,-1,Echolocation,/mnt/ubna_data_02_mir/recover-20221013/UBNA_001/20221012_030000.WAV,Telephone Field,recover-20221013,001,1795
1388.2785,1388.2971,20312,23291,Nyctalus leisleri,0.014,0.024,-1,Echolocation,/mnt/ubna_data_02_mir/recover-20221013/UBNA_001/20221012_030000.WAV,Telephone Field,recover-20221013,001,1795
1388.2805,1388.3199,68437,81875,Rhinolophus ferrumequinum,0.024,0.024,-1,Echolocation,/mnt/ubna_data_02_mir/recover-20221013/UBNA_001/20221012_030000.WAV,Telephone Field,recover-20221013,001,1795
1388.2875,1388.3246,68437,82288,Rhinolophus ferrumequinum,0.028,0.028,-1,Echolocation,/mnt/ubna_data_02_mir/recover-20221013/UBNA_001/20221012_030000.WAV,Telephone Field,recover-20221013,001,1795
1388.3135,1388.3509,68437,81690,Rhinolophus ferrumequinum,0.022,0.022,-1,Echolocation,/mnt/ubna_data_02_mir/recover-20221013/UBNA_001/20221012_030000.WAV,Telephone Field,recover-20221013,001,1795
1388.3335,1388.3438,44375,49926,Pipistrellus pipistrellus,0.028,0.034,-1,Echolocation,/mnt/ubna_data_02_mir/recover-20221013/UBNA_001/20221012_030000.WAV,Telephone Field,recover-20221013,001,1795
1388.3355,1388.3706,68437,80785,Rhinolophus ferrumequinum,0.025,0.025,-1,Echolocation,/mnt/ubna_data_02_mir/recover-20221013/UBNA_001/20221012_030000.WAV,Telephone Field,recover-20221013,001,1795
1388.3465,1388.3839,68437,82396,Rhinolophus ferrumequinum,0.022,0.022,-1,Echolocation,/mnt/ubna_data_02_mir/recover-20221013/UBNA_001/20221012_030000.WAV,Telephone Field,recover-20221013,001,1795
1388.3745,1388.4123,68437,82288,Rhinolophus ferrumequinum,0.027,0.027,-1,Echolocation,/mnt/ubna_data_02_mir/recover-20221013/UBNA_001/20221012_030000.WAV,Telephone Field,recover-20221013,001,1795
1388.4135,1388.4543,68437,82574,Rhinolophus ferrumequinum,0.024,0.024,-1,Echolocation,/mnt/ubna_data_02_mir/recover-20221013/UBNA_001/20221012_030000.WAV,Telephone Field,recover-20221013,001,1795
1388.4175,1388.4276,22890,28592,Nyctalus leisleri,0.01,0.025,-1,Echolocation,/mnt/ubna_data_02_mir/recover-20221013/UBNA_001/20221012_030000.WAV,Telephone Field,recover-20221013,001,1795
1388.4465,1388.4858,68437,81972,Rhinolophus ferrumequinum,0.024,0.024,-1,Echolocation,/mnt/ubna_data_02_mir/recover-20221013/UBNA_001/20221012_030000.WAV,Telephone Field,recover-20221013,001,1795
1388.4635,1388.5054,68437,82331,Rhinolophus ferrumequinum,0.023,0.024,-1,Echolocation,/mnt/ubna_data_02_mir/recover-20221013/UBNA_001/20221012_030000.WAV,Telephone Field,recover-20221013,001,1795
1388.4645,1388.4744,51250,55572,Pipistrellus pipistrellus,0.019,0.026,-1,Echolocation,/mnt/ubna_data_02_mir/recover-20221013/UBNA_001/20221012_030000.WAV,Telephone Field,recover-20221013,001,1795
1388.4675,1388.4787,22031,26627,Nyctalus leisleri,0.011,0.022,-1,Echolocation,/mnt/ubna_data_02_mir/recover-20221013/UBNA_001/20221012_030000.WAV,Telephone Field,recover-20221013,001,1795
1388.4705,1388.5087,68437,82312,Rhinolophus ferrumequinum,0.024,0.024,-1,Echolocation,/mnt/ubna_data_02_mir/recover-20221013/UBNA_001/20221012_030000.WAV,Telephone Field,recover-20221013,001,1795
1388.4795,1388.517,68437,81509,Rhinolophus ferrumequinum,0.024,0.024,-1,Echolocation,/mnt/ubna_data_02_mir/recover-20221013/UBNA_001/20221012_030000.WAV,Telephone Field,recover-20221013,001,1795
1388.4885,1388.5268,68437,82066,Rhinolophus ferrumequinum,0.023,0.023,-1,Echolocation,/mnt/ubna_data_02_mir/recover-20221013/UBNA_001/20221012_030000.WAV,Telephone Field,recover-20221013,001,1795
1388.5185,1388.5603,68437,83097,Rhinolophus ferrumequinum,0.022,0.022,-1,Echolocation,/mnt/ubna_data_02_mir/recover-20221013/UBNA_001/20221012_030000.WAV,Telephone Field,recover-20221013,001,1795
1388.5835,1388.6207,68437,81415,Rhinolophus ferrumequinum,0.036,0.037,-1,Echolocation,/mnt/ubna_data_02_mir/recover-20221013/UBNA_001/20221012_030000.WAV,Telephone Field,recover-20221013,001,1795
1388.6075,1388.6464,68437,81922,Rhinolophus ferrumequinum,0.024,0.024,-1,Echolocation,/mnt/ubna_data_02_mir/recover-20221013/UBNA_001/20221012_030000.WAV,Telephone Field,recover-20221013,001,1795
1388.6335,1388.6698,68437,82053,Rhinolophus ferrumequinum,0.028,0.028,-1,Echolocation,/mnt/ubna_data_02_mir/recover-20221013/UBNA_001/20221012_030000.WAV,Telephone Field,recover-20221013,001,1795
1388.6425,1388.6531,24609,29977,Nyctalus leisleri,0.012,0.026,-1,Echolocation,/mnt/ubna_data_02_mir/recover-20221013/UBNA_001/20221012_030000.WAV,Telephone Field,recover-20221013,001,1795
1388.6745,1388.7171,68437,82706,Rhinolophus ferrumequinum,0.024,0.024,-1,Echolocation,/mnt/ubna_data_02_mir/recover-20221013/UBNA_001/20221012_030000.WAV,Telephone Field,recover-20221013,001,1795
1388.6985,1388.7366,68437,81624,Rhinolophus ferrumequinum,0.022,0.022,-1,Echolocation,/mnt/ubna_data_02_mir/recover-20221013/UBNA_001/20221012_030000.WAV,Telephone Field,recover-20221013,001,1795
1388.7145,1388.7526,68437,81925,Rhinolophus ferrumequinum,0.022,0.022,-1,Echolocation,/mnt/ubna_data_02_mir/recover-20221013/UBNA_001/20221012_030000.WAV,Telephone Field,recover-20221013,001,1795
1388.7285,1388.7359,28906,39629,Eptesicus serotinus,0.007,0.022,-1,Echolocation,/mnt/ubna_data_02_mir/recover-20221013/UBNA_001/20221012_030000.WAV,Telephone Field,recover-20221013,001,1795
1388.7295,1388.7721,68437,82693,Rhinolophus ferrumequinum,0.025,0.025,-1,Echolocation,/mnt/ubna_data_02_mir/recover-20221013/UBNA_001/20221012_030000.WAV,Telephone Field,recover-20221013,001,1795
1388.7485,1388.7619,24609,29491,Nyctalus leisleri,0.021,0.043,-1,Echolocation,/mnt/ubna_data_02_mir/recover-20221013/UBNA_001/20221012_030000.WAV,Telephone Field,recover-20221013,001,1795
1388.7605,1388.7968,68437,81813,Rhinolophus ferrumequinum,0.028,0.028,-1,Echolocation,/mnt/ubna_data_02_mir/recover-20221013/UBNA_001/20221012_030000.WAV,Telephone Field,recover-20221013,001,1795
1388.7915,1388.8011,22890,29653,Nyctalus leisleri,0.01,0.027,-1,Echolocation,/mnt/ubna_data_02_mir/recover-20221013/UBNA_001/20221012_030000.WAV,Telephone Field,recover-20221013,001,1795
1388.8265,1388.8658,68437,82444,Rhinolophus ferrumequinum,0.022,0.022,-1,Echolocation,/mnt/ubna_data_02_mir/recover-20221013/UBNA_001/20221012_030000.WAV,Telephone Field,recover-20221013,001,1795
1388.8355,1388.8764,68437,81951,Rhinolophus ferrumequinum,0.023,0.023,-1,Echolocation,/mnt/ubna_data_02_mir/recover-20221013/UBNA_001/20221012_030000.WAV,Telephone Field,recover-20221013,001,1795
1388.8605,1388.8715,40937,45291,Pipistrellus nathusii,0.01,0.022,-1,Echolocation,/mnt/ubna_data_02_mir/recover-20221013/UBNA_001/20221012_030000.WAV,Telephone Field,recover-20221013,001,1795
1388.8625,1388.8996,68437,81608,Rhinolophus ferrumequinum,0.022,0.022,-1,Echolocation,/mnt/ubna_data_02_mir/recover-20221013/UBNA_001/20221012_030000.WAV,Telephone Field,recover-20221013,001,1795
1388.8715,1388.907,68437,81284,Rhinolophus ferrumequinum,0.023,0.023,-1,Echolocation,/mnt/ubna_data_02_mir/recover-20221013/UBNA_001/20221012_030000.WAV,Telephone Field,recover-20221013,001,1795
1388.8935,1388.9312,68437,81513,Rhinolophus ferrumequinum,0.024,0.024,-1,Echolocation,/mnt/ubna_data_02_mir/recover-20221013/UBNA_001/20221012_030000.WAV,Telephone Field,recover-20221013,001,1795
1388.9005,1388.91,23750,31122,Nyctalus leisleri,0.007,0.022,-1,Echolocation,/mnt/ubna_data_02_mir/recover-20221013/UBNA_001/20221012_030000.WAV,Telephone Field,recover-20221013,001,1795
1388.9195,1388.9608,68437,82698,Rhinolophus ferrumequinum,0.032,0.032,-1,Echolocation,/mnt/ubna_data_02_mir/recover-20221013/UBNA_001/20221012_030000.WAV,Telephone Field,recover-20221013,001,1795
1388.9545,1388.9922,68437,81590,Rhinolophus ferrumequinum,0.023,0.023,-1,Echolocation,/mnt/ubna_data_02_mir/recover-20221013/UBNA_001/20221012_030000.WAV,Telephone Field,recover-20221013,001,1795
1388.9875,1389.0012,23750,27921,Nyctalus leisleri,0.024,0.039,-1,Echolocation,/mnt/ubna_data_02_mir/recover-20221013/UBNA_001/20221012_030000.WAV,Telephone Field,recover-20221013,001,1795
1389.0145,1389.0266,50390,56217,Pipistrellus pipistrellus,0.02,0.027,-1,Echolocation,/mnt/ubna_data_02_mir/recover-20221013/UBNA_001/20221012_030000.WAV,Telephone Field,recover-20221013,001,1795
1389.0325,1389.0702,68437,82343,Rhinolophus ferrumequinum,0.021,0.022,-1,Echolocation,/mnt/ubna_data_02_mir/recover-20221013/UBNA_001/20221012_030000.WAV,Telephone Field,recover-20221013,001,1795
1389.0555,1389.0944,68437,82198,Rhinolophus ferrumequinum,0.022,0.022,-1,Echolocation,/mnt/ubna_data_02_mir/recover-20221013/UBNA_001/20221012_030000.WAV,Telephone Field,recover-20221013,001,1795
1389.0705,1389.08,49531,55685,Pipistrellus pipistrellus,0.018,0.022,-1,Echolocation,/mnt/ubna_data_02_mir/recover-20221013/UBNA_001/20221012_030000.WAV,Telephone Field,recover-20221013,001,1795
1389.1025,1389.1405,68437,81538,Rhinolophus ferrumequinum,0.021,0.021,-1,Echolocation,/mnt/ubna_data_02_mir/recover-20221013/UBNA_001/20221012_030000.WAV,Telephone Field,recover-20221013,001,1795
1389.1205,1389.1306,28906,38317,Eptesicus serotinus,0.012,0.026,-1,Echolocation,/mnt/ubna_data_02_mir/recover-20221013/UBNA_001/20221012_030000.WAV,Telephone Field,recover-20221013,001,1795
1389.1375,1389.1791,68437,82439,Rhinolophus ferrumequinum,0.041,0.041,-1,Echolocation,/mnt/ubna_data_02_mir/recover-20221013/UBNA_001/20221012_030000.WAV,Telephone Field,recover-20221013,001,1795
1389.1795,1389.2197,68437,82474,Rhinolophus ferrumequinum,0.023,0.023,-1,Echolocation,/mnt/ubna_data_02_mir/recover-20221013/UBNA_001/20221012_030000.WAV,Telephone Field,recover-20221013,001,1795
1389.1915,1389.2017,46093,49428,Pipistrellus pipistrellus,0.035,0.036,-1,Echolocation,/mnt/ubna_data_02_mir/recover-20221013/UBNA_001/20221012_030000.WAV,Telephone Field,recover-20221013,001,1795
1389.1955,1389.203,28046,40856,Eptesicus serotinus,0.007,0.022,-1,Echolocation,/mnt/ubna_data_02_mir/recover-20221013/UBNA_001/20221012_030000.WAV,Telephone Field,recover-20221013,001,1795
1389.2175,1389.2284,48671,53602,Pipistrellus pipistrellus,0.028,0.032,-1,Echolocation,/mnt/ubna_data_02_mir/recover-20221013/UBNA_001/20221012_030000.WAV,Telephone Field,recover-20221013,001,1795
1389.2205,1389.259,68437,82165,Rhinolophus ferrumequinum,0.023,0.023,-1,Echolocation,/mnt/ubna_data_02_mir/recover-20221013/UBNA_001/20221012_030000.WAV,Telephone Field,recover-20221013,001,1795
1389.2295,1389.2687,68437,81939,Rhinolophus ferrumequinum,0.024,0.024,-1,Echolocation,/mnt/ubna_data_02_mir/recover-20221013/UBNA_001/20221012_030000.WAV,Telephone Field,recover-20221013,001,1795
1389.2435,1389.2536,29765,36848,Eptesicus serotinus,0.01,0.026,-1,Echolocation,/mnt/ubna_data_02_mir/recover-20221013/UBNA_001/20221012_030000.WAV,Telephone Field,recover-20221013,001,1795
1389.2535,1389.2917,68437,81733,Rhinolophus ferrumequinum,0.023,0.023,-1,Echolocation,/mnt/ubna_data_02_mir/recover-20221013/UBNA_001/20221012_030000.WAV,Telephone Field,recover-20221013,001,1795
1389.2595,1389.2979,68437,80747,Rhinolophus ferrumequinum,0.023,0.024,-1,Echolocation,/mnt/ubna_data_02_mir/recover-20221013/UBNA_001/20221012_030000.WAV,Telephone Field,recover-20221013,001,1795
1389.2925,1389.3306,68437,81161,Rhinolophus ferrumequinum,0.022,0.022,-1,Echolocation,/mnt/ubna_data_02_mir/recover-20221013/UBNA_001/20221012_030000.WAV,Telephone Field,recover-20221013,001,1795
1389.3115,1389.3225,23750,29219,Nyctalus leisleri,0.014,0.028,-1,Echolocation,/mnt/ubna_data_02_mir/recover-20221013/UBNA_001/20221012_030000.WAV,Telephone Field,recover-20221013,001,1795
1389.3425,1389.3817,68437,81690,Rhinolophus ferrumequinum,0.026,0.026,-1,Echolocation,/mnt/ubna_data_02_mir/recover-20221013/UBNA_001/20221012_030000.WAV,Telephone Field,recover-20221013,001,1795
1389.3475,1389.3542,25468,39408,Plecotus austriacus,0.006,0.024,-1,Echolocation,/mnt/ubna_data_02_mir/recover-20221013/UBNA_001/20221012_030000.WAV,Telephone Field,recover-20221013,001,1795
1389.3515,1389.3741,18593,21277,Nyctalus noctula,0.019,0.037,-1,Echolocation,/mnt/ubna_data_02_mir/recover-20221013/UBNA_001/20221012_030000.WAV,Telephone Field,recover-20221013,001,1795
1389.3595,1389.3971,68437,81838,Rhinolophus ferrumequinum,0.022,0.022,-1,Echolocation,/mnt/ubna_data_02_mir/recover-20221013/UBNA_001/20221012_030000.WAV,Telephone Field,recover-20221013,001,1795
1389.3625,1389.3739,22890,27475,Nyctalus leisleri,0.015,0.029,-1,Echolocation,/mnt/ubna_data_02_mir/recover-20221013/UBNA_001/20221012_030000.WAV,Telephone Field,recover-20221013,001,1795
1389.3925,1389.4075,21171,24716,Nyctalus leisleri,0.015,0.027,-1,Echolocation,/mnt/ubna_data_02_mir/recover-20221013/UBNA_001/20221012_030000.WAV,Telephone Field,recover-20221013,001,1795
1389.4085,1389.417,23750,31939,Plecotus austriacus,0.009,0.023,-1,Echolocation,/mnt/ubna_data_02_mir/recover-20221013/UBNA_001/20221012_030000.WAV,Telephone Field,recover-20221013,001,1795
1389.4255,1389.4358,25468,33467,Nyctalus leisleri,0.008,0.026,-1,Echolocation,/mnt/ubna_data_02_mir/recover-20221013/UBNA_001/20221012_030000.WAV,Telephone Field,recover-20221013,001,1795
1389.4615,1389.5014,68437,82131,Rhinolophus ferrumequinum,0.03,0.03,-1,Echolocation,/mnt/ubna_data_02_mir/recover-20221013/UBNA_001/20221012_030000.WAV,Telephone Field,recover-20221013,001,1795
1389.4715,1389.5075,68437,81627,Rhinolophus ferrumequinum,0.027,0.028,-1,Echolocation,/mnt/ubna_data_02_mir/recover-20221013/UBNA_001/20221012_030000.WAV,Telephone Field,recover-20221013,001,1795
1389.4855,1389.525,68437,82285,Rhinolophus ferrumequinum,0.024,0.024,-1,Echolocation,/mnt/ubna_data_02_mir/recover-20221013/UBNA_001/20221012_030000.WAV,Telephone Field,recover-20221013,001,1795
1389.5125,1389.5233,23750,29576,Nyctalus leisleri,0.01,0.025,-1,Echolocation,/mnt/ubna_data_02_mir/recover-20221013/UBNA_001/20221012_030000.WAV,Telephone Field,recover-20221013,001,1795
1389.5145,1389.5563,68437,82590,Rhinolophus ferrumequinum,0.021,0.022,-1,Echolocation,/mnt/ubna_data_02_mir/recover-20221013/UBNA_001/20221012_030000.WAV,Telephone Field,recover-20221013,001,1795
1389.5275,1389.534,24609,39123,Plecotus austriacus,0.008,0.025,-1,Echolocation,/mnt/ubna_data_02_mir/recover-20221013/UBNA_001/20221012_030000.WAV,Telephone Field,recover-20221013,001,1795
1389.5375,1389.5747,68437,81777,Rhinolophus ferrumequinum,0.025,0.025,-1,Echolocation,/mnt/ubna_data_02_mir/recover-20221013/UBNA_001/20221012_030000.WAV,Telephone Field,recover-20221013,001,1795
1389.5495,1389.5635,14296,21846,Nyctalus noctula,0.017,0.024,-1,Echolocation,/mnt/ubna_data_02_mir/recover-20221013/UBNA_001/20221012_030000.WAV,Telephone Field,recover-20221013,001,1795
1389.5615,1389.6011,68437,82209,Rhinolophus ferrumequinum,0.025,0.025,-1,Echolocation,/mnt/ubna_data_02_mir/recover-20221013/UBNA_001/20221012_030000.WAV,Telephone Field,recover-20221013,001,1795
1389.5735,1389.5855,55546,62224,Pipistrellus pygmaeus,0.019,0.022,-1,Echolocation,/mnt/ubna_data_02_mir/recover-20221013/UBNA_001/20221012_030000.WAV,Telephone Field,recover-20221013,001,1795
1389.5775,1389.5837,29765,41689,Myotis daubentonii,0.006,0.027,-1,Echolocation,/mnt/ubna_data_02_mir/recover-20221013/UBNA_001/20221012_030000.WAV,Telephone Field,recover-20221013,001,1795
1389.5925,1389.6309,68437,81786,Rhinolophus ferrumequinum,0.021,0.021,-1,Echolocation,/mnt/ubna_data_02_mir/recover-20221013/UBNA_001/20221012_030000.WAV,Telephone Field,recover-20221013,001,1795
1389.6155,1389.6513,68437,81155,Rhinolophus ferrumequinum,0.022,0.022,-1,Echolocation,/mnt/ubna_data_02_mir/recover-20221013/UBNA_001/20221012_030000.WAV,Telephone Field,recover-20221013,001,1795
1389.6285,1389.6674,68437,82059,Rhinolophus ferrumequinum,0.022,0.022,-1,Echolocation,/mnt/ubna_data_02_mir/recover-20221013/UBNA_001/20221012_030000.WAV,Telephone Field,recover-20221013,001,1795
1389.6305,1389.643,56406,62566,Pipistrellus pygmaeus,0.021,0.024,-1,Echolocation,/mnt/ubna_data_02_mir/recover-20221013/UBNA_001/20221012_030000.WAV,Telephone Field,recover-20221013,001,1795
1389.6785,1389.72,68437,82146,Rhinolophus ferrumequinum,0.025,0.025,-1,Echolocation,/mnt/ubna_data_02_mir/recover-20221013/UBNA_001/20221012_030000.WAV,Telephone Field,recover-20221013,001,1795
1389.6875,1389.7263,68437,82304,Rhinolophus ferrumequinum,0.024,0.024,-1,Echolocation,/mnt/ubna_data_02_mir/recover-20221013/UBNA_001/20221012_030000.WAV,Telephone Field,recover-20221013,001,1795
1389.7075,1389.7441,68437,81812,Rhinolophus ferrumequinum,0.025,0.026,-1,Echolocation,/mnt/ubna_data_02_mir/recover-20221013/UBNA_001/20221012_030000.WAV,Telephone Field,recover-20221013,001,1795
1389.7305,1389.7404,22031,27357,Nyctalus leisleri,0.009,0.023,-1,Echolocation,/mnt/ubna_data_02_mir/recover-20221013/UBNA_001/20221012_030000.WAV,Telephone Field,recover-20221013,001,1795
1389.7355,1389.7769,68437,83093,Rhinolophus ferrumequinum,0.025,0.025,-1,Echolocation,/mnt/ubna_data_02_mir/recover-20221013/UBNA_001/20221012_030000.WAV,Telephone Field,recover-20221013,001,1795
1389.7915,1389.829,68437,82086,Rhinolophus ferrumequinum,0.022,0.022,-1,Echolocation,/mnt/ubna_data_02_mir/recover-20221013/UBNA_001/20221012_030000.WAV,Telephone Field,recover-20221013,001,1795
1389.8075,1389.8479,68437,82517,Rhinolophus ferrumequinum,0.024,0.024,-1,Echolocation,/mnt/ubna_data_02_mir/recover-20221013/UBNA_001/20221012_030000.WAV,Telephone Field,recover-20221013,001,1795
1389.8365,1389.8742,68437,82104,Rhinolophus ferrumequinum,0.025,0.025,-1,Echolocation,/mnt/ubna_data_02_mir/recover-20221013/UBNA_001/20221012_030000.WAV,Telephone Field,recover-20221013,001,1795
1389.8595,1389.9017,68437,82866,Rhinolophus ferrumequinum,0.029,0.029,-1,Echolocation,/mnt/ubna_data_02_mir/recover-20221013/UBNA_001/20221012_030000.WAV,Telephone Field,recover-20221013,001,1795
1389.8665,1389.9037,68437,81649,Rhinolophus ferrumequinum,0.027,0.027,-1,Echolocation,/mnt/ubna_data_02_mir/recover-20221013/UBNA_001/20221012_030000.WAV,Telephone Field,recover-20221013,001,1795
1389.9195,1389.9288,28046,36360,Eptesicus serotinus,0.008,0.022,-1,Echolocation,/mnt/ubna_data_02_mir/recover-20221013/UBNA_001/20221012_030000.WAV,Telephone Field,recover-20221013,001,1795
1389.9215,1389.9642,68437,83277,Rhinolophus ferrumequinum,0.034,0.034,-1,Echolocation,/mnt/ubna_data_02_mir/recover-20221013/UBNA_001/20221012_030000.WAV,Telephone Field,recover-20221013,001,1795
1390.0015,1390.038,68437,80406,Rhinolophus ferrumequinum,0.075,0.075,-1,Echolocation,/mnt/ubna_data_02_mir/recover-20221013/UBNA_001/20221012_030000.WAV,Telephone Field,recover-20221013,001,1795
1390.0015,1390.0088,26328,38415,Myotis nattereri,0.005,0.023,-1,Echolocation,/mnt/ubna_data_02_mir/recover-20221013/UBNA_001/20221012_030000.WAV,Telephone Field,recover-20221013,001,1795
1390.0085,1390.0533,68437,82879,Rhinolophus ferrumequinum,0.03,0.03,-1,Echolocation,/mnt/ubna_data_02_mir/recover-20221013/UBNA_001/20221012_030000.WAV,Telephone Field,recover-20221013,001,1795
1390.0355,1390.0746,68437,82682,Rhinolophus ferrumequinum,0.022,0.022,-1,Echolocation,/mnt/ubna_data_02_mir/recover-20221013/UBNA_001/20221012_030000.WAV,Telephone Field,recover-20221013,001,1795
1390.0485,1390.0591,22031,27809,Nyctalus leisleri,0.01,0.027,-1,Echolocation,/mnt/ubna_data_02_mir/recover-20221013/UBNA_001/20221012_030000.WAV,Telephone Field,recover-20221013,001,1795
1390.0805,1390.1235,68437,82628,Rhinolophus ferrumequinum,0.025,0.025,-1,Echolocation,/mnt/ubna_data_02_mir/recover-20221013/UBNA_001/20221012_030000.WAV,Telephone Field,recover-20221013,001,1795
1390.0925,1390.133,68437,82825,Rhinolophus ferrumequinum,0.028,0.028,-1,Echolocation,/mnt/ubna_data_02_mir/recover-20221013/UBNA_001/20221012_030000.WAV,Telephone Field,recover-20221013,001,1795
1390.1215,1390.1589,68437,82540,Rhinolophus ferrumequinum,0.023,0.023,-1,Echolocation,/mnt/ubna_data_02_mir/recover-20221013/UBNA_001/20221012_030000.WAV,Telephone Field,recover-20221013,001,1795
1390.1425,1390.1509,28906,41907,Eptesicus serotinus,0.008,0.022,-1,Echolocation,/mnt/ubna_data_02_mir/recover-20221013/UBNA_001/20221012_030000.WAV,Telephone Field,recover-20221013,001,1795
1390.1425,1390.1823,68437,82486,Rhinolophus ferrumequinum,0.025,0.025,-1,Echolocation,/mnt/ubna_data_02_mir/recover-20221013/UBNA_001/20221012_030000.WAV,Telephone Field,recover-20221013,001,1795
1390.1675,1390.2066,68437,82761,Rhinolophus ferrumequinum,0.028,0.028,-1,Echolocation,/mnt/ubna_data_02_mir/recover-20221013/UBNA_001/20221012_030000.WAV,Telephone Field,recover-20221013,001,1795
1390.1875,1390.2242,68437,82145,Rhinolophus ferrumequinum,0.029,0.029,-1,Echolocation,/mnt/ubna_data_02_mir/recover-20221013/UBNA_001/20221012_030000.WAV,Telephone Field,recover-20221013,001,1795
1390.1915,1390.1989,24609,33699,Plecotus austriacus,0.008,0.023,-1,Echolocation,/mnt/ubna_data_02_mir/recover-20221013/UBNA_001/20221012_030000.WAV,Telephone Field,recover-20221013,001,1795
1390.1985,1390.2341,68437,81379,Rhinolophus ferrumequinum,0.023,0.023,-1,Echolocation,/mnt/ubna_data_02_mir/recover-20221013/UBNA_001/20221012_030000.WAV,Telephone Field,recover-20221013,001,1795
1390.2055,1390.2405,68437,80147,Rhinolophus ferrumequinum,0.023,0.023,-1,Echolocation,/mnt/ubna_data_02_mir/recover-20221013/UBNA_001/20221012_030000.WAV,Telephone Field,recover-20221013,001,1795
1390.2235,1390.2331,23750,30380,Nyctalus leisleri,0.008,0.023,-1,Echolocation,/mnt/ubna_data_02_mir/recover-20221013/UBNA_001/20221012_030000.WAV,Telephone Field,recover-20221013,001,1795
1390.2705,1390.2803,28046,35956,Eptesicus serotinus,0.01,0.023,-1,Echolocation,/mnt/ubna_data_02_mir/recover-20221013/UBNA_001/20221012_030000.WAV,Telephone Field,recover-20221013,001,1795
1390.2775,1390.2857,28046,41267,Eptesicus serotinus,0.008,0.023,-1,Echolocation,/mnt/ubna_data_02_mir/recover-20221013/UBNA_001/20221012_030000.WAV,Telephone Field,recover-20221013,001,1795
1390.3255,1390.3632,68437,81743,Rhinolophus ferrumequinum,0.022,0.022,-1,Echolocation,/mnt/ubna_data_02_mir/recover-20221013/UBNA_001/20221012_030000.WAV,Telephone Field,recover-20221013,001,1795
1390.3315,1390.3389,28906,41163,Eptesicus serotinus,0.008,0.028,-1,Echolocation,/mnt/ubna_data_02_mir/recover-20221013/UBNA_001/20221012_030000.WAV,Telephone Field,recover-20221013,001,1795
1390.3375,1390.3756,68437,81854,Rhinolophus ferrumequinum,0.025,0.025,-1,Echolocation,/mnt/ubna_data_02_mir/recover-20221013/UBNA_001/20221012_030000.WAV,Telephone Field,recover-20221013,001,1795
1390.3785,1390.4171,68437,81988,Rhinolophus ferrumequinum,0.041,0.041,-1,Echolocation,/mnt/ubna_data_02_mir/recover-20221013/UBNA_001/20221012_030000.WAV,Telephone Field,recover-20221013,001,1795
1390.4515,1390.4597,27187,36154,Eptesicus serotinus,0.01,0.028,-1,Echolocation,/mnt/ubna_data_02_mir/recover-20221013/UBNA_001/20221012_030000.WAV,Telephone Field,recover-20221013,001,1795
1390.4515,1390.4886,68437,82028,Rhinolophus ferrumequinum,0.023,0.023,-1,Echolocation,/mnt/ubna_data_02_mir/recover-20221013/UBNA_001/20221012_030000.WAV,Telephone Field,recover-20221013,001,1795
1390.5255,1390.5673,68437,82552,Rhinolophus ferrumequinum,0.029,0.029,-1,Echolocation,/mnt/ubna_data_02_mir/recover-20221013/UBNA_001/20221012_030000.WAV,Telephone Field,recover-20221013,001,1795
1390.5345,1390.575,68437,82971,Rhinolophus ferrumequinum,0.026,0.026,-1,Echolocation,/mnt/ubna_data_02_mir/recover-20221013/UBNA_001/20221012_030000.WAV,Telephone Field,recover-20221013,001,1795
1390.5685,1390.6037,68437,81071,Rhinolophus ferrumequinum,0.024,0.024,-1,Echolocation,/mnt/ubna_data_02_mir/recover-20221013/UBNA_001/20221012_030000.WAV,Telephone Field,recover-20221013,001,1795
1390.6035,1390.6133,28906,37305,Eptesicus serotinus,0.01,0.022,-1,Echolocation,/mnt/ubna_data_02_mir/recover-20221013/UBNA_001/20221012_030000.WAV,Telephone Field,recover-20221013,001,1795
1390.7015,1390.7101,22890,30494,Plecotus austriacus,0.016,0.044,-1,Echolocation,/mnt/ubna_data_02_mir/recover-20221013/UBNA_001/20221012_030000.WAV,Telephone Field,recover-20221013,001,1795
1390.7065,1390.743,68437,81946,Rhinolophus ferrumequinum,0.026,0.026,-1,Echolocation,/mnt/ubna_data_02_mir/recover-20221013/UBNA_001/20221012_030000.WAV,Telephone Field,recover-20221013,001,1795
1390.7355,1390.7705,68437,81195,Rhinolophus ferrumequinum,0.022,0.022,-1,Echolocation,/mnt/ubna_data_02_mir/recover-20221013/UBNA_001/20221012_030000.WAV,Telephone Field,recover-20221013,001,1795
1390.7475,1390.7579,28046,34987,Eptesicus serotinus,0.011,0.026,-1,Echolocation,/mnt/ubna_data_02_mir/recover-20221013/UBNA_001/20221012_030000.WAV,Telephone Field,recover-20221013,001,1795
1390.7555,1390.7621,49531,53654,Pipistrellus pipistrellus,0.022,0.023,-1,Echolocation,/mnt/ubna_data_02_mir/recover-20221013/UBNA_001/20221012_030000.WAV,Telephone Field,recover-20221013,001,1795
1390.8005,1390.8419,68437,82689,Rhinolophus ferrumequinum,0.023,0.023,-1,Echolocation,/mnt/ubna_data_02_mir/recover-20221013/UBNA_001/20221012_030000.WAV,Telephone Field,recover-20221013,001,1795
1390.8245,1390.8626,68437,81973,Rhinolophus ferrumequinum,0.022,0.022,-1,Echolocation,/mnt/ubna_data_02_mir/recover-20221013/UBNA_001/20221012_030000.WAV,Telephone Field,recover-20221013,001,1795
1390.8345,1390.8718,68437,81813,Rhinolophus ferrumequinum,0.023,0.023,-1,Echolocation,/mnt/ubna_data_02_mir/recover-20221013/UBNA_001/20221012_030000.WAV,Telephone Field,recover-20221013,001,1795
1390.8665,1390.8837,21171,24437,Nyctalus leisleri,0.016,0.028,-1,Echolocation,/mnt/ubna_data_02_mir/recover-20221013/UBNA_001/20221012_030000.WAV,Telephone Field,recover-20221013,001,1795
1390.8805,1390.8873,27187,39769,Eptesicus serotinus,0.006,0.024,-1,Echolocation,/mnt/ubna_data_02_mir/recover-20221013/UBNA_001/20221012_030000.WAV,Telephone Field,recover-20221013,001,1795
1390.8945,1390.9025,25468,38090,Eptesicus serotinus,0.006,0.022,-1,Echolocation,/mnt/ubna_data_02_mir/recover-20221013/UBNA_001/20221012_030000.WAV,Telephone Field,recover-20221013,001,1795
1390.9385,1390.9819,68437,82981,Rhinolophus ferrumequinum,0.037,0.037,-1,Echolocation,/mnt/ubna_data_02_mir/recover-20221013/UBNA_001/20221012_030000.WAV,Telephone Field,recover-20221013,001,1795
1390.9435,1390.9551,48671,52302,Pipistrellus pipistrellus,0.056,0.059,-1,Echolocation,/mnt/ubna_data_02_mir/recover-20221013/UBNA_001/20221012_030000.WAV,Telephone Field,recover-20221013,001,1795
1390.9545,1390.9668,22890,28115,Nyctalus leisleri,0.014,0.028,-1,Echolocation,/mnt/ubna_data_02_mir/recover-20221013/UBNA_001/20221012_030000.WAV,Telephone Field,recover-20221013,001,1795
1390.9975,1391.0374,68437,83114,Rhinolophus ferrumequinum,0.027,0.027,-1,Echolocation,/mnt/ubna_data_02_mir/recover-20221013/UBNA_001/20221012_030000.WAV,Telephone Field,recover-20221013,001,1795
1391.0045,1391.0434,68437,82938,Rhinolophus ferrumequinum,0.026,0.026,-1,Echolocation,/mnt/ubna_data_02_mir/recover-20221013/UBNA_001/20221012_030000.WAV,Telephone Field,recover-20221013,001,1795
1391.0355,1391.0727,68437,81033,Rhinolophus ferrumequinum,0.023,0.023,-1,Echolocation,/mnt/ubna_data_02_mir/recover-20221013/UBNA_001/20221012_030000.WAV,Telephone Field,recover-20221013,001,1795
1391.0385,1391.0485,28046,37284,Eptesicus serotinus,0.01,0.022,-1,Echolocation,/mnt/ubna_data_02_mir/recover-20221013/UBNA_001/20221012_030000.WAV,Telephone Field,recover-20221013,001,1795
1391.0555,1391.0737,22890,26895,Nyctalus leisleri,0.022,0.041,-1,Echolocation,/mnt/ubna_data_02_mir/recover-20221013/UBNA_001/20221012_030000.WAV,Telephone Field,recover-20221013,001,1795
1391.0695,1391.1057,68437,81644,Rhinolophus ferrumequinum,0.022,0.022,-1,Echolocation,/mnt/ubna_data_02_mir/recover-20221013/UBNA_001/20221012_030000.WAV,Telephone Field,recover-20221013,001,1795
1391.0935,1391.1336,68437,82098,Rhinolophus ferrumequinum,0.024,0.025,-1,Echolocation,/mnt/ubna_data_02_mir/recover-20221013/UBNA_001/20221012_030000.WAV,Telephone Field,recover-20221013,001,1795
1391.1025,1391.1161,53828,57636,Pipistrellus pygmaeus,0.028,0.032,-1,Echolocation,/mnt/ubna_data_02_mir/recover-20221013/UBNA_001/20221012_030000.WAV,Telephone Field,recover-20221013,001,1795
1391.1085,1391.1467,68437,81966,Rhinolophus ferrumequinum,0.022,0.022,-1,Echolocation,/mnt/ubna_data_02_mir/recover-20221013/UBNA_001/20221012_030000.WAV,Telephone Field,recover-20221013,001,1795
1391.1165,1391.153,68437,81852,Rhinolophus ferrumequinum,0.023,0.023,-1,Echolocation,/mnt/ubna_data_02_mir/recover-20221013/UBNA_001/20221012_030000.WAV,Telephone Field,recover-20221013,001,1795
1391.1405,1391.1779,68437,81660,Rhinolophus ferrumequinum,0.024,0.024,-1,Echolocation,/mnt/ubna_data_02_mir/recover-20221013/UBNA_001/20221012_030000.WAV,Telephone Field,recover-20221013,001,1795
1391.1515,1391.1927,68437,82993,Rhinolophus ferrumequinum,0.025,0.025,-1,Echolocation,/mnt/ubna_data_02_mir/recover-20221013/UBNA_001/20221012_030000.WAV,Telephone Field,recover-20221013,001,1795
1391.1585,1391.1686,22890,29337,Nyctalus leisleri,0.008,0.022,-1,Echolocation,/mnt/ubna_data_02_mir/recover-20221013/UBNA_001/20221012_030000.WAV,Telephone Field,recover-20221013,001,1795
1391.1685,1391.1777,25468,33073,Eptesicus serotinus,0.008,0.022,-1,Echolocation,/mnt/ubna_data_02_mir/recover-20221013/UBNA_001/20221012_030000.WAV,Telephone Field,recover-20221013,001,1795
1391.1885,1391.2282,68437,82683,Rhinolophus ferrumequinum,0.035,0.035,-1,Echolocation,/mnt/ubna_data_02_mir/recover-20221013/UBNA_001/20221012_030000.WAV,Telephone Field,recover-20221013,001,1795
1391.2035,1391.2414,68437,81805,Rhinolophus ferrumequinum,0.029,0.029,-1,Echolocation,/mnt/ubna_data_02_mir/recover-20221013/UBNA_001/20221012_030000.WAV,Telephone Field,recover-20221013,001,1795
1391.2145,1391.2549,68437,82221,Rhinolophus ferrumequinum,0.022,0.022,-1,Echolocation,/mnt/ubna_data_02_mir/recover-20221013/UBNA_001/20221012_030000.WAV,Telephone Field,recover-20221013,001,1795
1391.2275,1391.2363,28906,38575,Eptesicus serotinus,0.011,0.027,-1,Echolocation,/mnt/ubna_data_02_mir/recover-20221013/UBNA_001/20221012_030000.WAV,Telephone Field,recover-20221013,001,1795
1391.2585,1391.3019,68437,83454,Rhinolophus ferrumequinum,0.034,0.034,-1,Echolocation,/mnt/ubna_data_02_mir/recover-20221013/UBNA_001/20221012_030000.WAV,Telephone Field,recover-20221013,001,1795
1391.3025,1391.3124,22031,27515,Nyctalus leisleri,0.008,0.022,-1,Echolocation,/mnt/ubna_data_02_mir/recover-20221013/UBNA_001/20221012_030000.WAV,Telephone Field,recover-20221013,001,1795
1391.3265,1391.3663,68437,82235,Rhinolophus ferrumequinum,0.023,0.023,-1,Echolocation,/mnt/ubna_data_02_mir/recover-20221013/UBNA_001/20221012_030000.WAV,Telephone Field,recover-20221013,001,1795
1391.3295,1391.3404,22890,28292,Nyctalus leisleri,0.011,0.024,-1,Echolocation,/mnt/ubna_data_02_mir/recover-20221013/UBNA_001/20221012_030000.WAV,Telephone Field,recover-20221013,001,1795
1391.3415,1391.3803,68437,82062,Rhinolophus ferrumequinum,0.022,0.022,-1,Echolocation,/mnt/ubna_data_02_mir/recover-20221013/UBNA_001/20221012_030000.WAV,Telephone Field,recover-20221013,001,1795
1391.3645,1391.3766,22031,25987,Nyctalus leisleri,0.016,0.027,-1,Echolocation,/mnt/ubna_data_02_mir/recover-20221013/UBNA_001/20221012_030000.WAV,Telephone Field,recover-20221013,001,1795
1391.3725,1391.4134,68437,82557,Rhinolophus ferrumequinum,0.028,0.028,-1,Echolocation,/mnt/ubna_data_02_mir/recover-20221013/UBNA_001/20221012_030000.WAV,Telephone Field,recover-20221013,001,1795
1391.3855,1391.422,68437,82131,Rhinolophus ferrumequinum,0.023,0.023,-1,Echolocation,/mnt/ubna_data_02_mir/recover-20221013/UBNA_001/20221012_030000.WAV,Telephone Field,recover-20221013,001,1795
1391.4135,1391.424,23750,30673,Nyctalus leisleri,0.009,0.028,-1,Echolocation,/mnt/ubna_data_02_mir/recover-20221013/UBNA_001/20221012_030000.WAV,Telephone Field,recover-20221013,001,1795
1391.4285,1391.4675,68437,81882,Rhinolophus ferrumequinum,0.022,0.022,-1,Echolocation,/mnt/ubna_data_02_mir/recover-20221013/UBNA_001/20221012_030000.WAV,Telephone Field,recover-20221013,001,1795
1391.4755,1391.4821,24609,38129,Plecotus austriacus,0.009,0.025,-1,Echolocation,/mnt/ubna_data_02_mir/recover-20221013/UBNA_001/20221012_030000.WAV,Telephone Field,recover-20221013,001,1795
1391.4765,1391.4816,35781,43524,Barbastellus barbastellus,0.006,0.024,-1,Echolocation,/mnt/ubna_data_02_mir/recover-20221013/UBNA_001/20221012_030000.WAV,Telephone Field,recover-20221013,001,1795
1391.4985,1391.5383,68437,82102,Rhinolophus ferrumequinum,0.023,0.023,-1,Echolocation,/mnt/ubna_data_02_mir/recover-20221013/UBNA_001/20221012_030000.WAV,Telephone Field,recover-20221013,001,1795
1391.5015,1391.5084,24609,35127,Plecotus austriacus,0.015,0.034,-1,Echolocation,/mnt/ubna_data_02_mir/recover-20221013/UBNA_001/20221012_030000.WAV,Telephone Field,recover-20221013,001,1795
1391.5165,1391.5564,68437,82462,Rhinolophus ferrumequinum,0.027,0.027,-1,Echolocation,/mnt/ubna_data_02_mir/recover-20221013/UBNA_001/20221012_030000.WAV,Telephone Field,recover-20221013,001,1795
1391.5435,1391.5841,68437,82117,Rhinolophus ferrumequinum,0.026,0.026,-1,Echolocation,/mnt/ubna_data_02_mir/recover-20221013/UBNA_001/20221012_030000.WAV,Telephone Field,recover-20221013,001,1795
1391.5465,1391.5576,23750,30268,Nyctalus leisleri,0.008,0.023,-1,Echolocation,/mnt/ubna_data_02_mir/recover-20221013/UBNA_001/20221012_030000.WAV,Telephone Field,recover-20221013,001,1795
1391.5725,1391.6098,68437,82319,Rhinolophus ferrumequinum,0.022,0.022,-1,Echolocation,/mnt/ubna_data_02_mir/recover-20221013/UBNA_001/20221012_030000.WAV,Telephone Field,recover-20221013,001,1795
1391.5825,1391.5937,22890,28536,Nyctalus leisleri,0.014,0.031,-1,Echolocation,/mnt/ubna_data_02_mir/recover-20221013/UBNA_001/20221012_030000.WAV,Telephone Field,recover-20221013,001,1795
1391.5835,1391.6207,68437,82079,Rhinolophus ferrumequinum,0.023,0.023,-1,Echolocation,/mnt/ubna_data_02_mir/recover-20221013/UBNA_001/20221012_030000.WAV,Telephone Field,recover-20221013,001,1795
1391.5885,1391.5997,22031,27495,Nyctalus leisleri,0.015,0.033,-1,Echolocation,/mnt/ubna_data_02_mir/recover-20221013/UBNA_001/20221012_030000.WAV,Telephone Field,recover-20221013,001,1795
1391.6085,1391.6469,68437,81601,Rhinolophus ferrumequinum,0.027,0.028,-1,Echolocation,/mnt/ubna_data_02_mir/recover-20221013/UBNA_001/20221012_030000.WAV,Telephone Field,recover-20221013,001,1795
1391.6145,1391.6541,68437,82441,Rhinolophus ferrumequinum,0.025,0.025,-1,Echolocation,/mnt/ubna_data_02_mir/recover-20221013/UBNA_001/20221012_030000.WAV,Telephone Field,recover-20221013,001,1795
1391.6445,1391.6552,22890,28045,Nyctalus leisleri,0.012,0.024,-1,Echolocation,/mnt/ubna_data_02_mir/recover-20221013/UBNA_001/20221012_030000.WAV,Telephone Field,recover-20221013,001,1795
1391.6465,1391.6863,68437,82475,Rhinolophus ferrumequinum,0.026,0.026,-1,Echolocation,/mnt/ubna_data_02_mir/recover-20221013/UBNA_001/20221012_030000.WAV,Telephone Field,recover-20221013,001,1795
1391.6755,1391.7125,68437,81559,Rhinolophus ferrumequinum,0.025,0.025,-1,Echolocation,/mnt/ubna_data_02_mir/recover-20221013/UBNA_001/20221012_030000.WAV,Telephone Field,recover-20221013,001,1795
1391.7295,1391.7691,68437,82414,Rhinolophus ferrumequinum,0.022,0.022,-1,Echolocation,/mnt/ubna_data_02_mir/recover-20221013/UBNA_001/20221012_030000.WAV,Telephone Field,recover-20221013,001,1795
1391.7355,1391.7739,68437,82252,Rhinolophus ferrumequinum,0.022,0.022,-1,Echolocation,/mnt/ubna_data_02_mir/recover-20221013/UBNA_001/20221012_030000.WAV,Telephone Field,recover-20221013,001,1795
1391.7445,1391.7549,28906,36846,Eptesicus serotinus,0.024,0.04,-1,Echolocation,/mnt/ubna_data_02_mir/recover-20221013/UBNA_001/20221012_030000.WAV,Telephone Field,recover-20221013,001,1795
1391.7845,1391.8253,68437,82935,Rhinolophus ferrumequinum,0.028,0.028,-1,Echolocation,/mnt/ubna_data_02_mir/recover-20221013/UBNA_001/20221012_030000.WAV,Telephone Field,recover-20221013,001,1795
1391.8415,1391.8777,68437,81221,Rhinolophus ferrumequinum,0.024,0.024,-1,Echolocation,/mnt/ubna_data_02_mir/recover-20221013/UBNA_001/20221012_030000.WAV,Telephone Field,recover-20221013,001,1795
1391.8555,1391.8947,68437,82370,Rhinolophus ferrumequinum,0.026,0.026,-1,Echolocation,/mnt/ubna_data_02_mir/recover-20221013/UBNA_001/20221012_030000.WAV,Telephone Field,recover-20221013,001,1795
1391.8875,1391.9226,68437,80857,Rhinolophus ferrumequinum,0.023,0.024,-1,Echolocation,/mnt/ubna_data_02_mir/recover-20221013/UBNA_001/20221012_030000.WAV,Telephone Field,recover-20221013,001,1795
1391.9075,1391.9191,24609,30450,Nyctalus leisleri,0.019,0.042,-1,Echolocation,/mnt/ubna_data_02_mir/recover-20221013/UBNA_001/20221012_030000.WAV,Telephone Field,recover-20221013,001,1795
1391.9085,1391.9472,68437,82258,Rhinolophus ferrumequinum,0.022,0.022,-1,Echolocation,/mnt/ubna_data_02_mir/recover-20221013/UBNA_001/20221012_030000.WAV,Telephone Field,recover-20221013,001,1795
1391.9555,1391.9937,68437,81654,Rhinolophus ferrumequinum,0.029,0.029,-1,Echolocation,/mnt/ubna_data_02_mir/recover-20221013/UBNA_001/20221012_030000.WAV,Telephone Field,recover-20221013,001,1795
1391.9825,1391.9938,37500,42457,Pipistrellus nathusii,0.015,0.067,-1,Echolocation,/mnt/ubna_data_02_mir/recover-20221013/UBNA_001/20221012_030000.WAV,Telephone Field,recover-20221013,001,1795
1391.9865,1391.9938,24609,37420,Plecotus austriacus,0.008,0.026,-1,Echolocation,/mnt/ubna_data_02_mir/recover-20221013/UBNA_001/20221012_030000.WAV,Telephone Field,recover-20221013,001,1795
1392.0015,1392.0333,68437,79735,Rhinolophus ferrumequinum,0.049,0.05,-1,Echolocation,/mnt/ubna_data_02_mir/recover-20221013/UBNA_001/20221012_030000.WAV,Telephone Field,recover-20221013,001,1795
1392.0015,1392.0114,26328,34900,Eptesicus serotinus,0.011,0.036,-1,Echolocation,/mnt/ubna_data_02_mir/recover-20221013/UBNA_001/20221012_030000.WAV,Telephone Field,recover-20221013,001,1795
1392.0085,1392.0528,68437,82400,Rhinolophus ferrumequinum,0.035,0.035,-1,Echolocation,/mnt/ubna_data_02_mir/recover-20221013/UBNA_001/20221012_030000.WAV,Telephone Field,recover-20221013,001,1795
1392.0605,1392.0999,68437,82078,Rhinolophus ferrumequinum,0.025,0.025,-1,Echolocation,/mnt/ubna_data_02_mir/recover-20221013/UBNA_001/20221012_030000.WAV,Telephone Field,recover-20221013,001,1795
1392.0775,1392.0885,23750,29581,Nyctalus leisleri,0.01,0.024,-1,Echolocation,/mnt/ubna_data_02_mir/recover-20221013/UBNA_001/20221012_030000.WAV,Telephone Field,recover-20221013,001,1795
1392.1125,1392.1506,68437,82090,Rhinolophus ferrumequinum,0.022,0.022,-1,Echolocation,/mnt/ubna_data_02_mir/recover-20221013/UBNA_001/20221012_030000.WAV,Telephone Field,recover-20221013,001,1795
1392.1315,1392.1381,23750,38828,Myotis nattereri,0.009,0.026,-1,Echolocation,/mnt/ubna_data_02_mir/recover-20221013/UBNA_001/20221012_030000.WAV,Telephone Field,recover-20221013,001,1795
1392.1325,1392.1666,68437,80877,Rhinolophus ferrumequinum,0.031,0.031,-1,Echolocation,/mnt/ubna_data_02_mir/recover-20221013/UBNA_001/20221012_030000.WAV,Telephone Field,recover-20221013,001,1795
1392.1685,1392.1755,24609,33166,Plecotus austriacus,0.009,0.022,-1,Echolocation,/mnt/ubna_data_02_mir/recover-20221013/UBNA_001/20221012_030000.WAV,Telephone Field,recover-20221013,001,1795
1392.1735,1392.2161,68437,82607,Rhinolophus ferrumequinum,0.027,0.027,-1,Echolocation,/mnt/ubna_data_02_mir/recover-20221013/UBNA_001/20221012_030000.WAV,Telephone Field,recover-20221013,001,1795
1392.1915,1392.2032,50390,55180,Pipistrellus pipistrellus,0.019,0.023,-1,Echolocation,/mnt/ubna_data_02_mir/recover-20221013/UBNA_001/20221012_030000.WAV,Telephone Field,recover-20221013,001,1795
1392.1985,1392.2051,46953,54426,Pipistrellus pipistrellus,0.02,0.026,-1,Echolocation,/mnt/ubna_data_02_mir/recover-20221013/UBNA_001/20221012_030000.WAV,Telephone Field,recover-20221013,001,1795
1392.2375,1392.2467,23750,31052,Plecotus austriacus,0.007,0.022,-1,Echolocation,/mnt/ubna_data_02_mir/recover-20221013/UBNA_001/20221012_030000.WAV,Telephone Field,recover-20221013,001,1795
1392.2395,1392.2782,68437,81678,Rhinolophus ferrumequinum,0.022,0.023,-1,Echolocation,/mnt/ubna_data_02_mir/recover-20221013/UBNA_001/20221012_030000.WAV,Telephone Field,recover-20221013,001,1795
1392.2915,1392.3,28046,43342,Eptesicus serotinus,0.009,0.025,-1,Echolocation,/mnt/ubna_data_02_mir/recover-20221013/UBNA_001/20221012_030000.WAV,Telephone Field,recover-20221013,001,1795
1392.2965,1392.3056,47812,56134,Pipistrellus pipistrellus,0.026,0.029,-1,Echolocation,/mnt/ubna_data_02_mir/recover-20221013/UBNA_001/20221012_030000.WAV,Telephone Field,recover-20221013,001,1795
1392.3105,1392.32,28046,36649,Eptesicus serotinus,0.011,0.026,-1,Echolocation,/mnt/ubna_data_02_mir/recover-20221013/UBNA_001/20221012_030000.WAV,Telephone Field,recover-20221013,001,1795
1392.3235,1392.3591,68437,81388,Rhinolophus ferrumequinum,0.027,0.027,-1,Echolocation,/mnt/ubna_data_02_mir/recover-20221013/UBNA_001/20221012_030000.WAV,Telephone Field,recover-20221013,001,1795
1392.3305,1392.3407,22031,27165,Nyctalus leisleri,0.011,0.024,-1,Echolocation,/mnt/ubna_data_02_mir/recover-20221013/UBNA_001/20221012_030000.WAV,Telephone Field,recover-20221013,001,1795
1392.3575,1392.3973,68437,81788,Rhinolophus ferrumequinum,0.024,0.024,-1,Echolocation,/mnt/ubna_data_02_mir/recover-20221013/UBNA_001/20221012_030000.WAV,Telephone Field,recover-20221013,001,1795
1392.4145,1392.4542,68437,83153,Rhinolophus ferrumequinum,0.027,0.027,-1,Echolocation,/mnt/ubna_data_02_mir/recover-20221013/UBNA_001/20221012_030000.WAV,Telephone Field,recover-20221013,001,1795
1392.4355,1392.4733,68437,81277,Rhinolophus ferrumequinum,0.024,0.024,-1,Echolocation,/mnt/ubna_data_02_mir/recover-20221013/UBNA_001/20221012_030000.WAV,Telephone Field,recover-20221013,001,1795
1392.4545,1392.4634,26328,34521,Nyctalus leisleri,0.006,0.025,-1,Echolocation,/mnt/ubna_data_02_mir/recover-20221013/UBNA_001/20221012_030000.WAV,Telephone Field,recover-20221013,001,1795
1392.5105,1392.5194,26328,36416,Eptesicus serotinus,0.013,0.03,-1,Echolocation,/mnt/ubna_data_02_mir/recover-20221013/UBNA_001/20221012_030000.WAV,Telephone Field,recover-20221013,001,1795
1392.5115,1392.5517,68437,82939,Rhinolophus ferrumequinum,0.038,0.038,-1,Echolocation,/mnt/ubna_data_02_mir/recover-20221013/UBNA_001/20221012_030000.WAV,Telephone Field,recover-20221013,001,1795
1392.5375,1392.5737,68437,82055,Rhinolophus ferrumequinum,0.023,0.023,-1,Echolocation,/mnt/ubna_data_02_mir/recover-20221013/UBNA_001/20221012_030000.WAV,Telephone Field,recover-20221013,001,1795
1392.5835,1392.6203,68437,81911,Rhinolophus ferrumequinum,0.022,0.022,-1,Echolocation,/mnt/ubna_data_02_mir/recover-20221013/UBNA_001/20221012_030000.WAV,Telephone Field,recover-20221013,001,1795
1392.5965,1392.6338,68437,82115,Rhinolophus ferrumequinum,0.038,0.038,-1,Echolocation,/mnt/ubna_data_02_mir/recover-20221013/UBNA_001/20221012_030000.WAV,Telephone Field,recover-20221013,001,1795
1392.6385,1392.6764,68437,82024,Rhinolophus ferrumequinum,0.023,0.023,-1,Echolocation,/mnt/ubna_data_02_mir/recover-20221013/UBNA_001/20221012_030000.WAV,Telephone Field,recover-20221013,001,1795
1392.6845,1392.7016,21171,24976,Nyctalus leisleri,0.021,0.043,-1,Echolocation,/mnt/ubna_data_02_mir/recover-20221013/UBNA_001/20221012_030000.WAV,Telephone Field,recover-20221013,001,1795
1392.7395,1392.7781,68437,82454,Rhinolophus ferrumequinum,0.024,0.024,-1,Echolocation,/mnt/ubna_data_02_mir/recover-20221013/UBNA_001/20221012_030000.WAV,Telephone Field,recover-20221013,001,1795
1392.7585,1392.7794,19453,23227,Nyctalus noctula,0.019,0.032,-1,Echolocation,/mnt/ubna_data_02_mir/recover-20221013/UBNA_001/20221012_030000.WAV,Telephone Field,recover-20221013,001,1795
1392.8015,1392.8081,25468,37247,Plecotus austriacus,0.006,0.023,-1,Echolocation,/mnt/ubna_data_02_mir/recover-20221013/UBNA_001/20221012_030000.WAV,Telephone Field,recover-20221013,001,1795
1392.8035,1392.8428,68437,82189,Rhinolophus ferrumequinum,0.022,0.022,-1,Echolocation,/mnt/ubna_data_02_mir/recover-20221013/UBNA_001/20221012_030000.WAV,Telephone Field,recover-20221013,001,1795
1392.8695,1392.9109,68437,82640,Rhinolophus ferrumequinum,0.027,0.027,-1,Echolocation,/mnt/ubna_data_02_mir/recover-20221013/UBNA_001/20221012_030000.WAV,Telephone Field,recover-20221013,001,1795
1392.9525,1392.9878,68437,81540,Rhinolophus ferrumequinum,0.023,0.023,-1,Echolocation,/mnt/ubna_data_02_mir/recover-20221013/UBNA_001/20221012_030000.WAV,Telephone Field,recover-20221013,001,1795
1392.9655,1393.0065,68437,82762,Rhinolophus ferrumequinum,0.026,0.026,-1,Echolocation,/mnt/ubna_data_02_mir/recover-20221013/UBNA_001/20221012_030000.WAV,Telephone Field,recover-20221013,001,1795
1392.9935,1393.0015,23750,31858,Plecotus austriacus,0.009,0.022,-1,Echolocation,/mnt/ubna_data_02_mir/recover-20221013/UBNA_001/20221012_030000.WAV,Telephone Field,recover-20221013,001,1795
1393.0145,1393.0531,68437,81665,Rhinolophus ferrumequinum,0.023,0.023,-1,Echolocation,/mnt/ubna_data_02_mir/recover-20221013/UBNA_001/20221012_030000.WAV,Telephone Field,recover-20221013,001,1795
1393.0525,1393.0935,68437,82266,Rhinolophus ferrumequinum,0.025,0.025,-1,Echolocation,/mnt/ubna_data_02_mir/recover-20221013/UBNA_001/20221012_030000.WAV,Telephone Field,recover-20221013,001,1795
1393.0535,1393.0606,28046,40815,Eptesicus serotinus,0.009,0.032,-1,Echolocation,/mnt/ubna_data_02_mir/recover-20221013/UBNA_001/20221012_030000.WAV,Telephone Field,recover-20221013,001,1795
1393.0855,1393.0938,27187,37707,Eptesicus serotinus,0.007,0.024,-1,Echolocation,/mnt/ubna_data_02_mir/recover-20221013/UBNA_001/20221012_030000.WAV,Telephone Field,recover-20221013,001,1795
1393.0945,1393.1344,68437,82668,Rhinolophus ferrumequinum,0.023,0.023,-1,Echolocation,/mnt/ubna_data_02_mir/recover-20221013/UBNA_001/20221012_030000.WAV,Telephone Field,recover-20221013,001,1795
1393.1475,1393.1908,68437,83315,Rhinolophus ferrumequinum,0.031,0.031,-1,Echolocation,/mnt/ubna_data_02_mir/recover-20221013/UBNA_001/20221012_030000.WAV,Telephone Field,recover-20221013,001,1795
1393.2035,1393.244,68437,82661,Rhinolophus ferrumequinum,0.027,0.027,-1,Echolocation,/mnt/ubna_data_02_mir/recover-20221013/UBNA_001/20221012_030000.WAV,Telephone Field,recover-20221013,001,1795
1393.2065,1393.2143,46093,50632,Pipistrellus pipistrellus,0.041,0.042,-1,Echolocation,/mnt/ubna_data_02_mir/recover-20221013/UBNA_001/20221012_030000.WAV,Telephone Field,recover-20221013,001,1795
1393.2145,1393.2519,68437,82367,Rhinolophus ferrumequinum,0.023,0.023,-1,Echolocation,/mnt/ubna_data_02_mir/recover-20221013/UBNA_001/20221012_030000.WAV,Telephone Field,recover-20221013,001,1795
1393.2405,1393.2803,68437,82488,Rhinolophus ferrumequinum,0.023,0.023,-1,Echolocation,/mnt/ubna_data_02_mir/recover-20221013/UBNA_001/20221012_030000.WAV,Telephone Field,recover-20221013,001,1795
1393.2515,1393.2633,22890,28772,Nyctalus leisleri,0.012,0.025,-1,Echolocation,/mnt/ubna_data_02_mir/recover-20221013/UBNA_001/20221012_030000.WAV,Telephone Field,recover-20221013,001,1795
1393.2625,1393.2715,27187,35814,Eptesicus serotinus,0.011,0.027,-1,Echolocation,/mnt/ubna_data_02_mir/recover-20221013/UBNA_001/20221012_030000.WAV,Telephone Field,recover-20221013,001,1795
1393.2775,1393.3156,68437,82063,Rhinolophus ferrumequinum,0.022,0.022,-1,Echolocation,/mnt/ubna_data_02_mir/recover-20221013/UBNA_001/20221012_030000.WAV,Telephone Field,recover-20221013,001,1795
1393.3055,1393.3444,68437,82933,Rhinolophus ferrumequinum,0.029,0.029,-1,Echolocation,/mnt/ubna_data_02_mir/recover-20221013/UBNA_001/20221012_030000.WAV,Telephone Field,recover-20221013,001,1795
1393.3135,1393.3524,68437,82407,Rhinolophus ferrumequinum,0.024,0.024,-1,Echolocation,/mnt/ubna_data_02_mir/recover-20221013/UBNA_001/20221012_030000.WAV,Telephone Field,recover-20221013,001,1795
1393.3155,1393.3273,28906,36547,Eptesicus serotinus,0.013,0.027,-1,Echolocation,/mnt/ubna_data_02_mir/recover-20221013/UBNA_001/20221012_030000.WAV,Telephone Field,recover-20221013,001,1795
1393.3465,1393.3836,68437,81360,Rhinolophus ferrumequinum,0.024,0.024,-1,Echolocation,/mnt/ubna_data_02_mir/recover-20221013/UBNA_001/20221012_030000.WAV,Telephone Field,recover-20221013,001,1795
1393.3945,1393.4038,50390,54372,Pipistrellus pipistrellus,0.026,0.03,-1,Echolocation,/mnt/ubna_data_02_mir/recover-20221013/UBNA_001/20221012_030000.WAV,Telephone Field,recover-20221013,001,1795
1393.4345,1393.4433,29765,40775,Eptesicus serotinus,0.007,0.023,-1,Echolocation,/mnt/ubna_data_02_mir/recover-20221013/UBNA_001/20221012_030000.WAV,Telephone Field,recover-20221013,001,1795
1393.5025,1393.543,68437,82996,Rhinolophus ferrumequinum,0.042,0.042,-1,Echolocation,/mnt/ubna_data_02_mir/recover-20221013/UBNA_001/20221012_030000.WAV,Telephone Field,recover-20221013,001,1795
1393.5065,1393.5214,23750,27810,Nyctalus leisleri,0.025,0.043,-1,Echolocation,/mnt/ubna_data_02_mir/recover-20221013/UBNA_001/20221012_030000.WAV,Telephone Field,recover-20221013,001,1795
1393.5225,1393.53,47812,51498,Pipistrellus pipistrellus,0.028,0.029,-1,Echolocation,/mnt/ubna_data_02_mir/recover-20221013/UBNA_001/20221012_030000.WAV,Telephone Field,recover-20221013,001,1795
1393.5305,1393.5681,68437,81554,Rhinolophus ferrumequinum,0.025,0.025,-1,Echolocation,/mnt/ubna_data_02_mir/recover-20221013/UBNA_001/20221012_030000.WAV,Telephone Field,recover-20221013,001,1795
1393.5595,1393.565,28906,39291,Plecotus auritus,0.022,0.073,-1,Echolocation,/mnt/ubna_data_02_mir/recover-20221013/UBNA_001/20221012_030000.WAV,Telephone Field,recover-20221013,001,1795
1393.6005,1393.6406,68437,81279,Rhinolophus ferrumequinum,0.028,0.028,-1,Echolocation,/mnt/ubna_data_02_mir/recover-20221013/UBNA_001/20221012_030000.WAV,Telephone Field,recover-20221013,001,1795
1393.6005,1393.6206,16875,21817,Nyctalus noctula,0.022,0.029,-1,Echolocation,/mnt/ubna_data_02_mir/recover-20221013/UBNA_001/20221012_030000.WAV,Telephone Field,recover-20221013,001,1795
1393.6035,1393.6099,24609,35725,Plecotus austriacus,0.011,0.028,-1,Echolocation,/mnt/ubna_data_02_mir/recover-20221013/UBNA_001/20221012_030000.WAV,Telephone Field,recover-20221013,001,1795
1393.6065,1393.6475,68437,82034,Rhinolophus ferrumequinum,0.033,0.033,-1,Echolocation,/mnt/ubna_data_02_mir/recover-20221013/UBNA_001/20221012_030000.WAV,Telephone Field,recover-20221013,001,1795
1393.6065,1393.6132,46093,52472,Pipistrellus pipistrellus,0.025,0.028,-1,Echolocation,/mnt/ubna_data_02_mir/recover-20221013/UBNA_001/20221012_030000.WAV,Telephone Field,recover-20221013,001,1795
1393.6445,1393.6874,68437,83294,Rhinolophus ferrumequinum,0.033,0.033,-1,Echolocation,/mnt/ubna_data_02_mir/recover-20221013/UBNA_001/20221012_030000.WAV,Telephone Field,recover-20221013,001,1795
1393.6615,1393.6718,28046,36837,Eptesicus serotinus,0.011,0.023,-1,Echolocation,/mnt/ubna_data_02_mir/recover-20221013/UBNA_001/20221012_030000.WAV,Telephone Field,recover-20221013,001,1795
1393.6635,1393.701,68437,81553,Rhinolophus ferrumequinum,0.022,0.022,-1,Echolocation,/mnt/ubna_data_02_mir/recover-20221013/UBNA_001/20221012_030000.WAV,Telephone Field,recover-20221013,001,1795
1393.6955,1393.707,28046,35405,Eptesicus serotinus,0.015,0.028,-1,Echolocation,/mnt/ubna_data_02_mir/recover-20221013/UBNA_001/20221012_030000.WAV,Telephone Field,recover-20221013,001,1795
1393.7325,1393.7408,44375,54752,Pipistrellus pipistrellus,0.014,0.023,-1,Echolocation,/mnt/ubna_data_02_mir/recover-20221013/UBNA_001/20221012_030000.WAV,Telephone Field,recover-20221013,001,1795
1393.7455,1393.7606,27187,32985,Eptesicus serotinus,0.02,0.035,-1,Echolocation,/mnt/ubna_data_02_mir/recover-20221013/UBNA_001/20221012_030000.WAV,Telephone Field,recover-20221013,001,1795
1393.7865,1393.8256,68437,82341,Rhinolophus ferrumequinum,0.023,0.023,-1,Echolocation,/mnt/ubna_data_02_mir/recover-20221013/UBNA_001/20221012_030000.WAV,Telephone Field,recover-20221013,001,1795
1393.8495,1393.8571,24609,34355,Plecotus austriacus,0.012,0.032,-1,Echolocation,/mnt/ubna_data_02_mir/recover-20221013/UBNA_001/20221012_030000.WAV,Telephone Field,recover-20221013,001,1795
1393.8845,1393.9274,68437,82969,Rhinolophus ferrumequinum,0.03,0.03,-1,Echolocation,/mnt/ubna_data_02_mir/recover-20221013/UBNA_001/20221012_030000.WAV,Telephone Field,recover-20221013,001,1795
1393.8945,1393.9014,28046,40392,Eptesicus serotinus,0.008,0.032,-1,Echolocation,/mnt/ubna_data_02_mir/recover-20221013/UBNA_001/20221012_030000.WAV,Telephone Field,recover-20221013,001,1795
1393.9175,1393.9551,68437,82407,Rhinolophus ferrumequinum,0.025,0.025,-1,Echolocation,/mnt/ubna_data_02_mir/recover-20221013/UBNA_001/20221012_030000.WAV,Telephone Field,recover-20221013,001,1795
1394.0015,1394.0104,26328,35914,Eptesicus serotinus,0.01,0.03,-1,Echolocation,/mnt/ubna_data_02_mir/recover-20221013/UBNA_001/20221012_030000.WAV,Telephone Field,recover-20221013,001,1795
1394.0015,1394.0111,46093,53643,Pipistrellus pipistrellus,0.018,0.023,-1,Echolocation,/mnt/ubna_data_02_mir/recover-20221013/UBNA_001/20221012_030000.WAV,Telephone Field,recover-20221013,001,1795
1394.0015,1394.0369,68437,80928,Rhinolophus ferrumequinum,0.037,0.037,-1,Echolocation,/mnt/ubna_data_02_mir/recover-20221013/UBNA_001/20221012_030000.WAV,Telephone Field,recover-20221013,001,1795
1394.0085,1394.052,68437,82653,Rhinolophus ferrumequinum,0.026,0.026,-1,Echolocation,/mnt/ubna_data_02_mir/recover-20221013/UBNA_001/20221012_030000.WAV,Telephone Field,recover-20221013,001,1795
1394.0125,1394.0221,24609,32319,Eptesicus serotinus,0.008,0.023,-1,Echolocation,/mnt/ubna_data_02_mir/recover-20221013/UBNA_001/20221012_030000.WAV,Telephone Field,recover-20221013,001,1795
1394.0145,1394.0542,68437,82577,Rhinolophus ferrumequinum,0.025,0.025,-1,Echolocation,/mnt/ubna_data_02_mir/recover-20221013/UBNA_001/20221012_030000.WAV,Telephone Field,recover-20221013,001,1795
1394.0185,1394.0269,27187,38924,Eptesicus serotinus,0.008,0.023,-1,Echolocation,/mnt/ubna_data_02_mir/recover-20221013/UBNA_001/20221012_030000.WAV,Telephone Field,recover-20221013,001,1795
1394.0245,1394.0631,68437,82245,Rhinolophus ferrumequinum,0.023,0.023,-1,Echolocation,/mnt/ubna_data_02_mir/recover-20221013/UBNA_001/20221012_030000.WAV,Telephone Field,recover-20221013,001,1795
1394.0355,1394.0423,28046,38511,Eptesicus serotinus,0.006,0.026,-1,Echolocation,/mnt/ubna_data_02_mir/recover-20221013/UBNA_001/20221012_030000.WAV,Telephone Field,recover-20221013,001,1795
1394.0575,1394.0968,68437,82216,Rhinolophus ferrumequinum,0.024,0.024,-1,Echolocation,/mnt/ubna_data_02_mir/recover-20221013/UBNA_001/20221012_030000.WAV,Telephone Field,recover-20221013,001,1795
1394.0675,1394.0751,26328,41392,Eptesicus serotinus,0.007,0.024,-1,Echolocation,/mnt/ubna_data_02_mir/recover-20221013/UBNA_001/20221012_030000.WAV,Telephone Field,recover-20221013,001,1795
1394.0785,1394.117,68437,82393,Rhinolophus ferrumequinum,0.025,0.025,-1,Echolocation,/mnt/ubna_data_02_mir/recover-20221013/UBNA_001/20221012_030000.WAV,Telephone Field,recover-20221013,001,1795
1394.0875,1394.0961,28046,44091,Eptesicus serotinus,0.008,0.023,-1,Echolocation,/mnt/ubna_data_02_mir/recover-20221013/UBNA_001/20221012_030000.WAV,Telephone Field,recover-20221013,001,1795
1394.0925,1394.1295,68437,82181,Rhinolophus ferrumequinum,0.023,0.023,-1,Echolocation,/mnt/ubna_data_02_mir/recover-20221013/UBNA_001/20221012_030000.WAV,Telephone Field,recover-20221013,001,1795
1394.1035,1394.1234,19453,22883,Nyctalus leisleri,0.019,0.04,-1,Echolocation,/mnt/ubna_data_02_mir/recover-20221013/UBNA_001/20221012_030000.WAV,Telephone Field,recover-20221013,001,1795
1394.1455,1394.1549,27187,35816,Eptesicus serotinus,0.008,0.023,-1,Echolocation,/mnt/ubna_data_02_mir/recover-20221013/UBNA_001/20221012_030000.WAV,Telephone Field,recover-20221013,001,1795
1394.1595,1394.201,68437,82761,Rhinolophus ferrumequinum,0.03,0.03,-1,Echolocation,/mnt/ubna_data_02_mir/recover-20221013/UBNA_001/20221012_030000.WAV,Telephone Field,recover-20221013,001,1795
1394.1695,1394.2119,68437,82902,Rhinolophus ferrumequinum,0.042,0.042,-1,Echolocation,/mnt/ubna_data_02_mir/recover-20221013/UBNA_001/20221012_030000.WAV,Telephone Field,recover-20221013,001,1795
1394.1885,1394.1998,28046,35542,Eptesicus serotinus,0.014,0.029,-1,Echolocation,/mnt/ubna_data_02_mir/recover-20221013/UBNA_001/20221012_030000.WAV,Telephone Field,recover-20221013,001,1795
1394.2045,1394.2121,47812,54437,Pipistrellus pipistrellus,0.025,0.026,-1,Echolocation,/mnt/ubna_data_02_mir/recover-20221013/UBNA_001/20221012_030000.WAV,Telephone Field,recover-20221013,001,1795
1394.2315,1394.2428,25468,33157,Eptesicus serotinus,0.011,0.027,-1,Echolocation,/mnt/ubna_data_02_mir/recover-20221013/UBNA_001/20221012_030000.WAV,Telephone Field,recover-20221013,001,1795
1394.2415,1394.2504,28046,36952,Eptesicus serotinus,0.008,0.023,-1,Echolocation,/mnt/ubna_data_02_mir/recover-20221013/UBNA_001/20221012_030000.WAV,Telephone Field,recover-20221013,001,1795
1394.2685,1394.2813,22890,28620,Nyctalus leisleri,0.018,0.038,-1,Echolocation,/mnt/ubna_data_02_mir/recover-20221013/UBNA_001/20221012_030000.WAV,Telephone Field,recover-20221013,001,1795
1394.2885,1394.3322,68437,83149,Rhinolophus ferrumequinum,0.027,0.027,-1,Echolocation,/mnt/ubna_data_02_mir/recover-20221013/UBNA_001/20221012_030000.WAV,Telephone Field,recover-20221013,001,1795
1394.3185,1394.3564,68437,81868,Rhinolophus ferrumequinum,0.029,0.029,-1,Echolocation,/mnt/ubna_data_02_mir/recover-20221013/UBNA_001/20221012_030000.WAV,Telephone Field,recover-20221013,001,1795
1394.3325,1394.3745,68437,82732,Rhinolophus ferrumequinum,0.024,0.024,-1,Echolocation,/mnt/ubna_data_02_mir/recover-20221013/UBNA_001/20221012_030000.WAV,Telephone Field,recover-20221013,001,1795
1394.3555,1394.3633,14296,26716,Plecotus auritus,0.014,0.023,-1,Echolocation,/mnt/ubna_data_02_mir/recover-20221013/UBNA_001/20221012_030000.WAV,Telephone Field,recover-20221013,001,1795
1394.3895,1394.432,68437,82777,Rhinolophus ferrumequinum,0.026,0.026,-1,Echolocation,/mnt/ubna_data_02_mir/recover-20221013/UBNA_001/20221012_030000.WAV,Telephone Field,recover-20221013,001,1795
1394.3925,1394.3999,57265,61809,Pipistrellus pygmaeus,0.032,0.032,-1,Echolocation,/mnt/ubna_data_02_mir/recover-20221013/UBNA_001/20221012_030000.WAV,Telephone Field,recover-20221013,001,1795
1394.4295,1394.4719,68437,82773,Rhinolophus ferrumequinum,0.028,0.028,-1,Echolocation,/mnt/ubna_data_02_mir/recover-20221013/UBNA_001/20221012_030000.WAV,Telephone Field,recover-20221013,001,1795
1394.4355,1394.4774,68437,82478,Rhinolophus ferrumequinum,0.028,0.028,-1,Echolocation,/mnt/ubna_data_02_mir/recover-20221013/UBNA_001/20221012_030000.WAV,Telephone Field,recover-20221013,001,1795
1394.4445,1394.4803,68437,82310,Rhinolophus ferrumequinum,0.024,0.024,-1,Echolocation,/mnt/ubna_data_02_mir/recover-20221013/UBNA_001/20221012_030000.WAV,Telephone Field,recover-20221013,001,1795
1394.4685,1394.4794,24609,31277,Nyctalus leisleri,0.009,0.024,-1,Echolocation,/mnt/ubna_data_02_mir/recover-20221013/UBNA_001/20221012_030000.WAV,Telephone Field,recover-20221013,001,1795
1394.4755,1394.487,24609,30239,Nyctalus leisleri,0.01,0.024,-1,Echolocation,/mnt/ubna_data_02_mir/recover-20221013/UBNA_001/20221012_030000.WAV,Telephone Field,recover-20221013,001,1795
1394.4985,1394.5359,68437,82230,Rhinolophus ferrumequinum,0.024,0.024,-1,Echolocation,/mnt/ubna_data_02_mir/recover-20221013/UBNA_001/20221012_030000.WAV,Telephone Field,recover-20221013,001,1795
1394.5335,1394.5735,68437,82090,Rhinolophus ferrumequinum,0.024,0.025,-1,Echolocation,/mnt/ubna_data_02_mir/recover-20221013/UBNA_001/20221012_030000.WAV,Telephone Field,recover-20221013,001,1795
1394.5625,1394.6084,68437,83691,Rhinolophus ferrumequinum,0.033,0.033,-1,Echolocation,/mnt/ubna_data_02_mir/recover-20221013/UBNA_001/20221012_030000.WAV,Telephone Field,recover-20221013,001,1795
1394.5775,1394.587,29765,37511,Eptesicus serotinus,0.027,0.053,-1,Echolocation,/mnt/ubna_data_02_mir/recover-20221013/UBNA_001/20221012_030000.WAV,Telephone Field,recover-20221013,001,1795
1394.6115,1394.6183,28046,39223,Eptesicus serotinus,0.007,0.028,-1,Echolocation,/mnt/ubna_data_02_mir/recover-20221013/UBNA_001/20221012_030000.WAV,Telephone Field,recover-20221013,001,1795
1394.6715,1394.6799,25468,34217,Eptesicus serotinus,0.006,0.023,-1,Echolocation,/mnt/ubna_data_02_mir/recover-20221013/UBNA_001/20221012_030000.WAV,Telephone Field,recover-20221013,001,1795
1394.7185,1394.7574,68437,82235,Rhinolophus ferrumequinum,0.028,0.028,-1,Echolocation,/mnt/ubna_data_02_mir/recover-20221013/UBNA_001/20221012_030000.WAV,Telephone Field,recover-20221013,001,1795
1394.7595,1394.7673,23750,32281,Plecotus austriacus,0.009,0.023,-1,Echolocation,/mnt/ubna_data_02_mir/recover-20221013/UBNA_001/20221012_030000.WAV,Telephone Field,recover-20221013,001,1795
1394.8485,1394.8858,68437,82145,Rhinolophus ferrumequinum,0.023,0.023,-1,Echolocation,/mnt/ubna_data_02_mir/recover-20221013/UBNA_001/20221012_030000.WAV,Telephone Field,recover-20221013,001,1795
1394.8665,1394.8741,28046,38334,Eptesicus serotinus,0.007,0.023,-1,Echolocation,/mnt/ubna_data_02_mir/recover-20221013/UBNA_001/20221012_030000.WAV,Telephone Field,recover-20221013,001,1795
1394.9195,1394.9624,68437,83057,Rhinolophus ferrumequinum,0.03,0.03,-1,Echolocation,/mnt/ubna_data_02_mir/recover-20221013/UBNA_001/20221012_030000.WAV,Telephone Field,recover-20221013,001,1795
1394.9365,1394.9469,23750,29774,Nyctalus leisleri,0.013,0.027,-1,Echolocation,/mnt/ubna_data_02_mir/recover-20221013/UBNA_001/20221012_030000.WAV,Telephone Field,recover-20221013,001,1795
1394.9725,1395.0123,68437,82804,Rhinolophus ferrumequinum,0.03,0.03,-1,Echolocation,/mnt/ubna_data_02_mir/recover-20221013/UBNA_001/20221012_030000.WAV,Telephone Field,recover-20221013,001,1795
1395.0085,1395.0151,28046,40060,Eptesicus serotinus,0.009,0.033,-1,Echolocation,/mnt/ubna_data_02_mir/recover-20221013/UBNA_001/20221012_030000.WAV,Telephone Field,recover-20221013,001,1795
1395.0215,1395.0593,68437,81627,Rhinolophus ferrumequinum,0.024,0.024,-1,Echolocation,/mnt/ubna_data_02_mir/recover-20221013/UBNA_001/20221012_030000.WAV,Telephone Field,recover-20221013,001,1795
1395.0475,1395.0874,68437,82849,Rhinolophus ferrumequinum,0.024,0.024,-1,Echolocation,/mnt/ubna_data_02_mir/recover-20221013/UBNA_001/20221012_030000.WAV,Telephone Field,recover-20221013,001,1795
1395.0585,1395.0982,68437,82238,Rhinolophus ferrumequinum,0.024,0.024,-1,Echolocation,/mnt/ubna_data_02_mir/recover-20221013/UBNA_001/20221012_030000.WAV,Telephone Field,recover-20221013,001,1795
1395.0595,1395.0652,31484,46396,Myotis daubentonii,0.02,0.034,-1,Echolocation,/mnt/ubna_data_02_mir/recover-20221013/UBNA_001/20221012_030000.WAV,Telephone Field,recover-20221013,001,1795
1395.1215,1395.1321,23750,29480,Nyctalus leisleri,0.012,0.029,-1,Echolocation,/mnt/ubna_data_02_mir/recover-20221013/UBNA_001/20221012_030000.WAV,Telephone Field,recover-20221013,001,1795
1395.1455,1395.1575,22031,26932,Nyctalus leisleri,0.011,0.023,-1,Echolocation,/mnt/ubna_data_02_mir/recover-20221013/UBNA_001/20221012_030000.WAV,Telephone Field,recover-20221013,001,1795
1395.1725,1395.1847,22890,27320,Nyctalus leisleri,0.012,0.023,-1,Echolocation,/mnt/ubna_data_02_mir/recover-20221013/UBNA_001/20221012_030000.WAV,Telephone Field,recover-20221013,001,1795
1395.1795,1395.2197,68437,82890,Rhinolophus ferrumequinum,0.025,0.025,-1,Echolocation,/mnt/ubna_data_02_mir/recover-20221013/UBNA_001/20221012_030000.WAV,Telephone Field,recover-20221013,001,1795
1395.1875,1395.2312,68437,83040,Rhinolophus ferrumequinum,0.027,0.027,-1,Echolocation,/mnt/ubna_data_02_mir/recover-20221013/UBNA_001/20221012_030000.WAV,Telephone Field,recover-20221013,001,1795
1395.2005,1395.213,23750,29319,Nyctalus leisleri,0.014,0.028,-1,Echolocation,/mnt/ubna_data_02_mir/recover-20221013/UBNA_001/20221012_030000.WAV,Telephone Field,recover-20221013,001,1795
1395.2505,1395.2899,68437,82348,Rhinolophus ferrumequinum,0.025,0.025,-1,Echolocation,/mnt/ubna_data_02_mir/recover-20221013/UBNA_001/20221012_030000.WAV,Telephone Field,recover-20221013,001,1795
1395.2685,1395.2769,28046,39701,Eptesicus serotinus,0.008,0.025,-1,Echolocation,/mnt/ubna_data_02_mir/recover-20221013/UBNA_001/20221012_030000.WAV,Telephone Field,recover-20221013,001,1795
1395.2945,1395.3374,68437,83554,Rhinolophus ferrumequinum,0.034,0.034,-1,Echolocation,/mnt/ubna_data_02_mir/recover-20221013/UBNA_001/20221012_030000.WAV,Telephone Field,recover-20221013,001,1795
1395.2965,1395.3044,46953,52641,Pipistrellus pipistrellus,0.023,0.024,-1,Echolocation,/mnt/ubna_data_02_mir/recover-20221013/UBNA_001/20221012_030000.WAV,Telephone Field,recover-20221013,001,1795
1395.3255,1395.3387,22031,25978,Nyctalus leisleri,0.014,0.024,-1,Echolocation,/mnt/ubna_data_02_mir/recover-20221013/UBNA_001/20221012_030000.WAV,Telephone Field,recover-20221013,001,1795
1395.3485,1395.3884,68437,82685,Rhinolophus ferrumequinum,0.026,0.026,-1,Echolocation,/mnt/ubna_data_02_mir/recover-20221013/UBNA_001/20221012_030000.WAV,Telephone Field,recover-20221013,001,1795
1395.3695,1395.3768,26328,40042,Eptesicus serotinus,0.007,0.027,-1,Echolocation,/mnt/ubna_data_02_mir/recover-20221013/UBNA_001/20221012_030000.WAV,Telephone Field,recover-20221013,001,1795
1395.3775,1395.3866,28906,37126,Eptesicus serotinus,0.008,0.023,-1,Echolocation,/mnt/ubna_data_02_mir/recover-20221013/UBNA_001/20221012_030000.WAV,Telephone Field,recover-20221013,001,1795
1395.4055,1395.4431,68437,81684,Rhinolophus ferrumequinum,0.023,0.023,-1,Echolocation,/mnt/ubna_data_02_mir/recover-20221013/UBNA_001/20221012_030000.WAV,Telephone Field,recover-20221013,001,1795
1395.4285,1395.4659,68437,82373,Rhinolophus ferrumequinum,0.023,0.023,-1,Echolocation,/mnt/ubna_data_02_mir/recover-20221013/UBNA_001/20221012_030000.WAV,Telephone Field,recover-20221013,001,1795
1395.4315,1395.439,27187,37244,Eptesicus serotinus,0.008,0.027,-1,Echolocation,/mnt/ubna_data_02_mir/recover-20221013/UBNA_001/20221012_030000.WAV,Telephone Field,recover-20221013,001,1795
1395.4385,1395.4463,27187,41169,Eptesicus serotinus,0.007,0.023,-1,Echolocation,/mnt/ubna_data_02_mir/recover-20221013/UBNA_001/20221012_030000.WAV,Telephone Field,recover-20221013,001,1795
1395.5165,1395.5252,28906,38095,Eptesicus serotinus,0.01,0.033,-1,Echolocation,/mnt/ubna_data_02_mir/recover-20221013/UBNA_001/20221012_030000.WAV,Telephone Field,recover-20221013,001,1795
1395.5305,1395.5475,20312,23536,Nyctalus leisleri,0.019,0.035,-1,Echolocation,/mnt/ubna_data_02_mir/recover-20221013/UBNA_001/20221012_030000.WAV,Telephone Field,recover-20221013,001,1795
1395.5445,1395.5849,68437,82571,Rhinolophus ferrumequinum,0.025,0.025,-1,Echolocation,/mnt/ubna_data_02_mir/recover-20221013/UBNA_001/20221012_030000.WAV,Telephone Field,recover-20221013,001,1795
1395.5755,1395.6155,68437,82319,Rhinolophus ferrumequinum,0.029,0.029,-1,Echolocation,/mnt/ubna_data_02_mir/recover-20221013/UBNA_001/20221012_030000.WAV,Telephone Field,recover-20221013,001,1795
1395.5905,1395.5989,28046,36869,Eptesicus serotinus,0.008,0.025,-1,Echolocation,/mnt/ubna_data_02_mir/recover-20221013/UBNA_001/20221012_030000.WAV,Telephone Field,recover-20221013,001,1795
1395.5935,1395.6322,68437,82258,Rhinolophus ferrumequinum,0.024,0.024,-1,Echolocation,/mnt/ubna_data_02_mir/recover-20221013/UBNA_001/20221012_030000.WAV,Telephone Field,recover-20221013,001,1795
1395.6395,1395.6457,28046,40495,Eptesicus serotinus,0.014,0.05,-1,Echolocation,/mnt/ubna_data_02_mir/recover-20221013/UBNA_001/20221012_030000.WAV,Telephone Field,recover-20221013,001,1795
1395.6445,1395.6856,68437,82725,Rhinolophus ferrumequinum,0.027,0.027,-1,Echolocation,/mnt/ubna_data_02_mir/recover-20221013/UBNA_001/20221012_030000.WAV,Telephone Field,recover-20221013,001,1795
1395.6755,1395.7186,68437,82902,Rhinolophus ferrumequinum,0.023,0.023,-1,Echolocation,/mnt/ubna_data_02_mir/recover-20221013/UBNA_001/20221012_030000.WAV,Telephone Field,recover-20221013,001,1795
1395.6825,1395.7246,68437,82923,Rhinolophus ferrumequinum,0.023,0.023,-1,Echolocation,/mnt/ubna_data_02_mir/recover-20221013/UBNA_001/20221012_030000.WAV,Telephone Field,recover-20221013,001,1795
1395.7055,1395.7453,68437,81996,Rhinolophus ferrumequinum,0.026,0.026,-1,Echolocation,/mnt/ubna_data_02_mir/recover-20221013/UBNA_001/20221012_030000.WAV,Telephone Field,recover-20221013,001,1795
1395.7125,1395.7518,68437,82280,Rhinolophus ferrumequinum,0.024,0.024,-1,Echolocation,/mnt/ubna_data_02_mir/recover-20221013/UBNA_001/20221012_030000.WAV,Telephone Field,recover-20221013,001,1795
1395.7365,1395.7752,68437,81110,Rhinolophus ferrumequinum,0.024,0.024,-1,Echolocation,/mnt/ubna_data_02_mir/recover-20221013/UBNA_001/20221012_030000.WAV,Telephone Field,recover-20221013,001,1795
1395.7455,1395.7558,22890,28846,Nyctalus leisleri,0.01,0.025,-1,Echolocation,/mnt/ubna_data_02_mir/recover-20221013/UBNA_001/20221012_030000.WAV,Telephone Field,recover-20221013,001,1795
1395.7735,1395.786,22890,27123,Nyctalus leisleri,0.016,0.029,-1,Echolocation,/mnt/ubna_data_02_mir/recover-20221013/UBNA_001/20221012_030000.WAV,Telephone Field,recover-20221013,001,1795
1395.8315,1395.8734,68437,83175,Rhinolophus ferrumequinum,0.033,0.033,-1,Echolocation,/mnt/ubna_data_02_mir/recover-20221013/UBNA_001/20221012_030000.WAV,Telephone Field,recover-20221013,001,1795
1395.8555,1395.868,22890,26517,Nyctalus leisleri,0.014,0.024,-1,Echolocation,/mnt/ubna_data_02_mir/recover-20221013/UBNA_001/20221012_030000.WAV,Telephone Field,recover-20221013,001,1795
1395.8585,1395.87,43515,47581,Pipistrellus pipistrellus,0.038,0.045,-1,Echolocation,/mnt/ubna_data_02_mir/recover-20221013/UBNA_001/20221012_030000.WAV,Telephone Field,recover-20221013,001,1795
1395.8765,1395.9149,68437,82122,Rhinolophus ferrumequinum,0.025,0.025,-1,Echolocation,/mnt/ubna_data_02_mir/recover-20221013/UBNA_001/20221012_030000.WAV,Telephone Field,recover-20221013,001,1795
1395.9115,1395.917,34062,46077,Myotis daubentonii,0.014,0.029,-1,Echolocation,/mnt/ubna_data_02_mir/recover-20221013/UBNA_001/20221012_030000.WAV,Telephone Field,recover-20221013,001,1795
1395.9135,1395.9198,25468,39898,Plecotus austriacus,0.009,0.033,-1,Echolocation,/mnt/ubna_data_02_mir/recover-20221013/UBNA_001/20221012_030000.WAV,Telephone Field,recover-20221013,001,1795
1395.9485,1395.9872,68437,81717,Rhinolophus ferrumequinum,0.026,0.026,-1,Echolocation,/mnt/ubna_data_02_mir/recover-20221013/UBNA_001/20221012_030000.WAV,Telephone Field,recover-20221013,001,1795
1396.0015,1396.0116,22031,29654,Nyctalus leisleri,0.01,0.028,-1,Echolocation,/mnt/ubna_data_02_mir/recover-20221013/UBNA_001/20221012_030000.WAV,Telephone Field,recover-20221013,001,1795
1396.0015,1396.0102,49531,56886,Pipistrellus pipistrellus,0.036,0.045,-1,Echolocation,/mnt/ubna_data_02_mir/recover-20221013/UBNA_001/20221012_030000.WAV,Telephone Field,recover-20221013,001,1795
1396.0015,1396.0305,68437,78887,Rhinolophus ferrumequinum,0.028,0.029,-1,Echolocation,/mnt/ubna_data_02_mir/recover-20221013/UBNA_001/20221012_030000.WAV,Telephone Field,recover-20221013,001,1795
1396.0255,1396.0321,47812,52615,Pipistrellus pipistrellus,0.029,0.03,-1,Echolocation,/mnt/ubna_data_02_mir/recover-20221013/UBNA_001/20221012_030000.WAV,Telephone Field,recover-20221013,001,1795
1396.0515,1396.0979,68437,83710,Rhinolophus ferrumequinum,0.043,0.043,-1,Echolocation,/mnt/ubna_data_02_mir/recover-20221013/UBNA_001/20221012_030000.WAV,Telephone Field,recover-20221013,001,1795
1396.0835,1396.0904,27187,38720,Eptesicus serotinus,0.006,0.024,-1,Echolocation,/mnt/ubna_data_02_mir/recover-20221013/UBNA_001/20221012_030000.WAV,Telephone Field,recover-20221013,001,1795
1396.1075,1396.1446,68437,81537,Rhinolophus ferrumequinum,0.027,0.027,-1,Echolocation,/mnt/ubna_data_02_mir/recover-20221013/UBNA_001/20221012_030000.WAV,Telephone Field,recover-20221013,001,1795
1396.1235,1396.1648,68437,82504,Rhinolophus ferrumequinum,0.027,0.027,-1,Echolocation,/mnt/ubna_data_02_mir/recover-20221013/UBNA_001/20221012_030000.WAV,Telephone Field,recover-20221013,001,1795
1396.1775,1396.2114,68437,80716,Rhinolophus ferrumequinum,0.023,0.023,-1,Echolocation,/mnt/ubna_data_02_mir/recover-20221013/UBNA_001/20221012_030000.WAV,Telephone Field,recover-20221013,001,1795
1396.1815,1396.191,57265,62320,Pipistrellus pygmaeus,0.03,0.03,-1,Echolocation,/mnt/ubna_data_02_mir/recover-20221013/UBNA_001/20221012_030000.WAV,Telephone Field,recover-20221013,001,1795
1396.2045,1396.2407,68437,80913,Rhinolophus ferrumequinum,0.022,0.022,-1,Echolocation,/mnt/ubna_data_02_mir/recover-20221013/UBNA_001/20221012_030000.WAV,Telephone Field,recover-20221013,001,1795
1396.2635,1396.3014,68437,81871,Rhinolophus ferrumequinum,0.024,0.024,-1,Echolocation,/mnt/ubna_data_02_mir/recover-20221013/UBNA_001/20221012_030000.WAV,Telephone Field,recover-20221013,001,1795
1396.3235,1396.3635,68437,82977,Rhinolophus ferrumequinum,0.03,0.03,-1,Echolocation,/mnt/ubna_data_02_mir/recover-20221013/UBNA_001/20221012_030000.WAV,Telephone Field,recover-20221013,001,1795
1396.3485,1396.3884,68437,81879,Rhinolophus ferrumequinum,0.025,0.025,-1,Echolocation,/mnt/ubna_data_02_mir/recover-20221013/UBNA_001/20221012_030000.WAV,Telephone Field,recover-20221013,001,1795
1396.3625,1396.3701,28906,38714,Eptesicus serotinus,0.007,0.025,-1,Echolocation,/mnt/ubna_data_02_mir/recover-20221013/UBNA_001/20221012_030000.WAV,Telephone Field,recover-20221013,001,1795
1396.3715,1396.408,68437,81818,Rhinolophus ferrumequinum,0.027,0.027,-1,Echolocation,/mnt/ubna_data_02_mir/recover-20221013/UBNA_001/20221012_030000.WAV,Telephone Field,recover-20221013,001,1795
1396.3835,1396.4211,68437,81527,Rhinolophus ferrumequinum,0.022,0.022,-1,Echolocation,/mnt/ubna_data_02_mir/recover-20221013/UBNA_001/20221012_030000.WAV,Telephone Field,recover-20221013,001,1795
1396.4055,1396.4436,68437,81754,Rhinolophus ferrumequinum,0.022,0.022,-1,Echolocation,/mnt/ubna_data_02_mir/recover-20221013/UBNA_001/20221012_030000.WAV,Telephone Field,recover-20221013,001,1795
1396.4205,1396.4278,27187,38278,Eptesicus serotinus,0.008,0.027,-1,Echolocation,/mnt/ubna_data_02_mir/recover-20221013/UBNA_001/20221012_030000.WAV,Telephone Field,recover-20221013,001,1795
1396.4345,1396.4724,68437,82219,Rhinolophus ferrumequinum,0.023,0.023,-1,Echolocation,/mnt/ubna_data_02_mir/recover-20221013/UBNA_001/20221012_030000.WAV,Telephone Field,recover-20221013,001,1795
1396.4495,1396.4604,23750,30384,Nyctalus leisleri,0.011,0.029,-1,Echolocation,/mnt/ubna_data_02_mir/recover-20221013/UBNA_001/20221012_030000.WAV,Telephone Field,recover-20221013,001,1795
1396.4575,1396.5018,68437,83374,Rhinolophus ferrumequinum,0.03,0.03,-1,Echolocation,/mnt/ubna_data_02_mir/recover-20221013/UBNA_001/20221012_030000.WAV,Telephone Field,recover-20221013,001,1795
1396.4705,1396.5126,68437,83088,Rhinolophus ferrumequinum,0.026,0.026,-1,Echolocation,/mnt/ubna_data_02_mir/recover-20221013/UBNA_001/20221012_030000.WAV,Telephone Field,recover-20221013,001,1795
1396.5195,1396.557,68437,81960,Rhinolophus ferrumequinum,0.022,0.022,-1,Echolocation,/mnt/ubna_data_02_mir/recover-20221013/UBNA_001/20221012_030000.WAV,Telephone Field,recover-20221013,001,1795
1396.5275,1396.5348,28046,39881,Eptesicus serotinus,0.007,0.024,-1,Echolocation,/mnt/ubna_data_02_mir/recover-20221013/UBNA_001/20221012_030000.WAV,Telephone Field,recover-20221013,001,1795
1396.5335,1396.5737,68437,82518,Rhinolophus ferrumequinum,0.039,0.039,-1,Echolocation,/mnt/ubna_data_02_mir/recover-20221013/UBNA_001/20221012_030000.WAV,Telephone Field,recover-20221013,001,1795
1396.5515,1396.5919,68437,82696,Rhinolophus ferrumequinum,0.024,0.024,-1,Echolocation,/mnt/ubna_data_02_mir/recover-20221013/UBNA_001/20221012_030000.WAV,Telephone Field,recover-20221013,001,1795
1396.6025,1396.615,24609,29444,Nyctalus leisleri,0.013,0.028,-1,Echolocation,/mnt/ubna_data_02_mir/recover-20221013/UBNA_001/20221012_030000.WAV,Telephone Field,recover-20221013,001,1795
1396.6205,1396.6589,68437,82244,Rhinolophus ferrumequinum,0.023,0.023,-1,Echolocation,/mnt/ubna_data_02_mir/recover-20221013/UBNA_001/20221012_030000.WAV,Telephone Field,recover-20221013,001,1795
1396.6335,1396.6669,67578,78875,Rhinolophus ferrumequinum,0.022,0.023,-1,Echolocation,/mnt/ubna_data_02_mir/recover-20221013/UBNA_001/20221012_030000.WAV,Telephone Field,recover-20221013,001,1795
1396.6375,1396.6480999999999,50390,55925,Pipistrellus pipistrellus,0.036,0.043,-1,Echolocation,/mnt/ubna_data_02_mir/recover-20221013/UBNA_001/20221012_030000.WAV,Telephone Field,recover-20221013,001,1795
1396.6505,1396.6855,68437,81640,Rhinolophus ferrumequinum,0.026,0.026,-1,Echolocation,/mnt/ubna_data_02_mir/recover-20221013/UBNA_001/20221012_030000.WAV,Telephone Field,recover-20221013,001,1795
1396.6825,1396.7243,68437,82883,Rhinolophus ferrumequinum,0.028,0.028,-1,Echolocation,/mnt/ubna_data_02_mir/recover-20221013/UBNA_001/20221012_030000.WAV,Telephone Field,recover-20221013,001,1795
1396.7025,1396.712,22890,29082,Nyctalus leisleri,0.011,0.027,-1,Echolocation,/mnt/ubna_data_02_mir/recover-20221013/UBNA_001/20221012_030000.WAV,Telephone Field,recover-20221013,001,1795
1396.7045,1396.7402,68437,81576,Rhinolophus ferrumequinum,0.027,0.027,-1,Echolocation,/mnt/ubna_data_02_mir/recover-20221013/UBNA_001/20221012_030000.WAV,Telephone Field,recover-20221013,001,1795
1396.7115,1396.7498,68437,81854,Rhinolophus ferrumequinum,0.023,0.023,-1,Echolocation,/mnt/ubna_data_02_mir/recover-20221013/UBNA_001/20221012_030000.WAV,Telephone Field,recover-20221013,001,1795
1396.7545,1396.7912,68437,81703,Rhinolophus ferrumequinum,0.023,0.023,-1,Echolocation,/mnt/ubna_data_02_mir/recover-20221013/UBNA_001/20221012_030000.WAV,Telephone Field,recover-20221013,001,1795
1396.7695,1396.778,26328,35117,Eptesicus serotinus,0.017,0.039,-1,Echolocation,/mnt/ubna_data_02_mir/recover-20221013/UBNA_001/20221012_030000.WAV,Telephone Field,recover-20221013,001,1795
1396.8025,1396.8411,68437,81739,Rhinolophus ferrumequinum,0.023,0.023,-1,Echolocation,/mnt/ubna_data_02_mir/recover-20221013/UBNA_001/20221012_030000.WAV,Telephone Field,recover-20221013,001,1795
1396.8045,1396.8141,28046,39038,Eptesicus serotinus,0.009,0.022,-1,Echolocation,/mnt/ubna_data_02_mir/recover-20221013/UBNA_001/20221012_030000.WAV,Telephone Field,recover-20221013,001,1795
1396.8315,1396.8722,68437,83065,Rhinolophus ferrumequinum,0.047,0.047,-1,Echolocation,/mnt/ubna_data_02_mir/recover-20221013/UBNA_001/20221012_030000.WAV,Telephone Field,recover-20221013,001,1795
1396.8815,1396.8908,28046,36124,Eptesicus serotinus,0.009,0.023,-1,Echolocation,/mnt/ubna_data_02_mir/recover-20221013/UBNA_001/20221012_030000.WAV,Telephone Field,recover-20221013,001,1795
1396.9115,1396.9194,28046,38699,Eptesicus serotinus,0.007,0.022,-1,Echolocation,/mnt/ubna_data_02_mir/recover-20221013/UBNA_001/20221012_030000.WAV,Telephone Field,recover-20221013,001,1795
1396.9255,1396.9331,28046,38361,Eptesicus serotinus,0.007,0.023,-1,Echolocation,/mnt/ubna_data_02_mir/recover-20221013/UBNA_001/20221012_030000.WAV,Telephone Field,recover-20221013,001,1795
1396.9515,1396.9618,24609,30989,Nyctalus leisleri,0.01,0.025,-1,Echolocation,/mnt/ubna_data_02_mir/recover-20221013/UBNA_001/20221012_030000.WAV,Telephone Field,recover-20221013,001,1795
1396.9785,1397.0221,68437,83143,Rhinolophus ferrumequinum,0.027,0.027,-1,Echolocation,/mnt/ubna_data_02_mir/recover-20221013/UBNA_001/20221012_030000.WAV,Telephone Field,recover-20221013,001,1795
1397.0125,1397.0194,27187,39765,Eptesicus serotinus,0.006,0.024,-1,Echolocation,/mnt/ubna_data_02_mir/recover-20221013/UBNA_001/20221012_030000.WAV,Telephone Field,recover-20221013,001,1795
1397.0185,1397.0549,68437,81811,Rhinolophus ferrumequinum,0.03,0.03,-1,Echolocation,/mnt/ubna_data_02_mir/recover-20221013/UBNA_001/20221012_030000.WAV,Telephone Field,recover-20221013,001,1795
1397.0295,1397.0382,22031,28601,Plecotus austriacus,0.01,0.023,-1,Echolocation,/mnt/ubna_data_02_mir/recover-20221013/UBNA_001/20221012_030000.WAV,Telephone Field,recover-20221013,001,1795
1397.0565,1397.099,68437,82360,Rhinolophus ferrumequinum,0.022,0.022,-1,Echolocation,/mnt/ubna_data_02_mir/recover-20221013/UBNA_001/20221012_030000.WAV,Telephone Field,recover-20221013,001,1795
1397.1085,1397.115,26328,38034,Plecotus austriacus,0.008,0.036,-1,Echolocation,/mnt/ubna_data_02_mir/recover-20221013/UBNA_001/20221012_030000.WAV,Telephone Field,recover-20221013,001,1795
1397.1165,1397.154,68437,81939,Rhinolophus ferrumequinum,0.023,0.023,-1,Echolocation,/mnt/ubna_data_02_mir/recover-20221013/UBNA_001/20221012_030000.WAV,Telephone Field,recover-20221013,001,1795
1397.1815,1397.221,68437,82874,Rhinolophus ferrumequinum,0.043,0.043,-1,Echolocation,/mnt/ubna_data_02_mir/recover-20221013/UBNA_001/20221012_030000.WAV,Telephone Field,recover-20221013,001,1795
1397.2085,1397.2163,58984,64377,Pipistrellus pygmaeus,0.046,0.047,-1,Echolocation,/mnt/ubna_data_02_mir/recover-20221013/UBNA_001/20221012_030000.WAV,Telephone Field,recover-20221013,001,1795
1397.2315,1397.2711,68437,81672,Rhinolophus ferrumequinum,0.027,0.027,-1,Echolocation,/mnt/ubna_data_02_mir/recover-20221013/UBNA_001/20221012_030000.WAV,Telephone Field,recover-20221013,001,1795
1397.2515,1397.291,68437,82485,Rhinolophus ferrumequinum,0.024,0.024,-1,Echolocation,/mnt/ubna_data_02_mir/recover-20221013/UBNA_001/20221012_030000.WAV,Telephone Field,recover-20221013,001,1795
1397.2975,1397.3343,68437,81773,Rhinolophus ferrumequinum,0.022,0.022,-1,Echolocation,/mnt/ubna_data_02_mir/recover-20221013/UBNA_001/20221012_030000.WAV,Telephone Field,recover-20221013,001,1795
1397.3035,1397.3395,68437,81973,Rhinolophus ferrumequinum,0.022,0.022,-1,Echolocation,/mnt/ubna_data_02_mir/recover-20221013/UBNA_001/20221012_030000.WAV,Telephone Field,recover-20221013,001,1795
1397.3245,1397.3611,68437,81963,Rhinolophus ferrumequinum,0.033,0.033,-1,Echolocation,/mnt/ubna_data_02_mir/recover-20221013/UBNA_001/20221012_030000.WAV,Telephone Field,recover-20221013,001,1795
1397.3415,1397.3786,68437,81348,Rhinolophus ferrumequinum,0.032,0.032,-1,Echolocation,/mnt/ubna_data_02_mir/recover-20221013/UBNA_001/20221012_030000.WAV,Telephone Field,recover-20221013,001,1795
1397.3785,1397.3904,31484,37949,Eptesicus serotinus,0.01,0.025,-1,Echolocation,/mnt/ubna_data_02_mir/recover-20221013/UBNA_001/20221012_030000.WAV,Telephone Field,recover-20221013,001,1795
1397.3905,1397.4288,68437,82616,Rhinolophus ferrumequinum,0.025,0.025,-1,Echolocation,/mnt/ubna_data_02_mir/recover-20221013/UBNA_001/20221012_030000.WAV,Telephone Field,recover-20221013,001,1795
1397.3995,1397.4387,68437,82384,Rhinolophus ferrumequinum,0.025,0.025,-1,Echolocation,/mnt/ubna_data_02_mir/recover-20221013/UBNA_001/20221012_030000.WAV,Telephone Field,recover-20221013,001,1795
1397.4355,1397.4463,22890,27203,Nyctalus leisleri,0.012,0.022,-1,Echolocation,/mnt/ubna_data_02_mir/recover-20221013/UBNA_001/20221012_030000.WAV,Telephone Field,recover-20221013,001,1795
1397.4415,1397.4808,68437,82083,Rhinolophus ferrumequinum,0.023,0.023,-1,Echolocation,/mnt/ubna_data_02_mir/recover-20221013/UBNA_001/20221012_030000.WAV,Telephone Field,recover-20221013,001,1795
1397.4695,1397.5071,68437,82155,Rhinolophus ferrumequinum,0.029,0.029,-1,Echolocation,/mnt/ubna_data_02_mir/recover-20221013/UBNA_001/20221012_030000.WAV,Telephone Field,recover-20221013,001,1795
1397.5015,1397.51,28046,37941,Eptesicus serotinus,0.007,0.022,-1,Echolocation,/mnt/ubna_data_02_mir/recover-20221013/UBNA_001/20221012_030000.WAV,Telephone Field,recover-20221013,001,1795
1397.5385,1397.5778,68437,82257,Rhinolophus ferrumequinum,0.024,0.024,-1,Echolocation,/mnt/ubna_data_02_mir/recover-20221013/UBNA_001/20221012_030000.WAV,Telephone Field,recover-20221013,001,1795
1397.5765,1397.6169,68437,83027,Rhinolophus ferrumequinum,0.034,0.034,-1,Echolocation,/mnt/ubna_data_02_mir/recover-20221013/UBNA_001/20221012_030000.WAV,Telephone Field,recover-20221013,001,1795
1397.5815,1397.5927,24609,32044,Nyctalus leisleri,0.01,0.03,-1,Echolocation,/mnt/ubna_data_02_mir/recover-20221013/UBNA_001/20221012_030000.WAV,Telephone Field,recover-20221013,001,1795
1397.5835,1397.5921,57265,61805,Pipistrellus pygmaeus,0.022,0.023,-1,Echolocation,/mnt/ubna_data_02_mir/recover-20221013/UBNA_001/20221012_030000.WAV,Telephone Field,recover-20221013,001,1795
1397.6035,1397.6149,22890,27179,Nyctalus leisleri,0.012,0.024,-1,Echolocation,/mnt/ubna_data_02_mir/recover-20221013/UBNA_001/20221012_030000.WAV,Telephone Field,recover-20221013,001,1795
1397.6575,1397.6668,28906,39128,Eptesicus serotinus,0.009,0.024,-1,Echolocation,/mnt/ubna_data_02_mir/recover-20221013/UBNA_001/20221012_030000.WAV,Telephone Field,recover-20221013,001,1795
1397.6665,1397.7082,68437,82321,Rhinolophus ferrumequinum,0.023,0.023,-1,Echolocation,/mnt/ubna_data_02_mir/recover-20221013/UBNA_001/20221012_030000.WAV,Telephone Field,recover-20221013,001,1795
1397.7225,1397.7662,68437,83293,Rhinolophus ferrumequinum,0.027,0.027,-1,Echolocation,/mnt/ubna_data_02_mir/recover-20221013/UBNA_001/20221012_030000.WAV,Telephone Field,recover-20221013,001,1795
1397.7275,1397.7345,49531,56822,Pipistrellus pipistrellus,0.018,0.023,-1,Echolocation,/mnt/ubna_data_02_mir/recover-20221013/UBNA_001/20221012_030000.WAV,Telephone Field,recover-20221013,001,1795
1397.7825,1397.8205,68437,82605,Rhinolophus ferrumequinum,0.022,0.022,-1,Echolocation,/mnt/ubna_data_02_mir/recover-20221013/UBNA_001/20221012_030000.WAV,Telephone Field,recover-20221013,001,1795
1397.7845,1397.7962,40937,43655,Pipistrellus pipistrellus,0.02,0.045,-1,Echolocation,/mnt/ubna_data_02_mir/recover-20221013/UBNA_001/20221012_030000.WAV,Telephone Field,recover-20221013,001,1795
1397.8135,1397.8529,68437,82002,Rhinolophus ferrumequinum,0.027,0.027,-1,Echolocation,/mnt/ubna_data_02_mir/recover-20221013/UBNA_001/20221012_030000.WAV,Telephone Field,recover-20221013,001,1795
1397.8355,1397.8735,68437,82287,Rhinolophus ferrumequinum,0.024,0.024,-1,Echolocation,/mnt/ubna_data_02_mir/recover-20221013/UBNA_001/20221012_030000.WAV,Telephone Field,recover-20221013,001,1795
1397.8525,1397.8906,68437,81888,Rhinolophus ferrumequinum,0.027,0.027,-1,Echolocation,/mnt/ubna_data_02_mir/recover-20221013/UBNA_001/20221012_030000.WAV,Telephone Field,recover-20221013,001,1795
1397.8855,1397.9046,20312,23340,Nyctalus leisleri,0.015,0.025,-1,Echolocation,/mnt/ubna_data_02_mir/recover-20221013/UBNA_001/20221012_030000.WAV,Telephone Field,recover-20221013,001,1795
1397.8865,1397.9259,68437,81960,Rhinolophus ferrumequinum,0.022,0.022,-1,Echolocation,/mnt/ubna_data_02_mir/recover-20221013/UBNA_001/20221012_030000.WAV,Telephone Field,recover-20221013,001,1795
1397.9195,1397.9571,68437,82196,Rhinolophus ferrumequinum,0.026,0.027,-1,Echolocation,/mnt/ubna_data_02_mir/recover-20221013/UBNA_001/20221012_030000.WAV,Telephone Field,recover-20221013,001,1795
1397.9235,1397.9342,28046,35001,Eptesicus serotinus,0.013,0.026,-1,Echolocation,/mnt/ubna_data_02_mir/recover-20221013/UBNA_001/20221012_030000.WAV,Telephone Field,recover-20221013,001,1795
1397.9275,1397.9628,68437,82534,Rhinolophus ferrumequinum,0.023,0.023,-1,Echolocation,/mnt/ubna_data_02_mir/recover-20221013/UBNA_001/20221012_030000.WAV,Telephone Field,recover-20221013,001,1795
1397.9405,1397.9802,68437,82965,Rhinolophus ferrumequinum,0.023,0.023,-1,Echolocation,/mnt/ubna_data_02_mir/recover-20221013/UBNA_001/20221012_030000.WAV,Telephone Field,recover-20221013,001,1795
1397.9695,1397.9797,22890,28762,Nyctalus leisleri,0.01,0.024,-1,Echolocation,/mnt/ubna_data_02_mir/recover-20221013/UBNA_001/20221012_030000.WAV,Telephone Field,recover-20221013,001,1795
1398.0015,1398.0103,26328,35530,Nyctalus leisleri,0.009,0.031,-1,Echolocation,/mnt/ubna_data_02_mir/recover-20221013/UBNA_001/20221012_030000.WAV,Telephone Field,recover-20221013,001,1795
1398.0125,1398.053,68437,82989,Rhinolophus ferrumequinum,0.026,0.027,-1,Echolocation,/mnt/ubna_data_02_mir/recover-20221013/UBNA_001/20221012_030000.WAV,Telephone Field,recover-20221013,001,1795
1398.0145,1398.0252,29765,39421,Eptesicus serotinus,0.013,0.027,-1,Echolocation,/mnt/ubna_data_02_mir/recover-20221013/UBNA_001/20221012_030000.WAV,Telephone Field,recover-20221013,001,1795
1398.0295,1398.0668,68437,81614,Rhinolophus ferrumequinum,0.022,0.022,-1,Echolocation,/mnt/ubna_data_02_mir/recover-20221013/UBNA_001/20221012_030000.WAV,Telephone Field,recover-20221013,001,1795
1398.0475,1398.0645,17734,22290,Nyctalus noctula,0.02,0.029,-1,Echolocation,/mnt/ubna_data_02_mir/recover-20221013/UBNA_001/20221012_030000.WAV,Telephone Field,recover-20221013,001,1795
1398.0515,1398.0935,68437,82893,Rhinolophus ferrumequinum,0.027,0.027,-1,Echolocation,/mnt/ubna_data_02_mir/recover-20221013/UBNA_001/20221012_030000.WAV,Telephone Field,recover-20221013,001,1795
1398.0595,1398.0961,68437,82305,Rhinolophus ferrumequinum,0.022,0.022,-1,Echolocation,/mnt/ubna_data_02_mir/recover-20221013/UBNA_001/20221012_030000.WAV,Telephone Field,recover-20221013,001,1795
1398.1165,1398.1561,68437,82237,Rhinolophus ferrumequinum,0.028,0.028,-1,Echolocation,/mnt/ubna_data_02_mir/recover-20221013/UBNA_001/20221012_030000.WAV,Telephone Field,recover-20221013,001,1795
1398.1285,1398.1379,28046,39355,Eptesicus serotinus,0.011,0.027,-1,Echolocation,/mnt/ubna_data_02_mir/recover-20221013/UBNA_001/20221012_030000.WAV,Telephone Field,recover-20221013,001,1795
1398.1405,1398.1756,68437,81118,Rhinolophus ferrumequinum,0.022,0.022,-1,Echolocation,/mnt/ubna_data_02_mir/recover-20221013/UBNA_001/20221012_030000.WAV,Telephone Field,recover-20221013,001,1795
1398.2015,1398.2118,30625,39568,Eptesicus serotinus,0.019,0.033,-1,Echolocation,/mnt/ubna_data_02_mir/recover-20221013/UBNA_001/20221012_030000.WAV,Telephone Field,recover-20221013,001,1795
1398.2115,1398.2516,68437,82539,Rhinolophus ferrumequinum,0.024,0.024,-1,Echolocation,/mnt/ubna_data_02_mir/recover-20221013/UBNA_001/20221012_030000.WAV,Telephone Field,recover-20221013,001,1795
1398.2165,1398.2238,48671,55324,Pipistrellus pipistrellus,0.021,0.023,-1,Echolocation,/mnt/ubna_data_02_mir/recover-20221013/UBNA_001/20221012_030000.WAV,Telephone Field,recover-20221013,001,1795
1398.2765,1398.3169,68437,82402,Rhinolophus ferrumequinum,0.022,0.022,-1,Echolocation,/mnt/ubna_data_02_mir/recover-20221013/UBNA_001/20221012_030000.WAV,Telephone Field,recover-20221013,001,1795
1398.2825,1398.3232,68437,82200,Rhinolophus ferrumequinum,0.023,0.023,-1,Echolocation,/mnt/ubna_data_02_mir/recover-20221013/UBNA_001/20221012_030000.WAV,Telephone Field,recover-20221013,001,1795
1398.2985,1398.3055,47812,51821,Pipistrellus pipistrellus,0.04,0.042,-1,Echolocation,/mnt/ubna_data_02_mir/recover-20221013/UBNA_001/20221012_030000.WAV,Telephone Field,recover-20221013,001,1795
1398.2995,1398.3388,68437,82681,Rhinolophus ferrumequinum,0.027,0.028,-1,Echolocation,/mnt/ubna_data_02_mir/recover-20221013/UBNA_001/20221012_030000.WAV,Telephone Field,recover-20221013,001,1795
1398.3015,1398.3126,22890,27430,Nyctalus leisleri,0.016,0.028,-1,Echolocation,/mnt/ubna_data_02_mir/recover-20221013/UBNA_001/20221012_030000.WAV,Telephone Field,recover-20221013,001,1795
1398.3075,1398.343,68437,81579,Rhinolophus ferrumequinum,0.025,0.025,-1,Echolocation,/mnt/ubna_data_02_mir/recover-20221013/UBNA_001/20221012_030000.WAV,Telephone Field,recover-20221013,001,1795
1398.3605,1398.3969,68437,81138,Rhinolophus ferrumequinum,0.022,0.022,-1,Echolocation,/mnt/ubna_data_02_mir/recover-20221013/UBNA_001/20221012_030000.WAV,Telephone Field,recover-20221013,001,1795
1398.3705,1398.3801,26328,36268,Eptesicus serotinus,0.008,0.025,-1,Echolocation,/mnt/ubna_data_02_mir/recover-20221013/UBNA_001/20221012_030000.WAV,Telephone Field,recover-20221013,001,1795
1398.3915,1398.4322,68437,82368,Rhinolophus ferrumequinum,0.036,0.036,-1,Echolocation,/mnt/ubna_data_02_mir/recover-20221013/UBNA_001/20221012_030000.WAV,Telephone Field,recover-20221013,001,1795
1398.4005,1398.4404,68437,81758,Rhinolophus ferrumequinum,0.027,0.027,-1,Echolocation,/mnt/ubna_data_02_mir/recover-20221013/UBNA_001/20221012_030000.WAV,Telephone Field,recover-20221013,001,1795
1398.4175,1398.4572,68437,81776,Rhinolophus ferrumequinum,0.023,0.023,-1,Echolocation,/mnt/ubna_data_02_mir/recover-20221013/UBNA_001/20221012_030000.WAV,Telephone Field,recover-20221013,001,1795
1398.4755,1398.4839,30625,41866,Myotis daubentonii,0.009,0.029,-1,Echolocation,/mnt/ubna_data_02_mir/recover-20221013/UBNA_001/20221012_030000.WAV,Telephone Field,recover-20221013,001,1795
1398.4775,1398.5173,68437,82413,Rhinolophus ferrumequinum,0.022,0.023,-1,Echolocation,/mnt/ubna_data_02_mir/recover-20221013/UBNA_001/20221012_030000.WAV,Telephone Field,recover-20221013,001,1795
1398.4835,1398.522,68437,82648,Rhinolophus ferrumequinum,0.024,0.024,-1,Echolocation,/mnt/ubna_data_02_mir/recover-20221013/UBNA_001/20221012_030000.WAV,Telephone Field,recover-20221013,001,1795
1398.5105,1398.5212,27187,34623,Eptesicus serotinus,0.012,0.025,-1,Echolocation,/mnt/ubna_data_02_mir/recover-20221013/UBNA_001/20221012_030000.WAV,Telephone Field,recover-20221013,001,1795
1398.5535,1398.5647,24609,31232,Nyctalus leisleri,0.01,0.026,-1,Echolocation,/mnt/ubna_data_02_mir/recover-20221013/UBNA_001/20221012_030000.WAV,Telephone Field,recover-20221013,001,1795
1398.5825,1398.6235,68437,82722,Rhinolophus ferrumequinum,0.028,0.029,-1,Echolocation,/mnt/ubna_data_02_mir/recover-20221013/UBNA_001/20221012_030000.WAV,Telephone Field,recover-20221013,001,1795
1398.5965,1398.635,68437,81357,Rhinolophus ferrumequinum,0.027,0.027,-1,Echolocation,/mnt/ubna_data_02_mir/recover-20221013/UBNA_001/20221012_030000.WAV,Telephone Field,recover-20221013,001,1795
1398.6085,1398.6173,27187,38045,Eptesicus serotinus,0.009,0.024,-1,Echolocation,/mnt/ubna_data_02_mir/recover-20221013/UBNA_001/20221012_030000.WAV,Telephone Field,recover-20221013,001,1795
1398.6455,1398.6844,68437,82154,Rhinolophus ferrumequinum,0.024,0.024,-1,Echolocation,/mnt/ubna_data_02_mir/recover-20221013/UBNA_001/20221012_030000.WAV,Telephone Field,recover-20221013,001,1795
1398.6765,1398.7165,68437,82836,Rhinolophus ferrumequinum,0.027,0.027,-1,Echolocation,/mnt/ubna_data_02_mir/recover-20221013/UBNA_001/20221012_030000.WAV,Telephone Field,recover-20221013,001,1795
1398.6925,1398.734,68437,82932,Rhinolophus ferrumequinum,0.035,0.035,-1,Echolocation,/mnt/ubna_data_02_mir/recover-20221013/UBNA_001/20221012_030000.WAV,Telephone Field,recover-20221013,001,1795
1398.7205,1398.7304,24609,30862,Nyctalus leisleri,0.01,0.024,-1,Echolocation,/mnt/ubna_data_02_mir/recover-20221013/UBNA_001/20221012_030000.WAV,Telephone Field,recover-20221013,001,1795
1398.7425,1398.7798,68437,80635,Rhinolophus ferrumequinum,0.031,0.031,-1,Echolocation,/mnt/ubna_data_02_mir/recover-20221013/UBNA_001/20221012_030000.WAV,Telephone Field,recover-20221013,001,1795
1398.7515,1398.7908,68437,81822,Rhinolophus ferrumequinum,0.025,0.025,-1,Echolocation,/mnt/ubna_data_02_mir/recover-20221013/UBNA_001/20221012_030000.WAV,Telephone Field,recover-20221013,001,1795
1398.7915,1398.7993,28906,41089,Eptesicus serotinus,0.008,0.024,-1,Echolocation,/mnt/ubna_data_02_mir/recover-20221013/UBNA_001/20221012_030000.WAV,Telephone Field,recover-20221013,001,1795
1398.8045,1398.8431,68437,82301,Rhinolophus ferrumequinum,0.029,0.029,-1,Echolocation,/mnt/ubna_data_02_mir/recover-20221013/UBNA_001/20221012_030000.WAV,Telephone Field,recover-20221013,001,1795
1398.8525,1398.8585,28906,42686,Myotis daubentonii,0.008,0.037,-1,Echolocation,/mnt/ubna_data_02_mir/recover-20221013/UBNA_001/20221012_030000.WAV,Telephone Field,recover-20221013,001,1795
1398.8535,1398.8913,68437,81727,Rhinolophus ferrumequinum,0.023,0.023,-1,Echolocation,/mnt/ubna_data_02_mir/recover-20221013/UBNA_001/20221012_030000.WAV,Telephone Field,recover-20221013,001,1795
1398.8815,1398.8919,22890,28630,Nyctalus leisleri,0.009,0.022,-1,Echolocation,/mnt/ubna_data_02_mir/recover-20221013/UBNA_001/20221012_030000.WAV,Telephone Field,recover-20221013,001,1795
1398.9245,1398.9624,68437,82227,Rhinolophus ferrumequinum,0.024,0.024,-1,Echolocation,/mnt/ubna_data_02_mir/recover-20221013/UBNA_001/20221012_030000.WAV,Telephone Field,recover-20221013,001,1795
1398.9275,1398.9355,27187,39860,Eptesicus serotinus,0.008,0.023,-1,Echolocation,/mnt/ubna_data_02_mir/recover-20221013/UBNA_001/20221012_030000.WAV,Telephone Field,recover-20221013,001,1795
1398.9355,1398.9754,68437,82267,Rhinolophus ferrumequinum,0.023,0.023,-1,Echolocation,/mnt/ubna_data_02_mir/recover-20221013/UBNA_001/20221012_030000.WAV,Telephone Field,recover-20221013,001,1795
1398.9525,1398.9636,28046,34990,Eptesicus serotinus,0.023,0.044,-1,Echolocation,/mnt/ubna_data_02_mir/recover-20221013/UBNA_001/20221012_030000.WAV,Telephone Field,recover-20221013,001,1795
1398.9795,1399.0144,68437,81127,Rhinolophus ferrumequinum,0.025,0.025,-1,Echolocation,/mnt/ubna_data_02_mir/recover-20221013/UBNA_001/20221012_030000.WAV,Telephone Field,recover-20221013,001,1795
1398.9825,1398.9926,22890,29028,Nyctalus leisleri,0.009,0.022,-1,Echolocation,/mnt/ubna_data_02_mir/recover-20221013/UBNA_001/20221012_030000.WAV,Telephone Field,recover-20221013,001,1795
1398.9925,1399.0007,28046,38081,Eptesicus serotinus,0.007,0.023,-1,Echolocation,/mnt/ubna_data_02_mir/recover-20221013/UBNA_001/20221012_030000.WAV,Telephone Field,recover-20221013,001,1795
1398.9935,1399.0315,68437,81748,Rhinolophus ferrumequinum,0.023,0.023,-1,Echolocation,/mnt/ubna_data_02_mir/recover-20221013/UBNA_001/20221012_030000.WAV,Telephone Field,recover-20221013,001,1795
1399.0115,1399.0462,68437,81265,Rhinolophus ferrumequinum,0.023,0.023,-1,Echolocation,/mnt/ubna_data_02_mir/recover-20221013/UBNA_001/20221012_030000.WAV,Telephone Field,recover-20221013,001,1795
1399.0165,1399.0233,25468,36114,Plecotus austriacus,0.01,0.029,-1,Echolocation,/mnt/ubna_data_02_mir/recover-20221013/UBNA_001/20221012_030000.WAV,Telephone Field,recover-20221013,001,1795
1399.0195,1399.0582,68437,81958,Rhinolophus ferrumequinum,0.024,0.024,-1,Echolocation,/mnt/ubna_data_02_mir/recover-20221013/UBNA_001/20221012_030000.WAV,Telephone Field,recover-20221013,001,1795
1399.1385,1399.149,27187,34539,Eptesicus serotinus,0.008,0.025,-1,Echolocation,/mnt/ubna_data_02_mir/recover-20221013/UBNA_001/20221012_030000.WAV,Telephone Field,recover-20221013,001,1795
1399.1395,1399.1449,36640,68286,Myotis mystacinus,0.009,0.026,-1,Echolocation,/mnt/ubna_data_02_mir/recover-20221013/UBNA_001/20221012_030000.WAV,Telephone Field,recover-20221013,001,1795
1399.1415,1399.1459,43515,60036,Myotis nattereri,0.009,0.025,-1,Echolocation,/mnt/ubna_data_02_mir/recover-20221013/UBNA_001/20221012_030000.WAV,Telephone Field,recover-20221013,001,1795
1399.1725,1399.2119,68437,82340,Rhinolophus ferrumequinum,0.026,0.026,-1,Echolocation,/mnt/ubna_data_02_mir/recover-20221013/UBNA_001/20221012_030000.WAV,Telephone Field,recover-20221013,001,1795
1399.2125,1399.2502,68437,81908,Rhinolophus ferrumequinum,0.023,0.024,-1,Echolocation,/mnt/ubna_data_02_mir/recover-20221013/UBNA_001/20221012_030000.WAV,Telephone Field,recover-20221013,001,1795
1399.2195,1399.2587,68437,82233,Rhinolophus ferrumequinum,0.025,0.025,-1,Echolocation,/mnt/ubna_data_02_mir/recover-20221013/UBNA_001/20221012_030000.WAV,Telephone Field,recover-20221013,001,1795
1399.2375,1399.2463,27187,38883,Eptesicus serotinus,0.009,0.022,-1,Echolocation,/mnt/ubna_data_02_mir/recover-20221013/UBNA_001/20221012_030000.WAV,Telephone Field,recover-20221013,001,1795
1399.2385,1399.272,67578,78217,Rhinolophus ferrumequinum,0.022,0.022,-1,Echolocation,/mnt/ubna_data_02_mir/recover-20221013/UBNA_001/20221012_030000.WAV,Telephone Field,recover-20221013,001,1795
1399.2765,1399.3219,68437,83816,Rhinolophus ferrumequinum,0.043,0.043,-1,Echolocation,/mnt/ubna_data_02_mir/recover-20221013/UBNA_001/20221012_030000.WAV,Telephone Field,recover-20221013,001,1795
1399.2885,1399.3005,28046,34285,Eptesicus serotinus,0.017,0.032,-1,Echolocation,/mnt/ubna_data_02_mir/recover-20221013/UBNA_001/20221012_030000.WAV,Telephone Field,recover-20221013,001,1795
1399.3165,1399.3569,68437,82687,Rhinolophus ferrumequinum,0.027,0.027,-1,Echolocation,/mnt/ubna_data_02_mir/recover-20221013/UBNA_001/20221012_030000.WAV,Telephone Field,recover-20221013,001,1795
1399.3235,1399.3651,68437,82559,Rhinolophus ferrumequinum,0.024,0.024,-1,Echolocation,/mnt/ubna_data_02_mir/recover-20221013/UBNA_001/20221012_030000.WAV,Telephone Field,recover-20221013,001,1795
1399.3595,1399.3706,22890,28119,Nyctalus leisleri,0.011,0.024,-1,Echolocation,/mnt/ubna_data_02_mir/recover-20221013/UBNA_001/20221012_030000.WAV,Telephone Field,recover-20221013,001,1795
1399.3635,1399.4023,68437,81757,Rhinolophus ferrumequinum,0.031,0.031,-1,Echolocation,/mnt/ubna_data_02_mir/recover-20221013/UBNA_001/20221012_030000.WAV,Telephone Field,recover-20221013,001,1795
1399.3755,1399.4164,68437,83106,Rhinolophus ferrumequinum,0.034,0.034,-1,Echolocation,/mnt/ubna_data_02_mir/recover-20221013/UBNA_001/20221012_030000.WAV,Telephone Field,recover-20221013,001,1795
1399.3955,1399.4331,68437,82120,Rhinolophus ferrumequinum,0.023,0.023,-1,Echolocation,/mnt/ubna_data_02_mir/recover-20221013/UBNA_001/20221012_030000.WAV,Telephone Field,recover-20221013,001,1795
1399.4925,1399.503,23750,30060,Nyctalus leisleri,0.009,0.023,-1,Echolocation,/mnt/ubna_data_02_mir/recover-20221013/UBNA_001/20221012_030000.WAV,Telephone Field,recover-20221013,001,1795
1399.5145,1399.5217,52109,57500,Pipistrellus pipistrellus,0.021,0.025,-1,Echolocation,/mnt/ubna_data_02_mir/recover-20221013/UBNA_001/20221012_030000.WAV,Telephone Field,recover-20221013,001,1795
1399.5405,1399.5787,68437,81649,Rhinolophus ferrumequinum,0.023,0.023,-1,Echolocation,/mnt/ubna_data_02_mir/recover-20221013/UBNA_001/20221012_030000.WAV,Telephone Field,recover-20221013,001,1795
1399.5505,1399.59,68437,82479,Rhinolophus ferrumequinum,0.023,0.023,-1,Echolocation,/mnt/ubna_data_02_mir/recover-20221013/UBNA_001/20221012_030000.WAV,Telephone Field,recover-20221013,001,1795
1399.5565,1399.5677,22890,27586,Nyctalus leisleri,0.014,0.026,-1,Echolocation,/mnt/ubna_data_02_mir/recover-20221013/UBNA_001/20221012_030000.WAV,Telephone Field,recover-20221013,001,1795
1399.5805,1399.6186,68437,82042,Rhinolophus ferrumequinum,0.023,0.023,-1,Echolocation,/mnt/ubna_data_02_mir/recover-20221013/UBNA_001/20221012_030000.WAV,Telephone Field,recover-20221013,001,1795
1399.6225,1399.6617,68437,82347,Rhinolophus ferrumequinum,0.032,0.032,-1,Echolocation,/mnt/ubna_data_02_mir/recover-20221013/UBNA_001/20221012_030000.WAV,Telephone Field,recover-20221013,001,1795
1399.6325,1399.6419,28906,37728,Eptesicus serotinus,0.009,0.024,-1,Echolocation,/mnt/ubna_data_02_mir/recover-20221013/UBNA_001/20221012_030000.WAV,Telephone Field,recover-20221013,001,1795
1399.6805,1399.7229,68437,82993,Rhinolophus ferrumequinum,0.027,0.027,-1,Echolocation,/mnt/ubna_data_02_mir/recover-20221013/UBNA_001/20221012_030000.WAV,Telephone Field,recover-20221013,001,1795
1399.6925,1399.736,68437,83378,Rhinolophus ferrumequinum,0.03,0.03,-1,Echolocation,/mnt/ubna_data_02_mir/recover-20221013/UBNA_001/20221012_030000.WAV,Telephone Field,recover-20221013,001,1795
1399.7425,1399.7807,68437,81926,Rhinolophus ferrumequinum,0.023,0.023,-1,Echolocation,/mnt/ubna_data_02_mir/recover-20221013/UBNA_001/20221012_030000.WAV,Telephone Field,recover-20221013,001,1795
1399.7785,1399.7881,27187,36458,Eptesicus serotinus,0.01,0.024,-1,Echolocation,/mnt/ubna_data_02_mir/recover-20221013/UBNA_001/20221012_030000.WAV,Telephone Field,recover-20221013,001,1795
1399.8155,1399.8564,68437,82687,Rhinolophus ferrumequinum,0.026,0.026,-1,Echolocation,/mnt/ubna_data_02_mir/recover-20221013/UBNA_001/20221012_030000.WAV,Telephone Field,recover-20221013,001,1795
1399.8545,1399.8938,68437,81431,Rhinolophus ferrumequinum,0.025,0.025,-1,Echolocation,/mnt/ubna_data_02_mir/recover-20221013/UBNA_001/20221012_030000.WAV,Telephone Field,recover-20221013,001,1795
1399.9025,1399.9456,68437,83063,Rhinolophus ferrumequinum,0.026,0.026,-1,Echolocation,/mnt/ubna_data_02_mir/recover-20221013/UBNA_001/20221012_030000.WAV,Telephone Field,recover-20221013,001,1795
1399.9165,1399.9294,50390,54142,Pipistrellus pipistrellus,0.023,0.038,-1,Echolocation,/mnt/ubna_data_02_mir/recover-20221013/UBNA_001/20221012_030000.WAV,Telephone Field,recover-20221013,001,1795
1399.9255,1399.9326,28046,39160,Eptesicus serotinus,0.016,0.039,-1,Echolocation,/mnt/ubna_data_02_mir/recover-20221013/UBNA_001/20221012_030000.WAV,Telephone Field,recover-20221013,001,1795
1399.9355,1399.9495,22890,27443,Nyctalus leisleri,0.022,0.038,-1,Echolocation,/mnt/ubna_data_02_mir/recover-20221013/UBNA_001/20221012_030000.WAV,Telephone Field,recover-20221013,001,1795
1399.9445,1399.9842,68437,82318,Rhinolophus ferrumequinum,0.035,0.036,-1,Echolocation,/mnt/ubna_data_02_mir/recover-20221013/UBNA_001/20221012_030000.WAV,Telephone Field,recover-20221013,001,1795
1399.9635,1399.9745,23750,29316,Nyctalus leisleri,0.012,0.024,-1,Echolocation,/mnt/ubna_data_02_mir/recover-20221013/UBNA_001/20221012_030000.WAV,Telephone Field,recover-20221013,001,1795
1400.0015,1400.0093,25468,36045,Nyctalus leisleri,0.006,0.028,-1,Echolocation,/mnt/ubna_data_02_mir/recover-20221013/UBNA_001/20221012_030000.WAV,Telephone Field,recover-20221013,001,1795
1400.0015,1400.0332,68437,79985,Rhinolophus ferrumequinum,0.043,0.043,-1,Echolocation,/mnt/ubna_data_02_mir/recover-20221013/UBNA_001/20221012_030000.WAV,Telephone Field,recover-20221013,001,1795
1400.0015,1400.0135,47812,51970,Pipistrellus pipistrellus,0.026,0.033,-1,Echolocation,/mnt/ubna_data_02_mir/recover-20221013/UBNA_001/20221012_030000.WAV,Telephone Field,recover-20221013,001,1795
1400.0145,1400.0518,68437,81221,Rhinolophus ferrumequinum,0.022,0.022,-1,Echolocation,/mnt/ubna_data_02_mir/recover-20221013/UBNA_001/20221012_030000.WAV,Telephone Field,recover-20221013,001,1795
1400.0425,1400.0558,28046,34211,Eptesicus serotinus,0.021,0.038,-1,Echolocation,/mnt/ubna_data_02_mir/recover-20221013/UBNA_001/20221012_030000.WAV,Telephone Field,recover-20221013,001,1795
1400.0815,1400.1187,68437,81599,Rhinolophus ferrumequinum,0.025,0.025,-1,Echolocation,/mnt/ubna_data_02_mir/recover-20221013/UBNA_001/20221012_030000.WAV,Telephone Field,recover-20221013,001,1795
1400.0895,1400.1276,68437,81865,Rhinolophus ferrumequinum,0.022,0.022,-1,Echolocation,/mnt/ubna_data_02_mir/recover-20221013/UBNA_001/20221012_030000.WAV,Telephone Field,recover-20221013,001,1795
1400.0935,1400.1005,28046,47226,Eptesicus serotinus,0.007,0.025,-1,Echolocation,/mnt/ubna_data_02_mir/recover-20221013/UBNA_001/20221012_030000.WAV,Telephone Field,recover-20221013,001,1795
1400.1155,1400.1556,68437,82586,Rhinolophus ferrumequinum,0.037,0.037,-1,Echolocation,/mnt/ubna_data_02_mir/recover-20221013/UBNA_001/20221012_030000.WAV,Telephone Field,recover-20221013,001,1795
1400.1515,1400.1661,22031,26520,Nyctalus leisleri,0.018,0.034,-1,Echolocation,/mnt/ubna_data_02_mir/recover-20221013/UBNA_001/20221012_030000.WAV,Telephone Field,recover-20221013,001,1795
1400.1605,1400.1673,28046,38890,Eptesicus serotinus,0.005,0.022,-1,Echolocation,/mnt/ubna_data_02_mir/recover-20221013/UBNA_001/20221012_030000.WAV,Telephone Field,recover-20221013,001,1795
1400.1625,1400.1969,68437,81826,Rhinolophus ferrumequinum,0.023,0.023,-1,Echolocation,/mnt/ubna_data_02_mir/recover-20221013/UBNA_001/20221012_030000.WAV,Telephone Field,recover-20221013,001,1795
1400.1725,1400.2095,68437,81826,Rhinolophus ferrumequinum,0.023,0.023,-1,Echolocation,/mnt/ubna_data_02_mir/recover-20221013/UBNA_001/20221012_030000.WAV,Telephone Field,recover-20221013,001,1795
1400.1765,1400.1862,14296,20236,Nyctalus noctula,0.021,0.044,-1,Echolocation,/mnt/ubna_data_02_mir/recover-20221013/UBNA_001/20221012_030000.WAV,Telephone Field,recover-20221013,001,1795
1400.2025,1400.2427,68437,82278,Rhinolophus ferrumequinum,0.027,0.027,-1,Echolocation,/mnt/ubna_data_02_mir/recover-20221013/UBNA_001/20221012_030000.WAV,Telephone Field,recover-20221013,001,1795
1400.2555,1400.2968,68437,82607,Rhinolophus ferrumequinum,0.023,0.023,-1,Echolocation,/mnt/ubna_data_02_mir/recover-20221013/UBNA_001/20221012_030000.WAV,Telephone Field,recover-20221013,001,1795
1400.2785,1400.3171,68437,81878,Rhinolophus ferrumequinum,0.028,0.028,-1,Echolocation,/mnt/ubna_data_02_mir/recover-20221013/UBNA_001/20221012_030000.WAV,Telephone Field,recover-20221013,001,1795
1400.3145,1400.3537,68437,82245,Rhinolophus ferrumequinum,0.023,0.023,-1,Echolocation,/mnt/ubna_data_02_mir/recover-20221013/UBNA_001/20221012_030000.WAV,Telephone Field,recover-20221013,001,1795
1400.3235,1400.334,22031,26835,Nyctalus leisleri,0.011,0.023,-1,Echolocation,/mnt/ubna_data_02_mir/recover-20221013/UBNA_001/20221012_030000.WAV,Telephone Field,recover-20221013,001,1795
1400.3255,1400.3333,28906,38410,Eptesicus serotinus,0.007,0.026,-1,Echolocation,/mnt/ubna_data_02_mir/recover-20221013/UBNA_001/20221012_030000.WAV,Telephone Field,recover-20221013,001,1795
1400.3645,1400.3747,23750,30243,Nyctalus leisleri,0.009,0.025,-1,Echolocation,/mnt/ubna_data_02_mir/recover-20221013/UBNA_001/20221012_030000.WAV,Telephone Field,recover-20221013,001,1795
1400.3775,1400.4174,68437,82620,Rhinolophus ferrumequinum,0.026,0.026,-1,Echolocation,/mnt/ubna_data_02_mir/recover-20221013/UBNA_001/20221012_030000.WAV,Telephone Field,recover-20221013,001,1795
1400.4005,1400.4404,68437,83010,Rhinolophus ferrumequinum,0.025,0.025,-1,Echolocation,/mnt/ubna_data_02_mir/recover-20221013/UBNA_001/20221012_030000.WAV,Telephone Field,recover-20221013,001,1795
1400.4115,1400.4502,68437,82384,Rhinolophus ferrumequinum,0.023,0.023,-1,Echolocation,/mnt/ubna_data_02_mir/recover-20221013/UBNA_001/20221012_030000.WAV,Telephone Field,recover-20221013,001,1795
1400.4115,1400.4186,28046,39139,Eptesicus serotinus,0.007,0.025,-1,Echolocation,/mnt/ubna_data_02_mir/recover-20221013/UBNA_001/20221012_030000.WAV,Telephone Field,recover-20221013,001,1795
1400.4305,1400.4388,28046,37792,Eptesicus serotinus,0.01,0.031,-1,Echolocation,/mnt/ubna_data_02_mir/recover-20221013/UBNA_001/20221012_030000.WAV,Telephone Field,recover-20221013,001,1795
1400.4485,1400.4581,26328,34402,Eptesicus serotinus,0.009,0.022,-1,Echolocation,/mnt/ubna_data_02_mir/recover-20221013/UBNA_001/20221012_030000.WAV,Telephone Field,recover-20221013,001,1795
1400.4505,1400.4689,16015,21399,Nyctalus noctula,0.02,0.027,-1,Echolocation,/mnt/ubna_data_02_mir/recover-20221013/UBNA_001/20221012_030000.WAV,Telephone Field,recover-20221013,001,1795
1400.4705,1400.511,68437,82360,Rhinolophus ferrumequinum,0.024,0.024,-1,Echolocation,/mnt/ubna_data_02_mir/recover-20221013/UBNA_001/20221012_030000.WAV,Telephone Field,recover-20221013,001,1795
1400.4805,1400.5237,68437,83098,Rhinolophus ferrumequinum,0.028,0.028,-1,Echolocation,/mnt/ubna_data_02_mir/recover-20221013/UBNA_001/20221012_030000.WAV,Telephone Field,recover-20221013,001,1795
1400.5185,1400.5567,68437,81836,Rhinolophus ferrumequinum,0.023,0.023,-1,Echolocation,/mnt/ubna_data_02_mir/recover-20221013/UBNA_001/20221012_030000.WAV,Telephone Field,recover-20221013,001,1795
1400.5275,1400.5383,22890,29012,Nyctalus leisleri,0.011,0.027,-1,Echolocation,/mnt/ubna_data_02_mir/recover-20221013/UBNA_001/20221012_030000.WAV,Telephone Field,recover-20221013,001,1795
1400.5415,1400.5808,68437,81841,Rhinolophus ferrumequinum,0.025,0.025,-1,Echolocation,/mnt/ubna_data_02_mir/recover-20221013/UBNA_001/20221012_030000.WAV,Telephone Field,recover-20221013,001,1795
1400.5655,1400.6028,68437,81794,Rhinolophus ferrumequinum,0.022,0.022,-1,Echolocation,/mnt/ubna_data_02_mir/recover-20221013/UBNA_001/20221012_030000.WAV,Telephone Field,recover-20221013,001,1795
1400.6245,1400.6329,26328,37143,Eptesicus serotinus,0.007,0.026,-1,Echolocation,/mnt/ubna_data_02_mir/recover-20221013/UBNA_001/20221012_030000.WAV,Telephone Field,recover-20221013,001,1795
1400.6485,1400.6848,68437,81363,Rhinolophus ferrumequinum,0.022,0.022,-1,Echolocation,/mnt/ubna_data_02_mir/recover-20221013/UBNA_001/20221012_030000.WAV,Telephone Field,recover-20221013,001,1795
1400.6645,1400.7022,68437,81687,Rhinolophus ferrumequinum,0.031,0.031,-1,Echolocation,/mnt/ubna_data_02_mir/recover-20221013/UBNA_001/20221012_030000.WAV,Telephone Field,recover-20221013,001,1795
1400.6725,1400.6822,24609,31259,Nyctalus leisleri,0.008,0.022,-1,Echolocation,/mnt/ubna_data_02_mir/recover-20221013/UBNA_001/20221012_030000.WAV,Telephone Field,recover-20221013,001,1795
1400.6875,1400.6957,28046,38908,Eptesicus serotinus,0.008,0.023,-1,Echolocation,/mnt/ubna_data_02_mir/recover-20221013/UBNA_001/20221012_030000.WAV,Telephone Field,recover-20221013,001,1795
1400.7205,1400.7628,68437,83063,Rhinolophus ferrumequinum,0.024,0.024,-1,Echolocation,/mnt/ubna_data_02_mir/recover-20221013/UBNA_001/20221012_030000.WAV,Telephone Field,recover-20221013,001,1795
1400.7375,1400.749,25468,30399,Nyctalus leisleri,0.032,0.068,-1,Echolocation,/mnt/ubna_data_02_mir/recover-20221013/UBNA_001/20221012_030000.WAV,Telephone Field,recover-20221013,001,1795
1400.7835,1400.8247,68437,82075,Rhinolophus ferrumequinum,0.028,0.028,-1,Echolocation,/mnt/ubna_data_02_mir/recover-20221013/UBNA_001/20221012_030000.WAV,Telephone Field,recover-20221013,001,1795
1400.7845,1400.7954,22031,27110,Nyctalus leisleri,0.011,0.023,-1,Echolocation,/mnt/ubna_data_02_mir/recover-20221013/UBNA_001/20221012_030000.WAV,Telephone Field,recover-20221013,001,1795
1400.8455,1400.8851,68437,82122,Rhinolophus ferrumequinum,0.022,0.022,-1,Echolocation,/mnt/ubna_data_02_mir/recover-20221013/UBNA_001/20221012_030000.WAV,Telephone Field,recover-20221013,001,1795
1400.8555,1400.8953,68437,82074,Rhinolophus ferrumequinum,0.023,0.023,-1,Echolocation,/mnt/ubna_data_02_mir/recover-20221013/UBNA_001/20221012_030000.WAV,Telephone Field,recover-20221013,001,1795
1400.8925,1400.9319,68437,81576,Rhinolophus ferrumequinum,0.025,0.025,-1,Echolocation,/mnt/ubna_data_02_mir/recover-20221013/UBNA_001/20221012_030000.WAV,Telephone Field,recover-20221013,001,1795
1400.8965,1400.9026,27187,39315,Plecotus austriacus,0.006,0.033,-1,Echolocation,/mnt/ubna_data_02_mir/recover-20221013/UBNA_001/20221012_030000.WAV,Telephone Field,recover-20221013,001,1795
1400.9135,1400.9329,19453,22969,Nyctalus noctula,0.011,0.023,-1,Echolocation,/mnt/ubna_data_02_mir/recover-20221013/UBNA_001/20221012_030000.WAV,Telephone Field,recover-20221013,001,1795
1400.9245,1400.9322,27187,38489,Eptesicus serotinus,0.008,0.024,-1,Echolocation,/mnt/ubna_data_02_mir/recover-20221013/UBNA_001/20221012_030000.WAV,Telephone Field,recover-20221013,001,1795
1400.9525,1400.9612,50390,56109,Pipistrellus pipistrellus,0.02,0.023,-1,Echolocation,/mnt/ubna_data_02_mir/recover-20221013/UBNA_001/20221012_030000.WAV,Telephone Field,recover-20221013,001,1795
1400.9645,1400.9769000000001,22890,28017,Nyctalus leisleri,0.012,0.023,-1,Echolocation,/mnt/ubna_data_02_mir/recover-20221013/UBNA_001/20221012_030000.WAV,Telephone Field,recover-20221013,001,1795
1400.9795,1401.0161,68437,80504,Rhinolophus ferrumequinum,0.022,0.022,-1,Echolocation,/mnt/ubna_data_02_mir/recover-20221013/UBNA_001/20221012_030000.WAV,Telephone Field,recover-20221013,001,1795
1401.0035,1401.0381,68437,81249,Rhinolophus ferrumequinum,0.023,0.023,-1,Echolocation,/mnt/ubna_data_02_mir/recover-20221013/UBNA_001/20221012_030000.WAV,Telephone Field,recover-20221013,001,1795
1401.0235,1401.0603,68437,82137,Rhinolophus ferrumequinum,0.024,0.024,-1,Echolocation,/mnt/ubna_data_02_mir/recover-20221013/UBNA_001/20221012_030000.WAV,Telephone Field,recover-20221013,001,1795
1401.0455,1401.06,22031,25527,Nyctalus leisleri,0.017,0.028,-1,Echolocation,/mnt/ubna_data_02_mir/recover-20221013/UBNA_001/20221012_030000.WAV,Telephone Field,recover-20221013,001,1795
1401.0535,1401.0944,68437,82674,Rhinolophus ferrumequinum,0.031,0.031,-1,Echolocation,/mnt/ubna_data_02_mir/recover-20221013/UBNA_001/20221012_030000.WAV,Telephone Field,recover-20221013,001,1795
1401.0785,1401.0868,26328,35448,Eptesicus serotinus,0.007,0.023,-1,Echolocation,/mnt/ubna_data_02_mir/recover-20221013/UBNA_001/20221012_030000.WAV,Telephone Field,recover-20221013,001,1795
1401.1035,1401.1442,68437,82595,Rhinolophus ferrumequinum,0.022,0.022,-1,Echolocation,/mnt/ubna_data_02_mir/recover-20221013/UBNA_001/20221012_030000.WAV,Telephone Field,recover-20221013,001,1795
1401.1225,1401.16,68437,82319,Rhinolophus ferrumequinum,0.025,0.025,-1,Echolocation,/mnt/ubna_data_02_mir/recover-20221013/UBNA_001/20221012_030000.WAV,Telephone Field,recover-20221013,001,1795
1401.1255,1401.1358,28906,35774,Eptesicus serotinus,0.01,0.024,-1,Echolocation,/mnt/ubna_data_02_mir/recover-20221013/UBNA_001/20221012_030000.WAV,Telephone Field,recover-20221013,001,1795
1401.1385,1401.1767,68437,81552,Rhinolophus ferrumequinum,0.022,0.022,-1,Echolocation,/mnt/ubna_data_02_mir/recover-20221013/UBNA_001/20221012_030000.WAV,Telephone Field,recover-20221013,001,1795
1401.1725,1401.1802,28046,39555,Eptesicus serotinus,0.007,0.022,-1,Echolocation,/mnt/ubna_data_02_mir/recover-20221013/UBNA_001/20221012_030000.WAV,Telephone Field,recover-20221013,001,1795
1401.1855,1401.2237,68437,81809,Rhinolophus ferrumequinum,0.024,0.024,-1,Echolocation,/mnt/ubna_data_02_mir/recover-20221013/UBNA_001/20221012_030000.WAV,Telephone Field,recover-20221013,001,1795
1401.1895,1401.1971,27187,39594,Eptesicus serotinus,0.007,0.024,-1,Echolocation,/mnt/ubna_data_02_mir/recover-20221013/UBNA_001/20221012_030000.WAV,Telephone Field,recover-20221013,001,1795
1401.2005,1401.2088,26328,36760,Eptesicus serotinus,0.007,0.024,-1,Echolocation,/mnt/ubna_data_02_mir/recover-20221013/UBNA_001/20221012_030000.WAV,Telephone Field,recover-20221013,001,1795
1401.2405,1401.28,68437,81853,Rhinolophus ferrumequinum,0.022,0.022,-1,Echolocation,/mnt/ubna_data_02_mir/recover-20221013/UBNA_001/20221012_030000.WAV,Telephone Field,recover-20221013,001,1795
1401.2455,1401.2539,29765,47534,Myotis daubentonii,0.008,0.022,-1,Echolocation,/mnt/ubna_data_02_mir/recover-20221013/UBNA_001/20221012_030000.WAV,Telephone Field,recover-20221013,001,1795
1401.2675,1401.2831,22031,26029,Nyctalus leisleri,0.019,0.031,-1,Echolocation,/mnt/ubna_data_02_mir/recover-20221013/UBNA_001/20221012_030000.WAV,Telephone Field,recover-20221013,001,1795
1401.2785,1401.3167,68437,82306,Rhinolophus ferrumequinum,0.023,0.023,-1,Echolocation,/mnt/ubna_data_02_mir/recover-20221013/UBNA_001/20221012_030000.WAV,Telephone Field,recover-20221013,001,1795
1401.2985,1401.3383,68437,82583,Rhinolophus ferrumequinum,0.023,0.023,-1,Echolocation,/mnt/ubna_data_02_mir/recover-20221013/UBNA_001/20221012_030000.WAV,Telephone Field,recover-20221013,001,1795
1401.3015,1401.3115,22890,28985,Nyctalus leisleri,0.009,0.024,-1,Echolocation,/mnt/ubna_data_02_mir/recover-20221013/UBNA_001/20221012_030000.WAV,Telephone Field,recover-20221013,001,1795
1401.3265,1401.3339,28046,38262,Eptesicus serotinus,0.008,0.028,-1,Echolocation,/mnt/ubna_data_02_mir/recover-20221013/UBNA_001/20221012_030000.WAV,Telephone Field,recover-20221013,001,1795
1401.3345,1401.372,68437,82462,Rhinolophus ferrumequinum,0.029,0.029,-1,Echolocation,/mnt/ubna_data_02_mir/recover-20221013/UBNA_001/20221012_030000.WAV,Telephone Field,recover-20221013,001,1795
1401.3575,1401.4005,68437,83238,Rhinolophus ferrumequinum,0.029,0.029,-1,Echolocation,/mnt/ubna_data_02_mir/recover-20221013/UBNA_001/20221012_030000.WAV,Telephone Field,recover-20221013,001,1795
1401.3675,1401.3829,22031,25787,Nyctalus leisleri,0.025,0.042,-1,Echolocation,/mnt/ubna_data_02_mir/recover-20221013/UBNA_001/20221012_030000.WAV,Telephone Field,recover-20221013,001,1795
1401.3915,1401.4018,22890,28717,Nyctalus leisleri,0.012,0.028,-1,Echolocation,/mnt/ubna_data_02_mir/recover-20221013/UBNA_001/20221012_030000.WAV,Telephone Field,recover-20221013,001,1795
1401.4205,1401.4624,68437,81960,Rhinolophus ferrumequinum,0.024,0.024,-1,Echolocation,/mnt/ubna_data_02_mir/recover-20221013/UBNA_001/20221012_030000.WAV,Telephone Field,recover-20221013,001,1795
1401.4385,1401.4747,68437,82042,Rhinolophus ferrumequinum,0.022,0.022,-1,Echolocation,/mnt/ubna_data_02_mir/recover-20221013/UBNA_001/20221012_030000.WAV,Telephone Field,recover-20221013,001,1795
1401.4585,1401.4657,26328,39969,Eptesicus serotinus,0.007,0.025,-1,Echolocation,/mnt/ubna_data_02_mir/recover-20221013/UBNA_001/20221012_030000.WAV,Telephone Field,recover-20221013,001,1795
1401.4595,1401.4988,68437,82123,Rhinolophus ferrumequinum,0.023,0.023,-1,Echolocation,/mnt/ubna_data_02_mir/recover-20221013/UBNA_001/20221012_030000.WAV,Telephone Field,recover-20221013,001,1795
1401.4595,1401.4665,32343,42922,Myotis daubentonii,0.011,0.023,-1,Echolocation,/mnt/ubna_data_02_mir/recover-20221013/UBNA_001/20221012_030000.WAV,Telephone Field,recover-20221013,001,1795
1401.4875,1401.5253,68437,82098,Rhinolophus ferrumequinum,0.022,0.022,-1,Echolocation,/mnt/ubna_data_02_mir/recover-20221013/UBNA_001/20221012_030000.WAV,Telephone Field,recover-20221013,001,1795
1401.4975,1401.5367,68437,82428,Rhinolophus ferrumequinum,0.023,0.023,-1,Echolocation,/mnt/ubna_data_02_mir/recover-20221013/UBNA_001/20221012_030000.WAV,Telephone Field,recover-20221013,001,1795
1401.5315,1401.5402,28046,37678,Eptesicus serotinus,0.008,0.023,-1,Echolocation,/mnt/ubna_data_02_mir/recover-20221013/UBNA_001/20221012_030000.WAV,Telephone Field,recover-20221013,001,1795
1401.5505,1401.5857,68437,81286,Rhinolophus ferrumequinum,0.024,0.024,-1,Echolocation,/mnt/ubna_data_02_mir/recover-20221013/UBNA_001/20221012_030000.WAV,Telephone Field,recover-20221013,001,1795
1401.5745,1401.5802,28046,42881,Myotis daubentonii,0.013,0.051,-1,Echolocation,/mnt/ubna_data_02_mir/recover-20221013/UBNA_001/20221012_030000.WAV,Telephone Field,recover-20221013,001,1795
1401.5785,1401.6147,68437,81115,Rhinolophus ferrumequinum,0.024,0.024,-1,Echolocation,/mnt/ubna_data_02_mir/recover-20221013/UBNA_001/20221012_030000.WAV,Telephone Field,recover-20221013,001,1795
1401.5895,1401.6306,68437,82487,Rhinolophus ferrumequinum,0.023,0.023,-1,Echolocation,/mnt/ubna_data_02_mir/recover-20221013/UBNA_001/20221012_030000.WAV,Telephone Field,recover-20221013,001,1795
1401.6105,1401.6446,68437,81225,Rhinolophus ferrumequinum,0.022,0.022,-1,Echolocation,/mnt/ubna_data_02_mir/recover-20221013/UBNA_001/20221012_030000.WAV,Telephone Field,recover-20221013,001,1795
1401.6225,1401.6301,22890,32573,Plecotus austriacus,0.019,0.037,-1,Echolocation,/mnt/ubna_data_02_mir/recover-20221013/UBNA_001/20221012_030000.WAV,Telephone Field,recover-20221013,001,1795
1401.6495,1401.6613,23750,28611,Nyctalus leisleri,0.02,0.038,-1,Echolocation,/mnt/ubna_data_02_mir/recover-20221013/UBNA_001/20221012_030000.WAV,Telephone Field,recover-20221013,001,1795
1401.6765,1401.686,26328,37368,Eptesicus serotinus,0.008,0.026,-1,Echolocation,/mnt/ubna_data_02_mir/recover-20221013/UBNA_001/20221012_030000.WAV,Telephone Field,recover-20221013,001,1795
1401.6835,1401.6931,28046,36556,Eptesicus serotinus,0.01,0.026,-1,Echolocation,/mnt/ubna_data_02_mir/recover-20221013/UBNA_001/20221012_030000.WAV,Telephone Field,recover-20221013,001,1795
1401.7075,1401.7444,68437,81935,Rhinolophus ferrumequinum,0.042,0.042,-1,Echolocation,/mnt/ubna_data_02_mir/recover-20221013/UBNA_001/20221012_030000.WAV,Telephone Field,recover-20221013,001,1795
1401.7185,1401.7272,22890,30374,Plecotus austriacus,0.01,0.026,-1,Echolocation,/mnt/ubna_data_02_mir/recover-20221013/UBNA_001/20221012_030000.WAV,Telephone Field,recover-20221013,001,1795
1401.7615,1401.8011,68437,82126,Rhinolophus ferrumequinum,0.023,0.023,-1,Echolocation,/mnt/ubna_data_02_mir/recover-20221013/UBNA_001/20221012_030000.WAV,Telephone Field,recover-20221013,001,1795
1401.7725,1401.7869,22031,25688,Nyctalus leisleri,0.015,0.024,-1,Echolocation,/mnt/ubna_data_02_mir/recover-20221013/UBNA_001/20221012_030000.WAV,Telephone Field,recover-20221013,001,1795
1401.7845,1401.8221,68437,81819,Rhinolophus ferrumequinum,0.022,0.022,-1,Echolocation,/mnt/ubna_data_02_mir/recover-20221013/UBNA_001/20221012_030000.WAV,Telephone Field,recover-20221013,001,1795
1401.7935,1401.8033,27187,35371,Eptesicus serotinus,0.011,0.026,-1,Echolocation,/mnt/ubna_data_02_mir/recover-20221013/UBNA_001/20221012_030000.WAV,Telephone Field,recover-20221013,001,1795
1401.8025,1401.813,24609,31580,Nyctalus leisleri,0.008,0.023,-1,Echolocation,/mnt/ubna_data_02_mir/recover-20221013/UBNA_001/20221012_030000.WAV,Telephone Field,recover-20221013,001,1795
1401.8185,1401.8601,68437,82927,Rhinolophus ferrumequinum,0.041,0.041,-1,Echolocation,/mnt/ubna_data_02_mir/recover-20221013/UBNA_001/20221012_030000.WAV,Telephone Field,recover-20221013,001,1795
1401.8365,1401.8752,68437,82506,Rhinolophus ferrumequinum,0.027,0.027,-1,Echolocation,/mnt/ubna_data_02_mir/recover-20221013/UBNA_001/20221012_030000.WAV,Telephone Field,recover-20221013,001,1795
1401.8405,1401.8554,22031,26128,Nyctalus leisleri,0.016,0.029,-1,Echolocation,/mnt/ubna_data_02_mir/recover-20221013/UBNA_001/20221012_030000.WAV,Telephone Field,recover-20221013,001,1795
1401.8535,1401.8923,68437,82210,Rhinolophus ferrumequinum,0.027,0.027,-1,Echolocation,/mnt/ubna_data_02_mir/recover-20221013/UBNA_001/20221012_030000.WAV,Telephone Field,recover-20221013,001,1795
1401.8635,1401.8734,26328,33959,Eptesicus serotinus,0.01,0.023,-1,Echolocation,/mnt/ubna_data_02_mir/recover-20221013/UBNA_001/20221012_030000.WAV,Telephone Field,recover-20221013,001,1795
1401.8915,1401.9004,22890,29861,Plecotus austriacus,0.009,0.024,-1,Echolocation,/mnt/ubna_data_02_mir/recover-20221013/UBNA_001/20221012_030000.WAV,Telephone Field,recover-20221013,001,1795
1401.9065,1401.9482,68437,82814,Rhinolophus ferrumequinum,0.023,0.023,-1,Echolocation,/mnt/ubna_data_02_mir/recover-20221013/UBNA_001/20221012_030000.WAV,Telephone Field,recover-20221013,001,1795
1401.9315,1401.939,27187,41129,Eptesicus serotinus,0.007,0.022,-1,Echolocation,/mnt/ubna_data_02_mir/recover-20221013/UBNA_001/20221012_030000.WAV,Telephone Field,recover-20221013,001,1795
1401.9345,1401.9767,68437,82902,Rhinolophus ferrumequinum,0.028,0.028,-1,Echolocation,/mnt/ubna_data_02_mir/recover-20221013/UBNA_001/20221012_030000.WAV,Telephone Field,recover-20221013,001,1795
1401.9535,1401.9943,68437,82697,Rhinolophus ferrumequinum,0.024,0.024,-1,Echolocation,/mnt/ubna_data_02_mir/recover-20221013/UBNA_001/20221012_030000.WAV,Telephone Field,recover-20221013,001,1795
1401.9655,1401.9721,46953,51456,Pipistrellus pipistrellus,0.033,0.035,-1,Echolocation,/mnt/ubna_data_02_mir/recover-20221013/UBNA_001/20221012_030000.WAV,Telephone Field,recover-20221013,001,1795
1402.0015,1402.0112,22031,28650,Nyctalus leisleri,0.008,0.024,-1,Echolocation,/mnt/ubna_data_02_mir/recover-20221013/UBNA_001/20221012_030000.WAV,Telephone Field,recover-20221013,001,1795
1402.0015,1402.0357,68437,79709,Rhinolophus ferrumequinum,0.057,0.057,-1,Echolocation,/mnt/ubna_data_02_mir/recover-20221013/UBNA_001/20221012_030000.WAV,Telephone Field,recover-20221013,001,1795
1402.0085,1402.0513,68437,83051,Rhinolophus ferrumequinum,0.028,0.029,-1,Echolocation,/mnt/ubna_data_02_mir/recover-20221013/UBNA_001/20221012_030000.WAV,Telephone Field,recover-20221013,001,1795
1402.0215,1402.0295,28046,38917,Eptesicus serotinus,0.007,0.022,-1,Echolocation,/mnt/ubna_data_02_mir/recover-20221013/UBNA_001/20221012_030000.WAV,Telephone Field,recover-20221013,001,1795
1402.0485,1402.0906,68437,82931,Rhinolophus ferrumequinum,0.03,0.03,-1,Echolocation,/mnt/ubna_data_02_mir/recover-20221013/UBNA_001/20221012_030000.WAV,Telephone Field,recover-20221013,001,1795
1402.0925,1402.131,68437,82131,Rhinolophus ferrumequinum,0.023,0.023,-1,Echolocation,/mnt/ubna_data_02_mir/recover-20221013/UBNA_001/20221012_030000.WAV,Telephone Field,recover-20221013,001,1795
1402.1075,1402.1459,68437,82116,Rhinolophus ferrumequinum,0.031,0.031,-1,Echolocation,/mnt/ubna_data_02_mir/recover-20221013/UBNA_001/20221012_030000.WAV,Telephone Field,recover-20221013,001,1795
1402.1395,1402.1817,68437,82522,Rhinolophus ferrumequinum,0.023,0.023,-1,Echolocation,/mnt/ubna_data_02_mir/recover-20221013/UBNA_001/20221012_030000.WAV,Telephone Field,recover-20221013,001,1795
1402.1495,1402.1903,68437,83446,Rhinolophus ferrumequinum,0.026,0.026,-1,Echolocation,/mnt/ubna_data_02_mir/recover-20221013/UBNA_001/20221012_030000.WAV,Telephone Field,recover-20221013,001,1795
1402.1645,1402.2019,68437,82462,Rhinolophus ferrumequinum,0.026,0.026,-1,Echolocation,/mnt/ubna_data_02_mir/recover-20221013/UBNA_001/20221012_030000.WAV,Telephone Field,recover-20221013,001,1795
1402.1655,1402.1776,23750,29179,Nyctalus leisleri,0.013,0.027,-1,Echolocation,/mnt/ubna_data_02_mir/recover-20221013/UBNA_001/20221012_030000.WAV,Telephone Field,recover-20221013,001,1795
1402.1775,1402.1919,22031,25858,Nyctalus leisleri,0.016,0.028,-1,Echolocation,/mnt/ubna_data_02_mir/recover-20221013/UBNA_001/20221012_030000.WAV,Telephone Field,recover-20221013,001,1795
1402.1975,1402.2105999999999,25468,32687,Eptesicus serotinus,0.015,0.034,-1,Echolocation,/mnt/ubna_data_02_mir/recover-20221013/UBNA_001/20221012_030000.WAV,Telephone Field,recover-20221013,001,1795
1402.2015,1402.2409,68437,82229,Rhinolophus ferrumequinum,0.022,0.022,-1,Echolocation,/mnt/ubna_data_02_mir/recover-20221013/UBNA_001/20221012_030000.WAV,Telephone Field,recover-20221013,001,1795
1402.2155,1402.2265,22890,27661,Nyctalus leisleri,0.011,0.022,-1,Echolocation,/mnt/ubna_data_02_mir/recover-20221013/UBNA_001/20221012_030000.WAV,Telephone Field,recover-20221013,001,1795
1402.2235,1402.265,68437,82723,Rhinolophus ferrumequinum,0.029,0.029,-1,Echolocation,/mnt/ubna_data_02_mir/recover-20221013/UBNA_001/20221012_030000.WAV,Telephone Field,recover-20221013,001,1795
1402.2245,1402.2346,37500,43269,Pipistrellus nathusii,0.013,0.028,-1,Echolocation,/mnt/ubna_data_02_mir/recover-20221013/UBNA_001/20221012_030000.WAV,Telephone Field,recover-20221013,001,1795
1402.3245,1402.3359,28906,36326,Eptesicus serotinus,0.017,0.032,-1,Echolocation,/mnt/ubna_data_02_mir/recover-20221013/UBNA_001/20221012_030000.WAV,Telephone Field,recover-20221013,001,1795
1402.3435,1402.3891,68437,84049,Rhinolophus ferrumequinum,0.041,0.041,-1,Echolocation,/mnt/ubna_data_02_mir/recover-20221013/UBNA_001/20221012_030000.WAV,Telephone Field,recover-20221013,001,1795
1402.3725,1402.4159,68437,83149,Rhinolophus ferrumequinum,0.027,0.027,-1,Echolocation,/mnt/ubna_data_02_mir/recover-20221013/UBNA_001/20221012_030000.WAV,Telephone Field,recover-20221013,001,1795
1402.3835,1402.3941,22890,27761,Nyctalus leisleri,0.013,0.026,-1,Echolocation,/mnt/ubna_data_02_mir/recover-20221013/UBNA_001/20221012_030000.WAV,Telephone Field,recover-20221013,001,1795
1402.3995,1402.4415,68437,82676,Rhinolophus ferrumequinum,0.024,0.024,-1,Echolocation,/mnt/ubna_data_02_mir/recover-20221013/UBNA_001/20221012_030000.WAV,Telephone Field,recover-20221013,001,1795
1402.4075,1402.4168,28906,36284,Eptesicus serotinus,0.008,0.022,-1,Echolocation,/mnt/ubna_data_02_mir/recover-20221013/UBNA_001/20221012_030000.WAV,Telephone Field,recover-20221013,001,1795
1402.4545,1402.4927,68437,81527,Rhinolophus ferrumequinum,0.022,0.022,-1,Echolocation,/mnt/ubna_data_02_mir/recover-20221013/UBNA_001/20221012_030000.WAV,Telephone Field,recover-20221013,001,1795
1402.4835,1402.4921,25468,33515,Nyctalus leisleri,0.007,0.024,-1,Echolocation,/mnt/ubna_data_02_mir/recover-20221013/UBNA_001/20221012_030000.WAV,Telephone Field,recover-20221013,001,1795
1402.5065,1402.5515,68437,83118,Rhinolophus ferrumequinum,0.039,0.039,-1,Echolocation,/mnt/ubna_data_02_mir/recover-20221013/UBNA_001/20221012_030000.WAV,Telephone Field,recover-20221013,001,1795
1402.5485,1402.5849,68437,81658,Rhinolophus ferrumequinum,0.022,0.022,-1,Echolocation,/mnt/ubna_data_02_mir/recover-20221013/UBNA_001/20221012_030000.WAV,Telephone Field,recover-20221013,001,1795
1402.5525,1402.5619,28906,37468,Eptesicus serotinus,0.023,0.041,-1,Echolocation,/mnt/ubna_data_02_mir/recover-20221013/UBNA_001/20221012_030000.WAV,Telephone Field,recover-20221013,001,1795
1402.5635,1402.5748,25468,32528,Eptesicus serotinus,0.01,0.023,-1,Echolocation,/mnt/ubna_data_02_mir/recover-20221013/UBNA_001/20221012_030000.WAV,Telephone Field,recover-20221013,001,1795
1402.5645,1402.6038,68437,82465,Rhinolophus ferrumequinum,0.026,0.026,-1,Echolocation,/mnt/ubna_data_02_mir/recover-20221013/UBNA_001/20221012_030000.WAV,Telephone Field,recover-20221013,001,1795
1402.5985,1402.6399,68437,82132,Rhinolophus ferrumequinum,0.021,0.021,-1,Echolocation,/mnt/ubna_data_02_mir/recover-20221013/UBNA_001/20221012_030000.WAV,Telephone Field,recover-20221013,001,1795
1402.6035,1402.6139,24609,31180,Nyctalus leisleri,0.009,0.026,-1,Echolocation,/mnt/ubna_data_02_mir/recover-20221013/UBNA_001/20221012_030000.WAV,Telephone Field,recover-20221013,001,1795
1402.6165,1402.6279,22890,27198,Nyctalus leisleri,0.013,0.023,-1,Echolocation,/mnt/ubna_data_02_mir/recover-20221013/UBNA_001/20221012_030000.WAV,Telephone Field,recover-20221013,001,1795
1402.6225,1402.6599,68437,81435,Rhinolophus ferrumequinum,0.024,0.024,-1,Echolocation,/mnt/ubna_data_02_mir/recover-20221013/UBNA_001/20221012_030000.WAV,Telephone Field,recover-20221013,001,1795
1402.6305,1402.6711,68437,82567,Rhinolophus ferrumequinum,0.026,0.026,-1,Echolocation,/mnt/ubna_data_02_mir/recover-20221013/UBNA_001/20221012_030000.WAV,Telephone Field,recover-20221013,001,1795
1402.6505,1402.6882,68437,82276,Rhinolophus ferrumequinum,0.022,0.022,-1,Echolocation,/mnt/ubna_data_02_mir/recover-20221013/UBNA_001/20221012_030000.WAV,Telephone Field,recover-20221013,001,1795
1402.6595,1402.701,68437,82847,Rhinolophus ferrumequinum,0.027,0.027,-1,Echolocation,/mnt/ubna_data_02_mir/recover-20221013/UBNA_001/20221012_030000.WAV,Telephone Field,recover-20221013,001,1795
1402.6945,1402.7024,28906,37583,Eptesicus serotinus,0.009,0.027,-1,Echolocation,/mnt/ubna_data_02_mir/recover-20221013/UBNA_001/20221012_030000.WAV,Telephone Field,recover-20221013,001,1795
1402.7295,1402.7404,22890,27589,Nyctalus leisleri,0.012,0.024,-1,Echolocation,/mnt/ubna_data_02_mir/recover-20221013/UBNA_001/20221012_030000.WAV,Telephone Field,recover-20221013,001,1795
1402.7715,1402.8108,68437,82755,Rhinolophus ferrumequinum,0.026,0.026,-1,Echolocation,/mnt/ubna_data_02_mir/recover-20221013/UBNA_001/20221012_030000.WAV,Telephone Field,recover-20221013,001,1795
1402.8085,1402.8161,27187,38791,Eptesicus serotinus,0.007,0.022,-1,Echolocation,/mnt/ubna_data_02_mir/recover-20221013/UBNA_001/20221012_030000.WAV,Telephone Field,recover-20221013,001,1795
1402.8245,1402.8631,68437,82333,Rhinolophus ferrumequinum,0.024,0.024,-1,Echolocation,/mnt/ubna_data_02_mir/recover-20221013/UBNA_001/20221012_030000.WAV,Telephone Field,recover-20221013,001,1795
1402.8415,1402.8806,68437,82242,Rhinolophus ferrumequinum,0.024,0.024,-1,Echolocation,/mnt/ubna_data_02_mir/recover-20221013/UBNA_001/20221012_030000.WAV,Telephone Field,recover-20221013,001,1795
1402.8475,1402.8864,68437,82197,Rhinolophus ferrumequinum,0.026,0.026,-1,Echolocation,/mnt/ubna_data_02_mir/recover-20221013/UBNA_001/20221012_030000.WAV,Telephone Field,recover-20221013,001,1795
1402.8735,1402.9136,68437,83038,Rhinolophus ferrumequinum,0.034,0.034,-1,Echolocation,/mnt/ubna_data_02_mir/recover-20221013/UBNA_001/20221012_030000.WAV,Telephone Field,recover-20221013,001,1795
1402.8895,1402.9292,68437,82194,Rhinolophus ferrumequinum,0.024,0.024,-1,Echolocation,/mnt/ubna_data_02_mir/recover-20221013/UBNA_001/20221012_030000.WAV,Telephone Field,recover-20221013,001,1795
1402.8955,1402.9338,68437,82044,Rhinolophus ferrumequinum,0.022,0.022,-1,Echolocation,/mnt/ubna_data_02_mir/recover-20221013/UBNA_001/20221012_030000.WAV,Telephone Field,recover-20221013,001,1795
1402.9155,1402.954,68437,82532,Rhinolophus ferrumequinum,0.028,0.028,-1,Echolocation,/mnt/ubna_data_02_mir/recover-20221013/UBNA_001/20221012_030000.WAV,Telephone Field,recover-20221013,001,1795
1402.9435,1402.9821,68437,82435,Rhinolophus ferrumequinum,0.021,0.021,-1,Echolocation,/mnt/ubna_data_02_mir/recover-20221013/UBNA_001/20221012_030000.WAV,Telephone Field,recover-20221013,001,1795
1402.9555,1402.9666,29765,37052,Eptesicus serotinus,0.013,0.027,-1,Echolocation,/mnt/ubna_data_02_mir/recover-20221013/UBNA_001/20221012_030000.WAV,Telephone Field,recover-20221013,001,1795
1402.9795,1403.0195,68437,82560,Rhinolophus ferrumequinum,0.027,0.027,-1,Echolocation,/mnt/ubna_data_02_mir/recover-20221013/UBNA_001/20221012_030000.WAV,Telephone Field,recover-20221013,001,1795
1403.0365,1403.0458,22890,29915,Plecotus austriacus,0.009,0.025,-1,Echolocation,/mnt/ubna_data_02_mir/recover-20221013/UBNA_001/20221012_030000.WAV,Telephone Field,recover-20221013,001,1795
1403.0645,1403.1077,68437,83349,Rhinolophus ferrumequinum,0.029,0.029,-1,Echolocation,/mnt/ubna_data_02_mir/recover-20221013/UBNA_001/20221012_030000.WAV,Telephone Field,recover-20221013,001,1795
1403.0795,1403.0865,24609,33768,Plecotus austriacus,0.01,0.025,-1,Echolocation,/mnt/ubna_data_02_mir/recover-20221013/UBNA_001/20221012_030000.WAV,Telephone Field,recover-20221013,001,1795
1403.0955,1403.1375,68437,83172,Rhinolophus ferrumequinum,0.024,0.024,-1,Echolocation,/mnt/ubna_data_02_mir/recover-20221013/UBNA_001/20221012_030000.WAV,Telephone Field,recover-20221013,001,1795
1403.1265,1403.1647,68437,82186,Rhinolophus ferrumequinum,0.023,0.023,-1,Echolocation,/mnt/ubna_data_02_mir/recover-20221013/UBNA_001/20221012_030000.WAV,Telephone Field,recover-20221013,001,1795
1403.1535,1403.1926,68437,81780,Rhinolophus ferrumequinum,0.027,0.027,-1,Echolocation,/mnt/ubna_data_02_mir/recover-20221013/UBNA_001/20221012_030000.WAV,Telephone Field,recover-20221013,001,1795
1403.1595,1403.1941,68437,81518,Rhinolophus ferrumequinum,0.029,0.029,-1,Echolocation,/mnt/ubna_data_02_mir/recover-20221013/UBNA_001/20221012_030000.WAV,Telephone Field,recover-20221013,001,1795
1403.2385,1403.2768,68437,82228,Rhinolophus ferrumequinum,0.024,0.024,-1,Echolocation,/mnt/ubna_data_02_mir/recover-20221013/UBNA_001/20221012_030000.WAV,Telephone Field,recover-20221013,001,1795
1403.2565,1403.2897,68437,80742,Rhinolophus ferrumequinum,0.023,0.023,-1,Echolocation,/mnt/ubna_data_02_mir/recover-20221013/UBNA_001/20221012_030000.WAV,Telephone Field,recover-20221013,001,1795
1403.2655,1403.277,22890,27534,Nyctalus leisleri,0.018,0.033,-1,Echolocation,/mnt/ubna_data_02_mir/recover-20221013/UBNA_001/20221012_030000.WAV,Telephone Field,recover-20221013,001,1795
1403.2765,1403.3144,68437,81988,Rhinolophus ferrumequinum,0.023,0.023,-1,Echolocation,/mnt/ubna_data_02_mir/recover-20221013/UBNA_001/20221012_030000.WAV,Telephone Field,recover-20221013,001,1795
1403.2775,1403.2888,43515,48243,Pipistrellus pipistrellus,0.025,0.031,-1,Echolocation,/mnt/ubna_data_02_mir/recover-20221013/UBNA_001/20221012_030000.WAV,Telephone Field,recover-20221013,001,1795
1403.2905,1403.3025,37500,41858,Pipistrellus nathusii,0.018,0.029,-1,Echolocation,/mnt/ubna_data_02_mir/recover-20221013/UBNA_001/20221012_030000.WAV,Telephone Field,recover-20221013,001,1795
1403.2915,1403.2995,28046,38373,Eptesicus serotinus,0.007,0.021,-1,Echolocation,/mnt/ubna_data_02_mir/recover-20221013/UBNA_001/20221012_030000.WAV,Telephone Field,recover-20221013,001,1795
1403.2965,1403.3363,68437,82422,Rhinolophus ferrumequinum,0.022,0.022,-1,Echolocation,/mnt/ubna_data_02_mir/recover-20221013/UBNA_001/20221012_030000.WAV,Telephone Field,recover-20221013,001,1795
1403.3035,1403.3132,25468,33361,Eptesicus serotinus,0.009,0.022,-1,Echolocation,/mnt/ubna_data_02_mir/recover-20221013/UBNA_001/20221012_030000.WAV,Telephone Field,recover-20221013,001,1795
1403.3345,1403.3742,68437,82097,Rhinolophus ferrumequinum,0.022,0.022,-1,Echolocation,/mnt/ubna_data_02_mir/recover-20221013/UBNA_001/20221012_030000.WAV,Telephone Field,recover-20221013,001,1795
1403.4025,1403.4121,28046,36272,Eptesicus serotinus,0.009,0.022,-1,Echolocation,/mnt/ubna_data_02_mir/recover-20221013/UBNA_001/20221012_030000.WAV,Telephone Field,recover-20221013,001,1795
1403.4025,1403.4425,68437,82385,Rhinolophus ferrumequinum,0.026,0.026,-1,Echolocation,/mnt/ubna_data_02_mir/recover-20221013/UBNA_001/20221012_030000.WAV,Telephone Field,recover-20221013,001,1795
1403.4555,1403.4654,27187,38718,Eptesicus serotinus,0.011,0.024,-1,Echolocation,/mnt/ubna_data_02_mir/recover-20221013/UBNA_001/20221012_030000.WAV,Telephone Field,recover-20221013,001,1795
1403.4585,1403.4966,68437,82581,Rhinolophus ferrumequinum,0.028,0.028,-1,Echolocation,/mnt/ubna_data_02_mir/recover-20221013/UBNA_001/20221012_030000.WAV,Telephone Field,recover-20221013,001,1795
1403.4795,1403.5159,68437,82025,Rhinolophus ferrumequinum,0.023,0.023,-1,Echolocation,/mnt/ubna_data_02_mir/recover-20221013/UBNA_001/20221012_030000.WAV,Telephone Field,recover-20221013,001,1795
1403.5135,1403.5233,49531,54470,Pipistrellus pipistrellus,0.02,0.025,-1,Echolocation,/mnt/ubna_data_02_mir/recover-20221013/UBNA_001/20221012_030000.WAV,Telephone Field,recover-20221013,001,1795
1403.5615,1403.5986,68437,81356,Rhinolophus ferrumequinum,0.022,0.022,-1,Echolocation,/mnt/ubna_data_02_mir/recover-20221013/UBNA_001/20221012_030000.WAV,Telephone Field,recover-20221013,001,1795
1403.5635,1403.5716,49531,53992,Pipistrellus pipistrellus,0.029,0.033,-1,Echolocation,/mnt/ubna_data_02_mir/recover-20221013/UBNA_001/20221012_030000.WAV,Telephone Field,recover-20221013,001,1795
1403.5705,1403.6072,68437,82272,Rhinolophus ferrumequinum,0.023,0.023,-1,Echolocation,/mnt/ubna_data_02_mir/recover-20221013/UBNA_001/20221012_030000.WAV,Telephone Field,recover-20221013,001,1795
1403.5905,1403.627,68437,81616,Rhinolophus ferrumequinum,0.022,0.022,-1,Echolocation,/mnt/ubna_data_02_mir/recover-20221013/UBNA_001/20221012_030000.WAV,Telephone Field,recover-20221013,001,1795
1403.5905,1403.6059,21171,24121,Nyctalus leisleri,0.014,0.022,-1,Echolocation,/mnt/ubna_data_02_mir/recover-20221013/UBNA_001/20221012_030000.WAV,Telephone Field,recover-20221013,001,1795
1403.6205,1403.6616,68437,82759,Rhinolophus ferrumequinum,0.031,0.031,-1,Echolocation,/mnt/ubna_data_02_mir/recover-20221013/UBNA_001/20221012_030000.WAV,Telephone Field,recover-20221013,001,1795
1403.6495,1403.6613,22031,27069,Nyctalus leisleri,0.014,0.03,-1,Echolocation,/mnt/ubna_data_02_mir/recover-20221013/UBNA_001/20221012_030000.WAV,Telephone Field,recover-20221013,001,1795
1403.7035,1403.7412,68437,82126,Rhinolophus ferrumequinum,0.021,0.021,-1,Echolocation,/mnt/ubna_data_02_mir/recover-20221013/UBNA_001/20221012_030000.WAV,Telephone Field,recover-20221013,001,1795
1403.7385,1403.778,68437,82384,Rhinolophus ferrumequinum,0.022,0.022,-1,Echolocation,/mnt/ubna_data_02_mir/recover-20221013/UBNA_001/20221012_030000.WAV,Telephone Field,recover-20221013,001,1795
1403.7475,1403.7854,68437,82399,Rhinolophus ferrumequinum,0.022,0.022,-1,Echolocation,/mnt/ubna_data_02_mir/recover-20221013/UBNA_001/20221012_030000.WAV,Telephone Field,recover-20221013,001,1795
1403.7565,1403.7963,68437,82458,Rhinolophus ferrumequinum,0.022,0.022,-1,Echolocation,/mnt/ubna_data_02_mir/recover-20221013/UBNA_001/20221012_030000.WAV,Telephone Field,recover-20221013,001,1795
1403.7605,1403.7713,44375,49475,Pipistrellus pipistrellus,0.022,0.026,-1,Echolocation,/mnt/ubna_data_02_mir/recover-20221013/UBNA_001/20221012_030000.WAV,Telephone Field,recover-20221013,001,1795
1403.7825,1403.8201,68437,82203,Rhinolophus ferrumequinum,0.023,0.023,-1,Echolocation,/mnt/ubna_data_02_mir/recover-20221013/UBNA_001/20221012_030000.WAV,Telephone Field,recover-20221013,001,1795
1403.7905,1403.83,68437,81852,Rhinolophus ferrumequinum,0.024,0.024,-1,Echolocation,/mnt/ubna_data_02_mir/recover-20221013/UBNA_001/20221012_030000.WAV,Telephone Field,recover-20221013,001,1795
1403.8265,1403.8648,68437,82349,Rhinolophus ferrumequinum,0.022,0.022,-1,Echolocation,/mnt/ubna_data_02_mir/recover-20221013/UBNA_001/20221012_030000.WAV,Telephone Field,recover-20221013,001,1795
1403.8725,1403.9093,68437,81677,Rhinolophus ferrumequinum,0.022,0.022,-1,Echolocation,/mnt/ubna_data_02_mir/recover-20221013/UBNA_001/20221012_030000.WAV,Telephone Field,recover-20221013,001,1795
1403.8775,1403.8861,26328,35236,Eptesicus serotinus,0.008,0.023,-1,Echolocation,/mnt/ubna_data_02_mir/recover-20221013/UBNA_001/20221012_030000.WAV,Telephone Field,recover-20221013,001,1795
1403.8775,1403.9157,68437,81993,Rhinolophus ferrumequinum,0.022,0.022,-1,Echolocation,/mnt/ubna_data_02_mir/recover-20221013/UBNA_001/20221012_030000.WAV,Telephone Field,recover-20221013,001,1795
1403.8915,1403.902,47812,53160,Pipistrellus pipistrellus,0.018,0.021,-1,Echolocation,/mnt/ubna_data_02_mir/recover-20221013/UBNA_001/20221012_030000.WAV,Telephone Field,recover-20221013,001,1795
1403.8945,1403.9331,68437,82259,Rhinolophus ferrumequinum,0.023,0.023,-1,Echolocation,/mnt/ubna_data_02_mir/recover-20221013/UBNA_001/20221012_030000.WAV,Telephone Field,recover-20221013,001,1795
1403.9315,1403.941,14296,20865,Nyctalus noctula,0.01,0.023,-1,Echolocation,/mnt/ubna_data_02_mir/recover-20221013/UBNA_001/20221012_030000.WAV,Telephone Field,recover-20221013,001,1795
1403.9375,1403.9775,68437,81983,Rhinolophus ferrumequinum,0.024,0.024,-1,Echolocation,/mnt/ubna_data_02_mir/recover-20221013/UBNA_001/20221012_030000.WAV,Telephone Field,recover-20221013,001,1795
1403.9645,1403.9749,22031,27815,Nyctalus leisleri,0.008,0.021,-1,Echolocation,/mnt/ubna_data_02_mir/recover-20221013/UBNA_001/20221012_030000.WAV,Telephone Field,recover-20221013,001,1795
1403.9705,1403.9783,28906,37494,Eptesicus serotinus,0.007,0.023,-1,Echolocation,/mnt/ubna_data_02_mir/recover-20221013/UBNA_001/20221012_030000.WAV,Telephone Field,recover-20221013,001,1795
1403.9845,1403.9896,39218,58001,Myotis mystacinus,0.007,0.023,-1,Echolocation,/mnt/ubna_data_02_mir/recover-20221013/UBNA_001/20221012_030000.WAV,Telephone Field,recover-20221013,001,1795
1404.0015,1404.0112,21171,26308,Nyctalus leisleri,0.01,0.027,-1,Echolocation,/mnt/ubna_data_02_mir/recover-20221013/UBNA_001/20221012_030000.WAV,Telephone Field,recover-20221013,001,1795
1404.0015,1404.031,68437,80111,Rhinolophus ferrumequinum,0.045,0.045,-1,Echolocation,/mnt/ubna_data_02_mir/recover-20221013/UBNA_001/20221012_030000.WAV,Telephone Field,recover-20221013,001,1795
1404.0015,1404.0099,47812,53420,Pipistrellus pipistrellus,0.021,0.027,-1,Echolocation,/mnt/ubna_data_02_mir/recover-20221013/UBNA_001/20221012_030000.WAV,Telephone Field,recover-20221013,001,1795
1404.0015,1404.01,30625,42988,Myotis daubentonii,0.006,0.022,-1,Echolocation,/mnt/ubna_data_02_mir/recover-20221013/UBNA_001/20221012_030000.WAV,Telephone Field,recover-20221013,001,1795
1404.0235,1404.0638,68437,82695,Rhinolophus ferrumequinum,0.029,0.029,-1,Echolocation,/mnt/ubna_data_02_mir/recover-20221013/UBNA_001/20221012_030000.WAV,Telephone Field,recover-20221013,001,1795
1404.0475,1404.0842,68437,81589,Rhinolophus ferrumequinum,0.029,0.029,-1,Echolocation,/mnt/ubna_data_02_mir/recover-20221013/UBNA_001/20221012_030000.WAV,Telephone Field,recover-20221013,001,1795
1404.0625,1404.0718,25468,34171,Eptesicus serotinus,0.009,0.021,-1,Echolocation,/mnt/ubna_data_02_mir/recover-20221013/UBNA_001/20221012_030000.WAV,Telephone Field,recover-20221013,001,1795
1404.0685,1404.0769,25468,33484,Eptesicus serotinus,0.008,0.022,-1,Echolocation,/mnt/ubna_data_02_mir/recover-20221013/UBNA_001/20221012_030000.WAV,Telephone Field,recover-20221013,001,1795
1404.0765,1404.114,68437,81237,Rhinolophus ferrumequinum,0.021,0.022,-1,Echolocation,/mnt/ubna_data_02_mir/recover-20221013/UBNA_001/20221012_030000.WAV,Telephone Field,recover-20221013,001,1795
1404.0885,1404.1,22031,26407,Nyctalus leisleri,0.013,0.023,-1,Echolocation,/mnt/ubna_data_02_mir/recover-20221013/UBNA_001/20221012_030000.WAV,Telephone Field,recover-20221013,001,1795
1404.0925,1404.1332,68437,82933,Rhinolophus ferrumequinum,0.025,0.025,-1,Echolocation,/mnt/ubna_data_02_mir/recover-20221013/UBNA_001/20221012_030000.WAV,Telephone Field,recover-20221013,001,1795
1404.1055,1404.1442,68437,82538,Rhinolophus ferrumequinum,0.022,0.022,-1,Echolocation,/mnt/ubna_data_02_mir/recover-20221013/UBNA_001/20221012_030000.WAV,Telephone Field,recover-20221013,001,1795
1404.1425,1404.1845,68437,82941,Rhinolophus ferrumequinum,0.032,0.032,-1,Echolocation,/mnt/ubna_data_02_mir/recover-20221013/UBNA_001/20221012_030000.WAV,Telephone Field,recover-20221013,001,1795
1404.1495,1404.1712,17734,21070,Nyctalus noctula,0.015,0.026,-1,Echolocation,/mnt/ubna_data_02_mir/recover-20221013/UBNA_001/20221012_030000.WAV,Telephone Field,recover-20221013,001,1795
1404.1845,1404.1918,26328,39658,Eptesicus serotinus,0.006,0.022,-1,Echolocation,/mnt/ubna_data_02_mir/recover-20221013/UBNA_001/20221012_030000.WAV,Telephone Field,recover-20221013,001,1795
1404.1985,1404.2392,68437,82066,Rhinolophus ferrumequinum,0.025,0.025,-1,Echolocation,/mnt/ubna_data_02_mir/recover-20221013/UBNA_001/20221012_030000.WAV,Telephone Field,recover-20221013,001,1795
1404.2275,1404.2668,68437,82559,Rhinolophus ferrumequinum,0.031,0.031,-1,Echolocation,/mnt/ubna_data_02_mir/recover-20221013/UBNA_001/20221012_030000.WAV,Telephone Field,recover-20221013,001,1795
1404.2625,1404.2722,27187,35700,Eptesicus serotinus,0.01,0.021,-1,Echolocation,/mnt/ubna_data_02_mir/recover-20221013/UBNA_001/20221012_030000.WAV,Telephone Field,recover-20221013,001,1795
1404.2765,1404.3187,68437,83118,Rhinolophus ferrumequinum,0.032,0.032,-1,Echolocation,/mnt/ubna_data_02_mir/recover-20221013/UBNA_001/20221012_030000.WAV,Telephone Field,recover-20221013,001,1795
1404.3205,1404.3587,68437,81796,Rhinolophus ferrumequinum,0.022,0.022,-1,Echolocation,/mnt/ubna_data_02_mir/recover-20221013/UBNA_001/20221012_030000.WAV,Telephone Field,recover-20221013,001,1795
1404.3295,1404.3402,22031,25946,Nyctalus leisleri,0.012,0.021,-1,Echolocation,/mnt/ubna_data_02_mir/recover-20221013/UBNA_001/20221012_030000.WAV,Telephone Field,recover-20221013,001,1795
1404.3435,1404.3511,28046,39847,Eptesicus serotinus,0.007,0.022,-1,Echolocation,/mnt/ubna_data_02_mir/recover-20221013/UBNA_001/20221012_030000.WAV,Telephone Field,recover-20221013,001,1795
1404.3665,1404.404,68437,82172,Rhinolophus ferrumequinum,0.022,0.022,-1,Echolocation,/mnt/ubna_data_02_mir/recover-20221013/UBNA_001/20221012_030000.WAV,Telephone Field,recover-20221013,001,1795
1404.4155,1404.4501,68437,80840,Rhinolophus ferrumequinum,0.022,0.022,-1,Echolocation,/mnt/ubna_data_02_mir/recover-20221013/UBNA_001/20221012_030000.WAV,Telephone Field,recover-20221013,001,1795
1404.4275,1404.4676,68437,82206,Rhinolophus ferrumequinum,0.026,0.026,-1,Echolocation,/mnt/ubna_data_02_mir/recover-20221013/UBNA_001/20221012_030000.WAV,Telephone Field,recover-20221013,001,1795
1404.4685,1404.4774,28906,37818,Eptesicus serotinus,0.009,0.022,-1,Echolocation,/mnt/ubna_data_02_mir/recover-20221013/UBNA_001/20221012_030000.WAV,Telephone Field,recover-20221013,001,1795
1404.4945,1404.5031,28906,39794,Eptesicus serotinus,0.01,0.025,-1,Echolocation,/mnt/ubna_data_02_mir/recover-20221013/UBNA_001/20221012_030000.WAV,Telephone Field,recover-20221013,001,1795
1404.5355,1404.543,24609,33746,Plecotus austriacus,0.008,0.024,-1,Echolocation,/mnt/ubna_data_02_mir/recover-20221013/UBNA_001/20221012_030000.WAV,Telephone Field,recover-20221013,001,1795
1404.5445,1404.5834,68437,81997,Rhinolophus ferrumequinum,0.022,0.022,-1,Echolocation,/mnt/ubna_data_02_mir/recover-20221013/UBNA_001/20221012_030000.WAV,Telephone Field,recover-20221013,001,1795
1404.5555,1404.5667,24609,30664,Nyctalus leisleri,0.009,0.023,-1,Echolocation,/mnt/ubna_data_02_mir/recover-20221013/UBNA_001/20221012_030000.WAV,Telephone Field,recover-20221013,001,1795
1404.5715,1404.6107,68437,81990,Rhinolophus ferrumequinum,0.033,0.033,-1,Echolocation,/mnt/ubna_data_02_mir/recover-20221013/UBNA_001/20221012_030000.WAV,Telephone Field,recover-20221013,001,1795
1404.5965,1404.6362,68437,82630,Rhinolophus ferrumequinum,0.024,0.024,-1,Echolocation,/mnt/ubna_data_02_mir/recover-20221013/UBNA_001/20221012_030000.WAV,Telephone Field,recover-20221013,001,1795
1404.5985,1404.6083,28906,36181,Eptesicus serotinus,0.01,0.024,-1,Echolocation,/mnt/ubna_data_02_mir/recover-20221013/UBNA_001/20221012_030000.WAV,Telephone Field,recover-20221013,001,1795
1404.6175,1404.6241,28906,39329,Eptesicus serotinus,0.006,0.023,-1,Echolocation,/mnt/ubna_data_02_mir/recover-20221013/UBNA_001/20221012_030000.WAV,Telephone Field,recover-20221013,001,1795
1404.6315,1404.6714,68437,82014,Rhinolophus ferrumequinum,0.022,0.022,-1,Echolocation,/mnt/ubna_data_02_mir/recover-20221013/UBNA_001/20221012_030000.WAV,Telephone Field,recover-20221013,001,1795
1404.6485,1404.688,68437,82749,Rhinolophus ferrumequinum,0.025,0.025,-1,Echolocation,/mnt/ubna_data_02_mir/recover-20221013/UBNA_001/20221012_030000.WAV,Telephone Field,recover-20221013,001,1795
1404.6835,1404.724,68437,82654,Rhinolophus ferrumequinum,0.022,0.022,-1,Echolocation,/mnt/ubna_data_02_mir/recover-20221013/UBNA_001/20221012_030000.WAV,Telephone Field,recover-20221013,001,1795
1404.7185,1404.7566,68437,81716,Rhinolophus ferrumequinum,0.025,0.025,-1,Echolocation,/mnt/ubna_data_02_mir/recover-20221013/UBNA_001/20221012_030000.WAV,Telephone Field,recover-20221013,001,1795
1404.7445,1404.7558,14296,19095,Nyctalus noctula,0.012,0.024,-1,Echolocation,/mnt/ubna_data_02_mir/recover-20221013/UBNA_001/20221012_030000.WAV,Telephone Field,recover-20221013,001,1795
1404.7515,1404.7924,68437,82423,Rhinolophus ferrumequinum,0.022,0.022,-1,Echolocation,/mnt/ubna_data_02_mir/recover-20221013/UBNA_001/20221012_030000.WAV,Telephone Field,recover-20221013,001,1795
1404.7765,1404.8164,68437,82710,Rhinolophus ferrumequinum,0.022,0.022,-1,Echolocation,/mnt/ubna_data_02_mir/recover-20221013/UBNA_001/20221012_030000.WAV,Telephone Field,recover-20221013,001,1795
1404.8055,1404.8165,22890,27669,Nyctalus leisleri,0.012,0.023,-1,Echolocation,/mnt/ubna_data_02_mir/recover-20221013/UBNA_001/20221012_030000.WAV,Telephone Field,recover-20221013,001,1795
1404.8065,1404.843,68437,81844,Rhinolophus ferrumequinum,0.025,0.025,-1,Echolocation,/mnt/ubna_data_02_mir/recover-20221013/UBNA_001/20221012_030000.WAV,Telephone Field,recover-20221013,001,1795
1404.8345,1404.846,23750,29153,Nyctalus leisleri,0.01,0.024,-1,Echolocation,/mnt/ubna_data_02_mir/recover-20221013/UBNA_001/20221012_030000.WAV,Telephone Field,recover-20221013,001,1795
1404.8665,1404.9086,68437,82877,Rhinolophus ferrumequinum,0.031,0.031,-1,Echolocation,/mnt/ubna_data_02_mir/recover-20221013/UBNA_001/20221012_030000.WAV,Telephone Field,recover-20221013,001,1795
1404.8845,1404.9224,68437,82023,Rhinolophus ferrumequinum,0.022,0.022,-1,Echolocation,/mnt/ubna_data_02_mir/recover-20221013/UBNA_001/20221012_030000.WAV,Telephone Field,recover-20221013,001,1795
1404.8955,1404.9032,28046,38982,Eptesicus serotinus,0.008,0.025,-1,Echolocation,/mnt/ubna_data_02_mir/recover-20221013/UBNA_001/20221012_030000.WAV,Telephone Field,recover-20221013,001,1795
1404.8985,1404.9369,68437,81997,Rhinolophus ferrumequinum,0.023,0.023,-1,Echolocation,/mnt/ubna_data_02_mir/recover-20221013/UBNA_001/20221012_030000.WAV,Telephone Field,recover-20221013,001,1795
1404.9145,1404.9519,68437,81907,Rhinolophus ferrumequinum,0.022,0.022,-1,Echolocation,/mnt/ubna_data_02_mir/recover-20221013/UBNA_001/20221012_030000.WAV,Telephone Field,recover-20221013,001,1795
1404.9215,1404.9303,28906,36987,Eptesicus serotinus,0.011,0.025,-1,Echolocation,/mnt/ubna_data_02_mir/recover-20221013/UBNA_001/20221012_030000.WAV,Telephone Field,recover-20221013,001,1795
1404.9375,1404.9792,68437,83089,Rhinolophus ferrumequinum,0.028,0.028,-1,Echolocation,/mnt/ubna_data_02_mir/recover-20221013/UBNA_001/20221012_030000.WAV,Telephone Field,recover-20221013,001,1795
1404.9495,1404.9568,50390,57495,Pipistrellus pipistrellus,0.026,0.028,-1,Echolocation,/mnt/ubna_data_02_mir/recover-20221013/UBNA_001/20221012_030000.WAV,Telephone Field,recover-20221013,001,1795
1404.9515,1404.9605,28906,37170,Eptesicus serotinus,0.009,0.022,-1,Echolocation,/mnt/ubna_data_02_mir/recover-20221013/UBNA_001/20221012_030000.WAV,Telephone Field,recover-20221013,001,1795
1404.9745,1405.0144,68437,82261,Rhinolophus ferrumequinum,0.023,0.023,-1,Echolocation,/mnt/ubna_data_02_mir/recover-20221013/UBNA_001/20221012_030000.WAV,Telephone Field,recover-20221013,001,1795
1405.0595,1405.096,68437,81686,Rhinolophus ferrumequinum,0.021,0.021,-1,Echolocation,/mnt/ubna_data_02_mir/recover-20221013/UBNA_001/20221012_030000.WAV,Telephone Field,recover-20221013,001,1795
1405.0735,1405.0847,22031,26102,Nyctalus leisleri,0.013,0.022,-1,Echolocation,/mnt/ubna_data_02_mir/recover-20221013/UBNA_001/20221012_030000.WAV,Telephone Field,recover-20221013,001,1795
1405.1305,1405.1394,27187,37181,Eptesicus serotinus,0.008,0.022,-1,Echolocation,/mnt/ubna_data_02_mir/recover-20221013/UBNA_001/20221012_030000.WAV,Telephone Field,recover-20221013,001,1795
1405.1745,1405.1825,45234,53153,Pipistrellus pipistrellus,0.017,0.021,-1,Echolocation,/mnt/ubna_data_02_mir/recover-20221013/UBNA_001/20221012_030000.WAV,Telephone Field,recover-20221013,001,1795
1405.1775,1405.2196,68437,83036,Rhinolophus ferrumequinum,0.033,0.033,-1,Echolocation,/mnt/ubna_data_02_mir/recover-20221013/UBNA_001/20221012_030000.WAV,Telephone Field,recover-20221013,001,1795
1405.1865,1405.199,22890,27951,Nyctalus leisleri,0.013,0.025,-1,Echolocation,/mnt/ubna_data_02_mir/recover-20221013/UBNA_001/20221012_030000.WAV,Telephone Field,recover-20221013,001,1795
1405.2125,1405.2203,23750,32344,Plecotus austriacus,0.008,0.022,-1,Echolocation,/mnt/ubna_data_02_mir/recover-20221013/UBNA_001/20221012_030000.WAV,Telephone Field,recover-20221013,001,1795
1405.2185,1405.2261,28906,39938,Eptesicus serotinus,0.007,0.023,-1,Echolocation,/mnt/ubna_data_02_mir/recover-20221013/UBNA_001/20221012_030000.WAV,Telephone Field,recover-20221013,001,1795
1405.2405,1405.2789,68437,81531,Rhinolophus ferrumequinum,0.028,0.028,-1,Echolocation,/mnt/ubna_data_02_mir/recover-20221013/UBNA_001/20221012_030000.WAV,Telephone Field,recover-20221013,001,1795
1405.2465,1405.2864,68437,82177,Rhinolophus ferrumequinum,0.026,0.026,-1,Echolocation,/mnt/ubna_data_02_mir/recover-20221013/UBNA_001/20221012_030000.WAV,Telephone Field,recover-20221013,001,1795
1405.2975,1405.3327,68437,81167,Rhinolophus ferrumequinum,0.022,0.022,-1,Echolocation,/mnt/ubna_data_02_mir/recover-20221013/UBNA_001/20221012_030000.WAV,Telephone Field,recover-20221013,001,1795
1405.3305,1405.3427,27187,33452,Eptesicus serotinus,0.014,0.028,-1,Echolocation,/mnt/ubna_data_02_mir/recover-20221013/UBNA_001/20221012_030000.WAV,Telephone Field,recover-20221013,001,1795
1405.3435,1405.382,68437,81898,Rhinolophus ferrumequinum,0.022,0.022,-1,Echolocation,/mnt/ubna_data_02_mir/recover-20221013/UBNA_001/20221012_030000.WAV,Telephone Field,recover-20221013,001,1795
1405.3555,1405.3699,22890,27219,Nyctalus leisleri,0.015,0.028,-1,Echolocation,/mnt/ubna_data_02_mir/recover-20221013/UBNA_001/20221012_030000.WAV,Telephone Field,recover-20221013,001,1795
1405.3645,1405.3997,68437,81112,Rhinolophus ferrumequinum,0.022,0.022,-1,Echolocation,/mnt/ubna_data_02_mir/recover-20221013/UBNA_001/20221012_030000.WAV,Telephone Field,recover-20221013,001,1795
1405.4105,1405.4183,27187,40363,Eptesicus serotinus,0.008,0.023,-1,Echolocation,/mnt/ubna_data_02_mir/recover-20221013/UBNA_001/20221012_030000.WAV,Telephone Field,recover-20221013,001,1795
1405.4175,1405.4268,49531,56544,Pipistrellus pipistrellus,0.02,0.025,-1,Echolocation,/mnt/ubna_data_02_mir/recover-20221013/UBNA_001/20221012_030000.WAV,Telephone Field,recover-20221013,001,1795
1405.4505,1405.4582,28046,40231,Eptesicus serotinus,0.006,0.022,-1,Echolocation,/mnt/ubna_data_02_mir/recover-20221013/UBNA_001/20221012_030000.WAV,Telephone Field,recover-20221013,001,1795
1405.4685,1405.4824,22890,27599,Nyctalus leisleri,0.019,0.033,-1,Echolocation,/mnt/ubna_data_02_mir/recover-20221013/UBNA_001/20221012_030000.WAV,Telephone Field,recover-20221013,001,1795
1405.4745,1405.5159,68437,82614,Rhinolophus ferrumequinum,0.023,0.023,-1,Echolocation,/mnt/ubna_data_02_mir/recover-20221013/UBNA_001/20221012_030000.WAV,Telephone Field,recover-20221013,001,1795
1405.4955,1405.5359,68437,82466,Rhinolophus ferrumequinum,0.022,0.022,-1,Echolocation,/mnt/ubna_data_02_mir/recover-20221013/UBNA_001/20221012_030000.WAV,Telephone Field,recover-20221013,001,1795
1405.5105,1405.5477,68437,81730,Rhinolophus ferrumequinum,0.022,0.022,-1,Echolocation,/mnt/ubna_data_02_mir/recover-20221013/UBNA_001/20221012_030000.WAV,Telephone Field,recover-20221013,001,1795
1405.5295,1405.5647,68437,81566,Rhinolophus ferrumequinum,0.022,0.022,-1,Echolocation,/mnt/ubna_data_02_mir/recover-20221013/UBNA_001/20221012_030000.WAV,Telephone Field,recover-20221013,001,1795
1405.6385,1405.6497,32343,37411,Barbastellus barbastellus,0.008,0.028,-1,Echolocation,/mnt/ubna_data_02_mir/recover-20221013/UBNA_001/20221012_030000.WAV,Telephone Field,recover-20221013,001,1795
1405.6385,1405.6484,28046,35985,Eptesicus serotinus,0.011,0.027,-1,Echolocation,/mnt/ubna_data_02_mir/recover-20221013/UBNA_001/20221012_030000.WAV,Telephone Field,recover-20221013,001,1795
1405.7065,1405.744,68437,81585,Rhinolophus ferrumequinum,0.027,0.027,-1,Echolocation,/mnt/ubna_data_02_mir/recover-20221013/UBNA_001/20221012_030000.WAV,Telephone Field,recover-20221013,001,1795
1405.7345,1405.7752,68437,82613,Rhinolophus ferrumequinum,0.022,0.022,-1,Echolocation,/mnt/ubna_data_02_mir/recover-20221013/UBNA_001/20221012_030000.WAV,Telephone Field,recover-20221013,001,1795
1405.7705,1405.7875,20312,23323,Nyctalus leisleri,0.014,0.023,-1,Echolocation,/mnt/ubna_data_02_mir/recover-20221013/UBNA_001/20221012_030000.WAV,Telephone Field,recover-20221013,001,1795
1405.7845,1405.8242,68437,82366,Rhinolophus ferrumequinum,0.025,0.025,-1,Echolocation,/mnt/ubna_data_02_mir/recover-20221013/UBNA_001/20221012_030000.WAV,Telephone Field,recover-20221013,001,1795
1405.8395,1405.8793,68437,82633,Rhinolophus ferrumequinum,0.021,0.021,-1,Echolocation,/mnt/ubna_data_02_mir/recover-20221013/UBNA_001/20221012_030000.WAV,Telephone Field,recover-20221013,001,1795
1405.8465,1405.8859,68437,82173,Rhinolophus ferrumequinum,0.021,0.021,-1,Echolocation,/mnt/ubna_data_02_mir/recover-20221013/UBNA_001/20221012_030000.WAV,Telephone Field,recover-20221013,001,1795
1405.8665,1405.9047,68437,82258,Rhinolophus ferrumequinum,0.023,0.023,-1,Echolocation,/mnt/ubna_data_02_mir/recover-20221013/UBNA_001/20221012_030000.WAV,Telephone Field,recover-20221013,001,1795
1405.8745,1405.9165,68437,82722,Rhinolophus ferrumequinum,0.023,0.023,-1,Echolocation,/mnt/ubna_data_02_mir/recover-20221013/UBNA_001/20221012_030000.WAV,Telephone Field,recover-20221013,001,1795
1405.8815,1405.9218,68437,83151,Rhinolophus ferrumequinum,0.024,0.024,-1,Echolocation,/mnt/ubna_data_02_mir/recover-20221013/UBNA_001/20221012_030000.WAV,Telephone Field,recover-20221013,001,1795
1405.9115,1405.9187,26328,36750,Eptesicus serotinus,0.009,0.032,-1,Echolocation,/mnt/ubna_data_02_mir/recover-20221013/UBNA_001/20221012_030000.WAV,Telephone Field,recover-20221013,001,1795
1405.9355,1405.9711,68437,81430,Rhinolophus ferrumequinum,0.023,0.023,-1,Echolocation,/mnt/ubna_data_02_mir/recover-20221013/UBNA_001/20221012_030000.WAV,Telephone Field,recover-20221013,001,1795
1405.9385,1405.95,22031,25594,Nyctalus leisleri,0.013,0.021,-1,Echolocation,/mnt/ubna_data_02_mir/recover-20221013/UBNA_001/20221012_030000.WAV,Telephone Field,recover-20221013,001,1795
1405.9835,1405.9979,22031,26435,Nyctalus leisleri,0.024,0.043,-1,Echolocation,/mnt/ubna_data_02_mir/recover-20221013/UBNA_001/20221012_030000.WAV,Telephone Field,recover-20221013,001,1795
1406.0015,1406.0126,22890,27811,Nyctalus leisleri,0.015,0.031,-1,Echolocation,/mnt/ubna_data_02_mir/recover-20221013/UBNA_001/20221012_030000.WAV,Telephone Field,recover-20221013,001,1795
1406.0015,1406.0338,68437,79995,Rhinolophus ferrumequinum,0.021,0.022,-1,Echolocation,/mnt/ubna_data_02_mir/recover-20221013/UBNA_001/20221012_030000.WAV,Telephone Field,recover-20221013,001,1795
1406.0125,1406.0233,24609,30502,Nyctalus leisleri,0.014,0.031,-1,Echolocation,/mnt/ubna_data_02_mir/recover-20221013/UBNA_001/20221012_030000.WAV,Telephone Field,recover-20221013,001,1795
1406.0125,1406.0549,68437,82907,Rhinolophus ferrumequinum,0.022,0.022,-1,Echolocation,/mnt/ubna_data_02_mir/recover-20221013/UBNA_001/20221012_030000.WAV,Telephone Field,recover-20221013,001,1795
1406.0275,1406.0696,68437,82759,Rhinolophus ferrumequinum,0.022,0.023,-1,Echolocation,/mnt/ubna_data_02_mir/recover-20221013/UBNA_001/20221012_030000.WAV,Telephone Field,recover-20221013,001,1795
1406.0475,1406.0886,68437,82128,Rhinolophus ferrumequinum,0.021,0.021,-1,Echolocation,/mnt/ubna_data_02_mir/recover-20221013/UBNA_001/20221012_030000.WAV,Telephone Field,recover-20221013,001,1795
1406.0745,1406.1145,68437,82175,Rhinolophus ferrumequinum,0.024,0.024,-1,Echolocation,/mnt/ubna_data_02_mir/recover-20221013/UBNA_001/20221012_030000.WAV,Telephone Field,recover-20221013,001,1795
1406.0765,1406.0839,27187,37956,Eptesicus serotinus,0.006,0.022,-1,Echolocation,/mnt/ubna_data_02_mir/recover-20221013/UBNA_001/20221012_030000.WAV,Telephone Field,recover-20221013,001,1795
1406.1025,1406.1458,68437,83026,Rhinolophus ferrumequinum,0.04,0.04,-1,Echolocation,/mnt/ubna_data_02_mir/recover-20221013/UBNA_001/20221012_030000.WAV,Telephone Field,recover-20221013,001,1795
1406.1595,1406.2012,68437,82671,Rhinolophus ferrumequinum,0.027,0.027,-1,Echolocation,/mnt/ubna_data_02_mir/recover-20221013/UBNA_001/20221012_030000.WAV,Telephone Field,recover-20221013,001,1795
1406.1885,1406.2286,68437,82423,Rhinolophus ferrumequinum,0.022,0.022,-1,Echolocation,/mnt/ubna_data_02_mir/recover-20221013/UBNA_001/20221012_030000.WAV,Telephone Field,recover-20221013,001,1795
1406.1955,1406.2366,68437,82208,Rhinolophus ferrumequinum,0.021,0.021,-1,Echolocation,/mnt/ubna_data_02_mir/recover-20221013/UBNA_001/20221012_030000.WAV,Telephone Field,recover-20221013,001,1795
1406.2585,1406.2966,68437,82170,Rhinolophus ferrumequinum,0.022,0.022,-1,Echolocation,/mnt/ubna_data_02_mir/recover-20221013/UBNA_001/20221012_030000.WAV,Telephone Field,recover-20221013,001,1795
1406.2945,1406.3125,20312,22965,Nyctalus leisleri,0.014,0.022,-1,Echolocation,/mnt/ubna_data_02_mir/recover-20221013/UBNA_001/20221012_030000.WAV,Telephone Field,recover-20221013,001,1795
1406.3175,1406.3582,68437,82915,Rhinolophus ferrumequinum,0.034,0.034,-1,Echolocation,/mnt/ubna_data_02_mir/recover-20221013/UBNA_001/20221012_030000.WAV,Telephone Field,recover-20221013,001,1795
1406.3515,1406.3606,28906,37213,Eptesicus serotinus,0.008,0.022,-1,Echolocation,/mnt/ubna_data_02_mir/recover-20221013/UBNA_001/20221012_030000.WAV,Telephone Field,recover-20221013,001,1795
1406.3885,1406.3985,28906,36135,Eptesicus serotinus,0.009,0.022,-1,Echolocation,/mnt/ubna_data_02_mir/recover-20221013/UBNA_001/20221012_030000.WAV,Telephone Field,recover-20221013,001,1795
1406.4925,1406.5311,68437,82845,Rhinolophus ferrumequinum,0.022,0.022,-1,Echolocation,/mnt/ubna_data_02_mir/recover-20221013/UBNA_001/20221012_030000.WAV,Telephone Field,recover-20221013,001,1795
1406.5145,1406.5252,24609,30913,Nyctalus leisleri,0.009,0.023,-1,Echolocation,/mnt/ubna_data_02_mir/recover-20221013/UBNA_001/20221012_030000.WAV,Telephone Field,recover-20221013,001,1795
1406.5605,1406.6039,68437,83723,Rhinolophus ferrumequinum,0.04,0.04,-1,Echolocation,/mnt/ubna_data_02_mir/recover-20221013/UBNA_001/20221012_030000.WAV,Telephone Field,recover-20221013,001,1795
1406.5875,1406.6059,18593,21968,Nyctalus noctula,0.015,0.026,-1,Echolocation,/mnt/ubna_data_02_mir/recover-20221013/UBNA_001/20221012_030000.WAV,Telephone Field,recover-20221013,001,1795
1406.5955,1406.6356,68437,82545,Rhinolophus ferrumequinum,0.04,0.04,-1,Echolocation,/mnt/ubna_data_02_mir/recover-20221013/UBNA_001/20221012_030000.WAV,Telephone Field,recover-20221013,001,1795
1406.6545,1406.6939,68437,82630,Rhinolophus ferrumequinum,0.029,0.03,-1,Echolocation,/mnt/ubna_data_02_mir/recover-20221013/UBNA_001/20221012_030000.WAV,Telephone Field,recover-20221013,001,1795
1406.6665,1406.7029,68437,81782,Rhinolophus ferrumequinum,0.022,0.022,-1,Echolocation,/mnt/ubna_data_02_mir/recover-20221013/UBNA_001/20221012_030000.WAV,Telephone Field,recover-20221013,001,1795
1406.7125,1406.7479,68437,81451,Rhinolophus ferrumequinum,0.021,0.021,-1,Echolocation,/mnt/ubna_data_02_mir/recover-20221013/UBNA_001/20221012_030000.WAV,Telephone Field,recover-20221013,001,1795
1406.7325,1406.7431,22890,28124,Nyctalus leisleri,0.011,0.025,-1,Echolocation,/mnt/ubna_data_02_mir/recover-20221013/UBNA_001/20221012_030000.WAV,Telephone Field,recover-20221013,001,1795
1406.7325,1406.7723,68437,82296,Rhinolophus ferrumequinum,0.021,0.021,-1,Echolocation,/mnt/ubna_data_02_mir/recover-20221013/UBNA_001/20221012_030000.WAV,Telephone Field,recover-20221013,001,1795
1406.7455,1406.7545,46953,50735,Pipistrellus pipistrellus,0.021,0.022,-1,Echolocation,/mnt/ubna_data_02_mir/recover-20221013/UBNA_001/20221012_030000.WAV,Telephone Field,recover-20221013,001,1795
1406.7595,1406.7947,68437,80667,Rhinolophus ferrumequinum,0.022,0.022,-1,Echolocation,/mnt/ubna_data_02_mir/recover-20221013/UBNA_001/20221012_030000.WAV,Telephone Field,recover-20221013,001,1795
1406.7645,1406.7997,68437,80617,Rhinolophus ferrumequinum,0.021,0.022,-1,Echolocation,/mnt/ubna_data_02_mir/recover-20221013/UBNA_001/20221012_030000.WAV,Telephone Field,recover-20221013,001,1795
1406.8045,1406.8457,68437,83243,Rhinolophus ferrumequinum,0.038,0.038,-1,Echolocation,/mnt/ubna_data_02_mir/recover-20221013/UBNA_001/20221012_030000.WAV,Telephone Field,recover-20221013,001,1795
1406.8375,1406.8721,68437,81745,Rhinolophus ferrumequinum,0.022,0.023,-1,Echolocation,/mnt/ubna_data_02_mir/recover-20221013/UBNA_001/20221012_030000.WAV,Telephone Field,recover-20221013,001,1795
1406.8535,1406.8958,68437,82941,Rhinolophus ferrumequinum,0.026,0.026,-1,Echolocation,/mnt/ubna_data_02_mir/recover-20221013/UBNA_001/20221012_030000.WAV,Telephone Field,recover-20221013,001,1795
1406.8855,1406.8937,28046,40349,Eptesicus serotinus,0.008,0.021,-1,Echolocation,/mnt/ubna_data_02_mir/recover-20221013/UBNA_001/20221012_030000.WAV,Telephone Field,recover-20221013,001,1795
1406.9115,1406.955,68437,83070,Rhinolophus ferrumequinum,0.033,0.034,-1,Echolocation,/mnt/ubna_data_02_mir/recover-20221013/UBNA_001/20221012_030000.WAV,Telephone Field,recover-20221013,001,1795
1406.9285,1406.9398,22890,26828,Nyctalus leisleri,0.013,0.023,-1,Echolocation,/mnt/ubna_data_02_mir/recover-20221013/UBNA_001/20221012_030000.WAV,Telephone Field,recover-20221013,001,1795
1406.9455,1406.9822,68437,81196,Rhinolophus ferrumequinum,0.022,0.022,-1,Echolocation,/mnt/ubna_data_02_mir/recover-20221013/UBNA_001/20221012_030000.WAV,Telephone Field,recover-20221013,001,1795
1406.9745,1407.0129,68437,82579,Rhinolophus ferrumequinum,0.023,0.023,-1,Echolocation,/mnt/ubna_data_02_mir/recover-20221013/UBNA_001/20221012_030000.WAV,Telephone Field,recover-20221013,001,1795
1406.9975,1407.0374,68437,82524,Rhinolophus ferrumequinum,0.025,0.025,-1,Echolocation,/mnt/ubna_data_02_mir/recover-20221013/UBNA_001/20221012_030000.WAV,Telephone Field,recover-20221013,001,1795
1407.0105,1407.0197,28906,36881,Eptesicus serotinus,0.008,0.022,-1,Echolocation,/mnt/ubna_data_02_mir/recover-20221013/UBNA_001/20221012_030000.WAV,Telephone Field,recover-20221013,001,1795
1407.0125,1407.0317,16875,22051,Nyctalus noctula,0.018,0.024,-1,Echolocation,/mnt/ubna_data_02_mir/recover-20221013/UBNA_001/20221012_030000.WAV,Telephone Field,recover-20221013,001,1795
1407.0175,1407.0579,68437,82154,Rhinolophus ferrumequinum,0.022,0.022,-1,Echolocation,/mnt/ubna_data_02_mir/recover-20221013/UBNA_001/20221012_030000.WAV,Telephone Field,recover-20221013,001,1795
1407.0305,1407.0705,68437,82920,Rhinolophus ferrumequinum,0.022,0.022,-1,Echolocation,/mnt/ubna_data_02_mir/recover-20221013/UBNA_001/20221012_030000.WAV,Telephone Field,recover-20221013,001,1795
1407.0585,1407.1,68437,82987,Rhinolophus ferrumequinum,0.027,0.027,-1,Echolocation,/mnt/ubna_data_02_mir/recover-20221013/UBNA_001/20221012_030000.WAV,Telephone Field,recover-20221013,001,1795
1407.0935,1407.1018,28046,38905,Eptesicus serotinus,0.008,0.022,-1,Echolocation,/mnt/ubna_data_02_mir/recover-20221013/UBNA_001/20221012_030000.WAV,Telephone Field,recover-20221013,001,1795
1407.0945,1407.1336000000001,68437,82272,Rhinolophus ferrumequinum,0.021,0.021,-1,Echolocation,/mnt/ubna_data_02_mir/recover-20221013/UBNA_001/20221012_030000.WAV,Telephone Field,recover-20221013,001,1795
1407.1005,1407.1362,68437,81895,Rhinolophus ferrumequinum,0.021,0.021,-1,Echolocation,/mnt/ubna_data_02_mir/recover-20221013/UBNA_001/20221012_030000.WAV,Telephone Field,recover-20221013,001,1795
1407.1305,1407.1671,68437,81149,Rhinolophus ferrumequinum,0.023,0.023,-1,Echolocation,/mnt/ubna_data_02_mir/recover-20221013/UBNA_001/20221012_030000.WAV,Telephone Field,recover-20221013,001,1795
1407.1435,1407.1517,28046,38672,Eptesicus serotinus,0.007,0.022,-1,Echolocation,/mnt/ubna_data_02_mir/recover-20221013/UBNA_001/20221012_030000.WAV,Telephone Field,recover-20221013,001,1795
1407.1915,1407.2316,68437,82203,Rhinolophus ferrumequinum,0.026,0.026,-1,Echolocation,/mnt/ubna_data_02_mir/recover-20221013/UBNA_001/20221012_030000.WAV,Telephone Field,recover-20221013,001,1795
1407.2205,1407.2334,24609,29198,Nyctalus leisleri,0.014,0.028,-1,Echolocation,/mnt/ubna_data_02_mir/recover-20221013/UBNA_001/20221012_030000.WAV,Telephone Field,recover-20221013,001,1795
1407.2305,1407.2743,68437,83763,Rhinolophus ferrumequinum,0.032,0.032,-1,Echolocation,/mnt/ubna_data_02_mir/recover-20221013/UBNA_001/20221012_030000.WAV,Telephone Field,recover-20221013,001,1795
1407.2575,1407.266,37500,45407,Myotis daubentonii,0.006,0.023,-1,Echolocation,/mnt/ubna_data_02_mir/recover-20221013/UBNA_001/20221012_030000.WAV,Telephone Field,recover-20221013,001,1795
1407.2595,1407.2655,32343,45238,Myotis daubentonii,0.008,0.021,-1,Echolocation,/mnt/ubna_data_02_mir/recover-20221013/UBNA_001/20221012_030000.WAV,Telephone Field,recover-20221013,001,1795
1407.3185,1407.3304,23750,28658,Nyctalus leisleri,0.013,0.027,-1,Echolocation,/mnt/ubna_data_02_mir/recover-20221013/UBNA_001/20221012_030000.WAV,Telephone Field,recover-20221013,001,1795
1407.3205,1407.3289,48671,52626,Pipistrellus pipistrellus,0.019,0.021,-1,Echolocation,/mnt/ubna_data_02_mir/recover-20221013/UBNA_001/20221012_030000.WAV,Telephone Field,recover-20221013,001,1795
1407.3495,1407.3708,19453,22015,Nyctalus leisleri,0.022,0.039,-1,Echolocation,/mnt/ubna_data_02_mir/recover-20221013/UBNA_001/20221012_030000.WAV,Telephone Field,recover-20221013,001,1795
1407.3845,1407.4253,68437,82450,Rhinolophus ferrumequinum,0.021,0.021,-1,Echolocation,/mnt/ubna_data_02_mir/recover-20221013/UBNA_001/20221012_030000.WAV,Telephone Field,recover-20221013,001,1795
1407.3885,1407.3956,51250,57776,Pipistrellus pipistrellus,0.018,0.024,-1,Echolocation,/mnt/ubna_data_02_mir/recover-20221013/UBNA_001/20221012_030000.WAV,Telephone Field,recover-20221013,001,1795
1407.4035,1407.4411,68437,81697,Rhinolophus ferrumequinum,0.021,0.021,-1,Echolocation,/mnt/ubna_data_02_mir/recover-20221013/UBNA_001/20221012_030000.WAV,Telephone Field,recover-20221013,001,1795
1407.4355,1407.4767,68437,82955,Rhinolophus ferrumequinum,0.024,0.025,-1,Echolocation,/mnt/ubna_data_02_mir/recover-20221013/UBNA_001/20221012_030000.WAV,Telephone Field,recover-20221013,001,1795
1407.4355,1407.4452,28906,37100,Eptesicus serotinus,0.008,0.022,-1,Echolocation,/mnt/ubna_data_02_mir/recover-20221013/UBNA_001/20221012_030000.WAV,Telephone Field,recover-20221013,001,1795
1407.4615,1407.5017,68437,82597,Rhinolophus ferrumequinum,0.022,0.022,-1,Echolocation,/mnt/ubna_data_02_mir/recover-20221013/UBNA_001/20221012_030000.WAV,Telephone Field,recover-20221013,001,1795
1407.5035,1407.5419,68437,81596,Rhinolophus ferrumequinum,0.045,0.045,-1,Echolocation,/mnt/ubna_data_02_mir/recover-20221013/UBNA_001/20221012_030000.WAV,Telephone Field,recover-20221013,001,1795
1407.5255,1407.5389,27187,32512,Eptesicus serotinus,0.024,0.047,-1,Echolocation,/mnt/ubna_data_02_mir/recover-20221013/UBNA_001/20221012_030000.WAV,Telephone Field,recover-20221013,001,1795
1407.6435,1407.6538,27187,35388,Eptesicus serotinus,0.011,0.023,-1,Echolocation,/mnt/ubna_data_02_mir/recover-20221013/UBNA_001/20221012_030000.WAV,Telephone Field,recover-20221013,001,1795
1407.6455,1407.6826,68437,82333,Rhinolophus ferrumequinum,0.025,0.025,-1,Echolocation,/mnt/ubna_data_02_mir/recover-20221013/UBNA_001/20221012_030000.WAV,Telephone Field,recover-20221013,001,1795
1407.6675,1407.7064,68437,82423,Rhinolophus ferrumequinum,0.022,0.022,-1,Echolocation,/mnt/ubna_data_02_mir/recover-20221013/UBNA_001/20221012_030000.WAV,Telephone Field,recover-20221013,001,1795
1407.6705,1407.6815,22890,27725,Nyctalus leisleri,0.012,0.026,-1,Echolocation,/mnt/ubna_data_02_mir/recover-20221013/UBNA_001/20221012_030000.WAV,Telephone Field,recover-20221013,001,1795
1407.6935,1407.7036,28906,35478,Eptesicus serotinus,0.009,0.021,-1,Echolocation,/mnt/ubna_data_02_mir/recover-20221013/UBNA_001/20221012_030000.WAV,Telephone Field,recover-20221013,001,1795
1407.7275,1407.7674,68437,82933,Rhinolophus ferrumequinum,0.022,0.022,-1,Echolocation,/mnt/ubna_data_02_mir/recover-20221013/UBNA_001/20221012_030000.WAV,Telephone Field,recover-20221013,001,1795
1407.7515,1407.7912,68437,82411,Rhinolophus ferrumequinum,0.023,0.023,-1,Echolocation,/mnt/ubna_data_02_mir/recover-20221013/UBNA_001/20221012_030000.WAV,Telephone Field,recover-20221013,001,1795
1407.7755,1407.8144,68437,82554,Rhinolophus ferrumequinum,0.021,0.022,-1,Echolocation,/mnt/ubna_data_02_mir/recover-20221013/UBNA_001/20221012_030000.WAV,Telephone Field,recover-20221013,001,1795
1407.7845,1407.7929,28046,38251,Eptesicus serotinus,0.007,0.021,-1,Echolocation,/mnt/ubna_data_02_mir/recover-20221013/UBNA_001/20221012_030000.WAV,Telephone Field,recover-20221013,001,1795
1407.7905,1407.8312,68437,81806,Rhinolophus ferrumequinum,0.021,0.021,-1,Echolocation,/mnt/ubna_data_02_mir/recover-20221013/UBNA_001/20221012_030000.WAV,Telephone Field,recover-20221013,001,1795
1407.8005,1407.8093,23750,31617,Plecotus austriacus,0.008,0.027,-1,Echolocation,/mnt/ubna_data_02_mir/recover-20221013/UBNA_001/20221012_030000.WAV,Telephone Field,recover-20221013,001,1795
1407.8085,1407.8508,68437,82830,Rhinolophus ferrumequinum,0.023,0.023,-1,Echolocation,/mnt/ubna_data_02_mir/recover-20221013/UBNA_001/20221012_030000.WAV,Telephone Field,recover-20221013,001,1795
1407.8135,1407.8555,68437,82982,Rhinolophus ferrumequinum,0.023,0.023,-1,Echolocation,/mnt/ubna_data_02_mir/recover-20221013/UBNA_001/20221012_030000.WAV,Telephone Field,recover-20221013,001,1795
1407.8345,1407.8432,24609,33047,Eptesicus serotinus,0.007,0.021,-1,Echolocation,/mnt/ubna_data_02_mir/recover-20221013/UBNA_001/20221012_030000.WAV,Telephone Field,recover-20221013,001,1795
1407.8415,1407.8809,68437,82711,Rhinolophus ferrumequinum,0.027,0.027,-1,Echolocation,/mnt/ubna_data_02_mir/recover-20221013/UBNA_001/20221012_030000.WAV,Telephone Field,recover-20221013,001,1795
1407.8615,1407.8683,23750,32395,Plecotus austriacus,0.009,0.021,-1,Echolocation,/mnt/ubna_data_02_mir/recover-20221013/UBNA_001/20221012_030000.WAV,Telephone Field,recover-20221013,001,1795
1407.8705,1407.9078,68437,81650,Rhinolophus ferrumequinum,0.021,0.022,-1,Echolocation,/mnt/ubna_data_02_mir/recover-20221013/UBNA_001/20221012_030000.WAV,Telephone Field,recover-20221013,001,1795
1408.0015,1408.0102,22031,28812,Nyctalus leisleri,0.006,0.023,-1,Echolocation,/mnt/ubna_data_02_mir/recover-20221013/UBNA_001/20221012_030000.WAV,Telephone Field,recover-20221013,001,1795
1408.0015,1408.0363,68437,79910,Rhinolophus ferrumequinum,0.029,0.029,-1,Echolocation,/mnt/ubna_data_02_mir/recover-20221013/UBNA_001/20221012_030000.WAV,Telephone Field,recover-20221013,001,1795
1408.0255,1408.0665,68437,82352,Rhinolophus ferrumequinum,0.022,0.022,-1,Echolocation,/mnt/ubna_data_02_mir/recover-20221013/UBNA_001/20221012_030000.WAV,Telephone Field,recover-20221013,001,1795
1408.0565,1408.0949,68437,81448,Rhinolophus ferrumequinum,0.021,0.021,-1,Echolocation,/mnt/ubna_data_02_mir/recover-20221013/UBNA_001/20221012_030000.WAV,Telephone Field,recover-20221013,001,1795
1408.0645,1408.1069,68437,82667,Rhinolophus ferrumequinum,0.026,0.026,-1,Echolocation,/mnt/ubna_data_02_mir/recover-20221013/UBNA_001/20221012_030000.WAV,Telephone Field,recover-20221013,001,1795
1408.0745,1408.09,34062,39387,Eptesicus serotinus,0.006,0.022,-1,Echolocation,/mnt/ubna_data_02_mir/recover-20221013/UBNA_001/20221012_030000.WAV,Telephone Field,recover-20221013,001,1795
1408.1235,1408.1604,68437,82105,Rhinolophus ferrumequinum,0.036,0.036,-1,Echolocation,/mnt/ubna_data_02_mir/recover-20221013/UBNA_001/20221012_030000.WAV,Telephone Field,recover-20221013,001,1795
1408.1345,1408.1711,68437,81285,Rhinolophus ferrumequinum,0.021,0.021,-1,Echolocation,/mnt/ubna_data_02_mir/recover-20221013/UBNA_001/20221012_030000.WAV,Telephone Field,recover-20221013,001,1795
1408.1395,1408.1765,68437,81472,Rhinolophus ferrumequinum,0.021,0.021,-1,Echolocation,/mnt/ubna_data_02_mir/recover-20221013/UBNA_001/20221012_030000.WAV,Telephone Field,recover-20221013,001,1795
1408.1555,1408.164,28046,37168,Eptesicus serotinus,0.007,0.021,-1,Echolocation,/mnt/ubna_data_02_mir/recover-20221013/UBNA_001/20221012_030000.WAV,Telephone Field,recover-20221013,001,1795
1408.1805,1408.2182,68437,81812,Rhinolophus ferrumequinum,0.022,0.022,-1,Echolocation,/mnt/ubna_data_02_mir/recover-20221013/UBNA_001/20221012_030000.WAV,Telephone Field,recover-20221013,001,1795
1408.1905,1408.201,23750,29655,Nyctalus leisleri,0.013,0.03,-1,Echolocation,/mnt/ubna_data_02_mir/recover-20221013/UBNA_001/20221012_030000.WAV,Telephone Field,recover-20221013,001,1795
1408.2055,1408.2464,68437,82745,Rhinolophus ferrumequinum,0.032,0.032,-1,Echolocation,/mnt/ubna_data_02_mir/recover-20221013/UBNA_001/20221012_030000.WAV,Telephone Field,recover-20221013,001,1795
1408.2505,1408.2884,68437,81742,Rhinolophus ferrumequinum,0.02,0.02,-1,Echolocation,/mnt/ubna_data_02_mir/recover-20221013/UBNA_001/20221012_030000.WAV,Telephone Field,recover-20221013,001,1795
1408.2635,1408.2703,28046,39422,Eptesicus serotinus,0.006,0.021,-1,Echolocation,/mnt/ubna_data_02_mir/recover-20221013/UBNA_001/20221012_030000.WAV,Telephone Field,recover-20221013,001,1795
1408.2635,1408.3025,68437,82325,Rhinolophus ferrumequinum,0.021,0.021,-1,Echolocation,/mnt/ubna_data_02_mir/recover-20221013/UBNA_001/20221012_030000.WAV,Telephone Field,recover-20221013,001,1795
1408.2725,1408.3092,68437,81829,Rhinolophus ferrumequinum,0.021,0.021,-1,Echolocation,/mnt/ubna_data_02_mir/recover-20221013/UBNA_001/20221012_030000.WAV,Telephone Field,recover-20221013,001,1795
1408.2885,1408.2989,22031,26834,Nyctalus leisleri,0.009,0.02,-1,Echolocation,/mnt/ubna_data_02_mir/recover-20221013/UBNA_001/20221012_030000.WAV,Telephone Field,recover-20221013,001,1795
1408.2995,1408.3369,68437,81749,Rhinolophus ferrumequinum,0.023,0.023,-1,Echolocation,/mnt/ubna_data_02_mir/recover-20221013/UBNA_001/20221012_030000.WAV,Telephone Field,recover-20221013,001,1795
1408.3195,1408.3593,68437,82295,Rhinolophus ferrumequinum,0.029,0.029,-1,Echolocation,/mnt/ubna_data_02_mir/recover-20221013/UBNA_001/20221012_030000.WAV,Telephone Field,recover-20221013,001,1795
1408.3305,1408.3665,68437,81673,Rhinolophus ferrumequinum,0.023,0.023,-1,Echolocation,/mnt/ubna_data_02_mir/recover-20221013/UBNA_001/20221012_030000.WAV,Telephone Field,recover-20221013,001,1795
1408.3355,1408.3449,45234,48325,Pipistrellus pipistrellus,0.026,0.028,-1,Echolocation,/mnt/ubna_data_02_mir/recover-20221013/UBNA_001/20221012_030000.WAV,Telephone Field,recover-20221013,001,1795
1408.3395,1408.3793,68437,82057,Rhinolophus ferrumequinum,0.023,0.023,-1,Echolocation,/mnt/ubna_data_02_mir/recover-20221013/UBNA_001/20221012_030000.WAV,Telephone Field,recover-20221013,001,1795
1408.3475,1408.3871,68437,82215,Rhinolophus ferrumequinum,0.022,0.023,-1,Echolocation,/mnt/ubna_data_02_mir/recover-20221013/UBNA_001/20221012_030000.WAV,Telephone Field,recover-20221013,001,1795
1408.3535,1408.3946,68437,82666,Rhinolophus ferrumequinum,0.022,0.022,-1,Echolocation,/mnt/ubna_data_02_mir/recover-20221013/UBNA_001/20221012_030000.WAV,Telephone Field,recover-20221013,001,1795
1408.3585,1408.3647,28906,38600,Eptesicus serotinus,0.007,0.028,-1,Echolocation,/mnt/ubna_data_02_mir/recover-20221013/UBNA_001/20221012_030000.WAV,Telephone Field,recover-20221013,001,1795
1408.3905,1408.3966,52109,59123,Pipistrellus pipistrellus,0.026,0.034,-1,Echolocation,/mnt/ubna_data_02_mir/recover-20221013/UBNA_001/20221012_030000.WAV,Telephone Field,recover-20221013,001,1795
1408.4135,1408.4549,68437,82292,Rhinolophus ferrumequinum,0.023,0.023,-1,Echolocation,/mnt/ubna_data_02_mir/recover-20221013/UBNA_001/20221012_030000.WAV,Telephone Field,recover-20221013,001,1795
1408.4355,1408.4426,27187,41550,Eptesicus serotinus,0.006,0.021,-1,Echolocation,/mnt/ubna_data_02_mir/recover-20221013/UBNA_001/20221012_030000.WAV,Telephone Field,recover-20221013,001,1795
1408.4675,1408.5097,68437,82317,Rhinolophus ferrumequinum,0.028,0.028,-1,Echolocation,/mnt/ubna_data_02_mir/recover-20221013/UBNA_001/20221012_030000.WAV,Telephone Field,recover-20221013,001,1795
1408.4875,1408.527,68437,82305,Rhinolophus ferrumequinum,0.023,0.023,-1,Echolocation,/mnt/ubna_data_02_mir/recover-20221013/UBNA_001/20221012_030000.WAV,Telephone Field,recover-20221013,001,1795
1408.4945,1408.5309,68437,81674,Rhinolophus ferrumequinum,0.021,0.021,-1,Echolocation,/mnt/ubna_data_02_mir/recover-20221013/UBNA_001/20221012_030000.WAV,Telephone Field,recover-20221013,001,1795
1408.5115,1408.5499,68437,82199,Rhinolophus ferrumequinum,0.021,0.022,-1,Echolocation,/mnt/ubna_data_02_mir/recover-20221013/UBNA_001/20221012_030000.WAV,Telephone Field,recover-20221013,001,1795
1408.5125,1408.5227,22890,28443,Nyctalus leisleri,0.011,0.025,-1,Echolocation,/mnt/ubna_data_02_mir/recover-20221013/UBNA_001/20221012_030000.WAV,Telephone Field,recover-20221013,001,1795
1408.5475,1408.5892,68437,82632,Rhinolophus ferrumequinum,0.027,0.027,-1,Echolocation,/mnt/ubna_data_02_mir/recover-20221013/UBNA_001/20221012_030000.WAV,Telephone Field,recover-20221013,001,1795
1408.5525,1408.562,24609,31337,Nyctalus leisleri,0.008,0.023,-1,Echolocation,/mnt/ubna_data_02_mir/recover-20221013/UBNA_001/20221012_030000.WAV,Telephone Field,recover-20221013,001,1795
1408.5875,1408.6248,68437,81325,Rhinolophus ferrumequinum,0.021,0.021,-1,Echolocation,/mnt/ubna_data_02_mir/recover-20221013/UBNA_001/20221012_030000.WAV,Telephone Field,recover-20221013,001,1795
1408.6095,1408.6478,68437,81822,Rhinolophus ferrumequinum,0.021,0.021,-1,Echolocation,/mnt/ubna_data_02_mir/recover-20221013/UBNA_001/20221012_030000.WAV,Telephone Field,recover-20221013,001,1795
1408.6255,1408.6619,68437,81072,Rhinolophus ferrumequinum,0.021,0.021,-1,Echolocation,/mnt/ubna_data_02_mir/recover-20221013/UBNA_001/20221012_030000.WAV,Telephone Field,recover-20221013,001,1795
1408.6305,1408.6656,68437,80999,Rhinolophus ferrumequinum,0.02,0.02,-1,Echolocation,/mnt/ubna_data_02_mir/recover-20221013/UBNA_001/20221012_030000.WAV,Telephone Field,recover-20221013,001,1795
1408.6425,1408.678,68437,81579,Rhinolophus ferrumequinum,0.023,0.023,-1,Echolocation,/mnt/ubna_data_02_mir/recover-20221013/UBNA_001/20221012_030000.WAV,Telephone Field,recover-20221013,001,1795
1408.6515,1408.6624,23750,29132,Nyctalus leisleri,0.016,0.031,-1,Echolocation,/mnt/ubna_data_02_mir/recover-20221013/UBNA_001/20221012_030000.WAV,Telephone Field,recover-20221013,001,1795
1408.6545,1408.695,68437,82574,Rhinolophus ferrumequinum,0.021,0.021,-1,Echolocation,/mnt/ubna_data_02_mir/recover-20221013/UBNA_001/20221012_030000.WAV,Telephone Field,recover-20221013,001,1795
1408.6615,1408.7004,68437,81764,Rhinolophus ferrumequinum,0.021,0.021,-1,Echolocation,/mnt/ubna_data_02_mir/recover-20221013/UBNA_001/20221012_030000.WAV,Telephone Field,recover-20221013,001,1795
1408.6815,1408.7181,68437,81691,Rhinolophus ferrumequinum,0.021,0.022,-1,Echolocation,/mnt/ubna_data_02_mir/recover-20221013/UBNA_001/20221012_030000.WAV,Telephone Field,recover-20221013,001,1795
1408.7085,1408.7475,68437,81910,Rhinolophus ferrumequinum,0.022,0.022,-1,Echolocation,/mnt/ubna_data_02_mir/recover-20221013/UBNA_001/20221012_030000.WAV,Telephone Field,recover-20221013,001,1795
1408.7265,1408.735,25468,34292,Eptesicus serotinus,0.009,0.024,-1,Echolocation,/mnt/ubna_data_02_mir/recover-20221013/UBNA_001/20221012_030000.WAV,Telephone Field,recover-20221013,001,1795
1408.7395,1408.7827,68437,82883,Rhinolophus ferrumequinum,0.024,0.024,-1,Echolocation,/mnt/ubna_data_02_mir/recover-20221013/UBNA_001/20221012_030000.WAV,Telephone Field,recover-20221013,001,1795
1408.7735,1408.8121,68437,81760,Rhinolophus ferrumequinum,0.021,0.021,-1,Echolocation,/mnt/ubna_data_02_mir/recover-20221013/UBNA_001/20221012_030000.WAV,Telephone Field,recover-20221013,001,1795
1408.8335,1408.8444,22890,27765,Nyctalus leisleri,0.01,0.025,-1,Echolocation,/mnt/ubna_data_02_mir/recover-20221013/UBNA_001/20221012_030000.WAV,Telephone Field,recover-20221013,001,1795
1408.8415,1408.8787,68437,81812,Rhinolophus ferrumequinum,0.02,0.02,-1,Echolocation,/mnt/ubna_data_02_mir/recover-20221013/UBNA_001/20221012_030000.WAV,Telephone Field,recover-20221013,001,1795
1408.8695,1408.885,21171,24749,Nyctalus leisleri,0.013,0.022,-1,Echolocation,/mnt/ubna_data_02_mir/recover-20221013/UBNA_001/20221012_030000.WAV,Telephone Field,recover-20221013,001,1795
1408.8745,1408.9122,68437,81800,Rhinolophus ferrumequinum,0.023,0.023,-1,Echolocation,/mnt/ubna_data_02_mir/recover-20221013/UBNA_001/20221012_030000.WAV,Telephone Field,recover-20221013,001,1795
1408.8825,1408.8911,28046,40974,Eptesicus serotinus,0.007,0.02,-1,Echolocation,/mnt/ubna_data_02_mir/recover-20221013/UBNA_001/20221012_030000.WAV,Telephone Field,recover-20221013,001,1795
1408.8945,1408.9328,68437,82354,Rhinolophus ferrumequinum,0.028,0.028,-1,Echolocation,/mnt/ubna_data_02_mir/recover-20221013/UBNA_001/20221012_030000.WAV,Telephone Field,recover-20221013,001,1795
1408.9075,1408.9438,68437,80900,Rhinolophus ferrumequinum,0.021,0.021,-1,Echolocation,/mnt/ubna_data_02_mir/recover-20221013/UBNA_001/20221012_030000.WAV,Telephone Field,recover-20221013,001,1795
1408.9155,1408.9542,68437,82124,Rhinolophus ferrumequinum,0.022,0.022,-1,Echolocation,/mnt/ubna_data_02_mir/recover-20221013/UBNA_001/20221012_030000.WAV,Telephone Field,recover-20221013,001,1795
1409.0195,1409.0276,28046,38415,Eptesicus serotinus,0.007,0.021,-1,Echolocation,/mnt/ubna_data_02_mir/recover-20221013/UBNA_001/20221012_030000.WAV,Telephone Field,recover-20221013,001,1795
1409.0325,1409.0406,26328,34982,Eptesicus serotinus,0.008,0.025,-1,Echolocation,/mnt/ubna_data_02_mir/recover-20221013/UBNA_001/20221012_030000.WAV,Telephone Field,recover-20221013,001,1795
1409.0325,1409.0692,68437,81154,Rhinolophus ferrumequinum,0.021,0.021,-1,Echolocation,/mnt/ubna_data_02_mir/recover-20221013/UBNA_001/20221012_030000.WAV,Telephone Field,recover-20221013,001,1795
1409.0765,1409.1142,68437,82419,Rhinolophus ferrumequinum,0.021,0.021,-1,Echolocation,/mnt/ubna_data_02_mir/recover-20221013/UBNA_001/20221012_030000.WAV,Telephone Field,recover-20221013,001,1795
1409.1145,1409.1526,68437,81785,Rhinolophus ferrumequinum,0.024,0.025,-1,Echolocation,/mnt/ubna_data_02_mir/recover-20221013/UBNA_001/20221012_030000.WAV,Telephone Field,recover-20221013,001,1795
1409.1325,1409.1728,68437,82653,Rhinolophus ferrumequinum,0.029,0.03,-1,Echolocation,/mnt/ubna_data_02_mir/recover-20221013/UBNA_001/20221012_030000.WAV,Telephone Field,recover-20221013,001,1795
1409.1645,1409.2028,68437,82316,Rhinolophus ferrumequinum,0.024,0.024,-1,Echolocation,/mnt/ubna_data_02_mir/recover-20221013/UBNA_001/20221012_030000.WAV,Telephone Field,recover-20221013,001,1795
1409.2245,1409.2597,68437,81208,Rhinolophus ferrumequinum,0.029,0.029,-1,Echolocation,/mnt/ubna_data_02_mir/recover-20221013/UBNA_001/20221012_030000.WAV,Telephone Field,recover-20221013,001,1795
1409.2265,1409.238,23750,28508,Nyctalus leisleri,0.01,0.021,-1,Echolocation,/mnt/ubna_data_02_mir/recover-20221013/UBNA_001/20221012_030000.WAV,Telephone Field,recover-20221013,001,1795
1409.2415,1409.2807,68437,81940,Rhinolophus ferrumequinum,0.021,0.021,-1,Echolocation,/mnt/ubna_data_02_mir/recover-20221013/UBNA_001/20221012_030000.WAV,Telephone Field,recover-20221013,001,1795
1409.2635,1409.3016,68437,82022,Rhinolophus ferrumequinum,0.021,0.021,-1,Echolocation,/mnt/ubna_data_02_mir/recover-20221013/UBNA_001/20221012_030000.WAV,Telephone Field,recover-20221013,001,1795
1409.3035,1409.3416,68437,81779,Rhinolophus ferrumequinum,0.021,0.021,-1,Echolocation,/mnt/ubna_data_02_mir/recover-20221013/UBNA_001/20221012_030000.WAV,Telephone Field,recover-20221013,001,1795
1409.3195,1409.3578,68437,81605,Rhinolophus ferrumequinum,0.021,0.021,-1,Echolocation,/mnt/ubna_data_02_mir/recover-20221013/UBNA_001/20221012_030000.WAV,Telephone Field,recover-20221013,001,1795
1409.3265,1409.3648,68437,81967,Rhinolophus ferrumequinum,0.021,0.021,-1,Echolocation,/mnt/ubna_data_02_mir/recover-20221013/UBNA_001/20221012_030000.WAV,Telephone Field,recover-20221013,001,1795
1409.3405,1409.3803,68437,82377,Rhinolophus ferrumequinum,0.024,0.024,-1,Echolocation,/mnt/ubna_data_02_mir/recover-20221013/UBNA_001/20221012_030000.WAV,Telephone Field,recover-20221013,001,1795
1409.3645,1409.4037,68437,81754,Rhinolophus ferrumequinum,0.022,0.022,-1,Echolocation,/mnt/ubna_data_02_mir/recover-20221013/UBNA_001/20221012_030000.WAV,Telephone Field,recover-20221013,001,1795
1409.4245,1409.4611,68437,81723,Rhinolophus ferrumequinum,0.022,0.022,-1,Echolocation,/mnt/ubna_data_02_mir/recover-20221013/UBNA_001/20221012_030000.WAV,Telephone Field,recover-20221013,001,1795
1409.4605,1409.5008,68437,82609,Rhinolophus ferrumequinum,0.023,0.023,-1,Echolocation,/mnt/ubna_data_02_mir/recover-20221013/UBNA_001/20221012_030000.WAV,Telephone Field,recover-20221013,001,1795
1409.4615,1409.4691,28046,39519,Eptesicus serotinus,0.007,0.021,-1,Echolocation,/mnt/ubna_data_02_mir/recover-20221013/UBNA_001/20221012_030000.WAV,Telephone Field,recover-20221013,001,1795
1409.4825,1409.5207,68437,81685,Rhinolophus ferrumequinum,0.023,0.023,-1,Echolocation,/mnt/ubna_data_02_mir/recover-20221013/UBNA_001/20221012_030000.WAV,Telephone Field,recover-20221013,001,1795
1409.5715,1409.6136,68437,82458,Rhinolophus ferrumequinum,0.026,0.026,-1,Echolocation,/mnt/ubna_data_02_mir/recover-20221013/UBNA_001/20221012_030000.WAV,Telephone Field,recover-20221013,001,1795
1409.5905,1409.6279,68437,81924,Rhinolophus ferrumequinum,0.022,0.023,-1,Echolocation,/mnt/ubna_data_02_mir/recover-20221013/UBNA_001/20221012_030000.WAV,Telephone Field,recover-20221013,001,1795
1409.6335,1409.6402,28906,39512,Eptesicus serotinus,0.008,0.028,-1,Echolocation,/mnt/ubna_data_02_mir/recover-20221013/UBNA_001/20221012_030000.WAV,Telephone Field,recover-20221013,001,1795
1409.6965,1409.734,68437,81388,Rhinolophus ferrumequinum,0.021,0.021,-1,Echolocation,/mnt/ubna_data_02_mir/recover-20221013/UBNA_001/20221012_030000.WAV,Telephone Field,recover-20221013,001,1795
1409.7495,1409.7892,68437,82198,Rhinolophus ferrumequinum,0.022,0.023,-1,Echolocation,/mnt/ubna_data_02_mir/recover-20221013/UBNA_001/20221012_030000.WAV,Telephone Field,recover-20221013,001,1795
1409.7715,1409.8092,68437,82067,Rhinolophus ferrumequinum,0.022,0.022,-1,Echolocation,/mnt/ubna_data_02_mir/recover-20221013/UBNA_001/20221012_030000.WAV,Telephone Field,recover-20221013,001,1795
1409.8095,1409.8483,68437,81671,Rhinolophus ferrumequinum,0.022,0.022,-1,Echolocation,/mnt/ubna_data_02_mir/recover-20221013/UBNA_001/20221012_030000.WAV,Telephone Field,recover-20221013,001,1795
1409.8315,1409.8681,68437,81226,Rhinolophus ferrumequinum,0.024,0.024,-1,Echolocation,/mnt/ubna_data_02_mir/recover-20221013/UBNA_001/20221012_030000.WAV,Telephone Field,recover-20221013,001,1795
1409.8405,1409.8594,20312,23203,Nyctalus leisleri,0.014,0.024,-1,Echolocation,/mnt/ubna_data_02_mir/recover-20221013/UBNA_001/20221012_030000.WAV,Telephone Field,recover-20221013,001,1795
1409.8545,1409.8758,21171,23778,Nyctalus leisleri,0.036,0.063,-1,Echolocation,/mnt/ubna_data_02_mir/recover-20221013/UBNA_001/20221012_030000.WAV,Telephone Field,recover-20221013,001,1795
1409.8585,1409.8978,68437,82122,Rhinolophus ferrumequinum,0.02,0.02,-1,Echolocation,/mnt/ubna_data_02_mir/recover-20221013/UBNA_001/20221012_030000.WAV,Telephone Field,recover-20221013,001,1795
1409.8815,1409.8934,22890,27143,Nyctalus leisleri,0.013,0.023,-1,Echolocation,/mnt/ubna_data_02_mir/recover-20221013/UBNA_001/20221012_030000.WAV,Telephone Field,recover-20221013,001,1795
1409.9025,1409.9437,68437,82879,Rhinolophus ferrumequinum,0.027,0.027,-1,Echolocation,/mnt/ubna_data_02_mir/recover-20221013/UBNA_001/20221012_030000.WAV,Telephone Field,recover-20221013,001,1795
1409.9375,1409.9487,22031,26021,Nyctalus leisleri,0.011,0.021,-1,Echolocation,/mnt/ubna_data_02_mir/recover-20221013/UBNA_001/20221012_030000.WAV,Telephone Field,recover-20221013,001,1795
1409.9435,1409.9821,68437,81667,Rhinolophus ferrumequinum,0.025,0.025,-1,Echolocation,/mnt/ubna_data_02_mir/recover-20221013/UBNA_001/20221012_030000.WAV,Telephone Field,recover-20221013,001,1795
1409.9865,1409.9948,24609,36910,Eptesicus serotinus,0.007,0.021,-1,Echolocation,/mnt/ubna_data_02_mir/recover-20221013/UBNA_001/20221012_030000.WAV,Telephone Field,recover-20221013,001,1795
1410.0015,1410.0105,22890,30205,Nyctalus leisleri,0.009,0.026,-1,Echolocation,/mnt/ubna_data_02_mir/recover-20221013/UBNA_001/20221012_030000.WAV,Telephone Field,recover-20221013,001,1795
1410.0015,1410.0383,68437,79979,Rhinolophus ferrumequinum,0.035,0.035,-1,Echolocation,/mnt/ubna_data_02_mir/recover-20221013/UBNA_001/20221012_030000.WAV,Telephone Field,recover-20221013,001,1795
1410.0025,1410.0151,55546,61831,Pipistrellus pygmaeus,0.023,0.024,-1,Echolocation,/mnt/ubna_data_02_mir/recover-20221013/UBNA_001/20221012_030000.WAV,Telephone Field,recover-20221013,001,1795
1410.0085,1410.0539,68437,83016,Rhinolophus ferrumequinum,0.022,0.022,-1,Echolocation,/mnt/ubna_data_02_mir/recover-20221013/UBNA_001/20221012_030000.WAV,Telephone Field,recover-20221013,001,1795
1410.0245,1410.0332,26328,33590,Eptesicus serotinus,0.042,0.078,-1,Echolocation,/mnt/ubna_data_02_mir/recover-20221013/UBNA_001/20221012_030000.WAV,Telephone Field,recover-20221013,001,1795
1410.0295,1410.0711,68437,82725,Rhinolophus ferrumequinum,0.025,0.025,-1,Echolocation,/mnt/ubna_data_02_mir/recover-20221013/UBNA_001/20221012_030000.WAV,Telephone Field,recover-20221013,001,1795
1410.0385,1410.0819,68437,83138,Rhinolophus ferrumequinum,0.029,0.029,-1,Echolocation,/mnt/ubna_data_02_mir/recover-20221013/UBNA_001/20221012_030000.WAV,Telephone Field,recover-20221013,001,1795
1410.0645,1410.1077,68437,83539,Rhinolophus ferrumequinum,0.028,0.028,-1,Echolocation,/mnt/ubna_data_02_mir/recover-20221013/UBNA_001/20221012_030000.WAV,Telephone Field,recover-20221013,001,1795
1410.0875,1410.1244,68437,81505,Rhinolophus ferrumequinum,0.022,0.022,-1,Echolocation,/mnt/ubna_data_02_mir/recover-20221013/UBNA_001/20221012_030000.WAV,Telephone Field,recover-20221013,001,1795
1410.0995,1410.137,68437,81813,Rhinolophus ferrumequinum,0.023,0.023,-1,Echolocation,/mnt/ubna_data_02_mir/recover-20221013/UBNA_001/20221012_030000.WAV,Telephone Field,recover-20221013,001,1795
1410.1065,1410.115,27187,39866,Eptesicus serotinus,0.008,0.023,-1,Echolocation,/mnt/ubna_data_02_mir/recover-20221013/UBNA_001/20221012_030000.WAV,Telephone Field,recover-20221013,001,1795
1410.1275,1410.167,68437,82766,Rhinolophus ferrumequinum,0.023,0.023,-1,Echolocation,/mnt/ubna_data_02_mir/recover-20221013/UBNA_001/20221012_030000.WAV,Telephone Field,recover-20221013,001,1795
1410.1595,1410.2007,68437,82790,Rhinolophus ferrumequinum,0.044,0.044,-1,Echolocation,/mnt/ubna_data_02_mir/recover-20221013/UBNA_001/20221012_030000.WAV,Telephone Field,recover-20221013,001,1795
1410.1635,1410.1744,27187,34307,Eptesicus serotinus,0.012,0.025,-1,Echolocation,/mnt/ubna_data_02_mir/recover-20221013/UBNA_001/20221012_030000.WAV,Telephone Field,recover-20221013,001,1795
1410.1715,1410.1807,27187,36295,Eptesicus serotinus,0.009,0.022,-1,Echolocation,/mnt/ubna_data_02_mir/recover-20221013/UBNA_001/20221012_030000.WAV,Telephone Field,recover-20221013,001,1795
1410.1805,1410.2207,68437,81803,Rhinolophus ferrumequinum,0.024,0.024,-1,Echolocation,/mnt/ubna_data_02_mir/recover-20221013/UBNA_001/20221012_030000.WAV,Telephone Field,recover-20221013,001,1795
1410.1875,1410.1975,29765,37077,Eptesicus serotinus,0.01,0.026,-1,Echolocation,/mnt/ubna_data_02_mir/recover-20221013/UBNA_001/20221012_030000.WAV,Telephone Field,recover-20221013,001,1795
1410.1895,1410.2285,68437,82260,Rhinolophus ferrumequinum,0.027,0.027,-1,Echolocation,/mnt/ubna_data_02_mir/recover-20221013/UBNA_001/20221012_030000.WAV,Telephone Field,recover-20221013,001,1795
1410.1995,1410.2081,36640,46131,Pipistrellus nathusii,0.009,0.028,-1,Echolocation,/mnt/ubna_data_02_mir/recover-20221013/UBNA_001/20221012_030000.WAV,Telephone Field,recover-20221013,001,1795
1410.2115,1410.2523,68437,82949,Rhinolophus ferrumequinum,0.027,0.027,-1,Echolocation,/mnt/ubna_data_02_mir/recover-20221013/UBNA_001/20221012_030000.WAV,Telephone Field,recover-20221013,001,1795
1410.2225,1410.2292,47812,55632,Pipistrellus pipistrellus,0.022,0.024,-1,Echolocation,/mnt/ubna_data_02_mir/recover-20221013/UBNA_001/20221012_030000.WAV,Telephone Field,recover-20221013,001,1795
1410.2695,1410.3085,68437,82440,Rhinolophus ferrumequinum,0.029,0.029,-1,Echolocation,/mnt/ubna_data_02_mir/recover-20221013/UBNA_001/20221012_030000.WAV,Telephone Field,recover-20221013,001,1795
1410.2775,1410.3189,68437,82746,Rhinolophus ferrumequinum,0.036,0.036,-1,Echolocation,/mnt/ubna_data_02_mir/recover-20221013/UBNA_001/20221012_030000.WAV,Telephone Field,recover-20221013,001,1795
1410.2845,1410.3274,68437,83217,Rhinolophus ferrumequinum,0.033,0.033,-1,Echolocation,/mnt/ubna_data_02_mir/recover-20221013/UBNA_001/20221012_030000.WAV,Telephone Field,recover-20221013,001,1795
1410.3505,1410.3893,68437,81809,Rhinolophus ferrumequinum,0.022,0.023,-1,Echolocation,/mnt/ubna_data_02_mir/recover-20221013/UBNA_001/20221012_030000.WAV,Telephone Field,recover-20221013,001,1795
1410.3885,1410.4253,68437,82040,Rhinolophus ferrumequinum,0.022,0.022,-1,Echolocation,/mnt/ubna_data_02_mir/recover-20221013/UBNA_001/20221012_030000.WAV,Telephone Field,recover-20221013,001,1795
1410.4245,1410.4629,68437,82187,Rhinolophus ferrumequinum,0.022,0.022,-1,Echolocation,/mnt/ubna_data_02_mir/recover-20221013/UBNA_001/20221012_030000.WAV,Telephone Field,recover-20221013,001,1795
1410.4515,1410.4923,68437,82477,Rhinolophus ferrumequinum,0.028,0.028,-1,Echolocation,/mnt/ubna_data_02_mir/recover-20221013/UBNA_001/20221012_030000.WAV,Telephone Field,recover-20221013,001,1795
1410.4705,1410.5092,68437,82686,Rhinolophus ferrumequinum,0.023,0.023,-1,Echolocation,/mnt/ubna_data_02_mir/recover-20221013/UBNA_001/20221012_030000.WAV,Telephone Field,recover-20221013,001,1795
1410.4905,1410.5258,68437,81227,Rhinolophus ferrumequinum,0.026,0.026,-1,Echolocation,/mnt/ubna_data_02_mir/recover-20221013/UBNA_001/20221012_030000.WAV,Telephone Field,recover-20221013,001,1795
1410.5095,1410.5497,68437,82413,Rhinolophus ferrumequinum,0.037,0.037,-1,Echolocation,/mnt/ubna_data_02_mir/recover-20221013/UBNA_001/20221012_030000.WAV,Telephone Field,recover-20221013,001,1795
1410.5245,1410.5346,54687,58873,Pipistrellus pygmaeus,0.028,0.029,-1,Echolocation,/mnt/ubna_data_02_mir/recover-20221013/UBNA_001/20221012_030000.WAV,Telephone Field,recover-20221013,001,1795
1410.5375,1410.5765,68437,82163,Rhinolophus ferrumequinum,0.023,0.023,-1,Echolocation,/mnt/ubna_data_02_mir/recover-20221013/UBNA_001/20221012_030000.WAV,Telephone Field,recover-20221013,001,1795
1410.5785,1410.6157,68437,82284,Rhinolophus ferrumequinum,0.022,0.022,-1,Echolocation,/mnt/ubna_data_02_mir/recover-20221013/UBNA_001/20221012_030000.WAV,Telephone Field,recover-20221013,001,1795
1410.6015,1410.6189,19453,23575,Nyctalus noctula,0.013,0.026,-1,Echolocation,/mnt/ubna_data_02_mir/recover-20221013/UBNA_001/20221012_030000.WAV,Telephone Field,recover-20221013,001,1795
1410.6255,1410.6648,68437,81883,Rhinolophus ferrumequinum,0.025,0.025,-1,Echolocation,/mnt/ubna_data_02_mir/recover-20221013/UBNA_001/20221012_030000.WAV,Telephone Field,recover-20221013,001,1795
1410.6425,1410.6795,68437,82355,Rhinolophus ferrumequinum,0.022,0.022,-1,Echolocation,/mnt/ubna_data_02_mir/recover-20221013/UBNA_001/20221012_030000.WAV,Telephone Field,recover-20221013,001,1795
1410.6655,1410.7057,68437,82532,Rhinolophus ferrumequinum,0.033,0.033,-1,Echolocation,/mnt/ubna_data_02_mir/recover-20221013/UBNA_001/20221012_030000.WAV,Telephone Field,recover-20221013,001,1795
1410.6755,1410.6841,28906,38029,Eptesicus serotinus,0.01,0.025,-1,Echolocation,/mnt/ubna_data_02_mir/recover-20221013/UBNA_001/20221012_030000.WAV,Telephone Field,recover-20221013,001,1795
1410.7105,1410.7491,68437,82286,Rhinolophus ferrumequinum,0.037,0.037,-1,Echolocation,/mnt/ubna_data_02_mir/recover-20221013/UBNA_001/20221012_030000.WAV,Telephone Field,recover-20221013,001,1795
1410.7155,1410.7262,22890,27514,Nyctalus leisleri,0.011,0.023,-1,Echolocation,/mnt/ubna_data_02_mir/recover-20221013/UBNA_001/20221012_030000.WAV,Telephone Field,recover-20221013,001,1795
1410.7435,1410.7811,68437,82269,Rhinolophus ferrumequinum,0.024,0.024,-1,Echolocation,/mnt/ubna_data_02_mir/recover-20221013/UBNA_001/20221012_030000.WAV,Telephone Field,recover-20221013,001,1795
1410.7735,1410.8176,68437,83148,Rhinolophus ferrumequinum,0.034,0.034,-1,Echolocation,/mnt/ubna_data_02_mir/recover-20221013/UBNA_001/20221012_030000.WAV,Telephone Field,recover-20221013,001,1795
1410.8055,1410.8153,28906,36437,Eptesicus serotinus,0.012,0.026,-1,Echolocation,/mnt/ubna_data_02_mir/recover-20221013/UBNA_001/20221012_030000.WAV,Telephone Field,recover-20221013,001,1795
1410.8405,1410.8782,68437,81632,Rhinolophus ferrumequinum,0.022,0.022,-1,Echolocation,/mnt/ubna_data_02_mir/recover-20221013/UBNA_001/20221012_030000.WAV,Telephone Field,recover-20221013,001,1795
1410.8875,1410.8971,28906,37308,Eptesicus serotinus,0.008,0.024,-1,Echolocation,/mnt/ubna_data_02_mir/recover-20221013/UBNA_001/20221012_030000.WAV,Telephone Field,recover-20221013,001,1795
1410.9115,1410.9503,68437,81955,Rhinolophus ferrumequinum,0.023,0.024,-1,Echolocation,/mnt/ubna_data_02_mir/recover-20221013/UBNA_001/20221012_030000.WAV,Telephone Field,recover-20221013,001,1795
1410.9435,1410.9512,27187,39354,Eptesicus serotinus,0.008,0.023,-1,Echolocation,/mnt/ubna_data_02_mir/recover-20221013/UBNA_001/20221012_030000.WAV,Telephone Field,recover-20221013,001,1795
1410.9675,1411.0099,68437,82802,Rhinolophus ferrumequinum,0.024,0.024,-1,Echolocation,/mnt/ubna_data_02_mir/recover-20221013/UBNA_001/20221012_030000.WAV,Telephone Field,recover-20221013,001,1795
1410.9895,1410.9972,28046,41553,Eptesicus serotinus,0.008,0.024,-1,Echolocation,/mnt/ubna_data_02_mir/recover-20221013/UBNA_001/20221012_030000.WAV,Telephone Field,recover-20221013,001,1795
1411.0445,1411.056,22890,27370,Nyctalus leisleri,0.012,0.023,-1,Echolocation,/mnt/ubna_data_02_mir/recover-20221013/UBNA_001/20221012_030000.WAV,Telephone Field,recover-20221013,001,1795
1411.0535,1411.0883,68437,80773,Rhinolophus ferrumequinum,0.026,0.026,-1,Echolocation,/mnt/ubna_data_02_mir/recover-20221013/UBNA_001/20221012_030000.WAV,Telephone Field,recover-20221013,001,1795
1411.0955,1411.1356,68437,82513,Rhinolophus ferrumequinum,0.031,0.031,-1,Echolocation,/mnt/ubna_data_02_mir/recover-20221013/UBNA_001/20221012_030000.WAV,Telephone Field,recover-20221013,001,1795
1411.1275,1411.1674,68437,82623,Rhinolophus ferrumequinum,0.022,0.022,-1,Echolocation,/mnt/ubna_data_02_mir/recover-20221013/UBNA_001/20221012_030000.WAV,Telephone Field,recover-20221013,001,1795
1411.1495,1411.192,68437,82838,Rhinolophus ferrumequinum,0.03,0.03,-1,Echolocation,/mnt/ubna_data_02_mir/recover-20221013/UBNA_001/20221012_030000.WAV,Telephone Field,recover-20221013,001,1795
1411.1655,1411.1752,28906,37848,Eptesicus serotinus,0.01,0.024,-1,Echolocation,/mnt/ubna_data_02_mir/recover-20221013/UBNA_001/20221012_030000.WAV,Telephone Field,recover-20221013,001,1795
1411.2005,1411.24,68437,82387,Rhinolophus ferrumequinum,0.025,0.025,-1,Echolocation,/mnt/ubna_data_02_mir/recover-20221013/UBNA_001/20221012_030000.WAV,Telephone Field,recover-20221013,001,1795
1411.2085,1411.2501,68437,82685,Rhinolophus ferrumequinum,0.026,0.026,-1,Echolocation,/mnt/ubna_data_02_mir/recover-20221013/UBNA_001/20221012_030000.WAV,Telephone Field,recover-20221013,001,1795
1411.2205,1411.261,68437,82695,Rhinolophus ferrumequinum,0.023,0.023,-1,Echolocation,/mnt/ubna_data_02_mir/recover-20221013/UBNA_001/20221012_030000.WAV,Telephone Field,recover-20221013,001,1795
1411.2235,1411.2331,24609,31939,Eptesicus serotinus,0.008,0.023,-1,Echolocation,/mnt/ubna_data_02_mir/recover-20221013/UBNA_001/20221012_030000.WAV,Telephone Field,recover-20221013,001,1795
1411.2625,1411.2998,68437,81864,Rhinolophus ferrumequinum,0.03,0.03,-1,Echolocation,/mnt/ubna_data_02_mir/recover-20221013/UBNA_001/20221012_030000.WAV,Telephone Field,recover-20221013,001,1795
1411.3005,1411.3099,14296,21944,Nyctalus noctula,0.041,0.087,-1,Echolocation,/mnt/ubna_data_02_mir/recover-20221013/UBNA_001/20221012_030000.WAV,Telephone Field,recover-20221013,001,1795
1411.3205,1411.329,52109,56918,Pipistrellus pipistrellus,0.022,0.03,-1,Echolocation,/mnt/ubna_data_02_mir/recover-20221013/UBNA_001/20221012_030000.WAV,Telephone Field,recover-20221013,001,1795
1411.3245,1411.3659,68437,82819,Rhinolophus ferrumequinum,0.028,0.028,-1,Echolocation,/mnt/ubna_data_02_mir/recover-20221013/UBNA_001/20221012_030000.WAV,Telephone Field,recover-20221013,001,1795
1411.3705,1411.4063,68437,81750,Rhinolophus ferrumequinum,0.027,0.027,-1,Echolocation,/mnt/ubna_data_02_mir/recover-20221013/UBNA_001/20221012_030000.WAV,Telephone Field,recover-20221013,001,1795
1411.3845,1411.3924,41796,52576,Pipistrellus nathusii,0.005,0.026,-1,Echolocation,/mnt/ubna_data_02_mir/recover-20221013/UBNA_001/20221012_030000.WAV,Telephone Field,recover-20221013,001,1795
1411.4265,1411.4629,68437,81854,Rhinolophus ferrumequinum,0.022,0.022,-1,Echolocation,/mnt/ubna_data_02_mir/recover-20221013/UBNA_001/20221012_030000.WAV,Telephone Field,recover-20221013,001,1795
1411.4415,1411.4798,68437,81715,Rhinolophus ferrumequinum,0.022,0.022,-1,Echolocation,/mnt/ubna_data_02_mir/recover-20221013/UBNA_001/20221012_030000.WAV,Telephone Field,recover-20221013,001,1795
1411.4635,1411.5009,68437,81631,Rhinolophus ferrumequinum,0.027,0.027,-1,Echolocation,/mnt/ubna_data_02_mir/recover-20221013/UBNA_001/20221012_030000.WAV,Telephone Field,recover-20221013,001,1795
1411.4745,1411.4848,28046,34702,Eptesicus serotinus,0.013,0.027,-1,Echolocation,/mnt/ubna_data_02_mir/recover-20221013/UBNA_001/20221012_030000.WAV,Telephone Field,recover-20221013,001,1795
1411.5015,1411.511,28046,37494,Eptesicus serotinus,0.009,0.023,-1,Echolocation,/mnt/ubna_data_02_mir/recover-20221013/UBNA_001/20221012_030000.WAV,Telephone Field,recover-20221013,001,1795
1411.5335,1411.549,22031,25174,Nyctalus leisleri,0.02,0.032,-1,Echolocation,/mnt/ubna_data_02_mir/recover-20221013/UBNA_001/20221012_030000.WAV,Telephone Field,recover-20221013,001,1795
1411.5425,1411.5503,28906,39341,Eptesicus serotinus,0.01,0.026,-1,Echolocation,/mnt/ubna_data_02_mir/recover-20221013/UBNA_001/20221012_030000.WAV,Telephone Field,recover-20221013,001,1795
1411.5435,1411.5831,68437,82454,Rhinolophus ferrumequinum,0.024,0.024,-1,Echolocation,/mnt/ubna_data_02_mir/recover-20221013/UBNA_001/20221012_030000.WAV,Telephone Field,recover-20221013,001,1795
1411.5605,1411.5978,68437,81662,Rhinolophus ferrumequinum,0.022,0.022,-1,Echolocation,/mnt/ubna_data_02_mir/recover-20221013/UBNA_001/20221012_030000.WAV,Telephone Field,recover-20221013,001,1795
1411.5775,1411.6151,68437,81571,Rhinolophus ferrumequinum,0.023,0.023,-1,Echolocation,/mnt/ubna_data_02_mir/recover-20221013/UBNA_001/20221012_030000.WAV,Telephone Field,recover-20221013,001,1795
1411.5835,1411.6206,68437,81110,Rhinolophus ferrumequinum,0.023,0.023,-1,Echolocation,/mnt/ubna_data_02_mir/recover-20221013/UBNA_001/20221012_030000.WAV,Telephone Field,recover-20221013,001,1795
1411.5925,1411.604,28046,33838,Eptesicus serotinus,0.015,0.031,-1,Echolocation,/mnt/ubna_data_02_mir/recover-20221013/UBNA_001/20221012_030000.WAV,Telephone Field,recover-20221013,001,1795
1411.6395,1411.6478,26328,35286,Eptesicus serotinus,0.008,0.024,-1,Echolocation,/mnt/ubna_data_02_mir/recover-20221013/UBNA_001/20221012_030000.WAV,Telephone Field,recover-20221013,001,1795
1411.6435,1411.6815,68437,81966,Rhinolophus ferrumequinum,0.025,0.025,-1,Echolocation,/mnt/ubna_data_02_mir/recover-20221013/UBNA_001/20221012_030000.WAV,Telephone Field,recover-20221013,001,1795
1411.6485,1411.6867,68437,81477,Rhinolophus ferrumequinum,0.025,0.025,-1,Echolocation,/mnt/ubna_data_02_mir/recover-20221013/UBNA_001/20221012_030000.WAV,Telephone Field,recover-20221013,001,1795
1411.6555,1411.6901,68437,81290,Rhinolophus ferrumequinum,0.025,0.025,-1,Echolocation,/mnt/ubna_data_02_mir/recover-20221013/UBNA_001/20221012_030000.WAV,Telephone Field,recover-20221013,001,1795
1411.6955,1411.708,30625,39044,Eptesicus serotinus,0.022,0.039,-1,Echolocation,/mnt/ubna_data_02_mir/recover-20221013/UBNA_001/20221012_030000.WAV,Telephone Field,recover-20221013,001,1795
1411.7105,1411.7517,68437,82574,Rhinolophus ferrumequinum,0.024,0.024,-1,Echolocation,/mnt/ubna_data_02_mir/recover-20221013/UBNA_001/20221012_030000.WAV,Telephone Field,recover-20221013,001,1795
1411.7405,1411.7776,68437,82320,Rhinolophus ferrumequinum,0.031,0.031,-1,Echolocation,/mnt/ubna_data_02_mir/recover-20221013/UBNA_001/20221012_030000.WAV,Telephone Field,recover-20221013,001,1795
1411.7575,1411.7974,68437,81873,Rhinolophus ferrumequinum,0.024,0.024,-1,Echolocation,/mnt/ubna_data_02_mir/recover-20221013/UBNA_001/20221012_030000.WAV,Telephone Field,recover-20221013,001,1795
1411.8425,1411.8515,50390,55163,Pipistrellus pipistrellus,0.021,0.023,-1,Echolocation,/mnt/ubna_data_02_mir/recover-20221013/UBNA_001/20221012_030000.WAV,Telephone Field,recover-20221013,001,1795
1411.8475,1411.889,68437,82937,Rhinolophus ferrumequinum,0.028,0.028,-1,Echolocation,/mnt/ubna_data_02_mir/recover-20221013/UBNA_001/20221012_030000.WAV,Telephone Field,recover-20221013,001,1795
1411.8575,1411.8932,68437,81554,Rhinolophus ferrumequinum,0.024,0.024,-1,Echolocation,/mnt/ubna_data_02_mir/recover-20221013/UBNA_001/20221012_030000.WAV,Telephone Field,recover-20221013,001,1795
1411.8705,1411.9079,68437,81595,Rhinolophus ferrumequinum,0.023,0.023,-1,Echolocation,/mnt/ubna_data_02_mir/recover-20221013/UBNA_001/20221012_030000.WAV,Telephone Field,recover-20221013,001,1795
1411.8705,1411.8818,23750,29487,Nyctalus leisleri,0.012,0.027,-1,Echolocation,/mnt/ubna_data_02_mir/recover-20221013/UBNA_001/20221012_030000.WAV,Telephone Field,recover-20221013,001,1795
1411.8815,1411.922,68437,82836,Rhinolophus ferrumequinum,0.025,0.025,-1,Echolocation,/mnt/ubna_data_02_mir/recover-20221013/UBNA_001/20221012_030000.WAV,Telephone Field,recover-20221013,001,1795
1411.8945,1411.933,68437,82352,Rhinolophus ferrumequinum,0.024,0.024,-1,Echolocation,/mnt/ubna_data_02_mir/recover-20221013/UBNA_001/20221012_030000.WAV,Telephone Field,recover-20221013,001,1795
1411.9115,1411.9215,24609,32175,Nyctalus leisleri,0.011,0.033,-1,Echolocation,/mnt/ubna_data_02_mir/recover-20221013/UBNA_001/20221012_030000.WAV,Telephone Field,recover-20221013,001,1795
1411.9365,1411.9472,23750,28547,Nyctalus leisleri,0.011,0.023,-1,Echolocation,/mnt/ubna_data_02_mir/recover-20221013/UBNA_001/20221012_030000.WAV,Telephone Field,recover-20221013,001,1795
1411.9535,1411.9925,68437,81745,Rhinolophus ferrumequinum,0.023,0.023,-1,Echolocation,/mnt/ubna_data_02_mir/recover-20221013/UBNA_001/20221012_030000.WAV,Telephone Field,recover-20221013,001,1795
1411.9615,1411.9982,68437,81677,Rhinolophus ferrumequinum,0.022,0.022,-1,Echolocation,/mnt/ubna_data_02_mir/recover-20221013/UBNA_001/20221012_030000.WAV,Telephone Field,recover-20221013,001,1795
1411.9885,1411.9997,23750,31187,Eptesicus serotinus,0.009,0.026,-1,Echolocation,/mnt/ubna_data_02_mir/recover-20221013/UBNA_001/20221012_030000.WAV,Telephone Field,recover-20221013,001,1795
1412.0015,1412.0108,22890,29697,Nyctalus leisleri,0.009,0.027,-1,Echolocation,/mnt/ubna_data_02_mir/recover-20221013/UBNA_001/20221012_030000.WAV,Telephone Field,recover-20221013,001,1795
1412.0015,1412.033,68437,79723,Rhinolophus ferrumequinum,0.053,0.053,-1,Echolocation,/mnt/ubna_data_02_mir/recover-20221013/UBNA_001/20221012_030000.WAV,Telephone Field,recover-20221013,001,1795
1412.0115,1412.0562,68437,83238,Rhinolophus ferrumequinum,0.025,0.025,-1,Echolocation,/mnt/ubna_data_02_mir/recover-20221013/UBNA_001/20221012_030000.WAV,Telephone Field,recover-20221013,001,1795
1412.0215,1412.0343,37500,41203,Pipistrellus nathusii,0.02,0.03,-1,Echolocation,/mnt/ubna_data_02_mir/recover-20221013/UBNA_001/20221012_030000.WAV,Telephone Field,recover-20221013,001,1795
1412.0445,1412.0831,68437,81796,Rhinolophus ferrumequinum,0.023,0.023,-1,Echolocation,/mnt/ubna_data_02_mir/recover-20221013/UBNA_001/20221012_030000.WAV,Telephone Field,recover-20221013,001,1795
1412.0485,1412.0564,27187,40224,Eptesicus serotinus,0.007,0.021,-1,Echolocation,/mnt/ubna_data_02_mir/recover-20221013/UBNA_001/20221012_030000.WAV,Telephone Field,recover-20221013,001,1795
1412.0535,1412.0944,68437,82432,Rhinolophus ferrumequinum,0.025,0.025,-1,Echolocation,/mnt/ubna_data_02_mir/recover-20221013/UBNA_001/20221012_030000.WAV,Telephone Field,recover-20221013,001,1795
1412.0595,1412.0994,68437,82905,Rhinolophus ferrumequinum,0.024,0.024,-1,Echolocation,/mnt/ubna_data_02_mir/recover-20221013/UBNA_001/20221012_030000.WAV,Telephone Field,recover-20221013,001,1795
1412.1075,1412.1451,68437,82015,Rhinolophus ferrumequinum,0.022,0.022,-1,Echolocation,/mnt/ubna_data_02_mir/recover-20221013/UBNA_001/20221012_030000.WAV,Telephone Field,recover-20221013,001,1795
1412.1355,1412.1753,68437,82587,Rhinolophus ferrumequinum,0.03,0.03,-1,Echolocation,/mnt/ubna_data_02_mir/recover-20221013/UBNA_001/20221012_030000.WAV,Telephone Field,recover-20221013,001,1795
1412.1825,1412.2209,68437,82020,Rhinolophus ferrumequinum,0.021,0.021,-1,Echolocation,/mnt/ubna_data_02_mir/recover-20221013/UBNA_001/20221012_030000.WAV,Telephone Field,recover-20221013,001,1795
1412.1955,1412.2386,68437,82942,Rhinolophus ferrumequinum,0.033,0.033,-1,Echolocation,/mnt/ubna_data_02_mir/recover-20221013/UBNA_001/20221012_030000.WAV,Telephone Field,recover-20221013,001,1795
1412.1975,1412.2059,23750,32736,Plecotus austriacus,0.009,0.028,-1,Echolocation,/mnt/ubna_data_02_mir/recover-20221013/UBNA_001/20221012_030000.WAV,Telephone Field,recover-20221013,001,1795
1412.2115,1412.2215,14296,23474,Nyctalus noctula,0.009,0.024,-1,Echolocation,/mnt/ubna_data_02_mir/recover-20221013/UBNA_001/20221012_030000.WAV,Telephone Field,recover-20221013,001,1795
1412.2325,1412.2716,68437,82238,Rhinolophus ferrumequinum,0.023,0.023,-1,Echolocation,/mnt/ubna_data_02_mir/recover-20221013/UBNA_001/20221012_030000.WAV,Telephone Field,recover-20221013,001,1795
1412.2785,1412.3184,68437,82311,Rhinolophus ferrumequinum,0.034,0.034,-1,Echolocation,/mnt/ubna_data_02_mir/recover-20221013/UBNA_001/20221012_030000.WAV,Telephone Field,recover-20221013,001,1795
1412.3115,1412.3203,28046,37197,Eptesicus serotinus,0.012,0.028,-1,Echolocation,/mnt/ubna_data_02_mir/recover-20221013/UBNA_001/20221012_030000.WAV,Telephone Field,recover-20221013,001,1795
1412.3225,1412.362,68437,82646,Rhinolophus ferrumequinum,0.023,0.023,-1,Echolocation,/mnt/ubna_data_02_mir/recover-20221013/UBNA_001/20221012_030000.WAV,Telephone Field,recover-20221013,001,1795
1412.3345,1412.3743,68437,82433,Rhinolophus ferrumequinum,0.022,0.022,-1,Echolocation,/mnt/ubna_data_02_mir/recover-20221013/UBNA_001/20221012_030000.WAV,Telephone Field,recover-20221013,001,1795
1412.3555,1412.3959,68437,82990,Rhinolophus ferrumequinum,0.032,0.032,-1,Echolocation,/mnt/ubna_data_02_mir/recover-20221013/UBNA_001/20221012_030000.WAV,Telephone Field,recover-20221013,001,1795
1412.3595,1412.3708,28046,34422,Eptesicus serotinus,0.024,0.042,-1,Echolocation,/mnt/ubna_data_02_mir/recover-20221013/UBNA_001/20221012_030000.WAV,Telephone Field,recover-20221013,001,1795
1412.3775,1412.385,26328,39657,Eptesicus serotinus,0.006,0.022,-1,Echolocation,/mnt/ubna_data_02_mir/recover-20221013/UBNA_001/20221012_030000.WAV,Telephone Field,recover-20221013,001,1795
1412.3975,1412.4105,22890,26853,Nyctalus leisleri,0.017,0.028,-1,Echolocation,/mnt/ubna_data_02_mir/recover-20221013/UBNA_001/20221012_030000.WAV,Telephone Field,recover-20221013,001,1795
1412.4235,1412.4618,68437,82152,Rhinolophus ferrumequinum,0.024,0.024,-1,Echolocation,/mnt/ubna_data_02_mir/recover-20221013/UBNA_001/20221012_030000.WAV,Telephone Field,recover-20221013,001,1795
1412.4725,1412.5073,68437,80501,Rhinolophus ferrumequinum,0.025,0.025,-1,Echolocation,/mnt/ubna_data_02_mir/recover-20221013/UBNA_001/20221012_030000.WAV,Telephone Field,recover-20221013,001,1795
1412.5285,1412.5401,34062,39576,Eptesicus serotinus,0.005,0.023,-1,Echolocation,/mnt/ubna_data_02_mir/recover-20221013/UBNA_001/20221012_030000.WAV,Telephone Field,recover-20221013,001,1795
1412.5355,1412.5763,68437,82577,Rhinolophus ferrumequinum,0.022,0.022,-1,Echolocation,/mnt/ubna_data_02_mir/recover-20221013/UBNA_001/20221012_030000.WAV,Telephone Field,recover-20221013,001,1795
1412.6035,1412.6121,47812,51658,Pipistrellus pipistrellus,0.036,0.037,-1,Echolocation,/mnt/ubna_data_02_mir/recover-20221013/UBNA_001/20221012_030000.WAV,Telephone Field,recover-20221013,001,1795
1412.6075,1412.6513,68437,83397,Rhinolophus ferrumequinum,0.037,0.037,-1,Echolocation,/mnt/ubna_data_02_mir/recover-20221013/UBNA_001/20221012_030000.WAV,Telephone Field,recover-20221013,001,1795
1412.6215,1412.6593,68437,82472,Rhinolophus ferrumequinum,0.023,0.023,-1,Echolocation,/mnt/ubna_data_02_mir/recover-20221013/UBNA_001/20221012_030000.WAV,Telephone Field,recover-20221013,001,1795
1412.6335,1412.6402,28046,38190,Eptesicus serotinus,0.009,0.029,-1,Echolocation,/mnt/ubna_data_02_mir/recover-20221013/UBNA_001/20221012_030000.WAV,Telephone Field,recover-20221013,001,1795
1412.6545,1412.692,68437,80966,Rhinolophus ferrumequinum,0.023,0.023,-1,Echolocation,/mnt/ubna_data_02_mir/recover-20221013/UBNA_001/20221012_030000.WAV,Telephone Field,recover-20221013,001,1795
1412.6655,1412.702,68437,80922,Rhinolophus ferrumequinum,0.024,0.024,-1,Echolocation,/mnt/ubna_data_02_mir/recover-20221013/UBNA_001/20221012_030000.WAV,Telephone Field,recover-20221013,001,1795
1412.6725,1412.6808,28906,40248,Eptesicus serotinus,0.008,0.021,-1,Echolocation,/mnt/ubna_data_02_mir/recover-20221013/UBNA_001/20221012_030000.WAV,Telephone Field,recover-20221013,001,1795
1412.7125,1412.7474,68437,81142,Rhinolophus ferrumequinum,0.021,0.021,-1,Echolocation,/mnt/ubna_data_02_mir/recover-20221013/UBNA_001/20221012_030000.WAV,Telephone Field,recover-20221013,001,1795
1412.7545,1412.7949,68437,82881,Rhinolophus ferrumequinum,0.025,0.025,-1,Echolocation,/mnt/ubna_data_02_mir/recover-20221013/UBNA_001/20221012_030000.WAV,Telephone Field,recover-20221013,001,1795
1412.7625,1412.7992,68437,82204,Rhinolophus ferrumequinum,0.022,0.022,-1,Echolocation,/mnt/ubna_data_02_mir/recover-20221013/UBNA_001/20221012_030000.WAV,Telephone Field,recover-20221013,001,1795
1412.7635,1412.774,22890,28473,Nyctalus leisleri,0.01,0.022,-1,Echolocation,/mnt/ubna_data_02_mir/recover-20221013/UBNA_001/20221012_030000.WAV,Telephone Field,recover-20221013,001,1795
1412.7805,1412.8206,68437,82089,Rhinolophus ferrumequinum,0.023,0.023,-1,Echolocation,/mnt/ubna_data_02_mir/recover-20221013/UBNA_001/20221012_030000.WAV,Telephone Field,recover-20221013,001,1795
1412.8055,1412.8141,36640,42377,Barbastellus barbastellus,0.015,0.035,-1,Echolocation,/mnt/ubna_data_02_mir/recover-20221013/UBNA_001/20221012_030000.WAV,Telephone Field,recover-20221013,001,1795
1412.8075,1412.8147,28046,41961,Eptesicus serotinus,0.006,0.021,-1,Echolocation,/mnt/ubna_data_02_mir/recover-20221013/UBNA_001/20221012_030000.WAV,Telephone Field,recover-20221013,001,1795
1412.8315,1412.8408,28906,40198,Eptesicus serotinus,0.009,0.022,-1,Echolocation,/mnt/ubna_data_02_mir/recover-20221013/UBNA_001/20221012_030000.WAV,Telephone Field,recover-20221013,001,1795
1412.8385,1412.8775,68437,81899,Rhinolophus ferrumequinum,0.021,0.021,-1,Echolocation,/mnt/ubna_data_02_mir/recover-20221013/UBNA_001/20221012_030000.WAV,Telephone Field,recover-20221013,001,1795
1412.8535,1412.8932,68437,82863,Rhinolophus ferrumequinum,0.024,0.024,-1,Echolocation,/mnt/ubna_data_02_mir/recover-20221013/UBNA_001/20221012_030000.WAV,Telephone Field,recover-20221013,001,1795
1412.8645,1412.9041,68437,82492,Rhinolophus ferrumequinum,0.021,0.021,-1,Echolocation,/mnt/ubna_data_02_mir/recover-20221013/UBNA_001/20221012_030000.WAV,Telephone Field,recover-20221013,001,1795
1412.8695,1412.8801,22031,27067,Nyctalus leisleri,0.011,0.025,-1,Echolocation,/mnt/ubna_data_02_mir/recover-20221013/UBNA_001/20221012_030000.WAV,Telephone Field,recover-20221013,001,1795
1412.8885,1412.9287,68437,82333,Rhinolophus ferrumequinum,0.022,0.022,-1,Echolocation,/mnt/ubna_data_02_mir/recover-20221013/UBNA_001/20221012_030000.WAV,Telephone Field,recover-20221013,001,1795
1412.9275,1412.9355,28046,36965,Eptesicus serotinus,0.013,0.03,-1,Echolocation,/mnt/ubna_data_02_mir/recover-20221013/UBNA_001/20221012_030000.WAV,Telephone Field,recover-20221013,001,1795
1412.9455,1412.9908,68437,83641,Rhinolophus ferrumequinum,0.051,0.051,-1,Echolocation,/mnt/ubna_data_02_mir/recover-20221013/UBNA_001/20221012_030000.WAV,Telephone Field,recover-20221013,001,1795
1412.9865,1413.0258,68437,82667,Rhinolophus ferrumequinum,0.023,0.023,-1,Echolocation,/mnt/ubna_data_02_mir/recover-20221013/UBNA_001/20221012_030000.WAV,Telephone Field,recover-20221013,001,1795
1413.0045,1413.0437,68437,82284,Rhinolophus ferrumequinum,0.023,0.023,-1,Echolocation,/mnt/ubna_data_02_mir/recover-20221013/UBNA_001/20221012_030000.WAV,Telephone Field,recover-20221013,001,1795
1413.0265,1413.0364,28906,36339,Eptesicus serotinus,0.008,0.021,-1,Echolocation,/mnt/ubna_data_02_mir/recover-20221013/UBNA_001/20221012_030000.WAV,Telephone Field,recover-20221013,001,1795
1413.0455,1413.0846,68437,82334,Rhinolophus ferrumequinum,0.024,0.024,-1,Echolocation,/mnt/ubna_data_02_mir/recover-20221013/UBNA_001/20221012_030000.WAV,Telephone Field,recover-20221013,001,1795
1413.0965,1413.1359,68437,81978,Rhinolophus ferrumequinum,0.023,0.023,-1,Echolocation,/mnt/ubna_data_02_mir/recover-20221013/UBNA_001/20221012_030000.WAV,Telephone Field,recover-20221013,001,1795
1413.1665,1413.201,68437,80360,Rhinolophus ferrumequinum,0.027,0.027,-1,Echolocation,/mnt/ubna_data_02_mir/recover-20221013/UBNA_001/20221012_030000.WAV,Telephone Field,recover-20221013,001,1795
1413.1755,1413.212,68437,81646,Rhinolophus ferrumequinum,0.025,0.025,-1,Echolocation,/mnt/ubna_data_02_mir/recover-20221013/UBNA_001/20221012_030000.WAV,Telephone Field,recover-20221013,001,1795
1413.2155,1413.2539,68437,81944,Rhinolophus ferrumequinum,0.025,0.025,-1,Echolocation,/mnt/ubna_data_02_mir/recover-20221013/UBNA_001/20221012_030000.WAV,Telephone Field,recover-20221013,001,1795
1413.2375,1413.2732,68437,81264,Rhinolophus ferrumequinum,0.021,0.021,-1,Echolocation,/mnt/ubna_data_02_mir/recover-20221013/UBNA_001/20221012_030000.WAV,Telephone Field,recover-20221013,001,1795
1413.2575,1413.2979,68437,82587,Rhinolophus ferrumequinum,0.023,0.023,-1,Echolocation,/mnt/ubna_data_02_mir/recover-20221013/UBNA_001/20221012_030000.WAV,Telephone Field,recover-20221013,001,1795
1413.3125,1413.352,68437,81786,Rhinolophus ferrumequinum,0.021,0.021,-1,Echolocation,/mnt/ubna_data_02_mir/recover-20221013/UBNA_001/20221012_030000.WAV,Telephone Field,recover-20221013,001,1795
1413.3245,1413.3623,68437,81877,Rhinolophus ferrumequinum,0.025,0.025,-1,Echolocation,/mnt/ubna_data_02_mir/recover-20221013/UBNA_001/20221012_030000.WAV,Telephone Field,recover-20221013,001,1795
1413.3465,1413.3574,22890,27809,Nyctalus leisleri,0.011,0.023,-1,Echolocation,/mnt/ubna_data_02_mir/recover-20221013/UBNA_001/20221012_030000.WAV,Telephone Field,recover-20221013,001,1795
1413.3565,1413.3963,68437,82196,Rhinolophus ferrumequinum,0.022,0.022,-1,Echolocation,/mnt/ubna_data_02_mir/recover-20221013/UBNA_001/20221012_030000.WAV,Telephone Field,recover-20221013,001,1795
1413.3635,1413.4007,68437,81669,Rhinolophus ferrumequinum,0.022,0.022,-1,Echolocation,/mnt/ubna_data_02_mir/recover-20221013/UBNA_001/20221012_030000.WAV,Telephone Field,recover-20221013,001,1795
1413.3635,1413.3735,28906,36291,Eptesicus serotinus,0.013,0.03,-1,Echolocation,/mnt/ubna_data_02_mir/recover-20221013/UBNA_001/20221012_030000.WAV,Telephone Field,recover-20221013,001,1795
1413.3895,1413.4302,68437,82133,Rhinolophus ferrumequinum,0.03,0.03,-1,Echolocation,/mnt/ubna_data_02_mir/recover-20221013/UBNA_001/20221012_030000.WAV,Telephone Field,recover-20221013,001,1795
1413.4295,1413.4683,68437,81332,Rhinolophus ferrumequinum,0.03,0.03,-1,Echolocation,/mnt/ubna_data_02_mir/recover-20221013/UBNA_001/20221012_030000.WAV,Telephone Field,recover-20221013,001,1795
1413.4385,1413.4477,28046,38814,Eptesicus serotinus,0.009,0.022,-1,Echolocation,/mnt/ubna_data_02_mir/recover-20221013/UBNA_001/20221012_030000.WAV,Telephone Field,recover-20221013,001,1795
1413.4755,1413.513,68437,81621,Rhinolophus ferrumequinum,0.023,0.023,-1,Echolocation,/mnt/ubna_data_02_mir/recover-20221013/UBNA_001/20221012_030000.WAV,Telephone Field,recover-20221013,001,1795
1413.4785,1413.4897,27187,35187,Eptesicus serotinus,0.014,0.026,-1,Echolocation,/mnt/ubna_data_02_mir/recover-20221013/UBNA_001/20221012_030000.WAV,Telephone Field,recover-20221013,001,1795
1413.5045,1413.5439,68437,82195,Rhinolophus ferrumequinum,0.023,0.023,-1,Echolocation,/mnt/ubna_data_02_mir/recover-20221013/UBNA_001/20221012_030000.WAV,Telephone Field,recover-20221013,001,1795
1413.5355,1413.5728,68437,81286,Rhinolophus ferrumequinum,0.022,0.022,-1,Echolocation,/mnt/ubna_data_02_mir/recover-20221013/UBNA_001/20221012_030000.WAV,Telephone Field,recover-20221013,001,1795
1413.5825,1413.6217,68437,81924,Rhinolophus ferrumequinum,0.021,0.021,-1,Echolocation,/mnt/ubna_data_02_mir/recover-20221013/UBNA_001/20221012_030000.WAV,Telephone Field,recover-20221013,001,1795
1413.5885,1413.6276,68437,81971,Rhinolophus ferrumequinum,0.021,0.021,-1,Echolocation,/mnt/ubna_data_02_mir/recover-20221013/UBNA_001/20221012_030000.WAV,Telephone Field,recover-20221013,001,1795
1413.6245,1413.6606,68437,81526,Rhinolophus ferrumequinum,0.022,0.022,-1,Echolocation,/mnt/ubna_data_02_mir/recover-20221013/UBNA_001/20221012_030000.WAV,Telephone Field,recover-20221013,001,1795
1413.6285,1413.6361,28906,39363,Eptesicus serotinus,0.006,0.021,-1,Echolocation,/mnt/ubna_data_02_mir/recover-20221013/UBNA_001/20221012_030000.WAV,Telephone Field,recover-20221013,001,1795
1413.6435,1413.6865,68437,83488,Rhinolophus ferrumequinum,0.037,0.037,-1,Echolocation,/mnt/ubna_data_02_mir/recover-20221013/UBNA_001/20221012_030000.WAV,Telephone Field,recover-20221013,001,1795
1413.6795,1413.6888,23750,30654,Nyctalus leisleri,0.008,0.022,-1,Echolocation,/mnt/ubna_data_02_mir/recover-20221013/UBNA_001/20221012_030000.WAV,Telephone Field,recover-20221013,001,1795
1413.6825,1413.7212,68437,81998,Rhinolophus ferrumequinum,0.021,0.021,-1,Echolocation,/mnt/ubna_data_02_mir/recover-20221013/UBNA_001/20221012_030000.WAV,Telephone Field,recover-20221013,001,1795
1413.6875,1413.6988,22890,27594,Nyctalus leisleri,0.011,0.021,-1,Echolocation,/mnt/ubna_data_02_mir/recover-20221013/UBNA_001/20221012_030000.WAV,Telephone Field,recover-20221013,001,1795
1413.7165,1413.7251,28046,40187,Eptesicus serotinus,0.009,0.024,-1,Echolocation,/mnt/ubna_data_02_mir/recover-20221013/UBNA_001/20221012_030000.WAV,Telephone Field,recover-20221013,001,1795
1413.7415,1413.7804,68437,82077,Rhinolophus ferrumequinum,0.024,0.024,-1,Echolocation,/mnt/ubna_data_02_mir/recover-20221013/UBNA_001/20221012_030000.WAV,Telephone Field,recover-20221013,001,1795
1413.7725,1413.8147,68437,82831,Rhinolophus ferrumequinum,0.024,0.024,-1,Echolocation,/mnt/ubna_data_02_mir/recover-20221013/UBNA_001/20221012_030000.WAV,Telephone Field,recover-20221013,001,1795
1413.7905,1413.8309,68437,82781,Rhinolophus ferrumequinum,0.027,0.027,-1,Echolocation,/mnt/ubna_data_02_mir/recover-20221013/UBNA_001/20221012_030000.WAV,Telephone Field,recover-20221013,001,1795
1413.8535,1413.891,68437,81752,Rhinolophus ferrumequinum,0.032,0.032,-1,Echolocation,/mnt/ubna_data_02_mir/recover-20221013/UBNA_001/20221012_030000.WAV,Telephone Field,recover-20221013,001,1795
1413.8635,1413.8728,22890,28948,Plecotus austriacus,0.008,0.022,-1,Echolocation,/mnt/ubna_data_02_mir/recover-20221013/UBNA_001/20221012_030000.WAV,Telephone Field,recover-20221013,001,1795
1413.8735,1413.9114,68437,82003,Rhinolophus ferrumequinum,0.023,0.023,-1,Echolocation,/mnt/ubna_data_02_mir/recover-20221013/UBNA_001/20221012_030000.WAV,Telephone Field,recover-20221013,001,1795
1413.8795,1413.8892,28046,36200,Eptesicus serotinus,0.01,0.022,-1,Echolocation,/mnt/ubna_data_02_mir/recover-20221013/UBNA_001/20221012_030000.WAV,Telephone Field,recover-20221013,001,1795
1413.8815,1413.921,68437,82812,Rhinolophus ferrumequinum,0.028,0.028,-1,Echolocation,/mnt/ubna_data_02_mir/recover-20221013/UBNA_001/20221012_030000.WAV,Telephone Field,recover-20221013,001,1795
1413.8855,1413.8984,22031,26451,Nyctalus leisleri,0.013,0.024,-1,Echolocation,/mnt/ubna_data_02_mir/recover-20221013/UBNA_001/20221012_030000.WAV,Telephone Field,recover-20221013,001,1795
1413.9145,1413.9516,68437,81395,Rhinolophus ferrumequinum,0.021,0.021,-1,Echolocation,/mnt/ubna_data_02_mir/recover-20221013/UBNA_001/20221012_030000.WAV,Telephone Field,recover-20221013,001,1795
1413.9165,1413.9278,28046,35760,Eptesicus serotinus,0.011,0.024,-1,Echolocation,/mnt/ubna_data_02_mir/recover-20221013/UBNA_001/20221012_030000.WAV,Telephone Field,recover-20221013,001,1795
1413.9275,1413.967,68437,82432,Rhinolophus ferrumequinum,0.025,0.025,-1,Echolocation,/mnt/ubna_data_02_mir/recover-20221013/UBNA_001/20221012_030000.WAV,Telephone Field,recover-20221013,001,1795
1413.9585,1413.9983,68437,82053,Rhinolophus ferrumequinum,0.04,0.04,-1,Echolocation,/mnt/ubna_data_02_mir/recover-20221013/UBNA_001/20221012_030000.WAV,Telephone Field,recover-20221013,001,1795
1414.0015,1414.0332,68437,80736,Rhinolophus ferrumequinum,0.025,0.025,-1,Echolocation,/mnt/ubna_data_02_mir/recover-20221013/UBNA_001/20221012_030000.WAV,Telephone Field,recover-20221013,001,1795
1414.0015,1414.0111,27187,35060,Eptesicus serotinus,0.009,0.028,-1,Echolocation,/mnt/ubna_data_02_mir/recover-20221013/UBNA_001/20221012_030000.WAV,Telephone Field,recover-20221013,001,1795
1414.0155,1414.0536,68437,81723,Rhinolophus ferrumequinum,0.024,0.024,-1,Echolocation,/mnt/ubna_data_02_mir/recover-20221013/UBNA_001/20221012_030000.WAV,Telephone Field,recover-20221013,001,1795
1414.0415,1414.0508,28906,37730,Eptesicus serotinus,0.01,0.025,-1,Echolocation,/mnt/ubna_data_02_mir/recover-20221013/UBNA_001/20221012_030000.WAV,Telephone Field,recover-20221013,001,1795
1414.0535,1414.092,68437,81598,Rhinolophus ferrumequinum,0.022,0.022,-1,Echolocation,/mnt/ubna_data_02_mir/recover-20221013/UBNA_001/20221012_030000.WAV,Telephone Field,recover-20221013,001,1795
1414.0605,1414.1,68437,81527,Rhinolophus ferrumequinum,0.021,0.021,-1,Echolocation,/mnt/ubna_data_02_mir/recover-20221013/UBNA_001/20221012_030000.WAV,Telephone Field,recover-20221013,001,1795
1414.0835,1414.124,68437,83104,Rhinolophus ferrumequinum,0.024,0.024,-1,Echolocation,/mnt/ubna_data_02_mir/recover-20221013/UBNA_001/20221012_030000.WAV,Telephone Field,recover-20221013,001,1795
1414.0905,1414.1289,68437,82147,Rhinolophus ferrumequinum,0.023,0.023,-1,Echolocation,/mnt/ubna_data_02_mir/recover-20221013/UBNA_001/20221012_030000.WAV,Telephone Field,recover-20221013,001,1795
1414.0975,1414.1338,68437,81202,Rhinolophus ferrumequinum,0.022,0.022,-1,Echolocation,/mnt/ubna_data_02_mir/recover-20221013/UBNA_001/20221012_030000.WAV,Telephone Field,recover-20221013,001,1795
1414.1245,1414.1666,68437,82308,Rhinolophus ferrumequinum,0.021,0.021,-1,Echolocation,/mnt/ubna_data_02_mir/recover-20221013/UBNA_001/20221012_030000.WAV,Telephone Field,recover-20221013,001,1795
1414.1515,1414.1911,68437,82343,Rhinolophus ferrumequinum,0.023,0.023,-1,Echolocation,/mnt/ubna_data_02_mir/recover-20221013/UBNA_001/20221012_030000.WAV,Telephone Field,recover-20221013,001,1795
1414.1525,1414.16,24609,36380,Plecotus austriacus,0.006,0.022,-1,Echolocation,/mnt/ubna_data_02_mir/recover-20221013/UBNA_001/20221012_030000.WAV,Telephone Field,recover-20221013,001,1795
1414.1775,1414.1876,24609,30677,Nyctalus leisleri,0.009,0.022,-1,Echolocation,/mnt/ubna_data_02_mir/recover-20221013/UBNA_001/20221012_030000.WAV,Telephone Field,recover-20221013,001,1795
1414.1785,1414.2154,68437,82038,Rhinolophus ferrumequinum,0.029,0.029,-1,Echolocation,/mnt/ubna_data_02_mir/recover-20221013/UBNA_001/20221012_030000.WAV,Telephone Field,recover-20221013,001,1795
1414.1855,1414.1944,49531,55338,Pipistrellus pipistrellus,0.018,0.022,-1,Echolocation,/mnt/ubna_data_02_mir/recover-20221013/UBNA_001/20221012_030000.WAV,Telephone Field,recover-20221013,001,1795
1414.2015,1414.2417,68437,82638,Rhinolophus ferrumequinum,0.025,0.025,-1,Echolocation,/mnt/ubna_data_02_mir/recover-20221013/UBNA_001/20221012_030000.WAV,Telephone Field,recover-20221013,001,1795
1414.2425,1414.2838,68437,83112,Rhinolophus ferrumequinum,0.025,0.025,-1,Echolocation,/mnt/ubna_data_02_mir/recover-20221013/UBNA_001/20221012_030000.WAV,Telephone Field,recover-20221013,001,1795
1414.2585,1414.2939,68437,81109,Rhinolophus ferrumequinum,0.035,0.035,-1,Echolocation,/mnt/ubna_data_02_mir/recover-20221013/UBNA_001/20221012_030000.WAV,Telephone Field,recover-20221013,001,1795
1414.2705,1414.3119,68437,82616,Rhinolophus ferrumequinum,0.033,0.033,-1,Echolocation,/mnt/ubna_data_02_mir/recover-20221013/UBNA_001/20221012_030000.WAV,Telephone Field,recover-20221013,001,1795
1414.2755,1414.2847,22890,30153,Plecotus austriacus,0.01,0.027,-1,Echolocation,/mnt/ubna_data_02_mir/recover-20221013/UBNA_001/20221012_030000.WAV,Telephone Field,recover-20221013,001,1795
1414.2755,1414.2832,28046,40790,Eptesicus serotinus,0.008,0.026,-1,Echolocation,/mnt/ubna_data_02_mir/recover-20221013/UBNA_001/20221012_030000.WAV,Telephone Field,recover-20221013,001,1795
1414.2985,1414.3101,23750,28681,Nyctalus leisleri,0.011,0.023,-1,Echolocation,/mnt/ubna_data_02_mir/recover-20221013/UBNA_001/20221012_030000.WAV,Telephone Field,recover-20221013,001,1795
1414.3165,1414.3263,28906,36899,Eptesicus serotinus,0.012,0.028,-1,Echolocation,/mnt/ubna_data_02_mir/recover-20221013/UBNA_001/20221012_030000.WAV,Telephone Field,recover-20221013,001,1795
1414.3335,1414.3686,68437,80949,Rhinolophus ferrumequinum,0.024,0.025,-1,Echolocation,/mnt/ubna_data_02_mir/recover-20221013/UBNA_001/20221012_030000.WAV,Telephone Field,recover-20221013,001,1795
1414.3525,1414.362,55546,59939,Pipistrellus pygmaeus,0.023,0.024,-1,Echolocation,/mnt/ubna_data_02_mir/recover-20221013/UBNA_001/20221012_030000.WAV,Telephone Field,recover-20221013,001,1795
1414.3675,1414.4116,68437,83980,Rhinolophus ferrumequinum,0.051,0.051,-1,Echolocation,/mnt/ubna_data_02_mir/recover-20221013/UBNA_001/20221012_030000.WAV,Telephone Field,recover-20221013,001,1795
1414.3815,1414.4239,68437,83391,Rhinolophus ferrumequinum,0.028,0.028,-1,Echolocation,/mnt/ubna_data_02_mir/recover-20221013/UBNA_001/20221012_030000.WAV,Telephone Field,recover-20221013,001,1795
1414.3835,1414.3917,27187,37649,Eptesicus serotinus,0.008,0.021,-1,Echolocation,/mnt/ubna_data_02_mir/recover-20221013/UBNA_001/20221012_030000.WAV,Telephone Field,recover-20221013,001,1795
1414.3865,1414.4259,68437,82713,Rhinolophus ferrumequinum,0.028,0.028,-1,Echolocation,/mnt/ubna_data_02_mir/recover-20221013/UBNA_001/20221012_030000.WAV,Telephone Field,recover-20221013,001,1795
1414.4065,1414.4438,68437,81513,Rhinolophus ferrumequinum,0.021,0.021,-1,Echolocation,/mnt/ubna_data_02_mir/recover-20221013/UBNA_001/20221012_030000.WAV,Telephone Field,recover-20221013,001,1795
1414.4315,1414.4399,28046,36846,Eptesicus serotinus,0.007,0.021,-1,Echolocation,/mnt/ubna_data_02_mir/recover-20221013/UBNA_001/20221012_030000.WAV,Telephone Field,recover-20221013,001,1795
1414.4525,1414.4845,68437,80374,Rhinolophus ferrumequinum,0.022,0.023,-1,Echolocation,/mnt/ubna_data_02_mir/recover-20221013/UBNA_001/20221012_030000.WAV,Telephone Field,recover-20221013,001,1795
1414.4765,1414.4872,23750,30049,Nyctalus leisleri,0.011,0.027,-1,Echolocation,/mnt/ubna_data_02_mir/recover-20221013/UBNA_001/20221012_030000.WAV,Telephone Field,recover-20221013,001,1795
1414.4825,1414.4919,28906,37233,Eptesicus serotinus,0.008,0.022,-1,Echolocation,/mnt/ubna_data_02_mir/recover-20221013/UBNA_001/20221012_030000.WAV,Telephone Field,recover-20221013,001,1795
1414.4825,1414.5212,68437,81776,Rhinolophus ferrumequinum,0.026,0.026,-1,Echolocation,/mnt/ubna_data_02_mir/recover-20221013/UBNA_001/20221012_030000.WAV,Telephone Field,recover-20221013,001,1795
1414.4905,1414.5019,44375,48042,Pipistrellus pipistrellus,0.05,0.053,-1,Echolocation,/mnt/ubna_data_02_mir/recover-20221013/UBNA_001/20221012_030000.WAV,Telephone Field,recover-20221013,001,1795
1414.4955,1414.5029,24609,33438,Plecotus austriacus,0.008,0.022,-1,Echolocation,/mnt/ubna_data_02_mir/recover-20221013/UBNA_001/20221012_030000.WAV,Telephone Field,recover-20221013,001,1795
1414.5075,1414.5265,16015,21057,Nyctalus noctula,0.016,0.021,-1,Echolocation,/mnt/ubna_data_02_mir/recover-20221013/UBNA_001/20221012_030000.WAV,Telephone Field,recover-20221013,001,1795
1414.5195,1414.5578,68437,81822,Rhinolophus ferrumequinum,0.023,0.023,-1,Echolocation,/mnt/ubna_data_02_mir/recover-20221013/UBNA_001/20221012_030000.WAV,Telephone Field,recover-20221013,001,1795
1414.5255,1414.5647,68437,82158,Rhinolophus ferrumequinum,0.023,0.023,-1,Echolocation,/mnt/ubna_data_02_mir/recover-20221013/UBNA_001/20221012_030000.WAV,Telephone Field,recover-20221013,001,1795
1414.5655,1414.6026,68437,80876,Rhinolophus ferrumequinum,0.031,0.031,-1,Echolocation,/mnt/ubna_data_02_mir/recover-20221013/UBNA_001/20221012_030000.WAV,Telephone Field,recover-20221013,001,1795
1414.5675,1414.5746,28046,40540,Eptesicus serotinus,0.007,0.023,-1,Echolocation,/mnt/ubna_data_02_mir/recover-20221013/UBNA_001/20221012_030000.WAV,Telephone Field,recover-20221013,001,1795
1414.5815,1414.6195,68437,80967,Rhinolophus ferrumequinum,0.023,0.023,-1,Echolocation,/mnt/ubna_data_02_mir/recover-20221013/UBNA_001/20221012_030000.WAV,Telephone Field,recover-20221013,001,1795
1414.5915,1414.6321,68437,82683,Rhinolophus ferrumequinum,0.021,0.022,-1,Echolocation,/mnt/ubna_data_02_mir/recover-20221013/UBNA_001/20221012_030000.WAV,Telephone Field,recover-20221013,001,1795
1414.6145,1414.6592,68437,83411,Rhinolophus ferrumequinum,0.03,0.03,-1,Echolocation,/mnt/ubna_data_02_mir/recover-20221013/UBNA_001/20221012_030000.WAV,Telephone Field,recover-20221013,001,1795
1414.6275,1414.6381,22890,28623,Nyctalus leisleri,0.01,0.023,-1,Echolocation,/mnt/ubna_data_02_mir/recover-20221013/UBNA_001/20221012_030000.WAV,Telephone Field,recover-20221013,001,1795
1414.6555,1414.6853,68437,80212,Rhinolophus ferrumequinum,0.034,0.034,-1,Echolocation,/mnt/ubna_data_02_mir/recover-20221013/UBNA_001/20221012_030000.WAV,Telephone Field,recover-20221013,001,1795
1414.6685,1414.7087,68437,82318,Rhinolophus ferrumequinum,0.027,0.027,-1,Echolocation,/mnt/ubna_data_02_mir/recover-20221013/UBNA_001/20221012_030000.WAV,Telephone Field,recover-20221013,001,1795
1414.7185,1414.7573,68437,82773,Rhinolophus ferrumequinum,0.027,0.027,-1,Echolocation,/mnt/ubna_data_02_mir/recover-20221013/UBNA_001/20221012_030000.WAV,Telephone Field,recover-20221013,001,1795
1414.7385,1414.7829,68437,83694,Rhinolophus ferrumequinum,0.057,0.057,-1,Echolocation,/mnt/ubna_data_02_mir/recover-20221013/UBNA_001/20221012_030000.WAV,Telephone Field,recover-20221013,001,1795
1414.7515,1414.7905,68437,81654,Rhinolophus ferrumequinum,0.022,0.022,-1,Echolocation,/mnt/ubna_data_02_mir/recover-20221013/UBNA_001/20221012_030000.WAV,Telephone Field,recover-20221013,001,1795
1414.7575,1414.798,68437,82100,Rhinolophus ferrumequinum,0.022,0.022,-1,Echolocation,/mnt/ubna_data_02_mir/recover-20221013/UBNA_001/20221012_030000.WAV,Telephone Field,recover-20221013,001,1795
1414.7625,1414.7713,28906,39262,Eptesicus serotinus,0.009,0.024,-1,Echolocation,/mnt/ubna_data_02_mir/recover-20221013/UBNA_001/20221012_030000.WAV,Telephone Field,recover-20221013,001,1795
1414.7765,1414.8139,68437,81984,Rhinolophus ferrumequinum,0.022,0.022,-1,Echolocation,/mnt/ubna_data_02_mir/recover-20221013/UBNA_001/20221012_030000.WAV,Telephone Field,recover-20221013,001,1795
1414.7925,1414.8038,22890,27447,Nyctalus leisleri,0.014,0.024,-1,Echolocation,/mnt/ubna_data_02_mir/recover-20221013/UBNA_001/20221012_030000.WAV,Telephone Field,recover-20221013,001,1795
1414.7975,1414.8372,68437,82937,Rhinolophus ferrumequinum,0.023,0.023,-1,Echolocation,/mnt/ubna_data_02_mir/recover-20221013/UBNA_001/20221012_030000.WAV,Telephone Field,recover-20221013,001,1795
1414.8125,1414.8243,22890,27891,Nyctalus leisleri,0.012,0.024,-1,Echolocation,/mnt/ubna_data_02_mir/recover-20221013/UBNA_001/20221012_030000.WAV,Telephone Field,recover-20221013,001,1795
1414.8225,1414.8602,68437,81251,Rhinolophus ferrumequinum,0.023,0.024,-1,Echolocation,/mnt/ubna_data_02_mir/recover-20221013/UBNA_001/20221012_030000.WAV,Telephone Field,recover-20221013,001,1795
1414.8405,1414.8781,68437,81909,Rhinolophus ferrumequinum,0.022,0.022,-1,Echolocation,/mnt/ubna_data_02_mir/recover-20221013/UBNA_001/20221012_030000.WAV,Telephone Field,recover-20221013,001,1795
1414.8615,1414.9026,68437,82465,Rhinolophus ferrumequinum,0.023,0.023,-1,Echolocation,/mnt/ubna_data_02_mir/recover-20221013/UBNA_001/20221012_030000.WAV,Telephone Field,recover-20221013,001,1795
1414.8955,1414.9318,68437,81534,Rhinolophus ferrumequinum,0.021,0.021,-1,Echolocation,/mnt/ubna_data_02_mir/recover-20221013/UBNA_001/20221012_030000.WAV,Telephone Field,recover-20221013,001,1795
1414.8985,1414.908,28906,37717,Eptesicus serotinus,0.012,0.031,-1,Echolocation,/mnt/ubna_data_02_mir/recover-20221013/UBNA_001/20221012_030000.WAV,Telephone Field,recover-20221013,001,1795
1414.9025,1414.9397,68437,81491,Rhinolophus ferrumequinum,0.021,0.021,-1,Echolocation,/mnt/ubna_data_02_mir/recover-20221013/UBNA_001/20221012_030000.WAV,Telephone Field,recover-20221013,001,1795
1414.9375,1414.947,28046,36678,Eptesicus serotinus,0.011,0.027,-1,Echolocation,/mnt/ubna_data_02_mir/recover-20221013/UBNA_001/20221012_030000.WAV,Telephone Field,recover-20221013,001,1795
1414.9505,1414.9586,28046,37378,Eptesicus serotinus,0.007,0.021,-1,Echolocation,/mnt/ubna_data_02_mir/recover-20221013/UBNA_001/20221012_030000.WAV,Telephone Field,recover-20221013,001,1795
1414.9915,1415.029,68437,82101,Rhinolophus ferrumequinum,0.023,0.023,-1,Echolocation,/mnt/ubna_data_02_mir/recover-20221013/UBNA_001/20221012_030000.WAV,Telephone Field,recover-20221013,001,1795
1415.0065,1415.0457,68437,82147,Rhinolophus ferrumequinum,0.021,0.021,-1,Echolocation,/mnt/ubna_data_02_mir/recover-20221013/UBNA_001/20221012_030000.WAV,Telephone Field,recover-20221013,001,1795
1415.0325,1415.0429,28906,37345,Eptesicus serotinus,0.01,0.025,-1,Echolocation,/mnt/ubna_data_02_mir/recover-20221013/UBNA_001/20221012_030000.WAV,Telephone Field,recover-20221013,001,1795
1415.0335,1415.0436,22890,28799,Nyctalus leisleri,0.01,0.025,-1,Echolocation,/mnt/ubna_data_02_mir/recover-20221013/UBNA_001/20221012_030000.WAV,Telephone Field,recover-20221013,001,1795
1415.0455,1415.0558,27187,34549,Eptesicus serotinus,0.01,0.022,-1,Echolocation,/mnt/ubna_data_02_mir/recover-20221013/UBNA_001/20221012_030000.WAV,Telephone Field,recover-20221013,001,1795
1415.0505,1415.0896,68437,81671,Rhinolophus ferrumequinum,0.029,0.029,-1,Echolocation,/mnt/ubna_data_02_mir/recover-20221013/UBNA_001/20221012_030000.WAV,Telephone Field,recover-20221013,001,1795
1415.0845,1415.0928,23750,31229,Plecotus austriacus,0.008,0.023,-1,Echolocation,/mnt/ubna_data_02_mir/recover-20221013/UBNA_001/20221012_030000.WAV,Telephone Field,recover-20221013,001,1795
1415.0995,1415.1419,68437,82495,Rhinolophus ferrumequinum,0.053,0.053,-1,Echolocation,/mnt/ubna_data_02_mir/recover-20221013/UBNA_001/20221012_030000.WAV,Telephone Field,recover-20221013,001,1795
1415.1055,1415.1182,55546,59791,Pipistrellus pygmaeus,0.035,0.037,-1,Echolocation,/mnt/ubna_data_02_mir/recover-20221013/UBNA_001/20221012_030000.WAV,Telephone Field,recover-20221013,001,1795
1415.1175,1415.1546,68437,81286,Rhinolophus ferrumequinum,0.021,0.022,-1,Echolocation,/mnt/ubna_data_02_mir/recover-20221013/UBNA_001/20221012_030000.WAV,Telephone Field,recover-20221013,001,1795
1415.1285,1415.139,27187,35507,Eptesicus serotinus,0.011,0.023,-1,Echolocation,/mnt/ubna_data_02_mir/recover-20221013/UBNA_001/20221012_030000.WAV,Telephone Field,recover-20221013,001,1795
1415.1335,1415.1754,68437,82494,Rhinolophus ferrumequinum,0.026,0.026,-1,Echolocation,/mnt/ubna_data_02_mir/recover-20221013/UBNA_001/20221012_030000.WAV,Telephone Field,recover-20221013,001,1795
1415.1385,1415.1485,28046,35745,Eptesicus serotinus,0.01,0.023,-1,Echolocation,/mnt/ubna_data_02_mir/recover-20221013/UBNA_001/20221012_030000.WAV,Telephone Field,recover-20221013,001,1795
1415.1645,1415.2032,68437,81669,Rhinolophus ferrumequinum,0.025,0.025,-1,Echolocation,/mnt/ubna_data_02_mir/recover-20221013/UBNA_001/20221012_030000.WAV,Telephone Field,recover-20221013,001,1795
1415.1985,1415.2353,68437,81023,Rhinolophus ferrumequinum,0.023,0.023,-1,Echolocation,/mnt/ubna_data_02_mir/recover-20221013/UBNA_001/20221012_030000.WAV,Telephone Field,recover-20221013,001,1795
1415.2655,1415.3039,68437,82141,Rhinolophus ferrumequinum,0.022,0.022,-1,Echolocation,/mnt/ubna_data_02_mir/recover-20221013/UBNA_001/20221012_030000.WAV,Telephone Field,recover-20221013,001,1795
1415.2825,1415.2911,26328,37894,Eptesicus serotinus,0.007,0.021,-1,Echolocation,/mnt/ubna_data_02_mir/recover-20221013/UBNA_001/20221012_030000.WAV,Telephone Field,recover-20221013,001,1795
1415.2995,1415.3363,68437,80987,Rhinolophus ferrumequinum,0.025,0.025,-1,Echolocation,/mnt/ubna_data_02_mir/recover-20221013/UBNA_001/20221012_030000.WAV,Telephone Field,recover-20221013,001,1795
1415.3115,1415.3502,68437,80844,Rhinolophus ferrumequinum,0.024,0.024,-1,Echolocation,/mnt/ubna_data_02_mir/recover-20221013/UBNA_001/20221012_030000.WAV,Telephone Field,recover-20221013,001,1795
1415.3495,1415.3878,68437,82791,Rhinolophus ferrumequinum,0.03,0.03,-1,Echolocation,/mnt/ubna_data_02_mir/recover-20221013/UBNA_001/20221012_030000.WAV,Telephone Field,recover-20221013,001,1795
1415.3695,1415.3789,28046,36920,Eptesicus serotinus,0.011,0.024,-1,Echolocation,/mnt/ubna_data_02_mir/recover-20221013/UBNA_001/20221012_030000.WAV,Telephone Field,recover-20221013,001,1795
1415.3895,1415.4248,68437,81287,Rhinolophus ferrumequinum,0.022,0.022,-1,Echolocation,/mnt/ubna_data_02_mir/recover-20221013/UBNA_001/20221012_030000.WAV,Telephone Field,recover-20221013,001,1795
1415.4285,1415.4698,68437,82575,Rhinolophus ferrumequinum,0.033,0.033,-1,Echolocation,/mnt/ubna_data_02_mir/recover-20221013/UBNA_001/20221012_030000.WAV,Telephone Field,recover-20221013,001,1795
1415.4845,1415.4984,22031,26196,Nyctalus leisleri,0.019,0.032,-1,Echolocation,/mnt/ubna_data_02_mir/recover-20221013/UBNA_001/20221012_030000.WAV,Telephone Field,recover-20221013,001,1795
1415.4965,1415.5328,68437,81585,Rhinolophus ferrumequinum,0.022,0.022,-1,Echolocation,/mnt/ubna_data_02_mir/recover-20221013/UBNA_001/20221012_030000.WAV,Telephone Field,recover-20221013,001,1795
1415.5255,1415.5633,68437,82298,Rhinolophus ferrumequinum,0.027,0.027,-1,Echolocation,/mnt/ubna_data_02_mir/recover-20221013/UBNA_001/20221012_030000.WAV,Telephone Field,recover-20221013,001,1795
1415.5665,1415.6097,68437,82791,Rhinolophus ferrumequinum,0.029,0.029,-1,Echolocation,/mnt/ubna_data_02_mir/recover-20221013/UBNA_001/20221012_030000.WAV,Telephone Field,recover-20221013,001,1795
1415.5875,1415.5988,28046,34705,Eptesicus serotinus,0.016,0.029,-1,Echolocation,/mnt/ubna_data_02_mir/recover-20221013/UBNA_001/20221012_030000.WAV,Telephone Field,recover-20221013,001,1795
1415.5965,1415.6356,68437,82709,Rhinolophus ferrumequinum,0.033,0.033,-1,Echolocation,/mnt/ubna_data_02_mir/recover-20221013/UBNA_001/20221012_030000.WAV,Telephone Field,recover-20221013,001,1795
1415.6045,1415.6173,22031,26277,Nyctalus leisleri,0.014,0.025,-1,Echolocation,/mnt/ubna_data_02_mir/recover-20221013/UBNA_001/20221012_030000.WAV,Telephone Field,recover-20221013,001,1795
1415.6345,1415.6441,24609,30688,Nyctalus leisleri,0.009,0.022,-1,Echolocation,/mnt/ubna_data_02_mir/recover-20221013/UBNA_001/20221012_030000.WAV,Telephone Field,recover-20221013,001,1795
1415.6355,1415.6731,68437,81931,Rhinolophus ferrumequinum,0.033,0.033,-1,Echolocation,/mnt/ubna_data_02_mir/recover-20221013/UBNA_001/20221012_030000.WAV,Telephone Field,recover-20221013,001,1795
1415.6555,1415.6636,28046,39408,Eptesicus serotinus,0.007,0.022,-1,Echolocation,/mnt/ubna_data_02_mir/recover-20221013/UBNA_001/20221012_030000.WAV,Telephone Field,recover-20221013,001,1795
1415.6715,1415.7106,68437,81731,Rhinolophus ferrumequinum,0.024,0.024,-1,Echolocation,/mnt/ubna_data_02_mir/recover-20221013/UBNA_001/20221012_030000.WAV,Telephone Field,recover-20221013,001,1795
1415.6805,1415.7175,68437,81682,Rhinolophus ferrumequinum,0.022,0.022,-1,Echolocation,/mnt/ubna_data_02_mir/recover-20221013/UBNA_001/20221012_030000.WAV,Telephone Field,recover-20221013,001,1795
1415.7285,1415.7362,28046,45010,Eptesicus serotinus,0.007,0.021,-1,Echolocation,/mnt/ubna_data_02_mir/recover-20221013/UBNA_001/20221012_030000.WAV,Telephone Field,recover-20221013,001,1795
1415.7415,1415.7837,68437,83002,Rhinolophus ferrumequinum,0.03,0.03,-1,Echolocation,/mnt/ubna_data_02_mir/recover-20221013/UBNA_001/20221012_030000.WAV,Telephone Field,recover-20221013,001,1795
1415.7445,1415.7576,27187,33561,Eptesicus serotinus,0.014,0.026,-1,Echolocation,/mnt/ubna_data_02_mir/recover-20221013/UBNA_001/20221012_030000.WAV,Telephone Field,recover-20221013,001,1795
1415.7785,1415.8162,68437,81922,Rhinolophus ferrumequinum,0.021,0.021,-1,Echolocation,/mnt/ubna_data_02_mir/recover-20221013/UBNA_001/20221012_030000.WAV,Telephone Field,recover-20221013,001,1795
1415.7945,1415.8029,28046,40472,Eptesicus serotinus,0.01,0.029,-1,Echolocation,/mnt/ubna_data_02_mir/recover-20221013/UBNA_001/20221012_030000.WAV,Telephone Field,recover-20221013,001,1795
1415.7945,1415.8014,33203,42747,Myotis daubentonii,0.011,0.029,-1,Echolocation,/mnt/ubna_data_02_mir/recover-20221013/UBNA_001/20221012_030000.WAV,Telephone Field,recover-20221013,001,1795
1415.8055,1415.8164,28906,36821,Eptesicus serotinus,0.011,0.026,-1,Echolocation,/mnt/ubna_data_02_mir/recover-20221013/UBNA_001/20221012_030000.WAV,Telephone Field,recover-20221013,001,1795
1415.8335,1415.8768,68437,82032,Rhinolophus ferrumequinum,0.073,0.073,-1,Echolocation,/mnt/ubna_data_02_mir/recover-20221013/UBNA_001/20221012_030000.WAV,Telephone Field,recover-20221013,001,1795
1415.8385,1415.8493,25468,32282,Eptesicus serotinus,0.008,0.021,-1,Echolocation,/mnt/ubna_data_02_mir/recover-20221013/UBNA_001/20221012_030000.WAV,Telephone Field,recover-20221013,001,1795
1415.8515,1415.8586,33203,43714,Myotis daubentonii,0.008,0.022,-1,Echolocation,/mnt/ubna_data_02_mir/recover-20221013/UBNA_001/20221012_030000.WAV,Telephone Field,recover-20221013,001,1795
1415.8595,1415.8693,28046,36510,Eptesicus serotinus,0.008,0.021,-1,Echolocation,/mnt/ubna_data_02_mir/recover-20221013/UBNA_001/20221012_030000.WAV,Telephone Field,recover-20221013,001,1795
1415.8995,1415.9399,68437,82320,Rhinolophus ferrumequinum,0.024,0.024,-1,Echolocation,/mnt/ubna_data_02_mir/recover-20221013/UBNA_001/20221012_030000.WAV,Telephone Field,recover-20221013,001,1795
1415.9025,1415.9132,22890,29315,Nyctalus leisleri,0.009,0.022,-1,Echolocation,/mnt/ubna_data_02_mir/recover-20221013/UBNA_001/20221012_030000.WAV,Telephone Field,recover-20221013,001,1795
1415.9255,1415.9624,68437,80888,Rhinolophus ferrumequinum,0.023,0.023,-1,Echolocation,/mnt/ubna_data_02_mir/recover-20221013/UBNA_001/20221012_030000.WAV,Telephone Field,recover-20221013,001,1795
1415.9355,1415.9753,68437,81821,Rhinolophus ferrumequinum,0.025,0.025,-1,Echolocation,/mnt/ubna_data_02_mir/recover-20221013/UBNA_001/20221012_030000.WAV,Telephone Field,recover-20221013,001,1795
1415.9525,1415.9914,68437,81927,Rhinolophus ferrumequinum,0.022,0.022,-1,Echolocation,/mnt/ubna_data_02_mir/recover-20221013/UBNA_001/20221012_030000.WAV,Telephone Field,recover-20221013,001,1795
1415.9595,1415.9669,27187,37660,Eptesicus serotinus,0.007,0.024,-1,Echolocation,/mnt/ubna_data_02_mir/recover-20221013/UBNA_001/20221012_030000.WAV,Telephone Field,recover-20221013,001,1795
1416.0015,1416.0359,68437,80116,Rhinolophus ferrumequinum,0.031,0.031,-1,Echolocation,/mnt/ubna_data_02_mir/recover-20221013/UBNA_001/20221012_030000.WAV,Telephone Field,recover-20221013,001,1795
1416.0015,1416.0109,46093,51919,Pipistrellus pipistrellus,0.024,0.032,-1,Echolocation,/mnt/ubna_data_02_mir/recover-20221013/UBNA_001/20221012_030000.WAV,Telephone Field,recover-20221013,001,1795
1416.0015,1416.014,59843,66985,Pipistrellus pygmaeus,0.026,0.027,-1,Echolocation,/mnt/ubna_data_02_mir/recover-20221013/UBNA_001/20221012_030000.WAV,Telephone Field,recover-20221013,001,1795
1416.0015,1416.0104,23750,30513,Nyctalus leisleri,0.015,0.037,-1,Echolocation,/mnt/ubna_data_02_mir/recover-20221013/UBNA_001/20221012_030000.WAV,Telephone Field,recover-20221013,001,1795
1416.0345,1416.0755,68437,82549,Rhinolophus ferrumequinum,0.025,0.025,-1,Echolocation,/mnt/ubna_data_02_mir/recover-20221013/UBNA_001/20221012_030000.WAV,Telephone Field,recover-20221013,001,1795
1416.0705,1416.1074,68437,81790,Rhinolophus ferrumequinum,0.024,0.024,-1,Echolocation,/mnt/ubna_data_02_mir/recover-20221013/UBNA_001/20221012_030000.WAV,Telephone Field,recover-20221013,001,1795
1416.0945,1416.1335,68437,82842,Rhinolophus ferrumequinum,0.028,0.028,-1,Echolocation,/mnt/ubna_data_02_mir/recover-20221013/UBNA_001/20221012_030000.WAV,Telephone Field,recover-20221013,001,1795
1416.1285,1416.1665,68437,81364,Rhinolophus ferrumequinum,0.024,0.024,-1,Echolocation,/mnt/ubna_data_02_mir/recover-20221013/UBNA_001/20221012_030000.WAV,Telephone Field,recover-20221013,001,1795
1416.1725,1416.2085,68437,81860,Rhinolophus ferrumequinum,0.031,0.031,-1,Echolocation,/mnt/ubna_data_02_mir/recover-20221013/UBNA_001/20221012_030000.WAV,Telephone Field,recover-20221013,001,1795
1416.1765,1416.1846,46093,49729,Pipistrellus pipistrellus,0.037,0.039,-1,Echolocation,/mnt/ubna_data_02_mir/recover-20221013/UBNA_001/20221012_030000.WAV,Telephone Field,recover-20221013,001,1795
1416.1915,1416.2279,68437,81663,Rhinolophus ferrumequinum,0.027,0.027,-1,Echolocation,/mnt/ubna_data_02_mir/recover-20221013/UBNA_001/20221012_030000.WAV,Telephone Field,recover-20221013,001,1795
1416.2065,1416.2467,68437,83030,Rhinolophus ferrumequinum,0.03,0.03,-1,Echolocation,/mnt/ubna_data_02_mir/recover-20221013/UBNA_001/20221012_030000.WAV,Telephone Field,recover-20221013,001,1795
1416.2165,1416.2546,68437,81485,Rhinolophus ferrumequinum,0.025,0.025,-1,Echolocation,/mnt/ubna_data_02_mir/recover-20221013/UBNA_001/20221012_030000.WAV,Telephone Field,recover-20221013,001,1795
1416.2585,1416.269,23750,30162,Nyctalus leisleri,0.012,0.027,-1,Echolocation,/mnt/ubna_data_02_mir/recover-20221013/UBNA_001/20221012_030000.WAV,Telephone Field,recover-20221013,001,1795
1416.2965,1416.3355,68437,82204,Rhinolophus ferrumequinum,0.028,0.028,-1,Echolocation,/mnt/ubna_data_02_mir/recover-20221013/UBNA_001/20221012_030000.WAV,Telephone Field,recover-20221013,001,1795
1416.3205,1416.3598,68437,82482,Rhinolophus ferrumequinum,0.027,0.027,-1,Echolocation,/mnt/ubna_data_02_mir/recover-20221013/UBNA_001/20221012_030000.WAV,Telephone Field,recover-20221013,001,1795
1416.3325,1416.3416,28046,39605,Eptesicus serotinus,0.009,0.024,-1,Echolocation,/mnt/ubna_data_02_mir/recover-20221013/UBNA_001/20221012_030000.WAV,Telephone Field,recover-20221013,001,1795
1416.3335,1416.3751,68437,83445,Rhinolophus ferrumequinum,0.037,0.037,-1,Echolocation,/mnt/ubna_data_02_mir/recover-20221013/UBNA_001/20221012_030000.WAV,Telephone Field,recover-20221013,001,1795
1416.3695,1416.4097,68437,82511,Rhinolophus ferrumequinum,0.032,0.032,-1,Echolocation,/mnt/ubna_data_02_mir/recover-20221013/UBNA_001/20221012_030000.WAV,Telephone Field,recover-20221013,001,1795
1416.3885,1416.3953,30625,49963,Myotis daubentonii,0.017,0.04,-1,Echolocation,/mnt/ubna_data_02_mir/recover-20221013/UBNA_001/20221012_030000.WAV,Telephone Field,recover-20221013,001,1795
1416.4155,1416.4556,68437,82612,Rhinolophus ferrumequinum,0.029,0.029,-1,Echolocation,/mnt/ubna_data_02_mir/recover-20221013/UBNA_001/20221012_030000.WAV,Telephone Field,recover-20221013,001,1795
1416.4645,1416.5025,68437,82957,Rhinolophus ferrumequinum,0.027,0.027,-1,Echolocation,/mnt/ubna_data_02_mir/recover-20221013/UBNA_001/20221012_030000.WAV,Telephone Field,recover-20221013,001,1795
1416.5225,1416.5633,68437,82557,Rhinolophus ferrumequinum,0.03,0.03,-1,Echolocation,/mnt/ubna_data_02_mir/recover-20221013/UBNA_001/20221012_030000.WAV,Telephone Field,recover-20221013,001,1795
1416.5265,1416.5342,33203,41624,Myotis daubentonii,0.015,0.031,-1,Echolocation,/mnt/ubna_data_02_mir/recover-20221013/UBNA_001/20221012_030000.WAV,Telephone Field,recover-20221013,001,1795
1416.5455,1416.5825,68437,81702,Rhinolophus ferrumequinum,0.032,0.032,-1,Echolocation,/mnt/ubna_data_02_mir/recover-20221013/UBNA_001/20221012_030000.WAV,Telephone Field,recover-20221013,001,1795
1416.5835,1416.6222,68437,81723,Rhinolophus ferrumequinum,0.024,0.024,-1,Echolocation,/mnt/ubna_data_02_mir/recover-20221013/UBNA_001/20221012_030000.WAV,Telephone Field,recover-20221013,001,1795
1416.5905,1416.6265,68437,81386,Rhinolophus ferrumequinum,0.023,0.024,-1,Echolocation,/mnt/ubna_data_02_mir/recover-20221013/UBNA_001/20221012_030000.WAV,Telephone Field,recover-20221013,001,1795
1416.6205,1416.6593,68437,81665,Rhinolophus ferrumequinum,0.039,0.039,-1,Echolocation,/mnt/ubna_data_02_mir/recover-20221013/UBNA_001/20221012_030000.WAV,Telephone Field,recover-20221013,001,1795
1416.6365,1416.676,68437,82236,Rhinolophus ferrumequinum,0.024,0.024,-1,Echolocation,/mnt/ubna_data_02_mir/recover-20221013/UBNA_001/20221012_030000.WAV,Telephone Field,recover-20221013,001,1795
1416.6475,1416.6842,68437,81819,Rhinolophus ferrumequinum,0.026,0.026,-1,Echolocation,/mnt/ubna_data_02_mir/recover-20221013/UBNA_001/20221012_030000.WAV,Telephone Field,recover-20221013,001,1795
1416.6555,1416.6924,68437,82194,Rhinolophus ferrumequinum,0.031,0.031,-1,Echolocation,/mnt/ubna_data_02_mir/recover-20221013/UBNA_001/20221012_030000.WAV,Telephone Field,recover-20221013,001,1795
1416.6845,1416.7248,68437,82418,Rhinolophus ferrumequinum,0.033,0.033,-1,Echolocation,/mnt/ubna_data_02_mir/recover-20221013/UBNA_001/20221012_030000.WAV,Telephone Field,recover-20221013,001,1795
1416.7005,1416.7385,68437,82124,Rhinolophus ferrumequinum,0.03,0.03,-1,Echolocation,/mnt/ubna_data_02_mir/recover-20221013/UBNA_001/20221012_030000.WAV,Telephone Field,recover-20221013,001,1795
1416.7205,1416.7581,68437,82468,Rhinolophus ferrumequinum,0.029,0.029,-1,Echolocation,/mnt/ubna_data_02_mir/recover-20221013/UBNA_001/20221012_030000.WAV,Telephone Field,recover-20221013,001,1795
1416.7515,1416.7895,68437,82069,Rhinolophus ferrumequinum,0.023,0.023,-1,Echolocation,/mnt/ubna_data_02_mir/recover-20221013/UBNA_001/20221012_030000.WAV,Telephone Field,recover-20221013,001,1795
1416.7655,1416.8054,68437,82543,Rhinolophus ferrumequinum,0.026,0.026,-1,Echolocation,/mnt/ubna_data_02_mir/recover-20221013/UBNA_001/20221012_030000.WAV,Telephone Field,recover-20221013,001,1795
1416.7755,1416.7824,23750,33071,Plecotus austriacus,0.011,0.024,-1,Echolocation,/mnt/ubna_data_02_mir/recover-20221013/UBNA_001/20221012_030000.WAV,Telephone Field,recover-20221013,001,1795
1416.7965,1416.8377,68437,83058,Rhinolophus ferrumequinum,0.036,0.036,-1,Echolocation,/mnt/ubna_data_02_mir/recover-20221013/UBNA_001/20221012_030000.WAV,Telephone Field,recover-20221013,001,1795
1416.7975,1416.811,37500,41020,Pipistrellus nathusii,0.049,0.063,-1,Echolocation,/mnt/ubna_data_02_mir/recover-20221013/UBNA_001/20221012_030000.WAV,Telephone Field,recover-20221013,001,1795
1416.8235,1416.8687,68437,83720,Rhinolophus ferrumequinum,0.048,0.048,-1,Echolocation,/mnt/ubna_data_02_mir/recover-20221013/UBNA_001/20221012_030000.WAV,Telephone Field,recover-20221013,001,1795
1416.8505,1416.8929,68437,83172,Rhinolophus ferrumequinum,0.026,0.026,-1,Echolocation,/mnt/ubna_data_02_mir/recover-20221013/UBNA_001/20221012_030000.WAV,Telephone Field,recover-20221013,001,1795
1416.8905,1416.9294,68437,82408,Rhinolophus ferrumequinum,0.028,0.028,-1,Echolocation,/mnt/ubna_data_02_mir/recover-20221013/UBNA_001/20221012_030000.WAV,Telephone Field,recover-20221013,001,1795
1416.9425,1416.955,22031,26950,Nyctalus leisleri,0.025,0.049,-1,Echolocation,/mnt/ubna_data_02_mir/recover-20221013/UBNA_001/20221012_030000.WAV,Telephone Field,recover-20221013,001,1795
1416.9435,1416.9805,68437,82346,Rhinolophus ferrumequinum,0.028,0.028,-1,Echolocation,/mnt/ubna_data_02_mir/recover-20221013/UBNA_001/20221012_030000.WAV,Telephone Field,recover-20221013,001,1795
1416.9875,1417.0266,68437,82473,Rhinolophus ferrumequinum,0.023,0.023,-1,Echolocation,/mnt/ubna_data_02_mir/recover-20221013/UBNA_001/20221012_030000.WAV,Telephone Field,recover-20221013,001,1795
1417.0465,1417.0855,68437,82415,Rhinolophus ferrumequinum,0.024,0.024,-1,Echolocation,/mnt/ubna_data_02_mir/recover-20221013/UBNA_001/20221012_030000.WAV,Telephone Field,recover-20221013,001,1795
1417.0575,1417.0967,68437,82148,Rhinolophus ferrumequinum,0.026,0.026,-1,Echolocation,/mnt/ubna_data_02_mir/recover-20221013/UBNA_001/20221012_030000.WAV,Telephone Field,recover-20221013,001,1795
1417.0635,1417.1021,68437,82316,Rhinolophus ferrumequinum,0.025,0.025,-1,Echolocation,/mnt/ubna_data_02_mir/recover-20221013/UBNA_001/20221012_030000.WAV,Telephone Field,recover-20221013,001,1795
1417.0675,1417.0885,19453,22448,Nyctalus noctula,0.016,0.033,-1,Echolocation,/mnt/ubna_data_02_mir/recover-20221013/UBNA_001/20221012_030000.WAV,Telephone Field,recover-20221013,001,1795
1417.0985,1417.1164,19453,22570,Nyctalus leisleri,0.013,0.023,-1,Echolocation,/mnt/ubna_data_02_mir/recover-20221013/UBNA_001/20221012_030000.WAV,Telephone Field,recover-20221013,001,1795
1417.0995,1417.1415,68437,82836,Rhinolophus ferrumequinum,0.031,0.031,-1,Echolocation,/mnt/ubna_data_02_mir/recover-20221013/UBNA_001/20221012_030000.WAV,Telephone Field,recover-20221013,001,1795
1417.1425,1417.179,68437,81753,Rhinolophus ferrumequinum,0.025,0.025,-1,Echolocation,/mnt/ubna_data_02_mir/recover-20221013/UBNA_001/20221012_030000.WAV,Telephone Field,recover-20221013,001,1795
1417.1435,1417.1524,27187,37475,Eptesicus serotinus,0.008,0.024,-1,Echolocation,/mnt/ubna_data_02_mir/recover-20221013/UBNA_001/20221012_030000.WAV,Telephone Field,recover-20221013,001,1795
1417.1775,1417.2155,68437,82317,Rhinolophus ferrumequinum,0.035,0.035,-1,Echolocation,/mnt/ubna_data_02_mir/recover-20221013/UBNA_001/20221012_030000.WAV,Telephone Field,recover-20221013,001,1795
1417.1995,1417.2402,68437,83092,Rhinolophus ferrumequinum,0.028,0.028,-1,Echolocation,/mnt/ubna_data_02_mir/recover-20221013/UBNA_001/20221012_030000.WAV,Telephone Field,recover-20221013,001,1795
1417.2225,1417.2601,68437,82232,Rhinolophus ferrumequinum,0.024,0.024,-1,Echolocation,/mnt/ubna_data_02_mir/recover-20221013/UBNA_001/20221012_030000.WAV,Telephone Field,recover-20221013,001,1795
1417.2555,1417.2955,68437,82525,Rhinolophus ferrumequinum,0.029,0.029,-1,Echolocation,/mnt/ubna_data_02_mir/recover-20221013/UBNA_001/20221012_030000.WAV,Telephone Field,recover-20221013,001,1795
1417.2685,1417.3122,68437,83174,Rhinolophus ferrumequinum,0.036,0.036,-1,Echolocation,/mnt/ubna_data_02_mir/recover-20221013/UBNA_001/20221012_030000.WAV,Telephone Field,recover-20221013,001,1795
1417.2915,1417.3339,68437,83150,Rhinolophus ferrumequinum,0.034,0.034,-1,Echolocation,/mnt/ubna_data_02_mir/recover-20221013/UBNA_001/20221012_030000.WAV,Telephone Field,recover-20221013,001,1795
1417.3155,1417.3556,68437,82275,Rhinolophus ferrumequinum,0.029,0.029,-1,Echolocation,/mnt/ubna_data_02_mir/recover-20221013/UBNA_001/20221012_030000.WAV,Telephone Field,recover-20221013,001,1795
1417.3265,1417.3347,28046,37491,Eptesicus serotinus,0.008,0.025,-1,Echolocation,/mnt/ubna_data_02_mir/recover-20221013/UBNA_001/20221012_030000.WAV,Telephone Field,recover-20221013,001,1795
1417.3265,1417.3631,68437,81438,Rhinolophus ferrumequinum,0.023,0.023,-1,Echolocation,/mnt/ubna_data_02_mir/recover-20221013/UBNA_001/20221012_030000.WAV,Telephone Field,recover-20221013,001,1795
1417.3545,1417.3924,68437,82162,Rhinolophus ferrumequinum,0.024,0.024,-1,Echolocation,/mnt/ubna_data_02_mir/recover-20221013/UBNA_001/20221012_030000.WAV,Telephone Field,recover-20221013,001,1795
1417.3615,1417.3963,68437,81912,Rhinolophus ferrumequinum,0.023,0.023,-1,Echolocation,/mnt/ubna_data_02_mir/recover-20221013/UBNA_001/20221012_030000.WAV,Telephone Field,recover-20221013,001,1795
1417.3725,1417.3815,24609,33063,Eptesicus serotinus,0.013,0.033,-1,Echolocation,/mnt/ubna_data_02_mir/recover-20221013/UBNA_001/20221012_030000.WAV,Telephone Field,recover-20221013,001,1795
1417.3745,1417.4096,68437,81551,Rhinolophus ferrumequinum,0.028,0.028,-1,Echolocation,/mnt/ubna_data_02_mir/recover-20221013/UBNA_001/20221012_030000.WAV,Telephone Field,recover-20221013,001,1795
1417.3995,1417.4373,68437,82080,Rhinolophus ferrumequinum,0.023,0.023,-1,Echolocation,/mnt/ubna_data_02_mir/recover-20221013/UBNA_001/20221012_030000.WAV,Telephone Field,recover-20221013,001,1795
1417.4145,1417.4523,68437,81824,Rhinolophus ferrumequinum,0.024,0.024,-1,Echolocation,/mnt/ubna_data_02_mir/recover-20221013/UBNA_001/20221012_030000.WAV,Telephone Field,recover-20221013,001,1795
1417.4415,1417.477,68437,81522,Rhinolophus ferrumequinum,0.025,0.025,-1,Echolocation,/mnt/ubna_data_02_mir/recover-20221013/UBNA_001/20221012_030000.WAV,Telephone Field,recover-20221013,001,1795
1417.4425,1417.4532,22031,28057,Nyctalus leisleri,0.01,0.025,-1,Echolocation,/mnt/ubna_data_02_mir/recover-20221013/UBNA_001/20221012_030000.WAV,Telephone Field,recover-20221013,001,1795
1417.4595,1417.5013,68437,82720,Rhinolophus ferrumequinum,0.039,0.039,-1,Echolocation,/mnt/ubna_data_02_mir/recover-20221013/UBNA_001/20221012_030000.WAV,Telephone Field,recover-20221013,001,1795
1417.4765,1417.4857,28906,36446,Eptesicus serotinus,0.011,0.026,-1,Echolocation,/mnt/ubna_data_02_mir/recover-20221013/UBNA_001/20221012_030000.WAV,Telephone Field,recover-20221013,001,1795
1417.4895,1417.5005,23750,29640,Nyctalus leisleri,0.01,0.024,-1,Echolocation,/mnt/ubna_data_02_mir/recover-20221013/UBNA_001/20221012_030000.WAV,Telephone Field,recover-20221013,001,1795
1417.4955,1417.5405,68437,83412,Rhinolophus ferrumequinum,0.055,0.055,-1,Echolocation,/mnt/ubna_data_02_mir/recover-20221013/UBNA_001/20221012_030000.WAV,Telephone Field,recover-20221013,001,1795
1417.5485,1417.5892,68437,82942,Rhinolophus ferrumequinum,0.026,0.026,-1,Echolocation,/mnt/ubna_data_02_mir/recover-20221013/UBNA_001/20221012_030000.WAV,Telephone Field,recover-20221013,001,1795
1417.5775,1417.5846,46953,51466,Pipistrellus pipistrellus,0.023,0.024,-1,Echolocation,/mnt/ubna_data_02_mir/recover-20221013/UBNA_001/20221012_030000.WAV,Telephone Field,recover-20221013,001,1795
1417.5855,1417.6251,68437,82462,Rhinolophus ferrumequinum,0.028,0.028,-1,Echolocation,/mnt/ubna_data_02_mir/recover-20221013/UBNA_001/20221012_030000.WAV,Telephone Field,recover-20221013,001,1795
1417.5875,1417.5983,28046,35076,Eptesicus serotinus,0.011,0.023,-1,Echolocation,/mnt/ubna_data_02_mir/recover-20221013/UBNA_001/20221012_030000.WAV,Telephone Field,recover-20221013,001,1795
1417.5945,1417.6054,22890,27950,Nyctalus leisleri,0.012,0.024,-1,Echolocation,/mnt/ubna_data_02_mir/recover-20221013/UBNA_001/20221012_030000.WAV,Telephone Field,recover-20221013,001,1795
1417.6395,1417.6464,23750,33937,Plecotus austriacus,0.015,0.032,-1,Echolocation,/mnt/ubna_data_02_mir/recover-20221013/UBNA_001/20221012_030000.WAV,Telephone Field,recover-20221013,001,1795
1417.6515,1417.6879,68437,82186,Rhinolophus ferrumequinum,0.023,0.023,-1,Echolocation,/mnt/ubna_data_02_mir/recover-20221013/UBNA_001/20221012_030000.WAV,Telephone Field,recover-20221013,001,1795
1417.6675,1417.707,68437,82363,Rhinolophus ferrumequinum,0.024,0.024,-1,Echolocation,/mnt/ubna_data_02_mir/recover-20221013/UBNA_001/20221012_030000.WAV,Telephone Field,recover-20221013,001,1795
1417.6835,1417.7235,68437,82702,Rhinolophus ferrumequinum,0.028,0.028,-1,Echolocation,/mnt/ubna_data_02_mir/recover-20221013/UBNA_001/20221012_030000.WAV,Telephone Field,recover-20221013,001,1795
1417.7115,1417.75,68437,82184,Rhinolophus ferrumequinum,0.027,0.027,-1,Echolocation,/mnt/ubna_data_02_mir/recover-20221013/UBNA_001/20221012_030000.WAV,Telephone Field,recover-20221013,001,1795
1417.7365,1417.7497,22890,27004,Nyctalus leisleri,0.017,0.029,-1,Echolocation,/mnt/ubna_data_02_mir/recover-20221013/UBNA_001/20221012_030000.WAV,Telephone Field,recover-20221013,001,1795
1417.7745,1417.8129,68437,82519,Rhinolophus ferrumequinum,0.028,0.028,-1,Echolocation,/mnt/ubna_data_02_mir/recover-20221013/UBNA_001/20221012_030000.WAV,Telephone Field,recover-20221013,001,1795
1417.7975,1417.8391,68437,83374,Rhinolophus ferrumequinum,0.044,0.044,-1,Echolocation,/mnt/ubna_data_02_mir/recover-20221013/UBNA_001/20221012_030000.WAV,Telephone Field,recover-20221013,001,1795
1417.8235,1417.8607,68437,81780,Rhinolophus ferrumequinum,0.031,0.031,-1,Echolocation,/mnt/ubna_data_02_mir/recover-20221013/UBNA_001/20221012_030000.WAV,Telephone Field,recover-20221013,001,1795
1417.8725,1417.8802,50390,55428,Pipistrellus pipistrellus,0.021,0.024,-1,Echolocation,/mnt/ubna_data_02_mir/recover-20221013/UBNA_001/20221012_030000.WAV,Telephone Field,recover-20221013,001,1795
1417.8735,1417.9137,68437,82607,Rhinolophus ferrumequinum,0.027,0.027,-1,Echolocation,/mnt/ubna_data_02_mir/recover-20221013/UBNA_001/20221012_030000.WAV,Telephone Field,recover-20221013,001,1795
1417.9025,1417.9438,68437,82923,Rhinolophus ferrumequinum,0.035,0.035,-1,Echolocation,/mnt/ubna_data_02_mir/recover-20221013/UBNA_001/20221012_030000.WAV,Telephone Field,recover-20221013,001,1795
1417.9365,1417.9785,68437,82287,Rhinolophus ferrumequinum,0.031,0.031,-1,Echolocation,/mnt/ubna_data_02_mir/recover-20221013/UBNA_001/20221012_030000.WAV,Telephone Field,recover-20221013,001,1795
1417.9445,1417.9559,22890,28518,Nyctalus leisleri,0.011,0.023,-1,Echolocation,/mnt/ubna_data_02_mir/recover-20221013/UBNA_001/20221012_030000.WAV,Telephone Field,recover-20221013,001,1795
1417.9545,1417.9653,22890,28327,Nyctalus leisleri,0.012,0.025,-1,Echolocation,/mnt/ubna_data_02_mir/recover-20221013/UBNA_001/20221012_030000.WAV,Telephone Field,recover-20221013,001,1795
1417.9675,1417.9744,27187,39618,Eptesicus serotinus,0.006,0.025,-1,Echolocation,/mnt/ubna_data_02_mir/recover-20221013/UBNA_001/20221012_030000.WAV,Telephone Field,recover-20221013,001,1795
1417.9815,1417.9925,56406,61508,Pipistrellus pygmaeus,0.024,0.024,-1,Echolocation,/mnt/ubna_data_02_mir/recover-20221013/UBNA_001/20221012_030000.WAV,Telephone Field,recover-20221013,001,1795
1417.9835,1417.9923,28046,40627,Eptesicus serotinus,0.009,0.025,-1,Echolocation,/mnt/ubna_data_02_mir/recover-20221013/UBNA_001/20221012_030000.WAV,Telephone Field,recover-20221013,001,1795
1418.0015,1418.032,68437,79024,Rhinolophus ferrumequinum,0.056,0.057,-1,Echolocation,/mnt/ubna_data_02_mir/recover-20221013/UBNA_001/20221012_030000.WAV,Telephone Field,recover-20221013,001,1795
1418.0015,1418.0134,25468,31160,Nyctalus leisleri,0.02,0.042,-1,Echolocation,/mnt/ubna_data_02_mir/recover-20221013/UBNA_001/20221012_030000.WAV,Telephone Field,recover-20221013,001,1795
1418.0015,1418.0143,21171,27318,Nyctalus leisleri,0.019,0.039,-1,Echolocation,/mnt/ubna_data_02_mir/recover-20221013/UBNA_001/20221012_030000.WAV,Telephone Field,recover-20221013,001,1795
1418.0015,1418.007,49531,58585,Pipistrellus pipistrellus,0.011,0.022,-1,Echolocation,/mnt/ubna_data_02_mir/recover-20221013/UBNA_001/20221012_030000.WAV,Telephone Field,recover-20221013,001,1795
1418.0025,1418.0258,63281,71683,Pipistrellus pygmaeus,0.026,0.029,-1,Echolocation,/mnt/ubna_data_02_mir/recover-20221013/UBNA_001/20221012_030000.WAV,Telephone Field,recover-20221013,001,1795
1418.0095,1418.0201,22890,27037,Nyctalus leisleri,0.013,0.025,-1,Echolocation,/mnt/ubna_data_02_mir/recover-20221013/UBNA_001/20221012_030000.WAV,Telephone Field,recover-20221013,001,1795
1418.0095,1418.0496,68437,81831,Rhinolophus ferrumequinum,0.021,0.021,-1,Echolocation,/mnt/ubna_data_02_mir/recover-20221013/UBNA_001/20221012_030000.WAV,Telephone Field,recover-20221013,001,1795
1418.0985,1418.1373,68437,82143,Rhinolophus ferrumequinum,0.024,0.024,-1,Echolocation,/mnt/ubna_data_02_mir/recover-20221013/UBNA_001/20221012_030000.WAV,Telephone Field,recover-20221013,001,1795
1418.1095,1418.121,22890,27123,Nyctalus leisleri,0.012,0.022,-1,Echolocation,/mnt/ubna_data_02_mir/recover-20221013/UBNA_001/20221012_030000.WAV,Telephone Field,recover-20221013,001,1795
1418.1095,1418.1522,68437,82830,Rhinolophus ferrumequinum,0.027,0.027,-1,Echolocation,/mnt/ubna_data_02_mir/recover-20221013/UBNA_001/20221012_030000.WAV,Telephone Field,recover-20221013,001,1795
1418.1295,1418.1676,68437,82099,Rhinolophus ferrumequinum,0.021,0.021,-1,Echolocation,/mnt/ubna_data_02_mir/recover-20221013/UBNA_001/20221012_030000.WAV,Telephone Field,recover-20221013,001,1795
1418.1435,1418.1832,68437,82303,Rhinolophus ferrumequinum,0.021,0.022,-1,Echolocation,/mnt/ubna_data_02_mir/recover-20221013/UBNA_001/20221012_030000.WAV,Telephone Field,recover-20221013,001,1795
1418.1495,1418.1861,68437,82226,Rhinolophus ferrumequinum,0.022,0.022,-1,Echolocation,/mnt/ubna_data_02_mir/recover-20221013/UBNA_001/20221012_030000.WAV,Telephone Field,recover-20221013,001,1795
1418.1615,1418.2003,68437,82432,Rhinolophus ferrumequinum,0.022,0.022,-1,Echolocation,/mnt/ubna_data_02_mir/recover-20221013/UBNA_001/20221012_030000.WAV,Telephone Field,recover-20221013,001,1795
1418.1835,1418.1961,31484,36230,Eptesicus serotinus,0.011,0.026,-1,Echolocation,/mnt/ubna_data_02_mir/recover-20221013/UBNA_001/20221012_030000.WAV,Telephone Field,recover-20221013,001,1795
1418.2125,1418.2547,68437,82880,Rhinolophus ferrumequinum,0.027,0.027,-1,Echolocation,/mnt/ubna_data_02_mir/recover-20221013/UBNA_001/20221012_030000.WAV,Telephone Field,recover-20221013,001,1795
1418.2385,1418.2759,68437,81970,Rhinolophus ferrumequinum,0.022,0.022,-1,Echolocation,/mnt/ubna_data_02_mir/recover-20221013/UBNA_001/20221012_030000.WAV,Telephone Field,recover-20221013,001,1795
1418.2485,1418.2874,68437,82386,Rhinolophus ferrumequinum,0.023,0.023,-1,Echolocation,/mnt/ubna_data_02_mir/recover-20221013/UBNA_001/20221012_030000.WAV,Telephone Field,recover-20221013,001,1795
1418.2555,1418.2952,68437,82288,Rhinolophus ferrumequinum,0.024,0.024,-1,Echolocation,/mnt/ubna_data_02_mir/recover-20221013/UBNA_001/20221012_030000.WAV,Telephone Field,recover-20221013,001,1795
1418.2995,1418.3355999999999,68437,81943,Rhinolophus ferrumequinum,0.023,0.023,-1,Echolocation,/mnt/ubna_data_02_mir/recover-20221013/UBNA_001/20221012_030000.WAV,Telephone Field,recover-20221013,001,1795
1418.3105,1418.349,68437,81947,Rhinolophus ferrumequinum,0.021,0.021,-1,Echolocation,/mnt/ubna_data_02_mir/recover-20221013/UBNA_001/20221012_030000.WAV,Telephone Field,recover-20221013,001,1795
1418.3325,1418.3407,23750,31470,Plecotus austriacus,0.009,0.024,-1,Echolocation,/mnt/ubna_data_02_mir/recover-20221013/UBNA_001/20221012_030000.WAV,Telephone Field,recover-20221013,001,1795
1418.3365,1418.3774,68437,82425,Rhinolophus ferrumequinum,0.025,0.025,-1,Echolocation,/mnt/ubna_data_02_mir/recover-20221013/UBNA_001/20221012_030000.WAV,Telephone Field,recover-20221013,001,1795
1418.3585,1418.3945,68437,81780,Rhinolophus ferrumequinum,0.023,0.023,-1,Echolocation,/mnt/ubna_data_02_mir/recover-20221013/UBNA_001/20221012_030000.WAV,Telephone Field,recover-20221013,001,1795
1418.3665,1418.3788,23750,29621,Nyctalus leisleri,0.015,0.033,-1,Echolocation,/mnt/ubna_data_02_mir/recover-20221013/UBNA_001/20221012_030000.WAV,Telephone Field,recover-20221013,001,1795
1418.3835,1418.4185,68437,80568,Rhinolophus ferrumequinum,0.022,0.022,-1,Echolocation,/mnt/ubna_data_02_mir/recover-20221013/UBNA_001/20221012_030000.WAV,Telephone Field,recover-20221013,001,1795
1418.3925,1418.4311,68437,81519,Rhinolophus ferrumequinum,0.021,0.021,-1,Echolocation,/mnt/ubna_data_02_mir/recover-20221013/UBNA_001/20221012_030000.WAV,Telephone Field,recover-20221013,001,1795
1418.4005,1418.4393,68437,81737,Rhinolophus ferrumequinum,0.021,0.022,-1,Echolocation,/mnt/ubna_data_02_mir/recover-20221013/UBNA_001/20221012_030000.WAV,Telephone Field,recover-20221013,001,1795
1418.4335,1418.4766,68437,83401,Rhinolophus ferrumequinum,0.031,0.031,-1,Echolocation,/mnt/ubna_data_02_mir/recover-20221013/UBNA_001/20221012_030000.WAV,Telephone Field,recover-20221013,001,1795
1418.4805,1418.4925,24609,29234,Nyctalus leisleri,0.012,0.023,-1,Echolocation,/mnt/ubna_data_02_mir/recover-20221013/UBNA_001/20221012_030000.WAV,Telephone Field,recover-20221013,001,1795
1418.4875,1418.5293,68437,82931,Rhinolophus ferrumequinum,0.028,0.028,-1,Echolocation,/mnt/ubna_data_02_mir/recover-20221013/UBNA_001/20221012_030000.WAV,Telephone Field,recover-20221013,001,1795
1418.4975,1418.5072,29765,38836,Eptesicus serotinus,0.011,0.026,-1,Echolocation,/mnt/ubna_data_02_mir/recover-20221013/UBNA_001/20221012_030000.WAV,Telephone Field,recover-20221013,001,1795
1418.5145,1418.5552,68437,82365,Rhinolophus ferrumequinum,0.027,0.027,-1,Echolocation,/mnt/ubna_data_02_mir/recover-20221013/UBNA_001/20221012_030000.WAV,Telephone Field,recover-20221013,001,1795
1418.5175,1418.5274,22031,27685,Nyctalus leisleri,0.009,0.025,-1,Echolocation,/mnt/ubna_data_02_mir/recover-20221013/UBNA_001/20221012_030000.WAV,Telephone Field,recover-20221013,001,1795
1418.5505,1418.557,28046,39504,Eptesicus serotinus,0.006,0.027,-1,Echolocation,/mnt/ubna_data_02_mir/recover-20221013/UBNA_001/20221012_030000.WAV,Telephone Field,recover-20221013,001,1795
1418.5675,1418.6053,68437,81519,Rhinolophus ferrumequinum,0.023,0.023,-1,Echolocation,/mnt/ubna_data_02_mir/recover-20221013/UBNA_001/20221012_030000.WAV,Telephone Field,recover-20221013,001,1795
1418.5775,1418.6135,68437,81283,Rhinolophus ferrumequinum,0.021,0.021,-1,Echolocation,/mnt/ubna_data_02_mir/recover-20221013/UBNA_001/20221012_030000.WAV,Telephone Field,recover-20221013,001,1795
1418.6495,1418.6903,68437,82286,Rhinolophus ferrumequinum,0.023,0.023,-1,Echolocation,/mnt/ubna_data_02_mir/recover-20221013/UBNA_001/20221012_030000.WAV,Telephone Field,recover-20221013,001,1795
1418.6765,1418.716,68437,82056,Rhinolophus ferrumequinum,0.025,0.025,-1,Echolocation,/mnt/ubna_data_02_mir/recover-20221013/UBNA_001/20221012_030000.WAV,Telephone Field,recover-20221013,001,1795
1418.7325,1418.7692,68437,82053,Rhinolophus ferrumequinum,0.023,0.023,-1,Echolocation,/mnt/ubna_data_02_mir/recover-20221013/UBNA_001/20221012_030000.WAV,Telephone Field,recover-20221013,001,1795
1418.7425,1418.7799,68437,81489,Rhinolophus ferrumequinum,0.023,0.023,-1,Echolocation,/mnt/ubna_data_02_mir/recover-20221013/UBNA_001/20221012_030000.WAV,Telephone Field,recover-20221013,001,1795
1418.7585,1418.7999,68437,82410,Rhinolophus ferrumequinum,0.023,0.023,-1,Echolocation,/mnt/ubna_data_02_mir/recover-20221013/UBNA_001/20221012_030000.WAV,Telephone Field,recover-20221013,001,1795
1418.7825,1418.7948,22890,27485,Nyctalus leisleri,0.015,0.027,-1,Echolocation,/mnt/ubna_data_02_mir/recover-20221013/UBNA_001/20221012_030000.WAV,Telephone Field,recover-20221013,001,1795
1418.7975,1418.8332,68437,81264,Rhinolophus ferrumequinum,0.022,0.022,-1,Echolocation,/mnt/ubna_data_02_mir/recover-20221013/UBNA_001/20221012_030000.WAV,Telephone Field,recover-20221013,001,1795
1418.8595,1418.8996,68437,82492,Rhinolophus ferrumequinum,0.027,0.027,-1,Echolocation,/mnt/ubna_data_02_mir/recover-20221013/UBNA_001/20221012_030000.WAV,Telephone Field,recover-20221013,001,1795
1418.8825,1418.8932,28046,34836,Eptesicus serotinus,0.016,0.029,-1,Echolocation,/mnt/ubna_data_02_mir/recover-20221013/UBNA_001/20221012_030000.WAV,Telephone Field,recover-20221013,001,1795
1418.9055,1418.9396,68437,80852,Rhinolophus ferrumequinum,0.021,0.021,-1,Echolocation,/mnt/ubna_data_02_mir/recover-20221013/UBNA_001/20221012_030000.WAV,Telephone Field,recover-20221013,001,1795
1418.9135,1418.9504,68437,81508,Rhinolophus ferrumequinum,0.023,0.023,-1,Echolocation,/mnt/ubna_data_02_mir/recover-20221013/UBNA_001/20221012_030000.WAV,Telephone Field,recover-20221013,001,1795
1418.9405,1418.9791,68437,82137,Rhinolophus ferrumequinum,0.022,0.022,-1,Echolocation,/mnt/ubna_data_02_mir/recover-20221013/UBNA_001/20221012_030000.WAV,Telephone Field,recover-20221013,001,1795
1418.9545,1418.9649,28906,35428,Eptesicus serotinus,0.011,0.024,-1,Echolocation,/mnt/ubna_data_02_mir/recover-20221013/UBNA_001/20221012_030000.WAV,Telephone Field,recover-20221013,001,1795
1418.9765,1419.0167,68437,82456,Rhinolophus ferrumequinum,0.025,0.025,-1,Echolocation,/mnt/ubna_data_02_mir/recover-20221013/UBNA_001/20221012_030000.WAV,Telephone Field,recover-20221013,001,1795
1419.0095,1419.0469,68437,81415,Rhinolophus ferrumequinum,0.024,0.024,-1,Echolocation,/mnt/ubna_data_02_mir/recover-20221013/UBNA_001/20221012_030000.WAV,Telephone Field,recover-20221013,001,1795
1419.0205,1419.0323,56406,61569,Pipistrellus pygmaeus,0.024,0.025,-1,Echolocation,/mnt/ubna_data_02_mir/recover-20221013/UBNA_001/20221012_030000.WAV,Telephone Field,recover-20221013,001,1795
1419.0305,1419.0679,68437,81831,Rhinolophus ferrumequinum,0.023,0.023,-1,Echolocation,/mnt/ubna_data_02_mir/recover-20221013/UBNA_001/20221012_030000.WAV,Telephone Field,recover-20221013,001,1795
1419.0895,1419.1278,68437,81527,Rhinolophus ferrumequinum,0.022,0.022,-1,Echolocation,/mnt/ubna_data_02_mir/recover-20221013/UBNA_001/20221012_030000.WAV,Telephone Field,recover-20221013,001,1795
1419.0915,1419.1013,28046,35494,Eptesicus serotinus,0.019,0.035,-1,Echolocation,/mnt/ubna_data_02_mir/recover-20221013/UBNA_001/20221012_030000.WAV,Telephone Field,recover-20221013,001,1795
1419.0975,1419.1367,68437,81930,Rhinolophus ferrumequinum,0.027,0.027,-1,Echolocation,/mnt/ubna_data_02_mir/recover-20221013/UBNA_001/20221012_030000.WAV,Telephone Field,recover-20221013,001,1795
1419.1315,1419.1748,68437,83664,Rhinolophus ferrumequinum,0.049,0.049,-1,Echolocation,/mnt/ubna_data_02_mir/recover-20221013/UBNA_001/20221012_030000.WAV,Telephone Field,recover-20221013,001,1795
1419.1535,1419.1949,68437,82905,Rhinolophus ferrumequinum,0.022,0.022,-1,Echolocation,/mnt/ubna_data_02_mir/recover-20221013/UBNA_001/20221012_030000.WAV,Telephone Field,recover-20221013,001,1795
1419.1795,1419.1856,28046,42587,Eptesicus serotinus,0.005,0.028,-1,Echolocation,/mnt/ubna_data_02_mir/recover-20221013/UBNA_001/20221012_030000.WAV,Telephone Field,recover-20221013,001,1795
1419.2005,1419.2367,68437,81843,Rhinolophus ferrumequinum,0.024,0.024,-1,Echolocation,/mnt/ubna_data_02_mir/recover-20221013/UBNA_001/20221012_030000.WAV,Telephone Field,recover-20221013,001,1795
1419.2255,1419.2635,68437,82343,Rhinolophus ferrumequinum,0.023,0.023,-1,Echolocation,/mnt/ubna_data_02_mir/recover-20221013/UBNA_001/20221012_030000.WAV,Telephone Field,recover-20221013,001,1795
1419.2345,1419.2456,35781,40853,Pipistrellus nathusii,0.011,0.028,-1,Echolocation,/mnt/ubna_data_02_mir/recover-20221013/UBNA_001/20221012_030000.WAV,Telephone Field,recover-20221013,001,1795
1419.2405,1419.2774,68437,81685,Rhinolophus ferrumequinum,0.021,0.021,-1,Echolocation,/mnt/ubna_data_02_mir/recover-20221013/UBNA_001/20221012_030000.WAV,Telephone Field,recover-20221013,001,1795
1419.2605,1419.271,26328,33407,Eptesicus serotinus,0.009,0.021,-1,Echolocation,/mnt/ubna_data_02_mir/recover-20221013/UBNA_001/20221012_030000.WAV,Telephone Field,recover-20221013,001,1795
1419.2625,1419.3005,68437,81891,Rhinolophus ferrumequinum,0.022,0.022,-1,Echolocation,/mnt/ubna_data_02_mir/recover-20221013/UBNA_001/20221012_030000.WAV,Telephone Field,recover-20221013,001,1795
1419.2665,1419.2755,28046,36123,Eptesicus serotinus,0.008,0.023,-1,Echolocation,/mnt/ubna_data_02_mir/recover-20221013/UBNA_001/20221012_030000.WAV,Telephone Field,recover-20221013,001,1795
1419.2875,1419.3295,68437,83078,Rhinolophus ferrumequinum,0.035,0.035,-1,Echolocation,/mnt/ubna_data_02_mir/recover-20221013/UBNA_001/20221012_030000.WAV,Telephone Field,recover-20221013,001,1795
1419.3385,1419.3733,68437,80833,Rhinolophus ferrumequinum,0.024,0.024,-1,Echolocation,/mnt/ubna_data_02_mir/recover-20221013/UBNA_001/20221012_030000.WAV,Telephone Field,recover-20221013,001,1795
1419.3475,1419.3852,68437,81675,Rhinolophus ferrumequinum,0.027,0.027,-1,Echolocation,/mnt/ubna_data_02_mir/recover-20221013/UBNA_001/20221012_030000.WAV,Telephone Field,recover-20221013,001,1795
1419.3735,1419.4096,68437,81814,Rhinolophus ferrumequinum,0.028,0.028,-1,Echolocation,/mnt/ubna_data_02_mir/recover-20221013/UBNA_001/20221012_030000.WAV,Telephone Field,recover-20221013,001,1795
1419.4005,1419.4409,68437,82486,Rhinolophus ferrumequinum,0.022,0.022,-1,Echolocation,/mnt/ubna_data_02_mir/recover-20221013/UBNA_001/20221012_030000.WAV,Telephone Field,recover-20221013,001,1795
1419.4275,1419.4351,28046,38960,Eptesicus serotinus,0.007,0.021,-1,Echolocation,/mnt/ubna_data_02_mir/recover-20221013/UBNA_001/20221012_030000.WAV,Telephone Field,recover-20221013,001,1795
1419.4425,1419.4818,68437,82111,Rhinolophus ferrumequinum,0.028,0.028,-1,Echolocation,/mnt/ubna_data_02_mir/recover-20221013/UBNA_001/20221012_030000.WAV,Telephone Field,recover-20221013,001,1795
1419.4505,1419.4608,23750,29559,Nyctalus leisleri,0.009,0.022,-1,Echolocation,/mnt/ubna_data_02_mir/recover-20221013/UBNA_001/20221012_030000.WAV,Telephone Field,recover-20221013,001,1795
1419.4735,1419.5114,68437,82424,Rhinolophus ferrumequinum,0.025,0.025,-1,Echolocation,/mnt/ubna_data_02_mir/recover-20221013/UBNA_001/20221012_030000.WAV,Telephone Field,recover-20221013,001,1795
1419.4955,1419.5026,24609,33723,Plecotus austriacus,0.009,0.027,-1,Echolocation,/mnt/ubna_data_02_mir/recover-20221013/UBNA_001/20221012_030000.WAV,Telephone Field,recover-20221013,001,1795
1419.4965,1419.5373,68437,82862,Rhinolophus ferrumequinum,0.022,0.022,-1,Echolocation,/mnt/ubna_data_02_mir/recover-20221013/UBNA_001/20221012_030000.WAV,Telephone Field,recover-20221013,001,1795
1419.5175,1419.5599,68437,83241,Rhinolophus ferrumequinum,0.025,0.025,-1,Echolocation,/mnt/ubna_data_02_mir/recover-20221013/UBNA_001/20221012_030000.WAV,Telephone Field,recover-20221013,001,1795
1419.5505,1419.5619,28906,35679,Eptesicus serotinus,0.013,0.026,-1,Echolocation,/mnt/ubna_data_02_mir/recover-20221013/UBNA_001/20221012_030000.WAV,Telephone Field,recover-20221013,001,1795
1419.5625,1419.602,68437,82000,Rhinolophus ferrumequinum,0.036,0.036,-1,Echolocation,/mnt/ubna_data_02_mir/recover-20221013/UBNA_001/20221012_030000.WAV,Telephone Field,recover-20221013,001,1795
1419.6075,1419.6153,26328,36167,Eptesicus serotinus,0.007,0.022,-1,Echolocation,/mnt/ubna_data_02_mir/recover-20221013/UBNA_001/20221012_030000.WAV,Telephone Field,recover-20221013,001,1795
1419.6175,1419.6275,42656,45910,Pipistrellus pipistrellus,0.028,0.034,-1,Echolocation,/mnt/ubna_data_02_mir/recover-20221013/UBNA_001/20221012_030000.WAV,Telephone Field,recover-20221013,001,1795
1419.6225,1419.6583,68437,81495,Rhinolophus ferrumequinum,0.022,0.023,-1,Echolocation,/mnt/ubna_data_02_mir/recover-20221013/UBNA_001/20221012_030000.WAV,Telephone Field,recover-20221013,001,1795
1419.6615,1419.7018,68437,82701,Rhinolophus ferrumequinum,0.026,0.026,-1,Echolocation,/mnt/ubna_data_02_mir/recover-20221013/UBNA_001/20221012_030000.WAV,Telephone Field,recover-20221013,001,1795
1419.6695,1419.708,68437,81768,Rhinolophus ferrumequinum,0.022,0.022,-1,Echolocation,/mnt/ubna_data_02_mir/recover-20221013/UBNA_001/20221012_030000.WAV,Telephone Field,recover-20221013,001,1795
1419.7015,1419.7429,68437,83392,Rhinolophus ferrumequinum,0.023,0.023,-1,Echolocation,/mnt/ubna_data_02_mir/recover-20221013/UBNA_001/20221012_030000.WAV,Telephone Field,recover-20221013,001,1795
1419.7255,1419.7356,23750,29894,Nyctalus leisleri,0.009,0.021,-1,Echolocation,/mnt/ubna_data_02_mir/recover-20221013/UBNA_001/20221012_030000.WAV,Telephone Field,recover-20221013,001,1795
1419.7375,1419.7766,68437,81896,Rhinolophus ferrumequinum,0.025,0.026,-1,Echolocation,/mnt/ubna_data_02_mir/recover-20221013/UBNA_001/20221012_030000.WAV,Telephone Field,recover-20221013,001,1795
1419.7505,1419.7847,68437,81488,Rhinolophus ferrumequinum,0.021,0.021,-1,Echolocation,/mnt/ubna_data_02_mir/recover-20221013/UBNA_001/20221012_030000.WAV,Telephone Field,recover-20221013,001,1795
1419.7775,1419.8172,68437,82454,Rhinolophus ferrumequinum,0.022,0.022,-1,Echolocation,/mnt/ubna_data_02_mir/recover-20221013/UBNA_001/20221012_030000.WAV,Telephone Field,recover-20221013,001,1795
1419.8255,1419.837,32343,38021,Eptesicus serotinus,0.006,0.024,-1,Echolocation,/mnt/ubna_data_02_mir/recover-20221013/UBNA_001/20221012_030000.WAV,Telephone Field,recover-20221013,001,1795
1419.8275,1419.8684,68437,82216,Rhinolophus ferrumequinum,0.031,0.031,-1,Echolocation,/mnt/ubna_data_02_mir/recover-20221013/UBNA_001/20221012_030000.WAV,Telephone Field,recover-20221013,001,1795
1419.8475,1419.8887,68437,82684,Rhinolophus ferrumequinum,0.028,0.028,-1,Echolocation,/mnt/ubna_data_02_mir/recover-20221013/UBNA_001/20221012_030000.WAV,Telephone Field,recover-20221013,001,1795
1419.8535,1419.8627,28046,36273,Eptesicus serotinus,0.008,0.022,-1,Echolocation,/mnt/ubna_data_02_mir/recover-20221013/UBNA_001/20221012_030000.WAV,Telephone Field,recover-20221013,001,1795
1419.8585,1419.8677,28906,36778,Eptesicus serotinus,0.008,0.021,-1,Echolocation,/mnt/ubna_data_02_mir/recover-20221013/UBNA_001/20221012_030000.WAV,Telephone Field,recover-20221013,001,1795
1419.8695,1419.9074,68437,82412,Rhinolophus ferrumequinum,0.028,0.028,-1,Echolocation,/mnt/ubna_data_02_mir/recover-20221013/UBNA_001/20221012_030000.WAV,Telephone Field,recover-20221013,001,1795
1419.9045,1419.9153,22890,27966,Nyctalus leisleri,0.01,0.021,-1,Echolocation,/mnt/ubna_data_02_mir/recover-20221013/UBNA_001/20221012_030000.WAV,Telephone Field,recover-20221013,001,1795
1419.9115,1419.9487,68437,82353,Rhinolophus ferrumequinum,0.022,0.022,-1,Echolocation,/mnt/ubna_data_02_mir/recover-20221013/UBNA_001/20221012_030000.WAV,Telephone Field,recover-20221013,001,1795
1419.9325,1419.9727,68437,82434,Rhinolophus ferrumequinum,0.025,0.025,-1,Echolocation,/mnt/ubna_data_02_mir/recover-20221013/UBNA_001/20221012_030000.WAV,Telephone Field,recover-20221013,001,1795
1419.9805,1419.9996,21171,24352,Nyctalus leisleri,0.023,0.04,-1,Echolocation,/mnt/ubna_data_02_mir/recover-20221013/UBNA_001/20221012_030000.WAV,Telephone Field,recover-20221013,001,1795
1420.0015,1420.0093,24609,32732,Plecotus austriacus,0.009,0.035,-1,Echolocation,/mnt/ubna_data_02_mir/recover-20221013/UBNA_001/20221012_030000.WAV,Telephone Field,recover-20221013,001,1795
1420.0015,1420.031,69296,80724,Rhinolophus ferrumequinum,0.025,0.026,-1,Echolocation,/mnt/ubna_data_02_mir/recover-20221013/UBNA_001/20221012_030000.WAV,Telephone Field,recover-20221013,001,1795
1420.0035,1420.0128,42656,46081,Pipistrellus pipistrellus,0.037,0.049,-1,Echolocation,/mnt/ubna_data_02_mir/recover-20221013/UBNA_001/20221012_030000.WAV,Telephone Field,recover-20221013,001,1795
1420.0445,1420.0855,68437,82136,Rhinolophus ferrumequinum,0.026,0.026,-1,Echolocation,/mnt/ubna_data_02_mir/recover-20221013/UBNA_001/20221012_030000.WAV,Telephone Field,recover-20221013,001,1795
1420.0925,1420.1028,22890,28049,Nyctalus leisleri,0.011,0.024,-1,Echolocation,/mnt/ubna_data_02_mir/recover-20221013/UBNA_001/20221012_030000.WAV,Telephone Field,recover-20221013,001,1795
1420.1235,1420.1653,68437,82466,Rhinolophus ferrumequinum,0.027,0.027,-1,Echolocation,/mnt/ubna_data_02_mir/recover-20221013/UBNA_001/20221012_030000.WAV,Telephone Field,recover-20221013,001,1795
1420.1755,1420.2162,68437,82141,Rhinolophus ferrumequinum,0.03,0.03,-1,Echolocation,/mnt/ubna_data_02_mir/recover-20221013/UBNA_001/20221012_030000.WAV,Telephone Field,recover-20221013,001,1795
1420.2325,1420.2736,68437,82296,Rhinolophus ferrumequinum,0.023,0.023,-1,Echolocation,/mnt/ubna_data_02_mir/recover-20221013/UBNA_001/20221012_030000.WAV,Telephone Field,recover-20221013,001,1795
1420.2415,1420.2811,68437,81849,Rhinolophus ferrumequinum,0.032,0.032,-1,Echolocation,/mnt/ubna_data_02_mir/recover-20221013/UBNA_001/20221012_030000.WAV,Telephone Field,recover-20221013,001,1795
1420.2465,1420.2541,28046,38303,Eptesicus serotinus,0.007,0.024,-1,Echolocation,/mnt/ubna_data_02_mir/recover-20221013/UBNA_001/20221012_030000.WAV,Telephone Field,recover-20221013,001,1795
1420.2725,1420.3136,68437,82686,Rhinolophus ferrumequinum,0.028,0.028,-1,Echolocation,/mnt/ubna_data_02_mir/recover-20221013/UBNA_001/20221012_030000.WAV,Telephone Field,recover-20221013,001,1795
1420.2835,1420.3223,68437,82443,Rhinolophus ferrumequinum,0.026,0.026,-1,Echolocation,/mnt/ubna_data_02_mir/recover-20221013/UBNA_001/20221012_030000.WAV,Telephone Field,recover-20221013,001,1795
1420.3345,1420.3723,68437,81501,Rhinolophus ferrumequinum,0.024,0.024,-1,Echolocation,/mnt/ubna_data_02_mir/recover-20221013/UBNA_001/20221012_030000.WAV,Telephone Field,recover-20221013,001,1795
1420.3505,1420.3609,53828,57508,Pipistrellus pygmaeus,0.023,0.025,-1,Echolocation,/mnt/ubna_data_02_mir/recover-20221013/UBNA_001/20221012_030000.WAV,Telephone Field,recover-20221013,001,1795
1420.3525,1420.3937,68437,82512,Rhinolophus ferrumequinum,0.028,0.028,-1,Echolocation,/mnt/ubna_data_02_mir/recover-20221013/UBNA_001/20221012_030000.WAV,Telephone Field,recover-20221013,001,1795
1420.3585,1420.367,28046,39670,Eptesicus serotinus,0.01,0.025,-1,Echolocation,/mnt/ubna_data_02_mir/recover-20221013/UBNA_001/20221012_030000.WAV,Telephone Field,recover-20221013,001,1795
1420.3775,1420.4185,68437,82781,Rhinolophus ferrumequinum,0.031,0.031,-1,Echolocation,/mnt/ubna_data_02_mir/recover-20221013/UBNA_001/20221012_030000.WAV,Telephone Field,recover-20221013,001,1795
1420.4085,1420.4486,68437,82333,Rhinolophus ferrumequinum,0.024,0.024,-1,Echolocation,/mnt/ubna_data_02_mir/recover-20221013/UBNA_001/20221012_030000.WAV,Telephone Field,recover-20221013,001,1795
1420.4145,1420.4227,49531,54548,Pipistrellus pipistrellus,0.028,0.032,-1,Echolocation,/mnt/ubna_data_02_mir/recover-20221013/UBNA_001/20221012_030000.WAV,Telephone Field,recover-20221013,001,1795
1420.4365,1420.4446,23750,32173,Plecotus austriacus,0.014,0.03,-1,Echolocation,/mnt/ubna_data_02_mir/recover-20221013/UBNA_001/20221012_030000.WAV,Telephone Field,recover-20221013,001,1795
1420.4625,1420.5006,68437,81843,Rhinolophus ferrumequinum,0.023,0.024,-1,Echolocation,/mnt/ubna_data_02_mir/recover-20221013/UBNA_001/20221012_030000.WAV,Telephone Field,recover-20221013,001,1795
1420.4675,1420.5043,68437,82163,Rhinolophus ferrumequinum,0.024,0.024,-1,Echolocation,/mnt/ubna_data_02_mir/recover-20221013/UBNA_001/20221012_030000.WAV,Telephone Field,recover-20221013,001,1795
1420.4805,1420.4876,28046,43111,Eptesicus serotinus,0.007,0.026,-1,Echolocation,/mnt/ubna_data_02_mir/recover-20221013/UBNA_001/20221012_030000.WAV,Telephone Field,recover-20221013,001,1795
1420.4975,1420.5379,68437,82591,Rhinolophus ferrumequinum,0.024,0.024,-1,Echolocation,/mnt/ubna_data_02_mir/recover-20221013/UBNA_001/20221012_030000.WAV,Telephone Field,recover-20221013,001,1795
1420.5045,1420.5398,68437,81199,Rhinolophus ferrumequinum,0.023,0.023,-1,Echolocation,/mnt/ubna_data_02_mir/recover-20221013/UBNA_001/20221012_030000.WAV,Telephone Field,recover-20221013,001,1795
1420.5315,1420.5679,68437,82334,Rhinolophus ferrumequinum,0.038,0.038,-1,Echolocation,/mnt/ubna_data_02_mir/recover-20221013/UBNA_001/20221012_030000.WAV,Telephone Field,recover-20221013,001,1795
1420.5345,1420.5429,43515,49809,Pipistrellus pipistrellus,0.021,0.031,-1,Echolocation,/mnt/ubna_data_02_mir/recover-20221013/UBNA_001/20221012_030000.WAV,Telephone Field,recover-20221013,001,1795
1420.5355,1420.5442,23750,32010,Plecotus austriacus,0.009,0.027,-1,Echolocation,/mnt/ubna_data_02_mir/recover-20221013/UBNA_001/20221012_030000.WAV,Telephone Field,recover-20221013,001,1795
1420.5655,1420.6049,68437,82190,Rhinolophus ferrumequinum,0.022,0.022,-1,Echolocation,/mnt/ubna_data_02_mir/recover-20221013/UBNA_001/20221012_030000.WAV,Telephone Field,recover-20221013,001,1795
1420.6325,1420.6708,68437,81605,Rhinolophus ferrumequinum,0.022,0.022,-1,Echolocation,/mnt/ubna_data_02_mir/recover-20221013/UBNA_001/20221012_030000.WAV,Telephone Field,recover-20221013,001,1795
1420.6555,1420.663,27187,39559,Eptesicus serotinus,0.007,0.023,-1,Echolocation,/mnt/ubna_data_02_mir/recover-20221013/UBNA_001/20221012_030000.WAV,Telephone Field,recover-20221013,001,1795
1420.7015,1420.7427,68437,82582,Rhinolophus ferrumequinum,0.024,0.024,-1,Echolocation,/mnt/ubna_data_02_mir/recover-20221013/UBNA_001/20221012_030000.WAV,Telephone Field,recover-20221013,001,1795
1420.7695,1420.81,68437,82744,Rhinolophus ferrumequinum,0.023,0.023,-1,Echolocation,/mnt/ubna_data_02_mir/recover-20221013/UBNA_001/20221012_030000.WAV,Telephone Field,recover-20221013,001,1795
1420.8045,1420.8439,68437,82329,Rhinolophus ferrumequinum,0.025,0.025,-1,Echolocation,/mnt/ubna_data_02_mir/recover-20221013/UBNA_001/20221012_030000.WAV,Telephone Field,recover-20221013,001,1795
1420.8235,1420.8329,28906,37537,Eptesicus serotinus,0.008,0.022,-1,Echolocation,/mnt/ubna_data_02_mir/recover-20221013/UBNA_001/20221012_030000.WAV,Telephone Field,recover-20221013,001,1795
1420.8345,1420.8757,68437,82315,Rhinolophus ferrumequinum,0.025,0.025,-1,Echolocation,/mnt/ubna_data_02_mir/recover-20221013/UBNA_001/20221012_030000.WAV,Telephone Field,recover-20221013,001,1795
1420.8435,1420.8825,68437,82430,Rhinolophus ferrumequinum,0.024,0.024,-1,Echolocation,/mnt/ubna_data_02_mir/recover-20221013/UBNA_001/20221012_030000.WAV,Telephone Field,recover-20221013,001,1795
1420.8835,1420.9224,68437,82046,Rhinolophus ferrumequinum,0.029,0.029,-1,Echolocation,/mnt/ubna_data_02_mir/recover-20221013/UBNA_001/20221012_030000.WAV,Telephone Field,recover-20221013,001,1795
1420.8975,1420.9367,68437,82099,Rhinolophus ferrumequinum,0.023,0.023,-1,Echolocation,/mnt/ubna_data_02_mir/recover-20221013/UBNA_001/20221012_030000.WAV,Telephone Field,recover-20221013,001,1795
1420.9685,1421.012,68437,83774,Rhinolophus ferrumequinum,0.048,0.048,-1,Echolocation,/mnt/ubna_data_02_mir/recover-20221013/UBNA_001/20221012_030000.WAV,Telephone Field,recover-20221013,001,1795
1421.0055,1421.0451,68437,82076,Rhinolophus ferrumequinum,0.023,0.024,-1,Echolocation,/mnt/ubna_data_02_mir/recover-20221013/UBNA_001/20221012_030000.WAV,Telephone Field,recover-20221013,001,1795
1421.0065,1421.0142,26328,40792,Eptesicus serotinus,0.007,0.022,-1,Echolocation,/mnt/ubna_data_02_mir/recover-20221013/UBNA_001/20221012_030000.WAV,Telephone Field,recover-20221013,001,1795
1421.0175,1421.0562,68437,82107,Rhinolophus ferrumequinum,0.025,0.025,-1,Echolocation,/mnt/ubna_data_02_mir/recover-20221013/UBNA_001/20221012_030000.WAV,Telephone Field,recover-20221013,001,1795
1421.0285,1421.0652,68437,81821,Rhinolophus ferrumequinum,0.027,0.027,-1,Echolocation,/mnt/ubna_data_02_mir/recover-20221013/UBNA_001/20221012_030000.WAV,Telephone Field,recover-20221013,001,1795
1421.0465,1421.0577,23750,29425,Nyctalus leisleri,0.012,0.025,-1,Echolocation,/mnt/ubna_data_02_mir/recover-20221013/UBNA_001/20221012_030000.WAV,Telephone Field,recover-20221013,001,1795
1421.0545,1421.0739,20312,22839,Nyctalus leisleri,0.014,0.024,-1,Echolocation,/mnt/ubna_data_02_mir/recover-20221013/UBNA_001/20221012_030000.WAV,Telephone Field,recover-20221013,001,1795
1421.0625,1421.1007,68437,82190,Rhinolophus ferrumequinum,0.035,0.035,-1,Echolocation,/mnt/ubna_data_02_mir/recover-20221013/UBNA_001/20221012_030000.WAV,Telephone Field,recover-20221013,001,1795
1421.0845,1421.1216,68437,81338,Rhinolophus ferrumequinum,0.023,0.023,-1,Echolocation,/mnt/ubna_data_02_mir/recover-20221013/UBNA_001/20221012_030000.WAV,Telephone Field,recover-20221013,001,1795
1421.1115,1421.1508,68437,81901,Rhinolophus ferrumequinum,0.022,0.022,-1,Echolocation,/mnt/ubna_data_02_mir/recover-20221013/UBNA_001/20221012_030000.WAV,Telephone Field,recover-20221013,001,1795
1421.1205,1421.1598,68437,82266,Rhinolophus ferrumequinum,0.023,0.023,-1,Echolocation,/mnt/ubna_data_02_mir/recover-20221013/UBNA_001/20221012_030000.WAV,Telephone Field,recover-20221013,001,1795
1421.1495,1421.1896,68437,82805,Rhinolophus ferrumequinum,0.024,0.024,-1,Echolocation,/mnt/ubna_data_02_mir/recover-20221013/UBNA_001/20221012_030000.WAV,Telephone Field,recover-20221013,001,1795
1421.1655,1421.2081,68437,82857,Rhinolophus ferrumequinum,0.026,0.026,-1,Echolocation,/mnt/ubna_data_02_mir/recover-20221013/UBNA_001/20221012_030000.WAV,Telephone Field,recover-20221013,001,1795
1421.1835,1421.1919,28906,38489,Eptesicus serotinus,0.007,0.022,-1,Echolocation,/mnt/ubna_data_02_mir/recover-20221013/UBNA_001/20221012_030000.WAV,Telephone Field,recover-20221013,001,1795
1421.2145,1421.2517,68437,81634,Rhinolophus ferrumequinum,0.024,0.024,-1,Echolocation,/mnt/ubna_data_02_mir/recover-20221013/UBNA_001/20221012_030000.WAV,Telephone Field,recover-20221013,001,1795
1421.2495,1421.286,68437,81082,Rhinolophus ferrumequinum,0.022,0.022,-1,Echolocation,/mnt/ubna_data_02_mir/recover-20221013/UBNA_001/20221012_030000.WAV,Telephone Field,recover-20221013,001,1795
1421.3175,1421.3547,68437,81781,Rhinolophus ferrumequinum,0.023,0.023,-1,Echolocation,/mnt/ubna_data_02_mir/recover-20221013/UBNA_001/20221012_030000.WAV,Telephone Field,recover-20221013,001,1795
1421.3925,1421.4321,68437,82187,Rhinolophus ferrumequinum,0.029,0.029,-1,Echolocation,/mnt/ubna_data_02_mir/recover-20221013/UBNA_001/20221012_030000.WAV,Telephone Field,recover-20221013,001,1795
1421.4015,1421.4156,22890,27010,Nyctalus leisleri,0.04,0.07,-1,Echolocation,/mnt/ubna_data_02_mir/recover-20221013/UBNA_001/20221012_030000.WAV,Telephone Field,recover-20221013,001,1795
1421.4335,1421.4728,68437,81570,Rhinolophus ferrumequinum,0.029,0.029,-1,Echolocation,/mnt/ubna_data_02_mir/recover-20221013/UBNA_001/20221012_030000.WAV,Telephone Field,recover-20221013,001,1795
1421.4395,1421.4787,68437,82459,Rhinolophus ferrumequinum,0.028,0.028,-1,Echolocation,/mnt/ubna_data_02_mir/recover-20221013/UBNA_001/20221012_030000.WAV,Telephone Field,recover-20221013,001,1795
1421.4685,1421.5103,68437,82666,Rhinolophus ferrumequinum,0.024,0.024,-1,Echolocation,/mnt/ubna_data_02_mir/recover-20221013/UBNA_001/20221012_030000.WAV,Telephone Field,recover-20221013,001,1795
1421.4965,1421.5348,68437,82030,Rhinolophus ferrumequinum,0.024,0.024,-1,Echolocation,/mnt/ubna_data_02_mir/recover-20221013/UBNA_001/20221012_030000.WAV,Telephone Field,recover-20221013,001,1795
1421.5035,1421.5415,68437,82030,Rhinolophus ferrumequinum,0.024,0.024,-1,Echolocation,/mnt/ubna_data_02_mir/recover-20221013/UBNA_001/20221012_030000.WAV,Telephone Field,recover-20221013,001,1795
1421.5275,1421.535,28046,39441,Eptesicus serotinus,0.006,0.023,-1,Echolocation,/mnt/ubna_data_02_mir/recover-20221013/UBNA_001/20221012_030000.WAV,Telephone Field,recover-20221013,001,1795
1421.5285,1421.5689,68437,82537,Rhinolophus ferrumequinum,0.037,0.038,-1,Echolocation,/mnt/ubna_data_02_mir/recover-20221013/UBNA_001/20221012_030000.WAV,Telephone Field,recover-20221013,001,1795
1421.5485,1421.5596,22031,26515,Nyctalus leisleri,0.012,0.023,-1,Echolocation,/mnt/ubna_data_02_mir/recover-20221013/UBNA_001/20221012_030000.WAV,Telephone Field,recover-20221013,001,1795
1421.5835,1421.6249,68437,82650,Rhinolophus ferrumequinum,0.023,0.023,-1,Echolocation,/mnt/ubna_data_02_mir/recover-20221013/UBNA_001/20221012_030000.WAV,Telephone Field,recover-20221013,001,1795
1421.5995,1421.6149,30625,34808,Eptesicus serotinus,0.019,0.047,-1,Echolocation,/mnt/ubna_data_02_mir/recover-20221013/UBNA_001/20221012_030000.WAV,Telephone Field,recover-20221013,001,1795
1421.6445,1421.6547,22890,28822,Nyctalus leisleri,0.009,0.023,-1,Echolocation,/mnt/ubna_data_02_mir/recover-20221013/UBNA_001/20221012_030000.WAV,Telephone Field,recover-20221013,001,1795
1421.6835,1421.7217,68437,82344,Rhinolophus ferrumequinum,0.024,0.024,-1,Echolocation,/mnt/ubna_data_02_mir/recover-20221013/UBNA_001/20221012_030000.WAV,Telephone Field,recover-20221013,001,1795
1421.6955,1421.7072,14296,19283,Nyctalus noctula,0.016,0.027,-1,Echolocation,/mnt/ubna_data_02_mir/recover-20221013/UBNA_001/20221012_030000.WAV,Telephone Field,recover-20221013,001,1795
1421.7145,1421.7539,68437,82089,Rhinolophus ferrumequinum,0.023,0.023,-1,Echolocation,/mnt/ubna_data_02_mir/recover-20221013/UBNA_001/20221012_030000.WAV,Telephone Field,recover-20221013,001,1795
1421.7295,1421.7658,68437,81865,Rhinolophus ferrumequinum,0.032,0.032,-1,Echolocation,/mnt/ubna_data_02_mir/recover-20221013/UBNA_001/20221012_030000.WAV,Telephone Field,recover-20221013,001,1795
1421.7545,1421.7972,68437,83103,Rhinolophus ferrumequinum,0.046,0.046,-1,Echolocation,/mnt/ubna_data_02_mir/recover-20221013/UBNA_001/20221012_030000.WAV,Telephone Field,recover-20221013,001,1795
1421.7775,1421.816,68437,82086,Rhinolophus ferrumequinum,0.024,0.024,-1,Echolocation,/mnt/ubna_data_02_mir/recover-20221013/UBNA_001/20221012_030000.WAV,Telephone Field,recover-20221013,001,1795
1421.8085,1421.8223,23750,29607,Nyctalus leisleri,0.015,0.033,-1,Echolocation,/mnt/ubna_data_02_mir/recover-20221013/UBNA_001/20221012_030000.WAV,Telephone Field,recover-20221013,001,1795
1421.8405,1421.8474,24609,34053,Plecotus austriacus,0.012,0.027,-1,Echolocation,/mnt/ubna_data_02_mir/recover-20221013/UBNA_001/20221012_030000.WAV,Telephone Field,recover-20221013,001,1795
1421.8445,1421.8893,68437,83336,Rhinolophus ferrumequinum,0.029,0.029,-1,Echolocation,/mnt/ubna_data_02_mir/recover-20221013/UBNA_001/20221012_030000.WAV,Telephone Field,recover-20221013,001,1795
1421.8615,1421.9043,68437,83331,Rhinolophus ferrumequinum,0.023,0.023,-1,Echolocation,/mnt/ubna_data_02_mir/recover-20221013/UBNA_001/20221012_030000.WAV,Telephone Field,recover-20221013,001,1795
1421.8735,1421.9117,68437,82410,Rhinolophus ferrumequinum,0.022,0.022,-1,Echolocation,/mnt/ubna_data_02_mir/recover-20221013/UBNA_001/20221012_030000.WAV,Telephone Field,recover-20221013,001,1795
1421.8855,1421.8939,50390,54238,Pipistrellus pipistrellus,0.023,0.026,-1,Echolocation,/mnt/ubna_data_02_mir/recover-20221013/UBNA_001/20221012_030000.WAV,Telephone Field,recover-20221013,001,1795
1421.9205,1421.9286,26328,35206,Eptesicus serotinus,0.01,0.031,-1,Echolocation,/mnt/ubna_data_02_mir/recover-20221013/UBNA_001/20221012_030000.WAV,Telephone Field,recover-20221013,001,1795
1421.9235,1421.9607,68437,81639,Rhinolophus ferrumequinum,0.062,0.062,-1,Echolocation,/mnt/ubna_data_02_mir/recover-20221013/UBNA_001/20221012_030000.WAV,Telephone Field,recover-20221013,001,1795
1421.9705,1421.9777,28046,38764,Eptesicus serotinus,0.006,0.022,-1,Echolocation,/mnt/ubna_data_02_mir/recover-20221013/UBNA_001/20221012_030000.WAV,Telephone Field,recover-20221013,001,1795
1422.0015,1422.0318,68437,79784,Rhinolophus ferrumequinum,0.03,0.03,-1,Echolocation,/mnt/ubna_data_02_mir/recover-20221013/UBNA_001/20221012_030000.WAV,Telephone Field,recover-20221013,001,1795
1422.0015,1422.0103,22031,28434,Nyctalus leisleri,0.01,0.029,-1,Echolocation,/mnt/ubna_data_02_mir/recover-20221013/UBNA_001/20221012_030000.WAV,Telephone Field,recover-20221013,001,1795
1422.0015,1422.008,48671,54738,Pipistrellus pipistrellus,0.018,0.022,-1,Echolocation,/mnt/ubna_data_02_mir/recover-20221013/UBNA_001/20221012_030000.WAV,Telephone Field,recover-20221013,001,1795
1422.0075,1422.0169,28906,37256,Eptesicus serotinus,0.008,0.023,-1,Echolocation,/mnt/ubna_data_02_mir/recover-20221013/UBNA_001/20221012_030000.WAV,Telephone Field,recover-20221013,001,1795
1422.0095,1422.0506,68437,81798,Rhinolophus ferrumequinum,0.024,0.024,-1,Echolocation,/mnt/ubna_data_02_mir/recover-20221013/UBNA_001/20221012_030000.WAV,Telephone Field,recover-20221013,001,1795
1422.0375,1422.0444,30625,38499,Eptesicus serotinus,0.058,0.111,-1,Echolocation,/mnt/ubna_data_02_mir/recover-20221013/UBNA_001/20221012_030000.WAV,Telephone Field,recover-20221013,001,1795
1422.0855,1422.0998,28906,33780,Eptesicus serotinus,0.019,0.038,-1,Echolocation,/mnt/ubna_data_02_mir/recover-20221013/UBNA_001/20221012_030000.WAV,Telephone Field,recover-20221013,001,1795
1422.1015,1422.1373,68437,80514,Rhinolophus ferrumequinum,0.021,0.021,-1,Echolocation,/mnt/ubna_data_02_mir/recover-20221013/UBNA_001/20221012_030000.WAV,Telephone Field,recover-20221013,001,1795
1422.1145,1422.1241,27187,37517,Eptesicus serotinus,0.009,0.022,-1,Echolocation,/mnt/ubna_data_02_mir/recover-20221013/UBNA_001/20221012_030000.WAV,Telephone Field,recover-20221013,001,1795
1422.1205,1422.1612,68437,82833,Rhinolophus ferrumequinum,0.023,0.023,-1,Echolocation,/mnt/ubna_data_02_mir/recover-20221013/UBNA_001/20221012_030000.WAV,Telephone Field,recover-20221013,001,1795
1422.1495,1422.1601,23750,29289,Nyctalus leisleri,0.011,0.025,-1,Echolocation,/mnt/ubna_data_02_mir/recover-20221013/UBNA_001/20221012_030000.WAV,Telephone Field,recover-20221013,001,1795
1422.1555,1422.196,68437,82885,Rhinolophus ferrumequinum,0.026,0.026,-1,Echolocation,/mnt/ubna_data_02_mir/recover-20221013/UBNA_001/20221012_030000.WAV,Telephone Field,recover-20221013,001,1795
1422.1755,1422.214,68437,81836,Rhinolophus ferrumequinum,0.023,0.023,-1,Echolocation,/mnt/ubna_data_02_mir/recover-20221013/UBNA_001/20221012_030000.WAV,Telephone Field,recover-20221013,001,1795
1422.1815,1422.2155,68437,80414,Rhinolophus ferrumequinum,0.023,0.023,-1,Echolocation,/mnt/ubna_data_02_mir/recover-20221013/UBNA_001/20221012_030000.WAV,Telephone Field,recover-20221013,001,1795
1422.2045,1422.2448,68437,82466,Rhinolophus ferrumequinum,0.025,0.025,-1,Echolocation,/mnt/ubna_data_02_mir/recover-20221013/UBNA_001/20221012_030000.WAV,Telephone Field,recover-20221013,001,1795
1422.2115,1422.2242,22890,27726,Nyctalus leisleri,0.015,0.03,-1,Echolocation,/mnt/ubna_data_02_mir/recover-20221013/UBNA_001/20221012_030000.WAV,Telephone Field,recover-20221013,001,1795
1422.2125,1422.2531,68437,82409,Rhinolophus ferrumequinum,0.024,0.024,-1,Echolocation,/mnt/ubna_data_02_mir/recover-20221013/UBNA_001/20221012_030000.WAV,Telephone Field,recover-20221013,001,1795
1422.2465,1422.2888,68437,82799,Rhinolophus ferrumequinum,0.03,0.03,-1,Echolocation,/mnt/ubna_data_02_mir/recover-20221013/UBNA_001/20221012_030000.WAV,Telephone Field,recover-20221013,001,1795
1422.2685,1422.3053,68437,81450,Rhinolophus ferrumequinum,0.038,0.038,-1,Echolocation,/mnt/ubna_data_02_mir/recover-20221013/UBNA_001/20221012_030000.WAV,Telephone Field,recover-20221013,001,1795
1422.2985,1422.3081,24609,31099,Nyctalus leisleri,0.007,0.021,-1,Echolocation,/mnt/ubna_data_02_mir/recover-20221013/UBNA_001/20221012_030000.WAV,Telephone Field,recover-20221013,001,1795
1422.3175,1422.3253,28906,39078,Eptesicus serotinus,0.007,0.022,-1,Echolocation,/mnt/ubna_data_02_mir/recover-20221013/UBNA_001/20221012_030000.WAV,Telephone Field,recover-20221013,001,1795
1422.3175,1422.3584,68437,82582,Rhinolophus ferrumequinum,0.024,0.024,-1,Echolocation,/mnt/ubna_data_02_mir/recover-20221013/UBNA_001/20221012_030000.WAV,Telephone Field,recover-20221013,001,1795
1422.3385,1422.3478,47812,51665,Pipistrellus pipistrellus,0.035,0.037,-1,Echolocation,/mnt/ubna_data_02_mir/recover-20221013/UBNA_001/20221012_030000.WAV,Telephone Field,recover-20221013,001,1795
1422.3485,1422.3858,68437,81559,Rhinolophus ferrumequinum,0.026,0.026,-1,Echolocation,/mnt/ubna_data_02_mir/recover-20221013/UBNA_001/20221012_030000.WAV,Telephone Field,recover-20221013,001,1795
1422.4505,1422.4915,68437,81283,Rhinolophus ferrumequinum,0.029,0.029,-1,Echolocation,/mnt/ubna_data_02_mir/recover-20221013/UBNA_001/20221012_030000.WAV,Telephone Field,recover-20221013,001,1795
1422.4865,1422.4958,28906,36401,Eptesicus serotinus,0.012,0.027,-1,Echolocation,/mnt/ubna_data_02_mir/recover-20221013/UBNA_001/20221012_030000.WAV,Telephone Field,recover-20221013,001,1795
1422.5095,1422.5486,68437,82173,Rhinolophus ferrumequinum,0.024,0.024,-1,Echolocation,/mnt/ubna_data_02_mir/recover-20221013/UBNA_001/20221012_030000.WAV,Telephone Field,recover-20221013,001,1795
1422.5145,1422.5541,68437,82663,Rhinolophus ferrumequinum,0.024,0.024,-1,Echolocation,/mnt/ubna_data_02_mir/recover-20221013/UBNA_001/20221012_030000.WAV,Telephone Field,recover-20221013,001,1795
1422.5205,1422.5615,68437,82803,Rhinolophus ferrumequinum,0.023,0.023,-1,Echolocation,/mnt/ubna_data_02_mir/recover-20221013/UBNA_001/20221012_030000.WAV,Telephone Field,recover-20221013,001,1795
1422.5385,1422.5495,23750,29764,Nyctalus leisleri,0.011,0.025,-1,Echolocation,/mnt/ubna_data_02_mir/recover-20221013/UBNA_001/20221012_030000.WAV,Telephone Field,recover-20221013,001,1795
1422.5675,1422.5828,23750,27664,Nyctalus leisleri,0.021,0.034,-1,Echolocation,/mnt/ubna_data_02_mir/recover-20221013/UBNA_001/20221012_030000.WAV,Telephone Field,recover-20221013,001,1795
1422.5995,1422.639,68437,81738,Rhinolophus ferrumequinum,0.029,0.029,-1,Echolocation,/mnt/ubna_data_02_mir/recover-20221013/UBNA_001/20221012_030000.WAV,Telephone Field,recover-20221013,001,1795
1422.6315,1422.672,68437,82276,Rhinolophus ferrumequinum,0.021,0.021,-1,Echolocation,/mnt/ubna_data_02_mir/recover-20221013/UBNA_001/20221012_030000.WAV,Telephone Field,recover-20221013,001,1795
1422.6445,1422.6822,68437,81902,Rhinolophus ferrumequinum,0.021,0.021,-1,Echolocation,/mnt/ubna_data_02_mir/recover-20221013/UBNA_001/20221012_030000.WAV,Telephone Field,recover-20221013,001,1795
1422.6805,1422.7203,68437,81837,Rhinolophus ferrumequinum,0.021,0.021,-1,Echolocation,/mnt/ubna_data_02_mir/recover-20221013/UBNA_001/20221012_030000.WAV,Telephone Field,recover-20221013,001,1795
1422.6955,1422.7025,29765,41505,Eptesicus serotinus,0.007,0.027,-1,Echolocation,/mnt/ubna_data_02_mir/recover-20221013/UBNA_001/20221012_030000.WAV,Telephone Field,recover-20221013,001,1795
1422.7135,1422.7239,45234,49451,Pipistrellus pipistrellus,0.019,0.021,-1,Echolocation,/mnt/ubna_data_02_mir/recover-20221013/UBNA_001/20221012_030000.WAV,Telephone Field,recover-20221013,001,1795
1422.7145,1422.723,28906,43658,Eptesicus serotinus,0.008,0.024,-1,Echolocation,/mnt/ubna_data_02_mir/recover-20221013/UBNA_001/20221012_030000.WAV,Telephone Field,recover-20221013,001,1795
1422.7455,1422.7839,68437,81803,Rhinolophus ferrumequinum,0.022,0.022,-1,Echolocation,/mnt/ubna_data_02_mir/recover-20221013/UBNA_001/20221012_030000.WAV,Telephone Field,recover-20221013,001,1795
1422.7885,1422.8254,68437,81517,Rhinolophus ferrumequinum,0.023,0.023,-1,Echolocation,/mnt/ubna_data_02_mir/recover-20221013/UBNA_001/20221012_030000.WAV,Telephone Field,recover-20221013,001,1795
1422.8055,1422.8415,68437,81355,Rhinolophus ferrumequinum,0.025,0.025,-1,Echolocation,/mnt/ubna_data_02_mir/recover-20221013/UBNA_001/20221012_030000.WAV,Telephone Field,recover-20221013,001,1795
1422.8325,1422.8711,68437,82125,Rhinolophus ferrumequinum,0.023,0.023,-1,Echolocation,/mnt/ubna_data_02_mir/recover-20221013/UBNA_001/20221012_030000.WAV,Telephone Field,recover-20221013,001,1795
1422.8395,1422.8508,23750,28881,Nyctalus leisleri,0.01,0.021,-1,Echolocation,/mnt/ubna_data_02_mir/recover-20221013/UBNA_001/20221012_030000.WAV,Telephone Field,recover-20221013,001,1795
1422.8555,1422.8639,28906,41849,Eptesicus serotinus,0.008,0.021,-1,Echolocation,/mnt/ubna_data_02_mir/recover-20221013/UBNA_001/20221012_030000.WAV,Telephone Field,recover-20221013,001,1795
1422.8725,1422.8808,29765,39957,Eptesicus serotinus,0.007,0.023,-1,Echolocation,/mnt/ubna_data_02_mir/recover-20221013/UBNA_001/20221012_030000.WAV,Telephone Field,recover-20221013,001,1795
1422.8745,1422.9113,68437,81028,Rhinolophus ferrumequinum,0.022,0.022,-1,Echolocation,/mnt/ubna_data_02_mir/recover-20221013/UBNA_001/20221012_030000.WAV,Telephone Field,recover-20221013,001,1795
1422.8865,1422.924,68437,81440,Rhinolophus ferrumequinum,0.023,0.023,-1,Echolocation,/mnt/ubna_data_02_mir/recover-20221013/UBNA_001/20221012_030000.WAV,Telephone Field,recover-20221013,001,1795
1422.9315,1422.9704,68437,82638,Rhinolophus ferrumequinum,0.025,0.025,-1,Echolocation,/mnt/ubna_data_02_mir/recover-20221013/UBNA_001/20221012_030000.WAV,Telephone Field,recover-20221013,001,1795
1422.9455,1422.9861,68437,82379,Rhinolophus ferrumequinum,0.025,0.025,-1,Echolocation,/mnt/ubna_data_02_mir/recover-20221013/UBNA_001/20221012_030000.WAV,Telephone Field,recover-20221013,001,1795
1422.9915,1423.0331,68437,82487,Rhinolophus ferrumequinum,0.03,0.03,-1,Echolocation,/mnt/ubna_data_02_mir/recover-20221013/UBNA_001/20221012_030000.WAV,Telephone Field,recover-20221013,001,1795
1422.9965,1423.0086,44375,48337,Pipistrellus pipistrellus,0.165,0.176,-1,Echolocation,/mnt/ubna_data_02_mir/recover-20221013/UBNA_001/20221012_030000.WAV,Telephone Field,recover-20221013,001,1795
1423.0145,1423.0562,68437,82064,Rhinolophus ferrumequinum,0.039,0.039,-1,Echolocation,/mnt/ubna_data_02_mir/recover-20221013/UBNA_001/20221012_030000.WAV,Telephone Field,recover-20221013,001,1795
1423.0455,1423.0792,68437,80642,Rhinolophus ferrumequinum,0.026,0.026,-1,Echolocation,/mnt/ubna_data_02_mir/recover-20221013/UBNA_001/20221012_030000.WAV,Telephone Field,recover-20221013,001,1795
1423.0785,1423.1192,68437,82496,Rhinolophus ferrumequinum,0.024,0.024,-1,Echolocation,/mnt/ubna_data_02_mir/recover-20221013/UBNA_001/20221012_030000.WAV,Telephone Field,recover-20221013,001,1795
1423.1285,1423.1391,45234,48218,Pipistrellus pipistrellus,0.025,0.027,-1,Echolocation,/mnt/ubna_data_02_mir/recover-20221013/UBNA_001/20221012_030000.WAV,Telephone Field,recover-20221013,001,1795
1423.1495,1423.1887,68437,82445,Rhinolophus ferrumequinum,0.023,0.023,-1,Echolocation,/mnt/ubna_data_02_mir/recover-20221013/UBNA_001/20221012_030000.WAV,Telephone Field,recover-20221013,001,1795
1423.1645,1423.2075,68437,83352,Rhinolophus ferrumequinum,0.035,0.035,-1,Echolocation,/mnt/ubna_data_02_mir/recover-20221013/UBNA_001/20221012_030000.WAV,Telephone Field,recover-20221013,001,1795
1423.1825,1423.1908,29765,39887,Eptesicus serotinus,0.009,0.024,-1,Echolocation,/mnt/ubna_data_02_mir/recover-20221013/UBNA_001/20221012_030000.WAV,Telephone Field,recover-20221013,001,1795
1423.1835,1423.1913,24609,33910,Plecotus austriacus,0.007,0.022,-1,Echolocation,/mnt/ubna_data_02_mir/recover-20221013/UBNA_001/20221012_030000.WAV,Telephone Field,recover-20221013,001,1795
1423.1845,1423.2295,68437,83441,Rhinolophus ferrumequinum,0.043,0.043,-1,Echolocation,/mnt/ubna_data_02_mir/recover-20221013/UBNA_001/20221012_030000.WAV,Telephone Field,recover-20221013,001,1795
1423.2395,1423.2793,68437,82236,Rhinolophus ferrumequinum,0.022,0.022,-1,Echolocation,/mnt/ubna_data_02_mir/recover-20221013/UBNA_001/20221012_030000.WAV,Telephone Field,recover-20221013,001,1795
1423.2715,1423.314,68437,82640,Rhinolophus ferrumequinum,0.027,0.027,-1,Echolocation,/mnt/ubna_data_02_mir/recover-20221013/UBNA_001/20221012_030000.WAV,Telephone Field,recover-20221013,001,1795
1423.2955,1423.3347,68437,82234,Rhinolophus ferrumequinum,0.021,0.021,-1,Echolocation,/mnt/ubna_data_02_mir/recover-20221013/UBNA_001/20221012_030000.WAV,Telephone Field,recover-20221013,001,1795
1423.3335,1423.372,68437,82179,Rhinolophus ferrumequinum,0.024,0.024,-1,Echolocation,/mnt/ubna_data_02_mir/recover-20221013/UBNA_001/20221012_030000.WAV,Telephone Field,recover-20221013,001,1795
1423.3585,1423.3988,68437,82676,Rhinolophus ferrumequinum,0.026,0.026,-1,Echolocation,/mnt/ubna_data_02_mir/recover-20221013/UBNA_001/20221012_030000.WAV,Telephone Field,recover-20221013,001,1795
1423.3815,1423.3902,28906,39459,Eptesicus serotinus,0.008,0.023,-1,Echolocation,/mnt/ubna_data_02_mir/recover-20221013/UBNA_001/20221012_030000.WAV,Telephone Field,recover-20221013,001,1795
1423.3905,1423.3998,28906,37175,Eptesicus serotinus,0.01,0.022,-1,Echolocation,/mnt/ubna_data_02_mir/recover-20221013/UBNA_001/20221012_030000.WAV,Telephone Field,recover-20221013,001,1795
1423.4155,1423.4505,68437,80282,Rhinolophus ferrumequinum,0.021,0.021,-1,Echolocation,/mnt/ubna_data_02_mir/recover-20221013/UBNA_001/20221012_030000.WAV,Telephone Field,recover-20221013,001,1795
1423.4155,1423.4276,22890,27264,Nyctalus leisleri,0.013,0.022,-1,Echolocation,/mnt/ubna_data_02_mir/recover-20221013/UBNA_001/20221012_030000.WAV,Telephone Field,recover-20221013,001,1795
1423.4245,1423.4359,29765,37746,Eptesicus serotinus,0.014,0.028,-1,Echolocation,/mnt/ubna_data_02_mir/recover-20221013/UBNA_001/20221012_030000.WAV,Telephone Field,recover-20221013,001,1795
1423.4575,1423.4979,68437,82659,Rhinolophus ferrumequinum,0.023,0.023,-1,Echolocation,/mnt/ubna_data_02_mir/recover-20221013/UBNA_001/20221012_030000.WAV,Telephone Field,recover-20221013,001,1795
1423.4625,1423.5014,68437,81838,Rhinolophus ferrumequinum,0.022,0.022,-1,Echolocation,/mnt/ubna_data_02_mir/recover-20221013/UBNA_001/20221012_030000.WAV,Telephone Field,recover-20221013,001,1795
1423.4675,1423.4776,44375,47966,Pipistrellus pipistrellus,0.03,0.032,-1,Echolocation,/mnt/ubna_data_02_mir/recover-20221013/UBNA_001/20221012_030000.WAV,Telephone Field,recover-20221013,001,1795
1423.4805,1423.4908,23750,30304,Nyctalus leisleri,0.009,0.022,-1,Echolocation,/mnt/ubna_data_02_mir/recover-20221013/UBNA_001/20221012_030000.WAV,Telephone Field,recover-20221013,001,1795
1423.4935,1423.5052,22890,27186,Nyctalus leisleri,0.012,0.021,-1,Echolocation,/mnt/ubna_data_02_mir/recover-20221013/UBNA_001/20221012_030000.WAV,Telephone Field,recover-20221013,001,1795
1423.4985,1423.5387,68437,81787,Rhinolophus ferrumequinum,0.021,0.021,-1,Echolocation,/mnt/ubna_data_02_mir/recover-20221013/UBNA_001/20221012_030000.WAV,Telephone Field,recover-20221013,001,1795
1423.5315,1423.5724,68437,82707,Rhinolophus ferrumequinum,0.033,0.033,-1,Echolocation,/mnt/ubna_data_02_mir/recover-20221013/UBNA_001/20221012_030000.WAV,Telephone Field,recover-20221013,001,1795
1423.5615,1423.6062,68437,82833,Rhinolophus ferrumequinum,0.026,0.026,-1,Echolocation,/mnt/ubna_data_02_mir/recover-20221013/UBNA_001/20221012_030000.WAV,Telephone Field,recover-20221013,001,1795
1423.5795,1423.6202,68437,82519,Rhinolophus ferrumequinum,0.025,0.025,-1,Echolocation,/mnt/ubna_data_02_mir/recover-20221013/UBNA_001/20221012_030000.WAV,Telephone Field,recover-20221013,001,1795
1423.6385,1423.6788,68437,82501,Rhinolophus ferrumequinum,0.022,0.022,-1,Echolocation,/mnt/ubna_data_02_mir/recover-20221013/UBNA_001/20221012_030000.WAV,Telephone Field,recover-20221013,001,1795
1423.6685,1423.7063,68437,81860,Rhinolophus ferrumequinum,0.023,0.024,-1,Echolocation,/mnt/ubna_data_02_mir/recover-20221013/UBNA_001/20221012_030000.WAV,Telephone Field,recover-20221013,001,1795
1423.7085,1423.7203,26328,32274,Eptesicus serotinus,0.013,0.03,-1,Echolocation,/mnt/ubna_data_02_mir/recover-20221013/UBNA_001/20221012_030000.WAV,Telephone Field,recover-20221013,001,1795
1423.7115,1423.7533,68437,81962,Rhinolophus ferrumequinum,0.024,0.024,-1,Echolocation,/mnt/ubna_data_02_mir/recover-20221013/UBNA_001/20221012_030000.WAV,Telephone Field,recover-20221013,001,1795
1423.7505,1423.789,68437,82208,Rhinolophus ferrumequinum,0.021,0.022,-1,Echolocation,/mnt/ubna_data_02_mir/recover-20221013/UBNA_001/20221012_030000.WAV,Telephone Field,recover-20221013,001,1795
1423.7635,1423.8033,68437,81592,Rhinolophus ferrumequinum,0.027,0.027,-1,Echolocation,/mnt/ubna_data_02_mir/recover-20221013/UBNA_001/20221012_030000.WAV,Telephone Field,recover-20221013,001,1795
1423.7895,1423.7971,24609,33387,Plecotus austriacus,0.012,0.032,-1,Echolocation,/mnt/ubna_data_02_mir/recover-20221013/UBNA_001/20221012_030000.WAV,Telephone Field,recover-20221013,001,1795
1423.8185,1423.8302,27187,35252,Eptesicus serotinus,0.012,0.023,-1,Echolocation,/mnt/ubna_data_02_mir/recover-20221013/UBNA_001/20221012_030000.WAV,Telephone Field,recover-20221013,001,1795
1423.8505,1423.8874,68437,81394,Rhinolophus ferrumequinum,0.021,0.021,-1,Echolocation,/mnt/ubna_data_02_mir/recover-20221013/UBNA_001/20221012_030000.WAV,Telephone Field,recover-20221013,001,1795
1423.8675,1423.9085,68437,82749,Rhinolophus ferrumequinum,0.025,0.025,-1,Echolocation,/mnt/ubna_data_02_mir/recover-20221013/UBNA_001/20221012_030000.WAV,Telephone Field,recover-20221013,001,1795
1423.8845,1423.9263,68437,82338,Rhinolophus ferrumequinum,0.021,0.021,-1,Echolocation,/mnt/ubna_data_02_mir/recover-20221013/UBNA_001/20221012_030000.WAV,Telephone Field,recover-20221013,001,1795
1423.8905,1423.908,20312,23959,Nyctalus leisleri,0.013,0.024,-1,Echolocation,/mnt/ubna_data_02_mir/recover-20221013/UBNA_001/20221012_030000.WAV,Telephone Field,recover-20221013,001,1795
1423.9075,1423.9515,68437,83552,Rhinolophus ferrumequinum,0.032,0.032,-1,Echolocation,/mnt/ubna_data_02_mir/recover-20221013/UBNA_001/20221012_030000.WAV,Telephone Field,recover-20221013,001,1795
1423.9135,1423.923,24609,32263,Eptesicus serotinus,0.013,0.04,-1,Echolocation,/mnt/ubna_data_02_mir/recover-20221013/UBNA_001/20221012_030000.WAV,Telephone Field,recover-20221013,001,1795
1423.9225,1423.9562,68437,81367,Rhinolophus ferrumequinum,0.022,0.022,-1,Echolocation,/mnt/ubna_data_02_mir/recover-20221013/UBNA_001/20221012_030000.WAV,Telephone Field,recover-20221013,001,1795
1423.9325,1423.9433,46953,50407,Pipistrellus pipistrellus,0.02,0.022,-1,Echolocation,/mnt/ubna_data_02_mir/recover-20221013/UBNA_001/20221012_030000.WAV,Telephone Field,recover-20221013,001,1795
1423.9345,1423.943,28046,42159,Eptesicus serotinus,0.009,0.023,-1,Echolocation,/mnt/ubna_data_02_mir/recover-20221013/UBNA_001/20221012_030000.WAV,Telephone Field,recover-20221013,001,1795
1423.9605,1423.9683,23750,32002,Plecotus austriacus,0.01,0.025,-1,Echolocation,/mnt/ubna_data_02_mir/recover-20221013/UBNA_001/20221012_030000.WAV,Telephone Field,recover-20221013,001,1795
1423.9775,1423.9879,23750,29714,Nyctalus leisleri,0.008,0.021,-1,Echolocation,/mnt/ubna_data_02_mir/recover-20221013/UBNA_001/20221012_030000.WAV,Telephone Field,recover-20221013,001,1795
1424.0015,1424.0319,69296,81656,Rhinolophus ferrumequinum,0.029,0.029,-1,Echolocation,/mnt/ubna_data_02_mir/recover-20221013/UBNA_001/20221012_030000.WAV,Telephone Field,recover-20221013,001,1795
1424.0015,1424.0085,48671,55603,Pipistrellus pipistrellus,0.017,0.023,-1,Echolocation,/mnt/ubna_data_02_mir/recover-20221013/UBNA_001/20221012_030000.WAV,Telephone Field,recover-20221013,001,1795
1424.0015,1424.0134,36640,41864,Pipistrellus nathusii,0.012,0.025,-1,Echolocation,/mnt/ubna_data_02_mir/recover-20221013/UBNA_001/20221012_030000.WAV,Telephone Field,recover-20221013,001,1795
1424.0015,1424.0105,23750,31734,Nyctalus leisleri,0.007,0.027,-1,Echolocation,/mnt/ubna_data_02_mir/recover-20221013/UBNA_001/20221012_030000.WAV,Telephone Field,recover-20221013,001,1795
1424.0165,1424.0271,23750,28578,Nyctalus leisleri,0.011,0.023,-1,Echolocation,/mnt/ubna_data_02_mir/recover-20221013/UBNA_001/20221012_030000.WAV,Telephone Field,recover-20221013,001,1795
1424.0235,1424.0642,68437,82238,Rhinolophus ferrumequinum,0.023,0.023,-1,Echolocation,/mnt/ubna_data_02_mir/recover-20221013/UBNA_001/20221012_030000.WAV,Telephone Field,recover-20221013,001,1795
1424.0265,1424.0449,20312,23432,Nyctalus leisleri,0.013,0.023,-1,Echolocation,/mnt/ubna_data_02_mir/recover-20221013/UBNA_001/20221012_030000.WAV,Telephone Field,recover-20221013,001,1795
1424.0295,1424.0691,68437,81966,Rhinolophus ferrumequinum,0.022,0.022,-1,Echolocation,/mnt/ubna_data_02_mir/recover-20221013/UBNA_001/20221012_030000.WAV,Telephone Field,recover-20221013,001,1795
1424.0465,1424.0557,28046,36512,Eptesicus serotinus,0.009,0.022,-1,Echolocation,/mnt/ubna_data_02_mir/recover-20221013/UBNA_001/20221012_030000.WAV,Telephone Field,recover-20221013,001,1795
1424.0485,1424.0909,68437,83017,Rhinolophus ferrumequinum,0.03,0.03,-1,Echolocation,/mnt/ubna_data_02_mir/recover-20221013/UBNA_001/20221012_030000.WAV,Telephone Field,recover-20221013,001,1795
1424.1275,1424.1399,22890,27940,Nyctalus leisleri,0.015,0.029,-1,Echolocation,/mnt/ubna_data_02_mir/recover-20221013/UBNA_001/20221012_030000.WAV,Telephone Field,recover-20221013,001,1795
1424.1715,1424.2116,68437,82261,Rhinolophus ferrumequinum,0.024,0.024,-1,Echolocation,/mnt/ubna_data_02_mir/recover-20221013/UBNA_001/20221012_030000.WAV,Telephone Field,recover-20221013,001,1795
1424.1985,1424.2402,68437,82514,Rhinolophus ferrumequinum,0.055,0.055,-1,Echolocation,/mnt/ubna_data_02_mir/recover-20221013/UBNA_001/20221012_030000.WAV,Telephone Field,recover-20221013,001,1795
1424.2055,1424.2195,24609,29511,Nyctalus leisleri,0.029,0.065,-1,Echolocation,/mnt/ubna_data_02_mir/recover-20221013/UBNA_001/20221012_030000.WAV,Telephone Field,recover-20221013,001,1795
1424.2125,1424.251,68437,82042,Rhinolophus ferrumequinum,0.022,0.022,-1,Echolocation,/mnt/ubna_data_02_mir/recover-20221013/UBNA_001/20221012_030000.WAV,Telephone Field,recover-20221013,001,1795
1424.2755,1424.2857,28906,35952,Eptesicus serotinus,0.011,0.023,-1,Echolocation,/mnt/ubna_data_02_mir/recover-20221013/UBNA_001/20221012_030000.WAV,Telephone Field,recover-20221013,001,1795
1424.2975,1424.3107,26328,30810,Nyctalus leisleri,0.016,0.034,-1,Echolocation,/mnt/ubna_data_02_mir/recover-20221013/UBNA_001/20221012_030000.WAV,Telephone Field,recover-20221013,001,1795
1424.3355,1424.3466,45234,50783,Pipistrellus pipistrellus,0.021,0.025,-1,Echolocation,/mnt/ubna_data_02_mir/recover-20221013/UBNA_001/20221012_030000.WAV,Telephone Field,recover-20221013,001,1795
1424.3585,1424.3712,14296,20091,Nyctalus noctula,0.016,0.025,-1,Echolocation,/mnt/ubna_data_02_mir/recover-20221013/UBNA_001/20221012_030000.WAV,Telephone Field,recover-20221013,001,1795
1424.3825,1424.4183,68437,82141,Rhinolophus ferrumequinum,0.024,0.024,-1,Echolocation,/mnt/ubna_data_02_mir/recover-20221013/UBNA_001/20221012_030000.WAV,Telephone Field,recover-20221013,001,1795
1424.3935,1424.4314,68437,81925,Rhinolophus ferrumequinum,0.022,0.022,-1,Echolocation,/mnt/ubna_data_02_mir/recover-20221013/UBNA_001/20221012_030000.WAV,Telephone Field,recover-20221013,001,1795
1424.3985,1424.4361,68437,82106,Rhinolophus ferrumequinum,0.023,0.023,-1,Echolocation,/mnt/ubna_data_02_mir/recover-20221013/UBNA_001/20221012_030000.WAV,Telephone Field,recover-20221013,001,1795
1424.4185,1424.4567,68437,82429,Rhinolophus ferrumequinum,0.024,0.024,-1,Echolocation,/mnt/ubna_data_02_mir/recover-20221013/UBNA_001/20221012_030000.WAV,Telephone Field,recover-20221013,001,1795
1424.4275,1424.465,68437,82128,Rhinolophus ferrumequinum,0.022,0.022,-1,Echolocation,/mnt/ubna_data_02_mir/recover-20221013/UBNA_001/20221012_030000.WAV,Telephone Field,recover-20221013,001,1795
1424.4425,1424.45,27187,39402,Eptesicus serotinus,0.007,0.022,-1,Echolocation,/mnt/ubna_data_02_mir/recover-20221013/UBNA_001/20221012_030000.WAV,Telephone Field,recover-20221013,001,1795
1424.4435,1424.4821,68437,82735,Rhinolophus ferrumequinum,0.027,0.027,-1,Echolocation,/mnt/ubna_data_02_mir/recover-20221013/UBNA_001/20221012_030000.WAV,Telephone Field,recover-20221013,001,1795
1424.4585,1424.47,22890,28416,Nyctalus leisleri,0.013,0.027,-1,Echolocation,/mnt/ubna_data_02_mir/recover-20221013/UBNA_001/20221012_030000.WAV,Telephone Field,recover-20221013,001,1795
1424.4765,1424.5109,68437,81116,Rhinolophus ferrumequinum,0.022,0.022,-1,Echolocation,/mnt/ubna_data_02_mir/recover-20221013/UBNA_001/20221012_030000.WAV,Telephone Field,recover-20221013,001,1795
1424.4915,1424.4996,49531,54307,Pipistrellus pipistrellus,0.019,0.022,-1,Echolocation,/mnt/ubna_data_02_mir/recover-20221013/UBNA_001/20221012_030000.WAV,Telephone Field,recover-20221013,001,1795
1424.4975,1424.5038,31484,55307,Myotis daubentonii,0.017,0.032,-1,Echolocation,/mnt/ubna_data_02_mir/recover-20221013/UBNA_001/20221012_030000.WAV,Telephone Field,recover-20221013,001,1795
1424.5265,1424.5371,28046,35536,Eptesicus serotinus,0.01,0.023,-1,Echolocation,/mnt/ubna_data_02_mir/recover-20221013/UBNA_001/20221012_030000.WAV,Telephone Field,recover-20221013,001,1795
1424.5475,1424.5559,28906,41814,Eptesicus serotinus,0.011,0.027,-1,Echolocation,/mnt/ubna_data_02_mir/recover-20221013/UBNA_001/20221012_030000.WAV,Telephone Field,recover-20221013,001,1795
1424.5595,1424.5964,68437,81615,Rhinolophus ferrumequinum,0.022,0.022,-1,Echolocation,/mnt/ubna_data_02_mir/recover-20221013/UBNA_001/20221012_030000.WAV,Telephone Field,recover-20221013,001,1795
1424.5895,1424.6319,68437,82617,Rhinolophus ferrumequinum,0.028,0.028,-1,Echolocation,/mnt/ubna_data_02_mir/recover-20221013/UBNA_001/20221012_030000.WAV,Telephone Field,recover-20221013,001,1795
1424.5985,1424.6063,28046,37821,Eptesicus serotinus,0.007,0.024,-1,Echolocation,/mnt/ubna_data_02_mir/recover-20221013/UBNA_001/20221012_030000.WAV,Telephone Field,recover-20221013,001,1795
1424.6435,1424.6798,68437,81362,Rhinolophus ferrumequinum,0.032,0.032,-1,Echolocation,/mnt/ubna_data_02_mir/recover-20221013/UBNA_001/20221012_030000.WAV,Telephone Field,recover-20221013,001,1795
1424.6455,1424.6551,37500,42837,Barbastellus barbastellus,0.011,0.026,-1,Echolocation,/mnt/ubna_data_02_mir/recover-20221013/UBNA_001/20221012_030000.WAV,Telephone Field,recover-20221013,001,1795
1424.6665,1424.7031,68437,81389,Rhinolophus ferrumequinum,0.028,0.029,-1,Echolocation,/mnt/ubna_data_02_mir/recover-20221013/UBNA_001/20221012_030000.WAV,Telephone Field,recover-20221013,001,1795
1424.6795,1424.7186,68437,82690,Rhinolophus ferrumequinum,0.032,0.032,-1,Echolocation,/mnt/ubna_data_02_mir/recover-20221013/UBNA_001/20221012_030000.WAV,Telephone Field,recover-20221013,001,1795
1424.6915,1424.7285,68437,81401,Rhinolophus ferrumequinum,0.024,0.024,-1,Echolocation,/mnt/ubna_data_02_mir/recover-20221013/UBNA_001/20221012_030000.WAV,Telephone Field,recover-20221013,001,1795
1424.7115,1424.7228,23750,29163,Nyctalus leisleri,0.01,0.024,-1,Echolocation,/mnt/ubna_data_02_mir/recover-20221013/UBNA_001/20221012_030000.WAV,Telephone Field,recover-20221013,001,1795
1424.7215,1424.7569,68437,81320,Rhinolophus ferrumequinum,0.023,0.023,-1,Echolocation,/mnt/ubna_data_02_mir/recover-20221013/UBNA_001/20221012_030000.WAV,Telephone Field,recover-20221013,001,1795
1424.7335,1424.7704,68437,81551,Rhinolophus ferrumequinum,0.022,0.022,-1,Echolocation,/mnt/ubna_data_02_mir/recover-20221013/UBNA_001/20221012_030000.WAV,Telephone Field,recover-20221013,001,1795
1424.7395,1424.7462,28046,47285,Myotis daubentonii,0.007,0.025,-1,Echolocation,/mnt/ubna_data_02_mir/recover-20221013/UBNA_001/20221012_030000.WAV,Telephone Field,recover-20221013,001,1795
1424.7755,1424.7843,28046,40412,Eptesicus serotinus,0.009,0.023,-1,Echolocation,/mnt/ubna_data_02_mir/recover-20221013/UBNA_001/20221012_030000.WAV,Telephone Field,recover-20221013,001,1795
1424.7825,1424.8256,68437,83566,Rhinolophus ferrumequinum,0.029,0.029,-1,Echolocation,/mnt/ubna_data_02_mir/recover-20221013/UBNA_001/20221012_030000.WAV,Telephone Field,recover-20221013,001,1795
1424.8065,1424.8442,68437,81549,Rhinolophus ferrumequinum,0.025,0.025,-1,Echolocation,/mnt/ubna_data_02_mir/recover-20221013/UBNA_001/20221012_030000.WAV,Telephone Field,recover-20221013,001,1795
1424.8425,1424.8798,68437,81658,Rhinolophus ferrumequinum,0.023,0.023,-1,Echolocation,/mnt/ubna_data_02_mir/recover-20221013/UBNA_001/20221012_030000.WAV,Telephone Field,recover-20221013,001,1795
1424.8505,1424.8906,68437,82451,Rhinolophus ferrumequinum,0.024,0.024,-1,Echolocation,/mnt/ubna_data_02_mir/recover-20221013/UBNA_001/20221012_030000.WAV,Telephone Field,recover-20221013,001,1795
1424.8555,1424.8682,16015,21958,Nyctalus noctula,0.023,0.034,-1,Echolocation,/mnt/ubna_data_02_mir/recover-20221013/UBNA_001/20221012_030000.WAV,Telephone Field,recover-20221013,001,1795
1424.8595,1424.896,68437,81865,Rhinolophus ferrumequinum,0.027,0.027,-1,Echolocation,/mnt/ubna_data_02_mir/recover-20221013/UBNA_001/20221012_030000.WAV,Telephone Field,recover-20221013,001,1795
1424.8665,1424.8969,68437,80835,Rhinolophus ferrumequinum,0.024,0.024,-1,Echolocation,/mnt/ubna_data_02_mir/recover-20221013/UBNA_001/20221012_030000.WAV,Telephone Field,recover-20221013,001,1795
1424.8685,1424.8802,23750,29229,Nyctalus leisleri,0.014,0.029,-1,Echolocation,/mnt/ubna_data_02_mir/recover-20221013/UBNA_001/20221012_030000.WAV,Telephone Field,recover-20221013,001,1795
1424.8735,1424.9092,68437,81409,Rhinolophus ferrumequinum,0.022,0.022,-1,Echolocation,/mnt/ubna_data_02_mir/recover-20221013/UBNA_001/20221012_030000.WAV,Telephone Field,recover-20221013,001,1795
1424.8965,1424.9058,27187,34664,Eptesicus serotinus,0.01,0.024,-1,Echolocation,/mnt/ubna_data_02_mir/recover-20221013/UBNA_001/20221012_030000.WAV,Telephone Field,recover-20221013,001,1795
1424.8975,1424.9374,68437,81815,Rhinolophus ferrumequinum,0.025,0.025,-1,Echolocation,/mnt/ubna_data_02_mir/recover-20221013/UBNA_001/20221012_030000.WAV,Telephone Field,recover-20221013,001,1795
1424.9045,1424.945,68437,81816,Rhinolophus ferrumequinum,0.025,0.025,-1,Echolocation,/mnt/ubna_data_02_mir/recover-20221013/UBNA_001/20221012_030000.WAV,Telephone Field,recover-20221013,001,1795
1424.9495,1424.99,68437,82245,Rhinolophus ferrumequinum,0.024,0.024,-1,Echolocation,/mnt/ubna_data_02_mir/recover-20221013/UBNA_001/20221012_030000.WAV,Telephone Field,recover-20221013,001,1795
1424.9515,1424.9594,27187,38875,Eptesicus serotinus,0.007,0.022,-1,Echolocation,/mnt/ubna_data_02_mir/recover-20221013/UBNA_001/20221012_030000.WAV,Telephone Field,recover-20221013,001,1795
1424.9535,1424.9626,46953,53096,Pipistrellus pipistrellus,0.041,0.043,-1,Echolocation,/mnt/ubna_data_02_mir/recover-20221013/UBNA_001/20221012_030000.WAV,Telephone Field,recover-20221013,001,1795
1424.9565,1424.9967,68437,81515,Rhinolophus ferrumequinum,0.025,0.025,-1,Echolocation,/mnt/ubna_data_02_mir/recover-20221013/UBNA_001/20221012_030000.WAV,Telephone Field,recover-20221013,001,1795
1424.9895,1425.0304,68437,82497,Rhinolophus ferrumequinum,0.024,0.024,-1,Echolocation,/mnt/ubna_data_02_mir/recover-20221013/UBNA_001/20221012_030000.WAV,Telephone Field,recover-20221013,001,1795
1425.0385,1425.0789,68437,82567,Rhinolophus ferrumequinum,0.023,0.023,-1,Echolocation,/mnt/ubna_data_02_mir/recover-20221013/UBNA_001/20221012_030000.WAV,Telephone Field,recover-20221013,001,1795
1425.0565,1425.1002,68437,83734,Rhinolophus ferrumequinum,0.043,0.043,-1,Echolocation,/mnt/ubna_data_02_mir/recover-20221013/UBNA_001/20221012_030000.WAV,Telephone Field,recover-20221013,001,1795
1425.0745,1425.1101,68437,81739,Rhinolophus ferrumequinum,0.024,0.024,-1,Echolocation,/mnt/ubna_data_02_mir/recover-20221013/UBNA_001/20221012_030000.WAV,Telephone Field,recover-20221013,001,1795
1425.0805,1425.1023,20312,23384,Nyctalus leisleri,0.03,0.063,-1,Echolocation,/mnt/ubna_data_02_mir/recover-20221013/UBNA_001/20221012_030000.WAV,Telephone Field,recover-20221013,001,1795
1425.1005,1425.1382,68437,81636,Rhinolophus ferrumequinum,0.023,0.023,-1,Echolocation,/mnt/ubna_data_02_mir/recover-20221013/UBNA_001/20221012_030000.WAV,Telephone Field,recover-20221013,001,1795
1425.1325,1425.142,28906,37053,Eptesicus serotinus,0.009,0.023,-1,Echolocation,/mnt/ubna_data_02_mir/recover-20221013/UBNA_001/20221012_030000.WAV,Telephone Field,recover-20221013,001,1795
1425.1385,1425.1777,68437,82077,Rhinolophus ferrumequinum,0.022,0.022,-1,Echolocation,/mnt/ubna_data_02_mir/recover-20221013/UBNA_001/20221012_030000.WAV,Telephone Field,recover-20221013,001,1795
1425.1455,1425.1539,23750,31425,Plecotus austriacus,0.007,0.022,-1,Echolocation,/mnt/ubna_data_02_mir/recover-20221013/UBNA_001/20221012_030000.WAV,Telephone Field,recover-20221013,001,1795
1425.1605,1425.1999,68437,82358,Rhinolophus ferrumequinum,0.029,0.029,-1,Echolocation,/mnt/ubna_data_02_mir/recover-20221013/UBNA_001/20221012_030000.WAV,Telephone Field,recover-20221013,001,1795
1425.1865,1425.197,28046,36845,Eptesicus serotinus,0.015,0.029,-1,Echolocation,/mnt/ubna_data_02_mir/recover-20221013/UBNA_001/20221012_030000.WAV,Telephone Field,recover-20221013,001,1795
1425.1915,1425.2314,68437,82526,Rhinolophus ferrumequinum,0.023,0.023,-1,Echolocation,/mnt/ubna_data_02_mir/recover-20221013/UBNA_001/20221012_030000.WAV,Telephone Field,recover-20221013,001,1795
1425.2305,1425.2537,18593,21248,Nyctalus noctula,0.022,0.038,-1,Echolocation,/mnt/ubna_data_02_mir/recover-20221013/UBNA_001/20221012_030000.WAV,Telephone Field,recover-20221013,001,1795
1425.2445,1425.2528,24609,33727,Eptesicus serotinus,0.006,0.022,-1,Echolocation,/mnt/ubna_data_02_mir/recover-20221013/UBNA_001/20221012_030000.WAV,Telephone Field,recover-20221013,001,1795
1425.2585,1425.2681,24609,31389,Nyctalus leisleri,0.008,0.024,-1,Echolocation,/mnt/ubna_data_02_mir/recover-20221013/UBNA_001/20221012_030000.WAV,Telephone Field,recover-20221013,001,1795
1425.2605,1425.2965,68437,81333,Rhinolophus ferrumequinum,0.028,0.028,-1,Echolocation,/mnt/ubna_data_02_mir/recover-20221013/UBNA_001/20221012_030000.WAV,Telephone Field,recover-20221013,001,1795
1425.2615,1425.2706,50390,54314,Pipistrellus pipistrellus,0.039,0.043,-1,Echolocation,/mnt/ubna_data_02_mir/recover-20221013/UBNA_001/20221012_030000.WAV,Telephone Field,recover-20221013,001,1795
1425.3275,1425.3665,68437,82201,Rhinolophus ferrumequinum,0.027,0.027,-1,Echolocation,/mnt/ubna_data_02_mir/recover-20221013/UBNA_001/20221012_030000.WAV,Telephone Field,recover-20221013,001,1795
1425.3355,1425.3746,68437,82109,Rhinolophus ferrumequinum,0.027,0.027,-1,Echolocation,/mnt/ubna_data_02_mir/recover-20221013/UBNA_001/20221012_030000.WAV,Telephone Field,recover-20221013,001,1795
1425.3565,1425.3963,68437,82158,Rhinolophus ferrumequinum,0.027,0.027,-1,Echolocation,/mnt/ubna_data_02_mir/recover-20221013/UBNA_001/20221012_030000.WAV,Telephone Field,recover-20221013,001,1795
1425.3615,1425.3744,24609,29936,Nyctalus leisleri,0.011,0.024,-1,Echolocation,/mnt/ubna_data_02_mir/recover-20221013/UBNA_001/20221012_030000.WAV,Telephone Field,recover-20221013,001,1795
1425.3775,1425.3843,28046,39716,Eptesicus serotinus,0.007,0.025,-1,Echolocation,/mnt/ubna_data_02_mir/recover-20221013/UBNA_001/20221012_030000.WAV,Telephone Field,recover-20221013,001,1795
1425.3935,1425.4338,68437,82329,Rhinolophus ferrumequinum,0.024,0.025,-1,Echolocation,/mnt/ubna_data_02_mir/recover-20221013/UBNA_001/20221012_030000.WAV,Telephone Field,recover-20221013,001,1795
1425.4235,1425.4301,27187,44165,Eptesicus serotinus,0.008,0.031,-1,Echolocation,/mnt/ubna_data_02_mir/recover-20221013/UBNA_001/20221012_030000.WAV,Telephone Field,recover-20221013,001,1795
1425.4285,1425.4724,68437,82941,Rhinolophus ferrumequinum,0.075,0.075,-1,Echolocation,/mnt/ubna_data_02_mir/recover-20221013/UBNA_001/20221012_030000.WAV,Telephone Field,recover-20221013,001,1795
1425.4555,1425.4941,68437,82211,Rhinolophus ferrumequinum,0.023,0.023,-1,Echolocation,/mnt/ubna_data_02_mir/recover-20221013/UBNA_001/20221012_030000.WAV,Telephone Field,recover-20221013,001,1795
1425.4675,1425.5054,68437,81447,Rhinolophus ferrumequinum,0.025,0.025,-1,Echolocation,/mnt/ubna_data_02_mir/recover-20221013/UBNA_001/20221012_030000.WAV,Telephone Field,recover-20221013,001,1795
1425.4785,1425.5211,68437,82852,Rhinolophus ferrumequinum,0.025,0.026,-1,Echolocation,/mnt/ubna_data_02_mir/recover-20221013/UBNA_001/20221012_030000.WAV,Telephone Field,recover-20221013,001,1795
1425.4845,1425.4964,22031,26121,Nyctalus leisleri,0.012,0.022,-1,Echolocation,/mnt/ubna_data_02_mir/recover-20221013/UBNA_001/20221012_030000.WAV,Telephone Field,recover-20221013,001,1795
1425.4915,1425.5315,68437,82687,Rhinolophus ferrumequinum,0.024,0.024,-1,Echolocation,/mnt/ubna_data_02_mir/recover-20221013/UBNA_001/20221012_030000.WAV,Telephone Field,recover-20221013,001,1795
1425.4995,1425.5384,68437,82511,Rhinolophus ferrumequinum,0.022,0.022,-1,Echolocation,/mnt/ubna_data_02_mir/recover-20221013/UBNA_001/20221012_030000.WAV,Telephone Field,recover-20221013,001,1795
1425.5415,1425.552,25468,33967,Eptesicus serotinus,0.009,0.023,-1,Echolocation,/mnt/ubna_data_02_mir/recover-20221013/UBNA_001/20221012_030000.WAV,Telephone Field,recover-20221013,001,1795
1425.5715,1425.6105,68437,82303,Rhinolophus ferrumequinum,0.024,0.024,-1,Echolocation,/mnt/ubna_data_02_mir/recover-20221013/UBNA_001/20221012_030000.WAV,Telephone Field,recover-20221013,001,1795
1425.5775,1425.6176,68437,82523,Rhinolophus ferrumequinum,0.024,0.025,-1,Echolocation,/mnt/ubna_data_02_mir/recover-20221013/UBNA_001/20221012_030000.WAV,Telephone Field,recover-20221013,001,1795
1425.6025,1425.641,68437,82438,Rhinolophus ferrumequinum,0.023,0.023,-1,Echolocation,/mnt/ubna_data_02_mir/recover-20221013/UBNA_001/20221012_030000.WAV,Telephone Field,recover-20221013,001,1795
1425.6255,1425.6662,68437,82136,Rhinolophus ferrumequinum,0.039,0.039,-1,Echolocation,/mnt/ubna_data_02_mir/recover-20221013/UBNA_001/20221012_030000.WAV,Telephone Field,recover-20221013,001,1795
1425.6365,1425.647,28906,37673,Eptesicus serotinus,0.01,0.022,-1,Echolocation,/mnt/ubna_data_02_mir/recover-20221013/UBNA_001/20221012_030000.WAV,Telephone Field,recover-20221013,001,1795
1425.6515,1425.662,28906,36925,Eptesicus serotinus,0.012,0.026,-1,Echolocation,/mnt/ubna_data_02_mir/recover-20221013/UBNA_001/20221012_030000.WAV,Telephone Field,recover-20221013,001,1795
1425.6565,1425.6941,68437,81825,Rhinolophus ferrumequinum,0.022,0.022,-1,Echolocation,/mnt/ubna_data_02_mir/recover-20221013/UBNA_001/20221012_030000.WAV,Telephone Field,recover-20221013,001,1795
1425.6785,1425.7168,68437,82048,Rhinolophus ferrumequinum,0.029,0.03,-1,Echolocation,/mnt/ubna_data_02_mir/recover-20221013/UBNA_001/20221012_030000.WAV,Telephone Field,recover-20221013,001,1795
1425.7105,1425.7474,68437,81644,Rhinolophus ferrumequinum,0.028,0.028,-1,Echolocation,/mnt/ubna_data_02_mir/recover-20221013/UBNA_001/20221012_030000.WAV,Telephone Field,recover-20221013,001,1795
1425.7175,1425.7552,68437,81520,Rhinolophus ferrumequinum,0.026,0.026,-1,Echolocation,/mnt/ubna_data_02_mir/recover-20221013/UBNA_001/20221012_030000.WAV,Telephone Field,recover-20221013,001,1795
1425.7355,1425.774,68437,81963,Rhinolophus ferrumequinum,0.026,0.026,-1,Echolocation,/mnt/ubna_data_02_mir/recover-20221013/UBNA_001/20221012_030000.WAV,Telephone Field,recover-20221013,001,1795
1425.7575,1425.7957,68437,82464,Rhinolophus ferrumequinum,0.022,0.022,-1,Echolocation,/mnt/ubna_data_02_mir/recover-20221013/UBNA_001/20221012_030000.WAV,Telephone Field,recover-20221013,001,1795
1425.7665,1425.7763,28906,40191,Eptesicus serotinus,0.008,0.022,-1,Echolocation,/mnt/ubna_data_02_mir/recover-20221013/UBNA_001/20221012_030000.WAV,Telephone Field,recover-20221013,001,1795
1425.7795,1425.7892,28046,37920,Eptesicus serotinus,0.011,0.024,-1,Echolocation,/mnt/ubna_data_02_mir/recover-20221013/UBNA_001/20221012_030000.WAV,Telephone Field,recover-20221013,001,1795
1425.7995,1425.8382,68437,82662,Rhinolophus ferrumequinum,0.022,0.022,-1,Echolocation,/mnt/ubna_data_02_mir/recover-20221013/UBNA_001/20221012_030000.WAV,Telephone Field,recover-20221013,001,1795
1425.8115,1425.854,68437,82270,Rhinolophus ferrumequinum,0.022,0.022,-1,Echolocation,/mnt/ubna_data_02_mir/recover-20221013/UBNA_001/20221012_030000.WAV,Telephone Field,recover-20221013,001,1795
1425.8195,1425.8622,68437,82742,Rhinolophus ferrumequinum,0.031,0.031,-1,Echolocation,/mnt/ubna_data_02_mir/recover-20221013/UBNA_001/20221012_030000.WAV,Telephone Field,recover-20221013,001,1795
1425.8615,1425.8993,68437,81317,Rhinolophus ferrumequinum,0.023,0.023,-1,Echolocation,/mnt/ubna_data_02_mir/recover-20221013/UBNA_001/20221012_030000.WAV,Telephone Field,recover-20221013,001,1795
1425.8745,1425.9151,68437,82178,Rhinolophus ferrumequinum,0.036,0.036,-1,Echolocation,/mnt/ubna_data_02_mir/recover-20221013/UBNA_001/20221012_030000.WAV,Telephone Field,recover-20221013,001,1795
1425.8885,1425.9273,68437,82427,Rhinolophus ferrumequinum,0.024,0.024,-1,Echolocation,/mnt/ubna_data_02_mir/recover-20221013/UBNA_001/20221012_030000.WAV,Telephone Field,recover-20221013,001,1795
1425.8925,1425.9015,25468,33993,Eptesicus serotinus,0.012,0.029,-1,Echolocation,/mnt/ubna_data_02_mir/recover-20221013/UBNA_001/20221012_030000.WAV,Telephone Field,recover-20221013,001,1795
1425.9095,1425.92,22890,28691,Nyctalus leisleri,0.014,0.034,-1,Echolocation,/mnt/ubna_data_02_mir/recover-20221013/UBNA_001/20221012_030000.WAV,Telephone Field,recover-20221013,001,1795
1425.9145,1425.9564,68437,82791,Rhinolophus ferrumequinum,0.035,0.035,-1,Echolocation,/mnt/ubna_data_02_mir/recover-20221013/UBNA_001/20221012_030000.WAV,Telephone Field,recover-20221013,001,1795
1425.9195,1425.9295,45234,48811,Pipistrellus pipistrellus,0.026,0.027,-1,Echolocation,/mnt/ubna_data_02_mir/recover-20221013/UBNA_001/20221012_030000.WAV,Telephone Field,recover-20221013,001,1795
1425.9415,1425.9825,68437,82295,Rhinolophus ferrumequinum,0.023,0.023,-1,Echolocation,/mnt/ubna_data_02_mir/recover-20221013/UBNA_001/20221012_030000.WAV,Telephone Field,recover-20221013,001,1795
1425.9465,1425.9859,68437,82282,Rhinolophus ferrumequinum,0.023,0.023,-1,Echolocation,/mnt/ubna_data_02_mir/recover-20221013/UBNA_001/20221012_030000.WAV,Telephone Field,recover-20221013,001,1795
1425.9615,1425.9999,68437,82707,Rhinolophus ferrumequinum,0.027,0.028,-1,Echolocation,/mnt/ubna_data_02_mir/recover-20221013/UBNA_001/20221012_030000.WAV,Telephone Field,recover-20221013,001,1795
1425.9785,1425.989,25468,32761,Eptesicus serotinus,0.01,0.023,-1,Echolocation,/mnt/ubna_data_02_mir/recover-20221013/UBNA_001/20221012_030000.WAV,Telephone Field,recover-20221013,001,1795
1426.0015,1426.0105,27187,37807,Eptesicus serotinus,0.01,0.029,-1,Echolocation,/mnt/ubna_data_02_mir/recover-20221013/UBNA_001/20221012_030000.WAV,Telephone Field,recover-20221013,001,1795
1426.0015,1426.0112,47812,56723,Pipistrellus pipistrellus,0.015,0.022,-1,Echolocation,/mnt/ubna_data_02_mir/recover-20221013/UBNA_001/20221012_030000.WAV,Telephone Field,recover-20221013,001,1795
1426.0015,1426.0362,68437,80470,Rhinolophus ferrumequinum,0.036,0.036,-1,Echolocation,/mnt/ubna_data_02_mir/recover-20221013/UBNA_001/20221012_030000.WAV,Telephone Field,recover-20221013,001,1795
1426.0085,1426.0508,68437,82315,Rhinolophus ferrumequinum,0.027,0.027,-1,Echolocation,/mnt/ubna_data_02_mir/recover-20221013/UBNA_001/20221012_030000.WAV,Telephone Field,recover-20221013,001,1795
1426.0095,1426.0164,28046,38704,Eptesicus serotinus,0.007,0.022,-1,Echolocation,/mnt/ubna_data_02_mir/recover-20221013/UBNA_001/20221012_030000.WAV,Telephone Field,recover-20221013,001,1795
1426.0475,1426.0841,68437,81189,Rhinolophus ferrumequinum,0.024,0.024,-1,Echolocation,/mnt/ubna_data_02_mir/recover-20221013/UBNA_001/20221012_030000.WAV,Telephone Field,recover-20221013,001,1795
1426.0545,1426.0906,68437,80849,Rhinolophus ferrumequinum,0.022,0.022,-1,Echolocation,/mnt/ubna_data_02_mir/recover-20221013/UBNA_001/20221012_030000.WAV,Telephone Field,recover-20221013,001,1795
1426.0645,1426.0745,43515,52631,Pipistrellus pipistrellus,0.016,0.025,-1,Echolocation,/mnt/ubna_data_02_mir/recover-20221013/UBNA_001/20221012_030000.WAV,Telephone Field,recover-20221013,001,1795
1426.0715,1426.0777,25468,40328,Plecotus austriacus,0.008,0.027,-1,Echolocation,/mnt/ubna_data_02_mir/recover-20221013/UBNA_001/20221012_030000.WAV,Telephone Field,recover-20221013,001,1795
1426.0875,1426.1263,68437,82542,Rhinolophus ferrumequinum,0.024,0.024,-1,Echolocation,/mnt/ubna_data_02_mir/recover-20221013/UBNA_001/20221012_030000.WAV,Telephone Field,recover-20221013,001,1795
1426.1015,1426.1418,68437,82354,Rhinolophus ferrumequinum,0.024,0.024,-1,Echolocation,/mnt/ubna_data_02_mir/recover-20221013/UBNA_001/20221012_030000.WAV,Telephone Field,recover-20221013,001,1795
1426.1465,1426.1837,68437,82192,Rhinolophus ferrumequinum,0.022,0.022,-1,Echolocation,/mnt/ubna_data_02_mir/recover-20221013/UBNA_001/20221012_030000.WAV,Telephone Field,recover-20221013,001,1795
1426.1555,1426.1944,68437,82863,Rhinolophus ferrumequinum,0.025,0.025,-1,Echolocation,/mnt/ubna_data_02_mir/recover-20221013/UBNA_001/20221012_030000.WAV,Telephone Field,recover-20221013,001,1795
1426.1685,1426.1782,28906,36469,Eptesicus serotinus,0.01,0.023,-1,Echolocation,/mnt/ubna_data_02_mir/recover-20221013/UBNA_001/20221012_030000.WAV,Telephone Field,recover-20221013,001,1795
1426.1765,1426.22,68437,82819,Rhinolophus ferrumequinum,0.048,0.048,-1,Echolocation,/mnt/ubna_data_02_mir/recover-20221013/UBNA_001/20221012_030000.WAV,Telephone Field,recover-20221013,001,1795
1426.1795,1426.1872,45234,55875,Pipistrellus pipistrellus,0.031,0.037,-1,Echolocation,/mnt/ubna_data_02_mir/recover-20221013/UBNA_001/20221012_030000.WAV,Telephone Field,recover-20221013,001,1795
1426.2075,1426.2154,28906,39786,Eptesicus serotinus,0.007,0.024,-1,Echolocation,/mnt/ubna_data_02_mir/recover-20221013/UBNA_001/20221012_030000.WAV,Telephone Field,recover-20221013,001,1795
1426.2325,1426.2738,68437,82123,Rhinolophus ferrumequinum,0.023,0.023,-1,Echolocation,/mnt/ubna_data_02_mir/recover-20221013/UBNA_001/20221012_030000.WAV,Telephone Field,recover-20221013,001,1795
1426.2445,1426.2838,68437,83159,Rhinolophus ferrumequinum,0.022,0.022,-1,Echolocation,/mnt/ubna_data_02_mir/recover-20221013/UBNA_001/20221012_030000.WAV,Telephone Field,recover-20221013,001,1795
1426.2505,1426.2911,68437,82791,Rhinolophus ferrumequinum,0.022,0.022,-1,Echolocation,/mnt/ubna_data_02_mir/recover-20221013/UBNA_001/20221012_030000.WAV,Telephone Field,recover-20221013,001,1795
1426.2795,1426.2885,27187,37993,Eptesicus serotinus,0.01,0.023,-1,Echolocation,/mnt/ubna_data_02_mir/recover-20221013/UBNA_001/20221012_030000.WAV,Telephone Field,recover-20221013,001,1795
1426.3015,1426.3443,68437,82828,Rhinolophus ferrumequinum,0.054,0.054,-1,Echolocation,/mnt/ubna_data_02_mir/recover-20221013/UBNA_001/20221012_030000.WAV,Telephone Field,recover-20221013,001,1795
1426.3285,1426.3387,28906,37605,Eptesicus serotinus,0.012,0.025,-1,Echolocation,/mnt/ubna_data_02_mir/recover-20221013/UBNA_001/20221012_030000.WAV,Telephone Field,recover-20221013,001,1795
1426.3435,1426.3795,68437,81445,Rhinolophus ferrumequinum,0.025,0.026,-1,Echolocation,/mnt/ubna_data_02_mir/recover-20221013/UBNA_001/20221012_030000.WAV,Telephone Field,recover-20221013,001,1795
1426.3495,1426.3879,68437,81896,Rhinolophus ferrumequinum,0.023,0.023,-1,Echolocation,/mnt/ubna_data_02_mir/recover-20221013/UBNA_001/20221012_030000.WAV,Telephone Field,recover-20221013,001,1795
1426.3555,1426.3952,68437,81876,Rhinolophus ferrumequinum,0.022,0.022,-1,Echolocation,/mnt/ubna_data_02_mir/recover-20221013/UBNA_001/20221012_030000.WAV,Telephone Field,recover-20221013,001,1795
1426.3585,1426.3648,25468,46976,Myotis nattereri,0.015,0.03,-1,Echolocation,/mnt/ubna_data_02_mir/recover-20221013/UBNA_001/20221012_030000.WAV,Telephone Field,recover-20221013,001,1795
1426.3995,1426.4096,27187,35714,Eptesicus serotinus,0.017,0.034,-1,Echolocation,/mnt/ubna_data_02_mir/recover-20221013/UBNA_001/20221012_030000.WAV,Telephone Field,recover-20221013,001,1795
1426.4055,1426.4426,68437,81974,Rhinolophus ferrumequinum,0.025,0.025,-1,Echolocation,/mnt/ubna_data_02_mir/recover-20221013/UBNA_001/20221012_030000.WAV,Telephone Field,recover-20221013,001,1795
1426.4075,1426.4178,28906,36547,Eptesicus serotinus,0.01,0.025,-1,Echolocation,/mnt/ubna_data_02_mir/recover-20221013/UBNA_001/20221012_030000.WAV,Telephone Field,recover-20221013,001,1795
1426.4295,1426.4619,68437,80819,Rhinolophus ferrumequinum,0.022,0.022,-1,Echolocation,/mnt/ubna_data_02_mir/recover-20221013/UBNA_001/20221012_030000.WAV,Telephone Field,recover-20221013,001,1795
1426.4445,1426.4783,68437,80778,Rhinolophus ferrumequinum,0.032,0.032,-1,Echolocation,/mnt/ubna_data_02_mir/recover-20221013/UBNA_001/20221012_030000.WAV,Telephone Field,recover-20221013,001,1795
1426.4605,1426.5017,68437,82811,Rhinolophus ferrumequinum,0.024,0.024,-1,Echolocation,/mnt/ubna_data_02_mir/recover-20221013/UBNA_001/20221012_030000.WAV,Telephone Field,recover-20221013,001,1795
1426.4935,1426.5338,68437,82599,Rhinolophus ferrumequinum,0.024,0.024,-1,Echolocation,/mnt/ubna_data_02_mir/recover-20221013/UBNA_001/20221012_030000.WAV,Telephone Field,recover-20221013,001,1795
1426.5155,1426.5514,68437,81371,Rhinolophus ferrumequinum,0.023,0.023,-1,Echolocation,/mnt/ubna_data_02_mir/recover-20221013/UBNA_001/20221012_030000.WAV,Telephone Field,recover-20221013,001,1795
1426.5305,1426.5383,46953,58174,Pipistrellus pipistrellus,0.02,0.027,-1,Echolocation,/mnt/ubna_data_02_mir/recover-20221013/UBNA_001/20221012_030000.WAV,Telephone Field,recover-20221013,001,1795
1426.5825,1426.6235,68437,82721,Rhinolophus ferrumequinum,0.027,0.027,-1,Echolocation,/mnt/ubna_data_02_mir/recover-20221013/UBNA_001/20221012_030000.WAV,Telephone Field,recover-20221013,001,1795
1426.5935,1426.6083,22031,26277,Nyctalus leisleri,0.023,0.041,-1,Echolocation,/mnt/ubna_data_02_mir/recover-20221013/UBNA_001/20221012_030000.WAV,Telephone Field,recover-20221013,001,1795
1426.6125,1426.6201,23750,32116,Plecotus austriacus,0.012,0.028,-1,Echolocation,/mnt/ubna_data_02_mir/recover-20221013/UBNA_001/20221012_030000.WAV,Telephone Field,recover-20221013,001,1795
1426.6395,1426.6773,68437,82076,Rhinolophus ferrumequinum,0.024,0.024,-1,Echolocation,/mnt/ubna_data_02_mir/recover-20221013/UBNA_001/20221012_030000.WAV,Telephone Field,recover-20221013,001,1795
1426.6835,1426.7227,68437,82397,Rhinolophus ferrumequinum,0.036,0.036,-1,Echolocation,/mnt/ubna_data_02_mir/recover-20221013/UBNA_001/20221012_030000.WAV,Telephone Field,recover-20221013,001,1795
1426.7055,1426.7466,68437,82378,Rhinolophus ferrumequinum,0.024,0.024,-1,Echolocation,/mnt/ubna_data_02_mir/recover-20221013/UBNA_001/20221012_030000.WAV,Telephone Field,recover-20221013,001,1795
1426.7165,1426.7528,68437,82774,Rhinolophus ferrumequinum,0.026,0.026,-1,Echolocation,/mnt/ubna_data_02_mir/recover-20221013/UBNA_001/20221012_030000.WAV,Telephone Field,recover-20221013,001,1795
1426.7645,1426.7765,22031,26209,Nyctalus leisleri,0.012,0.023,-1,Echolocation,/mnt/ubna_data_02_mir/recover-20221013/UBNA_001/20221012_030000.WAV,Telephone Field,recover-20221013,001,1795
1426.7835,1426.8243,68437,82463,Rhinolophus ferrumequinum,0.027,0.027,-1,Echolocation,/mnt/ubna_data_02_mir/recover-20221013/UBNA_001/20221012_030000.WAV,Telephone Field,recover-20221013,001,1795
1426.7925,1426.7988,27187,40587,Eptesicus serotinus,0.005,0.022,-1,Echolocation,/mnt/ubna_data_02_mir/recover-20221013/UBNA_001/20221012_030000.WAV,Telephone Field,recover-20221013,001,1795
1426.8385,1426.8449,25468,35738,Plecotus auritus,0.012,0.034,-1,Echolocation,/mnt/ubna_data_02_mir/recover-20221013/UBNA_001/20221012_030000.WAV,Telephone Field,recover-20221013,001,1795
1426.8865,1426.8955,28046,41100,Eptesicus serotinus,0.009,0.024,-1,Echolocation,/mnt/ubna_data_02_mir/recover-20221013/UBNA_001/20221012_030000.WAV,Telephone Field,recover-20221013,001,1795
1426.8905,1426.8992,46953,53257,Pipistrellus pipistrellus,0.02,0.022,-1,Echolocation,/mnt/ubna_data_02_mir/recover-20221013/UBNA_001/20221012_030000.WAV,Telephone Field,recover-20221013,001,1795
1426.8975,1426.9074,22890,28745,Nyctalus leisleri,0.009,0.022,-1,Echolocation,/mnt/ubna_data_02_mir/recover-20221013/UBNA_001/20221012_030000.WAV,Telephone Field,recover-20221013,001,1795
1426.9115,1426.9505,68437,82296,Rhinolophus ferrumequinum,0.026,0.026,-1,Echolocation,/mnt/ubna_data_02_mir/recover-20221013/UBNA_001/20221012_030000.WAV,Telephone Field,recover-20221013,001,1795
1426.9485,1426.9912,68437,83233,Rhinolophus ferrumequinum,0.03,0.03,-1,Echolocation,/mnt/ubna_data_02_mir/recover-20221013/UBNA_001/20221012_030000.WAV,Telephone Field,recover-20221013,001,1795
1426.9775,1426.9856,23750,32305,Plecotus austriacus,0.009,0.023,-1,Echolocation,/mnt/ubna_data_02_mir/recover-20221013/UBNA_001/20221012_030000.WAV,Telephone Field,recover-20221013,001,1795
1427.0175,1427.0582,68437,82122,Rhinolophus ferrumequinum,0.023,0.023,-1,Echolocation,/mnt/ubna_data_02_mir/recover-20221013/UBNA_001/20221012_030000.WAV,Telephone Field,recover-20221013,001,1795
1427.0175,1427.0315,50390,55277,Pipistrellus pipistrellus,0.037,0.043,-1,Echolocation,/mnt/ubna_data_02_mir/recover-20221013/UBNA_001/20221012_030000.WAV,Telephone Field,recover-20221013,001,1795
1427.0505,1427.0869,68437,81344,Rhinolophus ferrumequinum,0.024,0.024,-1,Echolocation,/mnt/ubna_data_02_mir/recover-20221013/UBNA_001/20221012_030000.WAV,Telephone Field,recover-20221013,001,1795
1427.0735,1427.1101,68437,81673,Rhinolophus ferrumequinum,0.022,0.022,-1,Echolocation,/mnt/ubna_data_02_mir/recover-20221013/UBNA_001/20221012_030000.WAV,Telephone Field,recover-20221013,001,1795
1427.0875,1427.0972,28046,39004,Eptesicus serotinus,0.01,0.025,-1,Echolocation,/mnt/ubna_data_02_mir/recover-20221013/UBNA_001/20221012_030000.WAV,Telephone Field,recover-20221013,001,1795
1427.1025,1427.1411,68437,82209,Rhinolophus ferrumequinum,0.024,0.024,-1,Echolocation,/mnt/ubna_data_02_mir/recover-20221013/UBNA_001/20221012_030000.WAV,Telephone Field,recover-20221013,001,1795
1427.1135,1427.1491,68437,81535,Rhinolophus ferrumequinum,0.023,0.023,-1,Echolocation,/mnt/ubna_data_02_mir/recover-20221013/UBNA_001/20221012_030000.WAV,Telephone Field,recover-20221013,001,1795
1427.1345,1427.1753,68437,82714,Rhinolophus ferrumequinum,0.027,0.027,-1,Echolocation,/mnt/ubna_data_02_mir/recover-20221013/UBNA_001/20221012_030000.WAV,Telephone Field,recover-20221013,001,1795
1427.1595,1427.1975,68437,82009,Rhinolophus ferrumequinum,0.023,0.023,-1,Echolocation,/mnt/ubna_data_02_mir/recover-20221013/UBNA_001/20221012_030000.WAV,Telephone Field,recover-20221013,001,1795
1427.1705,1427.2097,68437,81748,Rhinolophus ferrumequinum,0.031,0.031,-1,Echolocation,/mnt/ubna_data_02_mir/recover-20221013/UBNA_001/20221012_030000.WAV,Telephone Field,recover-20221013,001,1795
1427.2015,1427.2392,68437,81428,Rhinolophus ferrumequinum,0.024,0.024,-1,Echolocation,/mnt/ubna_data_02_mir/recover-20221013/UBNA_001/20221012_030000.WAV,Telephone Field,recover-20221013,001,1795
1427.2035,1427.213,26328,33463,Nyctalus leisleri,0.034,0.088,-1,Echolocation,/mnt/ubna_data_02_mir/recover-20221013/UBNA_001/20221012_030000.WAV,Telephone Field,recover-20221013,001,1795
1427.2105,1427.2457,68437,81209,Rhinolophus ferrumequinum,0.024,0.024,-1,Echolocation,/mnt/ubna_data_02_mir/recover-20221013/UBNA_001/20221012_030000.WAV,Telephone Field,recover-20221013,001,1795
1427.2345,1427.2427,25468,34511,Plecotus austriacus,0.009,0.033,-1,Echolocation,/mnt/ubna_data_02_mir/recover-20221013/UBNA_001/20221012_030000.WAV,Telephone Field,recover-20221013,001,1795
1427.2785,1427.2895,28906,36671,Eptesicus serotinus,0.013,0.028,-1,Echolocation,/mnt/ubna_data_02_mir/recover-20221013/UBNA_001/20221012_030000.WAV,Telephone Field,recover-20221013,001,1795
1427.2915,1427.3324,68437,83013,Rhinolophus ferrumequinum,0.025,0.025,-1,Echolocation,/mnt/ubna_data_02_mir/recover-20221013/UBNA_001/20221012_030000.WAV,Telephone Field,recover-20221013,001,1795
1427.2975,1427.3078,22031,27924,Nyctalus leisleri,0.009,0.024,-1,Echolocation,/mnt/ubna_data_02_mir/recover-20221013/UBNA_001/20221012_030000.WAV,Telephone Field,recover-20221013,001,1795
1427.2985,1427.3058,29765,40126,Eptesicus serotinus,0.007,0.024,-1,Echolocation,/mnt/ubna_data_02_mir/recover-20221013/UBNA_001/20221012_030000.WAV,Telephone Field,recover-20221013,001,1795
1427.3045,1427.3416,68437,81516,Rhinolophus ferrumequinum,0.022,0.022,-1,Echolocation,/mnt/ubna_data_02_mir/recover-20221013/UBNA_001/20221012_030000.WAV,Telephone Field,recover-20221013,001,1795
1427.3135,1427.3493,68437,81194,Rhinolophus ferrumequinum,0.022,0.022,-1,Echolocation,/mnt/ubna_data_02_mir/recover-20221013/UBNA_001/20221012_030000.WAV,Telephone Field,recover-20221013,001,1795
1427.3315,1427.3697,68437,81946,Rhinolophus ferrumequinum,0.031,0.031,-1,Echolocation,/mnt/ubna_data_02_mir/recover-20221013/UBNA_001/20221012_030000.WAV,Telephone Field,recover-20221013,001,1795
1427.3395,1427.3817,68437,82742,Rhinolophus ferrumequinum,0.037,0.037,-1,Echolocation,/mnt/ubna_data_02_mir/recover-20221013/UBNA_001/20221012_030000.WAV,Telephone Field,recover-20221013,001,1795
1427.3475,1427.3542,24609,38109,Plecotus austriacus,0.012,0.03,-1,Echolocation,/mnt/ubna_data_02_mir/recover-20221013/UBNA_001/20221012_030000.WAV,Telephone Field,recover-20221013,001,1795
1427.3675,1427.3784,28906,34897,Eptesicus serotinus,0.014,0.027,-1,Echolocation,/mnt/ubna_data_02_mir/recover-20221013/UBNA_001/20221012_030000.WAV,Telephone Field,recover-20221013,001,1795
1427.3705,1427.4045,68437,80813,Rhinolophus ferrumequinum,0.024,0.024,-1,Echolocation,/mnt/ubna_data_02_mir/recover-20221013/UBNA_001/20221012_030000.WAV,Telephone Field,recover-20221013,001,1795
1427.3925,1427.4262,68437,81560,Rhinolophus ferrumequinum,0.037,0.037,-1,Echolocation,/mnt/ubna_data_02_mir/recover-20221013/UBNA_001/20221012_030000.WAV,Telephone Field,recover-20221013,001,1795
1427.4285,1427.4667,68437,81646,Rhinolophus ferrumequinum,0.023,0.023,-1,Echolocation,/mnt/ubna_data_02_mir/recover-20221013/UBNA_001/20221012_030000.WAV,Telephone Field,recover-20221013,001,1795
1427.4445,1427.4546,22031,27716,Nyctalus leisleri,0.009,0.022,-1,Echolocation,/mnt/ubna_data_02_mir/recover-20221013/UBNA_001/20221012_030000.WAV,Telephone Field,recover-20221013,001,1795
1427.4625,1427.5013,68437,81326,Rhinolophus ferrumequinum,0.024,0.024,-1,Echolocation,/mnt/ubna_data_02_mir/recover-20221013/UBNA_001/20221012_030000.WAV,Telephone Field,recover-20221013,001,1795
1427.4965,1427.5382,68437,82525,Rhinolophus ferrumequinum,0.026,0.026,-1,Echolocation,/mnt/ubna_data_02_mir/recover-20221013/UBNA_001/20221012_030000.WAV,Telephone Field,recover-20221013,001,1795
1427.5235,1427.563,68437,82184,Rhinolophus ferrumequinum,0.022,0.022,-1,Echolocation,/mnt/ubna_data_02_mir/recover-20221013/UBNA_001/20221012_030000.WAV,Telephone Field,recover-20221013,001,1795
1427.5245,1427.5324,28906,41208,Eptesicus serotinus,0.007,0.022,-1,Echolocation,/mnt/ubna_data_02_mir/recover-20221013/UBNA_001/20221012_030000.WAV,Telephone Field,recover-20221013,001,1795
1427.5765,1427.6183,68437,82934,Rhinolophus ferrumequinum,0.026,0.026,-1,Echolocation,/mnt/ubna_data_02_mir/recover-20221013/UBNA_001/20221012_030000.WAV,Telephone Field,recover-20221013,001,1795
1427.5835,1427.5914,24609,34531,Plecotus austriacus,0.008,0.024,-1,Echolocation,/mnt/ubna_data_02_mir/recover-20221013/UBNA_001/20221012_030000.WAV,Telephone Field,recover-20221013,001,1795
1427.6045,1427.6414,68437,81832,Rhinolophus ferrumequinum,0.022,0.022,-1,Echolocation,/mnt/ubna_data_02_mir/recover-20221013/UBNA_001/20221012_030000.WAV,Telephone Field,recover-20221013,001,1795
1427.6155,1427.6525,68437,81768,Rhinolophus ferrumequinum,0.023,0.023,-1,Echolocation,/mnt/ubna_data_02_mir/recover-20221013/UBNA_001/20221012_030000.WAV,Telephone Field,recover-20221013,001,1795
1427.6245,1427.663,68437,82499,Rhinolophus ferrumequinum,0.022,0.022,-1,Echolocation,/mnt/ubna_data_02_mir/recover-20221013/UBNA_001/20221012_030000.WAV,Telephone Field,recover-20221013,001,1795
1427.6335,1427.6749,68437,82678,Rhinolophus ferrumequinum,0.027,0.027,-1,Echolocation,/mnt/ubna_data_02_mir/recover-20221013/UBNA_001/20221012_030000.WAV,Telephone Field,recover-20221013,001,1795
1427.6915,1427.7324,68437,82432,Rhinolophus ferrumequinum,0.028,0.028,-1,Echolocation,/mnt/ubna_data_02_mir/recover-20221013/UBNA_001/20221012_030000.WAV,Telephone Field,recover-20221013,001,1795
1427.7215,1427.7618,68437,82482,Rhinolophus ferrumequinum,0.028,0.028,-1,Echolocation,/mnt/ubna_data_02_mir/recover-20221013/UBNA_001/20221012_030000.WAV,Telephone Field,recover-20221013,001,1795
1427.7295,1427.7435,50390,54904,Pipistrellus pipistrellus,0.04,0.047,-1,Echolocation,/mnt/ubna_data_02_mir/recover-20221013/UBNA_001/20221012_030000.WAV,Telephone Field,recover-20221013,001,1795
1427.7585,1427.7662,25468,38561,Plecotus austriacus,0.009,0.031,-1,Echolocation,/mnt/ubna_data_02_mir/recover-20221013/UBNA_001/20221012_030000.WAV,Telephone Field,recover-20221013,001,1795
1427.7665,1427.7772,26328,33583,Eptesicus serotinus,0.009,0.023,-1,Echolocation,/mnt/ubna_data_02_mir/recover-20221013/UBNA_001/20221012_030000.WAV,Telephone Field,recover-20221013,001,1795
1427.7815,1427.821,68437,81881,Rhinolophus ferrumequinum,0.022,0.022,-1,Echolocation,/mnt/ubna_data_02_mir/recover-20221013/UBNA_001/20221012_030000.WAV,Telephone Field,recover-20221013,001,1795
1427.8125,1427.8236,29765,37442,Eptesicus serotinus,0.013,0.03,-1,Echolocation,/mnt/ubna_data_02_mir/recover-20221013/UBNA_001/20221012_030000.WAV,Telephone Field,recover-20221013,001,1795
1427.8255,1427.8338,37500,41585,Barbastellus barbastellus,0.018,0.033,-1,Echolocation,/mnt/ubna_data_02_mir/recover-20221013/UBNA_001/20221012_030000.WAV,Telephone Field,recover-20221013,001,1795
1427.8265,1427.8336,28046,41776,Eptesicus serotinus,0.007,0.023,-1,Echolocation,/mnt/ubna_data_02_mir/recover-20221013/UBNA_001/20221012_030000.WAV,Telephone Field,recover-20221013,001,1795
1427.8395,1427.877,68437,82064,Rhinolophus ferrumequinum,0.023,0.023,-1,Echolocation,/mnt/ubna_data_02_mir/recover-20221013/UBNA_001/20221012_030000.WAV,Telephone Field,recover-20221013,001,1795
1427.8725,1427.8783,25468,41398,Plecotus austriacus,0.019,0.051,-1,Echolocation,/mnt/ubna_data_02_mir/recover-20221013/UBNA_001/20221012_030000.WAV,Telephone Field,recover-20221013,001,1795
1427.8735,1427.9115,68437,81912,Rhinolophus ferrumequinum,0.022,0.022,-1,Echolocation,/mnt/ubna_data_02_mir/recover-20221013/UBNA_001/20221012_030000.WAV,Telephone Field,recover-20221013,001,1795
1427.9055,1427.9132,46953,54104,Pipistrellus pipistrellus,0.021,0.024,-1,Echolocation,/mnt/ubna_data_02_mir/recover-20221013/UBNA_001/20221012_030000.WAV,Telephone Field,recover-20221013,001,1795
1427.9325,1427.97,68437,82166,Rhinolophus ferrumequinum,0.022,0.022,-1,Echolocation,/mnt/ubna_data_02_mir/recover-20221013/UBNA_001/20221012_030000.WAV,Telephone Field,recover-20221013,001,1795
1427.9525,1427.9634,39218,42533,Pipistrellus nathusii,0.009,0.025,-1,Echolocation,/mnt/ubna_data_02_mir/recover-20221013/UBNA_001/20221012_030000.WAV,Telephone Field,recover-20221013,001,1795
1427.9855,1427.9958,24609,32527,Nyctalus leisleri,0.012,0.034,-1,Echolocation,/mnt/ubna_data_02_mir/recover-20221013/UBNA_001/20221012_030000.WAV,Telephone Field,recover-20221013,001,1795
1428.0015,1428.0085,23750,33210,Plecotus austriacus,0.006,0.023,-1,Echolocation,/mnt/ubna_data_02_mir/recover-20221013/UBNA_001/20221012_030000.WAV,Telephone Field,recover-20221013,001,1795
1428.0015,1428.0343,68437,80492,Rhinolophus ferrumequinum,0.039,0.039,-1,Echolocation,/mnt/ubna_data_02_mir/recover-20221013/UBNA_001/20221012_030000.WAV,Telephone Field,recover-20221013,001,1795
1428.0105,1428.0525,68437,83144,Rhinolophus ferrumequinum,0.023,0.023,-1,Echolocation,/mnt/ubna_data_02_mir/recover-20221013/UBNA_001/20221012_030000.WAV,Telephone Field,recover-20221013,001,1795
1428.0545,1428.0922,68437,82970,Rhinolophus ferrumequinum,0.026,0.026,-1,Echolocation,/mnt/ubna_data_02_mir/recover-20221013/UBNA_001/20221012_030000.WAV,Telephone Field,recover-20221013,001,1795
1428.1035,1428.1447,68437,82478,Rhinolophus ferrumequinum,0.026,0.026,-1,Echolocation,/mnt/ubna_data_02_mir/recover-20221013/UBNA_001/20221012_030000.WAV,Telephone Field,recover-20221013,001,1795
1428.1145,1428.1238,29765,38354,Eptesicus serotinus,0.009,0.023,-1,Echolocation,/mnt/ubna_data_02_mir/recover-20221013/UBNA_001/20221012_030000.WAV,Telephone Field,recover-20221013,001,1795
1428.1265,1428.1681,68437,82898,Rhinolophus ferrumequinum,0.034,0.034,-1,Echolocation,/mnt/ubna_data_02_mir/recover-20221013/UBNA_001/20221012_030000.WAV,Telephone Field,recover-20221013,001,1795
1428.1355,1428.1457,23750,31085,Nyctalus leisleri,0.008,0.023,-1,Echolocation,/mnt/ubna_data_02_mir/recover-20221013/UBNA_001/20221012_030000.WAV,Telephone Field,recover-20221013,001,1795
1428.1575,1428.1979,68437,82826,Rhinolophus ferrumequinum,0.027,0.027,-1,Echolocation,/mnt/ubna_data_02_mir/recover-20221013/UBNA_001/20221012_030000.WAV,Telephone Field,recover-20221013,001,1795
1428.1895,1428.229,68437,82354,Rhinolophus ferrumequinum,0.024,0.024,-1,Echolocation,/mnt/ubna_data_02_mir/recover-20221013/UBNA_001/20221012_030000.WAV,Telephone Field,recover-20221013,001,1795
1428.1905,1428.2017,22031,27342,Nyctalus leisleri,0.011,0.024,-1,Echolocation,/mnt/ubna_data_02_mir/recover-20221013/UBNA_001/20221012_030000.WAV,Telephone Field,recover-20221013,001,1795
1428.2205,1428.2656,68437,83290,Rhinolophus ferrumequinum,0.065,0.065,-1,Echolocation,/mnt/ubna_data_02_mir/recover-20221013/UBNA_001/20221012_030000.WAV,Telephone Field,recover-20221013,001,1795
1428.2315,1428.2412,23750,30735,Nyctalus leisleri,0.008,0.024,-1,Echolocation,/mnt/ubna_data_02_mir/recover-20221013/UBNA_001/20221012_030000.WAV,Telephone Field,recover-20221013,001,1795
1428.2455,1428.2851,68437,81767,Rhinolophus ferrumequinum,0.026,0.026,-1,Echolocation,/mnt/ubna_data_02_mir/recover-20221013/UBNA_001/20221012_030000.WAV,Telephone Field,recover-20221013,001,1795
1428.2785,1428.3178,68437,82041,Rhinolophus ferrumequinum,0.024,0.024,-1,Echolocation,/mnt/ubna_data_02_mir/recover-20221013/UBNA_001/20221012_030000.WAV,Telephone Field,recover-20221013,001,1795
1428.2965,1428.3083,23750,29659,Nyctalus leisleri,0.013,0.03,-1,Echolocation,/mnt/ubna_data_02_mir/recover-20221013/UBNA_001/20221012_030000.WAV,Telephone Field,recover-20221013,001,1795
1428.3095,1428.3483,68437,82574,Rhinolophus ferrumequinum,0.03,0.03,-1,Echolocation,/mnt/ubna_data_02_mir/recover-20221013/UBNA_001/20221012_030000.WAV,Telephone Field,recover-20221013,001,1795
1428.3265,1428.3349,25468,34232,Eptesicus serotinus,0.007,0.023,-1,Echolocation,/mnt/ubna_data_02_mir/recover-20221013/UBNA_001/20221012_030000.WAV,Telephone Field,recover-20221013,001,1795
1428.3345,1428.3442,48671,56649,Pipistrellus pipistrellus,0.053,0.059,-1,Echolocation,/mnt/ubna_data_02_mir/recover-20221013/UBNA_001/20221012_030000.WAV,Telephone Field,recover-20221013,001,1795
1428.3345,1428.373,68437,82436,Rhinolophus ferrumequinum,0.023,0.023,-1,Echolocation,/mnt/ubna_data_02_mir/recover-20221013/UBNA_001/20221012_030000.WAV,Telephone Field,recover-20221013,001,1795
1428.3795,1428.416,68437,82175,Rhinolophus ferrumequinum,0.023,0.023,-1,Echolocation,/mnt/ubna_data_02_mir/recover-20221013/UBNA_001/20221012_030000.WAV,Telephone Field,recover-20221013,001,1795
1428.3935,1428.4363,68437,82097,Rhinolophus ferrumequinum,0.032,0.032,-1,Echolocation,/mnt/ubna_data_02_mir/recover-20221013/UBNA_001/20221012_030000.WAV,Telephone Field,recover-20221013,001,1795
1428.4005,1428.4086,27187,39434,Eptesicus serotinus,0.008,0.026,-1,Echolocation,/mnt/ubna_data_02_mir/recover-20221013/UBNA_001/20221012_030000.WAV,Telephone Field,recover-20221013,001,1795
1428.4295,1428.4677,68437,82610,Rhinolophus ferrumequinum,0.027,0.027,-1,Echolocation,/mnt/ubna_data_02_mir/recover-20221013/UBNA_001/20221012_030000.WAV,Telephone Field,recover-20221013,001,1795
1428.4555,1428.4936,68437,81908,Rhinolophus ferrumequinum,0.029,0.029,-1,Echolocation,/mnt/ubna_data_02_mir/recover-20221013/UBNA_001/20221012_030000.WAV,Telephone Field,recover-20221013,001,1795
1428.4755,1428.5184,68437,83046,Rhinolophus ferrumequinum,0.028,0.028,-1,Echolocation,/mnt/ubna_data_02_mir/recover-20221013/UBNA_001/20221012_030000.WAV,Telephone Field,recover-20221013,001,1795
1428.4955,1428.5327,68437,81607,Rhinolophus ferrumequinum,0.023,0.023,-1,Echolocation,/mnt/ubna_data_02_mir/recover-20221013/UBNA_001/20221012_030000.WAV,Telephone Field,recover-20221013,001,1795
1428.5045,1428.547,68437,82662,Rhinolophus ferrumequinum,0.023,0.023,-1,Echolocation,/mnt/ubna_data_02_mir/recover-20221013/UBNA_001/20221012_030000.WAV,Telephone Field,recover-20221013,001,1795
1428.5255,1428.5436,20312,23274,Nyctalus leisleri,0.017,0.028,-1,Echolocation,/mnt/ubna_data_02_mir/recover-20221013/UBNA_001/20221012_030000.WAV,Telephone Field,recover-20221013,001,1795
1428.5405,1428.5786,68437,82333,Rhinolophus ferrumequinum,0.028,0.028,-1,Echolocation,/mnt/ubna_data_02_mir/recover-20221013/UBNA_001/20221012_030000.WAV,Telephone Field,recover-20221013,001,1795
1428.5665,1428.6094,68437,82626,Rhinolophus ferrumequinum,0.035,0.035,-1,Echolocation,/mnt/ubna_data_02_mir/recover-20221013/UBNA_001/20221012_030000.WAV,Telephone Field,recover-20221013,001,1795
1428.5695,1428.5809,22890,28300,Nyctalus leisleri,0.012,0.023,-1,Echolocation,/mnt/ubna_data_02_mir/recover-20221013/UBNA_001/20221012_030000.WAV,Telephone Field,recover-20221013,001,1795
1428.6085,1428.6476,68437,82390,Rhinolophus ferrumequinum,0.023,0.023,-1,Echolocation,/mnt/ubna_data_02_mir/recover-20221013/UBNA_001/20221012_030000.WAV,Telephone Field,recover-20221013,001,1795
1428.6125,1428.6271,21171,24443,Nyctalus leisleri,0.015,0.023,-1,Echolocation,/mnt/ubna_data_02_mir/recover-20221013/UBNA_001/20221012_030000.WAV,Telephone Field,recover-20221013,001,1795
1428.6185,1428.6574,68437,82028,Rhinolophus ferrumequinum,0.023,0.023,-1,Echolocation,/mnt/ubna_data_02_mir/recover-20221013/UBNA_001/20221012_030000.WAV,Telephone Field,recover-20221013,001,1795
1428.6265,1428.6362,25468,35443,Eptesicus serotinus,0.009,0.023,-1,Echolocation,/mnt/ubna_data_02_mir/recover-20221013/UBNA_001/20221012_030000.WAV,Telephone Field,recover-20221013,001,1795
1428.6305,1428.6725,68437,83274,Rhinolophus ferrumequinum,0.053,0.053,-1,Echolocation,/mnt/ubna_data_02_mir/recover-20221013/UBNA_001/20221012_030000.WAV,Telephone Field,recover-20221013,001,1795
1428.6585,1428.6975,68437,82051,Rhinolophus ferrumequinum,0.024,0.024,-1,Echolocation,/mnt/ubna_data_02_mir/recover-20221013/UBNA_001/20221012_030000.WAV,Telephone Field,recover-20221013,001,1795
1428.7075,1428.7483,68437,81724,Rhinolophus ferrumequinum,0.024,0.024,-1,Echolocation,/mnt/ubna_data_02_mir/recover-20221013/UBNA_001/20221012_030000.WAV,Telephone Field,recover-20221013,001,1795
1428.7455,1428.7889,68437,83038,Rhinolophus ferrumequinum,0.042,0.042,-1,Echolocation,/mnt/ubna_data_02_mir/recover-20221013/UBNA_001/20221012_030000.WAV,Telephone Field,recover-20221013,001,1795
1428.7635,1428.8012,68437,81358,Rhinolophus ferrumequinum,0.023,0.023,-1,Echolocation,/mnt/ubna_data_02_mir/recover-20221013/UBNA_001/20221012_030000.WAV,Telephone Field,recover-20221013,001,1795
1428.8025,1428.8134,22890,29213,Nyctalus leisleri,0.011,0.025,-1,Echolocation,/mnt/ubna_data_02_mir/recover-20221013/UBNA_001/20221012_030000.WAV,Telephone Field,recover-20221013,001,1795
1428.8155,1428.8525,68437,81677,Rhinolophus ferrumequinum,0.023,0.023,-1,Echolocation,/mnt/ubna_data_02_mir/recover-20221013/UBNA_001/20221012_030000.WAV,Telephone Field,recover-20221013,001,1795
1428.8345,1428.8727,68437,82114,Rhinolophus ferrumequinum,0.025,0.025,-1,Echolocation,/mnt/ubna_data_02_mir/recover-20221013/UBNA_001/20221012_030000.WAV,Telephone Field,recover-20221013,001,1795
1428.8365,1428.8469,28906,36169,Eptesicus serotinus,0.013,0.03,-1,Echolocation,/mnt/ubna_data_02_mir/recover-20221013/UBNA_001/20221012_030000.WAV,Telephone Field,recover-20221013,001,1795
1428.8535,1428.8958,68437,82597,Rhinolophus ferrumequinum,0.041,0.041,-1,Echolocation,/mnt/ubna_data_02_mir/recover-20221013/UBNA_001/20221012_030000.WAV,Telephone Field,recover-20221013,001,1795
1428.8795,1428.9212,68437,82773,Rhinolophus ferrumequinum,0.028,0.028,-1,Echolocation,/mnt/ubna_data_02_mir/recover-20221013/UBNA_001/20221012_030000.WAV,Telephone Field,recover-20221013,001,1795
1428.8905,1428.933,68437,83200,Rhinolophus ferrumequinum,0.031,0.031,-1,Echolocation,/mnt/ubna_data_02_mir/recover-20221013/UBNA_001/20221012_030000.WAV,Telephone Field,recover-20221013,001,1795
1428.9125,1428.9274,22890,26828,Nyctalus leisleri,0.019,0.035,-1,Echolocation,/mnt/ubna_data_02_mir/recover-20221013/UBNA_001/20221012_030000.WAV,Telephone Field,recover-20221013,001,1795
1428.9445,1428.9567,22890,27409,Nyctalus leisleri,0.014,0.025,-1,Echolocation,/mnt/ubna_data_02_mir/recover-20221013/UBNA_001/20221012_030000.WAV,Telephone Field,recover-20221013,001,1795
1428.9575,1428.9956,68437,81847,Rhinolophus ferrumequinum,0.023,0.023,-1,Echolocation,/mnt/ubna_data_02_mir/recover-20221013/UBNA_001/20221012_030000.WAV,Telephone Field,recover-20221013,001,1795
1428.9725,1428.9808,44375,49477,Pipistrellus pipistrellus,0.023,0.025,-1,Echolocation,/mnt/ubna_data_02_mir/recover-20221013/UBNA_001/20221012_030000.WAV,Telephone Field,recover-20221013,001,1795
1429.0065,1429.0117,50390,57331,Pipistrellus pipistrellus,0.02,0.023,-1,Echolocation,/mnt/ubna_data_02_mir/recover-20221013/UBNA_001/20221012_030000.WAV,Telephone Field,recover-20221013,001,1795
1429.0195,1429.0579,68437,82186,Rhinolophus ferrumequinum,0.025,0.025,-1,Echolocation,/mnt/ubna_data_02_mir/recover-20221013/UBNA_001/20221012_030000.WAV,Telephone Field,recover-20221013,001,1795
1429.0605,1429.1068,68437,83843,Rhinolophus ferrumequinum,0.057,0.057,-1,Echolocation,/mnt/ubna_data_02_mir/recover-20221013/UBNA_001/20221012_030000.WAV,Telephone Field,recover-20221013,001,1795
1429.0855,1429.0963,25468,31563,Nyctalus leisleri,0.017,0.044,-1,Echolocation,/mnt/ubna_data_02_mir/recover-20221013/UBNA_001/20221012_030000.WAV,Telephone Field,recover-20221013,001,1795
1429.1355,1429.1744,68437,82210,Rhinolophus ferrumequinum,0.023,0.023,-1,Echolocation,/mnt/ubna_data_02_mir/recover-20221013/UBNA_001/20221012_030000.WAV,Telephone Field,recover-20221013,001,1795
1429.1485,1429.1585,28906,36213,Eptesicus serotinus,0.009,0.024,-1,Echolocation,/mnt/ubna_data_02_mir/recover-20221013/UBNA_001/20221012_030000.WAV,Telephone Field,recover-20221013,001,1795
1429.1715,1429.2108,68437,82170,Rhinolophus ferrumequinum,0.024,0.024,-1,Echolocation,/mnt/ubna_data_02_mir/recover-20221013/UBNA_001/20221012_030000.WAV,Telephone Field,recover-20221013,001,1795
1429.2045,1429.2464,68437,83449,Rhinolophus ferrumequinum,0.049,0.049,-1,Echolocation,/mnt/ubna_data_02_mir/recover-20221013/UBNA_001/20221012_030000.WAV,Telephone Field,recover-20221013,001,1795
1429.2365,1429.2743,68437,82405,Rhinolophus ferrumequinum,0.023,0.023,-1,Echolocation,/mnt/ubna_data_02_mir/recover-20221013/UBNA_001/20221012_030000.WAV,Telephone Field,recover-20221013,001,1795
1429.2545,1429.2625,27187,39890,Eptesicus serotinus,0.007,0.023,-1,Echolocation,/mnt/ubna_data_02_mir/recover-20221013/UBNA_001/20221012_030000.WAV,Telephone Field,recover-20221013,001,1795
1429.2705,1429.3112,68437,82478,Rhinolophus ferrumequinum,0.034,0.034,-1,Echolocation,/mnt/ubna_data_02_mir/recover-20221013/UBNA_001/20221012_030000.WAV,Telephone Field,recover-20221013,001,1795
1429.2955,1429.3047,28906,37136,Eptesicus serotinus,0.011,0.026,-1,Echolocation,/mnt/ubna_data_02_mir/recover-20221013/UBNA_001/20221012_030000.WAV,Telephone Field,recover-20221013,001,1795
1429.3435,1429.38,68437,81403,Rhinolophus ferrumequinum,0.029,0.029,-1,Echolocation,/mnt/ubna_data_02_mir/recover-20221013/UBNA_001/20221012_030000.WAV,Telephone Field,recover-20221013,001,1795
1429.3555,1429.3957,68437,82482,Rhinolophus ferrumequinum,0.025,0.025,-1,Echolocation,/mnt/ubna_data_02_mir/recover-20221013/UBNA_001/20221012_030000.WAV,Telephone Field,recover-20221013,001,1795
1429.3835,1429.4241,68437,82303,Rhinolophus ferrumequinum,0.023,0.023,-1,Echolocation,/mnt/ubna_data_02_mir/recover-20221013/UBNA_001/20221012_030000.WAV,Telephone Field,recover-20221013,001,1795
1429.4205,1429.4602,68437,82112,Rhinolophus ferrumequinum,0.025,0.025,-1,Echolocation,/mnt/ubna_data_02_mir/recover-20221013/UBNA_001/20221012_030000.WAV,Telephone Field,recover-20221013,001,1795
1429.4275,1429.4675,68437,82104,Rhinolophus ferrumequinum,0.027,0.027,-1,Echolocation,/mnt/ubna_data_02_mir/recover-20221013/UBNA_001/20221012_030000.WAV,Telephone Field,recover-20221013,001,1795
1429.4515,1429.4622,22890,27427,Nyctalus leisleri,0.013,0.023,-1,Echolocation,/mnt/ubna_data_02_mir/recover-20221013/UBNA_001/20221012_030000.WAV,Telephone Field,recover-20221013,001,1795
1429.4685,1429.482,22031,26228,Nyctalus leisleri,0.016,0.028,-1,Echolocation,/mnt/ubna_data_02_mir/recover-20221013/UBNA_001/20221012_030000.WAV,Telephone Field,recover-20221013,001,1795
1429.4805,1429.4924,22890,28090,Nyctalus leisleri,0.015,0.028,-1,Echolocation,/mnt/ubna_data_02_mir/recover-20221013/UBNA_001/20221012_030000.WAV,Telephone Field,recover-20221013,001,1795
1429.4955,1429.5366,68437,82167,Rhinolophus ferrumequinum,0.023,0.023,-1,Echolocation,/mnt/ubna_data_02_mir/recover-20221013/UBNA_001/20221012_030000.WAV,Telephone Field,recover-20221013,001,1795
1429.5215,1429.5656,68437,83441,Rhinolophus ferrumequinum,0.032,0.032,-1,Echolocation,/mnt/ubna_data_02_mir/recover-20221013/UBNA_001/20221012_030000.WAV,Telephone Field,recover-20221013,001,1795
1429.5335,1429.5745,68437,82839,Rhinolophus ferrumequinum,0.03,0.03,-1,Echolocation,/mnt/ubna_data_02_mir/recover-20221013/UBNA_001/20221012_030000.WAV,Telephone Field,recover-20221013,001,1795
1429.5505,1429.5889,68437,82575,Rhinolophus ferrumequinum,0.035,0.035,-1,Echolocation,/mnt/ubna_data_02_mir/recover-20221013/UBNA_001/20221012_030000.WAV,Telephone Field,recover-20221013,001,1795
1429.5815,1429.6228,68437,82695,Rhinolophus ferrumequinum,0.028,0.028,-1,Echolocation,/mnt/ubna_data_02_mir/recover-20221013/UBNA_001/20221012_030000.WAV,Telephone Field,recover-20221013,001,1795
1429.6135,1429.6231,22890,29534,Plecotus austriacus,0.009,0.026,-1,Echolocation,/mnt/ubna_data_02_mir/recover-20221013/UBNA_001/20221012_030000.WAV,Telephone Field,recover-20221013,001,1795
1429.6195,1429.6612,68437,82338,Rhinolophus ferrumequinum,0.026,0.026,-1,Echolocation,/mnt/ubna_data_02_mir/recover-20221013/UBNA_001/20221012_030000.WAV,Telephone Field,recover-20221013,001,1795
1429.6275,1429.636,27187,37891,Eptesicus serotinus,0.009,0.024,-1,Echolocation,/mnt/ubna_data_02_mir/recover-20221013/UBNA_001/20221012_030000.WAV,Telephone Field,recover-20221013,001,1795
1429.6455,1429.6855,68437,82267,Rhinolophus ferrumequinum,0.026,0.026,-1,Echolocation,/mnt/ubna_data_02_mir/recover-20221013/UBNA_001/20221012_030000.WAV,Telephone Field,recover-20221013,001,1795
1429.6505,1429.6891,68437,82122,Rhinolophus ferrumequinum,0.026,0.026,-1,Echolocation,/mnt/ubna_data_02_mir/recover-20221013/UBNA_001/20221012_030000.WAV,Telephone Field,recover-20221013,001,1795
1429.6795,1429.6876,27187,40262,Eptesicus serotinus,0.008,0.025,-1,Echolocation,/mnt/ubna_data_02_mir/recover-20221013/UBNA_001/20221012_030000.WAV,Telephone Field,recover-20221013,001,1795
1429.6835,1429.7224,68437,82097,Rhinolophus ferrumequinum,0.028,0.028,-1,Echolocation,/mnt/ubna_data_02_mir/recover-20221013/UBNA_001/20221012_030000.WAV,Telephone Field,recover-20221013,001,1795
1429.7035,1429.7105999999999,24609,36255,Plecotus austriacus,0.008,0.023,-1,Echolocation,/mnt/ubna_data_02_mir/recover-20221013/UBNA_001/20221012_030000.WAV,Telephone Field,recover-20221013,001,1795
1429.7455,1429.7833,68437,81737,Rhinolophus ferrumequinum,0.022,0.022,-1,Echolocation,/mnt/ubna_data_02_mir/recover-20221013/UBNA_001/20221012_030000.WAV,Telephone Field,recover-20221013,001,1795
1429.8115,1429.8211000000001,51250,56902,Pipistrellus pipistrellus,0.033,0.039,-1,Echolocation,/mnt/ubna_data_02_mir/recover-20221013/UBNA_001/20221012_030000.WAV,Telephone Field,recover-20221013,001,1795
1429.8125,1429.8515,68437,82036,Rhinolophus ferrumequinum,0.024,0.024,-1,Echolocation,/mnt/ubna_data_02_mir/recover-20221013/UBNA_001/20221012_030000.WAV,Telephone Field,recover-20221013,001,1795
1429.8455,1429.8828,68437,81445,Rhinolophus ferrumequinum,0.023,0.023,-1,Echolocation,/mnt/ubna_data_02_mir/recover-20221013/UBNA_001/20221012_030000.WAV,Telephone Field,recover-20221013,001,1795
1429.8485,1429.8548,28906,44865,Myotis daubentonii,0.007,0.031,-1,Echolocation,/mnt/ubna_data_02_mir/recover-20221013/UBNA_001/20221012_030000.WAV,Telephone Field,recover-20221013,001,1795
1429.8725,1429.892,20312,23205,Nyctalus leisleri,0.026,0.045,-1,Echolocation,/mnt/ubna_data_02_mir/recover-20221013/UBNA_001/20221012_030000.WAV,Telephone Field,recover-20221013,001,1795
1429.8935,1429.9349,68437,82388,Rhinolophus ferrumequinum,0.026,0.026,-1,Echolocation,/mnt/ubna_data_02_mir/recover-20221013/UBNA_001/20221012_030000.WAV,Telephone Field,recover-20221013,001,1795
1429.9065,1429.9444,68437,82268,Rhinolophus ferrumequinum,0.023,0.023,-1,Echolocation,/mnt/ubna_data_02_mir/recover-20221013/UBNA_001/20221012_030000.WAV,Telephone Field,recover-20221013,001,1795
1429.9115,1429.9217,22031,26681,Nyctalus leisleri,0.013,0.025,-1,Echolocation,/mnt/ubna_data_02_mir/recover-20221013/UBNA_001/20221012_030000.WAV,Telephone Field,recover-20221013,001,1795
1429.9575,1429.9678,22890,28516,Nyctalus leisleri,0.01,0.023,-1,Echolocation,/mnt/ubna_data_02_mir/recover-20221013/UBNA_001/20221012_030000.WAV,Telephone Field,recover-20221013,001,1795
1429.9825,1429.9929,47812,51730,Pipistrellus pipistrellus,0.035,0.037,-1,Echolocation,/mnt/ubna_data_02_mir/recover-20221013/UBNA_001/20221012_030000.WAV,Telephone Field,recover-20221013,001,1795
1430.0015,1430.0319,68437,79449,Rhinolophus ferrumequinum,0.03,0.031,-1,Echolocation,/mnt/ubna_data_02_mir/recover-20221013/UBNA_001/20221012_030000.WAV,Telephone Field,recover-20221013,001,1795
1430.0015,1430.0106,22031,27712,Nyctalus leisleri,0.012,0.029,-1,Echolocation,/mnt/ubna_data_02_mir/recover-20221013/UBNA_001/20221012_030000.WAV,Telephone Field,recover-20221013,001,1795
1430.0125,1430.0561,68437,82765,Rhinolophus ferrumequinum,0.025,0.025,-1,Echolocation,/mnt/ubna_data_02_mir/recover-20221013/UBNA_001/20221012_030000.WAV,Telephone Field,recover-20221013,001,1795
1430.0185,1430.061,68437,82598,Rhinolophus ferrumequinum,0.026,0.026,-1,Echolocation,/mnt/ubna_data_02_mir/recover-20221013/UBNA_001/20221012_030000.WAV,Telephone Field,recover-20221013,001,1795
1430.0515,1430.0896,68437,82328,Rhinolophus ferrumequinum,0.027,0.027,-1,Echolocation,/mnt/ubna_data_02_mir/recover-20221013/UBNA_001/20221012_030000.WAV,Telephone Field,recover-20221013,001,1795
1430.0955,1430.1033,27187,38533,Eptesicus serotinus,0.008,0.025,-1,Echolocation,/mnt/ubna_data_02_mir/recover-20221013/UBNA_001/20221012_030000.WAV,Telephone Field,recover-20221013,001,1795
1430.1335,1430.1771,68437,83172,Rhinolophus ferrumequinum,0.029,0.029,-1,Echolocation,/mnt/ubna_data_02_mir/recover-20221013/UBNA_001/20221012_030000.WAV,Telephone Field,recover-20221013,001,1795
1430.1585,1430.2005,68437,82402,Rhinolophus ferrumequinum,0.037,0.037,-1,Echolocation,/mnt/ubna_data_02_mir/recover-20221013/UBNA_001/20221012_030000.WAV,Telephone Field,recover-20221013,001,1795
1430.1855,1430.2271,68437,82732,Rhinolophus ferrumequinum,0.032,0.032,-1,Echolocation,/mnt/ubna_data_02_mir/recover-20221013/UBNA_001/20221012_030000.WAV,Telephone Field,recover-20221013,001,1795
1430.1935,1430.2364,68437,82786,Rhinolophus ferrumequinum,0.026,0.026,-1,Echolocation,/mnt/ubna_data_02_mir/recover-20221013/UBNA_001/20221012_030000.WAV,Telephone Field,recover-20221013,001,1795
1430.1975,1430.2051,24609,37734,Plecotus austriacus,0.006,0.024,-1,Echolocation,/mnt/ubna_data_02_mir/recover-20221013/UBNA_001/20221012_030000.WAV,Telephone Field,recover-20221013,001,1795
1430.3085,1430.349,68437,83003,Rhinolophus ferrumequinum,0.025,0.025,-1,Echolocation,/mnt/ubna_data_02_mir/recover-20221013/UBNA_001/20221012_030000.WAV,Telephone Field,recover-20221013,001,1795
1430.3315,1430.3717,68437,83035,Rhinolophus ferrumequinum,0.023,0.024,-1,Echolocation,/mnt/ubna_data_02_mir/recover-20221013/UBNA_001/20221012_030000.WAV,Telephone Field,recover-20221013,001,1795
1430.3455,1430.3853,68437,82782,Rhinolophus ferrumequinum,0.034,0.034,-1,Echolocation,/mnt/ubna_data_02_mir/recover-20221013/UBNA_001/20221012_030000.WAV,Telephone Field,recover-20221013,001,1795
1430.3555,1430.3962,68437,82582,Rhinolophus ferrumequinum,0.036,0.036,-1,Echolocation,/mnt/ubna_data_02_mir/recover-20221013/UBNA_001/20221012_030000.WAV,Telephone Field,recover-20221013,001,1795
1430.3745,1430.419,68437,83556,Rhinolophus ferrumequinum,0.046,0.046,-1,Echolocation,/mnt/ubna_data_02_mir/recover-20221013/UBNA_001/20221012_030000.WAV,Telephone Field,recover-20221013,001,1795
1430.4285,1430.4415,25468,32005,Eptesicus serotinus,0.025,0.065,-1,Echolocation,/mnt/ubna_data_02_mir/recover-20221013/UBNA_001/20221012_030000.WAV,Telephone Field,recover-20221013,001,1795
1430.4535,1430.4982,68437,83288,Rhinolophus ferrumequinum,0.03,0.03,-1,Echolocation,/mnt/ubna_data_02_mir/recover-20221013/UBNA_001/20221012_030000.WAV,Telephone Field,recover-20221013,001,1795
1430.4855,1430.5274,68437,82852,Rhinolophus ferrumequinum,0.026,0.026,-1,Echolocation,/mnt/ubna_data_02_mir/recover-20221013/UBNA_001/20221012_030000.WAV,Telephone Field,recover-20221013,001,1795
1430.5065,1430.5175,23750,29382,Nyctalus leisleri,0.013,0.027,-1,Echolocation,/mnt/ubna_data_02_mir/recover-20221013/UBNA_001/20221012_030000.WAV,Telephone Field,recover-20221013,001,1795
1430.5185,1430.5274,28906,38239,Eptesicus serotinus,0.01,0.026,-1,Echolocation,/mnt/ubna_data_02_mir/recover-20221013/UBNA_001/20221012_030000.WAV,Telephone Field,recover-20221013,001,1795
1430.5595,1430.5968,68437,81927,Rhinolophus ferrumequinum,0.023,0.023,-1,Echolocation,/mnt/ubna_data_02_mir/recover-20221013/UBNA_001/20221012_030000.WAV,Telephone Field,recover-20221013,001,1795
1430.5705,1430.6141,68437,82953,Rhinolophus ferrumequinum,0.027,0.027,-1,Echolocation,/mnt/ubna_data_02_mir/recover-20221013/UBNA_001/20221012_030000.WAV,Telephone Field,recover-20221013,001,1795
1430.5935,1430.6057,14296,19728,Nyctalus noctula,0.013,0.022,-1,Echolocation,/mnt/ubna_data_02_mir/recover-20221013/UBNA_001/20221012_030000.WAV,Telephone Field,recover-20221013,001,1795
1430.5985,1430.6367,68437,81571,Rhinolophus ferrumequinum,0.025,0.025,-1,Echolocation,/mnt/ubna_data_02_mir/recover-20221013/UBNA_001/20221012_030000.WAV,Telephone Field,recover-20221013,001,1795
1430.6205,1430.6589,68437,82484,Rhinolophus ferrumequinum,0.028,0.028,-1,Echolocation,/mnt/ubna_data_02_mir/recover-20221013/UBNA_001/20221012_030000.WAV,Telephone Field,recover-20221013,001,1795
1430.6295,1430.6386,26328,38882,Eptesicus serotinus,0.009,0.024,-1,Echolocation,/mnt/ubna_data_02_mir/recover-20221013/UBNA_001/20221012_030000.WAV,Telephone Field,recover-20221013,001,1795
1430.6435,1430.6806,68437,81605,Rhinolophus ferrumequinum,0.028,0.028,-1,Echolocation,/mnt/ubna_data_02_mir/recover-20221013/UBNA_001/20221012_030000.WAV,Telephone Field,recover-20221013,001,1795
1430.6765,1430.7162,68437,82297,Rhinolophus ferrumequinum,0.026,0.026,-1,Echolocation,/mnt/ubna_data_02_mir/recover-20221013/UBNA_001/20221012_030000.WAV,Telephone Field,recover-20221013,001,1795
1430.6985,1430.7096,23750,29461,Nyctalus leisleri,0.012,0.025,-1,Echolocation,/mnt/ubna_data_02_mir/recover-20221013/UBNA_001/20221012_030000.WAV,Telephone Field,recover-20221013,001,1795
1430.7125,1430.7552,68437,82178,Rhinolophus ferrumequinum,0.023,0.023,-1,Echolocation,/mnt/ubna_data_02_mir/recover-20221013/UBNA_001/20221012_030000.WAV,Telephone Field,recover-20221013,001,1795
1430.8595,1430.8659,28906,40346,Eptesicus serotinus,0.008,0.032,-1,Echolocation,/mnt/ubna_data_02_mir/recover-20221013/UBNA_001/20221012_030000.WAV,Telephone Field,recover-20221013,001,1795
1430.8625,1430.901,68437,81939,Rhinolophus ferrumequinum,0.022,0.022,-1,Echolocation,/mnt/ubna_data_02_mir/recover-20221013/UBNA_001/20221012_030000.WAV,Telephone Field,recover-20221013,001,1795
1430.8965,1430.9376,68437,83011,Rhinolophus ferrumequinum,0.033,0.033,-1,Echolocation,/mnt/ubna_data_02_mir/recover-20221013/UBNA_001/20221012_030000.WAV,Telephone Field,recover-20221013,001,1795
1430.9155,1430.9536,68437,81580,Rhinolophus ferrumequinum,0.023,0.023,-1,Echolocation,/mnt/ubna_data_02_mir/recover-20221013/UBNA_001/20221012_030000.WAV,Telephone Field,recover-20221013,001,1795
1430.9265,1430.9629,68437,82293,Rhinolophus ferrumequinum,0.022,0.022,-1,Echolocation,/mnt/ubna_data_02_mir/recover-20221013/UBNA_001/20221012_030000.WAV,Telephone Field,recover-20221013,001,1795
1430.9295,1430.9364,23750,34169,Plecotus austriacus,0.008,0.022,-1,Echolocation,/mnt/ubna_data_02_mir/recover-20221013/UBNA_001/20221012_030000.WAV,Telephone Field,recover-20221013,001,1795
1430.9465,1430.9878,68437,82135,Rhinolophus ferrumequinum,0.037,0.037,-1,Echolocation,/mnt/ubna_data_02_mir/recover-20221013/UBNA_001/20221012_030000.WAV,Telephone Field,recover-20221013,001,1795
1430.9715,1430.9792,27187,39938,Eptesicus serotinus,0.009,0.024,-1,Echolocation,/mnt/ubna_data_02_mir/recover-20221013/UBNA_001/20221012_030000.WAV,Telephone Field,recover-20221013,001,1795
1430.9735,1431.0117,68437,82196,Rhinolophus ferrumequinum,0.028,0.028,-1,Echolocation,/mnt/ubna_data_02_mir/recover-20221013/UBNA_001/20221012_030000.WAV,Telephone Field,recover-20221013,001,1795
1430.9965,1431.0367,68437,82226,Rhinolophus ferrumequinum,0.023,0.023,-1,Echolocation,/mnt/ubna_data_02_mir/recover-20221013/UBNA_001/20221012_030000.WAV,Telephone Field,recover-20221013,001,1795
1431.0335,1431.072,68437,82698,Rhinolophus ferrumequinum,0.022,0.022,-1,Echolocation,/mnt/ubna_data_02_mir/recover-20221013/UBNA_001/20221012_030000.WAV,Telephone Field,recover-20221013,001,1795
1431.0745,1431.1144,68437,83144,Rhinolophus ferrumequinum,0.028,0.028,-1,Echolocation,/mnt/ubna_data_02_mir/recover-20221013/UBNA_001/20221012_030000.WAV,Telephone Field,recover-20221013,001,1795
1431.1345,1431.172,68437,82009,Rhinolophus ferrumequinum,0.024,0.024,-1,Echolocation,/mnt/ubna_data_02_mir/recover-20221013/UBNA_001/20221012_030000.WAV,Telephone Field,recover-20221013,001,1795
1431.1425,1431.1499,28046,38365,Eptesicus serotinus,0.007,0.022,-1,Echolocation,/mnt/ubna_data_02_mir/recover-20221013/UBNA_001/20221012_030000.WAV,Telephone Field,recover-20221013,001,1795
1431.1545,1431.1944,68437,82531,Rhinolophus ferrumequinum,0.025,0.025,-1,Echolocation,/mnt/ubna_data_02_mir/recover-20221013/UBNA_001/20221012_030000.WAV,Telephone Field,recover-20221013,001,1795
1431.1855,1431.195,50390,54795,Pipistrellus pipistrellus,0.022,0.025,-1,Echolocation,/mnt/ubna_data_02_mir/recover-20221013/UBNA_001/20221012_030000.WAV,Telephone Field,recover-20221013,001,1795
1431.2315,1431.2692,68437,81784,Rhinolophus ferrumequinum,0.022,0.023,-1,Echolocation,/mnt/ubna_data_02_mir/recover-20221013/UBNA_001/20221012_030000.WAV,Telephone Field,recover-20221013,001,1795
1431.2385,1431.2768,68437,82161,Rhinolophus ferrumequinum,0.023,0.023,-1,Echolocation,/mnt/ubna_data_02_mir/recover-20221013/UBNA_001/20221012_030000.WAV,Telephone Field,recover-20221013,001,1795
1431.2395,1431.249,49531,58128,Pipistrellus pipistrellus,0.026,0.031,-1,Echolocation,/mnt/ubna_data_02_mir/recover-20221013/UBNA_001/20221012_030000.WAV,Telephone Field,recover-20221013,001,1795
1431.2505,1431.2579,26328,35895,Eptesicus serotinus,0.007,0.023,-1,Echolocation,/mnt/ubna_data_02_mir/recover-20221013/UBNA_001/20221012_030000.WAV,Telephone Field,recover-20221013,001,1795
1431.2635,1431.3029,68437,81353,Rhinolophus ferrumequinum,0.025,0.025,-1,Echolocation,/mnt/ubna_data_02_mir/recover-20221013/UBNA_001/20221012_030000.WAV,Telephone Field,recover-20221013,001,1795
1431.2725,1431.3095,68437,81640,Rhinolophus ferrumequinum,0.022,0.022,-1,Echolocation,/mnt/ubna_data_02_mir/recover-20221013/UBNA_001/20221012_030000.WAV,Telephone Field,recover-20221013,001,1795
1431.3655,1431.4066,68437,82928,Rhinolophus ferrumequinum,0.032,0.032,-1,Echolocation,/mnt/ubna_data_02_mir/recover-20221013/UBNA_001/20221012_030000.WAV,Telephone Field,recover-20221013,001,1795
1431.3665,1431.3759,24609,31724,Nyctalus leisleri,0.008,0.024,-1,Echolocation,/mnt/ubna_data_02_mir/recover-20221013/UBNA_001/20221012_030000.WAV,Telephone Field,recover-20221013,001,1795
1431.3815,1431.4191,68437,81832,Rhinolophus ferrumequinum,0.022,0.022,-1,Echolocation,/mnt/ubna_data_02_mir/recover-20221013/UBNA_001/20221012_030000.WAV,Telephone Field,recover-20221013,001,1795
1431.4005,1431.4114,22890,28362,Nyctalus leisleri,0.011,0.026,-1,Echolocation,/mnt/ubna_data_02_mir/recover-20221013/UBNA_001/20221012_030000.WAV,Telephone Field,recover-20221013,001,1795
1431.4095,1431.4495,68437,82470,Rhinolophus ferrumequinum,0.024,0.024,-1,Echolocation,/mnt/ubna_data_02_mir/recover-20221013/UBNA_001/20221012_030000.WAV,Telephone Field,recover-20221013,001,1795
1431.4165,1431.4614,68437,83123,Rhinolophus ferrumequinum,0.025,0.025,-1,Echolocation,/mnt/ubna_data_02_mir/recover-20221013/UBNA_001/20221012_030000.WAV,Telephone Field,recover-20221013,001,1795
1431.4355,1431.4461000000001,14296,19337,Nyctalus noctula,0.017,0.034,-1,Echolocation,/mnt/ubna_data_02_mir/recover-20221013/UBNA_001/20221012_030000.WAV,Telephone Field,recover-20221013,001,1795
1431.4435,1431.4857,68437,82712,Rhinolophus ferrumequinum,0.026,0.027,-1,Echolocation,/mnt/ubna_data_02_mir/recover-20221013/UBNA_001/20221012_030000.WAV,Telephone Field,recover-20221013,001,1795
1431.4695,1431.4772,51250,56276,Pipistrellus pipistrellus,0.036,0.042,-1,Echolocation,/mnt/ubna_data_02_mir/recover-20221013/UBNA_001/20221012_030000.WAV,Telephone Field,recover-20221013,001,1795
1431.4815,1431.491,28906,37007,Eptesicus serotinus,0.01,0.027,-1,Echolocation,/mnt/ubna_data_02_mir/recover-20221013/UBNA_001/20221012_030000.WAV,Telephone Field,recover-20221013,001,1795
1431.5405,1431.5784,68437,81226,Rhinolophus ferrumequinum,0.022,0.022,-1,Echolocation,/mnt/ubna_data_02_mir/recover-20221013/UBNA_001/20221012_030000.WAV,Telephone Field,recover-20221013,001,1795
1431.5485,1431.5872,68437,82364,Rhinolophus ferrumequinum,0.024,0.024,-1,Echolocation,/mnt/ubna_data_02_mir/recover-20221013/UBNA_001/20221012_030000.WAV,Telephone Field,recover-20221013,001,1795
1431.5605,1431.6034,68437,83055,Rhinolophus ferrumequinum,0.03,0.031,-1,Echolocation,/mnt/ubna_data_02_mir/recover-20221013/UBNA_001/20221012_030000.WAV,Telephone Field,recover-20221013,001,1795
1431.5745,1431.6125,68437,81883,Rhinolophus ferrumequinum,0.024,0.024,-1,Echolocation,/mnt/ubna_data_02_mir/recover-20221013/UBNA_001/20221012_030000.WAV,Telephone Field,recover-20221013,001,1795
1431.5955,1431.6328,68437,81955,Rhinolophus ferrumequinum,0.029,0.029,-1,Echolocation,/mnt/ubna_data_02_mir/recover-20221013/UBNA_001/20221012_030000.WAV,Telephone Field,recover-20221013,001,1795
1431.6115,1431.6221,27187,34656,Eptesicus serotinus,0.012,0.025,-1,Echolocation,/mnt/ubna_data_02_mir/recover-20221013/UBNA_001/20221012_030000.WAV,Telephone Field,recover-20221013,001,1795
1431.6245,1431.6679,68437,82949,Rhinolophus ferrumequinum,0.062,0.062,-1,Echolocation,/mnt/ubna_data_02_mir/recover-20221013/UBNA_001/20221012_030000.WAV,Telephone Field,recover-20221013,001,1795
1431.6685,1431.7038,68437,81289,Rhinolophus ferrumequinum,0.023,0.023,-1,Echolocation,/mnt/ubna_data_02_mir/recover-20221013/UBNA_001/20221012_030000.WAV,Telephone Field,recover-20221013,001,1795
1431.6775,1431.6835,49531,56284,Pipistrellus pipistrellus,0.026,0.028,-1,Echolocation,/mnt/ubna_data_02_mir/recover-20221013/UBNA_001/20221012_030000.WAV,Telephone Field,recover-20221013,001,1795
1431.7145,1431.7552,68437,83063,Rhinolophus ferrumequinum,0.025,0.025,-1,Echolocation,/mnt/ubna_data_02_mir/recover-20221013/UBNA_001/20221012_030000.WAV,Telephone Field,recover-20221013,001,1795
1431.7235,1431.7663,68437,83253,Rhinolophus ferrumequinum,0.029,0.029,-1,Echolocation,/mnt/ubna_data_02_mir/recover-20221013/UBNA_001/20221012_030000.WAV,Telephone Field,recover-20221013,001,1795
1431.7425,1431.7828,68437,82924,Rhinolophus ferrumequinum,0.023,0.023,-1,Echolocation,/mnt/ubna_data_02_mir/recover-20221013/UBNA_001/20221012_030000.WAV,Telephone Field,recover-20221013,001,1795
1431.7635,1431.8066,68437,83305,Rhinolophus ferrumequinum,0.037,0.037,-1,Echolocation,/mnt/ubna_data_02_mir/recover-20221013/UBNA_001/20221012_030000.WAV,Telephone Field,recover-20221013,001,1795
1431.8565,1431.8964,68437,82361,Rhinolophus ferrumequinum,0.023,0.023,-1,Echolocation,/mnt/ubna_data_02_mir/recover-20221013/UBNA_001/20221012_030000.WAV,Telephone Field,recover-20221013,001,1795
1431.8805,1431.9226,68437,82742,Rhinolophus ferrumequinum,0.035,0.035,-1,Echolocation,/mnt/ubna_data_02_mir/recover-20221013/UBNA_001/20221012_030000.WAV,Telephone Field,recover-20221013,001,1795
1431.8915,1431.8997,29765,38715,Eptesicus serotinus,0.01,0.026,-1,Echolocation,/mnt/ubna_data_02_mir/recover-20221013/UBNA_001/20221012_030000.WAV,Telephone Field,recover-20221013,001,1795
1431.9115,1431.9221,22890,28120,Nyctalus leisleri,0.01,0.023,-1,Echolocation,/mnt/ubna_data_02_mir/recover-20221013/UBNA_001/20221012_030000.WAV,Telephone Field,recover-20221013,001,1795
1431.9405,1431.9851,68437,83699,Rhinolophus ferrumequinum,0.031,0.031,-1,Echolocation,/mnt/ubna_data_02_mir/recover-20221013/UBNA_001/20221012_030000.WAV,Telephone Field,recover-20221013,001,1795
1431.9455,1431.9532,28046,40659,Eptesicus serotinus,0.008,0.024,-1,Echolocation,/mnt/ubna_data_02_mir/recover-20221013/UBNA_001/20221012_030000.WAV,Telephone Field,recover-20221013,001,1795
1431.9575,1431.9993,68437,83177,Rhinolophus ferrumequinum,0.034,0.034,-1,Echolocation,/mnt/ubna_data_02_mir/recover-20221013/UBNA_001/20221012_030000.WAV,Telephone Field,recover-20221013,001,1795
1432.0015,1432.0356,68437,80138,Rhinolophus ferrumequinum,0.031,0.031,-1,Echolocation,/mnt/ubna_data_02_mir/recover-20221013/UBNA_001/20221012_030000.WAV,Telephone Field,recover-20221013,001,1795
1432.0015,1432.0105,21171,27445,Nyctalus leisleri,0.006,0.022,-1,Echolocation,/mnt/ubna_data_02_mir/recover-20221013/UBNA_001/20221012_030000.WAV,Telephone Field,recover-20221013,001,1795
1432.0015,1432.0137,16875,22831,Nyctalus noctula,0.007,0.022,-1,Echolocation,/mnt/ubna_data_02_mir/recover-20221013/UBNA_001/20221012_030000.WAV,Telephone Field,recover-20221013,001,1795
1432.0015,1432.0085,46093,52318,Pipistrellus pipistrellus,0.046,0.057,-1,Echolocation,/mnt/ubna_data_02_mir/recover-20221013/UBNA_001/20221012_030000.WAV,Telephone Field,recover-20221013,001,1795
1432.0095,1432.0535,68437,82895,Rhinolophus ferrumequinum,0.025,0.025,-1,Echolocation,/mnt/ubna_data_02_mir/recover-20221013/UBNA_001/20221012_030000.WAV,Telephone Field,recover-20221013,001,1795
1432.0115,1432.0225,53828,57781,Pipistrellus pygmaeus,0.019,0.025,-1,Echolocation,/mnt/ubna_data_02_mir/recover-20221013/UBNA_001/20221012_030000.WAV,Telephone Field,recover-20221013,001,1795
1432.0155,1432.0552,68437,82224,Rhinolophus ferrumequinum,0.022,0.022,-1,Echolocation,/mnt/ubna_data_02_mir/recover-20221013/UBNA_001/20221012_030000.WAV,Telephone Field,recover-20221013,001,1795
1432.0255,1432.0346,26328,36277,Eptesicus serotinus,0.009,0.023,-1,Echolocation,/mnt/ubna_data_02_mir/recover-20221013/UBNA_001/20221012_030000.WAV,Telephone Field,recover-20221013,001,1795
1432.0365,1432.0455,28906,37401,Eptesicus serotinus,0.008,0.024,-1,Echolocation,/mnt/ubna_data_02_mir/recover-20221013/UBNA_001/20221012_030000.WAV,Telephone Field,recover-20221013,001,1795
1432.0565,1432.1007,68437,83134,Rhinolophus ferrumequinum,0.037,0.037,-1,Echolocation,/mnt/ubna_data_02_mir/recover-20221013/UBNA_001/20221012_030000.WAV,Telephone Field,recover-20221013,001,1795
1432.0845,1432.1203,68437,81494,Rhinolophus ferrumequinum,0.024,0.024,-1,Echolocation,/mnt/ubna_data_02_mir/recover-20221013/UBNA_001/20221012_030000.WAV,Telephone Field,recover-20221013,001,1795
1432.0985,1432.1088,22031,27242,Nyctalus leisleri,0.01,0.022,-1,Echolocation,/mnt/ubna_data_02_mir/recover-20221013/UBNA_001/20221012_030000.WAV,Telephone Field,recover-20221013,001,1795
1432.1175,1432.1284,28906,34616,Eptesicus serotinus,0.026,0.048,-1,Echolocation,/mnt/ubna_data_02_mir/recover-20221013/UBNA_001/20221012_030000.WAV,Telephone Field,recover-20221013,001,1795
1432.1505,1432.1597,28046,36734,Eptesicus serotinus,0.01,0.024,-1,Echolocation,/mnt/ubna_data_02_mir/recover-20221013/UBNA_001/20221012_030000.WAV,Telephone Field,recover-20221013,001,1795
1432.1565,1432.1954,68437,82173,Rhinolophus ferrumequinum,0.023,0.023,-1,Echolocation,/mnt/ubna_data_02_mir/recover-20221013/UBNA_001/20221012_030000.WAV,Telephone Field,recover-20221013,001,1795
1432.1685,1432.178,28906,37157,Eptesicus serotinus,0.009,0.025,-1,Echolocation,/mnt/ubna_data_02_mir/recover-20221013/UBNA_001/20221012_030000.WAV,Telephone Field,recover-20221013,001,1795
1432.1775,1432.2141,68437,81572,Rhinolophus ferrumequinum,0.029,0.029,-1,Echolocation,/mnt/ubna_data_02_mir/recover-20221013/UBNA_001/20221012_030000.WAV,Telephone Field,recover-20221013,001,1795
1432.2325,1432.2721,68437,82563,Rhinolophus ferrumequinum,0.023,0.023,-1,Echolocation,/mnt/ubna_data_02_mir/recover-20221013/UBNA_001/20221012_030000.WAV,Telephone Field,recover-20221013,001,1795
1432.2565,1432.2967,68437,82505,Rhinolophus ferrumequinum,0.024,0.024,-1,Echolocation,/mnt/ubna_data_02_mir/recover-20221013/UBNA_001/20221012_030000.WAV,Telephone Field,recover-20221013,001,1795
1432.2625,1432.3031,68437,82941,Rhinolophus ferrumequinum,0.026,0.026,-1,Echolocation,/mnt/ubna_data_02_mir/recover-20221013/UBNA_001/20221012_030000.WAV,Telephone Field,recover-20221013,001,1795
1432.2755,1432.3186,68437,83004,Rhinolophus ferrumequinum,0.028,0.028,-1,Echolocation,/mnt/ubna_data_02_mir/recover-20221013/UBNA_001/20221012_030000.WAV,Telephone Field,recover-20221013,001,1795
1432.2915,1432.3034,28906,35991,Eptesicus serotinus,0.016,0.03,-1,Echolocation,/mnt/ubna_data_02_mir/recover-20221013/UBNA_001/20221012_030000.WAV,Telephone Field,recover-20221013,001,1795
1432.2925,1432.3327,68437,82440,Rhinolophus ferrumequinum,0.022,0.022,-1,Echolocation,/mnt/ubna_data_02_mir/recover-20221013/UBNA_001/20221012_030000.WAV,Telephone Field,recover-20221013,001,1795
1432.3195,1432.3275,25468,34973,Plecotus austriacus,0.008,0.033,-1,Echolocation,/mnt/ubna_data_02_mir/recover-20221013/UBNA_001/20221012_030000.WAV,Telephone Field,recover-20221013,001,1795
1432.3255,1432.366,68437,82910,Rhinolophus ferrumequinum,0.024,0.024,-1,Echolocation,/mnt/ubna_data_02_mir/recover-20221013/UBNA_001/20221012_030000.WAV,Telephone Field,recover-20221013,001,1795
1432.3355,1432.378,68437,83064,Rhinolophus ferrumequinum,0.028,0.028,-1,Echolocation,/mnt/ubna_data_02_mir/recover-20221013/UBNA_001/20221012_030000.WAV,Telephone Field,recover-20221013,001,1795
1432.3435,1432.3537,28046,35927,Eptesicus serotinus,0.01,0.024,-1,Echolocation,/mnt/ubna_data_02_mir/recover-20221013/UBNA_001/20221012_030000.WAV,Telephone Field,recover-20221013,001,1795
1432.3505,1432.3914,68437,82297,Rhinolophus ferrumequinum,0.025,0.025,-1,Echolocation,/mnt/ubna_data_02_mir/recover-20221013/UBNA_001/20221012_030000.WAV,Telephone Field,recover-20221013,001,1795
1432.4345,1432.47,68437,81803,Rhinolophus ferrumequinum,0.026,0.026,-1,Echolocation,/mnt/ubna_data_02_mir/recover-20221013/UBNA_001/20221012_030000.WAV,Telephone Field,recover-20221013,001,1795
1432.4355,1432.4425,33203,42335,Myotis daubentonii,0.013,0.034,-1,Echolocation,/mnt/ubna_data_02_mir/recover-20221013/UBNA_001/20221012_030000.WAV,Telephone Field,recover-20221013,001,1795
1432.4625,1432.5025,68437,82597,Rhinolophus ferrumequinum,0.026,0.026,-1,Echolocation,/mnt/ubna_data_02_mir/recover-20221013/UBNA_001/20221012_030000.WAV,Telephone Field,recover-20221013,001,1795
1432.4685,1432.4889,19453,22316,Nyctalus leisleri,0.018,0.034,-1,Echolocation,/mnt/ubna_data_02_mir/recover-20221013/UBNA_001/20221012_030000.WAV,Telephone Field,recover-20221013,001,1795
1432.4695,1432.4776,50390,56174,Pipistrellus pipistrellus,0.027,0.031,-1,Echolocation,/mnt/ubna_data_02_mir/recover-20221013/UBNA_001/20221012_030000.WAV,Telephone Field,recover-20221013,001,1795
1432.5115,1432.5489,68437,81601,Rhinolophus ferrumequinum,0.023,0.023,-1,Echolocation,/mnt/ubna_data_02_mir/recover-20221013/UBNA_001/20221012_030000.WAV,Telephone Field,recover-20221013,001,1795
1432.5275,1432.567,68437,82773,Rhinolophus ferrumequinum,0.026,0.026,-1,Echolocation,/mnt/ubna_data_02_mir/recover-20221013/UBNA_001/20221012_030000.WAV,Telephone Field,recover-20221013,001,1795
1432.5555,1432.5931,68437,81909,Rhinolophus ferrumequinum,0.022,0.022,-1,Echolocation,/mnt/ubna_data_02_mir/recover-20221013/UBNA_001/20221012_030000.WAV,Telephone Field,recover-20221013,001,1795
1432.5835,1432.5938,27187,35219,Eptesicus serotinus,0.01,0.025,-1,Echolocation,/mnt/ubna_data_02_mir/recover-20221013/UBNA_001/20221012_030000.WAV,Telephone Field,recover-20221013,001,1795
1432.5985,1432.6367,68437,81596,Rhinolophus ferrumequinum,0.024,0.025,-1,Echolocation,/mnt/ubna_data_02_mir/recover-20221013/UBNA_001/20221012_030000.WAV,Telephone Field,recover-20221013,001,1795
1432.6125,1432.6193,27187,37515,Eptesicus serotinus,0.009,0.031,-1,Echolocation,/mnt/ubna_data_02_mir/recover-20221013/UBNA_001/20221012_030000.WAV,Telephone Field,recover-20221013,001,1795
1432.6135,1432.65,68437,81722,Rhinolophus ferrumequinum,0.026,0.026,-1,Echolocation,/mnt/ubna_data_02_mir/recover-20221013/UBNA_001/20221012_030000.WAV,Telephone Field,recover-20221013,001,1795
1432.6415,1432.6508,24609,32844,Nyctalus leisleri,0.007,0.024,-1,Echolocation,/mnt/ubna_data_02_mir/recover-20221013/UBNA_001/20221012_030000.WAV,Telephone Field,recover-20221013,001,1795
1432.7455,1432.7539,28046,38484,Eptesicus serotinus,0.008,0.022,-1,Echolocation,/mnt/ubna_data_02_mir/recover-20221013/UBNA_001/20221012_030000.WAV,Telephone Field,recover-20221013,001,1795
1432.7665,1432.7743,24609,33063,Plecotus austriacus,0.007,0.022,-1,Echolocation,/mnt/ubna_data_02_mir/recover-20221013/UBNA_001/20221012_030000.WAV,Telephone Field,recover-20221013,001,1795
1432.7755,1432.811,68437,80990,Rhinolophus ferrumequinum,0.022,0.022,-1,Echolocation,/mnt/ubna_data_02_mir/recover-20221013/UBNA_001/20221012_030000.WAV,Telephone Field,recover-20221013,001,1795
1432.8145,1432.8244,28046,37112,Eptesicus serotinus,0.014,0.029,-1,Echolocation,/mnt/ubna_data_02_mir/recover-20221013/UBNA_001/20221012_030000.WAV,Telephone Field,recover-20221013,001,1795
1432.8155,1432.8563,68437,82179,Rhinolophus ferrumequinum,0.028,0.028,-1,Echolocation,/mnt/ubna_data_02_mir/recover-20221013/UBNA_001/20221012_030000.WAV,Telephone Field,recover-20221013,001,1795
1432.8405,1432.8805,68437,82080,Rhinolophus ferrumequinum,0.024,0.024,-1,Echolocation,/mnt/ubna_data_02_mir/recover-20221013/UBNA_001/20221012_030000.WAV,Telephone Field,recover-20221013,001,1795
1432.8645,1432.8715,27187,46590,Eptesicus serotinus,0.007,0.024,-1,Echolocation,/mnt/ubna_data_02_mir/recover-20221013/UBNA_001/20221012_030000.WAV,Telephone Field,recover-20221013,001,1795
1432.8735,1432.9141,68437,82230,Rhinolophus ferrumequinum,0.024,0.024,-1,Echolocation,/mnt/ubna_data_02_mir/recover-20221013/UBNA_001/20221012_030000.WAV,Telephone Field,recover-20221013,001,1795
1432.8885,1432.901,28046,33215,Eptesicus serotinus,0.011,0.023,-1,Echolocation,/mnt/ubna_data_02_mir/recover-20221013/UBNA_001/20221012_030000.WAV,Telephone Field,recover-20221013,001,1795
1432.8945,1432.9276,68437,80721,Rhinolophus ferrumequinum,0.022,0.022,-1,Echolocation,/mnt/ubna_data_02_mir/recover-20221013/UBNA_001/20221012_030000.WAV,Telephone Field,recover-20221013,001,1795
1432.9045,1432.9134,25468,34138,Nyctalus leisleri,0.007,0.026,-1,Echolocation,/mnt/ubna_data_02_mir/recover-20221013/UBNA_001/20221012_030000.WAV,Telephone Field,recover-20221013,001,1795
1432.9185,1432.9319,23750,27638,Nyctalus leisleri,0.021,0.033,-1,Echolocation,/mnt/ubna_data_02_mir/recover-20221013/UBNA_001/20221012_030000.WAV,Telephone Field,recover-20221013,001,1795
1432.9655,1432.9773,29765,37171,Eptesicus serotinus,0.017,0.036,-1,Echolocation,/mnt/ubna_data_02_mir/recover-20221013/UBNA_001/20221012_030000.WAV,Telephone Field,recover-20221013,001,1795
1432.9685,1433.0079,68437,82041,Rhinolophus ferrumequinum,0.022,0.022,-1,Echolocation,/mnt/ubna_data_02_mir/recover-20221013/UBNA_001/20221012_030000.WAV,Telephone Field,recover-20221013,001,1795
1432.9945,1433.0339,68437,82226,Rhinolophus ferrumequinum,0.025,0.025,-1,Echolocation,/mnt/ubna_data_02_mir/recover-20221013/UBNA_001/20221012_030000.WAV,Telephone Field,recover-20221013,001,1795
1433.0005,1433.009,25468,34578,Eptesicus serotinus,0.009,0.028,-1,Echolocation,/mnt/ubna_data_02_mir/recover-20221013/UBNA_001/20221012_030000.WAV,Telephone Field,recover-20221013,001,1795
1433.0385,1433.0476,28046,37090,Eptesicus serotinus,0.008,0.021,-1,Echolocation,/mnt/ubna_data_02_mir/recover-20221013/UBNA_001/20221012_030000.WAV,Telephone Field,recover-20221013,001,1795
1433.0525,1433.0885,68437,80875,Rhinolophus ferrumequinum,0.025,0.025,-1,Echolocation,/mnt/ubna_data_02_mir/recover-20221013/UBNA_001/20221012_030000.WAV,Telephone Field,recover-20221013,001,1795
1433.0825,1433.0927,26328,34200,Eptesicus serotinus,0.01,0.021,-1,Echolocation,/mnt/ubna_data_02_mir/recover-20221013/UBNA_001/20221012_030000.WAV,Telephone Field,recover-20221013,001,1795
1433.0945,1433.104,27187,36584,Eptesicus serotinus,0.01,0.021,-1,Echolocation,/mnt/ubna_data_02_mir/recover-20221013/UBNA_001/20221012_030000.WAV,Telephone Field,recover-20221013,001,1795
1433.1085,1433.1194,23750,30966,Nyctalus leisleri,0.011,0.028,-1,Echolocation,/mnt/ubna_data_02_mir/recover-20221013/UBNA_001/20221012_030000.WAV,Telephone Field,recover-20221013,001,1795
1433.1115,1433.1522,68437,82075,Rhinolophus ferrumequinum,0.021,0.021,-1,Echolocation,/mnt/ubna_data_02_mir/recover-20221013/UBNA_001/20221012_030000.WAV,Telephone Field,recover-20221013,001,1795
1433.1405,1433.1815,68437,82334,Rhinolophus ferrumequinum,0.03,0.03,-1,Echolocation,/mnt/ubna_data_02_mir/recover-20221013/UBNA_001/20221012_030000.WAV,Telephone Field,recover-20221013,001,1795
1433.2485,1433.2896,68437,82684,Rhinolophus ferrumequinum,0.027,0.027,-1,Echolocation,/mnt/ubna_data_02_mir/recover-20221013/UBNA_001/20221012_030000.WAV,Telephone Field,recover-20221013,001,1795
1433.2855,1433.2934,27187,47545,Eptesicus serotinus,0.007,0.023,-1,Echolocation,/mnt/ubna_data_02_mir/recover-20221013/UBNA_001/20221012_030000.WAV,Telephone Field,recover-20221013,001,1795
1433.3005,1433.3399,68437,82987,Rhinolophus ferrumequinum,0.035,0.035,-1,Echolocation,/mnt/ubna_data_02_mir/recover-20221013/UBNA_001/20221012_030000.WAV,Telephone Field,recover-20221013,001,1795
1433.3315,1433.3712,68437,81842,Rhinolophus ferrumequinum,0.023,0.023,-1,Echolocation,/mnt/ubna_data_02_mir/recover-20221013/UBNA_001/20221012_030000.WAV,Telephone Field,recover-20221013,001,1795
1433.3605,1433.3997,68437,82728,Rhinolophus ferrumequinum,0.03,0.03,-1,Echolocation,/mnt/ubna_data_02_mir/recover-20221013/UBNA_001/20221012_030000.WAV,Telephone Field,recover-20221013,001,1795
1433.3725,1433.3823,27187,35382,Eptesicus serotinus,0.008,0.021,-1,Echolocation,/mnt/ubna_data_02_mir/recover-20221013/UBNA_001/20221012_030000.WAV,Telephone Field,recover-20221013,001,1795
1433.4345,1433.4451,22890,28075,Nyctalus leisleri,0.01,0.023,-1,Echolocation,/mnt/ubna_data_02_mir/recover-20221013/UBNA_001/20221012_030000.WAV,Telephone Field,recover-20221013,001,1795
1433.4345,1433.4741,68437,82498,Rhinolophus ferrumequinum,0.026,0.026,-1,Echolocation,/mnt/ubna_data_02_mir/recover-20221013/UBNA_001/20221012_030000.WAV,Telephone Field,recover-20221013,001,1795
1433.4595,1433.4682,27187,38203,Eptesicus serotinus,0.009,0.024,-1,Echolocation,/mnt/ubna_data_02_mir/recover-20221013/UBNA_001/20221012_030000.WAV,Telephone Field,recover-20221013,001,1795
1433.4665,1433.4752,25468,33683,Eptesicus serotinus,0.007,0.021,-1,Echolocation,/mnt/ubna_data_02_mir/recover-20221013/UBNA_001/20221012_030000.WAV,Telephone Field,recover-20221013,001,1795
1433.4775,1433.5161,68437,81918,Rhinolophus ferrumequinum,0.023,0.023,-1,Echolocation,/mnt/ubna_data_02_mir/recover-20221013/UBNA_001/20221012_030000.WAV,Telephone Field,recover-20221013,001,1795
1433.5205,1433.5281,28046,45668,Eptesicus serotinus,0.007,0.021,-1,Echolocation,/mnt/ubna_data_02_mir/recover-20221013/UBNA_001/20221012_030000.WAV,Telephone Field,recover-20221013,001,1795
1433.5485,1433.5862,68437,81988,Rhinolophus ferrumequinum,0.024,0.024,-1,Echolocation,/mnt/ubna_data_02_mir/recover-20221013/UBNA_001/20221012_030000.WAV,Telephone Field,recover-20221013,001,1795
1433.5785,1433.587,28046,38885,Eptesicus serotinus,0.009,0.026,-1,Echolocation,/mnt/ubna_data_02_mir/recover-20221013/UBNA_001/20221012_030000.WAV,Telephone Field,recover-20221013,001,1795
1433.6185,1433.6299,23750,28783,Nyctalus leisleri,0.015,0.028,-1,Echolocation,/mnt/ubna_data_02_mir/recover-20221013/UBNA_001/20221012_030000.WAV,Telephone Field,recover-20221013,001,1795
1433.6345,1433.6432,28046,38438,Eptesicus serotinus,0.008,0.022,-1,Echolocation,/mnt/ubna_data_02_mir/recover-20221013/UBNA_001/20221012_030000.WAV,Telephone Field,recover-20221013,001,1795
1433.6505,1433.6924,68437,82974,Rhinolophus ferrumequinum,0.028,0.028,-1,Echolocation,/mnt/ubna_data_02_mir/recover-20221013/UBNA_001/20221012_030000.WAV,Telephone Field,recover-20221013,001,1795
1433.6505,1433.6617,27187,34192,Eptesicus serotinus,0.012,0.025,-1,Echolocation,/mnt/ubna_data_02_mir/recover-20221013/UBNA_001/20221012_030000.WAV,Telephone Field,recover-20221013,001,1795
1433.6755,1433.6871,28906,33963,Eptesicus serotinus,0.016,0.033,-1,Echolocation,/mnt/ubna_data_02_mir/recover-20221013/UBNA_001/20221012_030000.WAV,Telephone Field,recover-20221013,001,1795
1433.6875,1433.696,28906,38727,Eptesicus serotinus,0.007,0.022,-1,Echolocation,/mnt/ubna_data_02_mir/recover-20221013/UBNA_001/20221012_030000.WAV,Telephone Field,recover-20221013,001,1795
1433.6875,1433.732,68437,83420,Rhinolophus ferrumequinum,0.025,0.025,-1,Echolocation,/mnt/ubna_data_02_mir/recover-20221013/UBNA_001/20221012_030000.WAV,Telephone Field,recover-20221013,001,1795
1433.7125,1433.7496,67578,79362,Rhinolophus ferrumequinum,0.037,0.037,-1,Echolocation,/mnt/ubna_data_02_mir/recover-20221013/UBNA_001/20221012_030000.WAV,Telephone Field,recover-20221013,001,1795
1433.7915,1433.8329,68437,82391,Rhinolophus ferrumequinum,0.026,0.026,-1,Echolocation,/mnt/ubna_data_02_mir/recover-20221013/UBNA_001/20221012_030000.WAV,Telephone Field,recover-20221013,001,1795
1433.8075,1433.8482,68437,82767,Rhinolophus ferrumequinum,0.031,0.031,-1,Echolocation,/mnt/ubna_data_02_mir/recover-20221013/UBNA_001/20221012_030000.WAV,Telephone Field,recover-20221013,001,1795
1433.8255,1433.8366,27187,35246,Eptesicus serotinus,0.011,0.025,-1,Echolocation,/mnt/ubna_data_02_mir/recover-20221013/UBNA_001/20221012_030000.WAV,Telephone Field,recover-20221013,001,1795
1433.8365,1433.847,22890,27142,Nyctalus leisleri,0.016,0.026,-1,Echolocation,/mnt/ubna_data_02_mir/recover-20221013/UBNA_001/20221012_030000.WAV,Telephone Field,recover-20221013,001,1795
1433.8475,1433.8837,68437,80684,Rhinolophus ferrumequinum,0.022,0.022,-1,Echolocation,/mnt/ubna_data_02_mir/recover-20221013/UBNA_001/20221012_030000.WAV,Telephone Field,recover-20221013,001,1795
1433.8665,1433.8747,28046,39542,Eptesicus serotinus,0.007,0.021,-1,Echolocation,/mnt/ubna_data_02_mir/recover-20221013/UBNA_001/20221012_030000.WAV,Telephone Field,recover-20221013,001,1795
1433.8795,1433.9146,68437,81378,Rhinolophus ferrumequinum,0.023,0.023,-1,Echolocation,/mnt/ubna_data_02_mir/recover-20221013/UBNA_001/20221012_030000.WAV,Telephone Field,recover-20221013,001,1795
1433.8895,1433.9254,68437,81703,Rhinolophus ferrumequinum,0.024,0.024,-1,Echolocation,/mnt/ubna_data_02_mir/recover-20221013/UBNA_001/20221012_030000.WAV,Telephone Field,recover-20221013,001,1795
1433.8995,1433.91,23750,30054,Nyctalus leisleri,0.009,0.022,-1,Echolocation,/mnt/ubna_data_02_mir/recover-20221013/UBNA_001/20221012_030000.WAV,Telephone Field,recover-20221013,001,1795
1433.9145,1433.9247,28906,36407,Eptesicus serotinus,0.007,0.021,-1,Echolocation,/mnt/ubna_data_02_mir/recover-20221013/UBNA_001/20221012_030000.WAV,Telephone Field,recover-20221013,001,1795
1433.9215,1433.9613,68437,82402,Rhinolophus ferrumequinum,0.028,0.028,-1,Echolocation,/mnt/ubna_data_02_mir/recover-20221013/UBNA_001/20221012_030000.WAV,Telephone Field,recover-20221013,001,1795
1433.9345,1433.9412,23750,32866,Plecotus austriacus,0.011,0.024,-1,Echolocation,/mnt/ubna_data_02_mir/recover-20221013/UBNA_001/20221012_030000.WAV,Telephone Field,recover-20221013,001,1795
1433.9395,1433.948,28906,39025,Eptesicus serotinus,0.009,0.025,-1,Echolocation,/mnt/ubna_data_02_mir/recover-20221013/UBNA_001/20221012_030000.WAV,Telephone Field,recover-20221013,001,1795
1433.9405,1433.9759,68437,81800,Rhinolophus ferrumequinum,0.021,0.021,-1,Echolocation,/mnt/ubna_data_02_mir/recover-20221013/UBNA_001/20221012_030000.WAV,Telephone Field,recover-20221013,001,1795
1433.9565,1433.9646,28046,37741,Eptesicus serotinus,0.008,0.022,-1,Echolocation,/mnt/ubna_data_02_mir/recover-20221013/UBNA_001/20221012_030000.WAV,Telephone Field,recover-20221013,001,1795
1433.9695,1433.9788,36640,41939,Barbastellus barbastellus,0.008,0.023,-1,Echolocation,/mnt/ubna_data_02_mir/recover-20221013/UBNA_001/20221012_030000.WAV,Telephone Field,recover-20221013,001,1795
1434.0015,1434.0106,26328,36391,Eptesicus serotinus,0.01,0.03,-1,Echolocation,/mnt/ubna_data_02_mir/recover-20221013/UBNA_001/20221012_030000.WAV,Telephone Field,recover-20221013,001,1795
1434.0015,1434.0168,59843,66364,Pipistrellus pygmaeus,0.027,0.029,-1,Echolocation,/mnt/ubna_data_02_mir/recover-20221013/UBNA_001/20221012_030000.WAV,Telephone Field,recover-20221013,001,1795
1434.0165,1434.0257,23750,31020,Plecotus austriacus,0.01,0.033,-1,Echolocation,/mnt/ubna_data_02_mir/recover-20221013/UBNA_001/20221012_030000.WAV,Telephone Field,recover-20221013,001,1795
1434.0435,1434.0862,68437,83127,Rhinolophus ferrumequinum,0.05,0.05,-1,Echolocation,/mnt/ubna_data_02_mir/recover-20221013/UBNA_001/20221012_030000.WAV,Telephone Field,recover-20221013,001,1795
1434.0595,1434.0679,46093,51568,Pipistrellus pipistrellus,0.022,0.023,-1,Echolocation,/mnt/ubna_data_02_mir/recover-20221013/UBNA_001/20221012_030000.WAV,Telephone Field,recover-20221013,001,1795
1434.0705,1434.1087,68437,82655,Rhinolophus ferrumequinum,0.03,0.03,-1,Echolocation,/mnt/ubna_data_02_mir/recover-20221013/UBNA_001/20221012_030000.WAV,Telephone Field,recover-20221013,001,1795
1434.0725,1434.0809,27187,40535,Eptesicus serotinus,0.009,0.025,-1,Echolocation,/mnt/ubna_data_02_mir/recover-20221013/UBNA_001/20221012_030000.WAV,Telephone Field,recover-20221013,001,1795
1434.0955,1434.1034,26328,36074,Eptesicus serotinus,0.009,0.025,-1,Echolocation,/mnt/ubna_data_02_mir/recover-20221013/UBNA_001/20221012_030000.WAV,Telephone Field,recover-20221013,001,1795
1434.0965,1434.138,68437,82558,Rhinolophus ferrumequinum,0.029,0.029,-1,Echolocation,/mnt/ubna_data_02_mir/recover-20221013/UBNA_001/20221012_030000.WAV,Telephone Field,recover-20221013,001,1795
1434.1255,1434.1695,68437,83573,Rhinolophus ferrumequinum,0.043,0.043,-1,Echolocation,/mnt/ubna_data_02_mir/recover-20221013/UBNA_001/20221012_030000.WAV,Telephone Field,recover-20221013,001,1795
1434.1255,1434.135,24609,32231,Nyctalus leisleri,0.008,0.026,-1,Echolocation,/mnt/ubna_data_02_mir/recover-20221013/UBNA_001/20221012_030000.WAV,Telephone Field,recover-20221013,001,1795
1434.1375,1434.1506,22890,26962,Nyctalus leisleri,0.014,0.024,-1,Echolocation,/mnt/ubna_data_02_mir/recover-20221013/UBNA_001/20221012_030000.WAV,Telephone Field,recover-20221013,001,1795
1434.1535,1434.1626,28046,39152,Eptesicus serotinus,0.011,0.026,-1,Echolocation,/mnt/ubna_data_02_mir/recover-20221013/UBNA_001/20221012_030000.WAV,Telephone Field,recover-20221013,001,1795
1434.1655,1434.2042,68437,82366,Rhinolophus ferrumequinum,0.023,0.023,-1,Echolocation,/mnt/ubna_data_02_mir/recover-20221013/UBNA_001/20221012_030000.WAV,Telephone Field,recover-20221013,001,1795
1434.2335,1434.2404,28046,40250,Eptesicus serotinus,0.007,0.03,-1,Echolocation,/mnt/ubna_data_02_mir/recover-20221013/UBNA_001/20221012_030000.WAV,Telephone Field,recover-20221013,001,1795
1434.2435,1434.2519,28046,43653,Eptesicus serotinus,0.008,0.024,-1,Echolocation,/mnt/ubna_data_02_mir/recover-20221013/UBNA_001/20221012_030000.WAV,Telephone Field,recover-20221013,001,1795
1434.2635,1434.3022,68437,82088,Rhinolophus ferrumequinum,0.023,0.023,-1,Echolocation,/mnt/ubna_data_02_mir/recover-20221013/UBNA_001/20221012_030000.WAV,Telephone Field,recover-20221013,001,1795
1434.2775,1434.2978,19453,22269,Nyctalus leisleri,0.023,0.045,-1,Echolocation,/mnt/ubna_data_02_mir/recover-20221013/UBNA_001/20221012_030000.WAV,Telephone Field,recover-20221013,001,1795
1434.2905,1434.3316,68437,82750,Rhinolophus ferrumequinum,0.034,0.035,-1,Echolocation,/mnt/ubna_data_02_mir/recover-20221013/UBNA_001/20221012_030000.WAV,Telephone Field,recover-20221013,001,1795
1434.2995,1434.342,68437,83199,Rhinolophus ferrumequinum,0.024,0.024,-1,Echolocation,/mnt/ubna_data_02_mir/recover-20221013/UBNA_001/20221012_030000.WAV,Telephone Field,recover-20221013,001,1795
1434.3215,1434.3342,22890,27320,Nyctalus leisleri,0.022,0.042,-1,Echolocation,/mnt/ubna_data_02_mir/recover-20221013/UBNA_001/20221012_030000.WAV,Telephone Field,recover-20221013,001,1795
1434.3535,1434.364,28046,35559,Eptesicus serotinus,0.01,0.022,-1,Echolocation,/mnt/ubna_data_02_mir/recover-20221013/UBNA_001/20221012_030000.WAV,Telephone Field,recover-20221013,001,1795
1434.3725,1434.3872,21171,24848,Nyctalus leisleri,0.017,0.028,-1,Echolocation,/mnt/ubna_data_02_mir/recover-20221013/UBNA_001/20221012_030000.WAV,Telephone Field,recover-20221013,001,1795
1434.3885,1434.3959,28046,45069,Myotis daubentonii,0.009,0.027,-1,Echolocation,/mnt/ubna_data_02_mir/recover-20221013/UBNA_001/20221012_030000.WAV,Telephone Field,recover-20221013,001,1795
1434.3895,1434.4268,68437,82427,Rhinolophus ferrumequinum,0.026,0.026,-1,Echolocation,/mnt/ubna_data_02_mir/recover-20221013/UBNA_001/20221012_030000.WAV,Telephone Field,recover-20221013,001,1795
1434.4195,1434.4287,28046,36005,Eptesicus serotinus,0.018,0.033,-1,Echolocation,/mnt/ubna_data_02_mir/recover-20221013/UBNA_001/20221012_030000.WAV,Telephone Field,recover-20221013,001,1795
1434.4245,1434.4654,68437,83436,Rhinolophus ferrumequinum,0.023,0.023,-1,Echolocation,/mnt/ubna_data_02_mir/recover-20221013/UBNA_001/20221012_030000.WAV,Telephone Field,recover-20221013,001,1795
1434.4445,1434.4822,68437,82480,Rhinolophus ferrumequinum,0.023,0.023,-1,Echolocation,/mnt/ubna_data_02_mir/recover-20221013/UBNA_001/20221012_030000.WAV,Telephone Field,recover-20221013,001,1795
1434.4695,1434.5116,68437,82488,Rhinolophus ferrumequinum,0.027,0.027,-1,Echolocation,/mnt/ubna_data_02_mir/recover-20221013/UBNA_001/20221012_030000.WAV,Telephone Field,recover-20221013,001,1795
1434.4805,1434.5195,68437,81704,Rhinolophus ferrumequinum,0.022,0.022,-1,Echolocation,/mnt/ubna_data_02_mir/recover-20221013/UBNA_001/20221012_030000.WAV,Telephone Field,recover-20221013,001,1795
1434.4885,1434.4996,22031,26326,Nyctalus leisleri,0.012,0.023,-1,Echolocation,/mnt/ubna_data_02_mir/recover-20221013/UBNA_001/20221012_030000.WAV,Telephone Field,recover-20221013,001,1795
1434.5605,1434.5726,23750,28663,Nyctalus leisleri,0.013,0.025,-1,Echolocation,/mnt/ubna_data_02_mir/recover-20221013/UBNA_001/20221012_030000.WAV,Telephone Field,recover-20221013,001,1795
1434.6045,1434.6452,68437,82598,Rhinolophus ferrumequinum,0.023,0.023,-1,Echolocation,/mnt/ubna_data_02_mir/recover-20221013/UBNA_001/20221012_030000.WAV,Telephone Field,recover-20221013,001,1795
1434.6645,1434.7047,68437,82801,Rhinolophus ferrumequinum,0.04,0.04,-1,Echolocation,/mnt/ubna_data_02_mir/recover-20221013/UBNA_001/20221012_030000.WAV,Telephone Field,recover-20221013,001,1795
1434.6855,1434.6935,36640,43407,Barbastellus barbastellus,0.008,0.025,-1,Echolocation,/mnt/ubna_data_02_mir/recover-20221013/UBNA_001/20221012_030000.WAV,Telephone Field,recover-20221013,001,1795
1434.6955,1434.7321,68437,81888,Rhinolophus ferrumequinum,0.024,0.024,-1,Echolocation,/mnt/ubna_data_02_mir/recover-20221013/UBNA_001/20221012_030000.WAV,Telephone Field,recover-20221013,001,1795
1434.7015,1434.7433,68437,82498,Rhinolophus ferrumequinum,0.024,0.024,-1,Echolocation,/mnt/ubna_data_02_mir/recover-20221013/UBNA_001/20221012_030000.WAV,Telephone Field,recover-20221013,001,1795
1434.7115,1434.7498,68437,82291,Rhinolophus ferrumequinum,0.025,0.025,-1,Echolocation,/mnt/ubna_data_02_mir/recover-20221013/UBNA_001/20221012_030000.WAV,Telephone Field,recover-20221013,001,1795
1434.7425,1434.7507,26328,35842,Eptesicus serotinus,0.01,0.028,-1,Echolocation,/mnt/ubna_data_02_mir/recover-20221013/UBNA_001/20221012_030000.WAV,Telephone Field,recover-20221013,001,1795
1434.7855,1434.8256,68437,81894,Rhinolophus ferrumequinum,0.025,0.025,-1,Echolocation,/mnt/ubna_data_02_mir/recover-20221013/UBNA_001/20221012_030000.WAV,Telephone Field,recover-20221013,001,1795
1434.7915,1434.8319,68437,82154,Rhinolophus ferrumequinum,0.023,0.023,-1,Echolocation,/mnt/ubna_data_02_mir/recover-20221013/UBNA_001/20221012_030000.WAV,Telephone Field,recover-20221013,001,1795
1434.8395,1434.8819,68437,82994,Rhinolophus ferrumequinum,0.028,0.028,-1,Echolocation,/mnt/ubna_data_02_mir/recover-20221013/UBNA_001/20221012_030000.WAV,Telephone Field,recover-20221013,001,1795
1434.8645,1434.8805,21171,24704,Nyctalus leisleri,0.018,0.028,-1,Echolocation,/mnt/ubna_data_02_mir/recover-20221013/UBNA_001/20221012_030000.WAV,Telephone Field,recover-20221013,001,1795
1434.8765,1434.8862,49531,53651,Pipistrellus pipistrellus,0.02,0.022,-1,Echolocation,/mnt/ubna_data_02_mir/recover-20221013/UBNA_001/20221012_030000.WAV,Telephone Field,recover-20221013,001,1795
1434.8885,1434.9024,22031,26445,Nyctalus leisleri,0.015,0.029,-1,Echolocation,/mnt/ubna_data_02_mir/recover-20221013/UBNA_001/20221012_030000.WAV,Telephone Field,recover-20221013,001,1795
1434.9055,1434.9448,68437,82259,Rhinolophus ferrumequinum,0.024,0.024,-1,Echolocation,/mnt/ubna_data_02_mir/recover-20221013/UBNA_001/20221012_030000.WAV,Telephone Field,recover-20221013,001,1795
1434.9655,1434.9787,40078,43359,Pipistrellus nathusii,0.032,0.053,-1,Echolocation,/mnt/ubna_data_02_mir/recover-20221013/UBNA_001/20221012_030000.WAV,Telephone Field,recover-20221013,001,1795
1435.0205,1435.0301,28906,37655,Eptesicus serotinus,0.01,0.024,-1,Echolocation,/mnt/ubna_data_02_mir/recover-20221013/UBNA_001/20221012_030000.WAV,Telephone Field,recover-20221013,001,1795
1435.0225,1435.0661,68437,82831,Rhinolophus ferrumequinum,0.028,0.028,-1,Echolocation,/mnt/ubna_data_02_mir/recover-20221013/UBNA_001/20221012_030000.WAV,Telephone Field,recover-20221013,001,1795
1435.0275,1435.0372,28046,37263,Eptesicus serotinus,0.011,0.026,-1,Echolocation,/mnt/ubna_data_02_mir/recover-20221013/UBNA_001/20221012_030000.WAV,Telephone Field,recover-20221013,001,1795
1435.0495,1435.083,68437,80979,Rhinolophus ferrumequinum,0.029,0.029,-1,Echolocation,/mnt/ubna_data_02_mir/recover-20221013/UBNA_001/20221012_030000.WAV,Telephone Field,recover-20221013,001,1795
1435.0545,1435.062,26328,39604,Eptesicus serotinus,0.008,0.028,-1,Echolocation,/mnt/ubna_data_02_mir/recover-20221013/UBNA_001/20221012_030000.WAV,Telephone Field,recover-20221013,001,1795
1435.0875,1435.1268,68437,81906,Rhinolophus ferrumequinum,0.033,0.033,-1,Echolocation,/mnt/ubna_data_02_mir/recover-20221013/UBNA_001/20221012_030000.WAV,Telephone Field,recover-20221013,001,1795
1435.0945,1435.1025,27187,42965,Eptesicus serotinus,0.009,0.024,-1,Echolocation,/mnt/ubna_data_02_mir/recover-20221013/UBNA_001/20221012_030000.WAV,Telephone Field,recover-20221013,001,1795
1435.1145,1435.1217,27187,38775,Eptesicus serotinus,0.006,0.023,-1,Echolocation,/mnt/ubna_data_02_mir/recover-20221013/UBNA_001/20221012_030000.WAV,Telephone Field,recover-20221013,001,1795
1435.1405,1435.1814,68437,82242,Rhinolophus ferrumequinum,0.022,0.022,-1,Echolocation,/mnt/ubna_data_02_mir/recover-20221013/UBNA_001/20221012_030000.WAV,Telephone Field,recover-20221013,001,1795
1435.1635,1435.2011,68437,81813,Rhinolophus ferrumequinum,0.022,0.022,-1,Echolocation,/mnt/ubna_data_02_mir/recover-20221013/UBNA_001/20221012_030000.WAV,Telephone Field,recover-20221013,001,1795
1435.1705,1435.2107,68437,82179,Rhinolophus ferrumequinum,0.022,0.022,-1,Echolocation,/mnt/ubna_data_02_mir/recover-20221013/UBNA_001/20221012_030000.WAV,Telephone Field,recover-20221013,001,1795
1435.1715,1435.1826,28906,36480,Eptesicus serotinus,0.011,0.024,-1,Echolocation,/mnt/ubna_data_02_mir/recover-20221013/UBNA_001/20221012_030000.WAV,Telephone Field,recover-20221013,001,1795
1435.2035,1435.212,28046,39935,Eptesicus serotinus,0.009,0.025,-1,Echolocation,/mnt/ubna_data_02_mir/recover-20221013/UBNA_001/20221012_030000.WAV,Telephone Field,recover-20221013,001,1795
1435.2355,1435.2451,28046,37295,Eptesicus serotinus,0.009,0.022,-1,Echolocation,/mnt/ubna_data_02_mir/recover-20221013/UBNA_001/20221012_030000.WAV,Telephone Field,recover-20221013,001,1795
1435.2565,1435.2965,68437,81855,Rhinolophus ferrumequinum,0.024,0.024,-1,Echolocation,/mnt/ubna_data_02_mir/recover-20221013/UBNA_001/20221012_030000.WAV,Telephone Field,recover-20221013,001,1795
1435.2965,1435.3347,68437,82438,Rhinolophus ferrumequinum,0.022,0.022,-1,Echolocation,/mnt/ubna_data_02_mir/recover-20221013/UBNA_001/20221012_030000.WAV,Telephone Field,recover-20221013,001,1795
1435.3045,1435.3149,24609,31530,Eptesicus serotinus,0.013,0.037,-1,Echolocation,/mnt/ubna_data_02_mir/recover-20221013/UBNA_001/20221012_030000.WAV,Telephone Field,recover-20221013,001,1795
1435.3125,1435.3489,68437,81308,Rhinolophus ferrumequinum,0.023,0.023,-1,Echolocation,/mnt/ubna_data_02_mir/recover-20221013/UBNA_001/20221012_030000.WAV,Telephone Field,recover-20221013,001,1795
1435.3225,1435.3304,28046,40469,Eptesicus serotinus,0.007,0.023,-1,Echolocation,/mnt/ubna_data_02_mir/recover-20221013/UBNA_001/20221012_030000.WAV,Telephone Field,recover-20221013,001,1795
1435.3295,1435.342,22031,26223,Nyctalus leisleri,0.015,0.026,-1,Echolocation,/mnt/ubna_data_02_mir/recover-20221013/UBNA_001/20221012_030000.WAV,Telephone Field,recover-20221013,001,1795
1435.3785,1435.4184,68437,81953,Rhinolophus ferrumequinum,0.024,0.024,-1,Echolocation,/mnt/ubna_data_02_mir/recover-20221013/UBNA_001/20221012_030000.WAV,Telephone Field,recover-20221013,001,1795
1435.3835,1435.3936,23750,31312,Nyctalus leisleri,0.018,0.053,-1,Echolocation,/mnt/ubna_data_02_mir/recover-20221013/UBNA_001/20221012_030000.WAV,Telephone Field,recover-20221013,001,1795
1435.4105,1435.4491,68437,82345,Rhinolophus ferrumequinum,0.024,0.024,-1,Echolocation,/mnt/ubna_data_02_mir/recover-20221013/UBNA_001/20221012_030000.WAV,Telephone Field,recover-20221013,001,1795
1435.4595,1435.5007,68437,82816,Rhinolophus ferrumequinum,0.033,0.033,-1,Echolocation,/mnt/ubna_data_02_mir/recover-20221013/UBNA_001/20221012_030000.WAV,Telephone Field,recover-20221013,001,1795
1435.5165,1435.5255,28046,39337,Eptesicus serotinus,0.008,0.022,-1,Echolocation,/mnt/ubna_data_02_mir/recover-20221013/UBNA_001/20221012_030000.WAV,Telephone Field,recover-20221013,001,1795
1435.5385,1435.5473,28046,37851,Eptesicus serotinus,0.011,0.028,-1,Echolocation,/mnt/ubna_data_02_mir/recover-20221013/UBNA_001/20221012_030000.WAV,Telephone Field,recover-20221013,001,1795
1435.5515,1435.5934,68437,82757,Rhinolophus ferrumequinum,0.023,0.023,-1,Echolocation,/mnt/ubna_data_02_mir/recover-20221013/UBNA_001/20221012_030000.WAV,Telephone Field,recover-20221013,001,1795
1435.5585,1435.5691,22031,27271,Nyctalus leisleri,0.01,0.023,-1,Echolocation,/mnt/ubna_data_02_mir/recover-20221013/UBNA_001/20221012_030000.WAV,Telephone Field,recover-20221013,001,1795
1435.5745,1435.6153,68437,82299,Rhinolophus ferrumequinum,0.026,0.026,-1,Echolocation,/mnt/ubna_data_02_mir/recover-20221013/UBNA_001/20221012_030000.WAV,Telephone Field,recover-20221013,001,1795
1435.5765,1435.5886,24609,30123,Nyctalus leisleri,0.02,0.043,-1,Echolocation,/mnt/ubna_data_02_mir/recover-20221013/UBNA_001/20221012_030000.WAV,Telephone Field,recover-20221013,001,1795
1435.6185,1435.6256,50390,55093,Pipistrellus pipistrellus,0.027,0.029,-1,Echolocation,/mnt/ubna_data_02_mir/recover-20221013/UBNA_001/20221012_030000.WAV,Telephone Field,recover-20221013,001,1795
1435.6365,1435.6442,25468,36373,Eptesicus serotinus,0.007,0.023,-1,Echolocation,/mnt/ubna_data_02_mir/recover-20221013/UBNA_001/20221012_030000.WAV,Telephone Field,recover-20221013,001,1795
1435.7035,1435.7112,28046,39392,Eptesicus serotinus,0.007,0.023,-1,Echolocation,/mnt/ubna_data_02_mir/recover-20221013/UBNA_001/20221012_030000.WAV,Telephone Field,recover-20221013,001,1795
1435.7215,1435.757,68437,80643,Rhinolophus ferrumequinum,0.023,0.023,-1,Echolocation,/mnt/ubna_data_02_mir/recover-20221013/UBNA_001/20221012_030000.WAV,Telephone Field,recover-20221013,001,1795
1435.7285,1435.7387,28906,37775,Eptesicus serotinus,0.01,0.024,-1,Echolocation,/mnt/ubna_data_02_mir/recover-20221013/UBNA_001/20221012_030000.WAV,Telephone Field,recover-20221013,001,1795
1435.7455,1435.7562,23750,28950,Nyctalus leisleri,0.01,0.023,-1,Echolocation,/mnt/ubna_data_02_mir/recover-20221013/UBNA_001/20221012_030000.WAV,Telephone Field,recover-20221013,001,1795
1435.7555,1435.7916,68437,81709,Rhinolophus ferrumequinum,0.025,0.025,-1,Echolocation,/mnt/ubna_data_02_mir/recover-20221013/UBNA_001/20221012_030000.WAV,Telephone Field,recover-20221013,001,1795
1435.7575,1435.7662,27187,39433,Eptesicus serotinus,0.008,0.023,-1,Echolocation,/mnt/ubna_data_02_mir/recover-20221013/UBNA_001/20221012_030000.WAV,Telephone Field,recover-20221013,001,1795
1435.8385,1435.8752,68437,81382,Rhinolophus ferrumequinum,0.022,0.023,-1,Echolocation,/mnt/ubna_data_02_mir/recover-20221013/UBNA_001/20221012_030000.WAV,Telephone Field,recover-20221013,001,1795
1435.8435,1435.8506,24609,38579,Plecotus austriacus,0.008,0.027,-1,Echolocation,/mnt/ubna_data_02_mir/recover-20221013/UBNA_001/20221012_030000.WAV,Telephone Field,recover-20221013,001,1795
1435.8435,1435.8496,33203,44910,Myotis daubentonii,0.017,0.034,-1,Echolocation,/mnt/ubna_data_02_mir/recover-20221013/UBNA_001/20221012_030000.WAV,Telephone Field,recover-20221013,001,1795
1435.8705,1435.9078,68437,82196,Rhinolophus ferrumequinum,0.022,0.023,-1,Echolocation,/mnt/ubna_data_02_mir/recover-20221013/UBNA_001/20221012_030000.WAV,Telephone Field,recover-20221013,001,1795
1435.8815,1435.8927,22031,26771,Nyctalus leisleri,0.012,0.024,-1,Echolocation,/mnt/ubna_data_02_mir/recover-20221013/UBNA_001/20221012_030000.WAV,Telephone Field,recover-20221013,001,1795
1435.8865,1435.8952,28906,37600,Eptesicus serotinus,0.008,0.023,-1,Echolocation,/mnt/ubna_data_02_mir/recover-20221013/UBNA_001/20221012_030000.WAV,Telephone Field,recover-20221013,001,1795
1435.8995,1435.9073,45234,55464,Pipistrellus pipistrellus,0.016,0.022,-1,Echolocation,/mnt/ubna_data_02_mir/recover-20221013/UBNA_001/20221012_030000.WAV,Telephone Field,recover-20221013,001,1795
1435.9055,1435.9148,28046,43948,Eptesicus serotinus,0.011,0.027,-1,Echolocation,/mnt/ubna_data_02_mir/recover-20221013/UBNA_001/20221012_030000.WAV,Telephone Field,recover-20221013,001,1795
1435.9265,1435.9687,68437,82262,Rhinolophus ferrumequinum,0.027,0.027,-1,Echolocation,/mnt/ubna_data_02_mir/recover-20221013/UBNA_001/20221012_030000.WAV,Telephone Field,recover-20221013,001,1795
1435.9345,1435.9753,68437,82461,Rhinolophus ferrumequinum,0.025,0.025,-1,Echolocation,/mnt/ubna_data_02_mir/recover-20221013/UBNA_001/20221012_030000.WAV,Telephone Field,recover-20221013,001,1795
1436.0015,1436.0077,47812,55910,Pipistrellus pipistrellus,0.02,0.027,-1,Echolocation,/mnt/ubna_data_02_mir/recover-20221013/UBNA_001/20221012_030000.WAV,Telephone Field,recover-20221013,001,1795
1436.0015,1436.0117,25468,32911,Nyctalus leisleri,0.012,0.034,-1,Echolocation,/mnt/ubna_data_02_mir/recover-20221013/UBNA_001/20221012_030000.WAV,Telephone Field,recover-20221013,001,1795
1436.0015,1436.0308,68437,80293,Rhinolophus ferrumequinum,0.025,0.025,-1,Echolocation,/mnt/ubna_data_02_mir/recover-20221013/UBNA_001/20221012_030000.WAV,Telephone Field,recover-20221013,001,1795
1436.0345,1436.0451,23750,29436,Nyctalus leisleri,0.01,0.024,-1,Echolocation,/mnt/ubna_data_02_mir/recover-20221013/UBNA_001/20221012_030000.WAV,Telephone Field,recover-20221013,001,1795
1436.0375,1436.0773,68437,82563,Rhinolophus ferrumequinum,0.022,0.022,-1,Echolocation,/mnt/ubna_data_02_mir/recover-20221013/UBNA_001/20221012_030000.WAV,Telephone Field,recover-20221013,001,1795
1436.0585,1436.0968,68437,82276,Rhinolophus ferrumequinum,0.026,0.026,-1,Echolocation,/mnt/ubna_data_02_mir/recover-20221013/UBNA_001/20221012_030000.WAV,Telephone Field,recover-20221013,001,1795
1436.0995,1436.1394,68437,82109,Rhinolophus ferrumequinum,0.033,0.033,-1,Echolocation,/mnt/ubna_data_02_mir/recover-20221013/UBNA_001/20221012_030000.WAV,Telephone Field,recover-20221013,001,1795
1436.1175,1436.1567,68437,82649,Rhinolophus ferrumequinum,0.028,0.028,-1,Echolocation,/mnt/ubna_data_02_mir/recover-20221013/UBNA_001/20221012_030000.WAV,Telephone Field,recover-20221013,001,1795
1436.1285,1436.1704,68437,82478,Rhinolophus ferrumequinum,0.028,0.028,-1,Echolocation,/mnt/ubna_data_02_mir/recover-20221013/UBNA_001/20221012_030000.WAV,Telephone Field,recover-20221013,001,1795
1436.1635,1436.1718,26328,38424,Eptesicus serotinus,0.007,0.023,-1,Echolocation,/mnt/ubna_data_02_mir/recover-20221013/UBNA_001/20221012_030000.WAV,Telephone Field,recover-20221013,001,1795
1436.1755,1436.213,68437,82227,Rhinolophus ferrumequinum,0.025,0.025,-1,Echolocation,/mnt/ubna_data_02_mir/recover-20221013/UBNA_001/20221012_030000.WAV,Telephone Field,recover-20221013,001,1795
1436.1775,1436.1886,25468,33219,Eptesicus serotinus,0.015,0.028,-1,Echolocation,/mnt/ubna_data_02_mir/recover-20221013/UBNA_001/20221012_030000.WAV,Telephone Field,recover-20221013,001,1795
1436.1885,1436.234,68437,82737,Rhinolophus ferrumequinum,0.038,0.038,-1,Echolocation,/mnt/ubna_data_02_mir/recover-20221013/UBNA_001/20221012_030000.WAV,Telephone Field,recover-20221013,001,1795
1436.2195,1436.2592,68437,82446,Rhinolophus ferrumequinum,0.027,0.027,-1,Echolocation,/mnt/ubna_data_02_mir/recover-20221013/UBNA_001/20221012_030000.WAV,Telephone Field,recover-20221013,001,1795
1436.2305,1436.2458,23750,27615,Nyctalus leisleri,0.063,0.1,-1,Echolocation,/mnt/ubna_data_02_mir/recover-20221013/UBNA_001/20221012_030000.WAV,Telephone Field,recover-20221013,001,1795
1436.2365,1436.2737,68437,81892,Rhinolophus ferrumequinum,0.023,0.023,-1,Echolocation,/mnt/ubna_data_02_mir/recover-20221013/UBNA_001/20221012_030000.WAV,Telephone Field,recover-20221013,001,1795
1436.2515,1436.2596,26328,37469,Eptesicus serotinus,0.007,0.023,-1,Echolocation,/mnt/ubna_data_02_mir/recover-20221013/UBNA_001/20221012_030000.WAV,Telephone Field,recover-20221013,001,1795
1436.2625,1436.2994,68437,81409,Rhinolophus ferrumequinum,0.023,0.023,-1,Echolocation,/mnt/ubna_data_02_mir/recover-20221013/UBNA_001/20221012_030000.WAV,Telephone Field,recover-20221013,001,1795
1436.2865,1436.3254,68437,82063,Rhinolophus ferrumequinum,0.022,0.022,-1,Echolocation,/mnt/ubna_data_02_mir/recover-20221013/UBNA_001/20221012_030000.WAV,Telephone Field,recover-20221013,001,1795
1436.2925,1436.3314,68437,82151,Rhinolophus ferrumequinum,0.022,0.022,-1,Echolocation,/mnt/ubna_data_02_mir/recover-20221013/UBNA_001/20221012_030000.WAV,Telephone Field,recover-20221013,001,1795
1436.3015,1436.3409,68437,82384,Rhinolophus ferrumequinum,0.023,0.023,-1,Echolocation,/mnt/ubna_data_02_mir/recover-20221013/UBNA_001/20221012_030000.WAV,Telephone Field,recover-20221013,001,1795
1436.3585,1436.3971,68437,81817,Rhinolophus ferrumequinum,0.027,0.027,-1,Echolocation,/mnt/ubna_data_02_mir/recover-20221013/UBNA_001/20221012_030000.WAV,Telephone Field,recover-20221013,001,1795
1436.3675,1436.3786,23750,29564,Nyctalus leisleri,0.014,0.031,-1,Echolocation,/mnt/ubna_data_02_mir/recover-20221013/UBNA_001/20221012_030000.WAV,Telephone Field,recover-20221013,001,1795
1436.3885,1436.4292,68437,82823,Rhinolophus ferrumequinum,0.033,0.033,-1,Echolocation,/mnt/ubna_data_02_mir/recover-20221013/UBNA_001/20221012_030000.WAV,Telephone Field,recover-20221013,001,1795
1436.4235,1436.4641,68437,82284,Rhinolophus ferrumequinum,0.043,0.043,-1,Echolocation,/mnt/ubna_data_02_mir/recover-20221013/UBNA_001/20221012_030000.WAV,Telephone Field,recover-20221013,001,1795
1436.4335,1436.4747,68437,83065,Rhinolophus ferrumequinum,0.037,0.037,-1,Echolocation,/mnt/ubna_data_02_mir/recover-20221013/UBNA_001/20221012_030000.WAV,Telephone Field,recover-20221013,001,1795
1436.4405,1436.4835,68437,83139,Rhinolophus ferrumequinum,0.038,0.038,-1,Echolocation,/mnt/ubna_data_02_mir/recover-20221013/UBNA_001/20221012_030000.WAV,Telephone Field,recover-20221013,001,1795
1436.4505,1436.4587,26328,41802,Eptesicus serotinus,0.008,0.025,-1,Echolocation,/mnt/ubna_data_02_mir/recover-20221013/UBNA_001/20221012_030000.WAV,Telephone Field,recover-20221013,001,1795
1436.4515,1436.4574,33203,46435,Myotis daubentonii,0.01,0.022,-1,Echolocation,/mnt/ubna_data_02_mir/recover-20221013/UBNA_001/20221012_030000.WAV,Telephone Field,recover-20221013,001,1795
1436.5155,1436.5559,68437,82941,Rhinolophus ferrumequinum,0.033,0.033,-1,Echolocation,/mnt/ubna_data_02_mir/recover-20221013/UBNA_001/20221012_030000.WAV,Telephone Field,recover-20221013,001,1795
1436.5325,1436.5742,68437,82677,Rhinolophus ferrumequinum,0.029,0.029,-1,Echolocation,/mnt/ubna_data_02_mir/recover-20221013/UBNA_001/20221012_030000.WAV,Telephone Field,recover-20221013,001,1795
1436.5455,1436.5862,68437,82815,Rhinolophus ferrumequinum,0.023,0.023,-1,Echolocation,/mnt/ubna_data_02_mir/recover-20221013/UBNA_001/20221012_030000.WAV,Telephone Field,recover-20221013,001,1795
1436.5475,1436.5563,25468,33631,Eptesicus serotinus,0.008,0.027,-1,Echolocation,/mnt/ubna_data_02_mir/recover-20221013/UBNA_001/20221012_030000.WAV,Telephone Field,recover-20221013,001,1795
1436.5585,1436.5982,68437,82175,Rhinolophus ferrumequinum,0.024,0.024,-1,Echolocation,/mnt/ubna_data_02_mir/recover-20221013/UBNA_001/20221012_030000.WAV,Telephone Field,recover-20221013,001,1795
1436.5675,1436.5813,34062,38151,Pipistrellus nathusii,0.029,0.066,-1,Echolocation,/mnt/ubna_data_02_mir/recover-20221013/UBNA_001/20221012_030000.WAV,Telephone Field,recover-20221013,001,1795
1436.5675,1436.5766,28046,37030,Eptesicus serotinus,0.008,0.024,-1,Echolocation,/mnt/ubna_data_02_mir/recover-20221013/UBNA_001/20221012_030000.WAV,Telephone Field,recover-20221013,001,1795
1436.5725,1436.6142,68437,82263,Rhinolophus ferrumequinum,0.038,0.038,-1,Echolocation,/mnt/ubna_data_02_mir/recover-20221013/UBNA_001/20221012_030000.WAV,Telephone Field,recover-20221013,001,1795
1436.5885,1436.5978,22890,29397,Nyctalus leisleri,0.008,0.022,-1,Echolocation,/mnt/ubna_data_02_mir/recover-20221013/UBNA_001/20221012_030000.WAV,Telephone Field,recover-20221013,001,1795
1436.5995,1436.6113,28906,37499,Eptesicus serotinus,0.019,0.034,-1,Echolocation,/mnt/ubna_data_02_mir/recover-20221013/UBNA_001/20221012_030000.WAV,Telephone Field,recover-20221013,001,1795
1436.6135,1436.6501,68437,82201,Rhinolophus ferrumequinum,0.023,0.023,-1,Echolocation,/mnt/ubna_data_02_mir/recover-20221013/UBNA_001/20221012_030000.WAV,Telephone Field,recover-20221013,001,1795
1436.6225,1436.6614,68437,82334,Rhinolophus ferrumequinum,0.022,0.022,-1,Echolocation,/mnt/ubna_data_02_mir/recover-20221013/UBNA_001/20221012_030000.WAV,Telephone Field,recover-20221013,001,1795
1436.6315,1436.6697,68437,81709,Rhinolophus ferrumequinum,0.024,0.024,-1,Echolocation,/mnt/ubna_data_02_mir/recover-20221013/UBNA_001/20221012_030000.WAV,Telephone Field,recover-20221013,001,1795
1436.6465,1436.6537,28906,39410,Eptesicus serotinus,0.007,0.025,-1,Echolocation,/mnt/ubna_data_02_mir/recover-20221013/UBNA_001/20221012_030000.WAV,Telephone Field,recover-20221013,001,1795
1436.6505,1436.6893,68437,81464,Rhinolophus ferrumequinum,0.025,0.025,-1,Echolocation,/mnt/ubna_data_02_mir/recover-20221013/UBNA_001/20221012_030000.WAV,Telephone Field,recover-20221013,001,1795
1436.6745,1436.7137,68437,82151,Rhinolophus ferrumequinum,0.029,0.029,-1,Echolocation,/mnt/ubna_data_02_mir/recover-20221013/UBNA_001/20221012_030000.WAV,Telephone Field,recover-20221013,001,1795
1436.7035,1436.7424,68437,82066,Rhinolophus ferrumequinum,0.023,0.023,-1,Echolocation,/mnt/ubna_data_02_mir/recover-20221013/UBNA_001/20221012_030000.WAV,Telephone Field,recover-20221013,001,1795
1436.7115,1436.7522,68437,82306,Rhinolophus ferrumequinum,0.024,0.024,-1,Echolocation,/mnt/ubna_data_02_mir/recover-20221013/UBNA_001/20221012_030000.WAV,Telephone Field,recover-20221013,001,1795
1436.7405,1436.7807,68437,82541,Rhinolophus ferrumequinum,0.025,0.025,-1,Echolocation,/mnt/ubna_data_02_mir/recover-20221013/UBNA_001/20221012_030000.WAV,Telephone Field,recover-20221013,001,1795
1436.7705,1436.7768,49531,56916,Pipistrellus pipistrellus,0.032,0.036,-1,Echolocation,/mnt/ubna_data_02_mir/recover-20221013/UBNA_001/20221012_030000.WAV,Telephone Field,recover-20221013,001,1795
1436.7715,1436.7793,23750,32504,Plecotus austriacus,0.009,0.023,-1,Echolocation,/mnt/ubna_data_02_mir/recover-20221013/UBNA_001/20221012_030000.WAV,Telephone Field,recover-20221013,001,1795
1436.7755,1436.8156,68437,82537,Rhinolophus ferrumequinum,0.03,0.03,-1,Echolocation,/mnt/ubna_data_02_mir/recover-20221013/UBNA_001/20221012_030000.WAV,Telephone Field,recover-20221013,001,1795
1436.8045,1436.8157,22890,27470,Nyctalus leisleri,0.017,0.03,-1,Echolocation,/mnt/ubna_data_02_mir/recover-20221013/UBNA_001/20221012_030000.WAV,Telephone Field,recover-20221013,001,1795
1436.8365,1436.8451,48671,53654,Pipistrellus pipistrellus,0.024,0.026,-1,Echolocation,/mnt/ubna_data_02_mir/recover-20221013/UBNA_001/20221012_030000.WAV,Telephone Field,recover-20221013,001,1795
1436.8365,1436.875,68437,82781,Rhinolophus ferrumequinum,0.026,0.026,-1,Echolocation,/mnt/ubna_data_02_mir/recover-20221013/UBNA_001/20221012_030000.WAV,Telephone Field,recover-20221013,001,1795
1436.8915,1436.9298,68437,82155,Rhinolophus ferrumequinum,0.033,0.033,-1,Echolocation,/mnt/ubna_data_02_mir/recover-20221013/UBNA_001/20221012_030000.WAV,Telephone Field,recover-20221013,001,1795
1436.9145,1436.9553,68437,82151,Rhinolophus ferrumequinum,0.025,0.025,-1,Echolocation,/mnt/ubna_data_02_mir/recover-20221013/UBNA_001/20221012_030000.WAV,Telephone Field,recover-20221013,001,1795
1436.9225,1436.931,27187,38409,Eptesicus serotinus,0.008,0.024,-1,Echolocation,/mnt/ubna_data_02_mir/recover-20221013/UBNA_001/20221012_030000.WAV,Telephone Field,recover-20221013,001,1795
1436.9435,1436.9498,24609,37138,Plecotus austriacus,0.01,0.028,-1,Echolocation,/mnt/ubna_data_02_mir/recover-20221013/UBNA_001/20221012_030000.WAV,Telephone Field,recover-20221013,001,1795
1436.9705,1437.0062,68437,81198,Rhinolophus ferrumequinum,0.037,0.037,-1,Echolocation,/mnt/ubna_data_02_mir/recover-20221013/UBNA_001/20221012_030000.WAV,Telephone Field,recover-20221013,001,1795
1436.9955,1437.0055,23750,30693,Nyctalus leisleri,0.009,0.024,-1,Echolocation,/mnt/ubna_data_02_mir/recover-20221013/UBNA_001/20221012_030000.WAV,Telephone Field,recover-20221013,001,1795
1436.9995,1437.0382,68437,81955,Rhinolophus ferrumequinum,0.025,0.025,-1,Echolocation,/mnt/ubna_data_02_mir/recover-20221013/UBNA_001/20221012_030000.WAV,Telephone Field,recover-20221013,001,1795
1437.0125,1437.0536,68437,82820,Rhinolophus ferrumequinum,0.03,0.03,-1,Echolocation,/mnt/ubna_data_02_mir/recover-20221013/UBNA_001/20221012_030000.WAV,Telephone Field,recover-20221013,001,1795
1437.0335,1437.0724,68437,81681,Rhinolophus ferrumequinum,0.023,0.023,-1,Echolocation,/mnt/ubna_data_02_mir/recover-20221013/UBNA_001/20221012_030000.WAV,Telephone Field,recover-20221013,001,1795
1437.0675,1437.1044,68437,81684,Rhinolophus ferrumequinum,0.039,0.039,-1,Echolocation,/mnt/ubna_data_02_mir/recover-20221013/UBNA_001/20221012_030000.WAV,Telephone Field,recover-20221013,001,1795
1437.0905,1437.1269,68437,81155,Rhinolophus ferrumequinum,0.027,0.027,-1,Echolocation,/mnt/ubna_data_02_mir/recover-20221013/UBNA_001/20221012_030000.WAV,Telephone Field,recover-20221013,001,1795
1437.0955,1437.1069,22890,27778,Nyctalus leisleri,0.014,0.027,-1,Echolocation,/mnt/ubna_data_02_mir/recover-20221013/UBNA_001/20221012_030000.WAV,Telephone Field,recover-20221013,001,1795
1437.1095,1437.1476,68437,82273,Rhinolophus ferrumequinum,0.023,0.023,-1,Echolocation,/mnt/ubna_data_02_mir/recover-20221013/UBNA_001/20221012_030000.WAV,Telephone Field,recover-20221013,001,1795
1437.1465,1437.1845,68437,81784,Rhinolophus ferrumequinum,0.028,0.028,-1,Echolocation,/mnt/ubna_data_02_mir/recover-20221013/UBNA_001/20221012_030000.WAV,Telephone Field,recover-20221013,001,1795
1437.1785,1437.19,22890,27670,Nyctalus leisleri,0.014,0.025,-1,Echolocation,/mnt/ubna_data_02_mir/recover-20221013/UBNA_001/20221012_030000.WAV,Telephone Field,recover-20221013,001,1795
1437.1835,1437.1905,27187,39258,Eptesicus serotinus,0.006,0.025,-1,Echolocation,/mnt/ubna_data_02_mir/recover-20221013/UBNA_001/20221012_030000.WAV,Telephone Field,recover-20221013,001,1795
1437.1965,1437.2378,68437,83027,Rhinolophus ferrumequinum,0.032,0.032,-1,Echolocation,/mnt/ubna_data_02_mir/recover-20221013/UBNA_001/20221012_030000.WAV,Telephone Field,recover-20221013,001,1795
1437.2125,1437.2537,68437,82694,Rhinolophus ferrumequinum,0.026,0.026,-1,Echolocation,/mnt/ubna_data_02_mir/recover-20221013/UBNA_001/20221012_030000.WAV,Telephone Field,recover-20221013,001,1795
1437.2195,1437.2595,68437,82303,Rhinolophus ferrumequinum,0.024,0.024,-1,Echolocation,/mnt/ubna_data_02_mir/recover-20221013/UBNA_001/20221012_030000.WAV,Telephone Field,recover-20221013,001,1795
1437.2315,1437.2654,68437,81075,Rhinolophus ferrumequinum,0.022,0.022,-1,Echolocation,/mnt/ubna_data_02_mir/recover-20221013/UBNA_001/20221012_030000.WAV,Telephone Field,recover-20221013,001,1795
1437.2345,1437.2443,28906,38333,Eptesicus serotinus,0.012,0.03,-1,Echolocation,/mnt/ubna_data_02_mir/recover-20221013/UBNA_001/20221012_030000.WAV,Telephone Field,recover-20221013,001,1795
1437.2655,1437.2751,28046,36579,Eptesicus serotinus,0.012,0.027,-1,Echolocation,/mnt/ubna_data_02_mir/recover-20221013/UBNA_001/20221012_030000.WAV,Telephone Field,recover-20221013,001,1795
1437.2905,1437.3364,68437,83597,Rhinolophus ferrumequinum,0.057,0.057,-1,Echolocation,/mnt/ubna_data_02_mir/recover-20221013/UBNA_001/20221012_030000.WAV,Telephone Field,recover-20221013,001,1795
1437.2955,1437.304,27187,37555,Eptesicus serotinus,0.008,0.023,-1,Echolocation,/mnt/ubna_data_02_mir/recover-20221013/UBNA_001/20221012_030000.WAV,Telephone Field,recover-20221013,001,1795
1437.3505,1437.3883,68437,81387,Rhinolophus ferrumequinum,0.023,0.023,-1,Echolocation,/mnt/ubna_data_02_mir/recover-20221013/UBNA_001/20221012_030000.WAV,Telephone Field,recover-20221013,001,1795
1437.3565,1437.3662,27187,36368,Eptesicus serotinus,0.01,0.028,-1,Echolocation,/mnt/ubna_data_02_mir/recover-20221013/UBNA_001/20221012_030000.WAV,Telephone Field,recover-20221013,001,1795
1437.3835,1437.4204,68437,81709,Rhinolophus ferrumequinum,0.028,0.028,-1,Echolocation,/mnt/ubna_data_02_mir/recover-20221013/UBNA_001/20221012_030000.WAV,Telephone Field,recover-20221013,001,1795
1437.3985,1437.4346,68437,81741,Rhinolophus ferrumequinum,0.023,0.023,-1,Echolocation,/mnt/ubna_data_02_mir/recover-20221013/UBNA_001/20221012_030000.WAV,Telephone Field,recover-20221013,001,1795
1437.4105,1437.447,68437,81737,Rhinolophus ferrumequinum,0.023,0.023,-1,Echolocation,/mnt/ubna_data_02_mir/recover-20221013/UBNA_001/20221012_030000.WAV,Telephone Field,recover-20221013,001,1795
1437.4545,1437.4946,68437,82533,Rhinolophus ferrumequinum,0.022,0.022,-1,Echolocation,/mnt/ubna_data_02_mir/recover-20221013/UBNA_001/20221012_030000.WAV,Telephone Field,recover-20221013,001,1795
1437.4565,1437.4692,22890,27414,Nyctalus leisleri,0.015,0.026,-1,Echolocation,/mnt/ubna_data_02_mir/recover-20221013/UBNA_001/20221012_030000.WAV,Telephone Field,recover-20221013,001,1795
1437.4675,1437.4774,25468,32860,Nyctalus leisleri,0.008,0.026,-1,Echolocation,/mnt/ubna_data_02_mir/recover-20221013/UBNA_001/20221012_030000.WAV,Telephone Field,recover-20221013,001,1795
1437.4865,1437.5239,68437,82373,Rhinolophus ferrumequinum,0.025,0.025,-1,Echolocation,/mnt/ubna_data_02_mir/recover-20221013/UBNA_001/20221012_030000.WAV,Telephone Field,recover-20221013,001,1795
1437.4875,1437.4932,50390,55612,Pipistrellus pipistrellus,0.038,0.04,-1,Echolocation,/mnt/ubna_data_02_mir/recover-20221013/UBNA_001/20221012_030000.WAV,Telephone Field,recover-20221013,001,1795
1437.5115,1437.5521,68437,82589,Rhinolophus ferrumequinum,0.027,0.027,-1,Echolocation,/mnt/ubna_data_02_mir/recover-20221013/UBNA_001/20221012_030000.WAV,Telephone Field,recover-20221013,001,1795
1437.5385,1437.5735,68437,81710,Rhinolophus ferrumequinum,0.022,0.022,-1,Echolocation,/mnt/ubna_data_02_mir/recover-20221013/UBNA_001/20221012_030000.WAV,Telephone Field,recover-20221013,001,1795
1437.5435,1437.5813,68437,82071,Rhinolophus ferrumequinum,0.022,0.022,-1,Echolocation,/mnt/ubna_data_02_mir/recover-20221013/UBNA_001/20221012_030000.WAV,Telephone Field,recover-20221013,001,1795
1437.5525,1437.5663,35781,40119,Pipistrellus nathusii,0.008,0.027,-1,Echolocation,/mnt/ubna_data_02_mir/recover-20221013/UBNA_001/20221012_030000.WAV,Telephone Field,recover-20221013,001,1795
1437.5555,1437.5652,28046,36853,Eptesicus serotinus,0.01,0.027,-1,Echolocation,/mnt/ubna_data_02_mir/recover-20221013/UBNA_001/20221012_030000.WAV,Telephone Field,recover-20221013,001,1795
1437.5655,1437.6055,68437,82568,Rhinolophus ferrumequinum,0.026,0.026,-1,Echolocation,/mnt/ubna_data_02_mir/recover-20221013/UBNA_001/20221012_030000.WAV,Telephone Field,recover-20221013,001,1795
1437.5785,1437.6191,68437,82204,Rhinolophus ferrumequinum,0.025,0.025,-1,Echolocation,/mnt/ubna_data_02_mir/recover-20221013/UBNA_001/20221012_030000.WAV,Telephone Field,recover-20221013,001,1795
1437.5865,1437.5972,22031,26915,Nyctalus leisleri,0.01,0.023,-1,Echolocation,/mnt/ubna_data_02_mir/recover-20221013/UBNA_001/20221012_030000.WAV,Telephone Field,recover-20221013,001,1795
1437.5875,1437.6264,68437,82321,Rhinolophus ferrumequinum,0.028,0.028,-1,Echolocation,/mnt/ubna_data_02_mir/recover-20221013/UBNA_001/20221012_030000.WAV,Telephone Field,recover-20221013,001,1795
1437.6165,1437.6566,68437,82445,Rhinolophus ferrumequinum,0.026,0.026,-1,Echolocation,/mnt/ubna_data_02_mir/recover-20221013/UBNA_001/20221012_030000.WAV,Telephone Field,recover-20221013,001,1795
1437.6325,1437.676,68437,82766,Rhinolophus ferrumequinum,0.03,0.03,-1,Echolocation,/mnt/ubna_data_02_mir/recover-20221013/UBNA_001/20221012_030000.WAV,Telephone Field,recover-20221013,001,1795
1437.6465,1437.6861,68437,82335,Rhinolophus ferrumequinum,0.023,0.023,-1,Echolocation,/mnt/ubna_data_02_mir/recover-20221013/UBNA_001/20221012_030000.WAV,Telephone Field,recover-20221013,001,1795
1437.6745,1437.7154,68437,82879,Rhinolophus ferrumequinum,0.026,0.026,-1,Echolocation,/mnt/ubna_data_02_mir/recover-20221013/UBNA_001/20221012_030000.WAV,Telephone Field,recover-20221013,001,1795
1437.6845,1437.725,68437,83368,Rhinolophus ferrumequinum,0.029,0.029,-1,Echolocation,/mnt/ubna_data_02_mir/recover-20221013/UBNA_001/20221012_030000.WAV,Telephone Field,recover-20221013,001,1795
1437.6975,1437.7388,68437,82990,Rhinolophus ferrumequinum,0.024,0.024,-1,Echolocation,/mnt/ubna_data_02_mir/recover-20221013/UBNA_001/20221012_030000.WAV,Telephone Field,recover-20221013,001,1795
1437.7015,1437.7188,14296,19120,Nyctalus noctula,0.024,0.033,-1,Echolocation,/mnt/ubna_data_02_mir/recover-20221013/UBNA_001/20221012_030000.WAV,Telephone Field,recover-20221013,001,1795
1437.7165,1437.7278,23750,29552,Nyctalus leisleri,0.011,0.026,-1,Echolocation,/mnt/ubna_data_02_mir/recover-20221013/UBNA_001/20221012_030000.WAV,Telephone Field,recover-20221013,001,1795
1437.7485,1437.7871,68437,81740,Rhinolophus ferrumequinum,0.023,0.024,-1,Echolocation,/mnt/ubna_data_02_mir/recover-20221013/UBNA_001/20221012_030000.WAV,Telephone Field,recover-20221013,001,1795
1437.7535,1437.7928,68437,82317,Rhinolophus ferrumequinum,0.024,0.024,-1,Echolocation,/mnt/ubna_data_02_mir/recover-20221013/UBNA_001/20221012_030000.WAV,Telephone Field,recover-20221013,001,1795
1437.7655,1437.805,68437,82618,Rhinolophus ferrumequinum,0.035,0.035,-1,Echolocation,/mnt/ubna_data_02_mir/recover-20221013/UBNA_001/20221012_030000.WAV,Telephone Field,recover-20221013,001,1795
1437.7835,1437.8247,68437,82331,Rhinolophus ferrumequinum,0.024,0.024,-1,Echolocation,/mnt/ubna_data_02_mir/recover-20221013/UBNA_001/20221012_030000.WAV,Telephone Field,recover-20221013,001,1795
1437.7945,1437.831,68437,81213,Rhinolophus ferrumequinum,0.024,0.024,-1,Echolocation,/mnt/ubna_data_02_mir/recover-20221013/UBNA_001/20221012_030000.WAV,Telephone Field,recover-20221013,001,1795
1437.8065,1437.8461,68437,82504,Rhinolophus ferrumequinum,0.028,0.028,-1,Echolocation,/mnt/ubna_data_02_mir/recover-20221013/UBNA_001/20221012_030000.WAV,Telephone Field,recover-20221013,001,1795
1437.8205,1437.8344,22890,27073,Nyctalus leisleri,0.025,0.043,-1,Echolocation,/mnt/ubna_data_02_mir/recover-20221013/UBNA_001/20221012_030000.WAV,Telephone Field,recover-20221013,001,1795
1437.8415,1437.8824,68437,83074,Rhinolophus ferrumequinum,0.029,0.029,-1,Echolocation,/mnt/ubna_data_02_mir/recover-20221013/UBNA_001/20221012_030000.WAV,Telephone Field,recover-20221013,001,1795
1437.8595,1437.894,68437,80328,Rhinolophus ferrumequinum,0.026,0.027,-1,Echolocation,/mnt/ubna_data_02_mir/recover-20221013/UBNA_001/20221012_030000.WAV,Telephone Field,recover-20221013,001,1795
1437.8735,1437.913,68437,82198,Rhinolophus ferrumequinum,0.031,0.031,-1,Echolocation,/mnt/ubna_data_02_mir/recover-20221013/UBNA_001/20221012_030000.WAV,Telephone Field,recover-20221013,001,1795
1437.8935,1437.9371,68437,83477,Rhinolophus ferrumequinum,0.034,0.034,-1,Echolocation,/mnt/ubna_data_02_mir/recover-20221013/UBNA_001/20221012_030000.WAV,Telephone Field,recover-20221013,001,1795
1437.9005,1437.91,28046,37477,Eptesicus serotinus,0.011,0.027,-1,Echolocation,/mnt/ubna_data_02_mir/recover-20221013/UBNA_001/20221012_030000.WAV,Telephone Field,recover-20221013,001,1795
1437.9145,1437.9495,68437,81525,Rhinolophus ferrumequinum,0.023,0.023,-1,Echolocation,/mnt/ubna_data_02_mir/recover-20221013/UBNA_001/20221012_030000.WAV,Telephone Field,recover-20221013,001,1795
1437.9225,1437.9562,67578,79329,Rhinolophus ferrumequinum,0.021,0.022,-1,Echolocation,/mnt/ubna_data_02_mir/recover-20221013/UBNA_001/20221012_030000.WAV,Telephone Field,recover-20221013,001,1795
1437.9405,1437.9808,68437,82744,Rhinolophus ferrumequinum,0.031,0.031,-1,Echolocation,/mnt/ubna_data_02_mir/recover-20221013/UBNA_001/20221012_030000.WAV,Telephone Field,recover-20221013,001,1795
1437.9685,1437.9773,28046,37829,Eptesicus serotinus,0.008,0.023,-1,Echolocation,/mnt/ubna_data_02_mir/recover-20221013/UBNA_001/20221012_030000.WAV,Telephone Field,recover-20221013,001,1795
1438.0015,1438.0316,69296,80620,Rhinolophus ferrumequinum,0.031,0.031,-1,Echolocation,/mnt/ubna_data_02_mir/recover-20221013/UBNA_001/20221012_030000.WAV,Telephone Field,recover-20221013,001,1795
1438.0015,1438.0101,26328,34348,Eptesicus serotinus,0.011,0.034,-1,Echolocation,/mnt/ubna_data_02_mir/recover-20221013/UBNA_001/20221012_030000.WAV,Telephone Field,recover-20221013,001,1795
1438.0115,1438.0195,28906,39254,Eptesicus serotinus,0.008,0.029,-1,Echolocation,/mnt/ubna_data_02_mir/recover-20221013/UBNA_001/20221012_030000.WAV,Telephone Field,recover-20221013,001,1795
1438.0595,1438.0678,47812,52065,Pipistrellus pipistrellus,0.033,0.035,-1,Echolocation,/mnt/ubna_data_02_mir/recover-20221013/UBNA_001/20221012_030000.WAV,Telephone Field,recover-20221013,001,1795
1438.0595,1438.1007,68437,82840,Rhinolophus ferrumequinum,0.03,0.03,-1,Echolocation,/mnt/ubna_data_02_mir/recover-20221013/UBNA_001/20221012_030000.WAV,Telephone Field,recover-20221013,001,1795
1438.0775,1438.1172,68437,82583,Rhinolophus ferrumequinum,0.029,0.03,-1,Echolocation,/mnt/ubna_data_02_mir/recover-20221013/UBNA_001/20221012_030000.WAV,Telephone Field,recover-20221013,001,1795
1438.0995,1438.1405,68437,82287,Rhinolophus ferrumequinum,0.035,0.035,-1,Echolocation,/mnt/ubna_data_02_mir/recover-20221013/UBNA_001/20221012_030000.WAV,Telephone Field,recover-20221013,001,1795
1438.1035,1438.1125,51250,56694,Pipistrellus pipistrellus,0.02,0.025,-1,Echolocation,/mnt/ubna_data_02_mir/recover-20221013/UBNA_001/20221012_030000.WAV,Telephone Field,recover-20221013,001,1795
1438.1105,1438.1199,28046,38373,Eptesicus serotinus,0.01,0.024,-1,Echolocation,/mnt/ubna_data_02_mir/recover-20221013/UBNA_001/20221012_030000.WAV,Telephone Field,recover-20221013,001,1795
1438.1455,1438.1828,68437,81585,Rhinolophus ferrumequinum,0.027,0.027,-1,Echolocation,/mnt/ubna_data_02_mir/recover-20221013/UBNA_001/20221012_030000.WAV,Telephone Field,recover-20221013,001,1795
1438.1595,1438.1991,68437,82212,Rhinolophus ferrumequinum,0.029,0.029,-1,Echolocation,/mnt/ubna_data_02_mir/recover-20221013/UBNA_001/20221012_030000.WAV,Telephone Field,recover-20221013,001,1795
1438.1745,1438.185,14296,18949,Nyctalus noctula,0.014,0.026,-1,Echolocation,/mnt/ubna_data_02_mir/recover-20221013/UBNA_001/20221012_030000.WAV,Telephone Field,recover-20221013,001,1795
1438.1815,1438.2158,68437,80764,Rhinolophus ferrumequinum,0.024,0.024,-1,Echolocation,/mnt/ubna_data_02_mir/recover-20221013/UBNA_001/20221012_030000.WAV,Telephone Field,recover-20221013,001,1795
1438.1995,1438.2378,68437,82386,Rhinolophus ferrumequinum,0.03,0.03,-1,Echolocation,/mnt/ubna_data_02_mir/recover-20221013/UBNA_001/20221012_030000.WAV,Telephone Field,recover-20221013,001,1795
1438.2065,1438.2144,27187,40701,Eptesicus serotinus,0.009,0.026,-1,Echolocation,/mnt/ubna_data_02_mir/recover-20221013/UBNA_001/20221012_030000.WAV,Telephone Field,recover-20221013,001,1795
1438.2535,1438.2607,26328,39905,Eptesicus serotinus,0.007,0.024,-1,Echolocation,/mnt/ubna_data_02_mir/recover-20221013/UBNA_001/20221012_030000.WAV,Telephone Field,recover-20221013,001,1795
1438.2755,1438.3155,68437,82324,Rhinolophus ferrumequinum,0.026,0.026,-1,Echolocation,/mnt/ubna_data_02_mir/recover-20221013/UBNA_001/20221012_030000.WAV,Telephone Field,recover-20221013,001,1795
1438.3265,1438.3695,68437,83224,Rhinolophus ferrumequinum,0.041,0.041,-1,Echolocation,/mnt/ubna_data_02_mir/recover-20221013/UBNA_001/20221012_030000.WAV,Telephone Field,recover-20221013,001,1795
1438.3705,1438.3774,45234,50186,Pipistrellus pipistrellus,0.026,0.027,-1,Echolocation,/mnt/ubna_data_02_mir/recover-20221013/UBNA_001/20221012_030000.WAV,Telephone Field,recover-20221013,001,1795
1438.3785,1438.4159,68437,81957,Rhinolophus ferrumequinum,0.023,0.024,-1,Echolocation,/mnt/ubna_data_02_mir/recover-20221013/UBNA_001/20221012_030000.WAV,Telephone Field,recover-20221013,001,1795
1438.3945,1438.432,68437,81802,Rhinolophus ferrumequinum,0.04,0.04,-1,Echolocation,/mnt/ubna_data_02_mir/recover-20221013/UBNA_001/20221012_030000.WAV,Telephone Field,recover-20221013,001,1795
1438.4115,1438.4303,19453,22617,Nyctalus leisleri,0.014,0.027,-1,Echolocation,/mnt/ubna_data_02_mir/recover-20221013/UBNA_001/20221012_030000.WAV,Telephone Field,recover-20221013,001,1795
1438.4135,1438.4514,68437,82462,Rhinolophus ferrumequinum,0.026,0.026,-1,Echolocation,/mnt/ubna_data_02_mir/recover-20221013/UBNA_001/20221012_030000.WAV,Telephone Field,recover-20221013,001,1795
1438.4195,1438.4282,28046,39175,Eptesicus serotinus,0.009,0.024,-1,Echolocation,/mnt/ubna_data_02_mir/recover-20221013/UBNA_001/20221012_030000.WAV,Telephone Field,recover-20221013,001,1795
1438.4485,1438.4909,68437,82591,Rhinolophus ferrumequinum,0.025,0.025,-1,Echolocation,/mnt/ubna_data_02_mir/recover-20221013/UBNA_001/20221012_030000.WAV,Telephone Field,recover-20221013,001,1795
1438.4795,1438.5199,68437,82920,Rhinolophus ferrumequinum,0.027,0.027,-1,Echolocation,/mnt/ubna_data_02_mir/recover-20221013/UBNA_001/20221012_030000.WAV,Telephone Field,recover-20221013,001,1795
1438.5685,1438.6085,68437,82397,Rhinolophus ferrumequinum,0.027,0.027,-1,Echolocation,/mnt/ubna_data_02_mir/recover-20221013/UBNA_001/20221012_030000.WAV,Telephone Field,recover-20221013,001,1795
1438.5925,1438.6301,68437,81602,Rhinolophus ferrumequinum,0.026,0.026,-1,Echolocation,/mnt/ubna_data_02_mir/recover-20221013/UBNA_001/20221012_030000.WAV,Telephone Field,recover-20221013,001,1795
1438.6155,1438.6558,68437,82658,Rhinolophus ferrumequinum,0.025,0.025,-1,Echolocation,/mnt/ubna_data_02_mir/recover-20221013/UBNA_001/20221012_030000.WAV,Telephone Field,recover-20221013,001,1795
1438.6225,1438.6629,68437,82242,Rhinolophus ferrumequinum,0.032,0.032,-1,Echolocation,/mnt/ubna_data_02_mir/recover-20221013/UBNA_001/20221012_030000.WAV,Telephone Field,recover-20221013,001,1795
1438.6515,1438.6909,68437,82397,Rhinolophus ferrumequinum,0.024,0.024,-1,Echolocation,/mnt/ubna_data_02_mir/recover-20221013/UBNA_001/20221012_030000.WAV,Telephone Field,recover-20221013,001,1795
1438.6845,1438.7279,68437,82841,Rhinolophus ferrumequinum,0.051,0.051,-1,Echolocation,/mnt/ubna_data_02_mir/recover-20221013/UBNA_001/20221012_030000.WAV,Telephone Field,recover-20221013,001,1795
1438.6865,1438.6947,27187,40243,Eptesicus serotinus,0.008,0.026,-1,Echolocation,/mnt/ubna_data_02_mir/recover-20221013/UBNA_001/20221012_030000.WAV,Telephone Field,recover-20221013,001,1795
1438.7155,1438.7566,68437,82590,Rhinolophus ferrumequinum,0.023,0.024,-1,Echolocation,/mnt/ubna_data_02_mir/recover-20221013/UBNA_001/20221012_030000.WAV,Telephone Field,recover-20221013,001,1795
1438.7205,1438.7284,24609,34414,Plecotus austriacus,0.007,0.024,-1,Echolocation,/mnt/ubna_data_02_mir/recover-20221013/UBNA_001/20221012_030000.WAV,Telephone Field,recover-20221013,001,1795
1438.7655,1438.7772,42656,46680,Pipistrellus pipistrellus,0.028,0.036,-1,Echolocation,/mnt/ubna_data_02_mir/recover-20221013/UBNA_001/20221012_030000.WAV,Telephone Field,recover-20221013,001,1795
1438.7705,1438.8091,68437,82275,Rhinolophus ferrumequinum,0.026,0.026,-1,Echolocation,/mnt/ubna_data_02_mir/recover-20221013/UBNA_001/20221012_030000.WAV,Telephone Field,recover-20221013,001,1795
1438.7965,1438.8412,68437,83756,Rhinolophus ferrumequinum,0.068,0.069,-1,Echolocation,/mnt/ubna_data_02_mir/recover-20221013/UBNA_001/20221012_030000.WAV,Telephone Field,recover-20221013,001,1795
1438.7995,1438.8084,49531,55599,Pipistrellus pipistrellus,0.023,0.027,-1,Echolocation,/mnt/ubna_data_02_mir/recover-20221013/UBNA_001/20221012_030000.WAV,Telephone Field,recover-20221013,001,1795
1438.8285,1438.8678,68437,82213,Rhinolophus ferrumequinum,0.025,0.025,-1,Echolocation,/mnt/ubna_data_02_mir/recover-20221013/UBNA_001/20221012_030000.WAV,Telephone Field,recover-20221013,001,1795
1438.8345,1438.8734,68437,81991,Rhinolophus ferrumequinum,0.025,0.025,-1,Echolocation,/mnt/ubna_data_02_mir/recover-20221013/UBNA_001/20221012_030000.WAV,Telephone Field,recover-20221013,001,1795
1438.8475,1438.8871,68437,82761,Rhinolophus ferrumequinum,0.03,0.03,-1,Echolocation,/mnt/ubna_data_02_mir/recover-20221013/UBNA_001/20221012_030000.WAV,Telephone Field,recover-20221013,001,1795
1438.8545,1438.8979,68437,82807,Rhinolophus ferrumequinum,0.029,0.029,-1,Echolocation,/mnt/ubna_data_02_mir/recover-20221013/UBNA_001/20221012_030000.WAV,Telephone Field,recover-20221013,001,1795
1438.8565,1438.8684,44375,48661,Pipistrellus pipistrellus,0.07,0.079,-1,Echolocation,/mnt/ubna_data_02_mir/recover-20221013/UBNA_001/20221012_030000.WAV,Telephone Field,recover-20221013,001,1795
1438.8775,1438.9151,68437,82001,Rhinolophus ferrumequinum,0.026,0.026,-1,Echolocation,/mnt/ubna_data_02_mir/recover-20221013/UBNA_001/20221012_030000.WAV,Telephone Field,recover-20221013,001,1795
1438.8895,1438.8946,28906,40121,Plecotus auritus,0.049,0.12,-1,Echolocation,/mnt/ubna_data_02_mir/recover-20221013/UBNA_001/20221012_030000.WAV,Telephone Field,recover-20221013,001,1795
1438.9165,1438.9565,68437,82742,Rhinolophus ferrumequinum,0.03,0.03,-1,Echolocation,/mnt/ubna_data_02_mir/recover-20221013/UBNA_001/20221012_030000.WAV,Telephone Field,recover-20221013,001,1795
1438.9355,1438.973,68437,81971,Rhinolophus ferrumequinum,0.027,0.027,-1,Echolocation,/mnt/ubna_data_02_mir/recover-20221013/UBNA_001/20221012_030000.WAV,Telephone Field,recover-20221013,001,1795
1438.9485,1438.9854,68437,82037,Rhinolophus ferrumequinum,0.024,0.024,-1,Echolocation,/mnt/ubna_data_02_mir/recover-20221013/UBNA_001/20221012_030000.WAV,Telephone Field,recover-20221013,001,1795
1438.9655,1439.0035,68437,82057,Rhinolophus ferrumequinum,0.023,0.023,-1,Echolocation,/mnt/ubna_data_02_mir/recover-20221013/UBNA_001/20221012_030000.WAV,Telephone Field,recover-20221013,001,1795
1438.9775,1439.01,68437,80591,Rhinolophus ferrumequinum,0.03,0.03,-1,Echolocation,/mnt/ubna_data_02_mir/recover-20221013/UBNA_001/20221012_030000.WAV,Telephone Field,recover-20221013,001,1795
1438.9815,1438.9903,27187,36406,Eptesicus serotinus,0.017,0.033,-1,Echolocation,/mnt/ubna_data_02_mir/recover-20221013/UBNA_001/20221012_030000.WAV,Telephone Field,recover-20221013,001,1795
1438.9985,1439.0401,68437,83021,Rhinolophus ferrumequinum,0.034,0.034,-1,Echolocation,/mnt/ubna_data_02_mir/recover-20221013/UBNA_001/20221012_030000.WAV,Telephone Field,recover-20221013,001,1795
1439.0335,1439.0706,68437,82250,Rhinolophus ferrumequinum,0.047,0.047,-1,Echolocation,/mnt/ubna_data_02_mir/recover-20221013/UBNA_001/20221012_030000.WAV,Telephone Field,recover-20221013,001,1795
1439.0755,1439.1161,68437,82259,Rhinolophus ferrumequinum,0.041,0.041,-1,Echolocation,/mnt/ubna_data_02_mir/recover-20221013/UBNA_001/20221012_030000.WAV,Telephone Field,recover-20221013,001,1795
1439.0965,1439.1324,68437,81322,Rhinolophus ferrumequinum,0.024,0.024,-1,Echolocation,/mnt/ubna_data_02_mir/recover-20221013/UBNA_001/20221012_030000.WAV,Telephone Field,recover-20221013,001,1795
1439.1035,1439.1396,68437,81784,Rhinolophus ferrumequinum,0.023,0.024,-1,Echolocation,/mnt/ubna_data_02_mir/recover-20221013/UBNA_001/20221012_030000.WAV,Telephone Field,recover-20221013,001,1795
1439.1135,1439.1513,68437,81662,Rhinolophus ferrumequinum,0.024,0.024,-1,Echolocation,/mnt/ubna_data_02_mir/recover-20221013/UBNA_001/20221012_030000.WAV,Telephone Field,recover-20221013,001,1795
1439.1225,1439.162,68437,82685,Rhinolophus ferrumequinum,0.028,0.028,-1,Echolocation,/mnt/ubna_data_02_mir/recover-20221013/UBNA_001/20221012_030000.WAV,Telephone Field,recover-20221013,001,1795
1439.1345,1439.1727,68437,82260,Rhinolophus ferrumequinum,0.023,0.023,-1,Echolocation,/mnt/ubna_data_02_mir/recover-20221013/UBNA_001/20221012_030000.WAV,Telephone Field,recover-20221013,001,1795
1439.1475,1439.1876,68437,82822,Rhinolophus ferrumequinum,0.026,0.026,-1,Echolocation,/mnt/ubna_data_02_mir/recover-20221013/UBNA_001/20221012_030000.WAV,Telephone Field,recover-20221013,001,1795
1439.1755,1439.2134,68437,81982,Rhinolophus ferrumequinum,0.024,0.024,-1,Echolocation,/mnt/ubna_data_02_mir/recover-20221013/UBNA_001/20221012_030000.WAV,Telephone Field,recover-20221013,001,1795
1439.1815,1439.1889,28046,39100,Eptesicus serotinus,0.008,0.025,-1,Echolocation,/mnt/ubna_data_02_mir/recover-20221013/UBNA_001/20221012_030000.WAV,Telephone Field,recover-20221013,001,1795
1439.2065,1439.2138,27187,37345,Eptesicus serotinus,0.008,0.025,-1,Echolocation,/mnt/ubna_data_02_mir/recover-20221013/UBNA_001/20221012_030000.WAV,Telephone Field,recover-20221013,001,1795
1439.2335,1439.2687,68437,81141,Rhinolophus ferrumequinum,0.024,0.024,-1,Echolocation,/mnt/ubna_data_02_mir/recover-20221013/UBNA_001/20221012_030000.WAV,Telephone Field,recover-20221013,001,1795
1439.2465,1439.2564,23750,30280,Nyctalus leisleri,0.009,0.026,-1,Echolocation,/mnt/ubna_data_02_mir/recover-20221013/UBNA_001/20221012_030000.WAV,Telephone Field,recover-20221013,001,1795
1439.2755,1439.3149,68437,83006,Rhinolophus ferrumequinum,0.029,0.029,-1,Echolocation,/mnt/ubna_data_02_mir/recover-20221013/UBNA_001/20221012_030000.WAV,Telephone Field,recover-20221013,001,1795
1439.2995,1439.3383,68437,82254,Rhinolophus ferrumequinum,0.029,0.029,-1,Echolocation,/mnt/ubna_data_02_mir/recover-20221013/UBNA_001/20221012_030000.WAV,Telephone Field,recover-20221013,001,1795
1439.3125,1439.3526,68437,83431,Rhinolophus ferrumequinum,0.049,0.049,-1,Echolocation,/mnt/ubna_data_02_mir/recover-20221013/UBNA_001/20221012_030000.WAV,Telephone Field,recover-20221013,001,1795
1439.3205,1439.3283,49531,58009,Pipistrellus pipistrellus,0.021,0.024,-1,Echolocation,/mnt/ubna_data_02_mir/recover-20221013/UBNA_001/20221012_030000.WAV,Telephone Field,recover-20221013,001,1795
1439.3455,1439.3859,68437,82456,Rhinolophus ferrumequinum,0.025,0.025,-1,Echolocation,/mnt/ubna_data_02_mir/recover-20221013/UBNA_001/20221012_030000.WAV,Telephone Field,recover-20221013,001,1795
1439.3485,1439.3587,22031,27787,Nyctalus leisleri,0.009,0.023,-1,Echolocation,/mnt/ubna_data_02_mir/recover-20221013/UBNA_001/20221012_030000.WAV,Telephone Field,recover-20221013,001,1795
1439.3565,1439.3980999999999,68437,83187,Rhinolophus ferrumequinum,0.03,0.03,-1,Echolocation,/mnt/ubna_data_02_mir/recover-20221013/UBNA_001/20221012_030000.WAV,Telephone Field,recover-20221013,001,1795
1439.3755,1439.3854,50390,54899,Pipistrellus pipistrellus,0.025,0.031,-1,Echolocation,/mnt/ubna_data_02_mir/recover-20221013/UBNA_001/20221012_030000.WAV,Telephone Field,recover-20221013,001,1795
1439.3755,1439.415,68437,82595,Rhinolophus ferrumequinum,0.03,0.03,-1,Echolocation,/mnt/ubna_data_02_mir/recover-20221013/UBNA_001/20221012_030000.WAV,Telephone Field,recover-20221013,001,1795
1439.4055,1439.4442,68437,82405,Rhinolophus ferrumequinum,0.03,0.03,-1,Echolocation,/mnt/ubna_data_02_mir/recover-20221013/UBNA_001/20221012_030000.WAV,Telephone Field,recover-20221013,001,1795
1439.4155,1439.4232,47812,52199,Pipistrellus pipistrellus,0.024,0.025,-1,Echolocation,/mnt/ubna_data_02_mir/recover-20221013/UBNA_001/20221012_030000.WAV,Telephone Field,recover-20221013,001,1795
1439.4155,1439.4261,23750,29107,Nyctalus leisleri,0.011,0.023,-1,Echolocation,/mnt/ubna_data_02_mir/recover-20221013/UBNA_001/20221012_030000.WAV,Telephone Field,recover-20221013,001,1795
1439.4565,1439.4961,68437,82469,Rhinolophus ferrumequinum,0.037,0.037,-1,Echolocation,/mnt/ubna_data_02_mir/recover-20221013/UBNA_001/20221012_030000.WAV,Telephone Field,recover-20221013,001,1795
1439.4935,1439.5334,68437,82167,Rhinolophus ferrumequinum,0.024,0.024,-1,Echolocation,/mnt/ubna_data_02_mir/recover-20221013/UBNA_001/20221012_030000.WAV,Telephone Field,recover-20221013,001,1795
1439.5055,1439.5169,23750,29241,Nyctalus leisleri,0.014,0.031,-1,Echolocation,/mnt/ubna_data_02_mir/recover-20221013/UBNA_001/20221012_030000.WAV,Telephone Field,recover-20221013,001,1795
1439.5165,1439.5563,68437,82326,Rhinolophus ferrumequinum,0.028,0.028,-1,Echolocation,/mnt/ubna_data_02_mir/recover-20221013/UBNA_001/20221012_030000.WAV,Telephone Field,recover-20221013,001,1795
1439.5235,1439.5363,28906,35565,Eptesicus serotinus,0.018,0.031,-1,Echolocation,/mnt/ubna_data_02_mir/recover-20221013/UBNA_001/20221012_030000.WAV,Telephone Field,recover-20221013,001,1795
1439.5545,1439.5628,47812,57403,Pipistrellus pipistrellus,0.02,0.025,-1,Echolocation,/mnt/ubna_data_02_mir/recover-20221013/UBNA_001/20221012_030000.WAV,Telephone Field,recover-20221013,001,1795
1439.5775,1439.6146,68437,81850,Rhinolophus ferrumequinum,0.024,0.024,-1,Echolocation,/mnt/ubna_data_02_mir/recover-20221013/UBNA_001/20221012_030000.WAV,Telephone Field,recover-20221013,001,1795
1439.6305,1439.6686,68437,81924,Rhinolophus ferrumequinum,0.025,0.025,-1,Echolocation,/mnt/ubna_data_02_mir/recover-20221013/UBNA_001/20221012_030000.WAV,Telephone Field,recover-20221013,001,1795
1439.6435,1439.6857,68437,83442,Rhinolophus ferrumequinum,0.024,0.024,-1,Echolocation,/mnt/ubna_data_02_mir/recover-20221013/UBNA_001/20221012_030000.WAV,Telephone Field,recover-20221013,001,1795
1439.6615,1439.7011,68437,82183,Rhinolophus ferrumequinum,0.026,0.026,-1,Echolocation,/mnt/ubna_data_02_mir/recover-20221013/UBNA_001/20221012_030000.WAV,Telephone Field,recover-20221013,001,1795
1439.6705,1439.7118,68437,82877,Rhinolophus ferrumequinum,0.027,0.027,-1,Echolocation,/mnt/ubna_data_02_mir/recover-20221013/UBNA_001/20221012_030000.WAV,Telephone Field,recover-20221013,001,1795
1439.6935,1439.7318,68437,82175,Rhinolophus ferrumequinum,0.031,0.031,-1,Echolocation,/mnt/ubna_data_02_mir/recover-20221013/UBNA_001/20221012_030000.WAV,Telephone Field,recover-20221013,001,1795
1439.7265,1439.7377,34062,40428,Pipistrellus nathusii,0.01,0.035,-1,Echolocation,/mnt/ubna_data_02_mir/recover-20221013/UBNA_001/20221012_030000.WAV,Telephone Field,recover-20221013,001,1795
1439.7265,1439.7667,68437,82330,Rhinolophus ferrumequinum,0.027,0.027,-1,Echolocation,/mnt/ubna_data_02_mir/recover-20221013/UBNA_001/20221012_030000.WAV,Telephone Field,recover-20221013,001,1795
1439.7595,1439.7934,68437,80807,Rhinolophus ferrumequinum,0.028,0.028,-1,Echolocation,/mnt/ubna_data_02_mir/recover-20221013/UBNA_001/20221012_030000.WAV,Telephone Field,recover-20221013,001,1795
1439.7765,1439.8171,68437,82443,Rhinolophus ferrumequinum,0.044,0.044,-1,Echolocation,/mnt/ubna_data_02_mir/recover-20221013/UBNA_001/20221012_030000.WAV,Telephone Field,recover-20221013,001,1795
1439.8145,1439.8531,68437,82111,Rhinolophus ferrumequinum,0.023,0.023,-1,Echolocation,/mnt/ubna_data_02_mir/recover-20221013/UBNA_001/20221012_030000.WAV,Telephone Field,recover-20221013,001,1795
1439.8395,1439.8779,68437,82297,Rhinolophus ferrumequinum,0.025,0.025,-1,Echolocation,/mnt/ubna_data_02_mir/recover-20221013/UBNA_001/20221012_030000.WAV,Telephone Field,recover-20221013,001,1795
1439.8415,1439.8529,41796,46977,Pipistrellus pipistrellus,0.012,0.023,-1,Echolocation,/mnt/ubna_data_02_mir/recover-20221013/UBNA_001/20221012_030000.WAV,Telephone Field,recover-20221013,001,1795
1439.8785,1439.8852,25468,37854,Plecotus austriacus,0.007,0.026,-1,Echolocation,/mnt/ubna_data_02_mir/recover-20221013/UBNA_001/20221012_030000.WAV,Telephone Field,recover-20221013,001,1795
1439.8915,1439.9345,68437,83217,Rhinolophus ferrumequinum,0.063,0.063,-1,Echolocation,/mnt/ubna_data_02_mir/recover-20221013/UBNA_001/20221012_030000.WAV,Telephone Field,recover-20221013,001,1795
1439.8945,1439.9027,28046,41085,Eptesicus serotinus,0.009,0.027,-1,Echolocation,/mnt/ubna_data_02_mir/recover-20221013/UBNA_001/20221012_030000.WAV,Telephone Field,recover-20221013,001,1795
1439.8955,1439.9013,33203,43687,Myotis daubentonii,0.011,0.025,-1,Echolocation,/mnt/ubna_data_02_mir/recover-20221013/UBNA_001/20221012_030000.WAV,Telephone Field,recover-20221013,001,1795
1439.9055,1439.9132,47812,56002,Pipistrellus pipistrellus,0.024,0.026,-1,Echolocation,/mnt/ubna_data_02_mir/recover-20221013/UBNA_001/20221012_030000.WAV,Telephone Field,recover-20221013,001,1795
1439.9065,1439.9167,28046,35802,Eptesicus serotinus,0.012,0.024,-1,Echolocation,/mnt/ubna_data_02_mir/recover-20221013/UBNA_001/20221012_030000.WAV,Telephone Field,recover-20221013,001,1795
1439.9515,1439.9623,22890,28223,Nyctalus leisleri,0.013,0.027,-1,Echolocation,/mnt/ubna_data_02_mir/recover-20221013/UBNA_001/20221012_030000.WAV,Telephone Field,recover-20221013,001,1795
1439.9575,1439.9955,68437,81685,Rhinolophus ferrumequinum,0.024,0.024,-1,Echolocation,/mnt/ubna_data_02_mir/recover-20221013/UBNA_001/20221012_030000.WAV,Telephone Field,recover-20221013,001,1795
1439.9625,1439.9999,68437,81636,Rhinolophus ferrumequinum,0.024,0.024,-1,Echolocation,/mnt/ubna_data_02_mir/recover-20221013/UBNA_001/20221012_030000.WAV,Telephone Field,recover-20221013,001,1795
1440.0015,1440.0337,68437,79837,Rhinolophus ferrumequinum,0.031,0.031,-1,Echolocation,/mnt/ubna_data_02_mir/recover-20221013/UBNA_001/20221012_030000.WAV,Telephone Field,recover-20221013,001,1795
1440.0015,1440.0106,24609,32326,Nyctalus leisleri,0.01,0.029,-1,Echolocation,/mnt/ubna_data_02_mir/recover-20221013/UBNA_001/20221012_030000.WAV,Telephone Field,recover-20221013,001,1795
1440.0075,1440.0491,68437,82290,Rhinolophus ferrumequinum,0.025,0.025,-1,Echolocation,/mnt/ubna_data_02_mir/recover-20221013/UBNA_001/20221012_030000.WAV,Telephone Field,recover-20221013,001,1795
1440.0305,1440.0369,28046,41280,Eptesicus serotinus,0.01,0.039,-1,Echolocation,/mnt/ubna_data_02_mir/recover-20221013/UBNA_001/20221012_030000.WAV,Telephone Field,recover-20221013,001,1795
1440.0455,1440.084,68437,81540,Rhinolophus ferrumequinum,0.022,0.022,-1,Echolocation,/mnt/ubna_data_02_mir/recover-20221013/UBNA_001/20221012_030000.WAV,Telephone Field,recover-20221013,001,1795
1440.0625,1440.0998,68437,81837,Rhinolophus ferrumequinum,0.024,0.024,-1,Echolocation,/mnt/ubna_data_02_mir/recover-20221013/UBNA_001/20221012_030000.WAV,Telephone Field,recover-20221013,001,1795
1440.0795,1440.0877,27187,38560,Eptesicus serotinus,0.008,0.023,-1,Echolocation,/mnt/ubna_data_02_mir/recover-20221013/UBNA_001/20221012_030000.WAV,Telephone Field,recover-20221013,001,1795
1440.1065,1440.1498,68437,83038,Rhinolophus ferrumequinum,0.03,0.03,-1,Echolocation,/mnt/ubna_data_02_mir/recover-20221013/UBNA_001/20221012_030000.WAV,Telephone Field,recover-20221013,001,1795
1440.1125,1440.1233,22890,28134,Nyctalus leisleri,0.011,0.023,-1,Echolocation,/mnt/ubna_data_02_mir/recover-20221013/UBNA_001/20221012_030000.WAV,Telephone Field,recover-20221013,001,1795
1440.1745,1440.1844,22031,27582,Nyctalus leisleri,0.009,0.026,-1,Echolocation,/mnt/ubna_data_02_mir/recover-20221013/UBNA_001/20221012_030000.WAV,Telephone Field,recover-20221013,001,1795
1440.1865,1440.2215,68437,81135,Rhinolophus ferrumequinum,0.027,0.027,-1,Echolocation,/mnt/ubna_data_02_mir/recover-20221013/UBNA_001/20221012_030000.WAV,Telephone Field,recover-20221013,001,1795
1440.1955,1440.2339,68437,82110,Rhinolophus ferrumequinum,0.026,0.026,-1,Echolocation,/mnt/ubna_data_02_mir/recover-20221013/UBNA_001/20221012_030000.WAV,Telephone Field,recover-20221013,001,1795
1440.1955,1440.2048,27187,37257,Eptesicus serotinus,0.011,0.026,-1,Echolocation,/mnt/ubna_data_02_mir/recover-20221013/UBNA_001/20221012_030000.WAV,Telephone Field,recover-20221013,001,1795
1440.1955,1440.2064,51250,56482,Pipistrellus pipistrellus,0.026,0.032,-1,Echolocation,/mnt/ubna_data_02_mir/recover-20221013/UBNA_001/20221012_030000.WAV,Telephone Field,recover-20221013,001,1795
1440.2145,1440.2512,68437,80706,Rhinolophus ferrumequinum,0.025,0.025,-1,Echolocation,/mnt/ubna_data_02_mir/recover-20221013/UBNA_001/20221012_030000.WAV,Telephone Field,recover-20221013,001,1795
1440.2525,1440.2634,44375,48308,Pipistrellus pipistrellus,0.022,0.025,-1,Echolocation,/mnt/ubna_data_02_mir/recover-20221013/UBNA_001/20221012_030000.WAV,Telephone Field,recover-20221013,001,1795
1440.2585,1440.2976,68437,81722,Rhinolophus ferrumequinum,0.026,0.026,-1,Echolocation,/mnt/ubna_data_02_mir/recover-20221013/UBNA_001/20221012_030000.WAV,Telephone Field,recover-20221013,001,1795
1440.2645,1440.2716,28046,44627,Eptesicus serotinus,0.007,0.023,-1,Echolocation,/mnt/ubna_data_02_mir/recover-20221013/UBNA_001/20221012_030000.WAV,Telephone Field,recover-20221013,001,1795
1440.2835,1440.2945,22031,27361,Nyctalus leisleri,0.01,0.023,-1,Echolocation,/mnt/ubna_data_02_mir/recover-20221013/UBNA_001/20221012_030000.WAV,Telephone Field,recover-20221013,001,1795
1440.2865,1440.3241,68437,81718,Rhinolophus ferrumequinum,0.023,0.023,-1,Echolocation,/mnt/ubna_data_02_mir/recover-20221013/UBNA_001/20221012_030000.WAV,Telephone Field,recover-20221013,001,1795
1440.2875,1440.2947,27187,40413,Eptesicus serotinus,0.007,0.023,-1,Echolocation,/mnt/ubna_data_02_mir/recover-20221013/UBNA_001/20221012_030000.WAV,Telephone Field,recover-20221013,001,1795
1440.3515,1440.3915,68437,82821,Rhinolophus ferrumequinum,0.026,0.026,-1,Echolocation,/mnt/ubna_data_02_mir/recover-20221013/UBNA_001/20221012_030000.WAV,Telephone Field,recover-20221013,001,1795
1440.3685,1440.4111,68437,82185,Rhinolophus ferrumequinum,0.023,0.023,-1,Echolocation,/mnt/ubna_data_02_mir/recover-20221013/UBNA_001/20221012_030000.WAV,Telephone Field,recover-20221013,001,1795
1440.3705,1440.378,44375,49392,Pipistrellus pipistrellus,0.028,0.03,-1,Echolocation,/mnt/ubna_data_02_mir/recover-20221013/UBNA_001/20221012_030000.WAV,Telephone Field,recover-20221013,001,1795
1440.3795,1440.3881,28046,36614,Eptesicus serotinus,0.007,0.023,-1,Echolocation,/mnt/ubna_data_02_mir/recover-20221013/UBNA_001/20221012_030000.WAV,Telephone Field,recover-20221013,001,1795
1440.4275,1440.4678,68437,82594,Rhinolophus ferrumequinum,0.022,0.022,-1,Echolocation,/mnt/ubna_data_02_mir/recover-20221013/UBNA_001/20221012_030000.WAV,Telephone Field,recover-20221013,001,1795
1440.4535,1440.466,28046,33950,Eptesicus serotinus,0.021,0.039,-1,Echolocation,/mnt/ubna_data_02_mir/recover-20221013/UBNA_001/20221012_030000.WAV,Telephone Field,recover-20221013,001,1795
1440.4565,1440.4967,68437,81939,Rhinolophus ferrumequinum,0.031,0.031,-1,Echolocation,/mnt/ubna_data_02_mir/recover-20221013/UBNA_001/20221012_030000.WAV,Telephone Field,recover-20221013,001,1795
1440.4895,1440.5332,68437,83267,Rhinolophus ferrumequinum,0.03,0.03,-1,Echolocation,/mnt/ubna_data_02_mir/recover-20221013/UBNA_001/20221012_030000.WAV,Telephone Field,recover-20221013,001,1795
1440.5155,1440.5521,68437,81263,Rhinolophus ferrumequinum,0.022,0.022,-1,Echolocation,/mnt/ubna_data_02_mir/recover-20221013/UBNA_001/20221012_030000.WAV,Telephone Field,recover-20221013,001,1795
1440.5415,1440.5816,68437,82477,Rhinolophus ferrumequinum,0.024,0.024,-1,Echolocation,/mnt/ubna_data_02_mir/recover-20221013/UBNA_001/20221012_030000.WAV,Telephone Field,recover-20221013,001,1795
1440.5735,1440.5845,23750,29764,Nyctalus leisleri,0.012,0.028,-1,Echolocation,/mnt/ubna_data_02_mir/recover-20221013/UBNA_001/20221012_030000.WAV,Telephone Field,recover-20221013,001,1795
1440.6015,1440.6424,68437,83041,Rhinolophus ferrumequinum,0.026,0.026,-1,Echolocation,/mnt/ubna_data_02_mir/recover-20221013/UBNA_001/20221012_030000.WAV,Telephone Field,recover-20221013,001,1795
1440.6155,1440.6246,22890,29567,Plecotus austriacus,0.008,0.024,-1,Echolocation,/mnt/ubna_data_02_mir/recover-20221013/UBNA_001/20221012_030000.WAV,Telephone Field,recover-20221013,001,1795
1440.6345,1440.6718,68437,81896,Rhinolophus ferrumequinum,0.033,0.033,-1,Echolocation,/mnt/ubna_data_02_mir/recover-20221013/UBNA_001/20221012_030000.WAV,Telephone Field,recover-20221013,001,1795
1440.6655,1440.7037,68437,82178,Rhinolophus ferrumequinum,0.023,0.023,-1,Echolocation,/mnt/ubna_data_02_mir/recover-20221013/UBNA_001/20221012_030000.WAV,Telephone Field,recover-20221013,001,1795
1440.7145,1440.7225,25468,34872,Eptesicus serotinus,0.008,0.023,-1,Echolocation,/mnt/ubna_data_02_mir/recover-20221013/UBNA_001/20221012_030000.WAV,Telephone Field,recover-20221013,001,1795
1440.7275,1440.7352,27187,38955,Eptesicus serotinus,0.009,0.026,-1,Echolocation,/mnt/ubna_data_02_mir/recover-20221013/UBNA_001/20221012_030000.WAV,Telephone Field,recover-20221013,001,1795
1440.7635,1440.8042,68437,82732,Rhinolophus ferrumequinum,0.024,0.024,-1,Echolocation,/mnt/ubna_data_02_mir/recover-20221013/UBNA_001/20221012_030000.WAV,Telephone Field,recover-20221013,001,1795
1440.7755,1440.7863,22890,27984,Nyctalus leisleri,0.011,0.022,-1,Echolocation,/mnt/ubna_data_02_mir/recover-20221013/UBNA_001/20221012_030000.WAV,Telephone Field,recover-20221013,001,1795
1440.7865,1440.7966,25468,33539,Eptesicus serotinus,0.008,0.025,-1,Echolocation,/mnt/ubna_data_02_mir/recover-20221013/UBNA_001/20221012_030000.WAV,Telephone Field,recover-20221013,001,1795
1440.8375,1440.8778,68437,81325,Rhinolophus ferrumequinum,0.031,0.031,-1,Echolocation,/mnt/ubna_data_02_mir/recover-20221013/UBNA_001/20221012_030000.WAV,Telephone Field,recover-20221013,001,1795
1440.8415,1440.8521,22031,25978,Nyctalus leisleri,0.013,0.023,-1,Echolocation,/mnt/ubna_data_02_mir/recover-20221013/UBNA_001/20221012_030000.WAV,Telephone Field,recover-20221013,001,1795
1440.8885,1440.9305,68437,82322,Rhinolophus ferrumequinum,0.03,0.03,-1,Echolocation,/mnt/ubna_data_02_mir/recover-20221013/UBNA_001/20221012_030000.WAV,Telephone Field,recover-20221013,001,1795
1440.9215,1440.9602,68437,82103,Rhinolophus ferrumequinum,0.026,0.026,-1,Echolocation,/mnt/ubna_data_02_mir/recover-20221013/UBNA_001/20221012_030000.WAV,Telephone Field,recover-20221013,001,1795
1440.9545,1440.9644,46093,51479,Pipistrellus pipistrellus,0.023,0.027,-1,Echolocation,/mnt/ubna_data_02_mir/recover-20221013/UBNA_001/20221012_030000.WAV,Telephone Field,recover-20221013,001,1795
1440.9565,1440.998,68437,83307,Rhinolophus ferrumequinum,0.023,0.023,-1,Echolocation,/mnt/ubna_data_02_mir/recover-20221013/UBNA_001/20221012_030000.WAV,Telephone Field,recover-20221013,001,1795
1440.9915,1441.0303,68437,82366,Rhinolophus ferrumequinum,0.022,0.022,-1,Echolocation,/mnt/ubna_data_02_mir/recover-20221013/UBNA_001/20221012_030000.WAV,Telephone Field,recover-20221013,001,1795
1441.0675,1441.0777,28046,35728,Eptesicus serotinus,0.01,0.024,-1,Echolocation,/mnt/ubna_data_02_mir/recover-20221013/UBNA_001/20221012_030000.WAV,Telephone Field,recover-20221013,001,1795
1441.0695,1441.1104,68437,82481,Rhinolophus ferrumequinum,0.026,0.026,-1,Echolocation,/mnt/ubna_data_02_mir/recover-20221013/UBNA_001/20221012_030000.WAV,Telephone Field,recover-20221013,001,1795
1441.0925,1441.1319,68437,81833,Rhinolophus ferrumequinum,0.023,0.023,-1,Echolocation,/mnt/ubna_data_02_mir/recover-20221013/UBNA_001/20221012_030000.WAV,Telephone Field,recover-20221013,001,1795
1441.1045,1441.1144,24609,32609,Nyctalus leisleri,0.007,0.023,-1,Echolocation,/mnt/ubna_data_02_mir/recover-20221013/UBNA_001/20221012_030000.WAV,Telephone Field,recover-20221013,001,1795
1441.1045,1441.1415,68437,81069,Rhinolophus ferrumequinum,0.025,0.025,-1,Echolocation,/mnt/ubna_data_02_mir/recover-20221013/UBNA_001/20221012_030000.WAV,Telephone Field,recover-20221013,001,1795
1441.1275,1441.1665,68437,81941,Rhinolophus ferrumequinum,0.032,0.033,-1,Echolocation,/mnt/ubna_data_02_mir/recover-20221013/UBNA_001/20221012_030000.WAV,Telephone Field,recover-20221013,001,1795
1441.1525,1441.1918,68437,81796,Rhinolophus ferrumequinum,0.022,0.023,-1,Echolocation,/mnt/ubna_data_02_mir/recover-20221013/UBNA_001/20221012_030000.WAV,Telephone Field,recover-20221013,001,1795
1441.1615,1441.2001,68437,81768,Rhinolophus ferrumequinum,0.023,0.023,-1,Echolocation,/mnt/ubna_data_02_mir/recover-20221013/UBNA_001/20221012_030000.WAV,Telephone Field,recover-20221013,001,1795
1441.1875,1441.2285,68437,82119,Rhinolophus ferrumequinum,0.037,0.037,-1,Echolocation,/mnt/ubna_data_02_mir/recover-20221013/UBNA_001/20221012_030000.WAV,Telephone Field,recover-20221013,001,1795
1441.1885,1441.1989,28046,36764,Eptesicus serotinus,0.011,0.025,-1,Echolocation,/mnt/ubna_data_02_mir/recover-20221013/UBNA_001/20221012_030000.WAV,Telephone Field,recover-20221013,001,1795
1441.2585,1441.2896,68437,80099,Rhinolophus ferrumequinum,0.024,0.025,-1,Echolocation,/mnt/ubna_data_02_mir/recover-20221013/UBNA_001/20221012_030000.WAV,Telephone Field,recover-20221013,001,1795
1441.2905,1441.3334,68437,82900,Rhinolophus ferrumequinum,0.036,0.036,-1,Echolocation,/mnt/ubna_data_02_mir/recover-20221013/UBNA_001/20221012_030000.WAV,Telephone Field,recover-20221013,001,1795
1441.3085,1441.3154,27187,39431,Eptesicus serotinus,0.007,0.024,-1,Echolocation,/mnt/ubna_data_02_mir/recover-20221013/UBNA_001/20221012_030000.WAV,Telephone Field,recover-20221013,001,1795
1441.3285,1441.3345,46093,52928,Pipistrellus pipistrellus,0.021,0.023,-1,Echolocation,/mnt/ubna_data_02_mir/recover-20221013/UBNA_001/20221012_030000.WAV,Telephone Field,recover-20221013,001,1795
1441.3325,1441.3426,24609,32020,Nyctalus leisleri,0.009,0.024,-1,Echolocation,/mnt/ubna_data_02_mir/recover-20221013/UBNA_001/20221012_030000.WAV,Telephone Field,recover-20221013,001,1795
1441.3345,1441.3742,68437,82334,Rhinolophus ferrumequinum,0.022,0.022,-1,Echolocation,/mnt/ubna_data_02_mir/recover-20221013/UBNA_001/20221012_030000.WAV,Telephone Field,recover-20221013,001,1795
1441.3605,1441.4032,68437,83238,Rhinolophus ferrumequinum,0.025,0.025,-1,Echolocation,/mnt/ubna_data_02_mir/recover-20221013/UBNA_001/20221012_030000.WAV,Telephone Field,recover-20221013,001,1795
1441.3665,1441.3746,27187,39242,Eptesicus serotinus,0.009,0.027,-1,Echolocation,/mnt/ubna_data_02_mir/recover-20221013/UBNA_001/20221012_030000.WAV,Telephone Field,recover-20221013,001,1795
1441.4155,1441.4565,68437,82570,Rhinolophus ferrumequinum,0.03,0.03,-1,Echolocation,/mnt/ubna_data_02_mir/recover-20221013/UBNA_001/20221012_030000.WAV,Telephone Field,recover-20221013,001,1795
1441.4195,1441.4272,46953,54825,Pipistrellus pipistrellus,0.026,0.032,-1,Echolocation,/mnt/ubna_data_02_mir/recover-20221013/UBNA_001/20221012_030000.WAV,Telephone Field,recover-20221013,001,1795
1441.4225,1441.4327,22031,27440,Nyctalus leisleri,0.009,0.023,-1,Echolocation,/mnt/ubna_data_02_mir/recover-20221013/UBNA_001/20221012_030000.WAV,Telephone Field,recover-20221013,001,1795
1441.4235,1441.4314,27187,39204,Eptesicus serotinus,0.007,0.023,-1,Echolocation,/mnt/ubna_data_02_mir/recover-20221013/UBNA_001/20221012_030000.WAV,Telephone Field,recover-20221013,001,1795
1441.4935,1441.5009,27187,38955,Eptesicus serotinus,0.006,0.026,-1,Echolocation,/mnt/ubna_data_02_mir/recover-20221013/UBNA_001/20221012_030000.WAV,Telephone Field,recover-20221013,001,1795
1441.4945,1441.5356,68437,82384,Rhinolophus ferrumequinum,0.028,0.028,-1,Echolocation,/mnt/ubna_data_02_mir/recover-20221013/UBNA_001/20221012_030000.WAV,Telephone Field,recover-20221013,001,1795
1441.5315,1441.5398,28046,38640,Eptesicus serotinus,0.01,0.028,-1,Echolocation,/mnt/ubna_data_02_mir/recover-20221013/UBNA_001/20221012_030000.WAV,Telephone Field,recover-20221013,001,1795
1441.5405,1441.5793,68437,82292,Rhinolophus ferrumequinum,0.023,0.023,-1,Echolocation,/mnt/ubna_data_02_mir/recover-20221013/UBNA_001/20221012_030000.WAV,Telephone Field,recover-20221013,001,1795
1441.5495,1441.589,68437,81929,Rhinolophus ferrumequinum,0.027,0.027,-1,Echolocation,/mnt/ubna_data_02_mir/recover-20221013/UBNA_001/20221012_030000.WAV,Telephone Field,recover-20221013,001,1795
1441.5565,1441.5713,21171,24216,Nyctalus leisleri,0.017,0.027,-1,Echolocation,/mnt/ubna_data_02_mir/recover-20221013/UBNA_001/20221012_030000.WAV,Telephone Field,recover-20221013,001,1795
1441.5565,1441.5984,68437,82899,Rhinolophus ferrumequinum,0.026,0.026,-1,Echolocation,/mnt/ubna_data_02_mir/recover-20221013/UBNA_001/20221012_030000.WAV,Telephone Field,recover-20221013,001,1795
1441.5865,1441.6268,68437,82140,Rhinolophus ferrumequinum,0.023,0.023,-1,Echolocation,/mnt/ubna_data_02_mir/recover-20221013/UBNA_001/20221012_030000.WAV,Telephone Field,recover-20221013,001,1795
1441.5955,1441.6031,30625,40600,Myotis daubentonii,0.012,0.034,-1,Echolocation,/mnt/ubna_data_02_mir/recover-20221013/UBNA_001/20221012_030000.WAV,Telephone Field,recover-20221013,001,1795
1441.5955,1441.635,68437,82320,Rhinolophus ferrumequinum,0.024,0.024,-1,Echolocation,/mnt/ubna_data_02_mir/recover-20221013/UBNA_001/20221012_030000.WAV,Telephone Field,recover-20221013,001,1795
1441.6155,1441.6556,68437,82985,Rhinolophus ferrumequinum,0.023,0.023,-1,Echolocation,/mnt/ubna_data_02_mir/recover-20221013/UBNA_001/20221012_030000.WAV,Telephone Field,recover-20221013,001,1795
1441.6445,1441.6556,23750,29510,Nyctalus leisleri,0.013,0.026,-1,Echolocation,/mnt/ubna_data_02_mir/recover-20221013/UBNA_001/20221012_030000.WAV,Telephone Field,recover-20221013,001,1795
1441.6465,1441.6898,68437,83076,Rhinolophus ferrumequinum,0.025,0.025,-1,Echolocation,/mnt/ubna_data_02_mir/recover-20221013/UBNA_001/20221012_030000.WAV,Telephone Field,recover-20221013,001,1795
1441.6585,1441.6666,28046,37306,Eptesicus serotinus,0.008,0.026,-1,Echolocation,/mnt/ubna_data_02_mir/recover-20221013/UBNA_001/20221012_030000.WAV,Telephone Field,recover-20221013,001,1795
1441.6665,1441.6773,24609,31333,Nyctalus leisleri,0.009,0.025,-1,Echolocation,/mnt/ubna_data_02_mir/recover-20221013/UBNA_001/20221012_030000.WAV,Telephone Field,recover-20221013,001,1795
1441.6805,1441.7179,68437,81403,Rhinolophus ferrumequinum,0.022,0.022,-1,Echolocation,/mnt/ubna_data_02_mir/recover-20221013/UBNA_001/20221012_030000.WAV,Telephone Field,recover-20221013,001,1795
1441.7045,1441.7456,68437,82588,Rhinolophus ferrumequinum,0.03,0.03,-1,Echolocation,/mnt/ubna_data_02_mir/recover-20221013/UBNA_001/20221012_030000.WAV,Telephone Field,recover-20221013,001,1795
1441.7125,1441.7238,22890,28354,Nyctalus leisleri,0.012,0.025,-1,Echolocation,/mnt/ubna_data_02_mir/recover-20221013/UBNA_001/20221012_030000.WAV,Telephone Field,recover-20221013,001,1795
1441.7295,1441.7675,68437,82366,Rhinolophus ferrumequinum,0.031,0.031,-1,Echolocation,/mnt/ubna_data_02_mir/recover-20221013/UBNA_001/20221012_030000.WAV,Telephone Field,recover-20221013,001,1795
1441.7705,1441.8072,68437,81069,Rhinolophus ferrumequinum,0.028,0.028,-1,Echolocation,/mnt/ubna_data_02_mir/recover-20221013/UBNA_001/20221012_030000.WAV,Telephone Field,recover-20221013,001,1795
1441.7945,1441.8338,68437,82050,Rhinolophus ferrumequinum,0.028,0.028,-1,Echolocation,/mnt/ubna_data_02_mir/recover-20221013/UBNA_001/20221012_030000.WAV,Telephone Field,recover-20221013,001,1795
1441.8185,1441.8608,68437,82564,Rhinolophus ferrumequinum,0.023,0.023,-1,Echolocation,/mnt/ubna_data_02_mir/recover-20221013/UBNA_001/20221012_030000.WAV,Telephone Field,recover-20221013,001,1795
1441.8375,1441.8445,28046,38062,Eptesicus serotinus,0.007,0.024,-1,Echolocation,/mnt/ubna_data_02_mir/recover-20221013/UBNA_001/20221012_030000.WAV,Telephone Field,recover-20221013,001,1795
1441.8755,1441.9093,68437,81109,Rhinolophus ferrumequinum,0.023,0.023,-1,Echolocation,/mnt/ubna_data_02_mir/recover-20221013/UBNA_001/20221012_030000.WAV,Telephone Field,recover-20221013,001,1795
1441.8895,1441.9293,68437,82583,Rhinolophus ferrumequinum,0.024,0.024,-1,Echolocation,/mnt/ubna_data_02_mir/recover-20221013/UBNA_001/20221012_030000.WAV,Telephone Field,recover-20221013,001,1795
1441.9025,1441.9441,68437,82966,Rhinolophus ferrumequinum,0.033,0.033,-1,Echolocation,/mnt/ubna_data_02_mir/recover-20221013/UBNA_001/20221012_030000.WAV,Telephone Field,recover-20221013,001,1795
1441.9215,1441.9617,68437,82772,Rhinolophus ferrumequinum,0.024,0.024,-1,Echolocation,/mnt/ubna_data_02_mir/recover-20221013/UBNA_001/20221012_030000.WAV,Telephone Field,recover-20221013,001,1795
1441.9365,1441.9452,25468,33045,Nyctalus leisleri,0.008,0.025,-1,Echolocation,/mnt/ubna_data_02_mir/recover-20221013/UBNA_001/20221012_030000.WAV,Telephone Field,recover-20221013,001,1795
1441.9445,1441.9857,68437,82756,Rhinolophus ferrumequinum,0.027,0.027,-1,Echolocation,/mnt/ubna_data_02_mir/recover-20221013/UBNA_001/20221012_030000.WAV,Telephone Field,recover-20221013,001,1795
1441.9685,1441.9784,24609,32174,Nyctalus leisleri,0.009,0.028,-1,Echolocation,/mnt/ubna_data_02_mir/recover-20221013/UBNA_001/20221012_030000.WAV,Telephone Field,recover-20221013,001,1795
1442.0015,1442.0105,27187,41258,Eptesicus serotinus,0.008,0.025,-1,Echolocation,/mnt/ubna_data_02_mir/recover-20221013/UBNA_001/20221012_030000.WAV,Telephone Field,recover-20221013,001,1795
1442.0015,1442.0114,22031,27663,Nyctalus leisleri,0.01,0.026,-1,Echolocation,/mnt/ubna_data_02_mir/recover-20221013/UBNA_001/20221012_030000.WAV,Telephone Field,recover-20221013,001,1795
1442.0015,1442.0326,69296,80935,Rhinolophus ferrumequinum,0.037,0.037,-1,Echolocation,/mnt/ubna_data_02_mir/recover-20221013/UBNA_001/20221012_030000.WAV,Telephone Field,recover-20221013,001,1795
1442.0515,1442.0899,68437,82103,Rhinolophus ferrumequinum,0.022,0.022,-1,Echolocation,/mnt/ubna_data_02_mir/recover-20221013/UBNA_001/20221012_030000.WAV,Telephone Field,recover-20221013,001,1795
1442.0795,1442.1183,68437,82010,Rhinolophus ferrumequinum,0.023,0.023,-1,Echolocation,/mnt/ubna_data_02_mir/recover-20221013/UBNA_001/20221012_030000.WAV,Telephone Field,recover-20221013,001,1795
1442.1035,1442.1409,68437,82330,Rhinolophus ferrumequinum,0.024,0.024,-1,Echolocation,/mnt/ubna_data_02_mir/recover-20221013/UBNA_001/20221012_030000.WAV,Telephone Field,recover-20221013,001,1795
1442.1065,1442.1177,25468,30983,Nyctalus leisleri,0.008,0.021,-1,Echolocation,/mnt/ubna_data_02_mir/recover-20221013/UBNA_001/20221012_030000.WAV,Telephone Field,recover-20221013,001,1795
1442.1195,1442.155,68437,81264,Rhinolophus ferrumequinum,0.03,0.03,-1,Echolocation,/mnt/ubna_data_02_mir/recover-20221013/UBNA_001/20221012_030000.WAV,Telephone Field,recover-20221013,001,1795
1442.1425,1442.1831,68437,82598,Rhinolophus ferrumequinum,0.026,0.026,-1,Echolocation,/mnt/ubna_data_02_mir/recover-20221013/UBNA_001/20221012_030000.WAV,Telephone Field,recover-20221013,001,1795
1442.1715,1442.2108,68437,81999,Rhinolophus ferrumequinum,0.022,0.022,-1,Echolocation,/mnt/ubna_data_02_mir/recover-20221013/UBNA_001/20221012_030000.WAV,Telephone Field,recover-20221013,001,1795
1442.1815,1442.2167,68437,81111,Rhinolophus ferrumequinum,0.027,0.027,-1,Echolocation,/mnt/ubna_data_02_mir/recover-20221013/UBNA_001/20221012_030000.WAV,Telephone Field,recover-20221013,001,1795
1442.2245,1442.2398,23750,27487,Nyctalus leisleri,0.038,0.07,-1,Echolocation,/mnt/ubna_data_02_mir/recover-20221013/UBNA_001/20221012_030000.WAV,Telephone Field,recover-20221013,001,1795
1442.2255,1442.2632,68437,82320,Rhinolophus ferrumequinum,0.021,0.021,-1,Echolocation,/mnt/ubna_data_02_mir/recover-20221013/UBNA_001/20221012_030000.WAV,Telephone Field,recover-20221013,001,1795
1442.2305,1442.2684,68437,82360,Rhinolophus ferrumequinum,0.021,0.021,-1,Echolocation,/mnt/ubna_data_02_mir/recover-20221013/UBNA_001/20221012_030000.WAV,Telephone Field,recover-20221013,001,1795
1442.2535,1442.2897,68437,81860,Rhinolophus ferrumequinum,0.022,0.022,-1,Echolocation,/mnt/ubna_data_02_mir/recover-20221013/UBNA_001/20221012_030000.WAV,Telephone Field,recover-20221013,001,1795
1442.2915,1442.3335,68437,82499,Rhinolophus ferrumequinum,0.025,0.026,-1,Echolocation,/mnt/ubna_data_02_mir/recover-20221013/UBNA_001/20221012_030000.WAV,Telephone Field,recover-20221013,001,1795
1442.3185,1442.359,68437,82472,Rhinolophus ferrumequinum,0.025,0.025,-1,Echolocation,/mnt/ubna_data_02_mir/recover-20221013/UBNA_001/20221012_030000.WAV,Telephone Field,recover-20221013,001,1795
1442.3515,1442.3892,68437,81271,Rhinolophus ferrumequinum,0.024,0.024,-1,Echolocation,/mnt/ubna_data_02_mir/recover-20221013/UBNA_001/20221012_030000.WAV,Telephone Field,recover-20221013,001,1795
1442.3695,1442.3803,22890,27031,Nyctalus leisleri,0.011,0.021,-1,Echolocation,/mnt/ubna_data_02_mir/recover-20221013/UBNA_001/20221012_030000.WAV,Telephone Field,recover-20221013,001,1795
1442.3775,1442.4137,68437,81361,Rhinolophus ferrumequinum,0.026,0.026,-1,Echolocation,/mnt/ubna_data_02_mir/recover-20221013/UBNA_001/20221012_030000.WAV,Telephone Field,recover-20221013,001,1795
1442.4105,1442.4462,68437,81244,Rhinolophus ferrumequinum,0.021,0.021,-1,Echolocation,/mnt/ubna_data_02_mir/recover-20221013/UBNA_001/20221012_030000.WAV,Telephone Field,recover-20221013,001,1795
1442.4335,1442.4719,68437,82009,Rhinolophus ferrumequinum,0.024,0.024,-1,Echolocation,/mnt/ubna_data_02_mir/recover-20221013/UBNA_001/20221012_030000.WAV,Telephone Field,recover-20221013,001,1795
1442.4605,1442.4984,68437,81560,Rhinolophus ferrumequinum,0.021,0.021,-1,Echolocation,/mnt/ubna_data_02_mir/recover-20221013/UBNA_001/20221012_030000.WAV,Telephone Field,recover-20221013,001,1795
1442.4675,1442.5066,68437,82208,Rhinolophus ferrumequinum,0.024,0.024,-1,Echolocation,/mnt/ubna_data_02_mir/recover-20221013/UBNA_001/20221012_030000.WAV,Telephone Field,recover-20221013,001,1795
1442.5075,1442.5191,22031,26278,Nyctalus leisleri,0.013,0.023,-1,Echolocation,/mnt/ubna_data_02_mir/recover-20221013/UBNA_001/20221012_030000.WAV,Telephone Field,recover-20221013,001,1795
1442.5295,1442.5667,68437,81414,Rhinolophus ferrumequinum,0.023,0.023,-1,Echolocation,/mnt/ubna_data_02_mir/recover-20221013/UBNA_001/20221012_030000.WAV,Telephone Field,recover-20221013,001,1795
1442.5365,1442.5462,28906,36961,Eptesicus serotinus,0.009,0.022,-1,Echolocation,/mnt/ubna_data_02_mir/recover-20221013/UBNA_001/20221012_030000.WAV,Telephone Field,recover-20221013,001,1795
1442.5575,1442.5647,26328,38487,Eptesicus serotinus,0.006,0.025,-1,Echolocation,/mnt/ubna_data_02_mir/recover-20221013/UBNA_001/20221012_030000.WAV,Telephone Field,recover-20221013,001,1795
1442.5575,1442.5639,33203,41639,Myotis daubentonii,0.011,0.026,-1,Echolocation,/mnt/ubna_data_02_mir/recover-20221013/UBNA_001/20221012_030000.WAV,Telephone Field,recover-20221013,001,1795
1442.6135,1442.6213,28046,42014,Eptesicus serotinus,0.008,0.024,-1,Echolocation,/mnt/ubna_data_02_mir/recover-20221013/UBNA_001/20221012_030000.WAV,Telephone Field,recover-20221013,001,1795
1442.6805,1442.7125,68437,80682,Rhinolophus ferrumequinum,0.021,0.021,-1,Echolocation,/mnt/ubna_data_02_mir/recover-20221013/UBNA_001/20221012_030000.WAV,Telephone Field,recover-20221013,001,1795
1442.7275,1442.7658,68437,81876,Rhinolophus ferrumequinum,0.023,0.023,-1,Echolocation,/mnt/ubna_data_02_mir/recover-20221013/UBNA_001/20221012_030000.WAV,Telephone Field,recover-20221013,001,1795
1442.7275,1442.7382,29765,37932,Eptesicus serotinus,0.011,0.025,-1,Echolocation,/mnt/ubna_data_02_mir/recover-20221013/UBNA_001/20221012_030000.WAV,Telephone Field,recover-20221013,001,1795
1442.7475,1442.7861,68437,82029,Rhinolophus ferrumequinum,0.021,0.021,-1,Echolocation,/mnt/ubna_data_02_mir/recover-20221013/UBNA_001/20221012_030000.WAV,Telephone Field,recover-20221013,001,1795
1442.7585,1442.7658,24609,37927,Plecotus austriacus,0.006,0.022,-1,Echolocation,/mnt/ubna_data_02_mir/recover-20221013/UBNA_001/20221012_030000.WAV,Telephone Field,recover-20221013,001,1795
1442.7835,1442.7922,25468,33578,Eptesicus serotinus,0.007,0.023,-1,Echolocation,/mnt/ubna_data_02_mir/recover-20221013/UBNA_001/20221012_030000.WAV,Telephone Field,recover-20221013,001,1795
1442.7985,1442.8369,68437,82291,Rhinolophus ferrumequinum,0.023,0.023,-1,Echolocation,/mnt/ubna_data_02_mir/recover-20221013/UBNA_001/20221012_030000.WAV,Telephone Field,recover-20221013,001,1795
1442.8025,1442.8104,13437,22816,Plecotus auritus,0.018,0.026,-1,Echolocation,/mnt/ubna_data_02_mir/recover-20221013/UBNA_001/20221012_030000.WAV,Telephone Field,recover-20221013,001,1795
1442.8325,1442.8537,20312,23127,Nyctalus noctula,0.021,0.045,-1,Echolocation,/mnt/ubna_data_02_mir/recover-20221013/UBNA_001/20221012_030000.WAV,Telephone Field,recover-20221013,001,1795
1442.8465,1442.8537,27187,39439,Eptesicus serotinus,0.006,0.021,-1,Echolocation,/mnt/ubna_data_02_mir/recover-20221013/UBNA_001/20221012_030000.WAV,Telephone Field,recover-20221013,001,1795
1442.8675,1442.877,28906,36634,Eptesicus serotinus,0.01,0.026,-1,Echolocation,/mnt/ubna_data_02_mir/recover-20221013/UBNA_001/20221012_030000.WAV,Telephone Field,recover-20221013,001,1795
1442.8715,1442.9089,68437,81347,Rhinolophus ferrumequinum,0.023,0.023,-1,Echolocation,/mnt/ubna_data_02_mir/recover-20221013/UBNA_001/20221012_030000.WAV,Telephone Field,recover-20221013,001,1795
1442.8785,1442.917,68437,81667,Rhinolophus ferrumequinum,0.026,0.026,-1,Echolocation,/mnt/ubna_data_02_mir/recover-20221013/UBNA_001/20221012_030000.WAV,Telephone Field,recover-20221013,001,1795
1442.9295,1442.9706,68437,82728,Rhinolophus ferrumequinum,0.037,0.037,-1,Echolocation,/mnt/ubna_data_02_mir/recover-20221013/UBNA_001/20221012_030000.WAV,Telephone Field,recover-20221013,001,1795
1442.9605,1443.0027,68437,83415,Rhinolophus ferrumequinum,0.035,0.035,-1,Echolocation,/mnt/ubna_data_02_mir/recover-20221013/UBNA_001/20221012_030000.WAV,Telephone Field,recover-20221013,001,1795
1443.0125,1443.0493,68437,81790,Rhinolophus ferrumequinum,0.023,0.023,-1,Echolocation,/mnt/ubna_data_02_mir/recover-20221013/UBNA_001/20221012_030000.WAV,Telephone Field,recover-20221013,001,1795
1443.0335,1443.0409,23750,31643,Plecotus austriacus,0.011,0.029,-1,Echolocation,/mnt/ubna_data_02_mir/recover-20221013/UBNA_001/20221012_030000.WAV,Telephone Field,recover-20221013,001,1795
1443.0355,1443.073,68437,81859,Rhinolophus ferrumequinum,0.022,0.022,-1,Echolocation,/mnt/ubna_data_02_mir/recover-20221013/UBNA_001/20221012_030000.WAV,Telephone Field,recover-20221013,001,1795
1443.0485,1443.0877,68437,81711,Rhinolophus ferrumequinum,0.025,0.025,-1,Echolocation,/mnt/ubna_data_02_mir/recover-20221013/UBNA_001/20221012_030000.WAV,Telephone Field,recover-20221013,001,1795
1443.0715,1443.1111,68437,82623,Rhinolophus ferrumequinum,0.026,0.026,-1,Echolocation,/mnt/ubna_data_02_mir/recover-20221013/UBNA_001/20221012_030000.WAV,Telephone Field,recover-20221013,001,1795
1443.0845,1443.1247,68437,82426,Rhinolophus ferrumequinum,0.023,0.023,-1,Echolocation,/mnt/ubna_data_02_mir/recover-20221013/UBNA_001/20221012_030000.WAV,Telephone Field,recover-20221013,001,1795
1443.1125,1443.1514,68437,81930,Rhinolophus ferrumequinum,0.025,0.025,-1,Echolocation,/mnt/ubna_data_02_mir/recover-20221013/UBNA_001/20221012_030000.WAV,Telephone Field,recover-20221013,001,1795
1443.1425,1443.179,68437,81712,Rhinolophus ferrumequinum,0.023,0.023,-1,Echolocation,/mnt/ubna_data_02_mir/recover-20221013/UBNA_001/20221012_030000.WAV,Telephone Field,recover-20221013,001,1795
1443.1595,1443.1968,68437,81864,Rhinolophus ferrumequinum,0.022,0.022,-1,Echolocation,/mnt/ubna_data_02_mir/recover-20221013/UBNA_001/20221012_030000.WAV,Telephone Field,recover-20221013,001,1795
1443.1685,1443.2099,68437,82393,Rhinolophus ferrumequinum,0.022,0.022,-1,Echolocation,/mnt/ubna_data_02_mir/recover-20221013/UBNA_001/20221012_030000.WAV,Telephone Field,recover-20221013,001,1795
1443.1755,1443.1848,24609,30537,Nyctalus leisleri,0.009,0.022,-1,Echolocation,/mnt/ubna_data_02_mir/recover-20221013/UBNA_001/20221012_030000.WAV,Telephone Field,recover-20221013,001,1795
1443.1995,1443.2095,34062,40344,Eptesicus serotinus,0.006,0.024,-1,Echolocation,/mnt/ubna_data_02_mir/recover-20221013/UBNA_001/20221012_030000.WAV,Telephone Field,recover-20221013,001,1795
1443.2195,1443.2588,68437,81884,Rhinolophus ferrumequinum,0.022,0.022,-1,Echolocation,/mnt/ubna_data_02_mir/recover-20221013/UBNA_001/20221012_030000.WAV,Telephone Field,recover-20221013,001,1795
1443.2425,1443.2832,68437,82020,Rhinolophus ferrumequinum,0.024,0.024,-1,Echolocation,/mnt/ubna_data_02_mir/recover-20221013/UBNA_001/20221012_030000.WAV,Telephone Field,recover-20221013,001,1795
1443.2505,1443.2606,24609,31523,Nyctalus leisleri,0.008,0.024,-1,Echolocation,/mnt/ubna_data_02_mir/recover-20221013/UBNA_001/20221012_030000.WAV,Telephone Field,recover-20221013,001,1795
1443.2505,1443.2905,68437,82557,Rhinolophus ferrumequinum,0.023,0.023,-1,Echolocation,/mnt/ubna_data_02_mir/recover-20221013/UBNA_001/20221012_030000.WAV,Telephone Field,recover-20221013,001,1795
1443.2665,1443.3031,68437,81983,Rhinolophus ferrumequinum,0.024,0.024,-1,Echolocation,/mnt/ubna_data_02_mir/recover-20221013/UBNA_001/20221012_030000.WAV,Telephone Field,recover-20221013,001,1795
1443.2785,1443.32,68437,82950,Rhinolophus ferrumequinum,0.027,0.027,-1,Echolocation,/mnt/ubna_data_02_mir/recover-20221013/UBNA_001/20221012_030000.WAV,Telephone Field,recover-20221013,001,1795
1443.2915,1443.3007,28046,37075,Eptesicus serotinus,0.009,0.023,-1,Echolocation,/mnt/ubna_data_02_mir/recover-20221013/UBNA_001/20221012_030000.WAV,Telephone Field,recover-20221013,001,1795
1443.2975,1443.3327,68437,81625,Rhinolophus ferrumequinum,0.021,0.021,-1,Echolocation,/mnt/ubna_data_02_mir/recover-20221013/UBNA_001/20221012_030000.WAV,Telephone Field,recover-20221013,001,1795
1443.3015,1443.3126,25468,32132,Eptesicus serotinus,0.012,0.027,-1,Echolocation,/mnt/ubna_data_02_mir/recover-20221013/UBNA_001/20221012_030000.WAV,Telephone Field,recover-20221013,001,1795
1443.3095,1443.3177,28906,37907,Eptesicus serotinus,0.007,0.024,-1,Echolocation,/mnt/ubna_data_02_mir/recover-20221013/UBNA_001/20221012_030000.WAV,Telephone Field,recover-20221013,001,1795
1443.3435,1443.3863,68437,82962,Rhinolophus ferrumequinum,0.024,0.024,-1,Echolocation,/mnt/ubna_data_02_mir/recover-20221013/UBNA_001/20221012_030000.WAV,Telephone Field,recover-20221013,001,1795
1443.3575,1443.3685,23750,29000,Nyctalus leisleri,0.013,0.027,-1,Echolocation,/mnt/ubna_data_02_mir/recover-20221013/UBNA_001/20221012_030000.WAV,Telephone Field,recover-20221013,001,1795
1443.3625,1443.4025,68437,82700,Rhinolophus ferrumequinum,0.025,0.025,-1,Echolocation,/mnt/ubna_data_02_mir/recover-20221013/UBNA_001/20221012_030000.WAV,Telephone Field,recover-20221013,001,1795
1443.3735,1443.3814,28046,39428,Eptesicus serotinus,0.007,0.021,-1,Echolocation,/mnt/ubna_data_02_mir/recover-20221013/UBNA_001/20221012_030000.WAV,Telephone Field,recover-20221013,001,1795
1443.3955,1443.4327,68437,81594,Rhinolophus ferrumequinum,0.021,0.021,-1,Echolocation,/mnt/ubna_data_02_mir/recover-20221013/UBNA_001/20221012_030000.WAV,Telephone Field,recover-20221013,001,1795
1443.4045,1443.4148,22890,28069,Nyctalus leisleri,0.01,0.022,-1,Echolocation,/mnt/ubna_data_02_mir/recover-20221013/UBNA_001/20221012_030000.WAV,Telephone Field,recover-20221013,001,1795
1443.4145,1443.4492,68437,81587,Rhinolophus ferrumequinum,0.021,0.021,-1,Echolocation,/mnt/ubna_data_02_mir/recover-20221013/UBNA_001/20221012_030000.WAV,Telephone Field,recover-20221013,001,1795
1443.4275,1443.4383,22031,26758,Nyctalus leisleri,0.009,0.021,-1,Echolocation,/mnt/ubna_data_02_mir/recover-20221013/UBNA_001/20221012_030000.WAV,Telephone Field,recover-20221013,001,1795
1443.4475,1443.457,28906,36218,Eptesicus serotinus,0.008,0.021,-1,Echolocation,/mnt/ubna_data_02_mir/recover-20221013/UBNA_001/20221012_030000.WAV,Telephone Field,recover-20221013,001,1795
1443.4755,1443.4872,23750,28877,Nyctalus leisleri,0.012,0.022,-1,Echolocation,/mnt/ubna_data_02_mir/recover-20221013/UBNA_001/20221012_030000.WAV,Telephone Field,recover-20221013,001,1795
1443.4855,1443.5225,68437,82008,Rhinolophus ferrumequinum,0.022,0.022,-1,Echolocation,/mnt/ubna_data_02_mir/recover-20221013/UBNA_001/20221012_030000.WAV,Telephone Field,recover-20221013,001,1795
1443.5015,1443.5389,68437,82052,Rhinolophus ferrumequinum,0.023,0.024,-1,Echolocation,/mnt/ubna_data_02_mir/recover-20221013/UBNA_001/20221012_030000.WAV,Telephone Field,recover-20221013,001,1795
1443.5425,1443.5515,28046,39046,Eptesicus serotinus,0.009,0.027,-1,Echolocation,/mnt/ubna_data_02_mir/recover-20221013/UBNA_001/20221012_030000.WAV,Telephone Field,recover-20221013,001,1795
1443.5535,1443.567,23750,27657,Nyctalus leisleri,0.012,0.022,-1,Echolocation,/mnt/ubna_data_02_mir/recover-20221013/UBNA_001/20221012_030000.WAV,Telephone Field,recover-20221013,001,1795
1443.5625,1443.6008,68437,82400,Rhinolophus ferrumequinum,0.024,0.024,-1,Echolocation,/mnt/ubna_data_02_mir/recover-20221013/UBNA_001/20221012_030000.WAV,Telephone Field,recover-20221013,001,1795
1443.5955,1443.6355,68437,82633,Rhinolophus ferrumequinum,0.021,0.021,-1,Echolocation,/mnt/ubna_data_02_mir/recover-20221013/UBNA_001/20221012_030000.WAV,Telephone Field,recover-20221013,001,1795
1443.6275,1443.6684,68437,82507,Rhinolophus ferrumequinum,0.024,0.024,-1,Echolocation,/mnt/ubna_data_02_mir/recover-20221013/UBNA_001/20221012_030000.WAV,Telephone Field,recover-20221013,001,1795
1443.6415,1443.6781,68437,81893,Rhinolophus ferrumequinum,0.021,0.021,-1,Echolocation,/mnt/ubna_data_02_mir/recover-20221013/UBNA_001/20221012_030000.WAV,Telephone Field,recover-20221013,001,1795
1443.6605,1443.6681,23750,32860,Plecotus austriacus,0.009,0.022,-1,Echolocation,/mnt/ubna_data_02_mir/recover-20221013/UBNA_001/20221012_030000.WAV,Telephone Field,recover-20221013,001,1795
1443.6975,1443.7059,28046,39197,Eptesicus serotinus,0.007,0.022,-1,Echolocation,/mnt/ubna_data_02_mir/recover-20221013/UBNA_001/20221012_030000.WAV,Telephone Field,recover-20221013,001,1795
1443.7005,1443.7354,68437,80647,Rhinolophus ferrumequinum,0.024,0.025,-1,Echolocation,/mnt/ubna_data_02_mir/recover-20221013/UBNA_001/20221012_030000.WAV,Telephone Field,recover-20221013,001,1795
1443.7155,1443.7535,68437,81984,Rhinolophus ferrumequinum,0.03,0.03,-1,Echolocation,/mnt/ubna_data_02_mir/recover-20221013/UBNA_001/20221012_030000.WAV,Telephone Field,recover-20221013,001,1795
1443.7425,1443.7836,68437,82111,Rhinolophus ferrumequinum,0.025,0.025,-1,Echolocation,/mnt/ubna_data_02_mir/recover-20221013/UBNA_001/20221012_030000.WAV,Telephone Field,recover-20221013,001,1795
1443.7465,1443.7562,28046,38522,Eptesicus serotinus,0.008,0.021,-1,Echolocation,/mnt/ubna_data_02_mir/recover-20221013/UBNA_001/20221012_030000.WAV,Telephone Field,recover-20221013,001,1795
1443.7665,1443.8064,68437,81896,Rhinolophus ferrumequinum,0.022,0.022,-1,Echolocation,/mnt/ubna_data_02_mir/recover-20221013/UBNA_001/20221012_030000.WAV,Telephone Field,recover-20221013,001,1795
1443.7755,1443.782,24609,37301,Plecotus austriacus,0.01,0.027,-1,Echolocation,/mnt/ubna_data_02_mir/recover-20221013/UBNA_001/20221012_030000.WAV,Telephone Field,recover-20221013,001,1795
1443.8005,1443.8382,68437,82141,Rhinolophus ferrumequinum,0.021,0.021,-1,Echolocation,/mnt/ubna_data_02_mir/recover-20221013/UBNA_001/20221012_030000.WAV,Telephone Field,recover-20221013,001,1795
1443.8235,1443.8619,68437,81989,Rhinolophus ferrumequinum,0.033,0.033,-1,Echolocation,/mnt/ubna_data_02_mir/recover-20221013/UBNA_001/20221012_030000.WAV,Telephone Field,recover-20221013,001,1795
1443.8245,1443.8449,20312,23027,Nyctalus leisleri,0.025,0.045,-1,Echolocation,/mnt/ubna_data_02_mir/recover-20221013/UBNA_001/20221012_030000.WAV,Telephone Field,recover-20221013,001,1795
1443.8325,1443.8676,68437,82309,Rhinolophus ferrumequinum,0.024,0.024,-1,Echolocation,/mnt/ubna_data_02_mir/recover-20221013/UBNA_001/20221012_030000.WAV,Telephone Field,recover-20221013,001,1795
1443.8495,1443.8572,27187,35730,Eptesicus serotinus,0.008,0.023,-1,Echolocation,/mnt/ubna_data_02_mir/recover-20221013/UBNA_001/20221012_030000.WAV,Telephone Field,recover-20221013,001,1795
1443.8605,1443.8969,68437,81924,Rhinolophus ferrumequinum,0.026,0.026,-1,Echolocation,/mnt/ubna_data_02_mir/recover-20221013/UBNA_001/20221012_030000.WAV,Telephone Field,recover-20221013,001,1795
1443.8935,1443.9271,68437,80742,Rhinolophus ferrumequinum,0.022,0.022,-1,Echolocation,/mnt/ubna_data_02_mir/recover-20221013/UBNA_001/20221012_030000.WAV,Telephone Field,recover-20221013,001,1795
1443.9065,1443.9485,68437,82496,Rhinolophus ferrumequinum,0.038,0.038,-1,Echolocation,/mnt/ubna_data_02_mir/recover-20221013/UBNA_001/20221012_030000.WAV,Telephone Field,recover-20221013,001,1795
1443.9175,1443.9561,68437,82763,Rhinolophus ferrumequinum,0.026,0.026,-1,Echolocation,/mnt/ubna_data_02_mir/recover-20221013/UBNA_001/20221012_030000.WAV,Telephone Field,recover-20221013,001,1795
1443.9425,1443.9788,68437,81521,Rhinolophus ferrumequinum,0.023,0.023,-1,Echolocation,/mnt/ubna_data_02_mir/recover-20221013/UBNA_001/20221012_030000.WAV,Telephone Field,recover-20221013,001,1795
1443.9485,1443.955,24609,38551,Plecotus austriacus,0.01,0.027,-1,Echolocation,/mnt/ubna_data_02_mir/recover-20221013/UBNA_001/20221012_030000.WAV,Telephone Field,recover-20221013,001,1795
1443.9765,1443.9871,32343,38000,Eptesicus serotinus,0.006,0.025,-1,Echolocation,/mnt/ubna_data_02_mir/recover-20221013/UBNA_001/20221012_030000.WAV,Telephone Field,recover-20221013,001,1795
1443.9775,1443.9867,25468,32843,Eptesicus serotinus,0.009,0.027,-1,Echolocation,/mnt/ubna_data_02_mir/recover-20221013/UBNA_001/20221012_030000.WAV,Telephone Field,recover-20221013,001,1795
1444.0015,1444.0103,25468,34551,Nyctalus leisleri,0.008,0.028,-1,Echolocation,/mnt/ubna_data_02_mir/recover-20221013/UBNA_001/20221012_030000.WAV,Telephone Field,recover-20221013,001,1795
1444.0015,1444.0372,68437,79623,Rhinolophus ferrumequinum,0.034,0.034,-1,Echolocation,/mnt/ubna_data_02_mir/recover-20221013/UBNA_001/20221012_030000.WAV,Telephone Field,recover-20221013,001,1795
1444.0015,1444.0169,18593,23401,Nyctalus noctula,0.014,0.032,-1,Echolocation,/mnt/ubna_data_02_mir/recover-20221013/UBNA_001/20221012_030000.WAV,Telephone Field,recover-20221013,001,1795
1444.0025,1444.0184,56406,63059,Pipistrellus pygmaeus,0.022,0.022,-1,Echolocation,/mnt/ubna_data_02_mir/recover-20221013/UBNA_001/20221012_030000.WAV,Telephone Field,recover-20221013,001,1795
1444.0095,1444.0515,68437,81986,Rhinolophus ferrumequinum,0.021,0.021,-1,Echolocation,/mnt/ubna_data_02_mir/recover-20221013/UBNA_001/20221012_030000.WAV,Telephone Field,recover-20221013,001,1795
1444.0355,1444.0759,68437,82595,Rhinolophus ferrumequinum,0.03,0.03,-1,Echolocation,/mnt/ubna_data_02_mir/recover-20221013/UBNA_001/20221012_030000.WAV,Telephone Field,recover-20221013,001,1795
1444.0565,1444.0672,23750,29885,Nyctalus leisleri,0.008,0.021,-1,Echolocation,/mnt/ubna_data_02_mir/recover-20221013/UBNA_001/20221012_030000.WAV,Telephone Field,recover-20221013,001,1795
1444.0665,1444.0752,27187,39397,Eptesicus serotinus,0.01,0.025,-1,Echolocation,/mnt/ubna_data_02_mir/recover-20221013/UBNA_001/20221012_030000.WAV,Telephone Field,recover-20221013,001,1795
1444.0905,1444.1316,68437,82946,Rhinolophus ferrumequinum,0.033,0.033,-1,Echolocation,/mnt/ubna_data_02_mir/recover-20221013/UBNA_001/20221012_030000.WAV,Telephone Field,recover-20221013,001,1795
1444.0985,1444.1067,23750,31969,Plecotus austriacus,0.017,0.05,-1,Echolocation,/mnt/ubna_data_02_mir/recover-20221013/UBNA_001/20221012_030000.WAV,Telephone Field,recover-20221013,001,1795
1444.1205,1444.1589,68437,81839,Rhinolophus ferrumequinum,0.023,0.023,-1,Echolocation,/mnt/ubna_data_02_mir/recover-20221013/UBNA_001/20221012_030000.WAV,Telephone Field,recover-20221013,001,1795
1444.1755,1444.1828,45234,55908,Pipistrellus pipistrellus,0.019,0.026,-1,Echolocation,/mnt/ubna_data_02_mir/recover-20221013/UBNA_001/20221012_030000.WAV,Telephone Field,recover-20221013,001,1795
1444.1955,1444.2024,27187,40330,Eptesicus serotinus,0.006,0.021,-1,Echolocation,/mnt/ubna_data_02_mir/recover-20221013/UBNA_001/20221012_030000.WAV,Telephone Field,recover-20221013,001,1795
1444.2115,1444.2184,27187,40843,Eptesicus serotinus,0.006,0.023,-1,Echolocation,/mnt/ubna_data_02_mir/recover-20221013/UBNA_001/20221012_030000.WAV,Telephone Field,recover-20221013,001,1795
1444.2165,1444.252,68437,81894,Rhinolophus ferrumequinum,0.021,0.021,-1,Echolocation,/mnt/ubna_data_02_mir/recover-20221013/UBNA_001/20221012_030000.WAV,Telephone Field,recover-20221013,001,1795
1444.2305,1444.2695,68437,81408,Rhinolophus ferrumequinum,0.021,0.021,-1,Echolocation,/mnt/ubna_data_02_mir/recover-20221013/UBNA_001/20221012_030000.WAV,Telephone Field,recover-20221013,001,1795
1444.2895,1444.3278,68437,82312,Rhinolophus ferrumequinum,0.024,0.024,-1,Echolocation,/mnt/ubna_data_02_mir/recover-20221013/UBNA_001/20221012_030000.WAV,Telephone Field,recover-20221013,001,1795
1444.3095,1444.3182,22890,29866,Plecotus austriacus,0.007,0.022,-1,Echolocation,/mnt/ubna_data_02_mir/recover-20221013/UBNA_001/20221012_030000.WAV,Telephone Field,recover-20221013,001,1795
1444.3225,1444.3339,45234,48690,Pipistrellus pipistrellus,0.046,0.048,-1,Echolocation,/mnt/ubna_data_02_mir/recover-20221013/UBNA_001/20221012_030000.WAV,Telephone Field,recover-20221013,001,1795
1444.3395,1444.3822,68437,82984,Rhinolophus ferrumequinum,0.025,0.025,-1,Echolocation,/mnt/ubna_data_02_mir/recover-20221013/UBNA_001/20221012_030000.WAV,Telephone Field,recover-20221013,001,1795
1444.3705,1444.4094,68437,81815,Rhinolophus ferrumequinum,0.024,0.024,-1,Echolocation,/mnt/ubna_data_02_mir/recover-20221013/UBNA_001/20221012_030000.WAV,Telephone Field,recover-20221013,001,1795
1444.3975,1444.4369,68437,83072,Rhinolophus ferrumequinum,0.029,0.029,-1,Echolocation,/mnt/ubna_data_02_mir/recover-20221013/UBNA_001/20221012_030000.WAV,Telephone Field,recover-20221013,001,1795
1444.4055,1444.4144,28046,39984,Eptesicus serotinus,0.008,0.022,-1,Echolocation,/mnt/ubna_data_02_mir/recover-20221013/UBNA_001/20221012_030000.WAV,Telephone Field,recover-20221013,001,1795
1444.4265,1444.464,68437,80957,Rhinolophus ferrumequinum,0.023,0.024,-1,Echolocation,/mnt/ubna_data_02_mir/recover-20221013/UBNA_001/20221012_030000.WAV,Telephone Field,recover-20221013,001,1795
1444.4365,1444.4759,68437,82171,Rhinolophus ferrumequinum,0.021,0.021,-1,Echolocation,/mnt/ubna_data_02_mir/recover-20221013/UBNA_001/20221012_030000.WAV,Telephone Field,recover-20221013,001,1795
1444.4445,1444.452,23750,32793,Plecotus austriacus,0.009,0.021,-1,Echolocation,/mnt/ubna_data_02_mir/recover-20221013/UBNA_001/20221012_030000.WAV,Telephone Field,recover-20221013,001,1795
1444.4585,1444.498,68437,82063,Rhinolophus ferrumequinum,0.027,0.027,-1,Echolocation,/mnt/ubna_data_02_mir/recover-20221013/UBNA_001/20221012_030000.WAV,Telephone Field,recover-20221013,001,1795
1444.4715,1444.4816,26328,33640,Eptesicus serotinus,0.007,0.021,-1,Echolocation,/mnt/ubna_data_02_mir/recover-20221013/UBNA_001/20221012_030000.WAV,Telephone Field,recover-20221013,001,1795
1444.4855,1444.5253,68437,82252,Rhinolophus ferrumequinum,0.022,0.022,-1,Echolocation,/mnt/ubna_data_02_mir/recover-20221013/UBNA_001/20221012_030000.WAV,Telephone Field,recover-20221013,001,1795
1444.4955,1444.5369,68437,82797,Rhinolophus ferrumequinum,0.025,0.025,-1,Echolocation,/mnt/ubna_data_02_mir/recover-20221013/UBNA_001/20221012_030000.WAV,Telephone Field,recover-20221013,001,1795
1444.5075,1444.5155,28046,39578,Eptesicus serotinus,0.007,0.022,-1,Echolocation,/mnt/ubna_data_02_mir/recover-20221013/UBNA_001/20221012_030000.WAV,Telephone Field,recover-20221013,001,1795
1444.5255,1444.5344,24609,32295,Eptesicus serotinus,0.007,0.023,-1,Echolocation,/mnt/ubna_data_02_mir/recover-20221013/UBNA_001/20221012_030000.WAV,Telephone Field,recover-20221013,001,1795
1444.5635,1444.5727,25468,33435,Eptesicus serotinus,0.009,0.023,-1,Echolocation,/mnt/ubna_data_02_mir/recover-20221013/UBNA_001/20221012_030000.WAV,Telephone Field,recover-20221013,001,1795
1444.6125,1444.6542,68437,83163,Rhinolophus ferrumequinum,0.025,0.025,-1,Echolocation,/mnt/ubna_data_02_mir/recover-20221013/UBNA_001/20221012_030000.WAV,Telephone Field,recover-20221013,001,1795
1444.6365,1444.675,68437,81906,Rhinolophus ferrumequinum,0.023,0.023,-1,Echolocation,/mnt/ubna_data_02_mir/recover-20221013/UBNA_001/20221012_030000.WAV,Telephone Field,recover-20221013,001,1795
1444.6365,1444.6436,47812,53681,Pipistrellus pipistrellus,0.022,0.023,-1,Echolocation,/mnt/ubna_data_02_mir/recover-20221013/UBNA_001/20221012_030000.WAV,Telephone Field,recover-20221013,001,1795
1444.6605,1444.6977,68437,81968,Rhinolophus ferrumequinum,0.027,0.027,-1,Echolocation,/mnt/ubna_data_02_mir/recover-20221013/UBNA_001/20221012_030000.WAV,Telephone Field,recover-20221013,001,1795
1444.6715,1444.7086,68437,81548,Rhinolophus ferrumequinum,0.023,0.023,-1,Echolocation,/mnt/ubna_data_02_mir/recover-20221013/UBNA_001/20221012_030000.WAV,Telephone Field,recover-20221013,001,1795
1444.6875,1444.7262,68437,82102,Rhinolophus ferrumequinum,0.024,0.024,-1,Echolocation,/mnt/ubna_data_02_mir/recover-20221013/UBNA_001/20221012_030000.WAV,Telephone Field,recover-20221013,001,1795
1444.6965,1444.7052,45234,54834,Pipistrellus pipistrellus,0.017,0.026,-1,Echolocation,/mnt/ubna_data_02_mir/recover-20221013/UBNA_001/20221012_030000.WAV,Telephone Field,recover-20221013,001,1795
1444.6985,1444.7063,28046,41087,Eptesicus serotinus,0.007,0.021,-1,Echolocation,/mnt/ubna_data_02_mir/recover-20221013/UBNA_001/20221012_030000.WAV,Telephone Field,recover-20221013,001,1795
1444.7235,1444.7319,27187,39607,Eptesicus serotinus,0.008,0.022,-1,Echolocation,/mnt/ubna_data_02_mir/recover-20221013/UBNA_001/20221012_030000.WAV,Telephone Field,recover-20221013,001,1795
1444.7235,1444.7627,68437,81774,Rhinolophus ferrumequinum,0.025,0.025,-1,Echolocation,/mnt/ubna_data_02_mir/recover-20221013/UBNA_001/20221012_030000.WAV,Telephone Field,recover-20221013,001,1795
1444.7505,1444.7887,68437,82269,Rhinolophus ferrumequinum,0.024,0.024,-1,Echolocation,/mnt/ubna_data_02_mir/recover-20221013/UBNA_001/20221012_030000.WAV,Telephone Field,recover-20221013,001,1795
1444.7515,1444.7597,26328,35357,Eptesicus serotinus,0.008,0.023,-1,Echolocation,/mnt/ubna_data_02_mir/recover-20221013/UBNA_001/20221012_030000.WAV,Telephone Field,recover-20221013,001,1795
1444.7765,1444.8178,68437,83123,Rhinolophus ferrumequinum,0.034,0.034,-1,Echolocation,/mnt/ubna_data_02_mir/recover-20221013/UBNA_001/20221012_030000.WAV,Telephone Field,recover-20221013,001,1795
1444.7885,1444.7962,47812,56206,Pipistrellus pipistrellus,0.023,0.025,-1,Echolocation,/mnt/ubna_data_02_mir/recover-20221013/UBNA_001/20221012_030000.WAV,Telephone Field,recover-20221013,001,1795
1444.7935,1444.811,19453,23567,Nyctalus noctula,0.013,0.023,-1,Echolocation,/mnt/ubna_data_02_mir/recover-20221013/UBNA_001/20221012_030000.WAV,Telephone Field,recover-20221013,001,1795
1444.8045,1444.8149,28906,37199,Eptesicus serotinus,0.01,0.024,-1,Echolocation,/mnt/ubna_data_02_mir/recover-20221013/UBNA_001/20221012_030000.WAV,Telephone Field,recover-20221013,001,1795
1444.8165,1444.8572,68437,82353,Rhinolophus ferrumequinum,0.021,0.021,-1,Echolocation,/mnt/ubna_data_02_mir/recover-20221013/UBNA_001/20221012_030000.WAV,Telephone Field,recover-20221013,001,1795
1444.8265,1444.8353,22890,31410,Plecotus austriacus,0.008,0.022,-1,Echolocation,/mnt/ubna_data_02_mir/recover-20221013/UBNA_001/20221012_030000.WAV,Telephone Field,recover-20221013,001,1795
1444.8495,1444.8878,68437,82375,Rhinolophus ferrumequinum,0.022,0.022,-1,Echolocation,/mnt/ubna_data_02_mir/recover-20221013/UBNA_001/20221012_030000.WAV,Telephone Field,recover-20221013,001,1795
1444.8715,1444.8834,50390,54823,Pipistrellus pipistrellus,0.064,0.077,-1,Echolocation,/mnt/ubna_data_02_mir/recover-20221013/UBNA_001/20221012_030000.WAV,Telephone Field,recover-20221013,001,1795
1444.8925,1444.904,23750,30002,Nyctalus leisleri,0.012,0.028,-1,Echolocation,/mnt/ubna_data_02_mir/recover-20221013/UBNA_001/20221012_030000.WAV,Telephone Field,recover-20221013,001,1795
1444.8975,1444.936,68437,81863,Rhinolophus ferrumequinum,0.021,0.021,-1,Echolocation,/mnt/ubna_data_02_mir/recover-20221013/UBNA_001/20221012_030000.WAV,Telephone Field,recover-20221013,001,1795
1444.8995,1444.9116,25468,31849,Eptesicus serotinus,0.011,0.027,-1,Echolocation,/mnt/ubna_data_02_mir/recover-20221013/UBNA_001/20221012_030000.WAV,Telephone Field,recover-20221013,001,1795
1444.9515,1444.9879,68437,81341,Rhinolophus ferrumequinum,0.021,0.021,-1,Echolocation,/mnt/ubna_data_02_mir/recover-20221013/UBNA_001/20221012_030000.WAV,Telephone Field,recover-20221013,001,1795
1444.9525,1444.9668,22890,26449,Nyctalus leisleri,0.02,0.03,-1,Echolocation,/mnt/ubna_data_02_mir/recover-20221013/UBNA_001/20221012_030000.WAV,Telephone Field,recover-20221013,001,1795
1444.9855,1445.0263,68437,82196,Rhinolophus ferrumequinum,0.024,0.024,-1,Echolocation,/mnt/ubna_data_02_mir/recover-20221013/UBNA_001/20221012_030000.WAV,Telephone Field,recover-20221013,001,1795
1444.9925,1445.0311,68437,82029,Rhinolophus ferrumequinum,0.023,0.023,-1,Echolocation,/mnt/ubna_data_02_mir/recover-20221013/UBNA_001/20221012_030000.WAV,Telephone Field,recover-20221013,001,1795
1445.0155,1445.0587,68437,82656,Rhinolophus ferrumequinum,0.029,0.029,-1,Echolocation,/mnt/ubna_data_02_mir/recover-20221013/UBNA_001/20221012_030000.WAV,Telephone Field,recover-20221013,001,1795
1445.0265,1445.0664,68437,82136,Rhinolophus ferrumequinum,0.025,0.026,-1,Echolocation,/mnt/ubna_data_02_mir/recover-20221013/UBNA_001/20221012_030000.WAV,Telephone Field,recover-20221013,001,1795
1445.0505,1445.0606,28906,37262,Eptesicus serotinus,0.01,0.024,-1,Echolocation,/mnt/ubna_data_02_mir/recover-20221013/UBNA_001/20221012_030000.WAV,Telephone Field,recover-20221013,001,1795
1445.0965,1445.1332,68437,81292,Rhinolophus ferrumequinum,0.023,0.023,-1,Echolocation,/mnt/ubna_data_02_mir/recover-20221013/UBNA_001/20221012_030000.WAV,Telephone Field,recover-20221013,001,1795
1445.1075,1445.1209,15156,21524,Nyctalus noctula,0.018,0.026,-1,Echolocation,/mnt/ubna_data_02_mir/recover-20221013/UBNA_001/20221012_030000.WAV,Telephone Field,recover-20221013,001,1795
1445.1295,1445.1391,28046,36062,Eptesicus serotinus,0.008,0.021,-1,Echolocation,/mnt/ubna_data_02_mir/recover-20221013/UBNA_001/20221012_030000.WAV,Telephone Field,recover-20221013,001,1795
1445.1595,1445.1957,68437,81114,Rhinolophus ferrumequinum,0.021,0.021,-1,Echolocation,/mnt/ubna_data_02_mir/recover-20221013/UBNA_001/20221012_030000.WAV,Telephone Field,recover-20221013,001,1795
1445.1655,1445.2013,68437,81037,Rhinolophus ferrumequinum,0.021,0.021,-1,Echolocation,/mnt/ubna_data_02_mir/recover-20221013/UBNA_001/20221012_030000.WAV,Telephone Field,recover-20221013,001,1795
1445.1905,1445.2267,68437,81808,Rhinolophus ferrumequinum,0.022,0.022,-1,Echolocation,/mnt/ubna_data_02_mir/recover-20221013/UBNA_001/20221012_030000.WAV,Telephone Field,recover-20221013,001,1795
1445.2215,1445.2287,28906,40699,Eptesicus serotinus,0.007,0.023,-1,Echolocation,/mnt/ubna_data_02_mir/recover-20221013/UBNA_001/20221012_030000.WAV,Telephone Field,recover-20221013,001,1795
1445.2215,1445.2291,23750,32300,Plecotus austriacus,0.008,0.022,-1,Echolocation,/mnt/ubna_data_02_mir/recover-20221013/UBNA_001/20221012_030000.WAV,Telephone Field,recover-20221013,001,1795
1445.2425,1445.2851,68437,83340,Rhinolophus ferrumequinum,0.026,0.026,-1,Echolocation,/mnt/ubna_data_02_mir/recover-20221013/UBNA_001/20221012_030000.WAV,Telephone Field,recover-20221013,001,1795
1445.2515,1445.261,28906,38844,Eptesicus serotinus,0.01,0.026,-1,Echolocation,/mnt/ubna_data_02_mir/recover-20221013/UBNA_001/20221012_030000.WAV,Telephone Field,recover-20221013,001,1795
1445.2875,1445.3288,68437,82287,Rhinolophus ferrumequinum,0.052,0.052,-1,Echolocation,/mnt/ubna_data_02_mir/recover-20221013/UBNA_001/20221012_030000.WAV,Telephone Field,recover-20221013,001,1795
1445.3085,1445.3482,68437,83071,Rhinolophus ferrumequinum,0.026,0.026,-1,Echolocation,/mnt/ubna_data_02_mir/recover-20221013/UBNA_001/20221012_030000.WAV,Telephone Field,recover-20221013,001,1795
1445.3275,1445.339,23750,29328,Nyctalus leisleri,0.01,0.022,-1,Echolocation,/mnt/ubna_data_02_mir/recover-20221013/UBNA_001/20221012_030000.WAV,Telephone Field,recover-20221013,001,1795
1445.3345,1445.3429,28046,38923,Eptesicus serotinus,0.006,0.021,-1,Echolocation,/mnt/ubna_data_02_mir/recover-20221013/UBNA_001/20221012_030000.WAV,Telephone Field,recover-20221013,001,1795
1445.3375,1445.3791,68437,82392,Rhinolophus ferrumequinum,0.039,0.039,-1,Echolocation,/mnt/ubna_data_02_mir/recover-20221013/UBNA_001/20221012_030000.WAV,Telephone Field,recover-20221013,001,1795
1445.3665,1445.4087,68437,82846,Rhinolophus ferrumequinum,0.025,0.025,-1,Echolocation,/mnt/ubna_data_02_mir/recover-20221013/UBNA_001/20221012_030000.WAV,Telephone Field,recover-20221013,001,1795
1445.3685,1445.3778,28046,39422,Eptesicus serotinus,0.008,0.023,-1,Echolocation,/mnt/ubna_data_02_mir/recover-20221013/UBNA_001/20221012_030000.WAV,Telephone Field,recover-20221013,001,1795
1445.3935,1445.4062,22031,26160,Nyctalus leisleri,0.013,0.024,-1,Echolocation,/mnt/ubna_data_02_mir/recover-20221013/UBNA_001/20221012_030000.WAV,Telephone Field,recover-20221013,001,1795
1445.4275,1445.4687,68437,82821,Rhinolophus ferrumequinum,0.027,0.027,-1,Echolocation,/mnt/ubna_data_02_mir/recover-20221013/UBNA_001/20221012_030000.WAV,Telephone Field,recover-20221013,001,1795
1445.4285,1445.435,27187,40499,Eptesicus serotinus,0.005,0.022,-1,Echolocation,/mnt/ubna_data_02_mir/recover-20221013/UBNA_001/20221012_030000.WAV,Telephone Field,recover-20221013,001,1795
1445.4505,1445.4931,68437,82440,Rhinolophus ferrumequinum,0.025,0.025,-1,Echolocation,/mnt/ubna_data_02_mir/recover-20221013/UBNA_001/20221012_030000.WAV,Telephone Field,recover-20221013,001,1795
1445.4555,1445.4659,28906,36854,Eptesicus serotinus,0.011,0.026,-1,Echolocation,/mnt/ubna_data_02_mir/recover-20221013/UBNA_001/20221012_030000.WAV,Telephone Field,recover-20221013,001,1795
1445.4885,1445.4959,24609,38829,Plecotus austriacus,0.008,0.024,-1,Echolocation,/mnt/ubna_data_02_mir/recover-20221013/UBNA_001/20221012_030000.WAV,Telephone Field,recover-20221013,001,1795
1445.5015,1445.5388,68437,81621,Rhinolophus ferrumequinum,0.021,0.021,-1,Echolocation,/mnt/ubna_data_02_mir/recover-20221013/UBNA_001/20221012_030000.WAV,Telephone Field,recover-20221013,001,1795
1445.5385,1445.576,68437,81577,Rhinolophus ferrumequinum,0.021,0.021,-1,Echolocation,/mnt/ubna_data_02_mir/recover-20221013/UBNA_001/20221012_030000.WAV,Telephone Field,recover-20221013,001,1795
1445.5695,1445.5794,28906,36913,Eptesicus serotinus,0.01,0.024,-1,Echolocation,/mnt/ubna_data_02_mir/recover-20221013/UBNA_001/20221012_030000.WAV,Telephone Field,recover-20221013,001,1795
1445.5925,1445.6001,24609,34028,Plecotus austriacus,0.009,0.024,-1,Echolocation,/mnt/ubna_data_02_mir/recover-20221013/UBNA_001/20221012_030000.WAV,Telephone Field,recover-20221013,001,1795
1445.6005,1445.64,68437,82442,Rhinolophus ferrumequinum,0.032,0.032,-1,Echolocation,/mnt/ubna_data_02_mir/recover-20221013/UBNA_001/20221012_030000.WAV,Telephone Field,recover-20221013,001,1795
1445.6295,1445.6371,27187,41835,Eptesicus serotinus,0.007,0.024,-1,Echolocation,/mnt/ubna_data_02_mir/recover-20221013/UBNA_001/20221012_030000.WAV,Telephone Field,recover-20221013,001,1795
1445.6385,1445.6772,68437,81653,Rhinolophus ferrumequinum,0.024,0.024,-1,Echolocation,/mnt/ubna_data_02_mir/recover-20221013/UBNA_001/20221012_030000.WAV,Telephone Field,recover-20221013,001,1795
1445.6765,1445.6871,28906,36688,Eptesicus serotinus,0.012,0.026,-1,Echolocation,/mnt/ubna_data_02_mir/recover-20221013/UBNA_001/20221012_030000.WAV,Telephone Field,recover-20221013,001,1795
1445.6845,1445.6952,27187,35115,Eptesicus serotinus,0.016,0.031,-1,Echolocation,/mnt/ubna_data_02_mir/recover-20221013/UBNA_001/20221012_030000.WAV,Telephone Field,recover-20221013,001,1795
1445.6865,1445.7219,68437,81851,Rhinolophus ferrumequinum,0.025,0.025,-1,Echolocation,/mnt/ubna_data_02_mir/recover-20221013/UBNA_001/20221012_030000.WAV,Telephone Field,recover-20221013,001,1795
1445.6925,1445.7293,68437,81809,Rhinolophus ferrumequinum,0.021,0.021,-1,Echolocation,/mnt/ubna_data_02_mir/recover-20221013/UBNA_001/20221012_030000.WAV,Telephone Field,recover-20221013,001,1795
1445.7055,1445.7379,68437,80274,Rhinolophus ferrumequinum,0.032,0.032,-1,Echolocation,/mnt/ubna_data_02_mir/recover-20221013/UBNA_001/20221012_030000.WAV,Telephone Field,recover-20221013,001,1795
1445.7145,1445.7234,28906,40324,Eptesicus serotinus,0.008,0.022,-1,Echolocation,/mnt/ubna_data_02_mir/recover-20221013/UBNA_001/20221012_030000.WAV,Telephone Field,recover-20221013,001,1795
1445.7155,1445.7505,68437,81238,Rhinolophus ferrumequinum,0.024,0.024,-1,Echolocation,/mnt/ubna_data_02_mir/recover-20221013/UBNA_001/20221012_030000.WAV,Telephone Field,recover-20221013,001,1795
1445.7465,1445.7543,26328,38540,Eptesicus serotinus,0.007,0.025,-1,Echolocation,/mnt/ubna_data_02_mir/recover-20221013/UBNA_001/20221012_030000.WAV,Telephone Field,recover-20221013,001,1795
1445.7725,1445.8152,68437,82242,Rhinolophus ferrumequinum,0.025,0.025,-1,Echolocation,/mnt/ubna_data_02_mir/recover-20221013/UBNA_001/20221012_030000.WAV,Telephone Field,recover-20221013,001,1795
1445.7925,1445.8012,23750,31342,Plecotus austriacus,0.011,0.029,-1,Echolocation,/mnt/ubna_data_02_mir/recover-20221013/UBNA_001/20221012_030000.WAV,Telephone Field,recover-20221013,001,1795
1445.8365,1445.8444,28046,41421,Eptesicus serotinus,0.008,0.024,-1,Echolocation,/mnt/ubna_data_02_mir/recover-20221013/UBNA_001/20221012_030000.WAV,Telephone Field,recover-20221013,001,1795
1445.8555,1445.8967,68437,82488,Rhinolophus ferrumequinum,0.029,0.029,-1,Echolocation,/mnt/ubna_data_02_mir/recover-20221013/UBNA_001/20221012_030000.WAV,Telephone Field,recover-20221013,001,1795
1445.8755,1445.9121,68437,81820,Rhinolophus ferrumequinum,0.021,0.021,-1,Echolocation,/mnt/ubna_data_02_mir/recover-20221013/UBNA_001/20221012_030000.WAV,Telephone Field,recover-20221013,001,1795
1445.8965,1445.9071,23750,29552,Nyctalus leisleri,0.013,0.029,-1,Echolocation,/mnt/ubna_data_02_mir/recover-20221013/UBNA_001/20221012_030000.WAV,Telephone Field,recover-20221013,001,1795
1445.8995,1445.9371,68437,82031,Rhinolophus ferrumequinum,0.024,0.025,-1,Echolocation,/mnt/ubna_data_02_mir/recover-20221013/UBNA_001/20221012_030000.WAV,Telephone Field,recover-20221013,001,1795
1445.9125,1445.9489,68437,81280,Rhinolophus ferrumequinum,0.023,0.023,-1,Echolocation,/mnt/ubna_data_02_mir/recover-20221013/UBNA_001/20221012_030000.WAV,Telephone Field,recover-20221013,001,1795
1445.9165,1445.9257,24609,31556,Nyctalus leisleri,0.009,0.027,-1,Echolocation,/mnt/ubna_data_02_mir/recover-20221013/UBNA_001/20221012_030000.WAV,Telephone Field,recover-20221013,001,1795
1445.9465,1445.9546,45234,54997,Pipistrellus pipistrellus,0.014,0.021,-1,Echolocation,/mnt/ubna_data_02_mir/recover-20221013/UBNA_001/20221012_030000.WAV,Telephone Field,recover-20221013,001,1795
1446.0015,1446.0102,25468,35136,Nyctalus leisleri,0.007,0.026,-1,Echolocation,/mnt/ubna_data_02_mir/recover-20221013/UBNA_001/20221012_030000.WAV,Telephone Field,recover-20221013,001,1795
1446.0015,1446.0342,68437,80532,Rhinolophus ferrumequinum,0.025,0.026,-1,Echolocation,/mnt/ubna_data_02_mir/recover-20221013/UBNA_001/20221012_030000.WAV,Telephone Field,recover-20221013,001,1795
1446.0025,1446.0139,55546,61868,Pipistrellus pygmaeus,0.034,0.036,-1,Echolocation,/mnt/ubna_data_02_mir/recover-20221013/UBNA_001/20221012_030000.WAV,Telephone Field,recover-20221013,001,1795
1446.0105,1446.0537,68437,83068,Rhinolophus ferrumequinum,0.023,0.023,-1,Echolocation,/mnt/ubna_data_02_mir/recover-20221013/UBNA_001/20221012_030000.WAV,Telephone Field,recover-20221013,001,1795
1446.0265,1446.0467,18593,21658,Nyctalus noctula,0.016,0.027,-1,Echolocation,/mnt/ubna_data_02_mir/recover-20221013/UBNA_001/20221012_030000.WAV,Telephone Field,recover-20221013,001,1795
1446.0605,1446.0684,27187,38728,Eptesicus serotinus,0.007,0.023,-1,Echolocation,/mnt/ubna_data_02_mir/recover-20221013/UBNA_001/20221012_030000.WAV,Telephone Field,recover-20221013,001,1795
1446.0785,1446.0902,46953,49661,Pipistrellus pipistrellus,0.022,0.025,-1,Echolocation,/mnt/ubna_data_02_mir/recover-20221013/UBNA_001/20221012_030000.WAV,Telephone Field,recover-20221013,001,1795
1446.0985,1446.1062,28046,41998,Eptesicus serotinus,0.008,0.025,-1,Echolocation,/mnt/ubna_data_02_mir/recover-20221013/UBNA_001/20221012_030000.WAV,Telephone Field,recover-20221013,001,1795
1446.1365,1446.1776,68437,83137,Rhinolophus ferrumequinum,0.028,0.028,-1,Echolocation,/mnt/ubna_data_02_mir/recover-20221013/UBNA_001/20221012_030000.WAV,Telephone Field,recover-20221013,001,1795
1446.1455,1446.1556,22031,28689,Plecotus austriacus,0.008,0.026,-1,Echolocation,/mnt/ubna_data_02_mir/recover-20221013/UBNA_001/20221012_030000.WAV,Telephone Field,recover-20221013,001,1795
1446.1785,1446.2167,68437,81978,Rhinolophus ferrumequinum,0.03,0.03,-1,Echolocation,/mnt/ubna_data_02_mir/recover-20221013/UBNA_001/20221012_030000.WAV,Telephone Field,recover-20221013,001,1795
1446.1895,1446.1968,28906,38095,Eptesicus serotinus,0.008,0.026,-1,Echolocation,/mnt/ubna_data_02_mir/recover-20221013/UBNA_001/20221012_030000.WAV,Telephone Field,recover-20221013,001,1795
1446.1965,1446.2353,68437,81531,Rhinolophus ferrumequinum,0.023,0.023,-1,Echolocation,/mnt/ubna_data_02_mir/recover-20221013/UBNA_001/20221012_030000.WAV,Telephone Field,recover-20221013,001,1795
1446.2255,1446.2342,28906,37935,Eptesicus serotinus,0.012,0.028,-1,Echolocation,/mnt/ubna_data_02_mir/recover-20221013/UBNA_001/20221012_030000.WAV,Telephone Field,recover-20221013,001,1795
1446.2625,1446.271,51250,57697,Pipistrellus pipistrellus,0.025,0.029,-1,Echolocation,/mnt/ubna_data_02_mir/recover-20221013/UBNA_001/20221012_030000.WAV,Telephone Field,recover-20221013,001,1795
1446.2635,1446.2752,28046,36593,Eptesicus serotinus,0.021,0.034,-1,Echolocation,/mnt/ubna_data_02_mir/recover-20221013/UBNA_001/20221012_030000.WAV,Telephone Field,recover-20221013,001,1795
1446.2685,1446.2787,28046,35019,Eptesicus serotinus,0.018,0.034,-1,Echolocation,/mnt/ubna_data_02_mir/recover-20221013/UBNA_001/20221012_030000.WAV,Telephone Field,recover-20221013,001,1795
1446.2985,1446.3329,68437,80526,Rhinolophus ferrumequinum,0.033,0.033,-1,Echolocation,/mnt/ubna_data_02_mir/recover-20221013/UBNA_001/20221012_030000.WAV,Telephone Field,recover-20221013,001,1795
1446.3095,1446.3183,28046,36476,Eptesicus serotinus,0.009,0.023,-1,Echolocation,/mnt/ubna_data_02_mir/recover-20221013/UBNA_001/20221012_030000.WAV,Telephone Field,recover-20221013,001,1795
1446.3225,1446.3568,68437,81225,Rhinolophus ferrumequinum,0.025,0.025,-1,Echolocation,/mnt/ubna_data_02_mir/recover-20221013/UBNA_001/20221012_030000.WAV,Telephone Field,recover-20221013,001,1795
1446.3505,1446.389,68437,82167,Rhinolophus ferrumequinum,0.024,0.024,-1,Echolocation,/mnt/ubna_data_02_mir/recover-20221013/UBNA_001/20221012_030000.WAV,Telephone Field,recover-20221013,001,1795
1446.3585,1446.3665,28046,47039,Eptesicus serotinus,0.01,0.028,-1,Echolocation,/mnt/ubna_data_02_mir/recover-20221013/UBNA_001/20221012_030000.WAV,Telephone Field,recover-20221013,001,1795
1446.3615,1446.3689,38359,49471,Myotis daubentonii,0.009,0.026,-1,Echolocation,/mnt/ubna_data_02_mir/recover-20221013/UBNA_001/20221012_030000.WAV,Telephone Field,recover-20221013,001,1795
1446.3915,1446.4327,68437,83073,Rhinolophus ferrumequinum,0.028,0.028,-1,Echolocation,/mnt/ubna_data_02_mir/recover-20221013/UBNA_001/20221012_030000.WAV,Telephone Field,recover-20221013,001,1795
1446.4045,1446.4144,28906,38315,Eptesicus serotinus,0.011,0.027,-1,Echolocation,/mnt/ubna_data_02_mir/recover-20221013/UBNA_001/20221012_030000.WAV,Telephone Field,recover-20221013,001,1795
1446.4325,1446.4702,68437,82119,Rhinolophus ferrumequinum,0.023,0.023,-1,Echolocation,/mnt/ubna_data_02_mir/recover-20221013/UBNA_001/20221012_030000.WAV,Telephone Field,recover-20221013,001,1795
1446.4335,1446.4462,42656,47631,Pipistrellus pipistrellus,0.027,0.053,-1,Echolocation,/mnt/ubna_data_02_mir/recover-20221013/UBNA_001/20221012_030000.WAV,Telephone Field,recover-20221013,001,1795
1446.4455,1446.4812,68437,81405,Rhinolophus ferrumequinum,0.025,0.025,-1,Echolocation,/mnt/ubna_data_02_mir/recover-20221013/UBNA_001/20221012_030000.WAV,Telephone Field,recover-20221013,001,1795
1446.4575,1446.4956,68437,82551,Rhinolophus ferrumequinum,0.026,0.026,-1,Echolocation,/mnt/ubna_data_02_mir/recover-20221013/UBNA_001/20221012_030000.WAV,Telephone Field,recover-20221013,001,1795
1446.4715,1446.5113,68437,82420,Rhinolophus ferrumequinum,0.024,0.024,-1,Echolocation,/mnt/ubna_data_02_mir/recover-20221013/UBNA_001/20221012_030000.WAV,Telephone Field,recover-20221013,001,1795
1446.5165,1446.5552,68437,82115,Rhinolophus ferrumequinum,0.024,0.024,-1,Echolocation,/mnt/ubna_data_02_mir/recover-20221013/UBNA_001/20221012_030000.WAV,Telephone Field,recover-20221013,001,1795
1446.5255,1446.5354,51250,55287,Pipistrellus pipistrellus,0.026,0.03,-1,Echolocation,/mnt/ubna_data_02_mir/recover-20221013/UBNA_001/20221012_030000.WAV,Telephone Field,recover-20221013,001,1795
1446.5705,1446.6085,68437,81695,Rhinolophus ferrumequinum,0.027,0.027,-1,Echolocation,/mnt/ubna_data_02_mir/recover-20221013/UBNA_001/20221012_030000.WAV,Telephone Field,recover-20221013,001,1795
1446.5785,1446.6215,68437,82797,Rhinolophus ferrumequinum,0.026,0.026,-1,Echolocation,/mnt/ubna_data_02_mir/recover-20221013/UBNA_001/20221012_030000.WAV,Telephone Field,recover-20221013,001,1795
1446.6115,1446.6228,14296,18922,Nyctalus noctula,0.01,0.027,-1,Echolocation,/mnt/ubna_data_02_mir/recover-20221013/UBNA_001/20221012_030000.WAV,Telephone Field,recover-20221013,001,1795
1446.6175,1446.6574,68437,82748,Rhinolophus ferrumequinum,0.025,0.025,-1,Echolocation,/mnt/ubna_data_02_mir/recover-20221013/UBNA_001/20221012_030000.WAV,Telephone Field,recover-20221013,001,1795
1446.6595,1446.6986,68437,82593,Rhinolophus ferrumequinum,0.026,0.026,-1,Echolocation,/mnt/ubna_data_02_mir/recover-20221013/UBNA_001/20221012_030000.WAV,Telephone Field,recover-20221013,001,1795
1446.6775,1446.6855,47812,53392,Pipistrellus pipistrellus,0.03,0.032,-1,Echolocation,/mnt/ubna_data_02_mir/recover-20221013/UBNA_001/20221012_030000.WAV,Telephone Field,recover-20221013,001,1795
1446.6785,1446.7172,68437,83448,Rhinolophus ferrumequinum,0.032,0.032,-1,Echolocation,/mnt/ubna_data_02_mir/recover-20221013/UBNA_001/20221012_030000.WAV,Telephone Field,recover-20221013,001,1795
1446.7015,1446.7439,68437,83274,Rhinolophus ferrumequinum,0.031,0.031,-1,Echolocation,/mnt/ubna_data_02_mir/recover-20221013/UBNA_001/20221012_030000.WAV,Telephone Field,recover-20221013,001,1795
1446.7275,1446.7383,23750,30426,Nyctalus leisleri,0.013,0.03,-1,Echolocation,/mnt/ubna_data_02_mir/recover-20221013/UBNA_001/20221012_030000.WAV,Telephone Field,recover-20221013,001,1795
1446.8215,1446.8623,68437,82742,Rhinolophus ferrumequinum,0.034,0.035,-1,Echolocation,/mnt/ubna_data_02_mir/recover-20221013/UBNA_001/20221012_030000.WAV,Telephone Field,recover-20221013,001,1795
1446.8435,1446.8491,28046,49283,Myotis daubentonii,0.011,0.033,-1,Echolocation,/mnt/ubna_data_02_mir/recover-20221013/UBNA_001/20221012_030000.WAV,Telephone Field,recover-20221013,001,1795
1446.8925,1446.9287,68437,82071,Rhinolophus ferrumequinum,0.04,0.04,-1,Echolocation,/mnt/ubna_data_02_mir/recover-20221013/UBNA_001/20221012_030000.WAV,Telephone Field,recover-20221013,001,1795
1446.9055,1446.9168,23750,29663,Nyctalus leisleri,0.011,0.026,-1,Echolocation,/mnt/ubna_data_02_mir/recover-20221013/UBNA_001/20221012_030000.WAV,Telephone Field,recover-20221013,001,1795
1446.9355,1446.9715,68437,81587,Rhinolophus ferrumequinum,0.028,0.028,-1,Echolocation,/mnt/ubna_data_02_mir/recover-20221013/UBNA_001/20221012_030000.WAV,Telephone Field,recover-20221013,001,1795
1446.9535,1446.9939,68437,82144,Rhinolophus ferrumequinum,0.023,0.023,-1,Echolocation,/mnt/ubna_data_02_mir/recover-20221013/UBNA_001/20221012_030000.WAV,Telephone Field,recover-20221013,001,1795
1446.9625,1446.9745,22890,28153,Nyctalus leisleri,0.016,0.031,-1,Echolocation,/mnt/ubna_data_02_mir/recover-20221013/UBNA_001/20221012_030000.WAV,Telephone Field,recover-20221013,001,1795
1446.9895,1446.9988,40937,49050,Pipistrellus nathusii,0.008,0.026,-1,Echolocation,/mnt/ubna_data_02_mir/recover-20221013/UBNA_001/20221012_030000.WAV,Telephone Field,recover-20221013,001,1795
1446.9915,1447.0316,68437,82643,Rhinolophus ferrumequinum,0.025,0.025,-1,Echolocation,/mnt/ubna_data_02_mir/recover-20221013/UBNA_001/20221012_030000.WAV,Telephone Field,recover-20221013,001,1795
1447.0145,1447.0537,68437,82288,Rhinolophus ferrumequinum,0.028,0.029,-1,Echolocation,/mnt/ubna_data_02_mir/recover-20221013/UBNA_001/20221012_030000.WAV,Telephone Field,recover-20221013,001,1795
1447.0465,1447.0602,28906,34608,Eptesicus serotinus,0.035,0.061,-1,Echolocation,/mnt/ubna_data_02_mir/recover-20221013/UBNA_001/20221012_030000.WAV,Telephone Field,recover-20221013,001,1795
1447.0535,1447.0917,68437,82436,Rhinolophus ferrumequinum,0.024,0.024,-1,Echolocation,/mnt/ubna_data_02_mir/recover-20221013/UBNA_001/20221012_030000.WAV,Telephone Field,recover-20221013,001,1795
1447.0725,1447.11,68437,80860,Rhinolophus ferrumequinum,0.024,0.024,-1,Echolocation,/mnt/ubna_data_02_mir/recover-20221013/UBNA_001/20221012_030000.WAV,Telephone Field,recover-20221013,001,1795
1447.0815,1447.0879,34062,49198,Myotis daubentonii,0.012,0.025,-1,Echolocation,/mnt/ubna_data_02_mir/recover-20221013/UBNA_001/20221012_030000.WAV,Telephone Field,recover-20221013,001,1795
1447.0865,1447.1224,68437,82513,Rhinolophus ferrumequinum,0.024,0.024,-1,Echolocation,/mnt/ubna_data_02_mir/recover-20221013/UBNA_001/20221012_030000.WAV,Telephone Field,recover-20221013,001,1795
1447.1265,1447.1636,68437,82134,Rhinolophus ferrumequinum,0.026,0.026,-1,Echolocation,/mnt/ubna_data_02_mir/recover-20221013/UBNA_001/20221012_030000.WAV,Telephone Field,recover-20221013,001,1795
1447.1415,1447.1489,28906,38014,Eptesicus serotinus,0.007,0.025,-1,Echolocation,/mnt/ubna_data_02_mir/recover-20221013/UBNA_001/20221012_030000.WAV,Telephone Field,recover-20221013,001,1795
1447.1515,1447.1619,52968,57221,Pipistrellus pygmaeus,0.025,0.028,-1,Echolocation,/mnt/ubna_data_02_mir/recover-20221013/UBNA_001/20221012_030000.WAV,Telephone Field,recover-20221013,001,1795
1447.1555,1447.1721,20312,22980,Nyctalus leisleri,0.019,0.03,-1,Echolocation,/mnt/ubna_data_02_mir/recover-20221013/UBNA_001/20221012_030000.WAV,Telephone Field,recover-20221013,001,1795
1447.1645,1447.2043,68437,81749,Rhinolophus ferrumequinum,0.024,0.024,-1,Echolocation,/mnt/ubna_data_02_mir/recover-20221013/UBNA_001/20221012_030000.WAV,Telephone Field,recover-20221013,001,1795
1447.1695,1447.1789,28046,38333,Eptesicus serotinus,0.011,0.027,-1,Echolocation,/mnt/ubna_data_02_mir/recover-20221013/UBNA_001/20221012_030000.WAV,Telephone Field,recover-20221013,001,1795
1447.1885,1447.2283,68437,82698,Rhinolophus ferrumequinum,0.03,0.03,-1,Echolocation,/mnt/ubna_data_02_mir/recover-20221013/UBNA_001/20221012_030000.WAV,Telephone Field,recover-20221013,001,1795
1447.2155,1447.2545,68437,82113,Rhinolophus ferrumequinum,0.023,0.023,-1,Echolocation,/mnt/ubna_data_02_mir/recover-20221013/UBNA_001/20221012_030000.WAV,Telephone Field,recover-20221013,001,1795
1447.2305,1447.2408,28046,35789,Eptesicus serotinus,0.012,0.026,-1,Echolocation,/mnt/ubna_data_02_mir/recover-20221013/UBNA_001/20221012_030000.WAV,Telephone Field,recover-20221013,001,1795
1447.2425,1447.2562,22031,26221,Nyctalus leisleri,0.022,0.037,-1,Echolocation,/mnt/ubna_data_02_mir/recover-20221013/UBNA_001/20221012_030000.WAV,Telephone Field,recover-20221013,001,1795
1447.2475,1447.2861,68437,82746,Rhinolophus ferrumequinum,0.027,0.027,-1,Echolocation,/mnt/ubna_data_02_mir/recover-20221013/UBNA_001/20221012_030000.WAV,Telephone Field,recover-20221013,001,1795
1447.2755,1447.3092,68437,80876,Rhinolophus ferrumequinum,0.025,0.025,-1,Echolocation,/mnt/ubna_data_02_mir/recover-20221013/UBNA_001/20221012_030000.WAV,Telephone Field,recover-20221013,001,1795
1447.2825,1447.3177,68437,81229,Rhinolophus ferrumequinum,0.026,0.026,-1,Echolocation,/mnt/ubna_data_02_mir/recover-20221013/UBNA_001/20221012_030000.WAV,Telephone Field,recover-20221013,001,1795
1447.2935,1447.3022,28046,38839,Eptesicus serotinus,0.01,0.024,-1,Echolocation,/mnt/ubna_data_02_mir/recover-20221013/UBNA_001/20221012_030000.WAV,Telephone Field,recover-20221013,001,1795
1447.3075,1447.3445,68437,81522,Rhinolophus ferrumequinum,0.024,0.024,-1,Echolocation,/mnt/ubna_data_02_mir/recover-20221013/UBNA_001/20221012_030000.WAV,Telephone Field,recover-20221013,001,1795
1447.3235,1447.3592,68437,81482,Rhinolophus ferrumequinum,0.023,0.023,-1,Echolocation,/mnt/ubna_data_02_mir/recover-20221013/UBNA_001/20221012_030000.WAV,Telephone Field,recover-20221013,001,1795
1447.3355,1447.3469,51250,58122,Pipistrellus pipistrellus,0.021,0.029,-1,Echolocation,/mnt/ubna_data_02_mir/recover-20221013/UBNA_001/20221012_030000.WAV,Telephone Field,recover-20221013,001,1795
1447.3555,1447.3929,68437,82390,Rhinolophus ferrumequinum,0.027,0.027,-1,Echolocation,/mnt/ubna_data_02_mir/recover-20221013/UBNA_001/20221012_030000.WAV,Telephone Field,recover-20221013,001,1795
1447.3965,1447.4062,26328,34398,Eptesicus serotinus,0.013,0.031,-1,Echolocation,/mnt/ubna_data_02_mir/recover-20221013/UBNA_001/20221012_030000.WAV,Telephone Field,recover-20221013,001,1795
1447.4185,1447.4604,68437,82779,Rhinolophus ferrumequinum,0.029,0.029,-1,Echolocation,/mnt/ubna_data_02_mir/recover-20221013/UBNA_001/20221012_030000.WAV,Telephone Field,recover-20221013,001,1795
1447.4235,1447.4293,25468,41532,Plecotus austriacus,0.014,0.046,-1,Echolocation,/mnt/ubna_data_02_mir/recover-20221013/UBNA_001/20221012_030000.WAV,Telephone Field,recover-20221013,001,1795
1447.4265,1447.4345,50390,57258,Pipistrellus pipistrellus,0.028,0.031,-1,Echolocation,/mnt/ubna_data_02_mir/recover-20221013/UBNA_001/20221012_030000.WAV,Telephone Field,recover-20221013,001,1795
1447.4435,1447.4769,68437,81458,Rhinolophus ferrumequinum,0.025,0.025,-1,Echolocation,/mnt/ubna_data_02_mir/recover-20221013/UBNA_001/20221012_030000.WAV,Telephone Field,recover-20221013,001,1795
1447.4545,1447.4935,68437,82466,Rhinolophus ferrumequinum,0.026,0.026,-1,Echolocation,/mnt/ubna_data_02_mir/recover-20221013/UBNA_001/20221012_030000.WAV,Telephone Field,recover-20221013,001,1795
1447.5025,1447.5414,68437,81915,Rhinolophus ferrumequinum,0.025,0.025,-1,Echolocation,/mnt/ubna_data_02_mir/recover-20221013/UBNA_001/20221012_030000.WAV,Telephone Field,recover-20221013,001,1795
1447.5145,1447.5571,68437,83083,Rhinolophus ferrumequinum,0.03,0.03,-1,Echolocation,/mnt/ubna_data_02_mir/recover-20221013/UBNA_001/20221012_030000.WAV,Telephone Field,recover-20221013,001,1795
1447.5435,1447.5884,68437,83700,Rhinolophus ferrumequinum,0.06,0.06,-1,Echolocation,/mnt/ubna_data_02_mir/recover-20221013/UBNA_001/20221012_030000.WAV,Telephone Field,recover-20221013,001,1795
1447.5475,1447.5556,31484,44040,Eptesicus serotinus,0.013,0.042,-1,Echolocation,/mnt/ubna_data_02_mir/recover-20221013/UBNA_001/20221012_030000.WAV,Telephone Field,recover-20221013,001,1795
1447.5705,1447.61,68437,82097,Rhinolophus ferrumequinum,0.023,0.023,-1,Echolocation,/mnt/ubna_data_02_mir/recover-20221013/UBNA_001/20221012_030000.WAV,Telephone Field,recover-20221013,001,1795
1447.5725,1447.5824,22890,29863,Nyctalus leisleri,0.008,0.024,-1,Echolocation,/mnt/ubna_data_02_mir/recover-20221013/UBNA_001/20221012_030000.WAV,Telephone Field,recover-20221013,001,1795
1447.6275,1447.6651,68437,81036,Rhinolophus ferrumequinum,0.023,0.023,-1,Echolocation,/mnt/ubna_data_02_mir/recover-20221013/UBNA_001/20221012_030000.WAV,Telephone Field,recover-20221013,001,1795
1447.6575,1447.6647,44375,49058,Pipistrellus pipistrellus,0.025,0.028,-1,Echolocation,/mnt/ubna_data_02_mir/recover-20221013/UBNA_001/20221012_030000.WAV,Telephone Field,recover-20221013,001,1795
1447.6585,1447.6993,68437,82479,Rhinolophus ferrumequinum,0.032,0.032,-1,Echolocation,/mnt/ubna_data_02_mir/recover-20221013/UBNA_001/20221012_030000.WAV,Telephone Field,recover-20221013,001,1795
1447.6785,1447.6885,28046,37348,Eptesicus serotinus,0.013,0.027,-1,Echolocation,/mnt/ubna_data_02_mir/recover-20221013/UBNA_001/20221012_030000.WAV,Telephone Field,recover-20221013,001,1795
1447.6825,1447.6912,50390,57147,Pipistrellus pipistrellus,0.028,0.031,-1,Echolocation,/mnt/ubna_data_02_mir/recover-20221013/UBNA_001/20221012_030000.WAV,Telephone Field,recover-20221013,001,1795
1447.6845,1447.6949,28046,35121,Eptesicus serotinus,0.013,0.026,-1,Echolocation,/mnt/ubna_data_02_mir/recover-20221013/UBNA_001/20221012_030000.WAV,Telephone Field,recover-20221013,001,1795
1447.7145,1447.7237,27187,36781,Eptesicus serotinus,0.008,0.023,-1,Echolocation,/mnt/ubna_data_02_mir/recover-20221013/UBNA_001/20221012_030000.WAV,Telephone Field,recover-20221013,001,1795
1447.8055,1447.8413,68437,81800,Rhinolophus ferrumequinum,0.024,0.024,-1,Echolocation,/mnt/ubna_data_02_mir/recover-20221013/UBNA_001/20221012_030000.WAV,Telephone Field,recover-20221013,001,1795
1447.8055,1447.8153,61562,67095,Pipistrellus pygmaeus,0.027,0.028,-1,Echolocation,/mnt/ubna_data_02_mir/recover-20221013/UBNA_001/20221012_030000.WAV,Telephone Field,recover-20221013,001,1795
1447.8275,1447.8418,27187,32810,Eptesicus serotinus,0.019,0.036,-1,Echolocation,/mnt/ubna_data_02_mir/recover-20221013/UBNA_001/20221012_030000.WAV,Telephone Field,recover-20221013,001,1795
1447.8585,1447.8674,46093,53049,Pipistrellus pipistrellus,0.035,0.037,-1,Echolocation,/mnt/ubna_data_02_mir/recover-20221013/UBNA_001/20221012_030000.WAV,Telephone Field,recover-20221013,001,1795
1447.8595,1447.9005,68437,82667,Rhinolophus ferrumequinum,0.026,0.026,-1,Echolocation,/mnt/ubna_data_02_mir/recover-20221013/UBNA_001/20221012_030000.WAV,Telephone Field,recover-20221013,001,1795
1447.8715,1447.889,18593,22756,Nyctalus noctula,0.02,0.035,-1,Echolocation,/mnt/ubna_data_02_mir/recover-20221013/UBNA_001/20221012_030000.WAV,Telephone Field,recover-20221013,001,1795
1447.9175,1447.9589,68437,82793,Rhinolophus ferrumequinum,0.028,0.028,-1,Echolocation,/mnt/ubna_data_02_mir/recover-20221013/UBNA_001/20221012_030000.WAV,Telephone Field,recover-20221013,001,1795
1447.9225,1447.9323,28906,37917,Eptesicus serotinus,0.017,0.035,-1,Echolocation,/mnt/ubna_data_02_mir/recover-20221013/UBNA_001/20221012_030000.WAV,Telephone Field,recover-20221013,001,1795
1447.9415,1447.9826,68437,83048,Rhinolophus ferrumequinum,0.038,0.038,-1,Echolocation,/mnt/ubna_data_02_mir/recover-20221013/UBNA_001/20221012_030000.WAV,Telephone Field,recover-20221013,001,1795
1447.9475,1447.9555,49531,54027,Pipistrellus pipistrellus,0.021,0.023,-1,Echolocation,/mnt/ubna_data_02_mir/recover-20221013/UBNA_001/20221012_030000.WAV,Telephone Field,recover-20221013,001,1795
1447.9805,1447.9905,22031,27762,Nyctalus leisleri,0.01,0.026,-1,Echolocation,/mnt/ubna_data_02_mir/recover-20221013/UBNA_001/20221012_030000.WAV,Telephone Field,recover-20221013,001,1795
1448.0015,1448.0363,68437,80645,Rhinolophus ferrumequinum,0.022,0.022,-1,Echolocation,/mnt/ubna_data_02_mir/recover-20221013/UBNA_001/20221012_030000.WAV,Telephone Field,recover-20221013,001,1795
1448.0015,1448.0109,25468,32624,Nyctalus leisleri,0.017,0.043,-1,Echolocation,/mnt/ubna_data_02_mir/recover-20221013/UBNA_001/20221012_030000.WAV,Telephone Field,recover-20221013,001,1795
1448.0095,1448.0541,68437,81949,Rhinolophus ferrumequinum,0.025,0.025,-1,Echolocation,/mnt/ubna_data_02_mir/recover-20221013/UBNA_001/20221012_030000.WAV,Telephone Field,recover-20221013,001,1795
1448.0725,1448.079,28046,46325,Eptesicus serotinus,0.009,0.031,-1,Echolocation,/mnt/ubna_data_02_mir/recover-20221013/UBNA_001/20221012_030000.WAV,Telephone Field,recover-20221013,001,1795
1448.0835,1448.1209,68437,82126,Rhinolophus ferrumequinum,0.022,0.022,-1,Echolocation,/mnt/ubna_data_02_mir/recover-20221013/UBNA_001/20221012_030000.WAV,Telephone Field,recover-20221013,001,1795
1448.0915,1448.1313,68437,82188,Rhinolophus ferrumequinum,0.025,0.025,-1,Echolocation,/mnt/ubna_data_02_mir/recover-20221013/UBNA_001/20221012_030000.WAV,Telephone Field,recover-20221013,001,1795
1448.1015,1448.1385,68437,81712,Rhinolophus ferrumequinum,0.023,0.023,-1,Echolocation,/mnt/ubna_data_02_mir/recover-20221013/UBNA_001/20221012_030000.WAV,Telephone Field,recover-20221013,001,1795
1448.1075,1448.1405,68437,79907,Rhinolophus ferrumequinum,0.023,0.023,-1,Echolocation,/mnt/ubna_data_02_mir/recover-20221013/UBNA_001/20221012_030000.WAV,Telephone Field,recover-20221013,001,1795
1448.1155,1448.1486,68437,80642,Rhinolophus ferrumequinum,0.022,0.022,-1,Echolocation,/mnt/ubna_data_02_mir/recover-20221013/UBNA_001/20221012_030000.WAV,Telephone Field,recover-20221013,001,1795
1448.1225,1448.1362,22031,27290,Nyctalus leisleri,0.017,0.038,-1,Echolocation,/mnt/ubna_data_02_mir/recover-20221013/UBNA_001/20221012_030000.WAV,Telephone Field,recover-20221013,001,1795
1448.1515,1448.1592,28046,47052,Eptesicus serotinus,0.008,0.026,-1,Echolocation,/mnt/ubna_data_02_mir/recover-20221013/UBNA_001/20221012_030000.WAV,Telephone Field,recover-20221013,001,1795
1448.1515,1448.1563,35781,48826,Myotis daubentonii,0.008,0.023,-1,Echolocation,/mnt/ubna_data_02_mir/recover-20221013/UBNA_001/20221012_030000.WAV,Telephone Field,recover-20221013,001,1795
1448.1535,1448.1951,68437,82479,Rhinolophus ferrumequinum,0.023,0.023,-1,Echolocation,/mnt/ubna_data_02_mir/recover-20221013/UBNA_001/20221012_030000.WAV,Telephone Field,recover-20221013,001,1795
1448.1655,1448.2028,68437,82758,Rhinolophus ferrumequinum,0.024,0.024,-1,Echolocation,/mnt/ubna_data_02_mir/recover-20221013/UBNA_001/20221012_030000.WAV,Telephone Field,recover-20221013,001,1795
1448.2095,1448.2518,68437,82179,Rhinolophus ferrumequinum,0.022,0.022,-1,Echolocation,/mnt/ubna_data_02_mir/recover-20221013/UBNA_001/20221012_030000.WAV,Telephone Field,recover-20221013,001,1795
1448.2155,1448.2567,68437,82167,Rhinolophus ferrumequinum,0.022,0.022,-1,Echolocation,/mnt/ubna_data_02_mir/recover-20221013/UBNA_001/20221012_030000.WAV,Telephone Field,recover-20221013,001,1795
1448.2555,1448.2942,68437,82734,Rhinolophus ferrumequinum,0.025,0.025,-1,Echolocation,/mnt/ubna_data_02_mir/recover-20221013/UBNA_001/20221012_030000.WAV,Telephone Field,recover-20221013,001,1795
1448.2685,1448.2787,28906,36680,Eptesicus serotinus,0.009,0.023,-1,Echolocation,/mnt/ubna_data_02_mir/recover-20221013/UBNA_001/20221012_030000.WAV,Telephone Field,recover-20221013,001,1795
1448.2735,1448.3148,68437,82129,Rhinolophus ferrumequinum,0.022,0.022,-1,Echolocation,/mnt/ubna_data_02_mir/recover-20221013/UBNA_001/20221012_030000.WAV,Telephone Field,recover-20221013,001,1795
1448.3025,1448.3103,45234,56952,Pipistrellus pipistrellus,0.014,0.024,-1,Echolocation,/mnt/ubna_data_02_mir/recover-20221013/UBNA_001/20221012_030000.WAV,Telephone Field,recover-20221013,001,1795
1448.3215,1448.3313,22890,28763,Nyctalus leisleri,0.009,0.023,-1,Echolocation,/mnt/ubna_data_02_mir/recover-20221013/UBNA_001/20221012_030000.WAV,Telephone Field,recover-20221013,001,1795
1448.3295,1448.3382,44375,55061,Pipistrellus pipistrellus,0.015,0.025,-1,Echolocation,/mnt/ubna_data_02_mir/recover-20221013/UBNA_001/20221012_030000.WAV,Telephone Field,recover-20221013,001,1795
1448.3505,1448.3623,26328,33186,Eptesicus serotinus,0.019,0.036,-1,Echolocation,/mnt/ubna_data_02_mir/recover-20221013/UBNA_001/20221012_030000.WAV,Telephone Field,recover-20221013,001,1795
1448.3555,1448.3953,68437,81787,Rhinolophus ferrumequinum,0.026,0.026,-1,Echolocation,/mnt/ubna_data_02_mir/recover-20221013/UBNA_001/20221012_030000.WAV,Telephone Field,recover-20221013,001,1795
1448.3635,1448.4015,68437,82416,Rhinolophus ferrumequinum,0.03,0.03,-1,Echolocation,/mnt/ubna_data_02_mir/recover-20221013/UBNA_001/20221012_030000.WAV,Telephone Field,recover-20221013,001,1795
1448.3835,1448.4246,68437,82398,Rhinolophus ferrumequinum,0.022,0.022,-1,Echolocation,/mnt/ubna_data_02_mir/recover-20221013/UBNA_001/20221012_030000.WAV,Telephone Field,recover-20221013,001,1795
1448.3905,1448.3993,51250,56161,Pipistrellus pipistrellus,0.02,0.024,-1,Echolocation,/mnt/ubna_data_02_mir/recover-20221013/UBNA_001/20221012_030000.WAV,Telephone Field,recover-20221013,001,1795
1448.3955,1448.4352,68437,82153,Rhinolophus ferrumequinum,0.023,0.023,-1,Echolocation,/mnt/ubna_data_02_mir/recover-20221013/UBNA_001/20221012_030000.WAV,Telephone Field,recover-20221013,001,1795
1448.4335,1448.4716,68437,82004,Rhinolophus ferrumequinum,0.023,0.023,-1,Echolocation,/mnt/ubna_data_02_mir/recover-20221013/UBNA_001/20221012_030000.WAV,Telephone Field,recover-20221013,001,1795
1448.4445,1448.4851,68437,81654,Rhinolophus ferrumequinum,0.024,0.024,-1,Echolocation,/mnt/ubna_data_02_mir/recover-20221013/UBNA_001/20221012_030000.WAV,Telephone Field,recover-20221013,001,1795
1448.4515,1448.4917,68437,81905,Rhinolophus ferrumequinum,0.023,0.023,-1,Echolocation,/mnt/ubna_data_02_mir/recover-20221013/UBNA_001/20221012_030000.WAV,Telephone Field,recover-20221013,001,1795
1448.4725,1448.4796,26328,39279,Eptesicus serotinus,0.007,0.022,-1,Echolocation,/mnt/ubna_data_02_mir/recover-20221013/UBNA_001/20221012_030000.WAV,Telephone Field,recover-20221013,001,1795
1448.4955,1448.5323,68437,81870,Rhinolophus ferrumequinum,0.022,0.022,-1,Echolocation,/mnt/ubna_data_02_mir/recover-20221013/UBNA_001/20221012_030000.WAV,Telephone Field,recover-20221013,001,1795
1448.5265,1448.5651,68437,82426,Rhinolophus ferrumequinum,0.022,0.022,-1,Echolocation,/mnt/ubna_data_02_mir/recover-20221013/UBNA_001/20221012_030000.WAV,Telephone Field,recover-20221013,001,1795
1448.5455,1448.5584,23750,28106,Nyctalus leisleri,0.028,0.051,-1,Echolocation,/mnt/ubna_data_02_mir/recover-20221013/UBNA_001/20221012_030000.WAV,Telephone Field,recover-20221013,001,1795
1448.5535,1448.5912,68437,81522,Rhinolophus ferrumequinum,0.022,0.022,-1,Echolocation,/mnt/ubna_data_02_mir/recover-20221013/UBNA_001/20221012_030000.WAV,Telephone Field,recover-20221013,001,1795
1448.5835,1448.623,68437,82033,Rhinolophus ferrumequinum,0.026,0.026,-1,Echolocation,/mnt/ubna_data_02_mir/recover-20221013/UBNA_001/20221012_030000.WAV,Telephone Field,recover-20221013,001,1795
1448.6215,1448.6303,45234,49678,Pipistrellus pipistrellus,0.044,0.046,-1,Echolocation,/mnt/ubna_data_02_mir/recover-20221013/UBNA_001/20221012_030000.WAV,Telephone Field,recover-20221013,001,1795
1448.6715,1448.7152,68437,83021,Rhinolophus ferrumequinum,0.038,0.038,-1,Echolocation,/mnt/ubna_data_02_mir/recover-20221013/UBNA_001/20221012_030000.WAV,Telephone Field,recover-20221013,001,1795
1448.6745,1448.6841,22890,29026,Nyctalus leisleri,0.008,0.022,-1,Echolocation,/mnt/ubna_data_02_mir/recover-20221013/UBNA_001/20221012_030000.WAV,Telephone Field,recover-20221013,001,1795
1448.6815,1448.6897,49531,56326,Pipistrellus pipistrellus,0.022,0.024,-1,Echolocation,/mnt/ubna_data_02_mir/recover-20221013/UBNA_001/20221012_030000.WAV,Telephone Field,recover-20221013,001,1795
1448.6875,1448.729,68437,83130,Rhinolophus ferrumequinum,0.025,0.025,-1,Echolocation,/mnt/ubna_data_02_mir/recover-20221013/UBNA_001/20221012_030000.WAV,Telephone Field,recover-20221013,001,1795
1448.6955,1448.7363,68437,83180,Rhinolophus ferrumequinum,0.026,0.026,-1,Echolocation,/mnt/ubna_data_02_mir/recover-20221013/UBNA_001/20221012_030000.WAV,Telephone Field,recover-20221013,001,1795
1448.7035,1448.7119,48671,52716,Pipistrellus pipistrellus,0.027,0.028,-1,Echolocation,/mnt/ubna_data_02_mir/recover-20221013/UBNA_001/20221012_030000.WAV,Telephone Field,recover-20221013,001,1795
1448.7055,1448.7125,28046,42473,Eptesicus serotinus,0.006,0.022,-1,Echolocation,/mnt/ubna_data_02_mir/recover-20221013/UBNA_001/20221012_030000.WAV,Telephone Field,recover-20221013,001,1795
1448.7325,1448.7434,22890,27801,Nyctalus leisleri,0.014,0.027,-1,Echolocation,/mnt/ubna_data_02_mir/recover-20221013/UBNA_001/20221012_030000.WAV,Telephone Field,recover-20221013,001,1795
1448.8185,1448.8553,68437,81793,Rhinolophus ferrumequinum,0.027,0.027,-1,Echolocation,/mnt/ubna_data_02_mir/recover-20221013/UBNA_001/20221012_030000.WAV,Telephone Field,recover-20221013,001,1795
1448.8215,1448.8291,28906,41086,Eptesicus serotinus,0.007,0.023,-1,Echolocation,/mnt/ubna_data_02_mir/recover-20221013/UBNA_001/20221012_030000.WAV,Telephone Field,recover-20221013,001,1795
1448.8335,1448.8727,68437,82672,Rhinolophus ferrumequinum,0.026,0.026,-1,Echolocation,/mnt/ubna_data_02_mir/recover-20221013/UBNA_001/20221012_030000.WAV,Telephone Field,recover-20221013,001,1795
1448.8545,1448.898,68437,83244,Rhinolophus ferrumequinum,0.047,0.047,-1,Echolocation,/mnt/ubna_data_02_mir/recover-20221013/UBNA_001/20221012_030000.WAV,Telephone Field,recover-20221013,001,1795
1448.9105,1448.9537,68437,82132,Rhinolophus ferrumequinum,0.028,0.028,-1,Echolocation,/mnt/ubna_data_02_mir/recover-20221013/UBNA_001/20221012_030000.WAV,Telephone Field,recover-20221013,001,1795
1448.9105,1448.9188,46953,53506,Pipistrellus pipistrellus,0.028,0.031,-1,Echolocation,/mnt/ubna_data_02_mir/recover-20221013/UBNA_001/20221012_030000.WAV,Telephone Field,recover-20221013,001,1795
1448.9395,1448.9809,68437,82313,Rhinolophus ferrumequinum,0.028,0.028,-1,Echolocation,/mnt/ubna_data_02_mir/recover-20221013/UBNA_001/20221012_030000.WAV,Telephone Field,recover-20221013,001,1795
1448.9575,1448.9671,28906,36209,Eptesicus serotinus,0.039,0.068,-1,Echolocation,/mnt/ubna_data_02_mir/recover-20221013/UBNA_001/20221012_030000.WAV,Telephone Field,recover-20221013,001,1795
1448.9585,1449.0003,68437,82563,Rhinolophus ferrumequinum,0.059,0.059,-1,Echolocation,/mnt/ubna_data_02_mir/recover-20221013/UBNA_001/20221012_030000.WAV,Telephone Field,recover-20221013,001,1795
1448.9915,1449.032,68437,82947,Rhinolophus ferrumequinum,0.04,0.04,-1,Echolocation,/mnt/ubna_data_02_mir/recover-20221013/UBNA_001/20221012_030000.WAV,Telephone Field,recover-20221013,001,1795
1448.9955,1449.0048,28906,37408,Eptesicus serotinus,0.009,0.023,-1,Echolocation,/mnt/ubna_data_02_mir/recover-20221013/UBNA_001/20221012_030000.WAV,Telephone Field,recover-20221013,001,1795
1449.0215,1449.0641,68437,82822,Rhinolophus ferrumequinum,0.025,0.025,-1,Echolocation,/mnt/ubna_data_02_mir/recover-20221013/UBNA_001/20221012_030000.WAV,Telephone Field,recover-20221013,001,1795
1449.0285,1449.0721,68437,83180,Rhinolophus ferrumequinum,0.024,0.024,-1,Echolocation,/mnt/ubna_data_02_mir/recover-20221013/UBNA_001/20221012_030000.WAV,Telephone Field,recover-20221013,001,1795
1449.0285,1449.0368,28906,39587,Eptesicus serotinus,0.009,0.025,-1,Echolocation,/mnt/ubna_data_02_mir/recover-20221013/UBNA_001/20221012_030000.WAV,Telephone Field,recover-20221013,001,1795
1449.0615,1449.0703,28046,39417,Eptesicus serotinus,0.009,0.023,-1,Echolocation,/mnt/ubna_data_02_mir/recover-20221013/UBNA_001/20221012_030000.WAV,Telephone Field,recover-20221013,001,1795
1449.0735,1449.0836,47812,51167,Pipistrellus pipistrellus,0.027,0.029,-1,Echolocation,/mnt/ubna_data_02_mir/recover-20221013/UBNA_001/20221012_030000.WAV,Telephone Field,recover-20221013,001,1795
1449.0755,1449.1183,68437,82751,Rhinolophus ferrumequinum,0.026,0.027,-1,Echolocation,/mnt/ubna_data_02_mir/recover-20221013/UBNA_001/20221012_030000.WAV,Telephone Field,recover-20221013,001,1795
1449.0845,1449.1269,68437,83305,Rhinolophus ferrumequinum,0.031,0.031,-1,Echolocation,/mnt/ubna_data_02_mir/recover-20221013/UBNA_001/20221012_030000.WAV,Telephone Field,recover-20221013,001,1795
1449.1315,1449.1408,45234,48723,Pipistrellus pipistrellus,0.033,0.034,-1,Echolocation,/mnt/ubna_data_02_mir/recover-20221013/UBNA_001/20221012_030000.WAV,Telephone Field,recover-20221013,001,1795
1449.1465,1449.1593,56406,61610,Pipistrellus pygmaeus,0.021,0.022,-1,Echolocation,/mnt/ubna_data_02_mir/recover-20221013/UBNA_001/20221012_030000.WAV,Telephone Field,recover-20221013,001,1795
1449.1725,1449.2147,68437,82983,Rhinolophus ferrumequinum,0.03,0.03,-1,Echolocation,/mnt/ubna_data_02_mir/recover-20221013/UBNA_001/20221012_030000.WAV,Telephone Field,recover-20221013,001,1795
1449.1745,1449.1826,44375,54251,Pipistrellus pipistrellus,0.018,0.026,-1,Echolocation,/mnt/ubna_data_02_mir/recover-20221013/UBNA_001/20221012_030000.WAV,Telephone Field,recover-20221013,001,1795
1449.2295,1449.2678,68437,82295,Rhinolophus ferrumequinum,0.025,0.025,-1,Echolocation,/mnt/ubna_data_02_mir/recover-20221013/UBNA_001/20221012_030000.WAV,Telephone Field,recover-20221013,001,1795
1449.2605,1449.3002,68437,81701,Rhinolophus ferrumequinum,0.022,0.022,-1,Echolocation,/mnt/ubna_data_02_mir/recover-20221013/UBNA_001/20221012_030000.WAV,Telephone Field,recover-20221013,001,1795
1449.2625,1449.2735,49531,53862,Pipistrellus pipistrellus,0.051,0.055,-1,Echolocation,/mnt/ubna_data_02_mir/recover-20221013/UBNA_001/20221012_030000.WAV,Telephone Field,recover-20221013,001,1795
1449.2725,1449.3108,68437,82792,Rhinolophus ferrumequinum,0.024,0.024,-1,Echolocation,/mnt/ubna_data_02_mir/recover-20221013/UBNA_001/20221012_030000.WAV,Telephone Field,recover-20221013,001,1795
1449.2955,1449.3335,68437,82324,Rhinolophus ferrumequinum,0.026,0.026,-1,Echolocation,/mnt/ubna_data_02_mir/recover-20221013/UBNA_001/20221012_030000.WAV,Telephone Field,recover-20221013,001,1795
1449.3495,1449.3854,68437,81652,Rhinolophus ferrumequinum,0.022,0.022,-1,Echolocation,/mnt/ubna_data_02_mir/recover-20221013/UBNA_001/20221012_030000.WAV,Telephone Field,recover-20221013,001,1795
1449.3545,1449.3915,68437,82346,Rhinolophus ferrumequinum,0.022,0.022,-1,Echolocation,/mnt/ubna_data_02_mir/recover-20221013/UBNA_001/20221012_030000.WAV,Telephone Field,recover-20221013,001,1795
1449.3765,1449.4195,68437,82867,Rhinolophus ferrumequinum,0.029,0.029,-1,Echolocation,/mnt/ubna_data_02_mir/recover-20221013/UBNA_001/20221012_030000.WAV,Telephone Field,recover-20221013,001,1795
1449.3795,1449.3879,28906,40959,Eptesicus serotinus,0.007,0.022,-1,Echolocation,/mnt/ubna_data_02_mir/recover-20221013/UBNA_001/20221012_030000.WAV,Telephone Field,recover-20221013,001,1795
1449.3905,1449.4295,68437,82387,Rhinolophus ferrumequinum,0.022,0.022,-1,Echolocation,/mnt/ubna_data_02_mir/recover-20221013/UBNA_001/20221012_030000.WAV,Telephone Field,recover-20221013,001,1795
1449.4235,1449.465,68437,82792,Rhinolophus ferrumequinum,0.028,0.028,-1,Echolocation,/mnt/ubna_data_02_mir/recover-20221013/UBNA_001/20221012_030000.WAV,Telephone Field,recover-20221013,001,1795
1449.4545,1449.4968,68437,82896,Rhinolophus ferrumequinum,0.03,0.03,-1,Echolocation,/mnt/ubna_data_02_mir/recover-20221013/UBNA_001/20221012_030000.WAV,Telephone Field,recover-20221013,001,1795
1449.4625,1449.4711,28046,38081,Eptesicus serotinus,0.008,0.023,-1,Echolocation,/mnt/ubna_data_02_mir/recover-20221013/UBNA_001/20221012_030000.WAV,Telephone Field,recover-20221013,001,1795
1449.4875,1449.5016,28046,33547,Eptesicus serotinus,0.016,0.031,-1,Echolocation,/mnt/ubna_data_02_mir/recover-20221013/UBNA_001/20221012_030000.WAV,Telephone Field,recover-20221013,001,1795
1449.5185,1449.5608,68437,82645,Rhinolophus ferrumequinum,0.026,0.026,-1,Echolocation,/mnt/ubna_data_02_mir/recover-20221013/UBNA_001/20221012_030000.WAV,Telephone Field,recover-20221013,001,1795
1449.5305,1449.5704,68437,81578,Rhinolophus ferrumequinum,0.025,0.025,-1,Echolocation,/mnt/ubna_data_02_mir/recover-20221013/UBNA_001/20221012_030000.WAV,Telephone Field,recover-20221013,001,1795
1449.5405,1449.5796,68437,82170,Rhinolophus ferrumequinum,0.024,0.024,-1,Echolocation,/mnt/ubna_data_02_mir/recover-20221013/UBNA_001/20221012_030000.WAV,Telephone Field,recover-20221013,001,1795
1449.5505,1449.5928,68437,82801,Rhinolophus ferrumequinum,0.023,0.023,-1,Echolocation,/mnt/ubna_data_02_mir/recover-20221013/UBNA_001/20221012_030000.WAV,Telephone Field,recover-20221013,001,1795
1449.5565,1449.5647,26328,38434,Eptesicus serotinus,0.008,0.026,-1,Echolocation,/mnt/ubna_data_02_mir/recover-20221013/UBNA_001/20221012_030000.WAV,Telephone Field,recover-20221013,001,1795
1449.5755,1449.6205,68437,83111,Rhinolophus ferrumequinum,0.039,0.039,-1,Echolocation,/mnt/ubna_data_02_mir/recover-20221013/UBNA_001/20221012_030000.WAV,Telephone Field,recover-20221013,001,1795
1449.6105,1449.6534,68437,83095,Rhinolophus ferrumequinum,0.03,0.03,-1,Echolocation,/mnt/ubna_data_02_mir/recover-20221013/UBNA_001/20221012_030000.WAV,Telephone Field,recover-20221013,001,1795
1449.6235,1449.6624,68437,82234,Rhinolophus ferrumequinum,0.029,0.029,-1,Echolocation,/mnt/ubna_data_02_mir/recover-20221013/UBNA_001/20221012_030000.WAV,Telephone Field,recover-20221013,001,1795
1449.7055,1449.7178,30625,36557,Eptesicus serotinus,0.01,0.024,-1,Echolocation,/mnt/ubna_data_02_mir/recover-20221013/UBNA_001/20221012_030000.WAV,Telephone Field,recover-20221013,001,1795
1449.7545,1449.7956,68437,82554,Rhinolophus ferrumequinum,0.036,0.036,-1,Echolocation,/mnt/ubna_data_02_mir/recover-20221013/UBNA_001/20221012_030000.WAV,Telephone Field,recover-20221013,001,1795
1449.7835,1449.8019,19453,23009,Nyctalus noctula,0.013,0.028,-1,Echolocation,/mnt/ubna_data_02_mir/recover-20221013/UBNA_001/20221012_030000.WAV,Telephone Field,recover-20221013,001,1795
1449.7875,1449.8264,68437,81659,Rhinolophus ferrumequinum,0.025,0.025,-1,Echolocation,/mnt/ubna_data_02_mir/recover-20221013/UBNA_001/20221012_030000.WAV,Telephone Field,recover-20221013,001,1795
1449.7945,1449.8052,23750,29536,Nyctalus leisleri,0.01,0.024,-1,Echolocation,/mnt/ubna_data_02_mir/recover-20221013/UBNA_001/20221012_030000.WAV,Telephone Field,recover-20221013,001,1795
1449.8215,1449.8283,23750,34012,Plecotus austriacus,0.015,0.032,-1,Echolocation,/mnt/ubna_data_02_mir/recover-20221013/UBNA_001/20221012_030000.WAV,Telephone Field,recover-20221013,001,1795
1449.8755,1449.9182,68437,83102,Rhinolophus ferrumequinum,0.025,0.025,-1,Echolocation,/mnt/ubna_data_02_mir/recover-20221013/UBNA_001/20221012_030000.WAV,Telephone Field,recover-20221013,001,1795
1449.9285,1449.9371,46093,55877,Pipistrellus pipistrellus,0.022,0.033,-1,Echolocation,/mnt/ubna_data_02_mir/recover-20221013/UBNA_001/20221012_030000.WAV,Telephone Field,recover-20221013,001,1795
1449.9455,1449.9817,68437,81562,Rhinolophus ferrumequinum,0.022,0.022,-1,Echolocation,/mnt/ubna_data_02_mir/recover-20221013/UBNA_001/20221012_030000.WAV,Telephone Field,recover-20221013,001,1795
1449.9545,1449.9936,68437,81878,Rhinolophus ferrumequinum,0.022,0.022,-1,Echolocation,/mnt/ubna_data_02_mir/recover-20221013/UBNA_001/20221012_030000.WAV,Telephone Field,recover-20221013,001,1795
1449.9595,1449.971,23750,29291,Nyctalus leisleri,0.013,0.027,-1,Echolocation,/mnt/ubna_data_02_mir/recover-20221013/UBNA_001/20221012_030000.WAV,Telephone Field,recover-20221013,001,1795
1450.0015,1450.0118,23750,30255,Nyctalus leisleri,0.01,0.025,-1,Echolocation,/mnt/ubna_data_02_mir/recover-20221013/UBNA_001/20221012_030000.WAV,Telephone Field,recover-20221013,001,1795
1450.0015,1450.0072,46953,53268,Pipistrellus pipistrellus,0.03,0.036,-1,Echolocation,/mnt/ubna_data_02_mir/recover-20221013/UBNA_001/20221012_030000.WAV,Telephone Field,recover-20221013,001,1795
1450.0015,1450.0332,69296,81737,Rhinolophus ferrumequinum,0.022,0.022,-1,Echolocation,/mnt/ubna_data_02_mir/recover-20221013/UBNA_001/20221012_030000.WAV,Telephone Field,recover-20221013,001,1795
1450.0115,1450.0581,68437,82870,Rhinolophus ferrumequinum,0.024,0.024,-1,Echolocation,/mnt/ubna_data_02_mir/recover-20221013/UBNA_001/20221012_030000.WAV,Telephone Field,recover-20221013,001,1795
1450.0125,1450.0211,28906,38385,Eptesicus serotinus,0.009,0.024,-1,Echolocation,/mnt/ubna_data_02_mir/recover-20221013/UBNA_001/20221012_030000.WAV,Telephone Field,recover-20221013,001,1795
1450.0215,1450.0616,68437,82552,Rhinolophus ferrumequinum,0.022,0.022,-1,Echolocation,/mnt/ubna_data_02_mir/recover-20221013/UBNA_001/20221012_030000.WAV,Telephone Field,recover-20221013,001,1795
1450.0405,1450.0515,22890,28564,Nyctalus leisleri,0.009,0.022,-1,Echolocation,/mnt/ubna_data_02_mir/recover-20221013/UBNA_001/20221012_030000.WAV,Telephone Field,recover-20221013,001,1795
1450.0465,1450.0545,26328,38183,Eptesicus serotinus,0.007,0.023,-1,Echolocation,/mnt/ubna_data_02_mir/recover-20221013/UBNA_001/20221012_030000.WAV,Telephone Field,recover-20221013,001,1795
1450.0485,1450.0565,46953,57939,Pipistrellus pipistrellus,0.017,0.024,-1,Echolocation,/mnt/ubna_data_02_mir/recover-20221013/UBNA_001/20221012_030000.WAV,Telephone Field,recover-20221013,001,1795
1450.0595,1450.0679,46093,49243,Pipistrellus pipistrellus,0.042,0.043,-1,Echolocation,/mnt/ubna_data_02_mir/recover-20221013/UBNA_001/20221012_030000.WAV,Telephone Field,recover-20221013,001,1795
1450.0725,1450.1162,68437,82805,Rhinolophus ferrumequinum,0.03,0.03,-1,Echolocation,/mnt/ubna_data_02_mir/recover-20221013/UBNA_001/20221012_030000.WAV,Telephone Field,recover-20221013,001,1795
1450.0815,1450.088,26328,41324,Plecotus auritus,0.005,0.025,-1,Echolocation,/mnt/ubna_data_02_mir/recover-20221013/UBNA_001/20221012_030000.WAV,Telephone Field,recover-20221013,001,1795
1450.0995,1450.1075,27187,36966,Eptesicus serotinus,0.008,0.022,-1,Echolocation,/mnt/ubna_data_02_mir/recover-20221013/UBNA_001/20221012_030000.WAV,Telephone Field,recover-20221013,001,1795
1450.1055,1450.114,28046,39400,Eptesicus serotinus,0.008,0.022,-1,Echolocation,/mnt/ubna_data_02_mir/recover-20221013/UBNA_001/20221012_030000.WAV,Telephone Field,recover-20221013,001,1795
1450.1085,1450.1167,23750,32170,Plecotus austriacus,0.007,0.022,-1,Echolocation,/mnt/ubna_data_02_mir/recover-20221013/UBNA_001/20221012_030000.WAV,Telephone Field,recover-20221013,001,1795
1450.1305,1450.1377,27187,47432,Eptesicus serotinus,0.006,0.022,-1,Echolocation,/mnt/ubna_data_02_mir/recover-20221013/UBNA_001/20221012_030000.WAV,Telephone Field,recover-20221013,001,1795
1450.1335,1450.1737,68437,83006,Rhinolophus ferrumequinum,0.032,0.032,-1,Echolocation,/mnt/ubna_data_02_mir/recover-20221013/UBNA_001/20221012_030000.WAV,Telephone Field,recover-20221013,001,1795
1450.1605,1450.1977,68437,82376,Rhinolophus ferrumequinum,0.028,0.028,-1,Echolocation,/mnt/ubna_data_02_mir/recover-20221013/UBNA_001/20221012_030000.WAV,Telephone Field,recover-20221013,001,1795
1450.1745,1450.2137,68437,82448,Rhinolophus ferrumequinum,0.024,0.024,-1,Echolocation,/mnt/ubna_data_02_mir/recover-20221013/UBNA_001/20221012_030000.WAV,Telephone Field,recover-20221013,001,1795
1450.1915,1450.2008,24609,32759,Nyctalus leisleri,0.006,0.022,-1,Echolocation,/mnt/ubna_data_02_mir/recover-20221013/UBNA_001/20221012_030000.WAV,Telephone Field,recover-20221013,001,1795
1450.2145,1450.2537,68437,81902,Rhinolophus ferrumequinum,0.022,0.022,-1,Echolocation,/mnt/ubna_data_02_mir/recover-20221013/UBNA_001/20221012_030000.WAV,Telephone Field,recover-20221013,001,1795
1450.3065,1450.3425,68437,81166,Rhinolophus ferrumequinum,0.022,0.022,-1,Echolocation,/mnt/ubna_data_02_mir/recover-20221013/UBNA_001/20221012_030000.WAV,Telephone Field,recover-20221013,001,1795
1450.3155,1450.3545,68437,82375,Rhinolophus ferrumequinum,0.024,0.024,-1,Echolocation,/mnt/ubna_data_02_mir/recover-20221013/UBNA_001/20221012_030000.WAV,Telephone Field,recover-20221013,001,1795
1450.3565,1450.3673,25468,32182,Eptesicus serotinus,0.013,0.033,-1,Echolocation,/mnt/ubna_data_02_mir/recover-20221013/UBNA_001/20221012_030000.WAV,Telephone Field,recover-20221013,001,1795
1450.3625,1450.4022,68437,82009,Rhinolophus ferrumequinum,0.024,0.024,-1,Echolocation,/mnt/ubna_data_02_mir/recover-20221013/UBNA_001/20221012_030000.WAV,Telephone Field,recover-20221013,001,1795
1450.3655,1450.3735,51250,55904,Pipistrellus pipistrellus,0.027,0.031,-1,Echolocation,/mnt/ubna_data_02_mir/recover-20221013/UBNA_001/20221012_030000.WAV,Telephone Field,recover-20221013,001,1795
1450.3785,1450.3908,22890,27176,Nyctalus leisleri,0.017,0.032,-1,Echolocation,/mnt/ubna_data_02_mir/recover-20221013/UBNA_001/20221012_030000.WAV,Telephone Field,recover-20221013,001,1795
1450.3995,1450.4379,68437,82401,Rhinolophus ferrumequinum,0.024,0.024,-1,Echolocation,/mnt/ubna_data_02_mir/recover-20221013/UBNA_001/20221012_030000.WAV,Telephone Field,recover-20221013,001,1795
1450.4255,1450.4341,28046,43312,Eptesicus serotinus,0.008,0.022,-1,Echolocation,/mnt/ubna_data_02_mir/recover-20221013/UBNA_001/20221012_030000.WAV,Telephone Field,recover-20221013,001,1795
1450.4385,1450.4482,24609,31841,Nyctalus leisleri,0.007,0.022,-1,Echolocation,/mnt/ubna_data_02_mir/recover-20221013/UBNA_001/20221012_030000.WAV,Telephone Field,recover-20221013,001,1795
1450.4445,1450.4541,27187,35164,Eptesicus serotinus,0.01,0.022,-1,Echolocation,/mnt/ubna_data_02_mir/recover-20221013/UBNA_001/20221012_030000.WAV,Telephone Field,recover-20221013,001,1795
1450.4855,1450.4938,26328,41565,Eptesicus serotinus,0.007,0.024,-1,Echolocation,/mnt/ubna_data_02_mir/recover-20221013/UBNA_001/20221012_030000.WAV,Telephone Field,recover-20221013,001,1795
1450.4985,1450.5084,23750,30167,Nyctalus leisleri,0.01,0.026,-1,Echolocation,/mnt/ubna_data_02_mir/recover-20221013/UBNA_001/20221012_030000.WAV,Telephone Field,recover-20221013,001,1795
1450.5005,1450.5384,68437,81222,Rhinolophus ferrumequinum,0.022,0.022,-1,Echolocation,/mnt/ubna_data_02_mir/recover-20221013/UBNA_001/20221012_030000.WAV,Telephone Field,recover-20221013,001,1795
1450.5355,1450.5423,27187,37821,Eptesicus serotinus,0.009,0.028,-1,Echolocation,/mnt/ubna_data_02_mir/recover-20221013/UBNA_001/20221012_030000.WAV,Telephone Field,recover-20221013,001,1795
1450.5475,1450.5853,68437,82358,Rhinolophus ferrumequinum,0.027,0.027,-1,Echolocation,/mnt/ubna_data_02_mir/recover-20221013/UBNA_001/20221012_030000.WAV,Telephone Field,recover-20221013,001,1795
1450.5675,1450.6056,68437,81896,Rhinolophus ferrumequinum,0.022,0.022,-1,Echolocation,/mnt/ubna_data_02_mir/recover-20221013/UBNA_001/20221012_030000.WAV,Telephone Field,recover-20221013,001,1795
1450.5955,1450.6372,68437,82615,Rhinolophus ferrumequinum,0.03,0.03,-1,Echolocation,/mnt/ubna_data_02_mir/recover-20221013/UBNA_001/20221012_030000.WAV,Telephone Field,recover-20221013,001,1795
1450.6145,1450.626,22031,27064,Nyctalus leisleri,0.012,0.027,-1,Echolocation,/mnt/ubna_data_02_mir/recover-20221013/UBNA_001/20221012_030000.WAV,Telephone Field,recover-20221013,001,1795
1450.6175,1450.6564,68437,82051,Rhinolophus ferrumequinum,0.023,0.023,-1,Echolocation,/mnt/ubna_data_02_mir/recover-20221013/UBNA_001/20221012_030000.WAV,Telephone Field,recover-20221013,001,1795
1450.6265,1450.6647,68437,81910,Rhinolophus ferrumequinum,0.026,0.026,-1,Echolocation,/mnt/ubna_data_02_mir/recover-20221013/UBNA_001/20221012_030000.WAV,Telephone Field,recover-20221013,001,1795
1450.6305,1450.6374,28046,39703,Eptesicus serotinus,0.007,0.026,-1,Echolocation,/mnt/ubna_data_02_mir/recover-20221013/UBNA_001/20221012_030000.WAV,Telephone Field,recover-20221013,001,1795
1450.6455,1450.6833,68437,81629,Rhinolophus ferrumequinum,0.023,0.023,-1,Echolocation,/mnt/ubna_data_02_mir/recover-20221013/UBNA_001/20221012_030000.WAV,Telephone Field,recover-20221013,001,1795
1450.6515,1450.689,68437,81769,Rhinolophus ferrumequinum,0.023,0.023,-1,Echolocation,/mnt/ubna_data_02_mir/recover-20221013/UBNA_001/20221012_030000.WAV,Telephone Field,recover-20221013,001,1795
1450.6545,1450.6618,28046,40621,Eptesicus serotinus,0.009,0.027,-1,Echolocation,/mnt/ubna_data_02_mir/recover-20221013/UBNA_001/20221012_030000.WAV,Telephone Field,recover-20221013,001,1795
1450.6815,1450.7226,68437,82141,Rhinolophus ferrumequinum,0.033,0.034,-1,Echolocation,/mnt/ubna_data_02_mir/recover-20221013/UBNA_001/20221012_030000.WAV,Telephone Field,recover-20221013,001,1795
1450.6855,1450.695,28046,38500,Eptesicus serotinus,0.011,0.024,-1,Echolocation,/mnt/ubna_data_02_mir/recover-20221013/UBNA_001/20221012_030000.WAV,Telephone Field,recover-20221013,001,1795
1450.7055,1450.7474,68437,82687,Rhinolophus ferrumequinum,0.027,0.027,-1,Echolocation,/mnt/ubna_data_02_mir/recover-20221013/UBNA_001/20221012_030000.WAV,Telephone Field,recover-20221013,001,1795
1450.7145,1450.7335,18593,22596,Nyctalus noctula,0.013,0.022,-1,Echolocation,/mnt/ubna_data_02_mir/recover-20221013/UBNA_001/20221012_030000.WAV,Telephone Field,recover-20221013,001,1795
1450.7245,1450.7344,45234,48195,Pipistrellus pipistrellus,0.024,0.026,-1,Echolocation,/mnt/ubna_data_02_mir/recover-20221013/UBNA_001/20221012_030000.WAV,Telephone Field,recover-20221013,001,1795
1450.7425,1450.7502,24609,34518,Plecotus austriacus,0.007,0.023,-1,Echolocation,/mnt/ubna_data_02_mir/recover-20221013/UBNA_001/20221012_030000.WAV,Telephone Field,recover-20221013,001,1795
1450.7655,1450.8028,68437,81485,Rhinolophus ferrumequinum,0.024,0.024,-1,Echolocation,/mnt/ubna_data_02_mir/recover-20221013/UBNA_001/20221012_030000.WAV,Telephone Field,recover-20221013,001,1795
1450.7855,1450.8229,68437,81868,Rhinolophus ferrumequinum,0.022,0.022,-1,Echolocation,/mnt/ubna_data_02_mir/recover-20221013/UBNA_001/20221012_030000.WAV,Telephone Field,recover-20221013,001,1795
1450.8265,1450.8636,68437,81495,Rhinolophus ferrumequinum,0.032,0.032,-1,Echolocation,/mnt/ubna_data_02_mir/recover-20221013/UBNA_001/20221012_030000.WAV,Telephone Field,recover-20221013,001,1795
1450.8325,1450.8432,28906,37035,Eptesicus serotinus,0.014,0.029,-1,Echolocation,/mnt/ubna_data_02_mir/recover-20221013/UBNA_001/20221012_030000.WAV,Telephone Field,recover-20221013,001,1795
1450.8515,1450.8896,68437,81853,Rhinolophus ferrumequinum,0.023,0.023,-1,Echolocation,/mnt/ubna_data_02_mir/recover-20221013/UBNA_001/20221012_030000.WAV,Telephone Field,recover-20221013,001,1795
1450.8805,1450.8903,59843,65462,Pipistrellus pygmaeus,0.027,0.028,-1,Echolocation,/mnt/ubna_data_02_mir/recover-20221013/UBNA_001/20221012_030000.WAV,Telephone Field,recover-20221013,001,1795
1450.9115,1450.9534,68437,82757,Rhinolophus ferrumequinum,0.031,0.031,-1,Echolocation,/mnt/ubna_data_02_mir/recover-20221013/UBNA_001/20221012_030000.WAV,Telephone Field,recover-20221013,001,1795
1450.9295,1450.9402,28046,35441,Eptesicus serotinus,0.018,0.031,-1,Echolocation,/mnt/ubna_data_02_mir/recover-20221013/UBNA_001/20221012_030000.WAV,Telephone Field,recover-20221013,001,1795
1450.9345,1450.9733,68437,81903,Rhinolophus ferrumequinum,0.025,0.025,-1,Echolocation,/mnt/ubna_data_02_mir/recover-20221013/UBNA_001/20221012_030000.WAV,Telephone Field,recover-20221013,001,1795
1450.9475,1450.9581,22890,28566,Nyctalus leisleri,0.011,0.028,-1,Echolocation,/mnt/ubna_data_02_mir/recover-20221013/UBNA_001/20221012_030000.WAV,Telephone Field,recover-20221013,001,1795
1450.9665,1451.0058,68437,82303,Rhinolophus ferrumequinum,0.024,0.024,-1,Echolocation,/mnt/ubna_data_02_mir/recover-20221013/UBNA_001/20221012_030000.WAV,Telephone Field,recover-20221013,001,1795
1450.9795,1451.0195,68437,82421,Rhinolophus ferrumequinum,0.022,0.022,-1,Echolocation,/mnt/ubna_data_02_mir/recover-20221013/UBNA_001/20221012_030000.WAV,Telephone Field,recover-20221013,001,1795
1450.9855,1451.0246,68437,82189,Rhinolophus ferrumequinum,0.022,0.022,-1,Echolocation,/mnt/ubna_data_02_mir/recover-20221013/UBNA_001/20221012_030000.WAV,Telephone Field,recover-20221013,001,1795
1450.9935,1451.0313,68437,82115,Rhinolophus ferrumequinum,0.022,0.022,-1,Echolocation,/mnt/ubna_data_02_mir/recover-20221013/UBNA_001/20221012_030000.WAV,Telephone Field,recover-20221013,001,1795
1451.0035,1451.0439,68437,82108,Rhinolophus ferrumequinum,0.027,0.027,-1,Echolocation,/mnt/ubna_data_02_mir/recover-20221013/UBNA_001/20221012_030000.WAV,Telephone Field,recover-20221013,001,1795
1451.0305,1451.0706,68437,82094,Rhinolophus ferrumequinum,0.022,0.022,-1,Echolocation,/mnt/ubna_data_02_mir/recover-20221013/UBNA_001/20221012_030000.WAV,Telephone Field,recover-20221013,001,1795
1451.0615,1451.1012,68437,81827,Rhinolophus ferrumequinum,0.025,0.025,-1,Echolocation,/mnt/ubna_data_02_mir/recover-20221013/UBNA_001/20221012_030000.WAV,Telephone Field,recover-20221013,001,1795
1451.0845,1451.1201,68437,81677,Rhinolophus ferrumequinum,0.023,0.023,-1,Echolocation,/mnt/ubna_data_02_mir/recover-20221013/UBNA_001/20221012_030000.WAV,Telephone Field,recover-20221013,001,1795
1451.0915,1451.0989,28046,39387,Eptesicus serotinus,0.008,0.024,-1,Echolocation,/mnt/ubna_data_02_mir/recover-20221013/UBNA_001/20221012_030000.WAV,Telephone Field,recover-20221013,001,1795
1451.1045,1451.1422,68437,81657,Rhinolophus ferrumequinum,0.023,0.023,-1,Echolocation,/mnt/ubna_data_02_mir/recover-20221013/UBNA_001/20221012_030000.WAV,Telephone Field,recover-20221013,001,1795
1451.1115,1451.1508,68437,82094,Rhinolophus ferrumequinum,0.023,0.023,-1,Echolocation,/mnt/ubna_data_02_mir/recover-20221013/UBNA_001/20221012_030000.WAV,Telephone Field,recover-20221013,001,1795
1451.1245,1451.1653,68437,81803,Rhinolophus ferrumequinum,0.024,0.024,-1,Echolocation,/mnt/ubna_data_02_mir/recover-20221013/UBNA_001/20221012_030000.WAV,Telephone Field,recover-20221013,001,1795
1451.1345,1451.1709,68437,82213,Rhinolophus ferrumequinum,0.024,0.024,-1,Echolocation,/mnt/ubna_data_02_mir/recover-20221013/UBNA_001/20221012_030000.WAV,Telephone Field,recover-20221013,001,1795
1451.1455,1451.1864,68437,82438,Rhinolophus ferrumequinum,0.027,0.027,-1,Echolocation,/mnt/ubna_data_02_mir/recover-20221013/UBNA_001/20221012_030000.WAV,Telephone Field,recover-20221013,001,1795
1451.1575,1451.1661,50390,55152,Pipistrellus pipistrellus,0.02,0.022,-1,Echolocation,/mnt/ubna_data_02_mir/recover-20221013/UBNA_001/20221012_030000.WAV,Telephone Field,recover-20221013,001,1795
1451.1785,1451.1852,25468,40338,Plecotus austriacus,0.013,0.041,-1,Echolocation,/mnt/ubna_data_02_mir/recover-20221013/UBNA_001/20221012_030000.WAV,Telephone Field,recover-20221013,001,1795
1451.1815,1451.2206,68437,81846,Rhinolophus ferrumequinum,0.025,0.025,-1,Echolocation,/mnt/ubna_data_02_mir/recover-20221013/UBNA_001/20221012_030000.WAV,Telephone Field,recover-20221013,001,1795
1451.2075,1451.2455,68437,82532,Rhinolophus ferrumequinum,0.022,0.022,-1,Echolocation,/mnt/ubna_data_02_mir/recover-20221013/UBNA_001/20221012_030000.WAV,Telephone Field,recover-20221013,001,1795
1451.2285,1451.2391,28906,36300,Eptesicus serotinus,0.01,0.023,-1,Echolocation,/mnt/ubna_data_02_mir/recover-20221013/UBNA_001/20221012_030000.WAV,Telephone Field,recover-20221013,001,1795
1451.2345,1451.2752,68437,82247,Rhinolophus ferrumequinum,0.023,0.023,-1,Echolocation,/mnt/ubna_data_02_mir/recover-20221013/UBNA_001/20221012_030000.WAV,Telephone Field,recover-20221013,001,1795
1451.2545,1451.2655,28906,35460,Eptesicus serotinus,0.011,0.023,-1,Echolocation,/mnt/ubna_data_02_mir/recover-20221013/UBNA_001/20221012_030000.WAV,Telephone Field,recover-20221013,001,1795
1451.2625,1451.2944,68437,80655,Rhinolophus ferrumequinum,0.031,0.031,-1,Echolocation,/mnt/ubna_data_02_mir/recover-20221013/UBNA_001/20221012_030000.WAV,Telephone Field,recover-20221013,001,1795
1451.2935,1451.3036,26328,35239,Eptesicus serotinus,0.01,0.022,-1,Echolocation,/mnt/ubna_data_02_mir/recover-20221013/UBNA_001/20221012_030000.WAV,Telephone Field,recover-20221013,001,1795
1451.3365,1451.377,68437,82947,Rhinolophus ferrumequinum,0.031,0.031,-1,Echolocation,/mnt/ubna_data_02_mir/recover-20221013/UBNA_001/20221012_030000.WAV,Telephone Field,recover-20221013,001,1795
1451.3575,1451.398,68437,82726,Rhinolophus ferrumequinum,0.024,0.024,-1,Echolocation,/mnt/ubna_data_02_mir/recover-20221013/UBNA_001/20221012_030000.WAV,Telephone Field,recover-20221013,001,1795
1451.3595,1451.3709,22890,28919,Nyctalus leisleri,0.01,0.025,-1,Echolocation,/mnt/ubna_data_02_mir/recover-20221013/UBNA_001/20221012_030000.WAV,Telephone Field,recover-20221013,001,1795
1451.3695,1451.3776,28906,37096,Eptesicus serotinus,0.009,0.022,-1,Echolocation,/mnt/ubna_data_02_mir/recover-20221013/UBNA_001/20221012_030000.WAV,Telephone Field,recover-20221013,001,1795
1451.3725,1451.4135,68437,82723,Rhinolophus ferrumequinum,0.026,0.026,-1,Echolocation,/mnt/ubna_data_02_mir/recover-20221013/UBNA_001/20221012_030000.WAV,Telephone Field,recover-20221013,001,1795
1451.3985,1451.4069,28046,38865,Eptesicus serotinus,0.009,0.023,-1,Echolocation,/mnt/ubna_data_02_mir/recover-20221013/UBNA_001/20221012_030000.WAV,Telephone Field,recover-20221013,001,1795
1451.3995,1451.4421,68437,82858,Rhinolophus ferrumequinum,0.022,0.022,-1,Echolocation,/mnt/ubna_data_02_mir/recover-20221013/UBNA_001/20221012_030000.WAV,Telephone Field,recover-20221013,001,1795
1451.4155,1451.4585,68437,82870,Rhinolophus ferrumequinum,0.028,0.028,-1,Echolocation,/mnt/ubna_data_02_mir/recover-20221013/UBNA_001/20221012_030000.WAV,Telephone Field,recover-20221013,001,1795
1451.4365,1451.445,28046,37281,Eptesicus serotinus,0.008,0.022,-1,Echolocation,/mnt/ubna_data_02_mir/recover-20221013/UBNA_001/20221012_030000.WAV,Telephone Field,recover-20221013,001,1795
1451.4395,1451.4792,68437,82098,Rhinolophus ferrumequinum,0.035,0.035,-1,Echolocation,/mnt/ubna_data_02_mir/recover-20221013/UBNA_001/20221012_030000.WAV,Telephone Field,recover-20221013,001,1795
1451.4525,1451.4909,68437,82953,Rhinolophus ferrumequinum,0.028,0.028,-1,Echolocation,/mnt/ubna_data_02_mir/recover-20221013/UBNA_001/20221012_030000.WAV,Telephone Field,recover-20221013,001,1795
1451.4655,1451.5026,68437,81605,Rhinolophus ferrumequinum,0.023,0.023,-1,Echolocation,/mnt/ubna_data_02_mir/recover-20221013/UBNA_001/20221012_030000.WAV,Telephone Field,recover-20221013,001,1795
1451.4675,1451.477,28906,39460,Eptesicus serotinus,0.01,0.024,-1,Echolocation,/mnt/ubna_data_02_mir/recover-20221013/UBNA_001/20221012_030000.WAV,Telephone Field,recover-20221013,001,1795
1451.4745,1451.4829,47812,54426,Pipistrellus pipistrellus,0.022,0.024,-1,Echolocation,/mnt/ubna_data_02_mir/recover-20221013/UBNA_001/20221012_030000.WAV,Telephone Field,recover-20221013,001,1795
1451.5065,1451.5188,24609,30191,Nyctalus leisleri,0.013,0.03,-1,Echolocation,/mnt/ubna_data_02_mir/recover-20221013/UBNA_001/20221012_030000.WAV,Telephone Field,recover-20221013,001,1795
1451.5255,1451.533,28046,40953,Eptesicus serotinus,0.006,0.022,-1,Echolocation,/mnt/ubna_data_02_mir/recover-20221013/UBNA_001/20221012_030000.WAV,Telephone Field,recover-20221013,001,1795
1451.5355,1451.5534,20312,23648,Nyctalus leisleri,0.013,0.025,-1,Echolocation,/mnt/ubna_data_02_mir/recover-20221013/UBNA_001/20221012_030000.WAV,Telephone Field,recover-20221013,001,1795
1451.5495,1451.5897,68437,82306,Rhinolophus ferrumequinum,0.022,0.022,-1,Echolocation,/mnt/ubna_data_02_mir/recover-20221013/UBNA_001/20221012_030000.WAV,Telephone Field,recover-20221013,001,1795
1451.5805,1451.6184,68437,81063,Rhinolophus ferrumequinum,0.024,0.024,-1,Echolocation,/mnt/ubna_data_02_mir/recover-20221013/UBNA_001/20221012_030000.WAV,Telephone Field,recover-20221013,001,1795
1451.5985,1451.6064,28046,38080,Eptesicus serotinus,0.008,0.022,-1,Echolocation,/mnt/ubna_data_02_mir/recover-20221013/UBNA_001/20221012_030000.WAV,Telephone Field,recover-20221013,001,1795
1451.6165,1451.6576,68437,82332,Rhinolophus ferrumequinum,0.024,0.024,-1,Echolocation,/mnt/ubna_data_02_mir/recover-20221013/UBNA_001/20221012_030000.WAV,Telephone Field,recover-20221013,001,1795
1451.6365,1451.6791,68437,82311,Rhinolophus ferrumequinum,0.062,0.062,-1,Echolocation,/mnt/ubna_data_02_mir/recover-20221013/UBNA_001/20221012_030000.WAV,Telephone Field,recover-20221013,001,1795
1451.6475,1451.6587,22031,26911,Nyctalus leisleri,0.013,0.025,-1,Echolocation,/mnt/ubna_data_02_mir/recover-20221013/UBNA_001/20221012_030000.WAV,Telephone Field,recover-20221013,001,1795
1451.6955,1451.733,68437,81401,Rhinolophus ferrumequinum,0.028,0.028,-1,Echolocation,/mnt/ubna_data_02_mir/recover-20221013/UBNA_001/20221012_030000.WAV,Telephone Field,recover-20221013,001,1795
1451.7175,1451.7309,44375,46481,Pipistrellus pipistrellus,0.029,0.032,-1,Echolocation,/mnt/ubna_data_02_mir/recover-20221013/UBNA_001/20221012_030000.WAV,Telephone Field,recover-20221013,001,1795
1451.7355,1451.769,68437,81501,Rhinolophus ferrumequinum,0.021,0.022,-1,Echolocation,/mnt/ubna_data_02_mir/recover-20221013/UBNA_001/20221012_030000.WAV,Telephone Field,recover-20221013,001,1795
1451.7555,1451.7629,48671,56724,Pipistrellus pipistrellus,0.027,0.031,-1,Echolocation,/mnt/ubna_data_02_mir/recover-20221013/UBNA_001/20221012_030000.WAV,Telephone Field,recover-20221013,001,1795
1451.7575,1451.8001,68437,83318,Rhinolophus ferrumequinum,0.025,0.025,-1,Echolocation,/mnt/ubna_data_02_mir/recover-20221013/UBNA_001/20221012_030000.WAV,Telephone Field,recover-20221013,001,1795
1451.7895,1451.7958,24609,49955,Myotis nattereri,0.021,0.034,-1,Echolocation,/mnt/ubna_data_02_mir/recover-20221013/UBNA_001/20221012_030000.WAV,Telephone Field,recover-20221013,001,1795
1451.7905,1451.8309,68437,83235,Rhinolophus ferrumequinum,0.043,0.043,-1,Echolocation,/mnt/ubna_data_02_mir/recover-20221013/UBNA_001/20221012_030000.WAV,Telephone Field,recover-20221013,001,1795
1451.8005,1451.8385,68437,81826,Rhinolophus ferrumequinum,0.022,0.022,-1,Echolocation,/mnt/ubna_data_02_mir/recover-20221013/UBNA_001/20221012_030000.WAV,Telephone Field,recover-20221013,001,1795
1451.8175,1451.8268,37500,47020,Pipistrellus nathusii,0.012,0.025,-1,Echolocation,/mnt/ubna_data_02_mir/recover-20221013/UBNA_001/20221012_030000.WAV,Telephone Field,recover-20221013,001,1795
1451.8385,1451.8774,68437,81826,Rhinolophus ferrumequinum,0.023,0.023,-1,Echolocation,/mnt/ubna_data_02_mir/recover-20221013/UBNA_001/20221012_030000.WAV,Telephone Field,recover-20221013,001,1795
1451.8415,1451.8492,28046,40739,Eptesicus serotinus,0.008,0.024,-1,Echolocation,/mnt/ubna_data_02_mir/recover-20221013/UBNA_001/20221012_030000.WAV,Telephone Field,recover-20221013,001,1795
1451.8565,1451.8678,34921,40001,Barbastellus barbastellus,0.006,0.026,-1,Echolocation,/mnt/ubna_data_02_mir/recover-20221013/UBNA_001/20221012_030000.WAV,Telephone Field,recover-20221013,001,1795
1451.8705,1451.9107,68437,82584,Rhinolophus ferrumequinum,0.03,0.03,-1,Echolocation,/mnt/ubna_data_02_mir/recover-20221013/UBNA_001/20221012_030000.WAV,Telephone Field,recover-20221013,001,1795
1451.8945,1451.9305,68437,80922,Rhinolophus ferrumequinum,0.022,0.022,-1,Echolocation,/mnt/ubna_data_02_mir/recover-20221013/UBNA_001/20221012_030000.WAV,Telephone Field,recover-20221013,001,1795
1451.9315,1451.9682,68437,81120,Rhinolophus ferrumequinum,0.024,0.024,-1,Echolocation,/mnt/ubna_data_02_mir/recover-20221013/UBNA_001/20221012_030000.WAV,Telephone Field,recover-20221013,001,1795
1452.0015,1452.0318,68437,80437,Rhinolophus ferrumequinum,0.063,0.063,-1,Echolocation,/mnt/ubna_data_02_mir/recover-20221013/UBNA_001/20221012_030000.WAV,Telephone Field,recover-20221013,001,1795
1452.0015,1452.0104,43515,47980,Pipistrellus pipistrellus,0.047,0.056,-1,Echolocation,/mnt/ubna_data_02_mir/recover-20221013/UBNA_001/20221012_030000.WAV,Telephone Field,recover-20221013,001,1795
1452.0015,1452.011,20312,25888,Nyctalus leisleri,0.013,0.03,-1,Echolocation,/mnt/ubna_data_02_mir/recover-20221013/UBNA_001/20221012_030000.WAV,Telephone Field,recover-20221013,001,1795
1452.0155,1452.0575,68437,83209,Rhinolophus ferrumequinum,0.027,0.027,-1,Echolocation,/mnt/ubna_data_02_mir/recover-20221013/UBNA_001/20221012_030000.WAV,Telephone Field,recover-20221013,001,1795
1452.0495,1452.0583,27187,38366,Eptesicus serotinus,0.009,0.026,-1,Echolocation,/mnt/ubna_data_02_mir/recover-20221013/UBNA_001/20221012_030000.WAV,Telephone Field,recover-20221013,001,1795
1452.0545,1452.0918,68437,81794,Rhinolophus ferrumequinum,0.022,0.022,-1,Echolocation,/mnt/ubna_data_02_mir/recover-20221013/UBNA_001/20221012_030000.WAV,Telephone Field,recover-20221013,001,1795
1452.0705,1452.112,68437,83303,Rhinolophus ferrumequinum,0.027,0.027,-1,Echolocation,/mnt/ubna_data_02_mir/recover-20221013/UBNA_001/20221012_030000.WAV,Telephone Field,recover-20221013,001,1795
1452.0755,1452.1194,68437,83256,Rhinolophus ferrumequinum,0.026,0.026,-1,Echolocation,/mnt/ubna_data_02_mir/recover-20221013/UBNA_001/20221012_030000.WAV,Telephone Field,recover-20221013,001,1795
1452.0785,1452.087,22890,30561,Plecotus austriacus,0.014,0.029,-1,Echolocation,/mnt/ubna_data_02_mir/recover-20221013/UBNA_001/20221012_030000.WAV,Telephone Field,recover-20221013,001,1795
1452.0925,1452.1032,25468,31927,Nyctalus leisleri,0.016,0.038,-1,Echolocation,/mnt/ubna_data_02_mir/recover-20221013/UBNA_001/20221012_030000.WAV,Telephone Field,recover-20221013,001,1795
1452.0975,1452.1355,68437,82206,Rhinolophus ferrumequinum,0.022,0.022,-1,Echolocation,/mnt/ubna_data_02_mir/recover-20221013/UBNA_001/20221012_030000.WAV,Telephone Field,recover-20221013,001,1795
1452.1245,1452.1649,68437,82374,Rhinolophus ferrumequinum,0.023,0.023,-1,Echolocation,/mnt/ubna_data_02_mir/recover-20221013/UBNA_001/20221012_030000.WAV,Telephone Field,recover-20221013,001,1795
1452.1505,1452.1608,27187,35979,Eptesicus serotinus,0.012,0.024,-1,Echolocation,/mnt/ubna_data_02_mir/recover-20221013/UBNA_001/20221012_030000.WAV,Telephone Field,recover-20221013,001,1795
1452.1595,1452.1965,68437,81999,Rhinolophus ferrumequinum,0.023,0.023,-1,Echolocation,/mnt/ubna_data_02_mir/recover-20221013/UBNA_001/20221012_030000.WAV,Telephone Field,recover-20221013,001,1795
1452.1625,1452.1707,27187,39206,Eptesicus serotinus,0.008,0.024,-1,Echolocation,/mnt/ubna_data_02_mir/recover-20221013/UBNA_001/20221012_030000.WAV,Telephone Field,recover-20221013,001,1795
1452.1925,1452.228,68437,80960,Rhinolophus ferrumequinum,0.023,0.023,-1,Echolocation,/mnt/ubna_data_02_mir/recover-20221013/UBNA_001/20221012_030000.WAV,Telephone Field,recover-20221013,001,1795
1452.2495,1452.2868,68437,82078,Rhinolophus ferrumequinum,0.023,0.023,-1,Echolocation,/mnt/ubna_data_02_mir/recover-20221013/UBNA_001/20221012_030000.WAV,Telephone Field,recover-20221013,001,1795
1452.2645,1452.3037,68437,81765,Rhinolophus ferrumequinum,0.028,0.028,-1,Echolocation,/mnt/ubna_data_02_mir/recover-20221013/UBNA_001/20221012_030000.WAV,Telephone Field,recover-20221013,001,1795
1452.2785,1452.318,68437,81811,Rhinolophus ferrumequinum,0.025,0.025,-1,Echolocation,/mnt/ubna_data_02_mir/recover-20221013/UBNA_001/20221012_030000.WAV,Telephone Field,recover-20221013,001,1795
1452.2845,1452.3191,68437,81413,Rhinolophus ferrumequinum,0.025,0.025,-1,Echolocation,/mnt/ubna_data_02_mir/recover-20221013/UBNA_001/20221012_030000.WAV,Telephone Field,recover-20221013,001,1795
1452.2875,1452.2948,28046,44540,Eptesicus serotinus,0.007,0.023,-1,Echolocation,/mnt/ubna_data_02_mir/recover-20221013/UBNA_001/20221012_030000.WAV,Telephone Field,recover-20221013,001,1795
1452.3135,1452.3213,23750,31808,Plecotus austriacus,0.01,0.022,-1,Echolocation,/mnt/ubna_data_02_mir/recover-20221013/UBNA_001/20221012_030000.WAV,Telephone Field,recover-20221013,001,1795
1452.4255,1452.4678,68437,83091,Rhinolophus ferrumequinum,0.028,0.028,-1,Echolocation,/mnt/ubna_data_02_mir/recover-20221013/UBNA_001/20221012_030000.WAV,Telephone Field,recover-20221013,001,1795
1452.4355,1452.4432,26328,37399,Eptesicus serotinus,0.006,0.024,-1,Echolocation,/mnt/ubna_data_02_mir/recover-20221013/UBNA_001/20221012_030000.WAV,Telephone Field,recover-20221013,001,1795
1452.4515,1452.491,68437,82255,Rhinolophus ferrumequinum,0.024,0.024,-1,Echolocation,/mnt/ubna_data_02_mir/recover-20221013/UBNA_001/20221012_030000.WAV,Telephone Field,recover-20221013,001,1795
1452.4655,1452.4746,25468,33568,Nyctalus leisleri,0.01,0.033,-1,Echolocation,/mnt/ubna_data_02_mir/recover-20221013/UBNA_001/20221012_030000.WAV,Telephone Field,recover-20221013,001,1795
1452.5055,1452.5156,26328,36726,Eptesicus serotinus,0.007,0.023,-1,Echolocation,/mnt/ubna_data_02_mir/recover-20221013/UBNA_001/20221012_030000.WAV,Telephone Field,recover-20221013,001,1795
1452.5075,1452.5494,68437,81859,Rhinolophus ferrumequinum,0.026,0.026,-1,Echolocation,/mnt/ubna_data_02_mir/recover-20221013/UBNA_001/20221012_030000.WAV,Telephone Field,recover-20221013,001,1795
1452.5365,1452.545,43515,50297,Pipistrellus pipistrellus,0.025,0.029,-1,Echolocation,/mnt/ubna_data_02_mir/recover-20221013/UBNA_001/20221012_030000.WAV,Telephone Field,recover-20221013,001,1795
1452.5485,1452.5887,68437,83051,Rhinolophus ferrumequinum,0.033,0.033,-1,Echolocation,/mnt/ubna_data_02_mir/recover-20221013/UBNA_001/20221012_030000.WAV,Telephone Field,recover-20221013,001,1795
1452.5815,1452.6209,68437,82364,Rhinolophus ferrumequinum,0.023,0.023,-1,Echolocation,/mnt/ubna_data_02_mir/recover-20221013/UBNA_001/20221012_030000.WAV,Telephone Field,recover-20221013,001,1795
1452.5925,1452.6039,28046,35911,Eptesicus serotinus,0.014,0.028,-1,Echolocation,/mnt/ubna_data_02_mir/recover-20221013/UBNA_001/20221012_030000.WAV,Telephone Field,recover-20221013,001,1795
1452.6545,1452.6949,68437,82826,Rhinolophus ferrumequinum,0.032,0.032,-1,Echolocation,/mnt/ubna_data_02_mir/recover-20221013/UBNA_001/20221012_030000.WAV,Telephone Field,recover-20221013,001,1795
1452.6585,1452.6645,25468,41772,Myotis nattereri,0.014,0.034,-1,Echolocation,/mnt/ubna_data_02_mir/recover-20221013/UBNA_001/20221012_030000.WAV,Telephone Field,recover-20221013,001,1795
1452.6815,1452.7209,68437,82314,Rhinolophus ferrumequinum,0.023,0.023,-1,Echolocation,/mnt/ubna_data_02_mir/recover-20221013/UBNA_001/20221012_030000.WAV,Telephone Field,recover-20221013,001,1795
1452.6825,1452.6916,28046,37271,Eptesicus serotinus,0.01,0.026,-1,Echolocation,/mnt/ubna_data_02_mir/recover-20221013/UBNA_001/20221012_030000.WAV,Telephone Field,recover-20221013,001,1795
1452.7035,1452.7136,23750,30090,Nyctalus leisleri,0.008,0.022,-1,Echolocation,/mnt/ubna_data_02_mir/recover-20221013/UBNA_001/20221012_030000.WAV,Telephone Field,recover-20221013,001,1795
1452.7105,1452.7485,68437,82007,Rhinolophus ferrumequinum,0.027,0.027,-1,Echolocation,/mnt/ubna_data_02_mir/recover-20221013/UBNA_001/20221012_030000.WAV,Telephone Field,recover-20221013,001,1795
1452.7205,1452.7275,23750,37023,Plecotus austriacus,0.009,0.025,-1,Echolocation,/mnt/ubna_data_02_mir/recover-20221013/UBNA_001/20221012_030000.WAV,Telephone Field,recover-20221013,001,1795
1452.7525,1452.7728,18593,21828,Nyctalus noctula,0.027,0.046,-1,Echolocation,/mnt/ubna_data_02_mir/recover-20221013/UBNA_001/20221012_030000.WAV,Telephone Field,recover-20221013,001,1795
1452.7755,1452.8128,68437,81776,Rhinolophus ferrumequinum,0.025,0.025,-1,Echolocation,/mnt/ubna_data_02_mir/recover-20221013/UBNA_001/20221012_030000.WAV,Telephone Field,recover-20221013,001,1795
1452.7775,1452.7855,28906,39489,Eptesicus serotinus,0.009,0.03,-1,Echolocation,/mnt/ubna_data_02_mir/recover-20221013/UBNA_001/20221012_030000.WAV,Telephone Field,recover-20221013,001,1795
1452.7795,1452.7861,24609,35217,Plecotus austriacus,0.012,0.029,-1,Echolocation,/mnt/ubna_data_02_mir/recover-20221013/UBNA_001/20221012_030000.WAV,Telephone Field,recover-20221013,001,1795
1452.7955,1452.8043,47812,52174,Pipistrellus pipistrellus,0.03,0.031,-1,Echolocation,/mnt/ubna_data_02_mir/recover-20221013/UBNA_001/20221012_030000.WAV,Telephone Field,recover-20221013,001,1795
1452.8225,1452.8608,68437,82373,Rhinolophus ferrumequinum,0.024,0.024,-1,Echolocation,/mnt/ubna_data_02_mir/recover-20221013/UBNA_001/20221012_030000.WAV,Telephone Field,recover-20221013,001,1795
1452.8935,1452.9032,22031,28429,Plecotus austriacus,0.01,0.026,-1,Echolocation,/mnt/ubna_data_02_mir/recover-20221013/UBNA_001/20221012_030000.WAV,Telephone Field,recover-20221013,001,1795
1452.9365,1452.9467,23750,29694,Nyctalus leisleri,0.011,0.023,-1,Echolocation,/mnt/ubna_data_02_mir/recover-20221013/UBNA_001/20221012_030000.WAV,Telephone Field,recover-20221013,001,1795
1452.9505,1452.961,22890,27076,Nyctalus leisleri,0.015,0.027,-1,Echolocation,/mnt/ubna_data_02_mir/recover-20221013/UBNA_001/20221012_030000.WAV,Telephone Field,recover-20221013,001,1795
1452.9795,1452.9938,22890,28401,Nyctalus leisleri,0.025,0.045,-1,Echolocation,/mnt/ubna_data_02_mir/recover-20221013/UBNA_001/20221012_030000.WAV,Telephone Field,recover-20221013,001,1795
1453.0045,1453.0131,44375,51790,Pipistrellus pipistrellus,0.02,0.024,-1,Echolocation,/mnt/ubna_data_02_mir/recover-20221013/UBNA_001/20221012_030000.WAV,Telephone Field,recover-20221013,001,1795
1453.0055,1453.0476,68437,83380,Rhinolophus ferrumequinum,0.032,0.032,-1,Echolocation,/mnt/ubna_data_02_mir/recover-20221013/UBNA_001/20221012_030000.WAV,Telephone Field,recover-20221013,001,1795
1453.0395,1453.0472,27187,38935,Eptesicus serotinus,0.007,0.023,-1,Echolocation,/mnt/ubna_data_02_mir/recover-20221013/UBNA_001/20221012_030000.WAV,Telephone Field,recover-20221013,001,1795
1453.0615,1453.099,68437,81514,Rhinolophus ferrumequinum,0.025,0.025,-1,Echolocation,/mnt/ubna_data_02_mir/recover-20221013/UBNA_001/20221012_030000.WAV,Telephone Field,recover-20221013,001,1795
1453.0865,1453.094,25468,34790,Plecotus austriacus,0.01,0.034,-1,Echolocation,/mnt/ubna_data_02_mir/recover-20221013/UBNA_001/20221012_030000.WAV,Telephone Field,recover-20221013,001,1795
1453.1045,1453.1444,68437,83006,Rhinolophus ferrumequinum,0.03,0.031,-1,Echolocation,/mnt/ubna_data_02_mir/recover-20221013/UBNA_001/20221012_030000.WAV,Telephone Field,recover-20221013,001,1795
1453.1415,1453.1488,28046,39489,Eptesicus serotinus,0.006,0.022,-1,Echolocation,/mnt/ubna_data_02_mir/recover-20221013/UBNA_001/20221012_030000.WAV,Telephone Field,recover-20221013,001,1795
1453.1455,1453.1529,48671,58654,Pipistrellus pipistrellus,0.019,0.028,-1,Echolocation,/mnt/ubna_data_02_mir/recover-20221013/UBNA_001/20221012_030000.WAV,Telephone Field,recover-20221013,001,1795
1453.1705,1453.1792,28906,38237,Eptesicus serotinus,0.01,0.027,-1,Echolocation,/mnt/ubna_data_02_mir/recover-20221013/UBNA_001/20221012_030000.WAV,Telephone Field,recover-20221013,001,1795
1453.2045,1453.24,68437,80310,Rhinolophus ferrumequinum,0.026,0.026,-1,Echolocation,/mnt/ubna_data_02_mir/recover-20221013/UBNA_001/20221012_030000.WAV,Telephone Field,recover-20221013,001,1795
1453.2055,1453.2166,23750,29894,Nyctalus leisleri,0.012,0.025,-1,Echolocation,/mnt/ubna_data_02_mir/recover-20221013/UBNA_001/20221012_030000.WAV,Telephone Field,recover-20221013,001,1795
1453.2245,1453.2332,28046,39026,Eptesicus serotinus,0.008,0.023,-1,Echolocation,/mnt/ubna_data_02_mir/recover-20221013/UBNA_001/20221012_030000.WAV,Telephone Field,recover-20221013,001,1795
1453.2305,1453.2701,68437,81778,Rhinolophus ferrumequinum,0.026,0.026,-1,Echolocation,/mnt/ubna_data_02_mir/recover-20221013/UBNA_001/20221012_030000.WAV,Telephone Field,recover-20221013,001,1795
1453.2675,1453.2766,22890,30010,Plecotus austriacus,0.008,0.022,-1,Echolocation,/mnt/ubna_data_02_mir/recover-20221013/UBNA_001/20221012_030000.WAV,Telephone Field,recover-20221013,001,1795
1453.2805,1453.2926,22031,25878,Nyctalus leisleri,0.015,0.024,-1,Echolocation,/mnt/ubna_data_02_mir/recover-20221013/UBNA_001/20221012_030000.WAV,Telephone Field,recover-20221013,001,1795
1453.2915,1453.3317,68437,82279,Rhinolophus ferrumequinum,0.023,0.023,-1,Echolocation,/mnt/ubna_data_02_mir/recover-20221013/UBNA_001/20221012_030000.WAV,Telephone Field,recover-20221013,001,1795
1453.3275,1453.3394,23750,29525,Nyctalus leisleri,0.012,0.026,-1,Echolocation,/mnt/ubna_data_02_mir/recover-20221013/UBNA_001/20221012_030000.WAV,Telephone Field,recover-20221013,001,1795
1453.3355,1453.3465,24609,30829,Nyctalus leisleri,0.011,0.029,-1,Echolocation,/mnt/ubna_data_02_mir/recover-20221013/UBNA_001/20221012_030000.WAV,Telephone Field,recover-20221013,001,1795
1453.3405,1453.3742,68437,80902,Rhinolophus ferrumequinum,0.022,0.022,-1,Echolocation,/mnt/ubna_data_02_mir/recover-20221013/UBNA_001/20221012_030000.WAV,Telephone Field,recover-20221013,001,1795
1453.3695,1453.3794,23750,31012,Nyctalus leisleri,0.008,0.025,-1,Echolocation,/mnt/ubna_data_02_mir/recover-20221013/UBNA_001/20221012_030000.WAV,Telephone Field,recover-20221013,001,1795
1453.3775,1453.4167,68437,82177,Rhinolophus ferrumequinum,0.022,0.022,-1,Echolocation,/mnt/ubna_data_02_mir/recover-20221013/UBNA_001/20221012_030000.WAV,Telephone Field,recover-20221013,001,1795
1453.4045,1453.444,68437,82592,Rhinolophus ferrumequinum,0.023,0.023,-1,Echolocation,/mnt/ubna_data_02_mir/recover-20221013/UBNA_001/20221012_030000.WAV,Telephone Field,recover-20221013,001,1795
1453.4175,1453.4249,23750,33199,Plecotus austriacus,0.02,0.039,-1,Echolocation,/mnt/ubna_data_02_mir/recover-20221013/UBNA_001/20221012_030000.WAV,Telephone Field,recover-20221013,001,1795
1453.4625,1453.504,68437,82967,Rhinolophus ferrumequinum,0.024,0.024,-1,Echolocation,/mnt/ubna_data_02_mir/recover-20221013/UBNA_001/20221012_030000.WAV,Telephone Field,recover-20221013,001,1795
1453.4645,1453.4727,25468,34622,Eptesicus serotinus,0.008,0.025,-1,Echolocation,/mnt/ubna_data_02_mir/recover-20221013/UBNA_001/20221012_030000.WAV,Telephone Field,recover-20221013,001,1795
1453.4975,1453.5401,68437,82661,Rhinolophus ferrumequinum,0.024,0.024,-1,Echolocation,/mnt/ubna_data_02_mir/recover-20221013/UBNA_001/20221012_030000.WAV,Telephone Field,recover-20221013,001,1795
1453.5565,1453.5644,28046,39030,Eptesicus serotinus,0.007,0.023,-1,Echolocation,/mnt/ubna_data_02_mir/recover-20221013/UBNA_001/20221012_030000.WAV,Telephone Field,recover-20221013,001,1795
1453.5975,1453.637,68437,82229,Rhinolophus ferrumequinum,0.025,0.025,-1,Echolocation,/mnt/ubna_data_02_mir/recover-20221013/UBNA_001/20221012_030000.WAV,Telephone Field,recover-20221013,001,1795
1453.6135,1453.6507,68437,81561,Rhinolophus ferrumequinum,0.022,0.022,-1,Echolocation,/mnt/ubna_data_02_mir/recover-20221013/UBNA_001/20221012_030000.WAV,Telephone Field,recover-20221013,001,1795
1453.6995,1453.7116,23750,27957,Nyctalus leisleri,0.025,0.04,-1,Echolocation,/mnt/ubna_data_02_mir/recover-20221013/UBNA_001/20221012_030000.WAV,Telephone Field,recover-20221013,001,1795
1453.7005,1453.741,68437,82504,Rhinolophus ferrumequinum,0.022,0.022,-1,Echolocation,/mnt/ubna_data_02_mir/recover-20221013/UBNA_001/20221012_030000.WAV,Telephone Field,recover-20221013,001,1795
1453.7195,1453.7654,68437,83873,Rhinolophus ferrumequinum,0.041,0.041,-1,Echolocation,/mnt/ubna_data_02_mir/recover-20221013/UBNA_001/20221012_030000.WAV,Telephone Field,recover-20221013,001,1795
1453.7755,1453.8128,68437,81290,Rhinolophus ferrumequinum,0.022,0.022,-1,Echolocation,/mnt/ubna_data_02_mir/recover-20221013/UBNA_001/20221012_030000.WAV,Telephone Field,recover-20221013,001,1795
1453.7825,1453.7893,51250,56822,Pipistrellus pipistrellus,0.027,0.029,-1,Echolocation,/mnt/ubna_data_02_mir/recover-20221013/UBNA_001/20221012_030000.WAV,Telephone Field,recover-20221013,001,1795
1453.7855,1453.8264,68437,82388,Rhinolophus ferrumequinum,0.023,0.023,-1,Echolocation,/mnt/ubna_data_02_mir/recover-20221013/UBNA_001/20221012_030000.WAV,Telephone Field,recover-20221013,001,1795
1453.8185,1453.825,28906,38926,Eptesicus serotinus,0.009,0.035,-1,Echolocation,/mnt/ubna_data_02_mir/recover-20221013/UBNA_001/20221012_030000.WAV,Telephone Field,recover-20221013,001,1795
1453.8475,1453.8875,68437,82600,Rhinolophus ferrumequinum,0.023,0.023,-1,Echolocation,/mnt/ubna_data_02_mir/recover-20221013/UBNA_001/20221012_030000.WAV,Telephone Field,recover-20221013,001,1795
1453.8565,1453.892,68437,81396,Rhinolophus ferrumequinum,0.022,0.022,-1,Echolocation,/mnt/ubna_data_02_mir/recover-20221013/UBNA_001/20221012_030000.WAV,Telephone Field,recover-20221013,001,1795
1453.8995,1453.9078,28046,38920,Eptesicus serotinus,0.007,0.023,-1,Echolocation,/mnt/ubna_data_02_mir/recover-20221013/UBNA_001/20221012_030000.WAV,Telephone Field,recover-20221013,001,1795
1453.9285,1453.9695,68437,81807,Rhinolophus ferrumequinum,0.025,0.025,-1,Echolocation,/mnt/ubna_data_02_mir/recover-20221013/UBNA_001/20221012_030000.WAV,Telephone Field,recover-20221013,001,1795
1453.9645,1453.975,23750,30508,Nyctalus leisleri,0.012,0.031,-1,Echolocation,/mnt/ubna_data_02_mir/recover-20221013/UBNA_001/20221012_030000.WAV,Telephone Field,recover-20221013,001,1795
1454.0015,1454.0097,46953,55951,Pipistrellus pipistrellus,0.02,0.026,-1,Echolocation,/mnt/ubna_data_02_mir/recover-20221013/UBNA_001/20221012_030000.WAV,Telephone Field,recover-20221013,001,1795
1454.0015,1454.0105,25468,34945,Nyctalus leisleri,0.008,0.027,-1,Echolocation,/mnt/ubna_data_02_mir/recover-20221013/UBNA_001/20221012_030000.WAV,Telephone Field,recover-20221013,001,1795
1454.0015,1454.0165,58984,65411,Pipistrellus pygmaeus,0.026,0.028,-1,Echolocation,/mnt/ubna_data_02_mir/recover-20221013/UBNA_001/20221012_030000.WAV,Telephone Field,recover-20221013,001,1795
1454.0015,1454.0349,68437,79331,Rhinolophus ferrumequinum,0.034,0.035,-1,Echolocation,/mnt/ubna_data_02_mir/recover-20221013/UBNA_001/20221012_030000.WAV,Telephone Field,recover-20221013,001,1795
1454.0095,1454.051,68437,81781,Rhinolophus ferrumequinum,0.025,0.025,-1,Echolocation,/mnt/ubna_data_02_mir/recover-20221013/UBNA_001/20221012_030000.WAV,Telephone Field,recover-20221013,001,1795
1454.0185,1454.0611,68437,82733,Rhinolophus ferrumequinum,0.026,0.026,-1,Echolocation,/mnt/ubna_data_02_mir/recover-20221013/UBNA_001/20221012_030000.WAV,Telephone Field,recover-20221013,001,1795
1454.0225,1454.0301,28046,47736,Eptesicus serotinus,0.008,0.024,-1,Echolocation,/mnt/ubna_data_02_mir/recover-20221013/UBNA_001/20221012_030000.WAV,Telephone Field,recover-20221013,001,1795
1454.0465,1454.0822,68437,80933,Rhinolophus ferrumequinum,0.033,0.033,-1,Echolocation,/mnt/ubna_data_02_mir/recover-20221013/UBNA_001/20221012_030000.WAV,Telephone Field,recover-20221013,001,1795
1454.0595,1454.0661,28046,41078,Myotis daubentonii,0.008,0.031,-1,Echolocation,/mnt/ubna_data_02_mir/recover-20221013/UBNA_001/20221012_030000.WAV,Telephone Field,recover-20221013,001,1795
1454.0725,1454.1172,68437,82907,Rhinolophus ferrumequinum,0.081,0.081,-1,Echolocation,/mnt/ubna_data_02_mir/recover-20221013/UBNA_001/20221012_030000.WAV,Telephone Field,recover-20221013,001,1795
1454.1045,1454.1447,68437,82930,Rhinolophus ferrumequinum,0.028,0.028,-1,Echolocation,/mnt/ubna_data_02_mir/recover-20221013/UBNA_001/20221012_030000.WAV,Telephone Field,recover-20221013,001,1795
1454.1335,1454.1441,22031,26363,Nyctalus leisleri,0.014,0.026,-1,Echolocation,/mnt/ubna_data_02_mir/recover-20221013/UBNA_001/20221012_030000.WAV,Telephone Field,recover-20221013,001,1795
1454.1365,1454.1778,68437,82721,Rhinolophus ferrumequinum,0.036,0.036,-1,Echolocation,/mnt/ubna_data_02_mir/recover-20221013/UBNA_001/20221012_030000.WAV,Telephone Field,recover-20221013,001,1795
1454.1425,1454.1499,27187,40912,Eptesicus serotinus,0.007,0.023,-1,Echolocation,/mnt/ubna_data_02_mir/recover-20221013/UBNA_001/20221012_030000.WAV,Telephone Field,recover-20221013,001,1795
1454.1445,1454.1822,68437,82489,Rhinolophus ferrumequinum,0.031,0.031,-1,Echolocation,/mnt/ubna_data_02_mir/recover-20221013/UBNA_001/20221012_030000.WAV,Telephone Field,recover-20221013,001,1795
1454.1615,1454.2069,68437,83902,Rhinolophus ferrumequinum,0.041,0.041,-1,Echolocation,/mnt/ubna_data_02_mir/recover-20221013/UBNA_001/20221012_030000.WAV,Telephone Field,recover-20221013,001,1795
1454.1645,1454.1744,35781,41454,Barbastellus barbastellus,0.01,0.033,-1,Echolocation,/mnt/ubna_data_02_mir/recover-20221013/UBNA_001/20221012_030000.WAV,Telephone Field,recover-20221013,001,1795
1454.1665,1454.1733,27187,42926,Eptesicus serotinus,0.007,0.026,-1,Echolocation,/mnt/ubna_data_02_mir/recover-20221013/UBNA_001/20221012_030000.WAV,Telephone Field,recover-20221013,001,1795
1454.1905,1454.1995,28046,39629,Eptesicus serotinus,0.01,0.028,-1,Echolocation,/mnt/ubna_data_02_mir/recover-20221013/UBNA_001/20221012_030000.WAV,Telephone Field,recover-20221013,001,1795
1454.2175,1454.2563,68437,82142,Rhinolophus ferrumequinum,0.024,0.024,-1,Echolocation,/mnt/ubna_data_02_mir/recover-20221013/UBNA_001/20221012_030000.WAV,Telephone Field,recover-20221013,001,1795
1454.2495,1454.2575,44375,53447,Pipistrellus pipistrellus,0.019,0.026,-1,Echolocation,/mnt/ubna_data_02_mir/recover-20221013/UBNA_001/20221012_030000.WAV,Telephone Field,recover-20221013,001,1795
1454.2515,1454.2929,68437,82468,Rhinolophus ferrumequinum,0.031,0.031,-1,Echolocation,/mnt/ubna_data_02_mir/recover-20221013/UBNA_001/20221012_030000.WAV,Telephone Field,recover-20221013,001,1795
1454.2855,1454.2967,22890,26943,Nyctalus leisleri,0.02,0.033,-1,Echolocation,/mnt/ubna_data_02_mir/recover-20221013/UBNA_001/20221012_030000.WAV,Telephone Field,recover-20221013,001,1795
1454.3085,1454.3524,68437,83459,Rhinolophus ferrumequinum,0.051,0.051,-1,Echolocation,/mnt/ubna_data_02_mir/recover-20221013/UBNA_001/20221012_030000.WAV,Telephone Field,recover-20221013,001,1795
1454.3495,1454.3912,68437,82921,Rhinolophus ferrumequinum,0.029,0.029,-1,Echolocation,/mnt/ubna_data_02_mir/recover-20221013/UBNA_001/20221012_030000.WAV,Telephone Field,recover-20221013,001,1795
1454.3625,1454.3735,50390,54856,Pipistrellus pipistrellus,0.025,0.03,-1,Echolocation,/mnt/ubna_data_02_mir/recover-20221013/UBNA_001/20221012_030000.WAV,Telephone Field,recover-20221013,001,1795
1454.3655,1454.3738,27187,37488,Eptesicus serotinus,0.012,0.032,-1,Echolocation,/mnt/ubna_data_02_mir/recover-20221013/UBNA_001/20221012_030000.WAV,Telephone Field,recover-20221013,001,1795
1454.3905,1454.4275,68437,82279,Rhinolophus ferrumequinum,0.029,0.029,-1,Echolocation,/mnt/ubna_data_02_mir/recover-20221013/UBNA_001/20221012_030000.WAV,Telephone Field,recover-20221013,001,1795
1454.3975,1454.4034,50390,56720,Pipistrellus pipistrellus,0.034,0.036,-1,Echolocation,/mnt/ubna_data_02_mir/recover-20221013/UBNA_001/20221012_030000.WAV,Telephone Field,recover-20221013,001,1795
1454.4235,1454.4312,45234,53654,Pipistrellus pipistrellus,0.023,0.028,-1,Echolocation,/mnt/ubna_data_02_mir/recover-20221013/UBNA_001/20221012_030000.WAV,Telephone Field,recover-20221013,001,1795
1454.4545,1454.4774,65000,72103,Pipistrellus pygmaeus,0.045,0.048,-1,Echolocation,/mnt/ubna_data_02_mir/recover-20221013/UBNA_001/20221012_030000.WAV,Telephone Field,recover-20221013,001,1795
1454.4835,1454.5205,68437,82191,Rhinolophus ferrumequinum,0.025,0.025,-1,Echolocation,/mnt/ubna_data_02_mir/recover-20221013/UBNA_001/20221012_030000.WAV,Telephone Field,recover-20221013,001,1795
1454.4875,1454.4935,28046,43768,Myotis daubentonii,0.008,0.029,-1,Echolocation,/mnt/ubna_data_02_mir/recover-20221013/UBNA_001/20221012_030000.WAV,Telephone Field,recover-20221013,001,1795
1454.5285,1454.5663,68437,82064,Rhinolophus ferrumequinum,0.024,0.024,-1,Echolocation,/mnt/ubna_data_02_mir/recover-20221013/UBNA_001/20221012_030000.WAV,Telephone Field,recover-20221013,001,1795
1454.5395,1454.5793,68437,82639,Rhinolophus ferrumequinum,0.023,0.023,-1,Echolocation,/mnt/ubna_data_02_mir/recover-20221013/UBNA_001/20221012_030000.WAV,Telephone Field,recover-20221013,001,1795
1454.5615,1454.5724,22031,26843,Nyctalus leisleri,0.013,0.025,-1,Echolocation,/mnt/ubna_data_02_mir/recover-20221013/UBNA_001/20221012_030000.WAV,Telephone Field,recover-20221013,001,1795
1454.5725,1454.6129,68437,83107,Rhinolophus ferrumequinum,0.032,0.032,-1,Echolocation,/mnt/ubna_data_02_mir/recover-20221013/UBNA_001/20221012_030000.WAV,Telephone Field,recover-20221013,001,1795
1454.5755,1454.5834,26328,37774,Eptesicus serotinus,0.008,0.024,-1,Echolocation,/mnt/ubna_data_02_mir/recover-20221013/UBNA_001/20221012_030000.WAV,Telephone Field,recover-20221013,001,1795
1454.5845,1454.5953,24609,31167,Eptesicus serotinus,0.01,0.027,-1,Echolocation,/mnt/ubna_data_02_mir/recover-20221013/UBNA_001/20221012_030000.WAV,Telephone Field,recover-20221013,001,1795
1454.6005,1454.638,68437,82032,Rhinolophus ferrumequinum,0.039,0.039,-1,Echolocation,/mnt/ubna_data_02_mir/recover-20221013/UBNA_001/20221012_030000.WAV,Telephone Field,recover-20221013,001,1795
1454.6365,1454.6747,68437,82355,Rhinolophus ferrumequinum,0.028,0.028,-1,Echolocation,/mnt/ubna_data_02_mir/recover-20221013/UBNA_001/20221012_030000.WAV,Telephone Field,recover-20221013,001,1795
1454.6825,1454.7202,68437,81731,Rhinolophus ferrumequinum,0.03,0.03,-1,Echolocation,/mnt/ubna_data_02_mir/recover-20221013/UBNA_001/20221012_030000.WAV,Telephone Field,recover-20221013,001,1795
1454.6825,1454.6943,35781,41476,Nyctalus leisleri,0.007,0.036,-1,Echolocation,/mnt/ubna_data_02_mir/recover-20221013/UBNA_001/20221012_030000.WAV,Telephone Field,recover-20221013,001,1795
1454.7135,1454.7202,27187,41382,Eptesicus serotinus,0.006,0.025,-1,Echolocation,/mnt/ubna_data_02_mir/recover-20221013/UBNA_001/20221012_030000.WAV,Telephone Field,recover-20221013,001,1795
1454.7725,1454.813,68437,82630,Rhinolophus ferrumequinum,0.028,0.028,-1,Echolocation,/mnt/ubna_data_02_mir/recover-20221013/UBNA_001/20221012_030000.WAV,Telephone Field,recover-20221013,001,1795
1454.7785,1454.7859,47812,56244,Pipistrellus pipistrellus,0.02,0.027,-1,Echolocation,/mnt/ubna_data_02_mir/recover-20221013/UBNA_001/20221012_030000.WAV,Telephone Field,recover-20221013,001,1795
1454.8345,1454.8488,22890,27405,Nyctalus leisleri,0.034,0.061,-1,Echolocation,/mnt/ubna_data_02_mir/recover-20221013/UBNA_001/20221012_030000.WAV,Telephone Field,recover-20221013,001,1795
1454.8535,1454.8904,68437,81567,Rhinolophus ferrumequinum,0.024,0.024,-1,Echolocation,/mnt/ubna_data_02_mir/recover-20221013/UBNA_001/20221012_030000.WAV,Telephone Field,recover-20221013,001,1795
1454.8645,1454.8747,22031,28095,Nyctalus leisleri,0.01,0.025,-1,Echolocation,/mnt/ubna_data_02_mir/recover-20221013/UBNA_001/20221012_030000.WAV,Telephone Field,recover-20221013,001,1795
1454.8645,1454.8994,68437,81418,Rhinolophus ferrumequinum,0.041,0.041,-1,Echolocation,/mnt/ubna_data_02_mir/recover-20221013/UBNA_001/20221012_030000.WAV,Telephone Field,recover-20221013,001,1795
1454.8935,1454.9004,23750,38213,Myotis nattereri,0.009,0.025,-1,Echolocation,/mnt/ubna_data_02_mir/recover-20221013/UBNA_001/20221012_030000.WAV,Telephone Field,recover-20221013,001,1795
1454.9095,1454.9491,68437,82305,Rhinolophus ferrumequinum,0.026,0.026,-1,Echolocation,/mnt/ubna_data_02_mir/recover-20221013/UBNA_001/20221012_030000.WAV,Telephone Field,recover-20221013,001,1795
1454.9455,1454.9835,68437,81830,Rhinolophus ferrumequinum,0.028,0.028,-1,Echolocation,/mnt/ubna_data_02_mir/recover-20221013/UBNA_001/20221012_030000.WAV,Telephone Field,recover-20221013,001,1795
1454.9805,1455.0173,68437,82195,Rhinolophus ferrumequinum,0.027,0.027,-1,Echolocation,/mnt/ubna_data_02_mir/recover-20221013/UBNA_001/20221012_030000.WAV,Telephone Field,recover-20221013,001,1795
1454.9915,1455.0319,68437,82429,Rhinolophus ferrumequinum,0.024,0.025,-1,Echolocation,/mnt/ubna_data_02_mir/recover-20221013/UBNA_001/20221012_030000.WAV,Telephone Field,recover-20221013,001,1795
1455.0105,1455.0508,68437,82280,Rhinolophus ferrumequinum,0.026,0.026,-1,Echolocation,/mnt/ubna_data_02_mir/recover-20221013/UBNA_001/20221012_030000.WAV,Telephone Field,recover-20221013,001,1795
1455.0175,1455.0244,27187,44174,Eptesicus serotinus,0.007,0.024,-1,Echolocation,/mnt/ubna_data_02_mir/recover-20221013/UBNA_001/20221012_030000.WAV,Telephone Field,recover-20221013,001,1795
1455.0375,1455.0807,68437,83322,Rhinolophus ferrumequinum,0.033,0.033,-1,Echolocation,/mnt/ubna_data_02_mir/recover-20221013/UBNA_001/20221012_030000.WAV,Telephone Field,recover-20221013,001,1795
1455.0635,1455.1072,68437,83493,Rhinolophus ferrumequinum,0.032,0.032,-1,Echolocation,/mnt/ubna_data_02_mir/recover-20221013/UBNA_001/20221012_030000.WAV,Telephone Field,recover-20221013,001,1795
1455.0885,1455.129,68437,81575,Rhinolophus ferrumequinum,0.028,0.028,-1,Echolocation,/mnt/ubna_data_02_mir/recover-20221013/UBNA_001/20221012_030000.WAV,Telephone Field,recover-20221013,001,1795
1455.0985,1455.1364,68437,82389,Rhinolophus ferrumequinum,0.025,0.025,-1,Echolocation,/mnt/ubna_data_02_mir/recover-20221013/UBNA_001/20221012_030000.WAV,Telephone Field,recover-20221013,001,1795
1455.1225,1455.1594,68437,81916,Rhinolophus ferrumequinum,0.024,0.024,-1,Echolocation,/mnt/ubna_data_02_mir/recover-20221013/UBNA_001/20221012_030000.WAV,Telephone Field,recover-20221013,001,1795
1455.1505,1455.1865,68437,81531,Rhinolophus ferrumequinum,0.024,0.025,-1,Echolocation,/mnt/ubna_data_02_mir/recover-20221013/UBNA_001/20221012_030000.WAV,Telephone Field,recover-20221013,001,1795
1455.1675,1455.2078,68437,81274,Rhinolophus ferrumequinum,0.065,0.065,-1,Echolocation,/mnt/ubna_data_02_mir/recover-20221013/UBNA_001/20221012_030000.WAV,Telephone Field,recover-20221013,001,1795
1455.1785,1455.2221,68437,82825,Rhinolophus ferrumequinum,0.056,0.056,-1,Echolocation,/mnt/ubna_data_02_mir/recover-20221013/UBNA_001/20221012_030000.WAV,Telephone Field,recover-20221013,001,1795
1455.2015,1455.2129,15156,20282,Nyctalus noctula,0.018,0.033,-1,Echolocation,/mnt/ubna_data_02_mir/recover-20221013/UBNA_001/20221012_030000.WAV,Telephone Field,recover-20221013,001,1795
1455.2205,1455.227,30625,54151,Myotis daubentonii,0.012,0.024,-1,Echolocation,/mnt/ubna_data_02_mir/recover-20221013/UBNA_001/20221012_030000.WAV,Telephone Field,recover-20221013,001,1795
1455.2565,1455.2917,68437,81774,Rhinolophus ferrumequinum,0.027,0.027,-1,Echolocation,/mnt/ubna_data_02_mir/recover-20221013/UBNA_001/20221012_030000.WAV,Telephone Field,recover-20221013,001,1795
1455.2675,1455.3071,68437,82492,Rhinolophus ferrumequinum,0.026,0.026,-1,Echolocation,/mnt/ubna_data_02_mir/recover-20221013/UBNA_001/20221012_030000.WAV,Telephone Field,recover-20221013,001,1795
1455.3525,1455.3597,27187,40324,Eptesicus serotinus,0.006,0.024,-1,Echolocation,/mnt/ubna_data_02_mir/recover-20221013/UBNA_001/20221012_030000.WAV,Telephone Field,recover-20221013,001,1795
1455.3545,1455.3649,22031,27737,Nyctalus leisleri,0.01,0.025,-1,Echolocation,/mnt/ubna_data_02_mir/recover-20221013/UBNA_001/20221012_030000.WAV,Telephone Field,recover-20221013,001,1795
1455.3735,1455.4091,68437,82179,Rhinolophus ferrumequinum,0.025,0.025,-1,Echolocation,/mnt/ubna_data_02_mir/recover-20221013/UBNA_001/20221012_030000.WAV,Telephone Field,recover-20221013,001,1795
1455.4155,1455.4564,68437,83171,Rhinolophus ferrumequinum,0.044,0.044,-1,Echolocation,/mnt/ubna_data_02_mir/recover-20221013/UBNA_001/20221012_030000.WAV,Telephone Field,recover-20221013,001,1795
1455.4565,1455.4635,50390,54495,Pipistrellus pipistrellus,0.025,0.027,-1,Echolocation,/mnt/ubna_data_02_mir/recover-20221013/UBNA_001/20221012_030000.WAV,Telephone Field,recover-20221013,001,1795
1455.4695,1455.5042,68437,81635,Rhinolophus ferrumequinum,0.039,0.039,-1,Echolocation,/mnt/ubna_data_02_mir/recover-20221013/UBNA_001/20221012_030000.WAV,Telephone Field,recover-20221013,001,1795
1455.4735,1455.4818,44375,51566,Pipistrellus pipistrellus,0.024,0.027,-1,Echolocation,/mnt/ubna_data_02_mir/recover-20221013/UBNA_001/20221012_030000.WAV,Telephone Field,recover-20221013,001,1795
1455.4745,1455.4812,38359,56338,Myotis mystacinus,0.008,0.024,-1,Echolocation,/mnt/ubna_data_02_mir/recover-20221013/UBNA_001/20221012_030000.WAV,Telephone Field,recover-20221013,001,1795
1455.4965,1455.5342,68437,81940,Rhinolophus ferrumequinum,0.024,0.024,-1,Echolocation,/mnt/ubna_data_02_mir/recover-20221013/UBNA_001/20221012_030000.WAV,Telephone Field,recover-20221013,001,1795
1455.5025,1455.5101,47812,54124,Pipistrellus pipistrellus,0.039,0.041,-1,Echolocation,/mnt/ubna_data_02_mir/recover-20221013/UBNA_001/20221012_030000.WAV,Telephone Field,recover-20221013,001,1795
1455.5055,1455.5431,68437,82108,Rhinolophus ferrumequinum,0.025,0.025,-1,Echolocation,/mnt/ubna_data_02_mir/recover-20221013/UBNA_001/20221012_030000.WAV,Telephone Field,recover-20221013,001,1795
1455.5155,1455.5528,68437,82045,Rhinolophus ferrumequinum,0.036,0.036,-1,Echolocation,/mnt/ubna_data_02_mir/recover-20221013/UBNA_001/20221012_030000.WAV,Telephone Field,recover-20221013,001,1795
1455.5565,1455.5953,68437,81700,Rhinolophus ferrumequinum,0.024,0.025,-1,Echolocation,/mnt/ubna_data_02_mir/recover-20221013/UBNA_001/20221012_030000.WAV,Telephone Field,recover-20221013,001,1795
1455.5715,1455.6136,68437,83536,Rhinolophus ferrumequinum,0.048,0.048,-1,Echolocation,/mnt/ubna_data_02_mir/recover-20221013/UBNA_001/20221012_030000.WAV,Telephone Field,recover-20221013,001,1795
1455.6165,1455.6284,28906,35933,Eptesicus serotinus,0.015,0.033,-1,Echolocation,/mnt/ubna_data_02_mir/recover-20221013/UBNA_001/20221012_030000.WAV,Telephone Field,recover-20221013,001,1795
1455.6205,1455.666,68437,83410,Rhinolophus ferrumequinum,0.055,0.055,-1,Echolocation,/mnt/ubna_data_02_mir/recover-20221013/UBNA_001/20221012_030000.WAV,Telephone Field,recover-20221013,001,1795
1455.6475,1455.6864,68437,82439,Rhinolophus ferrumequinum,0.024,0.024,-1,Echolocation,/mnt/ubna_data_02_mir/recover-20221013/UBNA_001/20221012_030000.WAV,Telephone Field,recover-20221013,001,1795
1455.6695,1455.7077,68437,82408,Rhinolophus ferrumequinum,0.028,0.028,-1,Echolocation,/mnt/ubna_data_02_mir/recover-20221013/UBNA_001/20221012_030000.WAV,Telephone Field,recover-20221013,001,1795
1455.7015,1455.7424,68437,82852,Rhinolophus ferrumequinum,0.026,0.026,-1,Echolocation,/mnt/ubna_data_02_mir/recover-20221013/UBNA_001/20221012_030000.WAV,Telephone Field,recover-20221013,001,1795
1455.7035,1455.7119,45234,51937,Pipistrellus pipistrellus,0.032,0.036,-1,Echolocation,/mnt/ubna_data_02_mir/recover-20221013/UBNA_001/20221012_030000.WAV,Telephone Field,recover-20221013,001,1795
1455.7435,1455.7554,26328,31121,Eptesicus serotinus,0.026,0.059,-1,Echolocation,/mnt/ubna_data_02_mir/recover-20221013/UBNA_001/20221012_030000.WAV,Telephone Field,recover-20221013,001,1795
1455.7495,1455.7896,68437,82581,Rhinolophus ferrumequinum,0.026,0.026,-1,Echolocation,/mnt/ubna_data_02_mir/recover-20221013/UBNA_001/20221012_030000.WAV,Telephone Field,recover-20221013,001,1795
1455.7585,1455.7664,46953,52953,Pipistrellus pipistrellus,0.035,0.04,-1,Echolocation,/mnt/ubna_data_02_mir/recover-20221013/UBNA_001/20221012_030000.WAV,Telephone Field,recover-20221013,001,1795
1455.7675,1455.8076,68437,82310,Rhinolophus ferrumequinum,0.031,0.031,-1,Echolocation,/mnt/ubna_data_02_mir/recover-20221013/UBNA_001/20221012_030000.WAV,Telephone Field,recover-20221013,001,1795
1455.7835,1455.8212,68437,81812,Rhinolophus ferrumequinum,0.025,0.025,-1,Echolocation,/mnt/ubna_data_02_mir/recover-20221013/UBNA_001/20221012_030000.WAV,Telephone Field,recover-20221013,001,1795
1455.7955,1455.804,26328,35185,Eptesicus serotinus,0.008,0.025,-1,Echolocation,/mnt/ubna_data_02_mir/recover-20221013/UBNA_001/20221012_030000.WAV,Telephone Field,recover-20221013,001,1795
1455.8055,1455.8445,68437,81771,Rhinolophus ferrumequinum,0.023,0.023,-1,Echolocation,/mnt/ubna_data_02_mir/recover-20221013/UBNA_001/20221012_030000.WAV,Telephone Field,recover-20221013,001,1795
1455.8195,1455.8601,68437,82191,Rhinolophus ferrumequinum,0.047,0.047,-1,Echolocation,/mnt/ubna_data_02_mir/recover-20221013/UBNA_001/20221012_030000.WAV,Telephone Field,recover-20221013,001,1795
1455.8195,1455.8281,27187,35432,Eptesicus serotinus,0.012,0.032,-1,Echolocation,/mnt/ubna_data_02_mir/recover-20221013/UBNA_001/20221012_030000.WAV,Telephone Field,recover-20221013,001,1795
1455.8495,1455.8864,68437,81936,Rhinolophus ferrumequinum,0.028,0.028,-1,Echolocation,/mnt/ubna_data_02_mir/recover-20221013/UBNA_001/20221012_030000.WAV,Telephone Field,recover-20221013,001,1795
1455.8865,1455.8945,28046,41024,Eptesicus serotinus,0.008,0.024,-1,Echolocation,/mnt/ubna_data_02_mir/recover-20221013/UBNA_001/20221012_030000.WAV,Telephone Field,recover-20221013,001,1795
1455.9015,1455.9411,68437,82862,Rhinolophus ferrumequinum,0.034,0.034,-1,Echolocation,/mnt/ubna_data_02_mir/recover-20221013/UBNA_001/20221012_030000.WAV,Telephone Field,recover-20221013,001,1795
1455.9265,1455.9377,22890,28105,Nyctalus leisleri,0.011,0.025,-1,Echolocation,/mnt/ubna_data_02_mir/recover-20221013/UBNA_001/20221012_030000.WAV,Telephone Field,recover-20221013,001,1795
1456.0015,1456.0107,23750,30278,Nyctalus leisleri,0.014,0.033,-1,Echolocation,/mnt/ubna_data_02_mir/recover-20221013/UBNA_001/20221012_030000.WAV,Telephone Field,recover-20221013,001,1795
1456.0015,1456.0341,68437,79790,Rhinolophus ferrumequinum,0.054,0.054,-1,Echolocation,/mnt/ubna_data_02_mir/recover-20221013/UBNA_001/20221012_030000.WAV,Telephone Field,recover-20221013,001,1795
1456.0015,1456.0096,48671,55104,Pipistrellus pipistrellus,0.018,0.025,-1,Echolocation,/mnt/ubna_data_02_mir/recover-20221013/UBNA_001/20221012_030000.WAV,Telephone Field,recover-20221013,001,1795
1456.0105,1456.0554,68437,82695,Rhinolophus ferrumequinum,0.029,0.029,-1,Echolocation,/mnt/ubna_data_02_mir/recover-20221013/UBNA_001/20221012_030000.WAV,Telephone Field,recover-20221013,001,1795
1456.0475,1456.0529,36640,47643,Barbastellus barbastellus,0.007,0.029,-1,Echolocation,/mnt/ubna_data_02_mir/recover-20221013/UBNA_001/20221012_030000.WAV,Telephone Field,recover-20221013,001,1795
1456.0495,1456.0553,24609,43585,Myotis nattereri,0.01,0.031,-1,Echolocation,/mnt/ubna_data_02_mir/recover-20221013/UBNA_001/20221012_030000.WAV,Telephone Field,recover-20221013,001,1795
1456.0525,1456.0927,68437,82610,Rhinolophus ferrumequinum,0.029,0.029,-1,Echolocation,/mnt/ubna_data_02_mir/recover-20221013/UBNA_001/20221012_030000.WAV,Telephone Field,recover-20221013,001,1795
1456.0535,1456.0629,50390,57462,Pipistrellus pipistrellus,0.023,0.029,-1,Echolocation,/mnt/ubna_data_02_mir/recover-20221013/UBNA_001/20221012_030000.WAV,Telephone Field,recover-20221013,001,1795
1456.0745,1456.084,28046,36678,Eptesicus serotinus,0.009,0.023,-1,Echolocation,/mnt/ubna_data_02_mir/recover-20221013/UBNA_001/20221012_030000.WAV,Telephone Field,recover-20221013,001,1795
1456.0855,1456.1234,68437,82308,Rhinolophus ferrumequinum,0.024,0.024,-1,Echolocation,/mnt/ubna_data_02_mir/recover-20221013/UBNA_001/20221012_030000.WAV,Telephone Field,recover-20221013,001,1795
1456.0935,1456.1028,23750,30541,Nyctalus leisleri,0.008,0.022,-1,Echolocation,/mnt/ubna_data_02_mir/recover-20221013/UBNA_001/20221012_030000.WAV,Telephone Field,recover-20221013,001,1795
1456.0995,1456.1394,68437,81849,Rhinolophus ferrumequinum,0.025,0.025,-1,Echolocation,/mnt/ubna_data_02_mir/recover-20221013/UBNA_001/20221012_030000.WAV,Telephone Field,recover-20221013,001,1795
1456.1065,1456.1474,68437,82625,Rhinolophus ferrumequinum,0.028,0.028,-1,Echolocation,/mnt/ubna_data_02_mir/recover-20221013/UBNA_001/20221012_030000.WAV,Telephone Field,recover-20221013,001,1795
1456.1165,1456.1263,24609,31535,Nyctalus leisleri,0.008,0.022,-1,Echolocation,/mnt/ubna_data_02_mir/recover-20221013/UBNA_001/20221012_030000.WAV,Telephone Field,recover-20221013,001,1795
1456.1345,1456.1759,68437,82806,Rhinolophus ferrumequinum,0.025,0.025,-1,Echolocation,/mnt/ubna_data_02_mir/recover-20221013/UBNA_001/20221012_030000.WAV,Telephone Field,recover-20221013,001,1795
1456.1605,1456.2017,68437,81825,Rhinolophus ferrumequinum,0.026,0.026,-1,Echolocation,/mnt/ubna_data_02_mir/recover-20221013/UBNA_001/20221012_030000.WAV,Telephone Field,recover-20221013,001,1795
1456.1935,1456.2322,68437,82068,Rhinolophus ferrumequinum,0.023,0.023,-1,Echolocation,/mnt/ubna_data_02_mir/recover-20221013/UBNA_001/20221012_030000.WAV,Telephone Field,recover-20221013,001,1795
1456.2125,1456.2536,68437,82807,Rhinolophus ferrumequinum,0.031,0.031,-1,Echolocation,/mnt/ubna_data_02_mir/recover-20221013/UBNA_001/20221012_030000.WAV,Telephone Field,recover-20221013,001,1795
1456.2195,1456.2611,68437,82915,Rhinolophus ferrumequinum,0.03,0.03,-1,Echolocation,/mnt/ubna_data_02_mir/recover-20221013/UBNA_001/20221012_030000.WAV,Telephone Field,recover-20221013,001,1795
1456.2245,1456.2306,28046,40933,Myotis daubentonii,0.006,0.027,-1,Echolocation,/mnt/ubna_data_02_mir/recover-20221013/UBNA_001/20221012_030000.WAV,Telephone Field,recover-20221013,001,1795
1456.2525,1456.2896,68437,81703,Rhinolophus ferrumequinum,0.022,0.022,-1,Echolocation,/mnt/ubna_data_02_mir/recover-20221013/UBNA_001/20221012_030000.WAV,Telephone Field,recover-20221013,001,1795
1456.2735,1456.2808,25468,35112,Plecotus austriacus,0.006,0.022,-1,Echolocation,/mnt/ubna_data_02_mir/recover-20221013/UBNA_001/20221012_030000.WAV,Telephone Field,recover-20221013,001,1795
1456.2865,1456.2957,28046,36021,Eptesicus serotinus,0.008,0.022,-1,Echolocation,/mnt/ubna_data_02_mir/recover-20221013/UBNA_001/20221012_030000.WAV,Telephone Field,recover-20221013,001,1795
1456.2925,1456.3305,68437,81727,Rhinolophus ferrumequinum,0.026,0.026,-1,Echolocation,/mnt/ubna_data_02_mir/recover-20221013/UBNA_001/20221012_030000.WAV,Telephone Field,recover-20221013,001,1795
1456.3105,1456.3535,68437,82744,Rhinolophus ferrumequinum,0.023,0.023,-1,Echolocation,/mnt/ubna_data_02_mir/recover-20221013/UBNA_001/20221012_030000.WAV,Telephone Field,recover-20221013,001,1795
1456.3195,1456.3632,68437,83100,Rhinolophus ferrumequinum,0.026,0.026,-1,Echolocation,/mnt/ubna_data_02_mir/recover-20221013/UBNA_001/20221012_030000.WAV,Telephone Field,recover-20221013,001,1795
1456.3345,1456.3443,44375,50305,Pipistrellus pipistrellus,0.026,0.03,-1,Echolocation,/mnt/ubna_data_02_mir/recover-20221013/UBNA_001/20221012_030000.WAV,Telephone Field,recover-20221013,001,1795
1456.3375,1456.3462,27187,40979,Eptesicus serotinus,0.009,0.024,-1,Echolocation,/mnt/ubna_data_02_mir/recover-20221013/UBNA_001/20221012_030000.WAV,Telephone Field,recover-20221013,001,1795
1456.3775,1456.3871,26328,34121,Eptesicus serotinus,0.013,0.037,-1,Echolocation,/mnt/ubna_data_02_mir/recover-20221013/UBNA_001/20221012_030000.WAV,Telephone Field,recover-20221013,001,1795
1456.3865,1456.4267,68437,82486,Rhinolophus ferrumequinum,0.022,0.023,-1,Echolocation,/mnt/ubna_data_02_mir/recover-20221013/UBNA_001/20221012_030000.WAV,Telephone Field,recover-20221013,001,1795
1456.3925,1456.4127,20312,23298,Nyctalus leisleri,0.014,0.026,-1,Echolocation,/mnt/ubna_data_02_mir/recover-20221013/UBNA_001/20221012_030000.WAV,Telephone Field,recover-20221013,001,1795
1456.4015,1456.4072,24609,38495,Plecotus austriacus,0.01,0.028,-1,Echolocation,/mnt/ubna_data_02_mir/recover-20221013/UBNA_001/20221012_030000.WAV,Telephone Field,recover-20221013,001,1795
1456.4025,1456.4403,68437,82587,Rhinolophus ferrumequinum,0.023,0.023,-1,Echolocation,/mnt/ubna_data_02_mir/recover-20221013/UBNA_001/20221012_030000.WAV,Telephone Field,recover-20221013,001,1795
1456.4215,1456.46,68437,82229,Rhinolophus ferrumequinum,0.024,0.024,-1,Echolocation,/mnt/ubna_data_02_mir/recover-20221013/UBNA_001/20221012_030000.WAV,Telephone Field,recover-20221013,001,1795
1456.4535,1456.4901,68437,81748,Rhinolophus ferrumequinum,0.022,0.022,-1,Echolocation,/mnt/ubna_data_02_mir/recover-20221013/UBNA_001/20221012_030000.WAV,Telephone Field,recover-20221013,001,1795
1456.4585,1456.4684,24609,33128,Eptesicus serotinus,0.007,0.025,-1,Echolocation,/mnt/ubna_data_02_mir/recover-20221013/UBNA_001/20221012_030000.WAV,Telephone Field,recover-20221013,001,1795
1456.4675,1456.4781,25468,31229,Eptesicus serotinus,0.01,0.026,-1,Echolocation,/mnt/ubna_data_02_mir/recover-20221013/UBNA_001/20221012_030000.WAV,Telephone Field,recover-20221013,001,1795
1456.4815,1456.5213,68437,82046,Rhinolophus ferrumequinum,0.022,0.022,-1,Echolocation,/mnt/ubna_data_02_mir/recover-20221013/UBNA_001/20221012_030000.WAV,Telephone Field,recover-20221013,001,1795
1456.4845,1456.4924,28046,40767,Eptesicus serotinus,0.008,0.024,-1,Echolocation,/mnt/ubna_data_02_mir/recover-20221013/UBNA_001/20221012_030000.WAV,Telephone Field,recover-20221013,001,1795
1456.5455,1456.5846,68437,82085,Rhinolophus ferrumequinum,0.022,0.023,-1,Echolocation,/mnt/ubna_data_02_mir/recover-20221013/UBNA_001/20221012_030000.WAV,Telephone Field,recover-20221013,001,1795
1456.6255,1456.669,68437,83194,Rhinolophus ferrumequinum,0.028,0.028,-1,Echolocation,/mnt/ubna_data_02_mir/recover-20221013/UBNA_001/20221012_030000.WAV,Telephone Field,recover-20221013,001,1795
1456.6295,1456.638,28046,39577,Eptesicus serotinus,0.009,0.025,-1,Echolocation,/mnt/ubna_data_02_mir/recover-20221013/UBNA_001/20221012_030000.WAV,Telephone Field,recover-20221013,001,1795
1456.6435,1456.6865,68437,82793,Rhinolophus ferrumequinum,0.031,0.031,-1,Echolocation,/mnt/ubna_data_02_mir/recover-20221013/UBNA_001/20221012_030000.WAV,Telephone Field,recover-20221013,001,1795
1456.6595,1456.6658,28906,40161,Eptesicus serotinus,0.017,0.049,-1,Echolocation,/mnt/ubna_data_02_mir/recover-20221013/UBNA_001/20221012_030000.WAV,Telephone Field,recover-20221013,001,1795
1456.6825,1456.6934,22890,27473,Nyctalus leisleri,0.013,0.026,-1,Echolocation,/mnt/ubna_data_02_mir/recover-20221013/UBNA_001/20221012_030000.WAV,Telephone Field,recover-20221013,001,1795
1456.6975,1456.733,68437,81570,Rhinolophus ferrumequinum,0.027,0.027,-1,Echolocation,/mnt/ubna_data_02_mir/recover-20221013/UBNA_001/20221012_030000.WAV,Telephone Field,recover-20221013,001,1795
1456.7435,1456.7808,68437,81908,Rhinolophus ferrumequinum,0.021,0.021,-1,Echolocation,/mnt/ubna_data_02_mir/recover-20221013/UBNA_001/20221012_030000.WAV,Telephone Field,recover-20221013,001,1795
1456.7455,1456.753,28046,41284,Eptesicus serotinus,0.007,0.023,-1,Echolocation,/mnt/ubna_data_02_mir/recover-20221013/UBNA_001/20221012_030000.WAV,Telephone Field,recover-20221013,001,1795
1456.7765,1456.7872,28046,36466,Eptesicus serotinus,0.017,0.031,-1,Echolocation,/mnt/ubna_data_02_mir/recover-20221013/UBNA_001/20221012_030000.WAV,Telephone Field,recover-20221013,001,1795
1456.8085,1456.8284,18593,21990,Nyctalus noctula,0.015,0.025,-1,Echolocation,/mnt/ubna_data_02_mir/recover-20221013/UBNA_001/20221012_030000.WAV,Telephone Field,recover-20221013,001,1795
1456.8215,1456.8616,68437,82861,Rhinolophus ferrumequinum,0.031,0.031,-1,Echolocation,/mnt/ubna_data_02_mir/recover-20221013/UBNA_001/20221012_030000.WAV,Telephone Field,recover-20221013,001,1795
1456.8385,1456.877,68437,82388,Rhinolophus ferrumequinum,0.024,0.024,-1,Echolocation,/mnt/ubna_data_02_mir/recover-20221013/UBNA_001/20221012_030000.WAV,Telephone Field,recover-20221013,001,1795
1456.8635,1456.9023,68437,82125,Rhinolophus ferrumequinum,0.024,0.024,-1,Echolocation,/mnt/ubna_data_02_mir/recover-20221013/UBNA_001/20221012_030000.WAV,Telephone Field,recover-20221013,001,1795
1456.9125,1456.9221,51250,56136,Pipistrellus pipistrellus,0.027,0.033,-1,Echolocation,/mnt/ubna_data_02_mir/recover-20221013/UBNA_001/20221012_030000.WAV,Telephone Field,recover-20221013,001,1795
1456.9155,1456.9552,68437,82383,Rhinolophus ferrumequinum,0.023,0.023,-1,Echolocation,/mnt/ubna_data_02_mir/recover-20221013/UBNA_001/20221012_030000.WAV,Telephone Field,recover-20221013,001,1795
1456.9165,1456.9273,29765,36205,Eptesicus serotinus,0.017,0.036,-1,Echolocation,/mnt/ubna_data_02_mir/recover-20221013/UBNA_001/20221012_030000.WAV,Telephone Field,recover-20221013,001,1795
1456.9475,1456.9562,46953,50860,Pipistrellus pipistrellus,0.039,0.04,-1,Echolocation,/mnt/ubna_data_02_mir/recover-20221013/UBNA_001/20221012_030000.WAV,Telephone Field,recover-20221013,001,1795
1456.9495,1456.9861,68437,81895,Rhinolophus ferrumequinum,0.021,0.021,-1,Echolocation,/mnt/ubna_data_02_mir/recover-20221013/UBNA_001/20221012_030000.WAV,Telephone Field,recover-20221013,001,1795
1456.9675,1456.976,28046,37564,Eptesicus serotinus,0.008,0.023,-1,Echolocation,/mnt/ubna_data_02_mir/recover-20221013/UBNA_001/20221012_030000.WAV,Telephone Field,recover-20221013,001,1795
1456.9725,1457.0084,68437,81348,Rhinolophus ferrumequinum,0.023,0.023,-1,Echolocation,/mnt/ubna_data_02_mir/recover-20221013/UBNA_001/20221012_030000.WAV,Telephone Field,recover-20221013,001,1795
1456.9815,1457.0201,68437,82580,Rhinolophus ferrumequinum,0.027,0.027,-1,Echolocation,/mnt/ubna_data_02_mir/recover-20221013/UBNA_001/20221012_030000.WAV,Telephone Field,recover-20221013,001,1795
1457.0385,1457.0747,68437,80935,Rhinolophus ferrumequinum,0.031,0.031,-1,Echolocation,/mnt/ubna_data_02_mir/recover-20221013/UBNA_001/20221012_030000.WAV,Telephone Field,recover-20221013,001,1795
1457.0545,1457.091,68437,81346,Rhinolophus ferrumequinum,0.025,0.025,-1,Echolocation,/mnt/ubna_data_02_mir/recover-20221013/UBNA_001/20221012_030000.WAV,Telephone Field,recover-20221013,001,1795
1457.0675,1457.1034,68437,81944,Rhinolophus ferrumequinum,0.023,0.023,-1,Echolocation,/mnt/ubna_data_02_mir/recover-20221013/UBNA_001/20221012_030000.WAV,Telephone Field,recover-20221013,001,1795
1457.0875,1457.0974,44375,48360,Pipistrellus pipistrellus,0.017,0.022,-1,Echolocation,/mnt/ubna_data_02_mir/recover-20221013/UBNA_001/20221012_030000.WAV,Telephone Field,recover-20221013,001,1795
1457.0995,1457.1376,68437,81868,Rhinolophus ferrumequinum,0.024,0.024,-1,Echolocation,/mnt/ubna_data_02_mir/recover-20221013/UBNA_001/20221012_030000.WAV,Telephone Field,recover-20221013,001,1795
1457.1155,1457.1518,68437,81840,Rhinolophus ferrumequinum,0.025,0.025,-1,Echolocation,/mnt/ubna_data_02_mir/recover-20221013/UBNA_001/20221012_030000.WAV,Telephone Field,recover-20221013,001,1795
1457.1475,1457.1581,23750,30318,Nyctalus leisleri,0.008,0.022,-1,Echolocation,/mnt/ubna_data_02_mir/recover-20221013/UBNA_001/20221012_030000.WAV,Telephone Field,recover-20221013,001,1795
1457.1495,1457.1919,68437,82945,Rhinolophus ferrumequinum,0.026,0.026,-1,Echolocation,/mnt/ubna_data_02_mir/recover-20221013/UBNA_001/20221012_030000.WAV,Telephone Field,recover-20221013,001,1795
1457.1815,1457.1877,26328,42268,Plecotus auritus,0.006,0.023,-1,Echolocation,/mnt/ubna_data_02_mir/recover-20221013/UBNA_001/20221012_030000.WAV,Telephone Field,recover-20221013,001,1795
1457.1845,1457.2255,68437,83182,Rhinolophus ferrumequinum,0.036,0.036,-1,Echolocation,/mnt/ubna_data_02_mir/recover-20221013/UBNA_001/20221012_030000.WAV,Telephone Field,recover-20221013,001,1795
1457.1855,1457.1945,21171,27853,Plecotus austriacus,0.01,0.024,-1,Echolocation,/mnt/ubna_data_02_mir/recover-20221013/UBNA_001/20221012_030000.WAV,Telephone Field,recover-20221013,001,1795
1457.2075,1457.2439,68437,81449,Rhinolophus ferrumequinum,0.022,0.022,-1,Echolocation,/mnt/ubna_data_02_mir/recover-20221013/UBNA_001/20221012_030000.WAV,Telephone Field,recover-20221013,001,1795
1457.2275,1457.2667,68437,81592,Rhinolophus ferrumequinum,0.022,0.022,-1,Echolocation,/mnt/ubna_data_02_mir/recover-20221013/UBNA_001/20221012_030000.WAV,Telephone Field,recover-20221013,001,1795
1457.2375,1457.2787,68437,83163,Rhinolophus ferrumequinum,0.028,0.028,-1,Echolocation,/mnt/ubna_data_02_mir/recover-20221013/UBNA_001/20221012_030000.WAV,Telephone Field,recover-20221013,001,1795
1457.2645,1457.2717,27187,39044,Eptesicus serotinus,0.009,0.029,-1,Echolocation,/mnt/ubna_data_02_mir/recover-20221013/UBNA_001/20221012_030000.WAV,Telephone Field,recover-20221013,001,1795
1457.2955,1457.334,68437,81392,Rhinolophus ferrumequinum,0.022,0.022,-1,Echolocation,/mnt/ubna_data_02_mir/recover-20221013/UBNA_001/20221012_030000.WAV,Telephone Field,recover-20221013,001,1795
1457.3005,1457.3078,47812,52106,Pipistrellus pipistrellus,0.03,0.032,-1,Echolocation,/mnt/ubna_data_02_mir/recover-20221013/UBNA_001/20221012_030000.WAV,Telephone Field,recover-20221013,001,1795
1457.3155,1457.356,68437,82295,Rhinolophus ferrumequinum,0.027,0.028,-1,Echolocation,/mnt/ubna_data_02_mir/recover-20221013/UBNA_001/20221012_030000.WAV,Telephone Field,recover-20221013,001,1795
1457.3555,1457.3924,68437,81482,Rhinolophus ferrumequinum,0.022,0.022,-1,Echolocation,/mnt/ubna_data_02_mir/recover-20221013/UBNA_001/20221012_030000.WAV,Telephone Field,recover-20221013,001,1795
1457.3755,1457.4131,68437,81974,Rhinolophus ferrumequinum,0.022,0.022,-1,Echolocation,/mnt/ubna_data_02_mir/recover-20221013/UBNA_001/20221012_030000.WAV,Telephone Field,recover-20221013,001,1795
1457.4295,1457.4657,68437,81270,Rhinolophus ferrumequinum,0.028,0.028,-1,Echolocation,/mnt/ubna_data_02_mir/recover-20221013/UBNA_001/20221012_030000.WAV,Telephone Field,recover-20221013,001,1795
1457.4425,1457.4525,22890,28743,Nyctalus leisleri,0.009,0.021,-1,Echolocation,/mnt/ubna_data_02_mir/recover-20221013/UBNA_001/20221012_030000.WAV,Telephone Field,recover-20221013,001,1795
1457.4905,1457.4991,28046,38036,Eptesicus serotinus,0.008,0.021,-1,Echolocation,/mnt/ubna_data_02_mir/recover-20221013/UBNA_001/20221012_030000.WAV,Telephone Field,recover-20221013,001,1795
1457.5165,1457.5295,22031,25961,Nyctalus leisleri,0.016,0.027,-1,Echolocation,/mnt/ubna_data_02_mir/recover-20221013/UBNA_001/20221012_030000.WAV,Telephone Field,recover-20221013,001,1795
1457.5175,1457.5581,68437,82577,Rhinolophus ferrumequinum,0.025,0.025,-1,Echolocation,/mnt/ubna_data_02_mir/recover-20221013/UBNA_001/20221012_030000.WAV,Telephone Field,recover-20221013,001,1795
1457.5545,1457.597,68437,82810,Rhinolophus ferrumequinum,0.03,0.03,-1,Echolocation,/mnt/ubna_data_02_mir/recover-20221013/UBNA_001/20221012_030000.WAV,Telephone Field,recover-20221013,001,1795
1457.5735,1457.583,24609,30750,Nyctalus leisleri,0.012,0.029,-1,Echolocation,/mnt/ubna_data_02_mir/recover-20221013/UBNA_001/20221012_030000.WAV,Telephone Field,recover-20221013,001,1795
1457.5855,1457.6273,68437,82503,Rhinolophus ferrumequinum,0.022,0.022,-1,Echolocation,/mnt/ubna_data_02_mir/recover-20221013/UBNA_001/20221012_030000.WAV,Telephone Field,recover-20221013,001,1795
1457.6025,1457.6099,46093,49910,Pipistrellus pipistrellus,0.021,0.022,-1,Echolocation,/mnt/ubna_data_02_mir/recover-20221013/UBNA_001/20221012_030000.WAV,Telephone Field,recover-20221013,001,1795
1457.6155,1457.6601,68437,83126,Rhinolophus ferrumequinum,0.045,0.045,-1,Echolocation,/mnt/ubna_data_02_mir/recover-20221013/UBNA_001/20221012_030000.WAV,Telephone Field,recover-20221013,001,1795
1457.6715,1457.7096,68437,81899,Rhinolophus ferrumequinum,0.022,0.022,-1,Echolocation,/mnt/ubna_data_02_mir/recover-20221013/UBNA_001/20221012_030000.WAV,Telephone Field,recover-20221013,001,1795
1457.6755,1457.6827,26328,37425,Eptesicus serotinus,0.008,0.027,-1,Echolocation,/mnt/ubna_data_02_mir/recover-20221013/UBNA_001/20221012_030000.WAV,Telephone Field,recover-20221013,001,1795
1457.6845,1457.7219,68437,82098,Rhinolophus ferrumequinum,0.022,0.022,-1,Echolocation,/mnt/ubna_data_02_mir/recover-20221013/UBNA_001/20221012_030000.WAV,Telephone Field,recover-20221013,001,1795
1457.7045,1457.7119,28906,41051,Eptesicus serotinus,0.006,0.024,-1,Echolocation,/mnt/ubna_data_02_mir/recover-20221013/UBNA_001/20221012_030000.WAV,Telephone Field,recover-20221013,001,1795
1457.7295,1457.7665,68437,81601,Rhinolophus ferrumequinum,0.022,0.022,-1,Echolocation,/mnt/ubna_data_02_mir/recover-20221013/UBNA_001/20221012_030000.WAV,Telephone Field,recover-20221013,001,1795
1457.7505,1457.792,68437,83134,Rhinolophus ferrumequinum,0.039,0.039,-1,Echolocation,/mnt/ubna_data_02_mir/recover-20221013/UBNA_001/20221012_030000.WAV,Telephone Field,recover-20221013,001,1795
1457.7805,1457.8196,68437,82437,Rhinolophus ferrumequinum,0.021,0.022,-1,Echolocation,/mnt/ubna_data_02_mir/recover-20221013/UBNA_001/20221012_030000.WAV,Telephone Field,recover-20221013,001,1795
1457.7885,1457.8282,68437,82157,Rhinolophus ferrumequinum,0.023,0.023,-1,Echolocation,/mnt/ubna_data_02_mir/recover-20221013/UBNA_001/20221012_030000.WAV,Telephone Field,recover-20221013,001,1795
1457.8225,1457.8647,68437,83316,Rhinolophus ferrumequinum,0.026,0.026,-1,Echolocation,/mnt/ubna_data_02_mir/recover-20221013/UBNA_001/20221012_030000.WAV,Telephone Field,recover-20221013,001,1795
1457.8785,1457.9192,68437,82519,Rhinolophus ferrumequinum,0.022,0.022,-1,Echolocation,/mnt/ubna_data_02_mir/recover-20221013/UBNA_001/20221012_030000.WAV,Telephone Field,recover-20221013,001,1795
1457.8995,1457.9406,68437,82515,Rhinolophus ferrumequinum,0.022,0.023,-1,Echolocation,/mnt/ubna_data_02_mir/recover-20221013/UBNA_001/20221012_030000.WAV,Telephone Field,recover-20221013,001,1795
1457.9085,1457.9502,68437,82444,Rhinolophus ferrumequinum,0.023,0.023,-1,Echolocation,/mnt/ubna_data_02_mir/recover-20221013/UBNA_001/20221012_030000.WAV,Telephone Field,recover-20221013,001,1795
1457.9125,1457.9227,22031,26925,Nyctalus leisleri,0.009,0.022,-1,Echolocation,/mnt/ubna_data_02_mir/recover-20221013/UBNA_001/20221012_030000.WAV,Telephone Field,recover-20221013,001,1795
1457.9535,1457.9689,20312,23783,Nyctalus leisleri,0.012,0.023,-1,Echolocation,/mnt/ubna_data_02_mir/recover-20221013/UBNA_001/20221012_030000.WAV,Telephone Field,recover-20221013,001,1795
1458.0015,1458.0111,22031,27469,Nyctalus leisleri,0.013,0.03,-1,Echolocation,/mnt/ubna_data_02_mir/recover-20221013/UBNA_001/20221012_030000.WAV,Telephone Field,recover-20221013,001,1795
1458.0015,1458.0351,68437,79595,Rhinolophus ferrumequinum,0.028,0.028,-1,Echolocation,/mnt/ubna_data_02_mir/recover-20221013/UBNA_001/20221012_030000.WAV,Telephone Field,recover-20221013,001,1795
1458.0015,1458.0104,26328,37420,Nyctalus leisleri,0.011,0.035,-1,Echolocation,/mnt/ubna_data_02_mir/recover-20221013/UBNA_001/20221012_030000.WAV,Telephone Field,recover-20221013,001,1795
1458.0715,1458.0826,22031,26985,Nyctalus leisleri,0.011,0.024,-1,Echolocation,/mnt/ubna_data_02_mir/recover-20221013/UBNA_001/20221012_030000.WAV,Telephone Field,recover-20221013,001,1795
1458.0735,1458.1132,68437,82298,Rhinolophus ferrumequinum,0.025,0.025,-1,Echolocation,/mnt/ubna_data_02_mir/recover-20221013/UBNA_001/20221012_030000.WAV,Telephone Field,recover-20221013,001,1795
1458.0835,1458.0933,27187,35736,Eptesicus serotinus,0.01,0.023,-1,Echolocation,/mnt/ubna_data_02_mir/recover-20221013/UBNA_001/20221012_030000.WAV,Telephone Field,recover-20221013,001,1795
1458.1405,1458.1821,68437,82799,Rhinolophus ferrumequinum,0.024,0.024,-1,Echolocation,/mnt/ubna_data_02_mir/recover-20221013/UBNA_001/20221012_030000.WAV,Telephone Field,recover-20221013,001,1795
1458.1855,1458.2255,68437,82819,Rhinolophus ferrumequinum,0.023,0.023,-1,Echolocation,/mnt/ubna_data_02_mir/recover-20221013/UBNA_001/20221012_030000.WAV,Telephone Field,recover-20221013,001,1795
1458.1975,1458.2071,39218,45971,Barbastellus barbastellus,0.007,0.026,-1,Echolocation,/mnt/ubna_data_02_mir/recover-20221013/UBNA_001/20221012_030000.WAV,Telephone Field,recover-20221013,001,1795
1458.2055,1458.2128,27187,39305,Eptesicus serotinus,0.006,0.025,-1,Echolocation,/mnt/ubna_data_02_mir/recover-20221013/UBNA_001/20221012_030000.WAV,Telephone Field,recover-20221013,001,1795
1458.2405,1458.281,68437,82573,Rhinolophus ferrumequinum,0.026,0.026,-1,Echolocation,/mnt/ubna_data_02_mir/recover-20221013/UBNA_001/20221012_030000.WAV,Telephone Field,recover-20221013,001,1795
1458.2675,1458.3042,68437,82108,Rhinolophus ferrumequinum,0.023,0.023,-1,Echolocation,/mnt/ubna_data_02_mir/recover-20221013/UBNA_001/20221012_030000.WAV,Telephone Field,recover-20221013,001,1795
1458.3115,1458.3211000000001,28906,37659,Eptesicus serotinus,0.01,0.026,-1,Echolocation,/mnt/ubna_data_02_mir/recover-20221013/UBNA_001/20221012_030000.WAV,Telephone Field,recover-20221013,001,1795
1458.3135,1458.352,68437,82104,Rhinolophus ferrumequinum,0.026,0.026,-1,Echolocation,/mnt/ubna_data_02_mir/recover-20221013/UBNA_001/20221012_030000.WAV,Telephone Field,recover-20221013,001,1795
1458.3405,1458.376,68437,80987,Rhinolophus ferrumequinum,0.023,0.023,-1,Echolocation,/mnt/ubna_data_02_mir/recover-20221013/UBNA_001/20221012_030000.WAV,Telephone Field,recover-20221013,001,1795
1458.3515,1458.3588,26328,35913,Eptesicus serotinus,0.007,0.023,-1,Echolocation,/mnt/ubna_data_02_mir/recover-20221013/UBNA_001/20221012_030000.WAV,Telephone Field,recover-20221013,001,1795
1458.3715,1458.41,68437,82019,Rhinolophus ferrumequinum,0.023,0.023,-1,Echolocation,/mnt/ubna_data_02_mir/recover-20221013/UBNA_001/20221012_030000.WAV,Telephone Field,recover-20221013,001,1795
1458.3755,1458.3858,22031,26460,Nyctalus leisleri,0.011,0.023,-1,Echolocation,/mnt/ubna_data_02_mir/recover-20221013/UBNA_001/20221012_030000.WAV,Telephone Field,recover-20221013,001,1795
1458.3875,1458.4221,68437,81183,Rhinolophus ferrumequinum,0.024,0.024,-1,Echolocation,/mnt/ubna_data_02_mir/recover-20221013/UBNA_001/20221012_030000.WAV,Telephone Field,recover-20221013,001,1795
1458.4005,1458.4351,68437,80911,Rhinolophus ferrumequinum,0.024,0.024,-1,Echolocation,/mnt/ubna_data_02_mir/recover-20221013/UBNA_001/20221012_030000.WAV,Telephone Field,recover-20221013,001,1795
1458.4015,1458.4131,22890,28284,Nyctalus leisleri,0.013,0.027,-1,Echolocation,/mnt/ubna_data_02_mir/recover-20221013/UBNA_001/20221012_030000.WAV,Telephone Field,recover-20221013,001,1795
1458.4195,1458.4292,28906,36796,Eptesicus serotinus,0.009,0.023,-1,Echolocation,/mnt/ubna_data_02_mir/recover-20221013/UBNA_001/20221012_030000.WAV,Telephone Field,recover-20221013,001,1795
1458.4235,1458.4627,68437,82796,Rhinolophus ferrumequinum,0.027,0.027,-1,Echolocation,/mnt/ubna_data_02_mir/recover-20221013/UBNA_001/20221012_030000.WAV,Telephone Field,recover-20221013,001,1795
1458.4565,1458.493,68437,81062,Rhinolophus ferrumequinum,0.023,0.023,-1,Echolocation,/mnt/ubna_data_02_mir/recover-20221013/UBNA_001/20221012_030000.WAV,Telephone Field,recover-20221013,001,1795
1458.5075,1458.5465,68437,82393,Rhinolophus ferrumequinum,0.026,0.026,-1,Echolocation,/mnt/ubna_data_02_mir/recover-20221013/UBNA_001/20221012_030000.WAV,Telephone Field,recover-20221013,001,1795
1458.5195,1458.5573,68437,81432,Rhinolophus ferrumequinum,0.034,0.035,-1,Echolocation,/mnt/ubna_data_02_mir/recover-20221013/UBNA_001/20221012_030000.WAV,Telephone Field,recover-20221013,001,1795
1458.5325,1458.5704,68437,82204,Rhinolophus ferrumequinum,0.023,0.023,-1,Echolocation,/mnt/ubna_data_02_mir/recover-20221013/UBNA_001/20221012_030000.WAV,Telephone Field,recover-20221013,001,1795
1458.5365,1458.547,45234,48894,Pipistrellus pipistrellus,0.027,0.028,-1,Echolocation,/mnt/ubna_data_02_mir/recover-20221013/UBNA_001/20221012_030000.WAV,Telephone Field,recover-20221013,001,1795
1458.5465,1458.5668,20312,23698,Nyctalus noctula,0.024,0.051,-1,Echolocation,/mnt/ubna_data_02_mir/recover-20221013/UBNA_001/20221012_030000.WAV,Telephone Field,recover-20221013,001,1795
1458.5655,1458.605,68437,82383,Rhinolophus ferrumequinum,0.023,0.023,-1,Echolocation,/mnt/ubna_data_02_mir/recover-20221013/UBNA_001/20221012_030000.WAV,Telephone Field,recover-20221013,001,1795
1458.5715,1458.6113,68437,82505,Rhinolophus ferrumequinum,0.024,0.024,-1,Echolocation,/mnt/ubna_data_02_mir/recover-20221013/UBNA_001/20221012_030000.WAV,Telephone Field,recover-20221013,001,1795
1458.5965,1458.6382,68437,83111,Rhinolophus ferrumequinum,0.032,0.032,-1,Echolocation,/mnt/ubna_data_02_mir/recover-20221013/UBNA_001/20221012_030000.WAV,Telephone Field,recover-20221013,001,1795
1458.6215,1458.6606,68437,81993,Rhinolophus ferrumequinum,0.023,0.023,-1,Echolocation,/mnt/ubna_data_02_mir/recover-20221013/UBNA_001/20221012_030000.WAV,Telephone Field,recover-20221013,001,1795
1458.6535,1458.6945,68437,82601,Rhinolophus ferrumequinum,0.025,0.025,-1,Echolocation,/mnt/ubna_data_02_mir/recover-20221013/UBNA_001/20221012_030000.WAV,Telephone Field,recover-20221013,001,1795
1458.7165,1458.7282,55546,60091,Pipistrellus pygmaeus,0.028,0.03,-1,Echolocation,/mnt/ubna_data_02_mir/recover-20221013/UBNA_001/20221012_030000.WAV,Telephone Field,recover-20221013,001,1795
1458.7175,1458.7243,46953,56829,Pipistrellus pipistrellus,0.017,0.024,-1,Echolocation,/mnt/ubna_data_02_mir/recover-20221013/UBNA_001/20221012_030000.WAV,Telephone Field,recover-20221013,001,1795
1458.7765,1458.8165,68437,82328,Rhinolophus ferrumequinum,0.023,0.023,-1,Echolocation,/mnt/ubna_data_02_mir/recover-20221013/UBNA_001/20221012_030000.WAV,Telephone Field,recover-20221013,001,1795
1458.7805,1458.7922,24609,30849,Nyctalus leisleri,0.02,0.049,-1,Echolocation,/mnt/ubna_data_02_mir/recover-20221013/UBNA_001/20221012_030000.WAV,Telephone Field,recover-20221013,001,1795
1458.8165,1458.8506,68437,81610,Rhinolophus ferrumequinum,0.024,0.025,-1,Echolocation,/mnt/ubna_data_02_mir/recover-20221013/UBNA_001/20221012_030000.WAV,Telephone Field,recover-20221013,001,1795
1458.8175,1458.825,27187,38041,Eptesicus serotinus,0.01,0.028,-1,Echolocation,/mnt/ubna_data_02_mir/recover-20221013/UBNA_001/20221012_030000.WAV,Telephone Field,recover-20221013,001,1795
1458.8735,1458.8819,28906,41025,Eptesicus serotinus,0.009,0.027,-1,Echolocation,/mnt/ubna_data_02_mir/recover-20221013/UBNA_001/20221012_030000.WAV,Telephone Field,recover-20221013,001,1795
1458.8745,1458.9119,68437,81804,Rhinolophus ferrumequinum,0.023,0.023,-1,Echolocation,/mnt/ubna_data_02_mir/recover-20221013/UBNA_001/20221012_030000.WAV,Telephone Field,recover-20221013,001,1795
1458.8935,1458.9368,68437,83131,Rhinolophus ferrumequinum,0.043,0.043,-1,Echolocation,/mnt/ubna_data_02_mir/recover-20221013/UBNA_001/20221012_030000.WAV,Telephone Field,recover-20221013,001,1795
1458.9415,1458.9496,27187,36829,Eptesicus serotinus,0.012,0.03,-1,Echolocation,/mnt/ubna_data_02_mir/recover-20221013/UBNA_001/20221012_030000.WAV,Telephone Field,recover-20221013,001,1795
1458.9515,1458.9934,68437,82220,Rhinolophus ferrumequinum,0.024,0.024,-1,Echolocation,/mnt/ubna_data_02_mir/recover-20221013/UBNA_001/20221012_030000.WAV,Telephone Field,recover-20221013,001,1795
1459.0075,1459.0487,68437,82405,Rhinolophus ferrumequinum,0.034,0.034,-1,Echolocation,/mnt/ubna_data_02_mir/recover-20221013/UBNA_001/20221012_030000.WAV,Telephone Field,recover-20221013,001,1795
1459.0305,1459.0687,68437,82161,Rhinolophus ferrumequinum,0.024,0.024,-1,Echolocation,/mnt/ubna_data_02_mir/recover-20221013/UBNA_001/20221012_030000.WAV,Telephone Field,recover-20221013,001,1795
1459.0435,1459.0529,22890,29592,Plecotus austriacus,0.01,0.028,-1,Echolocation,/mnt/ubna_data_02_mir/recover-20221013/UBNA_001/20221012_030000.WAV,Telephone Field,recover-20221013,001,1795
1459.0655,1459.1066,68437,82737,Rhinolophus ferrumequinum,0.023,0.023,-1,Echolocation,/mnt/ubna_data_02_mir/recover-20221013/UBNA_001/20221012_030000.WAV,Telephone Field,recover-20221013,001,1795
1459.0925,1459.1326,68437,82311,Rhinolophus ferrumequinum,0.03,0.03,-1,Echolocation,/mnt/ubna_data_02_mir/recover-20221013/UBNA_001/20221012_030000.WAV,Telephone Field,recover-20221013,001,1795
1459.1435,1459.1566,14296,20226,Nyctalus noctula,0.018,0.028,-1,Echolocation,/mnt/ubna_data_02_mir/recover-20221013/UBNA_001/20221012_030000.WAV,Telephone Field,recover-20221013,001,1795
1459.1445,1459.1813,68437,81685,Rhinolophus ferrumequinum,0.023,0.024,-1,Echolocation,/mnt/ubna_data_02_mir/recover-20221013/UBNA_001/20221012_030000.WAV,Telephone Field,recover-20221013,001,1795
1459.1895,1459.197,27187,38082,Eptesicus serotinus,0.007,0.023,-1,Echolocation,/mnt/ubna_data_02_mir/recover-20221013/UBNA_001/20221012_030000.WAV,Telephone Field,recover-20221013,001,1795
1459.1945,1459.2347,68437,82587,Rhinolophus ferrumequinum,0.024,0.024,-1,Echolocation,/mnt/ubna_data_02_mir/recover-20221013/UBNA_001/20221012_030000.WAV,Telephone Field,recover-20221013,001,1795
1459.2075,1459.2173,47812,52845,Pipistrellus pipistrellus,0.047,0.05,-1,Echolocation,/mnt/ubna_data_02_mir/recover-20221013/UBNA_001/20221012_030000.WAV,Telephone Field,recover-20221013,001,1795
1459.2665,1459.303,68437,82195,Rhinolophus ferrumequinum,0.024,0.024,-1,Echolocation,/mnt/ubna_data_02_mir/recover-20221013/UBNA_001/20221012_030000.WAV,Telephone Field,recover-20221013,001,1795
1459.2785,1459.3189,68437,82944,Rhinolophus ferrumequinum,0.024,0.024,-1,Echolocation,/mnt/ubna_data_02_mir/recover-20221013/UBNA_001/20221012_030000.WAV,Telephone Field,recover-20221013,001,1795
1459.2895,1459.3004,23750,29946,Nyctalus leisleri,0.01,0.026,-1,Echolocation,/mnt/ubna_data_02_mir/recover-20221013/UBNA_001/20221012_030000.WAV,Telephone Field,recover-20221013,001,1795
1459.2985,1459.3389,68437,82679,Rhinolophus ferrumequinum,0.024,0.024,-1,Echolocation,/mnt/ubna_data_02_mir/recover-20221013/UBNA_001/20221012_030000.WAV,Telephone Field,recover-20221013,001,1795
1459.3015,1459.3093,28906,42673,Eptesicus serotinus,0.009,0.025,-1,Echolocation,/mnt/ubna_data_02_mir/recover-20221013/UBNA_001/20221012_030000.WAV,Telephone Field,recover-20221013,001,1795
1459.3195,1459.3274,23750,31547,Plecotus austriacus,0.016,0.039,-1,Echolocation,/mnt/ubna_data_02_mir/recover-20221013/UBNA_001/20221012_030000.WAV,Telephone Field,recover-20221013,001,1795
1459.3445,1459.357,23750,29004,Nyctalus leisleri,0.011,0.024,-1,Echolocation,/mnt/ubna_data_02_mir/recover-20221013/UBNA_001/20221012_030000.WAV,Telephone Field,recover-20221013,001,1795
1459.3545,1459.3633,23750,31782,Plecotus austriacus,0.008,0.024,-1,Echolocation,/mnt/ubna_data_02_mir/recover-20221013/UBNA_001/20221012_030000.WAV,Telephone Field,recover-20221013,001,1795
1459.3565,1459.3631,28046,41635,Eptesicus serotinus,0.006,0.024,-1,Echolocation,/mnt/ubna_data_02_mir/recover-20221013/UBNA_001/20221012_030000.WAV,Telephone Field,recover-20221013,001,1795
1459.3805,1459.4182,68437,82710,Rhinolophus ferrumequinum,0.024,0.024,-1,Echolocation,/mnt/ubna_data_02_mir/recover-20221013/UBNA_001/20221012_030000.WAV,Telephone Field,recover-20221013,001,1795
1459.4135,1459.4241,28906,36699,Eptesicus serotinus,0.013,0.026,-1,Echolocation,/mnt/ubna_data_02_mir/recover-20221013/UBNA_001/20221012_030000.WAV,Telephone Field,recover-20221013,001,1795
1459.4445,1459.4814,68437,82106,Rhinolophus ferrumequinum,0.026,0.026,-1,Echolocation,/mnt/ubna_data_02_mir/recover-20221013/UBNA_001/20221012_030000.WAV,Telephone Field,recover-20221013,001,1795
1459.4635,1459.5048,68437,83138,Rhinolophus ferrumequinum,0.028,0.028,-1,Echolocation,/mnt/ubna_data_02_mir/recover-20221013/UBNA_001/20221012_030000.WAV,Telephone Field,recover-20221013,001,1795
1459.4985,1459.5396,68437,83123,Rhinolophus ferrumequinum,0.026,0.026,-1,Echolocation,/mnt/ubna_data_02_mir/recover-20221013/UBNA_001/20221012_030000.WAV,Telephone Field,recover-20221013,001,1795
1459.5265,1459.5651,68437,82423,Rhinolophus ferrumequinum,0.023,0.023,-1,Echolocation,/mnt/ubna_data_02_mir/recover-20221013/UBNA_001/20221012_030000.WAV,Telephone Field,recover-20221013,001,1795
1459.5395,1459.5467,28906,39325,Eptesicus serotinus,0.007,0.023,-1,Echolocation,/mnt/ubna_data_02_mir/recover-20221013/UBNA_001/20221012_030000.WAV,Telephone Field,recover-20221013,001,1795
1459.5415,1459.5778,68437,82270,Rhinolophus ferrumequinum,0.024,0.024,-1,Echolocation,/mnt/ubna_data_02_mir/recover-20221013/UBNA_001/20221012_030000.WAV,Telephone Field,recover-20221013,001,1795
1459.5465,1459.584,68437,82180,Rhinolophus ferrumequinum,0.023,0.023,-1,Echolocation,/mnt/ubna_data_02_mir/recover-20221013/UBNA_001/20221012_030000.WAV,Telephone Field,recover-20221013,001,1795
1459.5515,1459.5866,68437,81824,Rhinolophus ferrumequinum,0.023,0.023,-1,Echolocation,/mnt/ubna_data_02_mir/recover-20221013/UBNA_001/20221012_030000.WAV,Telephone Field,recover-20221013,001,1795
1459.5615,1459.5685,23750,33352,Plecotus austriacus,0.013,0.028,-1,Echolocation,/mnt/ubna_data_02_mir/recover-20221013/UBNA_001/20221012_030000.WAV,Telephone Field,recover-20221013,001,1795
1459.5775,1459.6169,68437,82127,Rhinolophus ferrumequinum,0.023,0.023,-1,Echolocation,/mnt/ubna_data_02_mir/recover-20221013/UBNA_001/20221012_030000.WAV,Telephone Field,recover-20221013,001,1795
1459.5925,1459.6012,27187,36819,Eptesicus serotinus,0.009,0.025,-1,Echolocation,/mnt/ubna_data_02_mir/recover-20221013/UBNA_001/20221012_030000.WAV,Telephone Field,recover-20221013,001,1795
1459.5965,1459.6352,68437,82555,Rhinolophus ferrumequinum,0.024,0.024,-1,Echolocation,/mnt/ubna_data_02_mir/recover-20221013/UBNA_001/20221012_030000.WAV,Telephone Field,recover-20221013,001,1795
1459.6095,1459.6489,68437,82505,Rhinolophus ferrumequinum,0.025,0.025,-1,Echolocation,/mnt/ubna_data_02_mir/recover-20221013/UBNA_001/20221012_030000.WAV,Telephone Field,recover-20221013,001,1795
1459.6385,1459.6472,28046,37549,Eptesicus serotinus,0.009,0.023,-1,Echolocation,/mnt/ubna_data_02_mir/recover-20221013/UBNA_001/20221012_030000.WAV,Telephone Field,recover-20221013,001,1795
1459.6675,1459.7037,68437,81582,Rhinolophus ferrumequinum,0.023,0.023,-1,Echolocation,/mnt/ubna_data_02_mir/recover-20221013/UBNA_001/20221012_030000.WAV,Telephone Field,recover-20221013,001,1795
1459.6755,1459.6833,23750,34195,Plecotus austriacus,0.01,0.026,-1,Echolocation,/mnt/ubna_data_02_mir/recover-20221013/UBNA_001/20221012_030000.WAV,Telephone Field,recover-20221013,001,1795
1459.7095,1459.7182,28046,38390,Eptesicus serotinus,0.008,0.023,-1,Echolocation,/mnt/ubna_data_02_mir/recover-20221013/UBNA_001/20221012_030000.WAV,Telephone Field,recover-20221013,001,1795
1459.7345,1459.745,34062,40098,Barbastellus barbastellus,0.01,0.031,-1,Echolocation,/mnt/ubna_data_02_mir/recover-20221013/UBNA_001/20221012_030000.WAV,Telephone Field,recover-20221013,001,1795
1459.7385,1459.7484,28046,37173,Eptesicus serotinus,0.011,0.024,-1,Echolocation,/mnt/ubna_data_02_mir/recover-20221013/UBNA_001/20221012_030000.WAV,Telephone Field,recover-20221013,001,1795
1459.7605,1459.8007,68437,82051,Rhinolophus ferrumequinum,0.029,0.029,-1,Echolocation,/mnt/ubna_data_02_mir/recover-20221013/UBNA_001/20221012_030000.WAV,Telephone Field,recover-20221013,001,1795
1459.7705,1459.7799,28906,37124,Eptesicus serotinus,0.011,0.023,-1,Echolocation,/mnt/ubna_data_02_mir/recover-20221013/UBNA_001/20221012_030000.WAV,Telephone Field,recover-20221013,001,1795
1459.7985,1459.8063,24609,36877,Plecotus austriacus,0.01,0.029,-1,Echolocation,/mnt/ubna_data_02_mir/recover-20221013/UBNA_001/20221012_030000.WAV,Telephone Field,recover-20221013,001,1795
1459.7995,1459.8396,68437,82903,Rhinolophus ferrumequinum,0.029,0.029,-1,Echolocation,/mnt/ubna_data_02_mir/recover-20221013/UBNA_001/20221012_030000.WAV,Telephone Field,recover-20221013,001,1795
1459.8135,1459.8236,24609,30752,Eptesicus serotinus,0.01,0.024,-1,Echolocation,/mnt/ubna_data_02_mir/recover-20221013/UBNA_001/20221012_030000.WAV,Telephone Field,recover-20221013,001,1795
1459.8215,1459.8608,68437,82122,Rhinolophus ferrumequinum,0.028,0.028,-1,Echolocation,/mnt/ubna_data_02_mir/recover-20221013/UBNA_001/20221012_030000.WAV,Telephone Field,recover-20221013,001,1795
1459.8305,1459.8408,22031,27749,Nyctalus leisleri,0.01,0.025,-1,Echolocation,/mnt/ubna_data_02_mir/recover-20221013/UBNA_001/20221012_030000.WAV,Telephone Field,recover-20221013,001,1795
1459.8515,1459.8903,68437,82136,Rhinolophus ferrumequinum,0.023,0.023,-1,Echolocation,/mnt/ubna_data_02_mir/recover-20221013/UBNA_001/20221012_030000.WAV,Telephone Field,recover-20221013,001,1795
1459.8755,1459.8838,48671,54014,Pipistrellus pipistrellus,0.047,0.049,-1,Echolocation,/mnt/ubna_data_02_mir/recover-20221013/UBNA_001/20221012_030000.WAV,Telephone Field,recover-20221013,001,1795
1459.9145,1459.9219,28046,39011,Eptesicus serotinus,0.007,0.023,-1,Echolocation,/mnt/ubna_data_02_mir/recover-20221013/UBNA_001/20221012_030000.WAV,Telephone Field,recover-20221013,001,1795
1459.9145,1459.9528,68437,82229,Rhinolophus ferrumequinum,0.023,0.023,-1,Echolocation,/mnt/ubna_data_02_mir/recover-20221013/UBNA_001/20221012_030000.WAV,Telephone Field,recover-20221013,001,1795
1459.9585,1459.9973,68437,82451,Rhinolophus ferrumequinum,0.027,0.027,-1,Echolocation,/mnt/ubna_data_02_mir/recover-20221013/UBNA_001/20221012_030000.WAV,Telephone Field,recover-20221013,001,1795
1460.0015,1460.0114,22890,29294,Nyctalus leisleri,0.01,0.025,-1,Echolocation,/mnt/ubna_data_02_mir/recover-20221013/UBNA_001/20221012_030000.WAV,Telephone Field,recover-20221013,001,1795
1460.0015,1460.0361,68437,80272,Rhinolophus ferrumequinum,0.035,0.036,-1,Echolocation,/mnt/ubna_data_02_mir/recover-20221013/UBNA_001/20221012_030000.WAV,Telephone Field,recover-20221013,001,1795
1460.0455,1460.0823,68437,81571,Rhinolophus ferrumequinum,0.023,0.023,-1,Echolocation,/mnt/ubna_data_02_mir/recover-20221013/UBNA_001/20221012_030000.WAV,Telephone Field,recover-20221013,001,1795
1460.0695,1460.0821,28046,34691,Eptesicus serotinus,0.016,0.03,-1,Echolocation,/mnt/ubna_data_02_mir/recover-20221013/UBNA_001/20221012_030000.WAV,Telephone Field,recover-20221013,001,1795
1460.0745,1460.1121,68437,81894,Rhinolophus ferrumequinum,0.028,0.028,-1,Echolocation,/mnt/ubna_data_02_mir/recover-20221013/UBNA_001/20221012_030000.WAV,Telephone Field,recover-20221013,001,1795
1460.1005,1460.1105,25468,32754,Eptesicus serotinus,0.01,0.023,-1,Echolocation,/mnt/ubna_data_02_mir/recover-20221013/UBNA_001/20221012_030000.WAV,Telephone Field,recover-20221013,001,1795
1460.1135,1460.1228,25468,34105,Eptesicus serotinus,0.008,0.025,-1,Echolocation,/mnt/ubna_data_02_mir/recover-20221013/UBNA_001/20221012_030000.WAV,Telephone Field,recover-20221013,001,1795
1460.1165,1460.1556,68437,82242,Rhinolophus ferrumequinum,0.023,0.023,-1,Echolocation,/mnt/ubna_data_02_mir/recover-20221013/UBNA_001/20221012_030000.WAV,Telephone Field,recover-20221013,001,1795
1460.1265,1460.137,26328,33204,Eptesicus serotinus,0.011,0.024,-1,Echolocation,/mnt/ubna_data_02_mir/recover-20221013/UBNA_001/20221012_030000.WAV,Telephone Field,recover-20221013,001,1795
1460.1465,1460.1869,68437,82584,Rhinolophus ferrumequinum,0.027,0.027,-1,Echolocation,/mnt/ubna_data_02_mir/recover-20221013/UBNA_001/20221012_030000.WAV,Telephone Field,recover-20221013,001,1795
1460.1655,1460.2054,68437,82258,Rhinolophus ferrumequinum,0.025,0.025,-1,Echolocation,/mnt/ubna_data_02_mir/recover-20221013/UBNA_001/20221012_030000.WAV,Telephone Field,recover-20221013,001,1795
1460.1705,1460.1756,36640,56913,Myotis bechsteinii,0.006,0.027,-1,Echolocation,/mnt/ubna_data_02_mir/recover-20221013/UBNA_001/20221012_030000.WAV,Telephone Field,recover-20221013,001,1795
1460.1995,1460.2382,68437,81457,Rhinolophus ferrumequinum,0.025,0.026,-1,Echolocation,/mnt/ubna_data_02_mir/recover-20221013/UBNA_001/20221012_030000.WAV,Telephone Field,recover-20221013,001,1795
1460.2105,1460.219,24609,32671,Eptesicus serotinus,0.013,0.045,-1,Echolocation,/mnt/ubna_data_02_mir/recover-20221013/UBNA_001/20221012_030000.WAV,Telephone Field,recover-20221013,001,1795
1460.2275,1460.2357,28906,42436,Eptesicus serotinus,0.009,0.024,-1,Echolocation,/mnt/ubna_data_02_mir/recover-20221013/UBNA_001/20221012_030000.WAV,Telephone Field,recover-20221013,001,1795
1460.2595,1460.2669,49531,54216,Pipistrellus pipistrellus,0.02,0.023,-1,Echolocation,/mnt/ubna_data_02_mir/recover-20221013/UBNA_001/20221012_030000.WAV,Telephone Field,recover-20221013,001,1795
1460.2605,1460.3027,68437,82820,Rhinolophus ferrumequinum,0.034,0.034,-1,Echolocation,/mnt/ubna_data_02_mir/recover-20221013/UBNA_001/20221012_030000.WAV,Telephone Field,recover-20221013,001,1795
1460.2855,1460.3291,68437,83533,Rhinolophus ferrumequinum,0.031,0.031,-1,Echolocation,/mnt/ubna_data_02_mir/recover-20221013/UBNA_001/20221012_030000.WAV,Telephone Field,recover-20221013,001,1795
1460.2915,1460.3051,23750,28026,Nyctalus leisleri,0.044,0.077,-1,Echolocation,/mnt/ubna_data_02_mir/recover-20221013/UBNA_001/20221012_030000.WAV,Telephone Field,recover-20221013,001,1795
1460.3225,1460.3622,68437,82661,Rhinolophus ferrumequinum,0.025,0.025,-1,Echolocation,/mnt/ubna_data_02_mir/recover-20221013/UBNA_001/20221012_030000.WAV,Telephone Field,recover-20221013,001,1795
1460.3435,1460.3485,40937,62954,Myotis mystacinus,0.009,0.026,-1,Echolocation,/mnt/ubna_data_02_mir/recover-20221013/UBNA_001/20221012_030000.WAV,Telephone Field,recover-20221013,001,1795
1460.3465,1460.356,29765,37881,Eptesicus serotinus,0.01,0.028,-1,Echolocation,/mnt/ubna_data_02_mir/recover-20221013/UBNA_001/20221012_030000.WAV,Telephone Field,recover-20221013,001,1795
1460.3495,1460.3869,68437,81958,Rhinolophus ferrumequinum,0.025,0.025,-1,Echolocation,/mnt/ubna_data_02_mir/recover-20221013/UBNA_001/20221012_030000.WAV,Telephone Field,recover-20221013,001,1795
1460.3715,1460.4094,68437,82638,Rhinolophus ferrumequinum,0.025,0.025,-1,Echolocation,/mnt/ubna_data_02_mir/recover-20221013/UBNA_001/20221012_030000.WAV,Telephone Field,recover-20221013,001,1795
1460.3945,1460.4035,26328,34426,Eptesicus serotinus,0.014,0.031,-1,Echolocation,/mnt/ubna_data_02_mir/recover-20221013/UBNA_001/20221012_030000.WAV,Telephone Field,recover-20221013,001,1795
1460.4585,1460.5025,68437,82977,Rhinolophus ferrumequinum,0.035,0.035,-1,Echolocation,/mnt/ubna_data_02_mir/recover-20221013/UBNA_001/20221012_030000.WAV,Telephone Field,recover-20221013,001,1795
1460.4585,1460.4688,22890,28253,Nyctalus leisleri,0.011,0.027,-1,Echolocation,/mnt/ubna_data_02_mir/recover-20221013/UBNA_001/20221012_030000.WAV,Telephone Field,recover-20221013,001,1795
1460.4725,1460.4865,22031,25605,Nyctalus leisleri,0.014,0.022,-1,Echolocation,/mnt/ubna_data_02_mir/recover-20221013/UBNA_001/20221012_030000.WAV,Telephone Field,recover-20221013,001,1795
1460.4945,1460.5341,68437,82563,Rhinolophus ferrumequinum,0.023,0.023,-1,Echolocation,/mnt/ubna_data_02_mir/recover-20221013/UBNA_001/20221012_030000.WAV,Telephone Field,recover-20221013,001,1795
1460.5055,1460.5166,26328,33185,Eptesicus serotinus,0.011,0.023,-1,Echolocation,/mnt/ubna_data_02_mir/recover-20221013/UBNA_001/20221012_030000.WAV,Telephone Field,recover-20221013,001,1795
1460.5195,1460.5253,40078,60150,Myotis mystacinus,0.01,0.029,-1,Echolocation,/mnt/ubna_data_02_mir/recover-20221013/UBNA_001/20221012_030000.WAV,Telephone Field,recover-20221013,001,1795
1460.5195,1460.5656,68437,83717,Rhinolophus ferrumequinum,0.056,0.056,-1,Echolocation,/mnt/ubna_data_02_mir/recover-20221013/UBNA_001/20221012_030000.WAV,Telephone Field,recover-20221013,001,1795
1460.5445,1460.5516,23750,31869,Plecotus austriacus,0.009,0.023,-1,Echolocation,/mnt/ubna_data_02_mir/recover-20221013/UBNA_001/20221012_030000.WAV,Telephone Field,recover-20221013,001,1795
1460.5505,1460.5883,68437,81565,Rhinolophus ferrumequinum,0.026,0.026,-1,Echolocation,/mnt/ubna_data_02_mir/recover-20221013/UBNA_001/20221012_030000.WAV,Telephone Field,recover-20221013,001,1795
1460.5685,1460.6098,68437,82593,Rhinolophus ferrumequinum,0.033,0.033,-1,Echolocation,/mnt/ubna_data_02_mir/recover-20221013/UBNA_001/20221012_030000.WAV,Telephone Field,recover-20221013,001,1795
1460.5845,1460.624,68437,82849,Rhinolophus ferrumequinum,0.023,0.023,-1,Echolocation,/mnt/ubna_data_02_mir/recover-20221013/UBNA_001/20221012_030000.WAV,Telephone Field,recover-20221013,001,1795
1460.6065,1460.6480999999999,68437,83010,Rhinolophus ferrumequinum,0.034,0.034,-1,Echolocation,/mnt/ubna_data_02_mir/recover-20221013/UBNA_001/20221012_030000.WAV,Telephone Field,recover-20221013,001,1795
1460.6275,1460.6678,68437,82103,Rhinolophus ferrumequinum,0.028,0.028,-1,Echolocation,/mnt/ubna_data_02_mir/recover-20221013/UBNA_001/20221012_030000.WAV,Telephone Field,recover-20221013,001,1795
1460.6925,1460.7,28046,43510,Eptesicus serotinus,0.006,0.022,-1,Echolocation,/mnt/ubna_data_02_mir/recover-20221013/UBNA_001/20221012_030000.WAV,Telephone Field,recover-20221013,001,1795
1460.7185,1460.7605,68437,82930,Rhinolophus ferrumequinum,0.024,0.024,-1,Echolocation,/mnt/ubna_data_02_mir/recover-20221013/UBNA_001/20221012_030000.WAV,Telephone Field,recover-20221013,001,1795
1460.7255,1460.733,28046,43721,Eptesicus serotinus,0.008,0.024,-1,Echolocation,/mnt/ubna_data_02_mir/recover-20221013/UBNA_001/20221012_030000.WAV,Telephone Field,recover-20221013,001,1795
1460.7545,1460.7622,27187,42566,Eptesicus serotinus,0.007,0.023,-1,Echolocation,/mnt/ubna_data_02_mir/recover-20221013/UBNA_001/20221012_030000.WAV,Telephone Field,recover-20221013,001,1795
1460.7625,1460.7723,22890,28379,Nyctalus leisleri,0.011,0.024,-1,Echolocation,/mnt/ubna_data_02_mir/recover-20221013/UBNA_001/20221012_030000.WAV,Telephone Field,recover-20221013,001,1795
1460.7735,1460.8127,68437,82058,Rhinolophus ferrumequinum,0.025,0.025,-1,Echolocation,/mnt/ubna_data_02_mir/recover-20221013/UBNA_001/20221012_030000.WAV,Telephone Field,recover-20221013,001,1795
1460.8065,1460.813,45234,55226,Pipistrellus pipistrellus,0.017,0.024,-1,Echolocation,/mnt/ubna_data_02_mir/recover-20221013/UBNA_001/20221012_030000.WAV,Telephone Field,recover-20221013,001,1795
1460.8625,1460.899,68437,81537,Rhinolophus ferrumequinum,0.022,0.023,-1,Echolocation,/mnt/ubna_data_02_mir/recover-20221013/UBNA_001/20221012_030000.WAV,Telephone Field,recover-20221013,001,1795
1460.8665,1460.8756,57265,65952,Pipistrellus pygmaeus,0.026,0.027,-1,Echolocation,/mnt/ubna_data_02_mir/recover-20221013/UBNA_001/20221012_030000.WAV,Telephone Field,recover-20221013,001,1795
1460.8835,1460.9199,68437,81844,Rhinolophus ferrumequinum,0.022,0.022,-1,Echolocation,/mnt/ubna_data_02_mir/recover-20221013/UBNA_001/20221012_030000.WAV,Telephone Field,recover-20221013,001,1795
1460.8965,1460.936,68437,82266,Rhinolophus ferrumequinum,0.023,0.023,-1,Echolocation,/mnt/ubna_data_02_mir/recover-20221013/UBNA_001/20221012_030000.WAV,Telephone Field,recover-20221013,001,1795
1460.8985,1460.9076,28046,38464,Eptesicus serotinus,0.009,0.023,-1,Echolocation,/mnt/ubna_data_02_mir/recover-20221013/UBNA_001/20221012_030000.WAV,Telephone Field,recover-20221013,001,1795
1460.9205,1460.9594,68437,81692,Rhinolophus ferrumequinum,0.023,0.023,-1,Echolocation,/mnt/ubna_data_02_mir/recover-20221013/UBNA_001/20221012_030000.WAV,Telephone Field,recover-20221013,001,1795
1461.0135,1461.0559,68437,83248,Rhinolophus ferrumequinum,0.026,0.026,-1,Echolocation,/mnt/ubna_data_02_mir/recover-20221013/UBNA_001/20221012_030000.WAV,Telephone Field,recover-20221013,001,1795
1461.0355,1461.081,68437,83179,Rhinolophus ferrumequinum,0.042,0.042,-1,Echolocation,/mnt/ubna_data_02_mir/recover-20221013/UBNA_001/20221012_030000.WAV,Telephone Field,recover-20221013,001,1795
1461.0495,1461.0617,22031,26021,Nyctalus leisleri,0.013,0.023,-1,Echolocation,/mnt/ubna_data_02_mir/recover-20221013/UBNA_001/20221012_030000.WAV,Telephone Field,recover-20221013,001,1795
1461.0845,1461.0945,22890,28696,Nyctalus leisleri,0.009,0.023,-1,Echolocation,/mnt/ubna_data_02_mir/recover-20221013/UBNA_001/20221012_030000.WAV,Telephone Field,recover-20221013,001,1795
1461.0855,1461.1249,68437,82038,Rhinolophus ferrumequinum,0.03,0.03,-1,Echolocation,/mnt/ubna_data_02_mir/recover-20221013/UBNA_001/20221012_030000.WAV,Telephone Field,recover-20221013,001,1795
1461.1055,1461.1413,68437,81912,Rhinolophus ferrumequinum,0.023,0.023,-1,Echolocation,/mnt/ubna_data_02_mir/recover-20221013/UBNA_001/20221012_030000.WAV,Telephone Field,recover-20221013,001,1795
1461.1175,1461.1537,68437,81219,Rhinolophus ferrumequinum,0.022,0.022,-1,Echolocation,/mnt/ubna_data_02_mir/recover-20221013/UBNA_001/20221012_030000.WAV,Telephone Field,recover-20221013,001,1795
1461.1255,1461.1653,68437,82190,Rhinolophus ferrumequinum,0.023,0.023,-1,Echolocation,/mnt/ubna_data_02_mir/recover-20221013/UBNA_001/20221012_030000.WAV,Telephone Field,recover-20221013,001,1795
1461.1435,1461.1508,27187,38611,Eptesicus serotinus,0.012,0.031,-1,Echolocation,/mnt/ubna_data_02_mir/recover-20221013/UBNA_001/20221012_030000.WAV,Telephone Field,recover-20221013,001,1795
1461.1525,1461.1926,68437,82112,Rhinolophus ferrumequinum,0.022,0.022,-1,Echolocation,/mnt/ubna_data_02_mir/recover-20221013/UBNA_001/20221012_030000.WAV,Telephone Field,recover-20221013,001,1795
1461.1625,1461.1704,26328,38718,Eptesicus serotinus,0.008,0.024,-1,Echolocation,/mnt/ubna_data_02_mir/recover-20221013/UBNA_001/20221012_030000.WAV,Telephone Field,recover-20221013,001,1795
1461.1855,1461.1956,22031,27238,Nyctalus leisleri,0.01,0.022,-1,Echolocation,/mnt/ubna_data_02_mir/recover-20221013/UBNA_001/20221012_030000.WAV,Telephone Field,recover-20221013,001,1795
1461.1945,1461.2049,22890,27660,Nyctalus leisleri,0.011,0.022,-1,Echolocation,/mnt/ubna_data_02_mir/recover-20221013/UBNA_001/20221012_030000.WAV,Telephone Field,recover-20221013,001,1795
1461.2095,1461.2178,45234,54907,Pipistrellus pipistrellus,0.019,0.03,-1,Echolocation,/mnt/ubna_data_02_mir/recover-20221013/UBNA_001/20221012_030000.WAV,Telephone Field,recover-20221013,001,1795
1461.2135,1461.219,37500,63575,Myotis mystacinus,0.008,0.024,-1,Echolocation,/mnt/ubna_data_02_mir/recover-20221013/UBNA_001/20221012_030000.WAV,Telephone Field,recover-20221013,001,1795
1461.2295,1461.248,16015,20708,Nyctalus noctula,0.018,0.025,-1,Echolocation,/mnt/ubna_data_02_mir/recover-20221013/UBNA_001/20221012_030000.WAV,Telephone Field,recover-20221013,001,1795
1461.2355,1461.2735,68437,82056,Rhinolophus ferrumequinum,0.029,0.029,-1,Echolocation,/mnt/ubna_data_02_mir/recover-20221013/UBNA_001/20221012_030000.WAV,Telephone Field,recover-20221013,001,1795
1461.2435,1461.2511,28906,38902,Eptesicus serotinus,0.009,0.029,-1,Echolocation,/mnt/ubna_data_02_mir/recover-20221013/UBNA_001/20221012_030000.WAV,Telephone Field,recover-20221013,001,1795
1461.3015,1461.341,68437,82419,Rhinolophus ferrumequinum,0.024,0.024,-1,Echolocation,/mnt/ubna_data_02_mir/recover-20221013/UBNA_001/20221012_030000.WAV,Telephone Field,recover-20221013,001,1795
1461.3135,1461.3508,68437,81911,Rhinolophus ferrumequinum,0.023,0.023,-1,Echolocation,/mnt/ubna_data_02_mir/recover-20221013/UBNA_001/20221012_030000.WAV,Telephone Field,recover-20221013,001,1795
1461.3305,1461.3387,22890,34167,Plecotus austriacus,0.011,0.028,-1,Echolocation,/mnt/ubna_data_02_mir/recover-20221013/UBNA_001/20221012_030000.WAV,Telephone Field,recover-20221013,001,1795
1461.3385,1461.3748,68437,81579,Rhinolophus ferrumequinum,0.027,0.027,-1,Echolocation,/mnt/ubna_data_02_mir/recover-20221013/UBNA_001/20221012_030000.WAV,Telephone Field,recover-20221013,001,1795
1461.3475,1461.3846,68437,81447,Rhinolophus ferrumequinum,0.023,0.023,-1,Echolocation,/mnt/ubna_data_02_mir/recover-20221013/UBNA_001/20221012_030000.WAV,Telephone Field,recover-20221013,001,1795
1461.3865,1461.422,68437,81513,Rhinolophus ferrumequinum,0.034,0.034,-1,Echolocation,/mnt/ubna_data_02_mir/recover-20221013/UBNA_001/20221012_030000.WAV,Telephone Field,recover-20221013,001,1795
1461.4345,1461.4766,68437,82873,Rhinolophus ferrumequinum,0.033,0.033,-1,Echolocation,/mnt/ubna_data_02_mir/recover-20221013/UBNA_001/20221012_030000.WAV,Telephone Field,recover-20221013,001,1795
1461.4465,1461.4544,28046,49733,Eptesicus serotinus,0.009,0.023,-1,Echolocation,/mnt/ubna_data_02_mir/recover-20221013/UBNA_001/20221012_030000.WAV,Telephone Field,recover-20221013,001,1795
1461.4715,1461.5116,68437,81800,Rhinolophus ferrumequinum,0.023,0.023,-1,Echolocation,/mnt/ubna_data_02_mir/recover-20221013/UBNA_001/20221012_030000.WAV,Telephone Field,recover-20221013,001,1795
1461.4795,1461.488,22890,30350,Plecotus austriacus,0.009,0.022,-1,Echolocation,/mnt/ubna_data_02_mir/recover-20221013/UBNA_001/20221012_030000.WAV,Telephone Field,recover-20221013,001,1795
1461.4995,1461.5416,68437,82776,Rhinolophus ferrumequinum,0.024,0.024,-1,Echolocation,/mnt/ubna_data_02_mir/recover-20221013/UBNA_001/20221012_030000.WAV,Telephone Field,recover-20221013,001,1795
1461.5575,1461.6001,68437,82927,Rhinolophus ferrumequinum,0.03,0.03,-1,Echolocation,/mnt/ubna_data_02_mir/recover-20221013/UBNA_001/20221012_030000.WAV,Telephone Field,recover-20221013,001,1795
1461.5715,1461.6072,68437,82176,Rhinolophus ferrumequinum,0.022,0.022,-1,Echolocation,/mnt/ubna_data_02_mir/recover-20221013/UBNA_001/20221012_030000.WAV,Telephone Field,recover-20221013,001,1795
1461.5785,1461.6143,68437,81788,Rhinolophus ferrumequinum,0.022,0.022,-1,Echolocation,/mnt/ubna_data_02_mir/recover-20221013/UBNA_001/20221012_030000.WAV,Telephone Field,recover-20221013,001,1795
1461.5805,1461.5891,25468,34345,Eptesicus serotinus,0.012,0.03,-1,Echolocation,/mnt/ubna_data_02_mir/recover-20221013/UBNA_001/20221012_030000.WAV,Telephone Field,recover-20221013,001,1795
1461.5855,1461.6229,68437,81575,Rhinolophus ferrumequinum,0.022,0.022,-1,Echolocation,/mnt/ubna_data_02_mir/recover-20221013/UBNA_001/20221012_030000.WAV,Telephone Field,recover-20221013,001,1795
1461.6045,1461.644,68437,81965,Rhinolophus ferrumequinum,0.022,0.022,-1,Echolocation,/mnt/ubna_data_02_mir/recover-20221013/UBNA_001/20221012_030000.WAV,Telephone Field,recover-20221013,001,1795
1461.6315,1461.6715,68437,82130,Rhinolophus ferrumequinum,0.023,0.023,-1,Echolocation,/mnt/ubna_data_02_mir/recover-20221013/UBNA_001/20221012_030000.WAV,Telephone Field,recover-20221013,001,1795
1461.6435,1461.6516,28906,40566,Eptesicus serotinus,0.01,0.026,-1,Echolocation,/mnt/ubna_data_02_mir/recover-20221013/UBNA_001/20221012_030000.WAV,Telephone Field,recover-20221013,001,1795
1461.6505,1461.6902,68437,82498,Rhinolophus ferrumequinum,0.026,0.026,-1,Echolocation,/mnt/ubna_data_02_mir/recover-20221013/UBNA_001/20221012_030000.WAV,Telephone Field,recover-20221013,001,1795
1461.6705,1461.7135,68437,82640,Rhinolophus ferrumequinum,0.028,0.028,-1,Echolocation,/mnt/ubna_data_02_mir/recover-20221013/UBNA_001/20221012_030000.WAV,Telephone Field,recover-20221013,001,1795
1461.7115,1461.7535,68437,83132,Rhinolophus ferrumequinum,0.03,0.03,-1,Echolocation,/mnt/ubna_data_02_mir/recover-20221013/UBNA_001/20221012_030000.WAV,Telephone Field,recover-20221013,001,1795
1461.7215,1461.7598,68437,82463,Rhinolophus ferrumequinum,0.025,0.025,-1,Echolocation,/mnt/ubna_data_02_mir/recover-20221013/UBNA_001/20221012_030000.WAV,Telephone Field,recover-20221013,001,1795
1461.7315,1461.7704,68437,82069,Rhinolophus ferrumequinum,0.022,0.022,-1,Echolocation,/mnt/ubna_data_02_mir/recover-20221013/UBNA_001/20221012_030000.WAV,Telephone Field,recover-20221013,001,1795
1461.7385,1461.7782,68437,82098,Rhinolophus ferrumequinum,0.023,0.023,-1,Echolocation,/mnt/ubna_data_02_mir/recover-20221013/UBNA_001/20221012_030000.WAV,Telephone Field,recover-20221013,001,1795
1461.7645,1461.7738,47812,53612,Pipistrellus pipistrellus,0.02,0.023,-1,Echolocation,/mnt/ubna_data_02_mir/recover-20221013/UBNA_001/20221012_030000.WAV,Telephone Field,recover-20221013,001,1795
1461.7955,1461.8007,35781,70220,Myotis brandtii,0.013,0.033,-1,Echolocation,/mnt/ubna_data_02_mir/recover-20221013/UBNA_001/20221012_030000.WAV,Telephone Field,recover-20221013,001,1795
1461.8255,1461.8591,68437,81232,Rhinolophus ferrumequinum,0.024,0.024,-1,Echolocation,/mnt/ubna_data_02_mir/recover-20221013/UBNA_001/20221012_030000.WAV,Telephone Field,recover-20221013,001,1795
1461.8515,1461.8944,68437,82831,Rhinolophus ferrumequinum,0.024,0.024,-1,Echolocation,/mnt/ubna_data_02_mir/recover-20221013/UBNA_001/20221012_030000.WAV,Telephone Field,recover-20221013,001,1795
1461.8715,1461.9094,68437,81379,Rhinolophus ferrumequinum,0.023,0.023,-1,Echolocation,/mnt/ubna_data_02_mir/recover-20221013/UBNA_001/20221012_030000.WAV,Telephone Field,recover-20221013,001,1795
1461.9005,1461.9401,68437,82376,Rhinolophus ferrumequinum,0.023,0.023,-1,Echolocation,/mnt/ubna_data_02_mir/recover-20221013/UBNA_001/20221012_030000.WAV,Telephone Field,recover-20221013,001,1795
1461.9105,1461.9477,68437,82216,Rhinolophus ferrumequinum,0.024,0.024,-1,Echolocation,/mnt/ubna_data_02_mir/recover-20221013/UBNA_001/20221012_030000.WAV,Telephone Field,recover-20221013,001,1795
1461.9105,1461.9179,27187,43402,Eptesicus serotinus,0.007,0.024,-1,Echolocation,/mnt/ubna_data_02_mir/recover-20221013/UBNA_001/20221012_030000.WAV,Telephone Field,recover-20221013,001,1795
1461.9355,1461.9753,68437,82674,Rhinolophus ferrumequinum,0.025,0.025,-1,Echolocation,/mnt/ubna_data_02_mir/recover-20221013/UBNA_001/20221012_030000.WAV,Telephone Field,recover-20221013,001,1795
1461.9765,1461.9851,25468,36526,Eptesicus serotinus,0.007,0.022,-1,Echolocation,/mnt/ubna_data_02_mir/recover-20221013/UBNA_001/20221012_030000.WAV,Telephone Field,recover-20221013,001,1795
1462.0015,1462.0094,25468,38004,Nyctalus leisleri,0.005,0.024,-1,Echolocation,/mnt/ubna_data_02_mir/recover-20221013/UBNA_001/20221012_030000.WAV,Telephone Field,recover-20221013,001,1795
1462.0015,1462.007,46953,52416,Pipistrellus pipistrellus,0.018,0.022,-1,Echolocation,/mnt/ubna_data_02_mir/recover-20221013/UBNA_001/20221012_030000.WAV,Telephone Field,recover-20221013,001,1795
1462.0015,1462.0318,68437,79912,Rhinolophus ferrumequinum,0.036,0.036,-1,Echolocation,/mnt/ubna_data_02_mir/recover-20221013/UBNA_001/20221012_030000.WAV,Telephone Field,recover-20221013,001,1795
1462.0105,1462.0498,68437,81206,Rhinolophus ferrumequinum,0.042,0.042,-1,Echolocation,/mnt/ubna_data_02_mir/recover-20221013/UBNA_001/20221012_030000.WAV,Telephone Field,recover-20221013,001,1795
1462.0495,1462.0895,68437,82116,Rhinolophus ferrumequinum,0.022,0.022,-1,Echolocation,/mnt/ubna_data_02_mir/recover-20221013/UBNA_001/20221012_030000.WAV,Telephone Field,recover-20221013,001,1795
1462.0545,1462.0926,68437,82176,Rhinolophus ferrumequinum,0.021,0.021,-1,Echolocation,/mnt/ubna_data_02_mir/recover-20221013/UBNA_001/20221012_030000.WAV,Telephone Field,recover-20221013,001,1795
1462.0785,1462.0904,22031,27187,Nyctalus leisleri,0.011,0.026,-1,Echolocation,/mnt/ubna_data_02_mir/recover-20221013/UBNA_001/20221012_030000.WAV,Telephone Field,recover-20221013,001,1795
1462.0805,1462.089,28906,39518,Eptesicus serotinus,0.008,0.023,-1,Echolocation,/mnt/ubna_data_02_mir/recover-20221013/UBNA_001/20221012_030000.WAV,Telephone Field,recover-20221013,001,1795
1462.1095,1462.1456,68437,81845,Rhinolophus ferrumequinum,0.021,0.021,-1,Echolocation,/mnt/ubna_data_02_mir/recover-20221013/UBNA_001/20221012_030000.WAV,Telephone Field,recover-20221013,001,1795
1462.1095,1462.1202,25468,31749,Eptesicus serotinus,0.01,0.023,-1,Echolocation,/mnt/ubna_data_02_mir/recover-20221013/UBNA_001/20221012_030000.WAV,Telephone Field,recover-20221013,001,1795
1462.1245,1462.1355,22890,27137,Nyctalus leisleri,0.012,0.023,-1,Echolocation,/mnt/ubna_data_02_mir/recover-20221013/UBNA_001/20221012_030000.WAV,Telephone Field,recover-20221013,001,1795
1462.1315,1462.1726,68437,82493,Rhinolophus ferrumequinum,0.026,0.026,-1,Echolocation,/mnt/ubna_data_02_mir/recover-20221013/UBNA_001/20221012_030000.WAV,Telephone Field,recover-20221013,001,1795
1462.1525,1462.1612,28906,38127,Eptesicus serotinus,0.008,0.023,-1,Echolocation,/mnt/ubna_data_02_mir/recover-20221013/UBNA_001/20221012_030000.WAV,Telephone Field,recover-20221013,001,1795
1462.1625,1462.196,68437,80729,Rhinolophus ferrumequinum,0.021,0.021,-1,Echolocation,/mnt/ubna_data_02_mir/recover-20221013/UBNA_001/20221012_030000.WAV,Telephone Field,recover-20221013,001,1795
1462.1625,1462.176,28906,34511,Eptesicus serotinus,0.021,0.036,-1,Echolocation,/mnt/ubna_data_02_mir/recover-20221013/UBNA_001/20221012_030000.WAV,Telephone Field,recover-20221013,001,1795
1462.1765,1462.2101,68437,81237,Rhinolophus ferrumequinum,0.022,0.022,-1,Echolocation,/mnt/ubna_data_02_mir/recover-20221013/UBNA_001/20221012_030000.WAV,Telephone Field,recover-20221013,001,1795
1462.1975,1462.2053,47812,56313,Pipistrellus pipistrellus,0.018,0.021,-1,Echolocation,/mnt/ubna_data_02_mir/recover-20221013/UBNA_001/20221012_030000.WAV,Telephone Field,recover-20221013,001,1795
1462.2035,1462.2124,28046,40753,Eptesicus serotinus,0.01,0.023,-1,Echolocation,/mnt/ubna_data_02_mir/recover-20221013/UBNA_001/20221012_030000.WAV,Telephone Field,recover-20221013,001,1795
1462.2215,1462.2306,23750,30100,Plecotus austriacus,0.008,0.024,-1,Echolocation,/mnt/ubna_data_02_mir/recover-20221013/UBNA_001/20221012_030000.WAV,Telephone Field,recover-20221013,001,1795
1462.2255,1462.2659,68437,82419,Rhinolophus ferrumequinum,0.03,0.03,-1,Echolocation,/mnt/ubna_data_02_mir/recover-20221013/UBNA_001/20221012_030000.WAV,Telephone Field,recover-20221013,001,1795
1462.2535,1462.2965,68437,83179,Rhinolophus ferrumequinum,0.028,0.028,-1,Echolocation,/mnt/ubna_data_02_mir/recover-20221013/UBNA_001/20221012_030000.WAV,Telephone Field,recover-20221013,001,1795
1462.2705,1462.2792,47812,51051,Pipistrellus pipistrellus,0.042,0.046,-1,Echolocation,/mnt/ubna_data_02_mir/recover-20221013/UBNA_001/20221012_030000.WAV,Telephone Field,recover-20221013,001,1795
1462.2885,1462.3285,68437,81863,Rhinolophus ferrumequinum,0.025,0.025,-1,Echolocation,/mnt/ubna_data_02_mir/recover-20221013/UBNA_001/20221012_030000.WAV,Telephone Field,recover-20221013,001,1795
1462.3085,1462.3459,68437,81510,Rhinolophus ferrumequinum,0.023,0.023,-1,Echolocation,/mnt/ubna_data_02_mir/recover-20221013/UBNA_001/20221012_030000.WAV,Telephone Field,recover-20221013,001,1795
1462.3145,1462.3237,27187,37156,Eptesicus serotinus,0.007,0.022,-1,Echolocation,/mnt/ubna_data_02_mir/recover-20221013/UBNA_001/20221012_030000.WAV,Telephone Field,recover-20221013,001,1795
1462.3185,1462.3549,68437,82609,Rhinolophus ferrumequinum,0.023,0.023,-1,Echolocation,/mnt/ubna_data_02_mir/recover-20221013/UBNA_001/20221012_030000.WAV,Telephone Field,recover-20221013,001,1795
1462.3445,1462.3547,28046,39693,Eptesicus serotinus,0.01,0.022,-1,Echolocation,/mnt/ubna_data_02_mir/recover-20221013/UBNA_001/20221012_030000.WAV,Telephone Field,recover-20221013,001,1795
1462.3475,1462.3888,68437,83349,Rhinolophus ferrumequinum,0.042,0.042,-1,Echolocation,/mnt/ubna_data_02_mir/recover-20221013/UBNA_001/20221012_030000.WAV,Telephone Field,recover-20221013,001,1795
1462.3495,1462.3591,28906,39052,Eptesicus serotinus,0.009,0.022,-1,Echolocation,/mnt/ubna_data_02_mir/recover-20221013/UBNA_001/20221012_030000.WAV,Telephone Field,recover-20221013,001,1795
1462.3745,1462.384,28906,36822,Eptesicus serotinus,0.011,0.026,-1,Echolocation,/mnt/ubna_data_02_mir/recover-20221013/UBNA_001/20221012_030000.WAV,Telephone Field,recover-20221013,001,1795
1462.4135,1462.4497,68437,81735,Rhinolophus ferrumequinum,0.022,0.023,-1,Echolocation,/mnt/ubna_data_02_mir/recover-20221013/UBNA_001/20221012_030000.WAV,Telephone Field,recover-20221013,001,1795
1462.4275,1462.4356,34062,43112,Myotis daubentonii,0.007,0.024,-1,Echolocation,/mnt/ubna_data_02_mir/recover-20221013/UBNA_001/20221012_030000.WAV,Telephone Field,recover-20221013,001,1795
1462.4285,1462.466,68437,81862,Rhinolophus ferrumequinum,0.025,0.025,-1,Echolocation,/mnt/ubna_data_02_mir/recover-20221013/UBNA_001/20221012_030000.WAV,Telephone Field,recover-20221013,001,1795
1462.4495,1462.4866,68437,80693,Rhinolophus ferrumequinum,0.021,0.021,-1,Echolocation,/mnt/ubna_data_02_mir/recover-20221013/UBNA_001/20221012_030000.WAV,Telephone Field,recover-20221013,001,1795
1462.4535,1462.4645,28906,35905,Eptesicus serotinus,0.01,0.024,-1,Echolocation,/mnt/ubna_data_02_mir/recover-20221013/UBNA_001/20221012_030000.WAV,Telephone Field,recover-20221013,001,1795
1462.4785,1462.5166,68437,81987,Rhinolophus ferrumequinum,0.022,0.022,-1,Echolocation,/mnt/ubna_data_02_mir/recover-20221013/UBNA_001/20221012_030000.WAV,Telephone Field,recover-20221013,001,1795
1462.4895,1462.4981,27187,38443,Eptesicus serotinus,0.008,0.024,-1,Echolocation,/mnt/ubna_data_02_mir/recover-20221013/UBNA_001/20221012_030000.WAV,Telephone Field,recover-20221013,001,1795
1462.5095,1462.5448,68437,81365,Rhinolophus ferrumequinum,0.033,0.033,-1,Echolocation,/mnt/ubna_data_02_mir/recover-20221013/UBNA_001/20221012_030000.WAV,Telephone Field,recover-20221013,001,1795
1462.5395,1462.5811,68437,82409,Rhinolophus ferrumequinum,0.026,0.026,-1,Echolocation,/mnt/ubna_data_02_mir/recover-20221013/UBNA_001/20221012_030000.WAV,Telephone Field,recover-20221013,001,1795
1462.5715,1462.6153,68437,83284,Rhinolophus ferrumequinum,0.033,0.033,-1,Echolocation,/mnt/ubna_data_02_mir/recover-20221013/UBNA_001/20221012_030000.WAV,Telephone Field,recover-20221013,001,1795
1462.5835,1462.5938,24609,31855,Eptesicus serotinus,0.01,0.029,-1,Echolocation,/mnt/ubna_data_02_mir/recover-20221013/UBNA_001/20221012_030000.WAV,Telephone Field,recover-20221013,001,1795
1462.6035,1462.6138,28906,37238,Eptesicus serotinus,0.009,0.023,-1,Echolocation,/mnt/ubna_data_02_mir/recover-20221013/UBNA_001/20221012_030000.WAV,Telephone Field,recover-20221013,001,1795
1462.6055,1462.6489,68437,83506,Rhinolophus ferrumequinum,0.045,0.045,-1,Echolocation,/mnt/ubna_data_02_mir/recover-20221013/UBNA_001/20221012_030000.WAV,Telephone Field,recover-20221013,001,1795
1462.6245,1462.6639,68437,82377,Rhinolophus ferrumequinum,0.025,0.025,-1,Echolocation,/mnt/ubna_data_02_mir/recover-20221013/UBNA_001/20221012_030000.WAV,Telephone Field,recover-20221013,001,1795
1462.6265,1462.6353,23750,31700,Plecotus austriacus,0.012,0.033,-1,Echolocation,/mnt/ubna_data_02_mir/recover-20221013/UBNA_001/20221012_030000.WAV,Telephone Field,recover-20221013,001,1795
1462.6525,1462.6601,27187,39177,Eptesicus serotinus,0.007,0.022,-1,Echolocation,/mnt/ubna_data_02_mir/recover-20221013/UBNA_001/20221012_030000.WAV,Telephone Field,recover-20221013,001,1795
1462.6565,1462.6956,68437,82460,Rhinolophus ferrumequinum,0.025,0.025,-1,Echolocation,/mnt/ubna_data_02_mir/recover-20221013/UBNA_001/20221012_030000.WAV,Telephone Field,recover-20221013,001,1795
1462.7125,1462.7521,68437,81338,Rhinolophus ferrumequinum,0.022,0.022,-1,Echolocation,/mnt/ubna_data_02_mir/recover-20221013/UBNA_001/20221012_030000.WAV,Telephone Field,recover-20221013,001,1795
1462.7205,1462.7412,18593,21920,Nyctalus noctula,0.021,0.036,-1,Echolocation,/mnt/ubna_data_02_mir/recover-20221013/UBNA_001/20221012_030000.WAV,Telephone Field,recover-20221013,001,1795
1462.7325,1462.7668,68437,81704,Rhinolophus ferrumequinum,0.025,0.025,-1,Echolocation,/mnt/ubna_data_02_mir/recover-20221013/UBNA_001/20221012_030000.WAV,Telephone Field,recover-20221013,001,1795
1462.7945,1462.8312,68437,81970,Rhinolophus ferrumequinum,0.022,0.022,-1,Echolocation,/mnt/ubna_data_02_mir/recover-20221013/UBNA_001/20221012_030000.WAV,Telephone Field,recover-20221013,001,1795
1462.8175,1462.8542,68437,80894,Rhinolophus ferrumequinum,0.024,0.024,-1,Echolocation,/mnt/ubna_data_02_mir/recover-20221013/UBNA_001/20221012_030000.WAV,Telephone Field,recover-20221013,001,1795
1462.8305,1462.8405,22890,29921,Nyctalus leisleri,0.01,0.029,-1,Echolocation,/mnt/ubna_data_02_mir/recover-20221013/UBNA_001/20221012_030000.WAV,Telephone Field,recover-20221013,001,1795
1462.8465,1462.8848,68437,81765,Rhinolophus ferrumequinum,0.022,0.022,-1,Echolocation,/mnt/ubna_data_02_mir/recover-20221013/UBNA_001/20221012_030000.WAV,Telephone Field,recover-20221013,001,1795
1462.8865,1462.929,68437,83108,Rhinolophus ferrumequinum,0.035,0.035,-1,Echolocation,/mnt/ubna_data_02_mir/recover-20221013/UBNA_001/20221012_030000.WAV,Telephone Field,recover-20221013,001,1795
1462.9125,1462.9527,68437,82945,Rhinolophus ferrumequinum,0.025,0.025,-1,Echolocation,/mnt/ubna_data_02_mir/recover-20221013/UBNA_001/20221012_030000.WAV,Telephone Field,recover-20221013,001,1795
1462.9135,1462.9226,22890,29813,Plecotus austriacus,0.009,0.025,-1,Echolocation,/mnt/ubna_data_02_mir/recover-20221013/UBNA_001/20221012_030000.WAV,Telephone Field,recover-20221013,001,1795
1462.9445,1462.9837,68437,82111,Rhinolophus ferrumequinum,0.023,0.023,-1,Echolocation,/mnt/ubna_data_02_mir/recover-20221013/UBNA_001/20221012_030000.WAV,Telephone Field,recover-20221013,001,1795
1462.9515,1462.9616,24609,32705,Nyctalus leisleri,0.007,0.022,-1,Echolocation,/mnt/ubna_data_02_mir/recover-20221013/UBNA_001/20221012_030000.WAV,Telephone Field,recover-20221013,001,1795
1462.9705,1462.9821,42656,50513,Pipistrellus pipistrellus,0.024,0.036,-1,Echolocation,/mnt/ubna_data_02_mir/recover-20221013/UBNA_001/20221012_030000.WAV,Telephone Field,recover-20221013,001,1795
1462.9865,1463.0245,68437,81930,Rhinolophus ferrumequinum,0.022,0.022,-1,Echolocation,/mnt/ubna_data_02_mir/recover-20221013/UBNA_001/20221012_030000.WAV,Telephone Field,recover-20221013,001,1795
1462.9925,1463.0269,68437,80918,Rhinolophus ferrumequinum,0.022,0.023,-1,Echolocation,/mnt/ubna_data_02_mir/recover-20221013/UBNA_001/20221012_030000.WAV,Telephone Field,recover-20221013,001,1795
1463.0255,1463.0634,68437,81710,Rhinolophus ferrumequinum,0.021,0.021,-1,Echolocation,/mnt/ubna_data_02_mir/recover-20221013/UBNA_001/20221012_030000.WAV,Telephone Field,recover-20221013,001,1795
1463.0305,1463.0393,23750,31928,Plecotus austriacus,0.011,0.031,-1,Echolocation,/mnt/ubna_data_02_mir/recover-20221013/UBNA_001/20221012_030000.WAV,Telephone Field,recover-20221013,001,1795
1463.0635,1463.1038,68437,82137,Rhinolophus ferrumequinum,0.029,0.03,-1,Echolocation,/mnt/ubna_data_02_mir/recover-20221013/UBNA_001/20221012_030000.WAV,Telephone Field,recover-20221013,001,1795
1463.0695,1463.0765,24609,37616,Plecotus austriacus,0.006,0.022,-1,Echolocation,/mnt/ubna_data_02_mir/recover-20221013/UBNA_001/20221012_030000.WAV,Telephone Field,recover-20221013,001,1795
1463.0735,1463.1081,68437,81533,Rhinolophus ferrumequinum,0.024,0.024,-1,Echolocation,/mnt/ubna_data_02_mir/recover-20221013/UBNA_001/20221012_030000.WAV,Telephone Field,recover-20221013,001,1795
1463.0835,1463.1224,68437,82463,Rhinolophus ferrumequinum,0.027,0.027,-1,Echolocation,/mnt/ubna_data_02_mir/recover-20221013/UBNA_001/20221012_030000.WAV,Telephone Field,recover-20221013,001,1795
1463.1075,1463.1238,21171,24655,Nyctalus leisleri,0.014,0.024,-1,Echolocation,/mnt/ubna_data_02_mir/recover-20221013/UBNA_001/20221012_030000.WAV,Telephone Field,recover-20221013,001,1795
1463.1225,1463.1629,68437,81674,Rhinolophus ferrumequinum,0.023,0.023,-1,Echolocation,/mnt/ubna_data_02_mir/recover-20221013/UBNA_001/20221012_030000.WAV,Telephone Field,recover-20221013,001,1795
1463.1355,1463.1429,27187,37883,Eptesicus serotinus,0.007,0.023,-1,Echolocation,/mnt/ubna_data_02_mir/recover-20221013/UBNA_001/20221012_030000.WAV,Telephone Field,recover-20221013,001,1795
1463.1575,1463.1989,68437,82511,Rhinolophus ferrumequinum,0.026,0.026,-1,Echolocation,/mnt/ubna_data_02_mir/recover-20221013/UBNA_001/20221012_030000.WAV,Telephone Field,recover-20221013,001,1795
1463.1835,1463.2258,68437,82888,Rhinolophus ferrumequinum,0.044,0.044,-1,Echolocation,/mnt/ubna_data_02_mir/recover-20221013/UBNA_001/20221012_030000.WAV,Telephone Field,recover-20221013,001,1795
1463.1835,1463.1939,24609,31410,Eptesicus serotinus,0.008,0.023,-1,Echolocation,/mnt/ubna_data_02_mir/recover-20221013/UBNA_001/20221012_030000.WAV,Telephone Field,recover-20221013,001,1795
1463.2315,1463.2394,27187,36916,Eptesicus serotinus,0.007,0.022,-1,Echolocation,/mnt/ubna_data_02_mir/recover-20221013/UBNA_001/20221012_030000.WAV,Telephone Field,recover-20221013,001,1795
1463.2595,1463.2939,68437,80801,Rhinolophus ferrumequinum,0.021,0.022,-1,Echolocation,/mnt/ubna_data_02_mir/recover-20221013/UBNA_001/20221012_030000.WAV,Telephone Field,recover-20221013,001,1795
1463.2665,1463.2744,28906,38911,Eptesicus serotinus,0.007,0.021,-1,Echolocation,/mnt/ubna_data_02_mir/recover-20221013/UBNA_001/20221012_030000.WAV,Telephone Field,recover-20221013,001,1795
1463.2705,1463.3079,68437,81627,Rhinolophus ferrumequinum,0.028,0.028,-1,Echolocation,/mnt/ubna_data_02_mir/recover-20221013/UBNA_001/20221012_030000.WAV,Telephone Field,recover-20221013,001,1795
1463.2795,1463.3131,68437,81358,Rhinolophus ferrumequinum,0.027,0.027,-1,Echolocation,/mnt/ubna_data_02_mir/recover-20221013/UBNA_001/20221012_030000.WAV,Telephone Field,recover-20221013,001,1795
1463.2965,1463.3059,27187,35974,Eptesicus serotinus,0.008,0.024,-1,Echolocation,/mnt/ubna_data_02_mir/recover-20221013/UBNA_001/20221012_030000.WAV,Telephone Field,recover-20221013,001,1795
1463.2975,1463.3376,68437,82271,Rhinolophus ferrumequinum,0.023,0.023,-1,Echolocation,/mnt/ubna_data_02_mir/recover-20221013/UBNA_001/20221012_030000.WAV,Telephone Field,recover-20221013,001,1795
1463.3055,1463.3437,68437,81935,Rhinolophus ferrumequinum,0.022,0.022,-1,Echolocation,/mnt/ubna_data_02_mir/recover-20221013/UBNA_001/20221012_030000.WAV,Telephone Field,recover-20221013,001,1795
1463.3135,1463.3492,68437,81746,Rhinolophus ferrumequinum,0.022,0.022,-1,Echolocation,/mnt/ubna_data_02_mir/recover-20221013/UBNA_001/20221012_030000.WAV,Telephone Field,recover-20221013,001,1795
1463.3495,1463.3873,68437,81423,Rhinolophus ferrumequinum,0.024,0.024,-1,Echolocation,/mnt/ubna_data_02_mir/recover-20221013/UBNA_001/20221012_030000.WAV,Telephone Field,recover-20221013,001,1795
1463.3585,1463.3935,68437,81983,Rhinolophus ferrumequinum,0.025,0.025,-1,Echolocation,/mnt/ubna_data_02_mir/recover-20221013/UBNA_001/20221012_030000.WAV,Telephone Field,recover-20221013,001,1795
1463.3585,1463.3686,22890,29926,Nyctalus leisleri,0.008,0.025,-1,Echolocation,/mnt/ubna_data_02_mir/recover-20221013/UBNA_001/20221012_030000.WAV,Telephone Field,recover-20221013,001,1795
1463.3815,1463.4223,68437,82275,Rhinolophus ferrumequinum,0.026,0.026,-1,Echolocation,/mnt/ubna_data_02_mir/recover-20221013/UBNA_001/20221012_030000.WAV,Telephone Field,recover-20221013,001,1795
1463.4055,1463.4454,68437,82391,Rhinolophus ferrumequinum,0.023,0.023,-1,Echolocation,/mnt/ubna_data_02_mir/recover-20221013/UBNA_001/20221012_030000.WAV,Telephone Field,recover-20221013,001,1795
1463.4065,1463.4145,25468,35105,Eptesicus serotinus,0.011,0.034,-1,Echolocation,/mnt/ubna_data_02_mir/recover-20221013/UBNA_001/20221012_030000.WAV,Telephone Field,recover-20221013,001,1795
1463.4375,1463.4777,68437,82331,Rhinolophus ferrumequinum,0.024,0.024,-1,Echolocation,/mnt/ubna_data_02_mir/recover-20221013/UBNA_001/20221012_030000.WAV,Telephone Field,recover-20221013,001,1795
1463.4655,1463.5055,68437,82321,Rhinolophus ferrumequinum,0.026,0.026,-1,Echolocation,/mnt/ubna_data_02_mir/recover-20221013/UBNA_001/20221012_030000.WAV,Telephone Field,recover-20221013,001,1795
1463.4805,1463.5149,68437,81624,Rhinolophus ferrumequinum,0.022,0.022,-1,Echolocation,/mnt/ubna_data_02_mir/recover-20221013/UBNA_001/20221012_030000.WAV,Telephone Field,recover-20221013,001,1795
1463.5005,1463.5071,26328,37197,Plecotus austriacus,0.007,0.029,-1,Echolocation,/mnt/ubna_data_02_mir/recover-20221013/UBNA_001/20221012_030000.WAV,Telephone Field,recover-20221013,001,1795
1463.5045,1463.5423,68437,82233,Rhinolophus ferrumequinum,0.022,0.022,-1,Echolocation,/mnt/ubna_data_02_mir/recover-20221013/UBNA_001/20221012_030000.WAV,Telephone Field,recover-20221013,001,1795
1463.5155,1463.5264,22031,25988,Nyctalus leisleri,0.014,0.023,-1,Echolocation,/mnt/ubna_data_02_mir/recover-20221013/UBNA_001/20221012_030000.WAV,Telephone Field,recover-20221013,001,1795
1463.5195,1463.5593,68437,81542,Rhinolophus ferrumequinum,0.022,0.022,-1,Echolocation,/mnt/ubna_data_02_mir/recover-20221013/UBNA_001/20221012_030000.WAV,Telephone Field,recover-20221013,001,1795
1463.5275,1463.5371,41796,45493,Pipistrellus pipistrellus,0.058,0.079,-1,Echolocation,/mnt/ubna_data_02_mir/recover-20221013/UBNA_001/20221012_030000.WAV,Telephone Field,recover-20221013,001,1795
1463.5275,1463.5672,68437,82503,Rhinolophus ferrumequinum,0.028,0.028,-1,Echolocation,/mnt/ubna_data_02_mir/recover-20221013/UBNA_001/20221012_030000.WAV,Telephone Field,recover-20221013,001,1795
1463.5825,1463.6241,68437,82466,Rhinolophus ferrumequinum,0.035,0.035,-1,Echolocation,/mnt/ubna_data_02_mir/recover-20221013/UBNA_001/20221012_030000.WAV,Telephone Field,recover-20221013,001,1795
1463.5855,1463.5956,28906,37242,Eptesicus serotinus,0.013,0.026,-1,Echolocation,/mnt/ubna_data_02_mir/recover-20221013/UBNA_001/20221012_030000.WAV,Telephone Field,recover-20221013,001,1795
1463.5865,1463.5947,22890,30273,Plecotus austriacus,0.011,0.024,-1,Echolocation,/mnt/ubna_data_02_mir/recover-20221013/UBNA_001/20221012_030000.WAV,Telephone Field,recover-20221013,001,1795
1463.6105,1463.6499,68437,82302,Rhinolophus ferrumequinum,0.024,0.024,-1,Echolocation,/mnt/ubna_data_02_mir/recover-20221013/UBNA_001/20221012_030000.WAV,Telephone Field,recover-20221013,001,1795
1463.6205,1463.6269,28046,42178,Eptesicus serotinus,0.006,0.027,-1,Echolocation,/mnt/ubna_data_02_mir/recover-20221013/UBNA_001/20221012_030000.WAV,Telephone Field,recover-20221013,001,1795
1463.6525,1463.6923,68437,82706,Rhinolophus ferrumequinum,0.026,0.026,-1,Echolocation,/mnt/ubna_data_02_mir/recover-20221013/UBNA_001/20221012_030000.WAV,Telephone Field,recover-20221013,001,1795
1463.6765,1463.7124,68437,81379,Rhinolophus ferrumequinum,0.021,0.021,-1,Echolocation,/mnt/ubna_data_02_mir/recover-20221013/UBNA_001/20221012_030000.WAV,Telephone Field,recover-20221013,001,1795
1463.7365,1463.7786,68437,82505,Rhinolophus ferrumequinum,0.026,0.026,-1,Echolocation,/mnt/ubna_data_02_mir/recover-20221013/UBNA_001/20221012_030000.WAV,Telephone Field,recover-20221013,001,1795
1463.7435,1463.7508,24609,33885,Plecotus austriacus,0.008,0.023,-1,Echolocation,/mnt/ubna_data_02_mir/recover-20221013/UBNA_001/20221012_030000.WAV,Telephone Field,recover-20221013,001,1795
1463.7435,1463.7833,68437,82319,Rhinolophus ferrumequinum,0.025,0.025,-1,Echolocation,/mnt/ubna_data_02_mir/recover-20221013/UBNA_001/20221012_030000.WAV,Telephone Field,recover-20221013,001,1795
1463.7855,1463.7949,22890,29424,Plecotus austriacus,0.008,0.023,-1,Echolocation,/mnt/ubna_data_02_mir/recover-20221013/UBNA_001/20221012_030000.WAV,Telephone Field,recover-20221013,001,1795
1463.8165,1463.8621,68437,83472,Rhinolophus ferrumequinum,0.094,0.094,-1,Echolocation,/mnt/ubna_data_02_mir/recover-20221013/UBNA_001/20221012_030000.WAV,Telephone Field,recover-20221013,001,1795
1463.8195,1463.8267,28046,44815,Eptesicus serotinus,0.007,0.023,-1,Echolocation,/mnt/ubna_data_02_mir/recover-20221013/UBNA_001/20221012_030000.WAV,Telephone Field,recover-20221013,001,1795
1463.8355,1463.8422,28906,39780,Eptesicus serotinus,0.007,0.027,-1,Echolocation,/mnt/ubna_data_02_mir/recover-20221013/UBNA_001/20221012_030000.WAV,Telephone Field,recover-20221013,001,1795
1463.8655,1463.8811,33203,37621,Pipistrellus nathusii,0.01,0.032,-1,Echolocation,/mnt/ubna_data_02_mir/recover-20221013/UBNA_001/20221012_030000.WAV,Telephone Field,recover-20221013,001,1795
1463.8745,1463.9172,68437,83107,Rhinolophus ferrumequinum,0.038,0.038,-1,Echolocation,/mnt/ubna_data_02_mir/recover-20221013/UBNA_001/20221012_030000.WAV,Telephone Field,recover-20221013,001,1795
1463.8845,1463.8933,28906,38824,Eptesicus serotinus,0.009,0.022,-1,Echolocation,/mnt/ubna_data_02_mir/recover-20221013/UBNA_001/20221012_030000.WAV,Telephone Field,recover-20221013,001,1795
1463.9035,1463.9436,68437,82158,Rhinolophus ferrumequinum,0.028,0.028,-1,Echolocation,/mnt/ubna_data_02_mir/recover-20221013/UBNA_001/20221012_030000.WAV,Telephone Field,recover-20221013,001,1795
1463.9265,1463.9641,68437,81487,Rhinolophus ferrumequinum,0.022,0.022,-1,Echolocation,/mnt/ubna_data_02_mir/recover-20221013/UBNA_001/20221012_030000.WAV,Telephone Field,recover-20221013,001,1795
1463.9525,1463.9887,68437,81369,Rhinolophus ferrumequinum,0.024,0.025,-1,Echolocation,/mnt/ubna_data_02_mir/recover-20221013/UBNA_001/20221012_030000.WAV,Telephone Field,recover-20221013,001,1795
1463.9845,1463.9942,28906,41674,Eptesicus serotinus,0.008,0.022,-1,Echolocation,/mnt/ubna_data_02_mir/recover-20221013/UBNA_001/20221012_030000.WAV,Telephone Field,recover-20221013,001,1795
1464.0015,1464.029,69296,82818,Rhinolophus ferrumequinum,0.036,0.036,-1,Echolocation,/mnt/ubna_data_02_mir/recover-20221013/UBNA_001/20221012_030000.WAV,Telephone Field,recover-20221013,001,1795
1464.0015,1464.0145,56406,62292,Pipistrellus pygmaeus,0.021,0.023,-1,Echolocation,/mnt/ubna_data_02_mir/recover-20221013/UBNA_001/20221012_030000.WAV,Telephone Field,recover-20221013,001,1795
1464.0015,1464.0103,24609,31324,Nyctalus leisleri,0.011,0.028,-1,Echolocation,/mnt/ubna_data_02_mir/recover-20221013/UBNA_001/20221012_030000.WAV,Telephone Field,recover-20221013,001,1795
1464.0165,1464.0577,68437,82969,Rhinolophus ferrumequinum,0.023,0.023,-1,Echolocation,/mnt/ubna_data_02_mir/recover-20221013/UBNA_001/20221012_030000.WAV,Telephone Field,recover-20221013,001,1795
1464.0195,1464.0279,28046,40438,Eptesicus serotinus,0.008,0.022,-1,Echolocation,/mnt/ubna_data_02_mir/recover-20221013/UBNA_001/20221012_030000.WAV,Telephone Field,recover-20221013,001,1795
1464.0265,1464.0343,28046,40294,Eptesicus serotinus,0.008,0.023,-1,Echolocation,/mnt/ubna_data_02_mir/recover-20221013/UBNA_001/20221012_030000.WAV,Telephone Field,recover-20221013,001,1795
1464.0465,1464.0852,68437,81525,Rhinolophus ferrumequinum,0.024,0.024,-1,Echolocation,/mnt/ubna_data_02_mir/recover-20221013/UBNA_001/20221012_030000.WAV,Telephone Field,recover-20221013,001,1795
1464.0605,1464.0694,22890,29803,Plecotus austriacus,0.009,0.023,-1,Echolocation,/mnt/ubna_data_02_mir/recover-20221013/UBNA_001/20221012_030000.WAV,Telephone Field,recover-20221013,001,1795
1464.0815,1464.1218,68437,82546,Rhinolophus ferrumequinum,0.023,0.023,-1,Echolocation,/mnt/ubna_data_02_mir/recover-20221013/UBNA_001/20221012_030000.WAV,Telephone Field,recover-20221013,001,1795
1464.1085,1464.1187,22031,28252,Nyctalus leisleri,0.01,0.028,-1,Echolocation,/mnt/ubna_data_02_mir/recover-20221013/UBNA_001/20221012_030000.WAV,Telephone Field,recover-20221013,001,1795
1464.1485,1464.1937,68437,83057,Rhinolophus ferrumequinum,0.048,0.048,-1,Echolocation,/mnt/ubna_data_02_mir/recover-20221013/UBNA_001/20221012_030000.WAV,Telephone Field,recover-20221013,001,1795
1464.1675,1464.1785,23750,29044,Nyctalus leisleri,0.012,0.025,-1,Echolocation,/mnt/ubna_data_02_mir/recover-20221013/UBNA_001/20221012_030000.WAV,Telephone Field,recover-20221013,001,1795
1464.1805,1464.2156,68437,81980,Rhinolophus ferrumequinum,0.025,0.025,-1,Echolocation,/mnt/ubna_data_02_mir/recover-20221013/UBNA_001/20221012_030000.WAV,Telephone Field,recover-20221013,001,1795
1464.2135,1464.2554,68437,82330,Rhinolophus ferrumequinum,0.024,0.024,-1,Echolocation,/mnt/ubna_data_02_mir/recover-20221013/UBNA_001/20221012_030000.WAV,Telephone Field,recover-20221013,001,1795
1464.2385,1464.2747,68437,81436,Rhinolophus ferrumequinum,0.033,0.033,-1,Echolocation,/mnt/ubna_data_02_mir/recover-20221013/UBNA_001/20221012_030000.WAV,Telephone Field,recover-20221013,001,1795
1464.2495,1464.2621,22031,26205,Nyctalus leisleri,0.014,0.024,-1,Echolocation,/mnt/ubna_data_02_mir/recover-20221013/UBNA_001/20221012_030000.WAV,Telephone Field,recover-20221013,001,1795
1464.2775,1464.3166,68437,81386,Rhinolophus ferrumequinum,0.025,0.025,-1,Echolocation,/mnt/ubna_data_02_mir/recover-20221013/UBNA_001/20221012_030000.WAV,Telephone Field,recover-20221013,001,1795
1464.2855,1464.2944,23750,32380,Plecotus austriacus,0.008,0.024,-1,Echolocation,/mnt/ubna_data_02_mir/recover-20221013/UBNA_001/20221012_030000.WAV,Telephone Field,recover-20221013,001,1795
1464.2875,1464.3255,68437,82366,Rhinolophus ferrumequinum,0.023,0.024,-1,Echolocation,/mnt/ubna_data_02_mir/recover-20221013/UBNA_001/20221012_030000.WAV,Telephone Field,recover-20221013,001,1795
1464.2945,1464.3047,22890,28884,Nyctalus leisleri,0.011,0.026,-1,Echolocation,/mnt/ubna_data_02_mir/recover-20221013/UBNA_001/20221012_030000.WAV,Telephone Field,recover-20221013,001,1795
1464.3495,1464.3614,23750,29738,Nyctalus leisleri,0.014,0.03,-1,Echolocation,/mnt/ubna_data_02_mir/recover-20221013/UBNA_001/20221012_030000.WAV,Telephone Field,recover-20221013,001,1795
1464.3955,1464.4318,68437,80961,Rhinolophus ferrumequinum,0.025,0.026,-1,Echolocation,/mnt/ubna_data_02_mir/recover-20221013/UBNA_001/20221012_030000.WAV,Telephone Field,recover-20221013,001,1795
1464.4015,1464.4104,34921,41838,Myotis daubentonii,0.007,0.025,-1,Echolocation,/mnt/ubna_data_02_mir/recover-20221013/UBNA_001/20221012_030000.WAV,Telephone Field,recover-20221013,001,1795
1464.4045,1464.4107,24609,38563,Plecotus austriacus,0.009,0.029,-1,Echolocation,/mnt/ubna_data_02_mir/recover-20221013/UBNA_001/20221012_030000.WAV,Telephone Field,recover-20221013,001,1795
1464.4165,1464.4567,68437,82701,Rhinolophus ferrumequinum,0.029,0.029,-1,Echolocation,/mnt/ubna_data_02_mir/recover-20221013/UBNA_001/20221012_030000.WAV,Telephone Field,recover-20221013,001,1795
1464.4235,1464.4647,68437,82752,Rhinolophus ferrumequinum,0.028,0.028,-1,Echolocation,/mnt/ubna_data_02_mir/recover-20221013/UBNA_001/20221012_030000.WAV,Telephone Field,recover-20221013,001,1795
1464.4575,1464.4671,27187,35610,Eptesicus serotinus,0.014,0.028,-1,Echolocation,/mnt/ubna_data_02_mir/recover-20221013/UBNA_001/20221012_030000.WAV,Telephone Field,recover-20221013,001,1795
1464.5115,1464.5563,68437,83143,Rhinolophus ferrumequinum,0.03,0.031,-1,Echolocation,/mnt/ubna_data_02_mir/recover-20221013/UBNA_001/20221012_030000.WAV,Telephone Field,recover-20221013,001,1795
1464.5165,1464.5239,25468,38302,Myotis nattereri,0.008,0.028,-1,Echolocation,/mnt/ubna_data_02_mir/recover-20221013/UBNA_001/20221012_030000.WAV,Telephone Field,recover-20221013,001,1795
1464.5225,1464.5333,23750,28737,Nyctalus leisleri,0.012,0.024,-1,Echolocation,/mnt/ubna_data_02_mir/recover-20221013/UBNA_001/20221012_030000.WAV,Telephone Field,recover-20221013,001,1795
1464.5495,1464.5888,68437,82101,Rhinolophus ferrumequinum,0.027,0.027,-1,Echolocation,/mnt/ubna_data_02_mir/recover-20221013/UBNA_001/20221012_030000.WAV,Telephone Field,recover-20221013,001,1795
1464.5605,1464.6018,68437,83112,Rhinolophus ferrumequinum,0.029,0.029,-1,Echolocation,/mnt/ubna_data_02_mir/recover-20221013/UBNA_001/20221012_030000.WAV,Telephone Field,recover-20221013,001,1795
1464.5735,1464.581,27187,39375,Eptesicus serotinus,0.007,0.023,-1,Echolocation,/mnt/ubna_data_02_mir/recover-20221013/UBNA_001/20221012_030000.WAV,Telephone Field,recover-20221013,001,1795
1464.5925,1464.6338,68437,82666,Rhinolophus ferrumequinum,0.026,0.026,-1,Echolocation,/mnt/ubna_data_02_mir/recover-20221013/UBNA_001/20221012_030000.WAV,Telephone Field,recover-20221013,001,1795
1464.6225,1464.6583,68437,80680,Rhinolophus ferrumequinum,0.026,0.026,-1,Echolocation,/mnt/ubna_data_02_mir/recover-20221013/UBNA_001/20221012_030000.WAV,Telephone Field,recover-20221013,001,1795
1464.6315,1464.641,28046,38149,Eptesicus serotinus,0.01,0.025,-1,Echolocation,/mnt/ubna_data_02_mir/recover-20221013/UBNA_001/20221012_030000.WAV,Telephone Field,recover-20221013,001,1795
1464.6545,1464.6934,68437,82976,Rhinolophus ferrumequinum,0.025,0.025,-1,Echolocation,/mnt/ubna_data_02_mir/recover-20221013/UBNA_001/20221012_030000.WAV,Telephone Field,recover-20221013,001,1795
1464.6635,1464.705,68437,82931,Rhinolophus ferrumequinum,0.026,0.026,-1,Echolocation,/mnt/ubna_data_02_mir/recover-20221013/UBNA_001/20221012_030000.WAV,Telephone Field,recover-20221013,001,1795
1464.6855,1464.7235,68437,81573,Rhinolophus ferrumequinum,0.024,0.024,-1,Echolocation,/mnt/ubna_data_02_mir/recover-20221013/UBNA_001/20221012_030000.WAV,Telephone Field,recover-20221013,001,1795
1464.6885,1464.6996,28046,37811,Eptesicus serotinus,0.014,0.031,-1,Echolocation,/mnt/ubna_data_02_mir/recover-20221013/UBNA_001/20221012_030000.WAV,Telephone Field,recover-20221013,001,1795
1464.7235,1464.734,22890,28456,Nyctalus leisleri,0.013,0.03,-1,Echolocation,/mnt/ubna_data_02_mir/recover-20221013/UBNA_001/20221012_030000.WAV,Telephone Field,recover-20221013,001,1795
1464.7475,1464.7575,24609,31885,Eptesicus serotinus,0.007,0.025,-1,Echolocation,/mnt/ubna_data_02_mir/recover-20221013/UBNA_001/20221012_030000.WAV,Telephone Field,recover-20221013,001,1795
1464.7485,1464.7941,68437,84090,Rhinolophus ferrumequinum,0.046,0.046,-1,Echolocation,/mnt/ubna_data_02_mir/recover-20221013/UBNA_001/20221012_030000.WAV,Telephone Field,recover-20221013,001,1795
1464.7605,1464.7985,68437,82321,Rhinolophus ferrumequinum,0.024,0.024,-1,Echolocation,/mnt/ubna_data_02_mir/recover-20221013/UBNA_001/20221012_030000.WAV,Telephone Field,recover-20221013,001,1795
1464.7865,1464.8221,68437,81913,Rhinolophus ferrumequinum,0.022,0.022,-1,Echolocation,/mnt/ubna_data_02_mir/recover-20221013/UBNA_001/20221012_030000.WAV,Telephone Field,recover-20221013,001,1795
1464.8055,1464.8446,68437,81912,Rhinolophus ferrumequinum,0.024,0.024,-1,Echolocation,/mnt/ubna_data_02_mir/recover-20221013/UBNA_001/20221012_030000.WAV,Telephone Field,recover-20221013,001,1795
1464.8325,1464.8706,68437,81499,Rhinolophus ferrumequinum,0.026,0.026,-1,Echolocation,/mnt/ubna_data_02_mir/recover-20221013/UBNA_001/20221012_030000.WAV,Telephone Field,recover-20221013,001,1795
1464.8545,1464.8606,27187,39752,Eptesicus serotinus,0.007,0.029,-1,Echolocation,/mnt/ubna_data_02_mir/recover-20221013/UBNA_001/20221012_030000.WAV,Telephone Field,recover-20221013,001,1795
1464.8595,1464.9039,68437,83174,Rhinolophus ferrumequinum,0.041,0.041,-1,Echolocation,/mnt/ubna_data_02_mir/recover-20221013/UBNA_001/20221012_030000.WAV,Telephone Field,recover-20221013,001,1795
1464.9145,1464.9561,68437,82537,Rhinolophus ferrumequinum,0.026,0.026,-1,Echolocation,/mnt/ubna_data_02_mir/recover-20221013/UBNA_001/20221012_030000.WAV,Telephone Field,recover-20221013,001,1795
1464.9305,1464.9675,68437,81804,Rhinolophus ferrumequinum,0.027,0.027,-1,Echolocation,/mnt/ubna_data_02_mir/recover-20221013/UBNA_001/20221012_030000.WAV,Telephone Field,recover-20221013,001,1795
1464.9745,1465.013,68437,82336,Rhinolophus ferrumequinum,0.023,0.023,-1,Echolocation,/mnt/ubna_data_02_mir/recover-20221013/UBNA_001/20221012_030000.WAV,Telephone Field,recover-20221013,001,1795
1465.0285,1465.0728,68437,83261,Rhinolophus ferrumequinum,0.032,0.032,-1,Echolocation,/mnt/ubna_data_02_mir/recover-20221013/UBNA_001/20221012_030000.WAV,Telephone Field,recover-20221013,001,1795
1465.0335,1465.0485,27187,32917,Eptesicus serotinus,0.016,0.031,-1,Echolocation,/mnt/ubna_data_02_mir/recover-20221013/UBNA_001/20221012_030000.WAV,Telephone Field,recover-20221013,001,1795
1465.0915,1465.1297,68437,81420,Rhinolophus ferrumequinum,0.023,0.023,-1,Echolocation,/mnt/ubna_data_02_mir/recover-20221013/UBNA_001/20221012_030000.WAV,Telephone Field,recover-20221013,001,1795
1465.1175,1465.1588,68437,82812,Rhinolophus ferrumequinum,0.027,0.027,-1,Echolocation,/mnt/ubna_data_02_mir/recover-20221013/UBNA_001/20221012_030000.WAV,Telephone Field,recover-20221013,001,1795
1465.1475,1465.1896,68437,82647,Rhinolophus ferrumequinum,0.027,0.027,-1,Echolocation,/mnt/ubna_data_02_mir/recover-20221013/UBNA_001/20221012_030000.WAV,Telephone Field,recover-20221013,001,1795
1465.1805,1465.189,28046,40087,Eptesicus serotinus,0.011,0.027,-1,Echolocation,/mnt/ubna_data_02_mir/recover-20221013/UBNA_001/20221012_030000.WAV,Telephone Field,recover-20221013,001,1795
1465.1915,1465.229,68437,82154,Rhinolophus ferrumequinum,0.03,0.03,-1,Echolocation,/mnt/ubna_data_02_mir/recover-20221013/UBNA_001/20221012_030000.WAV,Telephone Field,recover-20221013,001,1795
1465.2655,1465.3032,68437,81245,Rhinolophus ferrumequinum,0.023,0.023,-1,Echolocation,/mnt/ubna_data_02_mir/recover-20221013/UBNA_001/20221012_030000.WAV,Telephone Field,recover-20221013,001,1795
1465.2715,1465.2803,27187,38497,Eptesicus serotinus,0.007,0.022,-1,Echolocation,/mnt/ubna_data_02_mir/recover-20221013/UBNA_001/20221012_030000.WAV,Telephone Field,recover-20221013,001,1795
1465.2935,1465.3301,68437,81378,Rhinolophus ferrumequinum,0.023,0.023,-1,Echolocation,/mnt/ubna_data_02_mir/recover-20221013/UBNA_001/20221012_030000.WAV,Telephone Field,recover-20221013,001,1795
1465.3045,1465.3122,24609,33629,Plecotus austriacus,0.009,0.025,-1,Echolocation,/mnt/ubna_data_02_mir/recover-20221013/UBNA_001/20221012_030000.WAV,Telephone Field,recover-20221013,001,1795
1465.3265,1465.3673,68437,82278,Rhinolophus ferrumequinum,0.022,0.022,-1,Echolocation,/mnt/ubna_data_02_mir/recover-20221013/UBNA_001/20221012_030000.WAV,Telephone Field,recover-20221013,001,1795
1465.3345,1465.373,68437,82238,Rhinolophus ferrumequinum,0.023,0.023,-1,Echolocation,/mnt/ubna_data_02_mir/recover-20221013/UBNA_001/20221012_030000.WAV,Telephone Field,recover-20221013,001,1795
1465.3845,1465.3957,23750,29989,Nyctalus leisleri,0.016,0.039,-1,Echolocation,/mnt/ubna_data_02_mir/recover-20221013/UBNA_001/20221012_030000.WAV,Telephone Field,recover-20221013,001,1795
1465.4305,1465.4709,68437,82784,Rhinolophus ferrumequinum,0.036,0.036,-1,Echolocation,/mnt/ubna_data_02_mir/recover-20221013/UBNA_001/20221012_030000.WAV,Telephone Field,recover-20221013,001,1795
1465.4405,1465.4494,47812,55171,Pipistrellus pipistrellus,0.024,0.029,-1,Echolocation,/mnt/ubna_data_02_mir/recover-20221013/UBNA_001/20221012_030000.WAV,Telephone Field,recover-20221013,001,1795
1465.4705,1465.5089,68437,81913,Rhinolophus ferrumequinum,0.026,0.026,-1,Echolocation,/mnt/ubna_data_02_mir/recover-20221013/UBNA_001/20221012_030000.WAV,Telephone Field,recover-20221013,001,1795
1465.5005,1465.5098,28906,37790,Eptesicus serotinus,0.009,0.024,-1,Echolocation,/mnt/ubna_data_02_mir/recover-20221013/UBNA_001/20221012_030000.WAV,Telephone Field,recover-20221013,001,1795
1465.5505,1465.5861,68437,80415,Rhinolophus ferrumequinum,0.044,0.044,-1,Echolocation,/mnt/ubna_data_02_mir/recover-20221013/UBNA_001/20221012_030000.WAV,Telephone Field,recover-20221013,001,1795
1465.5835,1465.6241,68437,82641,Rhinolophus ferrumequinum,0.03,0.03,-1,Echolocation,/mnt/ubna_data_02_mir/recover-20221013/UBNA_001/20221012_030000.WAV,Telephone Field,recover-20221013,001,1795
1465.6165,1465.6599,68437,82817,Rhinolophus ferrumequinum,0.033,0.033,-1,Echolocation,/mnt/ubna_data_02_mir/recover-20221013/UBNA_001/20221012_030000.WAV,Telephone Field,recover-20221013,001,1795
1465.6355,1465.6769,68437,83262,Rhinolophus ferrumequinum,0.033,0.033,-1,Echolocation,/mnt/ubna_data_02_mir/recover-20221013/UBNA_001/20221012_030000.WAV,Telephone Field,recover-20221013,001,1795
1465.6565,1465.6663,25468,34167,Eptesicus serotinus,0.011,0.027,-1,Echolocation,/mnt/ubna_data_02_mir/recover-20221013/UBNA_001/20221012_030000.WAV,Telephone Field,recover-20221013,001,1795
1465.6675,1465.7051,68437,81696,Rhinolophus ferrumequinum,0.028,0.028,-1,Echolocation,/mnt/ubna_data_02_mir/recover-20221013/UBNA_001/20221012_030000.WAV,Telephone Field,recover-20221013,001,1795
1465.6825,1465.6907,25468,34497,Eptesicus serotinus,0.006,0.022,-1,Echolocation,/mnt/ubna_data_02_mir/recover-20221013/UBNA_001/20221012_030000.WAV,Telephone Field,recover-20221013,001,1795
1465.7195,1465.7562,68437,81713,Rhinolophus ferrumequinum,0.023,0.023,-1,Echolocation,/mnt/ubna_data_02_mir/recover-20221013/UBNA_001/20221012_030000.WAV,Telephone Field,recover-20221013,001,1795
1465.7275,1465.7667,68437,82234,Rhinolophus ferrumequinum,0.023,0.023,-1,Echolocation,/mnt/ubna_data_02_mir/recover-20221013/UBNA_001/20221012_030000.WAV,Telephone Field,recover-20221013,001,1795
1465.7355,1465.7725,68437,81277,Rhinolophus ferrumequinum,0.022,0.022,-1,Echolocation,/mnt/ubna_data_02_mir/recover-20221013/UBNA_001/20221012_030000.WAV,Telephone Field,recover-20221013,001,1795
1465.7435,1465.7794,68437,81872,Rhinolophus ferrumequinum,0.023,0.023,-1,Echolocation,/mnt/ubna_data_02_mir/recover-20221013/UBNA_001/20221012_030000.WAV,Telephone Field,recover-20221013,001,1795
1465.8135,1465.8536,68437,82234,Rhinolophus ferrumequinum,0.025,0.025,-1,Echolocation,/mnt/ubna_data_02_mir/recover-20221013/UBNA_001/20221012_030000.WAV,Telephone Field,recover-20221013,001,1795
1465.8275,1465.8456,20312,23188,Nyctalus leisleri,0.016,0.025,-1,Echolocation,/mnt/ubna_data_02_mir/recover-20221013/UBNA_001/20221012_030000.WAV,Telephone Field,recover-20221013,001,1795
1465.8475,1465.889,68437,82538,Rhinolophus ferrumequinum,0.026,0.026,-1,Echolocation,/mnt/ubna_data_02_mir/recover-20221013/UBNA_001/20221012_030000.WAV,Telephone Field,recover-20221013,001,1795
1465.8575,1465.8641,27187,37191,Eptesicus serotinus,0.008,0.027,-1,Echolocation,/mnt/ubna_data_02_mir/recover-20221013/UBNA_001/20221012_030000.WAV,Telephone Field,recover-20221013,001,1795
1465.8725,1465.9142,68437,82930,Rhinolophus ferrumequinum,0.028,0.028,-1,Echolocation,/mnt/ubna_data_02_mir/recover-20221013/UBNA_001/20221012_030000.WAV,Telephone Field,recover-20221013,001,1795
1465.9035,1465.9126,46953,51884,Pipistrellus pipistrellus,0.022,0.025,-1,Echolocation,/mnt/ubna_data_02_mir/recover-20221013/UBNA_001/20221012_030000.WAV,Telephone Field,recover-20221013,001,1795
1465.9055,1465.9444,68437,81813,Rhinolophus ferrumequinum,0.029,0.029,-1,Echolocation,/mnt/ubna_data_02_mir/recover-20221013/UBNA_001/20221012_030000.WAV,Telephone Field,recover-20221013,001,1795
1465.9265,1465.9636,68437,81655,Rhinolophus ferrumequinum,0.024,0.024,-1,Echolocation,/mnt/ubna_data_02_mir/recover-20221013/UBNA_001/20221012_030000.WAV,Telephone Field,recover-20221013,001,1795
1465.9335,1465.9703,68437,81856,Rhinolophus ferrumequinum,0.023,0.023,-1,Echolocation,/mnt/ubna_data_02_mir/recover-20221013/UBNA_001/20221012_030000.WAV,Telephone Field,recover-20221013,001,1795
1465.9665,1465.9781,45234,52015,Pipistrellus pipistrellus,0.021,0.025,-1,Echolocation,/mnt/ubna_data_02_mir/recover-20221013/UBNA_001/20221012_030000.WAV,Telephone Field,recover-20221013,001,1795
1465.9685,1465.9761,22890,31082,Plecotus austriacus,0.011,0.023,-1,Echolocation,/mnt/ubna_data_02_mir/recover-20221013/UBNA_001/20221012_030000.WAV,Telephone Field,recover-20221013,001,1795
1466.0015,1466.0086000000001,23750,32744,Plecotus austriacus,0.008,0.028,-1,Echolocation,/mnt/ubna_data_02_mir/recover-20221013/UBNA_001/20221012_030000.WAV,Telephone Field,recover-20221013,001,1795
1466.0015,1466.036,68437,80560,Rhinolophus ferrumequinum,0.046,0.047,-1,Echolocation,/mnt/ubna_data_02_mir/recover-20221013/UBNA_001/20221012_030000.WAV,Telephone Field,recover-20221013,001,1795
1466.0015,1466.0091,46093,51514,Pipistrellus pipistrellus,0.015,0.023,-1,Echolocation,/mnt/ubna_data_02_mir/recover-20221013/UBNA_001/20221012_030000.WAV,Telephone Field,recover-20221013,001,1795
1466.0105,1466.0506,68437,82409,Rhinolophus ferrumequinum,0.025,0.025,-1,Echolocation,/mnt/ubna_data_02_mir/recover-20221013/UBNA_001/20221012_030000.WAV,Telephone Field,recover-20221013,001,1795
1466.0255,1466.044,20312,23733,Nyctalus leisleri,0.013,0.024,-1,Echolocation,/mnt/ubna_data_02_mir/recover-20221013/UBNA_001/20221012_030000.WAV,Telephone Field,recover-20221013,001,1795
1466.0425,1466.0808,68437,81651,Rhinolophus ferrumequinum,0.021,0.021,-1,Echolocation,/mnt/ubna_data_02_mir/recover-20221013/UBNA_001/20221012_030000.WAV,Telephone Field,recover-20221013,001,1795
1466.0755,1466.1137,68437,82048,Rhinolophus ferrumequinum,0.023,0.023,-1,Echolocation,/mnt/ubna_data_02_mir/recover-20221013/UBNA_001/20221012_030000.WAV,Telephone Field,recover-20221013,001,1795
1466.1295,1466.1672,68437,81180,Rhinolophus ferrumequinum,0.022,0.022,-1,Echolocation,/mnt/ubna_data_02_mir/recover-20221013/UBNA_001/20221012_030000.WAV,Telephone Field,recover-20221013,001,1795
1466.1385,1466.1755,68437,81667,Rhinolophus ferrumequinum,0.022,0.023,-1,Echolocation,/mnt/ubna_data_02_mir/recover-20221013/UBNA_001/20221012_030000.WAV,Telephone Field,recover-20221013,001,1795
1466.1715,1466.2121,68437,82441,Rhinolophus ferrumequinum,0.025,0.025,-1,Echolocation,/mnt/ubna_data_02_mir/recover-20221013/UBNA_001/20221012_030000.WAV,Telephone Field,recover-20221013,001,1795
1466.1915,1466.2018,24609,31320,Eptesicus serotinus,0.008,0.022,-1,Echolocation,/mnt/ubna_data_02_mir/recover-20221013/UBNA_001/20221012_030000.WAV,Telephone Field,recover-20221013,001,1795
1466.2055,1466.2127,27187,40953,Eptesicus serotinus,0.006,0.021,-1,Echolocation,/mnt/ubna_data_02_mir/recover-20221013/UBNA_001/20221012_030000.WAV,Telephone Field,recover-20221013,001,1795
1466.2165,1466.2257,28906,36633,Eptesicus serotinus,0.007,0.021,-1,Echolocation,/mnt/ubna_data_02_mir/recover-20221013/UBNA_001/20221012_030000.WAV,Telephone Field,recover-20221013,001,1795
1466.2285,1466.2483,16875,20761,Nyctalus noctula,0.02,0.03,-1,Echolocation,/mnt/ubna_data_02_mir/recover-20221013/UBNA_001/20221012_030000.WAV,Telephone Field,recover-20221013,001,1795
1466.2505,1466.2615,28046,35902,Eptesicus serotinus,0.01,0.023,-1,Echolocation,/mnt/ubna_data_02_mir/recover-20221013/UBNA_001/20221012_030000.WAV,Telephone Field,recover-20221013,001,1795
1466.2545,1466.2952,68437,82399,Rhinolophus ferrumequinum,0.024,0.024,-1,Echolocation,/mnt/ubna_data_02_mir/recover-20221013/UBNA_001/20221012_030000.WAV,Telephone Field,recover-20221013,001,1795
1466.2825,1466.3229,68437,82162,Rhinolophus ferrumequinum,0.022,0.022,-1,Echolocation,/mnt/ubna_data_02_mir/recover-20221013/UBNA_001/20221012_030000.WAV,Telephone Field,recover-20221013,001,1795
1466.2915,1466.3323,68437,83152,Rhinolophus ferrumequinum,0.029,0.029,-1,Echolocation,/mnt/ubna_data_02_mir/recover-20221013/UBNA_001/20221012_030000.WAV,Telephone Field,recover-20221013,001,1795
1466.3035,1466.3434,68437,82370,Rhinolophus ferrumequinum,0.023,0.023,-1,Echolocation,/mnt/ubna_data_02_mir/recover-20221013/UBNA_001/20221012_030000.WAV,Telephone Field,recover-20221013,001,1795
1466.3135,1466.324,22890,28825,Nyctalus leisleri,0.012,0.029,-1,Echolocation,/mnt/ubna_data_02_mir/recover-20221013/UBNA_001/20221012_030000.WAV,Telephone Field,recover-20221013,001,1795
1466.3425,1466.3518,28046,39694,Eptesicus serotinus,0.011,0.026,-1,Echolocation,/mnt/ubna_data_02_mir/recover-20221013/UBNA_001/20221012_030000.WAV,Telephone Field,recover-20221013,001,1795
1466.3665,1466.4044,68437,81662,Rhinolophus ferrumequinum,0.023,0.023,-1,Echolocation,/mnt/ubna_data_02_mir/recover-20221013/UBNA_001/20221012_030000.WAV,Telephone Field,recover-20221013,001,1795
1466.3835,1466.423,68437,82088,Rhinolophus ferrumequinum,0.057,0.057,-1,Echolocation,/mnt/ubna_data_02_mir/recover-20221013/UBNA_001/20221012_030000.WAV,Telephone Field,recover-20221013,001,1795
1466.4025,1466.4108,28046,39890,Eptesicus serotinus,0.008,0.024,-1,Echolocation,/mnt/ubna_data_02_mir/recover-20221013/UBNA_001/20221012_030000.WAV,Telephone Field,recover-20221013,001,1795
1466.4165,1466.4561,68437,82223,Rhinolophus ferrumequinum,0.023,0.023,-1,Echolocation,/mnt/ubna_data_02_mir/recover-20221013/UBNA_001/20221012_030000.WAV,Telephone Field,recover-20221013,001,1795
1466.4305,1466.439,28906,41164,Eptesicus serotinus,0.007,0.021,-1,Echolocation,/mnt/ubna_data_02_mir/recover-20221013/UBNA_001/20221012_030000.WAV,Telephone Field,recover-20221013,001,1795
1466.4355,1466.471,68437,81075,Rhinolophus ferrumequinum,0.023,0.023,-1,Echolocation,/mnt/ubna_data_02_mir/recover-20221013/UBNA_001/20221012_030000.WAV,Telephone Field,recover-20221013,001,1795
1466.4715,1466.4851,22890,26949,Nyctalus leisleri,0.015,0.025,-1,Echolocation,/mnt/ubna_data_02_mir/recover-20221013/UBNA_001/20221012_030000.WAV,Telephone Field,recover-20221013,001,1795
1466.4875,1466.4973,26328,35715,Eptesicus serotinus,0.01,0.024,-1,Echolocation,/mnt/ubna_data_02_mir/recover-20221013/UBNA_001/20221012_030000.WAV,Telephone Field,recover-20221013,001,1795
1466.5225,1466.5301,47812,57680,Pipistrellus pipistrellus,0.012,0.022,-1,Echolocation,/mnt/ubna_data_02_mir/recover-20221013/UBNA_001/20221012_030000.WAV,Telephone Field,recover-20221013,001,1795
1466.5225,1466.5334,22031,26373,Nyctalus leisleri,0.012,0.022,-1,Echolocation,/mnt/ubna_data_02_mir/recover-20221013/UBNA_001/20221012_030000.WAV,Telephone Field,recover-20221013,001,1795
1466.5245,1466.5662,68437,82547,Rhinolophus ferrumequinum,0.028,0.028,-1,Echolocation,/mnt/ubna_data_02_mir/recover-20221013/UBNA_001/20221012_030000.WAV,Telephone Field,recover-20221013,001,1795
1466.5455,1466.5809,68437,81597,Rhinolophus ferrumequinum,0.022,0.022,-1,Echolocation,/mnt/ubna_data_02_mir/recover-20221013/UBNA_001/20221012_030000.WAV,Telephone Field,recover-20221013,001,1795
1466.5735,1466.5799,46093,50587,Pipistrellus pipistrellus,0.022,0.023,-1,Echolocation,/mnt/ubna_data_02_mir/recover-20221013/UBNA_001/20221012_030000.WAV,Telephone Field,recover-20221013,001,1795
1466.5985,1466.6414,68437,83031,Rhinolophus ferrumequinum,0.027,0.027,-1,Echolocation,/mnt/ubna_data_02_mir/recover-20221013/UBNA_001/20221012_030000.WAV,Telephone Field,recover-20221013,001,1795
1466.6055,1466.6132,28046,41082,Eptesicus serotinus,0.006,0.021,-1,Echolocation,/mnt/ubna_data_02_mir/recover-20221013/UBNA_001/20221012_030000.WAV,Telephone Field,recover-20221013,001,1795
1466.6115,1466.6196,23750,31572,Plecotus austriacus,0.008,0.021,-1,Echolocation,/mnt/ubna_data_02_mir/recover-20221013/UBNA_001/20221012_030000.WAV,Telephone Field,recover-20221013,001,1795
1466.6295,1466.6472,18593,22024,Nyctalus noctula,0.014,0.026,-1,Echolocation,/mnt/ubna_data_02_mir/recover-20221013/UBNA_001/20221012_030000.WAV,Telephone Field,recover-20221013,001,1795
1466.6505,1466.6863,68437,81445,Rhinolophus ferrumequinum,0.024,0.024,-1,Echolocation,/mnt/ubna_data_02_mir/recover-20221013/UBNA_001/20221012_030000.WAV,Telephone Field,recover-20221013,001,1795
1466.6585,1466.6996,68437,82643,Rhinolophus ferrumequinum,0.022,0.022,-1,Echolocation,/mnt/ubna_data_02_mir/recover-20221013/UBNA_001/20221012_030000.WAV,Telephone Field,recover-20221013,001,1795
1466.6925,1466.7105999999999,18593,22738,Nyctalus noctula,0.014,0.024,-1,Echolocation,/mnt/ubna_data_02_mir/recover-20221013/UBNA_001/20221012_030000.WAV,Telephone Field,recover-20221013,001,1795
1466.6965,1466.7369,68437,82458,Rhinolophus ferrumequinum,0.023,0.023,-1,Echolocation,/mnt/ubna_data_02_mir/recover-20221013/UBNA_001/20221012_030000.WAV,Telephone Field,recover-20221013,001,1795
1466.7195,1466.7596,68437,82422,Rhinolophus ferrumequinum,0.023,0.023,-1,Echolocation,/mnt/ubna_data_02_mir/recover-20221013/UBNA_001/20221012_030000.WAV,Telephone Field,recover-20221013,001,1795
1466.7665,1466.8053,68437,82565,Rhinolophus ferrumequinum,0.024,0.024,-1,Echolocation,/mnt/ubna_data_02_mir/recover-20221013/UBNA_001/20221012_030000.WAV,Telephone Field,recover-20221013,001,1795
1466.7895,1466.8285,68437,81726,Rhinolophus ferrumequinum,0.023,0.023,-1,Echolocation,/mnt/ubna_data_02_mir/recover-20221013/UBNA_001/20221012_030000.WAV,Telephone Field,recover-20221013,001,1795
1466.8115,1466.8527,68437,82717,Rhinolophus ferrumequinum,0.029,0.029,-1,Echolocation,/mnt/ubna_data_02_mir/recover-20221013/UBNA_001/20221012_030000.WAV,Telephone Field,recover-20221013,001,1795
1466.8665,1466.8754,26328,34965,Eptesicus serotinus,0.027,0.053,-1,Echolocation,/mnt/ubna_data_02_mir/recover-20221013/UBNA_001/20221012_030000.WAV,Telephone Field,recover-20221013,001,1795
1466.8675,1466.9041,68437,81788,Rhinolophus ferrumequinum,0.022,0.022,-1,Echolocation,/mnt/ubna_data_02_mir/recover-20221013/UBNA_001/20221012_030000.WAV,Telephone Field,recover-20221013,001,1795
1466.9465,1466.9886,68437,82205,Rhinolophus ferrumequinum,0.03,0.03,-1,Echolocation,/mnt/ubna_data_02_mir/recover-20221013/UBNA_001/20221012_030000.WAV,Telephone Field,recover-20221013,001,1795
1466.9815,1467.0184,68437,81276,Rhinolophus ferrumequinum,0.024,0.024,-1,Echolocation,/mnt/ubna_data_02_mir/recover-20221013/UBNA_001/20221012_030000.WAV,Telephone Field,recover-20221013,001,1795
1467.0275,1467.0374,28906,35912,Eptesicus serotinus,0.008,0.022,-1,Echolocation,/mnt/ubna_data_02_mir/recover-20221013/UBNA_001/20221012_030000.WAV,Telephone Field,recover-20221013,001,1795
1467.0565,1467.0983,68437,82473,Rhinolophus ferrumequinum,0.032,0.032,-1,Echolocation,/mnt/ubna_data_02_mir/recover-20221013/UBNA_001/20221012_030000.WAV,Telephone Field,recover-20221013,001,1795
1467.1235,1467.1304,28046,42763,Eptesicus serotinus,0.006,0.023,-1,Echolocation,/mnt/ubna_data_02_mir/recover-20221013/UBNA_001/20221012_030000.WAV,Telephone Field,recover-20221013,001,1795
1467.1475,1467.155,26328,35308,Eptesicus serotinus,0.008,0.023,-1,Echolocation,/mnt/ubna_data_02_mir/recover-20221013/UBNA_001/20221012_030000.WAV,Telephone Field,recover-20221013,001,1795
1467.1555,1467.1937,68437,81907,Rhinolophus ferrumequinum,0.021,0.021,-1,Echolocation,/mnt/ubna_data_02_mir/recover-20221013/UBNA_001/20221012_030000.WAV,Telephone Field,recover-20221013,001,1795
1467.1765,1467.2136,68437,81403,Rhinolophus ferrumequinum,0.021,0.021,-1,Echolocation,/mnt/ubna_data_02_mir/recover-20221013/UBNA_001/20221012_030000.WAV,Telephone Field,recover-20221013,001,1795
1467.2165,1467.2574,68437,82600,Rhinolophus ferrumequinum,0.028,0.028,-1,Echolocation,/mnt/ubna_data_02_mir/recover-20221013/UBNA_001/20221012_030000.WAV,Telephone Field,recover-20221013,001,1795
1467.2345,1467.2741,68437,82574,Rhinolophus ferrumequinum,0.027,0.027,-1,Echolocation,/mnt/ubna_data_02_mir/recover-20221013/UBNA_001/20221012_030000.WAV,Telephone Field,recover-20221013,001,1795
1467.2565,1467.297,68437,82397,Rhinolophus ferrumequinum,0.026,0.026,-1,Echolocation,/mnt/ubna_data_02_mir/recover-20221013/UBNA_001/20221012_030000.WAV,Telephone Field,recover-20221013,001,1795
1467.2945,1467.3032,46953,56451,Pipistrellus pipistrellus,0.02,0.027,-1,Echolocation,/mnt/ubna_data_02_mir/recover-20221013/UBNA_001/20221012_030000.WAV,Telephone Field,recover-20221013,001,1795
1467.2995,1467.3391,68437,81833,Rhinolophus ferrumequinum,0.022,0.022,-1,Echolocation,/mnt/ubna_data_02_mir/recover-20221013/UBNA_001/20221012_030000.WAV,Telephone Field,recover-20221013,001,1795
1467.3265,1467.368,68437,82471,Rhinolophus ferrumequinum,0.025,0.025,-1,Echolocation,/mnt/ubna_data_02_mir/recover-20221013/UBNA_001/20221012_030000.WAV,Telephone Field,recover-20221013,001,1795
1467.3275,1467.3355,28046,39070,Eptesicus serotinus,0.007,0.021,-1,Echolocation,/mnt/ubna_data_02_mir/recover-20221013/UBNA_001/20221012_030000.WAV,Telephone Field,recover-20221013,001,1795
1467.3325,1467.3751,68437,82863,Rhinolophus ferrumequinum,0.024,0.024,-1,Echolocation,/mnt/ubna_data_02_mir/recover-20221013/UBNA_001/20221012_030000.WAV,Telephone Field,recover-20221013,001,1795
1467.3535,1467.3929,68437,81536,Rhinolophus ferrumequinum,0.023,0.023,-1,Echolocation,/mnt/ubna_data_02_mir/recover-20221013/UBNA_001/20221012_030000.WAV,Telephone Field,recover-20221013,001,1795
1467.3905,1467.4318,68437,82642,Rhinolophus ferrumequinum,0.025,0.025,-1,Echolocation,/mnt/ubna_data_02_mir/recover-20221013/UBNA_001/20221012_030000.WAV,Telephone Field,recover-20221013,001,1795
1467.4655,1467.5025,68437,81539,Rhinolophus ferrumequinum,0.022,0.022,-1,Echolocation,/mnt/ubna_data_02_mir/recover-20221013/UBNA_001/20221012_030000.WAV,Telephone Field,recover-20221013,001,1795
1467.4725,1467.482,28046,37854,Eptesicus serotinus,0.008,0.021,-1,Echolocation,/mnt/ubna_data_02_mir/recover-20221013/UBNA_001/20221012_030000.WAV,Telephone Field,recover-20221013,001,1795
1467.4905,1467.4995,15156,24169,Plecotus auritus,0.02,0.052,-1,Echolocation,/mnt/ubna_data_02_mir/recover-20221013/UBNA_001/20221012_030000.WAV,Telephone Field,recover-20221013,001,1795
1467.5075,1467.5483,68437,82558,Rhinolophus ferrumequinum,0.034,0.034,-1,Echolocation,/mnt/ubna_data_02_mir/recover-20221013/UBNA_001/20221012_030000.WAV,Telephone Field,recover-20221013,001,1795
1467.5355,1467.5767,68437,82743,Rhinolophus ferrumequinum,0.029,0.029,-1,Echolocation,/mnt/ubna_data_02_mir/recover-20221013/UBNA_001/20221012_030000.WAV,Telephone Field,recover-20221013,001,1795
1467.5635,1467.5728,29765,38491,Eptesicus serotinus,0.008,0.024,-1,Echolocation,/mnt/ubna_data_02_mir/recover-20221013/UBNA_001/20221012_030000.WAV,Telephone Field,recover-20221013,001,1795
1467.5965,1467.6071,22890,26992,Nyctalus leisleri,0.012,0.022,-1,Echolocation,/mnt/ubna_data_02_mir/recover-20221013/UBNA_001/20221012_030000.WAV,Telephone Field,recover-20221013,001,1795
1467.6125,1467.6198,28046,42278,Eptesicus serotinus,0.007,0.022,-1,Echolocation,/mnt/ubna_data_02_mir/recover-20221013/UBNA_001/20221012_030000.WAV,Telephone Field,recover-20221013,001,1795
1467.6375,1467.6754,68437,81697,Rhinolophus ferrumequinum,0.022,0.022,-1,Echolocation,/mnt/ubna_data_02_mir/recover-20221013/UBNA_001/20221012_030000.WAV,Telephone Field,recover-20221013,001,1795
1467.6455,1467.6874,68437,82554,Rhinolophus ferrumequinum,0.028,0.028,-1,Echolocation,/mnt/ubna_data_02_mir/recover-20221013/UBNA_001/20221012_030000.WAV,Telephone Field,recover-20221013,001,1795
1467.7355,1467.747,22031,27057,Nyctalus leisleri,0.01,0.022,-1,Echolocation,/mnt/ubna_data_02_mir/recover-20221013/UBNA_001/20221012_030000.WAV,Telephone Field,recover-20221013,001,1795
1467.7355,1467.7437,28046,39799,Eptesicus serotinus,0.007,0.021,-1,Echolocation,/mnt/ubna_data_02_mir/recover-20221013/UBNA_001/20221012_030000.WAV,Telephone Field,recover-20221013,001,1795
1467.7495,1467.7893,68437,81799,Rhinolophus ferrumequinum,0.021,0.021,-1,Echolocation,/mnt/ubna_data_02_mir/recover-20221013/UBNA_001/20221012_030000.WAV,Telephone Field,recover-20221013,001,1795
1467.7995,1467.8355999999999,68437,81841,Rhinolophus ferrumequinum,0.03,0.03,-1,Echolocation,/mnt/ubna_data_02_mir/recover-20221013/UBNA_001/20221012_030000.WAV,Telephone Field,recover-20221013,001,1795
1467.8165,1467.8554,68437,82183,Rhinolophus ferrumequinum,0.025,0.025,-1,Echolocation,/mnt/ubna_data_02_mir/recover-20221013/UBNA_001/20221012_030000.WAV,Telephone Field,recover-20221013,001,1795
1467.8445,1467.8785,68437,80906,Rhinolophus ferrumequinum,0.023,0.023,-1,Echolocation,/mnt/ubna_data_02_mir/recover-20221013/UBNA_001/20221012_030000.WAV,Telephone Field,recover-20221013,001,1795
1467.8695,1467.879,29765,37148,Eptesicus serotinus,0.008,0.022,-1,Echolocation,/mnt/ubna_data_02_mir/recover-20221013/UBNA_001/20221012_030000.WAV,Telephone Field,recover-20221013,001,1795
1467.8745,1467.9125,68437,82013,Rhinolophus ferrumequinum,0.024,0.024,-1,Echolocation,/mnt/ubna_data_02_mir/recover-20221013/UBNA_001/20221012_030000.WAV,Telephone Field,recover-20221013,001,1795
1467.8815,1467.9194,68437,82390,Rhinolophus ferrumequinum,0.022,0.022,-1,Echolocation,/mnt/ubna_data_02_mir/recover-20221013/UBNA_001/20221012_030000.WAV,Telephone Field,recover-20221013,001,1795
1467.8885,1467.9283,68437,82202,Rhinolophus ferrumequinum,0.022,0.022,-1,Echolocation,/mnt/ubna_data_02_mir/recover-20221013/UBNA_001/20221012_030000.WAV,Telephone Field,recover-20221013,001,1795
1467.8965,1467.9362,68437,82262,Rhinolophus ferrumequinum,0.023,0.023,-1,Echolocation,/mnt/ubna_data_02_mir/recover-20221013/UBNA_001/20221012_030000.WAV,Telephone Field,recover-20221013,001,1795
1467.9325,1467.9412,28046,42353,Eptesicus serotinus,0.008,0.023,-1,Echolocation,/mnt/ubna_data_02_mir/recover-20221013/UBNA_001/20221012_030000.WAV,Telephone Field,recover-20221013,001,1795
1467.9585,1467.9971,68437,82201,Rhinolophus ferrumequinum,0.022,0.022,-1,Echolocation,/mnt/ubna_data_02_mir/recover-20221013/UBNA_001/20221012_030000.WAV,Telephone Field,recover-20221013,001,1795
1467.9695,1467.9773,27187,39595,Eptesicus serotinus,0.007,0.022,-1,Echolocation,/mnt/ubna_data_02_mir/recover-20221013/UBNA_001/20221012_030000.WAV,Telephone Field,recover-20221013,001,1795
1468.0015,1468.0083,48671,54500,Pipistrellus pipistrellus,0.023,0.027,-1,Echolocation,/mnt/ubna_data_02_mir/recover-20221013/UBNA_001/20221012_030000.WAV,Telephone Field,recover-20221013,001,1795
1468.0015,1468.0112,24609,32377,Nyctalus leisleri,0.014,0.038,-1,Echolocation,/mnt/ubna_data_02_mir/recover-20221013/UBNA_001/20221012_030000.WAV,Telephone Field,recover-20221013,001,1795
1468.0015,1468.0328,69296,81382,Rhinolophus ferrumequinum,0.026,0.026,-1,Echolocation,/mnt/ubna_data_02_mir/recover-20221013/UBNA_001/20221012_030000.WAV,Telephone Field,recover-20221013,001,1795
1468.0125,1468.0274,23750,28090,Nyctalus leisleri,0.015,0.028,-1,Echolocation,/mnt/ubna_data_02_mir/recover-20221013/UBNA_001/20221012_030000.WAV,Telephone Field,recover-20221013,001,1795
1468.0365,1468.0538999999999,18593,23357,Nyctalus noctula,0.047,0.069,-1,Echolocation,/mnt/ubna_data_02_mir/recover-20221013/UBNA_001/20221012_030000.WAV,Telephone Field,recover-20221013,001,1795
1468.0405,1468.0768,68437,81425,Rhinolophus ferrumequinum,0.022,0.022,-1,Echolocation,/mnt/ubna_data_02_mir/recover-20221013/UBNA_001/20221012_030000.WAV,Telephone Field,recover-20221013,001,1795
1468.0485,1468.0896,68437,82020,Rhinolophus ferrumequinum,0.026,0.026,-1,Echolocation,/mnt/ubna_data_02_mir/recover-20221013/UBNA_001/20221012_030000.WAV,Telephone Field,recover-20221013,001,1795
1468.0565,1468.063,24609,40892,Myotis nattereri,0.008,0.026,-1,Echolocation,/mnt/ubna_data_02_mir/recover-20221013/UBNA_001/20221012_030000.WAV,Telephone Field,recover-20221013,001,1795
1468.0575,1468.0989,68437,82811,Rhinolophus ferrumequinum,0.032,0.032,-1,Echolocation,/mnt/ubna_data_02_mir/recover-20221013/UBNA_001/20221012_030000.WAV,Telephone Field,recover-20221013,001,1795
1468.0675,1468.1114,68437,83412,Rhinolophus ferrumequinum,0.039,0.04,-1,Echolocation,/mnt/ubna_data_02_mir/recover-20221013/UBNA_001/20221012_030000.WAV,Telephone Field,recover-20221013,001,1795
1468.0965,1468.1363,68437,82733,Rhinolophus ferrumequinum,0.027,0.027,-1,Echolocation,/mnt/ubna_data_02_mir/recover-20221013/UBNA_001/20221012_030000.WAV,Telephone Field,recover-20221013,001,1795
1468.1065,1468.116,45234,51828,Pipistrellus pipistrellus,0.021,0.024,-1,Echolocation,/mnt/ubna_data_02_mir/recover-20221013/UBNA_001/20221012_030000.WAV,Telephone Field,recover-20221013,001,1795
1468.1075,1468.1505,68437,83132,Rhinolophus ferrumequinum,0.027,0.027,-1,Echolocation,/mnt/ubna_data_02_mir/recover-20221013/UBNA_001/20221012_030000.WAV,Telephone Field,recover-20221013,001,1795
1468.1325,1468.1417,28906,36354,Eptesicus serotinus,0.008,0.022,-1,Echolocation,/mnt/ubna_data_02_mir/recover-20221013/UBNA_001/20221012_030000.WAV,Telephone Field,recover-20221013,001,1795
1468.2125,1468.2519,68437,81923,Rhinolophus ferrumequinum,0.023,0.024,-1,Echolocation,/mnt/ubna_data_02_mir/recover-20221013/UBNA_001/20221012_030000.WAV,Telephone Field,recover-20221013,001,1795
1468.2495,1468.2599,24609,31280,Eptesicus serotinus,0.01,0.025,-1,Echolocation,/mnt/ubna_data_02_mir/recover-20221013/UBNA_001/20221012_030000.WAV,Telephone Field,recover-20221013,001,1795
1468.2785,1468.3171,68437,81748,Rhinolophus ferrumequinum,0.022,0.022,-1,Echolocation,/mnt/ubna_data_02_mir/recover-20221013/UBNA_001/20221012_030000.WAV,Telephone Field,recover-20221013,001,1795
1468.2805,1468.2913,23750,29594,Nyctalus leisleri,0.011,0.025,-1,Echolocation,/mnt/ubna_data_02_mir/recover-20221013/UBNA_001/20221012_030000.WAV,Telephone Field,recover-20221013,001,1795
1468.3145,1468.3535,68437,82571,Rhinolophus ferrumequinum,0.022,0.022,-1,Echolocation,/mnt/ubna_data_02_mir/recover-20221013/UBNA_001/20221012_030000.WAV,Telephone Field,recover-20221013,001,1795
1468.3155,1468.3238,23750,31941,Plecotus austriacus,0.01,0.025,-1,Echolocation,/mnt/ubna_data_02_mir/recover-20221013/UBNA_001/20221012_030000.WAV,Telephone Field,recover-20221013,001,1795
1468.3715,1468.4102,68437,82455,Rhinolophus ferrumequinum,0.025,0.025,-1,Echolocation,/mnt/ubna_data_02_mir/recover-20221013/UBNA_001/20221012_030000.WAV,Telephone Field,recover-20221013,001,1795
1468.3785,1468.3877,28046,38791,Eptesicus serotinus,0.01,0.024,-1,Echolocation,/mnt/ubna_data_02_mir/recover-20221013/UBNA_001/20221012_030000.WAV,Telephone Field,recover-20221013,001,1795
1468.3895,1468.4284,68437,81917,Rhinolophus ferrumequinum,0.023,0.023,-1,Echolocation,/mnt/ubna_data_02_mir/recover-20221013/UBNA_001/20221012_030000.WAV,Telephone Field,recover-20221013,001,1795
1468.4115,1468.4491,68437,82276,Rhinolophus ferrumequinum,0.023,0.023,-1,Echolocation,/mnt/ubna_data_02_mir/recover-20221013/UBNA_001/20221012_030000.WAV,Telephone Field,recover-20221013,001,1795
1468.4165,1468.4527,68437,82429,Rhinolophus ferrumequinum,0.024,0.024,-1,Echolocation,/mnt/ubna_data_02_mir/recover-20221013/UBNA_001/20221012_030000.WAV,Telephone Field,recover-20221013,001,1795
1468.4365,1468.476,68437,82640,Rhinolophus ferrumequinum,0.022,0.022,-1,Echolocation,/mnt/ubna_data_02_mir/recover-20221013/UBNA_001/20221012_030000.WAV,Telephone Field,recover-20221013,001,1795
1468.4525,1468.4935,68437,82545,Rhinolophus ferrumequinum,0.024,0.024,-1,Echolocation,/mnt/ubna_data_02_mir/recover-20221013/UBNA_001/20221012_030000.WAV,Telephone Field,recover-20221013,001,1795
1468.4885,1468.498,27187,35351,Eptesicus serotinus,0.01,0.023,-1,Echolocation,/mnt/ubna_data_02_mir/recover-20221013/UBNA_001/20221012_030000.WAV,Telephone Field,recover-20221013,001,1795
1468.5035,1468.5451,68437,82593,Rhinolophus ferrumequinum,0.029,0.029,-1,Echolocation,/mnt/ubna_data_02_mir/recover-20221013/UBNA_001/20221012_030000.WAV,Telephone Field,recover-20221013,001,1795
1468.5225,1468.5344,39218,43839,Pipistrellus nathusii,0.018,0.026,-1,Echolocation,/mnt/ubna_data_02_mir/recover-20221013/UBNA_001/20221012_030000.WAV,Telephone Field,recover-20221013,001,1795
1468.5395,1468.5777,68437,82467,Rhinolophus ferrumequinum,0.024,0.024,-1,Echolocation,/mnt/ubna_data_02_mir/recover-20221013/UBNA_001/20221012_030000.WAV,Telephone Field,recover-20221013,001,1795
1468.5695,1468.5802,55546,60271,Pipistrellus pygmaeus,0.021,0.023,-1,Echolocation,/mnt/ubna_data_02_mir/recover-20221013/UBNA_001/20221012_030000.WAV,Telephone Field,recover-20221013,001,1795
1468.5745,1468.5836,28906,37894,Eptesicus serotinus,0.009,0.023,-1,Echolocation,/mnt/ubna_data_02_mir/recover-20221013/UBNA_001/20221012_030000.WAV,Telephone Field,recover-20221013,001,1795
1468.6485,1468.685,68437,81997,Rhinolophus ferrumequinum,0.022,0.022,-1,Echolocation,/mnt/ubna_data_02_mir/recover-20221013/UBNA_001/20221012_030000.WAV,Telephone Field,recover-20221013,001,1795
1468.6645,1468.6737,22890,30419,Plecotus austriacus,0.016,0.037,-1,Echolocation,/mnt/ubna_data_02_mir/recover-20221013/UBNA_001/20221012_030000.WAV,Telephone Field,recover-20221013,001,1795
1468.6805,1468.6891,28906,37279,Eptesicus serotinus,0.008,0.023,-1,Echolocation,/mnt/ubna_data_02_mir/recover-20221013/UBNA_001/20221012_030000.WAV,Telephone Field,recover-20221013,001,1795
1468.6945,1468.699,37500,49855,Myotis daubentonii,0.005,0.025,-1,Echolocation,/mnt/ubna_data_02_mir/recover-20221013/UBNA_001/20221012_030000.WAV,Telephone Field,recover-20221013,001,1795
1468.6955,1468.7011,28046,60812,Myotis nattereri,0.01,0.028,-1,Echolocation,/mnt/ubna_data_02_mir/recover-20221013/UBNA_001/20221012_030000.WAV,Telephone Field,recover-20221013,001,1795
1468.7005,1468.7365,68437,82069,Rhinolophus ferrumequinum,0.024,0.024,-1,Echolocation,/mnt/ubna_data_02_mir/recover-20221013/UBNA_001/20221012_030000.WAV,Telephone Field,recover-20221013,001,1795
1468.7135,1468.7245,27187,34492,Eptesicus serotinus,0.016,0.035,-1,Echolocation,/mnt/ubna_data_02_mir/recover-20221013/UBNA_001/20221012_030000.WAV,Telephone Field,recover-20221013,001,1795
1468.8035,1468.8147,22890,27300,Nyctalus leisleri,0.014,0.026,-1,Echolocation,/mnt/ubna_data_02_mir/recover-20221013/UBNA_001/20221012_030000.WAV,Telephone Field,recover-20221013,001,1795
1468.8125,1468.8215,34062,42361,Barbastellus barbastellus,0.006,0.022,-1,Echolocation,/mnt/ubna_data_02_mir/recover-20221013/UBNA_001/20221012_030000.WAV,Telephone Field,recover-20221013,001,1795
1468.8385,1468.8783,68437,82143,Rhinolophus ferrumequinum,0.027,0.027,-1,Echolocation,/mnt/ubna_data_02_mir/recover-20221013/UBNA_001/20221012_030000.WAV,Telephone Field,recover-20221013,001,1795
1468.8605,1468.8997,68437,82020,Rhinolophus ferrumequinum,0.023,0.023,-1,Echolocation,/mnt/ubna_data_02_mir/recover-20221013/UBNA_001/20221012_030000.WAV,Telephone Field,recover-20221013,001,1795
1468.8615,1468.8687,43515,51492,Pipistrellus pipistrellus,0.03,0.04,-1,Echolocation,/mnt/ubna_data_02_mir/recover-20221013/UBNA_001/20221012_030000.WAV,Telephone Field,recover-20221013,001,1795
1468.8875,1468.923,68437,80604,Rhinolophus ferrumequinum,0.022,0.023,-1,Echolocation,/mnt/ubna_data_02_mir/recover-20221013/UBNA_001/20221012_030000.WAV,Telephone Field,recover-20221013,001,1795
1468.8985,1468.9324,68437,81349,Rhinolophus ferrumequinum,0.022,0.022,-1,Echolocation,/mnt/ubna_data_02_mir/recover-20221013/UBNA_001/20221012_030000.WAV,Telephone Field,recover-20221013,001,1795
1468.9205,1468.9603,68437,82128,Rhinolophus ferrumequinum,0.022,0.022,-1,Echolocation,/mnt/ubna_data_02_mir/recover-20221013/UBNA_001/20221012_030000.WAV,Telephone Field,recover-20221013,001,1795
1468.9205,1468.9309,28906,37278,Eptesicus serotinus,0.009,0.025,-1,Echolocation,/mnt/ubna_data_02_mir/recover-20221013/UBNA_001/20221012_030000.WAV,Telephone Field,recover-20221013,001,1795
1468.9285,1468.9379,28906,36711,Eptesicus serotinus,0.008,0.022,-1,Echolocation,/mnt/ubna_data_02_mir/recover-20221013/UBNA_001/20221012_030000.WAV,Telephone Field,recover-20221013,001,1795
1468.9385,1468.9746,68437,81424,Rhinolophus ferrumequinum,0.025,0.025,-1,Echolocation,/mnt/ubna_data_02_mir/recover-20221013/UBNA_001/20221012_030000.WAV,Telephone Field,recover-20221013,001,1795
1469.0095,1469.0476,68437,81573,Rhinolophus ferrumequinum,0.025,0.025,-1,Echolocation,/mnt/ubna_data_02_mir/recover-20221013/UBNA_001/20221012_030000.WAV,Telephone Field,recover-20221013,001,1795
1469.1445,1469.1569,22890,28079,Nyctalus leisleri,0.013,0.026,-1,Echolocation,/mnt/ubna_data_02_mir/recover-20221013/UBNA_001/20221012_030000.WAV,Telephone Field,recover-20221013,001,1795
1469.1845,1469.2215,68437,81221,Rhinolophus ferrumequinum,0.029,0.029,-1,Echolocation,/mnt/ubna_data_02_mir/recover-20221013/UBNA_001/20221012_030000.WAV,Telephone Field,recover-20221013,001,1795
1469.2065,1469.2177,22890,27494,Nyctalus leisleri,0.011,0.022,-1,Echolocation,/mnt/ubna_data_02_mir/recover-20221013/UBNA_001/20221012_030000.WAV,Telephone Field,recover-20221013,001,1795
1469.2295,1469.2675,68437,83054,Rhinolophus ferrumequinum,0.034,0.034,-1,Echolocation,/mnt/ubna_data_02_mir/recover-20221013/UBNA_001/20221012_030000.WAV,Telephone Field,recover-20221013,001,1795
1469.2445,1469.286,68437,82926,Rhinolophus ferrumequinum,0.025,0.025,-1,Echolocation,/mnt/ubna_data_02_mir/recover-20221013/UBNA_001/20221012_030000.WAV,Telephone Field,recover-20221013,001,1795
1469.2685,1469.31,68437,82219,Rhinolophus ferrumequinum,0.036,0.036,-1,Echolocation,/mnt/ubna_data_02_mir/recover-20221013/UBNA_001/20221012_030000.WAV,Telephone Field,recover-20221013,001,1795
1469.2795,1469.3156,68437,81767,Rhinolophus ferrumequinum,0.022,0.022,-1,Echolocation,/mnt/ubna_data_02_mir/recover-20221013/UBNA_001/20221012_030000.WAV,Telephone Field,recover-20221013,001,1795
1469.2815,1469.2901,28046,38468,Eptesicus serotinus,0.008,0.022,-1,Echolocation,/mnt/ubna_data_02_mir/recover-20221013/UBNA_001/20221012_030000.WAV,Telephone Field,recover-20221013,001,1795
1469.3665,1469.4041,68437,82219,Rhinolophus ferrumequinum,0.024,0.024,-1,Echolocation,/mnt/ubna_data_02_mir/recover-20221013/UBNA_001/20221012_030000.WAV,Telephone Field,recover-20221013,001,1795
1469.3825,1469.4265,68437,83279,Rhinolophus ferrumequinum,0.038,0.038,-1,Echolocation,/mnt/ubna_data_02_mir/recover-20221013/UBNA_001/20221012_030000.WAV,Telephone Field,recover-20221013,001,1795
1469.4135,1469.455,68437,82582,Rhinolophus ferrumequinum,0.034,0.034,-1,Echolocation,/mnt/ubna_data_02_mir/recover-20221013/UBNA_001/20221012_030000.WAV,Telephone Field,recover-20221013,001,1795
1469.4465,1469.4533,25468,38157,Plecotus austriacus,0.007,0.024,-1,Echolocation,/mnt/ubna_data_02_mir/recover-20221013/UBNA_001/20221012_030000.WAV,Telephone Field,recover-20221013,001,1795
1469.4985,1469.5066,50390,56372,Pipistrellus pipistrellus,0.029,0.033,-1,Echolocation,/mnt/ubna_data_02_mir/recover-20221013/UBNA_001/20221012_030000.WAV,Telephone Field,recover-20221013,001,1795
1469.5295,1469.5654,68437,81479,Rhinolophus ferrumequinum,0.03,0.03,-1,Echolocation,/mnt/ubna_data_02_mir/recover-20221013/UBNA_001/20221012_030000.WAV,Telephone Field,recover-20221013,001,1795
1469.5585,1469.5998,68437,82423,Rhinolophus ferrumequinum,0.025,0.025,-1,Echolocation,/mnt/ubna_data_02_mir/recover-20221013/UBNA_001/20221012_030000.WAV,Telephone Field,recover-20221013,001,1795
1469.5865,1469.6271,68437,82383,Rhinolophus ferrumequinum,0.025,0.025,-1,Echolocation,/mnt/ubna_data_02_mir/recover-20221013/UBNA_001/20221012_030000.WAV,Telephone Field,recover-20221013,001,1795
1469.6165,1469.6573,68437,83129,Rhinolophus ferrumequinum,0.028,0.028,-1,Echolocation,/mnt/ubna_data_02_mir/recover-20221013/UBNA_001/20221012_030000.WAV,Telephone Field,recover-20221013,001,1795
1469.7285,1469.7687,68437,82202,Rhinolophus ferrumequinum,0.03,0.03,-1,Echolocation,/mnt/ubna_data_02_mir/recover-20221013/UBNA_001/20221012_030000.WAV,Telephone Field,recover-20221013,001,1795
1469.7345,1469.7412,24609,34692,Plecotus austriacus,0.014,0.03,-1,Echolocation,/mnt/ubna_data_02_mir/recover-20221013/UBNA_001/20221012_030000.WAV,Telephone Field,recover-20221013,001,1795
1469.7675,1469.8043,68437,81756,Rhinolophus ferrumequinum,0.022,0.022,-1,Echolocation,/mnt/ubna_data_02_mir/recover-20221013/UBNA_001/20221012_030000.WAV,Telephone Field,recover-20221013,001,1795
1469.7785,1469.7908,24609,30056,Nyctalus leisleri,0.01,0.022,-1,Echolocation,/mnt/ubna_data_02_mir/recover-20221013/UBNA_001/20221012_030000.WAV,Telephone Field,recover-20221013,001,1795
1469.8015,1469.8196,21171,24790,Nyctalus leisleri,0.029,0.056,-1,Echolocation,/mnt/ubna_data_02_mir/recover-20221013/UBNA_001/20221012_030000.WAV,Telephone Field,recover-20221013,001,1795
1469.8405,1469.8781,68437,81992,Rhinolophus ferrumequinum,0.023,0.023,-1,Echolocation,/mnt/ubna_data_02_mir/recover-20221013/UBNA_001/20221012_030000.WAV,Telephone Field,recover-20221013,001,1795
1469.8835,1469.8908,23750,33490,Plecotus austriacus,0.014,0.029,-1,Echolocation,/mnt/ubna_data_02_mir/recover-20221013/UBNA_001/20221012_030000.WAV,Telephone Field,recover-20221013,001,1795
1469.8985,1469.9372,68437,81586,Rhinolophus ferrumequinum,0.023,0.023,-1,Echolocation,/mnt/ubna_data_02_mir/recover-20221013/UBNA_001/20221012_030000.WAV,Telephone Field,recover-20221013,001,1795
1469.9485,1469.9883,68437,82513,Rhinolophus ferrumequinum,0.024,0.024,-1,Echolocation,/mnt/ubna_data_02_mir/recover-20221013/UBNA_001/20221012_030000.WAV,Telephone Field,recover-20221013,001,1795
1469.9575,1469.9983,68437,82727,Rhinolophus ferrumequinum,0.023,0.023,-1,Echolocation,/mnt/ubna_data_02_mir/recover-20221013/UBNA_001/20221012_030000.WAV,Telephone Field,recover-20221013,001,1795
1470.0015,1470.0094,22031,30232,Plecotus austriacus,0.009,0.027,-1,Echolocation,/mnt/ubna_data_02_mir/recover-20221013/UBNA_001/20221012_030000.WAV,Telephone Field,recover-20221013,001,1795
1470.0015,1470.0349,69296,81807,Rhinolophus ferrumequinum,0.023,0.023,-1,Echolocation,/mnt/ubna_data_02_mir/recover-20221013/UBNA_001/20221012_030000.WAV,Telephone Field,recover-20221013,001,1795
1470.0095,1470.0528,68437,82339,Rhinolophus ferrumequinum,0.027,0.027,-1,Echolocation,/mnt/ubna_data_02_mir/recover-20221013/UBNA_001/20221012_030000.WAV,Telephone Field,recover-20221013,001,1795
1470.0145,1470.0588,68437,83187,Rhinolophus ferrumequinum,0.027,0.027,-1,Echolocation,/mnt/ubna_data_02_mir/recover-20221013/UBNA_001/20221012_030000.WAV,Telephone Field,recover-20221013,001,1795
1470.0465,1470.0884,68437,82625,Rhinolophus ferrumequinum,0.022,0.022,-1,Echolocation,/mnt/ubna_data_02_mir/recover-20221013/UBNA_001/20221012_030000.WAV,Telephone Field,recover-20221013,001,1795
1470.0535,1470.0941,68437,82940,Rhinolophus ferrumequinum,0.025,0.025,-1,Echolocation,/mnt/ubna_data_02_mir/recover-20221013/UBNA_001/20221012_030000.WAV,Telephone Field,recover-20221013,001,1795
1470.0755,1470.1164,68437,82726,Rhinolophus ferrumequinum,0.025,0.025,-1,Echolocation,/mnt/ubna_data_02_mir/recover-20221013/UBNA_001/20221012_030000.WAV,Telephone Field,recover-20221013,001,1795
1470.0985,1470.1356,68437,82111,Rhinolophus ferrumequinum,0.023,0.024,-1,Echolocation,/mnt/ubna_data_02_mir/recover-20221013/UBNA_001/20221012_030000.WAV,Telephone Field,recover-20221013,001,1795
1470.1035,1470.1415,68437,81922,Rhinolophus ferrumequinum,0.023,0.023,-1,Echolocation,/mnt/ubna_data_02_mir/recover-20221013/UBNA_001/20221012_030000.WAV,Telephone Field,recover-20221013,001,1795
1470.1295,1470.1658,68437,80774,Rhinolophus ferrumequinum,0.025,0.025,-1,Echolocation,/mnt/ubna_data_02_mir/recover-20221013/UBNA_001/20221012_030000.WAV,Telephone Field,recover-20221013,001,1795
1470.1335,1470.1457,23750,29216,Nyctalus leisleri,0.016,0.033,-1,Echolocation,/mnt/ubna_data_02_mir/recover-20221013/UBNA_001/20221012_030000.WAV,Telephone Field,recover-20221013,001,1795
1470.1625,1470.1716,47812,51463,Pipistrellus pipistrellus,0.028,0.03,-1,Echolocation,/mnt/ubna_data_02_mir/recover-20221013/UBNA_001/20221012_030000.WAV,Telephone Field,recover-20221013,001,1795
1470.1885,1470.2271,68437,82041,Rhinolophus ferrumequinum,0.024,0.024,-1,Echolocation,/mnt/ubna_data_02_mir/recover-20221013/UBNA_001/20221012_030000.WAV,Telephone Field,recover-20221013,001,1795
1470.2855,1470.3255,68437,82878,Rhinolophus ferrumequinum,0.027,0.027,-1,Echolocation,/mnt/ubna_data_02_mir/recover-20221013/UBNA_001/20221012_030000.WAV,Telephone Field,recover-20221013,001,1795
1470.2895,1470.2974,26328,35365,Eptesicus serotinus,0.008,0.023,-1,Echolocation,/mnt/ubna_data_02_mir/recover-20221013/UBNA_001/20221012_030000.WAV,Telephone Field,recover-20221013,001,1795
1470.3415,1470.3865,68437,83250,Rhinolophus ferrumequinum,0.043,0.043,-1,Echolocation,/mnt/ubna_data_02_mir/recover-20221013/UBNA_001/20221012_030000.WAV,Telephone Field,recover-20221013,001,1795
1470.3715,1470.3782,28046,41910,Eptesicus serotinus,0.007,0.029,-1,Echolocation,/mnt/ubna_data_02_mir/recover-20221013/UBNA_001/20221012_030000.WAV,Telephone Field,recover-20221013,001,1795
1470.3965,1470.4059,28046,36489,Eptesicus serotinus,0.01,0.024,-1,Echolocation,/mnt/ubna_data_02_mir/recover-20221013/UBNA_001/20221012_030000.WAV,Telephone Field,recover-20221013,001,1795
1470.4015,1470.4396,68437,81809,Rhinolophus ferrumequinum,0.022,0.022,-1,Echolocation,/mnt/ubna_data_02_mir/recover-20221013/UBNA_001/20221012_030000.WAV,Telephone Field,recover-20221013,001,1795
1470.4025,1470.419,44375,47065,Pipistrellus pipistrellus,0.115,0.129,-1,Echolocation,/mnt/ubna_data_02_mir/recover-20221013/UBNA_001/20221012_030000.WAV,Telephone Field,recover-20221013,001,1795
1470.4105,1470.4446,68437,81088,Rhinolophus ferrumequinum,0.023,0.023,-1,Echolocation,/mnt/ubna_data_02_mir/recover-20221013/UBNA_001/20221012_030000.WAV,Telephone Field,recover-20221013,001,1795
1470.4315,1470.4403,22890,30873,Plecotus austriacus,0.009,0.023,-1,Echolocation,/mnt/ubna_data_02_mir/recover-20221013/UBNA_001/20221012_030000.WAV,Telephone Field,recover-20221013,001,1795
1470.4435,1470.4544,22890,27680,Nyctalus leisleri,0.014,0.028,-1,Echolocation,/mnt/ubna_data_02_mir/recover-20221013/UBNA_001/20221012_030000.WAV,Telephone Field,recover-20221013,001,1795
1470.4575,1470.493,68437,81842,Rhinolophus ferrumequinum,0.024,0.024,-1,Echolocation,/mnt/ubna_data_02_mir/recover-20221013/UBNA_001/20221012_030000.WAV,Telephone Field,recover-20221013,001,1795
1470.4595,1470.4708,14296,19852,Nyctalus noctula,0.012,0.025,-1,Echolocation,/mnt/ubna_data_02_mir/recover-20221013/UBNA_001/20221012_030000.WAV,Telephone Field,recover-20221013,001,1795
1470.4815,1470.5225,68437,82070,Rhinolophus ferrumequinum,0.023,0.023,-1,Echolocation,/mnt/ubna_data_02_mir/recover-20221013/UBNA_001/20221012_030000.WAV,Telephone Field,recover-20221013,001,1795
1470.4865,1470.493,28046,45392,Myotis daubentonii,0.008,0.028,-1,Echolocation,/mnt/ubna_data_02_mir/recover-20221013/UBNA_001/20221012_030000.WAV,Telephone Field,recover-20221013,001,1795
1470.4965,1470.5149,16875,21737,Nyctalus noctula,0.023,0.03,-1,Echolocation,/mnt/ubna_data_02_mir/recover-20221013/UBNA_001/20221012_030000.WAV,Telephone Field,recover-20221013,001,1795
1470.5245,1470.5349,22890,28280,Nyctalus leisleri,0.011,0.024,-1,Echolocation,/mnt/ubna_data_02_mir/recover-20221013/UBNA_001/20221012_030000.WAV,Telephone Field,recover-20221013,001,1795
1470.5305,1470.5671,68437,81751,Rhinolophus ferrumequinum,0.023,0.023,-1,Echolocation,/mnt/ubna_data_02_mir/recover-20221013/UBNA_001/20221012_030000.WAV,Telephone Field,recover-20221013,001,1795
1470.5475,1470.5579,22031,26596,Nyctalus leisleri,0.012,0.023,-1,Echolocation,/mnt/ubna_data_02_mir/recover-20221013/UBNA_001/20221012_030000.WAV,Telephone Field,recover-20221013,001,1795
1470.5995,1470.6387,68437,82492,Rhinolophus ferrumequinum,0.029,0.029,-1,Echolocation,/mnt/ubna_data_02_mir/recover-20221013/UBNA_001/20221012_030000.WAV,Telephone Field,recover-20221013,001,1795
1470.6285,1470.6704,68437,82516,Rhinolophus ferrumequinum,0.034,0.034,-1,Echolocation,/mnt/ubna_data_02_mir/recover-20221013/UBNA_001/20221012_030000.WAV,Telephone Field,recover-20221013,001,1795
1470.6515,1470.663,23750,28817,Nyctalus leisleri,0.017,0.033,-1,Echolocation,/mnt/ubna_data_02_mir/recover-20221013/UBNA_001/20221012_030000.WAV,Telephone Field,recover-20221013,001,1795
1470.6915,1470.7317,68437,82579,Rhinolophus ferrumequinum,0.025,0.025,-1,Echolocation,/mnt/ubna_data_02_mir/recover-20221013/UBNA_001/20221012_030000.WAV,Telephone Field,recover-20221013,001,1795
1470.7125,1470.7215,29765,40290,Eptesicus serotinus,0.008,0.023,-1,Echolocation,/mnt/ubna_data_02_mir/recover-20221013/UBNA_001/20221012_030000.WAV,Telephone Field,recover-20221013,001,1795
1470.7475,1470.7918,68437,83914,Rhinolophus ferrumequinum,0.034,0.034,-1,Echolocation,/mnt/ubna_data_02_mir/recover-20221013/UBNA_001/20221012_030000.WAV,Telephone Field,recover-20221013,001,1795
1470.7615,1470.806,68437,83513,Rhinolophus ferrumequinum,0.04,0.04,-1,Echolocation,/mnt/ubna_data_02_mir/recover-20221013/UBNA_001/20221012_030000.WAV,Telephone Field,recover-20221013,001,1795
1470.7745,1470.7809,25468,41185,Plecotus austriacus,0.006,0.025,-1,Echolocation,/mnt/ubna_data_02_mir/recover-20221013/UBNA_001/20221012_030000.WAV,Telephone Field,recover-20221013,001,1795
1470.7755,1470.813,68437,82143,Rhinolophus ferrumequinum,0.024,0.024,-1,Echolocation,/mnt/ubna_data_02_mir/recover-20221013/UBNA_001/20221012_030000.WAV,Telephone Field,recover-20221013,001,1795
1470.7935,1470.8354,68437,82905,Rhinolophus ferrumequinum,0.024,0.024,-1,Echolocation,/mnt/ubna_data_02_mir/recover-20221013/UBNA_001/20221012_030000.WAV,Telephone Field,recover-20221013,001,1795
1470.8165,1470.8555,68437,81635,Rhinolophus ferrumequinum,0.023,0.023,-1,Echolocation,/mnt/ubna_data_02_mir/recover-20221013/UBNA_001/20221012_030000.WAV,Telephone Field,recover-20221013,001,1795
1470.8285,1470.8716,68437,82145,Rhinolophus ferrumequinum,0.041,0.041,-1,Echolocation,/mnt/ubna_data_02_mir/recover-20221013/UBNA_001/20221012_030000.WAV,Telephone Field,recover-20221013,001,1795
1470.8525,1470.8646,22031,26143,Nyctalus leisleri,0.015,0.025,-1,Echolocation,/mnt/ubna_data_02_mir/recover-20221013/UBNA_001/20221012_030000.WAV,Telephone Field,recover-20221013,001,1795
1470.8665,1470.9034,68437,81914,Rhinolophus ferrumequinum,0.023,0.023,-1,Echolocation,/mnt/ubna_data_02_mir/recover-20221013/UBNA_001/20221012_030000.WAV,Telephone Field,recover-20221013,001,1795
1470.8885,1470.9276,68437,81712,Rhinolophus ferrumequinum,0.026,0.026,-1,Echolocation,/mnt/ubna_data_02_mir/recover-20221013/UBNA_001/20221012_030000.WAV,Telephone Field,recover-20221013,001,1795
1470.9005,1470.9356,68437,81746,Rhinolophus ferrumequinum,0.023,0.023,-1,Echolocation,/mnt/ubna_data_02_mir/recover-20221013/UBNA_001/20221012_030000.WAV,Telephone Field,recover-20221013,001,1795
1470.9305,1470.9397,26328,34513,Eptesicus serotinus,0.009,0.025,-1,Echolocation,/mnt/ubna_data_02_mir/recover-20221013/UBNA_001/20221012_030000.WAV,Telephone Field,recover-20221013,001,1795
1470.9395,1470.9539,22890,27059,Nyctalus leisleri,0.016,0.027,-1,Echolocation,/mnt/ubna_data_02_mir/recover-20221013/UBNA_001/20221012_030000.WAV,Telephone Field,recover-20221013,001,1795
1470.9735,1470.984,22031,26780,Nyctalus leisleri,0.009,0.023,-1,Echolocation,/mnt/ubna_data_02_mir/recover-20221013/UBNA_001/20221012_030000.WAV,Telephone Field,recover-20221013,001,1795
1470.9795,1471.0205,68437,83186,Rhinolophus ferrumequinum,0.031,0.031,-1,Echolocation,/mnt/ubna_data_02_mir/recover-20221013/UBNA_001/20221012_030000.WAV,Telephone Field,recover-20221013,001,1795
1471.0025,1471.0088,45234,49586,Pipistrellus pipistrellus,0.028,0.029,-1,Echolocation,/mnt/ubna_data_02_mir/recover-20221013/UBNA_001/20221012_030000.WAV,Telephone Field,recover-20221013,001,1795
1471.0565,1471.0717,22031,25756,Nyctalus leisleri,0.016,0.027,-1,Echolocation,/mnt/ubna_data_02_mir/recover-20221013/UBNA_001/20221012_030000.WAV,Telephone Field,recover-20221013,001,1795
1471.0905,1471.1345,68437,83535,Rhinolophus ferrumequinum,0.033,0.033,-1,Echolocation,/mnt/ubna_data_02_mir/recover-20221013/UBNA_001/20221012_030000.WAV,Telephone Field,recover-20221013,001,1795
1471.1215,1471.1299,23750,32680,Plecotus austriacus,0.013,0.031,-1,Echolocation,/mnt/ubna_data_02_mir/recover-20221013/UBNA_001/20221012_030000.WAV,Telephone Field,recover-20221013,001,1795
1471.1405,1471.1816,68437,82635,Rhinolophus ferrumequinum,0.027,0.027,-1,Echolocation,/mnt/ubna_data_02_mir/recover-20221013/UBNA_001/20221012_030000.WAV,Telephone Field,recover-20221013,001,1795
1471.1425,1471.1533,28906,35076,Eptesicus serotinus,0.01,0.023,-1,Echolocation,/mnt/ubna_data_02_mir/recover-20221013/UBNA_001/20221012_030000.WAV,Telephone Field,recover-20221013,001,1795
1471.1765,1471.2139,68437,81750,Rhinolophus ferrumequinum,0.026,0.026,-1,Echolocation,/mnt/ubna_data_02_mir/recover-20221013/UBNA_001/20221012_030000.WAV,Telephone Field,recover-20221013,001,1795
1471.1845,1471.1925,28046,40128,Eptesicus serotinus,0.008,0.023,-1,Echolocation,/mnt/ubna_data_02_mir/recover-20221013/UBNA_001/20221012_030000.WAV,Telephone Field,recover-20221013,001,1795
1471.2125,1471.2505,68437,82554,Rhinolophus ferrumequinum,0.026,0.026,-1,Echolocation,/mnt/ubna_data_02_mir/recover-20221013/UBNA_001/20221012_030000.WAV,Telephone Field,recover-20221013,001,1795
1471.2235,1471.2628,68437,82720,Rhinolophus ferrumequinum,0.027,0.027,-1,Echolocation,/mnt/ubna_data_02_mir/recover-20221013/UBNA_001/20221012_030000.WAV,Telephone Field,recover-20221013,001,1795
1471.2315,1471.2404,22890,30191,Plecotus austriacus,0.009,0.023,-1,Echolocation,/mnt/ubna_data_02_mir/recover-20221013/UBNA_001/20221012_030000.WAV,Telephone Field,recover-20221013,001,1795
1471.2375,1471.2808,68437,82925,Rhinolophus ferrumequinum,0.024,0.024,-1,Echolocation,/mnt/ubna_data_02_mir/recover-20221013/UBNA_001/20221012_030000.WAV,Telephone Field,recover-20221013,001,1795
1471.2415,1471.2488,26328,37727,Eptesicus serotinus,0.005,0.022,-1,Echolocation,/mnt/ubna_data_02_mir/recover-20221013/UBNA_001/20221012_030000.WAV,Telephone Field,recover-20221013,001,1795
1471.2465,1471.2864,68437,82869,Rhinolophus ferrumequinum,0.024,0.024,-1,Echolocation,/mnt/ubna_data_02_mir/recover-20221013/UBNA_001/20221012_030000.WAV,Telephone Field,recover-20221013,001,1795
1471.2985,1471.3076,46953,54022,Pipistrellus pipistrellus,0.021,0.025,-1,Echolocation,/mnt/ubna_data_02_mir/recover-20221013/UBNA_001/20221012_030000.WAV,Telephone Field,recover-20221013,001,1795
1471.2995,1471.3425,68437,82945,Rhinolophus ferrumequinum,0.041,0.041,-1,Echolocation,/mnt/ubna_data_02_mir/recover-20221013/UBNA_001/20221012_030000.WAV,Telephone Field,recover-20221013,001,1795
1471.3325,1471.3689,68437,81332,Rhinolophus ferrumequinum,0.022,0.022,-1,Echolocation,/mnt/ubna_data_02_mir/recover-20221013/UBNA_001/20221012_030000.WAV,Telephone Field,recover-20221013,001,1795
1471.3415,1471.3482,28046,39560,Eptesicus serotinus,0.007,0.024,-1,Echolocation,/mnt/ubna_data_02_mir/recover-20221013/UBNA_001/20221012_030000.WAV,Telephone Field,recover-20221013,001,1795
1471.3425,1471.3811,68437,82270,Rhinolophus ferrumequinum,0.025,0.025,-1,Echolocation,/mnt/ubna_data_02_mir/recover-20221013/UBNA_001/20221012_030000.WAV,Telephone Field,recover-20221013,001,1795
1471.3445,1471.3577,21171,24869,Nyctalus leisleri,0.014,0.023,-1,Echolocation,/mnt/ubna_data_02_mir/recover-20221013/UBNA_001/20221012_030000.WAV,Telephone Field,recover-20221013,001,1795
1471.3665,1471.4027,68437,81853,Rhinolophus ferrumequinum,0.024,0.024,-1,Echolocation,/mnt/ubna_data_02_mir/recover-20221013/UBNA_001/20221012_030000.WAV,Telephone Field,recover-20221013,001,1795
1471.3795,1471.419,68437,82002,Rhinolophus ferrumequinum,0.025,0.025,-1,Echolocation,/mnt/ubna_data_02_mir/recover-20221013/UBNA_001/20221012_030000.WAV,Telephone Field,recover-20221013,001,1795
1471.3875,1471.3948,23750,35386,Plecotus austriacus,0.012,0.026,-1,Echolocation,/mnt/ubna_data_02_mir/recover-20221013/UBNA_001/20221012_030000.WAV,Telephone Field,recover-20221013,001,1795
1471.4115,1471.4246,56406,61579,Pipistrellus pygmaeus,0.024,0.026,-1,Echolocation,/mnt/ubna_data_02_mir/recover-20221013/UBNA_001/20221012_030000.WAV,Telephone Field,recover-20221013,001,1795
1471.4635,1471.5044,68437,82676,Rhinolophus ferrumequinum,0.028,0.028,-1,Echolocation,/mnt/ubna_data_02_mir/recover-20221013/UBNA_001/20221012_030000.WAV,Telephone Field,recover-20221013,001,1795
1471.4645,1471.4743,22031,28756,Plecotus austriacus,0.01,0.027,-1,Echolocation,/mnt/ubna_data_02_mir/recover-20221013/UBNA_001/20221012_030000.WAV,Telephone Field,recover-20221013,001,1795
1471.4705,1471.5106,68437,82719,Rhinolophus ferrumequinum,0.025,0.025,-1,Echolocation,/mnt/ubna_data_02_mir/recover-20221013/UBNA_001/20221012_030000.WAV,Telephone Field,recover-20221013,001,1795
1471.4775,1471.4873,22890,28754,Nyctalus leisleri,0.01,0.028,-1,Echolocation,/mnt/ubna_data_02_mir/recover-20221013/UBNA_001/20221012_030000.WAV,Telephone Field,recover-20221013,001,1795
1471.5275,1471.5684,68437,81931,Rhinolophus ferrumequinum,0.023,0.024,-1,Echolocation,/mnt/ubna_data_02_mir/recover-20221013/UBNA_001/20221012_030000.WAV,Telephone Field,recover-20221013,001,1795
1471.5365,1471.5463,26328,34675,Eptesicus serotinus,0.012,0.032,-1,Echolocation,/mnt/ubna_data_02_mir/recover-20221013/UBNA_001/20221012_030000.WAV,Telephone Field,recover-20221013,001,1795
1471.5535,1471.5937,68437,82271,Rhinolophus ferrumequinum,0.026,0.026,-1,Echolocation,/mnt/ubna_data_02_mir/recover-20221013/UBNA_001/20221012_030000.WAV,Telephone Field,recover-20221013,001,1795
1471.5565,1471.5679,22031,26585,Nyctalus leisleri,0.014,0.025,-1,Echolocation,/mnt/ubna_data_02_mir/recover-20221013/UBNA_001/20221012_030000.WAV,Telephone Field,recover-20221013,001,1795
1471.5895,1471.634,68437,83141,Rhinolophus ferrumequinum,0.049,0.049,-1,Echolocation,/mnt/ubna_data_02_mir/recover-20221013/UBNA_001/20221012_030000.WAV,Telephone Field,recover-20221013,001,1795
1471.6075,1471.6471,68437,82733,Rhinolophus ferrumequinum,0.023,0.023,-1,Echolocation,/mnt/ubna_data_02_mir/recover-20221013/UBNA_001/20221012_030000.WAV,Telephone Field,recover-20221013,001,1795
1471.6225,1471.6314,28046,40107,Eptesicus serotinus,0.01,0.025,-1,Echolocation,/mnt/ubna_data_02_mir/recover-20221013/UBNA_001/20221012_030000.WAV,Telephone Field,recover-20221013,001,1795
1471.6305,1471.6402,26328,34130,Eptesicus serotinus,0.012,0.026,-1,Echolocation,/mnt/ubna_data_02_mir/recover-20221013/UBNA_001/20221012_030000.WAV,Telephone Field,recover-20221013,001,1795
1471.6455,1471.6834,68437,82180,Rhinolophus ferrumequinum,0.03,0.03,-1,Echolocation,/mnt/ubna_data_02_mir/recover-20221013/UBNA_001/20221012_030000.WAV,Telephone Field,recover-20221013,001,1795
1471.6755,1471.6836,24609,32888,Eptesicus serotinus,0.006,0.022,-1,Echolocation,/mnt/ubna_data_02_mir/recover-20221013/UBNA_001/20221012_030000.WAV,Telephone Field,recover-20221013,001,1795
1471.7045,1471.7465,68437,82868,Rhinolophus ferrumequinum,0.036,0.036,-1,Echolocation,/mnt/ubna_data_02_mir/recover-20221013/UBNA_001/20221012_030000.WAV,Telephone Field,recover-20221013,001,1795
1471.7235,1471.735,22890,27643,Nyctalus leisleri,0.012,0.024,-1,Echolocation,/mnt/ubna_data_02_mir/recover-20221013/UBNA_001/20221012_030000.WAV,Telephone Field,recover-20221013,001,1795
1471.7315,1471.7733,68437,82828,Rhinolophus ferrumequinum,0.037,0.037,-1,Echolocation,/mnt/ubna_data_02_mir/recover-20221013/UBNA_001/20221012_030000.WAV,Telephone Field,recover-20221013,001,1795
1471.7605,1471.803,68437,82682,Rhinolophus ferrumequinum,0.03,0.03,-1,Echolocation,/mnt/ubna_data_02_mir/recover-20221013/UBNA_001/20221012_030000.WAV,Telephone Field,recover-20221013,001,1795
1471.7625,1471.7717,47812,55469,Pipistrellus pipistrellus,0.025,0.032,-1,Echolocation,/mnt/ubna_data_02_mir/recover-20221013/UBNA_001/20221012_030000.WAV,Telephone Field,recover-20221013,001,1795
1471.8045,1471.8141,21171,26662,Plecotus austriacus,0.009,0.025,-1,Echolocation,/mnt/ubna_data_02_mir/recover-20221013/UBNA_001/20221012_030000.WAV,Telephone Field,recover-20221013,001,1795
1471.8195,1471.862,68437,82966,Rhinolophus ferrumequinum,0.027,0.027,-1,Echolocation,/mnt/ubna_data_02_mir/recover-20221013/UBNA_001/20221012_030000.WAV,Telephone Field,recover-20221013,001,1795
1471.8315,1471.8427,22031,26160,Nyctalus leisleri,0.013,0.023,-1,Echolocation,/mnt/ubna_data_02_mir/recover-20221013/UBNA_001/20221012_030000.WAV,Telephone Field,recover-20221013,001,1795
1471.8625,1471.904,68437,82884,Rhinolophus ferrumequinum,0.049,0.049,-1,Echolocation,/mnt/ubna_data_02_mir/recover-20221013/UBNA_001/20221012_030000.WAV,Telephone Field,recover-20221013,001,1795
1471.8845,1471.9265,68437,82435,Rhinolophus ferrumequinum,0.024,0.024,-1,Echolocation,/mnt/ubna_data_02_mir/recover-20221013/UBNA_001/20221012_030000.WAV,Telephone Field,recover-20221013,001,1795
1471.9265,1471.9645,68437,82551,Rhinolophus ferrumequinum,0.024,0.024,-1,Echolocation,/mnt/ubna_data_02_mir/recover-20221013/UBNA_001/20221012_030000.WAV,Telephone Field,recover-20221013,001,1795
1471.9685,1471.9787,22031,27215,Nyctalus leisleri,0.011,0.024,-1,Echolocation,/mnt/ubna_data_02_mir/recover-20221013/UBNA_001/20221012_030000.WAV,Telephone Field,recover-20221013,001,1795
1471.9855,1471.9967,22890,27439,Nyctalus leisleri,0.015,0.031,-1,Echolocation,/mnt/ubna_data_02_mir/recover-20221013/UBNA_001/20221012_030000.WAV,Telephone Field,recover-20221013,001,1795
1472.0015,1472.0201,17734,23102,Nyctalus noctula,0.02,0.035,-1,Echolocation,/mnt/ubna_data_02_mir/recover-20221013/UBNA_001/20221012_030000.WAV,Telephone Field,recover-20221013,001,1795
1472.0015,1472.0111,23750,30667,Nyctalus leisleri,0.009,0.026,-1,Echolocation,/mnt/ubna_data_02_mir/recover-20221013/UBNA_001/20221012_030000.WAV,Telephone Field,recover-20221013,001,1795
1472.0015,1472.0306,70156,83115,Rhinolophus ferrumequinum,0.041,0.041,-1,Echolocation,/mnt/ubna_data_02_mir/recover-20221013/UBNA_001/20221012_030000.WAV,Telephone Field,recover-20221013,001,1795
1472.0015,1472.0128,48671,53961,Pipistrellus pipistrellus,0.023,0.03,-1,Echolocation,/mnt/ubna_data_02_mir/recover-20221013/UBNA_001/20221012_030000.WAV,Telephone Field,recover-20221013,001,1795
1472.0145,1472.0251,22031,26438,Nyctalus leisleri,0.012,0.023,-1,Echolocation,/mnt/ubna_data_02_mir/recover-20221013/UBNA_001/20221012_030000.WAV,Telephone Field,recover-20221013,001,1795
1472.0145,1472.0535,68437,81994,Rhinolophus ferrumequinum,0.023,0.024,-1,Echolocation,/mnt/ubna_data_02_mir/recover-20221013/UBNA_001/20221012_030000.WAV,Telephone Field,recover-20221013,001,1795
1472.0285,1472.0657,68437,82061,Rhinolophus ferrumequinum,0.025,0.025,-1,Echolocation,/mnt/ubna_data_02_mir/recover-20221013/UBNA_001/20221012_030000.WAV,Telephone Field,recover-20221013,001,1795
1472.0555,1472.0627,42656,53249,Myotis mystacinus,0.007,0.024,-1,Echolocation,/mnt/ubna_data_02_mir/recover-20221013/UBNA_001/20221012_030000.WAV,Telephone Field,recover-20221013,001,1795
1472.0585,1472.1014,68437,83124,Rhinolophus ferrumequinum,0.023,0.023,-1,Echolocation,/mnt/ubna_data_02_mir/recover-20221013/UBNA_001/20221012_030000.WAV,Telephone Field,recover-20221013,001,1795
1472.1435,1472.1586,14296,18310,Nyctalus noctula,0.032,0.049,-1,Echolocation,/mnt/ubna_data_02_mir/recover-20221013/UBNA_001/20221012_030000.WAV,Telephone Field,recover-20221013,001,1795
1472.1795,1472.2192,68437,82501,Rhinolophus ferrumequinum,0.023,0.023,-1,Echolocation,/mnt/ubna_data_02_mir/recover-20221013/UBNA_001/20221012_030000.WAV,Telephone Field,recover-20221013,001,1795
1472.2045,1472.2156,23750,30434,Nyctalus leisleri,0.011,0.027,-1,Echolocation,/mnt/ubna_data_02_mir/recover-20221013/UBNA_001/20221012_030000.WAV,Telephone Field,recover-20221013,001,1795
1472.2175,1472.2539,68437,81590,Rhinolophus ferrumequinum,0.025,0.025,-1,Echolocation,/mnt/ubna_data_02_mir/recover-20221013/UBNA_001/20221012_030000.WAV,Telephone Field,recover-20221013,001,1795
1472.2575,1472.2978,68437,82987,Rhinolophus ferrumequinum,0.03,0.03,-1,Echolocation,/mnt/ubna_data_02_mir/recover-20221013/UBNA_001/20221012_030000.WAV,Telephone Field,recover-20221013,001,1795
1472.2715,1472.3095,68437,82138,Rhinolophus ferrumequinum,0.023,0.023,-1,Echolocation,/mnt/ubna_data_02_mir/recover-20221013/UBNA_001/20221012_030000.WAV,Telephone Field,recover-20221013,001,1795
1472.2835,1472.2941,28046,35448,Eptesicus serotinus,0.011,0.027,-1,Echolocation,/mnt/ubna_data_02_mir/recover-20221013/UBNA_001/20221012_030000.WAV,Telephone Field,recover-20221013,001,1795
1472.3205,1472.354,68437,80485,Rhinolophus ferrumequinum,0.03,0.03,-1,Echolocation,/mnt/ubna_data_02_mir/recover-20221013/UBNA_001/20221012_030000.WAV,Telephone Field,recover-20221013,001,1795
1472.3275,1472.3336,24609,35491,Plecotus austriacus,0.014,0.033,-1,Echolocation,/mnt/ubna_data_02_mir/recover-20221013/UBNA_001/20221012_030000.WAV,Telephone Field,recover-20221013,001,1795
1472.3625,1472.3738,22890,27715,Nyctalus leisleri,0.014,0.027,-1,Echolocation,/mnt/ubna_data_02_mir/recover-20221013/UBNA_001/20221012_030000.WAV,Telephone Field,recover-20221013,001,1795
1472.3665,1472.4037,68437,81635,Rhinolophus ferrumequinum,0.023,0.023,-1,Echolocation,/mnt/ubna_data_02_mir/recover-20221013/UBNA_001/20221012_030000.WAV,Telephone Field,recover-20221013,001,1795
1472.3755,1472.4174,68437,83170,Rhinolophus ferrumequinum,0.033,0.033,-1,Echolocation,/mnt/ubna_data_02_mir/recover-20221013/UBNA_001/20221012_030000.WAV,Telephone Field,recover-20221013,001,1795
1472.3785,1472.389,26328,33628,Eptesicus serotinus,0.021,0.042,-1,Echolocation,/mnt/ubna_data_02_mir/recover-20221013/UBNA_001/20221012_030000.WAV,Telephone Field,recover-20221013,001,1795
1472.3815,1472.4243,68437,82742,Rhinolophus ferrumequinum,0.034,0.034,-1,Echolocation,/mnt/ubna_data_02_mir/recover-20221013/UBNA_001/20221012_030000.WAV,Telephone Field,recover-20221013,001,1795
1472.4115,1472.4548,68437,82680,Rhinolophus ferrumequinum,0.04,0.04,-1,Echolocation,/mnt/ubna_data_02_mir/recover-20221013/UBNA_001/20221012_030000.WAV,Telephone Field,recover-20221013,001,1795
1472.4385,1472.4743,68437,81707,Rhinolophus ferrumequinum,0.025,0.025,-1,Echolocation,/mnt/ubna_data_02_mir/recover-20221013/UBNA_001/20221012_030000.WAV,Telephone Field,recover-20221013,001,1795
1472.4595,1472.4785,20312,23312,Nyctalus leisleri,0.014,0.024,-1,Echolocation,/mnt/ubna_data_02_mir/recover-20221013/UBNA_001/20221012_030000.WAV,Telephone Field,recover-20221013,001,1795
1472.4675,1472.5078,68437,82904,Rhinolophus ferrumequinum,0.027,0.027,-1,Echolocation,/mnt/ubna_data_02_mir/recover-20221013/UBNA_001/20221012_030000.WAV,Telephone Field,recover-20221013,001,1795
1472.4745,1472.5121,68437,82147,Rhinolophus ferrumequinum,0.025,0.025,-1,Echolocation,/mnt/ubna_data_02_mir/recover-20221013/UBNA_001/20221012_030000.WAV,Telephone Field,recover-20221013,001,1795
1472.5025,1472.5104,44375,48566,Pipistrellus pipistrellus,0.024,0.026,-1,Echolocation,/mnt/ubna_data_02_mir/recover-20221013/UBNA_001/20221012_030000.WAV,Telephone Field,recover-20221013,001,1795
1472.5305,1472.5704,68437,82060,Rhinolophus ferrumequinum,0.024,0.024,-1,Echolocation,/mnt/ubna_data_02_mir/recover-20221013/UBNA_001/20221012_030000.WAV,Telephone Field,recover-20221013,001,1795
1472.5555,1472.5633,27187,36045,Eptesicus serotinus,0.023,0.055,-1,Echolocation,/mnt/ubna_data_02_mir/recover-20221013/UBNA_001/20221012_030000.WAV,Telephone Field,recover-20221013,001,1795
1472.5635,1472.5985,68437,81986,Rhinolophus ferrumequinum,0.025,0.025,-1,Echolocation,/mnt/ubna_data_02_mir/recover-20221013/UBNA_001/20221012_030000.WAV,Telephone Field,recover-20221013,001,1795
1472.5935,1472.6333,68437,82618,Rhinolophus ferrumequinum,0.023,0.023,-1,Echolocation,/mnt/ubna_data_02_mir/recover-20221013/UBNA_001/20221012_030000.WAV,Telephone Field,recover-20221013,001,1795
1472.6075,1472.6449,68437,81473,Rhinolophus ferrumequinum,0.026,0.026,-1,Echolocation,/mnt/ubna_data_02_mir/recover-20221013/UBNA_001/20221012_030000.WAV,Telephone Field,recover-20221013,001,1795
1472.6465,1472.6882,68437,82474,Rhinolophus ferrumequinum,0.044,0.044,-1,Echolocation,/mnt/ubna_data_02_mir/recover-20221013/UBNA_001/20221012_030000.WAV,Telephone Field,recover-20221013,001,1795
1472.6535,1472.6615,23750,33183,Plecotus austriacus,0.018,0.049,-1,Echolocation,/mnt/ubna_data_02_mir/recover-20221013/UBNA_001/20221012_030000.WAV,Telephone Field,recover-20221013,001,1795
1472.7065,1472.7153,48671,54210,Pipistrellus pipistrellus,0.024,0.027,-1,Echolocation,/mnt/ubna_data_02_mir/recover-20221013/UBNA_001/20221012_030000.WAV,Telephone Field,recover-20221013,001,1795
1472.7095,1472.7522,68437,82383,Rhinolophus ferrumequinum,0.081,0.081,-1,Echolocation,/mnt/ubna_data_02_mir/recover-20221013/UBNA_001/20221012_030000.WAV,Telephone Field,recover-20221013,001,1795
1472.7395,1472.7502,23750,30063,Nyctalus leisleri,0.01,0.023,-1,Echolocation,/mnt/ubna_data_02_mir/recover-20221013/UBNA_001/20221012_030000.WAV,Telephone Field,recover-20221013,001,1795
1472.7665,1472.7781,56406,61908,Pipistrellus pygmaeus,0.018,0.023,-1,Echolocation,/mnt/ubna_data_02_mir/recover-20221013/UBNA_001/20221012_030000.WAV,Telephone Field,recover-20221013,001,1795
1472.8065,1472.8178,23750,29564,Nyctalus leisleri,0.01,0.024,-1,Echolocation,/mnt/ubna_data_02_mir/recover-20221013/UBNA_001/20221012_030000.WAV,Telephone Field,recover-20221013,001,1795
1472.8245,1472.8646,68437,82101,Rhinolophus ferrumequinum,0.025,0.025,-1,Echolocation,/mnt/ubna_data_02_mir/recover-20221013/UBNA_001/20221012_030000.WAV,Telephone Field,recover-20221013,001,1795
1472.8505,1472.8583,28046,37766,Eptesicus serotinus,0.009,0.026,-1,Echolocation,/mnt/ubna_data_02_mir/recover-20221013/UBNA_001/20221012_030000.WAV,Telephone Field,recover-20221013,001,1795
1472.8785,1472.9143,68437,81694,Rhinolophus ferrumequinum,0.023,0.023,-1,Echolocation,/mnt/ubna_data_02_mir/recover-20221013/UBNA_001/20221012_030000.WAV,Telephone Field,recover-20221013,001,1795
1472.9445,1472.9863,68437,82492,Rhinolophus ferrumequinum,0.023,0.023,-1,Echolocation,/mnt/ubna_data_02_mir/recover-20221013/UBNA_001/20221012_030000.WAV,Telephone Field,recover-20221013,001,1795
1472.9455,1472.9563,23750,29730,Nyctalus leisleri,0.011,0.025,-1,Echolocation,/mnt/ubna_data_02_mir/recover-20221013/UBNA_001/20221012_030000.WAV,Telephone Field,recover-20221013,001,1795
1472.9505,1472.9585,47812,51981,Pipistrellus pipistrellus,0.032,0.033,-1,Echolocation,/mnt/ubna_data_02_mir/recover-20221013/UBNA_001/20221012_030000.WAV,Telephone Field,recover-20221013,001,1795
1472.9725,1472.9804,46093,57815,Pipistrellus pipistrellus,0.024,0.037,-1,Echolocation,/mnt/ubna_data_02_mir/recover-20221013/UBNA_001/20221012_030000.WAV,Telephone Field,recover-20221013,001,1795
1472.9765,1473.018,68437,82489,Rhinolophus ferrumequinum,0.024,0.024,-1,Echolocation,/mnt/ubna_data_02_mir/recover-20221013/UBNA_001/20221012_030000.WAV,Telephone Field,recover-20221013,001,1795
1472.9815,1473.0217,68437,82118,Rhinolophus ferrumequinum,0.023,0.024,-1,Echolocation,/mnt/ubna_data_02_mir/recover-20221013/UBNA_001/20221012_030000.WAV,Telephone Field,recover-20221013,001,1795
1472.9865,1472.996,27187,35087,Eptesicus serotinus,0.012,0.025,-1,Echolocation,/mnt/ubna_data_02_mir/recover-20221013/UBNA_001/20221012_030000.WAV,Telephone Field,recover-20221013,001,1795
1473.0055,1473.0462,68437,81862,Rhinolophus ferrumequinum,0.028,0.028,-1,Echolocation,/mnt/ubna_data_02_mir/recover-20221013/UBNA_001/20221012_030000.WAV,Telephone Field,recover-20221013,001,1795
1473.0275,1473.064,68437,81710,Rhinolophus ferrumequinum,0.023,0.023,-1,Echolocation,/mnt/ubna_data_02_mir/recover-20221013/UBNA_001/20221012_030000.WAV,Telephone Field,recover-20221013,001,1795
1473.0405,1473.0782,68437,81907,Rhinolophus ferrumequinum,0.023,0.023,-1,Echolocation,/mnt/ubna_data_02_mir/recover-20221013/UBNA_001/20221012_030000.WAV,Telephone Field,recover-20221013,001,1795
1473.0745,1473.1102,68437,82003,Rhinolophus ferrumequinum,0.025,0.025,-1,Echolocation,/mnt/ubna_data_02_mir/recover-20221013/UBNA_001/20221012_030000.WAV,Telephone Field,recover-20221013,001,1795
1473.1075,1473.1467,68437,82671,Rhinolophus ferrumequinum,0.03,0.031,-1,Echolocation,/mnt/ubna_data_02_mir/recover-20221013/UBNA_001/20221012_030000.WAV,Telephone Field,recover-20221013,001,1795
1473.1145,1473.1308,22890,26312,Nyctalus leisleri,0.018,0.029,-1,Echolocation,/mnt/ubna_data_02_mir/recover-20221013/UBNA_001/20221012_030000.WAV,Telephone Field,recover-20221013,001,1795
1473.1345,1473.1689,68437,81467,Rhinolophus ferrumequinum,0.049,0.05,-1,Echolocation,/mnt/ubna_data_02_mir/recover-20221013/UBNA_001/20221012_030000.WAV,Telephone Field,recover-20221013,001,1795
1473.1455,1473.184,68437,81806,Rhinolophus ferrumequinum,0.027,0.027,-1,Echolocation,/mnt/ubna_data_02_mir/recover-20221013/UBNA_001/20221012_030000.WAV,Telephone Field,recover-20221013,001,1795
1473.1575,1473.1679,22031,27573,Nyctalus leisleri,0.009,0.023,-1,Echolocation,/mnt/ubna_data_02_mir/recover-20221013/UBNA_001/20221012_030000.WAV,Telephone Field,recover-20221013,001,1795
1473.1795,1473.2181,68437,82005,Rhinolophus ferrumequinum,0.039,0.039,-1,Echolocation,/mnt/ubna_data_02_mir/recover-20221013/UBNA_001/20221012_030000.WAV,Telephone Field,recover-20221013,001,1795
1473.2215,1473.2388,19453,23885,Nyctalus noctula,0.027,0.048,-1,Echolocation,/mnt/ubna_data_02_mir/recover-20221013/UBNA_001/20221012_030000.WAV,Telephone Field,recover-20221013,001,1795
1473.2395,1473.2479,28046,40003,Eptesicus serotinus,0.008,0.024,-1,Echolocation,/mnt/ubna_data_02_mir/recover-20221013/UBNA_001/20221012_030000.WAV,Telephone Field,recover-20221013,001,1795
1473.2415,1473.2834,68437,82910,Rhinolophus ferrumequinum,0.026,0.026,-1,Echolocation,/mnt/ubna_data_02_mir/recover-20221013/UBNA_001/20221012_030000.WAV,Telephone Field,recover-20221013,001,1795
1473.2445,1473.2528,22031,28786,Plecotus austriacus,0.011,0.023,-1,Echolocation,/mnt/ubna_data_02_mir/recover-20221013/UBNA_001/20221012_030000.WAV,Telephone Field,recover-20221013,001,1795
1473.2705,1473.2796,24609,31903,Nyctalus leisleri,0.007,0.023,-1,Echolocation,/mnt/ubna_data_02_mir/recover-20221013/UBNA_001/20221012_030000.WAV,Telephone Field,recover-20221013,001,1795
1473.3005,1473.3197,18593,22474,Nyctalus noctula,0.015,0.024,-1,Echolocation,/mnt/ubna_data_02_mir/recover-20221013/UBNA_001/20221012_030000.WAV,Telephone Field,recover-20221013,001,1795
1473.3055,1473.3129,47812,54394,Pipistrellus pipistrellus,0.022,0.024,-1,Echolocation,/mnt/ubna_data_02_mir/recover-20221013/UBNA_001/20221012_030000.WAV,Telephone Field,recover-20221013,001,1795
1473.3235,1473.3654,68437,82979,Rhinolophus ferrumequinum,0.034,0.034,-1,Echolocation,/mnt/ubna_data_02_mir/recover-20221013/UBNA_001/20221012_030000.WAV,Telephone Field,recover-20221013,001,1795
1473.3335,1473.3413,28046,38334,Eptesicus serotinus,0.016,0.041,-1,Echolocation,/mnt/ubna_data_02_mir/recover-20221013/UBNA_001/20221012_030000.WAV,Telephone Field,recover-20221013,001,1795
1473.3495,1473.3887,68437,82206,Rhinolophus ferrumequinum,0.024,0.024,-1,Echolocation,/mnt/ubna_data_02_mir/recover-20221013/UBNA_001/20221012_030000.WAV,Telephone Field,recover-20221013,001,1795
1473.3665,1473.4047,68437,82233,Rhinolophus ferrumequinum,0.023,0.023,-1,Echolocation,/mnt/ubna_data_02_mir/recover-20221013/UBNA_001/20221012_030000.WAV,Telephone Field,recover-20221013,001,1795
1473.3825,1473.3898,28046,39499,Eptesicus serotinus,0.008,0.027,-1,Echolocation,/mnt/ubna_data_02_mir/recover-20221013/UBNA_001/20221012_030000.WAV,Telephone Field,recover-20221013,001,1795
1473.3945,1473.401,28046,39988,Myotis daubentonii,0.009,0.035,-1,Echolocation,/mnt/ubna_data_02_mir/recover-20221013/UBNA_001/20221012_030000.WAV,Telephone Field,recover-20221013,001,1795
1473.4105,1473.4499,68437,80413,Rhinolophus ferrumequinum,0.034,0.035,-1,Echolocation,/mnt/ubna_data_02_mir/recover-20221013/UBNA_001/20221012_030000.WAV,Telephone Field,recover-20221013,001,1795
1473.4675,1473.5075,68437,82528,Rhinolophus ferrumequinum,0.023,0.023,-1,Echolocation,/mnt/ubna_data_02_mir/recover-20221013/UBNA_001/20221012_030000.WAV,Telephone Field,recover-20221013,001,1795
1473.4735,1473.4848,22031,26221,Nyctalus leisleri,0.013,0.023,-1,Echolocation,/mnt/ubna_data_02_mir/recover-20221013/UBNA_001/20221012_030000.WAV,Telephone Field,recover-20221013,001,1795
1473.4905,1473.5279,68437,82648,Rhinolophus ferrumequinum,0.023,0.023,-1,Echolocation,/mnt/ubna_data_02_mir/recover-20221013/UBNA_001/20221012_030000.WAV,Telephone Field,recover-20221013,001,1795
1473.5195,1473.5556,68437,81114,Rhinolophus ferrumequinum,0.025,0.025,-1,Echolocation,/mnt/ubna_data_02_mir/recover-20221013/UBNA_001/20221012_030000.WAV,Telephone Field,recover-20221013,001,1795
1473.5325,1473.5691,68437,81391,Rhinolophus ferrumequinum,0.023,0.023,-1,Echolocation,/mnt/ubna_data_02_mir/recover-20221013/UBNA_001/20221012_030000.WAV,Telephone Field,recover-20221013,001,1795
1473.5345,1473.544,27187,35799,Eptesicus serotinus,0.016,0.031,-1,Echolocation,/mnt/ubna_data_02_mir/recover-20221013/UBNA_001/20221012_030000.WAV,Telephone Field,recover-20221013,001,1795
1473.5495,1473.5858,68437,82355,Rhinolophus ferrumequinum,0.023,0.023,-1,Echolocation,/mnt/ubna_data_02_mir/recover-20221013/UBNA_001/20221012_030000.WAV,Telephone Field,recover-20221013,001,1795
1473.5975,1473.6073,50390,55372,Pipistrellus pipistrellus,0.039,0.043,-1,Echolocation,/mnt/ubna_data_02_mir/recover-20221013/UBNA_001/20221012_030000.WAV,Telephone Field,recover-20221013,001,1795
1473.6195,1473.6612,68437,82947,Rhinolophus ferrumequinum,0.034,0.034,-1,Echolocation,/mnt/ubna_data_02_mir/recover-20221013/UBNA_001/20221012_030000.WAV,Telephone Field,recover-20221013,001,1795
1473.6605,1473.6658,24609,41333,Plecotus austriacus,0.031,0.064,-1,Echolocation,/mnt/ubna_data_02_mir/recover-20221013/UBNA_001/20221012_030000.WAV,Telephone Field,recover-20221013,001,1795
1473.6905,1473.7318,68437,83099,Rhinolophus ferrumequinum,0.028,0.028,-1,Echolocation,/mnt/ubna_data_02_mir/recover-20221013/UBNA_001/20221012_030000.WAV,Telephone Field,recover-20221013,001,1795
1473.6955,1473.7022,24609,36488,Plecotus austriacus,0.007,0.023,-1,Echolocation,/mnt/ubna_data_02_mir/recover-20221013/UBNA_001/20221012_030000.WAV,Telephone Field,recover-20221013,001,1795
1473.7035,1473.7475,68437,83004,Rhinolophus ferrumequinum,0.053,0.053,-1,Echolocation,/mnt/ubna_data_02_mir/recover-20221013/UBNA_001/20221012_030000.WAV,Telephone Field,recover-20221013,001,1795
1473.7515,1473.7623,16875,23631,Nyctalus noctula,0.014,0.03,-1,Echolocation,/mnt/ubna_data_02_mir/recover-20221013/UBNA_001/20221012_030000.WAV,Telephone Field,recover-20221013,001,1795
1473.7745,1473.8159,68437,82202,Rhinolophus ferrumequinum,0.028,0.028,-1,Echolocation,/mnt/ubna_data_02_mir/recover-20221013/UBNA_001/20221012_030000.WAV,Telephone Field,recover-20221013,001,1795
1473.7985,1473.843,68437,83928,Rhinolophus ferrumequinum,0.053,0.053,-1,Echolocation,/mnt/ubna_data_02_mir/recover-20221013/UBNA_001/20221012_030000.WAV,Telephone Field,recover-20221013,001,1795
1473.8295,1473.8696,68437,82801,Rhinolophus ferrumequinum,0.024,0.024,-1,Echolocation,/mnt/ubna_data_02_mir/recover-20221013/UBNA_001/20221012_030000.WAV,Telephone Field,recover-20221013,001,1795
1473.8485,1473.8568,23750,32283,Plecotus austriacus,0.009,0.026,-1,Echolocation,/mnt/ubna_data_02_mir/recover-20221013/UBNA_001/20221012_030000.WAV,Telephone Field,recover-20221013,001,1795
1473.8555,1473.863,28046,39356,Eptesicus serotinus,0.007,0.023,-1,Echolocation,/mnt/ubna_data_02_mir/recover-20221013/UBNA_001/20221012_030000.WAV,Telephone Field,recover-20221013,001,1795
1473.8795,1473.9168,68437,81794,Rhinolophus ferrumequinum,0.025,0.025,-1,Echolocation,/mnt/ubna_data_02_mir/recover-20221013/UBNA_001/20221012_030000.WAV,Telephone Field,recover-20221013,001,1795
1473.8895,1473.9312,68437,82533,Rhinolophus ferrumequinum,0.023,0.023,-1,Echolocation,/mnt/ubna_data_02_mir/recover-20221013/UBNA_001/20221012_030000.WAV,Telephone Field,recover-20221013,001,1795
1473.9065,1473.9162,27187,36660,Eptesicus serotinus,0.012,0.028,-1,Echolocation,/mnt/ubna_data_02_mir/recover-20221013/UBNA_001/20221012_030000.WAV,Telephone Field,recover-20221013,001,1795
1473.9455,1473.9852,68437,82471,Rhinolophus ferrumequinum,0.026,0.026,-1,Echolocation,/mnt/ubna_data_02_mir/recover-20221013/UBNA_001/20221012_030000.WAV,Telephone Field,recover-20221013,001,1795
1473.9505,1473.9592,28046,37462,Eptesicus serotinus,0.008,0.024,-1,Echolocation,/mnt/ubna_data_02_mir/recover-20221013/UBNA_001/20221012_030000.WAV,Telephone Field,recover-20221013,001,1795
1473.9675,1473.9805,58125,63782,Pipistrellus pygmaeus,0.032,0.032,-1,Echolocation,/mnt/ubna_data_02_mir/recover-20221013/UBNA_001/20221012_030000.WAV,Telephone Field,recover-20221013,001,1795
1474.0015,1474.0099,47812,53115,Pipistrellus pipistrellus,0.018,0.024,-1,Echolocation,/mnt/ubna_data_02_mir/recover-20221013/UBNA_001/20221012_030000.WAV,Telephone Field,recover-20221013,001,1795
1474.0015,1474.0102,26328,35702,Nyctalus leisleri,0.008,0.028,-1,Echolocation,/mnt/ubna_data_02_mir/recover-20221013/UBNA_001/20221012_030000.WAV,Telephone Field,recover-20221013,001,1795
1474.0015,1474.0315,69296,81122,Rhinolophus ferrumequinum,0.034,0.034,-1,Echolocation,/mnt/ubna_data_02_mir/recover-20221013/UBNA_001/20221012_030000.WAV,Telephone Field,recover-20221013,001,1795
1474.0135,1474.0521,68437,82969,Rhinolophus ferrumequinum,0.023,0.023,-1,Echolocation,/mnt/ubna_data_02_mir/recover-20221013/UBNA_001/20221012_030000.WAV,Telephone Field,recover-20221013,001,1795
1474.0245,1474.0622,68437,81787,Rhinolophus ferrumequinum,0.022,0.022,-1,Echolocation,/mnt/ubna_data_02_mir/recover-20221013/UBNA_001/20221012_030000.WAV,Telephone Field,recover-20221013,001,1795
1474.0245,1474.04,22031,25336,Nyctalus leisleri,0.027,0.043,-1,Echolocation,/mnt/ubna_data_02_mir/recover-20221013/UBNA_001/20221012_030000.WAV,Telephone Field,recover-20221013,001,1795
1474.0445,1474.0863,68437,82946,Rhinolophus ferrumequinum,0.033,0.033,-1,Echolocation,/mnt/ubna_data_02_mir/recover-20221013/UBNA_001/20221012_030000.WAV,Telephone Field,recover-20221013,001,1795
1474.0735,1474.0818,28906,41631,Eptesicus serotinus,0.008,0.024,-1,Echolocation,/mnt/ubna_data_02_mir/recover-20221013/UBNA_001/20221012_030000.WAV,Telephone Field,recover-20221013,001,1795
1474.0825,1474.0936,22031,26064,Nyctalus leisleri,0.013,0.022,-1,Echolocation,/mnt/ubna_data_02_mir/recover-20221013/UBNA_001/20221012_030000.WAV,Telephone Field,recover-20221013,001,1795
1474.0935,1474.1328,68437,82769,Rhinolophus ferrumequinum,0.036,0.036,-1,Echolocation,/mnt/ubna_data_02_mir/recover-20221013/UBNA_001/20221012_030000.WAV,Telephone Field,recover-20221013,001,1795
1474.1445,1474.1823,68437,81824,Rhinolophus ferrumequinum,0.022,0.022,-1,Echolocation,/mnt/ubna_data_02_mir/recover-20221013/UBNA_001/20221012_030000.WAV,Telephone Field,recover-20221013,001,1795
1474.1825,1474.1906,27187,41978,Eptesicus serotinus,0.009,0.025,-1,Echolocation,/mnt/ubna_data_02_mir/recover-20221013/UBNA_001/20221012_030000.WAV,Telephone Field,recover-20221013,001,1795
1474.1855,1474.2228,68437,82112,Rhinolophus ferrumequinum,0.022,0.022,-1,Echolocation,/mnt/ubna_data_02_mir/recover-20221013/UBNA_001/20221012_030000.WAV,Telephone Field,recover-20221013,001,1795
1474.2675,1474.3047,68437,81763,Rhinolophus ferrumequinum,0.025,0.025,-1,Echolocation,/mnt/ubna_data_02_mir/recover-20221013/UBNA_001/20221012_030000.WAV,Telephone Field,recover-20221013,001,1795
1474.2675,1474.2747,23750,34693,Plecotus austriacus,0.012,0.027,-1,Echolocation,/mnt/ubna_data_02_mir/recover-20221013/UBNA_001/20221012_030000.WAV,Telephone Field,recover-20221013,001,1795
1474.2925,1474.3289,68437,81831,Rhinolophus ferrumequinum,0.021,0.021,-1,Echolocation,/mnt/ubna_data_02_mir/recover-20221013/UBNA_001/20221012_030000.WAV,Telephone Field,recover-20221013,001,1795
1474.3095,1474.3453,68437,80431,Rhinolophus ferrumequinum,0.026,0.027,-1,Echolocation,/mnt/ubna_data_02_mir/recover-20221013/UBNA_001/20221012_030000.WAV,Telephone Field,recover-20221013,001,1795
1474.3235,1474.3591,68437,81923,Rhinolophus ferrumequinum,0.023,0.023,-1,Echolocation,/mnt/ubna_data_02_mir/recover-20221013/UBNA_001/20221012_030000.WAV,Telephone Field,recover-20221013,001,1795
1474.3565,1474.3997,68437,82500,Rhinolophus ferrumequinum,0.025,0.025,-1,Echolocation,/mnt/ubna_data_02_mir/recover-20221013/UBNA_001/20221012_030000.WAV,Telephone Field,recover-20221013,001,1795
1474.3705,1474.4071,68437,81497,Rhinolophus ferrumequinum,0.021,0.021,-1,Echolocation,/mnt/ubna_data_02_mir/recover-20221013/UBNA_001/20221012_030000.WAV,Telephone Field,recover-20221013,001,1795
1474.4195,1474.4272,27187,39713,Eptesicus serotinus,0.008,0.028,-1,Echolocation,/mnt/ubna_data_02_mir/recover-20221013/UBNA_001/20221012_030000.WAV,Telephone Field,recover-20221013,001,1795
1474.4455,1474.484,68437,81813,Rhinolophus ferrumequinum,0.024,0.024,-1,Echolocation,/mnt/ubna_data_02_mir/recover-20221013/UBNA_001/20221012_030000.WAV,Telephone Field,recover-20221013,001,1795
1474.4605,1474.4713,27187,33900,Eptesicus serotinus,0.011,0.023,-1,Echolocation,/mnt/ubna_data_02_mir/recover-20221013/UBNA_001/20221012_030000.WAV,Telephone Field,recover-20221013,001,1795
1474.4775,1474.5187,68437,82440,Rhinolophus ferrumequinum,0.028,0.028,-1,Echolocation,/mnt/ubna_data_02_mir/recover-20221013/UBNA_001/20221012_030000.WAV,Telephone Field,recover-20221013,001,1795
1474.4815,1474.4902,27187,39021,Eptesicus serotinus,0.007,0.021,-1,Echolocation,/mnt/ubna_data_02_mir/recover-20221013/UBNA_001/20221012_030000.WAV,Telephone Field,recover-20221013,001,1795
1474.4845,1474.5248,68437,82463,Rhinolophus ferrumequinum,0.024,0.024,-1,Echolocation,/mnt/ubna_data_02_mir/recover-20221013/UBNA_001/20221012_030000.WAV,Telephone Field,recover-20221013,001,1795
1474.4975,1474.5338,68437,81409,Rhinolophus ferrumequinum,0.023,0.023,-1,Echolocation,/mnt/ubna_data_02_mir/recover-20221013/UBNA_001/20221012_030000.WAV,Telephone Field,recover-20221013,001,1795
1474.5065,1474.5165,22031,27674,Nyctalus leisleri,0.009,0.023,-1,Echolocation,/mnt/ubna_data_02_mir/recover-20221013/UBNA_001/20221012_030000.WAV,Telephone Field,recover-20221013,001,1795
1474.5155,1474.5543,68437,82463,Rhinolophus ferrumequinum,0.023,0.023,-1,Echolocation,/mnt/ubna_data_02_mir/recover-20221013/UBNA_001/20221012_030000.WAV,Telephone Field,recover-20221013,001,1795
1474.5335,1474.5771,68437,83362,Rhinolophus ferrumequinum,0.04,0.04,-1,Echolocation,/mnt/ubna_data_02_mir/recover-20221013/UBNA_001/20221012_030000.WAV,Telephone Field,recover-20221013,001,1795
1474.5405,1474.5473,24609,35399,Plecotus austriacus,0.008,0.022,-1,Echolocation,/mnt/ubna_data_02_mir/recover-20221013/UBNA_001/20221012_030000.WAV,Telephone Field,recover-20221013,001,1795
1474.5685,1474.6057,68437,81053,Rhinolophus ferrumequinum,0.037,0.038,-1,Echolocation,/mnt/ubna_data_02_mir/recover-20221013/UBNA_001/20221012_030000.WAV,Telephone Field,recover-20221013,001,1795
1474.5755,1474.6144,68437,82466,Rhinolophus ferrumequinum,0.031,0.031,-1,Echolocation,/mnt/ubna_data_02_mir/recover-20221013/UBNA_001/20221012_030000.WAV,Telephone Field,recover-20221013,001,1795
1474.5895,1474.6092,18593,21614,Nyctalus noctula,0.011,0.023,-1,Echolocation,/mnt/ubna_data_02_mir/recover-20221013/UBNA_001/20221012_030000.WAV,Telephone Field,recover-20221013,001,1795
1474.5975,1474.6405,68437,83173,Rhinolophus ferrumequinum,0.026,0.026,-1,Echolocation,/mnt/ubna_data_02_mir/recover-20221013/UBNA_001/20221012_030000.WAV,Telephone Field,recover-20221013,001,1795
1474.6215,1474.6307,45234,48888,Pipistrellus pipistrellus,0.022,0.024,-1,Echolocation,/mnt/ubna_data_02_mir/recover-20221013/UBNA_001/20221012_030000.WAV,Telephone Field,recover-20221013,001,1795
1474.6445,1474.6816,68437,81757,Rhinolophus ferrumequinum,0.022,0.023,-1,Echolocation,/mnt/ubna_data_02_mir/recover-20221013/UBNA_001/20221012_030000.WAV,Telephone Field,recover-20221013,001,1795
1474.6515,1474.6612,22890,28982,Nyctalus leisleri,0.011,0.027,-1,Echolocation,/mnt/ubna_data_02_mir/recover-20221013/UBNA_001/20221012_030000.WAV,Telephone Field,recover-20221013,001,1795
1474.6685,1474.7034,68437,81412,Rhinolophus ferrumequinum,0.035,0.035,-1,Echolocation,/mnt/ubna_data_02_mir/recover-20221013/UBNA_001/20221012_030000.WAV,Telephone Field,recover-20221013,001,1795
1474.6765,1474.709,68437,80231,Rhinolophus ferrumequinum,0.032,0.032,-1,Echolocation,/mnt/ubna_data_02_mir/recover-20221013/UBNA_001/20221012_030000.WAV,Telephone Field,recover-20221013,001,1795
1474.6795,1474.6866,28046,39443,Eptesicus serotinus,0.007,0.024,-1,Echolocation,/mnt/ubna_data_02_mir/recover-20221013/UBNA_001/20221012_030000.WAV,Telephone Field,recover-20221013,001,1795
1474.6895,1474.7286,68437,82364,Rhinolophus ferrumequinum,0.022,0.022,-1,Echolocation,/mnt/ubna_data_02_mir/recover-20221013/UBNA_001/20221012_030000.WAV,Telephone Field,recover-20221013,001,1795
1474.6895,1474.6978,23750,31310,Plecotus austriacus,0.008,0.023,-1,Echolocation,/mnt/ubna_data_02_mir/recover-20221013/UBNA_001/20221012_030000.WAV,Telephone Field,recover-20221013,001,1795
1474.6955,1474.7319,68437,81916,Rhinolophus ferrumequinum,0.022,0.022,-1,Echolocation,/mnt/ubna_data_02_mir/recover-20221013/UBNA_001/20221012_030000.WAV,Telephone Field,recover-20221013,001,1795
1474.7155,1474.7243,28046,42941,Eptesicus serotinus,0.01,0.027,-1,Echolocation,/mnt/ubna_data_02_mir/recover-20221013/UBNA_001/20221012_030000.WAV,Telephone Field,recover-20221013,001,1795
1474.7155,1474.751,68437,81011,Rhinolophus ferrumequinum,0.023,0.023,-1,Echolocation,/mnt/ubna_data_02_mir/recover-20221013/UBNA_001/20221012_030000.WAV,Telephone Field,recover-20221013,001,1795
1474.7445,1474.7513,27187,44811,Eptesicus serotinus,0.006,0.022,-1,Echolocation,/mnt/ubna_data_02_mir/recover-20221013/UBNA_001/20221012_030000.WAV,Telephone Field,recover-20221013,001,1795
1474.7615,1474.8005,68437,82061,Rhinolophus ferrumequinum,0.023,0.023,-1,Echolocation,/mnt/ubna_data_02_mir/recover-20221013/UBNA_001/20221012_030000.WAV,Telephone Field,recover-20221013,001,1795
1474.7675,1474.806,68437,81450,Rhinolophus ferrumequinum,0.024,0.024,-1,Echolocation,/mnt/ubna_data_02_mir/recover-20221013/UBNA_001/20221012_030000.WAV,Telephone Field,recover-20221013,001,1795
1474.7675,1474.7761,27187,36190,Eptesicus serotinus,0.008,0.022,-1,Echolocation,/mnt/ubna_data_02_mir/recover-20221013/UBNA_001/20221012_030000.WAV,Telephone Field,recover-20221013,001,1795
1474.7725,1474.7824,28906,38785,Eptesicus serotinus,0.008,0.022,-1,Echolocation,/mnt/ubna_data_02_mir/recover-20221013/UBNA_001/20221012_030000.WAV,Telephone Field,recover-20221013,001,1795
1474.7905,1474.8004,23750,30036,Nyctalus leisleri,0.009,0.022,-1,Echolocation,/mnt/ubna_data_02_mir/recover-20221013/UBNA_001/20221012_030000.WAV,Telephone Field,recover-20221013,001,1795
1474.7925,1474.8281,68437,81320,Rhinolophus ferrumequinum,0.022,0.022,-1,Echolocation,/mnt/ubna_data_02_mir/recover-20221013/UBNA_001/20221012_030000.WAV,Telephone Field,recover-20221013,001,1795
1474.8575,1474.8664,28906,38040,Eptesicus serotinus,0.01,0.025,-1,Echolocation,/mnt/ubna_data_02_mir/recover-20221013/UBNA_001/20221012_030000.WAV,Telephone Field,recover-20221013,001,1795
1474.8875,1474.9245,68437,81630,Rhinolophus ferrumequinum,0.026,0.026,-1,Echolocation,/mnt/ubna_data_02_mir/recover-20221013/UBNA_001/20221012_030000.WAV,Telephone Field,recover-20221013,001,1795
1474.9405,1474.9805,68437,82295,Rhinolophus ferrumequinum,0.024,0.024,-1,Echolocation,/mnt/ubna_data_02_mir/recover-20221013/UBNA_001/20221012_030000.WAV,Telephone Field,recover-20221013,001,1795
1474.9445,1474.9549,28046,36389,Eptesicus serotinus,0.012,0.025,-1,Echolocation,/mnt/ubna_data_02_mir/recover-20221013/UBNA_001/20221012_030000.WAV,Telephone Field,recover-20221013,001,1795
1474.9655,1475.0044,68437,82448,Rhinolophus ferrumequinum,0.022,0.022,-1,Echolocation,/mnt/ubna_data_02_mir/recover-20221013/UBNA_001/20221012_030000.WAV,Telephone Field,recover-20221013,001,1795
1474.9865,1475.0226,68437,81714,Rhinolophus ferrumequinum,0.024,0.025,-1,Echolocation,/mnt/ubna_data_02_mir/recover-20221013/UBNA_001/20221012_030000.WAV,Telephone Field,recover-20221013,001,1795
1474.9965,1475.0362,68437,82021,Rhinolophus ferrumequinum,0.029,0.029,-1,Echolocation,/mnt/ubna_data_02_mir/recover-20221013/UBNA_001/20221012_030000.WAV,Telephone Field,recover-20221013,001,1795
1475.0045,1475.0162,22890,26977,Nyctalus leisleri,0.014,0.024,-1,Echolocation,/mnt/ubna_data_02_mir/recover-20221013/UBNA_001/20221012_030000.WAV,Telephone Field,recover-20221013,001,1795
1475.0125,1475.0215,29765,37829,Eptesicus serotinus,0.007,0.021,-1,Echolocation,/mnt/ubna_data_02_mir/recover-20221013/UBNA_001/20221012_030000.WAV,Telephone Field,recover-20221013,001,1795
1475.0325,1475.0709,68437,82140,Rhinolophus ferrumequinum,0.022,0.022,-1,Echolocation,/mnt/ubna_data_02_mir/recover-20221013/UBNA_001/20221012_030000.WAV,Telephone Field,recover-20221013,001,1795
1475.0405,1475.0791,68437,82362,Rhinolophus ferrumequinum,0.021,0.021,-1,Echolocation,/mnt/ubna_data_02_mir/recover-20221013/UBNA_001/20221012_030000.WAV,Telephone Field,recover-20221013,001,1795
1475.0555,1475.0673,26328,32956,Eptesicus serotinus,0.016,0.034,-1,Echolocation,/mnt/ubna_data_02_mir/recover-20221013/UBNA_001/20221012_030000.WAV,Telephone Field,recover-20221013,001,1795
1475.1035,1475.1124,28046,37144,Eptesicus serotinus,0.008,0.021,-1,Echolocation,/mnt/ubna_data_02_mir/recover-20221013/UBNA_001/20221012_030000.WAV,Telephone Field,recover-20221013,001,1795
1475.1235,1475.1334,22890,29664,Nyctalus leisleri,0.009,0.025,-1,Echolocation,/mnt/ubna_data_02_mir/recover-20221013/UBNA_001/20221012_030000.WAV,Telephone Field,recover-20221013,001,1795
1475.1335,1475.1722,68437,81812,Rhinolophus ferrumequinum,0.024,0.024,-1,Echolocation,/mnt/ubna_data_02_mir/recover-20221013/UBNA_001/20221012_030000.WAV,Telephone Field,recover-20221013,001,1795
1475.1445,1475.1842,68437,82526,Rhinolophus ferrumequinum,0.023,0.023,-1,Echolocation,/mnt/ubna_data_02_mir/recover-20221013/UBNA_001/20221012_030000.WAV,Telephone Field,recover-20221013,001,1795
1475.1555,1475.1629,27187,37115,Eptesicus serotinus,0.01,0.028,-1,Echolocation,/mnt/ubna_data_02_mir/recover-20221013/UBNA_001/20221012_030000.WAV,Telephone Field,recover-20221013,001,1795
1475.2035,1475.2137,22031,27677,Nyctalus leisleri,0.01,0.024,-1,Echolocation,/mnt/ubna_data_02_mir/recover-20221013/UBNA_001/20221012_030000.WAV,Telephone Field,recover-20221013,001,1795
1475.2215,1475.2629,68437,82621,Rhinolophus ferrumequinum,0.025,0.025,-1,Echolocation,/mnt/ubna_data_02_mir/recover-20221013/UBNA_001/20221012_030000.WAV,Telephone Field,recover-20221013,001,1795
1475.2355,1475.2474,21171,25540,Nyctalus leisleri,0.014,0.026,-1,Echolocation,/mnt/ubna_data_02_mir/recover-20221013/UBNA_001/20221012_030000.WAV,Telephone Field,recover-20221013,001,1795
1475.2635,1475.275,22890,27925,Nyctalus leisleri,0.011,0.022,-1,Echolocation,/mnt/ubna_data_02_mir/recover-20221013/UBNA_001/20221012_030000.WAV,Telephone Field,recover-20221013,001,1795
1475.2725,1475.2807,23750,31811,Plecotus austriacus,0.009,0.023,-1,Echolocation,/mnt/ubna_data_02_mir/recover-20221013/UBNA_001/20221012_030000.WAV,Telephone Field,recover-20221013,001,1795
1475.2745,1475.3137,68437,82038,Rhinolophus ferrumequinum,0.022,0.022,-1,Echolocation,/mnt/ubna_data_02_mir/recover-20221013/UBNA_001/20221012_030000.WAV,Telephone Field,recover-20221013,001,1795
1475.2855,1475.3263,68437,83351,Rhinolophus ferrumequinum,0.033,0.033,-1,Echolocation,/mnt/ubna_data_02_mir/recover-20221013/UBNA_001/20221012_030000.WAV,Telephone Field,recover-20221013,001,1795
1475.2975,1475.3374,68437,82404,Rhinolophus ferrumequinum,0.023,0.023,-1,Echolocation,/mnt/ubna_data_02_mir/recover-20221013/UBNA_001/20221012_030000.WAV,Telephone Field,recover-20221013,001,1795
1475.3185,1475.3291,22890,27310,Nyctalus leisleri,0.012,0.021,-1,Echolocation,/mnt/ubna_data_02_mir/recover-20221013/UBNA_001/20221012_030000.WAV,Telephone Field,recover-20221013,001,1795
1475.3255,1475.3666,68437,82882,Rhinolophus ferrumequinum,0.024,0.024,-1,Echolocation,/mnt/ubna_data_02_mir/recover-20221013/UBNA_001/20221012_030000.WAV,Telephone Field,recover-20221013,001,1795
1475.3515,1475.3892,68437,81567,Rhinolophus ferrumequinum,0.021,0.021,-1,Echolocation,/mnt/ubna_data_02_mir/recover-20221013/UBNA_001/20221012_030000.WAV,Telephone Field,recover-20221013,001,1795
1475.4095,1475.4462,68437,81444,Rhinolophus ferrumequinum,0.023,0.023,-1,Echolocation,/mnt/ubna_data_02_mir/recover-20221013/UBNA_001/20221012_030000.WAV,Telephone Field,recover-20221013,001,1795
1475.4265,1475.4655,68437,82460,Rhinolophus ferrumequinum,0.021,0.021,-1,Echolocation,/mnt/ubna_data_02_mir/recover-20221013/UBNA_001/20221012_030000.WAV,Telephone Field,recover-20221013,001,1795
1475.4365,1475.4473,24609,30325,Nyctalus leisleri,0.01,0.025,-1,Echolocation,/mnt/ubna_data_02_mir/recover-20221013/UBNA_001/20221012_030000.WAV,Telephone Field,recover-20221013,001,1795
1475.4565,1475.4663,25468,32362,Eptesicus serotinus,0.009,0.023,-1,Echolocation,/mnt/ubna_data_02_mir/recover-20221013/UBNA_001/20221012_030000.WAV,Telephone Field,recover-20221013,001,1795
1475.4625,1475.5052,68437,82827,Rhinolophus ferrumequinum,0.026,0.026,-1,Echolocation,/mnt/ubna_data_02_mir/recover-20221013/UBNA_001/20221012_030000.WAV,Telephone Field,recover-20221013,001,1795
1475.4995,1475.541,68437,82402,Rhinolophus ferrumequinum,0.026,0.026,-1,Echolocation,/mnt/ubna_data_02_mir/recover-20221013/UBNA_001/20221012_030000.WAV,Telephone Field,recover-20221013,001,1795
1475.5055,1475.5454,68437,82442,Rhinolophus ferrumequinum,0.026,0.026,-1,Echolocation,/mnt/ubna_data_02_mir/recover-20221013/UBNA_001/20221012_030000.WAV,Telephone Field,recover-20221013,001,1795
1475.5175,1475.556,68437,81728,Rhinolophus ferrumequinum,0.022,0.022,-1,Echolocation,/mnt/ubna_data_02_mir/recover-20221013/UBNA_001/20221012_030000.WAV,Telephone Field,recover-20221013,001,1795
1475.5245,1475.5642,68437,81819,Rhinolophus ferrumequinum,0.023,0.023,-1,Echolocation,/mnt/ubna_data_02_mir/recover-20221013/UBNA_001/20221012_030000.WAV,Telephone Field,recover-20221013,001,1795
1475.5395,1475.5765,68437,81966,Rhinolophus ferrumequinum,0.021,0.021,-1,Echolocation,/mnt/ubna_data_02_mir/recover-20221013/UBNA_001/20221012_030000.WAV,Telephone Field,recover-20221013,001,1795
1475.5475,1475.5842,68437,81668,Rhinolophus ferrumequinum,0.021,0.021,-1,Echolocation,/mnt/ubna_data_02_mir/recover-20221013/UBNA_001/20221012_030000.WAV,Telephone Field,recover-20221013,001,1795
1475.5605,1475.5969,68437,81472,Rhinolophus ferrumequinum,0.021,0.021,-1,Echolocation,/mnt/ubna_data_02_mir/recover-20221013/UBNA_001/20221012_030000.WAV,Telephone Field,recover-20221013,001,1795
1475.5685,1475.6097,68437,82467,Rhinolophus ferrumequinum,0.022,0.022,-1,Echolocation,/mnt/ubna_data_02_mir/recover-20221013/UBNA_001/20221012_030000.WAV,Telephone Field,recover-20221013,001,1795
1475.5775,1475.6203,68437,83117,Rhinolophus ferrumequinum,0.028,0.028,-1,Echolocation,/mnt/ubna_data_02_mir/recover-20221013/UBNA_001/20221012_030000.WAV,Telephone Field,recover-20221013,001,1795
1475.5865,1475.6261,68437,82358,Rhinolophus ferrumequinum,0.024,0.024,-1,Echolocation,/mnt/ubna_data_02_mir/recover-20221013/UBNA_001/20221012_030000.WAV,Telephone Field,recover-20221013,001,1795
1475.5995,1475.637,68437,81180,Rhinolophus ferrumequinum,0.024,0.024,-1,Echolocation,/mnt/ubna_data_02_mir/recover-20221013/UBNA_001/20221012_030000.WAV,Telephone Field,recover-20221013,001,1795
1475.6575,1475.6949,68437,81662,Rhinolophus ferrumequinum,0.023,0.023,-1,Echolocation,/mnt/ubna_data_02_mir/recover-20221013/UBNA_001/20221012_030000.WAV,Telephone Field,recover-20221013,001,1795
1475.6855,1475.7237,68437,82000,Rhinolophus ferrumequinum,0.021,0.021,-1,Echolocation,/mnt/ubna_data_02_mir/recover-20221013/UBNA_001/20221012_030000.WAV,Telephone Field,recover-20221013,001,1795
1475.7065,1475.718,23750,28626,Nyctalus leisleri,0.022,0.048,-1,Echolocation,/mnt/ubna_data_02_mir/recover-20221013/UBNA_001/20221012_030000.WAV,Telephone Field,recover-20221013,001,1795
1475.7205,1475.7574,68437,81670,Rhinolophus ferrumequinum,0.021,0.021,-1,Echolocation,/mnt/ubna_data_02_mir/recover-20221013/UBNA_001/20221012_030000.WAV,Telephone Field,recover-20221013,001,1795
1475.7405,1475.7778,68437,82014,Rhinolophus ferrumequinum,0.025,0.025,-1,Echolocation,/mnt/ubna_data_02_mir/recover-20221013/UBNA_001/20221012_030000.WAV,Telephone Field,recover-20221013,001,1795
1475.7485,1475.7594,27187,34436,Eptesicus serotinus,0.014,0.027,-1,Echolocation,/mnt/ubna_data_02_mir/recover-20221013/UBNA_001/20221012_030000.WAV,Telephone Field,recover-20221013,001,1795
1475.7555,1475.7632,45234,53797,Pipistrellus pipistrellus,0.018,0.025,-1,Echolocation,/mnt/ubna_data_02_mir/recover-20221013/UBNA_001/20221012_030000.WAV,Telephone Field,recover-20221013,001,1795
1475.7685,1475.7793,22031,26679,Nyctalus leisleri,0.011,0.022,-1,Echolocation,/mnt/ubna_data_02_mir/recover-20221013/UBNA_001/20221012_030000.WAV,Telephone Field,recover-20221013,001,1795
1475.7945,1475.834,68437,82307,Rhinolophus ferrumequinum,0.022,0.022,-1,Echolocation,/mnt/ubna_data_02_mir/recover-20221013/UBNA_001/20221012_030000.WAV,Telephone Field,recover-20221013,001,1795
1475.8105,1475.8513,68437,82822,Rhinolophus ferrumequinum,0.026,0.026,-1,Echolocation,/mnt/ubna_data_02_mir/recover-20221013/UBNA_001/20221012_030000.WAV,Telephone Field,recover-20221013,001,1795
1475.8365,1475.8768,68437,82474,Rhinolophus ferrumequinum,0.021,0.021,-1,Echolocation,/mnt/ubna_data_02_mir/recover-20221013/UBNA_001/20221012_030000.WAV,Telephone Field,recover-20221013,001,1795
1475.8475,1475.8572,25468,32173,Nyctalus leisleri,0.009,0.028,-1,Echolocation,/mnt/ubna_data_02_mir/recover-20221013/UBNA_001/20221012_030000.WAV,Telephone Field,recover-20221013,001,1795
1475.8555,1475.8948,68437,82719,Rhinolophus ferrumequinum,0.022,0.022,-1,Echolocation,/mnt/ubna_data_02_mir/recover-20221013/UBNA_001/20221012_030000.WAV,Telephone Field,recover-20221013,001,1795
1475.8985,1475.9398,68437,82961,Rhinolophus ferrumequinum,0.024,0.024,-1,Echolocation,/mnt/ubna_data_02_mir/recover-20221013/UBNA_001/20221012_030000.WAV,Telephone Field,recover-20221013,001,1795
1475.9295,1475.9724,68437,82857,Rhinolophus ferrumequinum,0.024,0.024,-1,Echolocation,/mnt/ubna_data_02_mir/recover-20221013/UBNA_001/20221012_030000.WAV,Telephone Field,recover-20221013,001,1795
1475.9595,1475.9954,68437,80998,Rhinolophus ferrumequinum,0.021,0.021,-1,Echolocation,/mnt/ubna_data_02_mir/recover-20221013/UBNA_001/20221012_030000.WAV,Telephone Field,recover-20221013,001,1795
1476.0015,1476.0101,25468,35520,Nyctalus leisleri,0.008,0.032,-1,Echolocation,/mnt/ubna_data_02_mir/recover-20221013/UBNA_001/20221012_030000.WAV,Telephone Field,recover-20221013,001,1795
1476.0015,1476.0318,68437,79525,Rhinolophus ferrumequinum,0.024,0.024,-1,Echolocation,/mnt/ubna_data_02_mir/recover-20221013/UBNA_001/20221012_030000.WAV,Telephone Field,recover-20221013,001,1795
1476.0015,1476.0094,31484,40959,Myotis daubentonii,0.007,0.025,-1,Echolocation,/mnt/ubna_data_02_mir/recover-20221013/UBNA_001/20221012_030000.WAV,Telephone Field,recover-20221013,001,1795
1476.0145,1476.0545,68437,82387,Rhinolophus ferrumequinum,0.024,0.024,-1,Echolocation,/mnt/ubna_data_02_mir/recover-20221013/UBNA_001/20221012_030000.WAV,Telephone Field,recover-20221013,001,1795
1476.0325,1476.0708,68437,82482,Rhinolophus ferrumequinum,0.024,0.024,-1,Echolocation,/mnt/ubna_data_02_mir/recover-20221013/UBNA_001/20221012_030000.WAV,Telephone Field,recover-20221013,001,1795
1476.0435,1476.0866,68437,82720,Rhinolophus ferrumequinum,0.028,0.028,-1,Echolocation,/mnt/ubna_data_02_mir/recover-20221013/UBNA_001/20221012_030000.WAV,Telephone Field,recover-20221013,001,1795
1476.0495,1476.058,43515,48106,Pipistrellus pipistrellus,0.027,0.032,-1,Echolocation,/mnt/ubna_data_02_mir/recover-20221013/UBNA_001/20221012_030000.WAV,Telephone Field,recover-20221013,001,1795
1476.0845,1476.0946,28046,36005,Eptesicus serotinus,0.009,0.023,-1,Echolocation,/mnt/ubna_data_02_mir/recover-20221013/UBNA_001/20221012_030000.WAV,Telephone Field,recover-20221013,001,1795
1476.0995,1476.1202,19453,22772,Nyctalus noctula,0.024,0.049,-1,Echolocation,/mnt/ubna_data_02_mir/recover-20221013/UBNA_001/20221012_030000.WAV,Telephone Field,recover-20221013,001,1795
1476.1055,1476.1436,68437,82229,Rhinolophus ferrumequinum,0.027,0.027,-1,Echolocation,/mnt/ubna_data_02_mir/recover-20221013/UBNA_001/20221012_030000.WAV,Telephone Field,recover-20221013,001,1795
1476.1325,1476.1715,68437,82541,Rhinolophus ferrumequinum,0.023,0.023,-1,Echolocation,/mnt/ubna_data_02_mir/recover-20221013/UBNA_001/20221012_030000.WAV,Telephone Field,recover-20221013,001,1795
1476.1375,1476.175,68437,81945,Rhinolophus ferrumequinum,0.023,0.023,-1,Echolocation,/mnt/ubna_data_02_mir/recover-20221013/UBNA_001/20221012_030000.WAV,Telephone Field,recover-20221013,001,1795
1476.1855,1476.2253,68437,82358,Rhinolophus ferrumequinum,0.028,0.028,-1,Echolocation,/mnt/ubna_data_02_mir/recover-20221013/UBNA_001/20221012_030000.WAV,Telephone Field,recover-20221013,001,1795
1476.2175,1476.2562,68437,81241,Rhinolophus ferrumequinum,0.027,0.028,-1,Echolocation,/mnt/ubna_data_02_mir/recover-20221013/UBNA_001/20221012_030000.WAV,Telephone Field,recover-20221013,001,1795
1476.2415,1476.2836,68437,83039,Rhinolophus ferrumequinum,0.036,0.036,-1,Echolocation,/mnt/ubna_data_02_mir/recover-20221013/UBNA_001/20221012_030000.WAV,Telephone Field,recover-20221013,001,1795
1476.2495,1476.259,28046,38292,Eptesicus serotinus,0.009,0.023,-1,Echolocation,/mnt/ubna_data_02_mir/recover-20221013/UBNA_001/20221012_030000.WAV,Telephone Field,recover-20221013,001,1795
1476.2595,1476.2691,28046,38176,Eptesicus serotinus,0.01,0.026,-1,Echolocation,/mnt/ubna_data_02_mir/recover-20221013/UBNA_001/20221012_030000.WAV,Telephone Field,recover-20221013,001,1795
1476.2795,1476.3113,68437,80337,Rhinolophus ferrumequinum,0.024,0.024,-1,Echolocation,/mnt/ubna_data_02_mir/recover-20221013/UBNA_001/20221012_030000.WAV,Telephone Field,recover-20221013,001,1795
1476.2935,1476.3299,68437,82331,Rhinolophus ferrumequinum,0.024,0.024,-1,Echolocation,/mnt/ubna_data_02_mir/recover-20221013/UBNA_001/20221012_030000.WAV,Telephone Field,recover-20221013,001,1795
1476.3055,1476.3441,68437,82041,Rhinolophus ferrumequinum,0.023,0.023,-1,Echolocation,/mnt/ubna_data_02_mir/recover-20221013/UBNA_001/20221012_030000.WAV,Telephone Field,recover-20221013,001,1795
1476.3305,1476.3715,68437,82465,Rhinolophus ferrumequinum,0.023,0.023,-1,Echolocation,/mnt/ubna_data_02_mir/recover-20221013/UBNA_001/20221012_030000.WAV,Telephone Field,recover-20221013,001,1795
1476.3325,1476.3438,44375,47721,Pipistrellus pipistrellus,0.046,0.051,-1,Echolocation,/mnt/ubna_data_02_mir/recover-20221013/UBNA_001/20221012_030000.WAV,Telephone Field,recover-20221013,001,1795
1476.3375,1476.3478,24609,32054,Nyctalus leisleri,0.008,0.025,-1,Echolocation,/mnt/ubna_data_02_mir/recover-20221013/UBNA_001/20221012_030000.WAV,Telephone Field,recover-20221013,001,1795
1476.3995,1476.4101,25468,32867,Nyctalus leisleri,0.011,0.032,-1,Echolocation,/mnt/ubna_data_02_mir/recover-20221013/UBNA_001/20221012_030000.WAV,Telephone Field,recover-20221013,001,1795
1476.4185,1476.4286,28906,36672,Eptesicus serotinus,0.01,0.023,-1,Echolocation,/mnt/ubna_data_02_mir/recover-20221013/UBNA_001/20221012_030000.WAV,Telephone Field,recover-20221013,001,1795
1476.4255,1476.4618,68437,81757,Rhinolophus ferrumequinum,0.024,0.024,-1,Echolocation,/mnt/ubna_data_02_mir/recover-20221013/UBNA_001/20221012_030000.WAV,Telephone Field,recover-20221013,001,1795
1476.4345,1476.4697,68437,81422,Rhinolophus ferrumequinum,0.024,0.024,-1,Echolocation,/mnt/ubna_data_02_mir/recover-20221013/UBNA_001/20221012_030000.WAV,Telephone Field,recover-20221013,001,1795
1476.4755,1476.5104,68437,81318,Rhinolophus ferrumequinum,0.029,0.029,-1,Echolocation,/mnt/ubna_data_02_mir/recover-20221013/UBNA_001/20221012_030000.WAV,Telephone Field,recover-20221013,001,1795
1476.4835,1476.4915,27187,36791,Eptesicus serotinus,0.009,0.024,-1,Echolocation,/mnt/ubna_data_02_mir/recover-20221013/UBNA_001/20221012_030000.WAV,Telephone Field,recover-20221013,001,1795
1476.5045,1476.5425,68437,81923,Rhinolophus ferrumequinum,0.023,0.023,-1,Echolocation,/mnt/ubna_data_02_mir/recover-20221013/UBNA_001/20221012_030000.WAV,Telephone Field,recover-20221013,001,1795
1476.5515,1476.5887,68437,81966,Rhinolophus ferrumequinum,0.026,0.026,-1,Echolocation,/mnt/ubna_data_02_mir/recover-20221013/UBNA_001/20221012_030000.WAV,Telephone Field,recover-20221013,001,1795
1476.5605,1476.6027,68437,82900,Rhinolophus ferrumequinum,0.024,0.024,-1,Echolocation,/mnt/ubna_data_02_mir/recover-20221013/UBNA_001/20221012_030000.WAV,Telephone Field,recover-20221013,001,1795
1476.5665,1476.5747,45234,56521,Pipistrellus pipistrellus,0.02,0.033,-1,Echolocation,/mnt/ubna_data_02_mir/recover-20221013/UBNA_001/20221012_030000.WAV,Telephone Field,recover-20221013,001,1795
1476.6225,1476.6606,68437,81378,Rhinolophus ferrumequinum,0.041,0.041,-1,Echolocation,/mnt/ubna_data_02_mir/recover-20221013/UBNA_001/20221012_030000.WAV,Telephone Field,recover-20221013,001,1795
1476.6275,1476.6355,50390,60941,Pipistrellus pipistrellus,0.024,0.032,-1,Echolocation,/mnt/ubna_data_02_mir/recover-20221013/UBNA_001/20221012_030000.WAV,Telephone Field,recover-20221013,001,1795
1476.6715,1476.6804,27187,35396,Eptesicus serotinus,0.011,0.026,-1,Echolocation,/mnt/ubna_data_02_mir/recover-20221013/UBNA_001/20221012_030000.WAV,Telephone Field,recover-20221013,001,1795
1476.6815,1476.7209,68437,82677,Rhinolophus ferrumequinum,0.024,0.024,-1,Echolocation,/mnt/ubna_data_02_mir/recover-20221013/UBNA_001/20221012_030000.WAV,Telephone Field,recover-20221013,001,1795
1476.7385,1476.7799,68437,82611,Rhinolophus ferrumequinum,0.025,0.025,-1,Echolocation,/mnt/ubna_data_02_mir/recover-20221013/UBNA_001/20221012_030000.WAV,Telephone Field,recover-20221013,001,1795
1476.7445,1476.7546,28906,36725,Eptesicus serotinus,0.012,0.027,-1,Echolocation,/mnt/ubna_data_02_mir/recover-20221013/UBNA_001/20221012_030000.WAV,Telephone Field,recover-20221013,001,1795
1476.7895,1476.8264,68437,81704,Rhinolophus ferrumequinum,0.025,0.025,-1,Echolocation,/mnt/ubna_data_02_mir/recover-20221013/UBNA_001/20221012_030000.WAV,Telephone Field,recover-20221013,001,1795
1476.7995,1476.8395,68437,81547,Rhinolophus ferrumequinum,0.026,0.026,-1,Echolocation,/mnt/ubna_data_02_mir/recover-20221013/UBNA_001/20221012_030000.WAV,Telephone Field,recover-20221013,001,1795
1476.8055,1476.8121,28046,43331,Eptesicus serotinus,0.007,0.028,-1,Echolocation,/mnt/ubna_data_02_mir/recover-20221013/UBNA_001/20221012_030000.WAV,Telephone Field,recover-20221013,001,1795
1476.8205,1476.8609,68437,82452,Rhinolophus ferrumequinum,0.023,0.023,-1,Echolocation,/mnt/ubna_data_02_mir/recover-20221013/UBNA_001/20221012_030000.WAV,Telephone Field,recover-20221013,001,1795
1476.8505,1476.8878,68437,82160,Rhinolophus ferrumequinum,0.023,0.023,-1,Echolocation,/mnt/ubna_data_02_mir/recover-20221013/UBNA_001/20221012_030000.WAV,Telephone Field,recover-20221013,001,1795
1476.8885,1476.9315,68437,83209,Rhinolophus ferrumequinum,0.05,0.05,-1,Echolocation,/mnt/ubna_data_02_mir/recover-20221013/UBNA_001/20221012_030000.WAV,Telephone Field,recover-20221013,001,1795
1476.8925,1476.9002,26328,39385,Eptesicus serotinus,0.008,0.024,-1,Echolocation,/mnt/ubna_data_02_mir/recover-20221013/UBNA_001/20221012_030000.WAV,Telephone Field,recover-20221013,001,1795
1476.9265,1476.9334,28906,40305,Eptesicus serotinus,0.008,0.028,-1,Echolocation,/mnt/ubna_data_02_mir/recover-20221013/UBNA_001/20221012_030000.WAV,Telephone Field,recover-20221013,001,1795
1476.9545,1476.9927,68437,81640,Rhinolophus ferrumequinum,0.025,0.025,-1,Echolocation,/mnt/ubna_data_02_mir/recover-20221013/UBNA_001/20221012_030000.WAV,Telephone Field,recover-20221013,001,1795
1477.0245,1477.0675,68437,82874,Rhinolophus ferrumequinum,0.027,0.027,-1,Echolocation,/mnt/ubna_data_02_mir/recover-20221013/UBNA_001/20221012_030000.WAV,Telephone Field,recover-20221013,001,1795
1477.0575,1477.0681,22031,27009,Nyctalus leisleri,0.012,0.028,-1,Echolocation,/mnt/ubna_data_02_mir/recover-20221013/UBNA_001/20221012_030000.WAV,Telephone Field,recover-20221013,001,1795
1477.0905,1477.1007,28906,37635,Eptesicus serotinus,0.012,0.029,-1,Echolocation,/mnt/ubna_data_02_mir/recover-20221013/UBNA_001/20221012_030000.WAV,Telephone Field,recover-20221013,001,1795
1477.0975,1477.1055,29765,41240,Eptesicus serotinus,0.008,0.025,-1,Echolocation,/mnt/ubna_data_02_mir/recover-20221013/UBNA_001/20221012_030000.WAV,Telephone Field,recover-20221013,001,1795
1477.1435,1477.1519,28046,39060,Eptesicus serotinus,0.01,0.026,-1,Echolocation,/mnt/ubna_data_02_mir/recover-20221013/UBNA_001/20221012_030000.WAV,Telephone Field,recover-20221013,001,1795
1477.1775,1477.1835,24609,40455,Plecotus austriacus,0.013,0.033,-1,Echolocation,/mnt/ubna_data_02_mir/recover-20221013/UBNA_001/20221012_030000.WAV,Telephone Field,recover-20221013,001,1795
1477.1775,1477.1846,28906,43442,Eptesicus serotinus,0.011,0.036,-1,Echolocation,/mnt/ubna_data_02_mir/recover-20221013/UBNA_001/20221012_030000.WAV,Telephone Field,recover-20221013,001,1795
1477.1895,1477.2256,68437,81521,Rhinolophus ferrumequinum,0.026,0.026,-1,Echolocation,/mnt/ubna_data_02_mir/recover-20221013/UBNA_001/20221012_030000.WAV,Telephone Field,recover-20221013,001,1795
1477.2065,1477.2474,68437,82795,Rhinolophus ferrumequinum,0.024,0.024,-1,Echolocation,/mnt/ubna_data_02_mir/recover-20221013/UBNA_001/20221012_030000.WAV,Telephone Field,recover-20221013,001,1795
1477.2185,1477.2574,68437,82753,Rhinolophus ferrumequinum,0.025,0.025,-1,Echolocation,/mnt/ubna_data_02_mir/recover-20221013/UBNA_001/20221012_030000.WAV,Telephone Field,recover-20221013,001,1795
1477.2645,1477.299,68437,81274,Rhinolophus ferrumequinum,0.022,0.022,-1,Echolocation,/mnt/ubna_data_02_mir/recover-20221013/UBNA_001/20221012_030000.WAV,Telephone Field,recover-20221013,001,1795
1477.2675,1477.2776,27187,35788,Eptesicus serotinus,0.012,0.027,-1,Echolocation,/mnt/ubna_data_02_mir/recover-20221013/UBNA_001/20221012_030000.WAV,Telephone Field,recover-20221013,001,1795
1477.2755,1477.2867,28906,34580,Eptesicus serotinus,0.016,0.033,-1,Echolocation,/mnt/ubna_data_02_mir/recover-20221013/UBNA_001/20221012_030000.WAV,Telephone Field,recover-20221013,001,1795
1477.2985,1477.339,68437,82443,Rhinolophus ferrumequinum,0.027,0.027,-1,Echolocation,/mnt/ubna_data_02_mir/recover-20221013/UBNA_001/20221012_030000.WAV,Telephone Field,recover-20221013,001,1795
1477.3475,1477.3571,27187,37313,Eptesicus serotinus,0.009,0.023,-1,Echolocation,/mnt/ubna_data_02_mir/recover-20221013/UBNA_001/20221012_030000.WAV,Telephone Field,recover-20221013,001,1795
1477.3485,1477.3854,68437,82509,Rhinolophus ferrumequinum,0.029,0.029,-1,Echolocation,/mnt/ubna_data_02_mir/recover-20221013/UBNA_001/20221012_030000.WAV,Telephone Field,recover-20221013,001,1795
1477.4015,1477.4415,68437,82622,Rhinolophus ferrumequinum,0.026,0.026,-1,Echolocation,/mnt/ubna_data_02_mir/recover-20221013/UBNA_001/20221012_030000.WAV,Telephone Field,recover-20221013,001,1795
1477.4375,1477.4779,68437,82786,Rhinolophus ferrumequinum,0.029,0.029,-1,Echolocation,/mnt/ubna_data_02_mir/recover-20221013/UBNA_001/20221012_030000.WAV,Telephone Field,recover-20221013,001,1795
1477.4485,1477.4588,28906,35934,Eptesicus serotinus,0.014,0.029,-1,Echolocation,/mnt/ubna_data_02_mir/recover-20221013/UBNA_001/20221012_030000.WAV,Telephone Field,recover-20221013,001,1795
1477.4545,1477.4952,68437,82451,Rhinolophus ferrumequinum,0.039,0.039,-1,Echolocation,/mnt/ubna_data_02_mir/recover-20221013/UBNA_001/20221012_030000.WAV,Telephone Field,recover-20221013,001,1795
1477.4745,1477.511,68437,82128,Rhinolophus ferrumequinum,0.025,0.025,-1,Echolocation,/mnt/ubna_data_02_mir/recover-20221013/UBNA_001/20221012_030000.WAV,Telephone Field,recover-20221013,001,1795
1477.4835,1477.4945,23750,29854,Nyctalus leisleri,0.011,0.026,-1,Echolocation,/mnt/ubna_data_02_mir/recover-20221013/UBNA_001/20221012_030000.WAV,Telephone Field,recover-20221013,001,1795
1477.5175,1477.5531,68437,81402,Rhinolophus ferrumequinum,0.023,0.023,-1,Echolocation,/mnt/ubna_data_02_mir/recover-20221013/UBNA_001/20221012_030000.WAV,Telephone Field,recover-20221013,001,1795
1477.5325,1477.5689,68437,82573,Rhinolophus ferrumequinum,0.031,0.031,-1,Echolocation,/mnt/ubna_data_02_mir/recover-20221013/UBNA_001/20221012_030000.WAV,Telephone Field,recover-20221013,001,1795
1477.5555,1477.5921,68437,82246,Rhinolophus ferrumequinum,0.026,0.026,-1,Echolocation,/mnt/ubna_data_02_mir/recover-20221013/UBNA_001/20221012_030000.WAV,Telephone Field,recover-20221013,001,1795
1477.5755,1477.6171,68437,82641,Rhinolophus ferrumequinum,0.025,0.025,-1,Echolocation,/mnt/ubna_data_02_mir/recover-20221013/UBNA_001/20221012_030000.WAV,Telephone Field,recover-20221013,001,1795
1477.6115,1477.6522,68437,82689,Rhinolophus ferrumequinum,0.032,0.032,-1,Echolocation,/mnt/ubna_data_02_mir/recover-20221013/UBNA_001/20221012_030000.WAV,Telephone Field,recover-20221013,001,1795
1477.6415,1477.651,27187,35799,Eptesicus serotinus,0.01,0.024,-1,Echolocation,/mnt/ubna_data_02_mir/recover-20221013/UBNA_001/20221012_030000.WAV,Telephone Field,recover-20221013,001,1795
1477.7065,1477.7414,68437,81189,Rhinolophus ferrumequinum,0.027,0.027,-1,Echolocation,/mnt/ubna_data_02_mir/recover-20221013/UBNA_001/20221012_030000.WAV,Telephone Field,recover-20221013,001,1795
1477.7225,1477.7608,68437,81829,Rhinolophus ferrumequinum,0.022,0.022,-1,Echolocation,/mnt/ubna_data_02_mir/recover-20221013/UBNA_001/20221012_030000.WAV,Telephone Field,recover-20221013,001,1795
1477.7295,1477.7672,68437,82013,Rhinolophus ferrumequinum,0.023,0.023,-1,Echolocation,/mnt/ubna_data_02_mir/recover-20221013/UBNA_001/20221012_030000.WAV,Telephone Field,recover-20221013,001,1795
1477.7795,1477.8191,68437,82228,Rhinolophus ferrumequinum,0.025,0.025,-1,Echolocation,/mnt/ubna_data_02_mir/recover-20221013/UBNA_001/20221012_030000.WAV,Telephone Field,recover-20221013,001,1795
1477.7855,1477.797,43515,51676,Pipistrellus pipistrellus,0.019,0.026,-1,Echolocation,/mnt/ubna_data_02_mir/recover-20221013/UBNA_001/20221012_030000.WAV,Telephone Field,recover-20221013,001,1795
1477.8415,1477.8826,68437,82955,Rhinolophus ferrumequinum,0.024,0.024,-1,Echolocation,/mnt/ubna_data_02_mir/recover-20221013/UBNA_001/20221012_030000.WAV,Telephone Field,recover-20221013,001,1795
1477.8615,1477.8978,68437,81801,Rhinolophus ferrumequinum,0.022,0.022,-1,Echolocation,/mnt/ubna_data_02_mir/recover-20221013/UBNA_001/20221012_030000.WAV,Telephone Field,recover-20221013,001,1795
1477.8985,1477.9089,28046,36218,Eptesicus serotinus,0.012,0.025,-1,Echolocation,/mnt/ubna_data_02_mir/recover-20221013/UBNA_001/20221012_030000.WAV,Telephone Field,recover-20221013,001,1795
1477.9075,1477.9171,28906,37954,Eptesicus serotinus,0.009,0.026,-1,Echolocation,/mnt/ubna_data_02_mir/recover-20221013/UBNA_001/20221012_030000.WAV,Telephone Field,recover-20221013,001,1795
1477.9195,1477.9557,68437,81802,Rhinolophus ferrumequinum,0.024,0.024,-1,Echolocation,/mnt/ubna_data_02_mir/recover-20221013/UBNA_001/20221012_030000.WAV,Telephone Field,recover-20221013,001,1795
1477.9825,1477.9909,27187,38223,Eptesicus serotinus,0.009,0.025,-1,Echolocation,/mnt/ubna_data_02_mir/recover-20221013/UBNA_001/20221012_030000.WAV,Telephone Field,recover-20221013,001,1795
1478.0015,1478.0095,25468,35103,Nyctalus leisleri,0.006,0.022,-1,Echolocation,/mnt/ubna_data_02_mir/recover-20221013/UBNA_001/20221012_030000.WAV,Telephone Field,recover-20221013,001,1795
1478.0015,1478.0305,70156,83700,Rhinolophus ferrumequinum,0.03,0.03,-1,Echolocation,/mnt/ubna_data_02_mir/recover-20221013/UBNA_001/20221012_030000.WAV,Telephone Field,recover-20221013,001,1795
1478.0015,1478.0112,47812,53134,Pipistrellus pipistrellus,0.016,0.022,-1,Echolocation,/mnt/ubna_data_02_mir/recover-20221013/UBNA_001/20221012_030000.WAV,Telephone Field,recover-20221013,001,1795
1478.0165,1478.0245,50390,56051,Pipistrellus pipistrellus,0.018,0.023,-1,Echolocation,/mnt/ubna_data_02_mir/recover-20221013/UBNA_001/20221012_030000.WAV,Telephone Field,recover-20221013,001,1795
1478.0455,1478.0833,68437,81223,Rhinolophus ferrumequinum,0.028,0.028,-1,Echolocation,/mnt/ubna_data_02_mir/recover-20221013/UBNA_001/20221012_030000.WAV,Telephone Field,recover-20221013,001,1795
1478.0655,1478.0734,28046,37462,Eptesicus serotinus,0.007,0.021,-1,Echolocation,/mnt/ubna_data_02_mir/recover-20221013/UBNA_001/20221012_030000.WAV,Telephone Field,recover-20221013,001,1795
1478.0715,1478.0831,22031,25846,Nyctalus leisleri,0.013,0.023,-1,Echolocation,/mnt/ubna_data_02_mir/recover-20221013/UBNA_001/20221012_030000.WAV,Telephone Field,recover-20221013,001,1795
1478.0855,1478.1195,68437,81799,Rhinolophus ferrumequinum,0.021,0.021,-1,Echolocation,/mnt/ubna_data_02_mir/recover-20221013/UBNA_001/20221012_030000.WAV,Telephone Field,recover-20221013,001,1795
1478.0855,1478.0953,22890,29676,Nyctalus leisleri,0.008,0.025,-1,Echolocation,/mnt/ubna_data_02_mir/recover-20221013/UBNA_001/20221012_030000.WAV,Telephone Field,recover-20221013,001,1795
1478.0925,1478.1279,68437,81773,Rhinolophus ferrumequinum,0.022,0.022,-1,Echolocation,/mnt/ubna_data_02_mir/recover-20221013/UBNA_001/20221012_030000.WAV,Telephone Field,recover-20221013,001,1795
1478.1055,1478.1422,68437,81823,Rhinolophus ferrumequinum,0.025,0.025,-1,Echolocation,/mnt/ubna_data_02_mir/recover-20221013/UBNA_001/20221012_030000.WAV,Telephone Field,recover-20221013,001,1795
1478.1205,1478.161,68437,82737,Rhinolophus ferrumequinum,0.022,0.022,-1,Echolocation,/mnt/ubna_data_02_mir/recover-20221013/UBNA_001/20221012_030000.WAV,Telephone Field,recover-20221013,001,1795
1478.1265,1478.1688,68437,82911,Rhinolophus ferrumequinum,0.022,0.022,-1,Echolocation,/mnt/ubna_data_02_mir/recover-20221013/UBNA_001/20221012_030000.WAV,Telephone Field,recover-20221013,001,1795
1478.1905,1478.1967,39218,55609,Myotis brandtii,0.006,0.021,-1,Echolocation,/mnt/ubna_data_02_mir/recover-20221013/UBNA_001/20221012_030000.WAV,Telephone Field,recover-20221013,001,1795
1478.1905,1478.2268,68437,81456,Rhinolophus ferrumequinum,0.038,0.038,-1,Echolocation,/mnt/ubna_data_02_mir/recover-20221013/UBNA_001/20221012_030000.WAV,Telephone Field,recover-20221013,001,1795
1478.1935,1478.2012,28046,46716,Eptesicus serotinus,0.007,0.021,-1,Echolocation,/mnt/ubna_data_02_mir/recover-20221013/UBNA_001/20221012_030000.WAV,Telephone Field,recover-20221013,001,1795
1478.2185,1478.26,68437,82439,Rhinolophus ferrumequinum,0.027,0.027,-1,Echolocation,/mnt/ubna_data_02_mir/recover-20221013/UBNA_001/20221012_030000.WAV,Telephone Field,recover-20221013,001,1795
1478.2215,1478.2296,28046,42408,Eptesicus serotinus,0.007,0.022,-1,Echolocation,/mnt/ubna_data_02_mir/recover-20221013/UBNA_001/20221012_030000.WAV,Telephone Field,recover-20221013,001,1795
1478.2975,1478.3375,68437,82309,Rhinolophus ferrumequinum,0.023,0.023,-1,Echolocation,/mnt/ubna_data_02_mir/recover-20221013/UBNA_001/20221012_030000.WAV,Telephone Field,recover-20221013,001,1795
1478.3125,1478.3233,41796,47411,Pipistrellus pipistrellus,0.02,0.033,-1,Echolocation,/mnt/ubna_data_02_mir/recover-20221013/UBNA_001/20221012_030000.WAV,Telephone Field,recover-20221013,001,1795
1478.3125,1478.3195,27187,42746,Eptesicus serotinus,0.007,0.026,-1,Echolocation,/mnt/ubna_data_02_mir/recover-20221013/UBNA_001/20221012_030000.WAV,Telephone Field,recover-20221013,001,1795
1478.3195,1478.361,68437,82800,Rhinolophus ferrumequinum,0.033,0.033,-1,Echolocation,/mnt/ubna_data_02_mir/recover-20221013/UBNA_001/20221012_030000.WAV,Telephone Field,recover-20221013,001,1795
1478.3275,1478.3666,68437,82237,Rhinolophus ferrumequinum,0.03,0.03,-1,Echolocation,/mnt/ubna_data_02_mir/recover-20221013/UBNA_001/20221012_030000.WAV,Telephone Field,recover-20221013,001,1795
1478.3525,1478.3931,68437,82744,Rhinolophus ferrumequinum,0.024,0.024,-1,Echolocation,/mnt/ubna_data_02_mir/recover-20221013/UBNA_001/20221012_030000.WAV,Telephone Field,recover-20221013,001,1795
1478.3865,1478.4283,68437,82756,Rhinolophus ferrumequinum,0.034,0.034,-1,Echolocation,/mnt/ubna_data_02_mir/recover-20221013/UBNA_001/20221012_030000.WAV,Telephone Field,recover-20221013,001,1795
1478.3985,1478.4108,57265,62066,Pipistrellus pygmaeus,0.021,0.021,-1,Echolocation,/mnt/ubna_data_02_mir/recover-20221013/UBNA_001/20221012_030000.WAV,Telephone Field,recover-20221013,001,1795
1478.4255,1478.431,39218,54560,Myotis brandtii,0.008,0.027,-1,Echolocation,/mnt/ubna_data_02_mir/recover-20221013/UBNA_001/20221012_030000.WAV,Telephone Field,recover-20221013,001,1795
1478.4805,1478.4888,28046,38699,Eptesicus serotinus,0.008,0.022,-1,Echolocation,/mnt/ubna_data_02_mir/recover-20221013/UBNA_001/20221012_030000.WAV,Telephone Field,recover-20221013,001,1795
1478.4875,1478.4952,28046,39372,Eptesicus serotinus,0.007,0.023,-1,Echolocation,/mnt/ubna_data_02_mir/recover-20221013/UBNA_001/20221012_030000.WAV,Telephone Field,recover-20221013,001,1795
1478.5085,1478.5468,68437,81940,Rhinolophus ferrumequinum,0.022,0.022,-1,Echolocation,/mnt/ubna_data_02_mir/recover-20221013/UBNA_001/20221012_030000.WAV,Telephone Field,recover-20221013,001,1795
1478.5425,1478.5496,28906,40351,Eptesicus serotinus,0.008,0.028,-1,Echolocation,/mnt/ubna_data_02_mir/recover-20221013/UBNA_001/20221012_030000.WAV,Telephone Field,recover-20221013,001,1795
1478.5505,1478.5889,68437,82185,Rhinolophus ferrumequinum,0.024,0.024,-1,Echolocation,/mnt/ubna_data_02_mir/recover-20221013/UBNA_001/20221012_030000.WAV,Telephone Field,recover-20221013,001,1795
1478.5635,1478.6028,68437,82093,Rhinolophus ferrumequinum,0.022,0.022,-1,Echolocation,/mnt/ubna_data_02_mir/recover-20221013/UBNA_001/20221012_030000.WAV,Telephone Field,recover-20221013,001,1795
1478.5915,1478.6001,28046,37660,Eptesicus serotinus,0.009,0.026,-1,Echolocation,/mnt/ubna_data_02_mir/recover-20221013/UBNA_001/20221012_030000.WAV,Telephone Field,recover-20221013,001,1795
1478.6215,1478.6617,68437,82849,Rhinolophus ferrumequinum,0.025,0.025,-1,Echolocation,/mnt/ubna_data_02_mir/recover-20221013/UBNA_001/20221012_030000.WAV,Telephone Field,recover-20221013,001,1795
1478.6285,1478.6652,68437,81854,Rhinolophus ferrumequinum,0.023,0.023,-1,Echolocation,/mnt/ubna_data_02_mir/recover-20221013/UBNA_001/20221012_030000.WAV,Telephone Field,recover-20221013,001,1795
1478.7075,1478.7472,68437,82459,Rhinolophus ferrumequinum,0.025,0.025,-1,Echolocation,/mnt/ubna_data_02_mir/recover-20221013/UBNA_001/20221012_030000.WAV,Telephone Field,recover-20221013,001,1795
1478.7085,1478.7185,27187,34747,Eptesicus serotinus,0.013,0.028,-1,Echolocation,/mnt/ubna_data_02_mir/recover-20221013/UBNA_001/20221012_030000.WAV,Telephone Field,recover-20221013,001,1795
1478.7515,1478.7891,68437,81989,Rhinolophus ferrumequinum,0.032,0.032,-1,Echolocation,/mnt/ubna_data_02_mir/recover-20221013/UBNA_001/20221012_030000.WAV,Telephone Field,recover-20221013,001,1795
1478.7725,1478.8077,68437,81575,Rhinolophus ferrumequinum,0.023,0.023,-1,Echolocation,/mnt/ubna_data_02_mir/recover-20221013/UBNA_001/20221012_030000.WAV,Telephone Field,recover-20221013,001,1795
1478.7745,1478.7821,25468,36360,Eptesicus serotinus,0.005,0.022,-1,Echolocation,/mnt/ubna_data_02_mir/recover-20221013/UBNA_001/20221012_030000.WAV,Telephone Field,recover-20221013,001,1795
1478.8245,1478.8355999999999,22890,27332,Nyctalus leisleri,0.011,0.021,-1,Echolocation,/mnt/ubna_data_02_mir/recover-20221013/UBNA_001/20221012_030000.WAV,Telephone Field,recover-20221013,001,1795
1478.8275,1478.8684,68437,82227,Rhinolophus ferrumequinum,0.026,0.026,-1,Echolocation,/mnt/ubna_data_02_mir/recover-20221013/UBNA_001/20221012_030000.WAV,Telephone Field,recover-20221013,001,1795
1478.8335,1478.8717,68437,82556,Rhinolophus ferrumequinum,0.025,0.025,-1,Echolocation,/mnt/ubna_data_02_mir/recover-20221013/UBNA_001/20221012_030000.WAV,Telephone Field,recover-20221013,001,1795
1478.8825,1478.9242,68437,82528,Rhinolophus ferrumequinum,0.025,0.025,-1,Echolocation,/mnt/ubna_data_02_mir/recover-20221013/UBNA_001/20221012_030000.WAV,Telephone Field,recover-20221013,001,1795
1478.9135,1478.9509,68437,82126,Rhinolophus ferrumequinum,0.03,0.031,-1,Echolocation,/mnt/ubna_data_02_mir/recover-20221013/UBNA_001/20221012_030000.WAV,Telephone Field,recover-20221013,001,1795
1478.9445,1478.9533,28046,41691,Eptesicus serotinus,0.008,0.021,-1,Echolocation,/mnt/ubna_data_02_mir/recover-20221013/UBNA_001/20221012_030000.WAV,Telephone Field,recover-20221013,001,1795
1478.9485,1478.9879,68437,82153,Rhinolophus ferrumequinum,0.021,0.021,-1,Echolocation,/mnt/ubna_data_02_mir/recover-20221013/UBNA_001/20221012_030000.WAV,Telephone Field,recover-20221013,001,1795
1478.9525,1478.9616,46093,49484,Pipistrellus pipistrellus,0.088,0.094,-1,Echolocation,/mnt/ubna_data_02_mir/recover-20221013/UBNA_001/20221012_030000.WAV,Telephone Field,recover-20221013,001,1795
1478.9725,1479.0117,68437,82255,Rhinolophus ferrumequinum,0.022,0.022,-1,Echolocation,/mnt/ubna_data_02_mir/recover-20221013/UBNA_001/20221012_030000.WAV,Telephone Field,recover-20221013,001,1795
1478.9965,1479.0324,68437,80761,Rhinolophus ferrumequinum,0.023,0.023,-1,Echolocation,/mnt/ubna_data_02_mir/recover-20221013/UBNA_001/20221012_030000.WAV,Telephone Field,recover-20221013,001,1795
1479.0055,1479.0134,45234,54870,Pipistrellus pipistrellus,0.023,0.027,-1,Echolocation,/mnt/ubna_data_02_mir/recover-20221013/UBNA_001/20221012_030000.WAV,Telephone Field,recover-20221013,001,1795
1479.0075,1479.0425,68437,80568,Rhinolophus ferrumequinum,0.026,0.027,-1,Echolocation,/mnt/ubna_data_02_mir/recover-20221013/UBNA_001/20221012_030000.WAV,Telephone Field,recover-20221013,001,1795
1479.0375,1479.0751,68437,81808,Rhinolophus ferrumequinum,0.022,0.022,-1,Echolocation,/mnt/ubna_data_02_mir/recover-20221013/UBNA_001/20221012_030000.WAV,Telephone Field,recover-20221013,001,1795
1479.0565,1479.0929,68437,81797,Rhinolophus ferrumequinum,0.021,0.021,-1,Echolocation,/mnt/ubna_data_02_mir/recover-20221013/UBNA_001/20221012_030000.WAV,Telephone Field,recover-20221013,001,1795
1479.0815,1479.091,28906,36858,Eptesicus serotinus,0.008,0.023,-1,Echolocation,/mnt/ubna_data_02_mir/recover-20221013/UBNA_001/20221012_030000.WAV,Telephone Field,recover-20221013,001,1795
1479.0945,1479.1328,68437,82335,Rhinolophus ferrumequinum,0.026,0.026,-1,Echolocation,/mnt/ubna_data_02_mir/recover-20221013/UBNA_001/20221012_030000.WAV,Telephone Field,recover-20221013,001,1795
1479.1175,1479.1547,68437,81482,Rhinolophus ferrumequinum,0.022,0.022,-1,Echolocation,/mnt/ubna_data_02_mir/recover-20221013/UBNA_001/20221012_030000.WAV,Telephone Field,recover-20221013,001,1795
1479.1395,1479.1775,68437,81329,Rhinolophus ferrumequinum,0.021,0.021,-1,Echolocation,/mnt/ubna_data_02_mir/recover-20221013/UBNA_001/20221012_030000.WAV,Telephone Field,recover-20221013,001,1795
1479.1565,1479.188,68437,80423,Rhinolophus ferrumequinum,0.026,0.026,-1,Echolocation,/mnt/ubna_data_02_mir/recover-20221013/UBNA_001/20221012_030000.WAV,Telephone Field,recover-20221013,001,1795
1479.1665,1479.1744,28046,41229,Eptesicus serotinus,0.007,0.023,-1,Echolocation,/mnt/ubna_data_02_mir/recover-20221013/UBNA_001/20221012_030000.WAV,Telephone Field,recover-20221013,001,1795
1479.1785,1479.1881,28906,37093,Eptesicus serotinus,0.009,0.023,-1,Echolocation,/mnt/ubna_data_02_mir/recover-20221013/UBNA_001/20221012_030000.WAV,Telephone Field,recover-20221013,001,1795
1479.1955,1479.2031,28046,40208,Eptesicus serotinus,0.008,0.025,-1,Echolocation,/mnt/ubna_data_02_mir/recover-20221013/UBNA_001/20221012_030000.WAV,Telephone Field,recover-20221013,001,1795
1479.2055,1479.2434,68437,81961,Rhinolophus ferrumequinum,0.021,0.021,-1,Echolocation,/mnt/ubna_data_02_mir/recover-20221013/UBNA_001/20221012_030000.WAV,Telephone Field,recover-20221013,001,1795
1479.2375,1479.2462,23750,32301,Plecotus austriacus,0.007,0.021,-1,Echolocation,/mnt/ubna_data_02_mir/recover-20221013/UBNA_001/20221012_030000.WAV,Telephone Field,recover-20221013,001,1795
1479.2915,1479.334,68437,82523,Rhinolophus ferrumequinum,0.023,0.023,-1,Echolocation,/mnt/ubna_data_02_mir/recover-20221013/UBNA_001/20221012_030000.WAV,Telephone Field,recover-20221013,001,1795
1479.2995,1479.3069,24609,37282,Plecotus austriacus,0.006,0.022,-1,Echolocation,/mnt/ubna_data_02_mir/recover-20221013/UBNA_001/20221012_030000.WAV,Telephone Field,recover-20221013,001,1795
1479.3185,1479.3561,68437,81722,Rhinolophus ferrumequinum,0.024,0.024,-1,Echolocation,/mnt/ubna_data_02_mir/recover-20221013/UBNA_001/20221012_030000.WAV,Telephone Field,recover-20221013,001,1795
1479.3215,1479.3287,52109,57961,Pipistrellus pipistrellus,0.018,0.022,-1,Echolocation,/mnt/ubna_data_02_mir/recover-20221013/UBNA_001/20221012_030000.WAV,Telephone Field,recover-20221013,001,1795
1479.3245,1479.3329,27187,36308,Eptesicus serotinus,0.009,0.024,-1,Echolocation,/mnt/ubna_data_02_mir/recover-20221013/UBNA_001/20221012_030000.WAV,Telephone Field,recover-20221013,001,1795
1479.3545,1479.3615,25468,38258,Plecotus austriacus,0.007,0.025,-1,Echolocation,/mnt/ubna_data_02_mir/recover-20221013/UBNA_001/20221012_030000.WAV,Telephone Field,recover-20221013,001,1795
1479.3565,1479.3958,68437,82625,Rhinolophus ferrumequinum,0.021,0.021,-1,Echolocation,/mnt/ubna_data_02_mir/recover-20221013/UBNA_001/20221012_030000.WAV,Telephone Field,recover-20221013,001,1795
1479.3735,1479.4093,68437,81659,Rhinolophus ferrumequinum,0.021,0.021,-1,Echolocation,/mnt/ubna_data_02_mir/recover-20221013/UBNA_001/20221012_030000.WAV,Telephone Field,recover-20221013,001,1795
1479.3845,1479.3956,22890,27994,Nyctalus leisleri,0.011,0.022,-1,Echolocation,/mnt/ubna_data_02_mir/recover-20221013/UBNA_001/20221012_030000.WAV,Telephone Field,recover-20221013,001,1795
1479.4015,1479.4408,68437,82319,Rhinolophus ferrumequinum,0.021,0.021,-1,Echolocation,/mnt/ubna_data_02_mir/recover-20221013/UBNA_001/20221012_030000.WAV,Telephone Field,recover-20221013,001,1795
1479.4115,1479.4183,40937,53871,Myotis brandtii,0.005,0.022,-1,Echolocation,/mnt/ubna_data_02_mir/recover-20221013/UBNA_001/20221012_030000.WAV,Telephone Field,recover-20221013,001,1795
1479.4155,1479.425,25468,33421,Eptesicus serotinus,0.008,0.023,-1,Echolocation,/mnt/ubna_data_02_mir/recover-20221013/UBNA_001/20221012_030000.WAV,Telephone Field,recover-20221013,001,1795
1479.4505,1479.4857,68437,81915,Rhinolophus ferrumequinum,0.024,0.024,-1,Echolocation,/mnt/ubna_data_02_mir/recover-20221013/UBNA_001/20221012_030000.WAV,Telephone Field,recover-20221013,001,1795
1479.4675,1479.508,68437,82052,Rhinolophus ferrumequinum,0.023,0.023,-1,Echolocation,/mnt/ubna_data_02_mir/recover-20221013/UBNA_001/20221012_030000.WAV,Telephone Field,recover-20221013,001,1795
1479.4885,1479.5294,68437,82095,Rhinolophus ferrumequinum,0.022,0.022,-1,Echolocation,/mnt/ubna_data_02_mir/recover-20221013/UBNA_001/20221012_030000.WAV,Telephone Field,recover-20221013,001,1795
1479.4945,1479.5355,68437,82966,Rhinolophus ferrumequinum,0.024,0.024,-1,Echolocation,/mnt/ubna_data_02_mir/recover-20221013/UBNA_001/20221012_030000.WAV,Telephone Field,recover-20221013,001,1795
1479.4965,1479.5046,28046,41499,Eptesicus serotinus,0.01,0.03,-1,Echolocation,/mnt/ubna_data_02_mir/recover-20221013/UBNA_001/20221012_030000.WAV,Telephone Field,recover-20221013,001,1795
1479.5205,1479.5583,68437,81073,Rhinolophus ferrumequinum,0.022,0.022,-1,Echolocation,/mnt/ubna_data_02_mir/recover-20221013/UBNA_001/20221012_030000.WAV,Telephone Field,recover-20221013,001,1795
1479.5295,1479.5386,24609,32842,Nyctalus leisleri,0.006,0.022,-1,Echolocation,/mnt/ubna_data_02_mir/recover-20221013/UBNA_001/20221012_030000.WAV,Telephone Field,recover-20221013,001,1795
1479.5295,1479.5722,68437,82517,Rhinolophus ferrumequinum,0.028,0.028,-1,Echolocation,/mnt/ubna_data_02_mir/recover-20221013/UBNA_001/20221012_030000.WAV,Telephone Field,recover-20221013,001,1795
1479.5905,1479.5988,22890,30787,Plecotus austriacus,0.01,0.024,-1,Echolocation,/mnt/ubna_data_02_mir/recover-20221013/UBNA_001/20221012_030000.WAV,Telephone Field,recover-20221013,001,1795
1479.5905,1479.6011,44375,47929,Pipistrellus pipistrellus,0.027,0.03,-1,Echolocation,/mnt/ubna_data_02_mir/recover-20221013/UBNA_001/20221012_030000.WAV,Telephone Field,recover-20221013,001,1795
1479.5945,1479.6295,68437,81859,Rhinolophus ferrumequinum,0.022,0.022,-1,Echolocation,/mnt/ubna_data_02_mir/recover-20221013/UBNA_001/20221012_030000.WAV,Telephone Field,recover-20221013,001,1795
1479.6045,1479.644,68437,82377,Rhinolophus ferrumequinum,0.025,0.025,-1,Echolocation,/mnt/ubna_data_02_mir/recover-20221013/UBNA_001/20221012_030000.WAV,Telephone Field,recover-20221013,001,1795
1479.6395,1479.6795,68437,82188,Rhinolophus ferrumequinum,0.024,0.024,-1,Echolocation,/mnt/ubna_data_02_mir/recover-20221013/UBNA_001/20221012_030000.WAV,Telephone Field,recover-20221013,001,1795
1479.6445,1479.6522,24609,37054,Plecotus austriacus,0.007,0.023,-1,Echolocation,/mnt/ubna_data_02_mir/recover-20221013/UBNA_001/20221012_030000.WAV,Telephone Field,recover-20221013,001,1795
1479.6755,1479.7134,68437,82152,Rhinolophus ferrumequinum,0.021,0.021,-1,Echolocation,/mnt/ubna_data_02_mir/recover-20221013/UBNA_001/20221012_030000.WAV,Telephone Field,recover-20221013,001,1795
1479.7025,1479.7417,68437,82496,Rhinolophus ferrumequinum,0.022,0.022,-1,Echolocation,/mnt/ubna_data_02_mir/recover-20221013/UBNA_001/20221012_030000.WAV,Telephone Field,recover-20221013,001,1795
1479.7225,1479.7636,68437,82418,Rhinolophus ferrumequinum,0.024,0.024,-1,Echolocation,/mnt/ubna_data_02_mir/recover-20221013/UBNA_001/20221012_030000.WAV,Telephone Field,recover-20221013,001,1795
1479.7415,1479.7804,68437,81797,Rhinolophus ferrumequinum,0.022,0.022,-1,Echolocation,/mnt/ubna_data_02_mir/recover-20221013/UBNA_001/20221012_030000.WAV,Telephone Field,recover-20221013,001,1795
1479.7585,1479.7663,39218,50273,Pipistrellus nathusii,0.005,0.021,-1,Echolocation,/mnt/ubna_data_02_mir/recover-20221013/UBNA_001/20221012_030000.WAV,Telephone Field,recover-20221013,001,1795
1479.7735,1479.8117,68437,82461,Rhinolophus ferrumequinum,0.023,0.023,-1,Echolocation,/mnt/ubna_data_02_mir/recover-20221013/UBNA_001/20221012_030000.WAV,Telephone Field,recover-20221013,001,1795
1479.7815,1479.8225,68437,83000,Rhinolophus ferrumequinum,0.024,0.024,-1,Echolocation,/mnt/ubna_data_02_mir/recover-20221013/UBNA_001/20221012_030000.WAV,Telephone Field,recover-20221013,001,1795
1479.8085,1479.8466,68437,81720,Rhinolophus ferrumequinum,0.027,0.027,-1,Echolocation,/mnt/ubna_data_02_mir/recover-20221013/UBNA_001/20221012_030000.WAV,Telephone Field,recover-20221013,001,1795
1479.8155,1479.8253,42656,49101,Pipistrellus pipistrellus,0.02,0.025,-1,Echolocation,/mnt/ubna_data_02_mir/recover-20221013/UBNA_001/20221012_030000.WAV,Telephone Field,recover-20221013,001,1795
1479.8205,1479.8281,28906,44119,Eptesicus serotinus,0.007,0.023,-1,Echolocation,/mnt/ubna_data_02_mir/recover-20221013/UBNA_001/20221012_030000.WAV,Telephone Field,recover-20221013,001,1795
1479.8415,1479.8817,68437,82313,Rhinolophus ferrumequinum,0.023,0.023,-1,Echolocation,/mnt/ubna_data_02_mir/recover-20221013/UBNA_001/20221012_030000.WAV,Telephone Field,recover-20221013,001,1795
1479.8715,1479.9112,68437,82208,Rhinolophus ferrumequinum,0.022,0.022,-1,Echolocation,/mnt/ubna_data_02_mir/recover-20221013/UBNA_001/20221012_030000.WAV,Telephone Field,recover-20221013,001,1795
1479.9315,1479.9704,68437,82579,Rhinolophus ferrumequinum,0.026,0.026,-1,Echolocation,/mnt/ubna_data_02_mir/recover-20221013/UBNA_001/20221012_030000.WAV,Telephone Field,recover-20221013,001,1795
1479.9345,1479.9429,27187,47600,Eptesicus serotinus,0.008,0.022,-1,Echolocation,/mnt/ubna_data_02_mir/recover-20221013/UBNA_001/20221012_030000.WAV,Telephone Field,recover-20221013,001,1795
1479.9485,1479.9586,28906,36258,Eptesicus serotinus,0.009,0.024,-1,Echolocation,/mnt/ubna_data_02_mir/recover-20221013/UBNA_001/20221012_030000.WAV,Telephone Field,recover-20221013,001,1795
1479.9845,1479.9926,27187,38610,Eptesicus serotinus,0.008,0.025,-1,Echolocation,/mnt/ubna_data_02_mir/recover-20221013/UBNA_001/20221012_030000.WAV,Telephone Field,recover-20221013,001,1795
1480.0015,1480.012,22031,27430,Nyctalus leisleri,0.009,0.022,-1,Echolocation,/mnt/ubna_data_02_mir/recover-20221013/UBNA_001/20221012_030000.WAV,Telephone Field,recover-20221013,001,1795
1480.0015,1480.0303,69296,81167,Rhinolophus ferrumequinum,0.022,0.022,-1,Echolocation,/mnt/ubna_data_02_mir/recover-20221013/UBNA_001/20221012_030000.WAV,Telephone Field,recover-20221013,001,1795
1480.0015,1480.0089,46093,54182,Pipistrellus pipistrellus,0.016,0.021,-1,Echolocation,/mnt/ubna_data_02_mir/recover-20221013/UBNA_001/20221012_030000.WAV,Telephone Field,recover-20221013,001,1795
1480.0345,1480.0412,33203,41491,Myotis daubentonii,0.009,0.023,-1,Echolocation,/mnt/ubna_data_02_mir/recover-20221013/UBNA_001/20221012_030000.WAV,Telephone Field,recover-20221013,001,1795
1480.0345,1480.072,68437,81581,Rhinolophus ferrumequinum,0.031,0.031,-1,Echolocation,/mnt/ubna_data_02_mir/recover-20221013/UBNA_001/20221012_030000.WAV,Telephone Field,recover-20221013,001,1795
1480.0555,1480.0638,28906,39995,Eptesicus serotinus,0.007,0.023,-1,Echolocation,/mnt/ubna_data_02_mir/recover-20221013/UBNA_001/20221012_030000.WAV,Telephone Field,recover-20221013,001,1795
1480.0775,1480.1149,68437,81304,Rhinolophus ferrumequinum,0.022,0.023,-1,Echolocation,/mnt/ubna_data_02_mir/recover-20221013/UBNA_001/20221012_030000.WAV,Telephone Field,recover-20221013,001,1795
1480.1105,1480.1508,68437,82607,Rhinolophus ferrumequinum,0.022,0.022,-1,Echolocation,/mnt/ubna_data_02_mir/recover-20221013/UBNA_001/20221012_030000.WAV,Telephone Field,recover-20221013,001,1795
1480.1305,1480.1704,68437,82033,Rhinolophus ferrumequinum,0.026,0.026,-1,Echolocation,/mnt/ubna_data_02_mir/recover-20221013/UBNA_001/20221012_030000.WAV,Telephone Field,recover-20221013,001,1795
1480.1655,1480.204,68437,82027,Rhinolophus ferrumequinum,0.021,0.021,-1,Echolocation,/mnt/ubna_data_02_mir/recover-20221013/UBNA_001/20221012_030000.WAV,Telephone Field,recover-20221013,001,1795
1480.1815,1480.2191,68437,82161,Rhinolophus ferrumequinum,0.022,0.022,-1,Echolocation,/mnt/ubna_data_02_mir/recover-20221013/UBNA_001/20221012_030000.WAV,Telephone Field,recover-20221013,001,1795
1480.1965,1480.2037,23750,32327,Plecotus austriacus,0.012,0.026,-1,Echolocation,/mnt/ubna_data_02_mir/recover-20221013/UBNA_001/20221012_030000.WAV,Telephone Field,recover-20221013,001,1795
1480.2235,1480.2608,68437,82295,Rhinolophus ferrumequinum,0.027,0.027,-1,Echolocation,/mnt/ubna_data_02_mir/recover-20221013/UBNA_001/20221012_030000.WAV,Telephone Field,recover-20221013,001,1795
1480.2325,1480.242,24609,32226,Eptesicus serotinus,0.008,0.023,-1,Echolocation,/mnt/ubna_data_02_mir/recover-20221013/UBNA_001/20221012_030000.WAV,Telephone Field,recover-20221013,001,1795
1480.2395,1480.2487,27187,34685,Eptesicus serotinus,0.01,0.022,-1,Echolocation,/mnt/ubna_data_02_mir/recover-20221013/UBNA_001/20221012_030000.WAV,Telephone Field,recover-20221013,001,1795
1480.2605,1480.2989,68437,81623,Rhinolophus ferrumequinum,0.021,0.021,-1,Echolocation,/mnt/ubna_data_02_mir/recover-20221013/UBNA_001/20221012_030000.WAV,Telephone Field,recover-20221013,001,1795
1480.2755,1480.315,68437,82202,Rhinolophus ferrumequinum,0.022,0.022,-1,Echolocation,/mnt/ubna_data_02_mir/recover-20221013/UBNA_001/20221012_030000.WAV,Telephone Field,recover-20221013,001,1795
1480.3075,1480.3152,27187,39850,Eptesicus serotinus,0.007,0.023,-1,Echolocation,/mnt/ubna_data_02_mir/recover-20221013/UBNA_001/20221012_030000.WAV,Telephone Field,recover-20221013,001,1795
1480.3375,1480.38,68437,82613,Rhinolophus ferrumequinum,0.032,0.032,-1,Echolocation,/mnt/ubna_data_02_mir/recover-20221013/UBNA_001/20221012_030000.WAV,Telephone Field,recover-20221013,001,1795
1480.3665,1480.3738,28906,40597,Eptesicus serotinus,0.008,0.026,-1,Echolocation,/mnt/ubna_data_02_mir/recover-20221013/UBNA_001/20221012_030000.WAV,Telephone Field,recover-20221013,001,1795
1480.3745,1480.3834,25468,33427,Eptesicus serotinus,0.007,0.023,-1,Echolocation,/mnt/ubna_data_02_mir/recover-20221013/UBNA_001/20221012_030000.WAV,Telephone Field,recover-20221013,001,1795
1480.3855,1480.4013,22031,25140,Nyctalus leisleri,0.017,0.026,-1,Echolocation,/mnt/ubna_data_02_mir/recover-20221013/UBNA_001/20221012_030000.WAV,Telephone Field,recover-20221013,001,1795
1480.4025,1480.4106,24609,35124,Plecotus austriacus,0.01,0.03,-1,Echolocation,/mnt/ubna_data_02_mir/recover-20221013/UBNA_001/20221012_030000.WAV,Telephone Field,recover-20221013,001,1795
1480.4325,1480.472,68437,83004,Rhinolophus ferrumequinum,0.025,0.025,-1,Echolocation,/mnt/ubna_data_02_mir/recover-20221013/UBNA_001/20221012_030000.WAV,Telephone Field,recover-20221013,001,1795
1480.4475,1480.4864,68437,81647,Rhinolophus ferrumequinum,0.021,0.021,-1,Echolocation,/mnt/ubna_data_02_mir/recover-20221013/UBNA_001/20221012_030000.WAV,Telephone Field,recover-20221013,001,1795
1480.4575,1480.4962,68437,81825,Rhinolophus ferrumequinum,0.024,0.024,-1,Echolocation,/mnt/ubna_data_02_mir/recover-20221013/UBNA_001/20221012_030000.WAV,Telephone Field,recover-20221013,001,1795
1480.4605,1480.4721,22890,27592,Nyctalus leisleri,0.014,0.025,-1,Echolocation,/mnt/ubna_data_02_mir/recover-20221013/UBNA_001/20221012_030000.WAV,Telephone Field,recover-20221013,001,1795
1480.4795,1480.4905,28046,35876,Eptesicus serotinus,0.011,0.024,-1,Echolocation,/mnt/ubna_data_02_mir/recover-20221013/UBNA_001/20221012_030000.WAV,Telephone Field,recover-20221013,001,1795
1480.4875,1480.4942,23750,32793,Plecotus austriacus,0.013,0.026,-1,Echolocation,/mnt/ubna_data_02_mir/recover-20221013/UBNA_001/20221012_030000.WAV,Telephone Field,recover-20221013,001,1795
1480.5155,1480.5233,28046,39813,Eptesicus serotinus,0.007,0.025,-1,Echolocation,/mnt/ubna_data_02_mir/recover-20221013/UBNA_001/20221012_030000.WAV,Telephone Field,recover-20221013,001,1795
1480.5225,1480.5531,68437,79635,Rhinolophus ferrumequinum,0.023,0.023,-1,Echolocation,/mnt/ubna_data_02_mir/recover-20221013/UBNA_001/20221012_030000.WAV,Telephone Field,recover-20221013,001,1795
1480.5325,1480.5673,68437,81107,Rhinolophus ferrumequinum,0.022,0.022,-1,Echolocation,/mnt/ubna_data_02_mir/recover-20221013/UBNA_001/20221012_030000.WAV,Telephone Field,recover-20221013,001,1795
1480.5635,1480.6027,68437,82531,Rhinolophus ferrumequinum,0.031,0.032,-1,Echolocation,/mnt/ubna_data_02_mir/recover-20221013/UBNA_001/20221012_030000.WAV,Telephone Field,recover-20221013,001,1795
1480.5645,1480.5721,28906,38714,Eptesicus serotinus,0.007,0.024,-1,Echolocation,/mnt/ubna_data_02_mir/recover-20221013/UBNA_001/20221012_030000.WAV,Telephone Field,recover-20221013,001,1795
1480.5925,1480.6112,21171,24232,Nyctalus leisleri,0.019,0.031,-1,Echolocation,/mnt/ubna_data_02_mir/recover-20221013/UBNA_001/20221012_030000.WAV,Telephone Field,recover-20221013,001,1795
1480.6065,1480.6446,68437,81567,Rhinolophus ferrumequinum,0.026,0.026,-1,Echolocation,/mnt/ubna_data_02_mir/recover-20221013/UBNA_001/20221012_030000.WAV,Telephone Field,recover-20221013,001,1795
1480.6115,1480.6204,29765,38485,Eptesicus serotinus,0.007,0.024,-1,Echolocation,/mnt/ubna_data_02_mir/recover-20221013/UBNA_001/20221012_030000.WAV,Telephone Field,recover-20221013,001,1795
1480.6285,1480.6369,22890,29622,Plecotus austriacus,0.008,0.021,-1,Echolocation,/mnt/ubna_data_02_mir/recover-20221013/UBNA_001/20221012_030000.WAV,Telephone Field,recover-20221013,001,1795
1480.6575,1480.6922,68437,81126,Rhinolophus ferrumequinum,0.029,0.029,-1,Echolocation,/mnt/ubna_data_02_mir/recover-20221013/UBNA_001/20221012_030000.WAV,Telephone Field,recover-20221013,001,1795
1480.6595,1480.668,22890,30156,Plecotus austriacus,0.01,0.025,-1,Echolocation,/mnt/ubna_data_02_mir/recover-20221013/UBNA_001/20221012_030000.WAV,Telephone Field,recover-20221013,001,1795
1480.6805,1480.7178,68437,81273,Rhinolophus ferrumequinum,0.04,0.04,-1,Echolocation,/mnt/ubna_data_02_mir/recover-20221013/UBNA_001/20221012_030000.WAV,Telephone Field,recover-20221013,001,1795
1480.6965,1480.7035,22890,31126,Plecotus austriacus,0.012,0.024,-1,Echolocation,/mnt/ubna_data_02_mir/recover-20221013/UBNA_001/20221012_030000.WAV,Telephone Field,recover-20221013,001,1795
1480.7175,1480.7573,68437,82679,Rhinolophus ferrumequinum,0.021,0.021,-1,Echolocation,/mnt/ubna_data_02_mir/recover-20221013/UBNA_001/20221012_030000.WAV,Telephone Field,recover-20221013,001,1795
1480.7475,1480.7551,51250,59689,Pipistrellus pipistrellus,0.017,0.021,-1,Echolocation,/mnt/ubna_data_02_mir/recover-20221013/UBNA_001/20221012_030000.WAV,Telephone Field,recover-20221013,001,1795
1480.7495,1480.7882,68437,81719,Rhinolophus ferrumequinum,0.023,0.024,-1,Echolocation,/mnt/ubna_data_02_mir/recover-20221013/UBNA_001/20221012_030000.WAV,Telephone Field,recover-20221013,001,1795
1480.7675,1480.8077,68437,81718,Rhinolophus ferrumequinum,0.021,0.021,-1,Echolocation,/mnt/ubna_data_02_mir/recover-20221013/UBNA_001/20221012_030000.WAV,Telephone Field,recover-20221013,001,1795
1480.7725,1480.8126,68437,82257,Rhinolophus ferrumequinum,0.022,0.022,-1,Echolocation,/mnt/ubna_data_02_mir/recover-20221013/UBNA_001/20221012_030000.WAV,Telephone Field,recover-20221013,001,1795
1480.7985,1480.8362,68437,81436,Rhinolophus ferrumequinum,0.022,0.022,-1,Echolocation,/mnt/ubna_data_02_mir/recover-20221013/UBNA_001/20221012_030000.WAV,Telephone Field,recover-20221013,001,1795
1480.8255,1480.8642,68437,81815,Rhinolophus ferrumequinum,0.023,0.023,-1,Echolocation,/mnt/ubna_data_02_mir/recover-20221013/UBNA_001/20221012_030000.WAV,Telephone Field,recover-20221013,001,1795
1480.8325,1480.8737,68437,82300,Rhinolophus ferrumequinum,0.022,0.023,-1,Echolocation,/mnt/ubna_data_02_mir/recover-20221013/UBNA_001/20221012_030000.WAV,Telephone Field,recover-20221013,001,1795
1480.8865,1480.8942,27187,38549,Eptesicus serotinus,0.007,0.022,-1,Echolocation,/mnt/ubna_data_02_mir/recover-20221013/UBNA_001/20221012_030000.WAV,Telephone Field,recover-20221013,001,1795
1480.8915,1480.9322,68437,82742,Rhinolophus ferrumequinum,0.03,0.03,-1,Echolocation,/mnt/ubna_data_02_mir/recover-20221013/UBNA_001/20221012_030000.WAV,Telephone Field,recover-20221013,001,1795
1480.9185,1480.9597,68437,82717,Rhinolophus ferrumequinum,0.024,0.024,-1,Echolocation,/mnt/ubna_data_02_mir/recover-20221013/UBNA_001/20221012_030000.WAV,Telephone Field,recover-20221013,001,1795
1480.9285,1480.9373,28046,39537,Eptesicus serotinus,0.008,0.023,-1,Echolocation,/mnt/ubna_data_02_mir/recover-20221013/UBNA_001/20221012_030000.WAV,Telephone Field,recover-20221013,001,1795
1480.9505,1480.9574,26328,36211,Eptesicus serotinus,0.007,0.028,-1,Echolocation,/mnt/ubna_data_02_mir/recover-20221013/UBNA_001/20221012_030000.WAV,Telephone Field,recover-20221013,001,1795
1480.9785,1480.9886,45234,57487,Pipistrellus pipistrellus,0.015,0.023,-1,Echolocation,/mnt/ubna_data_02_mir/recover-20221013/UBNA_001/20221012_030000.WAV,Telephone Field,recover-20221013,001,1795
1480.9815,1481.0229,68437,82231,Rhinolophus ferrumequinum,0.025,0.025,-1,Echolocation,/mnt/ubna_data_02_mir/recover-20221013/UBNA_001/20221012_030000.WAV,Telephone Field,recover-20221013,001,1795
1480.9905,1481.0274,68437,81943,Rhinolophus ferrumequinum,0.022,0.022,-1,Echolocation,/mnt/ubna_data_02_mir/recover-20221013/UBNA_001/20221012_030000.WAV,Telephone Field,recover-20221013,001,1795
1481.0355,1481.0753,68437,81971,Rhinolophus ferrumequinum,0.024,0.024,-1,Echolocation,/mnt/ubna_data_02_mir/recover-20221013/UBNA_001/20221012_030000.WAV,Telephone Field,recover-20221013,001,1795
1481.0385,1481.0502,22890,28014,Nyctalus leisleri,0.01,0.022,-1,Echolocation,/mnt/ubna_data_02_mir/recover-20221013/UBNA_001/20221012_030000.WAV,Telephone Field,recover-20221013,001,1795
1481.0935,1481.1397,68437,82878,Rhinolophus ferrumequinum,0.031,0.031,-1,Echolocation,/mnt/ubna_data_02_mir/recover-20221013/UBNA_001/20221012_030000.WAV,Telephone Field,recover-20221013,001,1795
1481.0945,1481.1026,28046,39354,Eptesicus serotinus,0.007,0.021,-1,Echolocation,/mnt/ubna_data_02_mir/recover-20221013/UBNA_001/20221012_030000.WAV,Telephone Field,recover-20221013,001,1795
1481.1535,1481.1612,27187,38513,Eptesicus serotinus,0.007,0.021,-1,Echolocation,/mnt/ubna_data_02_mir/recover-20221013/UBNA_001/20221012_030000.WAV,Telephone Field,recover-20221013,001,1795
1481.1795,1481.1894,22890,29286,Nyctalus leisleri,0.01,0.028,-1,Echolocation,/mnt/ubna_data_02_mir/recover-20221013/UBNA_001/20221012_030000.WAV,Telephone Field,recover-20221013,001,1795
1481.2315,1481.2704,68437,81969,Rhinolophus ferrumequinum,0.026,0.026,-1,Echolocation,/mnt/ubna_data_02_mir/recover-20221013/UBNA_001/20221012_030000.WAV,Telephone Field,recover-20221013,001,1795
1481.2925,1481.301,50390,54390,Pipistrellus pipistrellus,0.028,0.031,-1,Echolocation,/mnt/ubna_data_02_mir/recover-20221013/UBNA_001/20221012_030000.WAV,Telephone Field,recover-20221013,001,1795
1481.3175,1481.3569,68437,81888,Rhinolophus ferrumequinum,0.023,0.023,-1,Echolocation,/mnt/ubna_data_02_mir/recover-20221013/UBNA_001/20221012_030000.WAV,Telephone Field,recover-20221013,001,1795
1481.3185,1481.3269,44375,49385,Pipistrellus pipistrellus,0.024,0.026,-1,Echolocation,/mnt/ubna_data_02_mir/recover-20221013/UBNA_001/20221012_030000.WAV,Telephone Field,recover-20221013,001,1795
1481.3255,1481.3654,68437,82333,Rhinolophus ferrumequinum,0.022,0.022,-1,Echolocation,/mnt/ubna_data_02_mir/recover-20221013/UBNA_001/20221012_030000.WAV,Telephone Field,recover-20221013,001,1795
1481.3595,1481.3652,24609,35399,Plecotus austriacus,0.02,0.041,-1,Echolocation,/mnt/ubna_data_02_mir/recover-20221013/UBNA_001/20221012_030000.WAV,Telephone Field,recover-20221013,001,1795
1481.3615,1481.3982,68437,81207,Rhinolophus ferrumequinum,0.024,0.024,-1,Echolocation,/mnt/ubna_data_02_mir/recover-20221013/UBNA_001/20221012_030000.WAV,Telephone Field,recover-20221013,001,1795
1481.3705,1481.4096,68437,82427,Rhinolophus ferrumequinum,0.026,0.026,-1,Echolocation,/mnt/ubna_data_02_mir/recover-20221013/UBNA_001/20221012_030000.WAV,Telephone Field,recover-20221013,001,1795
1481.3845,1481.4217,68437,81675,Rhinolophus ferrumequinum,0.025,0.025,-1,Echolocation,/mnt/ubna_data_02_mir/recover-20221013/UBNA_001/20221012_030000.WAV,Telephone Field,recover-20221013,001,1795
1481.3885,1481.3949,23750,38724,Plecotus austriacus,0.019,0.042,-1,Echolocation,/mnt/ubna_data_02_mir/recover-20221013/UBNA_001/20221012_030000.WAV,Telephone Field,recover-20221013,001,1795
1481.4075,1481.4448,68437,82272,Rhinolophus ferrumequinum,0.021,0.021,-1,Echolocation,/mnt/ubna_data_02_mir/recover-20221013/UBNA_001/20221012_030000.WAV,Telephone Field,recover-20221013,001,1795
1481.4075,1481.4155,28046,39696,Eptesicus serotinus,0.007,0.021,-1,Echolocation,/mnt/ubna_data_02_mir/recover-20221013/UBNA_001/20221012_030000.WAV,Telephone Field,recover-20221013,001,1795
1481.4215,1481.4609,68437,82361,Rhinolophus ferrumequinum,0.024,0.024,-1,Echolocation,/mnt/ubna_data_02_mir/recover-20221013/UBNA_001/20221012_030000.WAV,Telephone Field,recover-20221013,001,1795
1481.4265,1481.4346,23750,31857,Plecotus austriacus,0.008,0.023,-1,Echolocation,/mnt/ubna_data_02_mir/recover-20221013/UBNA_001/20221012_030000.WAV,Telephone Field,recover-20221013,001,1795
1481.4755,1481.486,28046,36546,Eptesicus serotinus,0.026,0.047,-1,Echolocation,/mnt/ubna_data_02_mir/recover-20221013/UBNA_001/20221012_030000.WAV,Telephone Field,recover-20221013,001,1795
1481.4835,1481.5204,68437,81985,Rhinolophus ferrumequinum,0.024,0.024,-1,Echolocation,/mnt/ubna_data_02_mir/recover-20221013/UBNA_001/20221012_030000.WAV,Telephone Field,recover-20221013,001,1795
1481.4945,1481.5318,68437,81316,Rhinolophus ferrumequinum,0.023,0.023,-1,Echolocation,/mnt/ubna_data_02_mir/recover-20221013/UBNA_001/20221012_030000.WAV,Telephone Field,recover-20221013,001,1795
1481.5105,1481.5187,28906,40269,Eptesicus serotinus,0.007,0.024,-1,Echolocation,/mnt/ubna_data_02_mir/recover-20221013/UBNA_001/20221012_030000.WAV,Telephone Field,recover-20221013,001,1795
1481.5145,1481.5512,68437,81820,Rhinolophus ferrumequinum,0.023,0.023,-1,Echolocation,/mnt/ubna_data_02_mir/recover-20221013/UBNA_001/20221012_030000.WAV,Telephone Field,recover-20221013,001,1795
1481.5185,1481.5296,25468,31640,Nyctalus leisleri,0.008,0.022,-1,Echolocation,/mnt/ubna_data_02_mir/recover-20221013/UBNA_001/20221012_030000.WAV,Telephone Field,recover-20221013,001,1795
1481.5235,1481.5617,68437,81292,Rhinolophus ferrumequinum,0.023,0.023,-1,Echolocation,/mnt/ubna_data_02_mir/recover-20221013/UBNA_001/20221012_030000.WAV,Telephone Field,recover-20221013,001,1795
1481.5465,1481.5554,28046,36846,Eptesicus serotinus,0.008,0.022,-1,Echolocation,/mnt/ubna_data_02_mir/recover-20221013/UBNA_001/20221012_030000.WAV,Telephone Field,recover-20221013,001,1795
1481.5525,1481.5624,28906,36928,Eptesicus serotinus,0.008,0.024,-1,Echolocation,/mnt/ubna_data_02_mir/recover-20221013/UBNA_001/20221012_030000.WAV,Telephone Field,recover-20221013,001,1795
1481.5875,1481.6245,68437,81597,Rhinolophus ferrumequinum,0.021,0.022,-1,Echolocation,/mnt/ubna_data_02_mir/recover-20221013/UBNA_001/20221012_030000.WAV,Telephone Field,recover-20221013,001,1795
1481.5975,1481.6348,68437,81767,Rhinolophus ferrumequinum,0.022,0.022,-1,Echolocation,/mnt/ubna_data_02_mir/recover-20221013/UBNA_001/20221012_030000.WAV,Telephone Field,recover-20221013,001,1795
1481.6185,1481.6554,68437,81580,Rhinolophus ferrumequinum,0.021,0.021,-1,Echolocation,/mnt/ubna_data_02_mir/recover-20221013/UBNA_001/20221012_030000.WAV,Telephone Field,recover-20221013,001,1795
1481.6675,1481.7019,68437,81156,Rhinolophus ferrumequinum,0.022,0.022,-1,Echolocation,/mnt/ubna_data_02_mir/recover-20221013/UBNA_001/20221012_030000.WAV,Telephone Field,recover-20221013,001,1795
1481.6795,1481.6867,28906,44455,Eptesicus serotinus,0.007,0.025,-1,Echolocation,/mnt/ubna_data_02_mir/recover-20221013/UBNA_001/20221012_030000.WAV,Telephone Field,recover-20221013,001,1795
1481.7055,1481.7454,68437,82210,Rhinolophus ferrumequinum,0.022,0.022,-1,Echolocation,/mnt/ubna_data_02_mir/recover-20221013/UBNA_001/20221012_030000.WAV,Telephone Field,recover-20221013,001,1795
1481.7445,1481.7836,68437,82135,Rhinolophus ferrumequinum,0.022,0.022,-1,Echolocation,/mnt/ubna_data_02_mir/recover-20221013/UBNA_001/20221012_030000.WAV,Telephone Field,recover-20221013,001,1795
1481.7975,1481.8096,22031,27108,Nyctalus leisleri,0.015,0.029,-1,Echolocation,/mnt/ubna_data_02_mir/recover-20221013/UBNA_001/20221012_030000.WAV,Telephone Field,recover-20221013,001,1795
1481.8105,1481.8495,68437,82412,Rhinolophus ferrumequinum,0.023,0.023,-1,Echolocation,/mnt/ubna_data_02_mir/recover-20221013/UBNA_001/20221012_030000.WAV,Telephone Field,recover-20221013,001,1795
1481.8335,1481.8433,24609,31488,Nyctalus leisleri,0.009,0.025,-1,Echolocation,/mnt/ubna_data_02_mir/recover-20221013/UBNA_001/20221012_030000.WAV,Telephone Field,recover-20221013,001,1795
1481.8725,1481.9107,68437,82249,Rhinolophus ferrumequinum,0.022,0.022,-1,Echolocation,/mnt/ubna_data_02_mir/recover-20221013/UBNA_001/20221012_030000.WAV,Telephone Field,recover-20221013,001,1795
1481.8835,1481.891,28046,39991,Eptesicus serotinus,0.007,0.024,-1,Echolocation,/mnt/ubna_data_02_mir/recover-20221013/UBNA_001/20221012_030000.WAV,Telephone Field,recover-20221013,001,1795
1481.9085,1481.92,22031,27137,Nyctalus leisleri,0.011,0.025,-1,Echolocation,/mnt/ubna_data_02_mir/recover-20221013/UBNA_001/20221012_030000.WAV,Telephone Field,recover-20221013,001,1795
1481.9115,1481.9514,68437,83242,Rhinolophus ferrumequinum,0.024,0.024,-1,Echolocation,/mnt/ubna_data_02_mir/recover-20221013/UBNA_001/20221012_030000.WAV,Telephone Field,recover-20221013,001,1795
1481.9785,1481.9869,25468,32615,Nyctalus leisleri,0.007,0.022,-1,Echolocation,/mnt/ubna_data_02_mir/recover-20221013/UBNA_001/20221012_030000.WAV,Telephone Field,recover-20221013,001,1795
1482.0015,1482.0313,69296,80743,Rhinolophus ferrumequinum,0.023,0.023,-1,Echolocation,/mnt/ubna_data_02_mir/recover-20221013/UBNA_001/20221012_030000.WAV,Telephone Field,recover-20221013,001,1795
1482.0015,1482.0098,26328,39020,Nyctalus leisleri,0.008,0.032,-1,Echolocation,/mnt/ubna_data_02_mir/recover-20221013/UBNA_001/20221012_030000.WAV,Telephone Field,recover-20221013,001,1795
1482.0165,1482.0268,23750,30012,Nyctalus leisleri,0.009,0.026,-1,Echolocation,/mnt/ubna_data_02_mir/recover-20221013/UBNA_001/20221012_030000.WAV,Telephone Field,recover-20221013,001,1795
1482.0185,1482.0584,68437,81371,Rhinolophus ferrumequinum,0.027,0.027,-1,Echolocation,/mnt/ubna_data_02_mir/recover-20221013/UBNA_001/20221012_030000.WAV,Telephone Field,recover-20221013,001,1795
1482.0245,1482.0324,28906,48734,Eptesicus serotinus,0.01,0.029,-1,Echolocation,/mnt/ubna_data_02_mir/recover-20221013/UBNA_001/20221012_030000.WAV,Telephone Field,recover-20221013,001,1795
1482.0485,1482.0559,45234,51894,Pipistrellus pipistrellus,0.022,0.024,-1,Echolocation,/mnt/ubna_data_02_mir/recover-20221013/UBNA_001/20221012_030000.WAV,Telephone Field,recover-20221013,001,1795
1482.0505,1482.0573,24609,39306,Plecotus austriacus,0.007,0.024,-1,Echolocation,/mnt/ubna_data_02_mir/recover-20221013/UBNA_001/20221012_030000.WAV,Telephone Field,recover-20221013,001,1795
1482.0755,1482.1134,68437,81881,Rhinolophus ferrumequinum,0.026,0.026,-1,Echolocation,/mnt/ubna_data_02_mir/recover-20221013/UBNA_001/20221012_030000.WAV,Telephone Field,recover-20221013,001,1795
1482.0905,1482.0981,28906,39605,Eptesicus serotinus,0.007,0.024,-1,Echolocation,/mnt/ubna_data_02_mir/recover-20221013/UBNA_001/20221012_030000.WAV,Telephone Field,recover-20221013,001,1795
1482.1075,1482.1445,68437,81890,Rhinolophus ferrumequinum,0.022,0.022,-1,Echolocation,/mnt/ubna_data_02_mir/recover-20221013/UBNA_001/20221012_030000.WAV,Telephone Field,recover-20221013,001,1795
1482.1715,1482.1807,22890,30207,Plecotus austriacus,0.009,0.025,-1,Echolocation,/mnt/ubna_data_02_mir/recover-20221013/UBNA_001/20221012_030000.WAV,Telephone Field,recover-20221013,001,1795
1482.1915,1482.2307,68437,82381,Rhinolophus ferrumequinum,0.026,0.026,-1,Echolocation,/mnt/ubna_data_02_mir/recover-20221013/UBNA_001/20221012_030000.WAV,Telephone Field,recover-20221013,001,1795
1482.2015,1482.212,22890,28877,Nyctalus leisleri,0.01,0.025,-1,Echolocation,/mnt/ubna_data_02_mir/recover-20221013/UBNA_001/20221012_030000.WAV,Telephone Field,recover-20221013,001,1795
1482.2225,1482.2617,68437,81975,Rhinolophus ferrumequinum,0.025,0.025,-1,Echolocation,/mnt/ubna_data_02_mir/recover-20221013/UBNA_001/20221012_030000.WAV,Telephone Field,recover-20221013,001,1795
1482.2265,1482.2373,26328,33172,Eptesicus serotinus,0.026,0.053,-1,Echolocation,/mnt/ubna_data_02_mir/recover-20221013/UBNA_001/20221012_030000.WAV,Telephone Field,recover-20221013,001,1795
1482.2815,1482.3215,68437,82551,Rhinolophus ferrumequinum,0.024,0.025,-1,Echolocation,/mnt/ubna_data_02_mir/recover-20221013/UBNA_001/20221012_030000.WAV,Telephone Field,recover-20221013,001,1795
1482.2875,1482.2942,25468,39438,Myotis nattereri,0.007,0.026,-1,Echolocation,/mnt/ubna_data_02_mir/recover-20221013/UBNA_001/20221012_030000.WAV,Telephone Field,recover-20221013,001,1795
1482.3005,1482.3389,68437,81935,Rhinolophus ferrumequinum,0.025,0.025,-1,Echolocation,/mnt/ubna_data_02_mir/recover-20221013/UBNA_001/20221012_030000.WAV,Telephone Field,recover-20221013,001,1795
1482.3315,1482.3672,68437,81325,Rhinolophus ferrumequinum,0.023,0.023,-1,Echolocation,/mnt/ubna_data_02_mir/recover-20221013/UBNA_001/20221012_030000.WAV,Telephone Field,recover-20221013,001,1795
1482.3475,1482.3545,26328,38695,Eptesicus serotinus,0.005,0.022,-1,Echolocation,/mnt/ubna_data_02_mir/recover-20221013/UBNA_001/20221012_030000.WAV,Telephone Field,recover-20221013,001,1795
1482.3595,1482.3959,68437,81447,Rhinolophus ferrumequinum,0.022,0.022,-1,Echolocation,/mnt/ubna_data_02_mir/recover-20221013/UBNA_001/20221012_030000.WAV,Telephone Field,recover-20221013,001,1795
1482.3815,1482.3923,22031,26330,Nyctalus leisleri,0.012,0.023,-1,Echolocation,/mnt/ubna_data_02_mir/recover-20221013/UBNA_001/20221012_030000.WAV,Telephone Field,recover-20221013,001,1795
1482.3995,1482.4412,68437,82551,Rhinolophus ferrumequinum,0.024,0.024,-1,Echolocation,/mnt/ubna_data_02_mir/recover-20221013/UBNA_001/20221012_030000.WAV,Telephone Field,recover-20221013,001,1795
1482.4235,1482.4635,68437,82638,Rhinolophus ferrumequinum,0.025,0.025,-1,Echolocation,/mnt/ubna_data_02_mir/recover-20221013/UBNA_001/20221012_030000.WAV,Telephone Field,recover-20221013,001,1795
1482.4445,1482.4834,68437,81434,Rhinolophus ferrumequinum,0.023,0.023,-1,Echolocation,/mnt/ubna_data_02_mir/recover-20221013/UBNA_001/20221012_030000.WAV,Telephone Field,recover-20221013,001,1795
1482.4515,1482.4883,68437,81348,Rhinolophus ferrumequinum,0.022,0.022,-1,Echolocation,/mnt/ubna_data_02_mir/recover-20221013/UBNA_001/20221012_030000.WAV,Telephone Field,recover-20221013,001,1795
1482.4815,1482.5199,68437,82359,Rhinolophus ferrumequinum,0.028,0.028,-1,Echolocation,/mnt/ubna_data_02_mir/recover-20221013/UBNA_001/20221012_030000.WAV,Telephone Field,recover-20221013,001,1795
1482.4825,1482.4908,28046,38040,Eptesicus serotinus,0.007,0.022,-1,Echolocation,/mnt/ubna_data_02_mir/recover-20221013/UBNA_001/20221012_030000.WAV,Telephone Field,recover-20221013,001,1795
1482.5115,1482.5512,68437,82161,Rhinolophus ferrumequinum,0.026,0.026,-1,Echolocation,/mnt/ubna_data_02_mir/recover-20221013/UBNA_001/20221012_030000.WAV,Telephone Field,recover-20221013,001,1795
1482.5315,1482.569,68437,81909,Rhinolophus ferrumequinum,0.022,0.022,-1,Echolocation,/mnt/ubna_data_02_mir/recover-20221013/UBNA_001/20221012_030000.WAV,Telephone Field,recover-20221013,001,1795
1482.5485,1482.5922,68437,83414,Rhinolophus ferrumequinum,0.041,0.041,-1,Echolocation,/mnt/ubna_data_02_mir/recover-20221013/UBNA_001/20221012_030000.WAV,Telephone Field,recover-20221013,001,1795
1482.5485,1482.5536,34921,46968,Myotis daubentonii,0.008,0.022,-1,Echolocation,/mnt/ubna_data_02_mir/recover-20221013/UBNA_001/20221012_030000.WAV,Telephone Field,recover-20221013,001,1795
1482.5525,1482.5593,23750,36662,Plecotus austriacus,0.012,0.029,-1,Echolocation,/mnt/ubna_data_02_mir/recover-20221013/UBNA_001/20221012_030000.WAV,Telephone Field,recover-20221013,001,1795
1482.5545,1482.5624,28906,39019,Eptesicus serotinus,0.009,0.027,-1,Echolocation,/mnt/ubna_data_02_mir/recover-20221013/UBNA_001/20221012_030000.WAV,Telephone Field,recover-20221013,001,1795
1482.6055,1482.6465,68437,82471,Rhinolophus ferrumequinum,0.026,0.026,-1,Echolocation,/mnt/ubna_data_02_mir/recover-20221013/UBNA_001/20221012_030000.WAV,Telephone Field,recover-20221013,001,1795
1482.6235,1482.6614,68437,82218,Rhinolophus ferrumequinum,0.022,0.022,-1,Echolocation,/mnt/ubna_data_02_mir/recover-20221013/UBNA_001/20221012_030000.WAV,Telephone Field,recover-20221013,001,1795
1482.6595,1482.6975,68437,81617,Rhinolophus ferrumequinum,0.021,0.021,-1,Echolocation,/mnt/ubna_data_02_mir/recover-20221013/UBNA_001/20221012_030000.WAV,Telephone Field,recover-20221013,001,1795
1482.6805,1482.7199,68437,82658,Rhinolophus ferrumequinum,0.029,0.029,-1,Echolocation,/mnt/ubna_data_02_mir/recover-20221013/UBNA_001/20221012_030000.WAV,Telephone Field,recover-20221013,001,1795
1482.7015,1482.7398,68437,82422,Rhinolophus ferrumequinum,0.024,0.024,-1,Echolocation,/mnt/ubna_data_02_mir/recover-20221013/UBNA_001/20221012_030000.WAV,Telephone Field,recover-20221013,001,1795
1482.7465,1482.7866,68437,82698,Rhinolophus ferrumequinum,0.025,0.025,-1,Echolocation,/mnt/ubna_data_02_mir/recover-20221013/UBNA_001/20221012_030000.WAV,Telephone Field,recover-20221013,001,1795
1482.7525,1482.7585,24609,36703,Plecotus austriacus,0.023,0.05,-1,Echolocation,/mnt/ubna_data_02_mir/recover-20221013/UBNA_001/20221012_030000.WAV,Telephone Field,recover-20221013,001,1795
1482.7565,1482.7942,68437,81905,Rhinolophus ferrumequinum,0.023,0.023,-1,Echolocation,/mnt/ubna_data_02_mir/recover-20221013/UBNA_001/20221012_030000.WAV,Telephone Field,recover-20221013,001,1795
1482.7755,1482.7874,56406,61765,Pipistrellus pygmaeus,0.031,0.032,-1,Echolocation,/mnt/ubna_data_02_mir/recover-20221013/UBNA_001/20221012_030000.WAV,Telephone Field,recover-20221013,001,1795
1482.7765,1482.8155,68437,81897,Rhinolophus ferrumequinum,0.022,0.022,-1,Echolocation,/mnt/ubna_data_02_mir/recover-20221013/UBNA_001/20221012_030000.WAV,Telephone Field,recover-20221013,001,1795
1482.7805,1482.7922,22031,26844,Nyctalus leisleri,0.011,0.023,-1,Echolocation,/mnt/ubna_data_02_mir/recover-20221013/UBNA_001/20221012_030000.WAV,Telephone Field,recover-20221013,001,1795
1482.8085,1482.8285,18593,21754,Nyctalus noctula,0.012,0.024,-1,Echolocation,/mnt/ubna_data_02_mir/recover-20221013/UBNA_001/20221012_030000.WAV,Telephone Field,recover-20221013,001,1795
1482.8355,1482.8774,68437,82971,Rhinolophus ferrumequinum,0.022,0.022,-1,Echolocation,/mnt/ubna_data_02_mir/recover-20221013/UBNA_001/20221012_030000.WAV,Telephone Field,recover-20221013,001,1795
1482.8615,1482.9043,68437,83473,Rhinolophus ferrumequinum,0.04,0.04,-1,Echolocation,/mnt/ubna_data_02_mir/recover-20221013/UBNA_001/20221012_030000.WAV,Telephone Field,recover-20221013,001,1795
1482.8625,1482.8703,28046,38975,Eptesicus serotinus,0.008,0.024,-1,Echolocation,/mnt/ubna_data_02_mir/recover-20221013/UBNA_001/20221012_030000.WAV,Telephone Field,recover-20221013,001,1795
1482.8875,1482.925,68437,80837,Rhinolophus ferrumequinum,0.021,0.022,-1,Echolocation,/mnt/ubna_data_02_mir/recover-20221013/UBNA_001/20221012_030000.WAV,Telephone Field,recover-20221013,001,1795
1482.8935,1482.9328,68437,81845,Rhinolophus ferrumequinum,0.023,0.023,-1,Echolocation,/mnt/ubna_data_02_mir/recover-20221013/UBNA_001/20221012_030000.WAV,Telephone Field,recover-20221013,001,1795
1482.9175,1482.953,68437,81231,Rhinolophus ferrumequinum,0.023,0.023,-1,Echolocation,/mnt/ubna_data_02_mir/recover-20221013/UBNA_001/20221012_030000.WAV,Telephone Field,recover-20221013,001,1795
1482.9285,1482.9362,28046,40425,Eptesicus serotinus,0.007,0.022,-1,Echolocation,/mnt/ubna_data_02_mir/recover-20221013/UBNA_001/20221012_030000.WAV,Telephone Field,recover-20221013,001,1795
1482.9445,1482.9831,68437,82344,Rhinolophus ferrumequinum,0.025,0.025,-1,Echolocation,/mnt/ubna_data_02_mir/recover-20221013/UBNA_001/20221012_030000.WAV,Telephone Field,recover-20221013,001,1795
1482.9515,1482.9923,68437,82051,Rhinolophus ferrumequinum,0.025,0.025,-1,Echolocation,/mnt/ubna_data_02_mir/recover-20221013/UBNA_001/20221012_030000.WAV,Telephone Field,recover-20221013,001,1795
1482.9915,1482.9984,28046,37534,Eptesicus serotinus,0.008,0.027,-1,Echolocation,/mnt/ubna_data_02_mir/recover-20221013/UBNA_001/20221012_030000.WAV,Telephone Field,recover-20221013,001,1795
1482.9935,1483.0296,68437,81765,Rhinolophus ferrumequinum,0.036,0.036,-1,Echolocation,/mnt/ubna_data_02_mir/recover-20221013/UBNA_001/20221012_030000.WAV,Telephone Field,recover-20221013,001,1795
1482.9945,1483.0049,22031,27629,Nyctalus leisleri,0.012,0.029,-1,Echolocation,/mnt/ubna_data_02_mir/recover-20221013/UBNA_001/20221012_030000.WAV,Telephone Field,recover-20221013,001,1795
1483.0195,1483.0262,28046,41501,Eptesicus serotinus,0.006,0.026,-1,Echolocation,/mnt/ubna_data_02_mir/recover-20221013/UBNA_001/20221012_030000.WAV,Telephone Field,recover-20221013,001,1795
1483.0635,1483.0734,28906,36390,Eptesicus serotinus,0.009,0.022,-1,Echolocation,/mnt/ubna_data_02_mir/recover-20221013/UBNA_001/20221012_030000.WAV,Telephone Field,recover-20221013,001,1795
1483.0975,1483.136,68437,82228,Rhinolophus ferrumequinum,0.026,0.026,-1,Echolocation,/mnt/ubna_data_02_mir/recover-20221013/UBNA_001/20221012_030000.WAV,Telephone Field,recover-20221013,001,1795
1483.1255,1483.1652,68437,82716,Rhinolophus ferrumequinum,0.031,0.031,-1,Echolocation,/mnt/ubna_data_02_mir/recover-20221013/UBNA_001/20221012_030000.WAV,Telephone Field,recover-20221013,001,1795
1483.1305,1483.1402,14296,21354,Nyctalus noctula,0.014,0.03,-1,Echolocation,/mnt/ubna_data_02_mir/recover-20221013/UBNA_001/20221012_030000.WAV,Telephone Field,recover-20221013,001,1795
1483.1325,1483.142,28906,37364,Eptesicus serotinus,0.011,0.026,-1,Echolocation,/mnt/ubna_data_02_mir/recover-20221013/UBNA_001/20221012_030000.WAV,Telephone Field,recover-20221013,001,1795
1483.1475,1483.1867,68437,81534,Rhinolophus ferrumequinum,0.034,0.034,-1,Echolocation,/mnt/ubna_data_02_mir/recover-20221013/UBNA_001/20221012_030000.WAV,Telephone Field,recover-20221013,001,1795
1483.2075,1483.2424,68437,81138,Rhinolophus ferrumequinum,0.022,0.022,-1,Echolocation,/mnt/ubna_data_02_mir/recover-20221013/UBNA_001/20221012_030000.WAV,Telephone Field,recover-20221013,001,1795
1483.2425,1483.2819,68437,82194,Rhinolophus ferrumequinum,0.036,0.036,-1,Echolocation,/mnt/ubna_data_02_mir/recover-20221013/UBNA_001/20221012_030000.WAV,Telephone Field,recover-20221013,001,1795
1483.2805,1483.2893,28046,39761,Eptesicus serotinus,0.008,0.022,-1,Echolocation,/mnt/ubna_data_02_mir/recover-20221013/UBNA_001/20221012_030000.WAV,Telephone Field,recover-20221013,001,1795
1483.2965,1483.3372,68437,82493,Rhinolophus ferrumequinum,0.023,0.023,-1,Echolocation,/mnt/ubna_data_02_mir/recover-20221013/UBNA_001/20221012_030000.WAV,Telephone Field,recover-20221013,001,1795
1483.3065,1483.315,28046,39049,Eptesicus serotinus,0.006,0.022,-1,Echolocation,/mnt/ubna_data_02_mir/recover-20221013/UBNA_001/20221012_030000.WAV,Telephone Field,recover-20221013,001,1795
1483.3375,1483.3472,22890,29698,Nyctalus leisleri,0.008,0.022,-1,Echolocation,/mnt/ubna_data_02_mir/recover-20221013/UBNA_001/20221012_030000.WAV,Telephone Field,recover-20221013,001,1795
1483.3415,1483.3789,68437,81819,Rhinolophus ferrumequinum,0.022,0.022,-1,Echolocation,/mnt/ubna_data_02_mir/recover-20221013/UBNA_001/20221012_030000.WAV,Telephone Field,recover-20221013,001,1795
1483.3635,1483.3713,28046,39011,Eptesicus serotinus,0.008,0.025,-1,Echolocation,/mnt/ubna_data_02_mir/recover-20221013/UBNA_001/20221012_030000.WAV,Telephone Field,recover-20221013,001,1795
1483.3835,1483.3907,28046,39220,Eptesicus serotinus,0.006,0.021,-1,Echolocation,/mnt/ubna_data_02_mir/recover-20221013/UBNA_001/20221012_030000.WAV,Telephone Field,recover-20221013,001,1795
1483.4155,1483.4559,68437,82042,Rhinolophus ferrumequinum,0.022,0.023,-1,Echolocation,/mnt/ubna_data_02_mir/recover-20221013/UBNA_001/20221012_030000.WAV,Telephone Field,recover-20221013,001,1795
1483.4245,1483.4322,23750,33094,Plecotus austriacus,0.01,0.023,-1,Echolocation,/mnt/ubna_data_02_mir/recover-20221013/UBNA_001/20221012_030000.WAV,Telephone Field,recover-20221013,001,1795
1483.4565,1483.4954,68437,82602,Rhinolophus ferrumequinum,0.039,0.039,-1,Echolocation,/mnt/ubna_data_02_mir/recover-20221013/UBNA_001/20221012_030000.WAV,Telephone Field,recover-20221013,001,1795
1483.4945,1483.5032,28046,38109,Eptesicus serotinus,0.009,0.023,-1,Echolocation,/mnt/ubna_data_02_mir/recover-20221013/UBNA_001/20221012_030000.WAV,Telephone Field,recover-20221013,001,1795
1483.5025,1483.543,68437,82191,Rhinolophus ferrumequinum,0.022,0.022,-1,Echolocation,/mnt/ubna_data_02_mir/recover-20221013/UBNA_001/20221012_030000.WAV,Telephone Field,recover-20221013,001,1795
1483.5455,1483.5796,68437,80502,Rhinolophus ferrumequinum,0.025,0.025,-1,Echolocation,/mnt/ubna_data_02_mir/recover-20221013/UBNA_001/20221012_030000.WAV,Telephone Field,recover-20221013,001,1795
1483.5515,1483.5894,68437,81903,Rhinolophus ferrumequinum,0.023,0.023,-1,Echolocation,/mnt/ubna_data_02_mir/recover-20221013/UBNA_001/20221012_030000.WAV,Telephone Field,recover-20221013,001,1795
1483.5595,1483.566,28046,38496,Eptesicus serotinus,0.006,0.023,-1,Echolocation,/mnt/ubna_data_02_mir/recover-20221013/UBNA_001/20221012_030000.WAV,Telephone Field,recover-20221013,001,1795
1483.5895,1483.5972,28046,40425,Eptesicus serotinus,0.007,0.023,-1,Echolocation,/mnt/ubna_data_02_mir/recover-20221013/UBNA_001/20221012_030000.WAV,Telephone Field,recover-20221013,001,1795
1483.5935,1483.6368,68437,82941,Rhinolophus ferrumequinum,0.027,0.027,-1,Echolocation,/mnt/ubna_data_02_mir/recover-20221013/UBNA_001/20221012_030000.WAV,Telephone Field,recover-20221013,001,1795
1483.6205,1483.6623,68437,82795,Rhinolophus ferrumequinum,0.031,0.031,-1,Echolocation,/mnt/ubna_data_02_mir/recover-20221013/UBNA_001/20221012_030000.WAV,Telephone Field,recover-20221013,001,1795
1483.6455,1483.6552,22890,30283,Plecotus austriacus,0.008,0.024,-1,Echolocation,/mnt/ubna_data_02_mir/recover-20221013/UBNA_001/20221012_030000.WAV,Telephone Field,recover-20221013,001,1795
1483.6465,1483.6878,68437,82612,Rhinolophus ferrumequinum,0.026,0.026,-1,Echolocation,/mnt/ubna_data_02_mir/recover-20221013/UBNA_001/20221012_030000.WAV,Telephone Field,recover-20221013,001,1795
1483.6475,1483.6561,28906,37650,Eptesicus serotinus,0.008,0.022,-1,Echolocation,/mnt/ubna_data_02_mir/recover-20221013/UBNA_001/20221012_030000.WAV,Telephone Field,recover-20221013,001,1795
1483.6835,1483.691,28046,39904,Eptesicus serotinus,0.008,0.025,-1,Echolocation,/mnt/ubna_data_02_mir/recover-20221013/UBNA_001/20221012_030000.WAV,Telephone Field,recover-20221013,001,1795
1483.7045,1483.747,68437,82758,Rhinolophus ferrumequinum,0.033,0.033,-1,Echolocation,/mnt/ubna_data_02_mir/recover-20221013/UBNA_001/20221012_030000.WAV,Telephone Field,recover-20221013,001,1795
1483.7075,1483.7161,26328,34837,Eptesicus serotinus,0.009,0.024,-1,Echolocation,/mnt/ubna_data_02_mir/recover-20221013/UBNA_001/20221012_030000.WAV,Telephone Field,recover-20221013,001,1795
1483.7405,1483.7495,47812,52306,Pipistrellus pipistrellus,0.019,0.021,-1,Echolocation,/mnt/ubna_data_02_mir/recover-20221013/UBNA_001/20221012_030000.WAV,Telephone Field,recover-20221013,001,1795
1483.7445,1483.7851,68437,82580,Rhinolophus ferrumequinum,0.024,0.024,-1,Echolocation,/mnt/ubna_data_02_mir/recover-20221013/UBNA_001/20221012_030000.WAV,Telephone Field,recover-20221013,001,1795
1483.7725,1483.78,27187,39577,Eptesicus serotinus,0.006,0.022,-1,Echolocation,/mnt/ubna_data_02_mir/recover-20221013/UBNA_001/20221012_030000.WAV,Telephone Field,recover-20221013,001,1795
1483.7735,1483.7816,22890,30502,Plecotus austriacus,0.01,0.023,-1,Echolocation,/mnt/ubna_data_02_mir/recover-20221013/UBNA_001/20221012_030000.WAV,Telephone Field,recover-20221013,001,1795
1483.7915,1483.8309,68437,82709,Rhinolophus ferrumequinum,0.042,0.042,-1,Echolocation,/mnt/ubna_data_02_mir/recover-20221013/UBNA_001/20221012_030000.WAV,Telephone Field,recover-20221013,001,1795
1483.8025,1483.8393,68437,82306,Rhinolophus ferrumequinum,0.029,0.029,-1,Echolocation,/mnt/ubna_data_02_mir/recover-20221013/UBNA_001/20221012_030000.WAV,Telephone Field,recover-20221013,001,1795
1483.8205,1483.8283,48671,52705,Pipistrellus pipistrellus,0.024,0.025,-1,Echolocation,/mnt/ubna_data_02_mir/recover-20221013/UBNA_001/20221012_030000.WAV,Telephone Field,recover-20221013,001,1795
1483.8845,1483.9218,68437,82303,Rhinolophus ferrumequinum,0.024,0.024,-1,Echolocation,/mnt/ubna_data_02_mir/recover-20221013/UBNA_001/20221012_030000.WAV,Telephone Field,recover-20221013,001,1795
1483.8995,1483.9426,68437,83188,Rhinolophus ferrumequinum,0.058,0.058,-1,Echolocation,/mnt/ubna_data_02_mir/recover-20221013/UBNA_001/20221012_030000.WAV,Telephone Field,recover-20221013,001,1795
1483.9025,1483.9126,27187,34901,Eptesicus serotinus,0.012,0.024,-1,Echolocation,/mnt/ubna_data_02_mir/recover-20221013/UBNA_001/20221012_030000.WAV,Telephone Field,recover-20221013,001,1795
1483.9305,1483.9707,68437,82357,Rhinolophus ferrumequinum,0.029,0.029,-1,Echolocation,/mnt/ubna_data_02_mir/recover-20221013/UBNA_001/20221012_030000.WAV,Telephone Field,recover-20221013,001,1795
1483.9435,1483.9513,28906,40830,Eptesicus serotinus,0.008,0.025,-1,Echolocation,/mnt/ubna_data_02_mir/recover-20221013/UBNA_001/20221012_030000.WAV,Telephone Field,recover-20221013,001,1795
1483.9555,1483.989,68437,80926,Rhinolophus ferrumequinum,0.023,0.023,-1,Echolocation,/mnt/ubna_data_02_mir/recover-20221013/UBNA_001/20221012_030000.WAV,Telephone Field,recover-20221013,001,1795
1484.0015,1484.0097,23750,32301,Nyctalus leisleri,0.01,0.032,-1,Echolocation,/mnt/ubna_data_02_mir/recover-20221013/UBNA_001/20221012_030000.WAV,Telephone Field,recover-20221013,001,1795
1484.0015,1484.0319,69296,81729,Rhinolophus ferrumequinum,0.024,0.024,-1,Echolocation,/mnt/ubna_data_02_mir/recover-20221013/UBNA_001/20221012_030000.WAV,Telephone Field,recover-20221013,001,1795
1484.0015,1484.0101,54687,62267,Pipistrellus pygmaeus,0.022,0.025,-1,Echolocation,/mnt/ubna_data_02_mir/recover-20221013/UBNA_001/20221012_030000.WAV,Telephone Field,recover-20221013,001,1795
1484.0185,1484.0561,68437,81233,Rhinolophus ferrumequinum,0.021,0.021,-1,Echolocation,/mnt/ubna_data_02_mir/recover-20221013/UBNA_001/20221012_030000.WAV,Telephone Field,recover-20221013,001,1795
1484.0255,1484.0342,27187,38991,Eptesicus serotinus,0.008,0.022,-1,Echolocation,/mnt/ubna_data_02_mir/recover-20221013/UBNA_001/20221012_030000.WAV,Telephone Field,recover-20221013,001,1795
1484.0625,1484.0715,27187,40311,Eptesicus serotinus,0.01,0.028,-1,Echolocation,/mnt/ubna_data_02_mir/recover-20221013/UBNA_001/20221012_030000.WAV,Telephone Field,recover-20221013,001,1795
1484.0725,1484.1091,68437,82213,Rhinolophus ferrumequinum,0.023,0.023,-1,Echolocation,/mnt/ubna_data_02_mir/recover-20221013/UBNA_001/20221012_030000.WAV,Telephone Field,recover-20221013,001,1795
1484.0775,1484.0885,28046,34127,Eptesicus serotinus,0.011,0.023,-1,Echolocation,/mnt/ubna_data_02_mir/recover-20221013/UBNA_001/20221012_030000.WAV,Telephone Field,recover-20221013,001,1795
1484.1115,1484.1189,28046,44314,Eptesicus serotinus,0.007,0.021,-1,Echolocation,/mnt/ubna_data_02_mir/recover-20221013/UBNA_001/20221012_030000.WAV,Telephone Field,recover-20221013,001,1795
1484.1685,1484.2061,68437,80965,Rhinolophus ferrumequinum,0.028,0.028,-1,Echolocation,/mnt/ubna_data_02_mir/recover-20221013/UBNA_001/20221012_030000.WAV,Telephone Field,recover-20221013,001,1795
1484.1755,1484.1816,47812,59939,Pipistrellus pipistrellus,0.015,0.022,-1,Echolocation,/mnt/ubna_data_02_mir/recover-20221013/UBNA_001/20221012_030000.WAV,Telephone Field,recover-20221013,001,1795
1484.2115,1484.257,68437,83716,Rhinolophus ferrumequinum,0.041,0.041,-1,Echolocation,/mnt/ubna_data_02_mir/recover-20221013/UBNA_001/20221012_030000.WAV,Telephone Field,recover-20221013,001,1795
1484.2285,1484.2388,23750,30325,Nyctalus leisleri,0.011,0.027,-1,Echolocation,/mnt/ubna_data_02_mir/recover-20221013/UBNA_001/20221012_030000.WAV,Telephone Field,recover-20221013,001,1795
1484.2435,1484.2518,28046,40025,Eptesicus serotinus,0.008,0.022,-1,Echolocation,/mnt/ubna_data_02_mir/recover-20221013/UBNA_001/20221012_030000.WAV,Telephone Field,recover-20221013,001,1795
1484.2595,1484.2958,68437,81171,Rhinolophus ferrumequinum,0.024,0.024,-1,Echolocation,/mnt/ubna_data_02_mir/recover-20221013/UBNA_001/20221012_030000.WAV,Telephone Field,recover-20221013,001,1795
1484.2665,1484.305,68437,82167,Rhinolophus ferrumequinum,0.023,0.023,-1,Echolocation,/mnt/ubna_data_02_mir/recover-20221013/UBNA_001/20221012_030000.WAV,Telephone Field,recover-20221013,001,1795
1484.2855,1484.2948,28906,39608,Eptesicus serotinus,0.012,0.028,-1,Echolocation,/mnt/ubna_data_02_mir/recover-20221013/UBNA_001/20221012_030000.WAV,Telephone Field,recover-20221013,001,1795
1484.3415,1484.379,68437,81540,Rhinolophus ferrumequinum,0.022,0.022,-1,Echolocation,/mnt/ubna_data_02_mir/recover-20221013/UBNA_001/20221012_030000.WAV,Telephone Field,recover-20221013,001,1795
1484.3735,1484.3925,20312,23379,Nyctalus leisleri,0.017,0.03,-1,Echolocation,/mnt/ubna_data_02_mir/recover-20221013/UBNA_001/20221012_030000.WAV,Telephone Field,recover-20221013,001,1795
1484.4165,1484.43,21171,24653,Nyctalus leisleri,0.017,0.027,-1,Echolocation,/mnt/ubna_data_02_mir/recover-20221013/UBNA_001/20221012_030000.WAV,Telephone Field,recover-20221013,001,1795
1484.4315,1484.4714,68437,81856,Rhinolophus ferrumequinum,0.043,0.043,-1,Echolocation,/mnt/ubna_data_02_mir/recover-20221013/UBNA_001/20221012_030000.WAV,Telephone Field,recover-20221013,001,1795
1484.4555,1484.4949,68437,82317,Rhinolophus ferrumequinum,0.022,0.022,-1,Echolocation,/mnt/ubna_data_02_mir/recover-20221013/UBNA_001/20221012_030000.WAV,Telephone Field,recover-20221013,001,1795
1484.4825,1484.5216,68437,82653,Rhinolophus ferrumequinum,0.024,0.024,-1,Echolocation,/mnt/ubna_data_02_mir/recover-20221013/UBNA_001/20221012_030000.WAV,Telephone Field,recover-20221013,001,1795
1484.4905,1484.4978,24609,34974,Plecotus austriacus,0.015,0.042,-1,Echolocation,/mnt/ubna_data_02_mir/recover-20221013/UBNA_001/20221012_030000.WAV,Telephone Field,recover-20221013,001,1795
1484.5215,1484.5604,68437,81910,Rhinolophus ferrumequinum,0.023,0.023,-1,Echolocation,/mnt/ubna_data_02_mir/recover-20221013/UBNA_001/20221012_030000.WAV,Telephone Field,recover-20221013,001,1795
1484.5265,1484.5327,51250,59653,Pipistrellus pipistrellus,0.021,0.025,-1,Echolocation,/mnt/ubna_data_02_mir/recover-20221013/UBNA_001/20221012_030000.WAV,Telephone Field,recover-20221013,001,1795
1484.5275,1484.5664,68437,82006,Rhinolophus ferrumequinum,0.022,0.022,-1,Echolocation,/mnt/ubna_data_02_mir/recover-20221013/UBNA_001/20221012_030000.WAV,Telephone Field,recover-20221013,001,1795
1484.5505,1484.5577,24609,34256,Plecotus austriacus,0.011,0.026,-1,Echolocation,/mnt/ubna_data_02_mir/recover-20221013/UBNA_001/20221012_030000.WAV,Telephone Field,recover-20221013,001,1795
1484.5965,1484.6362,68437,82731,Rhinolophus ferrumequinum,0.023,0.023,-1,Echolocation,/mnt/ubna_data_02_mir/recover-20221013/UBNA_001/20221012_030000.WAV,Telephone Field,recover-20221013,001,1795
1484.5985,1484.6091,29765,37066,Eptesicus serotinus,0.011,0.026,-1,Echolocation,/mnt/ubna_data_02_mir/recover-20221013/UBNA_001/20221012_030000.WAV,Telephone Field,recover-20221013,001,1795
1484.6255,1484.6626,68437,81745,Rhinolophus ferrumequinum,0.022,0.022,-1,Echolocation,/mnt/ubna_data_02_mir/recover-20221013/UBNA_001/20221012_030000.WAV,Telephone Field,recover-20221013,001,1795
1484.6315,1484.6715,68437,81963,Rhinolophus ferrumequinum,0.022,0.022,-1,Echolocation,/mnt/ubna_data_02_mir/recover-20221013/UBNA_001/20221012_030000.WAV,Telephone Field,recover-20221013,001,1795
1484.6495,1484.6574,28906,38442,Eptesicus serotinus,0.007,0.022,-1,Echolocation,/mnt/ubna_data_02_mir/recover-20221013/UBNA_001/20221012_030000.WAV,Telephone Field,recover-20221013,001,1795
1484.6595,1484.6963,68437,81926,Rhinolophus ferrumequinum,0.023,0.024,-1,Echolocation,/mnt/ubna_data_02_mir/recover-20221013/UBNA_001/20221012_030000.WAV,Telephone Field,recover-20221013,001,1795
1484.6975,1484.739,68437,82173,Rhinolophus ferrumequinum,0.022,0.022,-1,Echolocation,/mnt/ubna_data_02_mir/recover-20221013/UBNA_001/20221012_030000.WAV,Telephone Field,recover-20221013,001,1795
1484.6985,1484.7096,23750,30592,Nyctalus leisleri,0.012,0.032,-1,Echolocation,/mnt/ubna_data_02_mir/recover-20221013/UBNA_001/20221012_030000.WAV,Telephone Field,recover-20221013,001,1795
1484.7175,1484.7534,68437,81369,Rhinolophus ferrumequinum,0.022,0.022,-1,Echolocation,/mnt/ubna_data_02_mir/recover-20221013/UBNA_001/20221012_030000.WAV,Telephone Field,recover-20221013,001,1795
1484.7185,1484.7322,47812,51290,Pipistrellus pipistrellus,0.038,0.043,-1,Echolocation,/mnt/ubna_data_02_mir/recover-20221013/UBNA_001/20221012_030000.WAV,Telephone Field,recover-20221013,001,1795
1484.7275,1484.7636,68437,80517,Rhinolophus ferrumequinum,0.022,0.022,-1,Echolocation,/mnt/ubna_data_02_mir/recover-20221013/UBNA_001/20221012_030000.WAV,Telephone Field,recover-20221013,001,1795
1484.7785,1484.8189,68437,82351,Rhinolophus ferrumequinum,0.041,0.041,-1,Echolocation,/mnt/ubna_data_02_mir/recover-20221013/UBNA_001/20221012_030000.WAV,Telephone Field,recover-20221013,001,1795
1484.8075,1484.8515,68437,83079,Rhinolophus ferrumequinum,0.026,0.026,-1,Echolocation,/mnt/ubna_data_02_mir/recover-20221013/UBNA_001/20221012_030000.WAV,Telephone Field,recover-20221013,001,1795
1484.8095,1484.8169,50390,58193,Pipistrellus pipistrellus,0.021,0.025,-1,Echolocation,/mnt/ubna_data_02_mir/recover-20221013/UBNA_001/20221012_030000.WAV,Telephone Field,recover-20221013,001,1795
1484.8315,1484.8697,68437,81493,Rhinolophus ferrumequinum,0.023,0.023,-1,Echolocation,/mnt/ubna_data_02_mir/recover-20221013/UBNA_001/20221012_030000.WAV,Telephone Field,recover-20221013,001,1795
1484.8615,1484.9031,68437,82644,Rhinolophus ferrumequinum,0.032,0.032,-1,Echolocation,/mnt/ubna_data_02_mir/recover-20221013/UBNA_001/20221012_030000.WAV,Telephone Field,recover-20221013,001,1795
1484.9245,1484.9663,68437,82601,Rhinolophus ferrumequinum,0.024,0.024,-1,Echolocation,/mnt/ubna_data_02_mir/recover-20221013/UBNA_001/20221012_030000.WAV,Telephone Field,recover-20221013,001,1795
1485.0105,1485.0179,28046,40236,Eptesicus serotinus,0.01,0.027,-1,Echolocation,/mnt/ubna_data_02_mir/recover-20221013/UBNA_001/20221012_030000.WAV,Telephone Field,recover-20221013,001,1795
1485.0295,1485.0405,30625,37477,Eptesicus serotinus,0.012,0.026,-1,Echolocation,/mnt/ubna_data_02_mir/recover-20221013/UBNA_001/20221012_030000.WAV,Telephone Field,recover-20221013,001,1795
1485.0425,1485.0534,34062,39511,Barbastellus barbastellus,0.019,0.068,-1,Echolocation,/mnt/ubna_data_02_mir/recover-20221013/UBNA_001/20221012_030000.WAV,Telephone Field,recover-20221013,001,1795
1485.0445,1485.0872,68437,82755,Rhinolophus ferrumequinum,0.024,0.024,-1,Echolocation,/mnt/ubna_data_02_mir/recover-20221013/UBNA_001/20221012_030000.WAV,Telephone Field,recover-20221013,001,1795
1485.0515,1485.0881,68437,82484,Rhinolophus ferrumequinum,0.022,0.022,-1,Echolocation,/mnt/ubna_data_02_mir/recover-20221013/UBNA_001/20221012_030000.WAV,Telephone Field,recover-20221013,001,1795
1485.0575,1485.0928,68437,82051,Rhinolophus ferrumequinum,0.023,0.023,-1,Echolocation,/mnt/ubna_data_02_mir/recover-20221013/UBNA_001/20221012_030000.WAV,Telephone Field,recover-20221013,001,1795
1485.0965,1485.1357,68437,82211,Rhinolophus ferrumequinum,0.022,0.022,-1,Echolocation,/mnt/ubna_data_02_mir/recover-20221013/UBNA_001/20221012_030000.WAV,Telephone Field,recover-20221013,001,1795
1485.1275,1485.1629,68437,80863,Rhinolophus ferrumequinum,0.024,0.024,-1,Echolocation,/mnt/ubna_data_02_mir/recover-20221013/UBNA_001/20221012_030000.WAV,Telephone Field,recover-20221013,001,1795
1485.1575,1485.1996,68437,82344,Rhinolophus ferrumequinum,0.035,0.035,-1,Echolocation,/mnt/ubna_data_02_mir/recover-20221013/UBNA_001/20221012_030000.WAV,Telephone Field,recover-20221013,001,1795
1485.1805,1485.1897,47812,52275,Pipistrellus pipistrellus,0.024,0.026,-1,Echolocation,/mnt/ubna_data_02_mir/recover-20221013/UBNA_001/20221012_030000.WAV,Telephone Field,recover-20221013,001,1795
1485.2035,1485.2435,68437,82932,Rhinolophus ferrumequinum,0.035,0.035,-1,Echolocation,/mnt/ubna_data_02_mir/recover-20221013/UBNA_001/20221012_030000.WAV,Telephone Field,recover-20221013,001,1795
1485.2205,1485.232,22890,28729,Nyctalus leisleri,0.017,0.036,-1,Echolocation,/mnt/ubna_data_02_mir/recover-20221013/UBNA_001/20221012_030000.WAV,Telephone Field,recover-20221013,001,1795
1485.2205,1485.2308,38359,45629,Pipistrellus nathusii,0.018,0.04,-1,Echolocation,/mnt/ubna_data_02_mir/recover-20221013/UBNA_001/20221012_030000.WAV,Telephone Field,recover-20221013,001,1795
1485.2215,1485.2611,68437,82616,Rhinolophus ferrumequinum,0.027,0.027,-1,Echolocation,/mnt/ubna_data_02_mir/recover-20221013/UBNA_001/20221012_030000.WAV,Telephone Field,recover-20221013,001,1795
1485.2475,1485.2591,24609,30054,Nyctalus leisleri,0.015,0.032,-1,Echolocation,/mnt/ubna_data_02_mir/recover-20221013/UBNA_001/20221012_030000.WAV,Telephone Field,recover-20221013,001,1795
1485.2795,1485.2874,29765,41942,Eptesicus serotinus,0.011,0.032,-1,Echolocation,/mnt/ubna_data_02_mir/recover-20221013/UBNA_001/20221012_030000.WAV,Telephone Field,recover-20221013,001,1795
1485.3295,1485.3666,68437,81292,Rhinolophus ferrumequinum,0.022,0.022,-1,Echolocation,/mnt/ubna_data_02_mir/recover-20221013/UBNA_001/20221012_030000.WAV,Telephone Field,recover-20221013,001,1795
1485.3365,1485.3419,36640,57937,Myotis mystacinus,0.008,0.024,-1,Echolocation,/mnt/ubna_data_02_mir/recover-20221013/UBNA_001/20221012_030000.WAV,Telephone Field,recover-20221013,001,1795
1485.3545,1485.395,68437,81944,Rhinolophus ferrumequinum,0.027,0.027,-1,Echolocation,/mnt/ubna_data_02_mir/recover-20221013/UBNA_001/20221012_030000.WAV,Telephone Field,recover-20221013,001,1795
1485.3925,1485.431,68437,81984,Rhinolophus ferrumequinum,0.021,0.021,-1,Echolocation,/mnt/ubna_data_02_mir/recover-20221013/UBNA_001/20221012_030000.WAV,Telephone Field,recover-20221013,001,1795
1485.4255,1485.4333,22890,32380,Plecotus austriacus,0.014,0.027,-1,Echolocation,/mnt/ubna_data_02_mir/recover-20221013/UBNA_001/20221012_030000.WAV,Telephone Field,recover-20221013,001,1795
1485.4665,1485.4771,23750,29919,Nyctalus leisleri,0.01,0.024,-1,Echolocation,/mnt/ubna_data_02_mir/recover-20221013/UBNA_001/20221012_030000.WAV,Telephone Field,recover-20221013,001,1795
1485.4715,1485.4811,28906,36628,Eptesicus serotinus,0.008,0.023,-1,Echolocation,/mnt/ubna_data_02_mir/recover-20221013/UBNA_001/20221012_030000.WAV,Telephone Field,recover-20221013,001,1795
1485.4785,1485.4886,28906,36922,Eptesicus serotinus,0.008,0.021,-1,Echolocation,/mnt/ubna_data_02_mir/recover-20221013/UBNA_001/20221012_030000.WAV,Telephone Field,recover-20221013,001,1795
1485.5045,1485.5452,68437,81971,Rhinolophus ferrumequinum,0.031,0.031,-1,Echolocation,/mnt/ubna_data_02_mir/recover-20221013/UBNA_001/20221012_030000.WAV,Telephone Field,recover-20221013,001,1795
1485.5545,1485.5901,68437,81753,Rhinolophus ferrumequinum,0.025,0.025,-1,Echolocation,/mnt/ubna_data_02_mir/recover-20221013/UBNA_001/20221012_030000.WAV,Telephone Field,recover-20221013,001,1795
1485.5635,1485.6051,68437,82857,Rhinolophus ferrumequinum,0.025,0.025,-1,Echolocation,/mnt/ubna_data_02_mir/recover-20221013/UBNA_001/20221012_030000.WAV,Telephone Field,recover-20221013,001,1795
1485.5855,1485.6267,68437,82712,Rhinolophus ferrumequinum,0.023,0.023,-1,Echolocation,/mnt/ubna_data_02_mir/recover-20221013/UBNA_001/20221012_030000.WAV,Telephone Field,recover-20221013,001,1795
1485.6195,1485.6297,22890,29494,Nyctalus leisleri,0.013,0.034,-1,Echolocation,/mnt/ubna_data_02_mir/recover-20221013/UBNA_001/20221012_030000.WAV,Telephone Field,recover-20221013,001,1795
1485.6255,1485.6644000000001,68437,81824,Rhinolophus ferrumequinum,0.023,0.023,-1,Echolocation,/mnt/ubna_data_02_mir/recover-20221013/UBNA_001/20221012_030000.WAV,Telephone Field,recover-20221013,001,1795
1485.6335,1485.6695,68437,82128,Rhinolophus ferrumequinum,0.024,0.024,-1,Echolocation,/mnt/ubna_data_02_mir/recover-20221013/UBNA_001/20221012_030000.WAV,Telephone Field,recover-20221013,001,1795
1485.6995,1485.7408,68437,82477,Rhinolophus ferrumequinum,0.027,0.027,-1,Echolocation,/mnt/ubna_data_02_mir/recover-20221013/UBNA_001/20221012_030000.WAV,Telephone Field,recover-20221013,001,1795
1485.7465,1485.7858,68437,82237,Rhinolophus ferrumequinum,0.022,0.022,-1,Echolocation,/mnt/ubna_data_02_mir/recover-20221013/UBNA_001/20221012_030000.WAV,Telephone Field,recover-20221013,001,1795
1485.7515,1485.7626,23750,29866,Nyctalus leisleri,0.012,0.027,-1,Echolocation,/mnt/ubna_data_02_mir/recover-20221013/UBNA_001/20221012_030000.WAV,Telephone Field,recover-20221013,001,1795
1485.7595,1485.777,22031,25104,Nyctalus leisleri,0.023,0.037,-1,Echolocation,/mnt/ubna_data_02_mir/recover-20221013/UBNA_001/20221012_030000.WAV,Telephone Field,recover-20221013,001,1795
1485.7635,1485.8019,68437,82452,Rhinolophus ferrumequinum,0.021,0.022,-1,Echolocation,/mnt/ubna_data_02_mir/recover-20221013/UBNA_001/20221012_030000.WAV,Telephone Field,recover-20221013,001,1795
1485.7895,1485.8281,68437,82522,Rhinolophus ferrumequinum,0.024,0.024,-1,Echolocation,/mnt/ubna_data_02_mir/recover-20221013/UBNA_001/20221012_030000.WAV,Telephone Field,recover-20221013,001,1795
1485.8125,1485.8256,23750,28916,Nyctalus leisleri,0.018,0.036,-1,Echolocation,/mnt/ubna_data_02_mir/recover-20221013/UBNA_001/20221012_030000.WAV,Telephone Field,recover-20221013,001,1795
1485.8195,1485.8625,68437,83348,Rhinolophus ferrumequinum,0.044,0.044,-1,Echolocation,/mnt/ubna_data_02_mir/recover-20221013/UBNA_001/20221012_030000.WAV,Telephone Field,recover-20221013,001,1795
1485.8225,1485.832,42656,51590,Pipistrellus pipistrellus,0.02,0.041,-1,Echolocation,/mnt/ubna_data_02_mir/recover-20221013/UBNA_001/20221012_030000.WAV,Telephone Field,recover-20221013,001,1795
1485.8235,1485.8307,28046,45360,Eptesicus serotinus,0.006,0.022,-1,Echolocation,/mnt/ubna_data_02_mir/recover-20221013/UBNA_001/20221012_030000.WAV,Telephone Field,recover-20221013,001,1795
1485.8415,1485.8507,28046,36089,Eptesicus serotinus,0.011,0.025,-1,Echolocation,/mnt/ubna_data_02_mir/recover-20221013/UBNA_001/20221012_030000.WAV,Telephone Field,recover-20221013,001,1795
1485.8545,1485.8951,68437,82737,Rhinolophus ferrumequinum,0.023,0.023,-1,Echolocation,/mnt/ubna_data_02_mir/recover-20221013/UBNA_001/20221012_030000.WAV,Telephone Field,recover-20221013,001,1795
1485.8595,1485.8693,22890,28698,Nyctalus leisleri,0.009,0.022,-1,Echolocation,/mnt/ubna_data_02_mir/recover-20221013/UBNA_001/20221012_030000.WAV,Telephone Field,recover-20221013,001,1795
1485.8795,1485.9177,68437,81714,Rhinolophus ferrumequinum,0.022,0.023,-1,Echolocation,/mnt/ubna_data_02_mir/recover-20221013/UBNA_001/20221012_030000.WAV,Telephone Field,recover-20221013,001,1795
1485.8815,1485.89,44375,53544,Pipistrellus pipistrellus,0.013,0.022,-1,Echolocation,/mnt/ubna_data_02_mir/recover-20221013/UBNA_001/20221012_030000.WAV,Telephone Field,recover-20221013,001,1795
1485.9135,1485.922,47812,58815,Pipistrellus pipistrellus,0.019,0.022,-1,Echolocation,/mnt/ubna_data_02_mir/recover-20221013/UBNA_001/20221012_030000.WAV,Telephone Field,recover-20221013,001,1795
1485.9145,1485.9548,68437,82291,Rhinolophus ferrumequinum,0.034,0.034,-1,Echolocation,/mnt/ubna_data_02_mir/recover-20221013/UBNA_001/20221012_030000.WAV,Telephone Field,recover-20221013,001,1795
1485.9145,1485.9249,30625,39127,Eptesicus serotinus,0.015,0.035,-1,Echolocation,/mnt/ubna_data_02_mir/recover-20221013/UBNA_001/20221012_030000.WAV,Telephone Field,recover-20221013,001,1795
1485.9325,1485.9709,68437,81488,Rhinolophus ferrumequinum,0.022,0.022,-1,Echolocation,/mnt/ubna_data_02_mir/recover-20221013/UBNA_001/20221012_030000.WAV,Telephone Field,recover-20221013,001,1795
1485.9665,1485.9764,44375,51665,Pipistrellus pipistrellus,0.015,0.022,-1,Echolocation,/mnt/ubna_data_02_mir/recover-20221013/UBNA_001/20221012_030000.WAV,Telephone Field,recover-20221013,001,1795
1485.9785,1485.9872,29765,38481,Eptesicus serotinus,0.009,0.026,-1,Echolocation,/mnt/ubna_data_02_mir/recover-20221013/UBNA_001/20221012_030000.WAV,Telephone Field,recover-20221013,001,1795
1486.0015,1486.0094,47812,54222,Pipistrellus pipistrellus,0.024,0.032,-1,Echolocation,/mnt/ubna_data_02_mir/recover-20221013/UBNA_001/20221012_030000.WAV,Telephone Field,recover-20221013,001,1795
1486.0015,1486.0161,58125,65200,Pipistrellus pygmaeus,0.02,0.022,-1,Echolocation,/mnt/ubna_data_02_mir/recover-20221013/UBNA_001/20221012_030000.WAV,Telephone Field,recover-20221013,001,1795
1486.0015,1486.0349,68437,80125,Rhinolophus ferrumequinum,0.036,0.037,-1,Echolocation,/mnt/ubna_data_02_mir/recover-20221013/UBNA_001/20221012_030000.WAV,Telephone Field,recover-20221013,001,1795
1486.0015,1486.0104,19453,26611,Plecotus austriacus,0.01,0.036,-1,Echolocation,/mnt/ubna_data_02_mir/recover-20221013/UBNA_001/20221012_030000.WAV,Telephone Field,recover-20221013,001,1795
1486.0105,1486.0529,68437,82238,Rhinolophus ferrumequinum,0.027,0.028,-1,Echolocation,/mnt/ubna_data_02_mir/recover-20221013/UBNA_001/20221012_030000.WAV,Telephone Field,recover-20221013,001,1795
1486.0495,1486.088,68437,81721,Rhinolophus ferrumequinum,0.024,0.024,-1,Echolocation,/mnt/ubna_data_02_mir/recover-20221013/UBNA_001/20221012_030000.WAV,Telephone Field,recover-20221013,001,1795
1486.0635,1486.102,68437,81944,Rhinolophus ferrumequinum,0.024,0.024,-1,Echolocation,/mnt/ubna_data_02_mir/recover-20221013/UBNA_001/20221012_030000.WAV,Telephone Field,recover-20221013,001,1795
1486.1085,1486.1189,46093,49304,Pipistrellus pipistrellus,0.039,0.042,-1,Echolocation,/mnt/ubna_data_02_mir/recover-20221013/UBNA_001/20221012_030000.WAV,Telephone Field,recover-20221013,001,1795
1486.1345,1486.1725,68437,81106,Rhinolophus ferrumequinum,0.022,0.022,-1,Echolocation,/mnt/ubna_data_02_mir/recover-20221013/UBNA_001/20221012_030000.WAV,Telephone Field,recover-20221013,001,1795
1486.1455,1486.1548,44375,51955,Pipistrellus pipistrellus,0.017,0.022,-1,Echolocation,/mnt/ubna_data_02_mir/recover-20221013/UBNA_001/20221012_030000.WAV,Telephone Field,recover-20221013,001,1795
1486.1655,1486.1761,23750,29116,Nyctalus leisleri,0.011,0.024,-1,Echolocation,/mnt/ubna_data_02_mir/recover-20221013/UBNA_001/20221012_030000.WAV,Telephone Field,recover-20221013,001,1795
1486.1665,1486.1723,49531,54036,Pipistrellus pipistrellus,0.02,0.021,-1,Echolocation,/mnt/ubna_data_02_mir/recover-20221013/UBNA_001/20221012_030000.WAV,Telephone Field,recover-20221013,001,1795
1486.1735,1486.2109,68437,81598,Rhinolophus ferrumequinum,0.022,0.022,-1,Echolocation,/mnt/ubna_data_02_mir/recover-20221013/UBNA_001/20221012_030000.WAV,Telephone Field,recover-20221013,001,1795
1486.1845,1486.2212,68437,81881,Rhinolophus ferrumequinum,0.024,0.024,-1,Echolocation,/mnt/ubna_data_02_mir/recover-20221013/UBNA_001/20221012_030000.WAV,Telephone Field,recover-20221013,001,1795
1486.2015,1486.2411,68437,82361,Rhinolophus ferrumequinum,0.022,0.022,-1,Echolocation,/mnt/ubna_data_02_mir/recover-20221013/UBNA_001/20221012_030000.WAV,Telephone Field,recover-20221013,001,1795
1486.2495,1486.2882,68437,82071,Rhinolophus ferrumequinum,0.021,0.021,-1,Echolocation,/mnt/ubna_data_02_mir/recover-20221013/UBNA_001/20221012_030000.WAV,Telephone Field,recover-20221013,001,1795
1486.2625,1486.2699,46953,54670,Pipistrellus pipistrellus,0.019,0.024,-1,Echolocation,/mnt/ubna_data_02_mir/recover-20221013/UBNA_001/20221012_030000.WAV,Telephone Field,recover-20221013,001,1795
1486.2675,1486.2775,27187,36658,Eptesicus serotinus,0.011,0.026,-1,Echolocation,/mnt/ubna_data_02_mir/recover-20221013/UBNA_001/20221012_030000.WAV,Telephone Field,recover-20221013,001,1795
1486.2815,1486.3223,68437,82674,Rhinolophus ferrumequinum,0.03,0.03,-1,Echolocation,/mnt/ubna_data_02_mir/recover-20221013/UBNA_001/20221012_030000.WAV,Telephone Field,recover-20221013,001,1795
1486.3175,1486.356,68437,82045,Rhinolophus ferrumequinum,0.035,0.035,-1,Echolocation,/mnt/ubna_data_02_mir/recover-20221013/UBNA_001/20221012_030000.WAV,Telephone Field,recover-20221013,001,1795
1486.3335,1486.3741,68437,82839,Rhinolophus ferrumequinum,0.025,0.025,-1,Echolocation,/mnt/ubna_data_02_mir/recover-20221013/UBNA_001/20221012_030000.WAV,Telephone Field,recover-20221013,001,1795
1486.3525,1486.363,24609,31174,Nyctalus leisleri,0.008,0.022,-1,Echolocation,/mnt/ubna_data_02_mir/recover-20221013/UBNA_001/20221012_030000.WAV,Telephone Field,recover-20221013,001,1795
1486.3735,1486.4184,68437,83691,Rhinolophus ferrumequinum,0.051,0.051,-1,Echolocation,/mnt/ubna_data_02_mir/recover-20221013/UBNA_001/20221012_030000.WAV,Telephone Field,recover-20221013,001,1795
1486.3955,1486.4333,68437,81757,Rhinolophus ferrumequinum,0.022,0.022,-1,Echolocation,/mnt/ubna_data_02_mir/recover-20221013/UBNA_001/20221012_030000.WAV,Telephone Field,recover-20221013,001,1795
1486.4015,1486.4091,50390,59192,Pipistrellus pipistrellus,0.02,0.025,-1,Echolocation,/mnt/ubna_data_02_mir/recover-20221013/UBNA_001/20221012_030000.WAV,Telephone Field,recover-20221013,001,1795
1486.4725,1486.5071,68437,81768,Rhinolophus ferrumequinum,0.022,0.022,-1,Echolocation,/mnt/ubna_data_02_mir/recover-20221013/UBNA_001/20221012_030000.WAV,Telephone Field,recover-20221013,001,1795
1486.4875,1486.529,68437,82801,Rhinolophus ferrumequinum,0.036,0.036,-1,Echolocation,/mnt/ubna_data_02_mir/recover-20221013/UBNA_001/20221012_030000.WAV,Telephone Field,recover-20221013,001,1795
1486.5425,1486.5818,68437,81680,Rhinolophus ferrumequinum,0.023,0.023,-1,Echolocation,/mnt/ubna_data_02_mir/recover-20221013/UBNA_001/20221012_030000.WAV,Telephone Field,recover-20221013,001,1795
1486.5585,1486.5927,68437,80989,Rhinolophus ferrumequinum,0.028,0.028,-1,Echolocation,/mnt/ubna_data_02_mir/recover-20221013/UBNA_001/20221012_030000.WAV,Telephone Field,recover-20221013,001,1795
1486.5745,1486.5849,46953,51158,Pipistrellus pipistrellus,0.024,0.028,-1,Echolocation,/mnt/ubna_data_02_mir/recover-20221013/UBNA_001/20221012_030000.WAV,Telephone Field,recover-20221013,001,1795
1486.5755,1486.6157,68437,82822,Rhinolophus ferrumequinum,0.028,0.028,-1,Echolocation,/mnt/ubna_data_02_mir/recover-20221013/UBNA_001/20221012_030000.WAV,Telephone Field,recover-20221013,001,1795
1486.5775,1486.5877,23750,29378,Nyctalus leisleri,0.011,0.026,-1,Echolocation,/mnt/ubna_data_02_mir/recover-20221013/UBNA_001/20221012_030000.WAV,Telephone Field,recover-20221013,001,1795
1486.6495,1486.6873,68437,81632,Rhinolophus ferrumequinum,0.021,0.021,-1,Echolocation,/mnt/ubna_data_02_mir/recover-20221013/UBNA_001/20221012_030000.WAV,Telephone Field,recover-20221013,001,1795
1486.6615,1486.7022,68437,82073,Rhinolophus ferrumequinum,0.027,0.027,-1,Echolocation,/mnt/ubna_data_02_mir/recover-20221013/UBNA_001/20221012_030000.WAV,Telephone Field,recover-20221013,001,1795
1486.6855,1486.721,68437,81649,Rhinolophus ferrumequinum,0.023,0.023,-1,Echolocation,/mnt/ubna_data_02_mir/recover-20221013/UBNA_001/20221012_030000.WAV,Telephone Field,recover-20221013,001,1795
1486.7035,1486.712,22890,30303,Plecotus austriacus,0.012,0.03,-1,Echolocation,/mnt/ubna_data_02_mir/recover-20221013/UBNA_001/20221012_030000.WAV,Telephone Field,recover-20221013,001,1795
1486.7645,1486.8017,68437,80869,Rhinolophus ferrumequinum,0.022,0.022,-1,Echolocation,/mnt/ubna_data_02_mir/recover-20221013/UBNA_001/20221012_030000.WAV,Telephone Field,recover-20221013,001,1795
1486.7725,1486.8116,68437,81422,Rhinolophus ferrumequinum,0.023,0.023,-1,Echolocation,/mnt/ubna_data_02_mir/recover-20221013/UBNA_001/20221012_030000.WAV,Telephone Field,recover-20221013,001,1795
1486.7895,1486.7991,25468,33063,Nyctalus leisleri,0.008,0.025,-1,Echolocation,/mnt/ubna_data_02_mir/recover-20221013/UBNA_001/20221012_030000.WAV,Telephone Field,recover-20221013,001,1795
1486.7925,1486.8272,68437,81651,Rhinolophus ferrumequinum,0.022,0.022,-1,Echolocation,/mnt/ubna_data_02_mir/recover-20221013/UBNA_001/20221012_030000.WAV,Telephone Field,recover-20221013,001,1795
1486.8715,1486.9144000000001,68437,83024,Rhinolophus ferrumequinum,0.028,0.028,-1,Echolocation,/mnt/ubna_data_02_mir/recover-20221013/UBNA_001/20221012_030000.WAV,Telephone Field,recover-20221013,001,1795
1486.8905,1486.8994,24609,31828,Eptesicus serotinus,0.008,0.024,-1,Echolocation,/mnt/ubna_data_02_mir/recover-20221013/UBNA_001/20221012_030000.WAV,Telephone Field,recover-20221013,001,1795
1486.8965,1486.9063,47812,54743,Pipistrellus pipistrellus,0.021,0.024,-1,Echolocation,/mnt/ubna_data_02_mir/recover-20221013/UBNA_001/20221012_030000.WAV,Telephone Field,recover-20221013,001,1795
1486.9055,1486.9434,68437,82461,Rhinolophus ferrumequinum,0.025,0.025,-1,Echolocation,/mnt/ubna_data_02_mir/recover-20221013/UBNA_001/20221012_030000.WAV,Telephone Field,recover-20221013,001,1795
1486.9215,1486.9324,28046,35173,Eptesicus serotinus,0.01,0.023,-1,Echolocation,/mnt/ubna_data_02_mir/recover-20221013/UBNA_001/20221012_030000.WAV,Telephone Field,recover-20221013,001,1795
1486.9535,1486.9915,68437,81554,Rhinolophus ferrumequinum,0.024,0.024,-1,Echolocation,/mnt/ubna_data_02_mir/recover-20221013/UBNA_001/20221012_030000.WAV,Telephone Field,recover-20221013,001,1795
1486.9765,1487.0145,68437,81692,Rhinolophus ferrumequinum,0.024,0.024,-1,Echolocation,/mnt/ubna_data_02_mir/recover-20221013/UBNA_001/20221012_030000.WAV,Telephone Field,recover-20221013,001,1795
1487.0165,1487.0255,28046,38791,Eptesicus serotinus,0.008,0.023,-1,Echolocation,/mnt/ubna_data_02_mir/recover-20221013/UBNA_001/20221012_030000.WAV,Telephone Field,recover-20221013,001,1795
1487.0175,1487.0524,68437,80789,Rhinolophus ferrumequinum,0.038,0.039,-1,Echolocation,/mnt/ubna_data_02_mir/recover-20221013/UBNA_001/20221012_030000.WAV,Telephone Field,recover-20221013,001,1795
1487.0335,1487.0706,68437,82009,Rhinolophus ferrumequinum,0.022,0.022,-1,Echolocation,/mnt/ubna_data_02_mir/recover-20221013/UBNA_001/20221012_030000.WAV,Telephone Field,recover-20221013,001,1795
1487.0455,1487.0848,68437,82026,Rhinolophus ferrumequinum,0.022,0.022,-1,Echolocation,/mnt/ubna_data_02_mir/recover-20221013/UBNA_001/20221012_030000.WAV,Telephone Field,recover-20221013,001,1795
1487.0495,1487.0589,27187,35586,Eptesicus serotinus,0.01,0.022,-1,Echolocation,/mnt/ubna_data_02_mir/recover-20221013/UBNA_001/20221012_030000.WAV,Telephone Field,recover-20221013,001,1795
1487.0665,1487.1063,68437,82583,Rhinolophus ferrumequinum,0.023,0.023,-1,Echolocation,/mnt/ubna_data_02_mir/recover-20221013/UBNA_001/20221012_030000.WAV,Telephone Field,recover-20221013,001,1795
1487.0795,1487.0874,26328,35751,Eptesicus serotinus,0.007,0.022,-1,Echolocation,/mnt/ubna_data_02_mir/recover-20221013/UBNA_001/20221012_030000.WAV,Telephone Field,recover-20221013,001,1795
1487.0825,1487.1169,68437,81658,Rhinolophus ferrumequinum,0.021,0.021,-1,Echolocation,/mnt/ubna_data_02_mir/recover-20221013/UBNA_001/20221012_030000.WAV,Telephone Field,recover-20221013,001,1795
1487.0965,1487.1356,68437,81572,Rhinolophus ferrumequinum,0.024,0.024,-1,Echolocation,/mnt/ubna_data_02_mir/recover-20221013/UBNA_001/20221012_030000.WAV,Telephone Field,recover-20221013,001,1795
1487.0985,1487.1095,22890,28099,Nyctalus leisleri,0.011,0.022,-1,Echolocation,/mnt/ubna_data_02_mir/recover-20221013/UBNA_001/20221012_030000.WAV,Telephone Field,recover-20221013,001,1795
1487.1285,1487.137,27187,41764,Eptesicus serotinus,0.008,0.022,-1,Echolocation,/mnt/ubna_data_02_mir/recover-20221013/UBNA_001/20221012_030000.WAV,Telephone Field,recover-20221013,001,1795
1487.1315,1487.1687,68437,81620,Rhinolophus ferrumequinum,0.028,0.028,-1,Echolocation,/mnt/ubna_data_02_mir/recover-20221013/UBNA_001/20221012_030000.WAV,Telephone Field,recover-20221013,001,1795
1487.1355,1487.1453,27187,34988,Eptesicus serotinus,0.01,0.024,-1,Echolocation,/mnt/ubna_data_02_mir/recover-20221013/UBNA_001/20221012_030000.WAV,Telephone Field,recover-20221013,001,1795
1487.1395,1487.1719,68437,79898,Rhinolophus ferrumequinum,0.021,0.022,-1,Echolocation,/mnt/ubna_data_02_mir/recover-20221013/UBNA_001/20221012_030000.WAV,Telephone Field,recover-20221013,001,1795
1487.1565,1487.1682,23750,29510,Nyctalus leisleri,0.01,0.023,-1,Echolocation,/mnt/ubna_data_02_mir/recover-20221013/UBNA_001/20221012_030000.WAV,Telephone Field,recover-20221013,001,1795
1487.1775,1487.1866,27187,36165,Eptesicus serotinus,0.009,0.023,-1,Echolocation,/mnt/ubna_data_02_mir/recover-20221013/UBNA_001/20221012_030000.WAV,Telephone Field,recover-20221013,001,1795
1487.1845,1487.2216,68437,80752,Rhinolophus ferrumequinum,0.022,0.022,-1,Echolocation,/mnt/ubna_data_02_mir/recover-20221013/UBNA_001/20221012_030000.WAV,Telephone Field,recover-20221013,001,1795
1487.2175,1487.2253,27187,38062,Eptesicus serotinus,0.007,0.025,-1,Echolocation,/mnt/ubna_data_02_mir/recover-20221013/UBNA_001/20221012_030000.WAV,Telephone Field,recover-20221013,001,1795
1487.2225,1487.2618,68437,82238,Rhinolophus ferrumequinum,0.027,0.028,-1,Echolocation,/mnt/ubna_data_02_mir/recover-20221013/UBNA_001/20221012_030000.WAV,Telephone Field,recover-20221013,001,1795
1487.2515,1487.259,28046,48493,Eptesicus serotinus,0.006,0.023,-1,Echolocation,/mnt/ubna_data_02_mir/recover-20221013/UBNA_001/20221012_030000.WAV,Telephone Field,recover-20221013,001,1795
1487.2725,1487.3107,68437,81551,Rhinolophus ferrumequinum,0.023,0.023,-1,Echolocation,/mnt/ubna_data_02_mir/recover-20221013/UBNA_001/20221012_030000.WAV,Telephone Field,recover-20221013,001,1795
1487.3085,1487.3456,68437,81575,Rhinolophus ferrumequinum,0.026,0.027,-1,Echolocation,/mnt/ubna_data_02_mir/recover-20221013/UBNA_001/20221012_030000.WAV,Telephone Field,recover-20221013,001,1795
1487.3575,1487.3994,68437,82435,Rhinolophus ferrumequinum,0.034,0.034,-1,Echolocation,/mnt/ubna_data_02_mir/recover-20221013/UBNA_001/20221012_030000.WAV,Telephone Field,recover-20221013,001,1795
1487.4265,1487.4604,68437,80743,Rhinolophus ferrumequinum,0.022,0.022,-1,Echolocation,/mnt/ubna_data_02_mir/recover-20221013/UBNA_001/20221012_030000.WAV,Telephone Field,recover-20221013,001,1795
1487.4325,1487.4643,68437,80744,Rhinolophus ferrumequinum,0.022,0.022,-1,Echolocation,/mnt/ubna_data_02_mir/recover-20221013/UBNA_001/20221012_030000.WAV,Telephone Field,recover-20221013,001,1795
1487.4455,1487.4577,22890,27957,Nyctalus leisleri,0.013,0.026,-1,Echolocation,/mnt/ubna_data_02_mir/recover-20221013/UBNA_001/20221012_030000.WAV,Telephone Field,recover-20221013,001,1795
1487.4595,1487.4957,68437,82276,Rhinolophus ferrumequinum,0.021,0.021,-1,Echolocation,/mnt/ubna_data_02_mir/recover-20221013/UBNA_001/20221012_030000.WAV,Telephone Field,recover-20221013,001,1795
1487.4755,1487.516,68437,82291,Rhinolophus ferrumequinum,0.025,0.025,-1,Echolocation,/mnt/ubna_data_02_mir/recover-20221013/UBNA_001/20221012_030000.WAV,Telephone Field,recover-20221013,001,1795
1487.4785,1487.4874,28046,37016,Eptesicus serotinus,0.008,0.023,-1,Echolocation,/mnt/ubna_data_02_mir/recover-20221013/UBNA_001/20221012_030000.WAV,Telephone Field,recover-20221013,001,1795
1487.5085,1487.5453,68437,81292,Rhinolophus ferrumequinum,0.023,0.023,-1,Echolocation,/mnt/ubna_data_02_mir/recover-20221013/UBNA_001/20221012_030000.WAV,Telephone Field,recover-20221013,001,1795
1487.5295,1487.5676,68437,82187,Rhinolophus ferrumequinum,0.023,0.023,-1,Echolocation,/mnt/ubna_data_02_mir/recover-20221013/UBNA_001/20221012_030000.WAV,Telephone Field,recover-20221013,001,1795
1487.5315,1487.5408,28046,36379,Eptesicus serotinus,0.008,0.022,-1,Echolocation,/mnt/ubna_data_02_mir/recover-20221013/UBNA_001/20221012_030000.WAV,Telephone Field,recover-20221013,001,1795
1487.5405,1487.5818,68437,82287,Rhinolophus ferrumequinum,0.025,0.025,-1,Echolocation,/mnt/ubna_data_02_mir/recover-20221013/UBNA_001/20221012_030000.WAV,Telephone Field,recover-20221013,001,1795
1487.5725,1487.5852,22890,26933,Nyctalus leisleri,0.015,0.028,-1,Echolocation,/mnt/ubna_data_02_mir/recover-20221013/UBNA_001/20221012_030000.WAV,Telephone Field,recover-20221013,001,1795
1487.6065,1487.6443,68437,82671,Rhinolophus ferrumequinum,0.026,0.026,-1,Echolocation,/mnt/ubna_data_02_mir/recover-20221013/UBNA_001/20221012_030000.WAV,Telephone Field,recover-20221013,001,1795
1487.6235,1487.66,68437,81599,Rhinolophus ferrumequinum,0.021,0.021,-1,Echolocation,/mnt/ubna_data_02_mir/recover-20221013/UBNA_001/20221012_030000.WAV,Telephone Field,recover-20221013,001,1795
1487.6295,1487.6369,28046,39116,Eptesicus serotinus,0.007,0.022,-1,Echolocation,/mnt/ubna_data_02_mir/recover-20221013/UBNA_001/20221012_030000.WAV,Telephone Field,recover-20221013,001,1795
1487.6945,1487.731,68437,82069,Rhinolophus ferrumequinum,0.026,0.026,-1,Echolocation,/mnt/ubna_data_02_mir/recover-20221013/UBNA_001/20221012_030000.WAV,Telephone Field,recover-20221013,001,1795
1487.7235,1487.7601,68437,82194,Rhinolophus ferrumequinum,0.036,0.036,-1,Echolocation,/mnt/ubna_data_02_mir/recover-20221013/UBNA_001/20221012_030000.WAV,Telephone Field,recover-20221013,001,1795
1487.7365,1487.7754,68437,82370,Rhinolophus ferrumequinum,0.028,0.028,-1,Echolocation,/mnt/ubna_data_02_mir/recover-20221013/UBNA_001/20221012_030000.WAV,Telephone Field,recover-20221013,001,1795
1487.7705,1487.8143,68437,82596,Rhinolophus ferrumequinum,0.025,0.025,-1,Echolocation,/mnt/ubna_data_02_mir/recover-20221013/UBNA_001/20221012_030000.WAV,Telephone Field,recover-20221013,001,1795
1487.7885,1487.8282,68437,82817,Rhinolophus ferrumequinum,0.024,0.024,-1,Echolocation,/mnt/ubna_data_02_mir/recover-20221013/UBNA_001/20221012_030000.WAV,Telephone Field,recover-20221013,001,1795
1487.7915,1487.8008,41796,51470,Pipistrellus pipistrellus,0.008,0.028,-1,Echolocation,/mnt/ubna_data_02_mir/recover-20221013/UBNA_001/20221012_030000.WAV,Telephone Field,recover-20221013,001,1795
1487.8275,1487.8386,23750,28975,Nyctalus leisleri,0.014,0.027,-1,Echolocation,/mnt/ubna_data_02_mir/recover-20221013/UBNA_001/20221012_030000.WAV,Telephone Field,recover-20221013,001,1795
1487.8505,1487.8883,68437,81332,Rhinolophus ferrumequinum,0.021,0.021,-1,Echolocation,/mnt/ubna_data_02_mir/recover-20221013/UBNA_001/20221012_030000.WAV,Telephone Field,recover-20221013,001,1795
1487.8545,1487.8653,24609,30291,Nyctalus leisleri,0.016,0.036,-1,Echolocation,/mnt/ubna_data_02_mir/recover-20221013/UBNA_001/20221012_030000.WAV,Telephone Field,recover-20221013,001,1795
1487.8555,1487.8917,68437,81434,Rhinolophus ferrumequinum,0.021,0.021,-1,Echolocation,/mnt/ubna_data_02_mir/recover-20221013/UBNA_001/20221012_030000.WAV,Telephone Field,recover-20221013,001,1795
1487.8925,1487.9016,28046,36832,Eptesicus serotinus,0.008,0.023,-1,Echolocation,/mnt/ubna_data_02_mir/recover-20221013/UBNA_001/20221012_030000.WAV,Telephone Field,recover-20221013,001,1795
1487.9055,1487.9433,68437,82293,Rhinolophus ferrumequinum,0.033,0.033,-1,Echolocation,/mnt/ubna_data_02_mir/recover-20221013/UBNA_001/20221012_030000.WAV,Telephone Field,recover-20221013,001,1795
1487.9405,1487.979,68437,81587,Rhinolophus ferrumequinum,0.023,0.023,-1,Echolocation,/mnt/ubna_data_02_mir/recover-20221013/UBNA_001/20221012_030000.WAV,Telephone Field,recover-20221013,001,1795
1487.9415,1487.9528,23750,30039,Nyctalus leisleri,0.024,0.059,-1,Echolocation,/mnt/ubna_data_02_mir/recover-20221013/UBNA_001/20221012_030000.WAV,Telephone Field,recover-20221013,001,1795
1487.9695,1487.9772,48671,53731,Pipistrellus pipistrellus,0.022,0.023,-1,Echolocation,/mnt/ubna_data_02_mir/recover-20221013/UBNA_001/20221012_030000.WAV,Telephone Field,recover-20221013,001,1795
1488.0015,1488.0115,26328,33869,Nyctalus leisleri,0.012,0.034,-1,Echolocation,/mnt/ubna_data_02_mir/recover-20221013/UBNA_001/20221012_030000.WAV,Telephone Field,recover-20221013,001,1795
1488.0015,1488.0351,68437,79875,Rhinolophus ferrumequinum,0.026,0.026,-1,Echolocation,/mnt/ubna_data_02_mir/recover-20221013/UBNA_001/20221012_030000.WAV,Telephone Field,recover-20221013,001,1795
1488.0095,1488.0536,68437,82274,Rhinolophus ferrumequinum,0.023,0.023,-1,Echolocation,/mnt/ubna_data_02_mir/recover-20221013/UBNA_001/20221012_030000.WAV,Telephone Field,recover-20221013,001,1795
1488.0175,1488.0282,25468,31529,Eptesicus serotinus,0.101,0.187,-1,Echolocation,/mnt/ubna_data_02_mir/recover-20221013/UBNA_001/20221012_030000.WAV,Telephone Field,recover-20221013,001,1795
1488.0295,1488.071,68437,83395,Rhinolophus ferrumequinum,0.038,0.038,-1,Echolocation,/mnt/ubna_data_02_mir/recover-20221013/UBNA_001/20221012_030000.WAV,Telephone Field,recover-20221013,001,1795
1488.0575,1488.0976,68437,82374,Rhinolophus ferrumequinum,0.024,0.024,-1,Echolocation,/mnt/ubna_data_02_mir/recover-20221013/UBNA_001/20221012_030000.WAV,Telephone Field,recover-20221013,001,1795
1488.0675,1488.1101,68437,83012,Rhinolophus ferrumequinum,0.031,0.031,-1,Echolocation,/mnt/ubna_data_02_mir/recover-20221013/UBNA_001/20221012_030000.WAV,Telephone Field,recover-20221013,001,1795
1488.1055,1488.1468,68437,82811,Rhinolophus ferrumequinum,0.03,0.03,-1,Echolocation,/mnt/ubna_data_02_mir/recover-20221013/UBNA_001/20221012_030000.WAV,Telephone Field,recover-20221013,001,1795
1488.1215,1488.1334,37500,43727,Pipistrellus nathusii,0.009,0.029,-1,Echolocation,/mnt/ubna_data_02_mir/recover-20221013/UBNA_001/20221012_030000.WAV,Telephone Field,recover-20221013,001,1795
1488.1265,1488.1326,32343,47984,Myotis daubentonii,0.011,0.023,-1,Echolocation,/mnt/ubna_data_02_mir/recover-20221013/UBNA_001/20221012_030000.WAV,Telephone Field,recover-20221013,001,1795
1488.1275,1488.1341,24609,38853,Myotis nattereri,0.007,0.023,-1,Echolocation,/mnt/ubna_data_02_mir/recover-20221013/UBNA_001/20221012_030000.WAV,Telephone Field,recover-20221013,001,1795
1488.1705,1488.2141,68437,83045,Rhinolophus ferrumequinum,0.028,0.028,-1,Echolocation,/mnt/ubna_data_02_mir/recover-20221013/UBNA_001/20221012_030000.WAV,Telephone Field,recover-20221013,001,1795
1488.2025,1488.2095,27187,43811,Myotis daubentonii,0.006,0.024,-1,Echolocation,/mnt/ubna_data_02_mir/recover-20221013/UBNA_001/20221012_030000.WAV,Telephone Field,recover-20221013,001,1795
1488.2325,1488.2408,23750,31301,Plecotus austriacus,0.008,0.023,-1,Echolocation,/mnt/ubna_data_02_mir/recover-20221013/UBNA_001/20221012_030000.WAV,Telephone Field,recover-20221013,001,1795
1488.2365,1488.2748,68437,81656,Rhinolophus ferrumequinum,0.023,0.023,-1,Echolocation,/mnt/ubna_data_02_mir/recover-20221013/UBNA_001/20221012_030000.WAV,Telephone Field,recover-20221013,001,1795
1488.2585,1488.3001,68437,82654,Rhinolophus ferrumequinum,0.029,0.029,-1,Echolocation,/mnt/ubna_data_02_mir/recover-20221013/UBNA_001/20221012_030000.WAV,Telephone Field,recover-20221013,001,1795
1488.2635,1488.2744,22890,28163,Nyctalus leisleri,0.012,0.026,-1,Echolocation,/mnt/ubna_data_02_mir/recover-20221013/UBNA_001/20221012_030000.WAV,Telephone Field,recover-20221013,001,1795
1488.2885,1488.3294,68437,81607,Rhinolophus ferrumequinum,0.025,0.025,-1,Echolocation,/mnt/ubna_data_02_mir/recover-20221013/UBNA_001/20221012_030000.WAV,Telephone Field,recover-20221013,001,1795
1488.2945,1488.3051,23750,30789,Nyctalus leisleri,0.01,0.026,-1,Echolocation,/mnt/ubna_data_02_mir/recover-20221013/UBNA_001/20221012_030000.WAV,Telephone Field,recover-20221013,001,1795
1488.2965,1488.3334,68437,82214,Rhinolophus ferrumequinum,0.023,0.023,-1,Echolocation,/mnt/ubna_data_02_mir/recover-20221013/UBNA_001/20221012_030000.WAV,Telephone Field,recover-20221013,001,1795
1488.3195,1488.3577,68437,82132,Rhinolophus ferrumequinum,0.027,0.027,-1,Echolocation,/mnt/ubna_data_02_mir/recover-20221013/UBNA_001/20221012_030000.WAV,Telephone Field,recover-20221013,001,1795
1488.3595,1488.3693,22890,29656,Nyctalus leisleri,0.01,0.029,-1,Echolocation,/mnt/ubna_data_02_mir/recover-20221013/UBNA_001/20221012_030000.WAV,Telephone Field,recover-20221013,001,1795
1488.3795,1488.4172,68437,82106,Rhinolophus ferrumequinum,0.031,0.031,-1,Echolocation,/mnt/ubna_data_02_mir/recover-20221013/UBNA_001/20221012_030000.WAV,Telephone Field,recover-20221013,001,1795
1488.3875,1488.4212,68437,81485,Rhinolophus ferrumequinum,0.024,0.024,-1,Echolocation,/mnt/ubna_data_02_mir/recover-20221013/UBNA_001/20221012_030000.WAV,Telephone Field,recover-20221013,001,1795
1488.3995,1488.4076,28046,41350,Eptesicus serotinus,0.008,0.022,-1,Echolocation,/mnt/ubna_data_02_mir/recover-20221013/UBNA_001/20221012_030000.WAV,Telephone Field,recover-20221013,001,1795
1488.3995,1488.437,68437,81608,Rhinolophus ferrumequinum,0.023,0.023,-1,Echolocation,/mnt/ubna_data_02_mir/recover-20221013/UBNA_001/20221012_030000.WAV,Telephone Field,recover-20221013,001,1795
1488.4335,1488.4661,68437,81209,Rhinolophus ferrumequinum,0.022,0.022,-1,Echolocation,/mnt/ubna_data_02_mir/recover-20221013/UBNA_001/20221012_030000.WAV,Telephone Field,recover-20221013,001,1795
1488.4355,1488.4424,24609,36784,Plecotus austriacus,0.014,0.036,-1,Echolocation,/mnt/ubna_data_02_mir/recover-20221013/UBNA_001/20221012_030000.WAV,Telephone Field,recover-20221013,001,1795
1488.4625,1488.5012,68437,81721,Rhinolophus ferrumequinum,0.022,0.022,-1,Echolocation,/mnt/ubna_data_02_mir/recover-20221013/UBNA_001/20221012_030000.WAV,Telephone Field,recover-20221013,001,1795
1488.4685,1488.4755,27187,40537,Eptesicus serotinus,0.006,0.022,-1,Echolocation,/mnt/ubna_data_02_mir/recover-20221013/UBNA_001/20221012_030000.WAV,Telephone Field,recover-20221013,001,1795
1488.4695,1488.4785,22890,30208,Plecotus austriacus,0.009,0.023,-1,Echolocation,/mnt/ubna_data_02_mir/recover-20221013/UBNA_001/20221012_030000.WAV,Telephone Field,recover-20221013,001,1795
1488.4705,1488.4779,47812,59078,Pipistrellus pipistrellus,0.013,0.022,-1,Echolocation,/mnt/ubna_data_02_mir/recover-20221013/UBNA_001/20221012_030000.WAV,Telephone Field,recover-20221013,001,1795
1488.4925,1488.5313,68437,82112,Rhinolophus ferrumequinum,0.024,0.024,-1,Echolocation,/mnt/ubna_data_02_mir/recover-20221013/UBNA_001/20221012_030000.WAV,Telephone Field,recover-20221013,001,1795
1488.5165,1488.5589,68437,82679,Rhinolophus ferrumequinum,0.03,0.03,-1,Echolocation,/mnt/ubna_data_02_mir/recover-20221013/UBNA_001/20221012_030000.WAV,Telephone Field,recover-20221013,001,1795
1488.5335,1488.5399,24609,36984,Plecotus austriacus,0.007,0.023,-1,Echolocation,/mnt/ubna_data_02_mir/recover-20221013/UBNA_001/20221012_030000.WAV,Telephone Field,recover-20221013,001,1795
1488.5515,1488.5868,68437,81855,Rhinolophus ferrumequinum,0.039,0.039,-1,Echolocation,/mnt/ubna_data_02_mir/recover-20221013/UBNA_001/20221012_030000.WAV,Telephone Field,recover-20221013,001,1795
1488.6225,1488.6614,68437,82313,Rhinolophus ferrumequinum,0.024,0.024,-1,Echolocation,/mnt/ubna_data_02_mir/recover-20221013/UBNA_001/20221012_030000.WAV,Telephone Field,recover-20221013,001,1795
1488.6315,1488.6503,21171,23808,Nyctalus leisleri,0.026,0.039,-1,Echolocation,/mnt/ubna_data_02_mir/recover-20221013/UBNA_001/20221012_030000.WAV,Telephone Field,recover-20221013,001,1795
1488.6335,1488.6731,68437,82647,Rhinolophus ferrumequinum,0.028,0.028,-1,Echolocation,/mnt/ubna_data_02_mir/recover-20221013/UBNA_001/20221012_030000.WAV,Telephone Field,recover-20221013,001,1795
1488.6505,1488.6568,27187,38801,Eptesicus serotinus,0.005,0.025,-1,Echolocation,/mnt/ubna_data_02_mir/recover-20221013/UBNA_001/20221012_030000.WAV,Telephone Field,recover-20221013,001,1795
1488.6655,1488.6753,22031,27167,Nyctalus leisleri,0.009,0.024,-1,Echolocation,/mnt/ubna_data_02_mir/recover-20221013/UBNA_001/20221012_030000.WAV,Telephone Field,recover-20221013,001,1795
1488.6725,1488.7103,68437,82556,Rhinolophus ferrumequinum,0.025,0.025,-1,Echolocation,/mnt/ubna_data_02_mir/recover-20221013/UBNA_001/20221012_030000.WAV,Telephone Field,recover-20221013,001,1795
1488.6955,1488.7365,68437,82500,Rhinolophus ferrumequinum,0.028,0.028,-1,Echolocation,/mnt/ubna_data_02_mir/recover-20221013/UBNA_001/20221012_030000.WAV,Telephone Field,recover-20221013,001,1795
1488.7075,1488.7445,68437,82594,Rhinolophus ferrumequinum,0.025,0.026,-1,Echolocation,/mnt/ubna_data_02_mir/recover-20221013/UBNA_001/20221012_030000.WAV,Telephone Field,recover-20221013,001,1795
1488.7215,1488.7586000000001,68437,81765,Rhinolophus ferrumequinum,0.034,0.035,-1,Echolocation,/mnt/ubna_data_02_mir/recover-20221013/UBNA_001/20221012_030000.WAV,Telephone Field,recover-20221013,001,1795
1488.7535,1488.7943,68437,82544,Rhinolophus ferrumequinum,0.025,0.025,-1,Echolocation,/mnt/ubna_data_02_mir/recover-20221013/UBNA_001/20221012_030000.WAV,Telephone Field,recover-20221013,001,1795
1488.7595,1488.8003,68437,82613,Rhinolophus ferrumequinum,0.026,0.026,-1,Echolocation,/mnt/ubna_data_02_mir/recover-20221013/UBNA_001/20221012_030000.WAV,Telephone Field,recover-20221013,001,1795
1488.8075,1488.8495,68437,82676,Rhinolophus ferrumequinum,0.04,0.04,-1,Echolocation,/mnt/ubna_data_02_mir/recover-20221013/UBNA_001/20221012_030000.WAV,Telephone Field,recover-20221013,001,1795
1488.8095,1488.8176,45234,49513,Pipistrellus pipistrellus,0.028,0.029,-1,Echolocation,/mnt/ubna_data_02_mir/recover-20221013/UBNA_001/20221012_030000.WAV,Telephone Field,recover-20221013,001,1795
1488.8535,1488.8925,68437,81955,Rhinolophus ferrumequinum,0.023,0.023,-1,Echolocation,/mnt/ubna_data_02_mir/recover-20221013/UBNA_001/20221012_030000.WAV,Telephone Field,recover-20221013,001,1795
1488.8725,1488.9116,68437,82133,Rhinolophus ferrumequinum,0.022,0.022,-1,Echolocation,/mnt/ubna_data_02_mir/recover-20221013/UBNA_001/20221012_030000.WAV,Telephone Field,recover-20221013,001,1795
1488.8965,1488.9076,22890,28500,Nyctalus leisleri,0.01,0.024,-1,Echolocation,/mnt/ubna_data_02_mir/recover-20221013/UBNA_001/20221012_030000.WAV,Telephone Field,recover-20221013,001,1795
1488.9025,1488.912,28906,36935,Eptesicus serotinus,0.01,0.025,-1,Echolocation,/mnt/ubna_data_02_mir/recover-20221013/UBNA_001/20221012_030000.WAV,Telephone Field,recover-20221013,001,1795
1488.9335,1488.941,51250,60462,Pipistrellus pipistrellus,0.02,0.025,-1,Echolocation,/mnt/ubna_data_02_mir/recover-20221013/UBNA_001/20221012_030000.WAV,Telephone Field,recover-20221013,001,1795
1488.9625,1489.0009,68437,81096,Rhinolophus ferrumequinum,0.023,0.023,-1,Echolocation,/mnt/ubna_data_02_mir/recover-20221013/UBNA_001/20221012_030000.WAV,Telephone Field,recover-20221013,001,1795
1488.9635,1488.9713,49531,56536,Pipistrellus pipistrellus,0.024,0.027,-1,Echolocation,/mnt/ubna_data_02_mir/recover-20221013/UBNA_001/20221012_030000.WAV,Telephone Field,recover-20221013,001,1795
1488.9695,1489.0071,68437,81042,Rhinolophus ferrumequinum,0.025,0.025,-1,Echolocation,/mnt/ubna_data_02_mir/recover-20221013/UBNA_001/20221012_030000.WAV,Telephone Field,recover-20221013,001,1795
1489.0085,1489.0198,27187,34532,Eptesicus serotinus,0.011,0.023,-1,Echolocation,/mnt/ubna_data_02_mir/recover-20221013/UBNA_001/20221012_030000.WAV,Telephone Field,recover-20221013,001,1795
1489.0105,1489.0508,68437,82196,Rhinolophus ferrumequinum,0.023,0.023,-1,Echolocation,/mnt/ubna_data_02_mir/recover-20221013/UBNA_001/20221012_030000.WAV,Telephone Field,recover-20221013,001,1795
1489.0175,1489.0238,50390,54878,Pipistrellus pipistrellus,0.021,0.022,-1,Echolocation,/mnt/ubna_data_02_mir/recover-20221013/UBNA_001/20221012_030000.WAV,Telephone Field,recover-20221013,001,1795
1489.0275,1489.0647,68437,82236,Rhinolophus ferrumequinum,0.037,0.037,-1,Echolocation,/mnt/ubna_data_02_mir/recover-20221013/UBNA_001/20221012_030000.WAV,Telephone Field,recover-20221013,001,1795
1489.0295,1489.0424,22890,26675,Nyctalus leisleri,0.017,0.029,-1,Echolocation,/mnt/ubna_data_02_mir/recover-20221013/UBNA_001/20221012_030000.WAV,Telephone Field,recover-20221013,001,1795
1489.0565,1489.0652,28906,40484,Eptesicus serotinus,0.008,0.022,-1,Echolocation,/mnt/ubna_data_02_mir/recover-20221013/UBNA_001/20221012_030000.WAV,Telephone Field,recover-20221013,001,1795
1489.0785,1489.1174,68437,82938,Rhinolophus ferrumequinum,0.037,0.037,-1,Echolocation,/mnt/ubna_data_02_mir/recover-20221013/UBNA_001/20221012_030000.WAV,Telephone Field,recover-20221013,001,1795
1489.0945,1489.104,40078,47388,Pipistrellus nathusii,0.007,0.023,-1,Echolocation,/mnt/ubna_data_02_mir/recover-20221013/UBNA_001/20221012_030000.WAV,Telephone Field,recover-20221013,001,1795
1489.1045,1489.1448,68437,82177,Rhinolophus ferrumequinum,0.022,0.022,-1,Echolocation,/mnt/ubna_data_02_mir/recover-20221013/UBNA_001/20221012_030000.WAV,Telephone Field,recover-20221013,001,1795
1489.1115,1489.1484,68437,82262,Rhinolophus ferrumequinum,0.022,0.022,-1,Echolocation,/mnt/ubna_data_02_mir/recover-20221013/UBNA_001/20221012_030000.WAV,Telephone Field,recover-20221013,001,1795
1489.1425,1489.1529,22031,26457,Nyctalus leisleri,0.012,0.022,-1,Echolocation,/mnt/ubna_data_02_mir/recover-20221013/UBNA_001/20221012_030000.WAV,Telephone Field,recover-20221013,001,1795
1489.1585,1489.197,68437,81434,Rhinolophus ferrumequinum,0.023,0.023,-1,Echolocation,/mnt/ubna_data_02_mir/recover-20221013/UBNA_001/20221012_030000.WAV,Telephone Field,recover-20221013,001,1795
1489.1685,1489.205,68437,81832,Rhinolophus ferrumequinum,0.024,0.024,-1,Echolocation,/mnt/ubna_data_02_mir/recover-20221013/UBNA_001/20221012_030000.WAV,Telephone Field,recover-20221013,001,1795
1489.1695,1489.1774,46953,53687,Pipistrellus pipistrellus,0.021,0.024,-1,Echolocation,/mnt/ubna_data_02_mir/recover-20221013/UBNA_001/20221012_030000.WAV,Telephone Field,recover-20221013,001,1795
1489.1735,1489.1802,25468,38638,Plecotus austriacus,0.009,0.027,-1,Echolocation,/mnt/ubna_data_02_mir/recover-20221013/UBNA_001/20221012_030000.WAV,Telephone Field,recover-20221013,001,1795
1489.1785,1489.1917,21171,24734,Nyctalus leisleri,0.016,0.026,-1,Echolocation,/mnt/ubna_data_02_mir/recover-20221013/UBNA_001/20221012_030000.WAV,Telephone Field,recover-20221013,001,1795
1489.2225,1489.2295,47812,57660,Pipistrellus pipistrellus,0.014,0.023,-1,Echolocation,/mnt/ubna_data_02_mir/recover-20221013/UBNA_001/20221012_030000.WAV,Telephone Field,recover-20221013,001,1795
1489.2235,1489.2658,68437,82541,Rhinolophus ferrumequinum,0.038,0.038,-1,Echolocation,/mnt/ubna_data_02_mir/recover-20221013/UBNA_001/20221012_030000.WAV,Telephone Field,recover-20221013,001,1795
1489.2415,1489.257,21171,24574,Nyctalus leisleri,0.015,0.025,-1,Echolocation,/mnt/ubna_data_02_mir/recover-20221013/UBNA_001/20221012_030000.WAV,Telephone Field,recover-20221013,001,1795
1489.2725,1489.2881,16015,20932,Nyctalus noctula,0.016,0.024,-1,Echolocation,/mnt/ubna_data_02_mir/recover-20221013/UBNA_001/20221012_030000.WAV,Telephone Field,recover-20221013,001,1795
1489.2825,1489.322,68437,82348,Rhinolophus ferrumequinum,0.023,0.023,-1,Echolocation,/mnt/ubna_data_02_mir/recover-20221013/UBNA_001/20221012_030000.WAV,Telephone Field,recover-20221013,001,1795
1489.3115,1489.3488,68437,81643,Rhinolophus ferrumequinum,0.023,0.023,-1,Echolocation,/mnt/ubna_data_02_mir/recover-20221013/UBNA_001/20221012_030000.WAV,Telephone Field,recover-20221013,001,1795
1489.3185,1489.3566,68437,81694,Rhinolophus ferrumequinum,0.023,0.023,-1,Echolocation,/mnt/ubna_data_02_mir/recover-20221013/UBNA_001/20221012_030000.WAV,Telephone Field,recover-20221013,001,1795
1489.3385,1489.3442,24609,39076,Plecotus austriacus,0.02,0.046,-1,Echolocation,/mnt/ubna_data_02_mir/recover-20221013/UBNA_001/20221012_030000.WAV,Telephone Field,recover-20221013,001,1795
1489.3625,1489.3994,68437,81544,Rhinolophus ferrumequinum,0.023,0.023,-1,Echolocation,/mnt/ubna_data_02_mir/recover-20221013/UBNA_001/20221012_030000.WAV,Telephone Field,recover-20221013,001,1795
1489.3835,1489.421,68437,82273,Rhinolophus ferrumequinum,0.028,0.028,-1,Echolocation,/mnt/ubna_data_02_mir/recover-20221013/UBNA_001/20221012_030000.WAV,Telephone Field,recover-20221013,001,1795
1489.4065,1489.4158,27187,35613,Eptesicus serotinus,0.011,0.024,-1,Echolocation,/mnt/ubna_data_02_mir/recover-20221013/UBNA_001/20221012_030000.WAV,Telephone Field,recover-20221013,001,1795
1489.4385,1489.4494,22890,27805,Nyctalus leisleri,0.012,0.025,-1,Echolocation,/mnt/ubna_data_02_mir/recover-20221013/UBNA_001/20221012_030000.WAV,Telephone Field,recover-20221013,001,1795
1489.4455,1489.488,68437,82832,Rhinolophus ferrumequinum,0.024,0.024,-1,Echolocation,/mnt/ubna_data_02_mir/recover-20221013/UBNA_001/20221012_030000.WAV,Telephone Field,recover-20221013,001,1795
1489.4735,1489.514,68437,82744,Rhinolophus ferrumequinum,0.027,0.027,-1,Echolocation,/mnt/ubna_data_02_mir/recover-20221013/UBNA_001/20221012_030000.WAV,Telephone Field,recover-20221013,001,1795
1489.4795,1489.5197,68437,83135,Rhinolophus ferrumequinum,0.027,0.027,-1,Echolocation,/mnt/ubna_data_02_mir/recover-20221013/UBNA_001/20221012_030000.WAV,Telephone Field,recover-20221013,001,1795
1489.5155,1489.5506,68437,81235,Rhinolophus ferrumequinum,0.026,0.026,-1,Echolocation,/mnt/ubna_data_02_mir/recover-20221013/UBNA_001/20221012_030000.WAV,Telephone Field,recover-20221013,001,1795
1489.5685,1489.6078,68437,81657,Rhinolophus ferrumequinum,0.024,0.025,-1,Echolocation,/mnt/ubna_data_02_mir/recover-20221013/UBNA_001/20221012_030000.WAV,Telephone Field,recover-20221013,001,1795
1489.5885,1489.6288,68437,83031,Rhinolophus ferrumequinum,0.026,0.026,-1,Echolocation,/mnt/ubna_data_02_mir/recover-20221013/UBNA_001/20221012_030000.WAV,Telephone Field,recover-20221013,001,1795
1489.5895,1489.6003,22890,27849,Nyctalus leisleri,0.012,0.023,-1,Echolocation,/mnt/ubna_data_02_mir/recover-20221013/UBNA_001/20221012_030000.WAV,Telephone Field,recover-20221013,001,1795
1489.6225,1489.6336000000001,22031,26220,Nyctalus leisleri,0.013,0.023,-1,Echolocation,/mnt/ubna_data_02_mir/recover-20221013/UBNA_001/20221012_030000.WAV,Telephone Field,recover-20221013,001,1795
1489.6285,1489.672,68437,83112,Rhinolophus ferrumequinum,0.047,0.047,-1,Echolocation,/mnt/ubna_data_02_mir/recover-20221013/UBNA_001/20221012_030000.WAV,Telephone Field,recover-20221013,001,1795
1489.6535,1489.6632,28906,37470,Eptesicus serotinus,0.011,0.027,-1,Echolocation,/mnt/ubna_data_02_mir/recover-20221013/UBNA_001/20221012_030000.WAV,Telephone Field,recover-20221013,001,1795
1489.6895,1489.7262,68437,82177,Rhinolophus ferrumequinum,0.024,0.024,-1,Echolocation,/mnt/ubna_data_02_mir/recover-20221013/UBNA_001/20221012_030000.WAV,Telephone Field,recover-20221013,001,1795
1489.7375,1489.7485,28906,35302,Eptesicus serotinus,0.01,0.025,-1,Echolocation,/mnt/ubna_data_02_mir/recover-20221013/UBNA_001/20221012_030000.WAV,Telephone Field,recover-20221013,001,1795
1489.7405,1489.779,68437,82039,Rhinolophus ferrumequinum,0.03,0.03,-1,Echolocation,/mnt/ubna_data_02_mir/recover-20221013/UBNA_001/20221012_030000.WAV,Telephone Field,recover-20221013,001,1795
1489.7445,1489.7503,39218,52127,Myotis daubentonii,0.009,0.025,-1,Echolocation,/mnt/ubna_data_02_mir/recover-20221013/UBNA_001/20221012_030000.WAV,Telephone Field,recover-20221013,001,1795
1489.7765,1489.813,68437,81646,Rhinolophus ferrumequinum,0.023,0.023,-1,Echolocation,/mnt/ubna_data_02_mir/recover-20221013/UBNA_001/20221012_030000.WAV,Telephone Field,recover-20221013,001,1795
1489.7895,1489.8278,68437,81065,Rhinolophus ferrumequinum,0.024,0.024,-1,Echolocation,/mnt/ubna_data_02_mir/recover-20221013/UBNA_001/20221012_030000.WAV,Telephone Field,recover-20221013,001,1795
1489.7955,1489.8347,68437,81187,Rhinolophus ferrumequinum,0.025,0.025,-1,Echolocation,/mnt/ubna_data_02_mir/recover-20221013/UBNA_001/20221012_030000.WAV,Telephone Field,recover-20221013,001,1795
1489.7965,1489.8062,28046,36932,Eptesicus serotinus,0.009,0.024,-1,Echolocation,/mnt/ubna_data_02_mir/recover-20221013/UBNA_001/20221012_030000.WAV,Telephone Field,recover-20221013,001,1795
1489.8225,1489.8337,28906,34579,Eptesicus serotinus,0.012,0.026,-1,Echolocation,/mnt/ubna_data_02_mir/recover-20221013/UBNA_001/20221012_030000.WAV,Telephone Field,recover-20221013,001,1795
1489.8675,1489.9057,68437,81927,Rhinolophus ferrumequinum,0.022,0.022,-1,Echolocation,/mnt/ubna_data_02_mir/recover-20221013/UBNA_001/20221012_030000.WAV,Telephone Field,recover-20221013,001,1795
1489.8685,1489.8786,22890,27954,Nyctalus leisleri,0.012,0.027,-1,Echolocation,/mnt/ubna_data_02_mir/recover-20221013/UBNA_001/20221012_030000.WAV,Telephone Field,recover-20221013,001,1795
1489.8855,1489.8919,25468,40090,Plecotus austriacus,0.008,0.031,-1,Echolocation,/mnt/ubna_data_02_mir/recover-20221013/UBNA_001/20221012_030000.WAV,Telephone Field,recover-20221013,001,1795
1489.9075,1489.9494,68437,82843,Rhinolophus ferrumequinum,0.027,0.027,-1,Echolocation,/mnt/ubna_data_02_mir/recover-20221013/UBNA_001/20221012_030000.WAV,Telephone Field,recover-20221013,001,1795
1489.9165,1489.9573,68437,82248,Rhinolophus ferrumequinum,0.024,0.024,-1,Echolocation,/mnt/ubna_data_02_mir/recover-20221013/UBNA_001/20221012_030000.WAV,Telephone Field,recover-20221013,001,1795
1489.9175,1489.9276,24609,31297,Nyctalus leisleri,0.01,0.027,-1,Echolocation,/mnt/ubna_data_02_mir/recover-20221013/UBNA_001/20221012_030000.WAV,Telephone Field,recover-20221013,001,1795
1489.9425,1489.9774,68437,81279,Rhinolophus ferrumequinum,0.023,0.023,-1,Echolocation,/mnt/ubna_data_02_mir/recover-20221013/UBNA_001/20221012_030000.WAV,Telephone Field,recover-20221013,001,1795
1489.9425,1489.9501,27187,39288,Eptesicus serotinus,0.007,0.023,-1,Echolocation,/mnt/ubna_data_02_mir/recover-20221013/UBNA_001/20221012_030000.WAV,Telephone Field,recover-20221013,001,1795
1489.9805,1489.9879,44375,55205,Pipistrellus pipistrellus,0.014,0.025,-1,Echolocation,/mnt/ubna_data_02_mir/recover-20221013/UBNA_001/20221012_030000.WAV,Telephone Field,recover-20221013,001,1795
1489.9835,1489.991,28046,47344,Eptesicus serotinus,0.006,0.023,-1,Echolocation,/mnt/ubna_data_02_mir/recover-20221013/UBNA_001/20221012_030000.WAV,Telephone Field,recover-20221013,001,1795
1490.0015,1490.0101,25468,33712,Nyctalus leisleri,0.009,0.029,-1,Echolocation,/mnt/ubna_data_02_mir/recover-20221013/UBNA_001/20221012_030000.WAV,Telephone Field,recover-20221013,001,1795
1490.0015,1490.0345,69296,81579,Rhinolophus ferrumequinum,0.042,0.042,-1,Echolocation,/mnt/ubna_data_02_mir/recover-20221013/UBNA_001/20221012_030000.WAV,Telephone Field,recover-20221013,001,1795
1490.0365,1490.0732,68437,81600,Rhinolophus ferrumequinum,0.022,0.022,-1,Echolocation,/mnt/ubna_data_02_mir/recover-20221013/UBNA_001/20221012_030000.WAV,Telephone Field,recover-20221013,001,1795
1490.1035,1490.1119,28046,37649,Eptesicus serotinus,0.008,0.024,-1,Echolocation,/mnt/ubna_data_02_mir/recover-20221013/UBNA_001/20221012_030000.WAV,Telephone Field,recover-20221013,001,1795
1490.1145,1490.1238,28046,39709,Eptesicus serotinus,0.009,0.024,-1,Echolocation,/mnt/ubna_data_02_mir/recover-20221013/UBNA_001/20221012_030000.WAV,Telephone Field,recover-20221013,001,1795
1490.1285,1490.1504,18593,21801,Nyctalus noctula,0.023,0.041,-1,Echolocation,/mnt/ubna_data_02_mir/recover-20221013/UBNA_001/20221012_030000.WAV,Telephone Field,recover-20221013,001,1795
1490.1485,1490.187,68437,82008,Rhinolophus ferrumequinum,0.022,0.022,-1,Echolocation,/mnt/ubna_data_02_mir/recover-20221013/UBNA_001/20221012_030000.WAV,Telephone Field,recover-20221013,001,1795
1490.1945,1490.2337,68437,82543,Rhinolophus ferrumequinum,0.024,0.024,-1,Echolocation,/mnt/ubna_data_02_mir/recover-20221013/UBNA_001/20221012_030000.WAV,Telephone Field,recover-20221013,001,1795
1490.2175,1490.2571,68437,82531,Rhinolophus ferrumequinum,0.022,0.022,-1,Echolocation,/mnt/ubna_data_02_mir/recover-20221013/UBNA_001/20221012_030000.WAV,Telephone Field,recover-20221013,001,1795
1490.2175,1490.2252,26328,37260,Eptesicus serotinus,0.009,0.03,-1,Echolocation,/mnt/ubna_data_02_mir/recover-20221013/UBNA_001/20221012_030000.WAV,Telephone Field,recover-20221013,001,1795
1490.2625,1490.2728,23750,30092,Nyctalus leisleri,0.008,0.022,-1,Echolocation,/mnt/ubna_data_02_mir/recover-20221013/UBNA_001/20221012_030000.WAV,Telephone Field,recover-20221013,001,1795
1490.2635,1490.274,28046,35531,Eptesicus serotinus,0.009,0.022,-1,Echolocation,/mnt/ubna_data_02_mir/recover-20221013/UBNA_001/20221012_030000.WAV,Telephone Field,recover-20221013,001,1795
1490.2745,1490.2812,28046,44309,Eptesicus serotinus,0.014,0.049,-1,Echolocation,/mnt/ubna_data_02_mir/recover-20221013/UBNA_001/20221012_030000.WAV,Telephone Field,recover-20221013,001,1795
1490.3195,1490.3594,68437,81437,Rhinolophus ferrumequinum,0.023,0.023,-1,Echolocation,/mnt/ubna_data_02_mir/recover-20221013/UBNA_001/20221012_030000.WAV,Telephone Field,recover-20221013,001,1795
1490.3315,1490.346,14296,18911,Nyctalus noctula,0.017,0.026,-1,Echolocation,/mnt/ubna_data_02_mir/recover-20221013/UBNA_001/20221012_030000.WAV,Telephone Field,recover-20221013,001,1795
1490.3355,1490.3439,28046,38461,Eptesicus serotinus,0.008,0.025,-1,Echolocation,/mnt/ubna_data_02_mir/recover-20221013/UBNA_001/20221012_030000.WAV,Telephone Field,recover-20221013,001,1795
1490.3475,1490.3864,68437,82381,Rhinolophus ferrumequinum,0.027,0.027,-1,Echolocation,/mnt/ubna_data_02_mir/recover-20221013/UBNA_001/20221012_030000.WAV,Telephone Field,recover-20221013,001,1795
1490.3695,1490.3783,46093,52598,Pipistrellus pipistrellus,0.016,0.024,-1,Echolocation,/mnt/ubna_data_02_mir/recover-20221013/UBNA_001/20221012_030000.WAV,Telephone Field,recover-20221013,001,1795
1490.3845,1490.422,68437,81998,Rhinolophus ferrumequinum,0.023,0.023,-1,Echolocation,/mnt/ubna_data_02_mir/recover-20221013/UBNA_001/20221012_030000.WAV,Telephone Field,recover-20221013,001,1795
1490.4125,1490.4212,28046,36329,Eptesicus serotinus,0.008,0.022,-1,Echolocation,/mnt/ubna_data_02_mir/recover-20221013/UBNA_001/20221012_030000.WAV,Telephone Field,recover-20221013,001,1795
1490.4355,1490.4758,68437,82376,Rhinolophus ferrumequinum,0.022,0.022,-1,Echolocation,/mnt/ubna_data_02_mir/recover-20221013/UBNA_001/20221012_030000.WAV,Telephone Field,recover-20221013,001,1795
1490.4425,1490.4534,22890,28993,Nyctalus leisleri,0.01,0.024,-1,Echolocation,/mnt/ubna_data_02_mir/recover-20221013/UBNA_001/20221012_030000.WAV,Telephone Field,recover-20221013,001,1795
1490.4585,1490.4957,68437,81212,Rhinolophus ferrumequinum,0.026,0.026,-1,Echolocation,/mnt/ubna_data_02_mir/recover-20221013/UBNA_001/20221012_030000.WAV,Telephone Field,recover-20221013,001,1795
1490.4665,1490.5053,68437,81841,Rhinolophus ferrumequinum,0.032,0.032,-1,Echolocation,/mnt/ubna_data_02_mir/recover-20221013/UBNA_001/20221012_030000.WAV,Telephone Field,recover-20221013,001,1795
1490.4935,1490.5134,19453,22281,Nyctalus leisleri,0.011,0.022,-1,Echolocation,/mnt/ubna_data_02_mir/recover-20221013/UBNA_001/20221012_030000.WAV,Telephone Field,recover-20221013,001,1795
1490.5225,1490.53,28046,38764,Eptesicus serotinus,0.006,0.024,-1,Echolocation,/mnt/ubna_data_02_mir/recover-20221013/UBNA_001/20221012_030000.WAV,Telephone Field,recover-20221013,001,1795
1490.5495,1490.5896,68437,82020,Rhinolophus ferrumequinum,0.022,0.022,-1,Echolocation,/mnt/ubna_data_02_mir/recover-20221013/UBNA_001/20221012_030000.WAV,Telephone Field,recover-20221013,001,1795
1490.5625,1490.5705,27187,41749,Eptesicus serotinus,0.008,0.027,-1,Echolocation,/mnt/ubna_data_02_mir/recover-20221013/UBNA_001/20221012_030000.WAV,Telephone Field,recover-20221013,001,1795
1490.5975,1490.6358,68437,81724,Rhinolophus ferrumequinum,0.033,0.033,-1,Echolocation,/mnt/ubna_data_02_mir/recover-20221013/UBNA_001/20221012_030000.WAV,Telephone Field,recover-20221013,001,1795
1490.6185,1490.6281,22890,30159,Plecotus austriacus,0.013,0.04,-1,Echolocation,/mnt/ubna_data_02_mir/recover-20221013/UBNA_001/20221012_030000.WAV,Telephone Field,recover-20221013,001,1795
1490.6445,1490.68,68437,81436,Rhinolophus ferrumequinum,0.023,0.023,-1,Echolocation,/mnt/ubna_data_02_mir/recover-20221013/UBNA_001/20221012_030000.WAV,Telephone Field,recover-20221013,001,1795
1490.6495,1490.6876,68437,81570,Rhinolophus ferrumequinum,0.022,0.022,-1,Echolocation,/mnt/ubna_data_02_mir/recover-20221013/UBNA_001/20221012_030000.WAV,Telephone Field,recover-20221013,001,1795
1490.6565,1490.6672,22031,26762,Nyctalus leisleri,0.012,0.024,-1,Echolocation,/mnt/ubna_data_02_mir/recover-20221013/UBNA_001/20221012_030000.WAV,Telephone Field,recover-20221013,001,1795
1490.6725,1490.7122,68437,81638,Rhinolophus ferrumequinum,0.023,0.023,-1,Echolocation,/mnt/ubna_data_02_mir/recover-20221013/UBNA_001/20221012_030000.WAV,Telephone Field,recover-20221013,001,1795
1490.7085,1490.7483,68437,82371,Rhinolophus ferrumequinum,0.025,0.025,-1,Echolocation,/mnt/ubna_data_02_mir/recover-20221013/UBNA_001/20221012_030000.WAV,Telephone Field,recover-20221013,001,1795
1490.7275,1490.7678,68437,82281,Rhinolophus ferrumequinum,0.023,0.023,-1,Echolocation,/mnt/ubna_data_02_mir/recover-20221013/UBNA_001/20221012_030000.WAV,Telephone Field,recover-20221013,001,1795
1490.7345,1490.7738,68437,82022,Rhinolophus ferrumequinum,0.023,0.023,-1,Echolocation,/mnt/ubna_data_02_mir/recover-20221013/UBNA_001/20221012_030000.WAV,Telephone Field,recover-20221013,001,1795
1490.7535,1490.7903,68437,81799,Rhinolophus ferrumequinum,0.023,0.023,-1,Echolocation,/mnt/ubna_data_02_mir/recover-20221013/UBNA_001/20221012_030000.WAV,Telephone Field,recover-20221013,001,1795
1490.7635,1490.8056,68437,82714,Rhinolophus ferrumequinum,0.024,0.024,-1,Echolocation,/mnt/ubna_data_02_mir/recover-20221013/UBNA_001/20221012_030000.WAV,Telephone Field,recover-20221013,001,1795
1490.7885,1490.7946,34921,58921,Myotis brandtii,0.008,0.022,-1,Echolocation,/mnt/ubna_data_02_mir/recover-20221013/UBNA_001/20221012_030000.WAV,Telephone Field,recover-20221013,001,1795
1490.7895,1490.8045,23750,29317,Nyctalus leisleri,0.019,0.038,-1,Echolocation,/mnt/ubna_data_02_mir/recover-20221013/UBNA_001/20221012_030000.WAV,Telephone Field,recover-20221013,001,1795
1490.8235,1490.8338,28906,36038,Eptesicus serotinus,0.009,0.024,-1,Echolocation,/mnt/ubna_data_02_mir/recover-20221013/UBNA_001/20221012_030000.WAV,Telephone Field,recover-20221013,001,1795
1490.8485,1490.8891,68437,82099,Rhinolophus ferrumequinum,0.036,0.036,-1,Echolocation,/mnt/ubna_data_02_mir/recover-20221013/UBNA_001/20221012_030000.WAV,Telephone Field,recover-20221013,001,1795
1490.8775,1490.8885,25468,33889,Eptesicus serotinus,0.012,0.026,-1,Echolocation,/mnt/ubna_data_02_mir/recover-20221013/UBNA_001/20221012_030000.WAV,Telephone Field,recover-20221013,001,1795
1490.8795,1490.9187,68437,82149,Rhinolophus ferrumequinum,0.029,0.029,-1,Echolocation,/mnt/ubna_data_02_mir/recover-20221013/UBNA_001/20221012_030000.WAV,Telephone Field,recover-20221013,001,1795
1490.8905,1490.9046,25468,30990,Nyctalus leisleri,0.014,0.033,-1,Echolocation,/mnt/ubna_data_02_mir/recover-20221013/UBNA_001/20221012_030000.WAV,Telephone Field,recover-20221013,001,1795
1490.8915,1490.9315,68437,82247,Rhinolophus ferrumequinum,0.024,0.024,-1,Echolocation,/mnt/ubna_data_02_mir/recover-20221013/UBNA_001/20221012_030000.WAV,Telephone Field,recover-20221013,001,1795
1490.8975,1490.9103,23750,28237,Nyctalus leisleri,0.019,0.033,-1,Echolocation,/mnt/ubna_data_02_mir/recover-20221013/UBNA_001/20221012_030000.WAV,Telephone Field,recover-20221013,001,1795
1490.9245,1490.9649,68437,82357,Rhinolophus ferrumequinum,0.022,0.022,-1,Echolocation,/mnt/ubna_data_02_mir/recover-20221013/UBNA_001/20221012_030000.WAV,Telephone Field,recover-20221013,001,1795
1490.9305,1490.9718,68437,82543,Rhinolophus ferrumequinum,0.022,0.022,-1,Echolocation,/mnt/ubna_data_02_mir/recover-20221013/UBNA_001/20221012_030000.WAV,Telephone Field,recover-20221013,001,1795
1490.9375,1490.9476,23750,30199,Nyctalus leisleri,0.009,0.023,-1,Echolocation,/mnt/ubna_data_02_mir/recover-20221013/UBNA_001/20221012_030000.WAV,Telephone Field,recover-20221013,001,1795
1490.9625,1490.9998,68437,81566,Rhinolophus ferrumequinum,0.022,0.022,-1,Echolocation,/mnt/ubna_data_02_mir/recover-20221013/UBNA_001/20221012_030000.WAV,Telephone Field,recover-20221013,001,1795
1490.9675,1490.9752,44375,50926,Pipistrellus pipistrellus,0.016,0.025,-1,Echolocation,/mnt/ubna_data_02_mir/recover-20221013/UBNA_001/20221012_030000.WAV,Telephone Field,recover-20221013,001,1795
1490.9815,1490.9931,22890,27624,Nyctalus leisleri,0.012,0.024,-1,Echolocation,/mnt/ubna_data_02_mir/recover-20221013/UBNA_001/20221012_030000.WAV,Telephone Field,recover-20221013,001,1795
1491.0085,1491.0532,68437,83142,Rhinolophus ferrumequinum,0.057,0.057,-1,Echolocation,/mnt/ubna_data_02_mir/recover-20221013/UBNA_001/20221012_030000.WAV,Telephone Field,recover-20221013,001,1795
1491.0605,1491.0968,68437,81726,Rhinolophus ferrumequinum,0.029,0.029,-1,Echolocation,/mnt/ubna_data_02_mir/recover-20221013/UBNA_001/20221012_030000.WAV,Telephone Field,recover-20221013,001,1795
1491.0835,1491.1175,68437,80356,Rhinolophus ferrumequinum,0.022,0.022,-1,Echolocation,/mnt/ubna_data_02_mir/recover-20221013/UBNA_001/20221012_030000.WAV,Telephone Field,recover-20221013,001,1795
1491.0925,1491.1005,28046,38559,Eptesicus serotinus,0.006,0.022,-1,Echolocation,/mnt/ubna_data_02_mir/recover-20221013/UBNA_001/20221012_030000.WAV,Telephone Field,recover-20221013,001,1795
1491.1105,1491.151,68437,82376,Rhinolophus ferrumequinum,0.026,0.026,-1,Echolocation,/mnt/ubna_data_02_mir/recover-20221013/UBNA_001/20221012_030000.WAV,Telephone Field,recover-20221013,001,1795
1491.1335,1491.1756,68437,82588,Rhinolophus ferrumequinum,0.035,0.035,-1,Echolocation,/mnt/ubna_data_02_mir/recover-20221013/UBNA_001/20221012_030000.WAV,Telephone Field,recover-20221013,001,1795
1491.1625,1491.2003,68437,81684,Rhinolophus ferrumequinum,0.028,0.028,-1,Echolocation,/mnt/ubna_data_02_mir/recover-20221013/UBNA_001/20221012_030000.WAV,Telephone Field,recover-20221013,001,1795
1491.1885,1491.2295,68437,82151,Rhinolophus ferrumequinum,0.023,0.023,-1,Echolocation,/mnt/ubna_data_02_mir/recover-20221013/UBNA_001/20221012_030000.WAV,Telephone Field,recover-20221013,001,1795
1491.2235,1491.2323,28906,43925,Myotis daubentonii,0.01,0.029,-1,Echolocation,/mnt/ubna_data_02_mir/recover-20221013/UBNA_001/20221012_030000.WAV,Telephone Field,recover-20221013,001,1795
1491.2505,1491.2891,68437,82125,Rhinolophus ferrumequinum,0.023,0.023,-1,Echolocation,/mnt/ubna_data_02_mir/recover-20221013/UBNA_001/20221012_030000.WAV,Telephone Field,recover-20221013,001,1795
1491.3135,1491.3213,47812,53541,Pipistrellus pipistrellus,0.033,0.035,-1,Echolocation,/mnt/ubna_data_02_mir/recover-20221013/UBNA_001/20221012_030000.WAV,Telephone Field,recover-20221013,001,1795
1491.3775,1491.3855,28046,38306,Eptesicus serotinus,0.007,0.022,-1,Echolocation,/mnt/ubna_data_02_mir/recover-20221013/UBNA_001/20221012_030000.WAV,Telephone Field,recover-20221013,001,1795
1491.4075,1491.4433,68437,81677,Rhinolophus ferrumequinum,0.027,0.027,-1,Echolocation,/mnt/ubna_data_02_mir/recover-20221013/UBNA_001/20221012_030000.WAV,Telephone Field,recover-20221013,001,1795
1491.4255,1491.4647,68437,82340,Rhinolophus ferrumequinum,0.024,0.024,-1,Echolocation,/mnt/ubna_data_02_mir/recover-20221013/UBNA_001/20221012_030000.WAV,Telephone Field,recover-20221013,001,1795
1491.4835,1491.5243,68437,82864,Rhinolophus ferrumequinum,0.028,0.028,-1,Echolocation,/mnt/ubna_data_02_mir/recover-20221013/UBNA_001/20221012_030000.WAV,Telephone Field,recover-20221013,001,1795
1491.5585,1491.5688,24609,31091,Nyctalus leisleri,0.008,0.024,-1,Echolocation,/mnt/ubna_data_02_mir/recover-20221013/UBNA_001/20221012_030000.WAV,Telephone Field,recover-20221013,001,1795
1491.5955,1491.6404,68437,83384,Rhinolophus ferrumequinum,0.042,0.042,-1,Echolocation,/mnt/ubna_data_02_mir/recover-20221013/UBNA_001/20221012_030000.WAV,Telephone Field,recover-20221013,001,1795
1491.6005,1491.6085,27187,38807,Eptesicus serotinus,0.008,0.023,-1,Echolocation,/mnt/ubna_data_02_mir/recover-20221013/UBNA_001/20221012_030000.WAV,Telephone Field,recover-20221013,001,1795
1491.6235,1491.6306,33203,42067,Myotis daubentonii,0.009,0.023,-1,Echolocation,/mnt/ubna_data_02_mir/recover-20221013/UBNA_001/20221012_030000.WAV,Telephone Field,recover-20221013,001,1795
1491.6255,1491.6331,27187,38666,Eptesicus serotinus,0.006,0.023,-1,Echolocation,/mnt/ubna_data_02_mir/recover-20221013/UBNA_001/20221012_030000.WAV,Telephone Field,recover-20221013,001,1795
1491.6445,1491.6519,46953,55910,Pipistrellus pipistrellus,0.018,0.022,-1,Echolocation,/mnt/ubna_data_02_mir/recover-20221013/UBNA_001/20221012_030000.WAV,Telephone Field,recover-20221013,001,1795
1491.6685,1491.6791,22031,25994,Nyctalus leisleri,0.013,0.022,-1,Echolocation,/mnt/ubna_data_02_mir/recover-20221013/UBNA_001/20221012_030000.WAV,Telephone Field,recover-20221013,001,1795
1491.7175,1491.7557,68437,81504,Rhinolophus ferrumequinum,0.027,0.027,-1,Echolocation,/mnt/ubna_data_02_mir/recover-20221013/UBNA_001/20221012_030000.WAV,Telephone Field,recover-20221013,001,1795
1491.8015,1491.8126,26328,34320,Eptesicus serotinus,0.014,0.027,-1,Echolocation,/mnt/ubna_data_02_mir/recover-20221013/UBNA_001/20221012_030000.WAV,Telephone Field,recover-20221013,001,1795
1491.8295,1491.8372,51250,56402,Pipistrellus pipistrellus,0.023,0.026,-1,Echolocation,/mnt/ubna_data_02_mir/recover-20221013/UBNA_001/20221012_030000.WAV,Telephone Field,recover-20221013,001,1795
1491.8915,1491.9329,68437,82859,Rhinolophus ferrumequinum,0.024,0.024,-1,Echolocation,/mnt/ubna_data_02_mir/recover-20221013/UBNA_001/20221012_030000.WAV,Telephone Field,recover-20221013,001,1795
1491.8925,1491.9,27187,45673,Eptesicus serotinus,0.007,0.023,-1,Echolocation,/mnt/ubna_data_02_mir/recover-20221013/UBNA_001/20221012_030000.WAV,Telephone Field,recover-20221013,001,1795
1491.9095,1491.9447,68437,80470,Rhinolophus ferrumequinum,0.023,0.024,-1,Echolocation,/mnt/ubna_data_02_mir/recover-20221013/UBNA_001/20221012_030000.WAV,Telephone Field,recover-20221013,001,1795
1491.9325,1491.9719,68437,82348,Rhinolophus ferrumequinum,0.027,0.027,-1,Echolocation,/mnt/ubna_data_02_mir/recover-20221013/UBNA_001/20221012_030000.WAV,Telephone Field,recover-20221013,001,1795
1491.9505,1491.9589,26328,36779,Eptesicus serotinus,0.008,0.025,-1,Echolocation,/mnt/ubna_data_02_mir/recover-20221013/UBNA_001/20221012_030000.WAV,Telephone Field,recover-20221013,001,1795
1491.9565,1491.9655,28906,38001,Eptesicus serotinus,0.008,0.025,-1,Echolocation,/mnt/ubna_data_02_mir/recover-20221013/UBNA_001/20221012_030000.WAV,Telephone Field,recover-20221013,001,1795
1491.9835,1491.9948,22890,27918,Nyctalus leisleri,0.012,0.027,-1,Echolocation,/mnt/ubna_data_02_mir/recover-20221013/UBNA_001/20221012_030000.WAV,Telephone Field,recover-20221013,001,1795
1492.0015,1492.0108,22031,28215,Nyctalus leisleri,0.01,0.028,-1,Echolocation,/mnt/ubna_data_02_mir/recover-20221013/UBNA_001/20221012_030000.WAV,Telephone Field,recover-20221013,001,1795
1492.0025,1492.0438,68437,81908,Rhinolophus ferrumequinum,0.025,0.026,-1,Echolocation,/mnt/ubna_data_02_mir/recover-20221013/UBNA_001/20221012_030000.WAV,Telephone Field,recover-20221013,001,1795
1492.0085,1492.0506,68437,82138,Rhinolophus ferrumequinum,0.023,0.023,-1,Echolocation,/mnt/ubna_data_02_mir/recover-20221013/UBNA_001/20221012_030000.WAV,Telephone Field,recover-20221013,001,1795
1492.0305,1492.0704,68437,82473,Rhinolophus ferrumequinum,0.022,0.022,-1,Echolocation,/mnt/ubna_data_02_mir/recover-20221013/UBNA_001/20221012_030000.WAV,Telephone Field,recover-20221013,001,1795
1492.0665,1492.1048,68437,81283,Rhinolophus ferrumequinum,0.025,0.025,-1,Echolocation,/mnt/ubna_data_02_mir/recover-20221013/UBNA_001/20221012_030000.WAV,Telephone Field,recover-20221013,001,1795
1492.0905,1492.1295,68437,81934,Rhinolophus ferrumequinum,0.023,0.023,-1,Echolocation,/mnt/ubna_data_02_mir/recover-20221013/UBNA_001/20221012_030000.WAV,Telephone Field,recover-20221013,001,1795
1492.1245,1492.1372,22031,26215,Nyctalus leisleri,0.02,0.034,-1,Echolocation,/mnt/ubna_data_02_mir/recover-20221013/UBNA_001/20221012_030000.WAV,Telephone Field,recover-20221013,001,1795
1492.1325,1492.1387,27187,38551,Myotis nattereri,0.005,0.026,-1,Echolocation,/mnt/ubna_data_02_mir/recover-20221013/UBNA_001/20221012_030000.WAV,Telephone Field,recover-20221013,001,1795
1492.1615,1492.2009,68437,81631,Rhinolophus ferrumequinum,0.022,0.022,-1,Echolocation,/mnt/ubna_data_02_mir/recover-20221013/UBNA_001/20221012_030000.WAV,Telephone Field,recover-20221013,001,1795
1492.1825,1492.2209,68437,81703,Rhinolophus ferrumequinum,0.023,0.023,-1,Echolocation,/mnt/ubna_data_02_mir/recover-20221013/UBNA_001/20221012_030000.WAV,Telephone Field,recover-20221013,001,1795
1492.2245,1492.2614,68437,81269,Rhinolophus ferrumequinum,0.022,0.022,-1,Echolocation,/mnt/ubna_data_02_mir/recover-20221013/UBNA_001/20221012_030000.WAV,Telephone Field,recover-20221013,001,1795
1492.2365,1492.2768,68437,81890,Rhinolophus ferrumequinum,0.024,0.024,-1,Echolocation,/mnt/ubna_data_02_mir/recover-20221013/UBNA_001/20221012_030000.WAV,Telephone Field,recover-20221013,001,1795
1492.2675,1492.3104,68437,83344,Rhinolophus ferrumequinum,0.038,0.038,-1,Echolocation,/mnt/ubna_data_02_mir/recover-20221013/UBNA_001/20221012_030000.WAV,Telephone Field,recover-20221013,001,1795
1492.3035,1492.3418,68437,82044,Rhinolophus ferrumequinum,0.022,0.022,-1,Echolocation,/mnt/ubna_data_02_mir/recover-20221013/UBNA_001/20221012_030000.WAV,Telephone Field,recover-20221013,001,1795
1492.3125,1492.3513,68437,82441,Rhinolophus ferrumequinum,0.022,0.022,-1,Echolocation,/mnt/ubna_data_02_mir/recover-20221013/UBNA_001/20221012_030000.WAV,Telephone Field,recover-20221013,001,1795
1492.3205,1492.3304,22031,27863,Nyctalus leisleri,0.009,0.023,-1,Echolocation,/mnt/ubna_data_02_mir/recover-20221013/UBNA_001/20221012_030000.WAV,Telephone Field,recover-20221013,001,1795
1492.3225,1492.3298,28046,38199,Eptesicus serotinus,0.006,0.022,-1,Echolocation,/mnt/ubna_data_02_mir/recover-20221013/UBNA_001/20221012_030000.WAV,Telephone Field,recover-20221013,001,1795
1492.3555,1492.3984,68437,83268,Rhinolophus ferrumequinum,0.05,0.05,-1,Echolocation,/mnt/ubna_data_02_mir/recover-20221013/UBNA_001/20221012_030000.WAV,Telephone Field,recover-20221013,001,1795
1492.3595,1492.3693,21171,26558,Plecotus austriacus,0.01,0.024,-1,Echolocation,/mnt/ubna_data_02_mir/recover-20221013/UBNA_001/20221012_030000.WAV,Telephone Field,recover-20221013,001,1795
1492.4005,1492.4088,28046,40265,Eptesicus serotinus,0.009,0.025,-1,Echolocation,/mnt/ubna_data_02_mir/recover-20221013/UBNA_001/20221012_030000.WAV,Telephone Field,recover-20221013,001,1795
1492.4245,1492.468,68437,83541,Rhinolophus ferrumequinum,0.045,0.045,-1,Echolocation,/mnt/ubna_data_02_mir/recover-20221013/UBNA_001/20221012_030000.WAV,Telephone Field,recover-20221013,001,1795
1492.4595,1492.4976,68437,82018,Rhinolophus ferrumequinum,0.025,0.025,-1,Echolocation,/mnt/ubna_data_02_mir/recover-20221013/UBNA_001/20221012_030000.WAV,Telephone Field,recover-20221013,001,1795
1492.4725,1492.5161,68437,83036,Rhinolophus ferrumequinum,0.027,0.027,-1,Echolocation,/mnt/ubna_data_02_mir/recover-20221013/UBNA_001/20221012_030000.WAV,Telephone Field,recover-20221013,001,1795
1492.4765,1492.4886,22890,27762,Nyctalus leisleri,0.016,0.029,-1,Echolocation,/mnt/ubna_data_02_mir/recover-20221013/UBNA_001/20221012_030000.WAV,Telephone Field,recover-20221013,001,1795
1492.5055,1492.5448,68437,82397,Rhinolophus ferrumequinum,0.024,0.024,-1,Echolocation,/mnt/ubna_data_02_mir/recover-20221013/UBNA_001/20221012_030000.WAV,Telephone Field,recover-20221013,001,1795
1492.5125,1492.551,68437,82407,Rhinolophus ferrumequinum,0.024,0.024,-1,Echolocation,/mnt/ubna_data_02_mir/recover-20221013/UBNA_001/20221012_030000.WAV,Telephone Field,recover-20221013,001,1795
1492.5365,1492.5469,22031,27696,Nyctalus leisleri,0.009,0.022,-1,Echolocation,/mnt/ubna_data_02_mir/recover-20221013/UBNA_001/20221012_030000.WAV,Telephone Field,recover-20221013,001,1795
1492.5455,1492.5647,19453,22505,Nyctalus leisleri,0.017,0.033,-1,Echolocation,/mnt/ubna_data_02_mir/recover-20221013/UBNA_001/20221012_030000.WAV,Telephone Field,recover-20221013,001,1795
1492.5895,1492.6317,68437,82955,Rhinolophus ferrumequinum,0.039,0.039,-1,Echolocation,/mnt/ubna_data_02_mir/recover-20221013/UBNA_001/20221012_030000.WAV,Telephone Field,recover-20221013,001,1795
1492.6775,1492.6856,27187,43382,Eptesicus serotinus,0.009,0.024,-1,Echolocation,/mnt/ubna_data_02_mir/recover-20221013/UBNA_001/20221012_030000.WAV,Telephone Field,recover-20221013,001,1795
1492.7035,1492.739,68437,81504,Rhinolophus ferrumequinum,0.023,0.023,-1,Echolocation,/mnt/ubna_data_02_mir/recover-20221013/UBNA_001/20221012_030000.WAV,Telephone Field,recover-20221013,001,1795
1492.7115,1492.7179,27187,38381,Eptesicus serotinus,0.007,0.028,-1,Echolocation,/mnt/ubna_data_02_mir/recover-20221013/UBNA_001/20221012_030000.WAV,Telephone Field,recover-20221013,001,1795
1492.7235,1492.7546,68437,80517,Rhinolophus ferrumequinum,0.031,0.031,-1,Echolocation,/mnt/ubna_data_02_mir/recover-20221013/UBNA_001/20221012_030000.WAV,Telephone Field,recover-20221013,001,1795
1492.7565,1492.7672,22031,26590,Nyctalus leisleri,0.011,0.023,-1,Echolocation,/mnt/ubna_data_02_mir/recover-20221013/UBNA_001/20221012_030000.WAV,Telephone Field,recover-20221013,001,1795
1492.7605,1492.8036,68437,83143,Rhinolophus ferrumequinum,0.029,0.029,-1,Echolocation,/mnt/ubna_data_02_mir/recover-20221013/UBNA_001/20221012_030000.WAV,Telephone Field,recover-20221013,001,1795
1492.8445,1492.882,68437,81093,Rhinolophus ferrumequinum,0.023,0.023,-1,Echolocation,/mnt/ubna_data_02_mir/recover-20221013/UBNA_001/20221012_030000.WAV,Telephone Field,recover-20221013,001,1795
1492.8485,1492.8572,29765,38969,Eptesicus serotinus,0.016,0.041,-1,Echolocation,/mnt/ubna_data_02_mir/recover-20221013/UBNA_001/20221012_030000.WAV,Telephone Field,recover-20221013,001,1795
1492.8715,1492.9118,68437,82262,Rhinolophus ferrumequinum,0.023,0.023,-1,Echolocation,/mnt/ubna_data_02_mir/recover-20221013/UBNA_001/20221012_030000.WAV,Telephone Field,recover-20221013,001,1795
1492.9045,1492.9152,50390,54534,Pipistrellus pipistrellus,0.025,0.03,-1,Echolocation,/mnt/ubna_data_02_mir/recover-20221013/UBNA_001/20221012_030000.WAV,Telephone Field,recover-20221013,001,1795
1492.9085,1492.9426,68437,81478,Rhinolophus ferrumequinum,0.022,0.022,-1,Echolocation,/mnt/ubna_data_02_mir/recover-20221013/UBNA_001/20221012_030000.WAV,Telephone Field,recover-20221013,001,1795
1492.9375,1492.975,68437,81673,Rhinolophus ferrumequinum,0.024,0.024,-1,Echolocation,/mnt/ubna_data_02_mir/recover-20221013/UBNA_001/20221012_030000.WAV,Telephone Field,recover-20221013,001,1795
1492.9485,1492.9581,22031,27559,Nyctalus leisleri,0.009,0.023,-1,Echolocation,/mnt/ubna_data_02_mir/recover-20221013/UBNA_001/20221012_030000.WAV,Telephone Field,recover-20221013,001,1795
1492.9555,1492.966,22031,26053,Nyctalus leisleri,0.013,0.023,-1,Echolocation,/mnt/ubna_data_02_mir/recover-20221013/UBNA_001/20221012_030000.WAV,Telephone Field,recover-20221013,001,1795
1492.9615,1493.001,68437,82241,Rhinolophus ferrumequinum,0.024,0.024,-1,Echolocation,/mnt/ubna_data_02_mir/recover-20221013/UBNA_001/20221012_030000.WAV,Telephone Field,recover-20221013,001,1795
1493.0035,1493.011,22890,30785,Plecotus austriacus,0.011,0.025,-1,Echolocation,/mnt/ubna_data_02_mir/recover-20221013/UBNA_001/20221012_030000.WAV,Telephone Field,recover-20221013,001,1795
1493.0165,1493.0538999999999,68437,81458,Rhinolophus ferrumequinum,0.022,0.022,-1,Echolocation,/mnt/ubna_data_02_mir/recover-20221013/UBNA_001/20221012_030000.WAV,Telephone Field,recover-20221013,001,1795
1493.0215,1493.0585,68437,81752,Rhinolophus ferrumequinum,0.023,0.023,-1,Echolocation,/mnt/ubna_data_02_mir/recover-20221013/UBNA_001/20221012_030000.WAV,Telephone Field,recover-20221013,001,1795
1493.0525,1493.0625,22890,29277,Nyctalus leisleri,0.009,0.025,-1,Echolocation,/mnt/ubna_data_02_mir/recover-20221013/UBNA_001/20221012_030000.WAV,Telephone Field,recover-20221013,001,1795
1493.0825,1493.1185,68437,81405,Rhinolophus ferrumequinum,0.022,0.022,-1,Echolocation,/mnt/ubna_data_02_mir/recover-20221013/UBNA_001/20221012_030000.WAV,Telephone Field,recover-20221013,001,1795
1493.1095,1493.1186,28046,37401,Eptesicus serotinus,0.009,0.026,-1,Echolocation,/mnt/ubna_data_02_mir/recover-20221013/UBNA_001/20221012_030000.WAV,Telephone Field,recover-20221013,001,1795
1493.1135,1493.1529,68437,82505,Rhinolophus ferrumequinum,0.029,0.029,-1,Echolocation,/mnt/ubna_data_02_mir/recover-20221013/UBNA_001/20221012_030000.WAV,Telephone Field,recover-20221013,001,1795
1493.1655,1493.1769,23750,29576,Nyctalus leisleri,0.013,0.031,-1,Echolocation,/mnt/ubna_data_02_mir/recover-20221013/UBNA_001/20221012_030000.WAV,Telephone Field,recover-20221013,001,1795
1493.1945,1493.2353,68437,82377,Rhinolophus ferrumequinum,0.04,0.04,-1,Echolocation,/mnt/ubna_data_02_mir/recover-20221013/UBNA_001/20221012_030000.WAV,Telephone Field,recover-20221013,001,1795
1493.1985,1493.2059,28046,38476,Eptesicus serotinus,0.007,0.023,-1,Echolocation,/mnt/ubna_data_02_mir/recover-20221013/UBNA_001/20221012_030000.WAV,Telephone Field,recover-20221013,001,1795
1493.2185,1493.2545,68437,81783,Rhinolophus ferrumequinum,0.022,0.022,-1,Echolocation,/mnt/ubna_data_02_mir/recover-20221013/UBNA_001/20221012_030000.WAV,Telephone Field,recover-20221013,001,1795
1493.2255,1493.2643,68437,82106,Rhinolophus ferrumequinum,0.024,0.024,-1,Echolocation,/mnt/ubna_data_02_mir/recover-20221013/UBNA_001/20221012_030000.WAV,Telephone Field,recover-20221013,001,1795
1493.2275,1493.2371,47812,54346,Pipistrellus pipistrellus,0.025,0.028,-1,Echolocation,/mnt/ubna_data_02_mir/recover-20221013/UBNA_001/20221012_030000.WAV,Telephone Field,recover-20221013,001,1795
1493.2275,1493.2357,26328,35827,Eptesicus serotinus,0.007,0.023,-1,Echolocation,/mnt/ubna_data_02_mir/recover-20221013/UBNA_001/20221012_030000.WAV,Telephone Field,recover-20221013,001,1795
1493.2735,1493.3086,68437,80708,Rhinolophus ferrumequinum,0.022,0.022,-1,Echolocation,/mnt/ubna_data_02_mir/recover-20221013/UBNA_001/20221012_030000.WAV,Telephone Field,recover-20221013,001,1795
1493.2855,1493.3203,68437,80783,Rhinolophus ferrumequinum,0.024,0.025,-1,Echolocation,/mnt/ubna_data_02_mir/recover-20221013/UBNA_001/20221012_030000.WAV,Telephone Field,recover-20221013,001,1795
1493.2925,1493.2998,24609,38107,Plecotus austriacus,0.007,0.023,-1,Echolocation,/mnt/ubna_data_02_mir/recover-20221013/UBNA_001/20221012_030000.WAV,Telephone Field,recover-20221013,001,1795
1493.3245,1493.3345,28906,37121,Eptesicus serotinus,0.01,0.023,-1,Echolocation,/mnt/ubna_data_02_mir/recover-20221013/UBNA_001/20221012_030000.WAV,Telephone Field,recover-20221013,001,1795
1493.3255,1493.3661,68437,82346,Rhinolophus ferrumequinum,0.024,0.024,-1,Echolocation,/mnt/ubna_data_02_mir/recover-20221013/UBNA_001/20221012_030000.WAV,Telephone Field,recover-20221013,001,1795
1493.3425,1493.3499,28046,38885,Eptesicus serotinus,0.007,0.022,-1,Echolocation,/mnt/ubna_data_02_mir/recover-20221013/UBNA_001/20221012_030000.WAV,Telephone Field,recover-20221013,001,1795
1493.3615,1493.3946,68437,80756,Rhinolophus ferrumequinum,0.023,0.023,-1,Echolocation,/mnt/ubna_data_02_mir/recover-20221013/UBNA_001/20221012_030000.WAV,Telephone Field,recover-20221013,001,1795
1493.3995,1493.4436,68437,83231,Rhinolophus ferrumequinum,0.031,0.031,-1,Echolocation,/mnt/ubna_data_02_mir/recover-20221013/UBNA_001/20221012_030000.WAV,Telephone Field,recover-20221013,001,1795
1493.4505,1493.4601,26328,34872,Eptesicus serotinus,0.008,0.023,-1,Echolocation,/mnt/ubna_data_02_mir/recover-20221013/UBNA_001/20221012_030000.WAV,Telephone Field,recover-20221013,001,1795
1493.4825,1493.4917,51250,56644,Pipistrellus pipistrellus,0.032,0.038,-1,Echolocation,/mnt/ubna_data_02_mir/recover-20221013/UBNA_001/20221012_030000.WAV,Telephone Field,recover-20221013,001,1795
1493.4835,1493.4927,24609,32572,Nyctalus leisleri,0.007,0.024,-1,Echolocation,/mnt/ubna_data_02_mir/recover-20221013/UBNA_001/20221012_030000.WAV,Telephone Field,recover-20221013,001,1795
1493.5035,1493.5419,68437,81282,Rhinolophus ferrumequinum,0.024,0.024,-1,Echolocation,/mnt/ubna_data_02_mir/recover-20221013/UBNA_001/20221012_030000.WAV,Telephone Field,recover-20221013,001,1795
1493.5045,1493.5241,20312,23338,Nyctalus leisleri,0.018,0.032,-1,Echolocation,/mnt/ubna_data_02_mir/recover-20221013/UBNA_001/20221012_030000.WAV,Telephone Field,recover-20221013,001,1795
1493.5165,1493.5534,68437,81585,Rhinolophus ferrumequinum,0.027,0.027,-1,Echolocation,/mnt/ubna_data_02_mir/recover-20221013/UBNA_001/20221012_030000.WAV,Telephone Field,recover-20221013,001,1795
1493.5235,1493.5598,68437,81595,Rhinolophus ferrumequinum,0.023,0.023,-1,Echolocation,/mnt/ubna_data_02_mir/recover-20221013/UBNA_001/20221012_030000.WAV,Telephone Field,recover-20221013,001,1795
1493.5255,1493.5357,23750,30556,Nyctalus leisleri,0.014,0.04,-1,Echolocation,/mnt/ubna_data_02_mir/recover-20221013/UBNA_001/20221012_030000.WAV,Telephone Field,recover-20221013,001,1795
1493.5445,1493.5825,68437,81765,Rhinolophus ferrumequinum,0.025,0.026,-1,Echolocation,/mnt/ubna_data_02_mir/recover-20221013/UBNA_001/20221012_030000.WAV,Telephone Field,recover-20221013,001,1795
1493.5715,1493.6144,68437,83470,Rhinolophus ferrumequinum,0.031,0.031,-1,Echolocation,/mnt/ubna_data_02_mir/recover-20221013/UBNA_001/20221012_030000.WAV,Telephone Field,recover-20221013,001,1795
1493.6305,1493.6664,68437,80982,Rhinolophus ferrumequinum,0.023,0.023,-1,Echolocation,/mnt/ubna_data_02_mir/recover-20221013/UBNA_001/20221012_030000.WAV,Telephone Field,recover-20221013,001,1795
1493.6925,1493.7351,68437,82928,Rhinolophus ferrumequinum,0.028,0.028,-1,Echolocation,/mnt/ubna_data_02_mir/recover-20221013/UBNA_001/20221012_030000.WAV,Telephone Field,recover-20221013,001,1795
1493.6995,1493.7381,68437,82002,Rhinolophus ferrumequinum,0.025,0.025,-1,Echolocation,/mnt/ubna_data_02_mir/recover-20221013/UBNA_001/20221012_030000.WAV,Telephone Field,recover-20221013,001,1795
1493.7325,1493.7724,68437,82521,Rhinolophus ferrumequinum,0.022,0.022,-1,Echolocation,/mnt/ubna_data_02_mir/recover-20221013/UBNA_001/20221012_030000.WAV,Telephone Field,recover-20221013,001,1795
1493.7435,1493.7539,23750,31178,Nyctalus leisleri,0.018,0.049,-1,Echolocation,/mnt/ubna_data_02_mir/recover-20221013/UBNA_001/20221012_030000.WAV,Telephone Field,recover-20221013,001,1795
1493.7495,1493.7868,68437,81911,Rhinolophus ferrumequinum,0.027,0.027,-1,Echolocation,/mnt/ubna_data_02_mir/recover-20221013/UBNA_001/20221012_030000.WAV,Telephone Field,recover-20221013,001,1795
1493.7545,1493.7639,25468,32959,Eptesicus serotinus,0.008,0.022,-1,Echolocation,/mnt/ubna_data_02_mir/recover-20221013/UBNA_001/20221012_030000.WAV,Telephone Field,recover-20221013,001,1795
1493.8005,1493.8133,52968,57008,Pipistrellus pygmaeus,0.019,0.026,-1,Echolocation,/mnt/ubna_data_02_mir/recover-20221013/UBNA_001/20221012_030000.WAV,Telephone Field,recover-20221013,001,1795
1493.8055,1493.8416,68437,81636,Rhinolophus ferrumequinum,0.022,0.022,-1,Echolocation,/mnt/ubna_data_02_mir/recover-20221013/UBNA_001/20221012_030000.WAV,Telephone Field,recover-20221013,001,1795
1493.8435,1493.8516,26328,35118,Eptesicus serotinus,0.01,0.029,-1,Echolocation,/mnt/ubna_data_02_mir/recover-20221013/UBNA_001/20221012_030000.WAV,Telephone Field,recover-20221013,001,1795
1493.8465,1493.888,68437,82398,Rhinolophus ferrumequinum,0.022,0.022,-1,Echolocation,/mnt/ubna_data_02_mir/recover-20221013/UBNA_001/20221012_030000.WAV,Telephone Field,recover-20221013,001,1795
1493.8925,1493.9385,68437,83759,Rhinolophus ferrumequinum,0.045,0.045,-1,Echolocation,/mnt/ubna_data_02_mir/recover-20221013/UBNA_001/20221012_030000.WAV,Telephone Field,recover-20221013,001,1795
1493.9295,1493.9376,27187,38214,Eptesicus serotinus,0.008,0.022,-1,Echolocation,/mnt/ubna_data_02_mir/recover-20221013/UBNA_001/20221012_030000.WAV,Telephone Field,recover-20221013,001,1795
1493.9305,1493.9695,68437,82119,Rhinolophus ferrumequinum,0.022,0.022,-1,Echolocation,/mnt/ubna_data_02_mir/recover-20221013/UBNA_001/20221012_030000.WAV,Telephone Field,recover-20221013,001,1795
1493.9885,1493.9985,22031,27836,Nyctalus leisleri,0.01,0.027,-1,Echolocation,/mnt/ubna_data_02_mir/recover-20221013/UBNA_001/20221012_030000.WAV,Telephone Field,recover-20221013,001,1795
1494.0015,1494.0097,26328,35656,Nyctalus leisleri,0.007,0.028,-1,Echolocation,/mnt/ubna_data_02_mir/recover-20221013/UBNA_001/20221012_030000.WAV,Telephone Field,recover-20221013,001,1795
1494.0015,1494.0326,70156,83319,Rhinolophus ferrumequinum,0.029,0.029,-1,Echolocation,/mnt/ubna_data_02_mir/recover-20221013/UBNA_001/20221012_030000.WAV,Telephone Field,recover-20221013,001,1795
1494.0145,1494.0578,68437,83342,Rhinolophus ferrumequinum,0.023,0.023,-1,Echolocation,/mnt/ubna_data_02_mir/recover-20221013/UBNA_001/20221012_030000.WAV,Telephone Field,recover-20221013,001,1795
1494.0195,1494.0256,36640,48729,Myotis daubentonii,0.01,0.021,-1,Echolocation,/mnt/ubna_data_02_mir/recover-20221013/UBNA_001/20221012_030000.WAV,Telephone Field,recover-20221013,001,1795
1494.0235,1494.0313,28046,41379,Eptesicus serotinus,0.008,0.024,-1,Echolocation,/mnt/ubna_data_02_mir/recover-20221013/UBNA_001/20221012_030000.WAV,Telephone Field,recover-20221013,001,1795
1494.0655,1494.1043,68437,82059,Rhinolophus ferrumequinum,0.032,0.032,-1,Echolocation,/mnt/ubna_data_02_mir/recover-20221013/UBNA_001/20221012_030000.WAV,Telephone Field,recover-20221013,001,1795
1494.0935,1494.1118,20312,23076,Nyctalus leisleri,0.014,0.023,-1,Echolocation,/mnt/ubna_data_02_mir/recover-20221013/UBNA_001/20221012_030000.WAV,Telephone Field,recover-20221013,001,1795
1494.1155,1494.1561,68437,82453,Rhinolophus ferrumequinum,0.021,0.021,-1,Echolocation,/mnt/ubna_data_02_mir/recover-20221013/UBNA_001/20221012_030000.WAV,Telephone Field,recover-20221013,001,1795
1494.1155,1494.1257,28046,35306,Eptesicus serotinus,0.01,0.026,-1,Echolocation,/mnt/ubna_data_02_mir/recover-20221013/UBNA_001/20221012_030000.WAV,Telephone Field,recover-20221013,001,1795
1494.1525,1494.1626,22890,27920,Nyctalus leisleri,0.009,0.022,-1,Echolocation,/mnt/ubna_data_02_mir/recover-20221013/UBNA_001/20221012_030000.WAV,Telephone Field,recover-20221013,001,1795
1494.1585,1494.1666,44375,53587,Pipistrellus pipistrellus,0.016,0.025,-1,Echolocation,/mnt/ubna_data_02_mir/recover-20221013/UBNA_001/20221012_030000.WAV,Telephone Field,recover-20221013,001,1795
1494.1685,1494.1776,28046,36374,Eptesicus serotinus,0.008,0.021,-1,Echolocation,/mnt/ubna_data_02_mir/recover-20221013/UBNA_001/20221012_030000.WAV,Telephone Field,recover-20221013,001,1795
1494.2115,1494.2228,23750,29184,Nyctalus leisleri,0.011,0.023,-1,Echolocation,/mnt/ubna_data_02_mir/recover-20221013/UBNA_001/20221012_030000.WAV,Telephone Field,recover-20221013,001,1795
1494.2355,1494.2733,68437,81329,Rhinolophus ferrumequinum,0.026,0.026,-1,Echolocation,/mnt/ubna_data_02_mir/recover-20221013/UBNA_001/20221012_030000.WAV,Telephone Field,recover-20221013,001,1795
1494.2745,1494.3168,68437,83176,Rhinolophus ferrumequinum,0.03,0.03,-1,Echolocation,/mnt/ubna_data_02_mir/recover-20221013/UBNA_001/20221012_030000.WAV,Telephone Field,recover-20221013,001,1795
1494.2755,1494.288,50390,55851,Pipistrellus pipistrellus,0.028,0.034,-1,Echolocation,/mnt/ubna_data_02_mir/recover-20221013/UBNA_001/20221012_030000.WAV,Telephone Field,recover-20221013,001,1795
1494.3095,1494.3519000000001,68437,83052,Rhinolophus ferrumequinum,0.029,0.029,-1,Echolocation,/mnt/ubna_data_02_mir/recover-20221013/UBNA_001/20221012_030000.WAV,Telephone Field,recover-20221013,001,1795
1494.3195,1494.3325,28906,34700,Eptesicus serotinus,0.018,0.034,-1,Echolocation,/mnt/ubna_data_02_mir/recover-20221013/UBNA_001/20221012_030000.WAV,Telephone Field,recover-20221013,001,1795
1494.3265,1494.3657,68437,82268,Rhinolophus ferrumequinum,0.022,0.022,-1,Echolocation,/mnt/ubna_data_02_mir/recover-20221013/UBNA_001/20221012_030000.WAV,Telephone Field,recover-20221013,001,1795
1494.3355,1494.3461,22031,26979,Nyctalus leisleri,0.01,0.022,-1,Echolocation,/mnt/ubna_data_02_mir/recover-20221013/UBNA_001/20221012_030000.WAV,Telephone Field,recover-20221013,001,1795
1494.3545,1494.3622,27187,43193,Eptesicus serotinus,0.007,0.022,-1,Echolocation,/mnt/ubna_data_02_mir/recover-20221013/UBNA_001/20221012_030000.WAV,Telephone Field,recover-20221013,001,1795
1494.3795,1494.4182,68437,82228,Rhinolophus ferrumequinum,0.028,0.028,-1,Echolocation,/mnt/ubna_data_02_mir/recover-20221013/UBNA_001/20221012_030000.WAV,Telephone Field,recover-20221013,001,1795
1494.4115,1494.4495,68437,82054,Rhinolophus ferrumequinum,0.024,0.024,-1,Echolocation,/mnt/ubna_data_02_mir/recover-20221013/UBNA_001/20221012_030000.WAV,Telephone Field,recover-20221013,001,1795
1494.4515,1494.4593,28046,40272,Eptesicus serotinus,0.007,0.023,-1,Echolocation,/mnt/ubna_data_02_mir/recover-20221013/UBNA_001/20221012_030000.WAV,Telephone Field,recover-20221013,001,1795
1494.4795,1494.5166,68437,82182,Rhinolophus ferrumequinum,0.023,0.023,-1,Echolocation,/mnt/ubna_data_02_mir/recover-20221013/UBNA_001/20221012_030000.WAV,Telephone Field,recover-20221013,001,1795
1494.4945,1494.5058,23750,29227,Nyctalus leisleri,0.011,0.025,-1,Echolocation,/mnt/ubna_data_02_mir/recover-20221013/UBNA_001/20221012_030000.WAV,Telephone Field,recover-20221013,001,1795
1494.4975,1494.5362,68437,82061,Rhinolophus ferrumequinum,0.022,0.022,-1,Echolocation,/mnt/ubna_data_02_mir/recover-20221013/UBNA_001/20221012_030000.WAV,Telephone Field,recover-20221013,001,1795
1494.5405,1494.5837,68437,82943,Rhinolophus ferrumequinum,0.033,0.033,-1,Echolocation,/mnt/ubna_data_02_mir/recover-20221013/UBNA_001/20221012_030000.WAV,Telephone Field,recover-20221013,001,1795
1494.5585,1494.5643,37500,56347,Myotis brandtii,0.007,0.022,-1,Echolocation,/mnt/ubna_data_02_mir/recover-20221013/UBNA_001/20221012_030000.WAV,Telephone Field,recover-20221013,001,1795
1494.5715,1494.5818,23750,30699,Nyctalus leisleri,0.01,0.027,-1,Echolocation,/mnt/ubna_data_02_mir/recover-20221013/UBNA_001/20221012_030000.WAV,Telephone Field,recover-20221013,001,1795
1494.6005,1494.6361,68437,81902,Rhinolophus ferrumequinum,0.022,0.022,-1,Echolocation,/mnt/ubna_data_02_mir/recover-20221013/UBNA_001/20221012_030000.WAV,Telephone Field,recover-20221013,001,1795
1494.6225,1494.6598,68437,81306,Rhinolophus ferrumequinum,0.026,0.027,-1,Echolocation,/mnt/ubna_data_02_mir/recover-20221013/UBNA_001/20221012_030000.WAV,Telephone Field,recover-20221013,001,1795
1494.6275,1494.6382,45234,48698,Pipistrellus pipistrellus,0.024,0.026,-1,Echolocation,/mnt/ubna_data_02_mir/recover-20221013/UBNA_001/20221012_030000.WAV,Telephone Field,recover-20221013,001,1795
1494.6295,1494.637,27187,42324,Eptesicus serotinus,0.007,0.023,-1,Echolocation,/mnt/ubna_data_02_mir/recover-20221013/UBNA_001/20221012_030000.WAV,Telephone Field,recover-20221013,001,1795
1494.6675,1494.6763,27187,38640,Eptesicus serotinus,0.01,0.026,-1,Echolocation,/mnt/ubna_data_02_mir/recover-20221013/UBNA_001/20221012_030000.WAV,Telephone Field,recover-20221013,001,1795
1494.6775,1494.7169,68437,82318,Rhinolophus ferrumequinum,0.026,0.026,-1,Echolocation,/mnt/ubna_data_02_mir/recover-20221013/UBNA_001/20221012_030000.WAV,Telephone Field,recover-20221013,001,1795
1494.7015,1494.7412,68437,82493,Rhinolophus ferrumequinum,0.029,0.029,-1,Echolocation,/mnt/ubna_data_02_mir/recover-20221013/UBNA_001/20221012_030000.WAV,Telephone Field,recover-20221013,001,1795
1494.7255,1494.7365,22031,26162,Nyctalus leisleri,0.012,0.023,-1,Echolocation,/mnt/ubna_data_02_mir/recover-20221013/UBNA_001/20221012_030000.WAV,Telephone Field,recover-20221013,001,1795
1494.7275,1494.7612,68437,81531,Rhinolophus ferrumequinum,0.022,0.023,-1,Echolocation,/mnt/ubna_data_02_mir/recover-20221013/UBNA_001/20221012_030000.WAV,Telephone Field,recover-20221013,001,1795
1494.7685,1494.7788,24609,30099,Nyctalus leisleri,0.015,0.036,-1,Echolocation,/mnt/ubna_data_02_mir/recover-20221013/UBNA_001/20221012_030000.WAV,Telephone Field,recover-20221013,001,1795
1494.7875,1494.8254,68437,81786,Rhinolophus ferrumequinum,0.028,0.028,-1,Echolocation,/mnt/ubna_data_02_mir/recover-20221013/UBNA_001/20221012_030000.WAV,Telephone Field,recover-20221013,001,1795
1494.8005,1494.8116,28906,35248,Eptesicus serotinus,0.024,0.041,-1,Echolocation,/mnt/ubna_data_02_mir/recover-20221013/UBNA_001/20221012_030000.WAV,Telephone Field,recover-20221013,001,1795
1494.8255,1494.8333,23750,32733,Plecotus austriacus,0.007,0.022,-1,Echolocation,/mnt/ubna_data_02_mir/recover-20221013/UBNA_001/20221012_030000.WAV,Telephone Field,recover-20221013,001,1795
1494.8455,1494.8856,68437,81175,Rhinolophus ferrumequinum,0.021,0.021,-1,Echolocation,/mnt/ubna_data_02_mir/recover-20221013/UBNA_001/20221012_030000.WAV,Telephone Field,recover-20221013,001,1795
1494.8725,1494.9104,68437,82252,Rhinolophus ferrumequinum,0.022,0.022,-1,Echolocation,/mnt/ubna_data_02_mir/recover-20221013/UBNA_001/20221012_030000.WAV,Telephone Field,recover-20221013,001,1795
1494.8815,1494.8911,23750,30939,Nyctalus leisleri,0.007,0.022,-1,Echolocation,/mnt/ubna_data_02_mir/recover-20221013/UBNA_001/20221012_030000.WAV,Telephone Field,recover-20221013,001,1795
1494.9065,1494.9443,68437,82032,Rhinolophus ferrumequinum,0.024,0.024,-1,Echolocation,/mnt/ubna_data_02_mir/recover-20221013/UBNA_001/20221012_030000.WAV,Telephone Field,recover-20221013,001,1795
1494.9545,1494.9893,68437,81707,Rhinolophus ferrumequinum,0.022,0.022,-1,Echolocation,/mnt/ubna_data_02_mir/recover-20221013/UBNA_001/20221012_030000.WAV,Telephone Field,recover-20221013,001,1795
1494.9755,1494.9831,26328,39896,Eptesicus serotinus,0.006,0.024,-1,Echolocation,/mnt/ubna_data_02_mir/recover-20221013/UBNA_001/20221012_030000.WAV,Telephone Field,recover-20221013,001,1795
1494.9965,1495.0016,51250,57232,Pipistrellus pipistrellus,0.02,0.023,-1,Echolocation,/mnt/ubna_data_02_mir/recover-20221013/UBNA_001/20221012_030000.WAV,Telephone Field,recover-20221013,001,1795
1495.0075,1495.0157,27187,38895,Eptesicus serotinus,0.007,0.021,-1,Echolocation,/mnt/ubna_data_02_mir/recover-20221013/UBNA_001/20221012_030000.WAV,Telephone Field,recover-20221013,001,1795
1495.0085,1495.0455,68437,82185,Rhinolophus ferrumequinum,0.027,0.027,-1,Echolocation,/mnt/ubna_data_02_mir/recover-20221013/UBNA_001/20221012_030000.WAV,Telephone Field,recover-20221013,001,1795
1495.0205,1495.0617,68437,82320,Rhinolophus ferrumequinum,0.025,0.025,-1,Echolocation,/mnt/ubna_data_02_mir/recover-20221013/UBNA_001/20221012_030000.WAV,Telephone Field,recover-20221013,001,1795
1495.0265,1495.0659,68437,82201,Rhinolophus ferrumequinum,0.023,0.023,-1,Echolocation,/mnt/ubna_data_02_mir/recover-20221013/UBNA_001/20221012_030000.WAV,Telephone Field,recover-20221013,001,1795
1495.0545,1495.065,22890,29223,Nyctalus leisleri,0.009,0.024,-1,Echolocation,/mnt/ubna_data_02_mir/recover-20221013/UBNA_001/20221012_030000.WAV,Telephone Field,recover-20221013,001,1795
1495.0685,1495.0756,28046,43253,Eptesicus serotinus,0.01,0.033,-1,Echolocation,/mnt/ubna_data_02_mir/recover-20221013/UBNA_001/20221012_030000.WAV,Telephone Field,recover-20221013,001,1795
1495.0795,1495.1146,68437,81153,Rhinolophus ferrumequinum,0.021,0.021,-1,Echolocation,/mnt/ubna_data_02_mir/recover-20221013/UBNA_001/20221012_030000.WAV,Telephone Field,recover-20221013,001,1795
1495.1385,1495.1784,68437,82639,Rhinolophus ferrumequinum,0.022,0.022,-1,Echolocation,/mnt/ubna_data_02_mir/recover-20221013/UBNA_001/20221012_030000.WAV,Telephone Field,recover-20221013,001,1795
1495.1465,1495.1855,68437,82281,Rhinolophus ferrumequinum,0.021,0.021,-1,Echolocation,/mnt/ubna_data_02_mir/recover-20221013/UBNA_001/20221012_030000.WAV,Telephone Field,recover-20221013,001,1795
1495.1675,1495.1761,28046,39162,Eptesicus serotinus,0.008,0.022,-1,Echolocation,/mnt/ubna_data_02_mir/recover-20221013/UBNA_001/20221012_030000.WAV,Telephone Field,recover-20221013,001,1795
1495.1935,1495.2376,68437,83609,Rhinolophus ferrumequinum,0.037,0.037,-1,Echolocation,/mnt/ubna_data_02_mir/recover-20221013/UBNA_001/20221012_030000.WAV,Telephone Field,recover-20221013,001,1795
1495.2235,1495.2413,20312,23946,Nyctalus leisleri,0.014,0.027,-1,Echolocation,/mnt/ubna_data_02_mir/recover-20221013/UBNA_001/20221012_030000.WAV,Telephone Field,recover-20221013,001,1795
1495.2255,1495.2677,68437,82881,Rhinolophus ferrumequinum,0.032,0.032,-1,Echolocation,/mnt/ubna_data_02_mir/recover-20221013/UBNA_001/20221012_030000.WAV,Telephone Field,recover-20221013,001,1795
1495.2385,1495.2773,68437,82323,Rhinolophus ferrumequinum,0.021,0.021,-1,Echolocation,/mnt/ubna_data_02_mir/recover-20221013/UBNA_001/20221012_030000.WAV,Telephone Field,recover-20221013,001,1795
1495.2555,1495.2951,68437,81502,Rhinolophus ferrumequinum,0.022,0.022,-1,Echolocation,/mnt/ubna_data_02_mir/recover-20221013/UBNA_001/20221012_030000.WAV,Telephone Field,recover-20221013,001,1795
1495.2595,1495.2653,38359,57770,Myotis mystacinus,0.007,0.022,-1,Echolocation,/mnt/ubna_data_02_mir/recover-20221013/UBNA_001/20221012_030000.WAV,Telephone Field,recover-20221013,001,1795
1495.2825,1495.3185,68437,81911,Rhinolophus ferrumequinum,0.023,0.023,-1,Echolocation,/mnt/ubna_data_02_mir/recover-20221013/UBNA_001/20221012_030000.WAV,Telephone Field,recover-20221013,001,1795
1495.3345,1495.3725,68437,82307,Rhinolophus ferrumequinum,0.022,0.022,-1,Echolocation,/mnt/ubna_data_02_mir/recover-20221013/UBNA_001/20221012_030000.WAV,Telephone Field,recover-20221013,001,1795
1495.3465,1495.3828,68437,81346,Rhinolophus ferrumequinum,0.023,0.023,-1,Echolocation,/mnt/ubna_data_02_mir/recover-20221013/UBNA_001/20221012_030000.WAV,Telephone Field,recover-20221013,001,1795
1495.3485,1495.3566,26328,36483,Eptesicus serotinus,0.006,0.022,-1,Echolocation,/mnt/ubna_data_02_mir/recover-20221013/UBNA_001/20221012_030000.WAV,Telephone Field,recover-20221013,001,1795
1495.3725,1495.3801,26328,38342,Eptesicus serotinus,0.006,0.022,-1,Echolocation,/mnt/ubna_data_02_mir/recover-20221013/UBNA_001/20221012_030000.WAV,Telephone Field,recover-20221013,001,1795
1495.4425,1495.4802,68437,81054,Rhinolophus ferrumequinum,0.022,0.023,-1,Echolocation,/mnt/ubna_data_02_mir/recover-20221013/UBNA_001/20221012_030000.WAV,Telephone Field,recover-20221013,001,1795
1495.4505,1495.4584,47812,51959,Pipistrellus pipistrellus,0.024,0.025,-1,Echolocation,/mnt/ubna_data_02_mir/recover-20221013/UBNA_001/20221012_030000.WAV,Telephone Field,recover-20221013,001,1795
1495.4585,1495.4677,28906,37435,Eptesicus serotinus,0.01,0.028,-1,Echolocation,/mnt/ubna_data_02_mir/recover-20221013/UBNA_001/20221012_030000.WAV,Telephone Field,recover-20221013,001,1795
1495.4825,1495.5238,68437,81163,Rhinolophus ferrumequinum,0.038,0.038,-1,Echolocation,/mnt/ubna_data_02_mir/recover-20221013/UBNA_001/20221012_030000.WAV,Telephone Field,recover-20221013,001,1795
1495.4995,1495.5089,24609,31468,Nyctalus leisleri,0.009,0.024,-1,Echolocation,/mnt/ubna_data_02_mir/recover-20221013/UBNA_001/20221012_030000.WAV,Telephone Field,recover-20221013,001,1795
1495.5405,1495.55,22890,29625,Plecotus austriacus,0.01,0.027,-1,Echolocation,/mnt/ubna_data_02_mir/recover-20221013/UBNA_001/20221012_030000.WAV,Telephone Field,recover-20221013,001,1795
1495.5625,1495.5713,23750,30647,Plecotus austriacus,0.006,0.023,-1,Echolocation,/mnt/ubna_data_02_mir/recover-20221013/UBNA_001/20221012_030000.WAV,Telephone Field,recover-20221013,001,1795
1495.6005,1495.6412,68437,82538,Rhinolophus ferrumequinum,0.026,0.026,-1,Echolocation,/mnt/ubna_data_02_mir/recover-20221013/UBNA_001/20221012_030000.WAV,Telephone Field,recover-20221013,001,1795
1495.6425,1495.6783,68437,81688,Rhinolophus ferrumequinum,0.022,0.022,-1,Echolocation,/mnt/ubna_data_02_mir/recover-20221013/UBNA_001/20221012_030000.WAV,Telephone Field,recover-20221013,001,1795
1495.6575,1495.701,68437,83216,Rhinolophus ferrumequinum,0.029,0.029,-1,Echolocation,/mnt/ubna_data_02_mir/recover-20221013/UBNA_001/20221012_030000.WAV,Telephone Field,recover-20221013,001,1795
1495.6605,1495.6664,36640,60189,Myotis brandtii,0.008,0.022,-1,Echolocation,/mnt/ubna_data_02_mir/recover-20221013/UBNA_001/20221012_030000.WAV,Telephone Field,recover-20221013,001,1795
1495.6725,1495.705,68437,81874,Rhinolophus ferrumequinum,0.022,0.022,-1,Echolocation,/mnt/ubna_data_02_mir/recover-20221013/UBNA_001/20221012_030000.WAV,Telephone Field,recover-20221013,001,1795
1495.6825,1495.6909,28046,38201,Eptesicus serotinus,0.008,0.023,-1,Echolocation,/mnt/ubna_data_02_mir/recover-20221013/UBNA_001/20221012_030000.WAV,Telephone Field,recover-20221013,001,1795
1495.6875,1495.6967,44375,50316,Pipistrellus pipistrellus,0.019,0.021,-1,Echolocation,/mnt/ubna_data_02_mir/recover-20221013/UBNA_001/20221012_030000.WAV,Telephone Field,recover-20221013,001,1795
1495.7435,1495.7811,68437,81793,Rhinolophus ferrumequinum,0.022,0.022,-1,Echolocation,/mnt/ubna_data_02_mir/recover-20221013/UBNA_001/20221012_030000.WAV,Telephone Field,recover-20221013,001,1795
1495.7495,1495.758,24609,32818,Plecotus austriacus,0.006,0.022,-1,Echolocation,/mnt/ubna_data_02_mir/recover-20221013/UBNA_001/20221012_030000.WAV,Telephone Field,recover-20221013,001,1795
1495.7665,1495.8037,68437,81417,Rhinolophus ferrumequinum,0.022,0.022,-1,Echolocation,/mnt/ubna_data_02_mir/recover-20221013/UBNA_001/20221012_030000.WAV,Telephone Field,recover-20221013,001,1795
1495.7775,1495.8143,68437,81581,Rhinolophus ferrumequinum,0.023,0.023,-1,Echolocation,/mnt/ubna_data_02_mir/recover-20221013/UBNA_001/20221012_030000.WAV,Telephone Field,recover-20221013,001,1795
1495.8035,1495.8425,68437,82544,Rhinolophus ferrumequinum,0.023,0.023,-1,Echolocation,/mnt/ubna_data_02_mir/recover-20221013/UBNA_001/20221012_030000.WAV,Telephone Field,recover-20221013,001,1795
1495.8235,1495.8589,68437,81456,Rhinolophus ferrumequinum,0.033,0.033,-1,Echolocation,/mnt/ubna_data_02_mir/recover-20221013/UBNA_001/20221012_030000.WAV,Telephone Field,recover-20221013,001,1795
1495.8675,1495.8726,37500,62261,Myotis brandtii,0.008,0.022,-1,Echolocation,/mnt/ubna_data_02_mir/recover-20221013/UBNA_001/20221012_030000.WAV,Telephone Field,recover-20221013,001,1795
1495.8795,1495.9178,68437,82106,Rhinolophus ferrumequinum,0.024,0.024,-1,Echolocation,/mnt/ubna_data_02_mir/recover-20221013/UBNA_001/20221012_030000.WAV,Telephone Field,recover-20221013,001,1795
1495.8945,1495.9034,28046,37477,Eptesicus serotinus,0.009,0.023,-1,Echolocation,/mnt/ubna_data_02_mir/recover-20221013/UBNA_001/20221012_030000.WAV,Telephone Field,recover-20221013,001,1795
1495.8955,1495.9373,68437,82950,Rhinolophus ferrumequinum,0.022,0.022,-1,Echolocation,/mnt/ubna_data_02_mir/recover-20221013/UBNA_001/20221012_030000.WAV,Telephone Field,recover-20221013,001,1795
1495.8965,1495.9075,44375,50340,Pipistrellus pipistrellus,0.018,0.024,-1,Echolocation,/mnt/ubna_data_02_mir/recover-20221013/UBNA_001/20221012_030000.WAV,Telephone Field,recover-20221013,001,1795
1495.9155,1495.9224,46093,49774,Pipistrellus pipistrellus,0.023,0.026,-1,Echolocation,/mnt/ubna_data_02_mir/recover-20221013/UBNA_001/20221012_030000.WAV,Telephone Field,recover-20221013,001,1795
1495.9225,1495.9601,68437,82055,Rhinolophus ferrumequinum,0.021,0.021,-1,Echolocation,/mnt/ubna_data_02_mir/recover-20221013/UBNA_001/20221012_030000.WAV,Telephone Field,recover-20221013,001,1795
1495.9255,1495.9337,28046,37099,Eptesicus serotinus,0.008,0.023,-1,Echolocation,/mnt/ubna_data_02_mir/recover-20221013/UBNA_001/20221012_030000.WAV,Telephone Field,recover-20221013,001,1795
1495.9855,1495.9946,26328,36579,Eptesicus serotinus,0.008,0.021,-1,Echolocation,/mnt/ubna_data_02_mir/recover-20221013/UBNA_001/20221012_030000.WAV,Telephone Field,recover-20221013,001,1795
1496.0015,1496.0112,27187,36129,Eptesicus serotinus,0.009,0.028,-1,Echolocation,/mnt/ubna_data_02_mir/recover-20221013/UBNA_001/20221012_030000.WAV,Telephone Field,recover-20221013,001,1795
1496.0015,1496.0123,47812,54239,Pipistrellus pipistrellus,0.029,0.035,-1,Echolocation,/mnt/ubna_data_02_mir/recover-20221013/UBNA_001/20221012_030000.WAV,Telephone Field,recover-20221013,001,1795
1496.0145,1496.0229,27187,37957,Eptesicus serotinus,0.008,0.024,-1,Echolocation,/mnt/ubna_data_02_mir/recover-20221013/UBNA_001/20221012_030000.WAV,Telephone Field,recover-20221013,001,1795
1496.0445,1496.0816,68437,82321,Rhinolophus ferrumequinum,0.022,0.022,-1,Echolocation,/mnt/ubna_data_02_mir/recover-20221013/UBNA_001/20221012_030000.WAV,Telephone Field,recover-20221013,001,1795
1496.0575,1496.0745,18593,22823,Nyctalus noctula,0.013,0.022,-1,Echolocation,/mnt/ubna_data_02_mir/recover-20221013/UBNA_001/20221012_030000.WAV,Telephone Field,recover-20221013,001,1795
1496.0605,1496.0709,40078,43844,Pipistrellus nathusii,0.063,0.144,-1,Echolocation,/mnt/ubna_data_02_mir/recover-20221013/UBNA_001/20221012_030000.WAV,Telephone Field,recover-20221013,001,1795
1496.0655,1496.0745,28906,39107,Eptesicus serotinus,0.011,0.029,-1,Echolocation,/mnt/ubna_data_02_mir/recover-20221013/UBNA_001/20221012_030000.WAV,Telephone Field,recover-20221013,001,1795
1496.1165,1496.1564,68437,82915,Rhinolophus ferrumequinum,0.027,0.027,-1,Echolocation,/mnt/ubna_data_02_mir/recover-20221013/UBNA_001/20221012_030000.WAV,Telephone Field,recover-20221013,001,1795
1496.1565,1496.1937,68437,81822,Rhinolophus ferrumequinum,0.028,0.028,-1,Echolocation,/mnt/ubna_data_02_mir/recover-20221013/UBNA_001/20221012_030000.WAV,Telephone Field,recover-20221013,001,1795
1496.1925,1496.2276,68437,81231,Rhinolophus ferrumequinum,0.023,0.023,-1,Echolocation,/mnt/ubna_data_02_mir/recover-20221013/UBNA_001/20221012_030000.WAV,Telephone Field,recover-20221013,001,1795
1496.2985,1496.3355,68437,81352,Rhinolophus ferrumequinum,0.023,0.023,-1,Echolocation,/mnt/ubna_data_02_mir/recover-20221013/UBNA_001/20221012_030000.WAV,Telephone Field,recover-20221013,001,1795
1496.3895,1496.4001,28906,35817,Eptesicus serotinus,0.01,0.023,-1,Echolocation,/mnt/ubna_data_02_mir/recover-20221013/UBNA_001/20221012_030000.WAV,Telephone Field,recover-20221013,001,1795
1496.4165,1496.4278,22890,28399,Nyctalus leisleri,0.013,0.028,-1,Echolocation,/mnt/ubna_data_02_mir/recover-20221013/UBNA_001/20221012_030000.WAV,Telephone Field,recover-20221013,001,1795
1496.4585,1496.4928,68437,82096,Rhinolophus ferrumequinum,0.023,0.023,-1,Echolocation,/mnt/ubna_data_02_mir/recover-20221013/UBNA_001/20221012_030000.WAV,Telephone Field,recover-20221013,001,1795
1496.4985,1496.5061,51250,56307,Pipistrellus pipistrellus,0.02,0.024,-1,Echolocation,/mnt/ubna_data_02_mir/recover-20221013/UBNA_001/20221012_030000.WAV,Telephone Field,recover-20221013,001,1795
1496.5105,1496.5209,50390,54763,Pipistrellus pipistrellus,0.017,0.021,-1,Echolocation,/mnt/ubna_data_02_mir/recover-20221013/UBNA_001/20221012_030000.WAV,Telephone Field,recover-20221013,001,1795
1496.5125,1496.5228,24609,30957,Nyctalus leisleri,0.008,0.022,-1,Echolocation,/mnt/ubna_data_02_mir/recover-20221013/UBNA_001/20221012_030000.WAV,Telephone Field,recover-20221013,001,1795
1496.5325,1496.5703,68437,82135,Rhinolophus ferrumequinum,0.023,0.023,-1,Echolocation,/mnt/ubna_data_02_mir/recover-20221013/UBNA_001/20221012_030000.WAV,Telephone Field,recover-20221013,001,1795
1496.5415,1496.5496,28046,39851,Eptesicus serotinus,0.007,0.021,-1,Echolocation,/mnt/ubna_data_02_mir/recover-20221013/UBNA_001/20221012_030000.WAV,Telephone Field,recover-20221013,001,1795
1496.5585,1496.5658,47812,52973,Pipistrellus pipistrellus,0.039,0.041,-1,Echolocation,/mnt/ubna_data_02_mir/recover-20221013/UBNA_001/20221012_030000.WAV,Telephone Field,recover-20221013,001,1795
1496.5685,1496.5791,23750,29367,Nyctalus leisleri,0.009,0.022,-1,Echolocation,/mnt/ubna_data_02_mir/recover-20221013/UBNA_001/20221012_030000.WAV,Telephone Field,recover-20221013,001,1795
1496.5795,1496.5855999999999,28046,42101,Eptesicus serotinus,0.006,0.027,-1,Echolocation,/mnt/ubna_data_02_mir/recover-20221013/UBNA_001/20221012_030000.WAV,Telephone Field,recover-20221013,001,1795
1496.5805,1496.5896,22890,30216,Plecotus austriacus,0.01,0.027,-1,Echolocation,/mnt/ubna_data_02_mir/recover-20221013/UBNA_001/20221012_030000.WAV,Telephone Field,recover-20221013,001,1795
1496.5915,1496.6317,68437,82094,Rhinolophus ferrumequinum,0.026,0.026,-1,Echolocation,/mnt/ubna_data_02_mir/recover-20221013/UBNA_001/20221012_030000.WAV,Telephone Field,recover-20221013,001,1795
1496.6475,1496.6873,68437,82418,Rhinolophus ferrumequinum,0.024,0.024,-1,Echolocation,/mnt/ubna_data_02_mir/recover-20221013/UBNA_001/20221012_030000.WAV,Telephone Field,recover-20221013,001,1795
1496.7655,1496.8015,68437,80902,Rhinolophus ferrumequinum,0.024,0.024,-1,Echolocation,/mnt/ubna_data_02_mir/recover-20221013/UBNA_001/20221012_030000.WAV,Telephone Field,recover-20221013,001,1795
1496.8005,1496.8116,22890,27195,Nyctalus leisleri,0.013,0.024,-1,Echolocation,/mnt/ubna_data_02_mir/recover-20221013/UBNA_001/20221012_030000.WAV,Telephone Field,recover-20221013,001,1795
1496.8295,1496.8698,68437,82702,Rhinolophus ferrumequinum,0.036,0.036,-1,Echolocation,/mnt/ubna_data_02_mir/recover-20221013/UBNA_001/20221012_030000.WAV,Telephone Field,recover-20221013,001,1795
1496.8305,1496.8392,28906,38249,Eptesicus serotinus,0.009,0.024,-1,Echolocation,/mnt/ubna_data_02_mir/recover-20221013/UBNA_001/20221012_030000.WAV,Telephone Field,recover-20221013,001,1795
1496.8475,1496.8565,27187,38792,Eptesicus serotinus,0.012,0.026,-1,Echolocation,/mnt/ubna_data_02_mir/recover-20221013/UBNA_001/20221012_030000.WAV,Telephone Field,recover-20221013,001,1795
1496.8515,1496.8851,68437,80306,Rhinolophus ferrumequinum,0.024,0.024,-1,Echolocation,/mnt/ubna_data_02_mir/recover-20221013/UBNA_001/20221012_030000.WAV,Telephone Field,recover-20221013,001,1795
1496.8845,1496.8931,27187,37298,Eptesicus serotinus,0.008,0.022,-1,Echolocation,/mnt/ubna_data_02_mir/recover-20221013/UBNA_001/20221012_030000.WAV,Telephone Field,recover-20221013,001,1795
1496.9015,1496.9341,68437,81044,Rhinolophus ferrumequinum,0.022,0.022,-1,Echolocation,/mnt/ubna_data_02_mir/recover-20221013/UBNA_001/20221012_030000.WAV,Telephone Field,recover-20221013,001,1795
1496.9155,1496.9221,26328,39956,Eptesicus serotinus,0.005,0.025,-1,Echolocation,/mnt/ubna_data_02_mir/recover-20221013/UBNA_001/20221012_030000.WAV,Telephone Field,recover-20221013,001,1795
1496.9315,1496.9721,68437,82219,Rhinolophus ferrumequinum,0.027,0.027,-1,Echolocation,/mnt/ubna_data_02_mir/recover-20221013/UBNA_001/20221012_030000.WAV,Telephone Field,recover-20221013,001,1795
1496.9435,1496.9508,23750,34730,Plecotus austriacus,0.012,0.029,-1,Echolocation,/mnt/ubna_data_02_mir/recover-20221013/UBNA_001/20221012_030000.WAV,Telephone Field,recover-20221013,001,1795
1496.9645,1497.0065,68437,82845,Rhinolophus ferrumequinum,0.026,0.026,-1,Echolocation,/mnt/ubna_data_02_mir/recover-20221013/UBNA_001/20221012_030000.WAV,Telephone Field,recover-20221013,001,1795
1497.1055,1497.1473,68437,82703,Rhinolophus ferrumequinum,0.029,0.029,-1,Echolocation,/mnt/ubna_data_02_mir/recover-20221013/UBNA_001/20221012_030000.WAV,Telephone Field,recover-20221013,001,1795
1497.1445,1497.1542,25468,33322,Eptesicus serotinus,0.011,0.029,-1,Echolocation,/mnt/ubna_data_02_mir/recover-20221013/UBNA_001/20221012_030000.WAV,Telephone Field,recover-20221013,001,1795
1497.1535,1497.1894,68437,81581,Rhinolophus ferrumequinum,0.022,0.022,-1,Echolocation,/mnt/ubna_data_02_mir/recover-20221013/UBNA_001/20221012_030000.WAV,Telephone Field,recover-20221013,001,1795
1497.1705,1497.1796,28046,39081,Eptesicus serotinus,0.012,0.027,-1,Echolocation,/mnt/ubna_data_02_mir/recover-20221013/UBNA_001/20221012_030000.WAV,Telephone Field,recover-20221013,001,1795
1497.1885,1497.2012,22031,26375,Nyctalus leisleri,0.014,0.027,-1,Echolocation,/mnt/ubna_data_02_mir/recover-20221013/UBNA_001/20221012_030000.WAV,Telephone Field,recover-20221013,001,1795
1497.2225,1497.2593,68437,81894,Rhinolophus ferrumequinum,0.029,0.029,-1,Echolocation,/mnt/ubna_data_02_mir/recover-20221013/UBNA_001/20221012_030000.WAV,Telephone Field,recover-20221013,001,1795
1497.2305,1497.2363,49531,58936,Pipistrellus pipistrellus,0.02,0.024,-1,Echolocation,/mnt/ubna_data_02_mir/recover-20221013/UBNA_001/20221012_030000.WAV,Telephone Field,recover-20221013,001,1795
1497.2965,1497.3345,68437,81847,Rhinolophus ferrumequinum,0.022,0.022,-1,Echolocation,/mnt/ubna_data_02_mir/recover-20221013/UBNA_001/20221012_030000.WAV,Telephone Field,recover-20221013,001,1795
1497.3045,1497.3406,68437,82462,Rhinolophus ferrumequinum,0.022,0.022,-1,Echolocation,/mnt/ubna_data_02_mir/recover-20221013/UBNA_001/20221012_030000.WAV,Telephone Field,recover-20221013,001,1795
1497.3455,1497.3573,27187,34982,Eptesicus serotinus,0.014,0.027,-1,Echolocation,/mnt/ubna_data_02_mir/recover-20221013/UBNA_001/20221012_030000.WAV,Telephone Field,recover-20221013,001,1795
1497.3565,1497.3675,25468,33070,Eptesicus serotinus,0.011,0.028,-1,Echolocation,/mnt/ubna_data_02_mir/recover-20221013/UBNA_001/20221012_030000.WAV,Telephone Field,recover-20221013,001,1795
1497.3685,1497.3753,28046,37683,Eptesicus serotinus,0.006,0.026,-1,Echolocation,/mnt/ubna_data_02_mir/recover-20221013/UBNA_001/20221012_030000.WAV,Telephone Field,recover-20221013,001,1795
1497.4065,1497.446,68437,81622,Rhinolophus ferrumequinum,0.021,0.021,-1,Echolocation,/mnt/ubna_data_02_mir/recover-20221013/UBNA_001/20221012_030000.WAV,Telephone Field,recover-20221013,001,1795
1497.4435,1497.452,28046,39384,Eptesicus serotinus,0.008,0.024,-1,Echolocation,/mnt/ubna_data_02_mir/recover-20221013/UBNA_001/20221012_030000.WAV,Telephone Field,recover-20221013,001,1795
1497.4645,1497.4742,28906,37824,Eptesicus serotinus,0.008,0.022,-1,Echolocation,/mnt/ubna_data_02_mir/recover-20221013/UBNA_001/20221012_030000.WAV,Telephone Field,recover-20221013,001,1795
1497.4835,1497.5242,68437,82747,Rhinolophus ferrumequinum,0.033,0.034,-1,Echolocation,/mnt/ubna_data_02_mir/recover-20221013/UBNA_001/20221012_030000.WAV,Telephone Field,recover-20221013,001,1795
1497.4885,1497.499,22031,27383,Nyctalus leisleri,0.009,0.021,-1,Echolocation,/mnt/ubna_data_02_mir/recover-20221013/UBNA_001/20221012_030000.WAV,Telephone Field,recover-20221013,001,1795
1497.5985,1497.6352,68437,81474,Rhinolophus ferrumequinum,0.022,0.022,-1,Echolocation,/mnt/ubna_data_02_mir/recover-20221013/UBNA_001/20221012_030000.WAV,Telephone Field,recover-20221013,001,1795
1497.6305,1497.6388,28046,39632,Eptesicus serotinus,0.007,0.021,-1,Echolocation,/mnt/ubna_data_02_mir/recover-20221013/UBNA_001/20221012_030000.WAV,Telephone Field,recover-20221013,001,1795
1497.6595,1497.6993,68437,82176,Rhinolophus ferrumequinum,0.027,0.027,-1,Echolocation,/mnt/ubna_data_02_mir/recover-20221013/UBNA_001/20221012_030000.WAV,Telephone Field,recover-20221013,001,1795
1497.6735,1497.7087,68437,81478,Rhinolophus ferrumequinum,0.021,0.021,-1,Echolocation,/mnt/ubna_data_02_mir/recover-20221013/UBNA_001/20221012_030000.WAV,Telephone Field,recover-20221013,001,1795
1497.6895,1497.7317,68437,82451,Rhinolophus ferrumequinum,0.025,0.025,-1,Echolocation,/mnt/ubna_data_02_mir/recover-20221013/UBNA_001/20221012_030000.WAV,Telephone Field,recover-20221013,001,1795
1497.7395,1497.7475,27187,39449,Eptesicus serotinus,0.007,0.023,-1,Echolocation,/mnt/ubna_data_02_mir/recover-20221013/UBNA_001/20221012_030000.WAV,Telephone Field,recover-20221013,001,1795
1497.7565,1497.796,68437,82350,Rhinolophus ferrumequinum,0.025,0.025,-1,Echolocation,/mnt/ubna_data_02_mir/recover-20221013/UBNA_001/20221012_030000.WAV,Telephone Field,recover-20221013,001,1795
1497.7705,1497.7807,25468,31632,Eptesicus serotinus,0.009,0.023,-1,Echolocation,/mnt/ubna_data_02_mir/recover-20221013/UBNA_001/20221012_030000.WAV,Telephone Field,recover-20221013,001,1795
1497.7955,1497.832,68437,82084,Rhinolophus ferrumequinum,0.033,0.033,-1,Echolocation,/mnt/ubna_data_02_mir/recover-20221013/UBNA_001/20221012_030000.WAV,Telephone Field,recover-20221013,001,1795
1497.8115,1497.8441,68437,80897,Rhinolophus ferrumequinum,0.022,0.022,-1,Echolocation,/mnt/ubna_data_02_mir/recover-20221013/UBNA_001/20221012_030000.WAV,Telephone Field,recover-20221013,001,1795
1497.8215,1497.8536,68437,81359,Rhinolophus ferrumequinum,0.022,0.023,-1,Echolocation,/mnt/ubna_data_02_mir/recover-20221013/UBNA_001/20221012_030000.WAV,Telephone Field,recover-20221013,001,1795
1497.8315,1497.8649,68437,80473,Rhinolophus ferrumequinum,0.022,0.022,-1,Echolocation,/mnt/ubna_data_02_mir/recover-20221013/UBNA_001/20221012_030000.WAV,Telephone Field,recover-20221013,001,1795
1497.8325,1497.8524,21171,24688,Nyctalus leisleri,0.033,0.068,-1,Echolocation,/mnt/ubna_data_02_mir/recover-20221013/UBNA_001/20221012_030000.WAV,Telephone Field,recover-20221013,001,1795
1497.8385,1497.8751,68437,81760,Rhinolophus ferrumequinum,0.022,0.022,-1,Echolocation,/mnt/ubna_data_02_mir/recover-20221013/UBNA_001/20221012_030000.WAV,Telephone Field,recover-20221013,001,1795
1497.8645,1497.8742,27187,36124,Eptesicus serotinus,0.009,0.023,-1,Echolocation,/mnt/ubna_data_02_mir/recover-20221013/UBNA_001/20221012_030000.WAV,Telephone Field,recover-20221013,001,1795
1497.9415,1497.9798,68437,82111,Rhinolophus ferrumequinum,0.022,0.022,-1,Echolocation,/mnt/ubna_data_02_mir/recover-20221013/UBNA_001/20221012_030000.WAV,Telephone Field,recover-20221013,001,1795
1497.9535,1497.9613,26328,35207,Eptesicus serotinus,0.009,0.024,-1,Echolocation,/mnt/ubna_data_02_mir/recover-20221013/UBNA_001/20221012_030000.WAV,Telephone Field,recover-20221013,001,1795
1497.9605,1497.9703,25468,33130,Eptesicus serotinus,0.01,0.024,-1,Echolocation,/mnt/ubna_data_02_mir/recover-20221013/UBNA_001/20221012_030000.WAV,Telephone Field,recover-20221013,001,1795
1497.9875,1497.9981,22890,29851,Nyctalus leisleri,0.009,0.026,-1,Echolocation,/mnt/ubna_data_02_mir/recover-20221013/UBNA_001/20221012_030000.WAV,Telephone Field,recover-20221013,001,1795
1498.0015,1498.0154,20312,25450,Nyctalus leisleri,0.009,0.024,-1,Echolocation,/mnt/ubna_data_02_mir/recover-20221013/UBNA_001/20221012_030000.WAV,Telephone Field,recover-20221013,001,1795
1498.0015,1498.034,68437,79503,Rhinolophus ferrumequinum,0.034,0.034,-1,Echolocation,/mnt/ubna_data_02_mir/recover-20221013/UBNA_001/20221012_030000.WAV,Telephone Field,recover-20221013,001,1795
1498.0015,1498.0105,25468,34308,Nyctalus leisleri,0.007,0.024,-1,Echolocation,/mnt/ubna_data_02_mir/recover-20221013/UBNA_001/20221012_030000.WAV,Telephone Field,recover-20221013,001,1795
1498.0075,1498.0503,68437,82224,Rhinolophus ferrumequinum,0.025,0.025,-1,Echolocation,/mnt/ubna_data_02_mir/recover-20221013/UBNA_001/20221012_030000.WAV,Telephone Field,recover-20221013,001,1795
1498.0485,1498.0548,24609,35261,Plecotus austriacus,0.016,0.043,-1,Echolocation,/mnt/ubna_data_02_mir/recover-20221013/UBNA_001/20221012_030000.WAV,Telephone Field,recover-20221013,001,1795
1498.1195,1498.1543,68437,79629,Rhinolophus ferrumequinum,0.029,0.029,-1,Echolocation,/mnt/ubna_data_02_mir/recover-20221013/UBNA_001/20221012_030000.WAV,Telephone Field,recover-20221013,001,1795
1498.1305,1498.1384,27187,39893,Eptesicus serotinus,0.008,0.022,-1,Echolocation,/mnt/ubna_data_02_mir/recover-20221013/UBNA_001/20221012_030000.WAV,Telephone Field,recover-20221013,001,1795
1498.1335,1498.1736,68437,82230,Rhinolophus ferrumequinum,0.027,0.027,-1,Echolocation,/mnt/ubna_data_02_mir/recover-20221013/UBNA_001/20221012_030000.WAV,Telephone Field,recover-20221013,001,1795
1498.1485,1498.1556,28046,41563,Eptesicus serotinus,0.008,0.031,-1,Echolocation,/mnt/ubna_data_02_mir/recover-20221013/UBNA_001/20221012_030000.WAV,Telephone Field,recover-20221013,001,1795
1498.1565,1498.1688,23750,28887,Nyctalus leisleri,0.018,0.04,-1,Echolocation,/mnt/ubna_data_02_mir/recover-20221013/UBNA_001/20221012_030000.WAV,Telephone Field,recover-20221013,001,1795
1498.1855,1498.2238,68437,81947,Rhinolophus ferrumequinum,0.023,0.023,-1,Echolocation,/mnt/ubna_data_02_mir/recover-20221013/UBNA_001/20221012_030000.WAV,Telephone Field,recover-20221013,001,1795
1498.2125,1498.2531,68437,82418,Rhinolophus ferrumequinum,0.031,0.031,-1,Echolocation,/mnt/ubna_data_02_mir/recover-20221013/UBNA_001/20221012_030000.WAV,Telephone Field,recover-20221013,001,1795
1498.2215,1498.2307,28906,40296,Eptesicus serotinus,0.008,0.023,-1,Echolocation,/mnt/ubna_data_02_mir/recover-20221013/UBNA_001/20221012_030000.WAV,Telephone Field,recover-20221013,001,1795
1498.2235,1498.2614,68437,83004,Rhinolophus ferrumequinum,0.024,0.024,-1,Echolocation,/mnt/ubna_data_02_mir/recover-20221013/UBNA_001/20221012_030000.WAV,Telephone Field,recover-20221013,001,1795
1498.2745,1498.3153,68437,82153,Rhinolophus ferrumequinum,0.025,0.025,-1,Echolocation,/mnt/ubna_data_02_mir/recover-20221013/UBNA_001/20221012_030000.WAV,Telephone Field,recover-20221013,001,1795
1498.2755,1498.2878,26328,32172,Nyctalus leisleri,0.016,0.037,-1,Echolocation,/mnt/ubna_data_02_mir/recover-20221013/UBNA_001/20221012_030000.WAV,Telephone Field,recover-20221013,001,1795
1498.2845,1498.3187,68437,81304,Rhinolophus ferrumequinum,0.023,0.023,-1,Echolocation,/mnt/ubna_data_02_mir/recover-20221013/UBNA_001/20221012_030000.WAV,Telephone Field,recover-20221013,001,1795
1498.3055,1498.3167,22890,28193,Nyctalus leisleri,0.013,0.025,-1,Echolocation,/mnt/ubna_data_02_mir/recover-20221013/UBNA_001/20221012_030000.WAV,Telephone Field,recover-20221013,001,1795
1498.3115,1498.351,68437,82329,Rhinolophus ferrumequinum,0.022,0.023,-1,Echolocation,/mnt/ubna_data_02_mir/recover-20221013/UBNA_001/20221012_030000.WAV,Telephone Field,recover-20221013,001,1795
1498.3385,1498.3483,26328,36025,Eptesicus serotinus,0.012,0.026,-1,Echolocation,/mnt/ubna_data_02_mir/recover-20221013/UBNA_001/20221012_030000.WAV,Telephone Field,recover-20221013,001,1795
1498.4065,1498.4465,68437,82972,Rhinolophus ferrumequinum,0.03,0.03,-1,Echolocation,/mnt/ubna_data_02_mir/recover-20221013/UBNA_001/20221012_030000.WAV,Telephone Field,recover-20221013,001,1795
1498.4135,1498.426,23750,29063,Nyctalus leisleri,0.016,0.033,-1,Echolocation,/mnt/ubna_data_02_mir/recover-20221013/UBNA_001/20221012_030000.WAV,Telephone Field,recover-20221013,001,1795
1498.4465,1498.4896,68437,83035,Rhinolophus ferrumequinum,0.033,0.033,-1,Echolocation,/mnt/ubna_data_02_mir/recover-20221013/UBNA_001/20221012_030000.WAV,Telephone Field,recover-20221013,001,1795
1498.4655,1498.502,68437,81847,Rhinolophus ferrumequinum,0.024,0.024,-1,Echolocation,/mnt/ubna_data_02_mir/recover-20221013/UBNA_001/20221012_030000.WAV,Telephone Field,recover-20221013,001,1795
1498.4675,1498.4752,28046,37620,Eptesicus serotinus,0.009,0.025,-1,Echolocation,/mnt/ubna_data_02_mir/recover-20221013/UBNA_001/20221012_030000.WAV,Telephone Field,recover-20221013,001,1795
1498.4875,1498.4948,28046,45155,Eptesicus serotinus,0.008,0.025,-1,Echolocation,/mnt/ubna_data_02_mir/recover-20221013/UBNA_001/20221012_030000.WAV,Telephone Field,recover-20221013,001,1795
1498.5325,1498.5703,68437,81720,Rhinolophus ferrumequinum,0.023,0.023,-1,Echolocation,/mnt/ubna_data_02_mir/recover-20221013/UBNA_001/20221012_030000.WAV,Telephone Field,recover-20221013,001,1795
1498.5655,1498.5725,27187,44528,Eptesicus serotinus,0.007,0.024,-1,Echolocation,/mnt/ubna_data_02_mir/recover-20221013/UBNA_001/20221012_030000.WAV,Telephone Field,recover-20221013,001,1795
1498.5835,1498.6219,68437,82400,Rhinolophus ferrumequinum,0.024,0.024,-1,Echolocation,/mnt/ubna_data_02_mir/recover-20221013/UBNA_001/20221012_030000.WAV,Telephone Field,recover-20221013,001,1795
1498.5925,1498.6009,27187,39132,Eptesicus serotinus,0.008,0.023,-1,Echolocation,/mnt/ubna_data_02_mir/recover-20221013/UBNA_001/20221012_030000.WAV,Telephone Field,recover-20221013,001,1795
1498.6205,1498.6567,68437,81173,Rhinolophus ferrumequinum,0.023,0.023,-1,Echolocation,/mnt/ubna_data_02_mir/recover-20221013/UBNA_001/20221012_030000.WAV,Telephone Field,recover-20221013,001,1795
1498.6415,1498.6783,68437,81457,Rhinolophus ferrumequinum,0.023,0.023,-1,Echolocation,/mnt/ubna_data_02_mir/recover-20221013/UBNA_001/20221012_030000.WAV,Telephone Field,recover-20221013,001,1795
1498.6505,1498.6609,22031,26845,Nyctalus leisleri,0.011,0.023,-1,Echolocation,/mnt/ubna_data_02_mir/recover-20221013/UBNA_001/20221012_030000.WAV,Telephone Field,recover-20221013,001,1795
1498.6795,1498.7185,68437,82042,Rhinolophus ferrumequinum,0.024,0.024,-1,Echolocation,/mnt/ubna_data_02_mir/recover-20221013/UBNA_001/20221012_030000.WAV,Telephone Field,recover-20221013,001,1795
1498.7095,1498.7182,28906,40585,Eptesicus serotinus,0.008,0.024,-1,Echolocation,/mnt/ubna_data_02_mir/recover-20221013/UBNA_001/20221012_030000.WAV,Telephone Field,recover-20221013,001,1795
1498.7205,1498.7608,68437,83046,Rhinolophus ferrumequinum,0.037,0.037,-1,Echolocation,/mnt/ubna_data_02_mir/recover-20221013/UBNA_001/20221012_030000.WAV,Telephone Field,recover-20221013,001,1795
1498.7325,1498.7516,19453,23277,Nyctalus noctula,0.016,0.029,-1,Echolocation,/mnt/ubna_data_02_mir/recover-20221013/UBNA_001/20221012_030000.WAV,Telephone Field,recover-20221013,001,1795
1498.7395,1498.7743,68437,81694,Rhinolophus ferrumequinum,0.023,0.023,-1,Echolocation,/mnt/ubna_data_02_mir/recover-20221013/UBNA_001/20221012_030000.WAV,Telephone Field,recover-20221013,001,1795
1498.7405,1498.7492,28046,39589,Eptesicus serotinus,0.009,0.024,-1,Echolocation,/mnt/ubna_data_02_mir/recover-20221013/UBNA_001/20221012_030000.WAV,Telephone Field,recover-20221013,001,1795
1498.7805,1498.8209,68437,82818,Rhinolophus ferrumequinum,0.031,0.031,-1,Echolocation,/mnt/ubna_data_02_mir/recover-20221013/UBNA_001/20221012_030000.WAV,Telephone Field,recover-20221013,001,1795
1498.8485,1498.886,68437,81712,Rhinolophus ferrumequinum,0.023,0.023,-1,Echolocation,/mnt/ubna_data_02_mir/recover-20221013/UBNA_001/20221012_030000.WAV,Telephone Field,recover-20221013,001,1795
1498.8605,1498.8677,25468,39412,Eptesicus serotinus,0.005,0.023,-1,Echolocation,/mnt/ubna_data_02_mir/recover-20221013/UBNA_001/20221012_030000.WAV,Telephone Field,recover-20221013,001,1795
1498.8885,1498.8989,22031,26846,Nyctalus leisleri,0.01,0.023,-1,Echolocation,/mnt/ubna_data_02_mir/recover-20221013/UBNA_001/20221012_030000.WAV,Telephone Field,recover-20221013,001,1795
1498.9055,1498.913,36640,44395,Myotis daubentonii,0.008,0.023,-1,Echolocation,/mnt/ubna_data_02_mir/recover-20221013/UBNA_001/20221012_030000.WAV,Telephone Field,recover-20221013,001,1795
1498.9085,1498.9156,27187,39106,Eptesicus serotinus,0.007,0.022,-1,Echolocation,/mnt/ubna_data_02_mir/recover-20221013/UBNA_001/20221012_030000.WAV,Telephone Field,recover-20221013,001,1795
1498.9145,1498.9567,68437,82668,Rhinolophus ferrumequinum,0.029,0.029,-1,Echolocation,/mnt/ubna_data_02_mir/recover-20221013/UBNA_001/20221012_030000.WAV,Telephone Field,recover-20221013,001,1795
1498.9455,1498.9819,68437,81426,Rhinolophus ferrumequinum,0.022,0.022,-1,Echolocation,/mnt/ubna_data_02_mir/recover-20221013/UBNA_001/20221012_030000.WAV,Telephone Field,recover-20221013,001,1795
1498.9575,1498.9793,15156,20185,Nyctalus noctula,0.032,0.042,-1,Echolocation,/mnt/ubna_data_02_mir/recover-20221013/UBNA_001/20221012_030000.WAV,Telephone Field,recover-20221013,001,1795
1498.9985,1499.0399,68437,83121,Rhinolophus ferrumequinum,0.041,0.041,-1,Echolocation,/mnt/ubna_data_02_mir/recover-20221013/UBNA_001/20221012_030000.WAV,Telephone Field,recover-20221013,001,1795
1499.0105,1499.0548,68437,82878,Rhinolophus ferrumequinum,0.028,0.028,-1,Echolocation,/mnt/ubna_data_02_mir/recover-20221013/UBNA_001/20221012_030000.WAV,Telephone Field,recover-20221013,001,1795
1499.0145,1499.0251,23750,29657,Nyctalus leisleri,0.011,0.025,-1,Echolocation,/mnt/ubna_data_02_mir/recover-20221013/UBNA_001/20221012_030000.WAV,Telephone Field,recover-20221013,001,1795
1499.0315,1499.0414,26328,37638,Eptesicus serotinus,0.01,0.024,-1,Echolocation,/mnt/ubna_data_02_mir/recover-20221013/UBNA_001/20221012_030000.WAV,Telephone Field,recover-20221013,001,1795
1499.0315,1499.0757,68437,83520,Rhinolophus ferrumequinum,0.036,0.037,-1,Echolocation,/mnt/ubna_data_02_mir/recover-20221013/UBNA_001/20221012_030000.WAV,Telephone Field,recover-20221013,001,1795
1499.0515,1499.0901,68437,81588,Rhinolophus ferrumequinum,0.024,0.024,-1,Echolocation,/mnt/ubna_data_02_mir/recover-20221013/UBNA_001/20221012_030000.WAV,Telephone Field,recover-20221013,001,1795
1499.0655,1499.1063,68437,82492,Rhinolophus ferrumequinum,0.023,0.023,-1,Echolocation,/mnt/ubna_data_02_mir/recover-20221013/UBNA_001/20221012_030000.WAV,Telephone Field,recover-20221013,001,1795
1499.0915,1499.1013,24609,32975,Eptesicus serotinus,0.009,0.026,-1,Echolocation,/mnt/ubna_data_02_mir/recover-20221013/UBNA_001/20221012_030000.WAV,Telephone Field,recover-20221013,001,1795
1499.1355,1499.1442,28046,39252,Eptesicus serotinus,0.008,0.023,-1,Echolocation,/mnt/ubna_data_02_mir/recover-20221013/UBNA_001/20221012_030000.WAV,Telephone Field,recover-20221013,001,1795
1499.1405,1499.1808,68437,82498,Rhinolophus ferrumequinum,0.025,0.025,-1,Echolocation,/mnt/ubna_data_02_mir/recover-20221013/UBNA_001/20221012_030000.WAV,Telephone Field,recover-20221013,001,1795
1499.1435,1499.1526,24609,32116,Eptesicus serotinus,0.008,0.024,-1,Echolocation,/mnt/ubna_data_02_mir/recover-20221013/UBNA_001/20221012_030000.WAV,Telephone Field,recover-20221013,001,1795
1499.1745,1499.2143,68437,82384,Rhinolophus ferrumequinum,0.029,0.029,-1,Echolocation,/mnt/ubna_data_02_mir/recover-20221013/UBNA_001/20221012_030000.WAV,Telephone Field,recover-20221013,001,1795
1499.2005,1499.2259,17734,20438,Nyctalus noctula,0.023,0.039,-1,Echolocation,/mnt/ubna_data_02_mir/recover-20221013/UBNA_001/20221012_030000.WAV,Telephone Field,recover-20221013,001,1795
1499.2295,1499.2708,68437,82672,Rhinolophus ferrumequinum,0.023,0.023,-1,Echolocation,/mnt/ubna_data_02_mir/recover-20221013/UBNA_001/20221012_030000.WAV,Telephone Field,recover-20221013,001,1795
1499.3035,1499.3408,68437,81421,Rhinolophus ferrumequinum,0.023,0.023,-1,Echolocation,/mnt/ubna_data_02_mir/recover-20221013/UBNA_001/20221012_030000.WAV,Telephone Field,recover-20221013,001,1795
1499.3185,1499.3291,25468,34014,Eptesicus serotinus,0.011,0.023,-1,Echolocation,/mnt/ubna_data_02_mir/recover-20221013/UBNA_001/20221012_030000.WAV,Telephone Field,recover-20221013,001,1795
1499.3415,1499.3807,68437,82326,Rhinolophus ferrumequinum,0.024,0.024,-1,Echolocation,/mnt/ubna_data_02_mir/recover-20221013/UBNA_001/20221012_030000.WAV,Telephone Field,recover-20221013,001,1795
1499.3515,1499.3929,68437,83438,Rhinolophus ferrumequinum,0.026,0.026,-1,Echolocation,/mnt/ubna_data_02_mir/recover-20221013/UBNA_001/20221012_030000.WAV,Telephone Field,recover-20221013,001,1795
1499.3825,1499.3897,28046,41597,Eptesicus serotinus,0.007,0.025,-1,Echolocation,/mnt/ubna_data_02_mir/recover-20221013/UBNA_001/20221012_030000.WAV,Telephone Field,recover-20221013,001,1795
1499.3965,1499.4304,68437,81444,Rhinolophus ferrumequinum,0.027,0.027,-1,Echolocation,/mnt/ubna_data_02_mir/recover-20221013/UBNA_001/20221012_030000.WAV,Telephone Field,recover-20221013,001,1795
1499.4315,1499.472,68437,82570,Rhinolophus ferrumequinum,0.024,0.024,-1,Echolocation,/mnt/ubna_data_02_mir/recover-20221013/UBNA_001/20221012_030000.WAV,Telephone Field,recover-20221013,001,1795
1499.4435,1499.4518,26328,35563,Eptesicus serotinus,0.008,0.022,-1,Echolocation,/mnt/ubna_data_02_mir/recover-20221013/UBNA_001/20221012_030000.WAV,Telephone Field,recover-20221013,001,1795
1499.4535,1499.4625,27187,39051,Eptesicus serotinus,0.009,0.023,-1,Echolocation,/mnt/ubna_data_02_mir/recover-20221013/UBNA_001/20221012_030000.WAV,Telephone Field,recover-20221013,001,1795
1499.4615,1499.4699,25468,34569,Eptesicus serotinus,0.012,0.029,-1,Echolocation,/mnt/ubna_data_02_mir/recover-20221013/UBNA_001/20221012_030000.WAV,Telephone Field,recover-20221013,001,1795
1499.4715,1499.5059,68437,81618,Rhinolophus ferrumequinum,0.023,0.023,-1,Echolocation,/mnt/ubna_data_02_mir/recover-20221013/UBNA_001/20221012_030000.WAV,Telephone Field,recover-20221013,001,1795
1499.4815,1499.5202,68437,82745,Rhinolophus ferrumequinum,0.023,0.023,-1,Echolocation,/mnt/ubna_data_02_mir/recover-20221013/UBNA_001/20221012_030000.WAV,Telephone Field,recover-20221013,001,1795
1499.5295,1499.5648,68437,81035,Rhinolophus ferrumequinum,0.026,0.026,-1,Echolocation,/mnt/ubna_data_02_mir/recover-20221013/UBNA_001/20221012_030000.WAV,Telephone Field,recover-20221013,001,1795
1499.5425,1499.5522,28046,37209,Eptesicus serotinus,0.011,0.025,-1,Echolocation,/mnt/ubna_data_02_mir/recover-20221013/UBNA_001/20221012_030000.WAV,Telephone Field,recover-20221013,001,1795
1499.6015,1499.614,44375,48478,Pipistrellus pipistrellus,0.03,0.034,-1,Echolocation,/mnt/ubna_data_02_mir/recover-20221013/UBNA_001/20221012_030000.WAV,Telephone Field,recover-20221013,001,1795
1499.6805,1499.692,23750,29452,Nyctalus leisleri,0.016,0.031,-1,Echolocation,/mnt/ubna_data_02_mir/recover-20221013/UBNA_001/20221012_030000.WAV,Telephone Field,recover-20221013,001,1795
1499.6865,1499.6977,23750,29614,Nyctalus leisleri,0.015,0.033,-1,Echolocation,/mnt/ubna_data_02_mir/recover-20221013/UBNA_001/20221012_030000.WAV,Telephone Field,recover-20221013,001,1795
1499.6935,1499.7006,28046,38574,Eptesicus serotinus,0.012,0.031,-1,Echolocation,/mnt/ubna_data_02_mir/recover-20221013/UBNA_001/20221012_030000.WAV,Telephone Field,recover-20221013,001,1795
1499.6935,1499.7323,68437,81875,Rhinolophus ferrumequinum,0.024,0.024,-1,Echolocation,/mnt/ubna_data_02_mir/recover-20221013/UBNA_001/20221012_030000.WAV,Telephone Field,recover-20221013,001,1795
1499.7245,1499.7336,24609,32698,Nyctalus leisleri,0.007,0.025,-1,Echolocation,/mnt/ubna_data_02_mir/recover-20221013/UBNA_001/20221012_030000.WAV,Telephone Field,recover-20221013,001,1795
1499.7385,1499.7468,28046,37792,Eptesicus serotinus,0.009,0.024,-1,Echolocation,/mnt/ubna_data_02_mir/recover-20221013/UBNA_001/20221012_030000.WAV,Telephone Field,recover-20221013,001,1795
1499.7585,1499.8005,68437,83185,Rhinolophus ferrumequinum,0.027,0.027,-1,Echolocation,/mnt/ubna_data_02_mir/recover-20221013/UBNA_001/20221012_030000.WAV,Telephone Field,recover-20221013,001,1795
1499.7795,1499.8201,68437,82113,Rhinolophus ferrumequinum,0.023,0.023,-1,Echolocation,/mnt/ubna_data_02_mir/recover-20221013/UBNA_001/20221012_030000.WAV,Telephone Field,recover-20221013,001,1795
1499.8185,1499.8279,25468,33581,Eptesicus serotinus,0.01,0.028,-1,Echolocation,/mnt/ubna_data_02_mir/recover-20221013/UBNA_001/20221012_030000.WAV,Telephone Field,recover-20221013,001,1795
1499.8385,1499.8787,68437,82673,Rhinolophus ferrumequinum,0.025,0.025,-1,Echolocation,/mnt/ubna_data_02_mir/recover-20221013/UBNA_001/20221012_030000.WAV,Telephone Field,recover-20221013,001,1795
1499.8425,1499.8517,28906,37618,Eptesicus serotinus,0.008,0.022,-1,Echolocation,/mnt/ubna_data_02_mir/recover-20221013/UBNA_001/20221012_030000.WAV,Telephone Field,recover-20221013,001,1795
1499.9105,1499.9206,22890,28729,Nyctalus leisleri,0.009,0.024,-1,Echolocation,/mnt/ubna_data_02_mir/recover-20221013/UBNA_001/20221012_030000.WAV,Telephone Field,recover-20221013,001,1795
1499.9835,1499.9942,28046,36325,Eptesicus serotinus,0.011,0.024,-1,Echolocation,/mnt/ubna_data_02_mir/recover-20221013/UBNA_001/20221012_030000.WAV,Telephone Field,recover-20221013,001,1795
1500.0015,1500.0129,48671,55643,Pipistrellus pipistrellus,0.025,0.032,-1,Echolocation,/mnt/ubna_data_02_mir/recover-20221013/UBNA_001/20221012_030000.WAV,Telephone Field,recover-20221013,001,1795
1500.0015,1500.0146,20312,25666,Nyctalus leisleri,0.017,0.041,-1,Echolocation,/mnt/ubna_data_02_mir/recover-20221013/UBNA_001/20221012_030000.WAV,Telephone Field,recover-20221013,001,1795
1500.0065,1500.0427,67578,78635,Rhinolophus ferrumequinum,0.021,0.023,-1,Echolocation,/mnt/ubna_data_02_mir/recover-20221013/UBNA_001/20221012_030000.WAV,Telephone Field,recover-20221013,001,1795
1500.0125,1500.022,47812,53891,Pipistrellus pipistrellus,0.02,0.023,-1,Echolocation,/mnt/ubna_data_02_mir/recover-20221013/UBNA_001/20221012_030000.WAV,Telephone Field,recover-20221013,001,1795
1500.0135,1500.0508,68437,81616,Rhinolophus ferrumequinum,0.023,0.023,-1,Echolocation,/mnt/ubna_data_02_mir/recover-20221013/UBNA_001/20221012_030000.WAV,Telephone Field,recover-20221013,001,1795
1500.0175,1500.0262,28046,41591,Eptesicus serotinus,0.008,0.022,-1,Echolocation,/mnt/ubna_data_02_mir/recover-20221013/UBNA_001/20221012_030000.WAV,Telephone Field,recover-20221013,001,1795
1500.0245,1500.0351,44375,47348,Pipistrellus pipistrellus,0.023,0.025,-1,Echolocation,/mnt/ubna_data_02_mir/recover-20221013/UBNA_001/20221012_030000.WAV,Telephone Field,recover-20221013,001,1795
1500.0335,1500.0778,68437,82934,Rhinolophus ferrumequinum,0.027,0.027,-1,Echolocation,/mnt/ubna_data_02_mir/recover-20221013/UBNA_001/20221012_030000.WAV,Telephone Field,recover-20221013,001,1795
1500.0555,1500.0929,68437,82611,Rhinolophus ferrumequinum,0.026,0.026,-1,Echolocation,/mnt/ubna_data_02_mir/recover-20221013/UBNA_001/20221012_030000.WAV,Telephone Field,recover-20221013,001,1795
1500.0695,1500.0775,23750,31700,Plecotus austriacus,0.01,0.026,-1,Echolocation,/mnt/ubna_data_02_mir/recover-20221013/UBNA_001/20221012_030000.WAV,Telephone Field,recover-20221013,001,1795
1500.0975,1500.1351,68437,81384,Rhinolophus ferrumequinum,0.022,0.022,-1,Echolocation,/mnt/ubna_data_02_mir/recover-20221013/UBNA_001/20221012_030000.WAV,Telephone Field,recover-20221013,001,1795
1500.1095,1500.1194,27187,34339,Eptesicus serotinus,0.02,0.043,-1,Echolocation,/mnt/ubna_data_02_mir/recover-20221013/UBNA_001/20221012_030000.WAV,Telephone Field,recover-20221013,001,1795
1500.1425,1500.1823,68437,82346,Rhinolophus ferrumequinum,0.022,0.022,-1,Echolocation,/mnt/ubna_data_02_mir/recover-20221013/UBNA_001/20221012_030000.WAV,Telephone Field,recover-20221013,001,1795
1500.1595,1500.1678,50390,55089,Pipistrellus pipistrellus,0.023,0.026,-1,Echolocation,/mnt/ubna_data_02_mir/recover-20221013/UBNA_001/20221012_030000.WAV,Telephone Field,recover-20221013,001,1795
1500.1715,1500.1814,29765,38337,Eptesicus serotinus,0.011,0.031,-1,Echolocation,/mnt/ubna_data_02_mir/recover-20221013/UBNA_001/20221012_030000.WAV,Telephone Field,recover-20221013,001,1795
1500.2175,1500.259,68437,82833,Rhinolophus ferrumequinum,0.024,0.024,-1,Echolocation,/mnt/ubna_data_02_mir/recover-20221013/UBNA_001/20221012_030000.WAV,Telephone Field,recover-20221013,001,1795
1500.2585,1500.3003,68437,82822,Rhinolophus ferrumequinum,0.03,0.03,-1,Echolocation,/mnt/ubna_data_02_mir/recover-20221013/UBNA_001/20221012_030000.WAV,Telephone Field,recover-20221013,001,1795
1500.2985,1500.336,68437,81791,Rhinolophus ferrumequinum,0.023,0.023,-1,Echolocation,/mnt/ubna_data_02_mir/recover-20221013/UBNA_001/20221012_030000.WAV,Telephone Field,recover-20221013,001,1795
1500.3085,1500.322,22890,27239,Nyctalus leisleri,0.023,0.039,-1,Echolocation,/mnt/ubna_data_02_mir/recover-20221013/UBNA_001/20221012_030000.WAV,Telephone Field,recover-20221013,001,1795
1500.3175,1500.3551,68437,81674,Rhinolophus ferrumequinum,0.023,0.023,-1,Echolocation,/mnt/ubna_data_02_mir/recover-20221013/UBNA_001/20221012_030000.WAV,Telephone Field,recover-20221013,001,1795
1500.3645,1500.4057,68437,82324,Rhinolophus ferrumequinum,0.035,0.035,-1,Echolocation,/mnt/ubna_data_02_mir/recover-20221013/UBNA_001/20221012_030000.WAV,Telephone Field,recover-20221013,001,1795
1500.3945,1500.4332,68437,82081,Rhinolophus ferrumequinum,0.033,0.033,-1,Echolocation,/mnt/ubna_data_02_mir/recover-20221013/UBNA_001/20221012_030000.WAV,Telephone Field,recover-20221013,001,1795
1500.4075,1500.4172,27187,37576,Eptesicus serotinus,0.01,0.023,-1,Echolocation,/mnt/ubna_data_02_mir/recover-20221013/UBNA_001/20221012_030000.WAV,Telephone Field,recover-20221013,001,1795
1500.4155,1500.4262,28906,36283,Eptesicus serotinus,0.011,0.027,-1,Echolocation,/mnt/ubna_data_02_mir/recover-20221013/UBNA_001/20221012_030000.WAV,Telephone Field,recover-20221013,001,1795
1500.4205,1500.4612,68437,82466,Rhinolophus ferrumequinum,0.026,0.026,-1,Echolocation,/mnt/ubna_data_02_mir/recover-20221013/UBNA_001/20221012_030000.WAV,Telephone Field,recover-20221013,001,1795
1500.4735,1500.4871,22890,27372,Nyctalus leisleri,0.02,0.036,-1,Echolocation,/mnt/ubna_data_02_mir/recover-20221013/UBNA_001/20221012_030000.WAV,Telephone Field,recover-20221013,001,1795
1500.5105,1500.5452,68437,80900,Rhinolophus ferrumequinum,0.024,0.024,-1,Echolocation,/mnt/ubna_data_02_mir/recover-20221013/UBNA_001/20221012_030000.WAV,Telephone Field,recover-20221013,001,1795
1500.5515,1500.5861,68437,81265,Rhinolophus ferrumequinum,0.025,0.025,-1,Echolocation,/mnt/ubna_data_02_mir/recover-20221013/UBNA_001/20221012_030000.WAV,Telephone Field,recover-20221013,001,1795
1500.5675,1500.6013,68437,81495,Rhinolophus ferrumequinum,0.022,0.022,-1,Echolocation,/mnt/ubna_data_02_mir/recover-20221013/UBNA_001/20221012_030000.WAV,Telephone Field,recover-20221013,001,1795
1500.5825,1500.6214,68437,82069,Rhinolophus ferrumequinum,0.024,0.024,-1,Echolocation,/mnt/ubna_data_02_mir/recover-20221013/UBNA_001/20221012_030000.WAV,Telephone Field,recover-20221013,001,1795
1500.5995,1500.639,68437,81848,Rhinolophus ferrumequinum,0.025,0.025,-1,Echolocation,/mnt/ubna_data_02_mir/recover-20221013/UBNA_001/20221012_030000.WAV,Telephone Field,recover-20221013,001,1795
1500.6235,1500.659,68437,80553,Rhinolophus ferrumequinum,0.026,0.026,-1,Echolocation,/mnt/ubna_data_02_mir/recover-20221013/UBNA_001/20221012_030000.WAV,Telephone Field,recover-20221013,001,1795
1500.6575,1500.699,68437,82478,Rhinolophus ferrumequinum,0.023,0.023,-1,Echolocation,/mnt/ubna_data_02_mir/recover-20221013/UBNA_001/20221012_030000.WAV,Telephone Field,recover-20221013,001,1795
1500.6885,1500.7274,68437,81715,Rhinolophus ferrumequinum,0.023,0.023,-1,Echolocation,/mnt/ubna_data_02_mir/recover-20221013/UBNA_001/20221012_030000.WAV,Telephone Field,recover-20221013,001,1795
1500.6975,1500.7351,68437,81995,Rhinolophus ferrumequinum,0.023,0.023,-1,Echolocation,/mnt/ubna_data_02_mir/recover-20221013/UBNA_001/20221012_030000.WAV,Telephone Field,recover-20221013,001,1795
1500.7125,1500.7195,48671,53357,Pipistrellus pipistrellus,0.025,0.027,-1,Echolocation,/mnt/ubna_data_02_mir/recover-20221013/UBNA_001/20221012_030000.WAV,Telephone Field,recover-20221013,001,1795
1500.7145,1500.7525,68437,81909,Rhinolophus ferrumequinum,0.022,0.022,-1,Echolocation,/mnt/ubna_data_02_mir/recover-20221013/UBNA_001/20221012_030000.WAV,Telephone Field,recover-20221013,001,1795
1500.7375,1500.7777,68437,82077,Rhinolophus ferrumequinum,0.031,0.031,-1,Echolocation,/mnt/ubna_data_02_mir/recover-20221013/UBNA_001/20221012_030000.WAV,Telephone Field,recover-20221013,001,1795
1500.7425,1500.7515,51250,59821,Pipistrellus pipistrellus,0.024,0.029,-1,Echolocation,/mnt/ubna_data_02_mir/recover-20221013/UBNA_001/20221012_030000.WAV,Telephone Field,recover-20221013,001,1795
1500.7715,1500.8095,68437,81505,Rhinolophus ferrumequinum,0.023,0.023,-1,Echolocation,/mnt/ubna_data_02_mir/recover-20221013/UBNA_001/20221012_030000.WAV,Telephone Field,recover-20221013,001,1795
1500.7745,1500.7849,40937,48459,Pipistrellus nathusii,0.006,0.022,-1,Echolocation,/mnt/ubna_data_02_mir/recover-20221013/UBNA_001/20221012_030000.WAV,Telephone Field,recover-20221013,001,1795
1500.7925,1500.8348,68437,82935,Rhinolophus ferrumequinum,0.031,0.031,-1,Echolocation,/mnt/ubna_data_02_mir/recover-20221013/UBNA_001/20221012_030000.WAV,Telephone Field,recover-20221013,001,1795
1500.8305,1500.8731,68437,82850,Rhinolophus ferrumequinum,0.029,0.029,-1,Echolocation,/mnt/ubna_data_02_mir/recover-20221013/UBNA_001/20221012_030000.WAV,Telephone Field,recover-20221013,001,1795
1500.8375,1500.8472,28906,40312,Eptesicus serotinus,0.01,0.028,-1,Echolocation,/mnt/ubna_data_02_mir/recover-20221013/UBNA_001/20221012_030000.WAV,Telephone Field,recover-20221013,001,1795
1500.8625,1500.8965,68437,80889,Rhinolophus ferrumequinum,0.023,0.023,-1,Echolocation,/mnt/ubna_data_02_mir/recover-20221013/UBNA_001/20221012_030000.WAV,Telephone Field,recover-20221013,001,1795
1500.8815,1500.9175,68437,81102,Rhinolophus ferrumequinum,0.023,0.023,-1,Echolocation,/mnt/ubna_data_02_mir/recover-20221013/UBNA_001/20221012_030000.WAV,Telephone Field,recover-20221013,001,1795
1500.8885,1500.9234,68437,81009,Rhinolophus ferrumequinum,0.021,0.022,-1,Echolocation,/mnt/ubna_data_02_mir/recover-20221013/UBNA_001/20221012_030000.WAV,Telephone Field,recover-20221013,001,1795
1500.8975,1500.9044,28046,40445,Eptesicus serotinus,0.007,0.024,-1,Echolocation,/mnt/ubna_data_02_mir/recover-20221013/UBNA_001/20221012_030000.WAV,Telephone Field,recover-20221013,001,1795
1500.9335,1500.9748,68437,83278,Rhinolophus ferrumequinum,0.03,0.03,-1,Echolocation,/mnt/ubna_data_02_mir/recover-20221013/UBNA_001/20221012_030000.WAV,Telephone Field,recover-20221013,001,1795
1500.9455,1500.9848,68437,82593,Rhinolophus ferrumequinum,0.023,0.023,-1,Echolocation,/mnt/ubna_data_02_mir/recover-20221013/UBNA_001/20221012_030000.WAV,Telephone Field,recover-20221013,001,1795
1500.9575,1500.9967,68437,81934,Rhinolophus ferrumequinum,0.028,0.028,-1,Echolocation,/mnt/ubna_data_02_mir/recover-20221013/UBNA_001/20221012_030000.WAV,Telephone Field,recover-20221013,001,1795
1500.9655,1501.0031,68437,81628,Rhinolophus ferrumequinum,0.024,0.024,-1,Echolocation,/mnt/ubna_data_02_mir/recover-20221013/UBNA_001/20221012_030000.WAV,Telephone Field,recover-20221013,001,1795
1500.9725,1501.0091,68437,82007,Rhinolophus ferrumequinum,0.024,0.024,-1,Echolocation,/mnt/ubna_data_02_mir/recover-20221013/UBNA_001/20221012_030000.WAV,Telephone Field,recover-20221013,001,1795
1500.9935,1501.0317,68437,82090,Rhinolophus ferrumequinum,0.024,0.024,-1,Echolocation,/mnt/ubna_data_02_mir/recover-20221013/UBNA_001/20221012_030000.WAV,Telephone Field,recover-20221013,001,1795
1501.0115,1501.0529,68437,82635,Rhinolophus ferrumequinum,0.031,0.031,-1,Echolocation,/mnt/ubna_data_02_mir/recover-20221013/UBNA_001/20221012_030000.WAV,Telephone Field,recover-20221013,001,1795
1501.0475,1501.083,68437,80547,Rhinolophus ferrumequinum,0.023,0.023,-1,Echolocation,/mnt/ubna_data_02_mir/recover-20221013/UBNA_001/20221012_030000.WAV,Telephone Field,recover-20221013,001,1795
1501.0825,1501.1191,68437,81207,Rhinolophus ferrumequinum,0.023,0.023,-1,Echolocation,/mnt/ubna_data_02_mir/recover-20221013/UBNA_001/20221012_030000.WAV,Telephone Field,recover-20221013,001,1795
1501.1155,1501.1574,68437,82764,Rhinolophus ferrumequinum,0.026,0.026,-1,Echolocation,/mnt/ubna_data_02_mir/recover-20221013/UBNA_001/20221012_030000.WAV,Telephone Field,recover-20221013,001,1795
1501.1505,1501.19,68437,82317,Rhinolophus ferrumequinum,0.022,0.022,-1,Echolocation,/mnt/ubna_data_02_mir/recover-20221013/UBNA_001/20221012_030000.WAV,Telephone Field,recover-20221013,001,1795
1501.1585,1501.1661,25468,39384,Eptesicus serotinus,0.005,0.022,-1,Echolocation,/mnt/ubna_data_02_mir/recover-20221013/UBNA_001/20221012_030000.WAV,Telephone Field,recover-20221013,001,1795
1501.1765,1501.2169,68437,82527,Rhinolophus ferrumequinum,0.022,0.022,-1,Echolocation,/mnt/ubna_data_02_mir/recover-20221013/UBNA_001/20221012_030000.WAV,Telephone Field,recover-20221013,001,1795
1501.1875,1501.195,28046,41373,Eptesicus serotinus,0.007,0.023,-1,Echolocation,/mnt/ubna_data_02_mir/recover-20221013/UBNA_001/20221012_030000.WAV,Telephone Field,recover-20221013,001,1795
1501.2125,1501.2533,68437,82448,Rhinolophus ferrumequinum,0.023,0.023,-1,Echolocation,/mnt/ubna_data_02_mir/recover-20221013/UBNA_001/20221012_030000.WAV,Telephone Field,recover-20221013,001,1795
1501.2365,1501.2746,68437,81498,Rhinolophus ferrumequinum,0.026,0.026,-1,Echolocation,/mnt/ubna_data_02_mir/recover-20221013/UBNA_001/20221012_030000.WAV,Telephone Field,recover-20221013,001,1795
1501.2365,1501.2453,28046,40018,Eptesicus serotinus,0.008,0.022,-1,Echolocation,/mnt/ubna_data_02_mir/recover-20221013/UBNA_001/20221012_030000.WAV,Telephone Field,recover-20221013,001,1795
1501.2415,1501.252,22031,26880,Nyctalus leisleri,0.011,0.022,-1,Echolocation,/mnt/ubna_data_02_mir/recover-20221013/UBNA_001/20221012_030000.WAV,Telephone Field,recover-20221013,001,1795
1501.2465,1501.2545,28906,38467,Eptesicus serotinus,0.007,0.022,-1,Echolocation,/mnt/ubna_data_02_mir/recover-20221013/UBNA_001/20221012_030000.WAV,Telephone Field,recover-20221013,001,1795
1501.2835,1501.3225,68437,82047,Rhinolophus ferrumequinum,0.023,0.023,-1,Echolocation,/mnt/ubna_data_02_mir/recover-20221013/UBNA_001/20221012_030000.WAV,Telephone Field,recover-20221013,001,1795
1501.3055,1501.316,34062,39293,Barbastellus barbastellus,0.006,0.022,-1,Echolocation,/mnt/ubna_data_02_mir/recover-20221013/UBNA_001/20221012_030000.WAV,Telephone Field,recover-20221013,001,1795
1501.3055,1501.3144,28906,37530,Eptesicus serotinus,0.009,0.024,-1,Echolocation,/mnt/ubna_data_02_mir/recover-20221013/UBNA_001/20221012_030000.WAV,Telephone Field,recover-20221013,001,1795
1501.3475,1501.3894,68437,81910,Rhinolophus ferrumequinum,0.024,0.024,-1,Echolocation,/mnt/ubna_data_02_mir/recover-20221013/UBNA_001/20221012_030000.WAV,Telephone Field,recover-20221013,001,1795
1501.3545,1501.3957,68437,82833,Rhinolophus ferrumequinum,0.027,0.027,-1,Echolocation,/mnt/ubna_data_02_mir/recover-20221013/UBNA_001/20221012_030000.WAV,Telephone Field,recover-20221013,001,1795
1501.3915,1501.4017,25468,32024,Eptesicus serotinus,0.011,0.028,-1,Echolocation,/mnt/ubna_data_02_mir/recover-20221013/UBNA_001/20221012_030000.WAV,Telephone Field,recover-20221013,001,1795
1501.3935,1501.4024,45234,53077,Pipistrellus pipistrellus,0.018,0.022,-1,Echolocation,/mnt/ubna_data_02_mir/recover-20221013/UBNA_001/20221012_030000.WAV,Telephone Field,recover-20221013,001,1795
1501.4105,1501.4239,32343,37115,Eptesicus serotinus,0.011,0.034,-1,Echolocation,/mnt/ubna_data_02_mir/recover-20221013/UBNA_001/20221012_030000.WAV,Telephone Field,recover-20221013,001,1795
1501.4245,1501.4346,30625,37673,Eptesicus serotinus,0.007,0.022,-1,Echolocation,/mnt/ubna_data_02_mir/recover-20221013/UBNA_001/20221012_030000.WAV,Telephone Field,recover-20221013,001,1795
1501.4305,1501.4695,68437,82317,Rhinolophus ferrumequinum,0.022,0.022,-1,Echolocation,/mnt/ubna_data_02_mir/recover-20221013/UBNA_001/20221012_030000.WAV,Telephone Field,recover-20221013,001,1795
1501.4545,1501.4685,27187,33553,Eptesicus serotinus,0.015,0.028,-1,Echolocation,/mnt/ubna_data_02_mir/recover-20221013/UBNA_001/20221012_030000.WAV,Telephone Field,recover-20221013,001,1795
1501.4705,1501.5133,68437,82393,Rhinolophus ferrumequinum,0.024,0.024,-1,Echolocation,/mnt/ubna_data_02_mir/recover-20221013/UBNA_001/20221012_030000.WAV,Telephone Field,recover-20221013,001,1795
1501.4885,1501.4992,24609,31540,Nyctalus leisleri,0.011,0.028,-1,Echolocation,/mnt/ubna_data_02_mir/recover-20221013/UBNA_001/20221012_030000.WAV,Telephone Field,recover-20221013,001,1795
1501.5235,1501.5326,22031,28114,Plecotus austriacus,0.009,0.024,-1,Echolocation,/mnt/ubna_data_02_mir/recover-20221013/UBNA_001/20221012_030000.WAV,Telephone Field,recover-20221013,001,1795
1501.5295,1501.5675,68437,81696,Rhinolophus ferrumequinum,0.025,0.025,-1,Echolocation,/mnt/ubna_data_02_mir/recover-20221013/UBNA_001/20221012_030000.WAV,Telephone Field,recover-20221013,001,1795
1501.5605,1501.5705,28906,36224,Eptesicus serotinus,0.008,0.022,-1,Echolocation,/mnt/ubna_data_02_mir/recover-20221013/UBNA_001/20221012_030000.WAV,Telephone Field,recover-20221013,001,1795
1501.5755,1501.6163,68437,82174,Rhinolophus ferrumequinum,0.024,0.024,-1,Echolocation,/mnt/ubna_data_02_mir/recover-20221013/UBNA_001/20221012_030000.WAV,Telephone Field,recover-20221013,001,1795
1501.5885,1501.596,28046,38606,Eptesicus serotinus,0.008,0.029,-1,Echolocation,/mnt/ubna_data_02_mir/recover-20221013/UBNA_001/20221012_030000.WAV,Telephone Field,recover-20221013,001,1795
1501.5915,1501.6312,68437,82821,Rhinolophus ferrumequinum,0.026,0.026,-1,Echolocation,/mnt/ubna_data_02_mir/recover-20221013/UBNA_001/20221012_030000.WAV,Telephone Field,recover-20221013,001,1795
1501.6455,1501.6889,68437,82240,Rhinolophus ferrumequinum,0.041,0.041,-1,Echolocation,/mnt/ubna_data_02_mir/recover-20221013/UBNA_001/20221012_030000.WAV,Telephone Field,recover-20221013,001,1795
1501.6805,1501.7195,68437,81928,Rhinolophus ferrumequinum,0.026,0.026,-1,Echolocation,/mnt/ubna_data_02_mir/recover-20221013/UBNA_001/20221012_030000.WAV,Telephone Field,recover-20221013,001,1795
1501.7455,1501.7837,68437,81788,Rhinolophus ferrumequinum,0.023,0.023,-1,Echolocation,/mnt/ubna_data_02_mir/recover-20221013/UBNA_001/20221012_030000.WAV,Telephone Field,recover-20221013,001,1795
1501.7565,1501.7957,68437,81743,Rhinolophus ferrumequinum,0.022,0.022,-1,Echolocation,/mnt/ubna_data_02_mir/recover-20221013/UBNA_001/20221012_030000.WAV,Telephone Field,recover-20221013,001,1795
1501.8135,1501.8582,68437,83515,Rhinolophus ferrumequinum,0.033,0.034,-1,Echolocation,/mnt/ubna_data_02_mir/recover-20221013/UBNA_001/20221012_030000.WAV,Telephone Field,recover-20221013,001,1795
1501.8765,1501.9172,68437,81821,Rhinolophus ferrumequinum,0.035,0.035,-1,Echolocation,/mnt/ubna_data_02_mir/recover-20221013/UBNA_001/20221012_030000.WAV,Telephone Field,recover-20221013,001,1795
1501.8955,1501.9049,25468,34667,Eptesicus serotinus,0.009,0.026,-1,Echolocation,/mnt/ubna_data_02_mir/recover-20221013/UBNA_001/20221012_030000.WAV,Telephone Field,recover-20221013,001,1795
1501.9255,1501.9648,68437,82012,Rhinolophus ferrumequinum,0.021,0.022,-1,Echolocation,/mnt/ubna_data_02_mir/recover-20221013/UBNA_001/20221012_030000.WAV,Telephone Field,recover-20221013,001,1795
1501.9875,1501.9993,22890,27576,Nyctalus leisleri,0.013,0.028,-1,Echolocation,/mnt/ubna_data_02_mir/recover-20221013/UBNA_001/20221012_030000.WAV,Telephone Field,recover-20221013,001,1795
1502.0015,1502.0101,27187,37679,Eptesicus serotinus,0.009,0.03,-1,Echolocation,/mnt/ubna_data_02_mir/recover-20221013/UBNA_001/20221012_030000.WAV,Telephone Field,recover-20221013,001,1795
1502.0015,1502.0105,22031,27753,Nyctalus leisleri,0.016,0.035,-1,Echolocation,/mnt/ubna_data_02_mir/recover-20221013/UBNA_001/20221012_030000.WAV,Telephone Field,recover-20221013,001,1795
1502.0015,1502.0374,68437,80293,Rhinolophus ferrumequinum,0.047,0.047,-1,Echolocation,/mnt/ubna_data_02_mir/recover-20221013/UBNA_001/20221012_030000.WAV,Telephone Field,recover-20221013,001,1795
1502.0085,1502.0519,68437,82465,Rhinolophus ferrumequinum,0.038,0.038,-1,Echolocation,/mnt/ubna_data_02_mir/recover-20221013/UBNA_001/20221012_030000.WAV,Telephone Field,recover-20221013,001,1795
1502.0115,1502.0202,28046,40281,Eptesicus serotinus,0.008,0.023,-1,Echolocation,/mnt/ubna_data_02_mir/recover-20221013/UBNA_001/20221012_030000.WAV,Telephone Field,recover-20221013,001,1795
1502.0495,1502.0898,68437,82447,Rhinolophus ferrumequinum,0.029,0.029,-1,Echolocation,/mnt/ubna_data_02_mir/recover-20221013/UBNA_001/20221012_030000.WAV,Telephone Field,recover-20221013,001,1795
1502.0655,1502.1017,68437,82064,Rhinolophus ferrumequinum,0.023,0.023,-1,Echolocation,/mnt/ubna_data_02_mir/recover-20221013/UBNA_001/20221012_030000.WAV,Telephone Field,recover-20221013,001,1795
1502.0995,1502.1343,68437,80501,Rhinolophus ferrumequinum,0.021,0.021,-1,Echolocation,/mnt/ubna_data_02_mir/recover-20221013/UBNA_001/20221012_030000.WAV,Telephone Field,recover-20221013,001,1795
1502.1105,1502.1478,68437,82284,Rhinolophus ferrumequinum,0.025,0.025,-1,Echolocation,/mnt/ubna_data_02_mir/recover-20221013/UBNA_001/20221012_030000.WAV,Telephone Field,recover-20221013,001,1795
1502.1155,1502.124,28906,39537,Eptesicus serotinus,0.008,0.022,-1,Echolocation,/mnt/ubna_data_02_mir/recover-20221013/UBNA_001/20221012_030000.WAV,Telephone Field,recover-20221013,001,1795
1502.1245,1502.1674,68437,83055,Rhinolophus ferrumequinum,0.039,0.039,-1,Echolocation,/mnt/ubna_data_02_mir/recover-20221013/UBNA_001/20221012_030000.WAV,Telephone Field,recover-20221013,001,1795
1502.1535,1502.1939,68437,82213,Rhinolophus ferrumequinum,0.025,0.025,-1,Echolocation,/mnt/ubna_data_02_mir/recover-20221013/UBNA_001/20221012_030000.WAV,Telephone Field,recover-20221013,001,1795
1502.1865,1502.2259,68437,82525,Rhinolophus ferrumequinum,0.024,0.024,-1,Echolocation,/mnt/ubna_data_02_mir/recover-20221013/UBNA_001/20221012_030000.WAV,Telephone Field,recover-20221013,001,1795
1502.2175,1502.2564,68437,81729,Rhinolophus ferrumequinum,0.031,0.031,-1,Echolocation,/mnt/ubna_data_02_mir/recover-20221013/UBNA_001/20221012_030000.WAV,Telephone Field,recover-20221013,001,1795
1502.2235,1502.2337,29765,37992,Eptesicus serotinus,0.011,0.027,-1,Echolocation,/mnt/ubna_data_02_mir/recover-20221013/UBNA_001/20221012_030000.WAV,Telephone Field,recover-20221013,001,1795
1502.2805,1502.3171,68437,81736,Rhinolophus ferrumequinum,0.022,0.022,-1,Echolocation,/mnt/ubna_data_02_mir/recover-20221013/UBNA_001/20221012_030000.WAV,Telephone Field,recover-20221013,001,1795
1502.2945,1502.3322,68437,82020,Rhinolophus ferrumequinum,0.025,0.025,-1,Echolocation,/mnt/ubna_data_02_mir/recover-20221013/UBNA_001/20221012_030000.WAV,Telephone Field,recover-20221013,001,1795
1502.2945,1502.3064,22890,27117,Nyctalus leisleri,0.013,0.023,-1,Echolocation,/mnt/ubna_data_02_mir/recover-20221013/UBNA_001/20221012_030000.WAV,Telephone Field,recover-20221013,001,1795
1502.3025,1502.3398,68437,81848,Rhinolophus ferrumequinum,0.023,0.023,-1,Echolocation,/mnt/ubna_data_02_mir/recover-20221013/UBNA_001/20221012_030000.WAV,Telephone Field,recover-20221013,001,1795
1502.3375,1502.3759,68437,81585,Rhinolophus ferrumequinum,0.023,0.023,-1,Echolocation,/mnt/ubna_data_02_mir/recover-20221013/UBNA_001/20221012_030000.WAV,Telephone Field,recover-20221013,001,1795
1502.3975,1502.4057,44375,53670,Pipistrellus pipistrellus,0.02,0.031,-1,Echolocation,/mnt/ubna_data_02_mir/recover-20221013/UBNA_001/20221012_030000.WAV,Telephone Field,recover-20221013,001,1795
1502.3985,1502.439,68437,82749,Rhinolophus ferrumequinum,0.03,0.03,-1,Echolocation,/mnt/ubna_data_02_mir/recover-20221013/UBNA_001/20221012_030000.WAV,Telephone Field,recover-20221013,001,1795
1502.4045,1502.4123,27187,37747,Eptesicus serotinus,0.007,0.023,-1,Echolocation,/mnt/ubna_data_02_mir/recover-20221013/UBNA_001/20221012_030000.WAV,Telephone Field,recover-20221013,001,1795
1502.4155,1502.4218,49531,54089,Pipistrellus pipistrellus,0.022,0.023,-1,Echolocation,/mnt/ubna_data_02_mir/recover-20221013/UBNA_001/20221012_030000.WAV,Telephone Field,recover-20221013,001,1795
1502.4395,1502.4776,68437,82230,Rhinolophus ferrumequinum,0.023,0.023,-1,Echolocation,/mnt/ubna_data_02_mir/recover-20221013/UBNA_001/20221012_030000.WAV,Telephone Field,recover-20221013,001,1795
1502.4525,1502.4647,22031,26806,Nyctalus leisleri,0.013,0.025,-1,Echolocation,/mnt/ubna_data_02_mir/recover-20221013/UBNA_001/20221012_030000.WAV,Telephone Field,recover-20221013,001,1795
1502.4585,1502.4958,68437,81805,Rhinolophus ferrumequinum,0.022,0.022,-1,Echolocation,/mnt/ubna_data_02_mir/recover-20221013/UBNA_001/20221012_030000.WAV,Telephone Field,recover-20221013,001,1795
1502.4605,1502.4684,26328,38305,Eptesicus serotinus,0.007,0.022,-1,Echolocation,/mnt/ubna_data_02_mir/recover-20221013/UBNA_001/20221012_030000.WAV,Telephone Field,recover-20221013,001,1795
1502.4695,1502.5031,68437,81620,Rhinolophus ferrumequinum,0.024,0.024,-1,Echolocation,/mnt/ubna_data_02_mir/recover-20221013/UBNA_001/20221012_030000.WAV,Telephone Field,recover-20221013,001,1795
1502.4835,1502.5193,68437,81701,Rhinolophus ferrumequinum,0.026,0.026,-1,Echolocation,/mnt/ubna_data_02_mir/recover-20221013/UBNA_001/20221012_030000.WAV,Telephone Field,recover-20221013,001,1795
1502.4915,1502.4991,24609,33128,Plecotus austriacus,0.007,0.022,-1,Echolocation,/mnt/ubna_data_02_mir/recover-20221013/UBNA_001/20221012_030000.WAV,Telephone Field,recover-20221013,001,1795
1502.5075,1502.5444,68437,81730,Rhinolophus ferrumequinum,0.022,0.022,-1,Echolocation,/mnt/ubna_data_02_mir/recover-20221013/UBNA_001/20221012_030000.WAV,Telephone Field,recover-20221013,001,1795
1502.5385,1502.5763,68437,82162,Rhinolophus ferrumequinum,0.035,0.035,-1,Echolocation,/mnt/ubna_data_02_mir/recover-20221013/UBNA_001/20221012_030000.WAV,Telephone Field,recover-20221013,001,1795
1502.5405,1502.5495,28906,39614,Eptesicus serotinus,0.014,0.032,-1,Echolocation,/mnt/ubna_data_02_mir/recover-20221013/UBNA_001/20221012_030000.WAV,Telephone Field,recover-20221013,001,1795
1502.5455,1502.5825,68437,82762,Rhinolophus ferrumequinum,0.022,0.023,-1,Echolocation,/mnt/ubna_data_02_mir/recover-20221013/UBNA_001/20221012_030000.WAV,Telephone Field,recover-20221013,001,1795
1502.5705,1502.5818,28906,36032,Eptesicus serotinus,0.011,0.024,-1,Echolocation,/mnt/ubna_data_02_mir/recover-20221013/UBNA_001/20221012_030000.WAV,Telephone Field,recover-20221013,001,1795
1502.5805,1502.5888,28906,39651,Eptesicus serotinus,0.009,0.026,-1,Echolocation,/mnt/ubna_data_02_mir/recover-20221013/UBNA_001/20221012_030000.WAV,Telephone Field,recover-20221013,001,1795
1502.5945,1502.635,68437,82366,Rhinolophus ferrumequinum,0.023,0.023,-1,Echolocation,/mnt/ubna_data_02_mir/recover-20221013/UBNA_001/20221012_030000.WAV,Telephone Field,recover-20221013,001,1795
1502.6125,1502.6463,68437,81027,Rhinolophus ferrumequinum,0.042,0.042,-1,Echolocation,/mnt/ubna_data_02_mir/recover-20221013/UBNA_001/20221012_030000.WAV,Telephone Field,recover-20221013,001,1795
1502.6295,1502.6367,28046,43827,Eptesicus serotinus,0.007,0.024,-1,Echolocation,/mnt/ubna_data_02_mir/recover-20221013/UBNA_001/20221012_030000.WAV,Telephone Field,recover-20221013,001,1795
1502.6475,1502.6548,47812,51736,Pipistrellus pipistrellus,0.021,0.022,-1,Echolocation,/mnt/ubna_data_02_mir/recover-20221013/UBNA_001/20221012_030000.WAV,Telephone Field,recover-20221013,001,1795
1502.6855,1502.6915,24609,37455,Plecotus austriacus,0.007,0.023,-1,Echolocation,/mnt/ubna_data_02_mir/recover-20221013/UBNA_001/20221012_030000.WAV,Telephone Field,recover-20221013,001,1795
1502.6885,1502.7245,68437,81446,Rhinolophus ferrumequinum,0.025,0.025,-1,Echolocation,/mnt/ubna_data_02_mir/recover-20221013/UBNA_001/20221012_030000.WAV,Telephone Field,recover-20221013,001,1795
1502.7155,1502.7273,42656,45144,Pipistrellus pipistrellus,0.059,0.065,-1,Echolocation,/mnt/ubna_data_02_mir/recover-20221013/UBNA_001/20221012_030000.WAV,Telephone Field,recover-20221013,001,1795
1502.7165,1502.7267,28046,34833,Eptesicus serotinus,0.037,0.061,-1,Echolocation,/mnt/ubna_data_02_mir/recover-20221013/UBNA_001/20221012_030000.WAV,Telephone Field,recover-20221013,001,1795
1502.7305,1502.7698,68437,82697,Rhinolophus ferrumequinum,0.024,0.024,-1,Echolocation,/mnt/ubna_data_02_mir/recover-20221013/UBNA_001/20221012_030000.WAV,Telephone Field,recover-20221013,001,1795
1502.7435,1502.7835,68437,82288,Rhinolophus ferrumequinum,0.022,0.022,-1,Echolocation,/mnt/ubna_data_02_mir/recover-20221013/UBNA_001/20221012_030000.WAV,Telephone Field,recover-20221013,001,1795
1502.7725,1502.7815,29765,37863,Eptesicus serotinus,0.008,0.023,-1,Echolocation,/mnt/ubna_data_02_mir/recover-20221013/UBNA_001/20221012_030000.WAV,Telephone Field,recover-20221013,001,1795
1502.7805,1502.8187,68437,81548,Rhinolophus ferrumequinum,0.024,0.024,-1,Echolocation,/mnt/ubna_data_02_mir/recover-20221013/UBNA_001/20221012_030000.WAV,Telephone Field,recover-20221013,001,1795
1502.7955,1502.8342,68437,82703,Rhinolophus ferrumequinum,0.024,0.024,-1,Echolocation,/mnt/ubna_data_02_mir/recover-20221013/UBNA_001/20221012_030000.WAV,Telephone Field,recover-20221013,001,1795
1502.8045,1502.8132,31484,42959,Myotis daubentonii,0.007,0.024,-1,Echolocation,/mnt/ubna_data_02_mir/recover-20221013/UBNA_001/20221012_030000.WAV,Telephone Field,recover-20221013,001,1795
1502.8355,1502.8435,25468,36009,Eptesicus serotinus,0.006,0.024,-1,Echolocation,/mnt/ubna_data_02_mir/recover-20221013/UBNA_001/20221012_030000.WAV,Telephone Field,recover-20221013,001,1795
1502.8495,1502.8878,68437,82478,Rhinolophus ferrumequinum,0.026,0.026,-1,Echolocation,/mnt/ubna_data_02_mir/recover-20221013/UBNA_001/20221012_030000.WAV,Telephone Field,recover-20221013,001,1795
1502.8635,1502.9041,68437,82861,Rhinolophus ferrumequinum,0.028,0.028,-1,Echolocation,/mnt/ubna_data_02_mir/recover-20221013/UBNA_001/20221012_030000.WAV,Telephone Field,recover-20221013,001,1795
1502.8795,1502.8904,27187,34373,Eptesicus serotinus,0.012,0.024,-1,Echolocation,/mnt/ubna_data_02_mir/recover-20221013/UBNA_001/20221012_030000.WAV,Telephone Field,recover-20221013,001,1795
1502.8865,1502.9246,68437,81836,Rhinolophus ferrumequinum,0.023,0.023,-1,Echolocation,/mnt/ubna_data_02_mir/recover-20221013/UBNA_001/20221012_030000.WAV,Telephone Field,recover-20221013,001,1795
1502.9045,1502.9152,22031,28223,Nyctalus leisleri,0.012,0.034,-1,Echolocation,/mnt/ubna_data_02_mir/recover-20221013/UBNA_001/20221012_030000.WAV,Telephone Field,recover-20221013,001,1795
1502.9095,1502.9469,68437,81433,Rhinolophus ferrumequinum,0.021,0.021,-1,Echolocation,/mnt/ubna_data_02_mir/recover-20221013/UBNA_001/20221012_030000.WAV,Telephone Field,recover-20221013,001,1795
1502.9125,1502.923,49531,54093,Pipistrellus pipistrellus,0.03,0.033,-1,Echolocation,/mnt/ubna_data_02_mir/recover-20221013/UBNA_001/20221012_030000.WAV,Telephone Field,recover-20221013,001,1795
1502.9255,1502.9646,68437,82558,Rhinolophus ferrumequinum,0.03,0.03,-1,Echolocation,/mnt/ubna_data_02_mir/recover-20221013/UBNA_001/20221012_030000.WAV,Telephone Field,recover-20221013,001,1795
1502.9375,1502.9762,68437,81985,Rhinolophus ferrumequinum,0.024,0.024,-1,Echolocation,/mnt/ubna_data_02_mir/recover-20221013/UBNA_001/20221012_030000.WAV,Telephone Field,recover-20221013,001,1795
1502.9625,1503.0024,68437,82670,Rhinolophus ferrumequinum,0.03,0.03,-1,Echolocation,/mnt/ubna_data_02_mir/recover-20221013/UBNA_001/20221012_030000.WAV,Telephone Field,recover-20221013,001,1795
1502.9765,1502.9862,28906,38163,Eptesicus serotinus,0.008,0.021,-1,Echolocation,/mnt/ubna_data_02_mir/recover-20221013/UBNA_001/20221012_030000.WAV,Telephone Field,recover-20221013,001,1795
1503.0185,1503.0549,68437,81298,Rhinolophus ferrumequinum,0.021,0.021,-1,Echolocation,/mnt/ubna_data_02_mir/recover-20221013/UBNA_001/20221012_030000.WAV,Telephone Field,recover-20221013,001,1795
1503.0265,1503.0357,27187,35595,Eptesicus serotinus,0.009,0.022,-1,Echolocation,/mnt/ubna_data_02_mir/recover-20221013/UBNA_001/20221012_030000.WAV,Telephone Field,recover-20221013,001,1795
1503.0745,1503.0852,22031,26619,Nyctalus leisleri,0.015,0.028,-1,Echolocation,/mnt/ubna_data_02_mir/recover-20221013/UBNA_001/20221012_030000.WAV,Telephone Field,recover-20221013,001,1795
1503.1235,1503.1633,68437,82436,Rhinolophus ferrumequinum,0.028,0.028,-1,Echolocation,/mnt/ubna_data_02_mir/recover-20221013/UBNA_001/20221012_030000.WAV,Telephone Field,recover-20221013,001,1795
1503.1535,1503.1922,68437,82464,Rhinolophus ferrumequinum,0.023,0.023,-1,Echolocation,/mnt/ubna_data_02_mir/recover-20221013/UBNA_001/20221012_030000.WAV,Telephone Field,recover-20221013,001,1795
1503.1845,1503.2228,68437,81859,Rhinolophus ferrumequinum,0.022,0.022,-1,Echolocation,/mnt/ubna_data_02_mir/recover-20221013/UBNA_001/20221012_030000.WAV,Telephone Field,recover-20221013,001,1795
1503.2035,1503.2392,68437,81006,Rhinolophus ferrumequinum,0.023,0.023,-1,Echolocation,/mnt/ubna_data_02_mir/recover-20221013/UBNA_001/20221012_030000.WAV,Telephone Field,recover-20221013,001,1795
1503.2335,1503.2723,68437,82008,Rhinolophus ferrumequinum,0.03,0.03,-1,Echolocation,/mnt/ubna_data_02_mir/recover-20221013/UBNA_001/20221012_030000.WAV,Telephone Field,recover-20221013,001,1795
1503.2555,1503.2926,68437,81854,Rhinolophus ferrumequinum,0.026,0.026,-1,Echolocation,/mnt/ubna_data_02_mir/recover-20221013/UBNA_001/20221012_030000.WAV,Telephone Field,recover-20221013,001,1795
1503.2645,1503.3021,68437,82011,Rhinolophus ferrumequinum,0.022,0.022,-1,Echolocation,/mnt/ubna_data_02_mir/recover-20221013/UBNA_001/20221012_030000.WAV,Telephone Field,recover-20221013,001,1795
1503.2855,1503.2954,22890,28895,Nyctalus leisleri,0.008,0.022,-1,Echolocation,/mnt/ubna_data_02_mir/recover-20221013/UBNA_001/20221012_030000.WAV,Telephone Field,recover-20221013,001,1795
1503.2895,1503.3259,68437,81512,Rhinolophus ferrumequinum,0.022,0.022,-1,Echolocation,/mnt/ubna_data_02_mir/recover-20221013/UBNA_001/20221012_030000.WAV,Telephone Field,recover-20221013,001,1795
1503.3055,1503.3415,68437,81604,Rhinolophus ferrumequinum,0.023,0.023,-1,Echolocation,/mnt/ubna_data_02_mir/recover-20221013/UBNA_001/20221012_030000.WAV,Telephone Field,recover-20221013,001,1795
1503.3165,1503.3248,27187,36353,Eptesicus serotinus,0.01,0.028,-1,Echolocation,/mnt/ubna_data_02_mir/recover-20221013/UBNA_001/20221012_030000.WAV,Telephone Field,recover-20221013,001,1795
1503.3665,1503.4034,68437,81586,Rhinolophus ferrumequinum,0.024,0.024,-1,Echolocation,/mnt/ubna_data_02_mir/recover-20221013/UBNA_001/20221012_030000.WAV,Telephone Field,recover-20221013,001,1795
1503.3765,1503.3871,23750,30295,Nyctalus leisleri,0.009,0.025,-1,Echolocation,/mnt/ubna_data_02_mir/recover-20221013/UBNA_001/20221012_030000.WAV,Telephone Field,recover-20221013,001,1795
1503.3895,1503.3956,25468,39569,Plecotus austriacus,0.007,0.026,-1,Echolocation,/mnt/ubna_data_02_mir/recover-20221013/UBNA_001/20221012_030000.WAV,Telephone Field,recover-20221013,001,1795
1503.4035,1503.4441,68437,82326,Rhinolophus ferrumequinum,0.031,0.031,-1,Echolocation,/mnt/ubna_data_02_mir/recover-20221013/UBNA_001/20221012_030000.WAV,Telephone Field,recover-20221013,001,1795
1503.4285,1503.4391,23750,29716,Nyctalus leisleri,0.011,0.025,-1,Echolocation,/mnt/ubna_data_02_mir/recover-20221013/UBNA_001/20221012_030000.WAV,Telephone Field,recover-20221013,001,1795
1503.4385,1503.4813,68437,82373,Rhinolophus ferrumequinum,0.025,0.025,-1,Echolocation,/mnt/ubna_data_02_mir/recover-20221013/UBNA_001/20221012_030000.WAV,Telephone Field,recover-20221013,001,1795
1503.4525,1503.4919,68437,82439,Rhinolophus ferrumequinum,0.023,0.023,-1,Echolocation,/mnt/ubna_data_02_mir/recover-20221013/UBNA_001/20221012_030000.WAV,Telephone Field,recover-20221013,001,1795
1503.4805,1503.5176,68437,82075,Rhinolophus ferrumequinum,0.026,0.026,-1,Echolocation,/mnt/ubna_data_02_mir/recover-20221013/UBNA_001/20221012_030000.WAV,Telephone Field,recover-20221013,001,1795
1503.4895,1503.5301,68437,82707,Rhinolophus ferrumequinum,0.034,0.034,-1,Echolocation,/mnt/ubna_data_02_mir/recover-20221013/UBNA_001/20221012_030000.WAV,Telephone Field,recover-20221013,001,1795
1503.4985,1503.537,68437,81447,Rhinolophus ferrumequinum,0.023,0.023,-1,Echolocation,/mnt/ubna_data_02_mir/recover-20221013/UBNA_001/20221012_030000.WAV,Telephone Field,recover-20221013,001,1795
1503.5275,1503.5692,68437,82812,Rhinolophus ferrumequinum,0.028,0.028,-1,Echolocation,/mnt/ubna_data_02_mir/recover-20221013/UBNA_001/20221012_030000.WAV,Telephone Field,recover-20221013,001,1795
1503.5335,1503.5416,23750,32661,Plecotus austriacus,0.009,0.022,-1,Echolocation,/mnt/ubna_data_02_mir/recover-20221013/UBNA_001/20221012_030000.WAV,Telephone Field,recover-20221013,001,1795
1503.5385,1503.5463,23750,31658,Plecotus austriacus,0.009,0.022,-1,Echolocation,/mnt/ubna_data_02_mir/recover-20221013/UBNA_001/20221012_030000.WAV,Telephone Field,recover-20221013,001,1795
1503.5555,1503.5985,68437,83113,Rhinolophus ferrumequinum,0.033,0.033,-1,Echolocation,/mnt/ubna_data_02_mir/recover-20221013/UBNA_001/20221012_030000.WAV,Telephone Field,recover-20221013,001,1795
1503.5755,1503.5869,23750,29170,Nyctalus leisleri,0.011,0.024,-1,Echolocation,/mnt/ubna_data_02_mir/recover-20221013/UBNA_001/20221012_030000.WAV,Telephone Field,recover-20221013,001,1795
1503.5915,1503.6016,26328,33887,Eptesicus serotinus,0.009,0.024,-1,Echolocation,/mnt/ubna_data_02_mir/recover-20221013/UBNA_001/20221012_030000.WAV,Telephone Field,recover-20221013,001,1795
1503.6165,1503.6582,68437,83014,Rhinolophus ferrumequinum,0.029,0.029,-1,Echolocation,/mnt/ubna_data_02_mir/recover-20221013/UBNA_001/20221012_030000.WAV,Telephone Field,recover-20221013,001,1795
1503.6535,1503.6919,68437,82424,Rhinolophus ferrumequinum,0.027,0.027,-1,Echolocation,/mnt/ubna_data_02_mir/recover-20221013/UBNA_001/20221012_030000.WAV,Telephone Field,recover-20221013,001,1795
1503.6635,1503.7057,68437,83108,Rhinolophus ferrumequinum,0.031,0.031,-1,Echolocation,/mnt/ubna_data_02_mir/recover-20221013/UBNA_001/20221012_030000.WAV,Telephone Field,recover-20221013,001,1795
1503.6745,1503.6829,23750,32387,Plecotus austriacus,0.008,0.023,-1,Echolocation,/mnt/ubna_data_02_mir/recover-20221013/UBNA_001/20221012_030000.WAV,Telephone Field,recover-20221013,001,1795
1503.6955,1503.7062,24609,31522,Eptesicus serotinus,0.009,0.022,-1,Echolocation,/mnt/ubna_data_02_mir/recover-20221013/UBNA_001/20221012_030000.WAV,Telephone Field,recover-20221013,001,1795
1503.6995,1503.7398,68437,82728,Rhinolophus ferrumequinum,0.032,0.032,-1,Echolocation,/mnt/ubna_data_02_mir/recover-20221013/UBNA_001/20221012_030000.WAV,Telephone Field,recover-20221013,001,1795
1503.7065,1503.7128,30625,60887,Myotis daubentonii,0.01,0.023,-1,Echolocation,/mnt/ubna_data_02_mir/recover-20221013/UBNA_001/20221012_030000.WAV,Telephone Field,recover-20221013,001,1795
1503.7245,1503.766,68437,82442,Rhinolophus ferrumequinum,0.029,0.029,-1,Echolocation,/mnt/ubna_data_02_mir/recover-20221013/UBNA_001/20221012_030000.WAV,Telephone Field,recover-20221013,001,1795
1503.7535,1503.7915,68437,81710,Rhinolophus ferrumequinum,0.022,0.022,-1,Echolocation,/mnt/ubna_data_02_mir/recover-20221013/UBNA_001/20221012_030000.WAV,Telephone Field,recover-20221013,001,1795
1503.7845,1503.8252,68437,82582,Rhinolophus ferrumequinum,0.026,0.026,-1,Echolocation,/mnt/ubna_data_02_mir/recover-20221013/UBNA_001/20221012_030000.WAV,Telephone Field,recover-20221013,001,1795
1503.7895,1503.8287,68437,82322,Rhinolophus ferrumequinum,0.025,0.025,-1,Echolocation,/mnt/ubna_data_02_mir/recover-20221013/UBNA_001/20221012_030000.WAV,Telephone Field,recover-20221013,001,1795
1503.8055,1503.8425,68437,82052,Rhinolophus ferrumequinum,0.025,0.025,-1,Echolocation,/mnt/ubna_data_02_mir/recover-20221013/UBNA_001/20221012_030000.WAV,Telephone Field,recover-20221013,001,1795
1503.8425,1503.8526,23750,29756,Nyctalus leisleri,0.008,0.022,-1,Echolocation,/mnt/ubna_data_02_mir/recover-20221013/UBNA_001/20221012_030000.WAV,Telephone Field,recover-20221013,001,1795
1503.8465,1503.8878,68437,82471,Rhinolophus ferrumequinum,0.027,0.027,-1,Echolocation,/mnt/ubna_data_02_mir/recover-20221013/UBNA_001/20221012_030000.WAV,Telephone Field,recover-20221013,001,1795
1503.8765,1503.917,68437,82351,Rhinolophus ferrumequinum,0.027,0.027,-1,Echolocation,/mnt/ubna_data_02_mir/recover-20221013/UBNA_001/20221012_030000.WAV,Telephone Field,recover-20221013,001,1795
1503.8855,1503.8986,23750,28727,Nyctalus leisleri,0.013,0.027,-1,Echolocation,/mnt/ubna_data_02_mir/recover-20221013/UBNA_001/20221012_030000.WAV,Telephone Field,recover-20221013,001,1795
1503.9115,1503.951,68437,82375,Rhinolophus ferrumequinum,0.024,0.024,-1,Echolocation,/mnt/ubna_data_02_mir/recover-20221013/UBNA_001/20221012_030000.WAV,Telephone Field,recover-20221013,001,1795
1503.9125,1503.922,28906,39057,Eptesicus serotinus,0.009,0.023,-1,Echolocation,/mnt/ubna_data_02_mir/recover-20221013/UBNA_001/20221012_030000.WAV,Telephone Field,recover-20221013,001,1795
1503.9315,1503.9692,68437,81820,Rhinolophus ferrumequinum,0.023,0.023,-1,Echolocation,/mnt/ubna_data_02_mir/recover-20221013/UBNA_001/20221012_030000.WAV,Telephone Field,recover-20221013,001,1795
1503.9465,1503.9527,24609,34436,Plecotus austriacus,0.008,0.022,-1,Echolocation,/mnt/ubna_data_02_mir/recover-20221013/UBNA_001/20221012_030000.WAV,Telephone Field,recover-20221013,001,1795
1503.9475,1503.986,68437,82061,Rhinolophus ferrumequinum,0.027,0.027,-1,Echolocation,/mnt/ubna_data_02_mir/recover-20221013/UBNA_001/20221012_030000.WAV,Telephone Field,recover-20221013,001,1795
1503.9635,1503.9724,28046,37556,Eptesicus serotinus,0.01,0.026,-1,Echolocation,/mnt/ubna_data_02_mir/recover-20221013/UBNA_001/20221012_030000.WAV,Telephone Field,recover-20221013,001,1795
1504.0015,1504.0109,26328,35630,Nyctalus leisleri,0.009,0.031,-1,Echolocation,/mnt/ubna_data_02_mir/recover-20221013/UBNA_001/20221012_030000.WAV,Telephone Field,recover-20221013,001,1795
1504.0015,1504.0097,45234,51140,Pipistrellus pipistrellus,0.021,0.028,-1,Echolocation,/mnt/ubna_data_02_mir/recover-20221013/UBNA_001/20221012_030000.WAV,Telephone Field,recover-20221013,001,1795
1504.0015,1504.0321,69296,81120,Rhinolophus ferrumequinum,0.035,0.035,-1,Echolocation,/mnt/ubna_data_02_mir/recover-20221013/UBNA_001/20221012_030000.WAV,Telephone Field,recover-20221013,001,1795
1504.0085,1504.0481,68437,81145,Rhinolophus ferrumequinum,0.023,0.024,-1,Echolocation,/mnt/ubna_data_02_mir/recover-20221013/UBNA_001/20221012_030000.WAV,Telephone Field,recover-20221013,001,1795
1504.0175,1504.0567,68437,81784,Rhinolophus ferrumequinum,0.026,0.026,-1,Echolocation,/mnt/ubna_data_02_mir/recover-20221013/UBNA_001/20221012_030000.WAV,Telephone Field,recover-20221013,001,1795
1504.0235,1504.0322,44375,50440,Pipistrellus pipistrellus,0.033,0.038,-1,Echolocation,/mnt/ubna_data_02_mir/recover-20221013/UBNA_001/20221012_030000.WAV,Telephone Field,recover-20221013,001,1795
1504.0895,1504.1283,68437,82297,Rhinolophus ferrumequinum,0.023,0.023,-1,Echolocation,/mnt/ubna_data_02_mir/recover-20221013/UBNA_001/20221012_030000.WAV,Telephone Field,recover-20221013,001,1795
1504.0995,1504.1092,28046,36307,Eptesicus serotinus,0.009,0.022,-1,Echolocation,/mnt/ubna_data_02_mir/recover-20221013/UBNA_001/20221012_030000.WAV,Telephone Field,recover-20221013,001,1795
1504.1085,1504.1191,23750,29999,Nyctalus leisleri,0.009,0.022,-1,Echolocation,/mnt/ubna_data_02_mir/recover-20221013/UBNA_001/20221012_030000.WAV,Telephone Field,recover-20221013,001,1795
1504.1195,1504.1585,68437,82331,Rhinolophus ferrumequinum,0.024,0.024,-1,Echolocation,/mnt/ubna_data_02_mir/recover-20221013/UBNA_001/20221012_030000.WAV,Telephone Field,recover-20221013,001,1795
1504.1355,1504.1443,44375,51102,Pipistrellus pipistrellus,0.019,0.024,-1,Echolocation,/mnt/ubna_data_02_mir/recover-20221013/UBNA_001/20221012_030000.WAV,Telephone Field,recover-20221013,001,1795
1504.1385,1504.177,68437,82007,Rhinolophus ferrumequinum,0.022,0.022,-1,Echolocation,/mnt/ubna_data_02_mir/recover-20221013/UBNA_001/20221012_030000.WAV,Telephone Field,recover-20221013,001,1795
1504.1665,1504.1755,47812,54445,Pipistrellus pipistrellus,0.049,0.052,-1,Echolocation,/mnt/ubna_data_02_mir/recover-20221013/UBNA_001/20221012_030000.WAV,Telephone Field,recover-20221013,001,1795
1504.1705,1504.2065,68437,82097,Rhinolophus ferrumequinum,0.021,0.021,-1,Echolocation,/mnt/ubna_data_02_mir/recover-20221013/UBNA_001/20221012_030000.WAV,Telephone Field,recover-20221013,001,1795
1504.1715,1504.1804,22031,28625,Plecotus austriacus,0.012,0.026,-1,Echolocation,/mnt/ubna_data_02_mir/recover-20221013/UBNA_001/20221012_030000.WAV,Telephone Field,recover-20221013,001,1795
1504.1845,1504.2238,68437,82187,Rhinolophus ferrumequinum,0.021,0.021,-1,Echolocation,/mnt/ubna_data_02_mir/recover-20221013/UBNA_001/20221012_030000.WAV,Telephone Field,recover-20221013,001,1795
1504.1915,1504.2312,68437,82131,Rhinolophus ferrumequinum,0.023,0.023,-1,Echolocation,/mnt/ubna_data_02_mir/recover-20221013/UBNA_001/20221012_030000.WAV,Telephone Field,recover-20221013,001,1795
1504.1985,1504.2057,27187,40198,Eptesicus serotinus,0.007,0.028,-1,Echolocation,/mnt/ubna_data_02_mir/recover-20221013/UBNA_001/20221012_030000.WAV,Telephone Field,recover-20221013,001,1795
1504.2195,1504.2271,28046,39853,Eptesicus serotinus,0.008,0.024,-1,Echolocation,/mnt/ubna_data_02_mir/recover-20221013/UBNA_001/20221012_030000.WAV,Telephone Field,recover-20221013,001,1795
1504.2195,1504.2619,68437,82854,Rhinolophus ferrumequinum,0.03,0.03,-1,Echolocation,/mnt/ubna_data_02_mir/recover-20221013/UBNA_001/20221012_030000.WAV,Telephone Field,recover-20221013,001,1795
1504.2475,1504.2592,23750,29224,Nyctalus leisleri,0.014,0.026,-1,Echolocation,/mnt/ubna_data_02_mir/recover-20221013/UBNA_001/20221012_030000.WAV,Telephone Field,recover-20221013,001,1795
1504.2535,1504.2627,46093,51300,Pipistrellus pipistrellus,0.023,0.025,-1,Echolocation,/mnt/ubna_data_02_mir/recover-20221013/UBNA_001/20221012_030000.WAV,Telephone Field,recover-20221013,001,1795
1504.2815,1504.3204,68437,82000,Rhinolophus ferrumequinum,0.042,0.042,-1,Echolocation,/mnt/ubna_data_02_mir/recover-20221013/UBNA_001/20221012_030000.WAV,Telephone Field,recover-20221013,001,1795
1504.3115,1504.3191,28906,47276,Eptesicus serotinus,0.008,0.025,-1,Echolocation,/mnt/ubna_data_02_mir/recover-20221013/UBNA_001/20221012_030000.WAV,Telephone Field,recover-20221013,001,1795
1504.3145,1504.3551,68437,82393,Rhinolophus ferrumequinum,0.023,0.023,-1,Echolocation,/mnt/ubna_data_02_mir/recover-20221013/UBNA_001/20221012_030000.WAV,Telephone Field,recover-20221013,001,1795
1504.3265,1504.3364,23750,30954,Nyctalus leisleri,0.008,0.029,-1,Echolocation,/mnt/ubna_data_02_mir/recover-20221013/UBNA_001/20221012_030000.WAV,Telephone Field,recover-20221013,001,1795
1504.3275,1504.3636,68437,81237,Rhinolophus ferrumequinum,0.021,0.021,-1,Echolocation,/mnt/ubna_data_02_mir/recover-20221013/UBNA_001/20221012_030000.WAV,Telephone Field,recover-20221013,001,1795
1504.3515,1504.3921,68437,82690,Rhinolophus ferrumequinum,0.034,0.034,-1,Echolocation,/mnt/ubna_data_02_mir/recover-20221013/UBNA_001/20221012_030000.WAV,Telephone Field,recover-20221013,001,1795
1504.3685,1504.4085,68437,82690,Rhinolophus ferrumequinum,0.026,0.026,-1,Echolocation,/mnt/ubna_data_02_mir/recover-20221013/UBNA_001/20221012_030000.WAV,Telephone Field,recover-20221013,001,1795
1504.3925,1504.4324,68437,82297,Rhinolophus ferrumequinum,0.023,0.023,-1,Echolocation,/mnt/ubna_data_02_mir/recover-20221013/UBNA_001/20221012_030000.WAV,Telephone Field,recover-20221013,001,1795
1504.3935,1504.4025,23750,30934,Nyctalus leisleri,0.006,0.022,-1,Echolocation,/mnt/ubna_data_02_mir/recover-20221013/UBNA_001/20221012_030000.WAV,Telephone Field,recover-20221013,001,1795
1504.4285,1504.4705,68437,82910,Rhinolophus ferrumequinum,0.026,0.026,-1,Echolocation,/mnt/ubna_data_02_mir/recover-20221013/UBNA_001/20221012_030000.WAV,Telephone Field,recover-20221013,001,1795
1504.4355,1504.4761,68437,83070,Rhinolophus ferrumequinum,0.026,0.026,-1,Echolocation,/mnt/ubna_data_02_mir/recover-20221013/UBNA_001/20221012_030000.WAV,Telephone Field,recover-20221013,001,1795
1504.4465,1504.4864,68437,82661,Rhinolophus ferrumequinum,0.026,0.026,-1,Echolocation,/mnt/ubna_data_02_mir/recover-20221013/UBNA_001/20221012_030000.WAV,Telephone Field,recover-20221013,001,1795
1504.4475,1504.4539,28046,39418,Eptesicus serotinus,0.007,0.026,-1,Echolocation,/mnt/ubna_data_02_mir/recover-20221013/UBNA_001/20221012_030000.WAV,Telephone Field,recover-20221013,001,1795
1504.4615,1504.4988,68437,82053,Rhinolophus ferrumequinum,0.021,0.022,-1,Echolocation,/mnt/ubna_data_02_mir/recover-20221013/UBNA_001/20221012_030000.WAV,Telephone Field,recover-20221013,001,1795
1504.4715,1504.4815,26328,34530,Eptesicus serotinus,0.01,0.027,-1,Echolocation,/mnt/ubna_data_02_mir/recover-20221013/UBNA_001/20221012_030000.WAV,Telephone Field,recover-20221013,001,1795
1504.4905,1504.5263,68437,81321,Rhinolophus ferrumequinum,0.021,0.022,-1,Echolocation,/mnt/ubna_data_02_mir/recover-20221013/UBNA_001/20221012_030000.WAV,Telephone Field,recover-20221013,001,1795
1504.5305,1504.5735,68437,83413,Rhinolophus ferrumequinum,0.035,0.035,-1,Echolocation,/mnt/ubna_data_02_mir/recover-20221013/UBNA_001/20221012_030000.WAV,Telephone Field,recover-20221013,001,1795
1504.5965,1504.6059,28906,36984,Eptesicus serotinus,0.008,0.022,-1,Echolocation,/mnt/ubna_data_02_mir/recover-20221013/UBNA_001/20221012_030000.WAV,Telephone Field,recover-20221013,001,1795
1504.6035,1504.6411,68437,81652,Rhinolophus ferrumequinum,0.026,0.026,-1,Echolocation,/mnt/ubna_data_02_mir/recover-20221013/UBNA_001/20221012_030000.WAV,Telephone Field,recover-20221013,001,1795
1504.6055,1504.6135,27187,42347,Eptesicus serotinus,0.007,0.022,-1,Echolocation,/mnt/ubna_data_02_mir/recover-20221013/UBNA_001/20221012_030000.WAV,Telephone Field,recover-20221013,001,1795
1504.6205,1504.6585,68437,81780,Rhinolophus ferrumequinum,0.023,0.023,-1,Echolocation,/mnt/ubna_data_02_mir/recover-20221013/UBNA_001/20221012_030000.WAV,Telephone Field,recover-20221013,001,1795
1504.6225,1504.6326,24609,31509,Nyctalus leisleri,0.007,0.022,-1,Echolocation,/mnt/ubna_data_02_mir/recover-20221013/UBNA_001/20221012_030000.WAV,Telephone Field,recover-20221013,001,1795
1504.6395,1504.6502,22890,28719,Nyctalus leisleri,0.009,0.022,-1,Echolocation,/mnt/ubna_data_02_mir/recover-20221013/UBNA_001/20221012_030000.WAV,Telephone Field,recover-20221013,001,1795
1504.6455,1504.6874,68437,83252,Rhinolophus ferrumequinum,0.028,0.028,-1,Echolocation,/mnt/ubna_data_02_mir/recover-20221013/UBNA_001/20221012_030000.WAV,Telephone Field,recover-20221013,001,1795
1504.6625,1504.7029,68437,82642,Rhinolophus ferrumequinum,0.026,0.026,-1,Echolocation,/mnt/ubna_data_02_mir/recover-20221013/UBNA_001/20221012_030000.WAV,Telephone Field,recover-20221013,001,1795
1504.6805,1504.7199,68437,81818,Rhinolophus ferrumequinum,0.026,0.026,-1,Echolocation,/mnt/ubna_data_02_mir/recover-20221013/UBNA_001/20221012_030000.WAV,Telephone Field,recover-20221013,001,1795
1504.7085,1504.7191,28046,36317,Eptesicus serotinus,0.011,0.023,-1,Echolocation,/mnt/ubna_data_02_mir/recover-20221013/UBNA_001/20221012_030000.WAV,Telephone Field,recover-20221013,001,1795
1504.7255,1504.7331,26328,38734,Eptesicus serotinus,0.006,0.023,-1,Echolocation,/mnt/ubna_data_02_mir/recover-20221013/UBNA_001/20221012_030000.WAV,Telephone Field,recover-20221013,001,1795
1504.7415,1504.7809,68437,81870,Rhinolophus ferrumequinum,0.023,0.023,-1,Echolocation,/mnt/ubna_data_02_mir/recover-20221013/UBNA_001/20221012_030000.WAV,Telephone Field,recover-20221013,001,1795
1504.7495,1504.7587,49531,53746,Pipistrellus pipistrellus,0.019,0.022,-1,Echolocation,/mnt/ubna_data_02_mir/recover-20221013/UBNA_001/20221012_030000.WAV,Telephone Field,recover-20221013,001,1795
1504.8185,1504.8299,24609,31087,Nyctalus leisleri,0.022,0.054,-1,Echolocation,/mnt/ubna_data_02_mir/recover-20221013/UBNA_001/20221012_030000.WAV,Telephone Field,recover-20221013,001,1795
1504.8335,1504.8408,24609,35403,Plecotus austriacus,0.009,0.024,-1,Echolocation,/mnt/ubna_data_02_mir/recover-20221013/UBNA_001/20221012_030000.WAV,Telephone Field,recover-20221013,001,1795
1504.8335,1504.872,68437,81856,Rhinolophus ferrumequinum,0.024,0.024,-1,Echolocation,/mnt/ubna_data_02_mir/recover-20221013/UBNA_001/20221012_030000.WAV,Telephone Field,recover-20221013,001,1795
1504.8575,1504.8653,26328,35203,Eptesicus serotinus,0.008,0.022,-1,Echolocation,/mnt/ubna_data_02_mir/recover-20221013/UBNA_001/20221012_030000.WAV,Telephone Field,recover-20221013,001,1795
1504.8615,1504.9017,68437,82325,Rhinolophus ferrumequinum,0.03,0.03,-1,Echolocation,/mnt/ubna_data_02_mir/recover-20221013/UBNA_001/20221012_030000.WAV,Telephone Field,recover-20221013,001,1795
1504.8805,1504.9163,68437,81519,Rhinolophus ferrumequinum,0.022,0.022,-1,Echolocation,/mnt/ubna_data_02_mir/recover-20221013/UBNA_001/20221012_030000.WAV,Telephone Field,recover-20221013,001,1795
1504.8965,1504.9057,29765,38611,Eptesicus serotinus,0.01,0.026,-1,Echolocation,/mnt/ubna_data_02_mir/recover-20221013/UBNA_001/20221012_030000.WAV,Telephone Field,recover-20221013,001,1795
1504.9035,1504.943,68437,82021,Rhinolophus ferrumequinum,0.022,0.022,-1,Echolocation,/mnt/ubna_data_02_mir/recover-20221013/UBNA_001/20221012_030000.WAV,Telephone Field,recover-20221013,001,1795
1504.9315,1504.9697,68437,82027,Rhinolophus ferrumequinum,0.022,0.022,-1,Echolocation,/mnt/ubna_data_02_mir/recover-20221013/UBNA_001/20221012_030000.WAV,Telephone Field,recover-20221013,001,1795
1504.9485,1504.9569,46953,57299,Pipistrellus pipistrellus,0.014,0.022,-1,Echolocation,/mnt/ubna_data_02_mir/recover-20221013/UBNA_001/20221012_030000.WAV,Telephone Field,recover-20221013,001,1795
1504.9695,1505.0084,68437,82213,Rhinolophus ferrumequinum,0.022,0.022,-1,Echolocation,/mnt/ubna_data_02_mir/recover-20221013/UBNA_001/20221012_030000.WAV,Telephone Field,recover-20221013,001,1795
1505.0285,1505.0389,44375,47583,Pipistrellus pipistrellus,0.027,0.029,-1,Echolocation,/mnt/ubna_data_02_mir/recover-20221013/UBNA_001/20221012_030000.WAV,Telephone Field,recover-20221013,001,1795
1505.0355,1505.0779,68437,82774,Rhinolophus ferrumequinum,0.025,0.025,-1,Echolocation,/mnt/ubna_data_02_mir/recover-20221013/UBNA_001/20221012_030000.WAV,Telephone Field,recover-20221013,001,1795
1505.0555,1505.0642,27187,36382,Eptesicus serotinus,0.01,0.026,-1,Echolocation,/mnt/ubna_data_02_mir/recover-20221013/UBNA_001/20221012_030000.WAV,Telephone Field,recover-20221013,001,1795
1505.0655,1505.1068,68437,82706,Rhinolophus ferrumequinum,0.024,0.025,-1,Echolocation,/mnt/ubna_data_02_mir/recover-20221013/UBNA_001/20221012_030000.WAV,Telephone Field,recover-20221013,001,1795
1505.0885,1505.1264,68437,81315,Rhinolophus ferrumequinum,0.026,0.026,-1,Echolocation,/mnt/ubna_data_02_mir/recover-20221013/UBNA_001/20221012_030000.WAV,Telephone Field,recover-20221013,001,1795
1505.0995,1505.1102,23750,29103,Nyctalus leisleri,0.012,0.025,-1,Echolocation,/mnt/ubna_data_02_mir/recover-20221013/UBNA_001/20221012_030000.WAV,Telephone Field,recover-20221013,001,1795
1505.1065,1505.145,68437,81743,Rhinolophus ferrumequinum,0.024,0.024,-1,Echolocation,/mnt/ubna_data_02_mir/recover-20221013/UBNA_001/20221012_030000.WAV,Telephone Field,recover-20221013,001,1795
1505.1255,1505.1362,22890,28606,Nyctalus leisleri,0.01,0.022,-1,Echolocation,/mnt/ubna_data_02_mir/recover-20221013/UBNA_001/20221012_030000.WAV,Telephone Field,recover-20221013,001,1795
1505.1515,1505.1615,22890,29159,Nyctalus leisleri,0.008,0.022,-1,Echolocation,/mnt/ubna_data_02_mir/recover-20221013/UBNA_001/20221012_030000.WAV,Telephone Field,recover-20221013,001,1795
1505.1565,1505.1914,68437,81019,Rhinolophus ferrumequinum,0.023,0.023,-1,Echolocation,/mnt/ubna_data_02_mir/recover-20221013/UBNA_001/20221012_030000.WAV,Telephone Field,recover-20221013,001,1795
1505.1705,1505.2081,68437,81720,Rhinolophus ferrumequinum,0.025,0.025,-1,Echolocation,/mnt/ubna_data_02_mir/recover-20221013/UBNA_001/20221012_030000.WAV,Telephone Field,recover-20221013,001,1795
1505.1785,1505.2213,68437,82282,Rhinolophus ferrumequinum,0.025,0.025,-1,Echolocation,/mnt/ubna_data_02_mir/recover-20221013/UBNA_001/20221012_030000.WAV,Telephone Field,recover-20221013,001,1795
1505.1915,1505.2298,68437,82134,Rhinolophus ferrumequinum,0.024,0.024,-1,Echolocation,/mnt/ubna_data_02_mir/recover-20221013/UBNA_001/20221012_030000.WAV,Telephone Field,recover-20221013,001,1795
1505.2075,1505.2463,68437,82587,Rhinolophus ferrumequinum,0.024,0.024,-1,Echolocation,/mnt/ubna_data_02_mir/recover-20221013/UBNA_001/20221012_030000.WAV,Telephone Field,recover-20221013,001,1795
1505.2385,1505.2782,68437,82099,Rhinolophus ferrumequinum,0.025,0.025,-1,Echolocation,/mnt/ubna_data_02_mir/recover-20221013/UBNA_001/20221012_030000.WAV,Telephone Field,recover-20221013,001,1795
1505.2655,1505.3034,68437,81157,Rhinolophus ferrumequinum,0.025,0.025,-1,Echolocation,/mnt/ubna_data_02_mir/recover-20221013/UBNA_001/20221012_030000.WAV,Telephone Field,recover-20221013,001,1795
1505.2895,1505.329,68437,82080,Rhinolophus ferrumequinum,0.035,0.035,-1,Echolocation,/mnt/ubna_data_02_mir/recover-20221013/UBNA_001/20221012_030000.WAV,Telephone Field,recover-20221013,001,1795
1505.3005,1505.3105,22031,27736,Nyctalus leisleri,0.009,0.024,-1,Echolocation,/mnt/ubna_data_02_mir/recover-20221013/UBNA_001/20221012_030000.WAV,Telephone Field,recover-20221013,001,1795
1505.3035,1505.3397,68437,81040,Rhinolophus ferrumequinum,0.021,0.022,-1,Echolocation,/mnt/ubna_data_02_mir/recover-20221013/UBNA_001/20221012_030000.WAV,Telephone Field,recover-20221013,001,1795
1505.3135,1505.3515,68437,82690,Rhinolophus ferrumequinum,0.028,0.028,-1,Echolocation,/mnt/ubna_data_02_mir/recover-20221013/UBNA_001/20221012_030000.WAV,Telephone Field,recover-20221013,001,1795
1505.3545,1505.3976,68437,82435,Rhinolophus ferrumequinum,0.028,0.028,-1,Echolocation,/mnt/ubna_data_02_mir/recover-20221013/UBNA_001/20221012_030000.WAV,Telephone Field,recover-20221013,001,1795
1505.3595,1505.3667,28046,40088,Eptesicus serotinus,0.007,0.026,-1,Echolocation,/mnt/ubna_data_02_mir/recover-20221013/UBNA_001/20221012_030000.WAV,Telephone Field,recover-20221013,001,1795
1505.4075,1505.4465,68437,81722,Rhinolophus ferrumequinum,0.023,0.023,-1,Echolocation,/mnt/ubna_data_02_mir/recover-20221013/UBNA_001/20221012_030000.WAV,Telephone Field,recover-20221013,001,1795
1505.4325,1505.4726,68437,82602,Rhinolophus ferrumequinum,0.025,0.026,-1,Echolocation,/mnt/ubna_data_02_mir/recover-20221013/UBNA_001/20221012_030000.WAV,Telephone Field,recover-20221013,001,1795
1505.4425,1505.48,68437,81969,Rhinolophus ferrumequinum,0.022,0.022,-1,Echolocation,/mnt/ubna_data_02_mir/recover-20221013/UBNA_001/20221012_030000.WAV,Telephone Field,recover-20221013,001,1795
1505.4455,1505.4528,27187,41722,Eptesicus serotinus,0.007,0.025,-1,Echolocation,/mnt/ubna_data_02_mir/recover-20221013/UBNA_001/20221012_030000.WAV,Telephone Field,recover-20221013,001,1795
1505.4625,1505.4726,27187,34835,Eptesicus serotinus,0.009,0.023,-1,Echolocation,/mnt/ubna_data_02_mir/recover-20221013/UBNA_001/20221012_030000.WAV,Telephone Field,recover-20221013,001,1795
1505.4705,1505.5094,68437,82006,Rhinolophus ferrumequinum,0.023,0.023,-1,Echolocation,/mnt/ubna_data_02_mir/recover-20221013/UBNA_001/20221012_030000.WAV,Telephone Field,recover-20221013,001,1795
1505.4915,1505.5306,68437,82276,Rhinolophus ferrumequinum,0.037,0.037,-1,Echolocation,/mnt/ubna_data_02_mir/recover-20221013/UBNA_001/20221012_030000.WAV,Telephone Field,recover-20221013,001,1795
1505.5145,1505.5593,68437,83310,Rhinolophus ferrumequinum,0.047,0.047,-1,Echolocation,/mnt/ubna_data_02_mir/recover-20221013/UBNA_001/20221012_030000.WAV,Telephone Field,recover-20221013,001,1795
1505.5355,1505.5429,28906,39219,Eptesicus serotinus,0.006,0.022,-1,Echolocation,/mnt/ubna_data_02_mir/recover-20221013/UBNA_001/20221012_030000.WAV,Telephone Field,recover-20221013,001,1795
1505.5355,1505.5436,23750,32118,Plecotus austriacus,0.008,0.022,-1,Echolocation,/mnt/ubna_data_02_mir/recover-20221013/UBNA_001/20221012_030000.WAV,Telephone Field,recover-20221013,001,1795
1505.5565,1505.5958,68437,81755,Rhinolophus ferrumequinum,0.022,0.022,-1,Echolocation,/mnt/ubna_data_02_mir/recover-20221013/UBNA_001/20221012_030000.WAV,Telephone Field,recover-20221013,001,1795
1505.5625,1505.6015,68437,82101,Rhinolophus ferrumequinum,0.022,0.022,-1,Echolocation,/mnt/ubna_data_02_mir/recover-20221013/UBNA_001/20221012_030000.WAV,Telephone Field,recover-20221013,001,1795
1505.5635,1505.571,28906,41549,Eptesicus serotinus,0.008,0.027,-1,Echolocation,/mnt/ubna_data_02_mir/recover-20221013/UBNA_001/20221012_030000.WAV,Telephone Field,recover-20221013,001,1795
1505.5865,1505.5963,24609,32149,Eptesicus serotinus,0.007,0.022,-1,Echolocation,/mnt/ubna_data_02_mir/recover-20221013/UBNA_001/20221012_030000.WAV,Telephone Field,recover-20221013,001,1795
1505.6075,1505.6261,20312,23185,Nyctalus leisleri,0.014,0.023,-1,Echolocation,/mnt/ubna_data_02_mir/recover-20221013/UBNA_001/20221012_030000.WAV,Telephone Field,recover-20221013,001,1795
1505.6175,1505.6567,68437,81857,Rhinolophus ferrumequinum,0.022,0.022,-1,Echolocation,/mnt/ubna_data_02_mir/recover-20221013/UBNA_001/20221012_030000.WAV,Telephone Field,recover-20221013,001,1795
1505.6225,1505.6621,68437,81872,Rhinolophus ferrumequinum,0.022,0.022,-1,Echolocation,/mnt/ubna_data_02_mir/recover-20221013/UBNA_001/20221012_030000.WAV,Telephone Field,recover-20221013,001,1795
1505.6455,1505.6841,68437,81803,Rhinolophus ferrumequinum,0.022,0.022,-1,Echolocation,/mnt/ubna_data_02_mir/recover-20221013/UBNA_001/20221012_030000.WAV,Telephone Field,recover-20221013,001,1795
1505.6485,1505.658,28906,39376,Eptesicus serotinus,0.01,0.026,-1,Echolocation,/mnt/ubna_data_02_mir/recover-20221013/UBNA_001/20221012_030000.WAV,Telephone Field,recover-20221013,001,1795
1505.7065,1505.7164,46093,52792,Pipistrellus pipistrellus,0.025,0.028,-1,Echolocation,/mnt/ubna_data_02_mir/recover-20221013/UBNA_001/20221012_030000.WAV,Telephone Field,recover-20221013,001,1795
1505.7495,1505.7605,22031,27341,Nyctalus leisleri,0.015,0.033,-1,Echolocation,/mnt/ubna_data_02_mir/recover-20221013/UBNA_001/20221012_030000.WAV,Telephone Field,recover-20221013,001,1795
1505.7605,1505.7959,68437,80620,Rhinolophus ferrumequinum,0.027,0.027,-1,Echolocation,/mnt/ubna_data_02_mir/recover-20221013/UBNA_001/20221012_030000.WAV,Telephone Field,recover-20221013,001,1795
1505.7805,1505.8181,68437,81752,Rhinolophus ferrumequinum,0.023,0.024,-1,Echolocation,/mnt/ubna_data_02_mir/recover-20221013/UBNA_001/20221012_030000.WAV,Telephone Field,recover-20221013,001,1795
1505.8175,1505.8588,68437,82084,Rhinolophus ferrumequinum,0.032,0.032,-1,Echolocation,/mnt/ubna_data_02_mir/recover-20221013/UBNA_001/20221012_030000.WAV,Telephone Field,recover-20221013,001,1795
1505.8185,1505.8282,28906,39012,Eptesicus serotinus,0.009,0.024,-1,Echolocation,/mnt/ubna_data_02_mir/recover-20221013/UBNA_001/20221012_030000.WAV,Telephone Field,recover-20221013,001,1795
1505.8465,1505.854,33203,45410,Myotis daubentonii,0.008,0.023,-1,Echolocation,/mnt/ubna_data_02_mir/recover-20221013/UBNA_001/20221012_030000.WAV,Telephone Field,recover-20221013,001,1795
1505.8485,1505.857,28906,42370,Eptesicus serotinus,0.008,0.023,-1,Echolocation,/mnt/ubna_data_02_mir/recover-20221013/UBNA_001/20221012_030000.WAV,Telephone Field,recover-20221013,001,1795
1505.8575,1505.8958,68437,82063,Rhinolophus ferrumequinum,0.025,0.025,-1,Echolocation,/mnt/ubna_data_02_mir/recover-20221013/UBNA_001/20221012_030000.WAV,Telephone Field,recover-20221013,001,1795
1505.8995,1505.9405,68437,81783,Rhinolophus ferrumequinum,0.023,0.023,-1,Echolocation,/mnt/ubna_data_02_mir/recover-20221013/UBNA_001/20221012_030000.WAV,Telephone Field,recover-20221013,001,1795
1505.9075,1505.9476,68437,82503,Rhinolophus ferrumequinum,0.022,0.023,-1,Echolocation,/mnt/ubna_data_02_mir/recover-20221013/UBNA_001/20221012_030000.WAV,Telephone Field,recover-20221013,001,1795
1505.9255,1505.9606,68437,81123,Rhinolophus ferrumequinum,0.023,0.023,-1,Echolocation,/mnt/ubna_data_02_mir/recover-20221013/UBNA_001/20221012_030000.WAV,Telephone Field,recover-20221013,001,1795
1505.9395,1505.9469,27187,40258,Eptesicus serotinus,0.006,0.023,-1,Echolocation,/mnt/ubna_data_02_mir/recover-20221013/UBNA_001/20221012_030000.WAV,Telephone Field,recover-20221013,001,1795
1505.9595,1505.9668,28906,38384,Eptesicus serotinus,0.007,0.023,-1,Echolocation,/mnt/ubna_data_02_mir/recover-20221013/UBNA_001/20221012_030000.WAV,Telephone Field,recover-20221013,001,1795
1505.9605,1506.0,68437,82500,Rhinolophus ferrumequinum,0.03,0.03,-1,Echolocation,/mnt/ubna_data_02_mir/recover-20221013/UBNA_001/20221012_030000.WAV,Telephone Field,recover-20221013,001,1795
1506.0015,1506.0103,26328,33792,Nyctalus leisleri,0.01,0.03,-1,Echolocation,/mnt/ubna_data_02_mir/recover-20221013/UBNA_001/20221012_030000.WAV,Telephone Field,recover-20221013,001,1795
1506.0015,1506.0346,68437,79858,Rhinolophus ferrumequinum,0.058,0.058,-1,Echolocation,/mnt/ubna_data_02_mir/recover-20221013/UBNA_001/20221012_030000.WAV,Telephone Field,recover-20221013,001,1795
1506.0095,1506.0515,68437,82809,Rhinolophus ferrumequinum,0.024,0.024,-1,Echolocation,/mnt/ubna_data_02_mir/recover-20221013/UBNA_001/20221012_030000.WAV,Telephone Field,recover-20221013,001,1795
1506.0245,1506.0694,68437,84081,Rhinolophus ferrumequinum,0.039,0.039,-1,Echolocation,/mnt/ubna_data_02_mir/recover-20221013/UBNA_001/20221012_030000.WAV,Telephone Field,recover-20221013,001,1795
1506.0475,1506.0877,68437,82388,Rhinolophus ferrumequinum,0.024,0.024,-1,Echolocation,/mnt/ubna_data_02_mir/recover-20221013/UBNA_001/20221012_030000.WAV,Telephone Field,recover-20221013,001,1795
1506.0565,1506.0634,27187,41099,Eptesicus serotinus,0.006,0.026,-1,Echolocation,/mnt/ubna_data_02_mir/recover-20221013/UBNA_001/20221012_030000.WAV,Telephone Field,recover-20221013,001,1795
1506.0715,1506.113,68437,82615,Rhinolophus ferrumequinum,0.034,0.034,-1,Echolocation,/mnt/ubna_data_02_mir/recover-20221013/UBNA_001/20221012_030000.WAV,Telephone Field,recover-20221013,001,1795
1506.1325,1506.144,26328,32107,Eptesicus serotinus,0.011,0.025,-1,Echolocation,/mnt/ubna_data_02_mir/recover-20221013/UBNA_001/20221012_030000.WAV,Telephone Field,recover-20221013,001,1795
1506.1405,1506.15,28046,35831,Eptesicus serotinus,0.01,0.025,-1,Echolocation,/mnt/ubna_data_02_mir/recover-20221013/UBNA_001/20221012_030000.WAV,Telephone Field,recover-20221013,001,1795
1506.1665,1506.212,68437,83530,Rhinolophus ferrumequinum,0.049,0.049,-1,Echolocation,/mnt/ubna_data_02_mir/recover-20221013/UBNA_001/20221012_030000.WAV,Telephone Field,recover-20221013,001,1795
1506.1705,1506.1796,28046,38347,Eptesicus serotinus,0.009,0.023,-1,Echolocation,/mnt/ubna_data_02_mir/recover-20221013/UBNA_001/20221012_030000.WAV,Telephone Field,recover-20221013,001,1795
1506.1915,1506.234,68437,83037,Rhinolophus ferrumequinum,0.042,0.043,-1,Echolocation,/mnt/ubna_data_02_mir/recover-20221013/UBNA_001/20221012_030000.WAV,Telephone Field,recover-20221013,001,1795
1506.2635,1506.2985,68437,81509,Rhinolophus ferrumequinum,0.031,0.031,-1,Echolocation,/mnt/ubna_data_02_mir/recover-20221013/UBNA_001/20221012_030000.WAV,Telephone Field,recover-20221013,001,1795
1506.2865,1506.3253,68437,82478,Rhinolophus ferrumequinum,0.022,0.022,-1,Echolocation,/mnt/ubna_data_02_mir/recover-20221013/UBNA_001/20221012_030000.WAV,Telephone Field,recover-20221013,001,1795
1506.3985,1506.4085,23750,30755,Nyctalus leisleri,0.009,0.026,-1,Echolocation,/mnt/ubna_data_02_mir/recover-20221013/UBNA_001/20221012_030000.WAV,Telephone Field,recover-20221013,001,1795
1506.4445,1506.4848,68437,82363,Rhinolophus ferrumequinum,0.026,0.026,-1,Echolocation,/mnt/ubna_data_02_mir/recover-20221013/UBNA_001/20221012_030000.WAV,Telephone Field,recover-20221013,001,1795
1506.4565,1506.4981,68437,82783,Rhinolophus ferrumequinum,0.023,0.023,-1,Echolocation,/mnt/ubna_data_02_mir/recover-20221013/UBNA_001/20221012_030000.WAV,Telephone Field,recover-20221013,001,1795
1506.4605,1506.4728,22890,28699,Nyctalus leisleri,0.018,0.038,-1,Echolocation,/mnt/ubna_data_02_mir/recover-20221013/UBNA_001/20221012_030000.WAV,Telephone Field,recover-20221013,001,1795
1506.4665,1506.4769,28906,35484,Eptesicus serotinus,0.01,0.027,-1,Echolocation,/mnt/ubna_data_02_mir/recover-20221013/UBNA_001/20221012_030000.WAV,Telephone Field,recover-20221013,001,1795
1506.4865,1506.526,68437,82383,Rhinolophus ferrumequinum,0.023,0.023,-1,Echolocation,/mnt/ubna_data_02_mir/recover-20221013/UBNA_001/20221012_030000.WAV,Telephone Field,recover-20221013,001,1795
1506.5025,1506.5078,34921,44949,Myotis daubentonii,0.01,0.026,-1,Echolocation,/mnt/ubna_data_02_mir/recover-20221013/UBNA_001/20221012_030000.WAV,Telephone Field,recover-20221013,001,1795
1506.5035,1506.511,28046,41770,Eptesicus serotinus,0.007,0.023,-1,Echolocation,/mnt/ubna_data_02_mir/recover-20221013/UBNA_001/20221012_030000.WAV,Telephone Field,recover-20221013,001,1795
1506.5115,1506.5529,68437,82041,Rhinolophus ferrumequinum,0.025,0.025,-1,Echolocation,/mnt/ubna_data_02_mir/recover-20221013/UBNA_001/20221012_030000.WAV,Telephone Field,recover-20221013,001,1795
1506.5665,1506.6094,68437,82891,Rhinolophus ferrumequinum,0.033,0.033,-1,Echolocation,/mnt/ubna_data_02_mir/recover-20221013/UBNA_001/20221012_030000.WAV,Telephone Field,recover-20221013,001,1795
1506.6005,1506.6363,68437,81407,Rhinolophus ferrumequinum,0.022,0.022,-1,Echolocation,/mnt/ubna_data_02_mir/recover-20221013/UBNA_001/20221012_030000.WAV,Telephone Field,recover-20221013,001,1795
1506.6145,1506.6215,27187,38930,Eptesicus serotinus,0.006,0.023,-1,Echolocation,/mnt/ubna_data_02_mir/recover-20221013/UBNA_001/20221012_030000.WAV,Telephone Field,recover-20221013,001,1795
1506.6345,1506.6753,68437,82513,Rhinolophus ferrumequinum,0.023,0.023,-1,Echolocation,/mnt/ubna_data_02_mir/recover-20221013/UBNA_001/20221012_030000.WAV,Telephone Field,recover-20221013,001,1795
1506.7355,1506.7694,68437,80920,Rhinolophus ferrumequinum,0.022,0.022,-1,Echolocation,/mnt/ubna_data_02_mir/recover-20221013/UBNA_001/20221012_030000.WAV,Telephone Field,recover-20221013,001,1795
1506.7655,1506.8065,68437,82863,Rhinolophus ferrumequinum,0.03,0.03,-1,Echolocation,/mnt/ubna_data_02_mir/recover-20221013/UBNA_001/20221012_030000.WAV,Telephone Field,recover-20221013,001,1795
1506.7755,1506.7839,28046,37252,Eptesicus serotinus,0.008,0.025,-1,Echolocation,/mnt/ubna_data_02_mir/recover-20221013/UBNA_001/20221012_030000.WAV,Telephone Field,recover-20221013,001,1795
1506.8275,1506.8684,68437,82987,Rhinolophus ferrumequinum,0.025,0.025,-1,Echolocation,/mnt/ubna_data_02_mir/recover-20221013/UBNA_001/20221012_030000.WAV,Telephone Field,recover-20221013,001,1795
1506.8545,1506.8617,26328,35311,Eptesicus serotinus,0.007,0.022,-1,Echolocation,/mnt/ubna_data_02_mir/recover-20221013/UBNA_001/20221012_030000.WAV,Telephone Field,recover-20221013,001,1795
1506.8565,1506.904,68437,83921,Rhinolophus ferrumequinum,0.048,0.048,-1,Echolocation,/mnt/ubna_data_02_mir/recover-20221013/UBNA_001/20221012_030000.WAV,Telephone Field,recover-20221013,001,1795
1506.8955,1506.9331,68437,82066,Rhinolophus ferrumequinum,0.026,0.026,-1,Echolocation,/mnt/ubna_data_02_mir/recover-20221013/UBNA_001/20221012_030000.WAV,Telephone Field,recover-20221013,001,1795
1506.9305,1506.9386,28046,39000,Eptesicus serotinus,0.009,0.029,-1,Echolocation,/mnt/ubna_data_02_mir/recover-20221013/UBNA_001/20221012_030000.WAV,Telephone Field,recover-20221013,001,1795
1506.9435,1506.9833,68437,82543,Rhinolophus ferrumequinum,0.029,0.029,-1,Echolocation,/mnt/ubna_data_02_mir/recover-20221013/UBNA_001/20221012_030000.WAV,Telephone Field,recover-20221013,001,1795
1506.9635,1506.9986,68437,81784,Rhinolophus ferrumequinum,0.023,0.023,-1,Echolocation,/mnt/ubna_data_02_mir/recover-20221013/UBNA_001/20221012_030000.WAV,Telephone Field,recover-20221013,001,1795
1506.9995,1507.0381,68437,81787,Rhinolophus ferrumequinum,0.029,0.029,-1,Echolocation,/mnt/ubna_data_02_mir/recover-20221013/UBNA_001/20221012_030000.WAV,Telephone Field,recover-20221013,001,1795
1507.0355,1507.0746,68437,81837,Rhinolophus ferrumequinum,0.027,0.027,-1,Echolocation,/mnt/ubna_data_02_mir/recover-20221013/UBNA_001/20221012_030000.WAV,Telephone Field,recover-20221013,001,1795
1507.0395,1507.0448,38359,62664,Myotis brandtii,0.008,0.028,-1,Echolocation,/mnt/ubna_data_02_mir/recover-20221013/UBNA_001/20221012_030000.WAV,Telephone Field,recover-20221013,001,1795
1507.0465,1507.0536,35781,44671,Myotis daubentonii,0.013,0.032,-1,Echolocation,/mnt/ubna_data_02_mir/recover-20221013/UBNA_001/20221012_030000.WAV,Telephone Field,recover-20221013,001,1795
1507.0475,1507.0533,25468,43908,Plecotus austriacus,0.008,0.031,-1,Echolocation,/mnt/ubna_data_02_mir/recover-20221013/UBNA_001/20221012_030000.WAV,Telephone Field,recover-20221013,001,1795
1507.0595,1507.0695,22031,27164,Nyctalus leisleri,0.01,0.024,-1,Echolocation,/mnt/ubna_data_02_mir/recover-20221013/UBNA_001/20221012_030000.WAV,Telephone Field,recover-20221013,001,1795
1507.0795,1507.0858,34921,44830,Myotis daubentonii,0.01,0.023,-1,Echolocation,/mnt/ubna_data_02_mir/recover-20221013/UBNA_001/20221012_030000.WAV,Telephone Field,recover-20221013,001,1795
1507.0935,1507.1386,68437,82700,Rhinolophus ferrumequinum,0.045,0.045,-1,Echolocation,/mnt/ubna_data_02_mir/recover-20221013/UBNA_001/20221012_030000.WAV,Telephone Field,recover-20221013,001,1795
1507.0965,1507.1063,27187,35658,Eptesicus serotinus,0.012,0.026,-1,Echolocation,/mnt/ubna_data_02_mir/recover-20221013/UBNA_001/20221012_030000.WAV,Telephone Field,recover-20221013,001,1795
1507.1125,1507.1512,68437,82648,Rhinolophus ferrumequinum,0.026,0.026,-1,Echolocation,/mnt/ubna_data_02_mir/recover-20221013/UBNA_001/20221012_030000.WAV,Telephone Field,recover-20221013,001,1795
1507.1225,1507.1611,68437,81942,Rhinolophus ferrumequinum,0.024,0.024,-1,Echolocation,/mnt/ubna_data_02_mir/recover-20221013/UBNA_001/20221012_030000.WAV,Telephone Field,recover-20221013,001,1795
1507.1275,1507.1366,28906,38935,Eptesicus serotinus,0.008,0.023,-1,Echolocation,/mnt/ubna_data_02_mir/recover-20221013/UBNA_001/20221012_030000.WAV,Telephone Field,recover-20221013,001,1795
1507.1885,1507.2044,21171,25670,Nyctalus leisleri,0.016,0.032,-1,Echolocation,/mnt/ubna_data_02_mir/recover-20221013/UBNA_001/20221012_030000.WAV,Telephone Field,recover-20221013,001,1795
1507.1925,1507.2007,27187,36175,Eptesicus serotinus,0.009,0.026,-1,Echolocation,/mnt/ubna_data_02_mir/recover-20221013/UBNA_001/20221012_030000.WAV,Telephone Field,recover-20221013,001,1795
1507.2175,1507.2246,46953,55063,Pipistrellus pipistrellus,0.017,0.026,-1,Echolocation,/mnt/ubna_data_02_mir/recover-20221013/UBNA_001/20221012_030000.WAV,Telephone Field,recover-20221013,001,1795
1507.2385,1507.2784,68437,83076,Rhinolophus ferrumequinum,0.022,0.022,-1,Echolocation,/mnt/ubna_data_02_mir/recover-20221013/UBNA_001/20221012_030000.WAV,Telephone Field,recover-20221013,001,1795
1507.2885,1507.3267,68437,81926,Rhinolophus ferrumequinum,0.023,0.023,-1,Echolocation,/mnt/ubna_data_02_mir/recover-20221013/UBNA_001/20221012_030000.WAV,Telephone Field,recover-20221013,001,1795
1507.3085,1507.3483,68437,82835,Rhinolophus ferrumequinum,0.025,0.025,-1,Echolocation,/mnt/ubna_data_02_mir/recover-20221013/UBNA_001/20221012_030000.WAV,Telephone Field,recover-20221013,001,1795
1507.3305,1507.3392,28906,39401,Eptesicus serotinus,0.008,0.025,-1,Echolocation,/mnt/ubna_data_02_mir/recover-20221013/UBNA_001/20221012_030000.WAV,Telephone Field,recover-20221013,001,1795
1507.3565,1507.3644,28906,38059,Eptesicus serotinus,0.009,0.026,-1,Echolocation,/mnt/ubna_data_02_mir/recover-20221013/UBNA_001/20221012_030000.WAV,Telephone Field,recover-20221013,001,1795
1507.3735,1507.4092,68437,81244,Rhinolophus ferrumequinum,0.023,0.023,-1,Echolocation,/mnt/ubna_data_02_mir/recover-20221013/UBNA_001/20221012_030000.WAV,Telephone Field,recover-20221013,001,1795
1507.3865,1507.3964,28046,37893,Eptesicus serotinus,0.011,0.027,-1,Echolocation,/mnt/ubna_data_02_mir/recover-20221013/UBNA_001/20221012_030000.WAV,Telephone Field,recover-20221013,001,1795
1507.4105,1507.4489,68437,81896,Rhinolophus ferrumequinum,0.023,0.023,-1,Echolocation,/mnt/ubna_data_02_mir/recover-20221013/UBNA_001/20221012_030000.WAV,Telephone Field,recover-20221013,001,1795
1507.4445,1507.4846,68437,82575,Rhinolophus ferrumequinum,0.026,0.026,-1,Echolocation,/mnt/ubna_data_02_mir/recover-20221013/UBNA_001/20221012_030000.WAV,Telephone Field,recover-20221013,001,1795
1507.5045,1507.5152,25468,31845,Nyctalus leisleri,0.012,0.028,-1,Echolocation,/mnt/ubna_data_02_mir/recover-20221013/UBNA_001/20221012_030000.WAV,Telephone Field,recover-20221013,001,1795
1507.5425,1507.5789,68437,81166,Rhinolophus ferrumequinum,0.024,0.024,-1,Echolocation,/mnt/ubna_data_02_mir/recover-20221013/UBNA_001/20221012_030000.WAV,Telephone Field,recover-20221013,001,1795
1507.5575,1507.6018,68437,83086,Rhinolophus ferrumequinum,0.063,0.063,-1,Echolocation,/mnt/ubna_data_02_mir/recover-20221013/UBNA_001/20221012_030000.WAV,Telephone Field,recover-20221013,001,1795
1507.5845,1507.6292,68437,83051,Rhinolophus ferrumequinum,0.046,0.046,-1,Echolocation,/mnt/ubna_data_02_mir/recover-20221013/UBNA_001/20221012_030000.WAV,Telephone Field,recover-20221013,001,1795
1507.5975,1507.6355,68437,81837,Rhinolophus ferrumequinum,0.022,0.022,-1,Echolocation,/mnt/ubna_data_02_mir/recover-20221013/UBNA_001/20221012_030000.WAV,Telephone Field,recover-20221013,001,1795
1507.6435,1507.6847,68437,82965,Rhinolophus ferrumequinum,0.025,0.025,-1,Echolocation,/mnt/ubna_data_02_mir/recover-20221013/UBNA_001/20221012_030000.WAV,Telephone Field,recover-20221013,001,1795
1507.6555,1507.6959,68437,82164,Rhinolophus ferrumequinum,0.023,0.023,-1,Echolocation,/mnt/ubna_data_02_mir/recover-20221013/UBNA_001/20221012_030000.WAV,Telephone Field,recover-20221013,001,1795
1507.7215,1507.7597,68437,82117,Rhinolophus ferrumequinum,0.027,0.027,-1,Echolocation,/mnt/ubna_data_02_mir/recover-20221013/UBNA_001/20221012_030000.WAV,Telephone Field,recover-20221013,001,1795
1507.7585,1507.7968,68437,82091,Rhinolophus ferrumequinum,0.024,0.024,-1,Echolocation,/mnt/ubna_data_02_mir/recover-20221013/UBNA_001/20221012_030000.WAV,Telephone Field,recover-20221013,001,1795
1507.7665,1507.7754,23750,31757,Plecotus austriacus,0.007,0.023,-1,Echolocation,/mnt/ubna_data_02_mir/recover-20221013/UBNA_001/20221012_030000.WAV,Telephone Field,recover-20221013,001,1795
1507.7835,1507.823,68437,82284,Rhinolophus ferrumequinum,0.026,0.026,-1,Echolocation,/mnt/ubna_data_02_mir/recover-20221013/UBNA_001/20221012_030000.WAV,Telephone Field,recover-20221013,001,1795
1507.8115,1507.8219,23750,30017,Nyctalus leisleri,0.01,0.023,-1,Echolocation,/mnt/ubna_data_02_mir/recover-20221013/UBNA_001/20221012_030000.WAV,Telephone Field,recover-20221013,001,1795
1507.8225,1507.8574,68437,81496,Rhinolophus ferrumequinum,0.026,0.026,-1,Echolocation,/mnt/ubna_data_02_mir/recover-20221013/UBNA_001/20221012_030000.WAV,Telephone Field,recover-20221013,001,1795
1507.8335,1507.8713,68437,81577,Rhinolophus ferrumequinum,0.022,0.022,-1,Echolocation,/mnt/ubna_data_02_mir/recover-20221013/UBNA_001/20221012_030000.WAV,Telephone Field,recover-20221013,001,1795
1507.8485,1507.8858,68437,81485,Rhinolophus ferrumequinum,0.022,0.023,-1,Echolocation,/mnt/ubna_data_02_mir/recover-20221013/UBNA_001/20221012_030000.WAV,Telephone Field,recover-20221013,001,1795
1507.8715,1507.91,68437,81697,Rhinolophus ferrumequinum,0.025,0.025,-1,Echolocation,/mnt/ubna_data_02_mir/recover-20221013/UBNA_001/20221012_030000.WAV,Telephone Field,recover-20221013,001,1795
1507.9065,1507.9464,68437,82872,Rhinolophus ferrumequinum,0.024,0.024,-1,Echolocation,/mnt/ubna_data_02_mir/recover-20221013/UBNA_001/20221012_030000.WAV,Telephone Field,recover-20221013,001,1795
1507.9295,1507.9696,68437,82375,Rhinolophus ferrumequinum,0.024,0.024,-1,Echolocation,/mnt/ubna_data_02_mir/recover-20221013/UBNA_001/20221012_030000.WAV,Telephone Field,recover-20221013,001,1795
1507.9375,1507.9451,28046,39058,Eptesicus serotinus,0.007,0.024,-1,Echolocation,/mnt/ubna_data_02_mir/recover-20221013/UBNA_001/20221012_030000.WAV,Telephone Field,recover-20221013,001,1795
1507.9655,1507.9772,23750,29752,Nyctalus leisleri,0.018,0.038,-1,Echolocation,/mnt/ubna_data_02_mir/recover-20221013/UBNA_001/20221012_030000.WAV,Telephone Field,recover-20221013,001,1795
1508.0015,1508.0306,68437,80227,Rhinolophus ferrumequinum,0.025,0.025,-1,Echolocation,/mnt/ubna_data_02_mir/recover-20221013/UBNA_001/20221012_030000.WAV,Telephone Field,recover-20221013,001,1795
1508.0025,1508.0139,22890,27699,Nyctalus leisleri,0.023,0.042,-1,Echolocation,/mnt/ubna_data_02_mir/recover-20221013/UBNA_001/20221012_030000.WAV,Telephone Field,recover-20221013,001,1795
1508.0155,1508.056,68437,83121,Rhinolophus ferrumequinum,0.031,0.031,-1,Echolocation,/mnt/ubna_data_02_mir/recover-20221013/UBNA_001/20221012_030000.WAV,Telephone Field,recover-20221013,001,1795
1508.0445,1508.0819,68437,81127,Rhinolophus ferrumequinum,0.022,0.022,-1,Echolocation,/mnt/ubna_data_02_mir/recover-20221013/UBNA_001/20221012_030000.WAV,Telephone Field,recover-20221013,001,1795
1508.0525,1508.0613,25468,33955,Eptesicus serotinus,0.008,0.024,-1,Echolocation,/mnt/ubna_data_02_mir/recover-20221013/UBNA_001/20221012_030000.WAV,Telephone Field,recover-20221013,001,1795
1508.0685,1508.1089,68437,82418,Rhinolophus ferrumequinum,0.023,0.023,-1,Echolocation,/mnt/ubna_data_02_mir/recover-20221013/UBNA_001/20221012_030000.WAV,Telephone Field,recover-20221013,001,1795
1508.0825,1508.1233,68437,82789,Rhinolophus ferrumequinum,0.024,0.024,-1,Echolocation,/mnt/ubna_data_02_mir/recover-20221013/UBNA_001/20221012_030000.WAV,Telephone Field,recover-20221013,001,1795
1508.0895,1508.0998,24609,32226,Nyctalus leisleri,0.009,0.025,-1,Echolocation,/mnt/ubna_data_02_mir/recover-20221013/UBNA_001/20221012_030000.WAV,Telephone Field,recover-20221013,001,1795
1508.1115,1508.12,28906,39752,Eptesicus serotinus,0.008,0.024,-1,Echolocation,/mnt/ubna_data_02_mir/recover-20221013/UBNA_001/20221012_030000.WAV,Telephone Field,recover-20221013,001,1795
1508.1405,1508.1807,68437,82128,Rhinolophus ferrumequinum,0.022,0.022,-1,Echolocation,/mnt/ubna_data_02_mir/recover-20221013/UBNA_001/20221012_030000.WAV,Telephone Field,recover-20221013,001,1795
1508.1475,1508.1658,20312,23830,Nyctalus leisleri,0.016,0.027,-1,Echolocation,/mnt/ubna_data_02_mir/recover-20221013/UBNA_001/20221012_030000.WAV,Telephone Field,recover-20221013,001,1795
1508.1845,1508.2236,68437,82084,Rhinolophus ferrumequinum,0.022,0.022,-1,Echolocation,/mnt/ubna_data_02_mir/recover-20221013/UBNA_001/20221012_030000.WAV,Telephone Field,recover-20221013,001,1795
1508.1955,1508.2323,68437,82398,Rhinolophus ferrumequinum,0.024,0.024,-1,Echolocation,/mnt/ubna_data_02_mir/recover-20221013/UBNA_001/20221012_030000.WAV,Telephone Field,recover-20221013,001,1795
1508.2005,1508.2084,46093,56155,Pipistrellus pipistrellus,0.016,0.024,-1,Echolocation,/mnt/ubna_data_02_mir/recover-20221013/UBNA_001/20221012_030000.WAV,Telephone Field,recover-20221013,001,1795
1508.2515,1508.2917,68437,81994,Rhinolophus ferrumequinum,0.023,0.023,-1,Echolocation,/mnt/ubna_data_02_mir/recover-20221013/UBNA_001/20221012_030000.WAV,Telephone Field,recover-20221013,001,1795
1508.2605,1508.2699,23750,31120,Nyctalus leisleri,0.008,0.025,-1,Echolocation,/mnt/ubna_data_02_mir/recover-20221013/UBNA_001/20221012_030000.WAV,Telephone Field,recover-20221013,001,1795
1508.2805,1508.3176,68437,80815,Rhinolophus ferrumequinum,0.025,0.025,-1,Echolocation,/mnt/ubna_data_02_mir/recover-20221013/UBNA_001/20221012_030000.WAV,Telephone Field,recover-20221013,001,1795
1508.3025,1508.3107,25468,33510,Eptesicus serotinus,0.007,0.022,-1,Echolocation,/mnt/ubna_data_02_mir/recover-20221013/UBNA_001/20221012_030000.WAV,Telephone Field,recover-20221013,001,1795
1508.3075,1508.3158,28046,36573,Eptesicus serotinus,0.007,0.022,-1,Echolocation,/mnt/ubna_data_02_mir/recover-20221013/UBNA_001/20221012_030000.WAV,Telephone Field,recover-20221013,001,1795
1508.3215,1508.3283,40078,52669,Myotis mystacinus,0.007,0.029,-1,Echolocation,/mnt/ubna_data_02_mir/recover-20221013/UBNA_001/20221012_030000.WAV,Telephone Field,recover-20221013,001,1795
1508.3395,1508.3749,68437,80996,Rhinolophus ferrumequinum,0.025,0.025,-1,Echolocation,/mnt/ubna_data_02_mir/recover-20221013/UBNA_001/20221012_030000.WAV,Telephone Field,recover-20221013,001,1795
1508.3495,1508.3558,24609,36462,Plecotus austriacus,0.009,0.025,-1,Echolocation,/mnt/ubna_data_02_mir/recover-20221013/UBNA_001/20221012_030000.WAV,Telephone Field,recover-20221013,001,1795
1508.3685,1508.4075,68437,81699,Rhinolophus ferrumequinum,0.027,0.027,-1,Echolocation,/mnt/ubna_data_02_mir/recover-20221013/UBNA_001/20221012_030000.WAV,Telephone Field,recover-20221013,001,1795
1508.3815,1508.3899,27187,43358,Eptesicus serotinus,0.007,0.022,-1,Echolocation,/mnt/ubna_data_02_mir/recover-20221013/UBNA_001/20221012_030000.WAV,Telephone Field,recover-20221013,001,1795
1508.4035,1508.4108,26328,37557,Eptesicus serotinus,0.005,0.022,-1,Echolocation,/mnt/ubna_data_02_mir/recover-20221013/UBNA_001/20221012_030000.WAV,Telephone Field,recover-20221013,001,1795
1508.4195,1508.4615,68437,82987,Rhinolophus ferrumequinum,0.03,0.03,-1,Echolocation,/mnt/ubna_data_02_mir/recover-20221013/UBNA_001/20221012_030000.WAV,Telephone Field,recover-20221013,001,1795
1508.4265,1508.4344,47812,53211,Pipistrellus pipistrellus,0.023,0.025,-1,Echolocation,/mnt/ubna_data_02_mir/recover-20221013/UBNA_001/20221012_030000.WAV,Telephone Field,recover-20221013,001,1795
1508.4635,1508.4717,28046,38272,Eptesicus serotinus,0.009,0.026,-1,Echolocation,/mnt/ubna_data_02_mir/recover-20221013/UBNA_001/20221012_030000.WAV,Telephone Field,recover-20221013,001,1795
1508.4895,1508.5304,68437,82237,Rhinolophus ferrumequinum,0.028,0.029,-1,Echolocation,/mnt/ubna_data_02_mir/recover-20221013/UBNA_001/20221012_030000.WAV,Telephone Field,recover-20221013,001,1795
1508.5175,1508.526,44375,49925,Pipistrellus pipistrellus,0.035,0.041,-1,Echolocation,/mnt/ubna_data_02_mir/recover-20221013/UBNA_001/20221012_030000.WAV,Telephone Field,recover-20221013,001,1795
1508.5435,1508.5835,68437,82359,Rhinolophus ferrumequinum,0.034,0.034,-1,Echolocation,/mnt/ubna_data_02_mir/recover-20221013/UBNA_001/20221012_030000.WAV,Telephone Field,recover-20221013,001,1795
1508.5475,1508.5579,28906,36937,Eptesicus serotinus,0.009,0.027,-1,Echolocation,/mnt/ubna_data_02_mir/recover-20221013/UBNA_001/20221012_030000.WAV,Telephone Field,recover-20221013,001,1795
1508.5825,1508.5932,22031,26198,Nyctalus leisleri,0.014,0.024,-1,Echolocation,/mnt/ubna_data_02_mir/recover-20221013/UBNA_001/20221012_030000.WAV,Telephone Field,recover-20221013,001,1795
1508.5995,1508.6404,68437,82344,Rhinolophus ferrumequinum,0.025,0.025,-1,Echolocation,/mnt/ubna_data_02_mir/recover-20221013/UBNA_001/20221012_030000.WAV,Telephone Field,recover-20221013,001,1795
1508.6055,1508.6462,68437,82149,Rhinolophus ferrumequinum,0.023,0.023,-1,Echolocation,/mnt/ubna_data_02_mir/recover-20221013/UBNA_001/20221012_030000.WAV,Telephone Field,recover-20221013,001,1795
1508.6075,1508.6205,51250,56738,Pipistrellus pipistrellus,0.037,0.043,-1,Echolocation,/mnt/ubna_data_02_mir/recover-20221013/UBNA_001/20221012_030000.WAV,Telephone Field,recover-20221013,001,1795
1508.6105,1508.6205,28046,40818,Eptesicus serotinus,0.009,0.023,-1,Echolocation,/mnt/ubna_data_02_mir/recover-20221013/UBNA_001/20221012_030000.WAV,Telephone Field,recover-20221013,001,1795
1508.6195,1508.6308,22890,27298,Nyctalus leisleri,0.013,0.023,-1,Echolocation,/mnt/ubna_data_02_mir/recover-20221013/UBNA_001/20221012_030000.WAV,Telephone Field,recover-20221013,001,1795
1508.6325,1508.6702,68437,82040,Rhinolophus ferrumequinum,0.026,0.026,-1,Echolocation,/mnt/ubna_data_02_mir/recover-20221013/UBNA_001/20221012_030000.WAV,Telephone Field,recover-20221013,001,1795
1508.6665,1508.6767,23750,31003,Nyctalus leisleri,0.01,0.027,-1,Echolocation,/mnt/ubna_data_02_mir/recover-20221013/UBNA_001/20221012_030000.WAV,Telephone Field,recover-20221013,001,1795
1508.6665,1508.7059,68437,82213,Rhinolophus ferrumequinum,0.022,0.022,-1,Echolocation,/mnt/ubna_data_02_mir/recover-20221013/UBNA_001/20221012_030000.WAV,Telephone Field,recover-20221013,001,1795
1508.7105,1508.7239,22890,26797,Nyctalus leisleri,0.015,0.026,-1,Echolocation,/mnt/ubna_data_02_mir/recover-20221013/UBNA_001/20221012_030000.WAV,Telephone Field,recover-20221013,001,1795
1508.7225,1508.7276,37500,52826,Myotis daubentonii,0.008,0.03,-1,Echolocation,/mnt/ubna_data_02_mir/recover-20221013/UBNA_001/20221012_030000.WAV,Telephone Field,recover-20221013,001,1795
1508.7265,1508.7383,44375,48499,Pipistrellus pipistrellus,0.029,0.034,-1,Echolocation,/mnt/ubna_data_02_mir/recover-20221013/UBNA_001/20221012_030000.WAV,Telephone Field,recover-20221013,001,1795
1508.7475,1508.7872,68437,81950,Rhinolophus ferrumequinum,0.022,0.022,-1,Echolocation,/mnt/ubna_data_02_mir/recover-20221013/UBNA_001/20221012_030000.WAV,Telephone Field,recover-20221013,001,1795
1508.7565,1508.7664,22031,28030,Nyctalus leisleri,0.008,0.025,-1,Echolocation,/mnt/ubna_data_02_mir/recover-20221013/UBNA_001/20221012_030000.WAV,Telephone Field,recover-20221013,001,1795
1508.7755,1508.8137,68437,81537,Rhinolophus ferrumequinum,0.023,0.023,-1,Echolocation,/mnt/ubna_data_02_mir/recover-20221013/UBNA_001/20221012_030000.WAV,Telephone Field,recover-20221013,001,1795
1508.8035,1508.8421,68437,82000,Rhinolophus ferrumequinum,0.022,0.022,-1,Echolocation,/mnt/ubna_data_02_mir/recover-20221013/UBNA_001/20221012_030000.WAV,Telephone Field,recover-20221013,001,1795
1508.8145,1508.8483,68437,80843,Rhinolophus ferrumequinum,0.027,0.027,-1,Echolocation,/mnt/ubna_data_02_mir/recover-20221013/UBNA_001/20221012_030000.WAV,Telephone Field,recover-20221013,001,1795
1508.8345,1508.8723,68437,81822,Rhinolophus ferrumequinum,0.024,0.024,-1,Echolocation,/mnt/ubna_data_02_mir/recover-20221013/UBNA_001/20221012_030000.WAV,Telephone Field,recover-20221013,001,1795
1508.8425,1508.8503,26328,38186,Eptesicus serotinus,0.009,0.028,-1,Echolocation,/mnt/ubna_data_02_mir/recover-20221013/UBNA_001/20221012_030000.WAV,Telephone Field,recover-20221013,001,1795
1508.8635,1508.8748,22890,27556,Nyctalus leisleri,0.014,0.027,-1,Echolocation,/mnt/ubna_data_02_mir/recover-20221013/UBNA_001/20221012_030000.WAV,Telephone Field,recover-20221013,001,1795
1508.8925,1508.9005,27187,41197,Eptesicus serotinus,0.008,0.022,-1,Echolocation,/mnt/ubna_data_02_mir/recover-20221013/UBNA_001/20221012_030000.WAV,Telephone Field,recover-20221013,001,1795
1508.9175,1508.9565,68437,81305,Rhinolophus ferrumequinum,0.024,0.024,-1,Echolocation,/mnt/ubna_data_02_mir/recover-20221013/UBNA_001/20221012_030000.WAV,Telephone Field,recover-20221013,001,1795
1508.9175,1508.9256,28906,37503,Eptesicus serotinus,0.006,0.022,-1,Echolocation,/mnt/ubna_data_02_mir/recover-20221013/UBNA_001/20221012_030000.WAV,Telephone Field,recover-20221013,001,1795
1508.9275,1508.9722,68437,83109,Rhinolophus ferrumequinum,0.034,0.034,-1,Echolocation,/mnt/ubna_data_02_mir/recover-20221013/UBNA_001/20221012_030000.WAV,Telephone Field,recover-20221013,001,1795
1508.9535,1508.9925,68437,82187,Rhinolophus ferrumequinum,0.023,0.023,-1,Echolocation,/mnt/ubna_data_02_mir/recover-20221013/UBNA_001/20221012_030000.WAV,Telephone Field,recover-20221013,001,1795
1508.9575,1508.9662,28906,38655,Eptesicus serotinus,0.007,0.024,-1,Echolocation,/mnt/ubna_data_02_mir/recover-20221013/UBNA_001/20221012_030000.WAV,Telephone Field,recover-20221013,001,1795
1508.9805,1509.0205,68437,82717,Rhinolophus ferrumequinum,0.025,0.025,-1,Echolocation,/mnt/ubna_data_02_mir/recover-20221013/UBNA_001/20221012_030000.WAV,Telephone Field,recover-20221013,001,1795
1509.0155,1509.0567,68437,82185,Rhinolophus ferrumequinum,0.026,0.026,-1,Echolocation,/mnt/ubna_data_02_mir/recover-20221013/UBNA_001/20221012_030000.WAV,Telephone Field,recover-20221013,001,1795
1509.0205,1509.0303,26328,34050,Eptesicus serotinus,0.01,0.026,-1,Echolocation,/mnt/ubna_data_02_mir/recover-20221013/UBNA_001/20221012_030000.WAV,Telephone Field,recover-20221013,001,1795
1509.1015,1509.1386,68437,81303,Rhinolophus ferrumequinum,0.029,0.029,-1,Echolocation,/mnt/ubna_data_02_mir/recover-20221013/UBNA_001/20221012_030000.WAV,Telephone Field,recover-20221013,001,1795
1509.1235,1509.162,68437,81766,Rhinolophus ferrumequinum,0.025,0.025,-1,Echolocation,/mnt/ubna_data_02_mir/recover-20221013/UBNA_001/20221012_030000.WAV,Telephone Field,recover-20221013,001,1795
1509.1275,1509.1383,21171,26186,Nyctalus leisleri,0.011,0.028,-1,Echolocation,/mnt/ubna_data_02_mir/recover-20221013/UBNA_001/20221012_030000.WAV,Telephone Field,recover-20221013,001,1795
1509.1585,1509.1986,68437,82179,Rhinolophus ferrumequinum,0.022,0.022,-1,Echolocation,/mnt/ubna_data_02_mir/recover-20221013/UBNA_001/20221012_030000.WAV,Telephone Field,recover-20221013,001,1795
1509.1875,1509.2231,68437,80757,Rhinolophus ferrumequinum,0.023,0.023,-1,Echolocation,/mnt/ubna_data_02_mir/recover-20221013/UBNA_001/20221012_030000.WAV,Telephone Field,recover-20221013,001,1795
1509.2085,1509.2494,68437,82350,Rhinolophus ferrumequinum,0.022,0.022,-1,Echolocation,/mnt/ubna_data_02_mir/recover-20221013/UBNA_001/20221012_030000.WAV,Telephone Field,recover-20221013,001,1795
1509.2425,1509.2864,68437,82895,Rhinolophus ferrumequinum,0.042,0.042,-1,Echolocation,/mnt/ubna_data_02_mir/recover-20221013/UBNA_001/20221012_030000.WAV,Telephone Field,recover-20221013,001,1795
1509.2475,1509.2541,48671,58773,Pipistrellus pipistrellus,0.013,0.023,-1,Echolocation,/mnt/ubna_data_02_mir/recover-20221013/UBNA_001/20221012_030000.WAV,Telephone Field,recover-20221013,001,1795
1509.2625,1509.3002,68437,81632,Rhinolophus ferrumequinum,0.025,0.026,-1,Echolocation,/mnt/ubna_data_02_mir/recover-20221013/UBNA_001/20221012_030000.WAV,Telephone Field,recover-20221013,001,1795
1509.2715,1509.3117,68437,82264,Rhinolophus ferrumequinum,0.024,0.024,-1,Echolocation,/mnt/ubna_data_02_mir/recover-20221013/UBNA_001/20221012_030000.WAV,Telephone Field,recover-20221013,001,1795
1509.2735,1509.2837,28046,36327,Eptesicus serotinus,0.012,0.029,-1,Echolocation,/mnt/ubna_data_02_mir/recover-20221013/UBNA_001/20221012_030000.WAV,Telephone Field,recover-20221013,001,1795
1509.3265,1509.3371,23750,29637,Nyctalus leisleri,0.013,0.029,-1,Echolocation,/mnt/ubna_data_02_mir/recover-20221013/UBNA_001/20221012_030000.WAV,Telephone Field,recover-20221013,001,1795
1509.3315,1509.3416,28906,37238,Eptesicus serotinus,0.009,0.027,-1,Echolocation,/mnt/ubna_data_02_mir/recover-20221013/UBNA_001/20221012_030000.WAV,Telephone Field,recover-20221013,001,1795
1509.3905,1509.4293,68437,82144,Rhinolophus ferrumequinum,0.029,0.029,-1,Echolocation,/mnt/ubna_data_02_mir/recover-20221013/UBNA_001/20221012_030000.WAV,Telephone Field,recover-20221013,001,1795
1509.4095,1509.447,68437,81588,Rhinolophus ferrumequinum,0.022,0.022,-1,Echolocation,/mnt/ubna_data_02_mir/recover-20221013/UBNA_001/20221012_030000.WAV,Telephone Field,recover-20221013,001,1795
1509.4185,1509.4563,68437,81713,Rhinolophus ferrumequinum,0.023,0.023,-1,Echolocation,/mnt/ubna_data_02_mir/recover-20221013/UBNA_001/20221012_030000.WAV,Telephone Field,recover-20221013,001,1795
1509.4305,1509.4668,68437,82286,Rhinolophus ferrumequinum,0.027,0.027,-1,Echolocation,/mnt/ubna_data_02_mir/recover-20221013/UBNA_001/20221012_030000.WAV,Telephone Field,recover-20221013,001,1795
1509.4405,1509.4809,68437,82168,Rhinolophus ferrumequinum,0.027,0.027,-1,Echolocation,/mnt/ubna_data_02_mir/recover-20221013/UBNA_001/20221012_030000.WAV,Telephone Field,recover-20221013,001,1795
1509.4725,1509.4796,27187,42586,Eptesicus serotinus,0.006,0.023,-1,Echolocation,/mnt/ubna_data_02_mir/recover-20221013/UBNA_001/20221012_030000.WAV,Telephone Field,recover-20221013,001,1795
1509.5055,1509.515,31484,40790,Myotis daubentonii,0.007,0.023,-1,Echolocation,/mnt/ubna_data_02_mir/recover-20221013/UBNA_001/20221012_030000.WAV,Telephone Field,recover-20221013,001,1795
1509.5065,1509.5449,68437,82015,Rhinolophus ferrumequinum,0.023,0.023,-1,Echolocation,/mnt/ubna_data_02_mir/recover-20221013/UBNA_001/20221012_030000.WAV,Telephone Field,recover-20221013,001,1795
1509.5115,1509.5485,68437,81747,Rhinolophus ferrumequinum,0.023,0.023,-1,Echolocation,/mnt/ubna_data_02_mir/recover-20221013/UBNA_001/20221012_030000.WAV,Telephone Field,recover-20221013,001,1795
1509.5395,1509.551,33203,38614,Eptesicus serotinus,0.009,0.044,-1,Echolocation,/mnt/ubna_data_02_mir/recover-20221013/UBNA_001/20221012_030000.WAV,Telephone Field,recover-20221013,001,1795
1509.5725,1509.5862,23750,28990,Nyctalus leisleri,0.03,0.059,-1,Echolocation,/mnt/ubna_data_02_mir/recover-20221013/UBNA_001/20221012_030000.WAV,Telephone Field,recover-20221013,001,1795
1509.5785,1509.6227,68437,83671,Rhinolophus ferrumequinum,0.029,0.029,-1,Echolocation,/mnt/ubna_data_02_mir/recover-20221013/UBNA_001/20221012_030000.WAV,Telephone Field,recover-20221013,001,1795
1509.5975,1509.6088,22031,26536,Nyctalus leisleri,0.012,0.024,-1,Echolocation,/mnt/ubna_data_02_mir/recover-20221013/UBNA_001/20221012_030000.WAV,Telephone Field,recover-20221013,001,1795
1509.6205,1509.6278,50390,54824,Pipistrellus pipistrellus,0.023,0.025,-1,Echolocation,/mnt/ubna_data_02_mir/recover-20221013/UBNA_001/20221012_030000.WAV,Telephone Field,recover-20221013,001,1795
1509.6305,1509.6391,27187,36520,Eptesicus serotinus,0.007,0.022,-1,Echolocation,/mnt/ubna_data_02_mir/recover-20221013/UBNA_001/20221012_030000.WAV,Telephone Field,recover-20221013,001,1795
1509.6345,1509.6695,68437,81207,Rhinolophus ferrumequinum,0.022,0.022,-1,Echolocation,/mnt/ubna_data_02_mir/recover-20221013/UBNA_001/20221012_030000.WAV,Telephone Field,recover-20221013,001,1795
1509.6425,1509.6822,68437,82586,Rhinolophus ferrumequinum,0.026,0.026,-1,Echolocation,/mnt/ubna_data_02_mir/recover-20221013/UBNA_001/20221012_030000.WAV,Telephone Field,recover-20221013,001,1795
1509.6535,1509.6626,44375,51091,Pipistrellus pipistrellus,0.025,0.03,-1,Echolocation,/mnt/ubna_data_02_mir/recover-20221013/UBNA_001/20221012_030000.WAV,Telephone Field,recover-20221013,001,1795
1509.6575,1509.6977,68437,82291,Rhinolophus ferrumequinum,0.022,0.022,-1,Echolocation,/mnt/ubna_data_02_mir/recover-20221013/UBNA_001/20221012_030000.WAV,Telephone Field,recover-20221013,001,1795
1509.6735,1509.7089,68437,80214,Rhinolophus ferrumequinum,0.021,0.022,-1,Echolocation,/mnt/ubna_data_02_mir/recover-20221013/UBNA_001/20221012_030000.WAV,Telephone Field,recover-20221013,001,1795
1509.6805,1509.6913,28046,35075,Eptesicus serotinus,0.01,0.023,-1,Echolocation,/mnt/ubna_data_02_mir/recover-20221013/UBNA_001/20221012_030000.WAV,Telephone Field,recover-20221013,001,1795
1509.6875,1509.7004,22031,26303,Nyctalus leisleri,0.014,0.025,-1,Echolocation,/mnt/ubna_data_02_mir/recover-20221013/UBNA_001/20221012_030000.WAV,Telephone Field,recover-20221013,001,1795
1509.7015,1509.7413,68437,81850,Rhinolophus ferrumequinum,0.026,0.026,-1,Echolocation,/mnt/ubna_data_02_mir/recover-20221013/UBNA_001/20221012_030000.WAV,Telephone Field,recover-20221013,001,1795
1509.7375,1509.7484,23750,28600,Nyctalus leisleri,0.017,0.031,-1,Echolocation,/mnt/ubna_data_02_mir/recover-20221013/UBNA_001/20221012_030000.WAV,Telephone Field,recover-20221013,001,1795
1509.7705,1509.7803,46093,50686,Pipistrellus pipistrellus,0.027,0.028,-1,Echolocation,/mnt/ubna_data_02_mir/recover-20221013/UBNA_001/20221012_030000.WAV,Telephone Field,recover-20221013,001,1795
1509.7945,1509.8338,68437,82285,Rhinolophus ferrumequinum,0.025,0.025,-1,Echolocation,/mnt/ubna_data_02_mir/recover-20221013/UBNA_001/20221012_030000.WAV,Telephone Field,recover-20221013,001,1795
1509.8085,1509.8457,68437,82378,Rhinolophus ferrumequinum,0.022,0.022,-1,Echolocation,/mnt/ubna_data_02_mir/recover-20221013/UBNA_001/20221012_030000.WAV,Telephone Field,recover-20221013,001,1795
1509.8255,1509.8649,68437,81867,Rhinolophus ferrumequinum,0.024,0.024,-1,Echolocation,/mnt/ubna_data_02_mir/recover-20221013/UBNA_001/20221012_030000.WAV,Telephone Field,recover-20221013,001,1795
1509.8295,1509.8384,28046,39211,Eptesicus serotinus,0.009,0.025,-1,Echolocation,/mnt/ubna_data_02_mir/recover-20221013/UBNA_001/20221012_030000.WAV,Telephone Field,recover-20221013,001,1795
1509.8425,1509.8523,28906,35509,Eptesicus serotinus,0.009,0.026,-1,Echolocation,/mnt/ubna_data_02_mir/recover-20221013/UBNA_001/20221012_030000.WAV,Telephone Field,recover-20221013,001,1795
1509.8475,1509.8582,22890,27144,Nyctalus leisleri,0.014,0.025,-1,Echolocation,/mnt/ubna_data_02_mir/recover-20221013/UBNA_001/20221012_030000.WAV,Telephone Field,recover-20221013,001,1795
1509.8835,1509.9245,68437,82729,Rhinolophus ferrumequinum,0.026,0.026,-1,Echolocation,/mnt/ubna_data_02_mir/recover-20221013/UBNA_001/20221012_030000.WAV,Telephone Field,recover-20221013,001,1795
1509.8855,1509.8935,28046,43322,Eptesicus serotinus,0.008,0.024,-1,Echolocation,/mnt/ubna_data_02_mir/recover-20221013/UBNA_001/20221012_030000.WAV,Telephone Field,recover-20221013,001,1795
1509.9285,1509.9666,68437,81833,Rhinolophus ferrumequinum,0.023,0.023,-1,Echolocation,/mnt/ubna_data_02_mir/recover-20221013/UBNA_001/20221012_030000.WAV,Telephone Field,recover-20221013,001,1795
1509.9395,1509.9474,23750,32419,Plecotus austriacus,0.011,0.025,-1,Echolocation,/mnt/ubna_data_02_mir/recover-20221013/UBNA_001/20221012_030000.WAV,Telephone Field,recover-20221013,001,1795
1509.9555,1509.9665,26328,33686,Eptesicus serotinus,0.01,0.022,-1,Echolocation,/mnt/ubna_data_02_mir/recover-20221013/UBNA_001/20221012_030000.WAV,Telephone Field,recover-20221013,001,1795
1509.9735,1509.9806,29765,42190,Myotis daubentonii,0.008,0.022,-1,Echolocation,/mnt/ubna_data_02_mir/recover-20221013/UBNA_001/20221012_030000.WAV,Telephone Field,recover-20221013,001,1795
1510.0015,1510.0329,69296,80548,Rhinolophus ferrumequinum,0.031,0.032,-1,Echolocation,/mnt/ubna_data_02_mir/recover-20221013/UBNA_001/20221012_030000.WAV,Telephone Field,recover-20221013,001,1795
1510.0015,1510.0107,26328,37738,Nyctalus leisleri,0.009,0.033,-1,Echolocation,/mnt/ubna_data_02_mir/recover-20221013/UBNA_001/20221012_030000.WAV,Telephone Field,recover-20221013,001,1795
1510.0395,1510.0775,68437,81699,Rhinolophus ferrumequinum,0.021,0.021,-1,Echolocation,/mnt/ubna_data_02_mir/recover-20221013/UBNA_001/20221012_030000.WAV,Telephone Field,recover-20221013,001,1795
1510.0815,1510.1226,68437,82543,Rhinolophus ferrumequinum,0.023,0.023,-1,Echolocation,/mnt/ubna_data_02_mir/recover-20221013/UBNA_001/20221012_030000.WAV,Telephone Field,recover-20221013,001,1795
1510.1205,1510.1345,24609,29963,Nyctalus leisleri,0.014,0.033,-1,Echolocation,/mnt/ubna_data_02_mir/recover-20221013/UBNA_001/20221012_030000.WAV,Telephone Field,recover-20221013,001,1795
1510.1355,1510.1729,68437,81445,Rhinolophus ferrumequinum,0.023,0.023,-1,Echolocation,/mnt/ubna_data_02_mir/recover-20221013/UBNA_001/20221012_030000.WAV,Telephone Field,recover-20221013,001,1795
1510.1435,1510.1822,68437,82698,Rhinolophus ferrumequinum,0.029,0.029,-1,Echolocation,/mnt/ubna_data_02_mir/recover-20221013/UBNA_001/20221012_030000.WAV,Telephone Field,recover-20221013,001,1795
1510.1705,1510.2091,68437,82024,Rhinolophus ferrumequinum,0.021,0.022,-1,Echolocation,/mnt/ubna_data_02_mir/recover-20221013/UBNA_001/20221012_030000.WAV,Telephone Field,recover-20221013,001,1795
1510.1955,1510.2321,68437,81619,Rhinolophus ferrumequinum,0.023,0.023,-1,Echolocation,/mnt/ubna_data_02_mir/recover-20221013/UBNA_001/20221012_030000.WAV,Telephone Field,recover-20221013,001,1795
1510.2045,1510.244,68437,82779,Rhinolophus ferrumequinum,0.027,0.027,-1,Echolocation,/mnt/ubna_data_02_mir/recover-20221013/UBNA_001/20221012_030000.WAV,Telephone Field,recover-20221013,001,1795
1510.2155,1510.2275,22031,26699,Nyctalus leisleri,0.017,0.032,-1,Echolocation,/mnt/ubna_data_02_mir/recover-20221013/UBNA_001/20221012_030000.WAV,Telephone Field,recover-20221013,001,1795
1510.2955,1510.3324,68437,81380,Rhinolophus ferrumequinum,0.022,0.022,-1,Echolocation,/mnt/ubna_data_02_mir/recover-20221013/UBNA_001/20221012_030000.WAV,Telephone Field,recover-20221013,001,1795
1510.3035,1510.3396,68437,81610,Rhinolophus ferrumequinum,0.022,0.022,-1,Echolocation,/mnt/ubna_data_02_mir/recover-20221013/UBNA_001/20221012_030000.WAV,Telephone Field,recover-20221013,001,1795
1510.3125,1510.3513,68437,81874,Rhinolophus ferrumequinum,0.022,0.022,-1,Echolocation,/mnt/ubna_data_02_mir/recover-20221013/UBNA_001/20221012_030000.WAV,Telephone Field,recover-20221013,001,1795
1510.3195,1510.3289,45234,49410,Pipistrellus pipistrellus,0.024,0.027,-1,Echolocation,/mnt/ubna_data_02_mir/recover-20221013/UBNA_001/20221012_030000.WAV,Telephone Field,recover-20221013,001,1795
1510.3725,1510.3824,28906,36295,Eptesicus serotinus,0.008,0.023,-1,Echolocation,/mnt/ubna_data_02_mir/recover-20221013/UBNA_001/20221012_030000.WAV,Telephone Field,recover-20221013,001,1795
1510.4075,1510.4503,68437,82172,Rhinolophus ferrumequinum,0.031,0.031,-1,Echolocation,/mnt/ubna_data_02_mir/recover-20221013/UBNA_001/20221012_030000.WAV,Telephone Field,recover-20221013,001,1795
1510.4115,1510.4225,24609,30042,Nyctalus leisleri,0.015,0.032,-1,Echolocation,/mnt/ubna_data_02_mir/recover-20221013/UBNA_001/20221012_030000.WAV,Telephone Field,recover-20221013,001,1795
1510.4375,1510.4773,68437,82470,Rhinolophus ferrumequinum,0.023,0.023,-1,Echolocation,/mnt/ubna_data_02_mir/recover-20221013/UBNA_001/20221012_030000.WAV,Telephone Field,recover-20221013,001,1795
1510.4555,1510.4958,68437,82533,Rhinolophus ferrumequinum,0.025,0.026,-1,Echolocation,/mnt/ubna_data_02_mir/recover-20221013/UBNA_001/20221012_030000.WAV,Telephone Field,recover-20221013,001,1795
1510.4655,1510.5083,68437,83159,Rhinolophus ferrumequinum,0.036,0.036,-1,Echolocation,/mnt/ubna_data_02_mir/recover-20221013/UBNA_001/20221012_030000.WAV,Telephone Field,recover-20221013,001,1795
1510.4695,1510.478,23750,32558,Plecotus austriacus,0.012,0.028,-1,Echolocation,/mnt/ubna_data_02_mir/recover-20221013/UBNA_001/20221012_030000.WAV,Telephone Field,recover-20221013,001,1795
1510.4785,1510.4891,24609,30456,Nyctalus leisleri,0.012,0.028,-1,Echolocation,/mnt/ubna_data_02_mir/recover-20221013/UBNA_001/20221012_030000.WAV,Telephone Field,recover-20221013,001,1795
1510.5055,1510.5409,68437,81407,Rhinolophus ferrumequinum,0.022,0.022,-1,Echolocation,/mnt/ubna_data_02_mir/recover-20221013/UBNA_001/20221012_030000.WAV,Telephone Field,recover-20221013,001,1795
1510.5325,1510.5533,19453,22356,Nyctalus leisleri,0.016,0.029,-1,Echolocation,/mnt/ubna_data_02_mir/recover-20221013/UBNA_001/20221012_030000.WAV,Telephone Field,recover-20221013,001,1795
1510.5435,1510.5614,18593,21845,Nyctalus noctula,0.012,0.024,-1,Echolocation,/mnt/ubna_data_02_mir/recover-20221013/UBNA_001/20221012_030000.WAV,Telephone Field,recover-20221013,001,1795
1510.5835,1510.5906,50390,55910,Pipistrellus pipistrellus,0.023,0.027,-1,Echolocation,/mnt/ubna_data_02_mir/recover-20221013/UBNA_001/20221012_030000.WAV,Telephone Field,recover-20221013,001,1795
1510.6015,1510.6369,68437,80904,Rhinolophus ferrumequinum,0.024,0.024,-1,Echolocation,/mnt/ubna_data_02_mir/recover-20221013/UBNA_001/20221012_030000.WAV,Telephone Field,recover-20221013,001,1795
1510.6125,1510.653,68437,82740,Rhinolophus ferrumequinum,0.026,0.026,-1,Echolocation,/mnt/ubna_data_02_mir/recover-20221013/UBNA_001/20221012_030000.WAV,Telephone Field,recover-20221013,001,1795
1510.6285,1510.6402,23750,29286,Nyctalus leisleri,0.012,0.024,-1,Echolocation,/mnt/ubna_data_02_mir/recover-20221013/UBNA_001/20221012_030000.WAV,Telephone Field,recover-20221013,001,1795
1510.6335,1510.6429,24609,34888,Nyctalus leisleri,0.007,0.025,-1,Echolocation,/mnt/ubna_data_02_mir/recover-20221013/UBNA_001/20221012_030000.WAV,Telephone Field,recover-20221013,001,1795
1510.6565,1510.6668,28046,35608,Eptesicus serotinus,0.01,0.024,-1,Echolocation,/mnt/ubna_data_02_mir/recover-20221013/UBNA_001/20221012_030000.WAV,Telephone Field,recover-20221013,001,1795
1510.6655,1510.6765,22031,26508,Nyctalus leisleri,0.013,0.026,-1,Echolocation,/mnt/ubna_data_02_mir/recover-20221013/UBNA_001/20221012_030000.WAV,Telephone Field,recover-20221013,001,1795
1510.6705,1510.6863,21171,24481,Nyctalus leisleri,0.017,0.026,-1,Echolocation,/mnt/ubna_data_02_mir/recover-20221013/UBNA_001/20221012_030000.WAV,Telephone Field,recover-20221013,001,1795
1510.6905,1510.731,68437,81990,Rhinolophus ferrumequinum,0.032,0.032,-1,Echolocation,/mnt/ubna_data_02_mir/recover-20221013/UBNA_001/20221012_030000.WAV,Telephone Field,recover-20221013,001,1795
1510.7255,1510.7638,68437,82099,Rhinolophus ferrumequinum,0.023,0.023,-1,Echolocation,/mnt/ubna_data_02_mir/recover-20221013/UBNA_001/20221012_030000.WAV,Telephone Field,recover-20221013,001,1795
1510.7515,1510.7922,68437,82151,Rhinolophus ferrumequinum,0.024,0.024,-1,Echolocation,/mnt/ubna_data_02_mir/recover-20221013/UBNA_001/20221012_030000.WAV,Telephone Field,recover-20221013,001,1795
1510.7575,1510.7985,68437,82930,Rhinolophus ferrumequinum,0.023,0.023,-1,Echolocation,/mnt/ubna_data_02_mir/recover-20221013/UBNA_001/20221012_030000.WAV,Telephone Field,recover-20221013,001,1795
1510.7775,1510.8204,68437,82849,Rhinolophus ferrumequinum,0.035,0.035,-1,Echolocation,/mnt/ubna_data_02_mir/recover-20221013/UBNA_001/20221012_030000.WAV,Telephone Field,recover-20221013,001,1795
1510.7995,1510.8389,68437,82823,Rhinolophus ferrumequinum,0.022,0.022,-1,Echolocation,/mnt/ubna_data_02_mir/recover-20221013/UBNA_001/20221012_030000.WAV,Telephone Field,recover-20221013,001,1795
1510.8115,1510.8218,27187,37509,Eptesicus serotinus,0.008,0.023,-1,Echolocation,/mnt/ubna_data_02_mir/recover-20221013/UBNA_001/20221012_030000.WAV,Telephone Field,recover-20221013,001,1795
1510.8135,1510.8508,68437,81911,Rhinolophus ferrumequinum,0.021,0.022,-1,Echolocation,/mnt/ubna_data_02_mir/recover-20221013/UBNA_001/20221012_030000.WAV,Telephone Field,recover-20221013,001,1795
1510.8185,1510.8571,68437,82469,Rhinolophus ferrumequinum,0.021,0.021,-1,Echolocation,/mnt/ubna_data_02_mir/recover-20221013/UBNA_001/20221012_030000.WAV,Telephone Field,recover-20221013,001,1795
1510.8205,1510.8289,25468,34497,Plecotus austriacus,0.009,0.03,-1,Echolocation,/mnt/ubna_data_02_mir/recover-20221013/UBNA_001/20221012_030000.WAV,Telephone Field,recover-20221013,001,1795
1510.8235,1510.8618,68437,82399,Rhinolophus ferrumequinum,0.022,0.022,-1,Echolocation,/mnt/ubna_data_02_mir/recover-20221013/UBNA_001/20221012_030000.WAV,Telephone Field,recover-20221013,001,1795
1510.8705,1510.9112,68437,82389,Rhinolophus ferrumequinum,0.023,0.023,-1,Echolocation,/mnt/ubna_data_02_mir/recover-20221013/UBNA_001/20221012_030000.WAV,Telephone Field,recover-20221013,001,1795
1510.8975,1510.9341,68437,81583,Rhinolophus ferrumequinum,0.022,0.022,-1,Echolocation,/mnt/ubna_data_02_mir/recover-20221013/UBNA_001/20221012_030000.WAV,Telephone Field,recover-20221013,001,1795
1510.9275,1510.9674,68437,81804,Rhinolophus ferrumequinum,0.021,0.021,-1,Echolocation,/mnt/ubna_data_02_mir/recover-20221013/UBNA_001/20221012_030000.WAV,Telephone Field,recover-20221013,001,1795
1510.9415,1510.9489,28046,41208,Eptesicus serotinus,0.007,0.023,-1,Echolocation,/mnt/ubna_data_02_mir/recover-20221013/UBNA_001/20221012_030000.WAV,Telephone Field,recover-20221013,001,1795
1510.9495,1510.9909,68437,82984,Rhinolophus ferrumequinum,0.025,0.025,-1,Echolocation,/mnt/ubna_data_02_mir/recover-20221013/UBNA_001/20221012_030000.WAV,Telephone Field,recover-20221013,001,1795
1510.9855,1510.996,24609,31537,Nyctalus leisleri,0.008,0.021,-1,Echolocation,/mnt/ubna_data_02_mir/recover-20221013/UBNA_001/20221012_030000.WAV,Telephone Field,recover-20221013,001,1795
1510.9865,1511.0276,68437,82527,Rhinolophus ferrumequinum,0.067,0.067,-1,Echolocation,/mnt/ubna_data_02_mir/recover-20221013/UBNA_001/20221012_030000.WAV,Telephone Field,recover-20221013,001,1795
1511.0155,1511.0222,25468,36909,Plecotus austriacus,0.011,0.031,-1,Echolocation,/mnt/ubna_data_02_mir/recover-20221013/UBNA_001/20221012_030000.WAV,Telephone Field,recover-20221013,001,1795
1511.0445,1511.0857,68437,82974,Rhinolophus ferrumequinum,0.024,0.024,-1,Echolocation,/mnt/ubna_data_02_mir/recover-20221013/UBNA_001/20221012_030000.WAV,Telephone Field,recover-20221013,001,1795
1511.0555,1511.0956,68437,82754,Rhinolophus ferrumequinum,0.026,0.026,-1,Echolocation,/mnt/ubna_data_02_mir/recover-20221013/UBNA_001/20221012_030000.WAV,Telephone Field,recover-20221013,001,1795
1511.0655,1511.1042,68437,81984,Rhinolophus ferrumequinum,0.023,0.023,-1,Echolocation,/mnt/ubna_data_02_mir/recover-20221013/UBNA_001/20221012_030000.WAV,Telephone Field,recover-20221013,001,1795
1511.0695,1511.0752,43515,58792,Myotis mystacinus,0.01,0.031,-1,Echolocation,/mnt/ubna_data_02_mir/recover-20221013/UBNA_001/20221012_030000.WAV,Telephone Field,recover-20221013,001,1795
1511.1005,1511.1118,28906,35861,Eptesicus serotinus,0.011,0.026,-1,Echolocation,/mnt/ubna_data_02_mir/recover-20221013/UBNA_001/20221012_030000.WAV,Telephone Field,recover-20221013,001,1795
1511.1025,1511.1421,68437,82069,Rhinolophus ferrumequinum,0.022,0.022,-1,Echolocation,/mnt/ubna_data_02_mir/recover-20221013/UBNA_001/20221012_030000.WAV,Telephone Field,recover-20221013,001,1795
1511.1045,1511.113,22890,29917,Plecotus austriacus,0.009,0.023,-1,Echolocation,/mnt/ubna_data_02_mir/recover-20221013/UBNA_001/20221012_030000.WAV,Telephone Field,recover-20221013,001,1795
1511.1365,1511.1455,28906,38176,Eptesicus serotinus,0.007,0.021,-1,Echolocation,/mnt/ubna_data_02_mir/recover-20221013/UBNA_001/20221012_030000.WAV,Telephone Field,recover-20221013,001,1795
1511.1835,1511.2233,68437,82336,Rhinolophus ferrumequinum,0.032,0.032,-1,Echolocation,/mnt/ubna_data_02_mir/recover-20221013/UBNA_001/20221012_030000.WAV,Telephone Field,recover-20221013,001,1795
1511.2145,1511.2586,68437,83425,Rhinolophus ferrumequinum,0.043,0.043,-1,Echolocation,/mnt/ubna_data_02_mir/recover-20221013/UBNA_001/20221012_030000.WAV,Telephone Field,recover-20221013,001,1795
1511.2475,1511.2866,68437,82291,Rhinolophus ferrumequinum,0.021,0.021,-1,Echolocation,/mnt/ubna_data_02_mir/recover-20221013/UBNA_001/20221012_030000.WAV,Telephone Field,recover-20221013,001,1795
1511.2825,1511.2918,28046,38010,Eptesicus serotinus,0.009,0.023,-1,Echolocation,/mnt/ubna_data_02_mir/recover-20221013/UBNA_001/20221012_030000.WAV,Telephone Field,recover-20221013,001,1795
1511.3035,1511.342,68437,82200,Rhinolophus ferrumequinum,0.029,0.029,-1,Echolocation,/mnt/ubna_data_02_mir/recover-20221013/UBNA_001/20221012_030000.WAV,Telephone Field,recover-20221013,001,1795
1511.3315,1511.3692,68437,81605,Rhinolophus ferrumequinum,0.021,0.021,-1,Echolocation,/mnt/ubna_data_02_mir/recover-20221013/UBNA_001/20221012_030000.WAV,Telephone Field,recover-20221013,001,1795
1511.3395,1511.3482,28906,38522,Eptesicus serotinus,0.007,0.022,-1,Echolocation,/mnt/ubna_data_02_mir/recover-20221013/UBNA_001/20221012_030000.WAV,Telephone Field,recover-20221013,001,1795
1511.3735,1511.4105,68437,81577,Rhinolophus ferrumequinum,0.021,0.021,-1,Echolocation,/mnt/ubna_data_02_mir/recover-20221013/UBNA_001/20221012_030000.WAV,Telephone Field,recover-20221013,001,1795
1511.3815,1511.4191,68437,81674,Rhinolophus ferrumequinum,0.022,0.022,-1,Echolocation,/mnt/ubna_data_02_mir/recover-20221013/UBNA_001/20221012_030000.WAV,Telephone Field,recover-20221013,001,1795
1511.3905,1511.398,47812,55025,Pipistrellus pipistrellus,0.024,0.027,-1,Echolocation,/mnt/ubna_data_02_mir/recover-20221013/UBNA_001/20221012_030000.WAV,Telephone Field,recover-20221013,001,1795
1511.4495,1511.4576,26328,37328,Eptesicus serotinus,0.007,0.022,-1,Echolocation,/mnt/ubna_data_02_mir/recover-20221013/UBNA_001/20221012_030000.WAV,Telephone Field,recover-20221013,001,1795
1511.4495,1511.4915,68437,82162,Rhinolophus ferrumequinum,0.052,0.052,-1,Echolocation,/mnt/ubna_data_02_mir/recover-20221013/UBNA_001/20221012_030000.WAV,Telephone Field,recover-20221013,001,1795
1511.4705,1511.4804,28046,36270,Eptesicus serotinus,0.01,0.023,-1,Echolocation,/mnt/ubna_data_02_mir/recover-20221013/UBNA_001/20221012_030000.WAV,Telephone Field,recover-20221013,001,1795
1511.4725,1511.5136,68437,82391,Rhinolophus ferrumequinum,0.026,0.026,-1,Echolocation,/mnt/ubna_data_02_mir/recover-20221013/UBNA_001/20221012_030000.WAV,Telephone Field,recover-20221013,001,1795
1511.5035,1511.5438,68437,82264,Rhinolophus ferrumequinum,0.027,0.027,-1,Echolocation,/mnt/ubna_data_02_mir/recover-20221013/UBNA_001/20221012_030000.WAV,Telephone Field,recover-20221013,001,1795
1511.5595,1511.5987,68437,81955,Rhinolophus ferrumequinum,0.027,0.027,-1,Echolocation,/mnt/ubna_data_02_mir/recover-20221013/UBNA_001/20221012_030000.WAV,Telephone Field,recover-20221013,001,1795
1511.5625,1511.5715,28046,37065,Eptesicus serotinus,0.008,0.023,-1,Echolocation,/mnt/ubna_data_02_mir/recover-20221013/UBNA_001/20221012_030000.WAV,Telephone Field,recover-20221013,001,1795
1511.5685,1511.6085,68437,82156,Rhinolophus ferrumequinum,0.023,0.023,-1,Echolocation,/mnt/ubna_data_02_mir/recover-20221013/UBNA_001/20221012_030000.WAV,Telephone Field,recover-20221013,001,1795
1511.5885,1511.6252,68437,81168,Rhinolophus ferrumequinum,0.021,0.022,-1,Echolocation,/mnt/ubna_data_02_mir/recover-20221013/UBNA_001/20221012_030000.WAV,Telephone Field,recover-20221013,001,1795
1511.5945,1511.6017,23750,32673,Plecotus austriacus,0.018,0.032,-1,Echolocation,/mnt/ubna_data_02_mir/recover-20221013/UBNA_001/20221012_030000.WAV,Telephone Field,recover-20221013,001,1795
1511.6215,1511.6294,28046,41558,Eptesicus serotinus,0.007,0.022,-1,Echolocation,/mnt/ubna_data_02_mir/recover-20221013/UBNA_001/20221012_030000.WAV,Telephone Field,recover-20221013,001,1795
1511.6535,1511.6876,68437,80917,Rhinolophus ferrumequinum,0.024,0.024,-1,Echolocation,/mnt/ubna_data_02_mir/recover-20221013/UBNA_001/20221012_030000.WAV,Telephone Field,recover-20221013,001,1795
1511.7035,1511.7154,23750,28076,Nyctalus leisleri,0.035,0.059,-1,Echolocation,/mnt/ubna_data_02_mir/recover-20221013/UBNA_001/20221012_030000.WAV,Telephone Field,recover-20221013,001,1795
1511.7055,1511.7434,68437,81803,Rhinolophus ferrumequinum,0.025,0.025,-1,Echolocation,/mnt/ubna_data_02_mir/recover-20221013/UBNA_001/20221012_030000.WAV,Telephone Field,recover-20221013,001,1795
1511.7265,1511.7373,22031,26802,Nyctalus leisleri,0.012,0.025,-1,Echolocation,/mnt/ubna_data_02_mir/recover-20221013/UBNA_001/20221012_030000.WAV,Telephone Field,recover-20221013,001,1795
1511.7365,1511.7438,46953,56390,Pipistrellus pipistrellus,0.033,0.041,-1,Echolocation,/mnt/ubna_data_02_mir/recover-20221013/UBNA_001/20221012_030000.WAV,Telephone Field,recover-20221013,001,1795
1511.7465,1511.7564,28906,37612,Eptesicus serotinus,0.011,0.024,-1,Echolocation,/mnt/ubna_data_02_mir/recover-20221013/UBNA_001/20221012_030000.WAV,Telephone Field,recover-20221013,001,1795
1511.7635,1511.8027,68437,82102,Rhinolophus ferrumequinum,0.029,0.029,-1,Echolocation,/mnt/ubna_data_02_mir/recover-20221013/UBNA_001/20221012_030000.WAV,Telephone Field,recover-20221013,001,1795
1511.7805,1511.7904,22890,28412,Nyctalus leisleri,0.009,0.022,-1,Echolocation,/mnt/ubna_data_02_mir/recover-20221013/UBNA_001/20221012_030000.WAV,Telephone Field,recover-20221013,001,1795
1511.7885,1511.8285,68437,82367,Rhinolophus ferrumequinum,0.028,0.028,-1,Echolocation,/mnt/ubna_data_02_mir/recover-20221013/UBNA_001/20221012_030000.WAV,Telephone Field,recover-20221013,001,1795
1511.7905,1511.7985,28046,39897,Eptesicus serotinus,0.007,0.025,-1,Echolocation,/mnt/ubna_data_02_mir/recover-20221013/UBNA_001/20221012_030000.WAV,Telephone Field,recover-20221013,001,1795
1511.8175,1511.8299,58125,63524,Pipistrellus pygmaeus,0.023,0.024,-1,Echolocation,/mnt/ubna_data_02_mir/recover-20221013/UBNA_001/20221012_030000.WAV,Telephone Field,recover-20221013,001,1795
1511.8445,1511.8841,68437,81563,Rhinolophus ferrumequinum,0.025,0.025,-1,Echolocation,/mnt/ubna_data_02_mir/recover-20221013/UBNA_001/20221012_030000.WAV,Telephone Field,recover-20221013,001,1795
1511.8525,1511.8934,68437,82098,Rhinolophus ferrumequinum,0.021,0.021,-1,Echolocation,/mnt/ubna_data_02_mir/recover-20221013/UBNA_001/20221012_030000.WAV,Telephone Field,recover-20221013,001,1795
1511.8615,1511.869,27187,39074,Eptesicus serotinus,0.006,0.022,-1,Echolocation,/mnt/ubna_data_02_mir/recover-20221013/UBNA_001/20221012_030000.WAV,Telephone Field,recover-20221013,001,1795
1511.8665,1511.9,68437,81446,Rhinolophus ferrumequinum,0.022,0.022,-1,Echolocation,/mnt/ubna_data_02_mir/recover-20221013/UBNA_001/20221012_030000.WAV,Telephone Field,recover-20221013,001,1795
1511.9115,1511.9539,68437,83211,Rhinolophus ferrumequinum,0.031,0.031,-1,Echolocation,/mnt/ubna_data_02_mir/recover-20221013/UBNA_001/20221012_030000.WAV,Telephone Field,recover-20221013,001,1795
1511.9425,1511.9823,68437,81865,Rhinolophus ferrumequinum,0.023,0.023,-1,Echolocation,/mnt/ubna_data_02_mir/recover-20221013/UBNA_001/20221012_030000.WAV,Telephone Field,recover-20221013,001,1795
1511.9555,1511.9676,22031,25552,Nyctalus leisleri,0.014,0.022,-1,Echolocation,/mnt/ubna_data_02_mir/recover-20221013/UBNA_001/20221012_030000.WAV,Telephone Field,recover-20221013,001,1795
1511.9755,1511.9821,28046,43424,Eptesicus serotinus,0.007,0.025,-1,Echolocation,/mnt/ubna_data_02_mir/recover-20221013/UBNA_001/20221012_030000.WAV,Telephone Field,recover-20221013,001,1795
1511.9865,1511.9978,22890,28598,Nyctalus leisleri,0.01,0.022,-1,Echolocation,/mnt/ubna_data_02_mir/recover-20221013/UBNA_001/20221012_030000.WAV,Telephone Field,recover-20221013,001,1795
1512.0015,1512.0323,68437,79935,Rhinolophus ferrumequinum,0.027,0.028,-1,Echolocation,/mnt/ubna_data_02_mir/recover-20221013/UBNA_001/20221012_030000.WAV,Telephone Field,recover-20221013,001,1795
1512.0015,1512.0103,29765,41285,Eptesicus serotinus,0.007,0.027,-1,Echolocation,/mnt/ubna_data_02_mir/recover-20221013/UBNA_001/20221012_030000.WAV,Telephone Field,recover-20221013,001,1795
1512.0015,1512.0108,21171,27398,Nyctalus leisleri,0.008,0.024,-1,Echolocation,/mnt/ubna_data_02_mir/recover-20221013/UBNA_001/20221012_030000.WAV,Telephone Field,recover-20221013,001,1795
1512.0015,1512.0155,54687,60635,Pipistrellus pygmaeus,0.034,0.044,-1,Echolocation,/mnt/ubna_data_02_mir/recover-20221013/UBNA_001/20221012_030000.WAV,Telephone Field,recover-20221013,001,1795
1512.0095,1512.0514,68437,81950,Rhinolophus ferrumequinum,0.023,0.023,-1,Echolocation,/mnt/ubna_data_02_mir/recover-20221013/UBNA_001/20221012_030000.WAV,Telephone Field,recover-20221013,001,1795
1512.0365,1512.045,22890,30696,Plecotus austriacus,0.01,0.024,-1,Echolocation,/mnt/ubna_data_02_mir/recover-20221013/UBNA_001/20221012_030000.WAV,Telephone Field,recover-20221013,001,1795
1512.0465,1512.0866,68437,82953,Rhinolophus ferrumequinum,0.024,0.024,-1,Echolocation,/mnt/ubna_data_02_mir/recover-20221013/UBNA_001/20221012_030000.WAV,Telephone Field,recover-20221013,001,1795
1512.0625,1512.0748,40937,47404,Pipistrellus nathusii,0.007,0.023,-1,Echolocation,/mnt/ubna_data_02_mir/recover-20221013/UBNA_001/20221012_030000.WAV,Telephone Field,recover-20221013,001,1795
1512.0975,1512.1063,27187,36750,Eptesicus serotinus,0.008,0.022,-1,Echolocation,/mnt/ubna_data_02_mir/recover-20221013/UBNA_001/20221012_030000.WAV,Telephone Field,recover-20221013,001,1795
1512.1205,1512.1281,26328,39601,Eptesicus serotinus,0.007,0.025,-1,Echolocation,/mnt/ubna_data_02_mir/recover-20221013/UBNA_001/20221012_030000.WAV,Telephone Field,recover-20221013,001,1795
1512.1455,1512.1824,68437,81549,Rhinolophus ferrumequinum,0.026,0.026,-1,Echolocation,/mnt/ubna_data_02_mir/recover-20221013/UBNA_001/20221012_030000.WAV,Telephone Field,recover-20221013,001,1795
1512.1535,1512.1641,28906,37694,Eptesicus serotinus,0.012,0.027,-1,Echolocation,/mnt/ubna_data_02_mir/recover-20221013/UBNA_001/20221012_030000.WAV,Telephone Field,recover-20221013,001,1795
1512.1735,1512.1815,44375,54420,Pipistrellus pipistrellus,0.014,0.026,-1,Echolocation,/mnt/ubna_data_02_mir/recover-20221013/UBNA_001/20221012_030000.WAV,Telephone Field,recover-20221013,001,1795
1512.1975,1512.2055,28906,38214,Eptesicus serotinus,0.007,0.023,-1,Echolocation,/mnt/ubna_data_02_mir/recover-20221013/UBNA_001/20221012_030000.WAV,Telephone Field,recover-20221013,001,1795
1512.1975,1512.2377,68437,82361,Rhinolophus ferrumequinum,0.024,0.024,-1,Echolocation,/mnt/ubna_data_02_mir/recover-20221013/UBNA_001/20221012_030000.WAV,Telephone Field,recover-20221013,001,1795
1512.2015,1512.2121,23750,30662,Nyctalus leisleri,0.01,0.025,-1,Echolocation,/mnt/ubna_data_02_mir/recover-20221013/UBNA_001/20221012_030000.WAV,Telephone Field,recover-20221013,001,1795
1512.2535,1512.2906,68437,81888,Rhinolophus ferrumequinum,0.023,0.023,-1,Echolocation,/mnt/ubna_data_02_mir/recover-20221013/UBNA_001/20221012_030000.WAV,Telephone Field,recover-20221013,001,1795
1512.2925,1512.2988,23750,35370,Plecotus austriacus,0.025,0.044,-1,Echolocation,/mnt/ubna_data_02_mir/recover-20221013/UBNA_001/20221012_030000.WAV,Telephone Field,recover-20221013,001,1795
1512.2945,1512.3322,68437,81988,Rhinolophus ferrumequinum,0.023,0.023,-1,Echolocation,/mnt/ubna_data_02_mir/recover-20221013/UBNA_001/20221012_030000.WAV,Telephone Field,recover-20221013,001,1795
1512.3765,1512.3846,22890,31142,Plecotus austriacus,0.011,0.027,-1,Echolocation,/mnt/ubna_data_02_mir/recover-20221013/UBNA_001/20221012_030000.WAV,Telephone Field,recover-20221013,001,1795
1512.3795,1512.4184,68437,82188,Rhinolophus ferrumequinum,0.023,0.023,-1,Echolocation,/mnt/ubna_data_02_mir/recover-20221013/UBNA_001/20221012_030000.WAV,Telephone Field,recover-20221013,001,1795
1512.3965,1512.4084,24609,30074,Nyctalus leisleri,0.011,0.025,-1,Echolocation,/mnt/ubna_data_02_mir/recover-20221013/UBNA_001/20221012_030000.WAV,Telephone Field,recover-20221013,001,1795
1512.4115,1512.4186,28906,41661,Eptesicus serotinus,0.007,0.023,-1,Echolocation,/mnt/ubna_data_02_mir/recover-20221013/UBNA_001/20221012_030000.WAV,Telephone Field,recover-20221013,001,1795
1512.4375,1512.4427,39218,66735,Myotis mystacinus,0.007,0.023,-1,Echolocation,/mnt/ubna_data_02_mir/recover-20221013/UBNA_001/20221012_030000.WAV,Telephone Field,recover-20221013,001,1795
1512.4385,1512.4802,68437,83079,Rhinolophus ferrumequinum,0.035,0.035,-1,Echolocation,/mnt/ubna_data_02_mir/recover-20221013/UBNA_001/20221012_030000.WAV,Telephone Field,recover-20221013,001,1795
1512.4625,1512.5063,68437,83702,Rhinolophus ferrumequinum,0.044,0.044,-1,Echolocation,/mnt/ubna_data_02_mir/recover-20221013/UBNA_001/20221012_030000.WAV,Telephone Field,recover-20221013,001,1795
1512.4625,1512.4739,50390,55616,Pipistrellus pipistrellus,0.035,0.042,-1,Echolocation,/mnt/ubna_data_02_mir/recover-20221013/UBNA_001/20221012_030000.WAV,Telephone Field,recover-20221013,001,1795
1512.4695,1512.48,23750,29412,Nyctalus leisleri,0.014,0.033,-1,Echolocation,/mnt/ubna_data_02_mir/recover-20221013/UBNA_001/20221012_030000.WAV,Telephone Field,recover-20221013,001,1795
1512.5275,1512.5371,22890,30088,Plecotus austriacus,0.007,0.022,-1,Echolocation,/mnt/ubna_data_02_mir/recover-20221013/UBNA_001/20221012_030000.WAV,Telephone Field,recover-20221013,001,1795
1512.5515,1512.5916,68437,82224,Rhinolophus ferrumequinum,0.024,0.024,-1,Echolocation,/mnt/ubna_data_02_mir/recover-20221013/UBNA_001/20221012_030000.WAV,Telephone Field,recover-20221013,001,1795
1512.5785,1512.5908,14296,20422,Nyctalus noctula,0.016,0.026,-1,Echolocation,/mnt/ubna_data_02_mir/recover-20221013/UBNA_001/20221012_030000.WAV,Telephone Field,recover-20221013,001,1795
1512.6095,1512.6193,28906,36755,Eptesicus serotinus,0.012,0.026,-1,Echolocation,/mnt/ubna_data_02_mir/recover-20221013/UBNA_001/20221012_030000.WAV,Telephone Field,recover-20221013,001,1795
1512.6115,1512.6198,48671,57041,Pipistrellus pipistrellus,0.026,0.03,-1,Echolocation,/mnt/ubna_data_02_mir/recover-20221013/UBNA_001/20221012_030000.WAV,Telephone Field,recover-20221013,001,1795
1512.6235,1512.6305,24609,38198,Plecotus austriacus,0.007,0.023,-1,Echolocation,/mnt/ubna_data_02_mir/recover-20221013/UBNA_001/20221012_030000.WAV,Telephone Field,recover-20221013,001,1795
1512.6275,1512.663,68437,82336,Rhinolophus ferrumequinum,0.024,0.024,-1,Echolocation,/mnt/ubna_data_02_mir/recover-20221013/UBNA_001/20221012_030000.WAV,Telephone Field,recover-20221013,001,1795
1512.6785,1512.688,37500,43265,Barbastellus barbastellus,0.008,0.026,-1,Echolocation,/mnt/ubna_data_02_mir/recover-20221013/UBNA_001/20221012_030000.WAV,Telephone Field,recover-20221013,001,1795
1512.6785,1512.717,68437,82439,Rhinolophus ferrumequinum,0.025,0.025,-1,Echolocation,/mnt/ubna_data_02_mir/recover-20221013/UBNA_001/20221012_030000.WAV,Telephone Field,recover-20221013,001,1795
1512.7115,1512.7518,68437,82307,Rhinolophus ferrumequinum,0.027,0.027,-1,Echolocation,/mnt/ubna_data_02_mir/recover-20221013/UBNA_001/20221012_030000.WAV,Telephone Field,recover-20221013,001,1795
1512.7205,1512.7606,68437,82147,Rhinolophus ferrumequinum,0.023,0.024,-1,Echolocation,/mnt/ubna_data_02_mir/recover-20221013/UBNA_001/20221012_030000.WAV,Telephone Field,recover-20221013,001,1795
1512.7275,1512.7659,68437,82275,Rhinolophus ferrumequinum,0.024,0.024,-1,Echolocation,/mnt/ubna_data_02_mir/recover-20221013/UBNA_001/20221012_030000.WAV,Telephone Field,recover-20221013,001,1795
1512.7285,1512.7355,24609,38279,Plecotus austriacus,0.019,0.046,-1,Echolocation,/mnt/ubna_data_02_mir/recover-20221013/UBNA_001/20221012_030000.WAV,Telephone Field,recover-20221013,001,1795
1512.7495,1512.7901,68437,82529,Rhinolophus ferrumequinum,0.023,0.023,-1,Echolocation,/mnt/ubna_data_02_mir/recover-20221013/UBNA_001/20221012_030000.WAV,Telephone Field,recover-20221013,001,1795
1512.7695,1512.8112,68437,83033,Rhinolophus ferrumequinum,0.03,0.03,-1,Echolocation,/mnt/ubna_data_02_mir/recover-20221013/UBNA_001/20221012_030000.WAV,Telephone Field,recover-20221013,001,1795
1512.7845,1512.7961,23750,28832,Nyctalus leisleri,0.02,0.038,-1,Echolocation,/mnt/ubna_data_02_mir/recover-20221013/UBNA_001/20221012_030000.WAV,Telephone Field,recover-20221013,001,1795
1512.8325,1512.8729,68437,82492,Rhinolophus ferrumequinum,0.031,0.031,-1,Echolocation,/mnt/ubna_data_02_mir/recover-20221013/UBNA_001/20221012_030000.WAV,Telephone Field,recover-20221013,001,1795
1512.8735,1512.8822,26328,35864,Eptesicus serotinus,0.008,0.022,-1,Echolocation,/mnt/ubna_data_02_mir/recover-20221013/UBNA_001/20221012_030000.WAV,Telephone Field,recover-20221013,001,1795
1512.8885,1512.9334,68437,82926,Rhinolophus ferrumequinum,0.058,0.058,-1,Echolocation,/mnt/ubna_data_02_mir/recover-20221013/UBNA_001/20221012_030000.WAV,Telephone Field,recover-20221013,001,1795
1512.9005,1512.9209,16875,21429,Nyctalus noctula,0.026,0.034,-1,Echolocation,/mnt/ubna_data_02_mir/recover-20221013/UBNA_001/20221012_030000.WAV,Telephone Field,recover-20221013,001,1795
1512.9575,1512.9975,68437,82754,Rhinolophus ferrumequinum,0.023,0.023,-1,Echolocation,/mnt/ubna_data_02_mir/recover-20221013/UBNA_001/20221012_030000.WAV,Telephone Field,recover-20221013,001,1795
1512.9655,1513.0008,68437,82065,Rhinolophus ferrumequinum,0.024,0.024,-1,Echolocation,/mnt/ubna_data_02_mir/recover-20221013/UBNA_001/20221012_030000.WAV,Telephone Field,recover-20221013,001,1795
1512.9765,1513.0138,68437,81711,Rhinolophus ferrumequinum,0.023,0.023,-1,Echolocation,/mnt/ubna_data_02_mir/recover-20221013/UBNA_001/20221012_030000.WAV,Telephone Field,recover-20221013,001,1795
1512.9885,1512.9956,23750,33007,Plecotus austriacus,0.011,0.024,-1,Echolocation,/mnt/ubna_data_02_mir/recover-20221013/UBNA_001/20221012_030000.WAV,Telephone Field,recover-20221013,001,1795
1512.9965,1513.0325,68437,81674,Rhinolophus ferrumequinum,0.024,0.024,-1,Echolocation,/mnt/ubna_data_02_mir/recover-20221013/UBNA_001/20221012_030000.WAV,Telephone Field,recover-20221013,001,1795
1513.0055,1513.0413,68437,81292,Rhinolophus ferrumequinum,0.022,0.023,-1,Echolocation,/mnt/ubna_data_02_mir/recover-20221013/UBNA_001/20221012_030000.WAV,Telephone Field,recover-20221013,001,1795
1513.0115,1513.0228,22031,28271,Nyctalus leisleri,0.014,0.039,-1,Echolocation,/mnt/ubna_data_02_mir/recover-20221013/UBNA_001/20221012_030000.WAV,Telephone Field,recover-20221013,001,1795
1513.0435,1513.0521,28906,39459,Eptesicus serotinus,0.008,0.024,-1,Echolocation,/mnt/ubna_data_02_mir/recover-20221013/UBNA_001/20221012_030000.WAV,Telephone Field,recover-20221013,001,1795
1513.0455,1513.0793,68437,81199,Rhinolophus ferrumequinum,0.037,0.037,-1,Echolocation,/mnt/ubna_data_02_mir/recover-20221013/UBNA_001/20221012_030000.WAV,Telephone Field,recover-20221013,001,1795
1513.0725,1513.0832,24609,31129,Nyctalus leisleri,0.011,0.027,-1,Echolocation,/mnt/ubna_data_02_mir/recover-20221013/UBNA_001/20221012_030000.WAV,Telephone Field,recover-20221013,001,1795
1513.0765,1513.1097,68437,81177,Rhinolophus ferrumequinum,0.026,0.026,-1,Echolocation,/mnt/ubna_data_02_mir/recover-20221013/UBNA_001/20221012_030000.WAV,Telephone Field,recover-20221013,001,1795
1513.1075,1513.1146,24609,36497,Plecotus austriacus,0.007,0.024,-1,Echolocation,/mnt/ubna_data_02_mir/recover-20221013/UBNA_001/20221012_030000.WAV,Telephone Field,recover-20221013,001,1795
1513.1075,1513.1148,28906,46525,Eptesicus serotinus,0.008,0.024,-1,Echolocation,/mnt/ubna_data_02_mir/recover-20221013/UBNA_001/20221012_030000.WAV,Telephone Field,recover-20221013,001,1795
1513.1255,1513.136,28046,35826,Eptesicus serotinus,0.02,0.034,-1,Echolocation,/mnt/ubna_data_02_mir/recover-20221013/UBNA_001/20221012_030000.WAV,Telephone Field,recover-20221013,001,1795
1513.1285,1513.1655,68437,81582,Rhinolophus ferrumequinum,0.023,0.023,-1,Echolocation,/mnt/ubna_data_02_mir/recover-20221013/UBNA_001/20221012_030000.WAV,Telephone Field,recover-20221013,001,1795
1513.1555,1513.1936,68437,81446,Rhinolophus ferrumequinum,0.024,0.025,-1,Echolocation,/mnt/ubna_data_02_mir/recover-20221013/UBNA_001/20221012_030000.WAV,Telephone Field,recover-20221013,001,1795
1513.1695,1513.1811,23750,27752,Nyctalus leisleri,0.018,0.031,-1,Echolocation,/mnt/ubna_data_02_mir/recover-20221013/UBNA_001/20221012_030000.WAV,Telephone Field,recover-20221013,001,1795
1513.1925,1513.23,68437,82073,Rhinolophus ferrumequinum,0.024,0.024,-1,Echolocation,/mnt/ubna_data_02_mir/recover-20221013/UBNA_001/20221012_030000.WAV,Telephone Field,recover-20221013,001,1795
1513.2555,1513.2658,22031,27255,Nyctalus leisleri,0.011,0.024,-1,Echolocation,/mnt/ubna_data_02_mir/recover-20221013/UBNA_001/20221012_030000.WAV,Telephone Field,recover-20221013,001,1795
1513.2745,1513.313,68437,82135,Rhinolophus ferrumequinum,0.027,0.027,-1,Echolocation,/mnt/ubna_data_02_mir/recover-20221013/UBNA_001/20221012_030000.WAV,Telephone Field,recover-20221013,001,1795
1513.2955,1513.317,17734,21141,Nyctalus noctula,0.025,0.037,-1,Echolocation,/mnt/ubna_data_02_mir/recover-20221013/UBNA_001/20221012_030000.WAV,Telephone Field,recover-20221013,001,1795
1513.4025,1513.4143,14296,21364,Nyctalus noctula,0.014,0.025,-1,Echolocation,/mnt/ubna_data_02_mir/recover-20221013/UBNA_001/20221012_030000.WAV,Telephone Field,recover-20221013,001,1795
1513.4115,1513.4522,68437,82728,Rhinolophus ferrumequinum,0.029,0.029,-1,Echolocation,/mnt/ubna_data_02_mir/recover-20221013/UBNA_001/20221012_030000.WAV,Telephone Field,recover-20221013,001,1795
1513.4255,1513.4335,28046,41137,Eptesicus serotinus,0.008,0.025,-1,Echolocation,/mnt/ubna_data_02_mir/recover-20221013/UBNA_001/20221012_030000.WAV,Telephone Field,recover-20221013,001,1795
1513.4765,1513.5142,68437,81989,Rhinolophus ferrumequinum,0.023,0.023,-1,Echolocation,/mnt/ubna_data_02_mir/recover-20221013/UBNA_001/20221012_030000.WAV,Telephone Field,recover-20221013,001,1795
1513.4835,1513.5238,68437,82373,Rhinolophus ferrumequinum,0.023,0.023,-1,Echolocation,/mnt/ubna_data_02_mir/recover-20221013/UBNA_001/20221012_030000.WAV,Telephone Field,recover-20221013,001,1795
1513.5325,1513.5713,68437,82189,Rhinolophus ferrumequinum,0.026,0.026,-1,Echolocation,/mnt/ubna_data_02_mir/recover-20221013/UBNA_001/20221012_030000.WAV,Telephone Field,recover-20221013,001,1795
1513.5715,1513.5823,15156,21415,Nyctalus noctula,0.014,0.025,-1,Echolocation,/mnt/ubna_data_02_mir/recover-20221013/UBNA_001/20221012_030000.WAV,Telephone Field,recover-20221013,001,1795
1513.6005,1513.6395,68437,83103,Rhinolophus ferrumequinum,0.023,0.023,-1,Echolocation,/mnt/ubna_data_02_mir/recover-20221013/UBNA_001/20221012_030000.WAV,Telephone Field,recover-20221013,001,1795
1513.6465,1513.6843,68437,81587,Rhinolophus ferrumequinum,0.023,0.024,-1,Echolocation,/mnt/ubna_data_02_mir/recover-20221013/UBNA_001/20221012_030000.WAV,Telephone Field,recover-20221013,001,1795
1513.6525,1513.695,68437,82661,Rhinolophus ferrumequinum,0.024,0.024,-1,Echolocation,/mnt/ubna_data_02_mir/recover-20221013/UBNA_001/20221012_030000.WAV,Telephone Field,recover-20221013,001,1795
1513.6775,1513.7209,68437,83009,Rhinolophus ferrumequinum,0.042,0.042,-1,Echolocation,/mnt/ubna_data_02_mir/recover-20221013/UBNA_001/20221012_030000.WAV,Telephone Field,recover-20221013,001,1795
1513.7045,1513.7435,68437,82022,Rhinolophus ferrumequinum,0.023,0.023,-1,Echolocation,/mnt/ubna_data_02_mir/recover-20221013/UBNA_001/20221012_030000.WAV,Telephone Field,recover-20221013,001,1795
1513.7355,1513.7449,28046,39935,Eptesicus serotinus,0.012,0.028,-1,Echolocation,/mnt/ubna_data_02_mir/recover-20221013/UBNA_001/20221012_030000.WAV,Telephone Field,recover-20221013,001,1795
1513.7745,1513.8127,68437,82842,Rhinolophus ferrumequinum,0.025,0.025,-1,Echolocation,/mnt/ubna_data_02_mir/recover-20221013/UBNA_001/20221012_030000.WAV,Telephone Field,recover-20221013,001,1795
1513.7785,1513.7864,23750,33555,Plecotus austriacus,0.011,0.026,-1,Echolocation,/mnt/ubna_data_02_mir/recover-20221013/UBNA_001/20221012_030000.WAV,Telephone Field,recover-20221013,001,1795
1513.7935,1513.8366,68437,82978,Rhinolophus ferrumequinum,0.023,0.023,-1,Echolocation,/mnt/ubna_data_02_mir/recover-20221013/UBNA_001/20221012_030000.WAV,Telephone Field,recover-20221013,001,1795
1513.8125,1513.8467,68437,80674,Rhinolophus ferrumequinum,0.024,0.024,-1,Echolocation,/mnt/ubna_data_02_mir/recover-20221013/UBNA_001/20221012_030000.WAV,Telephone Field,recover-20221013,001,1795
1513.8305,1513.8401,28046,36515,Eptesicus serotinus,0.009,0.023,-1,Echolocation,/mnt/ubna_data_02_mir/recover-20221013/UBNA_001/20221012_030000.WAV,Telephone Field,recover-20221013,001,1795
1513.8485,1513.8595,22890,28071,Nyctalus leisleri,0.011,0.023,-1,Echolocation,/mnt/ubna_data_02_mir/recover-20221013/UBNA_001/20221012_030000.WAV,Telephone Field,recover-20221013,001,1795
1513.8735,1513.9168,68437,82746,Rhinolophus ferrumequinum,0.035,0.035,-1,Echolocation,/mnt/ubna_data_02_mir/recover-20221013/UBNA_001/20221012_030000.WAV,Telephone Field,recover-20221013,001,1795
1513.9145,1513.9526,68437,82506,Rhinolophus ferrumequinum,0.023,0.023,-1,Echolocation,/mnt/ubna_data_02_mir/recover-20221013/UBNA_001/20221012_030000.WAV,Telephone Field,recover-20221013,001,1795
1513.9275,1513.9667,68437,82582,Rhinolophus ferrumequinum,0.024,0.024,-1,Echolocation,/mnt/ubna_data_02_mir/recover-20221013/UBNA_001/20221012_030000.WAV,Telephone Field,recover-20221013,001,1795
1513.9485,1513.9562,28046,38119,Eptesicus serotinus,0.012,0.032,-1,Echolocation,/mnt/ubna_data_02_mir/recover-20221013/UBNA_001/20221012_030000.WAV,Telephone Field,recover-20221013,001,1795
1513.9645,1513.9763,41796,43765,Pipistrellus pipistrellus,0.022,0.026,-1,Echolocation,/mnt/ubna_data_02_mir/recover-20221013/UBNA_001/20221012_030000.WAV,Telephone Field,recover-20221013,001,1795
1514.0015,1514.0364,68437,80393,Rhinolophus ferrumequinum,0.037,0.037,-1,Echolocation,/mnt/ubna_data_02_mir/recover-20221013/UBNA_001/20221012_030000.WAV,Telephone Field,recover-20221013,001,1795
1514.0015,1514.0096,26328,36116,Nyctalus leisleri,0.006,0.023,-1,Echolocation,/mnt/ubna_data_02_mir/recover-20221013/UBNA_001/20221012_030000.WAV,Telephone Field,recover-20221013,001,1795
1514.0075,1514.0501,68437,82130,Rhinolophus ferrumequinum,0.029,0.029,-1,Echolocation,/mnt/ubna_data_02_mir/recover-20221013/UBNA_001/20221012_030000.WAV,Telephone Field,recover-20221013,001,1795
1514.0195,1514.0555,68437,81290,Rhinolophus ferrumequinum,0.021,0.022,-1,Echolocation,/mnt/ubna_data_02_mir/recover-20221013/UBNA_001/20221012_030000.WAV,Telephone Field,recover-20221013,001,1795
1514.0315,1514.0673,68437,81106,Rhinolophus ferrumequinum,0.021,0.021,-1,Echolocation,/mnt/ubna_data_02_mir/recover-20221013/UBNA_001/20221012_030000.WAV,Telephone Field,recover-20221013,001,1795
1514.0695,1514.0762,28906,42593,Eptesicus serotinus,0.008,0.029,-1,Echolocation,/mnt/ubna_data_02_mir/recover-20221013/UBNA_001/20221012_030000.WAV,Telephone Field,recover-20221013,001,1795
1514.1155,1514.1597,68437,82581,Rhinolophus ferrumequinum,0.043,0.043,-1,Echolocation,/mnt/ubna_data_02_mir/recover-20221013/UBNA_001/20221012_030000.WAV,Telephone Field,recover-20221013,001,1795
1514.1405,1514.1771,68437,81824,Rhinolophus ferrumequinum,0.025,0.025,-1,Echolocation,/mnt/ubna_data_02_mir/recover-20221013/UBNA_001/20221012_030000.WAV,Telephone Field,recover-20221013,001,1795
1514.1665,1514.2047,68437,81476,Rhinolophus ferrumequinum,0.023,0.023,-1,Echolocation,/mnt/ubna_data_02_mir/recover-20221013/UBNA_001/20221012_030000.WAV,Telephone Field,recover-20221013,001,1795
1514.1795,1514.2202,68437,83182,Rhinolophus ferrumequinum,0.034,0.034,-1,Echolocation,/mnt/ubna_data_02_mir/recover-20221013/UBNA_001/20221012_030000.WAV,Telephone Field,recover-20221013,001,1795
1514.1845,1514.1947,22890,29049,Nyctalus leisleri,0.009,0.022,-1,Echolocation,/mnt/ubna_data_02_mir/recover-20221013/UBNA_001/20221012_030000.WAV,Telephone Field,recover-20221013,001,1795
1514.1905,1514.2263,68437,82233,Rhinolophus ferrumequinum,0.023,0.023,-1,Echolocation,/mnt/ubna_data_02_mir/recover-20221013/UBNA_001/20221012_030000.WAV,Telephone Field,recover-20221013,001,1795
1514.2035,1514.2137,22890,28589,Nyctalus leisleri,0.009,0.023,-1,Echolocation,/mnt/ubna_data_02_mir/recover-20221013/UBNA_001/20221012_030000.WAV,Telephone Field,recover-20221013,001,1795
1514.2325,1514.2730999999999,68437,81864,Rhinolophus ferrumequinum,0.025,0.025,-1,Echolocation,/mnt/ubna_data_02_mir/recover-20221013/UBNA_001/20221012_030000.WAV,Telephone Field,recover-20221013,001,1795
1514.2395,1514.2474,28046,40719,Eptesicus serotinus,0.008,0.024,-1,Echolocation,/mnt/ubna_data_02_mir/recover-20221013/UBNA_001/20221012_030000.WAV,Telephone Field,recover-20221013,001,1795
1514.2585,1514.2995,68437,82315,Rhinolophus ferrumequinum,0.025,0.025,-1,Echolocation,/mnt/ubna_data_02_mir/recover-20221013/UBNA_001/20221012_030000.WAV,Telephone Field,recover-20221013,001,1795
1514.2875,1514.3274,68437,82595,Rhinolophus ferrumequinum,0.025,0.025,-1,Echolocation,/mnt/ubna_data_02_mir/recover-20221013/UBNA_001/20221012_030000.WAV,Telephone Field,recover-20221013,001,1795
1514.2935,1514.3,28906,43470,Eptesicus serotinus,0.007,0.029,-1,Echolocation,/mnt/ubna_data_02_mir/recover-20221013/UBNA_001/20221012_030000.WAV,Telephone Field,recover-20221013,001,1795
1514.3235,1514.3338,23750,30246,Nyctalus leisleri,0.01,0.027,-1,Echolocation,/mnt/ubna_data_02_mir/recover-20221013/UBNA_001/20221012_030000.WAV,Telephone Field,recover-20221013,001,1795
1514.3495,1514.3592,28906,39393,Eptesicus serotinus,0.009,0.022,-1,Echolocation,/mnt/ubna_data_02_mir/recover-20221013/UBNA_001/20221012_030000.WAV,Telephone Field,recover-20221013,001,1795
1514.3605,1514.3682,23750,31892,Plecotus austriacus,0.009,0.023,-1,Echolocation,/mnt/ubna_data_02_mir/recover-20221013/UBNA_001/20221012_030000.WAV,Telephone Field,recover-20221013,001,1795
1514.3785,1514.4174,68437,81813,Rhinolophus ferrumequinum,0.026,0.026,-1,Echolocation,/mnt/ubna_data_02_mir/recover-20221013/UBNA_001/20221012_030000.WAV,Telephone Field,recover-20221013,001,1795
1514.4035,1514.4185,22890,28126,Nyctalus leisleri,0.029,0.071,-1,Echolocation,/mnt/ubna_data_02_mir/recover-20221013/UBNA_001/20221012_030000.WAV,Telephone Field,recover-20221013,001,1795
1514.4085,1514.4509,68437,82305,Rhinolophus ferrumequinum,0.033,0.033,-1,Echolocation,/mnt/ubna_data_02_mir/recover-20221013/UBNA_001/20221012_030000.WAV,Telephone Field,recover-20221013,001,1795
1514.4325,1514.4699,68437,81144,Rhinolophus ferrumequinum,0.021,0.021,-1,Echolocation,/mnt/ubna_data_02_mir/recover-20221013/UBNA_001/20221012_030000.WAV,Telephone Field,recover-20221013,001,1795
1514.4405,1514.4512,22890,27893,Nyctalus leisleri,0.013,0.026,-1,Echolocation,/mnt/ubna_data_02_mir/recover-20221013/UBNA_001/20221012_030000.WAV,Telephone Field,recover-20221013,001,1795
1514.4925,1514.5342,68437,82490,Rhinolophus ferrumequinum,0.027,0.027,-1,Echolocation,/mnt/ubna_data_02_mir/recover-20221013/UBNA_001/20221012_030000.WAV,Telephone Field,recover-20221013,001,1795
1514.5095,1514.5472,68437,81262,Rhinolophus ferrumequinum,0.021,0.021,-1,Echolocation,/mnt/ubna_data_02_mir/recover-20221013/UBNA_001/20221012_030000.WAV,Telephone Field,recover-20221013,001,1795
1514.5225,1514.5633,68437,82653,Rhinolophus ferrumequinum,0.023,0.023,-1,Echolocation,/mnt/ubna_data_02_mir/recover-20221013/UBNA_001/20221012_030000.WAV,Telephone Field,recover-20221013,001,1795
1514.5555,1514.5943,68437,81906,Rhinolophus ferrumequinum,0.025,0.025,-1,Echolocation,/mnt/ubna_data_02_mir/recover-20221013/UBNA_001/20221012_030000.WAV,Telephone Field,recover-20221013,001,1795
1514.5785,1514.5857,27187,44909,Eptesicus serotinus,0.007,0.021,-1,Echolocation,/mnt/ubna_data_02_mir/recover-20221013/UBNA_001/20221012_030000.WAV,Telephone Field,recover-20221013,001,1795
1514.6115,1514.6502,68437,82284,Rhinolophus ferrumequinum,0.022,0.022,-1,Echolocation,/mnt/ubna_data_02_mir/recover-20221013/UBNA_001/20221012_030000.WAV,Telephone Field,recover-20221013,001,1795
1514.6175,1514.6267,25468,32833,Eptesicus serotinus,0.007,0.023,-1,Echolocation,/mnt/ubna_data_02_mir/recover-20221013/UBNA_001/20221012_030000.WAV,Telephone Field,recover-20221013,001,1795
1514.6265,1514.6695,68437,83079,Rhinolophus ferrumequinum,0.031,0.031,-1,Echolocation,/mnt/ubna_data_02_mir/recover-20221013/UBNA_001/20221012_030000.WAV,Telephone Field,recover-20221013,001,1795
1514.6375,1514.649,40078,45089,Pipistrellus nathusii,0.009,0.03,-1,Echolocation,/mnt/ubna_data_02_mir/recover-20221013/UBNA_001/20221012_030000.WAV,Telephone Field,recover-20221013,001,1795
1514.6405,1514.6807,68437,82261,Rhinolophus ferrumequinum,0.022,0.022,-1,Echolocation,/mnt/ubna_data_02_mir/recover-20221013/UBNA_001/20221012_030000.WAV,Telephone Field,recover-20221013,001,1795
1514.6655,1514.7027,68437,81164,Rhinolophus ferrumequinum,0.024,0.024,-1,Echolocation,/mnt/ubna_data_02_mir/recover-20221013/UBNA_001/20221012_030000.WAV,Telephone Field,recover-20221013,001,1795
1514.7445,1514.7848,68437,82606,Rhinolophus ferrumequinum,0.025,0.025,-1,Echolocation,/mnt/ubna_data_02_mir/recover-20221013/UBNA_001/20221012_030000.WAV,Telephone Field,recover-20221013,001,1795
1514.7645,1514.7721,23750,33173,Plecotus austriacus,0.011,0.025,-1,Echolocation,/mnt/ubna_data_02_mir/recover-20221013/UBNA_001/20221012_030000.WAV,Telephone Field,recover-20221013,001,1795
1514.7855,1514.8212,68437,81688,Rhinolophus ferrumequinum,0.022,0.022,-1,Echolocation,/mnt/ubna_data_02_mir/recover-20221013/UBNA_001/20221012_030000.WAV,Telephone Field,recover-20221013,001,1795
1514.7885,1514.8006,26328,32948,Eptesicus serotinus,0.013,0.027,-1,Echolocation,/mnt/ubna_data_02_mir/recover-20221013/UBNA_001/20221012_030000.WAV,Telephone Field,recover-20221013,001,1795
1514.8185,1514.8266,27187,41178,Eptesicus serotinus,0.008,0.023,-1,Echolocation,/mnt/ubna_data_02_mir/recover-20221013/UBNA_001/20221012_030000.WAV,Telephone Field,recover-20221013,001,1795
1514.8185,1514.858,68437,82301,Rhinolophus ferrumequinum,0.026,0.026,-1,Echolocation,/mnt/ubna_data_02_mir/recover-20221013/UBNA_001/20221012_030000.WAV,Telephone Field,recover-20221013,001,1795
1514.8655,1514.8732,28046,39776,Eptesicus serotinus,0.007,0.021,-1,Echolocation,/mnt/ubna_data_02_mir/recover-20221013/UBNA_001/20221012_030000.WAV,Telephone Field,recover-20221013,001,1795
1514.8715,1514.9132,68437,82940,Rhinolophus ferrumequinum,0.035,0.035,-1,Echolocation,/mnt/ubna_data_02_mir/recover-20221013/UBNA_001/20221012_030000.WAV,Telephone Field,recover-20221013,001,1795
1514.9125,1514.9219,24609,31777,Eptesicus serotinus,0.007,0.021,-1,Echolocation,/mnt/ubna_data_02_mir/recover-20221013/UBNA_001/20221012_030000.WAV,Telephone Field,recover-20221013,001,1795
1514.9135,1514.9545,68437,82918,Rhinolophus ferrumequinum,0.023,0.023,-1,Echolocation,/mnt/ubna_data_02_mir/recover-20221013/UBNA_001/20221012_030000.WAV,Telephone Field,recover-20221013,001,1795
1514.9755,1515.0134,68437,81454,Rhinolophus ferrumequinum,0.022,0.022,-1,Echolocation,/mnt/ubna_data_02_mir/recover-20221013/UBNA_001/20221012_030000.WAV,Telephone Field,recover-20221013,001,1795
1514.9915,1515.0349,68437,83226,Rhinolophus ferrumequinum,0.031,0.031,-1,Echolocation,/mnt/ubna_data_02_mir/recover-20221013/UBNA_001/20221012_030000.WAV,Telephone Field,recover-20221013,001,1795
1515.0955,1515.1037,30625,41130,Myotis daubentonii,0.017,0.041,-1,Echolocation,/mnt/ubna_data_02_mir/recover-20221013/UBNA_001/20221012_030000.WAV,Telephone Field,recover-20221013,001,1795
1515.1075,1515.1175,22890,29133,Nyctalus leisleri,0.008,0.021,-1,Echolocation,/mnt/ubna_data_02_mir/recover-20221013/UBNA_001/20221012_030000.WAV,Telephone Field,recover-20221013,001,1795
1515.1645,1515.2014,68437,82031,Rhinolophus ferrumequinum,0.027,0.027,-1,Echolocation,/mnt/ubna_data_02_mir/recover-20221013/UBNA_001/20221012_030000.WAV,Telephone Field,recover-20221013,001,1795
1515.1655,1515.1725,25468,39821,Plecotus austriacus,0.005,0.023,-1,Echolocation,/mnt/ubna_data_02_mir/recover-20221013/UBNA_001/20221012_030000.WAV,Telephone Field,recover-20221013,001,1795
1515.1855,1515.2243,68437,81921,Rhinolophus ferrumequinum,0.021,0.021,-1,Echolocation,/mnt/ubna_data_02_mir/recover-20221013/UBNA_001/20221012_030000.WAV,Telephone Field,recover-20221013,001,1795
1515.2155,1515.2249,22890,28499,Nyctalus leisleri,0.007,0.021,-1,Echolocation,/mnt/ubna_data_02_mir/recover-20221013/UBNA_001/20221012_030000.WAV,Telephone Field,recover-20221013,001,1795
1515.2175,1515.2598,68437,82547,Rhinolophus ferrumequinum,0.025,0.025,-1,Echolocation,/mnt/ubna_data_02_mir/recover-20221013/UBNA_001/20221012_030000.WAV,Telephone Field,recover-20221013,001,1795
1515.2275,1515.2691,68437,82793,Rhinolophus ferrumequinum,0.024,0.024,-1,Echolocation,/mnt/ubna_data_02_mir/recover-20221013/UBNA_001/20221012_030000.WAV,Telephone Field,recover-20221013,001,1795
1515.2325,1515.2443,22890,27951,Nyctalus leisleri,0.012,0.024,-1,Echolocation,/mnt/ubna_data_02_mir/recover-20221013/UBNA_001/20221012_030000.WAV,Telephone Field,recover-20221013,001,1795
1515.2415,1515.2807,68437,82209,Rhinolophus ferrumequinum,0.022,0.022,-1,Echolocation,/mnt/ubna_data_02_mir/recover-20221013/UBNA_001/20221012_030000.WAV,Telephone Field,recover-20221013,001,1795
1515.2535,1515.2636,51250,55949,Pipistrellus pipistrellus,0.02,0.024,-1,Echolocation,/mnt/ubna_data_02_mir/recover-20221013/UBNA_001/20221012_030000.WAV,Telephone Field,recover-20221013,001,1795
1515.2805,1515.2884,28046,42093,Eptesicus serotinus,0.008,0.023,-1,Echolocation,/mnt/ubna_data_02_mir/recover-20221013/UBNA_001/20221012_030000.WAV,Telephone Field,recover-20221013,001,1795
1515.3015,1515.3372,68437,81349,Rhinolophus ferrumequinum,0.025,0.025,-1,Echolocation,/mnt/ubna_data_02_mir/recover-20221013/UBNA_001/20221012_030000.WAV,Telephone Field,recover-20221013,001,1795
1515.3375,1515.3479,22890,28112,Nyctalus leisleri,0.01,0.022,-1,Echolocation,/mnt/ubna_data_02_mir/recover-20221013/UBNA_001/20221012_030000.WAV,Telephone Field,recover-20221013,001,1795
1515.3675,1515.4063,68437,81597,Rhinolophus ferrumequinum,0.022,0.022,-1,Echolocation,/mnt/ubna_data_02_mir/recover-20221013/UBNA_001/20221012_030000.WAV,Telephone Field,recover-20221013,001,1795
1515.3985,1515.4068,27187,42627,Eptesicus serotinus,0.01,0.026,-1,Echolocation,/mnt/ubna_data_02_mir/recover-20221013/UBNA_001/20221012_030000.WAV,Telephone Field,recover-20221013,001,1795
1515.4115,1515.4498,68437,82285,Rhinolophus ferrumequinum,0.025,0.025,-1,Echolocation,/mnt/ubna_data_02_mir/recover-20221013/UBNA_001/20221012_030000.WAV,Telephone Field,recover-20221013,001,1795
1515.4165,1515.4374,19453,22685,Nyctalus noctula,0.011,0.024,-1,Echolocation,/mnt/ubna_data_02_mir/recover-20221013/UBNA_001/20221012_030000.WAV,Telephone Field,recover-20221013,001,1795
1515.4395,1515.4463,28046,41828,Eptesicus serotinus,0.006,0.022,-1,Echolocation,/mnt/ubna_data_02_mir/recover-20221013/UBNA_001/20221012_030000.WAV,Telephone Field,recover-20221013,001,1795
1515.4955,1515.5331,68437,81592,Rhinolophus ferrumequinum,0.029,0.029,-1,Echolocation,/mnt/ubna_data_02_mir/recover-20221013/UBNA_001/20221012_030000.WAV,Telephone Field,recover-20221013,001,1795
1515.5115,1515.5206,28906,37487,Eptesicus serotinus,0.011,0.026,-1,Echolocation,/mnt/ubna_data_02_mir/recover-20221013/UBNA_001/20221012_030000.WAV,Telephone Field,recover-20221013,001,1795
1515.5435,1515.5544,28906,35093,Eptesicus serotinus,0.01,0.024,-1,Echolocation,/mnt/ubna_data_02_mir/recover-20221013/UBNA_001/20221012_030000.WAV,Telephone Field,recover-20221013,001,1795
1515.5545,1515.5622,21171,29165,Plecotus austriacus,0.014,0.024,-1,Echolocation,/mnt/ubna_data_02_mir/recover-20221013/UBNA_001/20221012_030000.WAV,Telephone Field,recover-20221013,001,1795
1515.5635,1515.6018,68437,82144,Rhinolophus ferrumequinum,0.021,0.021,-1,Echolocation,/mnt/ubna_data_02_mir/recover-20221013/UBNA_001/20221012_030000.WAV,Telephone Field,recover-20221013,001,1795
1515.5775,1515.616,68437,82310,Rhinolophus ferrumequinum,0.028,0.028,-1,Echolocation,/mnt/ubna_data_02_mir/recover-20221013/UBNA_001/20221012_030000.WAV,Telephone Field,recover-20221013,001,1795
1515.6125,1515.6212,28906,37454,Eptesicus serotinus,0.046,0.075,-1,Echolocation,/mnt/ubna_data_02_mir/recover-20221013/UBNA_001/20221012_030000.WAV,Telephone Field,recover-20221013,001,1795
1515.6325,1515.6739,68437,83065,Rhinolophus ferrumequinum,0.024,0.024,-1,Echolocation,/mnt/ubna_data_02_mir/recover-20221013/UBNA_001/20221012_030000.WAV,Telephone Field,recover-20221013,001,1795
1515.6885,1515.6975,28046,40615,Eptesicus serotinus,0.008,0.022,-1,Echolocation,/mnt/ubna_data_02_mir/recover-20221013/UBNA_001/20221012_030000.WAV,Telephone Field,recover-20221013,001,1795
1515.6895,1515.7306,68437,82419,Rhinolophus ferrumequinum,0.025,0.025,-1,Echolocation,/mnt/ubna_data_02_mir/recover-20221013/UBNA_001/20221012_030000.WAV,Telephone Field,recover-20221013,001,1795
1515.7035,1515.7428,68437,82308,Rhinolophus ferrumequinum,0.022,0.022,-1,Echolocation,/mnt/ubna_data_02_mir/recover-20221013/UBNA_001/20221012_030000.WAV,Telephone Field,recover-20221013,001,1795
1515.7105,1515.7489,68437,82147,Rhinolophus ferrumequinum,0.023,0.023,-1,Echolocation,/mnt/ubna_data_02_mir/recover-20221013/UBNA_001/20221012_030000.WAV,Telephone Field,recover-20221013,001,1795
1515.7275,1515.7356,26328,34880,Eptesicus serotinus,0.009,0.025,-1,Echolocation,/mnt/ubna_data_02_mir/recover-20221013/UBNA_001/20221012_030000.WAV,Telephone Field,recover-20221013,001,1795
1515.7465,1515.7569,22031,27149,Nyctalus leisleri,0.01,0.022,-1,Echolocation,/mnt/ubna_data_02_mir/recover-20221013/UBNA_001/20221012_030000.WAV,Telephone Field,recover-20221013,001,1795
1515.7635,1515.8004,68437,81840,Rhinolophus ferrumequinum,0.022,0.022,-1,Echolocation,/mnt/ubna_data_02_mir/recover-20221013/UBNA_001/20221012_030000.WAV,Telephone Field,recover-20221013,001,1795
1515.7735,1515.785,26328,33789,Eptesicus serotinus,0.011,0.027,-1,Echolocation,/mnt/ubna_data_02_mir/recover-20221013/UBNA_001/20221012_030000.WAV,Telephone Field,recover-20221013,001,1795
1515.7805,1515.7939,24609,29882,Nyctalus leisleri,0.015,0.03,-1,Echolocation,/mnt/ubna_data_02_mir/recover-20221013/UBNA_001/20221012_030000.WAV,Telephone Field,recover-20221013,001,1795
1515.8225,1515.8595,68437,82402,Rhinolophus ferrumequinum,0.026,0.026,-1,Echolocation,/mnt/ubna_data_02_mir/recover-20221013/UBNA_001/20221012_030000.WAV,Telephone Field,recover-20221013,001,1795
1515.8355,1515.8577,17734,20375,Nyctalus noctula,0.018,0.03,-1,Echolocation,/mnt/ubna_data_02_mir/recover-20221013/UBNA_001/20221012_030000.WAV,Telephone Field,recover-20221013,001,1795
1515.8395,1515.8787,68437,82222,Rhinolophus ferrumequinum,0.021,0.021,-1,Echolocation,/mnt/ubna_data_02_mir/recover-20221013/UBNA_001/20221012_030000.WAV,Telephone Field,recover-20221013,001,1795
1515.8645,1515.8735,24609,34229,Nyctalus leisleri,0.006,0.024,-1,Echolocation,/mnt/ubna_data_02_mir/recover-20221013/UBNA_001/20221012_030000.WAV,Telephone Field,recover-20221013,001,1795
1515.8805,1515.9162,68437,81245,Rhinolophus ferrumequinum,0.021,0.021,-1,Echolocation,/mnt/ubna_data_02_mir/recover-20221013/UBNA_001/20221012_030000.WAV,Telephone Field,recover-20221013,001,1795
1515.9145,1515.958,68437,82915,Rhinolophus ferrumequinum,0.023,0.023,-1,Echolocation,/mnt/ubna_data_02_mir/recover-20221013/UBNA_001/20221012_030000.WAV,Telephone Field,recover-20221013,001,1795
1515.9445,1515.9555,22890,28406,Nyctalus leisleri,0.012,0.025,-1,Echolocation,/mnt/ubna_data_02_mir/recover-20221013/UBNA_001/20221012_030000.WAV,Telephone Field,recover-20221013,001,1795
1516.0015,1516.0111,23750,32658,Nyctalus leisleri,0.012,0.035,-1,Echolocation,/mnt/ubna_data_02_mir/recover-20221013/UBNA_001/20221012_030000.WAV,Telephone Field,recover-20221013,001,1795
1516.0015,1516.0359,68437,80055,Rhinolophus ferrumequinum,0.059,0.059,-1,Echolocation,/mnt/ubna_data_02_mir/recover-20221013/UBNA_001/20221012_030000.WAV,Telephone Field,recover-20221013,001,1795
1516.0305,1516.0387,50390,54040,Pipistrellus pipistrellus,0.025,0.027,-1,Echolocation,/mnt/ubna_data_02_mir/recover-20221013/UBNA_001/20221012_030000.WAV,Telephone Field,recover-20221013,001,1795
1516.0575,1516.0679,28046,34811,Eptesicus serotinus,0.013,0.027,-1,Echolocation,/mnt/ubna_data_02_mir/recover-20221013/UBNA_001/20221012_030000.WAV,Telephone Field,recover-20221013,001,1795
1516.0605,1516.0979,68437,81068,Rhinolophus ferrumequinum,0.022,0.022,-1,Echolocation,/mnt/ubna_data_02_mir/recover-20221013/UBNA_001/20221012_030000.WAV,Telephone Field,recover-20221013,001,1795
1516.0945,1516.1036,48671,56807,Pipistrellus pipistrellus,0.023,0.027,-1,Echolocation,/mnt/ubna_data_02_mir/recover-20221013/UBNA_001/20221012_030000.WAV,Telephone Field,recover-20221013,001,1795
1516.1145,1516.1591,68437,83299,Rhinolophus ferrumequinum,0.032,0.032,-1,Echolocation,/mnt/ubna_data_02_mir/recover-20221013/UBNA_001/20221012_030000.WAV,Telephone Field,recover-20221013,001,1795
1516.1415,1516.1482,28046,41811,Eptesicus serotinus,0.006,0.023,-1,Echolocation,/mnt/ubna_data_02_mir/recover-20221013/UBNA_001/20221012_030000.WAV,Telephone Field,recover-20221013,001,1795
1516.1535,1516.1981,68437,82939,Rhinolophus ferrumequinum,0.029,0.029,-1,Echolocation,/mnt/ubna_data_02_mir/recover-20221013/UBNA_001/20221012_030000.WAV,Telephone Field,recover-20221013,001,1795
1516.1625,1516.1692,24609,35647,Plecotus austriacus,0.016,0.035,-1,Echolocation,/mnt/ubna_data_02_mir/recover-20221013/UBNA_001/20221012_030000.WAV,Telephone Field,recover-20221013,001,1795
1516.2015,1516.2177,35781,40180,Pipistrellus nathusii,0.023,0.063,-1,Echolocation,/mnt/ubna_data_02_mir/recover-20221013/UBNA_001/20221012_030000.WAV,Telephone Field,recover-20221013,001,1795
1516.2445,1516.2825,68437,82666,Rhinolophus ferrumequinum,0.024,0.024,-1,Echolocation,/mnt/ubna_data_02_mir/recover-20221013/UBNA_001/20221012_030000.WAV,Telephone Field,recover-20221013,001,1795
1516.2665,1516.3031,68437,81197,Rhinolophus ferrumequinum,0.023,0.023,-1,Echolocation,/mnt/ubna_data_02_mir/recover-20221013/UBNA_001/20221012_030000.WAV,Telephone Field,recover-20221013,001,1795
1516.2675,1516.2752,28046,41587,Eptesicus serotinus,0.007,0.023,-1,Echolocation,/mnt/ubna_data_02_mir/recover-20221013/UBNA_001/20221012_030000.WAV,Telephone Field,recover-20221013,001,1795
1516.3245,1516.3661,68437,82890,Rhinolophus ferrumequinum,0.029,0.029,-1,Echolocation,/mnt/ubna_data_02_mir/recover-20221013/UBNA_001/20221012_030000.WAV,Telephone Field,recover-20221013,001,1795
1516.3355,1516.3454,28046,36092,Eptesicus serotinus,0.01,0.022,-1,Echolocation,/mnt/ubna_data_02_mir/recover-20221013/UBNA_001/20221012_030000.WAV,Telephone Field,recover-20221013,001,1795
1516.3665,1516.4055,68437,82306,Rhinolophus ferrumequinum,0.029,0.029,-1,Echolocation,/mnt/ubna_data_02_mir/recover-20221013/UBNA_001/20221012_030000.WAV,Telephone Field,recover-20221013,001,1795
1516.3725,1516.3836000000001,28906,35643,Eptesicus serotinus,0.01,0.023,-1,Echolocation,/mnt/ubna_data_02_mir/recover-20221013/UBNA_001/20221012_030000.WAV,Telephone Field,recover-20221013,001,1795
1516.3875,1516.3972,26328,33814,Eptesicus serotinus,0.008,0.025,-1,Echolocation,/mnt/ubna_data_02_mir/recover-20221013/UBNA_001/20221012_030000.WAV,Telephone Field,recover-20221013,001,1795
1516.4185,1516.4508,68437,79241,Rhinolophus ferrumequinum,0.027,0.027,-1,Echolocation,/mnt/ubna_data_02_mir/recover-20221013/UBNA_001/20221012_030000.WAV,Telephone Field,recover-20221013,001,1795
1516.4445,1516.4769000000001,68437,81258,Rhinolophus ferrumequinum,0.048,0.048,-1,Echolocation,/mnt/ubna_data_02_mir/recover-20221013/UBNA_001/20221012_030000.WAV,Telephone Field,recover-20221013,001,1795
1516.4645,1516.4735,23750,31101,Plecotus austriacus,0.008,0.024,-1,Echolocation,/mnt/ubna_data_02_mir/recover-20221013/UBNA_001/20221012_030000.WAV,Telephone Field,recover-20221013,001,1795
1516.4695,1516.4772,47812,53245,Pipistrellus pipistrellus,0.046,0.048,-1,Echolocation,/mnt/ubna_data_02_mir/recover-20221013/UBNA_001/20221012_030000.WAV,Telephone Field,recover-20221013,001,1795
1516.4835,1516.5217,68437,81736,Rhinolophus ferrumequinum,0.042,0.042,-1,Echolocation,/mnt/ubna_data_02_mir/recover-20221013/UBNA_001/20221012_030000.WAV,Telephone Field,recover-20221013,001,1795
1516.4925,1516.5317,68437,82899,Rhinolophus ferrumequinum,0.034,0.034,-1,Echolocation,/mnt/ubna_data_02_mir/recover-20221013/UBNA_001/20221012_030000.WAV,Telephone Field,recover-20221013,001,1795
1516.5005,1516.5078,44375,52046,Pipistrellus pipistrellus,0.021,0.024,-1,Echolocation,/mnt/ubna_data_02_mir/recover-20221013/UBNA_001/20221012_030000.WAV,Telephone Field,recover-20221013,001,1795
1516.5065,1516.5134,28046,39680,Eptesicus serotinus,0.012,0.033,-1,Echolocation,/mnt/ubna_data_02_mir/recover-20221013/UBNA_001/20221012_030000.WAV,Telephone Field,recover-20221013,001,1795
1516.5615,1516.5983,68437,81937,Rhinolophus ferrumequinum,0.026,0.026,-1,Echolocation,/mnt/ubna_data_02_mir/recover-20221013/UBNA_001/20221012_030000.WAV,Telephone Field,recover-20221013,001,1795
1516.5875,1516.6102,19453,22090,Nyctalus leisleri,0.017,0.034,-1,Echolocation,/mnt/ubna_data_02_mir/recover-20221013/UBNA_001/20221012_030000.WAV,Telephone Field,recover-20221013,001,1795
1516.5895,1516.6293,68437,82569,Rhinolophus ferrumequinum,0.023,0.023,-1,Echolocation,/mnt/ubna_data_02_mir/recover-20221013/UBNA_001/20221012_030000.WAV,Telephone Field,recover-20221013,001,1795
1516.6315,1516.6698,68437,82256,Rhinolophus ferrumequinum,0.023,0.023,-1,Echolocation,/mnt/ubna_data_02_mir/recover-20221013/UBNA_001/20221012_030000.WAV,Telephone Field,recover-20221013,001,1795
1516.6585,1516.6974,68437,82846,Rhinolophus ferrumequinum,0.024,0.024,-1,Echolocation,/mnt/ubna_data_02_mir/recover-20221013/UBNA_001/20221012_030000.WAV,Telephone Field,recover-20221013,001,1795
1516.6735,1516.714,68437,82677,Rhinolophus ferrumequinum,0.028,0.028,-1,Echolocation,/mnt/ubna_data_02_mir/recover-20221013/UBNA_001/20221012_030000.WAV,Telephone Field,recover-20221013,001,1795
1516.6995,1516.7355,68437,81692,Rhinolophus ferrumequinum,0.022,0.022,-1,Echolocation,/mnt/ubna_data_02_mir/recover-20221013/UBNA_001/20221012_030000.WAV,Telephone Field,recover-20221013,001,1795
1516.7225,1516.7304,28046,38148,Eptesicus serotinus,0.008,0.024,-1,Echolocation,/mnt/ubna_data_02_mir/recover-20221013/UBNA_001/20221012_030000.WAV,Telephone Field,recover-20221013,001,1795
1516.7435,1516.7509,27187,40311,Eptesicus serotinus,0.007,0.023,-1,Echolocation,/mnt/ubna_data_02_mir/recover-20221013/UBNA_001/20221012_030000.WAV,Telephone Field,recover-20221013,001,1795
1516.7655,1516.7756,29765,36771,Eptesicus serotinus,0.009,0.023,-1,Echolocation,/mnt/ubna_data_02_mir/recover-20221013/UBNA_001/20221012_030000.WAV,Telephone Field,recover-20221013,001,1795
1516.7705,1516.8058,68437,81554,Rhinolophus ferrumequinum,0.025,0.025,-1,Echolocation,/mnt/ubna_data_02_mir/recover-20221013/UBNA_001/20221012_030000.WAV,Telephone Field,recover-20221013,001,1795
1516.8535,1516.8945,68437,82471,Rhinolophus ferrumequinum,0.024,0.024,-1,Echolocation,/mnt/ubna_data_02_mir/recover-20221013/UBNA_001/20221012_030000.WAV,Telephone Field,recover-20221013,001,1795
1516.8735,1516.9121,68437,81793,Rhinolophus ferrumequinum,0.024,0.024,-1,Echolocation,/mnt/ubna_data_02_mir/recover-20221013/UBNA_001/20221012_030000.WAV,Telephone Field,recover-20221013,001,1795
1516.9045,1516.9427,68437,81361,Rhinolophus ferrumequinum,0.031,0.031,-1,Echolocation,/mnt/ubna_data_02_mir/recover-20221013/UBNA_001/20221012_030000.WAV,Telephone Field,recover-20221013,001,1795
1516.9135,1516.9213,37500,43066,Barbastellus barbastellus,0.027,0.05,-1,Echolocation,/mnt/ubna_data_02_mir/recover-20221013/UBNA_001/20221012_030000.WAV,Telephone Field,recover-20221013,001,1795
1516.9555,1516.9659,22890,28942,Nyctalus leisleri,0.011,0.026,-1,Echolocation,/mnt/ubna_data_02_mir/recover-20221013/UBNA_001/20221012_030000.WAV,Telephone Field,recover-20221013,001,1795
1516.9675,1517.0066,68437,83053,Rhinolophus ferrumequinum,0.025,0.025,-1,Echolocation,/mnt/ubna_data_02_mir/recover-20221013/UBNA_001/20221012_030000.WAV,Telephone Field,recover-20221013,001,1795
1516.9845,1517.0235,68437,82849,Rhinolophus ferrumequinum,0.026,0.026,-1,Echolocation,/mnt/ubna_data_02_mir/recover-20221013/UBNA_001/20221012_030000.WAV,Telephone Field,recover-20221013,001,1795
1517.0155,1517.0535,68437,81597,Rhinolophus ferrumequinum,0.024,0.024,-1,Echolocation,/mnt/ubna_data_02_mir/recover-20221013/UBNA_001/20221012_030000.WAV,Telephone Field,recover-20221013,001,1795
1517.0225,1517.0607,68437,81689,Rhinolophus ferrumequinum,0.027,0.027,-1,Echolocation,/mnt/ubna_data_02_mir/recover-20221013/UBNA_001/20221012_030000.WAV,Telephone Field,recover-20221013,001,1795
1517.0885,1517.1293,68437,82449,Rhinolophus ferrumequinum,0.03,0.03,-1,Echolocation,/mnt/ubna_data_02_mir/recover-20221013/UBNA_001/20221012_030000.WAV,Telephone Field,recover-20221013,001,1795
1517.1115,1517.1469,68437,80787,Rhinolophus ferrumequinum,0.022,0.022,-1,Echolocation,/mnt/ubna_data_02_mir/recover-20221013/UBNA_001/20221012_030000.WAV,Telephone Field,recover-20221013,001,1795
1517.1165,1517.1271,28906,36478,Eptesicus serotinus,0.016,0.029,-1,Echolocation,/mnt/ubna_data_02_mir/recover-20221013/UBNA_001/20221012_030000.WAV,Telephone Field,recover-20221013,001,1795
1517.1295,1517.1627,68437,81121,Rhinolophus ferrumequinum,0.022,0.022,-1,Echolocation,/mnt/ubna_data_02_mir/recover-20221013/UBNA_001/20221012_030000.WAV,Telephone Field,recover-20221013,001,1795
1517.1415,1517.1487,24609,37492,Plecotus austriacus,0.007,0.022,-1,Echolocation,/mnt/ubna_data_02_mir/recover-20221013/UBNA_001/20221012_030000.WAV,Telephone Field,recover-20221013,001,1795
1517.1565,1517.1971,68437,83130,Rhinolophus ferrumequinum,0.042,0.042,-1,Echolocation,/mnt/ubna_data_02_mir/recover-20221013/UBNA_001/20221012_030000.WAV,Telephone Field,recover-20221013,001,1795
1517.1855,1517.2252,68437,82798,Rhinolophus ferrumequinum,0.03,0.03,-1,Echolocation,/mnt/ubna_data_02_mir/recover-20221013/UBNA_001/20221012_030000.WAV,Telephone Field,recover-20221013,001,1795
1517.2215,1517.2583,68437,82087,Rhinolophus ferrumequinum,0.024,0.024,-1,Echolocation,/mnt/ubna_data_02_mir/recover-20221013/UBNA_001/20221012_030000.WAV,Telephone Field,recover-20221013,001,1795
1517.2255,1517.2355,28906,36624,Eptesicus serotinus,0.01,0.022,-1,Echolocation,/mnt/ubna_data_02_mir/recover-20221013/UBNA_001/20221012_030000.WAV,Telephone Field,recover-20221013,001,1795
1517.2545,1517.2663,22890,27710,Nyctalus leisleri,0.013,0.024,-1,Echolocation,/mnt/ubna_data_02_mir/recover-20221013/UBNA_001/20221012_030000.WAV,Telephone Field,recover-20221013,001,1795
1517.2565,1517.2653,46093,50925,Pipistrellus pipistrellus,0.025,0.026,-1,Echolocation,/mnt/ubna_data_02_mir/recover-20221013/UBNA_001/20221012_030000.WAV,Telephone Field,recover-20221013,001,1795
1517.2795,1517.3215,68437,82792,Rhinolophus ferrumequinum,0.026,0.026,-1,Echolocation,/mnt/ubna_data_02_mir/recover-20221013/UBNA_001/20221012_030000.WAV,Telephone Field,recover-20221013,001,1795
1517.2845,1517.2935,28046,38092,Eptesicus serotinus,0.011,0.027,-1,Echolocation,/mnt/ubna_data_02_mir/recover-20221013/UBNA_001/20221012_030000.WAV,Telephone Field,recover-20221013,001,1795
1517.2975,1517.3368,68437,81998,Rhinolophus ferrumequinum,0.025,0.025,-1,Echolocation,/mnt/ubna_data_02_mir/recover-20221013/UBNA_001/20221012_030000.WAV,Telephone Field,recover-20221013,001,1795
1517.3095,1517.3505,68437,81929,Rhinolophus ferrumequinum,0.025,0.025,-1,Echolocation,/mnt/ubna_data_02_mir/recover-20221013/UBNA_001/20221012_030000.WAV,Telephone Field,recover-20221013,001,1795
1517.3425,1517.3507,33203,42210,Myotis daubentonii,0.008,0.023,-1,Echolocation,/mnt/ubna_data_02_mir/recover-20221013/UBNA_001/20221012_030000.WAV,Telephone Field,recover-20221013,001,1795
1517.3495,1517.3888,68437,82111,Rhinolophus ferrumequinum,0.032,0.032,-1,Echolocation,/mnt/ubna_data_02_mir/recover-20221013/UBNA_001/20221012_030000.WAV,Telephone Field,recover-20221013,001,1795
1517.4695,1517.5074,68437,81841,Rhinolophus ferrumequinum,0.025,0.025,-1,Echolocation,/mnt/ubna_data_02_mir/recover-20221013/UBNA_001/20221012_030000.WAV,Telephone Field,recover-20221013,001,1795
1517.4785,1517.517,68437,82256,Rhinolophus ferrumequinum,0.025,0.025,-1,Echolocation,/mnt/ubna_data_02_mir/recover-20221013/UBNA_001/20221012_030000.WAV,Telephone Field,recover-20221013,001,1795
1517.5345,1517.5752,68437,82601,Rhinolophus ferrumequinum,0.026,0.026,-1,Echolocation,/mnt/ubna_data_02_mir/recover-20221013/UBNA_001/20221012_030000.WAV,Telephone Field,recover-20221013,001,1795
1517.5445,1517.5844,68437,82740,Rhinolophus ferrumequinum,0.025,0.025,-1,Echolocation,/mnt/ubna_data_02_mir/recover-20221013/UBNA_001/20221012_030000.WAV,Telephone Field,recover-20221013,001,1795
1517.5475,1517.5583,28906,36413,Eptesicus serotinus,0.012,0.027,-1,Echolocation,/mnt/ubna_data_02_mir/recover-20221013/UBNA_001/20221012_030000.WAV,Telephone Field,recover-20221013,001,1795
1517.5715,1517.6131,68437,83065,Rhinolophus ferrumequinum,0.038,0.038,-1,Echolocation,/mnt/ubna_data_02_mir/recover-20221013/UBNA_001/20221012_030000.WAV,Telephone Field,recover-20221013,001,1795
1517.5725,1517.5806,28046,40774,Eptesicus serotinus,0.007,0.022,-1,Echolocation,/mnt/ubna_data_02_mir/recover-20221013/UBNA_001/20221012_030000.WAV,Telephone Field,recover-20221013,001,1795
1517.5835,1517.6201,68437,81566,Rhinolophus ferrumequinum,0.022,0.022,-1,Echolocation,/mnt/ubna_data_02_mir/recover-20221013/UBNA_001/20221012_030000.WAV,Telephone Field,recover-20221013,001,1795
1517.5955,1517.6037,23750,31884,Plecotus austriacus,0.008,0.022,-1,Echolocation,/mnt/ubna_data_02_mir/recover-20221013/UBNA_001/20221012_030000.WAV,Telephone Field,recover-20221013,001,1795
1517.5985,1517.6371,68437,81153,Rhinolophus ferrumequinum,0.022,0.022,-1,Echolocation,/mnt/ubna_data_02_mir/recover-20221013/UBNA_001/20221012_030000.WAV,Telephone Field,recover-20221013,001,1795
1517.6095,1517.6477,68437,82001,Rhinolophus ferrumequinum,0.029,0.029,-1,Echolocation,/mnt/ubna_data_02_mir/recover-20221013/UBNA_001/20221012_030000.WAV,Telephone Field,recover-20221013,001,1795
1517.6525,1517.6594,24609,34063,Plecotus austriacus,0.01,0.028,-1,Echolocation,/mnt/ubna_data_02_mir/recover-20221013/UBNA_001/20221012_030000.WAV,Telephone Field,recover-20221013,001,1795
1517.8915,1517.937,68437,83466,Rhinolophus ferrumequinum,0.06,0.06,-1,Echolocation,/mnt/ubna_data_02_mir/recover-20221013/UBNA_001/20221012_030000.WAV,Telephone Field,recover-20221013,001,1795
1517.9095,1517.951,68437,82796,Rhinolophus ferrumequinum,0.026,0.026,-1,Echolocation,/mnt/ubna_data_02_mir/recover-20221013/UBNA_001/20221012_030000.WAV,Telephone Field,recover-20221013,001,1795
1517.9195,1517.9291,23750,30021,Nyctalus leisleri,0.009,0.024,-1,Echolocation,/mnt/ubna_data_02_mir/recover-20221013/UBNA_001/20221012_030000.WAV,Telephone Field,recover-20221013,001,1795
1517.9285,1517.9677,68437,82712,Rhinolophus ferrumequinum,0.023,0.023,-1,Echolocation,/mnt/ubna_data_02_mir/recover-20221013/UBNA_001/20221012_030000.WAV,Telephone Field,recover-20221013,001,1795
1517.9365,1517.973,68437,82331,Rhinolophus ferrumequinum,0.023,0.023,-1,Echolocation,/mnt/ubna_data_02_mir/recover-20221013/UBNA_001/20221012_030000.WAV,Telephone Field,recover-20221013,001,1795
1517.9385,1517.9459,28046,41307,Eptesicus serotinus,0.007,0.023,-1,Echolocation,/mnt/ubna_data_02_mir/recover-20221013/UBNA_001/20221012_030000.WAV,Telephone Field,recover-20221013,001,1795
1517.9475,1517.9867,68437,82293,Rhinolophus ferrumequinum,0.025,0.025,-1,Echolocation,/mnt/ubna_data_02_mir/recover-20221013/UBNA_001/20221012_030000.WAV,Telephone Field,recover-20221013,001,1795
1517.9475,1517.9599,22890,27702,Nyctalus leisleri,0.011,0.024,-1,Echolocation,/mnt/ubna_data_02_mir/recover-20221013/UBNA_001/20221012_030000.WAV,Telephone Field,recover-20221013,001,1795
1517.9875,1517.9961,27187,38166,Eptesicus serotinus,0.009,0.023,-1,Echolocation,/mnt/ubna_data_02_mir/recover-20221013/UBNA_001/20221012_030000.WAV,Telephone Field,recover-20221013,001,1795
1518.0015,1518.0105,24609,33906,Nyctalus leisleri,0.012,0.032,-1,Echolocation,/mnt/ubna_data_02_mir/recover-20221013/UBNA_001/20221012_030000.WAV,Telephone Field,recover-20221013,001,1795
1518.0015,1518.0339,68437,79609,Rhinolophus ferrumequinum,0.024,0.024,-1,Echolocation,/mnt/ubna_data_02_mir/recover-20221013/UBNA_001/20221012_030000.WAV,Telephone Field,recover-20221013,001,1795
1518.0085,1518.0526,68437,82883,Rhinolophus ferrumequinum,0.03,0.03,-1,Echolocation,/mnt/ubna_data_02_mir/recover-20221013/UBNA_001/20221012_030000.WAV,Telephone Field,recover-20221013,001,1795
1518.0635,1518.1079,68437,82815,Rhinolophus ferrumequinum,0.028,0.028,-1,Echolocation,/mnt/ubna_data_02_mir/recover-20221013/UBNA_001/20221012_030000.WAV,Telephone Field,recover-20221013,001,1795
1518.0855,1518.1265,68437,82519,Rhinolophus ferrumequinum,0.024,0.024,-1,Echolocation,/mnt/ubna_data_02_mir/recover-20221013/UBNA_001/20221012_030000.WAV,Telephone Field,recover-20221013,001,1795
1518.1035,1518.1435,68437,82798,Rhinolophus ferrumequinum,0.025,0.025,-1,Echolocation,/mnt/ubna_data_02_mir/recover-20221013/UBNA_001/20221012_030000.WAV,Telephone Field,recover-20221013,001,1795
1518.1215,1518.1323,22890,27848,Nyctalus leisleri,0.012,0.027,-1,Echolocation,/mnt/ubna_data_02_mir/recover-20221013/UBNA_001/20221012_030000.WAV,Telephone Field,recover-20221013,001,1795
1518.1765,1518.1898,47812,51439,Pipistrellus pipistrellus,0.03,0.035,-1,Echolocation,/mnt/ubna_data_02_mir/recover-20221013/UBNA_001/20221012_030000.WAV,Telephone Field,recover-20221013,001,1795
1518.1765,1518.2149,68437,82690,Rhinolophus ferrumequinum,0.021,0.021,-1,Echolocation,/mnt/ubna_data_02_mir/recover-20221013/UBNA_001/20221012_030000.WAV,Telephone Field,recover-20221013,001,1795
1518.1815,1518.1879,24609,36110,Plecotus austriacus,0.015,0.036,-1,Echolocation,/mnt/ubna_data_02_mir/recover-20221013/UBNA_001/20221012_030000.WAV,Telephone Field,recover-20221013,001,1795
1518.2075,1518.2489,68437,82884,Rhinolophus ferrumequinum,0.028,0.028,-1,Echolocation,/mnt/ubna_data_02_mir/recover-20221013/UBNA_001/20221012_030000.WAV,Telephone Field,recover-20221013,001,1795
1518.2425,1518.2835,68437,82993,Rhinolophus ferrumequinum,0.022,0.022,-1,Echolocation,/mnt/ubna_data_02_mir/recover-20221013/UBNA_001/20221012_030000.WAV,Telephone Field,recover-20221013,001,1795
1518.2435,1518.2552,23750,30232,Nyctalus leisleri,0.009,0.022,-1,Echolocation,/mnt/ubna_data_02_mir/recover-20221013/UBNA_001/20221012_030000.WAV,Telephone Field,recover-20221013,001,1795
1518.2515,1518.2629,23750,29344,Nyctalus leisleri,0.01,0.025,-1,Echolocation,/mnt/ubna_data_02_mir/recover-20221013/UBNA_001/20221012_030000.WAV,Telephone Field,recover-20221013,001,1795
1518.2655,1518.3033,68437,81879,Rhinolophus ferrumequinum,0.026,0.026,-1,Echolocation,/mnt/ubna_data_02_mir/recover-20221013/UBNA_001/20221012_030000.WAV,Telephone Field,recover-20221013,001,1795
1518.2815,1518.3183,68437,81604,Rhinolophus ferrumequinum,0.021,0.021,-1,Echolocation,/mnt/ubna_data_02_mir/recover-20221013/UBNA_001/20221012_030000.WAV,Telephone Field,recover-20221013,001,1795
1518.3395,1518.3773,68437,81807,Rhinolophus ferrumequinum,0.024,0.024,-1,Echolocation,/mnt/ubna_data_02_mir/recover-20221013/UBNA_001/20221012_030000.WAV,Telephone Field,recover-20221013,001,1795
1518.3495,1518.3859,68437,81100,Rhinolophus ferrumequinum,0.031,0.031,-1,Echolocation,/mnt/ubna_data_02_mir/recover-20221013/UBNA_001/20221012_030000.WAV,Telephone Field,recover-20221013,001,1795
1518.4605,1518.502,68437,82999,Rhinolophus ferrumequinum,0.051,0.051,-1,Echolocation,/mnt/ubna_data_02_mir/recover-20221013/UBNA_001/20221012_030000.WAV,Telephone Field,recover-20221013,001,1795
1518.4765,1518.4836,28046,41198,Eptesicus serotinus,0.007,0.022,-1,Echolocation,/mnt/ubna_data_02_mir/recover-20221013/UBNA_001/20221012_030000.WAV,Telephone Field,recover-20221013,001,1795
1518.4935,1518.5314,68437,82127,Rhinolophus ferrumequinum,0.024,0.024,-1,Echolocation,/mnt/ubna_data_02_mir/recover-20221013/UBNA_001/20221012_030000.WAV,Telephone Field,recover-20221013,001,1795
1518.5115,1518.5475,68437,82092,Rhinolophus ferrumequinum,0.023,0.023,-1,Echolocation,/mnt/ubna_data_02_mir/recover-20221013/UBNA_001/20221012_030000.WAV,Telephone Field,recover-20221013,001,1795
1518.5235,1518.5631,68437,82017,Rhinolophus ferrumequinum,0.026,0.026,-1,Echolocation,/mnt/ubna_data_02_mir/recover-20221013/UBNA_001/20221012_030000.WAV,Telephone Field,recover-20221013,001,1795
1518.5395,1518.5471,28046,39383,Eptesicus serotinus,0.007,0.022,-1,Echolocation,/mnt/ubna_data_02_mir/recover-20221013/UBNA_001/20221012_030000.WAV,Telephone Field,recover-20221013,001,1795
1518.5605,1518.5776,21171,25092,Nyctalus leisleri,0.021,0.038,-1,Echolocation,/mnt/ubna_data_02_mir/recover-20221013/UBNA_001/20221012_030000.WAV,Telephone Field,recover-20221013,001,1795
1518.5895,1518.6007,15156,24255,Nyctalus noctula,0.012,0.022,-1,Echolocation,/mnt/ubna_data_02_mir/recover-20221013/UBNA_001/20221012_030000.WAV,Telephone Field,recover-20221013,001,1795
1518.6435,1518.6794,68437,82041,Rhinolophus ferrumequinum,0.023,0.023,-1,Echolocation,/mnt/ubna_data_02_mir/recover-20221013/UBNA_001/20221012_030000.WAV,Telephone Field,recover-20221013,001,1795
1518.6465,1518.6549,27187,40794,Eptesicus serotinus,0.009,0.025,-1,Echolocation,/mnt/ubna_data_02_mir/recover-20221013/UBNA_001/20221012_030000.WAV,Telephone Field,recover-20221013,001,1795
1518.6545,1518.6629,26328,35289,Eptesicus serotinus,0.01,0.025,-1,Echolocation,/mnt/ubna_data_02_mir/recover-20221013/UBNA_001/20221012_030000.WAV,Telephone Field,recover-20221013,001,1795
1518.7025,1518.713,22890,28744,Nyctalus leisleri,0.01,0.023,-1,Echolocation,/mnt/ubna_data_02_mir/recover-20221013/UBNA_001/20221012_030000.WAV,Telephone Field,recover-20221013,001,1795
1518.7315,1518.7404,28046,42953,Eptesicus serotinus,0.017,0.04,-1,Echolocation,/mnt/ubna_data_02_mir/recover-20221013/UBNA_001/20221012_030000.WAV,Telephone Field,recover-20221013,001,1795
1518.7425,1518.7588,28906,33627,Eptesicus serotinus,0.024,0.041,-1,Echolocation,/mnt/ubna_data_02_mir/recover-20221013/UBNA_001/20221012_030000.WAV,Telephone Field,recover-20221013,001,1795
1518.7675,1518.8067,68437,82827,Rhinolophus ferrumequinum,0.026,0.026,-1,Echolocation,/mnt/ubna_data_02_mir/recover-20221013/UBNA_001/20221012_030000.WAV,Telephone Field,recover-20221013,001,1795
1518.7755,1518.8135,68437,82274,Rhinolophus ferrumequinum,0.022,0.022,-1,Echolocation,/mnt/ubna_data_02_mir/recover-20221013/UBNA_001/20221012_030000.WAV,Telephone Field,recover-20221013,001,1795
1518.7855,1518.8264,68437,82299,Rhinolophus ferrumequinum,0.027,0.027,-1,Echolocation,/mnt/ubna_data_02_mir/recover-20221013/UBNA_001/20221012_030000.WAV,Telephone Field,recover-20221013,001,1795
1518.8215,1518.8297,28046,41722,Eptesicus serotinus,0.008,0.022,-1,Echolocation,/mnt/ubna_data_02_mir/recover-20221013/UBNA_001/20221012_030000.WAV,Telephone Field,recover-20221013,001,1795
1518.8445,1518.8841,68437,82318,Rhinolophus ferrumequinum,0.025,0.025,-1,Echolocation,/mnt/ubna_data_02_mir/recover-20221013/UBNA_001/20221012_030000.WAV,Telephone Field,recover-20221013,001,1795
1518.8795,1518.9175,68437,81670,Rhinolophus ferrumequinum,0.024,0.024,-1,Echolocation,/mnt/ubna_data_02_mir/recover-20221013/UBNA_001/20221012_030000.WAV,Telephone Field,recover-20221013,001,1795
1518.9405,1518.9552,22031,25959,Nyctalus leisleri,0.018,0.035,-1,Echolocation,/mnt/ubna_data_02_mir/recover-20221013/UBNA_001/20221012_030000.WAV,Telephone Field,recover-20221013,001,1795
1518.9495,1518.9919,68437,82997,Rhinolophus ferrumequinum,0.036,0.036,-1,Echolocation,/mnt/ubna_data_02_mir/recover-20221013/UBNA_001/20221012_030000.WAV,Telephone Field,recover-20221013,001,1795
1518.9755,1518.983,27187,41080,Eptesicus serotinus,0.007,0.022,-1,Echolocation,/mnt/ubna_data_02_mir/recover-20221013/UBNA_001/20221012_030000.WAV,Telephone Field,recover-20221013,001,1795
1518.9875,1519.0001,22890,27565,Nyctalus leisleri,0.015,0.027,-1,Echolocation,/mnt/ubna_data_02_mir/recover-20221013/UBNA_001/20221012_030000.WAV,Telephone Field,recover-20221013,001,1795
1519.0055,1519.0441,68437,82636,Rhinolophus ferrumequinum,0.023,0.023,-1,Echolocation,/mnt/ubna_data_02_mir/recover-20221013/UBNA_001/20221012_030000.WAV,Telephone Field,recover-20221013,001,1795
1519.0135,1519.052,68437,82462,Rhinolophus ferrumequinum,0.023,0.023,-1,Echolocation,/mnt/ubna_data_02_mir/recover-20221013/UBNA_001/20221012_030000.WAV,Telephone Field,recover-20221013,001,1795
1519.0365,1519.0784,68437,82389,Rhinolophus ferrumequinum,0.028,0.028,-1,Echolocation,/mnt/ubna_data_02_mir/recover-20221013/UBNA_001/20221012_030000.WAV,Telephone Field,recover-20221013,001,1795
1519.0435,1519.0835,68437,82654,Rhinolophus ferrumequinum,0.034,0.034,-1,Echolocation,/mnt/ubna_data_02_mir/recover-20221013/UBNA_001/20221012_030000.WAV,Telephone Field,recover-20221013,001,1795
1519.0515,1519.0912,68437,82615,Rhinolophus ferrumequinum,0.023,0.023,-1,Echolocation,/mnt/ubna_data_02_mir/recover-20221013/UBNA_001/20221012_030000.WAV,Telephone Field,recover-20221013,001,1795
1519.0585,1519.0661,28046,41796,Eptesicus serotinus,0.008,0.022,-1,Echolocation,/mnt/ubna_data_02_mir/recover-20221013/UBNA_001/20221012_030000.WAV,Telephone Field,recover-20221013,001,1795
1519.0745,1519.0853,24609,30410,Nyctalus leisleri,0.01,0.026,-1,Echolocation,/mnt/ubna_data_02_mir/recover-20221013/UBNA_001/20221012_030000.WAV,Telephone Field,recover-20221013,001,1795
1519.0925,1519.1319,68437,82480,Rhinolophus ferrumequinum,0.024,0.024,-1,Echolocation,/mnt/ubna_data_02_mir/recover-20221013/UBNA_001/20221012_030000.WAV,Telephone Field,recover-20221013,001,1795
1519.1135,1519.1537,68437,82241,Rhinolophus ferrumequinum,0.022,0.022,-1,Echolocation,/mnt/ubna_data_02_mir/recover-20221013/UBNA_001/20221012_030000.WAV,Telephone Field,recover-20221013,001,1795
1519.1385,1519.1793,68437,82516,Rhinolophus ferrumequinum,0.054,0.054,-1,Echolocation,/mnt/ubna_data_02_mir/recover-20221013/UBNA_001/20221012_030000.WAV,Telephone Field,recover-20221013,001,1795
1519.1485,1519.1873,68437,81936,Rhinolophus ferrumequinum,0.025,0.025,-1,Echolocation,/mnt/ubna_data_02_mir/recover-20221013/UBNA_001/20221012_030000.WAV,Telephone Field,recover-20221013,001,1795
1519.1635,1519.2014,68437,82410,Rhinolophus ferrumequinum,0.025,0.025,-1,Echolocation,/mnt/ubna_data_02_mir/recover-20221013/UBNA_001/20221012_030000.WAV,Telephone Field,recover-20221013,001,1795
1519.2045,1519.2137,27187,38330,Eptesicus serotinus,0.009,0.021,-1,Echolocation,/mnt/ubna_data_02_mir/recover-20221013/UBNA_001/20221012_030000.WAV,Telephone Field,recover-20221013,001,1795
1519.2075,1519.2451,68437,81441,Rhinolophus ferrumequinum,0.025,0.025,-1,Echolocation,/mnt/ubna_data_02_mir/recover-20221013/UBNA_001/20221012_030000.WAV,Telephone Field,recover-20221013,001,1795
1519.2255,1519.2682,68437,82997,Rhinolophus ferrumequinum,0.025,0.025,-1,Echolocation,/mnt/ubna_data_02_mir/recover-20221013/UBNA_001/20221012_030000.WAV,Telephone Field,recover-20221013,001,1795
1519.2505,1519.2606,23750,31122,Eptesicus serotinus,0.008,0.028,-1,Echolocation,/mnt/ubna_data_02_mir/recover-20221013/UBNA_001/20221012_030000.WAV,Telephone Field,recover-20221013,001,1795
1519.2525,1519.2919,68437,82375,Rhinolophus ferrumequinum,0.022,0.022,-1,Echolocation,/mnt/ubna_data_02_mir/recover-20221013/UBNA_001/20221012_030000.WAV,Telephone Field,recover-20221013,001,1795
1519.2685,1519.3061,68437,81999,Rhinolophus ferrumequinum,0.025,0.025,-1,Echolocation,/mnt/ubna_data_02_mir/recover-20221013/UBNA_001/20221012_030000.WAV,Telephone Field,recover-20221013,001,1795
1519.2805,1519.3244,68437,83496,Rhinolophus ferrumequinum,0.032,0.032,-1,Echolocation,/mnt/ubna_data_02_mir/recover-20221013/UBNA_001/20221012_030000.WAV,Telephone Field,recover-20221013,001,1795
1519.3845,1519.4201,68437,81507,Rhinolophus ferrumequinum,0.021,0.021,-1,Echolocation,/mnt/ubna_data_02_mir/recover-20221013/UBNA_001/20221012_030000.WAV,Telephone Field,recover-20221013,001,1795
1519.4015,1519.4398,68437,82663,Rhinolophus ferrumequinum,0.025,0.025,-1,Echolocation,/mnt/ubna_data_02_mir/recover-20221013/UBNA_001/20221012_030000.WAV,Telephone Field,recover-20221013,001,1795
1519.4095,1519.4168,25468,40242,Eptesicus serotinus,0.005,0.022,-1,Echolocation,/mnt/ubna_data_02_mir/recover-20221013/UBNA_001/20221012_030000.WAV,Telephone Field,recover-20221013,001,1795
1519.4425,1519.4814,68437,82583,Rhinolophus ferrumequinum,0.024,0.024,-1,Echolocation,/mnt/ubna_data_02_mir/recover-20221013/UBNA_001/20221012_030000.WAV,Telephone Field,recover-20221013,001,1795
1519.4475,1519.4873,68437,82875,Rhinolophus ferrumequinum,0.024,0.024,-1,Echolocation,/mnt/ubna_data_02_mir/recover-20221013/UBNA_001/20221012_030000.WAV,Telephone Field,recover-20221013,001,1795
1519.4525,1519.4714,22031,25515,Nyctalus leisleri,0.019,0.035,-1,Echolocation,/mnt/ubna_data_02_mir/recover-20221013/UBNA_001/20221012_030000.WAV,Telephone Field,recover-20221013,001,1795
1519.4535,1519.493,68437,82271,Rhinolophus ferrumequinum,0.023,0.023,-1,Echolocation,/mnt/ubna_data_02_mir/recover-20221013/UBNA_001/20221012_030000.WAV,Telephone Field,recover-20221013,001,1795
1519.4845,1519.5222,68437,82297,Rhinolophus ferrumequinum,0.022,0.023,-1,Echolocation,/mnt/ubna_data_02_mir/recover-20221013/UBNA_001/20221012_030000.WAV,Telephone Field,recover-20221013,001,1795
1519.5165,1519.5259,28046,36649,Eptesicus serotinus,0.021,0.039,-1,Echolocation,/mnt/ubna_data_02_mir/recover-20221013/UBNA_001/20221012_030000.WAV,Telephone Field,recover-20221013,001,1795
1519.5285,1519.5394000000001,27187,34955,Eptesicus serotinus,0.015,0.028,-1,Echolocation,/mnt/ubna_data_02_mir/recover-20221013/UBNA_001/20221012_030000.WAV,Telephone Field,recover-20221013,001,1795
1519.5405,1519.5803,68437,82970,Rhinolophus ferrumequinum,0.026,0.026,-1,Echolocation,/mnt/ubna_data_02_mir/recover-20221013/UBNA_001/20221012_030000.WAV,Telephone Field,recover-20221013,001,1795
1519.5745,1519.5841,27187,38102,Eptesicus serotinus,0.01,0.024,-1,Echolocation,/mnt/ubna_data_02_mir/recover-20221013/UBNA_001/20221012_030000.WAV,Telephone Field,recover-20221013,001,1795
1519.5745,1519.6142,68437,82066,Rhinolophus ferrumequinum,0.022,0.022,-1,Echolocation,/mnt/ubna_data_02_mir/recover-20221013/UBNA_001/20221012_030000.WAV,Telephone Field,recover-20221013,001,1795
1519.5925,1519.6327,68437,82723,Rhinolophus ferrumequinum,0.024,0.024,-1,Echolocation,/mnt/ubna_data_02_mir/recover-20221013/UBNA_001/20221012_030000.WAV,Telephone Field,recover-20221013,001,1795
1519.6165,1519.6274,22890,27906,Nyctalus leisleri,0.011,0.024,-1,Echolocation,/mnt/ubna_data_02_mir/recover-20221013/UBNA_001/20221012_030000.WAV,Telephone Field,recover-20221013,001,1795
1519.6205,1519.6596,68437,82621,Rhinolophus ferrumequinum,0.027,0.027,-1,Echolocation,/mnt/ubna_data_02_mir/recover-20221013/UBNA_001/20221012_030000.WAV,Telephone Field,recover-20221013,001,1795
1519.6315,1519.6704,68437,81889,Rhinolophus ferrumequinum,0.025,0.025,-1,Echolocation,/mnt/ubna_data_02_mir/recover-20221013/UBNA_001/20221012_030000.WAV,Telephone Field,recover-20221013,001,1795
1519.6595,1519.6993,68437,82629,Rhinolophus ferrumequinum,0.031,0.031,-1,Echolocation,/mnt/ubna_data_02_mir/recover-20221013/UBNA_001/20221012_030000.WAV,Telephone Field,recover-20221013,001,1795
1519.6595,1519.6739,22031,25803,Nyctalus leisleri,0.019,0.031,-1,Echolocation,/mnt/ubna_data_02_mir/recover-20221013/UBNA_001/20221012_030000.WAV,Telephone Field,recover-20221013,001,1795
1519.6875,1519.7256,68437,82039,Rhinolophus ferrumequinum,0.027,0.027,-1,Echolocation,/mnt/ubna_data_02_mir/recover-20221013/UBNA_001/20221012_030000.WAV,Telephone Field,recover-20221013,001,1795
1519.6925,1519.704,22031,26619,Nyctalus leisleri,0.014,0.029,-1,Echolocation,/mnt/ubna_data_02_mir/recover-20221013/UBNA_001/20221012_030000.WAV,Telephone Field,recover-20221013,001,1795
1519.6985,1519.7359,68437,81895,Rhinolophus ferrumequinum,0.022,0.022,-1,Echolocation,/mnt/ubna_data_02_mir/recover-20221013/UBNA_001/20221012_030000.WAV,Telephone Field,recover-20221013,001,1795
1519.7445,1519.7831,68437,81936,Rhinolophus ferrumequinum,0.024,0.024,-1,Echolocation,/mnt/ubna_data_02_mir/recover-20221013/UBNA_001/20221012_030000.WAV,Telephone Field,recover-20221013,001,1795
1519.7795,1519.8164,68437,81909,Rhinolophus ferrumequinum,0.023,0.023,-1,Echolocation,/mnt/ubna_data_02_mir/recover-20221013/UBNA_001/20221012_030000.WAV,Telephone Field,recover-20221013,001,1795
1519.7935,1519.8287,68437,81522,Rhinolophus ferrumequinum,0.029,0.029,-1,Echolocation,/mnt/ubna_data_02_mir/recover-20221013/UBNA_001/20221012_030000.WAV,Telephone Field,recover-20221013,001,1795
1519.8055,1519.8169,28906,36482,Eptesicus serotinus,0.018,0.032,-1,Echolocation,/mnt/ubna_data_02_mir/recover-20221013/UBNA_001/20221012_030000.WAV,Telephone Field,recover-20221013,001,1795
1519.8235,1519.8624,68437,81851,Rhinolophus ferrumequinum,0.023,0.023,-1,Echolocation,/mnt/ubna_data_02_mir/recover-20221013/UBNA_001/20221012_030000.WAV,Telephone Field,recover-20221013,001,1795
1519.9205,1519.9284,46093,57039,Pipistrellus pipistrellus,0.018,0.027,-1,Echolocation,/mnt/ubna_data_02_mir/recover-20221013/UBNA_001/20221012_030000.WAV,Telephone Field,recover-20221013,001,1795
1519.9475,1519.9892,68437,83310,Rhinolophus ferrumequinum,0.039,0.039,-1,Echolocation,/mnt/ubna_data_02_mir/recover-20221013/UBNA_001/20221012_030000.WAV,Telephone Field,recover-20221013,001,1795
1519.9775,1519.9884,28906,36558,Eptesicus serotinus,0.014,0.026,-1,Echolocation,/mnt/ubna_data_02_mir/recover-20221013/UBNA_001/20221012_030000.WAV,Telephone Field,recover-20221013,001,1795
1520.0015,1520.0094,41796,50786,Pipistrellus pipistrellus,0.005,0.022,-1,Echolocation,/mnt/ubna_data_02_mir/recover-20221013/UBNA_001/20221012_030000.WAV,Telephone Field,recover-20221013,001,1795
1520.0015,1520.0098,22890,31033,Plecotus austriacus,0.007,0.025,-1,Echolocation,/mnt/ubna_data_02_mir/recover-20221013/UBNA_001/20221012_030000.WAV,Telephone Field,recover-20221013,001,1795
1520.0015,1520.0366,69296,82004,Rhinolophus ferrumequinum,0.034,0.034,-1,Echolocation,/mnt/ubna_data_02_mir/recover-20221013/UBNA_001/20221012_030000.WAV,Telephone Field,recover-20221013,001,1795
1520.0085,1520.0184,28906,36374,Eptesicus serotinus,0.011,0.029,-1,Echolocation,/mnt/ubna_data_02_mir/recover-20221013/UBNA_001/20221012_030000.WAV,Telephone Field,recover-20221013,001,1795
1520.0095,1520.0496,68437,81518,Rhinolophus ferrumequinum,0.024,0.024,-1,Echolocation,/mnt/ubna_data_02_mir/recover-20221013/UBNA_001/20221012_030000.WAV,Telephone Field,recover-20221013,001,1795
1520.0105,1520.0209,22031,27878,Nyctalus leisleri,0.009,0.023,-1,Echolocation,/mnt/ubna_data_02_mir/recover-20221013/UBNA_001/20221012_030000.WAV,Telephone Field,recover-20221013,001,1795
1520.0205,1520.0579,68437,82019,Rhinolophus ferrumequinum,0.022,0.022,-1,Echolocation,/mnt/ubna_data_02_mir/recover-20221013/UBNA_001/20221012_030000.WAV,Telephone Field,recover-20221013,001,1795
1520.0355,1520.0777,68437,82789,Rhinolophus ferrumequinum,0.031,0.031,-1,Echolocation,/mnt/ubna_data_02_mir/recover-20221013/UBNA_001/20221012_030000.WAV,Telephone Field,recover-20221013,001,1795
1520.1035,1520.1373,68437,81021,Rhinolophus ferrumequinum,0.032,0.032,-1,Echolocation,/mnt/ubna_data_02_mir/recover-20221013/UBNA_001/20221012_030000.WAV,Telephone Field,recover-20221013,001,1795
1520.1155,1520.1529,68437,81229,Rhinolophus ferrumequinum,0.027,0.027,-1,Echolocation,/mnt/ubna_data_02_mir/recover-20221013/UBNA_001/20221012_030000.WAV,Telephone Field,recover-20221013,001,1795
1520.1515,1520.1592,28906,39887,Eptesicus serotinus,0.007,0.028,-1,Echolocation,/mnt/ubna_data_02_mir/recover-20221013/UBNA_001/20221012_030000.WAV,Telephone Field,recover-20221013,001,1795
1520.1555,1520.1668,22031,27440,Nyctalus leisleri,0.014,0.031,-1,Echolocation,/mnt/ubna_data_02_mir/recover-20221013/UBNA_001/20221012_030000.WAV,Telephone Field,recover-20221013,001,1795
1520.1655,1520.2045,68437,82051,Rhinolophus ferrumequinum,0.027,0.027,-1,Echolocation,/mnt/ubna_data_02_mir/recover-20221013/UBNA_001/20221012_030000.WAV,Telephone Field,recover-20221013,001,1795
1520.1765,1520.216,68437,81831,Rhinolophus ferrumequinum,0.024,0.024,-1,Echolocation,/mnt/ubna_data_02_mir/recover-20221013/UBNA_001/20221012_030000.WAV,Telephone Field,recover-20221013,001,1795
1520.2075,1520.2162,47812,52493,Pipistrellus pipistrellus,0.022,0.023,-1,Echolocation,/mnt/ubna_data_02_mir/recover-20221013/UBNA_001/20221012_030000.WAV,Telephone Field,recover-20221013,001,1795
1520.2125,1520.2535,68437,82816,Rhinolophus ferrumequinum,0.024,0.024,-1,Echolocation,/mnt/ubna_data_02_mir/recover-20221013/UBNA_001/20221012_030000.WAV,Telephone Field,recover-20221013,001,1795
1520.2305,1520.2706,68437,82599,Rhinolophus ferrumequinum,0.03,0.03,-1,Echolocation,/mnt/ubna_data_02_mir/recover-20221013/UBNA_001/20221012_030000.WAV,Telephone Field,recover-20221013,001,1795
1520.2625,1520.276,22890,27338,Nyctalus leisleri,0.019,0.032,-1,Echolocation,/mnt/ubna_data_02_mir/recover-20221013/UBNA_001/20221012_030000.WAV,Telephone Field,recover-20221013,001,1795
1520.2675,1520.3085,68437,82240,Rhinolophus ferrumequinum,0.039,0.039,-1,Echolocation,/mnt/ubna_data_02_mir/recover-20221013/UBNA_001/20221012_030000.WAV,Telephone Field,recover-20221013,001,1795
1520.2705,1520.2791,29765,39840,Eptesicus serotinus,0.014,0.034,-1,Echolocation,/mnt/ubna_data_02_mir/recover-20221013/UBNA_001/20221012_030000.WAV,Telephone Field,recover-20221013,001,1795
1520.2805,1520.3181,68437,82402,Rhinolophus ferrumequinum,0.022,0.022,-1,Echolocation,/mnt/ubna_data_02_mir/recover-20221013/UBNA_001/20221012_030000.WAV,Telephone Field,recover-20221013,001,1795
1520.2985,1520.3392,68437,82485,Rhinolophus ferrumequinum,0.022,0.022,-1,Echolocation,/mnt/ubna_data_02_mir/recover-20221013/UBNA_001/20221012_030000.WAV,Telephone Field,recover-20221013,001,1795
1520.3005,1520.3093,28906,38057,Eptesicus serotinus,0.008,0.022,-1,Echolocation,/mnt/ubna_data_02_mir/recover-20221013/UBNA_001/20221012_030000.WAV,Telephone Field,recover-20221013,001,1795
1520.3255,1520.3337,45234,55888,Pipistrellus pipistrellus,0.013,0.022,-1,Echolocation,/mnt/ubna_data_02_mir/recover-20221013/UBNA_001/20221012_030000.WAV,Telephone Field,recover-20221013,001,1795
1520.3295,1520.3721,68437,83209,Rhinolophus ferrumequinum,0.033,0.033,-1,Echolocation,/mnt/ubna_data_02_mir/recover-20221013/UBNA_001/20221012_030000.WAV,Telephone Field,recover-20221013,001,1795
1520.3295,1520.3373,28046,39381,Eptesicus serotinus,0.007,0.023,-1,Echolocation,/mnt/ubna_data_02_mir/recover-20221013/UBNA_001/20221012_030000.WAV,Telephone Field,recover-20221013,001,1795
1520.3545,1520.3924,68437,81016,Rhinolophus ferrumequinum,0.027,0.028,-1,Echolocation,/mnt/ubna_data_02_mir/recover-20221013/UBNA_001/20221012_030000.WAV,Telephone Field,recover-20221013,001,1795
1520.3595,1520.3934,68437,80692,Rhinolophus ferrumequinum,0.028,0.028,-1,Echolocation,/mnt/ubna_data_02_mir/recover-20221013/UBNA_001/20221012_030000.WAV,Telephone Field,recover-20221013,001,1795
1520.3825,1520.421,68437,82337,Rhinolophus ferrumequinum,0.022,0.022,-1,Echolocation,/mnt/ubna_data_02_mir/recover-20221013/UBNA_001/20221012_030000.WAV,Telephone Field,recover-20221013,001,1795
1520.4055,1520.4162,22890,28057,Nyctalus leisleri,0.01,0.022,-1,Echolocation,/mnt/ubna_data_02_mir/recover-20221013/UBNA_001/20221012_030000.WAV,Telephone Field,recover-20221013,001,1795
1520.4055,1520.4394,68437,81236,Rhinolophus ferrumequinum,0.032,0.032,-1,Echolocation,/mnt/ubna_data_02_mir/recover-20221013/UBNA_001/20221012_030000.WAV,Telephone Field,recover-20221013,001,1795
1520.4315,1520.4736,68437,82335,Rhinolophus ferrumequinum,0.047,0.047,-1,Echolocation,/mnt/ubna_data_02_mir/recover-20221013/UBNA_001/20221012_030000.WAV,Telephone Field,recover-20221013,001,1795
1520.4725,1520.511,68437,81383,Rhinolophus ferrumequinum,0.024,0.024,-1,Echolocation,/mnt/ubna_data_02_mir/recover-20221013/UBNA_001/20221012_030000.WAV,Telephone Field,recover-20221013,001,1795
1520.4735,1520.4811,23750,32534,Plecotus austriacus,0.009,0.022,-1,Echolocation,/mnt/ubna_data_02_mir/recover-20221013/UBNA_001/20221012_030000.WAV,Telephone Field,recover-20221013,001,1795
1520.5585,1520.6002,68437,82693,Rhinolophus ferrumequinum,0.022,0.022,-1,Echolocation,/mnt/ubna_data_02_mir/recover-20221013/UBNA_001/20221012_030000.WAV,Telephone Field,recover-20221013,001,1795
1520.5725,1520.6104,68437,82218,Rhinolophus ferrumequinum,0.024,0.024,-1,Echolocation,/mnt/ubna_data_02_mir/recover-20221013/UBNA_001/20221012_030000.WAV,Telephone Field,recover-20221013,001,1795
1520.6155,1520.6579,68437,82806,Rhinolophus ferrumequinum,0.032,0.032,-1,Echolocation,/mnt/ubna_data_02_mir/recover-20221013/UBNA_001/20221012_030000.WAV,Telephone Field,recover-20221013,001,1795
1520.6485,1520.6586,58984,63908,Pipistrellus pygmaeus,0.022,0.023,-1,Echolocation,/mnt/ubna_data_02_mir/recover-20221013/UBNA_001/20221012_030000.WAV,Telephone Field,recover-20221013,001,1795
1520.6725,1520.7096,68437,81051,Rhinolophus ferrumequinum,0.022,0.022,-1,Echolocation,/mnt/ubna_data_02_mir/recover-20221013/UBNA_001/20221012_030000.WAV,Telephone Field,recover-20221013,001,1795
1520.7075,1520.7167,28046,36361,Eptesicus serotinus,0.013,0.028,-1,Echolocation,/mnt/ubna_data_02_mir/recover-20221013/UBNA_001/20221012_030000.WAV,Telephone Field,recover-20221013,001,1795
1520.7195,1520.7597,68437,81794,Rhinolophus ferrumequinum,0.031,0.031,-1,Echolocation,/mnt/ubna_data_02_mir/recover-20221013/UBNA_001/20221012_030000.WAV,Telephone Field,recover-20221013,001,1795
1520.7285,1520.767,68437,82210,Rhinolophus ferrumequinum,0.028,0.028,-1,Echolocation,/mnt/ubna_data_02_mir/recover-20221013/UBNA_001/20221012_030000.WAV,Telephone Field,recover-20221013,001,1795
1520.7565,1520.7996,68437,82461,Rhinolophus ferrumequinum,0.031,0.031,-1,Echolocation,/mnt/ubna_data_02_mir/recover-20221013/UBNA_001/20221012_030000.WAV,Telephone Field,recover-20221013,001,1795
1520.7635,1520.7717,23750,32023,Plecotus austriacus,0.01,0.024,-1,Echolocation,/mnt/ubna_data_02_mir/recover-20221013/UBNA_001/20221012_030000.WAV,Telephone Field,recover-20221013,001,1795
1520.7935,1520.8014,28906,40008,Eptesicus serotinus,0.009,0.029,-1,Echolocation,/mnt/ubna_data_02_mir/recover-20221013/UBNA_001/20221012_030000.WAV,Telephone Field,recover-20221013,001,1795
1520.8265,1520.8625,68437,80982,Rhinolophus ferrumequinum,0.022,0.022,-1,Echolocation,/mnt/ubna_data_02_mir/recover-20221013/UBNA_001/20221012_030000.WAV,Telephone Field,recover-20221013,001,1795
1520.8525,1520.8607,57265,65084,Pipistrellus pygmaeus,0.026,0.027,-1,Echolocation,/mnt/ubna_data_02_mir/recover-20221013/UBNA_001/20221012_030000.WAV,Telephone Field,recover-20221013,001,1795
1520.8555,1520.8654,22890,28822,Nyctalus leisleri,0.012,0.029,-1,Echolocation,/mnt/ubna_data_02_mir/recover-20221013/UBNA_001/20221012_030000.WAV,Telephone Field,recover-20221013,001,1795
1520.8715,1520.8913,20312,23017,Nyctalus leisleri,0.016,0.027,-1,Echolocation,/mnt/ubna_data_02_mir/recover-20221013/UBNA_001/20221012_030000.WAV,Telephone Field,recover-20221013,001,1795
1520.8765,1520.9144000000001,68437,81906,Rhinolophus ferrumequinum,0.024,0.024,-1,Echolocation,/mnt/ubna_data_02_mir/recover-20221013/UBNA_001/20221012_030000.WAV,Telephone Field,recover-20221013,001,1795
1520.8945,1520.9021,25468,34452,Plecotus austriacus,0.009,0.028,-1,Echolocation,/mnt/ubna_data_02_mir/recover-20221013/UBNA_001/20221012_030000.WAV,Telephone Field,recover-20221013,001,1795
1520.9325,1520.9691,68437,81218,Rhinolophus ferrumequinum,0.028,0.028,-1,Echolocation,/mnt/ubna_data_02_mir/recover-20221013/UBNA_001/20221012_030000.WAV,Telephone Field,recover-20221013,001,1795
1520.9465,1520.9818,68437,81412,Rhinolophus ferrumequinum,0.022,0.022,-1,Echolocation,/mnt/ubna_data_02_mir/recover-20221013/UBNA_001/20221012_030000.WAV,Telephone Field,recover-20221013,001,1795
1521.0025,1521.013,23750,30364,Nyctalus leisleri,0.009,0.023,-1,Echolocation,/mnt/ubna_data_02_mir/recover-20221013/UBNA_001/20221012_030000.WAV,Telephone Field,recover-20221013,001,1795
1521.0195,1521.0304,45234,48584,Pipistrellus pipistrellus,0.029,0.031,-1,Echolocation,/mnt/ubna_data_02_mir/recover-20221013/UBNA_001/20221012_030000.WAV,Telephone Field,recover-20221013,001,1795
1521.0195,1521.0635,68437,82920,Rhinolophus ferrumequinum,0.038,0.038,-1,Echolocation,/mnt/ubna_data_02_mir/recover-20221013/UBNA_001/20221012_030000.WAV,Telephone Field,recover-20221013,001,1795
1521.0515,1521.0604,47812,52197,Pipistrellus pipistrellus,0.03,0.033,-1,Echolocation,/mnt/ubna_data_02_mir/recover-20221013/UBNA_001/20221012_030000.WAV,Telephone Field,recover-20221013,001,1795
1521.0785,1521.1219,68437,82804,Rhinolophus ferrumequinum,0.027,0.027,-1,Echolocation,/mnt/ubna_data_02_mir/recover-20221013/UBNA_001/20221012_030000.WAV,Telephone Field,recover-20221013,001,1795
1521.1155,1521.1562,68437,82197,Rhinolophus ferrumequinum,0.035,0.035,-1,Echolocation,/mnt/ubna_data_02_mir/recover-20221013/UBNA_001/20221012_030000.WAV,Telephone Field,recover-20221013,001,1795
1521.1345,1521.1433,22890,29689,Plecotus austriacus,0.008,0.022,-1,Echolocation,/mnt/ubna_data_02_mir/recover-20221013/UBNA_001/20221012_030000.WAV,Telephone Field,recover-20221013,001,1795
1521.1385,1521.181,68437,82785,Rhinolophus ferrumequinum,0.029,0.029,-1,Echolocation,/mnt/ubna_data_02_mir/recover-20221013/UBNA_001/20221012_030000.WAV,Telephone Field,recover-20221013,001,1795
1521.1495,1521.1576,28906,38567,Eptesicus serotinus,0.007,0.023,-1,Echolocation,/mnt/ubna_data_02_mir/recover-20221013/UBNA_001/20221012_030000.WAV,Telephone Field,recover-20221013,001,1795
1521.1635,1521.2011,68437,80521,Rhinolophus ferrumequinum,0.022,0.022,-1,Echolocation,/mnt/ubna_data_02_mir/recover-20221013/UBNA_001/20221012_030000.WAV,Telephone Field,recover-20221013,001,1795
1521.1905,1521.2307,68437,82223,Rhinolophus ferrumequinum,0.024,0.024,-1,Echolocation,/mnt/ubna_data_02_mir/recover-20221013/UBNA_001/20221012_030000.WAV,Telephone Field,recover-20221013,001,1795
1521.1965,1521.2364,68437,82197,Rhinolophus ferrumequinum,0.028,0.028,-1,Echolocation,/mnt/ubna_data_02_mir/recover-20221013/UBNA_001/20221012_030000.WAV,Telephone Field,recover-20221013,001,1795
1521.1965,1521.2052,46093,53947,Pipistrellus pipistrellus,0.02,0.024,-1,Echolocation,/mnt/ubna_data_02_mir/recover-20221013/UBNA_001/20221012_030000.WAV,Telephone Field,recover-20221013,001,1795
1521.2345,1521.2729,68437,82149,Rhinolophus ferrumequinum,0.025,0.025,-1,Echolocation,/mnt/ubna_data_02_mir/recover-20221013/UBNA_001/20221012_030000.WAV,Telephone Field,recover-20221013,001,1795
1521.2525,1521.2928,68437,82132,Rhinolophus ferrumequinum,0.022,0.022,-1,Echolocation,/mnt/ubna_data_02_mir/recover-20221013/UBNA_001/20221012_030000.WAV,Telephone Field,recover-20221013,001,1795
1521.3095,1521.3468,68437,81529,Rhinolophus ferrumequinum,0.023,0.024,-1,Echolocation,/mnt/ubna_data_02_mir/recover-20221013/UBNA_001/20221012_030000.WAV,Telephone Field,recover-20221013,001,1795
1521.3375,1521.3444,27187,41218,Eptesicus serotinus,0.006,0.023,-1,Echolocation,/mnt/ubna_data_02_mir/recover-20221013/UBNA_001/20221012_030000.WAV,Telephone Field,recover-20221013,001,1795
1521.3425,1521.3799,68437,82245,Rhinolophus ferrumequinum,0.024,0.024,-1,Echolocation,/mnt/ubna_data_02_mir/recover-20221013/UBNA_001/20221012_030000.WAV,Telephone Field,recover-20221013,001,1795
1521.3695,1521.4084,68437,81784,Rhinolophus ferrumequinum,0.035,0.035,-1,Echolocation,/mnt/ubna_data_02_mir/recover-20221013/UBNA_001/20221012_030000.WAV,Telephone Field,recover-20221013,001,1795
1521.4005,1521.4102,51250,56061,Pipistrellus pipistrellus,0.021,0.025,-1,Echolocation,/mnt/ubna_data_02_mir/recover-20221013/UBNA_001/20221012_030000.WAV,Telephone Field,recover-20221013,001,1795
1521.4535,1521.4902,68437,81548,Rhinolophus ferrumequinum,0.022,0.022,-1,Echolocation,/mnt/ubna_data_02_mir/recover-20221013/UBNA_001/20221012_030000.WAV,Telephone Field,recover-20221013,001,1795
1521.4645,1521.5029,68437,81801,Rhinolophus ferrumequinum,0.022,0.022,-1,Echolocation,/mnt/ubna_data_02_mir/recover-20221013/UBNA_001/20221012_030000.WAV,Telephone Field,recover-20221013,001,1795
1521.4745,1521.5145,68437,82164,Rhinolophus ferrumequinum,0.025,0.025,-1,Echolocation,/mnt/ubna_data_02_mir/recover-20221013/UBNA_001/20221012_030000.WAV,Telephone Field,recover-20221013,001,1795
1521.5045,1521.549,68437,82906,Rhinolophus ferrumequinum,0.038,0.038,-1,Echolocation,/mnt/ubna_data_02_mir/recover-20221013/UBNA_001/20221012_030000.WAV,Telephone Field,recover-20221013,001,1795
1521.5325,1521.5721,68437,82029,Rhinolophus ferrumequinum,0.023,0.023,-1,Echolocation,/mnt/ubna_data_02_mir/recover-20221013/UBNA_001/20221012_030000.WAV,Telephone Field,recover-20221013,001,1795
1521.5965,1521.6405,68437,82975,Rhinolophus ferrumequinum,0.037,0.037,-1,Echolocation,/mnt/ubna_data_02_mir/recover-20221013/UBNA_001/20221012_030000.WAV,Telephone Field,recover-20221013,001,1795
1521.6205,1521.6308,28906,37604,Eptesicus serotinus,0.013,0.027,-1,Echolocation,/mnt/ubna_data_02_mir/recover-20221013/UBNA_001/20221012_030000.WAV,Telephone Field,recover-20221013,001,1795
1521.6235,1521.6596,68437,81261,Rhinolophus ferrumequinum,0.022,0.022,-1,Echolocation,/mnt/ubna_data_02_mir/recover-20221013/UBNA_001/20221012_030000.WAV,Telephone Field,recover-20221013,001,1795
1521.6305,1521.6672,68437,81282,Rhinolophus ferrumequinum,0.022,0.022,-1,Echolocation,/mnt/ubna_data_02_mir/recover-20221013/UBNA_001/20221012_030000.WAV,Telephone Field,recover-20221013,001,1795
1521.6455,1521.6859,68437,82811,Rhinolophus ferrumequinum,0.031,0.031,-1,Echolocation,/mnt/ubna_data_02_mir/recover-20221013/UBNA_001/20221012_030000.WAV,Telephone Field,recover-20221013,001,1795
1521.6595,1521.67,22031,27330,Nyctalus leisleri,0.011,0.024,-1,Echolocation,/mnt/ubna_data_02_mir/recover-20221013/UBNA_001/20221012_030000.WAV,Telephone Field,recover-20221013,001,1795
1521.6915,1521.7318,68437,82562,Rhinolophus ferrumequinum,0.024,0.024,-1,Echolocation,/mnt/ubna_data_02_mir/recover-20221013/UBNA_001/20221012_030000.WAV,Telephone Field,recover-20221013,001,1795
1521.7075,1521.7491,68437,82889,Rhinolophus ferrumequinum,0.026,0.026,-1,Echolocation,/mnt/ubna_data_02_mir/recover-20221013/UBNA_001/20221012_030000.WAV,Telephone Field,recover-20221013,001,1795
1521.7115,1521.7185,28046,40457,Eptesicus serotinus,0.007,0.027,-1,Echolocation,/mnt/ubna_data_02_mir/recover-20221013/UBNA_001/20221012_030000.WAV,Telephone Field,recover-20221013,001,1795
1521.7175,1521.7562,68437,82071,Rhinolophus ferrumequinum,0.025,0.025,-1,Echolocation,/mnt/ubna_data_02_mir/recover-20221013/UBNA_001/20221012_030000.WAV,Telephone Field,recover-20221013,001,1795
1521.7295,1521.7647,68437,80842,Rhinolophus ferrumequinum,0.024,0.024,-1,Echolocation,/mnt/ubna_data_02_mir/recover-20221013/UBNA_001/20221012_030000.WAV,Telephone Field,recover-20221013,001,1795
1521.7765,1521.7956,19453,22921,Nyctalus noctula,0.013,0.027,-1,Echolocation,/mnt/ubna_data_02_mir/recover-20221013/UBNA_001/20221012_030000.WAV,Telephone Field,recover-20221013,001,1795
1521.7825,1521.8201,68437,82308,Rhinolophus ferrumequinum,0.024,0.024,-1,Echolocation,/mnt/ubna_data_02_mir/recover-20221013/UBNA_001/20221012_030000.WAV,Telephone Field,recover-20221013,001,1795
1521.8255,1521.8358,43515,51087,Pipistrellus pipistrellus,0.024,0.032,-1,Echolocation,/mnt/ubna_data_02_mir/recover-20221013/UBNA_001/20221012_030000.WAV,Telephone Field,recover-20221013,001,1795
1521.8275,1521.8698,68437,82879,Rhinolophus ferrumequinum,0.028,0.028,-1,Echolocation,/mnt/ubna_data_02_mir/recover-20221013/UBNA_001/20221012_030000.WAV,Telephone Field,recover-20221013,001,1795
1521.8405,1521.8577,16015,20277,Nyctalus noctula,0.014,0.022,-1,Echolocation,/mnt/ubna_data_02_mir/recover-20221013/UBNA_001/20221012_030000.WAV,Telephone Field,recover-20221013,001,1795
1521.8565,1521.8959,68437,82317,Rhinolophus ferrumequinum,0.024,0.024,-1,Echolocation,/mnt/ubna_data_02_mir/recover-20221013/UBNA_001/20221012_030000.WAV,Telephone Field,recover-20221013,001,1795
1521.8675,1521.9061,68437,82323,Rhinolophus ferrumequinum,0.027,0.027,-1,Echolocation,/mnt/ubna_data_02_mir/recover-20221013/UBNA_001/20221012_030000.WAV,Telephone Field,recover-20221013,001,1795
1521.8755,1521.9139,68437,81995,Rhinolophus ferrumequinum,0.023,0.023,-1,Echolocation,/mnt/ubna_data_02_mir/recover-20221013/UBNA_001/20221012_030000.WAV,Telephone Field,recover-20221013,001,1795
1521.8885,1521.8964,43515,53413,Pipistrellus pipistrellus,0.015,0.025,-1,Echolocation,/mnt/ubna_data_02_mir/recover-20221013/UBNA_001/20221012_030000.WAV,Telephone Field,recover-20221013,001,1795
1521.9135,1521.923,56406,61010,Pipistrellus pygmaeus,0.027,0.028,-1,Echolocation,/mnt/ubna_data_02_mir/recover-20221013/UBNA_001/20221012_030000.WAV,Telephone Field,recover-20221013,001,1795
1521.9255,1521.9638,68437,81459,Rhinolophus ferrumequinum,0.022,0.022,-1,Echolocation,/mnt/ubna_data_02_mir/recover-20221013/UBNA_001/20221012_030000.WAV,Telephone Field,recover-20221013,001,1795
1521.9385,1521.9808,68437,82783,Rhinolophus ferrumequinum,0.029,0.029,-1,Echolocation,/mnt/ubna_data_02_mir/recover-20221013/UBNA_001/20221012_030000.WAV,Telephone Field,recover-20221013,001,1795
1521.9485,1521.9573,25468,32319,Nyctalus leisleri,0.009,0.029,-1,Echolocation,/mnt/ubna_data_02_mir/recover-20221013/UBNA_001/20221012_030000.WAV,Telephone Field,recover-20221013,001,1795
1521.9575,1521.993,68437,81259,Rhinolophus ferrumequinum,0.027,0.027,-1,Echolocation,/mnt/ubna_data_02_mir/recover-20221013/UBNA_001/20221012_030000.WAV,Telephone Field,recover-20221013,001,1795
1521.9765,1521.9832,28046,39960,Eptesicus serotinus,0.006,0.022,-1,Echolocation,/mnt/ubna_data_02_mir/recover-20221013/UBNA_001/20221012_030000.WAV,Telephone Field,recover-20221013,001,1795
1522.0015,1522.0093,46093,54329,Pipistrellus pipistrellus,0.029,0.037,-1,Echolocation,/mnt/ubna_data_02_mir/recover-20221013/UBNA_001/20221012_030000.WAV,Telephone Field,recover-20221013,001,1795
1522.0015,1522.0108,22031,28539,Nyctalus leisleri,0.016,0.037,-1,Echolocation,/mnt/ubna_data_02_mir/recover-20221013/UBNA_001/20221012_030000.WAV,Telephone Field,recover-20221013,001,1795
1522.0015,1522.0301,69296,81736,Rhinolophus ferrumequinum,0.038,0.038,-1,Echolocation,/mnt/ubna_data_02_mir/recover-20221013/UBNA_001/20221012_030000.WAV,Telephone Field,recover-20221013,001,1795
1522.0015,1522.0101,52968,58748,Pipistrellus pygmaeus,0.021,0.029,-1,Echolocation,/mnt/ubna_data_02_mir/recover-20221013/UBNA_001/20221012_030000.WAV,Telephone Field,recover-20221013,001,1795
1522.0125,1522.0201,28906,37004,Eptesicus serotinus,0.006,0.022,-1,Echolocation,/mnt/ubna_data_02_mir/recover-20221013/UBNA_001/20221012_030000.WAV,Telephone Field,recover-20221013,001,1795
1522.0125,1522.0537,68437,81734,Rhinolophus ferrumequinum,0.023,0.023,-1,Echolocation,/mnt/ubna_data_02_mir/recover-20221013/UBNA_001/20221012_030000.WAV,Telephone Field,recover-20221013,001,1795
1522.0215,1522.0611,68437,82581,Rhinolophus ferrumequinum,0.023,0.023,-1,Echolocation,/mnt/ubna_data_02_mir/recover-20221013/UBNA_001/20221012_030000.WAV,Telephone Field,recover-20221013,001,1795
1522.0415,1522.0843,68437,82603,Rhinolophus ferrumequinum,0.025,0.025,-1,Echolocation,/mnt/ubna_data_02_mir/recover-20221013/UBNA_001/20221012_030000.WAV,Telephone Field,recover-20221013,001,1795
1522.0575,1522.0977,68437,82715,Rhinolophus ferrumequinum,0.024,0.024,-1,Echolocation,/mnt/ubna_data_02_mir/recover-20221013/UBNA_001/20221012_030000.WAV,Telephone Field,recover-20221013,001,1795
1522.0895,1522.0968,28046,38987,Eptesicus serotinus,0.008,0.027,-1,Echolocation,/mnt/ubna_data_02_mir/recover-20221013/UBNA_001/20221012_030000.WAV,Telephone Field,recover-20221013,001,1795
1522.1005,1522.1393,68437,82446,Rhinolophus ferrumequinum,0.024,0.024,-1,Echolocation,/mnt/ubna_data_02_mir/recover-20221013/UBNA_001/20221012_030000.WAV,Telephone Field,recover-20221013,001,1795
1522.1105,1522.122,45234,48700,Pipistrellus pipistrellus,0.05,0.053,-1,Echolocation,/mnt/ubna_data_02_mir/recover-20221013/UBNA_001/20221012_030000.WAV,Telephone Field,recover-20221013,001,1795
1522.1145,1522.1603,68437,83899,Rhinolophus ferrumequinum,0.063,0.063,-1,Echolocation,/mnt/ubna_data_02_mir/recover-20221013/UBNA_001/20221012_030000.WAV,Telephone Field,recover-20221013,001,1795
1522.1485,1522.188,68437,82192,Rhinolophus ferrumequinum,0.027,0.027,-1,Echolocation,/mnt/ubna_data_02_mir/recover-20221013/UBNA_001/20221012_030000.WAV,Telephone Field,recover-20221013,001,1795
1522.1705,1522.1779,23750,33692,Plecotus austriacus,0.011,0.025,-1,Echolocation,/mnt/ubna_data_02_mir/recover-20221013/UBNA_001/20221012_030000.WAV,Telephone Field,recover-20221013,001,1795
1522.2005,1522.2084,47812,51849,Pipistrellus pipistrellus,0.035,0.036,-1,Echolocation,/mnt/ubna_data_02_mir/recover-20221013/UBNA_001/20221012_030000.WAV,Telephone Field,recover-20221013,001,1795
1522.2025,1522.2426,68437,82506,Rhinolophus ferrumequinum,0.023,0.023,-1,Echolocation,/mnt/ubna_data_02_mir/recover-20221013/UBNA_001/20221012_030000.WAV,Telephone Field,recover-20221013,001,1795
1522.2605,1522.2992,68437,82277,Rhinolophus ferrumequinum,0.023,0.023,-1,Echolocation,/mnt/ubna_data_02_mir/recover-20221013/UBNA_001/20221012_030000.WAV,Telephone Field,recover-20221013,001,1795
1522.2825,1522.3171,68437,80994,Rhinolophus ferrumequinum,0.028,0.028,-1,Echolocation,/mnt/ubna_data_02_mir/recover-20221013/UBNA_001/20221012_030000.WAV,Telephone Field,recover-20221013,001,1795
1522.2825,1522.2896,28906,39223,Eptesicus serotinus,0.007,0.027,-1,Echolocation,/mnt/ubna_data_02_mir/recover-20221013/UBNA_001/20221012_030000.WAV,Telephone Field,recover-20221013,001,1795
1522.2945,1522.3311,68437,81930,Rhinolophus ferrumequinum,0.026,0.026,-1,Echolocation,/mnt/ubna_data_02_mir/recover-20221013/UBNA_001/20221012_030000.WAV,Telephone Field,recover-20221013,001,1795
1522.3305,1522.3688,68437,81875,Rhinolophus ferrumequinum,0.024,0.024,-1,Echolocation,/mnt/ubna_data_02_mir/recover-20221013/UBNA_001/20221012_030000.WAV,Telephone Field,recover-20221013,001,1795
1522.3655,1522.3756,50390,54704,Pipistrellus pipistrellus,0.021,0.026,-1,Echolocation,/mnt/ubna_data_02_mir/recover-20221013/UBNA_001/20221012_030000.WAV,Telephone Field,recover-20221013,001,1795
1522.3665,1522.3773,22890,27185,Nyctalus leisleri,0.011,0.023,-1,Echolocation,/mnt/ubna_data_02_mir/recover-20221013/UBNA_001/20221012_030000.WAV,Telephone Field,recover-20221013,001,1795
1522.3925,1522.4043,23750,29079,Nyctalus leisleri,0.011,0.022,-1,Echolocation,/mnt/ubna_data_02_mir/recover-20221013/UBNA_001/20221012_030000.WAV,Telephone Field,recover-20221013,001,1795
1522.3995,1522.4409,68437,82531,Rhinolophus ferrumequinum,0.027,0.027,-1,Echolocation,/mnt/ubna_data_02_mir/recover-20221013/UBNA_001/20221012_030000.WAV,Telephone Field,recover-20221013,001,1795
1522.4085,1522.4467,68437,82204,Rhinolophus ferrumequinum,0.027,0.027,-1,Echolocation,/mnt/ubna_data_02_mir/recover-20221013/UBNA_001/20221012_030000.WAV,Telephone Field,recover-20221013,001,1795
1522.4205,1522.4579,68437,81810,Rhinolophus ferrumequinum,0.026,0.026,-1,Echolocation,/mnt/ubna_data_02_mir/recover-20221013/UBNA_001/20221012_030000.WAV,Telephone Field,recover-20221013,001,1795
1522.4475,1522.4897,68437,82844,Rhinolophus ferrumequinum,0.041,0.041,-1,Echolocation,/mnt/ubna_data_02_mir/recover-20221013/UBNA_001/20221012_030000.WAV,Telephone Field,recover-20221013,001,1795
1522.5035,1522.5439,68437,81568,Rhinolophus ferrumequinum,0.022,0.023,-1,Echolocation,/mnt/ubna_data_02_mir/recover-20221013/UBNA_001/20221012_030000.WAV,Telephone Field,recover-20221013,001,1795
1522.5065,1522.5182,28046,34676,Eptesicus serotinus,0.013,0.028,-1,Echolocation,/mnt/ubna_data_02_mir/recover-20221013/UBNA_001/20221012_030000.WAV,Telephone Field,recover-20221013,001,1795
1522.5225,1522.5349,22031,25810,Nyctalus leisleri,0.02,0.032,-1,Echolocation,/mnt/ubna_data_02_mir/recover-20221013/UBNA_001/20221012_030000.WAV,Telephone Field,recover-20221013,001,1795
1522.5465,1522.5858,68437,82202,Rhinolophus ferrumequinum,0.024,0.024,-1,Echolocation,/mnt/ubna_data_02_mir/recover-20221013/UBNA_001/20221012_030000.WAV,Telephone Field,recover-20221013,001,1795
1522.5965,1522.6372,68437,82890,Rhinolophus ferrumequinum,0.031,0.031,-1,Echolocation,/mnt/ubna_data_02_mir/recover-20221013/UBNA_001/20221012_030000.WAV,Telephone Field,recover-20221013,001,1795
1522.6255,1522.6642,68437,81952,Rhinolophus ferrumequinum,0.027,0.027,-1,Echolocation,/mnt/ubna_data_02_mir/recover-20221013/UBNA_001/20221012_030000.WAV,Telephone Field,recover-20221013,001,1795
1522.6805,1522.7198,68437,82013,Rhinolophus ferrumequinum,0.022,0.022,-1,Echolocation,/mnt/ubna_data_02_mir/recover-20221013/UBNA_001/20221012_030000.WAV,Telephone Field,recover-20221013,001,1795
1522.6905,1522.7011,29765,36698,Eptesicus serotinus,0.011,0.027,-1,Echolocation,/mnt/ubna_data_02_mir/recover-20221013/UBNA_001/20221012_030000.WAV,Telephone Field,recover-20221013,001,1795
1522.7105,1522.7217,23750,28152,Nyctalus leisleri,0.012,0.023,-1,Echolocation,/mnt/ubna_data_02_mir/recover-20221013/UBNA_001/20221012_030000.WAV,Telephone Field,recover-20221013,001,1795
1522.7215,1522.7596,68437,81926,Rhinolophus ferrumequinum,0.023,0.023,-1,Echolocation,/mnt/ubna_data_02_mir/recover-20221013/UBNA_001/20221012_030000.WAV,Telephone Field,recover-20221013,001,1795
1522.7405,1522.7785,68437,81802,Rhinolophus ferrumequinum,0.023,0.023,-1,Echolocation,/mnt/ubna_data_02_mir/recover-20221013/UBNA_001/20221012_030000.WAV,Telephone Field,recover-20221013,001,1795
1522.7625,1522.7693,27187,39661,Eptesicus serotinus,0.006,0.024,-1,Echolocation,/mnt/ubna_data_02_mir/recover-20221013/UBNA_001/20221012_030000.WAV,Telephone Field,recover-20221013,001,1795
1522.7695,1522.7812,22890,28032,Nyctalus leisleri,0.012,0.024,-1,Echolocation,/mnt/ubna_data_02_mir/recover-20221013/UBNA_001/20221012_030000.WAV,Telephone Field,recover-20221013,001,1795
1522.7735,1522.8098,68437,82381,Rhinolophus ferrumequinum,0.024,0.024,-1,Echolocation,/mnt/ubna_data_02_mir/recover-20221013/UBNA_001/20221012_030000.WAV,Telephone Field,recover-20221013,001,1795
1522.8185,1522.8561,68437,81523,Rhinolophus ferrumequinum,0.027,0.027,-1,Echolocation,/mnt/ubna_data_02_mir/recover-20221013/UBNA_001/20221012_030000.WAV,Telephone Field,recover-20221013,001,1795
1522.8225,1522.8297,28046,40411,Eptesicus serotinus,0.008,0.027,-1,Echolocation,/mnt/ubna_data_02_mir/recover-20221013/UBNA_001/20221012_030000.WAV,Telephone Field,recover-20221013,001,1795
1522.8365,1522.8744,68437,81968,Rhinolophus ferrumequinum,0.023,0.023,-1,Echolocation,/mnt/ubna_data_02_mir/recover-20221013/UBNA_001/20221012_030000.WAV,Telephone Field,recover-20221013,001,1795
1522.8555,1522.8637,27187,36226,Eptesicus serotinus,0.009,0.023,-1,Echolocation,/mnt/ubna_data_02_mir/recover-20221013/UBNA_001/20221012_030000.WAV,Telephone Field,recover-20221013,001,1795
1522.8625,1522.8995,68437,82020,Rhinolophus ferrumequinum,0.023,0.023,-1,Echolocation,/mnt/ubna_data_02_mir/recover-20221013/UBNA_001/20221012_030000.WAV,Telephone Field,recover-20221013,001,1795
1522.8805,1522.8878,48671,53956,Pipistrellus pipistrellus,0.025,0.027,-1,Echolocation,/mnt/ubna_data_02_mir/recover-20221013/UBNA_001/20221012_030000.WAV,Telephone Field,recover-20221013,001,1795
1522.9115,1522.9498,68437,82048,Rhinolophus ferrumequinum,0.028,0.029,-1,Echolocation,/mnt/ubna_data_02_mir/recover-20221013/UBNA_001/20221012_030000.WAV,Telephone Field,recover-20221013,001,1795
1522.9315,1522.9452,36640,39579,Nyctalus leisleri,0.021,0.054,-1,Echolocation,/mnt/ubna_data_02_mir/recover-20221013/UBNA_001/20221012_030000.WAV,Telephone Field,recover-20221013,001,1795
1522.9355,1522.975,68437,82381,Rhinolophus ferrumequinum,0.026,0.026,-1,Echolocation,/mnt/ubna_data_02_mir/recover-20221013/UBNA_001/20221012_030000.WAV,Telephone Field,recover-20221013,001,1795
1522.9415,1522.9803,68437,82545,Rhinolophus ferrumequinum,0.024,0.024,-1,Echolocation,/mnt/ubna_data_02_mir/recover-20221013/UBNA_001/20221012_030000.WAV,Telephone Field,recover-20221013,001,1795
1522.9655,1522.9755,22890,29532,Nyctalus leisleri,0.008,0.023,-1,Echolocation,/mnt/ubna_data_02_mir/recover-20221013/UBNA_001/20221012_030000.WAV,Telephone Field,recover-20221013,001,1795
1522.9695,1523.0088,68437,82030,Rhinolophus ferrumequinum,0.025,0.025,-1,Echolocation,/mnt/ubna_data_02_mir/recover-20221013/UBNA_001/20221012_030000.WAV,Telephone Field,recover-20221013,001,1795
1522.9875,1523.0285,68437,83235,Rhinolophus ferrumequinum,0.036,0.036,-1,Echolocation,/mnt/ubna_data_02_mir/recover-20221013/UBNA_001/20221012_030000.WAV,Telephone Field,recover-20221013,001,1795
1523.0045,1523.0438,68437,82542,Rhinolophus ferrumequinum,0.027,0.027,-1,Echolocation,/mnt/ubna_data_02_mir/recover-20221013/UBNA_001/20221012_030000.WAV,Telephone Field,recover-20221013,001,1795
1523.0175,1523.0571,68437,82164,Rhinolophus ferrumequinum,0.023,0.023,-1,Echolocation,/mnt/ubna_data_02_mir/recover-20221013/UBNA_001/20221012_030000.WAV,Telephone Field,recover-20221013,001,1795
1523.0315,1523.0407,26328,33777,Nyctalus leisleri,0.008,0.024,-1,Echolocation,/mnt/ubna_data_02_mir/recover-20221013/UBNA_001/20221012_030000.WAV,Telephone Field,recover-20221013,001,1795
1523.0385,1523.0739,68437,80874,Rhinolophus ferrumequinum,0.024,0.024,-1,Echolocation,/mnt/ubna_data_02_mir/recover-20221013/UBNA_001/20221012_030000.WAV,Telephone Field,recover-20221013,001,1795
1523.0465,1523.0805,68437,79938,Rhinolophus ferrumequinum,0.023,0.024,-1,Echolocation,/mnt/ubna_data_02_mir/recover-20221013/UBNA_001/20221012_030000.WAV,Telephone Field,recover-20221013,001,1795
1523.0705,1523.109,68437,82540,Rhinolophus ferrumequinum,0.027,0.027,-1,Echolocation,/mnt/ubna_data_02_mir/recover-20221013/UBNA_001/20221012_030000.WAV,Telephone Field,recover-20221013,001,1795
1523.0755,1523.0829,28906,37393,Eptesicus serotinus,0.009,0.028,-1,Echolocation,/mnt/ubna_data_02_mir/recover-20221013/UBNA_001/20221012_030000.WAV,Telephone Field,recover-20221013,001,1795
1523.0815,1523.0921,44375,50658,Pipistrellus pipistrellus,0.019,0.025,-1,Echolocation,/mnt/ubna_data_02_mir/recover-20221013/UBNA_001/20221012_030000.WAV,Telephone Field,recover-20221013,001,1795
1523.0895,1523.098,55546,59996,Pipistrellus pygmaeus,0.022,0.023,-1,Echolocation,/mnt/ubna_data_02_mir/recover-20221013/UBNA_001/20221012_030000.WAV,Telephone Field,recover-20221013,001,1795
1523.0945,1523.1402,68437,83817,Rhinolophus ferrumequinum,0.051,0.051,-1,Echolocation,/mnt/ubna_data_02_mir/recover-20221013/UBNA_001/20221012_030000.WAV,Telephone Field,recover-20221013,001,1795
1523.1335,1523.1714,68437,81144,Rhinolophus ferrumequinum,0.023,0.023,-1,Echolocation,/mnt/ubna_data_02_mir/recover-20221013/UBNA_001/20221012_030000.WAV,Telephone Field,recover-20221013,001,1795
1523.1445,1523.1825,68437,82237,Rhinolophus ferrumequinum,0.023,0.023,-1,Echolocation,/mnt/ubna_data_02_mir/recover-20221013/UBNA_001/20221012_030000.WAV,Telephone Field,recover-20221013,001,1795
1523.1515,1523.191,68437,82314,Rhinolophus ferrumequinum,0.023,0.023,-1,Echolocation,/mnt/ubna_data_02_mir/recover-20221013/UBNA_001/20221012_030000.WAV,Telephone Field,recover-20221013,001,1795
1523.1625,1523.2016,68437,82170,Rhinolophus ferrumequinum,0.023,0.023,-1,Echolocation,/mnt/ubna_data_02_mir/recover-20221013/UBNA_001/20221012_030000.WAV,Telephone Field,recover-20221013,001,1795
1523.1925,1523.1982,34921,45881,Myotis daubentonii,0.011,0.033,-1,Echolocation,/mnt/ubna_data_02_mir/recover-20221013/UBNA_001/20221012_030000.WAV,Telephone Field,recover-20221013,001,1795
1523.1935,1523.2001,23750,37174,Plecotus austriacus,0.017,0.036,-1,Echolocation,/mnt/ubna_data_02_mir/recover-20221013/UBNA_001/20221012_030000.WAV,Telephone Field,recover-20221013,001,1795
1523.2025,1523.2418,68437,82591,Rhinolophus ferrumequinum,0.023,0.023,-1,Echolocation,/mnt/ubna_data_02_mir/recover-20221013/UBNA_001/20221012_030000.WAV,Telephone Field,recover-20221013,001,1795
1523.2095,1523.2482,68437,82120,Rhinolophus ferrumequinum,0.023,0.023,-1,Echolocation,/mnt/ubna_data_02_mir/recover-20221013/UBNA_001/20221012_030000.WAV,Telephone Field,recover-20221013,001,1795
1523.2625,1523.3021,68437,81990,Rhinolophus ferrumequinum,0.027,0.027,-1,Echolocation,/mnt/ubna_data_02_mir/recover-20221013/UBNA_001/20221012_030000.WAV,Telephone Field,recover-20221013,001,1795
1523.2765,1523.3154,68437,82038,Rhinolophus ferrumequinum,0.023,0.023,-1,Echolocation,/mnt/ubna_data_02_mir/recover-20221013/UBNA_001/20221012_030000.WAV,Telephone Field,recover-20221013,001,1795
1523.2835,1523.3236,68437,82178,Rhinolophus ferrumequinum,0.024,0.024,-1,Echolocation,/mnt/ubna_data_02_mir/recover-20221013/UBNA_001/20221012_030000.WAV,Telephone Field,recover-20221013,001,1795
1523.2875,1523.2974,22890,29212,Nyctalus leisleri,0.008,0.022,-1,Echolocation,/mnt/ubna_data_02_mir/recover-20221013/UBNA_001/20221012_030000.WAV,Telephone Field,recover-20221013,001,1795
1523.3085,1523.3491,68437,82835,Rhinolophus ferrumequinum,0.026,0.026,-1,Echolocation,/mnt/ubna_data_02_mir/recover-20221013/UBNA_001/20221012_030000.WAV,Telephone Field,recover-20221013,001,1795
1523.3235,1523.3615,68437,81456,Rhinolophus ferrumequinum,0.023,0.023,-1,Echolocation,/mnt/ubna_data_02_mir/recover-20221013/UBNA_001/20221012_030000.WAV,Telephone Field,recover-20221013,001,1795
1523.3645,1523.4091,68437,83483,Rhinolophus ferrumequinum,0.041,0.041,-1,Echolocation,/mnt/ubna_data_02_mir/recover-20221013/UBNA_001/20221012_030000.WAV,Telephone Field,recover-20221013,001,1795
1523.3885,1523.3963,28046,38072,Eptesicus serotinus,0.007,0.022,-1,Echolocation,/mnt/ubna_data_02_mir/recover-20221013/UBNA_001/20221012_030000.WAV,Telephone Field,recover-20221013,001,1795
1523.3905,1523.4029,55546,60204,Pipistrellus pygmaeus,0.024,0.025,-1,Echolocation,/mnt/ubna_data_02_mir/recover-20221013/UBNA_001/20221012_030000.WAV,Telephone Field,recover-20221013,001,1795
1523.4235,1523.4572,68437,80628,Rhinolophus ferrumequinum,0.025,0.025,-1,Echolocation,/mnt/ubna_data_02_mir/recover-20221013/UBNA_001/20221012_030000.WAV,Telephone Field,recover-20221013,001,1795
1523.4475,1523.4852,68437,81754,Rhinolophus ferrumequinum,0.048,0.048,-1,Echolocation,/mnt/ubna_data_02_mir/recover-20221013/UBNA_001/20221012_030000.WAV,Telephone Field,recover-20221013,001,1795
1523.4705,1523.5064,68437,82012,Rhinolophus ferrumequinum,0.023,0.023,-1,Echolocation,/mnt/ubna_data_02_mir/recover-20221013/UBNA_001/20221012_030000.WAV,Telephone Field,recover-20221013,001,1795
1523.4705,1523.476,48671,56415,Pipistrellus pipistrellus,0.02,0.022,-1,Echolocation,/mnt/ubna_data_02_mir/recover-20221013/UBNA_001/20221012_030000.WAV,Telephone Field,recover-20221013,001,1795
1523.4895,1523.5271,68437,81487,Rhinolophus ferrumequinum,0.032,0.032,-1,Echolocation,/mnt/ubna_data_02_mir/recover-20221013/UBNA_001/20221012_030000.WAV,Telephone Field,recover-20221013,001,1795
1523.5025,1523.5397,68437,81747,Rhinolophus ferrumequinum,0.025,0.025,-1,Echolocation,/mnt/ubna_data_02_mir/recover-20221013/UBNA_001/20221012_030000.WAV,Telephone Field,recover-20221013,001,1795
1523.5155,1523.5523,68437,81985,Rhinolophus ferrumequinum,0.029,0.029,-1,Echolocation,/mnt/ubna_data_02_mir/recover-20221013/UBNA_001/20221012_030000.WAV,Telephone Field,recover-20221013,001,1795
1523.5435,1523.5814,68437,82124,Rhinolophus ferrumequinum,0.024,0.024,-1,Echolocation,/mnt/ubna_data_02_mir/recover-20221013/UBNA_001/20221012_030000.WAV,Telephone Field,recover-20221013,001,1795
1523.5655,1523.6073,68437,83137,Rhinolophus ferrumequinum,0.025,0.025,-1,Echolocation,/mnt/ubna_data_02_mir/recover-20221013/UBNA_001/20221012_030000.WAV,Telephone Field,recover-20221013,001,1795
1523.6075,1523.651,68437,83255,Rhinolophus ferrumequinum,0.064,0.064,-1,Echolocation,/mnt/ubna_data_02_mir/recover-20221013/UBNA_001/20221012_030000.WAV,Telephone Field,recover-20221013,001,1795
1523.6115,1523.6194,44375,55699,Pipistrellus pipistrellus,0.012,0.022,-1,Echolocation,/mnt/ubna_data_02_mir/recover-20221013/UBNA_001/20221012_030000.WAV,Telephone Field,recover-20221013,001,1795
1523.6125,1523.6194,24609,36160,Plecotus austriacus,0.007,0.022,-1,Echolocation,/mnt/ubna_data_02_mir/recover-20221013/UBNA_001/20221012_030000.WAV,Telephone Field,recover-20221013,001,1795
1523.6245,1523.6658,68437,82793,Rhinolophus ferrumequinum,0.028,0.028,-1,Echolocation,/mnt/ubna_data_02_mir/recover-20221013/UBNA_001/20221012_030000.WAV,Telephone Field,recover-20221013,001,1795
1523.6535,1523.6612,46953,51009,Pipistrellus pipistrellus,0.022,0.023,-1,Echolocation,/mnt/ubna_data_02_mir/recover-20221013/UBNA_001/20221012_030000.WAV,Telephone Field,recover-20221013,001,1795
1523.6805,1523.7176,68437,82438,Rhinolophus ferrumequinum,0.023,0.023,-1,Echolocation,/mnt/ubna_data_02_mir/recover-20221013/UBNA_001/20221012_030000.WAV,Telephone Field,recover-20221013,001,1795
1523.7245,1523.7663,68437,82565,Rhinolophus ferrumequinum,0.032,0.032,-1,Echolocation,/mnt/ubna_data_02_mir/recover-20221013/UBNA_001/20221012_030000.WAV,Telephone Field,recover-20221013,001,1795
1523.7375,1523.7779,68437,82769,Rhinolophus ferrumequinum,0.025,0.025,-1,Echolocation,/mnt/ubna_data_02_mir/recover-20221013/UBNA_001/20221012_030000.WAV,Telephone Field,recover-20221013,001,1795
1523.7535,1523.7649,22890,28042,Nyctalus leisleri,0.013,0.027,-1,Echolocation,/mnt/ubna_data_02_mir/recover-20221013/UBNA_001/20221012_030000.WAV,Telephone Field,recover-20221013,001,1795
1523.7545,1523.7896,68437,81675,Rhinolophus ferrumequinum,0.024,0.024,-1,Echolocation,/mnt/ubna_data_02_mir/recover-20221013/UBNA_001/20221012_030000.WAV,Telephone Field,recover-20221013,001,1795
1523.7675,1523.7759,27187,37045,Eptesicus serotinus,0.007,0.022,-1,Echolocation,/mnt/ubna_data_02_mir/recover-20221013/UBNA_001/20221012_030000.WAV,Telephone Field,recover-20221013,001,1795
1523.7885,1523.8253,68437,81372,Rhinolophus ferrumequinum,0.023,0.023,-1,Echolocation,/mnt/ubna_data_02_mir/recover-20221013/UBNA_001/20221012_030000.WAV,Telephone Field,recover-20221013,001,1795
1523.8185,1523.8574,68437,82119,Rhinolophus ferrumequinum,0.024,0.024,-1,Echolocation,/mnt/ubna_data_02_mir/recover-20221013/UBNA_001/20221012_030000.WAV,Telephone Field,recover-20221013,001,1795
1523.8385,1523.8497,22890,28359,Nyctalus leisleri,0.01,0.022,-1,Echolocation,/mnt/ubna_data_02_mir/recover-20221013/UBNA_001/20221012_030000.WAV,Telephone Field,recover-20221013,001,1795
1523.8415,1523.8809,68437,82224,Rhinolophus ferrumequinum,0.026,0.026,-1,Echolocation,/mnt/ubna_data_02_mir/recover-20221013/UBNA_001/20221012_030000.WAV,Telephone Field,recover-20221013,001,1795
1523.8475,1523.8584,22031,26252,Nyctalus leisleri,0.012,0.022,-1,Echolocation,/mnt/ubna_data_02_mir/recover-20221013/UBNA_001/20221012_030000.WAV,Telephone Field,recover-20221013,001,1795
1523.8685,1523.9051,68437,81350,Rhinolophus ferrumequinum,0.022,0.022,-1,Echolocation,/mnt/ubna_data_02_mir/recover-20221013/UBNA_001/20221012_030000.WAV,Telephone Field,recover-20221013,001,1795
1523.8955,1523.9401,68437,83636,Rhinolophus ferrumequinum,0.046,0.046,-1,Echolocation,/mnt/ubna_data_02_mir/recover-20221013/UBNA_001/20221012_030000.WAV,Telephone Field,recover-20221013,001,1795
1523.8985,1523.9094,22031,26040,Nyctalus leisleri,0.013,0.024,-1,Echolocation,/mnt/ubna_data_02_mir/recover-20221013/UBNA_001/20221012_030000.WAV,Telephone Field,recover-20221013,001,1795
1523.9045,1523.9404,68437,81638,Rhinolophus ferrumequinum,0.023,0.023,-1,Echolocation,/mnt/ubna_data_02_mir/recover-20221013/UBNA_001/20221012_030000.WAV,Telephone Field,recover-20221013,001,1795
1523.9205,1523.9308,23750,29428,Nyctalus leisleri,0.01,0.023,-1,Echolocation,/mnt/ubna_data_02_mir/recover-20221013/UBNA_001/20221012_030000.WAV,Telephone Field,recover-20221013,001,1795
1523.9215,1523.9616,68437,82769,Rhinolophus ferrumequinum,0.027,0.027,-1,Echolocation,/mnt/ubna_data_02_mir/recover-20221013/UBNA_001/20221012_030000.WAV,Telephone Field,recover-20221013,001,1795
1523.9605,1523.9688,28906,39615,Eptesicus serotinus,0.008,0.024,-1,Echolocation,/mnt/ubna_data_02_mir/recover-20221013/UBNA_001/20221012_030000.WAV,Telephone Field,recover-20221013,001,1795
1523.9865,1523.9956,22890,29972,Plecotus austriacus,0.008,0.023,-1,Echolocation,/mnt/ubna_data_02_mir/recover-20221013/UBNA_001/20221012_030000.WAV,Telephone Field,recover-20221013,001,1795
1524.0015,1524.0096,25468,35630,Nyctalus leisleri,0.005,0.023,-1,Echolocation,/mnt/ubna_data_02_mir/recover-20221013/UBNA_001/20221012_030000.WAV,Telephone Field,recover-20221013,001,1795
1524.0015,1524.0111,47812,55295,Pipistrellus pipistrellus,0.021,0.027,-1,Echolocation,/mnt/ubna_data_02_mir/recover-20221013/UBNA_001/20221012_030000.WAV,Telephone Field,recover-20221013,001,1795
1524.0015,1524.035,68437,79675,Rhinolophus ferrumequinum,0.041,0.042,-1,Echolocation,/mnt/ubna_data_02_mir/recover-20221013/UBNA_001/20221012_030000.WAV,Telephone Field,recover-20221013,001,1795
1524.0095,1524.0527,68437,82607,Rhinolophus ferrumequinum,0.028,0.028,-1,Echolocation,/mnt/ubna_data_02_mir/recover-20221013/UBNA_001/20221012_030000.WAV,Telephone Field,recover-20221013,001,1795
1524.0155,1524.0251,31484,38287,Eptesicus serotinus,0.049,0.099,-1,Echolocation,/mnt/ubna_data_02_mir/recover-20221013/UBNA_001/20221012_030000.WAV,Telephone Field,recover-20221013,001,1795
1524.0405,1524.0804,68437,82380,Rhinolophus ferrumequinum,0.03,0.03,-1,Echolocation,/mnt/ubna_data_02_mir/recover-20221013/UBNA_001/20221012_030000.WAV,Telephone Field,recover-20221013,001,1795
1524.0755,1524.1143,68437,81807,Rhinolophus ferrumequinum,0.024,0.024,-1,Echolocation,/mnt/ubna_data_02_mir/recover-20221013/UBNA_001/20221012_030000.WAV,Telephone Field,recover-20221013,001,1795
1524.1095,1524.1211,23750,28266,Nyctalus leisleri,0.015,0.027,-1,Echolocation,/mnt/ubna_data_02_mir/recover-20221013/UBNA_001/20221012_030000.WAV,Telephone Field,recover-20221013,001,1795
1524.1125,1524.1238,46093,50354,Pipistrellus pipistrellus,0.034,0.036,-1,Echolocation,/mnt/ubna_data_02_mir/recover-20221013/UBNA_001/20221012_030000.WAV,Telephone Field,recover-20221013,001,1795
1524.1125,1524.1506,68437,82464,Rhinolophus ferrumequinum,0.023,0.023,-1,Echolocation,/mnt/ubna_data_02_mir/recover-20221013/UBNA_001/20221012_030000.WAV,Telephone Field,recover-20221013,001,1795
1524.1305,1524.1729,68437,82984,Rhinolophus ferrumequinum,0.03,0.03,-1,Echolocation,/mnt/ubna_data_02_mir/recover-20221013/UBNA_001/20221012_030000.WAV,Telephone Field,recover-20221013,001,1795
1524.1305,1524.1391,28046,38835,Eptesicus serotinus,0.008,0.022,-1,Echolocation,/mnt/ubna_data_02_mir/recover-20221013/UBNA_001/20221012_030000.WAV,Telephone Field,recover-20221013,001,1795
1524.1565,1524.1985,68437,82569,Rhinolophus ferrumequinum,0.025,0.025,-1,Echolocation,/mnt/ubna_data_02_mir/recover-20221013/UBNA_001/20221012_030000.WAV,Telephone Field,recover-20221013,001,1795
1524.1935,1524.2378,68437,83863,Rhinolophus ferrumequinum,0.052,0.052,-1,Echolocation,/mnt/ubna_data_02_mir/recover-20221013/UBNA_001/20221012_030000.WAV,Telephone Field,recover-20221013,001,1795
1524.1955,1524.2045,30625,38737,Eptesicus serotinus,0.012,0.03,-1,Echolocation,/mnt/ubna_data_02_mir/recover-20221013/UBNA_001/20221012_030000.WAV,Telephone Field,recover-20221013,001,1795
1524.2175,1524.2221,45234,59124,Myotis mystacinus,0.008,0.023,-1,Echolocation,/mnt/ubna_data_02_mir/recover-20221013/UBNA_001/20221012_030000.WAV,Telephone Field,recover-20221013,001,1795
1524.2375,1524.2757,68437,81937,Rhinolophus ferrumequinum,0.023,0.023,-1,Echolocation,/mnt/ubna_data_02_mir/recover-20221013/UBNA_001/20221012_030000.WAV,Telephone Field,recover-20221013,001,1795
1524.2545,1524.2617,23750,32908,Plecotus austriacus,0.013,0.027,-1,Echolocation,/mnt/ubna_data_02_mir/recover-20221013/UBNA_001/20221012_030000.WAV,Telephone Field,recover-20221013,001,1795
1524.2875,1524.3277,68437,83089,Rhinolophus ferrumequinum,0.027,0.027,-1,Echolocation,/mnt/ubna_data_02_mir/recover-20221013/UBNA_001/20221012_030000.WAV,Telephone Field,recover-20221013,001,1795
1524.2995,1524.3074,23750,31900,Plecotus austriacus,0.015,0.033,-1,Echolocation,/mnt/ubna_data_02_mir/recover-20221013/UBNA_001/20221012_030000.WAV,Telephone Field,recover-20221013,001,1795
1524.3275,1524.3647,68437,80964,Rhinolophus ferrumequinum,0.033,0.033,-1,Echolocation,/mnt/ubna_data_02_mir/recover-20221013/UBNA_001/20221012_030000.WAV,Telephone Field,recover-20221013,001,1795
1524.3415,1524.3538,40937,44280,Pipistrellus nathusii,0.01,0.03,-1,Echolocation,/mnt/ubna_data_02_mir/recover-20221013/UBNA_001/20221012_030000.WAV,Telephone Field,recover-20221013,001,1795
1524.3435,1524.3837,68437,82498,Rhinolophus ferrumequinum,0.033,0.034,-1,Echolocation,/mnt/ubna_data_02_mir/recover-20221013/UBNA_001/20221012_030000.WAV,Telephone Field,recover-20221013,001,1795
1524.3885,1524.4281,68437,82536,Rhinolophus ferrumequinum,0.025,0.025,-1,Echolocation,/mnt/ubna_data_02_mir/recover-20221013/UBNA_001/20221012_030000.WAV,Telephone Field,recover-20221013,001,1795
1524.3885,1524.3991,34062,41684,Eptesicus serotinus,0.005,0.026,-1,Echolocation,/mnt/ubna_data_02_mir/recover-20221013/UBNA_001/20221012_030000.WAV,Telephone Field,recover-20221013,001,1795
1524.3905,1524.3999,28046,40151,Eptesicus serotinus,0.009,0.023,-1,Echolocation,/mnt/ubna_data_02_mir/recover-20221013/UBNA_001/20221012_030000.WAV,Telephone Field,recover-20221013,001,1795
1524.3955,1524.4043,28046,38813,Eptesicus serotinus,0.008,0.023,-1,Echolocation,/mnt/ubna_data_02_mir/recover-20221013/UBNA_001/20221012_030000.WAV,Telephone Field,recover-20221013,001,1795
1524.4225,1524.4603,68437,81853,Rhinolophus ferrumequinum,0.023,0.023,-1,Echolocation,/mnt/ubna_data_02_mir/recover-20221013/UBNA_001/20221012_030000.WAV,Telephone Field,recover-20221013,001,1795
1524.4445,1524.4583,40078,43025,Pipistrellus nathusii,0.017,0.031,-1,Echolocation,/mnt/ubna_data_02_mir/recover-20221013/UBNA_001/20221012_030000.WAV,Telephone Field,recover-20221013,001,1795
1524.4495,1524.4885,68437,82575,Rhinolophus ferrumequinum,0.025,0.025,-1,Echolocation,/mnt/ubna_data_02_mir/recover-20221013/UBNA_001/20221012_030000.WAV,Telephone Field,recover-20221013,001,1795
1524.4775,1524.5219,68437,83408,Rhinolophus ferrumequinum,0.034,0.034,-1,Echolocation,/mnt/ubna_data_02_mir/recover-20221013/UBNA_001/20221012_030000.WAV,Telephone Field,recover-20221013,001,1795
1524.5075,1524.5463,68437,81649,Rhinolophus ferrumequinum,0.026,0.026,-1,Echolocation,/mnt/ubna_data_02_mir/recover-20221013/UBNA_001/20221012_030000.WAV,Telephone Field,recover-20221013,001,1795
1524.5215,1524.5581,68437,82172,Rhinolophus ferrumequinum,0.022,0.022,-1,Echolocation,/mnt/ubna_data_02_mir/recover-20221013/UBNA_001/20221012_030000.WAV,Telephone Field,recover-20221013,001,1795
1524.5395,1524.5778,68437,81526,Rhinolophus ferrumequinum,0.03,0.03,-1,Echolocation,/mnt/ubna_data_02_mir/recover-20221013/UBNA_001/20221012_030000.WAV,Telephone Field,recover-20221013,001,1795
1524.5655,1524.6047,68437,81909,Rhinolophus ferrumequinum,0.022,0.023,-1,Echolocation,/mnt/ubna_data_02_mir/recover-20221013/UBNA_001/20221012_030000.WAV,Telephone Field,recover-20221013,001,1795
1524.5735,1524.6119,68437,81861,Rhinolophus ferrumequinum,0.023,0.023,-1,Echolocation,/mnt/ubna_data_02_mir/recover-20221013/UBNA_001/20221012_030000.WAV,Telephone Field,recover-20221013,001,1795
1524.5905,1524.6283,68437,81992,Rhinolophus ferrumequinum,0.026,0.026,-1,Echolocation,/mnt/ubna_data_02_mir/recover-20221013/UBNA_001/20221012_030000.WAV,Telephone Field,recover-20221013,001,1795
1524.5975,1524.6051,27187,40044,Eptesicus serotinus,0.007,0.023,-1,Echolocation,/mnt/ubna_data_02_mir/recover-20221013/UBNA_001/20221012_030000.WAV,Telephone Field,recover-20221013,001,1795
1524.6215,1524.6591,68437,81852,Rhinolophus ferrumequinum,0.026,0.026,-1,Echolocation,/mnt/ubna_data_02_mir/recover-20221013/UBNA_001/20221012_030000.WAV,Telephone Field,recover-20221013,001,1795
1524.6465,1524.6884,68437,82944,Rhinolophus ferrumequinum,0.034,0.034,-1,Echolocation,/mnt/ubna_data_02_mir/recover-20221013/UBNA_001/20221012_030000.WAV,Telephone Field,recover-20221013,001,1795
1524.6635,1524.6725,24609,32462,Eptesicus serotinus,0.008,0.025,-1,Echolocation,/mnt/ubna_data_02_mir/recover-20221013/UBNA_001/20221012_030000.WAV,Telephone Field,recover-20221013,001,1795
1524.6835,1524.7248,68437,83170,Rhinolophus ferrumequinum,0.049,0.049,-1,Echolocation,/mnt/ubna_data_02_mir/recover-20221013/UBNA_001/20221012_030000.WAV,Telephone Field,recover-20221013,001,1795
1524.7105,1524.7514,68437,81878,Rhinolophus ferrumequinum,0.028,0.028,-1,Echolocation,/mnt/ubna_data_02_mir/recover-20221013/UBNA_001/20221012_030000.WAV,Telephone Field,recover-20221013,001,1795
1524.7355,1524.7424,28906,41263,Eptesicus serotinus,0.007,0.026,-1,Echolocation,/mnt/ubna_data_02_mir/recover-20221013/UBNA_001/20221012_030000.WAV,Telephone Field,recover-20221013,001,1795
1524.7375,1524.7484,22890,29231,Nyctalus leisleri,0.011,0.028,-1,Echolocation,/mnt/ubna_data_02_mir/recover-20221013/UBNA_001/20221012_030000.WAV,Telephone Field,recover-20221013,001,1795
1524.7665,1524.809,68437,82821,Rhinolophus ferrumequinum,0.047,0.047,-1,Echolocation,/mnt/ubna_data_02_mir/recover-20221013/UBNA_001/20221012_030000.WAV,Telephone Field,recover-20221013,001,1795
1524.7745,1524.7812,33203,57955,Myotis brandtii,0.008,0.023,-1,Echolocation,/mnt/ubna_data_02_mir/recover-20221013/UBNA_001/20221012_030000.WAV,Telephone Field,recover-20221013,001,1795
1524.7905,1524.808,22031,25368,Nyctalus leisleri,0.022,0.036,-1,Echolocation,/mnt/ubna_data_02_mir/recover-20221013/UBNA_001/20221012_030000.WAV,Telephone Field,recover-20221013,001,1795
1524.8435,1524.8798,68437,81859,Rhinolophus ferrumequinum,0.025,0.025,-1,Echolocation,/mnt/ubna_data_02_mir/recover-20221013/UBNA_001/20221012_030000.WAV,Telephone Field,recover-20221013,001,1795
1524.8845,1524.8974,52109,58760,Pipistrellus pipistrellus,0.029,0.035,-1,Echolocation,/mnt/ubna_data_02_mir/recover-20221013/UBNA_001/20221012_030000.WAV,Telephone Field,recover-20221013,001,1795
1524.9045,1524.9408,68437,81075,Rhinolophus ferrumequinum,0.024,0.024,-1,Echolocation,/mnt/ubna_data_02_mir/recover-20221013/UBNA_001/20221012_030000.WAV,Telephone Field,recover-20221013,001,1795
1524.9345,1524.9735,68437,81622,Rhinolophus ferrumequinum,0.022,0.022,-1,Echolocation,/mnt/ubna_data_02_mir/recover-20221013/UBNA_001/20221012_030000.WAV,Telephone Field,recover-20221013,001,1795
1524.9705,1524.9799,29765,36001,Eptesicus serotinus,0.033,0.068,-1,Echolocation,/mnt/ubna_data_02_mir/recover-20221013/UBNA_001/20221012_030000.WAV,Telephone Field,recover-20221013,001,1795
1524.9935,1525.0325,68437,82373,Rhinolophus ferrumequinum,0.023,0.023,-1,Echolocation,/mnt/ubna_data_02_mir/recover-20221013/UBNA_001/20221012_030000.WAV,Telephone Field,recover-20221013,001,1795
1525.0075,1525.0166,25468,36346,Eptesicus serotinus,0.008,0.025,-1,Echolocation,/mnt/ubna_data_02_mir/recover-20221013/UBNA_001/20221012_030000.WAV,Telephone Field,recover-20221013,001,1795
1525.0545,1525.093,68437,81967,Rhinolophus ferrumequinum,0.03,0.03,-1,Echolocation,/mnt/ubna_data_02_mir/recover-20221013/UBNA_001/20221012_030000.WAV,Telephone Field,recover-20221013,001,1795
1525.0575,1525.0668,28906,36699,Eptesicus serotinus,0.008,0.023,-1,Echolocation,/mnt/ubna_data_02_mir/recover-20221013/UBNA_001/20221012_030000.WAV,Telephone Field,recover-20221013,001,1795
1525.0635,1525.0999,68437,81734,Rhinolophus ferrumequinum,0.023,0.024,-1,Echolocation,/mnt/ubna_data_02_mir/recover-20221013/UBNA_001/20221012_030000.WAV,Telephone Field,recover-20221013,001,1795
1525.0795,1525.0916,23750,28496,Nyctalus leisleri,0.012,0.023,-1,Echolocation,/mnt/ubna_data_02_mir/recover-20221013/UBNA_001/20221012_030000.WAV,Telephone Field,recover-20221013,001,1795
1525.0945,1525.1326,68437,82290,Rhinolophus ferrumequinum,0.024,0.024,-1,Echolocation,/mnt/ubna_data_02_mir/recover-20221013/UBNA_001/20221012_030000.WAV,Telephone Field,recover-20221013,001,1795
1525.1235,1525.1606,68437,82351,Rhinolophus ferrumequinum,0.022,0.022,-1,Echolocation,/mnt/ubna_data_02_mir/recover-20221013/UBNA_001/20221012_030000.WAV,Telephone Field,recover-20221013,001,1795
1525.1415,1525.1864,68437,82901,Rhinolophus ferrumequinum,0.065,0.065,-1,Echolocation,/mnt/ubna_data_02_mir/recover-20221013/UBNA_001/20221012_030000.WAV,Telephone Field,recover-20221013,001,1795
1525.1645,1525.2036,68437,82304,Rhinolophus ferrumequinum,0.024,0.024,-1,Echolocation,/mnt/ubna_data_02_mir/recover-20221013/UBNA_001/20221012_030000.WAV,Telephone Field,recover-20221013,001,1795
1525.1745,1525.2144,68437,82101,Rhinolophus ferrumequinum,0.024,0.024,-1,Echolocation,/mnt/ubna_data_02_mir/recover-20221013/UBNA_001/20221012_030000.WAV,Telephone Field,recover-20221013,001,1795
1525.1945,1525.2333,68437,81798,Rhinolophus ferrumequinum,0.023,0.023,-1,Echolocation,/mnt/ubna_data_02_mir/recover-20221013/UBNA_001/20221012_030000.WAV,Telephone Field,recover-20221013,001,1795
1525.2325,1525.2726,68437,82441,Rhinolophus ferrumequinum,0.026,0.026,-1,Echolocation,/mnt/ubna_data_02_mir/recover-20221013/UBNA_001/20221012_030000.WAV,Telephone Field,recover-20221013,001,1795
1525.2485,1525.2551,28046,38759,Eptesicus serotinus,0.007,0.027,-1,Echolocation,/mnt/ubna_data_02_mir/recover-20221013/UBNA_001/20221012_030000.WAV,Telephone Field,recover-20221013,001,1795
1525.2775,1525.3165,68437,82255,Rhinolophus ferrumequinum,0.024,0.024,-1,Echolocation,/mnt/ubna_data_02_mir/recover-20221013/UBNA_001/20221012_030000.WAV,Telephone Field,recover-20221013,001,1795
1525.2915,1525.3325,68437,82936,Rhinolophus ferrumequinum,0.025,0.025,-1,Echolocation,/mnt/ubna_data_02_mir/recover-20221013/UBNA_001/20221012_030000.WAV,Telephone Field,recover-20221013,001,1795
1525.3125,1525.3237,22890,27396,Nyctalus leisleri,0.012,0.025,-1,Echolocation,/mnt/ubna_data_02_mir/recover-20221013/UBNA_001/20221012_030000.WAV,Telephone Field,recover-20221013,001,1795
1525.3355,1525.3764,68437,82694,Rhinolophus ferrumequinum,0.03,0.03,-1,Echolocation,/mnt/ubna_data_02_mir/recover-20221013/UBNA_001/20221012_030000.WAV,Telephone Field,recover-20221013,001,1795
1525.3505,1525.36,25468,33293,Eptesicus serotinus,0.007,0.024,-1,Echolocation,/mnt/ubna_data_02_mir/recover-20221013/UBNA_001/20221012_030000.WAV,Telephone Field,recover-20221013,001,1795
1525.3685,1525.409,68437,82715,Rhinolophus ferrumequinum,0.043,0.043,-1,Echolocation,/mnt/ubna_data_02_mir/recover-20221013/UBNA_001/20221012_030000.WAV,Telephone Field,recover-20221013,001,1795
1525.4045,1525.412,45234,48894,Pipistrellus pipistrellus,0.045,0.046,-1,Echolocation,/mnt/ubna_data_02_mir/recover-20221013/UBNA_001/20221012_030000.WAV,Telephone Field,recover-20221013,001,1795
1525.4125,1525.4469,68437,80865,Rhinolophus ferrumequinum,0.027,0.028,-1,Echolocation,/mnt/ubna_data_02_mir/recover-20221013/UBNA_001/20221012_030000.WAV,Telephone Field,recover-20221013,001,1795
1525.4605,1525.4988,68437,82016,Rhinolophus ferrumequinum,0.023,0.023,-1,Echolocation,/mnt/ubna_data_02_mir/recover-20221013/UBNA_001/20221012_030000.WAV,Telephone Field,recover-20221013,001,1795
1525.5145,1525.5538,68437,81703,Rhinolophus ferrumequinum,0.022,0.022,-1,Echolocation,/mnt/ubna_data_02_mir/recover-20221013/UBNA_001/20221012_030000.WAV,Telephone Field,recover-20221013,001,1795
1525.5255,1525.5328,47812,54720,Pipistrellus pipistrellus,0.02,0.023,-1,Echolocation,/mnt/ubna_data_02_mir/recover-20221013/UBNA_001/20221012_030000.WAV,Telephone Field,recover-20221013,001,1795
1525.5485,1525.5863,68437,81366,Rhinolophus ferrumequinum,0.023,0.023,-1,Echolocation,/mnt/ubna_data_02_mir/recover-20221013/UBNA_001/20221012_030000.WAV,Telephone Field,recover-20221013,001,1795
1525.5555,1525.565,22890,29523,Plecotus austriacus,0.009,0.024,-1,Echolocation,/mnt/ubna_data_02_mir/recover-20221013/UBNA_001/20221012_030000.WAV,Telephone Field,recover-20221013,001,1795
1525.5555,1525.5895,68437,80705,Rhinolophus ferrumequinum,0.024,0.024,-1,Echolocation,/mnt/ubna_data_02_mir/recover-20221013/UBNA_001/20221012_030000.WAV,Telephone Field,recover-20221013,001,1795
1525.5835,1525.6237,68437,82183,Rhinolophus ferrumequinum,0.031,0.032,-1,Echolocation,/mnt/ubna_data_02_mir/recover-20221013/UBNA_001/20221012_030000.WAV,Telephone Field,recover-20221013,001,1795
1525.6195,1525.6273,27187,39818,Plecotus austriacus,0.011,0.047,-1,Echolocation,/mnt/ubna_data_02_mir/recover-20221013/UBNA_001/20221012_030000.WAV,Telephone Field,recover-20221013,001,1795
1525.6285,1525.6711,68437,82972,Rhinolophus ferrumequinum,0.031,0.031,-1,Echolocation,/mnt/ubna_data_02_mir/recover-20221013/UBNA_001/20221012_030000.WAV,Telephone Field,recover-20221013,001,1795
1525.6815,1525.7213,68437,82222,Rhinolophus ferrumequinum,0.023,0.023,-1,Echolocation,/mnt/ubna_data_02_mir/recover-20221013/UBNA_001/20221012_030000.WAV,Telephone Field,recover-20221013,001,1795
1525.6995,1525.7413999999999,68437,83123,Rhinolophus ferrumequinum,0.03,0.03,-1,Echolocation,/mnt/ubna_data_02_mir/recover-20221013/UBNA_001/20221012_030000.WAV,Telephone Field,recover-20221013,001,1795
1525.7455,1525.7841,68437,82782,Rhinolophus ferrumequinum,0.041,0.041,-1,Echolocation,/mnt/ubna_data_02_mir/recover-20221013/UBNA_001/20221012_030000.WAV,Telephone Field,recover-20221013,001,1795
1525.7755,1525.8161,68437,82557,Rhinolophus ferrumequinum,0.022,0.022,-1,Echolocation,/mnt/ubna_data_02_mir/recover-20221013/UBNA_001/20221012_030000.WAV,Telephone Field,recover-20221013,001,1795
1525.7855,1525.8248,68437,82577,Rhinolophus ferrumequinum,0.028,0.028,-1,Echolocation,/mnt/ubna_data_02_mir/recover-20221013/UBNA_001/20221012_030000.WAV,Telephone Field,recover-20221013,001,1795
1525.8165,1525.8233,27187,42275,Eptesicus serotinus,0.006,0.023,-1,Echolocation,/mnt/ubna_data_02_mir/recover-20221013/UBNA_001/20221012_030000.WAV,Telephone Field,recover-20221013,001,1795
1525.8435,1525.8512,24609,33695,Plecotus austriacus,0.009,0.023,-1,Echolocation,/mnt/ubna_data_02_mir/recover-20221013/UBNA_001/20221012_030000.WAV,Telephone Field,recover-20221013,001,1795
1525.8475,1525.8846,68437,82526,Rhinolophus ferrumequinum,0.026,0.026,-1,Echolocation,/mnt/ubna_data_02_mir/recover-20221013/UBNA_001/20221012_030000.WAV,Telephone Field,recover-20221013,001,1795
1525.8735,1525.9122,68437,81399,Rhinolophus ferrumequinum,0.026,0.026,-1,Echolocation,/mnt/ubna_data_02_mir/recover-20221013/UBNA_001/20221012_030000.WAV,Telephone Field,recover-20221013,001,1795
1525.8755,1525.8848,22890,29791,Plecotus austriacus,0.008,0.022,-1,Echolocation,/mnt/ubna_data_02_mir/recover-20221013/UBNA_001/20221012_030000.WAV,Telephone Field,recover-20221013,001,1795
1525.8935,1525.9312,68437,81713,Rhinolophus ferrumequinum,0.024,0.024,-1,Echolocation,/mnt/ubna_data_02_mir/recover-20221013/UBNA_001/20221012_030000.WAV,Telephone Field,recover-20221013,001,1795
1525.9195,1525.962,68437,83162,Rhinolophus ferrumequinum,0.027,0.027,-1,Echolocation,/mnt/ubna_data_02_mir/recover-20221013/UBNA_001/20221012_030000.WAV,Telephone Field,recover-20221013,001,1795
1525.9335,1525.9726,68437,82617,Rhinolophus ferrumequinum,0.024,0.024,-1,Echolocation,/mnt/ubna_data_02_mir/recover-20221013/UBNA_001/20221012_030000.WAV,Telephone Field,recover-20221013,001,1795
1525.9485,1525.9858,68437,81904,Rhinolophus ferrumequinum,0.024,0.024,-1,Echolocation,/mnt/ubna_data_02_mir/recover-20221013/UBNA_001/20221012_030000.WAV,Telephone Field,recover-20221013,001,1795
1525.9595,1525.9671,26328,35772,Eptesicus serotinus,0.012,0.034,-1,Echolocation,/mnt/ubna_data_02_mir/recover-20221013/UBNA_001/20221012_030000.WAV,Telephone Field,recover-20221013,001,1795
1525.9835,1525.9929,28046,38914,Eptesicus serotinus,0.009,0.023,-1,Echolocation,/mnt/ubna_data_02_mir/recover-20221013/UBNA_001/20221012_030000.WAV,Telephone Field,recover-20221013,001,1795
1526.0015,1526.0092,47812,54884,Pipistrellus pipistrellus,0.019,0.026,-1,Echolocation,/mnt/ubna_data_02_mir/recover-20221013/UBNA_001/20221012_030000.WAV,Telephone Field,recover-20221013,001,1795
1526.0015,1526.0103,27187,34994,Nyctalus leisleri,0.009,0.03,-1,Echolocation,/mnt/ubna_data_02_mir/recover-20221013/UBNA_001/20221012_030000.WAV,Telephone Field,recover-20221013,001,1795
1526.0015,1526.0336,68437,80675,Rhinolophus ferrumequinum,0.04,0.04,-1,Echolocation,/mnt/ubna_data_02_mir/recover-20221013/UBNA_001/20221012_030000.WAV,Telephone Field,recover-20221013,001,1795
1526.0015,1526.0106,21171,27279,Nyctalus leisleri,0.007,0.022,-1,Echolocation,/mnt/ubna_data_02_mir/recover-20221013/UBNA_001/20221012_030000.WAV,Telephone Field,recover-20221013,001,1795
1526.0275,1526.0368,28046,38544,Eptesicus serotinus,0.009,0.025,-1,Echolocation,/mnt/ubna_data_02_mir/recover-20221013/UBNA_001/20221012_030000.WAV,Telephone Field,recover-20221013,001,1795
1526.0365,1526.0474,22890,26952,Nyctalus leisleri,0.013,0.023,-1,Echolocation,/mnt/ubna_data_02_mir/recover-20221013/UBNA_001/20221012_030000.WAV,Telephone Field,recover-20221013,001,1795
1526.0415,1526.0807,68437,81978,Rhinolophus ferrumequinum,0.025,0.025,-1,Echolocation,/mnt/ubna_data_02_mir/recover-20221013/UBNA_001/20221012_030000.WAV,Telephone Field,recover-20221013,001,1795
1526.0555,1526.066,22031,27297,Nyctalus leisleri,0.012,0.025,-1,Echolocation,/mnt/ubna_data_02_mir/recover-20221013/UBNA_001/20221012_030000.WAV,Telephone Field,recover-20221013,001,1795
1526.0775,1526.1168,68437,82557,Rhinolophus ferrumequinum,0.023,0.023,-1,Echolocation,/mnt/ubna_data_02_mir/recover-20221013/UBNA_001/20221012_030000.WAV,Telephone Field,recover-20221013,001,1795
1526.0865,1526.094,31484,44948,Myotis daubentonii,0.011,0.026,-1,Echolocation,/mnt/ubna_data_02_mir/recover-20221013/UBNA_001/20221012_030000.WAV,Telephone Field,recover-20221013,001,1795
1526.1025,1526.1453,68437,82904,Rhinolophus ferrumequinum,0.038,0.038,-1,Echolocation,/mnt/ubna_data_02_mir/recover-20221013/UBNA_001/20221012_030000.WAV,Telephone Field,recover-20221013,001,1795
1526.1345,1526.1465,23750,29552,Nyctalus leisleri,0.017,0.035,-1,Echolocation,/mnt/ubna_data_02_mir/recover-20221013/UBNA_001/20221012_030000.WAV,Telephone Field,recover-20221013,001,1795
1526.1585,1526.1639,33203,48701,Myotis daubentonii,0.021,0.038,-1,Echolocation,/mnt/ubna_data_02_mir/recover-20221013/UBNA_001/20221012_030000.WAV,Telephone Field,recover-20221013,001,1795
1526.1595,1526.1664,25468,40387,Myotis nattereri,0.008,0.032,-1,Echolocation,/mnt/ubna_data_02_mir/recover-20221013/UBNA_001/20221012_030000.WAV,Telephone Field,recover-20221013,001,1795
1526.1675,1526.207,68437,81507,Rhinolophus ferrumequinum,0.023,0.023,-1,Echolocation,/mnt/ubna_data_02_mir/recover-20221013/UBNA_001/20221012_030000.WAV,Telephone Field,recover-20221013,001,1795
1526.1745,1526.2114,68437,81632,Rhinolophus ferrumequinum,0.025,0.025,-1,Echolocation,/mnt/ubna_data_02_mir/recover-20221013/UBNA_001/20221012_030000.WAV,Telephone Field,recover-20221013,001,1795
1526.2645,1526.2758,23750,29019,Nyctalus leisleri,0.014,0.029,-1,Echolocation,/mnt/ubna_data_02_mir/recover-20221013/UBNA_001/20221012_030000.WAV,Telephone Field,recover-20221013,001,1795
1526.2745,1526.2854,22031,26374,Nyctalus leisleri,0.012,0.022,-1,Echolocation,/mnt/ubna_data_02_mir/recover-20221013/UBNA_001/20221012_030000.WAV,Telephone Field,recover-20221013,001,1795
1526.2795,1526.3138,68437,81161,Rhinolophus ferrumequinum,0.023,0.023,-1,Echolocation,/mnt/ubna_data_02_mir/recover-20221013/UBNA_001/20221012_030000.WAV,Telephone Field,recover-20221013,001,1795
1526.2925,1526.2992,28046,40841,Eptesicus serotinus,0.008,0.034,-1,Echolocation,/mnt/ubna_data_02_mir/recover-20221013/UBNA_001/20221012_030000.WAV,Telephone Field,recover-20221013,001,1795
1526.3115,1526.3522,68437,82602,Rhinolophus ferrumequinum,0.031,0.031,-1,Echolocation,/mnt/ubna_data_02_mir/recover-20221013/UBNA_001/20221012_030000.WAV,Telephone Field,recover-20221013,001,1795
1526.3285,1526.3668,68437,82028,Rhinolophus ferrumequinum,0.023,0.023,-1,Echolocation,/mnt/ubna_data_02_mir/recover-20221013/UBNA_001/20221012_030000.WAV,Telephone Field,recover-20221013,001,1795
1526.3385,1526.3769,68437,81199,Rhinolophus ferrumequinum,0.024,0.024,-1,Echolocation,/mnt/ubna_data_02_mir/recover-20221013/UBNA_001/20221012_030000.WAV,Telephone Field,recover-20221013,001,1795
1526.3435,1526.3592,21171,25022,Nyctalus leisleri,0.019,0.034,-1,Echolocation,/mnt/ubna_data_02_mir/recover-20221013/UBNA_001/20221012_030000.WAV,Telephone Field,recover-20221013,001,1795
1526.3975,1526.4367,68437,81379,Rhinolophus ferrumequinum,0.029,0.029,-1,Echolocation,/mnt/ubna_data_02_mir/recover-20221013/UBNA_001/20221012_030000.WAV,Telephone Field,recover-20221013,001,1795
1526.4225,1526.4607,68437,82034,Rhinolophus ferrumequinum,0.027,0.027,-1,Echolocation,/mnt/ubna_data_02_mir/recover-20221013/UBNA_001/20221012_030000.WAV,Telephone Field,recover-20221013,001,1795
1526.4585,1526.4673,28046,37601,Eptesicus serotinus,0.009,0.025,-1,Echolocation,/mnt/ubna_data_02_mir/recover-20221013/UBNA_001/20221012_030000.WAV,Telephone Field,recover-20221013,001,1795
1526.4715,1526.4817,24609,30550,Nyctalus leisleri,0.011,0.026,-1,Echolocation,/mnt/ubna_data_02_mir/recover-20221013/UBNA_001/20221012_030000.WAV,Telephone Field,recover-20221013,001,1795
1526.4935,1526.5327,68437,81820,Rhinolophus ferrumequinum,0.023,0.023,-1,Echolocation,/mnt/ubna_data_02_mir/recover-20221013/UBNA_001/20221012_030000.WAV,Telephone Field,recover-20221013,001,1795
1526.5075,1526.546,68437,82351,Rhinolophus ferrumequinum,0.023,0.023,-1,Echolocation,/mnt/ubna_data_02_mir/recover-20221013/UBNA_001/20221012_030000.WAV,Telephone Field,recover-20221013,001,1795
1526.5255,1526.5611,68437,81152,Rhinolophus ferrumequinum,0.022,0.022,-1,Echolocation,/mnt/ubna_data_02_mir/recover-20221013/UBNA_001/20221012_030000.WAV,Telephone Field,recover-20221013,001,1795
1526.5485,1526.5648,23750,28013,Nyctalus leisleri,0.022,0.041,-1,Echolocation,/mnt/ubna_data_02_mir/recover-20221013/UBNA_001/20221012_030000.WAV,Telephone Field,recover-20221013,001,1795
1526.5665,1526.6053,68437,82023,Rhinolophus ferrumequinum,0.023,0.023,-1,Echolocation,/mnt/ubna_data_02_mir/recover-20221013/UBNA_001/20221012_030000.WAV,Telephone Field,recover-20221013,001,1795
1526.5745,1526.6113,68437,82014,Rhinolophus ferrumequinum,0.023,0.023,-1,Echolocation,/mnt/ubna_data_02_mir/recover-20221013/UBNA_001/20221012_030000.WAV,Telephone Field,recover-20221013,001,1795
1526.5795,1526.5928,22031,26255,Nyctalus leisleri,0.015,0.025,-1,Echolocation,/mnt/ubna_data_02_mir/recover-20221013/UBNA_001/20221012_030000.WAV,Telephone Field,recover-20221013,001,1795
1526.5905,1526.6313,68437,83026,Rhinolophus ferrumequinum,0.027,0.027,-1,Echolocation,/mnt/ubna_data_02_mir/recover-20221013/UBNA_001/20221012_030000.WAV,Telephone Field,recover-20221013,001,1795
1526.6105,1526.6221,24609,30159,Nyctalus leisleri,0.01,0.022,-1,Echolocation,/mnt/ubna_data_02_mir/recover-20221013/UBNA_001/20221012_030000.WAV,Telephone Field,recover-20221013,001,1795
1526.6295,1526.6671,68437,82113,Rhinolophus ferrumequinum,0.022,0.022,-1,Echolocation,/mnt/ubna_data_02_mir/recover-20221013/UBNA_001/20221012_030000.WAV,Telephone Field,recover-20221013,001,1795
1526.6535,1526.6924,68437,82164,Rhinolophus ferrumequinum,0.024,0.024,-1,Echolocation,/mnt/ubna_data_02_mir/recover-20221013/UBNA_001/20221012_030000.WAV,Telephone Field,recover-20221013,001,1795
1526.6855,1526.7319,68437,83589,Rhinolophus ferrumequinum,0.053,0.053,-1,Echolocation,/mnt/ubna_data_02_mir/recover-20221013/UBNA_001/20221012_030000.WAV,Telephone Field,recover-20221013,001,1795
1526.7585,1526.7965,68437,82145,Rhinolophus ferrumequinum,0.023,0.023,-1,Echolocation,/mnt/ubna_data_02_mir/recover-20221013/UBNA_001/20221012_030000.WAV,Telephone Field,recover-20221013,001,1795
1526.7825,1526.8215,68437,82323,Rhinolophus ferrumequinum,0.024,0.024,-1,Echolocation,/mnt/ubna_data_02_mir/recover-20221013/UBNA_001/20221012_030000.WAV,Telephone Field,recover-20221013,001,1795
1526.8065,1526.8426,68437,81386,Rhinolophus ferrumequinum,0.028,0.028,-1,Echolocation,/mnt/ubna_data_02_mir/recover-20221013/UBNA_001/20221012_030000.WAV,Telephone Field,recover-20221013,001,1795
1526.8235,1526.8303,28046,39437,Eptesicus serotinus,0.008,0.03,-1,Echolocation,/mnt/ubna_data_02_mir/recover-20221013/UBNA_001/20221012_030000.WAV,Telephone Field,recover-20221013,001,1795
1526.8285,1526.8669,68437,82264,Rhinolophus ferrumequinum,0.022,0.022,-1,Echolocation,/mnt/ubna_data_02_mir/recover-20221013/UBNA_001/20221012_030000.WAV,Telephone Field,recover-20221013,001,1795
1526.8675,1526.876,28906,40173,Eptesicus serotinus,0.008,0.026,-1,Echolocation,/mnt/ubna_data_02_mir/recover-20221013/UBNA_001/20221012_030000.WAV,Telephone Field,recover-20221013,001,1795
1526.8805,1526.9178,68437,81783,Rhinolophus ferrumequinum,0.022,0.022,-1,Echolocation,/mnt/ubna_data_02_mir/recover-20221013/UBNA_001/20221012_030000.WAV,Telephone Field,recover-20221013,001,1795
1526.8915,1526.9331,68437,82390,Rhinolophus ferrumequinum,0.026,0.026,-1,Echolocation,/mnt/ubna_data_02_mir/recover-20221013/UBNA_001/20221012_030000.WAV,Telephone Field,recover-20221013,001,1795
1526.9015,1526.9418,68437,82641,Rhinolophus ferrumequinum,0.024,0.024,-1,Echolocation,/mnt/ubna_data_02_mir/recover-20221013/UBNA_001/20221012_030000.WAV,Telephone Field,recover-20221013,001,1795
1526.9085,1526.9525,68437,83237,Rhinolophus ferrumequinum,0.025,0.026,-1,Echolocation,/mnt/ubna_data_02_mir/recover-20221013/UBNA_001/20221012_030000.WAV,Telephone Field,recover-20221013,001,1795
1526.9145,1526.96,68437,83554,Rhinolophus ferrumequinum,0.027,0.027,-1,Echolocation,/mnt/ubna_data_02_mir/recover-20221013/UBNA_001/20221012_030000.WAV,Telephone Field,recover-20221013,001,1795
1526.9205,1526.9426,17734,20782,Nyctalus noctula,0.014,0.024,-1,Echolocation,/mnt/ubna_data_02_mir/recover-20221013/UBNA_001/20221012_030000.WAV,Telephone Field,recover-20221013,001,1795
1526.9255,1526.966,68437,82079,Rhinolophus ferrumequinum,0.022,0.022,-1,Echolocation,/mnt/ubna_data_02_mir/recover-20221013/UBNA_001/20221012_030000.WAV,Telephone Field,recover-20221013,001,1795
1526.9485,1526.9891,68437,83025,Rhinolophus ferrumequinum,0.038,0.038,-1,Echolocation,/mnt/ubna_data_02_mir/recover-20221013/UBNA_001/20221012_030000.WAV,Telephone Field,recover-20221013,001,1795
1526.9785,1527.0209,68437,82980,Rhinolophus ferrumequinum,0.031,0.031,-1,Echolocation,/mnt/ubna_data_02_mir/recover-20221013/UBNA_001/20221012_030000.WAV,Telephone Field,recover-20221013,001,1795
1526.9795,1526.9888,28906,39648,Eptesicus serotinus,0.008,0.022,-1,Echolocation,/mnt/ubna_data_02_mir/recover-20221013/UBNA_001/20221012_030000.WAV,Telephone Field,recover-20221013,001,1795
1527.0045,1527.0468,68437,83324,Rhinolophus ferrumequinum,0.032,0.032,-1,Echolocation,/mnt/ubna_data_02_mir/recover-20221013/UBNA_001/20221012_030000.WAV,Telephone Field,recover-20221013,001,1795
1527.0075,1527.0133,35781,63111,Myotis brandtii,0.008,0.024,-1,Echolocation,/mnt/ubna_data_02_mir/recover-20221013/UBNA_001/20221012_030000.WAV,Telephone Field,recover-20221013,001,1795
1527.0205,1527.0589,68437,82083,Rhinolophus ferrumequinum,0.022,0.022,-1,Echolocation,/mnt/ubna_data_02_mir/recover-20221013/UBNA_001/20221012_030000.WAV,Telephone Field,recover-20221013,001,1795
1527.0365,1527.0772,68437,82207,Rhinolophus ferrumequinum,0.024,0.024,-1,Echolocation,/mnt/ubna_data_02_mir/recover-20221013/UBNA_001/20221012_030000.WAV,Telephone Field,recover-20221013,001,1795
1527.0495,1527.0913,68437,82833,Rhinolophus ferrumequinum,0.023,0.023,-1,Echolocation,/mnt/ubna_data_02_mir/recover-20221013/UBNA_001/20221012_030000.WAV,Telephone Field,recover-20221013,001,1795
1527.0665,1527.0776,22890,27584,Nyctalus leisleri,0.012,0.023,-1,Echolocation,/mnt/ubna_data_02_mir/recover-20221013/UBNA_001/20221012_030000.WAV,Telephone Field,recover-20221013,001,1795
1527.0715,1527.0826,22031,27107,Nyctalus leisleri,0.011,0.023,-1,Echolocation,/mnt/ubna_data_02_mir/recover-20221013/UBNA_001/20221012_030000.WAV,Telephone Field,recover-20221013,001,1795
1527.0905,1527.1324,68437,82941,Rhinolophus ferrumequinum,0.028,0.029,-1,Echolocation,/mnt/ubna_data_02_mir/recover-20221013/UBNA_001/20221012_030000.WAV,Telephone Field,recover-20221013,001,1795
1527.1475,1527.187,68437,82279,Rhinolophus ferrumequinum,0.022,0.022,-1,Echolocation,/mnt/ubna_data_02_mir/recover-20221013/UBNA_001/20221012_030000.WAV,Telephone Field,recover-20221013,001,1795
1527.1545,1527.1933,68437,82083,Rhinolophus ferrumequinum,0.023,0.023,-1,Echolocation,/mnt/ubna_data_02_mir/recover-20221013/UBNA_001/20221012_030000.WAV,Telephone Field,recover-20221013,001,1795
1527.2075,1527.2509,68437,83039,Rhinolophus ferrumequinum,0.035,0.035,-1,Echolocation,/mnt/ubna_data_02_mir/recover-20221013/UBNA_001/20221012_030000.WAV,Telephone Field,recover-20221013,001,1795
1527.2395,1527.2793,68437,82251,Rhinolophus ferrumequinum,0.027,0.027,-1,Echolocation,/mnt/ubna_data_02_mir/recover-20221013/UBNA_001/20221012_030000.WAV,Telephone Field,recover-20221013,001,1795
1527.2445,1527.255,29765,38365,Eptesicus serotinus,0.011,0.025,-1,Echolocation,/mnt/ubna_data_02_mir/recover-20221013/UBNA_001/20221012_030000.WAV,Telephone Field,recover-20221013,001,1795
1527.2645,1527.2737,22890,29835,Nyctalus leisleri,0.007,0.023,-1,Echolocation,/mnt/ubna_data_02_mir/recover-20221013/UBNA_001/20221012_030000.WAV,Telephone Field,recover-20221013,001,1795
1527.2965,1527.3096,22890,27012,Nyctalus leisleri,0.019,0.03,-1,Echolocation,/mnt/ubna_data_02_mir/recover-20221013/UBNA_001/20221012_030000.WAV,Telephone Field,recover-20221013,001,1795
1527.3585,1527.4009,68437,83376,Rhinolophus ferrumequinum,0.037,0.037,-1,Echolocation,/mnt/ubna_data_02_mir/recover-20221013/UBNA_001/20221012_030000.WAV,Telephone Field,recover-20221013,001,1795
1527.3755,1527.4145,68437,82954,Rhinolophus ferrumequinum,0.026,0.026,-1,Echolocation,/mnt/ubna_data_02_mir/recover-20221013/UBNA_001/20221012_030000.WAV,Telephone Field,recover-20221013,001,1795
1527.3825,1527.3908,28046,39954,Eptesicus serotinus,0.007,0.022,-1,Echolocation,/mnt/ubna_data_02_mir/recover-20221013/UBNA_001/20221012_030000.WAV,Telephone Field,recover-20221013,001,1795
1527.3965,1527.4356,68437,82688,Rhinolophus ferrumequinum,0.024,0.025,-1,Echolocation,/mnt/ubna_data_02_mir/recover-20221013/UBNA_001/20221012_030000.WAV,Telephone Field,recover-20221013,001,1795
1527.4325,1527.4692,68437,81213,Rhinolophus ferrumequinum,0.026,0.026,-1,Echolocation,/mnt/ubna_data_02_mir/recover-20221013/UBNA_001/20221012_030000.WAV,Telephone Field,recover-20221013,001,1795
1527.4645,1527.4731,28906,37451,Eptesicus serotinus,0.026,0.05,-1,Echolocation,/mnt/ubna_data_02_mir/recover-20221013/UBNA_001/20221012_030000.WAV,Telephone Field,recover-20221013,001,1795
1527.4885,1527.4963,23750,32837,Plecotus austriacus,0.011,0.025,-1,Echolocation,/mnt/ubna_data_02_mir/recover-20221013/UBNA_001/20221012_030000.WAV,Telephone Field,recover-20221013,001,1795
1527.5095,1527.548,68437,82176,Rhinolophus ferrumequinum,0.022,0.022,-1,Echolocation,/mnt/ubna_data_02_mir/recover-20221013/UBNA_001/20221012_030000.WAV,Telephone Field,recover-20221013,001,1795
1527.5155,1527.5268,23750,29830,Nyctalus leisleri,0.015,0.033,-1,Echolocation,/mnt/ubna_data_02_mir/recover-20221013/UBNA_001/20221012_030000.WAV,Telephone Field,recover-20221013,001,1795
1527.5335,1527.5715,68437,82920,Rhinolophus ferrumequinum,0.022,0.022,-1,Echolocation,/mnt/ubna_data_02_mir/recover-20221013/UBNA_001/20221012_030000.WAV,Telephone Field,recover-20221013,001,1795
1527.5425,1527.5502,23750,32073,Plecotus austriacus,0.012,0.027,-1,Echolocation,/mnt/ubna_data_02_mir/recover-20221013/UBNA_001/20221012_030000.WAV,Telephone Field,recover-20221013,001,1795
1527.5535,1527.5956,68437,82644,Rhinolophus ferrumequinum,0.025,0.025,-1,Echolocation,/mnt/ubna_data_02_mir/recover-20221013/UBNA_001/20221012_030000.WAV,Telephone Field,recover-20221013,001,1795
1527.5815,1527.6212,68437,82664,Rhinolophus ferrumequinum,0.025,0.025,-1,Echolocation,/mnt/ubna_data_02_mir/recover-20221013/UBNA_001/20221012_030000.WAV,Telephone Field,recover-20221013,001,1795
1527.6575,1527.6967,68437,82072,Rhinolophus ferrumequinum,0.023,0.023,-1,Echolocation,/mnt/ubna_data_02_mir/recover-20221013/UBNA_001/20221012_030000.WAV,Telephone Field,recover-20221013,001,1795
1527.7235,1527.7609,68437,81860,Rhinolophus ferrumequinum,0.022,0.022,-1,Echolocation,/mnt/ubna_data_02_mir/recover-20221013/UBNA_001/20221012_030000.WAV,Telephone Field,recover-20221013,001,1795
1527.7335,1527.7417,25468,34482,Eptesicus serotinus,0.006,0.022,-1,Echolocation,/mnt/ubna_data_02_mir/recover-20221013/UBNA_001/20221012_030000.WAV,Telephone Field,recover-20221013,001,1795
1527.7825,1527.79,27187,46159,Eptesicus serotinus,0.007,0.023,-1,Echolocation,/mnt/ubna_data_02_mir/recover-20221013/UBNA_001/20221012_030000.WAV,Telephone Field,recover-20221013,001,1795
1527.7845,1527.8236,68437,82377,Rhinolophus ferrumequinum,0.026,0.026,-1,Echolocation,/mnt/ubna_data_02_mir/recover-20221013/UBNA_001/20221012_030000.WAV,Telephone Field,recover-20221013,001,1795
1527.8055,1527.8472,68437,82599,Rhinolophus ferrumequinum,0.028,0.028,-1,Echolocation,/mnt/ubna_data_02_mir/recover-20221013/UBNA_001/20221012_030000.WAV,Telephone Field,recover-20221013,001,1795
1527.8175,1527.8294,22890,26972,Nyctalus leisleri,0.02,0.034,-1,Echolocation,/mnt/ubna_data_02_mir/recover-20221013/UBNA_001/20221012_030000.WAV,Telephone Field,recover-20221013,001,1795
1527.8455,1527.8551,28046,37801,Eptesicus serotinus,0.009,0.022,-1,Echolocation,/mnt/ubna_data_02_mir/recover-20221013/UBNA_001/20221012_030000.WAV,Telephone Field,recover-20221013,001,1795
1527.8565,1527.867,24609,30901,Nyctalus leisleri,0.009,0.023,-1,Echolocation,/mnt/ubna_data_02_mir/recover-20221013/UBNA_001/20221012_030000.WAV,Telephone Field,recover-20221013,001,1795
1527.8975,1527.9386,68437,82826,Rhinolophus ferrumequinum,0.034,0.034,-1,Echolocation,/mnt/ubna_data_02_mir/recover-20221013/UBNA_001/20221012_030000.WAV,Telephone Field,recover-20221013,001,1795
1527.9025,1527.9119,28046,36498,Eptesicus serotinus,0.009,0.022,-1,Echolocation,/mnt/ubna_data_02_mir/recover-20221013/UBNA_001/20221012_030000.WAV,Telephone Field,recover-20221013,001,1795
1527.9445,1527.9558,28906,35343,Eptesicus serotinus,0.011,0.027,-1,Echolocation,/mnt/ubna_data_02_mir/recover-20221013/UBNA_001/20221012_030000.WAV,Telephone Field,recover-20221013,001,1795
1527.9565,1527.9948,68437,81978,Rhinolophus ferrumequinum,0.023,0.023,-1,Echolocation,/mnt/ubna_data_02_mir/recover-20221013/UBNA_001/20221012_030000.WAV,Telephone Field,recover-20221013,001,1795
1527.9775,1527.9855,28906,39501,Eptesicus serotinus,0.008,0.025,-1,Echolocation,/mnt/ubna_data_02_mir/recover-20221013/UBNA_001/20221012_030000.WAV,Telephone Field,recover-20221013,001,1795
1528.0015,1528.0339,68437,79835,Rhinolophus ferrumequinum,0.028,0.028,-1,Echolocation,/mnt/ubna_data_02_mir/recover-20221013/UBNA_001/20221012_030000.WAV,Telephone Field,recover-20221013,001,1795
1528.0015,1528.0102,23750,31606,Nyctalus leisleri,0.011,0.036,-1,Echolocation,/mnt/ubna_data_02_mir/recover-20221013/UBNA_001/20221012_030000.WAV,Telephone Field,recover-20221013,001,1795
1528.0335,1528.0524,21171,24570,Nyctalus leisleri,0.034,0.06,-1,Echolocation,/mnt/ubna_data_02_mir/recover-20221013/UBNA_001/20221012_030000.WAV,Telephone Field,recover-20221013,001,1795
1528.0505,1528.0607,28906,37653,Eptesicus serotinus,0.012,0.028,-1,Echolocation,/mnt/ubna_data_02_mir/recover-20221013/UBNA_001/20221012_030000.WAV,Telephone Field,recover-20221013,001,1795
1528.0735,1528.0838,28046,36569,Eptesicus serotinus,0.01,0.023,-1,Echolocation,/mnt/ubna_data_02_mir/recover-20221013/UBNA_001/20221012_030000.WAV,Telephone Field,recover-20221013,001,1795
1528.0845,1528.0951,22890,29082,Nyctalus leisleri,0.012,0.03,-1,Echolocation,/mnt/ubna_data_02_mir/recover-20221013/UBNA_001/20221012_030000.WAV,Telephone Field,recover-20221013,001,1795
1528.1045,1528.1423,68437,82244,Rhinolophus ferrumequinum,0.022,0.022,-1,Echolocation,/mnt/ubna_data_02_mir/recover-20221013/UBNA_001/20221012_030000.WAV,Telephone Field,recover-20221013,001,1795
1528.1245,1528.134,28046,36465,Eptesicus serotinus,0.009,0.024,-1,Echolocation,/mnt/ubna_data_02_mir/recover-20221013/UBNA_001/20221012_030000.WAV,Telephone Field,recover-20221013,001,1795
1528.1305,1528.1699,68437,82379,Rhinolophus ferrumequinum,0.024,0.024,-1,Echolocation,/mnt/ubna_data_02_mir/recover-20221013/UBNA_001/20221012_030000.WAV,Telephone Field,recover-20221013,001,1795
1528.1335,1528.1439,43515,50107,Pipistrellus pipistrellus,0.021,0.026,-1,Echolocation,/mnt/ubna_data_02_mir/recover-20221013/UBNA_001/20221012_030000.WAV,Telephone Field,recover-20221013,001,1795
1528.1585,1528.1663,27187,37444,Eptesicus serotinus,0.009,0.026,-1,Echolocation,/mnt/ubna_data_02_mir/recover-20221013/UBNA_001/20221012_030000.WAV,Telephone Field,recover-20221013,001,1795
1528.1805,1528.2187,68437,81907,Rhinolophus ferrumequinum,0.023,0.023,-1,Echolocation,/mnt/ubna_data_02_mir/recover-20221013/UBNA_001/20221012_030000.WAV,Telephone Field,recover-20221013,001,1795
1528.2215,1528.237,23750,28763,Nyctalus leisleri,0.017,0.033,-1,Echolocation,/mnt/ubna_data_02_mir/recover-20221013/UBNA_001/20221012_030000.WAV,Telephone Field,recover-20221013,001,1795
1528.2285,1528.2647,68437,81380,Rhinolophus ferrumequinum,0.021,0.021,-1,Echolocation,/mnt/ubna_data_02_mir/recover-20221013/UBNA_001/20221012_030000.WAV,Telephone Field,recover-20221013,001,1795
1528.2495,1528.2884,68437,82556,Rhinolophus ferrumequinum,0.021,0.021,-1,Echolocation,/mnt/ubna_data_02_mir/recover-20221013/UBNA_001/20221012_030000.WAV,Telephone Field,recover-20221013,001,1795
1528.2545,1528.2633,28906,37986,Eptesicus serotinus,0.007,0.022,-1,Echolocation,/mnt/ubna_data_02_mir/recover-20221013/UBNA_001/20221012_030000.WAV,Telephone Field,recover-20221013,001,1795
1528.2655,1528.3023,68437,82174,Rhinolophus ferrumequinum,0.025,0.025,-1,Echolocation,/mnt/ubna_data_02_mir/recover-20221013/UBNA_001/20221012_030000.WAV,Telephone Field,recover-20221013,001,1795
1528.2745,1528.3148,68437,82596,Rhinolophus ferrumequinum,0.023,0.023,-1,Echolocation,/mnt/ubna_data_02_mir/recover-20221013/UBNA_001/20221012_030000.WAV,Telephone Field,recover-20221013,001,1795
1528.2945,1528.3329,68437,82006,Rhinolophus ferrumequinum,0.021,0.022,-1,Echolocation,/mnt/ubna_data_02_mir/recover-20221013/UBNA_001/20221012_030000.WAV,Telephone Field,recover-20221013,001,1795
1528.2995,1528.3068,30625,43017,Myotis daubentonii,0.011,0.027,-1,Echolocation,/mnt/ubna_data_02_mir/recover-20221013/UBNA_001/20221012_030000.WAV,Telephone Field,recover-20221013,001,1795
1528.3475,1528.3842,68437,82096,Rhinolophus ferrumequinum,0.024,0.024,-1,Echolocation,/mnt/ubna_data_02_mir/recover-20221013/UBNA_001/20221012_030000.WAV,Telephone Field,recover-20221013,001,1795
1528.3645,1528.3712,24609,34457,Plecotus austriacus,0.011,0.028,-1,Echolocation,/mnt/ubna_data_02_mir/recover-20221013/UBNA_001/20221012_030000.WAV,Telephone Field,recover-20221013,001,1795
1528.3745,1528.4111,68437,82020,Rhinolophus ferrumequinum,0.022,0.022,-1,Echolocation,/mnt/ubna_data_02_mir/recover-20221013/UBNA_001/20221012_030000.WAV,Telephone Field,recover-20221013,001,1795
1528.3875,1528.4245,68437,81230,Rhinolophus ferrumequinum,0.022,0.023,-1,Echolocation,/mnt/ubna_data_02_mir/recover-20221013/UBNA_001/20221012_030000.WAV,Telephone Field,recover-20221013,001,1795
1528.3915,1528.3988,28046,39242,Eptesicus serotinus,0.007,0.027,-1,Echolocation,/mnt/ubna_data_02_mir/recover-20221013/UBNA_001/20221012_030000.WAV,Telephone Field,recover-20221013,001,1795
1528.3955,1528.4318,68437,82283,Rhinolophus ferrumequinum,0.03,0.03,-1,Echolocation,/mnt/ubna_data_02_mir/recover-20221013/UBNA_001/20221012_030000.WAV,Telephone Field,recover-20221013,001,1795
1528.4515,1528.4897,68437,82214,Rhinolophus ferrumequinum,0.022,0.022,-1,Echolocation,/mnt/ubna_data_02_mir/recover-20221013/UBNA_001/20221012_030000.WAV,Telephone Field,recover-20221013,001,1795
1528.4615,1528.4716,28906,36680,Eptesicus serotinus,0.011,0.024,-1,Echolocation,/mnt/ubna_data_02_mir/recover-20221013/UBNA_001/20221012_030000.WAV,Telephone Field,recover-20221013,001,1795
1528.4775,1528.5171,68437,82005,Rhinolophus ferrumequinum,0.023,0.023,-1,Echolocation,/mnt/ubna_data_02_mir/recover-20221013/UBNA_001/20221012_030000.WAV,Telephone Field,recover-20221013,001,1795
1528.5055,1528.5124,28046,45580,Eptesicus serotinus,0.012,0.04,-1,Echolocation,/mnt/ubna_data_02_mir/recover-20221013/UBNA_001/20221012_030000.WAV,Telephone Field,recover-20221013,001,1795
1528.5335,1528.5426,28046,36444,Eptesicus serotinus,0.008,0.026,-1,Echolocation,/mnt/ubna_data_02_mir/recover-20221013/UBNA_001/20221012_030000.WAV,Telephone Field,recover-20221013,001,1795
1528.5625,1528.5709,28046,40763,Eptesicus serotinus,0.008,0.023,-1,Echolocation,/mnt/ubna_data_02_mir/recover-20221013/UBNA_001/20221012_030000.WAV,Telephone Field,recover-20221013,001,1795
1528.5685,1528.6077,68437,82526,Rhinolophus ferrumequinum,0.022,0.022,-1,Echolocation,/mnt/ubna_data_02_mir/recover-20221013/UBNA_001/20221012_030000.WAV,Telephone Field,recover-20221013,001,1795
1528.5705,1528.5792,28046,38147,Eptesicus serotinus,0.01,0.026,-1,Echolocation,/mnt/ubna_data_02_mir/recover-20221013/UBNA_001/20221012_030000.WAV,Telephone Field,recover-20221013,001,1795
1528.5955,1528.6035,27187,39042,Eptesicus serotinus,0.008,0.023,-1,Echolocation,/mnt/ubna_data_02_mir/recover-20221013/UBNA_001/20221012_030000.WAV,Telephone Field,recover-20221013,001,1795
1528.5995,1528.6368,68437,81520,Rhinolophus ferrumequinum,0.029,0.029,-1,Echolocation,/mnt/ubna_data_02_mir/recover-20221013/UBNA_001/20221012_030000.WAV,Telephone Field,recover-20221013,001,1795
1528.6235,1528.6322,28906,38728,Eptesicus serotinus,0.008,0.022,-1,Echolocation,/mnt/ubna_data_02_mir/recover-20221013/UBNA_001/20221012_030000.WAV,Telephone Field,recover-20221013,001,1795
1528.6545,1528.6654,43515,46923,Pipistrellus pipistrellus,0.024,0.026,-1,Echolocation,/mnt/ubna_data_02_mir/recover-20221013/UBNA_001/20221012_030000.WAV,Telephone Field,recover-20221013,001,1795
1528.6545,1528.692,68437,81856,Rhinolophus ferrumequinum,0.021,0.022,-1,Echolocation,/mnt/ubna_data_02_mir/recover-20221013/UBNA_001/20221012_030000.WAV,Telephone Field,recover-20221013,001,1795
1528.6775,1528.6854,28046,42682,Eptesicus serotinus,0.007,0.022,-1,Echolocation,/mnt/ubna_data_02_mir/recover-20221013/UBNA_001/20221012_030000.WAV,Telephone Field,recover-20221013,001,1795
1528.6805,1528.7189,68437,82422,Rhinolophus ferrumequinum,0.038,0.038,-1,Echolocation,/mnt/ubna_data_02_mir/recover-20221013/UBNA_001/20221012_030000.WAV,Telephone Field,recover-20221013,001,1795
1528.7125,1528.7202,25468,35478,Eptesicus serotinus,0.005,0.022,-1,Echolocation,/mnt/ubna_data_02_mir/recover-20221013/UBNA_001/20221012_030000.WAV,Telephone Field,recover-20221013,001,1795
1528.7765,1528.8144,68437,82393,Rhinolophus ferrumequinum,0.027,0.027,-1,Echolocation,/mnt/ubna_data_02_mir/recover-20221013/UBNA_001/20221012_030000.WAV,Telephone Field,recover-20221013,001,1795
1528.7885,1528.7952,50390,56902,Pipistrellus pipistrellus,0.021,0.024,-1,Echolocation,/mnt/ubna_data_02_mir/recover-20221013/UBNA_001/20221012_030000.WAV,Telephone Field,recover-20221013,001,1795
1528.7915,1528.8022,22890,29007,Nyctalus leisleri,0.011,0.026,-1,Echolocation,/mnt/ubna_data_02_mir/recover-20221013/UBNA_001/20221012_030000.WAV,Telephone Field,recover-20221013,001,1795
1528.8235,1528.863,68437,81797,Rhinolophus ferrumequinum,0.022,0.022,-1,Echolocation,/mnt/ubna_data_02_mir/recover-20221013/UBNA_001/20221012_030000.WAV,Telephone Field,recover-20221013,001,1795
1528.8415,1528.877,68437,81436,Rhinolophus ferrumequinum,0.022,0.022,-1,Echolocation,/mnt/ubna_data_02_mir/recover-20221013/UBNA_001/20221012_030000.WAV,Telephone Field,recover-20221013,001,1795
1528.8425,1528.8561,23750,28011,Nyctalus leisleri,0.025,0.04,-1,Echolocation,/mnt/ubna_data_02_mir/recover-20221013/UBNA_001/20221012_030000.WAV,Telephone Field,recover-20221013,001,1795
1528.8865,1528.8959,26328,35306,Eptesicus serotinus,0.014,0.034,-1,Echolocation,/mnt/ubna_data_02_mir/recover-20221013/UBNA_001/20221012_030000.WAV,Telephone Field,recover-20221013,001,1795
1528.8875,1528.9272,68437,82693,Rhinolophus ferrumequinum,0.025,0.025,-1,Echolocation,/mnt/ubna_data_02_mir/recover-20221013/UBNA_001/20221012_030000.WAV,Telephone Field,recover-20221013,001,1795
1528.8975,1528.9351,68437,81757,Rhinolophus ferrumequinum,0.021,0.021,-1,Echolocation,/mnt/ubna_data_02_mir/recover-20221013/UBNA_001/20221012_030000.WAV,Telephone Field,recover-20221013,001,1795
1528.9155,1528.9248,28906,37053,Eptesicus serotinus,0.009,0.024,-1,Echolocation,/mnt/ubna_data_02_mir/recover-20221013/UBNA_001/20221012_030000.WAV,Telephone Field,recover-20221013,001,1795
1528.9275,1528.9344,27187,46777,Myotis daubentonii,0.006,0.023,-1,Echolocation,/mnt/ubna_data_02_mir/recover-20221013/UBNA_001/20221012_030000.WAV,Telephone Field,recover-20221013,001,1795
1528.9325,1528.9702,68437,81899,Rhinolophus ferrumequinum,0.025,0.025,-1,Echolocation,/mnt/ubna_data_02_mir/recover-20221013/UBNA_001/20221012_030000.WAV,Telephone Field,recover-20221013,001,1795
1528.9665,1528.9745,27187,38129,Eptesicus serotinus,0.007,0.022,-1,Echolocation,/mnt/ubna_data_02_mir/recover-20221013/UBNA_001/20221012_030000.WAV,Telephone Field,recover-20221013,001,1795
1528.9715,1529.0065,68437,81538,Rhinolophus ferrumequinum,0.022,0.022,-1,Echolocation,/mnt/ubna_data_02_mir/recover-20221013/UBNA_001/20221012_030000.WAV,Telephone Field,recover-20221013,001,1795
1528.9955,1529.0051,28906,36793,Eptesicus serotinus,0.009,0.024,-1,Echolocation,/mnt/ubna_data_02_mir/recover-20221013/UBNA_001/20221012_030000.WAV,Telephone Field,recover-20221013,001,1795
1529.0005,1529.0431,68437,82405,Rhinolophus ferrumequinum,0.04,0.04,-1,Echolocation,/mnt/ubna_data_02_mir/recover-20221013/UBNA_001/20221012_030000.WAV,Telephone Field,recover-20221013,001,1795
1529.0185,1529.0542,68437,81920,Rhinolophus ferrumequinum,0.022,0.022,-1,Echolocation,/mnt/ubna_data_02_mir/recover-20221013/UBNA_001/20221012_030000.WAV,Telephone Field,recover-20221013,001,1795
1529.0475,1529.086,68437,82322,Rhinolophus ferrumequinum,0.022,0.022,-1,Echolocation,/mnt/ubna_data_02_mir/recover-20221013/UBNA_001/20221012_030000.WAV,Telephone Field,recover-20221013,001,1795
1529.0545,1529.0961,68437,82557,Rhinolophus ferrumequinum,0.023,0.023,-1,Echolocation,/mnt/ubna_data_02_mir/recover-20221013/UBNA_001/20221012_030000.WAV,Telephone Field,recover-20221013,001,1795
1529.0675,1529.0755,26328,37165,Eptesicus serotinus,0.007,0.023,-1,Echolocation,/mnt/ubna_data_02_mir/recover-20221013/UBNA_001/20221012_030000.WAV,Telephone Field,recover-20221013,001,1795
1529.0985,1529.1406,68437,82629,Rhinolophus ferrumequinum,0.027,0.027,-1,Echolocation,/mnt/ubna_data_02_mir/recover-20221013/UBNA_001/20221012_030000.WAV,Telephone Field,recover-20221013,001,1795
1529.1135,1529.1499,68437,81748,Rhinolophus ferrumequinum,0.023,0.023,-1,Echolocation,/mnt/ubna_data_02_mir/recover-20221013/UBNA_001/20221012_030000.WAV,Telephone Field,recover-20221013,001,1795
1529.1405,1529.1825,68437,83353,Rhinolophus ferrumequinum,0.029,0.029,-1,Echolocation,/mnt/ubna_data_02_mir/recover-20221013/UBNA_001/20221012_030000.WAV,Telephone Field,recover-20221013,001,1795
1529.1895,1529.2274,68437,81665,Rhinolophus ferrumequinum,0.024,0.024,-1,Echolocation,/mnt/ubna_data_02_mir/recover-20221013/UBNA_001/20221012_030000.WAV,Telephone Field,recover-20221013,001,1795
1529.2295,1529.2730999999999,68437,82975,Rhinolophus ferrumequinum,0.031,0.031,-1,Echolocation,/mnt/ubna_data_02_mir/recover-20221013/UBNA_001/20221012_030000.WAV,Telephone Field,recover-20221013,001,1795
1529.2625,1529.3024,68437,82605,Rhinolophus ferrumequinum,0.03,0.03,-1,Echolocation,/mnt/ubna_data_02_mir/recover-20221013/UBNA_001/20221012_030000.WAV,Telephone Field,recover-20221013,001,1795
1529.2635,1529.2725,22890,29757,Plecotus austriacus,0.009,0.024,-1,Echolocation,/mnt/ubna_data_02_mir/recover-20221013/UBNA_001/20221012_030000.WAV,Telephone Field,recover-20221013,001,1795
1529.2925,1529.3014,28046,38149,Eptesicus serotinus,0.008,0.022,-1,Echolocation,/mnt/ubna_data_02_mir/recover-20221013/UBNA_001/20221012_030000.WAV,Telephone Field,recover-20221013,001,1795
1529.2965,1529.3316,68437,80642,Rhinolophus ferrumequinum,0.021,0.021,-1,Echolocation,/mnt/ubna_data_02_mir/recover-20221013/UBNA_001/20221012_030000.WAV,Telephone Field,recover-20221013,001,1795
1529.3035,1529.3417,68437,81404,Rhinolophus ferrumequinum,0.024,0.024,-1,Echolocation,/mnt/ubna_data_02_mir/recover-20221013/UBNA_001/20221012_030000.WAV,Telephone Field,recover-20221013,001,1795
1529.3135,1529.3523,68437,82410,Rhinolophus ferrumequinum,0.028,0.028,-1,Echolocation,/mnt/ubna_data_02_mir/recover-20221013/UBNA_001/20221012_030000.WAV,Telephone Field,recover-20221013,001,1795
1529.3145,1529.3257,28046,34768,Eptesicus serotinus,0.026,0.045,-1,Echolocation,/mnt/ubna_data_02_mir/recover-20221013/UBNA_001/20221012_030000.WAV,Telephone Field,recover-20221013,001,1795
1529.3215,1529.3293,14296,24219,Plecotus auritus,0.011,0.023,-1,Echolocation,/mnt/ubna_data_02_mir/recover-20221013/UBNA_001/20221012_030000.WAV,Telephone Field,recover-20221013,001,1795
1529.3465,1529.3538,45234,52367,Pipistrellus pipistrellus,0.018,0.023,-1,Echolocation,/mnt/ubna_data_02_mir/recover-20221013/UBNA_001/20221012_030000.WAV,Telephone Field,recover-20221013,001,1795
1529.3985,1529.4067,32343,41146,Myotis daubentonii,0.011,0.025,-1,Echolocation,/mnt/ubna_data_02_mir/recover-20221013/UBNA_001/20221012_030000.WAV,Telephone Field,recover-20221013,001,1795
1529.4005,1529.4083,28046,39705,Eptesicus serotinus,0.007,0.026,-1,Echolocation,/mnt/ubna_data_02_mir/recover-20221013/UBNA_001/20221012_030000.WAV,Telephone Field,recover-20221013,001,1795
1529.4065,1529.4518,68437,83192,Rhinolophus ferrumequinum,0.049,0.049,-1,Echolocation,/mnt/ubna_data_02_mir/recover-20221013/UBNA_001/20221012_030000.WAV,Telephone Field,recover-20221013,001,1795
1529.4085,1529.4202,22890,27694,Nyctalus leisleri,0.014,0.026,-1,Echolocation,/mnt/ubna_data_02_mir/recover-20221013/UBNA_001/20221012_030000.WAV,Telephone Field,recover-20221013,001,1795
1529.4605,1529.5011,68437,82513,Rhinolophus ferrumequinum,0.035,0.035,-1,Echolocation,/mnt/ubna_data_02_mir/recover-20221013/UBNA_001/20221012_030000.WAV,Telephone Field,recover-20221013,001,1795
1529.4635,1529.4722,26328,41534,Eptesicus serotinus,0.013,0.03,-1,Echolocation,/mnt/ubna_data_02_mir/recover-20221013/UBNA_001/20221012_030000.WAV,Telephone Field,recover-20221013,001,1795
1529.4865,1529.5236,68437,81384,Rhinolophus ferrumequinum,0.022,0.022,-1,Echolocation,/mnt/ubna_data_02_mir/recover-20221013/UBNA_001/20221012_030000.WAV,Telephone Field,recover-20221013,001,1795
1529.4925,1529.4998,27187,41655,Eptesicus serotinus,0.007,0.021,-1,Echolocation,/mnt/ubna_data_02_mir/recover-20221013/UBNA_001/20221012_030000.WAV,Telephone Field,recover-20221013,001,1795
1529.5155,1529.5574,68437,82866,Rhinolophus ferrumequinum,0.026,0.026,-1,Echolocation,/mnt/ubna_data_02_mir/recover-20221013/UBNA_001/20221012_030000.WAV,Telephone Field,recover-20221013,001,1795
1529.5385,1529.5737,68437,81068,Rhinolophus ferrumequinum,0.022,0.022,-1,Echolocation,/mnt/ubna_data_02_mir/recover-20221013/UBNA_001/20221012_030000.WAV,Telephone Field,recover-20221013,001,1795
1529.5455,1529.5848,68437,81915,Rhinolophus ferrumequinum,0.022,0.022,-1,Echolocation,/mnt/ubna_data_02_mir/recover-20221013/UBNA_001/20221012_030000.WAV,Telephone Field,recover-20221013,001,1795
1529.5655,1529.5755,28906,36135,Eptesicus serotinus,0.01,0.027,-1,Echolocation,/mnt/ubna_data_02_mir/recover-20221013/UBNA_001/20221012_030000.WAV,Telephone Field,recover-20221013,001,1795
1529.5665,1529.6065,68437,82222,Rhinolophus ferrumequinum,0.022,0.022,-1,Echolocation,/mnt/ubna_data_02_mir/recover-20221013/UBNA_001/20221012_030000.WAV,Telephone Field,recover-20221013,001,1795
1529.5815,1529.5962,22890,26314,Nyctalus leisleri,0.021,0.034,-1,Echolocation,/mnt/ubna_data_02_mir/recover-20221013/UBNA_001/20221012_030000.WAV,Telephone Field,recover-20221013,001,1795
1529.6005,1529.6399,68437,82040,Rhinolophus ferrumequinum,0.023,0.023,-1,Echolocation,/mnt/ubna_data_02_mir/recover-20221013/UBNA_001/20221012_030000.WAV,Telephone Field,recover-20221013,001,1795
1529.6085,1529.6465,68437,82220,Rhinolophus ferrumequinum,0.023,0.023,-1,Echolocation,/mnt/ubna_data_02_mir/recover-20221013/UBNA_001/20221012_030000.WAV,Telephone Field,recover-20221013,001,1795
1529.6165,1529.6543,68437,82455,Rhinolophus ferrumequinum,0.023,0.023,-1,Echolocation,/mnt/ubna_data_02_mir/recover-20221013/UBNA_001/20221012_030000.WAV,Telephone Field,recover-20221013,001,1795
1529.6185,1529.629,28906,35713,Eptesicus serotinus,0.009,0.023,-1,Echolocation,/mnt/ubna_data_02_mir/recover-20221013/UBNA_001/20221012_030000.WAV,Telephone Field,recover-20221013,001,1795
1529.6415,1529.6518,37500,43221,Myotis daubentonii,0.005,0.022,-1,Echolocation,/mnt/ubna_data_02_mir/recover-20221013/UBNA_001/20221012_030000.WAV,Telephone Field,recover-20221013,001,1795
1529.6645,1529.6757,22031,27225,Nyctalus leisleri,0.014,0.028,-1,Echolocation,/mnt/ubna_data_02_mir/recover-20221013/UBNA_001/20221012_030000.WAV,Telephone Field,recover-20221013,001,1795
1529.6685,1529.6756,28046,39397,Eptesicus serotinus,0.007,0.028,-1,Echolocation,/mnt/ubna_data_02_mir/recover-20221013/UBNA_001/20221012_030000.WAV,Telephone Field,recover-20221013,001,1795
1529.6715,1529.7081,68437,81130,Rhinolophus ferrumequinum,0.022,0.022,-1,Echolocation,/mnt/ubna_data_02_mir/recover-20221013/UBNA_001/20221012_030000.WAV,Telephone Field,recover-20221013,001,1795
1529.6915,1529.7293,68437,82136,Rhinolophus ferrumequinum,0.024,0.025,-1,Echolocation,/mnt/ubna_data_02_mir/recover-20221013/UBNA_001/20221012_030000.WAV,Telephone Field,recover-20221013,001,1795
1529.7185,1529.7592,68437,83022,Rhinolophus ferrumequinum,0.024,0.024,-1,Echolocation,/mnt/ubna_data_02_mir/recover-20221013/UBNA_001/20221012_030000.WAV,Telephone Field,recover-20221013,001,1795
1529.7785,1529.7869,26328,36106,Eptesicus serotinus,0.01,0.026,-1,Echolocation,/mnt/ubna_data_02_mir/recover-20221013/UBNA_001/20221012_030000.WAV,Telephone Field,recover-20221013,001,1795
1529.8115,1529.8513,68437,82354,Rhinolophus ferrumequinum,0.023,0.023,-1,Echolocation,/mnt/ubna_data_02_mir/recover-20221013/UBNA_001/20221012_030000.WAV,Telephone Field,recover-20221013,001,1795
1529.8315,1529.8394,22890,30929,Plecotus austriacus,0.012,0.025,-1,Echolocation,/mnt/ubna_data_02_mir/recover-20221013/UBNA_001/20221012_030000.WAV,Telephone Field,recover-20221013,001,1795
1529.8405,1529.878,68437,82129,Rhinolophus ferrumequinum,0.027,0.028,-1,Echolocation,/mnt/ubna_data_02_mir/recover-20221013/UBNA_001/20221012_030000.WAV,Telephone Field,recover-20221013,001,1795
1529.9235,1529.9629,68437,82418,Rhinolophus ferrumequinum,0.025,0.025,-1,Echolocation,/mnt/ubna_data_02_mir/recover-20221013/UBNA_001/20221012_030000.WAV,Telephone Field,recover-20221013,001,1795
1529.9435,1529.9529,27187,35658,Eptesicus serotinus,0.014,0.031,-1,Echolocation,/mnt/ubna_data_02_mir/recover-20221013/UBNA_001/20221012_030000.WAV,Telephone Field,recover-20221013,001,1795
1529.9735,1529.9849,45234,47790,Pipistrellus pipistrellus,0.03,0.032,-1,Echolocation,/mnt/ubna_data_02_mir/recover-20221013/UBNA_001/20221012_030000.WAV,Telephone Field,recover-20221013,001,1795
1530.0015,1530.0079,46953,53613,Pipistrellus pipistrellus,0.017,0.022,-1,Echolocation,/mnt/ubna_data_02_mir/recover-20221013/UBNA_001/20221012_030000.WAV,Telephone Field,recover-20221013,001,1795
1530.0015,1530.0376,68437,80537,Rhinolophus ferrumequinum,0.046,0.046,-1,Echolocation,/mnt/ubna_data_02_mir/recover-20221013/UBNA_001/20221012_030000.WAV,Telephone Field,recover-20221013,001,1795
1530.0015,1530.0102,26328,35291,Eptesicus serotinus,0.01,0.035,-1,Echolocation,/mnt/ubna_data_02_mir/recover-20221013/UBNA_001/20221012_030000.WAV,Telephone Field,recover-20221013,001,1795
1530.0075,1530.0525,68437,82550,Rhinolophus ferrumequinum,0.024,0.024,-1,Echolocation,/mnt/ubna_data_02_mir/recover-20221013/UBNA_001/20221012_030000.WAV,Telephone Field,recover-20221013,001,1795
1530.0215,1530.065,68437,83629,Rhinolophus ferrumequinum,0.029,0.029,-1,Echolocation,/mnt/ubna_data_02_mir/recover-20221013/UBNA_001/20221012_030000.WAV,Telephone Field,recover-20221013,001,1795
1530.0885,1530.1018,50390,53864,Pipistrellus pipistrellus,0.012,0.023,-1,Echolocation,/mnt/ubna_data_02_mir/recover-20221013/UBNA_001/20221012_030000.WAV,Telephone Field,recover-20221013,001,1795
1530.0985,1530.1372,68437,82267,Rhinolophus ferrumequinum,0.03,0.03,-1,Echolocation,/mnt/ubna_data_02_mir/recover-20221013/UBNA_001/20221012_030000.WAV,Telephone Field,recover-20221013,001,1795
1530.1575,1530.1944,68437,81588,Rhinolophus ferrumequinum,0.024,0.024,-1,Echolocation,/mnt/ubna_data_02_mir/recover-20221013/UBNA_001/20221012_030000.WAV,Telephone Field,recover-20221013,001,1795
1530.1765,1530.2151,68437,82044,Rhinolophus ferrumequinum,0.025,0.025,-1,Echolocation,/mnt/ubna_data_02_mir/recover-20221013/UBNA_001/20221012_030000.WAV,Telephone Field,recover-20221013,001,1795
1530.1825,1530.2212,68437,82179,Rhinolophus ferrumequinum,0.023,0.023,-1,Echolocation,/mnt/ubna_data_02_mir/recover-20221013/UBNA_001/20221012_030000.WAV,Telephone Field,recover-20221013,001,1795
1530.1845,1530.1944,28046,37603,Eptesicus serotinus,0.01,0.023,-1,Echolocation,/mnt/ubna_data_02_mir/recover-20221013/UBNA_001/20221012_030000.WAV,Telephone Field,recover-20221013,001,1795
1530.2065,1530.2266,19453,22319,Nyctalus leisleri,0.012,0.025,-1,Echolocation,/mnt/ubna_data_02_mir/recover-20221013/UBNA_001/20221012_030000.WAV,Telephone Field,recover-20221013,001,1795
1530.2145,1530.255,68437,82678,Rhinolophus ferrumequinum,0.024,0.024,-1,Echolocation,/mnt/ubna_data_02_mir/recover-20221013/UBNA_001/20221012_030000.WAV,Telephone Field,recover-20221013,001,1795
1530.2155,1530.2247,47812,52566,Pipistrellus pipistrellus,0.021,0.022,-1,Echolocation,/mnt/ubna_data_02_mir/recover-20221013/UBNA_001/20221012_030000.WAV,Telephone Field,recover-20221013,001,1795
1530.2505,1530.2597,22890,29736,Plecotus austriacus,0.009,0.025,-1,Echolocation,/mnt/ubna_data_02_mir/recover-20221013/UBNA_001/20221012_030000.WAV,Telephone Field,recover-20221013,001,1795
1530.2515,1530.2904,68437,81583,Rhinolophus ferrumequinum,0.027,0.027,-1,Echolocation,/mnt/ubna_data_02_mir/recover-20221013/UBNA_001/20221012_030000.WAV,Telephone Field,recover-20221013,001,1795
1530.2595,1530.3005,68437,82601,Rhinolophus ferrumequinum,0.026,0.026,-1,Echolocation,/mnt/ubna_data_02_mir/recover-20221013/UBNA_001/20221012_030000.WAV,Telephone Field,recover-20221013,001,1795
1530.2595,1530.2704,23750,29529,Nyctalus leisleri,0.014,0.03,-1,Echolocation,/mnt/ubna_data_02_mir/recover-20221013/UBNA_001/20221012_030000.WAV,Telephone Field,recover-20221013,001,1795
1530.3115,1530.3211,28906,36942,Eptesicus serotinus,0.009,0.022,-1,Echolocation,/mnt/ubna_data_02_mir/recover-20221013/UBNA_001/20221012_030000.WAV,Telephone Field,recover-20221013,001,1795
1530.3205,1530.331,28906,34957,Eptesicus serotinus,0.01,0.023,-1,Echolocation,/mnt/ubna_data_02_mir/recover-20221013/UBNA_001/20221012_030000.WAV,Telephone Field,recover-20221013,001,1795
1530.3225,1530.3624,68437,82336,Rhinolophus ferrumequinum,0.034,0.035,-1,Echolocation,/mnt/ubna_data_02_mir/recover-20221013/UBNA_001/20221012_030000.WAV,Telephone Field,recover-20221013,001,1795
1530.3455,1530.3565,28906,35743,Eptesicus serotinus,0.014,0.027,-1,Echolocation,/mnt/ubna_data_02_mir/recover-20221013/UBNA_001/20221012_030000.WAV,Telephone Field,recover-20221013,001,1795
1530.3765,1530.3835,23750,33682,Plecotus austriacus,0.011,0.024,-1,Echolocation,/mnt/ubna_data_02_mir/recover-20221013/UBNA_001/20221012_030000.WAV,Telephone Field,recover-20221013,001,1795
1530.4115,1530.4497,68437,82167,Rhinolophus ferrumequinum,0.023,0.023,-1,Echolocation,/mnt/ubna_data_02_mir/recover-20221013/UBNA_001/20221012_030000.WAV,Telephone Field,recover-20221013,001,1795
1530.4195,1530.4592,68437,81738,Rhinolophus ferrumequinum,0.022,0.022,-1,Echolocation,/mnt/ubna_data_02_mir/recover-20221013/UBNA_001/20221012_030000.WAV,Telephone Field,recover-20221013,001,1795
1530.4275,1530.4652,68437,82644,Rhinolophus ferrumequinum,0.029,0.029,-1,Echolocation,/mnt/ubna_data_02_mir/recover-20221013/UBNA_001/20221012_030000.WAV,Telephone Field,recover-20221013,001,1795
1530.4525,1530.4612,28906,37207,Eptesicus serotinus,0.007,0.022,-1,Echolocation,/mnt/ubna_data_02_mir/recover-20221013/UBNA_001/20221012_030000.WAV,Telephone Field,recover-20221013,001,1795
1530.4535,1530.4618,22890,30523,Plecotus austriacus,0.009,0.022,-1,Echolocation,/mnt/ubna_data_02_mir/recover-20221013/UBNA_001/20221012_030000.WAV,Telephone Field,recover-20221013,001,1795
1530.4615,1530.47,56406,61781,Pipistrellus pygmaeus,0.021,0.022,-1,Echolocation,/mnt/ubna_data_02_mir/recover-20221013/UBNA_001/20221012_030000.WAV,Telephone Field,recover-20221013,001,1795
1530.4655,1530.5022,68437,81181,Rhinolophus ferrumequinum,0.023,0.023,-1,Echolocation,/mnt/ubna_data_02_mir/recover-20221013/UBNA_001/20221012_030000.WAV,Telephone Field,recover-20221013,001,1795
1530.4825,1530.4909,28906,39402,Eptesicus serotinus,0.008,0.023,-1,Echolocation,/mnt/ubna_data_02_mir/recover-20221013/UBNA_001/20221012_030000.WAV,Telephone Field,recover-20221013,001,1795
1530.4825,1530.5192,68437,81680,Rhinolophus ferrumequinum,0.024,0.024,-1,Echolocation,/mnt/ubna_data_02_mir/recover-20221013/UBNA_001/20221012_030000.WAV,Telephone Field,recover-20221013,001,1795
1530.4935,1530.533,68437,82619,Rhinolophus ferrumequinum,0.025,0.025,-1,Echolocation,/mnt/ubna_data_02_mir/recover-20221013/UBNA_001/20221012_030000.WAV,Telephone Field,recover-20221013,001,1795
1530.5105,1530.5178,24609,34320,Plecotus austriacus,0.012,0.029,-1,Echolocation,/mnt/ubna_data_02_mir/recover-20221013/UBNA_001/20221012_030000.WAV,Telephone Field,recover-20221013,001,1795
1530.5365,1530.5774,68437,83024,Rhinolophus ferrumequinum,0.042,0.042,-1,Echolocation,/mnt/ubna_data_02_mir/recover-20221013/UBNA_001/20221012_030000.WAV,Telephone Field,recover-20221013,001,1795
1530.5575,1530.563,51250,56349,Pipistrellus pipistrellus,0.022,0.024,-1,Echolocation,/mnt/ubna_data_02_mir/recover-20221013/UBNA_001/20221012_030000.WAV,Telephone Field,recover-20221013,001,1795
1530.5595,1530.5704,25468,30547,Nyctalus leisleri,0.012,0.027,-1,Echolocation,/mnt/ubna_data_02_mir/recover-20221013/UBNA_001/20221012_030000.WAV,Telephone Field,recover-20221013,001,1795
1530.5655,1530.6075,68437,82875,Rhinolophus ferrumequinum,0.027,0.027,-1,Echolocation,/mnt/ubna_data_02_mir/recover-20221013/UBNA_001/20221012_030000.WAV,Telephone Field,recover-20221013,001,1795
1530.5735,1530.5834,28046,36484,Eptesicus serotinus,0.01,0.024,-1,Echolocation,/mnt/ubna_data_02_mir/recover-20221013/UBNA_001/20221012_030000.WAV,Telephone Field,recover-20221013,001,1795
1530.5825,1530.5914,28046,36918,Eptesicus serotinus,0.008,0.022,-1,Echolocation,/mnt/ubna_data_02_mir/recover-20221013/UBNA_001/20221012_030000.WAV,Telephone Field,recover-20221013,001,1795
1530.5925,1530.6309,68437,82083,Rhinolophus ferrumequinum,0.023,0.023,-1,Echolocation,/mnt/ubna_data_02_mir/recover-20221013/UBNA_001/20221012_030000.WAV,Telephone Field,recover-20221013,001,1795
1530.6095,1530.6446,68437,81797,Rhinolophus ferrumequinum,0.022,0.023,-1,Echolocation,/mnt/ubna_data_02_mir/recover-20221013/UBNA_001/20221012_030000.WAV,Telephone Field,recover-20221013,001,1795
1530.6685,1530.7074,68437,82917,Rhinolophus ferrumequinum,0.029,0.029,-1,Echolocation,/mnt/ubna_data_02_mir/recover-20221013/UBNA_001/20221012_030000.WAV,Telephone Field,recover-20221013,001,1795
1530.6845,1530.7246,68437,82310,Rhinolophus ferrumequinum,0.028,0.028,-1,Echolocation,/mnt/ubna_data_02_mir/recover-20221013/UBNA_001/20221012_030000.WAV,Telephone Field,recover-20221013,001,1795
1530.6965,1530.7337,68437,81492,Rhinolophus ferrumequinum,0.022,0.022,-1,Echolocation,/mnt/ubna_data_02_mir/recover-20221013/UBNA_001/20221012_030000.WAV,Telephone Field,recover-20221013,001,1795
1530.6995,1530.7102,23750,29874,Nyctalus leisleri,0.009,0.022,-1,Echolocation,/mnt/ubna_data_02_mir/recover-20221013/UBNA_001/20221012_030000.WAV,Telephone Field,recover-20221013,001,1795
1530.7085,1530.7173,28906,39149,Eptesicus serotinus,0.008,0.022,-1,Echolocation,/mnt/ubna_data_02_mir/recover-20221013/UBNA_001/20221012_030000.WAV,Telephone Field,recover-20221013,001,1795
1530.7135,1530.7221,27187,39214,Eptesicus serotinus,0.008,0.022,-1,Echolocation,/mnt/ubna_data_02_mir/recover-20221013/UBNA_001/20221012_030000.WAV,Telephone Field,recover-20221013,001,1795
1530.7335,1530.7738,68437,82299,Rhinolophus ferrumequinum,0.032,0.032,-1,Echolocation,/mnt/ubna_data_02_mir/recover-20221013/UBNA_001/20221012_030000.WAV,Telephone Field,recover-20221013,001,1795
1530.8265,1530.8654,68437,82539,Rhinolophus ferrumequinum,0.026,0.026,-1,Echolocation,/mnt/ubna_data_02_mir/recover-20221013/UBNA_001/20221012_030000.WAV,Telephone Field,recover-20221013,001,1795
1530.8545,1530.8924,68437,82033,Rhinolophus ferrumequinum,0.032,0.032,-1,Echolocation,/mnt/ubna_data_02_mir/recover-20221013/UBNA_001/20221012_030000.WAV,Telephone Field,recover-20221013,001,1795
1530.8855,1530.9257,68437,82329,Rhinolophus ferrumequinum,0.023,0.023,-1,Echolocation,/mnt/ubna_data_02_mir/recover-20221013/UBNA_001/20221012_030000.WAV,Telephone Field,recover-20221013,001,1795
1530.8995,1530.9308,68437,79273,Rhinolophus ferrumequinum,0.021,0.022,-1,Echolocation,/mnt/ubna_data_02_mir/recover-20221013/UBNA_001/20221012_030000.WAV,Telephone Field,recover-20221013,001,1795
1530.9165,1530.925,47812,52397,Pipistrellus pipistrellus,0.031,0.032,-1,Echolocation,/mnt/ubna_data_02_mir/recover-20221013/UBNA_001/20221012_030000.WAV,Telephone Field,recover-20221013,001,1795
1530.9345,1530.9474,24609,30451,Eptesicus serotinus,0.013,0.034,-1,Echolocation,/mnt/ubna_data_02_mir/recover-20221013/UBNA_001/20221012_030000.WAV,Telephone Field,recover-20221013,001,1795
1530.9575,1530.967,28906,38111,Eptesicus serotinus,0.009,0.023,-1,Echolocation,/mnt/ubna_data_02_mir/recover-20221013/UBNA_001/20221012_030000.WAV,Telephone Field,recover-20221013,001,1795
1530.9625,1531.0028,68437,82736,Rhinolophus ferrumequinum,0.037,0.037,-1,Echolocation,/mnt/ubna_data_02_mir/recover-20221013/UBNA_001/20221012_030000.WAV,Telephone Field,recover-20221013,001,1795
1530.9675,1530.9756,28906,37628,Eptesicus serotinus,0.006,0.022,-1,Echolocation,/mnt/ubna_data_02_mir/recover-20221013/UBNA_001/20221012_030000.WAV,Telephone Field,recover-20221013,001,1795
1530.9865,1531.0218,68437,81498,Rhinolophus ferrumequinum,0.022,0.022,-1,Echolocation,/mnt/ubna_data_02_mir/recover-20221013/UBNA_001/20221012_030000.WAV,Telephone Field,recover-20221013,001,1795
1530.9985,1531.0071,24609,33143,Nyctalus leisleri,0.006,0.023,-1,Echolocation,/mnt/ubna_data_02_mir/recover-20221013/UBNA_001/20221012_030000.WAV,Telephone Field,recover-20221013,001,1795
1531.0085,1531.0202,22031,27210,Nyctalus leisleri,0.012,0.026,-1,Echolocation,/mnt/ubna_data_02_mir/recover-20221013/UBNA_001/20221012_030000.WAV,Telephone Field,recover-20221013,001,1795
1531.0165,1531.057,68437,83522,Rhinolophus ferrumequinum,0.028,0.028,-1,Echolocation,/mnt/ubna_data_02_mir/recover-20221013/UBNA_001/20221012_030000.WAV,Telephone Field,recover-20221013,001,1795
1531.0625,1531.073,22031,26796,Nyctalus leisleri,0.01,0.023,-1,Echolocation,/mnt/ubna_data_02_mir/recover-20221013/UBNA_001/20221012_030000.WAV,Telephone Field,recover-20221013,001,1795
1531.0865,1531.0971,28906,36050,Eptesicus serotinus,0.01,0.023,-1,Echolocation,/mnt/ubna_data_02_mir/recover-20221013/UBNA_001/20221012_030000.WAV,Telephone Field,recover-20221013,001,1795
1531.0865,1531.1237,68437,81601,Rhinolophus ferrumequinum,0.023,0.023,-1,Echolocation,/mnt/ubna_data_02_mir/recover-20221013/UBNA_001/20221012_030000.WAV,Telephone Field,recover-20221013,001,1795
1531.1045,1531.1438,68437,82325,Rhinolophus ferrumequinum,0.024,0.024,-1,Echolocation,/mnt/ubna_data_02_mir/recover-20221013/UBNA_001/20221012_030000.WAV,Telephone Field,recover-20221013,001,1795
1531.1195,1531.1288,27187,38224,Eptesicus serotinus,0.009,0.022,-1,Echolocation,/mnt/ubna_data_02_mir/recover-20221013/UBNA_001/20221012_030000.WAV,Telephone Field,recover-20221013,001,1795
1531.1195,1531.1621,68437,82890,Rhinolophus ferrumequinum,0.031,0.031,-1,Echolocation,/mnt/ubna_data_02_mir/recover-20221013/UBNA_001/20221012_030000.WAV,Telephone Field,recover-20221013,001,1795
1531.1375,1531.1773,68437,83145,Rhinolophus ferrumequinum,0.023,0.023,-1,Echolocation,/mnt/ubna_data_02_mir/recover-20221013/UBNA_001/20221012_030000.WAV,Telephone Field,recover-20221013,001,1795
1531.1775,1531.2099,69296,81834,Rhinolophus ferrumequinum,0.023,0.023,-1,Echolocation,/mnt/ubna_data_02_mir/recover-20221013/UBNA_001/20221012_030000.WAV,Telephone Field,recover-20221013,001,1795
1531.1985,1531.2357,68437,82369,Rhinolophus ferrumequinum,0.023,0.023,-1,Echolocation,/mnt/ubna_data_02_mir/recover-20221013/UBNA_001/20221012_030000.WAV,Telephone Field,recover-20221013,001,1795
1531.2105,1531.2523,68437,82528,Rhinolophus ferrumequinum,0.026,0.026,-1,Echolocation,/mnt/ubna_data_02_mir/recover-20221013/UBNA_001/20221012_030000.WAV,Telephone Field,recover-20221013,001,1795
1531.2245,1531.2324,28906,40267,Eptesicus serotinus,0.007,0.022,-1,Echolocation,/mnt/ubna_data_02_mir/recover-20221013/UBNA_001/20221012_030000.WAV,Telephone Field,recover-20221013,001,1795
1531.2415,1531.281,68437,82738,Rhinolophus ferrumequinum,0.023,0.023,-1,Echolocation,/mnt/ubna_data_02_mir/recover-20221013/UBNA_001/20221012_030000.WAV,Telephone Field,recover-20221013,001,1795
1531.2465,1531.2558,32343,39451,Barbastellus barbastellus,0.014,0.038,-1,Echolocation,/mnt/ubna_data_02_mir/recover-20221013/UBNA_001/20221012_030000.WAV,Telephone Field,recover-20221013,001,1795
1531.2715,1531.3133,68437,82020,Rhinolophus ferrumequinum,0.025,0.025,-1,Echolocation,/mnt/ubna_data_02_mir/recover-20221013/UBNA_001/20221012_030000.WAV,Telephone Field,recover-20221013,001,1795
1531.2845,1531.294,24609,30866,Nyctalus leisleri,0.009,0.025,-1,Echolocation,/mnt/ubna_data_02_mir/recover-20221013/UBNA_001/20221012_030000.WAV,Telephone Field,recover-20221013,001,1795
1531.2935,1531.3327,68437,82103,Rhinolophus ferrumequinum,0.025,0.025,-1,Echolocation,/mnt/ubna_data_02_mir/recover-20221013/UBNA_001/20221012_030000.WAV,Telephone Field,recover-20221013,001,1795
1531.3145,1531.3541,68437,82162,Rhinolophus ferrumequinum,0.027,0.027,-1,Echolocation,/mnt/ubna_data_02_mir/recover-20221013/UBNA_001/20221012_030000.WAV,Telephone Field,recover-20221013,001,1795
1531.3315,1531.3403,43515,50092,Pipistrellus pipistrellus,0.021,0.027,-1,Echolocation,/mnt/ubna_data_02_mir/recover-20221013/UBNA_001/20221012_030000.WAV,Telephone Field,recover-20221013,001,1795
1531.3405,1531.3561,21171,24432,Nyctalus leisleri,0.014,0.023,-1,Echolocation,/mnt/ubna_data_02_mir/recover-20221013/UBNA_001/20221012_030000.WAV,Telephone Field,recover-20221013,001,1795
1531.3505,1531.3943,68437,83254,Rhinolophus ferrumequinum,0.047,0.047,-1,Echolocation,/mnt/ubna_data_02_mir/recover-20221013/UBNA_001/20221012_030000.WAV,Telephone Field,recover-20221013,001,1795
1531.3595,1531.3689,50390,56194,Pipistrellus pipistrellus,0.02,0.024,-1,Echolocation,/mnt/ubna_data_02_mir/recover-20221013/UBNA_001/20221012_030000.WAV,Telephone Field,recover-20221013,001,1795
1531.3635,1531.372,22890,30994,Plecotus austriacus,0.012,0.026,-1,Echolocation,/mnt/ubna_data_02_mir/recover-20221013/UBNA_001/20221012_030000.WAV,Telephone Field,recover-20221013,001,1795
1531.3665,1531.3746,28906,37737,Eptesicus serotinus,0.01,0.026,-1,Echolocation,/mnt/ubna_data_02_mir/recover-20221013/UBNA_001/20221012_030000.WAV,Telephone Field,recover-20221013,001,1795
1531.3775,1531.4171,68437,82341,Rhinolophus ferrumequinum,0.026,0.026,-1,Echolocation,/mnt/ubna_data_02_mir/recover-20221013/UBNA_001/20221012_030000.WAV,Telephone Field,recover-20221013,001,1795
1531.4085,1531.4452,68437,81131,Rhinolophus ferrumequinum,0.022,0.023,-1,Echolocation,/mnt/ubna_data_02_mir/recover-20221013/UBNA_001/20221012_030000.WAV,Telephone Field,recover-20221013,001,1795
1531.4145,1531.4513,68437,81451,Rhinolophus ferrumequinum,0.022,0.022,-1,Echolocation,/mnt/ubna_data_02_mir/recover-20221013/UBNA_001/20221012_030000.WAV,Telephone Field,recover-20221013,001,1795
1531.4375,1531.4462,27187,34460,Eptesicus serotinus,0.01,0.027,-1,Echolocation,/mnt/ubna_data_02_mir/recover-20221013/UBNA_001/20221012_030000.WAV,Telephone Field,recover-20221013,001,1795
1531.4845,1531.5267,68437,83273,Rhinolophus ferrumequinum,0.056,0.056,-1,Echolocation,/mnt/ubna_data_02_mir/recover-20221013/UBNA_001/20221012_030000.WAV,Telephone Field,recover-20221013,001,1795
1531.5375,1531.5715,68437,81390,Rhinolophus ferrumequinum,0.023,0.024,-1,Echolocation,/mnt/ubna_data_02_mir/recover-20221013/UBNA_001/20221012_030000.WAV,Telephone Field,recover-20221013,001,1795
1531.5395,1531.5506,22890,27814,Nyctalus leisleri,0.013,0.026,-1,Echolocation,/mnt/ubna_data_02_mir/recover-20221013/UBNA_001/20221012_030000.WAV,Telephone Field,recover-20221013,001,1795
1531.5445,1531.5825,68437,81796,Rhinolophus ferrumequinum,0.022,0.022,-1,Echolocation,/mnt/ubna_data_02_mir/recover-20221013/UBNA_001/20221012_030000.WAV,Telephone Field,recover-20221013,001,1795
1531.5975,1531.638,68437,82411,Rhinolophus ferrumequinum,0.031,0.031,-1,Echolocation,/mnt/ubna_data_02_mir/recover-20221013/UBNA_001/20221012_030000.WAV,Telephone Field,recover-20221013,001,1795
1531.6295,1531.6381,26328,35436,Eptesicus serotinus,0.009,0.024,-1,Echolocation,/mnt/ubna_data_02_mir/recover-20221013/UBNA_001/20221012_030000.WAV,Telephone Field,recover-20221013,001,1795
1531.6505,1531.6621,22031,26922,Nyctalus leisleri,0.011,0.024,-1,Echolocation,/mnt/ubna_data_02_mir/recover-20221013/UBNA_001/20221012_030000.WAV,Telephone Field,recover-20221013,001,1795
1531.6725,1531.7123,68437,82399,Rhinolophus ferrumequinum,0.025,0.025,-1,Echolocation,/mnt/ubna_data_02_mir/recover-20221013/UBNA_001/20221012_030000.WAV,Telephone Field,recover-20221013,001,1795
1531.6785,1531.718,68437,82296,Rhinolophus ferrumequinum,0.024,0.024,-1,Echolocation,/mnt/ubna_data_02_mir/recover-20221013/UBNA_001/20221012_030000.WAV,Telephone Field,recover-20221013,001,1795
1531.6935,1531.7327,68437,82223,Rhinolophus ferrumequinum,0.026,0.026,-1,Echolocation,/mnt/ubna_data_02_mir/recover-20221013/UBNA_001/20221012_030000.WAV,Telephone Field,recover-20221013,001,1795
1531.7075,1531.7184,22031,26108,Nyctalus leisleri,0.012,0.022,-1,Echolocation,/mnt/ubna_data_02_mir/recover-20221013/UBNA_001/20221012_030000.WAV,Telephone Field,recover-20221013,001,1795
1531.7365,1531.7763,68437,82666,Rhinolophus ferrumequinum,0.024,0.024,-1,Echolocation,/mnt/ubna_data_02_mir/recover-20221013/UBNA_001/20221012_030000.WAV,Telephone Field,recover-20221013,001,1795
1531.7525,1531.7642,22890,27898,Nyctalus leisleri,0.012,0.023,-1,Echolocation,/mnt/ubna_data_02_mir/recover-20221013/UBNA_001/20221012_030000.WAV,Telephone Field,recover-20221013,001,1795
1531.7815,1531.8242,68437,83034,Rhinolophus ferrumequinum,0.045,0.045,-1,Echolocation,/mnt/ubna_data_02_mir/recover-20221013/UBNA_001/20221012_030000.WAV,Telephone Field,recover-20221013,001,1795
1531.7985,1531.8097,23750,29063,Nyctalus leisleri,0.011,0.023,-1,Echolocation,/mnt/ubna_data_02_mir/recover-20221013/UBNA_001/20221012_030000.WAV,Telephone Field,recover-20221013,001,1795
1531.8175,1531.8257,27187,39517,Eptesicus serotinus,0.008,0.022,-1,Echolocation,/mnt/ubna_data_02_mir/recover-20221013/UBNA_001/20221012_030000.WAV,Telephone Field,recover-20221013,001,1795
1531.8375,1531.8444,24609,34160,Plecotus austriacus,0.008,0.024,-1,Echolocation,/mnt/ubna_data_02_mir/recover-20221013/UBNA_001/20221012_030000.WAV,Telephone Field,recover-20221013,001,1795
1531.8455,1531.8566,29765,36142,Eptesicus serotinus,0.01,0.024,-1,Echolocation,/mnt/ubna_data_02_mir/recover-20221013/UBNA_001/20221012_030000.WAV,Telephone Field,recover-20221013,001,1795
1531.8495,1531.8829,68437,80390,Rhinolophus ferrumequinum,0.024,0.024,-1,Echolocation,/mnt/ubna_data_02_mir/recover-20221013/UBNA_001/20221012_030000.WAV,Telephone Field,recover-20221013,001,1795
1531.8575,1531.8941,68437,81773,Rhinolophus ferrumequinum,0.026,0.026,-1,Echolocation,/mnt/ubna_data_02_mir/recover-20221013/UBNA_001/20221012_030000.WAV,Telephone Field,recover-20221013,001,1795
1531.8935,1531.9375,68437,83674,Rhinolophus ferrumequinum,0.04,0.04,-1,Echolocation,/mnt/ubna_data_02_mir/recover-20221013/UBNA_001/20221012_030000.WAV,Telephone Field,recover-20221013,001,1795
1531.9135,1531.9249,27187,35154,Eptesicus serotinus,0.012,0.026,-1,Echolocation,/mnt/ubna_data_02_mir/recover-20221013/UBNA_001/20221012_030000.WAV,Telephone Field,recover-20221013,001,1795
1531.9395,1531.9818,68437,83384,Rhinolophus ferrumequinum,0.027,0.027,-1,Echolocation,/mnt/ubna_data_02_mir/recover-20221013/UBNA_001/20221012_030000.WAV,Telephone Field,recover-20221013,001,1795
1532.0015,1532.0358,69296,81468,Rhinolophus ferrumequinum,0.029,0.029,-1,Echolocation,/mnt/ubna_data_02_mir/recover-20221013/UBNA_001/20221012_030000.WAV,Telephone Field,recover-20221013,001,1795
1532.0015,1532.0112,23750,31068,Nyctalus leisleri,0.012,0.033,-1,Echolocation,/mnt/ubna_data_02_mir/recover-20221013/UBNA_001/20221012_030000.WAV,Telephone Field,recover-20221013,001,1795
1532.0015,1532.008,46093,51887,Pipistrellus pipistrellus,0.028,0.035,-1,Echolocation,/mnt/ubna_data_02_mir/recover-20221013/UBNA_001/20221012_030000.WAV,Telephone Field,recover-20221013,001,1795
1532.0075,1532.0458,68437,81333,Rhinolophus ferrumequinum,0.036,0.036,-1,Echolocation,/mnt/ubna_data_02_mir/recover-20221013/UBNA_001/20221012_030000.WAV,Telephone Field,recover-20221013,001,1795
1532.0295,1532.0391,27187,35831,Eptesicus serotinus,0.009,0.022,-1,Echolocation,/mnt/ubna_data_02_mir/recover-20221013/UBNA_001/20221012_030000.WAV,Telephone Field,recover-20221013,001,1795
1532.0505,1532.0903,68437,82084,Rhinolophus ferrumequinum,0.022,0.022,-1,Echolocation,/mnt/ubna_data_02_mir/recover-20221013/UBNA_001/20221012_030000.WAV,Telephone Field,recover-20221013,001,1795
1532.0715,1532.1097,68437,82685,Rhinolophus ferrumequinum,0.023,0.023,-1,Echolocation,/mnt/ubna_data_02_mir/recover-20221013/UBNA_001/20221012_030000.WAV,Telephone Field,recover-20221013,001,1795
1532.0865,1532.1293,68437,83056,Rhinolophus ferrumequinum,0.023,0.023,-1,Echolocation,/mnt/ubna_data_02_mir/recover-20221013/UBNA_001/20221012_030000.WAV,Telephone Field,recover-20221013,001,1795
1532.0955,1532.1032,22890,31394,Plecotus austriacus,0.016,0.03,-1,Echolocation,/mnt/ubna_data_02_mir/recover-20221013/UBNA_001/20221012_030000.WAV,Telephone Field,recover-20221013,001,1795
1532.1035,1532.1122,28046,37387,Eptesicus serotinus,0.01,0.024,-1,Echolocation,/mnt/ubna_data_02_mir/recover-20221013/UBNA_001/20221012_030000.WAV,Telephone Field,recover-20221013,001,1795
1532.1085,1532.1472,68437,81693,Rhinolophus ferrumequinum,0.023,0.023,-1,Echolocation,/mnt/ubna_data_02_mir/recover-20221013/UBNA_001/20221012_030000.WAV,Telephone Field,recover-20221013,001,1795
1532.1425,1532.1863,68437,83509,Rhinolophus ferrumequinum,0.034,0.034,-1,Echolocation,/mnt/ubna_data_02_mir/recover-20221013/UBNA_001/20221012_030000.WAV,Telephone Field,recover-20221013,001,1795
1532.1705,1532.2078,68437,81500,Rhinolophus ferrumequinum,0.023,0.023,-1,Echolocation,/mnt/ubna_data_02_mir/recover-20221013/UBNA_001/20221012_030000.WAV,Telephone Field,recover-20221013,001,1795
1532.1935,1532.2021,28046,39045,Eptesicus serotinus,0.009,0.027,-1,Echolocation,/mnt/ubna_data_02_mir/recover-20221013/UBNA_001/20221012_030000.WAV,Telephone Field,recover-20221013,001,1795
1532.1985,1532.2368,68437,82180,Rhinolophus ferrumequinum,0.022,0.022,-1,Echolocation,/mnt/ubna_data_02_mir/recover-20221013/UBNA_001/20221012_030000.WAV,Telephone Field,recover-20221013,001,1795
1532.2115,1532.2484,68437,80954,Rhinolophus ferrumequinum,0.024,0.024,-1,Echolocation,/mnt/ubna_data_02_mir/recover-20221013/UBNA_001/20221012_030000.WAV,Telephone Field,recover-20221013,001,1795
1532.2375,1532.2773,68437,82432,Rhinolophus ferrumequinum,0.024,0.024,-1,Echolocation,/mnt/ubna_data_02_mir/recover-20221013/UBNA_001/20221012_030000.WAV,Telephone Field,recover-20221013,001,1795
1532.2525,1532.2898,68437,82314,Rhinolophus ferrumequinum,0.021,0.021,-1,Echolocation,/mnt/ubna_data_02_mir/recover-20221013/UBNA_001/20221012_030000.WAV,Telephone Field,recover-20221013,001,1795
1532.2625,1532.2796,21171,24208,Nyctalus leisleri,0.014,0.022,-1,Echolocation,/mnt/ubna_data_02_mir/recover-20221013/UBNA_001/20221012_030000.WAV,Telephone Field,recover-20221013,001,1795
1532.2715,1532.3147,68437,83116,Rhinolophus ferrumequinum,0.051,0.051,-1,Echolocation,/mnt/ubna_data_02_mir/recover-20221013/UBNA_001/20221012_030000.WAV,Telephone Field,recover-20221013,001,1795
1532.2945,1532.3363,68437,82670,Rhinolophus ferrumequinum,0.034,0.034,-1,Echolocation,/mnt/ubna_data_02_mir/recover-20221013/UBNA_001/20221012_030000.WAV,Telephone Field,recover-20221013,001,1795
1532.3065,1532.3154,22890,29863,Plecotus austriacus,0.008,0.021,-1,Echolocation,/mnt/ubna_data_02_mir/recover-20221013/UBNA_001/20221012_030000.WAV,Telephone Field,recover-20221013,001,1795
1532.3265,1532.3665,68437,83071,Rhinolophus ferrumequinum,0.021,0.021,-1,Echolocation,/mnt/ubna_data_02_mir/recover-20221013/UBNA_001/20221012_030000.WAV,Telephone Field,recover-20221013,001,1795
1532.3445,1532.3833,68437,81840,Rhinolophus ferrumequinum,0.021,0.021,-1,Echolocation,/mnt/ubna_data_02_mir/recover-20221013/UBNA_001/20221012_030000.WAV,Telephone Field,recover-20221013,001,1795
1532.3905,1532.4289,68437,81852,Rhinolophus ferrumequinum,0.021,0.022,-1,Echolocation,/mnt/ubna_data_02_mir/recover-20221013/UBNA_001/20221012_030000.WAV,Telephone Field,recover-20221013,001,1795
1532.4415,1532.487,68437,83430,Rhinolophus ferrumequinum,0.038,0.038,-1,Echolocation,/mnt/ubna_data_02_mir/recover-20221013/UBNA_001/20221012_030000.WAV,Telephone Field,recover-20221013,001,1795
1532.4655,1532.4731,28046,41261,Eptesicus serotinus,0.006,0.021,-1,Echolocation,/mnt/ubna_data_02_mir/recover-20221013/UBNA_001/20221012_030000.WAV,Telephone Field,recover-20221013,001,1795
1532.4745,1532.4838,23750,30580,Nyctalus leisleri,0.008,0.026,-1,Echolocation,/mnt/ubna_data_02_mir/recover-20221013/UBNA_001/20221012_030000.WAV,Telephone Field,recover-20221013,001,1795
1532.4815,1532.5189,68437,81896,Rhinolophus ferrumequinum,0.024,0.025,-1,Echolocation,/mnt/ubna_data_02_mir/recover-20221013/UBNA_001/20221012_030000.WAV,Telephone Field,recover-20221013,001,1795
1532.4925,1532.5313,68437,82358,Rhinolophus ferrumequinum,0.023,0.023,-1,Echolocation,/mnt/ubna_data_02_mir/recover-20221013/UBNA_001/20221012_030000.WAV,Telephone Field,recover-20221013,001,1795
1532.5125,1532.52,28046,40657,Eptesicus serotinus,0.006,0.021,-1,Echolocation,/mnt/ubna_data_02_mir/recover-20221013/UBNA_001/20221012_030000.WAV,Telephone Field,recover-20221013,001,1795
1532.5465,1532.5863,68437,82405,Rhinolophus ferrumequinum,0.033,0.033,-1,Echolocation,/mnt/ubna_data_02_mir/recover-20221013/UBNA_001/20221012_030000.WAV,Telephone Field,recover-20221013,001,1795
1532.5775,1532.6133,68437,81684,Rhinolophus ferrumequinum,0.022,0.022,-1,Echolocation,/mnt/ubna_data_02_mir/recover-20221013/UBNA_001/20221012_030000.WAV,Telephone Field,recover-20221013,001,1795
1532.6185,1532.6589,68437,82606,Rhinolophus ferrumequinum,0.029,0.029,-1,Echolocation,/mnt/ubna_data_02_mir/recover-20221013/UBNA_001/20221012_030000.WAV,Telephone Field,recover-20221013,001,1795
1532.6755,1532.7137,68437,81821,Rhinolophus ferrumequinum,0.021,0.021,-1,Echolocation,/mnt/ubna_data_02_mir/recover-20221013/UBNA_001/20221012_030000.WAV,Telephone Field,recover-20221013,001,1795
1532.6905,1532.7015,22890,27946,Nyctalus leisleri,0.011,0.022,-1,Echolocation,/mnt/ubna_data_02_mir/recover-20221013/UBNA_001/20221012_030000.WAV,Telephone Field,recover-20221013,001,1795
1532.6975,1532.7358,68437,81569,Rhinolophus ferrumequinum,0.024,0.024,-1,Echolocation,/mnt/ubna_data_02_mir/recover-20221013/UBNA_001/20221012_030000.WAV,Telephone Field,recover-20221013,001,1795
1532.7005,1532.7117,22890,26473,Nyctalus leisleri,0.014,0.023,-1,Echolocation,/mnt/ubna_data_02_mir/recover-20221013/UBNA_001/20221012_030000.WAV,Telephone Field,recover-20221013,001,1795
1532.7375,1532.7753,68437,82373,Rhinolophus ferrumequinum,0.023,0.023,-1,Echolocation,/mnt/ubna_data_02_mir/recover-20221013/UBNA_001/20221012_030000.WAV,Telephone Field,recover-20221013,001,1795
1532.7685,1532.7804,36640,41282,Pipistrellus nathusii,0.009,0.025,-1,Echolocation,/mnt/ubna_data_02_mir/recover-20221013/UBNA_001/20221012_030000.WAV,Telephone Field,recover-20221013,001,1795
1532.7745,1532.7844,22890,29318,Nyctalus leisleri,0.008,0.022,-1,Echolocation,/mnt/ubna_data_02_mir/recover-20221013/UBNA_001/20221012_030000.WAV,Telephone Field,recover-20221013,001,1795
1532.7975,1532.8351,68437,81521,Rhinolophus ferrumequinum,0.021,0.021,-1,Echolocation,/mnt/ubna_data_02_mir/recover-20221013/UBNA_001/20221012_030000.WAV,Telephone Field,recover-20221013,001,1795
1532.8065,1532.8183,23750,29450,Nyctalus leisleri,0.012,0.027,-1,Echolocation,/mnt/ubna_data_02_mir/recover-20221013/UBNA_001/20221012_030000.WAV,Telephone Field,recover-20221013,001,1795
1532.8135,1532.8495,68437,81805,Rhinolophus ferrumequinum,0.021,0.021,-1,Echolocation,/mnt/ubna_data_02_mir/recover-20221013/UBNA_001/20221012_030000.WAV,Telephone Field,recover-20221013,001,1795
1532.8645,1532.9027,68437,81622,Rhinolophus ferrumequinum,0.024,0.024,-1,Echolocation,/mnt/ubna_data_02_mir/recover-20221013/UBNA_001/20221012_030000.WAV,Telephone Field,recover-20221013,001,1795
1532.8755,1532.9159,68437,82720,Rhinolophus ferrumequinum,0.026,0.026,-1,Echolocation,/mnt/ubna_data_02_mir/recover-20221013/UBNA_001/20221012_030000.WAV,Telephone Field,recover-20221013,001,1795
1532.8805,1532.8946,22890,27642,Nyctalus leisleri,0.012,0.024,-1,Echolocation,/mnt/ubna_data_02_mir/recover-20221013/UBNA_001/20221012_030000.WAV,Telephone Field,recover-20221013,001,1795
1532.9045,1532.9478,68437,82928,Rhinolophus ferrumequinum,0.033,0.033,-1,Echolocation,/mnt/ubna_data_02_mir/recover-20221013/UBNA_001/20221012_030000.WAV,Telephone Field,recover-20221013,001,1795
1532.9225,1532.9622,68437,82192,Rhinolophus ferrumequinum,0.023,0.023,-1,Echolocation,/mnt/ubna_data_02_mir/recover-20221013/UBNA_001/20221012_030000.WAV,Telephone Field,recover-20221013,001,1795
1532.9455,1532.9916,68437,83635,Rhinolophus ferrumequinum,0.037,0.037,-1,Echolocation,/mnt/ubna_data_02_mir/recover-20221013/UBNA_001/20221012_030000.WAV,Telephone Field,recover-20221013,001,1795
1532.9515,1532.9641,22031,26088,Nyctalus leisleri,0.012,0.022,-1,Echolocation,/mnt/ubna_data_02_mir/recover-20221013/UBNA_001/20221012_030000.WAV,Telephone Field,recover-20221013,001,1795
1532.9745,1533.0097,68437,80912,Rhinolophus ferrumequinum,0.023,0.023,-1,Echolocation,/mnt/ubna_data_02_mir/recover-20221013/UBNA_001/20221012_030000.WAV,Telephone Field,recover-20221013,001,1795
1532.9755,1532.9844,28046,38368,Eptesicus serotinus,0.008,0.021,-1,Echolocation,/mnt/ubna_data_02_mir/recover-20221013/UBNA_001/20221012_030000.WAV,Telephone Field,recover-20221013,001,1795
1532.9885,1532.9995,22890,27948,Nyctalus leisleri,0.01,0.021,-1,Echolocation,/mnt/ubna_data_02_mir/recover-20221013/UBNA_001/20221012_030000.WAV,Telephone Field,recover-20221013,001,1795
1532.9885,1533.0258,68437,81696,Rhinolophus ferrumequinum,0.021,0.021,-1,Echolocation,/mnt/ubna_data_02_mir/recover-20221013/UBNA_001/20221012_030000.WAV,Telephone Field,recover-20221013,001,1795
1533.0135,1533.0518,68437,81542,Rhinolophus ferrumequinum,0.021,0.021,-1,Echolocation,/mnt/ubna_data_02_mir/recover-20221013/UBNA_001/20221012_030000.WAV,Telephone Field,recover-20221013,001,1795
1533.0415,1533.0494,48671,57148,Pipistrellus pipistrellus,0.022,0.026,-1,Echolocation,/mnt/ubna_data_02_mir/recover-20221013/UBNA_001/20221012_030000.WAV,Telephone Field,recover-20221013,001,1795
1533.0435,1533.0508,28046,39852,Eptesicus serotinus,0.007,0.023,-1,Echolocation,/mnt/ubna_data_02_mir/recover-20221013/UBNA_001/20221012_030000.WAV,Telephone Field,recover-20221013,001,1795
1533.0985,1533.1359,68437,80887,Rhinolophus ferrumequinum,0.021,0.021,-1,Echolocation,/mnt/ubna_data_02_mir/recover-20221013/UBNA_001/20221012_030000.WAV,Telephone Field,recover-20221013,001,1795
1533.1065,1533.1462,68437,81699,Rhinolophus ferrumequinum,0.021,0.021,-1,Echolocation,/mnt/ubna_data_02_mir/recover-20221013/UBNA_001/20221012_030000.WAV,Telephone Field,recover-20221013,001,1795
1533.1125,1533.1499,68437,82322,Rhinolophus ferrumequinum,0.022,0.022,-1,Echolocation,/mnt/ubna_data_02_mir/recover-20221013/UBNA_001/20221012_030000.WAV,Telephone Field,recover-20221013,001,1795
1533.1225,1533.132,21171,26949,Plecotus austriacus,0.009,0.024,-1,Echolocation,/mnt/ubna_data_02_mir/recover-20221013/UBNA_001/20221012_030000.WAV,Telephone Field,recover-20221013,001,1795
1533.1445,1533.1846,68437,82011,Rhinolophus ferrumequinum,0.026,0.026,-1,Echolocation,/mnt/ubna_data_02_mir/recover-20221013/UBNA_001/20221012_030000.WAV,Telephone Field,recover-20221013,001,1795
1533.1555,1533.1969,68437,82495,Rhinolophus ferrumequinum,0.022,0.022,-1,Echolocation,/mnt/ubna_data_02_mir/recover-20221013/UBNA_001/20221012_030000.WAV,Telephone Field,recover-20221013,001,1795
1533.1755,1533.2162,68437,82871,Rhinolophus ferrumequinum,0.027,0.027,-1,Echolocation,/mnt/ubna_data_02_mir/recover-20221013/UBNA_001/20221012_030000.WAV,Telephone Field,recover-20221013,001,1795
1533.2025,1533.2126,22031,27944,Nyctalus leisleri,0.008,0.023,-1,Echolocation,/mnt/ubna_data_02_mir/recover-20221013/UBNA_001/20221012_030000.WAV,Telephone Field,recover-20221013,001,1795
1533.2035,1533.2448,68437,82228,Rhinolophus ferrumequinum,0.022,0.022,-1,Echolocation,/mnt/ubna_data_02_mir/recover-20221013/UBNA_001/20221012_030000.WAV,Telephone Field,recover-20221013,001,1795
1533.2305,1533.269,68437,82318,Rhinolophus ferrumequinum,0.024,0.024,-1,Echolocation,/mnt/ubna_data_02_mir/recover-20221013/UBNA_001/20221012_030000.WAV,Telephone Field,recover-20221013,001,1795
1533.2455,1533.2819,68437,81430,Rhinolophus ferrumequinum,0.021,0.021,-1,Echolocation,/mnt/ubna_data_02_mir/recover-20221013/UBNA_001/20221012_030000.WAV,Telephone Field,recover-20221013,001,1795
1533.2605,1533.3008,68437,82448,Rhinolophus ferrumequinum,0.023,0.023,-1,Echolocation,/mnt/ubna_data_02_mir/recover-20221013/UBNA_001/20221012_030000.WAV,Telephone Field,recover-20221013,001,1795
1533.2825,1533.2903,24609,33314,Plecotus austriacus,0.008,0.024,-1,Echolocation,/mnt/ubna_data_02_mir/recover-20221013/UBNA_001/20221012_030000.WAV,Telephone Field,recover-20221013,001,1795
1533.2925,1533.3324,68437,82124,Rhinolophus ferrumequinum,0.022,0.022,-1,Echolocation,/mnt/ubna_data_02_mir/recover-20221013/UBNA_001/20221012_030000.WAV,Telephone Field,recover-20221013,001,1795
1533.3145,1533.3233,45234,54559,Pipistrellus pipistrellus,0.018,0.026,-1,Echolocation,/mnt/ubna_data_02_mir/recover-20221013/UBNA_001/20221012_030000.WAV,Telephone Field,recover-20221013,001,1795
1533.3185,1533.3247,40078,55617,Myotis mystacinus,0.009,0.026,-1,Echolocation,/mnt/ubna_data_02_mir/recover-20221013/UBNA_001/20221012_030000.WAV,Telephone Field,recover-20221013,001,1795
1533.3205,1533.3286,24609,35846,Plecotus austriacus,0.006,0.023,-1,Echolocation,/mnt/ubna_data_02_mir/recover-20221013/UBNA_001/20221012_030000.WAV,Telephone Field,recover-20221013,001,1795
1533.3555,1533.3945,68437,81960,Rhinolophus ferrumequinum,0.024,0.024,-1,Echolocation,/mnt/ubna_data_02_mir/recover-20221013/UBNA_001/20221012_030000.WAV,Telephone Field,recover-20221013,001,1795
1533.3645,1533.3718,22890,30358,Plecotus austriacus,0.01,0.022,-1,Echolocation,/mnt/ubna_data_02_mir/recover-20221013/UBNA_001/20221012_030000.WAV,Telephone Field,recover-20221013,001,1795
1533.3665,1533.4058,68437,82120,Rhinolophus ferrumequinum,0.021,0.021,-1,Echolocation,/mnt/ubna_data_02_mir/recover-20221013/UBNA_001/20221012_030000.WAV,Telephone Field,recover-20221013,001,1795
1533.3675,1533.3769,48671,52696,Pipistrellus pipistrellus,0.018,0.021,-1,Echolocation,/mnt/ubna_data_02_mir/recover-20221013/UBNA_001/20221012_030000.WAV,Telephone Field,recover-20221013,001,1795
1533.3775,1533.4155,68437,81873,Rhinolophus ferrumequinum,0.022,0.022,-1,Echolocation,/mnt/ubna_data_02_mir/recover-20221013/UBNA_001/20221012_030000.WAV,Telephone Field,recover-20221013,001,1795
1533.3955,1533.406,22890,28031,Nyctalus leisleri,0.012,0.027,-1,Echolocation,/mnt/ubna_data_02_mir/recover-20221013/UBNA_001/20221012_030000.WAV,Telephone Field,recover-20221013,001,1795
1533.4065,1533.4442,68437,81930,Rhinolophus ferrumequinum,0.021,0.021,-1,Echolocation,/mnt/ubna_data_02_mir/recover-20221013/UBNA_001/20221012_030000.WAV,Telephone Field,recover-20221013,001,1795
1533.4215,1533.4584,68437,81694,Rhinolophus ferrumequinum,0.024,0.024,-1,Echolocation,/mnt/ubna_data_02_mir/recover-20221013/UBNA_001/20221012_030000.WAV,Telephone Field,recover-20221013,001,1795
1533.4725,1533.5178,68437,83144,Rhinolophus ferrumequinum,0.059,0.059,-1,Echolocation,/mnt/ubna_data_02_mir/recover-20221013/UBNA_001/20221012_030000.WAV,Telephone Field,recover-20221013,001,1795
1533.5025,1533.5121,28906,37755,Eptesicus serotinus,0.01,0.026,-1,Echolocation,/mnt/ubna_data_02_mir/recover-20221013/UBNA_001/20221012_030000.WAV,Telephone Field,recover-20221013,001,1795
1533.5085,1533.5179,22890,29098,Nyctalus leisleri,0.008,0.021,-1,Echolocation,/mnt/ubna_data_02_mir/recover-20221013/UBNA_001/20221012_030000.WAV,Telephone Field,recover-20221013,001,1795
1533.5275,1533.5625,68437,81507,Rhinolophus ferrumequinum,0.023,0.023,-1,Echolocation,/mnt/ubna_data_02_mir/recover-20221013/UBNA_001/20221012_030000.WAV,Telephone Field,recover-20221013,001,1795
1533.5515,1533.5593,46953,51971,Pipistrellus pipistrellus,0.022,0.024,-1,Echolocation,/mnt/ubna_data_02_mir/recover-20221013/UBNA_001/20221012_030000.WAV,Telephone Field,recover-20221013,001,1795
1533.5555,1533.5633,26328,39453,Eptesicus serotinus,0.006,0.023,-1,Echolocation,/mnt/ubna_data_02_mir/recover-20221013/UBNA_001/20221012_030000.WAV,Telephone Field,recover-20221013,001,1795
1533.5585,1533.5973,68437,81995,Rhinolophus ferrumequinum,0.025,0.025,-1,Echolocation,/mnt/ubna_data_02_mir/recover-20221013/UBNA_001/20221012_030000.WAV,Telephone Field,recover-20221013,001,1795
1533.5805,1533.5909,49531,54297,Pipistrellus pipistrellus,0.028,0.033,-1,Echolocation,/mnt/ubna_data_02_mir/recover-20221013/UBNA_001/20221012_030000.WAV,Telephone Field,recover-20221013,001,1795
1533.6175,1533.6539,68437,81294,Rhinolophus ferrumequinum,0.022,0.022,-1,Echolocation,/mnt/ubna_data_02_mir/recover-20221013/UBNA_001/20221012_030000.WAV,Telephone Field,recover-20221013,001,1795
1533.6215,1533.6292,27187,39823,Eptesicus serotinus,0.007,0.023,-1,Echolocation,/mnt/ubna_data_02_mir/recover-20221013/UBNA_001/20221012_030000.WAV,Telephone Field,recover-20221013,001,1795
1533.6385,1533.6786,68437,82490,Rhinolophus ferrumequinum,0.031,0.031,-1,Echolocation,/mnt/ubna_data_02_mir/recover-20221013/UBNA_001/20221012_030000.WAV,Telephone Field,recover-20221013,001,1795
1533.6725,1533.7105,68437,81726,Rhinolophus ferrumequinum,0.024,0.024,-1,Echolocation,/mnt/ubna_data_02_mir/recover-20221013/UBNA_001/20221012_030000.WAV,Telephone Field,recover-20221013,001,1795
1533.7075,1533.745,68437,81385,Rhinolophus ferrumequinum,0.033,0.033,-1,Echolocation,/mnt/ubna_data_02_mir/recover-20221013/UBNA_001/20221012_030000.WAV,Telephone Field,recover-20221013,001,1795
1533.7465,1533.7847,68437,82301,Rhinolophus ferrumequinum,0.026,0.026,-1,Echolocation,/mnt/ubna_data_02_mir/recover-20221013/UBNA_001/20221012_030000.WAV,Telephone Field,recover-20221013,001,1795
1533.7625,1533.7702,27187,39812,Eptesicus serotinus,0.007,0.024,-1,Echolocation,/mnt/ubna_data_02_mir/recover-20221013/UBNA_001/20221012_030000.WAV,Telephone Field,recover-20221013,001,1795
1533.7755,1533.8137,68437,82233,Rhinolophus ferrumequinum,0.021,0.021,-1,Echolocation,/mnt/ubna_data_02_mir/recover-20221013/UBNA_001/20221012_030000.WAV,Telephone Field,recover-20221013,001,1795
1533.7915,1533.8,51250,57220,Pipistrellus pipistrellus,0.023,0.027,-1,Echolocation,/mnt/ubna_data_02_mir/recover-20221013/UBNA_001/20221012_030000.WAV,Telephone Field,recover-20221013,001,1795
1533.8065,1533.8454,68437,82179,Rhinolophus ferrumequinum,0.027,0.027,-1,Echolocation,/mnt/ubna_data_02_mir/recover-20221013/UBNA_001/20221012_030000.WAV,Telephone Field,recover-20221013,001,1795
1533.8255,1533.8349,22890,29757,Nyctalus leisleri,0.007,0.022,-1,Echolocation,/mnt/ubna_data_02_mir/recover-20221013/UBNA_001/20221012_030000.WAV,Telephone Field,recover-20221013,001,1795
1533.8455,1533.8894,68437,83367,Rhinolophus ferrumequinum,0.034,0.034,-1,Echolocation,/mnt/ubna_data_02_mir/recover-20221013/UBNA_001/20221012_030000.WAV,Telephone Field,recover-20221013,001,1795
1533.8845,1533.8936,28906,36934,Eptesicus serotinus,0.008,0.022,-1,Echolocation,/mnt/ubna_data_02_mir/recover-20221013/UBNA_001/20221012_030000.WAV,Telephone Field,recover-20221013,001,1795
1533.9125,1533.92,27187,39423,Eptesicus serotinus,0.006,0.022,-1,Echolocation,/mnt/ubna_data_02_mir/recover-20221013/UBNA_001/20221012_030000.WAV,Telephone Field,recover-20221013,001,1795
1533.9135,1533.9239,14296,20981,Nyctalus noctula,0.013,0.024,-1,Echolocation,/mnt/ubna_data_02_mir/recover-20221013/UBNA_001/20221012_030000.WAV,Telephone Field,recover-20221013,001,1795
1533.9275,1533.9695,68437,82841,Rhinolophus ferrumequinum,0.029,0.029,-1,Echolocation,/mnt/ubna_data_02_mir/recover-20221013/UBNA_001/20221012_030000.WAV,Telephone Field,recover-20221013,001,1795
1533.9295,1533.9406,25468,31154,Eptesicus serotinus,0.009,0.024,-1,Echolocation,/mnt/ubna_data_02_mir/recover-20221013/UBNA_001/20221012_030000.WAV,Telephone Field,recover-20221013,001,1795
1533.9535,1533.9921,68437,82775,Rhinolophus ferrumequinum,0.024,0.024,-1,Echolocation,/mnt/ubna_data_02_mir/recover-20221013/UBNA_001/20221012_030000.WAV,Telephone Field,recover-20221013,001,1795
1533.9815,1533.9908,28046,37772,Eptesicus serotinus,0.009,0.023,-1,Echolocation,/mnt/ubna_data_02_mir/recover-20221013/UBNA_001/20221012_030000.WAV,Telephone Field,recover-20221013,001,1795
1534.0015,1534.0093,22890,34199,Myotis nattereri,0.006,0.023,-1,Echolocation,/mnt/ubna_data_02_mir/recover-20221013/UBNA_001/20221012_030000.WAV,Telephone Field,recover-20221013,001,1795
1534.0015,1534.0101,47812,54406,Pipistrellus pipistrellus,0.023,0.028,-1,Echolocation,/mnt/ubna_data_02_mir/recover-20221013/UBNA_001/20221012_030000.WAV,Telephone Field,recover-20221013,001,1795
1534.0015,1534.0336,68437,80132,Rhinolophus ferrumequinum,0.027,0.027,-1,Echolocation,/mnt/ubna_data_02_mir/recover-20221013/UBNA_001/20221012_030000.WAV,Telephone Field,recover-20221013,001,1795
1534.0085,1534.0479,68437,80970,Rhinolophus ferrumequinum,0.022,0.022,-1,Echolocation,/mnt/ubna_data_02_mir/recover-20221013/UBNA_001/20221012_030000.WAV,Telephone Field,recover-20221013,001,1795
1534.0575,1534.0678,24609,31574,Nyctalus leisleri,0.009,0.024,-1,Echolocation,/mnt/ubna_data_02_mir/recover-20221013/UBNA_001/20221012_030000.WAV,Telephone Field,recover-20221013,001,1795
1534.1085,1534.1468,68437,82219,Rhinolophus ferrumequinum,0.023,0.023,-1,Echolocation,/mnt/ubna_data_02_mir/recover-20221013/UBNA_001/20221012_030000.WAV,Telephone Field,recover-20221013,001,1795
1534.1325,1534.1726,68437,82716,Rhinolophus ferrumequinum,0.023,0.023,-1,Echolocation,/mnt/ubna_data_02_mir/recover-20221013/UBNA_001/20221012_030000.WAV,Telephone Field,recover-20221013,001,1795
1534.1445,1534.1517,27187,41872,Eptesicus serotinus,0.006,0.022,-1,Echolocation,/mnt/ubna_data_02_mir/recover-20221013/UBNA_001/20221012_030000.WAV,Telephone Field,recover-20221013,001,1795
1534.1445,1534.1814,68437,81521,Rhinolophus ferrumequinum,0.023,0.023,-1,Echolocation,/mnt/ubna_data_02_mir/recover-20221013/UBNA_001/20221012_030000.WAV,Telephone Field,recover-20221013,001,1795
1534.1925,1534.2332,68437,82490,Rhinolophus ferrumequinum,0.023,0.023,-1,Echolocation,/mnt/ubna_data_02_mir/recover-20221013/UBNA_001/20221012_030000.WAV,Telephone Field,recover-20221013,001,1795
1534.2025,1534.2407,68437,82035,Rhinolophus ferrumequinum,0.022,0.022,-1,Echolocation,/mnt/ubna_data_02_mir/recover-20221013/UBNA_001/20221012_030000.WAV,Telephone Field,recover-20221013,001,1795
1534.2425,1534.2552,45234,48682,Pipistrellus pipistrellus,0.028,0.031,-1,Echolocation,/mnt/ubna_data_02_mir/recover-20221013/UBNA_001/20221012_030000.WAV,Telephone Field,recover-20221013,001,1795
1534.2505,1534.2605,28046,36644,Eptesicus serotinus,0.009,0.024,-1,Echolocation,/mnt/ubna_data_02_mir/recover-20221013/UBNA_001/20221012_030000.WAV,Telephone Field,recover-20221013,001,1795
1534.2525,1534.2904,68437,82557,Rhinolophus ferrumequinum,0.022,0.022,-1,Echolocation,/mnt/ubna_data_02_mir/recover-20221013/UBNA_001/20221012_030000.WAV,Telephone Field,recover-20221013,001,1795
1534.2555,1534.2646,28906,36852,Eptesicus serotinus,0.008,0.023,-1,Echolocation,/mnt/ubna_data_02_mir/recover-20221013/UBNA_001/20221012_030000.WAV,Telephone Field,recover-20221013,001,1795
1534.3045,1534.3408,68437,81896,Rhinolophus ferrumequinum,0.021,0.022,-1,Echolocation,/mnt/ubna_data_02_mir/recover-20221013/UBNA_001/20221012_030000.WAV,Telephone Field,recover-20221013,001,1795
1534.3225,1534.3295,26328,40849,Eptesicus serotinus,0.007,0.022,-1,Echolocation,/mnt/ubna_data_02_mir/recover-20221013/UBNA_001/20221012_030000.WAV,Telephone Field,recover-20221013,001,1795
1534.3885,1534.4012,22031,25746,Nyctalus leisleri,0.014,0.023,-1,Echolocation,/mnt/ubna_data_02_mir/recover-20221013/UBNA_001/20221012_030000.WAV,Telephone Field,recover-20221013,001,1795
1534.4025,1534.4468,68437,83356,Rhinolophus ferrumequinum,0.028,0.028,-1,Echolocation,/mnt/ubna_data_02_mir/recover-20221013/UBNA_001/20221012_030000.WAV,Telephone Field,recover-20221013,001,1795
1534.4325,1534.4722,68437,82243,Rhinolophus ferrumequinum,0.022,0.022,-1,Echolocation,/mnt/ubna_data_02_mir/recover-20221013/UBNA_001/20221012_030000.WAV,Telephone Field,recover-20221013,001,1795
1534.4465,1534.4538,33203,44652,Myotis daubentonii,0.01,0.025,-1,Echolocation,/mnt/ubna_data_02_mir/recover-20221013/UBNA_001/20221012_030000.WAV,Telephone Field,recover-20221013,001,1795
1534.4475,1534.4584,25468,32273,Eptesicus serotinus,0.022,0.06,-1,Echolocation,/mnt/ubna_data_02_mir/recover-20221013/UBNA_001/20221012_030000.WAV,Telephone Field,recover-20221013,001,1795
1534.4505,1534.4936,68437,83585,Rhinolophus ferrumequinum,0.038,0.038,-1,Echolocation,/mnt/ubna_data_02_mir/recover-20221013/UBNA_001/20221012_030000.WAV,Telephone Field,recover-20221013,001,1795
1534.4815,1534.4893,28046,39984,Eptesicus serotinus,0.009,0.029,-1,Echolocation,/mnt/ubna_data_02_mir/recover-20221013/UBNA_001/20221012_030000.WAV,Telephone Field,recover-20221013,001,1795
1534.4855,1534.5285,68437,83484,Rhinolophus ferrumequinum,0.048,0.048,-1,Echolocation,/mnt/ubna_data_02_mir/recover-20221013/UBNA_001/20221012_030000.WAV,Telephone Field,recover-20221013,001,1795
1534.5075,1534.5197,46953,49801,Pipistrellus pipistrellus,0.044,0.048,-1,Echolocation,/mnt/ubna_data_02_mir/recover-20221013/UBNA_001/20221012_030000.WAV,Telephone Field,recover-20221013,001,1795
1534.5155,1534.5339,19453,22407,Nyctalus leisleri,0.014,0.025,-1,Echolocation,/mnt/ubna_data_02_mir/recover-20221013/UBNA_001/20221012_030000.WAV,Telephone Field,recover-20221013,001,1795
1534.5165,1534.5521,68437,81377,Rhinolophus ferrumequinum,0.022,0.022,-1,Echolocation,/mnt/ubna_data_02_mir/recover-20221013/UBNA_001/20221012_030000.WAV,Telephone Field,recover-20221013,001,1795
1534.5285,1534.567,68437,81927,Rhinolophus ferrumequinum,0.023,0.024,-1,Echolocation,/mnt/ubna_data_02_mir/recover-20221013/UBNA_001/20221012_030000.WAV,Telephone Field,recover-20221013,001,1795
1534.5595,1534.5966,68437,82245,Rhinolophus ferrumequinum,0.021,0.021,-1,Echolocation,/mnt/ubna_data_02_mir/recover-20221013/UBNA_001/20221012_030000.WAV,Telephone Field,recover-20221013,001,1795
1534.5655,1534.5768,23750,29445,Nyctalus leisleri,0.01,0.022,-1,Echolocation,/mnt/ubna_data_02_mir/recover-20221013/UBNA_001/20221012_030000.WAV,Telephone Field,recover-20221013,001,1795
1534.5685,1534.5788,46093,49500,Pipistrellus pipistrellus,0.033,0.036,-1,Echolocation,/mnt/ubna_data_02_mir/recover-20221013/UBNA_001/20221012_030000.WAV,Telephone Field,recover-20221013,001,1795
1534.5715,1534.6067,68437,80919,Rhinolophus ferrumequinum,0.022,0.022,-1,Echolocation,/mnt/ubna_data_02_mir/recover-20221013/UBNA_001/20221012_030000.WAV,Telephone Field,recover-20221013,001,1795
1534.5845,1534.5953,27187,34308,Eptesicus serotinus,0.015,0.029,-1,Echolocation,/mnt/ubna_data_02_mir/recover-20221013/UBNA_001/20221012_030000.WAV,Telephone Field,recover-20221013,001,1795
1534.5865,1534.6223,68437,81392,Rhinolophus ferrumequinum,0.022,0.022,-1,Echolocation,/mnt/ubna_data_02_mir/recover-20221013/UBNA_001/20221012_030000.WAV,Telephone Field,recover-20221013,001,1795
1534.6185,1534.6259,27187,39132,Eptesicus serotinus,0.006,0.022,-1,Echolocation,/mnt/ubna_data_02_mir/recover-20221013/UBNA_001/20221012_030000.WAV,Telephone Field,recover-20221013,001,1795
1534.6735,1534.6822,28046,40457,Eptesicus serotinus,0.008,0.023,-1,Echolocation,/mnt/ubna_data_02_mir/recover-20221013/UBNA_001/20221012_030000.WAV,Telephone Field,recover-20221013,001,1795
1534.6955,1534.7323,68437,81258,Rhinolophus ferrumequinum,0.023,0.024,-1,Echolocation,/mnt/ubna_data_02_mir/recover-20221013/UBNA_001/20221012_030000.WAV,Telephone Field,recover-20221013,001,1795
1534.7165,1534.7531,68437,82578,Rhinolophus ferrumequinum,0.026,0.026,-1,Echolocation,/mnt/ubna_data_02_mir/recover-20221013/UBNA_001/20221012_030000.WAV,Telephone Field,recover-20221013,001,1795
1534.7265,1534.7354,27187,37483,Eptesicus serotinus,0.008,0.023,-1,Echolocation,/mnt/ubna_data_02_mir/recover-20221013/UBNA_001/20221012_030000.WAV,Telephone Field,recover-20221013,001,1795
1534.7295,1534.7385,22890,30015,Plecotus austriacus,0.007,0.022,-1,Echolocation,/mnt/ubna_data_02_mir/recover-20221013/UBNA_001/20221012_030000.WAV,Telephone Field,recover-20221013,001,1795
1534.7445,1534.7775,68437,80671,Rhinolophus ferrumequinum,0.022,0.022,-1,Echolocation,/mnt/ubna_data_02_mir/recover-20221013/UBNA_001/20221012_030000.WAV,Telephone Field,recover-20221013,001,1795
1534.7525,1534.7915,68437,81614,Rhinolophus ferrumequinum,0.022,0.022,-1,Echolocation,/mnt/ubna_data_02_mir/recover-20221013/UBNA_001/20221012_030000.WAV,Telephone Field,recover-20221013,001,1795
1534.7785,1534.8148,68437,81455,Rhinolophus ferrumequinum,0.022,0.022,-1,Echolocation,/mnt/ubna_data_02_mir/recover-20221013/UBNA_001/20221012_030000.WAV,Telephone Field,recover-20221013,001,1795
1534.7795,1534.7886,25468,33509,Eptesicus serotinus,0.007,0.022,-1,Echolocation,/mnt/ubna_data_02_mir/recover-20221013/UBNA_001/20221012_030000.WAV,Telephone Field,recover-20221013,001,1795
1534.8345,1534.8729,68437,81629,Rhinolophus ferrumequinum,0.023,0.023,-1,Echolocation,/mnt/ubna_data_02_mir/recover-20221013/UBNA_001/20221012_030000.WAV,Telephone Field,recover-20221013,001,1795
1534.8405,1534.8775,68437,81815,Rhinolophus ferrumequinum,0.024,0.024,-1,Echolocation,/mnt/ubna_data_02_mir/recover-20221013/UBNA_001/20221012_030000.WAV,Telephone Field,recover-20221013,001,1795
1534.8405,1534.8512,22890,28531,Nyctalus leisleri,0.011,0.027,-1,Echolocation,/mnt/ubna_data_02_mir/recover-20221013/UBNA_001/20221012_030000.WAV,Telephone Field,recover-20221013,001,1795
1534.8495,1534.888,68437,82275,Rhinolophus ferrumequinum,0.023,0.023,-1,Echolocation,/mnt/ubna_data_02_mir/recover-20221013/UBNA_001/20221012_030000.WAV,Telephone Field,recover-20221013,001,1795
1534.8635,1534.8708,27187,40554,Eptesicus serotinus,0.007,0.026,-1,Echolocation,/mnt/ubna_data_02_mir/recover-20221013/UBNA_001/20221012_030000.WAV,Telephone Field,recover-20221013,001,1795
1534.8875,1534.8954,27187,40657,Eptesicus serotinus,0.007,0.024,-1,Echolocation,/mnt/ubna_data_02_mir/recover-20221013/UBNA_001/20221012_030000.WAV,Telephone Field,recover-20221013,001,1795
1534.9035,1534.9116,26328,34831,Eptesicus serotinus,0.009,0.024,-1,Echolocation,/mnt/ubna_data_02_mir/recover-20221013/UBNA_001/20221012_030000.WAV,Telephone Field,recover-20221013,001,1795
1534.9495,1534.9851,68437,81301,Rhinolophus ferrumequinum,0.036,0.036,-1,Echolocation,/mnt/ubna_data_02_mir/recover-20221013/UBNA_001/20221012_030000.WAV,Telephone Field,recover-20221013,001,1795
1534.9585,1534.9695,23750,29309,Nyctalus leisleri,0.012,0.026,-1,Echolocation,/mnt/ubna_data_02_mir/recover-20221013/UBNA_001/20221012_030000.WAV,Telephone Field,recover-20221013,001,1795
1534.9915,1535.0276,68437,81335,Rhinolophus ferrumequinum,0.023,0.023,-1,Echolocation,/mnt/ubna_data_02_mir/recover-20221013/UBNA_001/20221012_030000.WAV,Telephone Field,recover-20221013,001,1795
1535.0075,1535.0453,68437,81573,Rhinolophus ferrumequinum,0.022,0.023,-1,Echolocation,/mnt/ubna_data_02_mir/recover-20221013/UBNA_001/20221012_030000.WAV,Telephone Field,recover-20221013,001,1795
1535.0155,1535.0547,68437,82360,Rhinolophus ferrumequinum,0.026,0.026,-1,Echolocation,/mnt/ubna_data_02_mir/recover-20221013/UBNA_001/20221012_030000.WAV,Telephone Field,recover-20221013,001,1795
1535.0415,1535.081,68437,82715,Rhinolophus ferrumequinum,0.022,0.022,-1,Echolocation,/mnt/ubna_data_02_mir/recover-20221013/UBNA_001/20221012_030000.WAV,Telephone Field,recover-20221013,001,1795
1535.0415,1535.0485,24609,33431,Plecotus austriacus,0.007,0.022,-1,Echolocation,/mnt/ubna_data_02_mir/recover-20221013/UBNA_001/20221012_030000.WAV,Telephone Field,recover-20221013,001,1795
1535.0695,1535.0767,27187,39354,Eptesicus serotinus,0.006,0.022,-1,Echolocation,/mnt/ubna_data_02_mir/recover-20221013/UBNA_001/20221012_030000.WAV,Telephone Field,recover-20221013,001,1795
1535.0875,1535.0955,28906,38474,Eptesicus serotinus,0.008,0.027,-1,Echolocation,/mnt/ubna_data_02_mir/recover-20221013/UBNA_001/20221012_030000.WAV,Telephone Field,recover-20221013,001,1795
1535.1085,1535.1496,68437,82495,Rhinolophus ferrumequinum,0.024,0.024,-1,Echolocation,/mnt/ubna_data_02_mir/recover-20221013/UBNA_001/20221012_030000.WAV,Telephone Field,recover-20221013,001,1795
1535.1405,1535.1795,68437,81856,Rhinolophus ferrumequinum,0.023,0.023,-1,Echolocation,/mnt/ubna_data_02_mir/recover-20221013/UBNA_001/20221012_030000.WAV,Telephone Field,recover-20221013,001,1795
1535.1445,1535.1537,27187,37747,Eptesicus serotinus,0.009,0.025,-1,Echolocation,/mnt/ubna_data_02_mir/recover-20221013/UBNA_001/20221012_030000.WAV,Telephone Field,recover-20221013,001,1795
1535.1515,1535.1609,27187,35035,Eptesicus serotinus,0.009,0.023,-1,Echolocation,/mnt/ubna_data_02_mir/recover-20221013/UBNA_001/20221012_030000.WAV,Telephone Field,recover-20221013,001,1795
1535.1625,1535.2014,68437,82252,Rhinolophus ferrumequinum,0.024,0.024,-1,Echolocation,/mnt/ubna_data_02_mir/recover-20221013/UBNA_001/20221012_030000.WAV,Telephone Field,recover-20221013,001,1795
1535.1975,1535.2367,68437,82940,Rhinolophus ferrumequinum,0.035,0.035,-1,Echolocation,/mnt/ubna_data_02_mir/recover-20221013/UBNA_001/20221012_030000.WAV,Telephone Field,recover-20221013,001,1795
1535.2145,1535.2548,68437,82648,Rhinolophus ferrumequinum,0.031,0.031,-1,Echolocation,/mnt/ubna_data_02_mir/recover-20221013/UBNA_001/20221012_030000.WAV,Telephone Field,recover-20221013,001,1795
1535.2465,1535.2848,68437,81547,Rhinolophus ferrumequinum,0.023,0.023,-1,Echolocation,/mnt/ubna_data_02_mir/recover-20221013/UBNA_001/20221012_030000.WAV,Telephone Field,recover-20221013,001,1795
1535.2785,1535.2876,28046,37163,Eptesicus serotinus,0.01,0.025,-1,Echolocation,/mnt/ubna_data_02_mir/recover-20221013/UBNA_001/20221012_030000.WAV,Telephone Field,recover-20221013,001,1795
1535.2825,1535.3208,68437,81988,Rhinolophus ferrumequinum,0.022,0.022,-1,Echolocation,/mnt/ubna_data_02_mir/recover-20221013/UBNA_001/20221012_030000.WAV,Telephone Field,recover-20221013,001,1795
1535.2975,1535.335,68437,82462,Rhinolophus ferrumequinum,0.023,0.023,-1,Echolocation,/mnt/ubna_data_02_mir/recover-20221013/UBNA_001/20221012_030000.WAV,Telephone Field,recover-20221013,001,1795
1535.3215,1535.3576,68437,81935,Rhinolophus ferrumequinum,0.022,0.022,-1,Echolocation,/mnt/ubna_data_02_mir/recover-20221013/UBNA_001/20221012_030000.WAV,Telephone Field,recover-20221013,001,1795
1535.4085,1535.4495,68437,82394,Rhinolophus ferrumequinum,0.023,0.023,-1,Echolocation,/mnt/ubna_data_02_mir/recover-20221013/UBNA_001/20221012_030000.WAV,Telephone Field,recover-20221013,001,1795
1535.4155,1535.4588,68437,82915,Rhinolophus ferrumequinum,0.024,0.024,-1,Echolocation,/mnt/ubna_data_02_mir/recover-20221013/UBNA_001/20221012_030000.WAV,Telephone Field,recover-20221013,001,1795
1535.4225,1535.4642,68437,83190,Rhinolophus ferrumequinum,0.025,0.025,-1,Echolocation,/mnt/ubna_data_02_mir/recover-20221013/UBNA_001/20221012_030000.WAV,Telephone Field,recover-20221013,001,1795
1535.4495,1535.4903,68437,82597,Rhinolophus ferrumequinum,0.022,0.022,-1,Echolocation,/mnt/ubna_data_02_mir/recover-20221013/UBNA_001/20221012_030000.WAV,Telephone Field,recover-20221013,001,1795
1535.4565,1535.4647,27187,39285,Eptesicus serotinus,0.008,0.025,-1,Echolocation,/mnt/ubna_data_02_mir/recover-20221013/UBNA_001/20221012_030000.WAV,Telephone Field,recover-20221013,001,1795
1535.4845,1535.5213,68437,81411,Rhinolophus ferrumequinum,0.024,0.024,-1,Echolocation,/mnt/ubna_data_02_mir/recover-20221013/UBNA_001/20221012_030000.WAV,Telephone Field,recover-20221013,001,1795
1535.5965,1535.6363,68437,82133,Rhinolophus ferrumequinum,0.023,0.023,-1,Echolocation,/mnt/ubna_data_02_mir/recover-20221013/UBNA_001/20221012_030000.WAV,Telephone Field,recover-20221013,001,1795
1535.6025,1535.6413,68437,82274,Rhinolophus ferrumequinum,0.023,0.023,-1,Echolocation,/mnt/ubna_data_02_mir/recover-20221013/UBNA_001/20221012_030000.WAV,Telephone Field,recover-20221013,001,1795
1535.6165,1535.623,25468,43789,Myotis nattereri,0.01,0.03,-1,Echolocation,/mnt/ubna_data_02_mir/recover-20221013/UBNA_001/20221012_030000.WAV,Telephone Field,recover-20221013,001,1795
1535.6275,1535.6379,23750,29468,Nyctalus leisleri,0.011,0.027,-1,Echolocation,/mnt/ubna_data_02_mir/recover-20221013/UBNA_001/20221012_030000.WAV,Telephone Field,recover-20221013,001,1795
1535.6685,1535.7094,68437,82862,Rhinolophus ferrumequinum,0.027,0.027,-1,Echolocation,/mnt/ubna_data_02_mir/recover-20221013/UBNA_001/20221012_030000.WAV,Telephone Field,recover-20221013,001,1795
1535.6905,1535.7074,35781,40589,Pipistrellus nathusii,0.022,0.038,-1,Echolocation,/mnt/ubna_data_02_mir/recover-20221013/UBNA_001/20221012_030000.WAV,Telephone Field,recover-20221013,001,1795
1535.7035,1535.7438,68437,82865,Rhinolophus ferrumequinum,0.035,0.035,-1,Echolocation,/mnt/ubna_data_02_mir/recover-20221013/UBNA_001/20221012_030000.WAV,Telephone Field,recover-20221013,001,1795
1535.7305,1535.7353,41796,61119,Myotis mystacinus,0.013,0.025,-1,Echolocation,/mnt/ubna_data_02_mir/recover-20221013/UBNA_001/20221012_030000.WAV,Telephone Field,recover-20221013,001,1795
1535.7305,1535.7381,25468,38727,Myotis nattereri,0.006,0.022,-1,Echolocation,/mnt/ubna_data_02_mir/recover-20221013/UBNA_001/20221012_030000.WAV,Telephone Field,recover-20221013,001,1795
1535.7475,1535.7892,68437,83279,Rhinolophus ferrumequinum,0.034,0.034,-1,Echolocation,/mnt/ubna_data_02_mir/recover-20221013/UBNA_001/20221012_030000.WAV,Telephone Field,recover-20221013,001,1795
1535.8115,1535.8514,68437,82082,Rhinolophus ferrumequinum,0.027,0.027,-1,Echolocation,/mnt/ubna_data_02_mir/recover-20221013/UBNA_001/20221012_030000.WAV,Telephone Field,recover-20221013,001,1795
1535.8435,1535.8535,24609,31383,Nyctalus leisleri,0.008,0.022,-1,Echolocation,/mnt/ubna_data_02_mir/recover-20221013/UBNA_001/20221012_030000.WAV,Telephone Field,recover-20221013,001,1795
1535.8435,1535.8819,68437,81695,Rhinolophus ferrumequinum,0.023,0.023,-1,Echolocation,/mnt/ubna_data_02_mir/recover-20221013/UBNA_001/20221012_030000.WAV,Telephone Field,recover-20221013,001,1795
1535.8545,1535.8612,27187,50090,Myotis daubentonii,0.006,0.022,-1,Echolocation,/mnt/ubna_data_02_mir/recover-20221013/UBNA_001/20221012_030000.WAV,Telephone Field,recover-20221013,001,1795
1535.8755,1535.9061,68437,80625,Rhinolophus ferrumequinum,0.029,0.029,-1,Echolocation,/mnt/ubna_data_02_mir/recover-20221013/UBNA_001/20221012_030000.WAV,Telephone Field,recover-20221013,001,1795
1535.8755,1535.8832,27187,39044,Eptesicus serotinus,0.007,0.022,-1,Echolocation,/mnt/ubna_data_02_mir/recover-20221013/UBNA_001/20221012_030000.WAV,Telephone Field,recover-20221013,001,1795
1535.9075,1535.9437,68437,81667,Rhinolophus ferrumequinum,0.023,0.023,-1,Echolocation,/mnt/ubna_data_02_mir/recover-20221013/UBNA_001/20221012_030000.WAV,Telephone Field,recover-20221013,001,1795
1535.9075,1535.9164,28046,37568,Eptesicus serotinus,0.009,0.026,-1,Echolocation,/mnt/ubna_data_02_mir/recover-20221013/UBNA_001/20221012_030000.WAV,Telephone Field,recover-20221013,001,1795
1535.9225,1535.9632,68437,82466,Rhinolophus ferrumequinum,0.025,0.025,-1,Echolocation,/mnt/ubna_data_02_mir/recover-20221013/UBNA_001/20221012_030000.WAV,Telephone Field,recover-20221013,001,1795
1535.9405,1535.9799,68437,82942,Rhinolophus ferrumequinum,0.022,0.022,-1,Echolocation,/mnt/ubna_data_02_mir/recover-20221013/UBNA_001/20221012_030000.WAV,Telephone Field,recover-20221013,001,1795
1536.0015,1536.03,68437,79022,Rhinolophus ferrumequinum,0.023,0.024,-1,Echolocation,/mnt/ubna_data_02_mir/recover-20221013/UBNA_001/20221012_030000.WAV,Telephone Field,recover-20221013,001,1795
1536.0015,1536.0104,22890,29844,Nyctalus leisleri,0.011,0.035,-1,Echolocation,/mnt/ubna_data_02_mir/recover-20221013/UBNA_001/20221012_030000.WAV,Telephone Field,recover-20221013,001,1795
1536.0015,1536.0097,29765,38774,Myotis daubentonii,0.005,0.022,-1,Echolocation,/mnt/ubna_data_02_mir/recover-20221013/UBNA_001/20221012_030000.WAV,Telephone Field,recover-20221013,001,1795
1536.0205,1536.0296,55546,60716,Pipistrellus pygmaeus,0.021,0.023,-1,Echolocation,/mnt/ubna_data_02_mir/recover-20221013/UBNA_001/20221012_030000.WAV,Telephone Field,recover-20221013,001,1795
1536.0385,1536.0766,68437,82056,Rhinolophus ferrumequinum,0.022,0.022,-1,Echolocation,/mnt/ubna_data_02_mir/recover-20221013/UBNA_001/20221012_030000.WAV,Telephone Field,recover-20221013,001,1795
1536.0405,1536.0507,31484,39443,Eptesicus serotinus,0.007,0.021,-1,Echolocation,/mnt/ubna_data_02_mir/recover-20221013/UBNA_001/20221012_030000.WAV,Telephone Field,recover-20221013,001,1795
1536.0755,1536.1149,68437,82256,Rhinolophus ferrumequinum,0.025,0.025,-1,Echolocation,/mnt/ubna_data_02_mir/recover-20221013/UBNA_001/20221012_030000.WAV,Telephone Field,recover-20221013,001,1795
1536.1175,1536.1543,68437,81618,Rhinolophus ferrumequinum,0.023,0.023,-1,Echolocation,/mnt/ubna_data_02_mir/recover-20221013/UBNA_001/20221012_030000.WAV,Telephone Field,recover-20221013,001,1795
1536.1375,1536.1729,68437,81001,Rhinolophus ferrumequinum,0.023,0.023,-1,Echolocation,/mnt/ubna_data_02_mir/recover-20221013/UBNA_001/20221012_030000.WAV,Telephone Field,recover-20221013,001,1795
1536.1615,1536.1978,68437,81239,Rhinolophus ferrumequinum,0.022,0.023,-1,Echolocation,/mnt/ubna_data_02_mir/recover-20221013/UBNA_001/20221012_030000.WAV,Telephone Field,recover-20221013,001,1795
1536.1675,1536.2037,68437,81413,Rhinolophus ferrumequinum,0.023,0.023,-1,Echolocation,/mnt/ubna_data_02_mir/recover-20221013/UBNA_001/20221012_030000.WAV,Telephone Field,recover-20221013,001,1795
1536.1915,1536.233,68437,82903,Rhinolophus ferrumequinum,0.026,0.026,-1,Echolocation,/mnt/ubna_data_02_mir/recover-20221013/UBNA_001/20221012_030000.WAV,Telephone Field,recover-20221013,001,1795
1536.2215,1536.2628,68437,83068,Rhinolophus ferrumequinum,0.035,0.035,-1,Echolocation,/mnt/ubna_data_02_mir/recover-20221013/UBNA_001/20221012_030000.WAV,Telephone Field,recover-20221013,001,1795
1536.2335,1536.2697,68437,81544,Rhinolophus ferrumequinum,0.023,0.023,-1,Echolocation,/mnt/ubna_data_02_mir/recover-20221013/UBNA_001/20221012_030000.WAV,Telephone Field,recover-20221013,001,1795
1536.2475,1536.2852,68437,81963,Rhinolophus ferrumequinum,0.022,0.022,-1,Echolocation,/mnt/ubna_data_02_mir/recover-20221013/UBNA_001/20221012_030000.WAV,Telephone Field,recover-20221013,001,1795
1536.2575,1536.2662,54687,59486,Pipistrellus pygmaeus,0.021,0.022,-1,Echolocation,/mnt/ubna_data_02_mir/recover-20221013/UBNA_001/20221012_030000.WAV,Telephone Field,recover-20221013,001,1795
1536.2675,1536.3102,68437,83448,Rhinolophus ferrumequinum,0.037,0.037,-1,Echolocation,/mnt/ubna_data_02_mir/recover-20221013/UBNA_001/20221012_030000.WAV,Telephone Field,recover-20221013,001,1795
1536.2945,1536.3338,68437,82810,Rhinolophus ferrumequinum,0.024,0.024,-1,Echolocation,/mnt/ubna_data_02_mir/recover-20221013/UBNA_001/20221012_030000.WAV,Telephone Field,recover-20221013,001,1795
1536.3015,1536.3127,44375,47912,Pipistrellus pipistrellus,0.031,0.034,-1,Echolocation,/mnt/ubna_data_02_mir/recover-20221013/UBNA_001/20221012_030000.WAV,Telephone Field,recover-20221013,001,1795
1536.3105,1536.3536,68437,82837,Rhinolophus ferrumequinum,0.028,0.028,-1,Echolocation,/mnt/ubna_data_02_mir/recover-20221013/UBNA_001/20221012_030000.WAV,Telephone Field,recover-20221013,001,1795
1536.3375,1536.3707,68437,80920,Rhinolophus ferrumequinum,0.024,0.024,-1,Echolocation,/mnt/ubna_data_02_mir/recover-20221013/UBNA_001/20221012_030000.WAV,Telephone Field,recover-20221013,001,1795
1536.3725,1536.4118,68437,82297,Rhinolophus ferrumequinum,0.023,0.023,-1,Echolocation,/mnt/ubna_data_02_mir/recover-20221013/UBNA_001/20221012_030000.WAV,Telephone Field,recover-20221013,001,1795
1536.3785,1536.4176,68437,82514,Rhinolophus ferrumequinum,0.025,0.025,-1,Echolocation,/mnt/ubna_data_02_mir/recover-20221013/UBNA_001/20221012_030000.WAV,Telephone Field,recover-20221013,001,1795
1536.3885,1536.3979,28906,36880,Eptesicus serotinus,0.008,0.021,-1,Echolocation,/mnt/ubna_data_02_mir/recover-20221013/UBNA_001/20221012_030000.WAV,Telephone Field,recover-20221013,001,1795
1536.4135,1536.4492,68437,81713,Rhinolophus ferrumequinum,0.023,0.023,-1,Echolocation,/mnt/ubna_data_02_mir/recover-20221013/UBNA_001/20221012_030000.WAV,Telephone Field,recover-20221013,001,1795
1536.4145,1536.4226,27187,38343,Eptesicus serotinus,0.008,0.023,-1,Echolocation,/mnt/ubna_data_02_mir/recover-20221013/UBNA_001/20221012_030000.WAV,Telephone Field,recover-20221013,001,1795
1536.4305,1536.4765,68437,83219,Rhinolophus ferrumequinum,0.056,0.056,-1,Echolocation,/mnt/ubna_data_02_mir/recover-20221013/UBNA_001/20221012_030000.WAV,Telephone Field,recover-20221013,001,1795
1536.4605,1536.5012,68437,82281,Rhinolophus ferrumequinum,0.023,0.023,-1,Echolocation,/mnt/ubna_data_02_mir/recover-20221013/UBNA_001/20221012_030000.WAV,Telephone Field,recover-20221013,001,1795
1536.4955,1536.5083,23750,29114,Nyctalus leisleri,0.025,0.052,-1,Echolocation,/mnt/ubna_data_02_mir/recover-20221013/UBNA_001/20221012_030000.WAV,Telephone Field,recover-20221013,001,1795
1536.5085,1536.5493,68437,82393,Rhinolophus ferrumequinum,0.035,0.035,-1,Echolocation,/mnt/ubna_data_02_mir/recover-20221013/UBNA_001/20221012_030000.WAV,Telephone Field,recover-20221013,001,1795
1536.5105,1536.5167,28046,41955,Eptesicus serotinus,0.005,0.023,-1,Echolocation,/mnt/ubna_data_02_mir/recover-20221013/UBNA_001/20221012_030000.WAV,Telephone Field,recover-20221013,001,1795
1536.5265,1536.5355,29765,39653,Eptesicus serotinus,0.007,0.022,-1,Echolocation,/mnt/ubna_data_02_mir/recover-20221013/UBNA_001/20221012_030000.WAV,Telephone Field,recover-20221013,001,1795
1536.5595,1536.566,28046,44474,Eptesicus serotinus,0.007,0.028,-1,Echolocation,/mnt/ubna_data_02_mir/recover-20221013/UBNA_001/20221012_030000.WAV,Telephone Field,recover-20221013,001,1795
1536.5805,1536.6194,68437,82214,Rhinolophus ferrumequinum,0.029,0.029,-1,Echolocation,/mnt/ubna_data_02_mir/recover-20221013/UBNA_001/20221012_030000.WAV,Telephone Field,recover-20221013,001,1795
1536.6305,1536.6666,68437,81384,Rhinolophus ferrumequinum,0.022,0.022,-1,Echolocation,/mnt/ubna_data_02_mir/recover-20221013/UBNA_001/20221012_030000.WAV,Telephone Field,recover-20221013,001,1795
1536.6365,1536.6432,27187,45781,Eptesicus serotinus,0.006,0.022,-1,Echolocation,/mnt/ubna_data_02_mir/recover-20221013/UBNA_001/20221012_030000.WAV,Telephone Field,recover-20221013,001,1795
1536.6565,1536.6981,68437,82274,Rhinolophus ferrumequinum,0.032,0.032,-1,Echolocation,/mnt/ubna_data_02_mir/recover-20221013/UBNA_001/20221012_030000.WAV,Telephone Field,recover-20221013,001,1795
1536.6755,1536.7118,68437,80961,Rhinolophus ferrumequinum,0.023,0.023,-1,Echolocation,/mnt/ubna_data_02_mir/recover-20221013/UBNA_001/20221012_030000.WAV,Telephone Field,recover-20221013,001,1795
1536.6915,1536.7301,68437,82313,Rhinolophus ferrumequinum,0.027,0.027,-1,Echolocation,/mnt/ubna_data_02_mir/recover-20221013/UBNA_001/20221012_030000.WAV,Telephone Field,recover-20221013,001,1795
1536.7205,1536.7627,68437,83189,Rhinolophus ferrumequinum,0.03,0.03,-1,Echolocation,/mnt/ubna_data_02_mir/recover-20221013/UBNA_001/20221012_030000.WAV,Telephone Field,recover-20221013,001,1795
1536.7285,1536.7707,68437,82946,Rhinolophus ferrumequinum,0.025,0.025,-1,Echolocation,/mnt/ubna_data_02_mir/recover-20221013/UBNA_001/20221012_030000.WAV,Telephone Field,recover-20221013,001,1795
1536.7585,1536.7953,68437,81566,Rhinolophus ferrumequinum,0.023,0.023,-1,Echolocation,/mnt/ubna_data_02_mir/recover-20221013/UBNA_001/20221012_030000.WAV,Telephone Field,recover-20221013,001,1795
1536.7865,1536.8266,68437,82411,Rhinolophus ferrumequinum,0.028,0.028,-1,Echolocation,/mnt/ubna_data_02_mir/recover-20221013/UBNA_001/20221012_030000.WAV,Telephone Field,recover-20221013,001,1795
1536.7975,1536.8055,25468,36532,Eptesicus serotinus,0.006,0.022,-1,Echolocation,/mnt/ubna_data_02_mir/recover-20221013/UBNA_001/20221012_030000.WAV,Telephone Field,recover-20221013,001,1795
1536.8245,1536.837,24609,30891,Nyctalus leisleri,0.013,0.032,-1,Echolocation,/mnt/ubna_data_02_mir/recover-20221013/UBNA_001/20221012_030000.WAV,Telephone Field,recover-20221013,001,1795
1536.8505,1536.8909,68437,82869,Rhinolophus ferrumequinum,0.033,0.033,-1,Echolocation,/mnt/ubna_data_02_mir/recover-20221013/UBNA_001/20221012_030000.WAV,Telephone Field,recover-20221013,001,1795
1536.9115,1536.9186,24609,36003,Plecotus austriacus,0.009,0.025,-1,Echolocation,/mnt/ubna_data_02_mir/recover-20221013/UBNA_001/20221012_030000.WAV,Telephone Field,recover-20221013,001,1795
1536.9255,1536.9642,68437,82491,Rhinolophus ferrumequinum,0.023,0.023,-1,Echolocation,/mnt/ubna_data_02_mir/recover-20221013/UBNA_001/20221012_030000.WAV,Telephone Field,recover-20221013,001,1795
1536.9765,1537.016,68437,82248,Rhinolophus ferrumequinum,0.023,0.023,-1,Echolocation,/mnt/ubna_data_02_mir/recover-20221013/UBNA_001/20221012_030000.WAV,Telephone Field,recover-20221013,001,1795
1536.9775,1536.9872,23750,29829,Nyctalus leisleri,0.009,0.023,-1,Echolocation,/mnt/ubna_data_02_mir/recover-20221013/UBNA_001/20221012_030000.WAV,Telephone Field,recover-20221013,001,1795
1536.9915,1537.0314,68437,82085,Rhinolophus ferrumequinum,0.021,0.021,-1,Echolocation,/mnt/ubna_data_02_mir/recover-20221013/UBNA_001/20221012_030000.WAV,Telephone Field,recover-20221013,001,1795
1537.0195,1537.0575,68437,81595,Rhinolophus ferrumequinum,0.022,0.022,-1,Echolocation,/mnt/ubna_data_02_mir/recover-20221013/UBNA_001/20221012_030000.WAV,Telephone Field,recover-20221013,001,1795
1537.0895,1537.1296,68437,81997,Rhinolophus ferrumequinum,0.025,0.025,-1,Echolocation,/mnt/ubna_data_02_mir/recover-20221013/UBNA_001/20221012_030000.WAV,Telephone Field,recover-20221013,001,1795
1537.1105,1537.1185,28906,38689,Eptesicus serotinus,0.008,0.024,-1,Echolocation,/mnt/ubna_data_02_mir/recover-20221013/UBNA_001/20221012_030000.WAV,Telephone Field,recover-20221013,001,1795
1537.1115,1537.1514,68437,82662,Rhinolophus ferrumequinum,0.029,0.029,-1,Echolocation,/mnt/ubna_data_02_mir/recover-20221013/UBNA_001/20221012_030000.WAV,Telephone Field,recover-20221013,001,1795
1537.1185,1537.1253,52109,59229,Pipistrellus pipistrellus,0.021,0.028,-1,Echolocation,/mnt/ubna_data_02_mir/recover-20221013/UBNA_001/20221012_030000.WAV,Telephone Field,recover-20221013,001,1795
1537.1425,1537.1794,68437,80947,Rhinolophus ferrumequinum,0.023,0.023,-1,Echolocation,/mnt/ubna_data_02_mir/recover-20221013/UBNA_001/20221012_030000.WAV,Telephone Field,recover-20221013,001,1795
1537.1495,1537.1882,68437,81391,Rhinolophus ferrumequinum,0.022,0.022,-1,Echolocation,/mnt/ubna_data_02_mir/recover-20221013/UBNA_001/20221012_030000.WAV,Telephone Field,recover-20221013,001,1795
1537.1555,1537.1617,25468,38243,Plecotus austriacus,0.01,0.035,-1,Echolocation,/mnt/ubna_data_02_mir/recover-20221013/UBNA_001/20221012_030000.WAV,Telephone Field,recover-20221013,001,1795
1537.1595,1537.1976,68437,81373,Rhinolophus ferrumequinum,0.022,0.023,-1,Echolocation,/mnt/ubna_data_02_mir/recover-20221013/UBNA_001/20221012_030000.WAV,Telephone Field,recover-20221013,001,1795
1537.1705,1537.2089,68437,82681,Rhinolophus ferrumequinum,0.024,0.024,-1,Echolocation,/mnt/ubna_data_02_mir/recover-20221013/UBNA_001/20221012_030000.WAV,Telephone Field,recover-20221013,001,1795
1537.2015,1537.2138,22890,27293,Nyctalus leisleri,0.022,0.036,-1,Echolocation,/mnt/ubna_data_02_mir/recover-20221013/UBNA_001/20221012_030000.WAV,Telephone Field,recover-20221013,001,1795
1537.2125,1537.2538,68437,82944,Rhinolophus ferrumequinum,0.035,0.035,-1,Echolocation,/mnt/ubna_data_02_mir/recover-20221013/UBNA_001/20221012_030000.WAV,Telephone Field,recover-20221013,001,1795
1537.2295,1537.2664,68437,81919,Rhinolophus ferrumequinum,0.023,0.023,-1,Echolocation,/mnt/ubna_data_02_mir/recover-20221013/UBNA_001/20221012_030000.WAV,Telephone Field,recover-20221013,001,1795
1537.2615,1537.3019,68437,82982,Rhinolophus ferrumequinum,0.029,0.029,-1,Echolocation,/mnt/ubna_data_02_mir/recover-20221013/UBNA_001/20221012_030000.WAV,Telephone Field,recover-20221013,001,1795
1537.2795,1537.3166,68437,82557,Rhinolophus ferrumequinum,0.024,0.024,-1,Echolocation,/mnt/ubna_data_02_mir/recover-20221013/UBNA_001/20221012_030000.WAV,Telephone Field,recover-20221013,001,1795
1537.3005,1537.3376,68437,81657,Rhinolophus ferrumequinum,0.028,0.028,-1,Echolocation,/mnt/ubna_data_02_mir/recover-20221013/UBNA_001/20221012_030000.WAV,Telephone Field,recover-20221013,001,1795
1537.3215,1537.3623,68437,82863,Rhinolophus ferrumequinum,0.023,0.023,-1,Echolocation,/mnt/ubna_data_02_mir/recover-20221013/UBNA_001/20221012_030000.WAV,Telephone Field,recover-20221013,001,1795
1537.3305,1537.3369,28906,41606,Eptesicus serotinus,0.01,0.042,-1,Echolocation,/mnt/ubna_data_02_mir/recover-20221013/UBNA_001/20221012_030000.WAV,Telephone Field,recover-20221013,001,1795
1537.3445,1537.3549,23750,30154,Nyctalus leisleri,0.008,0.022,-1,Echolocation,/mnt/ubna_data_02_mir/recover-20221013/UBNA_001/20221012_030000.WAV,Telephone Field,recover-20221013,001,1795
1537.3635,1537.4013,68437,81802,Rhinolophus ferrumequinum,0.024,0.024,-1,Echolocation,/mnt/ubna_data_02_mir/recover-20221013/UBNA_001/20221012_030000.WAV,Telephone Field,recover-20221013,001,1795
1537.3815,1537.4208,68437,82544,Rhinolophus ferrumequinum,0.025,0.025,-1,Echolocation,/mnt/ubna_data_02_mir/recover-20221013/UBNA_001/20221012_030000.WAV,Telephone Field,recover-20221013,001,1795
1537.4115,1537.4486,68437,81587,Rhinolophus ferrumequinum,0.022,0.022,-1,Echolocation,/mnt/ubna_data_02_mir/recover-20221013/UBNA_001/20221012_030000.WAV,Telephone Field,recover-20221013,001,1795
1537.4285,1537.4664,68437,81895,Rhinolophus ferrumequinum,0.039,0.039,-1,Echolocation,/mnt/ubna_data_02_mir/recover-20221013/UBNA_001/20221012_030000.WAV,Telephone Field,recover-20221013,001,1795
1537.4525,1537.4619,22890,29787,Plecotus austriacus,0.007,0.025,-1,Echolocation,/mnt/ubna_data_02_mir/recover-20221013/UBNA_001/20221012_030000.WAV,Telephone Field,recover-20221013,001,1795
1537.4765,1537.5155,68437,82503,Rhinolophus ferrumequinum,0.021,0.021,-1,Echolocation,/mnt/ubna_data_02_mir/recover-20221013/UBNA_001/20221012_030000.WAV,Telephone Field,recover-20221013,001,1795
1537.4805,1537.4873,49531,54021,Pipistrellus pipistrellus,0.019,0.021,-1,Echolocation,/mnt/ubna_data_02_mir/recover-20221013/UBNA_001/20221012_030000.WAV,Telephone Field,recover-20221013,001,1795
1537.4905,1537.4973,28046,39554,Eptesicus serotinus,0.007,0.023,-1,Echolocation,/mnt/ubna_data_02_mir/recover-20221013/UBNA_001/20221012_030000.WAV,Telephone Field,recover-20221013,001,1795
1537.4975,1537.536,68437,82674,Rhinolophus ferrumequinum,0.023,0.023,-1,Echolocation,/mnt/ubna_data_02_mir/recover-20221013/UBNA_001/20221012_030000.WAV,Telephone Field,recover-20221013,001,1795
1537.5075,1537.5164,28906,37148,Eptesicus serotinus,0.008,0.021,-1,Echolocation,/mnt/ubna_data_02_mir/recover-20221013/UBNA_001/20221012_030000.WAV,Telephone Field,recover-20221013,001,1795
1537.5425,1537.5804,68437,81582,Rhinolophus ferrumequinum,0.024,0.024,-1,Echolocation,/mnt/ubna_data_02_mir/recover-20221013/UBNA_001/20221012_030000.WAV,Telephone Field,recover-20221013,001,1795
1537.5605,1537.6014,68437,82553,Rhinolophus ferrumequinum,0.033,0.033,-1,Echolocation,/mnt/ubna_data_02_mir/recover-20221013/UBNA_001/20221012_030000.WAV,Telephone Field,recover-20221013,001,1795
1537.5645,1537.5729,28046,39404,Eptesicus serotinus,0.008,0.022,-1,Echolocation,/mnt/ubna_data_02_mir/recover-20221013/UBNA_001/20221012_030000.WAV,Telephone Field,recover-20221013,001,1795
1537.6095,1537.6492,68437,82560,Rhinolophus ferrumequinum,0.033,0.034,-1,Echolocation,/mnt/ubna_data_02_mir/recover-20221013/UBNA_001/20221012_030000.WAV,Telephone Field,recover-20221013,001,1795
1537.6245,1537.6353,23750,30188,Nyctalus leisleri,0.01,0.023,-1,Echolocation,/mnt/ubna_data_02_mir/recover-20221013/UBNA_001/20221012_030000.WAV,Telephone Field,recover-20221013,001,1795
1537.6485,1537.6553,23750,35746,Plecotus austriacus,0.015,0.032,-1,Echolocation,/mnt/ubna_data_02_mir/recover-20221013/UBNA_001/20221012_030000.WAV,Telephone Field,recover-20221013,001,1795
1537.6765,1537.7171,68437,82665,Rhinolophus ferrumequinum,0.024,0.024,-1,Echolocation,/mnt/ubna_data_02_mir/recover-20221013/UBNA_001/20221012_030000.WAV,Telephone Field,recover-20221013,001,1795
1537.7125,1537.7201,31484,42887,Myotis daubentonii,0.008,0.025,-1,Echolocation,/mnt/ubna_data_02_mir/recover-20221013/UBNA_001/20221012_030000.WAV,Telephone Field,recover-20221013,001,1795
1537.7295,1537.7393,28906,36267,Eptesicus serotinus,0.008,0.021,-1,Echolocation,/mnt/ubna_data_02_mir/recover-20221013/UBNA_001/20221012_030000.WAV,Telephone Field,recover-20221013,001,1795
1537.7435,1537.7835,68437,82457,Rhinolophus ferrumequinum,0.03,0.03,-1,Echolocation,/mnt/ubna_data_02_mir/recover-20221013/UBNA_001/20221012_030000.WAV,Telephone Field,recover-20221013,001,1795
1537.7755,1537.8184,68437,83572,Rhinolophus ferrumequinum,0.036,0.036,-1,Echolocation,/mnt/ubna_data_02_mir/recover-20221013/UBNA_001/20221012_030000.WAV,Telephone Field,recover-20221013,001,1795
1537.8065,1537.8189,22890,27151,Nyctalus leisleri,0.014,0.025,-1,Echolocation,/mnt/ubna_data_02_mir/recover-20221013/UBNA_001/20221012_030000.WAV,Telephone Field,recover-20221013,001,1795
1537.8305,1537.8754,68437,82907,Rhinolophus ferrumequinum,0.047,0.047,-1,Echolocation,/mnt/ubna_data_02_mir/recover-20221013/UBNA_001/20221012_030000.WAV,Telephone Field,recover-20221013,001,1795
1537.8575,1537.9004,68437,83074,Rhinolophus ferrumequinum,0.027,0.027,-1,Echolocation,/mnt/ubna_data_02_mir/recover-20221013/UBNA_001/20221012_030000.WAV,Telephone Field,recover-20221013,001,1795
1537.8645,1537.8747,22890,28626,Nyctalus leisleri,0.009,0.021,-1,Echolocation,/mnt/ubna_data_02_mir/recover-20221013/UBNA_001/20221012_030000.WAV,Telephone Field,recover-20221013,001,1795
1537.8825,1537.9218,68437,82466,Rhinolophus ferrumequinum,0.025,0.025,-1,Echolocation,/mnt/ubna_data_02_mir/recover-20221013/UBNA_001/20221012_030000.WAV,Telephone Field,recover-20221013,001,1795
1537.9045,1537.9411,68437,82033,Rhinolophus ferrumequinum,0.024,0.024,-1,Echolocation,/mnt/ubna_data_02_mir/recover-20221013/UBNA_001/20221012_030000.WAV,Telephone Field,recover-20221013,001,1795
1537.9215,1537.9612,68437,82017,Rhinolophus ferrumequinum,0.026,0.026,-1,Echolocation,/mnt/ubna_data_02_mir/recover-20221013/UBNA_001/20221012_030000.WAV,Telephone Field,recover-20221013,001,1795
1537.9585,1537.9963,68437,81618,Rhinolophus ferrumequinum,0.024,0.024,-1,Echolocation,/mnt/ubna_data_02_mir/recover-20221013/UBNA_001/20221012_030000.WAV,Telephone Field,recover-20221013,001,1795
1537.9685,1537.9805,23750,28607,Nyctalus leisleri,0.017,0.034,-1,Echolocation,/mnt/ubna_data_02_mir/recover-20221013/UBNA_001/20221012_030000.WAV,Telephone Field,recover-20221013,001,1795
1538.0015,1538.0113,47812,54050,Pipistrellus pipistrellus,0.02,0.027,-1,Echolocation,/mnt/ubna_data_02_mir/recover-20221013/UBNA_001/20221012_030000.WAV,Telephone Field,recover-20221013,001,1795
1538.0015,1538.012,22890,28753,Nyctalus leisleri,0.018,0.044,-1,Echolocation,/mnt/ubna_data_02_mir/recover-20221013/UBNA_001/20221012_030000.WAV,Telephone Field,recover-20221013,001,1795
1538.0425,1538.0837,68437,82549,Rhinolophus ferrumequinum,0.024,0.024,-1,Echolocation,/mnt/ubna_data_02_mir/recover-20221013/UBNA_001/20221012_030000.WAV,Telephone Field,recover-20221013,001,1795
1538.0485,1538.0577,28046,36199,Eptesicus serotinus,0.009,0.023,-1,Echolocation,/mnt/ubna_data_02_mir/recover-20221013/UBNA_001/20221012_030000.WAV,Telephone Field,recover-20221013,001,1795
1538.0635,1538.0706,33203,44394,Myotis daubentonii,0.013,0.03,-1,Echolocation,/mnt/ubna_data_02_mir/recover-20221013/UBNA_001/20221012_030000.WAV,Telephone Field,recover-20221013,001,1795
1538.0685,1538.0865,21171,25147,Nyctalus noctula,0.043,0.09,-1,Echolocation,/mnt/ubna_data_02_mir/recover-20221013/UBNA_001/20221012_030000.WAV,Telephone Field,recover-20221013,001,1795
1538.1225,1538.1614,68437,82416,Rhinolophus ferrumequinum,0.03,0.03,-1,Echolocation,/mnt/ubna_data_02_mir/recover-20221013/UBNA_001/20221012_030000.WAV,Telephone Field,recover-20221013,001,1795
1538.1405,1538.18,68437,82310,Rhinolophus ferrumequinum,0.022,0.023,-1,Echolocation,/mnt/ubna_data_02_mir/recover-20221013/UBNA_001/20221012_030000.WAV,Telephone Field,recover-20221013,001,1795
1538.1515,1538.1593,28906,40711,Eptesicus serotinus,0.008,0.025,-1,Echolocation,/mnt/ubna_data_02_mir/recover-20221013/UBNA_001/20221012_030000.WAV,Telephone Field,recover-20221013,001,1795
1538.1575,1538.2008,68437,83268,Rhinolophus ferrumequinum,0.031,0.031,-1,Echolocation,/mnt/ubna_data_02_mir/recover-20221013/UBNA_001/20221012_030000.WAV,Telephone Field,recover-20221013,001,1795
1538.1885,1538.1969,48671,54917,Pipistrellus pipistrellus,0.021,0.023,-1,Echolocation,/mnt/ubna_data_02_mir/recover-20221013/UBNA_001/20221012_030000.WAV,Telephone Field,recover-20221013,001,1795
1538.2195,1538.2608,68437,82352,Rhinolophus ferrumequinum,0.022,0.022,-1,Echolocation,/mnt/ubna_data_02_mir/recover-20221013/UBNA_001/20221012_030000.WAV,Telephone Field,recover-20221013,001,1795
1538.2525,1538.2967,68437,83076,Rhinolophus ferrumequinum,0.038,0.038,-1,Echolocation,/mnt/ubna_data_02_mir/recover-20221013/UBNA_001/20221012_030000.WAV,Telephone Field,recover-20221013,001,1795
1538.2555,1538.2666,30625,37859,Eptesicus serotinus,0.017,0.034,-1,Echolocation,/mnt/ubna_data_02_mir/recover-20221013/UBNA_001/20221012_030000.WAV,Telephone Field,recover-20221013,001,1795
1538.2785,1538.317,68437,81553,Rhinolophus ferrumequinum,0.022,0.022,-1,Echolocation,/mnt/ubna_data_02_mir/recover-20221013/UBNA_001/20221012_030000.WAV,Telephone Field,recover-20221013,001,1795
1538.2875,1538.3239,68437,81691,Rhinolophus ferrumequinum,0.022,0.022,-1,Echolocation,/mnt/ubna_data_02_mir/recover-20221013/UBNA_001/20221012_030000.WAV,Telephone Field,recover-20221013,001,1795
1538.3115,1538.3219,23750,31022,Nyctalus leisleri,0.009,0.025,-1,Echolocation,/mnt/ubna_data_02_mir/recover-20221013/UBNA_001/20221012_030000.WAV,Telephone Field,recover-20221013,001,1795
1538.3135,1538.3531,68437,81932,Rhinolophus ferrumequinum,0.026,0.026,-1,Echolocation,/mnt/ubna_data_02_mir/recover-20221013/UBNA_001/20221012_030000.WAV,Telephone Field,recover-20221013,001,1795
1538.3295,1538.3404,29765,37282,Eptesicus serotinus,0.011,0.024,-1,Echolocation,/mnt/ubna_data_02_mir/recover-20221013/UBNA_001/20221012_030000.WAV,Telephone Field,recover-20221013,001,1795
1538.3415,1538.3808,68437,82656,Rhinolophus ferrumequinum,0.033,0.033,-1,Echolocation,/mnt/ubna_data_02_mir/recover-20221013/UBNA_001/20221012_030000.WAV,Telephone Field,recover-20221013,001,1795
1538.3615,1538.3991,68437,82219,Rhinolophus ferrumequinum,0.023,0.023,-1,Echolocation,/mnt/ubna_data_02_mir/recover-20221013/UBNA_001/20221012_030000.WAV,Telephone Field,recover-20221013,001,1795
1538.3975,1538.4081,25468,31426,Nyctalus leisleri,0.013,0.031,-1,Echolocation,/mnt/ubna_data_02_mir/recover-20221013/UBNA_001/20221012_030000.WAV,Telephone Field,recover-20221013,001,1795
1538.4375,1538.4502,23750,29046,Nyctalus leisleri,0.024,0.053,-1,Echolocation,/mnt/ubna_data_02_mir/recover-20221013/UBNA_001/20221012_030000.WAV,Telephone Field,recover-20221013,001,1795
1538.4395,1538.4802,68437,82542,Rhinolophus ferrumequinum,0.022,0.022,-1,Echolocation,/mnt/ubna_data_02_mir/recover-20221013/UBNA_001/20221012_030000.WAV,Telephone Field,recover-20221013,001,1795
1538.4825,1538.4936,22890,27390,Nyctalus leisleri,0.012,0.023,-1,Echolocation,/mnt/ubna_data_02_mir/recover-20221013/UBNA_001/20221012_030000.WAV,Telephone Field,recover-20221013,001,1795
1538.5605,1538.5714,22890,28028,Nyctalus leisleri,0.011,0.024,-1,Echolocation,/mnt/ubna_data_02_mir/recover-20221013/UBNA_001/20221012_030000.WAV,Telephone Field,recover-20221013,001,1795
1538.6385,1538.6759,68437,82011,Rhinolophus ferrumequinum,0.022,0.022,-1,Echolocation,/mnt/ubna_data_02_mir/recover-20221013/UBNA_001/20221012_030000.WAV,Telephone Field,recover-20221013,001,1795
1538.6435,1538.6527,28906,36556,Eptesicus serotinus,0.008,0.022,-1,Echolocation,/mnt/ubna_data_02_mir/recover-20221013/UBNA_001/20221012_030000.WAV,Telephone Field,recover-20221013,001,1795
1538.6555,1538.6992,68437,83703,Rhinolophus ferrumequinum,0.026,0.026,-1,Echolocation,/mnt/ubna_data_02_mir/recover-20221013/UBNA_001/20221012_030000.WAV,Telephone Field,recover-20221013,001,1795
1538.6635,1538.6737,28046,37149,Eptesicus serotinus,0.015,0.033,-1,Echolocation,/mnt/ubna_data_02_mir/recover-20221013/UBNA_001/20221012_030000.WAV,Telephone Field,recover-20221013,001,1795
1538.6745,1538.7131,68437,82287,Rhinolophus ferrumequinum,0.022,0.022,-1,Echolocation,/mnt/ubna_data_02_mir/recover-20221013/UBNA_001/20221012_030000.WAV,Telephone Field,recover-20221013,001,1795
1538.6805,1538.7167,68437,81850,Rhinolophus ferrumequinum,0.022,0.022,-1,Echolocation,/mnt/ubna_data_02_mir/recover-20221013/UBNA_001/20221012_030000.WAV,Telephone Field,recover-20221013,001,1795
1538.6915,1538.7004,26328,35956,Eptesicus serotinus,0.009,0.022,-1,Echolocation,/mnt/ubna_data_02_mir/recover-20221013/UBNA_001/20221012_030000.WAV,Telephone Field,recover-20221013,001,1795
1538.7235,1538.7631,68437,81782,Rhinolophus ferrumequinum,0.025,0.025,-1,Echolocation,/mnt/ubna_data_02_mir/recover-20221013/UBNA_001/20221012_030000.WAV,Telephone Field,recover-20221013,001,1795
1538.7935,1538.804,23750,30437,Nyctalus leisleri,0.009,0.027,-1,Echolocation,/mnt/ubna_data_02_mir/recover-20221013/UBNA_001/20221012_030000.WAV,Telephone Field,recover-20221013,001,1795
1538.8405,1538.8495,28046,38326,Eptesicus serotinus,0.008,0.022,-1,Echolocation,/mnt/ubna_data_02_mir/recover-20221013/UBNA_001/20221012_030000.WAV,Telephone Field,recover-20221013,001,1795
1538.8565,1538.8727,21171,24888,Nyctalus leisleri,0.015,0.027,-1,Echolocation,/mnt/ubna_data_02_mir/recover-20221013/UBNA_001/20221012_030000.WAV,Telephone Field,recover-20221013,001,1795
1538.8825,1538.8896,28046,38813,Eptesicus serotinus,0.008,0.028,-1,Echolocation,/mnt/ubna_data_02_mir/recover-20221013/UBNA_001/20221012_030000.WAV,Telephone Field,recover-20221013,001,1795
1538.8935,1538.9302,68437,81456,Rhinolophus ferrumequinum,0.024,0.024,-1,Echolocation,/mnt/ubna_data_02_mir/recover-20221013/UBNA_001/20221012_030000.WAV,Telephone Field,recover-20221013,001,1795
1538.9275,1538.9634,68437,81269,Rhinolophus ferrumequinum,0.023,0.023,-1,Echolocation,/mnt/ubna_data_02_mir/recover-20221013/UBNA_001/20221012_030000.WAV,Telephone Field,recover-20221013,001,1795
1538.9365,1538.9458,27187,36084,Eptesicus serotinus,0.01,0.024,-1,Echolocation,/mnt/ubna_data_02_mir/recover-20221013/UBNA_001/20221012_030000.WAV,Telephone Field,recover-20221013,001,1795
1538.9415,1538.9523,22890,28076,Nyctalus leisleri,0.011,0.023,-1,Echolocation,/mnt/ubna_data_02_mir/recover-20221013/UBNA_001/20221012_030000.WAV,Telephone Field,recover-20221013,001,1795
1538.9565,1538.9946,68437,82002,Rhinolophus ferrumequinum,0.024,0.024,-1,Echolocation,/mnt/ubna_data_02_mir/recover-20221013/UBNA_001/20221012_030000.WAV,Telephone Field,recover-20221013,001,1795
1538.9945,1539.0042,25468,33758,Eptesicus serotinus,0.011,0.026,-1,Echolocation,/mnt/ubna_data_02_mir/recover-20221013/UBNA_001/20221012_030000.WAV,Telephone Field,recover-20221013,001,1795
1539.0425,1539.0817,68437,82509,Rhinolophus ferrumequinum,0.022,0.022,-1,Echolocation,/mnt/ubna_data_02_mir/recover-20221013/UBNA_001/20221012_030000.WAV,Telephone Field,recover-20221013,001,1795
1539.0675,1539.0842,20312,24008,Nyctalus leisleri,0.015,0.028,-1,Echolocation,/mnt/ubna_data_02_mir/recover-20221013/UBNA_001/20221012_030000.WAV,Telephone Field,recover-20221013,001,1795
1539.0735,1539.115,68437,82717,Rhinolophus ferrumequinum,0.023,0.023,-1,Echolocation,/mnt/ubna_data_02_mir/recover-20221013/UBNA_001/20221012_030000.WAV,Telephone Field,recover-20221013,001,1795
1539.1595,1539.1973,68437,82077,Rhinolophus ferrumequinum,0.023,0.023,-1,Echolocation,/mnt/ubna_data_02_mir/recover-20221013/UBNA_001/20221012_030000.WAV,Telephone Field,recover-20221013,001,1795
1539.1645,1539.1727,26328,36123,Eptesicus serotinus,0.013,0.031,-1,Echolocation,/mnt/ubna_data_02_mir/recover-20221013/UBNA_001/20221012_030000.WAV,Telephone Field,recover-20221013,001,1795
1539.2045,1539.2415,68437,81933,Rhinolophus ferrumequinum,0.022,0.022,-1,Echolocation,/mnt/ubna_data_02_mir/recover-20221013/UBNA_001/20221012_030000.WAV,Telephone Field,recover-20221013,001,1795
1539.2395,1539.2477,28046,40147,Eptesicus serotinus,0.009,0.025,-1,Echolocation,/mnt/ubna_data_02_mir/recover-20221013/UBNA_001/20221012_030000.WAV,Telephone Field,recover-20221013,001,1795
1539.2825,1539.2917,28046,37494,Eptesicus serotinus,0.008,0.021,-1,Echolocation,/mnt/ubna_data_02_mir/recover-20221013/UBNA_001/20221012_030000.WAV,Telephone Field,recover-20221013,001,1795
1539.2995,1539.3092,22890,29034,Nyctalus leisleri,0.009,0.022,-1,Echolocation,/mnt/ubna_data_02_mir/recover-20221013/UBNA_001/20221012_030000.WAV,Telephone Field,recover-20221013,001,1795
1539.3305,1539.3705,68437,82343,Rhinolophus ferrumequinum,0.025,0.025,-1,Echolocation,/mnt/ubna_data_02_mir/recover-20221013/UBNA_001/20221012_030000.WAV,Telephone Field,recover-20221013,001,1795
1539.3415,1539.3815,68437,82346,Rhinolophus ferrumequinum,0.033,0.033,-1,Echolocation,/mnt/ubna_data_02_mir/recover-20221013/UBNA_001/20221012_030000.WAV,Telephone Field,recover-20221013,001,1795
1539.3545,1539.3965,68437,82607,Rhinolophus ferrumequinum,0.023,0.023,-1,Echolocation,/mnt/ubna_data_02_mir/recover-20221013/UBNA_001/20221012_030000.WAV,Telephone Field,recover-20221013,001,1795
1539.3635,1539.3713,28046,37676,Eptesicus serotinus,0.008,0.027,-1,Echolocation,/mnt/ubna_data_02_mir/recover-20221013/UBNA_001/20221012_030000.WAV,Telephone Field,recover-20221013,001,1795
1539.3635,1539.3724,33203,39400,Myotis daubentonii,0.006,0.022,-1,Echolocation,/mnt/ubna_data_02_mir/recover-20221013/UBNA_001/20221012_030000.WAV,Telephone Field,recover-20221013,001,1795
1539.3745,1539.4123,68437,81874,Rhinolophus ferrumequinum,0.021,0.022,-1,Echolocation,/mnt/ubna_data_02_mir/recover-20221013/UBNA_001/20221012_030000.WAV,Telephone Field,recover-20221013,001,1795
1539.3945,1539.4347,68437,82069,Rhinolophus ferrumequinum,0.024,0.024,-1,Echolocation,/mnt/ubna_data_02_mir/recover-20221013/UBNA_001/20221012_030000.WAV,Telephone Field,recover-20221013,001,1795
1539.4035,1539.4142,22031,26425,Nyctalus leisleri,0.011,0.022,-1,Echolocation,/mnt/ubna_data_02_mir/recover-20221013/UBNA_001/20221012_030000.WAV,Telephone Field,recover-20221013,001,1795
1539.4745,1539.4823,50390,54767,Pipistrellus pipistrellus,0.021,0.024,-1,Echolocation,/mnt/ubna_data_02_mir/recover-20221013/UBNA_001/20221012_030000.WAV,Telephone Field,recover-20221013,001,1795
1539.4745,1539.486,26328,34112,Eptesicus serotinus,0.011,0.026,-1,Echolocation,/mnt/ubna_data_02_mir/recover-20221013/UBNA_001/20221012_030000.WAV,Telephone Field,recover-20221013,001,1795
1539.4805,1539.5212,68437,82630,Rhinolophus ferrumequinum,0.022,0.022,-1,Echolocation,/mnt/ubna_data_02_mir/recover-20221013/UBNA_001/20221012_030000.WAV,Telephone Field,recover-20221013,001,1795
1539.4815,1539.4923,23750,29912,Nyctalus leisleri,0.012,0.026,-1,Echolocation,/mnt/ubna_data_02_mir/recover-20221013/UBNA_001/20221012_030000.WAV,Telephone Field,recover-20221013,001,1795
1539.5395,1539.5798,68437,82411,Rhinolophus ferrumequinum,0.023,0.023,-1,Echolocation,/mnt/ubna_data_02_mir/recover-20221013/UBNA_001/20221012_030000.WAV,Telephone Field,recover-20221013,001,1795
1539.5475,1539.5877,68437,82377,Rhinolophus ferrumequinum,0.023,0.023,-1,Echolocation,/mnt/ubna_data_02_mir/recover-20221013/UBNA_001/20221012_030000.WAV,Telephone Field,recover-20221013,001,1795
1539.5505,1539.5594,27187,39167,Eptesicus serotinus,0.009,0.022,-1,Echolocation,/mnt/ubna_data_02_mir/recover-20221013/UBNA_001/20221012_030000.WAV,Telephone Field,recover-20221013,001,1795
1539.5555,1539.5954,68437,82887,Rhinolophus ferrumequinum,0.025,0.026,-1,Echolocation,/mnt/ubna_data_02_mir/recover-20221013/UBNA_001/20221012_030000.WAV,Telephone Field,recover-20221013,001,1795
1539.5905,1539.6018,37500,42170,Pipistrellus nathusii,0.009,0.022,-1,Echolocation,/mnt/ubna_data_02_mir/recover-20221013/UBNA_001/20221012_030000.WAV,Telephone Field,recover-20221013,001,1795
1539.6185,1539.627,28046,37676,Eptesicus serotinus,0.008,0.023,-1,Echolocation,/mnt/ubna_data_02_mir/recover-20221013/UBNA_001/20221012_030000.WAV,Telephone Field,recover-20221013,001,1795
1539.6315,1539.6738,68437,83127,Rhinolophus ferrumequinum,0.033,0.033,-1,Echolocation,/mnt/ubna_data_02_mir/recover-20221013/UBNA_001/20221012_030000.WAV,Telephone Field,recover-20221013,001,1795
1539.6395,1539.6491,24609,32546,Eptesicus serotinus,0.008,0.025,-1,Echolocation,/mnt/ubna_data_02_mir/recover-20221013/UBNA_001/20221012_030000.WAV,Telephone Field,recover-20221013,001,1795
1539.6445,1539.6847,68437,82463,Rhinolophus ferrumequinum,0.024,0.024,-1,Echolocation,/mnt/ubna_data_02_mir/recover-20221013/UBNA_001/20221012_030000.WAV,Telephone Field,recover-20221013,001,1795
1539.6515,1539.6659,23750,28466,Nyctalus leisleri,0.02,0.043,-1,Echolocation,/mnt/ubna_data_02_mir/recover-20221013/UBNA_001/20221012_030000.WAV,Telephone Field,recover-20221013,001,1795
1539.6655,1539.6756,28906,38061,Eptesicus serotinus,0.014,0.031,-1,Echolocation,/mnt/ubna_data_02_mir/recover-20221013/UBNA_001/20221012_030000.WAV,Telephone Field,recover-20221013,001,1795
1539.7095,1539.7202,23750,29770,Nyctalus leisleri,0.014,0.032,-1,Echolocation,/mnt/ubna_data_02_mir/recover-20221013/UBNA_001/20221012_030000.WAV,Telephone Field,recover-20221013,001,1795
1539.7325,1539.7708,68437,82150,Rhinolophus ferrumequinum,0.022,0.022,-1,Echolocation,/mnt/ubna_data_02_mir/recover-20221013/UBNA_001/20221012_030000.WAV,Telephone Field,recover-20221013,001,1795
1539.7465,1539.7562,26328,35443,Eptesicus serotinus,0.01,0.023,-1,Echolocation,/mnt/ubna_data_02_mir/recover-20221013/UBNA_001/20221012_030000.WAV,Telephone Field,recover-20221013,001,1795
1539.7745,1539.8148,68437,82206,Rhinolophus ferrumequinum,0.022,0.022,-1,Echolocation,/mnt/ubna_data_02_mir/recover-20221013/UBNA_001/20221012_030000.WAV,Telephone Field,recover-20221013,001,1795
1539.8035,1539.811,28046,39159,Eptesicus serotinus,0.007,0.024,-1,Echolocation,/mnt/ubna_data_02_mir/recover-20221013/UBNA_001/20221012_030000.WAV,Telephone Field,recover-20221013,001,1795
1539.8545,1539.8913,68437,82399,Rhinolophus ferrumequinum,0.023,0.023,-1,Echolocation,/mnt/ubna_data_02_mir/recover-20221013/UBNA_001/20221012_030000.WAV,Telephone Field,recover-20221013,001,1795
1539.8705,1539.9124,68437,82828,Rhinolophus ferrumequinum,0.022,0.022,-1,Echolocation,/mnt/ubna_data_02_mir/recover-20221013/UBNA_001/20221012_030000.WAV,Telephone Field,recover-20221013,001,1795
1539.9075,1539.9164,28046,38420,Eptesicus serotinus,0.008,0.022,-1,Echolocation,/mnt/ubna_data_02_mir/recover-20221013/UBNA_001/20221012_030000.WAV,Telephone Field,recover-20221013,001,1795
1539.9155,1539.9559,68437,82227,Rhinolophus ferrumequinum,0.024,0.024,-1,Echolocation,/mnt/ubna_data_02_mir/recover-20221013/UBNA_001/20221012_030000.WAV,Telephone Field,recover-20221013,001,1795
1539.9235,1539.9348,22031,25903,Nyctalus leisleri,0.013,0.023,-1,Echolocation,/mnt/ubna_data_02_mir/recover-20221013/UBNA_001/20221012_030000.WAV,Telephone Field,recover-20221013,001,1795
1539.9555,1539.9901,68437,81203,Rhinolophus ferrumequinum,0.022,0.022,-1,Echolocation,/mnt/ubna_data_02_mir/recover-20221013/UBNA_001/20221012_030000.WAV,Telephone Field,recover-20221013,001,1795
1540.0015,1540.0104,26328,36550,Eptesicus serotinus,0.007,0.027,-1,Echolocation,/mnt/ubna_data_02_mir/recover-20221013/UBNA_001/20221012_030000.WAV,Telephone Field,recover-20221013,001,1795
1540.0015,1540.0326,69296,81244,Rhinolophus ferrumequinum,0.024,0.024,-1,Echolocation,/mnt/ubna_data_02_mir/recover-20221013/UBNA_001/20221012_030000.WAV,Telephone Field,recover-20221013,001,1795
1540.0015,1540.0113,21171,26844,Nyctalus leisleri,0.009,0.025,-1,Echolocation,/mnt/ubna_data_02_mir/recover-20221013/UBNA_001/20221012_030000.WAV,Telephone Field,recover-20221013,001,1795
1540.0095,1540.0525,68437,81419,Rhinolophus ferrumequinum,0.029,0.029,-1,Echolocation,/mnt/ubna_data_02_mir/recover-20221013/UBNA_001/20221012_030000.WAV,Telephone Field,recover-20221013,001,1795
1540.0205,1540.0624,68437,83745,Rhinolophus ferrumequinum,0.029,0.029,-1,Echolocation,/mnt/ubna_data_02_mir/recover-20221013/UBNA_001/20221012_030000.WAV,Telephone Field,recover-20221013,001,1795
1540.0285,1540.071,68437,83287,Rhinolophus ferrumequinum,0.029,0.029,-1,Echolocation,/mnt/ubna_data_02_mir/recover-20221013/UBNA_001/20221012_030000.WAV,Telephone Field,recover-20221013,001,1795
1540.0355,1540.0767,68437,83089,Rhinolophus ferrumequinum,0.034,0.034,-1,Echolocation,/mnt/ubna_data_02_mir/recover-20221013/UBNA_001/20221012_030000.WAV,Telephone Field,recover-20221013,001,1795
1540.1025,1540.1414,68437,82175,Rhinolophus ferrumequinum,0.025,0.025,-1,Echolocation,/mnt/ubna_data_02_mir/recover-20221013/UBNA_001/20221012_030000.WAV,Telephone Field,recover-20221013,001,1795
1540.1105,1540.1475,68437,81903,Rhinolophus ferrumequinum,0.022,0.022,-1,Echolocation,/mnt/ubna_data_02_mir/recover-20221013/UBNA_001/20221012_030000.WAV,Telephone Field,recover-20221013,001,1795
1540.1125,1540.1244,22890,27691,Nyctalus leisleri,0.021,0.041,-1,Echolocation,/mnt/ubna_data_02_mir/recover-20221013/UBNA_001/20221012_030000.WAV,Telephone Field,recover-20221013,001,1795
1540.1355,1540.1479,22031,25612,Nyctalus leisleri,0.015,0.024,-1,Echolocation,/mnt/ubna_data_02_mir/recover-20221013/UBNA_001/20221012_030000.WAV,Telephone Field,recover-20221013,001,1795
1540.1545,1540.1934,68437,81998,Rhinolophus ferrumequinum,0.026,0.026,-1,Echolocation,/mnt/ubna_data_02_mir/recover-20221013/UBNA_001/20221012_030000.WAV,Telephone Field,recover-20221013,001,1795
1540.1675,1540.2076,68437,82935,Rhinolophus ferrumequinum,0.025,0.025,-1,Echolocation,/mnt/ubna_data_02_mir/recover-20221013/UBNA_001/20221012_030000.WAV,Telephone Field,recover-20221013,001,1795
1540.1755,1540.214,68437,82415,Rhinolophus ferrumequinum,0.026,0.026,-1,Echolocation,/mnt/ubna_data_02_mir/recover-20221013/UBNA_001/20221012_030000.WAV,Telephone Field,recover-20221013,001,1795
1540.2005,1540.2128,26328,31187,Nyctalus leisleri,0.023,0.054,-1,Echolocation,/mnt/ubna_data_02_mir/recover-20221013/UBNA_001/20221012_030000.WAV,Telephone Field,recover-20221013,001,1795
1540.2385,1540.2771,68437,82940,Rhinolophus ferrumequinum,0.026,0.026,-1,Echolocation,/mnt/ubna_data_02_mir/recover-20221013/UBNA_001/20221012_030000.WAV,Telephone Field,recover-20221013,001,1795
1540.2475,1540.288,68437,82479,Rhinolophus ferrumequinum,0.024,0.024,-1,Echolocation,/mnt/ubna_data_02_mir/recover-20221013/UBNA_001/20221012_030000.WAV,Telephone Field,recover-20221013,001,1795
1540.2485,1540.2592,22890,27228,Nyctalus leisleri,0.012,0.022,-1,Echolocation,/mnt/ubna_data_02_mir/recover-20221013/UBNA_001/20221012_030000.WAV,Telephone Field,recover-20221013,001,1795
1540.2595,1540.2996,68437,82763,Rhinolophus ferrumequinum,0.025,0.025,-1,Echolocation,/mnt/ubna_data_02_mir/recover-20221013/UBNA_001/20221012_030000.WAV,Telephone Field,recover-20221013,001,1795
1540.2695,1540.3103,68437,82665,Rhinolophus ferrumequinum,0.023,0.023,-1,Echolocation,/mnt/ubna_data_02_mir/recover-20221013/UBNA_001/20221012_030000.WAV,Telephone Field,recover-20221013,001,1795
1540.2765,1540.3156,68437,82497,Rhinolophus ferrumequinum,0.024,0.024,-1,Echolocation,/mnt/ubna_data_02_mir/recover-20221013/UBNA_001/20221012_030000.WAV,Telephone Field,recover-20221013,001,1795
1540.3125,1540.3225,22890,29241,Nyctalus leisleri,0.008,0.023,-1,Echolocation,/mnt/ubna_data_02_mir/recover-20221013/UBNA_001/20221012_030000.WAV,Telephone Field,recover-20221013,001,1795
1540.3135,1540.3527,68437,81442,Rhinolophus ferrumequinum,0.026,0.027,-1,Echolocation,/mnt/ubna_data_02_mir/recover-20221013/UBNA_001/20221012_030000.WAV,Telephone Field,recover-20221013,001,1795
1540.3495,1540.3887,68437,82357,Rhinolophus ferrumequinum,0.028,0.028,-1,Echolocation,/mnt/ubna_data_02_mir/recover-20221013/UBNA_001/20221012_030000.WAV,Telephone Field,recover-20221013,001,1795
1540.3735,1540.4165,68437,83440,Rhinolophus ferrumequinum,0.03,0.03,-1,Echolocation,/mnt/ubna_data_02_mir/recover-20221013/UBNA_001/20221012_030000.WAV,Telephone Field,recover-20221013,001,1795
1540.4125,1540.4535,68437,82782,Rhinolophus ferrumequinum,0.024,0.024,-1,Echolocation,/mnt/ubna_data_02_mir/recover-20221013/UBNA_001/20221012_030000.WAV,Telephone Field,recover-20221013,001,1795
1540.4295,1540.4713,68437,82799,Rhinolophus ferrumequinum,0.031,0.031,-1,Echolocation,/mnt/ubna_data_02_mir/recover-20221013/UBNA_001/20221012_030000.WAV,Telephone Field,recover-20221013,001,1795
1540.4585,1540.4972,68437,82203,Rhinolophus ferrumequinum,0.022,0.022,-1,Echolocation,/mnt/ubna_data_02_mir/recover-20221013/UBNA_001/20221012_030000.WAV,Telephone Field,recover-20221013,001,1795
1540.4685,1540.4769000000001,27187,38178,Eptesicus serotinus,0.008,0.025,-1,Echolocation,/mnt/ubna_data_02_mir/recover-20221013/UBNA_001/20221012_030000.WAV,Telephone Field,recover-20221013,001,1795
1540.4865,1540.525,68437,81291,Rhinolophus ferrumequinum,0.022,0.022,-1,Echolocation,/mnt/ubna_data_02_mir/recover-20221013/UBNA_001/20221012_030000.WAV,Telephone Field,recover-20221013,001,1795
1540.4985,1540.5059,27187,44752,Eptesicus serotinus,0.007,0.023,-1,Echolocation,/mnt/ubna_data_02_mir/recover-20221013/UBNA_001/20221012_030000.WAV,Telephone Field,recover-20221013,001,1795
1540.5265,1540.5672,68437,82576,Rhinolophus ferrumequinum,0.027,0.027,-1,Echolocation,/mnt/ubna_data_02_mir/recover-20221013/UBNA_001/20221012_030000.WAV,Telephone Field,recover-20221013,001,1795
1540.5755,1540.6143,68437,82547,Rhinolophus ferrumequinum,0.026,0.026,-1,Echolocation,/mnt/ubna_data_02_mir/recover-20221013/UBNA_001/20221012_030000.WAV,Telephone Field,recover-20221013,001,1795
1540.5915,1540.5997,28906,39718,Eptesicus serotinus,0.008,0.022,-1,Echolocation,/mnt/ubna_data_02_mir/recover-20221013/UBNA_001/20221012_030000.WAV,Telephone Field,recover-20221013,001,1795
1540.6065,1540.6462,68437,81666,Rhinolophus ferrumequinum,0.023,0.023,-1,Echolocation,/mnt/ubna_data_02_mir/recover-20221013/UBNA_001/20221012_030000.WAV,Telephone Field,recover-20221013,001,1795
1540.6215,1540.6628,68437,82838,Rhinolophus ferrumequinum,0.026,0.026,-1,Echolocation,/mnt/ubna_data_02_mir/recover-20221013/UBNA_001/20221012_030000.WAV,Telephone Field,recover-20221013,001,1795
1540.6425,1540.6523,23750,30362,Nyctalus leisleri,0.01,0.028,-1,Echolocation,/mnt/ubna_data_02_mir/recover-20221013/UBNA_001/20221012_030000.WAV,Telephone Field,recover-20221013,001,1795
1540.6665,1540.6757,44375,47672,Pipistrellus pipistrellus,0.023,0.024,-1,Echolocation,/mnt/ubna_data_02_mir/recover-20221013/UBNA_001/20221012_030000.WAV,Telephone Field,recover-20221013,001,1795
1540.6735,1540.7137,68437,81990,Rhinolophus ferrumequinum,0.04,0.04,-1,Echolocation,/mnt/ubna_data_02_mir/recover-20221013/UBNA_001/20221012_030000.WAV,Telephone Field,recover-20221013,001,1795
1540.7525,1540.7882,68437,80534,Rhinolophus ferrumequinum,0.038,0.039,-1,Echolocation,/mnt/ubna_data_02_mir/recover-20221013/UBNA_001/20221012_030000.WAV,Telephone Field,recover-20221013,001,1795
1540.7695,1540.8095,68437,82003,Rhinolophus ferrumequinum,0.023,0.023,-1,Echolocation,/mnt/ubna_data_02_mir/recover-20221013/UBNA_001/20221012_030000.WAV,Telephone Field,recover-20221013,001,1795
1540.7785,1540.8169,68437,82318,Rhinolophus ferrumequinum,0.023,0.023,-1,Echolocation,/mnt/ubna_data_02_mir/recover-20221013/UBNA_001/20221012_030000.WAV,Telephone Field,recover-20221013,001,1795
1540.7805,1540.7939,35781,40224,Pipistrellus nathusii,0.018,0.042,-1,Echolocation,/mnt/ubna_data_02_mir/recover-20221013/UBNA_001/20221012_030000.WAV,Telephone Field,recover-20221013,001,1795
1540.7835,1540.7944,23750,29345,Nyctalus leisleri,0.012,0.027,-1,Echolocation,/mnt/ubna_data_02_mir/recover-20221013/UBNA_001/20221012_030000.WAV,Telephone Field,recover-20221013,001,1795
1540.8305,1540.87,68437,82712,Rhinolophus ferrumequinum,0.029,0.029,-1,Echolocation,/mnt/ubna_data_02_mir/recover-20221013/UBNA_001/20221012_030000.WAV,Telephone Field,recover-20221013,001,1795
1540.8515,1540.8914,68437,82501,Rhinolophus ferrumequinum,0.024,0.024,-1,Echolocation,/mnt/ubna_data_02_mir/recover-20221013/UBNA_001/20221012_030000.WAV,Telephone Field,recover-20221013,001,1795
1540.9105,1540.9488,68437,82090,Rhinolophus ferrumequinum,0.037,0.037,-1,Echolocation,/mnt/ubna_data_02_mir/recover-20221013/UBNA_001/20221012_030000.WAV,Telephone Field,recover-20221013,001,1795
1540.9165,1540.9271,22031,26859,Nyctalus leisleri,0.01,0.023,-1,Echolocation,/mnt/ubna_data_02_mir/recover-20221013/UBNA_001/20221012_030000.WAV,Telephone Field,recover-20221013,001,1795
1540.9255,1540.9324,49531,54591,Pipistrellus pipistrellus,0.022,0.023,-1,Echolocation,/mnt/ubna_data_02_mir/recover-20221013/UBNA_001/20221012_030000.WAV,Telephone Field,recover-20221013,001,1795
1540.9265,1540.9344,28046,38340,Eptesicus serotinus,0.007,0.023,-1,Echolocation,/mnt/ubna_data_02_mir/recover-20221013/UBNA_001/20221012_030000.WAV,Telephone Field,recover-20221013,001,1795
1540.9475,1540.9585,26328,32893,Eptesicus serotinus,0.01,0.024,-1,Echolocation,/mnt/ubna_data_02_mir/recover-20221013/UBNA_001/20221012_030000.WAV,Telephone Field,recover-20221013,001,1795
1540.9475,1540.9881,68437,82852,Rhinolophus ferrumequinum,0.026,0.026,-1,Echolocation,/mnt/ubna_data_02_mir/recover-20221013/UBNA_001/20221012_030000.WAV,Telephone Field,recover-20221013,001,1795
1540.9755,1541.0122,68437,81321,Rhinolophus ferrumequinum,0.022,0.022,-1,Echolocation,/mnt/ubna_data_02_mir/recover-20221013/UBNA_001/20221012_030000.WAV,Telephone Field,recover-20221013,001,1795
1540.9915,1541.0287,68437,81314,Rhinolophus ferrumequinum,0.022,0.022,-1,Echolocation,/mnt/ubna_data_02_mir/recover-20221013/UBNA_001/20221012_030000.WAV,Telephone Field,recover-20221013,001,1795
1540.9995,1541.0385,68437,82567,Rhinolophus ferrumequinum,0.025,0.025,-1,Echolocation,/mnt/ubna_data_02_mir/recover-20221013/UBNA_001/20221012_030000.WAV,Telephone Field,recover-20221013,001,1795
1541.0565,1541.0949,68437,82141,Rhinolophus ferrumequinum,0.023,0.023,-1,Echolocation,/mnt/ubna_data_02_mir/recover-20221013/UBNA_001/20221012_030000.WAV,Telephone Field,recover-20221013,001,1795
1541.0775,1541.116,68437,81771,Rhinolophus ferrumequinum,0.022,0.022,-1,Echolocation,/mnt/ubna_data_02_mir/recover-20221013/UBNA_001/20221012_030000.WAV,Telephone Field,recover-20221013,001,1795
1541.0865,1541.1218,68437,81383,Rhinolophus ferrumequinum,0.026,0.026,-1,Echolocation,/mnt/ubna_data_02_mir/recover-20221013/UBNA_001/20221012_030000.WAV,Telephone Field,recover-20221013,001,1795
1541.1035,1541.1424,68437,82210,Rhinolophus ferrumequinum,0.037,0.037,-1,Echolocation,/mnt/ubna_data_02_mir/recover-20221013/UBNA_001/20221012_030000.WAV,Telephone Field,recover-20221013,001,1795
1541.1165,1541.1593,68437,83467,Rhinolophus ferrumequinum,0.042,0.042,-1,Echolocation,/mnt/ubna_data_02_mir/recover-20221013/UBNA_001/20221012_030000.WAV,Telephone Field,recover-20221013,001,1795
1541.1375,1541.1752,68437,82126,Rhinolophus ferrumequinum,0.023,0.023,-1,Echolocation,/mnt/ubna_data_02_mir/recover-20221013/UBNA_001/20221012_030000.WAV,Telephone Field,recover-20221013,001,1795
1541.1525,1541.1613,28046,37466,Eptesicus serotinus,0.007,0.022,-1,Echolocation,/mnt/ubna_data_02_mir/recover-20221013/UBNA_001/20221012_030000.WAV,Telephone Field,recover-20221013,001,1795
1541.1775,1541.2174,68437,82381,Rhinolophus ferrumequinum,0.022,0.022,-1,Echolocation,/mnt/ubna_data_02_mir/recover-20221013/UBNA_001/20221012_030000.WAV,Telephone Field,recover-20221013,001,1795
1541.2005,1541.2176,20312,23037,Nyctalus leisleri,0.018,0.03,-1,Echolocation,/mnt/ubna_data_02_mir/recover-20221013/UBNA_001/20221012_030000.WAV,Telephone Field,recover-20221013,001,1795
1541.2085,1541.2431,68437,80741,Rhinolophus ferrumequinum,0.023,0.023,-1,Echolocation,/mnt/ubna_data_02_mir/recover-20221013/UBNA_001/20221012_030000.WAV,Telephone Field,recover-20221013,001,1795
1541.2265,1541.2617,68437,81628,Rhinolophus ferrumequinum,0.022,0.022,-1,Echolocation,/mnt/ubna_data_02_mir/recover-20221013/UBNA_001/20221012_030000.WAV,Telephone Field,recover-20221013,001,1795
1541.2345,1541.2451,28906,36683,Eptesicus serotinus,0.013,0.029,-1,Echolocation,/mnt/ubna_data_02_mir/recover-20221013/UBNA_001/20221012_030000.WAV,Telephone Field,recover-20221013,001,1795
1541.2895,1541.2974,25468,37535,Eptesicus serotinus,0.005,0.023,-1,Echolocation,/mnt/ubna_data_02_mir/recover-20221013/UBNA_001/20221012_030000.WAV,Telephone Field,recover-20221013,001,1795
1541.3045,1541.3465,68437,82603,Rhinolophus ferrumequinum,0.031,0.031,-1,Echolocation,/mnt/ubna_data_02_mir/recover-20221013/UBNA_001/20221012_030000.WAV,Telephone Field,recover-20221013,001,1795
1541.3115,1541.3513,68437,82231,Rhinolophus ferrumequinum,0.024,0.024,-1,Echolocation,/mnt/ubna_data_02_mir/recover-20221013/UBNA_001/20221012_030000.WAV,Telephone Field,recover-20221013,001,1795
1541.3405,1541.3817,68437,83124,Rhinolophus ferrumequinum,0.029,0.029,-1,Echolocation,/mnt/ubna_data_02_mir/recover-20221013/UBNA_001/20221012_030000.WAV,Telephone Field,recover-20221013,001,1795
1541.3425,1541.3505,26328,35651,Eptesicus serotinus,0.008,0.022,-1,Echolocation,/mnt/ubna_data_02_mir/recover-20221013/UBNA_001/20221012_030000.WAV,Telephone Field,recover-20221013,001,1795
1541.3855,1541.4237,68437,82573,Rhinolophus ferrumequinum,0.025,0.025,-1,Echolocation,/mnt/ubna_data_02_mir/recover-20221013/UBNA_001/20221012_030000.WAV,Telephone Field,recover-20221013,001,1795
1541.4015,1541.4416,68437,82499,Rhinolophus ferrumequinum,0.024,0.024,-1,Echolocation,/mnt/ubna_data_02_mir/recover-20221013/UBNA_001/20221012_030000.WAV,Telephone Field,recover-20221013,001,1795
1541.4155,1541.4272,22031,25659,Nyctalus leisleri,0.014,0.024,-1,Echolocation,/mnt/ubna_data_02_mir/recover-20221013/UBNA_001/20221012_030000.WAV,Telephone Field,recover-20221013,001,1795
1541.4215,1541.4615,68437,82481,Rhinolophus ferrumequinum,0.024,0.024,-1,Echolocation,/mnt/ubna_data_02_mir/recover-20221013/UBNA_001/20221012_030000.WAV,Telephone Field,recover-20221013,001,1795
1541.4285,1541.4401,43515,47820,Pipistrellus pipistrellus,0.019,0.028,-1,Echolocation,/mnt/ubna_data_02_mir/recover-20221013/UBNA_001/20221012_030000.WAV,Telephone Field,recover-20221013,001,1795
1541.4365,1541.4775,68437,83192,Rhinolophus ferrumequinum,0.026,0.026,-1,Echolocation,/mnt/ubna_data_02_mir/recover-20221013/UBNA_001/20221012_030000.WAV,Telephone Field,recover-20221013,001,1795
1541.4465,1541.4894,68437,83452,Rhinolophus ferrumequinum,0.03,0.03,-1,Echolocation,/mnt/ubna_data_02_mir/recover-20221013/UBNA_001/20221012_030000.WAV,Telephone Field,recover-20221013,001,1795
1541.4855,1541.525,68437,82210,Rhinolophus ferrumequinum,0.025,0.025,-1,Echolocation,/mnt/ubna_data_02_mir/recover-20221013/UBNA_001/20221012_030000.WAV,Telephone Field,recover-20221013,001,1795
1541.4985,1541.5069,28046,38264,Eptesicus serotinus,0.01,0.026,-1,Echolocation,/mnt/ubna_data_02_mir/recover-20221013/UBNA_001/20221012_030000.WAV,Telephone Field,recover-20221013,001,1795
1541.5155,1541.5569,68437,82365,Rhinolophus ferrumequinum,0.029,0.029,-1,Echolocation,/mnt/ubna_data_02_mir/recover-20221013/UBNA_001/20221012_030000.WAV,Telephone Field,recover-20221013,001,1795
1541.5195,1541.5276,28046,40512,Eptesicus serotinus,0.008,0.027,-1,Echolocation,/mnt/ubna_data_02_mir/recover-20221013/UBNA_001/20221012_030000.WAV,Telephone Field,recover-20221013,001,1795
1541.5455,1541.5569,29765,36301,Eptesicus serotinus,0.018,0.035,-1,Echolocation,/mnt/ubna_data_02_mir/recover-20221013/UBNA_001/20221012_030000.WAV,Telephone Field,recover-20221013,001,1795
1541.5475,1541.5829,68437,81005,Rhinolophus ferrumequinum,0.028,0.028,-1,Echolocation,/mnt/ubna_data_02_mir/recover-20221013/UBNA_001/20221012_030000.WAV,Telephone Field,recover-20221013,001,1795
1541.5775,1541.6219,68437,83148,Rhinolophus ferrumequinum,0.038,0.038,-1,Echolocation,/mnt/ubna_data_02_mir/recover-20221013/UBNA_001/20221012_030000.WAV,Telephone Field,recover-20221013,001,1795
1541.5845,1541.6051,18593,21731,Nyctalus noctula,0.014,0.024,-1,Echolocation,/mnt/ubna_data_02_mir/recover-20221013/UBNA_001/20221012_030000.WAV,Telephone Field,recover-20221013,001,1795
1541.5925,1541.6339,68437,82493,Rhinolophus ferrumequinum,0.033,0.033,-1,Echolocation,/mnt/ubna_data_02_mir/recover-20221013/UBNA_001/20221012_030000.WAV,Telephone Field,recover-20221013,001,1795
1541.6065,1541.6146,26328,35770,Eptesicus serotinus,0.008,0.025,-1,Echolocation,/mnt/ubna_data_02_mir/recover-20221013/UBNA_001/20221012_030000.WAV,Telephone Field,recover-20221013,001,1795
1541.6175,1541.628,28906,36273,Eptesicus serotinus,0.012,0.026,-1,Echolocation,/mnt/ubna_data_02_mir/recover-20221013/UBNA_001/20221012_030000.WAV,Telephone Field,recover-20221013,001,1795
1541.6295,1541.6692,68437,82494,Rhinolophus ferrumequinum,0.033,0.033,-1,Echolocation,/mnt/ubna_data_02_mir/recover-20221013/UBNA_001/20221012_030000.WAV,Telephone Field,recover-20221013,001,1795
1541.6455,1541.6581,21171,25560,Nyctalus leisleri,0.016,0.029,-1,Echolocation,/mnt/ubna_data_02_mir/recover-20221013/UBNA_001/20221012_030000.WAV,Telephone Field,recover-20221013,001,1795
1541.6515,1541.69,68437,82226,Rhinolophus ferrumequinum,0.029,0.029,-1,Echolocation,/mnt/ubna_data_02_mir/recover-20221013/UBNA_001/20221012_030000.WAV,Telephone Field,recover-20221013,001,1795
1541.6715,1541.685,22031,25872,Nyctalus leisleri,0.016,0.027,-1,Echolocation,/mnt/ubna_data_02_mir/recover-20221013/UBNA_001/20221012_030000.WAV,Telephone Field,recover-20221013,001,1795
1541.6775,1541.7109,68437,80977,Rhinolophus ferrumequinum,0.023,0.023,-1,Echolocation,/mnt/ubna_data_02_mir/recover-20221013/UBNA_001/20221012_030000.WAV,Telephone Field,recover-20221013,001,1795
1541.7085,1541.747,68437,81883,Rhinolophus ferrumequinum,0.026,0.026,-1,Echolocation,/mnt/ubna_data_02_mir/recover-20221013/UBNA_001/20221012_030000.WAV,Telephone Field,recover-20221013,001,1795
1541.8235,1541.835,22890,28464,Nyctalus leisleri,0.012,0.025,-1,Echolocation,/mnt/ubna_data_02_mir/recover-20221013/UBNA_001/20221012_030000.WAV,Telephone Field,recover-20221013,001,1795
1541.8395,1541.8787,68437,82215,Rhinolophus ferrumequinum,0.023,0.023,-1,Echolocation,/mnt/ubna_data_02_mir/recover-20221013/UBNA_001/20221012_030000.WAV,Telephone Field,recover-20221013,001,1795
1541.8415,1541.8511,25468,33714,Eptesicus serotinus,0.008,0.023,-1,Echolocation,/mnt/ubna_data_02_mir/recover-20221013/UBNA_001/20221012_030000.WAV,Telephone Field,recover-20221013,001,1795
1541.8465,1541.8568,27187,35576,Eptesicus serotinus,0.01,0.023,-1,Echolocation,/mnt/ubna_data_02_mir/recover-20221013/UBNA_001/20221012_030000.WAV,Telephone Field,recover-20221013,001,1795
1541.8495,1541.8848,68437,81881,Rhinolophus ferrumequinum,0.024,0.024,-1,Echolocation,/mnt/ubna_data_02_mir/recover-20221013/UBNA_001/20221012_030000.WAV,Telephone Field,recover-20221013,001,1795
1541.8685,1541.8804,22890,27945,Nyctalus leisleri,0.017,0.032,-1,Echolocation,/mnt/ubna_data_02_mir/recover-20221013/UBNA_001/20221012_030000.WAV,Telephone Field,recover-20221013,001,1795
1541.8805,1541.9218,68437,82914,Rhinolophus ferrumequinum,0.023,0.023,-1,Echolocation,/mnt/ubna_data_02_mir/recover-20221013/UBNA_001/20221012_030000.WAV,Telephone Field,recover-20221013,001,1795
1541.9035,1541.9418,68437,82262,Rhinolophus ferrumequinum,0.023,0.023,-1,Echolocation,/mnt/ubna_data_02_mir/recover-20221013/UBNA_001/20221012_030000.WAV,Telephone Field,recover-20221013,001,1795
1541.9045,1541.9132,22890,30904,Plecotus austriacus,0.011,0.025,-1,Echolocation,/mnt/ubna_data_02_mir/recover-20221013/UBNA_001/20221012_030000.WAV,Telephone Field,recover-20221013,001,1795
1541.9305,1541.9714,68437,82670,Rhinolophus ferrumequinum,0.026,0.026,-1,Echolocation,/mnt/ubna_data_02_mir/recover-20221013/UBNA_001/20221012_030000.WAV,Telephone Field,recover-20221013,001,1795
1541.9575,1541.9935,68437,81583,Rhinolophus ferrumequinum,0.026,0.026,-1,Echolocation,/mnt/ubna_data_02_mir/recover-20221013/UBNA_001/20221012_030000.WAV,Telephone Field,recover-20221013,001,1795
1542.0015,1542.0113,22890,29343,Nyctalus leisleri,0.011,0.029,-1,Echolocation,/mnt/ubna_data_02_mir/recover-20221013/UBNA_001/20221012_030000.WAV,Telephone Field,recover-20221013,001,1795
1542.0015,1542.0346,68437,79902,Rhinolophus ferrumequinum,0.027,0.027,-1,Echolocation,/mnt/ubna_data_02_mir/recover-20221013/UBNA_001/20221012_030000.WAV,Telephone Field,recover-20221013,001,1795
1542.0105,1542.0522,68437,81959,Rhinolophus ferrumequinum,0.024,0.024,-1,Echolocation,/mnt/ubna_data_02_mir/recover-20221013/UBNA_001/20221012_030000.WAV,Telephone Field,recover-20221013,001,1795
1542.0135,1542.0203,28046,40411,Eptesicus serotinus,0.007,0.027,-1,Echolocation,/mnt/ubna_data_02_mir/recover-20221013/UBNA_001/20221012_030000.WAV,Telephone Field,recover-20221013,001,1795
1542.0545,1542.0631,28046,39139,Eptesicus serotinus,0.008,0.022,-1,Echolocation,/mnt/ubna_data_02_mir/recover-20221013/UBNA_001/20221012_030000.WAV,Telephone Field,recover-20221013,001,1795
1542.0755,1542.1131,68437,81948,Rhinolophus ferrumequinum,0.026,0.026,-1,Echolocation,/mnt/ubna_data_02_mir/recover-20221013/UBNA_001/20221012_030000.WAV,Telephone Field,recover-20221013,001,1795
1542.0835,1542.1217,68437,82276,Rhinolophus ferrumequinum,0.023,0.023,-1,Echolocation,/mnt/ubna_data_02_mir/recover-20221013/UBNA_001/20221012_030000.WAV,Telephone Field,recover-20221013,001,1795
1542.1215,1542.1611,68437,82453,Rhinolophus ferrumequinum,0.025,0.025,-1,Echolocation,/mnt/ubna_data_02_mir/recover-20221013/UBNA_001/20221012_030000.WAV,Telephone Field,recover-20221013,001,1795
1542.1255,1542.131,34921,43034,Myotis daubentonii,0.011,0.027,-1,Echolocation,/mnt/ubna_data_02_mir/recover-20221013/UBNA_001/20221012_030000.WAV,Telephone Field,recover-20221013,001,1795
1542.1265,1542.1323,27187,43508,Plecotus auritus,0.006,0.031,-1,Echolocation,/mnt/ubna_data_02_mir/recover-20221013/UBNA_001/20221012_030000.WAV,Telephone Field,recover-20221013,001,1795
1542.1395,1542.177,68437,82806,Rhinolophus ferrumequinum,0.023,0.023,-1,Echolocation,/mnt/ubna_data_02_mir/recover-20221013/UBNA_001/20221012_030000.WAV,Telephone Field,recover-20221013,001,1795
1542.1725,1542.183,22031,27124,Nyctalus leisleri,0.011,0.025,-1,Echolocation,/mnt/ubna_data_02_mir/recover-20221013/UBNA_001/20221012_030000.WAV,Telephone Field,recover-20221013,001,1795
1542.1795,1542.2166,68437,81675,Rhinolophus ferrumequinum,0.022,0.022,-1,Echolocation,/mnt/ubna_data_02_mir/recover-20221013/UBNA_001/20221012_030000.WAV,Telephone Field,recover-20221013,001,1795
1542.1885,1542.1997,23750,29565,Nyctalus leisleri,0.014,0.031,-1,Echolocation,/mnt/ubna_data_02_mir/recover-20221013/UBNA_001/20221012_030000.WAV,Telephone Field,recover-20221013,001,1795
1542.2305,1542.267,68437,81725,Rhinolophus ferrumequinum,0.023,0.023,-1,Echolocation,/mnt/ubna_data_02_mir/recover-20221013/UBNA_001/20221012_030000.WAV,Telephone Field,recover-20221013,001,1795
1542.2955,1542.3355999999999,68437,82812,Rhinolophus ferrumequinum,0.035,0.035,-1,Echolocation,/mnt/ubna_data_02_mir/recover-20221013/UBNA_001/20221012_030000.WAV,Telephone Field,recover-20221013,001,1795
1542.3065,1542.3432,68437,81678,Rhinolophus ferrumequinum,0.023,0.023,-1,Echolocation,/mnt/ubna_data_02_mir/recover-20221013/UBNA_001/20221012_030000.WAV,Telephone Field,recover-20221013,001,1795
1542.3085,1542.3175,27187,35423,Eptesicus serotinus,0.029,0.054,-1,Echolocation,/mnt/ubna_data_02_mir/recover-20221013/UBNA_001/20221012_030000.WAV,Telephone Field,recover-20221013,001,1795
1542.3865,1542.4276,68437,81640,Rhinolophus ferrumequinum,0.022,0.022,-1,Echolocation,/mnt/ubna_data_02_mir/recover-20221013/UBNA_001/20221012_030000.WAV,Telephone Field,recover-20221013,001,1795
1542.4035,1542.4102,24609,38504,Plecotus austriacus,0.011,0.03,-1,Echolocation,/mnt/ubna_data_02_mir/recover-20221013/UBNA_001/20221012_030000.WAV,Telephone Field,recover-20221013,001,1795
1542.4185,1542.4589,68437,81817,Rhinolophus ferrumequinum,0.026,0.026,-1,Echolocation,/mnt/ubna_data_02_mir/recover-20221013/UBNA_001/20221012_030000.WAV,Telephone Field,recover-20221013,001,1795
1542.4445,1542.4536,33203,40706,Myotis daubentonii,0.007,0.022,-1,Echolocation,/mnt/ubna_data_02_mir/recover-20221013/UBNA_001/20221012_030000.WAV,Telephone Field,recover-20221013,001,1795
1542.4455,1542.4537,28906,40070,Eptesicus serotinus,0.008,0.024,-1,Echolocation,/mnt/ubna_data_02_mir/recover-20221013/UBNA_001/20221012_030000.WAV,Telephone Field,recover-20221013,001,1795
1542.4665,1542.5053,68437,82377,Rhinolophus ferrumequinum,0.023,0.023,-1,Echolocation,/mnt/ubna_data_02_mir/recover-20221013/UBNA_001/20221012_030000.WAV,Telephone Field,recover-20221013,001,1795
1542.4745,1542.5118,68437,82074,Rhinolophus ferrumequinum,0.023,0.023,-1,Echolocation,/mnt/ubna_data_02_mir/recover-20221013/UBNA_001/20221012_030000.WAV,Telephone Field,recover-20221013,001,1795
1542.4815,1542.5204,68437,82020,Rhinolophus ferrumequinum,0.023,0.023,-1,Echolocation,/mnt/ubna_data_02_mir/recover-20221013/UBNA_001/20221012_030000.WAV,Telephone Field,recover-20221013,001,1795
1542.4835,1542.4909,29765,42749,Eptesicus serotinus,0.025,0.057,-1,Echolocation,/mnt/ubna_data_02_mir/recover-20221013/UBNA_001/20221012_030000.WAV,Telephone Field,recover-20221013,001,1795
1542.5085,1542.55,68437,82779,Rhinolophus ferrumequinum,0.025,0.025,-1,Echolocation,/mnt/ubna_data_02_mir/recover-20221013/UBNA_001/20221012_030000.WAV,Telephone Field,recover-20221013,001,1795
1542.5355,1542.5764,68437,82582,Rhinolophus ferrumequinum,0.025,0.025,-1,Echolocation,/mnt/ubna_data_02_mir/recover-20221013/UBNA_001/20221012_030000.WAV,Telephone Field,recover-20221013,001,1795
1542.5835,1542.623,68437,82330,Rhinolophus ferrumequinum,0.025,0.026,-1,Echolocation,/mnt/ubna_data_02_mir/recover-20221013/UBNA_001/20221012_030000.WAV,Telephone Field,recover-20221013,001,1795
1542.6195,1542.6583,68437,81864,Rhinolophus ferrumequinum,0.022,0.022,-1,Echolocation,/mnt/ubna_data_02_mir/recover-20221013/UBNA_001/20221012_030000.WAV,Telephone Field,recover-20221013,001,1795
1542.6705,1542.681,23750,29978,Nyctalus leisleri,0.01,0.026,-1,Echolocation,/mnt/ubna_data_02_mir/recover-20221013/UBNA_001/20221012_030000.WAV,Telephone Field,recover-20221013,001,1795
1542.7145,1542.7546,68437,82189,Rhinolophus ferrumequinum,0.025,0.025,-1,Echolocation,/mnt/ubna_data_02_mir/recover-20221013/UBNA_001/20221012_030000.WAV,Telephone Field,recover-20221013,001,1795
1542.7255,1542.7668,68437,82940,Rhinolophus ferrumequinum,0.035,0.035,-1,Echolocation,/mnt/ubna_data_02_mir/recover-20221013/UBNA_001/20221012_030000.WAV,Telephone Field,recover-20221013,001,1795
1542.7435,1542.7819,68437,82259,Rhinolophus ferrumequinum,0.024,0.024,-1,Echolocation,/mnt/ubna_data_02_mir/recover-20221013/UBNA_001/20221012_030000.WAV,Telephone Field,recover-20221013,001,1795
1542.7675,1542.8057,68437,81927,Rhinolophus ferrumequinum,0.03,0.03,-1,Echolocation,/mnt/ubna_data_02_mir/recover-20221013/UBNA_001/20221012_030000.WAV,Telephone Field,recover-20221013,001,1795
1542.7845,1542.7954,47812,51413,Pipistrellus pipistrellus,0.023,0.026,-1,Echolocation,/mnt/ubna_data_02_mir/recover-20221013/UBNA_001/20221012_030000.WAV,Telephone Field,recover-20221013,001,1795
1542.8245,1542.8606,68437,81867,Rhinolophus ferrumequinum,0.023,0.023,-1,Echolocation,/mnt/ubna_data_02_mir/recover-20221013/UBNA_001/20221012_030000.WAV,Telephone Field,recover-20221013,001,1795
1542.8785,1542.8884,28906,36381,Eptesicus serotinus,0.01,0.024,-1,Echolocation,/mnt/ubna_data_02_mir/recover-20221013/UBNA_001/20221012_030000.WAV,Telephone Field,recover-20221013,001,1795
1542.8995,1542.9374,68437,82446,Rhinolophus ferrumequinum,0.024,0.024,-1,Echolocation,/mnt/ubna_data_02_mir/recover-20221013/UBNA_001/20221012_030000.WAV,Telephone Field,recover-20221013,001,1795
1542.9175,1542.9267,28046,37317,Eptesicus serotinus,0.009,0.025,-1,Echolocation,/mnt/ubna_data_02_mir/recover-20221013/UBNA_001/20221012_030000.WAV,Telephone Field,recover-20221013,001,1795
1542.9235,1542.9609,68437,80943,Rhinolophus ferrumequinum,0.023,0.023,-1,Echolocation,/mnt/ubna_data_02_mir/recover-20221013/UBNA_001/20221012_030000.WAV,Telephone Field,recover-20221013,001,1795
1542.9425,1542.9567,22890,27381,Nyctalus leisleri,0.04,0.077,-1,Echolocation,/mnt/ubna_data_02_mir/recover-20221013/UBNA_001/20221012_030000.WAV,Telephone Field,recover-20221013,001,1795
1542.9445,1542.9862,68437,82822,Rhinolophus ferrumequinum,0.051,0.051,-1,Echolocation,/mnt/ubna_data_02_mir/recover-20221013/UBNA_001/20221012_030000.WAV,Telephone Field,recover-20221013,001,1795
1543.0305,1543.0375,47812,52975,Pipistrellus pipistrellus,0.022,0.023,-1,Echolocation,/mnt/ubna_data_02_mir/recover-20221013/UBNA_001/20221012_030000.WAV,Telephone Field,recover-20221013,001,1795
1543.1455,1543.1522,25468,35288,Plecotus austriacus,0.007,0.024,-1,Echolocation,/mnt/ubna_data_02_mir/recover-20221013/UBNA_001/20221012_030000.WAV,Telephone Field,recover-20221013,001,1795
1543.1465,1543.1866,68437,82769,Rhinolophus ferrumequinum,0.023,0.023,-1,Echolocation,/mnt/ubna_data_02_mir/recover-20221013/UBNA_001/20221012_030000.WAV,Telephone Field,recover-20221013,001,1795
1543.1725,1543.2124,68437,82075,Rhinolophus ferrumequinum,0.023,0.023,-1,Echolocation,/mnt/ubna_data_02_mir/recover-20221013/UBNA_001/20221012_030000.WAV,Telephone Field,recover-20221013,001,1795
1543.1895,1543.2027,40937,43673,Pipistrellus pipistrellus,0.018,0.045,-1,Echolocation,/mnt/ubna_data_02_mir/recover-20221013/UBNA_001/20221012_030000.WAV,Telephone Field,recover-20221013,001,1795
1543.1925,1543.2029,24609,32076,Eptesicus serotinus,0.011,0.03,-1,Echolocation,/mnt/ubna_data_02_mir/recover-20221013/UBNA_001/20221012_030000.WAV,Telephone Field,recover-20221013,001,1795
1543.1945,1543.2362,68437,83058,Rhinolophus ferrumequinum,0.029,0.029,-1,Echolocation,/mnt/ubna_data_02_mir/recover-20221013/UBNA_001/20221012_030000.WAV,Telephone Field,recover-20221013,001,1795
1543.2315,1543.2678,68437,82361,Rhinolophus ferrumequinum,0.024,0.024,-1,Echolocation,/mnt/ubna_data_02_mir/recover-20221013/UBNA_001/20221012_030000.WAV,Telephone Field,recover-20221013,001,1795
1543.2435,1543.2512,27187,40705,Eptesicus serotinus,0.007,0.022,-1,Echolocation,/mnt/ubna_data_02_mir/recover-20221013/UBNA_001/20221012_030000.WAV,Telephone Field,recover-20221013,001,1795
1543.2935,1543.3046,22890,27972,Nyctalus leisleri,0.013,0.026,-1,Echolocation,/mnt/ubna_data_02_mir/recover-20221013/UBNA_001/20221012_030000.WAV,Telephone Field,recover-20221013,001,1795
1543.2965,1543.3325,68437,82043,Rhinolophus ferrumequinum,0.028,0.028,-1,Echolocation,/mnt/ubna_data_02_mir/recover-20221013/UBNA_001/20221012_030000.WAV,Telephone Field,recover-20221013,001,1795
1543.3075,1543.3452,68437,82425,Rhinolophus ferrumequinum,0.022,0.022,-1,Echolocation,/mnt/ubna_data_02_mir/recover-20221013/UBNA_001/20221012_030000.WAV,Telephone Field,recover-20221013,001,1795
1543.3535,1543.3911,68437,82415,Rhinolophus ferrumequinum,0.024,0.024,-1,Echolocation,/mnt/ubna_data_02_mir/recover-20221013/UBNA_001/20221012_030000.WAV,Telephone Field,recover-20221013,001,1795
1543.3635,1543.3818,21171,24653,Nyctalus leisleri,0.043,0.084,-1,Echolocation,/mnt/ubna_data_02_mir/recover-20221013/UBNA_001/20221012_030000.WAV,Telephone Field,recover-20221013,001,1795
1543.3755,1543.4159,68437,82608,Rhinolophus ferrumequinum,0.033,0.033,-1,Echolocation,/mnt/ubna_data_02_mir/recover-20221013/UBNA_001/20221012_030000.WAV,Telephone Field,recover-20221013,001,1795
1543.4025,1543.4146,22031,26988,Nyctalus leisleri,0.015,0.032,-1,Echolocation,/mnt/ubna_data_02_mir/recover-20221013/UBNA_001/20221012_030000.WAV,Telephone Field,recover-20221013,001,1795
1543.4295,1543.465,68437,82004,Rhinolophus ferrumequinum,0.035,0.036,-1,Echolocation,/mnt/ubna_data_02_mir/recover-20221013/UBNA_001/20221012_030000.WAV,Telephone Field,recover-20221013,001,1795
1543.4375,1543.4784,68437,82894,Rhinolophus ferrumequinum,0.034,0.034,-1,Echolocation,/mnt/ubna_data_02_mir/recover-20221013/UBNA_001/20221012_030000.WAV,Telephone Field,recover-20221013,001,1795
1543.4465,1543.4566,28046,36985,Eptesicus serotinus,0.01,0.024,-1,Echolocation,/mnt/ubna_data_02_mir/recover-20221013/UBNA_001/20221012_030000.WAV,Telephone Field,recover-20221013,001,1795
1543.4545,1543.4955,68437,82464,Rhinolophus ferrumequinum,0.04,0.04,-1,Echolocation,/mnt/ubna_data_02_mir/recover-20221013/UBNA_001/20221012_030000.WAV,Telephone Field,recover-20221013,001,1795
1543.4965,1543.5357,68437,82684,Rhinolophus ferrumequinum,0.028,0.028,-1,Echolocation,/mnt/ubna_data_02_mir/recover-20221013/UBNA_001/20221012_030000.WAV,Telephone Field,recover-20221013,001,1795
1543.5055,1543.5494,68437,83561,Rhinolophus ferrumequinum,0.048,0.048,-1,Echolocation,/mnt/ubna_data_02_mir/recover-20221013/UBNA_001/20221012_030000.WAV,Telephone Field,recover-20221013,001,1795
1543.5285,1543.5624,68437,81070,Rhinolophus ferrumequinum,0.023,0.023,-1,Echolocation,/mnt/ubna_data_02_mir/recover-20221013/UBNA_001/20221012_030000.WAV,Telephone Field,recover-20221013,001,1795
1543.5515,1543.5872,68437,81938,Rhinolophus ferrumequinum,0.022,0.022,-1,Echolocation,/mnt/ubna_data_02_mir/recover-20221013/UBNA_001/20221012_030000.WAV,Telephone Field,recover-20221013,001,1795
1543.5735,1543.5785,38359,66756,Myotis mystacinus,0.008,0.024,-1,Echolocation,/mnt/ubna_data_02_mir/recover-20221013/UBNA_001/20221012_030000.WAV,Telephone Field,recover-20221013,001,1795
1543.5975,1543.6366,68437,82229,Rhinolophus ferrumequinum,0.023,0.024,-1,Echolocation,/mnt/ubna_data_02_mir/recover-20221013/UBNA_001/20221012_030000.WAV,Telephone Field,recover-20221013,001,1795
1543.6125,1543.6523,68437,82511,Rhinolophus ferrumequinum,0.03,0.03,-1,Echolocation,/mnt/ubna_data_02_mir/recover-20221013/UBNA_001/20221012_030000.WAV,Telephone Field,recover-20221013,001,1795
1543.6365,1543.6454,28046,38700,Eptesicus serotinus,0.013,0.029,-1,Echolocation,/mnt/ubna_data_02_mir/recover-20221013/UBNA_001/20221012_030000.WAV,Telephone Field,recover-20221013,001,1795
1543.6765,1543.6838,26328,36347,Eptesicus serotinus,0.009,0.026,-1,Echolocation,/mnt/ubna_data_02_mir/recover-20221013/UBNA_001/20221012_030000.WAV,Telephone Field,recover-20221013,001,1795
1543.7055,1543.7159,22890,28129,Nyctalus leisleri,0.011,0.022,-1,Echolocation,/mnt/ubna_data_02_mir/recover-20221013/UBNA_001/20221012_030000.WAV,Telephone Field,recover-20221013,001,1795
1543.7175,1543.7246,28046,39101,Eptesicus serotinus,0.007,0.023,-1,Echolocation,/mnt/ubna_data_02_mir/recover-20221013/UBNA_001/20221012_030000.WAV,Telephone Field,recover-20221013,001,1795
1543.7305,1543.7709,68437,82320,Rhinolophus ferrumequinum,0.03,0.03,-1,Echolocation,/mnt/ubna_data_02_mir/recover-20221013/UBNA_001/20221012_030000.WAV,Telephone Field,recover-20221013,001,1795
1543.7395,1543.778,68437,82053,Rhinolophus ferrumequinum,0.023,0.023,-1,Echolocation,/mnt/ubna_data_02_mir/recover-20221013/UBNA_001/20221012_030000.WAV,Telephone Field,recover-20221013,001,1795
1543.7835,1543.8259,68437,83258,Rhinolophus ferrumequinum,0.029,0.029,-1,Echolocation,/mnt/ubna_data_02_mir/recover-20221013/UBNA_001/20221012_030000.WAV,Telephone Field,recover-20221013,001,1795
1543.7945,1543.8338,68437,81919,Rhinolophus ferrumequinum,0.024,0.024,-1,Echolocation,/mnt/ubna_data_02_mir/recover-20221013/UBNA_001/20221012_030000.WAV,Telephone Field,recover-20221013,001,1795
1543.8095,1543.8492,68437,82443,Rhinolophus ferrumequinum,0.022,0.022,-1,Echolocation,/mnt/ubna_data_02_mir/recover-20221013/UBNA_001/20221012_030000.WAV,Telephone Field,recover-20221013,001,1795
1543.8355,1543.8721,68437,82073,Rhinolophus ferrumequinum,0.025,0.025,-1,Echolocation,/mnt/ubna_data_02_mir/recover-20221013/UBNA_001/20221012_030000.WAV,Telephone Field,recover-20221013,001,1795
1543.8365,1543.845,22890,30151,Plecotus austriacus,0.009,0.023,-1,Echolocation,/mnt/ubna_data_02_mir/recover-20221013/UBNA_001/20221012_030000.WAV,Telephone Field,recover-20221013,001,1795
1543.8455,1543.8817,68437,82197,Rhinolophus ferrumequinum,0.023,0.023,-1,Echolocation,/mnt/ubna_data_02_mir/recover-20221013/UBNA_001/20221012_030000.WAV,Telephone Field,recover-20221013,001,1795
1543.8795,1543.916,68437,81917,Rhinolophus ferrumequinum,0.023,0.023,-1,Echolocation,/mnt/ubna_data_02_mir/recover-20221013/UBNA_001/20221012_030000.WAV,Telephone Field,recover-20221013,001,1795
1543.9005,1543.9425,68437,83229,Rhinolophus ferrumequinum,0.07,0.07,-1,Echolocation,/mnt/ubna_data_02_mir/recover-20221013/UBNA_001/20221012_030000.WAV,Telephone Field,recover-20221013,001,1795
1543.9145,1543.9226,28046,38988,Eptesicus serotinus,0.008,0.022,-1,Echolocation,/mnt/ubna_data_02_mir/recover-20221013/UBNA_001/20221012_030000.WAV,Telephone Field,recover-20221013,001,1795
1543.9325,1543.9722,68437,82171,Rhinolophus ferrumequinum,0.023,0.023,-1,Echolocation,/mnt/ubna_data_02_mir/recover-20221013/UBNA_001/20221012_030000.WAV,Telephone Field,recover-20221013,001,1795
1543.9355,1543.9435,28906,38457,Eptesicus serotinus,0.007,0.022,-1,Echolocation,/mnt/ubna_data_02_mir/recover-20221013/UBNA_001/20221012_030000.WAV,Telephone Field,recover-20221013,001,1795
1543.9555,1543.9662,23750,30233,Nyctalus leisleri,0.01,0.025,-1,Echolocation,/mnt/ubna_data_02_mir/recover-20221013/UBNA_001/20221012_030000.WAV,Telephone Field,recover-20221013,001,1795
1544.0015,1544.0113,22031,29154,Nyctalus leisleri,0.013,0.029,-1,Echolocation,/mnt/ubna_data_02_mir/recover-20221013/UBNA_001/20221012_030000.WAV,Telephone Field,recover-20221013,001,1795
1544.0015,1544.0339,68437,79886,Rhinolophus ferrumequinum,0.037,0.037,-1,Echolocation,/mnt/ubna_data_02_mir/recover-20221013/UBNA_001/20221012_030000.WAV,Telephone Field,recover-20221013,001,1795
1544.0085,1544.0499,68437,82211,Rhinolophus ferrumequinum,0.03,0.03,-1,Echolocation,/mnt/ubna_data_02_mir/recover-20221013/UBNA_001/20221012_030000.WAV,Telephone Field,recover-20221013,001,1795
1544.0505,1544.0846,68437,80798,Rhinolophus ferrumequinum,0.021,0.022,-1,Echolocation,/mnt/ubna_data_02_mir/recover-20221013/UBNA_001/20221012_030000.WAV,Telephone Field,recover-20221013,001,1795
1544.0965,1544.1318,68437,80927,Rhinolophus ferrumequinum,0.022,0.022,-1,Echolocation,/mnt/ubna_data_02_mir/recover-20221013/UBNA_001/20221012_030000.WAV,Telephone Field,recover-20221013,001,1795
1544.1155,1544.155,68437,82208,Rhinolophus ferrumequinum,0.023,0.023,-1,Echolocation,/mnt/ubna_data_02_mir/recover-20221013/UBNA_001/20221012_030000.WAV,Telephone Field,recover-20221013,001,1795
1544.1295,1544.1399,28906,35919,Eptesicus serotinus,0.01,0.022,-1,Echolocation,/mnt/ubna_data_02_mir/recover-20221013/UBNA_001/20221012_030000.WAV,Telephone Field,recover-20221013,001,1795
1544.1495,1544.1892,68437,82781,Rhinolophus ferrumequinum,0.023,0.023,-1,Echolocation,/mnt/ubna_data_02_mir/recover-20221013/UBNA_001/20221012_030000.WAV,Telephone Field,recover-20221013,001,1795
1544.1515,1544.1587,24609,35907,Plecotus austriacus,0.013,0.033,-1,Echolocation,/mnt/ubna_data_02_mir/recover-20221013/UBNA_001/20221012_030000.WAV,Telephone Field,recover-20221013,001,1795
1544.1875,1544.1976,28906,37867,Eptesicus serotinus,0.012,0.028,-1,Echolocation,/mnt/ubna_data_02_mir/recover-20221013/UBNA_001/20221012_030000.WAV,Telephone Field,recover-20221013,001,1795
1544.2225,1544.2621,68437,82683,Rhinolophus ferrumequinum,0.024,0.024,-1,Echolocation,/mnt/ubna_data_02_mir/recover-20221013/UBNA_001/20221012_030000.WAV,Telephone Field,recover-20221013,001,1795
1544.3085,1544.3189,28046,35211,Eptesicus serotinus,0.014,0.029,-1,Echolocation,/mnt/ubna_data_02_mir/recover-20221013/UBNA_001/20221012_030000.WAV,Telephone Field,recover-20221013,001,1795
1544.3315,1544.3699,68437,82176,Rhinolophus ferrumequinum,0.023,0.023,-1,Echolocation,/mnt/ubna_data_02_mir/recover-20221013/UBNA_001/20221012_030000.WAV,Telephone Field,recover-20221013,001,1795
1544.3595,1544.3984,68437,82347,Rhinolophus ferrumequinum,0.022,0.022,-1,Echolocation,/mnt/ubna_data_02_mir/recover-20221013/UBNA_001/20221012_030000.WAV,Telephone Field,recover-20221013,001,1795
1544.3655,1544.4044,68437,82490,Rhinolophus ferrumequinum,0.022,0.022,-1,Echolocation,/mnt/ubna_data_02_mir/recover-20221013/UBNA_001/20221012_030000.WAV,Telephone Field,recover-20221013,001,1795
1544.3765,1544.4145,68437,82246,Rhinolophus ferrumequinum,0.022,0.022,-1,Echolocation,/mnt/ubna_data_02_mir/recover-20221013/UBNA_001/20221012_030000.WAV,Telephone Field,recover-20221013,001,1795
1544.3895,1544.425,68437,81368,Rhinolophus ferrumequinum,0.022,0.022,-1,Echolocation,/mnt/ubna_data_02_mir/recover-20221013/UBNA_001/20221012_030000.WAV,Telephone Field,recover-20221013,001,1795
1544.4175,1544.4601,68437,83116,Rhinolophus ferrumequinum,0.031,0.031,-1,Echolocation,/mnt/ubna_data_02_mir/recover-20221013/UBNA_001/20221012_030000.WAV,Telephone Field,recover-20221013,001,1795
1544.4285,1544.4375,28046,38076,Eptesicus serotinus,0.01,0.024,-1,Echolocation,/mnt/ubna_data_02_mir/recover-20221013/UBNA_001/20221012_030000.WAV,Telephone Field,recover-20221013,001,1795
1544.4335,1544.4745,68437,83077,Rhinolophus ferrumequinum,0.025,0.025,-1,Echolocation,/mnt/ubna_data_02_mir/recover-20221013/UBNA_001/20221012_030000.WAV,Telephone Field,recover-20221013,001,1795
1544.4485,1544.4558,28906,39290,Eptesicus serotinus,0.006,0.022,-1,Echolocation,/mnt/ubna_data_02_mir/recover-20221013/UBNA_001/20221012_030000.WAV,Telephone Field,recover-20221013,001,1795
1544.4625,1544.5013,68437,82685,Rhinolophus ferrumequinum,0.023,0.023,-1,Echolocation,/mnt/ubna_data_02_mir/recover-20221013/UBNA_001/20221012_030000.WAV,Telephone Field,recover-20221013,001,1795
1544.4745,1544.4838,14296,23154,Plecotus auritus,0.01,0.022,-1,Echolocation,/mnt/ubna_data_02_mir/recover-20221013/UBNA_001/20221012_030000.WAV,Telephone Field,recover-20221013,001,1795
1544.4865,1544.522,68437,81646,Rhinolophus ferrumequinum,0.023,0.023,-1,Echolocation,/mnt/ubna_data_02_mir/recover-20221013/UBNA_001/20221012_030000.WAV,Telephone Field,recover-20221013,001,1795
1544.5365,1544.5455,28906,40687,Eptesicus serotinus,0.009,0.023,-1,Echolocation,/mnt/ubna_data_02_mir/recover-20221013/UBNA_001/20221012_030000.WAV,Telephone Field,recover-20221013,001,1795
1544.5505,1544.5901,68437,82026,Rhinolophus ferrumequinum,0.022,0.022,-1,Echolocation,/mnt/ubna_data_02_mir/recover-20221013/UBNA_001/20221012_030000.WAV,Telephone Field,recover-20221013,001,1795
1544.5755,1544.6135,68437,82124,Rhinolophus ferrumequinum,0.033,0.033,-1,Echolocation,/mnt/ubna_data_02_mir/recover-20221013/UBNA_001/20221012_030000.WAV,Telephone Field,recover-20221013,001,1795
1544.5925,1544.6035,22031,27138,Nyctalus leisleri,0.01,0.024,-1,Echolocation,/mnt/ubna_data_02_mir/recover-20221013/UBNA_001/20221012_030000.WAV,Telephone Field,recover-20221013,001,1795
1544.6115,1544.6485,68437,81578,Rhinolophus ferrumequinum,0.026,0.026,-1,Echolocation,/mnt/ubna_data_02_mir/recover-20221013/UBNA_001/20221012_030000.WAV,Telephone Field,recover-20221013,001,1795
1544.6515,1544.6908,68437,82651,Rhinolophus ferrumequinum,0.024,0.024,-1,Echolocation,/mnt/ubna_data_02_mir/recover-20221013/UBNA_001/20221012_030000.WAV,Telephone Field,recover-20221013,001,1795
1544.6845,1544.6917,24609,34053,Plecotus austriacus,0.007,0.023,-1,Echolocation,/mnt/ubna_data_02_mir/recover-20221013/UBNA_001/20221012_030000.WAV,Telephone Field,recover-20221013,001,1795
1544.6995,1544.7105,26328,33222,Eptesicus serotinus,0.014,0.028,-1,Echolocation,/mnt/ubna_data_02_mir/recover-20221013/UBNA_001/20221012_030000.WAV,Telephone Field,recover-20221013,001,1795
1544.7295,1544.7713,68437,82516,Rhinolophus ferrumequinum,0.028,0.028,-1,Echolocation,/mnt/ubna_data_02_mir/recover-20221013/UBNA_001/20221012_030000.WAV,Telephone Field,recover-20221013,001,1795
1544.7475,1544.7927,68437,83474,Rhinolophus ferrumequinum,0.051,0.051,-1,Echolocation,/mnt/ubna_data_02_mir/recover-20221013/UBNA_001/20221012_030000.WAV,Telephone Field,recover-20221013,001,1795
1544.7945,1544.8348,68437,82604,Rhinolophus ferrumequinum,0.022,0.022,-1,Echolocation,/mnt/ubna_data_02_mir/recover-20221013/UBNA_001/20221012_030000.WAV,Telephone Field,recover-20221013,001,1795
1544.8255,1544.8342,25468,33474,Eptesicus serotinus,0.007,0.022,-1,Echolocation,/mnt/ubna_data_02_mir/recover-20221013/UBNA_001/20221012_030000.WAV,Telephone Field,recover-20221013,001,1795
1544.8405,1544.8772,68437,81754,Rhinolophus ferrumequinum,0.022,0.022,-1,Echolocation,/mnt/ubna_data_02_mir/recover-20221013/UBNA_001/20221012_030000.WAV,Telephone Field,recover-20221013,001,1795
1544.8635,1544.9048,68437,82764,Rhinolophus ferrumequinum,0.023,0.023,-1,Echolocation,/mnt/ubna_data_02_mir/recover-20221013/UBNA_001/20221012_030000.WAV,Telephone Field,recover-20221013,001,1795
1544.9075,1544.9512,68437,83340,Rhinolophus ferrumequinum,0.036,0.036,-1,Echolocation,/mnt/ubna_data_02_mir/recover-20221013/UBNA_001/20221012_030000.WAV,Telephone Field,recover-20221013,001,1795
1544.9295,1544.9395,22890,29201,Nyctalus leisleri,0.01,0.026,-1,Echolocation,/mnt/ubna_data_02_mir/recover-20221013/UBNA_001/20221012_030000.WAV,Telephone Field,recover-20221013,001,1795
1544.9325,1544.9714,68437,82133,Rhinolophus ferrumequinum,0.026,0.026,-1,Echolocation,/mnt/ubna_data_02_mir/recover-20221013/UBNA_001/20221012_030000.WAV,Telephone Field,recover-20221013,001,1795
1544.9385,1544.9778,68437,82302,Rhinolophus ferrumequinum,0.026,0.026,-1,Echolocation,/mnt/ubna_data_02_mir/recover-20221013/UBNA_001/20221012_030000.WAV,Telephone Field,recover-20221013,001,1795
1544.9535,1544.9637,28906,37129,Eptesicus serotinus,0.012,0.027,-1,Echolocation,/mnt/ubna_data_02_mir/recover-20221013/UBNA_001/20221012_030000.WAV,Telephone Field,recover-20221013,001,1795
1544.9865,1544.9946,27187,38108,Eptesicus serotinus,0.008,0.024,-1,Echolocation,/mnt/ubna_data_02_mir/recover-20221013/UBNA_001/20221012_030000.WAV,Telephone Field,recover-20221013,001,1795
1545.0115,1545.0521,68437,82411,Rhinolophus ferrumequinum,0.033,0.033,-1,Echolocation,/mnt/ubna_data_02_mir/recover-20221013/UBNA_001/20221012_030000.WAV,Telephone Field,recover-20221013,001,1795
1545.0665,1545.1101,68437,83058,Rhinolophus ferrumequinum,0.034,0.034,-1,Echolocation,/mnt/ubna_data_02_mir/recover-20221013/UBNA_001/20221012_030000.WAV,Telephone Field,recover-20221013,001,1795
1545.1215,1545.1324,22031,26338,Nyctalus leisleri,0.012,0.024,-1,Echolocation,/mnt/ubna_data_02_mir/recover-20221013/UBNA_001/20221012_030000.WAV,Telephone Field,recover-20221013,001,1795
1545.1235,1545.1631,68437,81885,Rhinolophus ferrumequinum,0.024,0.024,-1,Echolocation,/mnt/ubna_data_02_mir/recover-20221013/UBNA_001/20221012_030000.WAV,Telephone Field,recover-20221013,001,1795
1545.1695,1545.2083,68437,82916,Rhinolophus ferrumequinum,0.023,0.023,-1,Echolocation,/mnt/ubna_data_02_mir/recover-20221013/UBNA_001/20221012_030000.WAV,Telephone Field,recover-20221013,001,1795
1545.1755,1545.186,22031,27069,Nyctalus leisleri,0.011,0.024,-1,Echolocation,/mnt/ubna_data_02_mir/recover-20221013/UBNA_001/20221012_030000.WAV,Telephone Field,recover-20221013,001,1795
1545.1795,1545.189,44375,49322,Pipistrellus pipistrellus,0.023,0.029,-1,Echolocation,/mnt/ubna_data_02_mir/recover-20221013/UBNA_001/20221012_030000.WAV,Telephone Field,recover-20221013,001,1795
1545.1975,1545.2061,28046,37908,Eptesicus serotinus,0.008,0.023,-1,Echolocation,/mnt/ubna_data_02_mir/recover-20221013/UBNA_001/20221012_030000.WAV,Telephone Field,recover-20221013,001,1795
1545.2025,1545.2413,68437,82204,Rhinolophus ferrumequinum,0.022,0.022,-1,Echolocation,/mnt/ubna_data_02_mir/recover-20221013/UBNA_001/20221012_030000.WAV,Telephone Field,recover-20221013,001,1795
1545.2255,1545.2363,23750,29361,Nyctalus leisleri,0.01,0.022,-1,Echolocation,/mnt/ubna_data_02_mir/recover-20221013/UBNA_001/20221012_030000.WAV,Telephone Field,recover-20221013,001,1795
1545.2275,1545.2369,28906,38345,Eptesicus serotinus,0.009,0.023,-1,Echolocation,/mnt/ubna_data_02_mir/recover-20221013/UBNA_001/20221012_030000.WAV,Telephone Field,recover-20221013,001,1795
1545.2715,1545.3076,68437,80844,Rhinolophus ferrumequinum,0.023,0.023,-1,Echolocation,/mnt/ubna_data_02_mir/recover-20221013/UBNA_001/20221012_030000.WAV,Telephone Field,recover-20221013,001,1795
1545.2795,1545.3125,68437,80667,Rhinolophus ferrumequinum,0.022,0.022,-1,Echolocation,/mnt/ubna_data_02_mir/recover-20221013/UBNA_001/20221012_030000.WAV,Telephone Field,recover-20221013,001,1795
1545.2965,1545.3379,68437,82029,Rhinolophus ferrumequinum,0.033,0.033,-1,Echolocation,/mnt/ubna_data_02_mir/recover-20221013/UBNA_001/20221012_030000.WAV,Telephone Field,recover-20221013,001,1795
1545.3215,1545.338,23750,28001,Nyctalus leisleri,0.032,0.059,-1,Echolocation,/mnt/ubna_data_02_mir/recover-20221013/UBNA_001/20221012_030000.WAV,Telephone Field,recover-20221013,001,1795
1545.3345,1545.3758,68437,82421,Rhinolophus ferrumequinum,0.027,0.027,-1,Echolocation,/mnt/ubna_data_02_mir/recover-20221013/UBNA_001/20221012_030000.WAV,Telephone Field,recover-20221013,001,1795
1545.3455,1545.3866,68437,82088,Rhinolophus ferrumequinum,0.024,0.024,-1,Echolocation,/mnt/ubna_data_02_mir/recover-20221013/UBNA_001/20221012_030000.WAV,Telephone Field,recover-20221013,001,1795
1545.3935,1545.4291,68437,81084,Rhinolophus ferrumequinum,0.022,0.022,-1,Echolocation,/mnt/ubna_data_02_mir/recover-20221013/UBNA_001/20221012_030000.WAV,Telephone Field,recover-20221013,001,1795
1545.4035,1545.412,28046,40501,Eptesicus serotinus,0.01,0.026,-1,Echolocation,/mnt/ubna_data_02_mir/recover-20221013/UBNA_001/20221012_030000.WAV,Telephone Field,recover-20221013,001,1795
1545.4115,1545.4222,22890,28305,Nyctalus leisleri,0.013,0.026,-1,Echolocation,/mnt/ubna_data_02_mir/recover-20221013/UBNA_001/20221012_030000.WAV,Telephone Field,recover-20221013,001,1795
1545.4215,1545.4331,22890,27576,Nyctalus leisleri,0.013,0.023,-1,Echolocation,/mnt/ubna_data_02_mir/recover-20221013/UBNA_001/20221012_030000.WAV,Telephone Field,recover-20221013,001,1795
1545.4495,1545.4892,68437,82358,Rhinolophus ferrumequinum,0.023,0.023,-1,Echolocation,/mnt/ubna_data_02_mir/recover-20221013/UBNA_001/20221012_030000.WAV,Telephone Field,recover-20221013,001,1795
1545.4545,1545.4661,22890,27015,Nyctalus leisleri,0.014,0.025,-1,Echolocation,/mnt/ubna_data_02_mir/recover-20221013/UBNA_001/20221012_030000.WAV,Telephone Field,recover-20221013,001,1795
1545.5235,1545.5657,68437,83017,Rhinolophus ferrumequinum,0.026,0.026,-1,Echolocation,/mnt/ubna_data_02_mir/recover-20221013/UBNA_001/20221012_030000.WAV,Telephone Field,recover-20221013,001,1795
1545.5455,1545.5621,23750,28260,Nyctalus leisleri,0.023,0.043,-1,Echolocation,/mnt/ubna_data_02_mir/recover-20221013/UBNA_001/20221012_030000.WAV,Telephone Field,recover-20221013,001,1795
1545.5505,1545.5891,68437,82124,Rhinolophus ferrumequinum,0.022,0.022,-1,Echolocation,/mnt/ubna_data_02_mir/recover-20221013/UBNA_001/20221012_030000.WAV,Telephone Field,recover-20221013,001,1795
1545.5585,1545.5961,68437,82537,Rhinolophus ferrumequinum,0.023,0.023,-1,Echolocation,/mnt/ubna_data_02_mir/recover-20221013/UBNA_001/20221012_030000.WAV,Telephone Field,recover-20221013,001,1795
1545.6235,1545.6326,28046,38706,Eptesicus serotinus,0.008,0.022,-1,Echolocation,/mnt/ubna_data_02_mir/recover-20221013/UBNA_001/20221012_030000.WAV,Telephone Field,recover-20221013,001,1795
1545.6355,1545.6749,68437,82632,Rhinolophus ferrumequinum,0.025,0.025,-1,Echolocation,/mnt/ubna_data_02_mir/recover-20221013/UBNA_001/20221012_030000.WAV,Telephone Field,recover-20221013,001,1795
1545.6485,1545.6567,22890,30844,Plecotus austriacus,0.009,0.022,-1,Echolocation,/mnt/ubna_data_02_mir/recover-20221013/UBNA_001/20221012_030000.WAV,Telephone Field,recover-20221013,001,1795
1545.6665,1545.7055,68437,82187,Rhinolophus ferrumequinum,0.022,0.022,-1,Echolocation,/mnt/ubna_data_02_mir/recover-20221013/UBNA_001/20221012_030000.WAV,Telephone Field,recover-20221013,001,1795
1545.6825,1545.7196,68437,81932,Rhinolophus ferrumequinum,0.023,0.023,-1,Echolocation,/mnt/ubna_data_02_mir/recover-20221013/UBNA_001/20221012_030000.WAV,Telephone Field,recover-20221013,001,1795
1545.7005,1545.7082,28046,38913,Eptesicus serotinus,0.007,0.022,-1,Echolocation,/mnt/ubna_data_02_mir/recover-20221013/UBNA_001/20221012_030000.WAV,Telephone Field,recover-20221013,001,1795
1545.7145,1545.7248,22031,27174,Nyctalus leisleri,0.011,0.023,-1,Echolocation,/mnt/ubna_data_02_mir/recover-20221013/UBNA_001/20221012_030000.WAV,Telephone Field,recover-20221013,001,1795
1545.7435,1545.7838,68437,82736,Rhinolophus ferrumequinum,0.027,0.027,-1,Echolocation,/mnt/ubna_data_02_mir/recover-20221013/UBNA_001/20221012_030000.WAV,Telephone Field,recover-20221013,001,1795
1545.7465,1545.756,28906,37863,Eptesicus serotinus,0.01,0.024,-1,Echolocation,/mnt/ubna_data_02_mir/recover-20221013/UBNA_001/20221012_030000.WAV,Telephone Field,recover-20221013,001,1795
1545.7715,1545.7784,27187,45797,Eptesicus serotinus,0.007,0.023,-1,Echolocation,/mnt/ubna_data_02_mir/recover-20221013/UBNA_001/20221012_030000.WAV,Telephone Field,recover-20221013,001,1795
1545.8065,1545.8421,68437,81400,Rhinolophus ferrumequinum,0.022,0.022,-1,Echolocation,/mnt/ubna_data_02_mir/recover-20221013/UBNA_001/20221012_030000.WAV,Telephone Field,recover-20221013,001,1795
1545.8885,1545.9299,68437,82903,Rhinolophus ferrumequinum,0.028,0.028,-1,Echolocation,/mnt/ubna_data_02_mir/recover-20221013/UBNA_001/20221012_030000.WAV,Telephone Field,recover-20221013,001,1795
1545.8985,1545.9085,28906,37030,Eptesicus serotinus,0.01,0.026,-1,Echolocation,/mnt/ubna_data_02_mir/recover-20221013/UBNA_001/20221012_030000.WAV,Telephone Field,recover-20221013,001,1795
1545.9355,1545.9754,68437,82154,Rhinolophus ferrumequinum,0.032,0.032,-1,Echolocation,/mnt/ubna_data_02_mir/recover-20221013/UBNA_001/20221012_030000.WAV,Telephone Field,recover-20221013,001,1795
1546.0015,1546.0132,47812,53958,Pipistrellus pipistrellus,0.025,0.032,-1,Echolocation,/mnt/ubna_data_02_mir/recover-20221013/UBNA_001/20221012_030000.WAV,Telephone Field,recover-20221013,001,1795
1546.0015,1546.0336,68437,79388,Rhinolophus ferrumequinum,0.024,0.024,-1,Echolocation,/mnt/ubna_data_02_mir/recover-20221013/UBNA_001/20221012_030000.WAV,Telephone Field,recover-20221013,001,1795
1546.0035,1546.015,28046,35614,Eptesicus serotinus,0.023,0.037,-1,Echolocation,/mnt/ubna_data_02_mir/recover-20221013/UBNA_001/20221012_030000.WAV,Telephone Field,recover-20221013,001,1795
1546.0065,1546.0146,46093,49210,Pipistrellus pipistrellus,0.028,0.029,-1,Echolocation,/mnt/ubna_data_02_mir/recover-20221013/UBNA_001/20221012_030000.WAV,Telephone Field,recover-20221013,001,1795
1546.0085,1546.0502,68437,81939,Rhinolophus ferrumequinum,0.029,0.029,-1,Echolocation,/mnt/ubna_data_02_mir/recover-20221013/UBNA_001/20221012_030000.WAV,Telephone Field,recover-20221013,001,1795
1546.0415,1546.0529,22031,26194,Nyctalus leisleri,0.015,0.027,-1,Echolocation,/mnt/ubna_data_02_mir/recover-20221013/UBNA_001/20221012_030000.WAV,Telephone Field,recover-20221013,001,1795
1546.0535,1546.0918,68437,82127,Rhinolophus ferrumequinum,0.024,0.024,-1,Echolocation,/mnt/ubna_data_02_mir/recover-20221013/UBNA_001/20221012_030000.WAV,Telephone Field,recover-20221013,001,1795
1546.0755,1546.1153,68437,82303,Rhinolophus ferrumequinum,0.025,0.025,-1,Echolocation,/mnt/ubna_data_02_mir/recover-20221013/UBNA_001/20221012_030000.WAV,Telephone Field,recover-20221013,001,1795
1546.1385,1546.1773,68437,82411,Rhinolophus ferrumequinum,0.025,0.025,-1,Echolocation,/mnt/ubna_data_02_mir/recover-20221013/UBNA_001/20221012_030000.WAV,Telephone Field,recover-20221013,001,1795
1546.1505,1546.1918,68437,82713,Rhinolophus ferrumequinum,0.024,0.024,-1,Echolocation,/mnt/ubna_data_02_mir/recover-20221013/UBNA_001/20221012_030000.WAV,Telephone Field,recover-20221013,001,1795
1546.2095,1546.2453,68437,82190,Rhinolophus ferrumequinum,0.023,0.023,-1,Echolocation,/mnt/ubna_data_02_mir/recover-20221013/UBNA_001/20221012_030000.WAV,Telephone Field,recover-20221013,001,1795
1546.2255,1546.2383,40937,44166,Pipistrellus nathusii,0.043,0.066,-1,Echolocation,/mnt/ubna_data_02_mir/recover-20221013/UBNA_001/20221012_030000.WAV,Telephone Field,recover-20221013,001,1795
1546.2955,1546.3341,68437,82145,Rhinolophus ferrumequinum,0.03,0.03,-1,Echolocation,/mnt/ubna_data_02_mir/recover-20221013/UBNA_001/20221012_030000.WAV,Telephone Field,recover-20221013,001,1795
1546.3245,1546.3621,68437,81392,Rhinolophus ferrumequinum,0.023,0.023,-1,Echolocation,/mnt/ubna_data_02_mir/recover-20221013/UBNA_001/20221012_030000.WAV,Telephone Field,recover-20221013,001,1795
1546.3415,1546.3829,68437,83235,Rhinolophus ferrumequinum,0.035,0.035,-1,Echolocation,/mnt/ubna_data_02_mir/recover-20221013/UBNA_001/20221012_030000.WAV,Telephone Field,recover-20221013,001,1795
1546.3425,1546.3534,22890,27935,Nyctalus leisleri,0.011,0.023,-1,Echolocation,/mnt/ubna_data_02_mir/recover-20221013/UBNA_001/20221012_030000.WAV,Telephone Field,recover-20221013,001,1795
1546.3735,1546.4144000000001,68437,82446,Rhinolophus ferrumequinum,0.036,0.036,-1,Echolocation,/mnt/ubna_data_02_mir/recover-20221013/UBNA_001/20221012_030000.WAV,Telephone Field,recover-20221013,001,1795
1546.4375,1546.4476,30625,38978,Eptesicus serotinus,0.009,0.024,-1,Echolocation,/mnt/ubna_data_02_mir/recover-20221013/UBNA_001/20221012_030000.WAV,Telephone Field,recover-20221013,001,1795
1546.4435,1546.4831,68437,82757,Rhinolophus ferrumequinum,0.024,0.024,-1,Echolocation,/mnt/ubna_data_02_mir/recover-20221013/UBNA_001/20221012_030000.WAV,Telephone Field,recover-20221013,001,1795
1546.4815,1546.5204,68437,82433,Rhinolophus ferrumequinum,0.023,0.023,-1,Echolocation,/mnt/ubna_data_02_mir/recover-20221013/UBNA_001/20221012_030000.WAV,Telephone Field,recover-20221013,001,1795
1546.5405,1546.5794,68437,82678,Rhinolophus ferrumequinum,0.024,0.024,-1,Echolocation,/mnt/ubna_data_02_mir/recover-20221013/UBNA_001/20221012_030000.WAV,Telephone Field,recover-20221013,001,1795
1546.5985,1546.6109,25468,31155,Eptesicus serotinus,0.012,0.032,-1,Echolocation,/mnt/ubna_data_02_mir/recover-20221013/UBNA_001/20221012_030000.WAV,Telephone Field,recover-20221013,001,1795
1546.6295,1546.6636,68437,81783,Rhinolophus ferrumequinum,0.023,0.023,-1,Echolocation,/mnt/ubna_data_02_mir/recover-20221013/UBNA_001/20221012_030000.WAV,Telephone Field,recover-20221013,001,1795
1546.6405,1546.6787,68437,82140,Rhinolophus ferrumequinum,0.024,0.024,-1,Echolocation,/mnt/ubna_data_02_mir/recover-20221013/UBNA_001/20221012_030000.WAV,Telephone Field,recover-20221013,001,1795
1546.6805,1546.6917,37500,42278,Pipistrellus nathusii,0.006,0.023,-1,Echolocation,/mnt/ubna_data_02_mir/recover-20221013/UBNA_001/20221012_030000.WAV,Telephone Field,recover-20221013,001,1795
1546.6835,1546.6914,23750,32588,Plecotus austriacus,0.01,0.026,-1,Echolocation,/mnt/ubna_data_02_mir/recover-20221013/UBNA_001/20221012_030000.WAV,Telephone Field,recover-20221013,001,1795
1546.6905,1546.7315,68437,82373,Rhinolophus ferrumequinum,0.033,0.033,-1,Echolocation,/mnt/ubna_data_02_mir/recover-20221013/UBNA_001/20221012_030000.WAV,Telephone Field,recover-20221013,001,1795
1546.7115,1546.7189,28046,40879,Eptesicus serotinus,0.008,0.026,-1,Echolocation,/mnt/ubna_data_02_mir/recover-20221013/UBNA_001/20221012_030000.WAV,Telephone Field,recover-20221013,001,1795
1546.7385,1546.7766,68437,81969,Rhinolophus ferrumequinum,0.029,0.029,-1,Echolocation,/mnt/ubna_data_02_mir/recover-20221013/UBNA_001/20221012_030000.WAV,Telephone Field,recover-20221013,001,1795
1546.7475,1546.7567,28046,40297,Eptesicus serotinus,0.013,0.028,-1,Echolocation,/mnt/ubna_data_02_mir/recover-20221013/UBNA_001/20221012_030000.WAV,Telephone Field,recover-20221013,001,1795
1546.7505,1546.7581,33203,39806,Barbastellus barbastellus,0.014,0.027,-1,Echolocation,/mnt/ubna_data_02_mir/recover-20221013/UBNA_001/20221012_030000.WAV,Telephone Field,recover-20221013,001,1795
1546.7655,1546.8048,68437,82453,Rhinolophus ferrumequinum,0.025,0.025,-1,Echolocation,/mnt/ubna_data_02_mir/recover-20221013/UBNA_001/20221012_030000.WAV,Telephone Field,recover-20221013,001,1795
1546.7765,1546.7838,26328,39631,Eptesicus serotinus,0.006,0.023,-1,Echolocation,/mnt/ubna_data_02_mir/recover-20221013/UBNA_001/20221012_030000.WAV,Telephone Field,recover-20221013,001,1795
1546.7915,1546.8307,68437,82133,Rhinolophus ferrumequinum,0.03,0.03,-1,Echolocation,/mnt/ubna_data_02_mir/recover-20221013/UBNA_001/20221012_030000.WAV,Telephone Field,recover-20221013,001,1795
1546.8005,1546.8404,68437,82066,Rhinolophus ferrumequinum,0.026,0.026,-1,Echolocation,/mnt/ubna_data_02_mir/recover-20221013/UBNA_001/20221012_030000.WAV,Telephone Field,recover-20221013,001,1795
1546.8165,1546.8507,68437,81466,Rhinolophus ferrumequinum,0.027,0.027,-1,Echolocation,/mnt/ubna_data_02_mir/recover-20221013/UBNA_001/20221012_030000.WAV,Telephone Field,recover-20221013,001,1795
1546.8315,1546.8393,37500,43483,Barbastellus barbastellus,0.027,0.051,-1,Echolocation,/mnt/ubna_data_02_mir/recover-20221013/UBNA_001/20221012_030000.WAV,Telephone Field,recover-20221013,001,1795
1546.8345,1546.8411,27187,43650,Eptesicus serotinus,0.007,0.025,-1,Echolocation,/mnt/ubna_data_02_mir/recover-20221013/UBNA_001/20221012_030000.WAV,Telephone Field,recover-20221013,001,1795
1546.8435,1546.8859,68437,82830,Rhinolophus ferrumequinum,0.033,0.033,-1,Echolocation,/mnt/ubna_data_02_mir/recover-20221013/UBNA_001/20221012_030000.WAV,Telephone Field,recover-20221013,001,1795
1546.8535,1546.8927,68437,82709,Rhinolophus ferrumequinum,0.024,0.024,-1,Echolocation,/mnt/ubna_data_02_mir/recover-20221013/UBNA_001/20221012_030000.WAV,Telephone Field,recover-20221013,001,1795
1546.9005,1546.9079,28906,40458,Eptesicus serotinus,0.015,0.035,-1,Echolocation,/mnt/ubna_data_02_mir/recover-20221013/UBNA_001/20221012_030000.WAV,Telephone Field,recover-20221013,001,1795
1546.9195,1546.9294,22031,27754,Nyctalus leisleri,0.008,0.023,-1,Echolocation,/mnt/ubna_data_02_mir/recover-20221013/UBNA_001/20221012_030000.WAV,Telephone Field,recover-20221013,001,1795
1546.9255,1546.9672,68437,82330,Rhinolophus ferrumequinum,0.029,0.029,-1,Echolocation,/mnt/ubna_data_02_mir/recover-20221013/UBNA_001/20221012_030000.WAV,Telephone Field,recover-20221013,001,1795
1547.0675,1547.0764,24609,33141,Eptesicus serotinus,0.009,0.025,-1,Echolocation,/mnt/ubna_data_02_mir/recover-20221013/UBNA_001/20221012_030000.WAV,Telephone Field,recover-20221013,001,1795
1547.0785,1547.1176,68437,82261,Rhinolophus ferrumequinum,0.024,0.024,-1,Echolocation,/mnt/ubna_data_02_mir/recover-20221013/UBNA_001/20221012_030000.WAV,Telephone Field,recover-20221013,001,1795
1547.1285,1547.1642,68437,81335,Rhinolophus ferrumequinum,0.023,0.023,-1,Echolocation,/mnt/ubna_data_02_mir/recover-20221013/UBNA_001/20221012_030000.WAV,Telephone Field,recover-20221013,001,1795
1547.1715,1547.2101,68437,82024,Rhinolophus ferrumequinum,0.024,0.024,-1,Echolocation,/mnt/ubna_data_02_mir/recover-20221013/UBNA_001/20221012_030000.WAV,Telephone Field,recover-20221013,001,1795
1547.1825,1547.2202,68437,82200,Rhinolophus ferrumequinum,0.023,0.023,-1,Echolocation,/mnt/ubna_data_02_mir/recover-20221013/UBNA_001/20221012_030000.WAV,Telephone Field,recover-20221013,001,1795
1547.1855,1547.1935,28046,39696,Eptesicus serotinus,0.009,0.025,-1,Echolocation,/mnt/ubna_data_02_mir/recover-20221013/UBNA_001/20221012_030000.WAV,Telephone Field,recover-20221013,001,1795
1547.1985,1547.2087,27187,35328,Eptesicus serotinus,0.009,0.023,-1,Echolocation,/mnt/ubna_data_02_mir/recover-20221013/UBNA_001/20221012_030000.WAV,Telephone Field,recover-20221013,001,1795
1547.2255,1547.2338,28046,38096,Eptesicus serotinus,0.008,0.024,-1,Echolocation,/mnt/ubna_data_02_mir/recover-20221013/UBNA_001/20221012_030000.WAV,Telephone Field,recover-20221013,001,1795
1547.2355,1547.2755,68437,82013,Rhinolophus ferrumequinum,0.03,0.03,-1,Echolocation,/mnt/ubna_data_02_mir/recover-20221013/UBNA_001/20221012_030000.WAV,Telephone Field,recover-20221013,001,1795
1547.2555,1547.2692,23750,29500,Nyctalus leisleri,0.018,0.039,-1,Echolocation,/mnt/ubna_data_02_mir/recover-20221013/UBNA_001/20221012_030000.WAV,Telephone Field,recover-20221013,001,1795
1547.2725,1547.3071,68437,81488,Rhinolophus ferrumequinum,0.026,0.026,-1,Echolocation,/mnt/ubna_data_02_mir/recover-20221013/UBNA_001/20221012_030000.WAV,Telephone Field,recover-20221013,001,1795
1547.2955,1547.3074,22890,27530,Nyctalus leisleri,0.016,0.03,-1,Echolocation,/mnt/ubna_data_02_mir/recover-20221013/UBNA_001/20221012_030000.WAV,Telephone Field,recover-20221013,001,1795
1547.3255,1547.3347,28906,38313,Eptesicus serotinus,0.008,0.023,-1,Echolocation,/mnt/ubna_data_02_mir/recover-20221013/UBNA_001/20221012_030000.WAV,Telephone Field,recover-20221013,001,1795
1547.3385,1547.3482,27187,35839,Eptesicus serotinus,0.009,0.023,-1,Echolocation,/mnt/ubna_data_02_mir/recover-20221013/UBNA_001/20221012_030000.WAV,Telephone Field,recover-20221013,001,1795
1547.3435,1547.3832,68437,82402,Rhinolophus ferrumequinum,0.024,0.024,-1,Echolocation,/mnt/ubna_data_02_mir/recover-20221013/UBNA_001/20221012_030000.WAV,Telephone Field,recover-20221013,001,1795
1547.3485,1547.3576,27187,36650,Eptesicus serotinus,0.009,0.023,-1,Echolocation,/mnt/ubna_data_02_mir/recover-20221013/UBNA_001/20221012_030000.WAV,Telephone Field,recover-20221013,001,1795
1547.3835,1547.4171,68437,80873,Rhinolophus ferrumequinum,0.025,0.025,-1,Echolocation,/mnt/ubna_data_02_mir/recover-20221013/UBNA_001/20221012_030000.WAV,Telephone Field,recover-20221013,001,1795
1547.4245,1547.435,24609,31844,Eptesicus serotinus,0.01,0.027,-1,Echolocation,/mnt/ubna_data_02_mir/recover-20221013/UBNA_001/20221012_030000.WAV,Telephone Field,recover-20221013,001,1795
1547.4275,1547.4638,68437,81532,Rhinolophus ferrumequinum,0.023,0.023,-1,Echolocation,/mnt/ubna_data_02_mir/recover-20221013/UBNA_001/20221012_030000.WAV,Telephone Field,recover-20221013,001,1795
1547.4515,1547.4595,28906,38383,Eptesicus serotinus,0.01,0.028,-1,Echolocation,/mnt/ubna_data_02_mir/recover-20221013/UBNA_001/20221012_030000.WAV,Telephone Field,recover-20221013,001,1795
1547.4845,1547.4946,28906,36278,Eptesicus serotinus,0.012,0.026,-1,Echolocation,/mnt/ubna_data_02_mir/recover-20221013/UBNA_001/20221012_030000.WAV,Telephone Field,recover-20221013,001,1795
1547.4905,1547.5005,28906,37764,Eptesicus serotinus,0.01,0.024,-1,Echolocation,/mnt/ubna_data_02_mir/recover-20221013/UBNA_001/20221012_030000.WAV,Telephone Field,recover-20221013,001,1795
1547.4915,1547.5312,68437,82361,Rhinolophus ferrumequinum,0.029,0.029,-1,Echolocation,/mnt/ubna_data_02_mir/recover-20221013/UBNA_001/20221012_030000.WAV,Telephone Field,recover-20221013,001,1795
1547.5195,1547.5268,28906,39363,Eptesicus serotinus,0.009,0.027,-1,Echolocation,/mnt/ubna_data_02_mir/recover-20221013/UBNA_001/20221012_030000.WAV,Telephone Field,recover-20221013,001,1795
1547.5315,1547.5718,68437,82430,Rhinolophus ferrumequinum,0.023,0.023,-1,Echolocation,/mnt/ubna_data_02_mir/recover-20221013/UBNA_001/20221012_030000.WAV,Telephone Field,recover-20221013,001,1795
1547.5375,1547.5771,68437,82179,Rhinolophus ferrumequinum,0.024,0.024,-1,Echolocation,/mnt/ubna_data_02_mir/recover-20221013/UBNA_001/20221012_030000.WAV,Telephone Field,recover-20221013,001,1795
1547.5505,1547.5588,28046,39322,Eptesicus serotinus,0.01,0.025,-1,Echolocation,/mnt/ubna_data_02_mir/recover-20221013/UBNA_001/20221012_030000.WAV,Telephone Field,recover-20221013,001,1795
1547.6235,1547.6302,31484,44536,Myotis daubentonii,0.014,0.026,-1,Echolocation,/mnt/ubna_data_02_mir/recover-20221013/UBNA_001/20221012_030000.WAV,Telephone Field,recover-20221013,001,1795
1547.6245,1547.6648,68437,82797,Rhinolophus ferrumequinum,0.041,0.041,-1,Echolocation,/mnt/ubna_data_02_mir/recover-20221013/UBNA_001/20221012_030000.WAV,Telephone Field,recover-20221013,001,1795
1547.6275,1547.6379,22890,29239,Nyctalus leisleri,0.01,0.025,-1,Echolocation,/mnt/ubna_data_02_mir/recover-20221013/UBNA_001/20221012_030000.WAV,Telephone Field,recover-20221013,001,1795
1547.6345,1547.6467,22031,26660,Nyctalus leisleri,0.013,0.024,-1,Echolocation,/mnt/ubna_data_02_mir/recover-20221013/UBNA_001/20221012_030000.WAV,Telephone Field,recover-20221013,001,1795
1547.6545,1547.6948,68437,82843,Rhinolophus ferrumequinum,0.032,0.032,-1,Echolocation,/mnt/ubna_data_02_mir/recover-20221013/UBNA_001/20221012_030000.WAV,Telephone Field,recover-20221013,001,1795
1547.6925,1547.7021,26328,34562,Eptesicus serotinus,0.011,0.024,-1,Echolocation,/mnt/ubna_data_02_mir/recover-20221013/UBNA_001/20221012_030000.WAV,Telephone Field,recover-20221013,001,1795
1547.7075,1547.7161,28046,40476,Eptesicus serotinus,0.011,0.027,-1,Echolocation,/mnt/ubna_data_02_mir/recover-20221013/UBNA_001/20221012_030000.WAV,Telephone Field,recover-20221013,001,1795
1547.7335,1547.7441,23750,30071,Nyctalus leisleri,0.017,0.04,-1,Echolocation,/mnt/ubna_data_02_mir/recover-20221013/UBNA_001/20221012_030000.WAV,Telephone Field,recover-20221013,001,1795
1547.7655,1547.8076,68437,83046,Rhinolophus ferrumequinum,0.034,0.034,-1,Echolocation,/mnt/ubna_data_02_mir/recover-20221013/UBNA_001/20221012_030000.WAV,Telephone Field,recover-20221013,001,1795
1547.7705,1547.7806,28046,36205,Eptesicus serotinus,0.011,0.025,-1,Echolocation,/mnt/ubna_data_02_mir/recover-20221013/UBNA_001/20221012_030000.WAV,Telephone Field,recover-20221013,001,1795
1547.7965,1547.8368,68437,82385,Rhinolophus ferrumequinum,0.028,0.028,-1,Echolocation,/mnt/ubna_data_02_mir/recover-20221013/UBNA_001/20221012_030000.WAV,Telephone Field,recover-20221013,001,1795
1547.8115,1547.847,68437,81847,Rhinolophus ferrumequinum,0.026,0.026,-1,Echolocation,/mnt/ubna_data_02_mir/recover-20221013/UBNA_001/20221012_030000.WAV,Telephone Field,recover-20221013,001,1795
1547.8195,1547.8316,27187,32235,Eptesicus serotinus,0.024,0.048,-1,Echolocation,/mnt/ubna_data_02_mir/recover-20221013/UBNA_001/20221012_030000.WAV,Telephone Field,recover-20221013,001,1795
1547.8255,1547.866,68437,82701,Rhinolophus ferrumequinum,0.026,0.026,-1,Echolocation,/mnt/ubna_data_02_mir/recover-20221013/UBNA_001/20221012_030000.WAV,Telephone Field,recover-20221013,001,1795
1547.8495,1547.8594,23750,30312,Nyctalus leisleri,0.008,0.023,-1,Echolocation,/mnt/ubna_data_02_mir/recover-20221013/UBNA_001/20221012_030000.WAV,Telephone Field,recover-20221013,001,1795
1547.8665,1547.8753,28046,38056,Eptesicus serotinus,0.012,0.029,-1,Echolocation,/mnt/ubna_data_02_mir/recover-20221013/UBNA_001/20221012_030000.WAV,Telephone Field,recover-20221013,001,1795
1547.8835,1547.9231,68437,82679,Rhinolophus ferrumequinum,0.024,0.024,-1,Echolocation,/mnt/ubna_data_02_mir/recover-20221013/UBNA_001/20221012_030000.WAV,Telephone Field,recover-20221013,001,1795
1547.9095,1547.9492,68437,82388,Rhinolophus ferrumequinum,0.027,0.027,-1,Echolocation,/mnt/ubna_data_02_mir/recover-20221013/UBNA_001/20221012_030000.WAV,Telephone Field,recover-20221013,001,1795
1547.9225,1547.9617,68437,82530,Rhinolophus ferrumequinum,0.023,0.023,-1,Echolocation,/mnt/ubna_data_02_mir/recover-20221013/UBNA_001/20221012_030000.WAV,Telephone Field,recover-20221013,001,1795
1547.9345,1547.9714,68437,81487,Rhinolophus ferrumequinum,0.03,0.03,-1,Echolocation,/mnt/ubna_data_02_mir/recover-20221013/UBNA_001/20221012_030000.WAV,Telephone Field,recover-20221013,001,1795
1547.9435,1547.958,14296,20305,Nyctalus noctula,0.017,0.026,-1,Echolocation,/mnt/ubna_data_02_mir/recover-20221013/UBNA_001/20221012_030000.WAV,Telephone Field,recover-20221013,001,1795
1547.9845,1547.9911,30625,49386,Myotis daubentonii,0.013,0.027,-1,Echolocation,/mnt/ubna_data_02_mir/recover-20221013/UBNA_001/20221012_030000.WAV,Telephone Field,recover-20221013,001,1795
1547.9845,1547.9917,23750,35797,Plecotus austriacus,0.01,0.028,-1,Echolocation,/mnt/ubna_data_02_mir/recover-20221013/UBNA_001/20221012_030000.WAV,Telephone Field,recover-20221013,001,1795
1548.0015,1548.0167,18593,24564,Nyctalus noctula,0.015,0.038,-1,Echolocation,/mnt/ubna_data_02_mir/recover-20221013/UBNA_001/20221012_030000.WAV,Telephone Field,recover-20221013,001,1795
1548.0015,1548.0302,68437,79800,Rhinolophus ferrumequinum,0.035,0.035,-1,Echolocation,/mnt/ubna_data_02_mir/recover-20221013/UBNA_001/20221012_030000.WAV,Telephone Field,recover-20221013,001,1795
1548.0075,1548.0449,68437,81709,Rhinolophus ferrumequinum,0.028,0.028,-1,Echolocation,/mnt/ubna_data_02_mir/recover-20221013/UBNA_001/20221012_030000.WAV,Telephone Field,recover-20221013,001,1795
1548.0115,1548.031,16015,21106,Nyctalus noctula,0.025,0.033,-1,Echolocation,/mnt/ubna_data_02_mir/recover-20221013/UBNA_001/20221012_030000.WAV,Telephone Field,recover-20221013,001,1795
1548.0195,1548.0353,15156,18767,Nyctalus noctula,0.016,0.028,-1,Echolocation,/mnt/ubna_data_02_mir/recover-20221013/UBNA_001/20221012_030000.WAV,Telephone Field,recover-20221013,001,1795
1548.0675,1548.1065,68437,82202,Rhinolophus ferrumequinum,0.024,0.024,-1,Echolocation,/mnt/ubna_data_02_mir/recover-20221013/UBNA_001/20221012_030000.WAV,Telephone Field,recover-20221013,001,1795
1548.0925,1548.1293,68437,81979,Rhinolophus ferrumequinum,0.024,0.024,-1,Echolocation,/mnt/ubna_data_02_mir/recover-20221013/UBNA_001/20221012_030000.WAV,Telephone Field,recover-20221013,001,1795
1548.1175,1548.1294,26328,32465,Eptesicus serotinus,0.014,0.029,-1,Echolocation,/mnt/ubna_data_02_mir/recover-20221013/UBNA_001/20221012_030000.WAV,Telephone Field,recover-20221013,001,1795
1548.1295,1548.1661,68437,81771,Rhinolophus ferrumequinum,0.023,0.023,-1,Echolocation,/mnt/ubna_data_02_mir/recover-20221013/UBNA_001/20221012_030000.WAV,Telephone Field,recover-20221013,001,1795
1548.1465,1548.1856,68437,82274,Rhinolophus ferrumequinum,0.023,0.023,-1,Echolocation,/mnt/ubna_data_02_mir/recover-20221013/UBNA_001/20221012_030000.WAV,Telephone Field,recover-20221013,001,1795
1548.1485,1548.1553,24609,35321,Plecotus austriacus,0.011,0.029,-1,Echolocation,/mnt/ubna_data_02_mir/recover-20221013/UBNA_001/20221012_030000.WAV,Telephone Field,recover-20221013,001,1795
1548.1605,1548.2006,68437,81833,Rhinolophus ferrumequinum,0.021,0.021,-1,Echolocation,/mnt/ubna_data_02_mir/recover-20221013/UBNA_001/20221012_030000.WAV,Telephone Field,recover-20221013,001,1795
1548.1675,1548.2079,68437,82727,Rhinolophus ferrumequinum,0.021,0.021,-1,Echolocation,/mnt/ubna_data_02_mir/recover-20221013/UBNA_001/20221012_030000.WAV,Telephone Field,recover-20221013,001,1795
1548.1835,1548.1906,30625,40418,Myotis daubentonii,0.009,0.026,-1,Echolocation,/mnt/ubna_data_02_mir/recover-20221013/UBNA_001/20221012_030000.WAV,Telephone Field,recover-20221013,001,1795
1548.1905,1548.2015,22890,28176,Nyctalus leisleri,0.011,0.023,-1,Echolocation,/mnt/ubna_data_02_mir/recover-20221013/UBNA_001/20221012_030000.WAV,Telephone Field,recover-20221013,001,1795
1548.2045,1548.2195,22031,26112,Nyctalus leisleri,0.013,0.023,-1,Echolocation,/mnt/ubna_data_02_mir/recover-20221013/UBNA_001/20221012_030000.WAV,Telephone Field,recover-20221013,001,1795
1548.2105,1548.2284,21171,24066,Nyctalus leisleri,0.016,0.025,-1,Echolocation,/mnt/ubna_data_02_mir/recover-20221013/UBNA_001/20221012_030000.WAV,Telephone Field,recover-20221013,001,1795
1548.2295,1548.2664,68437,81829,Rhinolophus ferrumequinum,0.022,0.022,-1,Echolocation,/mnt/ubna_data_02_mir/recover-20221013/UBNA_001/20221012_030000.WAV,Telephone Field,recover-20221013,001,1795
1548.2345,1548.2696,68437,81498,Rhinolophus ferrumequinum,0.022,0.022,-1,Echolocation,/mnt/ubna_data_02_mir/recover-20221013/UBNA_001/20221012_030000.WAV,Telephone Field,recover-20221013,001,1795
1548.2725,1548.3123,68437,82371,Rhinolophus ferrumequinum,0.023,0.023,-1,Echolocation,/mnt/ubna_data_02_mir/recover-20221013/UBNA_001/20221012_030000.WAV,Telephone Field,recover-20221013,001,1795
1548.3245,1548.3652,68437,82674,Rhinolophus ferrumequinum,0.026,0.026,-1,Echolocation,/mnt/ubna_data_02_mir/recover-20221013/UBNA_001/20221012_030000.WAV,Telephone Field,recover-20221013,001,1795
1548.3325,1548.3738,68437,82586,Rhinolophus ferrumequinum,0.025,0.025,-1,Echolocation,/mnt/ubna_data_02_mir/recover-20221013/UBNA_001/20221012_030000.WAV,Telephone Field,recover-20221013,001,1795
1548.3595,1548.3688,28906,37613,Eptesicus serotinus,0.009,0.022,-1,Echolocation,/mnt/ubna_data_02_mir/recover-20221013/UBNA_001/20221012_030000.WAV,Telephone Field,recover-20221013,001,1795
1548.3695,1548.4073,68437,82000,Rhinolophus ferrumequinum,0.024,0.024,-1,Echolocation,/mnt/ubna_data_02_mir/recover-20221013/UBNA_001/20221012_030000.WAV,Telephone Field,recover-20221013,001,1795
1548.3845,1548.3929,28906,38475,Eptesicus serotinus,0.009,0.023,-1,Echolocation,/mnt/ubna_data_02_mir/recover-20221013/UBNA_001/20221012_030000.WAV,Telephone Field,recover-20221013,001,1795
1548.3855,1548.4236,68437,82077,Rhinolophus ferrumequinum,0.023,0.023,-1,Echolocation,/mnt/ubna_data_02_mir/recover-20221013/UBNA_001/20221012_030000.WAV,Telephone Field,recover-20221013,001,1795
1548.4005,1548.4398,68437,81957,Rhinolophus ferrumequinum,0.024,0.025,-1,Echolocation,/mnt/ubna_data_02_mir/recover-20221013/UBNA_001/20221012_030000.WAV,Telephone Field,recover-20221013,001,1795
1548.4465,1548.457,28906,36460,Eptesicus serotinus,0.01,0.024,-1,Echolocation,/mnt/ubna_data_02_mir/recover-20221013/UBNA_001/20221012_030000.WAV,Telephone Field,recover-20221013,001,1795
1548.4765,1548.486,28906,37488,Eptesicus serotinus,0.01,0.026,-1,Echolocation,/mnt/ubna_data_02_mir/recover-20221013/UBNA_001/20221012_030000.WAV,Telephone Field,recover-20221013,001,1795
1548.4865,1548.4958,35781,41761,Barbastellus barbastellus,0.013,0.029,-1,Echolocation,/mnt/ubna_data_02_mir/recover-20221013/UBNA_001/20221012_030000.WAV,Telephone Field,recover-20221013,001,1795
1548.4955,1548.5342,68437,81957,Rhinolophus ferrumequinum,0.022,0.022,-1,Echolocation,/mnt/ubna_data_02_mir/recover-20221013/UBNA_001/20221012_030000.WAV,Telephone Field,recover-20221013,001,1795
1548.5305,1548.5702,68437,82167,Rhinolophus ferrumequinum,0.023,0.023,-1,Echolocation,/mnt/ubna_data_02_mir/recover-20221013/UBNA_001/20221012_030000.WAV,Telephone Field,recover-20221013,001,1795
1548.5715,1548.5812,29765,36689,Eptesicus serotinus,0.008,0.021,-1,Echolocation,/mnt/ubna_data_02_mir/recover-20221013/UBNA_001/20221012_030000.WAV,Telephone Field,recover-20221013,001,1795
1548.5715,1548.6087,68437,82343,Rhinolophus ferrumequinum,0.021,0.022,-1,Echolocation,/mnt/ubna_data_02_mir/recover-20221013/UBNA_001/20221012_030000.WAV,Telephone Field,recover-20221013,001,1795
1548.5805,1548.6178,68437,81843,Rhinolophus ferrumequinum,0.024,0.024,-1,Echolocation,/mnt/ubna_data_02_mir/recover-20221013/UBNA_001/20221012_030000.WAV,Telephone Field,recover-20221013,001,1795
1548.5965,1548.6368,68437,82429,Rhinolophus ferrumequinum,0.023,0.023,-1,Echolocation,/mnt/ubna_data_02_mir/recover-20221013/UBNA_001/20221012_030000.WAV,Telephone Field,recover-20221013,001,1795
1548.6235,1548.6343,23750,29915,Nyctalus leisleri,0.01,0.023,-1,Echolocation,/mnt/ubna_data_02_mir/recover-20221013/UBNA_001/20221012_030000.WAV,Telephone Field,recover-20221013,001,1795
1548.6665,1548.7056,68437,82345,Rhinolophus ferrumequinum,0.023,0.023,-1,Echolocation,/mnt/ubna_data_02_mir/recover-20221013/UBNA_001/20221012_030000.WAV,Telephone Field,recover-20221013,001,1795
1548.6715,1548.7105999999999,68437,82534,Rhinolophus ferrumequinum,0.024,0.024,-1,Echolocation,/mnt/ubna_data_02_mir/recover-20221013/UBNA_001/20221012_030000.WAV,Telephone Field,recover-20221013,001,1795
1548.6735,1548.6847,22890,27405,Nyctalus leisleri,0.011,0.022,-1,Echolocation,/mnt/ubna_data_02_mir/recover-20221013/UBNA_001/20221012_030000.WAV,Telephone Field,recover-20221013,001,1795
1548.7085,1548.7209,23750,28848,Nyctalus leisleri,0.011,0.023,-1,Echolocation,/mnt/ubna_data_02_mir/recover-20221013/UBNA_001/20221012_030000.WAV,Telephone Field,recover-20221013,001,1795
1548.7335,1548.7711,68437,81410,Rhinolophus ferrumequinum,0.023,0.023,-1,Echolocation,/mnt/ubna_data_02_mir/recover-20221013/UBNA_001/20221012_030000.WAV,Telephone Field,recover-20221013,001,1795
1548.7645,1548.8047,68437,82483,Rhinolophus ferrumequinum,0.023,0.023,-1,Echolocation,/mnt/ubna_data_02_mir/recover-20221013/UBNA_001/20221012_030000.WAV,Telephone Field,recover-20221013,001,1795
1548.7715,1548.8119,68437,82770,Rhinolophus ferrumequinum,0.03,0.03,-1,Echolocation,/mnt/ubna_data_02_mir/recover-20221013/UBNA_001/20221012_030000.WAV,Telephone Field,recover-20221013,001,1795
1548.8105,1548.8224,24609,30254,Nyctalus leisleri,0.018,0.045,-1,Echolocation,/mnt/ubna_data_02_mir/recover-20221013/UBNA_001/20221012_030000.WAV,Telephone Field,recover-20221013,001,1795
1548.8155,1548.854,68437,82329,Rhinolophus ferrumequinum,0.022,0.022,-1,Echolocation,/mnt/ubna_data_02_mir/recover-20221013/UBNA_001/20221012_030000.WAV,Telephone Field,recover-20221013,001,1795
1548.8475,1548.8545,28046,38869,Eptesicus serotinus,0.006,0.021,-1,Echolocation,/mnt/ubna_data_02_mir/recover-20221013/UBNA_001/20221012_030000.WAV,Telephone Field,recover-20221013,001,1795
1548.8595,1548.8695,23750,29604,Nyctalus leisleri,0.009,0.025,-1,Echolocation,/mnt/ubna_data_02_mir/recover-20221013/UBNA_001/20221012_030000.WAV,Telephone Field,recover-20221013,001,1795
1548.9075,1548.918,29765,36949,Eptesicus serotinus,0.012,0.024,-1,Echolocation,/mnt/ubna_data_02_mir/recover-20221013/UBNA_001/20221012_030000.WAV,Telephone Field,recover-20221013,001,1795
1548.9115,1548.9526,68437,82701,Rhinolophus ferrumequinum,0.029,0.029,-1,Echolocation,/mnt/ubna_data_02_mir/recover-20221013/UBNA_001/20221012_030000.WAV,Telephone Field,recover-20221013,001,1795
1549.0045,1549.0417,68437,82046,Rhinolophus ferrumequinum,0.021,0.021,-1,Echolocation,/mnt/ubna_data_02_mir/recover-20221013/UBNA_001/20221012_030000.WAV,Telephone Field,recover-20221013,001,1795
1549.0145,1549.0557,68437,82510,Rhinolophus ferrumequinum,0.023,0.023,-1,Echolocation,/mnt/ubna_data_02_mir/recover-20221013/UBNA_001/20221012_030000.WAV,Telephone Field,recover-20221013,001,1795
1549.0295,1549.0402,34062,38506,Barbastellus barbastellus,0.009,0.028,-1,Echolocation,/mnt/ubna_data_02_mir/recover-20221013/UBNA_001/20221012_030000.WAV,Telephone Field,recover-20221013,001,1795
1549.0415,1549.0831,68437,82616,Rhinolophus ferrumequinum,0.033,0.033,-1,Echolocation,/mnt/ubna_data_02_mir/recover-20221013/UBNA_001/20221012_030000.WAV,Telephone Field,recover-20221013,001,1795
1549.0525,1549.0603,26328,35848,Eptesicus serotinus,0.009,0.026,-1,Echolocation,/mnt/ubna_data_02_mir/recover-20221013/UBNA_001/20221012_030000.WAV,Telephone Field,recover-20221013,001,1795
1549.0965,1549.1086,23750,28850,Nyctalus leisleri,0.014,0.031,-1,Echolocation,/mnt/ubna_data_02_mir/recover-20221013/UBNA_001/20221012_030000.WAV,Telephone Field,recover-20221013,001,1795
1549.0975,1549.1363,68437,81392,Rhinolophus ferrumequinum,0.024,0.024,-1,Echolocation,/mnt/ubna_data_02_mir/recover-20221013/UBNA_001/20221012_030000.WAV,Telephone Field,recover-20221013,001,1795
1549.1325,1549.1697,68437,81902,Rhinolophus ferrumequinum,0.026,0.026,-1,Echolocation,/mnt/ubna_data_02_mir/recover-20221013/UBNA_001/20221012_030000.WAV,Telephone Field,recover-20221013,001,1795
1549.1595,1549.1986,68437,82838,Rhinolophus ferrumequinum,0.023,0.023,-1,Echolocation,/mnt/ubna_data_02_mir/recover-20221013/UBNA_001/20221012_030000.WAV,Telephone Field,recover-20221013,001,1795
1549.1685,1549.2074,68437,81301,Rhinolophus ferrumequinum,0.022,0.022,-1,Echolocation,/mnt/ubna_data_02_mir/recover-20221013/UBNA_001/20221012_030000.WAV,Telephone Field,recover-20221013,001,1795
1549.1845,1549.2204,68437,81389,Rhinolophus ferrumequinum,0.023,0.023,-1,Echolocation,/mnt/ubna_data_02_mir/recover-20221013/UBNA_001/20221012_030000.WAV,Telephone Field,recover-20221013,001,1795
1549.1865,1549.1987,15156,21452,Nyctalus noctula,0.016,0.026,-1,Echolocation,/mnt/ubna_data_02_mir/recover-20221013/UBNA_001/20221012_030000.WAV,Telephone Field,recover-20221013,001,1795
1549.2005,1549.2107,23750,30422,Nyctalus leisleri,0.009,0.028,-1,Echolocation,/mnt/ubna_data_02_mir/recover-20221013/UBNA_001/20221012_030000.WAV,Telephone Field,recover-20221013,001,1795
1549.2315,1549.2714,68437,82803,Rhinolophus ferrumequinum,0.023,0.023,-1,Echolocation,/mnt/ubna_data_02_mir/recover-20221013/UBNA_001/20221012_030000.WAV,Telephone Field,recover-20221013,001,1795
1549.2535,1549.2872,68437,81330,Rhinolophus ferrumequinum,0.022,0.022,-1,Echolocation,/mnt/ubna_data_02_mir/recover-20221013/UBNA_001/20221012_030000.WAV,Telephone Field,recover-20221013,001,1795
1549.2635,1549.304,68437,81959,Rhinolophus ferrumequinum,0.022,0.022,-1,Echolocation,/mnt/ubna_data_02_mir/recover-20221013/UBNA_001/20221012_030000.WAV,Telephone Field,recover-20221013,001,1795
1549.2765,1549.2904,22031,26000,Nyctalus leisleri,0.027,0.048,-1,Echolocation,/mnt/ubna_data_02_mir/recover-20221013/UBNA_001/20221012_030000.WAV,Telephone Field,recover-20221013,001,1795
1549.2765,1549.318,68437,82907,Rhinolophus ferrumequinum,0.024,0.024,-1,Echolocation,/mnt/ubna_data_02_mir/recover-20221013/UBNA_001/20221012_030000.WAV,Telephone Field,recover-20221013,001,1795
1549.3005,1549.3396,68437,81622,Rhinolophus ferrumequinum,0.027,0.028,-1,Echolocation,/mnt/ubna_data_02_mir/recover-20221013/UBNA_001/20221012_030000.WAV,Telephone Field,recover-20221013,001,1795
1549.3095,1549.3189,34062,41432,Myotis daubentonii,0.007,0.027,-1,Echolocation,/mnt/ubna_data_02_mir/recover-20221013/UBNA_001/20221012_030000.WAV,Telephone Field,recover-20221013,001,1795
1549.3105,1549.3488,68437,82013,Rhinolophus ferrumequinum,0.025,0.025,-1,Echolocation,/mnt/ubna_data_02_mir/recover-20221013/UBNA_001/20221012_030000.WAV,Telephone Field,recover-20221013,001,1795
1549.3305,1549.3675,68437,81449,Rhinolophus ferrumequinum,0.021,0.021,-1,Echolocation,/mnt/ubna_data_02_mir/recover-20221013/UBNA_001/20221012_030000.WAV,Telephone Field,recover-20221013,001,1795
1549.3415,1549.3795,68437,81775,Rhinolophus ferrumequinum,0.022,0.022,-1,Echolocation,/mnt/ubna_data_02_mir/recover-20221013/UBNA_001/20221012_030000.WAV,Telephone Field,recover-20221013,001,1795
1549.3525,1549.3629,22890,28146,Nyctalus leisleri,0.01,0.024,-1,Echolocation,/mnt/ubna_data_02_mir/recover-20221013/UBNA_001/20221012_030000.WAV,Telephone Field,recover-20221013,001,1795
1549.3785,1549.4196,68437,82412,Rhinolophus ferrumequinum,0.024,0.024,-1,Echolocation,/mnt/ubna_data_02_mir/recover-20221013/UBNA_001/20221012_030000.WAV,Telephone Field,recover-20221013,001,1795
1549.3835,1549.4246,68437,82723,Rhinolophus ferrumequinum,0.023,0.023,-1,Echolocation,/mnt/ubna_data_02_mir/recover-20221013/UBNA_001/20221012_030000.WAV,Telephone Field,recover-20221013,001,1795
1549.3905,1549.429,68437,81669,Rhinolophus ferrumequinum,0.023,0.023,-1,Echolocation,/mnt/ubna_data_02_mir/recover-20221013/UBNA_001/20221012_030000.WAV,Telephone Field,recover-20221013,001,1795
1549.4125,1549.4227,29765,37660,Eptesicus serotinus,0.011,0.027,-1,Echolocation,/mnt/ubna_data_02_mir/recover-20221013/UBNA_001/20221012_030000.WAV,Telephone Field,recover-20221013,001,1795
1549.4125,1549.4485,68437,81411,Rhinolophus ferrumequinum,0.025,0.025,-1,Echolocation,/mnt/ubna_data_02_mir/recover-20221013/UBNA_001/20221012_030000.WAV,Telephone Field,recover-20221013,001,1795
1549.4425,1549.4841,68437,82553,Rhinolophus ferrumequinum,0.027,0.027,-1,Echolocation,/mnt/ubna_data_02_mir/recover-20221013/UBNA_001/20221012_030000.WAV,Telephone Field,recover-20221013,001,1795
1549.5155,1549.5493,68437,80993,Rhinolophus ferrumequinum,0.023,0.023,-1,Echolocation,/mnt/ubna_data_02_mir/recover-20221013/UBNA_001/20221012_030000.WAV,Telephone Field,recover-20221013,001,1795
1549.5205,1549.5298,28906,38154,Eptesicus serotinus,0.009,0.023,-1,Echolocation,/mnt/ubna_data_02_mir/recover-20221013/UBNA_001/20221012_030000.WAV,Telephone Field,recover-20221013,001,1795
1549.5375,1549.5837,68437,83631,Rhinolophus ferrumequinum,0.058,0.058,-1,Echolocation,/mnt/ubna_data_02_mir/recover-20221013/UBNA_001/20221012_030000.WAV,Telephone Field,recover-20221013,001,1795
1549.5885,1549.6259,68437,81599,Rhinolophus ferrumequinum,0.022,0.022,-1,Echolocation,/mnt/ubna_data_02_mir/recover-20221013/UBNA_001/20221012_030000.WAV,Telephone Field,recover-20221013,001,1795
1549.5925,1549.6034,28906,35555,Eptesicus serotinus,0.022,0.041,-1,Echolocation,/mnt/ubna_data_02_mir/recover-20221013/UBNA_001/20221012_030000.WAV,Telephone Field,recover-20221013,001,1795
1549.6315,1549.6704,68437,81581,Rhinolophus ferrumequinum,0.024,0.024,-1,Echolocation,/mnt/ubna_data_02_mir/recover-20221013/UBNA_001/20221012_030000.WAV,Telephone Field,recover-20221013,001,1795
1549.6395,1549.6817,68437,82545,Rhinolophus ferrumequinum,0.033,0.033,-1,Echolocation,/mnt/ubna_data_02_mir/recover-20221013/UBNA_001/20221012_030000.WAV,Telephone Field,recover-20221013,001,1795
1549.6705,1549.6812,25468,32174,Eptesicus serotinus,0.014,0.031,-1,Echolocation,/mnt/ubna_data_02_mir/recover-20221013/UBNA_001/20221012_030000.WAV,Telephone Field,recover-20221013,001,1795
1549.6785,1549.7186,68437,82218,Rhinolophus ferrumequinum,0.022,0.022,-1,Echolocation,/mnt/ubna_data_02_mir/recover-20221013/UBNA_001/20221012_030000.WAV,Telephone Field,recover-20221013,001,1795
1549.7075,1549.7148,28906,40387,Eptesicus serotinus,0.007,0.022,-1,Echolocation,/mnt/ubna_data_02_mir/recover-20221013/UBNA_001/20221012_030000.WAV,Telephone Field,recover-20221013,001,1795
1549.7215,1549.7592,68437,82011,Rhinolophus ferrumequinum,0.024,0.024,-1,Echolocation,/mnt/ubna_data_02_mir/recover-20221013/UBNA_001/20221012_030000.WAV,Telephone Field,recover-20221013,001,1795
1549.7235,1549.7421,16875,21658,Nyctalus noctula,0.018,0.024,-1,Echolocation,/mnt/ubna_data_02_mir/recover-20221013/UBNA_001/20221012_030000.WAV,Telephone Field,recover-20221013,001,1795
1549.7445,1549.7799,68437,81254,Rhinolophus ferrumequinum,0.022,0.022,-1,Echolocation,/mnt/ubna_data_02_mir/recover-20221013/UBNA_001/20221012_030000.WAV,Telephone Field,recover-20221013,001,1795
1549.7545,1549.7925,68437,82046,Rhinolophus ferrumequinum,0.027,0.027,-1,Echolocation,/mnt/ubna_data_02_mir/recover-20221013/UBNA_001/20221012_030000.WAV,Telephone Field,recover-20221013,001,1795
1549.7735,1549.7815,28046,40442,Eptesicus serotinus,0.008,0.022,-1,Echolocation,/mnt/ubna_data_02_mir/recover-20221013/UBNA_001/20221012_030000.WAV,Telephone Field,recover-20221013,001,1795
1549.7785,1549.8161,68437,81778,Rhinolophus ferrumequinum,0.021,0.022,-1,Echolocation,/mnt/ubna_data_02_mir/recover-20221013/UBNA_001/20221012_030000.WAV,Telephone Field,recover-20221013,001,1795
1549.8055,1549.8395,68437,81527,Rhinolophus ferrumequinum,0.021,0.021,-1,Echolocation,/mnt/ubna_data_02_mir/recover-20221013/UBNA_001/20221012_030000.WAV,Telephone Field,recover-20221013,001,1795
1549.8845,1549.9189,68437,81050,Rhinolophus ferrumequinum,0.023,0.023,-1,Echolocation,/mnt/ubna_data_02_mir/recover-20221013/UBNA_001/20221012_030000.WAV,Telephone Field,recover-20221013,001,1795
1549.9055,1549.9438,68437,81628,Rhinolophus ferrumequinum,0.021,0.021,-1,Echolocation,/mnt/ubna_data_02_mir/recover-20221013/UBNA_001/20221012_030000.WAV,Telephone Field,recover-20221013,001,1795
1549.9265,1549.9653,68437,82235,Rhinolophus ferrumequinum,0.025,0.025,-1,Echolocation,/mnt/ubna_data_02_mir/recover-20221013/UBNA_001/20221012_030000.WAV,Telephone Field,recover-20221013,001,1795
1549.9335,1549.9724,68437,81963,Rhinolophus ferrumequinum,0.023,0.023,-1,Echolocation,/mnt/ubna_data_02_mir/recover-20221013/UBNA_001/20221012_030000.WAV,Telephone Field,recover-20221013,001,1795
1549.9625,1549.9711,28046,38581,Eptesicus serotinus,0.009,0.023,-1,Echolocation,/mnt/ubna_data_02_mir/recover-20221013/UBNA_001/20221012_030000.WAV,Telephone Field,recover-20221013,001,1795
1550.0015,1550.0085,26328,37831,Eptesicus serotinus,0.005,0.026,-1,Echolocation,/mnt/ubna_data_02_mir/recover-20221013/UBNA_001/20221012_030000.WAV,Telephone Field,recover-20221013,001,1795
1550.0015,1550.0337,68437,80313,Rhinolophus ferrumequinum,0.037,0.037,-1,Echolocation,/mnt/ubna_data_02_mir/recover-20221013/UBNA_001/20221012_030000.WAV,Telephone Field,recover-20221013,001,1795
1550.0155,1550.0562,68437,82732,Rhinolophus ferrumequinum,0.023,0.023,-1,Echolocation,/mnt/ubna_data_02_mir/recover-20221013/UBNA_001/20221012_030000.WAV,Telephone Field,recover-20221013,001,1795
1550.0175,1550.0256,27187,41569,Eptesicus serotinus,0.01,0.027,-1,Echolocation,/mnt/ubna_data_02_mir/recover-20221013/UBNA_001/20221012_030000.WAV,Telephone Field,recover-20221013,001,1795
1550.0295,1550.069,68437,82650,Rhinolophus ferrumequinum,0.022,0.022,-1,Echolocation,/mnt/ubna_data_02_mir/recover-20221013/UBNA_001/20221012_030000.WAV,Telephone Field,recover-20221013,001,1795
1550.0445,1550.0538999999999,28046,36620,Eptesicus serotinus,0.009,0.022,-1,Echolocation,/mnt/ubna_data_02_mir/recover-20221013/UBNA_001/20221012_030000.WAV,Telephone Field,recover-20221013,001,1795
1550.0705,1550.0782,27187,38862,Eptesicus serotinus,0.007,0.022,-1,Echolocation,/mnt/ubna_data_02_mir/recover-20221013/UBNA_001/20221012_030000.WAV,Telephone Field,recover-20221013,001,1795
1550.0975,1550.132,68437,81371,Rhinolophus ferrumequinum,0.022,0.022,-1,Echolocation,/mnt/ubna_data_02_mir/recover-20221013/UBNA_001/20221012_030000.WAV,Telephone Field,recover-20221013,001,1795
1550.1205,1550.159,68437,82049,Rhinolophus ferrumequinum,0.022,0.022,-1,Echolocation,/mnt/ubna_data_02_mir/recover-20221013/UBNA_001/20221012_030000.WAV,Telephone Field,recover-20221013,001,1795
1550.1335,1550.1424,27187,36708,Eptesicus serotinus,0.008,0.023,-1,Echolocation,/mnt/ubna_data_02_mir/recover-20221013/UBNA_001/20221012_030000.WAV,Telephone Field,recover-20221013,001,1795
1550.1865,1550.2299,68437,83247,Rhinolophus ferrumequinum,0.032,0.032,-1,Echolocation,/mnt/ubna_data_02_mir/recover-20221013/UBNA_001/20221012_030000.WAV,Telephone Field,recover-20221013,001,1795
1550.2035,1550.2109,27187,36620,Eptesicus serotinus,0.008,0.023,-1,Echolocation,/mnt/ubna_data_02_mir/recover-20221013/UBNA_001/20221012_030000.WAV,Telephone Field,recover-20221013,001,1795
1550.2165,1550.2561,68437,82277,Rhinolophus ferrumequinum,0.026,0.026,-1,Echolocation,/mnt/ubna_data_02_mir/recover-20221013/UBNA_001/20221012_030000.WAV,Telephone Field,recover-20221013,001,1795
1550.2175,1550.2271,22890,29977,Nyctalus leisleri,0.008,0.028,-1,Echolocation,/mnt/ubna_data_02_mir/recover-20221013/UBNA_001/20221012_030000.WAV,Telephone Field,recover-20221013,001,1795
1550.2335,1550.2763,68437,83060,Rhinolophus ferrumequinum,0.03,0.03,-1,Echolocation,/mnt/ubna_data_02_mir/recover-20221013/UBNA_001/20221012_030000.WAV,Telephone Field,recover-20221013,001,1795
1550.2585,1550.2993,68437,82756,Rhinolophus ferrumequinum,0.027,0.027,-1,Echolocation,/mnt/ubna_data_02_mir/recover-20221013/UBNA_001/20221012_030000.WAV,Telephone Field,recover-20221013,001,1795
1550.2875,1550.3219,68437,81867,Rhinolophus ferrumequinum,0.028,0.028,-1,Echolocation,/mnt/ubna_data_02_mir/recover-20221013/UBNA_001/20221012_030000.WAV,Telephone Field,recover-20221013,001,1795
1550.3225,1550.3608,68437,82126,Rhinolophus ferrumequinum,0.022,0.022,-1,Echolocation,/mnt/ubna_data_02_mir/recover-20221013/UBNA_001/20221012_030000.WAV,Telephone Field,recover-20221013,001,1795
1550.3455,1550.385,68437,81794,Rhinolophus ferrumequinum,0.024,0.024,-1,Echolocation,/mnt/ubna_data_02_mir/recover-20221013/UBNA_001/20221012_030000.WAV,Telephone Field,recover-20221013,001,1795
1550.3555,1550.3613,47812,52493,Pipistrellus pipistrellus,0.021,0.022,-1,Echolocation,/mnt/ubna_data_02_mir/recover-20221013/UBNA_001/20221012_030000.WAV,Telephone Field,recover-20221013,001,1795
1550.3675,1550.407,68437,82189,Rhinolophus ferrumequinum,0.025,0.025,-1,Echolocation,/mnt/ubna_data_02_mir/recover-20221013/UBNA_001/20221012_030000.WAV,Telephone Field,recover-20221013,001,1795
1550.3905,1550.3998,28906,37900,Eptesicus serotinus,0.012,0.027,-1,Echolocation,/mnt/ubna_data_02_mir/recover-20221013/UBNA_001/20221012_030000.WAV,Telephone Field,recover-20221013,001,1795
1550.4175,1550.4277,28046,37138,Eptesicus serotinus,0.01,0.025,-1,Echolocation,/mnt/ubna_data_02_mir/recover-20221013/UBNA_001/20221012_030000.WAV,Telephone Field,recover-20221013,001,1795
1550.4195,1550.46,68437,82423,Rhinolophus ferrumequinum,0.022,0.022,-1,Echolocation,/mnt/ubna_data_02_mir/recover-20221013/UBNA_001/20221012_030000.WAV,Telephone Field,recover-20221013,001,1795
1550.4265,1550.4667,68437,82735,Rhinolophus ferrumequinum,0.022,0.022,-1,Echolocation,/mnt/ubna_data_02_mir/recover-20221013/UBNA_001/20221012_030000.WAV,Telephone Field,recover-20221013,001,1795
1550.4345,1550.4427,28046,37740,Eptesicus serotinus,0.008,0.022,-1,Echolocation,/mnt/ubna_data_02_mir/recover-20221013/UBNA_001/20221012_030000.WAV,Telephone Field,recover-20221013,001,1795
1550.4645,1550.5028,68437,82395,Rhinolophus ferrumequinum,0.027,0.027,-1,Echolocation,/mnt/ubna_data_02_mir/recover-20221013/UBNA_001/20221012_030000.WAV,Telephone Field,recover-20221013,001,1795
1550.4735,1550.482,28046,37451,Eptesicus serotinus,0.007,0.022,-1,Echolocation,/mnt/ubna_data_02_mir/recover-20221013/UBNA_001/20221012_030000.WAV,Telephone Field,recover-20221013,001,1795
1550.4835,1550.5242,68437,83145,Rhinolophus ferrumequinum,0.029,0.029,-1,Echolocation,/mnt/ubna_data_02_mir/recover-20221013/UBNA_001/20221012_030000.WAV,Telephone Field,recover-20221013,001,1795
1550.5015,1550.5114,24609,31863,Nyctalus leisleri,0.008,0.022,-1,Echolocation,/mnt/ubna_data_02_mir/recover-20221013/UBNA_001/20221012_030000.WAV,Telephone Field,recover-20221013,001,1795
1550.5285,1550.5683,68437,81940,Rhinolophus ferrumequinum,0.024,0.024,-1,Echolocation,/mnt/ubna_data_02_mir/recover-20221013/UBNA_001/20221012_030000.WAV,Telephone Field,recover-20221013,001,1795
1550.5625,1550.6019000000001,68437,81997,Rhinolophus ferrumequinum,0.023,0.023,-1,Echolocation,/mnt/ubna_data_02_mir/recover-20221013/UBNA_001/20221012_030000.WAV,Telephone Field,recover-20221013,001,1795
1550.6195,1550.6281,28906,39968,Eptesicus serotinus,0.009,0.027,-1,Echolocation,/mnt/ubna_data_02_mir/recover-20221013/UBNA_001/20221012_030000.WAV,Telephone Field,recover-20221013,001,1795
1550.6285,1550.6685,68437,82129,Rhinolophus ferrumequinum,0.022,0.022,-1,Echolocation,/mnt/ubna_data_02_mir/recover-20221013/UBNA_001/20221012_030000.WAV,Telephone Field,recover-20221013,001,1795
1550.6305,1550.6386,27187,37350,Eptesicus serotinus,0.009,0.024,-1,Echolocation,/mnt/ubna_data_02_mir/recover-20221013/UBNA_001/20221012_030000.WAV,Telephone Field,recover-20221013,001,1795
1550.6665,1550.6775,22890,28378,Nyctalus leisleri,0.009,0.022,-1,Echolocation,/mnt/ubna_data_02_mir/recover-20221013/UBNA_001/20221012_030000.WAV,Telephone Field,recover-20221013,001,1795
1550.6745,1550.6892,22031,25949,Nyctalus leisleri,0.013,0.022,-1,Echolocation,/mnt/ubna_data_02_mir/recover-20221013/UBNA_001/20221012_030000.WAV,Telephone Field,recover-20221013,001,1795
1550.6875,1550.7276,68437,81945,Rhinolophus ferrumequinum,0.028,0.028,-1,Echolocation,/mnt/ubna_data_02_mir/recover-20221013/UBNA_001/20221012_030000.WAV,Telephone Field,recover-20221013,001,1795
1550.6895,1550.7,24609,31420,Nyctalus leisleri,0.01,0.026,-1,Echolocation,/mnt/ubna_data_02_mir/recover-20221013/UBNA_001/20221012_030000.WAV,Telephone Field,recover-20221013,001,1795
1550.7235,1550.7637,68437,81766,Rhinolophus ferrumequinum,0.024,0.024,-1,Echolocation,/mnt/ubna_data_02_mir/recover-20221013/UBNA_001/20221012_030000.WAV,Telephone Field,recover-20221013,001,1795
1550.7675,1550.7766,45234,49566,Pipistrellus pipistrellus,0.021,0.023,-1,Echolocation,/mnt/ubna_data_02_mir/recover-20221013/UBNA_001/20221012_030000.WAV,Telephone Field,recover-20221013,001,1795
1550.7805,1550.8187,68437,81896,Rhinolophus ferrumequinum,0.022,0.022,-1,Echolocation,/mnt/ubna_data_02_mir/recover-20221013/UBNA_001/20221012_030000.WAV,Telephone Field,recover-20221013,001,1795
1550.7805,1550.7902,28046,37405,Eptesicus serotinus,0.01,0.024,-1,Echolocation,/mnt/ubna_data_02_mir/recover-20221013/UBNA_001/20221012_030000.WAV,Telephone Field,recover-20221013,001,1795
1550.8065,1550.815,28046,39136,Eptesicus serotinus,0.009,0.024,-1,Echolocation,/mnt/ubna_data_02_mir/recover-20221013/UBNA_001/20221012_030000.WAV,Telephone Field,recover-20221013,001,1795
1550.8215,1550.8647,68437,83286,Rhinolophus ferrumequinum,0.031,0.031,-1,Echolocation,/mnt/ubna_data_02_mir/recover-20221013/UBNA_001/20221012_030000.WAV,Telephone Field,recover-20221013,001,1795
1550.8365,1550.8765,68437,82768,Rhinolophus ferrumequinum,0.027,0.027,-1,Echolocation,/mnt/ubna_data_02_mir/recover-20221013/UBNA_001/20221012_030000.WAV,Telephone Field,recover-20221013,001,1795
1550.8425,1550.8798,68437,82015,Rhinolophus ferrumequinum,0.026,0.026,-1,Echolocation,/mnt/ubna_data_02_mir/recover-20221013/UBNA_001/20221012_030000.WAV,Telephone Field,recover-20221013,001,1795
1550.8675,1550.9079,68437,82376,Rhinolophus ferrumequinum,0.024,0.024,-1,Echolocation,/mnt/ubna_data_02_mir/recover-20221013/UBNA_001/20221012_030000.WAV,Telephone Field,recover-20221013,001,1795
1550.8745,1550.9136,68437,82118,Rhinolophus ferrumequinum,0.023,0.024,-1,Echolocation,/mnt/ubna_data_02_mir/recover-20221013/UBNA_001/20221012_030000.WAV,Telephone Field,recover-20221013,001,1795
1550.9005,1550.9426,68437,82593,Rhinolophus ferrumequinum,0.023,0.023,-1,Echolocation,/mnt/ubna_data_02_mir/recover-20221013/UBNA_001/20221012_030000.WAV,Telephone Field,recover-20221013,001,1795
1550.9075,1550.9464,68437,82292,Rhinolophus ferrumequinum,0.027,0.027,-1,Echolocation,/mnt/ubna_data_02_mir/recover-20221013/UBNA_001/20221012_030000.WAV,Telephone Field,recover-20221013,001,1795
1550.9395,1550.9804,68437,82912,Rhinolophus ferrumequinum,0.025,0.026,-1,Echolocation,/mnt/ubna_data_02_mir/recover-20221013/UBNA_001/20221012_030000.WAV,Telephone Field,recover-20221013,001,1795
1550.9685,1550.9783,24609,32182,Nyctalus leisleri,0.009,0.024,-1,Echolocation,/mnt/ubna_data_02_mir/recover-20221013/UBNA_001/20221012_030000.WAV,Telephone Field,recover-20221013,001,1795
1550.9865,1550.9958,28046,36466,Eptesicus serotinus,0.009,0.024,-1,Echolocation,/mnt/ubna_data_02_mir/recover-20221013/UBNA_001/20221012_030000.WAV,Telephone Field,recover-20221013,001,1795
1551.0225,1551.061,68437,82054,Rhinolophus ferrumequinum,0.022,0.022,-1,Echolocation,/mnt/ubna_data_02_mir/recover-20221013/UBNA_001/20221012_030000.WAV,Telephone Field,recover-20221013,001,1795
1551.0435,1551.0509,28906,39063,Eptesicus serotinus,0.006,0.023,-1,Echolocation,/mnt/ubna_data_02_mir/recover-20221013/UBNA_001/20221012_030000.WAV,Telephone Field,recover-20221013,001,1795
1551.0685,1551.1072,68437,82817,Rhinolophus ferrumequinum,0.03,0.03,-1,Echolocation,/mnt/ubna_data_02_mir/recover-20221013/UBNA_001/20221012_030000.WAV,Telephone Field,recover-20221013,001,1795
1551.0795,1551.086,27187,43951,Myotis daubentonii,0.007,0.024,-1,Echolocation,/mnt/ubna_data_02_mir/recover-20221013/UBNA_001/20221012_030000.WAV,Telephone Field,recover-20221013,001,1795
1551.0915,1551.1315,68437,82411,Rhinolophus ferrumequinum,0.027,0.027,-1,Echolocation,/mnt/ubna_data_02_mir/recover-20221013/UBNA_001/20221012_030000.WAV,Telephone Field,recover-20221013,001,1795
1551.1215,1551.1348,22031,26973,Nyctalus leisleri,0.02,0.044,-1,Echolocation,/mnt/ubna_data_02_mir/recover-20221013/UBNA_001/20221012_030000.WAV,Telephone Field,recover-20221013,001,1795
1551.1245,1551.132,49531,56990,Pipistrellus pipistrellus,0.018,0.024,-1,Echolocation,/mnt/ubna_data_02_mir/recover-20221013/UBNA_001/20221012_030000.WAV,Telephone Field,recover-20221013,001,1795
1551.1425,1551.1812,68437,81644,Rhinolophus ferrumequinum,0.024,0.024,-1,Echolocation,/mnt/ubna_data_02_mir/recover-20221013/UBNA_001/20221012_030000.WAV,Telephone Field,recover-20221013,001,1795
1551.1695,1551.2087,68437,81953,Rhinolophus ferrumequinum,0.026,0.026,-1,Echolocation,/mnt/ubna_data_02_mir/recover-20221013/UBNA_001/20221012_030000.WAV,Telephone Field,recover-20221013,001,1795
1551.1995,1551.2386,68437,82477,Rhinolophus ferrumequinum,0.035,0.035,-1,Echolocation,/mnt/ubna_data_02_mir/recover-20221013/UBNA_001/20221012_030000.WAV,Telephone Field,recover-20221013,001,1795
1551.2505,1551.2599,23750,31143,Nyctalus leisleri,0.009,0.024,-1,Echolocation,/mnt/ubna_data_02_mir/recover-20221013/UBNA_001/20221012_030000.WAV,Telephone Field,recover-20221013,001,1795
1551.2975,1551.3353,68437,80758,Rhinolophus ferrumequinum,0.03,0.03,-1,Echolocation,/mnt/ubna_data_02_mir/recover-20221013/UBNA_001/20221012_030000.WAV,Telephone Field,recover-20221013,001,1795
1551.3445,1551.352,28046,39401,Eptesicus serotinus,0.007,0.023,-1,Echolocation,/mnt/ubna_data_02_mir/recover-20221013/UBNA_001/20221012_030000.WAV,Telephone Field,recover-20221013,001,1795
1551.3875,1551.4273,68437,82798,Rhinolophus ferrumequinum,0.023,0.023,-1,Echolocation,/mnt/ubna_data_02_mir/recover-20221013/UBNA_001/20221012_030000.WAV,Telephone Field,recover-20221013,001,1795
1551.3895,1551.3992,23750,30202,Nyctalus leisleri,0.01,0.025,-1,Echolocation,/mnt/ubna_data_02_mir/recover-20221013/UBNA_001/20221012_030000.WAV,Telephone Field,recover-20221013,001,1795
1551.4155,1551.4594,68437,83340,Rhinolophus ferrumequinum,0.033,0.033,-1,Echolocation,/mnt/ubna_data_02_mir/recover-20221013/UBNA_001/20221012_030000.WAV,Telephone Field,recover-20221013,001,1795
1551.5535,1551.5905,68437,81012,Rhinolophus ferrumequinum,0.022,0.022,-1,Echolocation,/mnt/ubna_data_02_mir/recover-20221013/UBNA_001/20221012_030000.WAV,Telephone Field,recover-20221013,001,1795
1551.5595,1551.5661,27187,45436,Eptesicus serotinus,0.006,0.024,-1,Echolocation,/mnt/ubna_data_02_mir/recover-20221013/UBNA_001/20221012_030000.WAV,Telephone Field,recover-20221013,001,1795
1551.6395,1551.6785,68437,82560,Rhinolophus ferrumequinum,0.023,0.023,-1,Echolocation,/mnt/ubna_data_02_mir/recover-20221013/UBNA_001/20221012_030000.WAV,Telephone Field,recover-20221013,001,1795
1551.6505,1551.6889,68437,81569,Rhinolophus ferrumequinum,0.021,0.022,-1,Echolocation,/mnt/ubna_data_02_mir/recover-20221013/UBNA_001/20221012_030000.WAV,Telephone Field,recover-20221013,001,1795
1551.6785,1551.6863,28906,38038,Eptesicus serotinus,0.026,0.053,-1,Echolocation,/mnt/ubna_data_02_mir/recover-20221013/UBNA_001/20221012_030000.WAV,Telephone Field,recover-20221013,001,1795
1551.6795,1551.7249,68437,83431,Rhinolophus ferrumequinum,0.045,0.045,-1,Echolocation,/mnt/ubna_data_02_mir/recover-20221013/UBNA_001/20221012_030000.WAV,Telephone Field,recover-20221013,001,1795
1551.7305,1551.7707,68437,82817,Rhinolophus ferrumequinum,0.022,0.023,-1,Echolocation,/mnt/ubna_data_02_mir/recover-20221013/UBNA_001/20221012_030000.WAV,Telephone Field,recover-20221013,001,1795
1551.7535,1551.7916,68437,82133,Rhinolophus ferrumequinum,0.025,0.025,-1,Echolocation,/mnt/ubna_data_02_mir/recover-20221013/UBNA_001/20221012_030000.WAV,Telephone Field,recover-20221013,001,1795
1551.7755,1551.7832,28046,39966,Eptesicus serotinus,0.007,0.023,-1,Echolocation,/mnt/ubna_data_02_mir/recover-20221013/UBNA_001/20221012_030000.WAV,Telephone Field,recover-20221013,001,1795
1551.8065,1551.818,23750,30227,Eptesicus serotinus,0.027,0.078,-1,Echolocation,/mnt/ubna_data_02_mir/recover-20221013/UBNA_001/20221012_030000.WAV,Telephone Field,recover-20221013,001,1795
1551.8335,1551.8736,68437,82253,Rhinolophus ferrumequinum,0.022,0.022,-1,Echolocation,/mnt/ubna_data_02_mir/recover-20221013/UBNA_001/20221012_030000.WAV,Telephone Field,recover-20221013,001,1795
1551.8385,1551.8792,68437,82123,Rhinolophus ferrumequinum,0.022,0.022,-1,Echolocation,/mnt/ubna_data_02_mir/recover-20221013/UBNA_001/20221012_030000.WAV,Telephone Field,recover-20221013,001,1795
1551.8635,1551.9047,68437,82733,Rhinolophus ferrumequinum,0.029,0.029,-1,Echolocation,/mnt/ubna_data_02_mir/recover-20221013/UBNA_001/20221012_030000.WAV,Telephone Field,recover-20221013,001,1795
1551.8635,1551.8718,28046,39356,Eptesicus serotinus,0.009,0.023,-1,Echolocation,/mnt/ubna_data_02_mir/recover-20221013/UBNA_001/20221012_030000.WAV,Telephone Field,recover-20221013,001,1795
1551.8805,1551.8877,27187,45160,Eptesicus serotinus,0.007,0.024,-1,Echolocation,/mnt/ubna_data_02_mir/recover-20221013/UBNA_001/20221012_030000.WAV,Telephone Field,recover-20221013,001,1795
1551.8815,1551.9167,68437,81003,Rhinolophus ferrumequinum,0.023,0.023,-1,Echolocation,/mnt/ubna_data_02_mir/recover-20221013/UBNA_001/20221012_030000.WAV,Telephone Field,recover-20221013,001,1795
1551.8955,1551.9069,28046,34775,Eptesicus serotinus,0.015,0.031,-1,Echolocation,/mnt/ubna_data_02_mir/recover-20221013/UBNA_001/20221012_030000.WAV,Telephone Field,recover-20221013,001,1795
1551.9265,1551.9371,28906,36525,Eptesicus serotinus,0.01,0.023,-1,Echolocation,/mnt/ubna_data_02_mir/recover-20221013/UBNA_001/20221012_030000.WAV,Telephone Field,recover-20221013,001,1795
1551.9325,1551.9701,68437,81714,Rhinolophus ferrumequinum,0.025,0.025,-1,Echolocation,/mnt/ubna_data_02_mir/recover-20221013/UBNA_001/20221012_030000.WAV,Telephone Field,recover-20221013,001,1795
1551.9445,1551.9785,68437,81735,Rhinolophus ferrumequinum,0.024,0.024,-1,Echolocation,/mnt/ubna_data_02_mir/recover-20221013/UBNA_001/20221012_030000.WAV,Telephone Field,recover-20221013,001,1795
1552.0015,1552.0113,26328,36054,Eptesicus serotinus,0.01,0.031,-1,Echolocation,/mnt/ubna_data_02_mir/recover-20221013/UBNA_001/20221012_030000.WAV,Telephone Field,recover-20221013,001,1795
1552.0015,1552.0317,69296,80926,Rhinolophus ferrumequinum,0.042,0.042,-1,Echolocation,/mnt/ubna_data_02_mir/recover-20221013/UBNA_001/20221012_030000.WAV,Telephone Field,recover-20221013,001,1795
1552.0015,1552.0112,47812,55743,Pipistrellus pipistrellus,0.017,0.023,-1,Echolocation,/mnt/ubna_data_02_mir/recover-20221013/UBNA_001/20221012_030000.WAV,Telephone Field,recover-20221013,001,1795
1552.0095,1552.02,23750,30156,Nyctalus leisleri,0.009,0.025,-1,Echolocation,/mnt/ubna_data_02_mir/recover-20221013/UBNA_001/20221012_030000.WAV,Telephone Field,recover-20221013,001,1795
1552.0695,1552.1067,68437,81804,Rhinolophus ferrumequinum,0.022,0.022,-1,Echolocation,/mnt/ubna_data_02_mir/recover-20221013/UBNA_001/20221012_030000.WAV,Telephone Field,recover-20221013,001,1795
1552.0995,1552.1408,68437,82996,Rhinolophus ferrumequinum,0.025,0.025,-1,Echolocation,/mnt/ubna_data_02_mir/recover-20221013/UBNA_001/20221012_030000.WAV,Telephone Field,recover-20221013,001,1795
1552.1325,1552.1395,28906,41979,Myotis daubentonii,0.008,0.029,-1,Echolocation,/mnt/ubna_data_02_mir/recover-20221013/UBNA_001/20221012_030000.WAV,Telephone Field,recover-20221013,001,1795
1552.1585,1552.1666,28046,39029,Eptesicus serotinus,0.008,0.022,-1,Echolocation,/mnt/ubna_data_02_mir/recover-20221013/UBNA_001/20221012_030000.WAV,Telephone Field,recover-20221013,001,1795
1552.1775,1552.2155,68437,81810,Rhinolophus ferrumequinum,0.023,0.023,-1,Echolocation,/mnt/ubna_data_02_mir/recover-20221013/UBNA_001/20221012_030000.WAV,Telephone Field,recover-20221013,001,1795
1552.1955,1552.2333,68437,82092,Rhinolophus ferrumequinum,0.022,0.022,-1,Echolocation,/mnt/ubna_data_02_mir/recover-20221013/UBNA_001/20221012_030000.WAV,Telephone Field,recover-20221013,001,1795
1552.2175,1552.2242,24609,38652,Plecotus austriacus,0.009,0.027,-1,Echolocation,/mnt/ubna_data_02_mir/recover-20221013/UBNA_001/20221012_030000.WAV,Telephone Field,recover-20221013,001,1795
1552.2205,1552.2601,68437,82735,Rhinolophus ferrumequinum,0.023,0.023,-1,Echolocation,/mnt/ubna_data_02_mir/recover-20221013/UBNA_001/20221012_030000.WAV,Telephone Field,recover-20221013,001,1795
1552.2435,1552.2521,23750,32526,Plecotus austriacus,0.006,0.022,-1,Echolocation,/mnt/ubna_data_02_mir/recover-20221013/UBNA_001/20221012_030000.WAV,Telephone Field,recover-20221013,001,1795
1552.2575,1552.2942,68437,82417,Rhinolophus ferrumequinum,0.023,0.023,-1,Echolocation,/mnt/ubna_data_02_mir/recover-20221013/UBNA_001/20221012_030000.WAV,Telephone Field,recover-20221013,001,1795
1552.3275,1552.3696,68437,82758,Rhinolophus ferrumequinum,0.042,0.042,-1,Echolocation,/mnt/ubna_data_02_mir/recover-20221013/UBNA_001/20221012_030000.WAV,Telephone Field,recover-20221013,001,1795
1552.3485,1552.3889,68437,82444,Rhinolophus ferrumequinum,0.03,0.031,-1,Echolocation,/mnt/ubna_data_02_mir/recover-20221013/UBNA_001/20221012_030000.WAV,Telephone Field,recover-20221013,001,1795
1552.3615,1552.3718,23750,30198,Nyctalus leisleri,0.011,0.026,-1,Echolocation,/mnt/ubna_data_02_mir/recover-20221013/UBNA_001/20221012_030000.WAV,Telephone Field,recover-20221013,001,1795
1552.3825,1552.4242,68437,82651,Rhinolophus ferrumequinum,0.029,0.029,-1,Echolocation,/mnt/ubna_data_02_mir/recover-20221013/UBNA_001/20221012_030000.WAV,Telephone Field,recover-20221013,001,1795
1552.4175,1552.4535,68437,80931,Rhinolophus ferrumequinum,0.035,0.035,-1,Echolocation,/mnt/ubna_data_02_mir/recover-20221013/UBNA_001/20221012_030000.WAV,Telephone Field,recover-20221013,001,1795
1552.4365,1552.4756,68437,82677,Rhinolophus ferrumequinum,0.027,0.027,-1,Echolocation,/mnt/ubna_data_02_mir/recover-20221013/UBNA_001/20221012_030000.WAV,Telephone Field,recover-20221013,001,1795
1552.4645,1552.4744,28906,37696,Eptesicus serotinus,0.013,0.028,-1,Echolocation,/mnt/ubna_data_02_mir/recover-20221013/UBNA_001/20221012_030000.WAV,Telephone Field,recover-20221013,001,1795
1552.5355,1552.5442,48671,52781,Pipistrellus pipistrellus,0.028,0.031,-1,Echolocation,/mnt/ubna_data_02_mir/recover-20221013/UBNA_001/20221012_030000.WAV,Telephone Field,recover-20221013,001,1795
1552.5375,1552.548,28046,37004,Eptesicus serotinus,0.012,0.027,-1,Echolocation,/mnt/ubna_data_02_mir/recover-20221013/UBNA_001/20221012_030000.WAV,Telephone Field,recover-20221013,001,1795
1552.5395,1552.5744,68437,81016,Rhinolophus ferrumequinum,0.024,0.024,-1,Echolocation,/mnt/ubna_data_02_mir/recover-20221013/UBNA_001/20221012_030000.WAV,Telephone Field,recover-20221013,001,1795
1552.5675,1552.6065,68437,82561,Rhinolophus ferrumequinum,0.026,0.026,-1,Echolocation,/mnt/ubna_data_02_mir/recover-20221013/UBNA_001/20221012_030000.WAV,Telephone Field,recover-20221013,001,1795
1552.6325,1552.6435,23750,29563,Nyctalus leisleri,0.013,0.027,-1,Echolocation,/mnt/ubna_data_02_mir/recover-20221013/UBNA_001/20221012_030000.WAV,Telephone Field,recover-20221013,001,1795
1552.6345,1552.673,68437,82781,Rhinolophus ferrumequinum,0.031,0.031,-1,Echolocation,/mnt/ubna_data_02_mir/recover-20221013/UBNA_001/20221012_030000.WAV,Telephone Field,recover-20221013,001,1795
1552.6715,1552.7097,68437,81354,Rhinolophus ferrumequinum,0.022,0.023,-1,Echolocation,/mnt/ubna_data_02_mir/recover-20221013/UBNA_001/20221012_030000.WAV,Telephone Field,recover-20221013,001,1795
1552.6815,1552.6923,38359,42895,Barbastellus barbastellus,0.015,0.048,-1,Echolocation,/mnt/ubna_data_02_mir/recover-20221013/UBNA_001/20221012_030000.WAV,Telephone Field,recover-20221013,001,1795
1552.7125,1552.7237,22890,28001,Nyctalus leisleri,0.013,0.026,-1,Echolocation,/mnt/ubna_data_02_mir/recover-20221013/UBNA_001/20221012_030000.WAV,Telephone Field,recover-20221013,001,1795
1552.7215,1552.7327,22890,27342,Nyctalus leisleri,0.014,0.024,-1,Echolocation,/mnt/ubna_data_02_mir/recover-20221013/UBNA_001/20221012_030000.WAV,Telephone Field,recover-20221013,001,1795
1552.7215,1552.7627,68437,82477,Rhinolophus ferrumequinum,0.022,0.023,-1,Echolocation,/mnt/ubna_data_02_mir/recover-20221013/UBNA_001/20221012_030000.WAV,Telephone Field,recover-20221013,001,1795
1552.7435,1552.7813,68437,82092,Rhinolophus ferrumequinum,0.023,0.023,-1,Echolocation,/mnt/ubna_data_02_mir/recover-20221013/UBNA_001/20221012_030000.WAV,Telephone Field,recover-20221013,001,1795
1552.8265,1552.8657,68437,82283,Rhinolophus ferrumequinum,0.024,0.024,-1,Echolocation,/mnt/ubna_data_02_mir/recover-20221013/UBNA_001/20221012_030000.WAV,Telephone Field,recover-20221013,001,1795
1552.8335,1552.8732,68437,82109,Rhinolophus ferrumequinum,0.023,0.023,-1,Echolocation,/mnt/ubna_data_02_mir/recover-20221013/UBNA_001/20221012_030000.WAV,Telephone Field,recover-20221013,001,1795
1552.8885,1552.8962,46953,53532,Pipistrellus pipistrellus,0.034,0.038,-1,Echolocation,/mnt/ubna_data_02_mir/recover-20221013/UBNA_001/20221012_030000.WAV,Telephone Field,recover-20221013,001,1795
1552.9535,1552.9925,68437,82502,Rhinolophus ferrumequinum,0.023,0.023,-1,Echolocation,/mnt/ubna_data_02_mir/recover-20221013/UBNA_001/20221012_030000.WAV,Telephone Field,recover-20221013,001,1795
1552.9775,1553.0172,68437,82313,Rhinolophus ferrumequinum,0.024,0.024,-1,Echolocation,/mnt/ubna_data_02_mir/recover-20221013/UBNA_001/20221012_030000.WAV,Telephone Field,recover-20221013,001,1795
1553.0085,1553.0462,68437,81843,Rhinolophus ferrumequinum,0.023,0.023,-1,Echolocation,/mnt/ubna_data_02_mir/recover-20221013/UBNA_001/20221012_030000.WAV,Telephone Field,recover-20221013,001,1795
1553.0085,1553.0203,22890,28205,Nyctalus leisleri,0.012,0.025,-1,Echolocation,/mnt/ubna_data_02_mir/recover-20221013/UBNA_001/20221012_030000.WAV,Telephone Field,recover-20221013,001,1795
1553.0295,1553.0381,28046,39734,Eptesicus serotinus,0.009,0.025,-1,Echolocation,/mnt/ubna_data_02_mir/recover-20221013/UBNA_001/20221012_030000.WAV,Telephone Field,recover-20221013,001,1795
1553.0315,1553.0726,68437,83105,Rhinolophus ferrumequinum,0.041,0.041,-1,Echolocation,/mnt/ubna_data_02_mir/recover-20221013/UBNA_001/20221012_030000.WAV,Telephone Field,recover-20221013,001,1795
1553.0965,1553.1369,68437,82859,Rhinolophus ferrumequinum,0.023,0.023,-1,Echolocation,/mnt/ubna_data_02_mir/recover-20221013/UBNA_001/20221012_030000.WAV,Telephone Field,recover-20221013,001,1795
1553.1325,1553.1716,68437,82487,Rhinolophus ferrumequinum,0.027,0.027,-1,Echolocation,/mnt/ubna_data_02_mir/recover-20221013/UBNA_001/20221012_030000.WAV,Telephone Field,recover-20221013,001,1795
1553.1665,1553.1758,28046,37168,Eptesicus serotinus,0.009,0.023,-1,Echolocation,/mnt/ubna_data_02_mir/recover-20221013/UBNA_001/20221012_030000.WAV,Telephone Field,recover-20221013,001,1795
1553.2125,1553.2236,44375,47468,Pipistrellus pipistrellus,0.036,0.039,-1,Echolocation,/mnt/ubna_data_02_mir/recover-20221013/UBNA_001/20221012_030000.WAV,Telephone Field,recover-20221013,001,1795
1553.2455,1553.2834,68437,81932,Rhinolophus ferrumequinum,0.022,0.023,-1,Echolocation,/mnt/ubna_data_02_mir/recover-20221013/UBNA_001/20221012_030000.WAV,Telephone Field,recover-20221013,001,1795
1553.3205,1553.3303,24609,31389,Nyctalus leisleri,0.01,0.026,-1,Echolocation,/mnt/ubna_data_02_mir/recover-20221013/UBNA_001/20221012_030000.WAV,Telephone Field,recover-20221013,001,1795
1553.3575,1553.395,68437,82211,Rhinolophus ferrumequinum,0.024,0.024,-1,Echolocation,/mnt/ubna_data_02_mir/recover-20221013/UBNA_001/20221012_030000.WAV,Telephone Field,recover-20221013,001,1795
1553.3895,1553.3961,47812,56087,Pipistrellus pipistrellus,0.029,0.031,-1,Echolocation,/mnt/ubna_data_02_mir/recover-20221013/UBNA_001/20221012_030000.WAV,Telephone Field,recover-20221013,001,1795
1553.4135,1553.4511,68437,81474,Rhinolophus ferrumequinum,0.031,0.031,-1,Echolocation,/mnt/ubna_data_02_mir/recover-20221013/UBNA_001/20221012_030000.WAV,Telephone Field,recover-20221013,001,1795
1553.4375,1553.4744,68437,80625,Rhinolophus ferrumequinum,0.029,0.029,-1,Echolocation,/mnt/ubna_data_02_mir/recover-20221013/UBNA_001/20221012_030000.WAV,Telephone Field,recover-20221013,001,1795
1553.4895,1553.4976,27187,43920,Eptesicus serotinus,0.009,0.023,-1,Echolocation,/mnt/ubna_data_02_mir/recover-20221013/UBNA_001/20221012_030000.WAV,Telephone Field,recover-20221013,001,1795
1553.4945,1553.5357,68437,83142,Rhinolophus ferrumequinum,0.023,0.023,-1,Echolocation,/mnt/ubna_data_02_mir/recover-20221013/UBNA_001/20221012_030000.WAV,Telephone Field,recover-20221013,001,1795
1553.5085,1553.5164,26328,35695,Eptesicus serotinus,0.01,0.025,-1,Echolocation,/mnt/ubna_data_02_mir/recover-20221013/UBNA_001/20221012_030000.WAV,Telephone Field,recover-20221013,001,1795
1553.5115,1553.5492,68437,82274,Rhinolophus ferrumequinum,0.022,0.022,-1,Echolocation,/mnt/ubna_data_02_mir/recover-20221013/UBNA_001/20221012_030000.WAV,Telephone Field,recover-20221013,001,1795
1553.5135,1553.5246,43515,48186,Pipistrellus pipistrellus,0.023,0.027,-1,Echolocation,/mnt/ubna_data_02_mir/recover-20221013/UBNA_001/20221012_030000.WAV,Telephone Field,recover-20221013,001,1795
1553.5275,1553.5657,68437,82475,Rhinolophus ferrumequinum,0.025,0.025,-1,Echolocation,/mnt/ubna_data_02_mir/recover-20221013/UBNA_001/20221012_030000.WAV,Telephone Field,recover-20221013,001,1795
1553.5445,1553.5527,28046,42307,Eptesicus serotinus,0.008,0.023,-1,Echolocation,/mnt/ubna_data_02_mir/recover-20221013/UBNA_001/20221012_030000.WAV,Telephone Field,recover-20221013,001,1795
1553.5685,1553.6095,68437,82739,Rhinolophus ferrumequinum,0.03,0.03,-1,Echolocation,/mnt/ubna_data_02_mir/recover-20221013/UBNA_001/20221012_030000.WAV,Telephone Field,recover-20221013,001,1795
1553.5755,1553.6151,68437,82761,Rhinolophus ferrumequinum,0.028,0.028,-1,Echolocation,/mnt/ubna_data_02_mir/recover-20221013/UBNA_001/20221012_030000.WAV,Telephone Field,recover-20221013,001,1795
1553.6155,1553.622,26328,41336,Plecotus auritus,0.006,0.028,-1,Echolocation,/mnt/ubna_data_02_mir/recover-20221013/UBNA_001/20221012_030000.WAV,Telephone Field,recover-20221013,001,1795
1553.6165,1553.6268,22031,27870,Nyctalus leisleri,0.011,0.029,-1,Echolocation,/mnt/ubna_data_02_mir/recover-20221013/UBNA_001/20221012_030000.WAV,Telephone Field,recover-20221013,001,1795
1553.6235,1553.664,68437,82943,Rhinolophus ferrumequinum,0.026,0.026,-1,Echolocation,/mnt/ubna_data_02_mir/recover-20221013/UBNA_001/20221012_030000.WAV,Telephone Field,recover-20221013,001,1795
1553.6275,1553.6383,22890,27642,Nyctalus leisleri,0.015,0.03,-1,Echolocation,/mnt/ubna_data_02_mir/recover-20221013/UBNA_001/20221012_030000.WAV,Telephone Field,recover-20221013,001,1795
1553.6495,1553.6892,68437,83022,Rhinolophus ferrumequinum,0.028,0.028,-1,Echolocation,/mnt/ubna_data_02_mir/recover-20221013/UBNA_001/20221012_030000.WAV,Telephone Field,recover-20221013,001,1795
1553.6785,1553.7195,68437,82569,Rhinolophus ferrumequinum,0.024,0.024,-1,Echolocation,/mnt/ubna_data_02_mir/recover-20221013/UBNA_001/20221012_030000.WAV,Telephone Field,recover-20221013,001,1795
1553.6855,1553.6926,27187,41137,Eptesicus serotinus,0.007,0.023,-1,Echolocation,/mnt/ubna_data_02_mir/recover-20221013/UBNA_001/20221012_030000.WAV,Telephone Field,recover-20221013,001,1795
1553.7005,1553.7393,68437,82237,Rhinolophus ferrumequinum,0.034,0.034,-1,Echolocation,/mnt/ubna_data_02_mir/recover-20221013/UBNA_001/20221012_030000.WAV,Telephone Field,recover-20221013,001,1795
1553.7075,1553.7176,23750,30594,Nyctalus leisleri,0.009,0.027,-1,Echolocation,/mnt/ubna_data_02_mir/recover-20221013/UBNA_001/20221012_030000.WAV,Telephone Field,recover-20221013,001,1795
1553.7275,1553.7346,24609,34662,Plecotus austriacus,0.01,0.027,-1,Echolocation,/mnt/ubna_data_02_mir/recover-20221013/UBNA_001/20221012_030000.WAV,Telephone Field,recover-20221013,001,1795
1553.7555,1553.7958,68437,82781,Rhinolophus ferrumequinum,0.023,0.023,-1,Echolocation,/mnt/ubna_data_02_mir/recover-20221013/UBNA_001/20221012_030000.WAV,Telephone Field,recover-20221013,001,1795
1553.7695,1553.779,23750,30123,Nyctalus leisleri,0.009,0.024,-1,Echolocation,/mnt/ubna_data_02_mir/recover-20221013/UBNA_001/20221012_030000.WAV,Telephone Field,recover-20221013,001,1795
1553.7745,1553.8087,68437,80934,Rhinolophus ferrumequinum,0.027,0.027,-1,Echolocation,/mnt/ubna_data_02_mir/recover-20221013/UBNA_001/20221012_030000.WAV,Telephone Field,recover-20221013,001,1795
1553.7815,1553.8157,68437,81678,Rhinolophus ferrumequinum,0.022,0.022,-1,Echolocation,/mnt/ubna_data_02_mir/recover-20221013/UBNA_001/20221012_030000.WAV,Telephone Field,recover-20221013,001,1795
1553.8415,1553.8805,68437,83035,Rhinolophus ferrumequinum,0.025,0.025,-1,Echolocation,/mnt/ubna_data_02_mir/recover-20221013/UBNA_001/20221012_030000.WAV,Telephone Field,recover-20221013,001,1795
1553.8855,1553.9282,68437,83302,Rhinolophus ferrumequinum,0.031,0.031,-1,Echolocation,/mnt/ubna_data_02_mir/recover-20221013/UBNA_001/20221012_030000.WAV,Telephone Field,recover-20221013,001,1795
1553.9245,1553.964,68437,82376,Rhinolophus ferrumequinum,0.025,0.025,-1,Echolocation,/mnt/ubna_data_02_mir/recover-20221013/UBNA_001/20221012_030000.WAV,Telephone Field,recover-20221013,001,1795
1554.0015,1554.0105,34921,42310,Myotis daubentonii,0.008,0.023,-1,Echolocation,/mnt/ubna_data_02_mir/recover-20221013/UBNA_001/20221012_030000.WAV,Telephone Field,recover-20221013,001,1795
1554.0015,1554.0312,68437,79860,Rhinolophus ferrumequinum,0.025,0.025,-1,Echolocation,/mnt/ubna_data_02_mir/recover-20221013/UBNA_001/20221012_030000.WAV,Telephone Field,recover-20221013,001,1795
1554.0335,1554.0753,68437,82340,Rhinolophus ferrumequinum,0.036,0.036,-1,Echolocation,/mnt/ubna_data_02_mir/recover-20221013/UBNA_001/20221012_030000.WAV,Telephone Field,recover-20221013,001,1795
1554.0375,1554.0492,22031,26092,Nyctalus leisleri,0.013,0.022,-1,Echolocation,/mnt/ubna_data_02_mir/recover-20221013/UBNA_001/20221012_030000.WAV,Telephone Field,recover-20221013,001,1795
1554.0675,1554.0764,28906,37728,Eptesicus serotinus,0.009,0.023,-1,Echolocation,/mnt/ubna_data_02_mir/recover-20221013/UBNA_001/20221012_030000.WAV,Telephone Field,recover-20221013,001,1795
1554.0985,1554.1344,68437,80631,Rhinolophus ferrumequinum,0.022,0.022,-1,Echolocation,/mnt/ubna_data_02_mir/recover-20221013/UBNA_001/20221012_030000.WAV,Telephone Field,recover-20221013,001,1795
1554.1075,1554.1184,22031,26813,Nyctalus leisleri,0.012,0.024,-1,Echolocation,/mnt/ubna_data_02_mir/recover-20221013/UBNA_001/20221012_030000.WAV,Telephone Field,recover-20221013,001,1795
1554.1215,1554.1453,16875,20113,Nyctalus noctula,0.015,0.024,-1,Echolocation,/mnt/ubna_data_02_mir/recover-20221013/UBNA_001/20221012_030000.WAV,Telephone Field,recover-20221013,001,1795
1554.1415,1554.1843,68437,83444,Rhinolophus ferrumequinum,0.039,0.039,-1,Echolocation,/mnt/ubna_data_02_mir/recover-20221013/UBNA_001/20221012_030000.WAV,Telephone Field,recover-20221013,001,1795
1554.2165,1554.2269000000001,22031,27513,Nyctalus leisleri,0.009,0.022,-1,Echolocation,/mnt/ubna_data_02_mir/recover-20221013/UBNA_001/20221012_030000.WAV,Telephone Field,recover-20221013,001,1795
1554.2195,1554.2581,68437,82107,Rhinolophus ferrumequinum,0.024,0.024,-1,Echolocation,/mnt/ubna_data_02_mir/recover-20221013/UBNA_001/20221012_030000.WAV,Telephone Field,recover-20221013,001,1795
1554.2565,1554.2644,28046,39605,Eptesicus serotinus,0.007,0.022,-1,Echolocation,/mnt/ubna_data_02_mir/recover-20221013/UBNA_001/20221012_030000.WAV,Telephone Field,recover-20221013,001,1795
1554.2755,1554.3142,68437,82552,Rhinolophus ferrumequinum,0.024,0.024,-1,Echolocation,/mnt/ubna_data_02_mir/recover-20221013/UBNA_001/20221012_030000.WAV,Telephone Field,recover-20221013,001,1795
1554.2795,1554.2994,19453,22503,Nyctalus leisleri,0.015,0.026,-1,Echolocation,/mnt/ubna_data_02_mir/recover-20221013/UBNA_001/20221012_030000.WAV,Telephone Field,recover-20221013,001,1795
1554.2815,1554.3202,68437,82269,Rhinolophus ferrumequinum,0.024,0.024,-1,Echolocation,/mnt/ubna_data_02_mir/recover-20221013/UBNA_001/20221012_030000.WAV,Telephone Field,recover-20221013,001,1795
1554.2955,1554.3322,68437,81783,Rhinolophus ferrumequinum,0.023,0.023,-1,Echolocation,/mnt/ubna_data_02_mir/recover-20221013/UBNA_001/20221012_030000.WAV,Telephone Field,recover-20221013,001,1795
1554.3255,1554.3348,28906,37300,Eptesicus serotinus,0.009,0.027,-1,Echolocation,/mnt/ubna_data_02_mir/recover-20221013/UBNA_001/20221012_030000.WAV,Telephone Field,recover-20221013,001,1795
1554.3465,1554.3572,29765,37898,Eptesicus serotinus,0.013,0.027,-1,Echolocation,/mnt/ubna_data_02_mir/recover-20221013/UBNA_001/20221012_030000.WAV,Telephone Field,recover-20221013,001,1795
1554.3665,1554.374,28046,37663,Eptesicus serotinus,0.008,0.024,-1,Echolocation,/mnt/ubna_data_02_mir/recover-20221013/UBNA_001/20221012_030000.WAV,Telephone Field,recover-20221013,001,1795
1554.3745,1554.4159,68437,82619,Rhinolophus ferrumequinum,0.026,0.026,-1,Echolocation,/mnt/ubna_data_02_mir/recover-20221013/UBNA_001/20221012_030000.WAV,Telephone Field,recover-20221013,001,1795
1554.3755,1554.3879,22031,25359,Nyctalus leisleri,0.015,0.024,-1,Echolocation,/mnt/ubna_data_02_mir/recover-20221013/UBNA_001/20221012_030000.WAV,Telephone Field,recover-20221013,001,1795
1554.3985,1554.4374,68437,81531,Rhinolophus ferrumequinum,0.026,0.026,-1,Echolocation,/mnt/ubna_data_02_mir/recover-20221013/UBNA_001/20221012_030000.WAV,Telephone Field,recover-20221013,001,1795
1554.4115,1554.4483,68437,81801,Rhinolophus ferrumequinum,0.024,0.024,-1,Echolocation,/mnt/ubna_data_02_mir/recover-20221013/UBNA_001/20221012_030000.WAV,Telephone Field,recover-20221013,001,1795
1554.4175,1554.4557,68437,81889,Rhinolophus ferrumequinum,0.023,0.023,-1,Echolocation,/mnt/ubna_data_02_mir/recover-20221013/UBNA_001/20221012_030000.WAV,Telephone Field,recover-20221013,001,1795
1554.4225,1554.4631,68437,82114,Rhinolophus ferrumequinum,0.023,0.023,-1,Echolocation,/mnt/ubna_data_02_mir/recover-20221013/UBNA_001/20221012_030000.WAV,Telephone Field,recover-20221013,001,1795
1554.4325,1554.4444,28906,35380,Eptesicus serotinus,0.011,0.026,-1,Echolocation,/mnt/ubna_data_02_mir/recover-20221013/UBNA_001/20221012_030000.WAV,Telephone Field,recover-20221013,001,1795
1554.4565,1554.4937,68437,81921,Rhinolophus ferrumequinum,0.026,0.026,-1,Echolocation,/mnt/ubna_data_02_mir/recover-20221013/UBNA_001/20221012_030000.WAV,Telephone Field,recover-20221013,001,1795
1554.5005,1554.5376,68437,81962,Rhinolophus ferrumequinum,0.022,0.022,-1,Echolocation,/mnt/ubna_data_02_mir/recover-20221013/UBNA_001/20221012_030000.WAV,Telephone Field,recover-20221013,001,1795
1554.5335,1554.5743,68437,82634,Rhinolophus ferrumequinum,0.024,0.024,-1,Echolocation,/mnt/ubna_data_02_mir/recover-20221013/UBNA_001/20221012_030000.WAV,Telephone Field,recover-20221013,001,1795
1554.5435,1554.5841,68437,82424,Rhinolophus ferrumequinum,0.023,0.023,-1,Echolocation,/mnt/ubna_data_02_mir/recover-20221013/UBNA_001/20221012_030000.WAV,Telephone Field,recover-20221013,001,1795
1554.5485,1554.5887,68437,82000,Rhinolophus ferrumequinum,0.023,0.023,-1,Echolocation,/mnt/ubna_data_02_mir/recover-20221013/UBNA_001/20221012_030000.WAV,Telephone Field,recover-20221013,001,1795
1554.6085,1554.6548,68437,83557,Rhinolophus ferrumequinum,0.067,0.067,-1,Echolocation,/mnt/ubna_data_02_mir/recover-20221013/UBNA_001/20221012_030000.WAV,Telephone Field,recover-20221013,001,1795
1554.6445,1554.6556,25468,30941,Nyctalus leisleri,0.008,0.022,-1,Echolocation,/mnt/ubna_data_02_mir/recover-20221013/UBNA_001/20221012_030000.WAV,Telephone Field,recover-20221013,001,1795
1554.6475,1554.6882,68437,82932,Rhinolophus ferrumequinum,0.028,0.028,-1,Echolocation,/mnt/ubna_data_02_mir/recover-20221013/UBNA_001/20221012_030000.WAV,Telephone Field,recover-20221013,001,1795
1554.6605,1554.7004,68437,82117,Rhinolophus ferrumequinum,0.023,0.023,-1,Echolocation,/mnt/ubna_data_02_mir/recover-20221013/UBNA_001/20221012_030000.WAV,Telephone Field,recover-20221013,001,1795
1554.7195,1554.7594,68437,82684,Rhinolophus ferrumequinum,0.024,0.024,-1,Echolocation,/mnt/ubna_data_02_mir/recover-20221013/UBNA_001/20221012_030000.WAV,Telephone Field,recover-20221013,001,1795
1554.7465,1554.7539,28046,39141,Eptesicus serotinus,0.006,0.022,-1,Echolocation,/mnt/ubna_data_02_mir/recover-20221013/UBNA_001/20221012_030000.WAV,Telephone Field,recover-20221013,001,1795
1554.7525,1554.7934,68437,82034,Rhinolophus ferrumequinum,0.023,0.023,-1,Echolocation,/mnt/ubna_data_02_mir/recover-20221013/UBNA_001/20221012_030000.WAV,Telephone Field,recover-20221013,001,1795
1554.7915,1554.8026,28906,35707,Eptesicus serotinus,0.017,0.033,-1,Echolocation,/mnt/ubna_data_02_mir/recover-20221013/UBNA_001/20221012_030000.WAV,Telephone Field,recover-20221013,001,1795
1554.8105,1554.8199,15156,20000,Nyctalus noctula,0.014,0.033,-1,Echolocation,/mnt/ubna_data_02_mir/recover-20221013/UBNA_001/20221012_030000.WAV,Telephone Field,recover-20221013,001,1795
1554.8205,1554.8611,68437,82580,Rhinolophus ferrumequinum,0.024,0.024,-1,Echolocation,/mnt/ubna_data_02_mir/recover-20221013/UBNA_001/20221012_030000.WAV,Telephone Field,recover-20221013,001,1795
1554.8695,1554.9096,68437,82817,Rhinolophus ferrumequinum,0.025,0.025,-1,Echolocation,/mnt/ubna_data_02_mir/recover-20221013/UBNA_001/20221012_030000.WAV,Telephone Field,recover-20221013,001,1795
1554.8845,1554.9229,68437,82109,Rhinolophus ferrumequinum,0.024,0.024,-1,Echolocation,/mnt/ubna_data_02_mir/recover-20221013/UBNA_001/20221012_030000.WAV,Telephone Field,recover-20221013,001,1795
1554.9415,1554.9508,44375,50569,Pipistrellus pipistrellus,0.023,0.028,-1,Echolocation,/mnt/ubna_data_02_mir/recover-20221013/UBNA_001/20221012_030000.WAV,Telephone Field,recover-20221013,001,1795
1554.9435,1554.9513,28046,40346,Eptesicus serotinus,0.007,0.026,-1,Echolocation,/mnt/ubna_data_02_mir/recover-20221013/UBNA_001/20221012_030000.WAV,Telephone Field,recover-20221013,001,1795
1554.9645,1555.0055,68437,82430,Rhinolophus ferrumequinum,0.023,0.023,-1,Echolocation,/mnt/ubna_data_02_mir/recover-20221013/UBNA_001/20221012_030000.WAV,Telephone Field,recover-20221013,001,1795
1554.9705,1555.0109,68437,82689,Rhinolophus ferrumequinum,0.022,0.022,-1,Echolocation,/mnt/ubna_data_02_mir/recover-20221013/UBNA_001/20221012_030000.WAV,Telephone Field,recover-20221013,001,1795
1554.9825,1555.0242,68437,82562,Rhinolophus ferrumequinum,0.022,0.022,-1,Echolocation,/mnt/ubna_data_02_mir/recover-20221013/UBNA_001/20221012_030000.WAV,Telephone Field,recover-20221013,001,1795
1554.9855,1554.9935,28046,37181,Eptesicus serotinus,0.007,0.022,-1,Echolocation,/mnt/ubna_data_02_mir/recover-20221013/UBNA_001/20221012_030000.WAV,Telephone Field,recover-20221013,001,1795
1554.9995,1555.0406,68437,83225,Rhinolophus ferrumequinum,0.024,0.024,-1,Echolocation,/mnt/ubna_data_02_mir/recover-20221013/UBNA_001/20221012_030000.WAV,Telephone Field,recover-20221013,001,1795
1555.0075,1555.0408,68437,80711,Rhinolophus ferrumequinum,0.029,0.029,-1,Echolocation,/mnt/ubna_data_02_mir/recover-20221013/UBNA_001/20221012_030000.WAV,Telephone Field,recover-20221013,001,1795
1555.0535,1555.0634,28046,36929,Eptesicus serotinus,0.01,0.023,-1,Echolocation,/mnt/ubna_data_02_mir/recover-20221013/UBNA_001/20221012_030000.WAV,Telephone Field,recover-20221013,001,1795
1555.1065,1555.1137,28046,39906,Eptesicus serotinus,0.006,0.023,-1,Echolocation,/mnt/ubna_data_02_mir/recover-20221013/UBNA_001/20221012_030000.WAV,Telephone Field,recover-20221013,001,1795
1555.1185,1555.1599,68437,82721,Rhinolophus ferrumequinum,0.038,0.038,-1,Echolocation,/mnt/ubna_data_02_mir/recover-20221013/UBNA_001/20221012_030000.WAV,Telephone Field,recover-20221013,001,1795
1555.1865,1555.2252,68437,82241,Rhinolophus ferrumequinum,0.023,0.023,-1,Echolocation,/mnt/ubna_data_02_mir/recover-20221013/UBNA_001/20221012_030000.WAV,Telephone Field,recover-20221013,001,1795
1555.2025,1555.2418,68437,82259,Rhinolophus ferrumequinum,0.024,0.024,-1,Echolocation,/mnt/ubna_data_02_mir/recover-20221013/UBNA_001/20221012_030000.WAV,Telephone Field,recover-20221013,001,1795
1555.2145,1555.2535,68437,82595,Rhinolophus ferrumequinum,0.023,0.023,-1,Echolocation,/mnt/ubna_data_02_mir/recover-20221013/UBNA_001/20221012_030000.WAV,Telephone Field,recover-20221013,001,1795
1555.2285,1555.2397,26328,33170,Eptesicus serotinus,0.02,0.041,-1,Echolocation,/mnt/ubna_data_02_mir/recover-20221013/UBNA_001/20221012_030000.WAV,Telephone Field,recover-20221013,001,1795
1555.2375,1555.2738,68437,82160,Rhinolophus ferrumequinum,0.022,0.022,-1,Echolocation,/mnt/ubna_data_02_mir/recover-20221013/UBNA_001/20221012_030000.WAV,Telephone Field,recover-20221013,001,1795
1555.2785,1555.2862,28046,39226,Eptesicus serotinus,0.007,0.026,-1,Echolocation,/mnt/ubna_data_02_mir/recover-20221013/UBNA_001/20221012_030000.WAV,Telephone Field,recover-20221013,001,1795
1555.3495,1555.3907,68437,82806,Rhinolophus ferrumequinum,0.022,0.022,-1,Echolocation,/mnt/ubna_data_02_mir/recover-20221013/UBNA_001/20221012_030000.WAV,Telephone Field,recover-20221013,001,1795
1555.3695,1555.4107,68437,82879,Rhinolophus ferrumequinum,0.039,0.039,-1,Echolocation,/mnt/ubna_data_02_mir/recover-20221013/UBNA_001/20221012_030000.WAV,Telephone Field,recover-20221013,001,1795
1555.3915,1555.4318,68437,82700,Rhinolophus ferrumequinum,0.023,0.023,-1,Echolocation,/mnt/ubna_data_02_mir/recover-20221013/UBNA_001/20221012_030000.WAV,Telephone Field,recover-20221013,001,1795
1555.4175,1555.4572,68437,82530,Rhinolophus ferrumequinum,0.029,0.029,-1,Echolocation,/mnt/ubna_data_02_mir/recover-20221013/UBNA_001/20221012_030000.WAV,Telephone Field,recover-20221013,001,1795
1555.4305,1555.471,68437,82752,Rhinolophus ferrumequinum,0.025,0.025,-1,Echolocation,/mnt/ubna_data_02_mir/recover-20221013/UBNA_001/20221012_030000.WAV,Telephone Field,recover-20221013,001,1795
1555.4645,1555.5066,68437,83110,Rhinolophus ferrumequinum,0.028,0.028,-1,Echolocation,/mnt/ubna_data_02_mir/recover-20221013/UBNA_001/20221012_030000.WAV,Telephone Field,recover-20221013,001,1795
1555.4725,1555.5132,68437,82860,Rhinolophus ferrumequinum,0.024,0.024,-1,Echolocation,/mnt/ubna_data_02_mir/recover-20221013/UBNA_001/20221012_030000.WAV,Telephone Field,recover-20221013,001,1795
1555.4855,1555.4975,23750,29578,Nyctalus leisleri,0.014,0.029,-1,Echolocation,/mnt/ubna_data_02_mir/recover-20221013/UBNA_001/20221012_030000.WAV,Telephone Field,recover-20221013,001,1795
1555.4905,1555.5031,45234,48796,Pipistrellus pipistrellus,0.026,0.029,-1,Echolocation,/mnt/ubna_data_02_mir/recover-20221013/UBNA_001/20221012_030000.WAV,Telephone Field,recover-20221013,001,1795
1555.5125,1555.5474,68437,81723,Rhinolophus ferrumequinum,0.022,0.022,-1,Echolocation,/mnt/ubna_data_02_mir/recover-20221013/UBNA_001/20221012_030000.WAV,Telephone Field,recover-20221013,001,1795
1555.5305,1555.5413,27187,34158,Eptesicus serotinus,0.011,0.023,-1,Echolocation,/mnt/ubna_data_02_mir/recover-20221013/UBNA_001/20221012_030000.WAV,Telephone Field,recover-20221013,001,1795
1555.5575,1555.5963,68437,82086,Rhinolophus ferrumequinum,0.024,0.024,-1,Echolocation,/mnt/ubna_data_02_mir/recover-20221013/UBNA_001/20221012_030000.WAV,Telephone Field,recover-20221013,001,1795
1555.6035,1555.6111,36640,44650,Myotis daubentonii,0.019,0.058,-1,Echolocation,/mnt/ubna_data_02_mir/recover-20221013/UBNA_001/20221012_030000.WAV,Telephone Field,recover-20221013,001,1795
1555.6055,1555.6447,68437,81652,Rhinolophus ferrumequinum,0.024,0.024,-1,Echolocation,/mnt/ubna_data_02_mir/recover-20221013/UBNA_001/20221012_030000.WAV,Telephone Field,recover-20221013,001,1795
1555.6365,1555.6765,68437,81699,Rhinolophus ferrumequinum,0.031,0.031,-1,Echolocation,/mnt/ubna_data_02_mir/recover-20221013/UBNA_001/20221012_030000.WAV,Telephone Field,recover-20221013,001,1795
1555.6955,1555.7048,28046,37105,Eptesicus serotinus,0.008,0.022,-1,Echolocation,/mnt/ubna_data_02_mir/recover-20221013/UBNA_001/20221012_030000.WAV,Telephone Field,recover-20221013,001,1795
1555.7035,1555.7141,28906,35225,Eptesicus serotinus,0.01,0.022,-1,Echolocation,/mnt/ubna_data_02_mir/recover-20221013/UBNA_001/20221012_030000.WAV,Telephone Field,recover-20221013,001,1795
1555.7315,1555.7721,68437,82651,Rhinolophus ferrumequinum,0.029,0.029,-1,Echolocation,/mnt/ubna_data_02_mir/recover-20221013/UBNA_001/20221012_030000.WAV,Telephone Field,recover-20221013,001,1795
1555.7435,1555.7553,22031,26159,Nyctalus leisleri,0.013,0.023,-1,Echolocation,/mnt/ubna_data_02_mir/recover-20221013/UBNA_001/20221012_030000.WAV,Telephone Field,recover-20221013,001,1795
1555.7555,1555.7934,68437,81566,Rhinolophus ferrumequinum,0.023,0.023,-1,Echolocation,/mnt/ubna_data_02_mir/recover-20221013/UBNA_001/20221012_030000.WAV,Telephone Field,recover-20221013,001,1795
1555.7985,1555.8373,68437,82431,Rhinolophus ferrumequinum,0.024,0.024,-1,Echolocation,/mnt/ubna_data_02_mir/recover-20221013/UBNA_001/20221012_030000.WAV,Telephone Field,recover-20221013,001,1795
1555.8055,1555.8456,68437,82215,Rhinolophus ferrumequinum,0.022,0.022,-1,Echolocation,/mnt/ubna_data_02_mir/recover-20221013/UBNA_001/20221012_030000.WAV,Telephone Field,recover-20221013,001,1795
1555.8505,1555.8854,68437,81299,Rhinolophus ferrumequinum,0.022,0.022,-1,Echolocation,/mnt/ubna_data_02_mir/recover-20221013/UBNA_001/20221012_030000.WAV,Telephone Field,recover-20221013,001,1795
1555.8635,1555.9042,68437,82230,Rhinolophus ferrumequinum,0.024,0.024,-1,Echolocation,/mnt/ubna_data_02_mir/recover-20221013/UBNA_001/20221012_030000.WAV,Telephone Field,recover-20221013,001,1795
1555.9035,1555.9406,68437,81367,Rhinolophus ferrumequinum,0.022,0.022,-1,Echolocation,/mnt/ubna_data_02_mir/recover-20221013/UBNA_001/20221012_030000.WAV,Telephone Field,recover-20221013,001,1795
1555.9215,1555.9621,68437,82798,Rhinolophus ferrumequinum,0.027,0.027,-1,Echolocation,/mnt/ubna_data_02_mir/recover-20221013/UBNA_001/20221012_030000.WAV,Telephone Field,recover-20221013,001,1795
1555.9335,1555.9439,22031,27658,Nyctalus leisleri,0.011,0.028,-1,Echolocation,/mnt/ubna_data_02_mir/recover-20221013/UBNA_001/20221012_030000.WAV,Telephone Field,recover-20221013,001,1795
1555.9535,1555.9986,68437,83574,Rhinolophus ferrumequinum,0.051,0.051,-1,Echolocation,/mnt/ubna_data_02_mir/recover-20221013/UBNA_001/20221012_030000.WAV,Telephone Field,recover-20221013,001,1795
1556.0015,1556.0101,22890,29336,Nyctalus leisleri,0.011,0.033,-1,Echolocation,/mnt/ubna_data_02_mir/recover-20221013/UBNA_001/20221012_030000.WAV,Telephone Field,recover-20221013,001,1795
1556.0015,1556.0367,68437,80711,Rhinolophus ferrumequinum,0.037,0.037,-1,Echolocation,/mnt/ubna_data_02_mir/recover-20221013/UBNA_001/20221012_030000.WAV,Telephone Field,recover-20221013,001,1795
1556.0155,1556.0597,68437,83500,Rhinolophus ferrumequinum,0.042,0.042,-1,Echolocation,/mnt/ubna_data_02_mir/recover-20221013/UBNA_001/20221012_030000.WAV,Telephone Field,recover-20221013,001,1795
1556.0445,1556.0839,68437,82254,Rhinolophus ferrumequinum,0.022,0.022,-1,Echolocation,/mnt/ubna_data_02_mir/recover-20221013/UBNA_001/20221012_030000.WAV,Telephone Field,recover-20221013,001,1795
1556.0735,1556.1105,68437,81786,Rhinolophus ferrumequinum,0.022,0.022,-1,Echolocation,/mnt/ubna_data_02_mir/recover-20221013/UBNA_001/20221012_030000.WAV,Telephone Field,recover-20221013,001,1795
1556.1075,1556.1192,29765,35119,Eptesicus serotinus,0.014,0.035,-1,Echolocation,/mnt/ubna_data_02_mir/recover-20221013/UBNA_001/20221012_030000.WAV,Telephone Field,recover-20221013,001,1795
1556.1235,1556.1621,68437,81935,Rhinolophus ferrumequinum,0.021,0.021,-1,Echolocation,/mnt/ubna_data_02_mir/recover-20221013/UBNA_001/20221012_030000.WAV,Telephone Field,recover-20221013,001,1795
1556.1825,1556.2194,68437,81023,Rhinolophus ferrumequinum,0.023,0.023,-1,Echolocation,/mnt/ubna_data_02_mir/recover-20221013/UBNA_001/20221012_030000.WAV,Telephone Field,recover-20221013,001,1795
1556.1925,1556.2035,22031,27126,Nyctalus leisleri,0.013,0.03,-1,Echolocation,/mnt/ubna_data_02_mir/recover-20221013/UBNA_001/20221012_030000.WAV,Telephone Field,recover-20221013,001,1795
1556.2185,1556.2553,68437,81079,Rhinolophus ferrumequinum,0.024,0.024,-1,Echolocation,/mnt/ubna_data_02_mir/recover-20221013/UBNA_001/20221012_030000.WAV,Telephone Field,recover-20221013,001,1795
1556.2245,1556.2628,68437,82579,Rhinolophus ferrumequinum,0.024,0.024,-1,Echolocation,/mnt/ubna_data_02_mir/recover-20221013/UBNA_001/20221012_030000.WAV,Telephone Field,recover-20221013,001,1795
1556.2515,1556.2588,23750,33337,Plecotus austriacus,0.012,0.025,-1,Echolocation,/mnt/ubna_data_02_mir/recover-20221013/UBNA_001/20221012_030000.WAV,Telephone Field,recover-20221013,001,1795
1556.3035,1556.3446,68437,83120,Rhinolophus ferrumequinum,0.024,0.024,-1,Echolocation,/mnt/ubna_data_02_mir/recover-20221013/UBNA_001/20221012_030000.WAV,Telephone Field,recover-20221013,001,1795
1556.3145,1556.3548,68437,82479,Rhinolophus ferrumequinum,0.023,0.023,-1,Echolocation,/mnt/ubna_data_02_mir/recover-20221013/UBNA_001/20221012_030000.WAV,Telephone Field,recover-20221013,001,1795
1556.3455,1556.3885,68437,83000,Rhinolophus ferrumequinum,0.025,0.025,-1,Echolocation,/mnt/ubna_data_02_mir/recover-20221013/UBNA_001/20221012_030000.WAV,Telephone Field,recover-20221013,001,1795
1556.3715,1556.4101,68437,82328,Rhinolophus ferrumequinum,0.035,0.035,-1,Echolocation,/mnt/ubna_data_02_mir/recover-20221013/UBNA_001/20221012_030000.WAV,Telephone Field,recover-20221013,001,1795
1556.3855,1556.396,22890,28586,Nyctalus leisleri,0.013,0.029,-1,Echolocation,/mnt/ubna_data_02_mir/recover-20221013/UBNA_001/20221012_030000.WAV,Telephone Field,recover-20221013,001,1795
1556.4065,1556.4451,68437,82066,Rhinolophus ferrumequinum,0.021,0.021,-1,Echolocation,/mnt/ubna_data_02_mir/recover-20221013/UBNA_001/20221012_030000.WAV,Telephone Field,recover-20221013,001,1795
1556.4415,1556.4802,68437,82377,Rhinolophus ferrumequinum,0.025,0.025,-1,Echolocation,/mnt/ubna_data_02_mir/recover-20221013/UBNA_001/20221012_030000.WAV,Telephone Field,recover-20221013,001,1795
1556.5025,1556.514,43515,47250,Pipistrellus pipistrellus,0.049,0.059,-1,Echolocation,/mnt/ubna_data_02_mir/recover-20221013/UBNA_001/20221012_030000.WAV,Telephone Field,recover-20221013,001,1795
1556.5095,1556.5172,28906,39950,Eptesicus serotinus,0.006,0.022,-1,Echolocation,/mnt/ubna_data_02_mir/recover-20221013/UBNA_001/20221012_030000.WAV,Telephone Field,recover-20221013,001,1795
1556.5595,1556.6015,68437,82724,Rhinolophus ferrumequinum,0.025,0.025,-1,Echolocation,/mnt/ubna_data_02_mir/recover-20221013/UBNA_001/20221012_030000.WAV,Telephone Field,recover-20221013,001,1795
1556.5625,1556.569,24609,37975,Plecotus austriacus,0.008,0.025,-1,Echolocation,/mnt/ubna_data_02_mir/recover-20221013/UBNA_001/20221012_030000.WAV,Telephone Field,recover-20221013,001,1795
1556.6255,1556.6665,68437,82672,Rhinolophus ferrumequinum,0.021,0.021,-1,Echolocation,/mnt/ubna_data_02_mir/recover-20221013/UBNA_001/20221012_030000.WAV,Telephone Field,recover-20221013,001,1795
1556.6585,1556.6671,30625,41152,Myotis daubentonii,0.007,0.021,-1,Echolocation,/mnt/ubna_data_02_mir/recover-20221013/UBNA_001/20221012_030000.WAV,Telephone Field,recover-20221013,001,1795
1556.6675,1556.7048,68437,82132,Rhinolophus ferrumequinum,0.022,0.022,-1,Echolocation,/mnt/ubna_data_02_mir/recover-20221013/UBNA_001/20221012_030000.WAV,Telephone Field,recover-20221013,001,1795
1556.6755,1556.6865,22031,26075,Nyctalus leisleri,0.013,0.022,-1,Echolocation,/mnt/ubna_data_02_mir/recover-20221013/UBNA_001/20221012_030000.WAV,Telephone Field,recover-20221013,001,1795
1556.7105,1556.7499,68437,82489,Rhinolophus ferrumequinum,0.032,0.032,-1,Echolocation,/mnt/ubna_data_02_mir/recover-20221013/UBNA_001/20221012_030000.WAV,Telephone Field,recover-20221013,001,1795
1556.7255,1556.7652,68437,82496,Rhinolophus ferrumequinum,0.021,0.021,-1,Echolocation,/mnt/ubna_data_02_mir/recover-20221013/UBNA_001/20221012_030000.WAV,Telephone Field,recover-20221013,001,1795
1556.7695,1556.8072,68437,82126,Rhinolophus ferrumequinum,0.022,0.022,-1,Echolocation,/mnt/ubna_data_02_mir/recover-20221013/UBNA_001/20221012_030000.WAV,Telephone Field,recover-20221013,001,1795
1556.7805,1556.7901,22890,29266,Nyctalus leisleri,0.008,0.022,-1,Echolocation,/mnt/ubna_data_02_mir/recover-20221013/UBNA_001/20221012_030000.WAV,Telephone Field,recover-20221013,001,1795
1556.8355,1556.85,14296,20404,Nyctalus noctula,0.015,0.022,-1,Echolocation,/mnt/ubna_data_02_mir/recover-20221013/UBNA_001/20221012_030000.WAV,Telephone Field,recover-20221013,001,1795
1556.8475,1556.8879,68437,82837,Rhinolophus ferrumequinum,0.023,0.023,-1,Echolocation,/mnt/ubna_data_02_mir/recover-20221013/UBNA_001/20221012_030000.WAV,Telephone Field,recover-20221013,001,1795
1556.8765,1556.8871,28906,36333,Eptesicus serotinus,0.011,0.024,-1,Echolocation,/mnt/ubna_data_02_mir/recover-20221013/UBNA_001/20221012_030000.WAV,Telephone Field,recover-20221013,001,1795
1556.9015,1556.9427,68437,82916,Rhinolophus ferrumequinum,0.031,0.031,-1,Echolocation,/mnt/ubna_data_02_mir/recover-20221013/UBNA_001/20221012_030000.WAV,Telephone Field,recover-20221013,001,1795
1556.9245,1556.9648,68437,82146,Rhinolophus ferrumequinum,0.022,0.022,-1,Echolocation,/mnt/ubna_data_02_mir/recover-20221013/UBNA_001/20221012_030000.WAV,Telephone Field,recover-20221013,001,1795
1556.9315,1556.9713,68437,83092,Rhinolophus ferrumequinum,0.026,0.026,-1,Echolocation,/mnt/ubna_data_02_mir/recover-20221013/UBNA_001/20221012_030000.WAV,Telephone Field,recover-20221013,001,1795
1556.9685,1556.9787,55546,60788,Pipistrellus pygmaeus,0.021,0.024,-1,Echolocation,/mnt/ubna_data_02_mir/recover-20221013/UBNA_001/20221012_030000.WAV,Telephone Field,recover-20221013,001,1795
1556.9825,1557.0225,68437,82533,Rhinolophus ferrumequinum,0.021,0.021,-1,Echolocation,/mnt/ubna_data_02_mir/recover-20221013/UBNA_001/20221012_030000.WAV,Telephone Field,recover-20221013,001,1795
1556.9925,1557.0325,68437,82224,Rhinolophus ferrumequinum,0.021,0.021,-1,Echolocation,/mnt/ubna_data_02_mir/recover-20221013/UBNA_001/20221012_030000.WAV,Telephone Field,recover-20221013,001,1795
1557.0105,1557.0496,68437,82038,Rhinolophus ferrumequinum,0.024,0.024,-1,Echolocation,/mnt/ubna_data_02_mir/recover-20221013/UBNA_001/20221012_030000.WAV,Telephone Field,recover-20221013,001,1795
1557.0125,1557.0197,28906,38502,Eptesicus serotinus,0.006,0.021,-1,Echolocation,/mnt/ubna_data_02_mir/recover-20221013/UBNA_001/20221012_030000.WAV,Telephone Field,recover-20221013,001,1795
1557.0645,1557.1033,68437,81899,Rhinolophus ferrumequinum,0.023,0.023,-1,Echolocation,/mnt/ubna_data_02_mir/recover-20221013/UBNA_001/20221012_030000.WAV,Telephone Field,recover-20221013,001,1795
1557.0725,1557.0853,14296,19601,Nyctalus noctula,0.016,0.025,-1,Echolocation,/mnt/ubna_data_02_mir/recover-20221013/UBNA_001/20221012_030000.WAV,Telephone Field,recover-20221013,001,1795
1557.0955,1557.1352,68437,82671,Rhinolophus ferrumequinum,0.021,0.021,-1,Echolocation,/mnt/ubna_data_02_mir/recover-20221013/UBNA_001/20221012_030000.WAV,Telephone Field,recover-20221013,001,1795
1557.1295,1557.1719,68437,82812,Rhinolophus ferrumequinum,0.024,0.024,-1,Echolocation,/mnt/ubna_data_02_mir/recover-20221013/UBNA_001/20221012_030000.WAV,Telephone Field,recover-20221013,001,1795
1557.1485,1557.157,28906,37991,Eptesicus serotinus,0.008,0.023,-1,Echolocation,/mnt/ubna_data_02_mir/recover-20221013/UBNA_001/20221012_030000.WAV,Telephone Field,recover-20221013,001,1795
1557.1725,1557.185,22031,26001,Nyctalus leisleri,0.012,0.022,-1,Echolocation,/mnt/ubna_data_02_mir/recover-20221013/UBNA_001/20221012_030000.WAV,Telephone Field,recover-20221013,001,1795
1557.1745,1557.2115,68437,81591,Rhinolophus ferrumequinum,0.021,0.021,-1,Echolocation,/mnt/ubna_data_02_mir/recover-20221013/UBNA_001/20221012_030000.WAV,Telephone Field,recover-20221013,001,1795
1557.1965,1557.236,68437,82055,Rhinolophus ferrumequinum,0.029,0.029,-1,Echolocation,/mnt/ubna_data_02_mir/recover-20221013/UBNA_001/20221012_030000.WAV,Telephone Field,recover-20221013,001,1795
1557.2385,1557.282,68437,82990,Rhinolophus ferrumequinum,0.033,0.033,-1,Echolocation,/mnt/ubna_data_02_mir/recover-20221013/UBNA_001/20221012_030000.WAV,Telephone Field,recover-20221013,001,1795
1557.2665,1557.3047,68437,82234,Rhinolophus ferrumequinum,0.021,0.021,-1,Echolocation,/mnt/ubna_data_02_mir/recover-20221013/UBNA_001/20221012_030000.WAV,Telephone Field,recover-20221013,001,1795
1557.2765,1557.2872,24609,29795,Nyctalus leisleri,0.011,0.023,-1,Echolocation,/mnt/ubna_data_02_mir/recover-20221013/UBNA_001/20221012_030000.WAV,Telephone Field,recover-20221013,001,1795
1557.3105,1557.3225,25468,31406,Nyctalus leisleri,0.011,0.026,-1,Echolocation,/mnt/ubna_data_02_mir/recover-20221013/UBNA_001/20221012_030000.WAV,Telephone Field,recover-20221013,001,1795
1557.3425,1557.3834,68437,82831,Rhinolophus ferrumequinum,0.025,0.025,-1,Echolocation,/mnt/ubna_data_02_mir/recover-20221013/UBNA_001/20221012_030000.WAV,Telephone Field,recover-20221013,001,1795
1557.3855,1557.426,68437,82072,Rhinolophus ferrumequinum,0.022,0.022,-1,Echolocation,/mnt/ubna_data_02_mir/recover-20221013/UBNA_001/20221012_030000.WAV,Telephone Field,recover-20221013,001,1795
1557.4175,1557.4554,68437,82071,Rhinolophus ferrumequinum,0.021,0.021,-1,Echolocation,/mnt/ubna_data_02_mir/recover-20221013/UBNA_001/20221012_030000.WAV,Telephone Field,recover-20221013,001,1795
1557.4565,1557.4953,68437,82009,Rhinolophus ferrumequinum,0.023,0.023,-1,Echolocation,/mnt/ubna_data_02_mir/recover-20221013/UBNA_001/20221012_030000.WAV,Telephone Field,recover-20221013,001,1795
1557.4585,1557.4671,49531,53962,Pipistrellus pipistrellus,0.022,0.024,-1,Echolocation,/mnt/ubna_data_02_mir/recover-20221013/UBNA_001/20221012_030000.WAV,Telephone Field,recover-20221013,001,1795
1557.5015,1557.519,22031,25465,Nyctalus leisleri,0.039,0.071,-1,Echolocation,/mnt/ubna_data_02_mir/recover-20221013/UBNA_001/20221012_030000.WAV,Telephone Field,recover-20221013,001,1795
1557.5355,1557.5785,68437,82972,Rhinolophus ferrumequinum,0.022,0.023,-1,Echolocation,/mnt/ubna_data_02_mir/recover-20221013/UBNA_001/20221012_030000.WAV,Telephone Field,recover-20221013,001,1795
1557.5485,1557.5591,23750,28535,Nyctalus leisleri,0.011,0.025,-1,Echolocation,/mnt/ubna_data_02_mir/recover-20221013/UBNA_001/20221012_030000.WAV,Telephone Field,recover-20221013,001,1795
1557.5555,1557.5699,36640,41077,Pipistrellus nathusii,0.014,0.029,-1,Echolocation,/mnt/ubna_data_02_mir/recover-20221013/UBNA_001/20221012_030000.WAV,Telephone Field,recover-20221013,001,1795
1557.5705,1557.6074,68437,80804,Rhinolophus ferrumequinum,0.022,0.022,-1,Echolocation,/mnt/ubna_data_02_mir/recover-20221013/UBNA_001/20221012_030000.WAV,Telephone Field,recover-20221013,001,1795
1557.5975,1557.6361,68437,81880,Rhinolophus ferrumequinum,0.021,0.021,-1,Echolocation,/mnt/ubna_data_02_mir/recover-20221013/UBNA_001/20221012_030000.WAV,Telephone Field,recover-20221013,001,1795
1557.6445,1557.6545,28906,37378,Eptesicus serotinus,0.011,0.025,-1,Echolocation,/mnt/ubna_data_02_mir/recover-20221013/UBNA_001/20221012_030000.WAV,Telephone Field,recover-20221013,001,1795
1557.6775,1557.7162,68437,82366,Rhinolophus ferrumequinum,0.021,0.021,-1,Echolocation,/mnt/ubna_data_02_mir/recover-20221013/UBNA_001/20221012_030000.WAV,Telephone Field,recover-20221013,001,1795
1557.6845,1557.6953,24609,31448,Nyctalus leisleri,0.009,0.025,-1,Echolocation,/mnt/ubna_data_02_mir/recover-20221013/UBNA_001/20221012_030000.WAV,Telephone Field,recover-20221013,001,1795
1557.7035,1557.7426,68437,81620,Rhinolophus ferrumequinum,0.023,0.023,-1,Echolocation,/mnt/ubna_data_02_mir/recover-20221013/UBNA_001/20221012_030000.WAV,Telephone Field,recover-20221013,001,1795
1557.7255,1557.768,68437,82681,Rhinolophus ferrumequinum,0.022,0.022,-1,Echolocation,/mnt/ubna_data_02_mir/recover-20221013/UBNA_001/20221012_030000.WAV,Telephone Field,recover-20221013,001,1795
1557.7605,1557.7718,22890,27992,Nyctalus leisleri,0.011,0.022,-1,Echolocation,/mnt/ubna_data_02_mir/recover-20221013/UBNA_001/20221012_030000.WAV,Telephone Field,recover-20221013,001,1795
1557.7665,1557.778,23750,29363,Nyctalus leisleri,0.011,0.022,-1,Echolocation,/mnt/ubna_data_02_mir/recover-20221013/UBNA_001/20221012_030000.WAV,Telephone Field,recover-20221013,001,1795
1557.7685,1557.8088,68437,82780,Rhinolophus ferrumequinum,0.033,0.033,-1,Echolocation,/mnt/ubna_data_02_mir/recover-20221013/UBNA_001/20221012_030000.WAV,Telephone Field,recover-20221013,001,1795
1557.8295,1557.8704,68437,82763,Rhinolophus ferrumequinum,0.022,0.022,-1,Echolocation,/mnt/ubna_data_02_mir/recover-20221013/UBNA_001/20221012_030000.WAV,Telephone Field,recover-20221013,001,1795
1557.8485,1557.8852,68437,81669,Rhinolophus ferrumequinum,0.024,0.024,-1,Echolocation,/mnt/ubna_data_02_mir/recover-20221013/UBNA_001/20221012_030000.WAV,Telephone Field,recover-20221013,001,1795
1557.8665,1557.9063,68437,82103,Rhinolophus ferrumequinum,0.022,0.022,-1,Echolocation,/mnt/ubna_data_02_mir/recover-20221013/UBNA_001/20221012_030000.WAV,Telephone Field,recover-20221013,001,1795
1557.8835,1557.8947,22890,27578,Nyctalus leisleri,0.013,0.025,-1,Echolocation,/mnt/ubna_data_02_mir/recover-20221013/UBNA_001/20221012_030000.WAV,Telephone Field,recover-20221013,001,1795
1557.9115,1557.952,68437,82261,Rhinolophus ferrumequinum,0.025,0.025,-1,Echolocation,/mnt/ubna_data_02_mir/recover-20221013/UBNA_001/20221012_030000.WAV,Telephone Field,recover-20221013,001,1795
1557.9485,1557.984,68437,80801,Rhinolophus ferrumequinum,0.022,0.022,-1,Echolocation,/mnt/ubna_data_02_mir/recover-20221013/UBNA_001/20221012_030000.WAV,Telephone Field,recover-20221013,001,1795
1557.9595,1557.9977,68437,81927,Rhinolophus ferrumequinum,0.023,0.023,-1,Echolocation,/mnt/ubna_data_02_mir/recover-20221013/UBNA_001/20221012_030000.WAV,Telephone Field,recover-20221013,001,1795
1557.9845,1557.9957,23750,30812,Nyctalus leisleri,0.009,0.022,-1,Echolocation,/mnt/ubna_data_02_mir/recover-20221013/UBNA_001/20221012_030000.WAV,Telephone Field,recover-20221013,001,1795
1558.0015,1558.017,17734,22659,Nyctalus noctula,0.013,0.031,-1,Echolocation,/mnt/ubna_data_02_mir/recover-20221013/UBNA_001/20221012_030000.WAV,Telephone Field,recover-20221013,001,1795
1558.0015,1558.0109,27187,35290,Eptesicus serotinus,0.012,0.034,-1,Echolocation,/mnt/ubna_data_02_mir/recover-20221013/UBNA_001/20221012_030000.WAV,Telephone Field,recover-20221013,001,1795
1558.0015,1558.0325,68437,80046,Rhinolophus ferrumequinum,0.038,0.038,-1,Echolocation,/mnt/ubna_data_02_mir/recover-20221013/UBNA_001/20221012_030000.WAV,Telephone Field,recover-20221013,001,1795
1558.0125,1558.0541,68437,83361,Rhinolophus ferrumequinum,0.022,0.022,-1,Echolocation,/mnt/ubna_data_02_mir/recover-20221013/UBNA_001/20221012_030000.WAV,Telephone Field,recover-20221013,001,1795
1558.0575,1558.0759,20312,23285,Nyctalus leisleri,0.013,0.023,-1,Echolocation,/mnt/ubna_data_02_mir/recover-20221013/UBNA_001/20221012_030000.WAV,Telephone Field,recover-20221013,001,1795
1558.0775,1558.1159,68437,82092,Rhinolophus ferrumequinum,0.022,0.022,-1,Echolocation,/mnt/ubna_data_02_mir/recover-20221013/UBNA_001/20221012_030000.WAV,Telephone Field,recover-20221013,001,1795
1558.0855,1558.1226,68437,81584,Rhinolophus ferrumequinum,0.024,0.024,-1,Echolocation,/mnt/ubna_data_02_mir/recover-20221013/UBNA_001/20221012_030000.WAV,Telephone Field,recover-20221013,001,1795
1558.0885,1558.0964,25468,35713,Eptesicus serotinus,0.008,0.023,-1,Echolocation,/mnt/ubna_data_02_mir/recover-20221013/UBNA_001/20221012_030000.WAV,Telephone Field,recover-20221013,001,1795
1558.0995,1558.1362,68437,81609,Rhinolophus ferrumequinum,0.025,0.025,-1,Echolocation,/mnt/ubna_data_02_mir/recover-20221013/UBNA_001/20221012_030000.WAV,Telephone Field,recover-20221013,001,1795
1558.1085,1558.1498,68437,82818,Rhinolophus ferrumequinum,0.027,0.027,-1,Echolocation,/mnt/ubna_data_02_mir/recover-20221013/UBNA_001/20221012_030000.WAV,Telephone Field,recover-20221013,001,1795
1558.1125,1558.1214,22890,29728,Plecotus austriacus,0.009,0.022,-1,Echolocation,/mnt/ubna_data_02_mir/recover-20221013/UBNA_001/20221012_030000.WAV,Telephone Field,recover-20221013,001,1795
1558.1845,1558.2247,68437,82720,Rhinolophus ferrumequinum,0.024,0.024,-1,Echolocation,/mnt/ubna_data_02_mir/recover-20221013/UBNA_001/20221012_030000.WAV,Telephone Field,recover-20221013,001,1795
1558.1955,1558.2352,68437,82509,Rhinolophus ferrumequinum,0.022,0.022,-1,Echolocation,/mnt/ubna_data_02_mir/recover-20221013/UBNA_001/20221012_030000.WAV,Telephone Field,recover-20221013,001,1795
1558.2095,1558.2536,68437,83205,Rhinolophus ferrumequinum,0.041,0.041,-1,Echolocation,/mnt/ubna_data_02_mir/recover-20221013/UBNA_001/20221012_030000.WAV,Telephone Field,recover-20221013,001,1795
1558.2115,1558.2195,28906,37689,Eptesicus serotinus,0.009,0.025,-1,Echolocation,/mnt/ubna_data_02_mir/recover-20221013/UBNA_001/20221012_030000.WAV,Telephone Field,recover-20221013,001,1795
1558.2315,1558.274,68437,83626,Rhinolophus ferrumequinum,0.034,0.034,-1,Echolocation,/mnt/ubna_data_02_mir/recover-20221013/UBNA_001/20221012_030000.WAV,Telephone Field,recover-20221013,001,1795
1558.2645,1558.3017,68437,82394,Rhinolophus ferrumequinum,0.023,0.024,-1,Echolocation,/mnt/ubna_data_02_mir/recover-20221013/UBNA_001/20221012_030000.WAV,Telephone Field,recover-20221013,001,1795
1558.2795,1558.3175,68437,81951,Rhinolophus ferrumequinum,0.022,0.022,-1,Echolocation,/mnt/ubna_data_02_mir/recover-20221013/UBNA_001/20221012_030000.WAV,Telephone Field,recover-20221013,001,1795
1558.2875,1558.2967,22890,29934,Plecotus austriacus,0.008,0.024,-1,Echolocation,/mnt/ubna_data_02_mir/recover-20221013/UBNA_001/20221012_030000.WAV,Telephone Field,recover-20221013,001,1795
1558.3015,1558.3107,28906,36037,Eptesicus serotinus,0.01,0.026,-1,Echolocation,/mnt/ubna_data_02_mir/recover-20221013/UBNA_001/20221012_030000.WAV,Telephone Field,recover-20221013,001,1795
1558.3345,1558.3426,23750,32357,Plecotus austriacus,0.007,0.022,-1,Echolocation,/mnt/ubna_data_02_mir/recover-20221013/UBNA_001/20221012_030000.WAV,Telephone Field,recover-20221013,001,1795
1558.3595,1558.402,68437,82987,Rhinolophus ferrumequinum,0.025,0.025,-1,Echolocation,/mnt/ubna_data_02_mir/recover-20221013/UBNA_001/20221012_030000.WAV,Telephone Field,recover-20221013,001,1795
1558.4155,1558.4504,68437,81394,Rhinolophus ferrumequinum,0.027,0.027,-1,Echolocation,/mnt/ubna_data_02_mir/recover-20221013/UBNA_001/20221012_030000.WAV,Telephone Field,recover-20221013,001,1795
1558.4525,1558.4904,68437,82049,Rhinolophus ferrumequinum,0.022,0.022,-1,Echolocation,/mnt/ubna_data_02_mir/recover-20221013/UBNA_001/20221012_030000.WAV,Telephone Field,recover-20221013,001,1795
1558.4655,1558.504,68437,81828,Rhinolophus ferrumequinum,0.021,0.021,-1,Echolocation,/mnt/ubna_data_02_mir/recover-20221013/UBNA_001/20221012_030000.WAV,Telephone Field,recover-20221013,001,1795
1558.4865,1558.5269,68437,83202,Rhinolophus ferrumequinum,0.027,0.027,-1,Echolocation,/mnt/ubna_data_02_mir/recover-20221013/UBNA_001/20221012_030000.WAV,Telephone Field,recover-20221013,001,1795
1558.5125,1558.52,28906,40448,Eptesicus serotinus,0.011,0.03,-1,Echolocation,/mnt/ubna_data_02_mir/recover-20221013/UBNA_001/20221012_030000.WAV,Telephone Field,recover-20221013,001,1795
1558.5495,1558.5915,68437,83121,Rhinolophus ferrumequinum,0.031,0.031,-1,Echolocation,/mnt/ubna_data_02_mir/recover-20221013/UBNA_001/20221012_030000.WAV,Telephone Field,recover-20221013,001,1795
1558.5655,1558.6062,68437,82199,Rhinolophus ferrumequinum,0.024,0.024,-1,Echolocation,/mnt/ubna_data_02_mir/recover-20221013/UBNA_001/20221012_030000.WAV,Telephone Field,recover-20221013,001,1795
1558.5755,1558.6166,68437,82329,Rhinolophus ferrumequinum,0.026,0.026,-1,Echolocation,/mnt/ubna_data_02_mir/recover-20221013/UBNA_001/20221012_030000.WAV,Telephone Field,recover-20221013,001,1795
1558.5785,1558.5895,23750,30039,Nyctalus leisleri,0.013,0.03,-1,Echolocation,/mnt/ubna_data_02_mir/recover-20221013/UBNA_001/20221012_030000.WAV,Telephone Field,recover-20221013,001,1795
1558.5925,1558.6066,28906,34062,Eptesicus serotinus,0.025,0.045,-1,Echolocation,/mnt/ubna_data_02_mir/recover-20221013/UBNA_001/20221012_030000.WAV,Telephone Field,recover-20221013,001,1795
1558.6075,1558.6457,68437,82157,Rhinolophus ferrumequinum,0.023,0.023,-1,Echolocation,/mnt/ubna_data_02_mir/recover-20221013/UBNA_001/20221012_030000.WAV,Telephone Field,recover-20221013,001,1795
1558.6375,1558.6786,68437,82386,Rhinolophus ferrumequinum,0.025,0.025,-1,Echolocation,/mnt/ubna_data_02_mir/recover-20221013/UBNA_001/20221012_030000.WAV,Telephone Field,recover-20221013,001,1795
1558.6855,1558.729,68437,82841,Rhinolophus ferrumequinum,0.036,0.036,-1,Echolocation,/mnt/ubna_data_02_mir/recover-20221013/UBNA_001/20221012_030000.WAV,Telephone Field,recover-20221013,001,1795
1558.7395,1558.7775,68437,81855,Rhinolophus ferrumequinum,0.024,0.024,-1,Echolocation,/mnt/ubna_data_02_mir/recover-20221013/UBNA_001/20221012_030000.WAV,Telephone Field,recover-20221013,001,1795
1558.7425,1558.7501,28906,37823,Eptesicus serotinus,0.013,0.033,-1,Echolocation,/mnt/ubna_data_02_mir/recover-20221013/UBNA_001/20221012_030000.WAV,Telephone Field,recover-20221013,001,1795
1558.7995,1558.81,23750,31055,Nyctalus leisleri,0.01,0.025,-1,Echolocation,/mnt/ubna_data_02_mir/recover-20221013/UBNA_001/20221012_030000.WAV,Telephone Field,recover-20221013,001,1795
1558.8085,1558.8459,68437,81349,Rhinolophus ferrumequinum,0.023,0.023,-1,Echolocation,/mnt/ubna_data_02_mir/recover-20221013/UBNA_001/20221012_030000.WAV,Telephone Field,recover-20221013,001,1795
1558.8265,1558.8363,23750,29877,Nyctalus leisleri,0.009,0.023,-1,Echolocation,/mnt/ubna_data_02_mir/recover-20221013/UBNA_001/20221012_030000.WAV,Telephone Field,recover-20221013,001,1795
1558.8345,1558.8737,68437,82183,Rhinolophus ferrumequinum,0.022,0.022,-1,Echolocation,/mnt/ubna_data_02_mir/recover-20221013/UBNA_001/20221012_030000.WAV,Telephone Field,recover-20221013,001,1795
1558.8735,1558.9052,68437,80629,Rhinolophus ferrumequinum,0.022,0.022,-1,Echolocation,/mnt/ubna_data_02_mir/recover-20221013/UBNA_001/20221012_030000.WAV,Telephone Field,recover-20221013,001,1795
1558.8795,1558.9153,68437,81397,Rhinolophus ferrumequinum,0.022,0.023,-1,Echolocation,/mnt/ubna_data_02_mir/recover-20221013/UBNA_001/20221012_030000.WAV,Telephone Field,recover-20221013,001,1795
1558.9055,1558.9438,68437,81526,Rhinolophus ferrumequinum,0.024,0.024,-1,Echolocation,/mnt/ubna_data_02_mir/recover-20221013/UBNA_001/20221012_030000.WAV,Telephone Field,recover-20221013,001,1795
1558.9375,1558.9764,68437,81777,Rhinolophus ferrumequinum,0.022,0.022,-1,Echolocation,/mnt/ubna_data_02_mir/recover-20221013/UBNA_001/20221012_030000.WAV,Telephone Field,recover-20221013,001,1795
1558.9995,1559.009,28046,39302,Eptesicus serotinus,0.011,0.024,-1,Echolocation,/mnt/ubna_data_02_mir/recover-20221013/UBNA_001/20221012_030000.WAV,Telephone Field,recover-20221013,001,1795
1559.0305,1559.0699,68437,81827,Rhinolophus ferrumequinum,0.026,0.026,-1,Echolocation,/mnt/ubna_data_02_mir/recover-20221013/UBNA_001/20221012_030000.WAV,Telephone Field,recover-20221013,001,1795
1559.0445,1559.0852,68437,82627,Rhinolophus ferrumequinum,0.045,0.045,-1,Echolocation,/mnt/ubna_data_02_mir/recover-20221013/UBNA_001/20221012_030000.WAV,Telephone Field,recover-20221013,001,1795
1559.0565,1559.0663,24609,32122,Nyctalus leisleri,0.007,0.023,-1,Echolocation,/mnt/ubna_data_02_mir/recover-20221013/UBNA_001/20221012_030000.WAV,Telephone Field,recover-20221013,001,1795
1559.0575,1559.0942,68437,81475,Rhinolophus ferrumequinum,0.023,0.023,-1,Echolocation,/mnt/ubna_data_02_mir/recover-20221013/UBNA_001/20221012_030000.WAV,Telephone Field,recover-20221013,001,1795
1559.0875,1559.0958,25468,34168,Eptesicus serotinus,0.007,0.021,-1,Echolocation,/mnt/ubna_data_02_mir/recover-20221013/UBNA_001/20221012_030000.WAV,Telephone Field,recover-20221013,001,1795
1559.0995,1559.1387,68437,82239,Rhinolophus ferrumequinum,0.023,0.023,-1,Echolocation,/mnt/ubna_data_02_mir/recover-20221013/UBNA_001/20221012_030000.WAV,Telephone Field,recover-20221013,001,1795
1559.1115,1559.1474,68437,81776,Rhinolophus ferrumequinum,0.029,0.029,-1,Echolocation,/mnt/ubna_data_02_mir/recover-20221013/UBNA_001/20221012_030000.WAV,Telephone Field,recover-20221013,001,1795
1559.1435,1559.1819,68437,82543,Rhinolophus ferrumequinum,0.022,0.022,-1,Echolocation,/mnt/ubna_data_02_mir/recover-20221013/UBNA_001/20221012_030000.WAV,Telephone Field,recover-20221013,001,1795
1559.1915,1559.2279,68437,81569,Rhinolophus ferrumequinum,0.027,0.027,-1,Echolocation,/mnt/ubna_data_02_mir/recover-20221013/UBNA_001/20221012_030000.WAV,Telephone Field,recover-20221013,001,1795
1559.2005,1559.2385,68437,82205,Rhinolophus ferrumequinum,0.03,0.03,-1,Echolocation,/mnt/ubna_data_02_mir/recover-20221013/UBNA_001/20221012_030000.WAV,Telephone Field,recover-20221013,001,1795
1559.2105,1559.2487,68437,82149,Rhinolophus ferrumequinum,0.021,0.021,-1,Echolocation,/mnt/ubna_data_02_mir/recover-20221013/UBNA_001/20221012_030000.WAV,Telephone Field,recover-20221013,001,1795
1559.2485,1559.2626,22890,27445,Nyctalus leisleri,0.013,0.025,-1,Echolocation,/mnt/ubna_data_02_mir/recover-20221013/UBNA_001/20221012_030000.WAV,Telephone Field,recover-20221013,001,1795
1559.2625,1559.3042,68437,83093,Rhinolophus ferrumequinum,0.026,0.027,-1,Echolocation,/mnt/ubna_data_02_mir/recover-20221013/UBNA_001/20221012_030000.WAV,Telephone Field,recover-20221013,001,1795
1559.2885,1559.3272,68437,82430,Rhinolophus ferrumequinum,0.023,0.023,-1,Echolocation,/mnt/ubna_data_02_mir/recover-20221013/UBNA_001/20221012_030000.WAV,Telephone Field,recover-20221013,001,1795
1559.2955,1559.3035,28046,39836,Eptesicus serotinus,0.007,0.021,-1,Echolocation,/mnt/ubna_data_02_mir/recover-20221013/UBNA_001/20221012_030000.WAV,Telephone Field,recover-20221013,001,1795
1559.3035,1559.3405,68437,81954,Rhinolophus ferrumequinum,0.022,0.022,-1,Echolocation,/mnt/ubna_data_02_mir/recover-20221013/UBNA_001/20221012_030000.WAV,Telephone Field,recover-20221013,001,1795
1559.3225,1559.3608,68437,81067,Rhinolophus ferrumequinum,0.036,0.036,-1,Echolocation,/mnt/ubna_data_02_mir/recover-20221013/UBNA_001/20221012_030000.WAV,Telephone Field,recover-20221013,001,1795
1559.3485,1559.3888,68437,82750,Rhinolophus ferrumequinum,0.024,0.024,-1,Echolocation,/mnt/ubna_data_02_mir/recover-20221013/UBNA_001/20221012_030000.WAV,Telephone Field,recover-20221013,001,1795
1559.3575,1559.3961,68437,82140,Rhinolophus ferrumequinum,0.021,0.021,-1,Echolocation,/mnt/ubna_data_02_mir/recover-20221013/UBNA_001/20221012_030000.WAV,Telephone Field,recover-20221013,001,1795
1559.3645,1559.3759,28906,35075,Eptesicus serotinus,0.013,0.025,-1,Echolocation,/mnt/ubna_data_02_mir/recover-20221013/UBNA_001/20221012_030000.WAV,Telephone Field,recover-20221013,001,1795
1559.4125,1559.4536,68437,82581,Rhinolophus ferrumequinum,0.024,0.024,-1,Echolocation,/mnt/ubna_data_02_mir/recover-20221013/UBNA_001/20221012_030000.WAV,Telephone Field,recover-20221013,001,1795
1559.4295,1559.4415,42656,45687,Pipistrellus pipistrellus,0.027,0.031,-1,Echolocation,/mnt/ubna_data_02_mir/recover-20221013/UBNA_001/20221012_030000.WAV,Telephone Field,recover-20221013,001,1795
1559.4315,1559.4695,68437,82259,Rhinolophus ferrumequinum,0.023,0.023,-1,Echolocation,/mnt/ubna_data_02_mir/recover-20221013/UBNA_001/20221012_030000.WAV,Telephone Field,recover-20221013,001,1795
1559.4375,1559.4765,68437,81709,Rhinolophus ferrumequinum,0.022,0.022,-1,Echolocation,/mnt/ubna_data_02_mir/recover-20221013/UBNA_001/20221012_030000.WAV,Telephone Field,recover-20221013,001,1795
1559.4535,1559.4916,68437,82043,Rhinolophus ferrumequinum,0.023,0.024,-1,Echolocation,/mnt/ubna_data_02_mir/recover-20221013/UBNA_001/20221012_030000.WAV,Telephone Field,recover-20221013,001,1795
1559.4625,1559.5015,68437,82222,Rhinolophus ferrumequinum,0.024,0.024,-1,Echolocation,/mnt/ubna_data_02_mir/recover-20221013/UBNA_001/20221012_030000.WAV,Telephone Field,recover-20221013,001,1795
1559.4705,1559.5086000000001,68437,81794,Rhinolophus ferrumequinum,0.022,0.022,-1,Echolocation,/mnt/ubna_data_02_mir/recover-20221013/UBNA_001/20221012_030000.WAV,Telephone Field,recover-20221013,001,1795
1559.4705,1559.4796,28906,36755,Eptesicus serotinus,0.008,0.023,-1,Echolocation,/mnt/ubna_data_02_mir/recover-20221013/UBNA_001/20221012_030000.WAV,Telephone Field,recover-20221013,001,1795
1559.4755,1559.4855,22031,27647,Nyctalus leisleri,0.008,0.023,-1,Echolocation,/mnt/ubna_data_02_mir/recover-20221013/UBNA_001/20221012_030000.WAV,Telephone Field,recover-20221013,001,1795
1559.4945,1559.5362,68437,83204,Rhinolophus ferrumequinum,0.029,0.03,-1,Echolocation,/mnt/ubna_data_02_mir/recover-20221013/UBNA_001/20221012_030000.WAV,Telephone Field,recover-20221013,001,1795
1559.5065,1559.5146,50390,56688,Pipistrellus pipistrellus,0.02,0.025,-1,Echolocation,/mnt/ubna_data_02_mir/recover-20221013/UBNA_001/20221012_030000.WAV,Telephone Field,recover-20221013,001,1795
1559.5225,1559.5631,68437,82401,Rhinolophus ferrumequinum,0.023,0.023,-1,Echolocation,/mnt/ubna_data_02_mir/recover-20221013/UBNA_001/20221012_030000.WAV,Telephone Field,recover-20221013,001,1795
1559.5325,1559.5436,22031,26622,Nyctalus leisleri,0.012,0.024,-1,Echolocation,/mnt/ubna_data_02_mir/recover-20221013/UBNA_001/20221012_030000.WAV,Telephone Field,recover-20221013,001,1795
1559.5545,1559.5899,68437,81727,Rhinolophus ferrumequinum,0.022,0.022,-1,Echolocation,/mnt/ubna_data_02_mir/recover-20221013/UBNA_001/20221012_030000.WAV,Telephone Field,recover-20221013,001,1795
1559.5675,1559.5752,28046,38793,Eptesicus serotinus,0.009,0.027,-1,Echolocation,/mnt/ubna_data_02_mir/recover-20221013/UBNA_001/20221012_030000.WAV,Telephone Field,recover-20221013,001,1795
1559.6065,1559.6477,68437,82500,Rhinolophus ferrumequinum,0.026,0.026,-1,Echolocation,/mnt/ubna_data_02_mir/recover-20221013/UBNA_001/20221012_030000.WAV,Telephone Field,recover-20221013,001,1795
1559.6405,1559.6772,68437,81917,Rhinolophus ferrumequinum,0.025,0.025,-1,Echolocation,/mnt/ubna_data_02_mir/recover-20221013/UBNA_001/20221012_030000.WAV,Telephone Field,recover-20221013,001,1795
1559.6525,1559.6933,68437,83029,Rhinolophus ferrumequinum,0.03,0.03,-1,Echolocation,/mnt/ubna_data_02_mir/recover-20221013/UBNA_001/20221012_030000.WAV,Telephone Field,recover-20221013,001,1795
1559.6795,1559.7179,68437,81581,Rhinolophus ferrumequinum,0.022,0.022,-1,Echolocation,/mnt/ubna_data_02_mir/recover-20221013/UBNA_001/20221012_030000.WAV,Telephone Field,recover-20221013,001,1795
1559.6905,1559.7293,68437,82595,Rhinolophus ferrumequinum,0.022,0.022,-1,Echolocation,/mnt/ubna_data_02_mir/recover-20221013/UBNA_001/20221012_030000.WAV,Telephone Field,recover-20221013,001,1795
1559.7045,1559.7134,22031,29390,Plecotus austriacus,0.01,0.022,-1,Echolocation,/mnt/ubna_data_02_mir/recover-20221013/UBNA_001/20221012_030000.WAV,Telephone Field,recover-20221013,001,1795
1559.7155,1559.7287,22031,26226,Nyctalus leisleri,0.016,0.029,-1,Echolocation,/mnt/ubna_data_02_mir/recover-20221013/UBNA_001/20221012_030000.WAV,Telephone Field,recover-20221013,001,1795
1559.7185,1559.7566,68437,82226,Rhinolophus ferrumequinum,0.023,0.024,-1,Echolocation,/mnt/ubna_data_02_mir/recover-20221013/UBNA_001/20221012_030000.WAV,Telephone Field,recover-20221013,001,1795
1559.7315,1559.7735,68437,82248,Rhinolophus ferrumequinum,0.025,0.026,-1,Echolocation,/mnt/ubna_data_02_mir/recover-20221013/UBNA_001/20221012_030000.WAV,Telephone Field,recover-20221013,001,1795
1559.7555,1559.7926,68437,81960,Rhinolophus ferrumequinum,0.022,0.022,-1,Echolocation,/mnt/ubna_data_02_mir/recover-20221013/UBNA_001/20221012_030000.WAV,Telephone Field,recover-20221013,001,1795
1559.7825,1559.8207,68437,82029,Rhinolophus ferrumequinum,0.021,0.021,-1,Echolocation,/mnt/ubna_data_02_mir/recover-20221013/UBNA_001/20221012_030000.WAV,Telephone Field,recover-20221013,001,1795
1559.8325,1559.8702,68437,82097,Rhinolophus ferrumequinum,0.023,0.023,-1,Echolocation,/mnt/ubna_data_02_mir/recover-20221013/UBNA_001/20221012_030000.WAV,Telephone Field,recover-20221013,001,1795
1559.8335,1559.845,23750,29191,Nyctalus leisleri,0.012,0.027,-1,Echolocation,/mnt/ubna_data_02_mir/recover-20221013/UBNA_001/20221012_030000.WAV,Telephone Field,recover-20221013,001,1795
1559.8685,1559.9114,68437,83185,Rhinolophus ferrumequinum,0.033,0.033,-1,Echolocation,/mnt/ubna_data_02_mir/recover-20221013/UBNA_001/20221012_030000.WAV,Telephone Field,recover-20221013,001,1795
1559.9065,1559.9144000000001,28046,39076,Eptesicus serotinus,0.008,0.022,-1,Echolocation,/mnt/ubna_data_02_mir/recover-20221013/UBNA_001/20221012_030000.WAV,Telephone Field,recover-20221013,001,1795
1559.9125,1559.9509,68437,81761,Rhinolophus ferrumequinum,0.024,0.024,-1,Echolocation,/mnt/ubna_data_02_mir/recover-20221013/UBNA_001/20221012_030000.WAV,Telephone Field,recover-20221013,001,1795
1559.9445,1559.9541,28046,35420,Eptesicus serotinus,0.012,0.025,-1,Echolocation,/mnt/ubna_data_02_mir/recover-20221013/UBNA_001/20221012_030000.WAV,Telephone Field,recover-20221013,001,1795
1559.9555,1559.9939,68437,82056,Rhinolophus ferrumequinum,0.029,0.029,-1,Echolocation,/mnt/ubna_data_02_mir/recover-20221013/UBNA_001/20221012_030000.WAV,Telephone Field,recover-20221013,001,1795
1559.9805,1559.9896,22890,30974,Plecotus austriacus,0.015,0.036,-1,Echolocation,/mnt/ubna_data_02_mir/recover-20221013/UBNA_001/20221012_030000.WAV,Telephone Field,recover-20221013,001,1795
1560.0015,1560.0077,46093,52913,Pipistrellus pipistrellus,0.015,0.022,-1,Echolocation,/mnt/ubna_data_02_mir/recover-20221013/UBNA_001/20221012_030000.WAV,Telephone Field,recover-20221013,001,1795
1560.0015,1560.0105,21171,27670,Nyctalus leisleri,0.008,0.025,-1,Echolocation,/mnt/ubna_data_02_mir/recover-20221013/UBNA_001/20221012_030000.WAV,Telephone Field,recover-20221013,001,1795
1560.0015,1560.0354,68437,80208,Rhinolophus ferrumequinum,0.027,0.028,-1,Echolocation,/mnt/ubna_data_02_mir/recover-20221013/UBNA_001/20221012_030000.WAV,Telephone Field,recover-20221013,001,1795
1560.0345,1560.0523,18593,22345,Nyctalus noctula,0.013,0.022,-1,Echolocation,/mnt/ubna_data_02_mir/recover-20221013/UBNA_001/20221012_030000.WAV,Telephone Field,recover-20221013,001,1795
1560.0485,1560.0838,68437,82309,Rhinolophus ferrumequinum,0.024,0.024,-1,Echolocation,/mnt/ubna_data_02_mir/recover-20221013/UBNA_001/20221012_030000.WAV,Telephone Field,recover-20221013,001,1795
1560.0915,1560.0999,28046,38948,Eptesicus serotinus,0.008,0.021,-1,Echolocation,/mnt/ubna_data_02_mir/recover-20221013/UBNA_001/20221012_030000.WAV,Telephone Field,recover-20221013,001,1795
1560.0935,1560.1344,68437,82437,Rhinolophus ferrumequinum,0.025,0.025,-1,Echolocation,/mnt/ubna_data_02_mir/recover-20221013/UBNA_001/20221012_030000.WAV,Telephone Field,recover-20221013,001,1795
1560.1055,1560.147,68437,82938,Rhinolophus ferrumequinum,0.028,0.028,-1,Echolocation,/mnt/ubna_data_02_mir/recover-20221013/UBNA_001/20221012_030000.WAV,Telephone Field,recover-20221013,001,1795
1560.1085,1560.1155,26328,42480,Eptesicus serotinus,0.006,0.022,-1,Echolocation,/mnt/ubna_data_02_mir/recover-20221013/UBNA_001/20221012_030000.WAV,Telephone Field,recover-20221013,001,1795
1560.1355,1560.1459,22890,28146,Nyctalus leisleri,0.01,0.022,-1,Echolocation,/mnt/ubna_data_02_mir/recover-20221013/UBNA_001/20221012_030000.WAV,Telephone Field,recover-20221013,001,1795
1560.1625,1560.1719,28046,35754,Eptesicus serotinus,0.023,0.045,-1,Echolocation,/mnt/ubna_data_02_mir/recover-20221013/UBNA_001/20221012_030000.WAV,Telephone Field,recover-20221013,001,1795
1560.2045,1560.2409,68437,81950,Rhinolophus ferrumequinum,0.021,0.022,-1,Echolocation,/mnt/ubna_data_02_mir/recover-20221013/UBNA_001/20221012_030000.WAV,Telephone Field,recover-20221013,001,1795
1560.2165,1560.2274,25468,32084,Eptesicus serotinus,0.009,0.023,-1,Echolocation,/mnt/ubna_data_02_mir/recover-20221013/UBNA_001/20221012_030000.WAV,Telephone Field,recover-20221013,001,1795
1560.2305,1560.2407,28906,38657,Eptesicus serotinus,0.011,0.024,-1,Echolocation,/mnt/ubna_data_02_mir/recover-20221013/UBNA_001/20221012_030000.WAV,Telephone Field,recover-20221013,001,1795
1560.2315,1560.267,68437,81365,Rhinolophus ferrumequinum,0.027,0.027,-1,Echolocation,/mnt/ubna_data_02_mir/recover-20221013/UBNA_001/20221012_030000.WAV,Telephone Field,recover-20221013,001,1795
1560.2515,1560.2622,28046,35958,Eptesicus serotinus,0.013,0.025,-1,Echolocation,/mnt/ubna_data_02_mir/recover-20221013/UBNA_001/20221012_030000.WAV,Telephone Field,recover-20221013,001,1795
1560.2895,1560.2979,23750,31783,Plecotus austriacus,0.007,0.021,-1,Echolocation,/mnt/ubna_data_02_mir/recover-20221013/UBNA_001/20221012_030000.WAV,Telephone Field,recover-20221013,001,1795
1560.3115,1560.3484,68437,81601,Rhinolophus ferrumequinum,0.022,0.023,-1,Echolocation,/mnt/ubna_data_02_mir/recover-20221013/UBNA_001/20221012_030000.WAV,Telephone Field,recover-20221013,001,1795
1560.3265,1560.3361,28046,38088,Eptesicus serotinus,0.009,0.021,-1,Echolocation,/mnt/ubna_data_02_mir/recover-20221013/UBNA_001/20221012_030000.WAV,Telephone Field,recover-20221013,001,1795
1560.3355,1560.3651,68437,80614,Rhinolophus ferrumequinum,0.032,0.032,-1,Echolocation,/mnt/ubna_data_02_mir/recover-20221013/UBNA_001/20221012_030000.WAV,Telephone Field,recover-20221013,001,1795
1560.3545,1560.3931,68437,82717,Rhinolophus ferrumequinum,0.026,0.026,-1,Echolocation,/mnt/ubna_data_02_mir/recover-20221013/UBNA_001/20221012_030000.WAV,Telephone Field,recover-20221013,001,1795
1560.3965,1560.4036,28906,39584,Eptesicus serotinus,0.007,0.022,-1,Echolocation,/mnt/ubna_data_02_mir/recover-20221013/UBNA_001/20221012_030000.WAV,Telephone Field,recover-20221013,001,1795
1560.4255,1560.436,22890,27790,Nyctalus leisleri,0.012,0.023,-1,Echolocation,/mnt/ubna_data_02_mir/recover-20221013/UBNA_001/20221012_030000.WAV,Telephone Field,recover-20221013,001,1795
1560.4355,1560.4728,68437,82700,Rhinolophus ferrumequinum,0.024,0.024,-1,Echolocation,/mnt/ubna_data_02_mir/recover-20221013/UBNA_001/20221012_030000.WAV,Telephone Field,recover-20221013,001,1795
1560.4455,1560.4858,68437,83082,Rhinolophus ferrumequinum,0.027,0.027,-1,Echolocation,/mnt/ubna_data_02_mir/recover-20221013/UBNA_001/20221012_030000.WAV,Telephone Field,recover-20221013,001,1795
1560.4875,1560.4963,28906,39886,Eptesicus serotinus,0.008,0.024,-1,Echolocation,/mnt/ubna_data_02_mir/recover-20221013/UBNA_001/20221012_030000.WAV,Telephone Field,recover-20221013,001,1795
1560.5055,1560.5135,28906,36840,Eptesicus serotinus,0.009,0.023,-1,Echolocation,/mnt/ubna_data_02_mir/recover-20221013/UBNA_001/20221012_030000.WAV,Telephone Field,recover-20221013,001,1795
1560.5135,1560.5342,19453,22462,Nyctalus leisleri,0.017,0.033,-1,Echolocation,/mnt/ubna_data_02_mir/recover-20221013/UBNA_001/20221012_030000.WAV,Telephone Field,recover-20221013,001,1795
1560.5165,1560.5563,68437,82248,Rhinolophus ferrumequinum,0.025,0.025,-1,Echolocation,/mnt/ubna_data_02_mir/recover-20221013/UBNA_001/20221012_030000.WAV,Telephone Field,recover-20221013,001,1795
1560.5315,1560.5723,68437,82088,Rhinolophus ferrumequinum,0.023,0.023,-1,Echolocation,/mnt/ubna_data_02_mir/recover-20221013/UBNA_001/20221012_030000.WAV,Telephone Field,recover-20221013,001,1795
1560.5735,1560.5826,28046,36546,Eptesicus serotinus,0.009,0.022,-1,Echolocation,/mnt/ubna_data_02_mir/recover-20221013/UBNA_001/20221012_030000.WAV,Telephone Field,recover-20221013,001,1795
1560.5865,1560.5952,23750,31740,Plecotus austriacus,0.007,0.021,-1,Echolocation,/mnt/ubna_data_02_mir/recover-20221013/UBNA_001/20221012_030000.WAV,Telephone Field,recover-20221013,001,1795
1560.5925,1560.6018,27187,35309,Eptesicus serotinus,0.01,0.022,-1,Echolocation,/mnt/ubna_data_02_mir/recover-20221013/UBNA_001/20221012_030000.WAV,Telephone Field,recover-20221013,001,1795
1560.6165,1560.6565,68437,82555,Rhinolophus ferrumequinum,0.023,0.023,-1,Echolocation,/mnt/ubna_data_02_mir/recover-20221013/UBNA_001/20221012_030000.WAV,Telephone Field,recover-20221013,001,1795
1560.6405,1560.6792,68437,81829,Rhinolophus ferrumequinum,0.024,0.024,-1,Echolocation,/mnt/ubna_data_02_mir/recover-20221013/UBNA_001/20221012_030000.WAV,Telephone Field,recover-20221013,001,1795
1560.6995,1560.7388,68437,82772,Rhinolophus ferrumequinum,0.025,0.025,-1,Echolocation,/mnt/ubna_data_02_mir/recover-20221013/UBNA_001/20221012_030000.WAV,Telephone Field,recover-20221013,001,1795
1560.7045,1560.7158,28906,36990,Eptesicus serotinus,0.014,0.027,-1,Echolocation,/mnt/ubna_data_02_mir/recover-20221013/UBNA_001/20221012_030000.WAV,Telephone Field,recover-20221013,001,1795
1560.7245,1560.7659,68437,82436,Rhinolophus ferrumequinum,0.026,0.026,-1,Echolocation,/mnt/ubna_data_02_mir/recover-20221013/UBNA_001/20221012_030000.WAV,Telephone Field,recover-20221013,001,1795
1560.7565,1560.7679,22031,26361,Nyctalus leisleri,0.013,0.023,-1,Echolocation,/mnt/ubna_data_02_mir/recover-20221013/UBNA_001/20221012_030000.WAV,Telephone Field,recover-20221013,001,1795
1560.7875,1560.7934,32343,44712,Myotis daubentonii,0.013,0.028,-1,Echolocation,/mnt/ubna_data_02_mir/recover-20221013/UBNA_001/20221012_030000.WAV,Telephone Field,recover-20221013,001,1795
1560.7885,1560.7944,28046,41752,Myotis daubentonii,0.006,0.029,-1,Echolocation,/mnt/ubna_data_02_mir/recover-20221013/UBNA_001/20221012_030000.WAV,Telephone Field,recover-20221013,001,1795
1560.7965,1560.8364,68437,82515,Rhinolophus ferrumequinum,0.022,0.022,-1,Echolocation,/mnt/ubna_data_02_mir/recover-20221013/UBNA_001/20221012_030000.WAV,Telephone Field,recover-20221013,001,1795
1560.8055,1560.8467,68437,82207,Rhinolophus ferrumequinum,0.023,0.023,-1,Echolocation,/mnt/ubna_data_02_mir/recover-20221013/UBNA_001/20221012_030000.WAV,Telephone Field,recover-20221013,001,1795
1560.8555,1560.8955,68437,83506,Rhinolophus ferrumequinum,0.024,0.024,-1,Echolocation,/mnt/ubna_data_02_mir/recover-20221013/UBNA_001/20221012_030000.WAV,Telephone Field,recover-20221013,001,1795
1560.8775,1560.8858,23750,31035,Plecotus austriacus,0.009,0.023,-1,Echolocation,/mnt/ubna_data_02_mir/recover-20221013/UBNA_001/20221012_030000.WAV,Telephone Field,recover-20221013,001,1795
1560.8775,1560.915,68437,82026,Rhinolophus ferrumequinum,0.023,0.023,-1,Echolocation,/mnt/ubna_data_02_mir/recover-20221013/UBNA_001/20221012_030000.WAV,Telephone Field,recover-20221013,001,1795
1560.8875,1560.9254,68437,81619,Rhinolophus ferrumequinum,0.022,0.022,-1,Echolocation,/mnt/ubna_data_02_mir/recover-20221013/UBNA_001/20221012_030000.WAV,Telephone Field,recover-20221013,001,1795
1560.9555,1560.9968,68437,82465,Rhinolophus ferrumequinum,0.024,0.024,-1,Echolocation,/mnt/ubna_data_02_mir/recover-20221013/UBNA_001/20221012_030000.WAV,Telephone Field,recover-20221013,001,1795
1560.9575,1560.9763,20312,23609,Nyctalus leisleri,0.019,0.034,-1,Echolocation,/mnt/ubna_data_02_mir/recover-20221013/UBNA_001/20221012_030000.WAV,Telephone Field,recover-20221013,001,1795
1560.9715,1561.0139,68437,83332,Rhinolophus ferrumequinum,0.034,0.034,-1,Echolocation,/mnt/ubna_data_02_mir/recover-20221013/UBNA_001/20221012_030000.WAV,Telephone Field,recover-20221013,001,1795
1560.9785,1560.9873,27187,37813,Eptesicus serotinus,0.009,0.025,-1,Echolocation,/mnt/ubna_data_02_mir/recover-20221013/UBNA_001/20221012_030000.WAV,Telephone Field,recover-20221013,001,1795
1561.0045,1561.0434,68437,82864,Rhinolophus ferrumequinum,0.03,0.03,-1,Echolocation,/mnt/ubna_data_02_mir/recover-20221013/UBNA_001/20221012_030000.WAV,Telephone Field,recover-20221013,001,1795
1561.0325,1561.0414,22031,28968,Plecotus austriacus,0.015,0.03,-1,Echolocation,/mnt/ubna_data_02_mir/recover-20221013/UBNA_001/20221012_030000.WAV,Telephone Field,recover-20221013,001,1795
1561.0495,1561.0889,68437,82043,Rhinolophus ferrumequinum,0.022,0.022,-1,Echolocation,/mnt/ubna_data_02_mir/recover-20221013/UBNA_001/20221012_030000.WAV,Telephone Field,recover-20221013,001,1795
1561.1105,1561.1504,68437,82684,Rhinolophus ferrumequinum,0.024,0.024,-1,Echolocation,/mnt/ubna_data_02_mir/recover-20221013/UBNA_001/20221012_030000.WAV,Telephone Field,recover-20221013,001,1795
1561.1295,1561.1657,68437,81463,Rhinolophus ferrumequinum,0.022,0.022,-1,Echolocation,/mnt/ubna_data_02_mir/recover-20221013/UBNA_001/20221012_030000.WAV,Telephone Field,recover-20221013,001,1795
1561.1475,1561.1876,68437,82281,Rhinolophus ferrumequinum,0.022,0.022,-1,Echolocation,/mnt/ubna_data_02_mir/recover-20221013/UBNA_001/20221012_030000.WAV,Telephone Field,recover-20221013,001,1795
1561.1525,1561.1632,22031,26889,Nyctalus leisleri,0.01,0.025,-1,Echolocation,/mnt/ubna_data_02_mir/recover-20221013/UBNA_001/20221012_030000.WAV,Telephone Field,recover-20221013,001,1795
1561.2065,1561.2211,22031,26592,Nyctalus leisleri,0.015,0.029,-1,Echolocation,/mnt/ubna_data_02_mir/recover-20221013/UBNA_001/20221012_030000.WAV,Telephone Field,recover-20221013,001,1795
1561.2605,1561.2708,22031,26683,Nyctalus leisleri,0.011,0.021,-1,Echolocation,/mnt/ubna_data_02_mir/recover-20221013/UBNA_001/20221012_030000.WAV,Telephone Field,recover-20221013,001,1795
1561.2795,1561.2853,46093,52917,Pipistrellus pipistrellus,0.02,0.022,-1,Echolocation,/mnt/ubna_data_02_mir/recover-20221013/UBNA_001/20221012_030000.WAV,Telephone Field,recover-20221013,001,1795
1561.2805,1561.2877,50390,54782,Pipistrellus pipistrellus,0.021,0.024,-1,Echolocation,/mnt/ubna_data_02_mir/recover-20221013/UBNA_001/20221012_030000.WAV,Telephone Field,recover-20221013,001,1795
1561.3105,1561.317,28046,41446,Eptesicus serotinus,0.007,0.026,-1,Echolocation,/mnt/ubna_data_02_mir/recover-20221013/UBNA_001/20221012_030000.WAV,Telephone Field,recover-20221013,001,1795
1561.3165,1561.3585,68437,82797,Rhinolophus ferrumequinum,0.026,0.026,-1,Echolocation,/mnt/ubna_data_02_mir/recover-20221013/UBNA_001/20221012_030000.WAV,Telephone Field,recover-20221013,001,1795
1561.3515,1561.3619,22031,27459,Nyctalus leisleri,0.009,0.021,-1,Echolocation,/mnt/ubna_data_02_mir/recover-20221013/UBNA_001/20221012_030000.WAV,Telephone Field,recover-20221013,001,1795
1561.3765,1561.4128,68437,81057,Rhinolophus ferrumequinum,0.021,0.021,-1,Echolocation,/mnt/ubna_data_02_mir/recover-20221013/UBNA_001/20221012_030000.WAV,Telephone Field,recover-20221013,001,1795
1561.3895,1561.4015,30625,36882,Eptesicus serotinus,0.028,0.048,-1,Echolocation,/mnt/ubna_data_02_mir/recover-20221013/UBNA_001/20221012_030000.WAV,Telephone Field,recover-20221013,001,1795
1561.4105,1561.4179,28906,40805,Eptesicus serotinus,0.006,0.021,-1,Echolocation,/mnt/ubna_data_02_mir/recover-20221013/UBNA_001/20221012_030000.WAV,Telephone Field,recover-20221013,001,1795
1561.4325,1561.4397,27187,41342,Eptesicus serotinus,0.008,0.026,-1,Echolocation,/mnt/ubna_data_02_mir/recover-20221013/UBNA_001/20221012_030000.WAV,Telephone Field,recover-20221013,001,1795
1561.4445,1561.4828,68437,81825,Rhinolophus ferrumequinum,0.022,0.022,-1,Echolocation,/mnt/ubna_data_02_mir/recover-20221013/UBNA_001/20221012_030000.WAV,Telephone Field,recover-20221013,001,1795
1561.4615,1561.4698,23750,32037,Plecotus austriacus,0.007,0.024,-1,Echolocation,/mnt/ubna_data_02_mir/recover-20221013/UBNA_001/20221012_030000.WAV,Telephone Field,recover-20221013,001,1795
1561.4835,1561.4904,28906,41035,Eptesicus serotinus,0.006,0.023,-1,Echolocation,/mnt/ubna_data_02_mir/recover-20221013/UBNA_001/20221012_030000.WAV,Telephone Field,recover-20221013,001,1795
1561.5255,1561.5358,23750,29108,Nyctalus leisleri,0.014,0.032,-1,Echolocation,/mnt/ubna_data_02_mir/recover-20221013/UBNA_001/20221012_030000.WAV,Telephone Field,recover-20221013,001,1795
1561.5505,1561.5902,68437,82542,Rhinolophus ferrumequinum,0.022,0.022,-1,Echolocation,/mnt/ubna_data_02_mir/recover-20221013/UBNA_001/20221012_030000.WAV,Telephone Field,recover-20221013,001,1795
1561.5985,1561.6285,68437,80757,Rhinolophus ferrumequinum,0.022,0.022,-1,Echolocation,/mnt/ubna_data_02_mir/recover-20221013/UBNA_001/20221012_030000.WAV,Telephone Field,recover-20221013,001,1795
1561.6105,1561.6501,68437,82238,Rhinolophus ferrumequinum,0.023,0.023,-1,Echolocation,/mnt/ubna_data_02_mir/recover-20221013/UBNA_001/20221012_030000.WAV,Telephone Field,recover-20221013,001,1795
1561.6255,1561.6346,26328,35245,Eptesicus serotinus,0.009,0.023,-1,Echolocation,/mnt/ubna_data_02_mir/recover-20221013/UBNA_001/20221012_030000.WAV,Telephone Field,recover-20221013,001,1795
1561.6765,1561.7177,68437,82754,Rhinolophus ferrumequinum,0.025,0.025,-1,Echolocation,/mnt/ubna_data_02_mir/recover-20221013/UBNA_001/20221012_030000.WAV,Telephone Field,recover-20221013,001,1795
1561.6765,1561.685,28046,39359,Eptesicus serotinus,0.008,0.021,-1,Echolocation,/mnt/ubna_data_02_mir/recover-20221013/UBNA_001/20221012_030000.WAV,Telephone Field,recover-20221013,001,1795
1561.7205,1561.7593,68437,82618,Rhinolophus ferrumequinum,0.025,0.025,-1,Echolocation,/mnt/ubna_data_02_mir/recover-20221013/UBNA_001/20221012_030000.WAV,Telephone Field,recover-20221013,001,1795
1561.7235,1561.7297,46093,51956,Pipistrellus pipistrellus,0.023,0.025,-1,Echolocation,/mnt/ubna_data_02_mir/recover-20221013/UBNA_001/20221012_030000.WAV,Telephone Field,recover-20221013,001,1795
1561.7465,1561.7866,68437,82262,Rhinolophus ferrumequinum,0.03,0.03,-1,Echolocation,/mnt/ubna_data_02_mir/recover-20221013/UBNA_001/20221012_030000.WAV,Telephone Field,recover-20221013,001,1795
1561.8365,1561.8734,68437,81972,Rhinolophus ferrumequinum,0.025,0.025,-1,Echolocation,/mnt/ubna_data_02_mir/recover-20221013/UBNA_001/20221012_030000.WAV,Telephone Field,recover-20221013,001,1795
1561.8715,1561.8819,24609,31103,Nyctalus leisleri,0.013,0.034,-1,Echolocation,/mnt/ubna_data_02_mir/recover-20221013/UBNA_001/20221012_030000.WAV,Telephone Field,recover-20221013,001,1795
1561.8945,1561.9322,68437,81917,Rhinolophus ferrumequinum,0.021,0.021,-1,Echolocation,/mnt/ubna_data_02_mir/recover-20221013/UBNA_001/20221012_030000.WAV,Telephone Field,recover-20221013,001,1795
1561.9195,1561.9573,68437,81922,Rhinolophus ferrumequinum,0.025,0.025,-1,Echolocation,/mnt/ubna_data_02_mir/recover-20221013/UBNA_001/20221012_030000.WAV,Telephone Field,recover-20221013,001,1795
1561.9295,1561.9665,68437,81953,Rhinolophus ferrumequinum,0.022,0.022,-1,Echolocation,/mnt/ubna_data_02_mir/recover-20221013/UBNA_001/20221012_030000.WAV,Telephone Field,recover-20221013,001,1795
1561.9475,1561.987,68437,82061,Rhinolophus ferrumequinum,0.022,0.022,-1,Echolocation,/mnt/ubna_data_02_mir/recover-20221013/UBNA_001/20221012_030000.WAV,Telephone Field,recover-20221013,001,1795
1561.9585,1561.9677,25468,33187,Nyctalus leisleri,0.009,0.03,-1,Echolocation,/mnt/ubna_data_02_mir/recover-20221013/UBNA_001/20221012_030000.WAV,Telephone Field,recover-20221013,001,1795
1562.0015,1562.0084,23750,33984,Plecotus austriacus,0.007,0.024,-1,Echolocation,/mnt/ubna_data_02_mir/recover-20221013/UBNA_001/20221012_030000.WAV,Telephone Field,recover-20221013,001,1795
1562.0015,1562.0334,68437,80415,Rhinolophus ferrumequinum,0.031,0.031,-1,Echolocation,/mnt/ubna_data_02_mir/recover-20221013/UBNA_001/20221012_030000.WAV,Telephone Field,recover-20221013,001,1795
1562.0685,1562.1087,68437,82070,Rhinolophus ferrumequinum,0.024,0.024,-1,Echolocation,/mnt/ubna_data_02_mir/recover-20221013/UBNA_001/20221012_030000.WAV,Telephone Field,recover-20221013,001,1795
1562.0795,1562.0899,23750,29303,Nyctalus leisleri,0.009,0.021,-1,Echolocation,/mnt/ubna_data_02_mir/recover-20221013/UBNA_001/20221012_030000.WAV,Telephone Field,recover-20221013,001,1795
1562.0875,1562.0959,24609,32534,Plecotus austriacus,0.009,0.027,-1,Echolocation,/mnt/ubna_data_02_mir/recover-20221013/UBNA_001/20221012_030000.WAV,Telephone Field,recover-20221013,001,1795
1562.0995,1562.137,68437,81658,Rhinolophus ferrumequinum,0.021,0.021,-1,Echolocation,/mnt/ubna_data_02_mir/recover-20221013/UBNA_001/20221012_030000.WAV,Telephone Field,recover-20221013,001,1795
1562.1255,1562.133,27187,42544,Eptesicus serotinus,0.007,0.021,-1,Echolocation,/mnt/ubna_data_02_mir/recover-20221013/UBNA_001/20221012_030000.WAV,Telephone Field,recover-20221013,001,1795
1562.1405,1562.1805,68437,82261,Rhinolophus ferrumequinum,0.022,0.022,-1,Echolocation,/mnt/ubna_data_02_mir/recover-20221013/UBNA_001/20221012_030000.WAV,Telephone Field,recover-20221013,001,1795
1562.1555,1562.1992,68437,83330,Rhinolophus ferrumequinum,0.041,0.041,-1,Echolocation,/mnt/ubna_data_02_mir/recover-20221013/UBNA_001/20221012_030000.WAV,Telephone Field,recover-20221013,001,1795
1562.1915,1562.2259,68437,81744,Rhinolophus ferrumequinum,0.022,0.022,-1,Echolocation,/mnt/ubna_data_02_mir/recover-20221013/UBNA_001/20221012_030000.WAV,Telephone Field,recover-20221013,001,1795
1562.1955,1562.2031,28906,39796,Eptesicus serotinus,0.007,0.024,-1,Echolocation,/mnt/ubna_data_02_mir/recover-20221013/UBNA_001/20221012_030000.WAV,Telephone Field,recover-20221013,001,1795
1562.2205,1562.256,68437,81796,Rhinolophus ferrumequinum,0.022,0.023,-1,Echolocation,/mnt/ubna_data_02_mir/recover-20221013/UBNA_001/20221012_030000.WAV,Telephone Field,recover-20221013,001,1795
1562.2525,1562.26,27187,39639,Eptesicus serotinus,0.005,0.022,-1,Echolocation,/mnt/ubna_data_02_mir/recover-20221013/UBNA_001/20221012_030000.WAV,Telephone Field,recover-20221013,001,1795
1562.2625,1562.2992,68437,82173,Rhinolophus ferrumequinum,0.021,0.021,-1,Echolocation,/mnt/ubna_data_02_mir/recover-20221013/UBNA_001/20221012_030000.WAV,Telephone Field,recover-20221013,001,1795
1562.2785,1562.3152,68437,82120,Rhinolophus ferrumequinum,0.021,0.021,-1,Echolocation,/mnt/ubna_data_02_mir/recover-20221013/UBNA_001/20221012_030000.WAV,Telephone Field,recover-20221013,001,1795
1562.3025,1562.3428,68437,83057,Rhinolophus ferrumequinum,0.022,0.022,-1,Echolocation,/mnt/ubna_data_02_mir/recover-20221013/UBNA_001/20221012_030000.WAV,Telephone Field,recover-20221013,001,1795
1562.3285,1562.3683,68437,82561,Rhinolophus ferrumequinum,0.028,0.028,-1,Echolocation,/mnt/ubna_data_02_mir/recover-20221013/UBNA_001/20221012_030000.WAV,Telephone Field,recover-20221013,001,1795
1562.3315,1562.3393,28906,39195,Eptesicus serotinus,0.009,0.025,-1,Echolocation,/mnt/ubna_data_02_mir/recover-20221013/UBNA_001/20221012_030000.WAV,Telephone Field,recover-20221013,001,1795
1562.3515,1562.3667,23750,28419,Nyctalus leisleri,0.013,0.023,-1,Echolocation,/mnt/ubna_data_02_mir/recover-20221013/UBNA_001/20221012_030000.WAV,Telephone Field,recover-20221013,001,1795
1562.3585,1562.3984,68437,82087,Rhinolophus ferrumequinum,0.022,0.022,-1,Echolocation,/mnt/ubna_data_02_mir/recover-20221013/UBNA_001/20221012_030000.WAV,Telephone Field,recover-20221013,001,1795
1562.3615,1562.3686,28046,38739,Eptesicus serotinus,0.005,0.021,-1,Echolocation,/mnt/ubna_data_02_mir/recover-20221013/UBNA_001/20221012_030000.WAV,Telephone Field,recover-20221013,001,1795
1562.4295,1562.469,68437,82543,Rhinolophus ferrumequinum,0.032,0.032,-1,Echolocation,/mnt/ubna_data_02_mir/recover-20221013/UBNA_001/20221012_030000.WAV,Telephone Field,recover-20221013,001,1795
1562.4445,1562.4631,20312,23092,Nyctalus leisleri,0.018,0.03,-1,Echolocation,/mnt/ubna_data_02_mir/recover-20221013/UBNA_001/20221012_030000.WAV,Telephone Field,recover-20221013,001,1795
1562.4535,1562.4923,68437,82239,Rhinolophus ferrumequinum,0.023,0.023,-1,Echolocation,/mnt/ubna_data_02_mir/recover-20221013/UBNA_001/20221012_030000.WAV,Telephone Field,recover-20221013,001,1795
1562.4605,1562.4968,68437,81965,Rhinolophus ferrumequinum,0.023,0.023,-1,Echolocation,/mnt/ubna_data_02_mir/recover-20221013/UBNA_001/20221012_030000.WAV,Telephone Field,recover-20221013,001,1795
1562.4715,1562.4861,22031,26104,Nyctalus leisleri,0.025,0.05,-1,Echolocation,/mnt/ubna_data_02_mir/recover-20221013/UBNA_001/20221012_030000.WAV,Telephone Field,recover-20221013,001,1795
1562.4725,1562.5136,68437,83302,Rhinolophus ferrumequinum,0.03,0.03,-1,Echolocation,/mnt/ubna_data_02_mir/recover-20221013/UBNA_001/20221012_030000.WAV,Telephone Field,recover-20221013,001,1795
1562.4835,1562.5239,68437,82587,Rhinolophus ferrumequinum,0.026,0.026,-1,Echolocation,/mnt/ubna_data_02_mir/recover-20221013/UBNA_001/20221012_030000.WAV,Telephone Field,recover-20221013,001,1795
1562.5015,1562.5348,68437,81121,Rhinolophus ferrumequinum,0.02,0.021,-1,Echolocation,/mnt/ubna_data_02_mir/recover-20221013/UBNA_001/20221012_030000.WAV,Telephone Field,recover-20221013,001,1795
1562.5115,1562.5218,22031,27820,Nyctalus leisleri,0.01,0.026,-1,Echolocation,/mnt/ubna_data_02_mir/recover-20221013/UBNA_001/20221012_030000.WAV,Telephone Field,recover-20221013,001,1795
1562.5245,1562.5598,68437,80683,Rhinolophus ferrumequinum,0.022,0.022,-1,Echolocation,/mnt/ubna_data_02_mir/recover-20221013/UBNA_001/20221012_030000.WAV,Telephone Field,recover-20221013,001,1795
1562.5525,1562.5598,50390,56326,Pipistrellus pipistrellus,0.017,0.021,-1,Echolocation,/mnt/ubna_data_02_mir/recover-20221013/UBNA_001/20221012_030000.WAV,Telephone Field,recover-20221013,001,1795
1562.5525,1562.562,23750,30389,Nyctalus leisleri,0.008,0.022,-1,Echolocation,/mnt/ubna_data_02_mir/recover-20221013/UBNA_001/20221012_030000.WAV,Telephone Field,recover-20221013,001,1795
1562.5545,1562.5937,68437,81941,Rhinolophus ferrumequinum,0.021,0.021,-1,Echolocation,/mnt/ubna_data_02_mir/recover-20221013/UBNA_001/20221012_030000.WAV,Telephone Field,recover-20221013,001,1795
1562.5665,1562.6039,68437,81627,Rhinolophus ferrumequinum,0.036,0.036,-1,Echolocation,/mnt/ubna_data_02_mir/recover-20221013/UBNA_001/20221012_030000.WAV,Telephone Field,recover-20221013,001,1795
1562.5935,1562.6303,68437,81455,Rhinolophus ferrumequinum,0.023,0.023,-1,Echolocation,/mnt/ubna_data_02_mir/recover-20221013/UBNA_001/20221012_030000.WAV,Telephone Field,recover-20221013,001,1795
1562.6135,1562.6552,68437,83224,Rhinolophus ferrumequinum,0.029,0.029,-1,Echolocation,/mnt/ubna_data_02_mir/recover-20221013/UBNA_001/20221012_030000.WAV,Telephone Field,recover-20221013,001,1795
1562.6135,1562.6237,22890,28046,Nyctalus leisleri,0.009,0.021,-1,Echolocation,/mnt/ubna_data_02_mir/recover-20221013/UBNA_001/20221012_030000.WAV,Telephone Field,recover-20221013,001,1795
1562.6525,1562.6629,22031,26918,Nyctalus leisleri,0.01,0.023,-1,Echolocation,/mnt/ubna_data_02_mir/recover-20221013/UBNA_001/20221012_030000.WAV,Telephone Field,recover-20221013,001,1795
1562.6545,1562.6918,68437,82466,Rhinolophus ferrumequinum,0.021,0.021,-1,Echolocation,/mnt/ubna_data_02_mir/recover-20221013/UBNA_001/20221012_030000.WAV,Telephone Field,recover-20221013,001,1795
1562.6945,1562.729,68437,81498,Rhinolophus ferrumequinum,0.022,0.022,-1,Echolocation,/mnt/ubna_data_02_mir/recover-20221013/UBNA_001/20221012_030000.WAV,Telephone Field,recover-20221013,001,1795
1562.7195,1562.7569,68437,82400,Rhinolophus ferrumequinum,0.02,0.02,-1,Echolocation,/mnt/ubna_data_02_mir/recover-20221013/UBNA_001/20221012_030000.WAV,Telephone Field,recover-20221013,001,1795
1562.7515,1562.7921,68437,82468,Rhinolophus ferrumequinum,0.02,0.02,-1,Echolocation,/mnt/ubna_data_02_mir/recover-20221013/UBNA_001/20221012_030000.WAV,Telephone Field,recover-20221013,001,1795
1562.7785,1562.8198,68437,82424,Rhinolophus ferrumequinum,0.03,0.03,-1,Echolocation,/mnt/ubna_data_02_mir/recover-20221013/UBNA_001/20221012_030000.WAV,Telephone Field,recover-20221013,001,1795
1562.7955,1562.803,28046,38236,Eptesicus serotinus,0.006,0.02,-1,Echolocation,/mnt/ubna_data_02_mir/recover-20221013/UBNA_001/20221012_030000.WAV,Telephone Field,recover-20221013,001,1795
1562.8165,1562.8551,68437,82249,Rhinolophus ferrumequinum,0.021,0.021,-1,Echolocation,/mnt/ubna_data_02_mir/recover-20221013/UBNA_001/20221012_030000.WAV,Telephone Field,recover-20221013,001,1795
1562.8455,1562.8825,68437,81413,Rhinolophus ferrumequinum,0.021,0.021,-1,Echolocation,/mnt/ubna_data_02_mir/recover-20221013/UBNA_001/20221012_030000.WAV,Telephone Field,recover-20221013,001,1795
1562.8875,1562.9255,68437,81670,Rhinolophus ferrumequinum,0.026,0.026,-1,Echolocation,/mnt/ubna_data_02_mir/recover-20221013/UBNA_001/20221012_030000.WAV,Telephone Field,recover-20221013,001,1795
1562.8945,1562.9298,68437,81149,Rhinolophus ferrumequinum,0.026,0.026,-1,Echolocation,/mnt/ubna_data_02_mir/recover-20221013/UBNA_001/20221012_030000.WAV,Telephone Field,recover-20221013,001,1795
1562.9095,1562.9482,68437,81891,Rhinolophus ferrumequinum,0.021,0.021,-1,Echolocation,/mnt/ubna_data_02_mir/recover-20221013/UBNA_001/20221012_030000.WAV,Telephone Field,recover-20221013,001,1795
1562.9165,1562.926,28906,36053,Eptesicus serotinus,0.009,0.023,-1,Echolocation,/mnt/ubna_data_02_mir/recover-20221013/UBNA_001/20221012_030000.WAV,Telephone Field,recover-20221013,001,1795
1562.9305,1562.9696,68437,82201,Rhinolophus ferrumequinum,0.027,0.027,-1,Echolocation,/mnt/ubna_data_02_mir/recover-20221013/UBNA_001/20221012_030000.WAV,Telephone Field,recover-20221013,001,1795
1562.9455,1562.9531,28906,39451,Eptesicus serotinus,0.006,0.021,-1,Echolocation,/mnt/ubna_data_02_mir/recover-20221013/UBNA_001/20221012_030000.WAV,Telephone Field,recover-20221013,001,1795
1562.9755,1563.0129,68437,81788,Rhinolophus ferrumequinum,0.021,0.021,-1,Echolocation,/mnt/ubna_data_02_mir/recover-20221013/UBNA_001/20221012_030000.WAV,Telephone Field,recover-20221013,001,1795
1563.0085,1563.0186,22031,27627,Nyctalus leisleri,0.008,0.022,-1,Echolocation,/mnt/ubna_data_02_mir/recover-20221013/UBNA_001/20221012_030000.WAV,Telephone Field,recover-20221013,001,1795
1563.0105,1563.0528,68437,82575,Rhinolophus ferrumequinum,0.025,0.025,-1,Echolocation,/mnt/ubna_data_02_mir/recover-20221013/UBNA_001/20221012_030000.WAV,Telephone Field,recover-20221013,001,1795
1563.0205,1563.0618,68437,82593,Rhinolophus ferrumequinum,0.024,0.024,-1,Echolocation,/mnt/ubna_data_02_mir/recover-20221013/UBNA_001/20221012_030000.WAV,Telephone Field,recover-20221013,001,1795
1563.0305,1563.0388,29765,38379,Eptesicus serotinus,0.007,0.021,-1,Echolocation,/mnt/ubna_data_02_mir/recover-20221013/UBNA_001/20221012_030000.WAV,Telephone Field,recover-20221013,001,1795
1563.0315,1563.0394,23750,31062,Plecotus austriacus,0.008,0.02,-1,Echolocation,/mnt/ubna_data_02_mir/recover-20221013/UBNA_001/20221012_030000.WAV,Telephone Field,recover-20221013,001,1795
1563.0555,1563.0924,68437,82394,Rhinolophus ferrumequinum,0.024,0.024,-1,Echolocation,/mnt/ubna_data_02_mir/recover-20221013/UBNA_001/20221012_030000.WAV,Telephone Field,recover-20221013,001,1795
1563.0795,1563.088,23750,31797,Plecotus austriacus,0.01,0.025,-1,Echolocation,/mnt/ubna_data_02_mir/recover-20221013/UBNA_001/20221012_030000.WAV,Telephone Field,recover-20221013,001,1795
1563.0795,1563.1207,68437,82477,Rhinolophus ferrumequinum,0.024,0.024,-1,Echolocation,/mnt/ubna_data_02_mir/recover-20221013/UBNA_001/20221012_030000.WAV,Telephone Field,recover-20221013,001,1795
1563.1035,1563.1403,68437,81691,Rhinolophus ferrumequinum,0.02,0.02,-1,Echolocation,/mnt/ubna_data_02_mir/recover-20221013/UBNA_001/20221012_030000.WAV,Telephone Field,recover-20221013,001,1795
1563.1095,1563.1183,29765,41293,Eptesicus serotinus,0.008,0.023,-1,Echolocation,/mnt/ubna_data_02_mir/recover-20221013/UBNA_001/20221012_030000.WAV,Telephone Field,recover-20221013,001,1795
1563.1115,1563.1516,68437,81958,Rhinolophus ferrumequinum,0.022,0.022,-1,Echolocation,/mnt/ubna_data_02_mir/recover-20221013/UBNA_001/20221012_030000.WAV,Telephone Field,recover-20221013,001,1795
1563.1335,1563.1736,68437,82355,Rhinolophus ferrumequinum,0.023,0.023,-1,Echolocation,/mnt/ubna_data_02_mir/recover-20221013/UBNA_001/20221012_030000.WAV,Telephone Field,recover-20221013,001,1795
1563.1345,1563.147,27187,33435,Eptesicus serotinus,0.015,0.035,-1,Echolocation,/mnt/ubna_data_02_mir/recover-20221013/UBNA_001/20221012_030000.WAV,Telephone Field,recover-20221013,001,1795
1563.1715,1563.1779,27187,40113,Plecotus auritus,0.006,0.028,-1,Echolocation,/mnt/ubna_data_02_mir/recover-20221013/UBNA_001/20221012_030000.WAV,Telephone Field,recover-20221013,001,1795
1563.2385,1563.2742,68437,81752,Rhinolophus ferrumequinum,0.021,0.021,-1,Echolocation,/mnt/ubna_data_02_mir/recover-20221013/UBNA_001/20221012_030000.WAV,Telephone Field,recover-20221013,001,1795
1563.2385,1563.2489,22890,27708,Nyctalus leisleri,0.01,0.02,-1,Echolocation,/mnt/ubna_data_02_mir/recover-20221013/UBNA_001/20221012_030000.WAV,Telephone Field,recover-20221013,001,1795
1563.2825,1563.3208,68437,81555,Rhinolophus ferrumequinum,0.021,0.021,-1,Echolocation,/mnt/ubna_data_02_mir/recover-20221013/UBNA_001/20221012_030000.WAV,Telephone Field,recover-20221013,001,1795
1563.2835,1563.2905,26328,36949,Eptesicus serotinus,0.007,0.023,-1,Echolocation,/mnt/ubna_data_02_mir/recover-20221013/UBNA_001/20221012_030000.WAV,Telephone Field,recover-20221013,001,1795
1563.3075,1563.3512,68437,83583,Rhinolophus ferrumequinum,0.041,0.041,-1,Echolocation,/mnt/ubna_data_02_mir/recover-20221013/UBNA_001/20221012_030000.WAV,Telephone Field,recover-20221013,001,1795
1563.3335,1563.3743,68437,83090,Rhinolophus ferrumequinum,0.03,0.03,-1,Echolocation,/mnt/ubna_data_02_mir/recover-20221013/UBNA_001/20221012_030000.WAV,Telephone Field,recover-20221013,001,1795
1563.3465,1563.3553,28906,36885,Eptesicus serotinus,0.009,0.022,-1,Echolocation,/mnt/ubna_data_02_mir/recover-20221013/UBNA_001/20221012_030000.WAV,Telephone Field,recover-20221013,001,1795
1563.3525,1563.3663,43515,45661,Pipistrellus pipistrellus,0.043,0.048,-1,Echolocation,/mnt/ubna_data_02_mir/recover-20221013/UBNA_001/20221012_030000.WAV,Telephone Field,recover-20221013,001,1795
1563.3825,1563.4215,68437,82351,Rhinolophus ferrumequinum,0.027,0.027,-1,Echolocation,/mnt/ubna_data_02_mir/recover-20221013/UBNA_001/20221012_030000.WAV,Telephone Field,recover-20221013,001,1795
1563.4075,1563.4438,68437,82232,Rhinolophus ferrumequinum,0.023,0.023,-1,Echolocation,/mnt/ubna_data_02_mir/recover-20221013/UBNA_001/20221012_030000.WAV,Telephone Field,recover-20221013,001,1795
1563.4635,1563.5027,68437,82048,Rhinolophus ferrumequinum,0.021,0.021,-1,Echolocation,/mnt/ubna_data_02_mir/recover-20221013/UBNA_001/20221012_030000.WAV,Telephone Field,recover-20221013,001,1795
1563.5155,1563.5236,23750,31419,Plecotus austriacus,0.011,0.026,-1,Echolocation,/mnt/ubna_data_02_mir/recover-20221013/UBNA_001/20221012_030000.WAV,Telephone Field,recover-20221013,001,1795
1563.5575,1563.5951,68437,81585,Rhinolophus ferrumequinum,0.025,0.025,-1,Echolocation,/mnt/ubna_data_02_mir/recover-20221013/UBNA_001/20221012_030000.WAV,Telephone Field,recover-20221013,001,1795
1563.5595,1563.5752,16015,20725,Nyctalus noctula,0.016,0.024,-1,Echolocation,/mnt/ubna_data_02_mir/recover-20221013/UBNA_001/20221012_030000.WAV,Telephone Field,recover-20221013,001,1795
1563.6135,1563.6213,28906,38509,Eptesicus serotinus,0.006,0.02,-1,Echolocation,/mnt/ubna_data_02_mir/recover-20221013/UBNA_001/20221012_030000.WAV,Telephone Field,recover-20221013,001,1795
1563.6165,1563.6571,68437,82763,Rhinolophus ferrumequinum,0.031,0.031,-1,Echolocation,/mnt/ubna_data_02_mir/recover-20221013/UBNA_001/20221012_030000.WAV,Telephone Field,recover-20221013,001,1795
1563.6505,1563.6898,68437,82117,Rhinolophus ferrumequinum,0.025,0.025,-1,Echolocation,/mnt/ubna_data_02_mir/recover-20221013/UBNA_001/20221012_030000.WAV,Telephone Field,recover-20221013,001,1795
1563.6755,1563.7148,68437,82262,Rhinolophus ferrumequinum,0.022,0.022,-1,Echolocation,/mnt/ubna_data_02_mir/recover-20221013/UBNA_001/20221012_030000.WAV,Telephone Field,recover-20221013,001,1795
1563.6925,1563.7306,68437,82082,Rhinolophus ferrumequinum,0.02,0.02,-1,Echolocation,/mnt/ubna_data_02_mir/recover-20221013/UBNA_001/20221012_030000.WAV,Telephone Field,recover-20221013,001,1795
1563.7485,1563.7592,23750,29408,Nyctalus leisleri,0.009,0.021,-1,Echolocation,/mnt/ubna_data_02_mir/recover-20221013/UBNA_001/20221012_030000.WAV,Telephone Field,recover-20221013,001,1795
1563.7925,1563.8019,25468,34934,Eptesicus serotinus,0.01,0.027,-1,Echolocation,/mnt/ubna_data_02_mir/recover-20221013/UBNA_001/20221012_030000.WAV,Telephone Field,recover-20221013,001,1795
1563.8065,1563.8478,68437,82783,Rhinolophus ferrumequinum,0.023,0.023,-1,Echolocation,/mnt/ubna_data_02_mir/recover-20221013/UBNA_001/20221012_030000.WAV,Telephone Field,recover-20221013,001,1795
1563.8245,1563.8645,68437,81949,Rhinolophus ferrumequinum,0.021,0.021,-1,Echolocation,/mnt/ubna_data_02_mir/recover-20221013/UBNA_001/20221012_030000.WAV,Telephone Field,recover-20221013,001,1795
1563.8345,1563.8465,27187,33653,Eptesicus serotinus,0.011,0.022,-1,Echolocation,/mnt/ubna_data_02_mir/recover-20221013/UBNA_001/20221012_030000.WAV,Telephone Field,recover-20221013,001,1795
1563.8805,1563.916,68437,81813,Rhinolophus ferrumequinum,0.033,0.033,-1,Echolocation,/mnt/ubna_data_02_mir/recover-20221013/UBNA_001/20221012_030000.WAV,Telephone Field,recover-20221013,001,1795
1563.9015,1563.9426,68437,82692,Rhinolophus ferrumequinum,0.02,0.02,-1,Echolocation,/mnt/ubna_data_02_mir/recover-20221013/UBNA_001/20221012_030000.WAV,Telephone Field,recover-20221013,001,1795
1564.0015,1564.01,22031,29283,Nyctalus leisleri,0.008,0.026,-1,Echolocation,/mnt/ubna_data_02_mir/recover-20221013/UBNA_001/20221012_030000.WAV,Telephone Field,recover-20221013,001,1795
1564.0015,1564.0326,68437,80152,Rhinolophus ferrumequinum,0.036,0.036,-1,Echolocation,/mnt/ubna_data_02_mir/recover-20221013/UBNA_001/20221012_030000.WAV,Telephone Field,recover-20221013,001,1795
1564.0175,1564.0257,25468,34964,Plecotus austriacus,0.008,0.026,-1,Echolocation,/mnt/ubna_data_02_mir/recover-20221013/UBNA_001/20221012_030000.WAV,Telephone Field,recover-20221013,001,1795
1564.0395,1564.0514,22890,28240,Nyctalus leisleri,0.014,0.028,-1,Echolocation,/mnt/ubna_data_02_mir/recover-20221013/UBNA_001/20221012_030000.WAV,Telephone Field,recover-20221013,001,1795
1564.0555,1564.0626,24609,33943,Plecotus austriacus,0.019,0.048,-1,Echolocation,/mnt/ubna_data_02_mir/recover-20221013/UBNA_001/20221012_030000.WAV,Telephone Field,recover-20221013,001,1795
1564.0685,1564.1069,68437,82231,Rhinolophus ferrumequinum,0.024,0.024,-1,Echolocation,/mnt/ubna_data_02_mir/recover-20221013/UBNA_001/20221012_030000.WAV,Telephone Field,recover-20221013,001,1795
1564.1145,1564.156,68437,82754,Rhinolophus ferrumequinum,0.026,0.026,-1,Echolocation,/mnt/ubna_data_02_mir/recover-20221013/UBNA_001/20221012_030000.WAV,Telephone Field,recover-20221013,001,1795
1564.1595,1564.1976,68437,81687,Rhinolophus ferrumequinum,0.024,0.024,-1,Echolocation,/mnt/ubna_data_02_mir/recover-20221013/UBNA_001/20221012_030000.WAV,Telephone Field,recover-20221013,001,1795
1564.1785,1564.2137,68437,81588,Rhinolophus ferrumequinum,0.03,0.03,-1,Echolocation,/mnt/ubna_data_02_mir/recover-20221013/UBNA_001/20221012_030000.WAV,Telephone Field,recover-20221013,001,1795
1564.1825,1564.1889,28906,39962,Myotis daubentonii,0.007,0.028,-1,Echolocation,/mnt/ubna_data_02_mir/recover-20221013/UBNA_001/20221012_030000.WAV,Telephone Field,recover-20221013,001,1795
1564.1975,1564.2374,68437,82541,Rhinolophus ferrumequinum,0.022,0.022,-1,Echolocation,/mnt/ubna_data_02_mir/recover-20221013/UBNA_001/20221012_030000.WAV,Telephone Field,recover-20221013,001,1795
1564.2125,1564.2512,68437,82762,Rhinolophus ferrumequinum,0.024,0.024,-1,Echolocation,/mnt/ubna_data_02_mir/recover-20221013/UBNA_001/20221012_030000.WAV,Telephone Field,recover-20221013,001,1795
1564.2325,1564.2414,28906,38547,Eptesicus serotinus,0.008,0.022,-1,Echolocation,/mnt/ubna_data_02_mir/recover-20221013/UBNA_001/20221012_030000.WAV,Telephone Field,recover-20221013,001,1795
1564.2335,1564.2744,68437,82461,Rhinolophus ferrumequinum,0.029,0.029,-1,Echolocation,/mnt/ubna_data_02_mir/recover-20221013/UBNA_001/20221012_030000.WAV,Telephone Field,recover-20221013,001,1795
1564.2565,1564.2955,68437,82606,Rhinolophus ferrumequinum,0.026,0.026,-1,Echolocation,/mnt/ubna_data_02_mir/recover-20221013/UBNA_001/20221012_030000.WAV,Telephone Field,recover-20221013,001,1795
1564.2575,1564.2686,21171,25972,Nyctalus leisleri,0.011,0.024,-1,Echolocation,/mnt/ubna_data_02_mir/recover-20221013/UBNA_001/20221012_030000.WAV,Telephone Field,recover-20221013,001,1795
1564.2645,1564.2715,28046,40035,Eptesicus serotinus,0.006,0.022,-1,Echolocation,/mnt/ubna_data_02_mir/recover-20221013/UBNA_001/20221012_030000.WAV,Telephone Field,recover-20221013,001,1795
1564.3125,1564.3228,23750,30264,Nyctalus leisleri,0.009,0.025,-1,Echolocation,/mnt/ubna_data_02_mir/recover-20221013/UBNA_001/20221012_030000.WAV,Telephone Field,recover-20221013,001,1795
1564.3495,1564.3885,68437,82392,Rhinolophus ferrumequinum,0.022,0.022,-1,Echolocation,/mnt/ubna_data_02_mir/recover-20221013/UBNA_001/20221012_030000.WAV,Telephone Field,recover-20221013,001,1795
1564.3625,1564.403,68437,82850,Rhinolophus ferrumequinum,0.026,0.026,-1,Echolocation,/mnt/ubna_data_02_mir/recover-20221013/UBNA_001/20221012_030000.WAV,Telephone Field,recover-20221013,001,1795
1564.3905,1564.4289,68437,82093,Rhinolophus ferrumequinum,0.022,0.022,-1,Echolocation,/mnt/ubna_data_02_mir/recover-20221013/UBNA_001/20221012_030000.WAV,Telephone Field,recover-20221013,001,1795
1564.4075,1564.4417,68437,80486,Rhinolophus ferrumequinum,0.021,0.021,-1,Echolocation,/mnt/ubna_data_02_mir/recover-20221013/UBNA_001/20221012_030000.WAV,Telephone Field,recover-20221013,001,1795
1564.4715,1564.4875,21171,24777,Nyctalus leisleri,0.012,0.022,-1,Echolocation,/mnt/ubna_data_02_mir/recover-20221013/UBNA_001/20221012_030000.WAV,Telephone Field,recover-20221013,001,1795
1564.4785,1564.5199,68437,82247,Rhinolophus ferrumequinum,0.025,0.025,-1,Echolocation,/mnt/ubna_data_02_mir/recover-20221013/UBNA_001/20221012_030000.WAV,Telephone Field,recover-20221013,001,1795
1564.5215,1564.5592,68437,82453,Rhinolophus ferrumequinum,0.022,0.022,-1,Echolocation,/mnt/ubna_data_02_mir/recover-20221013/UBNA_001/20221012_030000.WAV,Telephone Field,recover-20221013,001,1795
1564.5565,1564.5695,22890,27404,Nyctalus leisleri,0.013,0.024,-1,Echolocation,/mnt/ubna_data_02_mir/recover-20221013/UBNA_001/20221012_030000.WAV,Telephone Field,recover-20221013,001,1795
1564.5765,1564.6159,68437,82768,Rhinolophus ferrumequinum,0.025,0.025,-1,Echolocation,/mnt/ubna_data_02_mir/recover-20221013/UBNA_001/20221012_030000.WAV,Telephone Field,recover-20221013,001,1795
1564.6055,1564.617,22031,26597,Nyctalus leisleri,0.011,0.023,-1,Echolocation,/mnt/ubna_data_02_mir/recover-20221013/UBNA_001/20221012_030000.WAV,Telephone Field,recover-20221013,001,1795
1564.6265,1564.6652,68437,82694,Rhinolophus ferrumequinum,0.022,0.022,-1,Echolocation,/mnt/ubna_data_02_mir/recover-20221013/UBNA_001/20221012_030000.WAV,Telephone Field,recover-20221013,001,1795
1564.6435,1564.6523,28046,39754,Eptesicus serotinus,0.009,0.023,-1,Echolocation,/mnt/ubna_data_02_mir/recover-20221013/UBNA_001/20221012_030000.WAV,Telephone Field,recover-20221013,001,1795
1564.6665,1564.7031,68437,81770,Rhinolophus ferrumequinum,0.024,0.024,-1,Echolocation,/mnt/ubna_data_02_mir/recover-20221013/UBNA_001/20221012_030000.WAV,Telephone Field,recover-20221013,001,1795
1564.6695,1564.6753,38359,51262,Myotis daubentonii,0.006,0.022,-1,Echolocation,/mnt/ubna_data_02_mir/recover-20221013/UBNA_001/20221012_030000.WAV,Telephone Field,recover-20221013,001,1795
1564.6805,1564.7202,68437,82442,Rhinolophus ferrumequinum,0.023,0.023,-1,Echolocation,/mnt/ubna_data_02_mir/recover-20221013/UBNA_001/20221012_030000.WAV,Telephone Field,recover-20221013,001,1795
1564.6965,1564.709,15156,21736,Nyctalus noctula,0.018,0.027,-1,Echolocation,/mnt/ubna_data_02_mir/recover-20221013/UBNA_001/20221012_030000.WAV,Telephone Field,recover-20221013,001,1795
1564.7365,1564.7461,27187,38227,Eptesicus serotinus,0.009,0.022,-1,Echolocation,/mnt/ubna_data_02_mir/recover-20221013/UBNA_001/20221012_030000.WAV,Telephone Field,recover-20221013,001,1795
1564.7375,1564.7805,68437,83076,Rhinolophus ferrumequinum,0.034,0.034,-1,Echolocation,/mnt/ubna_data_02_mir/recover-20221013/UBNA_001/20221012_030000.WAV,Telephone Field,recover-20221013,001,1795
1564.7455,1564.7869,68437,82944,Rhinolophus ferrumequinum,0.034,0.034,-1,Echolocation,/mnt/ubna_data_02_mir/recover-20221013/UBNA_001/20221012_030000.WAV,Telephone Field,recover-20221013,001,1795
1564.7505,1564.7586,27187,39320,Eptesicus serotinus,0.008,0.022,-1,Echolocation,/mnt/ubna_data_02_mir/recover-20221013/UBNA_001/20221012_030000.WAV,Telephone Field,recover-20221013,001,1795
1564.7535,1564.7906,68437,82383,Rhinolophus ferrumequinum,0.025,0.025,-1,Echolocation,/mnt/ubna_data_02_mir/recover-20221013/UBNA_001/20221012_030000.WAV,Telephone Field,recover-20221013,001,1795
1564.7685,1564.8095,68437,82763,Rhinolophus ferrumequinum,0.027,0.027,-1,Echolocation,/mnt/ubna_data_02_mir/recover-20221013/UBNA_001/20221012_030000.WAV,Telephone Field,recover-20221013,001,1795
1564.7955,1564.8053,22890,29814,Nyctalus leisleri,0.01,0.031,-1,Echolocation,/mnt/ubna_data_02_mir/recover-20221013/UBNA_001/20221012_030000.WAV,Telephone Field,recover-20221013,001,1795
1564.8115,1564.819,23750,32214,Plecotus austriacus,0.012,0.027,-1,Echolocation,/mnt/ubna_data_02_mir/recover-20221013/UBNA_001/20221012_030000.WAV,Telephone Field,recover-20221013,001,1795
1564.8395,1564.8515,27187,35091,Eptesicus serotinus,0.015,0.029,-1,Echolocation,/mnt/ubna_data_02_mir/recover-20221013/UBNA_001/20221012_030000.WAV,Telephone Field,recover-20221013,001,1795
1564.8755,1564.917,68437,82579,Rhinolophus ferrumequinum,0.024,0.024,-1,Echolocation,/mnt/ubna_data_02_mir/recover-20221013/UBNA_001/20221012_030000.WAV,Telephone Field,recover-20221013,001,1795
1564.8955,1564.904,28046,38507,Eptesicus serotinus,0.008,0.022,-1,Echolocation,/mnt/ubna_data_02_mir/recover-20221013/UBNA_001/20221012_030000.WAV,Telephone Field,recover-20221013,001,1795
1564.9355,1564.9431,26328,39413,Eptesicus serotinus,0.007,0.024,-1,Echolocation,/mnt/ubna_data_02_mir/recover-20221013/UBNA_001/20221012_030000.WAV,Telephone Field,recover-20221013,001,1795
1564.9765,1564.9853,28046,38980,Eptesicus serotinus,0.01,0.027,-1,Echolocation,/mnt/ubna_data_02_mir/recover-20221013/UBNA_001/20221012_030000.WAV,Telephone Field,recover-20221013,001,1795
1565.0475,1565.0825,68437,81035,Rhinolophus ferrumequinum,0.026,0.026,-1,Echolocation,/mnt/ubna_data_02_mir/recover-20221013/UBNA_001/20221012_030000.WAV,Telephone Field,recover-20221013,001,1795
1565.0705,1565.0833,22890,27394,Nyctalus leisleri,0.014,0.027,-1,Echolocation,/mnt/ubna_data_02_mir/recover-20221013/UBNA_001/20221012_030000.WAV,Telephone Field,recover-20221013,001,1795
1565.0825,1565.092,27187,40196,Eptesicus serotinus,0.01,0.025,-1,Echolocation,/mnt/ubna_data_02_mir/recover-20221013/UBNA_001/20221012_030000.WAV,Telephone Field,recover-20221013,001,1795
1565.0865,1565.0914,39218,53582,Myotis daubentonii,0.005,0.022,-1,Echolocation,/mnt/ubna_data_02_mir/recover-20221013/UBNA_001/20221012_030000.WAV,Telephone Field,recover-20221013,001,1795
1565.1175,1565.158,68437,82494,Rhinolophus ferrumequinum,0.023,0.023,-1,Echolocation,/mnt/ubna_data_02_mir/recover-20221013/UBNA_001/20221012_030000.WAV,Telephone Field,recover-20221013,001,1795
1565.1265,1565.1346,26328,35523,Eptesicus serotinus,0.021,0.045,-1,Echolocation,/mnt/ubna_data_02_mir/recover-20221013/UBNA_001/20221012_030000.WAV,Telephone Field,recover-20221013,001,1795
1565.1785,1565.1869,28046,39135,Eptesicus serotinus,0.007,0.021,-1,Echolocation,/mnt/ubna_data_02_mir/recover-20221013/UBNA_001/20221012_030000.WAV,Telephone Field,recover-20221013,001,1795
1565.2265,1565.2679,68437,82547,Rhinolophus ferrumequinum,0.029,0.029,-1,Echolocation,/mnt/ubna_data_02_mir/recover-20221013/UBNA_001/20221012_030000.WAV,Telephone Field,recover-20221013,001,1795
1565.2325,1565.2417,47812,51942,Pipistrellus pipistrellus,0.034,0.037,-1,Echolocation,/mnt/ubna_data_02_mir/recover-20221013/UBNA_001/20221012_030000.WAV,Telephone Field,recover-20221013,001,1795
1565.2955,1565.307,29765,36740,Eptesicus serotinus,0.015,0.028,-1,Echolocation,/mnt/ubna_data_02_mir/recover-20221013/UBNA_001/20221012_030000.WAV,Telephone Field,recover-20221013,001,1795
1565.3335,1565.375,68437,82714,Rhinolophus ferrumequinum,0.023,0.023,-1,Echolocation,/mnt/ubna_data_02_mir/recover-20221013/UBNA_001/20221012_030000.WAV,Telephone Field,recover-20221013,001,1795
1565.3715,1565.4122,68437,83086,Rhinolophus ferrumequinum,0.024,0.024,-1,Echolocation,/mnt/ubna_data_02_mir/recover-20221013/UBNA_001/20221012_030000.WAV,Telephone Field,recover-20221013,001,1795
1565.4005,1565.4406,68437,81939,Rhinolophus ferrumequinum,0.022,0.022,-1,Echolocation,/mnt/ubna_data_02_mir/recover-20221013/UBNA_001/20221012_030000.WAV,Telephone Field,recover-20221013,001,1795
1565.4365,1565.4742,68437,81590,Rhinolophus ferrumequinum,0.023,0.023,-1,Echolocation,/mnt/ubna_data_02_mir/recover-20221013/UBNA_001/20221012_030000.WAV,Telephone Field,recover-20221013,001,1795
1565.4655,1565.5032,68437,82043,Rhinolophus ferrumequinum,0.027,0.028,-1,Echolocation,/mnt/ubna_data_02_mir/recover-20221013/UBNA_001/20221012_030000.WAV,Telephone Field,recover-20221013,001,1795
1565.4715,1565.4807,30625,39937,Myotis daubentonii,0.008,0.022,-1,Echolocation,/mnt/ubna_data_02_mir/recover-20221013/UBNA_001/20221012_030000.WAV,Telephone Field,recover-20221013,001,1795
1565.4975,1565.5382,68437,82391,Rhinolophus ferrumequinum,0.027,0.027,-1,Echolocation,/mnt/ubna_data_02_mir/recover-20221013/UBNA_001/20221012_030000.WAV,Telephone Field,recover-20221013,001,1795
1565.5145,1565.5239,28906,36678,Eptesicus serotinus,0.012,0.025,-1,Echolocation,/mnt/ubna_data_02_mir/recover-20221013/UBNA_001/20221012_030000.WAV,Telephone Field,recover-20221013,001,1795
1565.5535,1565.5643,22031,27318,Nyctalus leisleri,0.01,0.024,-1,Echolocation,/mnt/ubna_data_02_mir/recover-20221013/UBNA_001/20221012_030000.WAV,Telephone Field,recover-20221013,001,1795
1565.5735,1565.6104,68437,81589,Rhinolophus ferrumequinum,0.022,0.022,-1,Echolocation,/mnt/ubna_data_02_mir/recover-20221013/UBNA_001/20221012_030000.WAV,Telephone Field,recover-20221013,001,1795
1565.6015,1565.6084,27187,40593,Eptesicus serotinus,0.006,0.021,-1,Echolocation,/mnt/ubna_data_02_mir/recover-20221013/UBNA_001/20221012_030000.WAV,Telephone Field,recover-20221013,001,1795
1565.6075,1565.6214,14296,19800,Nyctalus noctula,0.018,0.027,-1,Echolocation,/mnt/ubna_data_02_mir/recover-20221013/UBNA_001/20221012_030000.WAV,Telephone Field,recover-20221013,001,1795
1565.6365,1565.6752,68437,82041,Rhinolophus ferrumequinum,0.023,0.024,-1,Echolocation,/mnt/ubna_data_02_mir/recover-20221013/UBNA_001/20221012_030000.WAV,Telephone Field,recover-20221013,001,1795
1565.6445,1565.6557,24609,31325,Nyctalus leisleri,0.03,0.082,-1,Echolocation,/mnt/ubna_data_02_mir/recover-20221013/UBNA_001/20221012_030000.WAV,Telephone Field,recover-20221013,001,1795
1565.6665,1565.7081,68437,82814,Rhinolophus ferrumequinum,0.028,0.028,-1,Echolocation,/mnt/ubna_data_02_mir/recover-20221013/UBNA_001/20221012_030000.WAV,Telephone Field,recover-20221013,001,1795
1565.6715,1565.6815,22031,26621,Nyctalus leisleri,0.011,0.025,-1,Echolocation,/mnt/ubna_data_02_mir/recover-20221013/UBNA_001/20221012_030000.WAV,Telephone Field,recover-20221013,001,1795
1565.6895,1565.7314,68437,82995,Rhinolophus ferrumequinum,0.023,0.023,-1,Echolocation,/mnt/ubna_data_02_mir/recover-20221013/UBNA_001/20221012_030000.WAV,Telephone Field,recover-20221013,001,1795
1565.6975,1565.7082,28906,40043,Eptesicus serotinus,0.015,0.031,-1,Echolocation,/mnt/ubna_data_02_mir/recover-20221013/UBNA_001/20221012_030000.WAV,Telephone Field,recover-20221013,001,1795
1565.7145,1565.7539,68437,82332,Rhinolophus ferrumequinum,0.026,0.026,-1,Echolocation,/mnt/ubna_data_02_mir/recover-20221013/UBNA_001/20221012_030000.WAV,Telephone Field,recover-20221013,001,1795
1565.7235,1565.7635,68437,81732,Rhinolophus ferrumequinum,0.022,0.022,-1,Echolocation,/mnt/ubna_data_02_mir/recover-20221013/UBNA_001/20221012_030000.WAV,Telephone Field,recover-20221013,001,1795
1565.7405,1565.7814,68437,82179,Rhinolophus ferrumequinum,0.023,0.023,-1,Echolocation,/mnt/ubna_data_02_mir/recover-20221013/UBNA_001/20221012_030000.WAV,Telephone Field,recover-20221013,001,1795
1565.7625,1565.8031,68437,82419,Rhinolophus ferrumequinum,0.022,0.022,-1,Echolocation,/mnt/ubna_data_02_mir/recover-20221013/UBNA_001/20221012_030000.WAV,Telephone Field,recover-20221013,001,1795
1565.7915,1565.8309,68437,82371,Rhinolophus ferrumequinum,0.023,0.023,-1,Echolocation,/mnt/ubna_data_02_mir/recover-20221013/UBNA_001/20221012_030000.WAV,Telephone Field,recover-20221013,001,1795
1565.8255,1565.8357,22031,27942,Nyctalus leisleri,0.009,0.022,-1,Echolocation,/mnt/ubna_data_02_mir/recover-20221013/UBNA_001/20221012_030000.WAV,Telephone Field,recover-20221013,001,1795
1565.9025,1565.9169,22890,27366,Nyctalus leisleri,0.022,0.041,-1,Echolocation,/mnt/ubna_data_02_mir/recover-20221013/UBNA_001/20221012_030000.WAV,Telephone Field,recover-20221013,001,1795
1565.9045,1565.9435,68437,82313,Rhinolophus ferrumequinum,0.024,0.024,-1,Echolocation,/mnt/ubna_data_02_mir/recover-20221013/UBNA_001/20221012_030000.WAV,Telephone Field,recover-20221013,001,1795
1565.9255,1565.9338,28046,39539,Eptesicus serotinus,0.008,0.024,-1,Echolocation,/mnt/ubna_data_02_mir/recover-20221013/UBNA_001/20221012_030000.WAV,Telephone Field,recover-20221013,001,1795
1565.9785,1565.9899,23750,29114,Nyctalus leisleri,0.011,0.023,-1,Echolocation,/mnt/ubna_data_02_mir/recover-20221013/UBNA_001/20221012_030000.WAV,Telephone Field,recover-20221013,001,1795
1566.0015,1566.0113,21171,27259,Nyctalus leisleri,0.011,0.028,-1,Echolocation,/mnt/ubna_data_02_mir/recover-20221013/UBNA_001/20221012_030000.WAV,Telephone Field,recover-20221013,001,1795
1566.0015,1566.0335,69296,81131,Rhinolophus ferrumequinum,0.032,0.032,-1,Echolocation,/mnt/ubna_data_02_mir/recover-20221013/UBNA_001/20221012_030000.WAV,Telephone Field,recover-20221013,001,1795
1566.0015,1566.0112,47812,54967,Pipistrellus pipistrellus,0.013,0.022,-1,Echolocation,/mnt/ubna_data_02_mir/recover-20221013/UBNA_001/20221012_030000.WAV,Telephone Field,recover-20221013,001,1795
1566.0225,1566.0309,29765,39510,Eptesicus serotinus,0.007,0.022,-1,Echolocation,/mnt/ubna_data_02_mir/recover-20221013/UBNA_001/20221012_030000.WAV,Telephone Field,recover-20221013,001,1795
1566.0435,1566.0543,24609,30518,Nyctalus leisleri,0.009,0.023,-1,Echolocation,/mnt/ubna_data_02_mir/recover-20221013/UBNA_001/20221012_030000.WAV,Telephone Field,recover-20221013,001,1795
1566.0455,1566.0863,68437,82934,Rhinolophus ferrumequinum,0.023,0.023,-1,Echolocation,/mnt/ubna_data_02_mir/recover-20221013/UBNA_001/20221012_030000.WAV,Telephone Field,recover-20221013,001,1795
1566.0625,1566.1002,68437,82409,Rhinolophus ferrumequinum,0.022,0.022,-1,Echolocation,/mnt/ubna_data_02_mir/recover-20221013/UBNA_001/20221012_030000.WAV,Telephone Field,recover-20221013,001,1795
1566.0865,1566.103,20312,23129,Nyctalus leisleri,0.014,0.021,-1,Echolocation,/mnt/ubna_data_02_mir/recover-20221013/UBNA_001/20221012_030000.WAV,Telephone Field,recover-20221013,001,1795
1566.1165,1566.1273,22890,27393,Nyctalus leisleri,0.011,0.02,-1,Echolocation,/mnt/ubna_data_02_mir/recover-20221013/UBNA_001/20221012_030000.WAV,Telephone Field,recover-20221013,001,1795
1566.1195,1566.1629,68437,83327,Rhinolophus ferrumequinum,0.025,0.025,-1,Echolocation,/mnt/ubna_data_02_mir/recover-20221013/UBNA_001/20221012_030000.WAV,Telephone Field,recover-20221013,001,1795
1566.1655,1566.2042,68437,82571,Rhinolophus ferrumequinum,0.024,0.024,-1,Echolocation,/mnt/ubna_data_02_mir/recover-20221013/UBNA_001/20221012_030000.WAV,Telephone Field,recover-20221013,001,1795
1566.2075,1566.2461,68437,82264,Rhinolophus ferrumequinum,0.021,0.021,-1,Echolocation,/mnt/ubna_data_02_mir/recover-20221013/UBNA_001/20221012_030000.WAV,Telephone Field,recover-20221013,001,1795
1566.2345,1566.2751,68437,82806,Rhinolophus ferrumequinum,0.022,0.022,-1,Echolocation,/mnt/ubna_data_02_mir/recover-20221013/UBNA_001/20221012_030000.WAV,Telephone Field,recover-20221013,001,1795
1566.2645,1566.3061,68437,83175,Rhinolophus ferrumequinum,0.038,0.038,-1,Echolocation,/mnt/ubna_data_02_mir/recover-20221013/UBNA_001/20221012_030000.WAV,Telephone Field,recover-20221013,001,1795
1566.3145,1566.3567,68437,82827,Rhinolophus ferrumequinum,0.023,0.023,-1,Echolocation,/mnt/ubna_data_02_mir/recover-20221013/UBNA_001/20221012_030000.WAV,Telephone Field,recover-20221013,001,1795
1566.3525,1566.3604,28906,40245,Eptesicus serotinus,0.009,0.024,-1,Echolocation,/mnt/ubna_data_02_mir/recover-20221013/UBNA_001/20221012_030000.WAV,Telephone Field,recover-20221013,001,1795
1566.3845,1566.4203,68437,81027,Rhinolophus ferrumequinum,0.025,0.025,-1,Echolocation,/mnt/ubna_data_02_mir/recover-20221013/UBNA_001/20221012_030000.WAV,Telephone Field,recover-20221013,001,1795
1566.3985,1566.4355,68437,81793,Rhinolophus ferrumequinum,0.021,0.021,-1,Echolocation,/mnt/ubna_data_02_mir/recover-20221013/UBNA_001/20221012_030000.WAV,Telephone Field,recover-20221013,001,1795
1566.4075,1566.4475,68437,82477,Rhinolophus ferrumequinum,0.021,0.021,-1,Echolocation,/mnt/ubna_data_02_mir/recover-20221013/UBNA_001/20221012_030000.WAV,Telephone Field,recover-20221013,001,1795
1566.4075,1566.4141,27187,40350,Eptesicus serotinus,0.006,0.023,-1,Echolocation,/mnt/ubna_data_02_mir/recover-20221013/UBNA_001/20221012_030000.WAV,Telephone Field,recover-20221013,001,1795
1566.4305,1566.4392,28046,40924,Eptesicus serotinus,0.008,0.02,-1,Echolocation,/mnt/ubna_data_02_mir/recover-20221013/UBNA_001/20221012_030000.WAV,Telephone Field,recover-20221013,001,1795
1566.5245,1566.5353,22890,28105,Nyctalus leisleri,0.01,0.021,-1,Echolocation,/mnt/ubna_data_02_mir/recover-20221013/UBNA_001/20221012_030000.WAV,Telephone Field,recover-20221013,001,1795
1566.5405,1566.5476,50390,55074,Pipistrellus pipistrellus,0.023,0.025,-1,Echolocation,/mnt/ubna_data_02_mir/recover-20221013/UBNA_001/20221012_030000.WAV,Telephone Field,recover-20221013,001,1795
1566.5545,1566.5931,68437,82150,Rhinolophus ferrumequinum,0.022,0.022,-1,Echolocation,/mnt/ubna_data_02_mir/recover-20221013/UBNA_001/20221012_030000.WAV,Telephone Field,recover-20221013,001,1795
1566.6075,1566.6448,68437,81854,Rhinolophus ferrumequinum,0.02,0.02,-1,Echolocation,/mnt/ubna_data_02_mir/recover-20221013/UBNA_001/20221012_030000.WAV,Telephone Field,recover-20221013,001,1795
1566.6515,1566.659,28046,39696,Eptesicus serotinus,0.007,0.021,-1,Echolocation,/mnt/ubna_data_02_mir/recover-20221013/UBNA_001/20221012_030000.WAV,Telephone Field,recover-20221013,001,1795
1566.6675,1566.6811,22890,28190,Nyctalus leisleri,0.014,0.028,-1,Echolocation,/mnt/ubna_data_02_mir/recover-20221013/UBNA_001/20221012_030000.WAV,Telephone Field,recover-20221013,001,1795
1566.6805,1566.7188,68437,81769,Rhinolophus ferrumequinum,0.022,0.022,-1,Echolocation,/mnt/ubna_data_02_mir/recover-20221013/UBNA_001/20221012_030000.WAV,Telephone Field,recover-20221013,001,1795
1566.6995,1566.7078,24609,32939,Plecotus austriacus,0.006,0.021,-1,Echolocation,/mnt/ubna_data_02_mir/recover-20221013/UBNA_001/20221012_030000.WAV,Telephone Field,recover-20221013,001,1795
1566.7225,1566.7318,24609,32220,Eptesicus serotinus,0.007,0.022,-1,Echolocation,/mnt/ubna_data_02_mir/recover-20221013/UBNA_001/20221012_030000.WAV,Telephone Field,recover-20221013,001,1795
1566.7535,1566.7914,68437,81370,Rhinolophus ferrumequinum,0.025,0.025,-1,Echolocation,/mnt/ubna_data_02_mir/recover-20221013/UBNA_001/20221012_030000.WAV,Telephone Field,recover-20221013,001,1795
1566.7965,1566.8348,68437,82026,Rhinolophus ferrumequinum,0.021,0.021,-1,Echolocation,/mnt/ubna_data_02_mir/recover-20221013/UBNA_001/20221012_030000.WAV,Telephone Field,recover-20221013,001,1795
1566.8195,1566.8606,68437,82873,Rhinolophus ferrumequinum,0.024,0.024,-1,Echolocation,/mnt/ubna_data_02_mir/recover-20221013/UBNA_001/20221012_030000.WAV,Telephone Field,recover-20221013,001,1795
1566.8235,1566.8344,22890,27452,Nyctalus leisleri,0.01,0.02,-1,Echolocation,/mnt/ubna_data_02_mir/recover-20221013/UBNA_001/20221012_030000.WAV,Telephone Field,recover-20221013,001,1795
1566.8275,1566.8649,68437,81750,Rhinolophus ferrumequinum,0.021,0.021,-1,Echolocation,/mnt/ubna_data_02_mir/recover-20221013/UBNA_001/20221012_030000.WAV,Telephone Field,recover-20221013,001,1795
1566.8375,1566.8481,28906,37171,Eptesicus serotinus,0.01,0.023,-1,Echolocation,/mnt/ubna_data_02_mir/recover-20221013/UBNA_001/20221012_030000.WAV,Telephone Field,recover-20221013,001,1795
1566.9255,1566.936,22890,27980,Nyctalus leisleri,0.011,0.022,-1,Echolocation,/mnt/ubna_data_02_mir/recover-20221013/UBNA_001/20221012_030000.WAV,Telephone Field,recover-20221013,001,1795
1566.9875,1566.9953,25468,34283,Eptesicus serotinus,0.006,0.022,-1,Echolocation,/mnt/ubna_data_02_mir/recover-20221013/UBNA_001/20221012_030000.WAV,Telephone Field,recover-20221013,001,1795
1567.0115,1567.0501,68437,81873,Rhinolophus ferrumequinum,0.02,0.02,-1,Echolocation,/mnt/ubna_data_02_mir/recover-20221013/UBNA_001/20221012_030000.WAV,Telephone Field,recover-20221013,001,1795
1567.0605,1567.0958,68437,80971,Rhinolophus ferrumequinum,0.023,0.023,-1,Echolocation,/mnt/ubna_data_02_mir/recover-20221013/UBNA_001/20221012_030000.WAV,Telephone Field,recover-20221013,001,1795
1567.1105,1567.1481,68437,81970,Rhinolophus ferrumequinum,0.022,0.022,-1,Echolocation,/mnt/ubna_data_02_mir/recover-20221013/UBNA_001/20221012_030000.WAV,Telephone Field,recover-20221013,001,1795
1567.1445,1567.1507,26328,38513,Eptesicus serotinus,0.004,0.021,-1,Echolocation,/mnt/ubna_data_02_mir/recover-20221013/UBNA_001/20221012_030000.WAV,Telephone Field,recover-20221013,001,1795
1567.1895,1567.2,28046,36809,Eptesicus serotinus,0.012,0.026,-1,Echolocation,/mnt/ubna_data_02_mir/recover-20221013/UBNA_001/20221012_030000.WAV,Telephone Field,recover-20221013,001,1795
1567.2145,1567.2535,68437,82479,Rhinolophus ferrumequinum,0.021,0.021,-1,Echolocation,/mnt/ubna_data_02_mir/recover-20221013/UBNA_001/20221012_030000.WAV,Telephone Field,recover-20221013,001,1795
1567.2345,1567.2765,68437,82419,Rhinolophus ferrumequinum,0.022,0.022,-1,Echolocation,/mnt/ubna_data_02_mir/recover-20221013/UBNA_001/20221012_030000.WAV,Telephone Field,recover-20221013,001,1795
1567.2565,1567.2955,68437,82091,Rhinolophus ferrumequinum,0.025,0.025,-1,Echolocation,/mnt/ubna_data_02_mir/recover-20221013/UBNA_001/20221012_030000.WAV,Telephone Field,recover-20221013,001,1795
1567.2605,1567.2683,28046,38573,Eptesicus serotinus,0.009,0.025,-1,Echolocation,/mnt/ubna_data_02_mir/recover-20221013/UBNA_001/20221012_030000.WAV,Telephone Field,recover-20221013,001,1795
1567.2725,1567.3128,68437,82737,Rhinolophus ferrumequinum,0.026,0.026,-1,Echolocation,/mnt/ubna_data_02_mir/recover-20221013/UBNA_001/20221012_030000.WAV,Telephone Field,recover-20221013,001,1795
1567.3325,1567.3682,68437,80867,Rhinolophus ferrumequinum,0.022,0.022,-1,Echolocation,/mnt/ubna_data_02_mir/recover-20221013/UBNA_001/20221012_030000.WAV,Telephone Field,recover-20221013,001,1795
1567.3635,1567.4004,68437,81953,Rhinolophus ferrumequinum,0.021,0.021,-1,Echolocation,/mnt/ubna_data_02_mir/recover-20221013/UBNA_001/20221012_030000.WAV,Telephone Field,recover-20221013,001,1795
1567.3715,1567.3846,24609,30321,Nyctalus leisleri,0.01,0.023,-1,Echolocation,/mnt/ubna_data_02_mir/recover-20221013/UBNA_001/20221012_030000.WAV,Telephone Field,recover-20221013,001,1795
1567.3945,1567.4361,68437,82703,Rhinolophus ferrumequinum,0.024,0.024,-1,Echolocation,/mnt/ubna_data_02_mir/recover-20221013/UBNA_001/20221012_030000.WAV,Telephone Field,recover-20221013,001,1795
1567.4055,1567.4153,28046,40062,Eptesicus serotinus,0.011,0.026,-1,Echolocation,/mnt/ubna_data_02_mir/recover-20221013/UBNA_001/20221012_030000.WAV,Telephone Field,recover-20221013,001,1795
1567.4445,1567.4844,68437,82143,Rhinolophus ferrumequinum,0.021,0.021,-1,Echolocation,/mnt/ubna_data_02_mir/recover-20221013/UBNA_001/20221012_030000.WAV,Telephone Field,recover-20221013,001,1795
1567.4705,1567.5091,68437,82021,Rhinolophus ferrumequinum,0.036,0.036,-1,Echolocation,/mnt/ubna_data_02_mir/recover-20221013/UBNA_001/20221012_030000.WAV,Telephone Field,recover-20221013,001,1795
1567.4875,1567.5224,68437,81500,Rhinolophus ferrumequinum,0.024,0.024,-1,Echolocation,/mnt/ubna_data_02_mir/recover-20221013/UBNA_001/20221012_030000.WAV,Telephone Field,recover-20221013,001,1795
1567.5325,1567.5432,22890,28058,Nyctalus leisleri,0.011,0.022,-1,Echolocation,/mnt/ubna_data_02_mir/recover-20221013/UBNA_001/20221012_030000.WAV,Telephone Field,recover-20221013,001,1795
1567.5425,1567.581,68437,82216,Rhinolophus ferrumequinum,0.02,0.02,-1,Echolocation,/mnt/ubna_data_02_mir/recover-20221013/UBNA_001/20221012_030000.WAV,Telephone Field,recover-20221013,001,1795
1567.5645,1567.5736,28906,37638,Eptesicus serotinus,0.008,0.021,-1,Echolocation,/mnt/ubna_data_02_mir/recover-20221013/UBNA_001/20221012_030000.WAV,Telephone Field,recover-20221013,001,1795
1567.5675,1567.6025,68437,80714,Rhinolophus ferrumequinum,0.02,0.02,-1,Echolocation,/mnt/ubna_data_02_mir/recover-20221013/UBNA_001/20221012_030000.WAV,Telephone Field,recover-20221013,001,1795
1567.5885,1567.5984,21171,28430,Plecotus austriacus,0.018,0.061,-1,Echolocation,/mnt/ubna_data_02_mir/recover-20221013/UBNA_001/20221012_030000.WAV,Telephone Field,recover-20221013,001,1795
1567.6025,1567.6403,68437,82437,Rhinolophus ferrumequinum,0.021,0.021,-1,Echolocation,/mnt/ubna_data_02_mir/recover-20221013/UBNA_001/20221012_030000.WAV,Telephone Field,recover-20221013,001,1795
1567.6195,1567.6347,22890,27566,Nyctalus leisleri,0.022,0.041,-1,Echolocation,/mnt/ubna_data_02_mir/recover-20221013/UBNA_001/20221012_030000.WAV,Telephone Field,recover-20221013,001,1795
1567.6255,1567.6656,68437,82701,Rhinolophus ferrumequinum,0.026,0.026,-1,Echolocation,/mnt/ubna_data_02_mir/recover-20221013/UBNA_001/20221012_030000.WAV,Telephone Field,recover-20221013,001,1795
1567.6795,1567.7211,68437,82493,Rhinolophus ferrumequinum,0.021,0.021,-1,Echolocation,/mnt/ubna_data_02_mir/recover-20221013/UBNA_001/20221012_030000.WAV,Telephone Field,recover-20221013,001,1795
1567.7005,1567.7344,68437,80844,Rhinolophus ferrumequinum,0.02,0.02,-1,Echolocation,/mnt/ubna_data_02_mir/recover-20221013/UBNA_001/20221012_030000.WAV,Telephone Field,recover-20221013,001,1795
1567.7285,1567.7388,44375,47299,Pipistrellus pipistrellus,0.027,0.028,-1,Echolocation,/mnt/ubna_data_02_mir/recover-20221013/UBNA_001/20221012_030000.WAV,Telephone Field,recover-20221013,001,1795
1567.7285,1567.7387,28046,35928,Eptesicus serotinus,0.012,0.027,-1,Echolocation,/mnt/ubna_data_02_mir/recover-20221013/UBNA_001/20221012_030000.WAV,Telephone Field,recover-20221013,001,1795
1567.7495,1567.7858,68437,81163,Rhinolophus ferrumequinum,0.021,0.021,-1,Echolocation,/mnt/ubna_data_02_mir/recover-20221013/UBNA_001/20221012_030000.WAV,Telephone Field,recover-20221013,001,1795
1567.7515,1567.761,22031,27673,Nyctalus leisleri,0.009,0.022,-1,Echolocation,/mnt/ubna_data_02_mir/recover-20221013/UBNA_001/20221012_030000.WAV,Telephone Field,recover-20221013,001,1795
1567.7545,1567.7905,68437,81106,Rhinolophus ferrumequinum,0.02,0.02,-1,Echolocation,/mnt/ubna_data_02_mir/recover-20221013/UBNA_001/20221012_030000.WAV,Telephone Field,recover-20221013,001,1795
1567.7615,1567.7989,68437,81475,Rhinolophus ferrumequinum,0.021,0.021,-1,Echolocation,/mnt/ubna_data_02_mir/recover-20221013/UBNA_001/20221012_030000.WAV,Telephone Field,recover-20221013,001,1795
1567.7715,1567.8094,68437,80981,Rhinolophus ferrumequinum,0.021,0.021,-1,Echolocation,/mnt/ubna_data_02_mir/recover-20221013/UBNA_001/20221012_030000.WAV,Telephone Field,recover-20221013,001,1795
1567.7975,1567.8402,68437,83088,Rhinolophus ferrumequinum,0.026,0.026,-1,Echolocation,/mnt/ubna_data_02_mir/recover-20221013/UBNA_001/20221012_030000.WAV,Telephone Field,recover-20221013,001,1795
1567.8075,1567.8192,22031,26840,Nyctalus leisleri,0.011,0.023,-1,Echolocation,/mnt/ubna_data_02_mir/recover-20221013/UBNA_001/20221012_030000.WAV,Telephone Field,recover-20221013,001,1795
1567.8315,1567.8702,68437,82007,Rhinolophus ferrumequinum,0.029,0.029,-1,Echolocation,/mnt/ubna_data_02_mir/recover-20221013/UBNA_001/20221012_030000.WAV,Telephone Field,recover-20221013,001,1795
1567.8375,1567.8757,68437,82109,Rhinolophus ferrumequinum,0.026,0.026,-1,Echolocation,/mnt/ubna_data_02_mir/recover-20221013/UBNA_001/20221012_030000.WAV,Telephone Field,recover-20221013,001,1795
1567.8475,1567.8802,68437,80855,Rhinolophus ferrumequinum,0.02,0.021,-1,Echolocation,/mnt/ubna_data_02_mir/recover-20221013/UBNA_001/20221012_030000.WAV,Telephone Field,recover-20221013,001,1795
1567.8565,1567.896,68437,82279,Rhinolophus ferrumequinum,0.023,0.023,-1,Echolocation,/mnt/ubna_data_02_mir/recover-20221013/UBNA_001/20221012_030000.WAV,Telephone Field,recover-20221013,001,1795
1567.8735,1567.9116,68437,82061,Rhinolophus ferrumequinum,0.022,0.022,-1,Echolocation,/mnt/ubna_data_02_mir/recover-20221013/UBNA_001/20221012_030000.WAV,Telephone Field,recover-20221013,001,1795
1567.9185,1567.9543,68437,81740,Rhinolophus ferrumequinum,0.028,0.028,-1,Echolocation,/mnt/ubna_data_02_mir/recover-20221013/UBNA_001/20221012_030000.WAV,Telephone Field,recover-20221013,001,1795
1567.9245,1567.934,45234,51337,Pipistrellus pipistrellus,0.018,0.022,-1,Echolocation,/mnt/ubna_data_02_mir/recover-20221013/UBNA_001/20221012_030000.WAV,Telephone Field,recover-20221013,001,1795
1567.9295,1567.9418,22890,27244,Nyctalus leisleri,0.013,0.023,-1,Echolocation,/mnt/ubna_data_02_mir/recover-20221013/UBNA_001/20221012_030000.WAV,Telephone Field,recover-20221013,001,1795
1567.9495,1567.9858,68437,81896,Rhinolophus ferrumequinum,0.02,0.02,-1,Echolocation,/mnt/ubna_data_02_mir/recover-20221013/UBNA_001/20221012_030000.WAV,Telephone Field,recover-20221013,001,1795
1567.9595,1567.9985,68437,82155,Rhinolophus ferrumequinum,0.021,0.021,-1,Echolocation,/mnt/ubna_data_02_mir/recover-20221013/UBNA_001/20221012_030000.WAV,Telephone Field,recover-20221013,001,1795
1568.0015,1568.0099,22031,27894,Nyctalus leisleri,0.011,0.027,-1,Echolocation,/mnt/ubna_data_02_mir/recover-20221013/UBNA_001/20221012_030000.WAV,Telephone Field,recover-20221013,001,1795
1568.0015,1568.033,68437,80233,Rhinolophus ferrumequinum,0.034,0.034,-1,Echolocation,/mnt/ubna_data_02_mir/recover-20221013/UBNA_001/20221012_030000.WAV,Telephone Field,recover-20221013,001,1795
1568.0395,1568.0838,68437,83296,Rhinolophus ferrumequinum,0.063,0.063,-1,Echolocation,/mnt/ubna_data_02_mir/recover-20221013/UBNA_001/20221012_030000.WAV,Telephone Field,recover-20221013,001,1795
1568.0535,1568.0941,68437,82684,Rhinolophus ferrumequinum,0.026,0.026,-1,Echolocation,/mnt/ubna_data_02_mir/recover-20221013/UBNA_001/20221012_030000.WAV,Telephone Field,recover-20221013,001,1795
1568.1315,1568.1712,68437,82862,Rhinolophus ferrumequinum,0.031,0.031,-1,Echolocation,/mnt/ubna_data_02_mir/recover-20221013/UBNA_001/20221012_030000.WAV,Telephone Field,recover-20221013,001,1795
1568.1575,1568.1928,68437,81148,Rhinolophus ferrumequinum,0.022,0.022,-1,Echolocation,/mnt/ubna_data_02_mir/recover-20221013/UBNA_001/20221012_030000.WAV,Telephone Field,recover-20221013,001,1795
1568.1725,1568.1823,14296,23642,Nyctalus noctula,0.012,0.023,-1,Echolocation,/mnt/ubna_data_02_mir/recover-20221013/UBNA_001/20221012_030000.WAV,Telephone Field,recover-20221013,001,1795
1568.2005,1568.2093,22890,29409,Plecotus austriacus,0.008,0.021,-1,Echolocation,/mnt/ubna_data_02_mir/recover-20221013/UBNA_001/20221012_030000.WAV,Telephone Field,recover-20221013,001,1795
1568.2325,1568.2707,68437,81829,Rhinolophus ferrumequinum,0.021,0.022,-1,Echolocation,/mnt/ubna_data_02_mir/recover-20221013/UBNA_001/20221012_030000.WAV,Telephone Field,recover-20221013,001,1795
1568.2385,1568.2768,68437,81998,Rhinolophus ferrumequinum,0.022,0.022,-1,Echolocation,/mnt/ubna_data_02_mir/recover-20221013/UBNA_001/20221012_030000.WAV,Telephone Field,recover-20221013,001,1795
1568.2575,1568.2992,68437,82634,Rhinolophus ferrumequinum,0.021,0.021,-1,Echolocation,/mnt/ubna_data_02_mir/recover-20221013/UBNA_001/20221012_030000.WAV,Telephone Field,recover-20221013,001,1795
1568.2705,1568.3117,68437,83413,Rhinolophus ferrumequinum,0.027,0.027,-1,Echolocation,/mnt/ubna_data_02_mir/recover-20221013/UBNA_001/20221012_030000.WAV,Telephone Field,recover-20221013,001,1795
1568.3125,1568.324,28046,35762,Eptesicus serotinus,0.024,0.039,-1,Echolocation,/mnt/ubna_data_02_mir/recover-20221013/UBNA_001/20221012_030000.WAV,Telephone Field,recover-20221013,001,1795
1568.3215,1568.363,68437,83161,Rhinolophus ferrumequinum,0.029,0.029,-1,Echolocation,/mnt/ubna_data_02_mir/recover-20221013/UBNA_001/20221012_030000.WAV,Telephone Field,recover-20221013,001,1795
1568.3595,1568.3974,68437,81254,Rhinolophus ferrumequinum,0.022,0.022,-1,Echolocation,/mnt/ubna_data_02_mir/recover-20221013/UBNA_001/20221012_030000.WAV,Telephone Field,recover-20221013,001,1795
1568.4065,1568.4271,18593,22063,Nyctalus noctula,0.012,0.021,-1,Echolocation,/mnt/ubna_data_02_mir/recover-20221013/UBNA_001/20221012_030000.WAV,Telephone Field,recover-20221013,001,1795
1568.4085,1568.4494,68437,82527,Rhinolophus ferrumequinum,0.027,0.027,-1,Echolocation,/mnt/ubna_data_02_mir/recover-20221013/UBNA_001/20221012_030000.WAV,Telephone Field,recover-20221013,001,1795
1568.4185,1568.4292,22890,28683,Nyctalus leisleri,0.011,0.024,-1,Echolocation,/mnt/ubna_data_02_mir/recover-20221013/UBNA_001/20221012_030000.WAV,Telephone Field,recover-20221013,001,1795
1568.4275,1568.462,68437,80927,Rhinolophus ferrumequinum,0.021,0.021,-1,Echolocation,/mnt/ubna_data_02_mir/recover-20221013/UBNA_001/20221012_030000.WAV,Telephone Field,recover-20221013,001,1795
1568.4455,1568.455,22890,30084,Plecotus austriacus,0.01,0.028,-1,Echolocation,/mnt/ubna_data_02_mir/recover-20221013/UBNA_001/20221012_030000.WAV,Telephone Field,recover-20221013,001,1795
1568.4955,1568.5357,68437,82556,Rhinolophus ferrumequinum,0.022,0.022,-1,Echolocation,/mnt/ubna_data_02_mir/recover-20221013/UBNA_001/20221012_030000.WAV,Telephone Field,recover-20221013,001,1795
1568.5265,1568.5678,68437,82477,Rhinolophus ferrumequinum,0.024,0.024,-1,Echolocation,/mnt/ubna_data_02_mir/recover-20221013/UBNA_001/20221012_030000.WAV,Telephone Field,recover-20221013,001,1795
1568.5355,1568.5763,68437,82756,Rhinolophus ferrumequinum,0.027,0.027,-1,Echolocation,/mnt/ubna_data_02_mir/recover-20221013/UBNA_001/20221012_030000.WAV,Telephone Field,recover-20221013,001,1795
1568.5395,1568.5478,27187,38980,Eptesicus serotinus,0.009,0.028,-1,Echolocation,/mnt/ubna_data_02_mir/recover-20221013/UBNA_001/20221012_030000.WAV,Telephone Field,recover-20221013,001,1795
1568.5695,1568.6069,68437,81929,Rhinolophus ferrumequinum,0.021,0.021,-1,Echolocation,/mnt/ubna_data_02_mir/recover-20221013/UBNA_001/20221012_030000.WAV,Telephone Field,recover-20221013,001,1795
1568.6105,1568.6287,18593,22880,Nyctalus noctula,0.026,0.045,-1,Echolocation,/mnt/ubna_data_02_mir/recover-20221013/UBNA_001/20221012_030000.WAV,Telephone Field,recover-20221013,001,1795
1568.6515,1568.6939,68437,83112,Rhinolophus ferrumequinum,0.032,0.032,-1,Echolocation,/mnt/ubna_data_02_mir/recover-20221013/UBNA_001/20221012_030000.WAV,Telephone Field,recover-20221013,001,1795
1568.6805,1568.7215,68437,82640,Rhinolophus ferrumequinum,0.031,0.031,-1,Echolocation,/mnt/ubna_data_02_mir/recover-20221013/UBNA_001/20221012_030000.WAV,Telephone Field,recover-20221013,001,1795
1568.6815,1568.6916,24609,31922,Nyctalus leisleri,0.008,0.022,-1,Echolocation,/mnt/ubna_data_02_mir/recover-20221013/UBNA_001/20221012_030000.WAV,Telephone Field,recover-20221013,001,1795
1568.6985,1568.7081,27187,34935,Eptesicus serotinus,0.01,0.021,-1,Echolocation,/mnt/ubna_data_02_mir/recover-20221013/UBNA_001/20221012_030000.WAV,Telephone Field,recover-20221013,001,1795
1568.7215,1568.7344,23750,28859,Nyctalus leisleri,0.013,0.027,-1,Echolocation,/mnt/ubna_data_02_mir/recover-20221013/UBNA_001/20221012_030000.WAV,Telephone Field,recover-20221013,001,1795
1568.7325,1568.7454,22890,27007,Nyctalus leisleri,0.024,0.039,-1,Echolocation,/mnt/ubna_data_02_mir/recover-20221013/UBNA_001/20221012_030000.WAV,Telephone Field,recover-20221013,001,1795
1568.7445,1568.7817,68437,81585,Rhinolophus ferrumequinum,0.022,0.022,-1,Echolocation,/mnt/ubna_data_02_mir/recover-20221013/UBNA_001/20221012_030000.WAV,Telephone Field,recover-20221013,001,1795
1568.7545,1568.7927,68437,82152,Rhinolophus ferrumequinum,0.022,0.022,-1,Echolocation,/mnt/ubna_data_02_mir/recover-20221013/UBNA_001/20221012_030000.WAV,Telephone Field,recover-20221013,001,1795
1568.7675,1568.776,28046,38520,Eptesicus serotinus,0.008,0.024,-1,Echolocation,/mnt/ubna_data_02_mir/recover-20221013/UBNA_001/20221012_030000.WAV,Telephone Field,recover-20221013,001,1795
1568.8165,1568.8592,68437,83126,Rhinolophus ferrumequinum,0.038,0.038,-1,Echolocation,/mnt/ubna_data_02_mir/recover-20221013/UBNA_001/20221012_030000.WAV,Telephone Field,recover-20221013,001,1795
1568.8555,1568.8618,28046,43657,Eptesicus serotinus,0.007,0.029,-1,Echolocation,/mnt/ubna_data_02_mir/recover-20221013/UBNA_001/20221012_030000.WAV,Telephone Field,recover-20221013,001,1795
1568.8675,1568.9032,68437,82223,Rhinolophus ferrumequinum,0.024,0.024,-1,Echolocation,/mnt/ubna_data_02_mir/recover-20221013/UBNA_001/20221012_030000.WAV,Telephone Field,recover-20221013,001,1795
1568.9235,1568.9636,68437,82040,Rhinolophus ferrumequinum,0.026,0.026,-1,Echolocation,/mnt/ubna_data_02_mir/recover-20221013/UBNA_001/20221012_030000.WAV,Telephone Field,recover-20221013,001,1795
1568.9625,1569.001,68437,81967,Rhinolophus ferrumequinum,0.021,0.021,-1,Echolocation,/mnt/ubna_data_02_mir/recover-20221013/UBNA_001/20221012_030000.WAV,Telephone Field,recover-20221013,001,1795
1569.0225,1569.0625,68437,81562,Rhinolophus ferrumequinum,0.042,0.042,-1,Echolocation,/mnt/ubna_data_02_mir/recover-20221013/UBNA_001/20221012_030000.WAV,Telephone Field,recover-20221013,001,1795
1569.0285,1569.0347,32343,46509,Myotis daubentonii,0.01,0.024,-1,Echolocation,/mnt/ubna_data_02_mir/recover-20221013/UBNA_001/20221012_030000.WAV,Telephone Field,recover-20221013,001,1795
1569.0295,1569.0679,68437,81973,Rhinolophus ferrumequinum,0.028,0.028,-1,Echolocation,/mnt/ubna_data_02_mir/recover-20221013/UBNA_001/20221012_030000.WAV,Telephone Field,recover-20221013,001,1795
1569.0295,1569.0358,26328,42178,Myotis nattereri,0.005,0.023,-1,Echolocation,/mnt/ubna_data_02_mir/recover-20221013/UBNA_001/20221012_030000.WAV,Telephone Field,recover-20221013,001,1795
1569.0775,1569.1155,68437,81746,Rhinolophus ferrumequinum,0.022,0.023,-1,Echolocation,/mnt/ubna_data_02_mir/recover-20221013/UBNA_001/20221012_030000.WAV,Telephone Field,recover-20221013,001,1795
1569.0835,1569.121,68437,82077,Rhinolophus ferrumequinum,0.022,0.022,-1,Echolocation,/mnt/ubna_data_02_mir/recover-20221013/UBNA_001/20221012_030000.WAV,Telephone Field,recover-20221013,001,1795
1569.1075,1569.1428,68437,81759,Rhinolophus ferrumequinum,0.023,0.023,-1,Echolocation,/mnt/ubna_data_02_mir/recover-20221013/UBNA_001/20221012_030000.WAV,Telephone Field,recover-20221013,001,1795
1569.1175,1569.1553,68437,82236,Rhinolophus ferrumequinum,0.023,0.023,-1,Echolocation,/mnt/ubna_data_02_mir/recover-20221013/UBNA_001/20221012_030000.WAV,Telephone Field,recover-20221013,001,1795
1569.1235,1569.1326,22890,30234,Plecotus austriacus,0.009,0.023,-1,Echolocation,/mnt/ubna_data_02_mir/recover-20221013/UBNA_001/20221012_030000.WAV,Telephone Field,recover-20221013,001,1795
1569.1325,1569.172,68437,82054,Rhinolophus ferrumequinum,0.022,0.022,-1,Echolocation,/mnt/ubna_data_02_mir/recover-20221013/UBNA_001/20221012_030000.WAV,Telephone Field,recover-20221013,001,1795
1569.1555,1569.1657,26328,33612,Eptesicus serotinus,0.014,0.036,-1,Echolocation,/mnt/ubna_data_02_mir/recover-20221013/UBNA_001/20221012_030000.WAV,Telephone Field,recover-20221013,001,1795
1569.1665,1569.2044,68437,81918,Rhinolophus ferrumequinum,0.022,0.022,-1,Echolocation,/mnt/ubna_data_02_mir/recover-20221013/UBNA_001/20221012_030000.WAV,Telephone Field,recover-20221013,001,1795
1569.1805,1569.1905,42656,46264,Pipistrellus pipistrellus,0.017,0.025,-1,Echolocation,/mnt/ubna_data_02_mir/recover-20221013/UBNA_001/20221012_030000.WAV,Telephone Field,recover-20221013,001,1795
1569.2045,1569.2407,68437,82359,Rhinolophus ferrumequinum,0.022,0.022,-1,Echolocation,/mnt/ubna_data_02_mir/recover-20221013/UBNA_001/20221012_030000.WAV,Telephone Field,recover-20221013,001,1795
1569.2125,1569.2526,68437,82919,Rhinolophus ferrumequinum,0.026,0.026,-1,Echolocation,/mnt/ubna_data_02_mir/recover-20221013/UBNA_001/20221012_030000.WAV,Telephone Field,recover-20221013,001,1795
1569.2285,1569.2444,21171,24405,Nyctalus leisleri,0.019,0.033,-1,Echolocation,/mnt/ubna_data_02_mir/recover-20221013/UBNA_001/20221012_030000.WAV,Telephone Field,recover-20221013,001,1795
1569.2815,1569.2891,28046,41603,Eptesicus serotinus,0.008,0.026,-1,Echolocation,/mnt/ubna_data_02_mir/recover-20221013/UBNA_001/20221012_030000.WAV,Telephone Field,recover-20221013,001,1795
1569.2845,1569.3233,68437,82589,Rhinolophus ferrumequinum,0.026,0.026,-1,Echolocation,/mnt/ubna_data_02_mir/recover-20221013/UBNA_001/20221012_030000.WAV,Telephone Field,recover-20221013,001,1795
1569.3245,1569.3655,68437,82569,Rhinolophus ferrumequinum,0.032,0.032,-1,Echolocation,/mnt/ubna_data_02_mir/recover-20221013/UBNA_001/20221012_030000.WAV,Telephone Field,recover-20221013,001,1795
1569.3445,1569.3532,28046,36693,Eptesicus serotinus,0.007,0.021,-1,Echolocation,/mnt/ubna_data_02_mir/recover-20221013/UBNA_001/20221012_030000.WAV,Telephone Field,recover-20221013,001,1795
1569.3565,1569.3957,68437,82225,Rhinolophus ferrumequinum,0.023,0.023,-1,Echolocation,/mnt/ubna_data_02_mir/recover-20221013/UBNA_001/20221012_030000.WAV,Telephone Field,recover-20221013,001,1795
1569.3615,1569.3722,23750,29153,Nyctalus leisleri,0.011,0.024,-1,Echolocation,/mnt/ubna_data_02_mir/recover-20221013/UBNA_001/20221012_030000.WAV,Telephone Field,recover-20221013,001,1795
1569.3745,1569.3831,26328,35429,Eptesicus serotinus,0.009,0.024,-1,Echolocation,/mnt/ubna_data_02_mir/recover-20221013/UBNA_001/20221012_030000.WAV,Telephone Field,recover-20221013,001,1795
1569.4015,1569.4128,22890,27272,Nyctalus leisleri,0.019,0.036,-1,Echolocation,/mnt/ubna_data_02_mir/recover-20221013/UBNA_001/20221012_030000.WAV,Telephone Field,recover-20221013,001,1795
1569.4055,1569.444,68437,81531,Rhinolophus ferrumequinum,0.023,0.023,-1,Echolocation,/mnt/ubna_data_02_mir/recover-20221013/UBNA_001/20221012_030000.WAV,Telephone Field,recover-20221013,001,1795
1569.4235,1569.465,68437,82968,Rhinolophus ferrumequinum,0.027,0.027,-1,Echolocation,/mnt/ubna_data_02_mir/recover-20221013/UBNA_001/20221012_030000.WAV,Telephone Field,recover-20221013,001,1795
1569.4455,1569.4551,51250,56354,Pipistrellus pipistrellus,0.018,0.024,-1,Echolocation,/mnt/ubna_data_02_mir/recover-20221013/UBNA_001/20221012_030000.WAV,Telephone Field,recover-20221013,001,1795
1569.4615,1569.4965,68437,81289,Rhinolophus ferrumequinum,0.021,0.021,-1,Echolocation,/mnt/ubna_data_02_mir/recover-20221013/UBNA_001/20221012_030000.WAV,Telephone Field,recover-20221013,001,1795
1569.4805,1569.5209,68437,82188,Rhinolophus ferrumequinum,0.029,0.029,-1,Echolocation,/mnt/ubna_data_02_mir/recover-20221013/UBNA_001/20221012_030000.WAV,Telephone Field,recover-20221013,001,1795
1569.5015,1569.5417,68437,82614,Rhinolophus ferrumequinum,0.021,0.022,-1,Echolocation,/mnt/ubna_data_02_mir/recover-20221013/UBNA_001/20221012_030000.WAV,Telephone Field,recover-20221013,001,1795
1569.5145,1569.5569,68437,82323,Rhinolophus ferrumequinum,0.022,0.022,-1,Echolocation,/mnt/ubna_data_02_mir/recover-20221013/UBNA_001/20221012_030000.WAV,Telephone Field,recover-20221013,001,1795
1569.5235,1569.5656,68437,83120,Rhinolophus ferrumequinum,0.026,0.027,-1,Echolocation,/mnt/ubna_data_02_mir/recover-20221013/UBNA_001/20221012_030000.WAV,Telephone Field,recover-20221013,001,1795
1569.5315,1569.5738,68437,83282,Rhinolophus ferrumequinum,0.027,0.027,-1,Echolocation,/mnt/ubna_data_02_mir/recover-20221013/UBNA_001/20221012_030000.WAV,Telephone Field,recover-20221013,001,1795
1569.5405,1569.5815,68437,82202,Rhinolophus ferrumequinum,0.025,0.025,-1,Echolocation,/mnt/ubna_data_02_mir/recover-20221013/UBNA_001/20221012_030000.WAV,Telephone Field,recover-20221013,001,1795
1569.5515,1569.5598,48671,56202,Pipistrellus pipistrellus,0.021,0.024,-1,Echolocation,/mnt/ubna_data_02_mir/recover-20221013/UBNA_001/20221012_030000.WAV,Telephone Field,recover-20221013,001,1795
1569.5785,1569.6186,68437,81568,Rhinolophus ferrumequinum,0.022,0.022,-1,Echolocation,/mnt/ubna_data_02_mir/recover-20221013/UBNA_001/20221012_030000.WAV,Telephone Field,recover-20221013,001,1795
1569.5905,1569.601,23750,29592,Nyctalus leisleri,0.011,0.022,-1,Echolocation,/mnt/ubna_data_02_mir/recover-20221013/UBNA_001/20221012_030000.WAV,Telephone Field,recover-20221013,001,1795
1569.6315,1569.6717,68437,81768,Rhinolophus ferrumequinum,0.021,0.021,-1,Echolocation,/mnt/ubna_data_02_mir/recover-20221013/UBNA_001/20221012_030000.WAV,Telephone Field,recover-20221013,001,1795
1569.6395,1569.6482,23750,31216,Plecotus austriacus,0.006,0.021,-1,Echolocation,/mnt/ubna_data_02_mir/recover-20221013/UBNA_001/20221012_030000.WAV,Telephone Field,recover-20221013,001,1795
1569.6935,1569.7021,23750,31455,Plecotus austriacus,0.006,0.021,-1,Echolocation,/mnt/ubna_data_02_mir/recover-20221013/UBNA_001/20221012_030000.WAV,Telephone Field,recover-20221013,001,1795
1569.6955,1569.7367,68437,82613,Rhinolophus ferrumequinum,0.022,0.022,-1,Echolocation,/mnt/ubna_data_02_mir/recover-20221013/UBNA_001/20221012_030000.WAV,Telephone Field,recover-20221013,001,1795
1569.7205,1569.7624,68437,82322,Rhinolophus ferrumequinum,0.024,0.024,-1,Echolocation,/mnt/ubna_data_02_mir/recover-20221013/UBNA_001/20221012_030000.WAV,Telephone Field,recover-20221013,001,1795
1569.7395,1569.7775,68437,81917,Rhinolophus ferrumequinum,0.024,0.024,-1,Echolocation,/mnt/ubna_data_02_mir/recover-20221013/UBNA_001/20221012_030000.WAV,Telephone Field,recover-20221013,001,1795
1569.7655,1569.8068,68437,82966,Rhinolophus ferrumequinum,0.028,0.028,-1,Echolocation,/mnt/ubna_data_02_mir/recover-20221013/UBNA_001/20221012_030000.WAV,Telephone Field,recover-20221013,001,1795
1569.8085,1569.8172,23750,31410,Plecotus austriacus,0.013,0.034,-1,Echolocation,/mnt/ubna_data_02_mir/recover-20221013/UBNA_001/20221012_030000.WAV,Telephone Field,recover-20221013,001,1795
1569.8655,1569.9059,68437,82817,Rhinolophus ferrumequinum,0.029,0.029,-1,Echolocation,/mnt/ubna_data_02_mir/recover-20221013/UBNA_001/20221012_030000.WAV,Telephone Field,recover-20221013,001,1795
1569.9425,1569.9821,68437,82079,Rhinolophus ferrumequinum,0.021,0.021,-1,Echolocation,/mnt/ubna_data_02_mir/recover-20221013/UBNA_001/20221012_030000.WAV,Telephone Field,recover-20221013,001,1795
1569.9575,1569.994,68437,82022,Rhinolophus ferrumequinum,0.024,0.024,-1,Echolocation,/mnt/ubna_data_02_mir/recover-20221013/UBNA_001/20221012_030000.WAV,Telephone Field,recover-20221013,001,1795
1569.9875,1569.9985,23750,31246,Nyctalus leisleri,0.008,0.026,-1,Echolocation,/mnt/ubna_data_02_mir/recover-20221013/UBNA_001/20221012_030000.WAV,Telephone Field,recover-20221013,001,1795
1570.0015,1570.0148,21171,26818,Nyctalus leisleri,0.014,0.031,-1,Echolocation,/mnt/ubna_data_02_mir/recover-20221013/UBNA_001/20221012_030000.WAV,Telephone Field,recover-20221013,001,1795
1570.0015,1570.0367,68437,80834,Rhinolophus ferrumequinum,0.04,0.041,-1,Echolocation,/mnt/ubna_data_02_mir/recover-20221013/UBNA_001/20221012_030000.WAV,Telephone Field,recover-20221013,001,1795
1570.0045,1570.0115,33203,47100,Myotis daubentonii,0.015,0.021,-1,Echolocation,/mnt/ubna_data_02_mir/recover-20221013/UBNA_001/20221012_030000.WAV,Telephone Field,recover-20221013,001,1795
1570.0645,1570.0719,23750,32135,Plecotus austriacus,0.011,0.024,-1,Echolocation,/mnt/ubna_data_02_mir/recover-20221013/UBNA_001/20221012_030000.WAV,Telephone Field,recover-20221013,001,1795
1570.0955,1570.1321,68437,82249,Rhinolophus ferrumequinum,0.021,0.021,-1,Echolocation,/mnt/ubna_data_02_mir/recover-20221013/UBNA_001/20221012_030000.WAV,Telephone Field,recover-20221013,001,1795
1570.1125,1570.1474,68437,81283,Rhinolophus ferrumequinum,0.021,0.021,-1,Echolocation,/mnt/ubna_data_02_mir/recover-20221013/UBNA_001/20221012_030000.WAV,Telephone Field,recover-20221013,001,1795
1570.1715,1570.1785,23750,32371,Plecotus austriacus,0.012,0.025,-1,Echolocation,/mnt/ubna_data_02_mir/recover-20221013/UBNA_001/20221012_030000.WAV,Telephone Field,recover-20221013,001,1795
1570.1715,1570.1796,29765,37846,Eptesicus serotinus,0.008,0.024,-1,Echolocation,/mnt/ubna_data_02_mir/recover-20221013/UBNA_001/20221012_030000.WAV,Telephone Field,recover-20221013,001,1795
1570.2055,1570.2487,68437,83386,Rhinolophus ferrumequinum,0.035,0.035,-1,Echolocation,/mnt/ubna_data_02_mir/recover-20221013/UBNA_001/20221012_030000.WAV,Telephone Field,recover-20221013,001,1795
1570.2105,1570.2197,28046,37232,Eptesicus serotinus,0.009,0.023,-1,Echolocation,/mnt/ubna_data_02_mir/recover-20221013/UBNA_001/20221012_030000.WAV,Telephone Field,recover-20221013,001,1795
1570.2315,1570.2696,68437,81866,Rhinolophus ferrumequinum,0.022,0.022,-1,Echolocation,/mnt/ubna_data_02_mir/recover-20221013/UBNA_001/20221012_030000.WAV,Telephone Field,recover-20221013,001,1795
1570.2805,1570.2922,28046,36600,Eptesicus serotinus,0.019,0.031,-1,Echolocation,/mnt/ubna_data_02_mir/recover-20221013/UBNA_001/20221012_030000.WAV,Telephone Field,recover-20221013,001,1795
1570.2805,1570.3194,68437,82118,Rhinolophus ferrumequinum,0.021,0.021,-1,Echolocation,/mnt/ubna_data_02_mir/recover-20221013/UBNA_001/20221012_030000.WAV,Telephone Field,recover-20221013,001,1795
1570.2945,1570.3043,14296,20205,Nyctalus noctula,0.01,0.023,-1,Echolocation,/mnt/ubna_data_02_mir/recover-20221013/UBNA_001/20221012_030000.WAV,Telephone Field,recover-20221013,001,1795
1570.3195,1570.3275,25468,34147,Eptesicus serotinus,0.007,0.021,-1,Echolocation,/mnt/ubna_data_02_mir/recover-20221013/UBNA_001/20221012_030000.WAV,Telephone Field,recover-20221013,001,1795
1570.3575,1570.3933,68437,80913,Rhinolophus ferrumequinum,0.021,0.021,-1,Echolocation,/mnt/ubna_data_02_mir/recover-20221013/UBNA_001/20221012_030000.WAV,Telephone Field,recover-20221013,001,1795
1570.3745,1570.3812,28046,37053,Eptesicus serotinus,0.006,0.021,-1,Echolocation,/mnt/ubna_data_02_mir/recover-20221013/UBNA_001/20221012_030000.WAV,Telephone Field,recover-20221013,001,1795
1570.3795,1570.4159,68437,81940,Rhinolophus ferrumequinum,0.021,0.021,-1,Echolocation,/mnt/ubna_data_02_mir/recover-20221013/UBNA_001/20221012_030000.WAV,Telephone Field,recover-20221013,001,1795
1570.4695,1570.5067,68437,82121,Rhinolophus ferrumequinum,0.023,0.023,-1,Echolocation,/mnt/ubna_data_02_mir/recover-20221013/UBNA_001/20221012_030000.WAV,Telephone Field,recover-20221013,001,1795
1570.4725,1570.4802,28046,39841,Eptesicus serotinus,0.009,0.027,-1,Echolocation,/mnt/ubna_data_02_mir/recover-20221013/UBNA_001/20221012_030000.WAV,Telephone Field,recover-20221013,001,1795
1570.4915,1570.5263,68437,79675,Rhinolophus ferrumequinum,0.037,0.037,-1,Echolocation,/mnt/ubna_data_02_mir/recover-20221013/UBNA_001/20221012_030000.WAV,Telephone Field,recover-20221013,001,1795
1570.5305,1570.5382,28046,38677,Eptesicus serotinus,0.007,0.021,-1,Echolocation,/mnt/ubna_data_02_mir/recover-20221013/UBNA_001/20221012_030000.WAV,Telephone Field,recover-20221013,001,1795
1570.5465,1570.5854,68437,82183,Rhinolophus ferrumequinum,0.021,0.022,-1,Echolocation,/mnt/ubna_data_02_mir/recover-20221013/UBNA_001/20221012_030000.WAV,Telephone Field,recover-20221013,001,1795
1570.6455,1570.6864,68437,83002,Rhinolophus ferrumequinum,0.029,0.029,-1,Echolocation,/mnt/ubna_data_02_mir/recover-20221013/UBNA_001/20221012_030000.WAV,Telephone Field,recover-20221013,001,1795
1570.6525,1570.662,27187,35620,Eptesicus serotinus,0.008,0.021,-1,Echolocation,/mnt/ubna_data_02_mir/recover-20221013/UBNA_001/20221012_030000.WAV,Telephone Field,recover-20221013,001,1795
1570.7645,1570.8056,68437,82646,Rhinolophus ferrumequinum,0.022,0.022,-1,Echolocation,/mnt/ubna_data_02_mir/recover-20221013/UBNA_001/20221012_030000.WAV,Telephone Field,recover-20221013,001,1795
1570.7925,1570.8008,51250,56166,Pipistrellus pipistrellus,0.017,0.021,-1,Echolocation,/mnt/ubna_data_02_mir/recover-20221013/UBNA_001/20221012_030000.WAV,Telephone Field,recover-20221013,001,1795
1570.8115,1570.8495,68437,81538,Rhinolophus ferrumequinum,0.021,0.021,-1,Echolocation,/mnt/ubna_data_02_mir/recover-20221013/UBNA_001/20221012_030000.WAV,Telephone Field,recover-20221013,001,1795
1570.8295,1570.8663,68437,82081,Rhinolophus ferrumequinum,0.023,0.023,-1,Echolocation,/mnt/ubna_data_02_mir/recover-20221013/UBNA_001/20221012_030000.WAV,Telephone Field,recover-20221013,001,1795
1570.8415,1570.8493,26328,39118,Eptesicus serotinus,0.007,0.022,-1,Echolocation,/mnt/ubna_data_02_mir/recover-20221013/UBNA_001/20221012_030000.WAV,Telephone Field,recover-20221013,001,1795
1570.8525,1570.8627,44375,49441,Pipistrellus pipistrellus,0.02,0.025,-1,Echolocation,/mnt/ubna_data_02_mir/recover-20221013/UBNA_001/20221012_030000.WAV,Telephone Field,recover-20221013,001,1795
1570.8565,1570.864,25468,34780,Eptesicus serotinus,0.007,0.024,-1,Echolocation,/mnt/ubna_data_02_mir/recover-20221013/UBNA_001/20221012_030000.WAV,Telephone Field,recover-20221013,001,1795
1570.8715,1570.9093,68437,82300,Rhinolophus ferrumequinum,0.022,0.022,-1,Echolocation,/mnt/ubna_data_02_mir/recover-20221013/UBNA_001/20221012_030000.WAV,Telephone Field,recover-20221013,001,1795
1570.9115,1570.9197,23750,32430,Plecotus austriacus,0.01,0.025,-1,Echolocation,/mnt/ubna_data_02_mir/recover-20221013/UBNA_001/20221012_030000.WAV,Telephone Field,recover-20221013,001,1795
1570.9225,1570.9292,27187,39307,Eptesicus serotinus,0.005,0.021,-1,Echolocation,/mnt/ubna_data_02_mir/recover-20221013/UBNA_001/20221012_030000.WAV,Telephone Field,recover-20221013,001,1795
1570.9375,1570.9776,68437,82290,Rhinolophus ferrumequinum,0.021,0.021,-1,Echolocation,/mnt/ubna_data_02_mir/recover-20221013/UBNA_001/20221012_030000.WAV,Telephone Field,recover-20221013,001,1795
1570.9975,1571.0068,26328,33979,Eptesicus serotinus,0.008,0.022,-1,Echolocation,/mnt/ubna_data_02_mir/recover-20221013/UBNA_001/20221012_030000.WAV,Telephone Field,recover-20221013,001,1795
1571.0115,1571.0202,28046,39588,Eptesicus serotinus,0.008,0.021,-1,Echolocation,/mnt/ubna_data_02_mir/recover-20221013/UBNA_001/20221012_030000.WAV,Telephone Field,recover-20221013,001,1795
1571.0565,1571.0925,68437,81877,Rhinolophus ferrumequinum,0.021,0.021,-1,Echolocation,/mnt/ubna_data_02_mir/recover-20221013/UBNA_001/20221012_030000.WAV,Telephone Field,recover-20221013,001,1795
1571.0975,1571.105,46953,53442,Pipistrellus pipistrellus,0.025,0.027,-1,Echolocation,/mnt/ubna_data_02_mir/recover-20221013/UBNA_001/20221012_030000.WAV,Telephone Field,recover-20221013,001,1795
1571.1105,1571.1527,68437,82929,Rhinolophus ferrumequinum,0.026,0.026,-1,Echolocation,/mnt/ubna_data_02_mir/recover-20221013/UBNA_001/20221012_030000.WAV,Telephone Field,recover-20221013,001,1795
1571.1375,1571.1476,24609,32606,Eptesicus serotinus,0.008,0.024,-1,Echolocation,/mnt/ubna_data_02_mir/recover-20221013/UBNA_001/20221012_030000.WAV,Telephone Field,recover-20221013,001,1795
1571.1395,1571.1764,68437,82126,Rhinolophus ferrumequinum,0.022,0.022,-1,Echolocation,/mnt/ubna_data_02_mir/recover-20221013/UBNA_001/20221012_030000.WAV,Telephone Field,recover-20221013,001,1795
1571.1465,1571.1554,26328,35943,Eptesicus serotinus,0.009,0.022,-1,Echolocation,/mnt/ubna_data_02_mir/recover-20221013/UBNA_001/20221012_030000.WAV,Telephone Field,recover-20221013,001,1795
1571.1465,1571.1813,68437,81123,Rhinolophus ferrumequinum,0.021,0.021,-1,Echolocation,/mnt/ubna_data_02_mir/recover-20221013/UBNA_001/20221012_030000.WAV,Telephone Field,recover-20221013,001,1795
1571.2335,1571.2411,27187,40701,Eptesicus serotinus,0.007,0.023,-1,Echolocation,/mnt/ubna_data_02_mir/recover-20221013/UBNA_001/20221012_030000.WAV,Telephone Field,recover-20221013,001,1795
1571.2715,1571.2779,32343,49484,Myotis daubentonii,0.01,0.023,-1,Echolocation,/mnt/ubna_data_02_mir/recover-20221013/UBNA_001/20221012_030000.WAV,Telephone Field,recover-20221013,001,1795
1571.2735,1571.2805,27187,39857,Eptesicus serotinus,0.007,0.025,-1,Echolocation,/mnt/ubna_data_02_mir/recover-20221013/UBNA_001/20221012_030000.WAV,Telephone Field,recover-20221013,001,1795
1571.2775,1571.3175,68437,82554,Rhinolophus ferrumequinum,0.021,0.021,-1,Echolocation,/mnt/ubna_data_02_mir/recover-20221013/UBNA_001/20221012_030000.WAV,Telephone Field,recover-20221013,001,1795
1571.3275,1571.3433,20312,23514,Nyctalus leisleri,0.012,0.021,-1,Echolocation,/mnt/ubna_data_02_mir/recover-20221013/UBNA_001/20221012_030000.WAV,Telephone Field,recover-20221013,001,1795
1571.3795,1571.4193,68437,82694,Rhinolophus ferrumequinum,0.022,0.022,-1,Echolocation,/mnt/ubna_data_02_mir/recover-20221013/UBNA_001/20221012_030000.WAV,Telephone Field,recover-20221013,001,1795
1571.3925,1571.4003,28046,39097,Eptesicus serotinus,0.007,0.021,-1,Echolocation,/mnt/ubna_data_02_mir/recover-20221013/UBNA_001/20221012_030000.WAV,Telephone Field,recover-20221013,001,1795
1571.4405,1571.4585,20312,24228,Nyctalus leisleri,0.013,0.026,-1,Echolocation,/mnt/ubna_data_02_mir/recover-20221013/UBNA_001/20221012_030000.WAV,Telephone Field,recover-20221013,001,1795
1571.4415,1571.4791,68437,81732,Rhinolophus ferrumequinum,0.021,0.021,-1,Echolocation,/mnt/ubna_data_02_mir/recover-20221013/UBNA_001/20221012_030000.WAV,Telephone Field,recover-20221013,001,1795
1571.4515,1571.4607,22890,28910,Plecotus austriacus,0.008,0.022,-1,Echolocation,/mnt/ubna_data_02_mir/recover-20221013/UBNA_001/20221012_030000.WAV,Telephone Field,recover-20221013,001,1795
1571.4615,1571.5017,68437,82760,Rhinolophus ferrumequinum,0.025,0.025,-1,Echolocation,/mnt/ubna_data_02_mir/recover-20221013/UBNA_001/20221012_030000.WAV,Telephone Field,recover-20221013,001,1795
1571.4925,1571.532,68437,82569,Rhinolophus ferrumequinum,0.023,0.023,-1,Echolocation,/mnt/ubna_data_02_mir/recover-20221013/UBNA_001/20221012_030000.WAV,Telephone Field,recover-20221013,001,1795
1571.5025,1571.5198,21171,24788,Nyctalus leisleri,0.018,0.033,-1,Echolocation,/mnt/ubna_data_02_mir/recover-20221013/UBNA_001/20221012_030000.WAV,Telephone Field,recover-20221013,001,1795
1571.5185,1571.5615,68437,82999,Rhinolophus ferrumequinum,0.028,0.028,-1,Echolocation,/mnt/ubna_data_02_mir/recover-20221013/UBNA_001/20221012_030000.WAV,Telephone Field,recover-20221013,001,1795
1571.5265,1571.5679,68437,83526,Rhinolophus ferrumequinum,0.024,0.024,-1,Echolocation,/mnt/ubna_data_02_mir/recover-20221013/UBNA_001/20221012_030000.WAV,Telephone Field,recover-20221013,001,1795
1571.5445,1571.5523,28046,37533,Eptesicus serotinus,0.007,0.021,-1,Echolocation,/mnt/ubna_data_02_mir/recover-20221013/UBNA_001/20221012_030000.WAV,Telephone Field,recover-20221013,001,1795
1571.5475,1571.5821,68437,81342,Rhinolophus ferrumequinum,0.022,0.022,-1,Echolocation,/mnt/ubna_data_02_mir/recover-20221013/UBNA_001/20221012_030000.WAV,Telephone Field,recover-20221013,001,1795
1571.5685,1571.6065,68437,82688,Rhinolophus ferrumequinum,0.029,0.029,-1,Echolocation,/mnt/ubna_data_02_mir/recover-20221013/UBNA_001/20221012_030000.WAV,Telephone Field,recover-20221013,001,1795
1571.6375,1571.6782,68437,82829,Rhinolophus ferrumequinum,0.022,0.022,-1,Echolocation,/mnt/ubna_data_02_mir/recover-20221013/UBNA_001/20221012_030000.WAV,Telephone Field,recover-20221013,001,1795
1571.6445,1571.6815,68437,82177,Rhinolophus ferrumequinum,0.021,0.021,-1,Echolocation,/mnt/ubna_data_02_mir/recover-20221013/UBNA_001/20221012_030000.WAV,Telephone Field,recover-20221013,001,1795
1571.6465,1571.6542,28046,38083,Eptesicus serotinus,0.008,0.023,-1,Echolocation,/mnt/ubna_data_02_mir/recover-20221013/UBNA_001/20221012_030000.WAV,Telephone Field,recover-20221013,001,1795
1571.6665,1571.7057,68437,82284,Rhinolophus ferrumequinum,0.027,0.027,-1,Echolocation,/mnt/ubna_data_02_mir/recover-20221013/UBNA_001/20221012_030000.WAV,Telephone Field,recover-20221013,001,1795
1571.7105,1571.7224,22031,26603,Nyctalus leisleri,0.011,0.022,-1,Echolocation,/mnt/ubna_data_02_mir/recover-20221013/UBNA_001/20221012_030000.WAV,Telephone Field,recover-20221013,001,1795
1571.7195,1571.7585,68437,82170,Rhinolophus ferrumequinum,0.022,0.022,-1,Echolocation,/mnt/ubna_data_02_mir/recover-20221013/UBNA_001/20221012_030000.WAV,Telephone Field,recover-20221013,001,1795
1571.7365,1571.7772,68437,82107,Rhinolophus ferrumequinum,0.021,0.021,-1,Echolocation,/mnt/ubna_data_02_mir/recover-20221013/UBNA_001/20221012_030000.WAV,Telephone Field,recover-20221013,001,1795
1571.7515,1571.7888,68437,81219,Rhinolophus ferrumequinum,0.021,0.021,-1,Echolocation,/mnt/ubna_data_02_mir/recover-20221013/UBNA_001/20221012_030000.WAV,Telephone Field,recover-20221013,001,1795
1571.7995,1571.8083,27187,36860,Eptesicus serotinus,0.008,0.022,-1,Echolocation,/mnt/ubna_data_02_mir/recover-20221013/UBNA_001/20221012_030000.WAV,Telephone Field,recover-20221013,001,1795
1571.8875,1571.8968,27187,36088,Eptesicus serotinus,0.009,0.021,-1,Echolocation,/mnt/ubna_data_02_mir/recover-20221013/UBNA_001/20221012_030000.WAV,Telephone Field,recover-20221013,001,1795
1571.9355,1571.978,68437,82536,Rhinolophus ferrumequinum,0.024,0.024,-1,Echolocation,/mnt/ubna_data_02_mir/recover-20221013/UBNA_001/20221012_030000.WAV,Telephone Field,recover-20221013,001,1795
1571.9455,1571.9647,16875,21032,Nyctalus noctula,0.021,0.03,-1,Echolocation,/mnt/ubna_data_02_mir/recover-20221013/UBNA_001/20221012_030000.WAV,Telephone Field,recover-20221013,001,1795
1572.0015,1572.0106,27187,35479,Nyctalus leisleri,0.007,0.025,-1,Echolocation,/mnt/ubna_data_02_mir/recover-20221013/UBNA_001/20221012_030000.WAV,Telephone Field,recover-20221013,001,1795
1572.0015,1572.0354,69296,81127,Rhinolophus ferrumequinum,0.05,0.05,-1,Echolocation,/mnt/ubna_data_02_mir/recover-20221013/UBNA_001/20221012_030000.WAV,Telephone Field,recover-20221013,001,1795
1572.0015,1572.0114,46953,53707,Pipistrellus pipistrellus,0.018,0.025,-1,Echolocation,/mnt/ubna_data_02_mir/recover-20221013/UBNA_001/20221012_030000.WAV,Telephone Field,recover-20221013,001,1795
1572.0015,1572.0105,22890,29613,Nyctalus leisleri,0.01,0.026,-1,Echolocation,/mnt/ubna_data_02_mir/recover-20221013/UBNA_001/20221012_030000.WAV,Telephone Field,recover-20221013,001,1795
1572.0395,1572.0793,68437,81695,Rhinolophus ferrumequinum,0.021,0.021,-1,Echolocation,/mnt/ubna_data_02_mir/recover-20221013/UBNA_001/20221012_030000.WAV,Telephone Field,recover-20221013,001,1795
1572.0825,1572.0911,51250,59440,Pipistrellus pipistrellus,0.019,0.026,-1,Echolocation,/mnt/ubna_data_02_mir/recover-20221013/UBNA_001/20221012_030000.WAV,Telephone Field,recover-20221013,001,1795
1572.0875,1572.1241,68437,81630,Rhinolophus ferrumequinum,0.025,0.025,-1,Echolocation,/mnt/ubna_data_02_mir/recover-20221013/UBNA_001/20221012_030000.WAV,Telephone Field,recover-20221013,001,1795
1572.1125,1572.1302,19453,22611,Nyctalus leisleri,0.01,0.021,-1,Echolocation,/mnt/ubna_data_02_mir/recover-20221013/UBNA_001/20221012_030000.WAV,Telephone Field,recover-20221013,001,1795
1572.1515,1572.1593,28046,39655,Eptesicus serotinus,0.008,0.022,-1,Echolocation,/mnt/ubna_data_02_mir/recover-20221013/UBNA_001/20221012_030000.WAV,Telephone Field,recover-20221013,001,1795
1572.1655,1572.1989,68437,81332,Rhinolophus ferrumequinum,0.023,0.023,-1,Echolocation,/mnt/ubna_data_02_mir/recover-20221013/UBNA_001/20221012_030000.WAV,Telephone Field,recover-20221013,001,1795
1572.2295,1572.2686,68437,82300,Rhinolophus ferrumequinum,0.021,0.021,-1,Echolocation,/mnt/ubna_data_02_mir/recover-20221013/UBNA_001/20221012_030000.WAV,Telephone Field,recover-20221013,001,1795
1572.3025,1572.3106,28906,39695,Eptesicus serotinus,0.007,0.023,-1,Echolocation,/mnt/ubna_data_02_mir/recover-20221013/UBNA_001/20221012_030000.WAV,Telephone Field,recover-20221013,001,1795
1572.3145,1572.3506,68437,81706,Rhinolophus ferrumequinum,0.021,0.021,-1,Echolocation,/mnt/ubna_data_02_mir/recover-20221013/UBNA_001/20221012_030000.WAV,Telephone Field,recover-20221013,001,1795
1572.3225,1572.361,68437,81966,Rhinolophus ferrumequinum,0.021,0.021,-1,Echolocation,/mnt/ubna_data_02_mir/recover-20221013/UBNA_001/20221012_030000.WAV,Telephone Field,recover-20221013,001,1795
1572.3295,1572.3367,28906,40370,Eptesicus serotinus,0.014,0.036,-1,Echolocation,/mnt/ubna_data_02_mir/recover-20221013/UBNA_001/20221012_030000.WAV,Telephone Field,recover-20221013,001,1795
1572.3915,1572.3982,48671,56230,Pipistrellus pipistrellus,0.018,0.024,-1,Echolocation,/mnt/ubna_data_02_mir/recover-20221013/UBNA_001/20221012_030000.WAV,Telephone Field,recover-20221013,001,1795
1572.4125,1572.4465,68437,81105,Rhinolophus ferrumequinum,0.025,0.025,-1,Echolocation,/mnt/ubna_data_02_mir/recover-20221013/UBNA_001/20221012_030000.WAV,Telephone Field,recover-20221013,001,1795
1572.4575,1572.5005,68437,82716,Rhinolophus ferrumequinum,0.033,0.033,-1,Echolocation,/mnt/ubna_data_02_mir/recover-20221013/UBNA_001/20221012_030000.WAV,Telephone Field,recover-20221013,001,1795
1572.4875,1572.5265,68437,82448,Rhinolophus ferrumequinum,0.027,0.027,-1,Echolocation,/mnt/ubna_data_02_mir/recover-20221013/UBNA_001/20221012_030000.WAV,Telephone Field,recover-20221013,001,1795
1572.5095,1572.5507,68437,82564,Rhinolophus ferrumequinum,0.024,0.024,-1,Echolocation,/mnt/ubna_data_02_mir/recover-20221013/UBNA_001/20221012_030000.WAV,Telephone Field,recover-20221013,001,1795
1572.5185,1572.5263,28046,40643,Eptesicus serotinus,0.007,0.023,-1,Echolocation,/mnt/ubna_data_02_mir/recover-20221013/UBNA_001/20221012_030000.WAV,Telephone Field,recover-20221013,001,1795
1572.5505,1572.5579,24609,33036,Plecotus austriacus,0.006,0.021,-1,Echolocation,/mnt/ubna_data_02_mir/recover-20221013/UBNA_001/20221012_030000.WAV,Telephone Field,recover-20221013,001,1795
1572.5885,1572.5962,47812,51748,Pipistrellus pipistrellus,0.019,0.021,-1,Echolocation,/mnt/ubna_data_02_mir/recover-20221013/UBNA_001/20221012_030000.WAV,Telephone Field,recover-20221013,001,1795
1572.5905,1572.6294,68437,81605,Rhinolophus ferrumequinum,0.023,0.023,-1,Echolocation,/mnt/ubna_data_02_mir/recover-20221013/UBNA_001/20221012_030000.WAV,Telephone Field,recover-20221013,001,1795
1572.6245,1572.6324,26328,38034,Eptesicus serotinus,0.01,0.026,-1,Echolocation,/mnt/ubna_data_02_mir/recover-20221013/UBNA_001/20221012_030000.WAV,Telephone Field,recover-20221013,001,1795
1572.6905,1572.6999,24609,32407,Eptesicus serotinus,0.007,0.023,-1,Echolocation,/mnt/ubna_data_02_mir/recover-20221013/UBNA_001/20221012_030000.WAV,Telephone Field,recover-20221013,001,1795
1572.7525,1572.7889,68437,81826,Rhinolophus ferrumequinum,0.021,0.021,-1,Echolocation,/mnt/ubna_data_02_mir/recover-20221013/UBNA_001/20221012_030000.WAV,Telephone Field,recover-20221013,001,1795
1572.7605,1572.7993,68437,82453,Rhinolophus ferrumequinum,0.022,0.022,-1,Echolocation,/mnt/ubna_data_02_mir/recover-20221013/UBNA_001/20221012_030000.WAV,Telephone Field,recover-20221013,001,1795
1572.8195,1572.8581,68437,82346,Rhinolophus ferrumequinum,0.021,0.021,-1,Echolocation,/mnt/ubna_data_02_mir/recover-20221013/UBNA_001/20221012_030000.WAV,Telephone Field,recover-20221013,001,1795
1572.8395,1572.8791,68437,82218,Rhinolophus ferrumequinum,0.021,0.021,-1,Echolocation,/mnt/ubna_data_02_mir/recover-20221013/UBNA_001/20221012_030000.WAV,Telephone Field,recover-20221013,001,1795
1572.8785,1572.9147,68437,81741,Rhinolophus ferrumequinum,0.024,0.024,-1,Echolocation,/mnt/ubna_data_02_mir/recover-20221013/UBNA_001/20221012_030000.WAV,Telephone Field,recover-20221013,001,1795
1572.8965,1572.907,22890,27933,Nyctalus leisleri,0.011,0.023,-1,Echolocation,/mnt/ubna_data_02_mir/recover-20221013/UBNA_001/20221012_030000.WAV,Telephone Field,recover-20221013,001,1795
1572.9095,1572.9169,31484,40038,Myotis daubentonii,0.008,0.022,-1,Echolocation,/mnt/ubna_data_02_mir/recover-20221013/UBNA_001/20221012_030000.WAV,Telephone Field,recover-20221013,001,1795
1572.9735,1573.0124,68437,82259,Rhinolophus ferrumequinum,0.021,0.021,-1,Echolocation,/mnt/ubna_data_02_mir/recover-20221013/UBNA_001/20221012_030000.WAV,Telephone Field,recover-20221013,001,1795
1572.9915,1573.0,25468,33609,Eptesicus serotinus,0.008,0.022,-1,Echolocation,/mnt/ubna_data_02_mir/recover-20221013/UBNA_001/20221012_030000.WAV,Telephone Field,recover-20221013,001,1795
1573.0175,1573.058,68437,82816,Rhinolophus ferrumequinum,0.025,0.025,-1,Echolocation,/mnt/ubna_data_02_mir/recover-20221013/UBNA_001/20221012_030000.WAV,Telephone Field,recover-20221013,001,1795
1573.0185,1573.0298,24609,30578,Nyctalus leisleri,0.01,0.028,-1,Echolocation,/mnt/ubna_data_02_mir/recover-20221013/UBNA_001/20221012_030000.WAV,Telephone Field,recover-20221013,001,1795
1573.0395,1573.0804,68437,82723,Rhinolophus ferrumequinum,0.022,0.022,-1,Echolocation,/mnt/ubna_data_02_mir/recover-20221013/UBNA_001/20221012_030000.WAV,Telephone Field,recover-20221013,001,1795
1573.1885,1573.2268,68437,81888,Rhinolophus ferrumequinum,0.022,0.022,-1,Echolocation,/mnt/ubna_data_02_mir/recover-20221013/UBNA_001/20221012_030000.WAV,Telephone Field,recover-20221013,001,1795
1573.2295,1573.2384,23750,31133,Plecotus austriacus,0.006,0.022,-1,Echolocation,/mnt/ubna_data_02_mir/recover-20221013/UBNA_001/20221012_030000.WAV,Telephone Field,recover-20221013,001,1795
1573.2375,1573.2546,20312,23353,Nyctalus leisleri,0.012,0.023,-1,Echolocation,/mnt/ubna_data_02_mir/recover-20221013/UBNA_001/20221012_030000.WAV,Telephone Field,recover-20221013,001,1795
1573.2475,1573.2858,68437,82056,Rhinolophus ferrumequinum,0.021,0.021,-1,Echolocation,/mnt/ubna_data_02_mir/recover-20221013/UBNA_001/20221012_030000.WAV,Telephone Field,recover-20221013,001,1795
1573.2765,1573.2931,14296,19064,Nyctalus noctula,0.025,0.035,-1,Echolocation,/mnt/ubna_data_02_mir/recover-20221013/UBNA_001/20221012_030000.WAV,Telephone Field,recover-20221013,001,1795
1573.2855,1573.3229,68437,82091,Rhinolophus ferrumequinum,0.021,0.021,-1,Echolocation,/mnt/ubna_data_02_mir/recover-20221013/UBNA_001/20221012_030000.WAV,Telephone Field,recover-20221013,001,1795
1573.3025,1573.3422,68437,82184,Rhinolophus ferrumequinum,0.023,0.023,-1,Echolocation,/mnt/ubna_data_02_mir/recover-20221013/UBNA_001/20221012_030000.WAV,Telephone Field,recover-20221013,001,1795
1573.3475,1573.354,24609,39308,Myotis nattereri,0.006,0.021,-1,Echolocation,/mnt/ubna_data_02_mir/recover-20221013/UBNA_001/20221012_030000.WAV,Telephone Field,recover-20221013,001,1795
1573.3815,1573.4198,68437,81988,Rhinolophus ferrumequinum,0.022,0.022,-1,Echolocation,/mnt/ubna_data_02_mir/recover-20221013/UBNA_001/20221012_030000.WAV,Telephone Field,recover-20221013,001,1795
1573.3875,1573.3947,23750,32925,Plecotus austriacus,0.011,0.025,-1,Echolocation,/mnt/ubna_data_02_mir/recover-20221013/UBNA_001/20221012_030000.WAV,Telephone Field,recover-20221013,001,1795
1573.3945,1573.4338,68437,82587,Rhinolophus ferrumequinum,0.025,0.025,-1,Echolocation,/mnt/ubna_data_02_mir/recover-20221013/UBNA_001/20221012_030000.WAV,Telephone Field,recover-20221013,001,1795
1573.4075,1573.4199,22890,26663,Nyctalus leisleri,0.015,0.026,-1,Echolocation,/mnt/ubna_data_02_mir/recover-20221013/UBNA_001/20221012_030000.WAV,Telephone Field,recover-20221013,001,1795
1573.4485,1573.4886,68437,82657,Rhinolophus ferrumequinum,0.024,0.024,-1,Echolocation,/mnt/ubna_data_02_mir/recover-20221013/UBNA_001/20221012_030000.WAV,Telephone Field,recover-20221013,001,1795
1573.4525,1573.4632,22890,28471,Nyctalus leisleri,0.01,0.024,-1,Echolocation,/mnt/ubna_data_02_mir/recover-20221013/UBNA_001/20221012_030000.WAV,Telephone Field,recover-20221013,001,1795
1573.4905,1573.4985,26328,36519,Eptesicus serotinus,0.006,0.023,-1,Echolocation,/mnt/ubna_data_02_mir/recover-20221013/UBNA_001/20221012_030000.WAV,Telephone Field,recover-20221013,001,1795
1573.5015,1573.5418,68437,82285,Rhinolophus ferrumequinum,0.022,0.022,-1,Echolocation,/mnt/ubna_data_02_mir/recover-20221013/UBNA_001/20221012_030000.WAV,Telephone Field,recover-20221013,001,1795
1573.5325,1573.5396,27187,40702,Eptesicus serotinus,0.007,0.022,-1,Echolocation,/mnt/ubna_data_02_mir/recover-20221013/UBNA_001/20221012_030000.WAV,Telephone Field,recover-20221013,001,1795
1573.5395,1573.5467,47812,52398,Pipistrellus pipistrellus,0.019,0.021,-1,Echolocation,/mnt/ubna_data_02_mir/recover-20221013/UBNA_001/20221012_030000.WAV,Telephone Field,recover-20221013,001,1795
1573.5465,1573.5534,48671,52580,Pipistrellus pipistrellus,0.022,0.023,-1,Echolocation,/mnt/ubna_data_02_mir/recover-20221013/UBNA_001/20221012_030000.WAV,Telephone Field,recover-20221013,001,1795
1573.5495,1573.5866,68437,82469,Rhinolophus ferrumequinum,0.022,0.022,-1,Echolocation,/mnt/ubna_data_02_mir/recover-20221013/UBNA_001/20221012_030000.WAV,Telephone Field,recover-20221013,001,1795
1573.5725,1573.5821,39218,44429,Pipistrellus nathusii,0.02,0.035,-1,Echolocation,/mnt/ubna_data_02_mir/recover-20221013/UBNA_001/20221012_030000.WAV,Telephone Field,recover-20221013,001,1795
1573.6335,1573.6417,22890,30846,Plecotus austriacus,0.012,0.028,-1,Echolocation,/mnt/ubna_data_02_mir/recover-20221013/UBNA_001/20221012_030000.WAV,Telephone Field,recover-20221013,001,1795
1573.6385,1573.6784,68437,82645,Rhinolophus ferrumequinum,0.022,0.022,-1,Echolocation,/mnt/ubna_data_02_mir/recover-20221013/UBNA_001/20221012_030000.WAV,Telephone Field,recover-20221013,001,1795
1573.6585,1573.6661,27187,37609,Eptesicus serotinus,0.007,0.022,-1,Echolocation,/mnt/ubna_data_02_mir/recover-20221013/UBNA_001/20221012_030000.WAV,Telephone Field,recover-20221013,001,1795
1573.6715,1573.709,68437,81955,Rhinolophus ferrumequinum,0.021,0.021,-1,Echolocation,/mnt/ubna_data_02_mir/recover-20221013/UBNA_001/20221012_030000.WAV,Telephone Field,recover-20221013,001,1795
1573.6825,1573.6918,28906,37552,Eptesicus serotinus,0.009,0.023,-1,Echolocation,/mnt/ubna_data_02_mir/recover-20221013/UBNA_001/20221012_030000.WAV,Telephone Field,recover-20221013,001,1795
1573.7105,1573.7203,28906,36914,Eptesicus serotinus,0.009,0.022,-1,Echolocation,/mnt/ubna_data_02_mir/recover-20221013/UBNA_001/20221012_030000.WAV,Telephone Field,recover-20221013,001,1795
1573.7375,1573.748,28906,35511,Eptesicus serotinus,0.01,0.022,-1,Echolocation,/mnt/ubna_data_02_mir/recover-20221013/UBNA_001/20221012_030000.WAV,Telephone Field,recover-20221013,001,1795
1573.7605,1573.7676,28046,42197,Eptesicus serotinus,0.006,0.022,-1,Echolocation,/mnt/ubna_data_02_mir/recover-20221013/UBNA_001/20221012_030000.WAV,Telephone Field,recover-20221013,001,1795
1573.7775,1573.8152,68437,81695,Rhinolophus ferrumequinum,0.021,0.021,-1,Echolocation,/mnt/ubna_data_02_mir/recover-20221013/UBNA_001/20221012_030000.WAV,Telephone Field,recover-20221013,001,1795
1573.8015,1573.8099,28906,38755,Eptesicus serotinus,0.008,0.022,-1,Echolocation,/mnt/ubna_data_02_mir/recover-20221013/UBNA_001/20221012_030000.WAV,Telephone Field,recover-20221013,001,1795
1573.8075,1573.8484,68437,82875,Rhinolophus ferrumequinum,0.028,0.028,-1,Echolocation,/mnt/ubna_data_02_mir/recover-20221013/UBNA_001/20221012_030000.WAV,Telephone Field,recover-20221013,001,1795
1573.8355,1573.8426,28046,40291,Eptesicus serotinus,0.009,0.027,-1,Echolocation,/mnt/ubna_data_02_mir/recover-20221013/UBNA_001/20221012_030000.WAV,Telephone Field,recover-20221013,001,1795
1573.8515,1573.8593,24609,33003,Plecotus austriacus,0.009,0.029,-1,Echolocation,/mnt/ubna_data_02_mir/recover-20221013/UBNA_001/20221012_030000.WAV,Telephone Field,recover-20221013,001,1795
1573.8655,1573.9074,68437,83448,Rhinolophus ferrumequinum,0.024,0.024,-1,Echolocation,/mnt/ubna_data_02_mir/recover-20221013/UBNA_001/20221012_030000.WAV,Telephone Field,recover-20221013,001,1795
1573.8745,1573.9167,68437,83150,Rhinolophus ferrumequinum,0.025,0.025,-1,Echolocation,/mnt/ubna_data_02_mir/recover-20221013/UBNA_001/20221012_030000.WAV,Telephone Field,recover-20221013,001,1795
1573.8965,1573.9395,68437,83162,Rhinolophus ferrumequinum,0.023,0.023,-1,Echolocation,/mnt/ubna_data_02_mir/recover-20221013/UBNA_001/20221012_030000.WAV,Telephone Field,recover-20221013,001,1795
1573.9335,1573.9738,68437,82392,Rhinolophus ferrumequinum,0.021,0.021,-1,Echolocation,/mnt/ubna_data_02_mir/recover-20221013/UBNA_001/20221012_030000.WAV,Telephone Field,recover-20221013,001,1795
1573.9835,1573.9912,40937,51960,Pipistrellus nathusii,0.007,0.023,-1,Echolocation,/mnt/ubna_data_02_mir/recover-20221013/UBNA_001/20221012_030000.WAV,Telephone Field,recover-20221013,001,1795
1573.9855,1573.994,25468,36643,Eptesicus serotinus,0.007,0.021,-1,Echolocation,/mnt/ubna_data_02_mir/recover-20221013/UBNA_001/20221012_030000.WAV,Telephone Field,recover-20221013,001,1795
1574.0015,1574.0111,27187,33992,Nyctalus leisleri,0.011,0.032,-1,Echolocation,/mnt/ubna_data_02_mir/recover-20221013/UBNA_001/20221012_030000.WAV,Telephone Field,recover-20221013,001,1795
1574.0015,1574.0111,48671,54284,Pipistrellus pipistrellus,0.016,0.021,-1,Echolocation,/mnt/ubna_data_02_mir/recover-20221013/UBNA_001/20221012_030000.WAV,Telephone Field,recover-20221013,001,1795
1574.0015,1574.0302,69296,80651,Rhinolophus ferrumequinum,0.035,0.035,-1,Echolocation,/mnt/ubna_data_02_mir/recover-20221013/UBNA_001/20221012_030000.WAV,Telephone Field,recover-20221013,001,1795
1574.0155,1574.0542,68437,82396,Rhinolophus ferrumequinum,0.022,0.022,-1,Echolocation,/mnt/ubna_data_02_mir/recover-20221013/UBNA_001/20221012_030000.WAV,Telephone Field,recover-20221013,001,1795
1574.0425,1574.0841,68437,82617,Rhinolophus ferrumequinum,0.032,0.032,-1,Echolocation,/mnt/ubna_data_02_mir/recover-20221013/UBNA_001/20221012_030000.WAV,Telephone Field,recover-20221013,001,1795
1574.0665,1574.0749,22890,30076,Plecotus austriacus,0.007,0.021,-1,Echolocation,/mnt/ubna_data_02_mir/recover-20221013/UBNA_001/20221012_030000.WAV,Telephone Field,recover-20221013,001,1795
1574.0755,1574.0859,23750,29546,Nyctalus leisleri,0.008,0.021,-1,Echolocation,/mnt/ubna_data_02_mir/recover-20221013/UBNA_001/20221012_030000.WAV,Telephone Field,recover-20221013,001,1795
1574.1085,1574.119,35781,40729,Barbastellus barbastellus,0.006,0.025,-1,Echolocation,/mnt/ubna_data_02_mir/recover-20221013/UBNA_001/20221012_030000.WAV,Telephone Field,recover-20221013,001,1795
1574.1215,1574.1559,68437,81162,Rhinolophus ferrumequinum,0.021,0.021,-1,Echolocation,/mnt/ubna_data_02_mir/recover-20221013/UBNA_001/20221012_030000.WAV,Telephone Field,recover-20221013,001,1795
1574.1325,1574.168,68437,81242,Rhinolophus ferrumequinum,0.021,0.021,-1,Echolocation,/mnt/ubna_data_02_mir/recover-20221013/UBNA_001/20221012_030000.WAV,Telephone Field,recover-20221013,001,1795
1574.1435,1574.1512,28046,41670,Eptesicus serotinus,0.008,0.024,-1,Echolocation,/mnt/ubna_data_02_mir/recover-20221013/UBNA_001/20221012_030000.WAV,Telephone Field,recover-20221013,001,1795
1574.1855,1574.1957,22890,28608,Nyctalus leisleri,0.011,0.027,-1,Echolocation,/mnt/ubna_data_02_mir/recover-20221013/UBNA_001/20221012_030000.WAV,Telephone Field,recover-20221013,001,1795
1574.2045,1574.2422,68437,81639,Rhinolophus ferrumequinum,0.023,0.023,-1,Echolocation,/mnt/ubna_data_02_mir/recover-20221013/UBNA_001/20221012_030000.WAV,Telephone Field,recover-20221013,001,1795
1574.2145,1574.223,28906,38701,Eptesicus serotinus,0.009,0.023,-1,Echolocation,/mnt/ubna_data_02_mir/recover-20221013/UBNA_001/20221012_030000.WAV,Telephone Field,recover-20221013,001,1795
1574.2315,1574.2709,68437,82397,Rhinolophus ferrumequinum,0.025,0.026,-1,Echolocation,/mnt/ubna_data_02_mir/recover-20221013/UBNA_001/20221012_030000.WAV,Telephone Field,recover-20221013,001,1795
1574.2725,1574.3119,68437,81944,Rhinolophus ferrumequinum,0.022,0.022,-1,Echolocation,/mnt/ubna_data_02_mir/recover-20221013/UBNA_001/20221012_030000.WAV,Telephone Field,recover-20221013,001,1795
1574.2765,1574.2843,26328,35654,Eptesicus serotinus,0.006,0.021,-1,Echolocation,/mnt/ubna_data_02_mir/recover-20221013/UBNA_001/20221012_030000.WAV,Telephone Field,recover-20221013,001,1795
1574.2895,1574.3277,68437,81698,Rhinolophus ferrumequinum,0.021,0.021,-1,Echolocation,/mnt/ubna_data_02_mir/recover-20221013/UBNA_001/20221012_030000.WAV,Telephone Field,recover-20221013,001,1795
1574.2955,1574.3343,68437,82824,Rhinolophus ferrumequinum,0.022,0.022,-1,Echolocation,/mnt/ubna_data_02_mir/recover-20221013/UBNA_001/20221012_030000.WAV,Telephone Field,recover-20221013,001,1795
1574.3095,1574.3457,68437,81855,Rhinolophus ferrumequinum,0.022,0.022,-1,Echolocation,/mnt/ubna_data_02_mir/recover-20221013/UBNA_001/20221012_030000.WAV,Telephone Field,recover-20221013,001,1795
1574.3445,1574.3532,58984,65063,Pipistrellus pygmaeus,0.037,0.039,-1,Echolocation,/mnt/ubna_data_02_mir/recover-20221013/UBNA_001/20221012_030000.WAV,Telephone Field,recover-20221013,001,1795
1574.3665,1574.4072,68437,82494,Rhinolophus ferrumequinum,0.023,0.023,-1,Echolocation,/mnt/ubna_data_02_mir/recover-20221013/UBNA_001/20221012_030000.WAV,Telephone Field,recover-20221013,001,1795
1574.4455,1574.4871,68437,82621,Rhinolophus ferrumequinum,0.029,0.029,-1,Echolocation,/mnt/ubna_data_02_mir/recover-20221013/UBNA_001/20221012_030000.WAV,Telephone Field,recover-20221013,001,1795
1574.4535,1574.4604,23750,33096,Plecotus austriacus,0.012,0.026,-1,Echolocation,/mnt/ubna_data_02_mir/recover-20221013/UBNA_001/20221012_030000.WAV,Telephone Field,recover-20221013,001,1795
1574.4895,1574.5278,68437,82047,Rhinolophus ferrumequinum,0.024,0.024,-1,Echolocation,/mnt/ubna_data_02_mir/recover-20221013/UBNA_001/20221012_030000.WAV,Telephone Field,recover-20221013,001,1795
1574.4965,1574.5369,68437,82423,Rhinolophus ferrumequinum,0.024,0.024,-1,Echolocation,/mnt/ubna_data_02_mir/recover-20221013/UBNA_001/20221012_030000.WAV,Telephone Field,recover-20221013,001,1795
1574.5075,1574.5156,28906,38355,Eptesicus serotinus,0.007,0.021,-1,Echolocation,/mnt/ubna_data_02_mir/recover-20221013/UBNA_001/20221012_030000.WAV,Telephone Field,recover-20221013,001,1795
1574.5425,1574.5513,23750,31132,Plecotus austriacus,0.006,0.022,-1,Echolocation,/mnt/ubna_data_02_mir/recover-20221013/UBNA_001/20221012_030000.WAV,Telephone Field,recover-20221013,001,1795
1574.5425,1574.5814,68437,82437,Rhinolophus ferrumequinum,0.024,0.024,-1,Echolocation,/mnt/ubna_data_02_mir/recover-20221013/UBNA_001/20221012_030000.WAV,Telephone Field,recover-20221013,001,1795
1574.5675,1574.5763,25468,34151,Nyctalus leisleri,0.006,0.024,-1,Echolocation,/mnt/ubna_data_02_mir/recover-20221013/UBNA_001/20221012_030000.WAV,Telephone Field,recover-20221013,001,1795
1574.6255,1574.6313,24609,38036,Plecotus austriacus,0.012,0.028,-1,Echolocation,/mnt/ubna_data_02_mir/recover-20221013/UBNA_001/20221012_030000.WAV,Telephone Field,recover-20221013,001,1795
1574.6625,1574.7004,68437,81861,Rhinolophus ferrumequinum,0.022,0.022,-1,Echolocation,/mnt/ubna_data_02_mir/recover-20221013/UBNA_001/20221012_030000.WAV,Telephone Field,recover-20221013,001,1795
1574.6635,1574.6717,23750,32502,Plecotus austriacus,0.011,0.027,-1,Echolocation,/mnt/ubna_data_02_mir/recover-20221013/UBNA_001/20221012_030000.WAV,Telephone Field,recover-20221013,001,1795
1574.7495,1574.7912,68437,83092,Rhinolophus ferrumequinum,0.031,0.031,-1,Echolocation,/mnt/ubna_data_02_mir/recover-20221013/UBNA_001/20221012_030000.WAV,Telephone Field,recover-20221013,001,1795
1574.7845,1574.7913,23750,32553,Plecotus austriacus,0.012,0.027,-1,Echolocation,/mnt/ubna_data_02_mir/recover-20221013/UBNA_001/20221012_030000.WAV,Telephone Field,recover-20221013,001,1795
1574.7975,1574.8169,18593,21976,Nyctalus noctula,0.014,0.024,-1,Echolocation,/mnt/ubna_data_02_mir/recover-20221013/UBNA_001/20221012_030000.WAV,Telephone Field,recover-20221013,001,1795
1574.7995,1574.8344,68437,81129,Rhinolophus ferrumequinum,0.022,0.022,-1,Echolocation,/mnt/ubna_data_02_mir/recover-20221013/UBNA_001/20221012_030000.WAV,Telephone Field,recover-20221013,001,1795
1574.8225,1574.8306,27187,36769,Eptesicus serotinus,0.01,0.026,-1,Echolocation,/mnt/ubna_data_02_mir/recover-20221013/UBNA_001/20221012_030000.WAV,Telephone Field,recover-20221013,001,1795
1574.8505,1574.8642,22890,26503,Nyctalus leisleri,0.015,0.025,-1,Echolocation,/mnt/ubna_data_02_mir/recover-20221013/UBNA_001/20221012_030000.WAV,Telephone Field,recover-20221013,001,1795
1574.8575,1574.8979,68437,83001,Rhinolophus ferrumequinum,0.028,0.028,-1,Echolocation,/mnt/ubna_data_02_mir/recover-20221013/UBNA_001/20221012_030000.WAV,Telephone Field,recover-20221013,001,1795
1574.8835,1574.8905,23750,32652,Plecotus austriacus,0.009,0.021,-1,Echolocation,/mnt/ubna_data_02_mir/recover-20221013/UBNA_001/20221012_030000.WAV,Telephone Field,recover-20221013,001,1795
1574.9575,1574.9932,68437,81412,Rhinolophus ferrumequinum,0.022,0.022,-1,Echolocation,/mnt/ubna_data_02_mir/recover-20221013/UBNA_001/20221012_030000.WAV,Telephone Field,recover-20221013,001,1795
1574.9765,1575.0129,68437,82293,Rhinolophus ferrumequinum,0.024,0.024,-1,Echolocation,/mnt/ubna_data_02_mir/recover-20221013/UBNA_001/20221012_030000.WAV,Telephone Field,recover-20221013,001,1795
1574.9885,1574.999,24609,31850,Eptesicus serotinus,0.011,0.028,-1,Echolocation,/mnt/ubna_data_02_mir/recover-20221013/UBNA_001/20221012_030000.WAV,Telephone Field,recover-20221013,001,1795
1575.0205,1575.0564,68437,81629,Rhinolophus ferrumequinum,0.034,0.034,-1,Echolocation,/mnt/ubna_data_02_mir/recover-20221013/UBNA_001/20221012_030000.WAV,Telephone Field,recover-20221013,001,1795
1575.0265,1575.0373,22031,26521,Nyctalus leisleri,0.011,0.022,-1,Echolocation,/mnt/ubna_data_02_mir/recover-20221013/UBNA_001/20221012_030000.WAV,Telephone Field,recover-20221013,001,1795
1575.0665,1575.1072,68437,82245,Rhinolophus ferrumequinum,0.023,0.023,-1,Echolocation,/mnt/ubna_data_02_mir/recover-20221013/UBNA_001/20221012_030000.WAV,Telephone Field,recover-20221013,001,1795
1575.0915,1575.1356,68437,83013,Rhinolophus ferrumequinum,0.025,0.025,-1,Echolocation,/mnt/ubna_data_02_mir/recover-20221013/UBNA_001/20221012_030000.WAV,Telephone Field,recover-20221013,001,1795
1575.1535,1575.1913,68437,82028,Rhinolophus ferrumequinum,0.021,0.021,-1,Echolocation,/mnt/ubna_data_02_mir/recover-20221013/UBNA_001/20221012_030000.WAV,Telephone Field,recover-20221013,001,1795
1575.1975,1575.2391,68437,83324,Rhinolophus ferrumequinum,0.037,0.037,-1,Echolocation,/mnt/ubna_data_02_mir/recover-20221013/UBNA_001/20221012_030000.WAV,Telephone Field,recover-20221013,001,1795
1575.1985,1575.2068,24609,33151,Plecotus austriacus,0.008,0.028,-1,Echolocation,/mnt/ubna_data_02_mir/recover-20221013/UBNA_001/20221012_030000.WAV,Telephone Field,recover-20221013,001,1795
1575.2995,1575.3391,68437,82262,Rhinolophus ferrumequinum,0.021,0.021,-1,Echolocation,/mnt/ubna_data_02_mir/recover-20221013/UBNA_001/20221012_030000.WAV,Telephone Field,recover-20221013,001,1795
1575.3655,1575.3732,27187,40691,Eptesicus serotinus,0.008,0.023,-1,Echolocation,/mnt/ubna_data_02_mir/recover-20221013/UBNA_001/20221012_030000.WAV,Telephone Field,recover-20221013,001,1795
1575.3885,1575.4298,68437,82807,Rhinolophus ferrumequinum,0.028,0.028,-1,Echolocation,/mnt/ubna_data_02_mir/recover-20221013/UBNA_001/20221012_030000.WAV,Telephone Field,recover-20221013,001,1795
1575.4155,1575.4498,68437,80776,Rhinolophus ferrumequinum,0.021,0.021,-1,Echolocation,/mnt/ubna_data_02_mir/recover-20221013/UBNA_001/20221012_030000.WAV,Telephone Field,recover-20221013,001,1795
1575.4525,1575.4633,22890,27950,Nyctalus leisleri,0.01,0.022,-1,Echolocation,/mnt/ubna_data_02_mir/recover-20221013/UBNA_001/20221012_030000.WAV,Telephone Field,recover-20221013,001,1795
1575.4555,1575.4985,68437,83403,Rhinolophus ferrumequinum,0.032,0.032,-1,Echolocation,/mnt/ubna_data_02_mir/recover-20221013/UBNA_001/20221012_030000.WAV,Telephone Field,recover-20221013,001,1795
1575.4765,1575.5173,68437,82677,Rhinolophus ferrumequinum,0.021,0.021,-1,Echolocation,/mnt/ubna_data_02_mir/recover-20221013/UBNA_001/20221012_030000.WAV,Telephone Field,recover-20221013,001,1795
1575.4785,1575.4866,23750,31598,Plecotus austriacus,0.009,0.024,-1,Echolocation,/mnt/ubna_data_02_mir/recover-20221013/UBNA_001/20221012_030000.WAV,Telephone Field,recover-20221013,001,1795
1575.4835,1575.5257,68437,83021,Rhinolophus ferrumequinum,0.021,0.021,-1,Echolocation,/mnt/ubna_data_02_mir/recover-20221013/UBNA_001/20221012_030000.WAV,Telephone Field,recover-20221013,001,1795
1575.4945,1575.5017,28046,39414,Eptesicus serotinus,0.008,0.021,-1,Echolocation,/mnt/ubna_data_02_mir/recover-20221013/UBNA_001/20221012_030000.WAV,Telephone Field,recover-20221013,001,1795
1575.5215,1575.5642,68437,82581,Rhinolophus ferrumequinum,0.028,0.028,-1,Echolocation,/mnt/ubna_data_02_mir/recover-20221013/UBNA_001/20221012_030000.WAV,Telephone Field,recover-20221013,001,1795
1575.5465,1575.554,27187,40559,Eptesicus serotinus,0.006,0.022,-1,Echolocation,/mnt/ubna_data_02_mir/recover-20221013/UBNA_001/20221012_030000.WAV,Telephone Field,recover-20221013,001,1795
1575.5485,1575.5865,68437,82243,Rhinolophus ferrumequinum,0.021,0.021,-1,Echolocation,/mnt/ubna_data_02_mir/recover-20221013/UBNA_001/20221012_030000.WAV,Telephone Field,recover-20221013,001,1795
1575.5595,1575.5715,23750,28519,Nyctalus leisleri,0.014,0.026,-1,Echolocation,/mnt/ubna_data_02_mir/recover-20221013/UBNA_001/20221012_030000.WAV,Telephone Field,recover-20221013,001,1795
1575.5975,1575.6351,68437,82132,Rhinolophus ferrumequinum,0.025,0.025,-1,Echolocation,/mnt/ubna_data_02_mir/recover-20221013/UBNA_001/20221012_030000.WAV,Telephone Field,recover-20221013,001,1795
1575.6215,1575.6329,36640,42038,Pipistrellus nathusii,0.015,0.04,-1,Echolocation,/mnt/ubna_data_02_mir/recover-20221013/UBNA_001/20221012_030000.WAV,Telephone Field,recover-20221013,001,1795
1575.6285,1575.6378,22890,29566,Nyctalus leisleri,0.008,0.024,-1,Echolocation,/mnt/ubna_data_02_mir/recover-20221013/UBNA_001/20221012_030000.WAV,Telephone Field,recover-20221013,001,1795
1575.6285,1575.6669,68437,82040,Rhinolophus ferrumequinum,0.022,0.022,-1,Echolocation,/mnt/ubna_data_02_mir/recover-20221013/UBNA_001/20221012_030000.WAV,Telephone Field,recover-20221013,001,1795
1575.6625,1575.6975,68437,81223,Rhinolophus ferrumequinum,0.021,0.021,-1,Echolocation,/mnt/ubna_data_02_mir/recover-20221013/UBNA_001/20221012_030000.WAV,Telephone Field,recover-20221013,001,1795
1575.6825,1575.7188,68437,81449,Rhinolophus ferrumequinum,0.022,0.022,-1,Echolocation,/mnt/ubna_data_02_mir/recover-20221013/UBNA_001/20221012_030000.WAV,Telephone Field,recover-20221013,001,1795
1575.6915,1575.7289,68437,81801,Rhinolophus ferrumequinum,0.021,0.021,-1,Echolocation,/mnt/ubna_data_02_mir/recover-20221013/UBNA_001/20221012_030000.WAV,Telephone Field,recover-20221013,001,1795
1575.6965,1575.7066,22890,29134,Nyctalus leisleri,0.008,0.022,-1,Echolocation,/mnt/ubna_data_02_mir/recover-20221013/UBNA_001/20221012_030000.WAV,Telephone Field,recover-20221013,001,1795
1575.7905,1575.8003,22890,29751,Nyctalus leisleri,0.007,0.026,-1,Echolocation,/mnt/ubna_data_02_mir/recover-20221013/UBNA_001/20221012_030000.WAV,Telephone Field,recover-20221013,001,1795
1575.8115,1575.8487,68437,82439,Rhinolophus ferrumequinum,0.023,0.023,-1,Echolocation,/mnt/ubna_data_02_mir/recover-20221013/UBNA_001/20221012_030000.WAV,Telephone Field,recover-20221013,001,1795
1575.8265,1575.8697,68437,82993,Rhinolophus ferrumequinum,0.03,0.03,-1,Echolocation,/mnt/ubna_data_02_mir/recover-20221013/UBNA_001/20221012_030000.WAV,Telephone Field,recover-20221013,001,1795
1575.8355,1575.8765,68437,83113,Rhinolophus ferrumequinum,0.032,0.032,-1,Echolocation,/mnt/ubna_data_02_mir/recover-20221013/UBNA_001/20221012_030000.WAV,Telephone Field,recover-20221013,001,1795
1575.8505,1575.8591,48671,52506,Pipistrellus pipistrellus,0.02,0.023,-1,Echolocation,/mnt/ubna_data_02_mir/recover-20221013/UBNA_001/20221012_030000.WAV,Telephone Field,recover-20221013,001,1795
1575.8505,1575.86,22890,30434,Plecotus austriacus,0.008,0.024,-1,Echolocation,/mnt/ubna_data_02_mir/recover-20221013/UBNA_001/20221012_030000.WAV,Telephone Field,recover-20221013,001,1795
1575.8905,1575.8989,28906,40095,Eptesicus serotinus,0.007,0.021,-1,Echolocation,/mnt/ubna_data_02_mir/recover-20221013/UBNA_001/20221012_030000.WAV,Telephone Field,recover-20221013,001,1795
1575.8975,1575.9075,28046,35755,Eptesicus serotinus,0.011,0.023,-1,Echolocation,/mnt/ubna_data_02_mir/recover-20221013/UBNA_001/20221012_030000.WAV,Telephone Field,recover-20221013,001,1795
1575.9535,1575.9925,68437,81835,Rhinolophus ferrumequinum,0.021,0.021,-1,Echolocation,/mnt/ubna_data_02_mir/recover-20221013/UBNA_001/20221012_030000.WAV,Telephone Field,recover-20221013,001,1795
1575.9565,1575.9662,25468,33049,Eptesicus serotinus,0.007,0.024,-1,Echolocation,/mnt/ubna_data_02_mir/recover-20221013/UBNA_001/20221012_030000.WAV,Telephone Field,recover-20221013,001,1795
1575.9765,1575.9848,44375,47872,Pipistrellus pipistrellus,0.022,0.024,-1,Echolocation,/mnt/ubna_data_02_mir/recover-20221013/UBNA_001/20221012_030000.WAV,Telephone Field,recover-20221013,001,1795
1576.0015,1576.0361,69296,81530,Rhinolophus ferrumequinum,0.032,0.032,-1,Echolocation,/mnt/ubna_data_02_mir/recover-20221013/UBNA_001/20221012_030000.WAV,Telephone Field,recover-20221013,001,1795
1576.0015,1576.013,23750,30366,Nyctalus leisleri,0.011,0.029,-1,Echolocation,/mnt/ubna_data_02_mir/recover-20221013/UBNA_001/20221012_030000.WAV,Telephone Field,recover-20221013,001,1795
1576.0015,1576.0135,54687,60762,Pipistrellus pygmaeus,0.018,0.022,-1,Echolocation,/mnt/ubna_data_02_mir/recover-20221013/UBNA_001/20221012_030000.WAV,Telephone Field,recover-20221013,001,1795
1576.0095,1576.0175,28046,37766,Eptesicus serotinus,0.008,0.023,-1,Echolocation,/mnt/ubna_data_02_mir/recover-20221013/UBNA_001/20221012_030000.WAV,Telephone Field,recover-20221013,001,1795
1576.0485,1576.0878,68437,81736,Rhinolophus ferrumequinum,0.021,0.021,-1,Echolocation,/mnt/ubna_data_02_mir/recover-20221013/UBNA_001/20221012_030000.WAV,Telephone Field,recover-20221013,001,1795
1576.0785,1576.1159,68437,82256,Rhinolophus ferrumequinum,0.023,0.023,-1,Echolocation,/mnt/ubna_data_02_mir/recover-20221013/UBNA_001/20221012_030000.WAV,Telephone Field,recover-20221013,001,1795
1576.0825,1576.0911,27187,37896,Eptesicus serotinus,0.007,0.024,-1,Echolocation,/mnt/ubna_data_02_mir/recover-20221013/UBNA_001/20221012_030000.WAV,Telephone Field,recover-20221013,001,1795
1576.1335,1576.1401,28906,40466,Eptesicus serotinus,0.006,0.026,-1,Echolocation,/mnt/ubna_data_02_mir/recover-20221013/UBNA_001/20221012_030000.WAV,Telephone Field,recover-20221013,001,1795
1576.1535,1576.1644000000001,31484,39282,Eptesicus serotinus,0.009,0.026,-1,Echolocation,/mnt/ubna_data_02_mir/recover-20221013/UBNA_001/20221012_030000.WAV,Telephone Field,recover-20221013,001,1795
1576.1785,1576.2181,68437,82156,Rhinolophus ferrumequinum,0.023,0.023,-1,Echolocation,/mnt/ubna_data_02_mir/recover-20221013/UBNA_001/20221012_030000.WAV,Telephone Field,recover-20221013,001,1795
1576.2005,1576.21,25468,33844,Eptesicus serotinus,0.009,0.025,-1,Echolocation,/mnt/ubna_data_02_mir/recover-20221013/UBNA_001/20221012_030000.WAV,Telephone Field,recover-20221013,001,1795
1576.2365,1576.2779,68437,82624,Rhinolophus ferrumequinum,0.024,0.024,-1,Echolocation,/mnt/ubna_data_02_mir/recover-20221013/UBNA_001/20221012_030000.WAV,Telephone Field,recover-20221013,001,1795
1576.2535,1576.2646,23750,30085,Nyctalus leisleri,0.011,0.026,-1,Echolocation,/mnt/ubna_data_02_mir/recover-20221013/UBNA_001/20221012_030000.WAV,Telephone Field,recover-20221013,001,1795
1576.2555,1576.2658,51250,55064,Pipistrellus pygmaeus,0.026,0.041,-1,Echolocation,/mnt/ubna_data_02_mir/recover-20221013/UBNA_001/20221012_030000.WAV,Telephone Field,recover-20221013,001,1795
1576.2915,1576.3024,23750,28592,Nyctalus leisleri,0.014,0.028,-1,Echolocation,/mnt/ubna_data_02_mir/recover-20221013/UBNA_001/20221012_030000.WAV,Telephone Field,recover-20221013,001,1795
1576.3215,1576.3313,28046,37977,Eptesicus serotinus,0.008,0.021,-1,Echolocation,/mnt/ubna_data_02_mir/recover-20221013/UBNA_001/20221012_030000.WAV,Telephone Field,recover-20221013,001,1795
1576.3715,1576.4131,68437,83326,Rhinolophus ferrumequinum,0.028,0.028,-1,Echolocation,/mnt/ubna_data_02_mir/recover-20221013/UBNA_001/20221012_030000.WAV,Telephone Field,recover-20221013,001,1795
1576.4285,1576.4381,27187,35560,Eptesicus serotinus,0.008,0.021,-1,Echolocation,/mnt/ubna_data_02_mir/recover-20221013/UBNA_001/20221012_030000.WAV,Telephone Field,recover-20221013,001,1795
1576.4355,1576.4476,24609,29688,Nyctalus leisleri,0.011,0.024,-1,Echolocation,/mnt/ubna_data_02_mir/recover-20221013/UBNA_001/20221012_030000.WAV,Telephone Field,recover-20221013,001,1795
1576.4475,1576.4888,68437,82424,Rhinolophus ferrumequinum,0.028,0.028,-1,Echolocation,/mnt/ubna_data_02_mir/recover-20221013/UBNA_001/20221012_030000.WAV,Telephone Field,recover-20221013,001,1795
1576.4715,1576.4824,22890,27848,Nyctalus leisleri,0.012,0.024,-1,Echolocation,/mnt/ubna_data_02_mir/recover-20221013/UBNA_001/20221012_030000.WAV,Telephone Field,recover-20221013,001,1795
1576.5425,1576.5776,68437,82464,Rhinolophus ferrumequinum,0.022,0.022,-1,Echolocation,/mnt/ubna_data_02_mir/recover-20221013/UBNA_001/20221012_030000.WAV,Telephone Field,recover-20221013,001,1795
1576.5525,1576.5612,28046,37708,Eptesicus serotinus,0.009,0.025,-1,Echolocation,/mnt/ubna_data_02_mir/recover-20221013/UBNA_001/20221012_030000.WAV,Telephone Field,recover-20221013,001,1795
1576.6435,1576.6537,25468,32694,Eptesicus serotinus,0.009,0.021,-1,Echolocation,/mnt/ubna_data_02_mir/recover-20221013/UBNA_001/20221012_030000.WAV,Telephone Field,recover-20221013,001,1795
1576.6735,1576.6838,44375,47569,Pipistrellus pipistrellus,0.029,0.032,-1,Echolocation,/mnt/ubna_data_02_mir/recover-20221013/UBNA_001/20221012_030000.WAV,Telephone Field,recover-20221013,001,1795
1576.6945,1576.7059,24609,28907,Nyctalus leisleri,0.012,0.025,-1,Echolocation,/mnt/ubna_data_02_mir/recover-20221013/UBNA_001/20221012_030000.WAV,Telephone Field,recover-20221013,001,1795
1576.7015,1576.7424,68437,82899,Rhinolophus ferrumequinum,0.021,0.021,-1,Echolocation,/mnt/ubna_data_02_mir/recover-20221013/UBNA_001/20221012_030000.WAV,Telephone Field,recover-20221013,001,1795
1576.7295,1576.7668,68437,81464,Rhinolophus ferrumequinum,0.02,0.02,-1,Echolocation,/mnt/ubna_data_02_mir/recover-20221013/UBNA_001/20221012_030000.WAV,Telephone Field,recover-20221013,001,1795
1576.7355,1576.7482,22031,25916,Nyctalus leisleri,0.012,0.021,-1,Echolocation,/mnt/ubna_data_02_mir/recover-20221013/UBNA_001/20221012_030000.WAV,Telephone Field,recover-20221013,001,1795
1576.7635,1576.8029,68437,82386,Rhinolophus ferrumequinum,0.021,0.021,-1,Echolocation,/mnt/ubna_data_02_mir/recover-20221013/UBNA_001/20221012_030000.WAV,Telephone Field,recover-20221013,001,1795
1576.8305,1576.8406,28906,37527,Eptesicus serotinus,0.011,0.025,-1,Echolocation,/mnt/ubna_data_02_mir/recover-20221013/UBNA_001/20221012_030000.WAV,Telephone Field,recover-20221013,001,1795
1576.9125,1576.9265,22031,25571,Nyctalus leisleri,0.015,0.024,-1,Echolocation,/mnt/ubna_data_02_mir/recover-20221013/UBNA_001/20221012_030000.WAV,Telephone Field,recover-20221013,001,1795
1576.9475,1576.9852,68437,81673,Rhinolophus ferrumequinum,0.021,0.021,-1,Echolocation,/mnt/ubna_data_02_mir/recover-20221013/UBNA_001/20221012_030000.WAV,Telephone Field,recover-20221013,001,1795
1576.9505,1576.9589,27187,37744,Eptesicus serotinus,0.007,0.021,-1,Echolocation,/mnt/ubna_data_02_mir/recover-20221013/UBNA_001/20221012_030000.WAV,Telephone Field,recover-20221013,001,1795
1576.9825,1577.0197,68437,82670,Rhinolophus ferrumequinum,0.021,0.021,-1,Echolocation,/mnt/ubna_data_02_mir/recover-20221013/UBNA_001/20221012_030000.WAV,Telephone Field,recover-20221013,001,1795
1576.9925,1577.0006,28046,38259,Eptesicus serotinus,0.007,0.021,-1,Echolocation,/mnt/ubna_data_02_mir/recover-20221013/UBNA_001/20221012_030000.WAV,Telephone Field,recover-20221013,001,1795
1577.0095,1577.0147,40078,57109,Myotis mystacinus,0.006,0.023,-1,Echolocation,/mnt/ubna_data_02_mir/recover-20221013/UBNA_001/20221012_030000.WAV,Telephone Field,recover-20221013,001,1795
1577.0405,1577.0478,26328,36406,Eptesicus serotinus,0.008,0.024,-1,Echolocation,/mnt/ubna_data_02_mir/recover-20221013/UBNA_001/20221012_030000.WAV,Telephone Field,recover-20221013,001,1795
1577.1005,1577.1084,26328,39356,Eptesicus serotinus,0.006,0.022,-1,Echolocation,/mnt/ubna_data_02_mir/recover-20221013/UBNA_001/20221012_030000.WAV,Telephone Field,recover-20221013,001,1795
1577.1155,1577.1521,68437,81869,Rhinolophus ferrumequinum,0.021,0.021,-1,Echolocation,/mnt/ubna_data_02_mir/recover-20221013/UBNA_001/20221012_030000.WAV,Telephone Field,recover-20221013,001,1795
1577.1195,1577.1275,23750,31553,Plecotus austriacus,0.009,0.022,-1,Echolocation,/mnt/ubna_data_02_mir/recover-20221013/UBNA_001/20221012_030000.WAV,Telephone Field,recover-20221013,001,1795
1577.1675,1577.2059,68437,82005,Rhinolophus ferrumequinum,0.021,0.021,-1,Echolocation,/mnt/ubna_data_02_mir/recover-20221013/UBNA_001/20221012_030000.WAV,Telephone Field,recover-20221013,001,1795
1577.1745,1577.1828,28046,37987,Eptesicus serotinus,0.012,0.028,-1,Echolocation,/mnt/ubna_data_02_mir/recover-20221013/UBNA_001/20221012_030000.WAV,Telephone Field,recover-20221013,001,1795
1577.2235,1577.2312,27187,37634,Eptesicus serotinus,0.007,0.024,-1,Echolocation,/mnt/ubna_data_02_mir/recover-20221013/UBNA_001/20221012_030000.WAV,Telephone Field,recover-20221013,001,1795
1577.2235,1577.2596,68437,82165,Rhinolophus ferrumequinum,0.021,0.021,-1,Echolocation,/mnt/ubna_data_02_mir/recover-20221013/UBNA_001/20221012_030000.WAV,Telephone Field,recover-20221013,001,1795
1577.2465,1577.2547,27187,38163,Eptesicus serotinus,0.007,0.021,-1,Echolocation,/mnt/ubna_data_02_mir/recover-20221013/UBNA_001/20221012_030000.WAV,Telephone Field,recover-20221013,001,1795
1577.2735,1577.281,28046,39993,Eptesicus serotinus,0.008,0.025,-1,Echolocation,/mnt/ubna_data_02_mir/recover-20221013/UBNA_001/20221012_030000.WAV,Telephone Field,recover-20221013,001,1795
1577.3155,1577.3226,27187,41112,Eptesicus serotinus,0.008,0.024,-1,Echolocation,/mnt/ubna_data_02_mir/recover-20221013/UBNA_001/20221012_030000.WAV,Telephone Field,recover-20221013,001,1795
1577.3415,1577.352,22890,29794,Nyctalus leisleri,0.018,0.055,-1,Echolocation,/mnt/ubna_data_02_mir/recover-20221013/UBNA_001/20221012_030000.WAV,Telephone Field,recover-20221013,001,1795
1577.4005,1577.4342,68437,81653,Rhinolophus ferrumequinum,0.021,0.021,-1,Echolocation,/mnt/ubna_data_02_mir/recover-20221013/UBNA_001/20221012_030000.WAV,Telephone Field,recover-20221013,001,1795
1577.4165,1577.4277,22890,27790,Nyctalus leisleri,0.01,0.021,-1,Echolocation,/mnt/ubna_data_02_mir/recover-20221013/UBNA_001/20221012_030000.WAV,Telephone Field,recover-20221013,001,1795
1577.4255,1577.4669,68437,82862,Rhinolophus ferrumequinum,0.027,0.027,-1,Echolocation,/mnt/ubna_data_02_mir/recover-20221013/UBNA_001/20221012_030000.WAV,Telephone Field,recover-20221013,001,1795
1577.4515,1577.4592,27187,36035,Eptesicus serotinus,0.008,0.024,-1,Echolocation,/mnt/ubna_data_02_mir/recover-20221013/UBNA_001/20221012_030000.WAV,Telephone Field,recover-20221013,001,1795
1577.5045,1577.5142,28906,36432,Eptesicus serotinus,0.009,0.021,-1,Echolocation,/mnt/ubna_data_02_mir/recover-20221013/UBNA_001/20221012_030000.WAV,Telephone Field,recover-20221013,001,1795
1577.5065,1577.5393,68437,80827,Rhinolophus ferrumequinum,0.021,0.021,-1,Echolocation,/mnt/ubna_data_02_mir/recover-20221013/UBNA_001/20221012_030000.WAV,Telephone Field,recover-20221013,001,1795
1577.5805,1577.5913,22031,26743,Nyctalus leisleri,0.009,0.021,-1,Echolocation,/mnt/ubna_data_02_mir/recover-20221013/UBNA_001/20221012_030000.WAV,Telephone Field,recover-20221013,001,1795
1577.5925,1577.5989,24609,34872,Plecotus austriacus,0.018,0.037,-1,Echolocation,/mnt/ubna_data_02_mir/recover-20221013/UBNA_001/20221012_030000.WAV,Telephone Field,recover-20221013,001,1795
1577.6055,1577.6416,68437,81411,Rhinolophus ferrumequinum,0.024,0.024,-1,Echolocation,/mnt/ubna_data_02_mir/recover-20221013/UBNA_001/20221012_030000.WAV,Telephone Field,recover-20221013,001,1795
1577.6255,1577.6369,28046,35489,Eptesicus serotinus,0.013,0.027,-1,Echolocation,/mnt/ubna_data_02_mir/recover-20221013/UBNA_001/20221012_030000.WAV,Telephone Field,recover-20221013,001,1795
1577.6655,1577.6738,26328,38452,Eptesicus serotinus,0.007,0.021,-1,Echolocation,/mnt/ubna_data_02_mir/recover-20221013/UBNA_001/20221012_030000.WAV,Telephone Field,recover-20221013,001,1795
1577.6765,1577.6867,22890,29300,Nyctalus leisleri,0.01,0.029,-1,Echolocation,/mnt/ubna_data_02_mir/recover-20221013/UBNA_001/20221012_030000.WAV,Telephone Field,recover-20221013,001,1795
1577.6975,1577.7187,20312,23154,Nyctalus leisleri,0.018,0.037,-1,Echolocation,/mnt/ubna_data_02_mir/recover-20221013/UBNA_001/20221012_030000.WAV,Telephone Field,recover-20221013,001,1795
1577.7035,1577.7231,20312,23364,Nyctalus leisleri,0.019,0.036,-1,Echolocation,/mnt/ubna_data_02_mir/recover-20221013/UBNA_001/20221012_030000.WAV,Telephone Field,recover-20221013,001,1795
1577.7245,1577.7323,15156,27089,Plecotus auritus,0.014,0.023,-1,Echolocation,/mnt/ubna_data_02_mir/recover-20221013/UBNA_001/20221012_030000.WAV,Telephone Field,recover-20221013,001,1795
1577.7245,1577.7313,23750,32559,Plecotus austriacus,0.011,0.025,-1,Echolocation,/mnt/ubna_data_02_mir/recover-20221013/UBNA_001/20221012_030000.WAV,Telephone Field,recover-20221013,001,1795
1577.7665,1577.8062,68437,82664,Rhinolophus ferrumequinum,0.022,0.022,-1,Echolocation,/mnt/ubna_data_02_mir/recover-20221013/UBNA_001/20221012_030000.WAV,Telephone Field,recover-20221013,001,1795
1577.7925,1577.8005,23750,32602,Plecotus austriacus,0.01,0.024,-1,Echolocation,/mnt/ubna_data_02_mir/recover-20221013/UBNA_001/20221012_030000.WAV,Telephone Field,recover-20221013,001,1795
1577.8575,1577.8942,68437,81724,Rhinolophus ferrumequinum,0.022,0.022,-1,Echolocation,/mnt/ubna_data_02_mir/recover-20221013/UBNA_001/20221012_030000.WAV,Telephone Field,recover-20221013,001,1795
1577.9065,1577.9458,68437,82896,Rhinolophus ferrumequinum,0.036,0.036,-1,Echolocation,/mnt/ubna_data_02_mir/recover-20221013/UBNA_001/20221012_030000.WAV,Telephone Field,recover-20221013,001,1795
1577.9085,1577.9194,28906,36003,Eptesicus serotinus,0.011,0.025,-1,Echolocation,/mnt/ubna_data_02_mir/recover-20221013/UBNA_001/20221012_030000.WAV,Telephone Field,recover-20221013,001,1795
1577.9415,1577.9568,23750,27573,Nyctalus leisleri,0.023,0.039,-1,Echolocation,/mnt/ubna_data_02_mir/recover-20221013/UBNA_001/20221012_030000.WAV,Telephone Field,recover-20221013,001,1795
1577.9465,1577.9838,68437,81837,Rhinolophus ferrumequinum,0.023,0.023,-1,Echolocation,/mnt/ubna_data_02_mir/recover-20221013/UBNA_001/20221012_030000.WAV,Telephone Field,recover-20221013,001,1795
1577.9835,1577.993,23750,31678,Nyctalus leisleri,0.008,0.028,-1,Echolocation,/mnt/ubna_data_02_mir/recover-20221013/UBNA_001/20221012_030000.WAV,Telephone Field,recover-20221013,001,1795
1578.0015,1578.0113,38359,44651,Pipistrellus nathusii,0.013,0.027,-1,Echolocation,/mnt/ubna_data_02_mir/recover-20221013/UBNA_001/20221012_030000.WAV,Telephone Field,recover-20221013,001,1795
1578.0015,1578.0341,68437,79619,Rhinolophus ferrumequinum,0.039,0.039,-1,Echolocation,/mnt/ubna_data_02_mir/recover-20221013/UBNA_001/20221012_030000.WAV,Telephone Field,recover-20221013,001,1795
1578.0015,1578.0093,23750,33100,Nyctalus leisleri,0.005,0.021,-1,Echolocation,/mnt/ubna_data_02_mir/recover-20221013/UBNA_001/20221012_030000.WAV,Telephone Field,recover-20221013,001,1795
1578.0075,1578.0462,68437,81586,Rhinolophus ferrumequinum,0.03,0.03,-1,Echolocation,/mnt/ubna_data_02_mir/recover-20221013/UBNA_001/20221012_030000.WAV,Telephone Field,recover-20221013,001,1795
1578.0495,1578.0903,68437,82725,Rhinolophus ferrumequinum,0.037,0.037,-1,Echolocation,/mnt/ubna_data_02_mir/recover-20221013/UBNA_001/20221012_030000.WAV,Telephone Field,recover-20221013,001,1795
1578.0635,1578.071,24609,33134,Eptesicus serotinus,0.005,0.021,-1,Echolocation,/mnt/ubna_data_02_mir/recover-20221013/UBNA_001/20221012_030000.WAV,Telephone Field,recover-20221013,001,1795
1578.0815,1578.1226,68437,82071,Rhinolophus ferrumequinum,0.03,0.03,-1,Echolocation,/mnt/ubna_data_02_mir/recover-20221013/UBNA_001/20221012_030000.WAV,Telephone Field,recover-20221013,001,1795
1578.1035,1578.1109,28906,41903,Eptesicus serotinus,0.006,0.022,-1,Echolocation,/mnt/ubna_data_02_mir/recover-20221013/UBNA_001/20221012_030000.WAV,Telephone Field,recover-20221013,001,1795
1578.1045,1578.1116,24609,34398,Plecotus austriacus,0.007,0.022,-1,Echolocation,/mnt/ubna_data_02_mir/recover-20221013/UBNA_001/20221012_030000.WAV,Telephone Field,recover-20221013,001,1795
1578.1185,1578.161,68437,83145,Rhinolophus ferrumequinum,0.027,0.027,-1,Echolocation,/mnt/ubna_data_02_mir/recover-20221013/UBNA_001/20221012_030000.WAV,Telephone Field,recover-20221013,001,1795
1578.1275,1578.1349,28906,40342,Eptesicus serotinus,0.006,0.021,-1,Echolocation,/mnt/ubna_data_02_mir/recover-20221013/UBNA_001/20221012_030000.WAV,Telephone Field,recover-20221013,001,1795
1578.1565,1578.1628,28046,41468,Eptesicus serotinus,0.014,0.04,-1,Echolocation,/mnt/ubna_data_02_mir/recover-20221013/UBNA_001/20221012_030000.WAV,Telephone Field,recover-20221013,001,1795
1578.1795,1578.1873,28046,40590,Eptesicus serotinus,0.007,0.022,-1,Echolocation,/mnt/ubna_data_02_mir/recover-20221013/UBNA_001/20221012_030000.WAV,Telephone Field,recover-20221013,001,1795
1578.1815,1578.22,68437,81789,Rhinolophus ferrumequinum,0.027,0.027,-1,Echolocation,/mnt/ubna_data_02_mir/recover-20221013/UBNA_001/20221012_030000.WAV,Telephone Field,recover-20221013,001,1795
1578.1955,1578.2353,68437,82796,Rhinolophus ferrumequinum,0.021,0.021,-1,Echolocation,/mnt/ubna_data_02_mir/recover-20221013/UBNA_001/20221012_030000.WAV,Telephone Field,recover-20221013,001,1795
1578.2265,1578.2632,68437,82045,Rhinolophus ferrumequinum,0.043,0.043,-1,Echolocation,/mnt/ubna_data_02_mir/recover-20221013/UBNA_001/20221012_030000.WAV,Telephone Field,recover-20221013,001,1795
1578.2265,1578.2345,28046,41102,Eptesicus serotinus,0.008,0.024,-1,Echolocation,/mnt/ubna_data_02_mir/recover-20221013/UBNA_001/20221012_030000.WAV,Telephone Field,recover-20221013,001,1795
1578.2335,1578.2407,28046,42292,Eptesicus serotinus,0.007,0.024,-1,Echolocation,/mnt/ubna_data_02_mir/recover-20221013/UBNA_001/20221012_030000.WAV,Telephone Field,recover-20221013,001,1795
1578.2935,1578.331,68437,82004,Rhinolophus ferrumequinum,0.021,0.021,-1,Echolocation,/mnt/ubna_data_02_mir/recover-20221013/UBNA_001/20221012_030000.WAV,Telephone Field,recover-20221013,001,1795
1578.3005,1578.3186,20312,23393,Nyctalus leisleri,0.014,0.025,-1,Echolocation,/mnt/ubna_data_02_mir/recover-20221013/UBNA_001/20221012_030000.WAV,Telephone Field,recover-20221013,001,1795
1578.3205,1578.3581,68437,82127,Rhinolophus ferrumequinum,0.023,0.023,-1,Echolocation,/mnt/ubna_data_02_mir/recover-20221013/UBNA_001/20221012_030000.WAV,Telephone Field,recover-20221013,001,1795
1578.3485,1578.3542,25468,42708,Plecotus auritus,0.007,0.026,-1,Echolocation,/mnt/ubna_data_02_mir/recover-20221013/UBNA_001/20221012_030000.WAV,Telephone Field,recover-20221013,001,1795
1578.3785,1578.388,28906,37977,Eptesicus serotinus,0.012,0.027,-1,Echolocation,/mnt/ubna_data_02_mir/recover-20221013/UBNA_001/20221012_030000.WAV,Telephone Field,recover-20221013,001,1795
1578.4185,1578.4269,27187,37422,Eptesicus serotinus,0.009,0.022,-1,Echolocation,/mnt/ubna_data_02_mir/recover-20221013/UBNA_001/20221012_030000.WAV,Telephone Field,recover-20221013,001,1795
1578.4275,1578.4664,68437,82110,Rhinolophus ferrumequinum,0.028,0.028,-1,Echolocation,/mnt/ubna_data_02_mir/recover-20221013/UBNA_001/20221012_030000.WAV,Telephone Field,recover-20221013,001,1795
1578.4385,1578.4461000000001,27187,38178,Eptesicus serotinus,0.01,0.027,-1,Echolocation,/mnt/ubna_data_02_mir/recover-20221013/UBNA_001/20221012_030000.WAV,Telephone Field,recover-20221013,001,1795
1578.4545,1578.4961,68437,83355,Rhinolophus ferrumequinum,0.027,0.027,-1,Echolocation,/mnt/ubna_data_02_mir/recover-20221013/UBNA_001/20221012_030000.WAV,Telephone Field,recover-20221013,001,1795
1578.4845,1578.4931,24609,32405,Plecotus austriacus,0.006,0.024,-1,Echolocation,/mnt/ubna_data_02_mir/recover-20221013/UBNA_001/20221012_030000.WAV,Telephone Field,recover-20221013,001,1795
1578.4865,1578.5274,68437,83126,Rhinolophus ferrumequinum,0.028,0.028,-1,Echolocation,/mnt/ubna_data_02_mir/recover-20221013/UBNA_001/20221012_030000.WAV,Telephone Field,recover-20221013,001,1795
1578.5285,1578.545,22031,25814,Nyctalus leisleri,0.023,0.037,-1,Echolocation,/mnt/ubna_data_02_mir/recover-20221013/UBNA_001/20221012_030000.WAV,Telephone Field,recover-20221013,001,1795
1578.5535,1578.5945,68437,83155,Rhinolophus ferrumequinum,0.03,0.03,-1,Echolocation,/mnt/ubna_data_02_mir/recover-20221013/UBNA_001/20221012_030000.WAV,Telephone Field,recover-20221013,001,1795
1578.5575,1578.5651,28046,38053,Eptesicus serotinus,0.009,0.023,-1,Echolocation,/mnt/ubna_data_02_mir/recover-20221013/UBNA_001/20221012_030000.WAV,Telephone Field,recover-20221013,001,1795
1578.5705,1578.6124,68437,83098,Rhinolophus ferrumequinum,0.025,0.025,-1,Echolocation,/mnt/ubna_data_02_mir/recover-20221013/UBNA_001/20221012_030000.WAV,Telephone Field,recover-20221013,001,1795
1578.6165,1578.6517,68437,81635,Rhinolophus ferrumequinum,0.02,0.02,-1,Echolocation,/mnt/ubna_data_02_mir/recover-20221013/UBNA_001/20221012_030000.WAV,Telephone Field,recover-20221013,001,1795
1578.6205,1578.6293,27187,38122,Eptesicus serotinus,0.009,0.023,-1,Echolocation,/mnt/ubna_data_02_mir/recover-20221013/UBNA_001/20221012_030000.WAV,Telephone Field,recover-20221013,001,1795
1578.6555,1578.6643,28046,41230,Eptesicus serotinus,0.009,0.025,-1,Echolocation,/mnt/ubna_data_02_mir/recover-20221013/UBNA_001/20221012_030000.WAV,Telephone Field,recover-20221013,001,1795
1578.6605,1578.6988,68437,82474,Rhinolophus ferrumequinum,0.023,0.023,-1,Echolocation,/mnt/ubna_data_02_mir/recover-20221013/UBNA_001/20221012_030000.WAV,Telephone Field,recover-20221013,001,1795
1578.6685,1578.7037,68437,81631,Rhinolophus ferrumequinum,0.02,0.02,-1,Echolocation,/mnt/ubna_data_02_mir/recover-20221013/UBNA_001/20221012_030000.WAV,Telephone Field,recover-20221013,001,1795
1578.6855,1578.7319,68437,83368,Rhinolophus ferrumequinum,0.056,0.056,-1,Echolocation,/mnt/ubna_data_02_mir/recover-20221013/UBNA_001/20221012_030000.WAV,Telephone Field,recover-20221013,001,1795
1578.6885,1578.6961000000001,28046,40673,Eptesicus serotinus,0.007,0.022,-1,Echolocation,/mnt/ubna_data_02_mir/recover-20221013/UBNA_001/20221012_030000.WAV,Telephone Field,recover-20221013,001,1795
1578.6995,1578.7355,68437,81710,Rhinolophus ferrumequinum,0.02,0.021,-1,Echolocation,/mnt/ubna_data_02_mir/recover-20221013/UBNA_001/20221012_030000.WAV,Telephone Field,recover-20221013,001,1795
1578.7105,1578.7194,24609,33402,Eptesicus serotinus,0.009,0.025,-1,Echolocation,/mnt/ubna_data_02_mir/recover-20221013/UBNA_001/20221012_030000.WAV,Telephone Field,recover-20221013,001,1795
1578.7125,1578.7507,68437,81930,Rhinolophus ferrumequinum,0.02,0.02,-1,Echolocation,/mnt/ubna_data_02_mir/recover-20221013/UBNA_001/20221012_030000.WAV,Telephone Field,recover-20221013,001,1795
1578.7305,1578.7730999999999,68437,83399,Rhinolophus ferrumequinum,0.029,0.029,-1,Echolocation,/mnt/ubna_data_02_mir/recover-20221013/UBNA_001/20221012_030000.WAV,Telephone Field,recover-20221013,001,1795
1578.7365,1578.7431,23750,32937,Plecotus austriacus,0.012,0.026,-1,Echolocation,/mnt/ubna_data_02_mir/recover-20221013/UBNA_001/20221012_030000.WAV,Telephone Field,recover-20221013,001,1795
1578.7535,1578.7911,68437,82008,Rhinolophus ferrumequinum,0.022,0.022,-1,Echolocation,/mnt/ubna_data_02_mir/recover-20221013/UBNA_001/20221012_030000.WAV,Telephone Field,recover-20221013,001,1795
1578.7555,1578.7674,35781,41515,Eptesicus serotinus,0.006,0.025,-1,Echolocation,/mnt/ubna_data_02_mir/recover-20221013/UBNA_001/20221012_030000.WAV,Telephone Field,recover-20221013,001,1795
1578.8585,1578.8669,28046,41711,Eptesicus serotinus,0.011,0.031,-1,Echolocation,/mnt/ubna_data_02_mir/recover-20221013/UBNA_001/20221012_030000.WAV,Telephone Field,recover-20221013,001,1795
1578.8585,1578.8963,68437,81433,Rhinolophus ferrumequinum,0.021,0.021,-1,Echolocation,/mnt/ubna_data_02_mir/recover-20221013/UBNA_001/20221012_030000.WAV,Telephone Field,recover-20221013,001,1795
1578.8715,1578.9067,68437,81034,Rhinolophus ferrumequinum,0.023,0.023,-1,Echolocation,/mnt/ubna_data_02_mir/recover-20221013/UBNA_001/20221012_030000.WAV,Telephone Field,recover-20221013,001,1795
1578.8945,1578.9017,27187,41440,Eptesicus serotinus,0.007,0.025,-1,Echolocation,/mnt/ubna_data_02_mir/recover-20221013/UBNA_001/20221012_030000.WAV,Telephone Field,recover-20221013,001,1795
1578.8955,1578.9012,36640,50652,Myotis daubentonii,0.008,0.023,-1,Echolocation,/mnt/ubna_data_02_mir/recover-20221013/UBNA_001/20221012_030000.WAV,Telephone Field,recover-20221013,001,1795
1578.9055,1578.946,68437,82852,Rhinolophus ferrumequinum,0.039,0.039,-1,Echolocation,/mnt/ubna_data_02_mir/recover-20221013/UBNA_001/20221012_030000.WAV,Telephone Field,recover-20221013,001,1795
1578.9395,1578.978,68437,81963,Rhinolophus ferrumequinum,0.023,0.023,-1,Echolocation,/mnt/ubna_data_02_mir/recover-20221013/UBNA_001/20221012_030000.WAV,Telephone Field,recover-20221013,001,1795
1578.9455,1578.9822,68437,82001,Rhinolophus ferrumequinum,0.024,0.024,-1,Echolocation,/mnt/ubna_data_02_mir/recover-20221013/UBNA_001/20221012_030000.WAV,Telephone Field,recover-20221013,001,1795
1578.9835,1578.9928,23750,29964,Nyctalus leisleri,0.009,0.022,-1,Echolocation,/mnt/ubna_data_02_mir/recover-20221013/UBNA_001/20221012_030000.WAV,Telephone Field,recover-20221013,001,1795
1578.9835,1579.0244,68437,82642,Rhinolophus ferrumequinum,0.024,0.024,-1,Echolocation,/mnt/ubna_data_02_mir/recover-20221013/UBNA_001/20221012_030000.WAV,Telephone Field,recover-20221013,001,1795
1579.0185,1579.0532,68437,81345,Rhinolophus ferrumequinum,0.022,0.022,-1,Echolocation,/mnt/ubna_data_02_mir/recover-20221013/UBNA_001/20221012_030000.WAV,Telephone Field,recover-20221013,001,1795
1579.0625,1579.1005,68437,82213,Rhinolophus ferrumequinum,0.024,0.024,-1,Echolocation,/mnt/ubna_data_02_mir/recover-20221013/UBNA_001/20221012_030000.WAV,Telephone Field,recover-20221013,001,1795
1579.0885,1579.0966,27187,37023,Eptesicus serotinus,0.007,0.02,-1,Echolocation,/mnt/ubna_data_02_mir/recover-20221013/UBNA_001/20221012_030000.WAV,Telephone Field,recover-20221013,001,1795
1579.1125,1579.1525,68437,82181,Rhinolophus ferrumequinum,0.023,0.024,-1,Echolocation,/mnt/ubna_data_02_mir/recover-20221013/UBNA_001/20221012_030000.WAV,Telephone Field,recover-20221013,001,1795
1579.1125,1579.1193,28046,39712,Eptesicus serotinus,0.006,0.021,-1,Echolocation,/mnt/ubna_data_02_mir/recover-20221013/UBNA_001/20221012_030000.WAV,Telephone Field,recover-20221013,001,1795
1579.1355,1579.1741,68437,82172,Rhinolophus ferrumequinum,0.029,0.029,-1,Echolocation,/mnt/ubna_data_02_mir/recover-20221013/UBNA_001/20221012_030000.WAV,Telephone Field,recover-20221013,001,1795
1579.1585,1579.1974,68437,81739,Rhinolophus ferrumequinum,0.021,0.021,-1,Echolocation,/mnt/ubna_data_02_mir/recover-20221013/UBNA_001/20221012_030000.WAV,Telephone Field,recover-20221013,001,1795
1579.1795,1579.2169,68437,81286,Rhinolophus ferrumequinum,0.027,0.027,-1,Echolocation,/mnt/ubna_data_02_mir/recover-20221013/UBNA_001/20221012_030000.WAV,Telephone Field,recover-20221013,001,1795
1579.1885,1579.2312,68437,82945,Rhinolophus ferrumequinum,0.032,0.032,-1,Echolocation,/mnt/ubna_data_02_mir/recover-20221013/UBNA_001/20221012_030000.WAV,Telephone Field,recover-20221013,001,1795
1579.2065,1579.2124,37500,44656,Myotis daubentonii,0.008,0.021,-1,Echolocation,/mnt/ubna_data_02_mir/recover-20221013/UBNA_001/20221012_030000.WAV,Telephone Field,recover-20221013,001,1795
1579.2075,1579.2139,27187,42108,Eptesicus serotinus,0.006,0.023,-1,Echolocation,/mnt/ubna_data_02_mir/recover-20221013/UBNA_001/20221012_030000.WAV,Telephone Field,recover-20221013,001,1795
1579.2145,1579.2516,68437,81807,Rhinolophus ferrumequinum,0.021,0.021,-1,Echolocation,/mnt/ubna_data_02_mir/recover-20221013/UBNA_001/20221012_030000.WAV,Telephone Field,recover-20221013,001,1795
1579.2275,1579.2387,24609,30311,Nyctalus leisleri,0.01,0.027,-1,Echolocation,/mnt/ubna_data_02_mir/recover-20221013/UBNA_001/20221012_030000.WAV,Telephone Field,recover-20221013,001,1795
1579.2295,1579.2669,68437,82028,Rhinolophus ferrumequinum,0.022,0.022,-1,Echolocation,/mnt/ubna_data_02_mir/recover-20221013/UBNA_001/20221012_030000.WAV,Telephone Field,recover-20221013,001,1795
1579.2545,1579.2947,68437,82454,Rhinolophus ferrumequinum,0.024,0.024,-1,Echolocation,/mnt/ubna_data_02_mir/recover-20221013/UBNA_001/20221012_030000.WAV,Telephone Field,recover-20221013,001,1795
1579.3145,1579.3248,22890,27989,Nyctalus leisleri,0.011,0.024,-1,Echolocation,/mnt/ubna_data_02_mir/recover-20221013/UBNA_001/20221012_030000.WAV,Telephone Field,recover-20221013,001,1795
1579.3375,1579.3742,68437,81633,Rhinolophus ferrumequinum,0.021,0.021,-1,Echolocation,/mnt/ubna_data_02_mir/recover-20221013/UBNA_001/20221012_030000.WAV,Telephone Field,recover-20221013,001,1795
1579.3555,1579.3653,23750,30218,Nyctalus leisleri,0.009,0.023,-1,Echolocation,/mnt/ubna_data_02_mir/recover-20221013/UBNA_001/20221012_030000.WAV,Telephone Field,recover-20221013,001,1795
1579.3605,1579.3994,68437,81791,Rhinolophus ferrumequinum,0.023,0.023,-1,Echolocation,/mnt/ubna_data_02_mir/recover-20221013/UBNA_001/20221012_030000.WAV,Telephone Field,recover-20221013,001,1795
1579.3685,1579.3757,27187,39723,Eptesicus serotinus,0.006,0.021,-1,Echolocation,/mnt/ubna_data_02_mir/recover-20221013/UBNA_001/20221012_030000.WAV,Telephone Field,recover-20221013,001,1795
1579.3765,1579.4143,68437,82281,Rhinolophus ferrumequinum,0.021,0.021,-1,Echolocation,/mnt/ubna_data_02_mir/recover-20221013/UBNA_001/20221012_030000.WAV,Telephone Field,recover-20221013,001,1795
1579.3915,1579.3988,24609,33635,Plecotus austriacus,0.007,0.021,-1,Echolocation,/mnt/ubna_data_02_mir/recover-20221013/UBNA_001/20221012_030000.WAV,Telephone Field,recover-20221013,001,1795
1579.3965,1579.4341,68437,83286,Rhinolophus ferrumequinum,0.03,0.03,-1,Echolocation,/mnt/ubna_data_02_mir/recover-20221013/UBNA_001/20221012_030000.WAV,Telephone Field,recover-20221013,001,1795
1579.4575,1579.4959,68437,82105,Rhinolophus ferrumequinum,0.024,0.024,-1,Echolocation,/mnt/ubna_data_02_mir/recover-20221013/UBNA_001/20221012_030000.WAV,Telephone Field,recover-20221013,001,1795
1579.4675,1579.4749,27187,37834,Eptesicus serotinus,0.006,0.021,-1,Echolocation,/mnt/ubna_data_02_mir/recover-20221013/UBNA_001/20221012_030000.WAV,Telephone Field,recover-20221013,001,1795
1579.4915,1579.5034,22890,27751,Nyctalus leisleri,0.01,0.021,-1,Echolocation,/mnt/ubna_data_02_mir/recover-20221013/UBNA_001/20221012_030000.WAV,Telephone Field,recover-20221013,001,1795
1579.4955,1579.5335,68437,81872,Rhinolophus ferrumequinum,0.024,0.024,-1,Echolocation,/mnt/ubna_data_02_mir/recover-20221013/UBNA_001/20221012_030000.WAV,Telephone Field,recover-20221013,001,1795
1579.5115,1579.5468,68437,81650,Rhinolophus ferrumequinum,0.021,0.021,-1,Echolocation,/mnt/ubna_data_02_mir/recover-20221013/UBNA_001/20221012_030000.WAV,Telephone Field,recover-20221013,001,1795
1579.5315,1579.5721,68437,82320,Rhinolophus ferrumequinum,0.023,0.023,-1,Echolocation,/mnt/ubna_data_02_mir/recover-20221013/UBNA_001/20221012_030000.WAV,Telephone Field,recover-20221013,001,1795
1579.5375,1579.5459,25468,34687,Eptesicus serotinus,0.008,0.023,-1,Echolocation,/mnt/ubna_data_02_mir/recover-20221013/UBNA_001/20221012_030000.WAV,Telephone Field,recover-20221013,001,1795
1579.5555,1579.5944,68437,81711,Rhinolophus ferrumequinum,0.021,0.021,-1,Echolocation,/mnt/ubna_data_02_mir/recover-20221013/UBNA_001/20221012_030000.WAV,Telephone Field,recover-20221013,001,1795
1579.5795,1579.614,68437,80530,Rhinolophus ferrumequinum,0.028,0.029,-1,Echolocation,/mnt/ubna_data_02_mir/recover-20221013/UBNA_001/20221012_030000.WAV,Telephone Field,recover-20221013,001,1795
1579.5985,1579.6361,68437,81882,Rhinolophus ferrumequinum,0.039,0.039,-1,Echolocation,/mnt/ubna_data_02_mir/recover-20221013/UBNA_001/20221012_030000.WAV,Telephone Field,recover-20221013,001,1795
1579.6155,1579.623,28046,39726,Eptesicus serotinus,0.006,0.02,-1,Echolocation,/mnt/ubna_data_02_mir/recover-20221013/UBNA_001/20221012_030000.WAV,Telephone Field,recover-20221013,001,1795
1579.6235,1579.637,22031,25997,Nyctalus leisleri,0.012,0.021,-1,Echolocation,/mnt/ubna_data_02_mir/recover-20221013/UBNA_001/20221012_030000.WAV,Telephone Field,recover-20221013,001,1795
1579.6315,1579.6697,68437,81783,Rhinolophus ferrumequinum,0.024,0.024,-1,Echolocation,/mnt/ubna_data_02_mir/recover-20221013/UBNA_001/20221012_030000.WAV,Telephone Field,recover-20221013,001,1795
1579.6695,1579.7076,68437,81961,Rhinolophus ferrumequinum,0.021,0.021,-1,Echolocation,/mnt/ubna_data_02_mir/recover-20221013/UBNA_001/20221012_030000.WAV,Telephone Field,recover-20221013,001,1795
1579.6835,1579.7207,68437,81617,Rhinolophus ferrumequinum,0.026,0.026,-1,Echolocation,/mnt/ubna_data_02_mir/recover-20221013/UBNA_001/20221012_030000.WAV,Telephone Field,recover-20221013,001,1795
1579.7275,1579.7662,68437,82190,Rhinolophus ferrumequinum,0.029,0.029,-1,Echolocation,/mnt/ubna_data_02_mir/recover-20221013/UBNA_001/20221012_030000.WAV,Telephone Field,recover-20221013,001,1795
1579.7515,1579.7902,68437,81754,Rhinolophus ferrumequinum,0.02,0.02,-1,Echolocation,/mnt/ubna_data_02_mir/recover-20221013/UBNA_001/20221012_030000.WAV,Telephone Field,recover-20221013,001,1795
1579.7965,1579.8342,68437,81859,Rhinolophus ferrumequinum,0.022,0.022,-1,Echolocation,/mnt/ubna_data_02_mir/recover-20221013/UBNA_001/20221012_030000.WAV,Telephone Field,recover-20221013,001,1795
1579.8195,1579.8536,68437,81263,Rhinolophus ferrumequinum,0.024,0.024,-1,Echolocation,/mnt/ubna_data_02_mir/recover-20221013/UBNA_001/20221012_030000.WAV,Telephone Field,recover-20221013,001,1795
1579.8275,1579.8379,24609,30610,Nyctalus leisleri,0.008,0.021,-1,Echolocation,/mnt/ubna_data_02_mir/recover-20221013/UBNA_001/20221012_030000.WAV,Telephone Field,recover-20221013,001,1795
1579.8415,1579.8779,68437,81803,Rhinolophus ferrumequinum,0.022,0.022,-1,Echolocation,/mnt/ubna_data_02_mir/recover-20221013/UBNA_001/20221012_030000.WAV,Telephone Field,recover-20221013,001,1795
1579.8595,1579.8929,68437,80978,Rhinolophus ferrumequinum,0.021,0.021,-1,Echolocation,/mnt/ubna_data_02_mir/recover-20221013/UBNA_001/20221012_030000.WAV,Telephone Field,recover-20221013,001,1795
1579.8775,1579.9121,68437,81991,Rhinolophus ferrumequinum,0.021,0.021,-1,Echolocation,/mnt/ubna_data_02_mir/recover-20221013/UBNA_001/20221012_030000.WAV,Telephone Field,recover-20221013,001,1795
1579.9055,1579.9159,22890,28351,Nyctalus leisleri,0.011,0.025,-1,Echolocation,/mnt/ubna_data_02_mir/recover-20221013/UBNA_001/20221012_030000.WAV,Telephone Field,recover-20221013,001,1795
1579.9205,1579.9609,68437,82633,Rhinolophus ferrumequinum,0.023,0.023,-1,Echolocation,/mnt/ubna_data_02_mir/recover-20221013/UBNA_001/20221012_030000.WAV,Telephone Field,recover-20221013,001,1795
1579.9325,1579.9715,68437,82569,Rhinolophus ferrumequinum,0.023,0.023,-1,Echolocation,/mnt/ubna_data_02_mir/recover-20221013/UBNA_001/20221012_030000.WAV,Telephone Field,recover-20221013,001,1795
1579.9435,1579.951,23750,31868,Plecotus austriacus,0.008,0.022,-1,Echolocation,/mnt/ubna_data_02_mir/recover-20221013/UBNA_001/20221012_030000.WAV,Telephone Field,recover-20221013,001,1795
1579.9575,1579.9962,68437,82281,Rhinolophus ferrumequinum,0.028,0.028,-1,Echolocation,/mnt/ubna_data_02_mir/recover-20221013/UBNA_001/20221012_030000.WAV,Telephone Field,recover-20221013,001,1795
1579.9805,1579.9906,22031,27535,Nyctalus leisleri,0.008,0.02,-1,Echolocation,/mnt/ubna_data_02_mir/recover-20221013/UBNA_001/20221012_030000.WAV,Telephone Field,recover-20221013,001,1795
1580.0015,1580.0106,25468,34959,Nyctalus leisleri,0.007,0.025,-1,Echolocation,/mnt/ubna_data_02_mir/recover-20221013/UBNA_001/20221012_030000.WAV,Telephone Field,recover-20221013,001,1795
1580.0605,1580.101,68437,82390,Rhinolophus ferrumequinum,0.022,0.022,-1,Echolocation,/mnt/ubna_data_02_mir/recover-20221013/UBNA_001/20221012_030000.WAV,Telephone Field,recover-20221013,001,1795
1580.0705,1580.109,68437,81696,Rhinolophus ferrumequinum,0.022,0.022,-1,Echolocation,/mnt/ubna_data_02_mir/recover-20221013/UBNA_001/20221012_030000.WAV,Telephone Field,recover-20221013,001,1795
1580.0915,1580.1276,68437,81672,Rhinolophus ferrumequinum,0.02,0.02,-1,Echolocation,/mnt/ubna_data_02_mir/recover-20221013/UBNA_001/20221012_030000.WAV,Telephone Field,recover-20221013,001,1795
1580.0965,1580.1321,68437,81405,Rhinolophus ferrumequinum,0.02,0.02,-1,Echolocation,/mnt/ubna_data_02_mir/recover-20221013/UBNA_001/20221012_030000.WAV,Telephone Field,recover-20221013,001,1795
1580.1155,1580.1219,24609,36072,Plecotus austriacus,0.013,0.029,-1,Echolocation,/mnt/ubna_data_02_mir/recover-20221013/UBNA_001/20221012_030000.WAV,Telephone Field,recover-20221013,001,1795
1580.1255,1580.1352,35781,41121,Barbastellus barbastellus,0.012,0.037,-1,Echolocation,/mnt/ubna_data_02_mir/recover-20221013/UBNA_001/20221012_030000.WAV,Telephone Field,recover-20221013,001,1795
1580.1405,1580.1799,68437,82038,Rhinolophus ferrumequinum,0.021,0.021,-1,Echolocation,/mnt/ubna_data_02_mir/recover-20221013/UBNA_001/20221012_030000.WAV,Telephone Field,recover-20221013,001,1795
1580.1475,1580.1864,68437,82274,Rhinolophus ferrumequinum,0.022,0.022,-1,Echolocation,/mnt/ubna_data_02_mir/recover-20221013/UBNA_001/20221012_030000.WAV,Telephone Field,recover-20221013,001,1795
1580.1885,1580.2302,68437,82193,Rhinolophus ferrumequinum,0.023,0.023,-1,Echolocation,/mnt/ubna_data_02_mir/recover-20221013/UBNA_001/20221012_030000.WAV,Telephone Field,recover-20221013,001,1795
1580.1895,1580.2019,28046,33529,Eptesicus serotinus,0.02,0.036,-1,Echolocation,/mnt/ubna_data_02_mir/recover-20221013/UBNA_001/20221012_030000.WAV,Telephone Field,recover-20221013,001,1795
1580.2165,1580.2572,68437,82548,Rhinolophus ferrumequinum,0.028,0.028,-1,Echolocation,/mnt/ubna_data_02_mir/recover-20221013/UBNA_001/20221012_030000.WAV,Telephone Field,recover-20221013,001,1795
1580.2215,1580.2622,68437,82931,Rhinolophus ferrumequinum,0.027,0.027,-1,Echolocation,/mnt/ubna_data_02_mir/recover-20221013/UBNA_001/20221012_030000.WAV,Telephone Field,recover-20221013,001,1795
1580.2255,1580.2363,23750,28861,Nyctalus leisleri,0.011,0.022,-1,Echolocation,/mnt/ubna_data_02_mir/recover-20221013/UBNA_001/20221012_030000.WAV,Telephone Field,recover-20221013,001,1795
1580.2605,1580.2666,28046,40526,Eptesicus serotinus,0.005,0.026,-1,Echolocation,/mnt/ubna_data_02_mir/recover-20221013/UBNA_001/20221012_030000.WAV,Telephone Field,recover-20221013,001,1795
1580.2685,1580.3063,68437,81793,Rhinolophus ferrumequinum,0.021,0.021,-1,Echolocation,/mnt/ubna_data_02_mir/recover-20221013/UBNA_001/20221012_030000.WAV,Telephone Field,recover-20221013,001,1795
1580.2865,1580.297,28046,37432,Eptesicus serotinus,0.011,0.024,-1,Echolocation,/mnt/ubna_data_02_mir/recover-20221013/UBNA_001/20221012_030000.WAV,Telephone Field,recover-20221013,001,1795
1580.2885,1580.3262,68437,81680,Rhinolophus ferrumequinum,0.021,0.021,-1,Echolocation,/mnt/ubna_data_02_mir/recover-20221013/UBNA_001/20221012_030000.WAV,Telephone Field,recover-20221013,001,1795
1580.2965,1580.3363,68437,82588,Rhinolophus ferrumequinum,0.023,0.023,-1,Echolocation,/mnt/ubna_data_02_mir/recover-20221013/UBNA_001/20221012_030000.WAV,Telephone Field,recover-20221013,001,1795
1580.3305,1580.3383,27187,36193,Eptesicus serotinus,0.008,0.027,-1,Echolocation,/mnt/ubna_data_02_mir/recover-20221013/UBNA_001/20221012_030000.WAV,Telephone Field,recover-20221013,001,1795
1580.3415,1580.3824,68437,82662,Rhinolophus ferrumequinum,0.028,0.028,-1,Echolocation,/mnt/ubna_data_02_mir/recover-20221013/UBNA_001/20221012_030000.WAV,Telephone Field,recover-20221013,001,1795
1580.3585,1580.3948,68437,81281,Rhinolophus ferrumequinum,0.023,0.023,-1,Echolocation,/mnt/ubna_data_02_mir/recover-20221013/UBNA_001/20221012_030000.WAV,Telephone Field,recover-20221013,001,1795
1580.3615,1580.369,23750,35957,Plecotus austriacus,0.01,0.025,-1,Echolocation,/mnt/ubna_data_02_mir/recover-20221013/UBNA_001/20221012_030000.WAV,Telephone Field,recover-20221013,001,1795
1580.3825,1580.416,68437,81545,Rhinolophus ferrumequinum,0.02,0.02,-1,Echolocation,/mnt/ubna_data_02_mir/recover-20221013/UBNA_001/20221012_030000.WAV,Telephone Field,recover-20221013,001,1795
1580.3835,1580.3901,28906,41088,Eptesicus serotinus,0.006,0.024,-1,Echolocation,/mnt/ubna_data_02_mir/recover-20221013/UBNA_001/20221012_030000.WAV,Telephone Field,recover-20221013,001,1795
1580.4055,1580.4154,22890,30043,Plecotus austriacus,0.009,0.027,-1,Echolocation,/mnt/ubna_data_02_mir/recover-20221013/UBNA_001/20221012_030000.WAV,Telephone Field,recover-20221013,001,1795
1580.4175,1580.4586,68437,82197,Rhinolophus ferrumequinum,0.02,0.02,-1,Echolocation,/mnt/ubna_data_02_mir/recover-20221013/UBNA_001/20221012_030000.WAV,Telephone Field,recover-20221013,001,1795
1580.4305,1580.4381,28046,38207,Eptesicus serotinus,0.006,0.02,-1,Echolocation,/mnt/ubna_data_02_mir/recover-20221013/UBNA_001/20221012_030000.WAV,Telephone Field,recover-20221013,001,1795
1580.4445,1580.4576,33203,36953,Pipistrellus nathusii,0.066,0.14,-1,Echolocation,/mnt/ubna_data_02_mir/recover-20221013/UBNA_001/20221012_030000.WAV,Telephone Field,recover-20221013,001,1795
1580.4625,1580.5046,68437,83163,Rhinolophus ferrumequinum,0.034,0.034,-1,Echolocation,/mnt/ubna_data_02_mir/recover-20221013/UBNA_001/20221012_030000.WAV,Telephone Field,recover-20221013,001,1795
1580.4915,1580.4988,24609,34507,Plecotus austriacus,0.009,0.025,-1,Echolocation,/mnt/ubna_data_02_mir/recover-20221013/UBNA_001/20221012_030000.WAV,Telephone Field,recover-20221013,001,1795
1580.4915,1580.4993,28906,38446,Eptesicus serotinus,0.008,0.025,-1,Echolocation,/mnt/ubna_data_02_mir/recover-20221013/UBNA_001/20221012_030000.WAV,Telephone Field,recover-20221013,001,1795
1580.4925,1580.5314,68437,82142,Rhinolophus ferrumequinum,0.029,0.029,-1,Echolocation,/mnt/ubna_data_02_mir/recover-20221013/UBNA_001/20221012_030000.WAV,Telephone Field,recover-20221013,001,1795
1580.5455,1580.5832,68437,82227,Rhinolophus ferrumequinum,0.024,0.024,-1,Echolocation,/mnt/ubna_data_02_mir/recover-20221013/UBNA_001/20221012_030000.WAV,Telephone Field,recover-20221013,001,1795
1580.5735,1580.5808,27187,36354,Eptesicus serotinus,0.007,0.021,-1,Echolocation,/mnt/ubna_data_02_mir/recover-20221013/UBNA_001/20221012_030000.WAV,Telephone Field,recover-20221013,001,1795
1580.5875,1580.6279,68437,81910,Rhinolophus ferrumequinum,0.022,0.022,-1,Echolocation,/mnt/ubna_data_02_mir/recover-20221013/UBNA_001/20221012_030000.WAV,Telephone Field,recover-20221013,001,1795
1580.6065,1580.614,23750,31947,Plecotus austriacus,0.008,0.022,-1,Echolocation,/mnt/ubna_data_02_mir/recover-20221013/UBNA_001/20221012_030000.WAV,Telephone Field,recover-20221013,001,1795
1580.6195,1580.6304,25468,31825,Eptesicus serotinus,0.012,0.029,-1,Echolocation,/mnt/ubna_data_02_mir/recover-20221013/UBNA_001/20221012_030000.WAV,Telephone Field,recover-20221013,001,1795
1580.6195,1580.6616,68437,82902,Rhinolophus ferrumequinum,0.026,0.026,-1,Echolocation,/mnt/ubna_data_02_mir/recover-20221013/UBNA_001/20221012_030000.WAV,Telephone Field,recover-20221013,001,1795
1580.6295,1580.6384,32343,42105,Myotis daubentonii,0.005,0.021,-1,Echolocation,/mnt/ubna_data_02_mir/recover-20221013/UBNA_001/20221012_030000.WAV,Telephone Field,recover-20221013,001,1795
1580.6435,1580.6531,24609,30130,Eptesicus serotinus,0.008,0.022,-1,Echolocation,/mnt/ubna_data_02_mir/recover-20221013/UBNA_001/20221012_030000.WAV,Telephone Field,recover-20221013,001,1795
1580.6745,1580.7116,68437,82062,Rhinolophus ferrumequinum,0.021,0.021,-1,Echolocation,/mnt/ubna_data_02_mir/recover-20221013/UBNA_001/20221012_030000.WAV,Telephone Field,recover-20221013,001,1795
1580.7155,1580.724,27187,35182,Eptesicus serotinus,0.008,0.02,-1,Echolocation,/mnt/ubna_data_02_mir/recover-20221013/UBNA_001/20221012_030000.WAV,Telephone Field,recover-20221013,001,1795
1580.7275,1580.7349,47812,52989,Pipistrellus pipistrellus,0.021,0.022,-1,Echolocation,/mnt/ubna_data_02_mir/recover-20221013/UBNA_001/20221012_030000.WAV,Telephone Field,recover-20221013,001,1795
1580.7305,1580.7721,68437,82421,Rhinolophus ferrumequinum,0.023,0.023,-1,Echolocation,/mnt/ubna_data_02_mir/recover-20221013/UBNA_001/20221012_030000.WAV,Telephone Field,recover-20221013,001,1795
1580.7845,1580.7955,28906,36222,Eptesicus serotinus,0.013,0.024,-1,Echolocation,/mnt/ubna_data_02_mir/recover-20221013/UBNA_001/20221012_030000.WAV,Telephone Field,recover-20221013,001,1795
1580.7915,1580.8316,68437,82060,Rhinolophus ferrumequinum,0.024,0.024,-1,Echolocation,/mnt/ubna_data_02_mir/recover-20221013/UBNA_001/20221012_030000.WAV,Telephone Field,recover-20221013,001,1795
1580.8165,1580.823,25468,35685,Plecotus austriacus,0.009,0.026,-1,Echolocation,/mnt/ubna_data_02_mir/recover-20221013/UBNA_001/20221012_030000.WAV,Telephone Field,recover-20221013,001,1795
1580.8455,1580.8868,68437,83180,Rhinolophus ferrumequinum,0.042,0.042,-1,Echolocation,/mnt/ubna_data_02_mir/recover-20221013/UBNA_001/20221012_030000.WAV,Telephone Field,recover-20221013,001,1795
1580.8785,1580.8898,23750,29283,Nyctalus leisleri,0.012,0.025,-1,Echolocation,/mnt/ubna_data_02_mir/recover-20221013/UBNA_001/20221012_030000.WAV,Telephone Field,recover-20221013,001,1795
1580.9545,1580.9916,68437,81363,Rhinolophus ferrumequinum,0.02,0.02,-1,Echolocation,/mnt/ubna_data_02_mir/recover-20221013/UBNA_001/20221012_030000.WAV,Telephone Field,recover-20221013,001,1795
1580.9595,1580.9973,68437,81893,Rhinolophus ferrumequinum,0.02,0.02,-1,Echolocation,/mnt/ubna_data_02_mir/recover-20221013/UBNA_001/20221012_030000.WAV,Telephone Field,recover-20221013,001,1795
1580.9605,1580.9729,41796,43728,Pipistrellus pipistrellus,0.025,0.03,-1,Echolocation,/mnt/ubna_data_02_mir/recover-20221013/UBNA_001/20221012_030000.WAV,Telephone Field,recover-20221013,001,1795
1580.9965,1581.0032,46953,53039,Pipistrellus pipistrellus,0.02,0.022,-1,Echolocation,/mnt/ubna_data_02_mir/recover-20221013/UBNA_001/20221012_030000.WAV,Telephone Field,recover-20221013,001,1795
1581.0195,1581.0293,25468,33551,Eptesicus serotinus,0.009,0.022,-1,Echolocation,/mnt/ubna_data_02_mir/recover-20221013/UBNA_001/20221012_030000.WAV,Telephone Field,recover-20221013,001,1795
1581.0225,1581.061,68437,81944,Rhinolophus ferrumequinum,0.022,0.022,-1,Echolocation,/mnt/ubna_data_02_mir/recover-20221013/UBNA_001/20221012_030000.WAV,Telephone Field,recover-20221013,001,1795
1581.0605,1581.0992,68437,82321,Rhinolophus ferrumequinum,0.02,0.021,-1,Echolocation,/mnt/ubna_data_02_mir/recover-20221013/UBNA_001/20221012_030000.WAV,Telephone Field,recover-20221013,001,1795
1581.1285,1581.1651,68437,81359,Rhinolophus ferrumequinum,0.021,0.021,-1,Echolocation,/mnt/ubna_data_02_mir/recover-20221013/UBNA_001/20221012_030000.WAV,Telephone Field,recover-20221013,001,1795
1581.1605,1581.2044,68437,82932,Rhinolophus ferrumequinum,0.029,0.029,-1,Echolocation,/mnt/ubna_data_02_mir/recover-20221013/UBNA_001/20221012_030000.WAV,Telephone Field,recover-20221013,001,1795
1581.1875,1581.1988,23750,30363,Nyctalus leisleri,0.009,0.023,-1,Echolocation,/mnt/ubna_data_02_mir/recover-20221013/UBNA_001/20221012_030000.WAV,Telephone Field,recover-20221013,001,1795
1581.1895,1581.2269000000001,68437,81594,Rhinolophus ferrumequinum,0.022,0.022,-1,Echolocation,/mnt/ubna_data_02_mir/recover-20221013/UBNA_001/20221012_030000.WAV,Telephone Field,recover-20221013,001,1795
1581.2265,1581.2667,68437,82617,Rhinolophus ferrumequinum,0.023,0.023,-1,Echolocation,/mnt/ubna_data_02_mir/recover-20221013/UBNA_001/20221012_030000.WAV,Telephone Field,recover-20221013,001,1795
1581.2275,1581.2382,28906,39004,Eptesicus serotinus,0.012,0.028,-1,Echolocation,/mnt/ubna_data_02_mir/recover-20221013/UBNA_001/20221012_030000.WAV,Telephone Field,recover-20221013,001,1795
1581.2435,1581.2811,68437,81398,Rhinolophus ferrumequinum,0.021,0.021,-1,Echolocation,/mnt/ubna_data_02_mir/recover-20221013/UBNA_001/20221012_030000.WAV,Telephone Field,recover-20221013,001,1795
1581.2955,1581.3363,68437,82521,Rhinolophus ferrumequinum,0.024,0.024,-1,Echolocation,/mnt/ubna_data_02_mir/recover-20221013/UBNA_001/20221012_030000.WAV,Telephone Field,recover-20221013,001,1795
1581.2985,1581.3084,28906,37408,Eptesicus serotinus,0.01,0.023,-1,Echolocation,/mnt/ubna_data_02_mir/recover-20221013/UBNA_001/20221012_030000.WAV,Telephone Field,recover-20221013,001,1795
1581.3285,1581.3681,68437,81238,Rhinolophus ferrumequinum,0.021,0.021,-1,Echolocation,/mnt/ubna_data_02_mir/recover-20221013/UBNA_001/20221012_030000.WAV,Telephone Field,recover-20221013,001,1795
1581.3345,1581.3442,28906,36703,Eptesicus serotinus,0.009,0.025,-1,Echolocation,/mnt/ubna_data_02_mir/recover-20221013/UBNA_001/20221012_030000.WAV,Telephone Field,recover-20221013,001,1795
1581.3475,1581.3635,45234,48140,Pipistrellus pipistrellus,0.043,0.048,-1,Echolocation,/mnt/ubna_data_02_mir/recover-20221013/UBNA_001/20221012_030000.WAV,Telephone Field,recover-20221013,001,1795
1581.3735,1581.4133,68437,81393,Rhinolophus ferrumequinum,0.022,0.023,-1,Echolocation,/mnt/ubna_data_02_mir/recover-20221013/UBNA_001/20221012_030000.WAV,Telephone Field,recover-20221013,001,1795
1581.3985,1581.4375,68437,82076,Rhinolophus ferrumequinum,0.021,0.021,-1,Echolocation,/mnt/ubna_data_02_mir/recover-20221013/UBNA_001/20221012_030000.WAV,Telephone Field,recover-20221013,001,1795
1581.4215,1581.4601,68437,82403,Rhinolophus ferrumequinum,0.028,0.028,-1,Echolocation,/mnt/ubna_data_02_mir/recover-20221013/UBNA_001/20221012_030000.WAV,Telephone Field,recover-20221013,001,1795
1581.4425,1581.4499,26328,35061,Eptesicus serotinus,0.007,0.02,-1,Echolocation,/mnt/ubna_data_02_mir/recover-20221013/UBNA_001/20221012_030000.WAV,Telephone Field,recover-20221013,001,1795
1581.4885,1581.5275,68437,82026,Rhinolophus ferrumequinum,0.021,0.021,-1,Echolocation,/mnt/ubna_data_02_mir/recover-20221013/UBNA_001/20221012_030000.WAV,Telephone Field,recover-20221013,001,1795
1581.5195,1581.5302,22890,27490,Nyctalus leisleri,0.011,0.022,-1,Echolocation,/mnt/ubna_data_02_mir/recover-20221013/UBNA_001/20221012_030000.WAV,Telephone Field,recover-20221013,001,1795
1581.5235,1581.5658,68437,83107,Rhinolophus ferrumequinum,0.038,0.038,-1,Echolocation,/mnt/ubna_data_02_mir/recover-20221013/UBNA_001/20221012_030000.WAV,Telephone Field,recover-20221013,001,1795
1581.5555,1581.5906,68437,81493,Rhinolophus ferrumequinum,0.027,0.027,-1,Echolocation,/mnt/ubna_data_02_mir/recover-20221013/UBNA_001/20221012_030000.WAV,Telephone Field,recover-20221013,001,1795
1581.5555,1581.5642,26328,34798,Eptesicus serotinus,0.008,0.028,-1,Echolocation,/mnt/ubna_data_02_mir/recover-20221013/UBNA_001/20221012_030000.WAV,Telephone Field,recover-20221013,001,1795
1581.5825,1581.5916,28906,36757,Eptesicus serotinus,0.015,0.03,-1,Echolocation,/mnt/ubna_data_02_mir/recover-20221013/UBNA_001/20221012_030000.WAV,Telephone Field,recover-20221013,001,1795
1581.5985,1581.6415,68437,82644,Rhinolophus ferrumequinum,0.021,0.022,-1,Echolocation,/mnt/ubna_data_02_mir/recover-20221013/UBNA_001/20221012_030000.WAV,Telephone Field,recover-20221013,001,1795
1581.6845,1581.7272,68437,83205,Rhinolophus ferrumequinum,0.025,0.025,-1,Echolocation,/mnt/ubna_data_02_mir/recover-20221013/UBNA_001/20221012_030000.WAV,Telephone Field,recover-20221013,001,1795
1581.7055,1581.7446,68437,82980,Rhinolophus ferrumequinum,0.023,0.023,-1,Echolocation,/mnt/ubna_data_02_mir/recover-20221013/UBNA_001/20221012_030000.WAV,Telephone Field,recover-20221013,001,1795
1581.7315,1581.776,68437,83219,Rhinolophus ferrumequinum,0.024,0.024,-1,Echolocation,/mnt/ubna_data_02_mir/recover-20221013/UBNA_001/20221012_030000.WAV,Telephone Field,recover-20221013,001,1795
1581.7375,1581.7475,25468,33518,Eptesicus serotinus,0.007,0.021,-1,Echolocation,/mnt/ubna_data_02_mir/recover-20221013/UBNA_001/20221012_030000.WAV,Telephone Field,recover-20221013,001,1795
1581.7475,1581.7622,22890,26660,Nyctalus leisleri,0.013,0.022,-1,Echolocation,/mnt/ubna_data_02_mir/recover-20221013/UBNA_001/20221012_030000.WAV,Telephone Field,recover-20221013,001,1795
1581.7775,1581.7959,20312,23265,Nyctalus leisleri,0.015,0.025,-1,Echolocation,/mnt/ubna_data_02_mir/recover-20221013/UBNA_001/20221012_030000.WAV,Telephone Field,recover-20221013,001,1795
1581.7835,1581.8241,68437,82778,Rhinolophus ferrumequinum,0.022,0.022,-1,Echolocation,/mnt/ubna_data_02_mir/recover-20221013/UBNA_001/20221012_030000.WAV,Telephone Field,recover-20221013,001,1795
1581.8045,1581.8406,68437,81671,Rhinolophus ferrumequinum,0.021,0.021,-1,Echolocation,/mnt/ubna_data_02_mir/recover-20221013/UBNA_001/20221012_030000.WAV,Telephone Field,recover-20221013,001,1795
1581.8125,1581.8229,24609,31401,Nyctalus leisleri,0.007,0.02,-1,Echolocation,/mnt/ubna_data_02_mir/recover-20221013/UBNA_001/20221012_030000.WAV,Telephone Field,recover-20221013,001,1795
1581.8555,1581.8931,68437,81816,Rhinolophus ferrumequinum,0.022,0.022,-1,Echolocation,/mnt/ubna_data_02_mir/recover-20221013/UBNA_001/20221012_030000.WAV,Telephone Field,recover-20221013,001,1795
1581.8565,1581.8662,28906,38037,Eptesicus serotinus,0.009,0.023,-1,Echolocation,/mnt/ubna_data_02_mir/recover-20221013/UBNA_001/20221012_030000.WAV,Telephone Field,recover-20221013,001,1795
1581.9085,1581.9441,68437,81682,Rhinolophus ferrumequinum,0.027,0.027,-1,Echolocation,/mnt/ubna_data_02_mir/recover-20221013/UBNA_001/20221012_030000.WAV,Telephone Field,recover-20221013,001,1795
1581.9225,1581.9321,28906,38990,Eptesicus serotinus,0.011,0.025,-1,Echolocation,/mnt/ubna_data_02_mir/recover-20221013/UBNA_001/20221012_030000.WAV,Telephone Field,recover-20221013,001,1795
1581.9245,1581.9355,34921,40551,Eptesicus serotinus,0.006,0.025,-1,Echolocation,/mnt/ubna_data_02_mir/recover-20221013/UBNA_001/20221012_030000.WAV,Telephone Field,recover-20221013,001,1795
1581.9515,1581.9846,68437,80468,Rhinolophus ferrumequinum,0.022,0.022,-1,Echolocation,/mnt/ubna_data_02_mir/recover-20221013/UBNA_001/20221012_030000.WAV,Telephone Field,recover-20221013,001,1795
1582.0015,1582.0086000000001,36640,49067,Myotis daubentonii,0.007,0.024,-1,Echolocation,/mnt/ubna_data_02_mir/recover-20221013/UBNA_001/20221012_030000.WAV,Telephone Field,recover-20221013,001,1795
1582.0015,1582.0085,46093,51576,Pipistrellus pipistrellus,0.018,0.024,-1,Echolocation,/mnt/ubna_data_02_mir/recover-20221013/UBNA_001/20221012_030000.WAV,Telephone Field,recover-20221013,001,1795
1582.0015,1582.0329,68437,80044,Rhinolophus ferrumequinum,0.038,0.038,-1,Echolocation,/mnt/ubna_data_02_mir/recover-20221013/UBNA_001/20221012_030000.WAV,Telephone Field,recover-20221013,001,1795
1582.0015,1582.0082,25468,40682,Myotis nattereri,0.006,0.023,-1,Echolocation,/mnt/ubna_data_02_mir/recover-20221013/UBNA_001/20221012_030000.WAV,Telephone Field,recover-20221013,001,1795
1582.0605,1582.0989,68437,82041,Rhinolophus ferrumequinum,0.022,0.022,-1,Echolocation,/mnt/ubna_data_02_mir/recover-20221013/UBNA_001/20221012_030000.WAV,Telephone Field,recover-20221013,001,1795
1582.0895,1582.1297,68437,82224,Rhinolophus ferrumequinum,0.021,0.021,-1,Echolocation,/mnt/ubna_data_02_mir/recover-20221013/UBNA_001/20221012_030000.WAV,Telephone Field,recover-20221013,001,1795
1582.1225,1582.1638,68437,82509,Rhinolophus ferrumequinum,0.027,0.027,-1,Echolocation,/mnt/ubna_data_02_mir/recover-20221013/UBNA_001/20221012_030000.WAV,Telephone Field,recover-20221013,001,1795
1582.1505,1582.1603,23750,31401,Nyctalus leisleri,0.009,0.034,-1,Echolocation,/mnt/ubna_data_02_mir/recover-20221013/UBNA_001/20221012_030000.WAV,Telephone Field,recover-20221013,001,1795
1582.1535,1582.1929,68437,82853,Rhinolophus ferrumequinum,0.026,0.026,-1,Echolocation,/mnt/ubna_data_02_mir/recover-20221013/UBNA_001/20221012_030000.WAV,Telephone Field,recover-20221013,001,1795
1582.1795,1582.2205,68437,82638,Rhinolophus ferrumequinum,0.041,0.041,-1,Echolocation,/mnt/ubna_data_02_mir/recover-20221013/UBNA_001/20221012_030000.WAV,Telephone Field,recover-20221013,001,1795
1582.1935,1582.2028,27187,37145,Eptesicus serotinus,0.008,0.022,-1,Echolocation,/mnt/ubna_data_02_mir/recover-20221013/UBNA_001/20221012_030000.WAV,Telephone Field,recover-20221013,001,1795
1582.2025,1582.2118,28046,37117,Eptesicus serotinus,0.009,0.021,-1,Echolocation,/mnt/ubna_data_02_mir/recover-20221013/UBNA_001/20221012_030000.WAV,Telephone Field,recover-20221013,001,1795
1582.2245,1582.2625,68437,81901,Rhinolophus ferrumequinum,0.026,0.026,-1,Echolocation,/mnt/ubna_data_02_mir/recover-20221013/UBNA_001/20221012_030000.WAV,Telephone Field,recover-20221013,001,1795
1582.2465,1582.2871,68437,82914,Rhinolophus ferrumequinum,0.022,0.022,-1,Echolocation,/mnt/ubna_data_02_mir/recover-20221013/UBNA_001/20221012_030000.WAV,Telephone Field,recover-20221013,001,1795
1582.2535,1582.2918,68437,82190,Rhinolophus ferrumequinum,0.022,0.022,-1,Echolocation,/mnt/ubna_data_02_mir/recover-20221013/UBNA_001/20221012_030000.WAV,Telephone Field,recover-20221013,001,1795
1582.2705,1582.3083,68437,82124,Rhinolophus ferrumequinum,0.022,0.022,-1,Echolocation,/mnt/ubna_data_02_mir/recover-20221013/UBNA_001/20221012_030000.WAV,Telephone Field,recover-20221013,001,1795
1582.2745,1582.2843,26328,34547,Eptesicus serotinus,0.01,0.024,-1,Echolocation,/mnt/ubna_data_02_mir/recover-20221013/UBNA_001/20221012_030000.WAV,Telephone Field,recover-20221013,001,1795
1582.2765,1582.3136,68437,82157,Rhinolophus ferrumequinum,0.022,0.022,-1,Echolocation,/mnt/ubna_data_02_mir/recover-20221013/UBNA_001/20221012_030000.WAV,Telephone Field,recover-20221013,001,1795
1582.2815,1582.3188,68437,82203,Rhinolophus ferrumequinum,0.022,0.022,-1,Echolocation,/mnt/ubna_data_02_mir/recover-20221013/UBNA_001/20221012_030000.WAV,Telephone Field,recover-20221013,001,1795
1582.3035,1582.3118,27187,40782,Eptesicus serotinus,0.008,0.024,-1,Echolocation,/mnt/ubna_data_02_mir/recover-20221013/UBNA_001/20221012_030000.WAV,Telephone Field,recover-20221013,001,1795
1582.3575,1582.3663,28046,40066,Eptesicus serotinus,0.008,0.021,-1,Echolocation,/mnt/ubna_data_02_mir/recover-20221013/UBNA_001/20221012_030000.WAV,Telephone Field,recover-20221013,001,1795
1582.3645,1582.4042,68437,82008,Rhinolophus ferrumequinum,0.025,0.025,-1,Echolocation,/mnt/ubna_data_02_mir/recover-20221013/UBNA_001/20221012_030000.WAV,Telephone Field,recover-20221013,001,1795
1582.3665,1582.3765,28046,38011,Eptesicus serotinus,0.009,0.022,-1,Echolocation,/mnt/ubna_data_02_mir/recover-20221013/UBNA_001/20221012_030000.WAV,Telephone Field,recover-20221013,001,1795
1582.3925,1582.3995,27187,39315,Eptesicus serotinus,0.007,0.025,-1,Echolocation,/mnt/ubna_data_02_mir/recover-20221013/UBNA_001/20221012_030000.WAV,Telephone Field,recover-20221013,001,1795
1582.3945,1582.4047,22031,26938,Nyctalus leisleri,0.011,0.024,-1,Echolocation,/mnt/ubna_data_02_mir/recover-20221013/UBNA_001/20221012_030000.WAV,Telephone Field,recover-20221013,001,1795
1582.4025,1582.4419,68437,82499,Rhinolophus ferrumequinum,0.026,0.026,-1,Echolocation,/mnt/ubna_data_02_mir/recover-20221013/UBNA_001/20221012_030000.WAV,Telephone Field,recover-20221013,001,1795
1582.4485,1582.4851,68437,82051,Rhinolophus ferrumequinum,0.025,0.025,-1,Echolocation,/mnt/ubna_data_02_mir/recover-20221013/UBNA_001/20221012_030000.WAV,Telephone Field,recover-20221013,001,1795
1582.4925,1582.5315,68437,82042,Rhinolophus ferrumequinum,0.031,0.031,-1,Echolocation,/mnt/ubna_data_02_mir/recover-20221013/UBNA_001/20221012_030000.WAV,Telephone Field,recover-20221013,001,1795
1582.5025,1582.5125,28906,36302,Eptesicus serotinus,0.013,0.027,-1,Echolocation,/mnt/ubna_data_02_mir/recover-20221013/UBNA_001/20221012_030000.WAV,Telephone Field,recover-20221013,001,1795
1582.5505,1582.5859,68437,80747,Rhinolophus ferrumequinum,0.022,0.022,-1,Echolocation,/mnt/ubna_data_02_mir/recover-20221013/UBNA_001/20221012_030000.WAV,Telephone Field,recover-20221013,001,1795
1582.5965,1582.6065,28046,36257,Eptesicus serotinus,0.01,0.022,-1,Echolocation,/mnt/ubna_data_02_mir/recover-20221013/UBNA_001/20221012_030000.WAV,Telephone Field,recover-20221013,001,1795
1582.6215,1582.6621,68437,81810,Rhinolophus ferrumequinum,0.031,0.031,-1,Echolocation,/mnt/ubna_data_02_mir/recover-20221013/UBNA_001/20221012_030000.WAV,Telephone Field,recover-20221013,001,1795
1582.6425,1582.6505,23750,31431,Plecotus austriacus,0.008,0.022,-1,Echolocation,/mnt/ubna_data_02_mir/recover-20221013/UBNA_001/20221012_030000.WAV,Telephone Field,recover-20221013,001,1795
1582.6535,1582.6603,35781,47041,Myotis daubentonii,0.011,0.025,-1,Echolocation,/mnt/ubna_data_02_mir/recover-20221013/UBNA_001/20221012_030000.WAV,Telephone Field,recover-20221013,001,1795
1582.6555,1582.6621,31484,46701,Myotis daubentonii,0.011,0.025,-1,Echolocation,/mnt/ubna_data_02_mir/recover-20221013/UBNA_001/20221012_030000.WAV,Telephone Field,recover-20221013,001,1795
1582.6955,1582.7325,68437,82257,Rhinolophus ferrumequinum,0.022,0.022,-1,Echolocation,/mnt/ubna_data_02_mir/recover-20221013/UBNA_001/20221012_030000.WAV,Telephone Field,recover-20221013,001,1795
1582.7105,1582.7513,68437,83258,Rhinolophus ferrumequinum,0.029,0.029,-1,Echolocation,/mnt/ubna_data_02_mir/recover-20221013/UBNA_001/20221012_030000.WAV,Telephone Field,recover-20221013,001,1795
1582.7125,1582.723,22890,28700,Nyctalus leisleri,0.009,0.022,-1,Echolocation,/mnt/ubna_data_02_mir/recover-20221013/UBNA_001/20221012_030000.WAV,Telephone Field,recover-20221013,001,1795
1582.7145,1582.7258,48671,52678,Pipistrellus pipistrellus,0.033,0.036,-1,Echolocation,/mnt/ubna_data_02_mir/recover-20221013/UBNA_001/20221012_030000.WAV,Telephone Field,recover-20221013,001,1795
1582.7435,1582.7558,23750,29117,Nyctalus leisleri,0.012,0.027,-1,Echolocation,/mnt/ubna_data_02_mir/recover-20221013/UBNA_001/20221012_030000.WAV,Telephone Field,recover-20221013,001,1795
1582.7505,1582.7935,68437,83186,Rhinolophus ferrumequinum,0.022,0.022,-1,Echolocation,/mnt/ubna_data_02_mir/recover-20221013/UBNA_001/20221012_030000.WAV,Telephone Field,recover-20221013,001,1795
1582.8285,1582.8379,50390,54819,Pipistrellus pipistrellus,0.02,0.024,-1,Echolocation,/mnt/ubna_data_02_mir/recover-20221013/UBNA_001/20221012_030000.WAV,Telephone Field,recover-20221013,001,1795
1582.8375,1582.8749,68437,82240,Rhinolophus ferrumequinum,0.021,0.022,-1,Echolocation,/mnt/ubna_data_02_mir/recover-20221013/UBNA_001/20221012_030000.WAV,Telephone Field,recover-20221013,001,1795
1582.8625,1582.8731,23750,29910,Nyctalus leisleri,0.008,0.023,-1,Echolocation,/mnt/ubna_data_02_mir/recover-20221013/UBNA_001/20221012_030000.WAV,Telephone Field,recover-20221013,001,1795
1582.9005,1582.937,68437,81741,Rhinolophus ferrumequinum,0.023,0.023,-1,Echolocation,/mnt/ubna_data_02_mir/recover-20221013/UBNA_001/20221012_030000.WAV,Telephone Field,recover-20221013,001,1795
1582.9105,1582.9505,68437,82323,Rhinolophus ferrumequinum,0.026,0.026,-1,Echolocation,/mnt/ubna_data_02_mir/recover-20221013/UBNA_001/20221012_030000.WAV,Telephone Field,recover-20221013,001,1795
1582.9345,1582.9746,68437,83115,Rhinolophus ferrumequinum,0.026,0.026,-1,Echolocation,/mnt/ubna_data_02_mir/recover-20221013/UBNA_001/20221012_030000.WAV,Telephone Field,recover-20221013,001,1795
1582.9355,1582.9442,23750,31309,Plecotus austriacus,0.008,0.023,-1,Echolocation,/mnt/ubna_data_02_mir/recover-20221013/UBNA_001/20221012_030000.WAV,Telephone Field,recover-20221013,001,1795
1582.9695,1583.0068,68437,82176,Rhinolophus ferrumequinum,0.022,0.022,-1,Echolocation,/mnt/ubna_data_02_mir/recover-20221013/UBNA_001/20221012_030000.WAV,Telephone Field,recover-20221013,001,1795
1582.9725,1582.9814,25468,33159,Eptesicus serotinus,0.009,0.022,-1,Echolocation,/mnt/ubna_data_02_mir/recover-20221013/UBNA_001/20221012_030000.WAV,Telephone Field,recover-20221013,001,1795
1583.0075,1583.0477,68437,82605,Rhinolophus ferrumequinum,0.027,0.027,-1,Echolocation,/mnt/ubna_data_02_mir/recover-20221013/UBNA_001/20221012_030000.WAV,Telephone Field,recover-20221013,001,1795
1583.0105,1583.0184,28046,38700,Eptesicus serotinus,0.007,0.022,-1,Echolocation,/mnt/ubna_data_02_mir/recover-20221013/UBNA_001/20221012_030000.WAV,Telephone Field,recover-20221013,001,1795
1583.0265,1583.0654,68437,82218,Rhinolophus ferrumequinum,0.021,0.021,-1,Echolocation,/mnt/ubna_data_02_mir/recover-20221013/UBNA_001/20221012_030000.WAV,Telephone Field,recover-20221013,001,1795
1583.0355,1583.0743,68437,81694,Rhinolophus ferrumequinum,0.021,0.022,-1,Echolocation,/mnt/ubna_data_02_mir/recover-20221013/UBNA_001/20221012_030000.WAV,Telephone Field,recover-20221013,001,1795
1583.0545,1583.063,45234,52451,Pipistrellus pipistrellus,0.018,0.024,-1,Echolocation,/mnt/ubna_data_02_mir/recover-20221013/UBNA_001/20221012_030000.WAV,Telephone Field,recover-20221013,001,1795
1583.0635,1583.0719,24609,33018,Eptesicus serotinus,0.007,0.03,-1,Echolocation,/mnt/ubna_data_02_mir/recover-20221013/UBNA_001/20221012_030000.WAV,Telephone Field,recover-20221013,001,1795
1583.0645,1583.0752,34921,41196,Eptesicus serotinus,0.008,0.03,-1,Echolocation,/mnt/ubna_data_02_mir/recover-20221013/UBNA_001/20221012_030000.WAV,Telephone Field,recover-20221013,001,1795
1583.0785,1583.1141,68437,81633,Rhinolophus ferrumequinum,0.025,0.025,-1,Echolocation,/mnt/ubna_data_02_mir/recover-20221013/UBNA_001/20221012_030000.WAV,Telephone Field,recover-20221013,001,1795
1583.0935,1583.1337,68437,82321,Rhinolophus ferrumequinum,0.026,0.026,-1,Echolocation,/mnt/ubna_data_02_mir/recover-20221013/UBNA_001/20221012_030000.WAV,Telephone Field,recover-20221013,001,1795
1583.1425,1583.1831,68437,82563,Rhinolophus ferrumequinum,0.027,0.027,-1,Echolocation,/mnt/ubna_data_02_mir/recover-20221013/UBNA_001/20221012_030000.WAV,Telephone Field,recover-20221013,001,1795
1583.1735,1583.1839,25468,32907,Eptesicus serotinus,0.014,0.031,-1,Echolocation,/mnt/ubna_data_02_mir/recover-20221013/UBNA_001/20221012_030000.WAV,Telephone Field,recover-20221013,001,1795
1583.1765,1583.2153,68437,82157,Rhinolophus ferrumequinum,0.022,0.022,-1,Echolocation,/mnt/ubna_data_02_mir/recover-20221013/UBNA_001/20221012_030000.WAV,Telephone Field,recover-20221013,001,1795
1583.1935,1583.2331,68437,82299,Rhinolophus ferrumequinum,0.025,0.025,-1,Echolocation,/mnt/ubna_data_02_mir/recover-20221013/UBNA_001/20221012_030000.WAV,Telephone Field,recover-20221013,001,1795
1583.1975,1583.2141,22031,25384,Nyctalus leisleri,0.017,0.031,-1,Echolocation,/mnt/ubna_data_02_mir/recover-20221013/UBNA_001/20221012_030000.WAV,Telephone Field,recover-20221013,001,1795
1583.2715,1583.2815,26328,33616,Eptesicus serotinus,0.012,0.025,-1,Echolocation,/mnt/ubna_data_02_mir/recover-20221013/UBNA_001/20221012_030000.WAV,Telephone Field,recover-20221013,001,1795
1583.2925,1583.3023,24609,31898,Eptesicus serotinus,0.008,0.025,-1,Echolocation,/mnt/ubna_data_02_mir/recover-20221013/UBNA_001/20221012_030000.WAV,Telephone Field,recover-20221013,001,1795
1583.3095,1583.3191,27187,35633,Eptesicus serotinus,0.01,0.022,-1,Echolocation,/mnt/ubna_data_02_mir/recover-20221013/UBNA_001/20221012_030000.WAV,Telephone Field,recover-20221013,001,1795
1583.4015,1583.4124,28906,36977,Eptesicus serotinus,0.013,0.027,-1,Echolocation,/mnt/ubna_data_02_mir/recover-20221013/UBNA_001/20221012_030000.WAV,Telephone Field,recover-20221013,001,1795
1583.4165,1583.4546,68437,81540,Rhinolophus ferrumequinum,0.023,0.023,-1,Echolocation,/mnt/ubna_data_02_mir/recover-20221013/UBNA_001/20221012_030000.WAV,Telephone Field,recover-20221013,001,1795
1583.4175,1583.425,24609,34002,Plecotus austriacus,0.008,0.023,-1,Echolocation,/mnt/ubna_data_02_mir/recover-20221013/UBNA_001/20221012_030000.WAV,Telephone Field,recover-20221013,001,1795
1583.4885,1583.4974,28046,36695,Eptesicus serotinus,0.008,0.021,-1,Echolocation,/mnt/ubna_data_02_mir/recover-20221013/UBNA_001/20221012_030000.WAV,Telephone Field,recover-20221013,001,1795
1583.5555,1583.5618,48671,56103,Pipistrellus pipistrellus,0.022,0.024,-1,Echolocation,/mnt/ubna_data_02_mir/recover-20221013/UBNA_001/20221012_030000.WAV,Telephone Field,recover-20221013,001,1795
1583.5575,1583.568,22031,26900,Nyctalus leisleri,0.011,0.023,-1,Echolocation,/mnt/ubna_data_02_mir/recover-20221013/UBNA_001/20221012_030000.WAV,Telephone Field,recover-20221013,001,1795
1583.6235,1583.6351,34921,40795,Eptesicus serotinus,0.005,0.021,-1,Echolocation,/mnt/ubna_data_02_mir/recover-20221013/UBNA_001/20221012_030000.WAV,Telephone Field,recover-20221013,001,1795
1583.6255,1583.6654,68437,82394,Rhinolophus ferrumequinum,0.023,0.023,-1,Echolocation,/mnt/ubna_data_02_mir/recover-20221013/UBNA_001/20221012_030000.WAV,Telephone Field,recover-20221013,001,1795
1583.6345,1583.6458,21171,25836,Nyctalus leisleri,0.01,0.023,-1,Echolocation,/mnt/ubna_data_02_mir/recover-20221013/UBNA_001/20221012_030000.WAV,Telephone Field,recover-20221013,001,1795
1583.6715,1583.7093,68437,81893,Rhinolophus ferrumequinum,0.022,0.022,-1,Echolocation,/mnt/ubna_data_02_mir/recover-20221013/UBNA_001/20221012_030000.WAV,Telephone Field,recover-20221013,001,1795
1583.6785,1583.7154,68437,81953,Rhinolophus ferrumequinum,0.022,0.022,-1,Echolocation,/mnt/ubna_data_02_mir/recover-20221013/UBNA_001/20221012_030000.WAV,Telephone Field,recover-20221013,001,1795
1583.6815,1583.6899,27187,37258,Eptesicus serotinus,0.007,0.022,-1,Echolocation,/mnt/ubna_data_02_mir/recover-20221013/UBNA_001/20221012_030000.WAV,Telephone Field,recover-20221013,001,1795
1583.6955,1583.7349,68437,82255,Rhinolophus ferrumequinum,0.027,0.027,-1,Echolocation,/mnt/ubna_data_02_mir/recover-20221013/UBNA_001/20221012_030000.WAV,Telephone Field,recover-20221013,001,1795
1583.7025,1583.7403,68437,82324,Rhinolophus ferrumequinum,0.033,0.033,-1,Echolocation,/mnt/ubna_data_02_mir/recover-20221013/UBNA_001/20221012_030000.WAV,Telephone Field,recover-20221013,001,1795
1583.7415,1583.7507,27187,35879,Eptesicus serotinus,0.01,0.024,-1,Echolocation,/mnt/ubna_data_02_mir/recover-20221013/UBNA_001/20221012_030000.WAV,Telephone Field,recover-20221013,001,1795
1583.7505,1583.7916,68437,82404,Rhinolophus ferrumequinum,0.033,0.033,-1,Echolocation,/mnt/ubna_data_02_mir/recover-20221013/UBNA_001/20221012_030000.WAV,Telephone Field,recover-20221013,001,1795
1583.7995,1583.8094,28046,36686,Eptesicus serotinus,0.009,0.022,-1,Echolocation,/mnt/ubna_data_02_mir/recover-20221013/UBNA_001/20221012_030000.WAV,Telephone Field,recover-20221013,001,1795
1583.8105,1583.8497,68437,82743,Rhinolophus ferrumequinum,0.022,0.022,-1,Echolocation,/mnt/ubna_data_02_mir/recover-20221013/UBNA_001/20221012_030000.WAV,Telephone Field,recover-20221013,001,1795
1583.8705,1583.9051,68437,81136,Rhinolophus ferrumequinum,0.021,0.021,-1,Echolocation,/mnt/ubna_data_02_mir/recover-20221013/UBNA_001/20221012_030000.WAV,Telephone Field,recover-20221013,001,1795
1583.8825,1583.9231,68437,82276,Rhinolophus ferrumequinum,0.035,0.036,-1,Echolocation,/mnt/ubna_data_02_mir/recover-20221013/UBNA_001/20221012_030000.WAV,Telephone Field,recover-20221013,001,1795
1583.9105,1583.9191,25468,33456,Eptesicus serotinus,0.008,0.022,-1,Echolocation,/mnt/ubna_data_02_mir/recover-20221013/UBNA_001/20221012_030000.WAV,Telephone Field,recover-20221013,001,1795
1583.9165,1583.952,68437,81064,Rhinolophus ferrumequinum,0.023,0.023,-1,Echolocation,/mnt/ubna_data_02_mir/recover-20221013/UBNA_001/20221012_030000.WAV,Telephone Field,recover-20221013,001,1795
1583.9455,1583.9874,68437,82611,Rhinolophus ferrumequinum,0.022,0.022,-1,Echolocation,/mnt/ubna_data_02_mir/recover-20221013/UBNA_001/20221012_030000.WAV,Telephone Field,recover-20221013,001,1795
1583.9855,1583.9953,28046,39884,Eptesicus serotinus,0.009,0.021,-1,Echolocation,/mnt/ubna_data_02_mir/recover-20221013/UBNA_001/20221012_030000.WAV,Telephone Field,recover-20221013,001,1795
1584.0015,1584.0121,23750,31931,Nyctalus leisleri,0.013,0.036,-1,Echolocation,/mnt/ubna_data_02_mir/recover-20221013/UBNA_001/20221012_030000.WAV,Telephone Field,recover-20221013,001,1795
1584.0015,1584.0339,69296,80869,Rhinolophus ferrumequinum,0.031,0.031,-1,Echolocation,/mnt/ubna_data_02_mir/recover-20221013/UBNA_001/20221012_030000.WAV,Telephone Field,recover-20221013,001,1795
1584.0085,1584.0478,68437,80563,Rhinolophus ferrumequinum,0.022,0.022,-1,Echolocation,/mnt/ubna_data_02_mir/recover-20221013/UBNA_001/20221012_030000.WAV,Telephone Field,recover-20221013,001,1795
1584.0475,1584.0842,68437,81938,Rhinolophus ferrumequinum,0.023,0.023,-1,Echolocation,/mnt/ubna_data_02_mir/recover-20221013/UBNA_001/20221012_030000.WAV,Telephone Field,recover-20221013,001,1795
1584.0875,1584.0964,28046,40770,Eptesicus serotinus,0.009,0.023,-1,Echolocation,/mnt/ubna_data_02_mir/recover-20221013/UBNA_001/20221012_030000.WAV,Telephone Field,recover-20221013,001,1795
1584.1055,1584.1429,68437,82023,Rhinolophus ferrumequinum,0.022,0.022,-1,Echolocation,/mnt/ubna_data_02_mir/recover-20221013/UBNA_001/20221012_030000.WAV,Telephone Field,recover-20221013,001,1795
1584.1145,1584.1549,68437,82080,Rhinolophus ferrumequinum,0.025,0.025,-1,Echolocation,/mnt/ubna_data_02_mir/recover-20221013/UBNA_001/20221012_030000.WAV,Telephone Field,recover-20221013,001,1795
1584.1425,1584.155,27187,33689,Eptesicus serotinus,0.029,0.054,-1,Echolocation,/mnt/ubna_data_02_mir/recover-20221013/UBNA_001/20221012_030000.WAV,Telephone Field,recover-20221013,001,1795
1584.1795,1584.1887,29765,39335,Eptesicus serotinus,0.01,0.03,-1,Echolocation,/mnt/ubna_data_02_mir/recover-20221013/UBNA_001/20221012_030000.WAV,Telephone Field,recover-20221013,001,1795
1584.2355,1584.2746,68437,82198,Rhinolophus ferrumequinum,0.023,0.023,-1,Echolocation,/mnt/ubna_data_02_mir/recover-20221013/UBNA_001/20221012_030000.WAV,Telephone Field,recover-20221013,001,1795
1584.2395,1584.2467,24609,35224,Plecotus austriacus,0.01,0.026,-1,Echolocation,/mnt/ubna_data_02_mir/recover-20221013/UBNA_001/20221012_030000.WAV,Telephone Field,recover-20221013,001,1795
1584.2925,1584.3318,68437,82290,Rhinolophus ferrumequinum,0.022,0.022,-1,Echolocation,/mnt/ubna_data_02_mir/recover-20221013/UBNA_001/20221012_030000.WAV,Telephone Field,recover-20221013,001,1795
1584.3215,1584.3589,68437,81923,Rhinolophus ferrumequinum,0.034,0.034,-1,Echolocation,/mnt/ubna_data_02_mir/recover-20221013/UBNA_001/20221012_030000.WAV,Telephone Field,recover-20221013,001,1795
1584.3245,1584.3341,28046,40091,Eptesicus serotinus,0.009,0.024,-1,Echolocation,/mnt/ubna_data_02_mir/recover-20221013/UBNA_001/20221012_030000.WAV,Telephone Field,recover-20221013,001,1795
1584.3275,1584.3624,68437,81839,Rhinolophus ferrumequinum,0.032,0.033,-1,Echolocation,/mnt/ubna_data_02_mir/recover-20221013/UBNA_001/20221012_030000.WAV,Telephone Field,recover-20221013,001,1795
1584.3335,1584.3439,22890,29909,Nyctalus leisleri,0.009,0.026,-1,Echolocation,/mnt/ubna_data_02_mir/recover-20221013/UBNA_001/20221012_030000.WAV,Telephone Field,recover-20221013,001,1795
1584.3355,1584.3716,68437,82171,Rhinolophus ferrumequinum,0.027,0.027,-1,Echolocation,/mnt/ubna_data_02_mir/recover-20221013/UBNA_001/20221012_030000.WAV,Telephone Field,recover-20221013,001,1795
1584.3505,1584.392,68437,83260,Rhinolophus ferrumequinum,0.024,0.024,-1,Echolocation,/mnt/ubna_data_02_mir/recover-20221013/UBNA_001/20221012_030000.WAV,Telephone Field,recover-20221013,001,1795
1584.3775,1584.3852,28046,38441,Eptesicus serotinus,0.007,0.023,-1,Echolocation,/mnt/ubna_data_02_mir/recover-20221013/UBNA_001/20221012_030000.WAV,Telephone Field,recover-20221013,001,1795
1584.3985,1584.4055,47812,57641,Pipistrellus pipistrellus,0.012,0.022,-1,Echolocation,/mnt/ubna_data_02_mir/recover-20221013/UBNA_001/20221012_030000.WAV,Telephone Field,recover-20221013,001,1795
1584.4225,1584.4286,31484,48575,Myotis daubentonii,0.013,0.029,-1,Echolocation,/mnt/ubna_data_02_mir/recover-20221013/UBNA_001/20221012_030000.WAV,Telephone Field,recover-20221013,001,1795
1584.4235,1584.4298,27187,43580,Eptesicus serotinus,0.008,0.032,-1,Echolocation,/mnt/ubna_data_02_mir/recover-20221013/UBNA_001/20221012_030000.WAV,Telephone Field,recover-20221013,001,1795
1584.4525,1584.4924,68437,82113,Rhinolophus ferrumequinum,0.025,0.025,-1,Echolocation,/mnt/ubna_data_02_mir/recover-20221013/UBNA_001/20221012_030000.WAV,Telephone Field,recover-20221013,001,1795
1584.4565,1584.4683,52968,57541,Pipistrellus pygmaeus,0.045,0.055,-1,Echolocation,/mnt/ubna_data_02_mir/recover-20221013/UBNA_001/20221012_030000.WAV,Telephone Field,recover-20221013,001,1795
1584.4735,1584.4812,28906,38512,Eptesicus serotinus,0.009,0.029,-1,Echolocation,/mnt/ubna_data_02_mir/recover-20221013/UBNA_001/20221012_030000.WAV,Telephone Field,recover-20221013,001,1795
1584.4845,1584.5252,68437,82923,Rhinolophus ferrumequinum,0.025,0.025,-1,Echolocation,/mnt/ubna_data_02_mir/recover-20221013/UBNA_001/20221012_030000.WAV,Telephone Field,recover-20221013,001,1795
1584.5025,1584.5095,23750,32548,Plecotus austriacus,0.009,0.023,-1,Echolocation,/mnt/ubna_data_02_mir/recover-20221013/UBNA_001/20221012_030000.WAV,Telephone Field,recover-20221013,001,1795
1584.5125,1584.5508,68437,81713,Rhinolophus ferrumequinum,0.022,0.022,-1,Echolocation,/mnt/ubna_data_02_mir/recover-20221013/UBNA_001/20221012_030000.WAV,Telephone Field,recover-20221013,001,1795
1584.5305,1584.5718,68437,82628,Rhinolophus ferrumequinum,0.023,0.023,-1,Echolocation,/mnt/ubna_data_02_mir/recover-20221013/UBNA_001/20221012_030000.WAV,Telephone Field,recover-20221013,001,1795
1584.5375,1584.5443,44375,50753,Pipistrellus pipistrellus,0.023,0.025,-1,Echolocation,/mnt/ubna_data_02_mir/recover-20221013/UBNA_001/20221012_030000.WAV,Telephone Field,recover-20221013,001,1795
1584.5535,1584.5614,27187,40671,Eptesicus serotinus,0.008,0.023,-1,Echolocation,/mnt/ubna_data_02_mir/recover-20221013/UBNA_001/20221012_030000.WAV,Telephone Field,recover-20221013,001,1795
1584.6315,1584.6432,23750,29420,Nyctalus leisleri,0.017,0.037,-1,Echolocation,/mnt/ubna_data_02_mir/recover-20221013/UBNA_001/20221012_030000.WAV,Telephone Field,recover-20221013,001,1795
1584.6515,1584.6593,27187,42790,Eptesicus serotinus,0.008,0.024,-1,Echolocation,/mnt/ubna_data_02_mir/recover-20221013/UBNA_001/20221012_030000.WAV,Telephone Field,recover-20221013,001,1795
1584.6565,1584.6941,68437,82711,Rhinolophus ferrumequinum,0.022,0.022,-1,Echolocation,/mnt/ubna_data_02_mir/recover-20221013/UBNA_001/20221012_030000.WAV,Telephone Field,recover-20221013,001,1795
1584.6755,1584.6832,27187,40608,Eptesicus serotinus,0.007,0.025,-1,Echolocation,/mnt/ubna_data_02_mir/recover-20221013/UBNA_001/20221012_030000.WAV,Telephone Field,recover-20221013,001,1795
1584.6905,1584.7298,68437,81988,Rhinolophus ferrumequinum,0.024,0.024,-1,Echolocation,/mnt/ubna_data_02_mir/recover-20221013/UBNA_001/20221012_030000.WAV,Telephone Field,recover-20221013,001,1795
1584.7115,1584.7195,27187,40996,Eptesicus serotinus,0.009,0.028,-1,Echolocation,/mnt/ubna_data_02_mir/recover-20221013/UBNA_001/20221012_030000.WAV,Telephone Field,recover-20221013,001,1795
1584.7195,1584.7551,68437,81671,Rhinolophus ferrumequinum,0.023,0.023,-1,Echolocation,/mnt/ubna_data_02_mir/recover-20221013/UBNA_001/20221012_030000.WAV,Telephone Field,recover-20221013,001,1795
1584.7245,1584.7344,34921,39888,Barbastellus barbastellus,0.013,0.033,-1,Echolocation,/mnt/ubna_data_02_mir/recover-20221013/UBNA_001/20221012_030000.WAV,Telephone Field,recover-20221013,001,1795
1584.7585,1584.797,68437,81952,Rhinolophus ferrumequinum,0.023,0.023,-1,Echolocation,/mnt/ubna_data_02_mir/recover-20221013/UBNA_001/20221012_030000.WAV,Telephone Field,recover-20221013,001,1795
1584.7725,1584.7816,32343,41776,Myotis daubentonii,0.009,0.032,-1,Echolocation,/mnt/ubna_data_02_mir/recover-20221013/UBNA_001/20221012_030000.WAV,Telephone Field,recover-20221013,001,1795
1584.7755,1584.7837,25468,35339,Eptesicus serotinus,0.009,0.031,-1,Echolocation,/mnt/ubna_data_02_mir/recover-20221013/UBNA_001/20221012_030000.WAV,Telephone Field,recover-20221013,001,1795
1584.7785,1584.8138,68437,81261,Rhinolophus ferrumequinum,0.022,0.022,-1,Echolocation,/mnt/ubna_data_02_mir/recover-20221013/UBNA_001/20221012_030000.WAV,Telephone Field,recover-20221013,001,1795
1584.7855,1584.8224,68437,82189,Rhinolophus ferrumequinum,0.023,0.023,-1,Echolocation,/mnt/ubna_data_02_mir/recover-20221013/UBNA_001/20221012_030000.WAV,Telephone Field,recover-20221013,001,1795
1584.8255,1584.8633,68437,81647,Rhinolophus ferrumequinum,0.022,0.022,-1,Echolocation,/mnt/ubna_data_02_mir/recover-20221013/UBNA_001/20221012_030000.WAV,Telephone Field,recover-20221013,001,1795
1584.8265,1584.8364,50390,57048,Pipistrellus pipistrellus,0.023,0.028,-1,Echolocation,/mnt/ubna_data_02_mir/recover-20221013/UBNA_001/20221012_030000.WAV,Telephone Field,recover-20221013,001,1795
1584.8765,1584.915,68437,82730,Rhinolophus ferrumequinum,0.024,0.024,-1,Echolocation,/mnt/ubna_data_02_mir/recover-20221013/UBNA_001/20221012_030000.WAV,Telephone Field,recover-20221013,001,1795
1584.8885,1584.9108,17734,22411,Nyctalus noctula,0.017,0.024,-1,Echolocation,/mnt/ubna_data_02_mir/recover-20221013/UBNA_001/20221012_030000.WAV,Telephone Field,recover-20221013,001,1795
1584.9255,1584.9333,40937,50715,Pipistrellus nathusii,0.006,0.024,-1,Echolocation,/mnt/ubna_data_02_mir/recover-20221013/UBNA_001/20221012_030000.WAV,Telephone Field,recover-20221013,001,1795
1584.9515,1584.9738,19453,22008,Nyctalus leisleri,0.014,0.028,-1,Echolocation,/mnt/ubna_data_02_mir/recover-20221013/UBNA_001/20221012_030000.WAV,Telephone Field,recover-20221013,001,1795
1584.9535,1584.9639,55546,60294,Pipistrellus pygmaeus,0.02,0.023,-1,Echolocation,/mnt/ubna_data_02_mir/recover-20221013/UBNA_001/20221012_030000.WAV,Telephone Field,recover-20221013,001,1795
1584.9575,1584.9981,68437,82263,Rhinolophus ferrumequinum,0.022,0.022,-1,Echolocation,/mnt/ubna_data_02_mir/recover-20221013/UBNA_001/20221012_030000.WAV,Telephone Field,recover-20221013,001,1795
1584.9765,1584.9882,23750,29418,Nyctalus leisleri,0.009,0.023,-1,Echolocation,/mnt/ubna_data_02_mir/recover-20221013/UBNA_001/20221012_030000.WAV,Telephone Field,recover-20221013,001,1795
1584.9865,1585.0013,22890,26657,Nyctalus leisleri,0.014,0.024,-1,Echolocation,/mnt/ubna_data_02_mir/recover-20221013/UBNA_001/20221012_030000.WAV,Telephone Field,recover-20221013,001,1795
1585.0225,1585.0306,28046,37506,Eptesicus serotinus,0.008,0.025,-1,Echolocation,/mnt/ubna_data_02_mir/recover-20221013/UBNA_001/20221012_030000.WAV,Telephone Field,recover-20221013,001,1795
1585.0275,1585.0671,68437,81841,Rhinolophus ferrumequinum,0.024,0.024,-1,Echolocation,/mnt/ubna_data_02_mir/recover-20221013/UBNA_001/20221012_030000.WAV,Telephone Field,recover-20221013,001,1795
1585.0595,1585.0712,36640,41225,Pipistrellus nathusii,0.012,0.025,-1,Echolocation,/mnt/ubna_data_02_mir/recover-20221013/UBNA_001/20221012_030000.WAV,Telephone Field,recover-20221013,001,1795
1585.1245,1585.1605,68437,81823,Rhinolophus ferrumequinum,0.025,0.025,-1,Echolocation,/mnt/ubna_data_02_mir/recover-20221013/UBNA_001/20221012_030000.WAV,Telephone Field,recover-20221013,001,1795
1585.1645,1585.1735,28046,36847,Eptesicus serotinus,0.008,0.024,-1,Echolocation,/mnt/ubna_data_02_mir/recover-20221013/UBNA_001/20221012_030000.WAV,Telephone Field,recover-20221013,001,1795
1585.1805,1585.2191,68437,82204,Rhinolophus ferrumequinum,0.023,0.023,-1,Echolocation,/mnt/ubna_data_02_mir/recover-20221013/UBNA_001/20221012_030000.WAV,Telephone Field,recover-20221013,001,1795
1585.1855,1585.1997,22031,25910,Nyctalus leisleri,0.013,0.022,-1,Echolocation,/mnt/ubna_data_02_mir/recover-20221013/UBNA_001/20221012_030000.WAV,Telephone Field,recover-20221013,001,1795
1585.2495,1585.287,68437,82344,Rhinolophus ferrumequinum,0.023,0.023,-1,Echolocation,/mnt/ubna_data_02_mir/recover-20221013/UBNA_001/20221012_030000.WAV,Telephone Field,recover-20221013,001,1795
1585.2665,1585.2735,24609,34207,Plecotus austriacus,0.009,0.024,-1,Echolocation,/mnt/ubna_data_02_mir/recover-20221013/UBNA_001/20221012_030000.WAV,Telephone Field,recover-20221013,001,1795
1585.3385,1585.3491,28046,36000,Eptesicus serotinus,0.012,0.025,-1,Echolocation,/mnt/ubna_data_02_mir/recover-20221013/UBNA_001/20221012_030000.WAV,Telephone Field,recover-20221013,001,1795
1585.3545,1585.3931,68437,82402,Rhinolophus ferrumequinum,0.023,0.023,-1,Echolocation,/mnt/ubna_data_02_mir/recover-20221013/UBNA_001/20221012_030000.WAV,Telephone Field,recover-20221013,001,1795
1585.3885,1585.3975,43515,48947,Pipistrellus pipistrellus,0.022,0.026,-1,Echolocation,/mnt/ubna_data_02_mir/recover-20221013/UBNA_001/20221012_030000.WAV,Telephone Field,recover-20221013,001,1795
1585.4065,1585.4428,68437,82434,Rhinolophus ferrumequinum,0.024,0.024,-1,Echolocation,/mnt/ubna_data_02_mir/recover-20221013/UBNA_001/20221012_030000.WAV,Telephone Field,recover-20221013,001,1795
1585.4595,1585.4681,27187,40654,Eptesicus serotinus,0.008,0.023,-1,Echolocation,/mnt/ubna_data_02_mir/recover-20221013/UBNA_001/20221012_030000.WAV,Telephone Field,recover-20221013,001,1795
1585.4615,1585.5018,68437,83014,Rhinolophus ferrumequinum,0.023,0.023,-1,Echolocation,/mnt/ubna_data_02_mir/recover-20221013/UBNA_001/20221012_030000.WAV,Telephone Field,recover-20221013,001,1795
1585.4825,1585.4919,46953,51599,Pipistrellus pipistrellus,0.05,0.054,-1,Echolocation,/mnt/ubna_data_02_mir/recover-20221013/UBNA_001/20221012_030000.WAV,Telephone Field,recover-20221013,001,1795
1585.5095,1585.5488,68437,82813,Rhinolophus ferrumequinum,0.029,0.029,-1,Echolocation,/mnt/ubna_data_02_mir/recover-20221013/UBNA_001/20221012_030000.WAV,Telephone Field,recover-20221013,001,1795
1585.5675,1585.5748,24609,35345,Plecotus austriacus,0.008,0.025,-1,Echolocation,/mnt/ubna_data_02_mir/recover-20221013/UBNA_001/20221012_030000.WAV,Telephone Field,recover-20221013,001,1795
1585.6085,1585.615,27187,44101,Eptesicus serotinus,0.006,0.023,-1,Echolocation,/mnt/ubna_data_02_mir/recover-20221013/UBNA_001/20221012_030000.WAV,Telephone Field,recover-20221013,001,1795
1585.6185,1585.6256,28046,36840,Eptesicus serotinus,0.006,0.022,-1,Echolocation,/mnt/ubna_data_02_mir/recover-20221013/UBNA_001/20221012_030000.WAV,Telephone Field,recover-20221013,001,1795
1585.6215,1585.6605,68437,81810,Rhinolophus ferrumequinum,0.022,0.022,-1,Echolocation,/mnt/ubna_data_02_mir/recover-20221013/UBNA_001/20221012_030000.WAV,Telephone Field,recover-20221013,001,1795
1585.6625,1585.7037,68437,82836,Rhinolophus ferrumequinum,0.026,0.026,-1,Echolocation,/mnt/ubna_data_02_mir/recover-20221013/UBNA_001/20221012_030000.WAV,Telephone Field,recover-20221013,001,1795
1585.7115,1585.7543,68437,83054,Rhinolophus ferrumequinum,0.032,0.032,-1,Echolocation,/mnt/ubna_data_02_mir/recover-20221013/UBNA_001/20221012_030000.WAV,Telephone Field,recover-20221013,001,1795
1585.7165,1585.7281,43515,48092,Pipistrellus pipistrellus,0.018,0.027,-1,Echolocation,/mnt/ubna_data_02_mir/recover-20221013/UBNA_001/20221012_030000.WAV,Telephone Field,recover-20221013,001,1795
1585.7195,1585.764,68437,83489,Rhinolophus ferrumequinum,0.038,0.038,-1,Echolocation,/mnt/ubna_data_02_mir/recover-20221013/UBNA_001/20221012_030000.WAV,Telephone Field,recover-20221013,001,1795
1585.7675,1585.8032,68437,81787,Rhinolophus ferrumequinum,0.024,0.024,-1,Echolocation,/mnt/ubna_data_02_mir/recover-20221013/UBNA_001/20221012_030000.WAV,Telephone Field,recover-20221013,001,1795
1585.7925,1585.8014,28906,40427,Eptesicus serotinus,0.008,0.023,-1,Echolocation,/mnt/ubna_data_02_mir/recover-20221013/UBNA_001/20221012_030000.WAV,Telephone Field,recover-20221013,001,1795
1585.8235,1585.8643,68437,82901,Rhinolophus ferrumequinum,0.025,0.025,-1,Echolocation,/mnt/ubna_data_02_mir/recover-20221013/UBNA_001/20221012_030000.WAV,Telephone Field,recover-20221013,001,1795
1585.8325,1585.8385,27187,46735,Myotis nattereri,0.008,0.028,-1,Echolocation,/mnt/ubna_data_02_mir/recover-20221013/UBNA_001/20221012_030000.WAV,Telephone Field,recover-20221013,001,1795
1585.8555,1585.8938,68437,82001,Rhinolophus ferrumequinum,0.023,0.023,-1,Echolocation,/mnt/ubna_data_02_mir/recover-20221013/UBNA_001/20221012_030000.WAV,Telephone Field,recover-20221013,001,1795
1585.8665,1585.9067,68437,82517,Rhinolophus ferrumequinum,0.025,0.025,-1,Echolocation,/mnt/ubna_data_02_mir/recover-20221013/UBNA_001/20221012_030000.WAV,Telephone Field,recover-20221013,001,1795
1585.9395,1585.9498,28046,36916,Eptesicus serotinus,0.013,0.029,-1,Echolocation,/mnt/ubna_data_02_mir/recover-20221013/UBNA_001/20221012_030000.WAV,Telephone Field,recover-20221013,001,1795
1585.9555,1585.9633,26328,38774,Eptesicus serotinus,0.008,0.03,-1,Echolocation,/mnt/ubna_data_02_mir/recover-20221013/UBNA_001/20221012_030000.WAV,Telephone Field,recover-20221013,001,1795
1585.9585,1585.9673,45234,53969,Pipistrellus pipistrellus,0.015,0.022,-1,Echolocation,/mnt/ubna_data_02_mir/recover-20221013/UBNA_001/20221012_030000.WAV,Telephone Field,recover-20221013,001,1795
1585.9845,1585.9927,27187,39568,Eptesicus serotinus,0.008,0.023,-1,Echolocation,/mnt/ubna_data_02_mir/recover-20221013/UBNA_001/20221012_030000.WAV,Telephone Field,recover-20221013,001,1795
1586.0015,1586.0104,25468,35108,Nyctalus leisleri,0.007,0.023,-1,Echolocation,/mnt/ubna_data_02_mir/recover-20221013/UBNA_001/20221012_030000.WAV,Telephone Field,recover-20221013,001,1795
1586.0015,1586.0286,70156,85156,Rhinolophus ferrumequinum,0.027,0.027,-1,Echolocation,/mnt/ubna_data_02_mir/recover-20221013/UBNA_001/20221012_030000.WAV,Telephone Field,recover-20221013,001,1795
1586.0355,1586.0426,28046,40225,Eptesicus serotinus,0.008,0.024,-1,Echolocation,/mnt/ubna_data_02_mir/recover-20221013/UBNA_001/20221012_030000.WAV,Telephone Field,recover-20221013,001,1795
1586.1355,1586.177,68437,82822,Rhinolophus ferrumequinum,0.033,0.033,-1,Echolocation,/mnt/ubna_data_02_mir/recover-20221013/UBNA_001/20221012_030000.WAV,Telephone Field,recover-20221013,001,1795
1586.1705,1586.2124,68437,82486,Rhinolophus ferrumequinum,0.024,0.024,-1,Echolocation,/mnt/ubna_data_02_mir/recover-20221013/UBNA_001/20221012_030000.WAV,Telephone Field,recover-20221013,001,1795
1586.2095,1586.2494,68437,82437,Rhinolophus ferrumequinum,0.021,0.021,-1,Echolocation,/mnt/ubna_data_02_mir/recover-20221013/UBNA_001/20221012_030000.WAV,Telephone Field,recover-20221013,001,1795
1586.2205,1586.2342,23750,28694,Nyctalus leisleri,0.012,0.026,-1,Echolocation,/mnt/ubna_data_02_mir/recover-20221013/UBNA_001/20221012_030000.WAV,Telephone Field,recover-20221013,001,1795
1586.2455,1586.2841,68437,81921,Rhinolophus ferrumequinum,0.022,0.022,-1,Echolocation,/mnt/ubna_data_02_mir/recover-20221013/UBNA_001/20221012_030000.WAV,Telephone Field,recover-20221013,001,1795
1586.2635,1586.3018,68437,81649,Rhinolophus ferrumequinum,0.021,0.022,-1,Echolocation,/mnt/ubna_data_02_mir/recover-20221013/UBNA_001/20221012_030000.WAV,Telephone Field,recover-20221013,001,1795
1586.2955,1586.3325,68437,81189,Rhinolophus ferrumequinum,0.021,0.021,-1,Echolocation,/mnt/ubna_data_02_mir/recover-20221013/UBNA_001/20221012_030000.WAV,Telephone Field,recover-20221013,001,1795
1586.3075,1586.3179,28906,36533,Eptesicus serotinus,0.01,0.022,-1,Echolocation,/mnt/ubna_data_02_mir/recover-20221013/UBNA_001/20221012_030000.WAV,Telephone Field,recover-20221013,001,1795
1586.3515,1586.3916,68437,82797,Rhinolophus ferrumequinum,0.025,0.025,-1,Echolocation,/mnt/ubna_data_02_mir/recover-20221013/UBNA_001/20221012_030000.WAV,Telephone Field,recover-20221013,001,1795
1586.3795,1586.4228,68437,82878,Rhinolophus ferrumequinum,0.023,0.023,-1,Echolocation,/mnt/ubna_data_02_mir/recover-20221013/UBNA_001/20221012_030000.WAV,Telephone Field,recover-20221013,001,1795
1586.3795,1586.389,24609,32641,Nyctalus leisleri,0.006,0.022,-1,Echolocation,/mnt/ubna_data_02_mir/recover-20221013/UBNA_001/20221012_030000.WAV,Telephone Field,recover-20221013,001,1795
1586.3945,1586.4335,68437,81850,Rhinolophus ferrumequinum,0.03,0.03,-1,Echolocation,/mnt/ubna_data_02_mir/recover-20221013/UBNA_001/20221012_030000.WAV,Telephone Field,recover-20221013,001,1795
1586.4025,1586.4403,68437,81545,Rhinolophus ferrumequinum,0.026,0.026,-1,Echolocation,/mnt/ubna_data_02_mir/recover-20221013/UBNA_001/20221012_030000.WAV,Telephone Field,recover-20221013,001,1795
1586.4135,1586.4531,68437,82314,Rhinolophus ferrumequinum,0.022,0.022,-1,Echolocation,/mnt/ubna_data_02_mir/recover-20221013/UBNA_001/20221012_030000.WAV,Telephone Field,recover-20221013,001,1795
1586.4485,1586.4908,68437,82990,Rhinolophus ferrumequinum,0.03,0.03,-1,Echolocation,/mnt/ubna_data_02_mir/recover-20221013/UBNA_001/20221012_030000.WAV,Telephone Field,recover-20221013,001,1795
1586.4545,1586.4971,68437,83148,Rhinolophus ferrumequinum,0.028,0.028,-1,Echolocation,/mnt/ubna_data_02_mir/recover-20221013/UBNA_001/20221012_030000.WAV,Telephone Field,recover-20221013,001,1795
1586.4915,1586.5321,68437,82724,Rhinolophus ferrumequinum,0.036,0.036,-1,Echolocation,/mnt/ubna_data_02_mir/recover-20221013/UBNA_001/20221012_030000.WAV,Telephone Field,recover-20221013,001,1795
1586.5165,1586.5268,22890,27667,Nyctalus leisleri,0.01,0.02,-1,Echolocation,/mnt/ubna_data_02_mir/recover-20221013/UBNA_001/20221012_030000.WAV,Telephone Field,recover-20221013,001,1795
1586.5205,1586.5601,68437,82630,Rhinolophus ferrumequinum,0.021,0.021,-1,Echolocation,/mnt/ubna_data_02_mir/recover-20221013/UBNA_001/20221012_030000.WAV,Telephone Field,recover-20221013,001,1795
1586.5435,1586.583,68437,82080,Rhinolophus ferrumequinum,0.021,0.021,-1,Echolocation,/mnt/ubna_data_02_mir/recover-20221013/UBNA_001/20221012_030000.WAV,Telephone Field,recover-20221013,001,1795
1586.5755,1586.5852,24609,30818,Nyctalus leisleri,0.008,0.02,-1,Echolocation,/mnt/ubna_data_02_mir/recover-20221013/UBNA_001/20221012_030000.WAV,Telephone Field,recover-20221013,001,1795
1586.5855,1586.6218,68437,81184,Rhinolophus ferrumequinum,0.021,0.021,-1,Echolocation,/mnt/ubna_data_02_mir/recover-20221013/UBNA_001/20221012_030000.WAV,Telephone Field,recover-20221013,001,1795
1586.5935,1586.6339,68437,82387,Rhinolophus ferrumequinum,0.02,0.02,-1,Echolocation,/mnt/ubna_data_02_mir/recover-20221013/UBNA_001/20221012_030000.WAV,Telephone Field,recover-20221013,001,1795
1586.6225,1586.6332,24609,30062,Nyctalus leisleri,0.014,0.033,-1,Echolocation,/mnt/ubna_data_02_mir/recover-20221013/UBNA_001/20221012_030000.WAV,Telephone Field,recover-20221013,001,1795
1586.6295,1586.6749,68437,83402,Rhinolophus ferrumequinum,0.043,0.043,-1,Echolocation,/mnt/ubna_data_02_mir/recover-20221013/UBNA_001/20221012_030000.WAV,Telephone Field,recover-20221013,001,1795
1586.6545,1586.6905,68437,81434,Rhinolophus ferrumequinum,0.021,0.021,-1,Echolocation,/mnt/ubna_data_02_mir/recover-20221013/UBNA_001/20221012_030000.WAV,Telephone Field,recover-20221013,001,1795
1586.6695,1586.6828,22890,27184,Nyctalus leisleri,0.012,0.022,-1,Echolocation,/mnt/ubna_data_02_mir/recover-20221013/UBNA_001/20221012_030000.WAV,Telephone Field,recover-20221013,001,1795
1586.6875,1586.7288,68437,82002,Rhinolophus ferrumequinum,0.02,0.02,-1,Echolocation,/mnt/ubna_data_02_mir/recover-20221013/UBNA_001/20221012_030000.WAV,Telephone Field,recover-20221013,001,1795
1586.7055,1586.7413,68437,81534,Rhinolophus ferrumequinum,0.021,0.021,-1,Echolocation,/mnt/ubna_data_02_mir/recover-20221013/UBNA_001/20221012_030000.WAV,Telephone Field,recover-20221013,001,1795
1586.7275,1586.7388,22890,27400,Nyctalus leisleri,0.011,0.021,-1,Echolocation,/mnt/ubna_data_02_mir/recover-20221013/UBNA_001/20221012_030000.WAV,Telephone Field,recover-20221013,001,1795
1586.7475,1586.7861,68437,81458,Rhinolophus ferrumequinum,0.022,0.022,-1,Echolocation,/mnt/ubna_data_02_mir/recover-20221013/UBNA_001/20221012_030000.WAV,Telephone Field,recover-20221013,001,1795
1586.7525,1586.7615,26328,34789,Eptesicus serotinus,0.013,0.027,-1,Echolocation,/mnt/ubna_data_02_mir/recover-20221013/UBNA_001/20221012_030000.WAV,Telephone Field,recover-20221013,001,1795
1586.7565,1586.7958,68437,82268,Rhinolophus ferrumequinum,0.021,0.021,-1,Echolocation,/mnt/ubna_data_02_mir/recover-20221013/UBNA_001/20221012_030000.WAV,Telephone Field,recover-20221013,001,1795
1586.7685,1586.7788,23750,29247,Nyctalus leisleri,0.009,0.02,-1,Echolocation,/mnt/ubna_data_02_mir/recover-20221013/UBNA_001/20221012_030000.WAV,Telephone Field,recover-20221013,001,1795
1586.7955,1586.8291,68437,81291,Rhinolophus ferrumequinum,0.022,0.022,-1,Echolocation,/mnt/ubna_data_02_mir/recover-20221013/UBNA_001/20221012_030000.WAV,Telephone Field,recover-20221013,001,1795
1586.7955,1586.803,28046,39129,Eptesicus serotinus,0.013,0.031,-1,Echolocation,/mnt/ubna_data_02_mir/recover-20221013/UBNA_001/20221012_030000.WAV,Telephone Field,recover-20221013,001,1795
1586.8195,1586.8591,68437,82511,Rhinolophus ferrumequinum,0.024,0.024,-1,Echolocation,/mnt/ubna_data_02_mir/recover-20221013/UBNA_001/20221012_030000.WAV,Telephone Field,recover-20221013,001,1795
1586.8365,1586.8471,22890,28728,Nyctalus leisleri,0.009,0.021,-1,Echolocation,/mnt/ubna_data_02_mir/recover-20221013/UBNA_001/20221012_030000.WAV,Telephone Field,recover-20221013,001,1795
1586.8565,1586.8942,68437,81984,Rhinolophus ferrumequinum,0.021,0.021,-1,Echolocation,/mnt/ubna_data_02_mir/recover-20221013/UBNA_001/20221012_030000.WAV,Telephone Field,recover-20221013,001,1795
1586.8605,1586.8701,24609,33184,Eptesicus serotinus,0.007,0.022,-1,Echolocation,/mnt/ubna_data_02_mir/recover-20221013/UBNA_001/20221012_030000.WAV,Telephone Field,recover-20221013,001,1795
1586.8685,1586.8765,25468,34052,Eptesicus serotinus,0.007,0.02,-1,Echolocation,/mnt/ubna_data_02_mir/recover-20221013/UBNA_001/20221012_030000.WAV,Telephone Field,recover-20221013,001,1795
1586.8775,1586.9157,68437,81717,Rhinolophus ferrumequinum,0.023,0.023,-1,Echolocation,/mnt/ubna_data_02_mir/recover-20221013/UBNA_001/20221012_030000.WAV,Telephone Field,recover-20221013,001,1795
1586.8925,1586.9024,23750,30650,Nyctalus leisleri,0.009,0.024,-1,Echolocation,/mnt/ubna_data_02_mir/recover-20221013/UBNA_001/20221012_030000.WAV,Telephone Field,recover-20221013,001,1795
1586.8925,1586.9333,68437,82733,Rhinolophus ferrumequinum,0.022,0.022,-1,Echolocation,/mnt/ubna_data_02_mir/recover-20221013/UBNA_001/20221012_030000.WAV,Telephone Field,recover-20221013,001,1795
1586.8985,1586.9399,68437,82611,Rhinolophus ferrumequinum,0.022,0.022,-1,Echolocation,/mnt/ubna_data_02_mir/recover-20221013/UBNA_001/20221012_030000.WAV,Telephone Field,recover-20221013,001,1795
1586.9745,1587.0145,68437,82323,Rhinolophus ferrumequinum,0.02,0.02,-1,Echolocation,/mnt/ubna_data_02_mir/recover-20221013/UBNA_001/20221012_030000.WAV,Telephone Field,recover-20221013,001,1795
1586.9905,1587.0298,68437,81904,Rhinolophus ferrumequinum,0.024,0.024,-1,Echolocation,/mnt/ubna_data_02_mir/recover-20221013/UBNA_001/20221012_030000.WAV,Telephone Field,recover-20221013,001,1795
1587.0215,1587.0618,68437,82388,Rhinolophus ferrumequinum,0.04,0.04,-1,Echolocation,/mnt/ubna_data_02_mir/recover-20221013/UBNA_001/20221012_030000.WAV,Telephone Field,recover-20221013,001,1795
1587.0305,1587.0719,68437,83068,Rhinolophus ferrumequinum,0.026,0.026,-1,Echolocation,/mnt/ubna_data_02_mir/recover-20221013/UBNA_001/20221012_030000.WAV,Telephone Field,recover-20221013,001,1795
1587.0595,1587.0999,68437,82679,Rhinolophus ferrumequinum,0.022,0.022,-1,Echolocation,/mnt/ubna_data_02_mir/recover-20221013/UBNA_001/20221012_030000.WAV,Telephone Field,recover-20221013,001,1795
1587.0605,1587.068,24609,33628,Plecotus austriacus,0.007,0.022,-1,Echolocation,/mnt/ubna_data_02_mir/recover-20221013/UBNA_001/20221012_030000.WAV,Telephone Field,recover-20221013,001,1795
1587.0795,1587.1175,68437,82084,Rhinolophus ferrumequinum,0.026,0.026,-1,Echolocation,/mnt/ubna_data_02_mir/recover-20221013/UBNA_001/20221012_030000.WAV,Telephone Field,recover-20221013,001,1795
1587.0985,1587.1098,22031,26042,Nyctalus leisleri,0.013,0.023,-1,Echolocation,/mnt/ubna_data_02_mir/recover-20221013/UBNA_001/20221012_030000.WAV,Telephone Field,recover-20221013,001,1795
1587.1345,1587.1725,68437,81763,Rhinolophus ferrumequinum,0.02,0.02,-1,Echolocation,/mnt/ubna_data_02_mir/recover-20221013/UBNA_001/20221012_030000.WAV,Telephone Field,recover-20221013,001,1795
1587.1435,1587.1784,68437,81275,Rhinolophus ferrumequinum,0.022,0.022,-1,Echolocation,/mnt/ubna_data_02_mir/recover-20221013/UBNA_001/20221012_030000.WAV,Telephone Field,recover-20221013,001,1795
1587.1495,1587.1859,68437,81544,Rhinolophus ferrumequinum,0.022,0.022,-1,Echolocation,/mnt/ubna_data_02_mir/recover-20221013/UBNA_001/20221012_030000.WAV,Telephone Field,recover-20221013,001,1795
1587.1515,1587.1594,23750,32048,Plecotus austriacus,0.011,0.026,-1,Echolocation,/mnt/ubna_data_02_mir/recover-20221013/UBNA_001/20221012_030000.WAV,Telephone Field,recover-20221013,001,1795
1587.1945,1587.2024,28046,40059,Eptesicus serotinus,0.006,0.02,-1,Echolocation,/mnt/ubna_data_02_mir/recover-20221013/UBNA_001/20221012_030000.WAV,Telephone Field,recover-20221013,001,1795
1587.2305,1587.2713,68437,82655,Rhinolophus ferrumequinum,0.023,0.023,-1,Echolocation,/mnt/ubna_data_02_mir/recover-20221013/UBNA_001/20221012_030000.WAV,Telephone Field,recover-20221013,001,1795
1587.2585,1587.2936,68437,81248,Rhinolophus ferrumequinum,0.021,0.021,-1,Echolocation,/mnt/ubna_data_02_mir/recover-20221013/UBNA_001/20221012_030000.WAV,Telephone Field,recover-20221013,001,1795
1587.3145,1587.351,68437,81398,Rhinolophus ferrumequinum,0.021,0.021,-1,Echolocation,/mnt/ubna_data_02_mir/recover-20221013/UBNA_001/20221012_030000.WAV,Telephone Field,recover-20221013,001,1795
1587.3235,1587.3331,25468,32538,Nyctalus leisleri,0.01,0.032,-1,Echolocation,/mnt/ubna_data_02_mir/recover-20221013/UBNA_001/20221012_030000.WAV,Telephone Field,recover-20221013,001,1795
1587.3535,1587.3606,28046,40197,Eptesicus serotinus,0.006,0.023,-1,Echolocation,/mnt/ubna_data_02_mir/recover-20221013/UBNA_001/20221012_030000.WAV,Telephone Field,recover-20221013,001,1795
1587.3845,1587.4233,68437,81723,Rhinolophus ferrumequinum,0.021,0.021,-1,Echolocation,/mnt/ubna_data_02_mir/recover-20221013/UBNA_001/20221012_030000.WAV,Telephone Field,recover-20221013,001,1795
1587.4275,1587.4636,68437,81889,Rhinolophus ferrumequinum,0.022,0.022,-1,Echolocation,/mnt/ubna_data_02_mir/recover-20221013/UBNA_001/20221012_030000.WAV,Telephone Field,recover-20221013,001,1795
1587.4355,1587.4725,68437,82230,Rhinolophus ferrumequinum,0.021,0.021,-1,Echolocation,/mnt/ubna_data_02_mir/recover-20221013/UBNA_001/20221012_030000.WAV,Telephone Field,recover-20221013,001,1795
1587.4525,1587.493,68437,82679,Rhinolophus ferrumequinum,0.026,0.026,-1,Echolocation,/mnt/ubna_data_02_mir/recover-20221013/UBNA_001/20221012_030000.WAV,Telephone Field,recover-20221013,001,1795
1587.5035,1587.5112,46953,51990,Pipistrellus pipistrellus,0.056,0.059,-1,Echolocation,/mnt/ubna_data_02_mir/recover-20221013/UBNA_001/20221012_030000.WAV,Telephone Field,recover-20221013,001,1795
1587.5125,1587.5483,68437,81692,Rhinolophus ferrumequinum,0.022,0.022,-1,Echolocation,/mnt/ubna_data_02_mir/recover-20221013/UBNA_001/20221012_030000.WAV,Telephone Field,recover-20221013,001,1795
1587.5515,1587.5615,28906,38085,Eptesicus serotinus,0.008,0.021,-1,Echolocation,/mnt/ubna_data_02_mir/recover-20221013/UBNA_001/20221012_030000.WAV,Telephone Field,recover-20221013,001,1795
1587.5775,1587.5927,36640,40808,Pipistrellus nathusii,0.023,0.031,-1,Echolocation,/mnt/ubna_data_02_mir/recover-20221013/UBNA_001/20221012_030000.WAV,Telephone Field,recover-20221013,001,1795
1587.6035,1587.6425,68437,81908,Rhinolophus ferrumequinum,0.021,0.021,-1,Echolocation,/mnt/ubna_data_02_mir/recover-20221013/UBNA_001/20221012_030000.WAV,Telephone Field,recover-20221013,001,1795
1587.6255,1587.6663,68437,82769,Rhinolophus ferrumequinum,0.022,0.022,-1,Echolocation,/mnt/ubna_data_02_mir/recover-20221013/UBNA_001/20221012_030000.WAV,Telephone Field,recover-20221013,001,1795
1587.6315,1587.6694,68437,82192,Rhinolophus ferrumequinum,0.022,0.022,-1,Echolocation,/mnt/ubna_data_02_mir/recover-20221013/UBNA_001/20221012_030000.WAV,Telephone Field,recover-20221013,001,1795
1587.6735,1587.7146,68437,82510,Rhinolophus ferrumequinum,0.024,0.024,-1,Echolocation,/mnt/ubna_data_02_mir/recover-20221013/UBNA_001/20221012_030000.WAV,Telephone Field,recover-20221013,001,1795
1587.6995,1587.7412,68437,82733,Rhinolophus ferrumequinum,0.023,0.023,-1,Echolocation,/mnt/ubna_data_02_mir/recover-20221013/UBNA_001/20221012_030000.WAV,Telephone Field,recover-20221013,001,1795
1587.7075,1587.7199,14296,19153,Nyctalus noctula,0.022,0.039,-1,Echolocation,/mnt/ubna_data_02_mir/recover-20221013/UBNA_001/20221012_030000.WAV,Telephone Field,recover-20221013,001,1795
1587.7235,1587.7663,68437,83607,Rhinolophus ferrumequinum,0.034,0.034,-1,Echolocation,/mnt/ubna_data_02_mir/recover-20221013/UBNA_001/20221012_030000.WAV,Telephone Field,recover-20221013,001,1795
1587.7575,1587.7666,28906,38265,Eptesicus serotinus,0.008,0.021,-1,Echolocation,/mnt/ubna_data_02_mir/recover-20221013/UBNA_001/20221012_030000.WAV,Telephone Field,recover-20221013,001,1795
1587.7795,1587.8209,68437,82691,Rhinolophus ferrumequinum,0.03,0.03,-1,Echolocation,/mnt/ubna_data_02_mir/recover-20221013/UBNA_001/20221012_030000.WAV,Telephone Field,recover-20221013,001,1795
1587.8035,1587.8392,68437,81736,Rhinolophus ferrumequinum,0.021,0.021,-1,Echolocation,/mnt/ubna_data_02_mir/recover-20221013/UBNA_001/20221012_030000.WAV,Telephone Field,recover-20221013,001,1795
1587.8255,1587.8334,27187,36747,Eptesicus serotinus,0.008,0.021,-1,Echolocation,/mnt/ubna_data_02_mir/recover-20221013/UBNA_001/20221012_030000.WAV,Telephone Field,recover-20221013,001,1795
1587.8485,1587.8856,68437,81267,Rhinolophus ferrumequinum,0.021,0.021,-1,Echolocation,/mnt/ubna_data_02_mir/recover-20221013/UBNA_001/20221012_030000.WAV,Telephone Field,recover-20221013,001,1795
1587.8695,1587.9075,68437,82108,Rhinolophus ferrumequinum,0.026,0.026,-1,Echolocation,/mnt/ubna_data_02_mir/recover-20221013/UBNA_001/20221012_030000.WAV,Telephone Field,recover-20221013,001,1795
1587.8695,1587.877,23750,31990,Plecotus austriacus,0.009,0.021,-1,Echolocation,/mnt/ubna_data_02_mir/recover-20221013/UBNA_001/20221012_030000.WAV,Telephone Field,recover-20221013,001,1795
1587.8835,1587.9288,68437,83222,Rhinolophus ferrumequinum,0.038,0.038,-1,Echolocation,/mnt/ubna_data_02_mir/recover-20221013/UBNA_001/20221012_030000.WAV,Telephone Field,recover-20221013,001,1795
1587.9115,1587.922,24609,29832,Nyctalus leisleri,0.008,0.02,-1,Echolocation,/mnt/ubna_data_02_mir/recover-20221013/UBNA_001/20221012_030000.WAV,Telephone Field,recover-20221013,001,1795
1587.9175,1587.9545,68437,82199,Rhinolophus ferrumequinum,0.025,0.025,-1,Echolocation,/mnt/ubna_data_02_mir/recover-20221013/UBNA_001/20221012_030000.WAV,Telephone Field,recover-20221013,001,1795
1587.9335,1587.974,68437,82638,Rhinolophus ferrumequinum,0.022,0.022,-1,Echolocation,/mnt/ubna_data_02_mir/recover-20221013/UBNA_001/20221012_030000.WAV,Telephone Field,recover-20221013,001,1795
1587.9535,1587.9604,28046,40201,Eptesicus serotinus,0.006,0.023,-1,Echolocation,/mnt/ubna_data_02_mir/recover-20221013/UBNA_001/20221012_030000.WAV,Telephone Field,recover-20221013,001,1795
1587.9665,1587.9736,27187,38993,Eptesicus serotinus,0.006,0.021,-1,Echolocation,/mnt/ubna_data_02_mir/recover-20221013/UBNA_001/20221012_030000.WAV,Telephone Field,recover-20221013,001,1795
1588.0015,1588.0334,69296,81743,Rhinolophus ferrumequinum,0.038,0.038,-1,Echolocation,/mnt/ubna_data_02_mir/recover-20221013/UBNA_001/20221012_030000.WAV,Telephone Field,recover-20221013,001,1795
1588.0015,1588.0094,26328,35972,Nyctalus leisleri,0.009,0.035,-1,Echolocation,/mnt/ubna_data_02_mir/recover-20221013/UBNA_001/20221012_030000.WAV,Telephone Field,recover-20221013,001,1795
1588.0085,1588.0498,68437,81519,Rhinolophus ferrumequinum,0.023,0.023,-1,Echolocation,/mnt/ubna_data_02_mir/recover-20221013/UBNA_001/20221012_030000.WAV,Telephone Field,recover-20221013,001,1795
1588.0195,1588.0264,24609,34582,Plecotus austriacus,0.009,0.026,-1,Echolocation,/mnt/ubna_data_02_mir/recover-20221013/UBNA_001/20221012_030000.WAV,Telephone Field,recover-20221013,001,1795
1588.0255,1588.0678,68437,82910,Rhinolophus ferrumequinum,0.023,0.023,-1,Echolocation,/mnt/ubna_data_02_mir/recover-20221013/UBNA_001/20221012_030000.WAV,Telephone Field,recover-20221013,001,1795
1588.0505,1588.0865,68437,81112,Rhinolophus ferrumequinum,0.022,0.022,-1,Echolocation,/mnt/ubna_data_02_mir/recover-20221013/UBNA_001/20221012_030000.WAV,Telephone Field,recover-20221013,001,1795
1588.0775,1588.0851,27187,39436,Eptesicus serotinus,0.009,0.027,-1,Echolocation,/mnt/ubna_data_02_mir/recover-20221013/UBNA_001/20221012_030000.WAV,Telephone Field,recover-20221013,001,1795
1588.0895,1588.0998,23750,30008,Nyctalus leisleri,0.01,0.024,-1,Echolocation,/mnt/ubna_data_02_mir/recover-20221013/UBNA_001/20221012_030000.WAV,Telephone Field,recover-20221013,001,1795
1588.1085,1588.1443,68437,80854,Rhinolophus ferrumequinum,0.022,0.023,-1,Echolocation,/mnt/ubna_data_02_mir/recover-20221013/UBNA_001/20221012_030000.WAV,Telephone Field,recover-20221013,001,1795
1588.1115,1588.125,22890,26296,Nyctalus leisleri,0.017,0.028,-1,Echolocation,/mnt/ubna_data_02_mir/recover-20221013/UBNA_001/20221012_030000.WAV,Telephone Field,recover-20221013,001,1795
1588.1275,1588.165,68437,82530,Rhinolophus ferrumequinum,0.023,0.023,-1,Echolocation,/mnt/ubna_data_02_mir/recover-20221013/UBNA_001/20221012_030000.WAV,Telephone Field,recover-20221013,001,1795
1588.1525,1588.1882,68437,81673,Rhinolophus ferrumequinum,0.032,0.032,-1,Echolocation,/mnt/ubna_data_02_mir/recover-20221013/UBNA_001/20221012_030000.WAV,Telephone Field,recover-20221013,001,1795
1588.1885,1588.2284,68437,82907,Rhinolophus ferrumequinum,0.032,0.032,-1,Echolocation,/mnt/ubna_data_02_mir/recover-20221013/UBNA_001/20221012_030000.WAV,Telephone Field,recover-20221013,001,1795
1588.1995,1588.2088,27187,35765,Eptesicus serotinus,0.012,0.027,-1,Echolocation,/mnt/ubna_data_02_mir/recover-20221013/UBNA_001/20221012_030000.WAV,Telephone Field,recover-20221013,001,1795
1588.2135,1588.2524,68437,82093,Rhinolophus ferrumequinum,0.022,0.022,-1,Echolocation,/mnt/ubna_data_02_mir/recover-20221013/UBNA_001/20221012_030000.WAV,Telephone Field,recover-20221013,001,1795
1588.2535,1588.264,22031,27210,Nyctalus leisleri,0.012,0.025,-1,Echolocation,/mnt/ubna_data_02_mir/recover-20221013/UBNA_001/20221012_030000.WAV,Telephone Field,recover-20221013,001,1795
1588.2735,1588.312,68437,82040,Rhinolophus ferrumequinum,0.022,0.022,-1,Echolocation,/mnt/ubna_data_02_mir/recover-20221013/UBNA_001/20221012_030000.WAV,Telephone Field,recover-20221013,001,1795
1588.2825,1588.3216,68437,81555,Rhinolophus ferrumequinum,0.023,0.023,-1,Echolocation,/mnt/ubna_data_02_mir/recover-20221013/UBNA_001/20221012_030000.WAV,Telephone Field,recover-20221013,001,1795
1588.2875,1588.2942,24609,36762,Plecotus austriacus,0.009,0.025,-1,Echolocation,/mnt/ubna_data_02_mir/recover-20221013/UBNA_001/20221012_030000.WAV,Telephone Field,recover-20221013,001,1795
1588.2885,1588.2968,28906,39270,Eptesicus serotinus,0.007,0.025,-1,Echolocation,/mnt/ubna_data_02_mir/recover-20221013/UBNA_001/20221012_030000.WAV,Telephone Field,recover-20221013,001,1795
1588.3135,1588.3541,68437,82456,Rhinolophus ferrumequinum,0.026,0.026,-1,Echolocation,/mnt/ubna_data_02_mir/recover-20221013/UBNA_001/20221012_030000.WAV,Telephone Field,recover-20221013,001,1795
1588.3255,1588.3633,68437,81585,Rhinolophus ferrumequinum,0.023,0.023,-1,Echolocation,/mnt/ubna_data_02_mir/recover-20221013/UBNA_001/20221012_030000.WAV,Telephone Field,recover-20221013,001,1795
1588.3365,1588.3451,28906,38160,Eptesicus serotinus,0.009,0.027,-1,Echolocation,/mnt/ubna_data_02_mir/recover-20221013/UBNA_001/20221012_030000.WAV,Telephone Field,recover-20221013,001,1795
1588.3565,1588.3906,68437,80884,Rhinolophus ferrumequinum,0.022,0.022,-1,Echolocation,/mnt/ubna_data_02_mir/recover-20221013/UBNA_001/20221012_030000.WAV,Telephone Field,recover-20221013,001,1795
1588.3815,1588.4201,68437,81206,Rhinolophus ferrumequinum,0.023,0.023,-1,Echolocation,/mnt/ubna_data_02_mir/recover-20221013/UBNA_001/20221012_030000.WAV,Telephone Field,recover-20221013,001,1795
1588.3845,1588.3933,46953,52524,Pipistrellus pipistrellus,0.021,0.023,-1,Echolocation,/mnt/ubna_data_02_mir/recover-20221013/UBNA_001/20221012_030000.WAV,Telephone Field,recover-20221013,001,1795
1588.4245,1588.4317,26328,37919,Eptesicus serotinus,0.006,0.023,-1,Echolocation,/mnt/ubna_data_02_mir/recover-20221013/UBNA_001/20221012_030000.WAV,Telephone Field,recover-20221013,001,1795
1588.4585,1588.5018,68437,83486,Rhinolophus ferrumequinum,0.049,0.049,-1,Echolocation,/mnt/ubna_data_02_mir/recover-20221013/UBNA_001/20221012_030000.WAV,Telephone Field,recover-20221013,001,1795
1588.4625,1588.4696,45234,51683,Pipistrellus pipistrellus,0.023,0.026,-1,Echolocation,/mnt/ubna_data_02_mir/recover-20221013/UBNA_001/20221012_030000.WAV,Telephone Field,recover-20221013,001,1795
1588.4785,1588.5171,68437,82550,Rhinolophus ferrumequinum,0.023,0.023,-1,Echolocation,/mnt/ubna_data_02_mir/recover-20221013/UBNA_001/20221012_030000.WAV,Telephone Field,recover-20221013,001,1795
1588.4955,1588.5362,68437,82682,Rhinolophus ferrumequinum,0.039,0.039,-1,Echolocation,/mnt/ubna_data_02_mir/recover-20221013/UBNA_001/20221012_030000.WAV,Telephone Field,recover-20221013,001,1795
1588.4965,1588.506,28046,35397,Eptesicus serotinus,0.012,0.027,-1,Echolocation,/mnt/ubna_data_02_mir/recover-20221013/UBNA_001/20221012_030000.WAV,Telephone Field,recover-20221013,001,1795
1588.5105,1588.5208,23750,29930,Nyctalus leisleri,0.01,0.023,-1,Echolocation,/mnt/ubna_data_02_mir/recover-20221013/UBNA_001/20221012_030000.WAV,Telephone Field,recover-20221013,001,1795
1588.5195,1588.5594,68437,82071,Rhinolophus ferrumequinum,0.024,0.024,-1,Echolocation,/mnt/ubna_data_02_mir/recover-20221013/UBNA_001/20221012_030000.WAV,Telephone Field,recover-20221013,001,1795
1588.5455,1588.5888,68437,82891,Rhinolophus ferrumequinum,0.044,0.044,-1,Echolocation,/mnt/ubna_data_02_mir/recover-20221013/UBNA_001/20221012_030000.WAV,Telephone Field,recover-20221013,001,1795
1588.5545,1588.5658,22890,28772,Nyctalus leisleri,0.011,0.025,-1,Echolocation,/mnt/ubna_data_02_mir/recover-20221013/UBNA_001/20221012_030000.WAV,Telephone Field,recover-20221013,001,1795
1588.5635,1588.5701,27187,39037,Eptesicus serotinus,0.006,0.026,-1,Echolocation,/mnt/ubna_data_02_mir/recover-20221013/UBNA_001/20221012_030000.WAV,Telephone Field,recover-20221013,001,1795
1588.5955,1588.605,28906,37551,Eptesicus serotinus,0.008,0.022,-1,Echolocation,/mnt/ubna_data_02_mir/recover-20221013/UBNA_001/20221012_030000.WAV,Telephone Field,recover-20221013,001,1795
1588.6195,1588.6591,68437,82296,Rhinolophus ferrumequinum,0.026,0.026,-1,Echolocation,/mnt/ubna_data_02_mir/recover-20221013/UBNA_001/20221012_030000.WAV,Telephone Field,recover-20221013,001,1795
1588.6205,1588.6297,28046,38744,Eptesicus serotinus,0.008,0.023,-1,Echolocation,/mnt/ubna_data_02_mir/recover-20221013/UBNA_001/20221012_030000.WAV,Telephone Field,recover-20221013,001,1795
1588.6715,1588.679,23750,32745,Plecotus austriacus,0.012,0.027,-1,Echolocation,/mnt/ubna_data_02_mir/recover-20221013/UBNA_001/20221012_030000.WAV,Telephone Field,recover-20221013,001,1795
1588.7045,1588.7146,22031,26664,Nyctalus leisleri,0.011,0.024,-1,Echolocation,/mnt/ubna_data_02_mir/recover-20221013/UBNA_001/20221012_030000.WAV,Telephone Field,recover-20221013,001,1795
1588.7385,1588.7763,68437,81904,Rhinolophus ferrumequinum,0.023,0.023,-1,Echolocation,/mnt/ubna_data_02_mir/recover-20221013/UBNA_001/20221012_030000.WAV,Telephone Field,recover-20221013,001,1795
1588.7545,1588.7664,22890,27496,Nyctalus leisleri,0.018,0.034,-1,Echolocation,/mnt/ubna_data_02_mir/recover-20221013/UBNA_001/20221012_030000.WAV,Telephone Field,recover-20221013,001,1795
1588.7585,1588.7941,68437,81536,Rhinolophus ferrumequinum,0.025,0.025,-1,Echolocation,/mnt/ubna_data_02_mir/recover-20221013/UBNA_001/20221012_030000.WAV,Telephone Field,recover-20221013,001,1795
1588.7785,1588.8187,68437,81859,Rhinolophus ferrumequinum,0.025,0.025,-1,Echolocation,/mnt/ubna_data_02_mir/recover-20221013/UBNA_001/20221012_030000.WAV,Telephone Field,recover-20221013,001,1795
1588.7915,1588.7996,23750,31643,Plecotus austriacus,0.009,0.022,-1,Echolocation,/mnt/ubna_data_02_mir/recover-20221013/UBNA_001/20221012_030000.WAV,Telephone Field,recover-20221013,001,1795
1588.8155,1588.8241,28046,38551,Eptesicus serotinus,0.007,0.023,-1,Echolocation,/mnt/ubna_data_02_mir/recover-20221013/UBNA_001/20221012_030000.WAV,Telephone Field,recover-20221013,001,1795
1588.8305,1588.8677,68437,81989,Rhinolophus ferrumequinum,0.027,0.027,-1,Echolocation,/mnt/ubna_data_02_mir/recover-20221013/UBNA_001/20221012_030000.WAV,Telephone Field,recover-20221013,001,1795
1588.8385,1588.8813,68437,83427,Rhinolophus ferrumequinum,0.038,0.038,-1,Echolocation,/mnt/ubna_data_02_mir/recover-20221013/UBNA_001/20221012_030000.WAV,Telephone Field,recover-20221013,001,1795
1588.8715,1588.9103,68437,82253,Rhinolophus ferrumequinum,0.022,0.022,-1,Echolocation,/mnt/ubna_data_02_mir/recover-20221013/UBNA_001/20221012_030000.WAV,Telephone Field,recover-20221013,001,1795
1588.8755,1588.8864,23750,29023,Nyctalus leisleri,0.013,0.028,-1,Echolocation,/mnt/ubna_data_02_mir/recover-20221013/UBNA_001/20221012_030000.WAV,Telephone Field,recover-20221013,001,1795
1588.8785,1588.8898,31484,37758,Eptesicus serotinus,0.009,0.027,-1,Echolocation,/mnt/ubna_data_02_mir/recover-20221013/UBNA_001/20221012_030000.WAV,Telephone Field,recover-20221013,001,1795
1588.9205,1588.9284,27187,39097,Eptesicus serotinus,0.007,0.027,-1,Echolocation,/mnt/ubna_data_02_mir/recover-20221013/UBNA_001/20221012_030000.WAV,Telephone Field,recover-20221013,001,1795
1588.9355,1588.9736,68437,81408,Rhinolophus ferrumequinum,0.022,0.022,-1,Echolocation,/mnt/ubna_data_02_mir/recover-20221013/UBNA_001/20221012_030000.WAV,Telephone Field,recover-20221013,001,1795
1588.9435,1588.9835,68437,82607,Rhinolophus ferrumequinum,0.026,0.026,-1,Echolocation,/mnt/ubna_data_02_mir/recover-20221013/UBNA_001/20221012_030000.WAV,Telephone Field,recover-20221013,001,1795
1588.9725,1589.0124,68437,82323,Rhinolophus ferrumequinum,0.024,0.024,-1,Echolocation,/mnt/ubna_data_02_mir/recover-20221013/UBNA_001/20221012_030000.WAV,Telephone Field,recover-20221013,001,1795
1588.9995,1589.0078,26328,34628,Eptesicus serotinus,0.011,0.033,-1,Echolocation,/mnt/ubna_data_02_mir/recover-20221013/UBNA_001/20221012_030000.WAV,Telephone Field,recover-20221013,001,1795
1589.0125,1589.0516,68437,82389,Rhinolophus ferrumequinum,0.025,0.025,-1,Echolocation,/mnt/ubna_data_02_mir/recover-20221013/UBNA_001/20221012_030000.WAV,Telephone Field,recover-20221013,001,1795
1589.0225,1589.0297,27187,38137,Eptesicus serotinus,0.006,0.028,-1,Echolocation,/mnt/ubna_data_02_mir/recover-20221013/UBNA_001/20221012_030000.WAV,Telephone Field,recover-20221013,001,1795
1589.0495,1589.0587,47812,52359,Pipistrellus pipistrellus,0.024,0.026,-1,Echolocation,/mnt/ubna_data_02_mir/recover-20221013/UBNA_001/20221012_030000.WAV,Telephone Field,recover-20221013,001,1795
1589.0495,1589.0883,68437,82134,Rhinolophus ferrumequinum,0.022,0.022,-1,Echolocation,/mnt/ubna_data_02_mir/recover-20221013/UBNA_001/20221012_030000.WAV,Telephone Field,recover-20221013,001,1795
1589.0625,1589.1007,68437,81905,Rhinolophus ferrumequinum,0.022,0.022,-1,Echolocation,/mnt/ubna_data_02_mir/recover-20221013/UBNA_001/20221012_030000.WAV,Telephone Field,recover-20221013,001,1795
1589.0935,1589.1307,68437,81655,Rhinolophus ferrumequinum,0.025,0.025,-1,Echolocation,/mnt/ubna_data_02_mir/recover-20221013/UBNA_001/20221012_030000.WAV,Telephone Field,recover-20221013,001,1795
1589.1015,1589.1401,68437,81555,Rhinolophus ferrumequinum,0.022,0.022,-1,Echolocation,/mnt/ubna_data_02_mir/recover-20221013/UBNA_001/20221012_030000.WAV,Telephone Field,recover-20221013,001,1795
1589.1535,1589.1628,28046,37943,Eptesicus serotinus,0.009,0.025,-1,Echolocation,/mnt/ubna_data_02_mir/recover-20221013/UBNA_001/20221012_030000.WAV,Telephone Field,recover-20221013,001,1795
1589.1755,1589.1867,23750,29279,Nyctalus leisleri,0.014,0.029,-1,Echolocation,/mnt/ubna_data_02_mir/recover-20221013/UBNA_001/20221012_030000.WAV,Telephone Field,recover-20221013,001,1795
1589.1955,1589.2343,68437,80605,Rhinolophus ferrumequinum,0.025,0.026,-1,Echolocation,/mnt/ubna_data_02_mir/recover-20221013/UBNA_001/20221012_030000.WAV,Telephone Field,recover-20221013,001,1795
1589.1975,1589.2134,17734,22795,Nyctalus noctula,0.015,0.022,-1,Echolocation,/mnt/ubna_data_02_mir/recover-20221013/UBNA_001/20221012_030000.WAV,Telephone Field,recover-20221013,001,1795
1589.1985,1589.2061,28046,38713,Eptesicus serotinus,0.009,0.032,-1,Echolocation,/mnt/ubna_data_02_mir/recover-20221013/UBNA_001/20221012_030000.WAV,Telephone Field,recover-20221013,001,1795
1589.2395,1589.2794,68437,82865,Rhinolophus ferrumequinum,0.028,0.028,-1,Echolocation,/mnt/ubna_data_02_mir/recover-20221013/UBNA_001/20221012_030000.WAV,Telephone Field,recover-20221013,001,1795
1589.2755,1589.2869,22890,27489,Nyctalus leisleri,0.011,0.022,-1,Echolocation,/mnt/ubna_data_02_mir/recover-20221013/UBNA_001/20221012_030000.WAV,Telephone Field,recover-20221013,001,1795
1589.3035,1589.3426,68437,82398,Rhinolophus ferrumequinum,0.029,0.029,-1,Echolocation,/mnt/ubna_data_02_mir/recover-20221013/UBNA_001/20221012_030000.WAV,Telephone Field,recover-20221013,001,1795
1589.3125,1589.3192,34062,42595,Myotis daubentonii,0.01,0.023,-1,Echolocation,/mnt/ubna_data_02_mir/recover-20221013/UBNA_001/20221012_030000.WAV,Telephone Field,recover-20221013,001,1795
1589.3175,1589.3554,68437,81809,Rhinolophus ferrumequinum,0.022,0.022,-1,Echolocation,/mnt/ubna_data_02_mir/recover-20221013/UBNA_001/20221012_030000.WAV,Telephone Field,recover-20221013,001,1795
1589.3185,1589.3259,27187,36728,Eptesicus serotinus,0.006,0.022,-1,Echolocation,/mnt/ubna_data_02_mir/recover-20221013/UBNA_001/20221012_030000.WAV,Telephone Field,recover-20221013,001,1795
1589.3395,1589.3497,28906,36263,Eptesicus serotinus,0.01,0.024,-1,Echolocation,/mnt/ubna_data_02_mir/recover-20221013/UBNA_001/20221012_030000.WAV,Telephone Field,recover-20221013,001,1795
1589.3455,1589.3844,68437,81800,Rhinolophus ferrumequinum,0.026,0.026,-1,Echolocation,/mnt/ubna_data_02_mir/recover-20221013/UBNA_001/20221012_030000.WAV,Telephone Field,recover-20221013,001,1795
1589.3545,1589.3607,24609,39167,Plecotus austriacus,0.012,0.032,-1,Echolocation,/mnt/ubna_data_02_mir/recover-20221013/UBNA_001/20221012_030000.WAV,Telephone Field,recover-20221013,001,1795
1589.3605,1589.3986,68437,82635,Rhinolophus ferrumequinum,0.023,0.023,-1,Echolocation,/mnt/ubna_data_02_mir/recover-20221013/UBNA_001/20221012_030000.WAV,Telephone Field,recover-20221013,001,1795
1589.3905,1589.4316,68437,83251,Rhinolophus ferrumequinum,0.033,0.033,-1,Echolocation,/mnt/ubna_data_02_mir/recover-20221013/UBNA_001/20221012_030000.WAV,Telephone Field,recover-20221013,001,1795
1589.4055,1589.4447,68437,82553,Rhinolophus ferrumequinum,0.022,0.022,-1,Echolocation,/mnt/ubna_data_02_mir/recover-20221013/UBNA_001/20221012_030000.WAV,Telephone Field,recover-20221013,001,1795
1589.4175,1589.4266,22890,30040,Plecotus austriacus,0.009,0.024,-1,Echolocation,/mnt/ubna_data_02_mir/recover-20221013/UBNA_001/20221012_030000.WAV,Telephone Field,recover-20221013,001,1795
1589.4395,1589.4756,68437,80993,Rhinolophus ferrumequinum,0.022,0.022,-1,Echolocation,/mnt/ubna_data_02_mir/recover-20221013/UBNA_001/20221012_030000.WAV,Telephone Field,recover-20221013,001,1795
1589.4635,1589.505,68437,82500,Rhinolophus ferrumequinum,0.024,0.024,-1,Echolocation,/mnt/ubna_data_02_mir/recover-20221013/UBNA_001/20221012_030000.WAV,Telephone Field,recover-20221013,001,1795
1589.4685,1589.4753,34921,44464,Myotis daubentonii,0.01,0.027,-1,Echolocation,/mnt/ubna_data_02_mir/recover-20221013/UBNA_001/20221012_030000.WAV,Telephone Field,recover-20221013,001,1795
1589.4735,1589.484,23750,30065,Nyctalus leisleri,0.012,0.029,-1,Echolocation,/mnt/ubna_data_02_mir/recover-20221013/UBNA_001/20221012_030000.WAV,Telephone Field,recover-20221013,001,1795
1589.4995,1589.5099,28906,35537,Eptesicus serotinus,0.012,0.028,-1,Echolocation,/mnt/ubna_data_02_mir/recover-20221013/UBNA_001/20221012_030000.WAV,Telephone Field,recover-20221013,001,1795
1589.5075,1589.5488,68437,83004,Rhinolophus ferrumequinum,0.029,0.029,-1,Echolocation,/mnt/ubna_data_02_mir/recover-20221013/UBNA_001/20221012_030000.WAV,Telephone Field,recover-20221013,001,1795
1589.5105,1589.5188,44375,49265,Pipistrellus pipistrellus,0.019,0.022,-1,Echolocation,/mnt/ubna_data_02_mir/recover-20221013/UBNA_001/20221012_030000.WAV,Telephone Field,recover-20221013,001,1795
1589.5135,1589.5208,28046,40380,Eptesicus serotinus,0.007,0.03,-1,Echolocation,/mnt/ubna_data_02_mir/recover-20221013/UBNA_001/20221012_030000.WAV,Telephone Field,recover-20221013,001,1795
1589.5395,1589.5474,28046,40645,Eptesicus serotinus,0.008,0.025,-1,Echolocation,/mnt/ubna_data_02_mir/recover-20221013/UBNA_001/20221012_030000.WAV,Telephone Field,recover-20221013,001,1795
1589.5635,1589.5689,38359,49695,Myotis daubentonii,0.009,0.027,-1,Echolocation,/mnt/ubna_data_02_mir/recover-20221013/UBNA_001/20221012_030000.WAV,Telephone Field,recover-20221013,001,1795
1589.5635,1589.5704,26328,40146,Myotis nattereri,0.007,0.025,-1,Echolocation,/mnt/ubna_data_02_mir/recover-20221013/UBNA_001/20221012_030000.WAV,Telephone Field,recover-20221013,001,1795
1589.5815,1589.5906,28046,36471,Eptesicus serotinus,0.008,0.022,-1,Echolocation,/mnt/ubna_data_02_mir/recover-20221013/UBNA_001/20221012_030000.WAV,Telephone Field,recover-20221013,001,1795
1589.5855,1589.6228,68437,81869,Rhinolophus ferrumequinum,0.024,0.024,-1,Echolocation,/mnt/ubna_data_02_mir/recover-20221013/UBNA_001/20221012_030000.WAV,Telephone Field,recover-20221013,001,1795
1589.5865,1589.5953,28906,36979,Eptesicus serotinus,0.007,0.022,-1,Echolocation,/mnt/ubna_data_02_mir/recover-20221013/UBNA_001/20221012_030000.WAV,Telephone Field,recover-20221013,001,1795
1589.6135,1589.6216,27187,39522,Eptesicus serotinus,0.008,0.027,-1,Echolocation,/mnt/ubna_data_02_mir/recover-20221013/UBNA_001/20221012_030000.WAV,Telephone Field,recover-20221013,001,1795
1589.6175,1589.6562,68437,81909,Rhinolophus ferrumequinum,0.022,0.022,-1,Echolocation,/mnt/ubna_data_02_mir/recover-20221013/UBNA_001/20221012_030000.WAV,Telephone Field,recover-20221013,001,1795
1589.6195,1589.6278,26328,36816,Eptesicus serotinus,0.007,0.025,-1,Echolocation,/mnt/ubna_data_02_mir/recover-20221013/UBNA_001/20221012_030000.WAV,Telephone Field,recover-20221013,001,1795
1589.6415,1589.6491,27187,39372,Eptesicus serotinus,0.006,0.022,-1,Echolocation,/mnt/ubna_data_02_mir/recover-20221013/UBNA_001/20221012_030000.WAV,Telephone Field,recover-20221013,001,1795
1589.6535,1589.6934,68437,81773,Rhinolophus ferrumequinum,0.032,0.032,-1,Echolocation,/mnt/ubna_data_02_mir/recover-20221013/UBNA_001/20221012_030000.WAV,Telephone Field,recover-20221013,001,1795
1589.6685,1589.7064,68437,82682,Rhinolophus ferrumequinum,0.023,0.023,-1,Echolocation,/mnt/ubna_data_02_mir/recover-20221013/UBNA_001/20221012_030000.WAV,Telephone Field,recover-20221013,001,1795
1589.6755,1589.7146,68437,82271,Rhinolophus ferrumequinum,0.024,0.024,-1,Echolocation,/mnt/ubna_data_02_mir/recover-20221013/UBNA_001/20221012_030000.WAV,Telephone Field,recover-20221013,001,1795
1589.6965,1589.7048,23750,31518,Plecotus austriacus,0.01,0.025,-1,Echolocation,/mnt/ubna_data_02_mir/recover-20221013/UBNA_001/20221012_030000.WAV,Telephone Field,recover-20221013,001,1795
1589.7125,1589.7533,68437,82113,Rhinolophus ferrumequinum,0.025,0.025,-1,Echolocation,/mnt/ubna_data_02_mir/recover-20221013/UBNA_001/20221012_030000.WAV,Telephone Field,recover-20221013,001,1795
1589.7185,1589.7252,28046,40618,Eptesicus serotinus,0.007,0.028,-1,Echolocation,/mnt/ubna_data_02_mir/recover-20221013/UBNA_001/20221012_030000.WAV,Telephone Field,recover-20221013,001,1795
1589.7585,1589.7673,28046,37852,Eptesicus serotinus,0.009,0.024,-1,Echolocation,/mnt/ubna_data_02_mir/recover-20221013/UBNA_001/20221012_030000.WAV,Telephone Field,recover-20221013,001,1795
1589.7885,1589.8307,68437,82777,Rhinolophus ferrumequinum,0.031,0.031,-1,Echolocation,/mnt/ubna_data_02_mir/recover-20221013/UBNA_001/20221012_030000.WAV,Telephone Field,recover-20221013,001,1795
1589.7915,1589.7995,27187,38517,Eptesicus serotinus,0.007,0.024,-1,Echolocation,/mnt/ubna_data_02_mir/recover-20221013/UBNA_001/20221012_030000.WAV,Telephone Field,recover-20221013,001,1795
1589.7995,1589.808,27187,35619,Eptesicus serotinus,0.007,0.022,-1,Echolocation,/mnt/ubna_data_02_mir/recover-20221013/UBNA_001/20221012_030000.WAV,Telephone Field,recover-20221013,001,1795
1589.8335,1589.8718,68437,81770,Rhinolophus ferrumequinum,0.023,0.023,-1,Echolocation,/mnt/ubna_data_02_mir/recover-20221013/UBNA_001/20221012_030000.WAV,Telephone Field,recover-20221013,001,1795
1589.8355,1589.8425,24609,35960,Plecotus austriacus,0.013,0.033,-1,Echolocation,/mnt/ubna_data_02_mir/recover-20221013/UBNA_001/20221012_030000.WAV,Telephone Field,recover-20221013,001,1795
1589.8355,1589.8427,28906,39418,Eptesicus serotinus,0.009,0.033,-1,Echolocation,/mnt/ubna_data_02_mir/recover-20221013/UBNA_001/20221012_030000.WAV,Telephone Field,recover-20221013,001,1795
1589.8825,1589.9217,68437,82986,Rhinolophus ferrumequinum,0.025,0.025,-1,Echolocation,/mnt/ubna_data_02_mir/recover-20221013/UBNA_001/20221012_030000.WAV,Telephone Field,recover-20221013,001,1795
1589.9285,1589.9678,68437,82361,Rhinolophus ferrumequinum,0.023,0.023,-1,Echolocation,/mnt/ubna_data_02_mir/recover-20221013/UBNA_001/20221012_030000.WAV,Telephone Field,recover-20221013,001,1795
1589.9435,1589.9825,68437,81830,Rhinolophus ferrumequinum,0.027,0.027,-1,Echolocation,/mnt/ubna_data_02_mir/recover-20221013/UBNA_001/20221012_030000.WAV,Telephone Field,recover-20221013,001,1795
1589.9785,1589.99,22031,26328,Nyctalus leisleri,0.013,0.024,-1,Echolocation,/mnt/ubna_data_02_mir/recover-20221013/UBNA_001/20221012_030000.WAV,Telephone Field,recover-20221013,001,1795
1589.9855,1589.997,22890,27863,Nyctalus leisleri,0.011,0.023,-1,Echolocation,/mnt/ubna_data_02_mir/recover-20221013/UBNA_001/20221012_030000.WAV,Telephone Field,recover-20221013,001,1795
1590.0015,1590.0095,23750,31976,Nyctalus leisleri,0.006,0.023,-1,Echolocation,/mnt/ubna_data_02_mir/recover-20221013/UBNA_001/20221012_030000.WAV,Telephone Field,recover-20221013,001,1795
1590.0015,1590.0303,68437,79430,Rhinolophus ferrumequinum,0.032,0.032,-1,Echolocation,/mnt/ubna_data_02_mir/recover-20221013/UBNA_001/20221012_030000.WAV,Telephone Field,recover-20221013,001,1795
1590.0245,1590.0352,22031,26752,Nyctalus leisleri,0.01,0.022,-1,Echolocation,/mnt/ubna_data_02_mir/recover-20221013/UBNA_001/20221012_030000.WAV,Telephone Field,recover-20221013,001,1795
1590.0555,1590.0639,26328,35307,Eptesicus serotinus,0.009,0.026,-1,Echolocation,/mnt/ubna_data_02_mir/recover-20221013/UBNA_001/20221012_030000.WAV,Telephone Field,recover-20221013,001,1795
1590.0835,1590.0951,23750,28890,Nyctalus leisleri,0.016,0.031,-1,Echolocation,/mnt/ubna_data_02_mir/recover-20221013/UBNA_001/20221012_030000.WAV,Telephone Field,recover-20221013,001,1795
1590.1005,1590.1079,28046,38831,Eptesicus serotinus,0.006,0.022,-1,Echolocation,/mnt/ubna_data_02_mir/recover-20221013/UBNA_001/20221012_030000.WAV,Telephone Field,recover-20221013,001,1795
1590.1085,1590.1447,68437,82052,Rhinolophus ferrumequinum,0.023,0.023,-1,Echolocation,/mnt/ubna_data_02_mir/recover-20221013/UBNA_001/20221012_030000.WAV,Telephone Field,recover-20221013,001,1795
1590.1275,1590.1367,26328,34275,Eptesicus serotinus,0.009,0.023,-1,Echolocation,/mnt/ubna_data_02_mir/recover-20221013/UBNA_001/20221012_030000.WAV,Telephone Field,recover-20221013,001,1795
1590.1475,1590.1911,68437,83186,Rhinolophus ferrumequinum,0.028,0.028,-1,Echolocation,/mnt/ubna_data_02_mir/recover-20221013/UBNA_001/20221012_030000.WAV,Telephone Field,recover-20221013,001,1795
1590.1855,1590.2264,68437,82367,Rhinolophus ferrumequinum,0.038,0.038,-1,Echolocation,/mnt/ubna_data_02_mir/recover-20221013/UBNA_001/20221012_030000.WAV,Telephone Field,recover-20221013,001,1795
1590.1915,1590.1992,28046,38616,Eptesicus serotinus,0.008,0.023,-1,Echolocation,/mnt/ubna_data_02_mir/recover-20221013/UBNA_001/20221012_030000.WAV,Telephone Field,recover-20221013,001,1795
1590.2275,1590.2332,36640,47959,Myotis daubentonii,0.011,0.025,-1,Echolocation,/mnt/ubna_data_02_mir/recover-20221013/UBNA_001/20221012_030000.WAV,Telephone Field,recover-20221013,001,1795
1590.2295,1590.2356,28046,42084,Eptesicus serotinus,0.005,0.024,-1,Echolocation,/mnt/ubna_data_02_mir/recover-20221013/UBNA_001/20221012_030000.WAV,Telephone Field,recover-20221013,001,1795
1590.2455,1590.2798,68437,81027,Rhinolophus ferrumequinum,0.023,0.023,-1,Echolocation,/mnt/ubna_data_02_mir/recover-20221013/UBNA_001/20221012_030000.WAV,Telephone Field,recover-20221013,001,1795
1590.2765,1590.284,28046,40449,Eptesicus serotinus,0.007,0.023,-1,Echolocation,/mnt/ubna_data_02_mir/recover-20221013/UBNA_001/20221012_030000.WAV,Telephone Field,recover-20221013,001,1795
1590.3325,1590.3402,24609,33364,Plecotus austriacus,0.007,0.023,-1,Echolocation,/mnt/ubna_data_02_mir/recover-20221013/UBNA_001/20221012_030000.WAV,Telephone Field,recover-20221013,001,1795
1590.3415,1590.3775,68437,81360,Rhinolophus ferrumequinum,0.023,0.023,-1,Echolocation,/mnt/ubna_data_02_mir/recover-20221013/UBNA_001/20221012_030000.WAV,Telephone Field,recover-20221013,001,1795
1590.3575,1590.3964,68437,81946,Rhinolophus ferrumequinum,0.022,0.022,-1,Echolocation,/mnt/ubna_data_02_mir/recover-20221013/UBNA_001/20221012_030000.WAV,Telephone Field,recover-20221013,001,1795
1590.4265,1590.4367,22890,28910,Nyctalus leisleri,0.01,0.025,-1,Echolocation,/mnt/ubna_data_02_mir/recover-20221013/UBNA_001/20221012_030000.WAV,Telephone Field,recover-20221013,001,1795
1590.4695,1590.5093,68437,82645,Rhinolophus ferrumequinum,0.023,0.023,-1,Echolocation,/mnt/ubna_data_02_mir/recover-20221013/UBNA_001/20221012_030000.WAV,Telephone Field,recover-20221013,001,1795
1590.4825,1590.5186,68437,81765,Rhinolophus ferrumequinum,0.023,0.023,-1,Echolocation,/mnt/ubna_data_02_mir/recover-20221013/UBNA_001/20221012_030000.WAV,Telephone Field,recover-20221013,001,1795
1590.4895,1590.497,27187,43825,Eptesicus serotinus,0.008,0.025,-1,Echolocation,/mnt/ubna_data_02_mir/recover-20221013/UBNA_001/20221012_030000.WAV,Telephone Field,recover-20221013,001,1795
1590.5145,1590.5591,68437,83202,Rhinolophus ferrumequinum,0.028,0.028,-1,Echolocation,/mnt/ubna_data_02_mir/recover-20221013/UBNA_001/20221012_030000.WAV,Telephone Field,recover-20221013,001,1795
1590.5145,1590.521,24609,39757,Myotis nattereri,0.01,0.03,-1,Echolocation,/mnt/ubna_data_02_mir/recover-20221013/UBNA_001/20221012_030000.WAV,Telephone Field,recover-20221013,001,1795
1590.5545,1590.592,68437,81896,Rhinolophus ferrumequinum,0.027,0.027,-1,Echolocation,/mnt/ubna_data_02_mir/recover-20221013/UBNA_001/20221012_030000.WAV,Telephone Field,recover-20221013,001,1795
1590.5665,1590.5761,23750,30486,Nyctalus leisleri,0.008,0.022,-1,Echolocation,/mnt/ubna_data_02_mir/recover-20221013/UBNA_001/20221012_030000.WAV,Telephone Field,recover-20221013,001,1795
1590.5765,1590.612,68437,81515,Rhinolophus ferrumequinum,0.022,0.022,-1,Echolocation,/mnt/ubna_data_02_mir/recover-20221013/UBNA_001/20221012_030000.WAV,Telephone Field,recover-20221013,001,1795
1590.5925,1590.5998,28046,39078,Eptesicus serotinus,0.007,0.023,-1,Echolocation,/mnt/ubna_data_02_mir/recover-20221013/UBNA_001/20221012_030000.WAV,Telephone Field,recover-20221013,001,1795
1590.6045,1590.6396,68437,80975,Rhinolophus ferrumequinum,0.022,0.022,-1,Echolocation,/mnt/ubna_data_02_mir/recover-20221013/UBNA_001/20221012_030000.WAV,Telephone Field,recover-20221013,001,1795
1590.6135,1590.6243,25468,32833,Eptesicus serotinus,0.009,0.023,-1,Echolocation,/mnt/ubna_data_02_mir/recover-20221013/UBNA_001/20221012_030000.WAV,Telephone Field,recover-20221013,001,1795
1590.6235,1590.6342,22890,28236,Nyctalus leisleri,0.011,0.023,-1,Echolocation,/mnt/ubna_data_02_mir/recover-20221013/UBNA_001/20221012_030000.WAV,Telephone Field,recover-20221013,001,1795
1590.6415,1590.6785,68437,81774,Rhinolophus ferrumequinum,0.023,0.023,-1,Echolocation,/mnt/ubna_data_02_mir/recover-20221013/UBNA_001/20221012_030000.WAV,Telephone Field,recover-20221013,001,1795
1590.6805,1590.7186,68437,81901,Rhinolophus ferrumequinum,0.022,0.022,-1,Echolocation,/mnt/ubna_data_02_mir/recover-20221013/UBNA_001/20221012_030000.WAV,Telephone Field,recover-20221013,001,1795
1590.6895,1590.6944,36640,58191,Myotis brandtii,0.006,0.023,-1,Echolocation,/mnt/ubna_data_02_mir/recover-20221013/UBNA_001/20221012_030000.WAV,Telephone Field,recover-20221013,001,1795
1590.6905,1590.6979,27187,46961,Eptesicus serotinus,0.006,0.022,-1,Echolocation,/mnt/ubna_data_02_mir/recover-20221013/UBNA_001/20221012_030000.WAV,Telephone Field,recover-20221013,001,1795
1590.7275,1590.7378,28046,41836,Eptesicus serotinus,0.01,0.022,-1,Echolocation,/mnt/ubna_data_02_mir/recover-20221013/UBNA_001/20221012_030000.WAV,Telephone Field,recover-20221013,001,1795
1590.7535,1590.7954,68437,82863,Rhinolophus ferrumequinum,0.025,0.025,-1,Echolocation,/mnt/ubna_data_02_mir/recover-20221013/UBNA_001/20221012_030000.WAV,Telephone Field,recover-20221013,001,1795
1590.7835,1590.8218,68437,81993,Rhinolophus ferrumequinum,0.022,0.022,-1,Echolocation,/mnt/ubna_data_02_mir/recover-20221013/UBNA_001/20221012_030000.WAV,Telephone Field,recover-20221013,001,1795
1590.7885,1590.7974,44375,50127,Pipistrellus pipistrellus,0.021,0.025,-1,Echolocation,/mnt/ubna_data_02_mir/recover-20221013/UBNA_001/20221012_030000.WAV,Telephone Field,recover-20221013,001,1795
1590.7905,1590.8271,68437,81715,Rhinolophus ferrumequinum,0.022,0.022,-1,Echolocation,/mnt/ubna_data_02_mir/recover-20221013/UBNA_001/20221012_030000.WAV,Telephone Field,recover-20221013,001,1795
1590.8045,1590.8129,27187,36666,Eptesicus serotinus,0.009,0.025,-1,Echolocation,/mnt/ubna_data_02_mir/recover-20221013/UBNA_001/20221012_030000.WAV,Telephone Field,recover-20221013,001,1795
1590.9005,1590.9414,68437,83399,Rhinolophus ferrumequinum,0.031,0.031,-1,Echolocation,/mnt/ubna_data_02_mir/recover-20221013/UBNA_001/20221012_030000.WAV,Telephone Field,recover-20221013,001,1795
1590.9245,1590.9653,68437,83045,Rhinolophus ferrumequinum,0.026,0.026,-1,Echolocation,/mnt/ubna_data_02_mir/recover-20221013/UBNA_001/20221012_030000.WAV,Telephone Field,recover-20221013,001,1795
1590.9595,1590.9978,68437,82437,Rhinolophus ferrumequinum,0.022,0.022,-1,Echolocation,/mnt/ubna_data_02_mir/recover-20221013/UBNA_001/20221012_030000.WAV,Telephone Field,recover-20221013,001,1795
1590.9695,1590.9767,27187,38803,Eptesicus serotinus,0.009,0.032,-1,Echolocation,/mnt/ubna_data_02_mir/recover-20221013/UBNA_001/20221012_030000.WAV,Telephone Field,recover-20221013,001,1795
1590.9845,1591.0234,68437,82396,Rhinolophus ferrumequinum,0.022,0.022,-1,Echolocation,/mnt/ubna_data_02_mir/recover-20221013/UBNA_001/20221012_030000.WAV,Telephone Field,recover-20221013,001,1795
1591.0005,1591.0102,43515,49662,Pipistrellus pipistrellus,0.019,0.027,-1,Echolocation,/mnt/ubna_data_02_mir/recover-20221013/UBNA_001/20221012_030000.WAV,Telephone Field,recover-20221013,001,1795
1591.0235,1591.034,22031,26899,Nyctalus leisleri,0.011,0.024,-1,Echolocation,/mnt/ubna_data_02_mir/recover-20221013/UBNA_001/20221012_030000.WAV,Telephone Field,recover-20221013,001,1795
1591.0415,1591.0802,68437,82370,Rhinolophus ferrumequinum,0.027,0.027,-1,Echolocation,/mnt/ubna_data_02_mir/recover-20221013/UBNA_001/20221012_030000.WAV,Telephone Field,recover-20221013,001,1795
1591.0665,1591.0998,68437,81187,Rhinolophus ferrumequinum,0.022,0.022,-1,Echolocation,/mnt/ubna_data_02_mir/recover-20221013/UBNA_001/20221012_030000.WAV,Telephone Field,recover-20221013,001,1795
1591.0955,1591.1341,68437,82508,Rhinolophus ferrumequinum,0.021,0.022,-1,Echolocation,/mnt/ubna_data_02_mir/recover-20221013/UBNA_001/20221012_030000.WAV,Telephone Field,recover-20221013,001,1795
1591.1275,1591.1679,68437,82934,Rhinolophus ferrumequinum,0.053,0.053,-1,Echolocation,/mnt/ubna_data_02_mir/recover-20221013/UBNA_001/20221012_030000.WAV,Telephone Field,recover-20221013,001,1795
1591.1385,1591.1447,26328,36375,Plecotus austriacus,0.011,0.035,-1,Echolocation,/mnt/ubna_data_02_mir/recover-20221013/UBNA_001/20221012_030000.WAV,Telephone Field,recover-20221013,001,1795
1591.1525,1591.1605,45234,52730,Pipistrellus pipistrellus,0.023,0.028,-1,Echolocation,/mnt/ubna_data_02_mir/recover-20221013/UBNA_001/20221012_030000.WAV,Telephone Field,recover-20221013,001,1795
1591.1655,1591.2041,68437,82121,Rhinolophus ferrumequinum,0.024,0.024,-1,Echolocation,/mnt/ubna_data_02_mir/recover-20221013/UBNA_001/20221012_030000.WAV,Telephone Field,recover-20221013,001,1795
1591.1955,1591.2014,24609,40284,Myotis nattereri,0.01,0.027,-1,Echolocation,/mnt/ubna_data_02_mir/recover-20221013/UBNA_001/20221012_030000.WAV,Telephone Field,recover-20221013,001,1795
1591.2255,1591.2335,28046,39417,Eptesicus serotinus,0.01,0.028,-1,Echolocation,/mnt/ubna_data_02_mir/recover-20221013/UBNA_001/20221012_030000.WAV,Telephone Field,recover-20221013,001,1795
1591.2345,1591.2752,68437,82356,Rhinolophus ferrumequinum,0.022,0.022,-1,Echolocation,/mnt/ubna_data_02_mir/recover-20221013/UBNA_001/20221012_030000.WAV,Telephone Field,recover-20221013,001,1795
1591.2675,1591.3082,68437,82924,Rhinolophus ferrumequinum,0.028,0.028,-1,Echolocation,/mnt/ubna_data_02_mir/recover-20221013/UBNA_001/20221012_030000.WAV,Telephone Field,recover-20221013,001,1795
1591.3175,1591.3254,28046,37599,Eptesicus serotinus,0.007,0.022,-1,Echolocation,/mnt/ubna_data_02_mir/recover-20221013/UBNA_001/20221012_030000.WAV,Telephone Field,recover-20221013,001,1795
1591.3285,1591.365,68437,81814,Rhinolophus ferrumequinum,0.023,0.023,-1,Echolocation,/mnt/ubna_data_02_mir/recover-20221013/UBNA_001/20221012_030000.WAV,Telephone Field,recover-20221013,001,1795
1591.3555,1591.365,28906,37069,Eptesicus serotinus,0.01,0.026,-1,Echolocation,/mnt/ubna_data_02_mir/recover-20221013/UBNA_001/20221012_030000.WAV,Telephone Field,recover-20221013,001,1795
1591.3845,1591.3932,28046,38136,Eptesicus serotinus,0.009,0.025,-1,Echolocation,/mnt/ubna_data_02_mir/recover-20221013/UBNA_001/20221012_030000.WAV,Telephone Field,recover-20221013,001,1795
1591.3845,1591.3939,22890,29727,Plecotus austriacus,0.008,0.025,-1,Echolocation,/mnt/ubna_data_02_mir/recover-20221013/UBNA_001/20221012_030000.WAV,Telephone Field,recover-20221013,001,1795
1591.4175,1591.4247,28046,38854,Eptesicus serotinus,0.007,0.026,-1,Echolocation,/mnt/ubna_data_02_mir/recover-20221013/UBNA_001/20221012_030000.WAV,Telephone Field,recover-20221013,001,1795
1591.4575,1591.4965,68437,82000,Rhinolophus ferrumequinum,0.024,0.024,-1,Echolocation,/mnt/ubna_data_02_mir/recover-20221013/UBNA_001/20221012_030000.WAV,Telephone Field,recover-20221013,001,1795
1591.4595,1591.4672,28046,36715,Eptesicus serotinus,0.009,0.026,-1,Echolocation,/mnt/ubna_data_02_mir/recover-20221013/UBNA_001/20221012_030000.WAV,Telephone Field,recover-20221013,001,1795
1591.4945,1591.5019,26328,37845,Eptesicus serotinus,0.006,0.022,-1,Echolocation,/mnt/ubna_data_02_mir/recover-20221013/UBNA_001/20221012_030000.WAV,Telephone Field,recover-20221013,001,1795
1591.5125,1591.5489,68437,81056,Rhinolophus ferrumequinum,0.021,0.022,-1,Echolocation,/mnt/ubna_data_02_mir/recover-20221013/UBNA_001/20221012_030000.WAV,Telephone Field,recover-20221013,001,1795
1591.5275,1591.5656,68437,81607,Rhinolophus ferrumequinum,0.022,0.022,-1,Echolocation,/mnt/ubna_data_02_mir/recover-20221013/UBNA_001/20221012_030000.WAV,Telephone Field,recover-20221013,001,1795
1591.5305,1591.5392,28046,38738,Eptesicus serotinus,0.008,0.022,-1,Echolocation,/mnt/ubna_data_02_mir/recover-20221013/UBNA_001/20221012_030000.WAV,Telephone Field,recover-20221013,001,1795
1591.5545,1591.5644,22890,28366,Nyctalus leisleri,0.01,0.024,-1,Echolocation,/mnt/ubna_data_02_mir/recover-20221013/UBNA_001/20221012_030000.WAV,Telephone Field,recover-20221013,001,1795
1591.6105,1591.6491,68437,82198,Rhinolophus ferrumequinum,0.025,0.025,-1,Echolocation,/mnt/ubna_data_02_mir/recover-20221013/UBNA_001/20221012_030000.WAV,Telephone Field,recover-20221013,001,1795
1591.6495,1591.6596,22890,28776,Nyctalus leisleri,0.01,0.025,-1,Echolocation,/mnt/ubna_data_02_mir/recover-20221013/UBNA_001/20221012_030000.WAV,Telephone Field,recover-20221013,001,1795
1591.6605,1591.6996,68437,81747,Rhinolophus ferrumequinum,0.023,0.023,-1,Echolocation,/mnt/ubna_data_02_mir/recover-20221013/UBNA_001/20221012_030000.WAV,Telephone Field,recover-20221013,001,1795
1591.6665,1591.6763,22031,27545,Nyctalus leisleri,0.008,0.022,-1,Echolocation,/mnt/ubna_data_02_mir/recover-20221013/UBNA_001/20221012_030000.WAV,Telephone Field,recover-20221013,001,1795
1591.6835,1591.7232,68437,82514,Rhinolophus ferrumequinum,0.029,0.029,-1,Echolocation,/mnt/ubna_data_02_mir/recover-20221013/UBNA_001/20221012_030000.WAV,Telephone Field,recover-20221013,001,1795
1591.7705,1591.7812,22031,28406,Nyctalus leisleri,0.009,0.03,-1,Echolocation,/mnt/ubna_data_02_mir/recover-20221013/UBNA_001/20221012_030000.WAV,Telephone Field,recover-20221013,001,1795
1591.7785,1591.7888,22031,27345,Nyctalus leisleri,0.009,0.027,-1,Echolocation,/mnt/ubna_data_02_mir/recover-20221013/UBNA_001/20221012_030000.WAV,Telephone Field,recover-20221013,001,1795
1591.7915,1591.8294,68437,81911,Rhinolophus ferrumequinum,0.022,0.022,-1,Echolocation,/mnt/ubna_data_02_mir/recover-20221013/UBNA_001/20221012_030000.WAV,Telephone Field,recover-20221013,001,1795
1591.8135,1591.8232,28906,39443,Eptesicus serotinus,0.012,0.029,-1,Echolocation,/mnt/ubna_data_02_mir/recover-20221013/UBNA_001/20221012_030000.WAV,Telephone Field,recover-20221013,001,1795
1591.8335,1591.8761,68437,82905,Rhinolophus ferrumequinum,0.036,0.036,-1,Echolocation,/mnt/ubna_data_02_mir/recover-20221013/UBNA_001/20221012_030000.WAV,Telephone Field,recover-20221013,001,1795
1591.8545,1591.8956,68437,82634,Rhinolophus ferrumequinum,0.023,0.023,-1,Echolocation,/mnt/ubna_data_02_mir/recover-20221013/UBNA_001/20221012_030000.WAV,Telephone Field,recover-20221013,001,1795
1591.8615,1591.8678,28046,42417,Myotis daubentonii,0.007,0.03,-1,Echolocation,/mnt/ubna_data_02_mir/recover-20221013/UBNA_001/20221012_030000.WAV,Telephone Field,recover-20221013,001,1795
1591.9225,1591.9621,68437,82644,Rhinolophus ferrumequinum,0.028,0.028,-1,Echolocation,/mnt/ubna_data_02_mir/recover-20221013/UBNA_001/20221012_030000.WAV,Telephone Field,recover-20221013,001,1795
1591.9465,1591.9805,68437,80384,Rhinolophus ferrumequinum,0.033,0.033,-1,Echolocation,/mnt/ubna_data_02_mir/recover-20221013/UBNA_001/20221012_030000.WAV,Telephone Field,recover-20221013,001,1795
1591.9785,1591.9874,26328,36606,Eptesicus serotinus,0.008,0.022,-1,Echolocation,/mnt/ubna_data_02_mir/recover-20221013/UBNA_001/20221012_030000.WAV,Telephone Field,recover-20221013,001,1795
1592.0015,1592.0344,69296,81369,Rhinolophus ferrumequinum,0.028,0.028,-1,Echolocation,/mnt/ubna_data_02_mir/recover-20221013/UBNA_001/20221012_030000.WAV,Telephone Field,recover-20221013,001,1795
1592.0015,1592.0095,25468,34492,Eptesicus serotinus,0.007,0.025,-1,Echolocation,/mnt/ubna_data_02_mir/recover-20221013/UBNA_001/20221012_030000.WAV,Telephone Field,recover-20221013,001,1795
1592.0105,1592.0496,68437,82919,Rhinolophus ferrumequinum,0.026,0.026,-1,Echolocation,/mnt/ubna_data_02_mir/recover-20221013/UBNA_001/20221012_030000.WAV,Telephone Field,recover-20221013,001,1795
1592.0335,1592.0409,26328,34981,Eptesicus serotinus,0.006,0.02,-1,Echolocation,/mnt/ubna_data_02_mir/recover-20221013/UBNA_001/20221012_030000.WAV,Telephone Field,recover-20221013,001,1795
1592.0415,1592.0808,68437,81429,Rhinolophus ferrumequinum,0.021,0.021,-1,Echolocation,/mnt/ubna_data_02_mir/recover-20221013/UBNA_001/20221012_030000.WAV,Telephone Field,recover-20221013,001,1795
1592.0695,1592.107,68437,82034,Rhinolophus ferrumequinum,0.023,0.023,-1,Echolocation,/mnt/ubna_data_02_mir/recover-20221013/UBNA_001/20221012_030000.WAV,Telephone Field,recover-20221013,001,1795
1592.0805,1592.0887,23750,31339,Plecotus austriacus,0.009,0.021,-1,Echolocation,/mnt/ubna_data_02_mir/recover-20221013/UBNA_001/20221012_030000.WAV,Telephone Field,recover-20221013,001,1795
1592.0945,1592.1069,29765,35434,Eptesicus serotinus,0.016,0.032,-1,Echolocation,/mnt/ubna_data_02_mir/recover-20221013/UBNA_001/20221012_030000.WAV,Telephone Field,recover-20221013,001,1795
1592.1115,1592.1205,44375,50893,Pipistrellus pipistrellus,0.016,0.021,-1,Echolocation,/mnt/ubna_data_02_mir/recover-20221013/UBNA_001/20221012_030000.WAV,Telephone Field,recover-20221013,001,1795
1592.1215,1592.1589,68437,81882,Rhinolophus ferrumequinum,0.023,0.023,-1,Echolocation,/mnt/ubna_data_02_mir/recover-20221013/UBNA_001/20221012_030000.WAV,Telephone Field,recover-20221013,001,1795
1592.1245,1592.1333,28906,38952,Eptesicus serotinus,0.008,0.024,-1,Echolocation,/mnt/ubna_data_02_mir/recover-20221013/UBNA_001/20221012_030000.WAV,Telephone Field,recover-20221013,001,1795
1592.1415,1592.181,68437,82250,Rhinolophus ferrumequinum,0.026,0.026,-1,Echolocation,/mnt/ubna_data_02_mir/recover-20221013/UBNA_001/20221012_030000.WAV,Telephone Field,recover-20221013,001,1795
1592.1685,1592.2068,68437,81472,Rhinolophus ferrumequinum,0.022,0.022,-1,Echolocation,/mnt/ubna_data_02_mir/recover-20221013/UBNA_001/20221012_030000.WAV,Telephone Field,recover-20221013,001,1795
1592.1735,1592.2103,68437,81477,Rhinolophus ferrumequinum,0.023,0.023,-1,Echolocation,/mnt/ubna_data_02_mir/recover-20221013/UBNA_001/20221012_030000.WAV,Telephone Field,recover-20221013,001,1795
1592.1985,1592.2078,26328,34035,Eptesicus serotinus,0.009,0.022,-1,Echolocation,/mnt/ubna_data_02_mir/recover-20221013/UBNA_001/20221012_030000.WAV,Telephone Field,recover-20221013,001,1795
1592.2105,1592.2174,27187,39638,Eptesicus serotinus,0.005,0.021,-1,Echolocation,/mnt/ubna_data_02_mir/recover-20221013/UBNA_001/20221012_030000.WAV,Telephone Field,recover-20221013,001,1795
1592.2335,1592.2468,22031,26488,Nyctalus leisleri,0.014,0.025,-1,Echolocation,/mnt/ubna_data_02_mir/recover-20221013/UBNA_001/20221012_030000.WAV,Telephone Field,recover-20221013,001,1795
1592.2345,1592.2426,28046,39680,Eptesicus serotinus,0.007,0.022,-1,Echolocation,/mnt/ubna_data_02_mir/recover-20221013/UBNA_001/20221012_030000.WAV,Telephone Field,recover-20221013,001,1795
1592.2355,1592.2748,68437,82071,Rhinolophus ferrumequinum,0.021,0.021,-1,Echolocation,/mnt/ubna_data_02_mir/recover-20221013/UBNA_001/20221012_030000.WAV,Telephone Field,recover-20221013,001,1795
1592.2755,1592.3139,68437,82176,Rhinolophus ferrumequinum,0.02,0.02,-1,Echolocation,/mnt/ubna_data_02_mir/recover-20221013/UBNA_001/20221012_030000.WAV,Telephone Field,recover-20221013,001,1795
1592.2995,1592.3064,28046,38666,Eptesicus serotinus,0.006,0.021,-1,Echolocation,/mnt/ubna_data_02_mir/recover-20221013/UBNA_001/20221012_030000.WAV,Telephone Field,recover-20221013,001,1795
1592.3025,1592.3417,68437,81788,Rhinolophus ferrumequinum,0.023,0.023,-1,Echolocation,/mnt/ubna_data_02_mir/recover-20221013/UBNA_001/20221012_030000.WAV,Telephone Field,recover-20221013,001,1795
1592.3755,1592.3822,28046,40210,Eptesicus serotinus,0.005,0.021,-1,Echolocation,/mnt/ubna_data_02_mir/recover-20221013/UBNA_001/20221012_030000.WAV,Telephone Field,recover-20221013,001,1795
1592.4735,1592.5141,68437,82506,Rhinolophus ferrumequinum,0.025,0.025,-1,Echolocation,/mnt/ubna_data_02_mir/recover-20221013/UBNA_001/20221012_030000.WAV,Telephone Field,recover-20221013,001,1795
1592.4835,1592.4935,22890,28176,Nyctalus leisleri,0.009,0.021,-1,Echolocation,/mnt/ubna_data_02_mir/recover-20221013/UBNA_001/20221012_030000.WAV,Telephone Field,recover-20221013,001,1795
1592.5025,1592.5433,68437,82192,Rhinolophus ferrumequinum,0.023,0.023,-1,Echolocation,/mnt/ubna_data_02_mir/recover-20221013/UBNA_001/20221012_030000.WAV,Telephone Field,recover-20221013,001,1795
1592.5045,1592.5123,27187,37439,Eptesicus serotinus,0.005,0.021,-1,Echolocation,/mnt/ubna_data_02_mir/recover-20221013/UBNA_001/20221012_030000.WAV,Telephone Field,recover-20221013,001,1795
1592.5555,1592.5663,22031,28039,Nyctalus leisleri,0.01,0.027,-1,Echolocation,/mnt/ubna_data_02_mir/recover-20221013/UBNA_001/20221012_030000.WAV,Telephone Field,recover-20221013,001,1795
1592.5685,1592.5837,22031,25068,Nyctalus leisleri,0.013,0.021,-1,Echolocation,/mnt/ubna_data_02_mir/recover-20221013/UBNA_001/20221012_030000.WAV,Telephone Field,recover-20221013,001,1795
1592.6195,1592.626,27187,37859,Eptesicus serotinus,0.009,0.034,-1,Echolocation,/mnt/ubna_data_02_mir/recover-20221013/UBNA_001/20221012_030000.WAV,Telephone Field,recover-20221013,001,1795
1592.6315,1592.6715,68437,81825,Rhinolophus ferrumequinum,0.022,0.022,-1,Echolocation,/mnt/ubna_data_02_mir/recover-20221013/UBNA_001/20221012_030000.WAV,Telephone Field,recover-20221013,001,1795
1592.6675,1592.7059,68437,81369,Rhinolophus ferrumequinum,0.025,0.025,-1,Echolocation,/mnt/ubna_data_02_mir/recover-20221013/UBNA_001/20221012_030000.WAV,Telephone Field,recover-20221013,001,1795
1592.6785,1592.7175,68437,82055,Rhinolophus ferrumequinum,0.021,0.021,-1,Echolocation,/mnt/ubna_data_02_mir/recover-20221013/UBNA_001/20221012_030000.WAV,Telephone Field,recover-20221013,001,1795
1592.6865,1592.7244,68437,81563,Rhinolophus ferrumequinum,0.021,0.021,-1,Echolocation,/mnt/ubna_data_02_mir/recover-20221013/UBNA_001/20221012_030000.WAV,Telephone Field,recover-20221013,001,1795
1592.7305,1592.7363,52109,59421,Pipistrellus pipistrellus,0.018,0.022,-1,Echolocation,/mnt/ubna_data_02_mir/recover-20221013/UBNA_001/20221012_030000.WAV,Telephone Field,recover-20221013,001,1795
1592.7585,1592.7984,68437,82281,Rhinolophus ferrumequinum,0.025,0.025,-1,Echolocation,/mnt/ubna_data_02_mir/recover-20221013/UBNA_001/20221012_030000.WAV,Telephone Field,recover-20221013,001,1795
1592.7625,1592.774,22890,27758,Nyctalus leisleri,0.011,0.023,-1,Echolocation,/mnt/ubna_data_02_mir/recover-20221013/UBNA_001/20221012_030000.WAV,Telephone Field,recover-20221013,001,1795
1592.7685,1592.7733,38359,57552,Myotis mystacinus,0.007,0.022,-1,Echolocation,/mnt/ubna_data_02_mir/recover-20221013/UBNA_001/20221012_030000.WAV,Telephone Field,recover-20221013,001,1795
1592.7935,1592.8298,68437,81574,Rhinolophus ferrumequinum,0.021,0.022,-1,Echolocation,/mnt/ubna_data_02_mir/recover-20221013/UBNA_001/20221012_030000.WAV,Telephone Field,recover-20221013,001,1795
1592.7955,1592.8029,28046,38468,Eptesicus serotinus,0.01,0.028,-1,Echolocation,/mnt/ubna_data_02_mir/recover-20221013/UBNA_001/20221012_030000.WAV,Telephone Field,recover-20221013,001,1795
1592.8195,1592.8611,68437,82685,Rhinolophus ferrumequinum,0.032,0.032,-1,Echolocation,/mnt/ubna_data_02_mir/recover-20221013/UBNA_001/20221012_030000.WAV,Telephone Field,recover-20221013,001,1795
1592.8375,1592.8569,21171,24320,Nyctalus leisleri,0.02,0.034,-1,Echolocation,/mnt/ubna_data_02_mir/recover-20221013/UBNA_001/20221012_030000.WAV,Telephone Field,recover-20221013,001,1795
1592.8425,1592.8817,68437,82440,Rhinolophus ferrumequinum,0.024,0.025,-1,Echolocation,/mnt/ubna_data_02_mir/recover-20221013/UBNA_001/20221012_030000.WAV,Telephone Field,recover-20221013,001,1795
1592.8585,1592.8988,68437,82289,Rhinolophus ferrumequinum,0.021,0.021,-1,Echolocation,/mnt/ubna_data_02_mir/recover-20221013/UBNA_001/20221012_030000.WAV,Telephone Field,recover-20221013,001,1795
1592.8805,1592.8896,29765,38947,Eptesicus serotinus,0.012,0.03,-1,Echolocation,/mnt/ubna_data_02_mir/recover-20221013/UBNA_001/20221012_030000.WAV,Telephone Field,recover-20221013,001,1795
1592.9025,1592.9132,25468,32062,Nyctalus leisleri,0.011,0.031,-1,Echolocation,/mnt/ubna_data_02_mir/recover-20221013/UBNA_001/20221012_030000.WAV,Telephone Field,recover-20221013,001,1795
1592.9255,1592.9658,68437,82407,Rhinolophus ferrumequinum,0.034,0.034,-1,Echolocation,/mnt/ubna_data_02_mir/recover-20221013/UBNA_001/20221012_030000.WAV,Telephone Field,recover-20221013,001,1795
1592.9715,1593.0135,68437,82332,Rhinolophus ferrumequinum,0.051,0.051,-1,Echolocation,/mnt/ubna_data_02_mir/recover-20221013/UBNA_001/20221012_030000.WAV,Telephone Field,recover-20221013,001,1795
1593.0065,1593.0147,28906,39233,Eptesicus serotinus,0.006,0.021,-1,Echolocation,/mnt/ubna_data_02_mir/recover-20221013/UBNA_001/20221012_030000.WAV,Telephone Field,recover-20221013,001,1795
1593.0275,1593.04,22031,25923,Nyctalus leisleri,0.013,0.022,-1,Echolocation,/mnt/ubna_data_02_mir/recover-20221013/UBNA_001/20221012_030000.WAV,Telephone Field,recover-20221013,001,1795
1593.0595,1593.0675,23750,31573,Plecotus austriacus,0.009,0.022,-1,Echolocation,/mnt/ubna_data_02_mir/recover-20221013/UBNA_001/20221012_030000.WAV,Telephone Field,recover-20221013,001,1795
1593.0755,1593.1125,68437,82197,Rhinolophus ferrumequinum,0.021,0.021,-1,Echolocation,/mnt/ubna_data_02_mir/recover-20221013/UBNA_001/20221012_030000.WAV,Telephone Field,recover-20221013,001,1795
1593.0855,1593.1234,68437,81574,Rhinolophus ferrumequinum,0.023,0.023,-1,Echolocation,/mnt/ubna_data_02_mir/recover-20221013/UBNA_001/20221012_030000.WAV,Telephone Field,recover-20221013,001,1795
1593.1145,1593.1554,68437,82888,Rhinolophus ferrumequinum,0.028,0.028,-1,Echolocation,/mnt/ubna_data_02_mir/recover-20221013/UBNA_001/20221012_030000.WAV,Telephone Field,recover-20221013,001,1795
1593.1695,1593.1787,28906,38372,Eptesicus serotinus,0.008,0.021,-1,Echolocation,/mnt/ubna_data_02_mir/recover-20221013/UBNA_001/20221012_030000.WAV,Telephone Field,recover-20221013,001,1795
1593.1765,1593.1898,58984,65364,Pipistrellus pygmaeus,0.022,0.022,-1,Echolocation,/mnt/ubna_data_02_mir/recover-20221013/UBNA_001/20221012_030000.WAV,Telephone Field,recover-20221013,001,1795
1593.2195,1593.2588,68437,81860,Rhinolophus ferrumequinum,0.021,0.021,-1,Echolocation,/mnt/ubna_data_02_mir/recover-20221013/UBNA_001/20221012_030000.WAV,Telephone Field,recover-20221013,001,1795
1593.2235,1593.23,32343,42151,Myotis daubentonii,0.008,0.024,-1,Echolocation,/mnt/ubna_data_02_mir/recover-20221013/UBNA_001/20221012_030000.WAV,Telephone Field,recover-20221013,001,1795
1593.2255,1593.2319,28046,39581,Eptesicus serotinus,0.006,0.024,-1,Echolocation,/mnt/ubna_data_02_mir/recover-20221013/UBNA_001/20221012_030000.WAV,Telephone Field,recover-20221013,001,1795
1593.2705,1593.3076,68437,81568,Rhinolophus ferrumequinum,0.023,0.023,-1,Echolocation,/mnt/ubna_data_02_mir/recover-20221013/UBNA_001/20221012_030000.WAV,Telephone Field,recover-20221013,001,1795
1593.2775,1593.3147,68437,81661,Rhinolophus ferrumequinum,0.021,0.021,-1,Echolocation,/mnt/ubna_data_02_mir/recover-20221013/UBNA_001/20221012_030000.WAV,Telephone Field,recover-20221013,001,1795
1593.3115,1593.35,68437,81362,Rhinolophus ferrumequinum,0.021,0.021,-1,Echolocation,/mnt/ubna_data_02_mir/recover-20221013/UBNA_001/20221012_030000.WAV,Telephone Field,recover-20221013,001,1795
1593.3445,1593.3836,68437,81736,Rhinolophus ferrumequinum,0.023,0.023,-1,Echolocation,/mnt/ubna_data_02_mir/recover-20221013/UBNA_001/20221012_030000.WAV,Telephone Field,recover-20221013,001,1795
1593.3695,1593.3801,28906,37536,Eptesicus serotinus,0.012,0.027,-1,Echolocation,/mnt/ubna_data_02_mir/recover-20221013/UBNA_001/20221012_030000.WAV,Telephone Field,recover-20221013,001,1795
1593.4145,1593.4213,27187,41674,Eptesicus serotinus,0.005,0.021,-1,Echolocation,/mnt/ubna_data_02_mir/recover-20221013/UBNA_001/20221012_030000.WAV,Telephone Field,recover-20221013,001,1795
1593.4585,1593.4962,68437,82305,Rhinolophus ferrumequinum,0.025,0.025,-1,Echolocation,/mnt/ubna_data_02_mir/recover-20221013/UBNA_001/20221012_030000.WAV,Telephone Field,recover-20221013,001,1795
1593.4875,1593.5189,68437,80795,Rhinolophus ferrumequinum,0.023,0.023,-1,Echolocation,/mnt/ubna_data_02_mir/recover-20221013/UBNA_001/20221012_030000.WAV,Telephone Field,recover-20221013,001,1795
1593.5025,1593.5411,68437,82111,Rhinolophus ferrumequinum,0.022,0.022,-1,Echolocation,/mnt/ubna_data_02_mir/recover-20221013/UBNA_001/20221012_030000.WAV,Telephone Field,recover-20221013,001,1795
1593.5275,1593.568,68437,82531,Rhinolophus ferrumequinum,0.021,0.021,-1,Echolocation,/mnt/ubna_data_02_mir/recover-20221013/UBNA_001/20221012_030000.WAV,Telephone Field,recover-20221013,001,1795
1593.5335,1593.5716,68437,81868,Rhinolophus ferrumequinum,0.021,0.021,-1,Echolocation,/mnt/ubna_data_02_mir/recover-20221013/UBNA_001/20221012_030000.WAV,Telephone Field,recover-20221013,001,1795
1593.5715,1593.6112,68437,81957,Rhinolophus ferrumequinum,0.022,0.022,-1,Echolocation,/mnt/ubna_data_02_mir/recover-20221013/UBNA_001/20221012_030000.WAV,Telephone Field,recover-20221013,001,1795
1593.5935,1593.6328,68437,82156,Rhinolophus ferrumequinum,0.021,0.021,-1,Echolocation,/mnt/ubna_data_02_mir/recover-20221013/UBNA_001/20221012_030000.WAV,Telephone Field,recover-20221013,001,1795
1593.6755,1593.6811,27187,54925,Myotis nattereri,0.01,0.024,-1,Echolocation,/mnt/ubna_data_02_mir/recover-20221013/UBNA_001/20221012_030000.WAV,Telephone Field,recover-20221013,001,1795
1593.7205,1593.7626,68437,83059,Rhinolophus ferrumequinum,0.026,0.026,-1,Echolocation,/mnt/ubna_data_02_mir/recover-20221013/UBNA_001/20221012_030000.WAV,Telephone Field,recover-20221013,001,1795
1593.7235,1593.7329,25468,33914,Eptesicus serotinus,0.007,0.022,-1,Echolocation,/mnt/ubna_data_02_mir/recover-20221013/UBNA_001/20221012_030000.WAV,Telephone Field,recover-20221013,001,1795
1593.7665,1593.7754,41796,44546,Pipistrellus pipistrellus,0.022,0.027,-1,Echolocation,/mnt/ubna_data_02_mir/recover-20221013/UBNA_001/20221012_030000.WAV,Telephone Field,recover-20221013,001,1795
1593.7665,1593.8058,68437,82559,Rhinolophus ferrumequinum,0.028,0.028,-1,Echolocation,/mnt/ubna_data_02_mir/recover-20221013/UBNA_001/20221012_030000.WAV,Telephone Field,recover-20221013,001,1795
1593.7815,1593.7993,20312,23297,Nyctalus leisleri,0.015,0.025,-1,Echolocation,/mnt/ubna_data_02_mir/recover-20221013/UBNA_001/20221012_030000.WAV,Telephone Field,recover-20221013,001,1795
1593.7915,1593.7981,24609,34644,Plecotus austriacus,0.014,0.03,-1,Echolocation,/mnt/ubna_data_02_mir/recover-20221013/UBNA_001/20221012_030000.WAV,Telephone Field,recover-20221013,001,1795
1593.8355,1593.873,68437,82025,Rhinolophus ferrumequinum,0.022,0.022,-1,Echolocation,/mnt/ubna_data_02_mir/recover-20221013/UBNA_001/20221012_030000.WAV,Telephone Field,recover-20221013,001,1795
1593.8385,1593.8598,20312,23101,Nyctalus leisleri,0.022,0.045,-1,Echolocation,/mnt/ubna_data_02_mir/recover-20221013/UBNA_001/20221012_030000.WAV,Telephone Field,recover-20221013,001,1795
1593.8705,1593.906,68437,81340,Rhinolophus ferrumequinum,0.02,0.02,-1,Echolocation,/mnt/ubna_data_02_mir/recover-20221013/UBNA_001/20221012_030000.WAV,Telephone Field,recover-20221013,001,1795
1593.8865,1593.9255,68437,81865,Rhinolophus ferrumequinum,0.021,0.022,-1,Echolocation,/mnt/ubna_data_02_mir/recover-20221013/UBNA_001/20221012_030000.WAV,Telephone Field,recover-20221013,001,1795
1593.8955,1593.9058,22031,27274,Nyctalus leisleri,0.009,0.021,-1,Echolocation,/mnt/ubna_data_02_mir/recover-20221013/UBNA_001/20221012_030000.WAV,Telephone Field,recover-20221013,001,1795
1593.9515,1593.9915,68437,82494,Rhinolophus ferrumequinum,0.022,0.022,-1,Echolocation,/mnt/ubna_data_02_mir/recover-20221013/UBNA_001/20221012_030000.WAV,Telephone Field,recover-20221013,001,1795
1593.9835,1593.99,33203,48261,Myotis daubentonii,0.01,0.022,-1,Echolocation,/mnt/ubna_data_02_mir/recover-20221013/UBNA_001/20221012_030000.WAV,Telephone Field,recover-20221013,001,1795
1593.9855,1593.9923,28906,43407,Eptesicus serotinus,0.006,0.021,-1,Echolocation,/mnt/ubna_data_02_mir/recover-20221013/UBNA_001/20221012_030000.WAV,Telephone Field,recover-20221013,001,1795
1594.0015,1594.0091,48671,53342,Pipistrellus pipistrellus,0.017,0.022,-1,Echolocation,/mnt/ubna_data_02_mir/recover-20221013/UBNA_001/20221012_030000.WAV,Telephone Field,recover-20221013,001,1795
1594.0015,1594.0334,68437,79449,Rhinolophus ferrumequinum,0.039,0.039,-1,Echolocation,/mnt/ubna_data_02_mir/recover-20221013/UBNA_001/20221012_030000.WAV,Telephone Field,recover-20221013,001,1795
1594.0015,1594.0104,25468,34341,Nyctalus leisleri,0.008,0.03,-1,Echolocation,/mnt/ubna_data_02_mir/recover-20221013/UBNA_001/20221012_030000.WAV,Telephone Field,recover-20221013,001,1795
1594.0095,1594.0488,68437,82377,Rhinolophus ferrumequinum,0.022,0.022,-1,Echolocation,/mnt/ubna_data_02_mir/recover-20221013/UBNA_001/20221012_030000.WAV,Telephone Field,recover-20221013,001,1795
1594.0275,1594.0367,50390,55089,Pipistrellus pipistrellus,0.054,0.06,-1,Echolocation,/mnt/ubna_data_02_mir/recover-20221013/UBNA_001/20221012_030000.WAV,Telephone Field,recover-20221013,001,1795
1594.0275,1594.064,68437,80815,Rhinolophus ferrumequinum,0.024,0.024,-1,Echolocation,/mnt/ubna_data_02_mir/recover-20221013/UBNA_001/20221012_030000.WAV,Telephone Field,recover-20221013,001,1795
1594.0695,1594.108,68437,81966,Rhinolophus ferrumequinum,0.022,0.022,-1,Echolocation,/mnt/ubna_data_02_mir/recover-20221013/UBNA_001/20221012_030000.WAV,Telephone Field,recover-20221013,001,1795
1594.0775,1594.1181,68437,82216,Rhinolophus ferrumequinum,0.022,0.022,-1,Echolocation,/mnt/ubna_data_02_mir/recover-20221013/UBNA_001/20221012_030000.WAV,Telephone Field,recover-20221013,001,1795
1594.0935,1594.1306,68437,81765,Rhinolophus ferrumequinum,0.023,0.023,-1,Echolocation,/mnt/ubna_data_02_mir/recover-20221013/UBNA_001/20221012_030000.WAV,Telephone Field,recover-20221013,001,1795
1594.1145,1594.1507,68437,81738,Rhinolophus ferrumequinum,0.022,0.022,-1,Echolocation,/mnt/ubna_data_02_mir/recover-20221013/UBNA_001/20221012_030000.WAV,Telephone Field,recover-20221013,001,1795
1594.1255,1594.1346,44375,50430,Pipistrellus pipistrellus,0.019,0.022,-1,Echolocation,/mnt/ubna_data_02_mir/recover-20221013/UBNA_001/20221012_030000.WAV,Telephone Field,recover-20221013,001,1795
1594.1285,1594.1648,68437,81082,Rhinolophus ferrumequinum,0.023,0.023,-1,Echolocation,/mnt/ubna_data_02_mir/recover-20221013/UBNA_001/20221012_030000.WAV,Telephone Field,recover-20221013,001,1795
1594.1395,1594.1754,68437,81674,Rhinolophus ferrumequinum,0.022,0.022,-1,Echolocation,/mnt/ubna_data_02_mir/recover-20221013/UBNA_001/20221012_030000.WAV,Telephone Field,recover-20221013,001,1795
1594.1645,1594.2054,68437,82349,Rhinolophus ferrumequinum,0.023,0.023,-1,Echolocation,/mnt/ubna_data_02_mir/recover-20221013/UBNA_001/20221012_030000.WAV,Telephone Field,recover-20221013,001,1795
1594.1925,1594.1997,23750,32670,Plecotus austriacus,0.01,0.023,-1,Echolocation,/mnt/ubna_data_02_mir/recover-20221013/UBNA_001/20221012_030000.WAV,Telephone Field,recover-20221013,001,1795
1594.2415,1594.2466,35781,62871,Myotis brandtii,0.008,0.026,-1,Echolocation,/mnt/ubna_data_02_mir/recover-20221013/UBNA_001/20221012_030000.WAV,Telephone Field,recover-20221013,001,1795
1594.2435,1594.2504,24609,37685,Plecotus austriacus,0.006,0.022,-1,Echolocation,/mnt/ubna_data_02_mir/recover-20221013/UBNA_001/20221012_030000.WAV,Telephone Field,recover-20221013,001,1795
1594.2515,1594.2863,68437,81331,Rhinolophus ferrumequinum,0.022,0.022,-1,Echolocation,/mnt/ubna_data_02_mir/recover-20221013/UBNA_001/20221012_030000.WAV,Telephone Field,recover-20221013,001,1795
1594.2625,1594.3015,68437,82224,Rhinolophus ferrumequinum,0.022,0.022,-1,Echolocation,/mnt/ubna_data_02_mir/recover-20221013/UBNA_001/20221012_030000.WAV,Telephone Field,recover-20221013,001,1795
1594.2995,1594.3396,68437,81761,Rhinolophus ferrumequinum,0.021,0.021,-1,Echolocation,/mnt/ubna_data_02_mir/recover-20221013/UBNA_001/20221012_030000.WAV,Telephone Field,recover-20221013,001,1795
1594.3205,1594.3576,68437,82070,Rhinolophus ferrumequinum,0.022,0.022,-1,Echolocation,/mnt/ubna_data_02_mir/recover-20221013/UBNA_001/20221012_030000.WAV,Telephone Field,recover-20221013,001,1795
1594.3535,1594.3911,68437,82159,Rhinolophus ferrumequinum,0.023,0.023,-1,Echolocation,/mnt/ubna_data_02_mir/recover-20221013/UBNA_001/20221012_030000.WAV,Telephone Field,recover-20221013,001,1795
1594.3655,1594.3758,22031,27270,Nyctalus leisleri,0.01,0.022,-1,Echolocation,/mnt/ubna_data_02_mir/recover-20221013/UBNA_001/20221012_030000.WAV,Telephone Field,recover-20221013,001,1795
1594.3855,1594.4235,68437,81803,Rhinolophus ferrumequinum,0.025,0.025,-1,Echolocation,/mnt/ubna_data_02_mir/recover-20221013/UBNA_001/20221012_030000.WAV,Telephone Field,recover-20221013,001,1795
1594.4335,1594.4462,22890,27696,Nyctalus leisleri,0.013,0.025,-1,Echolocation,/mnt/ubna_data_02_mir/recover-20221013/UBNA_001/20221012_030000.WAV,Telephone Field,recover-20221013,001,1795
1594.4525,1594.4893,68437,81535,Rhinolophus ferrumequinum,0.022,0.022,-1,Echolocation,/mnt/ubna_data_02_mir/recover-20221013/UBNA_001/20221012_030000.WAV,Telephone Field,recover-20221013,001,1795
1594.5025,1594.5396,68437,81463,Rhinolophus ferrumequinum,0.03,0.03,-1,Echolocation,/mnt/ubna_data_02_mir/recover-20221013/UBNA_001/20221012_030000.WAV,Telephone Field,recover-20221013,001,1795
1594.5185,1594.5296,26328,33497,Eptesicus serotinus,0.011,0.024,-1,Echolocation,/mnt/ubna_data_02_mir/recover-20221013/UBNA_001/20221012_030000.WAV,Telephone Field,recover-20221013,001,1795
1594.5355,1594.5736,68437,81626,Rhinolophus ferrumequinum,0.022,0.022,-1,Echolocation,/mnt/ubna_data_02_mir/recover-20221013/UBNA_001/20221012_030000.WAV,Telephone Field,recover-20221013,001,1795
1594.5575,1594.5968,68437,82419,Rhinolophus ferrumequinum,0.024,0.024,-1,Echolocation,/mnt/ubna_data_02_mir/recover-20221013/UBNA_001/20221012_030000.WAV,Telephone Field,recover-20221013,001,1795
1594.5585,1594.5693,23750,29027,Nyctalus leisleri,0.01,0.021,-1,Echolocation,/mnt/ubna_data_02_mir/recover-20221013/UBNA_001/20221012_030000.WAV,Telephone Field,recover-20221013,001,1795
1594.5705,1594.6113,68437,82614,Rhinolophus ferrumequinum,0.023,0.023,-1,Echolocation,/mnt/ubna_data_02_mir/recover-20221013/UBNA_001/20221012_030000.WAV,Telephone Field,recover-20221013,001,1795
1594.6045,1594.6444,68437,81611,Rhinolophus ferrumequinum,0.026,0.026,-1,Echolocation,/mnt/ubna_data_02_mir/recover-20221013/UBNA_001/20221012_030000.WAV,Telephone Field,recover-20221013,001,1795
1594.6145,1594.6226,28046,37333,Eptesicus serotinus,0.008,0.025,-1,Echolocation,/mnt/ubna_data_02_mir/recover-20221013/UBNA_001/20221012_030000.WAV,Telephone Field,recover-20221013,001,1795
1594.6275,1594.6668,68437,82478,Rhinolophus ferrumequinum,0.026,0.026,-1,Echolocation,/mnt/ubna_data_02_mir/recover-20221013/UBNA_001/20221012_030000.WAV,Telephone Field,recover-20221013,001,1795
1594.6495,1594.6575,49531,55940,Pipistrellus pipistrellus,0.02,0.022,-1,Echolocation,/mnt/ubna_data_02_mir/recover-20221013/UBNA_001/20221012_030000.WAV,Telephone Field,recover-20221013,001,1795
1594.6505,1594.6897,68437,82433,Rhinolophus ferrumequinum,0.025,0.025,-1,Echolocation,/mnt/ubna_data_02_mir/recover-20221013/UBNA_001/20221012_030000.WAV,Telephone Field,recover-20221013,001,1795
1594.6795,1594.7172,68437,81803,Rhinolophus ferrumequinum,0.027,0.027,-1,Echolocation,/mnt/ubna_data_02_mir/recover-20221013/UBNA_001/20221012_030000.WAV,Telephone Field,recover-20221013,001,1795
1594.7145,1594.7532,68437,81800,Rhinolophus ferrumequinum,0.023,0.024,-1,Echolocation,/mnt/ubna_data_02_mir/recover-20221013/UBNA_001/20221012_030000.WAV,Telephone Field,recover-20221013,001,1795
1594.7155,1594.7265,23750,29960,Nyctalus leisleri,0.009,0.024,-1,Echolocation,/mnt/ubna_data_02_mir/recover-20221013/UBNA_001/20221012_030000.WAV,Telephone Field,recover-20221013,001,1795
1594.8395,1594.8746,68437,81426,Rhinolophus ferrumequinum,0.022,0.022,-1,Echolocation,/mnt/ubna_data_02_mir/recover-20221013/UBNA_001/20221012_030000.WAV,Telephone Field,recover-20221013,001,1795
1594.8525,1594.8898,68437,81698,Rhinolophus ferrumequinum,0.03,0.03,-1,Echolocation,/mnt/ubna_data_02_mir/recover-20221013/UBNA_001/20221012_030000.WAV,Telephone Field,recover-20221013,001,1795
1594.8625,1594.8719,39218,46440,Pipistrellus nathusii,0.011,0.03,-1,Echolocation,/mnt/ubna_data_02_mir/recover-20221013/UBNA_001/20221012_030000.WAV,Telephone Field,recover-20221013,001,1795
1594.8655,1594.8734,26328,38225,Eptesicus serotinus,0.008,0.024,-1,Echolocation,/mnt/ubna_data_02_mir/recover-20221013/UBNA_001/20221012_030000.WAV,Telephone Field,recover-20221013,001,1795
1594.8975,1594.9371,68437,82056,Rhinolophus ferrumequinum,0.025,0.025,-1,Echolocation,/mnt/ubna_data_02_mir/recover-20221013/UBNA_001/20221012_030000.WAV,Telephone Field,recover-20221013,001,1795
1594.9205,1594.9322,14296,19187,Nyctalus noctula,0.013,0.022,-1,Echolocation,/mnt/ubna_data_02_mir/recover-20221013/UBNA_001/20221012_030000.WAV,Telephone Field,recover-20221013,001,1795
1594.9345,1594.974,68437,82732,Rhinolophus ferrumequinum,0.023,0.023,-1,Echolocation,/mnt/ubna_data_02_mir/recover-20221013/UBNA_001/20221012_030000.WAV,Telephone Field,recover-20221013,001,1795
1594.9485,1594.96,53828,57834,Pipistrellus pygmaeus,0.026,0.028,-1,Echolocation,/mnt/ubna_data_02_mir/recover-20221013/UBNA_001/20221012_030000.WAV,Telephone Field,recover-20221013,001,1795
1594.9555,1594.9614,28046,42419,Myotis daubentonii,0.006,0.029,-1,Echolocation,/mnt/ubna_data_02_mir/recover-20221013/UBNA_001/20221012_030000.WAV,Telephone Field,recover-20221013,001,1795
1594.9705,1594.9787,27187,40697,Eptesicus serotinus,0.008,0.023,-1,Echolocation,/mnt/ubna_data_02_mir/recover-20221013/UBNA_001/20221012_030000.WAV,Telephone Field,recover-20221013,001,1795
1594.9865,1595.0233,68437,81742,Rhinolophus ferrumequinum,0.024,0.024,-1,Echolocation,/mnt/ubna_data_02_mir/recover-20221013/UBNA_001/20221012_030000.WAV,Telephone Field,recover-20221013,001,1795
1595.0115,1595.0203,38359,43770,Barbastellus barbastellus,0.01,0.024,-1,Echolocation,/mnt/ubna_data_02_mir/recover-20221013/UBNA_001/20221012_030000.WAV,Telephone Field,recover-20221013,001,1795
1595.0225,1595.0627,68437,82606,Rhinolophus ferrumequinum,0.023,0.023,-1,Echolocation,/mnt/ubna_data_02_mir/recover-20221013/UBNA_001/20221012_030000.WAV,Telephone Field,recover-20221013,001,1795
1595.0685,1595.076,52109,57576,Pipistrellus pipistrellus,0.028,0.034,-1,Echolocation,/mnt/ubna_data_02_mir/recover-20221013/UBNA_001/20221012_030000.WAV,Telephone Field,recover-20221013,001,1795
1595.0765,1595.0854,25468,33235,Eptesicus serotinus,0.007,0.023,-1,Echolocation,/mnt/ubna_data_02_mir/recover-20221013/UBNA_001/20221012_030000.WAV,Telephone Field,recover-20221013,001,1795
1595.0925,1595.1131,19453,22719,Nyctalus noctula,0.012,0.027,-1,Echolocation,/mnt/ubna_data_02_mir/recover-20221013/UBNA_001/20221012_030000.WAV,Telephone Field,recover-20221013,001,1795
1595.1035,1595.1433,68437,82332,Rhinolophus ferrumequinum,0.022,0.022,-1,Echolocation,/mnt/ubna_data_02_mir/recover-20221013/UBNA_001/20221012_030000.WAV,Telephone Field,recover-20221013,001,1795
1595.1275,1595.1391,28046,35726,Eptesicus serotinus,0.014,0.029,-1,Echolocation,/mnt/ubna_data_02_mir/recover-20221013/UBNA_001/20221012_030000.WAV,Telephone Field,recover-20221013,001,1795
1595.1605,1595.168,28046,37448,Eptesicus serotinus,0.006,0.023,-1,Echolocation,/mnt/ubna_data_02_mir/recover-20221013/UBNA_001/20221012_030000.WAV,Telephone Field,recover-20221013,001,1795
1595.1615,1595.1687,22890,31119,Plecotus austriacus,0.012,0.023,-1,Echolocation,/mnt/ubna_data_02_mir/recover-20221013/UBNA_001/20221012_030000.WAV,Telephone Field,recover-20221013,001,1795
1595.2285,1595.27,68437,82394,Rhinolophus ferrumequinum,0.021,0.021,-1,Echolocation,/mnt/ubna_data_02_mir/recover-20221013/UBNA_001/20221012_030000.WAV,Telephone Field,recover-20221013,001,1795
1595.2695,1595.3106,68437,82874,Rhinolophus ferrumequinum,0.034,0.034,-1,Echolocation,/mnt/ubna_data_02_mir/recover-20221013/UBNA_001/20221012_030000.WAV,Telephone Field,recover-20221013,001,1795
1595.3535,1595.3635,22031,27734,Nyctalus leisleri,0.008,0.022,-1,Echolocation,/mnt/ubna_data_02_mir/recover-20221013/UBNA_001/20221012_030000.WAV,Telephone Field,recover-20221013,001,1795
1595.4285,1595.4706,68437,82698,Rhinolophus ferrumequinum,0.023,0.023,-1,Echolocation,/mnt/ubna_data_02_mir/recover-20221013/UBNA_001/20221012_030000.WAV,Telephone Field,recover-20221013,001,1795
1595.4355,1595.4749,68437,82508,Rhinolophus ferrumequinum,0.023,0.023,-1,Echolocation,/mnt/ubna_data_02_mir/recover-20221013/UBNA_001/20221012_030000.WAV,Telephone Field,recover-20221013,001,1795
1595.4435,1595.4816,68437,81620,Rhinolophus ferrumequinum,0.022,0.022,-1,Echolocation,/mnt/ubna_data_02_mir/recover-20221013/UBNA_001/20221012_030000.WAV,Telephone Field,recover-20221013,001,1795
1595.5345,1595.5713,68437,81244,Rhinolophus ferrumequinum,0.021,0.021,-1,Echolocation,/mnt/ubna_data_02_mir/recover-20221013/UBNA_001/20221012_030000.WAV,Telephone Field,recover-20221013,001,1795
1595.5725,1595.6137,68437,82591,Rhinolophus ferrumequinum,0.031,0.031,-1,Echolocation,/mnt/ubna_data_02_mir/recover-20221013/UBNA_001/20221012_030000.WAV,Telephone Field,recover-20221013,001,1795
1595.5865,1595.5972,38359,42685,Pipistrellus nathusii,0.024,0.036,-1,Echolocation,/mnt/ubna_data_02_mir/recover-20221013/UBNA_001/20221012_030000.WAV,Telephone Field,recover-20221013,001,1795
1595.6025,1595.6441,68437,82218,Rhinolophus ferrumequinum,0.028,0.028,-1,Echolocation,/mnt/ubna_data_02_mir/recover-20221013/UBNA_001/20221012_030000.WAV,Telephone Field,recover-20221013,001,1795
1595.6205,1595.6589,68437,81975,Rhinolophus ferrumequinum,0.022,0.022,-1,Echolocation,/mnt/ubna_data_02_mir/recover-20221013/UBNA_001/20221012_030000.WAV,Telephone Field,recover-20221013,001,1795
1595.6735,1595.7098,68437,80481,Rhinolophus ferrumequinum,0.022,0.022,-1,Echolocation,/mnt/ubna_data_02_mir/recover-20221013/UBNA_001/20221012_030000.WAV,Telephone Field,recover-20221013,001,1795
1595.6825,1595.7178,68437,81225,Rhinolophus ferrumequinum,0.028,0.028,-1,Echolocation,/mnt/ubna_data_02_mir/recover-20221013/UBNA_001/20221012_030000.WAV,Telephone Field,recover-20221013,001,1795
1595.7035,1595.7121,28046,35855,Eptesicus serotinus,0.012,0.027,-1,Echolocation,/mnt/ubna_data_02_mir/recover-20221013/UBNA_001/20221012_030000.WAV,Telephone Field,recover-20221013,001,1795
1595.7175,1595.7557,68437,82574,Rhinolophus ferrumequinum,0.023,0.023,-1,Echolocation,/mnt/ubna_data_02_mir/recover-20221013/UBNA_001/20221012_030000.WAV,Telephone Field,recover-20221013,001,1795
1595.7565,1595.7979,68437,82622,Rhinolophus ferrumequinum,0.023,0.023,-1,Echolocation,/mnt/ubna_data_02_mir/recover-20221013/UBNA_001/20221012_030000.WAV,Telephone Field,recover-20221013,001,1795
1595.7635,1595.8036,68437,82432,Rhinolophus ferrumequinum,0.023,0.023,-1,Echolocation,/mnt/ubna_data_02_mir/recover-20221013/UBNA_001/20221012_030000.WAV,Telephone Field,recover-20221013,001,1795
1595.7855,1595.7954,26328,34527,Eptesicus serotinus,0.011,0.026,-1,Echolocation,/mnt/ubna_data_02_mir/recover-20221013/UBNA_001/20221012_030000.WAV,Telephone Field,recover-20221013,001,1795
1595.8045,1595.8475,68437,82899,Rhinolophus ferrumequinum,0.027,0.027,-1,Echolocation,/mnt/ubna_data_02_mir/recover-20221013/UBNA_001/20221012_030000.WAV,Telephone Field,recover-20221013,001,1795
1595.8065,1595.8215,21171,24937,Nyctalus leisleri,0.015,0.027,-1,Echolocation,/mnt/ubna_data_02_mir/recover-20221013/UBNA_001/20221012_030000.WAV,Telephone Field,recover-20221013,001,1795
1595.8185,1595.8255,27187,41141,Eptesicus serotinus,0.007,0.023,-1,Echolocation,/mnt/ubna_data_02_mir/recover-20221013/UBNA_001/20221012_030000.WAV,Telephone Field,recover-20221013,001,1795
1595.8425,1595.8862,68437,83056,Rhinolophus ferrumequinum,0.027,0.027,-1,Echolocation,/mnt/ubna_data_02_mir/recover-20221013/UBNA_001/20221012_030000.WAV,Telephone Field,recover-20221013,001,1795
1595.9065,1595.9152,28046,37878,Eptesicus serotinus,0.008,0.023,-1,Echolocation,/mnt/ubna_data_02_mir/recover-20221013/UBNA_001/20221012_030000.WAV,Telephone Field,recover-20221013,001,1795
1595.9565,1595.9972,68437,82310,Rhinolophus ferrumequinum,0.022,0.022,-1,Echolocation,/mnt/ubna_data_02_mir/recover-20221013/UBNA_001/20221012_030000.WAV,Telephone Field,recover-20221013,001,1795
1595.9805,1595.9916,32343,37209,Barbastellus barbastellus,0.008,0.027,-1,Echolocation,/mnt/ubna_data_02_mir/recover-20221013/UBNA_001/20221012_030000.WAV,Telephone Field,recover-20221013,001,1795
1595.9825,1595.9917,27187,36001,Eptesicus serotinus,0.01,0.026,-1,Echolocation,/mnt/ubna_data_02_mir/recover-20221013/UBNA_001/20221012_030000.WAV,Telephone Field,recover-20221013,001,1795
1596.0015,1596.0141,25468,32322,Nyctalus leisleri,0.013,0.033,-1,Echolocation,/mnt/ubna_data_02_mir/recover-20221013/UBNA_001/20221012_030000.WAV,Telephone Field,recover-20221013,001,1795
1596.0015,1596.0126,46953,53994,Pipistrellus pipistrellus,0.017,0.022,-1,Echolocation,/mnt/ubna_data_02_mir/recover-20221013/UBNA_001/20221012_030000.WAV,Telephone Field,recover-20221013,001,1795
1596.0015,1596.0306,69296,80722,Rhinolophus ferrumequinum,0.023,0.023,-1,Echolocation,/mnt/ubna_data_02_mir/recover-20221013/UBNA_001/20221012_030000.WAV,Telephone Field,recover-20221013,001,1795
1596.0095,1596.0204,27187,33380,Eptesicus serotinus,0.013,0.025,-1,Echolocation,/mnt/ubna_data_02_mir/recover-20221013/UBNA_001/20221012_030000.WAV,Telephone Field,recover-20221013,001,1795
1596.0185,1596.0292,28906,35177,Eptesicus serotinus,0.008,0.02,-1,Echolocation,/mnt/ubna_data_02_mir/recover-20221013/UBNA_001/20221012_030000.WAV,Telephone Field,recover-20221013,001,1795
1596.0305,1596.0698,68437,82174,Rhinolophus ferrumequinum,0.019,0.02,-1,Echolocation,/mnt/ubna_data_02_mir/recover-20221013/UBNA_001/20221012_030000.WAV,Telephone Field,recover-20221013,001,1795
1596.0405,1596.0787,68437,82458,Rhinolophus ferrumequinum,0.023,0.023,-1,Echolocation,/mnt/ubna_data_02_mir/recover-20221013/UBNA_001/20221012_030000.WAV,Telephone Field,recover-20221013,001,1795
1596.0885,1596.1304,68437,82576,Rhinolophus ferrumequinum,0.025,0.025,-1,Echolocation,/mnt/ubna_data_02_mir/recover-20221013/UBNA_001/20221012_030000.WAV,Telephone Field,recover-20221013,001,1795
1596.1145,1596.1239,28046,36141,Eptesicus serotinus,0.008,0.02,-1,Echolocation,/mnt/ubna_data_02_mir/recover-20221013/UBNA_001/20221012_030000.WAV,Telephone Field,recover-20221013,001,1795
1596.1345,1596.174,68437,82376,Rhinolophus ferrumequinum,0.021,0.021,-1,Echolocation,/mnt/ubna_data_02_mir/recover-20221013/UBNA_001/20221012_030000.WAV,Telephone Field,recover-20221013,001,1795
1596.1545,1596.1646,26328,34600,Eptesicus serotinus,0.013,0.03,-1,Echolocation,/mnt/ubna_data_02_mir/recover-20221013/UBNA_001/20221012_030000.WAV,Telephone Field,recover-20221013,001,1795
1596.1565,1596.1669,14296,21790,Nyctalus noctula,0.011,0.022,-1,Echolocation,/mnt/ubna_data_02_mir/recover-20221013/UBNA_001/20221012_030000.WAV,Telephone Field,recover-20221013,001,1795
1596.1585,1596.2004,68437,83171,Rhinolophus ferrumequinum,0.025,0.025,-1,Echolocation,/mnt/ubna_data_02_mir/recover-20221013/UBNA_001/20221012_030000.WAV,Telephone Field,recover-20221013,001,1795
1596.1795,1596.1899,28906,36603,Eptesicus serotinus,0.015,0.028,-1,Echolocation,/mnt/ubna_data_02_mir/recover-20221013/UBNA_001/20221012_030000.WAV,Telephone Field,recover-20221013,001,1795
1596.2135,1596.2547,68437,82712,Rhinolophus ferrumequinum,0.024,0.024,-1,Echolocation,/mnt/ubna_data_02_mir/recover-20221013/UBNA_001/20221012_030000.WAV,Telephone Field,recover-20221013,001,1795
1596.2365,1596.2448,28046,37204,Eptesicus serotinus,0.007,0.02,-1,Echolocation,/mnt/ubna_data_02_mir/recover-20221013/UBNA_001/20221012_030000.WAV,Telephone Field,recover-20221013,001,1795
1596.2635,1596.274,23750,29485,Nyctalus leisleri,0.009,0.023,-1,Echolocation,/mnt/ubna_data_02_mir/recover-20221013/UBNA_001/20221012_030000.WAV,Telephone Field,recover-20221013,001,1795
1596.2875,1596.3289,68437,82545,Rhinolophus ferrumequinum,0.023,0.023,-1,Echolocation,/mnt/ubna_data_02_mir/recover-20221013/UBNA_001/20221012_030000.WAV,Telephone Field,recover-20221013,001,1795
1596.3045,1596.3432,68437,81758,Rhinolophus ferrumequinum,0.022,0.022,-1,Echolocation,/mnt/ubna_data_02_mir/recover-20221013/UBNA_001/20221012_030000.WAV,Telephone Field,recover-20221013,001,1795
1596.3405,1596.3791,68437,81887,Rhinolophus ferrumequinum,0.02,0.02,-1,Echolocation,/mnt/ubna_data_02_mir/recover-20221013/UBNA_001/20221012_030000.WAV,Telephone Field,recover-20221013,001,1795
1596.3495,1596.3929,68437,83113,Rhinolophus ferrumequinum,0.03,0.03,-1,Echolocation,/mnt/ubna_data_02_mir/recover-20221013/UBNA_001/20221012_030000.WAV,Telephone Field,recover-20221013,001,1795
1596.3715,1596.3804,25468,33105,Eptesicus serotinus,0.008,0.025,-1,Echolocation,/mnt/ubna_data_02_mir/recover-20221013/UBNA_001/20221012_030000.WAV,Telephone Field,recover-20221013,001,1795
1596.3845,1596.423,68437,82703,Rhinolophus ferrumequinum,0.021,0.021,-1,Echolocation,/mnt/ubna_data_02_mir/recover-20221013/UBNA_001/20221012_030000.WAV,Telephone Field,recover-20221013,001,1795
1596.4285,1596.4368,28906,39858,Eptesicus serotinus,0.007,0.02,-1,Echolocation,/mnt/ubna_data_02_mir/recover-20221013/UBNA_001/20221012_030000.WAV,Telephone Field,recover-20221013,001,1795
1596.4615,1596.4998,68437,82154,Rhinolophus ferrumequinum,0.023,0.023,-1,Echolocation,/mnt/ubna_data_02_mir/recover-20221013/UBNA_001/20221012_030000.WAV,Telephone Field,recover-20221013,001,1795
1596.4685,1596.5072,68437,82308,Rhinolophus ferrumequinum,0.022,0.022,-1,Echolocation,/mnt/ubna_data_02_mir/recover-20221013/UBNA_001/20221012_030000.WAV,Telephone Field,recover-20221013,001,1795
1596.5265,1596.5339,28906,39727,Eptesicus serotinus,0.007,0.024,-1,Echolocation,/mnt/ubna_data_02_mir/recover-20221013/UBNA_001/20221012_030000.WAV,Telephone Field,recover-20221013,001,1795
1596.5285,1596.535,24609,34071,Plecotus auritus,0.009,0.024,-1,Echolocation,/mnt/ubna_data_02_mir/recover-20221013/UBNA_001/20221012_030000.WAV,Telephone Field,recover-20221013,001,1795
1596.5435,1596.5839,68437,82190,Rhinolophus ferrumequinum,0.021,0.021,-1,Echolocation,/mnt/ubna_data_02_mir/recover-20221013/UBNA_001/20221012_030000.WAV,Telephone Field,recover-20221013,001,1795
1596.5825,1596.5904,26328,36179,Eptesicus serotinus,0.006,0.021,-1,Echolocation,/mnt/ubna_data_02_mir/recover-20221013/UBNA_001/20221012_030000.WAV,Telephone Field,recover-20221013,001,1795
1596.5945,1596.6339,68437,81925,Rhinolophus ferrumequinum,0.021,0.021,-1,Echolocation,/mnt/ubna_data_02_mir/recover-20221013/UBNA_001/20221012_030000.WAV,Telephone Field,recover-20221013,001,1795
1596.6025,1596.6424,68437,82756,Rhinolophus ferrumequinum,0.022,0.022,-1,Echolocation,/mnt/ubna_data_02_mir/recover-20221013/UBNA_001/20221012_030000.WAV,Telephone Field,recover-20221013,001,1795
1596.6185,1596.6611,68437,83170,Rhinolophus ferrumequinum,0.023,0.023,-1,Echolocation,/mnt/ubna_data_02_mir/recover-20221013/UBNA_001/20221012_030000.WAV,Telephone Field,recover-20221013,001,1795
1596.6725,1596.6791,26328,42601,Eptesicus serotinus,0.005,0.02,-1,Echolocation,/mnt/ubna_data_02_mir/recover-20221013/UBNA_001/20221012_030000.WAV,Telephone Field,recover-20221013,001,1795
1596.6955,1596.7051,25468,33710,Eptesicus serotinus,0.008,0.022,-1,Echolocation,/mnt/ubna_data_02_mir/recover-20221013/UBNA_001/20221012_030000.WAV,Telephone Field,recover-20221013,001,1795
1596.7395,1596.7779,68437,81943,Rhinolophus ferrumequinum,0.02,0.02,-1,Echolocation,/mnt/ubna_data_02_mir/recover-20221013/UBNA_001/20221012_030000.WAV,Telephone Field,recover-20221013,001,1795
1596.7505,1596.7852,68437,81184,Rhinolophus ferrumequinum,0.02,0.02,-1,Echolocation,/mnt/ubna_data_02_mir/recover-20221013/UBNA_001/20221012_030000.WAV,Telephone Field,recover-20221013,001,1795
1596.7795,1596.7897,22890,28769,Nyctalus leisleri,0.008,0.02,-1,Echolocation,/mnt/ubna_data_02_mir/recover-20221013/UBNA_001/20221012_030000.WAV,Telephone Field,recover-20221013,001,1795
1596.7895,1596.8304,68437,82920,Rhinolophus ferrumequinum,0.028,0.028,-1,Echolocation,/mnt/ubna_data_02_mir/recover-20221013/UBNA_001/20221012_030000.WAV,Telephone Field,recover-20221013,001,1795
1596.8295,1596.8664,68437,81375,Rhinolophus ferrumequinum,0.021,0.021,-1,Echolocation,/mnt/ubna_data_02_mir/recover-20221013/UBNA_001/20221012_030000.WAV,Telephone Field,recover-20221013,001,1795
1596.8475,1596.8859,68437,81833,Rhinolophus ferrumequinum,0.022,0.022,-1,Echolocation,/mnt/ubna_data_02_mir/recover-20221013/UBNA_001/20221012_030000.WAV,Telephone Field,recover-20221013,001,1795
1596.8565,1596.8669,24609,31086,Nyctalus leisleri,0.009,0.026,-1,Echolocation,/mnt/ubna_data_02_mir/recover-20221013/UBNA_001/20221012_030000.WAV,Telephone Field,recover-20221013,001,1795
1596.8755,1596.9116,68437,81081,Rhinolophus ferrumequinum,0.02,0.02,-1,Echolocation,/mnt/ubna_data_02_mir/recover-20221013/UBNA_001/20221012_030000.WAV,Telephone Field,recover-20221013,001,1795
1596.9015,1596.9128,22031,26062,Nyctalus leisleri,0.011,0.02,-1,Echolocation,/mnt/ubna_data_02_mir/recover-20221013/UBNA_001/20221012_030000.WAV,Telephone Field,recover-20221013,001,1795
1596.9165,1596.9526,68437,81110,Rhinolophus ferrumequinum,0.02,0.02,-1,Echolocation,/mnt/ubna_data_02_mir/recover-20221013/UBNA_001/20221012_030000.WAV,Telephone Field,recover-20221013,001,1795
1596.9695,1597.009,68437,82313,Rhinolophus ferrumequinum,0.021,0.021,-1,Echolocation,/mnt/ubna_data_02_mir/recover-20221013/UBNA_001/20221012_030000.WAV,Telephone Field,recover-20221013,001,1795
1596.9835,1596.9941,22031,26100,Nyctalus leisleri,0.011,0.021,-1,Echolocation,/mnt/ubna_data_02_mir/recover-20221013/UBNA_001/20221012_030000.WAV,Telephone Field,recover-20221013,001,1795
1597.0205,1597.0604,68437,82714,Rhinolophus ferrumequinum,0.02,0.02,-1,Echolocation,/mnt/ubna_data_02_mir/recover-20221013/UBNA_001/20221012_030000.WAV,Telephone Field,recover-20221013,001,1795
1597.0545,1597.0953,68437,82812,Rhinolophus ferrumequinum,0.023,0.023,-1,Echolocation,/mnt/ubna_data_02_mir/recover-20221013/UBNA_001/20221012_030000.WAV,Telephone Field,recover-20221013,001,1795
1597.0785,1597.1156,68437,81644,Rhinolophus ferrumequinum,0.024,0.024,-1,Echolocation,/mnt/ubna_data_02_mir/recover-20221013/UBNA_001/20221012_030000.WAV,Telephone Field,recover-20221013,001,1795
1597.1015,1597.1389,68437,82302,Rhinolophus ferrumequinum,0.02,0.02,-1,Echolocation,/mnt/ubna_data_02_mir/recover-20221013/UBNA_001/20221012_030000.WAV,Telephone Field,recover-20221013,001,1795
1597.1095,1597.1463,68437,81752,Rhinolophus ferrumequinum,0.022,0.022,-1,Echolocation,/mnt/ubna_data_02_mir/recover-20221013/UBNA_001/20221012_030000.WAV,Telephone Field,recover-20221013,001,1795
1597.1105,1597.1199,27187,36532,Eptesicus serotinus,0.01,0.022,-1,Echolocation,/mnt/ubna_data_02_mir/recover-20221013/UBNA_001/20221012_030000.WAV,Telephone Field,recover-20221013,001,1795
1597.1435,1597.1793,68437,81331,Rhinolophus ferrumequinum,0.026,0.026,-1,Echolocation,/mnt/ubna_data_02_mir/recover-20221013/UBNA_001/20221012_030000.WAV,Telephone Field,recover-20221013,001,1795
1597.1475,1597.1537,28046,39862,Eptesicus serotinus,0.006,0.027,-1,Echolocation,/mnt/ubna_data_02_mir/recover-20221013/UBNA_001/20221012_030000.WAV,Telephone Field,recover-20221013,001,1795
1597.1755,1597.215,68437,82258,Rhinolophus ferrumequinum,0.022,0.022,-1,Echolocation,/mnt/ubna_data_02_mir/recover-20221013/UBNA_001/20221012_030000.WAV,Telephone Field,recover-20221013,001,1795
1597.1805,1597.1911,22890,28119,Nyctalus leisleri,0.01,0.021,-1,Echolocation,/mnt/ubna_data_02_mir/recover-20221013/UBNA_001/20221012_030000.WAV,Telephone Field,recover-20221013,001,1795
1597.1915,1597.1992,27187,38998,Eptesicus serotinus,0.007,0.022,-1,Echolocation,/mnt/ubna_data_02_mir/recover-20221013/UBNA_001/20221012_030000.WAV,Telephone Field,recover-20221013,001,1795
1597.2195,1597.2557,68437,81409,Rhinolophus ferrumequinum,0.02,0.02,-1,Echolocation,/mnt/ubna_data_02_mir/recover-20221013/UBNA_001/20221012_030000.WAV,Telephone Field,recover-20221013,001,1795
1597.2285,1597.2625,68437,81319,Rhinolophus ferrumequinum,0.02,0.02,-1,Echolocation,/mnt/ubna_data_02_mir/recover-20221013/UBNA_001/20221012_030000.WAV,Telephone Field,recover-20221013,001,1795
1597.2435,1597.2794,68437,81370,Rhinolophus ferrumequinum,0.021,0.021,-1,Echolocation,/mnt/ubna_data_02_mir/recover-20221013/UBNA_001/20221012_030000.WAV,Telephone Field,recover-20221013,001,1795
1597.2875,1597.2984,22031,26795,Nyctalus leisleri,0.009,0.022,-1,Echolocation,/mnt/ubna_data_02_mir/recover-20221013/UBNA_001/20221012_030000.WAV,Telephone Field,recover-20221013,001,1795
1597.3095,1597.349,68437,82397,Rhinolophus ferrumequinum,0.02,0.02,-1,Echolocation,/mnt/ubna_data_02_mir/recover-20221013/UBNA_001/20221012_030000.WAV,Telephone Field,recover-20221013,001,1795
1597.3195,1597.3267,28046,40466,Eptesicus serotinus,0.012,0.032,-1,Echolocation,/mnt/ubna_data_02_mir/recover-20221013/UBNA_001/20221012_030000.WAV,Telephone Field,recover-20221013,001,1795
1597.3485,1597.3867,68437,81996,Rhinolophus ferrumequinum,0.021,0.021,-1,Echolocation,/mnt/ubna_data_02_mir/recover-20221013/UBNA_001/20221012_030000.WAV,Telephone Field,recover-20221013,001,1795
1597.3635,1597.3839,18593,20996,Nyctalus noctula,0.015,0.031,-1,Echolocation,/mnt/ubna_data_02_mir/recover-20221013/UBNA_001/20221012_030000.WAV,Telephone Field,recover-20221013,001,1795
1597.3795,1597.3868,26328,36526,Eptesicus serotinus,0.006,0.02,-1,Echolocation,/mnt/ubna_data_02_mir/recover-20221013/UBNA_001/20221012_030000.WAV,Telephone Field,recover-20221013,001,1795
1597.3865,1597.4266,68437,82130,Rhinolophus ferrumequinum,0.026,0.026,-1,Echolocation,/mnt/ubna_data_02_mir/recover-20221013/UBNA_001/20221012_030000.WAV,Telephone Field,recover-20221013,001,1795
1597.4285,1597.465,68437,81730,Rhinolophus ferrumequinum,0.021,0.021,-1,Echolocation,/mnt/ubna_data_02_mir/recover-20221013/UBNA_001/20221012_030000.WAV,Telephone Field,recover-20221013,001,1795
1597.4915,1597.5306,68437,81751,Rhinolophus ferrumequinum,0.02,0.02,-1,Echolocation,/mnt/ubna_data_02_mir/recover-20221013/UBNA_001/20221012_030000.WAV,Telephone Field,recover-20221013,001,1795
1597.4975,1597.5079,24609,31827,Eptesicus serotinus,0.009,0.026,-1,Echolocation,/mnt/ubna_data_02_mir/recover-20221013/UBNA_001/20221012_030000.WAV,Telephone Field,recover-20221013,001,1795
1597.5075,1597.5185,22890,27878,Nyctalus leisleri,0.011,0.022,-1,Echolocation,/mnt/ubna_data_02_mir/recover-20221013/UBNA_001/20221012_030000.WAV,Telephone Field,recover-20221013,001,1795
1597.5315,1597.541,48671,52832,Pipistrellus pipistrellus,0.02,0.023,-1,Echolocation,/mnt/ubna_data_02_mir/recover-20221013/UBNA_001/20221012_030000.WAV,Telephone Field,recover-20221013,001,1795
1597.5535,1597.5923,68437,82756,Rhinolophus ferrumequinum,0.034,0.034,-1,Echolocation,/mnt/ubna_data_02_mir/recover-20221013/UBNA_001/20221012_030000.WAV,Telephone Field,recover-20221013,001,1795
1597.5955,1597.6347,68437,82262,Rhinolophus ferrumequinum,0.023,0.023,-1,Echolocation,/mnt/ubna_data_02_mir/recover-20221013/UBNA_001/20221012_030000.WAV,Telephone Field,recover-20221013,001,1795
1597.6155,1597.6551,68437,82160,Rhinolophus ferrumequinum,0.02,0.02,-1,Echolocation,/mnt/ubna_data_02_mir/recover-20221013/UBNA_001/20221012_030000.WAV,Telephone Field,recover-20221013,001,1795
1597.6325,1597.667,68437,80271,Rhinolophus ferrumequinum,0.023,0.023,-1,Echolocation,/mnt/ubna_data_02_mir/recover-20221013/UBNA_001/20221012_030000.WAV,Telephone Field,recover-20221013,001,1795
1597.6515,1597.6619,23750,31457,Nyctalus leisleri,0.029,0.106,-1,Echolocation,/mnt/ubna_data_02_mir/recover-20221013/UBNA_001/20221012_030000.WAV,Telephone Field,recover-20221013,001,1795
1597.6895,1597.7025,33203,38637,Pipistrellus nathusii,0.012,0.029,-1,Echolocation,/mnt/ubna_data_02_mir/recover-20221013/UBNA_001/20221012_030000.WAV,Telephone Field,recover-20221013,001,1795
1597.7055,1597.7439,68437,82565,Rhinolophus ferrumequinum,0.024,0.024,-1,Echolocation,/mnt/ubna_data_02_mir/recover-20221013/UBNA_001/20221012_030000.WAV,Telephone Field,recover-20221013,001,1795
1597.7205,1597.728,28046,38760,Eptesicus serotinus,0.007,0.024,-1,Echolocation,/mnt/ubna_data_02_mir/recover-20221013/UBNA_001/20221012_030000.WAV,Telephone Field,recover-20221013,001,1795
1597.7935,1597.8338,68437,82025,Rhinolophus ferrumequinum,0.023,0.024,-1,Echolocation,/mnt/ubna_data_02_mir/recover-20221013/UBNA_001/20221012_030000.WAV,Telephone Field,recover-20221013,001,1795
1597.7995,1597.8069,27187,36391,Eptesicus serotinus,0.007,0.024,-1,Echolocation,/mnt/ubna_data_02_mir/recover-20221013/UBNA_001/20221012_030000.WAV,Telephone Field,recover-20221013,001,1795
1597.8095,1597.8501,68437,83335,Rhinolophus ferrumequinum,0.034,0.034,-1,Echolocation,/mnt/ubna_data_02_mir/recover-20221013/UBNA_001/20221012_030000.WAV,Telephone Field,recover-20221013,001,1795
1597.8645,1597.905,68437,82417,Rhinolophus ferrumequinum,0.02,0.02,-1,Echolocation,/mnt/ubna_data_02_mir/recover-20221013/UBNA_001/20221012_030000.WAV,Telephone Field,recover-20221013,001,1795
1597.8685,1597.8764,26328,38502,Eptesicus serotinus,0.006,0.02,-1,Echolocation,/mnt/ubna_data_02_mir/recover-20221013/UBNA_001/20221012_030000.WAV,Telephone Field,recover-20221013,001,1795
1597.8915,1597.9317,68437,81927,Rhinolophus ferrumequinum,0.02,0.02,-1,Echolocation,/mnt/ubna_data_02_mir/recover-20221013/UBNA_001/20221012_030000.WAV,Telephone Field,recover-20221013,001,1795
1597.9135,1597.925,22031,26366,Nyctalus leisleri,0.012,0.024,-1,Echolocation,/mnt/ubna_data_02_mir/recover-20221013/UBNA_001/20221012_030000.WAV,Telephone Field,recover-20221013,001,1795
1597.9155,1597.9498,68437,81253,Rhinolophus ferrumequinum,0.02,0.02,-1,Echolocation,/mnt/ubna_data_02_mir/recover-20221013/UBNA_001/20221012_030000.WAV,Telephone Field,recover-20221013,001,1795
1597.9285,1597.9662,68437,82307,Rhinolophus ferrumequinum,0.023,0.023,-1,Echolocation,/mnt/ubna_data_02_mir/recover-20221013/UBNA_001/20221012_030000.WAV,Telephone Field,recover-20221013,001,1795
1597.9375,1597.9481,28906,36064,Eptesicus serotinus,0.01,0.022,-1,Echolocation,/mnt/ubna_data_02_mir/recover-20221013/UBNA_001/20221012_030000.WAV,Telephone Field,recover-20221013,001,1795
1597.9515,1597.9587,27187,38754,Eptesicus serotinus,0.007,0.021,-1,Echolocation,/mnt/ubna_data_02_mir/recover-20221013/UBNA_001/20221012_030000.WAV,Telephone Field,recover-20221013,001,1795
1597.9615,1597.9994,68437,82270,Rhinolophus ferrumequinum,0.023,0.023,-1,Echolocation,/mnt/ubna_data_02_mir/recover-20221013/UBNA_001/20221012_030000.WAV,Telephone Field,recover-20221013,001,1795
1597.9795,1597.995,14296,18386,Nyctalus noctula,0.079,0.106,-1,Echolocation,/mnt/ubna_data_02_mir/recover-20221013/UBNA_001/20221012_030000.WAV,Telephone Field,recover-20221013,001,1795
1598.0015,1598.0304,68437,79161,Rhinolophus ferrumequinum,0.057,0.058,-1,Echolocation,/mnt/ubna_data_02_mir/recover-20221013/UBNA_001/20221012_030000.WAV,Telephone Field,recover-20221013,001,1795
1598.0015,1598.0097,22890,29760,Nyctalus leisleri,0.01,0.029,-1,Echolocation,/mnt/ubna_data_02_mir/recover-20221013/UBNA_001/20221012_030000.WAV,Telephone Field,recover-20221013,001,1795
1598.0015,1598.0124,47812,53020,Pipistrellus pipistrellus,0.03,0.037,-1,Echolocation,/mnt/ubna_data_02_mir/recover-20221013/UBNA_001/20221012_030000.WAV,Telephone Field,recover-20221013,001,1795
1598.0015,1598.0097,28046,40569,Eptesicus serotinus,0.007,0.028,-1,Echolocation,/mnt/ubna_data_02_mir/recover-20221013/UBNA_001/20221012_030000.WAV,Telephone Field,recover-20221013,001,1795
1598.0075,1598.049,68437,81789,Rhinolophus ferrumequinum,0.029,0.029,-1,Echolocation,/mnt/ubna_data_02_mir/recover-20221013/UBNA_001/20221012_030000.WAV,Telephone Field,recover-20221013,001,1795
1598.0245,1598.0371,22890,27603,Nyctalus leisleri,0.011,0.023,-1,Echolocation,/mnt/ubna_data_02_mir/recover-20221013/UBNA_001/20221012_030000.WAV,Telephone Field,recover-20221013,001,1795
1598.0415,1598.0814,68437,82588,Rhinolophus ferrumequinum,0.027,0.027,-1,Echolocation,/mnt/ubna_data_02_mir/recover-20221013/UBNA_001/20221012_030000.WAV,Telephone Field,recover-20221013,001,1795
1598.0635,1598.1028,68437,82167,Rhinolophus ferrumequinum,0.022,0.022,-1,Echolocation,/mnt/ubna_data_02_mir/recover-20221013/UBNA_001/20221012_030000.WAV,Telephone Field,recover-20221013,001,1795
1598.0695,1598.1057,68437,81995,Rhinolophus ferrumequinum,0.022,0.022,-1,Echolocation,/mnt/ubna_data_02_mir/recover-20221013/UBNA_001/20221012_030000.WAV,Telephone Field,recover-20221013,001,1795
1598.1085,1598.119,24609,30665,Nyctalus leisleri,0.009,0.024,-1,Echolocation,/mnt/ubna_data_02_mir/recover-20221013/UBNA_001/20221012_030000.WAV,Telephone Field,recover-20221013,001,1795
1598.1155,1598.1514,68437,81711,Rhinolophus ferrumequinum,0.023,0.023,-1,Echolocation,/mnt/ubna_data_02_mir/recover-20221013/UBNA_001/20221012_030000.WAV,Telephone Field,recover-20221013,001,1795
1598.1285,1598.1692,68437,82414,Rhinolophus ferrumequinum,0.028,0.028,-1,Echolocation,/mnt/ubna_data_02_mir/recover-20221013/UBNA_001/20221012_030000.WAV,Telephone Field,recover-20221013,001,1795
1598.1345,1598.1761,68437,82830,Rhinolophus ferrumequinum,0.03,0.03,-1,Echolocation,/mnt/ubna_data_02_mir/recover-20221013/UBNA_001/20221012_030000.WAV,Telephone Field,recover-20221013,001,1795
1598.1685,1598.204,68437,81977,Rhinolophus ferrumequinum,0.024,0.024,-1,Echolocation,/mnt/ubna_data_02_mir/recover-20221013/UBNA_001/20221012_030000.WAV,Telephone Field,recover-20221013,001,1795
1598.1985,1598.239,68437,82546,Rhinolophus ferrumequinum,0.025,0.025,-1,Echolocation,/mnt/ubna_data_02_mir/recover-20221013/UBNA_001/20221012_030000.WAV,Telephone Field,recover-20221013,001,1795
1598.2355,1598.2798,68437,83736,Rhinolophus ferrumequinum,0.049,0.049,-1,Echolocation,/mnt/ubna_data_02_mir/recover-20221013/UBNA_001/20221012_030000.WAV,Telephone Field,recover-20221013,001,1795
1598.2645,1598.2730999999999,27187,37422,Eptesicus serotinus,0.008,0.027,-1,Echolocation,/mnt/ubna_data_02_mir/recover-20221013/UBNA_001/20221012_030000.WAV,Telephone Field,recover-20221013,001,1795
1598.3055,1598.3429,68437,81737,Rhinolophus ferrumequinum,0.024,0.024,-1,Echolocation,/mnt/ubna_data_02_mir/recover-20221013/UBNA_001/20221012_030000.WAV,Telephone Field,recover-20221013,001,1795
1598.3325,1598.3711,68437,82270,Rhinolophus ferrumequinum,0.025,0.025,-1,Echolocation,/mnt/ubna_data_02_mir/recover-20221013/UBNA_001/20221012_030000.WAV,Telephone Field,recover-20221013,001,1795
1598.3345,1598.3462,23750,29288,Nyctalus leisleri,0.011,0.025,-1,Echolocation,/mnt/ubna_data_02_mir/recover-20221013/UBNA_001/20221012_030000.WAV,Telephone Field,recover-20221013,001,1795
1598.3385,1598.3472,47812,54638,Pipistrellus pipistrellus,0.026,0.029,-1,Echolocation,/mnt/ubna_data_02_mir/recover-20221013/UBNA_001/20221012_030000.WAV,Telephone Field,recover-20221013,001,1795
1598.3635,1598.398,68437,81583,Rhinolophus ferrumequinum,0.023,0.023,-1,Echolocation,/mnt/ubna_data_02_mir/recover-20221013/UBNA_001/20221012_030000.WAV,Telephone Field,recover-20221013,001,1795
1598.3745,1598.4091,68437,80777,Rhinolophus ferrumequinum,0.022,0.022,-1,Echolocation,/mnt/ubna_data_02_mir/recover-20221013/UBNA_001/20221012_030000.WAV,Telephone Field,recover-20221013,001,1795
1598.3885,1598.4315,68437,83518,Rhinolophus ferrumequinum,0.036,0.036,-1,Echolocation,/mnt/ubna_data_02_mir/recover-20221013/UBNA_001/20221012_030000.WAV,Telephone Field,recover-20221013,001,1795
1598.4105,1598.4523,68437,82892,Rhinolophus ferrumequinum,0.024,0.024,-1,Echolocation,/mnt/ubna_data_02_mir/recover-20221013/UBNA_001/20221012_030000.WAV,Telephone Field,recover-20221013,001,1795
1598.4195,1598.4282,23750,30010,Nyctalus leisleri,0.007,0.022,-1,Echolocation,/mnt/ubna_data_02_mir/recover-20221013/UBNA_001/20221012_030000.WAV,Telephone Field,recover-20221013,001,1795
1598.4615,1598.5003,68437,82698,Rhinolophus ferrumequinum,0.022,0.022,-1,Echolocation,/mnt/ubna_data_02_mir/recover-20221013/UBNA_001/20221012_030000.WAV,Telephone Field,recover-20221013,001,1795
1598.4805,1598.5154,68437,82212,Rhinolophus ferrumequinum,0.022,0.022,-1,Echolocation,/mnt/ubna_data_02_mir/recover-20221013/UBNA_001/20221012_030000.WAV,Telephone Field,recover-20221013,001,1795
1598.5045,1598.514,28906,36543,Eptesicus serotinus,0.009,0.023,-1,Echolocation,/mnt/ubna_data_02_mir/recover-20221013/UBNA_001/20221012_030000.WAV,Telephone Field,recover-20221013,001,1795
1598.5275,1598.5655,68437,82497,Rhinolophus ferrumequinum,0.028,0.028,-1,Echolocation,/mnt/ubna_data_02_mir/recover-20221013/UBNA_001/20221012_030000.WAV,Telephone Field,recover-20221013,001,1795
1598.5335,1598.5418,49531,54084,Pipistrellus pipistrellus,0.023,0.027,-1,Echolocation,/mnt/ubna_data_02_mir/recover-20221013/UBNA_001/20221012_030000.WAV,Telephone Field,recover-20221013,001,1795
1598.5635,1598.5699,27187,40037,Eptesicus serotinus,0.005,0.027,-1,Echolocation,/mnt/ubna_data_02_mir/recover-20221013/UBNA_001/20221012_030000.WAV,Telephone Field,recover-20221013,001,1795
1598.5935,1598.6334,68437,82548,Rhinolophus ferrumequinum,0.038,0.039,-1,Echolocation,/mnt/ubna_data_02_mir/recover-20221013/UBNA_001/20221012_030000.WAV,Telephone Field,recover-20221013,001,1795
1598.6055,1598.6431,68437,81667,Rhinolophus ferrumequinum,0.023,0.023,-1,Echolocation,/mnt/ubna_data_02_mir/recover-20221013/UBNA_001/20221012_030000.WAV,Telephone Field,recover-20221013,001,1795
1598.6345,1598.6425,47812,53947,Pipistrellus pipistrellus,0.027,0.029,-1,Echolocation,/mnt/ubna_data_02_mir/recover-20221013/UBNA_001/20221012_030000.WAV,Telephone Field,recover-20221013,001,1795
1598.6555,1598.6628,28046,39870,Eptesicus serotinus,0.008,0.024,-1,Echolocation,/mnt/ubna_data_02_mir/recover-20221013/UBNA_001/20221012_030000.WAV,Telephone Field,recover-20221013,001,1795
1598.6575,1598.6986,68437,82021,Rhinolophus ferrumequinum,0.027,0.027,-1,Echolocation,/mnt/ubna_data_02_mir/recover-20221013/UBNA_001/20221012_030000.WAV,Telephone Field,recover-20221013,001,1795
1598.7175,1598.7543,68437,82221,Rhinolophus ferrumequinum,0.027,0.027,-1,Echolocation,/mnt/ubna_data_02_mir/recover-20221013/UBNA_001/20221012_030000.WAV,Telephone Field,recover-20221013,001,1795
1598.7405,1598.7479,46093,55654,Pipistrellus pipistrellus,0.014,0.022,-1,Echolocation,/mnt/ubna_data_02_mir/recover-20221013/UBNA_001/20221012_030000.WAV,Telephone Field,recover-20221013,001,1795
1598.7815,1598.788,27187,36597,Eptesicus serotinus,0.006,0.022,-1,Echolocation,/mnt/ubna_data_02_mir/recover-20221013/UBNA_001/20221012_030000.WAV,Telephone Field,recover-20221013,001,1795
1598.7845,1598.8253,68437,83265,Rhinolophus ferrumequinum,0.022,0.022,-1,Echolocation,/mnt/ubna_data_02_mir/recover-20221013/UBNA_001/20221012_030000.WAV,Telephone Field,recover-20221013,001,1795
1598.7955,1598.8027,48671,53365,Pipistrellus pipistrellus,0.021,0.023,-1,Echolocation,/mnt/ubna_data_02_mir/recover-20221013/UBNA_001/20221012_030000.WAV,Telephone Field,recover-20221013,001,1795
1598.8275,1598.8698,68437,83225,Rhinolophus ferrumequinum,0.027,0.027,-1,Echolocation,/mnt/ubna_data_02_mir/recover-20221013/UBNA_001/20221012_030000.WAV,Telephone Field,recover-20221013,001,1795
1598.8355,1598.8438,26328,34508,Eptesicus serotinus,0.01,0.027,-1,Echolocation,/mnt/ubna_data_02_mir/recover-20221013/UBNA_001/20221012_030000.WAV,Telephone Field,recover-20221013,001,1795
1598.8715,1598.9131,68437,82731,Rhinolophus ferrumequinum,0.026,0.026,-1,Echolocation,/mnt/ubna_data_02_mir/recover-20221013/UBNA_001/20221012_030000.WAV,Telephone Field,recover-20221013,001,1795
1598.9385,1598.9791,68437,82401,Rhinolophus ferrumequinum,0.022,0.022,-1,Echolocation,/mnt/ubna_data_02_mir/recover-20221013/UBNA_001/20221012_030000.WAV,Telephone Field,recover-20221013,001,1795
1598.9395,1598.9495,23750,30985,Nyctalus leisleri,0.008,0.022,-1,Echolocation,/mnt/ubna_data_02_mir/recover-20221013/UBNA_001/20221012_030000.WAV,Telephone Field,recover-20221013,001,1795
1598.9605,1599.0028,68437,83248,Rhinolophus ferrumequinum,0.029,0.029,-1,Echolocation,/mnt/ubna_data_02_mir/recover-20221013/UBNA_001/20221012_030000.WAV,Telephone Field,recover-20221013,001,1795
1598.9605,1598.9672,28046,38934,Eptesicus serotinus,0.006,0.023,-1,Echolocation,/mnt/ubna_data_02_mir/recover-20221013/UBNA_001/20221012_030000.WAV,Telephone Field,recover-20221013,001,1795
1598.9825,1598.9899,29765,38526,Eptesicus serotinus,0.016,0.037,-1,Echolocation,/mnt/ubna_data_02_mir/recover-20221013/UBNA_001/20221012_030000.WAV,Telephone Field,recover-20221013,001,1795
1599.0055,1599.0505,68437,83271,Rhinolophus ferrumequinum,0.053,0.053,-1,Echolocation,/mnt/ubna_data_02_mir/recover-20221013/UBNA_001/20221012_030000.WAV,Telephone Field,recover-20221013,001,1795
1599.0365,1599.0803,68437,82817,Rhinolophus ferrumequinum,0.024,0.024,-1,Echolocation,/mnt/ubna_data_02_mir/recover-20221013/UBNA_001/20221012_030000.WAV,Telephone Field,recover-20221013,001,1795
1599.0445,1599.0866,68437,83315,Rhinolophus ferrumequinum,0.025,0.025,-1,Echolocation,/mnt/ubna_data_02_mir/recover-20221013/UBNA_001/20221012_030000.WAV,Telephone Field,recover-20221013,001,1795
1599.0475,1599.0544,27187,48351,Eptesicus serotinus,0.006,0.023,-1,Echolocation,/mnt/ubna_data_02_mir/recover-20221013/UBNA_001/20221012_030000.WAV,Telephone Field,recover-20221013,001,1795
1599.0805,1599.0889,30625,40706,Eptesicus serotinus,0.006,0.022,-1,Echolocation,/mnt/ubna_data_02_mir/recover-20221013/UBNA_001/20221012_030000.WAV,Telephone Field,recover-20221013,001,1795
1599.1075,1599.1463,68437,81966,Rhinolophus ferrumequinum,0.027,0.027,-1,Echolocation,/mnt/ubna_data_02_mir/recover-20221013/UBNA_001/20221012_030000.WAV,Telephone Field,recover-20221013,001,1795
1599.1165,1599.1524,68437,81631,Rhinolophus ferrumequinum,0.022,0.022,-1,Echolocation,/mnt/ubna_data_02_mir/recover-20221013/UBNA_001/20221012_030000.WAV,Telephone Field,recover-20221013,001,1795
1599.1195,1599.1272,28046,37750,Eptesicus serotinus,0.007,0.022,-1,Echolocation,/mnt/ubna_data_02_mir/recover-20221013/UBNA_001/20221012_030000.WAV,Telephone Field,recover-20221013,001,1795
1599.1285,1599.1663,68437,82086,Rhinolophus ferrumequinum,0.022,0.022,-1,Echolocation,/mnt/ubna_data_02_mir/recover-20221013/UBNA_001/20221012_030000.WAV,Telephone Field,recover-20221013,001,1795
1599.2015,1599.2409,68437,81751,Rhinolophus ferrumequinum,0.024,0.024,-1,Echolocation,/mnt/ubna_data_02_mir/recover-20221013/UBNA_001/20221012_030000.WAV,Telephone Field,recover-20221013,001,1795
1599.2415,1599.2522,28906,36530,Eptesicus serotinus,0.01,0.023,-1,Echolocation,/mnt/ubna_data_02_mir/recover-20221013/UBNA_001/20221012_030000.WAV,Telephone Field,recover-20221013,001,1795
1599.2675,1599.3067,68437,83124,Rhinolophus ferrumequinum,0.024,0.024,-1,Echolocation,/mnt/ubna_data_02_mir/recover-20221013/UBNA_001/20221012_030000.WAV,Telephone Field,recover-20221013,001,1795
1599.3755,1599.3856,24609,31177,Nyctalus leisleri,0.007,0.022,-1,Echolocation,/mnt/ubna_data_02_mir/recover-20221013/UBNA_001/20221012_030000.WAV,Telephone Field,recover-20221013,001,1795
1599.3845,1599.4229,68437,81952,Rhinolophus ferrumequinum,0.022,0.022,-1,Echolocation,/mnt/ubna_data_02_mir/recover-20221013/UBNA_001/20221012_030000.WAV,Telephone Field,recover-20221013,001,1795
1599.4055,1599.4153,22890,28859,Nyctalus leisleri,0.008,0.022,-1,Echolocation,/mnt/ubna_data_02_mir/recover-20221013/UBNA_001/20221012_030000.WAV,Telephone Field,recover-20221013,001,1795
1599.4245,1599.4336,27187,35950,Eptesicus serotinus,0.008,0.022,-1,Echolocation,/mnt/ubna_data_02_mir/recover-20221013/UBNA_001/20221012_030000.WAV,Telephone Field,recover-20221013,001,1795
1599.4455,1599.4849,68437,82482,Rhinolophus ferrumequinum,0.023,0.023,-1,Echolocation,/mnt/ubna_data_02_mir/recover-20221013/UBNA_001/20221012_030000.WAV,Telephone Field,recover-20221013,001,1795
1599.4465,1599.4551,28046,38436,Eptesicus serotinus,0.009,0.024,-1,Echolocation,/mnt/ubna_data_02_mir/recover-20221013/UBNA_001/20221012_030000.WAV,Telephone Field,recover-20221013,001,1795
1599.4615,1599.4992,68437,83110,Rhinolophus ferrumequinum,0.023,0.023,-1,Echolocation,/mnt/ubna_data_02_mir/recover-20221013/UBNA_001/20221012_030000.WAV,Telephone Field,recover-20221013,001,1795
1599.4875,1599.5245,68437,81818,Rhinolophus ferrumequinum,0.022,0.022,-1,Echolocation,/mnt/ubna_data_02_mir/recover-20221013/UBNA_001/20221012_030000.WAV,Telephone Field,recover-20221013,001,1795
1599.5055,1599.5468,68437,83039,Rhinolophus ferrumequinum,0.024,0.024,-1,Echolocation,/mnt/ubna_data_02_mir/recover-20221013/UBNA_001/20221012_030000.WAV,Telephone Field,recover-20221013,001,1795
1599.5155,1599.5567,68437,82950,Rhinolophus ferrumequinum,0.027,0.027,-1,Echolocation,/mnt/ubna_data_02_mir/recover-20221013/UBNA_001/20221012_030000.WAV,Telephone Field,recover-20221013,001,1795
1599.5435,1599.5672,18593,21386,Nyctalus noctula,0.034,0.057,-1,Echolocation,/mnt/ubna_data_02_mir/recover-20221013/UBNA_001/20221012_030000.WAV,Telephone Field,recover-20221013,001,1795
1599.5465,1599.5862,68437,82714,Rhinolophus ferrumequinum,0.024,0.024,-1,Echolocation,/mnt/ubna_data_02_mir/recover-20221013/UBNA_001/20221012_030000.WAV,Telephone Field,recover-20221013,001,1795
1599.5775,1599.588,14296,20200,Nyctalus noctula,0.013,0.024,-1,Echolocation,/mnt/ubna_data_02_mir/recover-20221013/UBNA_001/20221012_030000.WAV,Telephone Field,recover-20221013,001,1795
1599.6165,1599.6585,68437,82870,Rhinolophus ferrumequinum,0.023,0.023,-1,Echolocation,/mnt/ubna_data_02_mir/recover-20221013/UBNA_001/20221012_030000.WAV,Telephone Field,recover-20221013,001,1795
1599.6515,1599.6887,68437,81831,Rhinolophus ferrumequinum,0.022,0.022,-1,Echolocation,/mnt/ubna_data_02_mir/recover-20221013/UBNA_001/20221012_030000.WAV,Telephone Field,recover-20221013,001,1795
1599.6665,1599.6734,47812,56059,Pipistrellus pipistrellus,0.022,0.024,-1,Echolocation,/mnt/ubna_data_02_mir/recover-20221013/UBNA_001/20221012_030000.WAV,Telephone Field,recover-20221013,001,1795
1599.7285,1599.7387,23750,29580,Nyctalus leisleri,0.009,0.023,-1,Echolocation,/mnt/ubna_data_02_mir/recover-20221013/UBNA_001/20221012_030000.WAV,Telephone Field,recover-20221013,001,1795
1599.7455,1599.7548,28906,36722,Eptesicus serotinus,0.007,0.022,-1,Echolocation,/mnt/ubna_data_02_mir/recover-20221013/UBNA_001/20221012_030000.WAV,Telephone Field,recover-20221013,001,1795
1599.7615,1599.7717,58984,64033,Pipistrellus pygmaeus,0.036,0.037,-1,Echolocation,/mnt/ubna_data_02_mir/recover-20221013/UBNA_001/20221012_030000.WAV,Telephone Field,recover-20221013,001,1795
1599.7765,1599.8158,68437,81895,Rhinolophus ferrumequinum,0.022,0.022,-1,Echolocation,/mnt/ubna_data_02_mir/recover-20221013/UBNA_001/20221012_030000.WAV,Telephone Field,recover-20221013,001,1795
1599.8115,1599.8215,28906,36221,Eptesicus serotinus,0.009,0.024,-1,Echolocation,/mnt/ubna_data_02_mir/recover-20221013/UBNA_001/20221012_030000.WAV,Telephone Field,recover-20221013,001,1795
1599.8225,1599.8622,68437,82105,Rhinolophus ferrumequinum,0.027,0.027,-1,Echolocation,/mnt/ubna_data_02_mir/recover-20221013/UBNA_001/20221012_030000.WAV,Telephone Field,recover-20221013,001,1795
1599.8445,1599.8828,68437,82510,Rhinolophus ferrumequinum,0.022,0.023,-1,Echolocation,/mnt/ubna_data_02_mir/recover-20221013/UBNA_001/20221012_030000.WAV,Telephone Field,recover-20221013,001,1795
1599.9115,1599.9492,68437,81851,Rhinolophus ferrumequinum,0.022,0.022,-1,Echolocation,/mnt/ubna_data_02_mir/recover-20221013/UBNA_001/20221012_030000.WAV,Telephone Field,recover-20221013,001,1795
1599.9535,1599.9927,68437,82611,Rhinolophus ferrumequinum,0.025,0.025,-1,Echolocation,/mnt/ubna_data_02_mir/recover-20221013/UBNA_001/20221012_030000.WAV,Telephone Field,recover-20221013,001,1795
1599.9575,1599.9673,50390,57610,Pipistrellus pipistrellus,0.021,0.028,-1,Echolocation,/mnt/ubna_data_02_mir/recover-20221013/UBNA_001/20221012_030000.WAV,Telephone Field,recover-20221013,001,1795
1599.9615,1599.9702,23750,30864,Plecotus austriacus,0.007,0.023,-1,Echolocation,/mnt/ubna_data_02_mir/recover-20221013/UBNA_001/20221012_030000.WAV,Telephone Field,recover-20221013,001,1795
1599.9845,1599.9954,26328,34460,Eptesicus serotinus,0.012,0.026,-1,Echolocation,/mnt/ubna_data_02_mir/recover-20221013/UBNA_001/20221012_030000.WAV,Telephone Field,recover-20221013,001,1795
1600.0015,1600.0104,23750,30500,Nyctalus leisleri,0.01,0.027,-1,Echolocation,/mnt/ubna_data_02_mir/recover-20221013/UBNA_001/20221012_030000.WAV,Telephone Field,recover-20221013,001,1795
1600.0015,1600.0365,68437,80066,Rhinolophus ferrumequinum,0.05,0.05,-1,Echolocation,/mnt/ubna_data_02_mir/recover-20221013/UBNA_001/20221012_030000.WAV,Telephone Field,recover-20221013,001,1795
1600.0015,1600.0084,49531,56117,Pipistrellus pipistrellus,0.016,0.026,-1,Echolocation,/mnt/ubna_data_02_mir/recover-20221013/UBNA_001/20221012_030000.WAV,Telephone Field,recover-20221013,001,1795
1600.0095,1600.0562,68437,82549,Rhinolophus ferrumequinum,0.023,0.023,-1,Echolocation,/mnt/ubna_data_02_mir/recover-20221013/UBNA_001/20221012_030000.WAV,Telephone Field,recover-20221013,001,1795
1600.0165,1600.0575,68437,83007,Rhinolophus ferrumequinum,0.026,0.026,-1,Echolocation,/mnt/ubna_data_02_mir/recover-20221013/UBNA_001/20221012_030000.WAV,Telephone Field,recover-20221013,001,1795
1600.0435,1600.0795,68437,80966,Rhinolophus ferrumequinum,0.023,0.023,-1,Echolocation,/mnt/ubna_data_02_mir/recover-20221013/UBNA_001/20221012_030000.WAV,Telephone Field,recover-20221013,001,1795
1600.0795,1600.1185,68437,82068,Rhinolophus ferrumequinum,0.023,0.023,-1,Echolocation,/mnt/ubna_data_02_mir/recover-20221013/UBNA_001/20221012_030000.WAV,Telephone Field,recover-20221013,001,1795
1600.1005,1600.1351,68437,80457,Rhinolophus ferrumequinum,0.022,0.022,-1,Echolocation,/mnt/ubna_data_02_mir/recover-20221013/UBNA_001/20221012_030000.WAV,Telephone Field,recover-20221013,001,1795
1600.1015,1600.1117,46953,50561,Pipistrellus pipistrellus,0.025,0.027,-1,Echolocation,/mnt/ubna_data_02_mir/recover-20221013/UBNA_001/20221012_030000.WAV,Telephone Field,recover-20221013,001,1795
1600.1325,1600.1729,68437,82568,Rhinolophus ferrumequinum,0.022,0.022,-1,Echolocation,/mnt/ubna_data_02_mir/recover-20221013/UBNA_001/20221012_030000.WAV,Telephone Field,recover-20221013,001,1795
1600.1555,1600.1681,44375,46269,Pipistrellus pipistrellus,0.049,0.054,-1,Echolocation,/mnt/ubna_data_02_mir/recover-20221013/UBNA_001/20221012_030000.WAV,Telephone Field,recover-20221013,001,1795
1600.1865,1600.2287,68437,82885,Rhinolophus ferrumequinum,0.03,0.03,-1,Echolocation,/mnt/ubna_data_02_mir/recover-20221013/UBNA_001/20221012_030000.WAV,Telephone Field,recover-20221013,001,1795
1600.2045,1600.2141,28046,37387,Eptesicus serotinus,0.012,0.027,-1,Echolocation,/mnt/ubna_data_02_mir/recover-20221013/UBNA_001/20221012_030000.WAV,Telephone Field,recover-20221013,001,1795
1600.2195,1600.2286,25468,33586,Eptesicus serotinus,0.008,0.026,-1,Echolocation,/mnt/ubna_data_02_mir/recover-20221013/UBNA_001/20221012_030000.WAV,Telephone Field,recover-20221013,001,1795
1600.2285,1600.2392,28906,36912,Eptesicus serotinus,0.011,0.025,-1,Echolocation,/mnt/ubna_data_02_mir/recover-20221013/UBNA_001/20221012_030000.WAV,Telephone Field,recover-20221013,001,1795
1600.2865,1600.3287,68437,82793,Rhinolophus ferrumequinum,0.026,0.026,-1,Echolocation,/mnt/ubna_data_02_mir/recover-20221013/UBNA_001/20221012_030000.WAV,Telephone Field,recover-20221013,001,1795
1600.2935,1600.3365,68437,83301,Rhinolophus ferrumequinum,0.026,0.026,-1,Echolocation,/mnt/ubna_data_02_mir/recover-20221013/UBNA_001/20221012_030000.WAV,Telephone Field,recover-20221013,001,1795
1600.3165,1600.3324,48671,52327,Pipistrellus pipistrellus,0.042,0.053,-1,Echolocation,/mnt/ubna_data_02_mir/recover-20221013/UBNA_001/20221012_030000.WAV,Telephone Field,recover-20221013,001,1795
1600.3465,1600.3533,28046,38553,Eptesicus serotinus,0.005,0.022,-1,Echolocation,/mnt/ubna_data_02_mir/recover-20221013/UBNA_001/20221012_030000.WAV,Telephone Field,recover-20221013,001,1795
1600.3465,1600.384,68437,82318,Rhinolophus ferrumequinum,0.027,0.027,-1,Echolocation,/mnt/ubna_data_02_mir/recover-20221013/UBNA_001/20221012_030000.WAV,Telephone Field,recover-20221013,001,1795
1600.3565,1600.3984,68437,82194,Rhinolophus ferrumequinum,0.024,0.024,-1,Echolocation,/mnt/ubna_data_02_mir/recover-20221013/UBNA_001/20221012_030000.WAV,Telephone Field,recover-20221013,001,1795
1600.3635,1600.4034,68437,82891,Rhinolophus ferrumequinum,0.024,0.024,-1,Echolocation,/mnt/ubna_data_02_mir/recover-20221013/UBNA_001/20221012_030000.WAV,Telephone Field,recover-20221013,001,1795
1600.3925,1600.4281,68437,80719,Rhinolophus ferrumequinum,0.022,0.022,-1,Echolocation,/mnt/ubna_data_02_mir/recover-20221013/UBNA_001/20221012_030000.WAV,Telephone Field,recover-20221013,001,1795
1600.4465,1600.4852,68437,81585,Rhinolophus ferrumequinum,0.024,0.024,-1,Echolocation,/mnt/ubna_data_02_mir/recover-20221013/UBNA_001/20221012_030000.WAV,Telephone Field,recover-20221013,001,1795
1600.4675,1600.5065,68437,82446,Rhinolophus ferrumequinum,0.023,0.023,-1,Echolocation,/mnt/ubna_data_02_mir/recover-20221013/UBNA_001/20221012_030000.WAV,Telephone Field,recover-20221013,001,1795
1600.4925,1600.5294,68437,81761,Rhinolophus ferrumequinum,0.027,0.027,-1,Echolocation,/mnt/ubna_data_02_mir/recover-20221013/UBNA_001/20221012_030000.WAV,Telephone Field,recover-20221013,001,1795
1600.5185,1600.557,68437,82299,Rhinolophus ferrumequinum,0.023,0.023,-1,Echolocation,/mnt/ubna_data_02_mir/recover-20221013/UBNA_001/20221012_030000.WAV,Telephone Field,recover-20221013,001,1795
1600.5635,1600.6004,68437,81905,Rhinolophus ferrumequinum,0.022,0.022,-1,Echolocation,/mnt/ubna_data_02_mir/recover-20221013/UBNA_001/20221012_030000.WAV,Telephone Field,recover-20221013,001,1795
1600.5835,1600.6239,68437,82468,Rhinolophus ferrumequinum,0.024,0.024,-1,Echolocation,/mnt/ubna_data_02_mir/recover-20221013/UBNA_001/20221012_030000.WAV,Telephone Field,recover-20221013,001,1795
1600.6425,1600.684,68437,83143,Rhinolophus ferrumequinum,0.03,0.03,-1,Echolocation,/mnt/ubna_data_02_mir/recover-20221013/UBNA_001/20221012_030000.WAV,Telephone Field,recover-20221013,001,1795
1600.6735,1600.713,68437,82314,Rhinolophus ferrumequinum,0.022,0.022,-1,Echolocation,/mnt/ubna_data_02_mir/recover-20221013/UBNA_001/20221012_030000.WAV,Telephone Field,recover-20221013,001,1795
1600.6765,1600.6894,27187,33670,Eptesicus serotinus,0.014,0.031,-1,Echolocation,/mnt/ubna_data_02_mir/recover-20221013/UBNA_001/20221012_030000.WAV,Telephone Field,recover-20221013,001,1795
1600.7065,1600.7456,68437,81722,Rhinolophus ferrumequinum,0.022,0.022,-1,Echolocation,/mnt/ubna_data_02_mir/recover-20221013/UBNA_001/20221012_030000.WAV,Telephone Field,recover-20221013,001,1795
1600.7255,1600.7355,46953,50671,Pipistrellus pipistrellus,0.044,0.047,-1,Echolocation,/mnt/ubna_data_02_mir/recover-20221013/UBNA_001/20221012_030000.WAV,Telephone Field,recover-20221013,001,1795
1600.7355,1600.7437,25468,33634,Eptesicus serotinus,0.007,0.026,-1,Echolocation,/mnt/ubna_data_02_mir/recover-20221013/UBNA_001/20221012_030000.WAV,Telephone Field,recover-20221013,001,1795
1600.7495,1600.7899,68437,82269,Rhinolophus ferrumequinum,0.027,0.027,-1,Echolocation,/mnt/ubna_data_02_mir/recover-20221013/UBNA_001/20221012_030000.WAV,Telephone Field,recover-20221013,001,1795
1600.7755,1600.8098,68437,81541,Rhinolophus ferrumequinum,0.022,0.022,-1,Echolocation,/mnt/ubna_data_02_mir/recover-20221013/UBNA_001/20221012_030000.WAV,Telephone Field,recover-20221013,001,1795
1600.8325,1600.8683,68437,80951,Rhinolophus ferrumequinum,0.03,0.03,-1,Echolocation,/mnt/ubna_data_02_mir/recover-20221013/UBNA_001/20221012_030000.WAV,Telephone Field,recover-20221013,001,1795
1600.8835,1600.8919,28046,39080,Eptesicus serotinus,0.008,0.022,-1,Echolocation,/mnt/ubna_data_02_mir/recover-20221013/UBNA_001/20221012_030000.WAV,Telephone Field,recover-20221013,001,1795
1600.9565,1600.997,68437,82484,Rhinolophus ferrumequinum,0.024,0.024,-1,Echolocation,/mnt/ubna_data_02_mir/recover-20221013/UBNA_001/20221012_030000.WAV,Telephone Field,recover-20221013,001,1795
1600.9595,1600.9669,27187,39231,Eptesicus serotinus,0.006,0.023,-1,Echolocation,/mnt/ubna_data_02_mir/recover-20221013/UBNA_001/20221012_030000.WAV,Telephone Field,recover-20221013,001,1795
1600.9915,1601.0298,68437,82170,Rhinolophus ferrumequinum,0.025,0.025,-1,Echolocation,/mnt/ubna_data_02_mir/recover-20221013/UBNA_001/20221012_030000.WAV,Telephone Field,recover-20221013,001,1795
1600.9975,1601.0338,68437,82261,Rhinolophus ferrumequinum,0.024,0.024,-1,Echolocation,/mnt/ubna_data_02_mir/recover-20221013/UBNA_001/20221012_030000.WAV,Telephone Field,recover-20221013,001,1795
1601.0425,1601.051,28046,38500,Eptesicus serotinus,0.007,0.022,-1,Echolocation,/mnt/ubna_data_02_mir/recover-20221013/UBNA_001/20221012_030000.WAV,Telephone Field,recover-20221013,001,1795
1601.0875,1601.0935,26328,38921,Myotis nattereri,0.005,0.022,-1,Echolocation,/mnt/ubna_data_02_mir/recover-20221013/UBNA_001/20221012_030000.WAV,Telephone Field,recover-20221013,001,1795
1601.0915,1601.1329,68437,83156,Rhinolophus ferrumequinum,0.035,0.035,-1,Echolocation,/mnt/ubna_data_02_mir/recover-20221013/UBNA_001/20221012_030000.WAV,Telephone Field,recover-20221013,001,1795
1601.1185,1601.1583,68437,82743,Rhinolophus ferrumequinum,0.025,0.025,-1,Echolocation,/mnt/ubna_data_02_mir/recover-20221013/UBNA_001/20221012_030000.WAV,Telephone Field,recover-20221013,001,1795
1601.1435,1601.1545,43515,48095,Pipistrellus pipistrellus,0.027,0.034,-1,Echolocation,/mnt/ubna_data_02_mir/recover-20221013/UBNA_001/20221012_030000.WAV,Telephone Field,recover-20221013,001,1795
1601.1605,1601.1965,68437,81767,Rhinolophus ferrumequinum,0.027,0.027,-1,Echolocation,/mnt/ubna_data_02_mir/recover-20221013/UBNA_001/20221012_030000.WAV,Telephone Field,recover-20221013,001,1795
1601.1735,1601.2065,68437,79536,Rhinolophus ferrumequinum,0.025,0.026,-1,Echolocation,/mnt/ubna_data_02_mir/recover-20221013/UBNA_001/20221012_030000.WAV,Telephone Field,recover-20221013,001,1795
1601.2055,1601.2456,68437,83018,Rhinolophus ferrumequinum,0.024,0.024,-1,Echolocation,/mnt/ubna_data_02_mir/recover-20221013/UBNA_001/20221012_030000.WAV,Telephone Field,recover-20221013,001,1795
1601.2255,1601.263,68437,82017,Rhinolophus ferrumequinum,0.024,0.024,-1,Echolocation,/mnt/ubna_data_02_mir/recover-20221013/UBNA_001/20221012_030000.WAV,Telephone Field,recover-20221013,001,1795
1601.2545,1601.2653,22890,28571,Nyctalus leisleri,0.012,0.026,-1,Echolocation,/mnt/ubna_data_02_mir/recover-20221013/UBNA_001/20221012_030000.WAV,Telephone Field,recover-20221013,001,1795
1601.2575,1601.2996,68437,82456,Rhinolophus ferrumequinum,0.028,0.028,-1,Echolocation,/mnt/ubna_data_02_mir/recover-20221013/UBNA_001/20221012_030000.WAV,Telephone Field,recover-20221013,001,1795
1601.2825,1601.3229,68437,82755,Rhinolophus ferrumequinum,0.027,0.027,-1,Echolocation,/mnt/ubna_data_02_mir/recover-20221013/UBNA_001/20221012_030000.WAV,Telephone Field,recover-20221013,001,1795
1601.3115,1601.321,25468,32412,Eptesicus serotinus,0.008,0.023,-1,Echolocation,/mnt/ubna_data_02_mir/recover-20221013/UBNA_001/20221012_030000.WAV,Telephone Field,recover-20221013,001,1795
1601.3755,1601.3835,28046,39487,Eptesicus serotinus,0.008,0.024,-1,Echolocation,/mnt/ubna_data_02_mir/recover-20221013/UBNA_001/20221012_030000.WAV,Telephone Field,recover-20221013,001,1795
1601.3865,1601.4243,68437,81427,Rhinolophus ferrumequinum,0.022,0.022,-1,Echolocation,/mnt/ubna_data_02_mir/recover-20221013/UBNA_001/20221012_030000.WAV,Telephone Field,recover-20221013,001,1795
1601.4135,1601.4512,68437,81246,Rhinolophus ferrumequinum,0.025,0.025,-1,Echolocation,/mnt/ubna_data_02_mir/recover-20221013/UBNA_001/20221012_030000.WAV,Telephone Field,recover-20221013,001,1795
1601.4385,1601.4742,68437,81611,Rhinolophus ferrumequinum,0.022,0.023,-1,Echolocation,/mnt/ubna_data_02_mir/recover-20221013/UBNA_001/20221012_030000.WAV,Telephone Field,recover-20221013,001,1795
1601.4485,1601.4857,68437,81270,Rhinolophus ferrumequinum,0.022,0.022,-1,Echolocation,/mnt/ubna_data_02_mir/recover-20221013/UBNA_001/20221012_030000.WAV,Telephone Field,recover-20221013,001,1795
1601.4805,1601.5229,68437,83273,Rhinolophus ferrumequinum,0.03,0.03,-1,Echolocation,/mnt/ubna_data_02_mir/recover-20221013/UBNA_001/20221012_030000.WAV,Telephone Field,recover-20221013,001,1795
1601.4835,1601.4932,27187,36230,Eptesicus serotinus,0.008,0.023,-1,Echolocation,/mnt/ubna_data_02_mir/recover-20221013/UBNA_001/20221012_030000.WAV,Telephone Field,recover-20221013,001,1795
1601.5105,1601.5533,68437,82575,Rhinolophus ferrumequinum,0.024,0.024,-1,Echolocation,/mnt/ubna_data_02_mir/recover-20221013/UBNA_001/20221012_030000.WAV,Telephone Field,recover-20221013,001,1795
1601.5155,1601.5232,27187,39273,Eptesicus serotinus,0.007,0.023,-1,Echolocation,/mnt/ubna_data_02_mir/recover-20221013/UBNA_001/20221012_030000.WAV,Telephone Field,recover-20221013,001,1795
1601.5355,1601.5448,41796,45312,Pipistrellus pipistrellus,0.016,0.027,-1,Echolocation,/mnt/ubna_data_02_mir/recover-20221013/UBNA_001/20221012_030000.WAV,Telephone Field,recover-20221013,001,1795
1601.5535,1601.5611,23750,31812,Plecotus austriacus,0.01,0.022,-1,Echolocation,/mnt/ubna_data_02_mir/recover-20221013/UBNA_001/20221012_030000.WAV,Telephone Field,recover-20221013,001,1795
1601.5835,1601.6255,68437,82458,Rhinolophus ferrumequinum,0.026,0.026,-1,Echolocation,/mnt/ubna_data_02_mir/recover-20221013/UBNA_001/20221012_030000.WAV,Telephone Field,recover-20221013,001,1795
1601.6135,1601.623,22031,27653,Nyctalus leisleri,0.009,0.024,-1,Echolocation,/mnt/ubna_data_02_mir/recover-20221013/UBNA_001/20221012_030000.WAV,Telephone Field,recover-20221013,001,1795
1601.6495,1601.6577,26328,33457,Nyctalus leisleri,0.011,0.036,-1,Echolocation,/mnt/ubna_data_02_mir/recover-20221013/UBNA_001/20221012_030000.WAV,Telephone Field,recover-20221013,001,1795
1601.6765,1601.7164,68437,82706,Rhinolophus ferrumequinum,0.023,0.023,-1,Echolocation,/mnt/ubna_data_02_mir/recover-20221013/UBNA_001/20221012_030000.WAV,Telephone Field,recover-20221013,001,1795
1601.6955,1601.7352,68437,82537,Rhinolophus ferrumequinum,0.026,0.026,-1,Echolocation,/mnt/ubna_data_02_mir/recover-20221013/UBNA_001/20221012_030000.WAV,Telephone Field,recover-20221013,001,1795
1601.7005,1601.7074,49531,55712,Pipistrellus pipistrellus,0.02,0.023,-1,Echolocation,/mnt/ubna_data_02_mir/recover-20221013/UBNA_001/20221012_030000.WAV,Telephone Field,recover-20221013,001,1795
1601.7175,1601.7581,68437,83029,Rhinolophus ferrumequinum,0.022,0.022,-1,Echolocation,/mnt/ubna_data_02_mir/recover-20221013/UBNA_001/20221012_030000.WAV,Telephone Field,recover-20221013,001,1795
1601.7295,1601.7381,28046,38390,Eptesicus serotinus,0.008,0.025,-1,Echolocation,/mnt/ubna_data_02_mir/recover-20221013/UBNA_001/20221012_030000.WAV,Telephone Field,recover-20221013,001,1795
1601.7895,1601.8283,68437,82302,Rhinolophus ferrumequinum,0.023,0.023,-1,Echolocation,/mnt/ubna_data_02_mir/recover-20221013/UBNA_001/20221012_030000.WAV,Telephone Field,recover-20221013,001,1795
1601.7965,1601.8351,68437,82450,Rhinolophus ferrumequinum,0.022,0.022,-1,Echolocation,/mnt/ubna_data_02_mir/recover-20221013/UBNA_001/20221012_030000.WAV,Telephone Field,recover-20221013,001,1795
1601.8105,1601.8566,68437,83468,Rhinolophus ferrumequinum,0.055,0.055,-1,Echolocation,/mnt/ubna_data_02_mir/recover-20221013/UBNA_001/20221012_030000.WAV,Telephone Field,recover-20221013,001,1795
1601.8215,1601.8587,68437,82160,Rhinolophus ferrumequinum,0.023,0.023,-1,Echolocation,/mnt/ubna_data_02_mir/recover-20221013/UBNA_001/20221012_030000.WAV,Telephone Field,recover-20221013,001,1795
1601.8665,1601.8736,23750,32176,Plecotus austriacus,0.01,0.022,-1,Echolocation,/mnt/ubna_data_02_mir/recover-20221013/UBNA_001/20221012_030000.WAV,Telephone Field,recover-20221013,001,1795
1601.8895,1601.8974,28046,37169,Eptesicus serotinus,0.006,0.023,-1,Echolocation,/mnt/ubna_data_02_mir/recover-20221013/UBNA_001/20221012_030000.WAV,Telephone Field,recover-20221013,001,1795
1601.8955,1601.9374,68437,82397,Rhinolophus ferrumequinum,0.023,0.023,-1,Echolocation,/mnt/ubna_data_02_mir/recover-20221013/UBNA_001/20221012_030000.WAV,Telephone Field,recover-20221013,001,1795
1601.9125,1601.9522,68437,82747,Rhinolophus ferrumequinum,0.023,0.024,-1,Echolocation,/mnt/ubna_data_02_mir/recover-20221013/UBNA_001/20221012_030000.WAV,Telephone Field,recover-20221013,001,1795
1602.0015,1602.0337,69296,81019,Rhinolophus ferrumequinum,0.049,0.049,-1,Echolocation,/mnt/ubna_data_02_mir/recover-20221013/UBNA_001/20221012_030000.WAV,Telephone Field,recover-20221013,001,1795
1602.0015,1602.0106,25468,32952,Nyctalus leisleri,0.01,0.032,-1,Echolocation,/mnt/ubna_data_02_mir/recover-20221013/UBNA_001/20221012_030000.WAV,Telephone Field,recover-20221013,001,1795
1602.0075,1602.0473,68437,81836,Rhinolophus ferrumequinum,0.031,0.031,-1,Echolocation,/mnt/ubna_data_02_mir/recover-20221013/UBNA_001/20221012_030000.WAV,Telephone Field,recover-20221013,001,1795
1602.0355,1602.0458,22890,27647,Nyctalus leisleri,0.01,0.022,-1,Echolocation,/mnt/ubna_data_02_mir/recover-20221013/UBNA_001/20221012_030000.WAV,Telephone Field,recover-20221013,001,1795
1602.0945,1602.1322,68437,81493,Rhinolophus ferrumequinum,0.022,0.022,-1,Echolocation,/mnt/ubna_data_02_mir/recover-20221013/UBNA_001/20221012_030000.WAV,Telephone Field,recover-20221013,001,1795
1602.1085,1602.1157,24609,33634,Plecotus austriacus,0.008,0.025,-1,Echolocation,/mnt/ubna_data_02_mir/recover-20221013/UBNA_001/20221012_030000.WAV,Telephone Field,recover-20221013,001,1795
1602.1305,1602.1664,68437,81256,Rhinolophus ferrumequinum,0.023,0.023,-1,Echolocation,/mnt/ubna_data_02_mir/recover-20221013/UBNA_001/20221012_030000.WAV,Telephone Field,recover-20221013,001,1795
1602.1455,1602.1826,68437,82318,Rhinolophus ferrumequinum,0.022,0.022,-1,Echolocation,/mnt/ubna_data_02_mir/recover-20221013/UBNA_001/20221012_030000.WAV,Telephone Field,recover-20221013,001,1795
1602.1605,1602.2003,68437,82262,Rhinolophus ferrumequinum,0.022,0.022,-1,Echolocation,/mnt/ubna_data_02_mir/recover-20221013/UBNA_001/20221012_030000.WAV,Telephone Field,recover-20221013,001,1795
1602.2155,1602.2272,37500,42538,Pipistrellus nathusii,0.017,0.027,-1,Echolocation,/mnt/ubna_data_02_mir/recover-20221013/UBNA_001/20221012_030000.WAV,Telephone Field,recover-20221013,001,1795
1602.2405,1602.2514,28046,37426,Eptesicus serotinus,0.013,0.028,-1,Echolocation,/mnt/ubna_data_02_mir/recover-20221013/UBNA_001/20221012_030000.WAV,Telephone Field,recover-20221013,001,1795
1602.2435,1602.2835,68437,82554,Rhinolophus ferrumequinum,0.024,0.024,-1,Echolocation,/mnt/ubna_data_02_mir/recover-20221013/UBNA_001/20221012_030000.WAV,Telephone Field,recover-20221013,001,1795
1602.2585,1602.2679,28046,37715,Eptesicus serotinus,0.01,0.025,-1,Echolocation,/mnt/ubna_data_02_mir/recover-20221013/UBNA_001/20221012_030000.WAV,Telephone Field,recover-20221013,001,1795
1602.2915,1602.3016,22890,28695,Nyctalus leisleri,0.01,0.026,-1,Echolocation,/mnt/ubna_data_02_mir/recover-20221013/UBNA_001/20221012_030000.WAV,Telephone Field,recover-20221013,001,1795
1602.3335,1602.3408,31484,43725,Myotis daubentonii,0.012,0.023,-1,Echolocation,/mnt/ubna_data_02_mir/recover-20221013/UBNA_001/20221012_030000.WAV,Telephone Field,recover-20221013,001,1795
1602.3825,1602.3941,28046,34652,Eptesicus serotinus,0.018,0.033,-1,Echolocation,/mnt/ubna_data_02_mir/recover-20221013/UBNA_001/20221012_030000.WAV,Telephone Field,recover-20221013,001,1795
1602.4035,1602.4429,68437,81741,Rhinolophus ferrumequinum,0.022,0.022,-1,Echolocation,/mnt/ubna_data_02_mir/recover-20221013/UBNA_001/20221012_030000.WAV,Telephone Field,recover-20221013,001,1795
1602.4315,1602.4383,27187,43714,Eptesicus serotinus,0.007,0.025,-1,Echolocation,/mnt/ubna_data_02_mir/recover-20221013/UBNA_001/20221012_030000.WAV,Telephone Field,recover-20221013,001,1795
1602.4325,1602.439,31484,45559,Myotis daubentonii,0.014,0.025,-1,Echolocation,/mnt/ubna_data_02_mir/recover-20221013/UBNA_001/20221012_030000.WAV,Telephone Field,recover-20221013,001,1795
1602.4655,1602.4978,68437,80757,Rhinolophus ferrumequinum,0.021,0.021,-1,Echolocation,/mnt/ubna_data_02_mir/recover-20221013/UBNA_001/20221012_030000.WAV,Telephone Field,recover-20221013,001,1795
1602.4725,1602.507,68437,81689,Rhinolophus ferrumequinum,0.023,0.023,-1,Echolocation,/mnt/ubna_data_02_mir/recover-20221013/UBNA_001/20221012_030000.WAV,Telephone Field,recover-20221013,001,1795
1602.5005,1602.5416,68437,82568,Rhinolophus ferrumequinum,0.028,0.028,-1,Echolocation,/mnt/ubna_data_02_mir/recover-20221013/UBNA_001/20221012_030000.WAV,Telephone Field,recover-20221013,001,1795
1602.5565,1602.5651,28046,39556,Eptesicus serotinus,0.008,0.022,-1,Echolocation,/mnt/ubna_data_02_mir/recover-20221013/UBNA_001/20221012_030000.WAV,Telephone Field,recover-20221013,001,1795
1602.6295,1602.67,68437,82747,Rhinolophus ferrumequinum,0.025,0.025,-1,Echolocation,/mnt/ubna_data_02_mir/recover-20221013/UBNA_001/20221012_030000.WAV,Telephone Field,recover-20221013,001,1795
1602.6725,1602.712,68437,82644,Rhinolophus ferrumequinum,0.024,0.024,-1,Echolocation,/mnt/ubna_data_02_mir/recover-20221013/UBNA_001/20221012_030000.WAV,Telephone Field,recover-20221013,001,1795
1602.6965,1602.7045,33203,43602,Myotis daubentonii,0.009,0.023,-1,Echolocation,/mnt/ubna_data_02_mir/recover-20221013/UBNA_001/20221012_030000.WAV,Telephone Field,recover-20221013,001,1795
1602.6985,1602.7062,27187,37557,Eptesicus serotinus,0.007,0.022,-1,Echolocation,/mnt/ubna_data_02_mir/recover-20221013/UBNA_001/20221012_030000.WAV,Telephone Field,recover-20221013,001,1795
1602.6995,1602.7387,68437,82990,Rhinolophus ferrumequinum,0.023,0.023,-1,Echolocation,/mnt/ubna_data_02_mir/recover-20221013/UBNA_001/20221012_030000.WAV,Telephone Field,recover-20221013,001,1795
1602.7095,1602.7488,68437,81958,Rhinolophus ferrumequinum,0.023,0.023,-1,Echolocation,/mnt/ubna_data_02_mir/recover-20221013/UBNA_001/20221012_030000.WAV,Telephone Field,recover-20221013,001,1795
1602.7225,1602.7321,22890,28763,Nyctalus leisleri,0.01,0.024,-1,Echolocation,/mnt/ubna_data_02_mir/recover-20221013/UBNA_001/20221012_030000.WAV,Telephone Field,recover-20221013,001,1795
1602.7585,1602.7962,68437,82048,Rhinolophus ferrumequinum,0.023,0.023,-1,Echolocation,/mnt/ubna_data_02_mir/recover-20221013/UBNA_001/20221012_030000.WAV,Telephone Field,recover-20221013,001,1795
1602.7665,1602.8075,68437,82402,Rhinolophus ferrumequinum,0.022,0.022,-1,Echolocation,/mnt/ubna_data_02_mir/recover-20221013/UBNA_001/20221012_030000.WAV,Telephone Field,recover-20221013,001,1795
1602.7665,1602.7778,28906,35203,Eptesicus serotinus,0.013,0.029,-1,Echolocation,/mnt/ubna_data_02_mir/recover-20221013/UBNA_001/20221012_030000.WAV,Telephone Field,recover-20221013,001,1795
1602.7865,1602.827,68437,82231,Rhinolophus ferrumequinum,0.022,0.022,-1,Echolocation,/mnt/ubna_data_02_mir/recover-20221013/UBNA_001/20221012_030000.WAV,Telephone Field,recover-20221013,001,1795
1602.8125,1602.8224,26328,34626,Eptesicus serotinus,0.011,0.025,-1,Echolocation,/mnt/ubna_data_02_mir/recover-20221013/UBNA_001/20221012_030000.WAV,Telephone Field,recover-20221013,001,1795
1602.8715,1602.9081,68437,81170,Rhinolophus ferrumequinum,0.021,0.021,-1,Echolocation,/mnt/ubna_data_02_mir/recover-20221013/UBNA_001/20221012_030000.WAV,Telephone Field,recover-20221013,001,1795
1602.8995,1602.9089,28046,36709,Eptesicus serotinus,0.01,0.026,-1,Echolocation,/mnt/ubna_data_02_mir/recover-20221013/UBNA_001/20221012_030000.WAV,Telephone Field,recover-20221013,001,1795
1602.9075,1602.9434,68437,81712,Rhinolophus ferrumequinum,0.023,0.023,-1,Echolocation,/mnt/ubna_data_02_mir/recover-20221013/UBNA_001/20221012_030000.WAV,Telephone Field,recover-20221013,001,1795
1602.9185,1602.9604,68437,82744,Rhinolophus ferrumequinum,0.031,0.031,-1,Echolocation,/mnt/ubna_data_02_mir/recover-20221013/UBNA_001/20221012_030000.WAV,Telephone Field,recover-20221013,001,1795
1602.9375,1602.9756,68437,81351,Rhinolophus ferrumequinum,0.022,0.022,-1,Echolocation,/mnt/ubna_data_02_mir/recover-20221013/UBNA_001/20221012_030000.WAV,Telephone Field,recover-20221013,001,1795
1602.9625,1603.0012,68437,81647,Rhinolophus ferrumequinum,0.021,0.021,-1,Echolocation,/mnt/ubna_data_02_mir/recover-20221013/UBNA_001/20221012_030000.WAV,Telephone Field,recover-20221013,001,1795
1602.9675,1603.0051,68437,82430,Rhinolophus ferrumequinum,0.021,0.021,-1,Echolocation,/mnt/ubna_data_02_mir/recover-20221013/UBNA_001/20221012_030000.WAV,Telephone Field,recover-20221013,001,1795
1602.9725,1602.9822,26328,34951,Eptesicus serotinus,0.008,0.021,-1,Echolocation,/mnt/ubna_data_02_mir/recover-20221013/UBNA_001/20221012_030000.WAV,Telephone Field,recover-20221013,001,1795
1602.9955,1603.0052,28046,36258,Eptesicus serotinus,0.012,0.026,-1,Echolocation,/mnt/ubna_data_02_mir/recover-20221013/UBNA_001/20221012_030000.WAV,Telephone Field,recover-20221013,001,1795
1603.0105,1603.0191,27187,38314,Eptesicus serotinus,0.008,0.024,-1,Echolocation,/mnt/ubna_data_02_mir/recover-20221013/UBNA_001/20221012_030000.WAV,Telephone Field,recover-20221013,001,1795
1603.0405,1603.0797,68437,82040,Rhinolophus ferrumequinum,0.021,0.021,-1,Echolocation,/mnt/ubna_data_02_mir/recover-20221013/UBNA_001/20221012_030000.WAV,Telephone Field,recover-20221013,001,1795
1603.0495,1603.084,68437,81195,Rhinolophus ferrumequinum,0.021,0.021,-1,Echolocation,/mnt/ubna_data_02_mir/recover-20221013/UBNA_001/20221012_030000.WAV,Telephone Field,recover-20221013,001,1795
1603.0635,1603.1027,68437,82369,Rhinolophus ferrumequinum,0.025,0.025,-1,Echolocation,/mnt/ubna_data_02_mir/recover-20221013/UBNA_001/20221012_030000.WAV,Telephone Field,recover-20221013,001,1795
1603.0655,1603.073,26328,36557,Eptesicus serotinus,0.006,0.022,-1,Echolocation,/mnt/ubna_data_02_mir/recover-20221013/UBNA_001/20221012_030000.WAV,Telephone Field,recover-20221013,001,1795
1603.1585,1603.197,68437,81685,Rhinolophus ferrumequinum,0.021,0.021,-1,Echolocation,/mnt/ubna_data_02_mir/recover-20221013/UBNA_001/20221012_030000.WAV,Telephone Field,recover-20221013,001,1795
1603.1865,1603.227,68437,82265,Rhinolophus ferrumequinum,0.023,0.023,-1,Echolocation,/mnt/ubna_data_02_mir/recover-20221013/UBNA_001/20221012_030000.WAV,Telephone Field,recover-20221013,001,1795
1603.1875,1603.1956,31484,41729,Myotis daubentonii,0.011,0.027,-1,Echolocation,/mnt/ubna_data_02_mir/recover-20221013/UBNA_001/20221012_030000.WAV,Telephone Field,recover-20221013,001,1795
1603.2595,1603.2981,68437,81190,Rhinolophus ferrumequinum,0.024,0.024,-1,Echolocation,/mnt/ubna_data_02_mir/recover-20221013/UBNA_001/20221012_030000.WAV,Telephone Field,recover-20221013,001,1795
1603.3015,1603.3095,28046,38633,Eptesicus serotinus,0.007,0.023,-1,Echolocation,/mnt/ubna_data_02_mir/recover-20221013/UBNA_001/20221012_030000.WAV,Telephone Field,recover-20221013,001,1795
1603.3045,1603.3416,68437,81912,Rhinolophus ferrumequinum,0.021,0.021,-1,Echolocation,/mnt/ubna_data_02_mir/recover-20221013/UBNA_001/20221012_030000.WAV,Telephone Field,recover-20221013,001,1795
1603.4065,1603.4129,26328,36076,Plecotus austriacus,0.01,0.034,-1,Echolocation,/mnt/ubna_data_02_mir/recover-20221013/UBNA_001/20221012_030000.WAV,Telephone Field,recover-20221013,001,1795
1603.4105,1603.4501,68437,82415,Rhinolophus ferrumequinum,0.023,0.023,-1,Echolocation,/mnt/ubna_data_02_mir/recover-20221013/UBNA_001/20221012_030000.WAV,Telephone Field,recover-20221013,001,1795
1603.4255,1603.4331,28046,40220,Eptesicus serotinus,0.007,0.022,-1,Echolocation,/mnt/ubna_data_02_mir/recover-20221013/UBNA_001/20221012_030000.WAV,Telephone Field,recover-20221013,001,1795
1603.4355,1603.4711,68437,81634,Rhinolophus ferrumequinum,0.027,0.027,-1,Echolocation,/mnt/ubna_data_02_mir/recover-20221013/UBNA_001/20221012_030000.WAV,Telephone Field,recover-20221013,001,1795
1603.4475,1603.4553,27187,41280,Eptesicus serotinus,0.007,0.022,-1,Echolocation,/mnt/ubna_data_02_mir/recover-20221013/UBNA_001/20221012_030000.WAV,Telephone Field,recover-20221013,001,1795
1603.5135,1603.5514,68437,82030,Rhinolophus ferrumequinum,0.022,0.022,-1,Echolocation,/mnt/ubna_data_02_mir/recover-20221013/UBNA_001/20221012_030000.WAV,Telephone Field,recover-20221013,001,1795
1603.5225,1603.5627,68437,82611,Rhinolophus ferrumequinum,0.023,0.023,-1,Echolocation,/mnt/ubna_data_02_mir/recover-20221013/UBNA_001/20221012_030000.WAV,Telephone Field,recover-20221013,001,1795
1603.5585,1603.5659,28906,39012,Eptesicus serotinus,0.006,0.023,-1,Echolocation,/mnt/ubna_data_02_mir/recover-20221013/UBNA_001/20221012_030000.WAV,Telephone Field,recover-20221013,001,1795
1603.5835,1603.6279,68437,83433,Rhinolophus ferrumequinum,0.03,0.03,-1,Echolocation,/mnt/ubna_data_02_mir/recover-20221013/UBNA_001/20221012_030000.WAV,Telephone Field,recover-20221013,001,1795
1603.6025,1603.6107,27187,41298,Eptesicus serotinus,0.008,0.022,-1,Echolocation,/mnt/ubna_data_02_mir/recover-20221013/UBNA_001/20221012_030000.WAV,Telephone Field,recover-20221013,001,1795
1603.6255,1603.6332,28046,38629,Eptesicus serotinus,0.007,0.023,-1,Echolocation,/mnt/ubna_data_02_mir/recover-20221013/UBNA_001/20221012_030000.WAV,Telephone Field,recover-20221013,001,1795
1603.6285,1603.6658,68437,81953,Rhinolophus ferrumequinum,0.022,0.022,-1,Echolocation,/mnt/ubna_data_02_mir/recover-20221013/UBNA_001/20221012_030000.WAV,Telephone Field,recover-20221013,001,1795
1603.6345,1603.6698,68437,81644,Rhinolophus ferrumequinum,0.022,0.022,-1,Echolocation,/mnt/ubna_data_02_mir/recover-20221013/UBNA_001/20221012_030000.WAV,Telephone Field,recover-20221013,001,1795
1603.6475,1603.6574,22890,28856,Nyctalus leisleri,0.009,0.023,-1,Echolocation,/mnt/ubna_data_02_mir/recover-20221013/UBNA_001/20221012_030000.WAV,Telephone Field,recover-20221013,001,1795
1603.6505,1603.6859,68437,81919,Rhinolophus ferrumequinum,0.022,0.022,-1,Echolocation,/mnt/ubna_data_02_mir/recover-20221013/UBNA_001/20221012_030000.WAV,Telephone Field,recover-20221013,001,1795
1603.6985,1603.7069,25468,34597,Eptesicus serotinus,0.008,0.022,-1,Echolocation,/mnt/ubna_data_02_mir/recover-20221013/UBNA_001/20221012_030000.WAV,Telephone Field,recover-20221013,001,1795
1603.7305,1603.7663,68437,81274,Rhinolophus ferrumequinum,0.022,0.022,-1,Echolocation,/mnt/ubna_data_02_mir/recover-20221013/UBNA_001/20221012_030000.WAV,Telephone Field,recover-20221013,001,1795
1603.7655,1603.8076,68437,82523,Rhinolophus ferrumequinum,0.027,0.027,-1,Echolocation,/mnt/ubna_data_02_mir/recover-20221013/UBNA_001/20221012_030000.WAV,Telephone Field,recover-20221013,001,1795
1603.7795,1603.8187,68437,82144,Rhinolophus ferrumequinum,0.021,0.022,-1,Echolocation,/mnt/ubna_data_02_mir/recover-20221013/UBNA_001/20221012_030000.WAV,Telephone Field,recover-20221013,001,1795
1603.7865,1603.825,68437,81760,Rhinolophus ferrumequinum,0.023,0.023,-1,Echolocation,/mnt/ubna_data_02_mir/recover-20221013/UBNA_001/20221012_030000.WAV,Telephone Field,recover-20221013,001,1795
1603.7965,1603.8049,45234,53434,Pipistrellus pipistrellus,0.029,0.038,-1,Echolocation,/mnt/ubna_data_02_mir/recover-20221013/UBNA_001/20221012_030000.WAV,Telephone Field,recover-20221013,001,1795
1603.8085,1603.8173,28046,37983,Eptesicus serotinus,0.008,0.021,-1,Echolocation,/mnt/ubna_data_02_mir/recover-20221013/UBNA_001/20221012_030000.WAV,Telephone Field,recover-20221013,001,1795
1603.8175,1603.8253,28046,37696,Eptesicus serotinus,0.007,0.022,-1,Echolocation,/mnt/ubna_data_02_mir/recover-20221013/UBNA_001/20221012_030000.WAV,Telephone Field,recover-20221013,001,1795
1603.8185,1603.8584,68437,82350,Rhinolophus ferrumequinum,0.023,0.023,-1,Echolocation,/mnt/ubna_data_02_mir/recover-20221013/UBNA_001/20221012_030000.WAV,Telephone Field,recover-20221013,001,1795
1603.8355,1603.8782,68437,82836,Rhinolophus ferrumequinum,0.038,0.038,-1,Echolocation,/mnt/ubna_data_02_mir/recover-20221013/UBNA_001/20221012_030000.WAV,Telephone Field,recover-20221013,001,1795
1603.8755,1603.887,25468,31355,Nyctalus leisleri,0.039,0.078,-1,Echolocation,/mnt/ubna_data_02_mir/recover-20221013/UBNA_001/20221012_030000.WAV,Telephone Field,recover-20221013,001,1795
1603.9255,1603.9676,68437,82692,Rhinolophus ferrumequinum,0.026,0.026,-1,Echolocation,/mnt/ubna_data_02_mir/recover-20221013/UBNA_001/20221012_030000.WAV,Telephone Field,recover-20221013,001,1795
1603.9635,1603.9981,68437,81268,Rhinolophus ferrumequinum,0.022,0.022,-1,Echolocation,/mnt/ubna_data_02_mir/recover-20221013/UBNA_001/20221012_030000.WAV,Telephone Field,recover-20221013,001,1795
1603.9825,1603.992,27187,36655,Eptesicus serotinus,0.01,0.024,-1,Echolocation,/mnt/ubna_data_02_mir/recover-20221013/UBNA_001/20221012_030000.WAV,Telephone Field,recover-20221013,001,1795
1604.0015,1604.0349,68437,80073,Rhinolophus ferrumequinum,0.032,0.033,-1,Echolocation,/mnt/ubna_data_02_mir/recover-20221013/UBNA_001/20221012_030000.WAV,Telephone Field,recover-20221013,001,1795
1604.0015,1604.0105,23750,31112,Nyctalus leisleri,0.012,0.033,-1,Echolocation,/mnt/ubna_data_02_mir/recover-20221013/UBNA_001/20221012_030000.WAV,Telephone Field,recover-20221013,001,1795
1604.0125,1604.0582,68437,83367,Rhinolophus ferrumequinum,0.021,0.021,-1,Echolocation,/mnt/ubna_data_02_mir/recover-20221013/UBNA_001/20221012_030000.WAV,Telephone Field,recover-20221013,001,1795
1604.0355,1604.0537,22031,26223,Nyctalus leisleri,0.016,0.031,-1,Echolocation,/mnt/ubna_data_02_mir/recover-20221013/UBNA_001/20221012_030000.WAV,Telephone Field,recover-20221013,001,1795
1604.0355,1604.0766,68437,82768,Rhinolophus ferrumequinum,0.021,0.021,-1,Echolocation,/mnt/ubna_data_02_mir/recover-20221013/UBNA_001/20221012_030000.WAV,Telephone Field,recover-20221013,001,1795
1604.0505,1604.0589,28046,37362,Eptesicus serotinus,0.009,0.024,-1,Echolocation,/mnt/ubna_data_02_mir/recover-20221013/UBNA_001/20221012_030000.WAV,Telephone Field,recover-20221013,001,1795
1604.0645,1604.104,68437,82666,Rhinolophus ferrumequinum,0.029,0.029,-1,Echolocation,/mnt/ubna_data_02_mir/recover-20221013/UBNA_001/20221012_030000.WAV,Telephone Field,recover-20221013,001,1795
1604.1355,1604.1463,28046,38111,Eptesicus serotinus,0.01,0.022,-1,Echolocation,/mnt/ubna_data_02_mir/recover-20221013/UBNA_001/20221012_030000.WAV,Telephone Field,recover-20221013,001,1795
1604.2565,1604.2649,28046,40731,Eptesicus serotinus,0.007,0.021,-1,Echolocation,/mnt/ubna_data_02_mir/recover-20221013/UBNA_001/20221012_030000.WAV,Telephone Field,recover-20221013,001,1795
1604.2715,1604.3101,68437,82080,Rhinolophus ferrumequinum,0.021,0.021,-1,Echolocation,/mnt/ubna_data_02_mir/recover-20221013/UBNA_001/20221012_030000.WAV,Telephone Field,recover-20221013,001,1795
1604.2805,1604.2907,26328,34084,Eptesicus serotinus,0.01,0.021,-1,Echolocation,/mnt/ubna_data_02_mir/recover-20221013/UBNA_001/20221012_030000.WAV,Telephone Field,recover-20221013,001,1795
1604.2925,1604.3021,24609,31754,Nyctalus leisleri,0.008,0.022,-1,Echolocation,/mnt/ubna_data_02_mir/recover-20221013/UBNA_001/20221012_030000.WAV,Telephone Field,recover-20221013,001,1795
1604.3075,1604.3431,68437,81433,Rhinolophus ferrumequinum,0.02,0.02,-1,Echolocation,/mnt/ubna_data_02_mir/recover-20221013/UBNA_001/20221012_030000.WAV,Telephone Field,recover-20221013,001,1795
1604.3355,1604.3729,68437,81628,Rhinolophus ferrumequinum,0.022,0.022,-1,Echolocation,/mnt/ubna_data_02_mir/recover-20221013/UBNA_001/20221012_030000.WAV,Telephone Field,recover-20221013,001,1795
1604.3405,1604.3473,27187,38035,Eptesicus serotinus,0.006,0.023,-1,Echolocation,/mnt/ubna_data_02_mir/recover-20221013/UBNA_001/20221012_030000.WAV,Telephone Field,recover-20221013,001,1795
1604.3585,1604.3973,68437,82384,Rhinolophus ferrumequinum,0.021,0.021,-1,Echolocation,/mnt/ubna_data_02_mir/recover-20221013/UBNA_001/20221012_030000.WAV,Telephone Field,recover-20221013,001,1795
1604.3715,1604.4099,68437,82579,Rhinolophus ferrumequinum,0.024,0.024,-1,Echolocation,/mnt/ubna_data_02_mir/recover-20221013/UBNA_001/20221012_030000.WAV,Telephone Field,recover-20221013,001,1795
1604.4015,1604.4407,68437,82258,Rhinolophus ferrumequinum,0.026,0.027,-1,Echolocation,/mnt/ubna_data_02_mir/recover-20221013/UBNA_001/20221012_030000.WAV,Telephone Field,recover-20221013,001,1795
1604.4025,1604.4127,27187,34953,Eptesicus serotinus,0.014,0.028,-1,Echolocation,/mnt/ubna_data_02_mir/recover-20221013/UBNA_001/20221012_030000.WAV,Telephone Field,recover-20221013,001,1795
1604.4065,1604.4175,53828,57706,Pipistrellus pygmaeus,0.019,0.021,-1,Echolocation,/mnt/ubna_data_02_mir/recover-20221013/UBNA_001/20221012_030000.WAV,Telephone Field,recover-20221013,001,1795
1604.4125,1604.4229,24609,30869,Nyctalus leisleri,0.009,0.024,-1,Echolocation,/mnt/ubna_data_02_mir/recover-20221013/UBNA_001/20221012_030000.WAV,Telephone Field,recover-20221013,001,1795
1604.4435,1604.4845,68437,82888,Rhinolophus ferrumequinum,0.029,0.029,-1,Echolocation,/mnt/ubna_data_02_mir/recover-20221013/UBNA_001/20221012_030000.WAV,Telephone Field,recover-20221013,001,1795
1604.4565,1604.4688,22031,26388,Nyctalus leisleri,0.015,0.027,-1,Echolocation,/mnt/ubna_data_02_mir/recover-20221013/UBNA_001/20221012_030000.WAV,Telephone Field,recover-20221013,001,1795
1604.4585,1604.5004,68437,82718,Rhinolophus ferrumequinum,0.028,0.028,-1,Echolocation,/mnt/ubna_data_02_mir/recover-20221013/UBNA_001/20221012_030000.WAV,Telephone Field,recover-20221013,001,1795
1604.4705,1604.4777,50390,56096,Pipistrellus pipistrellus,0.019,0.022,-1,Echolocation,/mnt/ubna_data_02_mir/recover-20221013/UBNA_001/20221012_030000.WAV,Telephone Field,recover-20221013,001,1795
1604.5115,1604.5184,24609,34532,Plecotus austriacus,0.011,0.027,-1,Echolocation,/mnt/ubna_data_02_mir/recover-20221013/UBNA_001/20221012_030000.WAV,Telephone Field,recover-20221013,001,1795
1604.5175,1604.5556,68437,82458,Rhinolophus ferrumequinum,0.02,0.02,-1,Echolocation,/mnt/ubna_data_02_mir/recover-20221013/UBNA_001/20221012_030000.WAV,Telephone Field,recover-20221013,001,1795
1604.5625,1604.6022,68437,82804,Rhinolophus ferrumequinum,0.03,0.03,-1,Echolocation,/mnt/ubna_data_02_mir/recover-20221013/UBNA_001/20221012_030000.WAV,Telephone Field,recover-20221013,001,1795
1604.5955,1604.6311,68437,81673,Rhinolophus ferrumequinum,0.021,0.021,-1,Echolocation,/mnt/ubna_data_02_mir/recover-20221013/UBNA_001/20221012_030000.WAV,Telephone Field,recover-20221013,001,1795
1604.6175,1604.6562,68437,81869,Rhinolophus ferrumequinum,0.023,0.023,-1,Echolocation,/mnt/ubna_data_02_mir/recover-20221013/UBNA_001/20221012_030000.WAV,Telephone Field,recover-20221013,001,1795
1604.6215,1604.629,28046,39299,Eptesicus serotinus,0.007,0.023,-1,Echolocation,/mnt/ubna_data_02_mir/recover-20221013/UBNA_001/20221012_030000.WAV,Telephone Field,recover-20221013,001,1795
1604.6375,1604.6782,68437,82326,Rhinolophus ferrumequinum,0.02,0.02,-1,Echolocation,/mnt/ubna_data_02_mir/recover-20221013/UBNA_001/20221012_030000.WAV,Telephone Field,recover-20221013,001,1795
1604.6435,1604.684,68437,82901,Rhinolophus ferrumequinum,0.02,0.02,-1,Echolocation,/mnt/ubna_data_02_mir/recover-20221013/UBNA_001/20221012_030000.WAV,Telephone Field,recover-20221013,001,1795
1604.6635,1604.7041,68437,82301,Rhinolophus ferrumequinum,0.021,0.021,-1,Echolocation,/mnt/ubna_data_02_mir/recover-20221013/UBNA_001/20221012_030000.WAV,Telephone Field,recover-20221013,001,1795
1604.6805,1604.7202,68437,82385,Rhinolophus ferrumequinum,0.022,0.022,-1,Echolocation,/mnt/ubna_data_02_mir/recover-20221013/UBNA_001/20221012_030000.WAV,Telephone Field,recover-20221013,001,1795
1604.7085,1604.7154,28046,37357,Eptesicus serotinus,0.008,0.026,-1,Echolocation,/mnt/ubna_data_02_mir/recover-20221013/UBNA_001/20221012_030000.WAV,Telephone Field,recover-20221013,001,1795
1604.7515,1604.7896,68437,81013,Rhinolophus ferrumequinum,0.021,0.021,-1,Echolocation,/mnt/ubna_data_02_mir/recover-20221013/UBNA_001/20221012_030000.WAV,Telephone Field,recover-20221013,001,1795
1604.7745,1604.8089,68437,81507,Rhinolophus ferrumequinum,0.021,0.021,-1,Echolocation,/mnt/ubna_data_02_mir/recover-20221013/UBNA_001/20221012_030000.WAV,Telephone Field,recover-20221013,001,1795
1604.8065,1604.8477,68437,82754,Rhinolophus ferrumequinum,0.025,0.025,-1,Echolocation,/mnt/ubna_data_02_mir/recover-20221013/UBNA_001/20221012_030000.WAV,Telephone Field,recover-20221013,001,1795
1604.8265,1604.8651,68437,82260,Rhinolophus ferrumequinum,0.022,0.022,-1,Echolocation,/mnt/ubna_data_02_mir/recover-20221013/UBNA_001/20221012_030000.WAV,Telephone Field,recover-20221013,001,1795
1604.8555,1604.8951,68437,82699,Rhinolophus ferrumequinum,0.024,0.024,-1,Echolocation,/mnt/ubna_data_02_mir/recover-20221013/UBNA_001/20221012_030000.WAV,Telephone Field,recover-20221013,001,1795
1604.8895,1604.9056,22031,26044,Nyctalus leisleri,0.022,0.043,-1,Echolocation,/mnt/ubna_data_02_mir/recover-20221013/UBNA_001/20221012_030000.WAV,Telephone Field,recover-20221013,001,1795
1604.9035,1604.9105,34921,41310,Barbastellus barbastellus,0.01,0.026,-1,Echolocation,/mnt/ubna_data_02_mir/recover-20221013/UBNA_001/20221012_030000.WAV,Telephone Field,recover-20221013,001,1795
1604.9175,1604.9569,68437,81574,Rhinolophus ferrumequinum,0.022,0.022,-1,Echolocation,/mnt/ubna_data_02_mir/recover-20221013/UBNA_001/20221012_030000.WAV,Telephone Field,recover-20221013,001,1795
1604.9305,1604.9716,68437,83317,Rhinolophus ferrumequinum,0.027,0.027,-1,Echolocation,/mnt/ubna_data_02_mir/recover-20221013/UBNA_001/20221012_030000.WAV,Telephone Field,recover-20221013,001,1795
1604.9535,1604.9632,28046,35133,Eptesicus serotinus,0.009,0.02,-1,Echolocation,/mnt/ubna_data_02_mir/recover-20221013/UBNA_001/20221012_030000.WAV,Telephone Field,recover-20221013,001,1795
1604.9615,1604.9705,28046,39396,Eptesicus serotinus,0.007,0.021,-1,Echolocation,/mnt/ubna_data_02_mir/recover-20221013/UBNA_001/20221012_030000.WAV,Telephone Field,recover-20221013,001,1795
1604.9625,1605.0047,68437,83165,Rhinolophus ferrumequinum,0.035,0.035,-1,Echolocation,/mnt/ubna_data_02_mir/recover-20221013/UBNA_001/20221012_030000.WAV,Telephone Field,recover-20221013,001,1795
1605.0025,1605.0393,68437,81252,Rhinolophus ferrumequinum,0.021,0.021,-1,Echolocation,/mnt/ubna_data_02_mir/recover-20221013/UBNA_001/20221012_030000.WAV,Telephone Field,recover-20221013,001,1795
1605.0595,1605.0729,28906,34271,Eptesicus serotinus,0.011,0.024,-1,Echolocation,/mnt/ubna_data_02_mir/recover-20221013/UBNA_001/20221012_030000.WAV,Telephone Field,recover-20221013,001,1795
1605.0665,1605.1051,68437,81877,Rhinolophus ferrumequinum,0.024,0.024,-1,Echolocation,/mnt/ubna_data_02_mir/recover-20221013/UBNA_001/20221012_030000.WAV,Telephone Field,recover-20221013,001,1795
1605.0895,1605.1012,28046,34753,Eptesicus serotinus,0.018,0.032,-1,Echolocation,/mnt/ubna_data_02_mir/recover-20221013/UBNA_001/20221012_030000.WAV,Telephone Field,recover-20221013,001,1795
1605.1155,1605.1535,68437,81014,Rhinolophus ferrumequinum,0.022,0.022,-1,Echolocation,/mnt/ubna_data_02_mir/recover-20221013/UBNA_001/20221012_030000.WAV,Telephone Field,recover-20221013,001,1795
1605.1485,1605.1549,27187,38087,Eptesicus serotinus,0.005,0.025,-1,Echolocation,/mnt/ubna_data_02_mir/recover-20221013/UBNA_001/20221012_030000.WAV,Telephone Field,recover-20221013,001,1795
1605.1635,1605.183,20312,23137,Nyctalus leisleri,0.014,0.025,-1,Echolocation,/mnt/ubna_data_02_mir/recover-20221013/UBNA_001/20221012_030000.WAV,Telephone Field,recover-20221013,001,1795
1605.1715,1605.2059,68437,80902,Rhinolophus ferrumequinum,0.022,0.022,-1,Echolocation,/mnt/ubna_data_02_mir/recover-20221013/UBNA_001/20221012_030000.WAV,Telephone Field,recover-20221013,001,1795
1605.1865,1605.2258,68437,82122,Rhinolophus ferrumequinum,0.021,0.021,-1,Echolocation,/mnt/ubna_data_02_mir/recover-20221013/UBNA_001/20221012_030000.WAV,Telephone Field,recover-20221013,001,1795
1605.1885,1605.1991,23750,29239,Nyctalus leisleri,0.01,0.021,-1,Echolocation,/mnt/ubna_data_02_mir/recover-20221013/UBNA_001/20221012_030000.WAV,Telephone Field,recover-20221013,001,1795
1605.2005,1605.2381,68437,82497,Rhinolophus ferrumequinum,0.032,0.032,-1,Echolocation,/mnt/ubna_data_02_mir/recover-20221013/UBNA_001/20221012_030000.WAV,Telephone Field,recover-20221013,001,1795
1605.2275,1605.2643,68437,81811,Rhinolophus ferrumequinum,0.022,0.022,-1,Echolocation,/mnt/ubna_data_02_mir/recover-20221013/UBNA_001/20221012_030000.WAV,Telephone Field,recover-20221013,001,1795
1605.2605,1605.2764,22890,26986,Nyctalus leisleri,0.014,0.024,-1,Echolocation,/mnt/ubna_data_02_mir/recover-20221013/UBNA_001/20221012_030000.WAV,Telephone Field,recover-20221013,001,1795
1605.2715,1605.3077,68437,82105,Rhinolophus ferrumequinum,0.022,0.022,-1,Echolocation,/mnt/ubna_data_02_mir/recover-20221013/UBNA_001/20221012_030000.WAV,Telephone Field,recover-20221013,001,1795
1605.2775,1605.285,28046,38945,Eptesicus serotinus,0.007,0.024,-1,Echolocation,/mnt/ubna_data_02_mir/recover-20221013/UBNA_001/20221012_030000.WAV,Telephone Field,recover-20221013,001,1795
1605.2855,1605.3235,68437,81921,Rhinolophus ferrumequinum,0.021,0.021,-1,Echolocation,/mnt/ubna_data_02_mir/recover-20221013/UBNA_001/20221012_030000.WAV,Telephone Field,recover-20221013,001,1795
1605.2915,1605.3304,68437,81892,Rhinolophus ferrumequinum,0.022,0.022,-1,Echolocation,/mnt/ubna_data_02_mir/recover-20221013/UBNA_001/20221012_030000.WAV,Telephone Field,recover-20221013,001,1795
1605.3025,1605.3118,23750,30412,Nyctalus leisleri,0.007,0.022,-1,Echolocation,/mnt/ubna_data_02_mir/recover-20221013/UBNA_001/20221012_030000.WAV,Telephone Field,recover-20221013,001,1795
1605.3225,1605.3596,68437,82159,Rhinolophus ferrumequinum,0.021,0.021,-1,Echolocation,/mnt/ubna_data_02_mir/recover-20221013/UBNA_001/20221012_030000.WAV,Telephone Field,recover-20221013,001,1795
1605.3425,1605.3791,68437,81283,Rhinolophus ferrumequinum,0.021,0.022,-1,Echolocation,/mnt/ubna_data_02_mir/recover-20221013/UBNA_001/20221012_030000.WAV,Telephone Field,recover-20221013,001,1795
1605.3505,1605.3866,68437,81060,Rhinolophus ferrumequinum,0.02,0.021,-1,Echolocation,/mnt/ubna_data_02_mir/recover-20221013/UBNA_001/20221012_030000.WAV,Telephone Field,recover-20221013,001,1795
1605.3765,1605.3844,28046,38761,Eptesicus serotinus,0.007,0.022,-1,Echolocation,/mnt/ubna_data_02_mir/recover-20221013/UBNA_001/20221012_030000.WAV,Telephone Field,recover-20221013,001,1795
1605.3905,1605.4004,34921,41719,Barbastellus barbastellus,0.012,0.037,-1,Echolocation,/mnt/ubna_data_02_mir/recover-20221013/UBNA_001/20221012_030000.WAV,Telephone Field,recover-20221013,001,1795
1605.3935,1605.3998,26328,39251,Eptesicus serotinus,0.004,0.021,-1,Echolocation,/mnt/ubna_data_02_mir/recover-20221013/UBNA_001/20221012_030000.WAV,Telephone Field,recover-20221013,001,1795
1605.4355,1605.4438,28046,37612,Eptesicus serotinus,0.007,0.021,-1,Echolocation,/mnt/ubna_data_02_mir/recover-20221013/UBNA_001/20221012_030000.WAV,Telephone Field,recover-20221013,001,1795
1605.4705,1605.5108,68437,82660,Rhinolophus ferrumequinum,0.022,0.022,-1,Echolocation,/mnt/ubna_data_02_mir/recover-20221013/UBNA_001/20221012_030000.WAV,Telephone Field,recover-20221013,001,1795
1605.4725,1605.4855,22031,25972,Nyctalus leisleri,0.015,0.028,-1,Echolocation,/mnt/ubna_data_02_mir/recover-20221013/UBNA_001/20221012_030000.WAV,Telephone Field,recover-20221013,001,1795
1605.4935,1605.5341,68437,82825,Rhinolophus ferrumequinum,0.022,0.022,-1,Echolocation,/mnt/ubna_data_02_mir/recover-20221013/UBNA_001/20221012_030000.WAV,Telephone Field,recover-20221013,001,1795
1605.5115,1605.5526,68437,82528,Rhinolophus ferrumequinum,0.022,0.022,-1,Echolocation,/mnt/ubna_data_02_mir/recover-20221013/UBNA_001/20221012_030000.WAV,Telephone Field,recover-20221013,001,1795
1605.5305,1605.5392,26328,34051,Eptesicus serotinus,0.007,0.021,-1,Echolocation,/mnt/ubna_data_02_mir/recover-20221013/UBNA_001/20221012_030000.WAV,Telephone Field,recover-20221013,001,1795
1605.5525,1605.5905,68437,82043,Rhinolophus ferrumequinum,0.022,0.022,-1,Echolocation,/mnt/ubna_data_02_mir/recover-20221013/UBNA_001/20221012_030000.WAV,Telephone Field,recover-20221013,001,1795
1605.5615,1605.571,27187,36574,Eptesicus serotinus,0.01,0.025,-1,Echolocation,/mnt/ubna_data_02_mir/recover-20221013/UBNA_001/20221012_030000.WAV,Telephone Field,recover-20221013,001,1795
1605.5785,1605.5877,24609,32212,Eptesicus serotinus,0.007,0.021,-1,Echolocation,/mnt/ubna_data_02_mir/recover-20221013/UBNA_001/20221012_030000.WAV,Telephone Field,recover-20221013,001,1795
1605.5795,1605.5888,28906,37231,Eptesicus serotinus,0.009,0.022,-1,Echolocation,/mnt/ubna_data_02_mir/recover-20221013/UBNA_001/20221012_030000.WAV,Telephone Field,recover-20221013,001,1795
1605.6335,1605.6404,27187,38584,Eptesicus serotinus,0.005,0.024,-1,Echolocation,/mnt/ubna_data_02_mir/recover-20221013/UBNA_001/20221012_030000.WAV,Telephone Field,recover-20221013,001,1795
1605.6555,1605.6929,68437,81980,Rhinolophus ferrumequinum,0.022,0.022,-1,Echolocation,/mnt/ubna_data_02_mir/recover-20221013/UBNA_001/20221012_030000.WAV,Telephone Field,recover-20221013,001,1795
1605.6635,1605.6796,22031,25821,Nyctalus leisleri,0.027,0.052,-1,Echolocation,/mnt/ubna_data_02_mir/recover-20221013/UBNA_001/20221012_030000.WAV,Telephone Field,recover-20221013,001,1795
1605.7125,1605.7532,68437,82653,Rhinolophus ferrumequinum,0.021,0.021,-1,Echolocation,/mnt/ubna_data_02_mir/recover-20221013/UBNA_001/20221012_030000.WAV,Telephone Field,recover-20221013,001,1795
1605.7475,1605.7875,68437,82104,Rhinolophus ferrumequinum,0.024,0.024,-1,Echolocation,/mnt/ubna_data_02_mir/recover-20221013/UBNA_001/20221012_030000.WAV,Telephone Field,recover-20221013,001,1795
1605.7975,1605.8392,68437,82200,Rhinolophus ferrumequinum,0.022,0.022,-1,Echolocation,/mnt/ubna_data_02_mir/recover-20221013/UBNA_001/20221012_030000.WAV,Telephone Field,recover-20221013,001,1795
1605.8675,1605.9071,68437,82703,Rhinolophus ferrumequinum,0.022,0.022,-1,Echolocation,/mnt/ubna_data_02_mir/recover-20221013/UBNA_001/20221012_030000.WAV,Telephone Field,recover-20221013,001,1795
1605.8715,1605.8788,28046,38921,Eptesicus serotinus,0.006,0.021,-1,Echolocation,/mnt/ubna_data_02_mir/recover-20221013/UBNA_001/20221012_030000.WAV,Telephone Field,recover-20221013,001,1795
1605.8725,1605.8835,22031,26356,Nyctalus leisleri,0.012,0.022,-1,Echolocation,/mnt/ubna_data_02_mir/recover-20221013/UBNA_001/20221012_030000.WAV,Telephone Field,recover-20221013,001,1795
1605.9215,1605.9648,68437,82951,Rhinolophus ferrumequinum,0.027,0.027,-1,Echolocation,/mnt/ubna_data_02_mir/recover-20221013/UBNA_001/20221012_030000.WAV,Telephone Field,recover-20221013,001,1795
1605.9825,1605.9912,28046,39222,Eptesicus serotinus,0.008,0.02,-1,Echolocation,/mnt/ubna_data_02_mir/recover-20221013/UBNA_001/20221012_030000.WAV,Telephone Field,recover-20221013,001,1795
1606.0015,1606.0107,28906,38458,Eptesicus serotinus,0.007,0.024,-1,Echolocation,/mnt/ubna_data_02_mir/recover-20221013/UBNA_001/20221012_030000.WAV,Telephone Field,recover-20221013,001,1795
1606.0015,1606.0327,69296,80856,Rhinolophus ferrumequinum,0.023,0.023,-1,Echolocation,/mnt/ubna_data_02_mir/recover-20221013/UBNA_001/20221012_030000.WAV,Telephone Field,recover-20221013,001,1795
1606.0015,1606.011,22890,31411,Nyctalus leisleri,0.009,0.024,-1,Echolocation,/mnt/ubna_data_02_mir/recover-20221013/UBNA_001/20221012_030000.WAV,Telephone Field,recover-20221013,001,1795
1606.0245,1606.0383,14296,19698,Nyctalus noctula,0.015,0.024,-1,Echolocation,/mnt/ubna_data_02_mir/recover-20221013/UBNA_001/20221012_030000.WAV,Telephone Field,recover-20221013,001,1795
1606.0555,1606.0947,68437,82050,Rhinolophus ferrumequinum,0.022,0.022,-1,Echolocation,/mnt/ubna_data_02_mir/recover-20221013/UBNA_001/20221012_030000.WAV,Telephone Field,recover-20221013,001,1795
1606.1085,1606.145,68437,81714,Rhinolophus ferrumequinum,0.024,0.024,-1,Echolocation,/mnt/ubna_data_02_mir/recover-20221013/UBNA_001/20221012_030000.WAV,Telephone Field,recover-20221013,001,1795
1606.1875,1606.227,68437,82358,Rhinolophus ferrumequinum,0.022,0.022,-1,Echolocation,/mnt/ubna_data_02_mir/recover-20221013/UBNA_001/20221012_030000.WAV,Telephone Field,recover-20221013,001,1795
1606.1895,1606.1982,28046,38421,Eptesicus serotinus,0.011,0.026,-1,Echolocation,/mnt/ubna_data_02_mir/recover-20221013/UBNA_001/20221012_030000.WAV,Telephone Field,recover-20221013,001,1795
1606.2005,1606.2405,68437,82693,Rhinolophus ferrumequinum,0.028,0.028,-1,Echolocation,/mnt/ubna_data_02_mir/recover-20221013/UBNA_001/20221012_030000.WAV,Telephone Field,recover-20221013,001,1795
1606.2395,1606.2747,68437,81741,Rhinolophus ferrumequinum,0.032,0.032,-1,Echolocation,/mnt/ubna_data_02_mir/recover-20221013/UBNA_001/20221012_030000.WAV,Telephone Field,recover-20221013,001,1795
1606.2535,1606.2939,68437,82796,Rhinolophus ferrumequinum,0.027,0.027,-1,Echolocation,/mnt/ubna_data_02_mir/recover-20221013/UBNA_001/20221012_030000.WAV,Telephone Field,recover-20221013,001,1795
1606.2595,1606.2659,27187,41575,Eptesicus serotinus,0.005,0.022,-1,Echolocation,/mnt/ubna_data_02_mir/recover-20221013/UBNA_001/20221012_030000.WAV,Telephone Field,recover-20221013,001,1795
1606.3065,1606.3478,68437,82525,Rhinolophus ferrumequinum,0.035,0.035,-1,Echolocation,/mnt/ubna_data_02_mir/recover-20221013/UBNA_001/20221012_030000.WAV,Telephone Field,recover-20221013,001,1795
1606.3305,1606.3682,68437,81788,Rhinolophus ferrumequinum,0.022,0.022,-1,Echolocation,/mnt/ubna_data_02_mir/recover-20221013/UBNA_001/20221012_030000.WAV,Telephone Field,recover-20221013,001,1795
1606.3475,1606.3944,68437,84013,Rhinolophus ferrumequinum,0.059,0.059,-1,Echolocation,/mnt/ubna_data_02_mir/recover-20221013/UBNA_001/20221012_030000.WAV,Telephone Field,recover-20221013,001,1795
1606.3655,1606.4023,68437,81932,Rhinolophus ferrumequinum,0.025,0.025,-1,Echolocation,/mnt/ubna_data_02_mir/recover-20221013/UBNA_001/20221012_030000.WAV,Telephone Field,recover-20221013,001,1795
1606.3765,1606.4186,68437,82823,Rhinolophus ferrumequinum,0.027,0.027,-1,Echolocation,/mnt/ubna_data_02_mir/recover-20221013/UBNA_001/20221012_030000.WAV,Telephone Field,recover-20221013,001,1795
1606.4305,1606.4706,68437,82372,Rhinolophus ferrumequinum,0.021,0.021,-1,Echolocation,/mnt/ubna_data_02_mir/recover-20221013/UBNA_001/20221012_030000.WAV,Telephone Field,recover-20221013,001,1795
1606.4545,1606.4609,28906,41726,Eptesicus serotinus,0.007,0.026,-1,Echolocation,/mnt/ubna_data_02_mir/recover-20221013/UBNA_001/20221012_030000.WAV,Telephone Field,recover-20221013,001,1795
1606.4705,1606.513,68437,83347,Rhinolophus ferrumequinum,0.041,0.041,-1,Echolocation,/mnt/ubna_data_02_mir/recover-20221013/UBNA_001/20221012_030000.WAV,Telephone Field,recover-20221013,001,1795
1606.4805,1606.491,28906,36406,Eptesicus serotinus,0.01,0.022,-1,Echolocation,/mnt/ubna_data_02_mir/recover-20221013/UBNA_001/20221012_030000.WAV,Telephone Field,recover-20221013,001,1795
1606.4905,1606.5313,68437,82714,Rhinolophus ferrumequinum,0.024,0.024,-1,Echolocation,/mnt/ubna_data_02_mir/recover-20221013/UBNA_001/20221012_030000.WAV,Telephone Field,recover-20221013,001,1795
1606.4935,1606.501,28906,39542,Eptesicus serotinus,0.007,0.023,-1,Echolocation,/mnt/ubna_data_02_mir/recover-20221013/UBNA_001/20221012_030000.WAV,Telephone Field,recover-20221013,001,1795
1606.5035,1606.5458,68437,83148,Rhinolophus ferrumequinum,0.024,0.025,-1,Echolocation,/mnt/ubna_data_02_mir/recover-20221013/UBNA_001/20221012_030000.WAV,Telephone Field,recover-20221013,001,1795
1606.5475,1606.5845,68437,81853,Rhinolophus ferrumequinum,0.023,0.023,-1,Echolocation,/mnt/ubna_data_02_mir/recover-20221013/UBNA_001/20221012_030000.WAV,Telephone Field,recover-20221013,001,1795
1606.5695,1606.6083,68437,82612,Rhinolophus ferrumequinum,0.022,0.022,-1,Echolocation,/mnt/ubna_data_02_mir/recover-20221013/UBNA_001/20221012_030000.WAV,Telephone Field,recover-20221013,001,1795
1606.5785,1606.6155,68437,82358,Rhinolophus ferrumequinum,0.022,0.022,-1,Echolocation,/mnt/ubna_data_02_mir/recover-20221013/UBNA_001/20221012_030000.WAV,Telephone Field,recover-20221013,001,1795
1606.6115,1606.646,68437,81624,Rhinolophus ferrumequinum,0.052,0.052,-1,Echolocation,/mnt/ubna_data_02_mir/recover-20221013/UBNA_001/20221012_030000.WAV,Telephone Field,recover-20221013,001,1795
1606.6225,1606.6588,68437,81853,Rhinolophus ferrumequinum,0.021,0.021,-1,Echolocation,/mnt/ubna_data_02_mir/recover-20221013/UBNA_001/20221012_030000.WAV,Telephone Field,recover-20221013,001,1795
1606.6555,1606.662,28046,41028,Eptesicus serotinus,0.006,0.022,-1,Echolocation,/mnt/ubna_data_02_mir/recover-20221013/UBNA_001/20221012_030000.WAV,Telephone Field,recover-20221013,001,1795
1606.6795,1606.7176,68437,81962,Rhinolophus ferrumequinum,0.023,0.023,-1,Echolocation,/mnt/ubna_data_02_mir/recover-20221013/UBNA_001/20221012_030000.WAV,Telephone Field,recover-20221013,001,1795
1606.7075,1606.7432,68437,81986,Rhinolophus ferrumequinum,0.025,0.025,-1,Echolocation,/mnt/ubna_data_02_mir/recover-20221013/UBNA_001/20221012_030000.WAV,Telephone Field,recover-20221013,001,1795
1606.7235,1606.765,68437,82458,Rhinolophus ferrumequinum,0.023,0.023,-1,Echolocation,/mnt/ubna_data_02_mir/recover-20221013/UBNA_001/20221012_030000.WAV,Telephone Field,recover-20221013,001,1795
1606.7335,1606.7764,68437,83344,Rhinolophus ferrumequinum,0.027,0.027,-1,Echolocation,/mnt/ubna_data_02_mir/recover-20221013/UBNA_001/20221012_030000.WAV,Telephone Field,recover-20221013,001,1795
1606.7585,1606.7989,68437,82493,Rhinolophus ferrumequinum,0.022,0.022,-1,Echolocation,/mnt/ubna_data_02_mir/recover-20221013/UBNA_001/20221012_030000.WAV,Telephone Field,recover-20221013,001,1795
1606.7685,1606.8086,68437,82393,Rhinolophus ferrumequinum,0.023,0.023,-1,Echolocation,/mnt/ubna_data_02_mir/recover-20221013/UBNA_001/20221012_030000.WAV,Telephone Field,recover-20221013,001,1795
1606.7785,1606.8187,68437,82189,Rhinolophus ferrumequinum,0.023,0.023,-1,Echolocation,/mnt/ubna_data_02_mir/recover-20221013/UBNA_001/20221012_030000.WAV,Telephone Field,recover-20221013,001,1795
1606.7965,1606.8024,25468,41033,Myotis nattereri,0.005,0.022,-1,Echolocation,/mnt/ubna_data_02_mir/recover-20221013/UBNA_001/20221012_030000.WAV,Telephone Field,recover-20221013,001,1795
1606.8025,1606.8397,68437,81169,Rhinolophus ferrumequinum,0.022,0.022,-1,Echolocation,/mnt/ubna_data_02_mir/recover-20221013/UBNA_001/20221012_030000.WAV,Telephone Field,recover-20221013,001,1795
1606.8215,1606.8602,68437,82112,Rhinolophus ferrumequinum,0.024,0.024,-1,Echolocation,/mnt/ubna_data_02_mir/recover-20221013/UBNA_001/20221012_030000.WAV,Telephone Field,recover-20221013,001,1795
1606.8225,1606.8303,26328,38846,Eptesicus serotinus,0.008,0.023,-1,Echolocation,/mnt/ubna_data_02_mir/recover-20221013/UBNA_001/20221012_030000.WAV,Telephone Field,recover-20221013,001,1795
1606.8345,1606.8697,68437,81734,Rhinolophus ferrumequinum,0.021,0.021,-1,Echolocation,/mnt/ubna_data_02_mir/recover-20221013/UBNA_001/20221012_030000.WAV,Telephone Field,recover-20221013,001,1795
1606.8665,1606.8743,28906,39836,Eptesicus serotinus,0.006,0.021,-1,Echolocation,/mnt/ubna_data_02_mir/recover-20221013/UBNA_001/20221012_030000.WAV,Telephone Field,recover-20221013,001,1795
1606.8725,1606.914,68437,82843,Rhinolophus ferrumequinum,0.023,0.023,-1,Echolocation,/mnt/ubna_data_02_mir/recover-20221013/UBNA_001/20221012_030000.WAV,Telephone Field,recover-20221013,001,1795
1606.9165,1606.9572,68437,82148,Rhinolophus ferrumequinum,0.029,0.029,-1,Echolocation,/mnt/ubna_data_02_mir/recover-20221013/UBNA_001/20221012_030000.WAV,Telephone Field,recover-20221013,001,1795
1606.9585,1606.9978,68437,82993,Rhinolophus ferrumequinum,0.027,0.027,-1,Echolocation,/mnt/ubna_data_02_mir/recover-20221013/UBNA_001/20221012_030000.WAV,Telephone Field,recover-20221013,001,1795
1606.9645,1606.9715,23750,32725,Plecotus austriacus,0.01,0.025,-1,Echolocation,/mnt/ubna_data_02_mir/recover-20221013/UBNA_001/20221012_030000.WAV,Telephone Field,recover-20221013,001,1795
1606.9775,1607.0134,68437,81677,Rhinolophus ferrumequinum,0.021,0.021,-1,Echolocation,/mnt/ubna_data_02_mir/recover-20221013/UBNA_001/20221012_030000.WAV,Telephone Field,recover-20221013,001,1795
1606.9905,1607.0303,68437,82516,Rhinolophus ferrumequinum,0.026,0.026,-1,Echolocation,/mnt/ubna_data_02_mir/recover-20221013/UBNA_001/20221012_030000.WAV,Telephone Field,recover-20221013,001,1795
1607.0015,1607.0425,68437,82454,Rhinolophus ferrumequinum,0.025,0.025,-1,Echolocation,/mnt/ubna_data_02_mir/recover-20221013/UBNA_001/20221012_030000.WAV,Telephone Field,recover-20221013,001,1795
1607.0275,1607.0344,24609,34679,Plecotus austriacus,0.01,0.026,-1,Echolocation,/mnt/ubna_data_02_mir/recover-20221013/UBNA_001/20221012_030000.WAV,Telephone Field,recover-20221013,001,1795
1607.0405,1607.0783,68437,81796,Rhinolophus ferrumequinum,0.022,0.022,-1,Echolocation,/mnt/ubna_data_02_mir/recover-20221013/UBNA_001/20221012_030000.WAV,Telephone Field,recover-20221013,001,1795
1607.0975,1607.1368,68437,82991,Rhinolophus ferrumequinum,0.038,0.038,-1,Echolocation,/mnt/ubna_data_02_mir/recover-20221013/UBNA_001/20221012_030000.WAV,Telephone Field,recover-20221013,001,1795
1607.1225,1607.1668,68437,84084,Rhinolophus ferrumequinum,0.036,0.036,-1,Echolocation,/mnt/ubna_data_02_mir/recover-20221013/UBNA_001/20221012_030000.WAV,Telephone Field,recover-20221013,001,1795
1607.1395,1607.1466,28906,36727,Eptesicus serotinus,0.017,0.043,-1,Echolocation,/mnt/ubna_data_02_mir/recover-20221013/UBNA_001/20221012_030000.WAV,Telephone Field,recover-20221013,001,1795
1607.1545,1607.1875,68437,81060,Rhinolophus ferrumequinum,0.023,0.023,-1,Echolocation,/mnt/ubna_data_02_mir/recover-20221013/UBNA_001/20221012_030000.WAV,Telephone Field,recover-20221013,001,1795
1607.1795,1607.2186,68437,82668,Rhinolophus ferrumequinum,0.026,0.026,-1,Echolocation,/mnt/ubna_data_02_mir/recover-20221013/UBNA_001/20221012_030000.WAV,Telephone Field,recover-20221013,001,1795
1607.1905,1607.227,68437,81568,Rhinolophus ferrumequinum,0.021,0.021,-1,Echolocation,/mnt/ubna_data_02_mir/recover-20221013/UBNA_001/20221012_030000.WAV,Telephone Field,recover-20221013,001,1795
1607.2445,1607.2843,68437,83100,Rhinolophus ferrumequinum,0.025,0.025,-1,Echolocation,/mnt/ubna_data_02_mir/recover-20221013/UBNA_001/20221012_030000.WAV,Telephone Field,recover-20221013,001,1795
1607.3495,1607.3603,56406,61367,Pipistrellus pygmaeus,0.028,0.028,-1,Echolocation,/mnt/ubna_data_02_mir/recover-20221013/UBNA_001/20221012_030000.WAV,Telephone Field,recover-20221013,001,1795
1607.3525,1607.3603,23750,32292,Plecotus austriacus,0.01,0.024,-1,Echolocation,/mnt/ubna_data_02_mir/recover-20221013/UBNA_001/20221012_030000.WAV,Telephone Field,recover-20221013,001,1795
1607.3795,1607.4202,68437,82976,Rhinolophus ferrumequinum,0.034,0.034,-1,Echolocation,/mnt/ubna_data_02_mir/recover-20221013/UBNA_001/20221012_030000.WAV,Telephone Field,recover-20221013,001,1795
1607.4005,1607.4382,68437,81469,Rhinolophus ferrumequinum,0.028,0.028,-1,Echolocation,/mnt/ubna_data_02_mir/recover-20221013/UBNA_001/20221012_030000.WAV,Telephone Field,recover-20221013,001,1795
1607.4305,1607.4725,68437,83100,Rhinolophus ferrumequinum,0.022,0.022,-1,Echolocation,/mnt/ubna_data_02_mir/recover-20221013/UBNA_001/20221012_030000.WAV,Telephone Field,recover-20221013,001,1795
1607.4355,1607.4565,17734,21159,Nyctalus noctula,0.02,0.03,-1,Echolocation,/mnt/ubna_data_02_mir/recover-20221013/UBNA_001/20221012_030000.WAV,Telephone Field,recover-20221013,001,1795
1607.4535,1607.4907,68437,81832,Rhinolophus ferrumequinum,0.023,0.023,-1,Echolocation,/mnt/ubna_data_02_mir/recover-20221013/UBNA_001/20221012_030000.WAV,Telephone Field,recover-20221013,001,1795
1607.4545,1607.464,27187,35646,Eptesicus serotinus,0.009,0.021,-1,Echolocation,/mnt/ubna_data_02_mir/recover-20221013/UBNA_001/20221012_030000.WAV,Telephone Field,recover-20221013,001,1795
1607.5005,1607.508,28906,36064,Eptesicus serotinus,0.021,0.048,-1,Echolocation,/mnt/ubna_data_02_mir/recover-20221013/UBNA_001/20221012_030000.WAV,Telephone Field,recover-20221013,001,1795
1607.5295,1607.5656,68437,81967,Rhinolophus ferrumequinum,0.022,0.022,-1,Echolocation,/mnt/ubna_data_02_mir/recover-20221013/UBNA_001/20221012_030000.WAV,Telephone Field,recover-20221013,001,1795
1607.5435,1607.5845,68437,82363,Rhinolophus ferrumequinum,0.023,0.023,-1,Echolocation,/mnt/ubna_data_02_mir/recover-20221013/UBNA_001/20221012_030000.WAV,Telephone Field,recover-20221013,001,1795
1607.5745,1607.6093,68437,80665,Rhinolophus ferrumequinum,0.022,0.022,-1,Echolocation,/mnt/ubna_data_02_mir/recover-20221013/UBNA_001/20221012_030000.WAV,Telephone Field,recover-20221013,001,1795
1607.5965,1607.6043,28046,41203,Eptesicus serotinus,0.007,0.022,-1,Echolocation,/mnt/ubna_data_02_mir/recover-20221013/UBNA_001/20221012_030000.WAV,Telephone Field,recover-20221013,001,1795
1607.6155,1607.6557,68437,82416,Rhinolophus ferrumequinum,0.021,0.021,-1,Echolocation,/mnt/ubna_data_02_mir/recover-20221013/UBNA_001/20221012_030000.WAV,Telephone Field,recover-20221013,001,1795
1607.6215,1607.631,22890,29967,Nyctalus leisleri,0.008,0.024,-1,Echolocation,/mnt/ubna_data_02_mir/recover-20221013/UBNA_001/20221012_030000.WAV,Telephone Field,recover-20221013,001,1795
1607.6595,1607.7041,68437,83875,Rhinolophus ferrumequinum,0.054,0.054,-1,Echolocation,/mnt/ubna_data_02_mir/recover-20221013/UBNA_001/20221012_030000.WAV,Telephone Field,recover-20221013,001,1795
1607.6905,1607.7349,68437,83303,Rhinolophus ferrumequinum,0.057,0.057,-1,Echolocation,/mnt/ubna_data_02_mir/recover-20221013/UBNA_001/20221012_030000.WAV,Telephone Field,recover-20221013,001,1795
1607.7305,1607.7705,68437,82087,Rhinolophus ferrumequinum,0.026,0.026,-1,Echolocation,/mnt/ubna_data_02_mir/recover-20221013/UBNA_001/20221012_030000.WAV,Telephone Field,recover-20221013,001,1795
1607.7555,1607.7635,24609,33259,Plecotus austriacus,0.007,0.021,-1,Echolocation,/mnt/ubna_data_02_mir/recover-20221013/UBNA_001/20221012_030000.WAV,Telephone Field,recover-20221013,001,1795
1607.7685,1607.806,68437,81775,Rhinolophus ferrumequinum,0.024,0.024,-1,Echolocation,/mnt/ubna_data_02_mir/recover-20221013/UBNA_001/20221012_030000.WAV,Telephone Field,recover-20221013,001,1795
1607.7715,1607.7804,25468,33815,Eptesicus serotinus,0.01,0.026,-1,Echolocation,/mnt/ubna_data_02_mir/recover-20221013/UBNA_001/20221012_030000.WAV,Telephone Field,recover-20221013,001,1795
1607.7805,1607.7889,23750,30545,Plecotus austriacus,0.007,0.023,-1,Echolocation,/mnt/ubna_data_02_mir/recover-20221013/UBNA_001/20221012_030000.WAV,Telephone Field,recover-20221013,001,1795
1607.7905,1607.8284,68437,82119,Rhinolophus ferrumequinum,0.023,0.023,-1,Echolocation,/mnt/ubna_data_02_mir/recover-20221013/UBNA_001/20221012_030000.WAV,Telephone Field,recover-20221013,001,1795
1607.8075,1607.8462,68437,82627,Rhinolophus ferrumequinum,0.022,0.022,-1,Echolocation,/mnt/ubna_data_02_mir/recover-20221013/UBNA_001/20221012_030000.WAV,Telephone Field,recover-20221013,001,1795
1607.8605,1607.8979,68437,82336,Rhinolophus ferrumequinum,0.027,0.027,-1,Echolocation,/mnt/ubna_data_02_mir/recover-20221013/UBNA_001/20221012_030000.WAV,Telephone Field,recover-20221013,001,1795
1607.8615,1607.8698,26328,33735,Eptesicus serotinus,0.007,0.021,-1,Echolocation,/mnt/ubna_data_02_mir/recover-20221013/UBNA_001/20221012_030000.WAV,Telephone Field,recover-20221013,001,1795
1607.9075,1607.9457,68437,82097,Rhinolophus ferrumequinum,0.026,0.026,-1,Echolocation,/mnt/ubna_data_02_mir/recover-20221013/UBNA_001/20221012_030000.WAV,Telephone Field,recover-20221013,001,1795
1607.9155,1607.9513,68437,81442,Rhinolophus ferrumequinum,0.021,0.021,-1,Echolocation,/mnt/ubna_data_02_mir/recover-20221013/UBNA_001/20221012_030000.WAV,Telephone Field,recover-20221013,001,1795
1607.9405,1607.985,68437,83536,Rhinolophus ferrumequinum,0.031,0.031,-1,Echolocation,/mnt/ubna_data_02_mir/recover-20221013/UBNA_001/20221012_030000.WAV,Telephone Field,recover-20221013,001,1795
1607.9815,1607.9887,27187,39110,Eptesicus serotinus,0.006,0.022,-1,Echolocation,/mnt/ubna_data_02_mir/recover-20221013/UBNA_001/20221012_030000.WAV,Telephone Field,recover-20221013,001,1795
1608.0015,1608.0108,21171,26737,Nyctalus leisleri,0.013,0.03,-1,Echolocation,/mnt/ubna_data_02_mir/recover-20221013/UBNA_001/20221012_030000.WAV,Telephone Field,recover-20221013,001,1795
1608.0015,1608.0333,69296,81597,Rhinolophus ferrumequinum,0.041,0.041,-1,Echolocation,/mnt/ubna_data_02_mir/recover-20221013/UBNA_001/20221012_030000.WAV,Telephone Field,recover-20221013,001,1795
1608.0275,1608.0637,68437,82224,Rhinolophus ferrumequinum,0.023,0.023,-1,Echolocation,/mnt/ubna_data_02_mir/recover-20221013/UBNA_001/20221012_030000.WAV,Telephone Field,recover-20221013,001,1795
1608.0325,1608.0408,23750,31577,Plecotus austriacus,0.006,0.021,-1,Echolocation,/mnt/ubna_data_02_mir/recover-20221013/UBNA_001/20221012_030000.WAV,Telephone Field,recover-20221013,001,1795
1608.0465,1608.0848,68437,81679,Rhinolophus ferrumequinum,0.025,0.025,-1,Echolocation,/mnt/ubna_data_02_mir/recover-20221013/UBNA_001/20221012_030000.WAV,Telephone Field,recover-20221013,001,1795
1608.0915,1608.1318,68437,82440,Rhinolophus ferrumequinum,0.029,0.029,-1,Echolocation,/mnt/ubna_data_02_mir/recover-20221013/UBNA_001/20221012_030000.WAV,Telephone Field,recover-20221013,001,1795
1608.1465,1608.1851,68437,81419,Rhinolophus ferrumequinum,0.024,0.024,-1,Echolocation,/mnt/ubna_data_02_mir/recover-20221013/UBNA_001/20221012_030000.WAV,Telephone Field,recover-20221013,001,1795
1608.1905,1608.1977,28046,40670,Eptesicus serotinus,0.007,0.023,-1,Echolocation,/mnt/ubna_data_02_mir/recover-20221013/UBNA_001/20221012_030000.WAV,Telephone Field,recover-20221013,001,1795
1608.2135,1608.2278,34062,38555,Pipistrellus nathusii,0.009,0.023,-1,Echolocation,/mnt/ubna_data_02_mir/recover-20221013/UBNA_001/20221012_030000.WAV,Telephone Field,recover-20221013,001,1795
1608.2145,1608.2251,28906,35823,Eptesicus serotinus,0.01,0.023,-1,Echolocation,/mnt/ubna_data_02_mir/recover-20221013/UBNA_001/20221012_030000.WAV,Telephone Field,recover-20221013,001,1795
1608.2295,1608.2674,68437,82348,Rhinolophus ferrumequinum,0.02,0.02,-1,Echolocation,/mnt/ubna_data_02_mir/recover-20221013/UBNA_001/20221012_030000.WAV,Telephone Field,recover-20221013,001,1795
1608.2375,1608.2466,28906,37550,Eptesicus serotinus,0.012,0.027,-1,Echolocation,/mnt/ubna_data_02_mir/recover-20221013/UBNA_001/20221012_030000.WAV,Telephone Field,recover-20221013,001,1795
1608.2395,1608.2753,68437,81322,Rhinolophus ferrumequinum,0.022,0.022,-1,Echolocation,/mnt/ubna_data_02_mir/recover-20221013/UBNA_001/20221012_030000.WAV,Telephone Field,recover-20221013,001,1795
1608.3075,1608.3147,28046,41262,Eptesicus serotinus,0.01,0.033,-1,Echolocation,/mnt/ubna_data_02_mir/recover-20221013/UBNA_001/20221012_030000.WAV,Telephone Field,recover-20221013,001,1795
1608.3245,1608.3637,68437,82511,Rhinolophus ferrumequinum,0.026,0.026,-1,Echolocation,/mnt/ubna_data_02_mir/recover-20221013/UBNA_001/20221012_030000.WAV,Telephone Field,recover-20221013,001,1795
1608.3375,1608.3768,68437,83055,Rhinolophus ferrumequinum,0.026,0.026,-1,Echolocation,/mnt/ubna_data_02_mir/recover-20221013/UBNA_001/20221012_030000.WAV,Telephone Field,recover-20221013,001,1795
1608.3585,1608.3672,28046,38002,Eptesicus serotinus,0.008,0.021,-1,Echolocation,/mnt/ubna_data_02_mir/recover-20221013/UBNA_001/20221012_030000.WAV,Telephone Field,recover-20221013,001,1795
1608.3985,1608.4066,28046,41148,Eptesicus serotinus,0.009,0.025,-1,Echolocation,/mnt/ubna_data_02_mir/recover-20221013/UBNA_001/20221012_030000.WAV,Telephone Field,recover-20221013,001,1795
1608.3995,1608.4364,68437,82023,Rhinolophus ferrumequinum,0.023,0.023,-1,Echolocation,/mnt/ubna_data_02_mir/recover-20221013/UBNA_001/20221012_030000.WAV,Telephone Field,recover-20221013,001,1795
1608.4365,1608.446,24609,31430,Eptesicus serotinus,0.01,0.025,-1,Echolocation,/mnt/ubna_data_02_mir/recover-20221013/UBNA_001/20221012_030000.WAV,Telephone Field,recover-20221013,001,1795
1608.4645,1608.4744,28906,39547,Eptesicus serotinus,0.009,0.021,-1,Echolocation,/mnt/ubna_data_02_mir/recover-20221013/UBNA_001/20221012_030000.WAV,Telephone Field,recover-20221013,001,1795
1608.4955,1608.5348,68437,82220,Rhinolophus ferrumequinum,0.023,0.023,-1,Echolocation,/mnt/ubna_data_02_mir/recover-20221013/UBNA_001/20221012_030000.WAV,Telephone Field,recover-20221013,001,1795
1608.5025,1608.5101,28046,39734,Eptesicus serotinus,0.008,0.026,-1,Echolocation,/mnt/ubna_data_02_mir/recover-20221013/UBNA_001/20221012_030000.WAV,Telephone Field,recover-20221013,001,1795
1608.5095,1608.5458,68437,81841,Rhinolophus ferrumequinum,0.02,0.02,-1,Echolocation,/mnt/ubna_data_02_mir/recover-20221013/UBNA_001/20221012_030000.WAV,Telephone Field,recover-20221013,001,1795
1608.5225,1608.5597,68437,82156,Rhinolophus ferrumequinum,0.02,0.021,-1,Echolocation,/mnt/ubna_data_02_mir/recover-20221013/UBNA_001/20221012_030000.WAV,Telephone Field,recover-20221013,001,1795
1608.5355,1608.5455,22890,28273,Nyctalus leisleri,0.008,0.02,-1,Echolocation,/mnt/ubna_data_02_mir/recover-20221013/UBNA_001/20221012_030000.WAV,Telephone Field,recover-20221013,001,1795
1608.5525,1608.5931,68437,82377,Rhinolophus ferrumequinum,0.022,0.022,-1,Echolocation,/mnt/ubna_data_02_mir/recover-20221013/UBNA_001/20221012_030000.WAV,Telephone Field,recover-20221013,001,1795
1608.5655,1608.6009,68437,80878,Rhinolophus ferrumequinum,0.022,0.022,-1,Echolocation,/mnt/ubna_data_02_mir/recover-20221013/UBNA_001/20221012_030000.WAV,Telephone Field,recover-20221013,001,1795
1608.6355,1608.6748,68437,82239,Rhinolophus ferrumequinum,0.025,0.025,-1,Echolocation,/mnt/ubna_data_02_mir/recover-20221013/UBNA_001/20221012_030000.WAV,Telephone Field,recover-20221013,001,1795
1608.6485,1608.6556,28046,37355,Eptesicus serotinus,0.01,0.028,-1,Echolocation,/mnt/ubna_data_02_mir/recover-20221013/UBNA_001/20221012_030000.WAV,Telephone Field,recover-20221013,001,1795
1608.6595,1608.6969,68437,82184,Rhinolophus ferrumequinum,0.021,0.021,-1,Echolocation,/mnt/ubna_data_02_mir/recover-20221013/UBNA_001/20221012_030000.WAV,Telephone Field,recover-20221013,001,1795
1608.6695,1608.6784,28906,39663,Eptesicus serotinus,0.011,0.025,-1,Echolocation,/mnt/ubna_data_02_mir/recover-20221013/UBNA_001/20221012_030000.WAV,Telephone Field,recover-20221013,001,1795
1608.6695,1608.7005,68437,79399,Rhinolophus ferrumequinum,0.022,0.022,-1,Echolocation,/mnt/ubna_data_02_mir/recover-20221013/UBNA_001/20221012_030000.WAV,Telephone Field,recover-20221013,001,1795
1608.7625,1608.7716,28046,41142,Eptesicus serotinus,0.011,0.024,-1,Echolocation,/mnt/ubna_data_02_mir/recover-20221013/UBNA_001/20221012_030000.WAV,Telephone Field,recover-20221013,001,1795
1608.8035,1608.8406,68437,81565,Rhinolophus ferrumequinum,0.02,0.02,-1,Echolocation,/mnt/ubna_data_02_mir/recover-20221013/UBNA_001/20221012_030000.WAV,Telephone Field,recover-20221013,001,1795
1608.8185,1608.8291,25468,32497,Eptesicus serotinus,0.011,0.026,-1,Echolocation,/mnt/ubna_data_02_mir/recover-20221013/UBNA_001/20221012_030000.WAV,Telephone Field,recover-20221013,001,1795
1608.8245,1608.8349,28046,35498,Eptesicus serotinus,0.011,0.025,-1,Echolocation,/mnt/ubna_data_02_mir/recover-20221013/UBNA_001/20221012_030000.WAV,Telephone Field,recover-20221013,001,1795
1608.8325,1608.8726,68437,82351,Rhinolophus ferrumequinum,0.022,0.022,-1,Echolocation,/mnt/ubna_data_02_mir/recover-20221013/UBNA_001/20221012_030000.WAV,Telephone Field,recover-20221013,001,1795
1608.8395,1608.8774,68437,82189,Rhinolophus ferrumequinum,0.021,0.021,-1,Echolocation,/mnt/ubna_data_02_mir/recover-20221013/UBNA_001/20221012_030000.WAV,Telephone Field,recover-20221013,001,1795
1608.8515,1608.888,68437,81411,Rhinolophus ferrumequinum,0.022,0.022,-1,Echolocation,/mnt/ubna_data_02_mir/recover-20221013/UBNA_001/20221012_030000.WAV,Telephone Field,recover-20221013,001,1795
1608.8805,1608.8914,24609,31345,Eptesicus serotinus,0.01,0.024,-1,Echolocation,/mnt/ubna_data_02_mir/recover-20221013/UBNA_001/20221012_030000.WAV,Telephone Field,recover-20221013,001,1795
1608.9235,1608.9316,29765,40358,Eptesicus serotinus,0.007,0.021,-1,Echolocation,/mnt/ubna_data_02_mir/recover-20221013/UBNA_001/20221012_030000.WAV,Telephone Field,recover-20221013,001,1795
1608.9395,1608.9816,68437,83205,Rhinolophus ferrumequinum,0.03,0.03,-1,Echolocation,/mnt/ubna_data_02_mir/recover-20221013/UBNA_001/20221012_030000.WAV,Telephone Field,recover-20221013,001,1795
1608.9565,1608.9649,28046,39277,Eptesicus serotinus,0.008,0.022,-1,Echolocation,/mnt/ubna_data_02_mir/recover-20221013/UBNA_001/20221012_030000.WAV,Telephone Field,recover-20221013,001,1795
1608.9895,1608.9981,25468,34325,Eptesicus serotinus,0.008,0.022,-1,Echolocation,/mnt/ubna_data_02_mir/recover-20221013/UBNA_001/20221012_030000.WAV,Telephone Field,recover-20221013,001,1795
1609.0035,1609.0133,22890,28904,Nyctalus leisleri,0.008,0.02,-1,Echolocation,/mnt/ubna_data_02_mir/recover-20221013/UBNA_001/20221012_030000.WAV,Telephone Field,recover-20221013,001,1795
1609.0195,1609.028,28046,39451,Eptesicus serotinus,0.009,0.023,-1,Echolocation,/mnt/ubna_data_02_mir/recover-20221013/UBNA_001/20221012_030000.WAV,Telephone Field,recover-20221013,001,1795
1609.0355,1609.0778,68437,83066,Rhinolophus ferrumequinum,0.024,0.024,-1,Echolocation,/mnt/ubna_data_02_mir/recover-20221013/UBNA_001/20221012_030000.WAV,Telephone Field,recover-20221013,001,1795
1609.0645,1609.0731,25468,32956,Eptesicus serotinus,0.007,0.022,-1,Echolocation,/mnt/ubna_data_02_mir/recover-20221013/UBNA_001/20221012_030000.WAV,Telephone Field,recover-20221013,001,1795
1609.1245,1609.1324,26328,38326,Eptesicus serotinus,0.007,0.022,-1,Echolocation,/mnt/ubna_data_02_mir/recover-20221013/UBNA_001/20221012_030000.WAV,Telephone Field,recover-20221013,001,1795
1609.1365,1609.1713,68437,81477,Rhinolophus ferrumequinum,0.02,0.02,-1,Echolocation,/mnt/ubna_data_02_mir/recover-20221013/UBNA_001/20221012_030000.WAV,Telephone Field,recover-20221013,001,1795
1609.1625,1609.2013,68437,82647,Rhinolophus ferrumequinum,0.023,0.023,-1,Echolocation,/mnt/ubna_data_02_mir/recover-20221013/UBNA_001/20221012_030000.WAV,Telephone Field,recover-20221013,001,1795
1609.1655,1609.1743,28906,40291,Eptesicus serotinus,0.01,0.023,-1,Echolocation,/mnt/ubna_data_02_mir/recover-20221013/UBNA_001/20221012_030000.WAV,Telephone Field,recover-20221013,001,1795
1609.2175,1609.257,68437,81865,Rhinolophus ferrumequinum,0.025,0.025,-1,Echolocation,/mnt/ubna_data_02_mir/recover-20221013/UBNA_001/20221012_030000.WAV,Telephone Field,recover-20221013,001,1795
1609.2275,1609.2371,33203,40578,Barbastellus barbastellus,0.008,0.028,-1,Echolocation,/mnt/ubna_data_02_mir/recover-20221013/UBNA_001/20221012_030000.WAV,Telephone Field,recover-20221013,001,1795
1609.3005,1609.3113,23750,28334,Nyctalus leisleri,0.013,0.028,-1,Echolocation,/mnt/ubna_data_02_mir/recover-20221013/UBNA_001/20221012_030000.WAV,Telephone Field,recover-20221013,001,1795
1609.3055,1609.3458,68437,82892,Rhinolophus ferrumequinum,0.028,0.028,-1,Echolocation,/mnt/ubna_data_02_mir/recover-20221013/UBNA_001/20221012_030000.WAV,Telephone Field,recover-20221013,001,1795
1609.3585,1609.3661,23750,33465,Plecotus austriacus,0.007,0.022,-1,Echolocation,/mnt/ubna_data_02_mir/recover-20221013/UBNA_001/20221012_030000.WAV,Telephone Field,recover-20221013,001,1795
1609.3755,1609.4139,68437,81174,Rhinolophus ferrumequinum,0.025,0.025,-1,Echolocation,/mnt/ubna_data_02_mir/recover-20221013/UBNA_001/20221012_030000.WAV,Telephone Field,recover-20221013,001,1795
1609.3915,1609.4011,28046,40943,Eptesicus serotinus,0.015,0.034,-1,Echolocation,/mnt/ubna_data_02_mir/recover-20221013/UBNA_001/20221012_030000.WAV,Telephone Field,recover-20221013,001,1795
1609.4085,1609.4473,68437,81527,Rhinolophus ferrumequinum,0.023,0.024,-1,Echolocation,/mnt/ubna_data_02_mir/recover-20221013/UBNA_001/20221012_030000.WAV,Telephone Field,recover-20221013,001,1795
1609.4335,1609.4721,68437,81960,Rhinolophus ferrumequinum,0.022,0.022,-1,Echolocation,/mnt/ubna_data_02_mir/recover-20221013/UBNA_001/20221012_030000.WAV,Telephone Field,recover-20221013,001,1795
1609.4665,1609.5059,68437,82369,Rhinolophus ferrumequinum,0.023,0.023,-1,Echolocation,/mnt/ubna_data_02_mir/recover-20221013/UBNA_001/20221012_030000.WAV,Telephone Field,recover-20221013,001,1795
1609.4705,1609.4791,27187,37117,Eptesicus serotinus,0.009,0.022,-1,Echolocation,/mnt/ubna_data_02_mir/recover-20221013/UBNA_001/20221012_030000.WAV,Telephone Field,recover-20221013,001,1795
1609.4735,1609.5119,68437,81950,Rhinolophus ferrumequinum,0.023,0.023,-1,Echolocation,/mnt/ubna_data_02_mir/recover-20221013/UBNA_001/20221012_030000.WAV,Telephone Field,recover-20221013,001,1795
1609.4835,1609.4926,25468,32617,Eptesicus serotinus,0.008,0.023,-1,Echolocation,/mnt/ubna_data_02_mir/recover-20221013/UBNA_001/20221012_030000.WAV,Telephone Field,recover-20221013,001,1795
1609.5065,1609.5143,28046,40952,Eptesicus serotinus,0.007,0.021,-1,Echolocation,/mnt/ubna_data_02_mir/recover-20221013/UBNA_001/20221012_030000.WAV,Telephone Field,recover-20221013,001,1795
1609.5165,1609.5362,19453,22252,Nyctalus leisleri,0.013,0.024,-1,Echolocation,/mnt/ubna_data_02_mir/recover-20221013/UBNA_001/20221012_030000.WAV,Telephone Field,recover-20221013,001,1795
1609.5595,1609.6018,68437,82802,Rhinolophus ferrumequinum,0.031,0.031,-1,Echolocation,/mnt/ubna_data_02_mir/recover-20221013/UBNA_001/20221012_030000.WAV,Telephone Field,recover-20221013,001,1795
1609.5835,1609.6256,68437,82785,Rhinolophus ferrumequinum,0.023,0.023,-1,Echolocation,/mnt/ubna_data_02_mir/recover-20221013/UBNA_001/20221012_030000.WAV,Telephone Field,recover-20221013,001,1795
1609.5875,1609.5986,22890,27730,Nyctalus leisleri,0.012,0.023,-1,Echolocation,/mnt/ubna_data_02_mir/recover-20221013/UBNA_001/20221012_030000.WAV,Telephone Field,recover-20221013,001,1795
1609.6115,1609.6229,28046,34792,Eptesicus serotinus,0.011,0.021,-1,Echolocation,/mnt/ubna_data_02_mir/recover-20221013/UBNA_001/20221012_030000.WAV,Telephone Field,recover-20221013,001,1795
1609.6255,1609.6622,68437,82108,Rhinolophus ferrumequinum,0.023,0.023,-1,Echolocation,/mnt/ubna_data_02_mir/recover-20221013/UBNA_001/20221012_030000.WAV,Telephone Field,recover-20221013,001,1795
1609.6395,1609.6799,68437,82320,Rhinolophus ferrumequinum,0.022,0.022,-1,Echolocation,/mnt/ubna_data_02_mir/recover-20221013/UBNA_001/20221012_030000.WAV,Telephone Field,recover-20221013,001,1795
1609.6415,1609.6501,26328,34918,Eptesicus serotinus,0.009,0.023,-1,Echolocation,/mnt/ubna_data_02_mir/recover-20221013/UBNA_001/20221012_030000.WAV,Telephone Field,recover-20221013,001,1795
1609.6445,1609.6585,38359,42237,Pipistrellus nathusii,0.014,0.022,-1,Echolocation,/mnt/ubna_data_02_mir/recover-20221013/UBNA_001/20221012_030000.WAV,Telephone Field,recover-20221013,001,1795
1609.6795,1609.6869,27187,41091,Eptesicus serotinus,0.007,0.021,-1,Echolocation,/mnt/ubna_data_02_mir/recover-20221013/UBNA_001/20221012_030000.WAV,Telephone Field,recover-20221013,001,1795
1609.6815,1609.6877,34062,42842,Myotis daubentonii,0.007,0.021,-1,Echolocation,/mnt/ubna_data_02_mir/recover-20221013/UBNA_001/20221012_030000.WAV,Telephone Field,recover-20221013,001,1795
1609.6895,1609.7308,68437,82467,Rhinolophus ferrumequinum,0.021,0.021,-1,Echolocation,/mnt/ubna_data_02_mir/recover-20221013/UBNA_001/20221012_030000.WAV,Telephone Field,recover-20221013,001,1795
1609.7075,1609.7484,68437,82601,Rhinolophus ferrumequinum,0.023,0.023,-1,Echolocation,/mnt/ubna_data_02_mir/recover-20221013/UBNA_001/20221012_030000.WAV,Telephone Field,recover-20221013,001,1795
1609.7705,1609.7803,28906,37011,Eptesicus serotinus,0.008,0.02,-1,Echolocation,/mnt/ubna_data_02_mir/recover-20221013/UBNA_001/20221012_030000.WAV,Telephone Field,recover-20221013,001,1795
1609.8205,1609.8592,68437,82504,Rhinolophus ferrumequinum,0.021,0.021,-1,Echolocation,/mnt/ubna_data_02_mir/recover-20221013/UBNA_001/20221012_030000.WAV,Telephone Field,recover-20221013,001,1795
1609.8465,1609.8865,68437,82733,Rhinolophus ferrumequinum,0.023,0.023,-1,Echolocation,/mnt/ubna_data_02_mir/recover-20221013/UBNA_001/20221012_030000.WAV,Telephone Field,recover-20221013,001,1795
1609.8755,1609.9116,68437,81527,Rhinolophus ferrumequinum,0.02,0.02,-1,Echolocation,/mnt/ubna_data_02_mir/recover-20221013/UBNA_001/20221012_030000.WAV,Telephone Field,recover-20221013,001,1795
1609.8975,1609.9364,68437,82239,Rhinolophus ferrumequinum,0.021,0.021,-1,Echolocation,/mnt/ubna_data_02_mir/recover-20221013/UBNA_001/20221012_030000.WAV,Telephone Field,recover-20221013,001,1795
1609.8995,1609.9098,28046,35963,Eptesicus serotinus,0.014,0.026,-1,Echolocation,/mnt/ubna_data_02_mir/recover-20221013/UBNA_001/20221012_030000.WAV,Telephone Field,recover-20221013,001,1795
1609.9465,1609.9866,68437,82015,Rhinolophus ferrumequinum,0.023,0.023,-1,Echolocation,/mnt/ubna_data_02_mir/recover-20221013/UBNA_001/20221012_030000.WAV,Telephone Field,recover-20221013,001,1795
1609.9535,1609.9736,22031,25549,Nyctalus leisleri,0.025,0.049,-1,Echolocation,/mnt/ubna_data_02_mir/recover-20221013/UBNA_001/20221012_030000.WAV,Telephone Field,recover-20221013,001,1795
1609.9695,1609.9785,24609,32626,Eptesicus serotinus,0.007,0.02,-1,Echolocation,/mnt/ubna_data_02_mir/recover-20221013/UBNA_001/20221012_030000.WAV,Telephone Field,recover-20221013,001,1795
1609.9875,1609.9964,25468,34291,Eptesicus serotinus,0.009,0.026,-1,Echolocation,/mnt/ubna_data_02_mir/recover-20221013/UBNA_001/20221012_030000.WAV,Telephone Field,recover-20221013,001,1795
1610.0015,1610.0322,68437,79211,Rhinolophus ferrumequinum,0.05,0.05,-1,Echolocation,/mnt/ubna_data_02_mir/recover-20221013/UBNA_001/20221012_030000.WAV,Telephone Field,recover-20221013,001,1795
1610.0015,1610.011,25468,32979,Nyctalus leisleri,0.011,0.034,-1,Echolocation,/mnt/ubna_data_02_mir/recover-20221013/UBNA_001/20221012_030000.WAV,Telephone Field,recover-20221013,001,1795
1610.0075,1610.0461,68437,81482,Rhinolophus ferrumequinum,0.029,0.029,-1,Echolocation,/mnt/ubna_data_02_mir/recover-20221013/UBNA_001/20221012_030000.WAV,Telephone Field,recover-20221013,001,1795
1610.0235,1610.0323,31484,43854,Myotis daubentonii,0.008,0.023,-1,Echolocation,/mnt/ubna_data_02_mir/recover-20221013/UBNA_001/20221012_030000.WAV,Telephone Field,recover-20221013,001,1795
1610.0485,1610.0947,68437,83454,Rhinolophus ferrumequinum,0.048,0.048,-1,Echolocation,/mnt/ubna_data_02_mir/recover-20221013/UBNA_001/20221012_030000.WAV,Telephone Field,recover-20221013,001,1795
1610.0835,1610.1189,68437,82179,Rhinolophus ferrumequinum,0.027,0.027,-1,Echolocation,/mnt/ubna_data_02_mir/recover-20221013/UBNA_001/20221012_030000.WAV,Telephone Field,recover-20221013,001,1795
1610.1115,1610.1516,68437,81798,Rhinolophus ferrumequinum,0.028,0.028,-1,Echolocation,/mnt/ubna_data_02_mir/recover-20221013/UBNA_001/20221012_030000.WAV,Telephone Field,recover-20221013,001,1795
1610.1605,1610.1712,24609,30381,Nyctalus leisleri,0.008,0.021,-1,Echolocation,/mnt/ubna_data_02_mir/recover-20221013/UBNA_001/20221012_030000.WAV,Telephone Field,recover-20221013,001,1795
1610.1795,1610.2202,68437,82616,Rhinolophus ferrumequinum,0.028,0.028,-1,Echolocation,/mnt/ubna_data_02_mir/recover-20221013/UBNA_001/20221012_030000.WAV,Telephone Field,recover-20221013,001,1795
1610.2025,1610.2091,28046,38466,Eptesicus serotinus,0.007,0.026,-1,Echolocation,/mnt/ubna_data_02_mir/recover-20221013/UBNA_001/20221012_030000.WAV,Telephone Field,recover-20221013,001,1795
1610.2295,1610.274,68437,83135,Rhinolophus ferrumequinum,0.051,0.051,-1,Echolocation,/mnt/ubna_data_02_mir/recover-20221013/UBNA_001/20221012_030000.WAV,Telephone Field,recover-20221013,001,1795
1610.2385,1610.2465,28906,37068,Eptesicus serotinus,0.007,0.022,-1,Echolocation,/mnt/ubna_data_02_mir/recover-20221013/UBNA_001/20221012_030000.WAV,Telephone Field,recover-20221013,001,1795
1610.2665,1610.3046,68437,81960,Rhinolophus ferrumequinum,0.022,0.022,-1,Echolocation,/mnt/ubna_data_02_mir/recover-20221013/UBNA_001/20221012_030000.WAV,Telephone Field,recover-20221013,001,1795
1610.3125,1610.3529,68437,82761,Rhinolophus ferrumequinum,0.024,0.024,-1,Echolocation,/mnt/ubna_data_02_mir/recover-20221013/UBNA_001/20221012_030000.WAV,Telephone Field,recover-20221013,001,1795
1610.3135,1610.3202,49531,54961,Pipistrellus pipistrellus,0.025,0.027,-1,Echolocation,/mnt/ubna_data_02_mir/recover-20221013/UBNA_001/20221012_030000.WAV,Telephone Field,recover-20221013,001,1795
1610.3415,1610.3839,68437,83095,Rhinolophus ferrumequinum,0.025,0.025,-1,Echolocation,/mnt/ubna_data_02_mir/recover-20221013/UBNA_001/20221012_030000.WAV,Telephone Field,recover-20221013,001,1795
1610.3705,1610.4083,68437,82175,Rhinolophus ferrumequinum,0.021,0.021,-1,Echolocation,/mnt/ubna_data_02_mir/recover-20221013/UBNA_001/20221012_030000.WAV,Telephone Field,recover-20221013,001,1795
1610.3925,1610.4031,43515,50406,Pipistrellus pipistrellus,0.021,0.029,-1,Echolocation,/mnt/ubna_data_02_mir/recover-20221013/UBNA_001/20221012_030000.WAV,Telephone Field,recover-20221013,001,1795
1610.3945,1610.4011,31484,44378,Myotis daubentonii,0.01,0.026,-1,Echolocation,/mnt/ubna_data_02_mir/recover-20221013/UBNA_001/20221012_030000.WAV,Telephone Field,recover-20221013,001,1795
1610.3945,1610.4344,68437,82357,Rhinolophus ferrumequinum,0.025,0.025,-1,Echolocation,/mnt/ubna_data_02_mir/recover-20221013/UBNA_001/20221012_030000.WAV,Telephone Field,recover-20221013,001,1795
1610.4055,1610.4442,68437,81836,Rhinolophus ferrumequinum,0.021,0.021,-1,Echolocation,/mnt/ubna_data_02_mir/recover-20221013/UBNA_001/20221012_030000.WAV,Telephone Field,recover-20221013,001,1795
1610.4295,1610.4687,68437,82502,Rhinolophus ferrumequinum,0.034,0.034,-1,Echolocation,/mnt/ubna_data_02_mir/recover-20221013/UBNA_001/20221012_030000.WAV,Telephone Field,recover-20221013,001,1795
1610.4355,1610.4427,28046,37023,Eptesicus serotinus,0.006,0.021,-1,Echolocation,/mnt/ubna_data_02_mir/recover-20221013/UBNA_001/20221012_030000.WAV,Telephone Field,recover-20221013,001,1795
1610.4465,1610.4836,68437,81766,Rhinolophus ferrumequinum,0.023,0.023,-1,Echolocation,/mnt/ubna_data_02_mir/recover-20221013/UBNA_001/20221012_030000.WAV,Telephone Field,recover-20221013,001,1795
1610.4625,1610.4994,68437,82379,Rhinolophus ferrumequinum,0.022,0.022,-1,Echolocation,/mnt/ubna_data_02_mir/recover-20221013/UBNA_001/20221012_030000.WAV,Telephone Field,recover-20221013,001,1795
1610.4655,1610.4755,28906,36039,Eptesicus serotinus,0.009,0.022,-1,Echolocation,/mnt/ubna_data_02_mir/recover-20221013/UBNA_001/20221012_030000.WAV,Telephone Field,recover-20221013,001,1795
1610.4765,1610.4867,22031,26889,Nyctalus leisleri,0.01,0.021,-1,Echolocation,/mnt/ubna_data_02_mir/recover-20221013/UBNA_001/20221012_030000.WAV,Telephone Field,recover-20221013,001,1795
1610.4845,1610.5287,68437,82698,Rhinolophus ferrumequinum,0.035,0.035,-1,Echolocation,/mnt/ubna_data_02_mir/recover-20221013/UBNA_001/20221012_030000.WAV,Telephone Field,recover-20221013,001,1795
1610.4995,1610.5066,28046,38007,Eptesicus serotinus,0.012,0.039,-1,Echolocation,/mnt/ubna_data_02_mir/recover-20221013/UBNA_001/20221012_030000.WAV,Telephone Field,recover-20221013,001,1795
1610.5235,1610.5641,68437,82996,Rhinolophus ferrumequinum,0.028,0.028,-1,Echolocation,/mnt/ubna_data_02_mir/recover-20221013/UBNA_001/20221012_030000.WAV,Telephone Field,recover-20221013,001,1795
1610.5395,1610.5753,68437,81633,Rhinolophus ferrumequinum,0.022,0.022,-1,Echolocation,/mnt/ubna_data_02_mir/recover-20221013/UBNA_001/20221012_030000.WAV,Telephone Field,recover-20221013,001,1795
1610.5635,1610.5963,68437,80642,Rhinolophus ferrumequinum,0.021,0.021,-1,Echolocation,/mnt/ubna_data_02_mir/recover-20221013/UBNA_001/20221012_030000.WAV,Telephone Field,recover-20221013,001,1795
1610.5965,1610.6356,68437,83344,Rhinolophus ferrumequinum,0.029,0.029,-1,Echolocation,/mnt/ubna_data_02_mir/recover-20221013/UBNA_001/20221012_030000.WAV,Telephone Field,recover-20221013,001,1795
1610.6145,1610.625,23750,29857,Nyctalus leisleri,0.009,0.022,-1,Echolocation,/mnt/ubna_data_02_mir/recover-20221013/UBNA_001/20221012_030000.WAV,Telephone Field,recover-20221013,001,1795
1610.6205,1610.6582,68437,81685,Rhinolophus ferrumequinum,0.022,0.022,-1,Echolocation,/mnt/ubna_data_02_mir/recover-20221013/UBNA_001/20221012_030000.WAV,Telephone Field,recover-20221013,001,1795
1610.6365,1610.646,35781,41868,Pipistrellus nathusii,0.013,0.028,-1,Echolocation,/mnt/ubna_data_02_mir/recover-20221013/UBNA_001/20221012_030000.WAV,Telephone Field,recover-20221013,001,1795
1610.6985,1610.7057,27187,39867,Eptesicus serotinus,0.006,0.021,-1,Echolocation,/mnt/ubna_data_02_mir/recover-20221013/UBNA_001/20221012_030000.WAV,Telephone Field,recover-20221013,001,1795
1610.7085,1610.7472,68437,81839,Rhinolophus ferrumequinum,0.021,0.022,-1,Echolocation,/mnt/ubna_data_02_mir/recover-20221013/UBNA_001/20221012_030000.WAV,Telephone Field,recover-20221013,001,1795
1610.7155,1610.7527,68437,82177,Rhinolophus ferrumequinum,0.026,0.026,-1,Echolocation,/mnt/ubna_data_02_mir/recover-20221013/UBNA_001/20221012_030000.WAV,Telephone Field,recover-20221013,001,1795
1610.7335,1610.7730999999999,68437,82555,Rhinolophus ferrumequinum,0.021,0.021,-1,Echolocation,/mnt/ubna_data_02_mir/recover-20221013/UBNA_001/20221012_030000.WAV,Telephone Field,recover-20221013,001,1795
1610.7635,1610.7716,22890,30911,Plecotus austriacus,0.01,0.023,-1,Echolocation,/mnt/ubna_data_02_mir/recover-20221013/UBNA_001/20221012_030000.WAV,Telephone Field,recover-20221013,001,1795
1610.7765,1610.8113,68437,81504,Rhinolophus ferrumequinum,0.023,0.023,-1,Echolocation,/mnt/ubna_data_02_mir/recover-20221013/UBNA_001/20221012_030000.WAV,Telephone Field,recover-20221013,001,1795
1610.7875,1610.797,23750,31158,Nyctalus leisleri,0.014,0.047,-1,Echolocation,/mnt/ubna_data_02_mir/recover-20221013/UBNA_001/20221012_030000.WAV,Telephone Field,recover-20221013,001,1795
1610.7895,1610.8267,68437,81349,Rhinolophus ferrumequinum,0.021,0.021,-1,Echolocation,/mnt/ubna_data_02_mir/recover-20221013/UBNA_001/20221012_030000.WAV,Telephone Field,recover-20221013,001,1795
1610.7985,1610.8354,68437,82024,Rhinolophus ferrumequinum,0.021,0.021,-1,Echolocation,/mnt/ubna_data_02_mir/recover-20221013/UBNA_001/20221012_030000.WAV,Telephone Field,recover-20221013,001,1795
1610.8115,1610.8502,68437,82157,Rhinolophus ferrumequinum,0.022,0.022,-1,Echolocation,/mnt/ubna_data_02_mir/recover-20221013/UBNA_001/20221012_030000.WAV,Telephone Field,recover-20221013,001,1795
1610.8175,1610.8281,22890,27070,Nyctalus leisleri,0.011,0.022,-1,Echolocation,/mnt/ubna_data_02_mir/recover-20221013/UBNA_001/20221012_030000.WAV,Telephone Field,recover-20221013,001,1795
1610.8225,1610.8612,68437,82164,Rhinolophus ferrumequinum,0.021,0.021,-1,Echolocation,/mnt/ubna_data_02_mir/recover-20221013/UBNA_001/20221012_030000.WAV,Telephone Field,recover-20221013,001,1795
1610.8295,1610.8709,68437,82471,Rhinolophus ferrumequinum,0.021,0.021,-1,Echolocation,/mnt/ubna_data_02_mir/recover-20221013/UBNA_001/20221012_030000.WAV,Telephone Field,recover-20221013,001,1795
1610.8325,1610.8529,16015,19263,Nyctalus noctula,0.035,0.052,-1,Echolocation,/mnt/ubna_data_02_mir/recover-20221013/UBNA_001/20221012_030000.WAV,Telephone Field,recover-20221013,001,1795
1610.8525,1610.8888,68437,82095,Rhinolophus ferrumequinum,0.023,0.023,-1,Echolocation,/mnt/ubna_data_02_mir/recover-20221013/UBNA_001/20221012_030000.WAV,Telephone Field,recover-20221013,001,1795
1610.8685,1610.9079,68437,82340,Rhinolophus ferrumequinum,0.021,0.021,-1,Echolocation,/mnt/ubna_data_02_mir/recover-20221013/UBNA_001/20221012_030000.WAV,Telephone Field,recover-20221013,001,1795
1610.8835,1610.9195,68437,81366,Rhinolophus ferrumequinum,0.025,0.025,-1,Echolocation,/mnt/ubna_data_02_mir/recover-20221013/UBNA_001/20221012_030000.WAV,Telephone Field,recover-20221013,001,1795
1610.8955,1610.9323,68437,81304,Rhinolophus ferrumequinum,0.023,0.023,-1,Echolocation,/mnt/ubna_data_02_mir/recover-20221013/UBNA_001/20221012_030000.WAV,Telephone Field,recover-20221013,001,1795
1610.9145,1610.9529,68437,82622,Rhinolophus ferrumequinum,0.023,0.023,-1,Echolocation,/mnt/ubna_data_02_mir/recover-20221013/UBNA_001/20221012_030000.WAV,Telephone Field,recover-20221013,001,1795
1610.9365,1610.9743,68437,82130,Rhinolophus ferrumequinum,0.021,0.021,-1,Echolocation,/mnt/ubna_data_02_mir/recover-20221013/UBNA_001/20221012_030000.WAV,Telephone Field,recover-20221013,001,1795
1610.9485,1610.99,68437,82921,Rhinolophus ferrumequinum,0.027,0.027,-1,Echolocation,/mnt/ubna_data_02_mir/recover-20221013/UBNA_001/20221012_030000.WAV,Telephone Field,recover-20221013,001,1795
1610.9815,1611.0169,68437,81196,Rhinolophus ferrumequinum,0.021,0.021,-1,Echolocation,/mnt/ubna_data_02_mir/recover-20221013/UBNA_001/20221012_030000.WAV,Telephone Field,recover-20221013,001,1795
1610.9955,1611.0337,68437,82194,Rhinolophus ferrumequinum,0.021,0.021,-1,Echolocation,/mnt/ubna_data_02_mir/recover-20221013/UBNA_001/20221012_030000.WAV,Telephone Field,recover-20221013,001,1795
1611.0095,1611.0471,68437,81915,Rhinolophus ferrumequinum,0.023,0.023,-1,Echolocation,/mnt/ubna_data_02_mir/recover-20221013/UBNA_001/20221012_030000.WAV,Telephone Field,recover-20221013,001,1795
1611.0145,1611.0533,68437,82291,Rhinolophus ferrumequinum,0.023,0.023,-1,Echolocation,/mnt/ubna_data_02_mir/recover-20221013/UBNA_001/20221012_030000.WAV,Telephone Field,recover-20221013,001,1795
1611.0355,1611.0456,28046,35354,Eptesicus serotinus,0.008,0.023,-1,Echolocation,/mnt/ubna_data_02_mir/recover-20221013/UBNA_001/20221012_030000.WAV,Telephone Field,recover-20221013,001,1795
1611.0425,1611.0534,22031,26101,Nyctalus leisleri,0.012,0.021,-1,Echolocation,/mnt/ubna_data_02_mir/recover-20221013/UBNA_001/20221012_030000.WAV,Telephone Field,recover-20221013,001,1795
1611.0615,1611.0684,24609,33769,Plecotus austriacus,0.01,0.024,-1,Echolocation,/mnt/ubna_data_02_mir/recover-20221013/UBNA_001/20221012_030000.WAV,Telephone Field,recover-20221013,001,1795
1611.0815,1611.1182,68437,81879,Rhinolophus ferrumequinum,0.023,0.023,-1,Echolocation,/mnt/ubna_data_02_mir/recover-20221013/UBNA_001/20221012_030000.WAV,Telephone Field,recover-20221013,001,1795
1611.1355,1611.172,68437,81695,Rhinolophus ferrumequinum,0.021,0.021,-1,Echolocation,/mnt/ubna_data_02_mir/recover-20221013/UBNA_001/20221012_030000.WAV,Telephone Field,recover-20221013,001,1795
1611.1745,1611.1845,22890,27644,Nyctalus leisleri,0.011,0.024,-1,Echolocation,/mnt/ubna_data_02_mir/recover-20221013/UBNA_001/20221012_030000.WAV,Telephone Field,recover-20221013,001,1795
1611.1845,1611.2223,68437,81962,Rhinolophus ferrumequinum,0.022,0.022,-1,Echolocation,/mnt/ubna_data_02_mir/recover-20221013/UBNA_001/20221012_030000.WAV,Telephone Field,recover-20221013,001,1795
1611.1995,1611.2374,68437,81786,Rhinolophus ferrumequinum,0.021,0.021,-1,Echolocation,/mnt/ubna_data_02_mir/recover-20221013/UBNA_001/20221012_030000.WAV,Telephone Field,recover-20221013,001,1795
1611.2125,1611.2468,68437,81625,Rhinolophus ferrumequinum,0.024,0.024,-1,Echolocation,/mnt/ubna_data_02_mir/recover-20221013/UBNA_001/20221012_030000.WAV,Telephone Field,recover-20221013,001,1795
1611.2265,1611.2366,14296,18320,Nyctalus noctula,0.029,0.056,-1,Echolocation,/mnt/ubna_data_02_mir/recover-20221013/UBNA_001/20221012_030000.WAV,Telephone Field,recover-20221013,001,1795
1611.2265,1611.2661,68437,81869,Rhinolophus ferrumequinum,0.025,0.025,-1,Echolocation,/mnt/ubna_data_02_mir/recover-20221013/UBNA_001/20221012_030000.WAV,Telephone Field,recover-20221013,001,1795
1611.2545,1611.2635,28046,35980,Eptesicus serotinus,0.009,0.022,-1,Echolocation,/mnt/ubna_data_02_mir/recover-20221013/UBNA_001/20221012_030000.WAV,Telephone Field,recover-20221013,001,1795
1611.2705,1611.3102,68437,82141,Rhinolophus ferrumequinum,0.022,0.022,-1,Echolocation,/mnt/ubna_data_02_mir/recover-20221013/UBNA_001/20221012_030000.WAV,Telephone Field,recover-20221013,001,1795
1611.2775,1611.2846,26328,39174,Myotis nattereri,0.005,0.021,-1,Echolocation,/mnt/ubna_data_02_mir/recover-20221013/UBNA_001/20221012_030000.WAV,Telephone Field,recover-20221013,001,1795
1611.2955,1611.327,68437,80161,Rhinolophus ferrumequinum,0.023,0.023,-1,Echolocation,/mnt/ubna_data_02_mir/recover-20221013/UBNA_001/20221012_030000.WAV,Telephone Field,recover-20221013,001,1795
1611.3185,1611.328,28046,36848,Eptesicus serotinus,0.008,0.022,-1,Echolocation,/mnt/ubna_data_02_mir/recover-20221013/UBNA_001/20221012_030000.WAV,Telephone Field,recover-20221013,001,1795
1611.3275,1611.3613,68437,81546,Rhinolophus ferrumequinum,0.023,0.023,-1,Echolocation,/mnt/ubna_data_02_mir/recover-20221013/UBNA_001/20221012_030000.WAV,Telephone Field,recover-20221013,001,1795
1611.3415,1611.3835,68437,83210,Rhinolophus ferrumequinum,0.034,0.034,-1,Echolocation,/mnt/ubna_data_02_mir/recover-20221013/UBNA_001/20221012_030000.WAV,Telephone Field,recover-20221013,001,1795
1611.3425,1611.3513,28046,37330,Eptesicus serotinus,0.007,0.021,-1,Echolocation,/mnt/ubna_data_02_mir/recover-20221013/UBNA_001/20221012_030000.WAV,Telephone Field,recover-20221013,001,1795
1611.3565,1611.395,68437,82268,Rhinolophus ferrumequinum,0.021,0.021,-1,Echolocation,/mnt/ubna_data_02_mir/recover-20221013/UBNA_001/20221012_030000.WAV,Telephone Field,recover-20221013,001,1795
1611.3775,1611.3847,24609,36470,Myotis nattereri,0.006,0.021,-1,Echolocation,/mnt/ubna_data_02_mir/recover-20221013/UBNA_001/20221012_030000.WAV,Telephone Field,recover-20221013,001,1795
1611.3915,1611.3992,27187,38168,Eptesicus serotinus,0.007,0.022,-1,Echolocation,/mnt/ubna_data_02_mir/recover-20221013/UBNA_001/20221012_030000.WAV,Telephone Field,recover-20221013,001,1795
1611.4065,1611.4302,18593,21314,Nyctalus noctula,0.046,0.071,-1,Echolocation,/mnt/ubna_data_02_mir/recover-20221013/UBNA_001/20221012_030000.WAV,Telephone Field,recover-20221013,001,1795
1611.4455,1611.4871,68437,82898,Rhinolophus ferrumequinum,0.059,0.059,-1,Echolocation,/mnt/ubna_data_02_mir/recover-20221013/UBNA_001/20221012_030000.WAV,Telephone Field,recover-20221013,001,1795
1611.4705,1611.5096,68437,82613,Rhinolophus ferrumequinum,0.022,0.022,-1,Echolocation,/mnt/ubna_data_02_mir/recover-20221013/UBNA_001/20221012_030000.WAV,Telephone Field,recover-20221013,001,1795
1611.5135,1611.5499,68437,82055,Rhinolophus ferrumequinum,0.028,0.028,-1,Echolocation,/mnt/ubna_data_02_mir/recover-20221013/UBNA_001/20221012_030000.WAV,Telephone Field,recover-20221013,001,1795
1611.5155,1611.5247,28046,37348,Eptesicus serotinus,0.008,0.021,-1,Echolocation,/mnt/ubna_data_02_mir/recover-20221013/UBNA_001/20221012_030000.WAV,Telephone Field,recover-20221013,001,1795
1611.5365,1611.5753,68437,82176,Rhinolophus ferrumequinum,0.024,0.024,-1,Echolocation,/mnt/ubna_data_02_mir/recover-20221013/UBNA_001/20221012_030000.WAV,Telephone Field,recover-20221013,001,1795
1611.5435,1611.5808,68437,81932,Rhinolophus ferrumequinum,0.025,0.025,-1,Echolocation,/mnt/ubna_data_02_mir/recover-20221013/UBNA_001/20221012_030000.WAV,Telephone Field,recover-20221013,001,1795
1611.5515,1611.5869,68437,81067,Rhinolophus ferrumequinum,0.022,0.022,-1,Echolocation,/mnt/ubna_data_02_mir/recover-20221013/UBNA_001/20221012_030000.WAV,Telephone Field,recover-20221013,001,1795
1611.5515,1611.5624,22031,26348,Nyctalus leisleri,0.013,0.024,-1,Echolocation,/mnt/ubna_data_02_mir/recover-20221013/UBNA_001/20221012_030000.WAV,Telephone Field,recover-20221013,001,1795
1611.5545,1611.5622,28046,38951,Eptesicus serotinus,0.007,0.021,-1,Echolocation,/mnt/ubna_data_02_mir/recover-20221013/UBNA_001/20221012_030000.WAV,Telephone Field,recover-20221013,001,1795
1611.5855,1611.624,68437,81994,Rhinolophus ferrumequinum,0.022,0.022,-1,Echolocation,/mnt/ubna_data_02_mir/recover-20221013/UBNA_001/20221012_030000.WAV,Telephone Field,recover-20221013,001,1795
1611.5905,1611.5984,28046,38039,Eptesicus serotinus,0.009,0.024,-1,Echolocation,/mnt/ubna_data_02_mir/recover-20221013/UBNA_001/20221012_030000.WAV,Telephone Field,recover-20221013,001,1795
1611.5995,1611.6189,21171,24016,Nyctalus leisleri,0.018,0.029,-1,Echolocation,/mnt/ubna_data_02_mir/recover-20221013/UBNA_001/20221012_030000.WAV,Telephone Field,recover-20221013,001,1795
1611.6385,1611.6788999999999,68437,82354,Rhinolophus ferrumequinum,0.034,0.034,-1,Echolocation,/mnt/ubna_data_02_mir/recover-20221013/UBNA_001/20221012_030000.WAV,Telephone Field,recover-20221013,001,1795
1611.6905,1611.7274,68437,82215,Rhinolophus ferrumequinum,0.022,0.022,-1,Echolocation,/mnt/ubna_data_02_mir/recover-20221013/UBNA_001/20221012_030000.WAV,Telephone Field,recover-20221013,001,1795
1611.7105,1611.7484,68437,81329,Rhinolophus ferrumequinum,0.021,0.021,-1,Echolocation,/mnt/ubna_data_02_mir/recover-20221013/UBNA_001/20221012_030000.WAV,Telephone Field,recover-20221013,001,1795
1611.7175,1611.728,22890,28816,Nyctalus leisleri,0.011,0.026,-1,Echolocation,/mnt/ubna_data_02_mir/recover-20221013/UBNA_001/20221012_030000.WAV,Telephone Field,recover-20221013,001,1795
1611.7485,1611.79,68437,82727,Rhinolophus ferrumequinum,0.042,0.042,-1,Echolocation,/mnt/ubna_data_02_mir/recover-20221013/UBNA_001/20221012_030000.WAV,Telephone Field,recover-20221013,001,1795
1611.7915,1611.7989,28046,41241,Eptesicus serotinus,0.006,0.021,-1,Echolocation,/mnt/ubna_data_02_mir/recover-20221013/UBNA_001/20221012_030000.WAV,Telephone Field,recover-20221013,001,1795
1611.8005,1611.8349,68437,81362,Rhinolophus ferrumequinum,0.025,0.025,-1,Echolocation,/mnt/ubna_data_02_mir/recover-20221013/UBNA_001/20221012_030000.WAV,Telephone Field,recover-20221013,001,1795
1611.8075,1611.8455,68437,81951,Rhinolophus ferrumequinum,0.021,0.021,-1,Echolocation,/mnt/ubna_data_02_mir/recover-20221013/UBNA_001/20221012_030000.WAV,Telephone Field,recover-20221013,001,1795
1611.8315,1611.8767,68437,83250,Rhinolophus ferrumequinum,0.027,0.027,-1,Echolocation,/mnt/ubna_data_02_mir/recover-20221013/UBNA_001/20221012_030000.WAV,Telephone Field,recover-20221013,001,1795
1611.8665,1611.9073,68437,83162,Rhinolophus ferrumequinum,0.043,0.043,-1,Echolocation,/mnt/ubna_data_02_mir/recover-20221013/UBNA_001/20221012_030000.WAV,Telephone Field,recover-20221013,001,1795
1611.8765,1611.9141,68437,82367,Rhinolophus ferrumequinum,0.026,0.026,-1,Echolocation,/mnt/ubna_data_02_mir/recover-20221013/UBNA_001/20221012_030000.WAV,Telephone Field,recover-20221013,001,1795
1611.8835,1611.9241,68437,82320,Rhinolophus ferrumequinum,0.023,0.023,-1,Echolocation,/mnt/ubna_data_02_mir/recover-20221013/UBNA_001/20221012_030000.WAV,Telephone Field,recover-20221013,001,1795
1611.9095,1611.919,51250,56088,Pipistrellus pipistrellus,0.018,0.028,-1,Echolocation,/mnt/ubna_data_02_mir/recover-20221013/UBNA_001/20221012_030000.WAV,Telephone Field,recover-20221013,001,1795
1611.9125,1611.9201,26328,37608,Eptesicus serotinus,0.007,0.027,-1,Echolocation,/mnt/ubna_data_02_mir/recover-20221013/UBNA_001/20221012_030000.WAV,Telephone Field,recover-20221013,001,1795
1611.9195,1611.9568,68437,82446,Rhinolophus ferrumequinum,0.027,0.027,-1,Echolocation,/mnt/ubna_data_02_mir/recover-20221013/UBNA_001/20221012_030000.WAV,Telephone Field,recover-20221013,001,1795
1611.9825,1611.9907,27187,36353,Eptesicus serotinus,0.007,0.021,-1,Echolocation,/mnt/ubna_data_02_mir/recover-20221013/UBNA_001/20221012_030000.WAV,Telephone Field,recover-20221013,001,1795
1612.0015,1612.0353,69296,81173,Rhinolophus ferrumequinum,0.027,0.027,-1,Echolocation,/mnt/ubna_data_02_mir/recover-20221013/UBNA_001/20221012_030000.WAV,Telephone Field,recover-20221013,001,1795
1612.0015,1612.0091,26328,36268,Eptesicus serotinus,0.012,0.039,-1,Echolocation,/mnt/ubna_data_02_mir/recover-20221013/UBNA_001/20221012_030000.WAV,Telephone Field,recover-20221013,001,1795
1612.0015,1612.007,46093,50679,Pipistrellus pipistrellus,0.017,0.021,-1,Echolocation,/mnt/ubna_data_02_mir/recover-20221013/UBNA_001/20221012_030000.WAV,Telephone Field,recover-20221013,001,1795
1612.0565,1612.0982,68437,82600,Rhinolophus ferrumequinum,0.024,0.024,-1,Echolocation,/mnt/ubna_data_02_mir/recover-20221013/UBNA_001/20221012_030000.WAV,Telephone Field,recover-20221013,001,1795
1612.0785,1612.1183,68437,82179,Rhinolophus ferrumequinum,0.027,0.027,-1,Echolocation,/mnt/ubna_data_02_mir/recover-20221013/UBNA_001/20221012_030000.WAV,Telephone Field,recover-20221013,001,1795
1612.0955,1612.1364,68437,82627,Rhinolophus ferrumequinum,0.022,0.022,-1,Echolocation,/mnt/ubna_data_02_mir/recover-20221013/UBNA_001/20221012_030000.WAV,Telephone Field,recover-20221013,001,1795
1612.1095,1612.1469,68437,82243,Rhinolophus ferrumequinum,0.024,0.024,-1,Echolocation,/mnt/ubna_data_02_mir/recover-20221013/UBNA_001/20221012_030000.WAV,Telephone Field,recover-20221013,001,1795
1612.1485,1612.1556,57265,62450,Pipistrellus pygmaeus,0.027,0.028,-1,Echolocation,/mnt/ubna_data_02_mir/recover-20221013/UBNA_001/20221012_030000.WAV,Telephone Field,recover-20221013,001,1795
1612.1625,1612.1707,23750,31459,Plecotus austriacus,0.01,0.025,-1,Echolocation,/mnt/ubna_data_02_mir/recover-20221013/UBNA_001/20221012_030000.WAV,Telephone Field,recover-20221013,001,1795
1612.2055,1612.2164,29765,37710,Eptesicus serotinus,0.011,0.025,-1,Echolocation,/mnt/ubna_data_02_mir/recover-20221013/UBNA_001/20221012_030000.WAV,Telephone Field,recover-20221013,001,1795
1612.2185,1612.2532,68437,81131,Rhinolophus ferrumequinum,0.022,0.022,-1,Echolocation,/mnt/ubna_data_02_mir/recover-20221013/UBNA_001/20221012_030000.WAV,Telephone Field,recover-20221013,001,1795
1612.2635,1612.3032,68437,82467,Rhinolophus ferrumequinum,0.021,0.021,-1,Echolocation,/mnt/ubna_data_02_mir/recover-20221013/UBNA_001/20221012_030000.WAV,Telephone Field,recover-20221013,001,1795
1612.2835,1612.3238,68437,82096,Rhinolophus ferrumequinum,0.024,0.024,-1,Echolocation,/mnt/ubna_data_02_mir/recover-20221013/UBNA_001/20221012_030000.WAV,Telephone Field,recover-20221013,001,1795
1612.3375,1612.3762,68437,82321,Rhinolophus ferrumequinum,0.024,0.024,-1,Echolocation,/mnt/ubna_data_02_mir/recover-20221013/UBNA_001/20221012_030000.WAV,Telephone Field,recover-20221013,001,1795
1612.3575,1612.3645,43515,48085,Pipistrellus pipistrellus,0.019,0.023,-1,Echolocation,/mnt/ubna_data_02_mir/recover-20221013/UBNA_001/20221012_030000.WAV,Telephone Field,recover-20221013,001,1795
1612.3665,1612.4047,68437,81959,Rhinolophus ferrumequinum,0.021,0.022,-1,Echolocation,/mnt/ubna_data_02_mir/recover-20221013/UBNA_001/20221012_030000.WAV,Telephone Field,recover-20221013,001,1795
1612.3995,1612.4365,68437,81672,Rhinolophus ferrumequinum,0.024,0.024,-1,Echolocation,/mnt/ubna_data_02_mir/recover-20221013/UBNA_001/20221012_030000.WAV,Telephone Field,recover-20221013,001,1795
1612.3995,1612.412,30625,35404,Eptesicus serotinus,0.018,0.04,-1,Echolocation,/mnt/ubna_data_02_mir/recover-20221013/UBNA_001/20221012_030000.WAV,Telephone Field,recover-20221013,001,1795
1612.4225,1612.4608,68437,82296,Rhinolophus ferrumequinum,0.022,0.022,-1,Echolocation,/mnt/ubna_data_02_mir/recover-20221013/UBNA_001/20221012_030000.WAV,Telephone Field,recover-20221013,001,1795
1612.4235,1612.4339,23750,29516,Nyctalus leisleri,0.009,0.021,-1,Echolocation,/mnt/ubna_data_02_mir/recover-20221013/UBNA_001/20221012_030000.WAV,Telephone Field,recover-20221013,001,1795
1612.4495,1612.4921,68437,82779,Rhinolophus ferrumequinum,0.029,0.029,-1,Echolocation,/mnt/ubna_data_02_mir/recover-20221013/UBNA_001/20221012_030000.WAV,Telephone Field,recover-20221013,001,1795
1612.4515,1612.4613,28046,35967,Eptesicus serotinus,0.012,0.027,-1,Echolocation,/mnt/ubna_data_02_mir/recover-20221013/UBNA_001/20221012_030000.WAV,Telephone Field,recover-20221013,001,1795
1612.4825,1612.518,68437,81627,Rhinolophus ferrumequinum,0.021,0.021,-1,Echolocation,/mnt/ubna_data_02_mir/recover-20221013/UBNA_001/20221012_030000.WAV,Telephone Field,recover-20221013,001,1795
1612.5005,1612.5369,68437,81102,Rhinolophus ferrumequinum,0.03,0.03,-1,Echolocation,/mnt/ubna_data_02_mir/recover-20221013/UBNA_001/20221012_030000.WAV,Telephone Field,recover-20221013,001,1795
1612.5715,1612.5797,28046,40695,Eptesicus serotinus,0.008,0.023,-1,Echolocation,/mnt/ubna_data_02_mir/recover-20221013/UBNA_001/20221012_030000.WAV,Telephone Field,recover-20221013,001,1795
1612.6155,1612.6521,68437,81705,Rhinolophus ferrumequinum,0.022,0.022,-1,Echolocation,/mnt/ubna_data_02_mir/recover-20221013/UBNA_001/20221012_030000.WAV,Telephone Field,recover-20221013,001,1795
1612.6245,1612.6675,68437,82916,Rhinolophus ferrumequinum,0.025,0.025,-1,Echolocation,/mnt/ubna_data_02_mir/recover-20221013/UBNA_001/20221012_030000.WAV,Telephone Field,recover-20221013,001,1795
1612.6285,1612.6388,22890,28726,Nyctalus leisleri,0.009,0.022,-1,Echolocation,/mnt/ubna_data_02_mir/recover-20221013/UBNA_001/20221012_030000.WAV,Telephone Field,recover-20221013,001,1795
1612.6635,1612.6975,68437,81223,Rhinolophus ferrumequinum,0.021,0.021,-1,Echolocation,/mnt/ubna_data_02_mir/recover-20221013/UBNA_001/20221012_030000.WAV,Telephone Field,recover-20221013,001,1795
1612.6865,1612.7294,68437,83456,Rhinolophus ferrumequinum,0.03,0.03,-1,Echolocation,/mnt/ubna_data_02_mir/recover-20221013/UBNA_001/20221012_030000.WAV,Telephone Field,recover-20221013,001,1795
1612.6965,1612.7367,68437,82785,Rhinolophus ferrumequinum,0.022,0.022,-1,Echolocation,/mnt/ubna_data_02_mir/recover-20221013/UBNA_001/20221012_030000.WAV,Telephone Field,recover-20221013,001,1795
1612.7345,1612.7408,28906,41116,Eptesicus serotinus,0.006,0.024,-1,Echolocation,/mnt/ubna_data_02_mir/recover-20221013/UBNA_001/20221012_030000.WAV,Telephone Field,recover-20221013,001,1795
1612.7355,1612.7735,68437,82440,Rhinolophus ferrumequinum,0.029,0.029,-1,Echolocation,/mnt/ubna_data_02_mir/recover-20221013/UBNA_001/20221012_030000.WAV,Telephone Field,recover-20221013,001,1795
1612.7425,1612.7798,68437,82042,Rhinolophus ferrumequinum,0.023,0.023,-1,Echolocation,/mnt/ubna_data_02_mir/recover-20221013/UBNA_001/20221012_030000.WAV,Telephone Field,recover-20221013,001,1795
1612.7475,1612.7582,26328,32966,Eptesicus serotinus,0.013,0.028,-1,Echolocation,/mnt/ubna_data_02_mir/recover-20221013/UBNA_001/20221012_030000.WAV,Telephone Field,recover-20221013,001,1795
1612.7635,1612.8019,68437,81257,Rhinolophus ferrumequinum,0.026,0.026,-1,Echolocation,/mnt/ubna_data_02_mir/recover-20221013/UBNA_001/20221012_030000.WAV,Telephone Field,recover-20221013,001,1795
1612.7895,1612.833,68437,83625,Rhinolophus ferrumequinum,0.035,0.035,-1,Echolocation,/mnt/ubna_data_02_mir/recover-20221013/UBNA_001/20221012_030000.WAV,Telephone Field,recover-20221013,001,1795
1612.8195,1612.8554,68437,81388,Rhinolophus ferrumequinum,0.021,0.021,-1,Echolocation,/mnt/ubna_data_02_mir/recover-20221013/UBNA_001/20221012_030000.WAV,Telephone Field,recover-20221013,001,1795
1612.8355,1612.8745,68437,82291,Rhinolophus ferrumequinum,0.023,0.023,-1,Echolocation,/mnt/ubna_data_02_mir/recover-20221013/UBNA_001/20221012_030000.WAV,Telephone Field,recover-20221013,001,1795
1612.8575,1612.897,68437,81775,Rhinolophus ferrumequinum,0.022,0.022,-1,Echolocation,/mnt/ubna_data_02_mir/recover-20221013/UBNA_001/20221012_030000.WAV,Telephone Field,recover-20221013,001,1795
1612.8925,1612.9345,68437,82743,Rhinolophus ferrumequinum,0.023,0.023,-1,Echolocation,/mnt/ubna_data_02_mir/recover-20221013/UBNA_001/20221012_030000.WAV,Telephone Field,recover-20221013,001,1795
1612.9135,1612.95,68437,81022,Rhinolophus ferrumequinum,0.021,0.021,-1,Echolocation,/mnt/ubna_data_02_mir/recover-20221013/UBNA_001/20221012_030000.WAV,Telephone Field,recover-20221013,001,1795
1612.9505,1612.9916,68437,82462,Rhinolophus ferrumequinum,0.025,0.025,-1,Echolocation,/mnt/ubna_data_02_mir/recover-20221013/UBNA_001/20221012_030000.WAV,Telephone Field,recover-20221013,001,1795
1612.9695,1612.977,25468,34152,Eptesicus serotinus,0.006,0.021,-1,Echolocation,/mnt/ubna_data_02_mir/recover-20221013/UBNA_001/20221012_030000.WAV,Telephone Field,recover-20221013,001,1795
1612.9915,1613.0021,49531,53342,Pipistrellus pipistrellus,0.027,0.032,-1,Echolocation,/mnt/ubna_data_02_mir/recover-20221013/UBNA_001/20221012_030000.WAV,Telephone Field,recover-20221013,001,1795
1612.9935,1613.0047,23750,28400,Nyctalus leisleri,0.023,0.041,-1,Echolocation,/mnt/ubna_data_02_mir/recover-20221013/UBNA_001/20221012_030000.WAV,Telephone Field,recover-20221013,001,1795
1613.0135,1613.0523,68437,81797,Rhinolophus ferrumequinum,0.024,0.024,-1,Echolocation,/mnt/ubna_data_02_mir/recover-20221013/UBNA_001/20221012_030000.WAV,Telephone Field,recover-20221013,001,1795
1613.0165,1613.0268,48671,51928,Pipistrellus pipistrellus,0.02,0.024,-1,Echolocation,/mnt/ubna_data_02_mir/recover-20221013/UBNA_001/20221012_030000.WAV,Telephone Field,recover-20221013,001,1795
1613.0365,1613.0747,68437,82423,Rhinolophus ferrumequinum,0.028,0.028,-1,Echolocation,/mnt/ubna_data_02_mir/recover-20221013/UBNA_001/20221012_030000.WAV,Telephone Field,recover-20221013,001,1795
1613.0485,1613.0565,28046,39201,Eptesicus serotinus,0.01,0.024,-1,Echolocation,/mnt/ubna_data_02_mir/recover-20221013/UBNA_001/20221012_030000.WAV,Telephone Field,recover-20221013,001,1795
1613.0615,1613.0721,22031,26934,Nyctalus leisleri,0.01,0.023,-1,Echolocation,/mnt/ubna_data_02_mir/recover-20221013/UBNA_001/20221012_030000.WAV,Telephone Field,recover-20221013,001,1795
1613.0755,1613.0824,24609,34241,Plecotus austriacus,0.01,0.026,-1,Echolocation,/mnt/ubna_data_02_mir/recover-20221013/UBNA_001/20221012_030000.WAV,Telephone Field,recover-20221013,001,1795
1613.1005,1613.1099,26328,34391,Eptesicus serotinus,0.011,0.024,-1,Echolocation,/mnt/ubna_data_02_mir/recover-20221013/UBNA_001/20221012_030000.WAV,Telephone Field,recover-20221013,001,1795
1613.1125,1613.1512,68437,82686,Rhinolophus ferrumequinum,0.022,0.022,-1,Echolocation,/mnt/ubna_data_02_mir/recover-20221013/UBNA_001/20221012_030000.WAV,Telephone Field,recover-20221013,001,1795
1613.1385,1613.1775,68437,82183,Rhinolophus ferrumequinum,0.024,0.024,-1,Echolocation,/mnt/ubna_data_02_mir/recover-20221013/UBNA_001/20221012_030000.WAV,Telephone Field,recover-20221013,001,1795
1613.1385,1613.1499,35781,40627,Pipistrellus nathusii,0.017,0.057,-1,Echolocation,/mnt/ubna_data_02_mir/recover-20221013/UBNA_001/20221012_030000.WAV,Telephone Field,recover-20221013,001,1795
1613.1885,1613.2333,68437,83457,Rhinolophus ferrumequinum,0.064,0.064,-1,Echolocation,/mnt/ubna_data_02_mir/recover-20221013/UBNA_001/20221012_030000.WAV,Telephone Field,recover-20221013,001,1795
1613.2205,1613.258,68437,81950,Rhinolophus ferrumequinum,0.022,0.022,-1,Echolocation,/mnt/ubna_data_02_mir/recover-20221013/UBNA_001/20221012_030000.WAV,Telephone Field,recover-20221013,001,1795
1613.2475,1613.2867,68437,82199,Rhinolophus ferrumequinum,0.022,0.022,-1,Echolocation,/mnt/ubna_data_02_mir/recover-20221013/UBNA_001/20221012_030000.WAV,Telephone Field,recover-20221013,001,1795
1613.2705,1613.3091,68437,81921,Rhinolophus ferrumequinum,0.024,0.024,-1,Echolocation,/mnt/ubna_data_02_mir/recover-20221013/UBNA_001/20221012_030000.WAV,Telephone Field,recover-20221013,001,1795
1613.2955,1613.3335,68437,81831,Rhinolophus ferrumequinum,0.022,0.022,-1,Echolocation,/mnt/ubna_data_02_mir/recover-20221013/UBNA_001/20221012_030000.WAV,Telephone Field,recover-20221013,001,1795
1613.3715,1613.4106,68437,82821,Rhinolophus ferrumequinum,0.036,0.036,-1,Echolocation,/mnt/ubna_data_02_mir/recover-20221013/UBNA_001/20221012_030000.WAV,Telephone Field,recover-20221013,001,1795
1613.4235,1613.4598,68437,81607,Rhinolophus ferrumequinum,0.022,0.022,-1,Echolocation,/mnt/ubna_data_02_mir/recover-20221013/UBNA_001/20221012_030000.WAV,Telephone Field,recover-20221013,001,1795
1613.4485,1613.4599,23750,29715,Nyctalus leisleri,0.01,0.023,-1,Echolocation,/mnt/ubna_data_02_mir/recover-20221013/UBNA_001/20221012_030000.WAV,Telephone Field,recover-20221013,001,1795
1613.4635,1613.5024,68437,81784,Rhinolophus ferrumequinum,0.021,0.021,-1,Echolocation,/mnt/ubna_data_02_mir/recover-20221013/UBNA_001/20221012_030000.WAV,Telephone Field,recover-20221013,001,1795
1613.4805,1613.4876,28046,39800,Eptesicus serotinus,0.007,0.024,-1,Echolocation,/mnt/ubna_data_02_mir/recover-20221013/UBNA_001/20221012_030000.WAV,Telephone Field,recover-20221013,001,1795
1613.4905,1613.5308,68437,82344,Rhinolophus ferrumequinum,0.024,0.024,-1,Echolocation,/mnt/ubna_data_02_mir/recover-20221013/UBNA_001/20221012_030000.WAV,Telephone Field,recover-20221013,001,1795
1613.5345,1613.5733,68437,81702,Rhinolophus ferrumequinum,0.023,0.023,-1,Echolocation,/mnt/ubna_data_02_mir/recover-20221013/UBNA_001/20221012_030000.WAV,Telephone Field,recover-20221013,001,1795
1613.5425,1613.5493,28046,40322,Eptesicus serotinus,0.006,0.022,-1,Echolocation,/mnt/ubna_data_02_mir/recover-20221013/UBNA_001/20221012_030000.WAV,Telephone Field,recover-20221013,001,1795
1613.5545,1613.5924,68437,82177,Rhinolophus ferrumequinum,0.024,0.024,-1,Echolocation,/mnt/ubna_data_02_mir/recover-20221013/UBNA_001/20221012_030000.WAV,Telephone Field,recover-20221013,001,1795
1613.5635,1613.5711000000001,22890,30935,Plecotus austriacus,0.01,0.022,-1,Echolocation,/mnt/ubna_data_02_mir/recover-20221013/UBNA_001/20221012_030000.WAV,Telephone Field,recover-20221013,001,1795
1613.5765,1613.6197,68437,82835,Rhinolophus ferrumequinum,0.06,0.06,-1,Echolocation,/mnt/ubna_data_02_mir/recover-20221013/UBNA_001/20221012_030000.WAV,Telephone Field,recover-20221013,001,1795
1613.5765,1613.585,46093,55399,Pipistrellus pipistrellus,0.02,0.024,-1,Echolocation,/mnt/ubna_data_02_mir/recover-20221013/UBNA_001/20221012_030000.WAV,Telephone Field,recover-20221013,001,1795
1613.6025,1613.6417,68437,82618,Rhinolophus ferrumequinum,0.023,0.023,-1,Echolocation,/mnt/ubna_data_02_mir/recover-20221013/UBNA_001/20221012_030000.WAV,Telephone Field,recover-20221013,001,1795
1613.6055,1613.6126,23750,32448,Plecotus austriacus,0.013,0.03,-1,Echolocation,/mnt/ubna_data_02_mir/recover-20221013/UBNA_001/20221012_030000.WAV,Telephone Field,recover-20221013,001,1795
1613.6235,1613.6618,68437,81705,Rhinolophus ferrumequinum,0.021,0.021,-1,Echolocation,/mnt/ubna_data_02_mir/recover-20221013/UBNA_001/20221012_030000.WAV,Telephone Field,recover-20221013,001,1795
1613.6455,1613.6844,68437,82645,Rhinolophus ferrumequinum,0.023,0.023,-1,Echolocation,/mnt/ubna_data_02_mir/recover-20221013/UBNA_001/20221012_030000.WAV,Telephone Field,recover-20221013,001,1795
1613.6545,1613.6665,22890,27210,Nyctalus leisleri,0.013,0.024,-1,Echolocation,/mnt/ubna_data_02_mir/recover-20221013/UBNA_001/20221012_030000.WAV,Telephone Field,recover-20221013,001,1795
1613.6785,1613.7145,68437,81577,Rhinolophus ferrumequinum,0.023,0.023,-1,Echolocation,/mnt/ubna_data_02_mir/recover-20221013/UBNA_001/20221012_030000.WAV,Telephone Field,recover-20221013,001,1795
1613.7095,1613.7473,68437,82149,Rhinolophus ferrumequinum,0.022,0.022,-1,Echolocation,/mnt/ubna_data_02_mir/recover-20221013/UBNA_001/20221012_030000.WAV,Telephone Field,recover-20221013,001,1795
1613.7435,1613.7517,49531,55593,Pipistrellus pipistrellus,0.02,0.023,-1,Echolocation,/mnt/ubna_data_02_mir/recover-20221013/UBNA_001/20221012_030000.WAV,Telephone Field,recover-20221013,001,1795
1613.7765,1613.8164,68437,82107,Rhinolophus ferrumequinum,0.022,0.022,-1,Echolocation,/mnt/ubna_data_02_mir/recover-20221013/UBNA_001/20221012_030000.WAV,Telephone Field,recover-20221013,001,1795
1613.7895,1613.8298,68437,82480,Rhinolophus ferrumequinum,0.021,0.021,-1,Echolocation,/mnt/ubna_data_02_mir/recover-20221013/UBNA_001/20221012_030000.WAV,Telephone Field,recover-20221013,001,1795
1613.7955,1613.8349,68437,82328,Rhinolophus ferrumequinum,0.021,0.022,-1,Echolocation,/mnt/ubna_data_02_mir/recover-20221013/UBNA_001/20221012_030000.WAV,Telephone Field,recover-20221013,001,1795
1613.8025,1613.8405,68437,81911,Rhinolophus ferrumequinum,0.022,0.022,-1,Echolocation,/mnt/ubna_data_02_mir/recover-20221013/UBNA_001/20221012_030000.WAV,Telephone Field,recover-20221013,001,1795
1613.8025,1613.8095,24609,33950,Plecotus austriacus,0.01,0.025,-1,Echolocation,/mnt/ubna_data_02_mir/recover-20221013/UBNA_001/20221012_030000.WAV,Telephone Field,recover-20221013,001,1795
1613.8135,1613.8518,68437,81940,Rhinolophus ferrumequinum,0.026,0.026,-1,Echolocation,/mnt/ubna_data_02_mir/recover-20221013/UBNA_001/20221012_030000.WAV,Telephone Field,recover-20221013,001,1795
1613.8405,1613.8803,68437,82319,Rhinolophus ferrumequinum,0.021,0.021,-1,Echolocation,/mnt/ubna_data_02_mir/recover-20221013/UBNA_001/20221012_030000.WAV,Telephone Field,recover-20221013,001,1795
1613.8465,1613.8595,25468,32770,Eptesicus serotinus,0.013,0.027,-1,Echolocation,/mnt/ubna_data_02_mir/recover-20221013/UBNA_001/20221012_030000.WAV,Telephone Field,recover-20221013,001,1795
1613.8705,1613.9105,68437,81822,Rhinolophus ferrumequinum,0.021,0.021,-1,Echolocation,/mnt/ubna_data_02_mir/recover-20221013/UBNA_001/20221012_030000.WAV,Telephone Field,recover-20221013,001,1795
1613.8895,1613.931,68437,83105,Rhinolophus ferrumequinum,0.031,0.031,-1,Echolocation,/mnt/ubna_data_02_mir/recover-20221013/UBNA_001/20221012_030000.WAV,Telephone Field,recover-20221013,001,1795
1613.9165,1613.9566,68437,82180,Rhinolophus ferrumequinum,0.021,0.021,-1,Echolocation,/mnt/ubna_data_02_mir/recover-20221013/UBNA_001/20221012_030000.WAV,Telephone Field,recover-20221013,001,1795
1613.9275,1613.9683,68437,82547,Rhinolophus ferrumequinum,0.028,0.028,-1,Echolocation,/mnt/ubna_data_02_mir/recover-20221013/UBNA_001/20221012_030000.WAV,Telephone Field,recover-20221013,001,1795
1613.9385,1613.9465,28046,39671,Eptesicus serotinus,0.008,0.023,-1,Echolocation,/mnt/ubna_data_02_mir/recover-20221013/UBNA_001/20221012_030000.WAV,Telephone Field,recover-20221013,001,1795
1613.9395,1613.9806,68437,82846,Rhinolophus ferrumequinum,0.024,0.024,-1,Echolocation,/mnt/ubna_data_02_mir/recover-20221013/UBNA_001/20221012_030000.WAV,Telephone Field,recover-20221013,001,1795
1613.9475,1613.9871,68437,82675,Rhinolophus ferrumequinum,0.024,0.024,-1,Echolocation,/mnt/ubna_data_02_mir/recover-20221013/UBNA_001/20221012_030000.WAV,Telephone Field,recover-20221013,001,1795
1613.9805,1613.9899,28906,37013,Eptesicus serotinus,0.007,0.022,-1,Echolocation,/mnt/ubna_data_02_mir/recover-20221013/UBNA_001/20221012_030000.WAV,Telephone Field,recover-20221013,001,1795
1614.0015,1614.0094,30625,40724,Myotis daubentonii,0.006,0.023,-1,Echolocation,/mnt/ubna_data_02_mir/recover-20221013/UBNA_001/20221012_030000.WAV,Telephone Field,recover-20221013,001,1795
1614.0015,1614.0163,19453,24136,Nyctalus leisleri,0.013,0.031,-1,Echolocation,/mnt/ubna_data_02_mir/recover-20221013/UBNA_001/20221012_030000.WAV,Telephone Field,recover-20221013,001,1795
1614.0015,1614.013,23750,29660,Nyctalus leisleri,0.014,0.032,-1,Echolocation,/mnt/ubna_data_02_mir/recover-20221013/UBNA_001/20221012_030000.WAV,Telephone Field,recover-20221013,001,1795
1614.0015,1614.0351,68437,79773,Rhinolophus ferrumequinum,0.032,0.033,-1,Echolocation,/mnt/ubna_data_02_mir/recover-20221013/UBNA_001/20221012_030000.WAV,Telephone Field,recover-20221013,001,1795
1614.0125,1614.0577,68437,83000,Rhinolophus ferrumequinum,0.023,0.023,-1,Echolocation,/mnt/ubna_data_02_mir/recover-20221013/UBNA_001/20221012_030000.WAV,Telephone Field,recover-20221013,001,1795
1614.0395,1614.0499,23750,28815,Nyctalus leisleri,0.009,0.021,-1,Echolocation,/mnt/ubna_data_02_mir/recover-20221013/UBNA_001/20221012_030000.WAV,Telephone Field,recover-20221013,001,1795
1614.0405,1614.0497,15156,23549,Plecotus auritus,0.011,0.025,-1,Echolocation,/mnt/ubna_data_02_mir/recover-20221013/UBNA_001/20221012_030000.WAV,Telephone Field,recover-20221013,001,1795
1614.0515,1614.0883,68437,82183,Rhinolophus ferrumequinum,0.024,0.024,-1,Echolocation,/mnt/ubna_data_02_mir/recover-20221013/UBNA_001/20221012_030000.WAV,Telephone Field,recover-20221013,001,1795
1614.0565,1614.0955,68437,82053,Rhinolophus ferrumequinum,0.024,0.024,-1,Echolocation,/mnt/ubna_data_02_mir/recover-20221013/UBNA_001/20221012_030000.WAV,Telephone Field,recover-20221013,001,1795
1614.0625,1614.1035,68437,82206,Rhinolophus ferrumequinum,0.024,0.024,-1,Echolocation,/mnt/ubna_data_02_mir/recover-20221013/UBNA_001/20221012_030000.WAV,Telephone Field,recover-20221013,001,1795
1614.0875,1614.1287,68437,82148,Rhinolophus ferrumequinum,0.023,0.023,-1,Echolocation,/mnt/ubna_data_02_mir/recover-20221013/UBNA_001/20221012_030000.WAV,Telephone Field,recover-20221013,001,1795
1614.0935,1614.1038,22890,29628,Nyctalus leisleri,0.009,0.025,-1,Echolocation,/mnt/ubna_data_02_mir/recover-20221013/UBNA_001/20221012_030000.WAV,Telephone Field,recover-20221013,001,1795
1614.0945,1614.1336000000001,68437,82372,Rhinolophus ferrumequinum,0.022,0.022,-1,Echolocation,/mnt/ubna_data_02_mir/recover-20221013/UBNA_001/20221012_030000.WAV,Telephone Field,recover-20221013,001,1795
1614.1105,1614.1478,68437,81619,Rhinolophus ferrumequinum,0.022,0.022,-1,Echolocation,/mnt/ubna_data_02_mir/recover-20221013/UBNA_001/20221012_030000.WAV,Telephone Field,recover-20221013,001,1795
1614.1195,1614.1293,24609,31747,Eptesicus serotinus,0.008,0.024,-1,Echolocation,/mnt/ubna_data_02_mir/recover-20221013/UBNA_001/20221012_030000.WAV,Telephone Field,recover-20221013,001,1795
1614.1365,1614.1461,23750,30602,Nyctalus leisleri,0.008,0.022,-1,Echolocation,/mnt/ubna_data_02_mir/recover-20221013/UBNA_001/20221012_030000.WAV,Telephone Field,recover-20221013,001,1795
1614.1385,1614.1457,49531,53584,Pipistrellus pipistrellus,0.02,0.021,-1,Echolocation,/mnt/ubna_data_02_mir/recover-20221013/UBNA_001/20221012_030000.WAV,Telephone Field,recover-20221013,001,1795
1614.1425,1614.1529,22890,28331,Nyctalus leisleri,0.009,0.022,-1,Echolocation,/mnt/ubna_data_02_mir/recover-20221013/UBNA_001/20221012_030000.WAV,Telephone Field,recover-20221013,001,1795
1614.1565,1614.1942,68437,82209,Rhinolophus ferrumequinum,0.024,0.024,-1,Echolocation,/mnt/ubna_data_02_mir/recover-20221013/UBNA_001/20221012_030000.WAV,Telephone Field,recover-20221013,001,1795
1614.1625,1614.1717,26328,34642,Eptesicus serotinus,0.01,0.024,-1,Echolocation,/mnt/ubna_data_02_mir/recover-20221013/UBNA_001/20221012_030000.WAV,Telephone Field,recover-20221013,001,1795
1614.2205,1614.2574,68437,80960,Rhinolophus ferrumequinum,0.024,0.024,-1,Echolocation,/mnt/ubna_data_02_mir/recover-20221013/UBNA_001/20221012_030000.WAV,Telephone Field,recover-20221013,001,1795
1614.2345,1614.2725,68437,82321,Rhinolophus ferrumequinum,0.021,0.021,-1,Echolocation,/mnt/ubna_data_02_mir/recover-20221013/UBNA_001/20221012_030000.WAV,Telephone Field,recover-20221013,001,1795
1614.2545,1614.2649,28906,37291,Eptesicus serotinus,0.015,0.033,-1,Echolocation,/mnt/ubna_data_02_mir/recover-20221013/UBNA_001/20221012_030000.WAV,Telephone Field,recover-20221013,001,1795
1614.2655,1614.305,68437,82320,Rhinolophus ferrumequinum,0.023,0.023,-1,Echolocation,/mnt/ubna_data_02_mir/recover-20221013/UBNA_001/20221012_030000.WAV,Telephone Field,recover-20221013,001,1795
1614.2885,1614.2987,28906,38258,Eptesicus serotinus,0.012,0.025,-1,Echolocation,/mnt/ubna_data_02_mir/recover-20221013/UBNA_001/20221012_030000.WAV,Telephone Field,recover-20221013,001,1795
1614.3055,1614.3442,68437,82255,Rhinolophus ferrumequinum,0.021,0.021,-1,Echolocation,/mnt/ubna_data_02_mir/recover-20221013/UBNA_001/20221012_030000.WAV,Telephone Field,recover-20221013,001,1795
1614.3185,1614.3564,68437,82670,Rhinolophus ferrumequinum,0.021,0.022,-1,Echolocation,/mnt/ubna_data_02_mir/recover-20221013/UBNA_001/20221012_030000.WAV,Telephone Field,recover-20221013,001,1795
1614.3605,1614.3987,68437,82009,Rhinolophus ferrumequinum,0.026,0.026,-1,Echolocation,/mnt/ubna_data_02_mir/recover-20221013/UBNA_001/20221012_030000.WAV,Telephone Field,recover-20221013,001,1795
1614.4265,1614.4626,68437,81424,Rhinolophus ferrumequinum,0.022,0.022,-1,Echolocation,/mnt/ubna_data_02_mir/recover-20221013/UBNA_001/20221012_030000.WAV,Telephone Field,recover-20221013,001,1795
1614.4585,1614.5011,68437,82951,Rhinolophus ferrumequinum,0.031,0.031,-1,Echolocation,/mnt/ubna_data_02_mir/recover-20221013/UBNA_001/20221012_030000.WAV,Telephone Field,recover-20221013,001,1795
1614.4885,1614.5237,68437,81035,Rhinolophus ferrumequinum,0.023,0.023,-1,Echolocation,/mnt/ubna_data_02_mir/recover-20221013/UBNA_001/20221012_030000.WAV,Telephone Field,recover-20221013,001,1795
1614.5035,1614.5442,68437,82228,Rhinolophus ferrumequinum,0.031,0.031,-1,Echolocation,/mnt/ubna_data_02_mir/recover-20221013/UBNA_001/20221012_030000.WAV,Telephone Field,recover-20221013,001,1795
1614.5415,1614.5747,68437,81014,Rhinolophus ferrumequinum,0.022,0.022,-1,Echolocation,/mnt/ubna_data_02_mir/recover-20221013/UBNA_001/20221012_030000.WAV,Telephone Field,recover-20221013,001,1795
1614.5485,1614.5541,46953,53006,Pipistrellus pipistrellus,0.022,0.023,-1,Echolocation,/mnt/ubna_data_02_mir/recover-20221013/UBNA_001/20221012_030000.WAV,Telephone Field,recover-20221013,001,1795
1614.5625,1614.6024,68437,81886,Rhinolophus ferrumequinum,0.022,0.022,-1,Echolocation,/mnt/ubna_data_02_mir/recover-20221013/UBNA_001/20221012_030000.WAV,Telephone Field,recover-20221013,001,1795
1614.5705,1614.5809,26328,33511,Eptesicus serotinus,0.011,0.023,-1,Echolocation,/mnt/ubna_data_02_mir/recover-20221013/UBNA_001/20221012_030000.WAV,Telephone Field,recover-20221013,001,1795
1614.5755,1614.5858,28906,35880,Eptesicus serotinus,0.009,0.024,-1,Echolocation,/mnt/ubna_data_02_mir/recover-20221013/UBNA_001/20221012_030000.WAV,Telephone Field,recover-20221013,001,1795
1614.5985,1614.6357,68437,80971,Rhinolophus ferrumequinum,0.054,0.054,-1,Echolocation,/mnt/ubna_data_02_mir/recover-20221013/UBNA_001/20221012_030000.WAV,Telephone Field,recover-20221013,001,1795
1614.6145,1614.6534,68437,82189,Rhinolophus ferrumequinum,0.021,0.021,-1,Echolocation,/mnt/ubna_data_02_mir/recover-20221013/UBNA_001/20221012_030000.WAV,Telephone Field,recover-20221013,001,1795
1614.6415,1614.6863,68437,83408,Rhinolophus ferrumequinum,0.033,0.033,-1,Echolocation,/mnt/ubna_data_02_mir/recover-20221013/UBNA_001/20221012_030000.WAV,Telephone Field,recover-20221013,001,1795
1614.6435,1614.6523,28046,39755,Eptesicus serotinus,0.009,0.023,-1,Echolocation,/mnt/ubna_data_02_mir/recover-20221013/UBNA_001/20221012_030000.WAV,Telephone Field,recover-20221013,001,1795
1614.6905,1614.7249,68437,81251,Rhinolophus ferrumequinum,0.023,0.023,-1,Echolocation,/mnt/ubna_data_02_mir/recover-20221013/UBNA_001/20221012_030000.WAV,Telephone Field,recover-20221013,001,1795
1614.6965,1614.7068,22031,26457,Nyctalus leisleri,0.011,0.022,-1,Echolocation,/mnt/ubna_data_02_mir/recover-20221013/UBNA_001/20221012_030000.WAV,Telephone Field,recover-20221013,001,1795
1614.7185,1614.7559,68437,82063,Rhinolophus ferrumequinum,0.022,0.022,-1,Echolocation,/mnt/ubna_data_02_mir/recover-20221013/UBNA_001/20221012_030000.WAV,Telephone Field,recover-20221013,001,1795
1614.7355,1614.772,68437,81819,Rhinolophus ferrumequinum,0.026,0.026,-1,Echolocation,/mnt/ubna_data_02_mir/recover-20221013/UBNA_001/20221012_030000.WAV,Telephone Field,recover-20221013,001,1795
1614.7675,1614.8079,68437,82910,Rhinolophus ferrumequinum,0.026,0.026,-1,Echolocation,/mnt/ubna_data_02_mir/recover-20221013/UBNA_001/20221012_030000.WAV,Telephone Field,recover-20221013,001,1795
1614.7695,1614.7763,23750,34126,Plecotus austriacus,0.023,0.042,-1,Echolocation,/mnt/ubna_data_02_mir/recover-20221013/UBNA_001/20221012_030000.WAV,Telephone Field,recover-20221013,001,1795
1614.8095,1614.8507,68437,82429,Rhinolophus ferrumequinum,0.03,0.03,-1,Echolocation,/mnt/ubna_data_02_mir/recover-20221013/UBNA_001/20221012_030000.WAV,Telephone Field,recover-20221013,001,1795
1614.8125,1614.8238,23750,30313,Nyctalus leisleri,0.019,0.052,-1,Echolocation,/mnt/ubna_data_02_mir/recover-20221013/UBNA_001/20221012_030000.WAV,Telephone Field,recover-20221013,001,1795
1614.8805,1614.9186,68437,81597,Rhinolophus ferrumequinum,0.024,0.024,-1,Echolocation,/mnt/ubna_data_02_mir/recover-20221013/UBNA_001/20221012_030000.WAV,Telephone Field,recover-20221013,001,1795
1614.9195,1614.957,68437,81466,Rhinolophus ferrumequinum,0.023,0.023,-1,Echolocation,/mnt/ubna_data_02_mir/recover-20221013/UBNA_001/20221012_030000.WAV,Telephone Field,recover-20221013,001,1795
1614.9305,1614.9693,68437,81988,Rhinolophus ferrumequinum,0.021,0.021,-1,Echolocation,/mnt/ubna_data_02_mir/recover-20221013/UBNA_001/20221012_030000.WAV,Telephone Field,recover-20221013,001,1795
1614.9345,1614.9451,22890,28617,Nyctalus leisleri,0.014,0.03,-1,Echolocation,/mnt/ubna_data_02_mir/recover-20221013/UBNA_001/20221012_030000.WAV,Telephone Field,recover-20221013,001,1795
1614.9475,1614.9836,68437,81617,Rhinolophus ferrumequinum,0.021,0.021,-1,Echolocation,/mnt/ubna_data_02_mir/recover-20221013/UBNA_001/20221012_030000.WAV,Telephone Field,recover-20221013,001,1795
1614.9845,1615.0230999999999,68437,82445,Rhinolophus ferrumequinum,0.024,0.024,-1,Echolocation,/mnt/ubna_data_02_mir/recover-20221013/UBNA_001/20221012_030000.WAV,Telephone Field,recover-20221013,001,1795
1615.0015,1615.0099,28906,40145,Eptesicus serotinus,0.007,0.023,-1,Echolocation,/mnt/ubna_data_02_mir/recover-20221013/UBNA_001/20221012_030000.WAV,Telephone Field,recover-20221013,001,1795
1615.0805,1615.0898,28906,38277,Eptesicus serotinus,0.009,0.022,-1,Echolocation,/mnt/ubna_data_02_mir/recover-20221013/UBNA_001/20221012_030000.WAV,Telephone Field,recover-20221013,001,1795
1615.1075,1615.1475,68437,82141,Rhinolophus ferrumequinum,0.023,0.023,-1,Echolocation,/mnt/ubna_data_02_mir/recover-20221013/UBNA_001/20221012_030000.WAV,Telephone Field,recover-20221013,001,1795
1615.1155,1615.1245,23750,30680,Nyctalus leisleri,0.007,0.022,-1,Echolocation,/mnt/ubna_data_02_mir/recover-20221013/UBNA_001/20221012_030000.WAV,Telephone Field,recover-20221013,001,1795
1615.1155,1615.1562,68437,82628,Rhinolophus ferrumequinum,0.022,0.022,-1,Echolocation,/mnt/ubna_data_02_mir/recover-20221013/UBNA_001/20221012_030000.WAV,Telephone Field,recover-20221013,001,1795
1615.1515,1615.1915,68437,82162,Rhinolophus ferrumequinum,0.025,0.025,-1,Echolocation,/mnt/ubna_data_02_mir/recover-20221013/UBNA_001/20221012_030000.WAV,Telephone Field,recover-20221013,001,1795
1615.1565,1615.1675,28046,34854,Eptesicus serotinus,0.015,0.029,-1,Echolocation,/mnt/ubna_data_02_mir/recover-20221013/UBNA_001/20221012_030000.WAV,Telephone Field,recover-20221013,001,1795
1615.2305,1615.2411,22890,27829,Nyctalus leisleri,0.011,0.023,-1,Echolocation,/mnt/ubna_data_02_mir/recover-20221013/UBNA_001/20221012_030000.WAV,Telephone Field,recover-20221013,001,1795
1615.2335,1615.2706,68437,82309,Rhinolophus ferrumequinum,0.023,0.023,-1,Echolocation,/mnt/ubna_data_02_mir/recover-20221013/UBNA_001/20221012_030000.WAV,Telephone Field,recover-20221013,001,1795
1615.2535,1615.2668,28906,34490,Eptesicus serotinus,0.018,0.035,-1,Echolocation,/mnt/ubna_data_02_mir/recover-20221013/UBNA_001/20221012_030000.WAV,Telephone Field,recover-20221013,001,1795
1615.3265,1615.3646,68437,81900,Rhinolophus ferrumequinum,0.025,0.025,-1,Echolocation,/mnt/ubna_data_02_mir/recover-20221013/UBNA_001/20221012_030000.WAV,Telephone Field,recover-20221013,001,1795
1615.3265,1615.334,26328,35850,Eptesicus serotinus,0.014,0.042,-1,Echolocation,/mnt/ubna_data_02_mir/recover-20221013/UBNA_001/20221012_030000.WAV,Telephone Field,recover-20221013,001,1795
1615.3795,1615.4163,68437,81549,Rhinolophus ferrumequinum,0.022,0.022,-1,Echolocation,/mnt/ubna_data_02_mir/recover-20221013/UBNA_001/20221012_030000.WAV,Telephone Field,recover-20221013,001,1795
1615.4015,1615.408,27187,40375,Eptesicus serotinus,0.005,0.022,-1,Echolocation,/mnt/ubna_data_02_mir/recover-20221013/UBNA_001/20221012_030000.WAV,Telephone Field,recover-20221013,001,1795
1615.4145,1615.4235,22890,30486,Plecotus austriacus,0.009,0.024,-1,Echolocation,/mnt/ubna_data_02_mir/recover-20221013/UBNA_001/20221012_030000.WAV,Telephone Field,recover-20221013,001,1795
1615.4195,1615.4282,28906,38829,Eptesicus serotinus,0.008,0.021,-1,Echolocation,/mnt/ubna_data_02_mir/recover-20221013/UBNA_001/20221012_030000.WAV,Telephone Field,recover-20221013,001,1795
1615.4245,1615.4337,28046,39237,Eptesicus serotinus,0.009,0.022,-1,Echolocation,/mnt/ubna_data_02_mir/recover-20221013/UBNA_001/20221012_030000.WAV,Telephone Field,recover-20221013,001,1795
1615.4705,1615.4813,24609,31516,Nyctalus leisleri,0.01,0.027,-1,Echolocation,/mnt/ubna_data_02_mir/recover-20221013/UBNA_001/20221012_030000.WAV,Telephone Field,recover-20221013,001,1795
1615.4965,1615.5044,49531,56806,Pipistrellus pipistrellus,0.024,0.027,-1,Echolocation,/mnt/ubna_data_02_mir/recover-20221013/UBNA_001/20221012_030000.WAV,Telephone Field,recover-20221013,001,1795
1615.5135,1615.5517,68437,82397,Rhinolophus ferrumequinum,0.023,0.023,-1,Echolocation,/mnt/ubna_data_02_mir/recover-20221013/UBNA_001/20221012_030000.WAV,Telephone Field,recover-20221013,001,1795
1615.5615,1615.5993,68437,82054,Rhinolophus ferrumequinum,0.023,0.023,-1,Echolocation,/mnt/ubna_data_02_mir/recover-20221013/UBNA_001/20221012_030000.WAV,Telephone Field,recover-20221013,001,1795
1615.5745,1615.6162,68437,83131,Rhinolophus ferrumequinum,0.031,0.031,-1,Echolocation,/mnt/ubna_data_02_mir/recover-20221013/UBNA_001/20221012_030000.WAV,Telephone Field,recover-20221013,001,1795
1615.6015,1615.6081,23750,33465,Plecotus austriacus,0.013,0.027,-1,Echolocation,/mnt/ubna_data_02_mir/recover-20221013/UBNA_001/20221012_030000.WAV,Telephone Field,recover-20221013,001,1795
1615.6185,1615.6269,24609,32614,Plecotus austriacus,0.007,0.024,-1,Echolocation,/mnt/ubna_data_02_mir/recover-20221013/UBNA_001/20221012_030000.WAV,Telephone Field,recover-20221013,001,1795
1615.6265,1615.6363,48671,54747,Pipistrellus pipistrellus,0.024,0.027,-1,Echolocation,/mnt/ubna_data_02_mir/recover-20221013/UBNA_001/20221012_030000.WAV,Telephone Field,recover-20221013,001,1795
1615.6585,1615.6991,68437,82633,Rhinolophus ferrumequinum,0.023,0.023,-1,Echolocation,/mnt/ubna_data_02_mir/recover-20221013/UBNA_001/20221012_030000.WAV,Telephone Field,recover-20221013,001,1795
1615.6855,1615.6921,28046,38941,Eptesicus serotinus,0.006,0.023,-1,Echolocation,/mnt/ubna_data_02_mir/recover-20221013/UBNA_001/20221012_030000.WAV,Telephone Field,recover-20221013,001,1795
1615.7025,1615.7365,68437,81639,Rhinolophus ferrumequinum,0.024,0.024,-1,Echolocation,/mnt/ubna_data_02_mir/recover-20221013/UBNA_001/20221012_030000.WAV,Telephone Field,recover-20221013,001,1795
1615.7315,1615.771,68437,82209,Rhinolophus ferrumequinum,0.022,0.022,-1,Echolocation,/mnt/ubna_data_02_mir/recover-20221013/UBNA_001/20221012_030000.WAV,Telephone Field,recover-20221013,001,1795
1615.7645,1615.8026,68437,81485,Rhinolophus ferrumequinum,0.023,0.023,-1,Echolocation,/mnt/ubna_data_02_mir/recover-20221013/UBNA_001/20221012_030000.WAV,Telephone Field,recover-20221013,001,1795
1615.7695,1615.7775,28046,39987,Eptesicus serotinus,0.009,0.027,-1,Echolocation,/mnt/ubna_data_02_mir/recover-20221013/UBNA_001/20221012_030000.WAV,Telephone Field,recover-20221013,001,1795
1615.8365,1615.8767,68437,82137,Rhinolophus ferrumequinum,0.025,0.025,-1,Echolocation,/mnt/ubna_data_02_mir/recover-20221013/UBNA_001/20221012_030000.WAV,Telephone Field,recover-20221013,001,1795
1615.8585,1615.8966,68437,82185,Rhinolophus ferrumequinum,0.022,0.022,-1,Echolocation,/mnt/ubna_data_02_mir/recover-20221013/UBNA_001/20221012_030000.WAV,Telephone Field,recover-20221013,001,1795
1615.9095,1615.9468,68437,81768,Rhinolophus ferrumequinum,0.023,0.023,-1,Echolocation,/mnt/ubna_data_02_mir/recover-20221013/UBNA_001/20221012_030000.WAV,Telephone Field,recover-20221013,001,1795
1616.0015,1616.0125,41796,48381,Pipistrellus pipistrellus,0.009,0.023,-1,Echolocation,/mnt/ubna_data_02_mir/recover-20221013/UBNA_001/20221012_030000.WAV,Telephone Field,recover-20221013,001,1795
1616.0015,1616.0367,68437,80391,Rhinolophus ferrumequinum,0.041,0.041,-1,Echolocation,/mnt/ubna_data_02_mir/recover-20221013/UBNA_001/20221012_030000.WAV,Telephone Field,recover-20221013,001,1795
1616.0015,1616.0094,25468,34388,Nyctalus leisleri,0.007,0.025,-1,Echolocation,/mnt/ubna_data_02_mir/recover-20221013/UBNA_001/20221012_030000.WAV,Telephone Field,recover-20221013,001,1795
1616.0075,1616.0504,68437,82921,Rhinolophus ferrumequinum,0.023,0.023,-1,Echolocation,/mnt/ubna_data_02_mir/recover-20221013/UBNA_001/20221012_030000.WAV,Telephone Field,recover-20221013,001,1795
1616.0485,1616.0875,68437,82572,Rhinolophus ferrumequinum,0.022,0.022,-1,Echolocation,/mnt/ubna_data_02_mir/recover-20221013/UBNA_001/20221012_030000.WAV,Telephone Field,recover-20221013,001,1795
1616.0535,1616.0917,68437,82215,Rhinolophus ferrumequinum,0.022,0.022,-1,Echolocation,/mnt/ubna_data_02_mir/recover-20221013/UBNA_001/20221012_030000.WAV,Telephone Field,recover-20221013,001,1795
1616.1575,1616.1643,28906,43073,Eptesicus serotinus,0.008,0.03,-1,Echolocation,/mnt/ubna_data_02_mir/recover-20221013/UBNA_001/20221012_030000.WAV,Telephone Field,recover-20221013,001,1795
1616.1895,1616.2057,23750,28845,Nyctalus leisleri,0.022,0.044,-1,Echolocation,/mnt/ubna_data_02_mir/recover-20221013/UBNA_001/20221012_030000.WAV,Telephone Field,recover-20221013,001,1795
1616.1925,1616.2326,68437,82092,Rhinolophus ferrumequinum,0.027,0.027,-1,Echolocation,/mnt/ubna_data_02_mir/recover-20221013/UBNA_001/20221012_030000.WAV,Telephone Field,recover-20221013,001,1795
1616.1995,1616.2412,68437,82915,Rhinolophus ferrumequinum,0.028,0.028,-1,Echolocation,/mnt/ubna_data_02_mir/recover-20221013/UBNA_001/20221012_030000.WAV,Telephone Field,recover-20221013,001,1795
1616.2315,1616.2381,28046,40291,Eptesicus serotinus,0.005,0.021,-1,Echolocation,/mnt/ubna_data_02_mir/recover-20221013/UBNA_001/20221012_030000.WAV,Telephone Field,recover-20221013,001,1795
1616.2315,1616.2421,22890,28295,Nyctalus leisleri,0.01,0.023,-1,Echolocation,/mnt/ubna_data_02_mir/recover-20221013/UBNA_001/20221012_030000.WAV,Telephone Field,recover-20221013,001,1795
1616.2815,1616.322,68437,82321,Rhinolophus ferrumequinum,0.021,0.021,-1,Echolocation,/mnt/ubna_data_02_mir/recover-20221013/UBNA_001/20221012_030000.WAV,Telephone Field,recover-20221013,001,1795
1616.2825,1616.2942,34062,38990,Pipistrellus nathusii,0.026,0.05,-1,Echolocation,/mnt/ubna_data_02_mir/recover-20221013/UBNA_001/20221012_030000.WAV,Telephone Field,recover-20221013,001,1795
1616.3195,1616.3572,68437,82085,Rhinolophus ferrumequinum,0.021,0.021,-1,Echolocation,/mnt/ubna_data_02_mir/recover-20221013/UBNA_001/20221012_030000.WAV,Telephone Field,recover-20221013,001,1795
1616.3635,1616.4043,68437,82003,Rhinolophus ferrumequinum,0.026,0.026,-1,Echolocation,/mnt/ubna_data_02_mir/recover-20221013/UBNA_001/20221012_030000.WAV,Telephone Field,recover-20221013,001,1795
1616.3745,1616.3838,22890,29341,Nyctalus leisleri,0.007,0.023,-1,Echolocation,/mnt/ubna_data_02_mir/recover-20221013/UBNA_001/20221012_030000.WAV,Telephone Field,recover-20221013,001,1795
1616.4065,1616.4443,68437,81567,Rhinolophus ferrumequinum,0.02,0.02,-1,Echolocation,/mnt/ubna_data_02_mir/recover-20221013/UBNA_001/20221012_030000.WAV,Telephone Field,recover-20221013,001,1795
1616.4325,1616.4448,24609,30116,Nyctalus leisleri,0.017,0.038,-1,Echolocation,/mnt/ubna_data_02_mir/recover-20221013/UBNA_001/20221012_030000.WAV,Telephone Field,recover-20221013,001,1795
1616.4465,1616.486,68437,82591,Rhinolophus ferrumequinum,0.032,0.032,-1,Echolocation,/mnt/ubna_data_02_mir/recover-20221013/UBNA_001/20221012_030000.WAV,Telephone Field,recover-20221013,001,1795
1616.4485,1616.4571,28046,39506,Eptesicus serotinus,0.007,0.021,-1,Echolocation,/mnt/ubna_data_02_mir/recover-20221013/UBNA_001/20221012_030000.WAV,Telephone Field,recover-20221013,001,1795
1616.4545,1616.4623,28906,38512,Eptesicus serotinus,0.007,0.022,-1,Echolocation,/mnt/ubna_data_02_mir/recover-20221013/UBNA_001/20221012_030000.WAV,Telephone Field,recover-20221013,001,1795
1616.4585,1616.4681,22031,27948,Plecotus austriacus,0.008,0.022,-1,Echolocation,/mnt/ubna_data_02_mir/recover-20221013/UBNA_001/20221012_030000.WAV,Telephone Field,recover-20221013,001,1795
1616.4625,1616.5026,68437,82232,Rhinolophus ferrumequinum,0.021,0.021,-1,Echolocation,/mnt/ubna_data_02_mir/recover-20221013/UBNA_001/20221012_030000.WAV,Telephone Field,recover-20221013,001,1795
1616.5145,1616.5578,68437,83123,Rhinolophus ferrumequinum,0.023,0.023,-1,Echolocation,/mnt/ubna_data_02_mir/recover-20221013/UBNA_001/20221012_030000.WAV,Telephone Field,recover-20221013,001,1795
1616.5155,1616.5238,26328,35911,Eptesicus serotinus,0.007,0.021,-1,Echolocation,/mnt/ubna_data_02_mir/recover-20221013/UBNA_001/20221012_030000.WAV,Telephone Field,recover-20221013,001,1795
1616.5385,1616.5759,68437,82590,Rhinolophus ferrumequinum,0.024,0.024,-1,Echolocation,/mnt/ubna_data_02_mir/recover-20221013/UBNA_001/20221012_030000.WAV,Telephone Field,recover-20221013,001,1795
1616.5895,1616.6286,68437,82732,Rhinolophus ferrumequinum,0.026,0.026,-1,Echolocation,/mnt/ubna_data_02_mir/recover-20221013/UBNA_001/20221012_030000.WAV,Telephone Field,recover-20221013,001,1795
1616.5935,1616.6015,28906,41069,Eptesicus serotinus,0.008,0.022,-1,Echolocation,/mnt/ubna_data_02_mir/recover-20221013/UBNA_001/20221012_030000.WAV,Telephone Field,recover-20221013,001,1795
1616.6065,1616.647,68437,82573,Rhinolophus ferrumequinum,0.022,0.022,-1,Echolocation,/mnt/ubna_data_02_mir/recover-20221013/UBNA_001/20221012_030000.WAV,Telephone Field,recover-20221013,001,1795
1616.6235,1616.6618,68437,82187,Rhinolophus ferrumequinum,0.021,0.021,-1,Echolocation,/mnt/ubna_data_02_mir/recover-20221013/UBNA_001/20221012_030000.WAV,Telephone Field,recover-20221013,001,1795
1616.6465,1616.6859,68437,82599,Rhinolophus ferrumequinum,0.023,0.023,-1,Echolocation,/mnt/ubna_data_02_mir/recover-20221013/UBNA_001/20221012_030000.WAV,Telephone Field,recover-20221013,001,1795
1616.6555,1616.6655,27187,34156,Eptesicus serotinus,0.024,0.047,-1,Echolocation,/mnt/ubna_data_02_mir/recover-20221013/UBNA_001/20221012_030000.WAV,Telephone Field,recover-20221013,001,1795
1616.6815,1616.7182,68437,81915,Rhinolophus ferrumequinum,0.022,0.022,-1,Echolocation,/mnt/ubna_data_02_mir/recover-20221013/UBNA_001/20221012_030000.WAV,Telephone Field,recover-20221013,001,1795
1616.6955,1616.7364,68437,82651,Rhinolophus ferrumequinum,0.024,0.024,-1,Echolocation,/mnt/ubna_data_02_mir/recover-20221013/UBNA_001/20221012_030000.WAV,Telephone Field,recover-20221013,001,1795
1616.6955,1616.7033,15156,24709,Plecotus auritus,0.016,0.027,-1,Echolocation,/mnt/ubna_data_02_mir/recover-20221013/UBNA_001/20221012_030000.WAV,Telephone Field,recover-20221013,001,1795
1616.7195,1616.7311,39218,43489,Pipistrellus nathusii,0.014,0.023,-1,Echolocation,/mnt/ubna_data_02_mir/recover-20221013/UBNA_001/20221012_030000.WAV,Telephone Field,recover-20221013,001,1795
1616.7245,1616.758,68437,81048,Rhinolophus ferrumequinum,0.02,0.021,-1,Echolocation,/mnt/ubna_data_02_mir/recover-20221013/UBNA_001/20221012_030000.WAV,Telephone Field,recover-20221013,001,1795
1616.7405,1616.7781,68437,81532,Rhinolophus ferrumequinum,0.021,0.021,-1,Echolocation,/mnt/ubna_data_02_mir/recover-20221013/UBNA_001/20221012_030000.WAV,Telephone Field,recover-20221013,001,1795
1616.7815,1616.819,68437,82061,Rhinolophus ferrumequinum,0.021,0.021,-1,Echolocation,/mnt/ubna_data_02_mir/recover-20221013/UBNA_001/20221012_030000.WAV,Telephone Field,recover-20221013,001,1795
1616.7985,1616.806,23750,32081,Plecotus austriacus,0.009,0.021,-1,Echolocation,/mnt/ubna_data_02_mir/recover-20221013/UBNA_001/20221012_030000.WAV,Telephone Field,recover-20221013,001,1795
1616.8165,1616.8568,68437,82088,Rhinolophus ferrumequinum,0.024,0.024,-1,Echolocation,/mnt/ubna_data_02_mir/recover-20221013/UBNA_001/20221012_030000.WAV,Telephone Field,recover-20221013,001,1795
1616.8275,1616.8658,68437,82410,Rhinolophus ferrumequinum,0.025,0.025,-1,Echolocation,/mnt/ubna_data_02_mir/recover-20221013/UBNA_001/20221012_030000.WAV,Telephone Field,recover-20221013,001,1795
1616.8375,1616.8501,30625,36521,Eptesicus serotinus,0.138,0.244,-1,Echolocation,/mnt/ubna_data_02_mir/recover-20221013/UBNA_001/20221012_030000.WAV,Telephone Field,recover-20221013,001,1795
1616.8545,1616.8938,68437,82573,Rhinolophus ferrumequinum,0.021,0.021,-1,Echolocation,/mnt/ubna_data_02_mir/recover-20221013/UBNA_001/20221012_030000.WAV,Telephone Field,recover-20221013,001,1795
1616.8715,1616.8892,19453,22794,Nyctalus noctula,0.015,0.032,-1,Echolocation,/mnt/ubna_data_02_mir/recover-20221013/UBNA_001/20221012_030000.WAV,Telephone Field,recover-20221013,001,1795
1616.8765,1616.9137,68437,81890,Rhinolophus ferrumequinum,0.024,0.024,-1,Echolocation,/mnt/ubna_data_02_mir/recover-20221013/UBNA_001/20221012_030000.WAV,Telephone Field,recover-20221013,001,1795
1616.9025,1616.9415,68437,82355,Rhinolophus ferrumequinum,0.026,0.026,-1,Echolocation,/mnt/ubna_data_02_mir/recover-20221013/UBNA_001/20221012_030000.WAV,Telephone Field,recover-20221013,001,1795
1616.9265,1616.966,68437,82606,Rhinolophus ferrumequinum,0.027,0.027,-1,Echolocation,/mnt/ubna_data_02_mir/recover-20221013/UBNA_001/20221012_030000.WAV,Telephone Field,recover-20221013,001,1795
1616.9395,1616.9758,68437,81710,Rhinolophus ferrumequinum,0.02,0.021,-1,Echolocation,/mnt/ubna_data_02_mir/recover-20221013/UBNA_001/20221012_030000.WAV,Telephone Field,recover-20221013,001,1795
1616.9495,1616.9598,28046,35941,Eptesicus serotinus,0.011,0.025,-1,Echolocation,/mnt/ubna_data_02_mir/recover-20221013/UBNA_001/20221012_030000.WAV,Telephone Field,recover-20221013,001,1795
1616.9725,1617.0091,68437,81346,Rhinolophus ferrumequinum,0.021,0.021,-1,Echolocation,/mnt/ubna_data_02_mir/recover-20221013/UBNA_001/20221012_030000.WAV,Telephone Field,recover-20221013,001,1795
1616.9795,1617.0166,68437,81556,Rhinolophus ferrumequinum,0.024,0.024,-1,Echolocation,/mnt/ubna_data_02_mir/recover-20221013/UBNA_001/20221012_030000.WAV,Telephone Field,recover-20221013,001,1795
1617.0025,1617.0153,22890,26719,Nyctalus leisleri,0.013,0.022,-1,Echolocation,/mnt/ubna_data_02_mir/recover-20221013/UBNA_001/20221012_030000.WAV,Telephone Field,recover-20221013,001,1795
1617.0165,1617.0514,68437,81160,Rhinolophus ferrumequinum,0.023,0.023,-1,Echolocation,/mnt/ubna_data_02_mir/recover-20221013/UBNA_001/20221012_030000.WAV,Telephone Field,recover-20221013,001,1795
1617.0575,1617.0967,68437,82549,Rhinolophus ferrumequinum,0.021,0.021,-1,Echolocation,/mnt/ubna_data_02_mir/recover-20221013/UBNA_001/20221012_030000.WAV,Telephone Field,recover-20221013,001,1795
1617.0725,1617.1086,68437,80958,Rhinolophus ferrumequinum,0.024,0.024,-1,Echolocation,/mnt/ubna_data_02_mir/recover-20221013/UBNA_001/20221012_030000.WAV,Telephone Field,recover-20221013,001,1795
1617.1255,1617.1642,68437,82480,Rhinolophus ferrumequinum,0.021,0.021,-1,Echolocation,/mnt/ubna_data_02_mir/recover-20221013/UBNA_001/20221012_030000.WAV,Telephone Field,recover-20221013,001,1795
1617.1305,1617.1695,68437,81893,Rhinolophus ferrumequinum,0.021,0.021,-1,Echolocation,/mnt/ubna_data_02_mir/recover-20221013/UBNA_001/20221012_030000.WAV,Telephone Field,recover-20221013,001,1795
1617.1465,1617.1843,68437,81696,Rhinolophus ferrumequinum,0.021,0.021,-1,Echolocation,/mnt/ubna_data_02_mir/recover-20221013/UBNA_001/20221012_030000.WAV,Telephone Field,recover-20221013,001,1795
1617.2145,1617.2503,68437,82085,Rhinolophus ferrumequinum,0.021,0.021,-1,Echolocation,/mnt/ubna_data_02_mir/recover-20221013/UBNA_001/20221012_030000.WAV,Telephone Field,recover-20221013,001,1795
1617.2225,1617.2612,68437,82183,Rhinolophus ferrumequinum,0.024,0.025,-1,Echolocation,/mnt/ubna_data_02_mir/recover-20221013/UBNA_001/20221012_030000.WAV,Telephone Field,recover-20221013,001,1795
1617.2405,1617.2501,25468,32792,Eptesicus serotinus,0.009,0.024,-1,Echolocation,/mnt/ubna_data_02_mir/recover-20221013/UBNA_001/20221012_030000.WAV,Telephone Field,recover-20221013,001,1795
1617.2465,1617.2849,68437,82201,Rhinolophus ferrumequinum,0.022,0.022,-1,Echolocation,/mnt/ubna_data_02_mir/recover-20221013/UBNA_001/20221012_030000.WAV,Telephone Field,recover-20221013,001,1795
1617.2475,1617.2548,28906,39611,Eptesicus serotinus,0.006,0.022,-1,Echolocation,/mnt/ubna_data_02_mir/recover-20221013/UBNA_001/20221012_030000.WAV,Telephone Field,recover-20221013,001,1795
1617.2795,1617.2901,25468,33404,Eptesicus serotinus,0.011,0.023,-1,Echolocation,/mnt/ubna_data_02_mir/recover-20221013/UBNA_001/20221012_030000.WAV,Telephone Field,recover-20221013,001,1795
1617.2925,1617.3306,68437,82521,Rhinolophus ferrumequinum,0.023,0.023,-1,Echolocation,/mnt/ubna_data_02_mir/recover-20221013/UBNA_001/20221012_030000.WAV,Telephone Field,recover-20221013,001,1795
1617.3195,1617.3346,14296,18682,Nyctalus noctula,0.024,0.036,-1,Echolocation,/mnt/ubna_data_02_mir/recover-20221013/UBNA_001/20221012_030000.WAV,Telephone Field,recover-20221013,001,1795
1617.3235,1617.3565,68437,81174,Rhinolophus ferrumequinum,0.02,0.02,-1,Echolocation,/mnt/ubna_data_02_mir/recover-20221013/UBNA_001/20221012_030000.WAV,Telephone Field,recover-20221013,001,1795
1617.3645,1617.4015,68437,82164,Rhinolophus ferrumequinum,0.056,0.056,-1,Echolocation,/mnt/ubna_data_02_mir/recover-20221013/UBNA_001/20221012_030000.WAV,Telephone Field,recover-20221013,001,1795
1617.3745,1617.3822,24609,33378,Plecotus austriacus,0.007,0.021,-1,Echolocation,/mnt/ubna_data_02_mir/recover-20221013/UBNA_001/20221012_030000.WAV,Telephone Field,recover-20221013,001,1795
1617.3915,1617.3979,24609,34915,Plecotus austriacus,0.01,0.026,-1,Echolocation,/mnt/ubna_data_02_mir/recover-20221013/UBNA_001/20221012_030000.WAV,Telephone Field,recover-20221013,001,1795
1617.4115,1617.424,24609,30255,Nyctalus leisleri,0.014,0.032,-1,Echolocation,/mnt/ubna_data_02_mir/recover-20221013/UBNA_001/20221012_030000.WAV,Telephone Field,recover-20221013,001,1795
1617.4245,1617.4355,22890,27219,Nyctalus leisleri,0.014,0.025,-1,Echolocation,/mnt/ubna_data_02_mir/recover-20221013/UBNA_001/20221012_030000.WAV,Telephone Field,recover-20221013,001,1795
1617.4315,1617.4672,68437,81527,Rhinolophus ferrumequinum,0.023,0.023,-1,Echolocation,/mnt/ubna_data_02_mir/recover-20221013/UBNA_001/20221012_030000.WAV,Telephone Field,recover-20221013,001,1795
1617.4425,1617.4531,28906,35949,Eptesicus serotinus,0.008,0.021,-1,Echolocation,/mnt/ubna_data_02_mir/recover-20221013/UBNA_001/20221012_030000.WAV,Telephone Field,recover-20221013,001,1795
1617.4465,1617.4878,68437,82517,Rhinolophus ferrumequinum,0.021,0.021,-1,Echolocation,/mnt/ubna_data_02_mir/recover-20221013/UBNA_001/20221012_030000.WAV,Telephone Field,recover-20221013,001,1795
1617.4615,1617.4989,68437,82106,Rhinolophus ferrumequinum,0.022,0.022,-1,Echolocation,/mnt/ubna_data_02_mir/recover-20221013/UBNA_001/20221012_030000.WAV,Telephone Field,recover-20221013,001,1795
1617.4915,1617.5271,68437,81319,Rhinolophus ferrumequinum,0.02,0.02,-1,Echolocation,/mnt/ubna_data_02_mir/recover-20221013/UBNA_001/20221012_030000.WAV,Telephone Field,recover-20221013,001,1795
1617.5245,1617.5621,68437,82588,Rhinolophus ferrumequinum,0.022,0.022,-1,Echolocation,/mnt/ubna_data_02_mir/recover-20221013/UBNA_001/20221012_030000.WAV,Telephone Field,recover-20221013,001,1795
1617.5475,1617.5562,28906,36488,Eptesicus serotinus,0.007,0.021,-1,Echolocation,/mnt/ubna_data_02_mir/recover-20221013/UBNA_001/20221012_030000.WAV,Telephone Field,recover-20221013,001,1795
1617.5605,1617.5688,28906,40489,Eptesicus serotinus,0.007,0.021,-1,Echolocation,/mnt/ubna_data_02_mir/recover-20221013/UBNA_001/20221012_030000.WAV,Telephone Field,recover-20221013,001,1795
1617.5725,1617.6117,68437,81887,Rhinolophus ferrumequinum,0.025,0.025,-1,Echolocation,/mnt/ubna_data_02_mir/recover-20221013/UBNA_001/20221012_030000.WAV,Telephone Field,recover-20221013,001,1795
1617.5725,1617.5838,37500,41902,Pipistrellus nathusii,0.013,0.024,-1,Echolocation,/mnt/ubna_data_02_mir/recover-20221013/UBNA_001/20221012_030000.WAV,Telephone Field,recover-20221013,001,1795
1617.5855,1617.6252,68437,82979,Rhinolophus ferrumequinum,0.025,0.025,-1,Echolocation,/mnt/ubna_data_02_mir/recover-20221013/UBNA_001/20221012_030000.WAV,Telephone Field,recover-20221013,001,1795
1617.6195,1617.6615,68437,83210,Rhinolophus ferrumequinum,0.031,0.031,-1,Echolocation,/mnt/ubna_data_02_mir/recover-20221013/UBNA_001/20221012_030000.WAV,Telephone Field,recover-20221013,001,1795
1617.6645,1617.6711,28906,41583,Eptesicus serotinus,0.007,0.031,-1,Echolocation,/mnt/ubna_data_02_mir/recover-20221013/UBNA_001/20221012_030000.WAV,Telephone Field,recover-20221013,001,1795
1617.6735,1617.7113,68437,81939,Rhinolophus ferrumequinum,0.021,0.021,-1,Echolocation,/mnt/ubna_data_02_mir/recover-20221013/UBNA_001/20221012_030000.WAV,Telephone Field,recover-20221013,001,1795
1617.7205,1617.761,68437,82038,Rhinolophus ferrumequinum,0.022,0.022,-1,Echolocation,/mnt/ubna_data_02_mir/recover-20221013/UBNA_001/20221012_030000.WAV,Telephone Field,recover-20221013,001,1795
1617.7215,1617.7311,50390,55713,Pipistrellus pipistrellus,0.02,0.027,-1,Echolocation,/mnt/ubna_data_02_mir/recover-20221013/UBNA_001/20221012_030000.WAV,Telephone Field,recover-20221013,001,1795
1617.7305,1617.7393,24609,32275,Eptesicus serotinus,0.007,0.021,-1,Echolocation,/mnt/ubna_data_02_mir/recover-20221013/UBNA_001/20221012_030000.WAV,Telephone Field,recover-20221013,001,1795
1617.7605,1617.7975,68437,81397,Rhinolophus ferrumequinum,0.024,0.024,-1,Echolocation,/mnt/ubna_data_02_mir/recover-20221013/UBNA_001/20221012_030000.WAV,Telephone Field,recover-20221013,001,1795
1617.7885,1617.7958,26328,38387,Eptesicus serotinus,0.005,0.022,-1,Echolocation,/mnt/ubna_data_02_mir/recover-20221013/UBNA_001/20221012_030000.WAV,Telephone Field,recover-20221013,001,1795
1617.8125,1617.8531,68437,82683,Rhinolophus ferrumequinum,0.021,0.021,-1,Echolocation,/mnt/ubna_data_02_mir/recover-20221013/UBNA_001/20221012_030000.WAV,Telephone Field,recover-20221013,001,1795
1617.8555,1617.8947,68437,82369,Rhinolophus ferrumequinum,0.021,0.021,-1,Echolocation,/mnt/ubna_data_02_mir/recover-20221013/UBNA_001/20221012_030000.WAV,Telephone Field,recover-20221013,001,1795
1617.8645,1617.905,68437,82907,Rhinolophus ferrumequinum,0.034,0.034,-1,Echolocation,/mnt/ubna_data_02_mir/recover-20221013/UBNA_001/20221012_030000.WAV,Telephone Field,recover-20221013,001,1795
1617.8985,1617.9355,68437,81787,Rhinolophus ferrumequinum,0.021,0.021,-1,Echolocation,/mnt/ubna_data_02_mir/recover-20221013/UBNA_001/20221012_030000.WAV,Telephone Field,recover-20221013,001,1795
1617.9135,1617.9497,68437,81837,Rhinolophus ferrumequinum,0.021,0.022,-1,Echolocation,/mnt/ubna_data_02_mir/recover-20221013/UBNA_001/20221012_030000.WAV,Telephone Field,recover-20221013,001,1795
1617.9195,1617.9566,68437,82201,Rhinolophus ferrumequinum,0.021,0.021,-1,Echolocation,/mnt/ubna_data_02_mir/recover-20221013/UBNA_001/20221012_030000.WAV,Telephone Field,recover-20221013,001,1795
1617.9495,1617.9899,68437,82833,Rhinolophus ferrumequinum,0.027,0.027,-1,Echolocation,/mnt/ubna_data_02_mir/recover-20221013/UBNA_001/20221012_030000.WAV,Telephone Field,recover-20221013,001,1795
1617.9755,1617.9864,22890,28591,Nyctalus leisleri,0.012,0.025,-1,Echolocation,/mnt/ubna_data_02_mir/recover-20221013/UBNA_001/20221012_030000.WAV,Telephone Field,recover-20221013,001,1795
1618.0015,1618.0098,47812,54918,Pipistrellus pipistrellus,0.032,0.039,-1,Echolocation,/mnt/ubna_data_02_mir/recover-20221013/UBNA_001/20221012_030000.WAV,Telephone Field,recover-20221013,001,1795
1618.0015,1618.0092,25468,35953,Nyctalus leisleri,0.007,0.026,-1,Echolocation,/mnt/ubna_data_02_mir/recover-20221013/UBNA_001/20221012_030000.WAV,Telephone Field,recover-20221013,001,1795
1618.0015,1618.0325,69296,81046,Rhinolophus ferrumequinum,0.028,0.029,-1,Echolocation,/mnt/ubna_data_02_mir/recover-20221013/UBNA_001/20221012_030000.WAV,Telephone Field,recover-20221013,001,1795
1618.0255,1618.0351,28906,36634,Eptesicus serotinus,0.008,0.02,-1,Echolocation,/mnt/ubna_data_02_mir/recover-20221013/UBNA_001/20221012_030000.WAV,Telephone Field,recover-20221013,001,1795
1618.0665,1618.1065,68437,82558,Rhinolophus ferrumequinum,0.02,0.02,-1,Echolocation,/mnt/ubna_data_02_mir/recover-20221013/UBNA_001/20221012_030000.WAV,Telephone Field,recover-20221013,001,1795
1618.0745,1618.114,68437,82388,Rhinolophus ferrumequinum,0.019,0.019,-1,Echolocation,/mnt/ubna_data_02_mir/recover-20221013/UBNA_001/20221012_030000.WAV,Telephone Field,recover-20221013,001,1795
1618.1275,1618.1678,68437,81930,Rhinolophus ferrumequinum,0.02,0.02,-1,Echolocation,/mnt/ubna_data_02_mir/recover-20221013/UBNA_001/20221012_030000.WAV,Telephone Field,recover-20221013,001,1795
1618.1345,1618.1415,27187,39704,Eptesicus serotinus,0.005,0.019,-1,Echolocation,/mnt/ubna_data_02_mir/recover-20221013/UBNA_001/20221012_030000.WAV,Telephone Field,recover-20221013,001,1795
1618.1565,1618.1961000000001,68437,82168,Rhinolophus ferrumequinum,0.02,0.02,-1,Echolocation,/mnt/ubna_data_02_mir/recover-20221013/UBNA_001/20221012_030000.WAV,Telephone Field,recover-20221013,001,1795
1618.1985,1618.2101,22890,27800,Nyctalus leisleri,0.013,0.027,-1,Echolocation,/mnt/ubna_data_02_mir/recover-20221013/UBNA_001/20221012_030000.WAV,Telephone Field,recover-20221013,001,1795
1618.2275,1618.2602,68437,80563,Rhinolophus ferrumequinum,0.02,0.02,-1,Echolocation,/mnt/ubna_data_02_mir/recover-20221013/UBNA_001/20221012_030000.WAV,Telephone Field,recover-20221013,001,1795
1618.2905,1618.299,28046,39565,Eptesicus serotinus,0.009,0.027,-1,Echolocation,/mnt/ubna_data_02_mir/recover-20221013/UBNA_001/20221012_030000.WAV,Telephone Field,recover-20221013,001,1795
1618.2905,1618.331,68437,82729,Rhinolophus ferrumequinum,0.02,0.02,-1,Echolocation,/mnt/ubna_data_02_mir/recover-20221013/UBNA_001/20221012_030000.WAV,Telephone Field,recover-20221013,001,1795
1618.3035,1618.3367,68437,81391,Rhinolophus ferrumequinum,0.021,0.021,-1,Echolocation,/mnt/ubna_data_02_mir/recover-20221013/UBNA_001/20221012_030000.WAV,Telephone Field,recover-20221013,001,1795
1618.3095,1618.3174,23750,31547,Plecotus austriacus,0.006,0.02,-1,Echolocation,/mnt/ubna_data_02_mir/recover-20221013/UBNA_001/20221012_030000.WAV,Telephone Field,recover-20221013,001,1795
1618.3175,1618.3559,68437,82370,Rhinolophus ferrumequinum,0.023,0.023,-1,Echolocation,/mnt/ubna_data_02_mir/recover-20221013/UBNA_001/20221012_030000.WAV,Telephone Field,recover-20221013,001,1795
1618.3855,1618.396,22890,28172,Nyctalus leisleri,0.01,0.023,-1,Echolocation,/mnt/ubna_data_02_mir/recover-20221013/UBNA_001/20221012_030000.WAV,Telephone Field,recover-20221013,001,1795
1618.3885,1618.4239,68437,81020,Rhinolophus ferrumequinum,0.022,0.022,-1,Echolocation,/mnt/ubna_data_02_mir/recover-20221013/UBNA_001/20221012_030000.WAV,Telephone Field,recover-20221013,001,1795
1618.3945,1618.412,21171,24200,Nyctalus leisleri,0.022,0.038,-1,Echolocation,/mnt/ubna_data_02_mir/recover-20221013/UBNA_001/20221012_030000.WAV,Telephone Field,recover-20221013,001,1795
1618.4155,1618.4245,28046,37300,Eptesicus serotinus,0.009,0.022,-1,Echolocation,/mnt/ubna_data_02_mir/recover-20221013/UBNA_001/20221012_030000.WAV,Telephone Field,recover-20221013,001,1795
1618.4175,1618.4601,68437,82998,Rhinolophus ferrumequinum,0.028,0.028,-1,Echolocation,/mnt/ubna_data_02_mir/recover-20221013/UBNA_001/20221012_030000.WAV,Telephone Field,recover-20221013,001,1795
1618.4755,1618.4868,26328,33048,Eptesicus serotinus,0.016,0.031,-1,Echolocation,/mnt/ubna_data_02_mir/recover-20221013/UBNA_001/20221012_030000.WAV,Telephone Field,recover-20221013,001,1795
1618.5345,1618.5396,37500,51119,Myotis daubentonii,0.005,0.021,-1,Echolocation,/mnt/ubna_data_02_mir/recover-20221013/UBNA_001/20221012_030000.WAV,Telephone Field,recover-20221013,001,1795
1618.5355,1618.5415,31484,56852,Myotis daubentonii,0.008,0.02,-1,Echolocation,/mnt/ubna_data_02_mir/recover-20221013/UBNA_001/20221012_030000.WAV,Telephone Field,recover-20221013,001,1795
1618.5355,1618.5745,68437,82077,Rhinolophus ferrumequinum,0.019,0.019,-1,Echolocation,/mnt/ubna_data_02_mir/recover-20221013/UBNA_001/20221012_030000.WAV,Telephone Field,recover-20221013,001,1795
1618.5435,1618.5512,27187,36626,Eptesicus serotinus,0.007,0.021,-1,Echolocation,/mnt/ubna_data_02_mir/recover-20221013/UBNA_001/20221012_030000.WAV,Telephone Field,recover-20221013,001,1795
1618.5605,1618.5707,24609,30650,Nyctalus leisleri,0.009,0.025,-1,Echolocation,/mnt/ubna_data_02_mir/recover-20221013/UBNA_001/20221012_030000.WAV,Telephone Field,recover-20221013,001,1795
1618.5785,1618.6202,68437,82445,Rhinolophus ferrumequinum,0.025,0.025,-1,Echolocation,/mnt/ubna_data_02_mir/recover-20221013/UBNA_001/20221012_030000.WAV,Telephone Field,recover-20221013,001,1795
1618.5855,1618.5941,27187,38173,Eptesicus serotinus,0.008,0.02,-1,Echolocation,/mnt/ubna_data_02_mir/recover-20221013/UBNA_001/20221012_030000.WAV,Telephone Field,recover-20221013,001,1795
1618.5915,1618.6002,28906,37148,Eptesicus serotinus,0.008,0.02,-1,Echolocation,/mnt/ubna_data_02_mir/recover-20221013/UBNA_001/20221012_030000.WAV,Telephone Field,recover-20221013,001,1795
1618.6025,1618.6118,49531,56955,Pipistrellus pipistrellus,0.019,0.025,-1,Echolocation,/mnt/ubna_data_02_mir/recover-20221013/UBNA_001/20221012_030000.WAV,Telephone Field,recover-20221013,001,1795
1618.6215,1618.6284,28046,40749,Eptesicus serotinus,0.007,0.023,-1,Echolocation,/mnt/ubna_data_02_mir/recover-20221013/UBNA_001/20221012_030000.WAV,Telephone Field,recover-20221013,001,1795
1618.6335,1618.6725,68437,82608,Rhinolophus ferrumequinum,0.022,0.022,-1,Echolocation,/mnt/ubna_data_02_mir/recover-20221013/UBNA_001/20221012_030000.WAV,Telephone Field,recover-20221013,001,1795
1618.6495,1618.6888,68437,82201,Rhinolophus ferrumequinum,0.022,0.022,-1,Echolocation,/mnt/ubna_data_02_mir/recover-20221013/UBNA_001/20221012_030000.WAV,Telephone Field,recover-20221013,001,1795
1618.6555,1618.6644000000001,24609,32354,Eptesicus serotinus,0.006,0.019,-1,Echolocation,/mnt/ubna_data_02_mir/recover-20221013/UBNA_001/20221012_030000.WAV,Telephone Field,recover-20221013,001,1795
1618.6635,1618.6729,47812,51932,Pipistrellus pipistrellus,0.017,0.02,-1,Echolocation,/mnt/ubna_data_02_mir/recover-20221013/UBNA_001/20221012_030000.WAV,Telephone Field,recover-20221013,001,1795
1618.6675,1618.7061,68437,82449,Rhinolophus ferrumequinum,0.02,0.02,-1,Echolocation,/mnt/ubna_data_02_mir/recover-20221013/UBNA_001/20221012_030000.WAV,Telephone Field,recover-20221013,001,1795
1618.6745,1618.6842,24609,31882,Eptesicus serotinus,0.008,0.023,-1,Echolocation,/mnt/ubna_data_02_mir/recover-20221013/UBNA_001/20221012_030000.WAV,Telephone Field,recover-20221013,001,1795
1618.7095,1618.7174,28046,38402,Eptesicus serotinus,0.012,0.028,-1,Echolocation,/mnt/ubna_data_02_mir/recover-20221013/UBNA_001/20221012_030000.WAV,Telephone Field,recover-20221013,001,1795
1618.7385,1618.7463,25468,34379,Eptesicus serotinus,0.007,0.019,-1,Echolocation,/mnt/ubna_data_02_mir/recover-20221013/UBNA_001/20221012_030000.WAV,Telephone Field,recover-20221013,001,1795
1618.7625,1618.796,68437,81050,Rhinolophus ferrumequinum,0.022,0.022,-1,Echolocation,/mnt/ubna_data_02_mir/recover-20221013/UBNA_001/20221012_030000.WAV,Telephone Field,recover-20221013,001,1795
1618.7635,1618.771,25468,34308,Plecotus austriacus,0.005,0.02,-1,Echolocation,/mnt/ubna_data_02_mir/recover-20221013/UBNA_001/20221012_030000.WAV,Telephone Field,recover-20221013,001,1795
1618.7775,1618.787,24609,32486,Eptesicus serotinus,0.007,0.021,-1,Echolocation,/mnt/ubna_data_02_mir/recover-20221013/UBNA_001/20221012_030000.WAV,Telephone Field,recover-20221013,001,1795
1618.8145,1618.8534,68437,81879,Rhinolophus ferrumequinum,0.019,0.019,-1,Echolocation,/mnt/ubna_data_02_mir/recover-20221013/UBNA_001/20221012_030000.WAV,Telephone Field,recover-20221013,001,1795
1618.8465,1618.8846,68437,82397,Rhinolophus ferrumequinum,0.021,0.022,-1,Echolocation,/mnt/ubna_data_02_mir/recover-20221013/UBNA_001/20221012_030000.WAV,Telephone Field,recover-20221013,001,1795
1618.8675,1618.8735,24609,35571,Plecotus austriacus,0.015,0.033,-1,Echolocation,/mnt/ubna_data_02_mir/recover-20221013/UBNA_001/20221012_030000.WAV,Telephone Field,recover-20221013,001,1795
1618.8855,1618.9239,68437,82158,Rhinolophus ferrumequinum,0.02,0.02,-1,Echolocation,/mnt/ubna_data_02_mir/recover-20221013/UBNA_001/20221012_030000.WAV,Telephone Field,recover-20221013,001,1795
1618.9075,1618.9164,28906,36934,Eptesicus serotinus,0.007,0.02,-1,Echolocation,/mnt/ubna_data_02_mir/recover-20221013/UBNA_001/20221012_030000.WAV,Telephone Field,recover-20221013,001,1795
1618.9125,1618.9531,68437,82044,Rhinolophus ferrumequinum,0.02,0.02,-1,Echolocation,/mnt/ubna_data_02_mir/recover-20221013/UBNA_001/20221012_030000.WAV,Telephone Field,recover-20221013,001,1795
1618.9225,1618.9309,27187,37303,Eptesicus serotinus,0.007,0.019,-1,Echolocation,/mnt/ubna_data_02_mir/recover-20221013/UBNA_001/20221012_030000.WAV,Telephone Field,recover-20221013,001,1795
1618.9325,1618.9677,68437,81192,Rhinolophus ferrumequinum,0.023,0.023,-1,Echolocation,/mnt/ubna_data_02_mir/recover-20221013/UBNA_001/20221012_030000.WAV,Telephone Field,recover-20221013,001,1795
1618.9425,1618.9523,14296,20109,Nyctalus noctula,0.009,0.02,-1,Echolocation,/mnt/ubna_data_02_mir/recover-20221013/UBNA_001/20221012_030000.WAV,Telephone Field,recover-20221013,001,1795
1618.9555,1618.9636,28046,40195,Eptesicus serotinus,0.007,0.02,-1,Echolocation,/mnt/ubna_data_02_mir/recover-20221013/UBNA_001/20221012_030000.WAV,Telephone Field,recover-20221013,001,1795
1618.9705,1619.0122,68437,82901,Rhinolophus ferrumequinum,0.023,0.023,-1,Echolocation,/mnt/ubna_data_02_mir/recover-20221013/UBNA_001/20221012_030000.WAV,Telephone Field,recover-20221013,001,1795
1618.9925,1619.0036,23750,29644,Nyctalus leisleri,0.007,0.019,-1,Echolocation,/mnt/ubna_data_02_mir/recover-20221013/UBNA_001/20221012_030000.WAV,Telephone Field,recover-20221013,001,1795
1619.0205,1619.0306,28906,37734,Eptesicus serotinus,0.009,0.022,-1,Echolocation,/mnt/ubna_data_02_mir/recover-20221013/UBNA_001/20221012_030000.WAV,Telephone Field,recover-20221013,001,1795
1619.0285,1619.068,68437,82350,Rhinolophus ferrumequinum,0.02,0.02,-1,Echolocation,/mnt/ubna_data_02_mir/recover-20221013/UBNA_001/20221012_030000.WAV,Telephone Field,recover-20221013,001,1795
1619.0405,1619.0778,68437,81925,Rhinolophus ferrumequinum,0.019,0.019,-1,Echolocation,/mnt/ubna_data_02_mir/recover-20221013/UBNA_001/20221012_030000.WAV,Telephone Field,recover-20221013,001,1795
1619.0465,1619.0823,68437,81448,Rhinolophus ferrumequinum,0.02,0.02,-1,Echolocation,/mnt/ubna_data_02_mir/recover-20221013/UBNA_001/20221012_030000.WAV,Telephone Field,recover-20221013,001,1795
1619.0545,1619.0843,68437,80392,Rhinolophus ferrumequinum,0.019,0.019,-1,Echolocation,/mnt/ubna_data_02_mir/recover-20221013/UBNA_001/20221012_030000.WAV,Telephone Field,recover-20221013,001,1795
1619.0545,1619.0642,23750,29703,Nyctalus leisleri,0.007,0.019,-1,Echolocation,/mnt/ubna_data_02_mir/recover-20221013/UBNA_001/20221012_030000.WAV,Telephone Field,recover-20221013,001,1795
1619.0675,1619.1056,68437,82116,Rhinolophus ferrumequinum,0.02,0.02,-1,Echolocation,/mnt/ubna_data_02_mir/recover-20221013/UBNA_001/20221012_030000.WAV,Telephone Field,recover-20221013,001,1795
1619.0785,1619.1183,68437,82004,Rhinolophus ferrumequinum,0.019,0.019,-1,Echolocation,/mnt/ubna_data_02_mir/recover-20221013/UBNA_001/20221012_030000.WAV,Telephone Field,recover-20221013,001,1795
1619.1415,1619.1504,28046,39007,Eptesicus serotinus,0.007,0.019,-1,Echolocation,/mnt/ubna_data_02_mir/recover-20221013/UBNA_001/20221012_030000.WAV,Telephone Field,recover-20221013,001,1795
1619.1475,1619.1546,27187,39396,Eptesicus serotinus,0.006,0.019,-1,Echolocation,/mnt/ubna_data_02_mir/recover-20221013/UBNA_001/20221012_030000.WAV,Telephone Field,recover-20221013,001,1795
1619.1725,1619.181,28046,37835,Eptesicus serotinus,0.01,0.022,-1,Echolocation,/mnt/ubna_data_02_mir/recover-20221013/UBNA_001/20221012_030000.WAV,Telephone Field,recover-20221013,001,1795
1619.1965,1619.2054,27187,39406,Eptesicus serotinus,0.008,0.019,-1,Echolocation,/mnt/ubna_data_02_mir/recover-20221013/UBNA_001/20221012_030000.WAV,Telephone Field,recover-20221013,001,1795
1619.2155,1619.2562,68437,82020,Rhinolophus ferrumequinum,0.023,0.023,-1,Echolocation,/mnt/ubna_data_02_mir/recover-20221013/UBNA_001/20221012_030000.WAV,Telephone Field,recover-20221013,001,1795
1619.2255,1619.2686,68437,82684,Rhinolophus ferrumequinum,0.038,0.038,-1,Echolocation,/mnt/ubna_data_02_mir/recover-20221013/UBNA_001/20221012_030000.WAV,Telephone Field,recover-20221013,001,1795
1619.2295,1619.2373,27187,37709,Eptesicus serotinus,0.008,0.02,-1,Echolocation,/mnt/ubna_data_02_mir/recover-20221013/UBNA_001/20221012_030000.WAV,Telephone Field,recover-20221013,001,1795
1619.2865,1619.3237,68437,82311,Rhinolophus ferrumequinum,0.02,0.02,-1,Echolocation,/mnt/ubna_data_02_mir/recover-20221013/UBNA_001/20221012_030000.WAV,Telephone Field,recover-20221013,001,1795
1619.2935,1619.3293,68437,81738,Rhinolophus ferrumequinum,0.02,0.02,-1,Echolocation,/mnt/ubna_data_02_mir/recover-20221013/UBNA_001/20221012_030000.WAV,Telephone Field,recover-20221013,001,1795
1619.3065,1619.3419,68437,81422,Rhinolophus ferrumequinum,0.019,0.019,-1,Echolocation,/mnt/ubna_data_02_mir/recover-20221013/UBNA_001/20221012_030000.WAV,Telephone Field,recover-20221013,001,1795
1619.3175,1619.354,68437,81683,Rhinolophus ferrumequinum,0.021,0.021,-1,Echolocation,/mnt/ubna_data_02_mir/recover-20221013/UBNA_001/20221012_030000.WAV,Telephone Field,recover-20221013,001,1795
1619.3455,1619.3862,68437,83136,Rhinolophus ferrumequinum,0.022,0.022,-1,Echolocation,/mnt/ubna_data_02_mir/recover-20221013/UBNA_001/20221012_030000.WAV,Telephone Field,recover-20221013,001,1795
1619.3455,1619.3544,36640,42546,Barbastellus barbastellus,0.01,0.023,-1,Echolocation,/mnt/ubna_data_02_mir/recover-20221013/UBNA_001/20221012_030000.WAV,Telephone Field,recover-20221013,001,1795
1619.3475,1619.3536,25468,36188,Plecotus austriacus,0.011,0.032,-1,Echolocation,/mnt/ubna_data_02_mir/recover-20221013/UBNA_001/20221012_030000.WAV,Telephone Field,recover-20221013,001,1795
1619.3555,1619.3965,68437,83476,Rhinolophus ferrumequinum,0.023,0.023,-1,Echolocation,/mnt/ubna_data_02_mir/recover-20221013/UBNA_001/20221012_030000.WAV,Telephone Field,recover-20221013,001,1795
1619.4105,1619.4502,68437,81989,Rhinolophus ferrumequinum,0.021,0.021,-1,Echolocation,/mnt/ubna_data_02_mir/recover-20221013/UBNA_001/20221012_030000.WAV,Telephone Field,recover-20221013,001,1795
1619.4305,1619.4692,68437,82447,Rhinolophus ferrumequinum,0.02,0.02,-1,Echolocation,/mnt/ubna_data_02_mir/recover-20221013/UBNA_001/20221012_030000.WAV,Telephone Field,recover-20221013,001,1795
1619.4705,1619.5081,68437,81772,Rhinolophus ferrumequinum,0.025,0.025,-1,Echolocation,/mnt/ubna_data_02_mir/recover-20221013/UBNA_001/20221012_030000.WAV,Telephone Field,recover-20221013,001,1795
1619.5295,1619.5737,68437,83161,Rhinolophus ferrumequinum,0.039,0.039,-1,Echolocation,/mnt/ubna_data_02_mir/recover-20221013/UBNA_001/20221012_030000.WAV,Telephone Field,recover-20221013,001,1795
1619.5305,1619.5383,43515,53411,Pipistrellus pipistrellus,0.012,0.021,-1,Echolocation,/mnt/ubna_data_02_mir/recover-20221013/UBNA_001/20221012_030000.WAV,Telephone Field,recover-20221013,001,1795
1619.5385,1619.5451,24609,35417,Plecotus austriacus,0.011,0.028,-1,Echolocation,/mnt/ubna_data_02_mir/recover-20221013/UBNA_001/20221012_030000.WAV,Telephone Field,recover-20221013,001,1795
1619.5605,1619.5721,51250,56864,Pipistrellus pipistrellus,0.02,0.028,-1,Echolocation,/mnt/ubna_data_02_mir/recover-20221013/UBNA_001/20221012_030000.WAV,Telephone Field,recover-20221013,001,1795
1619.5635,1619.572,27187,36405,Eptesicus serotinus,0.007,0.019,-1,Echolocation,/mnt/ubna_data_02_mir/recover-20221013/UBNA_001/20221012_030000.WAV,Telephone Field,recover-20221013,001,1795
1619.5685,1619.6044,68437,81886,Rhinolophus ferrumequinum,0.019,0.019,-1,Echolocation,/mnt/ubna_data_02_mir/recover-20221013/UBNA_001/20221012_030000.WAV,Telephone Field,recover-20221013,001,1795
1619.5795,1619.6174,68437,81895,Rhinolophus ferrumequinum,0.019,0.019,-1,Echolocation,/mnt/ubna_data_02_mir/recover-20221013/UBNA_001/20221012_030000.WAV,Telephone Field,recover-20221013,001,1795
1619.6035,1619.6428,68437,82317,Rhinolophus ferrumequinum,0.02,0.02,-1,Echolocation,/mnt/ubna_data_02_mir/recover-20221013/UBNA_001/20221012_030000.WAV,Telephone Field,recover-20221013,001,1795
1619.6445,1619.6821,68437,81400,Rhinolophus ferrumequinum,0.019,0.019,-1,Echolocation,/mnt/ubna_data_02_mir/recover-20221013/UBNA_001/20221012_030000.WAV,Telephone Field,recover-20221013,001,1795
1619.6455,1619.6545,29765,38629,Eptesicus serotinus,0.007,0.021,-1,Echolocation,/mnt/ubna_data_02_mir/recover-20221013/UBNA_001/20221012_030000.WAV,Telephone Field,recover-20221013,001,1795
1619.6575,1619.6686,33203,38703,Eptesicus serotinus,0.005,0.021,-1,Echolocation,/mnt/ubna_data_02_mir/recover-20221013/UBNA_001/20221012_030000.WAV,Telephone Field,recover-20221013,001,1795
1619.6595,1619.6688,28046,35581,Eptesicus serotinus,0.008,0.021,-1,Echolocation,/mnt/ubna_data_02_mir/recover-20221013/UBNA_001/20221012_030000.WAV,Telephone Field,recover-20221013,001,1795
1619.7235,1619.7641,68437,82016,Rhinolophus ferrumequinum,0.021,0.021,-1,Echolocation,/mnt/ubna_data_02_mir/recover-20221013/UBNA_001/20221012_030000.WAV,Telephone Field,recover-20221013,001,1795
1619.7445,1619.7825,68437,82273,Rhinolophus ferrumequinum,0.021,0.021,-1,Echolocation,/mnt/ubna_data_02_mir/recover-20221013/UBNA_001/20221012_030000.WAV,Telephone Field,recover-20221013,001,1795
1619.7655,1619.8029,68437,82115,Rhinolophus ferrumequinum,0.019,0.019,-1,Echolocation,/mnt/ubna_data_02_mir/recover-20221013/UBNA_001/20221012_030000.WAV,Telephone Field,recover-20221013,001,1795
1619.7765,1619.8154,68437,82410,Rhinolophus ferrumequinum,0.019,0.019,-1,Echolocation,/mnt/ubna_data_02_mir/recover-20221013/UBNA_001/20221012_030000.WAV,Telephone Field,recover-20221013,001,1795
1619.7795,1619.788,28046,36018,Eptesicus serotinus,0.009,0.022,-1,Echolocation,/mnt/ubna_data_02_mir/recover-20221013/UBNA_001/20221012_030000.WAV,Telephone Field,recover-20221013,001,1795
1619.8035,1619.8425,68437,82299,Rhinolophus ferrumequinum,0.02,0.02,-1,Echolocation,/mnt/ubna_data_02_mir/recover-20221013/UBNA_001/20221012_030000.WAV,Telephone Field,recover-20221013,001,1795
1619.8205,1619.86,68437,82467,Rhinolophus ferrumequinum,0.021,0.021,-1,Echolocation,/mnt/ubna_data_02_mir/recover-20221013/UBNA_001/20221012_030000.WAV,Telephone Field,recover-20221013,001,1795
1619.8255,1619.835,28046,36276,Eptesicus serotinus,0.008,0.019,-1,Echolocation,/mnt/ubna_data_02_mir/recover-20221013/UBNA_001/20221012_030000.WAV,Telephone Field,recover-20221013,001,1795
1619.8475,1619.855,32343,46900,Myotis daubentonii,0.009,0.021,-1,Echolocation,/mnt/ubna_data_02_mir/recover-20221013/UBNA_001/20221012_030000.WAV,Telephone Field,recover-20221013,001,1795
1619.8475,1619.8544,28046,43135,Eptesicus serotinus,0.006,0.022,-1,Echolocation,/mnt/ubna_data_02_mir/recover-20221013/UBNA_001/20221012_030000.WAV,Telephone Field,recover-20221013,001,1795
1619.8545,1619.8946,68437,83000,Rhinolophus ferrumequinum,0.023,0.023,-1,Echolocation,/mnt/ubna_data_02_mir/recover-20221013/UBNA_001/20221012_030000.WAV,Telephone Field,recover-20221013,001,1795
1619.8915,1619.9284,68437,81202,Rhinolophus ferrumequinum,0.019,0.019,-1,Echolocation,/mnt/ubna_data_02_mir/recover-20221013/UBNA_001/20221012_030000.WAV,Telephone Field,recover-20221013,001,1795
1619.9495,1619.9825,68437,80552,Rhinolophus ferrumequinum,0.02,0.02,-1,Echolocation,/mnt/ubna_data_02_mir/recover-20221013/UBNA_001/20221012_030000.WAV,Telephone Field,recover-20221013,001,1795
1619.9585,1619.9656,28906,39617,Eptesicus serotinus,0.008,0.026,-1,Echolocation,/mnt/ubna_data_02_mir/recover-20221013/UBNA_001/20221012_030000.WAV,Telephone Field,recover-20221013,001,1795
1619.9595,1619.9968,68437,81247,Rhinolophus ferrumequinum,0.022,0.022,-1,Echolocation,/mnt/ubna_data_02_mir/recover-20221013/UBNA_001/20221012_030000.WAV,Telephone Field,recover-20221013,001,1795
1620.0015,1620.0083,47812,55538,Pipistrellus pipistrellus,0.015,0.025,-1,Echolocation,/mnt/ubna_data_02_mir/recover-20221013/UBNA_001/20221012_030000.WAV,Telephone Field,recover-20221013,001,1795
1620.0015,1620.0342,69296,81267,Rhinolophus ferrumequinum,0.025,0.025,-1,Echolocation,/mnt/ubna_data_02_mir/recover-20221013/UBNA_001/20221012_030000.WAV,Telephone Field,recover-20221013,001,1795
1620.0015,1620.0152,17734,22682,Nyctalus noctula,0.011,0.024,-1,Echolocation,/mnt/ubna_data_02_mir/recover-20221013/UBNA_001/20221012_030000.WAV,Telephone Field,recover-20221013,001,1795
1620.0605,1620.1022,68437,82494,Rhinolophus ferrumequinum,0.022,0.022,-1,Echolocation,/mnt/ubna_data_02_mir/recover-20221013/UBNA_001/20221012_030000.WAV,Telephone Field,recover-20221013,001,1795
1620.0605,1620.0709,22031,26772,Nyctalus leisleri,0.013,0.027,-1,Echolocation,/mnt/ubna_data_02_mir/recover-20221013/UBNA_001/20221012_030000.WAV,Telephone Field,recover-20221013,001,1795
1620.0725,1620.1126,68437,82932,Rhinolophus ferrumequinum,0.022,0.022,-1,Echolocation,/mnt/ubna_data_02_mir/recover-20221013/UBNA_001/20221012_030000.WAV,Telephone Field,recover-20221013,001,1795
1620.0965,1620.1352,68437,82599,Rhinolophus ferrumequinum,0.021,0.021,-1,Echolocation,/mnt/ubna_data_02_mir/recover-20221013/UBNA_001/20221012_030000.WAV,Telephone Field,recover-20221013,001,1795
1620.1345,1620.1447,24609,32392,Eptesicus serotinus,0.009,0.027,-1,Echolocation,/mnt/ubna_data_02_mir/recover-20221013/UBNA_001/20221012_030000.WAV,Telephone Field,recover-20221013,001,1795
1620.1365,1620.1703,68437,81291,Rhinolophus ferrumequinum,0.021,0.022,-1,Echolocation,/mnt/ubna_data_02_mir/recover-20221013/UBNA_001/20221012_030000.WAV,Telephone Field,recover-20221013,001,1795
1620.1565,1620.1666,45234,49196,Pipistrellus pipistrellus,0.027,0.029,-1,Echolocation,/mnt/ubna_data_02_mir/recover-20221013/UBNA_001/20221012_030000.WAV,Telephone Field,recover-20221013,001,1795
1620.1895,1620.2295,68437,82510,Rhinolophus ferrumequinum,0.024,0.024,-1,Echolocation,/mnt/ubna_data_02_mir/recover-20221013/UBNA_001/20221012_030000.WAV,Telephone Field,recover-20221013,001,1795
1620.1895,1620.1965,28046,43901,Eptesicus serotinus,0.006,0.022,-1,Echolocation,/mnt/ubna_data_02_mir/recover-20221013/UBNA_001/20221012_030000.WAV,Telephone Field,recover-20221013,001,1795
1620.2055,1620.2449,68437,82656,Rhinolophus ferrumequinum,0.029,0.029,-1,Echolocation,/mnt/ubna_data_02_mir/recover-20221013/UBNA_001/20221012_030000.WAV,Telephone Field,recover-20221013,001,1795
1620.2345,1620.2431,28046,41789,Eptesicus serotinus,0.008,0.021,-1,Echolocation,/mnt/ubna_data_02_mir/recover-20221013/UBNA_001/20221012_030000.WAV,Telephone Field,recover-20221013,001,1795
1620.2625,1620.3002,68437,82010,Rhinolophus ferrumequinum,0.021,0.021,-1,Echolocation,/mnt/ubna_data_02_mir/recover-20221013/UBNA_001/20221012_030000.WAV,Telephone Field,recover-20221013,001,1795
1620.2775,1620.3196,68437,82940,Rhinolophus ferrumequinum,0.028,0.028,-1,Echolocation,/mnt/ubna_data_02_mir/recover-20221013/UBNA_001/20221012_030000.WAV,Telephone Field,recover-20221013,001,1795
1620.3275,1620.3374,28906,36317,Eptesicus serotinus,0.012,0.025,-1,Echolocation,/mnt/ubna_data_02_mir/recover-20221013/UBNA_001/20221012_030000.WAV,Telephone Field,recover-20221013,001,1795
1620.3335,1620.3705,68437,81723,Rhinolophus ferrumequinum,0.023,0.023,-1,Echolocation,/mnt/ubna_data_02_mir/recover-20221013/UBNA_001/20221012_030000.WAV,Telephone Field,recover-20221013,001,1795
1620.3545,1620.3641,28046,36081,Eptesicus serotinus,0.01,0.022,-1,Echolocation,/mnt/ubna_data_02_mir/recover-20221013/UBNA_001/20221012_030000.WAV,Telephone Field,recover-20221013,001,1795
1620.3845,1620.3953,22031,26785,Nyctalus leisleri,0.012,0.024,-1,Echolocation,/mnt/ubna_data_02_mir/recover-20221013/UBNA_001/20221012_030000.WAV,Telephone Field,recover-20221013,001,1795
1620.4445,1620.4839,68437,81852,Rhinolophus ferrumequinum,0.024,0.024,-1,Echolocation,/mnt/ubna_data_02_mir/recover-20221013/UBNA_001/20221012_030000.WAV,Telephone Field,recover-20221013,001,1795
1620.4495,1620.4869,68437,81802,Rhinolophus ferrumequinum,0.025,0.025,-1,Echolocation,/mnt/ubna_data_02_mir/recover-20221013/UBNA_001/20221012_030000.WAV,Telephone Field,recover-20221013,001,1795
1620.4595,1620.4963,68437,82391,Rhinolophus ferrumequinum,0.022,0.022,-1,Echolocation,/mnt/ubna_data_02_mir/recover-20221013/UBNA_001/20221012_030000.WAV,Telephone Field,recover-20221013,001,1795
1620.4655,1620.5064,68437,82228,Rhinolophus ferrumequinum,0.021,0.021,-1,Echolocation,/mnt/ubna_data_02_mir/recover-20221013/UBNA_001/20221012_030000.WAV,Telephone Field,recover-20221013,001,1795
1620.4915,1620.5018,22031,27409,Nyctalus leisleri,0.009,0.022,-1,Echolocation,/mnt/ubna_data_02_mir/recover-20221013/UBNA_001/20221012_030000.WAV,Telephone Field,recover-20221013,001,1795
1620.5675,1620.5757,22890,29496,Plecotus austriacus,0.009,0.021,-1,Echolocation,/mnt/ubna_data_02_mir/recover-20221013/UBNA_001/20221012_030000.WAV,Telephone Field,recover-20221013,001,1795
1620.5835,1620.6226,68437,81900,Rhinolophus ferrumequinum,0.021,0.021,-1,Echolocation,/mnt/ubna_data_02_mir/recover-20221013/UBNA_001/20221012_030000.WAV,Telephone Field,recover-20221013,001,1795
1620.5935,1620.6005,27187,38328,Eptesicus serotinus,0.006,0.023,-1,Echolocation,/mnt/ubna_data_02_mir/recover-20221013/UBNA_001/20221012_030000.WAV,Telephone Field,recover-20221013,001,1795
1620.6425,1620.6522,40937,49488,Pipistrellus nathusii,0.005,0.022,-1,Echolocation,/mnt/ubna_data_02_mir/recover-20221013/UBNA_001/20221012_030000.WAV,Telephone Field,recover-20221013,001,1795
1620.6595,1620.6987,68437,82050,Rhinolophus ferrumequinum,0.021,0.021,-1,Echolocation,/mnt/ubna_data_02_mir/recover-20221013/UBNA_001/20221012_030000.WAV,Telephone Field,recover-20221013,001,1795
1620.6845,1620.7233,68437,81891,Rhinolophus ferrumequinum,0.021,0.021,-1,Echolocation,/mnt/ubna_data_02_mir/recover-20221013/UBNA_001/20221012_030000.WAV,Telephone Field,recover-20221013,001,1795
1620.7145,1620.7555,68437,82224,Rhinolophus ferrumequinum,0.021,0.021,-1,Echolocation,/mnt/ubna_data_02_mir/recover-20221013/UBNA_001/20221012_030000.WAV,Telephone Field,recover-20221013,001,1795
1620.7675,1620.7742,27187,39323,Eptesicus serotinus,0.006,0.022,-1,Echolocation,/mnt/ubna_data_02_mir/recover-20221013/UBNA_001/20221012_030000.WAV,Telephone Field,recover-20221013,001,1795
1620.8235,1620.832,48671,55607,Pipistrellus pipistrellus,0.016,0.021,-1,Echolocation,/mnt/ubna_data_02_mir/recover-20221013/UBNA_001/20221012_030000.WAV,Telephone Field,recover-20221013,001,1795
1620.8245,1620.8656,68437,82610,Rhinolophus ferrumequinum,0.025,0.025,-1,Echolocation,/mnt/ubna_data_02_mir/recover-20221013/UBNA_001/20221012_030000.WAV,Telephone Field,recover-20221013,001,1795
1620.8435,1620.882,68437,82022,Rhinolophus ferrumequinum,0.022,0.022,-1,Echolocation,/mnt/ubna_data_02_mir/recover-20221013/UBNA_001/20221012_030000.WAV,Telephone Field,recover-20221013,001,1795
1620.8855,1620.8924,28046,41340,Eptesicus serotinus,0.007,0.023,-1,Echolocation,/mnt/ubna_data_02_mir/recover-20221013/UBNA_001/20221012_030000.WAV,Telephone Field,recover-20221013,001,1795
1620.9305,1620.9675,68437,81895,Rhinolophus ferrumequinum,0.021,0.021,-1,Echolocation,/mnt/ubna_data_02_mir/recover-20221013/UBNA_001/20221012_030000.WAV,Telephone Field,recover-20221013,001,1795
1620.9475,1620.9854,68437,82025,Rhinolophus ferrumequinum,0.027,0.027,-1,Echolocation,/mnt/ubna_data_02_mir/recover-20221013/UBNA_001/20221012_030000.WAV,Telephone Field,recover-20221013,001,1795
1620.9625,1620.9747,23750,29468,Nyctalus leisleri,0.019,0.04,-1,Echolocation,/mnt/ubna_data_02_mir/recover-20221013/UBNA_001/20221012_030000.WAV,Telephone Field,recover-20221013,001,1795
1620.9825,1621.0204,68437,82198,Rhinolophus ferrumequinum,0.024,0.025,-1,Echolocation,/mnt/ubna_data_02_mir/recover-20221013/UBNA_001/20221012_030000.WAV,Telephone Field,recover-20221013,001,1795
1620.9995,1621.0067,48671,55827,Pipistrellus pipistrellus,0.02,0.022,-1,Echolocation,/mnt/ubna_data_02_mir/recover-20221013/UBNA_001/20221012_030000.WAV,Telephone Field,recover-20221013,001,1795
1621.0205,1621.0318,22890,27862,Nyctalus leisleri,0.015,0.03,-1,Echolocation,/mnt/ubna_data_02_mir/recover-20221013/UBNA_001/20221012_030000.WAV,Telephone Field,recover-20221013,001,1795
1621.0755,1621.1146,68437,82459,Rhinolophus ferrumequinum,0.021,0.021,-1,Echolocation,/mnt/ubna_data_02_mir/recover-20221013/UBNA_001/20221012_030000.WAV,Telephone Field,recover-20221013,001,1795
1621.1385,1621.1779,68437,81628,Rhinolophus ferrumequinum,0.025,0.025,-1,Echolocation,/mnt/ubna_data_02_mir/recover-20221013/UBNA_001/20221012_030000.WAV,Telephone Field,recover-20221013,001,1795
1621.2725,1621.3109,68437,82584,Rhinolophus ferrumequinum,0.024,0.024,-1,Echolocation,/mnt/ubna_data_02_mir/recover-20221013/UBNA_001/20221012_030000.WAV,Telephone Field,recover-20221013,001,1795
1621.2765,1621.2856,27187,36981,Eptesicus serotinus,0.009,0.021,-1,Echolocation,/mnt/ubna_data_02_mir/recover-20221013/UBNA_001/20221012_030000.WAV,Telephone Field,recover-20221013,001,1795
1621.2985,1621.3389,68437,82167,Rhinolophus ferrumequinum,0.021,0.021,-1,Echolocation,/mnt/ubna_data_02_mir/recover-20221013/UBNA_001/20221012_030000.WAV,Telephone Field,recover-20221013,001,1795
1621.3205,1621.361,68437,82796,Rhinolophus ferrumequinum,0.022,0.022,-1,Echolocation,/mnt/ubna_data_02_mir/recover-20221013/UBNA_001/20221012_030000.WAV,Telephone Field,recover-20221013,001,1795
1621.3345,1621.3484,23750,29527,Nyctalus leisleri,0.013,0.031,-1,Echolocation,/mnt/ubna_data_02_mir/recover-20221013/UBNA_001/20221012_030000.WAV,Telephone Field,recover-20221013,001,1795
1621.3505,1621.358,27187,37815,Eptesicus serotinus,0.006,0.021,-1,Echolocation,/mnt/ubna_data_02_mir/recover-20221013/UBNA_001/20221012_030000.WAV,Telephone Field,recover-20221013,001,1795
1621.3615,1621.4018,68437,82649,Rhinolophus ferrumequinum,0.024,0.024,-1,Echolocation,/mnt/ubna_data_02_mir/recover-20221013/UBNA_001/20221012_030000.WAV,Telephone Field,recover-20221013,001,1795
1621.4025,1621.4428,68437,82399,Rhinolophus ferrumequinum,0.021,0.021,-1,Echolocation,/mnt/ubna_data_02_mir/recover-20221013/UBNA_001/20221012_030000.WAV,Telephone Field,recover-20221013,001,1795
1621.4245,1621.4331,28046,38114,Eptesicus serotinus,0.008,0.022,-1,Echolocation,/mnt/ubna_data_02_mir/recover-20221013/UBNA_001/20221012_030000.WAV,Telephone Field,recover-20221013,001,1795
1621.4275,1621.4667,68437,82106,Rhinolophus ferrumequinum,0.022,0.022,-1,Echolocation,/mnt/ubna_data_02_mir/recover-20221013/UBNA_001/20221012_030000.WAV,Telephone Field,recover-20221013,001,1795
1621.4535,1621.4944,68437,83340,Rhinolophus ferrumequinum,0.022,0.022,-1,Echolocation,/mnt/ubna_data_02_mir/recover-20221013/UBNA_001/20221012_030000.WAV,Telephone Field,recover-20221013,001,1795
1621.4905,1621.529,68437,82602,Rhinolophus ferrumequinum,0.023,0.023,-1,Echolocation,/mnt/ubna_data_02_mir/recover-20221013/UBNA_001/20221012_030000.WAV,Telephone Field,recover-20221013,001,1795
1621.5325,1621.542,28906,36715,Eptesicus serotinus,0.009,0.023,-1,Echolocation,/mnt/ubna_data_02_mir/recover-20221013/UBNA_001/20221012_030000.WAV,Telephone Field,recover-20221013,001,1795
1621.5885,1621.6263,68437,81636,Rhinolophus ferrumequinum,0.023,0.023,-1,Echolocation,/mnt/ubna_data_02_mir/recover-20221013/UBNA_001/20221012_030000.WAV,Telephone Field,recover-20221013,001,1795
1621.5975,1621.635,68437,82366,Rhinolophus ferrumequinum,0.026,0.026,-1,Echolocation,/mnt/ubna_data_02_mir/recover-20221013/UBNA_001/20221012_030000.WAV,Telephone Field,recover-20221013,001,1795
1621.6085,1621.6185,28906,37191,Eptesicus serotinus,0.012,0.027,-1,Echolocation,/mnt/ubna_data_02_mir/recover-20221013/UBNA_001/20221012_030000.WAV,Telephone Field,recover-20221013,001,1795
1621.6205,1621.6287,28046,37395,Eptesicus serotinus,0.009,0.023,-1,Echolocation,/mnt/ubna_data_02_mir/recover-20221013/UBNA_001/20221012_030000.WAV,Telephone Field,recover-20221013,001,1795
1621.6335,1621.6747,68437,82604,Rhinolophus ferrumequinum,0.026,0.026,-1,Echolocation,/mnt/ubna_data_02_mir/recover-20221013/UBNA_001/20221012_030000.WAV,Telephone Field,recover-20221013,001,1795
1621.6365,1621.6529,21171,24721,Nyctalus leisleri,0.014,0.024,-1,Echolocation,/mnt/ubna_data_02_mir/recover-20221013/UBNA_001/20221012_030000.WAV,Telephone Field,recover-20221013,001,1795
1621.6615,1621.6737,22031,26088,Nyctalus leisleri,0.013,0.022,-1,Echolocation,/mnt/ubna_data_02_mir/recover-20221013/UBNA_001/20221012_030000.WAV,Telephone Field,recover-20221013,001,1795
1621.7275,1621.7636,68437,81568,Rhinolophus ferrumequinum,0.021,0.021,-1,Echolocation,/mnt/ubna_data_02_mir/recover-20221013/UBNA_001/20221012_030000.WAV,Telephone Field,recover-20221013,001,1795
1621.7315,1621.7421,23750,29259,Nyctalus leisleri,0.009,0.021,-1,Echolocation,/mnt/ubna_data_02_mir/recover-20221013/UBNA_001/20221012_030000.WAV,Telephone Field,recover-20221013,001,1795
1621.7545,1621.7934,68437,82140,Rhinolophus ferrumequinum,0.022,0.022,-1,Echolocation,/mnt/ubna_data_02_mir/recover-20221013/UBNA_001/20221012_030000.WAV,Telephone Field,recover-20221013,001,1795
1621.7905,1621.8314,68437,82988,Rhinolophus ferrumequinum,0.032,0.032,-1,Echolocation,/mnt/ubna_data_02_mir/recover-20221013/UBNA_001/20221012_030000.WAV,Telephone Field,recover-20221013,001,1795
1621.8545,1621.8926,68437,82172,Rhinolophus ferrumequinum,0.023,0.023,-1,Echolocation,/mnt/ubna_data_02_mir/recover-20221013/UBNA_001/20221012_030000.WAV,Telephone Field,recover-20221013,001,1795
1621.8555,1621.8657,22031,26758,Nyctalus leisleri,0.011,0.024,-1,Echolocation,/mnt/ubna_data_02_mir/recover-20221013/UBNA_001/20221012_030000.WAV,Telephone Field,recover-20221013,001,1795
1621.8655,1621.9047,68437,82048,Rhinolophus ferrumequinum,0.021,0.021,-1,Echolocation,/mnt/ubna_data_02_mir/recover-20221013/UBNA_001/20221012_030000.WAV,Telephone Field,recover-20221013,001,1795
1621.8765,1621.8837,26328,36107,Eptesicus serotinus,0.006,0.021,-1,Echolocation,/mnt/ubna_data_02_mir/recover-20221013/UBNA_001/20221012_030000.WAV,Telephone Field,recover-20221013,001,1795
1621.8995,1621.9069,23750,32802,Plecotus austriacus,0.014,0.029,-1,Echolocation,/mnt/ubna_data_02_mir/recover-20221013/UBNA_001/20221012_030000.WAV,Telephone Field,recover-20221013,001,1795
1621.9255,1621.9653,68437,82378,Rhinolophus ferrumequinum,0.021,0.021,-1,Echolocation,/mnt/ubna_data_02_mir/recover-20221013/UBNA_001/20221012_030000.WAV,Telephone Field,recover-20221013,001,1795
1621.9555,1621.9952,68437,82132,Rhinolophus ferrumequinum,0.024,0.024,-1,Echolocation,/mnt/ubna_data_02_mir/recover-20221013/UBNA_001/20221012_030000.WAV,Telephone Field,recover-20221013,001,1795
1621.9865,1621.9963,22890,29941,Nyctalus leisleri,0.007,0.022,-1,Echolocation,/mnt/ubna_data_02_mir/recover-20221013/UBNA_001/20221012_030000.WAV,Telephone Field,recover-20221013,001,1795
1622.0015,1622.0317,68437,80219,Rhinolophus ferrumequinum,0.027,0.028,-1,Echolocation,/mnt/ubna_data_02_mir/recover-20221013/UBNA_001/20221012_030000.WAV,Telephone Field,recover-20221013,001,1795
1622.0015,1622.0096,26328,35498,Nyctalus leisleri,0.007,0.023,-1,Echolocation,/mnt/ubna_data_02_mir/recover-20221013/UBNA_001/20221012_030000.WAV,Telephone Field,recover-20221013,001,1795
1622.0495,1622.0889,68437,81885,Rhinolophus ferrumequinum,0.026,0.026,-1,Echolocation,/mnt/ubna_data_02_mir/recover-20221013/UBNA_001/20221012_030000.WAV,Telephone Field,recover-20221013,001,1795
1622.0945,1622.1334,68437,81922,Rhinolophus ferrumequinum,0.02,0.02,-1,Echolocation,/mnt/ubna_data_02_mir/recover-20221013/UBNA_001/20221012_030000.WAV,Telephone Field,recover-20221013,001,1795
1622.1315,1622.1382,28046,40748,Eptesicus serotinus,0.006,0.024,-1,Echolocation,/mnt/ubna_data_02_mir/recover-20221013/UBNA_001/20221012_030000.WAV,Telephone Field,recover-20221013,001,1795
1622.1425,1622.182,68437,82501,Rhinolophus ferrumequinum,0.021,0.021,-1,Echolocation,/mnt/ubna_data_02_mir/recover-20221013/UBNA_001/20221012_030000.WAV,Telephone Field,recover-20221013,001,1795
1622.1565,1622.1659,23750,30574,Nyctalus leisleri,0.007,0.022,-1,Echolocation,/mnt/ubna_data_02_mir/recover-20221013/UBNA_001/20221012_030000.WAV,Telephone Field,recover-20221013,001,1795
1622.2065,1622.245,68437,81578,Rhinolophus ferrumequinum,0.02,0.02,-1,Echolocation,/mnt/ubna_data_02_mir/recover-20221013/UBNA_001/20221012_030000.WAV,Telephone Field,recover-20221013,001,1795
1622.2085,1622.2159,28046,40375,Eptesicus serotinus,0.006,0.021,-1,Echolocation,/mnt/ubna_data_02_mir/recover-20221013/UBNA_001/20221012_030000.WAV,Telephone Field,recover-20221013,001,1795
1622.2455,1622.2534,28906,38501,Eptesicus serotinus,0.007,0.021,-1,Echolocation,/mnt/ubna_data_02_mir/recover-20221013/UBNA_001/20221012_030000.WAV,Telephone Field,recover-20221013,001,1795
1622.2995,1622.3077,24609,32765,Plecotus austriacus,0.007,0.024,-1,Echolocation,/mnt/ubna_data_02_mir/recover-20221013/UBNA_001/20221012_030000.WAV,Telephone Field,recover-20221013,001,1795
1622.3195,1622.3617,68437,82120,Rhinolophus ferrumequinum,0.028,0.028,-1,Echolocation,/mnt/ubna_data_02_mir/recover-20221013/UBNA_001/20221012_030000.WAV,Telephone Field,recover-20221013,001,1795
1622.3405,1622.3824,68437,82900,Rhinolophus ferrumequinum,0.037,0.037,-1,Echolocation,/mnt/ubna_data_02_mir/recover-20221013/UBNA_001/20221012_030000.WAV,Telephone Field,recover-20221013,001,1795
1622.4145,1622.4338,18593,21792,Nyctalus noctula,0.011,0.021,-1,Echolocation,/mnt/ubna_data_02_mir/recover-20221013/UBNA_001/20221012_030000.WAV,Telephone Field,recover-20221013,001,1795
1622.4275,1622.4662,68437,82683,Rhinolophus ferrumequinum,0.022,0.022,-1,Echolocation,/mnt/ubna_data_02_mir/recover-20221013/UBNA_001/20221012_030000.WAV,Telephone Field,recover-20221013,001,1795
1622.4775,1622.5162,68437,82203,Rhinolophus ferrumequinum,0.021,0.021,-1,Echolocation,/mnt/ubna_data_02_mir/recover-20221013/UBNA_001/20221012_030000.WAV,Telephone Field,recover-20221013,001,1795
1622.5365,1622.5756,68437,81942,Rhinolophus ferrumequinum,0.02,0.021,-1,Echolocation,/mnt/ubna_data_02_mir/recover-20221013/UBNA_001/20221012_030000.WAV,Telephone Field,recover-20221013,001,1795
1622.5435,1622.5814,68437,81640,Rhinolophus ferrumequinum,0.021,0.021,-1,Echolocation,/mnt/ubna_data_02_mir/recover-20221013/UBNA_001/20221012_030000.WAV,Telephone Field,recover-20221013,001,1795
1622.5535,1622.5685,25468,29692,Nyctalus leisleri,0.019,0.038,-1,Echolocation,/mnt/ubna_data_02_mir/recover-20221013/UBNA_001/20221012_030000.WAV,Telephone Field,recover-20221013,001,1795
1622.5705,1622.6065,68437,81914,Rhinolophus ferrumequinum,0.02,0.02,-1,Echolocation,/mnt/ubna_data_02_mir/recover-20221013/UBNA_001/20221012_030000.WAV,Telephone Field,recover-20221013,001,1795
1622.6075,1622.6152,25468,34109,Plecotus austriacus,0.005,0.021,-1,Echolocation,/mnt/ubna_data_02_mir/recover-20221013/UBNA_001/20221012_030000.WAV,Telephone Field,recover-20221013,001,1795
1622.6385,1622.6471,28046,41685,Eptesicus serotinus,0.009,0.023,-1,Echolocation,/mnt/ubna_data_02_mir/recover-20221013/UBNA_001/20221012_030000.WAV,Telephone Field,recover-20221013,001,1795
1622.6625,1622.697,68437,80999,Rhinolophus ferrumequinum,0.02,0.02,-1,Echolocation,/mnt/ubna_data_02_mir/recover-20221013/UBNA_001/20221012_030000.WAV,Telephone Field,recover-20221013,001,1795
1622.6705,1622.6777,28046,38957,Eptesicus serotinus,0.008,0.022,-1,Echolocation,/mnt/ubna_data_02_mir/recover-20221013/UBNA_001/20221012_030000.WAV,Telephone Field,recover-20221013,001,1795
1622.7025,1622.7126,22890,28575,Nyctalus leisleri,0.008,0.02,-1,Echolocation,/mnt/ubna_data_02_mir/recover-20221013/UBNA_001/20221012_030000.WAV,Telephone Field,recover-20221013,001,1795
1622.7105,1622.7202,27187,33863,Eptesicus serotinus,0.008,0.02,-1,Echolocation,/mnt/ubna_data_02_mir/recover-20221013/UBNA_001/20221012_030000.WAV,Telephone Field,recover-20221013,001,1795
1622.7395,1622.7485,28906,38335,Eptesicus serotinus,0.008,0.022,-1,Echolocation,/mnt/ubna_data_02_mir/recover-20221013/UBNA_001/20221012_030000.WAV,Telephone Field,recover-20221013,001,1795
1622.7805,1622.8189,68437,82540,Rhinolophus ferrumequinum,0.023,0.023,-1,Echolocation,/mnt/ubna_data_02_mir/recover-20221013/UBNA_001/20221012_030000.WAV,Telephone Field,recover-20221013,001,1795
1622.7865,1622.8245,68437,82482,Rhinolophus ferrumequinum,0.024,0.024,-1,Echolocation,/mnt/ubna_data_02_mir/recover-20221013/UBNA_001/20221012_030000.WAV,Telephone Field,recover-20221013,001,1795
1622.8185,1622.8561,68437,82182,Rhinolophus ferrumequinum,0.024,0.024,-1,Echolocation,/mnt/ubna_data_02_mir/recover-20221013/UBNA_001/20221012_030000.WAV,Telephone Field,recover-20221013,001,1795
1622.8265,1622.8663,68437,82578,Rhinolophus ferrumequinum,0.023,0.023,-1,Echolocation,/mnt/ubna_data_02_mir/recover-20221013/UBNA_001/20221012_030000.WAV,Telephone Field,recover-20221013,001,1795
1622.8425,1622.8503,25468,35767,Eptesicus serotinus,0.007,0.022,-1,Echolocation,/mnt/ubna_data_02_mir/recover-20221013/UBNA_001/20221012_030000.WAV,Telephone Field,recover-20221013,001,1795
1622.8485,1622.8833,68437,81468,Rhinolophus ferrumequinum,0.021,0.021,-1,Echolocation,/mnt/ubna_data_02_mir/recover-20221013/UBNA_001/20221012_030000.WAV,Telephone Field,recover-20221013,001,1795
1622.8505,1622.8593,26328,33661,Eptesicus serotinus,0.008,0.02,-1,Echolocation,/mnt/ubna_data_02_mir/recover-20221013/UBNA_001/20221012_030000.WAV,Telephone Field,recover-20221013,001,1795
1622.8625,1622.8702,28046,39543,Eptesicus serotinus,0.007,0.021,-1,Echolocation,/mnt/ubna_data_02_mir/recover-20221013/UBNA_001/20221012_030000.WAV,Telephone Field,recover-20221013,001,1795
1622.8825,1622.89,48671,53509,Pipistrellus pipistrellus,0.021,0.023,-1,Echolocation,/mnt/ubna_data_02_mir/recover-20221013/UBNA_001/20221012_030000.WAV,Telephone Field,recover-20221013,001,1795
1622.8985,1622.9043,26328,41620,Myotis nattereri,0.005,0.023,-1,Echolocation,/mnt/ubna_data_02_mir/recover-20221013/UBNA_001/20221012_030000.WAV,Telephone Field,recover-20221013,001,1795
1622.9105,1622.9193,28046,36615,Eptesicus serotinus,0.007,0.021,-1,Echolocation,/mnt/ubna_data_02_mir/recover-20221013/UBNA_001/20221012_030000.WAV,Telephone Field,recover-20221013,001,1795
1622.9475,1622.9897,68437,82600,Rhinolophus ferrumequinum,0.024,0.024,-1,Echolocation,/mnt/ubna_data_02_mir/recover-20221013/UBNA_001/20221012_030000.WAV,Telephone Field,recover-20221013,001,1795
1622.9525,1622.966,22890,28118,Nyctalus leisleri,0.016,0.035,-1,Echolocation,/mnt/ubna_data_02_mir/recover-20221013/UBNA_001/20221012_030000.WAV,Telephone Field,recover-20221013,001,1795
1622.9715,1623.0092,68437,82526,Rhinolophus ferrumequinum,0.025,0.025,-1,Echolocation,/mnt/ubna_data_02_mir/recover-20221013/UBNA_001/20221012_030000.WAV,Telephone Field,recover-20221013,001,1795
1622.9905,1623.0287,68437,82081,Rhinolophus ferrumequinum,0.021,0.021,-1,Echolocation,/mnt/ubna_data_02_mir/recover-20221013/UBNA_001/20221012_030000.WAV,Telephone Field,recover-20221013,001,1795
1622.9975,1623.0059,23750,31090,Plecotus austriacus,0.009,0.024,-1,Echolocation,/mnt/ubna_data_02_mir/recover-20221013/UBNA_001/20221012_030000.WAV,Telephone Field,recover-20221013,001,1795
1623.0025,1623.0408,68437,81788,Rhinolophus ferrumequinum,0.021,0.021,-1,Echolocation,/mnt/ubna_data_02_mir/recover-20221013/UBNA_001/20221012_030000.WAV,Telephone Field,recover-20221013,001,1795
1623.0155,1623.0234,28046,37887,Eptesicus serotinus,0.007,0.022,-1,Echolocation,/mnt/ubna_data_02_mir/recover-20221013/UBNA_001/20221012_030000.WAV,Telephone Field,recover-20221013,001,1795
1623.0165,1623.0252,23750,31100,Nyctalus leisleri,0.006,0.022,-1,Echolocation,/mnt/ubna_data_02_mir/recover-20221013/UBNA_001/20221012_030000.WAV,Telephone Field,recover-20221013,001,1795
1623.0425,1623.0799,68437,82205,Rhinolophus ferrumequinum,0.022,0.022,-1,Echolocation,/mnt/ubna_data_02_mir/recover-20221013/UBNA_001/20221012_030000.WAV,Telephone Field,recover-20221013,001,1795
1623.0485,1623.0576,22890,28568,Nyctalus leisleri,0.007,0.02,-1,Echolocation,/mnt/ubna_data_02_mir/recover-20221013/UBNA_001/20221012_030000.WAV,Telephone Field,recover-20221013,001,1795
1623.0495,1623.0884,68437,81702,Rhinolophus ferrumequinum,0.02,0.02,-1,Echolocation,/mnt/ubna_data_02_mir/recover-20221013/UBNA_001/20221012_030000.WAV,Telephone Field,recover-20221013,001,1795
1623.0755,1623.1134,68437,82225,Rhinolophus ferrumequinum,0.02,0.021,-1,Echolocation,/mnt/ubna_data_02_mir/recover-20221013/UBNA_001/20221012_030000.WAV,Telephone Field,recover-20221013,001,1795
1623.1135,1623.1527,68437,82259,Rhinolophus ferrumequinum,0.022,0.022,-1,Echolocation,/mnt/ubna_data_02_mir/recover-20221013/UBNA_001/20221012_030000.WAV,Telephone Field,recover-20221013,001,1795
1623.1575,1623.1946,68437,82170,Rhinolophus ferrumequinum,0.021,0.021,-1,Echolocation,/mnt/ubna_data_02_mir/recover-20221013/UBNA_001/20221012_030000.WAV,Telephone Field,recover-20221013,001,1795
1623.1695,1623.1764,27187,39570,Eptesicus serotinus,0.006,0.022,-1,Echolocation,/mnt/ubna_data_02_mir/recover-20221013/UBNA_001/20221012_030000.WAV,Telephone Field,recover-20221013,001,1795
1623.2845,1623.3278,68437,83161,Rhinolophus ferrumequinum,0.036,0.036,-1,Echolocation,/mnt/ubna_data_02_mir/recover-20221013/UBNA_001/20221012_030000.WAV,Telephone Field,recover-20221013,001,1795
1623.3295,1623.3683,68437,82538,Rhinolophus ferrumequinum,0.023,0.023,-1,Echolocation,/mnt/ubna_data_02_mir/recover-20221013/UBNA_001/20221012_030000.WAV,Telephone Field,recover-20221013,001,1795
1623.3765,1623.3892,23750,28715,Nyctalus leisleri,0.011,0.024,-1,Echolocation,/mnt/ubna_data_02_mir/recover-20221013/UBNA_001/20221012_030000.WAV,Telephone Field,recover-20221013,001,1795
1623.4045,1623.4416,68437,81389,Rhinolophus ferrumequinum,0.021,0.021,-1,Echolocation,/mnt/ubna_data_02_mir/recover-20221013/UBNA_001/20221012_030000.WAV,Telephone Field,recover-20221013,001,1795
1623.4145,1623.4511,68437,82034,Rhinolophus ferrumequinum,0.021,0.021,-1,Echolocation,/mnt/ubna_data_02_mir/recover-20221013/UBNA_001/20221012_030000.WAV,Telephone Field,recover-20221013,001,1795
1623.4285,1623.4686,68437,82744,Rhinolophus ferrumequinum,0.025,0.025,-1,Echolocation,/mnt/ubna_data_02_mir/recover-20221013/UBNA_001/20221012_030000.WAV,Telephone Field,recover-20221013,001,1795
1623.4395,1623.449,28046,36169,Eptesicus serotinus,0.009,0.02,-1,Echolocation,/mnt/ubna_data_02_mir/recover-20221013/UBNA_001/20221012_030000.WAV,Telephone Field,recover-20221013,001,1795
1623.4635,1623.5015,68437,81928,Rhinolophus ferrumequinum,0.02,0.02,-1,Echolocation,/mnt/ubna_data_02_mir/recover-20221013/UBNA_001/20221012_030000.WAV,Telephone Field,recover-20221013,001,1795
1623.5135,1623.5522,68437,81645,Rhinolophus ferrumequinum,0.022,0.022,-1,Echolocation,/mnt/ubna_data_02_mir/recover-20221013/UBNA_001/20221012_030000.WAV,Telephone Field,recover-20221013,001,1795
1623.5575,1623.5723,21171,24500,Nyctalus leisleri,0.012,0.02,-1,Echolocation,/mnt/ubna_data_02_mir/recover-20221013/UBNA_001/20221012_030000.WAV,Telephone Field,recover-20221013,001,1795
1623.5835,1623.5909,23750,31935,Plecotus austriacus,0.008,0.022,-1,Echolocation,/mnt/ubna_data_02_mir/recover-20221013/UBNA_001/20221012_030000.WAV,Telephone Field,recover-20221013,001,1795
1623.5875,1623.6309,68437,82858,Rhinolophus ferrumequinum,0.022,0.022,-1,Echolocation,/mnt/ubna_data_02_mir/recover-20221013/UBNA_001/20221012_030000.WAV,Telephone Field,recover-20221013,001,1795
1623.6315,1623.6489,20312,23870,Nyctalus leisleri,0.02,0.042,-1,Echolocation,/mnt/ubna_data_02_mir/recover-20221013/UBNA_001/20221012_030000.WAV,Telephone Field,recover-20221013,001,1795
1623.6315,1623.6688,68437,81836,Rhinolophus ferrumequinum,0.021,0.021,-1,Echolocation,/mnt/ubna_data_02_mir/recover-20221013/UBNA_001/20221012_030000.WAV,Telephone Field,recover-20221013,001,1795
1623.6725,1623.714,68437,82909,Rhinolophus ferrumequinum,0.027,0.027,-1,Echolocation,/mnt/ubna_data_02_mir/recover-20221013/UBNA_001/20221012_030000.WAV,Telephone Field,recover-20221013,001,1795
1623.6755,1623.682,28046,42387,Eptesicus serotinus,0.006,0.021,-1,Echolocation,/mnt/ubna_data_02_mir/recover-20221013/UBNA_001/20221012_030000.WAV,Telephone Field,recover-20221013,001,1795
1623.6825,1623.7222,68437,82644,Rhinolophus ferrumequinum,0.027,0.027,-1,Echolocation,/mnt/ubna_data_02_mir/recover-20221013/UBNA_001/20221012_030000.WAV,Telephone Field,recover-20221013,001,1795
1623.6955,1623.7072,28906,35967,Eptesicus serotinus,0.01,0.022,-1,Echolocation,/mnt/ubna_data_02_mir/recover-20221013/UBNA_001/20221012_030000.WAV,Telephone Field,recover-20221013,001,1795
1623.7475,1623.7548,44375,48057,Pipistrellus pipistrellus,0.021,0.022,-1,Echolocation,/mnt/ubna_data_02_mir/recover-20221013/UBNA_001/20221012_030000.WAV,Telephone Field,recover-20221013,001,1795
1623.8215,1623.8605,68437,82212,Rhinolophus ferrumequinum,0.021,0.021,-1,Echolocation,/mnt/ubna_data_02_mir/recover-20221013/UBNA_001/20221012_030000.WAV,Telephone Field,recover-20221013,001,1795
1623.8275,1623.8661,68437,82329,Rhinolophus ferrumequinum,0.022,0.022,-1,Echolocation,/mnt/ubna_data_02_mir/recover-20221013/UBNA_001/20221012_030000.WAV,Telephone Field,recover-20221013,001,1795
1623.8355,1623.8727,68437,81856,Rhinolophus ferrumequinum,0.02,0.02,-1,Echolocation,/mnt/ubna_data_02_mir/recover-20221013/UBNA_001/20221012_030000.WAV,Telephone Field,recover-20221013,001,1795
1623.8645,1623.9017,68437,81556,Rhinolophus ferrumequinum,0.02,0.02,-1,Echolocation,/mnt/ubna_data_02_mir/recover-20221013/UBNA_001/20221012_030000.WAV,Telephone Field,recover-20221013,001,1795
1623.8785,1623.8887,27187,35128,Eptesicus serotinus,0.01,0.02,-1,Echolocation,/mnt/ubna_data_02_mir/recover-20221013/UBNA_001/20221012_030000.WAV,Telephone Field,recover-20221013,001,1795
1623.8825,1623.9218,68437,82653,Rhinolophus ferrumequinum,0.02,0.02,-1,Echolocation,/mnt/ubna_data_02_mir/recover-20221013/UBNA_001/20221012_030000.WAV,Telephone Field,recover-20221013,001,1795
1623.9135,1623.9487,68437,80970,Rhinolophus ferrumequinum,0.019,0.02,-1,Echolocation,/mnt/ubna_data_02_mir/recover-20221013/UBNA_001/20221012_030000.WAV,Telephone Field,recover-20221013,001,1795
1623.9165,1623.9256,27187,35755,Eptesicus serotinus,0.009,0.02,-1,Echolocation,/mnt/ubna_data_02_mir/recover-20221013/UBNA_001/20221012_030000.WAV,Telephone Field,recover-20221013,001,1795
1623.9415,1623.9765,68437,81414,Rhinolophus ferrumequinum,0.02,0.02,-1,Echolocation,/mnt/ubna_data_02_mir/recover-20221013/UBNA_001/20221012_030000.WAV,Telephone Field,recover-20221013,001,1795
1623.9525,1623.9654,22890,27233,Nyctalus leisleri,0.019,0.035,-1,Echolocation,/mnt/ubna_data_02_mir/recover-20221013/UBNA_001/20221012_030000.WAV,Telephone Field,recover-20221013,001,1795
1623.9675,1623.9748,28046,40010,Eptesicus serotinus,0.009,0.025,-1,Echolocation,/mnt/ubna_data_02_mir/recover-20221013/UBNA_001/20221012_030000.WAV,Telephone Field,recover-20221013,001,1795
1624.0015,1624.0099,23750,30484,Nyctalus leisleri,0.007,0.022,-1,Echolocation,/mnt/ubna_data_02_mir/recover-20221013/UBNA_001/20221012_030000.WAV,Telephone Field,recover-20221013,001,1795
1624.0015,1624.0304,69296,80725,Rhinolophus ferrumequinum,0.024,0.024,-1,Echolocation,/mnt/ubna_data_02_mir/recover-20221013/UBNA_001/20221012_030000.WAV,Telephone Field,recover-20221013,001,1795
1624.0775,1624.0928,21171,23977,Nyctalus leisleri,0.017,0.027,-1,Echolocation,/mnt/ubna_data_02_mir/recover-20221013/UBNA_001/20221012_030000.WAV,Telephone Field,recover-20221013,001,1795
1624.0845,1624.1043,19453,22068,Nyctalus leisleri,0.015,0.03,-1,Echolocation,/mnt/ubna_data_02_mir/recover-20221013/UBNA_001/20221012_030000.WAV,Telephone Field,recover-20221013,001,1795
1624.1235,1624.1329,28046,39358,Eptesicus serotinus,0.009,0.022,-1,Echolocation,/mnt/ubna_data_02_mir/recover-20221013/UBNA_001/20221012_030000.WAV,Telephone Field,recover-20221013,001,1795
1624.1465,1624.1845,68437,82052,Rhinolophus ferrumequinum,0.021,0.022,-1,Echolocation,/mnt/ubna_data_02_mir/recover-20221013/UBNA_001/20221012_030000.WAV,Telephone Field,recover-20221013,001,1795
1624.1485,1624.1576,28046,39681,Eptesicus serotinus,0.009,0.022,-1,Echolocation,/mnt/ubna_data_02_mir/recover-20221013/UBNA_001/20221012_030000.WAV,Telephone Field,recover-20221013,001,1795
1624.1745,1624.1816,28046,42940,Eptesicus serotinus,0.007,0.023,-1,Echolocation,/mnt/ubna_data_02_mir/recover-20221013/UBNA_001/20221012_030000.WAV,Telephone Field,recover-20221013,001,1795
1624.1755,1624.2141,68437,82225,Rhinolophus ferrumequinum,0.025,0.025,-1,Echolocation,/mnt/ubna_data_02_mir/recover-20221013/UBNA_001/20221012_030000.WAV,Telephone Field,recover-20221013,001,1795
1624.1895,1624.2313,68437,83125,Rhinolophus ferrumequinum,0.031,0.031,-1,Echolocation,/mnt/ubna_data_02_mir/recover-20221013/UBNA_001/20221012_030000.WAV,Telephone Field,recover-20221013,001,1795
1624.1985,1624.2093,28906,35333,Eptesicus serotinus,0.024,0.043,-1,Echolocation,/mnt/ubna_data_02_mir/recover-20221013/UBNA_001/20221012_030000.WAV,Telephone Field,recover-20221013,001,1795
1624.2155,1624.2225,23750,32492,Plecotus austriacus,0.008,0.025,-1,Echolocation,/mnt/ubna_data_02_mir/recover-20221013/UBNA_001/20221012_030000.WAV,Telephone Field,recover-20221013,001,1795
1624.2235,1624.233,24609,32166,Eptesicus serotinus,0.008,0.021,-1,Echolocation,/mnt/ubna_data_02_mir/recover-20221013/UBNA_001/20221012_030000.WAV,Telephone Field,recover-20221013,001,1795
1624.2785,1624.3187,68437,82573,Rhinolophus ferrumequinum,0.024,0.024,-1,Echolocation,/mnt/ubna_data_02_mir/recover-20221013/UBNA_001/20221012_030000.WAV,Telephone Field,recover-20221013,001,1795
1624.3055,1624.3142,28046,39548,Eptesicus serotinus,0.01,0.022,-1,Echolocation,/mnt/ubna_data_02_mir/recover-20221013/UBNA_001/20221012_030000.WAV,Telephone Field,recover-20221013,001,1795
1624.3145,1624.3244,24609,32140,Eptesicus serotinus,0.009,0.023,-1,Echolocation,/mnt/ubna_data_02_mir/recover-20221013/UBNA_001/20221012_030000.WAV,Telephone Field,recover-20221013,001,1795
1624.3325,1624.3432,29765,35923,Eptesicus serotinus,0.009,0.021,-1,Echolocation,/mnt/ubna_data_02_mir/recover-20221013/UBNA_001/20221012_030000.WAV,Telephone Field,recover-20221013,001,1795
1624.3455,1624.3567,22890,27067,Nyctalus leisleri,0.015,0.028,-1,Echolocation,/mnt/ubna_data_02_mir/recover-20221013/UBNA_001/20221012_030000.WAV,Telephone Field,recover-20221013,001,1795
1624.3585,1624.397,68437,82015,Rhinolophus ferrumequinum,0.022,0.022,-1,Echolocation,/mnt/ubna_data_02_mir/recover-20221013/UBNA_001/20221012_030000.WAV,Telephone Field,recover-20221013,001,1795
1624.3925,1624.4002,23750,32094,Plecotus austriacus,0.007,0.022,-1,Echolocation,/mnt/ubna_data_02_mir/recover-20221013/UBNA_001/20221012_030000.WAV,Telephone Field,recover-20221013,001,1795
1624.4575,1624.4972,68437,82824,Rhinolophus ferrumequinum,0.024,0.024,-1,Echolocation,/mnt/ubna_data_02_mir/recover-20221013/UBNA_001/20221012_030000.WAV,Telephone Field,recover-20221013,001,1795
1624.4585,1624.4677,23750,30702,Nyctalus leisleri,0.007,0.023,-1,Echolocation,/mnt/ubna_data_02_mir/recover-20221013/UBNA_001/20221012_030000.WAV,Telephone Field,recover-20221013,001,1795
1624.4765,1624.5084,68437,79723,Rhinolophus ferrumequinum,0.043,0.043,-1,Echolocation,/mnt/ubna_data_02_mir/recover-20221013/UBNA_001/20221012_030000.WAV,Telephone Field,recover-20221013,001,1795
1624.4925,1624.5275,68437,80934,Rhinolophus ferrumequinum,0.021,0.021,-1,Echolocation,/mnt/ubna_data_02_mir/recover-20221013/UBNA_001/20221012_030000.WAV,Telephone Field,recover-20221013,001,1795
1624.5055,1624.5147,28906,37058,Eptesicus serotinus,0.009,0.022,-1,Echolocation,/mnt/ubna_data_02_mir/recover-20221013/UBNA_001/20221012_030000.WAV,Telephone Field,recover-20221013,001,1795
1624.5295,1624.5667,68437,81883,Rhinolophus ferrumequinum,0.023,0.023,-1,Echolocation,/mnt/ubna_data_02_mir/recover-20221013/UBNA_001/20221012_030000.WAV,Telephone Field,recover-20221013,001,1795
1624.5445,1624.5548,23750,29524,Nyctalus leisleri,0.008,0.021,-1,Echolocation,/mnt/ubna_data_02_mir/recover-20221013/UBNA_001/20221012_030000.WAV,Telephone Field,recover-20221013,001,1795
1624.5515,1624.561,26328,34961,Eptesicus serotinus,0.01,0.023,-1,Echolocation,/mnt/ubna_data_02_mir/recover-20221013/UBNA_001/20221012_030000.WAV,Telephone Field,recover-20221013,001,1795
1624.5745,1624.585,24609,31838,Eptesicus serotinus,0.008,0.022,-1,Echolocation,/mnt/ubna_data_02_mir/recover-20221013/UBNA_001/20221012_030000.WAV,Telephone Field,recover-20221013,001,1795
1624.5845,1624.5953,23750,29014,Nyctalus leisleri,0.009,0.021,-1,Echolocation,/mnt/ubna_data_02_mir/recover-20221013/UBNA_001/20221012_030000.WAV,Telephone Field,recover-20221013,001,1795
1624.6125,1624.6552,68437,82917,Rhinolophus ferrumequinum,0.029,0.029,-1,Echolocation,/mnt/ubna_data_02_mir/recover-20221013/UBNA_001/20221012_030000.WAV,Telephone Field,recover-20221013,001,1795
1624.6355,1624.6755,68437,82296,Rhinolophus ferrumequinum,0.022,0.022,-1,Echolocation,/mnt/ubna_data_02_mir/recover-20221013/UBNA_001/20221012_030000.WAV,Telephone Field,recover-20221013,001,1795
1624.6755,1624.7062,68437,80056,Rhinolophus ferrumequinum,0.021,0.021,-1,Echolocation,/mnt/ubna_data_02_mir/recover-20221013/UBNA_001/20221012_030000.WAV,Telephone Field,recover-20221013,001,1795
1624.7605,1624.7687,28046,43285,Eptesicus serotinus,0.008,0.021,-1,Echolocation,/mnt/ubna_data_02_mir/recover-20221013/UBNA_001/20221012_030000.WAV,Telephone Field,recover-20221013,001,1795
1624.8785,1624.9183,68437,82852,Rhinolophus ferrumequinum,0.025,0.025,-1,Echolocation,/mnt/ubna_data_02_mir/recover-20221013/UBNA_001/20221012_030000.WAV,Telephone Field,recover-20221013,001,1795
1624.8925,1624.908,18593,22887,Nyctalus noctula,0.014,0.023,-1,Echolocation,/mnt/ubna_data_02_mir/recover-20221013/UBNA_001/20221012_030000.WAV,Telephone Field,recover-20221013,001,1795
1624.9065,1624.9132,28046,39901,Eptesicus serotinus,0.006,0.021,-1,Echolocation,/mnt/ubna_data_02_mir/recover-20221013/UBNA_001/20221012_030000.WAV,Telephone Field,recover-20221013,001,1795
1624.9245,1624.936,22890,28239,Nyctalus leisleri,0.01,0.023,-1,Echolocation,/mnt/ubna_data_02_mir/recover-20221013/UBNA_001/20221012_030000.WAV,Telephone Field,recover-20221013,001,1795
1624.9305,1624.941,23750,29804,Nyctalus leisleri,0.008,0.023,-1,Echolocation,/mnt/ubna_data_02_mir/recover-20221013/UBNA_001/20221012_030000.WAV,Telephone Field,recover-20221013,001,1795
1624.9575,1624.9969,68437,82157,Rhinolophus ferrumequinum,0.024,0.024,-1,Echolocation,/mnt/ubna_data_02_mir/recover-20221013/UBNA_001/20221012_030000.WAV,Telephone Field,recover-20221013,001,1795
1624.9875,1624.9969,27187,35024,Eptesicus serotinus,0.009,0.021,-1,Echolocation,/mnt/ubna_data_02_mir/recover-20221013/UBNA_001/20221012_030000.WAV,Telephone Field,recover-20221013,001,1795
1625.0095,1625.0197,22031,27735,Nyctalus leisleri,0.01,0.024,-1,Echolocation,/mnt/ubna_data_02_mir/recover-20221013/UBNA_001/20221012_030000.WAV,Telephone Field,recover-20221013,001,1795
1625.0115,1625.0184,28046,38407,Eptesicus serotinus,0.009,0.024,-1,Echolocation,/mnt/ubna_data_02_mir/recover-20221013/UBNA_001/20221012_030000.WAV,Telephone Field,recover-20221013,001,1795
1625.0615,1625.1064,68437,83345,Rhinolophus ferrumequinum,0.024,0.024,-1,Echolocation,/mnt/ubna_data_02_mir/recover-20221013/UBNA_001/20221012_030000.WAV,Telephone Field,recover-20221013,001,1795
1625.1005,1625.1381,68437,82107,Rhinolophus ferrumequinum,0.021,0.021,-1,Echolocation,/mnt/ubna_data_02_mir/recover-20221013/UBNA_001/20221012_030000.WAV,Telephone Field,recover-20221013,001,1795
1625.1345,1625.1721,68437,81560,Rhinolophus ferrumequinum,0.021,0.021,-1,Echolocation,/mnt/ubna_data_02_mir/recover-20221013/UBNA_001/20221012_030000.WAV,Telephone Field,recover-20221013,001,1795
1625.1545,1625.1652,23750,28998,Nyctalus leisleri,0.012,0.025,-1,Echolocation,/mnt/ubna_data_02_mir/recover-20221013/UBNA_001/20221012_030000.WAV,Telephone Field,recover-20221013,001,1795
1625.1725,1625.2107,68437,82068,Rhinolophus ferrumequinum,0.021,0.021,-1,Echolocation,/mnt/ubna_data_02_mir/recover-20221013/UBNA_001/20221012_030000.WAV,Telephone Field,recover-20221013,001,1795
1625.1755,1625.1841,34062,44239,Myotis daubentonii,0.006,0.024,-1,Echolocation,/mnt/ubna_data_02_mir/recover-20221013/UBNA_001/20221012_030000.WAV,Telephone Field,recover-20221013,001,1795
1625.1905,1625.197,37500,49336,Myotis daubentonii,0.006,0.022,-1,Echolocation,/mnt/ubna_data_02_mir/recover-20221013/UBNA_001/20221012_030000.WAV,Telephone Field,recover-20221013,001,1795
1625.1915,1625.1979,28046,42296,Eptesicus serotinus,0.005,0.021,-1,Echolocation,/mnt/ubna_data_02_mir/recover-20221013/UBNA_001/20221012_030000.WAV,Telephone Field,recover-20221013,001,1795
1625.2375,1625.2461,22890,29602,Plecotus austriacus,0.008,0.021,-1,Echolocation,/mnt/ubna_data_02_mir/recover-20221013/UBNA_001/20221012_030000.WAV,Telephone Field,recover-20221013,001,1795
1625.2495,1625.2878,68437,81575,Rhinolophus ferrumequinum,0.024,0.024,-1,Echolocation,/mnt/ubna_data_02_mir/recover-20221013/UBNA_001/20221012_030000.WAV,Telephone Field,recover-20221013,001,1795
1625.2945,1625.302,25468,34559,Eptesicus serotinus,0.007,0.023,-1,Echolocation,/mnt/ubna_data_02_mir/recover-20221013/UBNA_001/20221012_030000.WAV,Telephone Field,recover-20221013,001,1795
1625.3175,1625.3545,68437,81814,Rhinolophus ferrumequinum,0.021,0.021,-1,Echolocation,/mnt/ubna_data_02_mir/recover-20221013/UBNA_001/20221012_030000.WAV,Telephone Field,recover-20221013,001,1795
1625.3375,1625.3466,25468,33587,Eptesicus serotinus,0.009,0.021,-1,Echolocation,/mnt/ubna_data_02_mir/recover-20221013/UBNA_001/20221012_030000.WAV,Telephone Field,recover-20221013,001,1795
1625.3545,1625.3645,22031,27604,Nyctalus leisleri,0.009,0.021,-1,Echolocation,/mnt/ubna_data_02_mir/recover-20221013/UBNA_001/20221012_030000.WAV,Telephone Field,recover-20221013,001,1795
1625.3695,1625.4093,68437,82451,Rhinolophus ferrumequinum,0.023,0.023,-1,Echolocation,/mnt/ubna_data_02_mir/recover-20221013/UBNA_001/20221012_030000.WAV,Telephone Field,recover-20221013,001,1795
1625.3855,1625.4011,21171,25164,Nyctalus leisleri,0.015,0.031,-1,Echolocation,/mnt/ubna_data_02_mir/recover-20221013/UBNA_001/20221012_030000.WAV,Telephone Field,recover-20221013,001,1795
1625.3865,1625.4266,68437,82521,Rhinolophus ferrumequinum,0.021,0.021,-1,Echolocation,/mnt/ubna_data_02_mir/recover-20221013/UBNA_001/20221012_030000.WAV,Telephone Field,recover-20221013,001,1795
1625.4505,1625.4583,28906,39706,Eptesicus serotinus,0.007,0.021,-1,Echolocation,/mnt/ubna_data_02_mir/recover-20221013/UBNA_001/20221012_030000.WAV,Telephone Field,recover-20221013,001,1795
1625.4625,1625.4706,24609,32800,Plecotus austriacus,0.007,0.025,-1,Echolocation,/mnt/ubna_data_02_mir/recover-20221013/UBNA_001/20221012_030000.WAV,Telephone Field,recover-20221013,001,1795
1625.4695,1625.5065,68437,82065,Rhinolophus ferrumequinum,0.021,0.021,-1,Echolocation,/mnt/ubna_data_02_mir/recover-20221013/UBNA_001/20221012_030000.WAV,Telephone Field,recover-20221013,001,1795
1625.4965,1625.532,68437,81033,Rhinolophus ferrumequinum,0.022,0.022,-1,Echolocation,/mnt/ubna_data_02_mir/recover-20221013/UBNA_001/20221012_030000.WAV,Telephone Field,recover-20221013,001,1795
1625.5245,1625.5322,29765,37198,Eptesicus serotinus,0.007,0.021,-1,Echolocation,/mnt/ubna_data_02_mir/recover-20221013/UBNA_001/20221012_030000.WAV,Telephone Field,recover-20221013,001,1795
1625.5445,1625.5543,23750,30375,Eptesicus serotinus,0.007,0.021,-1,Echolocation,/mnt/ubna_data_02_mir/recover-20221013/UBNA_001/20221012_030000.WAV,Telephone Field,recover-20221013,001,1795
1625.5655,1625.574,25468,33641,Eptesicus serotinus,0.009,0.023,-1,Echolocation,/mnt/ubna_data_02_mir/recover-20221013/UBNA_001/20221012_030000.WAV,Telephone Field,recover-20221013,001,1795
1625.5735,1625.5829,28906,36383,Eptesicus serotinus,0.013,0.026,-1,Echolocation,/mnt/ubna_data_02_mir/recover-20221013/UBNA_001/20221012_030000.WAV,Telephone Field,recover-20221013,001,1795
1625.5865,1625.6262,68437,81807,Rhinolophus ferrumequinum,0.022,0.022,-1,Echolocation,/mnt/ubna_data_02_mir/recover-20221013/UBNA_001/20221012_030000.WAV,Telephone Field,recover-20221013,001,1795
1625.5875,1625.5981,28046,34992,Eptesicus serotinus,0.01,0.024,-1,Echolocation,/mnt/ubna_data_02_mir/recover-20221013/UBNA_001/20221012_030000.WAV,Telephone Field,recover-20221013,001,1795
1625.6125,1625.6194,28906,40834,Eptesicus serotinus,0.008,0.024,-1,Echolocation,/mnt/ubna_data_02_mir/recover-20221013/UBNA_001/20221012_030000.WAV,Telephone Field,recover-20221013,001,1795
1625.6325,1625.6683,68437,81399,Rhinolophus ferrumequinum,0.021,0.021,-1,Echolocation,/mnt/ubna_data_02_mir/recover-20221013/UBNA_001/20221012_030000.WAV,Telephone Field,recover-20221013,001,1795
1625.7015,1625.7442,68437,82918,Rhinolophus ferrumequinum,0.028,0.028,-1,Echolocation,/mnt/ubna_data_02_mir/recover-20221013/UBNA_001/20221012_030000.WAV,Telephone Field,recover-20221013,001,1795
1625.7045,1625.7113,24609,33734,Plecotus austriacus,0.009,0.024,-1,Echolocation,/mnt/ubna_data_02_mir/recover-20221013/UBNA_001/20221012_030000.WAV,Telephone Field,recover-20221013,001,1795
1625.7795,1625.7863,28046,38806,Eptesicus serotinus,0.007,0.022,-1,Echolocation,/mnt/ubna_data_02_mir/recover-20221013/UBNA_001/20221012_030000.WAV,Telephone Field,recover-20221013,001,1795
1625.8085,1625.8492,68437,82713,Rhinolophus ferrumequinum,0.023,0.023,-1,Echolocation,/mnt/ubna_data_02_mir/recover-20221013/UBNA_001/20221012_030000.WAV,Telephone Field,recover-20221013,001,1795
1625.8445,1625.8804,68437,82305,Rhinolophus ferrumequinum,0.022,0.022,-1,Echolocation,/mnt/ubna_data_02_mir/recover-20221013/UBNA_001/20221012_030000.WAV,Telephone Field,recover-20221013,001,1795
1625.8705,1625.8794,28906,39079,Eptesicus serotinus,0.009,0.023,-1,Echolocation,/mnt/ubna_data_02_mir/recover-20221013/UBNA_001/20221012_030000.WAV,Telephone Field,recover-20221013,001,1795
1625.8715,1625.9112,68437,82884,Rhinolophus ferrumequinum,0.025,0.025,-1,Echolocation,/mnt/ubna_data_02_mir/recover-20221013/UBNA_001/20221012_030000.WAV,Telephone Field,recover-20221013,001,1795
1625.8985,1625.9065,26328,35187,Eptesicus serotinus,0.008,0.021,-1,Echolocation,/mnt/ubna_data_02_mir/recover-20221013/UBNA_001/20221012_030000.WAV,Telephone Field,recover-20221013,001,1795
1625.9185,1625.9571,68437,82564,Rhinolophus ferrumequinum,0.022,0.022,-1,Echolocation,/mnt/ubna_data_02_mir/recover-20221013/UBNA_001/20221012_030000.WAV,Telephone Field,recover-20221013,001,1795
1625.9525,1625.9914,68437,81854,Rhinolophus ferrumequinum,0.023,0.023,-1,Echolocation,/mnt/ubna_data_02_mir/recover-20221013/UBNA_001/20221012_030000.WAV,Telephone Field,recover-20221013,001,1795
1626.0015,1626.0323,69296,81108,Rhinolophus ferrumequinum,0.027,0.027,-1,Echolocation,/mnt/ubna_data_02_mir/recover-20221013/UBNA_001/20221012_030000.WAV,Telephone Field,recover-20221013,001,1795
1626.0015,1626.0109,27187,35216,Eptesicus serotinus,0.01,0.029,-1,Echolocation,/mnt/ubna_data_02_mir/recover-20221013/UBNA_001/20221012_030000.WAV,Telephone Field,recover-20221013,001,1795
1626.0015,1626.012,47812,53415,Pipistrellus pipistrellus,0.022,0.026,-1,Echolocation,/mnt/ubna_data_02_mir/recover-20221013/UBNA_001/20221012_030000.WAV,Telephone Field,recover-20221013,001,1795
1626.0365,1626.0451,27187,37336,Eptesicus serotinus,0.008,0.021,-1,Echolocation,/mnt/ubna_data_02_mir/recover-20221013/UBNA_001/20221012_030000.WAV,Telephone Field,recover-20221013,001,1795
1626.0395,1626.0773,68437,82308,Rhinolophus ferrumequinum,0.021,0.021,-1,Echolocation,/mnt/ubna_data_02_mir/recover-20221013/UBNA_001/20221012_030000.WAV,Telephone Field,recover-20221013,001,1795
1626.0505,1626.0581,27187,41233,Eptesicus serotinus,0.007,0.021,-1,Echolocation,/mnt/ubna_data_02_mir/recover-20221013/UBNA_001/20221012_030000.WAV,Telephone Field,recover-20221013,001,1795
1626.1055,1626.1158,28906,35778,Eptesicus serotinus,0.011,0.023,-1,Echolocation,/mnt/ubna_data_02_mir/recover-20221013/UBNA_001/20221012_030000.WAV,Telephone Field,recover-20221013,001,1795
1626.1125,1626.152,68437,82399,Rhinolophus ferrumequinum,0.024,0.024,-1,Echolocation,/mnt/ubna_data_02_mir/recover-20221013/UBNA_001/20221012_030000.WAV,Telephone Field,recover-20221013,001,1795
1626.1395,1626.15,22031,27554,Nyctalus leisleri,0.01,0.024,-1,Echolocation,/mnt/ubna_data_02_mir/recover-20221013/UBNA_001/20221012_030000.WAV,Telephone Field,recover-20221013,001,1795
1626.1735,1626.213,68437,82453,Rhinolophus ferrumequinum,0.036,0.036,-1,Echolocation,/mnt/ubna_data_02_mir/recover-20221013/UBNA_001/20221012_030000.WAV,Telephone Field,recover-20221013,001,1795
1626.2395,1626.2462,28906,42858,Eptesicus serotinus,0.006,0.025,-1,Echolocation,/mnt/ubna_data_02_mir/recover-20221013/UBNA_001/20221012_030000.WAV,Telephone Field,recover-20221013,001,1795
1626.2525,1626.2726,19453,22699,Nyctalus noctula,0.01,0.021,-1,Echolocation,/mnt/ubna_data_02_mir/recover-20221013/UBNA_001/20221012_030000.WAV,Telephone Field,recover-20221013,001,1795
1626.3565,1626.3937,68437,82323,Rhinolophus ferrumequinum,0.023,0.023,-1,Echolocation,/mnt/ubna_data_02_mir/recover-20221013/UBNA_001/20221012_030000.WAV,Telephone Field,recover-20221013,001,1795
1626.3675,1626.4017,68437,81658,Rhinolophus ferrumequinum,0.026,0.026,-1,Echolocation,/mnt/ubna_data_02_mir/recover-20221013/UBNA_001/20221012_030000.WAV,Telephone Field,recover-20221013,001,1795
1626.3685,1626.3752,26328,37074,Eptesicus serotinus,0.011,0.039,-1,Echolocation,/mnt/ubna_data_02_mir/recover-20221013/UBNA_001/20221012_030000.WAV,Telephone Field,recover-20221013,001,1795
1626.3775,1626.3875,23750,29498,Nyctalus leisleri,0.009,0.023,-1,Echolocation,/mnt/ubna_data_02_mir/recover-20221013/UBNA_001/20221012_030000.WAV,Telephone Field,recover-20221013,001,1795
1626.3935,1626.4005,28046,41366,Eptesicus serotinus,0.007,0.025,-1,Echolocation,/mnt/ubna_data_02_mir/recover-20221013/UBNA_001/20221012_030000.WAV,Telephone Field,recover-20221013,001,1795
1626.4285,1626.4694,68437,82687,Rhinolophus ferrumequinum,0.027,0.027,-1,Echolocation,/mnt/ubna_data_02_mir/recover-20221013/UBNA_001/20221012_030000.WAV,Telephone Field,recover-20221013,001,1795
1626.4645,1626.4741,28906,36530,Eptesicus serotinus,0.008,0.021,-1,Echolocation,/mnt/ubna_data_02_mir/recover-20221013/UBNA_001/20221012_030000.WAV,Telephone Field,recover-20221013,001,1795
1626.4775,1626.4951,21171,24058,Nyctalus leisleri,0.016,0.025,-1,Echolocation,/mnt/ubna_data_02_mir/recover-20221013/UBNA_001/20221012_030000.WAV,Telephone Field,recover-20221013,001,1795
1626.5165,1626.551,68437,80503,Rhinolophus ferrumequinum,0.021,0.021,-1,Echolocation,/mnt/ubna_data_02_mir/recover-20221013/UBNA_001/20221012_030000.WAV,Telephone Field,recover-20221013,001,1795
1626.5255,1626.5364,22031,26178,Nyctalus leisleri,0.011,0.021,-1,Echolocation,/mnt/ubna_data_02_mir/recover-20221013/UBNA_001/20221012_030000.WAV,Telephone Field,recover-20221013,001,1795
1626.5545,1626.5961,68437,82906,Rhinolophus ferrumequinum,0.026,0.026,-1,Echolocation,/mnt/ubna_data_02_mir/recover-20221013/UBNA_001/20221012_030000.WAV,Telephone Field,recover-20221013,001,1795
1626.5745,1626.6072,68437,80850,Rhinolophus ferrumequinum,0.021,0.021,-1,Echolocation,/mnt/ubna_data_02_mir/recover-20221013/UBNA_001/20221012_030000.WAV,Telephone Field,recover-20221013,001,1795
1626.5755,1626.5845,28906,37108,Eptesicus serotinus,0.007,0.021,-1,Echolocation,/mnt/ubna_data_02_mir/recover-20221013/UBNA_001/20221012_030000.WAV,Telephone Field,recover-20221013,001,1795
1626.6145,1626.6489,68437,81571,Rhinolophus ferrumequinum,0.031,0.031,-1,Echolocation,/mnt/ubna_data_02_mir/recover-20221013/UBNA_001/20221012_030000.WAV,Telephone Field,recover-20221013,001,1795
1626.6585,1626.6682,25468,32781,Eptesicus serotinus,0.009,0.023,-1,Echolocation,/mnt/ubna_data_02_mir/recover-20221013/UBNA_001/20221012_030000.WAV,Telephone Field,recover-20221013,001,1795
1626.6645,1626.6748,25468,32731,Eptesicus serotinus,0.009,0.022,-1,Echolocation,/mnt/ubna_data_02_mir/recover-20221013/UBNA_001/20221012_030000.WAV,Telephone Field,recover-20221013,001,1795
1626.6835,1626.691,28046,39861,Eptesicus serotinus,0.007,0.022,-1,Echolocation,/mnt/ubna_data_02_mir/recover-20221013/UBNA_001/20221012_030000.WAV,Telephone Field,recover-20221013,001,1795
1626.7025,1626.7396,68437,81981,Rhinolophus ferrumequinum,0.021,0.021,-1,Echolocation,/mnt/ubna_data_02_mir/recover-20221013/UBNA_001/20221012_030000.WAV,Telephone Field,recover-20221013,001,1795
1626.7375,1626.7476,23750,30296,Nyctalus leisleri,0.007,0.021,-1,Echolocation,/mnt/ubna_data_02_mir/recover-20221013/UBNA_001/20221012_030000.WAV,Telephone Field,recover-20221013,001,1795
1626.8015,1626.8391,68437,81360,Rhinolophus ferrumequinum,0.027,0.028,-1,Echolocation,/mnt/ubna_data_02_mir/recover-20221013/UBNA_001/20221012_030000.WAV,Telephone Field,recover-20221013,001,1795
1626.8645,1626.8753,28046,33934,Eptesicus serotinus,0.013,0.026,-1,Echolocation,/mnt/ubna_data_02_mir/recover-20221013/UBNA_001/20221012_030000.WAV,Telephone Field,recover-20221013,001,1795
1626.8845,1626.9262,68437,83187,Rhinolophus ferrumequinum,0.033,0.033,-1,Echolocation,/mnt/ubna_data_02_mir/recover-20221013/UBNA_001/20221012_030000.WAV,Telephone Field,recover-20221013,001,1795
1626.8865,1626.8938,27187,42603,Eptesicus serotinus,0.007,0.023,-1,Echolocation,/mnt/ubna_data_02_mir/recover-20221013/UBNA_001/20221012_030000.WAV,Telephone Field,recover-20221013,001,1795
1626.8875,1626.8931,37500,48544,Myotis daubentonii,0.006,0.021,-1,Echolocation,/mnt/ubna_data_02_mir/recover-20221013/UBNA_001/20221012_030000.WAV,Telephone Field,recover-20221013,001,1795
1626.9145,1626.9523,68437,81106,Rhinolophus ferrumequinum,0.021,0.021,-1,Echolocation,/mnt/ubna_data_02_mir/recover-20221013/UBNA_001/20221012_030000.WAV,Telephone Field,recover-20221013,001,1795
1626.9245,1626.9349,24609,30825,Nyctalus leisleri,0.008,0.021,-1,Echolocation,/mnt/ubna_data_02_mir/recover-20221013/UBNA_001/20221012_030000.WAV,Telephone Field,recover-20221013,001,1795
1626.9415,1626.9775,68437,80698,Rhinolophus ferrumequinum,0.022,0.022,-1,Echolocation,/mnt/ubna_data_02_mir/recover-20221013/UBNA_001/20221012_030000.WAV,Telephone Field,recover-20221013,001,1795
1626.9435,1626.9554,29765,37798,Eptesicus serotinus,0.011,0.022,-1,Echolocation,/mnt/ubna_data_02_mir/recover-20221013/UBNA_001/20221012_030000.WAV,Telephone Field,recover-20221013,001,1795
1626.9555,1626.9606,31484,42833,Plecotus auritus,0.029,0.086,-1,Echolocation,/mnt/ubna_data_02_mir/recover-20221013/UBNA_001/20221012_030000.WAV,Telephone Field,recover-20221013,001,1795
1626.9585,1626.9978,68437,81933,Rhinolophus ferrumequinum,0.022,0.022,-1,Echolocation,/mnt/ubna_data_02_mir/recover-20221013/UBNA_001/20221012_030000.WAV,Telephone Field,recover-20221013,001,1795
1626.9635,1627.0015,68437,82411,Rhinolophus ferrumequinum,0.021,0.022,-1,Echolocation,/mnt/ubna_data_02_mir/recover-20221013/UBNA_001/20221012_030000.WAV,Telephone Field,recover-20221013,001,1795
1626.9755,1626.9939,16875,22627,Nyctalus noctula,0.021,0.027,-1,Echolocation,/mnt/ubna_data_02_mir/recover-20221013/UBNA_001/20221012_030000.WAV,Telephone Field,recover-20221013,001,1795
1627.0315,1627.0373,28906,41713,Plecotus auritus,0.009,0.032,-1,Echolocation,/mnt/ubna_data_02_mir/recover-20221013/UBNA_001/20221012_030000.WAV,Telephone Field,recover-20221013,001,1795
1627.0445,1627.0834,68437,81773,Rhinolophus ferrumequinum,0.024,0.024,-1,Echolocation,/mnt/ubna_data_02_mir/recover-20221013/UBNA_001/20221012_030000.WAV,Telephone Field,recover-20221013,001,1795
1627.0525,1627.066,19453,23999,Nyctalus noctula,0.009,0.023,-1,Echolocation,/mnt/ubna_data_02_mir/recover-20221013/UBNA_001/20221012_030000.WAV,Telephone Field,recover-20221013,001,1795
1627.0685,1627.1095,68437,82595,Rhinolophus ferrumequinum,0.036,0.036,-1,Echolocation,/mnt/ubna_data_02_mir/recover-20221013/UBNA_001/20221012_030000.WAV,Telephone Field,recover-20221013,001,1795
1627.0905,1627.0985,27187,37387,Eptesicus serotinus,0.01,0.026,-1,Echolocation,/mnt/ubna_data_02_mir/recover-20221013/UBNA_001/20221012_030000.WAV,Telephone Field,recover-20221013,001,1795
1627.1095,1627.1497,68437,82686,Rhinolophus ferrumequinum,0.032,0.032,-1,Echolocation,/mnt/ubna_data_02_mir/recover-20221013/UBNA_001/20221012_030000.WAV,Telephone Field,recover-20221013,001,1795
1627.1215,1627.1321,23750,29967,Nyctalus leisleri,0.011,0.025,-1,Echolocation,/mnt/ubna_data_02_mir/recover-20221013/UBNA_001/20221012_030000.WAV,Telephone Field,recover-20221013,001,1795
1627.1485,1627.1869,68437,82672,Rhinolophus ferrumequinum,0.023,0.023,-1,Echolocation,/mnt/ubna_data_02_mir/recover-20221013/UBNA_001/20221012_030000.WAV,Telephone Field,recover-20221013,001,1795
1627.1565,1627.1948,68437,81531,Rhinolophus ferrumequinum,0.021,0.021,-1,Echolocation,/mnt/ubna_data_02_mir/recover-20221013/UBNA_001/20221012_030000.WAV,Telephone Field,recover-20221013,001,1795
1627.1615,1627.1713,22890,29834,Nyctalus leisleri,0.009,0.028,-1,Echolocation,/mnt/ubna_data_02_mir/recover-20221013/UBNA_001/20221012_030000.WAV,Telephone Field,recover-20221013,001,1795
1627.1815,1627.1889,27187,41533,Eptesicus serotinus,0.007,0.021,-1,Echolocation,/mnt/ubna_data_02_mir/recover-20221013/UBNA_001/20221012_030000.WAV,Telephone Field,recover-20221013,001,1795
1627.2155,1627.223,28046,40412,Eptesicus serotinus,0.007,0.024,-1,Echolocation,/mnt/ubna_data_02_mir/recover-20221013/UBNA_001/20221012_030000.WAV,Telephone Field,recover-20221013,001,1795
1627.2165,1627.2565,68437,82373,Rhinolophus ferrumequinum,0.022,0.022,-1,Echolocation,/mnt/ubna_data_02_mir/recover-20221013/UBNA_001/20221012_030000.WAV,Telephone Field,recover-20221013,001,1795
1627.2245,1627.2632,68437,82332,Rhinolophus ferrumequinum,0.022,0.022,-1,Echolocation,/mnt/ubna_data_02_mir/recover-20221013/UBNA_001/20221012_030000.WAV,Telephone Field,recover-20221013,001,1795
1627.2365,1627.275,68437,82366,Rhinolophus ferrumequinum,0.022,0.022,-1,Echolocation,/mnt/ubna_data_02_mir/recover-20221013/UBNA_001/20221012_030000.WAV,Telephone Field,recover-20221013,001,1795
1627.2435,1627.2823,68437,82384,Rhinolophus ferrumequinum,0.023,0.023,-1,Echolocation,/mnt/ubna_data_02_mir/recover-20221013/UBNA_001/20221012_030000.WAV,Telephone Field,recover-20221013,001,1795
1627.2825,1627.3214,68437,82596,Rhinolophus ferrumequinum,0.022,0.022,-1,Echolocation,/mnt/ubna_data_02_mir/recover-20221013/UBNA_001/20221012_030000.WAV,Telephone Field,recover-20221013,001,1795
1627.3625,1627.3728,22031,26685,Nyctalus leisleri,0.01,0.022,-1,Echolocation,/mnt/ubna_data_02_mir/recover-20221013/UBNA_001/20221012_030000.WAV,Telephone Field,recover-20221013,001,1795
1627.3665,1627.3731,28046,40199,Eptesicus serotinus,0.006,0.023,-1,Echolocation,/mnt/ubna_data_02_mir/recover-20221013/UBNA_001/20221012_030000.WAV,Telephone Field,recover-20221013,001,1795
1627.3765,1627.4135,68437,81581,Rhinolophus ferrumequinum,0.024,0.024,-1,Echolocation,/mnt/ubna_data_02_mir/recover-20221013/UBNA_001/20221012_030000.WAV,Telephone Field,recover-20221013,001,1795
1627.3865,1627.4231,68437,80957,Rhinolophus ferrumequinum,0.023,0.023,-1,Echolocation,/mnt/ubna_data_02_mir/recover-20221013/UBNA_001/20221012_030000.WAV,Telephone Field,recover-20221013,001,1795
1627.3875,1627.3952,34062,42147,Myotis daubentonii,0.009,0.028,-1,Echolocation,/mnt/ubna_data_02_mir/recover-20221013/UBNA_001/20221012_030000.WAV,Telephone Field,recover-20221013,001,1795
1627.3905,1627.3988,28046,38268,Eptesicus serotinus,0.008,0.021,-1,Echolocation,/mnt/ubna_data_02_mir/recover-20221013/UBNA_001/20221012_030000.WAV,Telephone Field,recover-20221013,001,1795
1627.4095,1627.4208,23750,29409,Nyctalus leisleri,0.009,0.023,-1,Echolocation,/mnt/ubna_data_02_mir/recover-20221013/UBNA_001/20221012_030000.WAV,Telephone Field,recover-20221013,001,1795
1627.4265,1627.4676,68437,82488,Rhinolophus ferrumequinum,0.022,0.022,-1,Echolocation,/mnt/ubna_data_02_mir/recover-20221013/UBNA_001/20221012_030000.WAV,Telephone Field,recover-20221013,001,1795
1627.4545,1627.4627,28046,38356,Eptesicus serotinus,0.011,0.027,-1,Echolocation,/mnt/ubna_data_02_mir/recover-20221013/UBNA_001/20221012_030000.WAV,Telephone Field,recover-20221013,001,1795
1627.4885,1627.4958,28046,40052,Eptesicus serotinus,0.008,0.025,-1,Echolocation,/mnt/ubna_data_02_mir/recover-20221013/UBNA_001/20221012_030000.WAV,Telephone Field,recover-20221013,001,1795
1627.4895,1627.5271,68437,82670,Rhinolophus ferrumequinum,0.023,0.023,-1,Echolocation,/mnt/ubna_data_02_mir/recover-20221013/UBNA_001/20221012_030000.WAV,Telephone Field,recover-20221013,001,1795
1627.5195,1627.5602,68437,82135,Rhinolophus ferrumequinum,0.035,0.035,-1,Echolocation,/mnt/ubna_data_02_mir/recover-20221013/UBNA_001/20221012_030000.WAV,Telephone Field,recover-20221013,001,1795
1627.5305,1627.5422,24609,31653,Eptesicus serotinus,0.01,0.028,-1,Echolocation,/mnt/ubna_data_02_mir/recover-20221013/UBNA_001/20221012_030000.WAV,Telephone Field,recover-20221013,001,1795
1627.5355,1627.5473,23750,29530,Nyctalus leisleri,0.012,0.029,-1,Echolocation,/mnt/ubna_data_02_mir/recover-20221013/UBNA_001/20221012_030000.WAV,Telephone Field,recover-20221013,001,1795
1627.5475,1627.5859,68437,81440,Rhinolophus ferrumequinum,0.023,0.023,-1,Echolocation,/mnt/ubna_data_02_mir/recover-20221013/UBNA_001/20221012_030000.WAV,Telephone Field,recover-20221013,001,1795
1627.5765,1627.6122,68437,80670,Rhinolophus ferrumequinum,0.023,0.023,-1,Echolocation,/mnt/ubna_data_02_mir/recover-20221013/UBNA_001/20221012_030000.WAV,Telephone Field,recover-20221013,001,1795
1627.6195,1627.6644,68437,83491,Rhinolophus ferrumequinum,0.043,0.043,-1,Echolocation,/mnt/ubna_data_02_mir/recover-20221013/UBNA_001/20221012_030000.WAV,Telephone Field,recover-20221013,001,1795
1627.6265,1627.6362,28906,37394,Eptesicus serotinus,0.01,0.023,-1,Echolocation,/mnt/ubna_data_02_mir/recover-20221013/UBNA_001/20221012_030000.WAV,Telephone Field,recover-20221013,001,1795
1627.6445,1627.6831,68437,82106,Rhinolophus ferrumequinum,0.024,0.024,-1,Echolocation,/mnt/ubna_data_02_mir/recover-20221013/UBNA_001/20221012_030000.WAV,Telephone Field,recover-20221013,001,1795
1627.6685,1627.7056,68437,81221,Rhinolophus ferrumequinum,0.021,0.021,-1,Echolocation,/mnt/ubna_data_02_mir/recover-20221013/UBNA_001/20221012_030000.WAV,Telephone Field,recover-20221013,001,1795
1627.6825,1627.722,68437,82435,Rhinolophus ferrumequinum,0.031,0.031,-1,Echolocation,/mnt/ubna_data_02_mir/recover-20221013/UBNA_001/20221012_030000.WAV,Telephone Field,recover-20221013,001,1795
1627.6975,1627.7183,21171,26137,Nyctalus noctula,0.051,0.095,-1,Echolocation,/mnt/ubna_data_02_mir/recover-20221013/UBNA_001/20221012_030000.WAV,Telephone Field,recover-20221013,001,1795
1627.7045,1627.7096,27187,44374,Plecotus auritus,0.011,0.041,-1,Echolocation,/mnt/ubna_data_02_mir/recover-20221013/UBNA_001/20221012_030000.WAV,Telephone Field,recover-20221013,001,1795
1627.7325,1627.7414,28046,38351,Eptesicus serotinus,0.009,0.022,-1,Echolocation,/mnt/ubna_data_02_mir/recover-20221013/UBNA_001/20221012_030000.WAV,Telephone Field,recover-20221013,001,1795
1627.7385,1627.7485,28046,34854,Eptesicus serotinus,0.011,0.023,-1,Echolocation,/mnt/ubna_data_02_mir/recover-20221013/UBNA_001/20221012_030000.WAV,Telephone Field,recover-20221013,001,1795
1627.7805,1627.7995,20312,23169,Nyctalus leisleri,0.014,0.023,-1,Echolocation,/mnt/ubna_data_02_mir/recover-20221013/UBNA_001/20221012_030000.WAV,Telephone Field,recover-20221013,001,1795
1627.8195,1627.8276,26328,38336,Eptesicus serotinus,0.008,0.023,-1,Echolocation,/mnt/ubna_data_02_mir/recover-20221013/UBNA_001/20221012_030000.WAV,Telephone Field,recover-20221013,001,1795
1627.8235,1627.8663,68437,83096,Rhinolophus ferrumequinum,0.023,0.023,-1,Echolocation,/mnt/ubna_data_02_mir/recover-20221013/UBNA_001/20221012_030000.WAV,Telephone Field,recover-20221013,001,1795
1627.8295,1627.8707,68437,83264,Rhinolophus ferrumequinum,0.023,0.023,-1,Echolocation,/mnt/ubna_data_02_mir/recover-20221013/UBNA_001/20221012_030000.WAV,Telephone Field,recover-20221013,001,1795
1627.8345,1627.8408,27187,39295,Eptesicus serotinus,0.006,0.026,-1,Echolocation,/mnt/ubna_data_02_mir/recover-20221013/UBNA_001/20221012_030000.WAV,Telephone Field,recover-20221013,001,1795
1627.8455,1627.8595,37500,41449,Pipistrellus nathusii,0.011,0.025,-1,Echolocation,/mnt/ubna_data_02_mir/recover-20221013/UBNA_001/20221012_030000.WAV,Telephone Field,recover-20221013,001,1795
1627.8715,1627.9065,68437,81484,Rhinolophus ferrumequinum,0.024,0.024,-1,Echolocation,/mnt/ubna_data_02_mir/recover-20221013/UBNA_001/20221012_030000.WAV,Telephone Field,recover-20221013,001,1795
1627.9065,1627.9139,28046,39449,Eptesicus serotinus,0.009,0.024,-1,Echolocation,/mnt/ubna_data_02_mir/recover-20221013/UBNA_001/20221012_030000.WAV,Telephone Field,recover-20221013,001,1795
1627.9345,1627.9733,68437,82134,Rhinolophus ferrumequinum,0.024,0.024,-1,Echolocation,/mnt/ubna_data_02_mir/recover-20221013/UBNA_001/20221012_030000.WAV,Telephone Field,recover-20221013,001,1795
1628.0015,1628.0125,25468,31565,Nyctalus leisleri,0.017,0.04,-1,Echolocation,/mnt/ubna_data_02_mir/recover-20221013/UBNA_001/20221012_030000.WAV,Telephone Field,recover-20221013,001,1795
1628.0015,1628.0166,20312,24042,Nyctalus leisleri,0.017,0.036,-1,Echolocation,/mnt/ubna_data_02_mir/recover-20221013/UBNA_001/20221012_030000.WAV,Telephone Field,recover-20221013,001,1795
1628.0015,1628.0317,69296,81066,Rhinolophus ferrumequinum,0.028,0.028,-1,Echolocation,/mnt/ubna_data_02_mir/recover-20221013/UBNA_001/20221012_030000.WAV,Telephone Field,recover-20221013,001,1795
1628.0105,1628.0499,68437,81489,Rhinolophus ferrumequinum,0.019,0.019,-1,Echolocation,/mnt/ubna_data_02_mir/recover-20221013/UBNA_001/20221012_030000.WAV,Telephone Field,recover-20221013,001,1795
1628.0375,1628.0481,25468,32404,Eptesicus serotinus,0.009,0.022,-1,Echolocation,/mnt/ubna_data_02_mir/recover-20221013/UBNA_001/20221012_030000.WAV,Telephone Field,recover-20221013,001,1795
1628.0435,1628.081,68437,82415,Rhinolophus ferrumequinum,0.019,0.019,-1,Echolocation,/mnt/ubna_data_02_mir/recover-20221013/UBNA_001/20221012_030000.WAV,Telephone Field,recover-20221013,001,1795
1628.0595,1628.0967,68437,81887,Rhinolophus ferrumequinum,0.023,0.023,-1,Echolocation,/mnt/ubna_data_02_mir/recover-20221013/UBNA_001/20221012_030000.WAV,Telephone Field,recover-20221013,001,1795
1628.0735,1628.1105,68437,82055,Rhinolophus ferrumequinum,0.021,0.021,-1,Echolocation,/mnt/ubna_data_02_mir/recover-20221013/UBNA_001/20221012_030000.WAV,Telephone Field,recover-20221013,001,1795
1628.0755,1628.0849,24609,33050,Eptesicus serotinus,0.009,0.028,-1,Echolocation,/mnt/ubna_data_02_mir/recover-20221013/UBNA_001/20221012_030000.WAV,Telephone Field,recover-20221013,001,1795
1628.0825,1628.1203,68437,81879,Rhinolophus ferrumequinum,0.021,0.021,-1,Echolocation,/mnt/ubna_data_02_mir/recover-20221013/UBNA_001/20221012_030000.WAV,Telephone Field,recover-20221013,001,1795
1628.0865,1628.0975,25468,31398,Nyctalus leisleri,0.013,0.032,-1,Echolocation,/mnt/ubna_data_02_mir/recover-20221013/UBNA_001/20221012_030000.WAV,Telephone Field,recover-20221013,001,1795
1628.1225,1628.143,20312,23341,Nyctalus leisleri,0.014,0.023,-1,Echolocation,/mnt/ubna_data_02_mir/recover-20221013/UBNA_001/20221012_030000.WAV,Telephone Field,recover-20221013,001,1795
1628.1225,1628.1597,68437,82426,Rhinolophus ferrumequinum,0.024,0.024,-1,Echolocation,/mnt/ubna_data_02_mir/recover-20221013/UBNA_001/20221012_030000.WAV,Telephone Field,recover-20221013,001,1795
1628.1505,1628.1898,68437,81575,Rhinolophus ferrumequinum,0.019,0.019,-1,Echolocation,/mnt/ubna_data_02_mir/recover-20221013/UBNA_001/20221012_030000.WAV,Telephone Field,recover-20221013,001,1795
1628.1665,1628.2085,68437,82888,Rhinolophus ferrumequinum,0.023,0.023,-1,Echolocation,/mnt/ubna_data_02_mir/recover-20221013/UBNA_001/20221012_030000.WAV,Telephone Field,recover-20221013,001,1795
1628.1755,1628.1833,24609,33063,Plecotus austriacus,0.008,0.023,-1,Echolocation,/mnt/ubna_data_02_mir/recover-20221013/UBNA_001/20221012_030000.WAV,Telephone Field,recover-20221013,001,1795
1628.2025,1628.2098,28046,38235,Eptesicus serotinus,0.006,0.022,-1,Echolocation,/mnt/ubna_data_02_mir/recover-20221013/UBNA_001/20221012_030000.WAV,Telephone Field,recover-20221013,001,1795
1628.2035,1628.2394,68437,81411,Rhinolophus ferrumequinum,0.02,0.02,-1,Echolocation,/mnt/ubna_data_02_mir/recover-20221013/UBNA_001/20221012_030000.WAV,Telephone Field,recover-20221013,001,1795
1628.2375,1628.2755,68437,81540,Rhinolophus ferrumequinum,0.021,0.021,-1,Echolocation,/mnt/ubna_data_02_mir/recover-20221013/UBNA_001/20221012_030000.WAV,Telephone Field,recover-20221013,001,1795
1628.2695,1628.2765,27187,42542,Eptesicus serotinus,0.006,0.021,-1,Echolocation,/mnt/ubna_data_02_mir/recover-20221013/UBNA_001/20221012_030000.WAV,Telephone Field,recover-20221013,001,1795
1628.2805,1628.3141,68437,80569,Rhinolophus ferrumequinum,0.021,0.021,-1,Echolocation,/mnt/ubna_data_02_mir/recover-20221013/UBNA_001/20221012_030000.WAV,Telephone Field,recover-20221013,001,1795
1628.2905,1628.2989,22890,30172,Plecotus austriacus,0.011,0.024,-1,Echolocation,/mnt/ubna_data_02_mir/recover-20221013/UBNA_001/20221012_030000.WAV,Telephone Field,recover-20221013,001,1795
1628.3045,1628.3381,68437,80992,Rhinolophus ferrumequinum,0.021,0.021,-1,Echolocation,/mnt/ubna_data_02_mir/recover-20221013/UBNA_001/20221012_030000.WAV,Telephone Field,recover-20221013,001,1795
1628.3145,1628.3514,68437,81839,Rhinolophus ferrumequinum,0.019,0.019,-1,Echolocation,/mnt/ubna_data_02_mir/recover-20221013/UBNA_001/20221012_030000.WAV,Telephone Field,recover-20221013,001,1795
1628.3375,1628.347,22890,28907,Nyctalus leisleri,0.007,0.019,-1,Echolocation,/mnt/ubna_data_02_mir/recover-20221013/UBNA_001/20221012_030000.WAV,Telephone Field,recover-20221013,001,1795
1628.3665,1628.4039,68437,81481,Rhinolophus ferrumequinum,0.021,0.021,-1,Echolocation,/mnt/ubna_data_02_mir/recover-20221013/UBNA_001/20221012_030000.WAV,Telephone Field,recover-20221013,001,1795
1628.3835,1628.3904,28046,39037,Eptesicus serotinus,0.008,0.029,-1,Echolocation,/mnt/ubna_data_02_mir/recover-20221013/UBNA_001/20221012_030000.WAV,Telephone Field,recover-20221013,001,1795
1628.4065,1628.4433,68437,81536,Rhinolophus ferrumequinum,0.019,0.019,-1,Echolocation,/mnt/ubna_data_02_mir/recover-20221013/UBNA_001/20221012_030000.WAV,Telephone Field,recover-20221013,001,1795
1628.4205,1628.4295,28046,39622,Eptesicus serotinus,0.012,0.027,-1,Echolocation,/mnt/ubna_data_02_mir/recover-20221013/UBNA_001/20221012_030000.WAV,Telephone Field,recover-20221013,001,1795
1628.4825,1628.5221,68437,81692,Rhinolophus ferrumequinum,0.02,0.02,-1,Echolocation,/mnt/ubna_data_02_mir/recover-20221013/UBNA_001/20221012_030000.WAV,Telephone Field,recover-20221013,001,1795
1628.4885,1628.5267,68437,81363,Rhinolophus ferrumequinum,0.02,0.02,-1,Echolocation,/mnt/ubna_data_02_mir/recover-20221013/UBNA_001/20221012_030000.WAV,Telephone Field,recover-20221013,001,1795
1628.5105,1628.5179,25468,33879,Eptesicus serotinus,0.006,0.019,-1,Echolocation,/mnt/ubna_data_02_mir/recover-20221013/UBNA_001/20221012_030000.WAV,Telephone Field,recover-20221013,001,1795
1628.5465,1628.5562,22890,28446,Nyctalus leisleri,0.007,0.02,-1,Echolocation,/mnt/ubna_data_02_mir/recover-20221013/UBNA_001/20221012_030000.WAV,Telephone Field,recover-20221013,001,1795
1628.5815,1628.6197,68437,82461,Rhinolophus ferrumequinum,0.02,0.02,-1,Echolocation,/mnt/ubna_data_02_mir/recover-20221013/UBNA_001/20221012_030000.WAV,Telephone Field,recover-20221013,001,1795
1628.6585,1628.6976,68437,81811,Rhinolophus ferrumequinum,0.024,0.024,-1,Echolocation,/mnt/ubna_data_02_mir/recover-20221013/UBNA_001/20221012_030000.WAV,Telephone Field,recover-20221013,001,1795
1628.6615,1628.6704,24609,31021,Eptesicus serotinus,0.006,0.02,-1,Echolocation,/mnt/ubna_data_02_mir/recover-20221013/UBNA_001/20221012_030000.WAV,Telephone Field,recover-20221013,001,1795
1628.6865,1628.725,68437,82226,Rhinolophus ferrumequinum,0.02,0.02,-1,Echolocation,/mnt/ubna_data_02_mir/recover-20221013/UBNA_001/20221012_030000.WAV,Telephone Field,recover-20221013,001,1795
1628.7005,1628.7389,68437,82338,Rhinolophus ferrumequinum,0.02,0.02,-1,Echolocation,/mnt/ubna_data_02_mir/recover-20221013/UBNA_001/20221012_030000.WAV,Telephone Field,recover-20221013,001,1795
1628.7085,1628.7451,68437,81247,Rhinolophus ferrumequinum,0.021,0.021,-1,Echolocation,/mnt/ubna_data_02_mir/recover-20221013/UBNA_001/20221012_030000.WAV,Telephone Field,recover-20221013,001,1795
1628.7465,1628.76,23750,26777,Nyctalus leisleri,0.037,0.061,-1,Echolocation,/mnt/ubna_data_02_mir/recover-20221013/UBNA_001/20221012_030000.WAV,Telephone Field,recover-20221013,001,1795
1628.7505,1628.7884,68437,81807,Rhinolophus ferrumequinum,0.021,0.021,-1,Echolocation,/mnt/ubna_data_02_mir/recover-20221013/UBNA_001/20221012_030000.WAV,Telephone Field,recover-20221013,001,1795
1628.7895,1628.8283,68437,82311,Rhinolophus ferrumequinum,0.02,0.02,-1,Echolocation,/mnt/ubna_data_02_mir/recover-20221013/UBNA_001/20221012_030000.WAV,Telephone Field,recover-20221013,001,1795
1628.7955,1628.8367,68437,82299,Rhinolophus ferrumequinum,0.019,0.019,-1,Echolocation,/mnt/ubna_data_02_mir/recover-20221013/UBNA_001/20221012_030000.WAV,Telephone Field,recover-20221013,001,1795
1628.8065,1628.8178,29765,36853,Eptesicus serotinus,0.011,0.021,-1,Echolocation,/mnt/ubna_data_02_mir/recover-20221013/UBNA_001/20221012_030000.WAV,Telephone Field,recover-20221013,001,1795
1628.8155,1628.851,68437,81895,Rhinolophus ferrumequinum,0.022,0.022,-1,Echolocation,/mnt/ubna_data_02_mir/recover-20221013/UBNA_001/20221012_030000.WAV,Telephone Field,recover-20221013,001,1795
1628.8475,1628.8836,68437,82048,Rhinolophus ferrumequinum,0.02,0.02,-1,Echolocation,/mnt/ubna_data_02_mir/recover-20221013/UBNA_001/20221012_030000.WAV,Telephone Field,recover-20221013,001,1795
1628.8625,1628.9,68437,81634,Rhinolophus ferrumequinum,0.021,0.021,-1,Echolocation,/mnt/ubna_data_02_mir/recover-20221013/UBNA_001/20221012_030000.WAV,Telephone Field,recover-20221013,001,1795
1628.8775,1628.9127,68437,82450,Rhinolophus ferrumequinum,0.022,0.022,-1,Echolocation,/mnt/ubna_data_02_mir/recover-20221013/UBNA_001/20221012_030000.WAV,Telephone Field,recover-20221013,001,1795
1628.8865,1628.894,28046,39375,Eptesicus serotinus,0.006,0.019,-1,Echolocation,/mnt/ubna_data_02_mir/recover-20221013/UBNA_001/20221012_030000.WAV,Telephone Field,recover-20221013,001,1795
1628.9135,1628.9245,22890,29196,Nyctalus leisleri,0.009,0.023,-1,Echolocation,/mnt/ubna_data_02_mir/recover-20221013/UBNA_001/20221012_030000.WAV,Telephone Field,recover-20221013,001,1795
1628.9265,1628.9633,68437,81531,Rhinolophus ferrumequinum,0.021,0.021,-1,Echolocation,/mnt/ubna_data_02_mir/recover-20221013/UBNA_001/20221012_030000.WAV,Telephone Field,recover-20221013,001,1795
1628.9365,1628.9771,68437,82344,Rhinolophus ferrumequinum,0.022,0.022,-1,Echolocation,/mnt/ubna_data_02_mir/recover-20221013/UBNA_001/20221012_030000.WAV,Telephone Field,recover-20221013,001,1795
1628.9665,1628.9736,26328,39046,Eptesicus serotinus,0.005,0.019,-1,Echolocation,/mnt/ubna_data_02_mir/recover-20221013/UBNA_001/20221012_030000.WAV,Telephone Field,recover-20221013,001,1795
1629.0565,1629.0929,68437,81958,Rhinolophus ferrumequinum,0.023,0.024,-1,Echolocation,/mnt/ubna_data_02_mir/recover-20221013/UBNA_001/20221012_030000.WAV,Telephone Field,recover-20221013,001,1795
1629.0775,1629.088,24609,30965,Nyctalus leisleri,0.011,0.026,-1,Echolocation,/mnt/ubna_data_02_mir/recover-20221013/UBNA_001/20221012_030000.WAV,Telephone Field,recover-20221013,001,1795
1629.0995,1629.133,68437,80983,Rhinolophus ferrumequinum,0.02,0.02,-1,Echolocation,/mnt/ubna_data_02_mir/recover-20221013/UBNA_001/20221012_030000.WAV,Telephone Field,recover-20221013,001,1795
1629.1185,1629.1251,24609,33541,Plecotus austriacus,0.008,0.022,-1,Echolocation,/mnt/ubna_data_02_mir/recover-20221013/UBNA_001/20221012_030000.WAV,Telephone Field,recover-20221013,001,1795
1629.1395,1629.1803,68437,82557,Rhinolophus ferrumequinum,0.023,0.023,-1,Echolocation,/mnt/ubna_data_02_mir/recover-20221013/UBNA_001/20221012_030000.WAV,Telephone Field,recover-20221013,001,1795
1629.1465,1629.1816,68437,81689,Rhinolophus ferrumequinum,0.019,0.019,-1,Echolocation,/mnt/ubna_data_02_mir/recover-20221013/UBNA_001/20221012_030000.WAV,Telephone Field,recover-20221013,001,1795
1629.1755,1629.1838,27187,36362,Eptesicus serotinus,0.007,0.02,-1,Echolocation,/mnt/ubna_data_02_mir/recover-20221013/UBNA_001/20221012_030000.WAV,Telephone Field,recover-20221013,001,1795
1629.2245,1629.2585,67578,78727,Rhinolophus ferrumequinum,0.019,0.02,-1,Echolocation,/mnt/ubna_data_02_mir/recover-20221013/UBNA_001/20221012_030000.WAV,Telephone Field,recover-20221013,001,1795
1629.2785,1629.3167,68437,81802,Rhinolophus ferrumequinum,0.022,0.022,-1,Echolocation,/mnt/ubna_data_02_mir/recover-20221013/UBNA_001/20221012_030000.WAV,Telephone Field,recover-20221013,001,1795
1629.2915,1629.2995,28046,39740,Eptesicus serotinus,0.009,0.025,-1,Echolocation,/mnt/ubna_data_02_mir/recover-20221013/UBNA_001/20221012_030000.WAV,Telephone Field,recover-20221013,001,1795
1629.2925,1629.3285,68437,81720,Rhinolophus ferrumequinum,0.022,0.022,-1,Echolocation,/mnt/ubna_data_02_mir/recover-20221013/UBNA_001/20221012_030000.WAV,Telephone Field,recover-20221013,001,1795
1629.3325,1629.341,27187,39013,Eptesicus serotinus,0.007,0.019,-1,Echolocation,/mnt/ubna_data_02_mir/recover-20221013/UBNA_001/20221012_030000.WAV,Telephone Field,recover-20221013,001,1795
1629.3775,1629.4132,68437,81449,Rhinolophus ferrumequinum,0.02,0.021,-1,Echolocation,/mnt/ubna_data_02_mir/recover-20221013/UBNA_001/20221012_030000.WAV,Telephone Field,recover-20221013,001,1795
1629.3815,1629.3877,39218,54341,Myotis brandtii,0.006,0.021,-1,Echolocation,/mnt/ubna_data_02_mir/recover-20221013/UBNA_001/20221012_030000.WAV,Telephone Field,recover-20221013,001,1795
1629.3895,1629.3999,30625,39008,Eptesicus serotinus,0.011,0.026,-1,Echolocation,/mnt/ubna_data_02_mir/recover-20221013/UBNA_001/20221012_030000.WAV,Telephone Field,recover-20221013,001,1795
1629.4215,1629.4338,28046,33637,Eptesicus serotinus,0.014,0.028,-1,Echolocation,/mnt/ubna_data_02_mir/recover-20221013/UBNA_001/20221012_030000.WAV,Telephone Field,recover-20221013,001,1795
1629.4315,1629.4726,68437,82106,Rhinolophus ferrumequinum,0.023,0.023,-1,Echolocation,/mnt/ubna_data_02_mir/recover-20221013/UBNA_001/20221012_030000.WAV,Telephone Field,recover-20221013,001,1795
1629.4365,1629.4442,26328,37294,Eptesicus serotinus,0.006,0.02,-1,Echolocation,/mnt/ubna_data_02_mir/recover-20221013/UBNA_001/20221012_030000.WAV,Telephone Field,recover-20221013,001,1795
1629.4565,1629.4973,68437,82482,Rhinolophus ferrumequinum,0.028,0.028,-1,Echolocation,/mnt/ubna_data_02_mir/recover-20221013/UBNA_001/20221012_030000.WAV,Telephone Field,recover-20221013,001,1795
1629.4575,1629.4657,22890,30581,Plecotus austriacus,0.008,0.022,-1,Echolocation,/mnt/ubna_data_02_mir/recover-20221013/UBNA_001/20221012_030000.WAV,Telephone Field,recover-20221013,001,1795
1629.4955,1629.5355,68437,81936,Rhinolophus ferrumequinum,0.021,0.021,-1,Echolocation,/mnt/ubna_data_02_mir/recover-20221013/UBNA_001/20221012_030000.WAV,Telephone Field,recover-20221013,001,1795
1629.4955,1629.5048,24609,31218,Nyctalus leisleri,0.007,0.021,-1,Echolocation,/mnt/ubna_data_02_mir/recover-20221013/UBNA_001/20221012_030000.WAV,Telephone Field,recover-20221013,001,1795
1629.5215,1629.5289,27187,41214,Eptesicus serotinus,0.006,0.019,-1,Echolocation,/mnt/ubna_data_02_mir/recover-20221013/UBNA_001/20221012_030000.WAV,Telephone Field,recover-20221013,001,1795
1629.5315,1629.5698,68437,82117,Rhinolophus ferrumequinum,0.021,0.021,-1,Echolocation,/mnt/ubna_data_02_mir/recover-20221013/UBNA_001/20221012_030000.WAV,Telephone Field,recover-20221013,001,1795
1629.5435,1629.5511,28906,38911,Eptesicus serotinus,0.007,0.022,-1,Echolocation,/mnt/ubna_data_02_mir/recover-20221013/UBNA_001/20221012_030000.WAV,Telephone Field,recover-20221013,001,1795
1629.5785,1629.5855,28046,36566,Eptesicus serotinus,0.012,0.031,-1,Echolocation,/mnt/ubna_data_02_mir/recover-20221013/UBNA_001/20221012_030000.WAV,Telephone Field,recover-20221013,001,1795
1629.6045,1629.6158,28046,35502,Eptesicus serotinus,0.016,0.028,-1,Echolocation,/mnt/ubna_data_02_mir/recover-20221013/UBNA_001/20221012_030000.WAV,Telephone Field,recover-20221013,001,1795
1629.6075,1629.6475,68437,81996,Rhinolophus ferrumequinum,0.022,0.022,-1,Echolocation,/mnt/ubna_data_02_mir/recover-20221013/UBNA_001/20221012_030000.WAV,Telephone Field,recover-20221013,001,1795
1629.6215,1629.6301,28046,37821,Eptesicus serotinus,0.007,0.02,-1,Echolocation,/mnt/ubna_data_02_mir/recover-20221013/UBNA_001/20221012_030000.WAV,Telephone Field,recover-20221013,001,1795
1629.6355,1629.6764,68437,82285,Rhinolophus ferrumequinum,0.022,0.022,-1,Echolocation,/mnt/ubna_data_02_mir/recover-20221013/UBNA_001/20221012_030000.WAV,Telephone Field,recover-20221013,001,1795
1629.6475,1629.654,28046,40723,Eptesicus serotinus,0.008,0.026,-1,Echolocation,/mnt/ubna_data_02_mir/recover-20221013/UBNA_001/20221012_030000.WAV,Telephone Field,recover-20221013,001,1795
1629.6925,1629.7018,27187,36365,Eptesicus serotinus,0.008,0.019,-1,Echolocation,/mnt/ubna_data_02_mir/recover-20221013/UBNA_001/20221012_030000.WAV,Telephone Field,recover-20221013,001,1795
1629.7085,1629.7164,22890,30048,Plecotus austriacus,0.008,0.019,-1,Echolocation,/mnt/ubna_data_02_mir/recover-20221013/UBNA_001/20221012_030000.WAV,Telephone Field,recover-20221013,001,1795
1629.7115,1629.7524,68437,82922,Rhinolophus ferrumequinum,0.026,0.026,-1,Echolocation,/mnt/ubna_data_02_mir/recover-20221013/UBNA_001/20221012_030000.WAV,Telephone Field,recover-20221013,001,1795
1629.7225,1629.7312,25468,33474,Eptesicus serotinus,0.008,0.022,-1,Echolocation,/mnt/ubna_data_02_mir/recover-20221013/UBNA_001/20221012_030000.WAV,Telephone Field,recover-20221013,001,1795
1629.8345,1629.8682,68437,81241,Rhinolophus ferrumequinum,0.02,0.02,-1,Echolocation,/mnt/ubna_data_02_mir/recover-20221013/UBNA_001/20221012_030000.WAV,Telephone Field,recover-20221013,001,1795
1629.8465,1629.8858,68437,81317,Rhinolophus ferrumequinum,0.023,0.023,-1,Echolocation,/mnt/ubna_data_02_mir/recover-20221013/UBNA_001/20221012_030000.WAV,Telephone Field,recover-20221013,001,1795
1629.8585,1629.8973,68437,81723,Rhinolophus ferrumequinum,0.021,0.021,-1,Echolocation,/mnt/ubna_data_02_mir/recover-20221013/UBNA_001/20221012_030000.WAV,Telephone Field,recover-20221013,001,1795
1629.8705,1629.8786,28906,40192,Eptesicus serotinus,0.007,0.022,-1,Echolocation,/mnt/ubna_data_02_mir/recover-20221013/UBNA_001/20221012_030000.WAV,Telephone Field,recover-20221013,001,1795
1629.8705,1629.9111,68437,83227,Rhinolophus ferrumequinum,0.023,0.023,-1,Echolocation,/mnt/ubna_data_02_mir/recover-20221013/UBNA_001/20221012_030000.WAV,Telephone Field,recover-20221013,001,1795
1629.8815,1629.8888,51250,55707,Pipistrellus pipistrellus,0.017,0.02,-1,Echolocation,/mnt/ubna_data_02_mir/recover-20221013/UBNA_001/20221012_030000.WAV,Telephone Field,recover-20221013,001,1795
1629.8875,1629.9261,68437,81979,Rhinolophus ferrumequinum,0.02,0.02,-1,Echolocation,/mnt/ubna_data_02_mir/recover-20221013/UBNA_001/20221012_030000.WAV,Telephone Field,recover-20221013,001,1795
1629.8995,1629.9069,27187,38100,Eptesicus serotinus,0.006,0.019,-1,Echolocation,/mnt/ubna_data_02_mir/recover-20221013/UBNA_001/20221012_030000.WAV,Telephone Field,recover-20221013,001,1795
1629.9225,1629.9633,68437,82844,Rhinolophus ferrumequinum,0.021,0.021,-1,Echolocation,/mnt/ubna_data_02_mir/recover-20221013/UBNA_001/20221012_030000.WAV,Telephone Field,recover-20221013,001,1795
1629.9345,1629.9727,68437,81832,Rhinolophus ferrumequinum,0.019,0.019,-1,Echolocation,/mnt/ubna_data_02_mir/recover-20221013/UBNA_001/20221012_030000.WAV,Telephone Field,recover-20221013,001,1795
1629.9465,1629.9877,68437,82304,Rhinolophus ferrumequinum,0.02,0.02,-1,Echolocation,/mnt/ubna_data_02_mir/recover-20221013/UBNA_001/20221012_030000.WAV,Telephone Field,recover-20221013,001,1795
1629.9535,1629.9931,68437,82674,Rhinolophus ferrumequinum,0.02,0.02,-1,Echolocation,/mnt/ubna_data_02_mir/recover-20221013/UBNA_001/20221012_030000.WAV,Telephone Field,recover-20221013,001,1795
1629.9585,1629.9685,22890,28699,Nyctalus leisleri,0.008,0.021,-1,Echolocation,/mnt/ubna_data_02_mir/recover-20221013/UBNA_001/20221012_030000.WAV,Telephone Field,recover-20221013,001,1795
1629.9765,1629.9835,28046,38272,Eptesicus serotinus,0.007,0.022,-1,Echolocation,/mnt/ubna_data_02_mir/recover-20221013/UBNA_001/20221012_030000.WAV,Telephone Field,recover-20221013,001,1795
1630.0015,1630.0356,70156,82406,Rhinolophus ferrumequinum,0.029,0.029,-1,Echolocation,/mnt/ubna_data_02_mir/recover-20221013/UBNA_001/20221012_030000.WAV,Telephone Field,recover-20221013,001,1795
1630.0015,1630.0092,26328,36968,Nyctalus leisleri,0.006,0.025,-1,Echolocation,/mnt/ubna_data_02_mir/recover-20221013/UBNA_001/20221012_030000.WAV,Telephone Field,recover-20221013,001,1795
1630.0205,1630.0582,68437,82088,Rhinolophus ferrumequinum,0.019,0.019,-1,Echolocation,/mnt/ubna_data_02_mir/recover-20221013/UBNA_001/20221012_030000.WAV,Telephone Field,recover-20221013,001,1795
1630.0475,1630.0556,28906,38188,Eptesicus serotinus,0.008,0.023,-1,Echolocation,/mnt/ubna_data_02_mir/recover-20221013/UBNA_001/20221012_030000.WAV,Telephone Field,recover-20221013,001,1795
1630.0845,1630.1237,68437,81755,Rhinolophus ferrumequinum,0.019,0.019,-1,Echolocation,/mnt/ubna_data_02_mir/recover-20221013/UBNA_001/20221012_030000.WAV,Telephone Field,recover-20221013,001,1795
1630.0965,1630.1094,23750,27962,Nyctalus leisleri,0.018,0.037,-1,Echolocation,/mnt/ubna_data_02_mir/recover-20221013/UBNA_001/20221012_030000.WAV,Telephone Field,recover-20221013,001,1795
1630.1115,1630.1202,27187,37747,Eptesicus serotinus,0.007,0.019,-1,Echolocation,/mnt/ubna_data_02_mir/recover-20221013/UBNA_001/20221012_030000.WAV,Telephone Field,recover-20221013,001,1795
1630.1205,1630.1299,26328,33971,Eptesicus serotinus,0.01,0.024,-1,Echolocation,/mnt/ubna_data_02_mir/recover-20221013/UBNA_001/20221012_030000.WAV,Telephone Field,recover-20221013,001,1795
1630.1245,1630.1632,68437,82546,Rhinolophus ferrumequinum,0.02,0.02,-1,Echolocation,/mnt/ubna_data_02_mir/recover-20221013/UBNA_001/20221012_030000.WAV,Telephone Field,recover-20221013,001,1795
1630.1435,1630.1846,68437,82949,Rhinolophus ferrumequinum,0.023,0.024,-1,Echolocation,/mnt/ubna_data_02_mir/recover-20221013/UBNA_001/20221012_030000.WAV,Telephone Field,recover-20221013,001,1795
1630.1605,1630.1701,28906,38886,Eptesicus serotinus,0.008,0.019,-1,Echolocation,/mnt/ubna_data_02_mir/recover-20221013/UBNA_001/20221012_030000.WAV,Telephone Field,recover-20221013,001,1795
1630.1615,1630.1679,47812,52768,Pipistrellus pipistrellus,0.031,0.032,-1,Echolocation,/mnt/ubna_data_02_mir/recover-20221013/UBNA_001/20221012_030000.WAV,Telephone Field,recover-20221013,001,1795
1630.1715,1630.1817,28906,38121,Eptesicus serotinus,0.009,0.02,-1,Echolocation,/mnt/ubna_data_02_mir/recover-20221013/UBNA_001/20221012_030000.WAV,Telephone Field,recover-20221013,001,1795
1630.1845,1630.1924,27187,41035,Eptesicus serotinus,0.006,0.02,-1,Echolocation,/mnt/ubna_data_02_mir/recover-20221013/UBNA_001/20221012_030000.WAV,Telephone Field,recover-20221013,001,1795
1630.1875,1630.2248,68437,81630,Rhinolophus ferrumequinum,0.02,0.02,-1,Echolocation,/mnt/ubna_data_02_mir/recover-20221013/UBNA_001/20221012_030000.WAV,Telephone Field,recover-20221013,001,1795
1630.2105,1630.2193,28046,37165,Eptesicus serotinus,0.012,0.024,-1,Echolocation,/mnt/ubna_data_02_mir/recover-20221013/UBNA_001/20221012_030000.WAV,Telephone Field,recover-20221013,001,1795
1630.2615,1630.2715,22890,28757,Nyctalus leisleri,0.009,0.023,-1,Echolocation,/mnt/ubna_data_02_mir/recover-20221013/UBNA_001/20221012_030000.WAV,Telephone Field,recover-20221013,001,1795
1630.2615,1630.298,68437,81173,Rhinolophus ferrumequinum,0.019,0.019,-1,Echolocation,/mnt/ubna_data_02_mir/recover-20221013/UBNA_001/20221012_030000.WAV,Telephone Field,recover-20221013,001,1795
1630.3015,1630.3086,28906,37855,Eptesicus serotinus,0.016,0.038,-1,Echolocation,/mnt/ubna_data_02_mir/recover-20221013/UBNA_001/20221012_030000.WAV,Telephone Field,recover-20221013,001,1795
1630.3105,1630.3487,68437,82037,Rhinolophus ferrumequinum,0.021,0.021,-1,Echolocation,/mnt/ubna_data_02_mir/recover-20221013/UBNA_001/20221012_030000.WAV,Telephone Field,recover-20221013,001,1795
1630.3755,1630.3861,44375,47930,Pipistrellus pipistrellus,0.022,0.025,-1,Echolocation,/mnt/ubna_data_02_mir/recover-20221013/UBNA_001/20221012_030000.WAV,Telephone Field,recover-20221013,001,1795
1630.3845,1630.3948,23750,29933,Nyctalus leisleri,0.009,0.023,-1,Echolocation,/mnt/ubna_data_02_mir/recover-20221013/UBNA_001/20221012_030000.WAV,Telephone Field,recover-20221013,001,1795
1630.3875,1630.4272,68437,82228,Rhinolophus ferrumequinum,0.023,0.023,-1,Echolocation,/mnt/ubna_data_02_mir/recover-20221013/UBNA_001/20221012_030000.WAV,Telephone Field,recover-20221013,001,1795
1630.4195,1630.427,31484,41633,Myotis daubentonii,0.011,0.028,-1,Echolocation,/mnt/ubna_data_02_mir/recover-20221013/UBNA_001/20221012_030000.WAV,Telephone Field,recover-20221013,001,1795
1630.4405,1630.4475,23750,32123,Plecotus austriacus,0.012,0.026,-1,Echolocation,/mnt/ubna_data_02_mir/recover-20221013/UBNA_001/20221012_030000.WAV,Telephone Field,recover-20221013,001,1795
1630.4585,1630.4959,68437,81305,Rhinolophus ferrumequinum,0.019,0.019,-1,Echolocation,/mnt/ubna_data_02_mir/recover-20221013/UBNA_001/20221012_030000.WAV,Telephone Field,recover-20221013,001,1795
1630.4925,1630.4989,24609,33736,Plecotus austriacus,0.008,0.022,-1,Echolocation,/mnt/ubna_data_02_mir/recover-20221013/UBNA_001/20221012_030000.WAV,Telephone Field,recover-20221013,001,1795
1630.5275,1630.5379,23750,29496,Nyctalus leisleri,0.008,0.022,-1,Echolocation,/mnt/ubna_data_02_mir/recover-20221013/UBNA_001/20221012_030000.WAV,Telephone Field,recover-20221013,001,1795
1630.5285,1630.5675,68437,82218,Rhinolophus ferrumequinum,0.021,0.021,-1,Echolocation,/mnt/ubna_data_02_mir/recover-20221013/UBNA_001/20221012_030000.WAV,Telephone Field,recover-20221013,001,1795
1630.5335,1630.5441,28906,35531,Eptesicus serotinus,0.01,0.021,-1,Echolocation,/mnt/ubna_data_02_mir/recover-20221013/UBNA_001/20221012_030000.WAV,Telephone Field,recover-20221013,001,1795
1630.5375,1630.5752,68437,82612,Rhinolophus ferrumequinum,0.021,0.021,-1,Echolocation,/mnt/ubna_data_02_mir/recover-20221013/UBNA_001/20221012_030000.WAV,Telephone Field,recover-20221013,001,1795
1630.5445,1630.5824,68437,82111,Rhinolophus ferrumequinum,0.019,0.019,-1,Echolocation,/mnt/ubna_data_02_mir/recover-20221013/UBNA_001/20221012_030000.WAV,Telephone Field,recover-20221013,001,1795
1630.5655,1630.6077,68437,83144,Rhinolophus ferrumequinum,0.029,0.029,-1,Echolocation,/mnt/ubna_data_02_mir/recover-20221013/UBNA_001/20221012_030000.WAV,Telephone Field,recover-20221013,001,1795
1630.6015,1630.6392,68437,81774,Rhinolophus ferrumequinum,0.02,0.02,-1,Echolocation,/mnt/ubna_data_02_mir/recover-20221013/UBNA_001/20221012_030000.WAV,Telephone Field,recover-20221013,001,1795
1630.6115,1630.6232,22890,27676,Nyctalus leisleri,0.016,0.03,-1,Echolocation,/mnt/ubna_data_02_mir/recover-20221013/UBNA_001/20221012_030000.WAV,Telephone Field,recover-20221013,001,1795
1630.6755,1630.7158,68437,82565,Rhinolophus ferrumequinum,0.021,0.021,-1,Echolocation,/mnt/ubna_data_02_mir/recover-20221013/UBNA_001/20221012_030000.WAV,Telephone Field,recover-20221013,001,1795
1630.7035,1630.741,68437,82460,Rhinolophus ferrumequinum,0.02,0.02,-1,Echolocation,/mnt/ubna_data_02_mir/recover-20221013/UBNA_001/20221012_030000.WAV,Telephone Field,recover-20221013,001,1795
1630.7275,1630.7341,25468,35724,Plecotus austriacus,0.007,0.025,-1,Echolocation,/mnt/ubna_data_02_mir/recover-20221013/UBNA_001/20221012_030000.WAV,Telephone Field,recover-20221013,001,1795
1630.7285,1630.7692,68437,83214,Rhinolophus ferrumequinum,0.024,0.024,-1,Echolocation,/mnt/ubna_data_02_mir/recover-20221013/UBNA_001/20221012_030000.WAV,Telephone Field,recover-20221013,001,1795
1630.7985,1630.8387,68437,82233,Rhinolophus ferrumequinum,0.024,0.024,-1,Echolocation,/mnt/ubna_data_02_mir/recover-20221013/UBNA_001/20221012_030000.WAV,Telephone Field,recover-20221013,001,1795
1630.8375,1630.8515,56406,61834,Pipistrellus pygmaeus,0.019,0.02,-1,Echolocation,/mnt/ubna_data_02_mir/recover-20221013/UBNA_001/20221012_030000.WAV,Telephone Field,recover-20221013,001,1795
1630.8535,1630.8607,28906,40925,Eptesicus serotinus,0.008,0.023,-1,Echolocation,/mnt/ubna_data_02_mir/recover-20221013/UBNA_001/20221012_030000.WAV,Telephone Field,recover-20221013,001,1795
1630.8635,1630.8991,68437,81419,Rhinolophus ferrumequinum,0.02,0.02,-1,Echolocation,/mnt/ubna_data_02_mir/recover-20221013/UBNA_001/20221012_030000.WAV,Telephone Field,recover-20221013,001,1795
1630.8775,1630.9177,68437,82236,Rhinolophus ferrumequinum,0.021,0.021,-1,Echolocation,/mnt/ubna_data_02_mir/recover-20221013/UBNA_001/20221012_030000.WAV,Telephone Field,recover-20221013,001,1795
1630.8895,1630.8982,28046,39884,Eptesicus serotinus,0.009,0.023,-1,Echolocation,/mnt/ubna_data_02_mir/recover-20221013/UBNA_001/20221012_030000.WAV,Telephone Field,recover-20221013,001,1795
1630.9235,1630.9625,68437,81820,Rhinolophus ferrumequinum,0.02,0.02,-1,Echolocation,/mnt/ubna_data_02_mir/recover-20221013/UBNA_001/20221012_030000.WAV,Telephone Field,recover-20221013,001,1795
1630.9285,1630.966,68437,81742,Rhinolophus ferrumequinum,0.02,0.02,-1,Echolocation,/mnt/ubna_data_02_mir/recover-20221013/UBNA_001/20221012_030000.WAV,Telephone Field,recover-20221013,001,1795
1631.0265,1631.0345,28906,36873,Eptesicus serotinus,0.009,0.022,-1,Echolocation,/mnt/ubna_data_02_mir/recover-20221013/UBNA_001/20221012_030000.WAV,Telephone Field,recover-20221013,001,1795
1631.0505,1631.0883,68437,81637,Rhinolophus ferrumequinum,0.019,0.019,-1,Echolocation,/mnt/ubna_data_02_mir/recover-20221013/UBNA_001/20221012_030000.WAV,Telephone Field,recover-20221013,001,1795
1631.0655,1631.1064,68437,82665,Rhinolophus ferrumequinum,0.02,0.02,-1,Echolocation,/mnt/ubna_data_02_mir/recover-20221013/UBNA_001/20221012_030000.WAV,Telephone Field,recover-20221013,001,1795
1631.0815,1631.1182,68437,81540,Rhinolophus ferrumequinum,0.021,0.021,-1,Echolocation,/mnt/ubna_data_02_mir/recover-20221013/UBNA_001/20221012_030000.WAV,Telephone Field,recover-20221013,001,1795
1631.0865,1631.1219,68437,81403,Rhinolophus ferrumequinum,0.02,0.02,-1,Echolocation,/mnt/ubna_data_02_mir/recover-20221013/UBNA_001/20221012_030000.WAV,Telephone Field,recover-20221013,001,1795
1631.1165,1631.1254,22890,29650,Plecotus austriacus,0.008,0.021,-1,Echolocation,/mnt/ubna_data_02_mir/recover-20221013/UBNA_001/20221012_030000.WAV,Telephone Field,recover-20221013,001,1795
1631.1375,1631.1765,68437,82655,Rhinolophus ferrumequinum,0.021,0.021,-1,Echolocation,/mnt/ubna_data_02_mir/recover-20221013/UBNA_001/20221012_030000.WAV,Telephone Field,recover-20221013,001,1795
1631.1635,1631.2072,68437,83244,Rhinolophus ferrumequinum,0.031,0.031,-1,Echolocation,/mnt/ubna_data_02_mir/recover-20221013/UBNA_001/20221012_030000.WAV,Telephone Field,recover-20221013,001,1795
1631.1685,1631.1766,28046,40002,Eptesicus serotinus,0.007,0.02,-1,Echolocation,/mnt/ubna_data_02_mir/recover-20221013/UBNA_001/20221012_030000.WAV,Telephone Field,recover-20221013,001,1795
1631.1995,1631.2341,68437,81110,Rhinolophus ferrumequinum,0.02,0.02,-1,Echolocation,/mnt/ubna_data_02_mir/recover-20221013/UBNA_001/20221012_030000.WAV,Telephone Field,recover-20221013,001,1795
1631.2035,1631.2117,28046,38754,Eptesicus serotinus,0.008,0.022,-1,Echolocation,/mnt/ubna_data_02_mir/recover-20221013/UBNA_001/20221012_030000.WAV,Telephone Field,recover-20221013,001,1795
1631.2265,1631.2367,43515,47053,Pipistrellus pipistrellus,0.057,0.065,-1,Echolocation,/mnt/ubna_data_02_mir/recover-20221013/UBNA_001/20221012_030000.WAV,Telephone Field,recover-20221013,001,1795
1631.2385,1631.2736,68437,81009,Rhinolophus ferrumequinum,0.022,0.022,-1,Echolocation,/mnt/ubna_data_02_mir/recover-20221013/UBNA_001/20221012_030000.WAV,Telephone Field,recover-20221013,001,1795
1631.2795,1631.2873,23750,31025,Plecotus austriacus,0.008,0.021,-1,Echolocation,/mnt/ubna_data_02_mir/recover-20221013/UBNA_001/20221012_030000.WAV,Telephone Field,recover-20221013,001,1795
1631.2885,1631.2978,22031,27336,Nyctalus leisleri,0.007,0.019,-1,Echolocation,/mnt/ubna_data_02_mir/recover-20221013/UBNA_001/20221012_030000.WAV,Telephone Field,recover-20221013,001,1795
1631.3015,1631.3325,68437,79491,Rhinolophus ferrumequinum,0.019,0.02,-1,Echolocation,/mnt/ubna_data_02_mir/recover-20221013/UBNA_001/20221012_030000.WAV,Telephone Field,recover-20221013,001,1795
1631.3125,1631.3208,26328,36023,Eptesicus serotinus,0.007,0.02,-1,Echolocation,/mnt/ubna_data_02_mir/recover-20221013/UBNA_001/20221012_030000.WAV,Telephone Field,recover-20221013,001,1795
1631.3375,1631.3759,68437,81683,Rhinolophus ferrumequinum,0.023,0.023,-1,Echolocation,/mnt/ubna_data_02_mir/recover-20221013/UBNA_001/20221012_030000.WAV,Telephone Field,recover-20221013,001,1795
1631.3715,1631.3785,25468,34529,Plecotus austriacus,0.006,0.022,-1,Echolocation,/mnt/ubna_data_02_mir/recover-20221013/UBNA_001/20221012_030000.WAV,Telephone Field,recover-20221013,001,1795
1631.4395,1631.4818,68437,82883,Rhinolophus ferrumequinum,0.023,0.023,-1,Echolocation,/mnt/ubna_data_02_mir/recover-20221013/UBNA_001/20221012_030000.WAV,Telephone Field,recover-20221013,001,1795
1631.4485,1631.4858,68437,81851,Rhinolophus ferrumequinum,0.019,0.019,-1,Echolocation,/mnt/ubna_data_02_mir/recover-20221013/UBNA_001/20221012_030000.WAV,Telephone Field,recover-20221013,001,1795
1631.4645,1631.5031,68437,81766,Rhinolophus ferrumequinum,0.021,0.021,-1,Echolocation,/mnt/ubna_data_02_mir/recover-20221013/UBNA_001/20221012_030000.WAV,Telephone Field,recover-20221013,001,1795
1631.5025,1631.5089,28046,38322,Eptesicus serotinus,0.006,0.02,-1,Echolocation,/mnt/ubna_data_02_mir/recover-20221013/UBNA_001/20221012_030000.WAV,Telephone Field,recover-20221013,001,1795
1631.5415,1631.5522,23750,29081,Nyctalus leisleri,0.014,0.029,-1,Echolocation,/mnt/ubna_data_02_mir/recover-20221013/UBNA_001/20221012_030000.WAV,Telephone Field,recover-20221013,001,1795
1631.5785,1631.6157,68437,82180,Rhinolophus ferrumequinum,0.02,0.02,-1,Echolocation,/mnt/ubna_data_02_mir/recover-20221013/UBNA_001/20221012_030000.WAV,Telephone Field,recover-20221013,001,1795
1631.5875,1631.6279,68437,82774,Rhinolophus ferrumequinum,0.021,0.021,-1,Echolocation,/mnt/ubna_data_02_mir/recover-20221013/UBNA_001/20221012_030000.WAV,Telephone Field,recover-20221013,001,1795
1631.6105,1631.6259,22031,25375,Nyctalus leisleri,0.012,0.019,-1,Echolocation,/mnt/ubna_data_02_mir/recover-20221013/UBNA_001/20221012_030000.WAV,Telephone Field,recover-20221013,001,1795
1631.6385,1631.6784,68437,82318,Rhinolophus ferrumequinum,0.02,0.02,-1,Echolocation,/mnt/ubna_data_02_mir/recover-20221013/UBNA_001/20221012_030000.WAV,Telephone Field,recover-20221013,001,1795
1631.6835,1631.7034,18593,21832,Nyctalus noctula,0.019,0.031,-1,Echolocation,/mnt/ubna_data_02_mir/recover-20221013/UBNA_001/20221012_030000.WAV,Telephone Field,recover-20221013,001,1795
1631.7155,1631.7537,68437,82660,Rhinolophus ferrumequinum,0.021,0.021,-1,Echolocation,/mnt/ubna_data_02_mir/recover-20221013/UBNA_001/20221012_030000.WAV,Telephone Field,recover-20221013,001,1795
1631.7165,1631.7243,25468,34634,Eptesicus serotinus,0.006,0.023,-1,Echolocation,/mnt/ubna_data_02_mir/recover-20221013/UBNA_001/20221012_030000.WAV,Telephone Field,recover-20221013,001,1795
1631.7385,1631.7474,24609,31662,Nyctalus leisleri,0.007,0.021,-1,Echolocation,/mnt/ubna_data_02_mir/recover-20221013/UBNA_001/20221012_030000.WAV,Telephone Field,recover-20221013,001,1795
1631.7725,1631.7897,20312,23252,Nyctalus leisleri,0.018,0.033,-1,Echolocation,/mnt/ubna_data_02_mir/recover-20221013/UBNA_001/20221012_030000.WAV,Telephone Field,recover-20221013,001,1795
1631.7735,1631.8141,68437,83208,Rhinolophus ferrumequinum,0.02,0.02,-1,Echolocation,/mnt/ubna_data_02_mir/recover-20221013/UBNA_001/20221012_030000.WAV,Telephone Field,recover-20221013,001,1795
1631.8265,1631.8346,26328,35313,Eptesicus serotinus,0.01,0.027,-1,Echolocation,/mnt/ubna_data_02_mir/recover-20221013/UBNA_001/20221012_030000.WAV,Telephone Field,recover-20221013,001,1795
1631.8265,1631.8648,68437,82055,Rhinolophus ferrumequinum,0.021,0.021,-1,Echolocation,/mnt/ubna_data_02_mir/recover-20221013/UBNA_001/20221012_030000.WAV,Telephone Field,recover-20221013,001,1795
1631.8625,1631.9024,68437,82295,Rhinolophus ferrumequinum,0.021,0.021,-1,Echolocation,/mnt/ubna_data_02_mir/recover-20221013/UBNA_001/20221012_030000.WAV,Telephone Field,recover-20221013,001,1795
1631.8725,1631.8834,23750,28709,Nyctalus leisleri,0.008,0.019,-1,Echolocation,/mnt/ubna_data_02_mir/recover-20221013/UBNA_001/20221012_030000.WAV,Telephone Field,recover-20221013,001,1795
1631.8895,1631.9312,68437,83041,Rhinolophus ferrumequinum,0.033,0.033,-1,Echolocation,/mnt/ubna_data_02_mir/recover-20221013/UBNA_001/20221012_030000.WAV,Telephone Field,recover-20221013,001,1795
1631.8895,1631.8971,23750,32451,Plecotus austriacus,0.015,0.032,-1,Echolocation,/mnt/ubna_data_02_mir/recover-20221013/UBNA_001/20221012_030000.WAV,Telephone Field,recover-20221013,001,1795
1631.9255,1631.9619,68437,82047,Rhinolophus ferrumequinum,0.02,0.02,-1,Echolocation,/mnt/ubna_data_02_mir/recover-20221013/UBNA_001/20221012_030000.WAV,Telephone Field,recover-20221013,001,1795
1631.9505,1631.9603,28906,35936,Eptesicus serotinus,0.012,0.025,-1,Echolocation,/mnt/ubna_data_02_mir/recover-20221013/UBNA_001/20221012_030000.WAV,Telephone Field,recover-20221013,001,1795
1631.9505,1631.9894,68437,82005,Rhinolophus ferrumequinum,0.019,0.019,-1,Echolocation,/mnt/ubna_data_02_mir/recover-20221013/UBNA_001/20221012_030000.WAV,Telephone Field,recover-20221013,001,1795
1632.0015,1632.0322,68437,79511,Rhinolophus ferrumequinum,0.053,0.053,-1,Echolocation,/mnt/ubna_data_02_mir/recover-20221013/UBNA_001/20221012_030000.WAV,Telephone Field,recover-20221013,001,1795
1632.0015,1632.0094,24609,34012,Nyctalus leisleri,0.007,0.024,-1,Echolocation,/mnt/ubna_data_02_mir/recover-20221013/UBNA_001/20221012_030000.WAV,Telephone Field,recover-20221013,001,1795
1632.0015,1632.01,46093,50888,Pipistrellus pipistrellus,0.016,0.022,-1,Echolocation,/mnt/ubna_data_02_mir/recover-20221013/UBNA_001/20221012_030000.WAV,Telephone Field,recover-20221013,001,1795
1632.1105,1632.1473,68437,81708,Rhinolophus ferrumequinum,0.021,0.021,-1,Echolocation,/mnt/ubna_data_02_mir/recover-20221013/UBNA_001/20221012_030000.WAV,Telephone Field,recover-20221013,001,1795
1632.1325,1632.1425,23750,30196,Nyctalus leisleri,0.007,0.021,-1,Echolocation,/mnt/ubna_data_02_mir/recover-20221013/UBNA_001/20221012_030000.WAV,Telephone Field,recover-20221013,001,1795
1632.1745,1632.2165,68437,83266,Rhinolophus ferrumequinum,0.028,0.028,-1,Echolocation,/mnt/ubna_data_02_mir/recover-20221013/UBNA_001/20221012_030000.WAV,Telephone Field,recover-20221013,001,1795
1632.1745,1632.1833,24609,35846,Eptesicus serotinus,0.01,0.029,-1,Echolocation,/mnt/ubna_data_02_mir/recover-20221013/UBNA_001/20221012_030000.WAV,Telephone Field,recover-20221013,001,1795
1632.2155,1632.2546,68437,82032,Rhinolophus ferrumequinum,0.027,0.027,-1,Echolocation,/mnt/ubna_data_02_mir/recover-20221013/UBNA_001/20221012_030000.WAV,Telephone Field,recover-20221013,001,1795
1632.2475,1632.2901,68437,83153,Rhinolophus ferrumequinum,0.029,0.029,-1,Echolocation,/mnt/ubna_data_02_mir/recover-20221013/UBNA_001/20221012_030000.WAV,Telephone Field,recover-20221013,001,1795
1632.2635,1632.2707,30625,43369,Myotis daubentonii,0.009,0.024,-1,Echolocation,/mnt/ubna_data_02_mir/recover-20221013/UBNA_001/20221012_030000.WAV,Telephone Field,recover-20221013,001,1795
1632.2865,1632.2924,28046,39999,Eptesicus serotinus,0.006,0.022,-1,Echolocation,/mnt/ubna_data_02_mir/recover-20221013/UBNA_001/20221012_030000.WAV,Telephone Field,recover-20221013,001,1795
1632.3095,1632.3466,68437,81593,Rhinolophus ferrumequinum,0.023,0.023,-1,Echolocation,/mnt/ubna_data_02_mir/recover-20221013/UBNA_001/20221012_030000.WAV,Telephone Field,recover-20221013,001,1795
1632.3235,1632.3643,68437,82520,Rhinolophus ferrumequinum,0.043,0.043,-1,Echolocation,/mnt/ubna_data_02_mir/recover-20221013/UBNA_001/20221012_030000.WAV,Telephone Field,recover-20221013,001,1795
1632.3515,1632.3579,27187,39795,Eptesicus serotinus,0.005,0.023,-1,Echolocation,/mnt/ubna_data_02_mir/recover-20221013/UBNA_001/20221012_030000.WAV,Telephone Field,recover-20221013,001,1795
1632.3725,1632.4104,68437,81605,Rhinolophus ferrumequinum,0.021,0.021,-1,Echolocation,/mnt/ubna_data_02_mir/recover-20221013/UBNA_001/20221012_030000.WAV,Telephone Field,recover-20221013,001,1795
1632.3975,1632.4074,22890,28983,Nyctalus leisleri,0.01,0.027,-1,Echolocation,/mnt/ubna_data_02_mir/recover-20221013/UBNA_001/20221012_030000.WAV,Telephone Field,recover-20221013,001,1795
1632.4105,1632.4508,68437,82575,Rhinolophus ferrumequinum,0.031,0.031,-1,Echolocation,/mnt/ubna_data_02_mir/recover-20221013/UBNA_001/20221012_030000.WAV,Telephone Field,recover-20221013,001,1795
1632.4265,1632.4358,22890,30021,Plecotus austriacus,0.008,0.027,-1,Echolocation,/mnt/ubna_data_02_mir/recover-20221013/UBNA_001/20221012_030000.WAV,Telephone Field,recover-20221013,001,1795
1632.4575,1632.4996,68437,83104,Rhinolophus ferrumequinum,0.026,0.026,-1,Echolocation,/mnt/ubna_data_02_mir/recover-20221013/UBNA_001/20221012_030000.WAV,Telephone Field,recover-20221013,001,1795
1632.4835,1632.5225,68437,81881,Rhinolophus ferrumequinum,0.025,0.025,-1,Echolocation,/mnt/ubna_data_02_mir/recover-20221013/UBNA_001/20221012_030000.WAV,Telephone Field,recover-20221013,001,1795
1632.5015,1632.5113,24609,32026,Eptesicus serotinus,0.008,0.022,-1,Echolocation,/mnt/ubna_data_02_mir/recover-20221013/UBNA_001/20221012_030000.WAV,Telephone Field,recover-20221013,001,1795
1632.5115,1632.55,68437,81776,Rhinolophus ferrumequinum,0.031,0.031,-1,Echolocation,/mnt/ubna_data_02_mir/recover-20221013/UBNA_001/20221012_030000.WAV,Telephone Field,recover-20221013,001,1795
1632.5245,1632.5308,28046,41816,Eptesicus serotinus,0.007,0.026,-1,Echolocation,/mnt/ubna_data_02_mir/recover-20221013/UBNA_001/20221012_030000.WAV,Telephone Field,recover-20221013,001,1795
1632.5365,1632.5756,68437,82038,Rhinolophus ferrumequinum,0.021,0.021,-1,Echolocation,/mnt/ubna_data_02_mir/recover-20221013/UBNA_001/20221012_030000.WAV,Telephone Field,recover-20221013,001,1795
1632.5965,1632.6053,44375,48320,Pipistrellus pipistrellus,0.019,0.021,-1,Echolocation,/mnt/ubna_data_02_mir/recover-20221013/UBNA_001/20221012_030000.WAV,Telephone Field,recover-20221013,001,1795
1632.5965,1632.6014,37500,46932,Myotis daubentonii,0.007,0.021,-1,Echolocation,/mnt/ubna_data_02_mir/recover-20221013/UBNA_001/20221012_030000.WAV,Telephone Field,recover-20221013,001,1795
1632.5985,1632.6048,27187,45190,Eptesicus serotinus,0.006,0.023,-1,Echolocation,/mnt/ubna_data_02_mir/recover-20221013/UBNA_001/20221012_030000.WAV,Telephone Field,recover-20221013,001,1795
1632.6485,1632.6571,23750,30839,Plecotus austriacus,0.007,0.022,-1,Echolocation,/mnt/ubna_data_02_mir/recover-20221013/UBNA_001/20221012_030000.WAV,Telephone Field,recover-20221013,001,1795
1632.6925,1632.6992,28046,39054,Eptesicus serotinus,0.008,0.026,-1,Echolocation,/mnt/ubna_data_02_mir/recover-20221013/UBNA_001/20221012_030000.WAV,Telephone Field,recover-20221013,001,1795
1632.7095,1632.7531,68437,82639,Rhinolophus ferrumequinum,0.027,0.027,-1,Echolocation,/mnt/ubna_data_02_mir/recover-20221013/UBNA_001/20221012_030000.WAV,Telephone Field,recover-20221013,001,1795
1632.7315,1632.7444,22031,26918,Nyctalus leisleri,0.013,0.027,-1,Echolocation,/mnt/ubna_data_02_mir/recover-20221013/UBNA_001/20221012_030000.WAV,Telephone Field,recover-20221013,001,1795
1632.7705,1632.8043,68437,80690,Rhinolophus ferrumequinum,0.021,0.021,-1,Echolocation,/mnt/ubna_data_02_mir/recover-20221013/UBNA_001/20221012_030000.WAV,Telephone Field,recover-20221013,001,1795
1632.7835,1632.7905,27187,42130,Eptesicus serotinus,0.006,0.021,-1,Echolocation,/mnt/ubna_data_02_mir/recover-20221013/UBNA_001/20221012_030000.WAV,Telephone Field,recover-20221013,001,1795
1632.8025,1632.8419,68437,81896,Rhinolophus ferrumequinum,0.021,0.021,-1,Echolocation,/mnt/ubna_data_02_mir/recover-20221013/UBNA_001/20221012_030000.WAV,Telephone Field,recover-20221013,001,1795
1632.8115,1632.821,26328,33789,Eptesicus serotinus,0.01,0.026,-1,Echolocation,/mnt/ubna_data_02_mir/recover-20221013/UBNA_001/20221012_030000.WAV,Telephone Field,recover-20221013,001,1795
1632.8805,1632.9199,68437,82376,Rhinolophus ferrumequinum,0.021,0.021,-1,Echolocation,/mnt/ubna_data_02_mir/recover-20221013/UBNA_001/20221012_030000.WAV,Telephone Field,recover-20221013,001,1795
1632.8815,1632.891,27187,35566,Eptesicus serotinus,0.012,0.027,-1,Echolocation,/mnt/ubna_data_02_mir/recover-20221013/UBNA_001/20221012_030000.WAV,Telephone Field,recover-20221013,001,1795
1632.9065,1632.9502,68437,83122,Rhinolophus ferrumequinum,0.045,0.045,-1,Echolocation,/mnt/ubna_data_02_mir/recover-20221013/UBNA_001/20221012_030000.WAV,Telephone Field,recover-20221013,001,1795
1632.9435,1632.9852,68437,83041,Rhinolophus ferrumequinum,0.031,0.031,-1,Echolocation,/mnt/ubna_data_02_mir/recover-20221013/UBNA_001/20221012_030000.WAV,Telephone Field,recover-20221013,001,1795
1632.9665,1633.0028,68437,81603,Rhinolophus ferrumequinum,0.022,0.022,-1,Echolocation,/mnt/ubna_data_02_mir/recover-20221013/UBNA_001/20221012_030000.WAV,Telephone Field,recover-20221013,001,1795
1632.9935,1633.0347,68437,82503,Rhinolophus ferrumequinum,0.021,0.021,-1,Echolocation,/mnt/ubna_data_02_mir/recover-20221013/UBNA_001/20221012_030000.WAV,Telephone Field,recover-20221013,001,1795
1633.0185,1633.0567,68437,82108,Rhinolophus ferrumequinum,0.022,0.022,-1,Echolocation,/mnt/ubna_data_02_mir/recover-20221013/UBNA_001/20221012_030000.WAV,Telephone Field,recover-20221013,001,1795
1633.0255,1633.0357,46953,50652,Pipistrellus pipistrellus,0.019,0.022,-1,Echolocation,/mnt/ubna_data_02_mir/recover-20221013/UBNA_001/20221012_030000.WAV,Telephone Field,recover-20221013,001,1795
1633.0465,1633.0558,24609,31962,Eptesicus serotinus,0.007,0.021,-1,Echolocation,/mnt/ubna_data_02_mir/recover-20221013/UBNA_001/20221012_030000.WAV,Telephone Field,recover-20221013,001,1795
1633.0965,1633.1046,28046,39073,Eptesicus serotinus,0.008,0.021,-1,Echolocation,/mnt/ubna_data_02_mir/recover-20221013/UBNA_001/20221012_030000.WAV,Telephone Field,recover-20221013,001,1795
1633.1025,1633.1394,68437,81999,Rhinolophus ferrumequinum,0.022,0.022,-1,Echolocation,/mnt/ubna_data_02_mir/recover-20221013/UBNA_001/20221012_030000.WAV,Telephone Field,recover-20221013,001,1795
1633.1165,1633.1533,68437,81810,Rhinolophus ferrumequinum,0.021,0.021,-1,Echolocation,/mnt/ubna_data_02_mir/recover-20221013/UBNA_001/20221012_030000.WAV,Telephone Field,recover-20221013,001,1795
1633.1395,1633.1775,68437,82849,Rhinolophus ferrumequinum,0.023,0.023,-1,Echolocation,/mnt/ubna_data_02_mir/recover-20221013/UBNA_001/20221012_030000.WAV,Telephone Field,recover-20221013,001,1795
1633.1665,1633.176,24609,32074,Eptesicus serotinus,0.007,0.021,-1,Echolocation,/mnt/ubna_data_02_mir/recover-20221013/UBNA_001/20221012_030000.WAV,Telephone Field,recover-20221013,001,1795
1633.1915,1633.2305,68437,82165,Rhinolophus ferrumequinum,0.033,0.033,-1,Echolocation,/mnt/ubna_data_02_mir/recover-20221013/UBNA_001/20221012_030000.WAV,Telephone Field,recover-20221013,001,1795
1633.2025,1633.2421,68437,81815,Rhinolophus ferrumequinum,0.024,0.024,-1,Echolocation,/mnt/ubna_data_02_mir/recover-20221013/UBNA_001/20221012_030000.WAV,Telephone Field,recover-20221013,001,1795
1633.2315,1633.2705,68437,82748,Rhinolophus ferrumequinum,0.03,0.03,-1,Echolocation,/mnt/ubna_data_02_mir/recover-20221013/UBNA_001/20221012_030000.WAV,Telephone Field,recover-20221013,001,1795
1633.2635,1633.3011,68437,81850,Rhinolophus ferrumequinum,0.022,0.022,-1,Echolocation,/mnt/ubna_data_02_mir/recover-20221013/UBNA_001/20221012_030000.WAV,Telephone Field,recover-20221013,001,1795
1633.2795,1633.2889,28906,37949,Eptesicus serotinus,0.009,0.023,-1,Echolocation,/mnt/ubna_data_02_mir/recover-20221013/UBNA_001/20221012_030000.WAV,Telephone Field,recover-20221013,001,1795
1633.2795,1633.3201,68437,83162,Rhinolophus ferrumequinum,0.032,0.032,-1,Echolocation,/mnt/ubna_data_02_mir/recover-20221013/UBNA_001/20221012_030000.WAV,Telephone Field,recover-20221013,001,1795
1633.3425,1633.3818,68437,82341,Rhinolophus ferrumequinum,0.021,0.021,-1,Echolocation,/mnt/ubna_data_02_mir/recover-20221013/UBNA_001/20221012_030000.WAV,Telephone Field,recover-20221013,001,1795
1633.3465,1633.3559,28046,37919,Eptesicus serotinus,0.009,0.022,-1,Echolocation,/mnt/ubna_data_02_mir/recover-20221013/UBNA_001/20221012_030000.WAV,Telephone Field,recover-20221013,001,1795
1633.3645,1633.3733,27187,40151,Eptesicus serotinus,0.009,0.023,-1,Echolocation,/mnt/ubna_data_02_mir/recover-20221013/UBNA_001/20221012_030000.WAV,Telephone Field,recover-20221013,001,1795
1633.3885,1633.4213,68437,80968,Rhinolophus ferrumequinum,0.021,0.021,-1,Echolocation,/mnt/ubna_data_02_mir/recover-20221013/UBNA_001/20221012_030000.WAV,Telephone Field,recover-20221013,001,1795
1633.4405,1633.448,24609,32913,Plecotus austriacus,0.006,0.021,-1,Echolocation,/mnt/ubna_data_02_mir/recover-20221013/UBNA_001/20221012_030000.WAV,Telephone Field,recover-20221013,001,1795
1633.4555,1633.4636,47812,51831,Pipistrellus pipistrellus,0.029,0.032,-1,Echolocation,/mnt/ubna_data_02_mir/recover-20221013/UBNA_001/20221012_030000.WAV,Telephone Field,recover-20221013,001,1795
1633.4605,1633.4969,68437,81767,Rhinolophus ferrumequinum,0.022,0.022,-1,Echolocation,/mnt/ubna_data_02_mir/recover-20221013/UBNA_001/20221012_030000.WAV,Telephone Field,recover-20221013,001,1795
1633.5635,1633.5741,23750,29297,Nyctalus leisleri,0.012,0.026,-1,Echolocation,/mnt/ubna_data_02_mir/recover-20221013/UBNA_001/20221012_030000.WAV,Telephone Field,recover-20221013,001,1795
1633.5855,1633.6269,68437,83250,Rhinolophus ferrumequinum,0.031,0.031,-1,Echolocation,/mnt/ubna_data_02_mir/recover-20221013/UBNA_001/20221012_030000.WAV,Telephone Field,recover-20221013,001,1795
1633.6225,1633.6353,31484,36280,Eptesicus serotinus,0.021,0.049,-1,Echolocation,/mnt/ubna_data_02_mir/recover-20221013/UBNA_001/20221012_030000.WAV,Telephone Field,recover-20221013,001,1795
1633.6475,1633.6559,28906,37586,Eptesicus serotinus,0.011,0.024,-1,Echolocation,/mnt/ubna_data_02_mir/recover-20221013/UBNA_001/20221012_030000.WAV,Telephone Field,recover-20221013,001,1795
1633.6945,1633.7316,68437,81760,Rhinolophus ferrumequinum,0.023,0.023,-1,Echolocation,/mnt/ubna_data_02_mir/recover-20221013/UBNA_001/20221012_030000.WAV,Telephone Field,recover-20221013,001,1795
1633.7325,1633.7717,68437,82268,Rhinolophus ferrumequinum,0.026,0.026,-1,Echolocation,/mnt/ubna_data_02_mir/recover-20221013/UBNA_001/20221012_030000.WAV,Telephone Field,recover-20221013,001,1795
1633.7485,1633.787,68437,82188,Rhinolophus ferrumequinum,0.022,0.022,-1,Echolocation,/mnt/ubna_data_02_mir/recover-20221013/UBNA_001/20221012_030000.WAV,Telephone Field,recover-20221013,001,1795
1633.7615,1633.7729,30625,38413,Eptesicus serotinus,0.009,0.021,-1,Echolocation,/mnt/ubna_data_02_mir/recover-20221013/UBNA_001/20221012_030000.WAV,Telephone Field,recover-20221013,001,1795
1633.7725,1633.7798,28046,37793,Eptesicus serotinus,0.008,0.022,-1,Echolocation,/mnt/ubna_data_02_mir/recover-20221013/UBNA_001/20221012_030000.WAV,Telephone Field,recover-20221013,001,1795
1633.7945,1633.805,22890,29066,Nyctalus leisleri,0.01,0.025,-1,Echolocation,/mnt/ubna_data_02_mir/recover-20221013/UBNA_001/20221012_030000.WAV,Telephone Field,recover-20221013,001,1795
1633.8185,1633.8567,68437,82447,Rhinolophus ferrumequinum,0.022,0.022,-1,Echolocation,/mnt/ubna_data_02_mir/recover-20221013/UBNA_001/20221012_030000.WAV,Telephone Field,recover-20221013,001,1795
1633.8235,1633.8299,27187,43754,Eptesicus serotinus,0.006,0.026,-1,Echolocation,/mnt/ubna_data_02_mir/recover-20221013/UBNA_001/20221012_030000.WAV,Telephone Field,recover-20221013,001,1795
1633.8345,1633.8472,22890,27536,Nyctalus leisleri,0.016,0.034,-1,Echolocation,/mnt/ubna_data_02_mir/recover-20221013/UBNA_001/20221012_030000.WAV,Telephone Field,recover-20221013,001,1795
1633.8695,1633.9101,68437,82429,Rhinolophus ferrumequinum,0.021,0.021,-1,Echolocation,/mnt/ubna_data_02_mir/recover-20221013/UBNA_001/20221012_030000.WAV,Telephone Field,recover-20221013,001,1795
1633.8735,1633.8788,27187,43193,Plecotus auritus,0.008,0.028,-1,Echolocation,/mnt/ubna_data_02_mir/recover-20221013/UBNA_001/20221012_030000.WAV,Telephone Field,recover-20221013,001,1795
1633.8775,1633.9152,68437,82487,Rhinolophus ferrumequinum,0.022,0.022,-1,Echolocation,/mnt/ubna_data_02_mir/recover-20221013/UBNA_001/20221012_030000.WAV,Telephone Field,recover-20221013,001,1795
1633.8945,1633.9019,23750,32227,Plecotus austriacus,0.008,0.025,-1,Echolocation,/mnt/ubna_data_02_mir/recover-20221013/UBNA_001/20221012_030000.WAV,Telephone Field,recover-20221013,001,1795
1633.9085,1633.9454,68437,81339,Rhinolophus ferrumequinum,0.021,0.021,-1,Echolocation,/mnt/ubna_data_02_mir/recover-20221013/UBNA_001/20221012_030000.WAV,Telephone Field,recover-20221013,001,1795
1633.9185,1633.9271,28046,41203,Eptesicus serotinus,0.008,0.022,-1,Echolocation,/mnt/ubna_data_02_mir/recover-20221013/UBNA_001/20221012_030000.WAV,Telephone Field,recover-20221013,001,1795
1633.9305,1633.9402,26328,33731,Eptesicus serotinus,0.014,0.03,-1,Echolocation,/mnt/ubna_data_02_mir/recover-20221013/UBNA_001/20221012_030000.WAV,Telephone Field,recover-20221013,001,1795
1633.9335,1633.9736,68437,82392,Rhinolophus ferrumequinum,0.025,0.025,-1,Echolocation,/mnt/ubna_data_02_mir/recover-20221013/UBNA_001/20221012_030000.WAV,Telephone Field,recover-20221013,001,1795
1633.9445,1633.9835,68437,82243,Rhinolophus ferrumequinum,0.021,0.021,-1,Echolocation,/mnt/ubna_data_02_mir/recover-20221013/UBNA_001/20221012_030000.WAV,Telephone Field,recover-20221013,001,1795
1633.9505,1633.9891,68437,82001,Rhinolophus ferrumequinum,0.021,0.021,-1,Echolocation,/mnt/ubna_data_02_mir/recover-20221013/UBNA_001/20221012_030000.WAV,Telephone Field,recover-20221013,001,1795
1634.0015,1634.0103,22890,30172,Nyctalus leisleri,0.008,0.024,-1,Echolocation,/mnt/ubna_data_02_mir/recover-20221013/UBNA_001/20221012_030000.WAV,Telephone Field,recover-20221013,001,1795
1634.0015,1634.0351,68437,80202,Rhinolophus ferrumequinum,0.028,0.028,-1,Echolocation,/mnt/ubna_data_02_mir/recover-20221013/UBNA_001/20221012_030000.WAV,Telephone Field,recover-20221013,001,1795
1634.0155,1634.0583,68437,83266,Rhinolophus ferrumequinum,0.031,0.031,-1,Echolocation,/mnt/ubna_data_02_mir/recover-20221013/UBNA_001/20221012_030000.WAV,Telephone Field,recover-20221013,001,1795
1634.0255,1634.0345,24609,32223,Eptesicus serotinus,0.007,0.021,-1,Echolocation,/mnt/ubna_data_02_mir/recover-20221013/UBNA_001/20221012_030000.WAV,Telephone Field,recover-20221013,001,1795
1634.0555,1634.0948,68437,81989,Rhinolophus ferrumequinum,0.02,0.02,-1,Echolocation,/mnt/ubna_data_02_mir/recover-20221013/UBNA_001/20221012_030000.WAV,Telephone Field,recover-20221013,001,1795
1634.0795,1634.0871,23750,32682,Plecotus austriacus,0.013,0.028,-1,Echolocation,/mnt/ubna_data_02_mir/recover-20221013/UBNA_001/20221012_030000.WAV,Telephone Field,recover-20221013,001,1795
1634.0925,1634.1306,68437,81824,Rhinolophus ferrumequinum,0.02,0.02,-1,Echolocation,/mnt/ubna_data_02_mir/recover-20221013/UBNA_001/20221012_030000.WAV,Telephone Field,recover-20221013,001,1795
1634.1015,1634.1402,68437,81916,Rhinolophus ferrumequinum,0.021,0.021,-1,Echolocation,/mnt/ubna_data_02_mir/recover-20221013/UBNA_001/20221012_030000.WAV,Telephone Field,recover-20221013,001,1795
1634.1275,1634.1396,41796,47172,Pipistrellus nathusii,0.017,0.037,-1,Echolocation,/mnt/ubna_data_02_mir/recover-20221013/UBNA_001/20221012_030000.WAV,Telephone Field,recover-20221013,001,1795
1634.1295,1634.1682,68437,82020,Rhinolophus ferrumequinum,0.021,0.021,-1,Echolocation,/mnt/ubna_data_02_mir/recover-20221013/UBNA_001/20221012_030000.WAV,Telephone Field,recover-20221013,001,1795
1634.1655,1634.2072,68437,83043,Rhinolophus ferrumequinum,0.037,0.037,-1,Echolocation,/mnt/ubna_data_02_mir/recover-20221013/UBNA_001/20221012_030000.WAV,Telephone Field,recover-20221013,001,1795
1634.1745,1634.1878,22031,26191,Nyctalus leisleri,0.014,0.025,-1,Echolocation,/mnt/ubna_data_02_mir/recover-20221013/UBNA_001/20221012_030000.WAV,Telephone Field,recover-20221013,001,1795
1634.1945,1634.2316,68437,81614,Rhinolophus ferrumequinum,0.022,0.022,-1,Echolocation,/mnt/ubna_data_02_mir/recover-20221013/UBNA_001/20221012_030000.WAV,Telephone Field,recover-20221013,001,1795
1634.2035,1634.2121,28906,36580,Eptesicus serotinus,0.011,0.026,-1,Echolocation,/mnt/ubna_data_02_mir/recover-20221013/UBNA_001/20221012_030000.WAV,Telephone Field,recover-20221013,001,1795
1634.2045,1634.2151,20312,26243,Plecotus austriacus,0.013,0.037,-1,Echolocation,/mnt/ubna_data_02_mir/recover-20221013/UBNA_001/20221012_030000.WAV,Telephone Field,recover-20221013,001,1795
1634.2125,1634.2511,68437,82416,Rhinolophus ferrumequinum,0.021,0.021,-1,Echolocation,/mnt/ubna_data_02_mir/recover-20221013/UBNA_001/20221012_030000.WAV,Telephone Field,recover-20221013,001,1795
1634.2315,1634.2717,68437,82319,Rhinolophus ferrumequinum,0.021,0.021,-1,Echolocation,/mnt/ubna_data_02_mir/recover-20221013/UBNA_001/20221012_030000.WAV,Telephone Field,recover-20221013,001,1795
1634.2385,1634.277,68437,82079,Rhinolophus ferrumequinum,0.021,0.021,-1,Echolocation,/mnt/ubna_data_02_mir/recover-20221013/UBNA_001/20221012_030000.WAV,Telephone Field,recover-20221013,001,1795
1634.2525,1634.2929,68437,83161,Rhinolophus ferrumequinum,0.023,0.023,-1,Echolocation,/mnt/ubna_data_02_mir/recover-20221013/UBNA_001/20221012_030000.WAV,Telephone Field,recover-20221013,001,1795
1634.3265,1634.3651,68437,81693,Rhinolophus ferrumequinum,0.021,0.021,-1,Echolocation,/mnt/ubna_data_02_mir/recover-20221013/UBNA_001/20221012_030000.WAV,Telephone Field,recover-20221013,001,1795
1634.3365,1634.3739,68437,82087,Rhinolophus ferrumequinum,0.024,0.024,-1,Echolocation,/mnt/ubna_data_02_mir/recover-20221013/UBNA_001/20221012_030000.WAV,Telephone Field,recover-20221013,001,1795
1634.3735,1634.4086,68437,81244,Rhinolophus ferrumequinum,0.02,0.021,-1,Echolocation,/mnt/ubna_data_02_mir/recover-20221013/UBNA_001/20221012_030000.WAV,Telephone Field,recover-20221013,001,1795
1634.4245,1634.4344,23750,30017,Nyctalus leisleri,0.009,0.023,-1,Echolocation,/mnt/ubna_data_02_mir/recover-20221013/UBNA_001/20221012_030000.WAV,Telephone Field,recover-20221013,001,1795
1634.4405,1634.481,68437,82454,Rhinolophus ferrumequinum,0.028,0.028,-1,Echolocation,/mnt/ubna_data_02_mir/recover-20221013/UBNA_001/20221012_030000.WAV,Telephone Field,recover-20221013,001,1795
1634.4765,1634.5132,68437,81877,Rhinolophus ferrumequinum,0.026,0.026,-1,Echolocation,/mnt/ubna_data_02_mir/recover-20221013/UBNA_001/20221012_030000.WAV,Telephone Field,recover-20221013,001,1795
1634.4875,1634.524,68437,82063,Rhinolophus ferrumequinum,0.021,0.021,-1,Echolocation,/mnt/ubna_data_02_mir/recover-20221013/UBNA_001/20221012_030000.WAV,Telephone Field,recover-20221013,001,1795
1634.5255,1634.5324,23750,32460,Plecotus austriacus,0.009,0.021,-1,Echolocation,/mnt/ubna_data_02_mir/recover-20221013/UBNA_001/20221012_030000.WAV,Telephone Field,recover-20221013,001,1795
1634.5275,1634.5355,28906,39602,Eptesicus serotinus,0.007,0.023,-1,Echolocation,/mnt/ubna_data_02_mir/recover-20221013/UBNA_001/20221012_030000.WAV,Telephone Field,recover-20221013,001,1795
1634.5955,1634.6039,23750,30870,Plecotus austriacus,0.007,0.021,-1,Echolocation,/mnt/ubna_data_02_mir/recover-20221013/UBNA_001/20221012_030000.WAV,Telephone Field,recover-20221013,001,1795
1634.5955,1634.6365,68437,82855,Rhinolophus ferrumequinum,0.024,0.024,-1,Echolocation,/mnt/ubna_data_02_mir/recover-20221013/UBNA_001/20221012_030000.WAV,Telephone Field,recover-20221013,001,1795
1634.6135,1634.6558,68437,82751,Rhinolophus ferrumequinum,0.023,0.023,-1,Echolocation,/mnt/ubna_data_02_mir/recover-20221013/UBNA_001/20221012_030000.WAV,Telephone Field,recover-20221013,001,1795
1634.6615,1634.6737,23750,28837,Nyctalus leisleri,0.013,0.026,-1,Echolocation,/mnt/ubna_data_02_mir/recover-20221013/UBNA_001/20221012_030000.WAV,Telephone Field,recover-20221013,001,1795
1634.6745,1634.7153,68437,82559,Rhinolophus ferrumequinum,0.023,0.023,-1,Echolocation,/mnt/ubna_data_02_mir/recover-20221013/UBNA_001/20221012_030000.WAV,Telephone Field,recover-20221013,001,1795
1634.6755,1634.6833,24609,33619,Plecotus austriacus,0.009,0.024,-1,Echolocation,/mnt/ubna_data_02_mir/recover-20221013/UBNA_001/20221012_030000.WAV,Telephone Field,recover-20221013,001,1795
1634.6995,1634.7081,28046,36164,Eptesicus serotinus,0.009,0.023,-1,Echolocation,/mnt/ubna_data_02_mir/recover-20221013/UBNA_001/20221012_030000.WAV,Telephone Field,recover-20221013,001,1795
1634.7245,1634.7622,68437,81888,Rhinolophus ferrumequinum,0.022,0.022,-1,Echolocation,/mnt/ubna_data_02_mir/recover-20221013/UBNA_001/20221012_030000.WAV,Telephone Field,recover-20221013,001,1795
1634.7495,1634.7868,68437,82215,Rhinolophus ferrumequinum,0.024,0.024,-1,Echolocation,/mnt/ubna_data_02_mir/recover-20221013/UBNA_001/20221012_030000.WAV,Telephone Field,recover-20221013,001,1795
1634.7595,1634.7767,16875,21098,Nyctalus noctula,0.018,0.028,-1,Echolocation,/mnt/ubna_data_02_mir/recover-20221013/UBNA_001/20221012_030000.WAV,Telephone Field,recover-20221013,001,1795
1634.7605,1634.7685,28046,40909,Eptesicus serotinus,0.007,0.02,-1,Echolocation,/mnt/ubna_data_02_mir/recover-20221013/UBNA_001/20221012_030000.WAV,Telephone Field,recover-20221013,001,1795
1634.7685,1634.7791,28046,34671,Eptesicus serotinus,0.009,0.02,-1,Echolocation,/mnt/ubna_data_02_mir/recover-20221013/UBNA_001/20221012_030000.WAV,Telephone Field,recover-20221013,001,1795
1634.7715,1634.8094,68437,82120,Rhinolophus ferrumequinum,0.022,0.022,-1,Echolocation,/mnt/ubna_data_02_mir/recover-20221013/UBNA_001/20221012_030000.WAV,Telephone Field,recover-20221013,001,1795
1634.7835,1634.8226,68437,81974,Rhinolophus ferrumequinum,0.022,0.022,-1,Echolocation,/mnt/ubna_data_02_mir/recover-20221013/UBNA_001/20221012_030000.WAV,Telephone Field,recover-20221013,001,1795
1634.7905,1634.8309,68437,82393,Rhinolophus ferrumequinum,0.023,0.023,-1,Echolocation,/mnt/ubna_data_02_mir/recover-20221013/UBNA_001/20221012_030000.WAV,Telephone Field,recover-20221013,001,1795
1634.8235,1634.8614,68437,82298,Rhinolophus ferrumequinum,0.022,0.022,-1,Echolocation,/mnt/ubna_data_02_mir/recover-20221013/UBNA_001/20221012_030000.WAV,Telephone Field,recover-20221013,001,1795
1634.8315,1634.8399,28046,37614,Eptesicus serotinus,0.007,0.02,-1,Echolocation,/mnt/ubna_data_02_mir/recover-20221013/UBNA_001/20221012_030000.WAV,Telephone Field,recover-20221013,001,1795
1634.8475,1634.8547,28046,39649,Eptesicus serotinus,0.007,0.02,-1,Echolocation,/mnt/ubna_data_02_mir/recover-20221013/UBNA_001/20221012_030000.WAV,Telephone Field,recover-20221013,001,1795
1634.8625,1634.9025,68437,81693,Rhinolophus ferrumequinum,0.022,0.022,-1,Echolocation,/mnt/ubna_data_02_mir/recover-20221013/UBNA_001/20221012_030000.WAV,Telephone Field,recover-20221013,001,1795
1634.9165,1634.9547,68437,82242,Rhinolophus ferrumequinum,0.022,0.022,-1,Echolocation,/mnt/ubna_data_02_mir/recover-20221013/UBNA_001/20221012_030000.WAV,Telephone Field,recover-20221013,001,1795
1634.9355,1634.9754,68437,82441,Rhinolophus ferrumequinum,0.026,0.026,-1,Echolocation,/mnt/ubna_data_02_mir/recover-20221013/UBNA_001/20221012_030000.WAV,Telephone Field,recover-20221013,001,1795
1634.9445,1634.9834,68437,82330,Rhinolophus ferrumequinum,0.023,0.023,-1,Echolocation,/mnt/ubna_data_02_mir/recover-20221013/UBNA_001/20221012_030000.WAV,Telephone Field,recover-20221013,001,1795
1634.9605,1634.9711,22890,27789,Nyctalus leisleri,0.011,0.023,-1,Echolocation,/mnt/ubna_data_02_mir/recover-20221013/UBNA_001/20221012_030000.WAV,Telephone Field,recover-20221013,001,1795
1635.0075,1635.0425,68437,80947,Rhinolophus ferrumequinum,0.021,0.021,-1,Echolocation,/mnt/ubna_data_02_mir/recover-20221013/UBNA_001/20221012_030000.WAV,Telephone Field,recover-20221013,001,1795
1635.0185,1635.0562,68437,81307,Rhinolophus ferrumequinum,0.022,0.022,-1,Echolocation,/mnt/ubna_data_02_mir/recover-20221013/UBNA_001/20221012_030000.WAV,Telephone Field,recover-20221013,001,1795
1635.0515,1635.0921,68437,82553,Rhinolophus ferrumequinum,0.023,0.023,-1,Echolocation,/mnt/ubna_data_02_mir/recover-20221013/UBNA_001/20221012_030000.WAV,Telephone Field,recover-20221013,001,1795
1635.0725,1635.1109,68437,82481,Rhinolophus ferrumequinum,0.02,0.02,-1,Echolocation,/mnt/ubna_data_02_mir/recover-20221013/UBNA_001/20221012_030000.WAV,Telephone Field,recover-20221013,001,1795
1635.0815,1635.1182,68437,81327,Rhinolophus ferrumequinum,0.02,0.02,-1,Echolocation,/mnt/ubna_data_02_mir/recover-20221013/UBNA_001/20221012_030000.WAV,Telephone Field,recover-20221013,001,1795
1635.1205,1635.1268,25468,35692,Plecotus austriacus,0.008,0.023,-1,Echolocation,/mnt/ubna_data_02_mir/recover-20221013/UBNA_001/20221012_030000.WAV,Telephone Field,recover-20221013,001,1795
1635.1235,1635.164,68437,82315,Rhinolophus ferrumequinum,0.026,0.026,-1,Echolocation,/mnt/ubna_data_02_mir/recover-20221013/UBNA_001/20221012_030000.WAV,Telephone Field,recover-20221013,001,1795
1635.1555,1635.1937,68437,81901,Rhinolophus ferrumequinum,0.021,0.021,-1,Echolocation,/mnt/ubna_data_02_mir/recover-20221013/UBNA_001/20221012_030000.WAV,Telephone Field,recover-20221013,001,1795
1635.1565,1635.1662,28906,35761,Eptesicus serotinus,0.009,0.021,-1,Echolocation,/mnt/ubna_data_02_mir/recover-20221013/UBNA_001/20221012_030000.WAV,Telephone Field,recover-20221013,001,1795
1635.1625,1635.2004,68437,82277,Rhinolophus ferrumequinum,0.02,0.02,-1,Echolocation,/mnt/ubna_data_02_mir/recover-20221013/UBNA_001/20221012_030000.WAV,Telephone Field,recover-20221013,001,1795
1635.1745,1635.215,68437,82179,Rhinolophus ferrumequinum,0.024,0.024,-1,Echolocation,/mnt/ubna_data_02_mir/recover-20221013/UBNA_001/20221012_030000.WAV,Telephone Field,recover-20221013,001,1795
1635.1925,1635.2009,23750,31487,Eptesicus serotinus,0.006,0.024,-1,Echolocation,/mnt/ubna_data_02_mir/recover-20221013/UBNA_001/20221012_030000.WAV,Telephone Field,recover-20221013,001,1795
1635.2055,1635.247,68437,82896,Rhinolophus ferrumequinum,0.024,0.024,-1,Echolocation,/mnt/ubna_data_02_mir/recover-20221013/UBNA_001/20221012_030000.WAV,Telephone Field,recover-20221013,001,1795
1635.2105,1635.2191,27187,40342,Eptesicus serotinus,0.008,0.024,-1,Echolocation,/mnt/ubna_data_02_mir/recover-20221013/UBNA_001/20221012_030000.WAV,Telephone Field,recover-20221013,001,1795
1635.2285,1635.27,68437,82969,Rhinolophus ferrumequinum,0.026,0.026,-1,Echolocation,/mnt/ubna_data_02_mir/recover-20221013/UBNA_001/20221012_030000.WAV,Telephone Field,recover-20221013,001,1795
1635.2435,1635.2508,28046,38459,Eptesicus serotinus,0.006,0.02,-1,Echolocation,/mnt/ubna_data_02_mir/recover-20221013/UBNA_001/20221012_030000.WAV,Telephone Field,recover-20221013,001,1795
1635.2595,1635.2708,22890,26543,Nyctalus leisleri,0.015,0.025,-1,Echolocation,/mnt/ubna_data_02_mir/recover-20221013/UBNA_001/20221012_030000.WAV,Telephone Field,recover-20221013,001,1795
1635.2935,1635.3368,68437,83119,Rhinolophus ferrumequinum,0.025,0.025,-1,Echolocation,/mnt/ubna_data_02_mir/recover-20221013/UBNA_001/20221012_030000.WAV,Telephone Field,recover-20221013,001,1795
1635.3075,1635.3508,68437,83648,Rhinolophus ferrumequinum,0.028,0.028,-1,Echolocation,/mnt/ubna_data_02_mir/recover-20221013/UBNA_001/20221012_030000.WAV,Telephone Field,recover-20221013,001,1795
1635.3195,1635.3265,28906,40355,Eptesicus serotinus,0.007,0.022,-1,Echolocation,/mnt/ubna_data_02_mir/recover-20221013/UBNA_001/20221012_030000.WAV,Telephone Field,recover-20221013,001,1795
1635.3805,1635.4135,68437,80298,Rhinolophus ferrumequinum,0.023,0.024,-1,Echolocation,/mnt/ubna_data_02_mir/recover-20221013/UBNA_001/20221012_030000.WAV,Telephone Field,recover-20221013,001,1795
1635.4315,1635.4692,68437,82022,Rhinolophus ferrumequinum,0.021,0.021,-1,Echolocation,/mnt/ubna_data_02_mir/recover-20221013/UBNA_001/20221012_030000.WAV,Telephone Field,recover-20221013,001,1795
1635.4445,1635.4833,68437,82143,Rhinolophus ferrumequinum,0.027,0.027,-1,Echolocation,/mnt/ubna_data_02_mir/recover-20221013/UBNA_001/20221012_030000.WAV,Telephone Field,recover-20221013,001,1795
1635.4565,1635.4662,22890,27789,Nyctalus leisleri,0.009,0.021,-1,Echolocation,/mnt/ubna_data_02_mir/recover-20221013/UBNA_001/20221012_030000.WAV,Telephone Field,recover-20221013,001,1795
1635.4935,1635.5377,68437,82856,Rhinolophus ferrumequinum,0.027,0.027,-1,Echolocation,/mnt/ubna_data_02_mir/recover-20221013/UBNA_001/20221012_030000.WAV,Telephone Field,recover-20221013,001,1795
1635.5105,1635.5175,28906,40163,Eptesicus serotinus,0.008,0.025,-1,Echolocation,/mnt/ubna_data_02_mir/recover-20221013/UBNA_001/20221012_030000.WAV,Telephone Field,recover-20221013,001,1795
1635.5565,1635.5632,27187,35771,Eptesicus serotinus,0.007,0.021,-1,Echolocation,/mnt/ubna_data_02_mir/recover-20221013/UBNA_001/20221012_030000.WAV,Telephone Field,recover-20221013,001,1795
1635.5915,1635.6295,68437,82467,Rhinolophus ferrumequinum,0.023,0.024,-1,Echolocation,/mnt/ubna_data_02_mir/recover-20221013/UBNA_001/20221012_030000.WAV,Telephone Field,recover-20221013,001,1795
1635.6135,1635.6506,68437,81901,Rhinolophus ferrumequinum,0.02,0.021,-1,Echolocation,/mnt/ubna_data_02_mir/recover-20221013/UBNA_001/20221012_030000.WAV,Telephone Field,recover-20221013,001,1795
1635.6445,1635.6862,68437,82836,Rhinolophus ferrumequinum,0.023,0.023,-1,Echolocation,/mnt/ubna_data_02_mir/recover-20221013/UBNA_001/20221012_030000.WAV,Telephone Field,recover-20221013,001,1795
1635.6595,1635.6704,28906,35654,Eptesicus serotinus,0.01,0.023,-1,Echolocation,/mnt/ubna_data_02_mir/recover-20221013/UBNA_001/20221012_030000.WAV,Telephone Field,recover-20221013,001,1795
1635.6675,1635.7041,68437,81993,Rhinolophus ferrumequinum,0.021,0.022,-1,Echolocation,/mnt/ubna_data_02_mir/recover-20221013/UBNA_001/20221012_030000.WAV,Telephone Field,recover-20221013,001,1795
1635.6805,1635.6886,23750,31832,Plecotus austriacus,0.008,0.021,-1,Echolocation,/mnt/ubna_data_02_mir/recover-20221013/UBNA_001/20221012_030000.WAV,Telephone Field,recover-20221013,001,1795
1635.7215,1635.7598,68437,82053,Rhinolophus ferrumequinum,0.02,0.02,-1,Echolocation,/mnt/ubna_data_02_mir/recover-20221013/UBNA_001/20221012_030000.WAV,Telephone Field,recover-20221013,001,1795
1635.7395,1635.7783,68437,82359,Rhinolophus ferrumequinum,0.024,0.024,-1,Echolocation,/mnt/ubna_data_02_mir/recover-20221013/UBNA_001/20221012_030000.WAV,Telephone Field,recover-20221013,001,1795
1635.7585,1635.7657,22890,31752,Plecotus austriacus,0.013,0.026,-1,Echolocation,/mnt/ubna_data_02_mir/recover-20221013/UBNA_001/20221012_030000.WAV,Telephone Field,recover-20221013,001,1795
1635.7905,1635.8289,68437,82032,Rhinolophus ferrumequinum,0.022,0.022,-1,Echolocation,/mnt/ubna_data_02_mir/recover-20221013/UBNA_001/20221012_030000.WAV,Telephone Field,recover-20221013,001,1795
1635.8415,1635.8501,26328,35173,Eptesicus serotinus,0.01,0.025,-1,Echolocation,/mnt/ubna_data_02_mir/recover-20221013/UBNA_001/20221012_030000.WAV,Telephone Field,recover-20221013,001,1795
1635.8675,1635.8774,22890,27578,Nyctalus leisleri,0.01,0.021,-1,Echolocation,/mnt/ubna_data_02_mir/recover-20221013/UBNA_001/20221012_030000.WAV,Telephone Field,recover-20221013,001,1795
1635.9115,1635.9481,68437,81094,Rhinolophus ferrumequinum,0.022,0.022,-1,Echolocation,/mnt/ubna_data_02_mir/recover-20221013/UBNA_001/20221012_030000.WAV,Telephone Field,recover-20221013,001,1795
1635.9405,1635.9483,33203,42271,Myotis daubentonii,0.008,0.028,-1,Echolocation,/mnt/ubna_data_02_mir/recover-20221013/UBNA_001/20221012_030000.WAV,Telephone Field,recover-20221013,001,1795
1635.9435,1635.9818,68437,82025,Rhinolophus ferrumequinum,0.021,0.021,-1,Echolocation,/mnt/ubna_data_02_mir/recover-20221013/UBNA_001/20221012_030000.WAV,Telephone Field,recover-20221013,001,1795
1635.9505,1635.9883,68437,82526,Rhinolophus ferrumequinum,0.022,0.022,-1,Echolocation,/mnt/ubna_data_02_mir/recover-20221013/UBNA_001/20221012_030000.WAV,Telephone Field,recover-20221013,001,1795
1635.9785,1635.9871,25468,33920,Eptesicus serotinus,0.007,0.024,-1,Echolocation,/mnt/ubna_data_02_mir/recover-20221013/UBNA_001/20221012_030000.WAV,Telephone Field,recover-20221013,001,1795
1636.0015,1636.0103,22890,29261,Nyctalus leisleri,0.01,0.026,-1,Echolocation,/mnt/ubna_data_02_mir/recover-20221013/UBNA_001/20221012_030000.WAV,Telephone Field,recover-20221013,001,1795
1636.0015,1636.0315,69296,80214,Rhinolophus ferrumequinum,0.076,0.076,-1,Echolocation,/mnt/ubna_data_02_mir/recover-20221013/UBNA_001/20221012_030000.WAV,Telephone Field,recover-20221013,001,1795
1636.0015,1636.0109,47812,54293,Pipistrellus pipistrellus,0.017,0.022,-1,Echolocation,/mnt/ubna_data_02_mir/recover-20221013/UBNA_001/20221012_030000.WAV,Telephone Field,recover-20221013,001,1795
1636.0415,1636.0822,68437,82659,Rhinolophus ferrumequinum,0.023,0.024,-1,Echolocation,/mnt/ubna_data_02_mir/recover-20221013/UBNA_001/20221012_030000.WAV,Telephone Field,recover-20221013,001,1795
1636.0445,1636.0519,27187,40479,Eptesicus serotinus,0.007,0.022,-1,Echolocation,/mnt/ubna_data_02_mir/recover-20221013/UBNA_001/20221012_030000.WAV,Telephone Field,recover-20221013,001,1795
1636.0805,1636.1213,68437,83135,Rhinolophus ferrumequinum,0.031,0.031,-1,Echolocation,/mnt/ubna_data_02_mir/recover-20221013/UBNA_001/20221012_030000.WAV,Telephone Field,recover-20221013,001,1795
1636.0925,1636.1022,24609,32271,Eptesicus serotinus,0.008,0.025,-1,Echolocation,/mnt/ubna_data_02_mir/recover-20221013/UBNA_001/20221012_030000.WAV,Telephone Field,recover-20221013,001,1795
1636.0945,1636.1364,68437,82787,Rhinolophus ferrumequinum,0.067,0.067,-1,Echolocation,/mnt/ubna_data_02_mir/recover-20221013/UBNA_001/20221012_030000.WAV,Telephone Field,recover-20221013,001,1795
1636.1185,1636.1587,68437,83009,Rhinolophus ferrumequinum,0.023,0.023,-1,Echolocation,/mnt/ubna_data_02_mir/recover-20221013/UBNA_001/20221012_030000.WAV,Telephone Field,recover-20221013,001,1795
1636.1265,1636.1652,68437,82513,Rhinolophus ferrumequinum,0.022,0.022,-1,Echolocation,/mnt/ubna_data_02_mir/recover-20221013/UBNA_001/20221012_030000.WAV,Telephone Field,recover-20221013,001,1795
1636.1415,1636.1514,26328,34146,Eptesicus serotinus,0.01,0.022,-1,Echolocation,/mnt/ubna_data_02_mir/recover-20221013/UBNA_001/20221012_030000.WAV,Telephone Field,recover-20221013,001,1795
1636.1415,1636.1779,68437,81956,Rhinolophus ferrumequinum,0.023,0.023,-1,Echolocation,/mnt/ubna_data_02_mir/recover-20221013/UBNA_001/20221012_030000.WAV,Telephone Field,recover-20221013,001,1795
1636.1635,1636.1956,68437,80731,Rhinolophus ferrumequinum,0.024,0.024,-1,Echolocation,/mnt/ubna_data_02_mir/recover-20221013/UBNA_001/20221012_030000.WAV,Telephone Field,recover-20221013,001,1795
1636.1815,1636.1968,23750,28286,Nyctalus leisleri,0.028,0.059,-1,Echolocation,/mnt/ubna_data_02_mir/recover-20221013/UBNA_001/20221012_030000.WAV,Telephone Field,recover-20221013,001,1795
1636.2025,1636.2105,28046,39534,Eptesicus serotinus,0.008,0.024,-1,Echolocation,/mnt/ubna_data_02_mir/recover-20221013/UBNA_001/20221012_030000.WAV,Telephone Field,recover-20221013,001,1795
1636.2165,1636.254,68437,81559,Rhinolophus ferrumequinum,0.022,0.022,-1,Echolocation,/mnt/ubna_data_02_mir/recover-20221013/UBNA_001/20221012_030000.WAV,Telephone Field,recover-20221013,001,1795
1636.2285,1636.2391,23750,29199,Nyctalus leisleri,0.01,0.023,-1,Echolocation,/mnt/ubna_data_02_mir/recover-20221013/UBNA_001/20221012_030000.WAV,Telephone Field,recover-20221013,001,1795
1636.2695,1636.3078,68437,81936,Rhinolophus ferrumequinum,0.025,0.025,-1,Echolocation,/mnt/ubna_data_02_mir/recover-20221013/UBNA_001/20221012_030000.WAV,Telephone Field,recover-20221013,001,1795
1636.2785,1636.3157,68437,82177,Rhinolophus ferrumequinum,0.022,0.022,-1,Echolocation,/mnt/ubna_data_02_mir/recover-20221013/UBNA_001/20221012_030000.WAV,Telephone Field,recover-20221013,001,1795
1636.2825,1636.2887,28046,41092,Eptesicus serotinus,0.006,0.027,-1,Echolocation,/mnt/ubna_data_02_mir/recover-20221013/UBNA_001/20221012_030000.WAV,Telephone Field,recover-20221013,001,1795
1636.2925,1636.3295,68437,82618,Rhinolophus ferrumequinum,0.037,0.037,-1,Echolocation,/mnt/ubna_data_02_mir/recover-20221013/UBNA_001/20221012_030000.WAV,Telephone Field,recover-20221013,001,1795
1636.3045,1636.3146,24609,32077,Eptesicus serotinus,0.01,0.03,-1,Echolocation,/mnt/ubna_data_02_mir/recover-20221013/UBNA_001/20221012_030000.WAV,Telephone Field,recover-20221013,001,1795
1636.3165,1636.357,68437,82809,Rhinolophus ferrumequinum,0.024,0.024,-1,Echolocation,/mnt/ubna_data_02_mir/recover-20221013/UBNA_001/20221012_030000.WAV,Telephone Field,recover-20221013,001,1795
1636.3235,1636.3627,68437,82239,Rhinolophus ferrumequinum,0.023,0.023,-1,Echolocation,/mnt/ubna_data_02_mir/recover-20221013/UBNA_001/20221012_030000.WAV,Telephone Field,recover-20221013,001,1795
1636.3315,1636.3678,68437,81757,Rhinolophus ferrumequinum,0.022,0.022,-1,Echolocation,/mnt/ubna_data_02_mir/recover-20221013/UBNA_001/20221012_030000.WAV,Telephone Field,recover-20221013,001,1795
1636.3335,1636.3429,23750,30982,Nyctalus leisleri,0.006,0.022,-1,Echolocation,/mnt/ubna_data_02_mir/recover-20221013/UBNA_001/20221012_030000.WAV,Telephone Field,recover-20221013,001,1795
1636.3565,1636.3951,68437,82350,Rhinolophus ferrumequinum,0.023,0.023,-1,Echolocation,/mnt/ubna_data_02_mir/recover-20221013/UBNA_001/20221012_030000.WAV,Telephone Field,recover-20221013,001,1795
1636.3565,1636.3652,28046,37824,Eptesicus serotinus,0.012,0.025,-1,Echolocation,/mnt/ubna_data_02_mir/recover-20221013/UBNA_001/20221012_030000.WAV,Telephone Field,recover-20221013,001,1795
1636.3835,1636.3967,21171,24688,Nyctalus leisleri,0.014,0.022,-1,Echolocation,/mnt/ubna_data_02_mir/recover-20221013/UBNA_001/20221012_030000.WAV,Telephone Field,recover-20221013,001,1795
1636.4045,1636.4174,57265,62611,Pipistrellus pygmaeus,0.022,0.022,-1,Echolocation,/mnt/ubna_data_02_mir/recover-20221013/UBNA_001/20221012_030000.WAV,Telephone Field,recover-20221013,001,1795
1636.4065,1636.417,28906,37402,Eptesicus serotinus,0.011,0.024,-1,Echolocation,/mnt/ubna_data_02_mir/recover-20221013/UBNA_001/20221012_030000.WAV,Telephone Field,recover-20221013,001,1795
1636.4285,1636.4403,50390,54712,Pipistrellus pipistrellus,0.033,0.041,-1,Echolocation,/mnt/ubna_data_02_mir/recover-20221013/UBNA_001/20221012_030000.WAV,Telephone Field,recover-20221013,001,1795
1636.4295,1636.468,68437,81964,Rhinolophus ferrumequinum,0.023,0.023,-1,Echolocation,/mnt/ubna_data_02_mir/recover-20221013/UBNA_001/20221012_030000.WAV,Telephone Field,recover-20221013,001,1795
1636.4565,1636.4951,68437,82167,Rhinolophus ferrumequinum,0.024,0.024,-1,Echolocation,/mnt/ubna_data_02_mir/recover-20221013/UBNA_001/20221012_030000.WAV,Telephone Field,recover-20221013,001,1795
1636.4635,1636.4743,24609,30810,Eptesicus serotinus,0.009,0.025,-1,Echolocation,/mnt/ubna_data_02_mir/recover-20221013/UBNA_001/20221012_030000.WAV,Telephone Field,recover-20221013,001,1795
1636.4675,1636.5052,68437,82367,Rhinolophus ferrumequinum,0.023,0.023,-1,Echolocation,/mnt/ubna_data_02_mir/recover-20221013/UBNA_001/20221012_030000.WAV,Telephone Field,recover-20221013,001,1795
1636.4955,1636.5326,68437,81536,Rhinolophus ferrumequinum,0.022,0.022,-1,Echolocation,/mnt/ubna_data_02_mir/recover-20221013/UBNA_001/20221012_030000.WAV,Telephone Field,recover-20221013,001,1795
1636.5015,1636.5394000000001,68437,82145,Rhinolophus ferrumequinum,0.022,0.022,-1,Echolocation,/mnt/ubna_data_02_mir/recover-20221013/UBNA_001/20221012_030000.WAV,Telephone Field,recover-20221013,001,1795
1636.5465,1636.5909,68437,83630,Rhinolophus ferrumequinum,0.035,0.035,-1,Echolocation,/mnt/ubna_data_02_mir/recover-20221013/UBNA_001/20221012_030000.WAV,Telephone Field,recover-20221013,001,1795
1636.5835,1636.6226,68437,82620,Rhinolophus ferrumequinum,0.026,0.026,-1,Echolocation,/mnt/ubna_data_02_mir/recover-20221013/UBNA_001/20221012_030000.WAV,Telephone Field,recover-20221013,001,1795
1636.6585,1636.6978,68437,82648,Rhinolophus ferrumequinum,0.022,0.022,-1,Echolocation,/mnt/ubna_data_02_mir/recover-20221013/UBNA_001/20221012_030000.WAV,Telephone Field,recover-20221013,001,1795
1636.6685,1636.7104,68437,82942,Rhinolophus ferrumequinum,0.026,0.026,-1,Echolocation,/mnt/ubna_data_02_mir/recover-20221013/UBNA_001/20221012_030000.WAV,Telephone Field,recover-20221013,001,1795
1636.7065,1636.7454,68437,82277,Rhinolophus ferrumequinum,0.026,0.026,-1,Echolocation,/mnt/ubna_data_02_mir/recover-20221013/UBNA_001/20221012_030000.WAV,Telephone Field,recover-20221013,001,1795
1636.7165,1636.7312,23750,28325,Nyctalus leisleri,0.027,0.054,-1,Echolocation,/mnt/ubna_data_02_mir/recover-20221013/UBNA_001/20221012_030000.WAV,Telephone Field,recover-20221013,001,1795
1636.7415,1636.7794,68437,81401,Rhinolophus ferrumequinum,0.023,0.023,-1,Echolocation,/mnt/ubna_data_02_mir/recover-20221013/UBNA_001/20221012_030000.WAV,Telephone Field,recover-20221013,001,1795
1636.7565,1636.7939,68437,82536,Rhinolophus ferrumequinum,0.023,0.023,-1,Echolocation,/mnt/ubna_data_02_mir/recover-20221013/UBNA_001/20221012_030000.WAV,Telephone Field,recover-20221013,001,1795
1636.7855,1636.8228,68437,81526,Rhinolophus ferrumequinum,0.024,0.024,-1,Echolocation,/mnt/ubna_data_02_mir/recover-20221013/UBNA_001/20221012_030000.WAV,Telephone Field,recover-20221013,001,1795
1636.8445,1636.8828,68437,82045,Rhinolophus ferrumequinum,0.023,0.023,-1,Echolocation,/mnt/ubna_data_02_mir/recover-20221013/UBNA_001/20221012_030000.WAV,Telephone Field,recover-20221013,001,1795
1636.8685,1636.8767,28906,38066,Eptesicus serotinus,0.007,0.022,-1,Echolocation,/mnt/ubna_data_02_mir/recover-20221013/UBNA_001/20221012_030000.WAV,Telephone Field,recover-20221013,001,1795
1636.8935,1636.9344,68437,82832,Rhinolophus ferrumequinum,0.03,0.03,-1,Echolocation,/mnt/ubna_data_02_mir/recover-20221013/UBNA_001/20221012_030000.WAV,Telephone Field,recover-20221013,001,1795
1636.8995,1636.9064,28046,41144,Eptesicus serotinus,0.007,0.023,-1,Echolocation,/mnt/ubna_data_02_mir/recover-20221013/UBNA_001/20221012_030000.WAV,Telephone Field,recover-20221013,001,1795
1636.9495,1636.9867,68437,81489,Rhinolophus ferrumequinum,0.021,0.022,-1,Echolocation,/mnt/ubna_data_02_mir/recover-20221013/UBNA_001/20221012_030000.WAV,Telephone Field,recover-20221013,001,1795
1636.9835,1637.0241,68437,83113,Rhinolophus ferrumequinum,0.031,0.031,-1,Echolocation,/mnt/ubna_data_02_mir/recover-20221013/UBNA_001/20221012_030000.WAV,Telephone Field,recover-20221013,001,1795
1637.0155,1637.0547,68437,82407,Rhinolophus ferrumequinum,0.025,0.025,-1,Echolocation,/mnt/ubna_data_02_mir/recover-20221013/UBNA_001/20221012_030000.WAV,Telephone Field,recover-20221013,001,1795
1637.0435,1637.0543,30625,37302,Eptesicus serotinus,0.022,0.044,-1,Echolocation,/mnt/ubna_data_02_mir/recover-20221013/UBNA_001/20221012_030000.WAV,Telephone Field,recover-20221013,001,1795
1637.0555,1637.0615,28046,40025,Eptesicus serotinus,0.005,0.026,-1,Echolocation,/mnt/ubna_data_02_mir/recover-20221013/UBNA_001/20221012_030000.WAV,Telephone Field,recover-20221013,001,1795
1637.0835,1637.092,24609,32951,Eptesicus serotinus,0.006,0.022,-1,Echolocation,/mnt/ubna_data_02_mir/recover-20221013/UBNA_001/20221012_030000.WAV,Telephone Field,recover-20221013,001,1795
1637.0915,1637.1028,28046,35527,Eptesicus serotinus,0.011,0.022,-1,Echolocation,/mnt/ubna_data_02_mir/recover-20221013/UBNA_001/20221012_030000.WAV,Telephone Field,recover-20221013,001,1795
1637.0985,1637.1343,68437,81466,Rhinolophus ferrumequinum,0.024,0.024,-1,Echolocation,/mnt/ubna_data_02_mir/recover-20221013/UBNA_001/20221012_030000.WAV,Telephone Field,recover-20221013,001,1795
1637.1215,1637.1612,68437,82294,Rhinolophus ferrumequinum,0.023,0.023,-1,Echolocation,/mnt/ubna_data_02_mir/recover-20221013/UBNA_001/20221012_030000.WAV,Telephone Field,recover-20221013,001,1795
1637.1435,1637.1826,68437,82370,Rhinolophus ferrumequinum,0.026,0.026,-1,Echolocation,/mnt/ubna_data_02_mir/recover-20221013/UBNA_001/20221012_030000.WAV,Telephone Field,recover-20221013,001,1795
1637.1465,1637.1528,25468,40812,Plecotus austriacus,0.007,0.031,-1,Echolocation,/mnt/ubna_data_02_mir/recover-20221013/UBNA_001/20221012_030000.WAV,Telephone Field,recover-20221013,001,1795
1637.1465,1637.152,34921,48133,Myotis daubentonii,0.013,0.027,-1,Echolocation,/mnt/ubna_data_02_mir/recover-20221013/UBNA_001/20221012_030000.WAV,Telephone Field,recover-20221013,001,1795
1637.1625,1637.2048,68437,82560,Rhinolophus ferrumequinum,0.029,0.029,-1,Echolocation,/mnt/ubna_data_02_mir/recover-20221013/UBNA_001/20221012_030000.WAV,Telephone Field,recover-20221013,001,1795
1637.1835,1637.1941,22031,26915,Nyctalus leisleri,0.01,0.022,-1,Echolocation,/mnt/ubna_data_02_mir/recover-20221013/UBNA_001/20221012_030000.WAV,Telephone Field,recover-20221013,001,1795
1637.2095,1637.2171,22890,31153,Plecotus austriacus,0.014,0.028,-1,Echolocation,/mnt/ubna_data_02_mir/recover-20221013/UBNA_001/20221012_030000.WAV,Telephone Field,recover-20221013,001,1795
1637.2585,1637.2982,68437,82370,Rhinolophus ferrumequinum,0.023,0.023,-1,Echolocation,/mnt/ubna_data_02_mir/recover-20221013/UBNA_001/20221012_030000.WAV,Telephone Field,recover-20221013,001,1795
1637.2855,1637.3255,68437,82528,Rhinolophus ferrumequinum,0.024,0.024,-1,Echolocation,/mnt/ubna_data_02_mir/recover-20221013/UBNA_001/20221012_030000.WAV,Telephone Field,recover-20221013,001,1795
1637.3055,1637.314,25468,34087,Eptesicus serotinus,0.009,0.024,-1,Echolocation,/mnt/ubna_data_02_mir/recover-20221013/UBNA_001/20221012_030000.WAV,Telephone Field,recover-20221013,001,1795
1637.3255,1637.3329,27187,40812,Eptesicus serotinus,0.007,0.023,-1,Echolocation,/mnt/ubna_data_02_mir/recover-20221013/UBNA_001/20221012_030000.WAV,Telephone Field,recover-20221013,001,1795
1637.3435,1637.3834,68437,82505,Rhinolophus ferrumequinum,0.03,0.03,-1,Echolocation,/mnt/ubna_data_02_mir/recover-20221013/UBNA_001/20221012_030000.WAV,Telephone Field,recover-20221013,001,1795
1637.3935,1637.4091,37500,41951,Pipistrellus nathusii,0.034,0.047,-1,Echolocation,/mnt/ubna_data_02_mir/recover-20221013/UBNA_001/20221012_030000.WAV,Telephone Field,recover-20221013,001,1795
1637.3965,1637.4081,23750,30301,Nyctalus leisleri,0.011,0.03,-1,Echolocation,/mnt/ubna_data_02_mir/recover-20221013/UBNA_001/20221012_030000.WAV,Telephone Field,recover-20221013,001,1795
1637.3975,1637.4388,68437,82567,Rhinolophus ferrumequinum,0.023,0.023,-1,Echolocation,/mnt/ubna_data_02_mir/recover-20221013/UBNA_001/20221012_030000.WAV,Telephone Field,recover-20221013,001,1795
1637.4185,1637.4568,68437,81927,Rhinolophus ferrumequinum,0.032,0.032,-1,Echolocation,/mnt/ubna_data_02_mir/recover-20221013/UBNA_001/20221012_030000.WAV,Telephone Field,recover-20221013,001,1795
1637.4335,1637.4414,27187,39442,Eptesicus serotinus,0.008,0.024,-1,Echolocation,/mnt/ubna_data_02_mir/recover-20221013/UBNA_001/20221012_030000.WAV,Telephone Field,recover-20221013,001,1795
1637.4485,1637.4882,68437,81813,Rhinolophus ferrumequinum,0.026,0.026,-1,Echolocation,/mnt/ubna_data_02_mir/recover-20221013/UBNA_001/20221012_030000.WAV,Telephone Field,recover-20221013,001,1795
1637.5115,1637.556,68437,83274,Rhinolophus ferrumequinum,0.03,0.03,-1,Echolocation,/mnt/ubna_data_02_mir/recover-20221013/UBNA_001/20221012_030000.WAV,Telephone Field,recover-20221013,001,1795
1637.5595,1637.6007,68437,82684,Rhinolophus ferrumequinum,0.026,0.026,-1,Echolocation,/mnt/ubna_data_02_mir/recover-20221013/UBNA_001/20221012_030000.WAV,Telephone Field,recover-20221013,001,1795
1637.5845,1637.6235,68437,82628,Rhinolophus ferrumequinum,0.024,0.024,-1,Echolocation,/mnt/ubna_data_02_mir/recover-20221013/UBNA_001/20221012_030000.WAV,Telephone Field,recover-20221013,001,1795
1637.5965,1637.6039,26328,35400,Eptesicus serotinus,0.007,0.022,-1,Echolocation,/mnt/ubna_data_02_mir/recover-20221013/UBNA_001/20221012_030000.WAV,Telephone Field,recover-20221013,001,1795
1637.6275,1637.6653,68437,82270,Rhinolophus ferrumequinum,0.023,0.023,-1,Echolocation,/mnt/ubna_data_02_mir/recover-20221013/UBNA_001/20221012_030000.WAV,Telephone Field,recover-20221013,001,1795
1637.6535,1637.6902,68437,81692,Rhinolophus ferrumequinum,0.024,0.024,-1,Echolocation,/mnt/ubna_data_02_mir/recover-20221013/UBNA_001/20221012_030000.WAV,Telephone Field,recover-20221013,001,1795
1637.6775,1637.6875,25468,31994,Eptesicus serotinus,0.011,0.031,-1,Echolocation,/mnt/ubna_data_02_mir/recover-20221013/UBNA_001/20221012_030000.WAV,Telephone Field,recover-20221013,001,1795
1637.7185,1637.7251,27187,37130,Eptesicus serotinus,0.01,0.031,-1,Echolocation,/mnt/ubna_data_02_mir/recover-20221013/UBNA_001/20221012_030000.WAV,Telephone Field,recover-20221013,001,1795
1637.7985,1637.8395,68437,82870,Rhinolophus ferrumequinum,0.022,0.022,-1,Echolocation,/mnt/ubna_data_02_mir/recover-20221013/UBNA_001/20221012_030000.WAV,Telephone Field,recover-20221013,001,1795
1637.8055,1637.8199,57265,62077,Pipistrellus pygmaeus,0.028,0.029,-1,Echolocation,/mnt/ubna_data_02_mir/recover-20221013/UBNA_001/20221012_030000.WAV,Telephone Field,recover-20221013,001,1795
1637.8155,1637.8223,28046,36962,Eptesicus serotinus,0.007,0.023,-1,Echolocation,/mnt/ubna_data_02_mir/recover-20221013/UBNA_001/20221012_030000.WAV,Telephone Field,recover-20221013,001,1795
1637.8305,1637.8405,23750,30764,Eptesicus serotinus,0.007,0.022,-1,Echolocation,/mnt/ubna_data_02_mir/recover-20221013/UBNA_001/20221012_030000.WAV,Telephone Field,recover-20221013,001,1795
1637.8605,1637.8992,68437,82738,Rhinolophus ferrumequinum,0.023,0.023,-1,Echolocation,/mnt/ubna_data_02_mir/recover-20221013/UBNA_001/20221012_030000.WAV,Telephone Field,recover-20221013,001,1795
1637.8745,1637.9136,68437,82055,Rhinolophus ferrumequinum,0.022,0.022,-1,Echolocation,/mnt/ubna_data_02_mir/recover-20221013/UBNA_001/20221012_030000.WAV,Telephone Field,recover-20221013,001,1795
1637.8825,1637.92,68437,82221,Rhinolophus ferrumequinum,0.022,0.022,-1,Echolocation,/mnt/ubna_data_02_mir/recover-20221013/UBNA_001/20221012_030000.WAV,Telephone Field,recover-20221013,001,1795
1637.8945,1637.9013,24609,34546,Plecotus austriacus,0.012,0.035,-1,Echolocation,/mnt/ubna_data_02_mir/recover-20221013/UBNA_001/20221012_030000.WAV,Telephone Field,recover-20221013,001,1795
1637.9175,1637.9578,68437,82772,Rhinolophus ferrumequinum,0.028,0.028,-1,Echolocation,/mnt/ubna_data_02_mir/recover-20221013/UBNA_001/20221012_030000.WAV,Telephone Field,recover-20221013,001,1795
1637.9225,1637.9312,28046,37287,Eptesicus serotinus,0.01,0.029,-1,Echolocation,/mnt/ubna_data_02_mir/recover-20221013/UBNA_001/20221012_030000.WAV,Telephone Field,recover-20221013,001,1795
1637.9395,1637.9451,38359,61960,Myotis brandtii,0.01,0.031,-1,Echolocation,/mnt/ubna_data_02_mir/recover-20221013/UBNA_001/20221012_030000.WAV,Telephone Field,recover-20221013,001,1795
1637.9395,1637.9453,46953,55717,Pipistrellus pipistrellus,0.023,0.027,-1,Echolocation,/mnt/ubna_data_02_mir/recover-20221013/UBNA_001/20221012_030000.WAV,Telephone Field,recover-20221013,001,1795
1638.0015,1638.0329,69296,82136,Rhinolophus ferrumequinum,0.04,0.04,-1,Echolocation,/mnt/ubna_data_02_mir/recover-20221013/UBNA_001/20221012_030000.WAV,Telephone Field,recover-20221013,001,1795
1638.0015,1638.0087,46093,50314,Pipistrellus pipistrellus,0.021,0.027,-1,Echolocation,/mnt/ubna_data_02_mir/recover-20221013/UBNA_001/20221012_030000.WAV,Telephone Field,recover-20221013,001,1795
1638.0015,1638.0095,25468,37754,Nyctalus leisleri,0.004,0.024,-1,Echolocation,/mnt/ubna_data_02_mir/recover-20221013/UBNA_001/20221012_030000.WAV,Telephone Field,recover-20221013,001,1795
1638.0075,1638.0147,27187,41109,Eptesicus serotinus,0.006,0.022,-1,Echolocation,/mnt/ubna_data_02_mir/recover-20221013/UBNA_001/20221012_030000.WAV,Telephone Field,recover-20221013,001,1795
1638.0875,1638.0937,28046,40232,Myotis daubentonii,0.005,0.024,-1,Echolocation,/mnt/ubna_data_02_mir/recover-20221013/UBNA_001/20221012_030000.WAV,Telephone Field,recover-20221013,001,1795
1638.1135,1638.1532,68437,82695,Rhinolophus ferrumequinum,0.028,0.028,-1,Echolocation,/mnt/ubna_data_02_mir/recover-20221013/UBNA_001/20221012_030000.WAV,Telephone Field,recover-20221013,001,1795
1638.1715,1638.1803,27187,41766,Eptesicus serotinus,0.008,0.023,-1,Echolocation,/mnt/ubna_data_02_mir/recover-20221013/UBNA_001/20221012_030000.WAV,Telephone Field,recover-20221013,001,1795
1638.1725,1638.1806,45234,50378,Pipistrellus pipistrellus,0.022,0.025,-1,Echolocation,/mnt/ubna_data_02_mir/recover-20221013/UBNA_001/20221012_030000.WAV,Telephone Field,recover-20221013,001,1795
1638.2065,1638.2142,28046,38419,Eptesicus serotinus,0.007,0.022,-1,Echolocation,/mnt/ubna_data_02_mir/recover-20221013/UBNA_001/20221012_030000.WAV,Telephone Field,recover-20221013,001,1795
1638.2305,1638.2396,28046,38543,Eptesicus serotinus,0.01,0.026,-1,Echolocation,/mnt/ubna_data_02_mir/recover-20221013/UBNA_001/20221012_030000.WAV,Telephone Field,recover-20221013,001,1795
1638.2465,1638.2878,68437,82936,Rhinolophus ferrumequinum,0.023,0.023,-1,Echolocation,/mnt/ubna_data_02_mir/recover-20221013/UBNA_001/20221012_030000.WAV,Telephone Field,recover-20221013,001,1795
1638.2635,1638.2699,24609,35563,Plecotus austriacus,0.015,0.037,-1,Echolocation,/mnt/ubna_data_02_mir/recover-20221013/UBNA_001/20221012_030000.WAV,Telephone Field,recover-20221013,001,1795
1638.3085,1638.3187,24609,32488,Eptesicus serotinus,0.011,0.026,-1,Echolocation,/mnt/ubna_data_02_mir/recover-20221013/UBNA_001/20221012_030000.WAV,Telephone Field,recover-20221013,001,1795
1638.3545,1638.3917,68437,81795,Rhinolophus ferrumequinum,0.022,0.022,-1,Echolocation,/mnt/ubna_data_02_mir/recover-20221013/UBNA_001/20221012_030000.WAV,Telephone Field,recover-20221013,001,1795
1638.3855,1638.4263,68437,82592,Rhinolophus ferrumequinum,0.032,0.032,-1,Echolocation,/mnt/ubna_data_02_mir/recover-20221013/UBNA_001/20221012_030000.WAV,Telephone Field,recover-20221013,001,1795
1638.4025,1638.4131,22890,27983,Nyctalus leisleri,0.01,0.022,-1,Echolocation,/mnt/ubna_data_02_mir/recover-20221013/UBNA_001/20221012_030000.WAV,Telephone Field,recover-20221013,001,1795
1638.4115,1638.4524,68437,82263,Rhinolophus ferrumequinum,0.023,0.023,-1,Echolocation,/mnt/ubna_data_02_mir/recover-20221013/UBNA_001/20221012_030000.WAV,Telephone Field,recover-20221013,001,1795
1638.4315,1638.4702,68437,82041,Rhinolophus ferrumequinum,0.023,0.023,-1,Echolocation,/mnt/ubna_data_02_mir/recover-20221013/UBNA_001/20221012_030000.WAV,Telephone Field,recover-20221013,001,1795
1638.4675,1638.5042,68437,81642,Rhinolophus ferrumequinum,0.022,0.022,-1,Echolocation,/mnt/ubna_data_02_mir/recover-20221013/UBNA_001/20221012_030000.WAV,Telephone Field,recover-20221013,001,1795
1638.4955,1638.5037,24609,34004,Myotis nattereri,0.005,0.022,-1,Echolocation,/mnt/ubna_data_02_mir/recover-20221013/UBNA_001/20221012_030000.WAV,Telephone Field,recover-20221013,001,1795
1638.5615,1638.5986,68437,81072,Rhinolophus ferrumequinum,0.028,0.028,-1,Echolocation,/mnt/ubna_data_02_mir/recover-20221013/UBNA_001/20221012_030000.WAV,Telephone Field,recover-20221013,001,1795
1638.5675,1638.6016,68437,79922,Rhinolophus ferrumequinum,0.029,0.029,-1,Echolocation,/mnt/ubna_data_02_mir/recover-20221013/UBNA_001/20221012_030000.WAV,Telephone Field,recover-20221013,001,1795
1638.5805,1638.5931,52109,56407,Pipistrellus pygmaeus,0.014,0.027,-1,Echolocation,/mnt/ubna_data_02_mir/recover-20221013/UBNA_001/20221012_030000.WAV,Telephone Field,recover-20221013,001,1795
1638.5835,1638.6227,68437,82479,Rhinolophus ferrumequinum,0.032,0.032,-1,Echolocation,/mnt/ubna_data_02_mir/recover-20221013/UBNA_001/20221012_030000.WAV,Telephone Field,recover-20221013,001,1795
1638.6205,1638.6595,68437,82397,Rhinolophus ferrumequinum,0.022,0.022,-1,Echolocation,/mnt/ubna_data_02_mir/recover-20221013/UBNA_001/20221012_030000.WAV,Telephone Field,recover-20221013,001,1795
1638.6205,1638.6284,28906,37860,Eptesicus serotinus,0.01,0.029,-1,Echolocation,/mnt/ubna_data_02_mir/recover-20221013/UBNA_001/20221012_030000.WAV,Telephone Field,recover-20221013,001,1795
1638.6355,1638.6768,68437,82571,Rhinolophus ferrumequinum,0.028,0.028,-1,Echolocation,/mnt/ubna_data_02_mir/recover-20221013/UBNA_001/20221012_030000.WAV,Telephone Field,recover-20221013,001,1795
1638.6835,1638.6921,27187,39758,Eptesicus serotinus,0.009,0.024,-1,Echolocation,/mnt/ubna_data_02_mir/recover-20221013/UBNA_001/20221012_030000.WAV,Telephone Field,recover-20221013,001,1795
1638.7075,1638.746,68437,82509,Rhinolophus ferrumequinum,0.023,0.023,-1,Echolocation,/mnt/ubna_data_02_mir/recover-20221013/UBNA_001/20221012_030000.WAV,Telephone Field,recover-20221013,001,1795
1638.7465,1638.7851,68437,82311,Rhinolophus ferrumequinum,0.035,0.035,-1,Echolocation,/mnt/ubna_data_02_mir/recover-20221013/UBNA_001/20221012_030000.WAV,Telephone Field,recover-20221013,001,1795
1638.8315,1638.8393,25468,34723,Eptesicus serotinus,0.005,0.022,-1,Echolocation,/mnt/ubna_data_02_mir/recover-20221013/UBNA_001/20221012_030000.WAV,Telephone Field,recover-20221013,001,1795
1638.8595,1638.9008,68437,82673,Rhinolophus ferrumequinum,0.033,0.033,-1,Echolocation,/mnt/ubna_data_02_mir/recover-20221013/UBNA_001/20221012_030000.WAV,Telephone Field,recover-20221013,001,1795
1638.9015,1638.9108,25468,32719,Eptesicus serotinus,0.007,0.022,-1,Echolocation,/mnt/ubna_data_02_mir/recover-20221013/UBNA_001/20221012_030000.WAV,Telephone Field,recover-20221013,001,1795
1638.9205,1638.9293,48671,53285,Pipistrellus pipistrellus,0.022,0.024,-1,Echolocation,/mnt/ubna_data_02_mir/recover-20221013/UBNA_001/20221012_030000.WAV,Telephone Field,recover-20221013,001,1795
1638.9225,1638.9603,68437,82322,Rhinolophus ferrumequinum,0.024,0.024,-1,Echolocation,/mnt/ubna_data_02_mir/recover-20221013/UBNA_001/20221012_030000.WAV,Telephone Field,recover-20221013,001,1795
1638.9365,1638.9487,28046,33868,Eptesicus serotinus,0.021,0.044,-1,Echolocation,/mnt/ubna_data_02_mir/recover-20221013/UBNA_001/20221012_030000.WAV,Telephone Field,recover-20221013,001,1795
1638.9535,1638.992,68437,82043,Rhinolophus ferrumequinum,0.022,0.022,-1,Echolocation,/mnt/ubna_data_02_mir/recover-20221013/UBNA_001/20221012_030000.WAV,Telephone Field,recover-20221013,001,1795
1638.9545,1638.9617,27187,39927,Eptesicus serotinus,0.007,0.024,-1,Echolocation,/mnt/ubna_data_02_mir/recover-20221013/UBNA_001/20221012_030000.WAV,Telephone Field,recover-20221013,001,1795
1638.9555,1638.964,47812,56553,Pipistrellus pipistrellus,0.02,0.024,-1,Echolocation,/mnt/ubna_data_02_mir/recover-20221013/UBNA_001/20221012_030000.WAV,Telephone Field,recover-20221013,001,1795
1638.9865,1638.9956,22890,29574,Plecotus austriacus,0.008,0.023,-1,Echolocation,/mnt/ubna_data_02_mir/recover-20221013/UBNA_001/20221012_030000.WAV,Telephone Field,recover-20221013,001,1795
1638.9875,1639.0256,68437,82237,Rhinolophus ferrumequinum,0.027,0.027,-1,Echolocation,/mnt/ubna_data_02_mir/recover-20221013/UBNA_001/20221012_030000.WAV,Telephone Field,recover-20221013,001,1795
1639.0065,1639.0416,68437,81671,Rhinolophus ferrumequinum,0.023,0.023,-1,Echolocation,/mnt/ubna_data_02_mir/recover-20221013/UBNA_001/20221012_030000.WAV,Telephone Field,recover-20221013,001,1795
1639.0095,1639.0182,28046,36331,Eptesicus serotinus,0.031,0.057,-1,Echolocation,/mnt/ubna_data_02_mir/recover-20221013/UBNA_001/20221012_030000.WAV,Telephone Field,recover-20221013,001,1795
1639.0205,1639.0592,68437,82321,Rhinolophus ferrumequinum,0.025,0.025,-1,Echolocation,/mnt/ubna_data_02_mir/recover-20221013/UBNA_001/20221012_030000.WAV,Telephone Field,recover-20221013,001,1795
1639.0685,1639.1083,68437,82858,Rhinolophus ferrumequinum,0.024,0.024,-1,Echolocation,/mnt/ubna_data_02_mir/recover-20221013/UBNA_001/20221012_030000.WAV,Telephone Field,recover-20221013,001,1795
1639.0845,1639.0912,27187,41460,Eptesicus serotinus,0.006,0.023,-1,Echolocation,/mnt/ubna_data_02_mir/recover-20221013/UBNA_001/20221012_030000.WAV,Telephone Field,recover-20221013,001,1795
1639.1105,1639.1454,68437,81598,Rhinolophus ferrumequinum,0.023,0.023,-1,Echolocation,/mnt/ubna_data_02_mir/recover-20221013/UBNA_001/20221012_030000.WAV,Telephone Field,recover-20221013,001,1795
1639.1155,1639.1222,27187,44360,Myotis daubentonii,0.006,0.023,-1,Echolocation,/mnt/ubna_data_02_mir/recover-20221013/UBNA_001/20221012_030000.WAV,Telephone Field,recover-20221013,001,1795
1639.1745,1639.1816,28046,39058,Eptesicus serotinus,0.006,0.023,-1,Echolocation,/mnt/ubna_data_02_mir/recover-20221013/UBNA_001/20221012_030000.WAV,Telephone Field,recover-20221013,001,1795
1639.2085,1639.2489,68437,82579,Rhinolophus ferrumequinum,0.022,0.022,-1,Echolocation,/mnt/ubna_data_02_mir/recover-20221013/UBNA_001/20221012_030000.WAV,Telephone Field,recover-20221013,001,1795
1639.2245,1639.2325,28046,40624,Eptesicus serotinus,0.008,0.024,-1,Echolocation,/mnt/ubna_data_02_mir/recover-20221013/UBNA_001/20221012_030000.WAV,Telephone Field,recover-20221013,001,1795
1639.2265,1639.246,16015,20608,Nyctalus noctula,0.023,0.031,-1,Echolocation,/mnt/ubna_data_02_mir/recover-20221013/UBNA_001/20221012_030000.WAV,Telephone Field,recover-20221013,001,1795
1639.2845,1639.326,68437,82726,Rhinolophus ferrumequinum,0.027,0.027,-1,Echolocation,/mnt/ubna_data_02_mir/recover-20221013/UBNA_001/20221012_030000.WAV,Telephone Field,recover-20221013,001,1795
1639.2995,1639.3133,22890,27489,Nyctalus leisleri,0.014,0.026,-1,Echolocation,/mnt/ubna_data_02_mir/recover-20221013/UBNA_001/20221012_030000.WAV,Telephone Field,recover-20221013,001,1795
1639.3145,1639.3519000000001,68437,81545,Rhinolophus ferrumequinum,0.022,0.022,-1,Echolocation,/mnt/ubna_data_02_mir/recover-20221013/UBNA_001/20221012_030000.WAV,Telephone Field,recover-20221013,001,1795
1639.3345,1639.3741,68437,82260,Rhinolophus ferrumequinum,0.027,0.027,-1,Echolocation,/mnt/ubna_data_02_mir/recover-20221013/UBNA_001/20221012_030000.WAV,Telephone Field,recover-20221013,001,1795
1639.3585,1639.3645,28046,40894,Myotis daubentonii,0.006,0.026,-1,Echolocation,/mnt/ubna_data_02_mir/recover-20221013/UBNA_001/20221012_030000.WAV,Telephone Field,recover-20221013,001,1795
1639.3605,1639.3980999999999,68437,81840,Rhinolophus ferrumequinum,0.022,0.022,-1,Echolocation,/mnt/ubna_data_02_mir/recover-20221013/UBNA_001/20221012_030000.WAV,Telephone Field,recover-20221013,001,1795
1639.4065,1639.4461000000001,68437,81964,Rhinolophus ferrumequinum,0.022,0.022,-1,Echolocation,/mnt/ubna_data_02_mir/recover-20221013/UBNA_001/20221012_030000.WAV,Telephone Field,recover-20221013,001,1795
1639.4495,1639.462,22890,28074,Nyctalus leisleri,0.017,0.033,-1,Echolocation,/mnt/ubna_data_02_mir/recover-20221013/UBNA_001/20221012_030000.WAV,Telephone Field,recover-20221013,001,1795
1639.4665,1639.5026,68437,81177,Rhinolophus ferrumequinum,0.022,0.022,-1,Echolocation,/mnt/ubna_data_02_mir/recover-20221013/UBNA_001/20221012_030000.WAV,Telephone Field,recover-20221013,001,1795
1639.4845,1639.4945,24609,31611,Nyctalus leisleri,0.009,0.024,-1,Echolocation,/mnt/ubna_data_02_mir/recover-20221013/UBNA_001/20221012_030000.WAV,Telephone Field,recover-20221013,001,1795
1639.4865,1639.5009,14296,19967,Nyctalus noctula,0.015,0.023,-1,Echolocation,/mnt/ubna_data_02_mir/recover-20221013/UBNA_001/20221012_030000.WAV,Telephone Field,recover-20221013,001,1795
1639.4965,1639.5061,28906,37301,Eptesicus serotinus,0.01,0.024,-1,Echolocation,/mnt/ubna_data_02_mir/recover-20221013/UBNA_001/20221012_030000.WAV,Telephone Field,recover-20221013,001,1795
1639.5135,1639.5511,68437,81934,Rhinolophus ferrumequinum,0.022,0.022,-1,Echolocation,/mnt/ubna_data_02_mir/recover-20221013/UBNA_001/20221012_030000.WAV,Telephone Field,recover-20221013,001,1795
1639.5245,1639.5319,27187,38779,Eptesicus serotinus,0.007,0.023,-1,Echolocation,/mnt/ubna_data_02_mir/recover-20221013/UBNA_001/20221012_030000.WAV,Telephone Field,recover-20221013,001,1795
1639.5285,1639.5665,68437,81366,Rhinolophus ferrumequinum,0.023,0.023,-1,Echolocation,/mnt/ubna_data_02_mir/recover-20221013/UBNA_001/20221012_030000.WAV,Telephone Field,recover-20221013,001,1795
1639.5445,1639.5556,44375,47639,Pipistrellus pipistrellus,0.028,0.032,-1,Echolocation,/mnt/ubna_data_02_mir/recover-20221013/UBNA_001/20221012_030000.WAV,Telephone Field,recover-20221013,001,1795
1639.6125,1639.6198,24609,33827,Plecotus austriacus,0.01,0.025,-1,Echolocation,/mnt/ubna_data_02_mir/recover-20221013/UBNA_001/20221012_030000.WAV,Telephone Field,recover-20221013,001,1795
1639.6545,1639.6944,68437,82718,Rhinolophus ferrumequinum,0.023,0.023,-1,Echolocation,/mnt/ubna_data_02_mir/recover-20221013/UBNA_001/20221012_030000.WAV,Telephone Field,recover-20221013,001,1795
1639.7255,1639.7631,68437,81726,Rhinolophus ferrumequinum,0.024,0.024,-1,Echolocation,/mnt/ubna_data_02_mir/recover-20221013/UBNA_001/20221012_030000.WAV,Telephone Field,recover-20221013,001,1795
1639.7335,1639.7712,68437,81784,Rhinolophus ferrumequinum,0.023,0.023,-1,Echolocation,/mnt/ubna_data_02_mir/recover-20221013/UBNA_001/20221012_030000.WAV,Telephone Field,recover-20221013,001,1795
1639.7605,1639.7987,68437,81962,Rhinolophus ferrumequinum,0.025,0.025,-1,Echolocation,/mnt/ubna_data_02_mir/recover-20221013/UBNA_001/20221012_030000.WAV,Telephone Field,recover-20221013,001,1795
1639.7715,1639.7796,26328,35657,Eptesicus serotinus,0.007,0.022,-1,Echolocation,/mnt/ubna_data_02_mir/recover-20221013/UBNA_001/20221012_030000.WAV,Telephone Field,recover-20221013,001,1795
1639.7885,1639.8005,22890,27258,Nyctalus leisleri,0.013,0.024,-1,Echolocation,/mnt/ubna_data_02_mir/recover-20221013/UBNA_001/20221012_030000.WAV,Telephone Field,recover-20221013,001,1795
1639.7905,1639.7961,46953,55701,Pipistrellus pipistrellus,0.02,0.023,-1,Echolocation,/mnt/ubna_data_02_mir/recover-20221013/UBNA_001/20221012_030000.WAV,Telephone Field,recover-20221013,001,1795
1639.7985,1639.839,68437,82310,Rhinolophus ferrumequinum,0.024,0.024,-1,Echolocation,/mnt/ubna_data_02_mir/recover-20221013/UBNA_001/20221012_030000.WAV,Telephone Field,recover-20221013,001,1795
1639.8385,1639.8798,68437,82714,Rhinolophus ferrumequinum,0.027,0.027,-1,Echolocation,/mnt/ubna_data_02_mir/recover-20221013/UBNA_001/20221012_030000.WAV,Telephone Field,recover-20221013,001,1795
1639.8795,1639.9163,68437,82361,Rhinolophus ferrumequinum,0.023,0.023,-1,Echolocation,/mnt/ubna_data_02_mir/recover-20221013/UBNA_001/20221012_030000.WAV,Telephone Field,recover-20221013,001,1795
1639.8965,1639.9062,25468,32282,Nyctalus leisleri,0.008,0.023,-1,Echolocation,/mnt/ubna_data_02_mir/recover-20221013/UBNA_001/20221012_030000.WAV,Telephone Field,recover-20221013,001,1795
1639.9395,1639.9502,22890,28790,Nyctalus leisleri,0.013,0.029,-1,Echolocation,/mnt/ubna_data_02_mir/recover-20221013/UBNA_001/20221012_030000.WAV,Telephone Field,recover-20221013,001,1795
1639.9495,1639.9599,24609,30972,Eptesicus serotinus,0.01,0.026,-1,Echolocation,/mnt/ubna_data_02_mir/recover-20221013/UBNA_001/20221012_030000.WAV,Telephone Field,recover-20221013,001,1795
1639.9575,1639.9667,28046,38405,Eptesicus serotinus,0.01,0.025,-1,Echolocation,/mnt/ubna_data_02_mir/recover-20221013/UBNA_001/20221012_030000.WAV,Telephone Field,recover-20221013,001,1795
1639.9775,1639.985,28046,38426,Eptesicus serotinus,0.006,0.023,-1,Echolocation,/mnt/ubna_data_02_mir/recover-20221013/UBNA_001/20221012_030000.WAV,Telephone Field,recover-20221013,001,1795
1640.0015,1640.0142,21171,26592,Nyctalus leisleri,0.013,0.03,-1,Echolocation,/mnt/ubna_data_02_mir/recover-20221013/UBNA_001/20221012_030000.WAV,Telephone Field,recover-20221013,001,1795
1640.0015,1640.035,68437,80041,Rhinolophus ferrumequinum,0.042,0.042,-1,Echolocation,/mnt/ubna_data_02_mir/recover-20221013/UBNA_001/20221012_030000.WAV,Telephone Field,recover-20221013,001,1795
1640.0125,1640.0219,22890,30218,Nyctalus leisleri,0.007,0.024,-1,Echolocation,/mnt/ubna_data_02_mir/recover-20221013/UBNA_001/20221012_030000.WAV,Telephone Field,recover-20221013,001,1795
1640.0515,1640.0887,68437,82313,Rhinolophus ferrumequinum,0.021,0.021,-1,Echolocation,/mnt/ubna_data_02_mir/recover-20221013/UBNA_001/20221012_030000.WAV,Telephone Field,recover-20221013,001,1795
1640.0655,1640.1052,68437,82234,Rhinolophus ferrumequinum,0.029,0.029,-1,Echolocation,/mnt/ubna_data_02_mir/recover-20221013/UBNA_001/20221012_030000.WAV,Telephone Field,recover-20221013,001,1795
1640.0785,1640.1147,68437,81921,Rhinolophus ferrumequinum,0.022,0.022,-1,Echolocation,/mnt/ubna_data_02_mir/recover-20221013/UBNA_001/20221012_030000.WAV,Telephone Field,recover-20221013,001,1795
1640.0845,1640.1208,68437,81796,Rhinolophus ferrumequinum,0.024,0.024,-1,Echolocation,/mnt/ubna_data_02_mir/recover-20221013/UBNA_001/20221012_030000.WAV,Telephone Field,recover-20221013,001,1795
1640.1285,1640.1367,28046,39107,Eptesicus serotinus,0.007,0.022,-1,Echolocation,/mnt/ubna_data_02_mir/recover-20221013/UBNA_001/20221012_030000.WAV,Telephone Field,recover-20221013,001,1795
1640.1475,1640.1851,68437,81951,Rhinolophus ferrumequinum,0.022,0.022,-1,Echolocation,/mnt/ubna_data_02_mir/recover-20221013/UBNA_001/20221012_030000.WAV,Telephone Field,recover-20221013,001,1795
1640.1485,1640.1678,20312,23433,Nyctalus leisleri,0.016,0.028,-1,Echolocation,/mnt/ubna_data_02_mir/recover-20221013/UBNA_001/20221012_030000.WAV,Telephone Field,recover-20221013,001,1795
1640.1675,1640.1738,51250,56227,Pipistrellus pipistrellus,0.029,0.032,-1,Echolocation,/mnt/ubna_data_02_mir/recover-20221013/UBNA_001/20221012_030000.WAV,Telephone Field,recover-20221013,001,1795
1640.1795,1640.1868,28046,40415,Eptesicus serotinus,0.007,0.024,-1,Echolocation,/mnt/ubna_data_02_mir/recover-20221013/UBNA_001/20221012_030000.WAV,Telephone Field,recover-20221013,001,1795
1640.1935,1640.2367,68437,82989,Rhinolophus ferrumequinum,0.028,0.028,-1,Echolocation,/mnt/ubna_data_02_mir/recover-20221013/UBNA_001/20221012_030000.WAV,Telephone Field,recover-20221013,001,1795
1640.2405,1640.2817,68437,82037,Rhinolophus ferrumequinum,0.022,0.022,-1,Echolocation,/mnt/ubna_data_02_mir/recover-20221013/UBNA_001/20221012_030000.WAV,Telephone Field,recover-20221013,001,1795
1640.2615,1640.2995,68437,82252,Rhinolophus ferrumequinum,0.025,0.025,-1,Echolocation,/mnt/ubna_data_02_mir/recover-20221013/UBNA_001/20221012_030000.WAV,Telephone Field,recover-20221013,001,1795
1640.2855,1640.292,46953,54110,Pipistrellus pipistrellus,0.019,0.021,-1,Echolocation,/mnt/ubna_data_02_mir/recover-20221013/UBNA_001/20221012_030000.WAV,Telephone Field,recover-20221013,001,1795
1640.2865,1640.3249,68437,82501,Rhinolophus ferrumequinum,0.025,0.025,-1,Echolocation,/mnt/ubna_data_02_mir/recover-20221013/UBNA_001/20221012_030000.WAV,Telephone Field,recover-20221013,001,1795
1640.2965,1640.3071,28906,35331,Eptesicus serotinus,0.01,0.026,-1,Echolocation,/mnt/ubna_data_02_mir/recover-20221013/UBNA_001/20221012_030000.WAV,Telephone Field,recover-20221013,001,1795
1640.3255,1640.3643,68437,82521,Rhinolophus ferrumequinum,0.022,0.022,-1,Echolocation,/mnt/ubna_data_02_mir/recover-20221013/UBNA_001/20221012_030000.WAV,Telephone Field,recover-20221013,001,1795
1640.3555,1640.3618,27187,40215,Eptesicus serotinus,0.005,0.022,-1,Echolocation,/mnt/ubna_data_02_mir/recover-20221013/UBNA_001/20221012_030000.WAV,Telephone Field,recover-20221013,001,1795
1640.3825,1640.4219,68437,81827,Rhinolophus ferrumequinum,0.023,0.023,-1,Echolocation,/mnt/ubna_data_02_mir/recover-20221013/UBNA_001/20221012_030000.WAV,Telephone Field,recover-20221013,001,1795
1640.3925,1640.4283,68437,81956,Rhinolophus ferrumequinum,0.022,0.022,-1,Echolocation,/mnt/ubna_data_02_mir/recover-20221013/UBNA_001/20221012_030000.WAV,Telephone Field,recover-20221013,001,1795
1640.4005,1640.4381,68437,82261,Rhinolophus ferrumequinum,0.022,0.022,-1,Echolocation,/mnt/ubna_data_02_mir/recover-20221013/UBNA_001/20221012_030000.WAV,Telephone Field,recover-20221013,001,1795
1640.4115,1640.4495,68437,82203,Rhinolophus ferrumequinum,0.023,0.023,-1,Echolocation,/mnt/ubna_data_02_mir/recover-20221013/UBNA_001/20221012_030000.WAV,Telephone Field,recover-20221013,001,1795
1640.4545,1640.4936,68437,81438,Rhinolophus ferrumequinum,0.025,0.025,-1,Echolocation,/mnt/ubna_data_02_mir/recover-20221013/UBNA_001/20221012_030000.WAV,Telephone Field,recover-20221013,001,1795
1640.4615,1640.4698,28906,38569,Eptesicus serotinus,0.02,0.046,-1,Echolocation,/mnt/ubna_data_02_mir/recover-20221013/UBNA_001/20221012_030000.WAV,Telephone Field,recover-20221013,001,1795
1640.5055,1640.5448,68437,82500,Rhinolophus ferrumequinum,0.024,0.024,-1,Echolocation,/mnt/ubna_data_02_mir/recover-20221013/UBNA_001/20221012_030000.WAV,Telephone Field,recover-20221013,001,1795
1640.5265,1640.5641,68437,82043,Rhinolophus ferrumequinum,0.023,0.023,-1,Echolocation,/mnt/ubna_data_02_mir/recover-20221013/UBNA_001/20221012_030000.WAV,Telephone Field,recover-20221013,001,1795
1640.5425,1640.5777,68437,81426,Rhinolophus ferrumequinum,0.024,0.024,-1,Echolocation,/mnt/ubna_data_02_mir/recover-20221013/UBNA_001/20221012_030000.WAV,Telephone Field,recover-20221013,001,1795
1640.5605,1640.5669,28046,41643,Eptesicus serotinus,0.008,0.031,-1,Echolocation,/mnt/ubna_data_02_mir/recover-20221013/UBNA_001/20221012_030000.WAV,Telephone Field,recover-20221013,001,1795
1640.5615,1640.6015,68437,82571,Rhinolophus ferrumequinum,0.032,0.032,-1,Echolocation,/mnt/ubna_data_02_mir/recover-20221013/UBNA_001/20221012_030000.WAV,Telephone Field,recover-20221013,001,1795
1640.5895,1640.6248,68437,81419,Rhinolophus ferrumequinum,0.021,0.021,-1,Echolocation,/mnt/ubna_data_02_mir/recover-20221013/UBNA_001/20221012_030000.WAV,Telephone Field,recover-20221013,001,1795
1640.5925,1640.6101,20312,23330,Nyctalus leisleri,0.013,0.022,-1,Echolocation,/mnt/ubna_data_02_mir/recover-20221013/UBNA_001/20221012_030000.WAV,Telephone Field,recover-20221013,001,1795
1640.5995,1640.6082,47812,53111,Pipistrellus pipistrellus,0.02,0.022,-1,Echolocation,/mnt/ubna_data_02_mir/recover-20221013/UBNA_001/20221012_030000.WAV,Telephone Field,recover-20221013,001,1795
1640.6355,1640.6521,21171,24566,Nyctalus leisleri,0.027,0.05,-1,Echolocation,/mnt/ubna_data_02_mir/recover-20221013/UBNA_001/20221012_030000.WAV,Telephone Field,recover-20221013,001,1795
1640.6445,1640.6839,68437,82698,Rhinolophus ferrumequinum,0.025,0.025,-1,Echolocation,/mnt/ubna_data_02_mir/recover-20221013/UBNA_001/20221012_030000.WAV,Telephone Field,recover-20221013,001,1795
1640.6685,1640.7076,68437,82092,Rhinolophus ferrumequinum,0.024,0.024,-1,Echolocation,/mnt/ubna_data_02_mir/recover-20221013/UBNA_001/20221012_030000.WAV,Telephone Field,recover-20221013,001,1795
1640.6825,1640.7213,68437,81953,Rhinolophus ferrumequinum,0.022,0.022,-1,Echolocation,/mnt/ubna_data_02_mir/recover-20221013/UBNA_001/20221012_030000.WAV,Telephone Field,recover-20221013,001,1795
1640.6865,1640.693,30625,48440,Myotis daubentonii,0.012,0.023,-1,Echolocation,/mnt/ubna_data_02_mir/recover-20221013/UBNA_001/20221012_030000.WAV,Telephone Field,recover-20221013,001,1795
1640.7115,1640.7504,68437,82628,Rhinolophus ferrumequinum,0.031,0.031,-1,Echolocation,/mnt/ubna_data_02_mir/recover-20221013/UBNA_001/20221012_030000.WAV,Telephone Field,recover-20221013,001,1795
1640.7215,1640.7638,68437,83421,Rhinolophus ferrumequinum,0.027,0.027,-1,Echolocation,/mnt/ubna_data_02_mir/recover-20221013/UBNA_001/20221012_030000.WAV,Telephone Field,recover-20221013,001,1795
1640.7525,1640.791,68437,82311,Rhinolophus ferrumequinum,0.028,0.028,-1,Echolocation,/mnt/ubna_data_02_mir/recover-20221013/UBNA_001/20221012_030000.WAV,Telephone Field,recover-20221013,001,1795
1640.7775,1640.819,68437,82682,Rhinolophus ferrumequinum,0.026,0.026,-1,Echolocation,/mnt/ubna_data_02_mir/recover-20221013/UBNA_001/20221012_030000.WAV,Telephone Field,recover-20221013,001,1795
1640.7775,1640.7867,28046,36758,Eptesicus serotinus,0.009,0.024,-1,Echolocation,/mnt/ubna_data_02_mir/recover-20221013/UBNA_001/20221012_030000.WAV,Telephone Field,recover-20221013,001,1795
1640.7875,1640.8249,68437,81588,Rhinolophus ferrumequinum,0.021,0.021,-1,Echolocation,/mnt/ubna_data_02_mir/recover-20221013/UBNA_001/20221012_030000.WAV,Telephone Field,recover-20221013,001,1795
1640.8215,1640.856,68437,80933,Rhinolophus ferrumequinum,0.023,0.023,-1,Echolocation,/mnt/ubna_data_02_mir/recover-20221013/UBNA_001/20221012_030000.WAV,Telephone Field,recover-20221013,001,1795
1640.8375,1640.8492,40937,45612,Pipistrellus nathusii,0.032,0.046,-1,Echolocation,/mnt/ubna_data_02_mir/recover-20221013/UBNA_001/20221012_030000.WAV,Telephone Field,recover-20221013,001,1795
1640.8495,1640.8878,68437,81699,Rhinolophus ferrumequinum,0.021,0.021,-1,Echolocation,/mnt/ubna_data_02_mir/recover-20221013/UBNA_001/20221012_030000.WAV,Telephone Field,recover-20221013,001,1795
1640.8565,1640.8644,28046,40485,Eptesicus serotinus,0.009,0.024,-1,Echolocation,/mnt/ubna_data_02_mir/recover-20221013/UBNA_001/20221012_030000.WAV,Telephone Field,recover-20221013,001,1795
1640.8715,1640.9071,68437,81331,Rhinolophus ferrumequinum,0.021,0.021,-1,Echolocation,/mnt/ubna_data_02_mir/recover-20221013/UBNA_001/20221012_030000.WAV,Telephone Field,recover-20221013,001,1795
1640.8845,1640.9248,68437,82939,Rhinolophus ferrumequinum,0.026,0.026,-1,Echolocation,/mnt/ubna_data_02_mir/recover-20221013/UBNA_001/20221012_030000.WAV,Telephone Field,recover-20221013,001,1795
1640.8915,1640.9012,22890,29218,Nyctalus leisleri,0.007,0.021,-1,Echolocation,/mnt/ubna_data_02_mir/recover-20221013/UBNA_001/20221012_030000.WAV,Telephone Field,recover-20221013,001,1795
1640.9205,1640.9281,27187,37902,Eptesicus serotinus,0.007,0.024,-1,Echolocation,/mnt/ubna_data_02_mir/recover-20221013/UBNA_001/20221012_030000.WAV,Telephone Field,recover-20221013,001,1795
1640.9265,1640.9667,68437,82765,Rhinolophus ferrumequinum,0.024,0.024,-1,Echolocation,/mnt/ubna_data_02_mir/recover-20221013/UBNA_001/20221012_030000.WAV,Telephone Field,recover-20221013,001,1795
1640.9785,1641.0208,68437,82679,Rhinolophus ferrumequinum,0.027,0.027,-1,Echolocation,/mnt/ubna_data_02_mir/recover-20221013/UBNA_001/20221012_030000.WAV,Telephone Field,recover-20221013,001,1795
1641.0045,1641.0404,68437,81822,Rhinolophus ferrumequinum,0.031,0.031,-1,Echolocation,/mnt/ubna_data_02_mir/recover-20221013/UBNA_001/20221012_030000.WAV,Telephone Field,recover-20221013,001,1795
1641.0645,1641.1002,68437,81699,Rhinolophus ferrumequinum,0.022,0.022,-1,Echolocation,/mnt/ubna_data_02_mir/recover-20221013/UBNA_001/20221012_030000.WAV,Telephone Field,recover-20221013,001,1795
1641.1345,1641.1735,68437,82235,Rhinolophus ferrumequinum,0.033,0.033,-1,Echolocation,/mnt/ubna_data_02_mir/recover-20221013/UBNA_001/20221012_030000.WAV,Telephone Field,recover-20221013,001,1795
1641.1525,1641.1907,68437,82985,Rhinolophus ferrumequinum,0.024,0.024,-1,Echolocation,/mnt/ubna_data_02_mir/recover-20221013/UBNA_001/20221012_030000.WAV,Telephone Field,recover-20221013,001,1795
1641.1655,1641.207,68437,82926,Rhinolophus ferrumequinum,0.028,0.028,-1,Echolocation,/mnt/ubna_data_02_mir/recover-20221013/UBNA_001/20221012_030000.WAV,Telephone Field,recover-20221013,001,1795
1641.1905,1641.2321,68437,82780,Rhinolophus ferrumequinum,0.031,0.031,-1,Echolocation,/mnt/ubna_data_02_mir/recover-20221013/UBNA_001/20221012_030000.WAV,Telephone Field,recover-20221013,001,1795
1641.2115,1641.2218,22031,27630,Nyctalus leisleri,0.01,0.025,-1,Echolocation,/mnt/ubna_data_02_mir/recover-20221013/UBNA_001/20221012_030000.WAV,Telephone Field,recover-20221013,001,1795
1641.2255,1641.2648,68437,82129,Rhinolophus ferrumequinum,0.026,0.026,-1,Echolocation,/mnt/ubna_data_02_mir/recover-20221013/UBNA_001/20221012_030000.WAV,Telephone Field,recover-20221013,001,1795
1641.2265,1641.233,28046,39618,Eptesicus serotinus,0.006,0.024,-1,Echolocation,/mnt/ubna_data_02_mir/recover-20221013/UBNA_001/20221012_030000.WAV,Telephone Field,recover-20221013,001,1795
1641.2445,1641.252,33203,41375,Myotis daubentonii,0.009,0.023,-1,Echolocation,/mnt/ubna_data_02_mir/recover-20221013/UBNA_001/20221012_030000.WAV,Telephone Field,recover-20221013,001,1795
1641.2595,1641.2692,28046,35313,Eptesicus serotinus,0.008,0.022,-1,Echolocation,/mnt/ubna_data_02_mir/recover-20221013/UBNA_001/20221012_030000.WAV,Telephone Field,recover-20221013,001,1795
1641.2865,1641.3273,68437,82259,Rhinolophus ferrumequinum,0.027,0.027,-1,Echolocation,/mnt/ubna_data_02_mir/recover-20221013/UBNA_001/20221012_030000.WAV,Telephone Field,recover-20221013,001,1795
1641.3425,1641.3795,68437,82171,Rhinolophus ferrumequinum,0.024,0.024,-1,Echolocation,/mnt/ubna_data_02_mir/recover-20221013/UBNA_001/20221012_030000.WAV,Telephone Field,recover-20221013,001,1795
1641.3535,1641.3918,68437,82160,Rhinolophus ferrumequinum,0.022,0.022,-1,Echolocation,/mnt/ubna_data_02_mir/recover-20221013/UBNA_001/20221012_030000.WAV,Telephone Field,recover-20221013,001,1795
1641.3935,1641.4336,68437,82639,Rhinolophus ferrumequinum,0.043,0.043,-1,Echolocation,/mnt/ubna_data_02_mir/recover-20221013/UBNA_001/20221012_030000.WAV,Telephone Field,recover-20221013,001,1795
1641.4245,1641.4617,68437,81026,Rhinolophus ferrumequinum,0.023,0.023,-1,Echolocation,/mnt/ubna_data_02_mir/recover-20221013/UBNA_001/20221012_030000.WAV,Telephone Field,recover-20221013,001,1795
1641.4365,1641.4744,68437,82061,Rhinolophus ferrumequinum,0.022,0.022,-1,Echolocation,/mnt/ubna_data_02_mir/recover-20221013/UBNA_001/20221012_030000.WAV,Telephone Field,recover-20221013,001,1795
1641.4425,1641.4807,68437,82418,Rhinolophus ferrumequinum,0.021,0.021,-1,Echolocation,/mnt/ubna_data_02_mir/recover-20221013/UBNA_001/20221012_030000.WAV,Telephone Field,recover-20221013,001,1795
1641.4865,1641.5257,68437,81955,Rhinolophus ferrumequinum,0.021,0.021,-1,Echolocation,/mnt/ubna_data_02_mir/recover-20221013/UBNA_001/20221012_030000.WAV,Telephone Field,recover-20221013,001,1795
1641.4955,1641.5396,68437,82671,Rhinolophus ferrumequinum,0.025,0.025,-1,Echolocation,/mnt/ubna_data_02_mir/recover-20221013/UBNA_001/20221012_030000.WAV,Telephone Field,recover-20221013,001,1795
1641.5115,1641.5475,68437,81410,Rhinolophus ferrumequinum,0.021,0.021,-1,Echolocation,/mnt/ubna_data_02_mir/recover-20221013/UBNA_001/20221012_030000.WAV,Telephone Field,recover-20221013,001,1795
1641.5275,1641.5677,68437,82386,Rhinolophus ferrumequinum,0.023,0.023,-1,Echolocation,/mnt/ubna_data_02_mir/recover-20221013/UBNA_001/20221012_030000.WAV,Telephone Field,recover-20221013,001,1795
1641.5355,1641.5745,68437,82686,Rhinolophus ferrumequinum,0.026,0.026,-1,Echolocation,/mnt/ubna_data_02_mir/recover-20221013/UBNA_001/20221012_030000.WAV,Telephone Field,recover-20221013,001,1795
1641.5515,1641.5587,25468,38728,Eptesicus serotinus,0.005,0.022,-1,Echolocation,/mnt/ubna_data_02_mir/recover-20221013/UBNA_001/20221012_030000.WAV,Telephone Field,recover-20221013,001,1795
1641.5625,1641.5731,25468,32665,Eptesicus serotinus,0.009,0.024,-1,Echolocation,/mnt/ubna_data_02_mir/recover-20221013/UBNA_001/20221012_030000.WAV,Telephone Field,recover-20221013,001,1795
1641.5645,1641.6026,68437,82084,Rhinolophus ferrumequinum,0.03,0.03,-1,Echolocation,/mnt/ubna_data_02_mir/recover-20221013/UBNA_001/20221012_030000.WAV,Telephone Field,recover-20221013,001,1795
1641.5785,1641.5865,28046,38694,Eptesicus serotinus,0.009,0.026,-1,Echolocation,/mnt/ubna_data_02_mir/recover-20221013/UBNA_001/20221012_030000.WAV,Telephone Field,recover-20221013,001,1795
1641.5815,1641.6171,68437,81036,Rhinolophus ferrumequinum,0.021,0.021,-1,Echolocation,/mnt/ubna_data_02_mir/recover-20221013/UBNA_001/20221012_030000.WAV,Telephone Field,recover-20221013,001,1795
1641.6105,1641.6173,25468,34884,Plecotus austriacus,0.007,0.024,-1,Echolocation,/mnt/ubna_data_02_mir/recover-20221013/UBNA_001/20221012_030000.WAV,Telephone Field,recover-20221013,001,1795
1641.6305,1641.6721,68437,81982,Rhinolophus ferrumequinum,0.024,0.024,-1,Echolocation,/mnt/ubna_data_02_mir/recover-20221013/UBNA_001/20221012_030000.WAV,Telephone Field,recover-20221013,001,1795
1641.6395,1641.6581,22031,25334,Nyctalus leisleri,0.018,0.03,-1,Echolocation,/mnt/ubna_data_02_mir/recover-20221013/UBNA_001/20221012_030000.WAV,Telephone Field,recover-20221013,001,1795
1641.6675,1641.6734,26328,37816,Plecotus auritus,0.02,0.058,-1,Echolocation,/mnt/ubna_data_02_mir/recover-20221013/UBNA_001/20221012_030000.WAV,Telephone Field,recover-20221013,001,1795
1641.6915,1641.7298,68437,82113,Rhinolophus ferrumequinum,0.026,0.026,-1,Echolocation,/mnt/ubna_data_02_mir/recover-20221013/UBNA_001/20221012_030000.WAV,Telephone Field,recover-20221013,001,1795
1641.7075,1641.7479,68437,82149,Rhinolophus ferrumequinum,0.025,0.025,-1,Echolocation,/mnt/ubna_data_02_mir/recover-20221013/UBNA_001/20221012_030000.WAV,Telephone Field,recover-20221013,001,1795
1641.7125,1641.7231,28906,36044,Eptesicus serotinus,0.01,0.025,-1,Echolocation,/mnt/ubna_data_02_mir/recover-20221013/UBNA_001/20221012_030000.WAV,Telephone Field,recover-20221013,001,1795
1641.7585,1641.7675,25468,33668,Eptesicus serotinus,0.008,0.024,-1,Echolocation,/mnt/ubna_data_02_mir/recover-20221013/UBNA_001/20221012_030000.WAV,Telephone Field,recover-20221013,001,1795
1641.7785,1641.7861,27187,38670,Eptesicus serotinus,0.009,0.027,-1,Echolocation,/mnt/ubna_data_02_mir/recover-20221013/UBNA_001/20221012_030000.WAV,Telephone Field,recover-20221013,001,1795
1641.7805,1641.8183,68437,81537,Rhinolophus ferrumequinum,0.022,0.022,-1,Echolocation,/mnt/ubna_data_02_mir/recover-20221013/UBNA_001/20221012_030000.WAV,Telephone Field,recover-20221013,001,1795
1641.7885,1641.8267,68437,82599,Rhinolophus ferrumequinum,0.022,0.022,-1,Echolocation,/mnt/ubna_data_02_mir/recover-20221013/UBNA_001/20221012_030000.WAV,Telephone Field,recover-20221013,001,1795
1641.8145,1641.8523,68437,81872,Rhinolophus ferrumequinum,0.024,0.024,-1,Echolocation,/mnt/ubna_data_02_mir/recover-20221013/UBNA_001/20221012_030000.WAV,Telephone Field,recover-20221013,001,1795
1641.8285,1641.8691,68437,82924,Rhinolophus ferrumequinum,0.025,0.025,-1,Echolocation,/mnt/ubna_data_02_mir/recover-20221013/UBNA_001/20221012_030000.WAV,Telephone Field,recover-20221013,001,1795
1641.8355,1641.8799,68437,83590,Rhinolophus ferrumequinum,0.027,0.027,-1,Echolocation,/mnt/ubna_data_02_mir/recover-20221013/UBNA_001/20221012_030000.WAV,Telephone Field,recover-20221013,001,1795
1641.8465,1641.8577,23750,28976,Nyctalus leisleri,0.013,0.026,-1,Echolocation,/mnt/ubna_data_02_mir/recover-20221013/UBNA_001/20221012_030000.WAV,Telephone Field,recover-20221013,001,1795
1641.8515,1641.8933,68437,82863,Rhinolophus ferrumequinum,0.025,0.025,-1,Echolocation,/mnt/ubna_data_02_mir/recover-20221013/UBNA_001/20221012_030000.WAV,Telephone Field,recover-20221013,001,1795
1641.9335,1641.9749,68437,83046,Rhinolophus ferrumequinum,0.024,0.025,-1,Echolocation,/mnt/ubna_data_02_mir/recover-20221013/UBNA_001/20221012_030000.WAV,Telephone Field,recover-20221013,001,1795
1641.9545,1641.964,23750,30419,Nyctalus leisleri,0.009,0.027,-1,Echolocation,/mnt/ubna_data_02_mir/recover-20221013/UBNA_001/20221012_030000.WAV,Telephone Field,recover-20221013,001,1795
1642.0015,1642.0097,25468,32412,Nyctalus leisleri,0.011,0.03,-1,Echolocation,/mnt/ubna_data_02_mir/recover-20221013/UBNA_001/20221012_030000.WAV,Telephone Field,recover-20221013,001,1795
1642.0015,1642.0344,68437,80118,Rhinolophus ferrumequinum,0.051,0.051,-1,Echolocation,/mnt/ubna_data_02_mir/recover-20221013/UBNA_001/20221012_030000.WAV,Telephone Field,recover-20221013,001,1795
1642.0015,1642.0081,46093,50247,Pipistrellus pipistrellus,0.017,0.023,-1,Echolocation,/mnt/ubna_data_02_mir/recover-20221013/UBNA_001/20221012_030000.WAV,Telephone Field,recover-20221013,001,1795
1642.0115,1642.0506,68437,82230,Rhinolophus ferrumequinum,0.022,0.022,-1,Echolocation,/mnt/ubna_data_02_mir/recover-20221013/UBNA_001/20221012_030000.WAV,Telephone Field,recover-20221013,001,1795
1642.0195,1642.0373,18593,21670,Nyctalus leisleri,0.011,0.021,-1,Echolocation,/mnt/ubna_data_02_mir/recover-20221013/UBNA_001/20221012_030000.WAV,Telephone Field,recover-20221013,001,1795
1642.0925,1642.1026,22031,27918,Nyctalus leisleri,0.01,0.024,-1,Echolocation,/mnt/ubna_data_02_mir/recover-20221013/UBNA_001/20221012_030000.WAV,Telephone Field,recover-20221013,001,1795
1642.1045,1642.1422,68437,81643,Rhinolophus ferrumequinum,0.022,0.022,-1,Echolocation,/mnt/ubna_data_02_mir/recover-20221013/UBNA_001/20221012_030000.WAV,Telephone Field,recover-20221013,001,1795
1642.1095,1642.1469,68437,81704,Rhinolophus ferrumequinum,0.023,0.023,-1,Echolocation,/mnt/ubna_data_02_mir/recover-20221013/UBNA_001/20221012_030000.WAV,Telephone Field,recover-20221013,001,1795
1642.1345,1642.1778,68437,82863,Rhinolophus ferrumequinum,0.036,0.036,-1,Echolocation,/mnt/ubna_data_02_mir/recover-20221013/UBNA_001/20221012_030000.WAV,Telephone Field,recover-20221013,001,1795
1642.1555,1642.1896,68437,81243,Rhinolophus ferrumequinum,0.025,0.025,-1,Echolocation,/mnt/ubna_data_02_mir/recover-20221013/UBNA_001/20221012_030000.WAV,Telephone Field,recover-20221013,001,1795
1642.1965,1642.2354,68437,81962,Rhinolophus ferrumequinum,0.022,0.022,-1,Echolocation,/mnt/ubna_data_02_mir/recover-20221013/UBNA_001/20221012_030000.WAV,Telephone Field,recover-20221013,001,1795
1642.2105,1642.2474,68437,81907,Rhinolophus ferrumequinum,0.023,0.023,-1,Echolocation,/mnt/ubna_data_02_mir/recover-20221013/UBNA_001/20221012_030000.WAV,Telephone Field,recover-20221013,001,1795
1642.2225,1642.2453,19453,22338,Nyctalus noctula,0.025,0.048,-1,Echolocation,/mnt/ubna_data_02_mir/recover-20221013/UBNA_001/20221012_030000.WAV,Telephone Field,recover-20221013,001,1795
1642.2785,1642.3151,68437,81125,Rhinolophus ferrumequinum,0.022,0.022,-1,Echolocation,/mnt/ubna_data_02_mir/recover-20221013/UBNA_001/20221012_030000.WAV,Telephone Field,recover-20221013,001,1795
1642.2925,1642.3323,68437,81965,Rhinolophus ferrumequinum,0.052,0.052,-1,Echolocation,/mnt/ubna_data_02_mir/recover-20221013/UBNA_001/20221012_030000.WAV,Telephone Field,recover-20221013,001,1795
1642.2975,1642.3077,28046,37584,Eptesicus serotinus,0.012,0.026,-1,Echolocation,/mnt/ubna_data_02_mir/recover-20221013/UBNA_001/20221012_030000.WAV,Telephone Field,recover-20221013,001,1795
1642.3565,1642.3962,68437,82674,Rhinolophus ferrumequinum,0.025,0.025,-1,Echolocation,/mnt/ubna_data_02_mir/recover-20221013/UBNA_001/20221012_030000.WAV,Telephone Field,recover-20221013,001,1795
1642.3715,1642.3803,28906,39353,Eptesicus serotinus,0.009,0.022,-1,Echolocation,/mnt/ubna_data_02_mir/recover-20221013/UBNA_001/20221012_030000.WAV,Telephone Field,recover-20221013,001,1795
1642.4025,1642.4424,68437,82765,Rhinolophus ferrumequinum,0.025,0.025,-1,Echolocation,/mnt/ubna_data_02_mir/recover-20221013/UBNA_001/20221012_030000.WAV,Telephone Field,recover-20221013,001,1795
1642.4035,1642.4116,45234,51739,Pipistrellus pipistrellus,0.024,0.027,-1,Echolocation,/mnt/ubna_data_02_mir/recover-20221013/UBNA_001/20221012_030000.WAV,Telephone Field,recover-20221013,001,1795
1642.4135,1642.4238,22890,28812,Nyctalus leisleri,0.012,0.028,-1,Echolocation,/mnt/ubna_data_02_mir/recover-20221013/UBNA_001/20221012_030000.WAV,Telephone Field,recover-20221013,001,1795
1642.4255,1642.4653,68437,82380,Rhinolophus ferrumequinum,0.025,0.025,-1,Echolocation,/mnt/ubna_data_02_mir/recover-20221013/UBNA_001/20221012_030000.WAV,Telephone Field,recover-20221013,001,1795
1642.4315,1642.4383,25468,36043,Plecotus austriacus,0.006,0.023,-1,Echolocation,/mnt/ubna_data_02_mir/recover-20221013/UBNA_001/20221012_030000.WAV,Telephone Field,recover-20221013,001,1795
1642.4475,1642.4602,26328,32079,Nyctalus leisleri,0.012,0.03,-1,Echolocation,/mnt/ubna_data_02_mir/recover-20221013/UBNA_001/20221012_030000.WAV,Telephone Field,recover-20221013,001,1795
1642.5045,1642.542,68437,81552,Rhinolophus ferrumequinum,0.022,0.022,-1,Echolocation,/mnt/ubna_data_02_mir/recover-20221013/UBNA_001/20221012_030000.WAV,Telephone Field,recover-20221013,001,1795
1642.5105,1642.5184,27187,36183,Eptesicus serotinus,0.011,0.027,-1,Echolocation,/mnt/ubna_data_02_mir/recover-20221013/UBNA_001/20221012_030000.WAV,Telephone Field,recover-20221013,001,1795
1642.5395,1642.5497,22031,26646,Nyctalus leisleri,0.01,0.021,-1,Echolocation,/mnt/ubna_data_02_mir/recover-20221013/UBNA_001/20221012_030000.WAV,Telephone Field,recover-20221013,001,1795
1642.5535,1642.5916,68437,82621,Rhinolophus ferrumequinum,0.026,0.026,-1,Echolocation,/mnt/ubna_data_02_mir/recover-20221013/UBNA_001/20221012_030000.WAV,Telephone Field,recover-20221013,001,1795
1642.5945,1642.6313,68437,82290,Rhinolophus ferrumequinum,0.023,0.023,-1,Echolocation,/mnt/ubna_data_02_mir/recover-20221013/UBNA_001/20221012_030000.WAV,Telephone Field,recover-20221013,001,1795
1642.6435,1642.6816,68437,81543,Rhinolophus ferrumequinum,0.026,0.026,-1,Echolocation,/mnt/ubna_data_02_mir/recover-20221013/UBNA_001/20221012_030000.WAV,Telephone Field,recover-20221013,001,1795
1642.6615,1642.6988,68437,81731,Rhinolophus ferrumequinum,0.022,0.022,-1,Echolocation,/mnt/ubna_data_02_mir/recover-20221013/UBNA_001/20221012_030000.WAV,Telephone Field,recover-20221013,001,1795
1642.6685,1642.7071,68437,82215,Rhinolophus ferrumequinum,0.023,0.023,-1,Echolocation,/mnt/ubna_data_02_mir/recover-20221013/UBNA_001/20221012_030000.WAV,Telephone Field,recover-20221013,001,1795
1642.6845,1642.7213,68437,82239,Rhinolophus ferrumequinum,0.021,0.022,-1,Echolocation,/mnt/ubna_data_02_mir/recover-20221013/UBNA_001/20221012_030000.WAV,Telephone Field,recover-20221013,001,1795
1642.7105,1642.7224,23750,28892,Nyctalus leisleri,0.013,0.026,-1,Echolocation,/mnt/ubna_data_02_mir/recover-20221013/UBNA_001/20221012_030000.WAV,Telephone Field,recover-20221013,001,1795
1642.7255,1642.7606,68437,81216,Rhinolophus ferrumequinum,0.022,0.022,-1,Echolocation,/mnt/ubna_data_02_mir/recover-20221013/UBNA_001/20221012_030000.WAV,Telephone Field,recover-20221013,001,1795
1642.7405,1642.7778,68437,81653,Rhinolophus ferrumequinum,0.023,0.023,-1,Echolocation,/mnt/ubna_data_02_mir/recover-20221013/UBNA_001/20221012_030000.WAV,Telephone Field,recover-20221013,001,1795
1642.7775,1642.8138,68437,81782,Rhinolophus ferrumequinum,0.021,0.021,-1,Echolocation,/mnt/ubna_data_02_mir/recover-20221013/UBNA_001/20221012_030000.WAV,Telephone Field,recover-20221013,001,1795
1642.7885,1642.7997,22890,27490,Nyctalus leisleri,0.012,0.023,-1,Echolocation,/mnt/ubna_data_02_mir/recover-20221013/UBNA_001/20221012_030000.WAV,Telephone Field,recover-20221013,001,1795
1642.8085,1642.839,68437,79975,Rhinolophus ferrumequinum,0.022,0.023,-1,Echolocation,/mnt/ubna_data_02_mir/recover-20221013/UBNA_001/20221012_030000.WAV,Telephone Field,recover-20221013,001,1795
1642.8205,1642.8318,22031,26737,Nyctalus leisleri,0.011,0.022,-1,Echolocation,/mnt/ubna_data_02_mir/recover-20221013/UBNA_001/20221012_030000.WAV,Telephone Field,recover-20221013,001,1795
1642.8525,1642.8598,23750,32219,Plecotus austriacus,0.009,0.022,-1,Echolocation,/mnt/ubna_data_02_mir/recover-20221013/UBNA_001/20221012_030000.WAV,Telephone Field,recover-20221013,001,1795
1642.8645,1642.8749,34921,41577,Barbastellus barbastellus,0.006,0.026,-1,Echolocation,/mnt/ubna_data_02_mir/recover-20221013/UBNA_001/20221012_030000.WAV,Telephone Field,recover-20221013,001,1795
1642.9115,1642.9523,68437,82493,Rhinolophus ferrumequinum,0.023,0.023,-1,Echolocation,/mnt/ubna_data_02_mir/recover-20221013/UBNA_001/20221012_030000.WAV,Telephone Field,recover-20221013,001,1795
1642.9245,1642.9688,68437,83737,Rhinolophus ferrumequinum,0.043,0.043,-1,Echolocation,/mnt/ubna_data_02_mir/recover-20221013/UBNA_001/20221012_030000.WAV,Telephone Field,recover-20221013,001,1795
1642.9665,1642.9753,55546,61182,Pipistrellus pygmaeus,0.021,0.022,-1,Echolocation,/mnt/ubna_data_02_mir/recover-20221013/UBNA_001/20221012_030000.WAV,Telephone Field,recover-20221013,001,1795
1642.9725,1642.9826,22890,27680,Nyctalus leisleri,0.01,0.022,-1,Echolocation,/mnt/ubna_data_02_mir/recover-20221013/UBNA_001/20221012_030000.WAV,Telephone Field,recover-20221013,001,1795
1642.9725,1643.0112,68437,82939,Rhinolophus ferrumequinum,0.025,0.025,-1,Echolocation,/mnt/ubna_data_02_mir/recover-20221013/UBNA_001/20221012_030000.WAV,Telephone Field,recover-20221013,001,1795
1642.9915,1642.9981,24609,33707,Plecotus austriacus,0.008,0.022,-1,Echolocation,/mnt/ubna_data_02_mir/recover-20221013/UBNA_001/20221012_030000.WAV,Telephone Field,recover-20221013,001,1795
1643.0275,1643.0673,68437,82318,Rhinolophus ferrumequinum,0.024,0.024,-1,Echolocation,/mnt/ubna_data_02_mir/recover-20221013/UBNA_001/20221012_030000.WAV,Telephone Field,recover-20221013,001,1795
1643.0345,1643.0471,14296,19453,Nyctalus noctula,0.019,0.03,-1,Echolocation,/mnt/ubna_data_02_mir/recover-20221013/UBNA_001/20221012_030000.WAV,Telephone Field,recover-20221013,001,1795
1643.0635,1643.1038,68437,82660,Rhinolophus ferrumequinum,0.021,0.021,-1,Echolocation,/mnt/ubna_data_02_mir/recover-20221013/UBNA_001/20221012_030000.WAV,Telephone Field,recover-20221013,001,1795
1643.0835,1643.1219,68437,82103,Rhinolophus ferrumequinum,0.022,0.022,-1,Echolocation,/mnt/ubna_data_02_mir/recover-20221013/UBNA_001/20221012_030000.WAV,Telephone Field,recover-20221013,001,1795
1643.1105,1643.118,28046,39666,Eptesicus serotinus,0.007,0.022,-1,Echolocation,/mnt/ubna_data_02_mir/recover-20221013/UBNA_001/20221012_030000.WAV,Telephone Field,recover-20221013,001,1795
1643.1225,1643.1632,68437,82582,Rhinolophus ferrumequinum,0.029,0.029,-1,Echolocation,/mnt/ubna_data_02_mir/recover-20221013/UBNA_001/20221012_030000.WAV,Telephone Field,recover-20221013,001,1795
1643.1485,1643.1604,37500,41192,Pipistrellus nathusii,0.019,0.033,-1,Echolocation,/mnt/ubna_data_02_mir/recover-20221013/UBNA_001/20221012_030000.WAV,Telephone Field,recover-20221013,001,1795
1643.1495,1643.1864,68437,81701,Rhinolophus ferrumequinum,0.055,0.055,-1,Echolocation,/mnt/ubna_data_02_mir/recover-20221013/UBNA_001/20221012_030000.WAV,Telephone Field,recover-20221013,001,1795
1643.1705,1643.1772,27187,41017,Eptesicus serotinus,0.005,0.022,-1,Echolocation,/mnt/ubna_data_02_mir/recover-20221013/UBNA_001/20221012_030000.WAV,Telephone Field,recover-20221013,001,1795
1643.1735,1643.1935,18593,21581,Nyctalus noctula,0.011,0.023,-1,Echolocation,/mnt/ubna_data_02_mir/recover-20221013/UBNA_001/20221012_030000.WAV,Telephone Field,recover-20221013,001,1795
1643.2035,1643.2426,68437,82941,Rhinolophus ferrumequinum,0.026,0.026,-1,Echolocation,/mnt/ubna_data_02_mir/recover-20221013/UBNA_001/20221012_030000.WAV,Telephone Field,recover-20221013,001,1795
1643.2515,1643.2884,68437,81847,Rhinolophus ferrumequinum,0.026,0.026,-1,Echolocation,/mnt/ubna_data_02_mir/recover-20221013/UBNA_001/20221012_030000.WAV,Telephone Field,recover-20221013,001,1795
1643.2615,1643.2971,68437,81893,Rhinolophus ferrumequinum,0.022,0.022,-1,Echolocation,/mnt/ubna_data_02_mir/recover-20221013/UBNA_001/20221012_030000.WAV,Telephone Field,recover-20221013,001,1795
1643.2705,1643.3088,68437,82811,Rhinolophus ferrumequinum,0.021,0.021,-1,Echolocation,/mnt/ubna_data_02_mir/recover-20221013/UBNA_001/20221012_030000.WAV,Telephone Field,recover-20221013,001,1795
1643.3295,1643.336,26328,42866,Myotis nattereri,0.005,0.021,-1,Echolocation,/mnt/ubna_data_02_mir/recover-20221013/UBNA_001/20221012_030000.WAV,Telephone Field,recover-20221013,001,1795
1643.3715,1643.4106,68437,82521,Rhinolophus ferrumequinum,0.021,0.021,-1,Echolocation,/mnt/ubna_data_02_mir/recover-20221013/UBNA_001/20221012_030000.WAV,Telephone Field,recover-20221013,001,1795
1643.3995,1643.4306,68437,80195,Rhinolophus ferrumequinum,0.021,0.021,-1,Echolocation,/mnt/ubna_data_02_mir/recover-20221013/UBNA_001/20221012_030000.WAV,Telephone Field,recover-20221013,001,1795
1643.4585,1643.4979,68437,82095,Rhinolophus ferrumequinum,0.022,0.022,-1,Echolocation,/mnt/ubna_data_02_mir/recover-20221013/UBNA_001/20221012_030000.WAV,Telephone Field,recover-20221013,001,1795
1643.4685,1643.4803,22890,27955,Nyctalus leisleri,0.013,0.025,-1,Echolocation,/mnt/ubna_data_02_mir/recover-20221013/UBNA_001/20221012_030000.WAV,Telephone Field,recover-20221013,001,1795
1643.4855,1643.5236,68437,81985,Rhinolophus ferrumequinum,0.031,0.031,-1,Echolocation,/mnt/ubna_data_02_mir/recover-20221013/UBNA_001/20221012_030000.WAV,Telephone Field,recover-20221013,001,1795
1643.5205,1643.5306,22031,27735,Nyctalus leisleri,0.011,0.029,-1,Echolocation,/mnt/ubna_data_02_mir/recover-20221013/UBNA_001/20221012_030000.WAV,Telephone Field,recover-20221013,001,1795
1643.5385,1643.579,68437,82585,Rhinolophus ferrumequinum,0.023,0.023,-1,Echolocation,/mnt/ubna_data_02_mir/recover-20221013/UBNA_001/20221012_030000.WAV,Telephone Field,recover-20221013,001,1795
1643.5485,1643.5567,25468,34141,Eptesicus serotinus,0.006,0.021,-1,Echolocation,/mnt/ubna_data_02_mir/recover-20221013/UBNA_001/20221012_030000.WAV,Telephone Field,recover-20221013,001,1795
1643.5665,1643.6046,68437,81722,Rhinolophus ferrumequinum,0.022,0.023,-1,Echolocation,/mnt/ubna_data_02_mir/recover-20221013/UBNA_001/20221012_030000.WAV,Telephone Field,recover-20221013,001,1795
1643.5985,1643.6195,19453,21701,Nyctalus leisleri,0.016,0.034,-1,Echolocation,/mnt/ubna_data_02_mir/recover-20221013/UBNA_001/20221012_030000.WAV,Telephone Field,recover-20221013,001,1795
1643.6135,1643.6541,68437,83153,Rhinolophus ferrumequinum,0.028,0.028,-1,Echolocation,/mnt/ubna_data_02_mir/recover-20221013/UBNA_001/20221012_030000.WAV,Telephone Field,recover-20221013,001,1795
1643.6495,1643.6864,68437,81893,Rhinolophus ferrumequinum,0.023,0.023,-1,Echolocation,/mnt/ubna_data_02_mir/recover-20221013/UBNA_001/20221012_030000.WAV,Telephone Field,recover-20221013,001,1795
1643.7125,1643.7503,68437,82078,Rhinolophus ferrumequinum,0.022,0.022,-1,Echolocation,/mnt/ubna_data_02_mir/recover-20221013/UBNA_001/20221012_030000.WAV,Telephone Field,recover-20221013,001,1795
1643.7135,1643.7188,37500,53676,Myotis daubentonii,0.008,0.021,-1,Echolocation,/mnt/ubna_data_02_mir/recover-20221013/UBNA_001/20221012_030000.WAV,Telephone Field,recover-20221013,001,1795
1643.7335,1643.7438,28906,36683,Eptesicus serotinus,0.01,0.023,-1,Echolocation,/mnt/ubna_data_02_mir/recover-20221013/UBNA_001/20221012_030000.WAV,Telephone Field,recover-20221013,001,1795
1643.7635,1643.805,68437,82732,Rhinolophus ferrumequinum,0.033,0.033,-1,Echolocation,/mnt/ubna_data_02_mir/recover-20221013/UBNA_001/20221012_030000.WAV,Telephone Field,recover-20221013,001,1795
1643.7945,1643.8352,68437,83068,Rhinolophus ferrumequinum,0.027,0.027,-1,Echolocation,/mnt/ubna_data_02_mir/recover-20221013/UBNA_001/20221012_030000.WAV,Telephone Field,recover-20221013,001,1795
1643.7965,1643.8062,24609,31611,Eptesicus serotinus,0.008,0.024,-1,Echolocation,/mnt/ubna_data_02_mir/recover-20221013/UBNA_001/20221012_030000.WAV,Telephone Field,recover-20221013,001,1795
1643.8345,1643.8428,23750,31793,Plecotus austriacus,0.007,0.022,-1,Echolocation,/mnt/ubna_data_02_mir/recover-20221013/UBNA_001/20221012_030000.WAV,Telephone Field,recover-20221013,001,1795
1643.8835,1643.9005,20312,23984,Nyctalus leisleri,0.012,0.026,-1,Echolocation,/mnt/ubna_data_02_mir/recover-20221013/UBNA_001/20221012_030000.WAV,Telephone Field,recover-20221013,001,1795
1643.8855,1643.9304,68437,83303,Rhinolophus ferrumequinum,0.089,0.089,-1,Echolocation,/mnt/ubna_data_02_mir/recover-20221013/UBNA_001/20221012_030000.WAV,Telephone Field,recover-20221013,001,1795
1643.9255,1643.9653,68437,82793,Rhinolophus ferrumequinum,0.025,0.025,-1,Echolocation,/mnt/ubna_data_02_mir/recover-20221013/UBNA_001/20221012_030000.WAV,Telephone Field,recover-20221013,001,1795
1643.9275,1643.9371,23750,31595,Nyctalus leisleri,0.009,0.029,-1,Echolocation,/mnt/ubna_data_02_mir/recover-20221013/UBNA_001/20221012_030000.WAV,Telephone Field,recover-20221013,001,1795
1643.9435,1643.9794,68437,81292,Rhinolophus ferrumequinum,0.024,0.024,-1,Echolocation,/mnt/ubna_data_02_mir/recover-20221013/UBNA_001/20221012_030000.WAV,Telephone Field,recover-20221013,001,1795
1643.9475,1643.9605,50390,55996,Pipistrellus pipistrellus,0.02,0.026,-1,Echolocation,/mnt/ubna_data_02_mir/recover-20221013/UBNA_001/20221012_030000.WAV,Telephone Field,recover-20221013,001,1795
1643.9575,1643.9934,68437,82139,Rhinolophus ferrumequinum,0.021,0.021,-1,Echolocation,/mnt/ubna_data_02_mir/recover-20221013/UBNA_001/20221012_030000.WAV,Telephone Field,recover-20221013,001,1795
1643.9635,1643.9983,68437,82004,Rhinolophus ferrumequinum,0.022,0.022,-1,Echolocation,/mnt/ubna_data_02_mir/recover-20221013/UBNA_001/20221012_030000.WAV,Telephone Field,recover-20221013,001,1795
1643.9755,1643.9817,28906,39226,Eptesicus serotinus,0.005,0.021,-1,Echolocation,/mnt/ubna_data_02_mir/recover-20221013/UBNA_001/20221012_030000.WAV,Telephone Field,recover-20221013,001,1795
1644.0015,1644.0335,68437,80114,Rhinolophus ferrumequinum,0.042,0.042,-1,Echolocation,/mnt/ubna_data_02_mir/recover-20221013/UBNA_001/20221012_030000.WAV,Telephone Field,recover-20221013,001,1795
1644.0015,1644.0173,20312,25075,Nyctalus leisleri,0.016,0.038,-1,Echolocation,/mnt/ubna_data_02_mir/recover-20221013/UBNA_001/20221012_030000.WAV,Telephone Field,recover-20221013,001,1795
1644.0085,1644.0501,68437,82354,Rhinolophus ferrumequinum,0.02,0.02,-1,Echolocation,/mnt/ubna_data_02_mir/recover-20221013/UBNA_001/20221012_030000.WAV,Telephone Field,recover-20221013,001,1795
1644.0115,1644.0261,21171,24379,Nyctalus leisleri,0.014,0.022,-1,Echolocation,/mnt/ubna_data_02_mir/recover-20221013/UBNA_001/20221012_030000.WAV,Telephone Field,recover-20221013,001,1795
1644.0205,1644.0295,28906,39248,Eptesicus serotinus,0.008,0.022,-1,Echolocation,/mnt/ubna_data_02_mir/recover-20221013/UBNA_001/20221012_030000.WAV,Telephone Field,recover-20221013,001,1795
1644.0395,1644.049,24609,31884,Eptesicus serotinus,0.007,0.024,-1,Echolocation,/mnt/ubna_data_02_mir/recover-20221013/UBNA_001/20221012_030000.WAV,Telephone Field,recover-20221013,001,1795
1644.0735,1644.1127,68437,82307,Rhinolophus ferrumequinum,0.021,0.021,-1,Echolocation,/mnt/ubna_data_02_mir/recover-20221013/UBNA_001/20221012_030000.WAV,Telephone Field,recover-20221013,001,1795
1644.0805,1644.12,68437,82439,Rhinolophus ferrumequinum,0.022,0.022,-1,Echolocation,/mnt/ubna_data_02_mir/recover-20221013/UBNA_001/20221012_030000.WAV,Telephone Field,recover-20221013,001,1795
1644.0815,1644.0915,44375,53774,Pipistrellus pipistrellus,0.016,0.023,-1,Echolocation,/mnt/ubna_data_02_mir/recover-20221013/UBNA_001/20221012_030000.WAV,Telephone Field,recover-20221013,001,1795
1644.1055,1644.1155,22890,28294,Nyctalus leisleri,0.009,0.022,-1,Echolocation,/mnt/ubna_data_02_mir/recover-20221013/UBNA_001/20221012_030000.WAV,Telephone Field,recover-20221013,001,1795
1644.1075,1644.1466,68437,82056,Rhinolophus ferrumequinum,0.022,0.022,-1,Echolocation,/mnt/ubna_data_02_mir/recover-20221013/UBNA_001/20221012_030000.WAV,Telephone Field,recover-20221013,001,1795
1644.1295,1644.1698,68437,82713,Rhinolophus ferrumequinum,0.023,0.023,-1,Echolocation,/mnt/ubna_data_02_mir/recover-20221013/UBNA_001/20221012_030000.WAV,Telephone Field,recover-20221013,001,1795
1644.1905,1644.227,68437,81767,Rhinolophus ferrumequinum,0.022,0.022,-1,Echolocation,/mnt/ubna_data_02_mir/recover-20221013/UBNA_001/20221012_030000.WAV,Telephone Field,recover-20221013,001,1795
1644.2305,1644.2696,68437,82646,Rhinolophus ferrumequinum,0.026,0.026,-1,Echolocation,/mnt/ubna_data_02_mir/recover-20221013/UBNA_001/20221012_030000.WAV,Telephone Field,recover-20221013,001,1795
1644.2385,1644.2489,23750,30072,Nyctalus leisleri,0.009,0.023,-1,Echolocation,/mnt/ubna_data_02_mir/recover-20221013/UBNA_001/20221012_030000.WAV,Telephone Field,recover-20221013,001,1795
1644.2535,1644.2637,28906,36342,Eptesicus serotinus,0.01,0.023,-1,Echolocation,/mnt/ubna_data_02_mir/recover-20221013/UBNA_001/20221012_030000.WAV,Telephone Field,recover-20221013,001,1795
1644.2545,1644.2932,68437,82395,Rhinolophus ferrumequinum,0.022,0.022,-1,Echolocation,/mnt/ubna_data_02_mir/recover-20221013/UBNA_001/20221012_030000.WAV,Telephone Field,recover-20221013,001,1795
1644.2735,1644.2839,14296,19969,Nyctalus noctula,0.013,0.026,-1,Echolocation,/mnt/ubna_data_02_mir/recover-20221013/UBNA_001/20221012_030000.WAV,Telephone Field,recover-20221013,001,1795
1644.2785,1644.3175,68437,82515,Rhinolophus ferrumequinum,0.02,0.02,-1,Echolocation,/mnt/ubna_data_02_mir/recover-20221013/UBNA_001/20221012_030000.WAV,Telephone Field,recover-20221013,001,1795
1644.2975,1644.3348,68437,81874,Rhinolophus ferrumequinum,0.021,0.021,-1,Echolocation,/mnt/ubna_data_02_mir/recover-20221013/UBNA_001/20221012_030000.WAV,Telephone Field,recover-20221013,001,1795
1644.3275,1644.3361,28046,39458,Eptesicus serotinus,0.008,0.021,-1,Echolocation,/mnt/ubna_data_02_mir/recover-20221013/UBNA_001/20221012_030000.WAV,Telephone Field,recover-20221013,001,1795
1644.3605,1644.3996,68437,82024,Rhinolophus ferrumequinum,0.022,0.022,-1,Echolocation,/mnt/ubna_data_02_mir/recover-20221013/UBNA_001/20221012_030000.WAV,Telephone Field,recover-20221013,001,1795
1644.3875,1644.427,68437,82054,Rhinolophus ferrumequinum,0.024,0.024,-1,Echolocation,/mnt/ubna_data_02_mir/recover-20221013/UBNA_001/20221012_030000.WAV,Telephone Field,recover-20221013,001,1795
1644.4175,1644.4244,27187,37526,Eptesicus serotinus,0.008,0.023,-1,Echolocation,/mnt/ubna_data_02_mir/recover-20221013/UBNA_001/20221012_030000.WAV,Telephone Field,recover-20221013,001,1795
1644.4365,1644.4706,68437,81158,Rhinolophus ferrumequinum,0.021,0.021,-1,Echolocation,/mnt/ubna_data_02_mir/recover-20221013/UBNA_001/20221012_030000.WAV,Telephone Field,recover-20221013,001,1795
1644.4505,1644.4602,26328,33988,Eptesicus serotinus,0.009,0.021,-1,Echolocation,/mnt/ubna_data_02_mir/recover-20221013/UBNA_001/20221012_030000.WAV,Telephone Field,recover-20221013,001,1795
1644.4835,1644.5209,68437,81967,Rhinolophus ferrumequinum,0.023,0.023,-1,Echolocation,/mnt/ubna_data_02_mir/recover-20221013/UBNA_001/20221012_030000.WAV,Telephone Field,recover-20221013,001,1795
1644.5075,1644.5434,68437,81407,Rhinolophus ferrumequinum,0.02,0.02,-1,Echolocation,/mnt/ubna_data_02_mir/recover-20221013/UBNA_001/20221012_030000.WAV,Telephone Field,recover-20221013,001,1795
1644.5155,1644.5525,68437,81869,Rhinolophus ferrumequinum,0.021,0.021,-1,Echolocation,/mnt/ubna_data_02_mir/recover-20221013/UBNA_001/20221012_030000.WAV,Telephone Field,recover-20221013,001,1795
1644.5305,1644.5391,26328,35523,Eptesicus serotinus,0.009,0.021,-1,Echolocation,/mnt/ubna_data_02_mir/recover-20221013/UBNA_001/20221012_030000.WAV,Telephone Field,recover-20221013,001,1795
1644.5505,1644.5583,24609,33274,Plecotus austriacus,0.006,0.02,-1,Echolocation,/mnt/ubna_data_02_mir/recover-20221013/UBNA_001/20221012_030000.WAV,Telephone Field,recover-20221013,001,1795
1644.5675,1644.6046,68437,81760,Rhinolophus ferrumequinum,0.02,0.02,-1,Echolocation,/mnt/ubna_data_02_mir/recover-20221013/UBNA_001/20221012_030000.WAV,Telephone Field,recover-20221013,001,1795
1644.5765,1644.6143,68437,82060,Rhinolophus ferrumequinum,0.022,0.022,-1,Echolocation,/mnt/ubna_data_02_mir/recover-20221013/UBNA_001/20221012_030000.WAV,Telephone Field,recover-20221013,001,1795
1644.6475,1644.6919,68437,82926,Rhinolophus ferrumequinum,0.03,0.03,-1,Echolocation,/mnt/ubna_data_02_mir/recover-20221013/UBNA_001/20221012_030000.WAV,Telephone Field,recover-20221013,001,1795
1644.6595,1644.6662,24609,33566,Plecotus austriacus,0.009,0.023,-1,Echolocation,/mnt/ubna_data_02_mir/recover-20221013/UBNA_001/20221012_030000.WAV,Telephone Field,recover-20221013,001,1795
1644.6695,1644.7126,68437,82711,Rhinolophus ferrumequinum,0.023,0.023,-1,Echolocation,/mnt/ubna_data_02_mir/recover-20221013/UBNA_001/20221012_030000.WAV,Telephone Field,recover-20221013,001,1795
1644.7105,1644.7188,45234,50885,Pipistrellus pipistrellus,0.02,0.021,-1,Echolocation,/mnt/ubna_data_02_mir/recover-20221013/UBNA_001/20221012_030000.WAV,Telephone Field,recover-20221013,001,1795
1644.7445,1644.7828,68437,81850,Rhinolophus ferrumequinum,0.021,0.021,-1,Echolocation,/mnt/ubna_data_02_mir/recover-20221013/UBNA_001/20221012_030000.WAV,Telephone Field,recover-20221013,001,1795
1644.7855,1644.822,68437,82333,Rhinolophus ferrumequinum,0.021,0.021,-1,Echolocation,/mnt/ubna_data_02_mir/recover-20221013/UBNA_001/20221012_030000.WAV,Telephone Field,recover-20221013,001,1795
1644.8125,1644.8485,68437,81478,Rhinolophus ferrumequinum,0.032,0.032,-1,Echolocation,/mnt/ubna_data_02_mir/recover-20221013/UBNA_001/20221012_030000.WAV,Telephone Field,recover-20221013,001,1795
1644.8665,1644.9015,68437,80645,Rhinolophus ferrumequinum,0.021,0.021,-1,Echolocation,/mnt/ubna_data_02_mir/recover-20221013/UBNA_001/20221012_030000.WAV,Telephone Field,recover-20221013,001,1795
1644.8735,1644.9119,68437,81884,Rhinolophus ferrumequinum,0.022,0.023,-1,Echolocation,/mnt/ubna_data_02_mir/recover-20221013/UBNA_001/20221012_030000.WAV,Telephone Field,recover-20221013,001,1795
1644.8755,1644.8829,28046,38401,Eptesicus serotinus,0.014,0.034,-1,Echolocation,/mnt/ubna_data_02_mir/recover-20221013/UBNA_001/20221012_030000.WAV,Telephone Field,recover-20221013,001,1795
1644.9145,1644.9519,68437,82007,Rhinolophus ferrumequinum,0.02,0.021,-1,Echolocation,/mnt/ubna_data_02_mir/recover-20221013/UBNA_001/20221012_030000.WAV,Telephone Field,recover-20221013,001,1795
1644.9415,1644.9815,68437,81682,Rhinolophus ferrumequinum,0.02,0.02,-1,Echolocation,/mnt/ubna_data_02_mir/recover-20221013/UBNA_001/20221012_030000.WAV,Telephone Field,recover-20221013,001,1795
1644.9555,1644.9933,68437,81903,Rhinolophus ferrumequinum,0.021,0.021,-1,Echolocation,/mnt/ubna_data_02_mir/recover-20221013/UBNA_001/20221012_030000.WAV,Telephone Field,recover-20221013,001,1795
1644.9975,1645.0378,68437,82444,Rhinolophus ferrumequinum,0.025,0.025,-1,Echolocation,/mnt/ubna_data_02_mir/recover-20221013/UBNA_001/20221012_030000.WAV,Telephone Field,recover-20221013,001,1795
1645.0165,1645.0266,24609,31963,Nyctalus leisleri,0.009,0.027,-1,Echolocation,/mnt/ubna_data_02_mir/recover-20221013/UBNA_001/20221012_030000.WAV,Telephone Field,recover-20221013,001,1795
1645.0475,1645.0579,23750,29870,Nyctalus leisleri,0.009,0.023,-1,Echolocation,/mnt/ubna_data_02_mir/recover-20221013/UBNA_001/20221012_030000.WAV,Telephone Field,recover-20221013,001,1795
1645.0485,1645.0886,68437,82729,Rhinolophus ferrumequinum,0.028,0.029,-1,Echolocation,/mnt/ubna_data_02_mir/recover-20221013/UBNA_001/20221012_030000.WAV,Telephone Field,recover-20221013,001,1795
1645.0695,1645.1055,68437,81563,Rhinolophus ferrumequinum,0.02,0.02,-1,Echolocation,/mnt/ubna_data_02_mir/recover-20221013/UBNA_001/20221012_030000.WAV,Telephone Field,recover-20221013,001,1795
1645.1135,1645.1239,22890,29185,Nyctalus leisleri,0.008,0.021,-1,Echolocation,/mnt/ubna_data_02_mir/recover-20221013/UBNA_001/20221012_030000.WAV,Telephone Field,recover-20221013,001,1795
1645.1175,1645.1539,68437,81964,Rhinolophus ferrumequinum,0.02,0.02,-1,Echolocation,/mnt/ubna_data_02_mir/recover-20221013/UBNA_001/20221012_030000.WAV,Telephone Field,recover-20221013,001,1795
1645.1275,1645.1389,22890,27427,Nyctalus leisleri,0.01,0.02,-1,Echolocation,/mnt/ubna_data_02_mir/recover-20221013/UBNA_001/20221012_030000.WAV,Telephone Field,recover-20221013,001,1795
1645.1495,1645.183,68437,80742,Rhinolophus ferrumequinum,0.021,0.021,-1,Echolocation,/mnt/ubna_data_02_mir/recover-20221013/UBNA_001/20221012_030000.WAV,Telephone Field,recover-20221013,001,1795
1645.1745,1645.1859,22890,27262,Nyctalus leisleri,0.011,0.021,-1,Echolocation,/mnt/ubna_data_02_mir/recover-20221013/UBNA_001/20221012_030000.WAV,Telephone Field,recover-20221013,001,1795
1645.1965,1645.204,25468,33911,Plecotus austriacus,0.009,0.03,-1,Echolocation,/mnt/ubna_data_02_mir/recover-20221013/UBNA_001/20221012_030000.WAV,Telephone Field,recover-20221013,001,1795
1645.2015,1645.2411,68437,81823,Rhinolophus ferrumequinum,0.021,0.021,-1,Echolocation,/mnt/ubna_data_02_mir/recover-20221013/UBNA_001/20221012_030000.WAV,Telephone Field,recover-20221013,001,1795
1645.2195,1645.2597,68437,82693,Rhinolophus ferrumequinum,0.02,0.02,-1,Echolocation,/mnt/ubna_data_02_mir/recover-20221013/UBNA_001/20221012_030000.WAV,Telephone Field,recover-20221013,001,1795
1645.2445,1645.2848,68437,83131,Rhinolophus ferrumequinum,0.022,0.022,-1,Echolocation,/mnt/ubna_data_02_mir/recover-20221013/UBNA_001/20221012_030000.WAV,Telephone Field,recover-20221013,001,1795
1645.2905,1645.3301,68437,81711,Rhinolophus ferrumequinum,0.02,0.02,-1,Echolocation,/mnt/ubna_data_02_mir/recover-20221013/UBNA_001/20221012_030000.WAV,Telephone Field,recover-20221013,001,1795
1645.2955,1645.3067,22031,25805,Nyctalus leisleri,0.011,0.02,-1,Echolocation,/mnt/ubna_data_02_mir/recover-20221013/UBNA_001/20221012_030000.WAV,Telephone Field,recover-20221013,001,1795
1645.3075,1645.3477,68437,82282,Rhinolophus ferrumequinum,0.02,0.02,-1,Echolocation,/mnt/ubna_data_02_mir/recover-20221013/UBNA_001/20221012_030000.WAV,Telephone Field,recover-20221013,001,1795
1645.3235,1645.3351,58125,63285,Pipistrellus pygmaeus,0.04,0.04,-1,Echolocation,/mnt/ubna_data_02_mir/recover-20221013/UBNA_001/20221012_030000.WAV,Telephone Field,recover-20221013,001,1795
1645.3275,1645.366,68437,81643,Rhinolophus ferrumequinum,0.02,0.02,-1,Echolocation,/mnt/ubna_data_02_mir/recover-20221013/UBNA_001/20221012_030000.WAV,Telephone Field,recover-20221013,001,1795
1645.3425,1645.3507,25468,33769,Eptesicus serotinus,0.008,0.023,-1,Echolocation,/mnt/ubna_data_02_mir/recover-20221013/UBNA_001/20221012_030000.WAV,Telephone Field,recover-20221013,001,1795
1645.3545,1645.3879,68437,80108,Rhinolophus ferrumequinum,0.021,0.021,-1,Echolocation,/mnt/ubna_data_02_mir/recover-20221013/UBNA_001/20221012_030000.WAV,Telephone Field,recover-20221013,001,1795
1645.3975,1645.44,68437,83638,Rhinolophus ferrumequinum,0.03,0.03,-1,Echolocation,/mnt/ubna_data_02_mir/recover-20221013/UBNA_001/20221012_030000.WAV,Telephone Field,recover-20221013,001,1795
1645.4095,1645.4493,68437,82550,Rhinolophus ferrumequinum,0.025,0.025,-1,Echolocation,/mnt/ubna_data_02_mir/recover-20221013/UBNA_001/20221012_030000.WAV,Telephone Field,recover-20221013,001,1795
1645.4145,1645.4225,26328,39234,Eptesicus serotinus,0.006,0.02,-1,Echolocation,/mnt/ubna_data_02_mir/recover-20221013/UBNA_001/20221012_030000.WAV,Telephone Field,recover-20221013,001,1795
1645.4285,1645.4391,22890,27947,Nyctalus leisleri,0.014,0.028,-1,Echolocation,/mnt/ubna_data_02_mir/recover-20221013/UBNA_001/20221012_030000.WAV,Telephone Field,recover-20221013,001,1795
1645.4295,1645.4657,68437,81497,Rhinolophus ferrumequinum,0.022,0.022,-1,Echolocation,/mnt/ubna_data_02_mir/recover-20221013/UBNA_001/20221012_030000.WAV,Telephone Field,recover-20221013,001,1795
1645.5035,1645.5416,68437,81550,Rhinolophus ferrumequinum,0.023,0.023,-1,Echolocation,/mnt/ubna_data_02_mir/recover-20221013/UBNA_001/20221012_030000.WAV,Telephone Field,recover-20221013,001,1795
1645.5685,1645.6046,68437,81718,Rhinolophus ferrumequinum,0.02,0.021,-1,Echolocation,/mnt/ubna_data_02_mir/recover-20221013/UBNA_001/20221012_030000.WAV,Telephone Field,recover-20221013,001,1795
1645.5905,1645.6318,68437,82899,Rhinolophus ferrumequinum,0.025,0.025,-1,Echolocation,/mnt/ubna_data_02_mir/recover-20221013/UBNA_001/20221012_030000.WAV,Telephone Field,recover-20221013,001,1795
1645.5975,1645.6092,23750,29159,Nyctalus leisleri,0.012,0.032,-1,Echolocation,/mnt/ubna_data_02_mir/recover-20221013/UBNA_001/20221012_030000.WAV,Telephone Field,recover-20221013,001,1795
1645.6325,1645.6734,68437,82464,Rhinolophus ferrumequinum,0.032,0.032,-1,Echolocation,/mnt/ubna_data_02_mir/recover-20221013/UBNA_001/20221012_030000.WAV,Telephone Field,recover-20221013,001,1795
1645.6795,1645.7148,68437,80549,Rhinolophus ferrumequinum,0.02,0.021,-1,Echolocation,/mnt/ubna_data_02_mir/recover-20221013/UBNA_001/20221012_030000.WAV,Telephone Field,recover-20221013,001,1795
1645.6905,1645.6979,25468,34555,Plecotus austriacus,0.006,0.025,-1,Echolocation,/mnt/ubna_data_02_mir/recover-20221013/UBNA_001/20221012_030000.WAV,Telephone Field,recover-20221013,001,1795
1645.6975,1645.7314,68437,81007,Rhinolophus ferrumequinum,0.021,0.021,-1,Echolocation,/mnt/ubna_data_02_mir/recover-20221013/UBNA_001/20221012_030000.WAV,Telephone Field,recover-20221013,001,1795
1645.7035,1645.7105999999999,28046,38017,Eptesicus serotinus,0.006,0.021,-1,Echolocation,/mnt/ubna_data_02_mir/recover-20221013/UBNA_001/20221012_030000.WAV,Telephone Field,recover-20221013,001,1795
1645.7675,1645.8054,68437,82630,Rhinolophus ferrumequinum,0.022,0.022,-1,Echolocation,/mnt/ubna_data_02_mir/recover-20221013/UBNA_001/20221012_030000.WAV,Telephone Field,recover-20221013,001,1795
1645.7895,1645.824,68437,80597,Rhinolophus ferrumequinum,0.02,0.02,-1,Echolocation,/mnt/ubna_data_02_mir/recover-20221013/UBNA_001/20221012_030000.WAV,Telephone Field,recover-20221013,001,1795
1645.8025,1645.8118,23750,29909,Nyctalus leisleri,0.007,0.021,-1,Echolocation,/mnt/ubna_data_02_mir/recover-20221013/UBNA_001/20221012_030000.WAV,Telephone Field,recover-20221013,001,1795
1645.8125,1645.8507,68437,81965,Rhinolophus ferrumequinum,0.021,0.022,-1,Echolocation,/mnt/ubna_data_02_mir/recover-20221013/UBNA_001/20221012_030000.WAV,Telephone Field,recover-20221013,001,1795
1645.8215,1645.8597,68437,82147,Rhinolophus ferrumequinum,0.02,0.02,-1,Echolocation,/mnt/ubna_data_02_mir/recover-20221013/UBNA_001/20221012_030000.WAV,Telephone Field,recover-20221013,001,1795
1645.8455,1645.8831,68437,81792,Rhinolophus ferrumequinum,0.02,0.02,-1,Echolocation,/mnt/ubna_data_02_mir/recover-20221013/UBNA_001/20221012_030000.WAV,Telephone Field,recover-20221013,001,1795
1645.8475,1645.8568,28046,36335,Eptesicus serotinus,0.008,0.02,-1,Echolocation,/mnt/ubna_data_02_mir/recover-20221013/UBNA_001/20221012_030000.WAV,Telephone Field,recover-20221013,001,1795
1645.8845,1645.8938,28906,39198,Eptesicus serotinus,0.008,0.02,-1,Echolocation,/mnt/ubna_data_02_mir/recover-20221013/UBNA_001/20221012_030000.WAV,Telephone Field,recover-20221013,001,1795
1645.8985,1645.9352,68437,81799,Rhinolophus ferrumequinum,0.02,0.02,-1,Echolocation,/mnt/ubna_data_02_mir/recover-20221013/UBNA_001/20221012_030000.WAV,Telephone Field,recover-20221013,001,1795
1645.8985,1645.9086,22890,28460,Nyctalus leisleri,0.009,0.022,-1,Echolocation,/mnt/ubna_data_02_mir/recover-20221013/UBNA_001/20221012_030000.WAV,Telephone Field,recover-20221013,001,1795
1645.9115,1645.92,46953,50256,Pipistrellus pipistrellus,0.024,0.025,-1,Echolocation,/mnt/ubna_data_02_mir/recover-20221013/UBNA_001/20221012_030000.WAV,Telephone Field,recover-20221013,001,1795
1645.9705,1645.9852,15156,19835,Nyctalus noctula,0.019,0.028,-1,Echolocation,/mnt/ubna_data_02_mir/recover-20221013/UBNA_001/20221012_030000.WAV,Telephone Field,recover-20221013,001,1795
1645.9815,1645.9905,25468,33523,Nyctalus leisleri,0.007,0.024,-1,Echolocation,/mnt/ubna_data_02_mir/recover-20221013/UBNA_001/20221012_030000.WAV,Telephone Field,recover-20221013,001,1795
1646.0015,1646.0091,23750,33906,Plecotus austriacus,0.008,0.029,-1,Echolocation,/mnt/ubna_data_02_mir/recover-20221013/UBNA_001/20221012_030000.WAV,Telephone Field,recover-20221013,001,1795
1646.0015,1646.0366,68437,79994,Rhinolophus ferrumequinum,0.036,0.036,-1,Echolocation,/mnt/ubna_data_02_mir/recover-20221013/UBNA_001/20221012_030000.WAV,Telephone Field,recover-20221013,001,1795
1646.0015,1646.0123,46953,51230,Pipistrellus pipistrellus,0.019,0.025,-1,Echolocation,/mnt/ubna_data_02_mir/recover-20221013/UBNA_001/20221012_030000.WAV,Telephone Field,recover-20221013,001,1795
1646.0085,1646.0516,68437,82428,Rhinolophus ferrumequinum,0.022,0.022,-1,Echolocation,/mnt/ubna_data_02_mir/recover-20221013/UBNA_001/20221012_030000.WAV,Telephone Field,recover-20221013,001,1795
1646.0395,1646.0784,68437,81459,Rhinolophus ferrumequinum,0.034,0.034,-1,Echolocation,/mnt/ubna_data_02_mir/recover-20221013/UBNA_001/20221012_030000.WAV,Telephone Field,recover-20221013,001,1795
1646.0665,1646.1078,68437,82395,Rhinolophus ferrumequinum,0.021,0.021,-1,Echolocation,/mnt/ubna_data_02_mir/recover-20221013/UBNA_001/20221012_030000.WAV,Telephone Field,recover-20221013,001,1795
1646.0855,1646.1224,68437,81746,Rhinolophus ferrumequinum,0.025,0.025,-1,Echolocation,/mnt/ubna_data_02_mir/recover-20221013/UBNA_001/20221012_030000.WAV,Telephone Field,recover-20221013,001,1795
1646.0925,1646.1039,23750,29108,Nyctalus leisleri,0.011,0.024,-1,Echolocation,/mnt/ubna_data_02_mir/recover-20221013/UBNA_001/20221012_030000.WAV,Telephone Field,recover-20221013,001,1795
1646.1025,1646.1405,68437,82426,Rhinolophus ferrumequinum,0.021,0.022,-1,Echolocation,/mnt/ubna_data_02_mir/recover-20221013/UBNA_001/20221012_030000.WAV,Telephone Field,recover-20221013,001,1795
1646.1085,1646.1480999999999,68437,81717,Rhinolophus ferrumequinum,0.021,0.021,-1,Echolocation,/mnt/ubna_data_02_mir/recover-20221013/UBNA_001/20221012_030000.WAV,Telephone Field,recover-20221013,001,1795
1646.1235,1646.1609,68437,81984,Rhinolophus ferrumequinum,0.026,0.026,-1,Echolocation,/mnt/ubna_data_02_mir/recover-20221013/UBNA_001/20221012_030000.WAV,Telephone Field,recover-20221013,001,1795
1646.1545,1646.1891,68437,80857,Rhinolophus ferrumequinum,0.021,0.022,-1,Echolocation,/mnt/ubna_data_02_mir/recover-20221013/UBNA_001/20221012_030000.WAV,Telephone Field,recover-20221013,001,1795
1646.1555,1646.1639,28046,38605,Eptesicus serotinus,0.008,0.021,-1,Echolocation,/mnt/ubna_data_02_mir/recover-20221013/UBNA_001/20221012_030000.WAV,Telephone Field,recover-20221013,001,1795
1646.1655,1646.2056,68437,82210,Rhinolophus ferrumequinum,0.024,0.024,-1,Echolocation,/mnt/ubna_data_02_mir/recover-20221013/UBNA_001/20221012_030000.WAV,Telephone Field,recover-20221013,001,1795
1646.1695,1646.1788,28906,38540,Eptesicus serotinus,0.008,0.021,-1,Echolocation,/mnt/ubna_data_02_mir/recover-20221013/UBNA_001/20221012_030000.WAV,Telephone Field,recover-20221013,001,1795
1646.1845,1646.1944,28046,36408,Eptesicus serotinus,0.009,0.021,-1,Echolocation,/mnt/ubna_data_02_mir/recover-20221013/UBNA_001/20221012_030000.WAV,Telephone Field,recover-20221013,001,1795
1646.2375,1646.2742,68437,81426,Rhinolophus ferrumequinum,0.021,0.021,-1,Echolocation,/mnt/ubna_data_02_mir/recover-20221013/UBNA_001/20221012_030000.WAV,Telephone Field,recover-20221013,001,1795
1646.2445,1646.2636,20312,23106,Nyctalus leisleri,0.014,0.024,-1,Echolocation,/mnt/ubna_data_02_mir/recover-20221013/UBNA_001/20221012_030000.WAV,Telephone Field,recover-20221013,001,1795
1646.2515,1646.2623,22031,26735,Nyctalus leisleri,0.011,0.021,-1,Echolocation,/mnt/ubna_data_02_mir/recover-20221013/UBNA_001/20221012_030000.WAV,Telephone Field,recover-20221013,001,1795
1646.2775,1646.3188,68437,83389,Rhinolophus ferrumequinum,0.03,0.03,-1,Echolocation,/mnt/ubna_data_02_mir/recover-20221013/UBNA_001/20221012_030000.WAV,Telephone Field,recover-20221013,001,1795
1646.3405,1646.3542,22031,25932,Nyctalus leisleri,0.014,0.024,-1,Echolocation,/mnt/ubna_data_02_mir/recover-20221013/UBNA_001/20221012_030000.WAV,Telephone Field,recover-20221013,001,1795
1646.3435,1646.3821,68437,82009,Rhinolophus ferrumequinum,0.02,0.02,-1,Echolocation,/mnt/ubna_data_02_mir/recover-20221013/UBNA_001/20221012_030000.WAV,Telephone Field,recover-20221013,001,1795
1646.3525,1646.3896,68437,81869,Rhinolophus ferrumequinum,0.021,0.021,-1,Echolocation,/mnt/ubna_data_02_mir/recover-20221013/UBNA_001/20221012_030000.WAV,Telephone Field,recover-20221013,001,1795
1646.3525,1646.3678,23750,28577,Nyctalus leisleri,0.015,0.029,-1,Echolocation,/mnt/ubna_data_02_mir/recover-20221013/UBNA_001/20221012_030000.WAV,Telephone Field,recover-20221013,001,1795
1646.4425,1646.4812,68437,82234,Rhinolophus ferrumequinum,0.021,0.021,-1,Echolocation,/mnt/ubna_data_02_mir/recover-20221013/UBNA_001/20221012_030000.WAV,Telephone Field,recover-20221013,001,1795
1646.4695,1646.4763,27187,41601,Eptesicus serotinus,0.006,0.023,-1,Echolocation,/mnt/ubna_data_02_mir/recover-20221013/UBNA_001/20221012_030000.WAV,Telephone Field,recover-20221013,001,1795
1646.4855,1646.5259,68437,82536,Rhinolophus ferrumequinum,0.022,0.022,-1,Echolocation,/mnt/ubna_data_02_mir/recover-20221013/UBNA_001/20221012_030000.WAV,Telephone Field,recover-20221013,001,1795
1646.5035,1646.5126,24609,32687,Eptesicus serotinus,0.01,0.032,-1,Echolocation,/mnt/ubna_data_02_mir/recover-20221013/UBNA_001/20221012_030000.WAV,Telephone Field,recover-20221013,001,1795
1646.5315,1646.5399,26328,36921,Eptesicus serotinus,0.007,0.02,-1,Echolocation,/mnt/ubna_data_02_mir/recover-20221013/UBNA_001/20221012_030000.WAV,Telephone Field,recover-20221013,001,1795
1646.5545,1646.593,68437,81977,Rhinolophus ferrumequinum,0.021,0.021,-1,Echolocation,/mnt/ubna_data_02_mir/recover-20221013/UBNA_001/20221012_030000.WAV,Telephone Field,recover-20221013,001,1795
1646.5685,1646.6092,68437,82563,Rhinolophus ferrumequinum,0.028,0.028,-1,Echolocation,/mnt/ubna_data_02_mir/recover-20221013/UBNA_001/20221012_030000.WAV,Telephone Field,recover-20221013,001,1795
1646.5845,1646.5944,27187,35996,Eptesicus serotinus,0.009,0.021,-1,Echolocation,/mnt/ubna_data_02_mir/recover-20221013/UBNA_001/20221012_030000.WAV,Telephone Field,recover-20221013,001,1795
1646.6195,1646.6273,28906,37640,Eptesicus serotinus,0.008,0.025,-1,Echolocation,/mnt/ubna_data_02_mir/recover-20221013/UBNA_001/20221012_030000.WAV,Telephone Field,recover-20221013,001,1795
1646.6285,1646.6678,68437,82061,Rhinolophus ferrumequinum,0.021,0.021,-1,Echolocation,/mnt/ubna_data_02_mir/recover-20221013/UBNA_001/20221012_030000.WAV,Telephone Field,recover-20221013,001,1795
1646.6595,1646.6973,68437,82008,Rhinolophus ferrumequinum,0.021,0.021,-1,Echolocation,/mnt/ubna_data_02_mir/recover-20221013/UBNA_001/20221012_030000.WAV,Telephone Field,recover-20221013,001,1795
1646.6695,1646.6777,46093,54219,Pipistrellus pipistrellus,0.019,0.022,-1,Echolocation,/mnt/ubna_data_02_mir/recover-20221013/UBNA_001/20221012_030000.WAV,Telephone Field,recover-20221013,001,1795
1646.6975,1646.7064,24609,33117,Eptesicus serotinus,0.007,0.021,-1,Echolocation,/mnt/ubna_data_02_mir/recover-20221013/UBNA_001/20221012_030000.WAV,Telephone Field,recover-20221013,001,1795
1646.7125,1646.7549,68437,82827,Rhinolophus ferrumequinum,0.037,0.037,-1,Echolocation,/mnt/ubna_data_02_mir/recover-20221013/UBNA_001/20221012_030000.WAV,Telephone Field,recover-20221013,001,1795
1646.7655,1646.8043,68437,82399,Rhinolophus ferrumequinum,0.023,0.023,-1,Echolocation,/mnt/ubna_data_02_mir/recover-20221013/UBNA_001/20221012_030000.WAV,Telephone Field,recover-20221013,001,1795
1646.8155,1646.8557,68437,82269,Rhinolophus ferrumequinum,0.021,0.021,-1,Echolocation,/mnt/ubna_data_02_mir/recover-20221013/UBNA_001/20221012_030000.WAV,Telephone Field,recover-20221013,001,1795
1646.8195,1646.827,28906,39773,Eptesicus serotinus,0.009,0.027,-1,Echolocation,/mnt/ubna_data_02_mir/recover-20221013/UBNA_001/20221012_030000.WAV,Telephone Field,recover-20221013,001,1795
1646.8205,1646.8298,22890,29455,Nyctalus leisleri,0.008,0.023,-1,Echolocation,/mnt/ubna_data_02_mir/recover-20221013/UBNA_001/20221012_030000.WAV,Telephone Field,recover-20221013,001,1795
1646.9325,1646.9408,28046,38111,Eptesicus serotinus,0.009,0.022,-1,Echolocation,/mnt/ubna_data_02_mir/recover-20221013/UBNA_001/20221012_030000.WAV,Telephone Field,recover-20221013,001,1795
1647.0135,1647.0591,68437,84049,Rhinolophus ferrumequinum,0.046,0.046,-1,Echolocation,/mnt/ubna_data_02_mir/recover-20221013/UBNA_001/20221012_030000.WAV,Telephone Field,recover-20221013,001,1795
1647.0455,1647.0528,28046,38995,Eptesicus serotinus,0.006,0.021,-1,Echolocation,/mnt/ubna_data_02_mir/recover-20221013/UBNA_001/20221012_030000.WAV,Telephone Field,recover-20221013,001,1795
1647.0635,1647.1023,68437,81971,Rhinolophus ferrumequinum,0.021,0.021,-1,Echolocation,/mnt/ubna_data_02_mir/recover-20221013/UBNA_001/20221012_030000.WAV,Telephone Field,recover-20221013,001,1795
1647.0705,1647.1104,68437,82559,Rhinolophus ferrumequinum,0.02,0.02,-1,Echolocation,/mnt/ubna_data_02_mir/recover-20221013/UBNA_001/20221012_030000.WAV,Telephone Field,recover-20221013,001,1795
1647.0905,1647.1009,22890,27368,Nyctalus leisleri,0.01,0.02,-1,Echolocation,/mnt/ubna_data_02_mir/recover-20221013/UBNA_001/20221012_030000.WAV,Telephone Field,recover-20221013,001,1795
1647.1235,1647.1338,22890,28075,Nyctalus leisleri,0.009,0.02,-1,Echolocation,/mnt/ubna_data_02_mir/recover-20221013/UBNA_001/20221012_030000.WAV,Telephone Field,recover-20221013,001,1795
1647.1445,1647.1524,28046,38180,Eptesicus serotinus,0.007,0.021,-1,Echolocation,/mnt/ubna_data_02_mir/recover-20221013/UBNA_001/20221012_030000.WAV,Telephone Field,recover-20221013,001,1795
1647.1445,1647.1579,43515,45964,Pipistrellus pipistrellus,0.048,0.053,-1,Echolocation,/mnt/ubna_data_02_mir/recover-20221013/UBNA_001/20221012_030000.WAV,Telephone Field,recover-20221013,001,1795
1647.1565,1647.1948,68437,82054,Rhinolophus ferrumequinum,0.022,0.022,-1,Echolocation,/mnt/ubna_data_02_mir/recover-20221013/UBNA_001/20221012_030000.WAV,Telephone Field,recover-20221013,001,1795
1647.1835,1647.2229,68437,82292,Rhinolophus ferrumequinum,0.021,0.021,-1,Echolocation,/mnt/ubna_data_02_mir/recover-20221013/UBNA_001/20221012_030000.WAV,Telephone Field,recover-20221013,001,1795
1647.2205,1647.261,68437,82953,Rhinolophus ferrumequinum,0.026,0.026,-1,Echolocation,/mnt/ubna_data_02_mir/recover-20221013/UBNA_001/20221012_030000.WAV,Telephone Field,recover-20221013,001,1795
1647.2575,1647.2673,25468,32435,Eptesicus serotinus,0.009,0.025,-1,Echolocation,/mnt/ubna_data_02_mir/recover-20221013/UBNA_001/20221012_030000.WAV,Telephone Field,recover-20221013,001,1795
1647.2695,1647.3065,68437,82199,Rhinolophus ferrumequinum,0.027,0.027,-1,Echolocation,/mnt/ubna_data_02_mir/recover-20221013/UBNA_001/20221012_030000.WAV,Telephone Field,recover-20221013,001,1795
1647.2925,1647.3056,22890,27759,Nyctalus leisleri,0.012,0.024,-1,Echolocation,/mnt/ubna_data_02_mir/recover-20221013/UBNA_001/20221012_030000.WAV,Telephone Field,recover-20221013,001,1795
1647.3225,1647.3606,68437,81402,Rhinolophus ferrumequinum,0.024,0.024,-1,Echolocation,/mnt/ubna_data_02_mir/recover-20221013/UBNA_001/20221012_030000.WAV,Telephone Field,recover-20221013,001,1795
1647.3465,1647.3848,68437,81204,Rhinolophus ferrumequinum,0.021,0.021,-1,Echolocation,/mnt/ubna_data_02_mir/recover-20221013/UBNA_001/20221012_030000.WAV,Telephone Field,recover-20221013,001,1795
1647.3545,1647.3657,27187,35778,Eptesicus serotinus,0.011,0.025,-1,Echolocation,/mnt/ubna_data_02_mir/recover-20221013/UBNA_001/20221012_030000.WAV,Telephone Field,recover-20221013,001,1795
1647.3775,1647.4138,68437,81530,Rhinolophus ferrumequinum,0.022,0.022,-1,Echolocation,/mnt/ubna_data_02_mir/recover-20221013/UBNA_001/20221012_030000.WAV,Telephone Field,recover-20221013,001,1795
1647.4075,1647.4189,24609,31386,Nyctalus leisleri,0.019,0.05,-1,Echolocation,/mnt/ubna_data_02_mir/recover-20221013/UBNA_001/20221012_030000.WAV,Telephone Field,recover-20221013,001,1795
1647.4465,1647.4553,24609,31892,Eptesicus serotinus,0.007,0.021,-1,Echolocation,/mnt/ubna_data_02_mir/recover-20221013/UBNA_001/20221012_030000.WAV,Telephone Field,recover-20221013,001,1795
1647.4635,1647.5011,68437,81440,Rhinolophus ferrumequinum,0.025,0.025,-1,Echolocation,/mnt/ubna_data_02_mir/recover-20221013/UBNA_001/20221012_030000.WAV,Telephone Field,recover-20221013,001,1795
1647.4705,1647.4814,23750,29947,Nyctalus leisleri,0.013,0.031,-1,Echolocation,/mnt/ubna_data_02_mir/recover-20221013/UBNA_001/20221012_030000.WAV,Telephone Field,recover-20221013,001,1795
1647.4855,1647.5251,68437,82313,Rhinolophus ferrumequinum,0.028,0.028,-1,Echolocation,/mnt/ubna_data_02_mir/recover-20221013/UBNA_001/20221012_030000.WAV,Telephone Field,recover-20221013,001,1795
1647.4965,1647.5039,23750,32075,Plecotus austriacus,0.01,0.022,-1,Echolocation,/mnt/ubna_data_02_mir/recover-20221013/UBNA_001/20221012_030000.WAV,Telephone Field,recover-20221013,001,1795
1647.5125,1647.5235,22890,27732,Nyctalus leisleri,0.011,0.021,-1,Echolocation,/mnt/ubna_data_02_mir/recover-20221013/UBNA_001/20221012_030000.WAV,Telephone Field,recover-20221013,001,1795
1647.5255,1647.5645,68437,82463,Rhinolophus ferrumequinum,0.021,0.021,-1,Echolocation,/mnt/ubna_data_02_mir/recover-20221013/UBNA_001/20221012_030000.WAV,Telephone Field,recover-20221013,001,1795
1647.5625,1647.57,28046,39717,Eptesicus serotinus,0.006,0.02,-1,Echolocation,/mnt/ubna_data_02_mir/recover-20221013/UBNA_001/20221012_030000.WAV,Telephone Field,recover-20221013,001,1795
1647.5635,1647.599,68437,81727,Rhinolophus ferrumequinum,0.02,0.021,-1,Echolocation,/mnt/ubna_data_02_mir/recover-20221013/UBNA_001/20221012_030000.WAV,Telephone Field,recover-20221013,001,1795
1647.5705,1647.5774,46093,51278,Pipistrellus pipistrellus,0.019,0.022,-1,Echolocation,/mnt/ubna_data_02_mir/recover-20221013/UBNA_001/20221012_030000.WAV,Telephone Field,recover-20221013,001,1795
1647.5965,1647.6039,46093,53735,Pipistrellus pipistrellus,0.021,0.022,-1,Echolocation,/mnt/ubna_data_02_mir/recover-20221013/UBNA_001/20221012_030000.WAV,Telephone Field,recover-20221013,001,1795
1647.6105,1647.6473,68437,82179,Rhinolophus ferrumequinum,0.021,0.021,-1,Echolocation,/mnt/ubna_data_02_mir/recover-20221013/UBNA_001/20221012_030000.WAV,Telephone Field,recover-20221013,001,1795
1647.6235,1647.6314,26328,36018,Eptesicus serotinus,0.008,0.024,-1,Echolocation,/mnt/ubna_data_02_mir/recover-20221013/UBNA_001/20221012_030000.WAV,Telephone Field,recover-20221013,001,1795
1647.6385,1647.6479,28046,37878,Eptesicus serotinus,0.011,0.027,-1,Echolocation,/mnt/ubna_data_02_mir/recover-20221013/UBNA_001/20221012_030000.WAV,Telephone Field,recover-20221013,001,1795
1647.6485,1647.6602,28906,34328,Eptesicus serotinus,0.011,0.027,-1,Echolocation,/mnt/ubna_data_02_mir/recover-20221013/UBNA_001/20221012_030000.WAV,Telephone Field,recover-20221013,001,1795
1647.6815,1647.6894,28046,42024,Eptesicus serotinus,0.008,0.024,-1,Echolocation,/mnt/ubna_data_02_mir/recover-20221013/UBNA_001/20221012_030000.WAV,Telephone Field,recover-20221013,001,1795
1647.7055,1647.7444,68437,82109,Rhinolophus ferrumequinum,0.022,0.022,-1,Echolocation,/mnt/ubna_data_02_mir/recover-20221013/UBNA_001/20221012_030000.WAV,Telephone Field,recover-20221013,001,1795
1647.7325,1647.7730999999999,68437,82411,Rhinolophus ferrumequinum,0.02,0.02,-1,Echolocation,/mnt/ubna_data_02_mir/recover-20221013/UBNA_001/20221012_030000.WAV,Telephone Field,recover-20221013,001,1795
1647.7395,1647.7519,22890,27815,Nyctalus leisleri,0.013,0.026,-1,Echolocation,/mnt/ubna_data_02_mir/recover-20221013/UBNA_001/20221012_030000.WAV,Telephone Field,recover-20221013,001,1795
1647.7865,1647.8256,68437,83053,Rhinolophus ferrumequinum,0.022,0.022,-1,Echolocation,/mnt/ubna_data_02_mir/recover-20221013/UBNA_001/20221012_030000.WAV,Telephone Field,recover-20221013,001,1795
1647.7965,1647.8343,68437,82375,Rhinolophus ferrumequinum,0.02,0.02,-1,Echolocation,/mnt/ubna_data_02_mir/recover-20221013/UBNA_001/20221012_030000.WAV,Telephone Field,recover-20221013,001,1795
1647.8565,1647.9003,68437,82541,Rhinolophus ferrumequinum,0.028,0.028,-1,Echolocation,/mnt/ubna_data_02_mir/recover-20221013/UBNA_001/20221012_030000.WAV,Telephone Field,recover-20221013,001,1795
1647.9235,1647.9588,68437,81157,Rhinolophus ferrumequinum,0.02,0.021,-1,Echolocation,/mnt/ubna_data_02_mir/recover-20221013/UBNA_001/20221012_030000.WAV,Telephone Field,recover-20221013,001,1795
1647.9445,1647.9559,45234,48479,Pipistrellus pipistrellus,0.034,0.039,-1,Echolocation,/mnt/ubna_data_02_mir/recover-20221013/UBNA_001/20221012_030000.WAV,Telephone Field,recover-20221013,001,1795
1647.9475,1647.9546,23750,32843,Plecotus austriacus,0.009,0.022,-1,Echolocation,/mnt/ubna_data_02_mir/recover-20221013/UBNA_001/20221012_030000.WAV,Telephone Field,recover-20221013,001,1795
1647.9595,1647.9997,68437,82214,Rhinolophus ferrumequinum,0.023,0.023,-1,Echolocation,/mnt/ubna_data_02_mir/recover-20221013/UBNA_001/20221012_030000.WAV,Telephone Field,recover-20221013,001,1795
1648.0015,1648.0357,68437,79508,Rhinolophus ferrumequinum,0.034,0.035,-1,Echolocation,/mnt/ubna_data_02_mir/recover-20221013/UBNA_001/20221012_030000.WAV,Telephone Field,recover-20221013,001,1795
1648.0015,1648.0122,22031,28253,Nyctalus leisleri,0.018,0.041,-1,Echolocation,/mnt/ubna_data_02_mir/recover-20221013/UBNA_001/20221012_030000.WAV,Telephone Field,recover-20221013,001,1795
1648.0015,1648.0086000000001,46953,55181,Pipistrellus pipistrellus,0.016,0.023,-1,Echolocation,/mnt/ubna_data_02_mir/recover-20221013/UBNA_001/20221012_030000.WAV,Telephone Field,recover-20221013,001,1795
1648.0085,1648.049,68437,81051,Rhinolophus ferrumequinum,0.027,0.027,-1,Echolocation,/mnt/ubna_data_02_mir/recover-20221013/UBNA_001/20221012_030000.WAV,Telephone Field,recover-20221013,001,1795
1648.0095,1648.0183,27187,39888,Eptesicus serotinus,0.01,0.025,-1,Echolocation,/mnt/ubna_data_02_mir/recover-20221013/UBNA_001/20221012_030000.WAV,Telephone Field,recover-20221013,001,1795
1648.1255,1648.1367,43515,47842,Pipistrellus pipistrellus,0.021,0.028,-1,Echolocation,/mnt/ubna_data_02_mir/recover-20221013/UBNA_001/20221012_030000.WAV,Telephone Field,recover-20221013,001,1795
1648.1265,1648.1664,68437,82356,Rhinolophus ferrumequinum,0.027,0.027,-1,Echolocation,/mnt/ubna_data_02_mir/recover-20221013/UBNA_001/20221012_030000.WAV,Telephone Field,recover-20221013,001,1795
1648.1475,1648.1837,68437,81463,Rhinolophus ferrumequinum,0.023,0.023,-1,Echolocation,/mnt/ubna_data_02_mir/recover-20221013/UBNA_001/20221012_030000.WAV,Telephone Field,recover-20221013,001,1795
1648.1795,1648.1874,28046,40051,Eptesicus serotinus,0.008,0.023,-1,Echolocation,/mnt/ubna_data_02_mir/recover-20221013/UBNA_001/20221012_030000.WAV,Telephone Field,recover-20221013,001,1795
1648.1865,1648.2252,68437,82462,Rhinolophus ferrumequinum,0.021,0.021,-1,Echolocation,/mnt/ubna_data_02_mir/recover-20221013/UBNA_001/20221012_030000.WAV,Telephone Field,recover-20221013,001,1795
1648.1985,1648.2058,25468,34521,Eptesicus serotinus,0.007,0.024,-1,Echolocation,/mnt/ubna_data_02_mir/recover-20221013/UBNA_001/20221012_030000.WAV,Telephone Field,recover-20221013,001,1795
1648.2085,1648.2505,68437,83231,Rhinolophus ferrumequinum,0.031,0.031,-1,Echolocation,/mnt/ubna_data_02_mir/recover-20221013/UBNA_001/20221012_030000.WAV,Telephone Field,recover-20221013,001,1795
1648.2375,1648.2772,68437,82108,Rhinolophus ferrumequinum,0.021,0.021,-1,Echolocation,/mnt/ubna_data_02_mir/recover-20221013/UBNA_001/20221012_030000.WAV,Telephone Field,recover-20221013,001,1795
1648.2665,1648.2759,27187,36563,Eptesicus serotinus,0.009,0.022,-1,Echolocation,/mnt/ubna_data_02_mir/recover-20221013/UBNA_001/20221012_030000.WAV,Telephone Field,recover-20221013,001,1795
1648.2695,1648.3065,68437,81806,Rhinolophus ferrumequinum,0.021,0.021,-1,Echolocation,/mnt/ubna_data_02_mir/recover-20221013/UBNA_001/20221012_030000.WAV,Telephone Field,recover-20221013,001,1795
1648.2885,1648.2992,23750,29011,Nyctalus leisleri,0.011,0.024,-1,Echolocation,/mnt/ubna_data_02_mir/recover-20221013/UBNA_001/20221012_030000.WAV,Telephone Field,recover-20221013,001,1795
1648.2985,1648.3396,68437,82912,Rhinolophus ferrumequinum,0.025,0.025,-1,Echolocation,/mnt/ubna_data_02_mir/recover-20221013/UBNA_001/20221012_030000.WAV,Telephone Field,recover-20221013,001,1795
1648.3055,1648.3468,68437,82995,Rhinolophus ferrumequinum,0.023,0.023,-1,Echolocation,/mnt/ubna_data_02_mir/recover-20221013/UBNA_001/20221012_030000.WAV,Telephone Field,recover-20221013,001,1795
1648.3905,1648.4284,68437,81990,Rhinolophus ferrumequinum,0.022,0.022,-1,Echolocation,/mnt/ubna_data_02_mir/recover-20221013/UBNA_001/20221012_030000.WAV,Telephone Field,recover-20221013,001,1795
1648.4255,1648.4363,23750,29172,Nyctalus leisleri,0.01,0.023,-1,Echolocation,/mnt/ubna_data_02_mir/recover-20221013/UBNA_001/20221012_030000.WAV,Telephone Field,recover-20221013,001,1795
1648.4345,1648.4418,25468,38615,Myotis nattereri,0.006,0.023,-1,Echolocation,/mnt/ubna_data_02_mir/recover-20221013/UBNA_001/20221012_030000.WAV,Telephone Field,recover-20221013,001,1795
1648.4355,1648.4404,35781,47961,Myotis daubentonii,0.01,0.024,-1,Echolocation,/mnt/ubna_data_02_mir/recover-20221013/UBNA_001/20221012_030000.WAV,Telephone Field,recover-20221013,001,1795
1648.4665,1648.4782,30625,38476,Eptesicus serotinus,0.025,0.045,-1,Echolocation,/mnt/ubna_data_02_mir/recover-20221013/UBNA_001/20221012_030000.WAV,Telephone Field,recover-20221013,001,1795
1648.4865,1648.5221,68437,81694,Rhinolophus ferrumequinum,0.024,0.024,-1,Echolocation,/mnt/ubna_data_02_mir/recover-20221013/UBNA_001/20221012_030000.WAV,Telephone Field,recover-20221013,001,1795
1648.5055,1648.5118,27187,39462,Eptesicus serotinus,0.006,0.027,-1,Echolocation,/mnt/ubna_data_02_mir/recover-20221013/UBNA_001/20221012_030000.WAV,Telephone Field,recover-20221013,001,1795
1648.5115,1648.5498,68437,81734,Rhinolophus ferrumequinum,0.022,0.022,-1,Echolocation,/mnt/ubna_data_02_mir/recover-20221013/UBNA_001/20221012_030000.WAV,Telephone Field,recover-20221013,001,1795
1648.5305,1648.5403,28046,37768,Eptesicus serotinus,0.012,0.027,-1,Echolocation,/mnt/ubna_data_02_mir/recover-20221013/UBNA_001/20221012_030000.WAV,Telephone Field,recover-20221013,001,1795
1648.5885,1648.6273,68437,82294,Rhinolophus ferrumequinum,0.022,0.022,-1,Echolocation,/mnt/ubna_data_02_mir/recover-20221013/UBNA_001/20221012_030000.WAV,Telephone Field,recover-20221013,001,1795
1648.6175,1648.6543,68437,81444,Rhinolophus ferrumequinum,0.021,0.021,-1,Echolocation,/mnt/ubna_data_02_mir/recover-20221013/UBNA_001/20221012_030000.WAV,Telephone Field,recover-20221013,001,1795
1648.6295,1648.6382,28046,38531,Eptesicus serotinus,0.009,0.024,-1,Echolocation,/mnt/ubna_data_02_mir/recover-20221013/UBNA_001/20221012_030000.WAV,Telephone Field,recover-20221013,001,1795
1648.6295,1648.6667,68437,82158,Rhinolophus ferrumequinum,0.023,0.023,-1,Echolocation,/mnt/ubna_data_02_mir/recover-20221013/UBNA_001/20221012_030000.WAV,Telephone Field,recover-20221013,001,1795
1648.6595,1648.6898,68437,80831,Rhinolophus ferrumequinum,0.021,0.022,-1,Echolocation,/mnt/ubna_data_02_mir/recover-20221013/UBNA_001/20221012_030000.WAV,Telephone Field,recover-20221013,001,1795
1648.6725,1648.6838,25468,32235,Eptesicus serotinus,0.013,0.029,-1,Echolocation,/mnt/ubna_data_02_mir/recover-20221013/UBNA_001/20221012_030000.WAV,Telephone Field,recover-20221013,001,1795
1648.6875,1648.7243,68437,81726,Rhinolophus ferrumequinum,0.022,0.022,-1,Echolocation,/mnt/ubna_data_02_mir/recover-20221013/UBNA_001/20221012_030000.WAV,Telephone Field,recover-20221013,001,1795
1648.6885,1648.699,23750,30292,Nyctalus leisleri,0.008,0.023,-1,Echolocation,/mnt/ubna_data_02_mir/recover-20221013/UBNA_001/20221012_030000.WAV,Telephone Field,recover-20221013,001,1795
1648.7005,1648.7375,68437,81977,Rhinolophus ferrumequinum,0.027,0.027,-1,Echolocation,/mnt/ubna_data_02_mir/recover-20221013/UBNA_001/20221012_030000.WAV,Telephone Field,recover-20221013,001,1795
1648.7115,1648.75,68437,82550,Rhinolophus ferrumequinum,0.023,0.023,-1,Echolocation,/mnt/ubna_data_02_mir/recover-20221013/UBNA_001/20221012_030000.WAV,Telephone Field,recover-20221013,001,1795
1648.7645,1648.7752,23750,30214,Nyctalus leisleri,0.01,0.026,-1,Echolocation,/mnt/ubna_data_02_mir/recover-20221013/UBNA_001/20221012_030000.WAV,Telephone Field,recover-20221013,001,1795
1648.7765,1648.7849,57265,62432,Pipistrellus pygmaeus,0.029,0.029,-1,Echolocation,/mnt/ubna_data_02_mir/recover-20221013/UBNA_001/20221012_030000.WAV,Telephone Field,recover-20221013,001,1795
1648.8215,1648.8299,44375,55087,Pipistrellus pipistrellus,0.017,0.028,-1,Echolocation,/mnt/ubna_data_02_mir/recover-20221013/UBNA_001/20221012_030000.WAV,Telephone Field,recover-20221013,001,1795
1648.8225,1648.8635,68437,82446,Rhinolophus ferrumequinum,0.023,0.023,-1,Echolocation,/mnt/ubna_data_02_mir/recover-20221013/UBNA_001/20221012_030000.WAV,Telephone Field,recover-20221013,001,1795
1648.8535,1648.8904,68437,81583,Rhinolophus ferrumequinum,0.021,0.021,-1,Echolocation,/mnt/ubna_data_02_mir/recover-20221013/UBNA_001/20221012_030000.WAV,Telephone Field,recover-20221013,001,1795
1648.8825,1648.8906,30625,42939,Myotis daubentonii,0.007,0.023,-1,Echolocation,/mnt/ubna_data_02_mir/recover-20221013/UBNA_001/20221012_030000.WAV,Telephone Field,recover-20221013,001,1795
1648.9135,1648.9531,68437,82793,Rhinolophus ferrumequinum,0.025,0.025,-1,Echolocation,/mnt/ubna_data_02_mir/recover-20221013/UBNA_001/20221012_030000.WAV,Telephone Field,recover-20221013,001,1795
1648.9545,1648.9655,51250,55945,Pipistrellus pipistrellus,0.024,0.029,-1,Echolocation,/mnt/ubna_data_02_mir/recover-20221013/UBNA_001/20221012_030000.WAV,Telephone Field,recover-20221013,001,1795
1648.9765,1649.0193,68437,82896,Rhinolophus ferrumequinum,0.033,0.033,-1,Echolocation,/mnt/ubna_data_02_mir/recover-20221013/UBNA_001/20221012_030000.WAV,Telephone Field,recover-20221013,001,1795
1649.0025,1649.0428,68437,82803,Rhinolophus ferrumequinum,0.023,0.023,-1,Echolocation,/mnt/ubna_data_02_mir/recover-20221013/UBNA_001/20221012_030000.WAV,Telephone Field,recover-20221013,001,1795
1649.0545,1649.0643,52109,58612,Pipistrellus pipistrellus,0.04,0.05,-1,Echolocation,/mnt/ubna_data_02_mir/recover-20221013/UBNA_001/20221012_030000.WAV,Telephone Field,recover-20221013,001,1795
1649.0915,1649.1328,68437,82414,Rhinolophus ferrumequinum,0.037,0.037,-1,Echolocation,/mnt/ubna_data_02_mir/recover-20221013/UBNA_001/20221012_030000.WAV,Telephone Field,recover-20221013,001,1795
1649.1065,1649.1122,47812,54627,Pipistrellus pipistrellus,0.024,0.025,-1,Echolocation,/mnt/ubna_data_02_mir/recover-20221013/UBNA_001/20221012_030000.WAV,Telephone Field,recover-20221013,001,1795
1649.1355,1649.1717,68437,81538,Rhinolophus ferrumequinum,0.035,0.035,-1,Echolocation,/mnt/ubna_data_02_mir/recover-20221013/UBNA_001/20221012_030000.WAV,Telephone Field,recover-20221013,001,1795
1649.1485,1649.1561,28046,39302,Eptesicus serotinus,0.007,0.021,-1,Echolocation,/mnt/ubna_data_02_mir/recover-20221013/UBNA_001/20221012_030000.WAV,Telephone Field,recover-20221013,001,1795
1649.1605,1649.1707,28046,36105,Eptesicus serotinus,0.01,0.022,-1,Echolocation,/mnt/ubna_data_02_mir/recover-20221013/UBNA_001/20221012_030000.WAV,Telephone Field,recover-20221013,001,1795
1649.1615,1649.2001,68437,82244,Rhinolophus ferrumequinum,0.024,0.024,-1,Echolocation,/mnt/ubna_data_02_mir/recover-20221013/UBNA_001/20221012_030000.WAV,Telephone Field,recover-20221013,001,1795
1649.2045,1649.214,22890,29941,Nyctalus leisleri,0.008,0.027,-1,Echolocation,/mnt/ubna_data_02_mir/recover-20221013/UBNA_001/20221012_030000.WAV,Telephone Field,recover-20221013,001,1795
1649.2125,1649.2526,68437,82193,Rhinolophus ferrumequinum,0.023,0.023,-1,Echolocation,/mnt/ubna_data_02_mir/recover-20221013/UBNA_001/20221012_030000.WAV,Telephone Field,recover-20221013,001,1795
1649.2325,1649.2709,68437,82161,Rhinolophus ferrumequinum,0.023,0.023,-1,Echolocation,/mnt/ubna_data_02_mir/recover-20221013/UBNA_001/20221012_030000.WAV,Telephone Field,recover-20221013,001,1795
1649.2385,1649.2516,36640,41215,Pipistrellus nathusii,0.018,0.029,-1,Echolocation,/mnt/ubna_data_02_mir/recover-20221013/UBNA_001/20221012_030000.WAV,Telephone Field,recover-20221013,001,1795
1649.2465,1649.2542,28046,39045,Eptesicus serotinus,0.008,0.023,-1,Echolocation,/mnt/ubna_data_02_mir/recover-20221013/UBNA_001/20221012_030000.WAV,Telephone Field,recover-20221013,001,1795
1649.2955,1649.3351,68437,82392,Rhinolophus ferrumequinum,0.021,0.021,-1,Echolocation,/mnt/ubna_data_02_mir/recover-20221013/UBNA_001/20221012_030000.WAV,Telephone Field,recover-20221013,001,1795
1649.3285,1649.3675,68437,82116,Rhinolophus ferrumequinum,0.023,0.023,-1,Echolocation,/mnt/ubna_data_02_mir/recover-20221013/UBNA_001/20221012_030000.WAV,Telephone Field,recover-20221013,001,1795
1649.3365,1649.3721,68437,80997,Rhinolophus ferrumequinum,0.021,0.021,-1,Echolocation,/mnt/ubna_data_02_mir/recover-20221013/UBNA_001/20221012_030000.WAV,Telephone Field,recover-20221013,001,1795
1649.3405,1649.3474,24609,33897,Plecotus austriacus,0.008,0.025,-1,Echolocation,/mnt/ubna_data_02_mir/recover-20221013/UBNA_001/20221012_030000.WAV,Telephone Field,recover-20221013,001,1795
1649.3785,1649.3879,22031,27784,Nyctalus leisleri,0.009,0.025,-1,Echolocation,/mnt/ubna_data_02_mir/recover-20221013/UBNA_001/20221012_030000.WAV,Telephone Field,recover-20221013,001,1795
1649.3995,1649.4375,68437,82281,Rhinolophus ferrumequinum,0.023,0.023,-1,Echolocation,/mnt/ubna_data_02_mir/recover-20221013/UBNA_001/20221012_030000.WAV,Telephone Field,recover-20221013,001,1795
1649.4005,1649.4073,24609,34092,Plecotus austriacus,0.009,0.023,-1,Echolocation,/mnt/ubna_data_02_mir/recover-20221013/UBNA_001/20221012_030000.WAV,Telephone Field,recover-20221013,001,1795
1649.4265,1649.4354,27187,38257,Eptesicus serotinus,0.009,0.026,-1,Echolocation,/mnt/ubna_data_02_mir/recover-20221013/UBNA_001/20221012_030000.WAV,Telephone Field,recover-20221013,001,1795
1649.4525,1649.4928,68437,82874,Rhinolophus ferrumequinum,0.022,0.022,-1,Echolocation,/mnt/ubna_data_02_mir/recover-20221013/UBNA_001/20221012_030000.WAV,Telephone Field,recover-20221013,001,1795
1649.4555,1649.4656,54687,59171,Pipistrellus pygmaeus,0.02,0.021,-1,Echolocation,/mnt/ubna_data_02_mir/recover-20221013/UBNA_001/20221012_030000.WAV,Telephone Field,recover-20221013,001,1795
1649.4605,1649.4722,23750,28373,Nyctalus leisleri,0.016,0.028,-1,Echolocation,/mnt/ubna_data_02_mir/recover-20221013/UBNA_001/20221012_030000.WAV,Telephone Field,recover-20221013,001,1795
1649.4785,1649.4964,21171,24527,Nyctalus leisleri,0.019,0.032,-1,Echolocation,/mnt/ubna_data_02_mir/recover-20221013/UBNA_001/20221012_030000.WAV,Telephone Field,recover-20221013,001,1795
1649.4945,1649.5298,68437,81614,Rhinolophus ferrumequinum,0.023,0.023,-1,Echolocation,/mnt/ubna_data_02_mir/recover-20221013/UBNA_001/20221012_030000.WAV,Telephone Field,recover-20221013,001,1795
1649.5285,1649.5399,22890,27402,Nyctalus leisleri,0.013,0.024,-1,Echolocation,/mnt/ubna_data_02_mir/recover-20221013/UBNA_001/20221012_030000.WAV,Telephone Field,recover-20221013,001,1795
1649.5295,1649.5686,68437,81979,Rhinolophus ferrumequinum,0.023,0.023,-1,Echolocation,/mnt/ubna_data_02_mir/recover-20221013/UBNA_001/20221012_030000.WAV,Telephone Field,recover-20221013,001,1795
1649.6435,1649.6837,68437,83110,Rhinolophus ferrumequinum,0.027,0.027,-1,Echolocation,/mnt/ubna_data_02_mir/recover-20221013/UBNA_001/20221012_030000.WAV,Telephone Field,recover-20221013,001,1795
1649.6545,1649.6953,68437,82603,Rhinolophus ferrumequinum,0.031,0.031,-1,Echolocation,/mnt/ubna_data_02_mir/recover-20221013/UBNA_001/20221012_030000.WAV,Telephone Field,recover-20221013,001,1795
1649.6965,1649.7313,68437,81154,Rhinolophus ferrumequinum,0.028,0.029,-1,Echolocation,/mnt/ubna_data_02_mir/recover-20221013/UBNA_001/20221012_030000.WAV,Telephone Field,recover-20221013,001,1795
1649.7415,1649.7817,68437,82538,Rhinolophus ferrumequinum,0.026,0.026,-1,Echolocation,/mnt/ubna_data_02_mir/recover-20221013/UBNA_001/20221012_030000.WAV,Telephone Field,recover-20221013,001,1795
1649.7485,1649.7568,51250,59068,Pipistrellus pipistrellus,0.02,0.025,-1,Echolocation,/mnt/ubna_data_02_mir/recover-20221013/UBNA_001/20221012_030000.WAV,Telephone Field,recover-20221013,001,1795
1649.7645,1649.8053,68437,82693,Rhinolophus ferrumequinum,0.026,0.026,-1,Echolocation,/mnt/ubna_data_02_mir/recover-20221013/UBNA_001/20221012_030000.WAV,Telephone Field,recover-20221013,001,1795
1649.7825,1649.7949,55546,60880,Pipistrellus pygmaeus,0.019,0.021,-1,Echolocation,/mnt/ubna_data_02_mir/recover-20221013/UBNA_001/20221012_030000.WAV,Telephone Field,recover-20221013,001,1795
1649.8065,1649.8425,68437,81525,Rhinolophus ferrumequinum,0.028,0.028,-1,Echolocation,/mnt/ubna_data_02_mir/recover-20221013/UBNA_001/20221012_030000.WAV,Telephone Field,recover-20221013,001,1795
1649.8475,1649.8544,26328,40392,Eptesicus serotinus,0.005,0.022,-1,Echolocation,/mnt/ubna_data_02_mir/recover-20221013/UBNA_001/20221012_030000.WAV,Telephone Field,recover-20221013,001,1795
1649.8765,1649.889,22890,27720,Nyctalus leisleri,0.021,0.038,-1,Echolocation,/mnt/ubna_data_02_mir/recover-20221013/UBNA_001/20221012_030000.WAV,Telephone Field,recover-20221013,001,1795
1649.8895,1649.8963,46953,52432,Pipistrellus pipistrellus,0.022,0.023,-1,Echolocation,/mnt/ubna_data_02_mir/recover-20221013/UBNA_001/20221012_030000.WAV,Telephone Field,recover-20221013,001,1795
1649.9245,1649.9324,27187,40077,Eptesicus serotinus,0.008,0.026,-1,Echolocation,/mnt/ubna_data_02_mir/recover-20221013/UBNA_001/20221012_030000.WAV,Telephone Field,recover-20221013,001,1795
1649.9545,1649.9951,68437,82575,Rhinolophus ferrumequinum,0.025,0.025,-1,Echolocation,/mnt/ubna_data_02_mir/recover-20221013/UBNA_001/20221012_030000.WAV,Telephone Field,recover-20221013,001,1795
1650.0015,1650.0102,25468,34837,Nyctalus leisleri,0.006,0.023,-1,Echolocation,/mnt/ubna_data_02_mir/recover-20221013/UBNA_001/20221012_030000.WAV,Telephone Field,recover-20221013,001,1795
1650.0015,1650.036,68437,80636,Rhinolophus ferrumequinum,0.044,0.044,-1,Echolocation,/mnt/ubna_data_02_mir/recover-20221013/UBNA_001/20221012_030000.WAV,Telephone Field,recover-20221013,001,1795
1650.0075,1650.0485,68437,81446,Rhinolophus ferrumequinum,0.024,0.024,-1,Echolocation,/mnt/ubna_data_02_mir/recover-20221013/UBNA_001/20221012_030000.WAV,Telephone Field,recover-20221013,001,1795
1650.0165,1650.0276,26328,32553,Eptesicus serotinus,0.01,0.023,-1,Echolocation,/mnt/ubna_data_02_mir/recover-20221013/UBNA_001/20221012_030000.WAV,Telephone Field,recover-20221013,001,1795
1650.0445,1650.0839,68437,82348,Rhinolophus ferrumequinum,0.03,0.03,-1,Echolocation,/mnt/ubna_data_02_mir/recover-20221013/UBNA_001/20221012_030000.WAV,Telephone Field,recover-20221013,001,1795
1650.0595,1650.0682,28046,36400,Eptesicus serotinus,0.007,0.021,-1,Echolocation,/mnt/ubna_data_02_mir/recover-20221013/UBNA_001/20221012_030000.WAV,Telephone Field,recover-20221013,001,1795
1650.1195,1650.1597,68437,82390,Rhinolophus ferrumequinum,0.026,0.026,-1,Echolocation,/mnt/ubna_data_02_mir/recover-20221013/UBNA_001/20221012_030000.WAV,Telephone Field,recover-20221013,001,1795
1650.1265,1650.1645,68437,82261,Rhinolophus ferrumequinum,0.025,0.025,-1,Echolocation,/mnt/ubna_data_02_mir/recover-20221013/UBNA_001/20221012_030000.WAV,Telephone Field,recover-20221013,001,1795
1650.1305,1650.1387,27187,38421,Eptesicus serotinus,0.008,0.024,-1,Echolocation,/mnt/ubna_data_02_mir/recover-20221013/UBNA_001/20221012_030000.WAV,Telephone Field,recover-20221013,001,1795
1650.2115,1650.249,68437,81538,Rhinolophus ferrumequinum,0.021,0.021,-1,Echolocation,/mnt/ubna_data_02_mir/recover-20221013/UBNA_001/20221012_030000.WAV,Telephone Field,recover-20221013,001,1795
1650.2465,1650.2646,22890,26534,Nyctalus leisleri,0.034,0.061,-1,Echolocation,/mnt/ubna_data_02_mir/recover-20221013/UBNA_001/20221012_030000.WAV,Telephone Field,recover-20221013,001,1795
1650.2475,1650.2877,68437,82582,Rhinolophus ferrumequinum,0.021,0.021,-1,Echolocation,/mnt/ubna_data_02_mir/recover-20221013/UBNA_001/20221012_030000.WAV,Telephone Field,recover-20221013,001,1795
1650.2775,1650.2846,28046,40847,Eptesicus serotinus,0.007,0.023,-1,Echolocation,/mnt/ubna_data_02_mir/recover-20221013/UBNA_001/20221012_030000.WAV,Telephone Field,recover-20221013,001,1795
1650.2955,1650.3059,31484,37484,Eptesicus serotinus,0.064,0.137,-1,Echolocation,/mnt/ubna_data_02_mir/recover-20221013/UBNA_001/20221012_030000.WAV,Telephone Field,recover-20221013,001,1795
1650.3295,1650.3698,68437,82103,Rhinolophus ferrumequinum,0.022,0.022,-1,Echolocation,/mnt/ubna_data_02_mir/recover-20221013/UBNA_001/20221012_030000.WAV,Telephone Field,recover-20221013,001,1795
1650.3395,1650.3811,68437,83211,Rhinolophus ferrumequinum,0.029,0.029,-1,Echolocation,/mnt/ubna_data_02_mir/recover-20221013/UBNA_001/20221012_030000.WAV,Telephone Field,recover-20221013,001,1795
1650.3625,1650.3704,28046,41080,Eptesicus serotinus,0.008,0.023,-1,Echolocation,/mnt/ubna_data_02_mir/recover-20221013/UBNA_001/20221012_030000.WAV,Telephone Field,recover-20221013,001,1795
1650.3735,1650.4147,68437,82706,Rhinolophus ferrumequinum,0.028,0.028,-1,Echolocation,/mnt/ubna_data_02_mir/recover-20221013/UBNA_001/20221012_030000.WAV,Telephone Field,recover-20221013,001,1795
1650.4045,1650.4152,23750,28868,Nyctalus leisleri,0.01,0.021,-1,Echolocation,/mnt/ubna_data_02_mir/recover-20221013/UBNA_001/20221012_030000.WAV,Telephone Field,recover-20221013,001,1795
1650.4425,1650.479,68437,82128,Rhinolophus ferrumequinum,0.021,0.021,-1,Echolocation,/mnt/ubna_data_02_mir/recover-20221013/UBNA_001/20221012_030000.WAV,Telephone Field,recover-20221013,001,1795
1650.4745,1650.5124,68437,82098,Rhinolophus ferrumequinum,0.021,0.021,-1,Echolocation,/mnt/ubna_data_02_mir/recover-20221013/UBNA_001/20221012_030000.WAV,Telephone Field,recover-20221013,001,1795
1650.4865,1650.4944,27187,36847,Eptesicus serotinus,0.007,0.021,-1,Echolocation,/mnt/ubna_data_02_mir/recover-20221013/UBNA_001/20221012_030000.WAV,Telephone Field,recover-20221013,001,1795
1650.4945,1650.506,23750,29155,Nyctalus leisleri,0.01,0.023,-1,Echolocation,/mnt/ubna_data_02_mir/recover-20221013/UBNA_001/20221012_030000.WAV,Telephone Field,recover-20221013,001,1795
1650.5005,1650.5372,68437,81973,Rhinolophus ferrumequinum,0.021,0.021,-1,Echolocation,/mnt/ubna_data_02_mir/recover-20221013/UBNA_001/20221012_030000.WAV,Telephone Field,recover-20221013,001,1795
1650.5035,1650.5152,23750,30043,Nyctalus leisleri,0.012,0.027,-1,Echolocation,/mnt/ubna_data_02_mir/recover-20221013/UBNA_001/20221012_030000.WAV,Telephone Field,recover-20221013,001,1795
1650.5145,1650.5224,28046,37317,Eptesicus serotinus,0.01,0.027,-1,Echolocation,/mnt/ubna_data_02_mir/recover-20221013/UBNA_001/20221012_030000.WAV,Telephone Field,recover-20221013,001,1795
1650.5315,1650.5691,68437,81818,Rhinolophus ferrumequinum,0.021,0.021,-1,Echolocation,/mnt/ubna_data_02_mir/recover-20221013/UBNA_001/20221012_030000.WAV,Telephone Field,recover-20221013,001,1795
1650.5375,1650.5749,68437,82027,Rhinolophus ferrumequinum,0.021,0.021,-1,Echolocation,/mnt/ubna_data_02_mir/recover-20221013/UBNA_001/20221012_030000.WAV,Telephone Field,recover-20221013,001,1795
1650.5875,1650.6268,68437,81977,Rhinolophus ferrumequinum,0.02,0.02,-1,Echolocation,/mnt/ubna_data_02_mir/recover-20221013/UBNA_001/20221012_030000.WAV,Telephone Field,recover-20221013,001,1795
1650.6315,1650.639,46953,54782,Pipistrellus pipistrellus,0.025,0.029,-1,Echolocation,/mnt/ubna_data_02_mir/recover-20221013/UBNA_001/20221012_030000.WAV,Telephone Field,recover-20221013,001,1795
1650.6715,1650.7104,68437,82119,Rhinolophus ferrumequinum,0.025,0.025,-1,Echolocation,/mnt/ubna_data_02_mir/recover-20221013/UBNA_001/20221012_030000.WAV,Telephone Field,recover-20221013,001,1795
1650.7055,1650.7159,22031,27472,Nyctalus leisleri,0.009,0.024,-1,Echolocation,/mnt/ubna_data_02_mir/recover-20221013/UBNA_001/20221012_030000.WAV,Telephone Field,recover-20221013,001,1795
1650.7285,1650.7684,68437,82685,Rhinolophus ferrumequinum,0.026,0.026,-1,Echolocation,/mnt/ubna_data_02_mir/recover-20221013/UBNA_001/20221012_030000.WAV,Telephone Field,recover-20221013,001,1795
1650.7375,1650.7471,46953,52149,Pipistrellus pipistrellus,0.025,0.028,-1,Echolocation,/mnt/ubna_data_02_mir/recover-20221013/UBNA_001/20221012_030000.WAV,Telephone Field,recover-20221013,001,1795
1650.7395,1650.7782,68437,82050,Rhinolophus ferrumequinum,0.026,0.026,-1,Echolocation,/mnt/ubna_data_02_mir/recover-20221013/UBNA_001/20221012_030000.WAV,Telephone Field,recover-20221013,001,1795
1650.7655,1650.801,68437,81498,Rhinolophus ferrumequinum,0.022,0.022,-1,Echolocation,/mnt/ubna_data_02_mir/recover-20221013/UBNA_001/20221012_030000.WAV,Telephone Field,recover-20221013,001,1795
1650.7785,1650.7864,23750,32083,Plecotus austriacus,0.008,0.022,-1,Echolocation,/mnt/ubna_data_02_mir/recover-20221013/UBNA_001/20221012_030000.WAV,Telephone Field,recover-20221013,001,1795
1650.8345,1650.8546,16015,20886,Nyctalus noctula,0.019,0.026,-1,Echolocation,/mnt/ubna_data_02_mir/recover-20221013/UBNA_001/20221012_030000.WAV,Telephone Field,recover-20221013,001,1795
1650.8665,1650.8836,22890,26862,Nyctalus leisleri,0.049,0.099,-1,Echolocation,/mnt/ubna_data_02_mir/recover-20221013/UBNA_001/20221012_030000.WAV,Telephone Field,recover-20221013,001,1795
1650.8685,1650.9069,68437,82470,Rhinolophus ferrumequinum,0.025,0.025,-1,Echolocation,/mnt/ubna_data_02_mir/recover-20221013/UBNA_001/20221012_030000.WAV,Telephone Field,recover-20221013,001,1795
1650.9045,1650.9448,68437,82613,Rhinolophus ferrumequinum,0.022,0.022,-1,Echolocation,/mnt/ubna_data_02_mir/recover-20221013/UBNA_001/20221012_030000.WAV,Telephone Field,recover-20221013,001,1795
1650.9145,1650.9562,68437,82548,Rhinolophus ferrumequinum,0.022,0.022,-1,Echolocation,/mnt/ubna_data_02_mir/recover-20221013/UBNA_001/20221012_030000.WAV,Telephone Field,recover-20221013,001,1795
1650.9205,1650.9288,23750,31206,Plecotus austriacus,0.007,0.021,-1,Echolocation,/mnt/ubna_data_02_mir/recover-20221013/UBNA_001/20221012_030000.WAV,Telephone Field,recover-20221013,001,1795
1650.9305,1650.9415,22890,27807,Nyctalus leisleri,0.011,0.022,-1,Echolocation,/mnt/ubna_data_02_mir/recover-20221013/UBNA_001/20221012_030000.WAV,Telephone Field,recover-20221013,001,1795
1650.9305,1650.9707,68437,82360,Rhinolophus ferrumequinum,0.021,0.021,-1,Echolocation,/mnt/ubna_data_02_mir/recover-20221013/UBNA_001/20221012_030000.WAV,Telephone Field,recover-20221013,001,1795
1650.9485,1650.9874,68437,81741,Rhinolophus ferrumequinum,0.022,0.022,-1,Echolocation,/mnt/ubna_data_02_mir/recover-20221013/UBNA_001/20221012_030000.WAV,Telephone Field,recover-20221013,001,1795
1650.9665,1651.0062,68437,82527,Rhinolophus ferrumequinum,0.021,0.022,-1,Echolocation,/mnt/ubna_data_02_mir/recover-20221013/UBNA_001/20221012_030000.WAV,Telephone Field,recover-20221013,001,1795
1650.9715,1650.9872,21171,24386,Nyctalus leisleri,0.013,0.021,-1,Echolocation,/mnt/ubna_data_02_mir/recover-20221013/UBNA_001/20221012_030000.WAV,Telephone Field,recover-20221013,001,1795
1650.9785,1651.0207,68437,82977,Rhinolophus ferrumequinum,0.027,0.027,-1,Echolocation,/mnt/ubna_data_02_mir/recover-20221013/UBNA_001/20221012_030000.WAV,Telephone Field,recover-20221013,001,1795
1650.9895,1651.0268,68437,82152,Rhinolophus ferrumequinum,0.022,0.022,-1,Echolocation,/mnt/ubna_data_02_mir/recover-20221013/UBNA_001/20221012_030000.WAV,Telephone Field,recover-20221013,001,1795
1651.0015,1651.0413,68437,82688,Rhinolophus ferrumequinum,0.027,0.027,-1,Echolocation,/mnt/ubna_data_02_mir/recover-20221013/UBNA_001/20221012_030000.WAV,Telephone Field,recover-20221013,001,1795
1651.0025,1651.0119,28906,36625,Eptesicus serotinus,0.008,0.021,-1,Echolocation,/mnt/ubna_data_02_mir/recover-20221013/UBNA_001/20221012_030000.WAV,Telephone Field,recover-20221013,001,1795
1651.0245,1651.035,56406,61465,Pipistrellus pygmaeus,0.02,0.02,-1,Echolocation,/mnt/ubna_data_02_mir/recover-20221013/UBNA_001/20221012_030000.WAV,Telephone Field,recover-20221013,001,1795
1651.0685,1651.1077,68437,82906,Rhinolophus ferrumequinum,0.021,0.021,-1,Echolocation,/mnt/ubna_data_02_mir/recover-20221013/UBNA_001/20221012_030000.WAV,Telephone Field,recover-20221013,001,1795
1651.0715,1651.0877,22031,25828,Nyctalus leisleri,0.018,0.031,-1,Echolocation,/mnt/ubna_data_02_mir/recover-20221013/UBNA_001/20221012_030000.WAV,Telephone Field,recover-20221013,001,1795
1651.0875,1651.1276,68437,81946,Rhinolophus ferrumequinum,0.027,0.027,-1,Echolocation,/mnt/ubna_data_02_mir/recover-20221013/UBNA_001/20221012_030000.WAV,Telephone Field,recover-20221013,001,1795
1651.1125,1651.1483,68437,81335,Rhinolophus ferrumequinum,0.022,0.022,-1,Echolocation,/mnt/ubna_data_02_mir/recover-20221013/UBNA_001/20221012_030000.WAV,Telephone Field,recover-20221013,001,1795
1651.1215,1651.1363,58125,63892,Pipistrellus pygmaeus,0.026,0.027,-1,Echolocation,/mnt/ubna_data_02_mir/recover-20221013/UBNA_001/20221012_030000.WAV,Telephone Field,recover-20221013,001,1795
1651.1275,1651.1382,23750,29684,Nyctalus leisleri,0.009,0.022,-1,Echolocation,/mnt/ubna_data_02_mir/recover-20221013/UBNA_001/20221012_030000.WAV,Telephone Field,recover-20221013,001,1795
1651.1465,1651.155,28046,35136,Eptesicus serotinus,0.038,0.069,-1,Echolocation,/mnt/ubna_data_02_mir/recover-20221013/UBNA_001/20221012_030000.WAV,Telephone Field,recover-20221013,001,1795
1651.1585,1651.1667,45234,55180,Pipistrellus pipistrellus,0.017,0.029,-1,Echolocation,/mnt/ubna_data_02_mir/recover-20221013/UBNA_001/20221012_030000.WAV,Telephone Field,recover-20221013,001,1795
1651.1745,1651.2128,68437,82381,Rhinolophus ferrumequinum,0.023,0.023,-1,Echolocation,/mnt/ubna_data_02_mir/recover-20221013/UBNA_001/20221012_030000.WAV,Telephone Field,recover-20221013,001,1795
1651.2065,1651.2162,24609,32317,Eptesicus serotinus,0.009,0.03,-1,Echolocation,/mnt/ubna_data_02_mir/recover-20221013/UBNA_001/20221012_030000.WAV,Telephone Field,recover-20221013,001,1795
1651.2205,1651.229,26328,37040,Eptesicus serotinus,0.007,0.023,-1,Echolocation,/mnt/ubna_data_02_mir/recover-20221013/UBNA_001/20221012_030000.WAV,Telephone Field,recover-20221013,001,1795
1651.2245,1651.2607,68437,81153,Rhinolophus ferrumequinum,0.021,0.021,-1,Echolocation,/mnt/ubna_data_02_mir/recover-20221013/UBNA_001/20221012_030000.WAV,Telephone Field,recover-20221013,001,1795
1651.2455,1651.2557,27187,34452,Eptesicus serotinus,0.011,0.023,-1,Echolocation,/mnt/ubna_data_02_mir/recover-20221013/UBNA_001/20221012_030000.WAV,Telephone Field,recover-20221013,001,1795
1651.2615,1651.2763,22890,27436,Nyctalus leisleri,0.016,0.03,-1,Echolocation,/mnt/ubna_data_02_mir/recover-20221013/UBNA_001/20221012_030000.WAV,Telephone Field,recover-20221013,001,1795
1651.2875,1651.326,68437,82119,Rhinolophus ferrumequinum,0.022,0.022,-1,Echolocation,/mnt/ubna_data_02_mir/recover-20221013/UBNA_001/20221012_030000.WAV,Telephone Field,recover-20221013,001,1795
1651.2885,1651.2986,22031,27753,Nyctalus leisleri,0.008,0.023,-1,Echolocation,/mnt/ubna_data_02_mir/recover-20221013/UBNA_001/20221012_030000.WAV,Telephone Field,recover-20221013,001,1795
1651.3485,1651.3584,28906,36176,Eptesicus serotinus,0.009,0.022,-1,Echolocation,/mnt/ubna_data_02_mir/recover-20221013/UBNA_001/20221012_030000.WAV,Telephone Field,recover-20221013,001,1795
1651.3555,1651.3936,68437,82017,Rhinolophus ferrumequinum,0.023,0.023,-1,Echolocation,/mnt/ubna_data_02_mir/recover-20221013/UBNA_001/20221012_030000.WAV,Telephone Field,recover-20221013,001,1795
1651.3765,1651.4211,68437,83294,Rhinolophus ferrumequinum,0.03,0.03,-1,Echolocation,/mnt/ubna_data_02_mir/recover-20221013/UBNA_001/20221012_030000.WAV,Telephone Field,recover-20221013,001,1795
1651.4005,1651.4396,68437,82089,Rhinolophus ferrumequinum,0.021,0.021,-1,Echolocation,/mnt/ubna_data_02_mir/recover-20221013/UBNA_001/20221012_030000.WAV,Telephone Field,recover-20221013,001,1795
1651.4155,1651.4575,68437,82932,Rhinolophus ferrumequinum,0.031,0.031,-1,Echolocation,/mnt/ubna_data_02_mir/recover-20221013/UBNA_001/20221012_030000.WAV,Telephone Field,recover-20221013,001,1795
1651.4435,1651.4808,68437,81673,Rhinolophus ferrumequinum,0.022,0.022,-1,Echolocation,/mnt/ubna_data_02_mir/recover-20221013/UBNA_001/20221012_030000.WAV,Telephone Field,recover-20221013,001,1795
1651.4525,1651.4926,68437,82504,Rhinolophus ferrumequinum,0.023,0.023,-1,Echolocation,/mnt/ubna_data_02_mir/recover-20221013/UBNA_001/20221012_030000.WAV,Telephone Field,recover-20221013,001,1795
1651.4535,1651.4638,46093,51585,Pipistrellus pipistrellus,0.03,0.033,-1,Echolocation,/mnt/ubna_data_02_mir/recover-20221013/UBNA_001/20221012_030000.WAV,Telephone Field,recover-20221013,001,1795
1651.4615,1651.4725,15156,20961,Nyctalus noctula,0.024,0.04,-1,Echolocation,/mnt/ubna_data_02_mir/recover-20221013/UBNA_001/20221012_030000.WAV,Telephone Field,recover-20221013,001,1795
1651.4815,1651.5296,68437,83760,Rhinolophus ferrumequinum,0.04,0.04,-1,Echolocation,/mnt/ubna_data_02_mir/recover-20221013/UBNA_001/20221012_030000.WAV,Telephone Field,recover-20221013,001,1795
1651.5025,1651.5102,28046,39629,Eptesicus serotinus,0.008,0.024,-1,Echolocation,/mnt/ubna_data_02_mir/recover-20221013/UBNA_001/20221012_030000.WAV,Telephone Field,recover-20221013,001,1795
1651.5175,1651.5248,28046,37768,Eptesicus serotinus,0.007,0.022,-1,Echolocation,/mnt/ubna_data_02_mir/recover-20221013/UBNA_001/20221012_030000.WAV,Telephone Field,recover-20221013,001,1795
1651.5445,1651.5795,68437,81343,Rhinolophus ferrumequinum,0.022,0.022,-1,Echolocation,/mnt/ubna_data_02_mir/recover-20221013/UBNA_001/20221012_030000.WAV,Telephone Field,recover-20221013,001,1795
1651.5675,1651.6033,68437,81681,Rhinolophus ferrumequinum,0.024,0.024,-1,Echolocation,/mnt/ubna_data_02_mir/recover-20221013/UBNA_001/20221012_030000.WAV,Telephone Field,recover-20221013,001,1795
1651.5695,1651.5802,23750,29730,Nyctalus leisleri,0.009,0.022,-1,Echolocation,/mnt/ubna_data_02_mir/recover-20221013/UBNA_001/20221012_030000.WAV,Telephone Field,recover-20221013,001,1795
1651.5935,1651.6321,68437,81776,Rhinolophus ferrumequinum,0.021,0.021,-1,Echolocation,/mnt/ubna_data_02_mir/recover-20221013/UBNA_001/20221012_030000.WAV,Telephone Field,recover-20221013,001,1795
1651.6105,1651.6222,23750,28685,Nyctalus leisleri,0.013,0.027,-1,Echolocation,/mnt/ubna_data_02_mir/recover-20221013/UBNA_001/20221012_030000.WAV,Telephone Field,recover-20221013,001,1795
1651.6495,1651.6902,68437,82468,Rhinolophus ferrumequinum,0.021,0.021,-1,Echolocation,/mnt/ubna_data_02_mir/recover-20221013/UBNA_001/20221012_030000.WAV,Telephone Field,recover-20221013,001,1795
1651.6765,1651.7158,68437,81837,Rhinolophus ferrumequinum,0.021,0.021,-1,Echolocation,/mnt/ubna_data_02_mir/recover-20221013/UBNA_001/20221012_030000.WAV,Telephone Field,recover-20221013,001,1795
1651.6775,1651.6845,27187,38933,Eptesicus serotinus,0.006,0.024,-1,Echolocation,/mnt/ubna_data_02_mir/recover-20221013/UBNA_001/20221012_030000.WAV,Telephone Field,recover-20221013,001,1795
1651.6925,1651.7291,68437,81612,Rhinolophus ferrumequinum,0.025,0.025,-1,Echolocation,/mnt/ubna_data_02_mir/recover-20221013/UBNA_001/20221012_030000.WAV,Telephone Field,recover-20221013,001,1795
1651.7245,1651.7339,25468,33165,Eptesicus serotinus,0.007,0.021,-1,Echolocation,/mnt/ubna_data_02_mir/recover-20221013/UBNA_001/20221012_030000.WAV,Telephone Field,recover-20221013,001,1795
1651.7325,1651.7436,23750,29089,Nyctalus leisleri,0.01,0.022,-1,Echolocation,/mnt/ubna_data_02_mir/recover-20221013/UBNA_001/20221012_030000.WAV,Telephone Field,recover-20221013,001,1795
1651.7545,1651.7922,68437,80990,Rhinolophus ferrumequinum,0.022,0.022,-1,Echolocation,/mnt/ubna_data_02_mir/recover-20221013/UBNA_001/20221012_030000.WAV,Telephone Field,recover-20221013,001,1795
1651.7725,1651.7804,27187,39020,Eptesicus serotinus,0.006,0.02,-1,Echolocation,/mnt/ubna_data_02_mir/recover-20221013/UBNA_001/20221012_030000.WAV,Telephone Field,recover-20221013,001,1795
1651.7965,1651.8345,68437,82253,Rhinolophus ferrumequinum,0.02,0.021,-1,Echolocation,/mnt/ubna_data_02_mir/recover-20221013/UBNA_001/20221012_030000.WAV,Telephone Field,recover-20221013,001,1795
1651.8105,1651.8506,68437,82351,Rhinolophus ferrumequinum,0.022,0.022,-1,Echolocation,/mnt/ubna_data_02_mir/recover-20221013/UBNA_001/20221012_030000.WAV,Telephone Field,recover-20221013,001,1795
1651.8395,1651.8506,23750,29400,Nyctalus leisleri,0.014,0.03,-1,Echolocation,/mnt/ubna_data_02_mir/recover-20221013/UBNA_001/20221012_030000.WAV,Telephone Field,recover-20221013,001,1795
1651.8415,1651.8791,68437,82029,Rhinolophus ferrumequinum,0.022,0.022,-1,Echolocation,/mnt/ubna_data_02_mir/recover-20221013/UBNA_001/20221012_030000.WAV,Telephone Field,recover-20221013,001,1795
1651.8695,1651.8808,51250,57319,Pipistrellus pipistrellus,0.026,0.032,-1,Echolocation,/mnt/ubna_data_02_mir/recover-20221013/UBNA_001/20221012_030000.WAV,Telephone Field,recover-20221013,001,1795
1651.9095,1651.9494,68437,83068,Rhinolophus ferrumequinum,0.027,0.027,-1,Echolocation,/mnt/ubna_data_02_mir/recover-20221013/UBNA_001/20221012_030000.WAV,Telephone Field,recover-20221013,001,1795
1651.9355,1651.9763,68437,82046,Rhinolophus ferrumequinum,0.03,0.03,-1,Echolocation,/mnt/ubna_data_02_mir/recover-20221013/UBNA_001/20221012_030000.WAV,Telephone Field,recover-20221013,001,1795
1651.9695,1651.9829,22890,28167,Nyctalus leisleri,0.014,0.028,-1,Echolocation,/mnt/ubna_data_02_mir/recover-20221013/UBNA_001/20221012_030000.WAV,Telephone Field,recover-20221013,001,1795
1651.9775,1651.9967,21171,24506,Nyctalus leisleri,0.015,0.027,-1,Echolocation,/mnt/ubna_data_02_mir/recover-20221013/UBNA_001/20221012_030000.WAV,Telephone Field,recover-20221013,001,1795
1652.0015,1652.0142,22031,27986,Nyctalus leisleri,0.024,0.048,-1,Echolocation,/mnt/ubna_data_02_mir/recover-20221013/UBNA_001/20221012_030000.WAV,Telephone Field,recover-20221013,001,1795
1652.0015,1652.0351,69296,81391,Rhinolophus ferrumequinum,0.028,0.028,-1,Echolocation,/mnt/ubna_data_02_mir/recover-20221013/UBNA_001/20221012_030000.WAV,Telephone Field,recover-20221013,001,1795
1652.0015,1652.0135,46093,49154,Pipistrellus pipistrellus,0.035,0.041,-1,Echolocation,/mnt/ubna_data_02_mir/recover-20221013/UBNA_001/20221012_030000.WAV,Telephone Field,recover-20221013,001,1795
1652.0075,1652.0477,68437,81759,Rhinolophus ferrumequinum,0.026,0.026,-1,Echolocation,/mnt/ubna_data_02_mir/recover-20221013/UBNA_001/20221012_030000.WAV,Telephone Field,recover-20221013,001,1795
1652.0105,1652.0195,23750,30784,Plecotus austriacus,0.007,0.024,-1,Echolocation,/mnt/ubna_data_02_mir/recover-20221013/UBNA_001/20221012_030000.WAV,Telephone Field,recover-20221013,001,1795
1652.0705,1652.1108,68437,82099,Rhinolophus ferrumequinum,0.021,0.021,-1,Echolocation,/mnt/ubna_data_02_mir/recover-20221013/UBNA_001/20221012_030000.WAV,Telephone Field,recover-20221013,001,1795
1652.0785,1652.087,28046,37053,Eptesicus serotinus,0.007,0.02,-1,Echolocation,/mnt/ubna_data_02_mir/recover-20221013/UBNA_001/20221012_030000.WAV,Telephone Field,recover-20221013,001,1795
1652.0995,1652.1072,28046,36718,Eptesicus serotinus,0.006,0.021,-1,Echolocation,/mnt/ubna_data_02_mir/recover-20221013/UBNA_001/20221012_030000.WAV,Telephone Field,recover-20221013,001,1795
1652.1235,1652.1632,68437,81986,Rhinolophus ferrumequinum,0.024,0.024,-1,Echolocation,/mnt/ubna_data_02_mir/recover-20221013/UBNA_001/20221012_030000.WAV,Telephone Field,recover-20221013,001,1795
1652.1535,1652.1608,27187,43494,Eptesicus serotinus,0.007,0.021,-1,Echolocation,/mnt/ubna_data_02_mir/recover-20221013/UBNA_001/20221012_030000.WAV,Telephone Field,recover-20221013,001,1795
1652.1635,1652.1746,28046,36141,Eptesicus serotinus,0.013,0.027,-1,Echolocation,/mnt/ubna_data_02_mir/recover-20221013/UBNA_001/20221012_030000.WAV,Telephone Field,recover-20221013,001,1795
1652.2145,1652.254,68437,82389,Rhinolophus ferrumequinum,0.024,0.024,-1,Echolocation,/mnt/ubna_data_02_mir/recover-20221013/UBNA_001/20221012_030000.WAV,Telephone Field,recover-20221013,001,1795
1652.2245,1652.2315,27187,37005,Eptesicus serotinus,0.008,0.024,-1,Echolocation,/mnt/ubna_data_02_mir/recover-20221013/UBNA_001/20221012_030000.WAV,Telephone Field,recover-20221013,001,1795
1652.2625,1652.2716,26328,35741,Eptesicus serotinus,0.009,0.02,-1,Echolocation,/mnt/ubna_data_02_mir/recover-20221013/UBNA_001/20221012_030000.WAV,Telephone Field,recover-20221013,001,1795
1652.2705,1652.2811,22890,27811,Nyctalus leisleri,0.01,0.02,-1,Echolocation,/mnt/ubna_data_02_mir/recover-20221013/UBNA_001/20221012_030000.WAV,Telephone Field,recover-20221013,001,1795
1652.3885,1652.4276,68437,81960,Rhinolophus ferrumequinum,0.021,0.021,-1,Echolocation,/mnt/ubna_data_02_mir/recover-20221013/UBNA_001/20221012_030000.WAV,Telephone Field,recover-20221013,001,1795
1652.3905,1652.3984,28046,37904,Eptesicus serotinus,0.007,0.022,-1,Echolocation,/mnt/ubna_data_02_mir/recover-20221013/UBNA_001/20221012_030000.WAV,Telephone Field,recover-20221013,001,1795
1652.4585,1652.4957,68437,81823,Rhinolophus ferrumequinum,0.023,0.023,-1,Echolocation,/mnt/ubna_data_02_mir/recover-20221013/UBNA_001/20221012_030000.WAV,Telephone Field,recover-20221013,001,1795
1652.4835,1652.4922,26328,34565,Eptesicus serotinus,0.01,0.024,-1,Echolocation,/mnt/ubna_data_02_mir/recover-20221013/UBNA_001/20221012_030000.WAV,Telephone Field,recover-20221013,001,1795
1652.5265,1652.5351,28906,37962,Eptesicus serotinus,0.007,0.021,-1,Echolocation,/mnt/ubna_data_02_mir/recover-20221013/UBNA_001/20221012_030000.WAV,Telephone Field,recover-20221013,001,1795
1652.5485,1652.5573,27187,36701,Eptesicus serotinus,0.009,0.021,-1,Echolocation,/mnt/ubna_data_02_mir/recover-20221013/UBNA_001/20221012_030000.WAV,Telephone Field,recover-20221013,001,1795
1652.5825,1652.5927,23750,28917,Nyctalus leisleri,0.009,0.02,-1,Echolocation,/mnt/ubna_data_02_mir/recover-20221013/UBNA_001/20221012_030000.WAV,Telephone Field,recover-20221013,001,1795
1652.5995,1652.6068,28046,39652,Eptesicus serotinus,0.006,0.021,-1,Echolocation,/mnt/ubna_data_02_mir/recover-20221013/UBNA_001/20221012_030000.WAV,Telephone Field,recover-20221013,001,1795
1652.6545,1652.6636,28906,37285,Eptesicus serotinus,0.009,0.022,-1,Echolocation,/mnt/ubna_data_02_mir/recover-20221013/UBNA_001/20221012_030000.WAV,Telephone Field,recover-20221013,001,1795
1652.6645,1652.7058,68437,82694,Rhinolophus ferrumequinum,0.028,0.028,-1,Echolocation,/mnt/ubna_data_02_mir/recover-20221013/UBNA_001/20221012_030000.WAV,Telephone Field,recover-20221013,001,1795
1652.6655,1652.6761,28906,36396,Eptesicus serotinus,0.009,0.022,-1,Echolocation,/mnt/ubna_data_02_mir/recover-20221013/UBNA_001/20221012_030000.WAV,Telephone Field,recover-20221013,001,1795
1652.6705,1652.6808,29765,37599,Eptesicus serotinus,0.008,0.021,-1,Echolocation,/mnt/ubna_data_02_mir/recover-20221013/UBNA_001/20221012_030000.WAV,Telephone Field,recover-20221013,001,1795
1652.7195,1652.76,68437,82485,Rhinolophus ferrumequinum,0.02,0.02,-1,Echolocation,/mnt/ubna_data_02_mir/recover-20221013/UBNA_001/20221012_030000.WAV,Telephone Field,recover-20221013,001,1795
1652.7195,1652.7271,26328,39587,Eptesicus serotinus,0.006,0.02,-1,Echolocation,/mnt/ubna_data_02_mir/recover-20221013/UBNA_001/20221012_030000.WAV,Telephone Field,recover-20221013,001,1795
1652.7575,1652.7994,68437,82316,Rhinolophus ferrumequinum,0.02,0.02,-1,Echolocation,/mnt/ubna_data_02_mir/recover-20221013/UBNA_001/20221012_030000.WAV,Telephone Field,recover-20221013,001,1795
1652.7875,1652.7964,22890,30576,Plecotus austriacus,0.011,0.027,-1,Echolocation,/mnt/ubna_data_02_mir/recover-20221013/UBNA_001/20221012_030000.WAV,Telephone Field,recover-20221013,001,1795
1652.7985,1652.8186,18593,21293,Nyctalus noctula,0.011,0.022,-1,Echolocation,/mnt/ubna_data_02_mir/recover-20221013/UBNA_001/20221012_030000.WAV,Telephone Field,recover-20221013,001,1795
1652.8055,1652.8479,68437,82790,Rhinolophus ferrumequinum,0.025,0.025,-1,Echolocation,/mnt/ubna_data_02_mir/recover-20221013/UBNA_001/20221012_030000.WAV,Telephone Field,recover-20221013,001,1795
1652.8675,1652.8832,44375,46772,Pipistrellus pipistrellus,0.051,0.057,-1,Echolocation,/mnt/ubna_data_02_mir/recover-20221013/UBNA_001/20221012_030000.WAV,Telephone Field,recover-20221013,001,1795
1652.8855,1652.8942,28046,36607,Eptesicus serotinus,0.009,0.021,-1,Echolocation,/mnt/ubna_data_02_mir/recover-20221013/UBNA_001/20221012_030000.WAV,Telephone Field,recover-20221013,001,1795
1652.9765,1653.0129,68437,81532,Rhinolophus ferrumequinum,0.02,0.021,-1,Echolocation,/mnt/ubna_data_02_mir/recover-20221013/UBNA_001/20221012_030000.WAV,Telephone Field,recover-20221013,001,1795
1652.9975,1653.0313,68437,80900,Rhinolophus ferrumequinum,0.02,0.02,-1,Echolocation,/mnt/ubna_data_02_mir/recover-20221013/UBNA_001/20221012_030000.WAV,Telephone Field,recover-20221013,001,1795
1653.0315,1653.0414,28046,36345,Eptesicus serotinus,0.008,0.02,-1,Echolocation,/mnt/ubna_data_02_mir/recover-20221013/UBNA_001/20221012_030000.WAV,Telephone Field,recover-20221013,001,1795
1653.0365,1653.0722,68437,81352,Rhinolophus ferrumequinum,0.021,0.021,-1,Echolocation,/mnt/ubna_data_02_mir/recover-20221013/UBNA_001/20221012_030000.WAV,Telephone Field,recover-20221013,001,1795
1653.0785,1653.1159,68437,81889,Rhinolophus ferrumequinum,0.02,0.02,-1,Echolocation,/mnt/ubna_data_02_mir/recover-20221013/UBNA_001/20221012_030000.WAV,Telephone Field,recover-20221013,001,1795
1653.1055,1653.1482,68437,82879,Rhinolophus ferrumequinum,0.025,0.025,-1,Echolocation,/mnt/ubna_data_02_mir/recover-20221013/UBNA_001/20221012_030000.WAV,Telephone Field,recover-20221013,001,1795
1653.1285,1653.1406,23750,28767,Nyctalus leisleri,0.014,0.029,-1,Echolocation,/mnt/ubna_data_02_mir/recover-20221013/UBNA_001/20221012_030000.WAV,Telephone Field,recover-20221013,001,1795
1653.1315,1653.141,34921,41219,Barbastellus barbastellus,0.007,0.024,-1,Echolocation,/mnt/ubna_data_02_mir/recover-20221013/UBNA_001/20221012_030000.WAV,Telephone Field,recover-20221013,001,1795
1653.1675,1653.2088,68437,82844,Rhinolophus ferrumequinum,0.021,0.021,-1,Echolocation,/mnt/ubna_data_02_mir/recover-20221013/UBNA_001/20221012_030000.WAV,Telephone Field,recover-20221013,001,1795
1653.1745,1653.1823,47812,54207,Pipistrellus pipistrellus,0.019,0.02,-1,Echolocation,/mnt/ubna_data_02_mir/recover-20221013/UBNA_001/20221012_030000.WAV,Telephone Field,recover-20221013,001,1795
1653.1935,1653.2031,24609,32943,Eptesicus serotinus,0.008,0.021,-1,Echolocation,/mnt/ubna_data_02_mir/recover-20221013/UBNA_001/20221012_030000.WAV,Telephone Field,recover-20221013,001,1795
1653.1955,1653.2342,68437,81886,Rhinolophus ferrumequinum,0.023,0.023,-1,Echolocation,/mnt/ubna_data_02_mir/recover-20221013/UBNA_001/20221012_030000.WAV,Telephone Field,recover-20221013,001,1795
1653.2385,1653.2585,19453,22601,Nyctalus noctula,0.013,0.026,-1,Echolocation,/mnt/ubna_data_02_mir/recover-20221013/UBNA_001/20221012_030000.WAV,Telephone Field,recover-20221013,001,1795
1653.2705,1653.3117,68437,82584,Rhinolophus ferrumequinum,0.022,0.022,-1,Echolocation,/mnt/ubna_data_02_mir/recover-20221013/UBNA_001/20221012_030000.WAV,Telephone Field,recover-20221013,001,1795
1653.2755,1653.2845,28046,36868,Eptesicus serotinus,0.01,0.025,-1,Echolocation,/mnt/ubna_data_02_mir/recover-20221013/UBNA_001/20221012_030000.WAV,Telephone Field,recover-20221013,001,1795
1653.3055,1653.3444,68437,81506,Rhinolophus ferrumequinum,0.022,0.022,-1,Echolocation,/mnt/ubna_data_02_mir/recover-20221013/UBNA_001/20221012_030000.WAV,Telephone Field,recover-20221013,001,1795
1653.3335,1653.3417,28046,39175,Eptesicus serotinus,0.007,0.021,-1,Echolocation,/mnt/ubna_data_02_mir/recover-20221013/UBNA_001/20221012_030000.WAV,Telephone Field,recover-20221013,001,1795
1653.3405,1653.3828,68437,82904,Rhinolophus ferrumequinum,0.024,0.024,-1,Echolocation,/mnt/ubna_data_02_mir/recover-20221013/UBNA_001/20221012_030000.WAV,Telephone Field,recover-20221013,001,1795
1653.3995,1653.4354,68437,81300,Rhinolophus ferrumequinum,0.021,0.021,-1,Echolocation,/mnt/ubna_data_02_mir/recover-20221013/UBNA_001/20221012_030000.WAV,Telephone Field,recover-20221013,001,1795
1653.4435,1653.4824,68437,82350,Rhinolophus ferrumequinum,0.024,0.024,-1,Echolocation,/mnt/ubna_data_02_mir/recover-20221013/UBNA_001/20221012_030000.WAV,Telephone Field,recover-20221013,001,1795
1653.4865,1653.5237,68437,81844,Rhinolophus ferrumequinum,0.02,0.02,-1,Echolocation,/mnt/ubna_data_02_mir/recover-20221013/UBNA_001/20221012_030000.WAV,Telephone Field,recover-20221013,001,1795
1653.4875,1653.499,23750,28882,Nyctalus leisleri,0.023,0.047,-1,Echolocation,/mnt/ubna_data_02_mir/recover-20221013/UBNA_001/20221012_030000.WAV,Telephone Field,recover-20221013,001,1795
1653.5175,1653.5274,28046,36714,Eptesicus serotinus,0.008,0.02,-1,Echolocation,/mnt/ubna_data_02_mir/recover-20221013/UBNA_001/20221012_030000.WAV,Telephone Field,recover-20221013,001,1795
1653.5625,1653.5703,28046,39904,Eptesicus serotinus,0.007,0.021,-1,Echolocation,/mnt/ubna_data_02_mir/recover-20221013/UBNA_001/20221012_030000.WAV,Telephone Field,recover-20221013,001,1795
1653.5865,1653.6257,68437,81661,Rhinolophus ferrumequinum,0.024,0.024,-1,Echolocation,/mnt/ubna_data_02_mir/recover-20221013/UBNA_001/20221012_030000.WAV,Telephone Field,recover-20221013,001,1795
1653.6115,1653.6228,44375,50324,Pipistrellus pipistrellus,0.022,0.034,-1,Echolocation,/mnt/ubna_data_02_mir/recover-20221013/UBNA_001/20221012_030000.WAV,Telephone Field,recover-20221013,001,1795
1653.6115,1653.6542,68437,83116,Rhinolophus ferrumequinum,0.033,0.033,-1,Echolocation,/mnt/ubna_data_02_mir/recover-20221013/UBNA_001/20221012_030000.WAV,Telephone Field,recover-20221013,001,1795
1653.6405,1653.6506,28906,37269,Eptesicus serotinus,0.012,0.028,-1,Echolocation,/mnt/ubna_data_02_mir/recover-20221013/UBNA_001/20221012_030000.WAV,Telephone Field,recover-20221013,001,1795
1653.6685,1653.6794,28906,34946,Eptesicus serotinus,0.01,0.022,-1,Echolocation,/mnt/ubna_data_02_mir/recover-20221013/UBNA_001/20221012_030000.WAV,Telephone Field,recover-20221013,001,1795
1653.7235,1653.7612,68437,81568,Rhinolophus ferrumequinum,0.021,0.021,-1,Echolocation,/mnt/ubna_data_02_mir/recover-20221013/UBNA_001/20221012_030000.WAV,Telephone Field,recover-20221013,001,1795
1653.7465,1653.7546,28906,37583,Eptesicus serotinus,0.011,0.027,-1,Echolocation,/mnt/ubna_data_02_mir/recover-20221013/UBNA_001/20221012_030000.WAV,Telephone Field,recover-20221013,001,1795
1653.7735,1653.8118,68437,81728,Rhinolophus ferrumequinum,0.02,0.02,-1,Echolocation,/mnt/ubna_data_02_mir/recover-20221013/UBNA_001/20221012_030000.WAV,Telephone Field,recover-20221013,001,1795
1653.7955,1653.834,68437,82146,Rhinolophus ferrumequinum,0.021,0.021,-1,Echolocation,/mnt/ubna_data_02_mir/recover-20221013/UBNA_001/20221012_030000.WAV,Telephone Field,recover-20221013,001,1795
1653.7975,1653.8097,14296,20954,Nyctalus noctula,0.015,0.024,-1,Echolocation,/mnt/ubna_data_02_mir/recover-20221013/UBNA_001/20221012_030000.WAV,Telephone Field,recover-20221013,001,1795
1653.8025,1653.8099,23750,31919,Plecotus austriacus,0.008,0.022,-1,Echolocation,/mnt/ubna_data_02_mir/recover-20221013/UBNA_001/20221012_030000.WAV,Telephone Field,recover-20221013,001,1795
1653.8235,1653.8309,24609,33059,Plecotus austriacus,0.007,0.021,-1,Echolocation,/mnt/ubna_data_02_mir/recover-20221013/UBNA_001/20221012_030000.WAV,Telephone Field,recover-20221013,001,1795
1653.8365,1653.8444,28046,39014,Eptesicus serotinus,0.006,0.021,-1,Echolocation,/mnt/ubna_data_02_mir/recover-20221013/UBNA_001/20221012_030000.WAV,Telephone Field,recover-20221013,001,1795
1653.8715,1653.8798,23750,32200,Plecotus austriacus,0.017,0.037,-1,Echolocation,/mnt/ubna_data_02_mir/recover-20221013/UBNA_001/20221012_030000.WAV,Telephone Field,recover-20221013,001,1795
1653.8795,1653.8861,24609,33260,Plecotus austriacus,0.011,0.025,-1,Echolocation,/mnt/ubna_data_02_mir/recover-20221013/UBNA_001/20221012_030000.WAV,Telephone Field,recover-20221013,001,1795
1653.9465,1653.9589,37500,42059,Pipistrellus nathusii,0.012,0.022,-1,Echolocation,/mnt/ubna_data_02_mir/recover-20221013/UBNA_001/20221012_030000.WAV,Telephone Field,recover-20221013,001,1795
1653.9475,1653.961,15156,21347,Nyctalus noctula,0.015,0.023,-1,Echolocation,/mnt/ubna_data_02_mir/recover-20221013/UBNA_001/20221012_030000.WAV,Telephone Field,recover-20221013,001,1795
1653.9795,1653.989,27187,37563,Eptesicus serotinus,0.008,0.02,-1,Echolocation,/mnt/ubna_data_02_mir/recover-20221013/UBNA_001/20221012_030000.WAV,Telephone Field,recover-20221013,001,1795
1653.9875,1653.9977,24609,31808,Nyctalus leisleri,0.007,0.021,-1,Echolocation,/mnt/ubna_data_02_mir/recover-20221013/UBNA_001/20221012_030000.WAV,Telephone Field,recover-20221013,001,1795
1654.0015,1654.0319,68437,80111,Rhinolophus ferrumequinum,0.046,0.047,-1,Echolocation,/mnt/ubna_data_02_mir/recover-20221013/UBNA_001/20221012_030000.WAV,Telephone Field,recover-20221013,001,1795
1654.0015,1654.0124,22031,27486,Nyctalus leisleri,0.01,0.026,-1,Echolocation,/mnt/ubna_data_02_mir/recover-20221013/UBNA_001/20221012_030000.WAV,Telephone Field,recover-20221013,001,1795
1654.0155,1654.0241,23750,30527,Plecotus austriacus,0.006,0.021,-1,Echolocation,/mnt/ubna_data_02_mir/recover-20221013/UBNA_001/20221012_030000.WAV,Telephone Field,recover-20221013,001,1795
1654.0395,1654.0782,68437,82719,Rhinolophus ferrumequinum,0.024,0.024,-1,Echolocation,/mnt/ubna_data_02_mir/recover-20221013/UBNA_001/20221012_030000.WAV,Telephone Field,recover-20221013,001,1795
1654.0595,1654.0979,68437,82518,Rhinolophus ferrumequinum,0.023,0.023,-1,Echolocation,/mnt/ubna_data_02_mir/recover-20221013/UBNA_001/20221012_030000.WAV,Telephone Field,recover-20221013,001,1795
1654.0715,1654.1125,68437,82615,Rhinolophus ferrumequinum,0.023,0.023,-1,Echolocation,/mnt/ubna_data_02_mir/recover-20221013/UBNA_001/20221012_030000.WAV,Telephone Field,recover-20221013,001,1795
1654.0775,1654.1184,68437,82818,Rhinolophus ferrumequinum,0.023,0.023,-1,Echolocation,/mnt/ubna_data_02_mir/recover-20221013/UBNA_001/20221012_030000.WAV,Telephone Field,recover-20221013,001,1795
1654.1015,1654.1398,68437,81879,Rhinolophus ferrumequinum,0.024,0.024,-1,Echolocation,/mnt/ubna_data_02_mir/recover-20221013/UBNA_001/20221012_030000.WAV,Telephone Field,recover-20221013,001,1795
1654.1365,1654.1759,68437,82520,Rhinolophus ferrumequinum,0.022,0.022,-1,Echolocation,/mnt/ubna_data_02_mir/recover-20221013/UBNA_001/20221012_030000.WAV,Telephone Field,recover-20221013,001,1795
1654.1585,1654.1998,68437,82598,Rhinolophus ferrumequinum,0.025,0.025,-1,Echolocation,/mnt/ubna_data_02_mir/recover-20221013/UBNA_001/20221012_030000.WAV,Telephone Field,recover-20221013,001,1795
1654.2145,1654.2544,68437,82114,Rhinolophus ferrumequinum,0.024,0.024,-1,Echolocation,/mnt/ubna_data_02_mir/recover-20221013/UBNA_001/20221012_030000.WAV,Telephone Field,recover-20221013,001,1795
1654.2155,1654.2281,22031,27616,Nyctalus leisleri,0.021,0.052,-1,Echolocation,/mnt/ubna_data_02_mir/recover-20221013/UBNA_001/20221012_030000.WAV,Telephone Field,recover-20221013,001,1795
1654.2385,1654.2761,68437,80963,Rhinolophus ferrumequinum,0.023,0.024,-1,Echolocation,/mnt/ubna_data_02_mir/recover-20221013/UBNA_001/20221012_030000.WAV,Telephone Field,recover-20221013,001,1795
1654.2545,1654.2935,68437,82339,Rhinolophus ferrumequinum,0.023,0.023,-1,Echolocation,/mnt/ubna_data_02_mir/recover-20221013/UBNA_001/20221012_030000.WAV,Telephone Field,recover-20221013,001,1795
1654.2645,1654.2765,21171,24918,Nyctalus leisleri,0.012,0.022,-1,Echolocation,/mnt/ubna_data_02_mir/recover-20221013/UBNA_001/20221012_030000.WAV,Telephone Field,recover-20221013,001,1795
1654.3015,1654.3409,68437,81763,Rhinolophus ferrumequinum,0.02,0.02,-1,Echolocation,/mnt/ubna_data_02_mir/recover-20221013/UBNA_001/20221012_030000.WAV,Telephone Field,recover-20221013,001,1795
1654.3085,1654.3433,68437,80717,Rhinolophus ferrumequinum,0.02,0.02,-1,Echolocation,/mnt/ubna_data_02_mir/recover-20221013/UBNA_001/20221012_030000.WAV,Telephone Field,recover-20221013,001,1795
1654.3915,1654.4012,28906,38587,Eptesicus serotinus,0.01,0.023,-1,Echolocation,/mnt/ubna_data_02_mir/recover-20221013/UBNA_001/20221012_030000.WAV,Telephone Field,recover-20221013,001,1795
1654.4005,1654.4379,68437,81722,Rhinolophus ferrumequinum,0.022,0.022,-1,Echolocation,/mnt/ubna_data_02_mir/recover-20221013/UBNA_001/20221012_030000.WAV,Telephone Field,recover-20221013,001,1795
1654.4125,1654.45,68437,82412,Rhinolophus ferrumequinum,0.021,0.021,-1,Echolocation,/mnt/ubna_data_02_mir/recover-20221013/UBNA_001/20221012_030000.WAV,Telephone Field,recover-20221013,001,1795
1654.4205,1654.4545,68437,81870,Rhinolophus ferrumequinum,0.023,0.023,-1,Echolocation,/mnt/ubna_data_02_mir/recover-20221013/UBNA_001/20221012_030000.WAV,Telephone Field,recover-20221013,001,1795
1654.4405,1654.4802,68437,81955,Rhinolophus ferrumequinum,0.02,0.02,-1,Echolocation,/mnt/ubna_data_02_mir/recover-20221013/UBNA_001/20221012_030000.WAV,Telephone Field,recover-20221013,001,1795
1654.4675,1654.5024,68437,81436,Rhinolophus ferrumequinum,0.021,0.021,-1,Echolocation,/mnt/ubna_data_02_mir/recover-20221013/UBNA_001/20221012_030000.WAV,Telephone Field,recover-20221013,001,1795
1654.4755,1654.4851,25468,33485,Eptesicus serotinus,0.006,0.02,-1,Echolocation,/mnt/ubna_data_02_mir/recover-20221013/UBNA_001/20221012_030000.WAV,Telephone Field,recover-20221013,001,1795
1654.5185,1654.5578,68437,82762,Rhinolophus ferrumequinum,0.023,0.023,-1,Echolocation,/mnt/ubna_data_02_mir/recover-20221013/UBNA_001/20221012_030000.WAV,Telephone Field,recover-20221013,001,1795
1654.5645,1654.6022,68437,81801,Rhinolophus ferrumequinum,0.02,0.02,-1,Echolocation,/mnt/ubna_data_02_mir/recover-20221013/UBNA_001/20221012_030000.WAV,Telephone Field,recover-20221013,001,1795
1654.5755,1654.6182,68437,82843,Rhinolophus ferrumequinum,0.02,0.02,-1,Echolocation,/mnt/ubna_data_02_mir/recover-20221013/UBNA_001/20221012_030000.WAV,Telephone Field,recover-20221013,001,1795
1654.5905,1654.6277,68437,80871,Rhinolophus ferrumequinum,0.023,0.023,-1,Echolocation,/mnt/ubna_data_02_mir/recover-20221013/UBNA_001/20221012_030000.WAV,Telephone Field,recover-20221013,001,1795
1654.6255,1654.6339,25468,35127,Eptesicus serotinus,0.006,0.022,-1,Echolocation,/mnt/ubna_data_02_mir/recover-20221013/UBNA_001/20221012_030000.WAV,Telephone Field,recover-20221013,001,1795
1654.6415,1654.6525,41796,48903,Pipistrellus pipistrellus,0.01,0.021,-1,Echolocation,/mnt/ubna_data_02_mir/recover-20221013/UBNA_001/20221012_030000.WAV,Telephone Field,recover-20221013,001,1795
1654.6445,1654.6515,24609,33604,Plecotus austriacus,0.009,0.022,-1,Echolocation,/mnt/ubna_data_02_mir/recover-20221013/UBNA_001/20221012_030000.WAV,Telephone Field,recover-20221013,001,1795
1654.6655,1654.7048,68437,82160,Rhinolophus ferrumequinum,0.02,0.02,-1,Echolocation,/mnt/ubna_data_02_mir/recover-20221013/UBNA_001/20221012_030000.WAV,Telephone Field,recover-20221013,001,1795
1654.7015,1654.741,68437,82244,Rhinolophus ferrumequinum,0.035,0.035,-1,Echolocation,/mnt/ubna_data_02_mir/recover-20221013/UBNA_001/20221012_030000.WAV,Telephone Field,recover-20221013,001,1795
1654.7125,1654.7211,28046,39189,Eptesicus serotinus,0.009,0.02,-1,Echolocation,/mnt/ubna_data_02_mir/recover-20221013/UBNA_001/20221012_030000.WAV,Telephone Field,recover-20221013,001,1795
1654.7365,1654.7761,68437,81969,Rhinolophus ferrumequinum,0.023,0.023,-1,Echolocation,/mnt/ubna_data_02_mir/recover-20221013/UBNA_001/20221012_030000.WAV,Telephone Field,recover-20221013,001,1795
1654.7495,1654.7893,68437,82064,Rhinolophus ferrumequinum,0.02,0.02,-1,Echolocation,/mnt/ubna_data_02_mir/recover-20221013/UBNA_001/20221012_030000.WAV,Telephone Field,recover-20221013,001,1795
1654.7545,1654.7937,68437,81885,Rhinolophus ferrumequinum,0.02,0.02,-1,Echolocation,/mnt/ubna_data_02_mir/recover-20221013/UBNA_001/20221012_030000.WAV,Telephone Field,recover-20221013,001,1795
1654.8015,1654.8389,68437,81743,Rhinolophus ferrumequinum,0.023,0.023,-1,Echolocation,/mnt/ubna_data_02_mir/recover-20221013/UBNA_001/20221012_030000.WAV,Telephone Field,recover-20221013,001,1795
1654.8075,1654.8183,43515,49742,Pipistrellus pipistrellus,0.024,0.036,-1,Echolocation,/mnt/ubna_data_02_mir/recover-20221013/UBNA_001/20221012_030000.WAV,Telephone Field,recover-20221013,001,1795
1654.8215,1654.862,68437,83064,Rhinolophus ferrumequinum,0.025,0.025,-1,Echolocation,/mnt/ubna_data_02_mir/recover-20221013/UBNA_001/20221012_030000.WAV,Telephone Field,recover-20221013,001,1795
1654.8325,1654.8536,18593,21749,Nyctalus noctula,0.025,0.047,-1,Echolocation,/mnt/ubna_data_02_mir/recover-20221013/UBNA_001/20221012_030000.WAV,Telephone Field,recover-20221013,001,1795
1654.8405,1654.8504,45234,48936,Pipistrellus pipistrellus,0.032,0.037,-1,Echolocation,/mnt/ubna_data_02_mir/recover-20221013/UBNA_001/20221012_030000.WAV,Telephone Field,recover-20221013,001,1795
1654.8465,1654.8807,68437,82032,Rhinolophus ferrumequinum,0.023,0.023,-1,Echolocation,/mnt/ubna_data_02_mir/recover-20221013/UBNA_001/20221012_030000.WAV,Telephone Field,recover-20221013,001,1795
1654.9335,1654.943,29765,36900,Eptesicus serotinus,0.008,0.02,-1,Echolocation,/mnt/ubna_data_02_mir/recover-20221013/UBNA_001/20221012_030000.WAV,Telephone Field,recover-20221013,001,1795
1654.9465,1654.9562,22890,29090,Nyctalus leisleri,0.009,0.025,-1,Echolocation,/mnt/ubna_data_02_mir/recover-20221013/UBNA_001/20221012_030000.WAV,Telephone Field,recover-20221013,001,1795
1654.9495,1654.9899,68437,82630,Rhinolophus ferrumequinum,0.021,0.021,-1,Echolocation,/mnt/ubna_data_02_mir/recover-20221013/UBNA_001/20221012_030000.WAV,Telephone Field,recover-20221013,001,1795
1654.9675,1654.9767,28906,37464,Eptesicus serotinus,0.015,0.029,-1,Echolocation,/mnt/ubna_data_02_mir/recover-20221013/UBNA_001/20221012_030000.WAV,Telephone Field,recover-20221013,001,1795
1654.9795,1655.0181,68437,82523,Rhinolophus ferrumequinum,0.025,0.025,-1,Echolocation,/mnt/ubna_data_02_mir/recover-20221013/UBNA_001/20221012_030000.WAV,Telephone Field,recover-20221013,001,1795
1655.0465,1655.0844,68437,82493,Rhinolophus ferrumequinum,0.021,0.021,-1,Echolocation,/mnt/ubna_data_02_mir/recover-20221013/UBNA_001/20221012_030000.WAV,Telephone Field,recover-20221013,001,1795
1655.0645,1655.1033,68437,82205,Rhinolophus ferrumequinum,0.02,0.02,-1,Echolocation,/mnt/ubna_data_02_mir/recover-20221013/UBNA_001/20221012_030000.WAV,Telephone Field,recover-20221013,001,1795
1655.0705,1655.1105,68437,82424,Rhinolophus ferrumequinum,0.021,0.021,-1,Echolocation,/mnt/ubna_data_02_mir/recover-20221013/UBNA_001/20221012_030000.WAV,Telephone Field,recover-20221013,001,1795
1655.1415,1655.1823,68437,82445,Rhinolophus ferrumequinum,0.023,0.023,-1,Echolocation,/mnt/ubna_data_02_mir/recover-20221013/UBNA_001/20221012_030000.WAV,Telephone Field,recover-20221013,001,1795
1655.1525,1655.1914,68437,82567,Rhinolophus ferrumequinum,0.022,0.022,-1,Echolocation,/mnt/ubna_data_02_mir/recover-20221013/UBNA_001/20221012_030000.WAV,Telephone Field,recover-20221013,001,1795
1655.1535,1655.1626,22031,28262,Plecotus austriacus,0.008,0.021,-1,Echolocation,/mnt/ubna_data_02_mir/recover-20221013/UBNA_001/20221012_030000.WAV,Telephone Field,recover-20221013,001,1795
1655.1885,1655.2285,68437,82329,Rhinolophus ferrumequinum,0.022,0.022,-1,Echolocation,/mnt/ubna_data_02_mir/recover-20221013/UBNA_001/20221012_030000.WAV,Telephone Field,recover-20221013,001,1795
1655.2305,1655.2681,68437,81659,Rhinolophus ferrumequinum,0.021,0.021,-1,Echolocation,/mnt/ubna_data_02_mir/recover-20221013/UBNA_001/20221012_030000.WAV,Telephone Field,recover-20221013,001,1795
1655.2305,1655.2388,27187,38087,Eptesicus serotinus,0.007,0.021,-1,Echolocation,/mnt/ubna_data_02_mir/recover-20221013/UBNA_001/20221012_030000.WAV,Telephone Field,recover-20221013,001,1795
1655.2345,1655.2443,56406,61446,Pipistrellus pygmaeus,0.021,0.021,-1,Echolocation,/mnt/ubna_data_02_mir/recover-20221013/UBNA_001/20221012_030000.WAV,Telephone Field,recover-20221013,001,1795
1655.2375,1655.2481,22890,27080,Nyctalus leisleri,0.012,0.021,-1,Echolocation,/mnt/ubna_data_02_mir/recover-20221013/UBNA_001/20221012_030000.WAV,Telephone Field,recover-20221013,001,1795
1655.2835,1655.3213,68437,82277,Rhinolophus ferrumequinum,0.025,0.025,-1,Echolocation,/mnt/ubna_data_02_mir/recover-20221013/UBNA_001/20221012_030000.WAV,Telephone Field,recover-20221013,001,1795
1655.3025,1655.343,68437,82209,Rhinolophus ferrumequinum,0.024,0.024,-1,Echolocation,/mnt/ubna_data_02_mir/recover-20221013/UBNA_001/20221012_030000.WAV,Telephone Field,recover-20221013,001,1795
1655.3355,1655.3751,68437,82484,Rhinolophus ferrumequinum,0.021,0.021,-1,Echolocation,/mnt/ubna_data_02_mir/recover-20221013/UBNA_001/20221012_030000.WAV,Telephone Field,recover-20221013,001,1795
1655.3445,1655.3844,68437,82265,Rhinolophus ferrumequinum,0.022,0.022,-1,Echolocation,/mnt/ubna_data_02_mir/recover-20221013/UBNA_001/20221012_030000.WAV,Telephone Field,recover-20221013,001,1795
1655.3615,1655.3975,68437,81149,Rhinolophus ferrumequinum,0.02,0.021,-1,Echolocation,/mnt/ubna_data_02_mir/recover-20221013/UBNA_001/20221012_030000.WAV,Telephone Field,recover-20221013,001,1795
1655.4045,1655.445,68437,82552,Rhinolophus ferrumequinum,0.021,0.021,-1,Echolocation,/mnt/ubna_data_02_mir/recover-20221013/UBNA_001/20221012_030000.WAV,Telephone Field,recover-20221013,001,1795
1655.4175,1655.4576,68437,82151,Rhinolophus ferrumequinum,0.021,0.021,-1,Echolocation,/mnt/ubna_data_02_mir/recover-20221013/UBNA_001/20221012_030000.WAV,Telephone Field,recover-20221013,001,1795
1655.4375,1655.4756,68437,81791,Rhinolophus ferrumequinum,0.022,0.022,-1,Echolocation,/mnt/ubna_data_02_mir/recover-20221013/UBNA_001/20221012_030000.WAV,Telephone Field,recover-20221013,001,1795
1655.4635,1655.473,48671,52585,Pipistrellus pipistrellus,0.022,0.025,-1,Echolocation,/mnt/ubna_data_02_mir/recover-20221013/UBNA_001/20221012_030000.WAV,Telephone Field,recover-20221013,001,1795
1655.4725,1655.5089,68437,81644,Rhinolophus ferrumequinum,0.023,0.023,-1,Echolocation,/mnt/ubna_data_02_mir/recover-20221013/UBNA_001/20221012_030000.WAV,Telephone Field,recover-20221013,001,1795
1655.4805,1655.491,24609,30881,Nyctalus leisleri,0.009,0.024,-1,Echolocation,/mnt/ubna_data_02_mir/recover-20221013/UBNA_001/20221012_030000.WAV,Telephone Field,recover-20221013,001,1795
1655.4995,1655.5099,23750,29812,Nyctalus leisleri,0.009,0.021,-1,Echolocation,/mnt/ubna_data_02_mir/recover-20221013/UBNA_001/20221012_030000.WAV,Telephone Field,recover-20221013,001,1795
1655.5515,1655.5585,27187,39530,Eptesicus serotinus,0.007,0.021,-1,Echolocation,/mnt/ubna_data_02_mir/recover-20221013/UBNA_001/20221012_030000.WAV,Telephone Field,recover-20221013,001,1795
1655.5635,1655.6036,68437,83713,Rhinolophus ferrumequinum,0.035,0.035,-1,Echolocation,/mnt/ubna_data_02_mir/recover-20221013/UBNA_001/20221012_030000.WAV,Telephone Field,recover-20221013,001,1795
1655.6095,1655.6482,68437,81984,Rhinolophus ferrumequinum,0.021,0.021,-1,Echolocation,/mnt/ubna_data_02_mir/recover-20221013/UBNA_001/20221012_030000.WAV,Telephone Field,recover-20221013,001,1795
1655.6275,1655.6727,68437,83581,Rhinolophus ferrumequinum,0.051,0.051,-1,Echolocation,/mnt/ubna_data_02_mir/recover-20221013/UBNA_001/20221012_030000.WAV,Telephone Field,recover-20221013,001,1795
1655.6535,1655.6922,68437,82058,Rhinolophus ferrumequinum,0.02,0.02,-1,Echolocation,/mnt/ubna_data_02_mir/recover-20221013/UBNA_001/20221012_030000.WAV,Telephone Field,recover-20221013,001,1795
1655.6775,1655.717,68437,82242,Rhinolophus ferrumequinum,0.03,0.03,-1,Echolocation,/mnt/ubna_data_02_mir/recover-20221013/UBNA_001/20221012_030000.WAV,Telephone Field,recover-20221013,001,1795
1655.6925,1655.7019,26328,34085,Eptesicus serotinus,0.013,0.033,-1,Echolocation,/mnt/ubna_data_02_mir/recover-20221013/UBNA_001/20221012_030000.WAV,Telephone Field,recover-20221013,001,1795
1655.7215,1655.7607,68437,82770,Rhinolophus ferrumequinum,0.023,0.023,-1,Echolocation,/mnt/ubna_data_02_mir/recover-20221013/UBNA_001/20221012_030000.WAV,Telephone Field,recover-20221013,001,1795
1655.7365,1655.7762,68437,82394,Rhinolophus ferrumequinum,0.02,0.02,-1,Echolocation,/mnt/ubna_data_02_mir/recover-20221013/UBNA_001/20221012_030000.WAV,Telephone Field,recover-20221013,001,1795
1655.7465,1655.7568,24609,32754,Eptesicus serotinus,0.008,0.025,-1,Echolocation,/mnt/ubna_data_02_mir/recover-20221013/UBNA_001/20221012_030000.WAV,Telephone Field,recover-20221013,001,1795
1655.8255,1655.8371,22890,26811,Nyctalus leisleri,0.012,0.021,-1,Echolocation,/mnt/ubna_data_02_mir/recover-20221013/UBNA_001/20221012_030000.WAV,Telephone Field,recover-20221013,001,1795
1655.8845,1655.8973,23750,28661,Nyctalus leisleri,0.011,0.023,-1,Echolocation,/mnt/ubna_data_02_mir/recover-20221013/UBNA_001/20221012_030000.WAV,Telephone Field,recover-20221013,001,1795
1655.8965,1655.9348,68437,81698,Rhinolophus ferrumequinum,0.023,0.023,-1,Echolocation,/mnt/ubna_data_02_mir/recover-20221013/UBNA_001/20221012_030000.WAV,Telephone Field,recover-20221013,001,1795
1655.9325,1655.9436,22890,28062,Nyctalus leisleri,0.01,0.022,-1,Echolocation,/mnt/ubna_data_02_mir/recover-20221013/UBNA_001/20221012_030000.WAV,Telephone Field,recover-20221013,001,1795
1655.9355,1655.9714,68437,80838,Rhinolophus ferrumequinum,0.021,0.021,-1,Echolocation,/mnt/ubna_data_02_mir/recover-20221013/UBNA_001/20221012_030000.WAV,Telephone Field,recover-20221013,001,1795
1655.9515,1655.987,68437,81759,Rhinolophus ferrumequinum,0.021,0.021,-1,Echolocation,/mnt/ubna_data_02_mir/recover-20221013/UBNA_001/20221012_030000.WAV,Telephone Field,recover-20221013,001,1795
1655.9685,1655.9777,24609,31824,Nyctalus leisleri,0.006,0.02,-1,Echolocation,/mnt/ubna_data_02_mir/recover-20221013/UBNA_001/20221012_030000.WAV,Telephone Field,recover-20221013,001,1795
1655.9865,1655.9968,23750,30642,Nyctalus leisleri,0.008,0.021,-1,Echolocation,/mnt/ubna_data_02_mir/recover-20221013/UBNA_001/20221012_030000.WAV,Telephone Field,recover-20221013,001,1795
1656.0015,1656.0107,47812,52704,Pipistrellus pipistrellus,0.028,0.034,-1,Echolocation,/mnt/ubna_data_02_mir/recover-20221013/UBNA_001/20221012_030000.WAV,Telephone Field,recover-20221013,001,1795
1656.0015,1656.01,26328,35857,Nyctalus leisleri,0.008,0.028,-1,Echolocation,/mnt/ubna_data_02_mir/recover-20221013/UBNA_001/20221012_030000.WAV,Telephone Field,recover-20221013,001,1795
1656.0015,1656.0324,69296,81204,Rhinolophus ferrumequinum,0.029,0.029,-1,Echolocation,/mnt/ubna_data_02_mir/recover-20221013/UBNA_001/20221012_030000.WAV,Telephone Field,recover-20221013,001,1795
1656.0015,1656.013,21171,26125,Nyctalus leisleri,0.014,0.031,-1,Echolocation,/mnt/ubna_data_02_mir/recover-20221013/UBNA_001/20221012_030000.WAV,Telephone Field,recover-20221013,001,1795
1656.0685,1656.1076,68437,82645,Rhinolophus ferrumequinum,0.021,0.021,-1,Echolocation,/mnt/ubna_data_02_mir/recover-20221013/UBNA_001/20221012_030000.WAV,Telephone Field,recover-20221013,001,1795
1656.1065,1656.1439,68437,81634,Rhinolophus ferrumequinum,0.023,0.023,-1,Echolocation,/mnt/ubna_data_02_mir/recover-20221013/UBNA_001/20221012_030000.WAV,Telephone Field,recover-20221013,001,1795
1656.1395,1656.1507,44375,48093,Pipistrellus pipistrellus,0.028,0.033,-1,Echolocation,/mnt/ubna_data_02_mir/recover-20221013/UBNA_001/20221012_030000.WAV,Telephone Field,recover-20221013,001,1795
1656.1435,1656.154,24609,30638,Nyctalus leisleri,0.009,0.022,-1,Echolocation,/mnt/ubna_data_02_mir/recover-20221013/UBNA_001/20221012_030000.WAV,Telephone Field,recover-20221013,001,1795
1656.1745,1656.1838,38359,43117,Pipistrellus nathusii,0.011,0.021,-1,Echolocation,/mnt/ubna_data_02_mir/recover-20221013/UBNA_001/20221012_030000.WAV,Telephone Field,recover-20221013,001,1795
1656.1765,1656.185,28046,37512,Eptesicus serotinus,0.009,0.023,-1,Echolocation,/mnt/ubna_data_02_mir/recover-20221013/UBNA_001/20221012_030000.WAV,Telephone Field,recover-20221013,001,1795
1656.2355,1656.2763,68437,83010,Rhinolophus ferrumequinum,0.021,0.021,-1,Echolocation,/mnt/ubna_data_02_mir/recover-20221013/UBNA_001/20221012_030000.WAV,Telephone Field,recover-20221013,001,1795
1656.2425,1656.252,23750,30415,Nyctalus leisleri,0.008,0.024,-1,Echolocation,/mnt/ubna_data_02_mir/recover-20221013/UBNA_001/20221012_030000.WAV,Telephone Field,recover-20221013,001,1795
1656.2615,1656.2703,25468,33760,Eptesicus serotinus,0.007,0.025,-1,Echolocation,/mnt/ubna_data_02_mir/recover-20221013/UBNA_001/20221012_030000.WAV,Telephone Field,recover-20221013,001,1795
1656.3135,1656.3217,28046,37802,Eptesicus serotinus,0.008,0.023,-1,Echolocation,/mnt/ubna_data_02_mir/recover-20221013/UBNA_001/20221012_030000.WAV,Telephone Field,recover-20221013,001,1795
1656.3375,1656.3471,44375,53456,Pipistrellus pipistrellus,0.014,0.022,-1,Echolocation,/mnt/ubna_data_02_mir/recover-20221013/UBNA_001/20221012_030000.WAV,Telephone Field,recover-20221013,001,1795
1656.3795,1656.3872,27187,38675,Eptesicus serotinus,0.007,0.021,-1,Echolocation,/mnt/ubna_data_02_mir/recover-20221013/UBNA_001/20221012_030000.WAV,Telephone Field,recover-20221013,001,1795
1656.3975,1656.4371,68437,82459,Rhinolophus ferrumequinum,0.022,0.022,-1,Echolocation,/mnt/ubna_data_02_mir/recover-20221013/UBNA_001/20221012_030000.WAV,Telephone Field,recover-20221013,001,1795
1656.4025,1656.4221,21171,24443,Nyctalus leisleri,0.014,0.024,-1,Echolocation,/mnt/ubna_data_02_mir/recover-20221013/UBNA_001/20221012_030000.WAV,Telephone Field,recover-20221013,001,1795
1656.4255,1656.4344,28046,39311,Eptesicus serotinus,0.008,0.022,-1,Echolocation,/mnt/ubna_data_02_mir/recover-20221013/UBNA_001/20221012_030000.WAV,Telephone Field,recover-20221013,001,1795
1656.4775,1656.52,68437,82542,Rhinolophus ferrumequinum,0.026,0.026,-1,Echolocation,/mnt/ubna_data_02_mir/recover-20221013/UBNA_001/20221012_030000.WAV,Telephone Field,recover-20221013,001,1795
1656.4855,1656.4937,24609,33691,Plecotus austriacus,0.007,0.026,-1,Echolocation,/mnt/ubna_data_02_mir/recover-20221013/UBNA_001/20221012_030000.WAV,Telephone Field,recover-20221013,001,1795
1656.4935,1656.5331,68437,82679,Rhinolophus ferrumequinum,0.022,0.022,-1,Echolocation,/mnt/ubna_data_02_mir/recover-20221013/UBNA_001/20221012_030000.WAV,Telephone Field,recover-20221013,001,1795
1656.5035,1656.5105,27187,38372,Eptesicus serotinus,0.006,0.022,-1,Echolocation,/mnt/ubna_data_02_mir/recover-20221013/UBNA_001/20221012_030000.WAV,Telephone Field,recover-20221013,001,1795
1656.5175,1656.5558,68437,82023,Rhinolophus ferrumequinum,0.022,0.022,-1,Echolocation,/mnt/ubna_data_02_mir/recover-20221013/UBNA_001/20221012_030000.WAV,Telephone Field,recover-20221013,001,1795
1656.5635,1656.6002,68437,81563,Rhinolophus ferrumequinum,0.023,0.023,-1,Echolocation,/mnt/ubna_data_02_mir/recover-20221013/UBNA_001/20221012_030000.WAV,Telephone Field,recover-20221013,001,1795
1656.5645,1656.5736,28046,39093,Eptesicus serotinus,0.009,0.023,-1,Echolocation,/mnt/ubna_data_02_mir/recover-20221013/UBNA_001/20221012_030000.WAV,Telephone Field,recover-20221013,001,1795
1656.6335,1656.6751,68437,82782,Rhinolophus ferrumequinum,0.024,0.024,-1,Echolocation,/mnt/ubna_data_02_mir/recover-20221013/UBNA_001/20221012_030000.WAV,Telephone Field,recover-20221013,001,1795
1656.6395,1656.6819,68437,82759,Rhinolophus ferrumequinum,0.024,0.024,-1,Echolocation,/mnt/ubna_data_02_mir/recover-20221013/UBNA_001/20221012_030000.WAV,Telephone Field,recover-20221013,001,1795
1656.6725,1656.7151,68437,82930,Rhinolophus ferrumequinum,0.025,0.025,-1,Echolocation,/mnt/ubna_data_02_mir/recover-20221013/UBNA_001/20221012_030000.WAV,Telephone Field,recover-20221013,001,1795
1656.6835,1656.6919,28906,37120,Eptesicus serotinus,0.011,0.026,-1,Echolocation,/mnt/ubna_data_02_mir/recover-20221013/UBNA_001/20221012_030000.WAV,Telephone Field,recover-20221013,001,1795
1656.6985,1656.7388,68437,82436,Rhinolophus ferrumequinum,0.022,0.022,-1,Echolocation,/mnt/ubna_data_02_mir/recover-20221013/UBNA_001/20221012_030000.WAV,Telephone Field,recover-20221013,001,1795
1656.7065,1656.7161,28046,35699,Eptesicus serotinus,0.01,0.022,-1,Echolocation,/mnt/ubna_data_02_mir/recover-20221013/UBNA_001/20221012_030000.WAV,Telephone Field,recover-20221013,001,1795
1656.7635,1656.7742,23750,29309,Nyctalus leisleri,0.017,0.035,-1,Echolocation,/mnt/ubna_data_02_mir/recover-20221013/UBNA_001/20221012_030000.WAV,Telephone Field,recover-20221013,001,1795
1656.7855,1656.7969,25468,31646,Eptesicus serotinus,0.009,0.022,-1,Echolocation,/mnt/ubna_data_02_mir/recover-20221013/UBNA_001/20221012_030000.WAV,Telephone Field,recover-20221013,001,1795
1656.7925,1656.8329,68437,82443,Rhinolophus ferrumequinum,0.023,0.023,-1,Echolocation,/mnt/ubna_data_02_mir/recover-20221013/UBNA_001/20221012_030000.WAV,Telephone Field,recover-20221013,001,1795
1656.8145,1656.8244,44375,47683,Pipistrellus pipistrellus,0.02,0.022,-1,Echolocation,/mnt/ubna_data_02_mir/recover-20221013/UBNA_001/20221012_030000.WAV,Telephone Field,recover-20221013,001,1795
1656.8335,1656.8726,68437,82680,Rhinolophus ferrumequinum,0.024,0.024,-1,Echolocation,/mnt/ubna_data_02_mir/recover-20221013/UBNA_001/20221012_030000.WAV,Telephone Field,recover-20221013,001,1795
1656.8395,1656.8796,68437,82375,Rhinolophus ferrumequinum,0.024,0.024,-1,Echolocation,/mnt/ubna_data_02_mir/recover-20221013/UBNA_001/20221012_030000.WAV,Telephone Field,recover-20221013,001,1795
1656.8435,1656.8629,19453,22336,Nyctalus leisleri,0.011,0.022,-1,Echolocation,/mnt/ubna_data_02_mir/recover-20221013/UBNA_001/20221012_030000.WAV,Telephone Field,recover-20221013,001,1795
1656.8525,1656.8949,68437,83059,Rhinolophus ferrumequinum,0.025,0.025,-1,Echolocation,/mnt/ubna_data_02_mir/recover-20221013/UBNA_001/20221012_030000.WAV,Telephone Field,recover-20221013,001,1795
1656.8795,1656.9205,68437,82855,Rhinolophus ferrumequinum,0.025,0.025,-1,Echolocation,/mnt/ubna_data_02_mir/recover-20221013/UBNA_001/20221012_030000.WAV,Telephone Field,recover-20221013,001,1795
1656.8945,1656.9339,68437,82804,Rhinolophus ferrumequinum,0.028,0.028,-1,Echolocation,/mnt/ubna_data_02_mir/recover-20221013/UBNA_001/20221012_030000.WAV,Telephone Field,recover-20221013,001,1795
1656.9005,1656.9406,68437,82748,Rhinolophus ferrumequinum,0.024,0.024,-1,Echolocation,/mnt/ubna_data_02_mir/recover-20221013/UBNA_001/20221012_030000.WAV,Telephone Field,recover-20221013,001,1795
1656.9225,1656.932,28046,36129,Eptesicus serotinus,0.008,0.022,-1,Echolocation,/mnt/ubna_data_02_mir/recover-20221013/UBNA_001/20221012_030000.WAV,Telephone Field,recover-20221013,001,1795
1656.9305,1656.9383,28046,37557,Eptesicus serotinus,0.007,0.023,-1,Echolocation,/mnt/ubna_data_02_mir/recover-20221013/UBNA_001/20221012_030000.WAV,Telephone Field,recover-20221013,001,1795
1656.9445,1656.9825,68437,81892,Rhinolophus ferrumequinum,0.022,0.022,-1,Echolocation,/mnt/ubna_data_02_mir/recover-20221013/UBNA_001/20221012_030000.WAV,Telephone Field,recover-20221013,001,1795
1657.0055,1657.0142,22890,30082,Plecotus austriacus,0.009,0.023,-1,Echolocation,/mnt/ubna_data_02_mir/recover-20221013/UBNA_001/20221012_030000.WAV,Telephone Field,recover-20221013,001,1795
1657.0185,1657.0547,68437,81620,Rhinolophus ferrumequinum,0.021,0.021,-1,Echolocation,/mnt/ubna_data_02_mir/recover-20221013/UBNA_001/20221012_030000.WAV,Telephone Field,recover-20221013,001,1795
1657.0255,1657.0361,26328,33617,Eptesicus serotinus,0.011,0.022,-1,Echolocation,/mnt/ubna_data_02_mir/recover-20221013/UBNA_001/20221012_030000.WAV,Telephone Field,recover-20221013,001,1795
1657.0525,1657.0898,68437,82011,Rhinolophus ferrumequinum,0.024,0.024,-1,Echolocation,/mnt/ubna_data_02_mir/recover-20221013/UBNA_001/20221012_030000.WAV,Telephone Field,recover-20221013,001,1795
1657.1195,1657.1571,68437,82033,Rhinolophus ferrumequinum,0.024,0.024,-1,Echolocation,/mnt/ubna_data_02_mir/recover-20221013/UBNA_001/20221012_030000.WAV,Telephone Field,recover-20221013,001,1795
1657.1375,1657.1781,68437,82543,Rhinolophus ferrumequinum,0.024,0.024,-1,Echolocation,/mnt/ubna_data_02_mir/recover-20221013/UBNA_001/20221012_030000.WAV,Telephone Field,recover-20221013,001,1795
1657.1475,1657.1867,68437,81838,Rhinolophus ferrumequinum,0.034,0.034,-1,Echolocation,/mnt/ubna_data_02_mir/recover-20221013/UBNA_001/20221012_030000.WAV,Telephone Field,recover-20221013,001,1795
1657.1635,1657.1721,28046,38467,Eptesicus serotinus,0.009,0.023,-1,Echolocation,/mnt/ubna_data_02_mir/recover-20221013/UBNA_001/20221012_030000.WAV,Telephone Field,recover-20221013,001,1795
1657.1695,1657.1797,23750,29494,Nyctalus leisleri,0.01,0.023,-1,Echolocation,/mnt/ubna_data_02_mir/recover-20221013/UBNA_001/20221012_030000.WAV,Telephone Field,recover-20221013,001,1795
1657.1815,1657.1986,22031,25341,Nyctalus leisleri,0.016,0.024,-1,Echolocation,/mnt/ubna_data_02_mir/recover-20221013/UBNA_001/20221012_030000.WAV,Telephone Field,recover-20221013,001,1795
1657.2485,1657.2906,68437,82755,Rhinolophus ferrumequinum,0.023,0.023,-1,Echolocation,/mnt/ubna_data_02_mir/recover-20221013/UBNA_001/20221012_030000.WAV,Telephone Field,recover-20221013,001,1795
1657.2575,1657.2964,68437,83070,Rhinolophus ferrumequinum,0.023,0.024,-1,Echolocation,/mnt/ubna_data_02_mir/recover-20221013/UBNA_001/20221012_030000.WAV,Telephone Field,recover-20221013,001,1795
1657.2845,1657.3251,68437,82677,Rhinolophus ferrumequinum,0.025,0.025,-1,Echolocation,/mnt/ubna_data_02_mir/recover-20221013/UBNA_001/20221012_030000.WAV,Telephone Field,recover-20221013,001,1795
1657.3075,1657.3485,68437,82178,Rhinolophus ferrumequinum,0.022,0.022,-1,Echolocation,/mnt/ubna_data_02_mir/recover-20221013/UBNA_001/20221012_030000.WAV,Telephone Field,recover-20221013,001,1795
1657.3195,1657.3604,68437,82692,Rhinolophus ferrumequinum,0.023,0.023,-1,Echolocation,/mnt/ubna_data_02_mir/recover-20221013/UBNA_001/20221012_030000.WAV,Telephone Field,recover-20221013,001,1795
1657.3975,1657.4076,23750,29579,Nyctalus leisleri,0.009,0.021,-1,Echolocation,/mnt/ubna_data_02_mir/recover-20221013/UBNA_001/20221012_030000.WAV,Telephone Field,recover-20221013,001,1795
1657.4265,1657.4343,28046,39222,Eptesicus serotinus,0.007,0.022,-1,Echolocation,/mnt/ubna_data_02_mir/recover-20221013/UBNA_001/20221012_030000.WAV,Telephone Field,recover-20221013,001,1795
1657.4485,1657.4646,23750,28848,Nyctalus leisleri,0.012,0.026,-1,Echolocation,/mnt/ubna_data_02_mir/recover-20221013/UBNA_001/20221012_030000.WAV,Telephone Field,recover-20221013,001,1795
1657.4515,1657.4918,68437,82840,Rhinolophus ferrumequinum,0.024,0.024,-1,Echolocation,/mnt/ubna_data_02_mir/recover-20221013/UBNA_001/20221012_030000.WAV,Telephone Field,recover-20221013,001,1795
1657.4695,1657.511,68437,82509,Rhinolophus ferrumequinum,0.023,0.023,-1,Echolocation,/mnt/ubna_data_02_mir/recover-20221013/UBNA_001/20221012_030000.WAV,Telephone Field,recover-20221013,001,1795
1657.5125,1657.5196,27187,39193,Eptesicus serotinus,0.007,0.025,-1,Echolocation,/mnt/ubna_data_02_mir/recover-20221013/UBNA_001/20221012_030000.WAV,Telephone Field,recover-20221013,001,1795
1657.5255,1657.5685,68437,82679,Rhinolophus ferrumequinum,0.027,0.027,-1,Echolocation,/mnt/ubna_data_02_mir/recover-20221013/UBNA_001/20221012_030000.WAV,Telephone Field,recover-20221013,001,1795
1657.5475,1657.5852,68437,81896,Rhinolophus ferrumequinum,0.028,0.028,-1,Echolocation,/mnt/ubna_data_02_mir/recover-20221013/UBNA_001/20221012_030000.WAV,Telephone Field,recover-20221013,001,1795
1657.5475,1657.5563,28046,36268,Eptesicus serotinus,0.011,0.025,-1,Echolocation,/mnt/ubna_data_02_mir/recover-20221013/UBNA_001/20221012_030000.WAV,Telephone Field,recover-20221013,001,1795
1657.5705,1657.6065,68437,81282,Rhinolophus ferrumequinum,0.022,0.022,-1,Echolocation,/mnt/ubna_data_02_mir/recover-20221013/UBNA_001/20221012_030000.WAV,Telephone Field,recover-20221013,001,1795
1657.5895,1657.6283,68437,83026,Rhinolophus ferrumequinum,0.032,0.032,-1,Echolocation,/mnt/ubna_data_02_mir/recover-20221013/UBNA_001/20221012_030000.WAV,Telephone Field,recover-20221013,001,1795
1657.5945,1657.6016,27187,38331,Eptesicus serotinus,0.006,0.021,-1,Echolocation,/mnt/ubna_data_02_mir/recover-20221013/UBNA_001/20221012_030000.WAV,Telephone Field,recover-20221013,001,1795
1657.6355,1657.674,68437,81843,Rhinolophus ferrumequinum,0.021,0.021,-1,Echolocation,/mnt/ubna_data_02_mir/recover-20221013/UBNA_001/20221012_030000.WAV,Telephone Field,recover-20221013,001,1795
1657.6385,1657.6494,14296,19459,Nyctalus noctula,0.021,0.045,-1,Echolocation,/mnt/ubna_data_02_mir/recover-20221013/UBNA_001/20221012_030000.WAV,Telephone Field,recover-20221013,001,1795
1657.6665,1657.6745,28046,37060,Eptesicus serotinus,0.007,0.021,-1,Echolocation,/mnt/ubna_data_02_mir/recover-20221013/UBNA_001/20221012_030000.WAV,Telephone Field,recover-20221013,001,1795
1657.7005,1657.7397,68437,82764,Rhinolophus ferrumequinum,0.024,0.024,-1,Echolocation,/mnt/ubna_data_02_mir/recover-20221013/UBNA_001/20221012_030000.WAV,Telephone Field,recover-20221013,001,1795
1657.7375,1657.7475,25468,33162,Eptesicus serotinus,0.008,0.022,-1,Echolocation,/mnt/ubna_data_02_mir/recover-20221013/UBNA_001/20221012_030000.WAV,Telephone Field,recover-20221013,001,1795
1657.7445,1657.7531,28906,38354,Eptesicus serotinus,0.008,0.022,-1,Echolocation,/mnt/ubna_data_02_mir/recover-20221013/UBNA_001/20221012_030000.WAV,Telephone Field,recover-20221013,001,1795
1657.7635,1657.8006,68437,82091,Rhinolophus ferrumequinum,0.022,0.022,-1,Echolocation,/mnt/ubna_data_02_mir/recover-20221013/UBNA_001/20221012_030000.WAV,Telephone Field,recover-20221013,001,1795
1657.7785,1657.8163,68437,82029,Rhinolophus ferrumequinum,0.023,0.023,-1,Echolocation,/mnt/ubna_data_02_mir/recover-20221013/UBNA_001/20221012_030000.WAV,Telephone Field,recover-20221013,001,1795
1657.7865,1657.8234,68437,82204,Rhinolophus ferrumequinum,0.023,0.023,-1,Echolocation,/mnt/ubna_data_02_mir/recover-20221013/UBNA_001/20221012_030000.WAV,Telephone Field,recover-20221013,001,1795
1657.8135,1657.8216,28046,38632,Eptesicus serotinus,0.007,0.021,-1,Echolocation,/mnt/ubna_data_02_mir/recover-20221013/UBNA_001/20221012_030000.WAV,Telephone Field,recover-20221013,001,1795
1657.8525,1657.8604,28046,39297,Eptesicus serotinus,0.008,0.025,-1,Echolocation,/mnt/ubna_data_02_mir/recover-20221013/UBNA_001/20221012_030000.WAV,Telephone Field,recover-20221013,001,1795
1657.8895,1657.929,68437,82257,Rhinolophus ferrumequinum,0.025,0.025,-1,Echolocation,/mnt/ubna_data_02_mir/recover-20221013/UBNA_001/20221012_030000.WAV,Telephone Field,recover-20221013,001,1795
1657.9205,1657.9551,68437,81245,Rhinolophus ferrumequinum,0.026,0.026,-1,Echolocation,/mnt/ubna_data_02_mir/recover-20221013/UBNA_001/20221012_030000.WAV,Telephone Field,recover-20221013,001,1795
1657.9285,1657.9649,68437,81921,Rhinolophus ferrumequinum,0.022,0.022,-1,Echolocation,/mnt/ubna_data_02_mir/recover-20221013/UBNA_001/20221012_030000.WAV,Telephone Field,recover-20221013,001,1795
1657.9655,1657.9728,27187,41054,Eptesicus serotinus,0.007,0.024,-1,Echolocation,/mnt/ubna_data_02_mir/recover-20221013/UBNA_001/20221012_030000.WAV,Telephone Field,recover-20221013,001,1795
1658.0015,1658.0318,68437,79997,Rhinolophus ferrumequinum,0.021,0.021,-1,Echolocation,/mnt/ubna_data_02_mir/recover-20221013/UBNA_001/20221012_030000.WAV,Telephone Field,recover-20221013,001,1795
1658.0015,1658.0078,24609,39614,Myotis nattereri,0.01,0.029,-1,Echolocation,/mnt/ubna_data_02_mir/recover-20221013/UBNA_001/20221012_030000.WAV,Telephone Field,recover-20221013,001,1795
1658.0045,1658.0137,57265,61468,Pipistrellus pygmaeus,0.021,0.022,-1,Echolocation,/mnt/ubna_data_02_mir/recover-20221013/UBNA_001/20221012_030000.WAV,Telephone Field,recover-20221013,001,1795
1658.0195,1658.0645,68437,83121,Rhinolophus ferrumequinum,0.031,0.031,-1,Echolocation,/mnt/ubna_data_02_mir/recover-20221013/UBNA_001/20221012_030000.WAV,Telephone Field,recover-20221013,001,1795
1658.0235,1658.032,28906,39716,Myotis daubentonii,0.006,0.021,-1,Echolocation,/mnt/ubna_data_02_mir/recover-20221013/UBNA_001/20221012_030000.WAV,Telephone Field,recover-20221013,001,1795
1658.0515,1658.0601,27187,36653,Eptesicus serotinus,0.008,0.021,-1,Echolocation,/mnt/ubna_data_02_mir/recover-20221013/UBNA_001/20221012_030000.WAV,Telephone Field,recover-20221013,001,1795
1658.0735,1658.1178,68437,83497,Rhinolophus ferrumequinum,0.037,0.037,-1,Echolocation,/mnt/ubna_data_02_mir/recover-20221013/UBNA_001/20221012_030000.WAV,Telephone Field,recover-20221013,001,1795
1658.1515,1658.1601,28046,37617,Eptesicus serotinus,0.009,0.025,-1,Echolocation,/mnt/ubna_data_02_mir/recover-20221013/UBNA_001/20221012_030000.WAV,Telephone Field,recover-20221013,001,1795
1658.1725,1658.1846,22031,26246,Nyctalus leisleri,0.013,0.025,-1,Echolocation,/mnt/ubna_data_02_mir/recover-20221013/UBNA_001/20221012_030000.WAV,Telephone Field,recover-20221013,001,1795
1658.1885,1658.1992,22890,27636,Nyctalus leisleri,0.011,0.021,-1,Echolocation,/mnt/ubna_data_02_mir/recover-20221013/UBNA_001/20221012_030000.WAV,Telephone Field,recover-20221013,001,1795
1658.2165,1658.254,68437,81136,Rhinolophus ferrumequinum,0.02,0.02,-1,Echolocation,/mnt/ubna_data_02_mir/recover-20221013/UBNA_001/20221012_030000.WAV,Telephone Field,recover-20221013,001,1795
1658.2285,1658.236,27187,37921,Eptesicus serotinus,0.007,0.021,-1,Echolocation,/mnt/ubna_data_02_mir/recover-20221013/UBNA_001/20221012_030000.WAV,Telephone Field,recover-20221013,001,1795
1658.2575,1658.2676,28046,36254,Eptesicus serotinus,0.009,0.021,-1,Echolocation,/mnt/ubna_data_02_mir/recover-20221013/UBNA_001/20221012_030000.WAV,Telephone Field,recover-20221013,001,1795
1658.3155,1658.3238,27187,36742,Eptesicus serotinus,0.007,0.02,-1,Echolocation,/mnt/ubna_data_02_mir/recover-20221013/UBNA_001/20221012_030000.WAV,Telephone Field,recover-20221013,001,1795
1658.3305,1658.339,27187,38202,Eptesicus serotinus,0.008,0.024,-1,Echolocation,/mnt/ubna_data_02_mir/recover-20221013/UBNA_001/20221012_030000.WAV,Telephone Field,recover-20221013,001,1795
1658.3515,1658.3925,68437,82617,Rhinolophus ferrumequinum,0.023,0.023,-1,Echolocation,/mnt/ubna_data_02_mir/recover-20221013/UBNA_001/20221012_030000.WAV,Telephone Field,recover-20221013,001,1795
1658.3885,1658.4251,68437,82171,Rhinolophus ferrumequinum,0.022,0.022,-1,Echolocation,/mnt/ubna_data_02_mir/recover-20221013/UBNA_001/20221012_030000.WAV,Telephone Field,recover-20221013,001,1795
1658.4155,1658.4264,30625,38170,Eptesicus serotinus,0.007,0.021,-1,Echolocation,/mnt/ubna_data_02_mir/recover-20221013/UBNA_001/20221012_030000.WAV,Telephone Field,recover-20221013,001,1795
1658.4345,1658.4427,28046,38612,Eptesicus serotinus,0.007,0.021,-1,Echolocation,/mnt/ubna_data_02_mir/recover-20221013/UBNA_001/20221012_030000.WAV,Telephone Field,recover-20221013,001,1795
1658.4565,1658.4941,68437,82102,Rhinolophus ferrumequinum,0.02,0.021,-1,Echolocation,/mnt/ubna_data_02_mir/recover-20221013/UBNA_001/20221012_030000.WAV,Telephone Field,recover-20221013,001,1795
1658.4695,1658.4788,26328,35138,Eptesicus serotinus,0.01,0.022,-1,Echolocation,/mnt/ubna_data_02_mir/recover-20221013/UBNA_001/20221012_030000.WAV,Telephone Field,recover-20221013,001,1795
1658.4785,1658.4875,22890,29290,Nyctalus leisleri,0.007,0.02,-1,Echolocation,/mnt/ubna_data_02_mir/recover-20221013/UBNA_001/20221012_030000.WAV,Telephone Field,recover-20221013,001,1795
1658.5025,1658.5417,68437,81753,Rhinolophus ferrumequinum,0.02,0.02,-1,Echolocation,/mnt/ubna_data_02_mir/recover-20221013/UBNA_001/20221012_030000.WAV,Telephone Field,recover-20221013,001,1795
1658.5295,1658.54,22031,27401,Nyctalus leisleri,0.012,0.028,-1,Echolocation,/mnt/ubna_data_02_mir/recover-20221013/UBNA_001/20221012_030000.WAV,Telephone Field,recover-20221013,001,1795
1658.5575,1658.5981,68437,83002,Rhinolophus ferrumequinum,0.023,0.023,-1,Echolocation,/mnt/ubna_data_02_mir/recover-20221013/UBNA_001/20221012_030000.WAV,Telephone Field,recover-20221013,001,1795
1658.5835,1658.6232,68437,82772,Rhinolophus ferrumequinum,0.023,0.023,-1,Echolocation,/mnt/ubna_data_02_mir/recover-20221013/UBNA_001/20221012_030000.WAV,Telephone Field,recover-20221013,001,1795
1658.6115,1658.6194,28046,37050,Eptesicus serotinus,0.007,0.021,-1,Echolocation,/mnt/ubna_data_02_mir/recover-20221013/UBNA_001/20221012_030000.WAV,Telephone Field,recover-20221013,001,1795
1658.6665,1658.6768,22890,29501,Nyctalus leisleri,0.008,0.024,-1,Echolocation,/mnt/ubna_data_02_mir/recover-20221013/UBNA_001/20221012_030000.WAV,Telephone Field,recover-20221013,001,1795
1658.6745,1658.7121,68437,82168,Rhinolophus ferrumequinum,0.023,0.023,-1,Echolocation,/mnt/ubna_data_02_mir/recover-20221013/UBNA_001/20221012_030000.WAV,Telephone Field,recover-20221013,001,1795
1658.6795,1658.7195,68437,82305,Rhinolophus ferrumequinum,0.023,0.023,-1,Echolocation,/mnt/ubna_data_02_mir/recover-20221013/UBNA_001/20221012_030000.WAV,Telephone Field,recover-20221013,001,1795
1658.6885,1658.7304,68437,82332,Rhinolophus ferrumequinum,0.021,0.021,-1,Echolocation,/mnt/ubna_data_02_mir/recover-20221013/UBNA_001/20221012_030000.WAV,Telephone Field,recover-20221013,001,1795
1658.7265,1658.7641,68437,81883,Rhinolophus ferrumequinum,0.02,0.02,-1,Echolocation,/mnt/ubna_data_02_mir/recover-20221013/UBNA_001/20221012_030000.WAV,Telephone Field,recover-20221013,001,1795
1658.7295,1658.7357,26328,39394,Myotis nattereri,0.005,0.021,-1,Echolocation,/mnt/ubna_data_02_mir/recover-20221013/UBNA_001/20221012_030000.WAV,Telephone Field,recover-20221013,001,1795
1658.7585,1658.7662,28046,42573,Eptesicus serotinus,0.007,0.02,-1,Echolocation,/mnt/ubna_data_02_mir/recover-20221013/UBNA_001/20221012_030000.WAV,Telephone Field,recover-20221013,001,1795
1658.7735,1658.8136,68437,82067,Rhinolophus ferrumequinum,0.026,0.026,-1,Echolocation,/mnt/ubna_data_02_mir/recover-20221013/UBNA_001/20221012_030000.WAV,Telephone Field,recover-20221013,001,1795
1658.7835,1658.7936,22890,28700,Nyctalus leisleri,0.01,0.024,-1,Echolocation,/mnt/ubna_data_02_mir/recover-20221013/UBNA_001/20221012_030000.WAV,Telephone Field,recover-20221013,001,1795
1658.8515,1658.8599,27187,39277,Eptesicus serotinus,0.008,0.021,-1,Echolocation,/mnt/ubna_data_02_mir/recover-20221013/UBNA_001/20221012_030000.WAV,Telephone Field,recover-20221013,001,1795
1658.8825,1658.8912,28046,39733,Eptesicus serotinus,0.009,0.021,-1,Echolocation,/mnt/ubna_data_02_mir/recover-20221013/UBNA_001/20221012_030000.WAV,Telephone Field,recover-20221013,001,1795
1658.9255,1658.972,68437,83566,Rhinolophus ferrumequinum,0.052,0.052,-1,Echolocation,/mnt/ubna_data_02_mir/recover-20221013/UBNA_001/20221012_030000.WAV,Telephone Field,recover-20221013,001,1795
1658.9255,1658.9332,28046,40152,Eptesicus serotinus,0.007,0.021,-1,Echolocation,/mnt/ubna_data_02_mir/recover-20221013/UBNA_001/20221012_030000.WAV,Telephone Field,recover-20221013,001,1795
1658.9395,1658.9753,68437,82013,Rhinolophus ferrumequinum,0.022,0.022,-1,Echolocation,/mnt/ubna_data_02_mir/recover-20221013/UBNA_001/20221012_030000.WAV,Telephone Field,recover-20221013,001,1795
1658.9945,1659.0325,68437,81605,Rhinolophus ferrumequinum,0.021,0.021,-1,Echolocation,/mnt/ubna_data_02_mir/recover-20221013/UBNA_001/20221012_030000.WAV,Telephone Field,recover-20221013,001,1795
1659.0025,1659.0411,68437,82181,Rhinolophus ferrumequinum,0.022,0.022,-1,Echolocation,/mnt/ubna_data_02_mir/recover-20221013/UBNA_001/20221012_030000.WAV,Telephone Field,recover-20221013,001,1795
1659.0395,1659.0469,28046,38055,Eptesicus serotinus,0.007,0.021,-1,Echolocation,/mnt/ubna_data_02_mir/recover-20221013/UBNA_001/20221012_030000.WAV,Telephone Field,recover-20221013,001,1795
1659.0395,1659.0767,68437,81826,Rhinolophus ferrumequinum,0.022,0.022,-1,Echolocation,/mnt/ubna_data_02_mir/recover-20221013/UBNA_001/20221012_030000.WAV,Telephone Field,recover-20221013,001,1795
1659.0755,1659.0838,26328,36350,Eptesicus serotinus,0.009,0.023,-1,Echolocation,/mnt/ubna_data_02_mir/recover-20221013/UBNA_001/20221012_030000.WAV,Telephone Field,recover-20221013,001,1795
1659.0995,1659.1097,25468,32658,Eptesicus serotinus,0.009,0.024,-1,Echolocation,/mnt/ubna_data_02_mir/recover-20221013/UBNA_001/20221012_030000.WAV,Telephone Field,recover-20221013,001,1795
1659.1055,1659.1476,68437,81885,Rhinolophus ferrumequinum,0.021,0.021,-1,Echolocation,/mnt/ubna_data_02_mir/recover-20221013/UBNA_001/20221012_030000.WAV,Telephone Field,recover-20221013,001,1795
1659.1345,1659.1433,25468,33988,Eptesicus serotinus,0.007,0.022,-1,Echolocation,/mnt/ubna_data_02_mir/recover-20221013/UBNA_001/20221012_030000.WAV,Telephone Field,recover-20221013,001,1795
1659.1615,1659.1703,28046,39808,Eptesicus serotinus,0.007,0.02,-1,Echolocation,/mnt/ubna_data_02_mir/recover-20221013/UBNA_001/20221012_030000.WAV,Telephone Field,recover-20221013,001,1795
1659.1765,1659.2138,68437,81118,Rhinolophus ferrumequinum,0.021,0.021,-1,Echolocation,/mnt/ubna_data_02_mir/recover-20221013/UBNA_001/20221012_030000.WAV,Telephone Field,recover-20221013,001,1795
1659.1845,1659.2215,68437,82038,Rhinolophus ferrumequinum,0.02,0.02,-1,Echolocation,/mnt/ubna_data_02_mir/recover-20221013/UBNA_001/20221012_030000.WAV,Telephone Field,recover-20221013,001,1795
1659.2075,1659.2451,68437,81916,Rhinolophus ferrumequinum,0.024,0.024,-1,Echolocation,/mnt/ubna_data_02_mir/recover-20221013/UBNA_001/20221012_030000.WAV,Telephone Field,recover-20221013,001,1795
1659.2095,1659.2181,23750,31555,Plecotus austriacus,0.007,0.02,-1,Echolocation,/mnt/ubna_data_02_mir/recover-20221013/UBNA_001/20221012_030000.WAV,Telephone Field,recover-20221013,001,1795
1659.2415,1659.2802,68437,82311,Rhinolophus ferrumequinum,0.021,0.021,-1,Echolocation,/mnt/ubna_data_02_mir/recover-20221013/UBNA_001/20221012_030000.WAV,Telephone Field,recover-20221013,001,1795
1659.2525,1659.294,68437,82901,Rhinolophus ferrumequinum,0.024,0.024,-1,Echolocation,/mnt/ubna_data_02_mir/recover-20221013/UBNA_001/20221012_030000.WAV,Telephone Field,recover-20221013,001,1795
1659.2705,1659.3107,68437,82909,Rhinolophus ferrumequinum,0.026,0.026,-1,Echolocation,/mnt/ubna_data_02_mir/recover-20221013/UBNA_001/20221012_030000.WAV,Telephone Field,recover-20221013,001,1795
1659.2745,1659.2841,28046,36253,Eptesicus serotinus,0.009,0.025,-1,Echolocation,/mnt/ubna_data_02_mir/recover-20221013/UBNA_001/20221012_030000.WAV,Telephone Field,recover-20221013,001,1795
1659.2795,1659.2935,21171,24291,Nyctalus leisleri,0.013,0.021,-1,Echolocation,/mnt/ubna_data_02_mir/recover-20221013/UBNA_001/20221012_030000.WAV,Telephone Field,recover-20221013,001,1795
1659.3015,1659.3403,68437,81902,Rhinolophus ferrumequinum,0.021,0.021,-1,Echolocation,/mnt/ubna_data_02_mir/recover-20221013/UBNA_001/20221012_030000.WAV,Telephone Field,recover-20221013,001,1795
1659.3055,1659.3151,24609,32059,Nyctalus leisleri,0.007,0.022,-1,Echolocation,/mnt/ubna_data_02_mir/recover-20221013/UBNA_001/20221012_030000.WAV,Telephone Field,recover-20221013,001,1795
1659.3375,1659.3759,68437,81954,Rhinolophus ferrumequinum,0.02,0.02,-1,Echolocation,/mnt/ubna_data_02_mir/recover-20221013/UBNA_001/20221012_030000.WAV,Telephone Field,recover-20221013,001,1795
1659.4215,1659.4587,68437,82040,Rhinolophus ferrumequinum,0.02,0.02,-1,Echolocation,/mnt/ubna_data_02_mir/recover-20221013/UBNA_001/20221012_030000.WAV,Telephone Field,recover-20221013,001,1795
1659.4555,1659.4639,26328,38998,Eptesicus serotinus,0.008,0.021,-1,Echolocation,/mnt/ubna_data_02_mir/recover-20221013/UBNA_001/20221012_030000.WAV,Telephone Field,recover-20221013,001,1795
1659.4755,1659.4834,23750,31614,Plecotus austriacus,0.008,0.022,-1,Echolocation,/mnt/ubna_data_02_mir/recover-20221013/UBNA_001/20221012_030000.WAV,Telephone Field,recover-20221013,001,1795
1659.5025,1659.5129,23750,29538,Nyctalus leisleri,0.009,0.02,-1,Echolocation,/mnt/ubna_data_02_mir/recover-20221013/UBNA_001/20221012_030000.WAV,Telephone Field,recover-20221013,001,1795
1659.5155,1659.55,68437,80791,Rhinolophus ferrumequinum,0.021,0.021,-1,Echolocation,/mnt/ubna_data_02_mir/recover-20221013/UBNA_001/20221012_030000.WAV,Telephone Field,recover-20221013,001,1795
1659.5275,1659.5672,68437,82790,Rhinolophus ferrumequinum,0.039,0.039,-1,Echolocation,/mnt/ubna_data_02_mir/recover-20221013/UBNA_001/20221012_030000.WAV,Telephone Field,recover-20221013,001,1795
1659.5755,1659.5867,23750,29149,Nyctalus leisleri,0.012,0.025,-1,Echolocation,/mnt/ubna_data_02_mir/recover-20221013/UBNA_001/20221012_030000.WAV,Telephone Field,recover-20221013,001,1795
1659.5885,1659.6279,68437,82619,Rhinolophus ferrumequinum,0.024,0.024,-1,Echolocation,/mnt/ubna_data_02_mir/recover-20221013/UBNA_001/20221012_030000.WAV,Telephone Field,recover-20221013,001,1795
1659.5945,1659.6018,49531,53803,Pipistrellus pipistrellus,0.021,0.024,-1,Echolocation,/mnt/ubna_data_02_mir/recover-20221013/UBNA_001/20221012_030000.WAV,Telephone Field,recover-20221013,001,1795
1659.5955,1659.6356,68437,83072,Rhinolophus ferrumequinum,0.025,0.025,-1,Echolocation,/mnt/ubna_data_02_mir/recover-20221013/UBNA_001/20221012_030000.WAV,Telephone Field,recover-20221013,001,1795
1659.6235,1659.6305,30625,37806,Eptesicus serotinus,0.02,0.051,-1,Echolocation,/mnt/ubna_data_02_mir/recover-20221013/UBNA_001/20221012_030000.WAV,Telephone Field,recover-20221013,001,1795
1659.6355,1659.676,68437,82566,Rhinolophus ferrumequinum,0.022,0.022,-1,Echolocation,/mnt/ubna_data_02_mir/recover-20221013/UBNA_001/20221012_030000.WAV,Telephone Field,recover-20221013,001,1795
1659.6365,1659.6431,27187,36182,Eptesicus serotinus,0.005,0.021,-1,Echolocation,/mnt/ubna_data_02_mir/recover-20221013/UBNA_001/20221012_030000.WAV,Telephone Field,recover-20221013,001,1795
1659.6695,1659.6767,25468,34889,Eptesicus serotinus,0.007,0.025,-1,Echolocation,/mnt/ubna_data_02_mir/recover-20221013/UBNA_001/20221012_030000.WAV,Telephone Field,recover-20221013,001,1795
1659.6715,1659.7117,68437,82418,Rhinolophus ferrumequinum,0.021,0.021,-1,Echolocation,/mnt/ubna_data_02_mir/recover-20221013/UBNA_001/20221012_030000.WAV,Telephone Field,recover-20221013,001,1795
1659.6825,1659.7238,68437,82933,Rhinolophus ferrumequinum,0.023,0.023,-1,Echolocation,/mnt/ubna_data_02_mir/recover-20221013/UBNA_001/20221012_030000.WAV,Telephone Field,recover-20221013,001,1795
1659.7295,1659.7707,68437,82874,Rhinolophus ferrumequinum,0.024,0.024,-1,Echolocation,/mnt/ubna_data_02_mir/recover-20221013/UBNA_001/20221012_030000.WAV,Telephone Field,recover-20221013,001,1795
1659.7395,1659.7485,28046,37007,Eptesicus serotinus,0.01,0.024,-1,Echolocation,/mnt/ubna_data_02_mir/recover-20221013/UBNA_001/20221012_030000.WAV,Telephone Field,recover-20221013,001,1795
1659.7595,1659.7667,32343,52734,Myotis daubentonii,0.008,0.022,-1,Echolocation,/mnt/ubna_data_02_mir/recover-20221013/UBNA_001/20221012_030000.WAV,Telephone Field,recover-20221013,001,1795
1659.8585,1659.8681,28046,37260,Eptesicus serotinus,0.009,0.022,-1,Echolocation,/mnt/ubna_data_02_mir/recover-20221013/UBNA_001/20221012_030000.WAV,Telephone Field,recover-20221013,001,1795
1659.8855,1659.9271,68437,83542,Rhinolophus ferrumequinum,0.031,0.031,-1,Echolocation,/mnt/ubna_data_02_mir/recover-20221013/UBNA_001/20221012_030000.WAV,Telephone Field,recover-20221013,001,1795
1659.9015,1659.9095,27187,36715,Eptesicus serotinus,0.006,0.02,-1,Echolocation,/mnt/ubna_data_02_mir/recover-20221013/UBNA_001/20221012_030000.WAV,Telephone Field,recover-20221013,001,1795
1659.9195,1659.9561,68437,81841,Rhinolophus ferrumequinum,0.021,0.021,-1,Echolocation,/mnt/ubna_data_02_mir/recover-20221013/UBNA_001/20221012_030000.WAV,Telephone Field,recover-20221013,001,1795
1660.0015,1660.01,22031,28016,Nyctalus leisleri,0.009,0.027,-1,Echolocation,/mnt/ubna_data_02_mir/recover-20221013/UBNA_001/20221012_030000.WAV,Telephone Field,recover-20221013,001,1795
1660.0015,1660.0086,48671,54901,Pipistrellus pipistrellus,0.017,0.022,-1,Echolocation,/mnt/ubna_data_02_mir/recover-20221013/UBNA_001/20221012_030000.WAV,Telephone Field,recover-20221013,001,1795
1660.0015,1660.0315,68437,79852,Rhinolophus ferrumequinum,0.021,0.021,-1,Echolocation,/mnt/ubna_data_02_mir/recover-20221013/UBNA_001/20221012_030000.WAV,Telephone Field,recover-20221013,001,1795
1660.1135,1660.1529,68437,82652,Rhinolophus ferrumequinum,0.023,0.023,-1,Echolocation,/mnt/ubna_data_02_mir/recover-20221013/UBNA_001/20221012_030000.WAV,Telephone Field,recover-20221013,001,1795
1660.1155,1660.1246,27187,36136,Eptesicus serotinus,0.008,0.021,-1,Echolocation,/mnt/ubna_data_02_mir/recover-20221013/UBNA_001/20221012_030000.WAV,Telephone Field,recover-20221013,001,1795
1660.1205,1660.1586,68437,81869,Rhinolophus ferrumequinum,0.024,0.024,-1,Echolocation,/mnt/ubna_data_02_mir/recover-20221013/UBNA_001/20221012_030000.WAV,Telephone Field,recover-20221013,001,1795
1660.1265,1660.1347,26328,35581,Eptesicus serotinus,0.008,0.023,-1,Echolocation,/mnt/ubna_data_02_mir/recover-20221013/UBNA_001/20221012_030000.WAV,Telephone Field,recover-20221013,001,1795
1660.1655,1660.1761,28906,35757,Eptesicus serotinus,0.008,0.02,-1,Echolocation,/mnt/ubna_data_02_mir/recover-20221013/UBNA_001/20221012_030000.WAV,Telephone Field,recover-20221013,001,1795
1660.1875,1660.2285,68437,83188,Rhinolophus ferrumequinum,0.027,0.027,-1,Echolocation,/mnt/ubna_data_02_mir/recover-20221013/UBNA_001/20221012_030000.WAV,Telephone Field,recover-20221013,001,1795
1660.2425,1660.2786,68437,81272,Rhinolophus ferrumequinum,0.02,0.02,-1,Echolocation,/mnt/ubna_data_02_mir/recover-20221013/UBNA_001/20221012_030000.WAV,Telephone Field,recover-20221013,001,1795
1660.2465,1660.2532,23750,32183,Plecotus austriacus,0.011,0.023,-1,Echolocation,/mnt/ubna_data_02_mir/recover-20221013/UBNA_001/20221012_030000.WAV,Telephone Field,recover-20221013,001,1795
1660.3195,1660.3549,68437,81334,Rhinolophus ferrumequinum,0.023,0.023,-1,Echolocation,/mnt/ubna_data_02_mir/recover-20221013/UBNA_001/20221012_030000.WAV,Telephone Field,recover-20221013,001,1795
1660.3255,1660.3337,25468,34737,Eptesicus serotinus,0.008,0.022,-1,Echolocation,/mnt/ubna_data_02_mir/recover-20221013/UBNA_001/20221012_030000.WAV,Telephone Field,recover-20221013,001,1795
1660.3305,1660.3375,24609,32977,Plecotus austriacus,0.008,0.022,-1,Echolocation,/mnt/ubna_data_02_mir/recover-20221013/UBNA_001/20221012_030000.WAV,Telephone Field,recover-20221013,001,1795
1660.3455,1660.3543,28906,39876,Eptesicus serotinus,0.008,0.022,-1,Echolocation,/mnt/ubna_data_02_mir/recover-20221013/UBNA_001/20221012_030000.WAV,Telephone Field,recover-20221013,001,1795
1660.3685,1660.3759,28046,38346,Eptesicus serotinus,0.006,0.021,-1,Echolocation,/mnt/ubna_data_02_mir/recover-20221013/UBNA_001/20221012_030000.WAV,Telephone Field,recover-20221013,001,1795
1660.4035,1660.4426,68437,82340,Rhinolophus ferrumequinum,0.02,0.02,-1,Echolocation,/mnt/ubna_data_02_mir/recover-20221013/UBNA_001/20221012_030000.WAV,Telephone Field,recover-20221013,001,1795
1660.4565,1660.4949,68437,81885,Rhinolophus ferrumequinum,0.022,0.022,-1,Echolocation,/mnt/ubna_data_02_mir/recover-20221013/UBNA_001/20221012_030000.WAV,Telephone Field,recover-20221013,001,1795
1660.4625,1660.4985,68437,82117,Rhinolophus ferrumequinum,0.022,0.023,-1,Echolocation,/mnt/ubna_data_02_mir/recover-20221013/UBNA_001/20221012_030000.WAV,Telephone Field,recover-20221013,001,1795
1660.4645,1660.4741,36640,43255,Barbastellus barbastellus,0.006,0.025,-1,Echolocation,/mnt/ubna_data_02_mir/recover-20221013/UBNA_001/20221012_030000.WAV,Telephone Field,recover-20221013,001,1795
1660.4775,1660.5138,68437,82095,Rhinolophus ferrumequinum,0.024,0.024,-1,Echolocation,/mnt/ubna_data_02_mir/recover-20221013/UBNA_001/20221012_030000.WAV,Telephone Field,recover-20221013,001,1795
1660.5225,1660.5632,68437,82602,Rhinolophus ferrumequinum,0.029,0.029,-1,Echolocation,/mnt/ubna_data_02_mir/recover-20221013/UBNA_001/20221012_030000.WAV,Telephone Field,recover-20221013,001,1795
1660.5615,1660.5989,68437,81422,Rhinolophus ferrumequinum,0.022,0.022,-1,Echolocation,/mnt/ubna_data_02_mir/recover-20221013/UBNA_001/20221012_030000.WAV,Telephone Field,recover-20221013,001,1795
1660.5665,1660.5739,28046,40711,Eptesicus serotinus,0.006,0.02,-1,Echolocation,/mnt/ubna_data_02_mir/recover-20221013/UBNA_001/20221012_030000.WAV,Telephone Field,recover-20221013,001,1795
1660.5705,1660.6088,68437,81652,Rhinolophus ferrumequinum,0.022,0.022,-1,Echolocation,/mnt/ubna_data_02_mir/recover-20221013/UBNA_001/20221012_030000.WAV,Telephone Field,recover-20221013,001,1795
1660.6025,1660.6117,28906,39965,Eptesicus serotinus,0.01,0.026,-1,Echolocation,/mnt/ubna_data_02_mir/recover-20221013/UBNA_001/20221012_030000.WAV,Telephone Field,recover-20221013,001,1795
1660.6555,1660.6918,68437,81247,Rhinolophus ferrumequinum,0.02,0.02,-1,Echolocation,/mnt/ubna_data_02_mir/recover-20221013/UBNA_001/20221012_030000.WAV,Telephone Field,recover-20221013,001,1795
1660.6675,1660.7035,68437,80881,Rhinolophus ferrumequinum,0.023,0.023,-1,Echolocation,/mnt/ubna_data_02_mir/recover-20221013/UBNA_001/20221012_030000.WAV,Telephone Field,recover-20221013,001,1795
1660.6785,1660.7174,68437,82089,Rhinolophus ferrumequinum,0.022,0.022,-1,Echolocation,/mnt/ubna_data_02_mir/recover-20221013/UBNA_001/20221012_030000.WAV,Telephone Field,recover-20221013,001,1795
1660.6865,1660.7251,68437,81952,Rhinolophus ferrumequinum,0.022,0.022,-1,Echolocation,/mnt/ubna_data_02_mir/recover-20221013/UBNA_001/20221012_030000.WAV,Telephone Field,recover-20221013,001,1795
1660.6885,1660.7029,28046,33975,Eptesicus serotinus,0.032,0.06,-1,Echolocation,/mnt/ubna_data_02_mir/recover-20221013/UBNA_001/20221012_030000.WAV,Telephone Field,recover-20221013,001,1795
1660.7085,1660.7453,68437,80955,Rhinolophus ferrumequinum,0.021,0.021,-1,Echolocation,/mnt/ubna_data_02_mir/recover-20221013/UBNA_001/20221012_030000.WAV,Telephone Field,recover-20221013,001,1795
1660.7185,1660.7573,68437,81669,Rhinolophus ferrumequinum,0.022,0.022,-1,Echolocation,/mnt/ubna_data_02_mir/recover-20221013/UBNA_001/20221012_030000.WAV,Telephone Field,recover-20221013,001,1795
1660.7515,1660.7877,68437,80916,Rhinolophus ferrumequinum,0.026,0.026,-1,Echolocation,/mnt/ubna_data_02_mir/recover-20221013/UBNA_001/20221012_030000.WAV,Telephone Field,recover-20221013,001,1795
1660.7565,1660.7695,29765,35568,Eptesicus serotinus,0.014,0.029,-1,Echolocation,/mnt/ubna_data_02_mir/recover-20221013/UBNA_001/20221012_030000.WAV,Telephone Field,recover-20221013,001,1795
1660.7715,1660.7781,28906,42803,Eptesicus serotinus,0.006,0.023,-1,Echolocation,/mnt/ubna_data_02_mir/recover-20221013/UBNA_001/20221012_030000.WAV,Telephone Field,recover-20221013,001,1795
1660.7925,1660.8321,68437,82417,Rhinolophus ferrumequinum,0.023,0.023,-1,Echolocation,/mnt/ubna_data_02_mir/recover-20221013/UBNA_001/20221012_030000.WAV,Telephone Field,recover-20221013,001,1795
1660.8215,1660.8309,28046,37176,Eptesicus serotinus,0.009,0.021,-1,Echolocation,/mnt/ubna_data_02_mir/recover-20221013/UBNA_001/20221012_030000.WAV,Telephone Field,recover-20221013,001,1795
1660.8685,1660.8771,25468,33852,Eptesicus serotinus,0.008,0.023,-1,Echolocation,/mnt/ubna_data_02_mir/recover-20221013/UBNA_001/20221012_030000.WAV,Telephone Field,recover-20221013,001,1795
1660.8805,1660.917,68437,81960,Rhinolophus ferrumequinum,0.02,0.02,-1,Echolocation,/mnt/ubna_data_02_mir/recover-20221013/UBNA_001/20221012_030000.WAV,Telephone Field,recover-20221013,001,1795
1660.8845,1660.8952,25468,32529,Eptesicus serotinus,0.01,0.023,-1,Echolocation,/mnt/ubna_data_02_mir/recover-20221013/UBNA_001/20221012_030000.WAV,Telephone Field,recover-20221013,001,1795
1660.8955,1660.9038,28046,40447,Eptesicus serotinus,0.007,0.02,-1,Echolocation,/mnt/ubna_data_02_mir/recover-20221013/UBNA_001/20221012_030000.WAV,Telephone Field,recover-20221013,001,1795
1660.9045,1660.9161,28906,35882,Eptesicus serotinus,0.012,0.024,-1,Echolocation,/mnt/ubna_data_02_mir/recover-20221013/UBNA_001/20221012_030000.WAV,Telephone Field,recover-20221013,001,1795
1660.9665,1660.9754,27187,35759,Eptesicus serotinus,0.009,0.022,-1,Echolocation,/mnt/ubna_data_02_mir/recover-20221013/UBNA_001/20221012_030000.WAV,Telephone Field,recover-20221013,001,1795
1660.9675,1661.0054,68437,82100,Rhinolophus ferrumequinum,0.023,0.023,-1,Echolocation,/mnt/ubna_data_02_mir/recover-20221013/UBNA_001/20221012_030000.WAV,Telephone Field,recover-20221013,001,1795
1660.9975,1661.0372,68437,81981,Rhinolophus ferrumequinum,0.021,0.021,-1,Echolocation,/mnt/ubna_data_02_mir/recover-20221013/UBNA_001/20221012_030000.WAV,Telephone Field,recover-20221013,001,1795
1661.0415,1661.082,68437,82339,Rhinolophus ferrumequinum,0.024,0.024,-1,Echolocation,/mnt/ubna_data_02_mir/recover-20221013/UBNA_001/20221012_030000.WAV,Telephone Field,recover-20221013,001,1795
1661.1295,1661.138,28046,37488,Eptesicus serotinus,0.01,0.023,-1,Echolocation,/mnt/ubna_data_02_mir/recover-20221013/UBNA_001/20221012_030000.WAV,Telephone Field,recover-20221013,001,1795
1661.1425,1661.1825,68437,82406,Rhinolophus ferrumequinum,0.023,0.023,-1,Echolocation,/mnt/ubna_data_02_mir/recover-20221013/UBNA_001/20221012_030000.WAV,Telephone Field,recover-20221013,001,1795
1661.1465,1661.1553,27187,37948,Eptesicus serotinus,0.008,0.02,-1,Echolocation,/mnt/ubna_data_02_mir/recover-20221013/UBNA_001/20221012_030000.WAV,Telephone Field,recover-20221013,001,1795
1661.1695,1661.216,68437,83816,Rhinolophus ferrumequinum,0.038,0.038,-1,Echolocation,/mnt/ubna_data_02_mir/recover-20221013/UBNA_001/20221012_030000.WAV,Telephone Field,recover-20221013,001,1795
1661.1815,1661.1884,50390,56152,Pipistrellus pipistrellus,0.019,0.021,-1,Echolocation,/mnt/ubna_data_02_mir/recover-20221013/UBNA_001/20221012_030000.WAV,Telephone Field,recover-20221013,001,1795
1661.2085,1661.2185,28906,36840,Eptesicus serotinus,0.009,0.022,-1,Echolocation,/mnt/ubna_data_02_mir/recover-20221013/UBNA_001/20221012_030000.WAV,Telephone Field,recover-20221013,001,1795
1661.2185,1661.2548,68437,81510,Rhinolophus ferrumequinum,0.02,0.02,-1,Echolocation,/mnt/ubna_data_02_mir/recover-20221013/UBNA_001/20221012_030000.WAV,Telephone Field,recover-20221013,001,1795
1661.2305,1661.2437,45234,48103,Pipistrellus pipistrellus,0.032,0.035,-1,Echolocation,/mnt/ubna_data_02_mir/recover-20221013/UBNA_001/20221012_030000.WAV,Telephone Field,recover-20221013,001,1795
1661.2525,1661.2919,68437,82543,Rhinolophus ferrumequinum,0.022,0.022,-1,Echolocation,/mnt/ubna_data_02_mir/recover-20221013/UBNA_001/20221012_030000.WAV,Telephone Field,recover-20221013,001,1795
1661.2735,1661.3143,68437,82674,Rhinolophus ferrumequinum,0.025,0.025,-1,Echolocation,/mnt/ubna_data_02_mir/recover-20221013/UBNA_001/20221012_030000.WAV,Telephone Field,recover-20221013,001,1795
1661.2935,1661.3095,23750,27476,Nyctalus leisleri,0.073,0.124,-1,Echolocation,/mnt/ubna_data_02_mir/recover-20221013/UBNA_001/20221012_030000.WAV,Telephone Field,recover-20221013,001,1795
1661.3445,1661.3516,27187,44219,Eptesicus serotinus,0.006,0.021,-1,Echolocation,/mnt/ubna_data_02_mir/recover-20221013/UBNA_001/20221012_030000.WAV,Telephone Field,recover-20221013,001,1795
1661.3455,1661.385,68437,82124,Rhinolophus ferrumequinum,0.024,0.024,-1,Echolocation,/mnt/ubna_data_02_mir/recover-20221013/UBNA_001/20221012_030000.WAV,Telephone Field,recover-20221013,001,1795
1661.3705,1661.3771,25468,35704,Plecotus austriacus,0.011,0.031,-1,Echolocation,/mnt/ubna_data_02_mir/recover-20221013/UBNA_001/20221012_030000.WAV,Telephone Field,recover-20221013,001,1795
1661.3945,1661.4293,68437,81314,Rhinolophus ferrumequinum,0.02,0.02,-1,Echolocation,/mnt/ubna_data_02_mir/recover-20221013/UBNA_001/20221012_030000.WAV,Telephone Field,recover-20221013,001,1795
1661.4195,1661.4614,68437,82287,Rhinolophus ferrumequinum,0.024,0.024,-1,Echolocation,/mnt/ubna_data_02_mir/recover-20221013/UBNA_001/20221012_030000.WAV,Telephone Field,recover-20221013,001,1795
1661.4295,1661.4363,27187,40278,Eptesicus serotinus,0.006,0.022,-1,Echolocation,/mnt/ubna_data_02_mir/recover-20221013/UBNA_001/20221012_030000.WAV,Telephone Field,recover-20221013,001,1795
1661.4335,1661.4427,47812,50712,Pipistrellus pipistrellus,0.046,0.049,-1,Echolocation,/mnt/ubna_data_02_mir/recover-20221013/UBNA_001/20221012_030000.WAV,Telephone Field,recover-20221013,001,1795
1661.4445,1661.4852,68437,82485,Rhinolophus ferrumequinum,0.027,0.027,-1,Echolocation,/mnt/ubna_data_02_mir/recover-20221013/UBNA_001/20221012_030000.WAV,Telephone Field,recover-20221013,001,1795
1661.4585,1661.499,68437,82135,Rhinolophus ferrumequinum,0.025,0.025,-1,Echolocation,/mnt/ubna_data_02_mir/recover-20221013/UBNA_001/20221012_030000.WAV,Telephone Field,recover-20221013,001,1795
1661.4875,1661.5266,68437,82494,Rhinolophus ferrumequinum,0.02,0.02,-1,Echolocation,/mnt/ubna_data_02_mir/recover-20221013/UBNA_001/20221012_030000.WAV,Telephone Field,recover-20221013,001,1795
1661.4955,1661.5367,68437,82189,Rhinolophus ferrumequinum,0.022,0.022,-1,Echolocation,/mnt/ubna_data_02_mir/recover-20221013/UBNA_001/20221012_030000.WAV,Telephone Field,recover-20221013,001,1795
1661.5075,1661.5177,23750,29272,Nyctalus leisleri,0.009,0.022,-1,Echolocation,/mnt/ubna_data_02_mir/recover-20221013/UBNA_001/20221012_030000.WAV,Telephone Field,recover-20221013,001,1795
1661.5225,1661.562,68437,82090,Rhinolophus ferrumequinum,0.02,0.02,-1,Echolocation,/mnt/ubna_data_02_mir/recover-20221013/UBNA_001/20221012_030000.WAV,Telephone Field,recover-20221013,001,1795
1661.5245,1661.5346,29765,38236,Eptesicus serotinus,0.007,0.02,-1,Echolocation,/mnt/ubna_data_02_mir/recover-20221013/UBNA_001/20221012_030000.WAV,Telephone Field,recover-20221013,001,1795
1661.5515,1661.5913,68437,82449,Rhinolophus ferrumequinum,0.023,0.023,-1,Echolocation,/mnt/ubna_data_02_mir/recover-20221013/UBNA_001/20221012_030000.WAV,Telephone Field,recover-20221013,001,1795
1661.6345,1661.6446,23750,30327,Nyctalus leisleri,0.007,0.022,-1,Echolocation,/mnt/ubna_data_02_mir/recover-20221013/UBNA_001/20221012_030000.WAV,Telephone Field,recover-20221013,001,1795
1661.6655,1661.6764,23750,28512,Nyctalus leisleri,0.013,0.025,-1,Echolocation,/mnt/ubna_data_02_mir/recover-20221013/UBNA_001/20221012_030000.WAV,Telephone Field,recover-20221013,001,1795
1661.6755,1661.7159,68437,82334,Rhinolophus ferrumequinum,0.021,0.021,-1,Echolocation,/mnt/ubna_data_02_mir/recover-20221013/UBNA_001/20221012_030000.WAV,Telephone Field,recover-20221013,001,1795
1661.7105,1661.7502,68437,82633,Rhinolophus ferrumequinum,0.023,0.023,-1,Echolocation,/mnt/ubna_data_02_mir/recover-20221013/UBNA_001/20221012_030000.WAV,Telephone Field,recover-20221013,001,1795
1661.7325,1661.7699,68437,82036,Rhinolophus ferrumequinum,0.023,0.023,-1,Echolocation,/mnt/ubna_data_02_mir/recover-20221013/UBNA_001/20221012_030000.WAV,Telephone Field,recover-20221013,001,1795
1661.7335,1661.743,26328,33768,Eptesicus serotinus,0.011,0.027,-1,Echolocation,/mnt/ubna_data_02_mir/recover-20221013/UBNA_001/20221012_030000.WAV,Telephone Field,recover-20221013,001,1795
1661.7405,1661.7575,19453,22792,Nyctalus leisleri,0.011,0.021,-1,Echolocation,/mnt/ubna_data_02_mir/recover-20221013/UBNA_001/20221012_030000.WAV,Telephone Field,recover-20221013,001,1795
1661.7405,1661.7522,27187,33900,Eptesicus serotinus,0.015,0.029,-1,Echolocation,/mnt/ubna_data_02_mir/recover-20221013/UBNA_001/20221012_030000.WAV,Telephone Field,recover-20221013,001,1795
1661.7695,1661.809,68437,81665,Rhinolophus ferrumequinum,0.029,0.029,-1,Echolocation,/mnt/ubna_data_02_mir/recover-20221013/UBNA_001/20221012_030000.WAV,Telephone Field,recover-20221013,001,1795
1661.7805,1661.8202,68437,82604,Rhinolophus ferrumequinum,0.025,0.025,-1,Echolocation,/mnt/ubna_data_02_mir/recover-20221013/UBNA_001/20221012_030000.WAV,Telephone Field,recover-20221013,001,1795
1661.7815,1661.7921,24609,30409,Nyctalus leisleri,0.009,0.023,-1,Echolocation,/mnt/ubna_data_02_mir/recover-20221013/UBNA_001/20221012_030000.WAV,Telephone Field,recover-20221013,001,1795
1661.7875,1661.7962,42656,54453,Pipistrellus pipistrellus,0.005,0.02,-1,Echolocation,/mnt/ubna_data_02_mir/recover-20221013/UBNA_001/20221012_030000.WAV,Telephone Field,recover-20221013,001,1795
1661.7885,1661.8297,68437,82812,Rhinolophus ferrumequinum,0.024,0.024,-1,Echolocation,/mnt/ubna_data_02_mir/recover-20221013/UBNA_001/20221012_030000.WAV,Telephone Field,recover-20221013,001,1795
1661.8065,1661.8163,22031,28155,Plecotus austriacus,0.007,0.024,-1,Echolocation,/mnt/ubna_data_02_mir/recover-20221013/UBNA_001/20221012_030000.WAV,Telephone Field,recover-20221013,001,1795
1661.8095,1661.8494,68437,82950,Rhinolophus ferrumequinum,0.025,0.025,-1,Echolocation,/mnt/ubna_data_02_mir/recover-20221013/UBNA_001/20221012_030000.WAV,Telephone Field,recover-20221013,001,1795
1661.8225,1661.8354,22031,26178,Nyctalus leisleri,0.012,0.022,-1,Echolocation,/mnt/ubna_data_02_mir/recover-20221013/UBNA_001/20221012_030000.WAV,Telephone Field,recover-20221013,001,1795
1661.8645,1661.905,68437,82393,Rhinolophus ferrumequinum,0.024,0.024,-1,Echolocation,/mnt/ubna_data_02_mir/recover-20221013/UBNA_001/20221012_030000.WAV,Telephone Field,recover-20221013,001,1795
1661.8885,1661.9265,68437,81566,Rhinolophus ferrumequinum,0.021,0.022,-1,Echolocation,/mnt/ubna_data_02_mir/recover-20221013/UBNA_001/20221012_030000.WAV,Telephone Field,recover-20221013,001,1795
1661.8945,1661.9332,68437,81832,Rhinolophus ferrumequinum,0.022,0.022,-1,Echolocation,/mnt/ubna_data_02_mir/recover-20221013/UBNA_001/20221012_030000.WAV,Telephone Field,recover-20221013,001,1795
1661.9165,1661.9539,68437,81677,Rhinolophus ferrumequinum,0.02,0.02,-1,Echolocation,/mnt/ubna_data_02_mir/recover-20221013/UBNA_001/20221012_030000.WAV,Telephone Field,recover-20221013,001,1795
1661.9195,1661.9283,27187,37552,Eptesicus serotinus,0.008,0.02,-1,Echolocation,/mnt/ubna_data_02_mir/recover-20221013/UBNA_001/20221012_030000.WAV,Telephone Field,recover-20221013,001,1795
1661.9565,1661.9634,28906,40775,Eptesicus serotinus,0.007,0.024,-1,Echolocation,/mnt/ubna_data_02_mir/recover-20221013/UBNA_001/20221012_030000.WAV,Telephone Field,recover-20221013,001,1795
1662.0015,1662.0358,68437,79794,Rhinolophus ferrumequinum,0.04,0.041,-1,Echolocation,/mnt/ubna_data_02_mir/recover-20221013/UBNA_001/20221012_030000.WAV,Telephone Field,recover-20221013,001,1795
1662.0015,1662.0134,46953,52680,Pipistrellus pipistrellus,0.017,0.023,-1,Echolocation,/mnt/ubna_data_02_mir/recover-20221013/UBNA_001/20221012_030000.WAV,Telephone Field,recover-20221013,001,1795
1662.0015,1662.0106,23750,30536,Nyctalus leisleri,0.01,0.029,-1,Echolocation,/mnt/ubna_data_02_mir/recover-20221013/UBNA_001/20221012_030000.WAV,Telephone Field,recover-20221013,001,1795
1662.0115,1662.0208,50390,53750,Pipistrellus pipistrellus,0.023,0.028,-1,Echolocation,/mnt/ubna_data_02_mir/recover-20221013/UBNA_001/20221012_030000.WAV,Telephone Field,recover-20221013,001,1795
1662.0125,1662.0197,28046,40285,Eptesicus serotinus,0.006,0.021,-1,Echolocation,/mnt/ubna_data_02_mir/recover-20221013/UBNA_001/20221012_030000.WAV,Telephone Field,recover-20221013,001,1795
1662.0585,1662.0972,68437,82371,Rhinolophus ferrumequinum,0.021,0.021,-1,Echolocation,/mnt/ubna_data_02_mir/recover-20221013/UBNA_001/20221012_030000.WAV,Telephone Field,recover-20221013,001,1795
1662.0695,1662.1097,68437,82241,Rhinolophus ferrumequinum,0.022,0.022,-1,Echolocation,/mnt/ubna_data_02_mir/recover-20221013/UBNA_001/20221012_030000.WAV,Telephone Field,recover-20221013,001,1795
1662.0785,1662.086,28046,37297,Eptesicus serotinus,0.007,0.021,-1,Echolocation,/mnt/ubna_data_02_mir/recover-20221013/UBNA_001/20221012_030000.WAV,Telephone Field,recover-20221013,001,1795
1662.0795,1662.1203,68437,82844,Rhinolophus ferrumequinum,0.021,0.021,-1,Echolocation,/mnt/ubna_data_02_mir/recover-20221013/UBNA_001/20221012_030000.WAV,Telephone Field,recover-20221013,001,1795
1662.1585,1662.1993,68437,82568,Rhinolophus ferrumequinum,0.023,0.023,-1,Echolocation,/mnt/ubna_data_02_mir/recover-20221013/UBNA_001/20221012_030000.WAV,Telephone Field,recover-20221013,001,1795
1662.1795,1662.2137,68437,80772,Rhinolophus ferrumequinum,0.021,0.021,-1,Echolocation,/mnt/ubna_data_02_mir/recover-20221013/UBNA_001/20221012_030000.WAV,Telephone Field,recover-20221013,001,1795
1662.1975,1662.2066,43515,49194,Pipistrellus pipistrellus,0.022,0.029,-1,Echolocation,/mnt/ubna_data_02_mir/recover-20221013/UBNA_001/20221012_030000.WAV,Telephone Field,recover-20221013,001,1795
1662.2265,1662.2334,28046,39456,Eptesicus serotinus,0.006,0.021,-1,Echolocation,/mnt/ubna_data_02_mir/recover-20221013/UBNA_001/20221012_030000.WAV,Telephone Field,recover-20221013,001,1795
1662.2465,1662.2887,68437,82789,Rhinolophus ferrumequinum,0.024,0.024,-1,Echolocation,/mnt/ubna_data_02_mir/recover-20221013/UBNA_001/20221012_030000.WAV,Telephone Field,recover-20221013,001,1795
1662.2595,1662.2674,28046,38908,Eptesicus serotinus,0.007,0.021,-1,Echolocation,/mnt/ubna_data_02_mir/recover-20221013/UBNA_001/20221012_030000.WAV,Telephone Field,recover-20221013,001,1795
1662.2865,1662.3251,68437,81778,Rhinolophus ferrumequinum,0.024,0.024,-1,Echolocation,/mnt/ubna_data_02_mir/recover-20221013/UBNA_001/20221012_030000.WAV,Telephone Field,recover-20221013,001,1795
1662.2895,1662.2995,28046,36261,Eptesicus serotinus,0.01,0.022,-1,Echolocation,/mnt/ubna_data_02_mir/recover-20221013/UBNA_001/20221012_030000.WAV,Telephone Field,recover-20221013,001,1795
1662.3115,1662.354,68437,82865,Rhinolophus ferrumequinum,0.024,0.024,-1,Echolocation,/mnt/ubna_data_02_mir/recover-20221013/UBNA_001/20221012_030000.WAV,Telephone Field,recover-20221013,001,1795
1662.3115,1662.3191,25468,34520,Plecotus austriacus,0.006,0.023,-1,Echolocation,/mnt/ubna_data_02_mir/recover-20221013/UBNA_001/20221012_030000.WAV,Telephone Field,recover-20221013,001,1795
1662.3715,1662.3831,22890,28309,Nyctalus leisleri,0.012,0.024,-1,Echolocation,/mnt/ubna_data_02_mir/recover-20221013/UBNA_001/20221012_030000.WAV,Telephone Field,recover-20221013,001,1795
1662.3935,1662.432,68437,80929,Rhinolophus ferrumequinum,0.021,0.021,-1,Echolocation,/mnt/ubna_data_02_mir/recover-20221013/UBNA_001/20221012_030000.WAV,Telephone Field,recover-20221013,001,1795
1662.4425,1662.4534,23750,29716,Nyctalus leisleri,0.011,0.027,-1,Echolocation,/mnt/ubna_data_02_mir/recover-20221013/UBNA_001/20221012_030000.WAV,Telephone Field,recover-20221013,001,1795
1662.4645,1662.4711,24609,34098,Plecotus austriacus,0.01,0.025,-1,Echolocation,/mnt/ubna_data_02_mir/recover-20221013/UBNA_001/20221012_030000.WAV,Telephone Field,recover-20221013,001,1795
1662.4955,1662.5077,22890,28663,Nyctalus leisleri,0.029,0.066,-1,Echolocation,/mnt/ubna_data_02_mir/recover-20221013/UBNA_001/20221012_030000.WAV,Telephone Field,recover-20221013,001,1795
1662.5115,1662.5537,68437,82739,Rhinolophus ferrumequinum,0.026,0.026,-1,Echolocation,/mnt/ubna_data_02_mir/recover-20221013/UBNA_001/20221012_030000.WAV,Telephone Field,recover-20221013,001,1795
1662.5395,1662.5778,68437,82031,Rhinolophus ferrumequinum,0.021,0.021,-1,Echolocation,/mnt/ubna_data_02_mir/recover-20221013/UBNA_001/20221012_030000.WAV,Telephone Field,recover-20221013,001,1795
1662.5495,1662.5868,68437,81646,Rhinolophus ferrumequinum,0.023,0.024,-1,Echolocation,/mnt/ubna_data_02_mir/recover-20221013/UBNA_001/20221012_030000.WAV,Telephone Field,recover-20221013,001,1795
1662.5635,1662.6044,68437,82286,Rhinolophus ferrumequinum,0.022,0.022,-1,Echolocation,/mnt/ubna_data_02_mir/recover-20221013/UBNA_001/20221012_030000.WAV,Telephone Field,recover-20221013,001,1795
1662.5665,1662.5751,27187,38520,Eptesicus serotinus,0.007,0.021,-1,Echolocation,/mnt/ubna_data_02_mir/recover-20221013/UBNA_001/20221012_030000.WAV,Telephone Field,recover-20221013,001,1795
1662.5725,1662.6127,68437,82108,Rhinolophus ferrumequinum,0.022,0.022,-1,Echolocation,/mnt/ubna_data_02_mir/recover-20221013/UBNA_001/20221012_030000.WAV,Telephone Field,recover-20221013,001,1795
1662.5745,1662.5845,28046,37150,Eptesicus serotinus,0.01,0.022,-1,Echolocation,/mnt/ubna_data_02_mir/recover-20221013/UBNA_001/20221012_030000.WAV,Telephone Field,recover-20221013,001,1795
1662.5985,1662.6107,22031,27581,Nyctalus leisleri,0.012,0.027,-1,Echolocation,/mnt/ubna_data_02_mir/recover-20221013/UBNA_001/20221012_030000.WAV,Telephone Field,recover-20221013,001,1795
1662.6025,1662.6105,27187,38082,Eptesicus serotinus,0.009,0.025,-1,Echolocation,/mnt/ubna_data_02_mir/recover-20221013/UBNA_001/20221012_030000.WAV,Telephone Field,recover-20221013,001,1795
1662.6135,1662.6554,68437,82116,Rhinolophus ferrumequinum,0.023,0.023,-1,Echolocation,/mnt/ubna_data_02_mir/recover-20221013/UBNA_001/20221012_030000.WAV,Telephone Field,recover-20221013,001,1795
1662.6435,1662.6808,68437,81925,Rhinolophus ferrumequinum,0.021,0.021,-1,Echolocation,/mnt/ubna_data_02_mir/recover-20221013/UBNA_001/20221012_030000.WAV,Telephone Field,recover-20221013,001,1795
1662.6875,1662.7251,68437,82093,Rhinolophus ferrumequinum,0.025,0.025,-1,Echolocation,/mnt/ubna_data_02_mir/recover-20221013/UBNA_001/20221012_030000.WAV,Telephone Field,recover-20221013,001,1795
1662.6905,1662.7,24609,32382,Eptesicus serotinus,0.015,0.036,-1,Echolocation,/mnt/ubna_data_02_mir/recover-20221013/UBNA_001/20221012_030000.WAV,Telephone Field,recover-20221013,001,1795
1662.7685,1662.8025,68437,80506,Rhinolophus ferrumequinum,0.027,0.027,-1,Echolocation,/mnt/ubna_data_02_mir/recover-20221013/UBNA_001/20221012_030000.WAV,Telephone Field,recover-20221013,001,1795
1662.7925,1662.8326,68437,82529,Rhinolophus ferrumequinum,0.029,0.029,-1,Echolocation,/mnt/ubna_data_02_mir/recover-20221013/UBNA_001/20221012_030000.WAV,Telephone Field,recover-20221013,001,1795
1662.8245,1662.8601,68437,81587,Rhinolophus ferrumequinum,0.028,0.028,-1,Echolocation,/mnt/ubna_data_02_mir/recover-20221013/UBNA_001/20221012_030000.WAV,Telephone Field,recover-20221013,001,1795
1662.8445,1662.8826,68437,82338,Rhinolophus ferrumequinum,0.022,0.022,-1,Echolocation,/mnt/ubna_data_02_mir/recover-20221013/UBNA_001/20221012_030000.WAV,Telephone Field,recover-20221013,001,1795
1662.8605,1662.8980999999999,68437,82046,Rhinolophus ferrumequinum,0.021,0.021,-1,Echolocation,/mnt/ubna_data_02_mir/recover-20221013/UBNA_001/20221012_030000.WAV,Telephone Field,recover-20221013,001,1795
1662.9065,1662.9144000000001,28046,40457,Eptesicus serotinus,0.007,0.021,-1,Echolocation,/mnt/ubna_data_02_mir/recover-20221013/UBNA_001/20221012_030000.WAV,Telephone Field,recover-20221013,001,1795
1662.9175,1662.9242,28046,45036,Myotis daubentonii,0.008,0.028,-1,Echolocation,/mnt/ubna_data_02_mir/recover-20221013/UBNA_001/20221012_030000.WAV,Telephone Field,recover-20221013,001,1795
1662.9205,1662.9262,33203,48016,Myotis daubentonii,0.012,0.025,-1,Echolocation,/mnt/ubna_data_02_mir/recover-20221013/UBNA_001/20221012_030000.WAV,Telephone Field,recover-20221013,001,1795
1662.9305,1662.974,68437,83143,Rhinolophus ferrumequinum,0.033,0.033,-1,Echolocation,/mnt/ubna_data_02_mir/recover-20221013/UBNA_001/20221012_030000.WAV,Telephone Field,recover-20221013,001,1795
1662.9485,1662.9564,28046,39599,Eptesicus serotinus,0.009,0.026,-1,Echolocation,/mnt/ubna_data_02_mir/recover-20221013/UBNA_001/20221012_030000.WAV,Telephone Field,recover-20221013,001,1795
1662.9555,1662.9942,68437,81502,Rhinolophus ferrumequinum,0.023,0.023,-1,Echolocation,/mnt/ubna_data_02_mir/recover-20221013/UBNA_001/20221012_030000.WAV,Telephone Field,recover-20221013,001,1795
1662.9665,1663.0052,68437,82202,Rhinolophus ferrumequinum,0.024,0.024,-1,Echolocation,/mnt/ubna_data_02_mir/recover-20221013/UBNA_001/20221012_030000.WAV,Telephone Field,recover-20221013,001,1795
1662.9705,1662.9796,28046,36205,Eptesicus serotinus,0.013,0.027,-1,Echolocation,/mnt/ubna_data_02_mir/recover-20221013/UBNA_001/20221012_030000.WAV,Telephone Field,recover-20221013,001,1795
1663.0105,1663.0497,68437,82299,Rhinolophus ferrumequinum,0.025,0.025,-1,Echolocation,/mnt/ubna_data_02_mir/recover-20221013/UBNA_001/20221012_030000.WAV,Telephone Field,recover-20221013,001,1795
1663.0635,1663.1039,68437,81716,Rhinolophus ferrumequinum,0.023,0.023,-1,Echolocation,/mnt/ubna_data_02_mir/recover-20221013/UBNA_001/20221012_030000.WAV,Telephone Field,recover-20221013,001,1795
1663.0955,1663.1045,28046,38350,Eptesicus serotinus,0.008,0.021,-1,Echolocation,/mnt/ubna_data_02_mir/recover-20221013/UBNA_001/20221012_030000.WAV,Telephone Field,recover-20221013,001,1795
1663.1155,1663.1227,28046,40163,Eptesicus serotinus,0.007,0.024,-1,Echolocation,/mnt/ubna_data_02_mir/recover-20221013/UBNA_001/20221012_030000.WAV,Telephone Field,recover-20221013,001,1795
1663.1535,1663.1895,68437,82143,Rhinolophus ferrumequinum,0.025,0.025,-1,Echolocation,/mnt/ubna_data_02_mir/recover-20221013/UBNA_001/20221012_030000.WAV,Telephone Field,recover-20221013,001,1795
1663.1765,1663.2191,68437,82799,Rhinolophus ferrumequinum,0.025,0.025,-1,Echolocation,/mnt/ubna_data_02_mir/recover-20221013/UBNA_001/20221012_030000.WAV,Telephone Field,recover-20221013,001,1795
1663.2105,1663.2499,68437,82267,Rhinolophus ferrumequinum,0.021,0.021,-1,Echolocation,/mnt/ubna_data_02_mir/recover-20221013/UBNA_001/20221012_030000.WAV,Telephone Field,recover-20221013,001,1795
1663.2205,1663.2321,22031,26363,Nyctalus leisleri,0.012,0.022,-1,Echolocation,/mnt/ubna_data_02_mir/recover-20221013/UBNA_001/20221012_030000.WAV,Telephone Field,recover-20221013,001,1795
1663.2315,1663.2701,68437,82576,Rhinolophus ferrumequinum,0.026,0.026,-1,Echolocation,/mnt/ubna_data_02_mir/recover-20221013/UBNA_001/20221012_030000.WAV,Telephone Field,recover-20221013,001,1795
1663.2385,1663.278,68437,81148,Rhinolophus ferrumequinum,0.024,0.024,-1,Echolocation,/mnt/ubna_data_02_mir/recover-20221013/UBNA_001/20221012_030000.WAV,Telephone Field,recover-20221013,001,1795
1663.2745,1663.3146,68437,82373,Rhinolophus ferrumequinum,0.021,0.021,-1,Echolocation,/mnt/ubna_data_02_mir/recover-20221013/UBNA_001/20221012_030000.WAV,Telephone Field,recover-20221013,001,1795
1663.2895,1663.3277,68437,81945,Rhinolophus ferrumequinum,0.025,0.026,-1,Echolocation,/mnt/ubna_data_02_mir/recover-20221013/UBNA_001/20221012_030000.WAV,Telephone Field,recover-20221013,001,1795
1663.2945,1663.3033,25468,33431,Eptesicus serotinus,0.008,0.022,-1,Echolocation,/mnt/ubna_data_02_mir/recover-20221013/UBNA_001/20221012_030000.WAV,Telephone Field,recover-20221013,001,1795
1663.2975,1663.337,68437,82146,Rhinolophus ferrumequinum,0.022,0.022,-1,Echolocation,/mnt/ubna_data_02_mir/recover-20221013/UBNA_001/20221012_030000.WAV,Telephone Field,recover-20221013,001,1795
1663.3145,1663.3561,68437,82001,Rhinolophus ferrumequinum,0.022,0.022,-1,Echolocation,/mnt/ubna_data_02_mir/recover-20221013/UBNA_001/20221012_030000.WAV,Telephone Field,recover-20221013,001,1795
1663.3375,1663.3772,68437,81916,Rhinolophus ferrumequinum,0.022,0.022,-1,Echolocation,/mnt/ubna_data_02_mir/recover-20221013/UBNA_001/20221012_030000.WAV,Telephone Field,recover-20221013,001,1795
1663.3805,1663.4198,68437,82072,Rhinolophus ferrumequinum,0.021,0.021,-1,Echolocation,/mnt/ubna_data_02_mir/recover-20221013/UBNA_001/20221012_030000.WAV,Telephone Field,recover-20221013,001,1795
1663.3955,1663.4376,68437,82923,Rhinolophus ferrumequinum,0.023,0.023,-1,Echolocation,/mnt/ubna_data_02_mir/recover-20221013/UBNA_001/20221012_030000.WAV,Telephone Field,recover-20221013,001,1795
1663.4435,1663.4822,68437,82384,Rhinolophus ferrumequinum,0.024,0.024,-1,Echolocation,/mnt/ubna_data_02_mir/recover-20221013/UBNA_001/20221012_030000.WAV,Telephone Field,recover-20221013,001,1795
1663.4705,1663.5115,68437,82680,Rhinolophus ferrumequinum,0.024,0.024,-1,Echolocation,/mnt/ubna_data_02_mir/recover-20221013/UBNA_001/20221012_030000.WAV,Telephone Field,recover-20221013,001,1795
1663.4895,1663.528,68437,82310,Rhinolophus ferrumequinum,0.022,0.022,-1,Echolocation,/mnt/ubna_data_02_mir/recover-20221013/UBNA_001/20221012_030000.WAV,Telephone Field,recover-20221013,001,1795
1663.5005,1663.5385,68437,82794,Rhinolophus ferrumequinum,0.023,0.023,-1,Echolocation,/mnt/ubna_data_02_mir/recover-20221013/UBNA_001/20221012_030000.WAV,Telephone Field,recover-20221013,001,1795
1663.5295,1663.5712,68437,83063,Rhinolophus ferrumequinum,0.025,0.025,-1,Echolocation,/mnt/ubna_data_02_mir/recover-20221013/UBNA_001/20221012_030000.WAV,Telephone Field,recover-20221013,001,1795
1663.5305,1663.5382,28046,41184,Eptesicus serotinus,0.007,0.021,-1,Echolocation,/mnt/ubna_data_02_mir/recover-20221013/UBNA_001/20221012_030000.WAV,Telephone Field,recover-20221013,001,1795
1663.5645,1663.6014,68437,82052,Rhinolophus ferrumequinum,0.022,0.022,-1,Echolocation,/mnt/ubna_data_02_mir/recover-20221013/UBNA_001/20221012_030000.WAV,Telephone Field,recover-20221013,001,1795
1663.5725,1663.6131,68437,81934,Rhinolophus ferrumequinum,0.023,0.023,-1,Echolocation,/mnt/ubna_data_02_mir/recover-20221013/UBNA_001/20221012_030000.WAV,Telephone Field,recover-20221013,001,1795
1663.5865,1663.5949,27187,38698,Eptesicus serotinus,0.009,0.024,-1,Echolocation,/mnt/ubna_data_02_mir/recover-20221013/UBNA_001/20221012_030000.WAV,Telephone Field,recover-20221013,001,1795
1663.5995,1663.6106,43515,46833,Pipistrellus pipistrellus,0.024,0.028,-1,Echolocation,/mnt/ubna_data_02_mir/recover-20221013/UBNA_001/20221012_030000.WAV,Telephone Field,recover-20221013,001,1795
1663.6015,1663.6109,24609,32203,Eptesicus serotinus,0.008,0.023,-1,Echolocation,/mnt/ubna_data_02_mir/recover-20221013/UBNA_001/20221012_030000.WAV,Telephone Field,recover-20221013,001,1795
1663.6195,1663.6592,68437,82217,Rhinolophus ferrumequinum,0.022,0.022,-1,Echolocation,/mnt/ubna_data_02_mir/recover-20221013/UBNA_001/20221012_030000.WAV,Telephone Field,recover-20221013,001,1795
1663.6215,1663.6298,28906,39140,Eptesicus serotinus,0.011,0.025,-1,Echolocation,/mnt/ubna_data_02_mir/recover-20221013/UBNA_001/20221012_030000.WAV,Telephone Field,recover-20221013,001,1795
1663.6315,1663.6723,68437,82517,Rhinolophus ferrumequinum,0.021,0.021,-1,Echolocation,/mnt/ubna_data_02_mir/recover-20221013/UBNA_001/20221012_030000.WAV,Telephone Field,recover-20221013,001,1795
1663.6795,1663.7204,68437,82170,Rhinolophus ferrumequinum,0.031,0.031,-1,Echolocation,/mnt/ubna_data_02_mir/recover-20221013/UBNA_001/20221012_030000.WAV,Telephone Field,recover-20221013,001,1795
1663.6875,1663.7257,68437,82416,Rhinolophus ferrumequinum,0.023,0.023,-1,Echolocation,/mnt/ubna_data_02_mir/recover-20221013/UBNA_001/20221012_030000.WAV,Telephone Field,recover-20221013,001,1795
1663.7705,1663.8105,68437,82438,Rhinolophus ferrumequinum,0.033,0.033,-1,Echolocation,/mnt/ubna_data_02_mir/recover-20221013/UBNA_001/20221012_030000.WAV,Telephone Field,recover-20221013,001,1795
1663.7765,1663.7872,33203,39468,Eptesicus serotinus,0.01,0.034,-1,Echolocation,/mnt/ubna_data_02_mir/recover-20221013/UBNA_001/20221012_030000.WAV,Telephone Field,recover-20221013,001,1795
1663.7965,1663.8338,68437,82600,Rhinolophus ferrumequinum,0.023,0.023,-1,Echolocation,/mnt/ubna_data_02_mir/recover-20221013/UBNA_001/20221012_030000.WAV,Telephone Field,recover-20221013,001,1795
1663.8115,1663.8204,28046,37167,Eptesicus serotinus,0.01,0.024,-1,Echolocation,/mnt/ubna_data_02_mir/recover-20221013/UBNA_001/20221012_030000.WAV,Telephone Field,recover-20221013,001,1795
1663.8625,1663.8692,28046,43091,Eptesicus serotinus,0.01,0.035,-1,Echolocation,/mnt/ubna_data_02_mir/recover-20221013/UBNA_001/20221012_030000.WAV,Telephone Field,recover-20221013,001,1795
1663.8755,1663.9099,68437,81817,Rhinolophus ferrumequinum,0.027,0.027,-1,Echolocation,/mnt/ubna_data_02_mir/recover-20221013/UBNA_001/20221012_030000.WAV,Telephone Field,recover-20221013,001,1795
1663.9075,1663.9146,28046,39054,Eptesicus serotinus,0.006,0.022,-1,Echolocation,/mnt/ubna_data_02_mir/recover-20221013/UBNA_001/20221012_030000.WAV,Telephone Field,recover-20221013,001,1795
1663.9215,1663.9385,16015,20170,Nyctalus noctula,0.031,0.044,-1,Echolocation,/mnt/ubna_data_02_mir/recover-20221013/UBNA_001/20221012_030000.WAV,Telephone Field,recover-20221013,001,1795
1663.9235,1663.9663,68437,83435,Rhinolophus ferrumequinum,0.055,0.055,-1,Echolocation,/mnt/ubna_data_02_mir/recover-20221013/UBNA_001/20221012_030000.WAV,Telephone Field,recover-20221013,001,1795
1663.9255,1663.9356,26328,35371,Eptesicus serotinus,0.014,0.03,-1,Echolocation,/mnt/ubna_data_02_mir/recover-20221013/UBNA_001/20221012_030000.WAV,Telephone Field,recover-20221013,001,1795
1663.9425,1663.9813,68437,81892,Rhinolophus ferrumequinum,0.022,0.022,-1,Echolocation,/mnt/ubna_data_02_mir/recover-20221013/UBNA_001/20221012_030000.WAV,Telephone Field,recover-20221013,001,1795
1663.9495,1663.9867,68437,81677,Rhinolophus ferrumequinum,0.023,0.023,-1,Echolocation,/mnt/ubna_data_02_mir/recover-20221013/UBNA_001/20221012_030000.WAV,Telephone Field,recover-20221013,001,1795
1664.0015,1664.0124,21171,26573,Nyctalus leisleri,0.013,0.03,-1,Echolocation,/mnt/ubna_data_02_mir/recover-20221013/UBNA_001/20221012_030000.WAV,Telephone Field,recover-20221013,001,1795
1664.0015,1664.0311,70156,83494,Rhinolophus ferrumequinum,0.023,0.023,-1,Echolocation,/mnt/ubna_data_02_mir/recover-20221013/UBNA_001/20221012_030000.WAV,Telephone Field,recover-20221013,001,1795
1664.0635,1664.1007,68437,81457,Rhinolophus ferrumequinum,0.026,0.026,-1,Echolocation,/mnt/ubna_data_02_mir/recover-20221013/UBNA_001/20221012_030000.WAV,Telephone Field,recover-20221013,001,1795
1664.0775,1664.115,68437,82297,Rhinolophus ferrumequinum,0.023,0.023,-1,Echolocation,/mnt/ubna_data_02_mir/recover-20221013/UBNA_001/20221012_030000.WAV,Telephone Field,recover-20221013,001,1795
1664.1005,1664.1108,23750,29851,Nyctalus leisleri,0.008,0.022,-1,Echolocation,/mnt/ubna_data_02_mir/recover-20221013/UBNA_001/20221012_030000.WAV,Telephone Field,recover-20221013,001,1795
1664.1205,1664.1593,68437,82300,Rhinolophus ferrumequinum,0.03,0.03,-1,Echolocation,/mnt/ubna_data_02_mir/recover-20221013/UBNA_001/20221012_030000.WAV,Telephone Field,recover-20221013,001,1795
1664.1315,1664.1412,30625,41918,Eptesicus serotinus,0.008,0.024,-1,Echolocation,/mnt/ubna_data_02_mir/recover-20221013/UBNA_001/20221012_030000.WAV,Telephone Field,recover-20221013,001,1795
1664.2355,1664.2756,68437,82274,Rhinolophus ferrumequinum,0.021,0.021,-1,Echolocation,/mnt/ubna_data_02_mir/recover-20221013/UBNA_001/20221012_030000.WAV,Telephone Field,recover-20221013,001,1795
1664.2365,1664.2473,28906,35817,Eptesicus serotinus,0.011,0.024,-1,Echolocation,/mnt/ubna_data_02_mir/recover-20221013/UBNA_001/20221012_030000.WAV,Telephone Field,recover-20221013,001,1795
1664.2435,1664.2802,68437,81678,Rhinolophus ferrumequinum,0.021,0.021,-1,Echolocation,/mnt/ubna_data_02_mir/recover-20221013/UBNA_001/20221012_030000.WAV,Telephone Field,recover-20221013,001,1795
1664.2645,1664.3015,68437,81722,Rhinolophus ferrumequinum,0.022,0.022,-1,Echolocation,/mnt/ubna_data_02_mir/recover-20221013/UBNA_001/20221012_030000.WAV,Telephone Field,recover-20221013,001,1795
1664.2765,1664.312,68437,81397,Rhinolophus ferrumequinum,0.023,0.023,-1,Echolocation,/mnt/ubna_data_02_mir/recover-20221013/UBNA_001/20221012_030000.WAV,Telephone Field,recover-20221013,001,1795
1664.2775,1664.288,28046,36244,Eptesicus serotinus,0.021,0.039,-1,Echolocation,/mnt/ubna_data_02_mir/recover-20221013/UBNA_001/20221012_030000.WAV,Telephone Field,recover-20221013,001,1795
1664.3425,1664.3532,27187,34383,Eptesicus serotinus,0.014,0.026,-1,Echolocation,/mnt/ubna_data_02_mir/recover-20221013/UBNA_001/20221012_030000.WAV,Telephone Field,recover-20221013,001,1795
1664.3555,1664.3921,68437,80836,Rhinolophus ferrumequinum,0.021,0.021,-1,Echolocation,/mnt/ubna_data_02_mir/recover-20221013/UBNA_001/20221012_030000.WAV,Telephone Field,recover-20221013,001,1795
1664.3695,1664.3793,36640,44388,Myotis daubentonii,0.012,0.062,-1,Echolocation,/mnt/ubna_data_02_mir/recover-20221013/UBNA_001/20221012_030000.WAV,Telephone Field,recover-20221013,001,1795
1664.3715,1664.4085,68437,82506,Rhinolophus ferrumequinum,0.021,0.021,-1,Echolocation,/mnt/ubna_data_02_mir/recover-20221013/UBNA_001/20221012_030000.WAV,Telephone Field,recover-20221013,001,1795
1664.3915,1664.4025,27187,34857,Eptesicus serotinus,0.011,0.022,-1,Echolocation,/mnt/ubna_data_02_mir/recover-20221013/UBNA_001/20221012_030000.WAV,Telephone Field,recover-20221013,001,1795
1664.4015,1664.4098,27187,36999,Eptesicus serotinus,0.008,0.026,-1,Echolocation,/mnt/ubna_data_02_mir/recover-20221013/UBNA_001/20221012_030000.WAV,Telephone Field,recover-20221013,001,1795
1664.4195,1664.4289,28906,38282,Eptesicus serotinus,0.01,0.025,-1,Echolocation,/mnt/ubna_data_02_mir/recover-20221013/UBNA_001/20221012_030000.WAV,Telephone Field,recover-20221013,001,1795
1664.4215,1664.4593,68437,81591,Rhinolophus ferrumequinum,0.021,0.021,-1,Echolocation,/mnt/ubna_data_02_mir/recover-20221013/UBNA_001/20221012_030000.WAV,Telephone Field,recover-20221013,001,1795
1664.4455,1664.4823,68437,81523,Rhinolophus ferrumequinum,0.025,0.025,-1,Echolocation,/mnt/ubna_data_02_mir/recover-20221013/UBNA_001/20221012_030000.WAV,Telephone Field,recover-20221013,001,1795
1664.4605,1664.498,68437,81885,Rhinolophus ferrumequinum,0.031,0.031,-1,Echolocation,/mnt/ubna_data_02_mir/recover-20221013/UBNA_001/20221012_030000.WAV,Telephone Field,recover-20221013,001,1795
1664.4795,1664.5192,68437,82890,Rhinolophus ferrumequinum,0.026,0.026,-1,Echolocation,/mnt/ubna_data_02_mir/recover-20221013/UBNA_001/20221012_030000.WAV,Telephone Field,recover-20221013,001,1795
1664.4915,1664.5327,68437,83018,Rhinolophus ferrumequinum,0.03,0.03,-1,Echolocation,/mnt/ubna_data_02_mir/recover-20221013/UBNA_001/20221012_030000.WAV,Telephone Field,recover-20221013,001,1795
1664.5155,1664.5569,68437,82941,Rhinolophus ferrumequinum,0.029,0.029,-1,Echolocation,/mnt/ubna_data_02_mir/recover-20221013/UBNA_001/20221012_030000.WAV,Telephone Field,recover-20221013,001,1795
1664.5275,1664.5348,28046,41507,Eptesicus serotinus,0.009,0.03,-1,Echolocation,/mnt/ubna_data_02_mir/recover-20221013/UBNA_001/20221012_030000.WAV,Telephone Field,recover-20221013,001,1795
1664.6015,1664.6129,23750,30034,Nyctalus leisleri,0.012,0.026,-1,Echolocation,/mnt/ubna_data_02_mir/recover-20221013/UBNA_001/20221012_030000.WAV,Telephone Field,recover-20221013,001,1795
1664.6325,1664.6725,68437,82289,Rhinolophus ferrumequinum,0.023,0.023,-1,Echolocation,/mnt/ubna_data_02_mir/recover-20221013/UBNA_001/20221012_030000.WAV,Telephone Field,recover-20221013,001,1795
1664.6425,1664.6521,22890,29354,Nyctalus leisleri,0.008,0.021,-1,Echolocation,/mnt/ubna_data_02_mir/recover-20221013/UBNA_001/20221012_030000.WAV,Telephone Field,recover-20221013,001,1795
1664.6545,1664.6618,28046,38661,Eptesicus serotinus,0.006,0.021,-1,Echolocation,/mnt/ubna_data_02_mir/recover-20221013/UBNA_001/20221012_030000.WAV,Telephone Field,recover-20221013,001,1795
1664.6675,1664.7033,68437,81736,Rhinolophus ferrumequinum,0.021,0.021,-1,Echolocation,/mnt/ubna_data_02_mir/recover-20221013/UBNA_001/20221012_030000.WAV,Telephone Field,recover-20221013,001,1795
1664.6705,1664.6797,25468,34001,Eptesicus serotinus,0.009,0.025,-1,Echolocation,/mnt/ubna_data_02_mir/recover-20221013/UBNA_001/20221012_030000.WAV,Telephone Field,recover-20221013,001,1795
1664.6885,1664.727,68437,81553,Rhinolophus ferrumequinum,0.021,0.021,-1,Echolocation,/mnt/ubna_data_02_mir/recover-20221013/UBNA_001/20221012_030000.WAV,Telephone Field,recover-20221013,001,1795
1664.6885,1664.6967,27187,39406,Eptesicus serotinus,0.008,0.023,-1,Echolocation,/mnt/ubna_data_02_mir/recover-20221013/UBNA_001/20221012_030000.WAV,Telephone Field,recover-20221013,001,1795
1664.7145,1664.7228,24609,32440,Nyctalus leisleri,0.006,0.023,-1,Echolocation,/mnt/ubna_data_02_mir/recover-20221013/UBNA_001/20221012_030000.WAV,Telephone Field,recover-20221013,001,1795
1664.7295,1664.7403,22890,27752,Nyctalus leisleri,0.01,0.021,-1,Echolocation,/mnt/ubna_data_02_mir/recover-20221013/UBNA_001/20221012_030000.WAV,Telephone Field,recover-20221013,001,1795
1664.7345,1664.7696,68437,81409,Rhinolophus ferrumequinum,0.021,0.021,-1,Echolocation,/mnt/ubna_data_02_mir/recover-20221013/UBNA_001/20221012_030000.WAV,Telephone Field,recover-20221013,001,1795
1664.7475,1664.7552,26328,35594,Eptesicus serotinus,0.009,0.025,-1,Echolocation,/mnt/ubna_data_02_mir/recover-20221013/UBNA_001/20221012_030000.WAV,Telephone Field,recover-20221013,001,1795
1664.8755,1664.9093,68437,80784,Rhinolophus ferrumequinum,0.023,0.023,-1,Echolocation,/mnt/ubna_data_02_mir/recover-20221013/UBNA_001/20221012_030000.WAV,Telephone Field,recover-20221013,001,1795
1664.8825,1664.8929,29765,37517,Eptesicus serotinus,0.009,0.024,-1,Echolocation,/mnt/ubna_data_02_mir/recover-20221013/UBNA_001/20221012_030000.WAV,Telephone Field,recover-20221013,001,1795
1664.8975,1664.9075,22031,27127,Nyctalus leisleri,0.01,0.024,-1,Echolocation,/mnt/ubna_data_02_mir/recover-20221013/UBNA_001/20221012_030000.WAV,Telephone Field,recover-20221013,001,1795
1664.9015,1664.9394,68437,81878,Rhinolophus ferrumequinum,0.022,0.022,-1,Echolocation,/mnt/ubna_data_02_mir/recover-20221013/UBNA_001/20221012_030000.WAV,Telephone Field,recover-20221013,001,1795
1664.9325,1664.9705,68437,82153,Rhinolophus ferrumequinum,0.023,0.023,-1,Echolocation,/mnt/ubna_data_02_mir/recover-20221013/UBNA_001/20221012_030000.WAV,Telephone Field,recover-20221013,001,1795
1664.9785,1665.0161,68437,81690,Rhinolophus ferrumequinum,0.024,0.024,-1,Echolocation,/mnt/ubna_data_02_mir/recover-20221013/UBNA_001/20221012_030000.WAV,Telephone Field,recover-20221013,001,1795
1664.9865,1664.9963,24609,31408,Nyctalus leisleri,0.008,0.022,-1,Echolocation,/mnt/ubna_data_02_mir/recover-20221013/UBNA_001/20221012_030000.WAV,Telephone Field,recover-20221013,001,1795
1664.9865,1665.0236,68437,81520,Rhinolophus ferrumequinum,0.021,0.021,-1,Echolocation,/mnt/ubna_data_02_mir/recover-20221013/UBNA_001/20221012_030000.WAV,Telephone Field,recover-20221013,001,1795
1665.0055,1665.0416,68437,82266,Rhinolophus ferrumequinum,0.021,0.021,-1,Echolocation,/mnt/ubna_data_02_mir/recover-20221013/UBNA_001/20221012_030000.WAV,Telephone Field,recover-20221013,001,1795
1665.0115,1665.0195,28906,39065,Eptesicus serotinus,0.008,0.023,-1,Echolocation,/mnt/ubna_data_02_mir/recover-20221013/UBNA_001/20221012_030000.WAV,Telephone Field,recover-20221013,001,1795
1665.0185,1665.055,68437,81803,Rhinolophus ferrumequinum,0.026,0.026,-1,Echolocation,/mnt/ubna_data_02_mir/recover-20221013/UBNA_001/20221012_030000.WAV,Telephone Field,recover-20221013,001,1795
1665.0185,1665.0283,28906,38310,Eptesicus serotinus,0.01,0.025,-1,Echolocation,/mnt/ubna_data_02_mir/recover-20221013/UBNA_001/20221012_030000.WAV,Telephone Field,recover-20221013,001,1795
1665.0315,1665.0698,68437,82403,Rhinolophus ferrumequinum,0.024,0.024,-1,Echolocation,/mnt/ubna_data_02_mir/recover-20221013/UBNA_001/20221012_030000.WAV,Telephone Field,recover-20221013,001,1795
1665.0695,1665.0779,49531,53961,Pipistrellus pipistrellus,0.023,0.026,-1,Echolocation,/mnt/ubna_data_02_mir/recover-20221013/UBNA_001/20221012_030000.WAV,Telephone Field,recover-20221013,001,1795
1665.0925,1665.1282,68437,80603,Rhinolophus ferrumequinum,0.024,0.024,-1,Echolocation,/mnt/ubna_data_02_mir/recover-20221013/UBNA_001/20221012_030000.WAV,Telephone Field,recover-20221013,001,1795
1665.0965,1665.1043,25468,34258,Eptesicus serotinus,0.006,0.022,-1,Echolocation,/mnt/ubna_data_02_mir/recover-20221013/UBNA_001/20221012_030000.WAV,Telephone Field,recover-20221013,001,1795
1665.1185,1665.1577,68437,82748,Rhinolophus ferrumequinum,0.025,0.025,-1,Echolocation,/mnt/ubna_data_02_mir/recover-20221013/UBNA_001/20221012_030000.WAV,Telephone Field,recover-20221013,001,1795
1665.1205,1665.1333,57265,62280,Pipistrellus pygmaeus,0.02,0.021,-1,Echolocation,/mnt/ubna_data_02_mir/recover-20221013/UBNA_001/20221012_030000.WAV,Telephone Field,recover-20221013,001,1795
1665.1545,1665.1927,68437,82130,Rhinolophus ferrumequinum,0.033,0.034,-1,Echolocation,/mnt/ubna_data_02_mir/recover-20221013/UBNA_001/20221012_030000.WAV,Telephone Field,recover-20221013,001,1795
1665.1645,1665.2041,68437,82517,Rhinolophus ferrumequinum,0.024,0.024,-1,Echolocation,/mnt/ubna_data_02_mir/recover-20221013/UBNA_001/20221012_030000.WAV,Telephone Field,recover-20221013,001,1795
1665.1785,1665.1862,28046,39214,Eptesicus serotinus,0.007,0.022,-1,Echolocation,/mnt/ubna_data_02_mir/recover-20221013/UBNA_001/20221012_030000.WAV,Telephone Field,recover-20221013,001,1795
1665.1835,1665.223,68437,82292,Rhinolophus ferrumequinum,0.022,0.022,-1,Echolocation,/mnt/ubna_data_02_mir/recover-20221013/UBNA_001/20221012_030000.WAV,Telephone Field,recover-20221013,001,1795
1665.1875,1665.1988,22031,26558,Nyctalus leisleri,0.012,0.023,-1,Echolocation,/mnt/ubna_data_02_mir/recover-20221013/UBNA_001/20221012_030000.WAV,Telephone Field,recover-20221013,001,1795
1665.2525,1665.2644,23750,29557,Nyctalus leisleri,0.026,0.059,-1,Echolocation,/mnt/ubna_data_02_mir/recover-20221013/UBNA_001/20221012_030000.WAV,Telephone Field,recover-20221013,001,1795
1665.2545,1665.2963,68437,82696,Rhinolophus ferrumequinum,0.032,0.032,-1,Echolocation,/mnt/ubna_data_02_mir/recover-20221013/UBNA_001/20221012_030000.WAV,Telephone Field,recover-20221013,001,1795
1665.2745,1665.2826,28046,40033,Eptesicus serotinus,0.007,0.021,-1,Echolocation,/mnt/ubna_data_02_mir/recover-20221013/UBNA_001/20221012_030000.WAV,Telephone Field,recover-20221013,001,1795
1665.2795,1665.2906,34921,40973,Eptesicus serotinus,0.005,0.022,-1,Echolocation,/mnt/ubna_data_02_mir/recover-20221013/UBNA_001/20221012_030000.WAV,Telephone Field,recover-20221013,001,1795
1665.2855,1665.293,28046,37908,Eptesicus serotinus,0.007,0.023,-1,Echolocation,/mnt/ubna_data_02_mir/recover-20221013/UBNA_001/20221012_030000.WAV,Telephone Field,recover-20221013,001,1795
1665.3085,1665.3467,68437,81874,Rhinolophus ferrumequinum,0.029,0.029,-1,Echolocation,/mnt/ubna_data_02_mir/recover-20221013/UBNA_001/20221012_030000.WAV,Telephone Field,recover-20221013,001,1795
1665.4425,1665.4507,28046,37829,Eptesicus serotinus,0.007,0.021,-1,Echolocation,/mnt/ubna_data_02_mir/recover-20221013/UBNA_001/20221012_030000.WAV,Telephone Field,recover-20221013,001,1795
1665.4905,1665.4985,28046,40488,Eptesicus serotinus,0.007,0.022,-1,Echolocation,/mnt/ubna_data_02_mir/recover-20221013/UBNA_001/20221012_030000.WAV,Telephone Field,recover-20221013,001,1795
1665.5035,1665.5453,68437,83273,Rhinolophus ferrumequinum,0.025,0.025,-1,Echolocation,/mnt/ubna_data_02_mir/recover-20221013/UBNA_001/20221012_030000.WAV,Telephone Field,recover-20221013,001,1795
1665.5265,1665.565,68437,81970,Rhinolophus ferrumequinum,0.021,0.021,-1,Echolocation,/mnt/ubna_data_02_mir/recover-20221013/UBNA_001/20221012_030000.WAV,Telephone Field,recover-20221013,001,1795
1665.5415,1665.577,68437,81368,Rhinolophus ferrumequinum,0.021,0.021,-1,Echolocation,/mnt/ubna_data_02_mir/recover-20221013/UBNA_001/20221012_030000.WAV,Telephone Field,recover-20221013,001,1795
1665.5455,1665.553,26328,37525,Eptesicus serotinus,0.007,0.023,-1,Echolocation,/mnt/ubna_data_02_mir/recover-20221013/UBNA_001/20221012_030000.WAV,Telephone Field,recover-20221013,001,1795
1665.6215,1665.6292,28046,39838,Eptesicus serotinus,0.007,0.022,-1,Echolocation,/mnt/ubna_data_02_mir/recover-20221013/UBNA_001/20221012_030000.WAV,Telephone Field,recover-20221013,001,1795
1665.6505,1665.6899,68437,82588,Rhinolophus ferrumequinum,0.022,0.022,-1,Echolocation,/mnt/ubna_data_02_mir/recover-20221013/UBNA_001/20221012_030000.WAV,Telephone Field,recover-20221013,001,1795
1665.6795,1665.6919,29765,36644,Eptesicus serotinus,0.013,0.026,-1,Echolocation,/mnt/ubna_data_02_mir/recover-20221013/UBNA_001/20221012_030000.WAV,Telephone Field,recover-20221013,001,1795
1665.7025,1665.7111,28046,39110,Eptesicus serotinus,0.008,0.022,-1,Echolocation,/mnt/ubna_data_02_mir/recover-20221013/UBNA_001/20221012_030000.WAV,Telephone Field,recover-20221013,001,1795
1665.7035,1665.7433,68437,82222,Rhinolophus ferrumequinum,0.023,0.023,-1,Echolocation,/mnt/ubna_data_02_mir/recover-20221013/UBNA_001/20221012_030000.WAV,Telephone Field,recover-20221013,001,1795
1665.7085,1665.7466,68437,82980,Rhinolophus ferrumequinum,0.023,0.023,-1,Echolocation,/mnt/ubna_data_02_mir/recover-20221013/UBNA_001/20221012_030000.WAV,Telephone Field,recover-20221013,001,1795
1665.7515,1665.7718,19453,22622,Nyctalus noctula,0.014,0.03,-1,Echolocation,/mnt/ubna_data_02_mir/recover-20221013/UBNA_001/20221012_030000.WAV,Telephone Field,recover-20221013,001,1795
1665.7785,1665.7865,28046,38141,Eptesicus serotinus,0.008,0.025,-1,Echolocation,/mnt/ubna_data_02_mir/recover-20221013/UBNA_001/20221012_030000.WAV,Telephone Field,recover-20221013,001,1795
1665.8025,1665.8132,28906,36205,Eptesicus serotinus,0.01,0.023,-1,Echolocation,/mnt/ubna_data_02_mir/recover-20221013/UBNA_001/20221012_030000.WAV,Telephone Field,recover-20221013,001,1795
1665.8125,1665.823,23750,30083,Nyctalus leisleri,0.009,0.021,-1,Echolocation,/mnt/ubna_data_02_mir/recover-20221013/UBNA_001/20221012_030000.WAV,Telephone Field,recover-20221013,001,1795
1665.8545,1665.8657,23750,28810,Nyctalus leisleri,0.014,0.027,-1,Echolocation,/mnt/ubna_data_02_mir/recover-20221013/UBNA_001/20221012_030000.WAV,Telephone Field,recover-20221013,001,1795
1665.8875,1665.9264,68437,82628,Rhinolophus ferrumequinum,0.028,0.028,-1,Echolocation,/mnt/ubna_data_02_mir/recover-20221013/UBNA_001/20221012_030000.WAV,Telephone Field,recover-20221013,001,1795
1665.9165,1665.9271,22890,28953,Nyctalus leisleri,0.01,0.025,-1,Echolocation,/mnt/ubna_data_02_mir/recover-20221013/UBNA_001/20221012_030000.WAV,Telephone Field,recover-20221013,001,1795
1665.9255,1665.9376,23750,29366,Nyctalus leisleri,0.014,0.034,-1,Echolocation,/mnt/ubna_data_02_mir/recover-20221013/UBNA_001/20221012_030000.WAV,Telephone Field,recover-20221013,001,1795
1666.0015,1666.0353,68437,80401,Rhinolophus ferrumequinum,0.055,0.055,-1,Echolocation,/mnt/ubna_data_02_mir/recover-20221013/UBNA_001/20221012_030000.WAV,Telephone Field,recover-20221013,001,1795
1666.0015,1666.011,22031,27942,Nyctalus leisleri,0.014,0.033,-1,Echolocation,/mnt/ubna_data_02_mir/recover-20221013/UBNA_001/20221012_030000.WAV,Telephone Field,recover-20221013,001,1795
1666.0085,1666.0546,68437,83130,Rhinolophus ferrumequinum,0.023,0.023,-1,Echolocation,/mnt/ubna_data_02_mir/recover-20221013/UBNA_001/20221012_030000.WAV,Telephone Field,recover-20221013,001,1795
1666.0695,1666.077,27187,39444,Eptesicus serotinus,0.006,0.02,-1,Echolocation,/mnt/ubna_data_02_mir/recover-20221013/UBNA_001/20221012_030000.WAV,Telephone Field,recover-20221013,001,1795
1666.0735,1666.0832,22890,28689,Nyctalus leisleri,0.008,0.02,-1,Echolocation,/mnt/ubna_data_02_mir/recover-20221013/UBNA_001/20221012_030000.WAV,Telephone Field,recover-20221013,001,1795
1666.1025,1666.1106,28046,40000,Eptesicus serotinus,0.007,0.021,-1,Echolocation,/mnt/ubna_data_02_mir/recover-20221013/UBNA_001/20221012_030000.WAV,Telephone Field,recover-20221013,001,1795
1666.1105,1666.1480999999999,68437,82403,Rhinolophus ferrumequinum,0.022,0.022,-1,Echolocation,/mnt/ubna_data_02_mir/recover-20221013/UBNA_001/20221012_030000.WAV,Telephone Field,recover-20221013,001,1795
1666.1105,1666.1187,25468,33259,Eptesicus serotinus,0.008,0.022,-1,Echolocation,/mnt/ubna_data_02_mir/recover-20221013/UBNA_001/20221012_030000.WAV,Telephone Field,recover-20221013,001,1795
1666.1385,1666.1764,68437,81869,Rhinolophus ferrumequinum,0.021,0.021,-1,Echolocation,/mnt/ubna_data_02_mir/recover-20221013/UBNA_001/20221012_030000.WAV,Telephone Field,recover-20221013,001,1795
1666.1955,1666.2332,68437,82124,Rhinolophus ferrumequinum,0.022,0.022,-1,Echolocation,/mnt/ubna_data_02_mir/recover-20221013/UBNA_001/20221012_030000.WAV,Telephone Field,recover-20221013,001,1795
1666.2115,1666.2501,68437,81494,Rhinolophus ferrumequinum,0.021,0.021,-1,Echolocation,/mnt/ubna_data_02_mir/recover-20221013/UBNA_001/20221012_030000.WAV,Telephone Field,recover-20221013,001,1795
1666.2125,1666.2226,27187,37715,Eptesicus serotinus,0.009,0.021,-1,Echolocation,/mnt/ubna_data_02_mir/recover-20221013/UBNA_001/20221012_030000.WAV,Telephone Field,recover-20221013,001,1795
1666.2345,1666.2759,68437,82398,Rhinolophus ferrumequinum,0.02,0.02,-1,Echolocation,/mnt/ubna_data_02_mir/recover-20221013/UBNA_001/20221012_030000.WAV,Telephone Field,recover-20221013,001,1795
1666.2605,1666.3014,68437,83032,Rhinolophus ferrumequinum,0.029,0.029,-1,Echolocation,/mnt/ubna_data_02_mir/recover-20221013/UBNA_001/20221012_030000.WAV,Telephone Field,recover-20221013,001,1795
1666.2975,1666.3354,68437,82037,Rhinolophus ferrumequinum,0.024,0.024,-1,Echolocation,/mnt/ubna_data_02_mir/recover-20221013/UBNA_001/20221012_030000.WAV,Telephone Field,recover-20221013,001,1795
1666.3055,1666.3407,68437,81182,Rhinolophus ferrumequinum,0.02,0.02,-1,Echolocation,/mnt/ubna_data_02_mir/recover-20221013/UBNA_001/20221012_030000.WAV,Telephone Field,recover-20221013,001,1795
1666.3175,1666.3298,23750,28913,Nyctalus leisleri,0.01,0.023,-1,Echolocation,/mnt/ubna_data_02_mir/recover-20221013/UBNA_001/20221012_030000.WAV,Telephone Field,recover-20221013,001,1795
1666.3345,1666.3737,68437,82561,Rhinolophus ferrumequinum,0.022,0.022,-1,Echolocation,/mnt/ubna_data_02_mir/recover-20221013/UBNA_001/20221012_030000.WAV,Telephone Field,recover-20221013,001,1795
1666.3365,1666.3472,45234,49735,Pipistrellus pipistrellus,0.019,0.022,-1,Echolocation,/mnt/ubna_data_02_mir/recover-20221013/UBNA_001/20221012_030000.WAV,Telephone Field,recover-20221013,001,1795
1666.3505,1666.3604,24609,31410,Nyctalus leisleri,0.008,0.025,-1,Echolocation,/mnt/ubna_data_02_mir/recover-20221013/UBNA_001/20221012_030000.WAV,Telephone Field,recover-20221013,001,1795
1666.3515,1666.3922,68437,82898,Rhinolophus ferrumequinum,0.025,0.025,-1,Echolocation,/mnt/ubna_data_02_mir/recover-20221013/UBNA_001/20221012_030000.WAV,Telephone Field,recover-20221013,001,1795
1666.4015,1666.4377,68437,81476,Rhinolophus ferrumequinum,0.022,0.022,-1,Echolocation,/mnt/ubna_data_02_mir/recover-20221013/UBNA_001/20221012_030000.WAV,Telephone Field,recover-20221013,001,1795
1666.4275,1666.4378,28046,36112,Eptesicus serotinus,0.008,0.02,-1,Echolocation,/mnt/ubna_data_02_mir/recover-20221013/UBNA_001/20221012_030000.WAV,Telephone Field,recover-20221013,001,1795
1666.4305,1666.4677,68437,81743,Rhinolophus ferrumequinum,0.022,0.022,-1,Echolocation,/mnt/ubna_data_02_mir/recover-20221013/UBNA_001/20221012_030000.WAV,Telephone Field,recover-20221013,001,1795
1666.4755,1666.4877,22890,27521,Nyctalus leisleri,0.013,0.025,-1,Echolocation,/mnt/ubna_data_02_mir/recover-20221013/UBNA_001/20221012_030000.WAV,Telephone Field,recover-20221013,001,1795
1666.4895,1666.5288,68437,82194,Rhinolophus ferrumequinum,0.022,0.022,-1,Echolocation,/mnt/ubna_data_02_mir/recover-20221013/UBNA_001/20221012_030000.WAV,Telephone Field,recover-20221013,001,1795
1666.4985,1666.5077,22890,29278,Nyctalus leisleri,0.008,0.023,-1,Echolocation,/mnt/ubna_data_02_mir/recover-20221013/UBNA_001/20221012_030000.WAV,Telephone Field,recover-20221013,001,1795
1666.5345,1666.5487,24609,29394,Nyctalus leisleri,0.017,0.036,-1,Echolocation,/mnt/ubna_data_02_mir/recover-20221013/UBNA_001/20221012_030000.WAV,Telephone Field,recover-20221013,001,1795
1666.5605,1666.5998,68437,82750,Rhinolophus ferrumequinum,0.029,0.029,-1,Echolocation,/mnt/ubna_data_02_mir/recover-20221013/UBNA_001/20221012_030000.WAV,Telephone Field,recover-20221013,001,1795
1666.5675,1666.5756,26328,35035,Eptesicus serotinus,0.007,0.021,-1,Echolocation,/mnt/ubna_data_02_mir/recover-20221013/UBNA_001/20221012_030000.WAV,Telephone Field,recover-20221013,001,1795
1666.5765,1666.6147,68437,82097,Rhinolophus ferrumequinum,0.024,0.024,-1,Echolocation,/mnt/ubna_data_02_mir/recover-20221013/UBNA_001/20221012_030000.WAV,Telephone Field,recover-20221013,001,1795
1666.5995,1666.6393,68437,82196,Rhinolophus ferrumequinum,0.027,0.027,-1,Echolocation,/mnt/ubna_data_02_mir/recover-20221013/UBNA_001/20221012_030000.WAV,Telephone Field,recover-20221013,001,1795
1666.6285,1666.6354,27187,38774,Eptesicus serotinus,0.005,0.021,-1,Echolocation,/mnt/ubna_data_02_mir/recover-20221013/UBNA_001/20221012_030000.WAV,Telephone Field,recover-20221013,001,1795
1666.6605,1666.6974,68437,81973,Rhinolophus ferrumequinum,0.025,0.025,-1,Echolocation,/mnt/ubna_data_02_mir/recover-20221013/UBNA_001/20221012_030000.WAV,Telephone Field,recover-20221013,001,1795
1666.7085,1666.7488,68437,82632,Rhinolophus ferrumequinum,0.027,0.027,-1,Echolocation,/mnt/ubna_data_02_mir/recover-20221013/UBNA_001/20221012_030000.WAV,Telephone Field,recover-20221013,001,1795
1666.7185,1666.7628,68437,83786,Rhinolophus ferrumequinum,0.035,0.035,-1,Echolocation,/mnt/ubna_data_02_mir/recover-20221013/UBNA_001/20221012_030000.WAV,Telephone Field,recover-20221013,001,1795
1666.7635,1666.771,28046,39123,Eptesicus serotinus,0.006,0.022,-1,Echolocation,/mnt/ubna_data_02_mir/recover-20221013/UBNA_001/20221012_030000.WAV,Telephone Field,recover-20221013,001,1795
1666.7725,1666.8087,68437,82232,Rhinolophus ferrumequinum,0.022,0.023,-1,Echolocation,/mnt/ubna_data_02_mir/recover-20221013/UBNA_001/20221012_030000.WAV,Telephone Field,recover-20221013,001,1795
1666.8335,1666.8712,68437,81993,Rhinolophus ferrumequinum,0.022,0.022,-1,Echolocation,/mnt/ubna_data_02_mir/recover-20221013/UBNA_001/20221012_030000.WAV,Telephone Field,recover-20221013,001,1795
1666.8905,1666.9002,28906,36752,Eptesicus serotinus,0.008,0.02,-1,Echolocation,/mnt/ubna_data_02_mir/recover-20221013/UBNA_001/20221012_030000.WAV,Telephone Field,recover-20221013,001,1795
1666.9065,1666.9436,68437,81924,Rhinolophus ferrumequinum,0.021,0.021,-1,Echolocation,/mnt/ubna_data_02_mir/recover-20221013/UBNA_001/20221012_030000.WAV,Telephone Field,recover-20221013,001,1795
1666.9745,1667.0123,68437,81659,Rhinolophus ferrumequinum,0.021,0.021,-1,Echolocation,/mnt/ubna_data_02_mir/recover-20221013/UBNA_001/20221012_030000.WAV,Telephone Field,recover-20221013,001,1795
1667.0135,1667.0541,68437,83301,Rhinolophus ferrumequinum,0.032,0.032,-1,Echolocation,/mnt/ubna_data_02_mir/recover-20221013/UBNA_001/20221012_030000.WAV,Telephone Field,recover-20221013,001,1795
1667.0455,1667.0854,68437,82514,Rhinolophus ferrumequinum,0.022,0.022,-1,Echolocation,/mnt/ubna_data_02_mir/recover-20221013/UBNA_001/20221012_030000.WAV,Telephone Field,recover-20221013,001,1795
1667.0605,1667.1,68437,82426,Rhinolophus ferrumequinum,0.022,0.022,-1,Echolocation,/mnt/ubna_data_02_mir/recover-20221013/UBNA_001/20221012_030000.WAV,Telephone Field,recover-20221013,001,1795
1667.0665,1667.0798,30625,35342,Eptesicus serotinus,0.026,0.054,-1,Echolocation,/mnt/ubna_data_02_mir/recover-20221013/UBNA_001/20221012_030000.WAV,Telephone Field,recover-20221013,001,1795
1667.1125,1667.1521,68437,82307,Rhinolophus ferrumequinum,0.022,0.022,-1,Echolocation,/mnt/ubna_data_02_mir/recover-20221013/UBNA_001/20221012_030000.WAV,Telephone Field,recover-20221013,001,1795
1667.1175,1667.1557,68437,82109,Rhinolophus ferrumequinum,0.022,0.022,-1,Echolocation,/mnt/ubna_data_02_mir/recover-20221013/UBNA_001/20221012_030000.WAV,Telephone Field,recover-20221013,001,1795
1667.1195,1667.1281,50390,56477,Pipistrellus pipistrellus,0.018,0.023,-1,Echolocation,/mnt/ubna_data_02_mir/recover-20221013/UBNA_001/20221012_030000.WAV,Telephone Field,recover-20221013,001,1795
1667.1405,1667.1785,68437,82354,Rhinolophus ferrumequinum,0.021,0.021,-1,Echolocation,/mnt/ubna_data_02_mir/recover-20221013/UBNA_001/20221012_030000.WAV,Telephone Field,recover-20221013,001,1795
1667.1625,1667.2066,68437,83485,Rhinolophus ferrumequinum,0.046,0.046,-1,Echolocation,/mnt/ubna_data_02_mir/recover-20221013/UBNA_001/20221012_030000.WAV,Telephone Field,recover-20221013,001,1795
1667.1895,1667.229,68437,82959,Rhinolophus ferrumequinum,0.029,0.029,-1,Echolocation,/mnt/ubna_data_02_mir/recover-20221013/UBNA_001/20221012_030000.WAV,Telephone Field,recover-20221013,001,1795
1667.1915,1667.2008,24609,32479,Eptesicus serotinus,0.007,0.02,-1,Echolocation,/mnt/ubna_data_02_mir/recover-20221013/UBNA_001/20221012_030000.WAV,Telephone Field,recover-20221013,001,1795
1667.2085,1667.2171,28046,40212,Eptesicus serotinus,0.009,0.025,-1,Echolocation,/mnt/ubna_data_02_mir/recover-20221013/UBNA_001/20221012_030000.WAV,Telephone Field,recover-20221013,001,1795
1667.2445,1667.2829,68437,81857,Rhinolophus ferrumequinum,0.023,0.023,-1,Echolocation,/mnt/ubna_data_02_mir/recover-20221013/UBNA_001/20221012_030000.WAV,Telephone Field,recover-20221013,001,1795
1667.3145,1667.3254,23750,30190,Nyctalus leisleri,0.011,0.026,-1,Echolocation,/mnt/ubna_data_02_mir/recover-20221013/UBNA_001/20221012_030000.WAV,Telephone Field,recover-20221013,001,1795
1667.3195,1667.3545,68437,81537,Rhinolophus ferrumequinum,0.025,0.025,-1,Echolocation,/mnt/ubna_data_02_mir/recover-20221013/UBNA_001/20221012_030000.WAV,Telephone Field,recover-20221013,001,1795
1667.3445,1667.3524,28046,37761,Eptesicus serotinus,0.007,0.021,-1,Echolocation,/mnt/ubna_data_02_mir/recover-20221013/UBNA_001/20221012_030000.WAV,Telephone Field,recover-20221013,001,1795
1667.3455,1667.3855,68437,82643,Rhinolophus ferrumequinum,0.026,0.026,-1,Echolocation,/mnt/ubna_data_02_mir/recover-20221013/UBNA_001/20221012_030000.WAV,Telephone Field,recover-20221013,001,1795
1667.3555,1667.3983,68437,82487,Rhinolophus ferrumequinum,0.031,0.031,-1,Echolocation,/mnt/ubna_data_02_mir/recover-20221013/UBNA_001/20221012_030000.WAV,Telephone Field,recover-20221013,001,1795
1667.4055,1667.4158,23750,30036,Nyctalus leisleri,0.007,0.021,-1,Echolocation,/mnt/ubna_data_02_mir/recover-20221013/UBNA_001/20221012_030000.WAV,Telephone Field,recover-20221013,001,1795
1667.4065,1667.4475,68437,82687,Rhinolophus ferrumequinum,0.022,0.022,-1,Echolocation,/mnt/ubna_data_02_mir/recover-20221013/UBNA_001/20221012_030000.WAV,Telephone Field,recover-20221013,001,1795
1667.4535,1667.4912,68437,82818,Rhinolophus ferrumequinum,0.021,0.021,-1,Echolocation,/mnt/ubna_data_02_mir/recover-20221013/UBNA_001/20221012_030000.WAV,Telephone Field,recover-20221013,001,1795
1667.4655,1667.5067,68437,82965,Rhinolophus ferrumequinum,0.027,0.027,-1,Echolocation,/mnt/ubna_data_02_mir/recover-20221013/UBNA_001/20221012_030000.WAV,Telephone Field,recover-20221013,001,1795
1667.4695,1667.4836,16015,21597,Nyctalus noctula,0.016,0.024,-1,Echolocation,/mnt/ubna_data_02_mir/recover-20221013/UBNA_001/20221012_030000.WAV,Telephone Field,recover-20221013,001,1795
1667.4735,1667.5119,68437,82279,Rhinolophus ferrumequinum,0.023,0.023,-1,Echolocation,/mnt/ubna_data_02_mir/recover-20221013/UBNA_001/20221012_030000.WAV,Telephone Field,recover-20221013,001,1795
1667.4885,1667.5254,68437,81368,Rhinolophus ferrumequinum,0.02,0.02,-1,Echolocation,/mnt/ubna_data_02_mir/recover-20221013/UBNA_001/20221012_030000.WAV,Telephone Field,recover-20221013,001,1795
1667.4935,1667.5015,28046,38028,Eptesicus serotinus,0.009,0.025,-1,Echolocation,/mnt/ubna_data_02_mir/recover-20221013/UBNA_001/20221012_030000.WAV,Telephone Field,recover-20221013,001,1795
1667.5145,1667.5219,27187,40048,Eptesicus serotinus,0.007,0.023,-1,Echolocation,/mnt/ubna_data_02_mir/recover-20221013/UBNA_001/20221012_030000.WAV,Telephone Field,recover-20221013,001,1795
1667.5185,1667.5576,68437,82313,Rhinolophus ferrumequinum,0.027,0.027,-1,Echolocation,/mnt/ubna_data_02_mir/recover-20221013/UBNA_001/20221012_030000.WAV,Telephone Field,recover-20221013,001,1795
1667.5905,1667.601,28906,37378,Eptesicus serotinus,0.011,0.024,-1,Echolocation,/mnt/ubna_data_02_mir/recover-20221013/UBNA_001/20221012_030000.WAV,Telephone Field,recover-20221013,001,1795
1667.5945,1667.6302,68437,80987,Rhinolophus ferrumequinum,0.021,0.021,-1,Echolocation,/mnt/ubna_data_02_mir/recover-20221013/UBNA_001/20221012_030000.WAV,Telephone Field,recover-20221013,001,1795
1667.5995,1667.6074,27187,40311,Eptesicus serotinus,0.007,0.021,-1,Echolocation,/mnt/ubna_data_02_mir/recover-20221013/UBNA_001/20221012_030000.WAV,Telephone Field,recover-20221013,001,1795
1667.6175,1667.6597,68437,81900,Rhinolophus ferrumequinum,0.023,0.024,-1,Echolocation,/mnt/ubna_data_02_mir/recover-20221013/UBNA_001/20221012_030000.WAV,Telephone Field,recover-20221013,001,1795
1667.6475,1667.6851,68437,82181,Rhinolophus ferrumequinum,0.02,0.02,-1,Echolocation,/mnt/ubna_data_02_mir/recover-20221013/UBNA_001/20221012_030000.WAV,Telephone Field,recover-20221013,001,1795
1667.6695,1667.7018,68437,80212,Rhinolophus ferrumequinum,0.022,0.023,-1,Echolocation,/mnt/ubna_data_02_mir/recover-20221013/UBNA_001/20221012_030000.WAV,Telephone Field,recover-20221013,001,1795
1667.6765,1667.711,68437,81116,Rhinolophus ferrumequinum,0.022,0.022,-1,Echolocation,/mnt/ubna_data_02_mir/recover-20221013/UBNA_001/20221012_030000.WAV,Telephone Field,recover-20221013,001,1795
1667.6955,1667.7057,23750,30128,Nyctalus leisleri,0.008,0.022,-1,Echolocation,/mnt/ubna_data_02_mir/recover-20221013/UBNA_001/20221012_030000.WAV,Telephone Field,recover-20221013,001,1795
1667.7045,1667.7437,68437,82256,Rhinolophus ferrumequinum,0.026,0.026,-1,Echolocation,/mnt/ubna_data_02_mir/recover-20221013/UBNA_001/20221012_030000.WAV,Telephone Field,recover-20221013,001,1795
1667.7135,1667.7518,68437,81849,Rhinolophus ferrumequinum,0.022,0.022,-1,Echolocation,/mnt/ubna_data_02_mir/recover-20221013/UBNA_001/20221012_030000.WAV,Telephone Field,recover-20221013,001,1795
1667.7275,1667.7383,24609,31957,Nyctalus leisleri,0.011,0.031,-1,Echolocation,/mnt/ubna_data_02_mir/recover-20221013/UBNA_001/20221012_030000.WAV,Telephone Field,recover-20221013,001,1795
1667.7405,1667.7489,28046,36998,Eptesicus serotinus,0.008,0.021,-1,Echolocation,/mnt/ubna_data_02_mir/recover-20221013/UBNA_001/20221012_030000.WAV,Telephone Field,recover-20221013,001,1795
1667.7895,1667.8299,68437,81926,Rhinolophus ferrumequinum,0.021,0.021,-1,Echolocation,/mnt/ubna_data_02_mir/recover-20221013/UBNA_001/20221012_030000.WAV,Telephone Field,recover-20221013,001,1795
1667.8035,1667.842,68437,82462,Rhinolophus ferrumequinum,0.021,0.021,-1,Echolocation,/mnt/ubna_data_02_mir/recover-20221013/UBNA_001/20221012_030000.WAV,Telephone Field,recover-20221013,001,1795
1667.8285,1667.8355999999999,50390,54630,Pipistrellus pipistrellus,0.024,0.025,-1,Echolocation,/mnt/ubna_data_02_mir/recover-20221013/UBNA_001/20221012_030000.WAV,Telephone Field,recover-20221013,001,1795
1667.8365,1667.8477,22031,26692,Nyctalus leisleri,0.011,0.022,-1,Echolocation,/mnt/ubna_data_02_mir/recover-20221013/UBNA_001/20221012_030000.WAV,Telephone Field,recover-20221013,001,1795
1667.8955,1667.935,68437,82766,Rhinolophus ferrumequinum,0.027,0.027,-1,Echolocation,/mnt/ubna_data_02_mir/recover-20221013/UBNA_001/20221012_030000.WAV,Telephone Field,recover-20221013,001,1795
1667.9215,1667.9309,28046,36304,Eptesicus serotinus,0.008,0.021,-1,Echolocation,/mnt/ubna_data_02_mir/recover-20221013/UBNA_001/20221012_030000.WAV,Telephone Field,recover-20221013,001,1795
1667.9335,1667.9741,68437,82415,Rhinolophus ferrumequinum,0.023,0.023,-1,Echolocation,/mnt/ubna_data_02_mir/recover-20221013/UBNA_001/20221012_030000.WAV,Telephone Field,recover-20221013,001,1795
1667.9805,1667.9901,26328,33990,Eptesicus serotinus,0.02,0.04,-1,Echolocation,/mnt/ubna_data_02_mir/recover-20221013/UBNA_001/20221012_030000.WAV,Telephone Field,recover-20221013,001,1795
1668.0015,1668.0119,22890,29729,Nyctalus leisleri,0.016,0.043,-1,Echolocation,/mnt/ubna_data_02_mir/recover-20221013/UBNA_001/20221012_030000.WAV,Telephone Field,recover-20221013,001,1795
1668.0015,1668.034,69296,81705,Rhinolophus ferrumequinum,0.021,0.021,-1,Echolocation,/mnt/ubna_data_02_mir/recover-20221013/UBNA_001/20221012_030000.WAV,Telephone Field,recover-20221013,001,1795
1668.0015,1668.0164,57265,64360,Pipistrellus pygmaeus,0.02,0.021,-1,Echolocation,/mnt/ubna_data_02_mir/recover-20221013/UBNA_001/20221012_030000.WAV,Telephone Field,recover-20221013,001,1795
1668.0145,1668.0283,22890,27543,Nyctalus leisleri,0.01,0.02,-1,Echolocation,/mnt/ubna_data_02_mir/recover-20221013/UBNA_001/20221012_030000.WAV,Telephone Field,recover-20221013,001,1795
1668.0225,1668.061,68437,82105,Rhinolophus ferrumequinum,0.021,0.021,-1,Echolocation,/mnt/ubna_data_02_mir/recover-20221013/UBNA_001/20221012_030000.WAV,Telephone Field,recover-20221013,001,1795
1668.0255,1668.0364,22890,27408,Nyctalus leisleri,0.011,0.023,-1,Echolocation,/mnt/ubna_data_02_mir/recover-20221013/UBNA_001/20221012_030000.WAV,Telephone Field,recover-20221013,001,1795
1668.0325,1668.0709,68437,81899,Rhinolophus ferrumequinum,0.021,0.021,-1,Echolocation,/mnt/ubna_data_02_mir/recover-20221013/UBNA_001/20221012_030000.WAV,Telephone Field,recover-20221013,001,1795
1668.0685,1668.1082,68437,82663,Rhinolophus ferrumequinum,0.026,0.026,-1,Echolocation,/mnt/ubna_data_02_mir/recover-20221013/UBNA_001/20221012_030000.WAV,Telephone Field,recover-20221013,001,1795
1668.0775,1668.0848,48671,52459,Pipistrellus pipistrellus,0.025,0.027,-1,Echolocation,/mnt/ubna_data_02_mir/recover-20221013/UBNA_001/20221012_030000.WAV,Telephone Field,recover-20221013,001,1795
1668.0865,1668.0982,26328,32630,Eptesicus serotinus,0.011,0.024,-1,Echolocation,/mnt/ubna_data_02_mir/recover-20221013/UBNA_001/20221012_030000.WAV,Telephone Field,recover-20221013,001,1795
1668.1115,1668.1213,29765,38014,Eptesicus serotinus,0.008,0.023,-1,Echolocation,/mnt/ubna_data_02_mir/recover-20221013/UBNA_001/20221012_030000.WAV,Telephone Field,recover-20221013,001,1795
1668.1225,1668.1618,68437,81908,Rhinolophus ferrumequinum,0.021,0.021,-1,Echolocation,/mnt/ubna_data_02_mir/recover-20221013/UBNA_001/20221012_030000.WAV,Telephone Field,recover-20221013,001,1795
1668.1415,1668.1823,68437,82469,Rhinolophus ferrumequinum,0.021,0.022,-1,Echolocation,/mnt/ubna_data_02_mir/recover-20221013/UBNA_001/20221012_030000.WAV,Telephone Field,recover-20221013,001,1795
1668.1585,1668.198,68437,82381,Rhinolophus ferrumequinum,0.023,0.023,-1,Echolocation,/mnt/ubna_data_02_mir/recover-20221013/UBNA_001/20221012_030000.WAV,Telephone Field,recover-20221013,001,1795
1668.1715,1668.1915,16875,20908,Nyctalus noctula,0.021,0.03,-1,Echolocation,/mnt/ubna_data_02_mir/recover-20221013/UBNA_001/20221012_030000.WAV,Telephone Field,recover-20221013,001,1795
1668.1745,1668.1817,28046,40341,Eptesicus serotinus,0.007,0.022,-1,Echolocation,/mnt/ubna_data_02_mir/recover-20221013/UBNA_001/20221012_030000.WAV,Telephone Field,recover-20221013,001,1795
1668.1955,1668.2332,68437,81992,Rhinolophus ferrumequinum,0.022,0.022,-1,Echolocation,/mnt/ubna_data_02_mir/recover-20221013/UBNA_001/20221012_030000.WAV,Telephone Field,recover-20221013,001,1795
1668.1985,1668.2068,28046,39121,Eptesicus serotinus,0.011,0.028,-1,Echolocation,/mnt/ubna_data_02_mir/recover-20221013/UBNA_001/20221012_030000.WAV,Telephone Field,recover-20221013,001,1795
1668.2145,1668.223,25468,34046,Eptesicus serotinus,0.008,0.021,-1,Echolocation,/mnt/ubna_data_02_mir/recover-20221013/UBNA_001/20221012_030000.WAV,Telephone Field,recover-20221013,001,1795
1668.2155,1668.2506,68437,82093,Rhinolophus ferrumequinum,0.021,0.021,-1,Echolocation,/mnt/ubna_data_02_mir/recover-20221013/UBNA_001/20221012_030000.WAV,Telephone Field,recover-20221013,001,1795
1668.2315,1668.2422,23750,30492,Nyctalus leisleri,0.008,0.021,-1,Echolocation,/mnt/ubna_data_02_mir/recover-20221013/UBNA_001/20221012_030000.WAV,Telephone Field,recover-20221013,001,1795
1668.2435,1668.2569,24609,29836,Nyctalus leisleri,0.012,0.028,-1,Echolocation,/mnt/ubna_data_02_mir/recover-20221013/UBNA_001/20221012_030000.WAV,Telephone Field,recover-20221013,001,1795
1668.2515,1668.2887,68437,82245,Rhinolophus ferrumequinum,0.02,0.02,-1,Echolocation,/mnt/ubna_data_02_mir/recover-20221013/UBNA_001/20221012_030000.WAV,Telephone Field,recover-20221013,001,1795
1668.2965,1668.3372,68437,82737,Rhinolophus ferrumequinum,0.026,0.026,-1,Echolocation,/mnt/ubna_data_02_mir/recover-20221013/UBNA_001/20221012_030000.WAV,Telephone Field,recover-20221013,001,1795
1668.3485,1668.3917,68437,83372,Rhinolophus ferrumequinum,0.029,0.029,-1,Echolocation,/mnt/ubna_data_02_mir/recover-20221013/UBNA_001/20221012_030000.WAV,Telephone Field,recover-20221013,001,1795
1668.3765,1668.4178,68437,81924,Rhinolophus ferrumequinum,0.023,0.023,-1,Echolocation,/mnt/ubna_data_02_mir/recover-20221013/UBNA_001/20221012_030000.WAV,Telephone Field,recover-20221013,001,1795
1668.3835,1668.3916,26328,35806,Eptesicus serotinus,0.007,0.021,-1,Echolocation,/mnt/ubna_data_02_mir/recover-20221013/UBNA_001/20221012_030000.WAV,Telephone Field,recover-20221013,001,1795
1668.3925,1668.4021,24609,31486,Nyctalus leisleri,0.008,0.024,-1,Echolocation,/mnt/ubna_data_02_mir/recover-20221013/UBNA_001/20221012_030000.WAV,Telephone Field,recover-20221013,001,1795
1668.4095,1668.4494,68437,82683,Rhinolophus ferrumequinum,0.024,0.024,-1,Echolocation,/mnt/ubna_data_02_mir/recover-20221013/UBNA_001/20221012_030000.WAV,Telephone Field,recover-20221013,001,1795
1668.4275,1668.4349,25468,34791,Eptesicus serotinus,0.007,0.023,-1,Echolocation,/mnt/ubna_data_02_mir/recover-20221013/UBNA_001/20221012_030000.WAV,Telephone Field,recover-20221013,001,1795
1668.4325,1668.4706,68437,82563,Rhinolophus ferrumequinum,0.022,0.022,-1,Echolocation,/mnt/ubna_data_02_mir/recover-20221013/UBNA_001/20221012_030000.WAV,Telephone Field,recover-20221013,001,1795
1668.4535,1668.489,68437,80994,Rhinolophus ferrumequinum,0.022,0.022,-1,Echolocation,/mnt/ubna_data_02_mir/recover-20221013/UBNA_001/20221012_030000.WAV,Telephone Field,recover-20221013,001,1795
1668.4705,1668.4804,24609,32605,Eptesicus serotinus,0.008,0.02,-1,Echolocation,/mnt/ubna_data_02_mir/recover-20221013/UBNA_001/20221012_030000.WAV,Telephone Field,recover-20221013,001,1795
1668.4955,1668.5041,22890,29996,Plecotus austriacus,0.01,0.023,-1,Echolocation,/mnt/ubna_data_02_mir/recover-20221013/UBNA_001/20221012_030000.WAV,Telephone Field,recover-20221013,001,1795
1668.5035,1668.5434,68437,82340,Rhinolophus ferrumequinum,0.021,0.021,-1,Echolocation,/mnt/ubna_data_02_mir/recover-20221013/UBNA_001/20221012_030000.WAV,Telephone Field,recover-20221013,001,1795
1668.5135,1668.555,68437,83041,Rhinolophus ferrumequinum,0.022,0.022,-1,Echolocation,/mnt/ubna_data_02_mir/recover-20221013/UBNA_001/20221012_030000.WAV,Telephone Field,recover-20221013,001,1795
1668.5335,1668.5534,20312,23516,Nyctalus leisleri,0.011,0.02,-1,Echolocation,/mnt/ubna_data_02_mir/recover-20221013/UBNA_001/20221012_030000.WAV,Telephone Field,recover-20221013,001,1795
1668.5385,1668.5463,27187,39265,Eptesicus serotinus,0.007,0.021,-1,Echolocation,/mnt/ubna_data_02_mir/recover-20221013/UBNA_001/20221012_030000.WAV,Telephone Field,recover-20221013,001,1795
1668.5395,1668.5468,34062,43237,Myotis daubentonii,0.008,0.021,-1,Echolocation,/mnt/ubna_data_02_mir/recover-20221013/UBNA_001/20221012_030000.WAV,Telephone Field,recover-20221013,001,1795
1668.5525,1668.5933,68437,82055,Rhinolophus ferrumequinum,0.023,0.023,-1,Echolocation,/mnt/ubna_data_02_mir/recover-20221013/UBNA_001/20221012_030000.WAV,Telephone Field,recover-20221013,001,1795
1668.5775,1668.6158,68437,82113,Rhinolophus ferrumequinum,0.03,0.03,-1,Echolocation,/mnt/ubna_data_02_mir/recover-20221013/UBNA_001/20221012_030000.WAV,Telephone Field,recover-20221013,001,1795
1668.5855,1668.593,28046,42444,Eptesicus serotinus,0.008,0.024,-1,Echolocation,/mnt/ubna_data_02_mir/recover-20221013/UBNA_001/20221012_030000.WAV,Telephone Field,recover-20221013,001,1795
1668.5865,1668.5915,37500,49873,Barbastellus barbastellus,0.004,0.021,-1,Echolocation,/mnt/ubna_data_02_mir/recover-20221013/UBNA_001/20221012_030000.WAV,Telephone Field,recover-20221013,001,1795
1668.6105,1668.6489,68437,82559,Rhinolophus ferrumequinum,0.024,0.024,-1,Echolocation,/mnt/ubna_data_02_mir/recover-20221013/UBNA_001/20221012_030000.WAV,Telephone Field,recover-20221013,001,1795
1668.6365,1668.6480999999999,22890,27876,Nyctalus leisleri,0.011,0.023,-1,Echolocation,/mnt/ubna_data_02_mir/recover-20221013/UBNA_001/20221012_030000.WAV,Telephone Field,recover-20221013,001,1795
1668.6685,1668.7089,68437,82491,Rhinolophus ferrumequinum,0.026,0.026,-1,Echolocation,/mnt/ubna_data_02_mir/recover-20221013/UBNA_001/20221012_030000.WAV,Telephone Field,recover-20221013,001,1795
1668.7095,1668.7427,68437,80522,Rhinolophus ferrumequinum,0.021,0.021,-1,Echolocation,/mnt/ubna_data_02_mir/recover-20221013/UBNA_001/20221012_030000.WAV,Telephone Field,recover-20221013,001,1795
1668.7205,1668.7286,28046,38473,Eptesicus serotinus,0.007,0.021,-1,Echolocation,/mnt/ubna_data_02_mir/recover-20221013/UBNA_001/20221012_030000.WAV,Telephone Field,recover-20221013,001,1795
1668.7365,1668.7787,68437,82824,Rhinolophus ferrumequinum,0.041,0.041,-1,Echolocation,/mnt/ubna_data_02_mir/recover-20221013/UBNA_001/20221012_030000.WAV,Telephone Field,recover-20221013,001,1795
1668.7595,1668.7953,68437,81223,Rhinolophus ferrumequinum,0.021,0.021,-1,Echolocation,/mnt/ubna_data_02_mir/recover-20221013/UBNA_001/20221012_030000.WAV,Telephone Field,recover-20221013,001,1795
1668.7745,1668.7824,27187,39677,Eptesicus serotinus,0.007,0.021,-1,Echolocation,/mnt/ubna_data_02_mir/recover-20221013/UBNA_001/20221012_030000.WAV,Telephone Field,recover-20221013,001,1795
1668.8045,1668.842,68437,82091,Rhinolophus ferrumequinum,0.02,0.02,-1,Echolocation,/mnt/ubna_data_02_mir/recover-20221013/UBNA_001/20221012_030000.WAV,Telephone Field,recover-20221013,001,1795
1668.8245,1668.8307,26328,39479,Plecotus auritus,0.005,0.025,-1,Echolocation,/mnt/ubna_data_02_mir/recover-20221013/UBNA_001/20221012_030000.WAV,Telephone Field,recover-20221013,001,1795
1668.8785,1668.9172,68437,82042,Rhinolophus ferrumequinum,0.02,0.02,-1,Echolocation,/mnt/ubna_data_02_mir/recover-20221013/UBNA_001/20221012_030000.WAV,Telephone Field,recover-20221013,001,1795
1668.8795,1668.8896,55546,60163,Pipistrellus pygmaeus,0.022,0.023,-1,Echolocation,/mnt/ubna_data_02_mir/recover-20221013/UBNA_001/20221012_030000.WAV,Telephone Field,recover-20221013,001,1795
1668.8795,1668.8886,24609,32583,Eptesicus serotinus,0.006,0.02,-1,Echolocation,/mnt/ubna_data_02_mir/recover-20221013/UBNA_001/20221012_030000.WAV,Telephone Field,recover-20221013,001,1795
1668.9145,1668.9525,68437,82017,Rhinolophus ferrumequinum,0.021,0.021,-1,Echolocation,/mnt/ubna_data_02_mir/recover-20221013/UBNA_001/20221012_030000.WAV,Telephone Field,recover-20221013,001,1795
1668.9375,1668.978,68437,82215,Rhinolophus ferrumequinum,0.031,0.031,-1,Echolocation,/mnt/ubna_data_02_mir/recover-20221013/UBNA_001/20221012_030000.WAV,Telephone Field,recover-20221013,001,1795
1668.9605,1669.0031,68437,82798,Rhinolophus ferrumequinum,0.026,0.026,-1,Echolocation,/mnt/ubna_data_02_mir/recover-20221013/UBNA_001/20221012_030000.WAV,Telephone Field,recover-20221013,001,1795
1668.9785,1669.0165,68437,80754,Rhinolophus ferrumequinum,0.025,0.026,-1,Echolocation,/mnt/ubna_data_02_mir/recover-20221013/UBNA_001/20221012_030000.WAV,Telephone Field,recover-20221013,001,1795
1668.9845,1668.9913999999999,28906,40530,Myotis daubentonii,0.009,0.035,-1,Echolocation,/mnt/ubna_data_02_mir/recover-20221013/UBNA_001/20221012_030000.WAV,Telephone Field,recover-20221013,001,1795
1669.0095,1669.0203,22890,28448,Nyctalus leisleri,0.009,0.021,-1,Echolocation,/mnt/ubna_data_02_mir/recover-20221013/UBNA_001/20221012_030000.WAV,Telephone Field,recover-20221013,001,1795
1669.0265,1669.065,68437,81827,Rhinolophus ferrumequinum,0.022,0.022,-1,Echolocation,/mnt/ubna_data_02_mir/recover-20221013/UBNA_001/20221012_030000.WAV,Telephone Field,recover-20221013,001,1795
1669.0605,1669.0998,68437,81817,Rhinolophus ferrumequinum,0.023,0.023,-1,Echolocation,/mnt/ubna_data_02_mir/recover-20221013/UBNA_001/20221012_030000.WAV,Telephone Field,recover-20221013,001,1795
1669.0675,1669.0784,23750,30421,Nyctalus leisleri,0.017,0.045,-1,Echolocation,/mnt/ubna_data_02_mir/recover-20221013/UBNA_001/20221012_030000.WAV,Telephone Field,recover-20221013,001,1795
1669.1435,1669.188,68437,83204,Rhinolophus ferrumequinum,0.058,0.058,-1,Echolocation,/mnt/ubna_data_02_mir/recover-20221013/UBNA_001/20221012_030000.WAV,Telephone Field,recover-20221013,001,1795
1669.2075,1669.2489,68437,82129,Rhinolophus ferrumequinum,0.022,0.022,-1,Echolocation,/mnt/ubna_data_02_mir/recover-20221013/UBNA_001/20221012_030000.WAV,Telephone Field,recover-20221013,001,1795
1669.2295,1669.2719,68437,82921,Rhinolophus ferrumequinum,0.039,0.039,-1,Echolocation,/mnt/ubna_data_02_mir/recover-20221013/UBNA_001/20221012_030000.WAV,Telephone Field,recover-20221013,001,1795
1669.2625,1669.2698,28046,39781,Eptesicus serotinus,0.007,0.022,-1,Echolocation,/mnt/ubna_data_02_mir/recover-20221013/UBNA_001/20221012_030000.WAV,Telephone Field,recover-20221013,001,1795
1669.2755,1669.3164,68437,82910,Rhinolophus ferrumequinum,0.024,0.024,-1,Echolocation,/mnt/ubna_data_02_mir/recover-20221013/UBNA_001/20221012_030000.WAV,Telephone Field,recover-20221013,001,1795
1669.3195,1669.354,68437,80830,Rhinolophus ferrumequinum,0.022,0.022,-1,Echolocation,/mnt/ubna_data_02_mir/recover-20221013/UBNA_001/20221012_030000.WAV,Telephone Field,recover-20221013,001,1795
1669.3575,1669.3721,22031,25756,Nyctalus leisleri,0.015,0.025,-1,Echolocation,/mnt/ubna_data_02_mir/recover-20221013/UBNA_001/20221012_030000.WAV,Telephone Field,recover-20221013,001,1795
1669.3715,1669.414,68437,83513,Rhinolophus ferrumequinum,0.038,0.038,-1,Echolocation,/mnt/ubna_data_02_mir/recover-20221013/UBNA_001/20221012_030000.WAV,Telephone Field,recover-20221013,001,1795
1669.3735,1669.3839,23750,30498,Nyctalus leisleri,0.009,0.025,-1,Echolocation,/mnt/ubna_data_02_mir/recover-20221013/UBNA_001/20221012_030000.WAV,Telephone Field,recover-20221013,001,1795
1669.3955,1669.4347,68437,82840,Rhinolophus ferrumequinum,0.021,0.021,-1,Echolocation,/mnt/ubna_data_02_mir/recover-20221013/UBNA_001/20221012_030000.WAV,Telephone Field,recover-20221013,001,1795
1669.3975,1669.4088,27187,34845,Eptesicus serotinus,0.014,0.029,-1,Echolocation,/mnt/ubna_data_02_mir/recover-20221013/UBNA_001/20221012_030000.WAV,Telephone Field,recover-20221013,001,1795
1669.4545,1669.4938,68437,82125,Rhinolophus ferrumequinum,0.026,0.027,-1,Echolocation,/mnt/ubna_data_02_mir/recover-20221013/UBNA_001/20221012_030000.WAV,Telephone Field,recover-20221013,001,1795
1669.4625,1669.497,68437,80514,Rhinolophus ferrumequinum,0.022,0.022,-1,Echolocation,/mnt/ubna_data_02_mir/recover-20221013/UBNA_001/20221012_030000.WAV,Telephone Field,recover-20221013,001,1795
1669.4955,1669.5345,68437,82451,Rhinolophus ferrumequinum,0.021,0.021,-1,Echolocation,/mnt/ubna_data_02_mir/recover-20221013/UBNA_001/20221012_030000.WAV,Telephone Field,recover-20221013,001,1795
1669.5395,1669.5485,28906,37288,Eptesicus serotinus,0.007,0.021,-1,Echolocation,/mnt/ubna_data_02_mir/recover-20221013/UBNA_001/20221012_030000.WAV,Telephone Field,recover-20221013,001,1795
1669.5495,1669.5928,68437,83702,Rhinolophus ferrumequinum,0.056,0.056,-1,Echolocation,/mnt/ubna_data_02_mir/recover-20221013/UBNA_001/20221012_030000.WAV,Telephone Field,recover-20221013,001,1795
1669.5615,1669.602,68437,82866,Rhinolophus ferrumequinum,0.024,0.024,-1,Echolocation,/mnt/ubna_data_02_mir/recover-20221013/UBNA_001/20221012_030000.WAV,Telephone Field,recover-20221013,001,1795
1669.5615,1669.5744,22890,28309,Nyctalus leisleri,0.012,0.025,-1,Echolocation,/mnt/ubna_data_02_mir/recover-20221013/UBNA_001/20221012_030000.WAV,Telephone Field,recover-20221013,001,1795
1669.6025,1669.6408,68437,81910,Rhinolophus ferrumequinum,0.021,0.022,-1,Echolocation,/mnt/ubna_data_02_mir/recover-20221013/UBNA_001/20221012_030000.WAV,Telephone Field,recover-20221013,001,1795
1669.6045,1669.6108,50390,59638,Pipistrellus pipistrellus,0.031,0.035,-1,Echolocation,/mnt/ubna_data_02_mir/recover-20221013/UBNA_001/20221012_030000.WAV,Telephone Field,recover-20221013,001,1795
1669.6295,1669.6682,68437,82617,Rhinolophus ferrumequinum,0.033,0.033,-1,Echolocation,/mnt/ubna_data_02_mir/recover-20221013/UBNA_001/20221012_030000.WAV,Telephone Field,recover-20221013,001,1795
1669.6465,1669.6533,28046,38105,Eptesicus serotinus,0.007,0.024,-1,Echolocation,/mnt/ubna_data_02_mir/recover-20221013/UBNA_001/20221012_030000.WAV,Telephone Field,recover-20221013,001,1795
1669.6465,1669.6838,68437,81891,Rhinolophus ferrumequinum,0.021,0.021,-1,Echolocation,/mnt/ubna_data_02_mir/recover-20221013/UBNA_001/20221012_030000.WAV,Telephone Field,recover-20221013,001,1795
1669.6485,1669.6585,22031,27221,Nyctalus leisleri,0.009,0.021,-1,Echolocation,/mnt/ubna_data_02_mir/recover-20221013/UBNA_001/20221012_030000.WAV,Telephone Field,recover-20221013,001,1795
1669.6705,1669.707,68437,80476,Rhinolophus ferrumequinum,0.024,0.024,-1,Echolocation,/mnt/ubna_data_02_mir/recover-20221013/UBNA_001/20221012_030000.WAV,Telephone Field,recover-20221013,001,1795
1669.7635,1669.8007,68437,81722,Rhinolophus ferrumequinum,0.023,0.023,-1,Echolocation,/mnt/ubna_data_02_mir/recover-20221013/UBNA_001/20221012_030000.WAV,Telephone Field,recover-20221013,001,1795
1669.8015,1669.8373,68437,80770,Rhinolophus ferrumequinum,0.021,0.021,-1,Echolocation,/mnt/ubna_data_02_mir/recover-20221013/UBNA_001/20221012_030000.WAV,Telephone Field,recover-20221013,001,1795
1669.8225,1669.8618,68437,82839,Rhinolophus ferrumequinum,0.023,0.023,-1,Echolocation,/mnt/ubna_data_02_mir/recover-20221013/UBNA_001/20221012_030000.WAV,Telephone Field,recover-20221013,001,1795
1669.8535,1669.8929,68437,82315,Rhinolophus ferrumequinum,0.024,0.024,-1,Echolocation,/mnt/ubna_data_02_mir/recover-20221013/UBNA_001/20221012_030000.WAV,Telephone Field,recover-20221013,001,1795
1669.8705,1669.8769,48671,52323,Pipistrellus pipistrellus,0.024,0.026,-1,Echolocation,/mnt/ubna_data_02_mir/recover-20221013/UBNA_001/20221012_030000.WAV,Telephone Field,recover-20221013,001,1795
1669.8795,1669.9175,68437,81742,Rhinolophus ferrumequinum,0.02,0.02,-1,Echolocation,/mnt/ubna_data_02_mir/recover-20221013/UBNA_001/20221012_030000.WAV,Telephone Field,recover-20221013,001,1795
1669.8965,1669.934,68437,82489,Rhinolophus ferrumequinum,0.021,0.022,-1,Echolocation,/mnt/ubna_data_02_mir/recover-20221013/UBNA_001/20221012_030000.WAV,Telephone Field,recover-20221013,001,1795
1669.9015,1669.9424,68437,82345,Rhinolophus ferrumequinum,0.022,0.022,-1,Echolocation,/mnt/ubna_data_02_mir/recover-20221013/UBNA_001/20221012_030000.WAV,Telephone Field,recover-20221013,001,1795
1669.9485,1669.9872,68437,82161,Rhinolophus ferrumequinum,0.024,0.024,-1,Echolocation,/mnt/ubna_data_02_mir/recover-20221013/UBNA_001/20221012_030000.WAV,Telephone Field,recover-20221013,001,1795
1669.9795,1669.9892,28046,38938,Eptesicus serotinus,0.016,0.032,-1,Echolocation,/mnt/ubna_data_02_mir/recover-20221013/UBNA_001/20221012_030000.WAV,Telephone Field,recover-20221013,001,1795
1670.0015,1670.0104,28906,38698,Eptesicus serotinus,0.008,0.027,-1,Echolocation,/mnt/ubna_data_02_mir/recover-20221013/UBNA_001/20221012_030000.WAV,Telephone Field,recover-20221013,001,1795
1670.0015,1670.0129,46953,52460,Pipistrellus pipistrellus,0.022,0.026,-1,Echolocation,/mnt/ubna_data_02_mir/recover-20221013/UBNA_001/20221012_030000.WAV,Telephone Field,recover-20221013,001,1795
1670.0015,1670.0318,69296,81618,Rhinolophus ferrumequinum,0.024,0.024,-1,Echolocation,/mnt/ubna_data_02_mir/recover-20221013/UBNA_001/20221012_030000.WAV,Telephone Field,recover-20221013,001,1795
1670.0025,1670.0249,17734,21498,Nyctalus noctula,0.109,0.151,-1,Echolocation,/mnt/ubna_data_02_mir/recover-20221013/UBNA_001/20221012_030000.WAV,Telephone Field,recover-20221013,001,1795
1670.0365,1670.0464,28906,35764,Eptesicus serotinus,0.01,0.022,-1,Echolocation,/mnt/ubna_data_02_mir/recover-20221013/UBNA_001/20221012_030000.WAV,Telephone Field,recover-20221013,001,1795
1670.0425,1670.081,68437,81815,Rhinolophus ferrumequinum,0.021,0.021,-1,Echolocation,/mnt/ubna_data_02_mir/recover-20221013/UBNA_001/20221012_030000.WAV,Telephone Field,recover-20221013,001,1795
1670.1075,1670.1477,68437,83008,Rhinolophus ferrumequinum,0.023,0.023,-1,Echolocation,/mnt/ubna_data_02_mir/recover-20221013/UBNA_001/20221012_030000.WAV,Telephone Field,recover-20221013,001,1795
1670.1445,1670.1829,68437,82867,Rhinolophus ferrumequinum,0.023,0.023,-1,Echolocation,/mnt/ubna_data_02_mir/recover-20221013/UBNA_001/20221012_030000.WAV,Telephone Field,recover-20221013,001,1795
1670.1515,1670.1585,24609,34099,Plecotus austriacus,0.011,0.026,-1,Echolocation,/mnt/ubna_data_02_mir/recover-20221013/UBNA_001/20221012_030000.WAV,Telephone Field,recover-20221013,001,1795
1670.1695,1670.2092,68437,82643,Rhinolophus ferrumequinum,0.028,0.028,-1,Echolocation,/mnt/ubna_data_02_mir/recover-20221013/UBNA_001/20221012_030000.WAV,Telephone Field,recover-20221013,001,1795
1670.2135,1670.2542,68437,83193,Rhinolophus ferrumequinum,0.037,0.037,-1,Echolocation,/mnt/ubna_data_02_mir/recover-20221013/UBNA_001/20221012_030000.WAV,Telephone Field,recover-20221013,001,1795
1670.2495,1670.287,68437,81988,Rhinolophus ferrumequinum,0.024,0.024,-1,Echolocation,/mnt/ubna_data_02_mir/recover-20221013/UBNA_001/20221012_030000.WAV,Telephone Field,recover-20221013,001,1795
1670.2685,1670.3072,68437,82331,Rhinolophus ferrumequinum,0.022,0.022,-1,Echolocation,/mnt/ubna_data_02_mir/recover-20221013/UBNA_001/20221012_030000.WAV,Telephone Field,recover-20221013,001,1795
1670.3125,1670.3276,22031,25762,Nyctalus leisleri,0.013,0.022,-1,Echolocation,/mnt/ubna_data_02_mir/recover-20221013/UBNA_001/20221012_030000.WAV,Telephone Field,recover-20221013,001,1795
1670.3545,1670.3605,28906,42661,Eptesicus serotinus,0.008,0.031,-1,Echolocation,/mnt/ubna_data_02_mir/recover-20221013/UBNA_001/20221012_030000.WAV,Telephone Field,recover-20221013,001,1795
1670.3635,1670.4011,68437,82910,Rhinolophus ferrumequinum,0.026,0.026,-1,Echolocation,/mnt/ubna_data_02_mir/recover-20221013/UBNA_001/20221012_030000.WAV,Telephone Field,recover-20221013,001,1795
1670.3865,1670.4216,68437,80552,Rhinolophus ferrumequinum,0.022,0.022,-1,Echolocation,/mnt/ubna_data_02_mir/recover-20221013/UBNA_001/20221012_030000.WAV,Telephone Field,recover-20221013,001,1795
1670.4045,1670.4432,68437,82287,Rhinolophus ferrumequinum,0.022,0.022,-1,Echolocation,/mnt/ubna_data_02_mir/recover-20221013/UBNA_001/20221012_030000.WAV,Telephone Field,recover-20221013,001,1795
1670.4115,1670.4489,68437,82474,Rhinolophus ferrumequinum,0.022,0.022,-1,Echolocation,/mnt/ubna_data_02_mir/recover-20221013/UBNA_001/20221012_030000.WAV,Telephone Field,recover-20221013,001,1795
1670.4495,1670.4575,28046,39219,Eptesicus serotinus,0.007,0.022,-1,Echolocation,/mnt/ubna_data_02_mir/recover-20221013/UBNA_001/20221012_030000.WAV,Telephone Field,recover-20221013,001,1795
1670.4675,1670.5079,68437,82624,Rhinolophus ferrumequinum,0.021,0.021,-1,Echolocation,/mnt/ubna_data_02_mir/recover-20221013/UBNA_001/20221012_030000.WAV,Telephone Field,recover-20221013,001,1795
1670.5105,1670.5198,28906,39953,Eptesicus serotinus,0.009,0.022,-1,Echolocation,/mnt/ubna_data_02_mir/recover-20221013/UBNA_001/20221012_030000.WAV,Telephone Field,recover-20221013,001,1795
1670.5165,1670.5252,29765,38049,Eptesicus serotinus,0.008,0.022,-1,Echolocation,/mnt/ubna_data_02_mir/recover-20221013/UBNA_001/20221012_030000.WAV,Telephone Field,recover-20221013,001,1795
1670.5165,1670.553,68437,82638,Rhinolophus ferrumequinum,0.041,0.042,-1,Echolocation,/mnt/ubna_data_02_mir/recover-20221013/UBNA_001/20221012_030000.WAV,Telephone Field,recover-20221013,001,1795
1670.5355,1670.5761,68437,83066,Rhinolophus ferrumequinum,0.021,0.021,-1,Echolocation,/mnt/ubna_data_02_mir/recover-20221013/UBNA_001/20221012_030000.WAV,Telephone Field,recover-20221013,001,1795
1670.5435,1670.55,28046,40421,Eptesicus serotinus,0.006,0.025,-1,Echolocation,/mnt/ubna_data_02_mir/recover-20221013/UBNA_001/20221012_030000.WAV,Telephone Field,recover-20221013,001,1795
1670.5705,1670.6076,68437,82338,Rhinolophus ferrumequinum,0.021,0.021,-1,Echolocation,/mnt/ubna_data_02_mir/recover-20221013/UBNA_001/20221012_030000.WAV,Telephone Field,recover-20221013,001,1795
1670.6075,1670.6457,68437,81828,Rhinolophus ferrumequinum,0.021,0.021,-1,Echolocation,/mnt/ubna_data_02_mir/recover-20221013/UBNA_001/20221012_030000.WAV,Telephone Field,recover-20221013,001,1795
1670.6085,1670.6181,22890,29211,Nyctalus leisleri,0.009,0.026,-1,Echolocation,/mnt/ubna_data_02_mir/recover-20221013/UBNA_001/20221012_030000.WAV,Telephone Field,recover-20221013,001,1795
1670.6355,1670.645,29765,37515,Eptesicus serotinus,0.01,0.023,-1,Echolocation,/mnt/ubna_data_02_mir/recover-20221013/UBNA_001/20221012_030000.WAV,Telephone Field,recover-20221013,001,1795
1670.6425,1670.683,68437,82328,Rhinolophus ferrumequinum,0.025,0.025,-1,Echolocation,/mnt/ubna_data_02_mir/recover-20221013/UBNA_001/20221012_030000.WAV,Telephone Field,recover-20221013,001,1795
1670.6525,1670.661,28046,37918,Eptesicus serotinus,0.008,0.022,-1,Echolocation,/mnt/ubna_data_02_mir/recover-20221013/UBNA_001/20221012_030000.WAV,Telephone Field,recover-20221013,001,1795
1670.6845,1670.7214,68437,81657,Rhinolophus ferrumequinum,0.026,0.026,-1,Echolocation,/mnt/ubna_data_02_mir/recover-20221013/UBNA_001/20221012_030000.WAV,Telephone Field,recover-20221013,001,1795
1670.7125,1670.7547,68437,82751,Rhinolophus ferrumequinum,0.024,0.024,-1,Echolocation,/mnt/ubna_data_02_mir/recover-20221013/UBNA_001/20221012_030000.WAV,Telephone Field,recover-20221013,001,1795
1670.7425,1670.75,24609,33410,Plecotus austriacus,0.008,0.022,-1,Echolocation,/mnt/ubna_data_02_mir/recover-20221013/UBNA_001/20221012_030000.WAV,Telephone Field,recover-20221013,001,1795
1670.7625,1670.802,68437,82660,Rhinolophus ferrumequinum,0.026,0.026,-1,Echolocation,/mnt/ubna_data_02_mir/recover-20221013/UBNA_001/20221012_030000.WAV,Telephone Field,recover-20221013,001,1795
1670.7815,1670.8198,68437,82252,Rhinolophus ferrumequinum,0.022,0.022,-1,Echolocation,/mnt/ubna_data_02_mir/recover-20221013/UBNA_001/20221012_030000.WAV,Telephone Field,recover-20221013,001,1795
1670.8075,1670.8146,27187,38616,Eptesicus serotinus,0.012,0.034,-1,Echolocation,/mnt/ubna_data_02_mir/recover-20221013/UBNA_001/20221012_030000.WAV,Telephone Field,recover-20221013,001,1795
1670.8205,1670.8576,68437,81039,Rhinolophus ferrumequinum,0.022,0.022,-1,Echolocation,/mnt/ubna_data_02_mir/recover-20221013/UBNA_001/20221012_030000.WAV,Telephone Field,recover-20221013,001,1795
1670.8255,1670.8363,22031,27230,Nyctalus leisleri,0.011,0.023,-1,Echolocation,/mnt/ubna_data_02_mir/recover-20221013/UBNA_001/20221012_030000.WAV,Telephone Field,recover-20221013,001,1795
1670.8295,1670.8686,68437,82184,Rhinolophus ferrumequinum,0.033,0.033,-1,Echolocation,/mnt/ubna_data_02_mir/recover-20221013/UBNA_001/20221012_030000.WAV,Telephone Field,recover-20221013,001,1795
1670.9035,1670.9173,24609,29954,Nyctalus leisleri,0.011,0.024,-1,Echolocation,/mnt/ubna_data_02_mir/recover-20221013/UBNA_001/20221012_030000.WAV,Telephone Field,recover-20221013,001,1795
1670.9235,1670.9647,68437,82585,Rhinolophus ferrumequinum,0.027,0.028,-1,Echolocation,/mnt/ubna_data_02_mir/recover-20221013/UBNA_001/20221012_030000.WAV,Telephone Field,recover-20221013,001,1795
1670.9405,1670.9523,21171,25223,Nyctalus leisleri,0.014,0.027,-1,Echolocation,/mnt/ubna_data_02_mir/recover-20221013/UBNA_001/20221012_030000.WAV,Telephone Field,recover-20221013,001,1795
1670.9565,1670.9953,68437,82198,Rhinolophus ferrumequinum,0.028,0.028,-1,Echolocation,/mnt/ubna_data_02_mir/recover-20221013/UBNA_001/20221012_030000.WAV,Telephone Field,recover-20221013,001,1795
1670.9775,1671.0145,68437,81791,Rhinolophus ferrumequinum,0.021,0.021,-1,Echolocation,/mnt/ubna_data_02_mir/recover-20221013/UBNA_001/20221012_030000.WAV,Telephone Field,recover-20221013,001,1795
1670.9965,1671.0354,68437,82286,Rhinolophus ferrumequinum,0.022,0.022,-1,Echolocation,/mnt/ubna_data_02_mir/recover-20221013/UBNA_001/20221012_030000.WAV,Telephone Field,recover-20221013,001,1795
1671.0715,1671.112,68437,82972,Rhinolophus ferrumequinum,0.023,0.023,-1,Echolocation,/mnt/ubna_data_02_mir/recover-20221013/UBNA_001/20221012_030000.WAV,Telephone Field,recover-20221013,001,1795
1671.0975,1671.1062,47812,54254,Pipistrellus pipistrellus,0.023,0.025,-1,Echolocation,/mnt/ubna_data_02_mir/recover-20221013/UBNA_001/20221012_030000.WAV,Telephone Field,recover-20221013,001,1795
1671.1185,1671.1509,68437,80776,Rhinolophus ferrumequinum,0.024,0.024,-1,Echolocation,/mnt/ubna_data_02_mir/recover-20221013/UBNA_001/20221012_030000.WAV,Telephone Field,recover-20221013,001,1795
1671.1355,1671.1714,68437,81830,Rhinolophus ferrumequinum,0.025,0.025,-1,Echolocation,/mnt/ubna_data_02_mir/recover-20221013/UBNA_001/20221012_030000.WAV,Telephone Field,recover-20221013,001,1795
1671.2085,1671.2226,22031,25900,Nyctalus leisleri,0.016,0.025,-1,Echolocation,/mnt/ubna_data_02_mir/recover-20221013/UBNA_001/20221012_030000.WAV,Telephone Field,recover-20221013,001,1795
1671.2715,1671.3081,68437,82772,Rhinolophus ferrumequinum,0.024,0.024,-1,Echolocation,/mnt/ubna_data_02_mir/recover-20221013/UBNA_001/20221012_030000.WAV,Telephone Field,recover-20221013,001,1795
1671.2845,1671.2941,27187,36365,Eptesicus serotinus,0.01,0.023,-1,Echolocation,/mnt/ubna_data_02_mir/recover-20221013/UBNA_001/20221012_030000.WAV,Telephone Field,recover-20221013,001,1795
1671.2865,1671.3251,68437,82549,Rhinolophus ferrumequinum,0.025,0.025,-1,Echolocation,/mnt/ubna_data_02_mir/recover-20221013/UBNA_001/20221012_030000.WAV,Telephone Field,recover-20221013,001,1795
1671.3195,1671.3613,68437,83014,Rhinolophus ferrumequinum,0.052,0.052,-1,Echolocation,/mnt/ubna_data_02_mir/recover-20221013/UBNA_001/20221012_030000.WAV,Telephone Field,recover-20221013,001,1795
1671.3325,1671.3426,22031,26811,Nyctalus leisleri,0.011,0.025,-1,Echolocation,/mnt/ubna_data_02_mir/recover-20221013/UBNA_001/20221012_030000.WAV,Telephone Field,recover-20221013,001,1795
1671.4005,1671.4367,68437,81502,Rhinolophus ferrumequinum,0.022,0.022,-1,Echolocation,/mnt/ubna_data_02_mir/recover-20221013/UBNA_001/20221012_030000.WAV,Telephone Field,recover-20221013,001,1795
1671.4355,1671.4755,68437,83044,Rhinolophus ferrumequinum,0.021,0.021,-1,Echolocation,/mnt/ubna_data_02_mir/recover-20221013/UBNA_001/20221012_030000.WAV,Telephone Field,recover-20221013,001,1795
1671.4355,1671.4439,23750,31699,Plecotus austriacus,0.01,0.026,-1,Echolocation,/mnt/ubna_data_02_mir/recover-20221013/UBNA_001/20221012_030000.WAV,Telephone Field,recover-20221013,001,1795
1671.4365,1671.4441,28906,39719,Eptesicus serotinus,0.008,0.024,-1,Echolocation,/mnt/ubna_data_02_mir/recover-20221013/UBNA_001/20221012_030000.WAV,Telephone Field,recover-20221013,001,1795
1671.4525,1671.4894,68437,81799,Rhinolophus ferrumequinum,0.022,0.022,-1,Echolocation,/mnt/ubna_data_02_mir/recover-20221013/UBNA_001/20221012_030000.WAV,Telephone Field,recover-20221013,001,1795
1671.4725,1671.5112,68437,82197,Rhinolophus ferrumequinum,0.025,0.025,-1,Echolocation,/mnt/ubna_data_02_mir/recover-20221013/UBNA_001/20221012_030000.WAV,Telephone Field,recover-20221013,001,1795
1671.5055,1671.5444,68437,82457,Rhinolophus ferrumequinum,0.021,0.021,-1,Echolocation,/mnt/ubna_data_02_mir/recover-20221013/UBNA_001/20221012_030000.WAV,Telephone Field,recover-20221013,001,1795
1671.5395,1671.5459,28046,41442,Eptesicus serotinus,0.006,0.022,-1,Echolocation,/mnt/ubna_data_02_mir/recover-20221013/UBNA_001/20221012_030000.WAV,Telephone Field,recover-20221013,001,1795
1671.5835,1671.62,68437,81518,Rhinolophus ferrumequinum,0.022,0.022,-1,Echolocation,/mnt/ubna_data_02_mir/recover-20221013/UBNA_001/20221012_030000.WAV,Telephone Field,recover-20221013,001,1795
1671.6145,1671.6587,68437,83547,Rhinolophus ferrumequinum,0.052,0.052,-1,Echolocation,/mnt/ubna_data_02_mir/recover-20221013/UBNA_001/20221012_030000.WAV,Telephone Field,recover-20221013,001,1795
1671.6155,1671.6247,45234,54579,Pipistrellus pipistrellus,0.017,0.025,-1,Echolocation,/mnt/ubna_data_02_mir/recover-20221013/UBNA_001/20221012_030000.WAV,Telephone Field,recover-20221013,001,1795
1671.6335,1671.6749,68437,82244,Rhinolophus ferrumequinum,0.024,0.024,-1,Echolocation,/mnt/ubna_data_02_mir/recover-20221013/UBNA_001/20221012_030000.WAV,Telephone Field,recover-20221013,001,1795
1671.6345,1671.6514,22031,25796,Nyctalus leisleri,0.026,0.045,-1,Echolocation,/mnt/ubna_data_02_mir/recover-20221013/UBNA_001/20221012_030000.WAV,Telephone Field,recover-20221013,001,1795
1671.6805,1671.6917,22890,28456,Nyctalus leisleri,0.011,0.025,-1,Echolocation,/mnt/ubna_data_02_mir/recover-20221013/UBNA_001/20221012_030000.WAV,Telephone Field,recover-20221013,001,1795
1671.6905,1671.7102,20312,23366,Nyctalus leisleri,0.012,0.021,-1,Echolocation,/mnt/ubna_data_02_mir/recover-20221013/UBNA_001/20221012_030000.WAV,Telephone Field,recover-20221013,001,1795
1671.6955,1671.703,28906,39800,Eptesicus serotinus,0.007,0.022,-1,Echolocation,/mnt/ubna_data_02_mir/recover-20221013/UBNA_001/20221012_030000.WAV,Telephone Field,recover-20221013,001,1795
1671.7415,1671.7552,22890,28891,Nyctalus leisleri,0.026,0.068,-1,Echolocation,/mnt/ubna_data_02_mir/recover-20221013/UBNA_001/20221012_030000.WAV,Telephone Field,recover-20221013,001,1795
1671.7545,1671.7944,68437,82444,Rhinolophus ferrumequinum,0.024,0.024,-1,Echolocation,/mnt/ubna_data_02_mir/recover-20221013/UBNA_001/20221012_030000.WAV,Telephone Field,recover-20221013,001,1795
1671.7785,1671.8191,68437,83090,Rhinolophus ferrumequinum,0.028,0.028,-1,Echolocation,/mnt/ubna_data_02_mir/recover-20221013/UBNA_001/20221012_030000.WAV,Telephone Field,recover-20221013,001,1795
1671.8455,1671.8554,27187,36537,Eptesicus serotinus,0.01,0.023,-1,Echolocation,/mnt/ubna_data_02_mir/recover-20221013/UBNA_001/20221012_030000.WAV,Telephone Field,recover-20221013,001,1795
1671.8705,1671.8819,27187,35036,Eptesicus serotinus,0.011,0.023,-1,Echolocation,/mnt/ubna_data_02_mir/recover-20221013/UBNA_001/20221012_030000.WAV,Telephone Field,recover-20221013,001,1795
1671.9575,1671.9936,68437,81744,Rhinolophus ferrumequinum,0.021,0.021,-1,Echolocation,/mnt/ubna_data_02_mir/recover-20221013/UBNA_001/20221012_030000.WAV,Telephone Field,recover-20221013,001,1795
1671.9845,1671.994,22890,29785,Nyctalus leisleri,0.008,0.022,-1,Echolocation,/mnt/ubna_data_02_mir/recover-20221013/UBNA_001/20221012_030000.WAV,Telephone Field,recover-20221013,001,1795
1672.0015,1672.0152,19453,24475,Nyctalus noctula,0.02,0.047,-1,Echolocation,/mnt/ubna_data_02_mir/recover-20221013/UBNA_001/20221012_030000.WAV,Telephone Field,recover-20221013,001,1795
1672.0015,1672.0356,68437,80621,Rhinolophus ferrumequinum,0.041,0.042,-1,Echolocation,/mnt/ubna_data_02_mir/recover-20221013/UBNA_001/20221012_030000.WAV,Telephone Field,recover-20221013,001,1795
1672.0015,1672.0109,49531,56092,Pipistrellus pipistrellus,0.018,0.023,-1,Echolocation,/mnt/ubna_data_02_mir/recover-20221013/UBNA_001/20221012_030000.WAV,Telephone Field,recover-20221013,001,1795
1672.0575,1672.0947,68437,82239,Rhinolophus ferrumequinum,0.02,0.02,-1,Echolocation,/mnt/ubna_data_02_mir/recover-20221013/UBNA_001/20221012_030000.WAV,Telephone Field,recover-20221013,001,1795
1672.0915,1672.0993,28046,37628,Eptesicus serotinus,0.008,0.024,-1,Echolocation,/mnt/ubna_data_02_mir/recover-20221013/UBNA_001/20221012_030000.WAV,Telephone Field,recover-20221013,001,1795
1672.1085,1672.1185,22890,28338,Nyctalus leisleri,0.009,0.021,-1,Echolocation,/mnt/ubna_data_02_mir/recover-20221013/UBNA_001/20221012_030000.WAV,Telephone Field,recover-20221013,001,1795
1672.2065,1672.2476,68437,82494,Rhinolophus ferrumequinum,0.023,0.023,-1,Echolocation,/mnt/ubna_data_02_mir/recover-20221013/UBNA_001/20221012_030000.WAV,Telephone Field,recover-20221013,001,1795
1672.2145,1672.2564,68437,83007,Rhinolophus ferrumequinum,0.023,0.023,-1,Echolocation,/mnt/ubna_data_02_mir/recover-20221013/UBNA_001/20221012_030000.WAV,Telephone Field,recover-20221013,001,1795
1672.2365,1672.2757,68437,82124,Rhinolophus ferrumequinum,0.025,0.025,-1,Echolocation,/mnt/ubna_data_02_mir/recover-20221013/UBNA_001/20221012_030000.WAV,Telephone Field,recover-20221013,001,1795
1672.2685,1672.279,22890,27962,Nyctalus leisleri,0.01,0.022,-1,Echolocation,/mnt/ubna_data_02_mir/recover-20221013/UBNA_001/20221012_030000.WAV,Telephone Field,recover-20221013,001,1795
1672.2875,1672.3275,68437,82147,Rhinolophus ferrumequinum,0.029,0.029,-1,Echolocation,/mnt/ubna_data_02_mir/recover-20221013/UBNA_001/20221012_030000.WAV,Telephone Field,recover-20221013,001,1795
1672.3315,1672.3621,67578,78513,Rhinolophus ferrumequinum,0.02,0.02,-1,Echolocation,/mnt/ubna_data_02_mir/recover-20221013/UBNA_001/20221012_030000.WAV,Telephone Field,recover-20221013,001,1795
1672.3345,1672.3464,22890,27613,Nyctalus leisleri,0.013,0.023,-1,Echolocation,/mnt/ubna_data_02_mir/recover-20221013/UBNA_001/20221012_030000.WAV,Telephone Field,recover-20221013,001,1795
1672.3575,1672.3922,68437,80811,Rhinolophus ferrumequinum,0.021,0.021,-1,Echolocation,/mnt/ubna_data_02_mir/recover-20221013/UBNA_001/20221012_030000.WAV,Telephone Field,recover-20221013,001,1795
1672.3635,1672.371,28046,45100,Eptesicus serotinus,0.006,0.02,-1,Echolocation,/mnt/ubna_data_02_mir/recover-20221013/UBNA_001/20221012_030000.WAV,Telephone Field,recover-20221013,001,1795
1672.3695,1672.403,68437,81912,Rhinolophus ferrumequinum,0.022,0.022,-1,Echolocation,/mnt/ubna_data_02_mir/recover-20221013/UBNA_001/20221012_030000.WAV,Telephone Field,recover-20221013,001,1795
1672.3835,1672.391,27187,42602,Eptesicus serotinus,0.008,0.023,-1,Echolocation,/mnt/ubna_data_02_mir/recover-20221013/UBNA_001/20221012_030000.WAV,Telephone Field,recover-20221013,001,1795
1672.4005,1672.4425,68437,82597,Rhinolophus ferrumequinum,0.027,0.027,-1,Echolocation,/mnt/ubna_data_02_mir/recover-20221013/UBNA_001/20221012_030000.WAV,Telephone Field,recover-20221013,001,1795
1672.4015,1672.4101,27187,37929,Eptesicus serotinus,0.008,0.022,-1,Echolocation,/mnt/ubna_data_02_mir/recover-20221013/UBNA_001/20221012_030000.WAV,Telephone Field,recover-20221013,001,1795
1672.4175,1672.4328,22890,27448,Nyctalus leisleri,0.021,0.04,-1,Echolocation,/mnt/ubna_data_02_mir/recover-20221013/UBNA_001/20221012_030000.WAV,Telephone Field,recover-20221013,001,1795
1672.4365,1672.4762,68437,82721,Rhinolophus ferrumequinum,0.02,0.02,-1,Echolocation,/mnt/ubna_data_02_mir/recover-20221013/UBNA_001/20221012_030000.WAV,Telephone Field,recover-20221013,001,1795
1672.4455,1672.4544,28046,36557,Eptesicus serotinus,0.009,0.022,-1,Echolocation,/mnt/ubna_data_02_mir/recover-20221013/UBNA_001/20221012_030000.WAV,Telephone Field,recover-20221013,001,1795
1672.5025,1672.5402,68437,81885,Rhinolophus ferrumequinum,0.021,0.021,-1,Echolocation,/mnt/ubna_data_02_mir/recover-20221013/UBNA_001/20221012_030000.WAV,Telephone Field,recover-20221013,001,1795
1672.5215,1672.5618,68437,82338,Rhinolophus ferrumequinum,0.024,0.024,-1,Echolocation,/mnt/ubna_data_02_mir/recover-20221013/UBNA_001/20221012_030000.WAV,Telephone Field,recover-20221013,001,1795
1672.5355,1672.5432,47812,53532,Pipistrellus pipistrellus,0.021,0.023,-1,Echolocation,/mnt/ubna_data_02_mir/recover-20221013/UBNA_001/20221012_030000.WAV,Telephone Field,recover-20221013,001,1795
1672.5445,1672.5545,25468,32445,Nyctalus leisleri,0.01,0.028,-1,Echolocation,/mnt/ubna_data_02_mir/recover-20221013/UBNA_001/20221012_030000.WAV,Telephone Field,recover-20221013,001,1795
1672.5675,1672.5759,28046,37658,Eptesicus serotinus,0.008,0.022,-1,Echolocation,/mnt/ubna_data_02_mir/recover-20221013/UBNA_001/20221012_030000.WAV,Telephone Field,recover-20221013,001,1795
1672.5705,1672.5815,41796,48757,Pipistrellus pipistrellus,0.009,0.025,-1,Echolocation,/mnt/ubna_data_02_mir/recover-20221013/UBNA_001/20221012_030000.WAV,Telephone Field,recover-20221013,001,1795
1672.5755,1672.5854,42656,50675,Pipistrellus pipistrellus,0.011,0.025,-1,Echolocation,/mnt/ubna_data_02_mir/recover-20221013/UBNA_001/20221012_030000.WAV,Telephone Field,recover-20221013,001,1795
1672.6225,1672.6625,68437,82868,Rhinolophus ferrumequinum,0.027,0.027,-1,Echolocation,/mnt/ubna_data_02_mir/recover-20221013/UBNA_001/20221012_030000.WAV,Telephone Field,recover-20221013,001,1795
1672.6415,1672.683,68437,82749,Rhinolophus ferrumequinum,0.026,0.027,-1,Echolocation,/mnt/ubna_data_02_mir/recover-20221013/UBNA_001/20221012_030000.WAV,Telephone Field,recover-20221013,001,1795
1672.6425,1672.6516,28046,41058,Eptesicus serotinus,0.009,0.023,-1,Echolocation,/mnt/ubna_data_02_mir/recover-20221013/UBNA_001/20221012_030000.WAV,Telephone Field,recover-20221013,001,1795
1672.7155,1672.7237,28046,39074,Eptesicus serotinus,0.008,0.021,-1,Echolocation,/mnt/ubna_data_02_mir/recover-20221013/UBNA_001/20221012_030000.WAV,Telephone Field,recover-20221013,001,1795
1672.7225,1672.7634,68437,82440,Rhinolophus ferrumequinum,0.021,0.021,-1,Echolocation,/mnt/ubna_data_02_mir/recover-20221013/UBNA_001/20221012_030000.WAV,Telephone Field,recover-20221013,001,1795
1672.7625,1672.8045,68437,82755,Rhinolophus ferrumequinum,0.021,0.021,-1,Echolocation,/mnt/ubna_data_02_mir/recover-20221013/UBNA_001/20221012_030000.WAV,Telephone Field,recover-20221013,001,1795
1672.7965,1672.8045,28046,39674,Eptesicus serotinus,0.007,0.022,-1,Echolocation,/mnt/ubna_data_02_mir/recover-20221013/UBNA_001/20221012_030000.WAV,Telephone Field,recover-20221013,001,1795
1672.8375,1672.848,44375,48987,Pipistrellus pipistrellus,0.024,0.027,-1,Echolocation,/mnt/ubna_data_02_mir/recover-20221013/UBNA_001/20221012_030000.WAV,Telephone Field,recover-20221013,001,1795
1672.8385,1672.8472,31484,42005,Barbastellus barbastellus,0.008,0.029,-1,Echolocation,/mnt/ubna_data_02_mir/recover-20221013/UBNA_001/20221012_030000.WAV,Telephone Field,recover-20221013,001,1795
1672.9075,1672.9163,28046,40299,Eptesicus serotinus,0.009,0.022,-1,Echolocation,/mnt/ubna_data_02_mir/recover-20221013/UBNA_001/20221012_030000.WAV,Telephone Field,recover-20221013,001,1795
1672.9285,1672.967,68437,82047,Rhinolophus ferrumequinum,0.021,0.021,-1,Echolocation,/mnt/ubna_data_02_mir/recover-20221013/UBNA_001/20221012_030000.WAV,Telephone Field,recover-20221013,001,1795
1672.9425,1672.9813,68437,82675,Rhinolophus ferrumequinum,0.021,0.021,-1,Echolocation,/mnt/ubna_data_02_mir/recover-20221013/UBNA_001/20221012_030000.WAV,Telephone Field,recover-20221013,001,1795
1672.9685,1672.9791,22890,27721,Nyctalus leisleri,0.01,0.021,-1,Echolocation,/mnt/ubna_data_02_mir/recover-20221013/UBNA_001/20221012_030000.WAV,Telephone Field,recover-20221013,001,1795
1672.9775,1673.0156,68437,81734,Rhinolophus ferrumequinum,0.022,0.022,-1,Echolocation,/mnt/ubna_data_02_mir/recover-20221013/UBNA_001/20221012_030000.WAV,Telephone Field,recover-20221013,001,1795
1673.0465,1673.0855,68437,81919,Rhinolophus ferrumequinum,0.021,0.021,-1,Echolocation,/mnt/ubna_data_02_mir/recover-20221013/UBNA_001/20221012_030000.WAV,Telephone Field,recover-20221013,001,1795
1673.0675,1673.1062,68437,82369,Rhinolophus ferrumequinum,0.023,0.023,-1,Echolocation,/mnt/ubna_data_02_mir/recover-20221013/UBNA_001/20221012_030000.WAV,Telephone Field,recover-20221013,001,1795
1673.0925,1673.1019000000001,23750,31330,Nyctalus leisleri,0.007,0.023,-1,Echolocation,/mnt/ubna_data_02_mir/recover-20221013/UBNA_001/20221012_030000.WAV,Telephone Field,recover-20221013,001,1795
1673.1055,1673.1249,20312,23814,Nyctalus noctula,0.012,0.027,-1,Echolocation,/mnt/ubna_data_02_mir/recover-20221013/UBNA_001/20221012_030000.WAV,Telephone Field,recover-20221013,001,1795
1673.1725,1673.2109,68437,81831,Rhinolophus ferrumequinum,0.021,0.021,-1,Echolocation,/mnt/ubna_data_02_mir/recover-20221013/UBNA_001/20221012_030000.WAV,Telephone Field,recover-20221013,001,1795
1673.2185,1673.2267,27187,38034,Eptesicus serotinus,0.008,0.02,-1,Echolocation,/mnt/ubna_data_02_mir/recover-20221013/UBNA_001/20221012_030000.WAV,Telephone Field,recover-20221013,001,1795
1673.2335,1673.2692,68437,80786,Rhinolophus ferrumequinum,0.021,0.021,-1,Echolocation,/mnt/ubna_data_02_mir/recover-20221013/UBNA_001/20221012_030000.WAV,Telephone Field,recover-20221013,001,1795
1673.2425,1673.2817,68437,81624,Rhinolophus ferrumequinum,0.023,0.023,-1,Echolocation,/mnt/ubna_data_02_mir/recover-20221013/UBNA_001/20221012_030000.WAV,Telephone Field,recover-20221013,001,1795
1673.2905,1673.3287,68437,82074,Rhinolophus ferrumequinum,0.021,0.021,-1,Echolocation,/mnt/ubna_data_02_mir/recover-20221013/UBNA_001/20221012_030000.WAV,Telephone Field,recover-20221013,001,1795
1673.3145,1673.3251,24609,32110,Nyctalus leisleri,0.009,0.028,-1,Echolocation,/mnt/ubna_data_02_mir/recover-20221013/UBNA_001/20221012_030000.WAV,Telephone Field,recover-20221013,001,1795
1673.3275,1673.3658,68437,81751,Rhinolophus ferrumequinum,0.02,0.02,-1,Echolocation,/mnt/ubna_data_02_mir/recover-20221013/UBNA_001/20221012_030000.WAV,Telephone Field,recover-20221013,001,1795
1673.3295,1673.3404,57265,62584,Pipistrellus pygmaeus,0.022,0.023,-1,Echolocation,/mnt/ubna_data_02_mir/recover-20221013/UBNA_001/20221012_030000.WAV,Telephone Field,recover-20221013,001,1795
1673.3575,1673.3645,28046,39378,Eptesicus serotinus,0.006,0.022,-1,Echolocation,/mnt/ubna_data_02_mir/recover-20221013/UBNA_001/20221012_030000.WAV,Telephone Field,recover-20221013,001,1795
1673.3755,1673.4146,68437,82024,Rhinolophus ferrumequinum,0.023,0.023,-1,Echolocation,/mnt/ubna_data_02_mir/recover-20221013/UBNA_001/20221012_030000.WAV,Telephone Field,recover-20221013,001,1795
1673.4285,1673.4671,68437,82352,Rhinolophus ferrumequinum,0.02,0.02,-1,Echolocation,/mnt/ubna_data_02_mir/recover-20221013/UBNA_001/20221012_030000.WAV,Telephone Field,recover-20221013,001,1795
1673.4345,1673.4738,68437,82351,Rhinolophus ferrumequinum,0.02,0.02,-1,Echolocation,/mnt/ubna_data_02_mir/recover-20221013/UBNA_001/20221012_030000.WAV,Telephone Field,recover-20221013,001,1795
1673.4525,1673.4928,68437,82551,Rhinolophus ferrumequinum,0.021,0.021,-1,Echolocation,/mnt/ubna_data_02_mir/recover-20221013/UBNA_001/20221012_030000.WAV,Telephone Field,recover-20221013,001,1795
1673.4795,1673.4844,37500,48401,Myotis daubentonii,0.007,0.021,-1,Echolocation,/mnt/ubna_data_02_mir/recover-20221013/UBNA_001/20221012_030000.WAV,Telephone Field,recover-20221013,001,1795
1673.4805,1673.4883,28046,45255,Eptesicus serotinus,0.007,0.022,-1,Echolocation,/mnt/ubna_data_02_mir/recover-20221013/UBNA_001/20221012_030000.WAV,Telephone Field,recover-20221013,001,1795
1673.5165,1673.528,28906,35585,Eptesicus serotinus,0.013,0.026,-1,Echolocation,/mnt/ubna_data_02_mir/recover-20221013/UBNA_001/20221012_030000.WAV,Telephone Field,recover-20221013,001,1795
1673.5395,1673.5476,27187,39185,Eptesicus serotinus,0.007,0.022,-1,Echolocation,/mnt/ubna_data_02_mir/recover-20221013/UBNA_001/20221012_030000.WAV,Telephone Field,recover-20221013,001,1795
1673.5535,1673.5909,68437,81837,Rhinolophus ferrumequinum,0.027,0.027,-1,Echolocation,/mnt/ubna_data_02_mir/recover-20221013/UBNA_001/20221012_030000.WAV,Telephone Field,recover-20221013,001,1795
1673.5625,1673.5733,23750,29139,Nyctalus leisleri,0.011,0.026,-1,Echolocation,/mnt/ubna_data_02_mir/recover-20221013/UBNA_001/20221012_030000.WAV,Telephone Field,recover-20221013,001,1795
1673.5645,1673.5998,68437,81610,Rhinolophus ferrumequinum,0.021,0.021,-1,Echolocation,/mnt/ubna_data_02_mir/recover-20221013/UBNA_001/20221012_030000.WAV,Telephone Field,recover-20221013,001,1795
1673.5685,1673.5778,15156,25218,Nyctalus noctula,0.011,0.021,-1,Echolocation,/mnt/ubna_data_02_mir/recover-20221013/UBNA_001/20221012_030000.WAV,Telephone Field,recover-20221013,001,1795
1673.5905,1673.598,28046,37944,Eptesicus serotinus,0.006,0.021,-1,Echolocation,/mnt/ubna_data_02_mir/recover-20221013/UBNA_001/20221012_030000.WAV,Telephone Field,recover-20221013,001,1795
1673.6105,1673.6522,68437,82828,Rhinolophus ferrumequinum,0.022,0.022,-1,Echolocation,/mnt/ubna_data_02_mir/recover-20221013/UBNA_001/20221012_030000.WAV,Telephone Field,recover-20221013,001,1795
1673.6205,1673.6278,27187,39882,Eptesicus serotinus,0.006,0.021,-1,Echolocation,/mnt/ubna_data_02_mir/recover-20221013/UBNA_001/20221012_030000.WAV,Telephone Field,recover-20221013,001,1795
1673.6415,1673.6501,23750,30990,Nyctalus leisleri,0.006,0.021,-1,Echolocation,/mnt/ubna_data_02_mir/recover-20221013/UBNA_001/20221012_030000.WAV,Telephone Field,recover-20221013,001,1795
1673.6695,1673.707,68437,82138,Rhinolophus ferrumequinum,0.022,0.022,-1,Echolocation,/mnt/ubna_data_02_mir/recover-20221013/UBNA_001/20221012_030000.WAV,Telephone Field,recover-20221013,001,1795
1673.6945,1673.7361,68437,83278,Rhinolophus ferrumequinum,0.029,0.029,-1,Echolocation,/mnt/ubna_data_02_mir/recover-20221013/UBNA_001/20221012_030000.WAV,Telephone Field,recover-20221013,001,1795
1673.7135,1673.7211,24609,33304,Plecotus austriacus,0.006,0.021,-1,Echolocation,/mnt/ubna_data_02_mir/recover-20221013/UBNA_001/20221012_030000.WAV,Telephone Field,recover-20221013,001,1795
1673.7355,1673.7436,43515,53525,Pipistrellus pipistrellus,0.014,0.024,-1,Echolocation,/mnt/ubna_data_02_mir/recover-20221013/UBNA_001/20221012_030000.WAV,Telephone Field,recover-20221013,001,1795
1673.7435,1673.7508,27187,38498,Eptesicus serotinus,0.009,0.031,-1,Echolocation,/mnt/ubna_data_02_mir/recover-20221013/UBNA_001/20221012_030000.WAV,Telephone Field,recover-20221013,001,1795
1673.7815,1673.7891,28046,40162,Eptesicus serotinus,0.007,0.023,-1,Echolocation,/mnt/ubna_data_02_mir/recover-20221013/UBNA_001/20221012_030000.WAV,Telephone Field,recover-20221013,001,1795
1673.8055,1673.8129,28046,38067,Eptesicus serotinus,0.008,0.022,-1,Echolocation,/mnt/ubna_data_02_mir/recover-20221013/UBNA_001/20221012_030000.WAV,Telephone Field,recover-20221013,001,1795
1673.8395,1673.8506,22031,26826,Nyctalus leisleri,0.011,0.021,-1,Echolocation,/mnt/ubna_data_02_mir/recover-20221013/UBNA_001/20221012_030000.WAV,Telephone Field,recover-20221013,001,1795
1673.8405,1673.8802,68437,82405,Rhinolophus ferrumequinum,0.025,0.025,-1,Echolocation,/mnt/ubna_data_02_mir/recover-20221013/UBNA_001/20221012_030000.WAV,Telephone Field,recover-20221013,001,1795
1673.8425,1673.851,26328,38985,Eptesicus serotinus,0.007,0.021,-1,Echolocation,/mnt/ubna_data_02_mir/recover-20221013/UBNA_001/20221012_030000.WAV,Telephone Field,recover-20221013,001,1795
1673.8575,1673.8961,68437,81918,Rhinolophus ferrumequinum,0.02,0.021,-1,Echolocation,/mnt/ubna_data_02_mir/recover-20221013/UBNA_001/20221012_030000.WAV,Telephone Field,recover-20221013,001,1795
1673.8635,1673.8744,23750,29763,Nyctalus leisleri,0.009,0.024,-1,Echolocation,/mnt/ubna_data_02_mir/recover-20221013/UBNA_001/20221012_030000.WAV,Telephone Field,recover-20221013,001,1795
1673.8695,1673.8789,28046,37301,Eptesicus serotinus,0.008,0.022,-1,Echolocation,/mnt/ubna_data_02_mir/recover-20221013/UBNA_001/20221012_030000.WAV,Telephone Field,recover-20221013,001,1795
1673.8975,1673.9429,68437,83420,Rhinolophus ferrumequinum,0.045,0.045,-1,Echolocation,/mnt/ubna_data_02_mir/recover-20221013/UBNA_001/20221012_030000.WAV,Telephone Field,recover-20221013,001,1795
1673.9175,1673.9278,23750,30332,Nyctalus leisleri,0.009,0.025,-1,Echolocation,/mnt/ubna_data_02_mir/recover-20221013/UBNA_001/20221012_030000.WAV,Telephone Field,recover-20221013,001,1795
1673.9455,1673.954,27187,39505,Eptesicus serotinus,0.008,0.022,-1,Echolocation,/mnt/ubna_data_02_mir/recover-20221013/UBNA_001/20221012_030000.WAV,Telephone Field,recover-20221013,001,1795
1673.9635,1673.9741,28046,38213,Eptesicus serotinus,0.012,0.025,-1,Echolocation,/mnt/ubna_data_02_mir/recover-20221013/UBNA_001/20221012_030000.WAV,Telephone Field,recover-20221013,001,1795
1673.9795,1673.9881,23750,31391,Plecotus austriacus,0.006,0.023,-1,Echolocation,/mnt/ubna_data_02_mir/recover-20221013/UBNA_001/20221012_030000.WAV,Telephone Field,recover-20221013,001,1795
1673.9875,1673.9975,28046,41686,Eptesicus serotinus,0.013,0.025,-1,Echolocation,/mnt/ubna_data_02_mir/recover-20221013/UBNA_001/20221012_030000.WAV,Telephone Field,recover-20221013,001,1795
1674.0015,1674.0332,68437,80121,Rhinolophus ferrumequinum,0.048,0.049,-1,Echolocation,/mnt/ubna_data_02_mir/recover-20221013/UBNA_001/20221012_030000.WAV,Telephone Field,recover-20221013,001,1795
1674.0015,1674.0131,22890,28925,Nyctalus leisleri,0.012,0.028,-1,Echolocation,/mnt/ubna_data_02_mir/recover-20221013/UBNA_001/20221012_030000.WAV,Telephone Field,recover-20221013,001,1795
1674.0015,1674.0107,46093,49957,Pipistrellus pipistrellus,0.027,0.031,-1,Echolocation,/mnt/ubna_data_02_mir/recover-20221013/UBNA_001/20221012_030000.WAV,Telephone Field,recover-20221013,001,1795
1674.0075,1674.0492,68437,82061,Rhinolophus ferrumequinum,0.027,0.027,-1,Echolocation,/mnt/ubna_data_02_mir/recover-20221013/UBNA_001/20221012_030000.WAV,Telephone Field,recover-20221013,001,1795
1674.0445,1674.083,68437,82405,Rhinolophus ferrumequinum,0.023,0.023,-1,Echolocation,/mnt/ubna_data_02_mir/recover-20221013/UBNA_001/20221012_030000.WAV,Telephone Field,recover-20221013,001,1795
1674.0555,1674.0968,68437,82251,Rhinolophus ferrumequinum,0.021,0.021,-1,Echolocation,/mnt/ubna_data_02_mir/recover-20221013/UBNA_001/20221012_030000.WAV,Telephone Field,recover-20221013,001,1795
1674.0605,1674.0677,24609,34273,Plecotus austriacus,0.009,0.025,-1,Echolocation,/mnt/ubna_data_02_mir/recover-20221013/UBNA_001/20221012_030000.WAV,Telephone Field,recover-20221013,001,1795
1674.0795,1674.0879,26328,35541,Eptesicus serotinus,0.008,0.021,-1,Echolocation,/mnt/ubna_data_02_mir/recover-20221013/UBNA_001/20221012_030000.WAV,Telephone Field,recover-20221013,001,1795
1674.1285,1674.1691,68437,82534,Rhinolophus ferrumequinum,0.027,0.027,-1,Echolocation,/mnt/ubna_data_02_mir/recover-20221013/UBNA_001/20221012_030000.WAV,Telephone Field,recover-20221013,001,1795
1674.1685,1674.2052,68437,81774,Rhinolophus ferrumequinum,0.02,0.021,-1,Echolocation,/mnt/ubna_data_02_mir/recover-20221013/UBNA_001/20221012_030000.WAV,Telephone Field,recover-20221013,001,1795
1674.1895,1674.2297,68437,82407,Rhinolophus ferrumequinum,0.02,0.02,-1,Echolocation,/mnt/ubna_data_02_mir/recover-20221013/UBNA_001/20221012_030000.WAV,Telephone Field,recover-20221013,001,1795
1674.2365,1674.2727,68437,81703,Rhinolophus ferrumequinum,0.02,0.02,-1,Echolocation,/mnt/ubna_data_02_mir/recover-20221013/UBNA_001/20221012_030000.WAV,Telephone Field,recover-20221013,001,1795
1674.2595,1674.3007,68437,82453,Rhinolophus ferrumequinum,0.025,0.025,-1,Echolocation,/mnt/ubna_data_02_mir/recover-20221013/UBNA_001/20221012_030000.WAV,Telephone Field,recover-20221013,001,1795
1674.2625,1674.2728,27187,35288,Eptesicus serotinus,0.009,0.021,-1,Echolocation,/mnt/ubna_data_02_mir/recover-20221013/UBNA_001/20221012_030000.WAV,Telephone Field,recover-20221013,001,1795
1674.3005,1674.3374,68437,82039,Rhinolophus ferrumequinum,0.021,0.021,-1,Echolocation,/mnt/ubna_data_02_mir/recover-20221013/UBNA_001/20221012_030000.WAV,Telephone Field,recover-20221013,001,1795
1674.3195,1674.3569,68437,81650,Rhinolophus ferrumequinum,0.022,0.022,-1,Echolocation,/mnt/ubna_data_02_mir/recover-20221013/UBNA_001/20221012_030000.WAV,Telephone Field,recover-20221013,001,1795
1674.3205,1674.3391,21171,24247,Nyctalus leisleri,0.013,0.021,-1,Echolocation,/mnt/ubna_data_02_mir/recover-20221013/UBNA_001/20221012_030000.WAV,Telephone Field,recover-20221013,001,1795
1674.3965,1674.4351,68437,82036,Rhinolophus ferrumequinum,0.02,0.02,-1,Echolocation,/mnt/ubna_data_02_mir/recover-20221013/UBNA_001/20221012_030000.WAV,Telephone Field,recover-20221013,001,1795
1674.3995,1674.4079,50390,57995,Pipistrellus pipistrellus,0.018,0.021,-1,Echolocation,/mnt/ubna_data_02_mir/recover-20221013/UBNA_001/20221012_030000.WAV,Telephone Field,recover-20221013,001,1795
1674.4095,1674.4171,26328,38045,Eptesicus serotinus,0.008,0.024,-1,Echolocation,/mnt/ubna_data_02_mir/recover-20221013/UBNA_001/20221012_030000.WAV,Telephone Field,recover-20221013,001,1795
1674.4305,1674.4719,68437,82752,Rhinolophus ferrumequinum,0.036,0.036,-1,Echolocation,/mnt/ubna_data_02_mir/recover-20221013/UBNA_001/20221012_030000.WAV,Telephone Field,recover-20221013,001,1795
1674.4645,1674.5019,68437,81420,Rhinolophus ferrumequinum,0.02,0.02,-1,Echolocation,/mnt/ubna_data_02_mir/recover-20221013/UBNA_001/20221012_030000.WAV,Telephone Field,recover-20221013,001,1795
1674.4855,1674.5252,68437,82210,Rhinolophus ferrumequinum,0.025,0.025,-1,Echolocation,/mnt/ubna_data_02_mir/recover-20221013/UBNA_001/20221012_030000.WAV,Telephone Field,recover-20221013,001,1795
1674.5185,1674.5578,68437,82391,Rhinolophus ferrumequinum,0.021,0.021,-1,Echolocation,/mnt/ubna_data_02_mir/recover-20221013/UBNA_001/20221012_030000.WAV,Telephone Field,recover-20221013,001,1795
1674.5425,1674.5502,28046,38832,Eptesicus serotinus,0.007,0.021,-1,Echolocation,/mnt/ubna_data_02_mir/recover-20221013/UBNA_001/20221012_030000.WAV,Telephone Field,recover-20221013,001,1795
1674.5525,1674.5903,68437,81670,Rhinolophus ferrumequinum,0.021,0.021,-1,Echolocation,/mnt/ubna_data_02_mir/recover-20221013/UBNA_001/20221012_030000.WAV,Telephone Field,recover-20221013,001,1795
1674.5645,1674.6035,68437,82034,Rhinolophus ferrumequinum,0.021,0.021,-1,Echolocation,/mnt/ubna_data_02_mir/recover-20221013/UBNA_001/20221012_030000.WAV,Telephone Field,recover-20221013,001,1795
1674.5685,1674.5773,28046,38180,Eptesicus serotinus,0.008,0.023,-1,Echolocation,/mnt/ubna_data_02_mir/recover-20221013/UBNA_001/20221012_030000.WAV,Telephone Field,recover-20221013,001,1795
1674.5705,1674.6097,68437,81676,Rhinolophus ferrumequinum,0.021,0.021,-1,Echolocation,/mnt/ubna_data_02_mir/recover-20221013/UBNA_001/20221012_030000.WAV,Telephone Field,recover-20221013,001,1795
1674.5915,1674.6318,68437,82360,Rhinolophus ferrumequinum,0.021,0.021,-1,Echolocation,/mnt/ubna_data_02_mir/recover-20221013/UBNA_001/20221012_030000.WAV,Telephone Field,recover-20221013,001,1795
1674.6095,1674.6504,68437,81990,Rhinolophus ferrumequinum,0.023,0.023,-1,Echolocation,/mnt/ubna_data_02_mir/recover-20221013/UBNA_001/20221012_030000.WAV,Telephone Field,recover-20221013,001,1795
1674.6175,1674.6267,28046,35569,Eptesicus serotinus,0.012,0.025,-1,Echolocation,/mnt/ubna_data_02_mir/recover-20221013/UBNA_001/20221012_030000.WAV,Telephone Field,recover-20221013,001,1795
1674.6275,1674.6688,68437,82847,Rhinolophus ferrumequinum,0.021,0.021,-1,Echolocation,/mnt/ubna_data_02_mir/recover-20221013/UBNA_001/20221012_030000.WAV,Telephone Field,recover-20221013,001,1795
1674.6675,1674.7077,68437,82502,Rhinolophus ferrumequinum,0.021,0.021,-1,Echolocation,/mnt/ubna_data_02_mir/recover-20221013/UBNA_001/20221012_030000.WAV,Telephone Field,recover-20221013,001,1795
1674.6875,1674.6954,28046,39335,Eptesicus serotinus,0.007,0.022,-1,Echolocation,/mnt/ubna_data_02_mir/recover-20221013/UBNA_001/20221012_030000.WAV,Telephone Field,recover-20221013,001,1795
1674.6895,1674.7232,68437,80694,Rhinolophus ferrumequinum,0.02,0.02,-1,Echolocation,/mnt/ubna_data_02_mir/recover-20221013/UBNA_001/20221012_030000.WAV,Telephone Field,recover-20221013,001,1795
1674.7015,1674.7394,68437,82295,Rhinolophus ferrumequinum,0.021,0.021,-1,Echolocation,/mnt/ubna_data_02_mir/recover-20221013/UBNA_001/20221012_030000.WAV,Telephone Field,recover-20221013,001,1795
1674.7505,1674.7592,28046,38723,Eptesicus serotinus,0.008,0.021,-1,Echolocation,/mnt/ubna_data_02_mir/recover-20221013/UBNA_001/20221012_030000.WAV,Telephone Field,recover-20221013,001,1795
1674.7685,1674.806,68437,82394,Rhinolophus ferrumequinum,0.02,0.02,-1,Echolocation,/mnt/ubna_data_02_mir/recover-20221013/UBNA_001/20221012_030000.WAV,Telephone Field,recover-20221013,001,1795
1674.8315,1674.8397,23750,31097,Plecotus austriacus,0.009,0.024,-1,Echolocation,/mnt/ubna_data_02_mir/recover-20221013/UBNA_001/20221012_030000.WAV,Telephone Field,recover-20221013,001,1795
1674.8415,1674.8804,68437,81699,Rhinolophus ferrumequinum,0.02,0.02,-1,Echolocation,/mnt/ubna_data_02_mir/recover-20221013/UBNA_001/20221012_030000.WAV,Telephone Field,recover-20221013,001,1795
1674.8465,1674.8574,23750,29221,Nyctalus leisleri,0.01,0.022,-1,Echolocation,/mnt/ubna_data_02_mir/recover-20221013/UBNA_001/20221012_030000.WAV,Telephone Field,recover-20221013,001,1795
1674.8625,1674.9023,68437,82707,Rhinolophus ferrumequinum,0.023,0.023,-1,Echolocation,/mnt/ubna_data_02_mir/recover-20221013/UBNA_001/20221012_030000.WAV,Telephone Field,recover-20221013,001,1795
1674.9085,1674.9483,68437,82518,Rhinolophus ferrumequinum,0.022,0.022,-1,Echolocation,/mnt/ubna_data_02_mir/recover-20221013/UBNA_001/20221012_030000.WAV,Telephone Field,recover-20221013,001,1795
1674.9275,1674.9673,68437,81943,Rhinolophus ferrumequinum,0.02,0.02,-1,Echolocation,/mnt/ubna_data_02_mir/recover-20221013/UBNA_001/20221012_030000.WAV,Telephone Field,recover-20221013,001,1795
1675.0025,1675.042,68437,82075,Rhinolophus ferrumequinum,0.02,0.02,-1,Echolocation,/mnt/ubna_data_02_mir/recover-20221013/UBNA_001/20221012_030000.WAV,Telephone Field,recover-20221013,001,1795
1675.0195,1675.0302,29765,36460,Eptesicus serotinus,0.01,0.025,-1,Echolocation,/mnt/ubna_data_02_mir/recover-20221013/UBNA_001/20221012_030000.WAV,Telephone Field,recover-20221013,001,1795
1675.0245,1675.0378,31484,37392,Eptesicus serotinus,0.011,0.025,-1,Echolocation,/mnt/ubna_data_02_mir/recover-20221013/UBNA_001/20221012_030000.WAV,Telephone Field,recover-20221013,001,1795
1675.0695,1675.1089,68437,82678,Rhinolophus ferrumequinum,0.023,0.023,-1,Echolocation,/mnt/ubna_data_02_mir/recover-20221013/UBNA_001/20221012_030000.WAV,Telephone Field,recover-20221013,001,1795
1675.0925,1675.1346,68437,82164,Rhinolophus ferrumequinum,0.024,0.024,-1,Echolocation,/mnt/ubna_data_02_mir/recover-20221013/UBNA_001/20221012_030000.WAV,Telephone Field,recover-20221013,001,1795
1675.1415,1675.1511,27187,35422,Eptesicus serotinus,0.008,0.02,-1,Echolocation,/mnt/ubna_data_02_mir/recover-20221013/UBNA_001/20221012_030000.WAV,Telephone Field,recover-20221013,001,1795
1675.1645,1675.1801,22031,25422,Nyctalus leisleri,0.016,0.024,-1,Echolocation,/mnt/ubna_data_02_mir/recover-20221013/UBNA_001/20221012_030000.WAV,Telephone Field,recover-20221013,001,1795
1675.1725,1675.2136,68437,82531,Rhinolophus ferrumequinum,0.023,0.023,-1,Echolocation,/mnt/ubna_data_02_mir/recover-20221013/UBNA_001/20221012_030000.WAV,Telephone Field,recover-20221013,001,1795
1675.2095,1675.2177,22890,30603,Plecotus austriacus,0.009,0.021,-1,Echolocation,/mnt/ubna_data_02_mir/recover-20221013/UBNA_001/20221012_030000.WAV,Telephone Field,recover-20221013,001,1795
1675.2175,1675.2559,68437,81763,Rhinolophus ferrumequinum,0.02,0.02,-1,Echolocation,/mnt/ubna_data_02_mir/recover-20221013/UBNA_001/20221012_030000.WAV,Telephone Field,recover-20221013,001,1795
1675.2185,1675.2274,27187,38742,Eptesicus serotinus,0.008,0.02,-1,Echolocation,/mnt/ubna_data_02_mir/recover-20221013/UBNA_001/20221012_030000.WAV,Telephone Field,recover-20221013,001,1795
1675.2715,1675.3116,68437,82618,Rhinolophus ferrumequinum,0.028,0.028,-1,Echolocation,/mnt/ubna_data_02_mir/recover-20221013/UBNA_001/20221012_030000.WAV,Telephone Field,recover-20221013,001,1795
1675.2775,1675.2859,25468,33502,Eptesicus serotinus,0.008,0.02,-1,Echolocation,/mnt/ubna_data_02_mir/recover-20221013/UBNA_001/20221012_030000.WAV,Telephone Field,recover-20221013,001,1795
1675.2945,1675.3358,68437,83106,Rhinolophus ferrumequinum,0.031,0.031,-1,Echolocation,/mnt/ubna_data_02_mir/recover-20221013/UBNA_001/20221012_030000.WAV,Telephone Field,recover-20221013,001,1795
1675.3115,1675.3202,27187,37740,Eptesicus serotinus,0.008,0.021,-1,Echolocation,/mnt/ubna_data_02_mir/recover-20221013/UBNA_001/20221012_030000.WAV,Telephone Field,recover-20221013,001,1795
1675.3255,1675.3382,43515,51879,Pipistrellus pipistrellus,0.018,0.034,-1,Echolocation,/mnt/ubna_data_02_mir/recover-20221013/UBNA_001/20221012_030000.WAV,Telephone Field,recover-20221013,001,1795
1675.3525,1675.3884,68437,82267,Rhinolophus ferrumequinum,0.023,0.023,-1,Echolocation,/mnt/ubna_data_02_mir/recover-20221013/UBNA_001/20221012_030000.WAV,Telephone Field,recover-20221013,001,1795
1675.4105,1675.4185,27187,37589,Eptesicus serotinus,0.011,0.026,-1,Echolocation,/mnt/ubna_data_02_mir/recover-20221013/UBNA_001/20221012_030000.WAV,Telephone Field,recover-20221013,001,1795
1675.4605,1675.4965,68437,82216,Rhinolophus ferrumequinum,0.022,0.022,-1,Echolocation,/mnt/ubna_data_02_mir/recover-20221013/UBNA_001/20221012_030000.WAV,Telephone Field,recover-20221013,001,1795
1675.4605,1675.4685,28906,39427,Eptesicus serotinus,0.007,0.021,-1,Echolocation,/mnt/ubna_data_02_mir/recover-20221013/UBNA_001/20221012_030000.WAV,Telephone Field,recover-20221013,001,1795
1675.4895,1675.5275,68437,82077,Rhinolophus ferrumequinum,0.022,0.022,-1,Echolocation,/mnt/ubna_data_02_mir/recover-20221013/UBNA_001/20221012_030000.WAV,Telephone Field,recover-20221013,001,1795
1675.5035,1675.5152,22890,27152,Nyctalus leisleri,0.012,0.022,-1,Echolocation,/mnt/ubna_data_02_mir/recover-20221013/UBNA_001/20221012_030000.WAV,Telephone Field,recover-20221013,001,1795
1675.5055,1675.5454,68437,82441,Rhinolophus ferrumequinum,0.025,0.025,-1,Echolocation,/mnt/ubna_data_02_mir/recover-20221013/UBNA_001/20221012_030000.WAV,Telephone Field,recover-20221013,001,1795
1675.5085,1675.5191,44375,52757,Pipistrellus pipistrellus,0.02,0.027,-1,Echolocation,/mnt/ubna_data_02_mir/recover-20221013/UBNA_001/20221012_030000.WAV,Telephone Field,recover-20221013,001,1795
1675.5195,1675.5611,68437,83139,Rhinolophus ferrumequinum,0.026,0.026,-1,Echolocation,/mnt/ubna_data_02_mir/recover-20221013/UBNA_001/20221012_030000.WAV,Telephone Field,recover-20221013,001,1795
1675.5195,1675.5264,26328,38781,Eptesicus serotinus,0.006,0.022,-1,Echolocation,/mnt/ubna_data_02_mir/recover-20221013/UBNA_001/20221012_030000.WAV,Telephone Field,recover-20221013,001,1795
1675.5345,1675.5698,68437,81570,Rhinolophus ferrumequinum,0.02,0.02,-1,Echolocation,/mnt/ubna_data_02_mir/recover-20221013/UBNA_001/20221012_030000.WAV,Telephone Field,recover-20221013,001,1795
1675.5395,1675.5472,28906,40310,Eptesicus serotinus,0.008,0.025,-1,Echolocation,/mnt/ubna_data_02_mir/recover-20221013/UBNA_001/20221012_030000.WAV,Telephone Field,recover-20221013,001,1795
1675.5665,1675.6035,68437,82259,Rhinolophus ferrumequinum,0.02,0.02,-1,Echolocation,/mnt/ubna_data_02_mir/recover-20221013/UBNA_001/20221012_030000.WAV,Telephone Field,recover-20221013,001,1795
1675.5965,1675.6336000000001,68437,81774,Rhinolophus ferrumequinum,0.021,0.021,-1,Echolocation,/mnt/ubna_data_02_mir/recover-20221013/UBNA_001/20221012_030000.WAV,Telephone Field,recover-20221013,001,1795
1675.6095,1675.6524,68437,82962,Rhinolophus ferrumequinum,0.025,0.025,-1,Echolocation,/mnt/ubna_data_02_mir/recover-20221013/UBNA_001/20221012_030000.WAV,Telephone Field,recover-20221013,001,1795
1675.6465,1675.687,68437,82651,Rhinolophus ferrumequinum,0.021,0.022,-1,Echolocation,/mnt/ubna_data_02_mir/recover-20221013/UBNA_001/20221012_030000.WAV,Telephone Field,recover-20221013,001,1795
1675.6845,1675.7192,68437,81352,Rhinolophus ferrumequinum,0.02,0.02,-1,Echolocation,/mnt/ubna_data_02_mir/recover-20221013/UBNA_001/20221012_030000.WAV,Telephone Field,recover-20221013,001,1795
1675.7255,1675.7338,50390,57294,Pipistrellus pipistrellus,0.017,0.022,-1,Echolocation,/mnt/ubna_data_02_mir/recover-20221013/UBNA_001/20221012_030000.WAV,Telephone Field,recover-20221013,001,1795
1675.7275,1675.766,68437,81943,Rhinolophus ferrumequinum,0.02,0.02,-1,Echolocation,/mnt/ubna_data_02_mir/recover-20221013/UBNA_001/20221012_030000.WAV,Telephone Field,recover-20221013,001,1795
1675.7475,1675.758,22890,28586,Nyctalus leisleri,0.009,0.02,-1,Echolocation,/mnt/ubna_data_02_mir/recover-20221013/UBNA_001/20221012_030000.WAV,Telephone Field,recover-20221013,001,1795
1675.8055,1675.8481,68437,83352,Rhinolophus ferrumequinum,0.028,0.028,-1,Echolocation,/mnt/ubna_data_02_mir/recover-20221013/UBNA_001/20221012_030000.WAV,Telephone Field,recover-20221013,001,1795
1675.8205,1675.8285,50390,54620,Pipistrellus pipistrellus,0.025,0.03,-1,Echolocation,/mnt/ubna_data_02_mir/recover-20221013/UBNA_001/20221012_030000.WAV,Telephone Field,recover-20221013,001,1795
1675.8885,1675.8994,23750,29746,Nyctalus leisleri,0.008,0.021,-1,Echolocation,/mnt/ubna_data_02_mir/recover-20221013/UBNA_001/20221012_030000.WAV,Telephone Field,recover-20221013,001,1795
1675.8935,1675.928,68437,81047,Rhinolophus ferrumequinum,0.022,0.022,-1,Echolocation,/mnt/ubna_data_02_mir/recover-20221013/UBNA_001/20221012_030000.WAV,Telephone Field,recover-20221013,001,1795
1675.9305,1675.9644,68437,80887,Rhinolophus ferrumequinum,0.021,0.021,-1,Echolocation,/mnt/ubna_data_02_mir/recover-20221013/UBNA_001/20221012_030000.WAV,Telephone Field,recover-20221013,001,1795
1675.9375,1675.9722,68437,81123,Rhinolophus ferrumequinum,0.021,0.021,-1,Echolocation,/mnt/ubna_data_02_mir/recover-20221013/UBNA_001/20221012_030000.WAV,Telephone Field,recover-20221013,001,1795
1675.9845,1675.9957,24609,33128,Eptesicus serotinus,0.009,0.025,-1,Echolocation,/mnt/ubna_data_02_mir/recover-20221013/UBNA_001/20221012_030000.WAV,Telephone Field,recover-20221013,001,1795
1676.0015,1676.0118,47812,54214,Pipistrellus pipistrellus,0.023,0.028,-1,Echolocation,/mnt/ubna_data_02_mir/recover-20221013/UBNA_001/20221012_030000.WAV,Telephone Field,recover-20221013,001,1795
1676.0015,1676.0094,23750,32723,Nyctalus leisleri,0.008,0.03,-1,Echolocation,/mnt/ubna_data_02_mir/recover-20221013/UBNA_001/20221012_030000.WAV,Telephone Field,recover-20221013,001,1795
1676.0015,1676.0327,68437,79985,Rhinolophus ferrumequinum,0.022,0.023,-1,Echolocation,/mnt/ubna_data_02_mir/recover-20221013/UBNA_001/20221012_030000.WAV,Telephone Field,recover-20221013,001,1795
1676.0315,1676.0405,28046,37574,Eptesicus serotinus,0.009,0.022,-1,Echolocation,/mnt/ubna_data_02_mir/recover-20221013/UBNA_001/20221012_030000.WAV,Telephone Field,recover-20221013,001,1795
1676.0975,1676.1387,68437,82877,Rhinolophus ferrumequinum,0.025,0.025,-1,Echolocation,/mnt/ubna_data_02_mir/recover-20221013/UBNA_001/20221012_030000.WAV,Telephone Field,recover-20221013,001,1795
1676.1035,1676.1437,68437,82984,Rhinolophus ferrumequinum,0.024,0.024,-1,Echolocation,/mnt/ubna_data_02_mir/recover-20221013/UBNA_001/20221012_030000.WAV,Telephone Field,recover-20221013,001,1795
1676.1125,1676.1205,46953,54088,Pipistrellus pipistrellus,0.02,0.023,-1,Echolocation,/mnt/ubna_data_02_mir/recover-20221013/UBNA_001/20221012_030000.WAV,Telephone Field,recover-20221013,001,1795
1676.1165,1676.1224,39218,50712,Myotis daubentonii,0.011,0.027,-1,Echolocation,/mnt/ubna_data_02_mir/recover-20221013/UBNA_001/20221012_030000.WAV,Telephone Field,recover-20221013,001,1795
1676.2145,1676.2241,28046,37142,Eptesicus serotinus,0.01,0.022,-1,Echolocation,/mnt/ubna_data_02_mir/recover-20221013/UBNA_001/20221012_030000.WAV,Telephone Field,recover-20221013,001,1795
1676.2235,1676.2314,28046,39287,Eptesicus serotinus,0.008,0.025,-1,Echolocation,/mnt/ubna_data_02_mir/recover-20221013/UBNA_001/20221012_030000.WAV,Telephone Field,recover-20221013,001,1795
1676.2475,1676.2842,68437,82164,Rhinolophus ferrumequinum,0.023,0.023,-1,Echolocation,/mnt/ubna_data_02_mir/recover-20221013/UBNA_001/20221012_030000.WAV,Telephone Field,recover-20221013,001,1795
1676.2825,1676.2913,28046,38923,Eptesicus serotinus,0.008,0.022,-1,Echolocation,/mnt/ubna_data_02_mir/recover-20221013/UBNA_001/20221012_030000.WAV,Telephone Field,recover-20221013,001,1795
1676.2955,1676.3063,23750,28949,Nyctalus leisleri,0.012,0.026,-1,Echolocation,/mnt/ubna_data_02_mir/recover-20221013/UBNA_001/20221012_030000.WAV,Telephone Field,recover-20221013,001,1795
1676.3065,1676.3451,68437,81787,Rhinolophus ferrumequinum,0.023,0.023,-1,Echolocation,/mnt/ubna_data_02_mir/recover-20221013/UBNA_001/20221012_030000.WAV,Telephone Field,recover-20221013,001,1795
1676.4095,1676.4488,68437,82592,Rhinolophus ferrumequinum,0.022,0.022,-1,Echolocation,/mnt/ubna_data_02_mir/recover-20221013/UBNA_001/20221012_030000.WAV,Telephone Field,recover-20221013,001,1795
1676.4245,1676.4326,46953,54846,Pipistrellus pipistrellus,0.027,0.031,-1,Echolocation,/mnt/ubna_data_02_mir/recover-20221013/UBNA_001/20221012_030000.WAV,Telephone Field,recover-20221013,001,1795
1676.4415,1676.4796,68437,82011,Rhinolophus ferrumequinum,0.027,0.027,-1,Echolocation,/mnt/ubna_data_02_mir/recover-20221013/UBNA_001/20221012_030000.WAV,Telephone Field,recover-20221013,001,1795
1676.4615,1676.5015,68437,82358,Rhinolophus ferrumequinum,0.022,0.022,-1,Echolocation,/mnt/ubna_data_02_mir/recover-20221013/UBNA_001/20221012_030000.WAV,Telephone Field,recover-20221013,001,1795
1676.5215,1676.5324,54687,59468,Pipistrellus pygmaeus,0.021,0.024,-1,Echolocation,/mnt/ubna_data_02_mir/recover-20221013/UBNA_001/20221012_030000.WAV,Telephone Field,recover-20221013,001,1795
1676.5295,1676.5409,22031,26324,Nyctalus leisleri,0.014,0.027,-1,Echolocation,/mnt/ubna_data_02_mir/recover-20221013/UBNA_001/20221012_030000.WAV,Telephone Field,recover-20221013,001,1795
1676.6475,1676.658,23750,31519,Nyctalus leisleri,0.011,0.033,-1,Echolocation,/mnt/ubna_data_02_mir/recover-20221013/UBNA_001/20221012_030000.WAV,Telephone Field,recover-20221013,001,1795
1676.6905,1676.6989,23750,31251,Plecotus austriacus,0.008,0.023,-1,Echolocation,/mnt/ubna_data_02_mir/recover-20221013/UBNA_001/20221012_030000.WAV,Telephone Field,recover-20221013,001,1795
1676.7285,1676.7361,32343,43481,Myotis daubentonii,0.011,0.024,-1,Echolocation,/mnt/ubna_data_02_mir/recover-20221013/UBNA_001/20221012_030000.WAV,Telephone Field,recover-20221013,001,1795
1676.7775,1676.7839,26328,39133,Eptesicus serotinus,0.005,0.023,-1,Echolocation,/mnt/ubna_data_02_mir/recover-20221013/UBNA_001/20221012_030000.WAV,Telephone Field,recover-20221013,001,1795
1676.7865,1676.8272,68437,82107,Rhinolophus ferrumequinum,0.023,0.023,-1,Echolocation,/mnt/ubna_data_02_mir/recover-20221013/UBNA_001/20221012_030000.WAV,Telephone Field,recover-20221013,001,1795
1676.7935,1676.832,68437,82254,Rhinolophus ferrumequinum,0.025,0.025,-1,Echolocation,/mnt/ubna_data_02_mir/recover-20221013/UBNA_001/20221012_030000.WAV,Telephone Field,recover-20221013,001,1795
1676.8025,1676.8138,26328,33269,Eptesicus serotinus,0.012,0.025,-1,Echolocation,/mnt/ubna_data_02_mir/recover-20221013/UBNA_001/20221012_030000.WAV,Telephone Field,recover-20221013,001,1795
1676.8115,1676.8186,28046,37895,Eptesicus serotinus,0.006,0.027,-1,Echolocation,/mnt/ubna_data_02_mir/recover-20221013/UBNA_001/20221012_030000.WAV,Telephone Field,recover-20221013,001,1795
1676.8325,1676.8432,24609,31666,Nyctalus leisleri,0.008,0.022,-1,Echolocation,/mnt/ubna_data_02_mir/recover-20221013/UBNA_001/20221012_030000.WAV,Telephone Field,recover-20221013,001,1795
1676.8415,1676.8814,68437,82713,Rhinolophus ferrumequinum,0.022,0.022,-1,Echolocation,/mnt/ubna_data_02_mir/recover-20221013/UBNA_001/20221012_030000.WAV,Telephone Field,recover-20221013,001,1795
1676.8435,1676.8534,28906,37249,Eptesicus serotinus,0.011,0.027,-1,Echolocation,/mnt/ubna_data_02_mir/recover-20221013/UBNA_001/20221012_030000.WAV,Telephone Field,recover-20221013,001,1795
1676.9105,1676.9477,68437,82018,Rhinolophus ferrumequinum,0.023,0.023,-1,Echolocation,/mnt/ubna_data_02_mir/recover-20221013/UBNA_001/20221012_030000.WAV,Telephone Field,recover-20221013,001,1795
1676.9225,1676.9307,26328,36992,Eptesicus serotinus,0.008,0.022,-1,Echolocation,/mnt/ubna_data_02_mir/recover-20221013/UBNA_001/20221012_030000.WAV,Telephone Field,recover-20221013,001,1795
1676.9565,1676.9671,28906,36327,Eptesicus serotinus,0.013,0.026,-1,Echolocation,/mnt/ubna_data_02_mir/recover-20221013/UBNA_001/20221012_030000.WAV,Telephone Field,recover-20221013,001,1795
1676.9855,1676.9938,30625,39157,Myotis daubentonii,0.007,0.025,-1,Echolocation,/mnt/ubna_data_02_mir/recover-20221013/UBNA_001/20221012_030000.WAV,Telephone Field,recover-20221013,001,1795
1676.9915,1677.0109,16875,20556,Nyctalus noctula,0.015,0.023,-1,Echolocation,/mnt/ubna_data_02_mir/recover-20221013/UBNA_001/20221012_030000.WAV,Telephone Field,recover-20221013,001,1795
1677.0025,1677.0378,68437,80145,Rhinolophus ferrumequinum,0.023,0.024,-1,Echolocation,/mnt/ubna_data_02_mir/recover-20221013/UBNA_001/20221012_030000.WAV,Telephone Field,recover-20221013,001,1795
1677.0195,1677.0272,27187,36664,Eptesicus serotinus,0.011,0.03,-1,Echolocation,/mnt/ubna_data_02_mir/recover-20221013/UBNA_001/20221012_030000.WAV,Telephone Field,recover-20221013,001,1795
1677.0245,1677.0641,68437,82683,Rhinolophus ferrumequinum,0.028,0.028,-1,Echolocation,/mnt/ubna_data_02_mir/recover-20221013/UBNA_001/20221012_030000.WAV,Telephone Field,recover-20221013,001,1795
1677.0515,1677.0632,23750,29261,Nyctalus leisleri,0.01,0.023,-1,Echolocation,/mnt/ubna_data_02_mir/recover-20221013/UBNA_001/20221012_030000.WAV,Telephone Field,recover-20221013,001,1795
1677.0635,1677.0716,28046,39473,Eptesicus serotinus,0.009,0.023,-1,Echolocation,/mnt/ubna_data_02_mir/recover-20221013/UBNA_001/20221012_030000.WAV,Telephone Field,recover-20221013,001,1795
1677.1585,1677.1659,28906,40658,Eptesicus serotinus,0.007,0.023,-1,Echolocation,/mnt/ubna_data_02_mir/recover-20221013/UBNA_001/20221012_030000.WAV,Telephone Field,recover-20221013,001,1795
1677.2185,1677.2258,23750,32595,Plecotus austriacus,0.009,0.022,-1,Echolocation,/mnt/ubna_data_02_mir/recover-20221013/UBNA_001/20221012_030000.WAV,Telephone Field,recover-20221013,001,1795
1677.2355,1677.2427,50390,55624,Pipistrellus pipistrellus,0.023,0.025,-1,Echolocation,/mnt/ubna_data_02_mir/recover-20221013/UBNA_001/20221012_030000.WAV,Telephone Field,recover-20221013,001,1795
1677.2715,1677.3093,68437,81633,Rhinolophus ferrumequinum,0.022,0.022,-1,Echolocation,/mnt/ubna_data_02_mir/recover-20221013/UBNA_001/20221012_030000.WAV,Telephone Field,recover-20221013,001,1795
1677.3005,1677.3087,27187,44575,Eptesicus serotinus,0.01,0.026,-1,Echolocation,/mnt/ubna_data_02_mir/recover-20221013/UBNA_001/20221012_030000.WAV,Telephone Field,recover-20221013,001,1795
1677.3365,1677.3763,68437,82470,Rhinolophus ferrumequinum,0.024,0.024,-1,Echolocation,/mnt/ubna_data_02_mir/recover-20221013/UBNA_001/20221012_030000.WAV,Telephone Field,recover-20221013,001,1795
1677.3745,1677.3853,23750,30289,Nyctalus leisleri,0.013,0.031,-1,Echolocation,/mnt/ubna_data_02_mir/recover-20221013/UBNA_001/20221012_030000.WAV,Telephone Field,recover-20221013,001,1795
1677.4595,1677.4694,28046,37186,Eptesicus serotinus,0.015,0.035,-1,Echolocation,/mnt/ubna_data_02_mir/recover-20221013/UBNA_001/20221012_030000.WAV,Telephone Field,recover-20221013,001,1795
1677.5125,1677.5197,27187,42332,Eptesicus serotinus,0.008,0.027,-1,Echolocation,/mnt/ubna_data_02_mir/recover-20221013/UBNA_001/20221012_030000.WAV,Telephone Field,recover-20221013,001,1795
1677.5675,1677.5801,23750,28980,Nyctalus leisleri,0.014,0.026,-1,Echolocation,/mnt/ubna_data_02_mir/recover-20221013/UBNA_001/20221012_030000.WAV,Telephone Field,recover-20221013,001,1795
1677.6165,1677.6261,26328,35262,Eptesicus serotinus,0.011,0.026,-1,Echolocation,/mnt/ubna_data_02_mir/recover-20221013/UBNA_001/20221012_030000.WAV,Telephone Field,recover-20221013,001,1795
1677.6455,1677.6531,26328,37824,Eptesicus serotinus,0.007,0.022,-1,Echolocation,/mnt/ubna_data_02_mir/recover-20221013/UBNA_001/20221012_030000.WAV,Telephone Field,recover-20221013,001,1795
1677.7405,1677.7478,27187,39473,Eptesicus serotinus,0.006,0.022,-1,Echolocation,/mnt/ubna_data_02_mir/recover-20221013/UBNA_001/20221012_030000.WAV,Telephone Field,recover-20221013,001,1795
1677.7675,1677.7748,28046,41093,Eptesicus serotinus,0.007,0.024,-1,Echolocation,/mnt/ubna_data_02_mir/recover-20221013/UBNA_001/20221012_030000.WAV,Telephone Field,recover-20221013,001,1795
1677.7915,1677.8304,68437,81900,Rhinolophus ferrumequinum,0.023,0.023,-1,Echolocation,/mnt/ubna_data_02_mir/recover-20221013/UBNA_001/20221012_030000.WAV,Telephone Field,recover-20221013,001,1795
1677.8245,1677.8663,68437,82828,Rhinolophus ferrumequinum,0.024,0.024,-1,Echolocation,/mnt/ubna_data_02_mir/recover-20221013/UBNA_001/20221012_030000.WAV,Telephone Field,recover-20221013,001,1795
1677.8265,1677.8358,27187,41652,Eptesicus serotinus,0.01,0.025,-1,Echolocation,/mnt/ubna_data_02_mir/recover-20221013/UBNA_001/20221012_030000.WAV,Telephone Field,recover-20221013,001,1795
1677.8445,1677.8866,68437,82908,Rhinolophus ferrumequinum,0.023,0.023,-1,Echolocation,/mnt/ubna_data_02_mir/recover-20221013/UBNA_001/20221012_030000.WAV,Telephone Field,recover-20221013,001,1795
1677.9085,1677.9449,68437,81394,Rhinolophus ferrumequinum,0.022,0.022,-1,Echolocation,/mnt/ubna_data_02_mir/recover-20221013/UBNA_001/20221012_030000.WAV,Telephone Field,recover-20221013,001,1795
1677.9475,1677.9666,19453,22994,Nyctalus noctula,0.017,0.031,-1,Echolocation,/mnt/ubna_data_02_mir/recover-20221013/UBNA_001/20221012_030000.WAV,Telephone Field,recover-20221013,001,1795
1677.9865,1677.9952,26328,37105,Eptesicus serotinus,0.011,0.026,-1,Echolocation,/mnt/ubna_data_02_mir/recover-20221013/UBNA_001/20221012_030000.WAV,Telephone Field,recover-20221013,001,1795
1678.0015,1678.0362,69296,81563,Rhinolophus ferrumequinum,0.022,0.022,-1,Echolocation,/mnt/ubna_data_02_mir/recover-20221013/UBNA_001/20221012_030000.WAV,Telephone Field,recover-20221013,001,1795
1678.0015,1678.0103,27187,36610,Eptesicus serotinus,0.007,0.024,-1,Echolocation,/mnt/ubna_data_02_mir/recover-20221013/UBNA_001/20221012_030000.WAV,Telephone Field,recover-20221013,001,1795
1678.0025,1678.0111,56406,63450,Pipistrellus pygmaeus,0.02,0.021,-1,Echolocation,/mnt/ubna_data_02_mir/recover-20221013/UBNA_001/20221012_030000.WAV,Telephone Field,recover-20221013,001,1795
1678.0105,1678.0517,68437,82218,Rhinolophus ferrumequinum,0.021,0.021,-1,Echolocation,/mnt/ubna_data_02_mir/recover-20221013/UBNA_001/20221012_030000.WAV,Telephone Field,recover-20221013,001,1795
1678.0415,1678.0846,68437,82916,Rhinolophus ferrumequinum,0.028,0.028,-1,Echolocation,/mnt/ubna_data_02_mir/recover-20221013/UBNA_001/20221012_030000.WAV,Telephone Field,recover-20221013,001,1795
1678.0565,1678.0955,68437,81091,Rhinolophus ferrumequinum,0.024,0.025,-1,Echolocation,/mnt/ubna_data_02_mir/recover-20221013/UBNA_001/20221012_030000.WAV,Telephone Field,recover-20221013,001,1795
1678.0675,1678.1053,68437,81877,Rhinolophus ferrumequinum,0.022,0.022,-1,Echolocation,/mnt/ubna_data_02_mir/recover-20221013/UBNA_001/20221012_030000.WAV,Telephone Field,recover-20221013,001,1795
1678.0765,1678.1183,68437,82898,Rhinolophus ferrumequinum,0.024,0.024,-1,Echolocation,/mnt/ubna_data_02_mir/recover-20221013/UBNA_001/20221012_030000.WAV,Telephone Field,recover-20221013,001,1795
1678.0835,1678.124,68437,82537,Rhinolophus ferrumequinum,0.023,0.023,-1,Echolocation,/mnt/ubna_data_02_mir/recover-20221013/UBNA_001/20221012_030000.WAV,Telephone Field,recover-20221013,001,1795
1678.0955,1678.1061,23750,29128,Nyctalus leisleri,0.009,0.021,-1,Echolocation,/mnt/ubna_data_02_mir/recover-20221013/UBNA_001/20221012_030000.WAV,Telephone Field,recover-20221013,001,1795
1678.1125,1678.1531,68437,82815,Rhinolophus ferrumequinum,0.023,0.023,-1,Echolocation,/mnt/ubna_data_02_mir/recover-20221013/UBNA_001/20221012_030000.WAV,Telephone Field,recover-20221013,001,1795
1678.1215,1678.1609,68437,82309,Rhinolophus ferrumequinum,0.021,0.021,-1,Echolocation,/mnt/ubna_data_02_mir/recover-20221013/UBNA_001/20221012_030000.WAV,Telephone Field,recover-20221013,001,1795
1678.1235,1678.1327,27187,36137,Eptesicus serotinus,0.009,0.021,-1,Echolocation,/mnt/ubna_data_02_mir/recover-20221013/UBNA_001/20221012_030000.WAV,Telephone Field,recover-20221013,001,1795
1678.1345,1678.1423,26328,35245,Eptesicus serotinus,0.009,0.026,-1,Echolocation,/mnt/ubna_data_02_mir/recover-20221013/UBNA_001/20221012_030000.WAV,Telephone Field,recover-20221013,001,1795
1678.1605,1678.1984,68437,81402,Rhinolophus ferrumequinum,0.026,0.026,-1,Echolocation,/mnt/ubna_data_02_mir/recover-20221013/UBNA_001/20221012_030000.WAV,Telephone Field,recover-20221013,001,1795
1678.1745,1678.2074,68437,81056,Rhinolophus ferrumequinum,0.025,0.025,-1,Echolocation,/mnt/ubna_data_02_mir/recover-20221013/UBNA_001/20221012_030000.WAV,Telephone Field,recover-20221013,001,1795
1678.1925,1678.2003,29765,40363,Eptesicus serotinus,0.011,0.034,-1,Echolocation,/mnt/ubna_data_02_mir/recover-20221013/UBNA_001/20221012_030000.WAV,Telephone Field,recover-20221013,001,1795
1678.2105,1678.2469,68437,81620,Rhinolophus ferrumequinum,0.022,0.022,-1,Echolocation,/mnt/ubna_data_02_mir/recover-20221013/UBNA_001/20221012_030000.WAV,Telephone Field,recover-20221013,001,1795
1678.2265,1678.2626,68437,81360,Rhinolophus ferrumequinum,0.021,0.022,-1,Echolocation,/mnt/ubna_data_02_mir/recover-20221013/UBNA_001/20221012_030000.WAV,Telephone Field,recover-20221013,001,1795
1678.2275,1678.2344,28046,39421,Eptesicus serotinus,0.006,0.021,-1,Echolocation,/mnt/ubna_data_02_mir/recover-20221013/UBNA_001/20221012_030000.WAV,Telephone Field,recover-20221013,001,1795
1678.2405,1678.2779,68437,81163,Rhinolophus ferrumequinum,0.023,0.024,-1,Echolocation,/mnt/ubna_data_02_mir/recover-20221013/UBNA_001/20221012_030000.WAV,Telephone Field,recover-20221013,001,1795
1678.2715,1678.2833,23750,29472,Nyctalus leisleri,0.018,0.041,-1,Echolocation,/mnt/ubna_data_02_mir/recover-20221013/UBNA_001/20221012_030000.WAV,Telephone Field,recover-20221013,001,1795
1678.2835,1678.324,68437,82360,Rhinolophus ferrumequinum,0.026,0.026,-1,Echolocation,/mnt/ubna_data_02_mir/recover-20221013/UBNA_001/20221012_030000.WAV,Telephone Field,recover-20221013,001,1795
1678.2985,1678.34,68437,82610,Rhinolophus ferrumequinum,0.023,0.023,-1,Echolocation,/mnt/ubna_data_02_mir/recover-20221013/UBNA_001/20221012_030000.WAV,Telephone Field,recover-20221013,001,1795
1678.3055,1678.3465,68437,82480,Rhinolophus ferrumequinum,0.022,0.022,-1,Echolocation,/mnt/ubna_data_02_mir/recover-20221013/UBNA_001/20221012_030000.WAV,Telephone Field,recover-20221013,001,1795
1678.3205,1678.327,45234,54799,Pipistrellus pipistrellus,0.024,0.027,-1,Echolocation,/mnt/ubna_data_02_mir/recover-20221013/UBNA_001/20221012_030000.WAV,Telephone Field,recover-20221013,001,1795
1678.3395,1678.3504,22890,28509,Nyctalus leisleri,0.013,0.031,-1,Echolocation,/mnt/ubna_data_02_mir/recover-20221013/UBNA_001/20221012_030000.WAV,Telephone Field,recover-20221013,001,1795
1678.3695,1678.4098,68437,82632,Rhinolophus ferrumequinum,0.025,0.025,-1,Echolocation,/mnt/ubna_data_02_mir/recover-20221013/UBNA_001/20221012_030000.WAV,Telephone Field,recover-20221013,001,1795
1678.3845,1678.3929,28046,38505,Eptesicus serotinus,0.008,0.023,-1,Echolocation,/mnt/ubna_data_02_mir/recover-20221013/UBNA_001/20221012_030000.WAV,Telephone Field,recover-20221013,001,1795
1678.3845,1678.4249,68437,82743,Rhinolophus ferrumequinum,0.025,0.025,-1,Echolocation,/mnt/ubna_data_02_mir/recover-20221013/UBNA_001/20221012_030000.WAV,Telephone Field,recover-20221013,001,1795
1678.4145,1678.462,68437,83980,Rhinolophus ferrumequinum,0.058,0.058,-1,Echolocation,/mnt/ubna_data_02_mir/recover-20221013/UBNA_001/20221012_030000.WAV,Telephone Field,recover-20221013,001,1795
1678.4175,1678.426,28046,38843,Eptesicus serotinus,0.008,0.021,-1,Echolocation,/mnt/ubna_data_02_mir/recover-20221013/UBNA_001/20221012_030000.WAV,Telephone Field,recover-20221013,001,1795
1678.4315,1678.4706,68437,82097,Rhinolophus ferrumequinum,0.021,0.021,-1,Echolocation,/mnt/ubna_data_02_mir/recover-20221013/UBNA_001/20221012_030000.WAV,Telephone Field,recover-20221013,001,1795
1678.4435,1678.4519,30625,40278,Myotis daubentonii,0.01,0.028,-1,Echolocation,/mnt/ubna_data_02_mir/recover-20221013/UBNA_001/20221012_030000.WAV,Telephone Field,recover-20221013,001,1795
1678.4505,1678.4629,21171,24668,Nyctalus leisleri,0.012,0.021,-1,Echolocation,/mnt/ubna_data_02_mir/recover-20221013/UBNA_001/20221012_030000.WAV,Telephone Field,recover-20221013,001,1795
1678.4605,1678.4803,19453,22049,Nyctalus leisleri,0.014,0.023,-1,Echolocation,/mnt/ubna_data_02_mir/recover-20221013/UBNA_001/20221012_030000.WAV,Telephone Field,recover-20221013,001,1795
1678.5025,1678.54,68437,81574,Rhinolophus ferrumequinum,0.022,0.022,-1,Echolocation,/mnt/ubna_data_02_mir/recover-20221013/UBNA_001/20221012_030000.WAV,Telephone Field,recover-20221013,001,1795
1678.5195,1678.5306,29765,37559,Eptesicus serotinus,0.012,0.026,-1,Echolocation,/mnt/ubna_data_02_mir/recover-20221013/UBNA_001/20221012_030000.WAV,Telephone Field,recover-20221013,001,1795
1678.5545,1678.5936,68437,81766,Rhinolophus ferrumequinum,0.026,0.026,-1,Echolocation,/mnt/ubna_data_02_mir/recover-20221013/UBNA_001/20221012_030000.WAV,Telephone Field,recover-20221013,001,1795
1678.5765,1678.6148,68437,81925,Rhinolophus ferrumequinum,0.024,0.024,-1,Echolocation,/mnt/ubna_data_02_mir/recover-20221013/UBNA_001/20221012_030000.WAV,Telephone Field,recover-20221013,001,1795
1678.6015,1678.6099,22890,30255,Plecotus austriacus,0.01,0.024,-1,Echolocation,/mnt/ubna_data_02_mir/recover-20221013/UBNA_001/20221012_030000.WAV,Telephone Field,recover-20221013,001,1795
1678.6205,1678.6268,47812,51901,Pipistrellus pipistrellus,0.02,0.021,-1,Echolocation,/mnt/ubna_data_02_mir/recover-20221013/UBNA_001/20221012_030000.WAV,Telephone Field,recover-20221013,001,1795
1678.6265,1678.6669,68437,82468,Rhinolophus ferrumequinum,0.03,0.03,-1,Echolocation,/mnt/ubna_data_02_mir/recover-20221013/UBNA_001/20221012_030000.WAV,Telephone Field,recover-20221013,001,1795
1678.6275,1678.6387,24609,30410,Nyctalus leisleri,0.012,0.028,-1,Echolocation,/mnt/ubna_data_02_mir/recover-20221013/UBNA_001/20221012_030000.WAV,Telephone Field,recover-20221013,001,1795
1678.6445,1678.681,68437,81318,Rhinolophus ferrumequinum,0.027,0.028,-1,Echolocation,/mnt/ubna_data_02_mir/recover-20221013/UBNA_001/20221012_030000.WAV,Telephone Field,recover-20221013,001,1795
1678.6555,1678.6936,68437,81972,Rhinolophus ferrumequinum,0.022,0.022,-1,Echolocation,/mnt/ubna_data_02_mir/recover-20221013/UBNA_001/20221012_030000.WAV,Telephone Field,recover-20221013,001,1795
1678.6615,1678.669,28046,39344,Eptesicus serotinus,0.007,0.023,-1,Echolocation,/mnt/ubna_data_02_mir/recover-20221013/UBNA_001/20221012_030000.WAV,Telephone Field,recover-20221013,001,1795
1678.6835,1678.7227,68437,82278,Rhinolophus ferrumequinum,0.023,0.023,-1,Echolocation,/mnt/ubna_data_02_mir/recover-20221013/UBNA_001/20221012_030000.WAV,Telephone Field,recover-20221013,001,1795
1678.6915,1678.698,24609,33827,Plecotus austriacus,0.013,0.031,-1,Echolocation,/mnt/ubna_data_02_mir/recover-20221013/UBNA_001/20221012_030000.WAV,Telephone Field,recover-20221013,001,1795
1678.6995,1678.708,40078,50638,Pipistrellus nathusii,0.008,0.024,-1,Echolocation,/mnt/ubna_data_02_mir/recover-20221013/UBNA_001/20221012_030000.WAV,Telephone Field,recover-20221013,001,1795
1678.7075,1678.7136,27187,39968,Eptesicus serotinus,0.006,0.029,-1,Echolocation,/mnt/ubna_data_02_mir/recover-20221013/UBNA_001/20221012_030000.WAV,Telephone Field,recover-20221013,001,1795
1678.7205,1678.7352,14296,19505,Nyctalus noctula,0.024,0.034,-1,Echolocation,/mnt/ubna_data_02_mir/recover-20221013/UBNA_001/20221012_030000.WAV,Telephone Field,recover-20221013,001,1795
1678.7225,1678.7625,68437,82038,Rhinolophus ferrumequinum,0.023,0.023,-1,Echolocation,/mnt/ubna_data_02_mir/recover-20221013/UBNA_001/20221012_030000.WAV,Telephone Field,recover-20221013,001,1795
1678.7305,1678.7379,27187,36557,Eptesicus serotinus,0.011,0.029,-1,Echolocation,/mnt/ubna_data_02_mir/recover-20221013/UBNA_001/20221012_030000.WAV,Telephone Field,recover-20221013,001,1795
1678.7385,1678.7744,68437,81999,Rhinolophus ferrumequinum,0.022,0.022,-1,Echolocation,/mnt/ubna_data_02_mir/recover-20221013/UBNA_001/20221012_030000.WAV,Telephone Field,recover-20221013,001,1795
1678.7465,1678.7831,68437,81420,Rhinolophus ferrumequinum,0.021,0.021,-1,Echolocation,/mnt/ubna_data_02_mir/recover-20221013/UBNA_001/20221012_030000.WAV,Telephone Field,recover-20221013,001,1795
1678.7775,1678.7851,28906,40118,Eptesicus serotinus,0.007,0.023,-1,Echolocation,/mnt/ubna_data_02_mir/recover-20221013/UBNA_001/20221012_030000.WAV,Telephone Field,recover-20221013,001,1795
1678.8155,1678.8566,68437,82533,Rhinolophus ferrumequinum,0.023,0.023,-1,Echolocation,/mnt/ubna_data_02_mir/recover-20221013/UBNA_001/20221012_030000.WAV,Telephone Field,recover-20221013,001,1795
1678.8445,1678.8893,68437,83485,Rhinolophus ferrumequinum,0.035,0.035,-1,Echolocation,/mnt/ubna_data_02_mir/recover-20221013/UBNA_001/20221012_030000.WAV,Telephone Field,recover-20221013,001,1795
1678.8695,1678.9073,68437,81492,Rhinolophus ferrumequinum,0.026,0.026,-1,Echolocation,/mnt/ubna_data_02_mir/recover-20221013/UBNA_001/20221012_030000.WAV,Telephone Field,recover-20221013,001,1795
1678.8885,1678.924,68437,81928,Rhinolophus ferrumequinum,0.022,0.022,-1,Echolocation,/mnt/ubna_data_02_mir/recover-20221013/UBNA_001/20221012_030000.WAV,Telephone Field,recover-20221013,001,1795
1678.9055,1678.9427,68437,81869,Rhinolophus ferrumequinum,0.022,0.022,-1,Echolocation,/mnt/ubna_data_02_mir/recover-20221013/UBNA_001/20221012_030000.WAV,Telephone Field,recover-20221013,001,1795
1678.9425,1678.9514,22031,29449,Plecotus austriacus,0.01,0.024,-1,Echolocation,/mnt/ubna_data_02_mir/recover-20221013/UBNA_001/20221012_030000.WAV,Telephone Field,recover-20221013,001,1795
1678.9435,1678.9511,27187,39283,Eptesicus serotinus,0.008,0.024,-1,Echolocation,/mnt/ubna_data_02_mir/recover-20221013/UBNA_001/20221012_030000.WAV,Telephone Field,recover-20221013,001,1795
1678.9615,1679.0004,68437,82003,Rhinolophus ferrumequinum,0.026,0.026,-1,Echolocation,/mnt/ubna_data_02_mir/recover-20221013/UBNA_001/20221012_030000.WAV,Telephone Field,recover-20221013,001,1795
1678.9905,1678.9981,28046,38112,Eptesicus serotinus,0.007,0.021,-1,Echolocation,/mnt/ubna_data_02_mir/recover-20221013/UBNA_001/20221012_030000.WAV,Telephone Field,recover-20221013,001,1795
1679.0025,1679.0403,68437,81802,Rhinolophus ferrumequinum,0.021,0.021,-1,Echolocation,/mnt/ubna_data_02_mir/recover-20221013/UBNA_001/20221012_030000.WAV,Telephone Field,recover-20221013,001,1795
1679.0385,1679.0483,28906,37152,Eptesicus serotinus,0.016,0.032,-1,Echolocation,/mnt/ubna_data_02_mir/recover-20221013/UBNA_001/20221012_030000.WAV,Telephone Field,recover-20221013,001,1795
1679.0575,1679.0968,68437,82296,Rhinolophus ferrumequinum,0.021,0.021,-1,Echolocation,/mnt/ubna_data_02_mir/recover-20221013/UBNA_001/20221012_030000.WAV,Telephone Field,recover-20221013,001,1795
1679.0575,1679.068,44375,51128,Pipistrellus pipistrellus,0.013,0.021,-1,Echolocation,/mnt/ubna_data_02_mir/recover-20221013/UBNA_001/20221012_030000.WAV,Telephone Field,recover-20221013,001,1795
1679.1015,1679.1412,68437,82385,Rhinolophus ferrumequinum,0.022,0.022,-1,Echolocation,/mnt/ubna_data_02_mir/recover-20221013/UBNA_001/20221012_030000.WAV,Telephone Field,recover-20221013,001,1795
1679.1275,1679.1716,68437,83672,Rhinolophus ferrumequinum,0.059,0.059,-1,Echolocation,/mnt/ubna_data_02_mir/recover-20221013/UBNA_001/20221012_030000.WAV,Telephone Field,recover-20221013,001,1795
1679.1465,1679.1528,26328,41788,Myotis nattereri,0.004,0.022,-1,Echolocation,/mnt/ubna_data_02_mir/recover-20221013/UBNA_001/20221012_030000.WAV,Telephone Field,recover-20221013,001,1795
1679.1545,1679.1667,22890,27046,Nyctalus leisleri,0.014,0.026,-1,Echolocation,/mnt/ubna_data_02_mir/recover-20221013/UBNA_001/20221012_030000.WAV,Telephone Field,recover-20221013,001,1795
1679.1555,1679.1974,68437,83041,Rhinolophus ferrumequinum,0.028,0.028,-1,Echolocation,/mnt/ubna_data_02_mir/recover-20221013/UBNA_001/20221012_030000.WAV,Telephone Field,recover-20221013,001,1795
1679.1865,1679.2272,68437,82143,Rhinolophus ferrumequinum,0.023,0.023,-1,Echolocation,/mnt/ubna_data_02_mir/recover-20221013/UBNA_001/20221012_030000.WAV,Telephone Field,recover-20221013,001,1795
1679.2355,1679.276,68437,82237,Rhinolophus ferrumequinum,0.028,0.028,-1,Echolocation,/mnt/ubna_data_02_mir/recover-20221013/UBNA_001/20221012_030000.WAV,Telephone Field,recover-20221013,001,1795
1679.2395,1679.2479,24609,32406,Eptesicus serotinus,0.005,0.02,-1,Echolocation,/mnt/ubna_data_02_mir/recover-20221013/UBNA_001/20221012_030000.WAV,Telephone Field,recover-20221013,001,1795
1679.2855,1679.295,28906,39437,Eptesicus serotinus,0.009,0.021,-1,Echolocation,/mnt/ubna_data_02_mir/recover-20221013/UBNA_001/20221012_030000.WAV,Telephone Field,recover-20221013,001,1795
1679.2865,1679.3243,68437,81701,Rhinolophus ferrumequinum,0.022,0.022,-1,Echolocation,/mnt/ubna_data_02_mir/recover-20221013/UBNA_001/20221012_030000.WAV,Telephone Field,recover-20221013,001,1795
1679.3005,1679.3383,68437,81796,Rhinolophus ferrumequinum,0.021,0.021,-1,Echolocation,/mnt/ubna_data_02_mir/recover-20221013/UBNA_001/20221012_030000.WAV,Telephone Field,recover-20221013,001,1795
1679.3215,1679.3604,68437,81676,Rhinolophus ferrumequinum,0.022,0.022,-1,Echolocation,/mnt/ubna_data_02_mir/recover-20221013/UBNA_001/20221012_030000.WAV,Telephone Field,recover-20221013,001,1795
1679.3255,1679.3346,28046,40227,Eptesicus serotinus,0.013,0.032,-1,Echolocation,/mnt/ubna_data_02_mir/recover-20221013/UBNA_001/20221012_030000.WAV,Telephone Field,recover-20221013,001,1795
1679.3375,1679.3762,68437,82118,Rhinolophus ferrumequinum,0.023,0.023,-1,Echolocation,/mnt/ubna_data_02_mir/recover-20221013/UBNA_001/20221012_030000.WAV,Telephone Field,recover-20221013,001,1795
1679.3405,1679.3483,27187,40981,Eptesicus serotinus,0.008,0.022,-1,Echolocation,/mnt/ubna_data_02_mir/recover-20221013/UBNA_001/20221012_030000.WAV,Telephone Field,recover-20221013,001,1795
1679.3665,1679.4062,68437,82812,Rhinolophus ferrumequinum,0.028,0.028,-1,Echolocation,/mnt/ubna_data_02_mir/recover-20221013/UBNA_001/20221012_030000.WAV,Telephone Field,recover-20221013,001,1795
1679.3795,1679.4179,68437,81350,Rhinolophus ferrumequinum,0.021,0.021,-1,Echolocation,/mnt/ubna_data_02_mir/recover-20221013/UBNA_001/20221012_030000.WAV,Telephone Field,recover-20221013,001,1795
1679.4035,1679.4115,28046,37223,Eptesicus serotinus,0.01,0.025,-1,Echolocation,/mnt/ubna_data_02_mir/recover-20221013/UBNA_001/20221012_030000.WAV,Telephone Field,recover-20221013,001,1795
1679.4075,1679.4458,68437,82054,Rhinolophus ferrumequinum,0.021,0.021,-1,Echolocation,/mnt/ubna_data_02_mir/recover-20221013/UBNA_001/20221012_030000.WAV,Telephone Field,recover-20221013,001,1795
1679.4455,1679.4843,68437,82222,Rhinolophus ferrumequinum,0.023,0.023,-1,Echolocation,/mnt/ubna_data_02_mir/recover-20221013/UBNA_001/20221012_030000.WAV,Telephone Field,recover-20221013,001,1795
1679.4715,1679.5126,68437,82807,Rhinolophus ferrumequinum,0.028,0.028,-1,Echolocation,/mnt/ubna_data_02_mir/recover-20221013/UBNA_001/20221012_030000.WAV,Telephone Field,recover-20221013,001,1795
1679.5225,1679.5603,68437,82579,Rhinolophus ferrumequinum,0.024,0.024,-1,Echolocation,/mnt/ubna_data_02_mir/recover-20221013/UBNA_001/20221012_030000.WAV,Telephone Field,recover-20221013,001,1795
1679.5225,1679.531,28046,40608,Eptesicus serotinus,0.008,0.021,-1,Echolocation,/mnt/ubna_data_02_mir/recover-20221013/UBNA_001/20221012_030000.WAV,Telephone Field,recover-20221013,001,1795
1679.5495,1679.5879,68437,82044,Rhinolophus ferrumequinum,0.021,0.021,-1,Echolocation,/mnt/ubna_data_02_mir/recover-20221013/UBNA_001/20221012_030000.WAV,Telephone Field,recover-20221013,001,1795
1679.5515,1679.5616,27187,36408,Eptesicus serotinus,0.01,0.026,-1,Echolocation,/mnt/ubna_data_02_mir/recover-20221013/UBNA_001/20221012_030000.WAV,Telephone Field,recover-20221013,001,1795
1679.5625,1679.5996,68437,81905,Rhinolophus ferrumequinum,0.023,0.023,-1,Echolocation,/mnt/ubna_data_02_mir/recover-20221013/UBNA_001/20221012_030000.WAV,Telephone Field,recover-20221013,001,1795
1679.5715,1679.6108,68437,82644,Rhinolophus ferrumequinum,0.023,0.023,-1,Echolocation,/mnt/ubna_data_02_mir/recover-20221013/UBNA_001/20221012_030000.WAV,Telephone Field,recover-20221013,001,1795
1679.5995,1679.6371,68437,81623,Rhinolophus ferrumequinum,0.022,0.022,-1,Echolocation,/mnt/ubna_data_02_mir/recover-20221013/UBNA_001/20221012_030000.WAV,Telephone Field,recover-20221013,001,1795
1679.6065,1679.645,68437,81819,Rhinolophus ferrumequinum,0.021,0.021,-1,Echolocation,/mnt/ubna_data_02_mir/recover-20221013/UBNA_001/20221012_030000.WAV,Telephone Field,recover-20221013,001,1795
1679.6265,1679.6341,26328,38364,Eptesicus serotinus,0.007,0.022,-1,Echolocation,/mnt/ubna_data_02_mir/recover-20221013/UBNA_001/20221012_030000.WAV,Telephone Field,recover-20221013,001,1795
1679.6405,1679.6822,68437,82257,Rhinolophus ferrumequinum,0.024,0.024,-1,Echolocation,/mnt/ubna_data_02_mir/recover-20221013/UBNA_001/20221012_030000.WAV,Telephone Field,recover-20221013,001,1795
1679.6925,1679.7307,68437,82333,Rhinolophus ferrumequinum,0.022,0.023,-1,Echolocation,/mnt/ubna_data_02_mir/recover-20221013/UBNA_001/20221012_030000.WAV,Telephone Field,recover-20221013,001,1795
1679.7655,1679.7726,27187,37018,Eptesicus serotinus,0.008,0.023,-1,Echolocation,/mnt/ubna_data_02_mir/recover-20221013/UBNA_001/20221012_030000.WAV,Telephone Field,recover-20221013,001,1795
1679.7825,1679.8197,68437,81315,Rhinolophus ferrumequinum,0.021,0.021,-1,Echolocation,/mnt/ubna_data_02_mir/recover-20221013/UBNA_001/20221012_030000.WAV,Telephone Field,recover-20221013,001,1795
1679.7905,1679.828,68437,81886,Rhinolophus ferrumequinum,0.024,0.024,-1,Echolocation,/mnt/ubna_data_02_mir/recover-20221013/UBNA_001/20221012_030000.WAV,Telephone Field,recover-20221013,001,1795
1679.7925,1679.8033,23750,28317,Nyctalus leisleri,0.011,0.023,-1,Echolocation,/mnt/ubna_data_02_mir/recover-20221013/UBNA_001/20221012_030000.WAV,Telephone Field,recover-20221013,001,1795
1679.7985,1679.8094,22031,25884,Nyctalus leisleri,0.013,0.022,-1,Echolocation,/mnt/ubna_data_02_mir/recover-20221013/UBNA_001/20221012_030000.WAV,Telephone Field,recover-20221013,001,1795
1679.8435,1679.8525,24609,32123,Eptesicus serotinus,0.006,0.021,-1,Echolocation,/mnt/ubna_data_02_mir/recover-20221013/UBNA_001/20221012_030000.WAV,Telephone Field,recover-20221013,001,1795
1679.8525,1679.894,68437,82639,Rhinolophus ferrumequinum,0.022,0.022,-1,Echolocation,/mnt/ubna_data_02_mir/recover-20221013/UBNA_001/20221012_030000.WAV,Telephone Field,recover-20221013,001,1795
1679.8715,1679.879,28046,39435,Eptesicus serotinus,0.009,0.026,-1,Echolocation,/mnt/ubna_data_02_mir/recover-20221013/UBNA_001/20221012_030000.WAV,Telephone Field,recover-20221013,001,1795
1679.8985,1679.9433,68437,83590,Rhinolophus ferrumequinum,0.049,0.049,-1,Echolocation,/mnt/ubna_data_02_mir/recover-20221013/UBNA_001/20221012_030000.WAV,Telephone Field,recover-20221013,001,1795
1679.9375,1679.9447,37500,50738,Myotis daubentonii,0.006,0.021,-1,Echolocation,/mnt/ubna_data_02_mir/recover-20221013/UBNA_001/20221012_030000.WAV,Telephone Field,recover-20221013,001,1795
1679.9475,1679.9869,68437,81938,Rhinolophus ferrumequinum,0.02,0.021,-1,Echolocation,/mnt/ubna_data_02_mir/recover-20221013/UBNA_001/20221012_030000.WAV,Telephone Field,recover-20221013,001,1795
1679.9865,1679.997,23750,30347,Nyctalus leisleri,0.008,0.022,-1,Echolocation,/mnt/ubna_data_02_mir/recover-20221013/UBNA_001/20221012_030000.WAV,Telephone Field,recover-20221013,001,1795
1680.0015,1680.0131,22890,29148,Nyctalus leisleri,0.015,0.035,-1,Echolocation,/mnt/ubna_data_02_mir/recover-20221013/UBNA_001/20221012_030000.WAV,Telephone Field,recover-20221013,001,1795
1680.0015,1680.0345,68437,79669,Rhinolophus ferrumequinum,0.027,0.027,-1,Echolocation,/mnt/ubna_data_02_mir/recover-20221013/UBNA_001/20221012_030000.WAV,Telephone Field,recover-20221013,001,1795
1680.0105,1680.0517,68437,82207,Rhinolophus ferrumequinum,0.023,0.023,-1,Echolocation,/mnt/ubna_data_02_mir/recover-20221013/UBNA_001/20221012_030000.WAV,Telephone Field,recover-20221013,001,1795
1680.0265,1680.068,68437,82769,Rhinolophus ferrumequinum,0.022,0.022,-1,Echolocation,/mnt/ubna_data_02_mir/recover-20221013/UBNA_001/20221012_030000.WAV,Telephone Field,recover-20221013,001,1795
1680.0275,1680.0355,23750,31947,Plecotus austriacus,0.007,0.021,-1,Echolocation,/mnt/ubna_data_02_mir/recover-20221013/UBNA_001/20221012_030000.WAV,Telephone Field,recover-20221013,001,1795
1680.0625,1680.1017,68437,82268,Rhinolophus ferrumequinum,0.023,0.024,-1,Echolocation,/mnt/ubna_data_02_mir/recover-20221013/UBNA_001/20221012_030000.WAV,Telephone Field,recover-20221013,001,1795
1680.0835,1680.095,25468,31578,Eptesicus serotinus,0.043,0.09,-1,Echolocation,/mnt/ubna_data_02_mir/recover-20221013/UBNA_001/20221012_030000.WAV,Telephone Field,recover-20221013,001,1795
1680.0895,1680.1286,68437,82635,Rhinolophus ferrumequinum,0.025,0.025,-1,Echolocation,/mnt/ubna_data_02_mir/recover-20221013/UBNA_001/20221012_030000.WAV,Telephone Field,recover-20221013,001,1795
1680.0935,1680.1007,46093,52488,Pipistrellus pipistrellus,0.016,0.023,-1,Echolocation,/mnt/ubna_data_02_mir/recover-20221013/UBNA_001/20221012_030000.WAV,Telephone Field,recover-20221013,001,1795
1680.1245,1680.1615,68437,81753,Rhinolophus ferrumequinum,0.02,0.02,-1,Echolocation,/mnt/ubna_data_02_mir/recover-20221013/UBNA_001/20221012_030000.WAV,Telephone Field,recover-20221013,001,1795
1680.1445,1680.1553,23750,30000,Nyctalus leisleri,0.012,0.03,-1,Echolocation,/mnt/ubna_data_02_mir/recover-20221013/UBNA_001/20221012_030000.WAV,Telephone Field,recover-20221013,001,1795
1680.2095,1680.2217,23750,28498,Nyctalus leisleri,0.01,0.022,-1,Echolocation,/mnt/ubna_data_02_mir/recover-20221013/UBNA_001/20221012_030000.WAV,Telephone Field,recover-20221013,001,1795
1680.2365,1680.2762,68437,81412,Rhinolophus ferrumequinum,0.023,0.023,-1,Echolocation,/mnt/ubna_data_02_mir/recover-20221013/UBNA_001/20221012_030000.WAV,Telephone Field,recover-20221013,001,1795
1680.2465,1680.2815,68437,82171,Rhinolophus ferrumequinum,0.023,0.023,-1,Echolocation,/mnt/ubna_data_02_mir/recover-20221013/UBNA_001/20221012_030000.WAV,Telephone Field,recover-20221013,001,1795
1680.2495,1680.2581,28046,36690,Eptesicus serotinus,0.007,0.021,-1,Echolocation,/mnt/ubna_data_02_mir/recover-20221013/UBNA_001/20221012_030000.WAV,Telephone Field,recover-20221013,001,1795
1680.2625,1680.2754,22890,27551,Nyctalus leisleri,0.01,0.021,-1,Echolocation,/mnt/ubna_data_02_mir/recover-20221013/UBNA_001/20221012_030000.WAV,Telephone Field,recover-20221013,001,1795
1680.3065,1680.3153,34062,40987,Barbastellus barbastellus,0.007,0.022,-1,Echolocation,/mnt/ubna_data_02_mir/recover-20221013/UBNA_001/20221012_030000.WAV,Telephone Field,recover-20221013,001,1795
1680.3075,1680.3182,23750,30180,Nyctalus leisleri,0.014,0.033,-1,Echolocation,/mnt/ubna_data_02_mir/recover-20221013/UBNA_001/20221012_030000.WAV,Telephone Field,recover-20221013,001,1795
1680.3085,1680.3486,68437,82237,Rhinolophus ferrumequinum,0.022,0.022,-1,Echolocation,/mnt/ubna_data_02_mir/recover-20221013/UBNA_001/20221012_030000.WAV,Telephone Field,recover-20221013,001,1795
1680.3205,1680.3388,22031,25314,Nyctalus leisleri,0.06,0.11,-1,Echolocation,/mnt/ubna_data_02_mir/recover-20221013/UBNA_001/20221012_030000.WAV,Telephone Field,recover-20221013,001,1795
1680.3325,1680.3723,68437,82199,Rhinolophus ferrumequinum,0.036,0.036,-1,Echolocation,/mnt/ubna_data_02_mir/recover-20221013/UBNA_001/20221012_030000.WAV,Telephone Field,recover-20221013,001,1795
1680.3645,1680.4079,68437,83330,Rhinolophus ferrumequinum,0.03,0.03,-1,Echolocation,/mnt/ubna_data_02_mir/recover-20221013/UBNA_001/20221012_030000.WAV,Telephone Field,recover-20221013,001,1795
1680.3845,1680.4268,68437,83422,Rhinolophus ferrumequinum,0.021,0.021,-1,Echolocation,/mnt/ubna_data_02_mir/recover-20221013/UBNA_001/20221012_030000.WAV,Telephone Field,recover-20221013,001,1795
1680.4135,1680.4556,68437,82974,Rhinolophus ferrumequinum,0.025,0.025,-1,Echolocation,/mnt/ubna_data_02_mir/recover-20221013/UBNA_001/20221012_030000.WAV,Telephone Field,recover-20221013,001,1795
1680.4155,1680.4238,27187,36027,Eptesicus serotinus,0.014,0.032,-1,Echolocation,/mnt/ubna_data_02_mir/recover-20221013/UBNA_001/20221012_030000.WAV,Telephone Field,recover-20221013,001,1795
1680.4265,1680.4669,68437,82951,Rhinolophus ferrumequinum,0.03,0.03,-1,Echolocation,/mnt/ubna_data_02_mir/recover-20221013/UBNA_001/20221012_030000.WAV,Telephone Field,recover-20221013,001,1795
1680.4525,1680.488,68437,81436,Rhinolophus ferrumequinum,0.023,0.023,-1,Echolocation,/mnt/ubna_data_02_mir/recover-20221013/UBNA_001/20221012_030000.WAV,Telephone Field,recover-20221013,001,1795
1680.4625,1680.4714,26328,35421,Eptesicus serotinus,0.008,0.023,-1,Echolocation,/mnt/ubna_data_02_mir/recover-20221013/UBNA_001/20221012_030000.WAV,Telephone Field,recover-20221013,001,1795
1680.4785,1680.5182,68437,82277,Rhinolophus ferrumequinum,0.022,0.022,-1,Echolocation,/mnt/ubna_data_02_mir/recover-20221013/UBNA_001/20221012_030000.WAV,Telephone Field,recover-20221013,001,1795
1680.4955,1680.5043,25468,33616,Eptesicus serotinus,0.006,0.022,-1,Echolocation,/mnt/ubna_data_02_mir/recover-20221013/UBNA_001/20221012_030000.WAV,Telephone Field,recover-20221013,001,1795
1680.5035,1680.5427,68437,81810,Rhinolophus ferrumequinum,0.033,0.033,-1,Echolocation,/mnt/ubna_data_02_mir/recover-20221013/UBNA_001/20221012_030000.WAV,Telephone Field,recover-20221013,001,1795
1680.5485,1680.5839,68437,80735,Rhinolophus ferrumequinum,0.02,0.02,-1,Echolocation,/mnt/ubna_data_02_mir/recover-20221013/UBNA_001/20221012_030000.WAV,Telephone Field,recover-20221013,001,1795
1680.5635,1680.574,22031,26888,Nyctalus leisleri,0.01,0.022,-1,Echolocation,/mnt/ubna_data_02_mir/recover-20221013/UBNA_001/20221012_030000.WAV,Telephone Field,recover-20221013,001,1795
1680.5675,1680.6069,68437,81666,Rhinolophus ferrumequinum,0.021,0.021,-1,Echolocation,/mnt/ubna_data_02_mir/recover-20221013/UBNA_001/20221012_030000.WAV,Telephone Field,recover-20221013,001,1795
1680.5815,1680.6211,68437,82307,Rhinolophus ferrumequinum,0.024,0.024,-1,Echolocation,/mnt/ubna_data_02_mir/recover-20221013/UBNA_001/20221012_030000.WAV,Telephone Field,recover-20221013,001,1795
1680.6115,1680.6313,20312,23384,Nyctalus leisleri,0.017,0.031,-1,Echolocation,/mnt/ubna_data_02_mir/recover-20221013/UBNA_001/20221012_030000.WAV,Telephone Field,recover-20221013,001,1795
1680.6135,1680.6551,68437,82654,Rhinolophus ferrumequinum,0.028,0.028,-1,Echolocation,/mnt/ubna_data_02_mir/recover-20221013/UBNA_001/20221012_030000.WAV,Telephone Field,recover-20221013,001,1795
1680.6325,1680.6739,68437,82885,Rhinolophus ferrumequinum,0.021,0.021,-1,Echolocation,/mnt/ubna_data_02_mir/recover-20221013/UBNA_001/20221012_030000.WAV,Telephone Field,recover-20221013,001,1795
1680.6355,1680.6429,28046,38426,Eptesicus serotinus,0.007,0.022,-1,Echolocation,/mnt/ubna_data_02_mir/recover-20221013/UBNA_001/20221012_030000.WAV,Telephone Field,recover-20221013,001,1795
1680.6615,1680.6716,28046,36361,Eptesicus serotinus,0.01,0.022,-1,Echolocation,/mnt/ubna_data_02_mir/recover-20221013/UBNA_001/20221012_030000.WAV,Telephone Field,recover-20221013,001,1795
1680.6625,1680.7001,68437,81530,Rhinolophus ferrumequinum,0.021,0.021,-1,Echolocation,/mnt/ubna_data_02_mir/recover-20221013/UBNA_001/20221012_030000.WAV,Telephone Field,recover-20221013,001,1795
1680.6885,1680.697,28046,39238,Eptesicus serotinus,0.01,0.027,-1,Echolocation,/mnt/ubna_data_02_mir/recover-20221013/UBNA_001/20221012_030000.WAV,Telephone Field,recover-20221013,001,1795
1680.7195,1680.7578,68437,82331,Rhinolophus ferrumequinum,0.025,0.025,-1,Echolocation,/mnt/ubna_data_02_mir/recover-20221013/UBNA_001/20221012_030000.WAV,Telephone Field,recover-20221013,001,1795
1680.7295,1680.7652,68437,82521,Rhinolophus ferrumequinum,0.021,0.021,-1,Echolocation,/mnt/ubna_data_02_mir/recover-20221013/UBNA_001/20221012_030000.WAV,Telephone Field,recover-20221013,001,1795
1680.7935,1680.8031,22031,27587,Nyctalus leisleri,0.008,0.021,-1,Echolocation,/mnt/ubna_data_02_mir/recover-20221013/UBNA_001/20221012_030000.WAV,Telephone Field,recover-20221013,001,1795
1680.7945,1680.8337,68437,82554,Rhinolophus ferrumequinum,0.021,0.021,-1,Echolocation,/mnt/ubna_data_02_mir/recover-20221013/UBNA_001/20221012_030000.WAV,Telephone Field,recover-20221013,001,1795
1680.8225,1680.8311,25468,34765,Eptesicus serotinus,0.008,0.023,-1,Echolocation,/mnt/ubna_data_02_mir/recover-20221013/UBNA_001/20221012_030000.WAV,Telephone Field,recover-20221013,001,1795
1680.8355,1680.8706,68437,81426,Rhinolophus ferrumequinum,0.023,0.023,-1,Echolocation,/mnt/ubna_data_02_mir/recover-20221013/UBNA_001/20221012_030000.WAV,Telephone Field,recover-20221013,001,1795
1680.8385,1680.8472,28046,36008,Eptesicus serotinus,0.008,0.024,-1,Echolocation,/mnt/ubna_data_02_mir/recover-20221013/UBNA_001/20221012_030000.WAV,Telephone Field,recover-20221013,001,1795
1680.8535,1680.8915,68437,82197,Rhinolophus ferrumequinum,0.021,0.022,-1,Echolocation,/mnt/ubna_data_02_mir/recover-20221013/UBNA_001/20221012_030000.WAV,Telephone Field,recover-20221013,001,1795
1680.9065,1680.9148,22890,30379,Plecotus austriacus,0.008,0.02,-1,Echolocation,/mnt/ubna_data_02_mir/recover-20221013/UBNA_001/20221012_030000.WAV,Telephone Field,recover-20221013,001,1795
1680.9075,1680.9496,68437,82765,Rhinolophus ferrumequinum,0.026,0.026,-1,Echolocation,/mnt/ubna_data_02_mir/recover-20221013/UBNA_001/20221012_030000.WAV,Telephone Field,recover-20221013,001,1795
1680.9255,1680.9334,22890,30152,Plecotus austriacus,0.01,0.021,-1,Echolocation,/mnt/ubna_data_02_mir/recover-20221013/UBNA_001/20221012_030000.WAV,Telephone Field,recover-20221013,001,1795
1680.9405,1680.9838,68437,82563,Rhinolophus ferrumequinum,0.024,0.024,-1,Echolocation,/mnt/ubna_data_02_mir/recover-20221013/UBNA_001/20221012_030000.WAV,Telephone Field,recover-20221013,001,1795
1680.9655,1681.007,68437,82932,Rhinolophus ferrumequinum,0.031,0.031,-1,Echolocation,/mnt/ubna_data_02_mir/recover-20221013/UBNA_001/20221012_030000.WAV,Telephone Field,recover-20221013,001,1795
1680.9745,1680.9822,27187,40514,Eptesicus serotinus,0.007,0.022,-1,Echolocation,/mnt/ubna_data_02_mir/recover-20221013/UBNA_001/20221012_030000.WAV,Telephone Field,recover-20221013,001,1795
1680.9755,1680.9834,31484,46018,Myotis daubentonii,0.008,0.021,-1,Echolocation,/mnt/ubna_data_02_mir/recover-20221013/UBNA_001/20221012_030000.WAV,Telephone Field,recover-20221013,001,1795
1680.9935,1681.0018,27187,38034,Eptesicus serotinus,0.008,0.023,-1,Echolocation,/mnt/ubna_data_02_mir/recover-20221013/UBNA_001/20221012_030000.WAV,Telephone Field,recover-20221013,001,1795
1681.0215,1681.0305,27187,36060,Eptesicus serotinus,0.009,0.023,-1,Echolocation,/mnt/ubna_data_02_mir/recover-20221013/UBNA_001/20221012_030000.WAV,Telephone Field,recover-20221013,001,1795
1681.0535,1681.0915,68437,82070,Rhinolophus ferrumequinum,0.021,0.021,-1,Echolocation,/mnt/ubna_data_02_mir/recover-20221013/UBNA_001/20221012_030000.WAV,Telephone Field,recover-20221013,001,1795
1681.0795,1681.1169,68437,81478,Rhinolophus ferrumequinum,0.021,0.021,-1,Echolocation,/mnt/ubna_data_02_mir/recover-20221013/UBNA_001/20221012_030000.WAV,Telephone Field,recover-20221013,001,1795
1681.1085,1681.1174,42656,49287,Pipistrellus pipistrellus,0.017,0.023,-1,Echolocation,/mnt/ubna_data_02_mir/recover-20221013/UBNA_001/20221012_030000.WAV,Telephone Field,recover-20221013,001,1795
1681.1105,1681.1486,68437,82243,Rhinolophus ferrumequinum,0.022,0.022,-1,Echolocation,/mnt/ubna_data_02_mir/recover-20221013/UBNA_001/20221012_030000.WAV,Telephone Field,recover-20221013,001,1795
1681.2215,1681.2607,68437,82482,Rhinolophus ferrumequinum,0.024,0.024,-1,Echolocation,/mnt/ubna_data_02_mir/recover-20221013/UBNA_001/20221012_030000.WAV,Telephone Field,recover-20221013,001,1795
1681.2455,1681.2829,68437,81823,Rhinolophus ferrumequinum,0.021,0.021,-1,Echolocation,/mnt/ubna_data_02_mir/recover-20221013/UBNA_001/20221012_030000.WAV,Telephone Field,recover-20221013,001,1795
1681.2785,1681.2855,28046,37066,Eptesicus serotinus,0.005,0.021,-1,Echolocation,/mnt/ubna_data_02_mir/recover-20221013/UBNA_001/20221012_030000.WAV,Telephone Field,recover-20221013,001,1795
1681.3585,1681.3967,68437,82209,Rhinolophus ferrumequinum,0.022,0.022,-1,Echolocation,/mnt/ubna_data_02_mir/recover-20221013/UBNA_001/20221012_030000.WAV,Telephone Field,recover-20221013,001,1795
1681.3595,1681.3678,33203,43669,Myotis daubentonii,0.008,0.024,-1,Echolocation,/mnt/ubna_data_02_mir/recover-20221013/UBNA_001/20221012_030000.WAV,Telephone Field,recover-20221013,001,1795
1681.3705,1681.4085,68437,81885,Rhinolophus ferrumequinum,0.022,0.022,-1,Echolocation,/mnt/ubna_data_02_mir/recover-20221013/UBNA_001/20221012_030000.WAV,Telephone Field,recover-20221013,001,1795
1681.3765,1681.384,27187,36990,Eptesicus serotinus,0.006,0.022,-1,Echolocation,/mnt/ubna_data_02_mir/recover-20221013/UBNA_001/20221012_030000.WAV,Telephone Field,recover-20221013,001,1795
1681.3885,1681.3967,45234,53985,Pipistrellus pipistrellus,0.014,0.027,-1,Echolocation,/mnt/ubna_data_02_mir/recover-20221013/UBNA_001/20221012_030000.WAV,Telephone Field,recover-20221013,001,1795
1681.4025,1681.4102,23750,32511,Plecotus austriacus,0.009,0.025,-1,Echolocation,/mnt/ubna_data_02_mir/recover-20221013/UBNA_001/20221012_030000.WAV,Telephone Field,recover-20221013,001,1795
1681.5195,1681.5276,28046,43408,Eptesicus serotinus,0.007,0.021,-1,Echolocation,/mnt/ubna_data_02_mir/recover-20221013/UBNA_001/20221012_030000.WAV,Telephone Field,recover-20221013,001,1795
1681.5235,1681.5606,68437,81836,Rhinolophus ferrumequinum,0.021,0.021,-1,Echolocation,/mnt/ubna_data_02_mir/recover-20221013/UBNA_001/20221012_030000.WAV,Telephone Field,recover-20221013,001,1795
1681.5745,1681.6155,68437,82421,Rhinolophus ferrumequinum,0.023,0.023,-1,Echolocation,/mnt/ubna_data_02_mir/recover-20221013/UBNA_001/20221012_030000.WAV,Telephone Field,recover-20221013,001,1795
1681.5755,1681.5844,28046,38052,Eptesicus serotinus,0.009,0.023,-1,Echolocation,/mnt/ubna_data_02_mir/recover-20221013/UBNA_001/20221012_030000.WAV,Telephone Field,recover-20221013,001,1795
1681.6565,1681.6636,28046,38108,Eptesicus serotinus,0.009,0.027,-1,Echolocation,/mnt/ubna_data_02_mir/recover-20221013/UBNA_001/20221012_030000.WAV,Telephone Field,recover-20221013,001,1795
1681.6795,1681.722,68437,82782,Rhinolophus ferrumequinum,0.027,0.027,-1,Echolocation,/mnt/ubna_data_02_mir/recover-20221013/UBNA_001/20221012_030000.WAV,Telephone Field,recover-20221013,001,1795
1681.6985,1681.7059,30625,41426,Myotis daubentonii,0.011,0.026,-1,Echolocation,/mnt/ubna_data_02_mir/recover-20221013/UBNA_001/20221012_030000.WAV,Telephone Field,recover-20221013,001,1795
1681.7005,1681.7427,68437,82817,Rhinolophus ferrumequinum,0.023,0.023,-1,Echolocation,/mnt/ubna_data_02_mir/recover-20221013/UBNA_001/20221012_030000.WAV,Telephone Field,recover-20221013,001,1795
1681.7175,1681.7575,68437,82379,Rhinolophus ferrumequinum,0.02,0.02,-1,Echolocation,/mnt/ubna_data_02_mir/recover-20221013/UBNA_001/20221012_030000.WAV,Telephone Field,recover-20221013,001,1795
1681.8015,1681.8101,28046,38514,Eptesicus serotinus,0.007,0.02,-1,Echolocation,/mnt/ubna_data_02_mir/recover-20221013/UBNA_001/20221012_030000.WAV,Telephone Field,recover-20221013,001,1795
1681.8035,1681.844,68437,82313,Rhinolophus ferrumequinum,0.025,0.025,-1,Echolocation,/mnt/ubna_data_02_mir/recover-20221013/UBNA_001/20221012_030000.WAV,Telephone Field,recover-20221013,001,1795
1681.8175,1681.8539,68437,81635,Rhinolophus ferrumequinum,0.02,0.021,-1,Echolocation,/mnt/ubna_data_02_mir/recover-20221013/UBNA_001/20221012_030000.WAV,Telephone Field,recover-20221013,001,1795
1681.8555,1681.8885,68437,81373,Rhinolophus ferrumequinum,0.021,0.021,-1,Echolocation,/mnt/ubna_data_02_mir/recover-20221013/UBNA_001/20221012_030000.WAV,Telephone Field,recover-20221013,001,1795
1681.9455,1681.9871,68437,83003,Rhinolophus ferrumequinum,0.032,0.032,-1,Echolocation,/mnt/ubna_data_02_mir/recover-20221013/UBNA_001/20221012_030000.WAV,Telephone Field,recover-20221013,001,1795
1681.9525,1681.9623,22890,29141,Nyctalus leisleri,0.008,0.022,-1,Echolocation,/mnt/ubna_data_02_mir/recover-20221013/UBNA_001/20221012_030000.WAV,Telephone Field,recover-20221013,001,1795
1681.9755,1681.9837,28046,38761,Eptesicus serotinus,0.008,0.023,-1,Echolocation,/mnt/ubna_data_02_mir/recover-20221013/UBNA_001/20221012_030000.WAV,Telephone Field,recover-20221013,001,1795
1682.0015,1682.0302,69296,80866,Rhinolophus ferrumequinum,0.03,0.03,-1,Echolocation,/mnt/ubna_data_02_mir/recover-20221013/UBNA_001/20221012_030000.WAV,Telephone Field,recover-20221013,001,1795
1682.0015,1682.0102,23750,30242,Nyctalus leisleri,0.014,0.038,-1,Echolocation,/mnt/ubna_data_02_mir/recover-20221013/UBNA_001/20221012_030000.WAV,Telephone Field,recover-20221013,001,1795
1682.0235,1682.0636,68437,82111,Rhinolophus ferrumequinum,0.021,0.021,-1,Echolocation,/mnt/ubna_data_02_mir/recover-20221013/UBNA_001/20221012_030000.WAV,Telephone Field,recover-20221013,001,1795
1682.0305,1682.037,24609,33976,Plecotus austriacus,0.011,0.025,-1,Echolocation,/mnt/ubna_data_02_mir/recover-20221013/UBNA_001/20221012_030000.WAV,Telephone Field,recover-20221013,001,1795
1682.0465,1682.061,15156,20565,Nyctalus noctula,0.021,0.03,-1,Echolocation,/mnt/ubna_data_02_mir/recover-20221013/UBNA_001/20221012_030000.WAV,Telephone Field,recover-20221013,001,1795
1682.0655,1682.0763,23750,29541,Nyctalus leisleri,0.008,0.021,-1,Echolocation,/mnt/ubna_data_02_mir/recover-20221013/UBNA_001/20221012_030000.WAV,Telephone Field,recover-20221013,001,1795
1682.0795,1682.1164,68437,81815,Rhinolophus ferrumequinum,0.023,0.023,-1,Echolocation,/mnt/ubna_data_02_mir/recover-20221013/UBNA_001/20221012_030000.WAV,Telephone Field,recover-20221013,001,1795
1682.1275,1682.1705,68437,83458,Rhinolophus ferrumequinum,0.035,0.035,-1,Echolocation,/mnt/ubna_data_02_mir/recover-20221013/UBNA_001/20221012_030000.WAV,Telephone Field,recover-20221013,001,1795
1682.1325,1682.1415,26328,34888,Eptesicus serotinus,0.008,0.023,-1,Echolocation,/mnt/ubna_data_02_mir/recover-20221013/UBNA_001/20221012_030000.WAV,Telephone Field,recover-20221013,001,1795
1682.1395,1682.1465,46093,49650,Pipistrellus pipistrellus,0.019,0.02,-1,Echolocation,/mnt/ubna_data_02_mir/recover-20221013/UBNA_001/20221012_030000.WAV,Telephone Field,recover-20221013,001,1795
1682.1425,1682.1507,28046,38430,Eptesicus serotinus,0.008,0.025,-1,Echolocation,/mnt/ubna_data_02_mir/recover-20221013/UBNA_001/20221012_030000.WAV,Telephone Field,recover-20221013,001,1795
1682.1665,1682.1744,48671,53738,Pipistrellus pipistrellus,0.018,0.02,-1,Echolocation,/mnt/ubna_data_02_mir/recover-20221013/UBNA_001/20221012_030000.WAV,Telephone Field,recover-20221013,001,1795
1682.1765,1682.1877,23750,29276,Nyctalus leisleri,0.01,0.021,-1,Echolocation,/mnt/ubna_data_02_mir/recover-20221013/UBNA_001/20221012_030000.WAV,Telephone Field,recover-20221013,001,1795
1682.1845,1682.2217,68437,81879,Rhinolophus ferrumequinum,0.022,0.022,-1,Echolocation,/mnt/ubna_data_02_mir/recover-20221013/UBNA_001/20221012_030000.WAV,Telephone Field,recover-20221013,001,1795
1682.1875,1682.1946,28046,38497,Eptesicus serotinus,0.006,0.024,-1,Echolocation,/mnt/ubna_data_02_mir/recover-20221013/UBNA_001/20221012_030000.WAV,Telephone Field,recover-20221013,001,1795
1682.2075,1682.2171,27187,34964,Eptesicus serotinus,0.009,0.02,-1,Echolocation,/mnt/ubna_data_02_mir/recover-20221013/UBNA_001/20221012_030000.WAV,Telephone Field,recover-20221013,001,1795
1682.2435,1682.279,68437,81624,Rhinolophus ferrumequinum,0.02,0.02,-1,Echolocation,/mnt/ubna_data_02_mir/recover-20221013/UBNA_001/20221012_030000.WAV,Telephone Field,recover-20221013,001,1795
1682.2705,1682.3065,68437,81264,Rhinolophus ferrumequinum,0.021,0.021,-1,Echolocation,/mnt/ubna_data_02_mir/recover-20221013/UBNA_001/20221012_030000.WAV,Telephone Field,recover-20221013,001,1795
1682.3095,1682.3467,68437,82083,Rhinolophus ferrumequinum,0.025,0.025,-1,Echolocation,/mnt/ubna_data_02_mir/recover-20221013/UBNA_001/20221012_030000.WAV,Telephone Field,recover-20221013,001,1795
1682.3695,1682.412,68437,82858,Rhinolophus ferrumequinum,0.021,0.021,-1,Echolocation,/mnt/ubna_data_02_mir/recover-20221013/UBNA_001/20221012_030000.WAV,Telephone Field,recover-20221013,001,1795
1682.3705,1682.3803,24609,32448,Nyctalus leisleri,0.012,0.035,-1,Echolocation,/mnt/ubna_data_02_mir/recover-20221013/UBNA_001/20221012_030000.WAV,Telephone Field,recover-20221013,001,1795
1682.3945,1682.4029,27187,39072,Eptesicus serotinus,0.007,0.021,-1,Echolocation,/mnt/ubna_data_02_mir/recover-20221013/UBNA_001/20221012_030000.WAV,Telephone Field,recover-20221013,001,1795
1682.4175,1682.4554,68437,81820,Rhinolophus ferrumequinum,0.036,0.036,-1,Echolocation,/mnt/ubna_data_02_mir/recover-20221013/UBNA_001/20221012_030000.WAV,Telephone Field,recover-20221013,001,1795
1682.4255,1682.458,68437,81257,Rhinolophus ferrumequinum,0.021,0.021,-1,Echolocation,/mnt/ubna_data_02_mir/recover-20221013/UBNA_001/20221012_030000.WAV,Telephone Field,recover-20221013,001,1795
1682.4455,1682.4841,68437,82382,Rhinolophus ferrumequinum,0.022,0.022,-1,Echolocation,/mnt/ubna_data_02_mir/recover-20221013/UBNA_001/20221012_030000.WAV,Telephone Field,recover-20221013,001,1795
1682.4485,1682.4566,28046,37300,Eptesicus serotinus,0.007,0.021,-1,Echolocation,/mnt/ubna_data_02_mir/recover-20221013/UBNA_001/20221012_030000.WAV,Telephone Field,recover-20221013,001,1795
1682.5015,1682.541,68437,82135,Rhinolophus ferrumequinum,0.023,0.023,-1,Echolocation,/mnt/ubna_data_02_mir/recover-20221013/UBNA_001/20221012_030000.WAV,Telephone Field,recover-20221013,001,1795
1682.5165,1682.5553,68437,82090,Rhinolophus ferrumequinum,0.021,0.021,-1,Echolocation,/mnt/ubna_data_02_mir/recover-20221013/UBNA_001/20221012_030000.WAV,Telephone Field,recover-20221013,001,1795
1682.5615,1682.5663,51250,59844,Pipistrellus pipistrellus,0.014,0.021,-1,Echolocation,/mnt/ubna_data_02_mir/recover-20221013/UBNA_001/20221012_030000.WAV,Telephone Field,recover-20221013,001,1795
1682.5855,1682.5927,27187,36466,Eptesicus serotinus,0.007,0.023,-1,Echolocation,/mnt/ubna_data_02_mir/recover-20221013/UBNA_001/20221012_030000.WAV,Telephone Field,recover-20221013,001,1795
1682.6045,1682.6438,68437,82251,Rhinolophus ferrumequinum,0.025,0.025,-1,Echolocation,/mnt/ubna_data_02_mir/recover-20221013/UBNA_001/20221012_030000.WAV,Telephone Field,recover-20221013,001,1795
1682.6255,1682.6357,22890,27625,Nyctalus leisleri,0.01,0.021,-1,Echolocation,/mnt/ubna_data_02_mir/recover-20221013/UBNA_001/20221012_030000.WAV,Telephone Field,recover-20221013,001,1795
1682.6395,1682.6789,68437,82299,Rhinolophus ferrumequinum,0.023,0.023,-1,Echolocation,/mnt/ubna_data_02_mir/recover-20221013/UBNA_001/20221012_030000.WAV,Telephone Field,recover-20221013,001,1795
1682.6725,1682.6805,28046,40052,Eptesicus serotinus,0.007,0.02,-1,Echolocation,/mnt/ubna_data_02_mir/recover-20221013/UBNA_001/20221012_030000.WAV,Telephone Field,recover-20221013,001,1795
1682.7135,1682.7536,68437,82180,Rhinolophus ferrumequinum,0.022,0.022,-1,Echolocation,/mnt/ubna_data_02_mir/recover-20221013/UBNA_001/20221012_030000.WAV,Telephone Field,recover-20221013,001,1795
1682.7305,1682.7718,68437,82458,Rhinolophus ferrumequinum,0.023,0.024,-1,Echolocation,/mnt/ubna_data_02_mir/recover-20221013/UBNA_001/20221012_030000.WAV,Telephone Field,recover-20221013,001,1795
1682.7465,1682.7806,68437,80574,Rhinolophus ferrumequinum,0.02,0.02,-1,Echolocation,/mnt/ubna_data_02_mir/recover-20221013/UBNA_001/20221012_030000.WAV,Telephone Field,recover-20221013,001,1795
1682.7625,1682.8029,68437,82362,Rhinolophus ferrumequinum,0.027,0.027,-1,Echolocation,/mnt/ubna_data_02_mir/recover-20221013/UBNA_001/20221012_030000.WAV,Telephone Field,recover-20221013,001,1795
1682.7645,1682.7763,23750,28650,Nyctalus leisleri,0.015,0.032,-1,Echolocation,/mnt/ubna_data_02_mir/recover-20221013/UBNA_001/20221012_030000.WAV,Telephone Field,recover-20221013,001,1795
1682.7865,1682.828,68437,82909,Rhinolophus ferrumequinum,0.024,0.024,-1,Echolocation,/mnt/ubna_data_02_mir/recover-20221013/UBNA_001/20221012_030000.WAV,Telephone Field,recover-20221013,001,1795
1682.7895,1682.8099,16875,21639,Nyctalus noctula,0.015,0.021,-1,Echolocation,/mnt/ubna_data_02_mir/recover-20221013/UBNA_001/20221012_030000.WAV,Telephone Field,recover-20221013,001,1795
1682.8105,1682.853,68437,82907,Rhinolophus ferrumequinum,0.022,0.022,-1,Echolocation,/mnt/ubna_data_02_mir/recover-20221013/UBNA_001/20221012_030000.WAV,Telephone Field,recover-20221013,001,1795
1682.8495,1682.8874,68437,82140,Rhinolophus ferrumequinum,0.021,0.021,-1,Echolocation,/mnt/ubna_data_02_mir/recover-20221013/UBNA_001/20221012_030000.WAV,Telephone Field,recover-20221013,001,1795
1682.8865,1682.9269,68437,82181,Rhinolophus ferrumequinum,0.021,0.021,-1,Echolocation,/mnt/ubna_data_02_mir/recover-20221013/UBNA_001/20221012_030000.WAV,Telephone Field,recover-20221013,001,1795
1682.9055,1682.9462,68437,82520,Rhinolophus ferrumequinum,0.022,0.022,-1,Echolocation,/mnt/ubna_data_02_mir/recover-20221013/UBNA_001/20221012_030000.WAV,Telephone Field,recover-20221013,001,1795
1682.9145,1682.9562,68437,82598,Rhinolophus ferrumequinum,0.027,0.027,-1,Echolocation,/mnt/ubna_data_02_mir/recover-20221013/UBNA_001/20221012_030000.WAV,Telephone Field,recover-20221013,001,1795
1682.9535,1682.9678,43515,46885,Pipistrellus pipistrellus,0.059,0.067,-1,Echolocation,/mnt/ubna_data_02_mir/recover-20221013/UBNA_001/20221012_030000.WAV,Telephone Field,recover-20221013,001,1795
1682.9535,1682.9929,68437,82587,Rhinolophus ferrumequinum,0.027,0.027,-1,Echolocation,/mnt/ubna_data_02_mir/recover-20221013/UBNA_001/20221012_030000.WAV,Telephone Field,recover-20221013,001,1795
1682.9605,1682.9696,28046,36810,Eptesicus serotinus,0.007,0.021,-1,Echolocation,/mnt/ubna_data_02_mir/recover-20221013/UBNA_001/20221012_030000.WAV,Telephone Field,recover-20221013,001,1795
1683.0095,1683.0507,68437,82589,Rhinolophus ferrumequinum,0.027,0.027,-1,Echolocation,/mnt/ubna_data_02_mir/recover-20221013/UBNA_001/20221012_030000.WAV,Telephone Field,recover-20221013,001,1795
1683.0135,1683.0272,36640,40400,Pipistrellus nathusii,0.02,0.033,-1,Echolocation,/mnt/ubna_data_02_mir/recover-20221013/UBNA_001/20221012_030000.WAV,Telephone Field,recover-20221013,001,1795
1683.0175,1683.055,68437,81709,Rhinolophus ferrumequinum,0.022,0.022,-1,Echolocation,/mnt/ubna_data_02_mir/recover-20221013/UBNA_001/20221012_030000.WAV,Telephone Field,recover-20221013,001,1795
1683.0485,1683.0915,68437,83133,Rhinolophus ferrumequinum,0.035,0.035,-1,Echolocation,/mnt/ubna_data_02_mir/recover-20221013/UBNA_001/20221012_030000.WAV,Telephone Field,recover-20221013,001,1795
1683.0545,1683.0636,27187,36772,Eptesicus serotinus,0.007,0.021,-1,Echolocation,/mnt/ubna_data_02_mir/recover-20221013/UBNA_001/20221012_030000.WAV,Telephone Field,recover-20221013,001,1795
1683.0785,1683.0918,51250,56153,Pipistrellus pipistrellus,0.04,0.051,-1,Echolocation,/mnt/ubna_data_02_mir/recover-20221013/UBNA_001/20221012_030000.WAV,Telephone Field,recover-20221013,001,1795
1683.1045,1683.1441,68437,81865,Rhinolophus ferrumequinum,0.027,0.027,-1,Echolocation,/mnt/ubna_data_02_mir/recover-20221013/UBNA_001/20221012_030000.WAV,Telephone Field,recover-20221013,001,1795
1683.1115,1683.1215,28046,35757,Eptesicus serotinus,0.008,0.02,-1,Echolocation,/mnt/ubna_data_02_mir/recover-20221013/UBNA_001/20221012_030000.WAV,Telephone Field,recover-20221013,001,1795
1683.1255,1683.1339,42656,53074,Pipistrellus nathusii,0.006,0.021,-1,Echolocation,/mnt/ubna_data_02_mir/recover-20221013/UBNA_001/20221012_030000.WAV,Telephone Field,recover-20221013,001,1795
1683.1285,1683.1356,28046,40737,Eptesicus serotinus,0.005,0.021,-1,Echolocation,/mnt/ubna_data_02_mir/recover-20221013/UBNA_001/20221012_030000.WAV,Telephone Field,recover-20221013,001,1795
1683.1335,1683.1725,68437,81666,Rhinolophus ferrumequinum,0.023,0.024,-1,Echolocation,/mnt/ubna_data_02_mir/recover-20221013/UBNA_001/20221012_030000.WAV,Telephone Field,recover-20221013,001,1795
1683.1665,1683.2084,68437,82968,Rhinolophus ferrumequinum,0.025,0.025,-1,Echolocation,/mnt/ubna_data_02_mir/recover-20221013/UBNA_001/20221012_030000.WAV,Telephone Field,recover-20221013,001,1795
1683.1855,1683.2221,68437,81852,Rhinolophus ferrumequinum,0.02,0.02,-1,Echolocation,/mnt/ubna_data_02_mir/recover-20221013/UBNA_001/20221012_030000.WAV,Telephone Field,recover-20221013,001,1795
1683.2245,1683.2653,68437,83369,Rhinolophus ferrumequinum,0.024,0.024,-1,Echolocation,/mnt/ubna_data_02_mir/recover-20221013/UBNA_001/20221012_030000.WAV,Telephone Field,recover-20221013,001,1795
1683.2425,1683.2533,23750,29675,Nyctalus leisleri,0.013,0.033,-1,Echolocation,/mnt/ubna_data_02_mir/recover-20221013/UBNA_001/20221012_030000.WAV,Telephone Field,recover-20221013,001,1795
1683.2495,1683.2847,68437,81340,Rhinolophus ferrumequinum,0.022,0.022,-1,Echolocation,/mnt/ubna_data_02_mir/recover-20221013/UBNA_001/20221012_030000.WAV,Telephone Field,recover-20221013,001,1795
1683.2695,1683.3083,68437,82118,Rhinolophus ferrumequinum,0.021,0.021,-1,Echolocation,/mnt/ubna_data_02_mir/recover-20221013/UBNA_001/20221012_030000.WAV,Telephone Field,recover-20221013,001,1795
1683.3075,1683.3476,68437,82270,Rhinolophus ferrumequinum,0.03,0.03,-1,Echolocation,/mnt/ubna_data_02_mir/recover-20221013/UBNA_001/20221012_030000.WAV,Telephone Field,recover-20221013,001,1795
1683.3565,1683.3953,68437,82609,Rhinolophus ferrumequinum,0.032,0.032,-1,Echolocation,/mnt/ubna_data_02_mir/recover-20221013/UBNA_001/20221012_030000.WAV,Telephone Field,recover-20221013,001,1795
1683.3715,1683.4113,68437,83212,Rhinolophus ferrumequinum,0.032,0.032,-1,Echolocation,/mnt/ubna_data_02_mir/recover-20221013/UBNA_001/20221012_030000.WAV,Telephone Field,recover-20221013,001,1795
1683.3985,1683.4382,68437,82426,Rhinolophus ferrumequinum,0.027,0.027,-1,Echolocation,/mnt/ubna_data_02_mir/recover-20221013/UBNA_001/20221012_030000.WAV,Telephone Field,recover-20221013,001,1795
1683.4135,1683.4498,68437,81680,Rhinolophus ferrumequinum,0.023,0.023,-1,Echolocation,/mnt/ubna_data_02_mir/recover-20221013/UBNA_001/20221012_030000.WAV,Telephone Field,recover-20221013,001,1795
1683.4615,1683.4934,68437,80224,Rhinolophus ferrumequinum,0.02,0.02,-1,Echolocation,/mnt/ubna_data_02_mir/recover-20221013/UBNA_001/20221012_030000.WAV,Telephone Field,recover-20221013,001,1795
1683.4745,1683.4828,28046,38708,Eptesicus serotinus,0.007,0.022,-1,Echolocation,/mnt/ubna_data_02_mir/recover-20221013/UBNA_001/20221012_030000.WAV,Telephone Field,recover-20221013,001,1795
1683.4875,1683.5251,68437,81487,Rhinolophus ferrumequinum,0.02,0.02,-1,Echolocation,/mnt/ubna_data_02_mir/recover-20221013/UBNA_001/20221012_030000.WAV,Telephone Field,recover-20221013,001,1795
1683.5045,1683.5358,68437,80205,Rhinolophus ferrumequinum,0.02,0.02,-1,Echolocation,/mnt/ubna_data_02_mir/recover-20221013/UBNA_001/20221012_030000.WAV,Telephone Field,recover-20221013,001,1795
1683.5495,1683.557,44375,49214,Pipistrellus pipistrellus,0.027,0.03,-1,Echolocation,/mnt/ubna_data_02_mir/recover-20221013/UBNA_001/20221012_030000.WAV,Telephone Field,recover-20221013,001,1795
1683.5585,1683.5706,28906,35210,Eptesicus serotinus,0.014,0.028,-1,Echolocation,/mnt/ubna_data_02_mir/recover-20221013/UBNA_001/20221012_030000.WAV,Telephone Field,recover-20221013,001,1795
1683.5625,1683.6017,68437,82088,Rhinolophus ferrumequinum,0.023,0.023,-1,Echolocation,/mnt/ubna_data_02_mir/recover-20221013/UBNA_001/20221012_030000.WAV,Telephone Field,recover-20221013,001,1795
1683.5725,1683.6128,68437,82770,Rhinolophus ferrumequinum,0.021,0.021,-1,Echolocation,/mnt/ubna_data_02_mir/recover-20221013/UBNA_001/20221012_030000.WAV,Telephone Field,recover-20221013,001,1795
1683.5795,1683.621,68437,82472,Rhinolophus ferrumequinum,0.023,0.023,-1,Echolocation,/mnt/ubna_data_02_mir/recover-20221013/UBNA_001/20221012_030000.WAV,Telephone Field,recover-20221013,001,1795
1683.6035,1683.6426,68437,82840,Rhinolophus ferrumequinum,0.026,0.026,-1,Echolocation,/mnt/ubna_data_02_mir/recover-20221013/UBNA_001/20221012_030000.WAV,Telephone Field,recover-20221013,001,1795
1683.6235,1683.6306,28046,39505,Eptesicus serotinus,0.007,0.023,-1,Echolocation,/mnt/ubna_data_02_mir/recover-20221013/UBNA_001/20221012_030000.WAV,Telephone Field,recover-20221013,001,1795
1683.6635,1683.7012,68437,82025,Rhinolophus ferrumequinum,0.023,0.023,-1,Echolocation,/mnt/ubna_data_02_mir/recover-20221013/UBNA_001/20221012_030000.WAV,Telephone Field,recover-20221013,001,1795
1683.6785,1683.7182,68437,81956,Rhinolophus ferrumequinum,0.021,0.021,-1,Echolocation,/mnt/ubna_data_02_mir/recover-20221013/UBNA_001/20221012_030000.WAV,Telephone Field,recover-20221013,001,1795
1683.6995,1683.74,68437,82232,Rhinolophus ferrumequinum,0.025,0.025,-1,Echolocation,/mnt/ubna_data_02_mir/recover-20221013/UBNA_001/20221012_030000.WAV,Telephone Field,recover-20221013,001,1795
1683.7205,1683.756,68437,81548,Rhinolophus ferrumequinum,0.021,0.021,-1,Echolocation,/mnt/ubna_data_02_mir/recover-20221013/UBNA_001/20221012_030000.WAV,Telephone Field,recover-20221013,001,1795
1683.7415,1683.7787,68437,82267,Rhinolophus ferrumequinum,0.023,0.023,-1,Echolocation,/mnt/ubna_data_02_mir/recover-20221013/UBNA_001/20221012_030000.WAV,Telephone Field,recover-20221013,001,1795
1683.7605,1683.7998,68437,81864,Rhinolophus ferrumequinum,0.022,0.022,-1,Echolocation,/mnt/ubna_data_02_mir/recover-20221013/UBNA_001/20221012_030000.WAV,Telephone Field,recover-20221013,001,1795
1683.7625,1683.771,26328,40666,Eptesicus serotinus,0.008,0.024,-1,Echolocation,/mnt/ubna_data_02_mir/recover-20221013/UBNA_001/20221012_030000.WAV,Telephone Field,recover-20221013,001,1795
1683.7745,1683.8151,68437,82258,Rhinolophus ferrumequinum,0.021,0.021,-1,Echolocation,/mnt/ubna_data_02_mir/recover-20221013/UBNA_001/20221012_030000.WAV,Telephone Field,recover-20221013,001,1795
1683.7755,1683.7858,27187,35284,Eptesicus serotinus,0.009,0.021,-1,Echolocation,/mnt/ubna_data_02_mir/recover-20221013/UBNA_001/20221012_030000.WAV,Telephone Field,recover-20221013,001,1795
1683.7825,1683.7935,26328,32986,Eptesicus serotinus,0.011,0.024,-1,Echolocation,/mnt/ubna_data_02_mir/recover-20221013/UBNA_001/20221012_030000.WAV,Telephone Field,recover-20221013,001,1795
1683.7935,1683.8291,68437,81046,Rhinolophus ferrumequinum,0.02,0.021,-1,Echolocation,/mnt/ubna_data_02_mir/recover-20221013/UBNA_001/20221012_030000.WAV,Telephone Field,recover-20221013,001,1795
1683.7955,1683.8035,25468,33480,Nyctalus leisleri,0.006,0.023,-1,Echolocation,/mnt/ubna_data_02_mir/recover-20221013/UBNA_001/20221012_030000.WAV,Telephone Field,recover-20221013,001,1795
1683.8025,1683.8411,68437,81969,Rhinolophus ferrumequinum,0.021,0.021,-1,Echolocation,/mnt/ubna_data_02_mir/recover-20221013/UBNA_001/20221012_030000.WAV,Telephone Field,recover-20221013,001,1795
1683.8055,1683.8157,51250,57243,Pipistrellus pipistrellus,0.022,0.028,-1,Echolocation,/mnt/ubna_data_02_mir/recover-20221013/UBNA_001/20221012_030000.WAV,Telephone Field,recover-20221013,001,1795
1683.8315,1683.841,24609,32829,Eptesicus serotinus,0.011,0.031,-1,Echolocation,/mnt/ubna_data_02_mir/recover-20221013/UBNA_001/20221012_030000.WAV,Telephone Field,recover-20221013,001,1795
1683.8315,1683.8659,68437,81074,Rhinolophus ferrumequinum,0.021,0.021,-1,Echolocation,/mnt/ubna_data_02_mir/recover-20221013/UBNA_001/20221012_030000.WAV,Telephone Field,recover-20221013,001,1795
1683.8395,1683.8752,68437,81191,Rhinolophus ferrumequinum,0.021,0.021,-1,Echolocation,/mnt/ubna_data_02_mir/recover-20221013/UBNA_001/20221012_030000.WAV,Telephone Field,recover-20221013,001,1795
1683.8475,1683.8872,68437,81890,Rhinolophus ferrumequinum,0.022,0.022,-1,Echolocation,/mnt/ubna_data_02_mir/recover-20221013/UBNA_001/20221012_030000.WAV,Telephone Field,recover-20221013,001,1795
1683.8695,1683.9107,68437,82341,Rhinolophus ferrumequinum,0.022,0.022,-1,Echolocation,/mnt/ubna_data_02_mir/recover-20221013/UBNA_001/20221012_030000.WAV,Telephone Field,recover-20221013,001,1795
1683.8875,1683.9277,68437,82438,Rhinolophus ferrumequinum,0.023,0.023,-1,Echolocation,/mnt/ubna_data_02_mir/recover-20221013/UBNA_001/20221012_030000.WAV,Telephone Field,recover-20221013,001,1795
1683.8965,1683.9379,68437,82469,Rhinolophus ferrumequinum,0.022,0.022,-1,Echolocation,/mnt/ubna_data_02_mir/recover-20221013/UBNA_001/20221012_030000.WAV,Telephone Field,recover-20221013,001,1795
1683.9375,1683.9765,68437,82174,Rhinolophus ferrumequinum,0.022,0.022,-1,Echolocation,/mnt/ubna_data_02_mir/recover-20221013/UBNA_001/20221012_030000.WAV,Telephone Field,recover-20221013,001,1795
1683.9545,1683.9918,68437,81229,Rhinolophus ferrumequinum,0.023,0.023,-1,Echolocation,/mnt/ubna_data_02_mir/recover-20221013/UBNA_001/20221012_030000.WAV,Telephone Field,recover-20221013,001,1795
1684.0015,1684.0284,70156,83617,Rhinolophus ferrumequinum,0.023,0.023,-1,Echolocation,/mnt/ubna_data_02_mir/recover-20221013/UBNA_001/20221012_030000.WAV,Telephone Field,recover-20221013,001,1795
1684.0015,1684.0112,23750,30834,Nyctalus leisleri,0.029,0.074,-1,Echolocation,/mnt/ubna_data_02_mir/recover-20221013/UBNA_001/20221012_030000.WAV,Telephone Field,recover-20221013,001,1795
1684.0235,1684.0315,28046,40254,Eptesicus serotinus,0.008,0.023,-1,Echolocation,/mnt/ubna_data_02_mir/recover-20221013/UBNA_001/20221012_030000.WAV,Telephone Field,recover-20221013,001,1795
1684.0415,1684.0792,68437,81452,Rhinolophus ferrumequinum,0.022,0.023,-1,Echolocation,/mnt/ubna_data_02_mir/recover-20221013/UBNA_001/20221012_030000.WAV,Telephone Field,recover-20221013,001,1795
1684.0595,1684.0968,68437,81519,Rhinolophus ferrumequinum,0.023,0.023,-1,Echolocation,/mnt/ubna_data_02_mir/recover-20221013/UBNA_001/20221012_030000.WAV,Telephone Field,recover-20221013,001,1795
1684.0835,1684.124,68437,82567,Rhinolophus ferrumequinum,0.021,0.021,-1,Echolocation,/mnt/ubna_data_02_mir/recover-20221013/UBNA_001/20221012_030000.WAV,Telephone Field,recover-20221013,001,1795
1684.1105,1684.149,68437,81847,Rhinolophus ferrumequinum,0.021,0.021,-1,Echolocation,/mnt/ubna_data_02_mir/recover-20221013/UBNA_001/20221012_030000.WAV,Telephone Field,recover-20221013,001,1795
1684.1205,1684.1276,25468,34396,Plecotus austriacus,0.006,0.021,-1,Echolocation,/mnt/ubna_data_02_mir/recover-20221013/UBNA_001/20221012_030000.WAV,Telephone Field,recover-20221013,001,1795
1684.1545,1684.1949,68437,82470,Rhinolophus ferrumequinum,0.039,0.039,-1,Echolocation,/mnt/ubna_data_02_mir/recover-20221013/UBNA_001/20221012_030000.WAV,Telephone Field,recover-20221013,001,1795
1684.1595,1684.1714,23750,29619,Nyctalus leisleri,0.011,0.024,-1,Echolocation,/mnt/ubna_data_02_mir/recover-20221013/UBNA_001/20221012_030000.WAV,Telephone Field,recover-20221013,001,1795
1684.1955,1684.2061,26328,33769,Eptesicus serotinus,0.011,0.024,-1,Echolocation,/mnt/ubna_data_02_mir/recover-20221013/UBNA_001/20221012_030000.WAV,Telephone Field,recover-20221013,001,1795
1684.1975,1684.2367,68437,82267,Rhinolophus ferrumequinum,0.023,0.023,-1,Echolocation,/mnt/ubna_data_02_mir/recover-20221013/UBNA_001/20221012_030000.WAV,Telephone Field,recover-20221013,001,1795
1684.2515,1684.2596,28906,44776,Eptesicus serotinus,0.008,0.023,-1,Echolocation,/mnt/ubna_data_02_mir/recover-20221013/UBNA_001/20221012_030000.WAV,Telephone Field,recover-20221013,001,1795
1684.2955,1684.3347,68437,81704,Rhinolophus ferrumequinum,0.023,0.023,-1,Echolocation,/mnt/ubna_data_02_mir/recover-20221013/UBNA_001/20221012_030000.WAV,Telephone Field,recover-20221013,001,1795
1684.3175,1684.3283,27187,35218,Eptesicus serotinus,0.014,0.027,-1,Echolocation,/mnt/ubna_data_02_mir/recover-20221013/UBNA_001/20221012_030000.WAV,Telephone Field,recover-20221013,001,1795
1684.3395,1684.3467,27187,40146,Eptesicus serotinus,0.006,0.022,-1,Echolocation,/mnt/ubna_data_02_mir/recover-20221013/UBNA_001/20221012_030000.WAV,Telephone Field,recover-20221013,001,1795
1684.3425,1684.3504,43515,49922,Pipistrellus pipistrellus,0.018,0.021,-1,Echolocation,/mnt/ubna_data_02_mir/recover-20221013/UBNA_001/20221012_030000.WAV,Telephone Field,recover-20221013,001,1795
1684.3425,1684.3503,22890,31099,Plecotus austriacus,0.009,0.021,-1,Echolocation,/mnt/ubna_data_02_mir/recover-20221013/UBNA_001/20221012_030000.WAV,Telephone Field,recover-20221013,001,1795
1684.3665,1684.3803,14296,18713,Nyctalus noctula,0.013,0.022,-1,Echolocation,/mnt/ubna_data_02_mir/recover-20221013/UBNA_001/20221012_030000.WAV,Telephone Field,recover-20221013,001,1795
1684.3875,1684.4224,68437,81183,Rhinolophus ferrumequinum,0.029,0.029,-1,Echolocation,/mnt/ubna_data_02_mir/recover-20221013/UBNA_001/20221012_030000.WAV,Telephone Field,recover-20221013,001,1795
1684.3875,1684.395,28046,40402,Eptesicus serotinus,0.006,0.021,-1,Echolocation,/mnt/ubna_data_02_mir/recover-20221013/UBNA_001/20221012_030000.WAV,Telephone Field,recover-20221013,001,1795
1684.3965,1684.4297,68437,80357,Rhinolophus ferrumequinum,0.021,0.021,-1,Echolocation,/mnt/ubna_data_02_mir/recover-20221013/UBNA_001/20221012_030000.WAV,Telephone Field,recover-20221013,001,1795
1684.4165,1684.4531,68437,81184,Rhinolophus ferrumequinum,0.021,0.021,-1,Echolocation,/mnt/ubna_data_02_mir/recover-20221013/UBNA_001/20221012_030000.WAV,Telephone Field,recover-20221013,001,1795
1684.4455,1684.4819,68437,82113,Rhinolophus ferrumequinum,0.022,0.022,-1,Echolocation,/mnt/ubna_data_02_mir/recover-20221013/UBNA_001/20221012_030000.WAV,Telephone Field,recover-20221013,001,1795
1684.4775,1684.5152,68437,82122,Rhinolophus ferrumequinum,0.021,0.021,-1,Echolocation,/mnt/ubna_data_02_mir/recover-20221013/UBNA_001/20221012_030000.WAV,Telephone Field,recover-20221013,001,1795
1684.4855,1684.5233,68437,81496,Rhinolophus ferrumequinum,0.022,0.022,-1,Echolocation,/mnt/ubna_data_02_mir/recover-20221013/UBNA_001/20221012_030000.WAV,Telephone Field,recover-20221013,001,1795
1684.5595,1684.5995,68437,82150,Rhinolophus ferrumequinum,0.021,0.021,-1,Echolocation,/mnt/ubna_data_02_mir/recover-20221013/UBNA_001/20221012_030000.WAV,Telephone Field,recover-20221013,001,1795
1684.5605,1684.5679,49531,54084,Pipistrellus pipistrellus,0.021,0.022,-1,Echolocation,/mnt/ubna_data_02_mir/recover-20221013/UBNA_001/20221012_030000.WAV,Telephone Field,recover-20221013,001,1795
1684.5995,1684.6141,21171,25119,Nyctalus leisleri,0.011,0.021,-1,Echolocation,/mnt/ubna_data_02_mir/recover-20221013/UBNA_001/20221012_030000.WAV,Telephone Field,recover-20221013,001,1795
1684.6375,1684.6477,29765,37392,Eptesicus serotinus,0.008,0.022,-1,Echolocation,/mnt/ubna_data_02_mir/recover-20221013/UBNA_001/20221012_030000.WAV,Telephone Field,recover-20221013,001,1795
1684.6445,1684.6777,68437,80903,Rhinolophus ferrumequinum,0.024,0.024,-1,Echolocation,/mnt/ubna_data_02_mir/recover-20221013/UBNA_001/20221012_030000.WAV,Telephone Field,recover-20221013,001,1795
1684.6475,1684.658,15156,23157,Nyctalus noctula,0.016,0.027,-1,Echolocation,/mnt/ubna_data_02_mir/recover-20221013/UBNA_001/20221012_030000.WAV,Telephone Field,recover-20221013,001,1795
1684.6605,1684.7015,68437,82168,Rhinolophus ferrumequinum,0.023,0.023,-1,Echolocation,/mnt/ubna_data_02_mir/recover-20221013/UBNA_001/20221012_030000.WAV,Telephone Field,recover-20221013,001,1795
1684.7065,1684.747,68437,82489,Rhinolophus ferrumequinum,0.024,0.024,-1,Echolocation,/mnt/ubna_data_02_mir/recover-20221013/UBNA_001/20221012_030000.WAV,Telephone Field,recover-20221013,001,1795
1684.7095,1684.7197,23750,29936,Nyctalus leisleri,0.01,0.024,-1,Echolocation,/mnt/ubna_data_02_mir/recover-20221013/UBNA_001/20221012_030000.WAV,Telephone Field,recover-20221013,001,1795
1684.7155,1684.7555,68437,82574,Rhinolophus ferrumequinum,0.021,0.021,-1,Echolocation,/mnt/ubna_data_02_mir/recover-20221013/UBNA_001/20221012_030000.WAV,Telephone Field,recover-20221013,001,1795
1684.7375,1684.7807,68437,82629,Rhinolophus ferrumequinum,0.028,0.028,-1,Echolocation,/mnt/ubna_data_02_mir/recover-20221013/UBNA_001/20221012_030000.WAV,Telephone Field,recover-20221013,001,1795
1684.7535,1684.763,22890,29331,Nyctalus leisleri,0.008,0.024,-1,Echolocation,/mnt/ubna_data_02_mir/recover-20221013/UBNA_001/20221012_030000.WAV,Telephone Field,recover-20221013,001,1795
1684.7645,1684.8016,68437,82045,Rhinolophus ferrumequinum,0.021,0.021,-1,Echolocation,/mnt/ubna_data_02_mir/recover-20221013/UBNA_001/20221012_030000.WAV,Telephone Field,recover-20221013,001,1795
1684.8225,1684.8326,28906,37139,Eptesicus serotinus,0.01,0.023,-1,Echolocation,/mnt/ubna_data_02_mir/recover-20221013/UBNA_001/20221012_030000.WAV,Telephone Field,recover-20221013,001,1795
1684.8795,1684.9179,68437,81632,Rhinolophus ferrumequinum,0.023,0.023,-1,Echolocation,/mnt/ubna_data_02_mir/recover-20221013/UBNA_001/20221012_030000.WAV,Telephone Field,recover-20221013,001,1795
1684.8865,1684.9254,68437,81919,Rhinolophus ferrumequinum,0.023,0.023,-1,Echolocation,/mnt/ubna_data_02_mir/recover-20221013/UBNA_001/20221012_030000.WAV,Telephone Field,recover-20221013,001,1795
1684.8935,1684.9353,68437,82178,Rhinolophus ferrumequinum,0.022,0.022,-1,Echolocation,/mnt/ubna_data_02_mir/recover-20221013/UBNA_001/20221012_030000.WAV,Telephone Field,recover-20221013,001,1795
1684.9275,1684.9678,68437,82783,Rhinolophus ferrumequinum,0.025,0.025,-1,Echolocation,/mnt/ubna_data_02_mir/recover-20221013/UBNA_001/20221012_030000.WAV,Telephone Field,recover-20221013,001,1795
1684.9525,1684.9932,68437,82598,Rhinolophus ferrumequinum,0.025,0.025,-1,Echolocation,/mnt/ubna_data_02_mir/recover-20221013/UBNA_001/20221012_030000.WAV,Telephone Field,recover-20221013,001,1795
1684.9605,1684.9992,68437,82706,Rhinolophus ferrumequinum,0.025,0.025,-1,Echolocation,/mnt/ubna_data_02_mir/recover-20221013/UBNA_001/20221012_030000.WAV,Telephone Field,recover-20221013,001,1795
1685.0105,1685.0506,68437,81850,Rhinolophus ferrumequinum,0.022,0.022,-1,Echolocation,/mnt/ubna_data_02_mir/recover-20221013/UBNA_001/20221012_030000.WAV,Telephone Field,recover-20221013,001,1795
1685.0825,1685.091,27187,36845,Eptesicus serotinus,0.01,0.024,-1,Echolocation,/mnt/ubna_data_02_mir/recover-20221013/UBNA_001/20221012_030000.WAV,Telephone Field,recover-20221013,001,1795
1685.1175,1685.1298,29765,37380,Eptesicus serotinus,0.016,0.03,-1,Echolocation,/mnt/ubna_data_02_mir/recover-20221013/UBNA_001/20221012_030000.WAV,Telephone Field,recover-20221013,001,1795
1685.1295,1685.1399,25468,32172,Eptesicus serotinus,0.01,0.028,-1,Echolocation,/mnt/ubna_data_02_mir/recover-20221013/UBNA_001/20221012_030000.WAV,Telephone Field,recover-20221013,001,1795
1685.1355,1685.1759,68437,82929,Rhinolophus ferrumequinum,0.029,0.029,-1,Echolocation,/mnt/ubna_data_02_mir/recover-20221013/UBNA_001/20221012_030000.WAV,Telephone Field,recover-20221013,001,1795
1685.1605,1685.2019,68437,82608,Rhinolophus ferrumequinum,0.029,0.029,-1,Echolocation,/mnt/ubna_data_02_mir/recover-20221013/UBNA_001/20221012_030000.WAV,Telephone Field,recover-20221013,001,1795
1685.1815,1685.1928,28906,34984,Eptesicus serotinus,0.014,0.028,-1,Echolocation,/mnt/ubna_data_02_mir/recover-20221013/UBNA_001/20221012_030000.WAV,Telephone Field,recover-20221013,001,1795
1685.1965,1685.2345,68437,81558,Rhinolophus ferrumequinum,0.021,0.021,-1,Echolocation,/mnt/ubna_data_02_mir/recover-20221013/UBNA_001/20221012_030000.WAV,Telephone Field,recover-20221013,001,1795
1685.2275,1685.2384,23750,28594,Nyctalus leisleri,0.011,0.021,-1,Echolocation,/mnt/ubna_data_02_mir/recover-20221013/UBNA_001/20221012_030000.WAV,Telephone Field,recover-20221013,001,1795
1685.2345,1685.2518,21171,24123,Nyctalus leisleri,0.015,0.024,-1,Echolocation,/mnt/ubna_data_02_mir/recover-20221013/UBNA_001/20221012_030000.WAV,Telephone Field,recover-20221013,001,1795
1685.2655,1685.2778,23750,29149,Nyctalus leisleri,0.011,0.026,-1,Echolocation,/mnt/ubna_data_02_mir/recover-20221013/UBNA_001/20221012_030000.WAV,Telephone Field,recover-20221013,001,1795
1685.2915,1685.3,24609,31923,Nyctalus leisleri,0.006,0.021,-1,Echolocation,/mnt/ubna_data_02_mir/recover-20221013/UBNA_001/20221012_030000.WAV,Telephone Field,recover-20221013,001,1795
1685.3005,1685.3383,68437,81955,Rhinolophus ferrumequinum,0.022,0.022,-1,Echolocation,/mnt/ubna_data_02_mir/recover-20221013/UBNA_001/20221012_030000.WAV,Telephone Field,recover-20221013,001,1795
1685.3195,1685.3281,26328,34818,Eptesicus serotinus,0.011,0.029,-1,Echolocation,/mnt/ubna_data_02_mir/recover-20221013/UBNA_001/20221012_030000.WAV,Telephone Field,recover-20221013,001,1795
1685.3285,1685.3654,68437,81799,Rhinolophus ferrumequinum,0.021,0.021,-1,Echolocation,/mnt/ubna_data_02_mir/recover-20221013/UBNA_001/20221012_030000.WAV,Telephone Field,recover-20221013,001,1795
1685.3355,1685.374,68437,81921,Rhinolophus ferrumequinum,0.022,0.022,-1,Echolocation,/mnt/ubna_data_02_mir/recover-20221013/UBNA_001/20221012_030000.WAV,Telephone Field,recover-20221013,001,1795
1685.3635,1685.4011,68437,82122,Rhinolophus ferrumequinum,0.021,0.021,-1,Echolocation,/mnt/ubna_data_02_mir/recover-20221013/UBNA_001/20221012_030000.WAV,Telephone Field,recover-20221013,001,1795
1685.3815,1685.3906,24609,32222,Eptesicus serotinus,0.006,0.022,-1,Echolocation,/mnt/ubna_data_02_mir/recover-20221013/UBNA_001/20221012_030000.WAV,Telephone Field,recover-20221013,001,1795
1685.3905,1685.3973,44375,50979,Pipistrellus pipistrellus,0.02,0.023,-1,Echolocation,/mnt/ubna_data_02_mir/recover-20221013/UBNA_001/20221012_030000.WAV,Telephone Field,recover-20221013,001,1795
1685.4085,1685.4474,68437,82273,Rhinolophus ferrumequinum,0.027,0.027,-1,Echolocation,/mnt/ubna_data_02_mir/recover-20221013/UBNA_001/20221012_030000.WAV,Telephone Field,recover-20221013,001,1795
1685.4275,1685.4343,27187,37629,Eptesicus serotinus,0.006,0.023,-1,Echolocation,/mnt/ubna_data_02_mir/recover-20221013/UBNA_001/20221012_030000.WAV,Telephone Field,recover-20221013,001,1795
1685.4625,1685.5022,68437,82529,Rhinolophus ferrumequinum,0.023,0.023,-1,Echolocation,/mnt/ubna_data_02_mir/recover-20221013/UBNA_001/20221012_030000.WAV,Telephone Field,recover-20221013,001,1795
1685.4675,1685.479,22890,27939,Nyctalus leisleri,0.016,0.03,-1,Echolocation,/mnt/ubna_data_02_mir/recover-20221013/UBNA_001/20221012_030000.WAV,Telephone Field,recover-20221013,001,1795
1685.4785,1685.4896,28046,36198,Eptesicus serotinus,0.012,0.027,-1,Echolocation,/mnt/ubna_data_02_mir/recover-20221013/UBNA_001/20221012_030000.WAV,Telephone Field,recover-20221013,001,1795
1685.4805,1685.5189,68437,82180,Rhinolophus ferrumequinum,0.021,0.021,-1,Echolocation,/mnt/ubna_data_02_mir/recover-20221013/UBNA_001/20221012_030000.WAV,Telephone Field,recover-20221013,001,1795
1685.5175,1685.5555,68437,82171,Rhinolophus ferrumequinum,0.027,0.027,-1,Echolocation,/mnt/ubna_data_02_mir/recover-20221013/UBNA_001/20221012_030000.WAV,Telephone Field,recover-20221013,001,1795
1685.5285,1685.5682,68437,82203,Rhinolophus ferrumequinum,0.025,0.026,-1,Echolocation,/mnt/ubna_data_02_mir/recover-20221013/UBNA_001/20221012_030000.WAV,Telephone Field,recover-20221013,001,1795
1685.5345,1685.5463,28906,36041,Eptesicus serotinus,0.013,0.025,-1,Echolocation,/mnt/ubna_data_02_mir/recover-20221013/UBNA_001/20221012_030000.WAV,Telephone Field,recover-20221013,001,1795
1685.5455,1685.5562,22890,27734,Nyctalus leisleri,0.012,0.024,-1,Echolocation,/mnt/ubna_data_02_mir/recover-20221013/UBNA_001/20221012_030000.WAV,Telephone Field,recover-20221013,001,1795
1685.5865,1685.627,68437,82434,Rhinolophus ferrumequinum,0.023,0.023,-1,Echolocation,/mnt/ubna_data_02_mir/recover-20221013/UBNA_001/20221012_030000.WAV,Telephone Field,recover-20221013,001,1795
1685.5915,1685.6016,22031,27304,Nyctalus leisleri,0.008,0.021,-1,Echolocation,/mnt/ubna_data_02_mir/recover-20221013/UBNA_001/20221012_030000.WAV,Telephone Field,recover-20221013,001,1795
1685.6195,1685.6378,16015,20195,Nyctalus noctula,0.026,0.035,-1,Echolocation,/mnt/ubna_data_02_mir/recover-20221013/UBNA_001/20221012_030000.WAV,Telephone Field,recover-20221013,001,1795
1685.6435,1685.6832,68437,82217,Rhinolophus ferrumequinum,0.026,0.026,-1,Echolocation,/mnt/ubna_data_02_mir/recover-20221013/UBNA_001/20221012_030000.WAV,Telephone Field,recover-20221013,001,1795
1685.6745,1685.714,68437,82603,Rhinolophus ferrumequinum,0.021,0.021,-1,Echolocation,/mnt/ubna_data_02_mir/recover-20221013/UBNA_001/20221012_030000.WAV,Telephone Field,recover-20221013,001,1795
1685.6855,1685.7266,68437,82307,Rhinolophus ferrumequinum,0.023,0.023,-1,Echolocation,/mnt/ubna_data_02_mir/recover-20221013/UBNA_001/20221012_030000.WAV,Telephone Field,recover-20221013,001,1795
1685.7055,1685.7122,25468,34689,Plecotus austriacus,0.01,0.03,-1,Echolocation,/mnt/ubna_data_02_mir/recover-20221013/UBNA_001/20221012_030000.WAV,Telephone Field,recover-20221013,001,1795
1685.7385,1685.7458,28046,39792,Eptesicus serotinus,0.008,0.025,-1,Echolocation,/mnt/ubna_data_02_mir/recover-20221013/UBNA_001/20221012_030000.WAV,Telephone Field,recover-20221013,001,1795
1685.7585,1685.7684,47812,55954,Pipistrellus pipistrellus,0.021,0.025,-1,Echolocation,/mnt/ubna_data_02_mir/recover-20221013/UBNA_001/20221012_030000.WAV,Telephone Field,recover-20221013,001,1795
1685.7595,1685.8017,68437,82705,Rhinolophus ferrumequinum,0.035,0.035,-1,Echolocation,/mnt/ubna_data_02_mir/recover-20221013/UBNA_001/20221012_030000.WAV,Telephone Field,recover-20221013,001,1795
1685.7995,1685.8201,19453,22357,Nyctalus noctula,0.012,0.025,-1,Echolocation,/mnt/ubna_data_02_mir/recover-20221013/UBNA_001/20221012_030000.WAV,Telephone Field,recover-20221013,001,1795
1685.8045,1685.8422,68437,82111,Rhinolophus ferrumequinum,0.024,0.024,-1,Echolocation,/mnt/ubna_data_02_mir/recover-20221013/UBNA_001/20221012_030000.WAV,Telephone Field,recover-20221013,001,1795
1685.8865,1685.9256,68437,81886,Rhinolophus ferrumequinum,0.021,0.021,-1,Echolocation,/mnt/ubna_data_02_mir/recover-20221013/UBNA_001/20221012_030000.WAV,Telephone Field,recover-20221013,001,1795
1685.9155,1685.9221,28906,37896,Eptesicus serotinus,0.008,0.025,-1,Echolocation,/mnt/ubna_data_02_mir/recover-20221013/UBNA_001/20221012_030000.WAV,Telephone Field,recover-20221013,001,1795
1685.9375,1685.9498,48671,52803,Pipistrellus pipistrellus,0.023,0.027,-1,Echolocation,/mnt/ubna_data_02_mir/recover-20221013/UBNA_001/20221012_030000.WAV,Telephone Field,recover-20221013,001,1795
1685.9395,1685.9772,68437,82343,Rhinolophus ferrumequinum,0.025,0.025,-1,Echolocation,/mnt/ubna_data_02_mir/recover-20221013/UBNA_001/20221012_030000.WAV,Telephone Field,recover-20221013,001,1795
1685.9525,1685.9618,28046,36593,Eptesicus serotinus,0.008,0.021,-1,Echolocation,/mnt/ubna_data_02_mir/recover-20221013/UBNA_001/20221012_030000.WAV,Telephone Field,recover-20221013,001,1795
1686.0015,1686.0096,25468,35867,Nyctalus leisleri,0.006,0.028,-1,Echolocation,/mnt/ubna_data_02_mir/recover-20221013/UBNA_001/20221012_030000.WAV,Telephone Field,recover-20221013,001,1795
1686.0015,1686.0317,69296,81193,Rhinolophus ferrumequinum,0.024,0.024,-1,Echolocation,/mnt/ubna_data_02_mir/recover-20221013/UBNA_001/20221012_030000.WAV,Telephone Field,recover-20221013,001,1795
1686.0015,1686.0097,47812,52328,Pipistrellus pipistrellus,0.015,0.022,-1,Echolocation,/mnt/ubna_data_02_mir/recover-20221013/UBNA_001/20221012_030000.WAV,Telephone Field,recover-20221013,001,1795
1686.0015,1686.0141,20312,26710,Nyctalus leisleri,0.009,0.026,-1,Echolocation,/mnt/ubna_data_02_mir/recover-20221013/UBNA_001/20221012_030000.WAV,Telephone Field,recover-20221013,001,1795
1686.0095,1686.0167,28046,37681,Myotis daubentonii,0.008,0.029,-1,Echolocation,/mnt/ubna_data_02_mir/recover-20221013/UBNA_001/20221012_030000.WAV,Telephone Field,recover-20221013,001,1795
1686.0405,1686.0513,22031,26647,Nyctalus leisleri,0.011,0.021,-1,Echolocation,/mnt/ubna_data_02_mir/recover-20221013/UBNA_001/20221012_030000.WAV,Telephone Field,recover-20221013,001,1795
1686.0565,1686.0645,27187,38940,Eptesicus serotinus,0.007,0.02,-1,Echolocation,/mnt/ubna_data_02_mir/recover-20221013/UBNA_001/20221012_030000.WAV,Telephone Field,recover-20221013,001,1795
1686.0605,1686.099,68437,81889,Rhinolophus ferrumequinum,0.021,0.021,-1,Echolocation,/mnt/ubna_data_02_mir/recover-20221013/UBNA_001/20221012_030000.WAV,Telephone Field,recover-20221013,001,1795
1686.0955,1686.1054,27187,35451,Eptesicus serotinus,0.01,0.025,-1,Echolocation,/mnt/ubna_data_02_mir/recover-20221013/UBNA_001/20221012_030000.WAV,Telephone Field,recover-20221013,001,1795
1686.1135,1686.1521,68437,82223,Rhinolophus ferrumequinum,0.021,0.021,-1,Echolocation,/mnt/ubna_data_02_mir/recover-20221013/UBNA_001/20221012_030000.WAV,Telephone Field,recover-20221013,001,1795
1686.1235,1686.1629,68437,82545,Rhinolophus ferrumequinum,0.022,0.022,-1,Echolocation,/mnt/ubna_data_02_mir/recover-20221013/UBNA_001/20221012_030000.WAV,Telephone Field,recover-20221013,001,1795
1686.1265,1686.1345,27187,39409,Eptesicus serotinus,0.006,0.02,-1,Echolocation,/mnt/ubna_data_02_mir/recover-20221013/UBNA_001/20221012_030000.WAV,Telephone Field,recover-20221013,001,1795
1686.2015,1686.2391,68437,81100,Rhinolophus ferrumequinum,0.021,0.021,-1,Echolocation,/mnt/ubna_data_02_mir/recover-20221013/UBNA_001/20221012_030000.WAV,Telephone Field,recover-20221013,001,1795
1686.2135,1686.254,68437,82529,Rhinolophus ferrumequinum,0.021,0.021,-1,Echolocation,/mnt/ubna_data_02_mir/recover-20221013/UBNA_001/20221012_030000.WAV,Telephone Field,recover-20221013,001,1795
1686.2235,1686.2643,68437,82608,Rhinolophus ferrumequinum,0.024,0.024,-1,Echolocation,/mnt/ubna_data_02_mir/recover-20221013/UBNA_001/20221012_030000.WAV,Telephone Field,recover-20221013,001,1795
1686.2435,1686.2508,28046,38971,Eptesicus serotinus,0.006,0.021,-1,Echolocation,/mnt/ubna_data_02_mir/recover-20221013/UBNA_001/20221012_030000.WAV,Telephone Field,recover-20221013,001,1795
1686.2605,1686.2986,68437,81686,Rhinolophus ferrumequinum,0.022,0.022,-1,Echolocation,/mnt/ubna_data_02_mir/recover-20221013/UBNA_001/20221012_030000.WAV,Telephone Field,recover-20221013,001,1795
1686.2875,1686.2974,25468,32102,Eptesicus serotinus,0.009,0.021,-1,Echolocation,/mnt/ubna_data_02_mir/recover-20221013/UBNA_001/20221012_030000.WAV,Telephone Field,recover-20221013,001,1795
1686.3095,1686.3483,68437,81996,Rhinolophus ferrumequinum,0.021,0.022,-1,Echolocation,/mnt/ubna_data_02_mir/recover-20221013/UBNA_001/20221012_030000.WAV,Telephone Field,recover-20221013,001,1795
1686.3405,1686.3786,68437,82756,Rhinolophus ferrumequinum,0.022,0.022,-1,Echolocation,/mnt/ubna_data_02_mir/recover-20221013/UBNA_001/20221012_030000.WAV,Telephone Field,recover-20221013,001,1795
1686.3565,1686.3998,68437,83054,Rhinolophus ferrumequinum,0.031,0.031,-1,Echolocation,/mnt/ubna_data_02_mir/recover-20221013/UBNA_001/20221012_030000.WAV,Telephone Field,recover-20221013,001,1795
1686.3775,1686.3864,47812,53052,Pipistrellus pipistrellus,0.026,0.029,-1,Echolocation,/mnt/ubna_data_02_mir/recover-20221013/UBNA_001/20221012_030000.WAV,Telephone Field,recover-20221013,001,1795
1686.3925,1686.4324,68437,82313,Rhinolophus ferrumequinum,0.021,0.021,-1,Echolocation,/mnt/ubna_data_02_mir/recover-20221013/UBNA_001/20221012_030000.WAV,Telephone Field,recover-20221013,001,1795
1686.3945,1686.4034,27187,35998,Eptesicus serotinus,0.007,0.021,-1,Echolocation,/mnt/ubna_data_02_mir/recover-20221013/UBNA_001/20221012_030000.WAV,Telephone Field,recover-20221013,001,1795
1686.4295,1686.4397,27187,38999,Eptesicus serotinus,0.014,0.03,-1,Echolocation,/mnt/ubna_data_02_mir/recover-20221013/UBNA_001/20221012_030000.WAV,Telephone Field,recover-20221013,001,1795
1686.4475,1686.4557,28046,38193,Eptesicus serotinus,0.007,0.022,-1,Echolocation,/mnt/ubna_data_02_mir/recover-20221013/UBNA_001/20221012_030000.WAV,Telephone Field,recover-20221013,001,1795
1686.4545,1686.4935,68437,81923,Rhinolophus ferrumequinum,0.025,0.025,-1,Echolocation,/mnt/ubna_data_02_mir/recover-20221013/UBNA_001/20221012_030000.WAV,Telephone Field,recover-20221013,001,1795
1686.4825,1686.4948,52109,56104,Pipistrellus pygmaeus,0.016,0.026,-1,Echolocation,/mnt/ubna_data_02_mir/recover-20221013/UBNA_001/20221012_030000.WAV,Telephone Field,recover-20221013,001,1795
1686.5365,1686.5739,68437,81530,Rhinolophus ferrumequinum,0.021,0.021,-1,Echolocation,/mnt/ubna_data_02_mir/recover-20221013/UBNA_001/20221012_030000.WAV,Telephone Field,recover-20221013,001,1795
1686.5595,1686.5675,47812,52486,Pipistrellus pipistrellus,0.062,0.065,-1,Echolocation,/mnt/ubna_data_02_mir/recover-20221013/UBNA_001/20221012_030000.WAV,Telephone Field,recover-20221013,001,1795
1686.5645,1686.5726,25468,36562,Myotis nattereri,0.005,0.022,-1,Echolocation,/mnt/ubna_data_02_mir/recover-20221013/UBNA_001/20221012_030000.WAV,Telephone Field,recover-20221013,001,1795
1686.5715,1686.6091,68437,81581,Rhinolophus ferrumequinum,0.022,0.022,-1,Echolocation,/mnt/ubna_data_02_mir/recover-20221013/UBNA_001/20221012_030000.WAV,Telephone Field,recover-20221013,001,1795
1686.5935,1686.6304,68437,81436,Rhinolophus ferrumequinum,0.021,0.022,-1,Echolocation,/mnt/ubna_data_02_mir/recover-20221013/UBNA_001/20221012_030000.WAV,Telephone Field,recover-20221013,001,1795
1686.6295,1686.6707,68437,82734,Rhinolophus ferrumequinum,0.021,0.021,-1,Echolocation,/mnt/ubna_data_02_mir/recover-20221013/UBNA_001/20221012_030000.WAV,Telephone Field,recover-20221013,001,1795
1686.6355,1686.6759,68437,82159,Rhinolophus ferrumequinum,0.021,0.021,-1,Echolocation,/mnt/ubna_data_02_mir/recover-20221013/UBNA_001/20221012_030000.WAV,Telephone Field,recover-20221013,001,1795
1686.6535,1686.6616,22890,30261,Plecotus austriacus,0.01,0.021,-1,Echolocation,/mnt/ubna_data_02_mir/recover-20221013/UBNA_001/20221012_030000.WAV,Telephone Field,recover-20221013,001,1795
1686.6775,1686.7172,68437,82473,Rhinolophus ferrumequinum,0.022,0.022,-1,Echolocation,/mnt/ubna_data_02_mir/recover-20221013/UBNA_001/20221012_030000.WAV,Telephone Field,recover-20221013,001,1795
1686.6805,1686.6891,44375,49076,Pipistrellus pipistrellus,0.021,0.023,-1,Echolocation,/mnt/ubna_data_02_mir/recover-20221013/UBNA_001/20221012_030000.WAV,Telephone Field,recover-20221013,001,1795
1686.6905,1686.7008,22890,27357,Nyctalus leisleri,0.011,0.021,-1,Echolocation,/mnt/ubna_data_02_mir/recover-20221013/UBNA_001/20221012_030000.WAV,Telephone Field,recover-20221013,001,1795
1686.7195,1686.7579,68437,82412,Rhinolophus ferrumequinum,0.021,0.021,-1,Echolocation,/mnt/ubna_data_02_mir/recover-20221013/UBNA_001/20221012_030000.WAV,Telephone Field,recover-20221013,001,1795
1686.7285,1686.736,27187,37804,Eptesicus serotinus,0.006,0.021,-1,Echolocation,/mnt/ubna_data_02_mir/recover-20221013/UBNA_001/20221012_030000.WAV,Telephone Field,recover-20221013,001,1795
1686.7375,1686.7778,68437,82635,Rhinolophus ferrumequinum,0.022,0.022,-1,Echolocation,/mnt/ubna_data_02_mir/recover-20221013/UBNA_001/20221012_030000.WAV,Telephone Field,recover-20221013,001,1795
1686.7435,1686.7843,68437,82243,Rhinolophus ferrumequinum,0.021,0.021,-1,Echolocation,/mnt/ubna_data_02_mir/recover-20221013/UBNA_001/20221012_030000.WAV,Telephone Field,recover-20221013,001,1795
1686.7725,1686.8127,68437,82340,Rhinolophus ferrumequinum,0.022,0.022,-1,Echolocation,/mnt/ubna_data_02_mir/recover-20221013/UBNA_001/20221012_030000.WAV,Telephone Field,recover-20221013,001,1795
1686.7945,1686.8347,68437,82289,Rhinolophus ferrumequinum,0.021,0.021,-1,Echolocation,/mnt/ubna_data_02_mir/recover-20221013/UBNA_001/20221012_030000.WAV,Telephone Field,recover-20221013,001,1795
1686.7985,1686.8063,26328,37017,Eptesicus serotinus,0.006,0.021,-1,Echolocation,/mnt/ubna_data_02_mir/recover-20221013/UBNA_001/20221012_030000.WAV,Telephone Field,recover-20221013,001,1795
1686.8185,1686.8282,14296,21575,Nyctalus noctula,0.01,0.021,-1,Echolocation,/mnt/ubna_data_02_mir/recover-20221013/UBNA_001/20221012_030000.WAV,Telephone Field,recover-20221013,001,1795
1686.8605,1686.9013,68437,82772,Rhinolophus ferrumequinum,0.021,0.021,-1,Echolocation,/mnt/ubna_data_02_mir/recover-20221013/UBNA_001/20221012_030000.WAV,Telephone Field,recover-20221013,001,1795
1686.8765,1686.8831,28046,42492,Myotis daubentonii,0.005,0.021,-1,Echolocation,/mnt/ubna_data_02_mir/recover-20221013/UBNA_001/20221012_030000.WAV,Telephone Field,recover-20221013,001,1795
1686.8765,1686.9175,68437,82470,Rhinolophus ferrumequinum,0.022,0.022,-1,Echolocation,/mnt/ubna_data_02_mir/recover-20221013/UBNA_001/20221012_030000.WAV,Telephone Field,recover-20221013,001,1795
1686.8835,1686.9257,68437,82980,Rhinolophus ferrumequinum,0.024,0.024,-1,Echolocation,/mnt/ubna_data_02_mir/recover-20221013/UBNA_001/20221012_030000.WAV,Telephone Field,recover-20221013,001,1795
1686.8925,1686.9334,68437,82723,Rhinolophus ferrumequinum,0.025,0.025,-1,Echolocation,/mnt/ubna_data_02_mir/recover-20221013/UBNA_001/20221012_030000.WAV,Telephone Field,recover-20221013,001,1795
1686.9165,1686.9567,68437,82420,Rhinolophus ferrumequinum,0.022,0.022,-1,Echolocation,/mnt/ubna_data_02_mir/recover-20221013/UBNA_001/20221012_030000.WAV,Telephone Field,recover-20221013,001,1795
1686.9625,1687.0027,68437,82056,Rhinolophus ferrumequinum,0.021,0.021,-1,Echolocation,/mnt/ubna_data_02_mir/recover-20221013/UBNA_001/20221012_030000.WAV,Telephone Field,recover-20221013,001,1795
1686.9805,1686.9883,23750,32074,Plecotus austriacus,0.012,0.029,-1,Echolocation,/mnt/ubna_data_02_mir/recover-20221013/UBNA_001/20221012_030000.WAV,Telephone Field,recover-20221013,001,1795
1687.0195,1687.0617,68437,83261,Rhinolophus ferrumequinum,0.029,0.029,-1,Echolocation,/mnt/ubna_data_02_mir/recover-20221013/UBNA_001/20221012_030000.WAV,Telephone Field,recover-20221013,001,1795
1687.0245,1687.0345,28046,37899,Eptesicus serotinus,0.009,0.021,-1,Echolocation,/mnt/ubna_data_02_mir/recover-20221013/UBNA_001/20221012_030000.WAV,Telephone Field,recover-20221013,001,1795
1687.0405,1687.0817,68437,82417,Rhinolophus ferrumequinum,0.024,0.024,-1,Echolocation,/mnt/ubna_data_02_mir/recover-20221013/UBNA_001/20221012_030000.WAV,Telephone Field,recover-20221013,001,1795
1687.0515,1687.0628,28046,35503,Eptesicus serotinus,0.016,0.03,-1,Echolocation,/mnt/ubna_data_02_mir/recover-20221013/UBNA_001/20221012_030000.WAV,Telephone Field,recover-20221013,001,1795
1687.0765,1687.0856,22890,29016,Nyctalus leisleri,0.007,0.022,-1,Echolocation,/mnt/ubna_data_02_mir/recover-20221013/UBNA_001/20221012_030000.WAV,Telephone Field,recover-20221013,001,1795
1687.1225,1687.1617,68437,82338,Rhinolophus ferrumequinum,0.021,0.021,-1,Echolocation,/mnt/ubna_data_02_mir/recover-20221013/UBNA_001/20221012_030000.WAV,Telephone Field,recover-20221013,001,1795
1687.1515,1687.1903,68437,81366,Rhinolophus ferrumequinum,0.022,0.022,-1,Echolocation,/mnt/ubna_data_02_mir/recover-20221013/UBNA_001/20221012_030000.WAV,Telephone Field,recover-20221013,001,1795
1687.1635,1687.2027,68437,81917,Rhinolophus ferrumequinum,0.021,0.021,-1,Echolocation,/mnt/ubna_data_02_mir/recover-20221013/UBNA_001/20221012_030000.WAV,Telephone Field,recover-20221013,001,1795
1687.2075,1687.2447,68437,81119,Rhinolophus ferrumequinum,0.021,0.021,-1,Echolocation,/mnt/ubna_data_02_mir/recover-20221013/UBNA_001/20221012_030000.WAV,Telephone Field,recover-20221013,001,1795
1687.2085,1687.2188,28046,35617,Eptesicus serotinus,0.017,0.033,-1,Echolocation,/mnt/ubna_data_02_mir/recover-20221013/UBNA_001/20221012_030000.WAV,Telephone Field,recover-20221013,001,1795
1687.2205,1687.2594,68437,82003,Rhinolophus ferrumequinum,0.022,0.022,-1,Echolocation,/mnt/ubna_data_02_mir/recover-20221013/UBNA_001/20221012_030000.WAV,Telephone Field,recover-20221013,001,1795
1687.2355,1687.244,25468,33566,Eptesicus serotinus,0.01,0.037,-1,Echolocation,/mnt/ubna_data_02_mir/recover-20221013/UBNA_001/20221012_030000.WAV,Telephone Field,recover-20221013,001,1795
1687.2485,1687.2881,68437,82314,Rhinolophus ferrumequinum,0.025,0.025,-1,Echolocation,/mnt/ubna_data_02_mir/recover-20221013/UBNA_001/20221012_030000.WAV,Telephone Field,recover-20221013,001,1795
1687.2565,1687.2961,68437,82682,Rhinolophus ferrumequinum,0.023,0.023,-1,Echolocation,/mnt/ubna_data_02_mir/recover-20221013/UBNA_001/20221012_030000.WAV,Telephone Field,recover-20221013,001,1795
1687.2585,1687.2655,29765,49933,Myotis daubentonii,0.008,0.022,-1,Echolocation,/mnt/ubna_data_02_mir/recover-20221013/UBNA_001/20221012_030000.WAV,Telephone Field,recover-20221013,001,1795
1687.2635,1687.3021,68437,82339,Rhinolophus ferrumequinum,0.021,0.021,-1,Echolocation,/mnt/ubna_data_02_mir/recover-20221013/UBNA_001/20221012_030000.WAV,Telephone Field,recover-20221013,001,1795
1687.2695,1687.279,25468,32252,Eptesicus serotinus,0.009,0.025,-1,Echolocation,/mnt/ubna_data_02_mir/recover-20221013/UBNA_001/20221012_030000.WAV,Telephone Field,recover-20221013,001,1795
1687.2905,1687.3278,68437,81721,Rhinolophus ferrumequinum,0.023,0.024,-1,Echolocation,/mnt/ubna_data_02_mir/recover-20221013/UBNA_001/20221012_030000.WAV,Telephone Field,recover-20221013,001,1795
1687.3135,1687.3523,68437,81644,Rhinolophus ferrumequinum,0.022,0.022,-1,Echolocation,/mnt/ubna_data_02_mir/recover-20221013/UBNA_001/20221012_030000.WAV,Telephone Field,recover-20221013,001,1795
1687.3425,1687.3818,68437,82055,Rhinolophus ferrumequinum,0.028,0.028,-1,Echolocation,/mnt/ubna_data_02_mir/recover-20221013/UBNA_001/20221012_030000.WAV,Telephone Field,recover-20221013,001,1795
1687.3575,1687.3958,68437,82925,Rhinolophus ferrumequinum,0.022,0.022,-1,Echolocation,/mnt/ubna_data_02_mir/recover-20221013/UBNA_001/20221012_030000.WAV,Telephone Field,recover-20221013,001,1795
1687.3845,1687.4228,68437,81283,Rhinolophus ferrumequinum,0.028,0.028,-1,Echolocation,/mnt/ubna_data_02_mir/recover-20221013/UBNA_001/20221012_030000.WAV,Telephone Field,recover-20221013,001,1795
1687.3915,1687.432,68437,82407,Rhinolophus ferrumequinum,0.027,0.027,-1,Echolocation,/mnt/ubna_data_02_mir/recover-20221013/UBNA_001/20221012_030000.WAV,Telephone Field,recover-20221013,001,1795
1687.4215,1687.4643,68437,82558,Rhinolophus ferrumequinum,0.036,0.036,-1,Echolocation,/mnt/ubna_data_02_mir/recover-20221013/UBNA_001/20221012_030000.WAV,Telephone Field,recover-20221013,001,1795
1687.4715,1687.5126,68437,82989,Rhinolophus ferrumequinum,0.024,0.024,-1,Echolocation,/mnt/ubna_data_02_mir/recover-20221013/UBNA_001/20221012_030000.WAV,Telephone Field,recover-20221013,001,1795
1687.4955,1687.5035,25468,34499,Eptesicus serotinus,0.005,0.022,-1,Echolocation,/mnt/ubna_data_02_mir/recover-20221013/UBNA_001/20221012_030000.WAV,Telephone Field,recover-20221013,001,1795
1687.5165,1687.5511,68437,81030,Rhinolophus ferrumequinum,0.024,0.024,-1,Echolocation,/mnt/ubna_data_02_mir/recover-20221013/UBNA_001/20221012_030000.WAV,Telephone Field,recover-20221013,001,1795
1687.5545,1687.5621,28046,41173,Eptesicus serotinus,0.007,0.028,-1,Echolocation,/mnt/ubna_data_02_mir/recover-20221013/UBNA_001/20221012_030000.WAV,Telephone Field,recover-20221013,001,1795
1687.5755,1687.5825,27187,39991,Eptesicus serotinus,0.005,0.02,-1,Echolocation,/mnt/ubna_data_02_mir/recover-20221013/UBNA_001/20221012_030000.WAV,Telephone Field,recover-20221013,001,1795
1687.5755,1687.6118,68437,80734,Rhinolophus ferrumequinum,0.022,0.023,-1,Echolocation,/mnt/ubna_data_02_mir/recover-20221013/UBNA_001/20221012_030000.WAV,Telephone Field,recover-20221013,001,1795
1687.6195,1687.6605,68437,82934,Rhinolophus ferrumequinum,0.025,0.026,-1,Echolocation,/mnt/ubna_data_02_mir/recover-20221013/UBNA_001/20221012_030000.WAV,Telephone Field,recover-20221013,001,1795
1687.6385,1687.6772,68437,82385,Rhinolophus ferrumequinum,0.021,0.021,-1,Echolocation,/mnt/ubna_data_02_mir/recover-20221013/UBNA_001/20221012_030000.WAV,Telephone Field,recover-20221013,001,1795
1687.6515,1687.6718,19453,22689,Nyctalus leisleri,0.016,0.034,-1,Echolocation,/mnt/ubna_data_02_mir/recover-20221013/UBNA_001/20221012_030000.WAV,Telephone Field,recover-20221013,001,1795
1687.6595,1687.6943,68437,80981,Rhinolophus ferrumequinum,0.028,0.028,-1,Echolocation,/mnt/ubna_data_02_mir/recover-20221013/UBNA_001/20221012_030000.WAV,Telephone Field,recover-20221013,001,1795
1687.6805,1687.7172,68437,81695,Rhinolophus ferrumequinum,0.022,0.022,-1,Echolocation,/mnt/ubna_data_02_mir/recover-20221013/UBNA_001/20221012_030000.WAV,Telephone Field,recover-20221013,001,1795
1687.6895,1687.7283,68437,82413,Rhinolophus ferrumequinum,0.028,0.028,-1,Echolocation,/mnt/ubna_data_02_mir/recover-20221013/UBNA_001/20221012_030000.WAV,Telephone Field,recover-20221013,001,1795
1687.7215,1687.7294,47812,52976,Pipistrellus pipistrellus,0.028,0.029,-1,Echolocation,/mnt/ubna_data_02_mir/recover-20221013/UBNA_001/20221012_030000.WAV,Telephone Field,recover-20221013,001,1795
1687.7245,1687.7341,22890,28730,Nyctalus leisleri,0.009,0.022,-1,Echolocation,/mnt/ubna_data_02_mir/recover-20221013/UBNA_001/20221012_030000.WAV,Telephone Field,recover-20221013,001,1795
1687.7495,1687.7876,68437,81436,Rhinolophus ferrumequinum,0.021,0.021,-1,Echolocation,/mnt/ubna_data_02_mir/recover-20221013/UBNA_001/20221012_030000.WAV,Telephone Field,recover-20221013,001,1795
1687.7605,1687.8018,68437,82268,Rhinolophus ferrumequinum,0.021,0.021,-1,Echolocation,/mnt/ubna_data_02_mir/recover-20221013/UBNA_001/20221012_030000.WAV,Telephone Field,recover-20221013,001,1795
1687.7665,1687.7783,22031,26390,Nyctalus leisleri,0.017,0.031,-1,Echolocation,/mnt/ubna_data_02_mir/recover-20221013/UBNA_001/20221012_030000.WAV,Telephone Field,recover-20221013,001,1795
1687.8075,1687.8203,56406,61077,Pipistrellus pygmaeus,0.043,0.045,-1,Echolocation,/mnt/ubna_data_02_mir/recover-20221013/UBNA_001/20221012_030000.WAV,Telephone Field,recover-20221013,001,1795
1687.8505,1687.8924,68437,82416,Rhinolophus ferrumequinum,0.022,0.022,-1,Echolocation,/mnt/ubna_data_02_mir/recover-20221013/UBNA_001/20221012_030000.WAV,Telephone Field,recover-20221013,001,1795
1687.8965,1687.9358,68437,81697,Rhinolophus ferrumequinum,0.023,0.023,-1,Echolocation,/mnt/ubna_data_02_mir/recover-20221013/UBNA_001/20221012_030000.WAV,Telephone Field,recover-20221013,001,1795
1687.9165,1687.9563,68437,82477,Rhinolophus ferrumequinum,0.023,0.023,-1,Echolocation,/mnt/ubna_data_02_mir/recover-20221013/UBNA_001/20221012_030000.WAV,Telephone Field,recover-20221013,001,1795
1688.0015,1688.0356,68437,80478,Rhinolophus ferrumequinum,0.068,0.069,-1,Echolocation,/mnt/ubna_data_02_mir/recover-20221013/UBNA_001/20221012_030000.WAV,Telephone Field,recover-20221013,001,1795
1688.0015,1688.0172,52968,57922,Pipistrellus pygmaeus,0.027,0.032,-1,Echolocation,/mnt/ubna_data_02_mir/recover-20221013/UBNA_001/20221012_030000.WAV,Telephone Field,recover-20221013,001,1795
1688.0015,1688.0109,22890,28490,Nyctalus leisleri,0.021,0.053,-1,Echolocation,/mnt/ubna_data_02_mir/recover-20221013/UBNA_001/20221012_030000.WAV,Telephone Field,recover-20221013,001,1795
1688.0095,1688.0495,68437,82740,Rhinolophus ferrumequinum,0.023,0.023,-1,Echolocation,/mnt/ubna_data_02_mir/recover-20221013/UBNA_001/20221012_030000.WAV,Telephone Field,recover-20221013,001,1795
1688.0395,1688.0504,22890,27946,Nyctalus leisleri,0.013,0.026,-1,Echolocation,/mnt/ubna_data_02_mir/recover-20221013/UBNA_001/20221012_030000.WAV,Telephone Field,recover-20221013,001,1795
1688.0485,1688.0875,68437,82643,Rhinolophus ferrumequinum,0.023,0.023,-1,Echolocation,/mnt/ubna_data_02_mir/recover-20221013/UBNA_001/20221012_030000.WAV,Telephone Field,recover-20221013,001,1795
1688.0665,1688.0765,23750,29843,Nyctalus leisleri,0.009,0.022,-1,Echolocation,/mnt/ubna_data_02_mir/recover-20221013/UBNA_001/20221012_030000.WAV,Telephone Field,recover-20221013,001,1795
1688.1035,1688.143,68437,82770,Rhinolophus ferrumequinum,0.028,0.028,-1,Echolocation,/mnt/ubna_data_02_mir/recover-20221013/UBNA_001/20221012_030000.WAV,Telephone Field,recover-20221013,001,1795
1688.1075,1688.1164,28906,37239,Eptesicus serotinus,0.008,0.022,-1,Echolocation,/mnt/ubna_data_02_mir/recover-20221013/UBNA_001/20221012_030000.WAV,Telephone Field,recover-20221013,001,1795
1688.1465,1688.1847,68437,82071,Rhinolophus ferrumequinum,0.023,0.023,-1,Echolocation,/mnt/ubna_data_02_mir/recover-20221013/UBNA_001/20221012_030000.WAV,Telephone Field,recover-20221013,001,1795
1688.1775,1688.2134,68437,81525,Rhinolophus ferrumequinum,0.022,0.022,-1,Echolocation,/mnt/ubna_data_02_mir/recover-20221013/UBNA_001/20221012_030000.WAV,Telephone Field,recover-20221013,001,1795
1688.1775,1688.186,28046,38295,Eptesicus serotinus,0.007,0.022,-1,Echolocation,/mnt/ubna_data_02_mir/recover-20221013/UBNA_001/20221012_030000.WAV,Telephone Field,recover-20221013,001,1795
1688.1885,1688.2285,68437,82413,Rhinolophus ferrumequinum,0.027,0.027,-1,Echolocation,/mnt/ubna_data_02_mir/recover-20221013/UBNA_001/20221012_030000.WAV,Telephone Field,recover-20221013,001,1795
1688.2135,1688.2516,68437,81860,Rhinolophus ferrumequinum,0.022,0.022,-1,Echolocation,/mnt/ubna_data_02_mir/recover-20221013/UBNA_001/20221012_030000.WAV,Telephone Field,recover-20221013,001,1795
1688.2245,1688.2307,28046,45119,Eptesicus serotinus,0.006,0.027,-1,Echolocation,/mnt/ubna_data_02_mir/recover-20221013/UBNA_001/20221012_030000.WAV,Telephone Field,recover-20221013,001,1795
1688.2255,1688.2317,33203,44712,Myotis daubentonii,0.009,0.023,-1,Echolocation,/mnt/ubna_data_02_mir/recover-20221013/UBNA_001/20221012_030000.WAV,Telephone Field,recover-20221013,001,1795
1688.2545,1688.2629,22890,30659,Plecotus austriacus,0.011,0.028,-1,Echolocation,/mnt/ubna_data_02_mir/recover-20221013/UBNA_001/20221012_030000.WAV,Telephone Field,recover-20221013,001,1795
1688.2745,1688.2872,45234,48335,Pipistrellus pipistrellus,0.05,0.056,-1,Echolocation,/mnt/ubna_data_02_mir/recover-20221013/UBNA_001/20221012_030000.WAV,Telephone Field,recover-20221013,001,1795
1688.2755,1688.3185,68437,82959,Rhinolophus ferrumequinum,0.029,0.029,-1,Echolocation,/mnt/ubna_data_02_mir/recover-20221013/UBNA_001/20221012_030000.WAV,Telephone Field,recover-20221013,001,1795
1688.3085,1688.3217,28906,34603,Eptesicus serotinus,0.024,0.039,-1,Echolocation,/mnt/ubna_data_02_mir/recover-20221013/UBNA_001/20221012_030000.WAV,Telephone Field,recover-20221013,001,1795
1688.3265,1688.3342,28046,40646,Eptesicus serotinus,0.008,0.022,-1,Echolocation,/mnt/ubna_data_02_mir/recover-20221013/UBNA_001/20221012_030000.WAV,Telephone Field,recover-20221013,001,1795
1688.3275,1688.3646,68437,81992,Rhinolophus ferrumequinum,0.022,0.022,-1,Echolocation,/mnt/ubna_data_02_mir/recover-20221013/UBNA_001/20221012_030000.WAV,Telephone Field,recover-20221013,001,1795
1688.4065,1688.4224,38359,42156,Pipistrellus nathusii,0.09,0.104,-1,Echolocation,/mnt/ubna_data_02_mir/recover-20221013/UBNA_001/20221012_030000.WAV,Telephone Field,recover-20221013,001,1795
1688.4365,1688.4458,51250,57415,Pipistrellus pipistrellus,0.02,0.024,-1,Echolocation,/mnt/ubna_data_02_mir/recover-20221013/UBNA_001/20221012_030000.WAV,Telephone Field,recover-20221013,001,1795
1688.4625,1688.469,27187,43203,Eptesicus serotinus,0.006,0.025,-1,Echolocation,/mnt/ubna_data_02_mir/recover-20221013/UBNA_001/20221012_030000.WAV,Telephone Field,recover-20221013,001,1795
1688.4815,1688.4903,45234,49048,Pipistrellus pipistrellus,0.022,0.023,-1,Echolocation,/mnt/ubna_data_02_mir/recover-20221013/UBNA_001/20221012_030000.WAV,Telephone Field,recover-20221013,001,1795
1688.4825,1688.5211,68437,81958,Rhinolophus ferrumequinum,0.023,0.023,-1,Echolocation,/mnt/ubna_data_02_mir/recover-20221013/UBNA_001/20221012_030000.WAV,Telephone Field,recover-20221013,001,1795
1688.5185,1688.5281,28046,36981,Eptesicus serotinus,0.01,0.023,-1,Echolocation,/mnt/ubna_data_02_mir/recover-20221013/UBNA_001/20221012_030000.WAV,Telephone Field,recover-20221013,001,1795
1688.5805,1688.6195,68437,82654,Rhinolophus ferrumequinum,0.022,0.022,-1,Echolocation,/mnt/ubna_data_02_mir/recover-20221013/UBNA_001/20221012_030000.WAV,Telephone Field,recover-20221013,001,1795
1688.6175,1688.6249,24609,33358,Plecotus austriacus,0.015,0.035,-1,Echolocation,/mnt/ubna_data_02_mir/recover-20221013/UBNA_001/20221012_030000.WAV,Telephone Field,recover-20221013,001,1795
1688.6515,1688.6584,27187,40174,Eptesicus serotinus,0.006,0.023,-1,Echolocation,/mnt/ubna_data_02_mir/recover-20221013/UBNA_001/20221012_030000.WAV,Telephone Field,recover-20221013,001,1795
1688.6565,1688.667,22890,27552,Nyctalus leisleri,0.011,0.024,-1,Echolocation,/mnt/ubna_data_02_mir/recover-20221013/UBNA_001/20221012_030000.WAV,Telephone Field,recover-20221013,001,1795
1688.6705,1688.7134,68437,82187,Rhinolophus ferrumequinum,0.024,0.024,-1,Echolocation,/mnt/ubna_data_02_mir/recover-20221013/UBNA_001/20221012_030000.WAV,Telephone Field,recover-20221013,001,1795
1688.6795,1688.6899,24609,30472,Nyctalus leisleri,0.01,0.025,-1,Echolocation,/mnt/ubna_data_02_mir/recover-20221013/UBNA_001/20221012_030000.WAV,Telephone Field,recover-20221013,001,1795
1688.6935,1688.7042,28046,36067,Eptesicus serotinus,0.011,0.023,-1,Echolocation,/mnt/ubna_data_02_mir/recover-20221013/UBNA_001/20221012_030000.WAV,Telephone Field,recover-20221013,001,1795
1688.7025,1688.7372,68437,81379,Rhinolophus ferrumequinum,0.024,0.024,-1,Echolocation,/mnt/ubna_data_02_mir/recover-20221013/UBNA_001/20221012_030000.WAV,Telephone Field,recover-20221013,001,1795
1688.7555,1688.7658,28046,36406,Eptesicus serotinus,0.009,0.022,-1,Echolocation,/mnt/ubna_data_02_mir/recover-20221013/UBNA_001/20221012_030000.WAV,Telephone Field,recover-20221013,001,1795
1688.7705,1688.7782,28046,37892,Eptesicus serotinus,0.008,0.024,-1,Echolocation,/mnt/ubna_data_02_mir/recover-20221013/UBNA_001/20221012_030000.WAV,Telephone Field,recover-20221013,001,1795
1688.7845,1688.7924,26328,36334,Eptesicus serotinus,0.008,0.022,-1,Echolocation,/mnt/ubna_data_02_mir/recover-20221013/UBNA_001/20221012_030000.WAV,Telephone Field,recover-20221013,001,1795
1688.8055,1688.8492,68437,83323,Rhinolophus ferrumequinum,0.027,0.027,-1,Echolocation,/mnt/ubna_data_02_mir/recover-20221013/UBNA_001/20221012_030000.WAV,Telephone Field,recover-20221013,001,1795
1688.8535,1688.8643,33203,41837,Eptesicus serotinus,0.005,0.024,-1,Echolocation,/mnt/ubna_data_02_mir/recover-20221013/UBNA_001/20221012_030000.WAV,Telephone Field,recover-20221013,001,1795
1688.8575,1688.8947,68437,81337,Rhinolophus ferrumequinum,0.023,0.024,-1,Echolocation,/mnt/ubna_data_02_mir/recover-20221013/UBNA_001/20221012_030000.WAV,Telephone Field,recover-20221013,001,1795
1688.8615,1688.8691,28046,39075,Eptesicus serotinus,0.009,0.026,-1,Echolocation,/mnt/ubna_data_02_mir/recover-20221013/UBNA_001/20221012_030000.WAV,Telephone Field,recover-20221013,001,1795
1688.8815,1688.9209,68437,82092,Rhinolophus ferrumequinum,0.022,0.022,-1,Echolocation,/mnt/ubna_data_02_mir/recover-20221013/UBNA_001/20221012_030000.WAV,Telephone Field,recover-20221013,001,1795
1688.9035,1688.9144000000001,24609,31455,Nyctalus leisleri,0.012,0.031,-1,Echolocation,/mnt/ubna_data_02_mir/recover-20221013/UBNA_001/20221012_030000.WAV,Telephone Field,recover-20221013,001,1795
1688.9245,1688.9665,68437,83449,Rhinolophus ferrumequinum,0.039,0.039,-1,Echolocation,/mnt/ubna_data_02_mir/recover-20221013/UBNA_001/20221012_030000.WAV,Telephone Field,recover-20221013,001,1795
1688.9585,1688.9952,68437,80871,Rhinolophus ferrumequinum,0.021,0.022,-1,Echolocation,/mnt/ubna_data_02_mir/recover-20221013/UBNA_001/20221012_030000.WAV,Telephone Field,recover-20221013,001,1795
1688.9625,1688.9738,22890,28349,Nyctalus leisleri,0.014,0.028,-1,Echolocation,/mnt/ubna_data_02_mir/recover-20221013/UBNA_001/20221012_030000.WAV,Telephone Field,recover-20221013,001,1795
1688.9775,1689.0197,68437,82920,Rhinolophus ferrumequinum,0.033,0.033,-1,Echolocation,/mnt/ubna_data_02_mir/recover-20221013/UBNA_001/20221012_030000.WAV,Telephone Field,recover-20221013,001,1795
1688.9965,1689.0357,68437,82778,Rhinolophus ferrumequinum,0.024,0.024,-1,Echolocation,/mnt/ubna_data_02_mir/recover-20221013/UBNA_001/20221012_030000.WAV,Telephone Field,recover-20221013,001,1795
1689.0075,1689.0491,68437,83100,Rhinolophus ferrumequinum,0.025,0.025,-1,Echolocation,/mnt/ubna_data_02_mir/recover-20221013/UBNA_001/20221012_030000.WAV,Telephone Field,recover-20221013,001,1795
1689.0195,1689.0304,25468,32124,Eptesicus serotinus,0.011,0.031,-1,Echolocation,/mnt/ubna_data_02_mir/recover-20221013/UBNA_001/20221012_030000.WAV,Telephone Field,recover-20221013,001,1795
1689.0365,1689.0765,68437,82296,Rhinolophus ferrumequinum,0.028,0.028,-1,Echolocation,/mnt/ubna_data_02_mir/recover-20221013/UBNA_001/20221012_030000.WAV,Telephone Field,recover-20221013,001,1795
1689.0535,1689.0624,28046,37301,Eptesicus serotinus,0.009,0.022,-1,Echolocation,/mnt/ubna_data_02_mir/recover-20221013/UBNA_001/20221012_030000.WAV,Telephone Field,recover-20221013,001,1795
1689.0805,1689.1194,68437,82267,Rhinolophus ferrumequinum,0.025,0.025,-1,Echolocation,/mnt/ubna_data_02_mir/recover-20221013/UBNA_001/20221012_030000.WAV,Telephone Field,recover-20221013,001,1795
1689.0955,1689.1022,29765,40453,Eptesicus serotinus,0.007,0.027,-1,Echolocation,/mnt/ubna_data_02_mir/recover-20221013/UBNA_001/20221012_030000.WAV,Telephone Field,recover-20221013,001,1795
1689.1085,1689.1485,68437,82476,Rhinolophus ferrumequinum,0.025,0.025,-1,Echolocation,/mnt/ubna_data_02_mir/recover-20221013/UBNA_001/20221012_030000.WAV,Telephone Field,recover-20221013,001,1795
1689.1175,1689.1571,68437,82335,Rhinolophus ferrumequinum,0.022,0.022,-1,Echolocation,/mnt/ubna_data_02_mir/recover-20221013/UBNA_001/20221012_030000.WAV,Telephone Field,recover-20221013,001,1795
1689.1315,1689.1391,28906,40667,Eptesicus serotinus,0.007,0.023,-1,Echolocation,/mnt/ubna_data_02_mir/recover-20221013/UBNA_001/20221012_030000.WAV,Telephone Field,recover-20221013,001,1795
1689.1625,1689.175,14296,21523,Nyctalus noctula,0.015,0.025,-1,Echolocation,/mnt/ubna_data_02_mir/recover-20221013/UBNA_001/20221012_030000.WAV,Telephone Field,recover-20221013,001,1795
1689.1915,1689.2014,22890,28213,Nyctalus leisleri,0.009,0.022,-1,Echolocation,/mnt/ubna_data_02_mir/recover-20221013/UBNA_001/20221012_030000.WAV,Telephone Field,recover-20221013,001,1795
1689.2345,1689.273,68437,82444,Rhinolophus ferrumequinum,0.022,0.022,-1,Echolocation,/mnt/ubna_data_02_mir/recover-20221013/UBNA_001/20221012_030000.WAV,Telephone Field,recover-20221013,001,1795
1689.2425,1689.2829,68437,82073,Rhinolophus ferrumequinum,0.022,0.022,-1,Echolocation,/mnt/ubna_data_02_mir/recover-20221013/UBNA_001/20221012_030000.WAV,Telephone Field,recover-20221013,001,1795
1689.2665,1689.3036,68437,81724,Rhinolophus ferrumequinum,0.024,0.024,-1,Echolocation,/mnt/ubna_data_02_mir/recover-20221013/UBNA_001/20221012_030000.WAV,Telephone Field,recover-20221013,001,1795
1689.2805,1689.318,68437,82219,Rhinolophus ferrumequinum,0.022,0.022,-1,Echolocation,/mnt/ubna_data_02_mir/recover-20221013/UBNA_001/20221012_030000.WAV,Telephone Field,recover-20221013,001,1795
1689.3245,1689.3604,68437,81421,Rhinolophus ferrumequinum,0.021,0.021,-1,Echolocation,/mnt/ubna_data_02_mir/recover-20221013/UBNA_001/20221012_030000.WAV,Telephone Field,recover-20221013,001,1795
1689.3765,1689.4154,68437,82315,Rhinolophus ferrumequinum,0.024,0.024,-1,Echolocation,/mnt/ubna_data_02_mir/recover-20221013/UBNA_001/20221012_030000.WAV,Telephone Field,recover-20221013,001,1795
1689.3975,1689.4405,68437,83701,Rhinolophus ferrumequinum,0.026,0.026,-1,Echolocation,/mnt/ubna_data_02_mir/recover-20221013/UBNA_001/20221012_030000.WAV,Telephone Field,recover-20221013,001,1795
1689.4115,1689.4216,23750,29153,Nyctalus leisleri,0.011,0.023,-1,Echolocation,/mnt/ubna_data_02_mir/recover-20221013/UBNA_001/20221012_030000.WAV,Telephone Field,recover-20221013,001,1795
1689.4355,1689.4747,68437,82020,Rhinolophus ferrumequinum,0.024,0.024,-1,Echolocation,/mnt/ubna_data_02_mir/recover-20221013/UBNA_001/20221012_030000.WAV,Telephone Field,recover-20221013,001,1795
1689.4535,1689.4945,68437,82224,Rhinolophus ferrumequinum,0.024,0.024,-1,Echolocation,/mnt/ubna_data_02_mir/recover-20221013/UBNA_001/20221012_030000.WAV,Telephone Field,recover-20221013,001,1795
1689.4595,1689.4673,27187,37484,Eptesicus serotinus,0.01,0.028,-1,Echolocation,/mnt/ubna_data_02_mir/recover-20221013/UBNA_001/20221012_030000.WAV,Telephone Field,recover-20221013,001,1795
1689.5355,1689.5763,68437,82333,Rhinolophus ferrumequinum,0.022,0.022,-1,Echolocation,/mnt/ubna_data_02_mir/recover-20221013/UBNA_001/20221012_030000.WAV,Telephone Field,recover-20221013,001,1795
1689.6045,1689.6127,28046,41949,Eptesicus serotinus,0.008,0.021,-1,Echolocation,/mnt/ubna_data_02_mir/recover-20221013/UBNA_001/20221012_030000.WAV,Telephone Field,recover-20221013,001,1795
1689.6165,1689.6544,68437,82009,Rhinolophus ferrumequinum,0.031,0.031,-1,Echolocation,/mnt/ubna_data_02_mir/recover-20221013/UBNA_001/20221012_030000.WAV,Telephone Field,recover-20221013,001,1795
1689.6675,1689.7063,68437,82014,Rhinolophus ferrumequinum,0.022,0.022,-1,Echolocation,/mnt/ubna_data_02_mir/recover-20221013/UBNA_001/20221012_030000.WAV,Telephone Field,recover-20221013,001,1795
1689.6745,1689.7144,68437,82595,Rhinolophus ferrumequinum,0.024,0.024,-1,Echolocation,/mnt/ubna_data_02_mir/recover-20221013/UBNA_001/20221012_030000.WAV,Telephone Field,recover-20221013,001,1795
1689.6745,1689.6847,30625,38373,Eptesicus serotinus,0.01,0.025,-1,Echolocation,/mnt/ubna_data_02_mir/recover-20221013/UBNA_001/20221012_030000.WAV,Telephone Field,recover-20221013,001,1795
1689.6825,1689.7201,68437,82495,Rhinolophus ferrumequinum,0.023,0.023,-1,Echolocation,/mnt/ubna_data_02_mir/recover-20221013/UBNA_001/20221012_030000.WAV,Telephone Field,recover-20221013,001,1795
1689.7395,1689.7828,68437,82864,Rhinolophus ferrumequinum,0.029,0.029,-1,Echolocation,/mnt/ubna_data_02_mir/recover-20221013/UBNA_001/20221012_030000.WAV,Telephone Field,recover-20221013,001,1795
1689.7685,1689.8069,68437,82205,Rhinolophus ferrumequinum,0.023,0.023,-1,Echolocation,/mnt/ubna_data_02_mir/recover-20221013/UBNA_001/20221012_030000.WAV,Telephone Field,recover-20221013,001,1795
1689.7795,1689.8142,68437,80959,Rhinolophus ferrumequinum,0.024,0.024,-1,Echolocation,/mnt/ubna_data_02_mir/recover-20221013/UBNA_001/20221012_030000.WAV,Telephone Field,recover-20221013,001,1795
1689.8035,1689.815,36640,41622,Pipistrellus nathusii,0.012,0.029,-1,Echolocation,/mnt/ubna_data_02_mir/recover-20221013/UBNA_001/20221012_030000.WAV,Telephone Field,recover-20221013,001,1795
1689.8385,1689.8459,28046,37683,Eptesicus serotinus,0.007,0.022,-1,Echolocation,/mnt/ubna_data_02_mir/recover-20221013/UBNA_001/20221012_030000.WAV,Telephone Field,recover-20221013,001,1795
1689.8675,1689.9051,68437,82139,Rhinolophus ferrumequinum,0.023,0.023,-1,Echolocation,/mnt/ubna_data_02_mir/recover-20221013/UBNA_001/20221012_030000.WAV,Telephone Field,recover-20221013,001,1795
1689.8755,1689.8851,27187,37241,Eptesicus serotinus,0.011,0.025,-1,Echolocation,/mnt/ubna_data_02_mir/recover-20221013/UBNA_001/20221012_030000.WAV,Telephone Field,recover-20221013,001,1795
1689.8955,1689.9349,68437,82478,Rhinolophus ferrumequinum,0.033,0.033,-1,Echolocation,/mnt/ubna_data_02_mir/recover-20221013/UBNA_001/20221012_030000.WAV,Telephone Field,recover-20221013,001,1795
1689.9075,1689.9437,68437,81703,Rhinolophus ferrumequinum,0.022,0.022,-1,Echolocation,/mnt/ubna_data_02_mir/recover-20221013/UBNA_001/20221012_030000.WAV,Telephone Field,recover-20221013,001,1795
1689.9105,1689.9177,28046,38624,Eptesicus serotinus,0.009,0.026,-1,Echolocation,/mnt/ubna_data_02_mir/recover-20221013/UBNA_001/20221012_030000.WAV,Telephone Field,recover-20221013,001,1795
1689.9455,1689.9547,28046,39052,Eptesicus serotinus,0.009,0.022,-1,Echolocation,/mnt/ubna_data_02_mir/recover-20221013/UBNA_001/20221012_030000.WAV,Telephone Field,recover-20221013,001,1795
1689.9475,1689.983,68437,82468,Rhinolophus ferrumequinum,0.023,0.023,-1,Echolocation,/mnt/ubna_data_02_mir/recover-20221013/UBNA_001/20221012_030000.WAV,Telephone Field,recover-20221013,001,1795
1689.9705,1689.9762,27187,39979,Plecotus auritus,0.014,0.053,-1,Echolocation,/mnt/ubna_data_02_mir/recover-20221013/UBNA_001/20221012_030000.WAV,Telephone Field,recover-20221013,001,1795
1689.9835,1689.993,28046,37940,Eptesicus serotinus,0.009,0.022,-1,Echolocation,/mnt/ubna_data_02_mir/recover-20221013/UBNA_001/20221012_030000.WAV,Telephone Field,recover-20221013,001,1795
1690.0015,1690.0105,21171,26590,Nyctalus leisleri,0.012,0.029,-1,Echolocation,/mnt/ubna_data_02_mir/recover-20221013/UBNA_001/20221012_030000.WAV,Telephone Field,recover-20221013,001,1795
1690.0015,1690.0098,26328,36791,Eptesicus serotinus,0.006,0.025,-1,Echolocation,/mnt/ubna_data_02_mir/recover-20221013/UBNA_001/20221012_030000.WAV,Telephone Field,recover-20221013,001,1795
1690.0015,1690.0313,69296,83018,Rhinolophus ferrumequinum,0.031,0.031,-1,Echolocation,/mnt/ubna_data_02_mir/recover-20221013/UBNA_001/20221012_030000.WAV,Telephone Field,recover-20221013,001,1795
1690.0035,1690.0148,43515,47197,Pipistrellus pipistrellus,0.012,0.023,-1,Echolocation,/mnt/ubna_data_02_mir/recover-20221013/UBNA_001/20221012_030000.WAV,Telephone Field,recover-20221013,001,1795
1690.0135,1690.0529,68437,82640,Rhinolophus ferrumequinum,0.024,0.024,-1,Echolocation,/mnt/ubna_data_02_mir/recover-20221013/UBNA_001/20221012_030000.WAV,Telephone Field,recover-20221013,001,1795
1690.0245,1690.0633,68437,81760,Rhinolophus ferrumequinum,0.022,0.022,-1,Echolocation,/mnt/ubna_data_02_mir/recover-20221013/UBNA_001/20221012_030000.WAV,Telephone Field,recover-20221013,001,1795
1690.0385,1690.0787,68437,82720,Rhinolophus ferrumequinum,0.028,0.028,-1,Echolocation,/mnt/ubna_data_02_mir/recover-20221013/UBNA_001/20221012_030000.WAV,Telephone Field,recover-20221013,001,1795
1690.0745,1690.0816,27187,39657,Eptesicus serotinus,0.006,0.022,-1,Echolocation,/mnt/ubna_data_02_mir/recover-20221013/UBNA_001/20221012_030000.WAV,Telephone Field,recover-20221013,001,1795
1690.0955,1690.1329,68437,81768,Rhinolophus ferrumequinum,0.021,0.021,-1,Echolocation,/mnt/ubna_data_02_mir/recover-20221013/UBNA_001/20221012_030000.WAV,Telephone Field,recover-20221013,001,1795
1690.1025,1690.111,27187,39016,Eptesicus serotinus,0.008,0.022,-1,Echolocation,/mnt/ubna_data_02_mir/recover-20221013/UBNA_001/20221012_030000.WAV,Telephone Field,recover-20221013,001,1795
1690.1035,1690.1436,68437,82467,Rhinolophus ferrumequinum,0.021,0.021,-1,Echolocation,/mnt/ubna_data_02_mir/recover-20221013/UBNA_001/20221012_030000.WAV,Telephone Field,recover-20221013,001,1795
1690.1265,1690.1627,68437,81900,Rhinolophus ferrumequinum,0.022,0.022,-1,Echolocation,/mnt/ubna_data_02_mir/recover-20221013/UBNA_001/20221012_030000.WAV,Telephone Field,recover-20221013,001,1795
1690.1275,1690.1374,22031,26705,Nyctalus leisleri,0.009,0.021,-1,Echolocation,/mnt/ubna_data_02_mir/recover-20221013/UBNA_001/20221012_030000.WAV,Telephone Field,recover-20221013,001,1795
1690.1605,1690.172,22031,26212,Nyctalus leisleri,0.012,0.023,-1,Echolocation,/mnt/ubna_data_02_mir/recover-20221013/UBNA_001/20221012_030000.WAV,Telephone Field,recover-20221013,001,1795
1690.1795,1690.2195,68437,82023,Rhinolophus ferrumequinum,0.021,0.021,-1,Echolocation,/mnt/ubna_data_02_mir/recover-20221013/UBNA_001/20221012_030000.WAV,Telephone Field,recover-20221013,001,1795
1690.1875,1690.195,24609,33044,Plecotus austriacus,0.007,0.022,-1,Echolocation,/mnt/ubna_data_02_mir/recover-20221013/UBNA_001/20221012_030000.WAV,Telephone Field,recover-20221013,001,1795
1690.2075,1690.2174,22890,29134,Nyctalus leisleri,0.011,0.026,-1,Echolocation,/mnt/ubna_data_02_mir/recover-20221013/UBNA_001/20221012_030000.WAV,Telephone Field,recover-20221013,001,1795
1690.2365,1690.247,22890,27351,Nyctalus leisleri,0.011,0.021,-1,Echolocation,/mnt/ubna_data_02_mir/recover-20221013/UBNA_001/20221012_030000.WAV,Telephone Field,recover-20221013,001,1795
1690.3005,1690.3441,68437,83319,Rhinolophus ferrumequinum,0.035,0.035,-1,Echolocation,/mnt/ubna_data_02_mir/recover-20221013/UBNA_001/20221012_030000.WAV,Telephone Field,recover-20221013,001,1795
1690.3665,1690.3738,27187,43113,Eptesicus serotinus,0.008,0.025,-1,Echolocation,/mnt/ubna_data_02_mir/recover-20221013/UBNA_001/20221012_030000.WAV,Telephone Field,recover-20221013,001,1795
1690.3685,1690.4077,68437,81906,Rhinolophus ferrumequinum,0.023,0.023,-1,Echolocation,/mnt/ubna_data_02_mir/recover-20221013/UBNA_001/20221012_030000.WAV,Telephone Field,recover-20221013,001,1795
1690.4305,1690.4673,68437,81337,Rhinolophus ferrumequinum,0.024,0.024,-1,Echolocation,/mnt/ubna_data_02_mir/recover-20221013/UBNA_001/20221012_030000.WAV,Telephone Field,recover-20221013,001,1795
1690.4365,1690.4754,68437,82157,Rhinolophus ferrumequinum,0.022,0.022,-1,Echolocation,/mnt/ubna_data_02_mir/recover-20221013/UBNA_001/20221012_030000.WAV,Telephone Field,recover-20221013,001,1795
1690.4425,1690.4524,28046,36211,Eptesicus serotinus,0.012,0.025,-1,Echolocation,/mnt/ubna_data_02_mir/recover-20221013/UBNA_001/20221012_030000.WAV,Telephone Field,recover-20221013,001,1795
1690.4705,1690.5082,68437,81384,Rhinolophus ferrumequinum,0.022,0.022,-1,Echolocation,/mnt/ubna_data_02_mir/recover-20221013/UBNA_001/20221012_030000.WAV,Telephone Field,recover-20221013,001,1795
1690.4905,1690.5281,68437,81462,Rhinolophus ferrumequinum,0.021,0.021,-1,Echolocation,/mnt/ubna_data_02_mir/recover-20221013/UBNA_001/20221012_030000.WAV,Telephone Field,recover-20221013,001,1795
1690.5045,1690.5154,23750,30039,Nyctalus leisleri,0.008,0.022,-1,Echolocation,/mnt/ubna_data_02_mir/recover-20221013/UBNA_001/20221012_030000.WAV,Telephone Field,recover-20221013,001,1795
1690.5095,1690.5489,68437,82598,Rhinolophus ferrumequinum,0.023,0.023,-1,Echolocation,/mnt/ubna_data_02_mir/recover-20221013/UBNA_001/20221012_030000.WAV,Telephone Field,recover-20221013,001,1795
1690.5135,1690.5209,26328,36439,Eptesicus serotinus,0.009,0.027,-1,Echolocation,/mnt/ubna_data_02_mir/recover-20221013/UBNA_001/20221012_030000.WAV,Telephone Field,recover-20221013,001,1795
1690.5325,1690.5473,21171,24401,Nyctalus leisleri,0.015,0.023,-1,Echolocation,/mnt/ubna_data_02_mir/recover-20221013/UBNA_001/20221012_030000.WAV,Telephone Field,recover-20221013,001,1795
1690.5445,1690.5817,68437,82114,Rhinolophus ferrumequinum,0.021,0.021,-1,Echolocation,/mnt/ubna_data_02_mir/recover-20221013/UBNA_001/20221012_030000.WAV,Telephone Field,recover-20221013,001,1795
1690.5865,1690.6239,68437,81591,Rhinolophus ferrumequinum,0.021,0.021,-1,Echolocation,/mnt/ubna_data_02_mir/recover-20221013/UBNA_001/20221012_030000.WAV,Telephone Field,recover-20221013,001,1795
1690.6025,1690.6463,68437,82992,Rhinolophus ferrumequinum,0.045,0.045,-1,Echolocation,/mnt/ubna_data_02_mir/recover-20221013/UBNA_001/20221012_030000.WAV,Telephone Field,recover-20221013,001,1795
1690.6385,1690.6497,28046,35041,Eptesicus serotinus,0.017,0.032,-1,Echolocation,/mnt/ubna_data_02_mir/recover-20221013/UBNA_001/20221012_030000.WAV,Telephone Field,recover-20221013,001,1795
1690.6505,1690.6872,68437,81945,Rhinolophus ferrumequinum,0.047,0.047,-1,Echolocation,/mnt/ubna_data_02_mir/recover-20221013/UBNA_001/20221012_030000.WAV,Telephone Field,recover-20221013,001,1795
1690.6965,1690.7345,68437,82377,Rhinolophus ferrumequinum,0.023,0.023,-1,Echolocation,/mnt/ubna_data_02_mir/recover-20221013/UBNA_001/20221012_030000.WAV,Telephone Field,recover-20221013,001,1795
1690.6975,1690.7075,22890,29542,Nyctalus leisleri,0.01,0.029,-1,Echolocation,/mnt/ubna_data_02_mir/recover-20221013/UBNA_001/20221012_030000.WAV,Telephone Field,recover-20221013,001,1795
1690.7135,1690.7544,68437,82807,Rhinolophus ferrumequinum,0.021,0.021,-1,Echolocation,/mnt/ubna_data_02_mir/recover-20221013/UBNA_001/20221012_030000.WAV,Telephone Field,recover-20221013,001,1795
1690.7505,1690.7588,24609,32496,Eptesicus serotinus,0.007,0.022,-1,Echolocation,/mnt/ubna_data_02_mir/recover-20221013/UBNA_001/20221012_030000.WAV,Telephone Field,recover-20221013,001,1795
1690.7555,1690.7914,68437,81698,Rhinolophus ferrumequinum,0.021,0.021,-1,Echolocation,/mnt/ubna_data_02_mir/recover-20221013/UBNA_001/20221012_030000.WAV,Telephone Field,recover-20221013,001,1795
1690.7795,1690.8171,68437,81810,Rhinolophus ferrumequinum,0.022,0.022,-1,Echolocation,/mnt/ubna_data_02_mir/recover-20221013/UBNA_001/20221012_030000.WAV,Telephone Field,recover-20221013,001,1795
1690.8215,1690.8593,68437,81629,Rhinolophus ferrumequinum,0.021,0.021,-1,Echolocation,/mnt/ubna_data_02_mir/recover-20221013/UBNA_001/20221012_030000.WAV,Telephone Field,recover-20221013,001,1795
1690.8285,1690.8388,22890,29006,Nyctalus leisleri,0.01,0.024,-1,Echolocation,/mnt/ubna_data_02_mir/recover-20221013/UBNA_001/20221012_030000.WAV,Telephone Field,recover-20221013,001,1795
1690.8355,1690.8426,28046,38463,Eptesicus serotinus,0.008,0.026,-1,Echolocation,/mnt/ubna_data_02_mir/recover-20221013/UBNA_001/20221012_030000.WAV,Telephone Field,recover-20221013,001,1795
1690.8385,1690.8798,68437,83288,Rhinolophus ferrumequinum,0.028,0.028,-1,Echolocation,/mnt/ubna_data_02_mir/recover-20221013/UBNA_001/20221012_030000.WAV,Telephone Field,recover-20221013,001,1795
1690.8695,1690.9114,68437,82701,Rhinolophus ferrumequinum,0.029,0.029,-1,Echolocation,/mnt/ubna_data_02_mir/recover-20221013/UBNA_001/20221012_030000.WAV,Telephone Field,recover-20221013,001,1795
1690.8935,1690.9338,68437,82335,Rhinolophus ferrumequinum,0.02,0.02,-1,Echolocation,/mnt/ubna_data_02_mir/recover-20221013/UBNA_001/20221012_030000.WAV,Telephone Field,recover-20221013,001,1795
1690.9155,1690.951,68437,82030,Rhinolophus ferrumequinum,0.022,0.022,-1,Echolocation,/mnt/ubna_data_02_mir/recover-20221013/UBNA_001/20221012_030000.WAV,Telephone Field,recover-20221013,001,1795
1690.9225,1690.9604,68437,81936,Rhinolophus ferrumequinum,0.021,0.021,-1,Echolocation,/mnt/ubna_data_02_mir/recover-20221013/UBNA_001/20221012_030000.WAV,Telephone Field,recover-20221013,001,1795
1690.9385,1690.9705,68437,80554,Rhinolophus ferrumequinum,0.02,0.021,-1,Echolocation,/mnt/ubna_data_02_mir/recover-20221013/UBNA_001/20221012_030000.WAV,Telephone Field,recover-20221013,001,1795
1690.9505,1690.9892,68437,82476,Rhinolophus ferrumequinum,0.026,0.026,-1,Echolocation,/mnt/ubna_data_02_mir/recover-20221013/UBNA_001/20221012_030000.WAV,Telephone Field,recover-20221013,001,1795
1691.0295,1691.0379,25468,33384,Eptesicus serotinus,0.007,0.021,-1,Echolocation,/mnt/ubna_data_02_mir/recover-20221013/UBNA_001/20221012_030000.WAV,Telephone Field,recover-20221013,001,1795
1691.0305,1691.0711,68437,81524,Rhinolophus ferrumequinum,0.025,0.025,-1,Echolocation,/mnt/ubna_data_02_mir/recover-20221013/UBNA_001/20221012_030000.WAV,Telephone Field,recover-20221013,001,1795
1691.0695,1691.1114,68437,83213,Rhinolophus ferrumequinum,0.036,0.036,-1,Echolocation,/mnt/ubna_data_02_mir/recover-20221013/UBNA_001/20221012_030000.WAV,Telephone Field,recover-20221013,001,1795
1691.0835,1691.0926,34921,40867,Barbastellus barbastellus,0.007,0.02,-1,Echolocation,/mnt/ubna_data_02_mir/recover-20221013/UBNA_001/20221012_030000.WAV,Telephone Field,recover-20221013,001,1795
1691.0835,1691.0925,27187,36333,Eptesicus serotinus,0.01,0.026,-1,Echolocation,/mnt/ubna_data_02_mir/recover-20221013/UBNA_001/20221012_030000.WAV,Telephone Field,recover-20221013,001,1795
1691.1145,1691.1237,28046,36995,Eptesicus serotinus,0.008,0.021,-1,Echolocation,/mnt/ubna_data_02_mir/recover-20221013/UBNA_001/20221012_030000.WAV,Telephone Field,recover-20221013,001,1795
1691.1745,1691.2151,68437,82891,Rhinolophus ferrumequinum,0.028,0.028,-1,Echolocation,/mnt/ubna_data_02_mir/recover-20221013/UBNA_001/20221012_030000.WAV,Telephone Field,recover-20221013,001,1795
1691.1805,1691.1901,28046,36160,Eptesicus serotinus,0.008,0.022,-1,Echolocation,/mnt/ubna_data_02_mir/recover-20221013/UBNA_001/20221012_030000.WAV,Telephone Field,recover-20221013,001,1795
1691.1955,1691.232,68437,81386,Rhinolophus ferrumequinum,0.027,0.027,-1,Echolocation,/mnt/ubna_data_02_mir/recover-20221013/UBNA_001/20221012_030000.WAV,Telephone Field,recover-20221013,001,1795
1691.1995,1691.2095,28046,36738,Eptesicus serotinus,0.019,0.032,-1,Echolocation,/mnt/ubna_data_02_mir/recover-20221013/UBNA_001/20221012_030000.WAV,Telephone Field,recover-20221013,001,1795
1691.2015,1691.2355,68437,81163,Rhinolophus ferrumequinum,0.026,0.027,-1,Echolocation,/mnt/ubna_data_02_mir/recover-20221013/UBNA_001/20221012_030000.WAV,Telephone Field,recover-20221013,001,1795
1691.2085,1691.2455,68437,81882,Rhinolophus ferrumequinum,0.027,0.027,-1,Echolocation,/mnt/ubna_data_02_mir/recover-20221013/UBNA_001/20221012_030000.WAV,Telephone Field,recover-20221013,001,1795
1691.2355,1691.2741,68437,82038,Rhinolophus ferrumequinum,0.021,0.021,-1,Echolocation,/mnt/ubna_data_02_mir/recover-20221013/UBNA_001/20221012_030000.WAV,Telephone Field,recover-20221013,001,1795
1691.2925,1691.3297,68437,81248,Rhinolophus ferrumequinum,0.022,0.022,-1,Echolocation,/mnt/ubna_data_02_mir/recover-20221013/UBNA_001/20221012_030000.WAV,Telephone Field,recover-20221013,001,1795
1691.2975,1691.3068,23750,31274,Nyctalus leisleri,0.007,0.023,-1,Echolocation,/mnt/ubna_data_02_mir/recover-20221013/UBNA_001/20221012_030000.WAV,Telephone Field,recover-20221013,001,1795
1691.3155,1691.3571,68437,82546,Rhinolophus ferrumequinum,0.025,0.025,-1,Echolocation,/mnt/ubna_data_02_mir/recover-20221013/UBNA_001/20221012_030000.WAV,Telephone Field,recover-20221013,001,1795
1691.3395,1691.3461,27187,38805,Eptesicus serotinus,0.008,0.026,-1,Echolocation,/mnt/ubna_data_02_mir/recover-20221013/UBNA_001/20221012_030000.WAV,Telephone Field,recover-20221013,001,1795
1691.3745,1691.3814,28046,37810,Eptesicus serotinus,0.009,0.029,-1,Echolocation,/mnt/ubna_data_02_mir/recover-20221013/UBNA_001/20221012_030000.WAV,Telephone Field,recover-20221013,001,1795
1691.3915,1691.4021,22031,27019,Nyctalus leisleri,0.012,0.025,-1,Echolocation,/mnt/ubna_data_02_mir/recover-20221013/UBNA_001/20221012_030000.WAV,Telephone Field,recover-20221013,001,1795
1691.4265,1691.4678,68437,83305,Rhinolophus ferrumequinum,0.025,0.025,-1,Echolocation,/mnt/ubna_data_02_mir/recover-20221013/UBNA_001/20221012_030000.WAV,Telephone Field,recover-20221013,001,1795
1691.4325,1691.4444,28906,34538,Eptesicus serotinus,0.015,0.028,-1,Echolocation,/mnt/ubna_data_02_mir/recover-20221013/UBNA_001/20221012_030000.WAV,Telephone Field,recover-20221013,001,1795
1691.4505,1691.4867,68437,82053,Rhinolophus ferrumequinum,0.022,0.022,-1,Echolocation,/mnt/ubna_data_02_mir/recover-20221013/UBNA_001/20221012_030000.WAV,Telephone Field,recover-20221013,001,1795
1691.4935,1691.5309,68437,82118,Rhinolophus ferrumequinum,0.024,0.024,-1,Echolocation,/mnt/ubna_data_02_mir/recover-20221013/UBNA_001/20221012_030000.WAV,Telephone Field,recover-20221013,001,1795
1691.5025,1691.5097,28906,39447,Eptesicus serotinus,0.009,0.027,-1,Echolocation,/mnt/ubna_data_02_mir/recover-20221013/UBNA_001/20221012_030000.WAV,Telephone Field,recover-20221013,001,1795
1691.5435,1691.553,23750,29689,Nyctalus leisleri,0.009,0.023,-1,Echolocation,/mnt/ubna_data_02_mir/recover-20221013/UBNA_001/20221012_030000.WAV,Telephone Field,recover-20221013,001,1795
1691.5855,1691.6243,68437,82365,Rhinolophus ferrumequinum,0.022,0.022,-1,Echolocation,/mnt/ubna_data_02_mir/recover-20221013/UBNA_001/20221012_030000.WAV,Telephone Field,recover-20221013,001,1795
1691.5935,1691.6324,68437,82427,Rhinolophus ferrumequinum,0.022,0.022,-1,Echolocation,/mnt/ubna_data_02_mir/recover-20221013/UBNA_001/20221012_030000.WAV,Telephone Field,recover-20221013,001,1795
1691.6055,1691.6139,24609,32492,Eptesicus serotinus,0.006,0.021,-1,Echolocation,/mnt/ubna_data_02_mir/recover-20221013/UBNA_001/20221012_030000.WAV,Telephone Field,recover-20221013,001,1795
1691.6075,1691.6487,68437,82617,Rhinolophus ferrumequinum,0.027,0.027,-1,Echolocation,/mnt/ubna_data_02_mir/recover-20221013/UBNA_001/20221012_030000.WAV,Telephone Field,recover-20221013,001,1795
1691.6185,1691.6314,24609,30466,Nyctalus leisleri,0.016,0.038,-1,Echolocation,/mnt/ubna_data_02_mir/recover-20221013/UBNA_001/20221012_030000.WAV,Telephone Field,recover-20221013,001,1795
1691.6515,1691.6915,68437,82504,Rhinolophus ferrumequinum,0.024,0.024,-1,Echolocation,/mnt/ubna_data_02_mir/recover-20221013/UBNA_001/20221012_030000.WAV,Telephone Field,recover-20221013,001,1795
1691.6635,1691.676,23750,28880,Nyctalus leisleri,0.014,0.031,-1,Echolocation,/mnt/ubna_data_02_mir/recover-20221013/UBNA_001/20221012_030000.WAV,Telephone Field,recover-20221013,001,1795
1691.6995,1691.7162,20312,23322,Nyctalus leisleri,0.014,0.024,-1,Echolocation,/mnt/ubna_data_02_mir/recover-20221013/UBNA_001/20221012_030000.WAV,Telephone Field,recover-20221013,001,1795
1691.7035,1691.7449,68437,83035,Rhinolophus ferrumequinum,0.027,0.027,-1,Echolocation,/mnt/ubna_data_02_mir/recover-20221013/UBNA_001/20221012_030000.WAV,Telephone Field,recover-20221013,001,1795
1691.7295,1691.7707,68437,82847,Rhinolophus ferrumequinum,0.027,0.027,-1,Echolocation,/mnt/ubna_data_02_mir/recover-20221013/UBNA_001/20221012_030000.WAV,Telephone Field,recover-20221013,001,1795
1691.7595,1691.7969,68437,81983,Rhinolophus ferrumequinum,0.027,0.027,-1,Echolocation,/mnt/ubna_data_02_mir/recover-20221013/UBNA_001/20221012_030000.WAV,Telephone Field,recover-20221013,001,1795
1691.7675,1691.8078,68437,82587,Rhinolophus ferrumequinum,0.023,0.023,-1,Echolocation,/mnt/ubna_data_02_mir/recover-20221013/UBNA_001/20221012_030000.WAV,Telephone Field,recover-20221013,001,1795
1691.7755,1691.7822,28906,39026,Eptesicus serotinus,0.007,0.026,-1,Echolocation,/mnt/ubna_data_02_mir/recover-20221013/UBNA_001/20221012_030000.WAV,Telephone Field,recover-20221013,001,1795
1691.8125,1691.8225,28046,35563,Eptesicus serotinus,0.008,0.02,-1,Echolocation,/mnt/ubna_data_02_mir/recover-20221013/UBNA_001/20221012_030000.WAV,Telephone Field,recover-20221013,001,1795
1691.8255,1691.8346,28046,39256,Eptesicus serotinus,0.008,0.02,-1,Echolocation,/mnt/ubna_data_02_mir/recover-20221013/UBNA_001/20221012_030000.WAV,Telephone Field,recover-20221013,001,1795
1691.8305,1691.8384,28046,36895,Eptesicus serotinus,0.007,0.021,-1,Echolocation,/mnt/ubna_data_02_mir/recover-20221013/UBNA_001/20221012_030000.WAV,Telephone Field,recover-20221013,001,1795
1691.8325,1691.8714,68437,81461,Rhinolophus ferrumequinum,0.02,0.02,-1,Echolocation,/mnt/ubna_data_02_mir/recover-20221013/UBNA_001/20221012_030000.WAV,Telephone Field,recover-20221013,001,1795
1691.8895,1691.9279,68437,82691,Rhinolophus ferrumequinum,0.022,0.022,-1,Echolocation,/mnt/ubna_data_02_mir/recover-20221013/UBNA_001/20221012_030000.WAV,Telephone Field,recover-20221013,001,1795
1691.8915,1691.8995,28046,36965,Eptesicus serotinus,0.007,0.022,-1,Echolocation,/mnt/ubna_data_02_mir/recover-20221013/UBNA_001/20221012_030000.WAV,Telephone Field,recover-20221013,001,1795
1691.9225,1691.9614,68437,82335,Rhinolophus ferrumequinum,0.033,0.033,-1,Echolocation,/mnt/ubna_data_02_mir/recover-20221013/UBNA_001/20221012_030000.WAV,Telephone Field,recover-20221013,001,1795
1691.9475,1691.9863,68437,82294,Rhinolophus ferrumequinum,0.023,0.023,-1,Echolocation,/mnt/ubna_data_02_mir/recover-20221013/UBNA_001/20221012_030000.WAV,Telephone Field,recover-20221013,001,1795
1691.9505,1691.9601,25468,32587,Eptesicus serotinus,0.006,0.02,-1,Echolocation,/mnt/ubna_data_02_mir/recover-20221013/UBNA_001/20221012_030000.WAV,Telephone Field,recover-20221013,001,1795
1691.9805,1691.9913,27187,35155,Eptesicus serotinus,0.01,0.023,-1,Echolocation,/mnt/ubna_data_02_mir/recover-20221013/UBNA_001/20221012_030000.WAV,Telephone Field,recover-20221013,001,1795
1692.0015,1692.0323,68437,80205,Rhinolophus ferrumequinum,0.028,0.029,-1,Echolocation,/mnt/ubna_data_02_mir/recover-20221013/UBNA_001/20221012_030000.WAV,Telephone Field,recover-20221013,001,1795
1692.0015,1692.0098,26328,34650,Eptesicus serotinus,0.009,0.03,-1,Echolocation,/mnt/ubna_data_02_mir/recover-20221013/UBNA_001/20221012_030000.WAV,Telephone Field,recover-20221013,001,1795
1692.0015,1692.0091,47812,53702,Pipistrellus pipistrellus,0.02,0.025,-1,Echolocation,/mnt/ubna_data_02_mir/recover-20221013/UBNA_001/20221012_030000.WAV,Telephone Field,recover-20221013,001,1795
1692.0155,1692.0281,33203,39136,Eptesicus serotinus,0.01,0.028,-1,Echolocation,/mnt/ubna_data_02_mir/recover-20221013/UBNA_001/20221012_030000.WAV,Telephone Field,recover-20221013,001,1795
1692.0415,1692.0766,68437,81172,Rhinolophus ferrumequinum,0.021,0.022,-1,Echolocation,/mnt/ubna_data_02_mir/recover-20221013/UBNA_001/20221012_030000.WAV,Telephone Field,recover-20221013,001,1795
1692.0605,1692.1007,68437,83012,Rhinolophus ferrumequinum,0.026,0.026,-1,Echolocation,/mnt/ubna_data_02_mir/recover-20221013/UBNA_001/20221012_030000.WAV,Telephone Field,recover-20221013,001,1795
1692.0845,1692.1227,68437,81598,Rhinolophus ferrumequinum,0.024,0.024,-1,Echolocation,/mnt/ubna_data_02_mir/recover-20221013/UBNA_001/20221012_030000.WAV,Telephone Field,recover-20221013,001,1795
1692.0905,1692.1036,22890,27954,Nyctalus leisleri,0.016,0.03,-1,Echolocation,/mnt/ubna_data_02_mir/recover-20221013/UBNA_001/20221012_030000.WAV,Telephone Field,recover-20221013,001,1795
1692.1265,1692.1637,68437,82260,Rhinolophus ferrumequinum,0.023,0.023,-1,Echolocation,/mnt/ubna_data_02_mir/recover-20221013/UBNA_001/20221012_030000.WAV,Telephone Field,recover-20221013,001,1795
1692.1515,1692.1894,68437,82262,Rhinolophus ferrumequinum,0.022,0.022,-1,Echolocation,/mnt/ubna_data_02_mir/recover-20221013/UBNA_001/20221012_030000.WAV,Telephone Field,recover-20221013,001,1795
1692.1615,1692.169,28906,42311,Eptesicus serotinus,0.007,0.022,-1,Echolocation,/mnt/ubna_data_02_mir/recover-20221013/UBNA_001/20221012_030000.WAV,Telephone Field,recover-20221013,001,1795
1692.1945,1692.2307,68437,81572,Rhinolophus ferrumequinum,0.021,0.022,-1,Echolocation,/mnt/ubna_data_02_mir/recover-20221013/UBNA_001/20221012_030000.WAV,Telephone Field,recover-20221013,001,1795
1692.2595,1692.3003,68437,82589,Rhinolophus ferrumequinum,0.022,0.022,-1,Echolocation,/mnt/ubna_data_02_mir/recover-20221013/UBNA_001/20221012_030000.WAV,Telephone Field,recover-20221013,001,1795
1692.2775,1692.2861,26328,37222,Eptesicus serotinus,0.009,0.024,-1,Echolocation,/mnt/ubna_data_02_mir/recover-20221013/UBNA_001/20221012_030000.WAV,Telephone Field,recover-20221013,001,1795
1692.2975,1692.3091,22031,26814,Nyctalus leisleri,0.012,0.023,-1,Echolocation,/mnt/ubna_data_02_mir/recover-20221013/UBNA_001/20221012_030000.WAV,Telephone Field,recover-20221013,001,1795
1692.2995,1692.3394,68437,82483,Rhinolophus ferrumequinum,0.022,0.022,-1,Echolocation,/mnt/ubna_data_02_mir/recover-20221013/UBNA_001/20221012_030000.WAV,Telephone Field,recover-20221013,001,1795
1692.3385,1692.3785,68437,82818,Rhinolophus ferrumequinum,0.03,0.03,-1,Echolocation,/mnt/ubna_data_02_mir/recover-20221013/UBNA_001/20221012_030000.WAV,Telephone Field,recover-20221013,001,1795
1692.3465,1692.3854,68437,81985,Rhinolophus ferrumequinum,0.023,0.023,-1,Echolocation,/mnt/ubna_data_02_mir/recover-20221013/UBNA_001/20221012_030000.WAV,Telephone Field,recover-20221013,001,1795
1692.3905,1692.4336,68437,82498,Rhinolophus ferrumequinum,0.029,0.029,-1,Echolocation,/mnt/ubna_data_02_mir/recover-20221013/UBNA_001/20221012_030000.WAV,Telephone Field,recover-20221013,001,1795
1692.4915,1692.5337,68437,83215,Rhinolophus ferrumequinum,0.028,0.028,-1,Echolocation,/mnt/ubna_data_02_mir/recover-20221013/UBNA_001/20221012_030000.WAV,Telephone Field,recover-20221013,001,1795
1692.5155,1692.5239,14296,23566,Plecotus auritus,0.014,0.031,-1,Echolocation,/mnt/ubna_data_02_mir/recover-20221013/UBNA_001/20221012_030000.WAV,Telephone Field,recover-20221013,001,1795
1692.5365,1692.546,28046,39780,Eptesicus serotinus,0.01,0.024,-1,Echolocation,/mnt/ubna_data_02_mir/recover-20221013/UBNA_001/20221012_030000.WAV,Telephone Field,recover-20221013,001,1795
1692.5615,1692.571,24609,31757,Nyctalus leisleri,0.01,0.028,-1,Echolocation,/mnt/ubna_data_02_mir/recover-20221013/UBNA_001/20221012_030000.WAV,Telephone Field,recover-20221013,001,1795
1692.5665,1692.6081,68437,82530,Rhinolophus ferrumequinum,0.028,0.028,-1,Echolocation,/mnt/ubna_data_02_mir/recover-20221013/UBNA_001/20221012_030000.WAV,Telephone Field,recover-20221013,001,1795
1692.6105,1692.6502,68437,82372,Rhinolophus ferrumequinum,0.022,0.022,-1,Echolocation,/mnt/ubna_data_02_mir/recover-20221013/UBNA_001/20221012_030000.WAV,Telephone Field,recover-20221013,001,1795
1692.6765,1692.7162,68437,82473,Rhinolophus ferrumequinum,0.028,0.028,-1,Echolocation,/mnt/ubna_data_02_mir/recover-20221013/UBNA_001/20221012_030000.WAV,Telephone Field,recover-20221013,001,1795
1692.7015,1692.7403,68437,82715,Rhinolophus ferrumequinum,0.023,0.023,-1,Echolocation,/mnt/ubna_data_02_mir/recover-20221013/UBNA_001/20221012_030000.WAV,Telephone Field,recover-20221013,001,1795
1692.7045,1692.7147,31484,38482,Eptesicus serotinus,0.012,0.038,-1,Echolocation,/mnt/ubna_data_02_mir/recover-20221013/UBNA_001/20221012_030000.WAV,Telephone Field,recover-20221013,001,1795
1692.7185,1692.7583,68437,81907,Rhinolophus ferrumequinum,0.022,0.022,-1,Echolocation,/mnt/ubna_data_02_mir/recover-20221013/UBNA_001/20221012_030000.WAV,Telephone Field,recover-20221013,001,1795
1692.7205,1692.7321,22890,28164,Nyctalus leisleri,0.011,0.023,-1,Echolocation,/mnt/ubna_data_02_mir/recover-20221013/UBNA_001/20221012_030000.WAV,Telephone Field,recover-20221013,001,1795
1692.7315,1692.7676,68437,81797,Rhinolophus ferrumequinum,0.022,0.022,-1,Echolocation,/mnt/ubna_data_02_mir/recover-20221013/UBNA_001/20221012_030000.WAV,Telephone Field,recover-20221013,001,1795
1692.7385,1692.7785,68437,82485,Rhinolophus ferrumequinum,0.023,0.023,-1,Echolocation,/mnt/ubna_data_02_mir/recover-20221013/UBNA_001/20221012_030000.WAV,Telephone Field,recover-20221013,001,1795
1692.7585,1692.7716,24609,29327,Nyctalus leisleri,0.017,0.034,-1,Echolocation,/mnt/ubna_data_02_mir/recover-20221013/UBNA_001/20221012_030000.WAV,Telephone Field,recover-20221013,001,1795
1692.7745,1692.7849,22890,28185,Nyctalus leisleri,0.01,0.023,-1,Echolocation,/mnt/ubna_data_02_mir/recover-20221013/UBNA_001/20221012_030000.WAV,Telephone Field,recover-20221013,001,1795
1692.7815,1692.8186,68437,80864,Rhinolophus ferrumequinum,0.022,0.022,-1,Echolocation,/mnt/ubna_data_02_mir/recover-20221013/UBNA_001/20221012_030000.WAV,Telephone Field,recover-20221013,001,1795
1692.8025,1692.8426,68437,82592,Rhinolophus ferrumequinum,0.023,0.023,-1,Echolocation,/mnt/ubna_data_02_mir/recover-20221013/UBNA_001/20221012_030000.WAV,Telephone Field,recover-20221013,001,1795
1692.8075,1692.8479,68437,82779,Rhinolophus ferrumequinum,0.024,0.024,-1,Echolocation,/mnt/ubna_data_02_mir/recover-20221013/UBNA_001/20221012_030000.WAV,Telephone Field,recover-20221013,001,1795
1692.8255,1692.8337,55546,60339,Pipistrellus pygmaeus,0.022,0.023,-1,Echolocation,/mnt/ubna_data_02_mir/recover-20221013/UBNA_001/20221012_030000.WAV,Telephone Field,recover-20221013,001,1795
1692.8415,1692.8802,68437,81990,Rhinolophus ferrumequinum,0.024,0.024,-1,Echolocation,/mnt/ubna_data_02_mir/recover-20221013/UBNA_001/20221012_030000.WAV,Telephone Field,recover-20221013,001,1795
1692.8535,1692.8626,50390,57472,Pipistrellus pipistrellus,0.02,0.025,-1,Echolocation,/mnt/ubna_data_02_mir/recover-20221013/UBNA_001/20221012_030000.WAV,Telephone Field,recover-20221013,001,1795
1692.8675,1692.9033,68437,80722,Rhinolophus ferrumequinum,0.023,0.023,-1,Echolocation,/mnt/ubna_data_02_mir/recover-20221013/UBNA_001/20221012_030000.WAV,Telephone Field,recover-20221013,001,1795
1692.9075,1692.9165,44375,55403,Pipistrellus pipistrellus,0.019,0.032,-1,Echolocation,/mnt/ubna_data_02_mir/recover-20221013/UBNA_001/20221012_030000.WAV,Telephone Field,recover-20221013,001,1795
1692.9215,1692.9626,68437,82542,Rhinolophus ferrumequinum,0.029,0.029,-1,Echolocation,/mnt/ubna_data_02_mir/recover-20221013/UBNA_001/20221012_030000.WAV,Telephone Field,recover-20221013,001,1795
1692.9315,1692.9713,68437,81982,Rhinolophus ferrumequinum,0.023,0.023,-1,Echolocation,/mnt/ubna_data_02_mir/recover-20221013/UBNA_001/20221012_030000.WAV,Telephone Field,recover-20221013,001,1795
1692.9425,1692.9824,68437,82496,Rhinolophus ferrumequinum,0.023,0.023,-1,Echolocation,/mnt/ubna_data_02_mir/recover-20221013/UBNA_001/20221012_030000.WAV,Telephone Field,recover-20221013,001,1795
1692.9705,1693.0099,68437,82123,Rhinolophus ferrumequinum,0.023,0.023,-1,Echolocation,/mnt/ubna_data_02_mir/recover-20221013/UBNA_001/20221012_030000.WAV,Telephone Field,recover-20221013,001,1795
1692.9755,1692.9861,55546,61484,Pipistrellus pygmaeus,0.021,0.022,-1,Echolocation,/mnt/ubna_data_02_mir/recover-20221013/UBNA_001/20221012_030000.WAV,Telephone Field,recover-20221013,001,1795
1692.9965,1693.0368,68437,82356,Rhinolophus ferrumequinum,0.023,0.023,-1,Echolocation,/mnt/ubna_data_02_mir/recover-20221013/UBNA_001/20221012_030000.WAV,Telephone Field,recover-20221013,001,1795
1693.0205,1693.0586,68437,82218,Rhinolophus ferrumequinum,0.033,0.033,-1,Echolocation,/mnt/ubna_data_02_mir/recover-20221013/UBNA_001/20221012_030000.WAV,Telephone Field,recover-20221013,001,1795
1693.0295,1693.04,29765,37206,Eptesicus serotinus,0.012,0.026,-1,Echolocation,/mnt/ubna_data_02_mir/recover-20221013/UBNA_001/20221012_030000.WAV,Telephone Field,recover-20221013,001,1795
1693.0835,1693.1246,68437,83173,Rhinolophus ferrumequinum,0.027,0.027,-1,Echolocation,/mnt/ubna_data_02_mir/recover-20221013/UBNA_001/20221012_030000.WAV,Telephone Field,recover-20221013,001,1795
1693.0935,1693.1016,28046,39407,Eptesicus serotinus,0.008,0.023,-1,Echolocation,/mnt/ubna_data_02_mir/recover-20221013/UBNA_001/20221012_030000.WAV,Telephone Field,recover-20221013,001,1795
1693.0935,1693.1393,68437,83508,Rhinolophus ferrumequinum,0.038,0.038,-1,Echolocation,/mnt/ubna_data_02_mir/recover-20221013/UBNA_001/20221012_030000.WAV,Telephone Field,recover-20221013,001,1795
1693.1205,1693.1613,68437,82398,Rhinolophus ferrumequinum,0.027,0.027,-1,Echolocation,/mnt/ubna_data_02_mir/recover-20221013/UBNA_001/20221012_030000.WAV,Telephone Field,recover-20221013,001,1795
1693.1215,1693.1304,50390,56154,Pipistrellus pipistrellus,0.03,0.034,-1,Echolocation,/mnt/ubna_data_02_mir/recover-20221013/UBNA_001/20221012_030000.WAV,Telephone Field,recover-20221013,001,1795
1693.1335,1693.1718,68437,82690,Rhinolophus ferrumequinum,0.023,0.023,-1,Echolocation,/mnt/ubna_data_02_mir/recover-20221013/UBNA_001/20221012_030000.WAV,Telephone Field,recover-20221013,001,1795
1693.1835,1693.2211,68437,82227,Rhinolophus ferrumequinum,0.022,0.022,-1,Echolocation,/mnt/ubna_data_02_mir/recover-20221013/UBNA_001/20221012_030000.WAV,Telephone Field,recover-20221013,001,1795
1693.2105,1693.2472,68437,81804,Rhinolophus ferrumequinum,0.023,0.023,-1,Echolocation,/mnt/ubna_data_02_mir/recover-20221013/UBNA_001/20221012_030000.WAV,Telephone Field,recover-20221013,001,1795
1693.2275,1693.2691,68437,82478,Rhinolophus ferrumequinum,0.023,0.023,-1,Echolocation,/mnt/ubna_data_02_mir/recover-20221013/UBNA_001/20221012_030000.WAV,Telephone Field,recover-20221013,001,1795
1693.2435,1693.2798,68437,80300,Rhinolophus ferrumequinum,0.031,0.031,-1,Echolocation,/mnt/ubna_data_02_mir/recover-20221013/UBNA_001/20221012_030000.WAV,Telephone Field,recover-20221013,001,1795
1693.2845,1693.2955,25468,32681,Eptesicus serotinus,0.012,0.032,-1,Echolocation,/mnt/ubna_data_02_mir/recover-20221013/UBNA_001/20221012_030000.WAV,Telephone Field,recover-20221013,001,1795
1693.3235,1693.3627,68437,82781,Rhinolophus ferrumequinum,0.023,0.023,-1,Echolocation,/mnt/ubna_data_02_mir/recover-20221013/UBNA_001/20221012_030000.WAV,Telephone Field,recover-20221013,001,1795
1693.3695,1693.4107,68437,82894,Rhinolophus ferrumequinum,0.025,0.025,-1,Echolocation,/mnt/ubna_data_02_mir/recover-20221013/UBNA_001/20221012_030000.WAV,Telephone Field,recover-20221013,001,1795
1693.3765,1693.3844,23750,31634,Plecotus austriacus,0.008,0.022,-1,Echolocation,/mnt/ubna_data_02_mir/recover-20221013/UBNA_001/20221012_030000.WAV,Telephone Field,recover-20221013,001,1795
1693.4155,1693.4253,26328,33955,Eptesicus serotinus,0.012,0.027,-1,Echolocation,/mnt/ubna_data_02_mir/recover-20221013/UBNA_001/20221012_030000.WAV,Telephone Field,recover-20221013,001,1795
1693.4465,1693.4865,68437,82539,Rhinolophus ferrumequinum,0.022,0.022,-1,Echolocation,/mnt/ubna_data_02_mir/recover-20221013/UBNA_001/20221012_030000.WAV,Telephone Field,recover-20221013,001,1795
1693.4495,1693.4599,23750,29407,Nyctalus leisleri,0.01,0.023,-1,Echolocation,/mnt/ubna_data_02_mir/recover-20221013/UBNA_001/20221012_030000.WAV,Telephone Field,recover-20221013,001,1795
1693.4855,1693.5238,68437,81832,Rhinolophus ferrumequinum,0.023,0.023,-1,Echolocation,/mnt/ubna_data_02_mir/recover-20221013/UBNA_001/20221012_030000.WAV,Telephone Field,recover-20221013,001,1795
1693.4905,1693.5032,25468,30366,Nyctalus leisleri,0.014,0.031,-1,Echolocation,/mnt/ubna_data_02_mir/recover-20221013/UBNA_001/20221012_030000.WAV,Telephone Field,recover-20221013,001,1795
1693.5395,1693.5474,26328,35136,Eptesicus serotinus,0.008,0.022,-1,Echolocation,/mnt/ubna_data_02_mir/recover-20221013/UBNA_001/20221012_030000.WAV,Telephone Field,recover-20221013,001,1795
1693.5515,1693.5917,68437,82934,Rhinolophus ferrumequinum,0.029,0.029,-1,Echolocation,/mnt/ubna_data_02_mir/recover-20221013/UBNA_001/20221012_030000.WAV,Telephone Field,recover-20221013,001,1795
1693.5685,1693.5776,25468,33016,Eptesicus serotinus,0.009,0.027,-1,Echolocation,/mnt/ubna_data_02_mir/recover-20221013/UBNA_001/20221012_030000.WAV,Telephone Field,recover-20221013,001,1795
1693.6145,1693.6489,68437,81521,Rhinolophus ferrumequinum,0.022,0.022,-1,Echolocation,/mnt/ubna_data_02_mir/recover-20221013/UBNA_001/20221012_030000.WAV,Telephone Field,recover-20221013,001,1795
1693.6145,1693.6285,27187,33201,Eptesicus serotinus,0.018,0.034,-1,Echolocation,/mnt/ubna_data_02_mir/recover-20221013/UBNA_001/20221012_030000.WAV,Telephone Field,recover-20221013,001,1795
1693.6435,1693.6837,68437,82752,Rhinolophus ferrumequinum,0.028,0.028,-1,Echolocation,/mnt/ubna_data_02_mir/recover-20221013/UBNA_001/20221012_030000.WAV,Telephone Field,recover-20221013,001,1795
1693.6605,1693.6675,23750,32341,Plecotus austriacus,0.01,0.024,-1,Echolocation,/mnt/ubna_data_02_mir/recover-20221013/UBNA_001/20221012_030000.WAV,Telephone Field,recover-20221013,001,1795
1693.6815,1693.6907,29765,37433,Eptesicus serotinus,0.007,0.022,-1,Echolocation,/mnt/ubna_data_02_mir/recover-20221013/UBNA_001/20221012_030000.WAV,Telephone Field,recover-20221013,001,1795
1693.6915,1693.7013,28906,37917,Eptesicus serotinus,0.015,0.035,-1,Echolocation,/mnt/ubna_data_02_mir/recover-20221013/UBNA_001/20221012_030000.WAV,Telephone Field,recover-20221013,001,1795
1693.7225,1693.76,68437,81282,Rhinolophus ferrumequinum,0.023,0.023,-1,Echolocation,/mnt/ubna_data_02_mir/recover-20221013/UBNA_001/20221012_030000.WAV,Telephone Field,recover-20221013,001,1795
1693.7315,1693.7722,68437,82330,Rhinolophus ferrumequinum,0.027,0.027,-1,Echolocation,/mnt/ubna_data_02_mir/recover-20221013/UBNA_001/20221012_030000.WAV,Telephone Field,recover-20221013,001,1795
1693.7415,1693.7524,23750,29780,Nyctalus leisleri,0.009,0.022,-1,Echolocation,/mnt/ubna_data_02_mir/recover-20221013/UBNA_001/20221012_030000.WAV,Telephone Field,recover-20221013,001,1795
1693.7525,1693.7628,45234,48847,Pipistrellus pipistrellus,0.023,0.025,-1,Echolocation,/mnt/ubna_data_02_mir/recover-20221013/UBNA_001/20221012_030000.WAV,Telephone Field,recover-20221013,001,1795
1693.7715,1693.7787,26328,39428,Eptesicus serotinus,0.007,0.022,-1,Echolocation,/mnt/ubna_data_02_mir/recover-20221013/UBNA_001/20221012_030000.WAV,Telephone Field,recover-20221013,001,1795
1693.7915,1693.8297,68437,82221,Rhinolophus ferrumequinum,0.022,0.022,-1,Echolocation,/mnt/ubna_data_02_mir/recover-20221013/UBNA_001/20221012_030000.WAV,Telephone Field,recover-20221013,001,1795
1693.8045,1693.8453,68437,82330,Rhinolophus ferrumequinum,0.025,0.025,-1,Echolocation,/mnt/ubna_data_02_mir/recover-20221013/UBNA_001/20221012_030000.WAV,Telephone Field,recover-20221013,001,1795
1693.8185,1693.8574,68437,82001,Rhinolophus ferrumequinum,0.022,0.022,-1,Echolocation,/mnt/ubna_data_02_mir/recover-20221013/UBNA_001/20221012_030000.WAV,Telephone Field,recover-20221013,001,1795
1693.8295,1693.8686,68437,82804,Rhinolophus ferrumequinum,0.022,0.022,-1,Echolocation,/mnt/ubna_data_02_mir/recover-20221013/UBNA_001/20221012_030000.WAV,Telephone Field,recover-20221013,001,1795
1693.8295,1693.8363,28906,41857,Eptesicus serotinus,0.009,0.031,-1,Echolocation,/mnt/ubna_data_02_mir/recover-20221013/UBNA_001/20221012_030000.WAV,Telephone Field,recover-20221013,001,1795
1693.8385,1693.8787,68437,82384,Rhinolophus ferrumequinum,0.023,0.023,-1,Echolocation,/mnt/ubna_data_02_mir/recover-20221013/UBNA_001/20221012_030000.WAV,Telephone Field,recover-20221013,001,1795
1693.8475,1693.8868,68437,82412,Rhinolophus ferrumequinum,0.024,0.024,-1,Echolocation,/mnt/ubna_data_02_mir/recover-20221013/UBNA_001/20221012_030000.WAV,Telephone Field,recover-20221013,001,1795
1693.8955,1693.9025,28046,39024,Eptesicus serotinus,0.006,0.025,-1,Echolocation,/mnt/ubna_data_02_mir/recover-20221013/UBNA_001/20221012_030000.WAV,Telephone Field,recover-20221013,001,1795
1693.9075,1693.9495,68437,83364,Rhinolophus ferrumequinum,0.028,0.028,-1,Echolocation,/mnt/ubna_data_02_mir/recover-20221013/UBNA_001/20221012_030000.WAV,Telephone Field,recover-20221013,001,1795
1693.9485,1693.9589,14296,22605,Nyctalus noctula,0.016,0.029,-1,Echolocation,/mnt/ubna_data_02_mir/recover-20221013/UBNA_001/20221012_030000.WAV,Telephone Field,recover-20221013,001,1795
1693.9855,1693.9963,22031,27512,Nyctalus leisleri,0.012,0.027,-1,Echolocation,/mnt/ubna_data_02_mir/recover-20221013/UBNA_001/20221012_030000.WAV,Telephone Field,recover-20221013,001,1795
1694.0015,1694.0106,24609,32929,Nyctalus leisleri,0.009,0.029,-1,Echolocation,/mnt/ubna_data_02_mir/recover-20221013/UBNA_001/20221012_030000.WAV,Telephone Field,recover-20221013,001,1795
1694.0015,1694.032,69296,81367,Rhinolophus ferrumequinum,0.028,0.028,-1,Echolocation,/mnt/ubna_data_02_mir/recover-20221013/UBNA_001/20221012_030000.WAV,Telephone Field,recover-20221013,001,1795
1694.0125,1694.0564,68437,83539,Rhinolophus ferrumequinum,0.029,0.029,-1,Echolocation,/mnt/ubna_data_02_mir/recover-20221013/UBNA_001/20221012_030000.WAV,Telephone Field,recover-20221013,001,1795
1694.0175,1694.0262,28906,37365,Eptesicus serotinus,0.01,0.027,-1,Echolocation,/mnt/ubna_data_02_mir/recover-20221013/UBNA_001/20221012_030000.WAV,Telephone Field,recover-20221013,001,1795
1694.0235,1694.061,68437,81257,Rhinolophus ferrumequinum,0.025,0.025,-1,Echolocation,/mnt/ubna_data_02_mir/recover-20221013/UBNA_001/20221012_030000.WAV,Telephone Field,recover-20221013,001,1795
1694.1345,1694.1461,22890,27828,Nyctalus leisleri,0.011,0.021,-1,Echolocation,/mnt/ubna_data_02_mir/recover-20221013/UBNA_001/20221012_030000.WAV,Telephone Field,recover-20221013,001,1795
1694.1545,1694.1619,27187,38213,Eptesicus serotinus,0.01,0.027,-1,Echolocation,/mnt/ubna_data_02_mir/recover-20221013/UBNA_001/20221012_030000.WAV,Telephone Field,recover-20221013,001,1795
1694.1645,1694.1719,28046,38251,Eptesicus serotinus,0.006,0.021,-1,Echolocation,/mnt/ubna_data_02_mir/recover-20221013/UBNA_001/20221012_030000.WAV,Telephone Field,recover-20221013,001,1795
1694.1745,1694.2114,68437,82260,Rhinolophus ferrumequinum,0.022,0.022,-1,Echolocation,/mnt/ubna_data_02_mir/recover-20221013/UBNA_001/20221012_030000.WAV,Telephone Field,recover-20221013,001,1795
1694.2015,1694.212,23750,31050,Nyctalus leisleri,0.008,0.024,-1,Echolocation,/mnt/ubna_data_02_mir/recover-20221013/UBNA_001/20221012_030000.WAV,Telephone Field,recover-20221013,001,1795
1694.2025,1694.2421,68437,82047,Rhinolophus ferrumequinum,0.023,0.023,-1,Echolocation,/mnt/ubna_data_02_mir/recover-20221013/UBNA_001/20221012_030000.WAV,Telephone Field,recover-20221013,001,1795
1694.2185,1694.2578,68437,82408,Rhinolophus ferrumequinum,0.023,0.023,-1,Echolocation,/mnt/ubna_data_02_mir/recover-20221013/UBNA_001/20221012_030000.WAV,Telephone Field,recover-20221013,001,1795
1694.3555,1694.3941,68437,82463,Rhinolophus ferrumequinum,0.022,0.022,-1,Echolocation,/mnt/ubna_data_02_mir/recover-20221013/UBNA_001/20221012_030000.WAV,Telephone Field,recover-20221013,001,1795
1694.3675,1694.4075,68437,82632,Rhinolophus ferrumequinum,0.023,0.023,-1,Echolocation,/mnt/ubna_data_02_mir/recover-20221013/UBNA_001/20221012_030000.WAV,Telephone Field,recover-20221013,001,1795
1694.3865,1694.3955,28046,38387,Eptesicus serotinus,0.008,0.022,-1,Echolocation,/mnt/ubna_data_02_mir/recover-20221013/UBNA_001/20221012_030000.WAV,Telephone Field,recover-20221013,001,1795
1694.3905,1694.4304,68437,82212,Rhinolophus ferrumequinum,0.024,0.024,-1,Echolocation,/mnt/ubna_data_02_mir/recover-20221013/UBNA_001/20221012_030000.WAV,Telephone Field,recover-20221013,001,1795
1694.4075,1694.4147,27187,40678,Eptesicus serotinus,0.007,0.025,-1,Echolocation,/mnt/ubna_data_02_mir/recover-20221013/UBNA_001/20221012_030000.WAV,Telephone Field,recover-20221013,001,1795
1694.4075,1694.414,33203,41454,Myotis daubentonii,0.013,0.03,-1,Echolocation,/mnt/ubna_data_02_mir/recover-20221013/UBNA_001/20221012_030000.WAV,Telephone Field,recover-20221013,001,1795
1694.4635,1694.4713,23750,32041,Plecotus austriacus,0.009,0.022,-1,Echolocation,/mnt/ubna_data_02_mir/recover-20221013/UBNA_001/20221012_030000.WAV,Telephone Field,recover-20221013,001,1795
1694.4635,1694.4707,28906,41481,Eptesicus serotinus,0.007,0.024,-1,Echolocation,/mnt/ubna_data_02_mir/recover-20221013/UBNA_001/20221012_030000.WAV,Telephone Field,recover-20221013,001,1795
1694.5245,1694.5333,27187,37434,Eptesicus serotinus,0.008,0.023,-1,Echolocation,/mnt/ubna_data_02_mir/recover-20221013/UBNA_001/20221012_030000.WAV,Telephone Field,recover-20221013,001,1795
1694.5485,1694.5582,22031,27358,Nyctalus leisleri,0.009,0.022,-1,Echolocation,/mnt/ubna_data_02_mir/recover-20221013/UBNA_001/20221012_030000.WAV,Telephone Field,recover-20221013,001,1795
1694.6045,1694.6436,68437,82633,Rhinolophus ferrumequinum,0.05,0.05,-1,Echolocation,/mnt/ubna_data_02_mir/recover-20221013/UBNA_001/20221012_030000.WAV,Telephone Field,recover-20221013,001,1795
1694.6295,1694.6703,68437,83106,Rhinolophus ferrumequinum,0.027,0.027,-1,Echolocation,/mnt/ubna_data_02_mir/recover-20221013/UBNA_001/20221012_030000.WAV,Telephone Field,recover-20221013,001,1795
1694.6505,1694.6899,68437,82236,Rhinolophus ferrumequinum,0.028,0.028,-1,Echolocation,/mnt/ubna_data_02_mir/recover-20221013/UBNA_001/20221012_030000.WAV,Telephone Field,recover-20221013,001,1795
1694.6955,1694.7283,68437,80171,Rhinolophus ferrumequinum,0.022,0.023,-1,Echolocation,/mnt/ubna_data_02_mir/recover-20221013/UBNA_001/20221012_030000.WAV,Telephone Field,recover-20221013,001,1795
1694.7085,1694.7224,22031,26131,Nyctalus leisleri,0.013,0.023,-1,Echolocation,/mnt/ubna_data_02_mir/recover-20221013/UBNA_001/20221012_030000.WAV,Telephone Field,recover-20221013,001,1795
1694.7175,1694.7276,26328,34418,Eptesicus serotinus,0.013,0.027,-1,Echolocation,/mnt/ubna_data_02_mir/recover-20221013/UBNA_001/20221012_030000.WAV,Telephone Field,recover-20221013,001,1795
1694.7185,1694.7556,68437,80894,Rhinolophus ferrumequinum,0.023,0.023,-1,Echolocation,/mnt/ubna_data_02_mir/recover-20221013/UBNA_001/20221012_030000.WAV,Telephone Field,recover-20221013,001,1795
1694.7475,1694.7544,28046,39348,Eptesicus serotinus,0.01,0.036,-1,Echolocation,/mnt/ubna_data_02_mir/recover-20221013/UBNA_001/20221012_030000.WAV,Telephone Field,recover-20221013,001,1795
1694.7565,1694.7964,68437,82661,Rhinolophus ferrumequinum,0.023,0.023,-1,Echolocation,/mnt/ubna_data_02_mir/recover-20221013/UBNA_001/20221012_030000.WAV,Telephone Field,recover-20221013,001,1795
1694.7665,1694.8065,68437,82664,Rhinolophus ferrumequinum,0.024,0.024,-1,Echolocation,/mnt/ubna_data_02_mir/recover-20221013/UBNA_001/20221012_030000.WAV,Telephone Field,recover-20221013,001,1795
1694.7945,1694.8058,23750,28273,Nyctalus leisleri,0.014,0.028,-1,Echolocation,/mnt/ubna_data_02_mir/recover-20221013/UBNA_001/20221012_030000.WAV,Telephone Field,recover-20221013,001,1795
1694.8115,1694.8207,28046,37457,Eptesicus serotinus,0.009,0.022,-1,Echolocation,/mnt/ubna_data_02_mir/recover-20221013/UBNA_001/20221012_030000.WAV,Telephone Field,recover-20221013,001,1795
1694.8385,1694.8803,68437,82987,Rhinolophus ferrumequinum,0.028,0.028,-1,Echolocation,/mnt/ubna_data_02_mir/recover-20221013/UBNA_001/20221012_030000.WAV,Telephone Field,recover-20221013,001,1795
1694.8855,1694.9275,68437,83039,Rhinolophus ferrumequinum,0.028,0.028,-1,Echolocation,/mnt/ubna_data_02_mir/recover-20221013/UBNA_001/20221012_030000.WAV,Telephone Field,recover-20221013,001,1795
1694.8915,1694.9019,22890,27400,Nyctalus leisleri,0.012,0.023,-1,Echolocation,/mnt/ubna_data_02_mir/recover-20221013/UBNA_001/20221012_030000.WAV,Telephone Field,recover-20221013,001,1795
1694.9105,1694.9518,68437,83214,Rhinolophus ferrumequinum,0.036,0.036,-1,Echolocation,/mnt/ubna_data_02_mir/recover-20221013/UBNA_001/20221012_030000.WAV,Telephone Field,recover-20221013,001,1795
1694.9165,1694.9232,28046,40091,Eptesicus serotinus,0.006,0.025,-1,Echolocation,/mnt/ubna_data_02_mir/recover-20221013/UBNA_001/20221012_030000.WAV,Telephone Field,recover-20221013,001,1795
1694.9505,1694.9579,27187,39464,Eptesicus serotinus,0.005,0.022,-1,Echolocation,/mnt/ubna_data_02_mir/recover-20221013/UBNA_001/20221012_030000.WAV,Telephone Field,recover-20221013,001,1795
1694.9795,1695.0189,68437,82651,Rhinolophus ferrumequinum,0.026,0.026,-1,Echolocation,/mnt/ubna_data_02_mir/recover-20221013/UBNA_001/20221012_030000.WAV,Telephone Field,recover-20221013,001,1795
1695.0255,1695.065,68437,82842,Rhinolophus ferrumequinum,0.022,0.022,-1,Echolocation,/mnt/ubna_data_02_mir/recover-20221013/UBNA_001/20221012_030000.WAV,Telephone Field,recover-20221013,001,1795
1695.0325,1695.0721,68437,82822,Rhinolophus ferrumequinum,0.022,0.022,-1,Echolocation,/mnt/ubna_data_02_mir/recover-20221013/UBNA_001/20221012_030000.WAV,Telephone Field,recover-20221013,001,1795
1695.0395,1695.0473,27187,37674,Eptesicus serotinus,0.007,0.023,-1,Echolocation,/mnt/ubna_data_02_mir/recover-20221013/UBNA_001/20221012_030000.WAV,Telephone Field,recover-20221013,001,1795
1695.0445,1695.0556,15156,21228,Nyctalus noctula,0.014,0.024,-1,Echolocation,/mnt/ubna_data_02_mir/recover-20221013/UBNA_001/20221012_030000.WAV,Telephone Field,recover-20221013,001,1795
1695.0775,1695.1179,68437,82707,Rhinolophus ferrumequinum,0.031,0.031,-1,Echolocation,/mnt/ubna_data_02_mir/recover-20221013/UBNA_001/20221012_030000.WAV,Telephone Field,recover-20221013,001,1795
1695.1015,1695.1086,26328,40139,Eptesicus serotinus,0.006,0.022,-1,Echolocation,/mnt/ubna_data_02_mir/recover-20221013/UBNA_001/20221012_030000.WAV,Telephone Field,recover-20221013,001,1795
1695.1165,1695.1568,68437,82536,Rhinolophus ferrumequinum,0.027,0.027,-1,Echolocation,/mnt/ubna_data_02_mir/recover-20221013/UBNA_001/20221012_030000.WAV,Telephone Field,recover-20221013,001,1795
1695.1275,1695.1362,28046,38147,Eptesicus serotinus,0.008,0.022,-1,Echolocation,/mnt/ubna_data_02_mir/recover-20221013/UBNA_001/20221012_030000.WAV,Telephone Field,recover-20221013,001,1795
1695.1385,1695.1526,23750,28183,Nyctalus leisleri,0.012,0.023,-1,Echolocation,/mnt/ubna_data_02_mir/recover-20221013/UBNA_001/20221012_030000.WAV,Telephone Field,recover-20221013,001,1795
1695.1525,1695.166,22031,26432,Nyctalus leisleri,0.015,0.031,-1,Echolocation,/mnt/ubna_data_02_mir/recover-20221013/UBNA_001/20221012_030000.WAV,Telephone Field,recover-20221013,001,1795
1695.1525,1695.1961,68437,83031,Rhinolophus ferrumequinum,0.037,0.037,-1,Echolocation,/mnt/ubna_data_02_mir/recover-20221013/UBNA_001/20221012_030000.WAV,Telephone Field,recover-20221013,001,1795
1695.1805,1695.1898,23750,30694,Nyctalus leisleri,0.007,0.023,-1,Echolocation,/mnt/ubna_data_02_mir/recover-20221013/UBNA_001/20221012_030000.WAV,Telephone Field,recover-20221013,001,1795
1695.2725,1695.3142,68437,82586,Rhinolophus ferrumequinum,0.034,0.034,-1,Echolocation,/mnt/ubna_data_02_mir/recover-20221013/UBNA_001/20221012_030000.WAV,Telephone Field,recover-20221013,001,1795
1695.3165,1695.3543,68437,81869,Rhinolophus ferrumequinum,0.022,0.022,-1,Echolocation,/mnt/ubna_data_02_mir/recover-20221013/UBNA_001/20221012_030000.WAV,Telephone Field,recover-20221013,001,1795
1695.3445,1695.3525,23750,31924,Plecotus austriacus,0.01,0.023,-1,Echolocation,/mnt/ubna_data_02_mir/recover-20221013/UBNA_001/20221012_030000.WAV,Telephone Field,recover-20221013,001,1795
1695.3835,1695.3911,24609,33123,Plecotus austriacus,0.009,0.029,-1,Echolocation,/mnt/ubna_data_02_mir/recover-20221013/UBNA_001/20221012_030000.WAV,Telephone Field,recover-20221013,001,1795
1695.4485,1695.4886,68437,82812,Rhinolophus ferrumequinum,0.023,0.023,-1,Echolocation,/mnt/ubna_data_02_mir/recover-20221013/UBNA_001/20221012_030000.WAV,Telephone Field,recover-20221013,001,1795
1695.4815,1695.4883,24609,38436,Plecotus austriacus,0.007,0.022,-1,Echolocation,/mnt/ubna_data_02_mir/recover-20221013/UBNA_001/20221012_030000.WAV,Telephone Field,recover-20221013,001,1795
1695.4935,1695.5329,68437,82376,Rhinolophus ferrumequinum,0.022,0.022,-1,Echolocation,/mnt/ubna_data_02_mir/recover-20221013/UBNA_001/20221012_030000.WAV,Telephone Field,recover-20221013,001,1795
1695.5435,1695.5849,68437,82759,Rhinolophus ferrumequinum,0.027,0.027,-1,Echolocation,/mnt/ubna_data_02_mir/recover-20221013/UBNA_001/20221012_030000.WAV,Telephone Field,recover-20221013,001,1795
1695.5735,1695.6121,68437,81750,Rhinolophus ferrumequinum,0.023,0.023,-1,Echolocation,/mnt/ubna_data_02_mir/recover-20221013/UBNA_001/20221012_030000.WAV,Telephone Field,recover-20221013,001,1795
1695.6125,1695.623,26328,33543,Eptesicus serotinus,0.011,0.029,-1,Echolocation,/mnt/ubna_data_02_mir/recover-20221013/UBNA_001/20221012_030000.WAV,Telephone Field,recover-20221013,001,1795
1695.6275,1695.6657,68437,81958,Rhinolophus ferrumequinum,0.022,0.022,-1,Echolocation,/mnt/ubna_data_02_mir/recover-20221013/UBNA_001/20221012_030000.WAV,Telephone Field,recover-20221013,001,1795
1695.6445,1695.6792,68437,81424,Rhinolophus ferrumequinum,0.022,0.022,-1,Echolocation,/mnt/ubna_data_02_mir/recover-20221013/UBNA_001/20221012_030000.WAV,Telephone Field,recover-20221013,001,1795
1695.6745,1695.6833,25468,33404,Eptesicus serotinus,0.009,0.025,-1,Echolocation,/mnt/ubna_data_02_mir/recover-20221013/UBNA_001/20221012_030000.WAV,Telephone Field,recover-20221013,001,1795
1695.7525,1695.7637,22890,28076,Nyctalus leisleri,0.01,0.022,-1,Echolocation,/mnt/ubna_data_02_mir/recover-20221013/UBNA_001/20221012_030000.WAV,Telephone Field,recover-20221013,001,1795
1695.7825,1695.8185,68437,82370,Rhinolophus ferrumequinum,0.022,0.022,-1,Echolocation,/mnt/ubna_data_02_mir/recover-20221013/UBNA_001/20221012_030000.WAV,Telephone Field,recover-20221013,001,1795
1695.8205,1695.8635,68437,82717,Rhinolophus ferrumequinum,0.022,0.022,-1,Echolocation,/mnt/ubna_data_02_mir/recover-20221013/UBNA_001/20221012_030000.WAV,Telephone Field,recover-20221013,001,1795
1695.8775,1695.8856,46093,52755,Pipistrellus pipistrellus,0.029,0.033,-1,Echolocation,/mnt/ubna_data_02_mir/recover-20221013/UBNA_001/20221012_030000.WAV,Telephone Field,recover-20221013,001,1795
1695.9115,1695.92,28906,37668,Eptesicus serotinus,0.007,0.023,-1,Echolocation,/mnt/ubna_data_02_mir/recover-20221013/UBNA_001/20221012_030000.WAV,Telephone Field,recover-20221013,001,1795
1695.9145,1695.9532,68437,82649,Rhinolophus ferrumequinum,0.022,0.022,-1,Echolocation,/mnt/ubna_data_02_mir/recover-20221013/UBNA_001/20221012_030000.WAV,Telephone Field,recover-20221013,001,1795
1695.9745,1695.9829,31484,40165,Myotis daubentonii,0.007,0.024,-1,Echolocation,/mnt/ubna_data_02_mir/recover-20221013/UBNA_001/20221012_030000.WAV,Telephone Field,recover-20221013,001,1795
1696.0015,1696.0312,68437,80065,Rhinolophus ferrumequinum,0.024,0.024,-1,Echolocation,/mnt/ubna_data_02_mir/recover-20221013/UBNA_001/20221012_030000.WAV,Telephone Field,recover-20221013,001,1795
1696.0085,1696.049,68437,81932,Rhinolophus ferrumequinum,0.024,0.024,-1,Echolocation,/mnt/ubna_data_02_mir/recover-20221013/UBNA_001/20221012_030000.WAV,Telephone Field,recover-20221013,001,1795
1696.0705,1696.109,68437,82131,Rhinolophus ferrumequinum,0.025,0.025,-1,Echolocation,/mnt/ubna_data_02_mir/recover-20221013/UBNA_001/20221012_030000.WAV,Telephone Field,recover-20221013,001,1795
1696.0875,1696.1294,68437,82665,Rhinolophus ferrumequinum,0.032,0.032,-1,Echolocation,/mnt/ubna_data_02_mir/recover-20221013/UBNA_001/20221012_030000.WAV,Telephone Field,recover-20221013,001,1795
1696.1395,1696.1777,68437,81913,Rhinolophus ferrumequinum,0.022,0.022,-1,Echolocation,/mnt/ubna_data_02_mir/recover-20221013/UBNA_001/20221012_030000.WAV,Telephone Field,recover-20221013,001,1795
1696.1485,1696.1882,68437,83135,Rhinolophus ferrumequinum,0.025,0.025,-1,Echolocation,/mnt/ubna_data_02_mir/recover-20221013/UBNA_001/20221012_030000.WAV,Telephone Field,recover-20221013,001,1795
1696.1715,1696.214,68437,82866,Rhinolophus ferrumequinum,0.032,0.032,-1,Echolocation,/mnt/ubna_data_02_mir/recover-20221013/UBNA_001/20221012_030000.WAV,Telephone Field,recover-20221013,001,1795
1696.1785,1696.1881,22890,29577,Nyctalus leisleri,0.009,0.024,-1,Echolocation,/mnt/ubna_data_02_mir/recover-20221013/UBNA_001/20221012_030000.WAV,Telephone Field,recover-20221013,001,1795
1696.1785,1696.1856,27187,38857,Eptesicus serotinus,0.007,0.024,-1,Echolocation,/mnt/ubna_data_02_mir/recover-20221013/UBNA_001/20221012_030000.WAV,Telephone Field,recover-20221013,001,1795
1696.1985,1696.2348,68437,82003,Rhinolophus ferrumequinum,0.022,0.022,-1,Echolocation,/mnt/ubna_data_02_mir/recover-20221013/UBNA_001/20221012_030000.WAV,Telephone Field,recover-20221013,001,1795
1696.2435,1696.2511,28046,36606,Eptesicus serotinus,0.008,0.024,-1,Echolocation,/mnt/ubna_data_02_mir/recover-20221013/UBNA_001/20221012_030000.WAV,Telephone Field,recover-20221013,001,1795
1696.2675,1696.276,22890,30836,Plecotus austriacus,0.011,0.027,-1,Echolocation,/mnt/ubna_data_02_mir/recover-20221013/UBNA_001/20221012_030000.WAV,Telephone Field,recover-20221013,001,1795
1696.2765,1696.3145,68437,82943,Rhinolophus ferrumequinum,0.025,0.025,-1,Echolocation,/mnt/ubna_data_02_mir/recover-20221013/UBNA_001/20221012_030000.WAV,Telephone Field,recover-20221013,001,1795
1696.2935,1696.3315,68437,81410,Rhinolophus ferrumequinum,0.027,0.027,-1,Echolocation,/mnt/ubna_data_02_mir/recover-20221013/UBNA_001/20221012_030000.WAV,Telephone Field,recover-20221013,001,1795
1696.3235,1696.3331,40078,46629,Barbastellus barbastellus,0.007,0.023,-1,Echolocation,/mnt/ubna_data_02_mir/recover-20221013/UBNA_001/20221012_030000.WAV,Telephone Field,recover-20221013,001,1795
1696.3265,1696.3326,27187,45614,Eptesicus serotinus,0.005,0.025,-1,Echolocation,/mnt/ubna_data_02_mir/recover-20221013/UBNA_001/20221012_030000.WAV,Telephone Field,recover-20221013,001,1795
1696.3725,1696.3925,18593,22085,Nyctalus noctula,0.021,0.037,-1,Echolocation,/mnt/ubna_data_02_mir/recover-20221013/UBNA_001/20221012_030000.WAV,Telephone Field,recover-20221013,001,1795
1696.3785,1696.3869,28906,38201,Eptesicus serotinus,0.014,0.034,-1,Echolocation,/mnt/ubna_data_02_mir/recover-20221013/UBNA_001/20221012_030000.WAV,Telephone Field,recover-20221013,001,1795
1696.4425,1696.4569,50390,55416,Pipistrellus pipistrellus,0.025,0.034,-1,Echolocation,/mnt/ubna_data_02_mir/recover-20221013/UBNA_001/20221012_030000.WAV,Telephone Field,recover-20221013,001,1795
1696.5465,1696.5538,25468,37040,Plecotus austriacus,0.007,0.028,-1,Echolocation,/mnt/ubna_data_02_mir/recover-20221013/UBNA_001/20221012_030000.WAV,Telephone Field,recover-20221013,001,1795
1696.6135,1696.6538,68437,82871,Rhinolophus ferrumequinum,0.023,0.023,-1,Echolocation,/mnt/ubna_data_02_mir/recover-20221013/UBNA_001/20221012_030000.WAV,Telephone Field,recover-20221013,001,1795
1696.6295,1696.6396,24609,31063,Eptesicus serotinus,0.008,0.024,-1,Echolocation,/mnt/ubna_data_02_mir/recover-20221013/UBNA_001/20221012_030000.WAV,Telephone Field,recover-20221013,001,1795
1696.6345,1696.674,68437,82806,Rhinolophus ferrumequinum,0.027,0.027,-1,Echolocation,/mnt/ubna_data_02_mir/recover-20221013/UBNA_001/20221012_030000.WAV,Telephone Field,recover-20221013,001,1795
1696.6485,1696.6579,28906,37237,Eptesicus serotinus,0.01,0.024,-1,Echolocation,/mnt/ubna_data_02_mir/recover-20221013/UBNA_001/20221012_030000.WAV,Telephone Field,recover-20221013,001,1795
1696.6625,1696.7005,68437,82378,Rhinolophus ferrumequinum,0.022,0.022,-1,Echolocation,/mnt/ubna_data_02_mir/recover-20221013/UBNA_001/20221012_030000.WAV,Telephone Field,recover-20221013,001,1795
1696.7335,1696.7439,28906,36313,Eptesicus serotinus,0.015,0.028,-1,Echolocation,/mnt/ubna_data_02_mir/recover-20221013/UBNA_001/20221012_030000.WAV,Telephone Field,recover-20221013,001,1795
1696.7365,1696.7799,68437,83207,Rhinolophus ferrumequinum,0.034,0.034,-1,Echolocation,/mnt/ubna_data_02_mir/recover-20221013/UBNA_001/20221012_030000.WAV,Telephone Field,recover-20221013,001,1795
1696.7635,1696.7989,68437,81203,Rhinolophus ferrumequinum,0.026,0.027,-1,Echolocation,/mnt/ubna_data_02_mir/recover-20221013/UBNA_001/20221012_030000.WAV,Telephone Field,recover-20221013,001,1795
1696.7825,1696.8212,68437,82731,Rhinolophus ferrumequinum,0.026,0.026,-1,Echolocation,/mnt/ubna_data_02_mir/recover-20221013/UBNA_001/20221012_030000.WAV,Telephone Field,recover-20221013,001,1795
1696.7905,1696.8008,24609,31638,Eptesicus serotinus,0.01,0.029,-1,Echolocation,/mnt/ubna_data_02_mir/recover-20221013/UBNA_001/20221012_030000.WAV,Telephone Field,recover-20221013,001,1795
1696.7995,1696.8106,26328,33500,Eptesicus serotinus,0.011,0.023,-1,Echolocation,/mnt/ubna_data_02_mir/recover-20221013/UBNA_001/20221012_030000.WAV,Telephone Field,recover-20221013,001,1795
1696.8085,1696.8184,27187,35321,Eptesicus serotinus,0.009,0.022,-1,Echolocation,/mnt/ubna_data_02_mir/recover-20221013/UBNA_001/20221012_030000.WAV,Telephone Field,recover-20221013,001,1795
1696.8195,1696.8292,58125,66304,Pipistrellus pygmaeus,0.024,0.024,-1,Echolocation,/mnt/ubna_data_02_mir/recover-20221013/UBNA_001/20221012_030000.WAV,Telephone Field,recover-20221013,001,1795
1696.8425,1696.8842,68437,83197,Rhinolophus ferrumequinum,0.031,0.031,-1,Echolocation,/mnt/ubna_data_02_mir/recover-20221013/UBNA_001/20221012_030000.WAV,Telephone Field,recover-20221013,001,1795
1696.9085,1696.9472,68437,82483,Rhinolophus ferrumequinum,0.023,0.023,-1,Echolocation,/mnt/ubna_data_02_mir/recover-20221013/UBNA_001/20221012_030000.WAV,Telephone Field,recover-20221013,001,1795
1696.9195,1696.9308,29765,37495,Eptesicus serotinus,0.011,0.024,-1,Echolocation,/mnt/ubna_data_02_mir/recover-20221013/UBNA_001/20221012_030000.WAV,Telephone Field,recover-20221013,001,1795
1696.9685,1697.0046,68437,82149,Rhinolophus ferrumequinum,0.024,0.024,-1,Echolocation,/mnt/ubna_data_02_mir/recover-20221013/UBNA_001/20221012_030000.WAV,Telephone Field,recover-20221013,001,1795
1696.9755,1696.9855,22890,28467,Nyctalus leisleri,0.01,0.023,-1,Echolocation,/mnt/ubna_data_02_mir/recover-20221013/UBNA_001/20221012_030000.WAV,Telephone Field,recover-20221013,001,1795
1696.9875,1697.0248,68437,81949,Rhinolophus ferrumequinum,0.024,0.024,-1,Echolocation,/mnt/ubna_data_02_mir/recover-20221013/UBNA_001/20221012_030000.WAV,Telephone Field,recover-20221013,001,1795
1697.0075,1697.0456,68437,81655,Rhinolophus ferrumequinum,0.025,0.025,-1,Echolocation,/mnt/ubna_data_02_mir/recover-20221013/UBNA_001/20221012_030000.WAV,Telephone Field,recover-20221013,001,1795
1697.0475,1697.0833,68437,81528,Rhinolophus ferrumequinum,0.024,0.024,-1,Echolocation,/mnt/ubna_data_02_mir/recover-20221013/UBNA_001/20221012_030000.WAV,Telephone Field,recover-20221013,001,1795
1697.0715,1697.0791,22890,30359,Plecotus austriacus,0.012,0.025,-1,Echolocation,/mnt/ubna_data_02_mir/recover-20221013/UBNA_001/20221012_030000.WAV,Telephone Field,recover-20221013,001,1795
1697.1145,1697.1544,68437,82448,Rhinolophus ferrumequinum,0.026,0.026,-1,Echolocation,/mnt/ubna_data_02_mir/recover-20221013/UBNA_001/20221012_030000.WAV,Telephone Field,recover-20221013,001,1795
1697.2175,1697.2288,22890,27144,Nyctalus leisleri,0.015,0.029,-1,Echolocation,/mnt/ubna_data_02_mir/recover-20221013/UBNA_001/20221012_030000.WAV,Telephone Field,recover-20221013,001,1795
1697.2285,1697.2643,68437,81756,Rhinolophus ferrumequinum,0.023,0.023,-1,Echolocation,/mnt/ubna_data_02_mir/recover-20221013/UBNA_001/20221012_030000.WAV,Telephone Field,recover-20221013,001,1795
1697.2835,1697.2908,28046,38355,Eptesicus serotinus,0.007,0.024,-1,Echolocation,/mnt/ubna_data_02_mir/recover-20221013/UBNA_001/20221012_030000.WAV,Telephone Field,recover-20221013,001,1795
1697.3385,1697.3767,68437,81207,Rhinolophus ferrumequinum,0.024,0.024,-1,Echolocation,/mnt/ubna_data_02_mir/recover-20221013/UBNA_001/20221012_030000.WAV,Telephone Field,recover-20221013,001,1795
1697.3515,1697.3608,25468,33943,Eptesicus serotinus,0.008,0.025,-1,Echolocation,/mnt/ubna_data_02_mir/recover-20221013/UBNA_001/20221012_030000.WAV,Telephone Field,recover-20221013,001,1795
1697.3585,1697.3692,23750,29404,Nyctalus leisleri,0.01,0.025,-1,Echolocation,/mnt/ubna_data_02_mir/recover-20221013/UBNA_001/20221012_030000.WAV,Telephone Field,recover-20221013,001,1795
1697.3645,1697.374,35781,43007,Barbastellus barbastellus,0.007,0.024,-1,Echolocation,/mnt/ubna_data_02_mir/recover-20221013/UBNA_001/20221012_030000.WAV,Telephone Field,recover-20221013,001,1795
1697.3805,1697.4233,68437,83092,Rhinolophus ferrumequinum,0.033,0.033,-1,Echolocation,/mnt/ubna_data_02_mir/recover-20221013/UBNA_001/20221012_030000.WAV,Telephone Field,recover-20221013,001,1795
1697.4055,1697.4144000000001,28906,39673,Eptesicus serotinus,0.008,0.022,-1,Echolocation,/mnt/ubna_data_02_mir/recover-20221013/UBNA_001/20221012_030000.WAV,Telephone Field,recover-20221013,001,1795
1697.4345,1697.4776,68437,83238,Rhinolophus ferrumequinum,0.028,0.028,-1,Echolocation,/mnt/ubna_data_02_mir/recover-20221013/UBNA_001/20221012_030000.WAV,Telephone Field,recover-20221013,001,1795
1697.4765,1697.4836,27187,37884,Eptesicus serotinus,0.016,0.042,-1,Echolocation,/mnt/ubna_data_02_mir/recover-20221013/UBNA_001/20221012_030000.WAV,Telephone Field,recover-20221013,001,1795
1697.4865,1697.5284,68437,82732,Rhinolophus ferrumequinum,0.028,0.028,-1,Echolocation,/mnt/ubna_data_02_mir/recover-20221013/UBNA_001/20221012_030000.WAV,Telephone Field,recover-20221013,001,1795
1697.4935,1697.5338,68437,82831,Rhinolophus ferrumequinum,0.027,0.027,-1,Echolocation,/mnt/ubna_data_02_mir/recover-20221013/UBNA_001/20221012_030000.WAV,Telephone Field,recover-20221013,001,1795
1697.5115,1697.5478,68437,81728,Rhinolophus ferrumequinum,0.023,0.023,-1,Echolocation,/mnt/ubna_data_02_mir/recover-20221013/UBNA_001/20221012_030000.WAV,Telephone Field,recover-20221013,001,1795
1697.5185,1697.5312,24609,30238,Nyctalus leisleri,0.011,0.026,-1,Echolocation,/mnt/ubna_data_02_mir/recover-20221013/UBNA_001/20221012_030000.WAV,Telephone Field,recover-20221013,001,1795
1697.5205,1697.5592,68437,82672,Rhinolophus ferrumequinum,0.029,0.029,-1,Echolocation,/mnt/ubna_data_02_mir/recover-20221013/UBNA_001/20221012_030000.WAV,Telephone Field,recover-20221013,001,1795
1697.5435,1697.5613,21171,23891,Nyctalus leisleri,0.02,0.031,-1,Echolocation,/mnt/ubna_data_02_mir/recover-20221013/UBNA_001/20221012_030000.WAV,Telephone Field,recover-20221013,001,1795
1697.5445,1697.5796,68437,81308,Rhinolophus ferrumequinum,0.023,0.024,-1,Echolocation,/mnt/ubna_data_02_mir/recover-20221013/UBNA_001/20221012_030000.WAV,Telephone Field,recover-20221013,001,1795
1697.5735,1697.6117,68437,82519,Rhinolophus ferrumequinum,0.026,0.026,-1,Echolocation,/mnt/ubna_data_02_mir/recover-20221013/UBNA_001/20221012_030000.WAV,Telephone Field,recover-20221013,001,1795
1697.5885,1697.6286,68437,82288,Rhinolophus ferrumequinum,0.024,0.024,-1,Echolocation,/mnt/ubna_data_02_mir/recover-20221013/UBNA_001/20221012_030000.WAV,Telephone Field,recover-20221013,001,1795
1697.5985,1697.6072,23750,31054,Plecotus austriacus,0.008,0.024,-1,Echolocation,/mnt/ubna_data_02_mir/recover-20221013/UBNA_001/20221012_030000.WAV,Telephone Field,recover-20221013,001,1795
1697.6175,1697.6271,28906,36575,Eptesicus serotinus,0.008,0.022,-1,Echolocation,/mnt/ubna_data_02_mir/recover-20221013/UBNA_001/20221012_030000.WAV,Telephone Field,recover-20221013,001,1795
1697.6515,1697.6588,28046,36534,Eptesicus serotinus,0.011,0.028,-1,Echolocation,/mnt/ubna_data_02_mir/recover-20221013/UBNA_001/20221012_030000.WAV,Telephone Field,recover-20221013,001,1795
1697.6525,1697.691,68437,82580,Rhinolophus ferrumequinum,0.023,0.023,-1,Echolocation,/mnt/ubna_data_02_mir/recover-20221013/UBNA_001/20221012_030000.WAV,Telephone Field,recover-20221013,001,1795
1697.7015,1697.734,68437,81501,Rhinolophus ferrumequinum,0.028,0.028,-1,Echolocation,/mnt/ubna_data_02_mir/recover-20221013/UBNA_001/20221012_030000.WAV,Telephone Field,recover-20221013,001,1795
1697.7125,1697.7496,68437,81723,Rhinolophus ferrumequinum,0.022,0.022,-1,Echolocation,/mnt/ubna_data_02_mir/recover-20221013/UBNA_001/20221012_030000.WAV,Telephone Field,recover-20221013,001,1795
1697.7725,1697.8118,68437,82060,Rhinolophus ferrumequinum,0.025,0.025,-1,Echolocation,/mnt/ubna_data_02_mir/recover-20221013/UBNA_001/20221012_030000.WAV,Telephone Field,recover-20221013,001,1795
1697.8135,1697.8469,68437,81400,Rhinolophus ferrumequinum,0.023,0.023,-1,Echolocation,/mnt/ubna_data_02_mir/recover-20221013/UBNA_001/20221012_030000.WAV,Telephone Field,recover-20221013,001,1795
1697.8525,1697.8663,22031,26326,Nyctalus leisleri,0.016,0.029,-1,Echolocation,/mnt/ubna_data_02_mir/recover-20221013/UBNA_001/20221012_030000.WAV,Telephone Field,recover-20221013,001,1795
1697.8705,1697.9115,68437,82315,Rhinolophus ferrumequinum,0.025,0.025,-1,Echolocation,/mnt/ubna_data_02_mir/recover-20221013/UBNA_001/20221012_030000.WAV,Telephone Field,recover-20221013,001,1795
1697.8775,1697.8847,27187,38148,Eptesicus serotinus,0.006,0.023,-1,Echolocation,/mnt/ubna_data_02_mir/recover-20221013/UBNA_001/20221012_030000.WAV,Telephone Field,recover-20221013,001,1795
1697.8955,1697.9332,68437,82748,Rhinolophus ferrumequinum,0.029,0.029,-1,Echolocation,/mnt/ubna_data_02_mir/recover-20221013/UBNA_001/20221012_030000.WAV,Telephone Field,recover-20221013,001,1795
1697.9025,1697.9426,68437,82457,Rhinolophus ferrumequinum,0.023,0.023,-1,Echolocation,/mnt/ubna_data_02_mir/recover-20221013/UBNA_001/20221012_030000.WAV,Telephone Field,recover-20221013,001,1795
1697.9105,1697.9527,68437,83006,Rhinolophus ferrumequinum,0.023,0.023,-1,Echolocation,/mnt/ubna_data_02_mir/recover-20221013/UBNA_001/20221012_030000.WAV,Telephone Field,recover-20221013,001,1795
1697.9365,1697.9444,24609,32769,Eptesicus serotinus,0.006,0.023,-1,Echolocation,/mnt/ubna_data_02_mir/recover-20221013/UBNA_001/20221012_030000.WAV,Telephone Field,recover-20221013,001,1795
1697.9445,1697.9862,68437,82245,Rhinolophus ferrumequinum,0.028,0.028,-1,Echolocation,/mnt/ubna_data_02_mir/recover-20221013/UBNA_001/20221012_030000.WAV,Telephone Field,recover-20221013,001,1795
1697.9815,1697.992,22890,28242,Nyctalus leisleri,0.011,0.022,-1,Echolocation,/mnt/ubna_data_02_mir/recover-20221013/UBNA_001/20221012_030000.WAV,Telephone Field,recover-20221013,001,1795
1698.0015,1698.0108,22031,28098,Nyctalus leisleri,0.015,0.036,-1,Echolocation,/mnt/ubna_data_02_mir/recover-20221013/UBNA_001/20221012_030000.WAV,Telephone Field,recover-20221013,001,1795
1698.0015,1698.0363,68437,79599,Rhinolophus ferrumequinum,0.032,0.033,-1,Echolocation,/mnt/ubna_data_02_mir/recover-20221013/UBNA_001/20221012_030000.WAV,Telephone Field,recover-20221013,001,1795
1698.0075,1698.0508,68437,82097,Rhinolophus ferrumequinum,0.024,0.024,-1,Echolocation,/mnt/ubna_data_02_mir/recover-20221013/UBNA_001/20221012_030000.WAV,Telephone Field,recover-20221013,001,1795
1698.0155,1698.0575,68437,82810,Rhinolophus ferrumequinum,0.024,0.024,-1,Echolocation,/mnt/ubna_data_02_mir/recover-20221013/UBNA_001/20221012_030000.WAV,Telephone Field,recover-20221013,001,1795
1698.0155,1698.0228,28906,41792,Myotis daubentonii,0.009,0.023,-1,Echolocation,/mnt/ubna_data_02_mir/recover-20221013/UBNA_001/20221012_030000.WAV,Telephone Field,recover-20221013,001,1795
1698.0325,1698.0431,22890,28554,Nyctalus leisleri,0.011,0.025,-1,Echolocation,/mnt/ubna_data_02_mir/recover-20221013/UBNA_001/20221012_030000.WAV,Telephone Field,recover-20221013,001,1795
1698.0565,1698.0966,68437,82383,Rhinolophus ferrumequinum,0.023,0.023,-1,Echolocation,/mnt/ubna_data_02_mir/recover-20221013/UBNA_001/20221012_030000.WAV,Telephone Field,recover-20221013,001,1795
1698.0805,1698.0883,51250,57807,Pipistrellus pipistrellus,0.022,0.028,-1,Echolocation,/mnt/ubna_data_02_mir/recover-20221013/UBNA_001/20221012_030000.WAV,Telephone Field,recover-20221013,001,1795
1698.1195,1698.1611,68437,82566,Rhinolophus ferrumequinum,0.023,0.023,-1,Echolocation,/mnt/ubna_data_02_mir/recover-20221013/UBNA_001/20221012_030000.WAV,Telephone Field,recover-20221013,001,1795
1698.1405,1698.1495,28046,36484,Eptesicus serotinus,0.008,0.022,-1,Echolocation,/mnt/ubna_data_02_mir/recover-20221013/UBNA_001/20221012_030000.WAV,Telephone Field,recover-20221013,001,1795
1698.1635,1698.1688,28046,43165,Myotis daubentonii,0.01,0.04,-1,Echolocation,/mnt/ubna_data_02_mir/recover-20221013/UBNA_001/20221012_030000.WAV,Telephone Field,recover-20221013,001,1795
1698.1645,1698.2023,68437,82644,Rhinolophus ferrumequinum,0.022,0.022,-1,Echolocation,/mnt/ubna_data_02_mir/recover-20221013/UBNA_001/20221012_030000.WAV,Telephone Field,recover-20221013,001,1795
1698.2155,1698.2266,23750,29871,Nyctalus leisleri,0.011,0.026,-1,Echolocation,/mnt/ubna_data_02_mir/recover-20221013/UBNA_001/20221012_030000.WAV,Telephone Field,recover-20221013,001,1795
1698.2415,1698.2802,68437,82438,Rhinolophus ferrumequinum,0.023,0.023,-1,Echolocation,/mnt/ubna_data_02_mir/recover-20221013/UBNA_001/20221012_030000.WAV,Telephone Field,recover-20221013,001,1795
1698.2555,1698.2651,23750,30538,Nyctalus leisleri,0.008,0.026,-1,Echolocation,/mnt/ubna_data_02_mir/recover-20221013/UBNA_001/20221012_030000.WAV,Telephone Field,recover-20221013,001,1795
1698.2665,1698.3022,68437,81679,Rhinolophus ferrumequinum,0.024,0.024,-1,Echolocation,/mnt/ubna_data_02_mir/recover-20221013/UBNA_001/20221012_030000.WAV,Telephone Field,recover-20221013,001,1795
1698.2845,1698.3229,68437,82915,Rhinolophus ferrumequinum,0.026,0.026,-1,Echolocation,/mnt/ubna_data_02_mir/recover-20221013/UBNA_001/20221012_030000.WAV,Telephone Field,recover-20221013,001,1795
1698.3035,1698.3419,68437,82181,Rhinolophus ferrumequinum,0.025,0.025,-1,Echolocation,/mnt/ubna_data_02_mir/recover-20221013/UBNA_001/20221012_030000.WAV,Telephone Field,recover-20221013,001,1795
1698.3435,1698.3509,27187,38488,Eptesicus serotinus,0.006,0.023,-1,Echolocation,/mnt/ubna_data_02_mir/recover-20221013/UBNA_001/20221012_030000.WAV,Telephone Field,recover-20221013,001,1795
1698.3645,1698.4015,68437,81911,Rhinolophus ferrumequinum,0.021,0.021,-1,Echolocation,/mnt/ubna_data_02_mir/recover-20221013/UBNA_001/20221012_030000.WAV,Telephone Field,recover-20221013,001,1795
1698.3735,1698.3825,23750,31119,Plecotus austriacus,0.008,0.023,-1,Echolocation,/mnt/ubna_data_02_mir/recover-20221013/UBNA_001/20221012_030000.WAV,Telephone Field,recover-20221013,001,1795
1698.3955,1698.4334,68437,82039,Rhinolophus ferrumequinum,0.022,0.022,-1,Echolocation,/mnt/ubna_data_02_mir/recover-20221013/UBNA_001/20221012_030000.WAV,Telephone Field,recover-20221013,001,1795
1698.4145,1698.4507,68437,81136,Rhinolophus ferrumequinum,0.023,0.023,-1,Echolocation,/mnt/ubna_data_02_mir/recover-20221013/UBNA_001/20221012_030000.WAV,Telephone Field,recover-20221013,001,1795
1698.4405,1698.4481,27187,37981,Eptesicus serotinus,0.006,0.021,-1,Echolocation,/mnt/ubna_data_02_mir/recover-20221013/UBNA_001/20221012_030000.WAV,Telephone Field,recover-20221013,001,1795
1698.4695,1698.4819,23750,28414,Nyctalus leisleri,0.018,0.034,-1,Echolocation,/mnt/ubna_data_02_mir/recover-20221013/UBNA_001/20221012_030000.WAV,Telephone Field,recover-20221013,001,1795
1698.4775,1698.5184,68437,83466,Rhinolophus ferrumequinum,0.024,0.024,-1,Echolocation,/mnt/ubna_data_02_mir/recover-20221013/UBNA_001/20221012_030000.WAV,Telephone Field,recover-20221013,001,1795
1698.5035,1698.5429,68437,82411,Rhinolophus ferrumequinum,0.031,0.031,-1,Echolocation,/mnt/ubna_data_02_mir/recover-20221013/UBNA_001/20221012_030000.WAV,Telephone Field,recover-20221013,001,1795
1698.5595,1698.5663,27187,38118,Eptesicus serotinus,0.005,0.023,-1,Echolocation,/mnt/ubna_data_02_mir/recover-20221013/UBNA_001/20221012_030000.WAV,Telephone Field,recover-20221013,001,1795
1698.5925,1698.6331,68437,82695,Rhinolophus ferrumequinum,0.032,0.032,-1,Echolocation,/mnt/ubna_data_02_mir/recover-20221013/UBNA_001/20221012_030000.WAV,Telephone Field,recover-20221013,001,1795
1698.6465,1698.6843,68437,82132,Rhinolophus ferrumequinum,0.023,0.023,-1,Echolocation,/mnt/ubna_data_02_mir/recover-20221013/UBNA_001/20221012_030000.WAV,Telephone Field,recover-20221013,001,1795
1698.6655,1698.7044,68437,81874,Rhinolophus ferrumequinum,0.023,0.023,-1,Echolocation,/mnt/ubna_data_02_mir/recover-20221013/UBNA_001/20221012_030000.WAV,Telephone Field,recover-20221013,001,1795
1698.6925,1698.7293,68437,82191,Rhinolophus ferrumequinum,0.025,0.025,-1,Echolocation,/mnt/ubna_data_02_mir/recover-20221013/UBNA_001/20221012_030000.WAV,Telephone Field,recover-20221013,001,1795
1698.7185,1698.7601,68437,82630,Rhinolophus ferrumequinum,0.025,0.025,-1,Echolocation,/mnt/ubna_data_02_mir/recover-20221013/UBNA_001/20221012_030000.WAV,Telephone Field,recover-20221013,001,1795
1698.7565,1698.7949,68437,82169,Rhinolophus ferrumequinum,0.024,0.024,-1,Echolocation,/mnt/ubna_data_02_mir/recover-20221013/UBNA_001/20221012_030000.WAV,Telephone Field,recover-20221013,001,1795
1698.7705,1698.8125,68437,82480,Rhinolophus ferrumequinum,0.022,0.022,-1,Echolocation,/mnt/ubna_data_02_mir/recover-20221013/UBNA_001/20221012_030000.WAV,Telephone Field,recover-20221013,001,1795
1698.7705,1698.779,28046,37716,Eptesicus serotinus,0.007,0.023,-1,Echolocation,/mnt/ubna_data_02_mir/recover-20221013/UBNA_001/20221012_030000.WAV,Telephone Field,recover-20221013,001,1795
1698.7895,1698.8277,68437,82609,Rhinolophus ferrumequinum,0.026,0.026,-1,Echolocation,/mnt/ubna_data_02_mir/recover-20221013/UBNA_001/20221012_030000.WAV,Telephone Field,recover-20221013,001,1795
1698.7945,1698.801,24609,35462,Plecotus austriacus,0.009,0.024,-1,Echolocation,/mnt/ubna_data_02_mir/recover-20221013/UBNA_001/20221012_030000.WAV,Telephone Field,recover-20221013,001,1795
1698.8065,1698.8113,28906,40270,Plecotus auritus,0.019,0.077,-1,Echolocation,/mnt/ubna_data_02_mir/recover-20221013/UBNA_001/20221012_030000.WAV,Telephone Field,recover-20221013,001,1795
1698.8175,1698.8271,28046,35733,Eptesicus serotinus,0.008,0.022,-1,Echolocation,/mnt/ubna_data_02_mir/recover-20221013/UBNA_001/20221012_030000.WAV,Telephone Field,recover-20221013,001,1795
1698.8375,1698.8782,68437,82969,Rhinolophus ferrumequinum,0.03,0.03,-1,Echolocation,/mnt/ubna_data_02_mir/recover-20221013/UBNA_001/20221012_030000.WAV,Telephone Field,recover-20221013,001,1795
1698.8625,1698.8703,27187,38911,Eptesicus serotinus,0.007,0.022,-1,Echolocation,/mnt/ubna_data_02_mir/recover-20221013/UBNA_001/20221012_030000.WAV,Telephone Field,recover-20221013,001,1795
1698.8995,1698.9418,68437,83158,Rhinolophus ferrumequinum,0.036,0.036,-1,Echolocation,/mnt/ubna_data_02_mir/recover-20221013/UBNA_001/20221012_030000.WAV,Telephone Field,recover-20221013,001,1795
1698.9225,1698.9348,28906,35611,Eptesicus serotinus,0.015,0.032,-1,Echolocation,/mnt/ubna_data_02_mir/recover-20221013/UBNA_001/20221012_030000.WAV,Telephone Field,recover-20221013,001,1795
1698.9565,1698.9673,23750,29351,Nyctalus leisleri,0.014,0.031,-1,Echolocation,/mnt/ubna_data_02_mir/recover-20221013/UBNA_001/20221012_030000.WAV,Telephone Field,recover-20221013,001,1795
1698.9785,1699.0193,68437,82390,Rhinolophus ferrumequinum,0.023,0.023,-1,Echolocation,/mnt/ubna_data_02_mir/recover-20221013/UBNA_001/20221012_030000.WAV,Telephone Field,recover-20221013,001,1795
1699.0245,1699.0666,68437,82679,Rhinolophus ferrumequinum,0.032,0.032,-1,Echolocation,/mnt/ubna_data_02_mir/recover-20221013/UBNA_001/20221012_030000.WAV,Telephone Field,recover-20221013,001,1795
1699.0495,1699.0865,68437,82293,Rhinolophus ferrumequinum,0.022,0.022,-1,Echolocation,/mnt/ubna_data_02_mir/recover-20221013/UBNA_001/20221012_030000.WAV,Telephone Field,recover-20221013,001,1795
1699.0705,1699.1086,68437,81424,Rhinolophus ferrumequinum,0.021,0.021,-1,Echolocation,/mnt/ubna_data_02_mir/recover-20221013/UBNA_001/20221012_030000.WAV,Telephone Field,recover-20221013,001,1795
1699.0805,1699.0877,28046,38960,Eptesicus serotinus,0.007,0.026,-1,Echolocation,/mnt/ubna_data_02_mir/recover-20221013/UBNA_001/20221012_030000.WAV,Telephone Field,recover-20221013,001,1795
1699.0915,1699.1311,68437,82307,Rhinolophus ferrumequinum,0.022,0.022,-1,Echolocation,/mnt/ubna_data_02_mir/recover-20221013/UBNA_001/20221012_030000.WAV,Telephone Field,recover-20221013,001,1795
1699.0985,1699.1074,28046,37416,Eptesicus serotinus,0.068,0.103,-1,Echolocation,/mnt/ubna_data_02_mir/recover-20221013/UBNA_001/20221012_030000.WAV,Telephone Field,recover-20221013,001,1795
1699.1215,1699.1651,68437,83440,Rhinolophus ferrumequinum,0.03,0.03,-1,Echolocation,/mnt/ubna_data_02_mir/recover-20221013/UBNA_001/20221012_030000.WAV,Telephone Field,recover-20221013,001,1795
1699.1585,1699.1976,68437,82951,Rhinolophus ferrumequinum,0.026,0.026,-1,Echolocation,/mnt/ubna_data_02_mir/recover-20221013/UBNA_001/20221012_030000.WAV,Telephone Field,recover-20221013,001,1795
1699.1715,1699.2081,68437,81005,Rhinolophus ferrumequinum,0.023,0.023,-1,Echolocation,/mnt/ubna_data_02_mir/recover-20221013/UBNA_001/20221012_030000.WAV,Telephone Field,recover-20221013,001,1795
1699.1765,1699.2137,68437,81316,Rhinolophus ferrumequinum,0.022,0.022,-1,Echolocation,/mnt/ubna_data_02_mir/recover-20221013/UBNA_001/20221012_030000.WAV,Telephone Field,recover-20221013,001,1795
1699.2145,1699.2538,68437,81963,Rhinolophus ferrumequinum,0.021,0.021,-1,Echolocation,/mnt/ubna_data_02_mir/recover-20221013/UBNA_001/20221012_030000.WAV,Telephone Field,recover-20221013,001,1795
1699.2465,1699.2567,22890,29282,Nyctalus leisleri,0.01,0.027,-1,Echolocation,/mnt/ubna_data_02_mir/recover-20221013/UBNA_001/20221012_030000.WAV,Telephone Field,recover-20221013,001,1795
1699.2755,1699.2816,26328,40411,Myotis nattereri,0.007,0.029,-1,Echolocation,/mnt/ubna_data_02_mir/recover-20221013/UBNA_001/20221012_030000.WAV,Telephone Field,recover-20221013,001,1795
1699.3055,1699.3413,68437,80959,Rhinolophus ferrumequinum,0.023,0.023,-1,Echolocation,/mnt/ubna_data_02_mir/recover-20221013/UBNA_001/20221012_030000.WAV,Telephone Field,recover-20221013,001,1795
1699.3385,1699.3491,22890,27798,Nyctalus leisleri,0.013,0.028,-1,Echolocation,/mnt/ubna_data_02_mir/recover-20221013/UBNA_001/20221012_030000.WAV,Telephone Field,recover-20221013,001,1795
1699.3615,1699.402,68437,83152,Rhinolophus ferrumequinum,0.029,0.029,-1,Echolocation,/mnt/ubna_data_02_mir/recover-20221013/UBNA_001/20221012_030000.WAV,Telephone Field,recover-20221013,001,1795
1699.3925,1699.4296,68437,81317,Rhinolophus ferrumequinum,0.023,0.023,-1,Echolocation,/mnt/ubna_data_02_mir/recover-20221013/UBNA_001/20221012_030000.WAV,Telephone Field,recover-20221013,001,1795
1699.4025,1699.4405,68437,82037,Rhinolophus ferrumequinum,0.029,0.029,-1,Echolocation,/mnt/ubna_data_02_mir/recover-20221013/UBNA_001/20221012_030000.WAV,Telephone Field,recover-20221013,001,1795
1699.4235,1699.4335,25468,32604,Nyctalus leisleri,0.008,0.026,-1,Echolocation,/mnt/ubna_data_02_mir/recover-20221013/UBNA_001/20221012_030000.WAV,Telephone Field,recover-20221013,001,1795
1699.4425,1699.4833,68437,82729,Rhinolophus ferrumequinum,0.025,0.026,-1,Echolocation,/mnt/ubna_data_02_mir/recover-20221013/UBNA_001/20221012_030000.WAV,Telephone Field,recover-20221013,001,1795
1699.4505,1699.4899,68437,82799,Rhinolophus ferrumequinum,0.027,0.027,-1,Echolocation,/mnt/ubna_data_02_mir/recover-20221013/UBNA_001/20221012_030000.WAV,Telephone Field,recover-20221013,001,1795
1699.4535,1699.461,45234,53602,Pipistrellus pipistrellus,0.016,0.027,-1,Echolocation,/mnt/ubna_data_02_mir/recover-20221013/UBNA_001/20221012_030000.WAV,Telephone Field,recover-20221013,001,1795
1699.4775,1699.4842,28046,37690,Eptesicus serotinus,0.006,0.023,-1,Echolocation,/mnt/ubna_data_02_mir/recover-20221013/UBNA_001/20221012_030000.WAV,Telephone Field,recover-20221013,001,1795
1699.5075,1699.5443,68437,81887,Rhinolophus ferrumequinum,0.027,0.027,-1,Echolocation,/mnt/ubna_data_02_mir/recover-20221013/UBNA_001/20221012_030000.WAV,Telephone Field,recover-20221013,001,1795
1699.5075,1699.5168,28046,36734,Eptesicus serotinus,0.009,0.024,-1,Echolocation,/mnt/ubna_data_02_mir/recover-20221013/UBNA_001/20221012_030000.WAV,Telephone Field,recover-20221013,001,1795
1699.5585,1699.5957,68437,81708,Rhinolophus ferrumequinum,0.023,0.023,-1,Echolocation,/mnt/ubna_data_02_mir/recover-20221013/UBNA_001/20221012_030000.WAV,Telephone Field,recover-20221013,001,1795
1699.5925,1699.6022,23750,30405,Nyctalus leisleri,0.007,0.022,-1,Echolocation,/mnt/ubna_data_02_mir/recover-20221013/UBNA_001/20221012_030000.WAV,Telephone Field,recover-20221013,001,1795
1699.6075,1699.6488,68437,82598,Rhinolophus ferrumequinum,0.022,0.022,-1,Echolocation,/mnt/ubna_data_02_mir/recover-20221013/UBNA_001/20221012_030000.WAV,Telephone Field,recover-20221013,001,1795
1699.6235,1699.6587,68437,81341,Rhinolophus ferrumequinum,0.022,0.022,-1,Echolocation,/mnt/ubna_data_02_mir/recover-20221013/UBNA_001/20221012_030000.WAV,Telephone Field,recover-20221013,001,1795
1699.6275,1699.636,26328,35421,Eptesicus serotinus,0.008,0.023,-1,Echolocation,/mnt/ubna_data_02_mir/recover-20221013/UBNA_001/20221012_030000.WAV,Telephone Field,recover-20221013,001,1795
1699.6575,1699.7011,68437,83019,Rhinolophus ferrumequinum,0.033,0.033,-1,Echolocation,/mnt/ubna_data_02_mir/recover-20221013/UBNA_001/20221012_030000.WAV,Telephone Field,recover-20221013,001,1795
1699.7105,1699.7504,68437,82316,Rhinolophus ferrumequinum,0.025,0.025,-1,Echolocation,/mnt/ubna_data_02_mir/recover-20221013/UBNA_001/20221012_030000.WAV,Telephone Field,recover-20221013,001,1795
1699.7295,1699.7696,68437,82572,Rhinolophus ferrumequinum,0.023,0.023,-1,Echolocation,/mnt/ubna_data_02_mir/recover-20221013/UBNA_001/20221012_030000.WAV,Telephone Field,recover-20221013,001,1795
1699.7555,1699.7914,68437,81753,Rhinolophus ferrumequinum,0.024,0.024,-1,Echolocation,/mnt/ubna_data_02_mir/recover-20221013/UBNA_001/20221012_030000.WAV,Telephone Field,recover-20221013,001,1795
1699.7715,1699.8112,68437,82725,Rhinolophus ferrumequinum,0.026,0.026,-1,Echolocation,/mnt/ubna_data_02_mir/recover-20221013/UBNA_001/20221012_030000.WAV,Telephone Field,recover-20221013,001,1795
1699.7785,1699.7849,27187,40329,Eptesicus serotinus,0.006,0.026,-1,Echolocation,/mnt/ubna_data_02_mir/recover-20221013/UBNA_001/20221012_030000.WAV,Telephone Field,recover-20221013,001,1795
1699.8345,1699.8437,28046,36355,Eptesicus serotinus,0.008,0.021,-1,Echolocation,/mnt/ubna_data_02_mir/recover-20221013/UBNA_001/20221012_030000.WAV,Telephone Field,recover-20221013,001,1795
1699.8415,1699.8769,68437,81079,Rhinolophus ferrumequinum,0.025,0.025,-1,Echolocation,/mnt/ubna_data_02_mir/recover-20221013/UBNA_001/20221012_030000.WAV,Telephone Field,recover-20221013,001,1795
1699.8675,1699.9045,68437,82112,Rhinolophus ferrumequinum,0.021,0.021,-1,Echolocation,/mnt/ubna_data_02_mir/recover-20221013/UBNA_001/20221012_030000.WAV,Telephone Field,recover-20221013,001,1795
1699.8935,1699.9295,68437,81074,Rhinolophus ferrumequinum,0.022,0.022,-1,Echolocation,/mnt/ubna_data_02_mir/recover-20221013/UBNA_001/20221012_030000.WAV,Telephone Field,recover-20221013,001,1795
1699.9135,1699.9216,28046,39055,Eptesicus serotinus,0.007,0.021,-1,Echolocation,/mnt/ubna_data_02_mir/recover-20221013/UBNA_001/20221012_030000.WAV,Telephone Field,recover-20221013,001,1795
1699.9155,1699.9581,68437,83156,Rhinolophus ferrumequinum,0.028,0.028,-1,Echolocation,/mnt/ubna_data_02_mir/recover-20221013/UBNA_001/20221012_030000.WAV,Telephone Field,recover-20221013,001,1795
1699.9295,1699.9352,28046,39898,Eptesicus serotinus,0.012,0.048,-1,Echolocation,/mnt/ubna_data_02_mir/recover-20221013/UBNA_001/20221012_030000.WAV,Telephone Field,recover-20221013,001,1795
1699.9545,1699.9613,27187,38429,Eptesicus serotinus,0.006,0.026,-1,Echolocation,/mnt/ubna_data_02_mir/recover-20221013/UBNA_001/20221012_030000.WAV,Telephone Field,recover-20221013,001,1795
1699.9825,1699.9905,28046,38557,Eptesicus serotinus,0.007,0.023,-1,Echolocation,/mnt/ubna_data_02_mir/recover-20221013/UBNA_001/20221012_030000.WAV,Telephone Field,recover-20221013,001,1795
1700.0015,1700.0105,25468,33613,Eptesicus serotinus,0.009,0.027,-1,Echolocation,/mnt/ubna_data_02_mir/recover-20221013/UBNA_001/20221012_030000.WAV,Telephone Field,recover-20221013,001,1795
1700.0015,1700.0324,69296,80887,Rhinolophus ferrumequinum,0.026,0.026,-1,Echolocation,/mnt/ubna_data_02_mir/recover-20221013/UBNA_001/20221012_030000.WAV,Telephone Field,recover-20221013,001,1795
1700.0405,1700.0487,28046,40153,Eptesicus serotinus,0.007,0.021,-1,Echolocation,/mnt/ubna_data_02_mir/recover-20221013/UBNA_001/20221012_030000.WAV,Telephone Field,recover-20221013,001,1795
1700.0855,1700.0947,22890,29764,Plecotus austriacus,0.01,0.027,-1,Echolocation,/mnt/ubna_data_02_mir/recover-20221013/UBNA_001/20221012_030000.WAV,Telephone Field,recover-20221013,001,1795
1700.0945,1700.1038,28046,36325,Eptesicus serotinus,0.009,0.022,-1,Echolocation,/mnt/ubna_data_02_mir/recover-20221013/UBNA_001/20221012_030000.WAV,Telephone Field,recover-20221013,001,1795
1700.1055,1700.1456,68437,82475,Rhinolophus ferrumequinum,0.022,0.022,-1,Echolocation,/mnt/ubna_data_02_mir/recover-20221013/UBNA_001/20221012_030000.WAV,Telephone Field,recover-20221013,001,1795
1700.1165,1700.1256,28046,36853,Eptesicus serotinus,0.008,0.021,-1,Echolocation,/mnt/ubna_data_02_mir/recover-20221013/UBNA_001/20221012_030000.WAV,Telephone Field,recover-20221013,001,1795
1700.1285,1700.138,27187,35384,Eptesicus serotinus,0.011,0.025,-1,Echolocation,/mnt/ubna_data_02_mir/recover-20221013/UBNA_001/20221012_030000.WAV,Telephone Field,recover-20221013,001,1795
1700.1455,1700.1527,50390,55561,Pipistrellus pipistrellus,0.028,0.032,-1,Echolocation,/mnt/ubna_data_02_mir/recover-20221013/UBNA_001/20221012_030000.WAV,Telephone Field,recover-20221013,001,1795
1700.1585,1700.1668,22031,29493,Plecotus austriacus,0.014,0.028,-1,Echolocation,/mnt/ubna_data_02_mir/recover-20221013/UBNA_001/20221012_030000.WAV,Telephone Field,recover-20221013,001,1795
1700.1775,1700.2182,68437,82711,Rhinolophus ferrumequinum,0.024,0.024,-1,Echolocation,/mnt/ubna_data_02_mir/recover-20221013/UBNA_001/20221012_030000.WAV,Telephone Field,recover-20221013,001,1795
1700.2065,1700.2461,68437,82876,Rhinolophus ferrumequinum,0.024,0.024,-1,Echolocation,/mnt/ubna_data_02_mir/recover-20221013/UBNA_001/20221012_030000.WAV,Telephone Field,recover-20221013,001,1795
1700.2345,1700.2757,68437,82063,Rhinolophus ferrumequinum,0.025,0.025,-1,Echolocation,/mnt/ubna_data_02_mir/recover-20221013/UBNA_001/20221012_030000.WAV,Telephone Field,recover-20221013,001,1795
1700.2425,1700.282,68437,82553,Rhinolophus ferrumequinum,0.027,0.027,-1,Echolocation,/mnt/ubna_data_02_mir/recover-20221013/UBNA_001/20221012_030000.WAV,Telephone Field,recover-20221013,001,1795
1700.2455,1700.2539,28046,38437,Eptesicus serotinus,0.009,0.023,-1,Echolocation,/mnt/ubna_data_02_mir/recover-20221013/UBNA_001/20221012_030000.WAV,Telephone Field,recover-20221013,001,1795
1700.2775,1700.3204,68437,82932,Rhinolophus ferrumequinum,0.023,0.023,-1,Echolocation,/mnt/ubna_data_02_mir/recover-20221013/UBNA_001/20221012_030000.WAV,Telephone Field,recover-20221013,001,1795
1700.3445,1700.386,68437,83049,Rhinolophus ferrumequinum,0.022,0.022,-1,Echolocation,/mnt/ubna_data_02_mir/recover-20221013/UBNA_001/20221012_030000.WAV,Telephone Field,recover-20221013,001,1795
1700.3685,1700.4083,68437,82227,Rhinolophus ferrumequinum,0.022,0.022,-1,Echolocation,/mnt/ubna_data_02_mir/recover-20221013/UBNA_001/20221012_030000.WAV,Telephone Field,recover-20221013,001,1795
1700.3745,1700.4144000000001,68437,82783,Rhinolophus ferrumequinum,0.023,0.023,-1,Echolocation,/mnt/ubna_data_02_mir/recover-20221013/UBNA_001/20221012_030000.WAV,Telephone Field,recover-20221013,001,1795
1700.4095,1700.4464,68437,81698,Rhinolophus ferrumequinum,0.021,0.021,-1,Echolocation,/mnt/ubna_data_02_mir/recover-20221013/UBNA_001/20221012_030000.WAV,Telephone Field,recover-20221013,001,1795
1700.4105,1700.4203,24609,32784,Eptesicus serotinus,0.007,0.022,-1,Echolocation,/mnt/ubna_data_02_mir/recover-20221013/UBNA_001/20221012_030000.WAV,Telephone Field,recover-20221013,001,1795
1700.4285,1700.4656,68437,81012,Rhinolophus ferrumequinum,0.025,0.025,-1,Echolocation,/mnt/ubna_data_02_mir/recover-20221013/UBNA_001/20221012_030000.WAV,Telephone Field,recover-20221013,001,1795
1700.4585,1700.469,28046,35346,Eptesicus serotinus,0.013,0.027,-1,Echolocation,/mnt/ubna_data_02_mir/recover-20221013/UBNA_001/20221012_030000.WAV,Telephone Field,recover-20221013,001,1795
1700.4615,1700.4988,68437,81819,Rhinolophus ferrumequinum,0.023,0.023,-1,Echolocation,/mnt/ubna_data_02_mir/recover-20221013/UBNA_001/20221012_030000.WAV,Telephone Field,recover-20221013,001,1795
1700.4965,1700.5361,68437,82184,Rhinolophus ferrumequinum,0.022,0.022,-1,Echolocation,/mnt/ubna_data_02_mir/recover-20221013/UBNA_001/20221012_030000.WAV,Telephone Field,recover-20221013,001,1795
1700.5025,1700.5402,68437,82511,Rhinolophus ferrumequinum,0.022,0.022,-1,Echolocation,/mnt/ubna_data_02_mir/recover-20221013/UBNA_001/20221012_030000.WAV,Telephone Field,recover-20221013,001,1795
1700.5595,1700.5959,68437,82036,Rhinolophus ferrumequinum,0.025,0.025,-1,Echolocation,/mnt/ubna_data_02_mir/recover-20221013/UBNA_001/20221012_030000.WAV,Telephone Field,recover-20221013,001,1795
1700.5745,1700.6148,68437,82851,Rhinolophus ferrumequinum,0.023,0.023,-1,Echolocation,/mnt/ubna_data_02_mir/recover-20221013/UBNA_001/20221012_030000.WAV,Telephone Field,recover-20221013,001,1795
1700.6185,1700.6291,22890,27909,Nyctalus leisleri,0.014,0.031,-1,Echolocation,/mnt/ubna_data_02_mir/recover-20221013/UBNA_001/20221012_030000.WAV,Telephone Field,recover-20221013,001,1795
1700.6215,1700.6586,68437,82578,Rhinolophus ferrumequinum,0.022,0.022,-1,Echolocation,/mnt/ubna_data_02_mir/recover-20221013/UBNA_001/20221012_030000.WAV,Telephone Field,recover-20221013,001,1795
1700.6355,1700.6457,28046,35254,Eptesicus serotinus,0.01,0.024,-1,Echolocation,/mnt/ubna_data_02_mir/recover-20221013/UBNA_001/20221012_030000.WAV,Telephone Field,recover-20221013,001,1795
1700.6525,1700.6939,68437,83073,Rhinolophus ferrumequinum,0.032,0.032,-1,Echolocation,/mnt/ubna_data_02_mir/recover-20221013/UBNA_001/20221012_030000.WAV,Telephone Field,recover-20221013,001,1795
1700.6775,1700.6863,25468,33388,Eptesicus serotinus,0.008,0.022,-1,Echolocation,/mnt/ubna_data_02_mir/recover-20221013/UBNA_001/20221012_030000.WAV,Telephone Field,recover-20221013,001,1795
1700.6775,1700.7182,68437,82485,Rhinolophus ferrumequinum,0.025,0.026,-1,Echolocation,/mnt/ubna_data_02_mir/recover-20221013/UBNA_001/20221012_030000.WAV,Telephone Field,recover-20221013,001,1795
1700.6955,1700.7362,68437,82499,Rhinolophus ferrumequinum,0.032,0.032,-1,Echolocation,/mnt/ubna_data_02_mir/recover-20221013/UBNA_001/20221012_030000.WAV,Telephone Field,recover-20221013,001,1795
1700.7055,1700.7413,68437,81778,Rhinolophus ferrumequinum,0.022,0.022,-1,Echolocation,/mnt/ubna_data_02_mir/recover-20221013/UBNA_001/20221012_030000.WAV,Telephone Field,recover-20221013,001,1795
1700.7235,1700.7306,26328,40730,Eptesicus serotinus,0.006,0.021,-1,Echolocation,/mnt/ubna_data_02_mir/recover-20221013/UBNA_001/20221012_030000.WAV,Telephone Field,recover-20221013,001,1795
1700.7715,1700.809,68437,82140,Rhinolophus ferrumequinum,0.022,0.022,-1,Echolocation,/mnt/ubna_data_02_mir/recover-20221013/UBNA_001/20221012_030000.WAV,Telephone Field,recover-20221013,001,1795
1700.8095,1700.8447,68437,81591,Rhinolophus ferrumequinum,0.021,0.021,-1,Echolocation,/mnt/ubna_data_02_mir/recover-20221013/UBNA_001/20221012_030000.WAV,Telephone Field,recover-20221013,001,1795
1700.8225,1700.8608,68437,82071,Rhinolophus ferrumequinum,0.024,0.024,-1,Echolocation,/mnt/ubna_data_02_mir/recover-20221013/UBNA_001/20221012_030000.WAV,Telephone Field,recover-20221013,001,1795
1700.8465,1700.8847,68437,81400,Rhinolophus ferrumequinum,0.024,0.024,-1,Echolocation,/mnt/ubna_data_02_mir/recover-20221013/UBNA_001/20221012_030000.WAV,Telephone Field,recover-20221013,001,1795
1700.8605,1700.898,68437,82593,Rhinolophus ferrumequinum,0.021,0.021,-1,Echolocation,/mnt/ubna_data_02_mir/recover-20221013/UBNA_001/20221012_030000.WAV,Telephone Field,recover-20221013,001,1795
1700.9105,1700.9504,68437,81450,Rhinolophus ferrumequinum,0.021,0.021,-1,Echolocation,/mnt/ubna_data_02_mir/recover-20221013/UBNA_001/20221012_030000.WAV,Telephone Field,recover-20221013,001,1795
1700.9135,1700.9225,25468,33678,Eptesicus serotinus,0.008,0.021,-1,Echolocation,/mnt/ubna_data_02_mir/recover-20221013/UBNA_001/20221012_030000.WAV,Telephone Field,recover-20221013,001,1795
1700.9265,1700.9335,28046,40680,Eptesicus serotinus,0.008,0.025,-1,Echolocation,/mnt/ubna_data_02_mir/recover-20221013/UBNA_001/20221012_030000.WAV,Telephone Field,recover-20221013,001,1795
1700.9565,1700.9957,68437,82499,Rhinolophus ferrumequinum,0.023,0.023,-1,Echolocation,/mnt/ubna_data_02_mir/recover-20221013/UBNA_001/20221012_030000.WAV,Telephone Field,recover-20221013,001,1795
1700.9615,1700.9713,28046,37675,Eptesicus serotinus,0.009,0.023,-1,Echolocation,/mnt/ubna_data_02_mir/recover-20221013/UBNA_001/20221012_030000.WAV,Telephone Field,recover-20221013,001,1795
1700.9615,1701.0021,68437,82022,Rhinolophus ferrumequinum,0.023,0.023,-1,Echolocation,/mnt/ubna_data_02_mir/recover-20221013/UBNA_001/20221012_030000.WAV,Telephone Field,recover-20221013,001,1795
1700.9825,1701.0256,68437,83405,Rhinolophus ferrumequinum,0.029,0.029,-1,Echolocation,/mnt/ubna_data_02_mir/recover-20221013/UBNA_001/20221012_030000.WAV,Telephone Field,recover-20221013,001,1795
1701.0505,1701.0935,68437,82961,Rhinolophus ferrumequinum,0.025,0.025,-1,Echolocation,/mnt/ubna_data_02_mir/recover-20221013/UBNA_001/20221012_030000.WAV,Telephone Field,recover-20221013,001,1795
1701.0835,1701.1256,68437,82694,Rhinolophus ferrumequinum,0.032,0.032,-1,Echolocation,/mnt/ubna_data_02_mir/recover-20221013/UBNA_001/20221012_030000.WAV,Telephone Field,recover-20221013,001,1795
1701.1045,1701.1457,68437,82768,Rhinolophus ferrumequinum,0.024,0.024,-1,Echolocation,/mnt/ubna_data_02_mir/recover-20221013/UBNA_001/20221012_030000.WAV,Telephone Field,recover-20221013,001,1795
1701.1125,1701.1207,27187,39636,Eptesicus serotinus,0.008,0.022,-1,Echolocation,/mnt/ubna_data_02_mir/recover-20221013/UBNA_001/20221012_030000.WAV,Telephone Field,recover-20221013,001,1795
1701.1265,1701.1661,68437,82595,Rhinolophus ferrumequinum,0.021,0.021,-1,Echolocation,/mnt/ubna_data_02_mir/recover-20221013/UBNA_001/20221012_030000.WAV,Telephone Field,recover-20221013,001,1795
1701.1525,1701.1625,27187,37187,Eptesicus serotinus,0.011,0.025,-1,Echolocation,/mnt/ubna_data_02_mir/recover-20221013/UBNA_001/20221012_030000.WAV,Telephone Field,recover-20221013,001,1795
1701.2075,1701.2177,28046,36442,Eptesicus serotinus,0.015,0.028,-1,Echolocation,/mnt/ubna_data_02_mir/recover-20221013/UBNA_001/20221012_030000.WAV,Telephone Field,recover-20221013,001,1795
1701.2095,1701.2507,68437,82346,Rhinolophus ferrumequinum,0.022,0.022,-1,Echolocation,/mnt/ubna_data_02_mir/recover-20221013/UBNA_001/20221012_030000.WAV,Telephone Field,recover-20221013,001,1795
1701.2355,1701.2443,56406,62151,Pipistrellus pygmaeus,0.023,0.023,-1,Echolocation,/mnt/ubna_data_02_mir/recover-20221013/UBNA_001/20221012_030000.WAV,Telephone Field,recover-20221013,001,1795
1701.2595,1701.2676,25468,33529,Eptesicus serotinus,0.008,0.024,-1,Echolocation,/mnt/ubna_data_02_mir/recover-20221013/UBNA_001/20221012_030000.WAV,Telephone Field,recover-20221013,001,1795
1701.2655,1701.3014,68437,81864,Rhinolophus ferrumequinum,0.021,0.021,-1,Echolocation,/mnt/ubna_data_02_mir/recover-20221013/UBNA_001/20221012_030000.WAV,Telephone Field,recover-20221013,001,1795
1701.2755,1701.3143,68437,81799,Rhinolophus ferrumequinum,0.021,0.021,-1,Echolocation,/mnt/ubna_data_02_mir/recover-20221013/UBNA_001/20221012_030000.WAV,Telephone Field,recover-20221013,001,1795
1701.3025,1701.3177,23750,28241,Nyctalus leisleri,0.065,0.141,-1,Echolocation,/mnt/ubna_data_02_mir/recover-20221013/UBNA_001/20221012_030000.WAV,Telephone Field,recover-20221013,001,1795
1701.3315,1701.3394,26328,35547,Eptesicus serotinus,0.008,0.022,-1,Echolocation,/mnt/ubna_data_02_mir/recover-20221013/UBNA_001/20221012_030000.WAV,Telephone Field,recover-20221013,001,1795
1701.3585,1701.3973,68437,81966,Rhinolophus ferrumequinum,0.022,0.022,-1,Echolocation,/mnt/ubna_data_02_mir/recover-20221013/UBNA_001/20221012_030000.WAV,Telephone Field,recover-20221013,001,1795
1701.3895,1701.3985,22031,28676,Plecotus austriacus,0.008,0.022,-1,Echolocation,/mnt/ubna_data_02_mir/recover-20221013/UBNA_001/20221012_030000.WAV,Telephone Field,recover-20221013,001,1795
1701.4295,1701.463,68437,80887,Rhinolophus ferrumequinum,0.024,0.024,-1,Echolocation,/mnt/ubna_data_02_mir/recover-20221013/UBNA_001/20221012_030000.WAV,Telephone Field,recover-20221013,001,1795
1701.4335,1701.4423,27187,44313,Eptesicus serotinus,0.009,0.022,-1,Echolocation,/mnt/ubna_data_02_mir/recover-20221013/UBNA_001/20221012_030000.WAV,Telephone Field,recover-20221013,001,1795
1701.4495,1701.4876,68437,81555,Rhinolophus ferrumequinum,0.021,0.021,-1,Echolocation,/mnt/ubna_data_02_mir/recover-20221013/UBNA_001/20221012_030000.WAV,Telephone Field,recover-20221013,001,1795
1701.4755,1701.4851,28046,36429,Eptesicus serotinus,0.01,0.023,-1,Echolocation,/mnt/ubna_data_02_mir/recover-20221013/UBNA_001/20221012_030000.WAV,Telephone Field,recover-20221013,001,1795
1701.4815,1701.5162,68437,81034,Rhinolophus ferrumequinum,0.021,0.021,-1,Echolocation,/mnt/ubna_data_02_mir/recover-20221013/UBNA_001/20221012_030000.WAV,Telephone Field,recover-20221013,001,1795
1701.4835,1701.4934,29765,37536,Eptesicus serotinus,0.009,0.023,-1,Echolocation,/mnt/ubna_data_02_mir/recover-20221013/UBNA_001/20221012_030000.WAV,Telephone Field,recover-20221013,001,1795
1701.5055,1701.5132,25468,33834,Eptesicus serotinus,0.007,0.023,-1,Echolocation,/mnt/ubna_data_02_mir/recover-20221013/UBNA_001/20221012_030000.WAV,Telephone Field,recover-20221013,001,1795
1701.5115,1701.5487,68437,81799,Rhinolophus ferrumequinum,0.022,0.022,-1,Echolocation,/mnt/ubna_data_02_mir/recover-20221013/UBNA_001/20221012_030000.WAV,Telephone Field,recover-20221013,001,1795
1701.5325,1701.5407,22890,30901,Plecotus austriacus,0.011,0.028,-1,Echolocation,/mnt/ubna_data_02_mir/recover-20221013/UBNA_001/20221012_030000.WAV,Telephone Field,recover-20221013,001,1795
1701.5585,1701.5953,68437,82382,Rhinolophus ferrumequinum,0.024,0.024,-1,Echolocation,/mnt/ubna_data_02_mir/recover-20221013/UBNA_001/20221012_030000.WAV,Telephone Field,recover-20221013,001,1795
1701.5725,1701.6115,68437,82068,Rhinolophus ferrumequinum,0.024,0.024,-1,Echolocation,/mnt/ubna_data_02_mir/recover-20221013/UBNA_001/20221012_030000.WAV,Telephone Field,recover-20221013,001,1795
1701.5745,1701.5855,23750,30015,Nyctalus leisleri,0.011,0.027,-1,Echolocation,/mnt/ubna_data_02_mir/recover-20221013/UBNA_001/20221012_030000.WAV,Telephone Field,recover-20221013,001,1795
1701.6205,1701.6286,26328,35358,Eptesicus serotinus,0.007,0.022,-1,Echolocation,/mnt/ubna_data_02_mir/recover-20221013/UBNA_001/20221012_030000.WAV,Telephone Field,recover-20221013,001,1795
1701.6245,1701.6609,68437,81962,Rhinolophus ferrumequinum,0.022,0.022,-1,Echolocation,/mnt/ubna_data_02_mir/recover-20221013/UBNA_001/20221012_030000.WAV,Telephone Field,recover-20221013,001,1795
1701.6415,1701.682,68437,82236,Rhinolophus ferrumequinum,0.023,0.023,-1,Echolocation,/mnt/ubna_data_02_mir/recover-20221013/UBNA_001/20221012_030000.WAV,Telephone Field,recover-20221013,001,1795
1701.6505,1701.689,68437,82292,Rhinolophus ferrumequinum,0.02,0.02,-1,Echolocation,/mnt/ubna_data_02_mir/recover-20221013/UBNA_001/20221012_030000.WAV,Telephone Field,recover-20221013,001,1795
1701.6565,1701.6945,68437,81825,Rhinolophus ferrumequinum,0.022,0.022,-1,Echolocation,/mnt/ubna_data_02_mir/recover-20221013/UBNA_001/20221012_030000.WAV,Telephone Field,recover-20221013,001,1795
1701.6755,1701.6845,29765,40575,Eptesicus serotinus,0.009,0.024,-1,Echolocation,/mnt/ubna_data_02_mir/recover-20221013/UBNA_001/20221012_030000.WAV,Telephone Field,recover-20221013,001,1795
1701.7575,1701.7989,68437,82999,Rhinolophus ferrumequinum,0.027,0.027,-1,Echolocation,/mnt/ubna_data_02_mir/recover-20221013/UBNA_001/20221012_030000.WAV,Telephone Field,recover-20221013,001,1795
1701.7585,1701.7709,22031,26792,Nyctalus leisleri,0.011,0.022,-1,Echolocation,/mnt/ubna_data_02_mir/recover-20221013/UBNA_001/20221012_030000.WAV,Telephone Field,recover-20221013,001,1795
1701.7625,1701.8038,68437,83753,Rhinolophus ferrumequinum,0.028,0.028,-1,Echolocation,/mnt/ubna_data_02_mir/recover-20221013/UBNA_001/20221012_030000.WAV,Telephone Field,recover-20221013,001,1795
1701.7865,1701.8291,68437,83038,Rhinolophus ferrumequinum,0.022,0.023,-1,Echolocation,/mnt/ubna_data_02_mir/recover-20221013/UBNA_001/20221012_030000.WAV,Telephone Field,recover-20221013,001,1795
1701.8175,1701.8267,25468,33074,Eptesicus serotinus,0.008,0.021,-1,Echolocation,/mnt/ubna_data_02_mir/recover-20221013/UBNA_001/20221012_030000.WAV,Telephone Field,recover-20221013,001,1795
1701.8265,1701.867,68437,82673,Rhinolophus ferrumequinum,0.023,0.023,-1,Echolocation,/mnt/ubna_data_02_mir/recover-20221013/UBNA_001/20221012_030000.WAV,Telephone Field,recover-20221013,001,1795
1701.8705,1701.9124,68437,82723,Rhinolophus ferrumequinum,0.023,0.024,-1,Echolocation,/mnt/ubna_data_02_mir/recover-20221013/UBNA_001/20221012_030000.WAV,Telephone Field,recover-20221013,001,1795
1701.9005,1701.9096,24609,33318,Eptesicus serotinus,0.008,0.022,-1,Echolocation,/mnt/ubna_data_02_mir/recover-20221013/UBNA_001/20221012_030000.WAV,Telephone Field,recover-20221013,001,1795
1701.9005,1701.9415,68437,82596,Rhinolophus ferrumequinum,0.022,0.022,-1,Echolocation,/mnt/ubna_data_02_mir/recover-20221013/UBNA_001/20221012_030000.WAV,Telephone Field,recover-20221013,001,1795
1701.9215,1701.9581,68437,81489,Rhinolophus ferrumequinum,0.021,0.021,-1,Echolocation,/mnt/ubna_data_02_mir/recover-20221013/UBNA_001/20221012_030000.WAV,Telephone Field,recover-20221013,001,1795
1701.9385,1701.9485,55546,59916,Pipistrellus pygmaeus,0.021,0.023,-1,Echolocation,/mnt/ubna_data_02_mir/recover-20221013/UBNA_001/20221012_030000.WAV,Telephone Field,recover-20221013,001,1795
1701.9805,1701.9904,22890,28266,Nyctalus leisleri,0.009,0.02,-1,Echolocation,/mnt/ubna_data_02_mir/recover-20221013/UBNA_001/20221012_030000.WAV,Telephone Field,recover-20221013,001,1795
1702.0015,1702.0365,68437,79869,Rhinolophus ferrumequinum,0.054,0.054,-1,Echolocation,/mnt/ubna_data_02_mir/recover-20221013/UBNA_001/20221012_030000.WAV,Telephone Field,recover-20221013,001,1795
1702.0015,1702.0179,17734,22620,Nyctalus noctula,0.012,0.027,-1,Echolocation,/mnt/ubna_data_02_mir/recover-20221013/UBNA_001/20221012_030000.WAV,Telephone Field,recover-20221013,001,1795
1702.0015,1702.0109,22890,29828,Nyctalus leisleri,0.008,0.026,-1,Echolocation,/mnt/ubna_data_02_mir/recover-20221013/UBNA_001/20221012_030000.WAV,Telephone Field,recover-20221013,001,1795
1702.0115,1702.0207,22890,29445,Nyctalus leisleri,0.007,0.023,-1,Echolocation,/mnt/ubna_data_02_mir/recover-20221013/UBNA_001/20221012_030000.WAV,Telephone Field,recover-20221013,001,1795
1702.0425,1702.0833,68437,82669,Rhinolophus ferrumequinum,0.025,0.025,-1,Echolocation,/mnt/ubna_data_02_mir/recover-20221013/UBNA_001/20221012_030000.WAV,Telephone Field,recover-20221013,001,1795
1702.0575,1702.0968,68437,82164,Rhinolophus ferrumequinum,0.024,0.024,-1,Echolocation,/mnt/ubna_data_02_mir/recover-20221013/UBNA_001/20221012_030000.WAV,Telephone Field,recover-20221013,001,1795
1702.0965,1702.1381,68437,82702,Rhinolophus ferrumequinum,0.029,0.029,-1,Echolocation,/mnt/ubna_data_02_mir/recover-20221013/UBNA_001/20221012_030000.WAV,Telephone Field,recover-20221013,001,1795
1702.1195,1702.128,27187,39356,Eptesicus serotinus,0.007,0.023,-1,Echolocation,/mnt/ubna_data_02_mir/recover-20221013/UBNA_001/20221012_030000.WAV,Telephone Field,recover-20221013,001,1795
1702.1315,1702.1419,23750,29890,Nyctalus leisleri,0.009,0.022,-1,Echolocation,/mnt/ubna_data_02_mir/recover-20221013/UBNA_001/20221012_030000.WAV,Telephone Field,recover-20221013,001,1795
1702.1565,1702.1948,68437,82059,Rhinolophus ferrumequinum,0.022,0.022,-1,Echolocation,/mnt/ubna_data_02_mir/recover-20221013/UBNA_001/20221012_030000.WAV,Telephone Field,recover-20221013,001,1795
1702.1895,1702.2304,68437,82647,Rhinolophus ferrumequinum,0.021,0.021,-1,Echolocation,/mnt/ubna_data_02_mir/recover-20221013/UBNA_001/20221012_030000.WAV,Telephone Field,recover-20221013,001,1795
1702.2125,1702.2576,68437,83058,Rhinolophus ferrumequinum,0.046,0.046,-1,Echolocation,/mnt/ubna_data_02_mir/recover-20221013/UBNA_001/20221012_030000.WAV,Telephone Field,recover-20221013,001,1795
1702.2595,1702.2953,68437,81922,Rhinolophus ferrumequinum,0.024,0.024,-1,Echolocation,/mnt/ubna_data_02_mir/recover-20221013/UBNA_001/20221012_030000.WAV,Telephone Field,recover-20221013,001,1795
1702.3225,1702.33,51250,59120,Pipistrellus pipistrellus,0.018,0.023,-1,Echolocation,/mnt/ubna_data_02_mir/recover-20221013/UBNA_001/20221012_030000.WAV,Telephone Field,recover-20221013,001,1795
1702.3665,1702.4066,68437,81925,Rhinolophus ferrumequinum,0.024,0.024,-1,Echolocation,/mnt/ubna_data_02_mir/recover-20221013/UBNA_001/20221012_030000.WAV,Telephone Field,recover-20221013,001,1795
1702.4315,1702.4735,68437,82460,Rhinolophus ferrumequinum,0.026,0.026,-1,Echolocation,/mnt/ubna_data_02_mir/recover-20221013/UBNA_001/20221012_030000.WAV,Telephone Field,recover-20221013,001,1795
1702.4365,1702.4439,27187,38783,Eptesicus serotinus,0.011,0.029,-1,Echolocation,/mnt/ubna_data_02_mir/recover-20221013/UBNA_001/20221012_030000.WAV,Telephone Field,recover-20221013,001,1795
1702.4595,1702.5014,68437,82312,Rhinolophus ferrumequinum,0.022,0.022,-1,Echolocation,/mnt/ubna_data_02_mir/recover-20221013/UBNA_001/20221012_030000.WAV,Telephone Field,recover-20221013,001,1795
1702.4725,1702.5121,68437,82863,Rhinolophus ferrumequinum,0.022,0.022,-1,Echolocation,/mnt/ubna_data_02_mir/recover-20221013/UBNA_001/20221012_030000.WAV,Telephone Field,recover-20221013,001,1795
1702.5105,1702.5212,22031,26639,Nyctalus leisleri,0.011,0.022,-1,Echolocation,/mnt/ubna_data_02_mir/recover-20221013/UBNA_001/20221012_030000.WAV,Telephone Field,recover-20221013,001,1795
1702.5195,1702.5316,22890,27338,Nyctalus leisleri,0.014,0.026,-1,Echolocation,/mnt/ubna_data_02_mir/recover-20221013/UBNA_001/20221012_030000.WAV,Telephone Field,recover-20221013,001,1795
1702.5195,1702.5616,68437,82731,Rhinolophus ferrumequinum,0.024,0.024,-1,Echolocation,/mnt/ubna_data_02_mir/recover-20221013/UBNA_001/20221012_030000.WAV,Telephone Field,recover-20221013,001,1795
1702.5415,1702.5801,68437,82236,Rhinolophus ferrumequinum,0.022,0.022,-1,Echolocation,/mnt/ubna_data_02_mir/recover-20221013/UBNA_001/20221012_030000.WAV,Telephone Field,recover-20221013,001,1795
1702.6095,1702.6192,28046,36515,Eptesicus serotinus,0.01,0.023,-1,Echolocation,/mnt/ubna_data_02_mir/recover-20221013/UBNA_001/20221012_030000.WAV,Telephone Field,recover-20221013,001,1795
1702.6165,1702.6276,26328,32901,Eptesicus serotinus,0.011,0.024,-1,Echolocation,/mnt/ubna_data_02_mir/recover-20221013/UBNA_001/20221012_030000.WAV,Telephone Field,recover-20221013,001,1795
1702.6425,1702.6821,68437,82279,Rhinolophus ferrumequinum,0.025,0.025,-1,Echolocation,/mnt/ubna_data_02_mir/recover-20221013/UBNA_001/20221012_030000.WAV,Telephone Field,recover-20221013,001,1795
1702.6595,1702.6675,25468,34372,Eptesicus serotinus,0.007,0.023,-1,Echolocation,/mnt/ubna_data_02_mir/recover-20221013/UBNA_001/20221012_030000.WAV,Telephone Field,recover-20221013,001,1795
1702.6755,1702.6839,46953,51205,Pipistrellus pipistrellus,0.022,0.024,-1,Echolocation,/mnt/ubna_data_02_mir/recover-20221013/UBNA_001/20221012_030000.WAV,Telephone Field,recover-20221013,001,1795
1702.6875,1702.7247,68437,81899,Rhinolophus ferrumequinum,0.021,0.021,-1,Echolocation,/mnt/ubna_data_02_mir/recover-20221013/UBNA_001/20221012_030000.WAV,Telephone Field,recover-20221013,001,1795
1702.7015,1702.7416,68437,82088,Rhinolophus ferrumequinum,0.022,0.022,-1,Echolocation,/mnt/ubna_data_02_mir/recover-20221013/UBNA_001/20221012_030000.WAV,Telephone Field,recover-20221013,001,1795
1702.7405,1702.7793,68437,82517,Rhinolophus ferrumequinum,0.026,0.026,-1,Echolocation,/mnt/ubna_data_02_mir/recover-20221013/UBNA_001/20221012_030000.WAV,Telephone Field,recover-20221013,001,1795
1702.7815,1702.7886,28046,38995,Eptesicus serotinus,0.008,0.027,-1,Echolocation,/mnt/ubna_data_02_mir/recover-20221013/UBNA_001/20221012_030000.WAV,Telephone Field,recover-20221013,001,1795
1702.7995,1702.8449,68437,83372,Rhinolophus ferrumequinum,0.043,0.043,-1,Echolocation,/mnt/ubna_data_02_mir/recover-20221013/UBNA_001/20221012_030000.WAV,Telephone Field,recover-20221013,001,1795
1702.8055,1702.8138,28046,38631,Eptesicus serotinus,0.008,0.024,-1,Echolocation,/mnt/ubna_data_02_mir/recover-20221013/UBNA_001/20221012_030000.WAV,Telephone Field,recover-20221013,001,1795
1702.8255,1702.8666,68437,82431,Rhinolophus ferrumequinum,0.025,0.025,-1,Echolocation,/mnt/ubna_data_02_mir/recover-20221013/UBNA_001/20221012_030000.WAV,Telephone Field,recover-20221013,001,1795
1702.8365,1702.8761,68437,82716,Rhinolophus ferrumequinum,0.023,0.023,-1,Echolocation,/mnt/ubna_data_02_mir/recover-20221013/UBNA_001/20221012_030000.WAV,Telephone Field,recover-20221013,001,1795
1702.8445,1702.8862,68437,82247,Rhinolophus ferrumequinum,0.023,0.023,-1,Echolocation,/mnt/ubna_data_02_mir/recover-20221013/UBNA_001/20221012_030000.WAV,Telephone Field,recover-20221013,001,1795
1702.8505,1702.8588,28046,37046,Eptesicus serotinus,0.011,0.026,-1,Echolocation,/mnt/ubna_data_02_mir/recover-20221013/UBNA_001/20221012_030000.WAV,Telephone Field,recover-20221013,001,1795
1702.8695,1702.9079,68437,82307,Rhinolophus ferrumequinum,0.021,0.021,-1,Echolocation,/mnt/ubna_data_02_mir/recover-20221013/UBNA_001/20221012_030000.WAV,Telephone Field,recover-20221013,001,1795
1702.8795,1702.8878,51250,56256,Pipistrellus pipistrellus,0.017,0.023,-1,Echolocation,/mnt/ubna_data_02_mir/recover-20221013/UBNA_001/20221012_030000.WAV,Telephone Field,recover-20221013,001,1795
1702.8865,1702.9305,68437,83224,Rhinolophus ferrumequinum,0.039,0.039,-1,Echolocation,/mnt/ubna_data_02_mir/recover-20221013/UBNA_001/20221012_030000.WAV,Telephone Field,recover-20221013,001,1795
1702.9155,1702.9543,68437,82590,Rhinolophus ferrumequinum,0.022,0.022,-1,Echolocation,/mnt/ubna_data_02_mir/recover-20221013/UBNA_001/20221012_030000.WAV,Telephone Field,recover-20221013,001,1795
1702.9225,1702.9625,68437,82209,Rhinolophus ferrumequinum,0.025,0.025,-1,Echolocation,/mnt/ubna_data_02_mir/recover-20221013/UBNA_001/20221012_030000.WAV,Telephone Field,recover-20221013,001,1795
1702.9245,1702.9346,28046,35997,Eptesicus serotinus,0.011,0.025,-1,Echolocation,/mnt/ubna_data_02_mir/recover-20221013/UBNA_001/20221012_030000.WAV,Telephone Field,recover-20221013,001,1795
1702.9565,1702.9713,14296,19747,Nyctalus noctula,0.018,0.027,-1,Echolocation,/mnt/ubna_data_02_mir/recover-20221013/UBNA_001/20221012_030000.WAV,Telephone Field,recover-20221013,001,1795
1702.9655,1703.0058,68437,82112,Rhinolophus ferrumequinum,0.024,0.024,-1,Echolocation,/mnt/ubna_data_02_mir/recover-20221013/UBNA_001/20221012_030000.WAV,Telephone Field,recover-20221013,001,1795
1702.9695,1702.9822,32343,37057,Eptesicus serotinus,0.01,0.033,-1,Echolocation,/mnt/ubna_data_02_mir/recover-20221013/UBNA_001/20221012_030000.WAV,Telephone Field,recover-20221013,001,1795
1702.9815,1703.0194,68437,81775,Rhinolophus ferrumequinum,0.023,0.023,-1,Echolocation,/mnt/ubna_data_02_mir/recover-20221013/UBNA_001/20221012_030000.WAV,Telephone Field,recover-20221013,001,1795
1703.0405,1703.051,28046,35438,Eptesicus serotinus,0.011,0.023,-1,Echolocation,/mnt/ubna_data_02_mir/recover-20221013/UBNA_001/20221012_030000.WAV,Telephone Field,recover-20221013,001,1795
1703.0425,1703.0797,68437,81689,Rhinolophus ferrumequinum,0.029,0.029,-1,Echolocation,/mnt/ubna_data_02_mir/recover-20221013/UBNA_001/20221012_030000.WAV,Telephone Field,recover-20221013,001,1795
1703.0525,1703.0942,68437,82740,Rhinolophus ferrumequinum,0.034,0.034,-1,Echolocation,/mnt/ubna_data_02_mir/recover-20221013/UBNA_001/20221012_030000.WAV,Telephone Field,recover-20221013,001,1795
1703.0705,1703.1111,68437,82794,Rhinolophus ferrumequinum,0.022,0.022,-1,Echolocation,/mnt/ubna_data_02_mir/recover-20221013/UBNA_001/20221012_030000.WAV,Telephone Field,recover-20221013,001,1795
1703.0915,1703.127,68437,81967,Rhinolophus ferrumequinum,0.023,0.023,-1,Echolocation,/mnt/ubna_data_02_mir/recover-20221013/UBNA_001/20221012_030000.WAV,Telephone Field,recover-20221013,001,1795
1703.1205,1703.1303,28906,36452,Eptesicus serotinus,0.008,0.021,-1,Echolocation,/mnt/ubna_data_02_mir/recover-20221013/UBNA_001/20221012_030000.WAV,Telephone Field,recover-20221013,001,1795
1703.1405,1703.175,68437,81185,Rhinolophus ferrumequinum,0.034,0.034,-1,Echolocation,/mnt/ubna_data_02_mir/recover-20221013/UBNA_001/20221012_030000.WAV,Telephone Field,recover-20221013,001,1795
1703.1515,1703.189,68437,81987,Rhinolophus ferrumequinum,0.023,0.023,-1,Echolocation,/mnt/ubna_data_02_mir/recover-20221013/UBNA_001/20221012_030000.WAV,Telephone Field,recover-20221013,001,1795
1703.1625,1703.171,28046,38653,Eptesicus serotinus,0.007,0.021,-1,Echolocation,/mnt/ubna_data_02_mir/recover-20221013/UBNA_001/20221012_030000.WAV,Telephone Field,recover-20221013,001,1795
1703.1945,1703.2046,22890,28224,Nyctalus leisleri,0.011,0.024,-1,Echolocation,/mnt/ubna_data_02_mir/recover-20221013/UBNA_001/20221012_030000.WAV,Telephone Field,recover-20221013,001,1795
1703.2515,1703.2911,68437,82562,Rhinolophus ferrumequinum,0.021,0.021,-1,Echolocation,/mnt/ubna_data_02_mir/recover-20221013/UBNA_001/20221012_030000.WAV,Telephone Field,recover-20221013,001,1795
1703.2595,1703.3002,68437,82597,Rhinolophus ferrumequinum,0.022,0.022,-1,Echolocation,/mnt/ubna_data_02_mir/recover-20221013/UBNA_001/20221012_030000.WAV,Telephone Field,recover-20221013,001,1795
1703.2605,1703.2729,22031,26517,Nyctalus leisleri,0.014,0.025,-1,Echolocation,/mnt/ubna_data_02_mir/recover-20221013/UBNA_001/20221012_030000.WAV,Telephone Field,recover-20221013,001,1795
1703.3475,1703.3868,68437,82392,Rhinolophus ferrumequinum,0.022,0.022,-1,Echolocation,/mnt/ubna_data_02_mir/recover-20221013/UBNA_001/20221012_030000.WAV,Telephone Field,recover-20221013,001,1795
1703.3785,1703.4193,68437,82226,Rhinolophus ferrumequinum,0.021,0.021,-1,Echolocation,/mnt/ubna_data_02_mir/recover-20221013/UBNA_001/20221012_030000.WAV,Telephone Field,recover-20221013,001,1795
1703.4205,1703.46,68437,82342,Rhinolophus ferrumequinum,0.022,0.022,-1,Echolocation,/mnt/ubna_data_02_mir/recover-20221013/UBNA_001/20221012_030000.WAV,Telephone Field,recover-20221013,001,1795
1703.4715,1703.478,23750,33618,Plecotus austriacus,0.012,0.027,-1,Echolocation,/mnt/ubna_data_02_mir/recover-20221013/UBNA_001/20221012_030000.WAV,Telephone Field,recover-20221013,001,1795
1703.5115,1703.5493,68437,82009,Rhinolophus ferrumequinum,0.022,0.022,-1,Echolocation,/mnt/ubna_data_02_mir/recover-20221013/UBNA_001/20221012_030000.WAV,Telephone Field,recover-20221013,001,1795
1703.5405,1703.5758,68437,80641,Rhinolophus ferrumequinum,0.022,0.022,-1,Echolocation,/mnt/ubna_data_02_mir/recover-20221013/UBNA_001/20221012_030000.WAV,Telephone Field,recover-20221013,001,1795
1703.5565,1703.5664,28906,36873,Eptesicus serotinus,0.011,0.024,-1,Echolocation,/mnt/ubna_data_02_mir/recover-20221013/UBNA_001/20221012_030000.WAV,Telephone Field,recover-20221013,001,1795
1703.5675,1703.6101,68437,82298,Rhinolophus ferrumequinum,0.03,0.03,-1,Echolocation,/mnt/ubna_data_02_mir/recover-20221013/UBNA_001/20221012_030000.WAV,Telephone Field,recover-20221013,001,1795
1703.5705,1703.5768,48671,53258,Pipistrellus pipistrellus,0.022,0.024,-1,Echolocation,/mnt/ubna_data_02_mir/recover-20221013/UBNA_001/20221012_030000.WAV,Telephone Field,recover-20221013,001,1795
1703.5995,1703.6381,68437,82711,Rhinolophus ferrumequinum,0.023,0.023,-1,Echolocation,/mnt/ubna_data_02_mir/recover-20221013/UBNA_001/20221012_030000.WAV,Telephone Field,recover-20221013,001,1795
1703.6115,1703.6226,25468,32255,Eptesicus serotinus,0.011,0.027,-1,Echolocation,/mnt/ubna_data_02_mir/recover-20221013/UBNA_001/20221012_030000.WAV,Telephone Field,recover-20221013,001,1795
1703.6355,1703.6734,68437,81837,Rhinolophus ferrumequinum,0.022,0.022,-1,Echolocation,/mnt/ubna_data_02_mir/recover-20221013/UBNA_001/20221012_030000.WAV,Telephone Field,recover-20221013,001,1795
1703.6725,1703.7135,68437,82522,Rhinolophus ferrumequinum,0.025,0.025,-1,Echolocation,/mnt/ubna_data_02_mir/recover-20221013/UBNA_001/20221012_030000.WAV,Telephone Field,recover-20221013,001,1795
1703.6915,1703.699,50390,57341,Pipistrellus pipistrellus,0.019,0.022,-1,Echolocation,/mnt/ubna_data_02_mir/recover-20221013/UBNA_001/20221012_030000.WAV,Telephone Field,recover-20221013,001,1795
1703.7085,1703.7469,68437,81552,Rhinolophus ferrumequinum,0.023,0.023,-1,Echolocation,/mnt/ubna_data_02_mir/recover-20221013/UBNA_001/20221012_030000.WAV,Telephone Field,recover-20221013,001,1795
1703.7185,1703.7268,27187,36820,Eptesicus serotinus,0.008,0.022,-1,Echolocation,/mnt/ubna_data_02_mir/recover-20221013/UBNA_001/20221012_030000.WAV,Telephone Field,recover-20221013,001,1795
1703.7205,1703.7601,68437,82659,Rhinolophus ferrumequinum,0.023,0.023,-1,Echolocation,/mnt/ubna_data_02_mir/recover-20221013/UBNA_001/20221012_030000.WAV,Telephone Field,recover-20221013,001,1795
1703.7345,1703.7721,68437,81901,Rhinolophus ferrumequinum,0.022,0.022,-1,Echolocation,/mnt/ubna_data_02_mir/recover-20221013/UBNA_001/20221012_030000.WAV,Telephone Field,recover-20221013,001,1795
1703.7445,1703.754,26328,35046,Eptesicus serotinus,0.014,0.03,-1,Echolocation,/mnt/ubna_data_02_mir/recover-20221013/UBNA_001/20221012_030000.WAV,Telephone Field,recover-20221013,001,1795
1703.7565,1703.7928,68437,81713,Rhinolophus ferrumequinum,0.021,0.021,-1,Echolocation,/mnt/ubna_data_02_mir/recover-20221013/UBNA_001/20221012_030000.WAV,Telephone Field,recover-20221013,001,1795
1703.7665,1703.7776,28906,36736,Eptesicus serotinus,0.018,0.032,-1,Echolocation,/mnt/ubna_data_02_mir/recover-20221013/UBNA_001/20221012_030000.WAV,Telephone Field,recover-20221013,001,1795
1703.7725,1703.8068,68437,81115,Rhinolophus ferrumequinum,0.022,0.023,-1,Echolocation,/mnt/ubna_data_02_mir/recover-20221013/UBNA_001/20221012_030000.WAV,Telephone Field,recover-20221013,001,1795
1703.7835,1703.817,68437,81205,Rhinolophus ferrumequinum,0.024,0.024,-1,Echolocation,/mnt/ubna_data_02_mir/recover-20221013/UBNA_001/20221012_030000.WAV,Telephone Field,recover-20221013,001,1795
1703.7865,1703.7972,22890,28776,Nyctalus leisleri,0.011,0.027,-1,Echolocation,/mnt/ubna_data_02_mir/recover-20221013/UBNA_001/20221012_030000.WAV,Telephone Field,recover-20221013,001,1795
1703.8065,1703.8441,68437,81881,Rhinolophus ferrumequinum,0.035,0.035,-1,Echolocation,/mnt/ubna_data_02_mir/recover-20221013/UBNA_001/20221012_030000.WAV,Telephone Field,recover-20221013,001,1795
1703.8195,1703.8286,23750,30650,Nyctalus leisleri,0.007,0.023,-1,Echolocation,/mnt/ubna_data_02_mir/recover-20221013/UBNA_001/20221012_030000.WAV,Telephone Field,recover-20221013,001,1795
1703.8235,1703.8345,53828,58075,Pipistrellus pygmaeus,0.02,0.029,-1,Echolocation,/mnt/ubna_data_02_mir/recover-20221013/UBNA_001/20221012_030000.WAV,Telephone Field,recover-20221013,001,1795
1703.8345,1703.8472,22890,26967,Nyctalus leisleri,0.015,0.027,-1,Echolocation,/mnt/ubna_data_02_mir/recover-20221013/UBNA_001/20221012_030000.WAV,Telephone Field,recover-20221013,001,1795
1703.8365,1703.8726,68437,81580,Rhinolophus ferrumequinum,0.025,0.025,-1,Echolocation,/mnt/ubna_data_02_mir/recover-20221013/UBNA_001/20221012_030000.WAV,Telephone Field,recover-20221013,001,1795
1703.8525,1703.8602,28046,41167,Eptesicus serotinus,0.007,0.024,-1,Echolocation,/mnt/ubna_data_02_mir/recover-20221013/UBNA_001/20221012_030000.WAV,Telephone Field,recover-20221013,001,1795
1703.8875,1703.9279,68437,82635,Rhinolophus ferrumequinum,0.025,0.025,-1,Echolocation,/mnt/ubna_data_02_mir/recover-20221013/UBNA_001/20221012_030000.WAV,Telephone Field,recover-20221013,001,1795
1703.9035,1703.9425,68437,82356,Rhinolophus ferrumequinum,0.021,0.021,-1,Echolocation,/mnt/ubna_data_02_mir/recover-20221013/UBNA_001/20221012_030000.WAV,Telephone Field,recover-20221013,001,1795
1703.9275,1703.9363,26328,35469,Eptesicus serotinus,0.021,0.047,-1,Echolocation,/mnt/ubna_data_02_mir/recover-20221013/UBNA_001/20221012_030000.WAV,Telephone Field,recover-20221013,001,1795
1703.9605,1703.9682,46093,50755,Pipistrellus pipistrellus,0.105,0.109,-1,Echolocation,/mnt/ubna_data_02_mir/recover-20221013/UBNA_001/20221012_030000.WAV,Telephone Field,recover-20221013,001,1795
1704.0015,1704.0337,68437,79800,Rhinolophus ferrumequinum,0.03,0.031,-1,Echolocation,/mnt/ubna_data_02_mir/recover-20221013/UBNA_001/20221012_030000.WAV,Telephone Field,recover-20221013,001,1795
1704.0015,1704.0103,22890,28826,Nyctalus leisleri,0.01,0.026,-1,Echolocation,/mnt/ubna_data_02_mir/recover-20221013/UBNA_001/20221012_030000.WAV,Telephone Field,recover-20221013,001,1795
1704.0135,1704.0557,68437,82627,Rhinolophus ferrumequinum,0.023,0.023,-1,Echolocation,/mnt/ubna_data_02_mir/recover-20221013/UBNA_001/20221012_030000.WAV,Telephone Field,recover-20221013,001,1795
1704.0315,1704.0366,28906,42337,Plecotus auritus,0.007,0.033,-1,Echolocation,/mnt/ubna_data_02_mir/recover-20221013/UBNA_001/20221012_030000.WAV,Telephone Field,recover-20221013,001,1795
1704.0565,1704.0952,68437,81684,Rhinolophus ferrumequinum,0.022,0.022,-1,Echolocation,/mnt/ubna_data_02_mir/recover-20221013/UBNA_001/20221012_030000.WAV,Telephone Field,recover-20221013,001,1795
1704.0645,1704.0729,27187,38161,Eptesicus serotinus,0.007,0.021,-1,Echolocation,/mnt/ubna_data_02_mir/recover-20221013/UBNA_001/20221012_030000.WAV,Telephone Field,recover-20221013,001,1795
1704.0785,1704.0892,22890,27588,Nyctalus leisleri,0.012,0.024,-1,Echolocation,/mnt/ubna_data_02_mir/recover-20221013/UBNA_001/20221012_030000.WAV,Telephone Field,recover-20221013,001,1795
1704.0835,1704.1246,68437,82875,Rhinolophus ferrumequinum,0.026,0.026,-1,Echolocation,/mnt/ubna_data_02_mir/recover-20221013/UBNA_001/20221012_030000.WAV,Telephone Field,recover-20221013,001,1795
1704.1255,1704.1657,68437,82332,Rhinolophus ferrumequinum,0.033,0.033,-1,Echolocation,/mnt/ubna_data_02_mir/recover-20221013/UBNA_001/20221012_030000.WAV,Telephone Field,recover-20221013,001,1795
1704.1255,1704.1353,46093,49652,Pipistrellus pipistrellus,0.03,0.032,-1,Echolocation,/mnt/ubna_data_02_mir/recover-20221013/UBNA_001/20221012_030000.WAV,Telephone Field,recover-20221013,001,1795
1704.1305,1704.1414,22031,26395,Nyctalus leisleri,0.013,0.023,-1,Echolocation,/mnt/ubna_data_02_mir/recover-20221013/UBNA_001/20221012_030000.WAV,Telephone Field,recover-20221013,001,1795
1704.1535,1704.1938,68437,82497,Rhinolophus ferrumequinum,0.027,0.027,-1,Echolocation,/mnt/ubna_data_02_mir/recover-20221013/UBNA_001/20221012_030000.WAV,Telephone Field,recover-20221013,001,1795
1704.1975,1704.2367,68437,82614,Rhinolophus ferrumequinum,0.024,0.024,-1,Echolocation,/mnt/ubna_data_02_mir/recover-20221013/UBNA_001/20221012_030000.WAV,Telephone Field,recover-20221013,001,1795
1704.2225,1704.2595,68437,81875,Rhinolophus ferrumequinum,0.022,0.022,-1,Echolocation,/mnt/ubna_data_02_mir/recover-20221013/UBNA_001/20221012_030000.WAV,Telephone Field,recover-20221013,001,1795
1704.2355,1704.2767,68437,82610,Rhinolophus ferrumequinum,0.022,0.022,-1,Echolocation,/mnt/ubna_data_02_mir/recover-20221013/UBNA_001/20221012_030000.WAV,Telephone Field,recover-20221013,001,1795
1704.2705,1704.2801,22890,29660,Plecotus austriacus,0.013,0.033,-1,Echolocation,/mnt/ubna_data_02_mir/recover-20221013/UBNA_001/20221012_030000.WAV,Telephone Field,recover-20221013,001,1795
1704.2995,1704.3074,24609,33880,Plecotus austriacus,0.011,0.031,-1,Echolocation,/mnt/ubna_data_02_mir/recover-20221013/UBNA_001/20221012_030000.WAV,Telephone Field,recover-20221013,001,1795
1704.3415,1704.3499,28046,39135,Eptesicus serotinus,0.008,0.023,-1,Echolocation,/mnt/ubna_data_02_mir/recover-20221013/UBNA_001/20221012_030000.WAV,Telephone Field,recover-20221013,001,1795
1704.3725,1704.4088,68437,82100,Rhinolophus ferrumequinum,0.021,0.021,-1,Echolocation,/mnt/ubna_data_02_mir/recover-20221013/UBNA_001/20221012_030000.WAV,Telephone Field,recover-20221013,001,1795
1704.4175,1704.4238,27187,39751,Eptesicus serotinus,0.005,0.023,-1,Echolocation,/mnt/ubna_data_02_mir/recover-20221013/UBNA_001/20221012_030000.WAV,Telephone Field,recover-20221013,001,1795
1704.4425,1704.4577,16015,21155,Nyctalus noctula,0.019,0.027,-1,Echolocation,/mnt/ubna_data_02_mir/recover-20221013/UBNA_001/20221012_030000.WAV,Telephone Field,recover-20221013,001,1795
1704.4885,1704.4987,22031,27202,Nyctalus leisleri,0.011,0.027,-1,Echolocation,/mnt/ubna_data_02_mir/recover-20221013/UBNA_001/20221012_030000.WAV,Telephone Field,recover-20221013,001,1795
1704.4935,1704.5358,68437,82915,Rhinolophus ferrumequinum,0.025,0.025,-1,Echolocation,/mnt/ubna_data_02_mir/recover-20221013/UBNA_001/20221012_030000.WAV,Telephone Field,recover-20221013,001,1795
1704.5365,1704.5466,22031,27202,Nyctalus leisleri,0.009,0.021,-1,Echolocation,/mnt/ubna_data_02_mir/recover-20221013/UBNA_001/20221012_030000.WAV,Telephone Field,recover-20221013,001,1795
1704.5965,1704.6345,68437,81547,Rhinolophus ferrumequinum,0.021,0.021,-1,Echolocation,/mnt/ubna_data_02_mir/recover-20221013/UBNA_001/20221012_030000.WAV,Telephone Field,recover-20221013,001,1795
1704.6175,1704.6235,49531,56845,Pipistrellus pipistrellus,0.018,0.021,-1,Echolocation,/mnt/ubna_data_02_mir/recover-20221013/UBNA_001/20221012_030000.WAV,Telephone Field,recover-20221013,001,1795
1704.6285,1704.6692,68437,82368,Rhinolophus ferrumequinum,0.024,0.024,-1,Echolocation,/mnt/ubna_data_02_mir/recover-20221013/UBNA_001/20221012_030000.WAV,Telephone Field,recover-20221013,001,1795
1704.6335,1704.6436,23750,30966,Nyctalus leisleri,0.01,0.027,-1,Echolocation,/mnt/ubna_data_02_mir/recover-20221013/UBNA_001/20221012_030000.WAV,Telephone Field,recover-20221013,001,1795
1704.6645,1704.7054,68437,82422,Rhinolophus ferrumequinum,0.025,0.025,-1,Echolocation,/mnt/ubna_data_02_mir/recover-20221013/UBNA_001/20221012_030000.WAV,Telephone Field,recover-20221013,001,1795
1704.6665,1704.6768,24609,31339,Nyctalus leisleri,0.01,0.024,-1,Echolocation,/mnt/ubna_data_02_mir/recover-20221013/UBNA_001/20221012_030000.WAV,Telephone Field,recover-20221013,001,1795
1704.7455,1704.7574,22890,27552,Nyctalus leisleri,0.013,0.024,-1,Echolocation,/mnt/ubna_data_02_mir/recover-20221013/UBNA_001/20221012_030000.WAV,Telephone Field,recover-20221013,001,1795
1704.7575,1704.7958,68437,81621,Rhinolophus ferrumequinum,0.027,0.027,-1,Echolocation,/mnt/ubna_data_02_mir/recover-20221013/UBNA_001/20221012_030000.WAV,Telephone Field,recover-20221013,001,1795
1704.7775,1704.8167,68437,81834,Rhinolophus ferrumequinum,0.021,0.021,-1,Echolocation,/mnt/ubna_data_02_mir/recover-20221013/UBNA_001/20221012_030000.WAV,Telephone Field,recover-20221013,001,1795
1704.7915,1704.8304,68437,82220,Rhinolophus ferrumequinum,0.023,0.023,-1,Echolocation,/mnt/ubna_data_02_mir/recover-20221013/UBNA_001/20221012_030000.WAV,Telephone Field,recover-20221013,001,1795
1704.8095,1704.8204,28906,36663,Eptesicus serotinus,0.013,0.028,-1,Echolocation,/mnt/ubna_data_02_mir/recover-20221013/UBNA_001/20221012_030000.WAV,Telephone Field,recover-20221013,001,1795
1704.8285,1704.8674,68437,82170,Rhinolophus ferrumequinum,0.021,0.021,-1,Echolocation,/mnt/ubna_data_02_mir/recover-20221013/UBNA_001/20221012_030000.WAV,Telephone Field,recover-20221013,001,1795
1704.8345,1704.8766,68437,82483,Rhinolophus ferrumequinum,0.021,0.021,-1,Echolocation,/mnt/ubna_data_02_mir/recover-20221013/UBNA_001/20221012_030000.WAV,Telephone Field,recover-20221013,001,1795
1704.8355,1704.8438,28906,39578,Eptesicus serotinus,0.007,0.021,-1,Echolocation,/mnt/ubna_data_02_mir/recover-20221013/UBNA_001/20221012_030000.WAV,Telephone Field,recover-20221013,001,1795
1704.8405,1704.8808,68437,82810,Rhinolophus ferrumequinum,0.022,0.022,-1,Echolocation,/mnt/ubna_data_02_mir/recover-20221013/UBNA_001/20221012_030000.WAV,Telephone Field,recover-20221013,001,1795
1704.8645,1704.9042,68437,81714,Rhinolophus ferrumequinum,0.021,0.021,-1,Echolocation,/mnt/ubna_data_02_mir/recover-20221013/UBNA_001/20221012_030000.WAV,Telephone Field,recover-20221013,001,1795
1704.8765,1704.9142,68437,81816,Rhinolophus ferrumequinum,0.023,0.023,-1,Echolocation,/mnt/ubna_data_02_mir/recover-20221013/UBNA_001/20221012_030000.WAV,Telephone Field,recover-20221013,001,1795
1704.8855,1704.8925,28906,40052,Eptesicus serotinus,0.007,0.026,-1,Echolocation,/mnt/ubna_data_02_mir/recover-20221013/UBNA_001/20221012_030000.WAV,Telephone Field,recover-20221013,001,1795
1704.8955,1704.9313,68437,81369,Rhinolophus ferrumequinum,0.023,0.023,-1,Echolocation,/mnt/ubna_data_02_mir/recover-20221013/UBNA_001/20221012_030000.WAV,Telephone Field,recover-20221013,001,1795
1704.9025,1704.9133,45234,49555,Pipistrellus pipistrellus,0.025,0.03,-1,Echolocation,/mnt/ubna_data_02_mir/recover-20221013/UBNA_001/20221012_030000.WAV,Telephone Field,recover-20221013,001,1795
1704.9115,1704.9496,68437,81539,Rhinolophus ferrumequinum,0.021,0.021,-1,Echolocation,/mnt/ubna_data_02_mir/recover-20221013/UBNA_001/20221012_030000.WAV,Telephone Field,recover-20221013,001,1795
1704.9215,1704.9613,68437,82040,Rhinolophus ferrumequinum,0.023,0.023,-1,Echolocation,/mnt/ubna_data_02_mir/recover-20221013/UBNA_001/20221012_030000.WAV,Telephone Field,recover-20221013,001,1795
1704.9265,1704.9636,68437,82104,Rhinolophus ferrumequinum,0.023,0.023,-1,Echolocation,/mnt/ubna_data_02_mir/recover-20221013/UBNA_001/20221012_030000.WAV,Telephone Field,recover-20221013,001,1795
1704.9505,1704.9876,68437,82039,Rhinolophus ferrumequinum,0.024,0.024,-1,Echolocation,/mnt/ubna_data_02_mir/recover-20221013/UBNA_001/20221012_030000.WAV,Telephone Field,recover-20221013,001,1795
1704.9535,1704.9609,24609,33608,Plecotus austriacus,0.008,0.021,-1,Echolocation,/mnt/ubna_data_02_mir/recover-20221013/UBNA_001/20221012_030000.WAV,Telephone Field,recover-20221013,001,1795
1704.9875,1704.9949,28046,40077,Eptesicus serotinus,0.007,0.025,-1,Echolocation,/mnt/ubna_data_02_mir/recover-20221013/UBNA_001/20221012_030000.WAV,Telephone Field,recover-20221013,001,1795
1705.0095,1705.0484,68437,81644,Rhinolophus ferrumequinum,0.022,0.023,-1,Echolocation,/mnt/ubna_data_02_mir/recover-20221013/UBNA_001/20221012_030000.WAV,Telephone Field,recover-20221013,001,1795
1705.0455,1705.083,68437,81890,Rhinolophus ferrumequinum,0.021,0.021,-1,Echolocation,/mnt/ubna_data_02_mir/recover-20221013/UBNA_001/20221012_030000.WAV,Telephone Field,recover-20221013,001,1795
1705.0685,1705.1065,68437,82025,Rhinolophus ferrumequinum,0.023,0.023,-1,Echolocation,/mnt/ubna_data_02_mir/recover-20221013/UBNA_001/20221012_030000.WAV,Telephone Field,recover-20221013,001,1795
1705.0765,1705.1167,68437,81453,Rhinolophus ferrumequinum,0.021,0.022,-1,Echolocation,/mnt/ubna_data_02_mir/recover-20221013/UBNA_001/20221012_030000.WAV,Telephone Field,recover-20221013,001,1795
1705.0785,1705.0865,28046,38644,Eptesicus serotinus,0.007,0.023,-1,Echolocation,/mnt/ubna_data_02_mir/recover-20221013/UBNA_001/20221012_030000.WAV,Telephone Field,recover-20221013,001,1795
1705.0945,1705.1338,68437,81870,Rhinolophus ferrumequinum,0.021,0.021,-1,Echolocation,/mnt/ubna_data_02_mir/recover-20221013/UBNA_001/20221012_030000.WAV,Telephone Field,recover-20221013,001,1795
1705.0995,1705.1391,68437,82138,Rhinolophus ferrumequinum,0.021,0.021,-1,Echolocation,/mnt/ubna_data_02_mir/recover-20221013/UBNA_001/20221012_030000.WAV,Telephone Field,recover-20221013,001,1795
1705.1205,1705.1599,68437,81921,Rhinolophus ferrumequinum,0.021,0.021,-1,Echolocation,/mnt/ubna_data_02_mir/recover-20221013/UBNA_001/20221012_030000.WAV,Telephone Field,recover-20221013,001,1795
1705.1365,1705.1437,26328,39329,Eptesicus serotinus,0.007,0.024,-1,Echolocation,/mnt/ubna_data_02_mir/recover-20221013/UBNA_001/20221012_030000.WAV,Telephone Field,recover-20221013,001,1795
1705.1465,1705.1584,26328,32323,Eptesicus serotinus,0.011,0.023,-1,Echolocation,/mnt/ubna_data_02_mir/recover-20221013/UBNA_001/20221012_030000.WAV,Telephone Field,recover-20221013,001,1795
1705.1525,1705.1904,68437,81917,Rhinolophus ferrumequinum,0.023,0.023,-1,Echolocation,/mnt/ubna_data_02_mir/recover-20221013/UBNA_001/20221012_030000.WAV,Telephone Field,recover-20221013,001,1795
1705.1635,1705.1802,15156,20585,Nyctalus noctula,0.017,0.023,-1,Echolocation,/mnt/ubna_data_02_mir/recover-20221013/UBNA_001/20221012_030000.WAV,Telephone Field,recover-20221013,001,1795
1705.1665,1705.2004,68437,80225,Rhinolophus ferrumequinum,0.021,0.022,-1,Echolocation,/mnt/ubna_data_02_mir/recover-20221013/UBNA_001/20221012_030000.WAV,Telephone Field,recover-20221013,001,1795
1705.1675,1705.174,24609,34362,Plecotus austriacus,0.012,0.028,-1,Echolocation,/mnt/ubna_data_02_mir/recover-20221013/UBNA_001/20221012_030000.WAV,Telephone Field,recover-20221013,001,1795
1705.1885,1705.2287,68437,83061,Rhinolophus ferrumequinum,0.026,0.026,-1,Echolocation,/mnt/ubna_data_02_mir/recover-20221013/UBNA_001/20221012_030000.WAV,Telephone Field,recover-20221013,001,1795
1705.1945,1705.2354,68437,83242,Rhinolophus ferrumequinum,0.026,0.026,-1,Echolocation,/mnt/ubna_data_02_mir/recover-20221013/UBNA_001/20221012_030000.WAV,Telephone Field,recover-20221013,001,1795
1705.1965,1705.2045,28046,38298,Eptesicus serotinus,0.007,0.021,-1,Echolocation,/mnt/ubna_data_02_mir/recover-20221013/UBNA_001/20221012_030000.WAV,Telephone Field,recover-20221013,001,1795
1705.2365,1705.2748,68437,82373,Rhinolophus ferrumequinum,0.026,0.026,-1,Echolocation,/mnt/ubna_data_02_mir/recover-20221013/UBNA_001/20221012_030000.WAV,Telephone Field,recover-20221013,001,1795
1705.2375,1705.2474,28046,36574,Eptesicus serotinus,0.009,0.021,-1,Echolocation,/mnt/ubna_data_02_mir/recover-20221013/UBNA_001/20221012_030000.WAV,Telephone Field,recover-20221013,001,1795
1705.2615,1705.3025,68437,82386,Rhinolophus ferrumequinum,0.023,0.023,-1,Echolocation,/mnt/ubna_data_02_mir/recover-20221013/UBNA_001/20221012_030000.WAV,Telephone Field,recover-20221013,001,1795
1705.2715,1705.3082,68437,81126,Rhinolophus ferrumequinum,0.022,0.022,-1,Echolocation,/mnt/ubna_data_02_mir/recover-20221013/UBNA_001/20221012_030000.WAV,Telephone Field,recover-20221013,001,1795
1705.2765,1705.3114,68437,81122,Rhinolophus ferrumequinum,0.022,0.022,-1,Echolocation,/mnt/ubna_data_02_mir/recover-20221013/UBNA_001/20221012_030000.WAV,Telephone Field,recover-20221013,001,1795
1705.3065,1705.3174,23750,29291,Nyctalus leisleri,0.011,0.025,-1,Echolocation,/mnt/ubna_data_02_mir/recover-20221013/UBNA_001/20221012_030000.WAV,Telephone Field,recover-20221013,001,1795
1705.3125,1705.3513,68437,82465,Rhinolophus ferrumequinum,0.023,0.023,-1,Echolocation,/mnt/ubna_data_02_mir/recover-20221013/UBNA_001/20221012_030000.WAV,Telephone Field,recover-20221013,001,1795
1705.3275,1705.3669,68437,82115,Rhinolophus ferrumequinum,0.02,0.021,-1,Echolocation,/mnt/ubna_data_02_mir/recover-20221013/UBNA_001/20221012_030000.WAV,Telephone Field,recover-20221013,001,1795
1705.3395,1705.381,68437,83466,Rhinolophus ferrumequinum,0.03,0.03,-1,Echolocation,/mnt/ubna_data_02_mir/recover-20221013/UBNA_001/20221012_030000.WAV,Telephone Field,recover-20221013,001,1795
1705.3695,1705.412,68437,83316,Rhinolophus ferrumequinum,0.035,0.035,-1,Echolocation,/mnt/ubna_data_02_mir/recover-20221013/UBNA_001/20221012_030000.WAV,Telephone Field,recover-20221013,001,1795
1705.3815,1705.4199,68437,82233,Rhinolophus ferrumequinum,0.021,0.021,-1,Echolocation,/mnt/ubna_data_02_mir/recover-20221013/UBNA_001/20221012_030000.WAV,Telephone Field,recover-20221013,001,1795
1705.3895,1705.4297,68437,81961,Rhinolophus ferrumequinum,0.021,0.022,-1,Echolocation,/mnt/ubna_data_02_mir/recover-20221013/UBNA_001/20221012_030000.WAV,Telephone Field,recover-20221013,001,1795
1705.3935,1705.4042,23750,29232,Nyctalus leisleri,0.014,0.03,-1,Echolocation,/mnt/ubna_data_02_mir/recover-20221013/UBNA_001/20221012_030000.WAV,Telephone Field,recover-20221013,001,1795
1705.4055,1705.444,68437,82250,Rhinolophus ferrumequinum,0.022,0.022,-1,Echolocation,/mnt/ubna_data_02_mir/recover-20221013/UBNA_001/20221012_030000.WAV,Telephone Field,recover-20221013,001,1795
1705.4075,1705.4176,29765,37463,Eptesicus serotinus,0.014,0.03,-1,Echolocation,/mnt/ubna_data_02_mir/recover-20221013/UBNA_001/20221012_030000.WAV,Telephone Field,recover-20221013,001,1795
1705.4115,1705.4499,68437,81687,Rhinolophus ferrumequinum,0.023,0.023,-1,Echolocation,/mnt/ubna_data_02_mir/recover-20221013/UBNA_001/20221012_030000.WAV,Telephone Field,recover-20221013,001,1795
1705.4375,1705.4772,68437,82360,Rhinolophus ferrumequinum,0.025,0.026,-1,Echolocation,/mnt/ubna_data_02_mir/recover-20221013/UBNA_001/20221012_030000.WAV,Telephone Field,recover-20221013,001,1795
1705.4405,1705.4473,26328,40380,Myotis nattereri,0.004,0.021,-1,Echolocation,/mnt/ubna_data_02_mir/recover-20221013/UBNA_001/20221012_030000.WAV,Telephone Field,recover-20221013,001,1795
1705.4815,1705.5249,68437,83214,Rhinolophus ferrumequinum,0.033,0.033,-1,Echolocation,/mnt/ubna_data_02_mir/recover-20221013/UBNA_001/20221012_030000.WAV,Telephone Field,recover-20221013,001,1795
1705.5105,1705.5194,28046,37642,Eptesicus serotinus,0.008,0.022,-1,Echolocation,/mnt/ubna_data_02_mir/recover-20221013/UBNA_001/20221012_030000.WAV,Telephone Field,recover-20221013,001,1795
1705.5325,1705.5679,67578,79769,Rhinolophus ferrumequinum,0.021,0.021,-1,Echolocation,/mnt/ubna_data_02_mir/recover-20221013/UBNA_001/20221012_030000.WAV,Telephone Field,recover-20221013,001,1795
1705.5705,1705.5817,22890,27326,Nyctalus leisleri,0.012,0.022,-1,Echolocation,/mnt/ubna_data_02_mir/recover-20221013/UBNA_001/20221012_030000.WAV,Telephone Field,recover-20221013,001,1795
1705.5865,1705.6264,68437,82254,Rhinolophus ferrumequinum,0.022,0.022,-1,Echolocation,/mnt/ubna_data_02_mir/recover-20221013/UBNA_001/20221012_030000.WAV,Telephone Field,recover-20221013,001,1795
1705.6005,1705.6412,68437,82720,Rhinolophus ferrumequinum,0.023,0.023,-1,Echolocation,/mnt/ubna_data_02_mir/recover-20221013/UBNA_001/20221012_030000.WAV,Telephone Field,recover-20221013,001,1795
1705.6385,1705.6496,14296,19888,Nyctalus noctula,0.011,0.022,-1,Echolocation,/mnt/ubna_data_02_mir/recover-20221013/UBNA_001/20221012_030000.WAV,Telephone Field,recover-20221013,001,1795
1705.6495,1705.6606,23750,29531,Nyctalus leisleri,0.013,0.026,-1,Echolocation,/mnt/ubna_data_02_mir/recover-20221013/UBNA_001/20221012_030000.WAV,Telephone Field,recover-20221013,001,1795
1705.6615,1705.6995,68437,82477,Rhinolophus ferrumequinum,0.021,0.021,-1,Echolocation,/mnt/ubna_data_02_mir/recover-20221013/UBNA_001/20221012_030000.WAV,Telephone Field,recover-20221013,001,1795
1705.6615,1705.671,28046,36427,Eptesicus serotinus,0.009,0.022,-1,Echolocation,/mnt/ubna_data_02_mir/recover-20221013/UBNA_001/20221012_030000.WAV,Telephone Field,recover-20221013,001,1795
1705.7025,1705.7382,68437,81911,Rhinolophus ferrumequinum,0.021,0.021,-1,Echolocation,/mnt/ubna_data_02_mir/recover-20221013/UBNA_001/20221012_030000.WAV,Telephone Field,recover-20221013,001,1795
1705.7115,1705.724,22890,27624,Nyctalus leisleri,0.012,0.023,-1,Echolocation,/mnt/ubna_data_02_mir/recover-20221013/UBNA_001/20221012_030000.WAV,Telephone Field,recover-20221013,001,1795
1705.7355,1705.7471,34062,39921,Pipistrellus nathusii,0.011,0.03,-1,Echolocation,/mnt/ubna_data_02_mir/recover-20221013/UBNA_001/20221012_030000.WAV,Telephone Field,recover-20221013,001,1795
1705.7555,1705.7730999999999,19453,22427,Nyctalus leisleri,0.017,0.028,-1,Echolocation,/mnt/ubna_data_02_mir/recover-20221013/UBNA_001/20221012_030000.WAV,Telephone Field,recover-20221013,001,1795
1705.7825,1705.7931,22890,28287,Nyctalus leisleri,0.01,0.022,-1,Echolocation,/mnt/ubna_data_02_mir/recover-20221013/UBNA_001/20221012_030000.WAV,Telephone Field,recover-20221013,001,1795
1705.7905,1705.8319,68437,82917,Rhinolophus ferrumequinum,0.026,0.026,-1,Echolocation,/mnt/ubna_data_02_mir/recover-20221013/UBNA_001/20221012_030000.WAV,Telephone Field,recover-20221013,001,1795
1705.8525,1705.8879,68437,81420,Rhinolophus ferrumequinum,0.021,0.021,-1,Echolocation,/mnt/ubna_data_02_mir/recover-20221013/UBNA_001/20221012_030000.WAV,Telephone Field,recover-20221013,001,1795
1705.8555,1705.8652,26328,34061,Eptesicus serotinus,0.008,0.023,-1,Echolocation,/mnt/ubna_data_02_mir/recover-20221013/UBNA_001/20221012_030000.WAV,Telephone Field,recover-20221013,001,1795
1705.8735,1705.9117,68437,81869,Rhinolophus ferrumequinum,0.021,0.021,-1,Echolocation,/mnt/ubna_data_02_mir/recover-20221013/UBNA_001/20221012_030000.WAV,Telephone Field,recover-20221013,001,1795
1705.8885,1705.9315,68437,83133,Rhinolophus ferrumequinum,0.027,0.027,-1,Echolocation,/mnt/ubna_data_02_mir/recover-20221013/UBNA_001/20221012_030000.WAV,Telephone Field,recover-20221013,001,1795
1705.9005,1705.9086,45234,49670,Pipistrellus pipistrellus,0.023,0.024,-1,Echolocation,/mnt/ubna_data_02_mir/recover-20221013/UBNA_001/20221012_030000.WAV,Telephone Field,recover-20221013,001,1795
1705.9165,1705.9549,68437,81568,Rhinolophus ferrumequinum,0.022,0.022,-1,Echolocation,/mnt/ubna_data_02_mir/recover-20221013/UBNA_001/20221012_030000.WAV,Telephone Field,recover-20221013,001,1795
1705.9285,1705.9714,68437,83296,Rhinolophus ferrumequinum,0.028,0.028,-1,Echolocation,/mnt/ubna_data_02_mir/recover-20221013/UBNA_001/20221012_030000.WAV,Telephone Field,recover-20221013,001,1795
1705.9885,1705.9995,22890,29833,Nyctalus leisleri,0.011,0.029,-1,Echolocation,/mnt/ubna_data_02_mir/recover-20221013/UBNA_001/20221012_030000.WAV,Telephone Field,recover-20221013,001,1795
1706.0015,1706.0306,69296,81325,Rhinolophus ferrumequinum,0.021,0.021,-1,Echolocation,/mnt/ubna_data_02_mir/recover-20221013/UBNA_001/20221012_030000.WAV,Telephone Field,recover-20221013,001,1795
1706.0015,1706.0103,27187,36580,Nyctalus leisleri,0.008,0.026,-1,Echolocation,/mnt/ubna_data_02_mir/recover-20221013/UBNA_001/20221012_030000.WAV,Telephone Field,recover-20221013,001,1795
1706.0015,1706.009,22031,29047,Plecotus austriacus,0.008,0.026,-1,Echolocation,/mnt/ubna_data_02_mir/recover-20221013/UBNA_001/20221012_030000.WAV,Telephone Field,recover-20221013,001,1795
1706.0165,1706.0262,36640,45532,Pipistrellus nathusii,0.049,0.072,-1,Echolocation,/mnt/ubna_data_02_mir/recover-20221013/UBNA_001/20221012_030000.WAV,Telephone Field,recover-20221013,001,1795
1706.0715,1706.1102,68437,81856,Rhinolophus ferrumequinum,0.021,0.021,-1,Echolocation,/mnt/ubna_data_02_mir/recover-20221013/UBNA_001/20221012_030000.WAV,Telephone Field,recover-20221013,001,1795
1706.0925,1706.1327,68437,82749,Rhinolophus ferrumequinum,0.027,0.027,-1,Echolocation,/mnt/ubna_data_02_mir/recover-20221013/UBNA_001/20221012_030000.WAV,Telephone Field,recover-20221013,001,1795
1706.1345,1706.1725,68437,81678,Rhinolophus ferrumequinum,0.023,0.023,-1,Echolocation,/mnt/ubna_data_02_mir/recover-20221013/UBNA_001/20221012_030000.WAV,Telephone Field,recover-20221013,001,1795
1706.1525,1706.1609,27187,36734,Eptesicus serotinus,0.007,0.022,-1,Echolocation,/mnt/ubna_data_02_mir/recover-20221013/UBNA_001/20221012_030000.WAV,Telephone Field,recover-20221013,001,1795
1706.1685,1706.2065,68437,81706,Rhinolophus ferrumequinum,0.023,0.023,-1,Echolocation,/mnt/ubna_data_02_mir/recover-20221013/UBNA_001/20221012_030000.WAV,Telephone Field,recover-20221013,001,1795
1706.1705,1706.1806,23750,30239,Nyctalus leisleri,0.009,0.024,-1,Echolocation,/mnt/ubna_data_02_mir/recover-20221013/UBNA_001/20221012_030000.WAV,Telephone Field,recover-20221013,001,1795
1706.1765,1706.2153,68437,82515,Rhinolophus ferrumequinum,0.023,0.023,-1,Echolocation,/mnt/ubna_data_02_mir/recover-20221013/UBNA_001/20221012_030000.WAV,Telephone Field,recover-20221013,001,1795
1706.1875,1706.1962,28046,38920,Eptesicus serotinus,0.008,0.022,-1,Echolocation,/mnt/ubna_data_02_mir/recover-20221013/UBNA_001/20221012_030000.WAV,Telephone Field,recover-20221013,001,1795
1706.2125,1706.2533,68437,82888,Rhinolophus ferrumequinum,0.028,0.028,-1,Echolocation,/mnt/ubna_data_02_mir/recover-20221013/UBNA_001/20221012_030000.WAV,Telephone Field,recover-20221013,001,1795
1706.2455,1706.285,68437,82158,Rhinolophus ferrumequinum,0.024,0.024,-1,Echolocation,/mnt/ubna_data_02_mir/recover-20221013/UBNA_001/20221012_030000.WAV,Telephone Field,recover-20221013,001,1795
1706.2915,1706.3293,68437,82106,Rhinolophus ferrumequinum,0.021,0.021,-1,Echolocation,/mnt/ubna_data_02_mir/recover-20221013/UBNA_001/20221012_030000.WAV,Telephone Field,recover-20221013,001,1795
1706.3125,1706.349,68437,81841,Rhinolophus ferrumequinum,0.021,0.021,-1,Echolocation,/mnt/ubna_data_02_mir/recover-20221013/UBNA_001/20221012_030000.WAV,Telephone Field,recover-20221013,001,1795
1706.3235,1706.3615,68437,82094,Rhinolophus ferrumequinum,0.023,0.023,-1,Echolocation,/mnt/ubna_data_02_mir/recover-20221013/UBNA_001/20221012_030000.WAV,Telephone Field,recover-20221013,001,1795
1706.3455,1706.3865,68437,82617,Rhinolophus ferrumequinum,0.031,0.031,-1,Echolocation,/mnt/ubna_data_02_mir/recover-20221013/UBNA_001/20221012_030000.WAV,Telephone Field,recover-20221013,001,1795
1706.3475,1706.3583,22890,28194,Nyctalus leisleri,0.01,0.021,-1,Echolocation,/mnt/ubna_data_02_mir/recover-20221013/UBNA_001/20221012_030000.WAV,Telephone Field,recover-20221013,001,1795
1706.3635,1706.3998,68437,81727,Rhinolophus ferrumequinum,0.022,0.022,-1,Echolocation,/mnt/ubna_data_02_mir/recover-20221013/UBNA_001/20221012_030000.WAV,Telephone Field,recover-20221013,001,1795
1706.3775,1706.4164,68437,81721,Rhinolophus ferrumequinum,0.021,0.021,-1,Echolocation,/mnt/ubna_data_02_mir/recover-20221013/UBNA_001/20221012_030000.WAV,Telephone Field,recover-20221013,001,1795
1706.3975,1706.439,68437,82857,Rhinolophus ferrumequinum,0.03,0.03,-1,Echolocation,/mnt/ubna_data_02_mir/recover-20221013/UBNA_001/20221012_030000.WAV,Telephone Field,recover-20221013,001,1795
1706.4205,1706.4327,26328,31874,Eptesicus serotinus,0.01,0.023,-1,Echolocation,/mnt/ubna_data_02_mir/recover-20221013/UBNA_001/20221012_030000.WAV,Telephone Field,recover-20221013,001,1795
1706.4335,1706.4722,68437,82379,Rhinolophus ferrumequinum,0.035,0.035,-1,Echolocation,/mnt/ubna_data_02_mir/recover-20221013/UBNA_001/20221012_030000.WAV,Telephone Field,recover-20221013,001,1795
1706.4555,1706.4941,68437,82404,Rhinolophus ferrumequinum,0.022,0.022,-1,Echolocation,/mnt/ubna_data_02_mir/recover-20221013/UBNA_001/20221012_030000.WAV,Telephone Field,recover-20221013,001,1795
1706.4635,1706.5042,68437,82736,Rhinolophus ferrumequinum,0.023,0.023,-1,Echolocation,/mnt/ubna_data_02_mir/recover-20221013/UBNA_001/20221012_030000.WAV,Telephone Field,recover-20221013,001,1795
1706.4765,1706.5156,68437,82548,Rhinolophus ferrumequinum,0.024,0.024,-1,Echolocation,/mnt/ubna_data_02_mir/recover-20221013/UBNA_001/20221012_030000.WAV,Telephone Field,recover-20221013,001,1795
1706.5285,1706.5702,68437,82533,Rhinolophus ferrumequinum,0.023,0.023,-1,Echolocation,/mnt/ubna_data_02_mir/recover-20221013/UBNA_001/20221012_030000.WAV,Telephone Field,recover-20221013,001,1795
1706.5455,1706.5565,24609,30095,Nyctalus leisleri,0.018,0.043,-1,Echolocation,/mnt/ubna_data_02_mir/recover-20221013/UBNA_001/20221012_030000.WAV,Telephone Field,recover-20221013,001,1795
1706.5615,1706.5726,22031,25668,Nyctalus leisleri,0.015,0.024,-1,Echolocation,/mnt/ubna_data_02_mir/recover-20221013/UBNA_001/20221012_030000.WAV,Telephone Field,recover-20221013,001,1795
1706.5615,1706.5984,68437,82112,Rhinolophus ferrumequinum,0.022,0.022,-1,Echolocation,/mnt/ubna_data_02_mir/recover-20221013/UBNA_001/20221012_030000.WAV,Telephone Field,recover-20221013,001,1795
1706.5735,1706.614,68437,82615,Rhinolophus ferrumequinum,0.024,0.024,-1,Echolocation,/mnt/ubna_data_02_mir/recover-20221013/UBNA_001/20221012_030000.WAV,Telephone Field,recover-20221013,001,1795
1706.5795,1706.6196,68437,82617,Rhinolophus ferrumequinum,0.024,0.024,-1,Echolocation,/mnt/ubna_data_02_mir/recover-20221013/UBNA_001/20221012_030000.WAV,Telephone Field,recover-20221013,001,1795
1706.5905,1706.5981,27187,38456,Eptesicus serotinus,0.006,0.022,-1,Echolocation,/mnt/ubna_data_02_mir/recover-20221013/UBNA_001/20221012_030000.WAV,Telephone Field,recover-20221013,001,1795
1706.6015,1706.6384,68437,81796,Rhinolophus ferrumequinum,0.021,0.021,-1,Echolocation,/mnt/ubna_data_02_mir/recover-20221013/UBNA_001/20221012_030000.WAV,Telephone Field,recover-20221013,001,1795
1706.6285,1706.6398,14296,19556,Nyctalus noctula,0.017,0.03,-1,Echolocation,/mnt/ubna_data_02_mir/recover-20221013/UBNA_001/20221012_030000.WAV,Telephone Field,recover-20221013,001,1795
1706.6565,1706.6642,23750,32747,Plecotus austriacus,0.012,0.028,-1,Echolocation,/mnt/ubna_data_02_mir/recover-20221013/UBNA_001/20221012_030000.WAV,Telephone Field,recover-20221013,001,1795
1706.7015,1706.7446,68437,82922,Rhinolophus ferrumequinum,0.022,0.022,-1,Echolocation,/mnt/ubna_data_02_mir/recover-20221013/UBNA_001/20221012_030000.WAV,Telephone Field,recover-20221013,001,1795
1706.7105,1706.7488,68437,81944,Rhinolophus ferrumequinum,0.025,0.025,-1,Echolocation,/mnt/ubna_data_02_mir/recover-20221013/UBNA_001/20221012_030000.WAV,Telephone Field,recover-20221013,001,1795
1706.7515,1706.7611,28046,36874,Eptesicus serotinus,0.011,0.025,-1,Echolocation,/mnt/ubna_data_02_mir/recover-20221013/UBNA_001/20221012_030000.WAV,Telephone Field,recover-20221013,001,1795
1706.7565,1706.7665,28046,36191,Eptesicus serotinus,0.012,0.026,-1,Echolocation,/mnt/ubna_data_02_mir/recover-20221013/UBNA_001/20221012_030000.WAV,Telephone Field,recover-20221013,001,1795
1706.8005,1706.8397,68437,81731,Rhinolophus ferrumequinum,0.025,0.025,-1,Echolocation,/mnt/ubna_data_02_mir/recover-20221013/UBNA_001/20221012_030000.WAV,Telephone Field,recover-20221013,001,1795
1706.8075,1706.8456,68437,82520,Rhinolophus ferrumequinum,0.026,0.026,-1,Echolocation,/mnt/ubna_data_02_mir/recover-20221013/UBNA_001/20221012_030000.WAV,Telephone Field,recover-20221013,001,1795
1706.8255,1706.8673,68437,82729,Rhinolophus ferrumequinum,0.029,0.029,-1,Echolocation,/mnt/ubna_data_02_mir/recover-20221013/UBNA_001/20221012_030000.WAV,Telephone Field,recover-20221013,001,1795
1706.8465,1706.8869,68437,82972,Rhinolophus ferrumequinum,0.026,0.026,-1,Echolocation,/mnt/ubna_data_02_mir/recover-20221013/UBNA_001/20221012_030000.WAV,Telephone Field,recover-20221013,001,1795
1706.8555,1706.895,68437,82774,Rhinolophus ferrumequinum,0.022,0.022,-1,Echolocation,/mnt/ubna_data_02_mir/recover-20221013/UBNA_001/20221012_030000.WAV,Telephone Field,recover-20221013,001,1795
1706.8625,1706.9034,68437,82494,Rhinolophus ferrumequinum,0.022,0.022,-1,Echolocation,/mnt/ubna_data_02_mir/recover-20221013/UBNA_001/20221012_030000.WAV,Telephone Field,recover-20221013,001,1795
1706.8645,1706.8749,24609,31093,Nyctalus leisleri,0.008,0.021,-1,Echolocation,/mnt/ubna_data_02_mir/recover-20221013/UBNA_001/20221012_030000.WAV,Telephone Field,recover-20221013,001,1795
1706.8765,1706.917,68437,82816,Rhinolophus ferrumequinum,0.023,0.023,-1,Echolocation,/mnt/ubna_data_02_mir/recover-20221013/UBNA_001/20221012_030000.WAV,Telephone Field,recover-20221013,001,1795
1706.9015,1706.9418,68437,82340,Rhinolophus ferrumequinum,0.024,0.024,-1,Echolocation,/mnt/ubna_data_02_mir/recover-20221013/UBNA_001/20221012_030000.WAV,Telephone Field,recover-20221013,001,1795
1706.9195,1706.9269,26328,39236,Eptesicus serotinus,0.006,0.022,-1,Echolocation,/mnt/ubna_data_02_mir/recover-20221013/UBNA_001/20221012_030000.WAV,Telephone Field,recover-20221013,001,1795
1706.9205,1706.9272,31484,44752,Myotis daubentonii,0.01,0.024,-1,Echolocation,/mnt/ubna_data_02_mir/recover-20221013/UBNA_001/20221012_030000.WAV,Telephone Field,recover-20221013,001,1795
1706.9315,1706.9689,68437,81347,Rhinolophus ferrumequinum,0.022,0.022,-1,Echolocation,/mnt/ubna_data_02_mir/recover-20221013/UBNA_001/20221012_030000.WAV,Telephone Field,recover-20221013,001,1795
1707.0115,1707.0477,68437,81141,Rhinolophus ferrumequinum,0.021,0.021,-1,Echolocation,/mnt/ubna_data_02_mir/recover-20221013/UBNA_001/20221012_030000.WAV,Telephone Field,recover-20221013,001,1795
1707.0145,1707.0214,28046,39045,Eptesicus serotinus,0.006,0.021,-1,Echolocation,/mnt/ubna_data_02_mir/recover-20221013/UBNA_001/20221012_030000.WAV,Telephone Field,recover-20221013,001,1795
1707.0235,1707.0595,68437,81434,Rhinolophus ferrumequinum,0.027,0.027,-1,Echolocation,/mnt/ubna_data_02_mir/recover-20221013/UBNA_001/20221012_030000.WAV,Telephone Field,recover-20221013,001,1795
1707.1015,1707.141,68437,82706,Rhinolophus ferrumequinum,0.022,0.022,-1,Echolocation,/mnt/ubna_data_02_mir/recover-20221013/UBNA_001/20221012_030000.WAV,Telephone Field,recover-20221013,001,1795
1707.1205,1707.13,27187,37381,Eptesicus serotinus,0.008,0.021,-1,Echolocation,/mnt/ubna_data_02_mir/recover-20221013/UBNA_001/20221012_030000.WAV,Telephone Field,recover-20221013,001,1795
1707.1215,1707.1609,68437,81506,Rhinolophus ferrumequinum,0.029,0.029,-1,Echolocation,/mnt/ubna_data_02_mir/recover-20221013/UBNA_001/20221012_030000.WAV,Telephone Field,recover-20221013,001,1795
1707.1275,1707.1361,28046,41266,Eptesicus serotinus,0.008,0.023,-1,Echolocation,/mnt/ubna_data_02_mir/recover-20221013/UBNA_001/20221012_030000.WAV,Telephone Field,recover-20221013,001,1795
1707.1285,1707.163,68437,81762,Rhinolophus ferrumequinum,0.027,0.027,-1,Echolocation,/mnt/ubna_data_02_mir/recover-20221013/UBNA_001/20221012_030000.WAV,Telephone Field,recover-20221013,001,1795
1707.1415,1707.1804,68437,82470,Rhinolophus ferrumequinum,0.027,0.027,-1,Echolocation,/mnt/ubna_data_02_mir/recover-20221013/UBNA_001/20221012_030000.WAV,Telephone Field,recover-20221013,001,1795
1707.1465,1707.1567,27187,37891,Eptesicus serotinus,0.01,0.022,-1,Echolocation,/mnt/ubna_data_02_mir/recover-20221013/UBNA_001/20221012_030000.WAV,Telephone Field,recover-20221013,001,1795
1707.1645,1707.2041,68437,82106,Rhinolophus ferrumequinum,0.029,0.029,-1,Echolocation,/mnt/ubna_data_02_mir/recover-20221013/UBNA_001/20221012_030000.WAV,Telephone Field,recover-20221013,001,1795
1707.1715,1707.1808,24609,32400,Eptesicus serotinus,0.007,0.022,-1,Echolocation,/mnt/ubna_data_02_mir/recover-20221013/UBNA_001/20221012_030000.WAV,Telephone Field,recover-20221013,001,1795
1707.1885,1707.2254,68437,81822,Rhinolophus ferrumequinum,0.021,0.021,-1,Echolocation,/mnt/ubna_data_02_mir/recover-20221013/UBNA_001/20221012_030000.WAV,Telephone Field,recover-20221013,001,1795
1707.2015,1707.2087,28046,38185,Eptesicus serotinus,0.008,0.032,-1,Echolocation,/mnt/ubna_data_02_mir/recover-20221013/UBNA_001/20221012_030000.WAV,Telephone Field,recover-20221013,001,1795
1707.2225,1707.2601,68437,81482,Rhinolophus ferrumequinum,0.021,0.021,-1,Echolocation,/mnt/ubna_data_02_mir/recover-20221013/UBNA_001/20221012_030000.WAV,Telephone Field,recover-20221013,001,1795
1707.2685,1707.3152,68437,83949,Rhinolophus ferrumequinum,0.052,0.052,-1,Echolocation,/mnt/ubna_data_02_mir/recover-20221013/UBNA_001/20221012_030000.WAV,Telephone Field,recover-20221013,001,1795
1707.2905,1707.3255,68437,81422,Rhinolophus ferrumequinum,0.024,0.024,-1,Echolocation,/mnt/ubna_data_02_mir/recover-20221013/UBNA_001/20221012_030000.WAV,Telephone Field,recover-20221013,001,1795
1707.2945,1707.3027,26328,37316,Eptesicus serotinus,0.008,0.026,-1,Echolocation,/mnt/ubna_data_02_mir/recover-20221013/UBNA_001/20221012_030000.WAV,Telephone Field,recover-20221013,001,1795
1707.3195,1707.3592,68437,83027,Rhinolophus ferrumequinum,0.024,0.024,-1,Echolocation,/mnt/ubna_data_02_mir/recover-20221013/UBNA_001/20221012_030000.WAV,Telephone Field,recover-20221013,001,1795
1707.3225,1707.3311,27187,38887,Eptesicus serotinus,0.007,0.021,-1,Echolocation,/mnt/ubna_data_02_mir/recover-20221013/UBNA_001/20221012_030000.WAV,Telephone Field,recover-20221013,001,1795
1707.3515,1707.3924,68437,83057,Rhinolophus ferrumequinum,0.028,0.028,-1,Echolocation,/mnt/ubna_data_02_mir/recover-20221013/UBNA_001/20221012_030000.WAV,Telephone Field,recover-20221013,001,1795
1707.4015,1707.4081,28046,40217,Eptesicus serotinus,0.007,0.029,-1,Echolocation,/mnt/ubna_data_02_mir/recover-20221013/UBNA_001/20221012_030000.WAV,Telephone Field,recover-20221013,001,1795
1707.4255,1707.4651,68437,82333,Rhinolophus ferrumequinum,0.025,0.025,-1,Echolocation,/mnt/ubna_data_02_mir/recover-20221013/UBNA_001/20221012_030000.WAV,Telephone Field,recover-20221013,001,1795
1707.4295,1707.4368,27187,43310,Eptesicus serotinus,0.006,0.021,-1,Echolocation,/mnt/ubna_data_02_mir/recover-20221013/UBNA_001/20221012_030000.WAV,Telephone Field,recover-20221013,001,1795
1707.4585,1707.4969,68437,82622,Rhinolophus ferrumequinum,0.022,0.022,-1,Echolocation,/mnt/ubna_data_02_mir/recover-20221013/UBNA_001/20221012_030000.WAV,Telephone Field,recover-20221013,001,1795
1707.5005,1707.5397,68437,82308,Rhinolophus ferrumequinum,0.024,0.024,-1,Echolocation,/mnt/ubna_data_02_mir/recover-20221013/UBNA_001/20221012_030000.WAV,Telephone Field,recover-20221013,001,1795
1707.5355,1707.5781,68437,83022,Rhinolophus ferrumequinum,0.023,0.023,-1,Echolocation,/mnt/ubna_data_02_mir/recover-20221013/UBNA_001/20221012_030000.WAV,Telephone Field,recover-20221013,001,1795
1707.5585,1707.5995,68437,83029,Rhinolophus ferrumequinum,0.023,0.023,-1,Echolocation,/mnt/ubna_data_02_mir/recover-20221013/UBNA_001/20221012_030000.WAV,Telephone Field,recover-20221013,001,1795
1707.5715,1707.6067,68437,81631,Rhinolophus ferrumequinum,0.034,0.034,-1,Echolocation,/mnt/ubna_data_02_mir/recover-20221013/UBNA_001/20221012_030000.WAV,Telephone Field,recover-20221013,001,1795
1707.5795,1707.6166,68437,81509,Rhinolophus ferrumequinum,0.021,0.021,-1,Echolocation,/mnt/ubna_data_02_mir/recover-20221013/UBNA_001/20221012_030000.WAV,Telephone Field,recover-20221013,001,1795
1707.5925,1707.6286,68437,81906,Rhinolophus ferrumequinum,0.023,0.023,-1,Echolocation,/mnt/ubna_data_02_mir/recover-20221013/UBNA_001/20221012_030000.WAV,Telephone Field,recover-20221013,001,1795
1707.6265,1707.6369,22031,27070,Nyctalus leisleri,0.011,0.022,-1,Echolocation,/mnt/ubna_data_02_mir/recover-20221013/UBNA_001/20221012_030000.WAV,Telephone Field,recover-20221013,001,1795
1707.6305,1707.669,68437,82160,Rhinolophus ferrumequinum,0.022,0.022,-1,Echolocation,/mnt/ubna_data_02_mir/recover-20221013/UBNA_001/20221012_030000.WAV,Telephone Field,recover-20221013,001,1795
1707.6345,1707.6419,27187,38191,Eptesicus serotinus,0.006,0.025,-1,Echolocation,/mnt/ubna_data_02_mir/recover-20221013/UBNA_001/20221012_030000.WAV,Telephone Field,recover-20221013,001,1795
1707.6555,1707.696,68437,82159,Rhinolophus ferrumequinum,0.025,0.026,-1,Echolocation,/mnt/ubna_data_02_mir/recover-20221013/UBNA_001/20221012_030000.WAV,Telephone Field,recover-20221013,001,1795
1707.6935,1707.7015,27187,39165,Eptesicus serotinus,0.009,0.025,-1,Echolocation,/mnt/ubna_data_02_mir/recover-20221013/UBNA_001/20221012_030000.WAV,Telephone Field,recover-20221013,001,1795
1707.7025,1707.7408,68437,81923,Rhinolophus ferrumequinum,0.021,0.021,-1,Echolocation,/mnt/ubna_data_02_mir/recover-20221013/UBNA_001/20221012_030000.WAV,Telephone Field,recover-20221013,001,1795
1707.7235,1707.7326,36640,44628,Pipistrellus nathusii,0.008,0.021,-1,Echolocation,/mnt/ubna_data_02_mir/recover-20221013/UBNA_001/20221012_030000.WAV,Telephone Field,recover-20221013,001,1795
1707.7435,1707.7817,68437,81237,Rhinolophus ferrumequinum,0.023,0.023,-1,Echolocation,/mnt/ubna_data_02_mir/recover-20221013/UBNA_001/20221012_030000.WAV,Telephone Field,recover-20221013,001,1795
1707.7475,1707.7568,29765,37975,Eptesicus serotinus,0.009,0.031,-1,Echolocation,/mnt/ubna_data_02_mir/recover-20221013/UBNA_001/20221012_030000.WAV,Telephone Field,recover-20221013,001,1795
1707.7685,1707.8103,68437,82833,Rhinolophus ferrumequinum,0.026,0.026,-1,Echolocation,/mnt/ubna_data_02_mir/recover-20221013/UBNA_001/20221012_030000.WAV,Telephone Field,recover-20221013,001,1795
1707.7735,1707.7827,22890,29928,Plecotus austriacus,0.01,0.028,-1,Echolocation,/mnt/ubna_data_02_mir/recover-20221013/UBNA_001/20221012_030000.WAV,Telephone Field,recover-20221013,001,1795
1707.8115,1707.85,68437,82528,Rhinolophus ferrumequinum,0.029,0.029,-1,Echolocation,/mnt/ubna_data_02_mir/recover-20221013/UBNA_001/20221012_030000.WAV,Telephone Field,recover-20221013,001,1795
1707.8335,1707.8754,68437,82517,Rhinolophus ferrumequinum,0.025,0.025,-1,Echolocation,/mnt/ubna_data_02_mir/recover-20221013/UBNA_001/20221012_030000.WAV,Telephone Field,recover-20221013,001,1795
1707.8935,1707.904,26328,34245,Eptesicus serotinus,0.01,0.022,-1,Echolocation,/mnt/ubna_data_02_mir/recover-20221013/UBNA_001/20221012_030000.WAV,Telephone Field,recover-20221013,001,1795
1707.9085,1707.9153,27187,45831,Myotis nattereri,0.007,0.027,-1,Echolocation,/mnt/ubna_data_02_mir/recover-20221013/UBNA_001/20221012_030000.WAV,Telephone Field,recover-20221013,001,1795
1707.9095,1707.9431,68437,81108,Rhinolophus ferrumequinum,0.027,0.027,-1,Echolocation,/mnt/ubna_data_02_mir/recover-20221013/UBNA_001/20221012_030000.WAV,Telephone Field,recover-20221013,001,1795
1707.9345,1707.9776,68437,83361,Rhinolophus ferrumequinum,0.045,0.045,-1,Echolocation,/mnt/ubna_data_02_mir/recover-20221013/UBNA_001/20221012_030000.WAV,Telephone Field,recover-20221013,001,1795
1707.9445,1707.9824,68437,81855,Rhinolophus ferrumequinum,0.025,0.025,-1,Echolocation,/mnt/ubna_data_02_mir/recover-20221013/UBNA_001/20221012_030000.WAV,Telephone Field,recover-20221013,001,1795
1707.9845,1707.9943,44375,53567,Pipistrellus pipistrellus,0.022,0.031,-1,Echolocation,/mnt/ubna_data_02_mir/recover-20221013/UBNA_001/20221012_030000.WAV,Telephone Field,recover-20221013,001,1795
1708.0015,1708.0329,68437,80143,Rhinolophus ferrumequinum,0.041,0.041,-1,Echolocation,/mnt/ubna_data_02_mir/recover-20221013/UBNA_001/20221012_030000.WAV,Telephone Field,recover-20221013,001,1795
1708.0015,1708.0119,23750,30474,Nyctalus leisleri,0.012,0.032,-1,Echolocation,/mnt/ubna_data_02_mir/recover-20221013/UBNA_001/20221012_030000.WAV,Telephone Field,recover-20221013,001,1795
1708.0125,1708.057,68437,83628,Rhinolophus ferrumequinum,0.027,0.027,-1,Echolocation,/mnt/ubna_data_02_mir/recover-20221013/UBNA_001/20221012_030000.WAV,Telephone Field,recover-20221013,001,1795
1708.0305,1708.0385,28046,37572,Eptesicus serotinus,0.014,0.035,-1,Echolocation,/mnt/ubna_data_02_mir/recover-20221013/UBNA_001/20221012_030000.WAV,Telephone Field,recover-20221013,001,1795
1708.0415,1708.0815,68437,82588,Rhinolophus ferrumequinum,0.024,0.024,-1,Echolocation,/mnt/ubna_data_02_mir/recover-20221013/UBNA_001/20221012_030000.WAV,Telephone Field,recover-20221013,001,1795
1708.0625,1708.0701,28046,39798,Eptesicus serotinus,0.008,0.026,-1,Echolocation,/mnt/ubna_data_02_mir/recover-20221013/UBNA_001/20221012_030000.WAV,Telephone Field,recover-20221013,001,1795
1708.1035,1708.11,43515,54717,Myotis mystacinus,0.009,0.024,-1,Echolocation,/mnt/ubna_data_02_mir/recover-20221013/UBNA_001/20221012_030000.WAV,Telephone Field,recover-20221013,001,1795
1708.1055,1708.1499,68437,83385,Rhinolophus ferrumequinum,0.03,0.03,-1,Echolocation,/mnt/ubna_data_02_mir/recover-20221013/UBNA_001/20221012_030000.WAV,Telephone Field,recover-20221013,001,1795
1708.1105,1708.1176,29765,55181,Myotis daubentonii,0.01,0.022,-1,Echolocation,/mnt/ubna_data_02_mir/recover-20221013/UBNA_001/20221012_030000.WAV,Telephone Field,recover-20221013,001,1795
1708.1115,1708.1534,68437,83298,Rhinolophus ferrumequinum,0.03,0.03,-1,Echolocation,/mnt/ubna_data_02_mir/recover-20221013/UBNA_001/20221012_030000.WAV,Telephone Field,recover-20221013,001,1795
1708.1665,1708.2076,68437,83062,Rhinolophus ferrumequinum,0.026,0.026,-1,Echolocation,/mnt/ubna_data_02_mir/recover-20221013/UBNA_001/20221012_030000.WAV,Telephone Field,recover-20221013,001,1795
1708.1995,1708.2117,15156,21014,Nyctalus noctula,0.013,0.023,-1,Echolocation,/mnt/ubna_data_02_mir/recover-20221013/UBNA_001/20221012_030000.WAV,Telephone Field,recover-20221013,001,1795
1708.2305,1708.2688,68437,82020,Rhinolophus ferrumequinum,0.024,0.024,-1,Echolocation,/mnt/ubna_data_02_mir/recover-20221013/UBNA_001/20221012_030000.WAV,Telephone Field,recover-20221013,001,1795
1708.2555,1708.2616,26328,40591,Eptesicus serotinus,0.005,0.027,-1,Echolocation,/mnt/ubna_data_02_mir/recover-20221013/UBNA_001/20221012_030000.WAV,Telephone Field,recover-20221013,001,1795
1708.2795,1708.3199,68437,82694,Rhinolophus ferrumequinum,0.023,0.023,-1,Echolocation,/mnt/ubna_data_02_mir/recover-20221013/UBNA_001/20221012_030000.WAV,Telephone Field,recover-20221013,001,1795
1708.2805,1708.2908,23750,30270,Nyctalus leisleri,0.007,0.021,-1,Echolocation,/mnt/ubna_data_02_mir/recover-20221013/UBNA_001/20221012_030000.WAV,Telephone Field,recover-20221013,001,1795
1708.3075,1708.3423,68437,80548,Rhinolophus ferrumequinum,0.023,0.024,-1,Echolocation,/mnt/ubna_data_02_mir/recover-20221013/UBNA_001/20221012_030000.WAV,Telephone Field,recover-20221013,001,1795
1708.3395,1708.3753,68437,81385,Rhinolophus ferrumequinum,0.022,0.022,-1,Echolocation,/mnt/ubna_data_02_mir/recover-20221013/UBNA_001/20221012_030000.WAV,Telephone Field,recover-20221013,001,1795
1708.3455,1708.3543,26328,37540,Eptesicus serotinus,0.008,0.024,-1,Echolocation,/mnt/ubna_data_02_mir/recover-20221013/UBNA_001/20221012_030000.WAV,Telephone Field,recover-20221013,001,1795
1708.3675,1708.4073,68437,81867,Rhinolophus ferrumequinum,0.022,0.022,-1,Echolocation,/mnt/ubna_data_02_mir/recover-20221013/UBNA_001/20221012_030000.WAV,Telephone Field,recover-20221013,001,1795
1708.3815,1708.4181,68437,82205,Rhinolophus ferrumequinum,0.022,0.022,-1,Echolocation,/mnt/ubna_data_02_mir/recover-20221013/UBNA_001/20221012_030000.WAV,Telephone Field,recover-20221013,001,1795
1708.4005,1708.4121,37500,43269,Pipistrellus nathusii,0.021,0.031,-1,Echolocation,/mnt/ubna_data_02_mir/recover-20221013/UBNA_001/20221012_030000.WAV,Telephone Field,recover-20221013,001,1795
1708.4145,1708.4508,68437,80953,Rhinolophus ferrumequinum,0.022,0.022,-1,Echolocation,/mnt/ubna_data_02_mir/recover-20221013/UBNA_001/20221012_030000.WAV,Telephone Field,recover-20221013,001,1795
1708.4155,1708.426,25468,33269,Eptesicus serotinus,0.01,0.021,-1,Echolocation,/mnt/ubna_data_02_mir/recover-20221013/UBNA_001/20221012_030000.WAV,Telephone Field,recover-20221013,001,1795
1708.4365,1708.4762,68437,82501,Rhinolophus ferrumequinum,0.021,0.021,-1,Echolocation,/mnt/ubna_data_02_mir/recover-20221013/UBNA_001/20221012_030000.WAV,Telephone Field,recover-20221013,001,1795
1708.4395,1708.4494,28046,42095,Eptesicus serotinus,0.01,0.024,-1,Echolocation,/mnt/ubna_data_02_mir/recover-20221013/UBNA_001/20221012_030000.WAV,Telephone Field,recover-20221013,001,1795
1708.4655,1708.474,28046,38454,Eptesicus serotinus,0.009,0.025,-1,Echolocation,/mnt/ubna_data_02_mir/recover-20221013/UBNA_001/20221012_030000.WAV,Telephone Field,recover-20221013,001,1795
1708.5185,1708.5583,68437,82433,Rhinolophus ferrumequinum,0.022,0.022,-1,Echolocation,/mnt/ubna_data_02_mir/recover-20221013/UBNA_001/20221012_030000.WAV,Telephone Field,recover-20221013,001,1795
1708.5695,1708.6082,68437,82330,Rhinolophus ferrumequinum,0.025,0.025,-1,Echolocation,/mnt/ubna_data_02_mir/recover-20221013/UBNA_001/20221012_030000.WAV,Telephone Field,recover-20221013,001,1795
1708.5905,1708.632,68437,82575,Rhinolophus ferrumequinum,0.025,0.025,-1,Echolocation,/mnt/ubna_data_02_mir/recover-20221013/UBNA_001/20221012_030000.WAV,Telephone Field,recover-20221013,001,1795
1708.6365,1708.6721,68437,81331,Rhinolophus ferrumequinum,0.022,0.022,-1,Echolocation,/mnt/ubna_data_02_mir/recover-20221013/UBNA_001/20221012_030000.WAV,Telephone Field,recover-20221013,001,1795
1708.6515,1708.6613,22890,29935,Nyctalus leisleri,0.009,0.028,-1,Echolocation,/mnt/ubna_data_02_mir/recover-20221013/UBNA_001/20221012_030000.WAV,Telephone Field,recover-20221013,001,1795
1708.6615,1708.7003,68437,82636,Rhinolophus ferrumequinum,0.034,0.034,-1,Echolocation,/mnt/ubna_data_02_mir/recover-20221013/UBNA_001/20221012_030000.WAV,Telephone Field,recover-20221013,001,1795
1708.6745,1708.6809,38359,46153,Myotis daubentonii,0.01,0.022,-1,Echolocation,/mnt/ubna_data_02_mir/recover-20221013/UBNA_001/20221012_030000.WAV,Telephone Field,recover-20221013,001,1795
1708.6815,1708.6903,26328,36363,Eptesicus serotinus,0.007,0.021,-1,Echolocation,/mnt/ubna_data_02_mir/recover-20221013/UBNA_001/20221012_030000.WAV,Telephone Field,recover-20221013,001,1795
1708.6875,1708.695,27187,37505,Eptesicus serotinus,0.006,0.022,-1,Echolocation,/mnt/ubna_data_02_mir/recover-20221013/UBNA_001/20221012_030000.WAV,Telephone Field,recover-20221013,001,1795
1708.7055,1708.7464,68437,82247,Rhinolophus ferrumequinum,0.025,0.025,-1,Echolocation,/mnt/ubna_data_02_mir/recover-20221013/UBNA_001/20221012_030000.WAV,Telephone Field,recover-20221013,001,1795
1708.7275,1708.7361,28906,40303,Eptesicus serotinus,0.008,0.023,-1,Echolocation,/mnt/ubna_data_02_mir/recover-20221013/UBNA_001/20221012_030000.WAV,Telephone Field,recover-20221013,001,1795
1708.7375,1708.7485,26328,34356,Eptesicus serotinus,0.015,0.028,-1,Echolocation,/mnt/ubna_data_02_mir/recover-20221013/UBNA_001/20221012_030000.WAV,Telephone Field,recover-20221013,001,1795
1708.7605,1708.7681,51250,56755,Pipistrellus pipistrellus,0.019,0.022,-1,Echolocation,/mnt/ubna_data_02_mir/recover-20221013/UBNA_001/20221012_030000.WAV,Telephone Field,recover-20221013,001,1795
1708.7885,1708.7998,22890,27248,Nyctalus leisleri,0.012,0.022,-1,Echolocation,/mnt/ubna_data_02_mir/recover-20221013/UBNA_001/20221012_030000.WAV,Telephone Field,recover-20221013,001,1795
1708.8035,1708.8408,68437,81982,Rhinolophus ferrumequinum,0.039,0.039,-1,Echolocation,/mnt/ubna_data_02_mir/recover-20221013/UBNA_001/20221012_030000.WAV,Telephone Field,recover-20221013,001,1795
1708.8395,1708.8816,68437,82971,Rhinolophus ferrumequinum,0.026,0.026,-1,Echolocation,/mnt/ubna_data_02_mir/recover-20221013/UBNA_001/20221012_030000.WAV,Telephone Field,recover-20221013,001,1795
1708.8615,1708.8729,25468,33502,Eptesicus serotinus,0.014,0.029,-1,Echolocation,/mnt/ubna_data_02_mir/recover-20221013/UBNA_001/20221012_030000.WAV,Telephone Field,recover-20221013,001,1795
1708.8625,1708.9034,68437,82805,Rhinolophus ferrumequinum,0.025,0.025,-1,Echolocation,/mnt/ubna_data_02_mir/recover-20221013/UBNA_001/20221012_030000.WAV,Telephone Field,recover-20221013,001,1795
1708.8755,1708.8837,28906,39049,Eptesicus serotinus,0.007,0.022,-1,Echolocation,/mnt/ubna_data_02_mir/recover-20221013/UBNA_001/20221012_030000.WAV,Telephone Field,recover-20221013,001,1795
1708.8775,1708.8881,22031,27149,Nyctalus leisleri,0.009,0.021,-1,Echolocation,/mnt/ubna_data_02_mir/recover-20221013/UBNA_001/20221012_030000.WAV,Telephone Field,recover-20221013,001,1795
1708.8985,1708.9095,23750,30252,Nyctalus leisleri,0.011,0.027,-1,Echolocation,/mnt/ubna_data_02_mir/recover-20221013/UBNA_001/20221012_030000.WAV,Telephone Field,recover-20221013,001,1795
1708.9075,1708.918,26328,33649,Eptesicus serotinus,0.013,0.034,-1,Echolocation,/mnt/ubna_data_02_mir/recover-20221013/UBNA_001/20221012_030000.WAV,Telephone Field,recover-20221013,001,1795
1708.9265,1708.9395,23750,29178,Nyctalus leisleri,0.01,0.022,-1,Echolocation,/mnt/ubna_data_02_mir/recover-20221013/UBNA_001/20221012_030000.WAV,Telephone Field,recover-20221013,001,1795
1708.9775,1708.9866,23750,31094,Nyctalus leisleri,0.006,0.022,-1,Echolocation,/mnt/ubna_data_02_mir/recover-20221013/UBNA_001/20221012_030000.WAV,Telephone Field,recover-20221013,001,1795
1709.0515,1709.0615,39218,48385,Pipistrellus nathusii,0.008,0.023,-1,Echolocation,/mnt/ubna_data_02_mir/recover-20221013/UBNA_001/20221012_030000.WAV,Telephone Field,recover-20221013,001,1795
1709.0525,1709.0913,68437,81527,Rhinolophus ferrumequinum,0.022,0.022,-1,Echolocation,/mnt/ubna_data_02_mir/recover-20221013/UBNA_001/20221012_030000.WAV,Telephone Field,recover-20221013,001,1795
1709.0525,1709.0616,26328,36832,Eptesicus serotinus,0.01,0.025,-1,Echolocation,/mnt/ubna_data_02_mir/recover-20221013/UBNA_001/20221012_030000.WAV,Telephone Field,recover-20221013,001,1795
1709.0665,1709.0786,24609,30891,Eptesicus serotinus,0.01,0.024,-1,Echolocation,/mnt/ubna_data_02_mir/recover-20221013/UBNA_001/20221012_030000.WAV,Telephone Field,recover-20221013,001,1795
1709.0845,1709.0914,28906,41260,Eptesicus serotinus,0.01,0.037,-1,Echolocation,/mnt/ubna_data_02_mir/recover-20221013/UBNA_001/20221012_030000.WAV,Telephone Field,recover-20221013,001,1795
1709.0945,1709.1048,24609,30345,Nyctalus leisleri,0.01,0.023,-1,Echolocation,/mnt/ubna_data_02_mir/recover-20221013/UBNA_001/20221012_030000.WAV,Telephone Field,recover-20221013,001,1795
1709.1205,1709.1348,26328,32182,Eptesicus serotinus,0.051,0.095,-1,Echolocation,/mnt/ubna_data_02_mir/recover-20221013/UBNA_001/20221012_030000.WAV,Telephone Field,recover-20221013,001,1795
1709.1445,1709.182,68437,81680,Rhinolophus ferrumequinum,0.021,0.021,-1,Echolocation,/mnt/ubna_data_02_mir/recover-20221013/UBNA_001/20221012_030000.WAV,Telephone Field,recover-20221013,001,1795
1709.1665,1709.1767,24609,31568,Eptesicus serotinus,0.009,0.023,-1,Echolocation,/mnt/ubna_data_02_mir/recover-20221013/UBNA_001/20221012_030000.WAV,Telephone Field,recover-20221013,001,1795
1709.1775,1709.184,30625,50643,Myotis daubentonii,0.012,0.024,-1,Echolocation,/mnt/ubna_data_02_mir/recover-20221013/UBNA_001/20221012_030000.WAV,Telephone Field,recover-20221013,001,1795
1709.1905,1709.1983,28906,38451,Eptesicus serotinus,0.009,0.031,-1,Echolocation,/mnt/ubna_data_02_mir/recover-20221013/UBNA_001/20221012_030000.WAV,Telephone Field,recover-20221013,001,1795
1709.2205,1709.2586000000001,68437,81439,Rhinolophus ferrumequinum,0.021,0.021,-1,Echolocation,/mnt/ubna_data_02_mir/recover-20221013/UBNA_001/20221012_030000.WAV,Telephone Field,recover-20221013,001,1795
1709.2255,1709.266,68437,82190,Rhinolophus ferrumequinum,0.021,0.021,-1,Echolocation,/mnt/ubna_data_02_mir/recover-20221013/UBNA_001/20221012_030000.WAV,Telephone Field,recover-20221013,001,1795
1709.2455,1709.2803,68437,80999,Rhinolophus ferrumequinum,0.024,0.024,-1,Echolocation,/mnt/ubna_data_02_mir/recover-20221013/UBNA_001/20221012_030000.WAV,Telephone Field,recover-20221013,001,1795
1709.2455,1709.2562,23750,28735,Nyctalus leisleri,0.014,0.029,-1,Echolocation,/mnt/ubna_data_02_mir/recover-20221013/UBNA_001/20221012_030000.WAV,Telephone Field,recover-20221013,001,1795
1709.3065,1709.344,68437,81616,Rhinolophus ferrumequinum,0.023,0.023,-1,Echolocation,/mnt/ubna_data_02_mir/recover-20221013/UBNA_001/20221012_030000.WAV,Telephone Field,recover-20221013,001,1795
1709.3195,1709.3598,68437,82365,Rhinolophus ferrumequinum,0.023,0.023,-1,Echolocation,/mnt/ubna_data_02_mir/recover-20221013/UBNA_001/20221012_030000.WAV,Telephone Field,recover-20221013,001,1795
1709.3455,1709.3522,33203,43917,Myotis daubentonii,0.015,0.035,-1,Echolocation,/mnt/ubna_data_02_mir/recover-20221013/UBNA_001/20221012_030000.WAV,Telephone Field,recover-20221013,001,1795
1709.3525,1709.3922,68437,82158,Rhinolophus ferrumequinum,0.023,0.023,-1,Echolocation,/mnt/ubna_data_02_mir/recover-20221013/UBNA_001/20221012_030000.WAV,Telephone Field,recover-20221013,001,1795
1709.3545,1709.361,48671,56158,Pipistrellus pipistrellus,0.022,0.024,-1,Echolocation,/mnt/ubna_data_02_mir/recover-20221013/UBNA_001/20221012_030000.WAV,Telephone Field,recover-20221013,001,1795
1709.3705,1709.3869,22031,26510,Nyctalus leisleri,0.018,0.032,-1,Echolocation,/mnt/ubna_data_02_mir/recover-20221013/UBNA_001/20221012_030000.WAV,Telephone Field,recover-20221013,001,1795
1709.3845,1709.426,68437,82589,Rhinolophus ferrumequinum,0.025,0.025,-1,Echolocation,/mnt/ubna_data_02_mir/recover-20221013/UBNA_001/20221012_030000.WAV,Telephone Field,recover-20221013,001,1795
1709.3985,1709.406,28046,40277,Eptesicus serotinus,0.007,0.025,-1,Echolocation,/mnt/ubna_data_02_mir/recover-20221013/UBNA_001/20221012_030000.WAV,Telephone Field,recover-20221013,001,1795
1709.4305,1709.4663,68437,81321,Rhinolophus ferrumequinum,0.022,0.022,-1,Echolocation,/mnt/ubna_data_02_mir/recover-20221013/UBNA_001/20221012_030000.WAV,Telephone Field,recover-20221013,001,1795
1709.4385,1709.4783,68437,82165,Rhinolophus ferrumequinum,0.023,0.023,-1,Echolocation,/mnt/ubna_data_02_mir/recover-20221013/UBNA_001/20221012_030000.WAV,Telephone Field,recover-20221013,001,1795
1709.4595,1709.4984,68437,81907,Rhinolophus ferrumequinum,0.021,0.021,-1,Echolocation,/mnt/ubna_data_02_mir/recover-20221013/UBNA_001/20221012_030000.WAV,Telephone Field,recover-20221013,001,1795
1709.4815,1709.4875,28046,38508,Eptesicus serotinus,0.012,0.043,-1,Echolocation,/mnt/ubna_data_02_mir/recover-20221013/UBNA_001/20221012_030000.WAV,Telephone Field,recover-20221013,001,1795
1709.4885,1709.5324,68437,82625,Rhinolophus ferrumequinum,0.027,0.027,-1,Echolocation,/mnt/ubna_data_02_mir/recover-20221013/UBNA_001/20221012_030000.WAV,Telephone Field,recover-20221013,001,1795
1709.5165,1709.5243,28906,38643,Eptesicus serotinus,0.007,0.023,-1,Echolocation,/mnt/ubna_data_02_mir/recover-20221013/UBNA_001/20221012_030000.WAV,Telephone Field,recover-20221013,001,1795
1709.5255,1709.5654,68437,82593,Rhinolophus ferrumequinum,0.033,0.033,-1,Echolocation,/mnt/ubna_data_02_mir/recover-20221013/UBNA_001/20221012_030000.WAV,Telephone Field,recover-20221013,001,1795
1709.5585,1709.5962,68437,81510,Rhinolophus ferrumequinum,0.023,0.023,-1,Echolocation,/mnt/ubna_data_02_mir/recover-20221013/UBNA_001/20221012_030000.WAV,Telephone Field,recover-20221013,001,1795
1709.6525,1709.6883,68437,81715,Rhinolophus ferrumequinum,0.022,0.022,-1,Echolocation,/mnt/ubna_data_02_mir/recover-20221013/UBNA_001/20221012_030000.WAV,Telephone Field,recover-20221013,001,1795
1709.6635,1709.6704,27187,40271,Eptesicus serotinus,0.006,0.021,-1,Echolocation,/mnt/ubna_data_02_mir/recover-20221013/UBNA_001/20221012_030000.WAV,Telephone Field,recover-20221013,001,1795
1709.6755,1709.7153,68437,81787,Rhinolophus ferrumequinum,0.021,0.021,-1,Echolocation,/mnt/ubna_data_02_mir/recover-20221013/UBNA_001/20221012_030000.WAV,Telephone Field,recover-20221013,001,1795
1709.6935,1709.7291,68437,81450,Rhinolophus ferrumequinum,0.022,0.022,-1,Echolocation,/mnt/ubna_data_02_mir/recover-20221013/UBNA_001/20221012_030000.WAV,Telephone Field,recover-20221013,001,1795
1709.6985,1709.7067,50390,57632,Pipistrellus pipistrellus,0.018,0.022,-1,Echolocation,/mnt/ubna_data_02_mir/recover-20221013/UBNA_001/20221012_030000.WAV,Telephone Field,recover-20221013,001,1795
1709.7045,1709.7121,26328,37924,Eptesicus serotinus,0.007,0.023,-1,Echolocation,/mnt/ubna_data_02_mir/recover-20221013/UBNA_001/20221012_030000.WAV,Telephone Field,recover-20221013,001,1795
1709.7145,1709.7293,22890,27415,Nyctalus leisleri,0.015,0.031,-1,Echolocation,/mnt/ubna_data_02_mir/recover-20221013/UBNA_001/20221012_030000.WAV,Telephone Field,recover-20221013,001,1795
1709.7205,1709.7333,22890,27447,Nyctalus leisleri,0.016,0.03,-1,Echolocation,/mnt/ubna_data_02_mir/recover-20221013/UBNA_001/20221012_030000.WAV,Telephone Field,recover-20221013,001,1795
1709.7375,1709.7753,68437,82086,Rhinolophus ferrumequinum,0.026,0.026,-1,Echolocation,/mnt/ubna_data_02_mir/recover-20221013/UBNA_001/20221012_030000.WAV,Telephone Field,recover-20221013,001,1795
1709.7405,1709.7495,27187,38959,Eptesicus serotinus,0.01,0.026,-1,Echolocation,/mnt/ubna_data_02_mir/recover-20221013/UBNA_001/20221012_030000.WAV,Telephone Field,recover-20221013,001,1795
1709.7725,1709.8111,68437,82050,Rhinolophus ferrumequinum,0.025,0.025,-1,Echolocation,/mnt/ubna_data_02_mir/recover-20221013/UBNA_001/20221012_030000.WAV,Telephone Field,recover-20221013,001,1795
1709.7955,1709.8076,30625,38165,Eptesicus serotinus,0.016,0.033,-1,Echolocation,/mnt/ubna_data_02_mir/recover-20221013/UBNA_001/20221012_030000.WAV,Telephone Field,recover-20221013,001,1795
1709.8185,1709.8575,68437,82344,Rhinolophus ferrumequinum,0.022,0.022,-1,Echolocation,/mnt/ubna_data_02_mir/recover-20221013/UBNA_001/20221012_030000.WAV,Telephone Field,recover-20221013,001,1795
1709.8205,1709.8285,26328,35509,Eptesicus serotinus,0.007,0.023,-1,Echolocation,/mnt/ubna_data_02_mir/recover-20221013/UBNA_001/20221012_030000.WAV,Telephone Field,recover-20221013,001,1795
1709.8255,1709.8641,68437,82419,Rhinolophus ferrumequinum,0.021,0.021,-1,Echolocation,/mnt/ubna_data_02_mir/recover-20221013/UBNA_001/20221012_030000.WAV,Telephone Field,recover-20221013,001,1795
1709.8375,1709.8762,68437,82370,Rhinolophus ferrumequinum,0.023,0.023,-1,Echolocation,/mnt/ubna_data_02_mir/recover-20221013/UBNA_001/20221012_030000.WAV,Telephone Field,recover-20221013,001,1795
1709.8725,1709.9083,68437,81449,Rhinolophus ferrumequinum,0.021,0.021,-1,Echolocation,/mnt/ubna_data_02_mir/recover-20221013/UBNA_001/20221012_030000.WAV,Telephone Field,recover-20221013,001,1795
1709.8795,1709.8883,25468,34224,Eptesicus serotinus,0.01,0.027,-1,Echolocation,/mnt/ubna_data_02_mir/recover-20221013/UBNA_001/20221012_030000.WAV,Telephone Field,recover-20221013,001,1795
1709.8995,1709.9381,68437,82008,Rhinolophus ferrumequinum,0.022,0.022,-1,Echolocation,/mnt/ubna_data_02_mir/recover-20221013/UBNA_001/20221012_030000.WAV,Telephone Field,recover-20221013,001,1795
1709.9055,1709.9141,27187,36563,Eptesicus serotinus,0.009,0.022,-1,Echolocation,/mnt/ubna_data_02_mir/recover-20221013/UBNA_001/20221012_030000.WAV,Telephone Field,recover-20221013,001,1795
1709.9105,1709.9489,68437,82170,Rhinolophus ferrumequinum,0.022,0.022,-1,Echolocation,/mnt/ubna_data_02_mir/recover-20221013/UBNA_001/20221012_030000.WAV,Telephone Field,recover-20221013,001,1795
1710.0015,1710.0115,21171,27424,Nyctalus leisleri,0.013,0.033,-1,Echolocation,/mnt/ubna_data_02_mir/recover-20221013/UBNA_001/20221012_030000.WAV,Telephone Field,recover-20221013,001,1795
1710.0025,1710.0437,68437,81984,Rhinolophus ferrumequinum,0.024,0.024,-1,Echolocation,/mnt/ubna_data_02_mir/recover-20221013/UBNA_001/20221012_030000.WAV,Telephone Field,recover-20221013,001,1795
1710.0105,1710.0532,68437,82500,Rhinolophus ferrumequinum,0.022,0.022,-1,Echolocation,/mnt/ubna_data_02_mir/recover-20221013/UBNA_001/20221012_030000.WAV,Telephone Field,recover-20221013,001,1795
1710.0575,1710.065,26328,35455,Eptesicus serotinus,0.008,0.025,-1,Echolocation,/mnt/ubna_data_02_mir/recover-20221013/UBNA_001/20221012_030000.WAV,Telephone Field,recover-20221013,001,1795
1710.0985,1710.1131,46093,48874,Pipistrellus pipistrellus,0.063,0.07,-1,Echolocation,/mnt/ubna_data_02_mir/recover-20221013/UBNA_001/20221012_030000.WAV,Telephone Field,recover-20221013,001,1795
1710.1005,1710.1089,22890,30910,Plecotus austriacus,0.008,0.021,-1,Echolocation,/mnt/ubna_data_02_mir/recover-20221013/UBNA_001/20221012_030000.WAV,Telephone Field,recover-20221013,001,1795
1710.1005,1710.1378,68437,81773,Rhinolophus ferrumequinum,0.023,0.023,-1,Echolocation,/mnt/ubna_data_02_mir/recover-20221013/UBNA_001/20221012_030000.WAV,Telephone Field,recover-20221013,001,1795
1710.1225,1710.1612,68437,82050,Rhinolophus ferrumequinum,0.022,0.022,-1,Echolocation,/mnt/ubna_data_02_mir/recover-20221013/UBNA_001/20221012_030000.WAV,Telephone Field,recover-20221013,001,1795
1710.1265,1710.136,28906,36803,Eptesicus serotinus,0.01,0.025,-1,Echolocation,/mnt/ubna_data_02_mir/recover-20221013/UBNA_001/20221012_030000.WAV,Telephone Field,recover-20221013,001,1795
1710.1475,1710.1847,68437,81706,Rhinolophus ferrumequinum,0.031,0.031,-1,Echolocation,/mnt/ubna_data_02_mir/recover-20221013/UBNA_001/20221012_030000.WAV,Telephone Field,recover-20221013,001,1795
1710.1765,1710.1859,23750,30558,Nyctalus leisleri,0.006,0.021,-1,Echolocation,/mnt/ubna_data_02_mir/recover-20221013/UBNA_001/20221012_030000.WAV,Telephone Field,recover-20221013,001,1795
1710.1905,1710.2268,68437,81056,Rhinolophus ferrumequinum,0.027,0.027,-1,Echolocation,/mnt/ubna_data_02_mir/recover-20221013/UBNA_001/20221012_030000.WAV,Telephone Field,recover-20221013,001,1795
1710.2025,1710.2106,51250,57811,Pipistrellus pipistrellus,0.016,0.021,-1,Echolocation,/mnt/ubna_data_02_mir/recover-20221013/UBNA_001/20221012_030000.WAV,Telephone Field,recover-20221013,001,1795
1710.2375,1710.2761,68437,82662,Rhinolophus ferrumequinum,0.023,0.023,-1,Echolocation,/mnt/ubna_data_02_mir/recover-20221013/UBNA_001/20221012_030000.WAV,Telephone Field,recover-20221013,001,1795
1710.2855,1710.3265,68437,82209,Rhinolophus ferrumequinum,0.028,0.028,-1,Echolocation,/mnt/ubna_data_02_mir/recover-20221013/UBNA_001/20221012_030000.WAV,Telephone Field,recover-20221013,001,1795
1710.2885,1710.2965,24609,33145,Plecotus austriacus,0.007,0.023,-1,Echolocation,/mnt/ubna_data_02_mir/recover-20221013/UBNA_001/20221012_030000.WAV,Telephone Field,recover-20221013,001,1795
1710.3135,1710.3209,27187,40715,Eptesicus serotinus,0.007,0.021,-1,Echolocation,/mnt/ubna_data_02_mir/recover-20221013/UBNA_001/20221012_030000.WAV,Telephone Field,recover-20221013,001,1795
1710.3255,1710.3355,28906,35353,Eptesicus serotinus,0.011,0.024,-1,Echolocation,/mnt/ubna_data_02_mir/recover-20221013/UBNA_001/20221012_030000.WAV,Telephone Field,recover-20221013,001,1795
1710.3555,1710.3642,24609,32338,Nyctalus leisleri,0.007,0.024,-1,Echolocation,/mnt/ubna_data_02_mir/recover-20221013/UBNA_001/20221012_030000.WAV,Telephone Field,recover-20221013,001,1795
1710.3585,1710.399,68437,82473,Rhinolophus ferrumequinum,0.021,0.021,-1,Echolocation,/mnt/ubna_data_02_mir/recover-20221013/UBNA_001/20221012_030000.WAV,Telephone Field,recover-20221013,001,1795
1710.3795,1710.4167,68437,81854,Rhinolophus ferrumequinum,0.021,0.021,-1,Echolocation,/mnt/ubna_data_02_mir/recover-20221013/UBNA_001/20221012_030000.WAV,Telephone Field,recover-20221013,001,1795
1710.3855,1710.3964,22031,26884,Nyctalus leisleri,0.01,0.023,-1,Echolocation,/mnt/ubna_data_02_mir/recover-20221013/UBNA_001/20221012_030000.WAV,Telephone Field,recover-20221013,001,1795
1710.3925,1710.4314,68437,81847,Rhinolophus ferrumequinum,0.021,0.021,-1,Echolocation,/mnt/ubna_data_02_mir/recover-20221013/UBNA_001/20221012_030000.WAV,Telephone Field,recover-20221013,001,1795
1710.4145,1710.4223,28046,41207,Eptesicus serotinus,0.007,0.026,-1,Echolocation,/mnt/ubna_data_02_mir/recover-20221013/UBNA_001/20221012_030000.WAV,Telephone Field,recover-20221013,001,1795
1710.4325,1710.472,68437,82337,Rhinolophus ferrumequinum,0.022,0.022,-1,Echolocation,/mnt/ubna_data_02_mir/recover-20221013/UBNA_001/20221012_030000.WAV,Telephone Field,recover-20221013,001,1795
1710.4555,1710.4624,27187,39366,Eptesicus serotinus,0.006,0.021,-1,Echolocation,/mnt/ubna_data_02_mir/recover-20221013/UBNA_001/20221012_030000.WAV,Telephone Field,recover-20221013,001,1795
1710.4565,1710.4953,68437,81869,Rhinolophus ferrumequinum,0.022,0.022,-1,Echolocation,/mnt/ubna_data_02_mir/recover-20221013/UBNA_001/20221012_030000.WAV,Telephone Field,recover-20221013,001,1795
1710.4625,1710.503,68437,82301,Rhinolophus ferrumequinum,0.022,0.022,-1,Echolocation,/mnt/ubna_data_02_mir/recover-20221013/UBNA_001/20221012_030000.WAV,Telephone Field,recover-20221013,001,1795
1710.4725,1710.5144,68437,82569,Rhinolophus ferrumequinum,0.027,0.027,-1,Echolocation,/mnt/ubna_data_02_mir/recover-20221013/UBNA_001/20221012_030000.WAV,Telephone Field,recover-20221013,001,1795
1710.4935,1710.5042,29765,36495,Eptesicus serotinus,0.008,0.021,-1,Echolocation,/mnt/ubna_data_02_mir/recover-20221013/UBNA_001/20221012_030000.WAV,Telephone Field,recover-20221013,001,1795
1710.5195,1710.5293,28906,37333,Eptesicus serotinus,0.012,0.027,-1,Echolocation,/mnt/ubna_data_02_mir/recover-20221013/UBNA_001/20221012_030000.WAV,Telephone Field,recover-20221013,001,1795
1710.5225,1710.5596,68437,81720,Rhinolophus ferrumequinum,0.024,0.024,-1,Echolocation,/mnt/ubna_data_02_mir/recover-20221013/UBNA_001/20221012_030000.WAV,Telephone Field,recover-20221013,001,1795
1710.5565,1710.5982,68437,82878,Rhinolophus ferrumequinum,0.03,0.03,-1,Echolocation,/mnt/ubna_data_02_mir/recover-20221013/UBNA_001/20221012_030000.WAV,Telephone Field,recover-20221013,001,1795
1710.5645,1710.6032,68437,82526,Rhinolophus ferrumequinum,0.025,0.025,-1,Echolocation,/mnt/ubna_data_02_mir/recover-20221013/UBNA_001/20221012_030000.WAV,Telephone Field,recover-20221013,001,1795
1710.6125,1710.6228,24609,31461,Eptesicus serotinus,0.008,0.023,-1,Echolocation,/mnt/ubna_data_02_mir/recover-20221013/UBNA_001/20221012_030000.WAV,Telephone Field,recover-20221013,001,1795
1710.6445,1710.6823,68437,82595,Rhinolophus ferrumequinum,0.022,0.022,-1,Echolocation,/mnt/ubna_data_02_mir/recover-20221013/UBNA_001/20221012_030000.WAV,Telephone Field,recover-20221013,001,1795
1710.6535,1710.6919,68437,81570,Rhinolophus ferrumequinum,0.021,0.021,-1,Echolocation,/mnt/ubna_data_02_mir/recover-20221013/UBNA_001/20221012_030000.WAV,Telephone Field,recover-20221013,001,1795
1710.6875,1710.727,68437,82164,Rhinolophus ferrumequinum,0.022,0.022,-1,Echolocation,/mnt/ubna_data_02_mir/recover-20221013/UBNA_001/20221012_030000.WAV,Telephone Field,recover-20221013,001,1795
1710.6945,1710.7361,68437,82979,Rhinolophus ferrumequinum,0.024,0.024,-1,Echolocation,/mnt/ubna_data_02_mir/recover-20221013/UBNA_001/20221012_030000.WAV,Telephone Field,recover-20221013,001,1795
1710.7035,1710.745,68437,83099,Rhinolophus ferrumequinum,0.023,0.023,-1,Echolocation,/mnt/ubna_data_02_mir/recover-20221013/UBNA_001/20221012_030000.WAV,Telephone Field,recover-20221013,001,1795
1710.7295,1710.7734,68437,83205,Rhinolophus ferrumequinum,0.04,0.04,-1,Echolocation,/mnt/ubna_data_02_mir/recover-20221013/UBNA_001/20221012_030000.WAV,Telephone Field,recover-20221013,001,1795
1710.7445,1710.7544,27187,34827,Eptesicus serotinus,0.01,0.021,-1,Echolocation,/mnt/ubna_data_02_mir/recover-20221013/UBNA_001/20221012_030000.WAV,Telephone Field,recover-20221013,001,1795
1710.7785,1710.815,68437,81637,Rhinolophus ferrumequinum,0.021,0.021,-1,Echolocation,/mnt/ubna_data_02_mir/recover-20221013/UBNA_001/20221012_030000.WAV,Telephone Field,recover-20221013,001,1795
1710.7805,1710.7924,23750,28576,Nyctalus leisleri,0.01,0.021,-1,Echolocation,/mnt/ubna_data_02_mir/recover-20221013/UBNA_001/20221012_030000.WAV,Telephone Field,recover-20221013,001,1795
1710.8565,1710.8956,68437,81410,Rhinolophus ferrumequinum,0.021,0.021,-1,Echolocation,/mnt/ubna_data_02_mir/recover-20221013/UBNA_001/20221012_030000.WAV,Telephone Field,recover-20221013,001,1795
1710.8935,1710.9034,24609,31454,Eptesicus serotinus,0.008,0.022,-1,Echolocation,/mnt/ubna_data_02_mir/recover-20221013/UBNA_001/20221012_030000.WAV,Telephone Field,recover-20221013,001,1795
1710.9155,1710.9567,68437,83086,Rhinolophus ferrumequinum,0.034,0.034,-1,Echolocation,/mnt/ubna_data_02_mir/recover-20221013/UBNA_001/20221012_030000.WAV,Telephone Field,recover-20221013,001,1795
1710.9265,1710.9408,41796,44990,Pipistrellus pipistrellus,0.033,0.041,-1,Echolocation,/mnt/ubna_data_02_mir/recover-20221013/UBNA_001/20221012_030000.WAV,Telephone Field,recover-20221013,001,1795
1710.9505,1710.9971,68437,83672,Rhinolophus ferrumequinum,0.044,0.044,-1,Echolocation,/mnt/ubna_data_02_mir/recover-20221013/UBNA_001/20221012_030000.WAV,Telephone Field,recover-20221013,001,1795
1710.9965,1711.0341,68437,82109,Rhinolophus ferrumequinum,0.021,0.021,-1,Echolocation,/mnt/ubna_data_02_mir/recover-20221013/UBNA_001/20221012_030000.WAV,Telephone Field,recover-20221013,001,1795
1711.0215,1711.0614,68437,82358,Rhinolophus ferrumequinum,0.024,0.024,-1,Echolocation,/mnt/ubna_data_02_mir/recover-20221013/UBNA_001/20221012_030000.WAV,Telephone Field,recover-20221013,001,1795
1711.0225,1711.0302,44375,54157,Pipistrellus pipistrellus,0.012,0.021,-1,Echolocation,/mnt/ubna_data_02_mir/recover-20221013/UBNA_001/20221012_030000.WAV,Telephone Field,recover-20221013,001,1795
1711.0355,1711.0746,68437,82351,Rhinolophus ferrumequinum,0.021,0.021,-1,Echolocation,/mnt/ubna_data_02_mir/recover-20221013/UBNA_001/20221012_030000.WAV,Telephone Field,recover-20221013,001,1795
1711.0505,1711.0581,28046,42248,Eptesicus serotinus,0.008,0.025,-1,Echolocation,/mnt/ubna_data_02_mir/recover-20221013/UBNA_001/20221012_030000.WAV,Telephone Field,recover-20221013,001,1795
1711.0615,1711.0987,68437,81790,Rhinolophus ferrumequinum,0.025,0.025,-1,Echolocation,/mnt/ubna_data_02_mir/recover-20221013/UBNA_001/20221012_030000.WAV,Telephone Field,recover-20221013,001,1795
1711.0675,1711.0787,30625,37500,Eptesicus serotinus,0.015,0.03,-1,Echolocation,/mnt/ubna_data_02_mir/recover-20221013/UBNA_001/20221012_030000.WAV,Telephone Field,recover-20221013,001,1795
1711.0795,1711.1194,68437,82042,Rhinolophus ferrumequinum,0.021,0.021,-1,Echolocation,/mnt/ubna_data_02_mir/recover-20221013/UBNA_001/20221012_030000.WAV,Telephone Field,recover-20221013,001,1795
1711.0875,1711.0983,23750,30936,Nyctalus leisleri,0.009,0.026,-1,Echolocation,/mnt/ubna_data_02_mir/recover-20221013/UBNA_001/20221012_030000.WAV,Telephone Field,recover-20221013,001,1795
1711.1035,1711.1109,51250,56109,Pipistrellus pipistrellus,0.02,0.024,-1,Echolocation,/mnt/ubna_data_02_mir/recover-20221013/UBNA_001/20221012_030000.WAV,Telephone Field,recover-20221013,001,1795
1711.1035,1711.1409,68437,81344,Rhinolophus ferrumequinum,0.022,0.022,-1,Echolocation,/mnt/ubna_data_02_mir/recover-20221013/UBNA_001/20221012_030000.WAV,Telephone Field,recover-20221013,001,1795
1711.1545,1711.1622,25468,33967,Eptesicus serotinus,0.007,0.024,-1,Echolocation,/mnt/ubna_data_02_mir/recover-20221013/UBNA_001/20221012_030000.WAV,Telephone Field,recover-20221013,001,1795
1711.1665,1711.206,68437,81634,Rhinolophus ferrumequinum,0.021,0.021,-1,Echolocation,/mnt/ubna_data_02_mir/recover-20221013/UBNA_001/20221012_030000.WAV,Telephone Field,recover-20221013,001,1795
1711.1955,1711.2348,68437,82875,Rhinolophus ferrumequinum,0.023,0.023,-1,Echolocation,/mnt/ubna_data_02_mir/recover-20221013/UBNA_001/20221012_030000.WAV,Telephone Field,recover-20221013,001,1795
1711.2095,1711.2241,37500,41201,Pipistrellus nathusii,0.04,0.063,-1,Echolocation,/mnt/ubna_data_02_mir/recover-20221013/UBNA_001/20221012_030000.WAV,Telephone Field,recover-20221013,001,1795
1711.2115,1711.2526,68437,82260,Rhinolophus ferrumequinum,0.025,0.025,-1,Echolocation,/mnt/ubna_data_02_mir/recover-20221013/UBNA_001/20221012_030000.WAV,Telephone Field,recover-20221013,001,1795
1711.2125,1711.2207,28046,39539,Eptesicus serotinus,0.007,0.022,-1,Echolocation,/mnt/ubna_data_02_mir/recover-20221013/UBNA_001/20221012_030000.WAV,Telephone Field,recover-20221013,001,1795
1711.2225,1711.2311,23750,31108,Plecotus austriacus,0.008,0.022,-1,Echolocation,/mnt/ubna_data_02_mir/recover-20221013/UBNA_001/20221012_030000.WAV,Telephone Field,recover-20221013,001,1795
1711.2365,1711.2471,22890,28474,Nyctalus leisleri,0.011,0.026,-1,Echolocation,/mnt/ubna_data_02_mir/recover-20221013/UBNA_001/20221012_030000.WAV,Telephone Field,recover-20221013,001,1795
1711.2625,1711.2827,19453,21917,Nyctalus leisleri,0.013,0.025,-1,Echolocation,/mnt/ubna_data_02_mir/recover-20221013/UBNA_001/20221012_030000.WAV,Telephone Field,recover-20221013,001,1795
1711.3145,1711.3534,68437,82150,Rhinolophus ferrumequinum,0.022,0.022,-1,Echolocation,/mnt/ubna_data_02_mir/recover-20221013/UBNA_001/20221012_030000.WAV,Telephone Field,recover-20221013,001,1795
1711.4005,1711.4413,68437,82583,Rhinolophus ferrumequinum,0.025,0.025,-1,Echolocation,/mnt/ubna_data_02_mir/recover-20221013/UBNA_001/20221012_030000.WAV,Telephone Field,recover-20221013,001,1795
1711.4355,1711.4704,68437,81436,Rhinolophus ferrumequinum,0.02,0.02,-1,Echolocation,/mnt/ubna_data_02_mir/recover-20221013/UBNA_001/20221012_030000.WAV,Telephone Field,recover-20221013,001,1795
1711.4435,1711.4518,27187,34860,Eptesicus serotinus,0.014,0.035,-1,Echolocation,/mnt/ubna_data_02_mir/recover-20221013/UBNA_001/20221012_030000.WAV,Telephone Field,recover-20221013,001,1795
1711.4515,1711.4908,68437,82316,Rhinolophus ferrumequinum,0.024,0.024,-1,Echolocation,/mnt/ubna_data_02_mir/recover-20221013/UBNA_001/20221012_030000.WAV,Telephone Field,recover-20221013,001,1795
1711.4855,1711.5275,68437,82950,Rhinolophus ferrumequinum,0.033,0.033,-1,Echolocation,/mnt/ubna_data_02_mir/recover-20221013/UBNA_001/20221012_030000.WAV,Telephone Field,recover-20221013,001,1795
1711.4885,1711.4996,27187,34140,Eptesicus serotinus,0.012,0.023,-1,Echolocation,/mnt/ubna_data_02_mir/recover-20221013/UBNA_001/20221012_030000.WAV,Telephone Field,recover-20221013,001,1795
1711.5205,1711.5589,68437,81507,Rhinolophus ferrumequinum,0.023,0.023,-1,Echolocation,/mnt/ubna_data_02_mir/recover-20221013/UBNA_001/20221012_030000.WAV,Telephone Field,recover-20221013,001,1795
1711.5275,1711.5646,68437,81505,Rhinolophus ferrumequinum,0.022,0.022,-1,Echolocation,/mnt/ubna_data_02_mir/recover-20221013/UBNA_001/20221012_030000.WAV,Telephone Field,recover-20221013,001,1795
1711.5535,1711.5938,68437,82110,Rhinolophus ferrumequinum,0.025,0.025,-1,Echolocation,/mnt/ubna_data_02_mir/recover-20221013/UBNA_001/20221012_030000.WAV,Telephone Field,recover-20221013,001,1795
1711.6025,1711.641,68437,82226,Rhinolophus ferrumequinum,0.024,0.024,-1,Echolocation,/mnt/ubna_data_02_mir/recover-20221013/UBNA_001/20221012_030000.WAV,Telephone Field,recover-20221013,001,1795
1711.6465,1711.6834,68437,81817,Rhinolophus ferrumequinum,0.021,0.021,-1,Echolocation,/mnt/ubna_data_02_mir/recover-20221013/UBNA_001/20221012_030000.WAV,Telephone Field,recover-20221013,001,1795
1711.7175,1711.7251,26328,35030,Eptesicus serotinus,0.007,0.023,-1,Echolocation,/mnt/ubna_data_02_mir/recover-20221013/UBNA_001/20221012_030000.WAV,Telephone Field,recover-20221013,001,1795
1711.7305,1711.7688,68437,81105,Rhinolophus ferrumequinum,0.025,0.025,-1,Echolocation,/mnt/ubna_data_02_mir/recover-20221013/UBNA_001/20221012_030000.WAV,Telephone Field,recover-20221013,001,1795
1711.8055,1711.8437,68437,82786,Rhinolophus ferrumequinum,0.026,0.026,-1,Echolocation,/mnt/ubna_data_02_mir/recover-20221013/UBNA_001/20221012_030000.WAV,Telephone Field,recover-20221013,001,1795
1711.8085,1711.8181,22031,28101,Plecotus austriacus,0.008,0.022,-1,Echolocation,/mnt/ubna_data_02_mir/recover-20221013/UBNA_001/20221012_030000.WAV,Telephone Field,recover-20221013,001,1795
1711.8175,1711.8575,68437,81303,Rhinolophus ferrumequinum,0.022,0.022,-1,Echolocation,/mnt/ubna_data_02_mir/recover-20221013/UBNA_001/20221012_030000.WAV,Telephone Field,recover-20221013,001,1795
1711.8405,1711.8492,28906,40099,Eptesicus serotinus,0.01,0.026,-1,Echolocation,/mnt/ubna_data_02_mir/recover-20221013/UBNA_001/20221012_030000.WAV,Telephone Field,recover-20221013,001,1795
1711.8435,1711.8799,68437,81628,Rhinolophus ferrumequinum,0.02,0.02,-1,Echolocation,/mnt/ubna_data_02_mir/recover-20221013/UBNA_001/20221012_030000.WAV,Telephone Field,recover-20221013,001,1795
1711.8715,1711.9123,68437,82782,Rhinolophus ferrumequinum,0.032,0.032,-1,Echolocation,/mnt/ubna_data_02_mir/recover-20221013/UBNA_001/20221012_030000.WAV,Telephone Field,recover-20221013,001,1795
1711.8795,1711.9168,68437,81835,Rhinolophus ferrumequinum,0.022,0.022,-1,Echolocation,/mnt/ubna_data_02_mir/recover-20221013/UBNA_001/20221012_030000.WAV,Telephone Field,recover-20221013,001,1795
1711.8925,1711.9004,30625,39878,Eptesicus serotinus,0.016,0.036,-1,Echolocation,/mnt/ubna_data_02_mir/recover-20221013/UBNA_001/20221012_030000.WAV,Telephone Field,recover-20221013,001,1795
1711.9035,1711.942,68437,82160,Rhinolophus ferrumequinum,0.026,0.026,-1,Echolocation,/mnt/ubna_data_02_mir/recover-20221013/UBNA_001/20221012_030000.WAV,Telephone Field,recover-20221013,001,1795
1711.9045,1711.9149,24609,30988,Nyctalus leisleri,0.009,0.023,-1,Echolocation,/mnt/ubna_data_02_mir/recover-20221013/UBNA_001/20221012_030000.WAV,Telephone Field,recover-20221013,001,1795
1711.9425,1711.9811,68437,82126,Rhinolophus ferrumequinum,0.022,0.022,-1,Echolocation,/mnt/ubna_data_02_mir/recover-20221013/UBNA_001/20221012_030000.WAV,Telephone Field,recover-20221013,001,1795
1711.9505,1711.9899,68437,82041,Rhinolophus ferrumequinum,0.021,0.021,-1,Echolocation,/mnt/ubna_data_02_mir/recover-20221013/UBNA_001/20221012_030000.WAV,Telephone Field,recover-20221013,001,1795
1711.9565,1711.9926,68437,81809,Rhinolophus ferrumequinum,0.021,0.022,-1,Echolocation,/mnt/ubna_data_02_mir/recover-20221013/UBNA_001/20221012_030000.WAV,Telephone Field,recover-20221013,001,1795
1712.0015,1712.0104,26328,34848,Nyctalus leisleri,0.009,0.026,-1,Echolocation,/mnt/ubna_data_02_mir/recover-20221013/UBNA_001/20221012_030000.WAV,Telephone Field,recover-20221013,001,1795
1712.0015,1712.0342,69296,81167,Rhinolophus ferrumequinum,0.053,0.053,-1,Echolocation,/mnt/ubna_data_02_mir/recover-20221013/UBNA_001/20221012_030000.WAV,Telephone Field,recover-20221013,001,1795
1712.0075,1712.0491,68437,81994,Rhinolophus ferrumequinum,0.029,0.029,-1,Echolocation,/mnt/ubna_data_02_mir/recover-20221013/UBNA_001/20221012_030000.WAV,Telephone Field,recover-20221013,001,1795
1712.0135,1712.0222,51250,56348,Pipistrellus pipistrellus,0.018,0.025,-1,Echolocation,/mnt/ubna_data_02_mir/recover-20221013/UBNA_001/20221012_030000.WAV,Telephone Field,recover-20221013,001,1795
1712.0335,1712.0743,68437,82795,Rhinolophus ferrumequinum,0.027,0.027,-1,Echolocation,/mnt/ubna_data_02_mir/recover-20221013/UBNA_001/20221012_030000.WAV,Telephone Field,recover-20221013,001,1795
1712.0385,1712.0449,51250,58072,Pipistrellus pipistrellus,0.019,0.023,-1,Echolocation,/mnt/ubna_data_02_mir/recover-20221013/UBNA_001/20221012_030000.WAV,Telephone Field,recover-20221013,001,1795
1712.0395,1712.0811,68437,83004,Rhinolophus ferrumequinum,0.026,0.026,-1,Echolocation,/mnt/ubna_data_02_mir/recover-20221013/UBNA_001/20221012_030000.WAV,Telephone Field,recover-20221013,001,1795
1712.0645,1712.1025,68437,81689,Rhinolophus ferrumequinum,0.022,0.022,-1,Echolocation,/mnt/ubna_data_02_mir/recover-20221013/UBNA_001/20221012_030000.WAV,Telephone Field,recover-20221013,001,1795
1712.0965,1712.1369,68437,83089,Rhinolophus ferrumequinum,0.022,0.022,-1,Echolocation,/mnt/ubna_data_02_mir/recover-20221013/UBNA_001/20221012_030000.WAV,Telephone Field,recover-20221013,001,1795
1712.1335,1712.1747,68437,82262,Rhinolophus ferrumequinum,0.041,0.041,-1,Echolocation,/mnt/ubna_data_02_mir/recover-20221013/UBNA_001/20221012_030000.WAV,Telephone Field,recover-20221013,001,1795
1712.1475,1712.154,28046,41801,Eptesicus serotinus,0.007,0.027,-1,Echolocation,/mnt/ubna_data_02_mir/recover-20221013/UBNA_001/20221012_030000.WAV,Telephone Field,recover-20221013,001,1795
1712.2035,1712.246,68437,83884,Rhinolophus ferrumequinum,0.027,0.027,-1,Echolocation,/mnt/ubna_data_02_mir/recover-20221013/UBNA_001/20221012_030000.WAV,Telephone Field,recover-20221013,001,1795
1712.2185,1712.2577,68437,81903,Rhinolophus ferrumequinum,0.022,0.022,-1,Echolocation,/mnt/ubna_data_02_mir/recover-20221013/UBNA_001/20221012_030000.WAV,Telephone Field,recover-20221013,001,1795
1712.2365,1712.2508,39218,43411,Pipistrellus nathusii,0.039,0.045,-1,Echolocation,/mnt/ubna_data_02_mir/recover-20221013/UBNA_001/20221012_030000.WAV,Telephone Field,recover-20221013,001,1795
1712.2455,1712.2551,22890,28643,Nyctalus leisleri,0.009,0.022,-1,Echolocation,/mnt/ubna_data_02_mir/recover-20221013/UBNA_001/20221012_030000.WAV,Telephone Field,recover-20221013,001,1795
1712.2465,1712.2857,68437,81984,Rhinolophus ferrumequinum,0.022,0.022,-1,Echolocation,/mnt/ubna_data_02_mir/recover-20221013/UBNA_001/20221012_030000.WAV,Telephone Field,recover-20221013,001,1795
1712.2545,1712.2934,68437,81923,Rhinolophus ferrumequinum,0.023,0.023,-1,Echolocation,/mnt/ubna_data_02_mir/recover-20221013/UBNA_001/20221012_030000.WAV,Telephone Field,recover-20221013,001,1795
1712.3035,1712.3401,68437,81216,Rhinolophus ferrumequinum,0.025,0.025,-1,Echolocation,/mnt/ubna_data_02_mir/recover-20221013/UBNA_001/20221012_030000.WAV,Telephone Field,recover-20221013,001,1795
1712.3625,1712.4029,68437,82993,Rhinolophus ferrumequinum,0.023,0.023,-1,Echolocation,/mnt/ubna_data_02_mir/recover-20221013/UBNA_001/20221012_030000.WAV,Telephone Field,recover-20221013,001,1795
1712.3695,1712.3785,27187,38501,Eptesicus serotinus,0.011,0.025,-1,Echolocation,/mnt/ubna_data_02_mir/recover-20221013/UBNA_001/20221012_030000.WAV,Telephone Field,recover-20221013,001,1795
1712.3935,1712.4319,68437,81884,Rhinolophus ferrumequinum,0.022,0.022,-1,Echolocation,/mnt/ubna_data_02_mir/recover-20221013/UBNA_001/20221012_030000.WAV,Telephone Field,recover-20221013,001,1795
1712.4455,1712.4848,68437,82095,Rhinolophus ferrumequinum,0.022,0.022,-1,Echolocation,/mnt/ubna_data_02_mir/recover-20221013/UBNA_001/20221012_030000.WAV,Telephone Field,recover-20221013,001,1795
1712.4785,1712.5221,68437,83244,Rhinolophus ferrumequinum,0.043,0.043,-1,Echolocation,/mnt/ubna_data_02_mir/recover-20221013/UBNA_001/20221012_030000.WAV,Telephone Field,recover-20221013,001,1795
1712.5425,1712.5799,68437,81974,Rhinolophus ferrumequinum,0.027,0.027,-1,Echolocation,/mnt/ubna_data_02_mir/recover-20221013/UBNA_001/20221012_030000.WAV,Telephone Field,recover-20221013,001,1795
1712.5955,1712.6032,28046,39572,Eptesicus serotinus,0.009,0.03,-1,Echolocation,/mnt/ubna_data_02_mir/recover-20221013/UBNA_001/20221012_030000.WAV,Telephone Field,recover-20221013,001,1795
1712.6025,1712.641,68437,82615,Rhinolophus ferrumequinum,0.029,0.029,-1,Echolocation,/mnt/ubna_data_02_mir/recover-20221013/UBNA_001/20221012_030000.WAV,Telephone Field,recover-20221013,001,1795
1712.6155,1712.659,68437,82624,Rhinolophus ferrumequinum,0.037,0.037,-1,Echolocation,/mnt/ubna_data_02_mir/recover-20221013/UBNA_001/20221012_030000.WAV,Telephone Field,recover-20221013,001,1795
1712.6445,1712.6556,22890,27675,Nyctalus leisleri,0.013,0.025,-1,Echolocation,/mnt/ubna_data_02_mir/recover-20221013/UBNA_001/20221012_030000.WAV,Telephone Field,recover-20221013,001,1795
1712.6935,1712.7344,68437,82684,Rhinolophus ferrumequinum,0.029,0.029,-1,Echolocation,/mnt/ubna_data_02_mir/recover-20221013/UBNA_001/20221012_030000.WAV,Telephone Field,recover-20221013,001,1795
1712.7045,1712.7119,28046,39066,Eptesicus serotinus,0.007,0.022,-1,Echolocation,/mnt/ubna_data_02_mir/recover-20221013/UBNA_001/20221012_030000.WAV,Telephone Field,recover-20221013,001,1795
1712.7085,1712.7463,68437,81953,Rhinolophus ferrumequinum,0.022,0.022,-1,Echolocation,/mnt/ubna_data_02_mir/recover-20221013/UBNA_001/20221012_030000.WAV,Telephone Field,recover-20221013,001,1795
1712.7185,1712.7579,68437,82107,Rhinolophus ferrumequinum,0.022,0.022,-1,Echolocation,/mnt/ubna_data_02_mir/recover-20221013/UBNA_001/20221012_030000.WAV,Telephone Field,recover-20221013,001,1795
1712.7495,1712.7581,28046,36707,Eptesicus serotinus,0.008,0.026,-1,Echolocation,/mnt/ubna_data_02_mir/recover-20221013/UBNA_001/20221012_030000.WAV,Telephone Field,recover-20221013,001,1795
1712.7985,1712.8298,68437,79376,Rhinolophus ferrumequinum,0.028,0.029,-1,Echolocation,/mnt/ubna_data_02_mir/recover-20221013/UBNA_001/20221012_030000.WAV,Telephone Field,recover-20221013,001,1795
1712.8205,1712.8587,68437,82268,Rhinolophus ferrumequinum,0.027,0.027,-1,Echolocation,/mnt/ubna_data_02_mir/recover-20221013/UBNA_001/20221012_030000.WAV,Telephone Field,recover-20221013,001,1795
1712.8265,1712.8339,27187,36676,Eptesicus serotinus,0.009,0.027,-1,Echolocation,/mnt/ubna_data_02_mir/recover-20221013/UBNA_001/20221012_030000.WAV,Telephone Field,recover-20221013,001,1795
1712.8475,1712.8882,68437,82658,Rhinolophus ferrumequinum,0.024,0.024,-1,Echolocation,/mnt/ubna_data_02_mir/recover-20221013/UBNA_001/20221012_030000.WAV,Telephone Field,recover-20221013,001,1795
1712.8615,1712.8717,24609,31533,Nyctalus leisleri,0.01,0.028,-1,Echolocation,/mnt/ubna_data_02_mir/recover-20221013/UBNA_001/20221012_030000.WAV,Telephone Field,recover-20221013,001,1795
1712.8895,1712.9284,68437,81699,Rhinolophus ferrumequinum,0.029,0.029,-1,Echolocation,/mnt/ubna_data_02_mir/recover-20221013/UBNA_001/20221012_030000.WAV,Telephone Field,recover-20221013,001,1795
1712.8915,1712.9018,24609,31812,Nyctalus leisleri,0.01,0.026,-1,Echolocation,/mnt/ubna_data_02_mir/recover-20221013/UBNA_001/20221012_030000.WAV,Telephone Field,recover-20221013,001,1795
1712.9705,1712.9783,28046,39829,Eptesicus serotinus,0.008,0.024,-1,Echolocation,/mnt/ubna_data_02_mir/recover-20221013/UBNA_001/20221012_030000.WAV,Telephone Field,recover-20221013,001,1795
1712.9845,1712.9927,61562,67839,Pipistrellus pygmaeus,0.042,0.043,-1,Echolocation,/mnt/ubna_data_02_mir/recover-20221013/UBNA_001/20221012_030000.WAV,Telephone Field,recover-20221013,001,1795
1712.9965,1713.0341,68437,81345,Rhinolophus ferrumequinum,0.022,0.022,-1,Echolocation,/mnt/ubna_data_02_mir/recover-20221013/UBNA_001/20221012_030000.WAV,Telephone Field,recover-20221013,001,1795
1713.0275,1713.0378,22890,28859,Nyctalus leisleri,0.013,0.033,-1,Echolocation,/mnt/ubna_data_02_mir/recover-20221013/UBNA_001/20221012_030000.WAV,Telephone Field,recover-20221013,001,1795
1713.0615,1713.0962,68437,82063,Rhinolophus ferrumequinum,0.025,0.025,-1,Echolocation,/mnt/ubna_data_02_mir/recover-20221013/UBNA_001/20221012_030000.WAV,Telephone Field,recover-20221013,001,1795
1713.0655,1713.073,23750,32897,Plecotus austriacus,0.009,0.024,-1,Echolocation,/mnt/ubna_data_02_mir/recover-20221013/UBNA_001/20221012_030000.WAV,Telephone Field,recover-20221013,001,1795
1713.1105,1713.1232,54687,58909,Pipistrellus pygmaeus,0.021,0.023,-1,Echolocation,/mnt/ubna_data_02_mir/recover-20221013/UBNA_001/20221012_030000.WAV,Telephone Field,recover-20221013,001,1795
1713.1225,1713.1627,68437,82367,Rhinolophus ferrumequinum,0.023,0.023,-1,Echolocation,/mnt/ubna_data_02_mir/recover-20221013/UBNA_001/20221012_030000.WAV,Telephone Field,recover-20221013,001,1795
1713.1425,1713.1798,68437,81736,Rhinolophus ferrumequinum,0.022,0.022,-1,Echolocation,/mnt/ubna_data_02_mir/recover-20221013/UBNA_001/20221012_030000.WAV,Telephone Field,recover-20221013,001,1795
1713.1955,1713.2047,49531,53095,Pipistrellus pipistrellus,0.029,0.033,-1,Echolocation,/mnt/ubna_data_02_mir/recover-20221013/UBNA_001/20221012_030000.WAV,Telephone Field,recover-20221013,001,1795
1713.2155,1713.2266,22031,27359,Nyctalus leisleri,0.011,0.025,-1,Echolocation,/mnt/ubna_data_02_mir/recover-20221013/UBNA_001/20221012_030000.WAV,Telephone Field,recover-20221013,001,1795
1713.2365,1713.2769,68437,82838,Rhinolophus ferrumequinum,0.023,0.023,-1,Echolocation,/mnt/ubna_data_02_mir/recover-20221013/UBNA_001/20221012_030000.WAV,Telephone Field,recover-20221013,001,1795
1713.2575,1713.296,68437,82096,Rhinolophus ferrumequinum,0.032,0.032,-1,Echolocation,/mnt/ubna_data_02_mir/recover-20221013/UBNA_001/20221012_030000.WAV,Telephone Field,recover-20221013,001,1795
1713.2655,1713.3031,68437,81622,Rhinolophus ferrumequinum,0.022,0.022,-1,Echolocation,/mnt/ubna_data_02_mir/recover-20221013/UBNA_001/20221012_030000.WAV,Telephone Field,recover-20221013,001,1795
1713.3065,1713.3158,27187,36521,Eptesicus serotinus,0.008,0.023,-1,Echolocation,/mnt/ubna_data_02_mir/recover-20221013/UBNA_001/20221012_030000.WAV,Telephone Field,recover-20221013,001,1795
1713.3305,1713.3378,28046,39300,Eptesicus serotinus,0.006,0.022,-1,Echolocation,/mnt/ubna_data_02_mir/recover-20221013/UBNA_001/20221012_030000.WAV,Telephone Field,recover-20221013,001,1795
1713.3625,1713.3721,22031,27862,Plecotus austriacus,0.008,0.022,-1,Echolocation,/mnt/ubna_data_02_mir/recover-20221013/UBNA_001/20221012_030000.WAV,Telephone Field,recover-20221013,001,1795
1713.3745,1713.4086,68437,80586,Rhinolophus ferrumequinum,0.023,0.023,-1,Echolocation,/mnt/ubna_data_02_mir/recover-20221013/UBNA_001/20221012_030000.WAV,Telephone Field,recover-20221013,001,1795
1713.3905,1713.4345,68437,83569,Rhinolophus ferrumequinum,0.031,0.031,-1,Echolocation,/mnt/ubna_data_02_mir/recover-20221013/UBNA_001/20221012_030000.WAV,Telephone Field,recover-20221013,001,1795
1713.4305,1713.4756,68437,83820,Rhinolophus ferrumequinum,0.05,0.05,-1,Echolocation,/mnt/ubna_data_02_mir/recover-20221013/UBNA_001/20221012_030000.WAV,Telephone Field,recover-20221013,001,1795
1713.4575,1713.4649,46953,51681,Pipistrellus pipistrellus,0.024,0.026,-1,Echolocation,/mnt/ubna_data_02_mir/recover-20221013/UBNA_001/20221012_030000.WAV,Telephone Field,recover-20221013,001,1795
1713.5205,1713.5632,68437,83048,Rhinolophus ferrumequinum,0.026,0.026,-1,Echolocation,/mnt/ubna_data_02_mir/recover-20221013/UBNA_001/20221012_030000.WAV,Telephone Field,recover-20221013,001,1795
1713.5435,1713.55,50390,56379,Pipistrellus pipistrellus,0.025,0.029,-1,Echolocation,/mnt/ubna_data_02_mir/recover-20221013/UBNA_001/20221012_030000.WAV,Telephone Field,recover-20221013,001,1795
1713.5555,1713.5624,28046,40018,Eptesicus serotinus,0.01,0.03,-1,Echolocation,/mnt/ubna_data_02_mir/recover-20221013/UBNA_001/20221012_030000.WAV,Telephone Field,recover-20221013,001,1795
1713.5605,1713.5989,68437,82485,Rhinolophus ferrumequinum,0.022,0.022,-1,Echolocation,/mnt/ubna_data_02_mir/recover-20221013/UBNA_001/20221012_030000.WAV,Telephone Field,recover-20221013,001,1795
1713.5975,1713.6345,68437,82152,Rhinolophus ferrumequinum,0.023,0.023,-1,Echolocation,/mnt/ubna_data_02_mir/recover-20221013/UBNA_001/20221012_030000.WAV,Telephone Field,recover-20221013,001,1795
1713.6265,1713.6649,68437,82151,Rhinolophus ferrumequinum,0.026,0.026,-1,Echolocation,/mnt/ubna_data_02_mir/recover-20221013/UBNA_001/20221012_030000.WAV,Telephone Field,recover-20221013,001,1795
1713.6625,1713.6694,28046,43204,Eptesicus serotinus,0.01,0.033,-1,Echolocation,/mnt/ubna_data_02_mir/recover-20221013/UBNA_001/20221012_030000.WAV,Telephone Field,recover-20221013,001,1795
1713.6835,1713.725,68437,83387,Rhinolophus ferrumequinum,0.033,0.033,-1,Echolocation,/mnt/ubna_data_02_mir/recover-20221013/UBNA_001/20221012_030000.WAV,Telephone Field,recover-20221013,001,1795
1713.6905,1713.734,68437,82972,Rhinolophus ferrumequinum,0.033,0.033,-1,Echolocation,/mnt/ubna_data_02_mir/recover-20221013/UBNA_001/20221012_030000.WAV,Telephone Field,recover-20221013,001,1795
1713.7355,1713.7827,68437,83714,Rhinolophus ferrumequinum,0.064,0.064,-1,Echolocation,/mnt/ubna_data_02_mir/recover-20221013/UBNA_001/20221012_030000.WAV,Telephone Field,recover-20221013,001,1795
1713.7555,1713.7641,27187,38967,Eptesicus serotinus,0.008,0.022,-1,Echolocation,/mnt/ubna_data_02_mir/recover-20221013/UBNA_001/20221012_030000.WAV,Telephone Field,recover-20221013,001,1795
1713.7905,1713.8273,68437,81493,Rhinolophus ferrumequinum,0.022,0.022,-1,Echolocation,/mnt/ubna_data_02_mir/recover-20221013/UBNA_001/20221012_030000.WAV,Telephone Field,recover-20221013,001,1795
1713.8035,1713.8117,48671,55307,Pipistrellus pipistrellus,0.02,0.023,-1,Echolocation,/mnt/ubna_data_02_mir/recover-20221013/UBNA_001/20221012_030000.WAV,Telephone Field,recover-20221013,001,1795
1713.8705,1713.9143,68437,83393,Rhinolophus ferrumequinum,0.028,0.028,-1,Echolocation,/mnt/ubna_data_02_mir/recover-20221013/UBNA_001/20221012_030000.WAV,Telephone Field,recover-20221013,001,1795
1713.8995,1713.941,68437,82428,Rhinolophus ferrumequinum,0.026,0.026,-1,Echolocation,/mnt/ubna_data_02_mir/recover-20221013/UBNA_001/20221012_030000.WAV,Telephone Field,recover-20221013,001,1795
1713.9295,1713.9674,68437,82073,Rhinolophus ferrumequinum,0.024,0.024,-1,Echolocation,/mnt/ubna_data_02_mir/recover-20221013/UBNA_001/20221012_030000.WAV,Telephone Field,recover-20221013,001,1795
1713.9475,1713.9854,68437,82129,Rhinolophus ferrumequinum,0.022,0.022,-1,Echolocation,/mnt/ubna_data_02_mir/recover-20221013/UBNA_001/20221012_030000.WAV,Telephone Field,recover-20221013,001,1795
1713.9495,1713.9543,38359,58301,Myotis mystacinus,0.009,0.032,-1,Echolocation,/mnt/ubna_data_02_mir/recover-20221013/UBNA_001/20221012_030000.WAV,Telephone Field,recover-20221013,001,1795
1713.9775,1713.9897,28046,34345,Eptesicus serotinus,0.011,0.022,-1,Echolocation,/mnt/ubna_data_02_mir/recover-20221013/UBNA_001/20221012_030000.WAV,Telephone Field,recover-20221013,001,1795
1714.0015,1714.0317,68437,79913,Rhinolophus ferrumequinum,0.029,0.03,-1,Echolocation,/mnt/ubna_data_02_mir/recover-20221013/UBNA_001/20221012_030000.WAV,Telephone Field,recover-20221013,001,1795
1714.0015,1714.0108,23750,31018,Nyctalus leisleri,0.013,0.036,-1,Echolocation,/mnt/ubna_data_02_mir/recover-20221013/UBNA_001/20221012_030000.WAV,Telephone Field,recover-20221013,001,1795
1714.0025,1714.0104,42656,46902,Pipistrellus pipistrellus,0.025,0.031,-1,Echolocation,/mnt/ubna_data_02_mir/recover-20221013/UBNA_001/20221012_030000.WAV,Telephone Field,recover-20221013,001,1795
1714.0105,1714.048,68437,81495,Rhinolophus ferrumequinum,0.021,0.021,-1,Echolocation,/mnt/ubna_data_02_mir/recover-20221013/UBNA_001/20221012_030000.WAV,Telephone Field,recover-20221013,001,1795
1714.0215,1714.0629,68437,82769,Rhinolophus ferrumequinum,0.038,0.038,-1,Echolocation,/mnt/ubna_data_02_mir/recover-20221013/UBNA_001/20221012_030000.WAV,Telephone Field,recover-20221013,001,1795
1714.0395,1714.0792,68437,82608,Rhinolophus ferrumequinum,0.022,0.022,-1,Echolocation,/mnt/ubna_data_02_mir/recover-20221013/UBNA_001/20221012_030000.WAV,Telephone Field,recover-20221013,001,1795
1714.0615,1714.1023,68437,82428,Rhinolophus ferrumequinum,0.022,0.022,-1,Echolocation,/mnt/ubna_data_02_mir/recover-20221013/UBNA_001/20221012_030000.WAV,Telephone Field,recover-20221013,001,1795
1714.0935,1714.1135,20312,23458,Nyctalus leisleri,0.014,0.025,-1,Echolocation,/mnt/ubna_data_02_mir/recover-20221013/UBNA_001/20221012_030000.WAV,Telephone Field,recover-20221013,001,1795
1714.1045,1714.144,68437,81885,Rhinolophus ferrumequinum,0.021,0.021,-1,Echolocation,/mnt/ubna_data_02_mir/recover-20221013/UBNA_001/20221012_030000.WAV,Telephone Field,recover-20221013,001,1795
1714.1135,1714.1541,68437,82478,Rhinolophus ferrumequinum,0.023,0.023,-1,Echolocation,/mnt/ubna_data_02_mir/recover-20221013/UBNA_001/20221012_030000.WAV,Telephone Field,recover-20221013,001,1795
1714.1355,1714.1418,49531,56601,Pipistrellus pipistrellus,0.026,0.028,-1,Echolocation,/mnt/ubna_data_02_mir/recover-20221013/UBNA_001/20221012_030000.WAV,Telephone Field,recover-20221013,001,1795
1714.1555,1714.164,28046,37791,Eptesicus serotinus,0.009,0.022,-1,Echolocation,/mnt/ubna_data_02_mir/recover-20221013/UBNA_001/20221012_030000.WAV,Telephone Field,recover-20221013,001,1795
1714.1595,1714.2032,68437,83855,Rhinolophus ferrumequinum,0.037,0.037,-1,Echolocation,/mnt/ubna_data_02_mir/recover-20221013/UBNA_001/20221012_030000.WAV,Telephone Field,recover-20221013,001,1795
1714.2255,1714.2317,28906,39627,Eptesicus serotinus,0.006,0.026,-1,Echolocation,/mnt/ubna_data_02_mir/recover-20221013/UBNA_001/20221012_030000.WAV,Telephone Field,recover-20221013,001,1795
1714.2645,1714.2724,28046,38923,Eptesicus serotinus,0.006,0.022,-1,Echolocation,/mnt/ubna_data_02_mir/recover-20221013/UBNA_001/20221012_030000.WAV,Telephone Field,recover-20221013,001,1795
1714.2645,1714.2739,23750,31162,Nyctalus leisleri,0.007,0.021,-1,Echolocation,/mnt/ubna_data_02_mir/recover-20221013/UBNA_001/20221012_030000.WAV,Telephone Field,recover-20221013,001,1795
1714.2795,1714.3198,68437,82156,Rhinolophus ferrumequinum,0.026,0.026,-1,Echolocation,/mnt/ubna_data_02_mir/recover-20221013/UBNA_001/20221012_030000.WAV,Telephone Field,recover-20221013,001,1795
1714.2995,1714.3078,28046,37714,Eptesicus serotinus,0.009,0.021,-1,Echolocation,/mnt/ubna_data_02_mir/recover-20221013/UBNA_001/20221012_030000.WAV,Telephone Field,recover-20221013,001,1795
1714.3565,1714.3944,68437,82369,Rhinolophus ferrumequinum,0.023,0.023,-1,Echolocation,/mnt/ubna_data_02_mir/recover-20221013/UBNA_001/20221012_030000.WAV,Telephone Field,recover-20221013,001,1795
1714.3785,1714.3869,23750,32396,Plecotus austriacus,0.008,0.025,-1,Echolocation,/mnt/ubna_data_02_mir/recover-20221013/UBNA_001/20221012_030000.WAV,Telephone Field,recover-20221013,001,1795
1714.4165,1714.4247,23750,32417,Plecotus austriacus,0.008,0.024,-1,Echolocation,/mnt/ubna_data_02_mir/recover-20221013/UBNA_001/20221012_030000.WAV,Telephone Field,recover-20221013,001,1795
1714.4405,1714.4772,68437,82048,Rhinolophus ferrumequinum,0.027,0.027,-1,Echolocation,/mnt/ubna_data_02_mir/recover-20221013/UBNA_001/20221012_030000.WAV,Telephone Field,recover-20221013,001,1795
1714.4535,1714.4945,68437,82191,Rhinolophus ferrumequinum,0.024,0.024,-1,Echolocation,/mnt/ubna_data_02_mir/recover-20221013/UBNA_001/20221012_030000.WAV,Telephone Field,recover-20221013,001,1795
1714.4575,1714.4673,28046,38676,Eptesicus serotinus,0.012,0.025,-1,Echolocation,/mnt/ubna_data_02_mir/recover-20221013/UBNA_001/20221012_030000.WAV,Telephone Field,recover-20221013,001,1795
1714.4615,1714.5032,68437,82178,Rhinolophus ferrumequinum,0.022,0.023,-1,Echolocation,/mnt/ubna_data_02_mir/recover-20221013/UBNA_001/20221012_030000.WAV,Telephone Field,recover-20221013,001,1795
1714.4805,1714.5194,68437,82426,Rhinolophus ferrumequinum,0.022,0.022,-1,Echolocation,/mnt/ubna_data_02_mir/recover-20221013/UBNA_001/20221012_030000.WAV,Telephone Field,recover-20221013,001,1795
1714.4985,1714.5056,23750,33592,Plecotus austriacus,0.02,0.041,-1,Echolocation,/mnt/ubna_data_02_mir/recover-20221013/UBNA_001/20221012_030000.WAV,Telephone Field,recover-20221013,001,1795
1714.5025,1714.5425,68437,82299,Rhinolophus ferrumequinum,0.025,0.025,-1,Echolocation,/mnt/ubna_data_02_mir/recover-20221013/UBNA_001/20221012_030000.WAV,Telephone Field,recover-20221013,001,1795
1714.5415,1714.5623,19453,23224,Nyctalus noctula,0.012,0.022,-1,Echolocation,/mnt/ubna_data_02_mir/recover-20221013/UBNA_001/20221012_030000.WAV,Telephone Field,recover-20221013,001,1795
1714.5485,1714.555,27187,38441,Plecotus auritus,0.008,0.032,-1,Echolocation,/mnt/ubna_data_02_mir/recover-20221013/UBNA_001/20221012_030000.WAV,Telephone Field,recover-20221013,001,1795
1714.6175,1714.6237,25468,37831,Plecotus austriacus,0.01,0.032,-1,Echolocation,/mnt/ubna_data_02_mir/recover-20221013/UBNA_001/20221012_030000.WAV,Telephone Field,recover-20221013,001,1795
1714.6525,1714.6931,68437,82477,Rhinolophus ferrumequinum,0.025,0.025,-1,Echolocation,/mnt/ubna_data_02_mir/recover-20221013/UBNA_001/20221012_030000.WAV,Telephone Field,recover-20221013,001,1795
1714.6795,1714.687,28046,40997,Eptesicus serotinus,0.007,0.021,-1,Echolocation,/mnt/ubna_data_02_mir/recover-20221013/UBNA_001/20221012_030000.WAV,Telephone Field,recover-20221013,001,1795
1714.6835,1714.7207,68437,82395,Rhinolophus ferrumequinum,0.021,0.021,-1,Echolocation,/mnt/ubna_data_02_mir/recover-20221013/UBNA_001/20221012_030000.WAV,Telephone Field,recover-20221013,001,1795
1714.6965,1714.7369,68437,82540,Rhinolophus ferrumequinum,0.027,0.027,-1,Echolocation,/mnt/ubna_data_02_mir/recover-20221013/UBNA_001/20221012_030000.WAV,Telephone Field,recover-20221013,001,1795
1714.6965,1714.7043,46953,58386,Pipistrellus pipistrellus,0.015,0.023,-1,Echolocation,/mnt/ubna_data_02_mir/recover-20221013/UBNA_001/20221012_030000.WAV,Telephone Field,recover-20221013,001,1795
1714.6985,1714.7093,23750,29718,Nyctalus leisleri,0.009,0.022,-1,Echolocation,/mnt/ubna_data_02_mir/recover-20221013/UBNA_001/20221012_030000.WAV,Telephone Field,recover-20221013,001,1795
1714.7155,1714.7233,27187,38956,Eptesicus serotinus,0.007,0.023,-1,Echolocation,/mnt/ubna_data_02_mir/recover-20221013/UBNA_001/20221012_030000.WAV,Telephone Field,recover-20221013,001,1795
1714.7425,1714.7824,68437,82424,Rhinolophus ferrumequinum,0.033,0.033,-1,Echolocation,/mnt/ubna_data_02_mir/recover-20221013/UBNA_001/20221012_030000.WAV,Telephone Field,recover-20221013,001,1795
1714.7625,1714.7978,68437,81164,Rhinolophus ferrumequinum,0.021,0.021,-1,Echolocation,/mnt/ubna_data_02_mir/recover-20221013/UBNA_001/20221012_030000.WAV,Telephone Field,recover-20221013,001,1795
1714.7805,1714.7874,27187,42347,Eptesicus serotinus,0.006,0.023,-1,Echolocation,/mnt/ubna_data_02_mir/recover-20221013/UBNA_001/20221012_030000.WAV,Telephone Field,recover-20221013,001,1795
1714.7975,1714.8342,68437,81376,Rhinolophus ferrumequinum,0.021,0.021,-1,Echolocation,/mnt/ubna_data_02_mir/recover-20221013/UBNA_001/20221012_030000.WAV,Telephone Field,recover-20221013,001,1795
1714.8105,1714.8501,68437,82497,Rhinolophus ferrumequinum,0.024,0.024,-1,Echolocation,/mnt/ubna_data_02_mir/recover-20221013/UBNA_001/20221012_030000.WAV,Telephone Field,recover-20221013,001,1795
1714.8505,1714.89,68437,82006,Rhinolophus ferrumequinum,0.031,0.032,-1,Echolocation,/mnt/ubna_data_02_mir/recover-20221013/UBNA_001/20221012_030000.WAV,Telephone Field,recover-20221013,001,1795
1714.8725,1714.8843,22031,26797,Nyctalus leisleri,0.012,0.024,-1,Echolocation,/mnt/ubna_data_02_mir/recover-20221013/UBNA_001/20221012_030000.WAV,Telephone Field,recover-20221013,001,1795
1714.8885,1714.9233,68437,81300,Rhinolophus ferrumequinum,0.021,0.021,-1,Echolocation,/mnt/ubna_data_02_mir/recover-20221013/UBNA_001/20221012_030000.WAV,Telephone Field,recover-20221013,001,1795
1714.9035,1714.9381,68437,81030,Rhinolophus ferrumequinum,0.022,0.022,-1,Echolocation,/mnt/ubna_data_02_mir/recover-20221013/UBNA_001/20221012_030000.WAV,Telephone Field,recover-20221013,001,1795
1714.9105,1714.9193,22890,29193,Plecotus austriacus,0.01,0.024,-1,Echolocation,/mnt/ubna_data_02_mir/recover-20221013/UBNA_001/20221012_030000.WAV,Telephone Field,recover-20221013,001,1795
1714.9185,1714.9585,68437,82362,Rhinolophus ferrumequinum,0.021,0.021,-1,Echolocation,/mnt/ubna_data_02_mir/recover-20221013/UBNA_001/20221012_030000.WAV,Telephone Field,recover-20221013,001,1795
1714.9275,1714.9656,68437,81869,Rhinolophus ferrumequinum,0.022,0.022,-1,Echolocation,/mnt/ubna_data_02_mir/recover-20221013/UBNA_001/20221012_030000.WAV,Telephone Field,recover-20221013,001,1795
1714.9595,1715.0008,68437,82595,Rhinolophus ferrumequinum,0.032,0.032,-1,Echolocation,/mnt/ubna_data_02_mir/recover-20221013/UBNA_001/20221012_030000.WAV,Telephone Field,recover-20221013,001,1795
1714.9625,1714.9698,23750,31897,Plecotus austriacus,0.009,0.022,-1,Echolocation,/mnt/ubna_data_02_mir/recover-20221013/UBNA_001/20221012_030000.WAV,Telephone Field,recover-20221013,001,1795
1714.9825,1714.9914,28906,37234,Eptesicus serotinus,0.011,0.025,-1,Echolocation,/mnt/ubna_data_02_mir/recover-20221013/UBNA_001/20221012_030000.WAV,Telephone Field,recover-20221013,001,1795
1714.9885,1715.0296,68437,82888,Rhinolophus ferrumequinum,0.027,0.027,-1,Echolocation,/mnt/ubna_data_02_mir/recover-20221013/UBNA_001/20221012_030000.WAV,Telephone Field,recover-20221013,001,1795
1714.9905,1715.0003,28906,36606,Eptesicus serotinus,0.009,0.023,-1,Echolocation,/mnt/ubna_data_02_mir/recover-20221013/UBNA_001/20221012_030000.WAV,Telephone Field,recover-20221013,001,1795
1715.0195,1715.0581,68437,82197,Rhinolophus ferrumequinum,0.024,0.024,-1,Echolocation,/mnt/ubna_data_02_mir/recover-20221013/UBNA_001/20221012_030000.WAV,Telephone Field,recover-20221013,001,1795
1715.0275,1715.0379,23750,29563,Nyctalus leisleri,0.01,0.024,-1,Echolocation,/mnt/ubna_data_02_mir/recover-20221013/UBNA_001/20221012_030000.WAV,Telephone Field,recover-20221013,001,1795
1715.0445,1715.0636,21171,24168,Nyctalus leisleri,0.029,0.05,-1,Echolocation,/mnt/ubna_data_02_mir/recover-20221013/UBNA_001/20221012_030000.WAV,Telephone Field,recover-20221013,001,1795
1715.0545,1715.064,37500,44901,Barbastellus barbastellus,0.008,0.026,-1,Echolocation,/mnt/ubna_data_02_mir/recover-20221013/UBNA_001/20221012_030000.WAV,Telephone Field,recover-20221013,001,1795
1715.0965,1715.1423,68437,83462,Rhinolophus ferrumequinum,0.051,0.051,-1,Echolocation,/mnt/ubna_data_02_mir/recover-20221013/UBNA_001/20221012_030000.WAV,Telephone Field,recover-20221013,001,1795
1715.1225,1715.1626,68437,82416,Rhinolophus ferrumequinum,0.024,0.024,-1,Echolocation,/mnt/ubna_data_02_mir/recover-20221013/UBNA_001/20221012_030000.WAV,Telephone Field,recover-20221013,001,1795
1715.1995,1715.208,28906,37091,Eptesicus serotinus,0.013,0.029,-1,Echolocation,/mnt/ubna_data_02_mir/recover-20221013/UBNA_001/20221012_030000.WAV,Telephone Field,recover-20221013,001,1795
1715.2135,1715.2568,68437,83236,Rhinolophus ferrumequinum,0.047,0.047,-1,Echolocation,/mnt/ubna_data_02_mir/recover-20221013/UBNA_001/20221012_030000.WAV,Telephone Field,recover-20221013,001,1795
1715.2295,1715.2374,23750,31327,Plecotus austriacus,0.008,0.022,-1,Echolocation,/mnt/ubna_data_02_mir/recover-20221013/UBNA_001/20221012_030000.WAV,Telephone Field,recover-20221013,001,1795
1715.2415,1715.2752,68437,80207,Rhinolophus ferrumequinum,0.023,0.023,-1,Echolocation,/mnt/ubna_data_02_mir/recover-20221013/UBNA_001/20221012_030000.WAV,Telephone Field,recover-20221013,001,1795
1715.2565,1715.2907,68437,81178,Rhinolophus ferrumequinum,0.025,0.025,-1,Echolocation,/mnt/ubna_data_02_mir/recover-20221013/UBNA_001/20221012_030000.WAV,Telephone Field,recover-20221013,001,1795
1715.3425,1715.3805,68437,81580,Rhinolophus ferrumequinum,0.023,0.023,-1,Echolocation,/mnt/ubna_data_02_mir/recover-20221013/UBNA_001/20221012_030000.WAV,Telephone Field,recover-20221013,001,1795
1715.3435,1715.3502,32343,42772,Myotis daubentonii,0.012,0.028,-1,Echolocation,/mnt/ubna_data_02_mir/recover-20221013/UBNA_001/20221012_030000.WAV,Telephone Field,recover-20221013,001,1795
1715.3445,1715.3516,28046,41644,Eptesicus serotinus,0.009,0.03,-1,Echolocation,/mnt/ubna_data_02_mir/recover-20221013/UBNA_001/20221012_030000.WAV,Telephone Field,recover-20221013,001,1795
1715.3735,1715.3815,28046,39717,Eptesicus serotinus,0.008,0.023,-1,Echolocation,/mnt/ubna_data_02_mir/recover-20221013/UBNA_001/20221012_030000.WAV,Telephone Field,recover-20221013,001,1795
1715.4055,1715.4473,68437,82548,Rhinolophus ferrumequinum,0.034,0.034,-1,Echolocation,/mnt/ubna_data_02_mir/recover-20221013/UBNA_001/20221012_030000.WAV,Telephone Field,recover-20221013,001,1795
1715.4185,1715.4292,25468,31987,Eptesicus serotinus,0.013,0.029,-1,Echolocation,/mnt/ubna_data_02_mir/recover-20221013/UBNA_001/20221012_030000.WAV,Telephone Field,recover-20221013,001,1795
1715.4345,1715.4737,68437,82202,Rhinolophus ferrumequinum,0.022,0.022,-1,Echolocation,/mnt/ubna_data_02_mir/recover-20221013/UBNA_001/20221012_030000.WAV,Telephone Field,recover-20221013,001,1795
1715.4425,1715.4514,29765,37022,Eptesicus serotinus,0.008,0.022,-1,Echolocation,/mnt/ubna_data_02_mir/recover-20221013/UBNA_001/20221012_030000.WAV,Telephone Field,recover-20221013,001,1795
1715.4555,1715.4641,24609,32161,Nyctalus leisleri,0.007,0.022,-1,Echolocation,/mnt/ubna_data_02_mir/recover-20221013/UBNA_001/20221012_030000.WAV,Telephone Field,recover-20221013,001,1795
1715.4825,1715.523,68437,82488,Rhinolophus ferrumequinum,0.022,0.022,-1,Echolocation,/mnt/ubna_data_02_mir/recover-20221013/UBNA_001/20221012_030000.WAV,Telephone Field,recover-20221013,001,1795
1715.4875,1715.4978,23750,29780,Nyctalus leisleri,0.009,0.022,-1,Echolocation,/mnt/ubna_data_02_mir/recover-20221013/UBNA_001/20221012_030000.WAV,Telephone Field,recover-20221013,001,1795
1715.5195,1715.5271,46953,52888,Pipistrellus pipistrellus,0.018,0.021,-1,Echolocation,/mnt/ubna_data_02_mir/recover-20221013/UBNA_001/20221012_030000.WAV,Telephone Field,recover-20221013,001,1795
1715.5445,1715.5867,68437,83062,Rhinolophus ferrumequinum,0.023,0.023,-1,Echolocation,/mnt/ubna_data_02_mir/recover-20221013/UBNA_001/20221012_030000.WAV,Telephone Field,recover-20221013,001,1795
1715.5545,1715.5614,27187,38118,Eptesicus serotinus,0.006,0.022,-1,Echolocation,/mnt/ubna_data_02_mir/recover-20221013/UBNA_001/20221012_030000.WAV,Telephone Field,recover-20221013,001,1795
1715.5935,1715.603,25468,32430,Eptesicus serotinus,0.008,0.024,-1,Echolocation,/mnt/ubna_data_02_mir/recover-20221013/UBNA_001/20221012_030000.WAV,Telephone Field,recover-20221013,001,1795
1715.6275,1715.6377,24609,31897,Eptesicus serotinus,0.009,0.023,-1,Echolocation,/mnt/ubna_data_02_mir/recover-20221013/UBNA_001/20221012_030000.WAV,Telephone Field,recover-20221013,001,1795
1715.6455,1715.6877,68437,83128,Rhinolophus ferrumequinum,0.035,0.035,-1,Echolocation,/mnt/ubna_data_02_mir/recover-20221013/UBNA_001/20221012_030000.WAV,Telephone Field,recover-20221013,001,1795
1715.6645,1715.672,28046,38661,Eptesicus serotinus,0.006,0.021,-1,Echolocation,/mnt/ubna_data_02_mir/recover-20221013/UBNA_001/20221012_030000.WAV,Telephone Field,recover-20221013,001,1795
1715.6865,1715.7321,68437,83757,Rhinolophus ferrumequinum,0.037,0.037,-1,Echolocation,/mnt/ubna_data_02_mir/recover-20221013/UBNA_001/20221012_030000.WAV,Telephone Field,recover-20221013,001,1795
1715.6875,1715.6942,26328,40803,Eptesicus serotinus,0.005,0.022,-1,Echolocation,/mnt/ubna_data_02_mir/recover-20221013/UBNA_001/20221012_030000.WAV,Telephone Field,recover-20221013,001,1795
1715.7255,1715.7603,68437,81567,Rhinolophus ferrumequinum,0.021,0.021,-1,Echolocation,/mnt/ubna_data_02_mir/recover-20221013/UBNA_001/20221012_030000.WAV,Telephone Field,recover-20221013,001,1795
1715.7275,1715.7344,48671,52782,Pipistrellus pipistrellus,0.021,0.022,-1,Echolocation,/mnt/ubna_data_02_mir/recover-20221013/UBNA_001/20221012_030000.WAV,Telephone Field,recover-20221013,001,1795
1715.7565,1715.7675,28906,36029,Eptesicus serotinus,0.016,0.029,-1,Echolocation,/mnt/ubna_data_02_mir/recover-20221013/UBNA_001/20221012_030000.WAV,Telephone Field,recover-20221013,001,1795
1715.7615,1715.7991,68437,81983,Rhinolophus ferrumequinum,0.021,0.021,-1,Echolocation,/mnt/ubna_data_02_mir/recover-20221013/UBNA_001/20221012_030000.WAV,Telephone Field,recover-20221013,001,1795
1715.7665,1715.8033,68437,82174,Rhinolophus ferrumequinum,0.021,0.021,-1,Echolocation,/mnt/ubna_data_02_mir/recover-20221013/UBNA_001/20221012_030000.WAV,Telephone Field,recover-20221013,001,1795
1715.8395,1715.8788,68437,82749,Rhinolophus ferrumequinum,0.027,0.027,-1,Echolocation,/mnt/ubna_data_02_mir/recover-20221013/UBNA_001/20221012_030000.WAV,Telephone Field,recover-20221013,001,1795
1715.8545,1715.8914,68437,81161,Rhinolophus ferrumequinum,0.023,0.024,-1,Echolocation,/mnt/ubna_data_02_mir/recover-20221013/UBNA_001/20221012_030000.WAV,Telephone Field,recover-20221013,001,1795
1715.8765,1715.8879,22890,27824,Nyctalus leisleri,0.01,0.021,-1,Echolocation,/mnt/ubna_data_02_mir/recover-20221013/UBNA_001/20221012_030000.WAV,Telephone Field,recover-20221013,001,1795
1715.8775,1715.9177,68437,82731,Rhinolophus ferrumequinum,0.03,0.03,-1,Echolocation,/mnt/ubna_data_02_mir/recover-20221013/UBNA_001/20221012_030000.WAV,Telephone Field,recover-20221013,001,1795
1715.8895,1715.8973,26328,36250,Eptesicus serotinus,0.009,0.024,-1,Echolocation,/mnt/ubna_data_02_mir/recover-20221013/UBNA_001/20221012_030000.WAV,Telephone Field,recover-20221013,001,1795
1715.9015,1715.9362,68437,81241,Rhinolophus ferrumequinum,0.022,0.022,-1,Echolocation,/mnt/ubna_data_02_mir/recover-20221013/UBNA_001/20221012_030000.WAV,Telephone Field,recover-20221013,001,1795
1715.9085,1715.9181,27187,38467,Eptesicus serotinus,0.01,0.024,-1,Echolocation,/mnt/ubna_data_02_mir/recover-20221013/UBNA_001/20221012_030000.WAV,Telephone Field,recover-20221013,001,1795
1715.9185,1715.9287,28046,36979,Eptesicus serotinus,0.009,0.022,-1,Echolocation,/mnt/ubna_data_02_mir/recover-20221013/UBNA_001/20221012_030000.WAV,Telephone Field,recover-20221013,001,1795
1715.9195,1715.9566,68437,81873,Rhinolophus ferrumequinum,0.022,0.022,-1,Echolocation,/mnt/ubna_data_02_mir/recover-20221013/UBNA_001/20221012_030000.WAV,Telephone Field,recover-20221013,001,1795
1715.9425,1715.953,23750,29556,Nyctalus leisleri,0.01,0.023,-1,Echolocation,/mnt/ubna_data_02_mir/recover-20221013/UBNA_001/20221012_030000.WAV,Telephone Field,recover-20221013,001,1795
1715.9605,1715.9687,27187,39953,Eptesicus serotinus,0.008,0.023,-1,Echolocation,/mnt/ubna_data_02_mir/recover-20221013/UBNA_001/20221012_030000.WAV,Telephone Field,recover-20221013,001,1795
1715.9695,1715.9783,22890,29011,Plecotus austriacus,0.009,0.021,-1,Echolocation,/mnt/ubna_data_02_mir/recover-20221013/UBNA_001/20221012_030000.WAV,Telephone Field,recover-20221013,001,1795
1716.0015,1716.0127,22031,26864,Nyctalus leisleri,0.014,0.029,-1,Echolocation,/mnt/ubna_data_02_mir/recover-20221013/UBNA_001/20221012_030000.WAV,Telephone Field,recover-20221013,001,1795
1716.0015,1716.0118,47812,52454,Pipistrellus pipistrellus,0.019,0.027,-1,Echolocation,/mnt/ubna_data_02_mir/recover-20221013/UBNA_001/20221012_030000.WAV,Telephone Field,recover-20221013,001,1795
1716.0015,1716.0342,68437,80381,Rhinolophus ferrumequinum,0.036,0.036,-1,Echolocation,/mnt/ubna_data_02_mir/recover-20221013/UBNA_001/20221012_030000.WAV,Telephone Field,recover-20221013,001,1795
1716.0075,1716.0535,68437,82465,Rhinolophus ferrumequinum,0.028,0.028,-1,Echolocation,/mnt/ubna_data_02_mir/recover-20221013/UBNA_001/20221012_030000.WAV,Telephone Field,recover-20221013,001,1795
1716.0145,1716.0355,18593,21831,Nyctalus noctula,0.012,0.023,-1,Echolocation,/mnt/ubna_data_02_mir/recover-20221013/UBNA_001/20221012_030000.WAV,Telephone Field,recover-20221013,001,1795
1716.0295,1716.0361,24609,34343,Plecotus austriacus,0.015,0.04,-1,Echolocation,/mnt/ubna_data_02_mir/recover-20221013/UBNA_001/20221012_030000.WAV,Telephone Field,recover-20221013,001,1795
1716.0555,1716.0626,23750,32503,Plecotus austriacus,0.011,0.025,-1,Echolocation,/mnt/ubna_data_02_mir/recover-20221013/UBNA_001/20221012_030000.WAV,Telephone Field,recover-20221013,001,1795
1716.0835,1716.0876,35781,55424,Myotis nattereri,0.012,0.037,-1,Echolocation,/mnt/ubna_data_02_mir/recover-20221013/UBNA_001/20221012_030000.WAV,Telephone Field,recover-20221013,001,1795
1716.0835,1716.0881,25468,52935,Myotis nattereri,0.025,0.048,-1,Echolocation,/mnt/ubna_data_02_mir/recover-20221013/UBNA_001/20221012_030000.WAV,Telephone Field,recover-20221013,001,1795
1716.0975,1716.1049,23750,32305,Plecotus austriacus,0.014,0.029,-1,Echolocation,/mnt/ubna_data_02_mir/recover-20221013/UBNA_001/20221012_030000.WAV,Telephone Field,recover-20221013,001,1795
1716.1175,1716.1547,68437,81908,Rhinolophus ferrumequinum,0.022,0.022,-1,Echolocation,/mnt/ubna_data_02_mir/recover-20221013/UBNA_001/20221012_030000.WAV,Telephone Field,recover-20221013,001,1795
1716.1405,1716.1831,68437,83003,Rhinolophus ferrumequinum,0.037,0.037,-1,Echolocation,/mnt/ubna_data_02_mir/recover-20221013/UBNA_001/20221012_030000.WAV,Telephone Field,recover-20221013,001,1795
1716.1635,1716.1718,28046,36564,Eptesicus serotinus,0.008,0.023,-1,Echolocation,/mnt/ubna_data_02_mir/recover-20221013/UBNA_001/20221012_030000.WAV,Telephone Field,recover-20221013,001,1795
1716.1725,1716.2098,68437,82526,Rhinolophus ferrumequinum,0.03,0.03,-1,Echolocation,/mnt/ubna_data_02_mir/recover-20221013/UBNA_001/20221012_030000.WAV,Telephone Field,recover-20221013,001,1795
1716.1745,1716.1857,28906,34872,Eptesicus serotinus,0.012,0.026,-1,Echolocation,/mnt/ubna_data_02_mir/recover-20221013/UBNA_001/20221012_030000.WAV,Telephone Field,recover-20221013,001,1795
1716.1935,1716.2337,68437,82570,Rhinolophus ferrumequinum,0.023,0.023,-1,Echolocation,/mnt/ubna_data_02_mir/recover-20221013/UBNA_001/20221012_030000.WAV,Telephone Field,recover-20221013,001,1795
1716.2245,1716.2361,22890,27220,Nyctalus leisleri,0.013,0.025,-1,Echolocation,/mnt/ubna_data_02_mir/recover-20221013/UBNA_001/20221012_030000.WAV,Telephone Field,recover-20221013,001,1795
1716.2505,1716.2878,68437,81707,Rhinolophus ferrumequinum,0.023,0.023,-1,Echolocation,/mnt/ubna_data_02_mir/recover-20221013/UBNA_001/20221012_030000.WAV,Telephone Field,recover-20221013,001,1795
1716.2555,1716.2657,23750,31306,Nyctalus leisleri,0.009,0.027,-1,Echolocation,/mnt/ubna_data_02_mir/recover-20221013/UBNA_001/20221012_030000.WAV,Telephone Field,recover-20221013,001,1795
1716.2835,1716.2887,40937,58175,Myotis mystacinus,0.008,0.022,-1,Echolocation,/mnt/ubna_data_02_mir/recover-20221013/UBNA_001/20221012_030000.WAV,Telephone Field,recover-20221013,001,1795
1716.2855,1716.3231,68437,82480,Rhinolophus ferrumequinum,0.024,0.024,-1,Echolocation,/mnt/ubna_data_02_mir/recover-20221013/UBNA_001/20221012_030000.WAV,Telephone Field,recover-20221013,001,1795
1716.3015,1716.3397,68437,81876,Rhinolophus ferrumequinum,0.022,0.022,-1,Echolocation,/mnt/ubna_data_02_mir/recover-20221013/UBNA_001/20221012_030000.WAV,Telephone Field,recover-20221013,001,1795
1716.3075,1716.346,68437,81714,Rhinolophus ferrumequinum,0.022,0.022,-1,Echolocation,/mnt/ubna_data_02_mir/recover-20221013/UBNA_001/20221012_030000.WAV,Telephone Field,recover-20221013,001,1795
1716.3185,1716.355,68437,81546,Rhinolophus ferrumequinum,0.022,0.022,-1,Echolocation,/mnt/ubna_data_02_mir/recover-20221013/UBNA_001/20221012_030000.WAV,Telephone Field,recover-20221013,001,1795
1716.3365,1716.3768,68437,82326,Rhinolophus ferrumequinum,0.027,0.027,-1,Echolocation,/mnt/ubna_data_02_mir/recover-20221013/UBNA_001/20221012_030000.WAV,Telephone Field,recover-20221013,001,1795
1716.3365,1716.3448,28906,38307,Eptesicus serotinus,0.009,0.025,-1,Echolocation,/mnt/ubna_data_02_mir/recover-20221013/UBNA_001/20221012_030000.WAV,Telephone Field,recover-20221013,001,1795
1716.3525,1716.3906,68437,82561,Rhinolophus ferrumequinum,0.027,0.027,-1,Echolocation,/mnt/ubna_data_02_mir/recover-20221013/UBNA_001/20221012_030000.WAV,Telephone Field,recover-20221013,001,1795
1716.3685,1716.3768,23750,31776,Plecotus austriacus,0.009,0.024,-1,Echolocation,/mnt/ubna_data_02_mir/recover-20221013/UBNA_001/20221012_030000.WAV,Telephone Field,recover-20221013,001,1795
1716.3995,1716.4407,68437,82650,Rhinolophus ferrumequinum,0.041,0.041,-1,Echolocation,/mnt/ubna_data_02_mir/recover-20221013/UBNA_001/20221012_030000.WAV,Telephone Field,recover-20221013,001,1795
1716.4115,1716.4208,25468,32573,Nyctalus leisleri,0.009,0.027,-1,Echolocation,/mnt/ubna_data_02_mir/recover-20221013/UBNA_001/20221012_030000.WAV,Telephone Field,recover-20221013,001,1795
1716.4225,1716.4339,43515,47946,Pipistrellus pipistrellus,0.024,0.038,-1,Echolocation,/mnt/ubna_data_02_mir/recover-20221013/UBNA_001/20221012_030000.WAV,Telephone Field,recover-20221013,001,1795
1716.4285,1716.4354,30625,43393,Myotis daubentonii,0.012,0.029,-1,Echolocation,/mnt/ubna_data_02_mir/recover-20221013/UBNA_001/20221012_030000.WAV,Telephone Field,recover-20221013,001,1795
1716.4735,1716.5122,68437,81939,Rhinolophus ferrumequinum,0.029,0.029,-1,Echolocation,/mnt/ubna_data_02_mir/recover-20221013/UBNA_001/20221012_030000.WAV,Telephone Field,recover-20221013,001,1795
1716.4865,1716.5237,68437,81903,Rhinolophus ferrumequinum,0.022,0.022,-1,Echolocation,/mnt/ubna_data_02_mir/recover-20221013/UBNA_001/20221012_030000.WAV,Telephone Field,recover-20221013,001,1795
1716.4935,1716.5289,68437,81839,Rhinolophus ferrumequinum,0.023,0.023,-1,Echolocation,/mnt/ubna_data_02_mir/recover-20221013/UBNA_001/20221012_030000.WAV,Telephone Field,recover-20221013,001,1795
1716.5115,1716.5175,25468,38956,Plecotus austriacus,0.011,0.034,-1,Echolocation,/mnt/ubna_data_02_mir/recover-20221013/UBNA_001/20221012_030000.WAV,Telephone Field,recover-20221013,001,1795
1716.5295,1716.57,68437,81972,Rhinolophus ferrumequinum,0.022,0.022,-1,Echolocation,/mnt/ubna_data_02_mir/recover-20221013/UBNA_001/20221012_030000.WAV,Telephone Field,recover-20221013,001,1795
1716.5335,1716.5408,28046,39685,Eptesicus serotinus,0.006,0.024,-1,Echolocation,/mnt/ubna_data_02_mir/recover-20221013/UBNA_001/20221012_030000.WAV,Telephone Field,recover-20221013,001,1795
1716.5635,1716.5717,28046,40854,Eptesicus serotinus,0.009,0.024,-1,Echolocation,/mnt/ubna_data_02_mir/recover-20221013/UBNA_001/20221012_030000.WAV,Telephone Field,recover-20221013,001,1795
1716.5755,1716.5867,23750,29449,Nyctalus leisleri,0.01,0.024,-1,Echolocation,/mnt/ubna_data_02_mir/recover-20221013/UBNA_001/20221012_030000.WAV,Telephone Field,recover-20221013,001,1795
1716.5825,1716.5928,22890,27325,Nyctalus leisleri,0.013,0.024,-1,Echolocation,/mnt/ubna_data_02_mir/recover-20221013/UBNA_001/20221012_030000.WAV,Telephone Field,recover-20221013,001,1795
1716.5915,1716.6307,68437,81946,Rhinolophus ferrumequinum,0.026,0.026,-1,Echolocation,/mnt/ubna_data_02_mir/recover-20221013/UBNA_001/20221012_030000.WAV,Telephone Field,recover-20221013,001,1795
1716.6115,1716.6513,68437,83004,Rhinolophus ferrumequinum,0.053,0.053,-1,Echolocation,/mnt/ubna_data_02_mir/recover-20221013/UBNA_001/20221012_030000.WAV,Telephone Field,recover-20221013,001,1795
1716.6125,1716.6201,23750,32362,Plecotus austriacus,0.01,0.023,-1,Echolocation,/mnt/ubna_data_02_mir/recover-20221013/UBNA_001/20221012_030000.WAV,Telephone Field,recover-20221013,001,1795
1716.6255,1716.6362,23750,29891,Nyctalus leisleri,0.01,0.023,-1,Echolocation,/mnt/ubna_data_02_mir/recover-20221013/UBNA_001/20221012_030000.WAV,Telephone Field,recover-20221013,001,1795
1716.6595,1716.7025,68437,83126,Rhinolophus ferrumequinum,0.027,0.027,-1,Echolocation,/mnt/ubna_data_02_mir/recover-20221013/UBNA_001/20221012_030000.WAV,Telephone Field,recover-20221013,001,1795
1716.6785,1716.6927,22031,25493,Nyctalus leisleri,0.016,0.025,-1,Echolocation,/mnt/ubna_data_02_mir/recover-20221013/UBNA_001/20221012_030000.WAV,Telephone Field,recover-20221013,001,1795
1716.6865,1716.7241,68437,81665,Rhinolophus ferrumequinum,0.023,0.023,-1,Echolocation,/mnt/ubna_data_02_mir/recover-20221013/UBNA_001/20221012_030000.WAV,Telephone Field,recover-20221013,001,1795
1716.6865,1716.697,43515,46948,Pipistrellus pipistrellus,0.022,0.029,-1,Echolocation,/mnt/ubna_data_02_mir/recover-20221013/UBNA_001/20221012_030000.WAV,Telephone Field,recover-20221013,001,1795
1716.7035,1716.7429,68437,82028,Rhinolophus ferrumequinum,0.025,0.025,-1,Echolocation,/mnt/ubna_data_02_mir/recover-20221013/UBNA_001/20221012_030000.WAV,Telephone Field,recover-20221013,001,1795
1716.7105,1716.7194,27187,38621,Eptesicus serotinus,0.011,0.027,-1,Echolocation,/mnt/ubna_data_02_mir/recover-20221013/UBNA_001/20221012_030000.WAV,Telephone Field,recover-20221013,001,1795
1716.7465,1716.7854,68437,82616,Rhinolophus ferrumequinum,0.025,0.025,-1,Echolocation,/mnt/ubna_data_02_mir/recover-20221013/UBNA_001/20221012_030000.WAV,Telephone Field,recover-20221013,001,1795
1716.7675,1716.8086,68437,82211,Rhinolophus ferrumequinum,0.024,0.024,-1,Echolocation,/mnt/ubna_data_02_mir/recover-20221013/UBNA_001/20221012_030000.WAV,Telephone Field,recover-20221013,001,1795
1716.8045,1716.8152,28046,35151,Eptesicus serotinus,0.011,0.025,-1,Echolocation,/mnt/ubna_data_02_mir/recover-20221013/UBNA_001/20221012_030000.WAV,Telephone Field,recover-20221013,001,1795
1716.8195,1716.8562,68437,81848,Rhinolophus ferrumequinum,0.023,0.023,-1,Echolocation,/mnt/ubna_data_02_mir/recover-20221013/UBNA_001/20221012_030000.WAV,Telephone Field,recover-20221013,001,1795
1716.8365,1716.8756,68437,81567,Rhinolophus ferrumequinum,0.028,0.028,-1,Echolocation,/mnt/ubna_data_02_mir/recover-20221013/UBNA_001/20221012_030000.WAV,Telephone Field,recover-20221013,001,1795
1716.8435,1716.8816,68437,81903,Rhinolophus ferrumequinum,0.031,0.031,-1,Echolocation,/mnt/ubna_data_02_mir/recover-20221013/UBNA_001/20221012_030000.WAV,Telephone Field,recover-20221013,001,1795
1716.8475,1716.8584,23750,29064,Nyctalus leisleri,0.013,0.027,-1,Echolocation,/mnt/ubna_data_02_mir/recover-20221013/UBNA_001/20221012_030000.WAV,Telephone Field,recover-20221013,001,1795
1716.8585,1716.8664,28046,38138,Eptesicus serotinus,0.009,0.025,-1,Echolocation,/mnt/ubna_data_02_mir/recover-20221013/UBNA_001/20221012_030000.WAV,Telephone Field,recover-20221013,001,1795
1716.8715,1716.9117,68437,83077,Rhinolophus ferrumequinum,0.024,0.024,-1,Echolocation,/mnt/ubna_data_02_mir/recover-20221013/UBNA_001/20221012_030000.WAV,Telephone Field,recover-20221013,001,1795
1716.8865,1716.8966,22890,28565,Nyctalus leisleri,0.01,0.025,-1,Echolocation,/mnt/ubna_data_02_mir/recover-20221013/UBNA_001/20221012_030000.WAV,Telephone Field,recover-20221013,001,1795
1716.9025,1716.942,68437,82912,Rhinolophus ferrumequinum,0.026,0.026,-1,Echolocation,/mnt/ubna_data_02_mir/recover-20221013/UBNA_001/20221012_030000.WAV,Telephone Field,recover-20221013,001,1795
1716.9345,1716.9678,68437,80620,Rhinolophus ferrumequinum,0.023,0.023,-1,Echolocation,/mnt/ubna_data_02_mir/recover-20221013/UBNA_001/20221012_030000.WAV,Telephone Field,recover-20221013,001,1795
1716.9455,1716.953,50390,57149,Pipistrellus pipistrellus,0.02,0.026,-1,Echolocation,/mnt/ubna_data_02_mir/recover-20221013/UBNA_001/20221012_030000.WAV,Telephone Field,recover-20221013,001,1795
1716.9655,1717.0003,68437,80743,Rhinolophus ferrumequinum,0.024,0.024,-1,Echolocation,/mnt/ubna_data_02_mir/recover-20221013/UBNA_001/20221012_030000.WAV,Telephone Field,recover-20221013,001,1795
1716.9915,1717.0013,27187,35855,Eptesicus serotinus,0.009,0.023,-1,Echolocation,/mnt/ubna_data_02_mir/recover-20221013/UBNA_001/20221012_030000.WAV,Telephone Field,recover-20221013,001,1795
1717.0055,1717.0431,68437,81863,Rhinolophus ferrumequinum,0.023,0.023,-1,Echolocation,/mnt/ubna_data_02_mir/recover-20221013/UBNA_001/20221012_030000.WAV,Telephone Field,recover-20221013,001,1795
1717.0095,1717.0172,28046,38824,Eptesicus serotinus,0.006,0.022,-1,Echolocation,/mnt/ubna_data_02_mir/recover-20221013/UBNA_001/20221012_030000.WAV,Telephone Field,recover-20221013,001,1795
1717.0205,1717.0309,28906,36386,Eptesicus serotinus,0.012,0.027,-1,Echolocation,/mnt/ubna_data_02_mir/recover-20221013/UBNA_001/20221012_030000.WAV,Telephone Field,recover-20221013,001,1795
1717.0945,1717.1024,22890,31154,Plecotus austriacus,0.017,0.031,-1,Echolocation,/mnt/ubna_data_02_mir/recover-20221013/UBNA_001/20221012_030000.WAV,Telephone Field,recover-20221013,001,1795
1717.1205,1717.131,23750,29943,Nyctalus leisleri,0.011,0.029,-1,Echolocation,/mnt/ubna_data_02_mir/recover-20221013/UBNA_001/20221012_030000.WAV,Telephone Field,recover-20221013,001,1795
1717.1285,1717.1657,68437,82424,Rhinolophus ferrumequinum,0.023,0.023,-1,Echolocation,/mnt/ubna_data_02_mir/recover-20221013/UBNA_001/20221012_030000.WAV,Telephone Field,recover-20221013,001,1795
1717.1515,1717.1618,14296,19595,Nyctalus noctula,0.013,0.023,-1,Echolocation,/mnt/ubna_data_02_mir/recover-20221013/UBNA_001/20221012_030000.WAV,Telephone Field,recover-20221013,001,1795
1717.1625,1717.1706,23750,32512,Plecotus austriacus,0.009,0.023,-1,Echolocation,/mnt/ubna_data_02_mir/recover-20221013/UBNA_001/20221012_030000.WAV,Telephone Field,recover-20221013,001,1795
1717.1825,1717.2229,68437,83059,Rhinolophus ferrumequinum,0.029,0.029,-1,Echolocation,/mnt/ubna_data_02_mir/recover-20221013/UBNA_001/20221012_030000.WAV,Telephone Field,recover-20221013,001,1795
1717.1935,1717.2011,28046,39937,Eptesicus serotinus,0.007,0.025,-1,Echolocation,/mnt/ubna_data_02_mir/recover-20221013/UBNA_001/20221012_030000.WAV,Telephone Field,recover-20221013,001,1795
1717.2535,1717.2914,68437,82176,Rhinolophus ferrumequinum,0.047,0.047,-1,Echolocation,/mnt/ubna_data_02_mir/recover-20221013/UBNA_001/20221012_030000.WAV,Telephone Field,recover-20221013,001,1795
1717.2825,1717.3229,68437,82822,Rhinolophus ferrumequinum,0.027,0.027,-1,Echolocation,/mnt/ubna_data_02_mir/recover-20221013/UBNA_001/20221012_030000.WAV,Telephone Field,recover-20221013,001,1795
1717.3045,1717.3468,68437,82739,Rhinolophus ferrumequinum,0.025,0.025,-1,Echolocation,/mnt/ubna_data_02_mir/recover-20221013/UBNA_001/20221012_030000.WAV,Telephone Field,recover-20221013,001,1795
1717.3285,1717.3656,68437,81493,Rhinolophus ferrumequinum,0.023,0.023,-1,Echolocation,/mnt/ubna_data_02_mir/recover-20221013/UBNA_001/20221012_030000.WAV,Telephone Field,recover-20221013,001,1795
1717.3415,1717.351,22890,29106,Nyctalus leisleri,0.007,0.023,-1,Echolocation,/mnt/ubna_data_02_mir/recover-20221013/UBNA_001/20221012_030000.WAV,Telephone Field,recover-20221013,001,1795
1717.3935,1717.429,68437,81341,Rhinolophus ferrumequinum,0.052,0.052,-1,Echolocation,/mnt/ubna_data_02_mir/recover-20221013/UBNA_001/20221012_030000.WAV,Telephone Field,recover-20221013,001,1795
1717.3985,1717.4062,28046,40387,Eptesicus serotinus,0.006,0.022,-1,Echolocation,/mnt/ubna_data_02_mir/recover-20221013/UBNA_001/20221012_030000.WAV,Telephone Field,recover-20221013,001,1795
1717.4165,1717.4519,68437,81195,Rhinolophus ferrumequinum,0.022,0.022,-1,Echolocation,/mnt/ubna_data_02_mir/recover-20221013/UBNA_001/20221012_030000.WAV,Telephone Field,recover-20221013,001,1795
1717.4275,1717.4346,26328,41403,Eptesicus serotinus,0.006,0.023,-1,Echolocation,/mnt/ubna_data_02_mir/recover-20221013/UBNA_001/20221012_030000.WAV,Telephone Field,recover-20221013,001,1795
1717.4875,1717.5257,68437,81525,Rhinolophus ferrumequinum,0.023,0.023,-1,Echolocation,/mnt/ubna_data_02_mir/recover-20221013/UBNA_001/20221012_030000.WAV,Telephone Field,recover-20221013,001,1795
1717.4905,1717.4967,25468,42808,Plecotus austriacus,0.009,0.036,-1,Echolocation,/mnt/ubna_data_02_mir/recover-20221013/UBNA_001/20221012_030000.WAV,Telephone Field,recover-20221013,001,1795
1717.5055,1717.5165,23750,29179,Nyctalus leisleri,0.011,0.025,-1,Echolocation,/mnt/ubna_data_02_mir/recover-20221013/UBNA_001/20221012_030000.WAV,Telephone Field,recover-20221013,001,1795
1717.5185,1717.5556,68437,81305,Rhinolophus ferrumequinum,0.023,0.023,-1,Echolocation,/mnt/ubna_data_02_mir/recover-20221013/UBNA_001/20221012_030000.WAV,Telephone Field,recover-20221013,001,1795
1717.5395,1717.5757,68437,81756,Rhinolophus ferrumequinum,0.023,0.023,-1,Echolocation,/mnt/ubna_data_02_mir/recover-20221013/UBNA_001/20221012_030000.WAV,Telephone Field,recover-20221013,001,1795
1717.5645,1717.6027,68437,82050,Rhinolophus ferrumequinum,0.025,0.026,-1,Echolocation,/mnt/ubna_data_02_mir/recover-20221013/UBNA_001/20221012_030000.WAV,Telephone Field,recover-20221013,001,1795
1717.6125,1717.6282,22031,26198,Nyctalus leisleri,0.015,0.029,-1,Echolocation,/mnt/ubna_data_02_mir/recover-20221013/UBNA_001/20221012_030000.WAV,Telephone Field,recover-20221013,001,1795
1717.6205,1717.6269,24609,36204,Plecotus austriacus,0.012,0.031,-1,Echolocation,/mnt/ubna_data_02_mir/recover-20221013/UBNA_001/20221012_030000.WAV,Telephone Field,recover-20221013,001,1795
1717.6615,1717.7004,68437,82442,Rhinolophus ferrumequinum,0.026,0.027,-1,Echolocation,/mnt/ubna_data_02_mir/recover-20221013/UBNA_001/20221012_030000.WAV,Telephone Field,recover-20221013,001,1795
1717.6725,1717.7114,68437,82539,Rhinolophus ferrumequinum,0.024,0.024,-1,Echolocation,/mnt/ubna_data_02_mir/recover-20221013/UBNA_001/20221012_030000.WAV,Telephone Field,recover-20221013,001,1795
1717.6875,1717.7242,68437,81835,Rhinolophus ferrumequinum,0.025,0.025,-1,Echolocation,/mnt/ubna_data_02_mir/recover-20221013/UBNA_001/20221012_030000.WAV,Telephone Field,recover-20221013,001,1795
1717.6925,1717.6994,25468,39781,Myotis nattereri,0.006,0.025,-1,Echolocation,/mnt/ubna_data_02_mir/recover-20221013/UBNA_001/20221012_030000.WAV,Telephone Field,recover-20221013,001,1795
1717.7305,1717.77,68437,82495,Rhinolophus ferrumequinum,0.023,0.023,-1,Echolocation,/mnt/ubna_data_02_mir/recover-20221013/UBNA_001/20221012_030000.WAV,Telephone Field,recover-20221013,001,1795
1717.7355,1717.747,34921,39690,Pipistrellus nathusii,0.007,0.029,-1,Echolocation,/mnt/ubna_data_02_mir/recover-20221013/UBNA_001/20221012_030000.WAV,Telephone Field,recover-20221013,001,1795
1717.7385,1717.747,28046,36828,Eptesicus serotinus,0.009,0.027,-1,Echolocation,/mnt/ubna_data_02_mir/recover-20221013/UBNA_001/20221012_030000.WAV,Telephone Field,recover-20221013,001,1795
1717.7525,1717.7928,68437,81895,Rhinolophus ferrumequinum,0.024,0.024,-1,Echolocation,/mnt/ubna_data_02_mir/recover-20221013/UBNA_001/20221012_030000.WAV,Telephone Field,recover-20221013,001,1795
1717.7805,1717.8186,68437,82928,Rhinolophus ferrumequinum,0.03,0.03,-1,Echolocation,/mnt/ubna_data_02_mir/recover-20221013/UBNA_001/20221012_030000.WAV,Telephone Field,recover-20221013,001,1795
1717.7945,1717.833,68437,81935,Rhinolophus ferrumequinum,0.026,0.026,-1,Echolocation,/mnt/ubna_data_02_mir/recover-20221013/UBNA_001/20221012_030000.WAV,Telephone Field,recover-20221013,001,1795
1717.8575,1717.898,68437,82309,Rhinolophus ferrumequinum,0.025,0.025,-1,Echolocation,/mnt/ubna_data_02_mir/recover-20221013/UBNA_001/20221012_030000.WAV,Telephone Field,recover-20221013,001,1795
1717.8695,1717.8776,23750,31545,Plecotus austriacus,0.008,0.022,-1,Echolocation,/mnt/ubna_data_02_mir/recover-20221013/UBNA_001/20221012_030000.WAV,Telephone Field,recover-20221013,001,1795
1717.8805,1717.8919,44375,49593,Pipistrellus pipistrellus,0.022,0.031,-1,Echolocation,/mnt/ubna_data_02_mir/recover-20221013/UBNA_001/20221012_030000.WAV,Telephone Field,recover-20221013,001,1795
1717.9275,1717.9377,27187,35038,Eptesicus serotinus,0.013,0.027,-1,Echolocation,/mnt/ubna_data_02_mir/recover-20221013/UBNA_001/20221012_030000.WAV,Telephone Field,recover-20221013,001,1795
1717.9365,1717.9497,54687,58430,Pipistrellus pygmaeus,0.047,0.052,-1,Echolocation,/mnt/ubna_data_02_mir/recover-20221013/UBNA_001/20221012_030000.WAV,Telephone Field,recover-20221013,001,1795
1717.9455,1717.987,68437,82718,Rhinolophus ferrumequinum,0.023,0.023,-1,Echolocation,/mnt/ubna_data_02_mir/recover-20221013/UBNA_001/20221012_030000.WAV,Telephone Field,recover-20221013,001,1795
1718.0015,1718.0131,20312,25134,Nyctalus leisleri,0.012,0.027,-1,Echolocation,/mnt/ubna_data_02_mir/recover-20221013/UBNA_001/20221012_030000.WAV,Telephone Field,recover-20221013,001,1795
1718.0015,1718.0326,68437,79588,Rhinolophus ferrumequinum,0.023,0.024,-1,Echolocation,/mnt/ubna_data_02_mir/recover-20221013/UBNA_001/20221012_030000.WAV,Telephone Field,recover-20221013,001,1795
1718.0105,1718.0541,68437,81741,Rhinolophus ferrumequinum,0.028,0.028,-1,Echolocation,/mnt/ubna_data_02_mir/recover-20221013/UBNA_001/20221012_030000.WAV,Telephone Field,recover-20221013,001,1795
1718.0125,1718.0221,23750,30283,Nyctalus leisleri,0.007,0.022,-1,Echolocation,/mnt/ubna_data_02_mir/recover-20221013/UBNA_001/20221012_030000.WAV,Telephone Field,recover-20221013,001,1795
1718.0595,1718.0669,34062,43645,Myotis daubentonii,0.008,0.021,-1,Echolocation,/mnt/ubna_data_02_mir/recover-20221013/UBNA_001/20221012_030000.WAV,Telephone Field,recover-20221013,001,1795
1718.0795,1718.1157,68437,81628,Rhinolophus ferrumequinum,0.021,0.021,-1,Echolocation,/mnt/ubna_data_02_mir/recover-20221013/UBNA_001/20221012_030000.WAV,Telephone Field,recover-20221013,001,1795
1718.0885,1718.1284,68437,82061,Rhinolophus ferrumequinum,0.021,0.021,-1,Echolocation,/mnt/ubna_data_02_mir/recover-20221013/UBNA_001/20221012_030000.WAV,Telephone Field,recover-20221013,001,1795
1718.1215,1718.1595,68437,81558,Rhinolophus ferrumequinum,0.02,0.02,-1,Echolocation,/mnt/ubna_data_02_mir/recover-20221013/UBNA_001/20221012_030000.WAV,Telephone Field,recover-20221013,001,1795
1718.1335,1718.1715,68437,82205,Rhinolophus ferrumequinum,0.023,0.023,-1,Echolocation,/mnt/ubna_data_02_mir/recover-20221013/UBNA_001/20221012_030000.WAV,Telephone Field,recover-20221013,001,1795
1718.1525,1718.1927,68437,82745,Rhinolophus ferrumequinum,0.022,0.022,-1,Echolocation,/mnt/ubna_data_02_mir/recover-20221013/UBNA_001/20221012_030000.WAV,Telephone Field,recover-20221013,001,1795
1718.1585,1718.1704,22890,27604,Nyctalus leisleri,0.013,0.024,-1,Echolocation,/mnt/ubna_data_02_mir/recover-20221013/UBNA_001/20221012_030000.WAV,Telephone Field,recover-20221013,001,1795
1718.2015,1718.2092,27187,39291,Eptesicus serotinus,0.006,0.025,-1,Echolocation,/mnt/ubna_data_02_mir/recover-20221013/UBNA_001/20221012_030000.WAV,Telephone Field,recover-20221013,001,1795
1718.2275,1718.236,26328,35628,Eptesicus serotinus,0.008,0.024,-1,Echolocation,/mnt/ubna_data_02_mir/recover-20221013/UBNA_001/20221012_030000.WAV,Telephone Field,recover-20221013,001,1795
1718.2435,1718.2845,68437,82014,Rhinolophus ferrumequinum,0.023,0.023,-1,Echolocation,/mnt/ubna_data_02_mir/recover-20221013/UBNA_001/20221012_030000.WAV,Telephone Field,recover-20221013,001,1795
1718.2595,1718.2698,23750,29640,Nyctalus leisleri,0.01,0.023,-1,Echolocation,/mnt/ubna_data_02_mir/recover-20221013/UBNA_001/20221012_030000.WAV,Telephone Field,recover-20221013,001,1795
1718.3285,1718.367,68437,81630,Rhinolophus ferrumequinum,0.02,0.021,-1,Echolocation,/mnt/ubna_data_02_mir/recover-20221013/UBNA_001/20221012_030000.WAV,Telephone Field,recover-20221013,001,1795
1718.3985,1718.4119,28046,33277,Eptesicus serotinus,0.051,0.094,-1,Echolocation,/mnt/ubna_data_02_mir/recover-20221013/UBNA_001/20221012_030000.WAV,Telephone Field,recover-20221013,001,1795
1718.4215,1718.4629,68437,82354,Rhinolophus ferrumequinum,0.021,0.021,-1,Echolocation,/mnt/ubna_data_02_mir/recover-20221013/UBNA_001/20221012_030000.WAV,Telephone Field,recover-20221013,001,1795
1718.4265,1718.4678,68437,82862,Rhinolophus ferrumequinum,0.022,0.022,-1,Echolocation,/mnt/ubna_data_02_mir/recover-20221013/UBNA_001/20221012_030000.WAV,Telephone Field,recover-20221013,001,1795
1718.4525,1718.4899,68437,82010,Rhinolophus ferrumequinum,0.021,0.021,-1,Echolocation,/mnt/ubna_data_02_mir/recover-20221013/UBNA_001/20221012_030000.WAV,Telephone Field,recover-20221013,001,1795
1718.4535,1718.4615,28906,37880,Eptesicus serotinus,0.006,0.021,-1,Echolocation,/mnt/ubna_data_02_mir/recover-20221013/UBNA_001/20221012_030000.WAV,Telephone Field,recover-20221013,001,1795
1718.5395,1718.5497,26328,34499,Eptesicus serotinus,0.014,0.028,-1,Echolocation,/mnt/ubna_data_02_mir/recover-20221013/UBNA_001/20221012_030000.WAV,Telephone Field,recover-20221013,001,1795
1718.5615,1718.5681,27187,39061,Eptesicus serotinus,0.006,0.023,-1,Echolocation,/mnt/ubna_data_02_mir/recover-20221013/UBNA_001/20221012_030000.WAV,Telephone Field,recover-20221013,001,1795
1718.5685,1718.607,68437,82286,Rhinolophus ferrumequinum,0.022,0.022,-1,Echolocation,/mnt/ubna_data_02_mir/recover-20221013/UBNA_001/20221012_030000.WAV,Telephone Field,recover-20221013,001,1795
1718.5945,1718.6335,68437,81178,Rhinolophus ferrumequinum,0.022,0.023,-1,Echolocation,/mnt/ubna_data_02_mir/recover-20221013/UBNA_001/20221012_030000.WAV,Telephone Field,recover-20221013,001,1795
1718.6255,1718.6328,45234,55989,Pipistrellus pipistrellus,0.011,0.02,-1,Echolocation,/mnt/ubna_data_02_mir/recover-20221013/UBNA_001/20221012_030000.WAV,Telephone Field,recover-20221013,001,1795
1718.6925,1718.7332,68437,82778,Rhinolophus ferrumequinum,0.024,0.024,-1,Echolocation,/mnt/ubna_data_02_mir/recover-20221013/UBNA_001/20221012_030000.WAV,Telephone Field,recover-20221013,001,1795
1718.8055,1718.8131,23750,31604,Plecotus austriacus,0.009,0.021,-1,Echolocation,/mnt/ubna_data_02_mir/recover-20221013/UBNA_001/20221012_030000.WAV,Telephone Field,recover-20221013,001,1795
1718.8575,1718.8996,68437,82568,Rhinolophus ferrumequinum,0.024,0.024,-1,Echolocation,/mnt/ubna_data_02_mir/recover-20221013/UBNA_001/20221012_030000.WAV,Telephone Field,recover-20221013,001,1795
1718.8705,1718.8805,46953,50920,Pipistrellus pipistrellus,0.021,0.023,-1,Echolocation,/mnt/ubna_data_02_mir/recover-20221013/UBNA_001/20221012_030000.WAV,Telephone Field,recover-20221013,001,1795
1718.9215,1718.9608,68437,82630,Rhinolophus ferrumequinum,0.021,0.021,-1,Echolocation,/mnt/ubna_data_02_mir/recover-20221013/UBNA_001/20221012_030000.WAV,Telephone Field,recover-20221013,001,1795
1718.9215,1718.9325,23750,28692,Nyctalus leisleri,0.01,0.02,-1,Echolocation,/mnt/ubna_data_02_mir/recover-20221013/UBNA_001/20221012_030000.WAV,Telephone Field,recover-20221013,001,1795
1718.9455,1718.9839,68437,82513,Rhinolophus ferrumequinum,0.024,0.024,-1,Echolocation,/mnt/ubna_data_02_mir/recover-20221013/UBNA_001/20221012_030000.WAV,Telephone Field,recover-20221013,001,1795
1718.9505,1718.9587,28046,39714,Eptesicus serotinus,0.008,0.022,-1,Echolocation,/mnt/ubna_data_02_mir/recover-20221013/UBNA_001/20221012_030000.WAV,Telephone Field,recover-20221013,001,1795
1718.9625,1719.0021,68437,82468,Rhinolophus ferrumequinum,0.022,0.022,-1,Echolocation,/mnt/ubna_data_02_mir/recover-20221013/UBNA_001/20221012_030000.WAV,Telephone Field,recover-20221013,001,1795
1719.0155,1719.0529,68437,81445,Rhinolophus ferrumequinum,0.021,0.021,-1,Echolocation,/mnt/ubna_data_02_mir/recover-20221013/UBNA_001/20221012_030000.WAV,Telephone Field,recover-20221013,001,1795
1719.0235,1719.0604,68437,81630,Rhinolophus ferrumequinum,0.021,0.021,-1,Echolocation,/mnt/ubna_data_02_mir/recover-20221013/UBNA_001/20221012_030000.WAV,Telephone Field,recover-20221013,001,1795
1719.0715,1719.1087,68437,81145,Rhinolophus ferrumequinum,0.021,0.021,-1,Echolocation,/mnt/ubna_data_02_mir/recover-20221013/UBNA_001/20221012_030000.WAV,Telephone Field,recover-20221013,001,1795
1719.1095,1719.1196,28906,36237,Eptesicus serotinus,0.01,0.022,-1,Echolocation,/mnt/ubna_data_02_mir/recover-20221013/UBNA_001/20221012_030000.WAV,Telephone Field,recover-20221013,001,1795
1719.1125,1719.1513,68437,82324,Rhinolophus ferrumequinum,0.022,0.022,-1,Echolocation,/mnt/ubna_data_02_mir/recover-20221013/UBNA_001/20221012_030000.WAV,Telephone Field,recover-20221013,001,1795
1719.1675,1719.2056,68437,81817,Rhinolophus ferrumequinum,0.023,0.023,-1,Echolocation,/mnt/ubna_data_02_mir/recover-20221013/UBNA_001/20221012_030000.WAV,Telephone Field,recover-20221013,001,1795
1719.1855,1719.1965,24609,30522,Nyctalus leisleri,0.009,0.024,-1,Echolocation,/mnt/ubna_data_02_mir/recover-20221013/UBNA_001/20221012_030000.WAV,Telephone Field,recover-20221013,001,1795
1719.1865,1719.2244,68437,81842,Rhinolophus ferrumequinum,0.022,0.022,-1,Echolocation,/mnt/ubna_data_02_mir/recover-20221013/UBNA_001/20221012_030000.WAV,Telephone Field,recover-20221013,001,1795
1719.1935,1719.2311,68437,82124,Rhinolophus ferrumequinum,0.021,0.021,-1,Echolocation,/mnt/ubna_data_02_mir/recover-20221013/UBNA_001/20221012_030000.WAV,Telephone Field,recover-20221013,001,1795
1719.2105,1719.2189,23750,31064,Plecotus austriacus,0.006,0.021,-1,Echolocation,/mnt/ubna_data_02_mir/recover-20221013/UBNA_001/20221012_030000.WAV,Telephone Field,recover-20221013,001,1795
1719.2275,1719.2324,36640,57125,Myotis brandtii,0.006,0.021,-1,Echolocation,/mnt/ubna_data_02_mir/recover-20221013/UBNA_001/20221012_030000.WAV,Telephone Field,recover-20221013,001,1795
1719.2295,1719.2365,28046,42142,Eptesicus serotinus,0.006,0.02,-1,Echolocation,/mnt/ubna_data_02_mir/recover-20221013/UBNA_001/20221012_030000.WAV,Telephone Field,recover-20221013,001,1795
1719.2835,1719.3227,68437,81944,Rhinolophus ferrumequinum,0.023,0.023,-1,Echolocation,/mnt/ubna_data_02_mir/recover-20221013/UBNA_001/20221012_030000.WAV,Telephone Field,recover-20221013,001,1795
1719.2835,1719.2962,26328,31823,Eptesicus serotinus,0.01,0.022,-1,Echolocation,/mnt/ubna_data_02_mir/recover-20221013/UBNA_001/20221012_030000.WAV,Telephone Field,recover-20221013,001,1795
1719.2915,1719.3325,68437,82473,Rhinolophus ferrumequinum,0.026,0.026,-1,Echolocation,/mnt/ubna_data_02_mir/recover-20221013/UBNA_001/20221012_030000.WAV,Telephone Field,recover-20221013,001,1795
1719.2925,1719.3027,24609,31262,Nyctalus leisleri,0.008,0.022,-1,Echolocation,/mnt/ubna_data_02_mir/recover-20221013/UBNA_001/20221012_030000.WAV,Telephone Field,recover-20221013,001,1795
1719.3045,1719.3157,28906,34309,Eptesicus serotinus,0.013,0.027,-1,Echolocation,/mnt/ubna_data_02_mir/recover-20221013/UBNA_001/20221012_030000.WAV,Telephone Field,recover-20221013,001,1795
1719.3345,1719.3436,23750,30303,Nyctalus leisleri,0.008,0.02,-1,Echolocation,/mnt/ubna_data_02_mir/recover-20221013/UBNA_001/20221012_030000.WAV,Telephone Field,recover-20221013,001,1795
1719.3435,1719.3801,68437,80920,Rhinolophus ferrumequinum,0.027,0.027,-1,Echolocation,/mnt/ubna_data_02_mir/recover-20221013/UBNA_001/20221012_030000.WAV,Telephone Field,recover-20221013,001,1795
1719.3685,1719.4056,68437,81253,Rhinolophus ferrumequinum,0.023,0.023,-1,Echolocation,/mnt/ubna_data_02_mir/recover-20221013/UBNA_001/20221012_030000.WAV,Telephone Field,recover-20221013,001,1795
1719.4055,1719.4118,32343,47000,Myotis daubentonii,0.008,0.021,-1,Echolocation,/mnt/ubna_data_02_mir/recover-20221013/UBNA_001/20221012_030000.WAV,Telephone Field,recover-20221013,001,1795
1719.4225,1719.431,27187,37830,Eptesicus serotinus,0.008,0.021,-1,Echolocation,/mnt/ubna_data_02_mir/recover-20221013/UBNA_001/20221012_030000.WAV,Telephone Field,recover-20221013,001,1795
1719.4875,1719.5294,68437,81934,Rhinolophus ferrumequinum,0.025,0.025,-1,Echolocation,/mnt/ubna_data_02_mir/recover-20221013/UBNA_001/20221012_030000.WAV,Telephone Field,recover-20221013,001,1795
1719.5005,1719.5055,37500,50022,Myotis daubentonii,0.013,0.037,-1,Echolocation,/mnt/ubna_data_02_mir/recover-20221013/UBNA_001/20221012_030000.WAV,Telephone Field,recover-20221013,001,1795
1719.5395,1719.5803,68437,82440,Rhinolophus ferrumequinum,0.024,0.024,-1,Echolocation,/mnt/ubna_data_02_mir/recover-20221013/UBNA_001/20221012_030000.WAV,Telephone Field,recover-20221013,001,1795
1719.5485,1719.589,68437,83069,Rhinolophus ferrumequinum,0.028,0.028,-1,Echolocation,/mnt/ubna_data_02_mir/recover-20221013/UBNA_001/20221012_030000.WAV,Telephone Field,recover-20221013,001,1795
1719.5945,1719.6052,28046,35083,Eptesicus serotinus,0.017,0.032,-1,Echolocation,/mnt/ubna_data_02_mir/recover-20221013/UBNA_001/20221012_030000.WAV,Telephone Field,recover-20221013,001,1795
1719.6165,1719.6586,68437,83138,Rhinolophus ferrumequinum,0.029,0.029,-1,Echolocation,/mnt/ubna_data_02_mir/recover-20221013/UBNA_001/20221012_030000.WAV,Telephone Field,recover-20221013,001,1795
1719.6475,1719.6855,68437,81201,Rhinolophus ferrumequinum,0.023,0.023,-1,Echolocation,/mnt/ubna_data_02_mir/recover-20221013/UBNA_001/20221012_030000.WAV,Telephone Field,recover-20221013,001,1795
1719.6665,1719.6738,28906,39548,Eptesicus serotinus,0.006,0.022,-1,Echolocation,/mnt/ubna_data_02_mir/recover-20221013/UBNA_001/20221012_030000.WAV,Telephone Field,recover-20221013,001,1795
1719.6955,1719.7339,68437,81599,Rhinolophus ferrumequinum,0.021,0.021,-1,Echolocation,/mnt/ubna_data_02_mir/recover-20221013/UBNA_001/20221012_030000.WAV,Telephone Field,recover-20221013,001,1795
1719.7115,1719.7485,68437,81937,Rhinolophus ferrumequinum,0.024,0.024,-1,Echolocation,/mnt/ubna_data_02_mir/recover-20221013/UBNA_001/20221012_030000.WAV,Telephone Field,recover-20221013,001,1795
1719.7215,1719.7317,42656,51559,Pipistrellus pipistrellus,0.017,0.028,-1,Echolocation,/mnt/ubna_data_02_mir/recover-20221013/UBNA_001/20221012_030000.WAV,Telephone Field,recover-20221013,001,1795
1719.7485,1719.7874,68437,82301,Rhinolophus ferrumequinum,0.022,0.022,-1,Echolocation,/mnt/ubna_data_02_mir/recover-20221013/UBNA_001/20221012_030000.WAV,Telephone Field,recover-20221013,001,1795
1719.7615,1719.7981,68437,82004,Rhinolophus ferrumequinum,0.022,0.022,-1,Echolocation,/mnt/ubna_data_02_mir/recover-20221013/UBNA_001/20221012_030000.WAV,Telephone Field,recover-20221013,001,1795
1719.7845,1719.7959,24609,31155,Nyctalus leisleri,0.015,0.038,-1,Echolocation,/mnt/ubna_data_02_mir/recover-20221013/UBNA_001/20221012_030000.WAV,Telephone Field,recover-20221013,001,1795
1719.8205,1719.8283,28046,37587,Eptesicus serotinus,0.007,0.021,-1,Echolocation,/mnt/ubna_data_02_mir/recover-20221013/UBNA_001/20221012_030000.WAV,Telephone Field,recover-20221013,001,1795
1719.8595,1719.8989,68437,81992,Rhinolophus ferrumequinum,0.023,0.023,-1,Echolocation,/mnt/ubna_data_02_mir/recover-20221013/UBNA_001/20221012_030000.WAV,Telephone Field,recover-20221013,001,1795
1719.8715,1719.9141,68437,82791,Rhinolophus ferrumequinum,0.027,0.027,-1,Echolocation,/mnt/ubna_data_02_mir/recover-20221013/UBNA_001/20221012_030000.WAV,Telephone Field,recover-20221013,001,1795
1719.8785,1719.8849,23750,34313,Plecotus austriacus,0.017,0.034,-1,Echolocation,/mnt/ubna_data_02_mir/recover-20221013/UBNA_001/20221012_030000.WAV,Telephone Field,recover-20221013,001,1795
1719.8975,1719.9379,68437,82108,Rhinolophus ferrumequinum,0.022,0.022,-1,Echolocation,/mnt/ubna_data_02_mir/recover-20221013/UBNA_001/20221012_030000.WAV,Telephone Field,recover-20221013,001,1795
1719.9435,1719.9824,68437,81904,Rhinolophus ferrumequinum,0.023,0.023,-1,Echolocation,/mnt/ubna_data_02_mir/recover-20221013/UBNA_001/20221012_030000.WAV,Telephone Field,recover-20221013,001,1795
1719.9485,1719.9879,68437,82137,Rhinolophus ferrumequinum,0.022,0.022,-1,Echolocation,/mnt/ubna_data_02_mir/recover-20221013/UBNA_001/20221012_030000.WAV,Telephone Field,recover-20221013,001,1795
1719.9585,1719.9677,26328,34887,Eptesicus serotinus,0.01,0.025,-1,Echolocation,/mnt/ubna_data_02_mir/recover-20221013/UBNA_001/20221012_030000.WAV,Telephone Field,recover-20221013,001,1795
1719.9885,1719.9986,26328,36922,Eptesicus serotinus,0.009,0.024,-1,Echolocation,/mnt/ubna_data_02_mir/recover-20221013/UBNA_001/20221012_030000.WAV,Telephone Field,recover-20221013,001,1795
1720.0015,1720.0346,68437,80042,Rhinolophus ferrumequinum,0.024,0.025,-1,Echolocation,/mnt/ubna_data_02_mir/recover-20221013/UBNA_001/20221012_030000.WAV,Telephone Field,recover-20221013,001,1795
1720.0015,1720.0108,47812,52427,Pipistrellus pipistrellus,0.018,0.023,-1,Echolocation,/mnt/ubna_data_02_mir/recover-20221013/UBNA_001/20221012_030000.WAV,Telephone Field,recover-20221013,001,1795
1720.0045,1720.0122,27187,45114,Eptesicus serotinus,0.008,0.025,-1,Echolocation,/mnt/ubna_data_02_mir/recover-20221013/UBNA_001/20221012_030000.WAV,Telephone Field,recover-20221013,001,1795
1720.0095,1720.052,68437,82174,Rhinolophus ferrumequinum,0.021,0.021,-1,Echolocation,/mnt/ubna_data_02_mir/recover-20221013/UBNA_001/20221012_030000.WAV,Telephone Field,recover-20221013,001,1795
1720.0285,1720.069,68437,82674,Rhinolophus ferrumequinum,0.025,0.025,-1,Echolocation,/mnt/ubna_data_02_mir/recover-20221013/UBNA_001/20221012_030000.WAV,Telephone Field,recover-20221013,001,1795
1720.0305,1720.0396,26328,34541,Eptesicus serotinus,0.008,0.024,-1,Echolocation,/mnt/ubna_data_02_mir/recover-20221013/UBNA_001/20221012_030000.WAV,Telephone Field,recover-20221013,001,1795
1720.0555,1720.0921,68437,81112,Rhinolophus ferrumequinum,0.025,0.025,-1,Echolocation,/mnt/ubna_data_02_mir/recover-20221013/UBNA_001/20221012_030000.WAV,Telephone Field,recover-20221013,001,1795
1720.1165,1720.126,46093,50922,Pipistrellus pipistrellus,0.028,0.031,-1,Echolocation,/mnt/ubna_data_02_mir/recover-20221013/UBNA_001/20221012_030000.WAV,Telephone Field,recover-20221013,001,1795
1720.1385,1720.1824,68437,82467,Rhinolophus ferrumequinum,0.026,0.026,-1,Echolocation,/mnt/ubna_data_02_mir/recover-20221013/UBNA_001/20221012_030000.WAV,Telephone Field,recover-20221013,001,1795
1720.1425,1720.1519,29765,40442,Eptesicus serotinus,0.01,0.028,-1,Echolocation,/mnt/ubna_data_02_mir/recover-20221013/UBNA_001/20221012_030000.WAV,Telephone Field,recover-20221013,001,1795
1720.1855,1720.2194,68437,80882,Rhinolophus ferrumequinum,0.021,0.021,-1,Echolocation,/mnt/ubna_data_02_mir/recover-20221013/UBNA_001/20221012_030000.WAV,Telephone Field,recover-20221013,001,1795
1720.1915,1720.2032,23750,30234,Nyctalus leisleri,0.01,0.025,-1,Echolocation,/mnt/ubna_data_02_mir/recover-20221013/UBNA_001/20221012_030000.WAV,Telephone Field,recover-20221013,001,1795
1720.1925,1720.2293,68437,81557,Rhinolophus ferrumequinum,0.022,0.022,-1,Echolocation,/mnt/ubna_data_02_mir/recover-20221013/UBNA_001/20221012_030000.WAV,Telephone Field,recover-20221013,001,1795
1720.1995,1720.2105999999999,24609,30835,Nyctalus leisleri,0.011,0.028,-1,Echolocation,/mnt/ubna_data_02_mir/recover-20221013/UBNA_001/20221012_030000.WAV,Telephone Field,recover-20221013,001,1795
1720.2115,1720.2516,68437,82029,Rhinolophus ferrumequinum,0.023,0.023,-1,Echolocation,/mnt/ubna_data_02_mir/recover-20221013/UBNA_001/20221012_030000.WAV,Telephone Field,recover-20221013,001,1795
1720.2225,1720.2596,68437,80848,Rhinolophus ferrumequinum,0.021,0.021,-1,Echolocation,/mnt/ubna_data_02_mir/recover-20221013/UBNA_001/20221012_030000.WAV,Telephone Field,recover-20221013,001,1795
1720.2815,1720.3272,68437,83849,Rhinolophus ferrumequinum,0.039,0.039,-1,Echolocation,/mnt/ubna_data_02_mir/recover-20221013/UBNA_001/20221012_030000.WAV,Telephone Field,recover-20221013,001,1795
1720.2955,1720.3054,22031,27127,Nyctalus leisleri,0.011,0.023,-1,Echolocation,/mnt/ubna_data_02_mir/recover-20221013/UBNA_001/20221012_030000.WAV,Telephone Field,recover-20221013,001,1795
1720.3155,1720.3219,25468,39365,Myotis nattereri,0.006,0.023,-1,Echolocation,/mnt/ubna_data_02_mir/recover-20221013/UBNA_001/20221012_030000.WAV,Telephone Field,recover-20221013,001,1795
1720.3525,1720.3924,68437,82214,Rhinolophus ferrumequinum,0.022,0.022,-1,Echolocation,/mnt/ubna_data_02_mir/recover-20221013/UBNA_001/20221012_030000.WAV,Telephone Field,recover-20221013,001,1795
1720.3725,1720.4101,68437,81914,Rhinolophus ferrumequinum,0.024,0.024,-1,Echolocation,/mnt/ubna_data_02_mir/recover-20221013/UBNA_001/20221012_030000.WAV,Telephone Field,recover-20221013,001,1795
1720.3865,1720.4235,68437,82133,Rhinolophus ferrumequinum,0.022,0.022,-1,Echolocation,/mnt/ubna_data_02_mir/recover-20221013/UBNA_001/20221012_030000.WAV,Telephone Field,recover-20221013,001,1795
1720.3955,1720.4336,68437,81512,Rhinolophus ferrumequinum,0.022,0.022,-1,Echolocation,/mnt/ubna_data_02_mir/recover-20221013/UBNA_001/20221012_030000.WAV,Telephone Field,recover-20221013,001,1795
1720.3985,1720.4097,22031,26469,Nyctalus leisleri,0.011,0.022,-1,Echolocation,/mnt/ubna_data_02_mir/recover-20221013/UBNA_001/20221012_030000.WAV,Telephone Field,recover-20221013,001,1795
1720.4195,1720.4563,68437,81370,Rhinolophus ferrumequinum,0.022,0.022,-1,Echolocation,/mnt/ubna_data_02_mir/recover-20221013/UBNA_001/20221012_030000.WAV,Telephone Field,recover-20221013,001,1795
1720.4195,1720.4298,22031,27602,Nyctalus leisleri,0.01,0.027,-1,Echolocation,/mnt/ubna_data_02_mir/recover-20221013/UBNA_001/20221012_030000.WAV,Telephone Field,recover-20221013,001,1795
1720.4395,1720.4485,32343,43602,Myotis daubentonii,0.01,0.026,-1,Echolocation,/mnt/ubna_data_02_mir/recover-20221013/UBNA_001/20221012_030000.WAV,Telephone Field,recover-20221013,001,1795
1720.4765,1720.5159,68437,81979,Rhinolophus ferrumequinum,0.033,0.033,-1,Echolocation,/mnt/ubna_data_02_mir/recover-20221013/UBNA_001/20221012_030000.WAV,Telephone Field,recover-20221013,001,1795
1720.4845,1720.496,28046,35591,Eptesicus serotinus,0.013,0.027,-1,Echolocation,/mnt/ubna_data_02_mir/recover-20221013/UBNA_001/20221012_030000.WAV,Telephone Field,recover-20221013,001,1795
1720.4855,1720.5299,68437,83390,Rhinolophus ferrumequinum,0.032,0.032,-1,Echolocation,/mnt/ubna_data_02_mir/recover-20221013/UBNA_001/20221012_030000.WAV,Telephone Field,recover-20221013,001,1795
1720.5035,1720.5405,68437,81445,Rhinolophus ferrumequinum,0.024,0.024,-1,Echolocation,/mnt/ubna_data_02_mir/recover-20221013/UBNA_001/20221012_030000.WAV,Telephone Field,recover-20221013,001,1795
1720.5305,1720.539,23750,31880,Plecotus austriacus,0.008,0.024,-1,Echolocation,/mnt/ubna_data_02_mir/recover-20221013/UBNA_001/20221012_030000.WAV,Telephone Field,recover-20221013,001,1795
1720.5475,1720.5858,68437,82246,Rhinolophus ferrumequinum,0.024,0.024,-1,Echolocation,/mnt/ubna_data_02_mir/recover-20221013/UBNA_001/20221012_030000.WAV,Telephone Field,recover-20221013,001,1795
1720.5825,1720.592,28906,37666,Eptesicus serotinus,0.008,0.021,-1,Echolocation,/mnt/ubna_data_02_mir/recover-20221013/UBNA_001/20221012_030000.WAV,Telephone Field,recover-20221013,001,1795
1720.5875,1720.6325,68437,83037,Rhinolophus ferrumequinum,0.032,0.032,-1,Echolocation,/mnt/ubna_data_02_mir/recover-20221013/UBNA_001/20221012_030000.WAV,Telephone Field,recover-20221013,001,1795
1720.5915,1720.6016,22890,28085,Nyctalus leisleri,0.01,0.022,-1,Echolocation,/mnt/ubna_data_02_mir/recover-20221013/UBNA_001/20221012_030000.WAV,Telephone Field,recover-20221013,001,1795
1720.6255,1720.6672,68437,83007,Rhinolophus ferrumequinum,0.029,0.029,-1,Echolocation,/mnt/ubna_data_02_mir/recover-20221013/UBNA_001/20221012_030000.WAV,Telephone Field,recover-20221013,001,1795
1720.7015,1720.7411,68437,81934,Rhinolophus ferrumequinum,0.022,0.022,-1,Echolocation,/mnt/ubna_data_02_mir/recover-20221013/UBNA_001/20221012_030000.WAV,Telephone Field,recover-20221013,001,1795
1720.7195,1720.7576,68437,81627,Rhinolophus ferrumequinum,0.022,0.022,-1,Echolocation,/mnt/ubna_data_02_mir/recover-20221013/UBNA_001/20221012_030000.WAV,Telephone Field,recover-20221013,001,1795
1720.7245,1720.7326,44375,53368,Pipistrellus pipistrellus,0.017,0.024,-1,Echolocation,/mnt/ubna_data_02_mir/recover-20221013/UBNA_001/20221012_030000.WAV,Telephone Field,recover-20221013,001,1795
1720.7505,1720.7937,68437,82959,Rhinolophus ferrumequinum,0.032,0.032,-1,Echolocation,/mnt/ubna_data_02_mir/recover-20221013/UBNA_001/20221012_030000.WAV,Telephone Field,recover-20221013,001,1795
1720.7685,1720.7794,24609,31050,Nyctalus leisleri,0.009,0.025,-1,Echolocation,/mnt/ubna_data_02_mir/recover-20221013/UBNA_001/20221012_030000.WAV,Telephone Field,recover-20221013,001,1795
1720.8045,1720.814,28046,35725,Eptesicus serotinus,0.012,0.026,-1,Echolocation,/mnt/ubna_data_02_mir/recover-20221013/UBNA_001/20221012_030000.WAV,Telephone Field,recover-20221013,001,1795
1720.8055,1720.8434,68437,81950,Rhinolophus ferrumequinum,0.024,0.024,-1,Echolocation,/mnt/ubna_data_02_mir/recover-20221013/UBNA_001/20221012_030000.WAV,Telephone Field,recover-20221013,001,1795
1720.8115,1720.8499,68437,82325,Rhinolophus ferrumequinum,0.024,0.024,-1,Echolocation,/mnt/ubna_data_02_mir/recover-20221013/UBNA_001/20221012_030000.WAV,Telephone Field,recover-20221013,001,1795
1720.8315,1720.8393,28046,38612,Eptesicus serotinus,0.007,0.022,-1,Echolocation,/mnt/ubna_data_02_mir/recover-20221013/UBNA_001/20221012_030000.WAV,Telephone Field,recover-20221013,001,1795
1720.8315,1720.8694,68437,81665,Rhinolophus ferrumequinum,0.022,0.022,-1,Echolocation,/mnt/ubna_data_02_mir/recover-20221013/UBNA_001/20221012_030000.WAV,Telephone Field,recover-20221013,001,1795
1720.8415,1720.852,24609,31345,Nyctalus leisleri,0.008,0.021,-1,Echolocation,/mnt/ubna_data_02_mir/recover-20221013/UBNA_001/20221012_030000.WAV,Telephone Field,recover-20221013,001,1795
1720.8925,1720.9032,23750,29937,Nyctalus leisleri,0.009,0.025,-1,Echolocation,/mnt/ubna_data_02_mir/recover-20221013/UBNA_001/20221012_030000.WAV,Telephone Field,recover-20221013,001,1795
1720.8955,1720.9352,68437,81925,Rhinolophus ferrumequinum,0.022,0.022,-1,Echolocation,/mnt/ubna_data_02_mir/recover-20221013/UBNA_001/20221012_030000.WAV,Telephone Field,recover-20221013,001,1795
1720.9255,1720.9363,22890,28154,Nyctalus leisleri,0.011,0.024,-1,Echolocation,/mnt/ubna_data_02_mir/recover-20221013/UBNA_001/20221012_030000.WAV,Telephone Field,recover-20221013,001,1795
1720.9385,1720.9781,68437,81788,Rhinolophus ferrumequinum,0.022,0.022,-1,Echolocation,/mnt/ubna_data_02_mir/recover-20221013/UBNA_001/20221012_030000.WAV,Telephone Field,recover-20221013,001,1795
1720.9445,1720.9844,68437,81852,Rhinolophus ferrumequinum,0.024,0.024,-1,Echolocation,/mnt/ubna_data_02_mir/recover-20221013/UBNA_001/20221012_030000.WAV,Telephone Field,recover-20221013,001,1795
1720.9535,1720.991,68437,82021,Rhinolophus ferrumequinum,0.022,0.022,-1,Echolocation,/mnt/ubna_data_02_mir/recover-20221013/UBNA_001/20221012_030000.WAV,Telephone Field,recover-20221013,001,1795
1721.0085,1721.0482,68437,82196,Rhinolophus ferrumequinum,0.022,0.022,-1,Echolocation,/mnt/ubna_data_02_mir/recover-20221013/UBNA_001/20221012_030000.WAV,Telephone Field,recover-20221013,001,1795
1721.0535,1721.0909,68437,82465,Rhinolophus ferrumequinum,0.026,0.026,-1,Echolocation,/mnt/ubna_data_02_mir/recover-20221013/UBNA_001/20221012_030000.WAV,Telephone Field,recover-20221013,001,1795
1721.0595,1721.0701,30625,38972,Eptesicus serotinus,0.01,0.025,-1,Echolocation,/mnt/ubna_data_02_mir/recover-20221013/UBNA_001/20221012_030000.WAV,Telephone Field,recover-20221013,001,1795
1721.0685,1721.1079,68437,82037,Rhinolophus ferrumequinum,0.03,0.03,-1,Echolocation,/mnt/ubna_data_02_mir/recover-20221013/UBNA_001/20221012_030000.WAV,Telephone Field,recover-20221013,001,1795
1721.0755,1721.0865,22890,28155,Nyctalus leisleri,0.011,0.025,-1,Echolocation,/mnt/ubna_data_02_mir/recover-20221013/UBNA_001/20221012_030000.WAV,Telephone Field,recover-20221013,001,1795
1721.0765,1721.1152,68437,81542,Rhinolophus ferrumequinum,0.022,0.022,-1,Echolocation,/mnt/ubna_data_02_mir/recover-20221013/UBNA_001/20221012_030000.WAV,Telephone Field,recover-20221013,001,1795
1721.0955,1721.1076,28046,32764,Eptesicus serotinus,0.017,0.04,-1,Echolocation,/mnt/ubna_data_02_mir/recover-20221013/UBNA_001/20221012_030000.WAV,Telephone Field,recover-20221013,001,1795
1721.0975,1721.1351,68437,82200,Rhinolophus ferrumequinum,0.026,0.026,-1,Echolocation,/mnt/ubna_data_02_mir/recover-20221013/UBNA_001/20221012_030000.WAV,Telephone Field,recover-20221013,001,1795
1721.1125,1721.1535,68437,83213,Rhinolophus ferrumequinum,0.024,0.024,-1,Echolocation,/mnt/ubna_data_02_mir/recover-20221013/UBNA_001/20221012_030000.WAV,Telephone Field,recover-20221013,001,1795
1721.1435,1721.1521,27187,38126,Eptesicus serotinus,0.007,0.021,-1,Echolocation,/mnt/ubna_data_02_mir/recover-20221013/UBNA_001/20221012_030000.WAV,Telephone Field,recover-20221013,001,1795
1721.1865,1721.226,68437,81743,Rhinolophus ferrumequinum,0.023,0.023,-1,Echolocation,/mnt/ubna_data_02_mir/recover-20221013/UBNA_001/20221012_030000.WAV,Telephone Field,recover-20221013,001,1795
1721.1885,1721.1997,22031,26675,Nyctalus leisleri,0.018,0.034,-1,Echolocation,/mnt/ubna_data_02_mir/recover-20221013/UBNA_001/20221012_030000.WAV,Telephone Field,recover-20221013,001,1795
1721.2055,1721.2469,68437,83165,Rhinolophus ferrumequinum,0.025,0.025,-1,Echolocation,/mnt/ubna_data_02_mir/recover-20221013/UBNA_001/20221012_030000.WAV,Telephone Field,recover-20221013,001,1795
1721.2285,1721.2391,31484,39368,Eptesicus serotinus,0.01,0.031,-1,Echolocation,/mnt/ubna_data_02_mir/recover-20221013/UBNA_001/20221012_030000.WAV,Telephone Field,recover-20221013,001,1795
1721.2295,1721.2691,68437,81817,Rhinolophus ferrumequinum,0.026,0.026,-1,Echolocation,/mnt/ubna_data_02_mir/recover-20221013/UBNA_001/20221012_030000.WAV,Telephone Field,recover-20221013,001,1795
1721.2745,1721.2834,25468,34474,Eptesicus serotinus,0.008,0.022,-1,Echolocation,/mnt/ubna_data_02_mir/recover-20221013/UBNA_001/20221012_030000.WAV,Telephone Field,recover-20221013,001,1795
1721.2915,1721.3327,68437,82102,Rhinolophus ferrumequinum,0.029,0.029,-1,Echolocation,/mnt/ubna_data_02_mir/recover-20221013/UBNA_001/20221012_030000.WAV,Telephone Field,recover-20221013,001,1795
1721.3185,1721.362,68437,83385,Rhinolophus ferrumequinum,0.038,0.038,-1,Echolocation,/mnt/ubna_data_02_mir/recover-20221013/UBNA_001/20221012_030000.WAV,Telephone Field,recover-20221013,001,1795
1721.3385,1721.3476,22890,29967,Plecotus austriacus,0.008,0.022,-1,Echolocation,/mnt/ubna_data_02_mir/recover-20221013/UBNA_001/20221012_030000.WAV,Telephone Field,recover-20221013,001,1795
1721.3715,1721.3783,28906,38640,Eptesicus serotinus,0.005,0.022,-1,Echolocation,/mnt/ubna_data_02_mir/recover-20221013/UBNA_001/20221012_030000.WAV,Telephone Field,recover-20221013,001,1795
1721.3835,1721.3931,22031,27737,Plecotus austriacus,0.011,0.029,-1,Echolocation,/mnt/ubna_data_02_mir/recover-20221013/UBNA_001/20221012_030000.WAV,Telephone Field,recover-20221013,001,1795
1721.3875,1721.4272,68437,82207,Rhinolophus ferrumequinum,0.026,0.026,-1,Echolocation,/mnt/ubna_data_02_mir/recover-20221013/UBNA_001/20221012_030000.WAV,Telephone Field,recover-20221013,001,1795
1721.4105,1721.4495,68437,82205,Rhinolophus ferrumequinum,0.023,0.023,-1,Echolocation,/mnt/ubna_data_02_mir/recover-20221013/UBNA_001/20221012_030000.WAV,Telephone Field,recover-20221013,001,1795
1721.4145,1721.4231,28046,38545,Eptesicus serotinus,0.007,0.022,-1,Echolocation,/mnt/ubna_data_02_mir/recover-20221013/UBNA_001/20221012_030000.WAV,Telephone Field,recover-20221013,001,1795
1721.4475,1721.4923,68437,83886,Rhinolophus ferrumequinum,0.034,0.034,-1,Echolocation,/mnt/ubna_data_02_mir/recover-20221013/UBNA_001/20221012_030000.WAV,Telephone Field,recover-20221013,001,1795
1721.4745,1721.5157,68437,82606,Rhinolophus ferrumequinum,0.023,0.023,-1,Echolocation,/mnt/ubna_data_02_mir/recover-20221013/UBNA_001/20221012_030000.WAV,Telephone Field,recover-20221013,001,1795
1721.4835,1721.5246,68437,82765,Rhinolophus ferrumequinum,0.024,0.024,-1,Echolocation,/mnt/ubna_data_02_mir/recover-20221013/UBNA_001/20221012_030000.WAV,Telephone Field,recover-20221013,001,1795
1721.5025,1721.5141,25468,30788,Nyctalus leisleri,0.015,0.033,-1,Echolocation,/mnt/ubna_data_02_mir/recover-20221013/UBNA_001/20221012_030000.WAV,Telephone Field,recover-20221013,001,1795
1721.5045,1721.5423,68437,81432,Rhinolophus ferrumequinum,0.021,0.021,-1,Echolocation,/mnt/ubna_data_02_mir/recover-20221013/UBNA_001/20221012_030000.WAV,Telephone Field,recover-20221013,001,1795
1721.5235,1721.5619,68437,81414,Rhinolophus ferrumequinum,0.022,0.022,-1,Echolocation,/mnt/ubna_data_02_mir/recover-20221013/UBNA_001/20221012_030000.WAV,Telephone Field,recover-20221013,001,1795
1721.5605,1721.5995,68437,82259,Rhinolophus ferrumequinum,0.025,0.025,-1,Echolocation,/mnt/ubna_data_02_mir/recover-20221013/UBNA_001/20221012_030000.WAV,Telephone Field,recover-20221013,001,1795
1721.6095,1721.6167,23750,32785,Plecotus austriacus,0.013,0.026,-1,Echolocation,/mnt/ubna_data_02_mir/recover-20221013/UBNA_001/20221012_030000.WAV,Telephone Field,recover-20221013,001,1795
1721.6215,1721.661,68437,82329,Rhinolophus ferrumequinum,0.023,0.023,-1,Echolocation,/mnt/ubna_data_02_mir/recover-20221013/UBNA_001/20221012_030000.WAV,Telephone Field,recover-20221013,001,1795
1721.6515,1721.69,68437,81826,Rhinolophus ferrumequinum,0.024,0.024,-1,Echolocation,/mnt/ubna_data_02_mir/recover-20221013/UBNA_001/20221012_030000.WAV,Telephone Field,recover-20221013,001,1795
1721.6665,1721.7118,68437,83894,Rhinolophus ferrumequinum,0.039,0.039,-1,Echolocation,/mnt/ubna_data_02_mir/recover-20221013/UBNA_001/20221012_030000.WAV,Telephone Field,recover-20221013,001,1795
1721.7125,1721.7515,68437,82428,Rhinolophus ferrumequinum,0.028,0.028,-1,Echolocation,/mnt/ubna_data_02_mir/recover-20221013/UBNA_001/20221012_030000.WAV,Telephone Field,recover-20221013,001,1795
1721.7215,1721.7299,24609,32792,Plecotus austriacus,0.007,0.024,-1,Echolocation,/mnt/ubna_data_02_mir/recover-20221013/UBNA_001/20221012_030000.WAV,Telephone Field,recover-20221013,001,1795
1721.7465,1721.7833,68437,81773,Rhinolophus ferrumequinum,0.022,0.022,-1,Echolocation,/mnt/ubna_data_02_mir/recover-20221013/UBNA_001/20221012_030000.WAV,Telephone Field,recover-20221013,001,1795
1721.7835,1721.8213,68437,81834,Rhinolophus ferrumequinum,0.024,0.024,-1,Echolocation,/mnt/ubna_data_02_mir/recover-20221013/UBNA_001/20221012_030000.WAV,Telephone Field,recover-20221013,001,1795
1721.8085,1721.8492,68437,82042,Rhinolophus ferrumequinum,0.024,0.024,-1,Echolocation,/mnt/ubna_data_02_mir/recover-20221013/UBNA_001/20221012_030000.WAV,Telephone Field,recover-20221013,001,1795
1721.8145,1721.8217,26328,39316,Eptesicus serotinus,0.005,0.022,-1,Echolocation,/mnt/ubna_data_02_mir/recover-20221013/UBNA_001/20221012_030000.WAV,Telephone Field,recover-20221013,001,1795
1721.8275,1721.865,68437,82123,Rhinolophus ferrumequinum,0.021,0.021,-1,Echolocation,/mnt/ubna_data_02_mir/recover-20221013/UBNA_001/20221012_030000.WAV,Telephone Field,recover-20221013,001,1795
1721.8525,1721.8952,68437,83216,Rhinolophus ferrumequinum,0.046,0.046,-1,Echolocation,/mnt/ubna_data_02_mir/recover-20221013/UBNA_001/20221012_030000.WAV,Telephone Field,recover-20221013,001,1795
1721.9035,1721.9415,68437,81857,Rhinolophus ferrumequinum,0.022,0.022,-1,Echolocation,/mnt/ubna_data_02_mir/recover-20221013/UBNA_001/20221012_030000.WAV,Telephone Field,recover-20221013,001,1795
1721.9075,1721.9159,25468,33340,Eptesicus serotinus,0.006,0.021,-1,Echolocation,/mnt/ubna_data_02_mir/recover-20221013/UBNA_001/20221012_030000.WAV,Telephone Field,recover-20221013,001,1795
1721.9345,1721.9438,28906,37970,Eptesicus serotinus,0.008,0.021,-1,Echolocation,/mnt/ubna_data_02_mir/recover-20221013/UBNA_001/20221012_030000.WAV,Telephone Field,recover-20221013,001,1795
1721.9455,1721.9823,68437,81739,Rhinolophus ferrumequinum,0.022,0.022,-1,Echolocation,/mnt/ubna_data_02_mir/recover-20221013/UBNA_001/20221012_030000.WAV,Telephone Field,recover-20221013,001,1795
1721.9625,1721.9776,22031,26195,Nyctalus leisleri,0.015,0.028,-1,Echolocation,/mnt/ubna_data_02_mir/recover-20221013/UBNA_001/20221012_030000.WAV,Telephone Field,recover-20221013,001,1795
1722.0015,1722.032,69296,81530,Rhinolophus ferrumequinum,0.031,0.031,-1,Echolocation,/mnt/ubna_data_02_mir/recover-20221013/UBNA_001/20221012_030000.WAV,Telephone Field,recover-20221013,001,1795
1722.0015,1722.0202,53828,60202,Pipistrellus pygmaeus,0.016,0.023,-1,Echolocation,/mnt/ubna_data_02_mir/recover-20221013/UBNA_001/20221012_030000.WAV,Telephone Field,recover-20221013,001,1795
1722.0015,1722.0114,25468,33351,Eptesicus serotinus,0.014,0.04,-1,Echolocation,/mnt/ubna_data_02_mir/recover-20221013/UBNA_001/20221012_030000.WAV,Telephone Field,recover-20221013,001,1795
1722.0235,1722.0629,68437,81897,Rhinolophus ferrumequinum,0.021,0.022,-1,Echolocation,/mnt/ubna_data_02_mir/recover-20221013/UBNA_001/20221012_030000.WAV,Telephone Field,recover-20221013,001,1795
1722.0285,1722.0364,23750,32330,Plecotus austriacus,0.008,0.021,-1,Echolocation,/mnt/ubna_data_02_mir/recover-20221013/UBNA_001/20221012_030000.WAV,Telephone Field,recover-20221013,001,1795
1722.0445,1722.0822,68437,82512,Rhinolophus ferrumequinum,0.025,0.025,-1,Echolocation,/mnt/ubna_data_02_mir/recover-20221013/UBNA_001/20221012_030000.WAV,Telephone Field,recover-20221013,001,1795
1722.0445,1722.0506,24609,36019,Plecotus austriacus,0.012,0.033,-1,Echolocation,/mnt/ubna_data_02_mir/recover-20221013/UBNA_001/20221012_030000.WAV,Telephone Field,recover-20221013,001,1795
1722.0635,1722.072,28906,39383,Eptesicus serotinus,0.038,0.063,-1,Echolocation,/mnt/ubna_data_02_mir/recover-20221013/UBNA_001/20221012_030000.WAV,Telephone Field,recover-20221013,001,1795
1722.0965,1722.1337,68437,82092,Rhinolophus ferrumequinum,0.021,0.021,-1,Echolocation,/mnt/ubna_data_02_mir/recover-20221013/UBNA_001/20221012_030000.WAV,Telephone Field,recover-20221013,001,1795
1722.1235,1722.134,22031,28183,Nyctalus leisleri,0.01,0.028,-1,Echolocation,/mnt/ubna_data_02_mir/recover-20221013/UBNA_001/20221012_030000.WAV,Telephone Field,recover-20221013,001,1795
1722.1345,1722.172,68437,81566,Rhinolophus ferrumequinum,0.021,0.021,-1,Echolocation,/mnt/ubna_data_02_mir/recover-20221013/UBNA_001/20221012_030000.WAV,Telephone Field,recover-20221013,001,1795
1722.1455,1722.1825,68437,82239,Rhinolophus ferrumequinum,0.021,0.021,-1,Echolocation,/mnt/ubna_data_02_mir/recover-20221013/UBNA_001/20221012_030000.WAV,Telephone Field,recover-20221013,001,1795
1722.1895,1722.2331,68437,83056,Rhinolophus ferrumequinum,0.037,0.037,-1,Echolocation,/mnt/ubna_data_02_mir/recover-20221013/UBNA_001/20221012_030000.WAV,Telephone Field,recover-20221013,001,1795
1722.2175,1722.2552,68437,81598,Rhinolophus ferrumequinum,0.023,0.023,-1,Echolocation,/mnt/ubna_data_02_mir/recover-20221013/UBNA_001/20221012_030000.WAV,Telephone Field,recover-20221013,001,1795
1722.2565,1722.2712,14296,18605,Nyctalus noctula,0.014,0.023,-1,Echolocation,/mnt/ubna_data_02_mir/recover-20221013/UBNA_001/20221012_030000.WAV,Telephone Field,recover-20221013,001,1795
1722.2725,1722.3115,68437,83300,Rhinolophus ferrumequinum,0.023,0.023,-1,Echolocation,/mnt/ubna_data_02_mir/recover-20221013/UBNA_001/20221012_030000.WAV,Telephone Field,recover-20221013,001,1795
1722.2905,1722.3303,68437,82589,Rhinolophus ferrumequinum,0.026,0.026,-1,Echolocation,/mnt/ubna_data_02_mir/recover-20221013/UBNA_001/20221012_030000.WAV,Telephone Field,recover-20221013,001,1795
1722.3115,1722.3493,68437,82217,Rhinolophus ferrumequinum,0.025,0.025,-1,Echolocation,/mnt/ubna_data_02_mir/recover-20221013/UBNA_001/20221012_030000.WAV,Telephone Field,recover-20221013,001,1795
1722.3185,1722.331,22031,26447,Nyctalus leisleri,0.012,0.025,-1,Echolocation,/mnt/ubna_data_02_mir/recover-20221013/UBNA_001/20221012_030000.WAV,Telephone Field,recover-20221013,001,1795
1722.3335,1722.3771,68437,83376,Rhinolophus ferrumequinum,0.03,0.03,-1,Echolocation,/mnt/ubna_data_02_mir/recover-20221013/UBNA_001/20221012_030000.WAV,Telephone Field,recover-20221013,001,1795
1722.3635,1722.3765,22890,28002,Nyctalus leisleri,0.013,0.026,-1,Echolocation,/mnt/ubna_data_02_mir/recover-20221013/UBNA_001/20221012_030000.WAV,Telephone Field,recover-20221013,001,1795
1722.3635,1722.4013,68437,82242,Rhinolophus ferrumequinum,0.022,0.022,-1,Echolocation,/mnt/ubna_data_02_mir/recover-20221013/UBNA_001/20221012_030000.WAV,Telephone Field,recover-20221013,001,1795
1722.3725,1722.3825,22890,28325,Nyctalus leisleri,0.011,0.026,-1,Echolocation,/mnt/ubna_data_02_mir/recover-20221013/UBNA_001/20221012_030000.WAV,Telephone Field,recover-20221013,001,1795
1722.3775,1722.4117,68437,81782,Rhinolophus ferrumequinum,0.021,0.021,-1,Echolocation,/mnt/ubna_data_02_mir/recover-20221013/UBNA_001/20221012_030000.WAV,Telephone Field,recover-20221013,001,1795
1722.4065,1722.4463,68437,82239,Rhinolophus ferrumequinum,0.022,0.022,-1,Echolocation,/mnt/ubna_data_02_mir/recover-20221013/UBNA_001/20221012_030000.WAV,Telephone Field,recover-20221013,001,1795
1722.4115,1722.4512,68437,82038,Rhinolophus ferrumequinum,0.022,0.022,-1,Echolocation,/mnt/ubna_data_02_mir/recover-20221013/UBNA_001/20221012_030000.WAV,Telephone Field,recover-20221013,001,1795
1722.4155,1722.4267,22031,26386,Nyctalus leisleri,0.013,0.024,-1,Echolocation,/mnt/ubna_data_02_mir/recover-20221013/UBNA_001/20221012_030000.WAV,Telephone Field,recover-20221013,001,1795
1722.4215,1722.46,68437,81782,Rhinolophus ferrumequinum,0.022,0.022,-1,Echolocation,/mnt/ubna_data_02_mir/recover-20221013/UBNA_001/20221012_030000.WAV,Telephone Field,recover-20221013,001,1795
1722.4605,1722.498,68437,82799,Rhinolophus ferrumequinum,0.024,0.024,-1,Echolocation,/mnt/ubna_data_02_mir/recover-20221013/UBNA_001/20221012_030000.WAV,Telephone Field,recover-20221013,001,1795
1722.4715,1722.4786,27187,43534,Eptesicus serotinus,0.008,0.026,-1,Echolocation,/mnt/ubna_data_02_mir/recover-20221013/UBNA_001/20221012_030000.WAV,Telephone Field,recover-20221013,001,1795
1722.4945,1722.5371,68437,83714,Rhinolophus ferrumequinum,0.029,0.029,-1,Echolocation,/mnt/ubna_data_02_mir/recover-20221013/UBNA_001/20221012_030000.WAV,Telephone Field,recover-20221013,001,1795
1722.5215,1722.5623,68437,82291,Rhinolophus ferrumequinum,0.025,0.025,-1,Echolocation,/mnt/ubna_data_02_mir/recover-20221013/UBNA_001/20221012_030000.WAV,Telephone Field,recover-20221013,001,1795
1722.5465,1722.5686,18593,21684,Nyctalus noctula,0.017,0.029,-1,Echolocation,/mnt/ubna_data_02_mir/recover-20221013/UBNA_001/20221012_030000.WAV,Telephone Field,recover-20221013,001,1795
1722.5495,1722.5875,68437,81905,Rhinolophus ferrumequinum,0.023,0.023,-1,Echolocation,/mnt/ubna_data_02_mir/recover-20221013/UBNA_001/20221012_030000.WAV,Telephone Field,recover-20221013,001,1795
1722.5635,1722.6048,68437,82943,Rhinolophus ferrumequinum,0.032,0.032,-1,Echolocation,/mnt/ubna_data_02_mir/recover-20221013/UBNA_001/20221012_030000.WAV,Telephone Field,recover-20221013,001,1795
1722.5695,1722.5798,44375,52860,Pipistrellus pipistrellus,0.017,0.022,-1,Echolocation,/mnt/ubna_data_02_mir/recover-20221013/UBNA_001/20221012_030000.WAV,Telephone Field,recover-20221013,001,1795
1722.5875,1722.6334,68437,83730,Rhinolophus ferrumequinum,0.046,0.046,-1,Echolocation,/mnt/ubna_data_02_mir/recover-20221013/UBNA_001/20221012_030000.WAV,Telephone Field,recover-20221013,001,1795
1722.5925,1722.599,27187,40386,Eptesicus serotinus,0.005,0.022,-1,Echolocation,/mnt/ubna_data_02_mir/recover-20221013/UBNA_001/20221012_030000.WAV,Telephone Field,recover-20221013,001,1795
1722.6095,1722.6509,68437,82675,Rhinolophus ferrumequinum,0.022,0.022,-1,Echolocation,/mnt/ubna_data_02_mir/recover-20221013/UBNA_001/20221012_030000.WAV,Telephone Field,recover-20221013,001,1795
1722.6765,1722.7181,68437,82851,Rhinolophus ferrumequinum,0.029,0.029,-1,Echolocation,/mnt/ubna_data_02_mir/recover-20221013/UBNA_001/20221012_030000.WAV,Telephone Field,recover-20221013,001,1795
1722.6925,1722.7305,68437,82685,Rhinolophus ferrumequinum,0.025,0.025,-1,Echolocation,/mnt/ubna_data_02_mir/recover-20221013/UBNA_001/20221012_030000.WAV,Telephone Field,recover-20221013,001,1795
1722.7135,1722.7527,68437,81774,Rhinolophus ferrumequinum,0.024,0.024,-1,Echolocation,/mnt/ubna_data_02_mir/recover-20221013/UBNA_001/20221012_030000.WAV,Telephone Field,recover-20221013,001,1795
1722.7305,1722.7684,68437,82344,Rhinolophus ferrumequinum,0.023,0.023,-1,Echolocation,/mnt/ubna_data_02_mir/recover-20221013/UBNA_001/20221012_030000.WAV,Telephone Field,recover-20221013,001,1795
1722.7575,1722.7992,68437,83181,Rhinolophus ferrumequinum,0.03,0.03,-1,Echolocation,/mnt/ubna_data_02_mir/recover-20221013/UBNA_001/20221012_030000.WAV,Telephone Field,recover-20221013,001,1795
1722.7755,1722.7855,27187,37684,Eptesicus serotinus,0.012,0.025,-1,Echolocation,/mnt/ubna_data_02_mir/recover-20221013/UBNA_001/20221012_030000.WAV,Telephone Field,recover-20221013,001,1795
1722.8115,1722.8521,68437,82899,Rhinolophus ferrumequinum,0.024,0.024,-1,Echolocation,/mnt/ubna_data_02_mir/recover-20221013/UBNA_001/20221012_030000.WAV,Telephone Field,recover-20221013,001,1795
1722.8545,1722.8654,34921,44868,Eptesicus serotinus,0.005,0.026,-1,Echolocation,/mnt/ubna_data_02_mir/recover-20221013/UBNA_001/20221012_030000.WAV,Telephone Field,recover-20221013,001,1795
1722.8545,1722.894,68437,82094,Rhinolophus ferrumequinum,0.022,0.022,-1,Echolocation,/mnt/ubna_data_02_mir/recover-20221013/UBNA_001/20221012_030000.WAV,Telephone Field,recover-20221013,001,1795
1722.8555,1722.865,29765,42709,Eptesicus serotinus,0.009,0.022,-1,Echolocation,/mnt/ubna_data_02_mir/recover-20221013/UBNA_001/20221012_030000.WAV,Telephone Field,recover-20221013,001,1795
1722.8695,1722.8769,28046,37456,Eptesicus serotinus,0.007,0.021,-1,Echolocation,/mnt/ubna_data_02_mir/recover-20221013/UBNA_001/20221012_030000.WAV,Telephone Field,recover-20221013,001,1795
1722.8795,1722.9224,68437,83293,Rhinolophus ferrumequinum,0.043,0.043,-1,Echolocation,/mnt/ubna_data_02_mir/recover-20221013/UBNA_001/20221012_030000.WAV,Telephone Field,recover-20221013,001,1795
1722.9025,1722.9397,68437,82282,Rhinolophus ferrumequinum,0.023,0.023,-1,Echolocation,/mnt/ubna_data_02_mir/recover-20221013/UBNA_001/20221012_030000.WAV,Telephone Field,recover-20221013,001,1795
1722.9785,1722.9885,28046,38869,Eptesicus serotinus,0.01,0.023,-1,Echolocation,/mnt/ubna_data_02_mir/recover-20221013/UBNA_001/20221012_030000.WAV,Telephone Field,recover-20221013,001,1795
1723.0025,1723.0126,28046,38545,Eptesicus serotinus,0.009,0.022,-1,Echolocation,/mnt/ubna_data_02_mir/recover-20221013/UBNA_001/20221012_030000.WAV,Telephone Field,recover-20221013,001,1795
1723.0115,1723.0214,32343,40056,Eptesicus serotinus,0.007,0.023,-1,Echolocation,/mnt/ubna_data_02_mir/recover-20221013/UBNA_001/20221012_030000.WAV,Telephone Field,recover-20221013,001,1795
1723.0205,1723.0593,68437,82651,Rhinolophus ferrumequinum,0.025,0.025,-1,Echolocation,/mnt/ubna_data_02_mir/recover-20221013/UBNA_001/20221012_030000.WAV,Telephone Field,recover-20221013,001,1795
1723.0395,1723.0797,68437,82857,Rhinolophus ferrumequinum,0.022,0.022,-1,Echolocation,/mnt/ubna_data_02_mir/recover-20221013/UBNA_001/20221012_030000.WAV,Telephone Field,recover-20221013,001,1795
1723.0525,1723.0952,68437,83418,Rhinolophus ferrumequinum,0.034,0.034,-1,Echolocation,/mnt/ubna_data_02_mir/recover-20221013/UBNA_001/20221012_030000.WAV,Telephone Field,recover-20221013,001,1795
1723.1045,1723.113,28046,39809,Eptesicus serotinus,0.008,0.022,-1,Echolocation,/mnt/ubna_data_02_mir/recover-20221013/UBNA_001/20221012_030000.WAV,Telephone Field,recover-20221013,001,1795
1723.1115,1723.1466,68437,81505,Rhinolophus ferrumequinum,0.023,0.024,-1,Echolocation,/mnt/ubna_data_02_mir/recover-20221013/UBNA_001/20221012_030000.WAV,Telephone Field,recover-20221013,001,1795
1723.1485,1723.1877,68437,82521,Rhinolophus ferrumequinum,0.028,0.028,-1,Echolocation,/mnt/ubna_data_02_mir/recover-20221013/UBNA_001/20221012_030000.WAV,Telephone Field,recover-20221013,001,1795
1723.1655,1723.2036,68437,82389,Rhinolophus ferrumequinum,0.024,0.024,-1,Echolocation,/mnt/ubna_data_02_mir/recover-20221013/UBNA_001/20221012_030000.WAV,Telephone Field,recover-20221013,001,1795
1723.1915,1723.2372,68437,83715,Rhinolophus ferrumequinum,0.057,0.057,-1,Echolocation,/mnt/ubna_data_02_mir/recover-20221013/UBNA_001/20221012_030000.WAV,Telephone Field,recover-20221013,001,1795
1723.2205,1723.2582,68437,82338,Rhinolophus ferrumequinum,0.024,0.024,-1,Echolocation,/mnt/ubna_data_02_mir/recover-20221013/UBNA_001/20221012_030000.WAV,Telephone Field,recover-20221013,001,1795
1723.2305,1723.2425,28906,35053,Eptesicus serotinus,0.013,0.026,-1,Echolocation,/mnt/ubna_data_02_mir/recover-20221013/UBNA_001/20221012_030000.WAV,Telephone Field,recover-20221013,001,1795
1723.2315,1723.2718,68437,82310,Rhinolophus ferrumequinum,0.022,0.022,-1,Echolocation,/mnt/ubna_data_02_mir/recover-20221013/UBNA_001/20221012_030000.WAV,Telephone Field,recover-20221013,001,1795
1723.2505,1723.2571,26328,43398,Eptesicus serotinus,0.006,0.024,-1,Echolocation,/mnt/ubna_data_02_mir/recover-20221013/UBNA_001/20221012_030000.WAV,Telephone Field,recover-20221013,001,1795
1723.2715,1723.2803,28046,39315,Eptesicus serotinus,0.008,0.022,-1,Echolocation,/mnt/ubna_data_02_mir/recover-20221013/UBNA_001/20221012_030000.WAV,Telephone Field,recover-20221013,001,1795
1723.2745,1723.3091,68437,80800,Rhinolophus ferrumequinum,0.021,0.021,-1,Echolocation,/mnt/ubna_data_02_mir/recover-20221013/UBNA_001/20221012_030000.WAV,Telephone Field,recover-20221013,001,1795
1723.3135,1723.3575,68437,83760,Rhinolophus ferrumequinum,0.028,0.028,-1,Echolocation,/mnt/ubna_data_02_mir/recover-20221013/UBNA_001/20221012_030000.WAV,Telephone Field,recover-20221013,001,1795
1723.3215,1723.3614,68437,82899,Rhinolophus ferrumequinum,0.031,0.031,-1,Echolocation,/mnt/ubna_data_02_mir/recover-20221013/UBNA_001/20221012_030000.WAV,Telephone Field,recover-20221013,001,1795
1723.3475,1723.3575,24609,32511,Eptesicus serotinus,0.009,0.026,-1,Echolocation,/mnt/ubna_data_02_mir/recover-20221013/UBNA_001/20221012_030000.WAV,Telephone Field,recover-20221013,001,1795
1723.3575,1723.3669,22890,28949,Nyctalus leisleri,0.008,0.022,-1,Echolocation,/mnt/ubna_data_02_mir/recover-20221013/UBNA_001/20221012_030000.WAV,Telephone Field,recover-20221013,001,1795
1723.3995,1723.4373,68437,82248,Rhinolophus ferrumequinum,0.022,0.022,-1,Echolocation,/mnt/ubna_data_02_mir/recover-20221013/UBNA_001/20221012_030000.WAV,Telephone Field,recover-20221013,001,1795
1723.4055,1723.4229,20312,24193,Nyctalus leisleri,0.016,0.03,-1,Echolocation,/mnt/ubna_data_02_mir/recover-20221013/UBNA_001/20221012_030000.WAV,Telephone Field,recover-20221013,001,1795
1723.4235,1723.4673,68437,83481,Rhinolophus ferrumequinum,0.034,0.034,-1,Echolocation,/mnt/ubna_data_02_mir/recover-20221013/UBNA_001/20221012_030000.WAV,Telephone Field,recover-20221013,001,1795
1723.4345,1723.4447,28046,36442,Eptesicus serotinus,0.014,0.028,-1,Echolocation,/mnt/ubna_data_02_mir/recover-20221013/UBNA_001/20221012_030000.WAV,Telephone Field,recover-20221013,001,1795
1723.4595,1723.4974,68437,81982,Rhinolophus ferrumequinum,0.021,0.021,-1,Echolocation,/mnt/ubna_data_02_mir/recover-20221013/UBNA_001/20221012_030000.WAV,Telephone Field,recover-20221013,001,1795
1723.5055,1723.5482,68437,82994,Rhinolophus ferrumequinum,0.026,0.026,-1,Echolocation,/mnt/ubna_data_02_mir/recover-20221013/UBNA_001/20221012_030000.WAV,Telephone Field,recover-20221013,001,1795
1723.5305,1723.5701,68437,82164,Rhinolophus ferrumequinum,0.024,0.024,-1,Echolocation,/mnt/ubna_data_02_mir/recover-20221013/UBNA_001/20221012_030000.WAV,Telephone Field,recover-20221013,001,1795
1723.5465,1723.5575,23750,28843,Nyctalus leisleri,0.012,0.026,-1,Echolocation,/mnt/ubna_data_02_mir/recover-20221013/UBNA_001/20221012_030000.WAV,Telephone Field,recover-20221013,001,1795
1723.5625,1723.6006,68437,82276,Rhinolophus ferrumequinum,0.024,0.024,-1,Echolocation,/mnt/ubna_data_02_mir/recover-20221013/UBNA_001/20221012_030000.WAV,Telephone Field,recover-20221013,001,1795
1723.5935,1723.6355,68437,83633,Rhinolophus ferrumequinum,0.043,0.043,-1,Echolocation,/mnt/ubna_data_02_mir/recover-20221013/UBNA_001/20221012_030000.WAV,Telephone Field,recover-20221013,001,1795
1723.6005,1723.6099,22890,30504,Plecotus austriacus,0.009,0.027,-1,Echolocation,/mnt/ubna_data_02_mir/recover-20221013/UBNA_001/20221012_030000.WAV,Telephone Field,recover-20221013,001,1795
1723.6715,1723.679,28046,38823,Eptesicus serotinus,0.007,0.022,-1,Echolocation,/mnt/ubna_data_02_mir/recover-20221013/UBNA_001/20221012_030000.WAV,Telephone Field,recover-20221013,001,1795
1723.6825,1723.7284,68437,83690,Rhinolophus ferrumequinum,0.052,0.052,-1,Echolocation,/mnt/ubna_data_02_mir/recover-20221013/UBNA_001/20221012_030000.WAV,Telephone Field,recover-20221013,001,1795
1723.7085,1723.7478,68437,82606,Rhinolophus ferrumequinum,0.025,0.025,-1,Echolocation,/mnt/ubna_data_02_mir/recover-20221013/UBNA_001/20221012_030000.WAV,Telephone Field,recover-20221013,001,1795
1723.7315,1723.7714,68437,82084,Rhinolophus ferrumequinum,0.022,0.022,-1,Echolocation,/mnt/ubna_data_02_mir/recover-20221013/UBNA_001/20221012_030000.WAV,Telephone Field,recover-20221013,001,1795
1723.7515,1723.7892,68437,81308,Rhinolophus ferrumequinum,0.023,0.023,-1,Echolocation,/mnt/ubna_data_02_mir/recover-20221013/UBNA_001/20221012_030000.WAV,Telephone Field,recover-20221013,001,1795
1723.7675,1723.806,68437,82462,Rhinolophus ferrumequinum,0.026,0.027,-1,Echolocation,/mnt/ubna_data_02_mir/recover-20221013/UBNA_001/20221012_030000.WAV,Telephone Field,recover-20221013,001,1795
1723.7865,1723.8283,68437,82635,Rhinolophus ferrumequinum,0.022,0.022,-1,Echolocation,/mnt/ubna_data_02_mir/recover-20221013/UBNA_001/20221012_030000.WAV,Telephone Field,recover-20221013,001,1795
1723.8025,1723.8091,24609,35043,Plecotus austriacus,0.013,0.036,-1,Echolocation,/mnt/ubna_data_02_mir/recover-20221013/UBNA_001/20221012_030000.WAV,Telephone Field,recover-20221013,001,1795
1723.8105,1723.8446,68437,81513,Rhinolophus ferrumequinum,0.023,0.023,-1,Echolocation,/mnt/ubna_data_02_mir/recover-20221013/UBNA_001/20221012_030000.WAV,Telephone Field,recover-20221013,001,1795
1723.8145,1723.8269,15156,21866,Nyctalus noctula,0.016,0.025,-1,Echolocation,/mnt/ubna_data_02_mir/recover-20221013/UBNA_001/20221012_030000.WAV,Telephone Field,recover-20221013,001,1795
1723.8725,1723.8809,51250,57323,Pipistrellus pipistrellus,0.022,0.026,-1,Echolocation,/mnt/ubna_data_02_mir/recover-20221013/UBNA_001/20221012_030000.WAV,Telephone Field,recover-20221013,001,1795
1723.8775,1723.8848,28046,40792,Eptesicus serotinus,0.007,0.023,-1,Echolocation,/mnt/ubna_data_02_mir/recover-20221013/UBNA_001/20221012_030000.WAV,Telephone Field,recover-20221013,001,1795
1723.8785,1723.9151,68437,82616,Rhinolophus ferrumequinum,0.024,0.024,-1,Echolocation,/mnt/ubna_data_02_mir/recover-20221013/UBNA_001/20221012_030000.WAV,Telephone Field,recover-20221013,001,1795
1723.8995,1723.9156,15156,19535,Nyctalus noctula,0.085,0.111,-1,Echolocation,/mnt/ubna_data_02_mir/recover-20221013/UBNA_001/20221012_030000.WAV,Telephone Field,recover-20221013,001,1795
1723.9015,1723.9098,28046,38565,Eptesicus serotinus,0.009,0.023,-1,Echolocation,/mnt/ubna_data_02_mir/recover-20221013/UBNA_001/20221012_030000.WAV,Telephone Field,recover-20221013,001,1795
1723.9295,1723.9745,68437,83967,Rhinolophus ferrumequinum,0.034,0.034,-1,Echolocation,/mnt/ubna_data_02_mir/recover-20221013/UBNA_001/20221012_030000.WAV,Telephone Field,recover-20221013,001,1795
1723.9305,1723.9389,23750,31353,Plecotus austriacus,0.009,0.023,-1,Echolocation,/mnt/ubna_data_02_mir/recover-20221013/UBNA_001/20221012_030000.WAV,Telephone Field,recover-20221013,001,1795
1723.9545,1723.9922,68437,81708,Rhinolophus ferrumequinum,0.023,0.023,-1,Echolocation,/mnt/ubna_data_02_mir/recover-20221013/UBNA_001/20221012_030000.WAV,Telephone Field,recover-20221013,001,1795
1723.9625,1723.9996,68437,81921,Rhinolophus ferrumequinum,0.023,0.023,-1,Echolocation,/mnt/ubna_data_02_mir/recover-20221013/UBNA_001/20221012_030000.WAV,Telephone Field,recover-20221013,001,1795
1724.0015,1724.0103,48671,56531,Pipistrellus pipistrellus,0.016,0.022,-1,Echolocation,/mnt/ubna_data_02_mir/recover-20221013/UBNA_001/20221012_030000.WAV,Telephone Field,recover-20221013,001,1795
1724.0015,1724.0102,20312,27100,Nyctalus leisleri,0.011,0.038,-1,Echolocation,/mnt/ubna_data_02_mir/recover-20221013/UBNA_001/20221012_030000.WAV,Telephone Field,recover-20221013,001,1795
1724.0015,1724.0337,68437,79432,Rhinolophus ferrumequinum,0.039,0.039,-1,Echolocation,/mnt/ubna_data_02_mir/recover-20221013/UBNA_001/20221012_030000.WAV,Telephone Field,recover-20221013,001,1795
1724.0035,1724.0103,56406,61941,Pipistrellus pygmaeus,0.023,0.024,-1,Echolocation,/mnt/ubna_data_02_mir/recover-20221013/UBNA_001/20221012_030000.WAV,Telephone Field,recover-20221013,001,1795
1724.0795,1724.1204,68437,82128,Rhinolophus ferrumequinum,0.063,0.063,-1,Echolocation,/mnt/ubna_data_02_mir/recover-20221013/UBNA_001/20221012_030000.WAV,Telephone Field,recover-20221013,001,1795
1724.0995,1724.1065,26328,38748,Eptesicus serotinus,0.005,0.022,-1,Echolocation,/mnt/ubna_data_02_mir/recover-20221013/UBNA_001/20221012_030000.WAV,Telephone Field,recover-20221013,001,1795
1724.1675,1724.2054,68437,81325,Rhinolophus ferrumequinum,0.022,0.022,-1,Echolocation,/mnt/ubna_data_02_mir/recover-20221013/UBNA_001/20221012_030000.WAV,Telephone Field,recover-20221013,001,1795
1724.2275,1724.2678,68437,82256,Rhinolophus ferrumequinum,0.026,0.026,-1,Echolocation,/mnt/ubna_data_02_mir/recover-20221013/UBNA_001/20221012_030000.WAV,Telephone Field,recover-20221013,001,1795
1724.2595,1724.2959,68437,81875,Rhinolophus ferrumequinum,0.023,0.023,-1,Echolocation,/mnt/ubna_data_02_mir/recover-20221013/UBNA_001/20221012_030000.WAV,Telephone Field,recover-20221013,001,1795
1724.2665,1724.3045,68437,82345,Rhinolophus ferrumequinum,0.023,0.023,-1,Echolocation,/mnt/ubna_data_02_mir/recover-20221013/UBNA_001/20221012_030000.WAV,Telephone Field,recover-20221013,001,1795
1724.3045,1724.3419,68437,81447,Rhinolophus ferrumequinum,0.022,0.022,-1,Echolocation,/mnt/ubna_data_02_mir/recover-20221013/UBNA_001/20221012_030000.WAV,Telephone Field,recover-20221013,001,1795
1724.3245,1724.365,68437,82625,Rhinolophus ferrumequinum,0.022,0.022,-1,Echolocation,/mnt/ubna_data_02_mir/recover-20221013/UBNA_001/20221012_030000.WAV,Telephone Field,recover-20221013,001,1795
1724.3455,1724.359,21171,24796,Nyctalus leisleri,0.016,0.027,-1,Echolocation,/mnt/ubna_data_02_mir/recover-20221013/UBNA_001/20221012_030000.WAV,Telephone Field,recover-20221013,001,1795
1724.3485,1724.3862,68437,81581,Rhinolophus ferrumequinum,0.023,0.023,-1,Echolocation,/mnt/ubna_data_02_mir/recover-20221013/UBNA_001/20221012_030000.WAV,Telephone Field,recover-20221013,001,1795
1724.3645,1724.4036,68437,82603,Rhinolophus ferrumequinum,0.022,0.022,-1,Echolocation,/mnt/ubna_data_02_mir/recover-20221013/UBNA_001/20221012_030000.WAV,Telephone Field,recover-20221013,001,1795
1724.3705,1724.4118,68437,82543,Rhinolophus ferrumequinum,0.022,0.022,-1,Echolocation,/mnt/ubna_data_02_mir/recover-20221013/UBNA_001/20221012_030000.WAV,Telephone Field,recover-20221013,001,1795
1724.3715,1724.3788,23750,32468,Plecotus austriacus,0.01,0.022,-1,Echolocation,/mnt/ubna_data_02_mir/recover-20221013/UBNA_001/20221012_030000.WAV,Telephone Field,recover-20221013,001,1795
1724.4125,1724.4473,68437,81543,Rhinolophus ferrumequinum,0.023,0.024,-1,Echolocation,/mnt/ubna_data_02_mir/recover-20221013/UBNA_001/20221012_030000.WAV,Telephone Field,recover-20221013,001,1795
1724.4215,1724.4556,68437,81037,Rhinolophus ferrumequinum,0.023,0.023,-1,Echolocation,/mnt/ubna_data_02_mir/recover-20221013/UBNA_001/20221012_030000.WAV,Telephone Field,recover-20221013,001,1795
1724.4515,1724.4884,68437,80487,Rhinolophus ferrumequinum,0.023,0.023,-1,Echolocation,/mnt/ubna_data_02_mir/recover-20221013/UBNA_001/20221012_030000.WAV,Telephone Field,recover-20221013,001,1795
1724.4815,1724.4883,26328,39697,Eptesicus serotinus,0.006,0.023,-1,Echolocation,/mnt/ubna_data_02_mir/recover-20221013/UBNA_001/20221012_030000.WAV,Telephone Field,recover-20221013,001,1795
1724.4935,1724.5009,26328,35745,Eptesicus serotinus,0.011,0.032,-1,Echolocation,/mnt/ubna_data_02_mir/recover-20221013/UBNA_001/20221012_030000.WAV,Telephone Field,recover-20221013,001,1795
1724.5275,1724.5361,28906,38386,Eptesicus serotinus,0.008,0.023,-1,Echolocation,/mnt/ubna_data_02_mir/recover-20221013/UBNA_001/20221012_030000.WAV,Telephone Field,recover-20221013,001,1795
1724.5455,1724.5844,68437,81957,Rhinolophus ferrumequinum,0.022,0.023,-1,Echolocation,/mnt/ubna_data_02_mir/recover-20221013/UBNA_001/20221012_030000.WAV,Telephone Field,recover-20221013,001,1795
1724.5535,1724.5889,68437,81989,Rhinolophus ferrumequinum,0.022,0.022,-1,Echolocation,/mnt/ubna_data_02_mir/recover-20221013/UBNA_001/20221012_030000.WAV,Telephone Field,recover-20221013,001,1795
1724.5935,1724.601,28046,38444,Eptesicus serotinus,0.009,0.026,-1,Echolocation,/mnt/ubna_data_02_mir/recover-20221013/UBNA_001/20221012_030000.WAV,Telephone Field,recover-20221013,001,1795
1724.6355,1724.6461,45234,48400,Pipistrellus pipistrellus,0.046,0.048,-1,Echolocation,/mnt/ubna_data_02_mir/recover-20221013/UBNA_001/20221012_030000.WAV,Telephone Field,recover-20221013,001,1795
1724.6375,1724.6457,27187,38395,Eptesicus serotinus,0.007,0.022,-1,Echolocation,/mnt/ubna_data_02_mir/recover-20221013/UBNA_001/20221012_030000.WAV,Telephone Field,recover-20221013,001,1795
1724.6375,1724.6795,68437,81981,Rhinolophus ferrumequinum,0.027,0.027,-1,Echolocation,/mnt/ubna_data_02_mir/recover-20221013/UBNA_001/20221012_030000.WAV,Telephone Field,recover-20221013,001,1795
1724.6975,1724.7048,27187,36958,Eptesicus serotinus,0.008,0.025,-1,Echolocation,/mnt/ubna_data_02_mir/recover-20221013/UBNA_001/20221012_030000.WAV,Telephone Field,recover-20221013,001,1795
1724.7205,1724.7254,26328,38738,Plecotus austriacus,0.016,0.043,-1,Echolocation,/mnt/ubna_data_02_mir/recover-20221013/UBNA_001/20221012_030000.WAV,Telephone Field,recover-20221013,001,1795
1724.7515,1724.7652,45234,48332,Pipistrellus pipistrellus,0.039,0.044,-1,Echolocation,/mnt/ubna_data_02_mir/recover-20221013/UBNA_001/20221012_030000.WAV,Telephone Field,recover-20221013,001,1795
1724.7545,1724.7947,68437,82425,Rhinolophus ferrumequinum,0.032,0.032,-1,Echolocation,/mnt/ubna_data_02_mir/recover-20221013/UBNA_001/20221012_030000.WAV,Telephone Field,recover-20221013,001,1795
1724.7675,1724.8081,68437,82776,Rhinolophus ferrumequinum,0.025,0.025,-1,Echolocation,/mnt/ubna_data_02_mir/recover-20221013/UBNA_001/20221012_030000.WAV,Telephone Field,recover-20221013,001,1795
1724.7795,1724.7976,22890,27000,Nyctalus leisleri,0.018,0.035,-1,Echolocation,/mnt/ubna_data_02_mir/recover-20221013/UBNA_001/20221012_030000.WAV,Telephone Field,recover-20221013,001,1795
1724.7895,1724.834,68437,83350,Rhinolophus ferrumequinum,0.042,0.042,-1,Echolocation,/mnt/ubna_data_02_mir/recover-20221013/UBNA_001/20221012_030000.WAV,Telephone Field,recover-20221013,001,1795
1724.8075,1724.818,26328,34119,Eptesicus serotinus,0.016,0.043,-1,Echolocation,/mnt/ubna_data_02_mir/recover-20221013/UBNA_001/20221012_030000.WAV,Telephone Field,recover-20221013,001,1795
1724.8275,1724.8346,28046,39848,Eptesicus serotinus,0.006,0.023,-1,Echolocation,/mnt/ubna_data_02_mir/recover-20221013/UBNA_001/20221012_030000.WAV,Telephone Field,recover-20221013,001,1795
1724.8365,1724.8752,68437,81996,Rhinolophus ferrumequinum,0.026,0.026,-1,Echolocation,/mnt/ubna_data_02_mir/recover-20221013/UBNA_001/20221012_030000.WAV,Telephone Field,recover-20221013,001,1795
1724.8545,1724.8958,68437,83111,Rhinolophus ferrumequinum,0.03,0.03,-1,Echolocation,/mnt/ubna_data_02_mir/recover-20221013/UBNA_001/20221012_030000.WAV,Telephone Field,recover-20221013,001,1795
1724.8755,1724.9147,68437,81773,Rhinolophus ferrumequinum,0.024,0.024,-1,Echolocation,/mnt/ubna_data_02_mir/recover-20221013/UBNA_001/20221012_030000.WAV,Telephone Field,recover-20221013,001,1795
1724.8825,1724.9215,68437,82123,Rhinolophus ferrumequinum,0.023,0.023,-1,Echolocation,/mnt/ubna_data_02_mir/recover-20221013/UBNA_001/20221012_030000.WAV,Telephone Field,recover-20221013,001,1795
1724.9045,1724.9416,68437,81332,Rhinolophus ferrumequinum,0.025,0.025,-1,Echolocation,/mnt/ubna_data_02_mir/recover-20221013/UBNA_001/20221012_030000.WAV,Telephone Field,recover-20221013,001,1795
1724.9555,1725.0011,68437,83423,Rhinolophus ferrumequinum,0.05,0.05,-1,Echolocation,/mnt/ubna_data_02_mir/recover-20221013/UBNA_001/20221012_030000.WAV,Telephone Field,recover-20221013,001,1795
1724.9925,1725.0342,68437,82579,Rhinolophus ferrumequinum,0.031,0.031,-1,Echolocation,/mnt/ubna_data_02_mir/recover-20221013/UBNA_001/20221012_030000.WAV,Telephone Field,recover-20221013,001,1795
1725.0895,1725.1291,68437,81713,Rhinolophus ferrumequinum,0.033,0.033,-1,Echolocation,/mnt/ubna_data_02_mir/recover-20221013/UBNA_001/20221012_030000.WAV,Telephone Field,recover-20221013,001,1795
1725.0945,1725.1031,27187,38532,Eptesicus serotinus,0.008,0.023,-1,Echolocation,/mnt/ubna_data_02_mir/recover-20221013/UBNA_001/20221012_030000.WAV,Telephone Field,recover-20221013,001,1795
1725.1115,1725.1489,68437,81385,Rhinolophus ferrumequinum,0.024,0.024,-1,Echolocation,/mnt/ubna_data_02_mir/recover-20221013/UBNA_001/20221012_030000.WAV,Telephone Field,recover-20221013,001,1795
1725.1135,1725.1216,28906,39041,Eptesicus serotinus,0.007,0.022,-1,Echolocation,/mnt/ubna_data_02_mir/recover-20221013/UBNA_001/20221012_030000.WAV,Telephone Field,recover-20221013,001,1795
1725.1715,1725.2084,68437,82090,Rhinolophus ferrumequinum,0.023,0.023,-1,Echolocation,/mnt/ubna_data_02_mir/recover-20221013/UBNA_001/20221012_030000.WAV,Telephone Field,recover-20221013,001,1795
1725.2005,1725.21,28906,36793,Eptesicus serotinus,0.017,0.031,-1,Echolocation,/mnt/ubna_data_02_mir/recover-20221013/UBNA_001/20221012_030000.WAV,Telephone Field,recover-20221013,001,1795
1725.2165,1725.2236,23750,34236,Plecotus austriacus,0.012,0.027,-1,Echolocation,/mnt/ubna_data_02_mir/recover-20221013/UBNA_001/20221012_030000.WAV,Telephone Field,recover-20221013,001,1795
1725.2405,1725.2815,68437,82023,Rhinolophus ferrumequinum,0.029,0.029,-1,Echolocation,/mnt/ubna_data_02_mir/recover-20221013/UBNA_001/20221012_030000.WAV,Telephone Field,recover-20221013,001,1795
1725.2655,1725.2769,22031,26165,Nyctalus leisleri,0.013,0.023,-1,Echolocation,/mnt/ubna_data_02_mir/recover-20221013/UBNA_001/20221012_030000.WAV,Telephone Field,recover-20221013,001,1795
1725.2795,1725.289,46953,51688,Pipistrellus pipistrellus,0.039,0.04,-1,Echolocation,/mnt/ubna_data_02_mir/recover-20221013/UBNA_001/20221012_030000.WAV,Telephone Field,recover-20221013,001,1795
1725.3505,1725.3581,27187,40328,Eptesicus serotinus,0.007,0.022,-1,Echolocation,/mnt/ubna_data_02_mir/recover-20221013/UBNA_001/20221012_030000.WAV,Telephone Field,recover-20221013,001,1795
1725.3675,1725.3812,40078,44346,Pipistrellus nathusii,0.234,0.288,-1,Echolocation,/mnt/ubna_data_02_mir/recover-20221013/UBNA_001/20221012_030000.WAV,Telephone Field,recover-20221013,001,1795
1725.4125,1725.4216,24609,32577,Eptesicus serotinus,0.006,0.022,-1,Echolocation,/mnt/ubna_data_02_mir/recover-20221013/UBNA_001/20221012_030000.WAV,Telephone Field,recover-20221013,001,1795
1725.4365,1725.4479,39218,43063,Pipistrellus nathusii,0.159,0.201,-1,Echolocation,/mnt/ubna_data_02_mir/recover-20221013/UBNA_001/20221012_030000.WAV,Telephone Field,recover-20221013,001,1795
1725.4395,1725.4471,31484,40060,Myotis daubentonii,0.01,0.023,-1,Echolocation,/mnt/ubna_data_02_mir/recover-20221013/UBNA_001/20221012_030000.WAV,Telephone Field,recover-20221013,001,1795
1725.4445,1725.4816,68437,82604,Rhinolophus ferrumequinum,0.028,0.028,-1,Echolocation,/mnt/ubna_data_02_mir/recover-20221013/UBNA_001/20221012_030000.WAV,Telephone Field,recover-20221013,001,1795
1725.4725,1725.4926,19453,21950,Nyctalus leisleri,0.013,0.022,-1,Echolocation,/mnt/ubna_data_02_mir/recover-20221013/UBNA_001/20221012_030000.WAV,Telephone Field,recover-20221013,001,1795
1725.4815,1725.5216,68437,82402,Rhinolophus ferrumequinum,0.032,0.032,-1,Echolocation,/mnt/ubna_data_02_mir/recover-20221013/UBNA_001/20221012_030000.WAV,Telephone Field,recover-20221013,001,1795
1725.5065,1725.5164,27187,35887,Eptesicus serotinus,0.01,0.024,-1,Echolocation,/mnt/ubna_data_02_mir/recover-20221013/UBNA_001/20221012_030000.WAV,Telephone Field,recover-20221013,001,1795
1725.5145,1725.5257,22890,28612,Nyctalus leisleri,0.011,0.023,-1,Echolocation,/mnt/ubna_data_02_mir/recover-20221013/UBNA_001/20221012_030000.WAV,Telephone Field,recover-20221013,001,1795
1725.5175,1725.5605,68437,83207,Rhinolophus ferrumequinum,0.025,0.025,-1,Echolocation,/mnt/ubna_data_02_mir/recover-20221013/UBNA_001/20221012_030000.WAV,Telephone Field,recover-20221013,001,1795
1725.5385,1725.5487,36640,41542,Barbastellus barbastellus,0.012,0.029,-1,Echolocation,/mnt/ubna_data_02_mir/recover-20221013/UBNA_001/20221012_030000.WAV,Telephone Field,recover-20221013,001,1795
1725.5675,1725.6083,68437,82668,Rhinolophus ferrumequinum,0.026,0.026,-1,Echolocation,/mnt/ubna_data_02_mir/recover-20221013/UBNA_001/20221012_030000.WAV,Telephone Field,recover-20221013,001,1795
1725.6055,1725.6219,21171,24375,Nyctalus leisleri,0.02,0.031,-1,Echolocation,/mnt/ubna_data_02_mir/recover-20221013/UBNA_001/20221012_030000.WAV,Telephone Field,recover-20221013,001,1795
1725.6175,1725.627,50390,54576,Pipistrellus pipistrellus,0.019,0.023,-1,Echolocation,/mnt/ubna_data_02_mir/recover-20221013/UBNA_001/20221012_030000.WAV,Telephone Field,recover-20221013,001,1795
1725.6335,1725.644,28906,37275,Eptesicus serotinus,0.009,0.023,-1,Echolocation,/mnt/ubna_data_02_mir/recover-20221013/UBNA_001/20221012_030000.WAV,Telephone Field,recover-20221013,001,1795
1725.6355,1725.6779,68437,82768,Rhinolophus ferrumequinum,0.024,0.024,-1,Echolocation,/mnt/ubna_data_02_mir/recover-20221013/UBNA_001/20221012_030000.WAV,Telephone Field,recover-20221013,001,1795
1725.6765,1725.7127,68437,80985,Rhinolophus ferrumequinum,0.024,0.024,-1,Echolocation,/mnt/ubna_data_02_mir/recover-20221013/UBNA_001/20221012_030000.WAV,Telephone Field,recover-20221013,001,1795
1725.6975,1725.7072,27187,38874,Eptesicus serotinus,0.009,0.022,-1,Echolocation,/mnt/ubna_data_02_mir/recover-20221013/UBNA_001/20221012_030000.WAV,Telephone Field,recover-20221013,001,1795
1725.6985,1725.7408,68437,83354,Rhinolophus ferrumequinum,0.027,0.027,-1,Echolocation,/mnt/ubna_data_02_mir/recover-20221013/UBNA_001/20221012_030000.WAV,Telephone Field,recover-20221013,001,1795
1725.7205,1725.7577,68437,81730,Rhinolophus ferrumequinum,0.024,0.024,-1,Echolocation,/mnt/ubna_data_02_mir/recover-20221013/UBNA_001/20221012_030000.WAV,Telephone Field,recover-20221013,001,1795
1725.7355,1725.7448,22890,28561,Nyctalus leisleri,0.009,0.022,-1,Echolocation,/mnt/ubna_data_02_mir/recover-20221013/UBNA_001/20221012_030000.WAV,Telephone Field,recover-20221013,001,1795
1725.7585,1725.7674,28906,36773,Eptesicus serotinus,0.008,0.022,-1,Echolocation,/mnt/ubna_data_02_mir/recover-20221013/UBNA_001/20221012_030000.WAV,Telephone Field,recover-20221013,001,1795
1725.7625,1725.8017,68437,81851,Rhinolophus ferrumequinum,0.025,0.025,-1,Echolocation,/mnt/ubna_data_02_mir/recover-20221013/UBNA_001/20221012_030000.WAV,Telephone Field,recover-20221013,001,1795
1725.7675,1725.7779,28046,34836,Eptesicus serotinus,0.01,0.023,-1,Echolocation,/mnt/ubna_data_02_mir/recover-20221013/UBNA_001/20221012_030000.WAV,Telephone Field,recover-20221013,001,1795
1725.7695,1725.8104,68437,82917,Rhinolophus ferrumequinum,0.025,0.025,-1,Echolocation,/mnt/ubna_data_02_mir/recover-20221013/UBNA_001/20221012_030000.WAV,Telephone Field,recover-20221013,001,1795
1725.7915,1725.8021,23750,29551,Nyctalus leisleri,0.012,0.028,-1,Echolocation,/mnt/ubna_data_02_mir/recover-20221013/UBNA_001/20221012_030000.WAV,Telephone Field,recover-20221013,001,1795
1725.7995,1725.8371,68437,81816,Rhinolophus ferrumequinum,0.023,0.023,-1,Echolocation,/mnt/ubna_data_02_mir/recover-20221013/UBNA_001/20221012_030000.WAV,Telephone Field,recover-20221013,001,1795
1725.8465,1725.8848,68437,81626,Rhinolophus ferrumequinum,0.022,0.022,-1,Echolocation,/mnt/ubna_data_02_mir/recover-20221013/UBNA_001/20221012_030000.WAV,Telephone Field,recover-20221013,001,1795
1725.8465,1725.8538,23750,32968,Plecotus austriacus,0.016,0.033,-1,Echolocation,/mnt/ubna_data_02_mir/recover-20221013/UBNA_001/20221012_030000.WAV,Telephone Field,recover-20221013,001,1795
1725.8685,1725.9079,68437,82402,Rhinolophus ferrumequinum,0.031,0.031,-1,Echolocation,/mnt/ubna_data_02_mir/recover-20221013/UBNA_001/20221012_030000.WAV,Telephone Field,recover-20221013,001,1795
1725.9085,1725.9192,22890,26788,Nyctalus leisleri,0.014,0.025,-1,Echolocation,/mnt/ubna_data_02_mir/recover-20221013/UBNA_001/20221012_030000.WAV,Telephone Field,recover-20221013,001,1795
1725.9145,1725.9488,68437,80531,Rhinolophus ferrumequinum,0.022,0.022,-1,Echolocation,/mnt/ubna_data_02_mir/recover-20221013/UBNA_001/20221012_030000.WAV,Telephone Field,recover-20221013,001,1795
1725.9325,1725.941,28906,37680,Eptesicus serotinus,0.01,0.026,-1,Echolocation,/mnt/ubna_data_02_mir/recover-20221013/UBNA_001/20221012_030000.WAV,Telephone Field,recover-20221013,001,1795
1725.9615,1725.9996,68437,81221,Rhinolophus ferrumequinum,0.023,0.023,-1,Echolocation,/mnt/ubna_data_02_mir/recover-20221013/UBNA_001/20221012_030000.WAV,Telephone Field,recover-20221013,001,1795
1725.9865,1725.9958,28046,38777,Eptesicus serotinus,0.009,0.022,-1,Echolocation,/mnt/ubna_data_02_mir/recover-20221013/UBNA_001/20221012_030000.WAV,Telephone Field,recover-20221013,001,1795
1726.0015,1726.0104,22890,30315,Nyctalus leisleri,0.011,0.036,-1,Echolocation,/mnt/ubna_data_02_mir/recover-20221013/UBNA_001/20221012_030000.WAV,Telephone Field,recover-20221013,001,1795
1726.0015,1726.0098,37500,45828,Barbastellus barbastellus,0.005,0.023,-1,Echolocation,/mnt/ubna_data_02_mir/recover-20221013/UBNA_001/20221012_030000.WAV,Telephone Field,recover-20221013,001,1795
1726.0015,1726.0123,45234,49767,Pipistrellus pipistrellus,0.022,0.028,-1,Echolocation,/mnt/ubna_data_02_mir/recover-20221013/UBNA_001/20221012_030000.WAV,Telephone Field,recover-20221013,001,1795
1726.0025,1726.0438,68437,82357,Rhinolophus ferrumequinum,0.028,0.029,-1,Echolocation,/mnt/ubna_data_02_mir/recover-20221013/UBNA_001/20221012_030000.WAV,Telephone Field,recover-20221013,001,1795
1726.0085,1726.0522,68437,83203,Rhinolophus ferrumequinum,0.026,0.026,-1,Echolocation,/mnt/ubna_data_02_mir/recover-20221013/UBNA_001/20221012_030000.WAV,Telephone Field,recover-20221013,001,1795
1726.0545,1726.0617,28046,40321,Eptesicus serotinus,0.007,0.023,-1,Echolocation,/mnt/ubna_data_02_mir/recover-20221013/UBNA_001/20221012_030000.WAV,Telephone Field,recover-20221013,001,1795
1726.0645,1726.103,68437,82222,Rhinolophus ferrumequinum,0.022,0.022,-1,Echolocation,/mnt/ubna_data_02_mir/recover-20221013/UBNA_001/20221012_030000.WAV,Telephone Field,recover-20221013,001,1795
1726.0715,1726.1131,68437,83017,Rhinolophus ferrumequinum,0.026,0.026,-1,Echolocation,/mnt/ubna_data_02_mir/recover-20221013/UBNA_001/20221012_030000.WAV,Telephone Field,recover-20221013,001,1795
1726.0775,1726.0869,22890,28867,Nyctalus leisleri,0.008,0.022,-1,Echolocation,/mnt/ubna_data_02_mir/recover-20221013/UBNA_001/20221012_030000.WAV,Telephone Field,recover-20221013,001,1795
1726.1255,1726.1636,68437,82283,Rhinolophus ferrumequinum,0.023,0.023,-1,Echolocation,/mnt/ubna_data_02_mir/recover-20221013/UBNA_001/20221012_030000.WAV,Telephone Field,recover-20221013,001,1795
1726.1365,1726.1471,22890,27054,Nyctalus leisleri,0.012,0.022,-1,Echolocation,/mnt/ubna_data_02_mir/recover-20221013/UBNA_001/20221012_030000.WAV,Telephone Field,recover-20221013,001,1795
1726.1645,1726.2065,68437,83047,Rhinolophus ferrumequinum,0.023,0.023,-1,Echolocation,/mnt/ubna_data_02_mir/recover-20221013/UBNA_001/20221012_030000.WAV,Telephone Field,recover-20221013,001,1795
1726.1715,1726.179,28046,39272,Eptesicus serotinus,0.007,0.024,-1,Echolocation,/mnt/ubna_data_02_mir/recover-20221013/UBNA_001/20221012_030000.WAV,Telephone Field,recover-20221013,001,1795
1726.1945,1726.2344,68437,82031,Rhinolophus ferrumequinum,0.026,0.026,-1,Echolocation,/mnt/ubna_data_02_mir/recover-20221013/UBNA_001/20221012_030000.WAV,Telephone Field,recover-20221013,001,1795
1726.1975,1726.2076,28906,36276,Eptesicus serotinus,0.01,0.023,-1,Echolocation,/mnt/ubna_data_02_mir/recover-20221013/UBNA_001/20221012_030000.WAV,Telephone Field,recover-20221013,001,1795
1726.2355,1726.2736,68437,82200,Rhinolophus ferrumequinum,0.022,0.022,-1,Echolocation,/mnt/ubna_data_02_mir/recover-20221013/UBNA_001/20221012_030000.WAV,Telephone Field,recover-20221013,001,1795
1726.2475,1726.284,68437,82291,Rhinolophus ferrumequinum,0.022,0.022,-1,Echolocation,/mnt/ubna_data_02_mir/recover-20221013/UBNA_001/20221012_030000.WAV,Telephone Field,recover-20221013,001,1795
1726.2795,1726.291,22031,26390,Nyctalus leisleri,0.014,0.024,-1,Echolocation,/mnt/ubna_data_02_mir/recover-20221013/UBNA_001/20221012_030000.WAV,Telephone Field,recover-20221013,001,1795
1726.2965,1726.3379,68437,82753,Rhinolophus ferrumequinum,0.041,0.041,-1,Echolocation,/mnt/ubna_data_02_mir/recover-20221013/UBNA_001/20221012_030000.WAV,Telephone Field,recover-20221013,001,1795
1726.3265,1726.3344,27187,38501,Eptesicus serotinus,0.007,0.022,-1,Echolocation,/mnt/ubna_data_02_mir/recover-20221013/UBNA_001/20221012_030000.WAV,Telephone Field,recover-20221013,001,1795
1726.3525,1726.3639,23750,28881,Nyctalus leisleri,0.012,0.024,-1,Echolocation,/mnt/ubna_data_02_mir/recover-20221013/UBNA_001/20221012_030000.WAV,Telephone Field,recover-20221013,001,1795
1726.3795,1726.4199,68437,82231,Rhinolophus ferrumequinum,0.022,0.022,-1,Echolocation,/mnt/ubna_data_02_mir/recover-20221013/UBNA_001/20221012_030000.WAV,Telephone Field,recover-20221013,001,1795
1726.3955,1726.4351,68437,82497,Rhinolophus ferrumequinum,0.026,0.026,-1,Echolocation,/mnt/ubna_data_02_mir/recover-20221013/UBNA_001/20221012_030000.WAV,Telephone Field,recover-20221013,001,1795
1726.4215,1726.4614,68437,82894,Rhinolophus ferrumequinum,0.025,0.025,-1,Echolocation,/mnt/ubna_data_02_mir/recover-20221013/UBNA_001/20221012_030000.WAV,Telephone Field,recover-20221013,001,1795
1726.4215,1726.4288999999999,28906,39042,Eptesicus serotinus,0.006,0.025,-1,Echolocation,/mnt/ubna_data_02_mir/recover-20221013/UBNA_001/20221012_030000.WAV,Telephone Field,recover-20221013,001,1795
1726.4475,1726.458,24609,31386,Nyctalus leisleri,0.01,0.026,-1,Echolocation,/mnt/ubna_data_02_mir/recover-20221013/UBNA_001/20221012_030000.WAV,Telephone Field,recover-20221013,001,1795
1726.4605,1726.5002,68437,81928,Rhinolophus ferrumequinum,0.025,0.025,-1,Echolocation,/mnt/ubna_data_02_mir/recover-20221013/UBNA_001/20221012_030000.WAV,Telephone Field,recover-20221013,001,1795
1726.5245,1726.5647,68437,82508,Rhinolophus ferrumequinum,0.021,0.021,-1,Echolocation,/mnt/ubna_data_02_mir/recover-20221013/UBNA_001/20221012_030000.WAV,Telephone Field,recover-20221013,001,1795
1726.5305,1726.5699,68437,82553,Rhinolophus ferrumequinum,0.022,0.022,-1,Echolocation,/mnt/ubna_data_02_mir/recover-20221013/UBNA_001/20221012_030000.WAV,Telephone Field,recover-20221013,001,1795
1726.5465,1726.5883,68437,82386,Rhinolophus ferrumequinum,0.023,0.023,-1,Echolocation,/mnt/ubna_data_02_mir/recover-20221013/UBNA_001/20221012_030000.WAV,Telephone Field,recover-20221013,001,1795
1726.5865,1726.6251,68437,81726,Rhinolophus ferrumequinum,0.023,0.023,-1,Echolocation,/mnt/ubna_data_02_mir/recover-20221013/UBNA_001/20221012_030000.WAV,Telephone Field,recover-20221013,001,1795
1726.5975,1726.6057,27187,38339,Eptesicus serotinus,0.007,0.021,-1,Echolocation,/mnt/ubna_data_02_mir/recover-20221013/UBNA_001/20221012_030000.WAV,Telephone Field,recover-20221013,001,1795
1726.6285,1726.667,68437,81931,Rhinolophus ferrumequinum,0.022,0.022,-1,Echolocation,/mnt/ubna_data_02_mir/recover-20221013/UBNA_001/20221012_030000.WAV,Telephone Field,recover-20221013,001,1795
1726.6335,1726.6446,29765,38961,Eptesicus serotinus,0.013,0.026,-1,Echolocation,/mnt/ubna_data_02_mir/recover-20221013/UBNA_001/20221012_030000.WAV,Telephone Field,recover-20221013,001,1795
1726.6445,1726.6513,47812,57561,Pipistrellus pipistrellus,0.019,0.026,-1,Echolocation,/mnt/ubna_data_02_mir/recover-20221013/UBNA_001/20221012_030000.WAV,Telephone Field,recover-20221013,001,1795
1726.6515,1726.6715,21171,24396,Nyctalus leisleri,0.021,0.036,-1,Echolocation,/mnt/ubna_data_02_mir/recover-20221013/UBNA_001/20221012_030000.WAV,Telephone Field,recover-20221013,001,1795
1726.6635,1726.7026,68437,81782,Rhinolophus ferrumequinum,0.023,0.023,-1,Echolocation,/mnt/ubna_data_02_mir/recover-20221013/UBNA_001/20221012_030000.WAV,Telephone Field,recover-20221013,001,1795
1726.6745,1726.7175,68437,82841,Rhinolophus ferrumequinum,0.029,0.029,-1,Echolocation,/mnt/ubna_data_02_mir/recover-20221013/UBNA_001/20221012_030000.WAV,Telephone Field,recover-20221013,001,1795
1726.6845,1726.7238,68437,82691,Rhinolophus ferrumequinum,0.024,0.024,-1,Echolocation,/mnt/ubna_data_02_mir/recover-20221013/UBNA_001/20221012_030000.WAV,Telephone Field,recover-20221013,001,1795
1726.7175,1726.7292,49531,53975,Pipistrellus pipistrellus,0.018,0.021,-1,Echolocation,/mnt/ubna_data_02_mir/recover-20221013/UBNA_001/20221012_030000.WAV,Telephone Field,recover-20221013,001,1795
1726.7415,1726.7821,68437,82332,Rhinolophus ferrumequinum,0.026,0.026,-1,Echolocation,/mnt/ubna_data_02_mir/recover-20221013/UBNA_001/20221012_030000.WAV,Telephone Field,recover-20221013,001,1795
1726.7685,1726.7778,28906,38206,Eptesicus serotinus,0.009,0.024,-1,Echolocation,/mnt/ubna_data_02_mir/recover-20221013/UBNA_001/20221012_030000.WAV,Telephone Field,recover-20221013,001,1795
1726.7955,1726.8047,47812,56352,Pipistrellus pipistrellus,0.023,0.026,-1,Echolocation,/mnt/ubna_data_02_mir/recover-20221013/UBNA_001/20221012_030000.WAV,Telephone Field,recover-20221013,001,1795
1726.8235,1726.8629,68437,82584,Rhinolophus ferrumequinum,0.026,0.026,-1,Echolocation,/mnt/ubna_data_02_mir/recover-20221013/UBNA_001/20221012_030000.WAV,Telephone Field,recover-20221013,001,1795
1726.8345,1726.8469,22031,26111,Nyctalus leisleri,0.014,0.023,-1,Echolocation,/mnt/ubna_data_02_mir/recover-20221013/UBNA_001/20221012_030000.WAV,Telephone Field,recover-20221013,001,1795
1726.8525,1726.887,68437,80691,Rhinolophus ferrumequinum,0.023,0.023,-1,Echolocation,/mnt/ubna_data_02_mir/recover-20221013/UBNA_001/20221012_030000.WAV,Telephone Field,recover-20221013,001,1795
1726.8625,1726.8726,26328,33371,Eptesicus serotinus,0.016,0.039,-1,Echolocation,/mnt/ubna_data_02_mir/recover-20221013/UBNA_001/20221012_030000.WAV,Telephone Field,recover-20221013,001,1795
1726.8635,1726.904,68437,82125,Rhinolophus ferrumequinum,0.03,0.03,-1,Echolocation,/mnt/ubna_data_02_mir/recover-20221013/UBNA_001/20221012_030000.WAV,Telephone Field,recover-20221013,001,1795
1726.8765,1726.9126,68437,80732,Rhinolophus ferrumequinum,0.029,0.029,-1,Echolocation,/mnt/ubna_data_02_mir/recover-20221013/UBNA_001/20221012_030000.WAV,Telephone Field,recover-20221013,001,1795
1726.9155,1726.9573,68437,82903,Rhinolophus ferrumequinum,0.033,0.033,-1,Echolocation,/mnt/ubna_data_02_mir/recover-20221013/UBNA_001/20221012_030000.WAV,Telephone Field,recover-20221013,001,1795
1726.9535,1726.9926,68437,82494,Rhinolophus ferrumequinum,0.023,0.023,-1,Echolocation,/mnt/ubna_data_02_mir/recover-20221013/UBNA_001/20221012_030000.WAV,Telephone Field,recover-20221013,001,1795
1726.9625,1727.0039,68437,82150,Rhinolophus ferrumequinum,0.024,0.024,-1,Echolocation,/mnt/ubna_data_02_mir/recover-20221013/UBNA_001/20221012_030000.WAV,Telephone Field,recover-20221013,001,1795
1726.9705,1727.0112,68437,81573,Rhinolophus ferrumequinum,0.026,0.026,-1,Echolocation,/mnt/ubna_data_02_mir/recover-20221013/UBNA_001/20221012_030000.WAV,Telephone Field,recover-20221013,001,1795
1726.9895,1727.0288,68437,82487,Rhinolophus ferrumequinum,0.028,0.028,-1,Echolocation,/mnt/ubna_data_02_mir/recover-20221013/UBNA_001/20221012_030000.WAV,Telephone Field,recover-20221013,001,1795
1726.9935,1727.0033,44375,50339,Pipistrellus pipistrellus,0.021,0.023,-1,Echolocation,/mnt/ubna_data_02_mir/recover-20221013/UBNA_001/20221012_030000.WAV,Telephone Field,recover-20221013,001,1795
1727.0035,1727.0111,28046,40098,Eptesicus serotinus,0.007,0.022,-1,Echolocation,/mnt/ubna_data_02_mir/recover-20221013/UBNA_001/20221012_030000.WAV,Telephone Field,recover-20221013,001,1795
1727.0315,1727.0694,68437,82160,Rhinolophus ferrumequinum,0.021,0.021,-1,Echolocation,/mnt/ubna_data_02_mir/recover-20221013/UBNA_001/20221012_030000.WAV,Telephone Field,recover-20221013,001,1795
1727.0525,1727.0923,68437,82245,Rhinolophus ferrumequinum,0.025,0.025,-1,Echolocation,/mnt/ubna_data_02_mir/recover-20221013/UBNA_001/20221012_030000.WAV,Telephone Field,recover-20221013,001,1795
1727.0825,1727.1218,68437,82112,Rhinolophus ferrumequinum,0.022,0.022,-1,Echolocation,/mnt/ubna_data_02_mir/recover-20221013/UBNA_001/20221012_030000.WAV,Telephone Field,recover-20221013,001,1795
1727.0965,1727.1347,68437,82243,Rhinolophus ferrumequinum,0.022,0.022,-1,Echolocation,/mnt/ubna_data_02_mir/recover-20221013/UBNA_001/20221012_030000.WAV,Telephone Field,recover-20221013,001,1795
1727.1145,1727.1524,68437,81846,Rhinolophus ferrumequinum,0.03,0.03,-1,Echolocation,/mnt/ubna_data_02_mir/recover-20221013/UBNA_001/20221012_030000.WAV,Telephone Field,recover-20221013,001,1795
1727.1345,1727.1752,68437,82513,Rhinolophus ferrumequinum,0.024,0.024,-1,Echolocation,/mnt/ubna_data_02_mir/recover-20221013/UBNA_001/20221012_030000.WAV,Telephone Field,recover-20221013,001,1795
1727.1515,1727.1914,68437,82622,Rhinolophus ferrumequinum,0.023,0.023,-1,Echolocation,/mnt/ubna_data_02_mir/recover-20221013/UBNA_001/20221012_030000.WAV,Telephone Field,recover-20221013,001,1795
1727.1645,1727.1718,24609,34597,Plecotus austriacus,0.01,0.029,-1,Echolocation,/mnt/ubna_data_02_mir/recover-20221013/UBNA_001/20221012_030000.WAV,Telephone Field,recover-20221013,001,1795
1727.1715,1727.2147,68437,82950,Rhinolophus ferrumequinum,0.03,0.03,-1,Echolocation,/mnt/ubna_data_02_mir/recover-20221013/UBNA_001/20221012_030000.WAV,Telephone Field,recover-20221013,001,1795
1727.2015,1727.2434,68437,82159,Rhinolophus ferrumequinum,0.037,0.037,-1,Echolocation,/mnt/ubna_data_02_mir/recover-20221013/UBNA_001/20221012_030000.WAV,Telephone Field,recover-20221013,001,1795
1727.2375,1727.278,68437,82591,Rhinolophus ferrumequinum,0.023,0.024,-1,Echolocation,/mnt/ubna_data_02_mir/recover-20221013/UBNA_001/20221012_030000.WAV,Telephone Field,recover-20221013,001,1795
1727.2635,1727.3011,68437,81826,Rhinolophus ferrumequinum,0.022,0.022,-1,Echolocation,/mnt/ubna_data_02_mir/recover-20221013/UBNA_001/20221012_030000.WAV,Telephone Field,recover-20221013,001,1795
1727.2995,1727.3463,68437,83642,Rhinolophus ferrumequinum,0.035,0.035,-1,Echolocation,/mnt/ubna_data_02_mir/recover-20221013/UBNA_001/20221012_030000.WAV,Telephone Field,recover-20221013,001,1795
1727.3505,1727.3905,68437,82542,Rhinolophus ferrumequinum,0.022,0.022,-1,Echolocation,/mnt/ubna_data_02_mir/recover-20221013/UBNA_001/20221012_030000.WAV,Telephone Field,recover-20221013,001,1795
1727.3625,1727.3721,24609,31890,Nyctalus leisleri,0.009,0.029,-1,Echolocation,/mnt/ubna_data_02_mir/recover-20221013/UBNA_001/20221012_030000.WAV,Telephone Field,recover-20221013,001,1795
1727.3945,1727.4354,68437,82410,Rhinolophus ferrumequinum,0.028,0.028,-1,Echolocation,/mnt/ubna_data_02_mir/recover-20221013/UBNA_001/20221012_030000.WAV,Telephone Field,recover-20221013,001,1795
1727.3945,1727.4073,23750,28396,Nyctalus leisleri,0.015,0.027,-1,Echolocation,/mnt/ubna_data_02_mir/recover-20221013/UBNA_001/20221012_030000.WAV,Telephone Field,recover-20221013,001,1795
1727.4095,1727.4501,68437,82606,Rhinolophus ferrumequinum,0.027,0.027,-1,Echolocation,/mnt/ubna_data_02_mir/recover-20221013/UBNA_001/20221012_030000.WAV,Telephone Field,recover-20221013,001,1795
1727.4435,1727.4778,68437,79873,Rhinolophus ferrumequinum,0.022,0.022,-1,Echolocation,/mnt/ubna_data_02_mir/recover-20221013/UBNA_001/20221012_030000.WAV,Telephone Field,recover-20221013,001,1795
1727.4495,1727.4614,22031,28131,Nyctalus leisleri,0.017,0.052,-1,Echolocation,/mnt/ubna_data_02_mir/recover-20221013/UBNA_001/20221012_030000.WAV,Telephone Field,recover-20221013,001,1795
1727.4675,1727.5077,68437,82328,Rhinolophus ferrumequinum,0.024,0.024,-1,Echolocation,/mnt/ubna_data_02_mir/recover-20221013/UBNA_001/20221012_030000.WAV,Telephone Field,recover-20221013,001,1795
1727.4765,1727.5158,68437,81951,Rhinolophus ferrumequinum,0.022,0.022,-1,Echolocation,/mnt/ubna_data_02_mir/recover-20221013/UBNA_001/20221012_030000.WAV,Telephone Field,recover-20221013,001,1795
1727.4835,1727.5228,68437,81617,Rhinolophus ferrumequinum,0.023,0.023,-1,Echolocation,/mnt/ubna_data_02_mir/recover-20221013/UBNA_001/20221012_030000.WAV,Telephone Field,recover-20221013,001,1795
1727.5115,1727.5529,68437,82729,Rhinolophus ferrumequinum,0.03,0.03,-1,Echolocation,/mnt/ubna_data_02_mir/recover-20221013/UBNA_001/20221012_030000.WAV,Telephone Field,recover-20221013,001,1795
1727.5185,1727.5281,50390,54709,Pipistrellus pipistrellus,0.023,0.029,-1,Echolocation,/mnt/ubna_data_02_mir/recover-20221013/UBNA_001/20221012_030000.WAV,Telephone Field,recover-20221013,001,1795
1727.5225,1727.5614,68437,82014,Rhinolophus ferrumequinum,0.023,0.023,-1,Echolocation,/mnt/ubna_data_02_mir/recover-20221013/UBNA_001/20221012_030000.WAV,Telephone Field,recover-20221013,001,1795
1727.5235,1727.5334,28906,37214,Eptesicus serotinus,0.01,0.024,-1,Echolocation,/mnt/ubna_data_02_mir/recover-20221013/UBNA_001/20221012_030000.WAV,Telephone Field,recover-20221013,001,1795
1727.5325,1727.5731,68437,83156,Rhinolophus ferrumequinum,0.024,0.024,-1,Echolocation,/mnt/ubna_data_02_mir/recover-20221013/UBNA_001/20221012_030000.WAV,Telephone Field,recover-20221013,001,1795
1727.5355,1727.545,28906,36590,Eptesicus serotinus,0.012,0.027,-1,Echolocation,/mnt/ubna_data_02_mir/recover-20221013/UBNA_001/20221012_030000.WAV,Telephone Field,recover-20221013,001,1795
1727.5695,1727.6084,68437,81996,Rhinolophus ferrumequinum,0.021,0.022,-1,Echolocation,/mnt/ubna_data_02_mir/recover-20221013/UBNA_001/20221012_030000.WAV,Telephone Field,recover-20221013,001,1795
1727.5935,1727.6027,27187,35695,Eptesicus serotinus,0.009,0.022,-1,Echolocation,/mnt/ubna_data_02_mir/recover-20221013/UBNA_001/20221012_030000.WAV,Telephone Field,recover-20221013,001,1795
1727.6085,1727.6202,28046,35687,Eptesicus serotinus,0.013,0.026,-1,Echolocation,/mnt/ubna_data_02_mir/recover-20221013/UBNA_001/20221012_030000.WAV,Telephone Field,recover-20221013,001,1795
1727.6125,1727.6517,68437,82388,Rhinolophus ferrumequinum,0.026,0.026,-1,Echolocation,/mnt/ubna_data_02_mir/recover-20221013/UBNA_001/20221012_030000.WAV,Telephone Field,recover-20221013,001,1795
1727.6405,1727.679,68437,82028,Rhinolophus ferrumequinum,0.026,0.026,-1,Echolocation,/mnt/ubna_data_02_mir/recover-20221013/UBNA_001/20221012_030000.WAV,Telephone Field,recover-20221013,001,1795
1727.6435,1727.6524,28906,39720,Eptesicus serotinus,0.009,0.025,-1,Echolocation,/mnt/ubna_data_02_mir/recover-20221013/UBNA_001/20221012_030000.WAV,Telephone Field,recover-20221013,001,1795
1727.6465,1727.6538,24609,33696,Plecotus austriacus,0.009,0.024,-1,Echolocation,/mnt/ubna_data_02_mir/recover-20221013/UBNA_001/20221012_030000.WAV,Telephone Field,recover-20221013,001,1795
1727.6785,1727.7123,68437,81120,Rhinolophus ferrumequinum,0.021,0.021,-1,Echolocation,/mnt/ubna_data_02_mir/recover-20221013/UBNA_001/20221012_030000.WAV,Telephone Field,recover-20221013,001,1795
1727.6955,1727.7333,68437,82158,Rhinolophus ferrumequinum,0.022,0.022,-1,Echolocation,/mnt/ubna_data_02_mir/recover-20221013/UBNA_001/20221012_030000.WAV,Telephone Field,recover-20221013,001,1795
1727.7095,1727.753,68437,83503,Rhinolophus ferrumequinum,0.041,0.041,-1,Echolocation,/mnt/ubna_data_02_mir/recover-20221013/UBNA_001/20221012_030000.WAV,Telephone Field,recover-20221013,001,1795
1727.7265,1727.7345,28046,39079,Eptesicus serotinus,0.007,0.023,-1,Echolocation,/mnt/ubna_data_02_mir/recover-20221013/UBNA_001/20221012_030000.WAV,Telephone Field,recover-20221013,001,1795
1727.7285,1727.7384,22031,27906,Nyctalus leisleri,0.008,0.022,-1,Echolocation,/mnt/ubna_data_02_mir/recover-20221013/UBNA_001/20221012_030000.WAV,Telephone Field,recover-20221013,001,1795
1727.7515,1727.7887,68437,82228,Rhinolophus ferrumequinum,0.031,0.031,-1,Echolocation,/mnt/ubna_data_02_mir/recover-20221013/UBNA_001/20221012_030000.WAV,Telephone Field,recover-20221013,001,1795
1727.7525,1727.761,28046,40087,Eptesicus serotinus,0.008,0.022,-1,Echolocation,/mnt/ubna_data_02_mir/recover-20221013/UBNA_001/20221012_030000.WAV,Telephone Field,recover-20221013,001,1795
1727.7775,1727.7863,43515,50749,Pipistrellus pipistrellus,0.019,0.022,-1,Echolocation,/mnt/ubna_data_02_mir/recover-20221013/UBNA_001/20221012_030000.WAV,Telephone Field,recover-20221013,001,1795
1727.7795,1727.8241,68437,83090,Rhinolophus ferrumequinum,0.037,0.038,-1,Echolocation,/mnt/ubna_data_02_mir/recover-20221013/UBNA_001/20221012_030000.WAV,Telephone Field,recover-20221013,001,1795
1727.7845,1727.7921,26328,38012,Eptesicus serotinus,0.007,0.022,-1,Echolocation,/mnt/ubna_data_02_mir/recover-20221013/UBNA_001/20221012_030000.WAV,Telephone Field,recover-20221013,001,1795
1727.8315,1727.8421,22890,27345,Nyctalus leisleri,0.011,0.022,-1,Echolocation,/mnt/ubna_data_02_mir/recover-20221013/UBNA_001/20221012_030000.WAV,Telephone Field,recover-20221013,001,1795
1727.8445,1727.8861,68437,82598,Rhinolophus ferrumequinum,0.053,0.053,-1,Echolocation,/mnt/ubna_data_02_mir/recover-20221013/UBNA_001/20221012_030000.WAV,Telephone Field,recover-20221013,001,1795
1727.8595,1727.8662,28046,41855,Eptesicus serotinus,0.007,0.028,-1,Echolocation,/mnt/ubna_data_02_mir/recover-20221013/UBNA_001/20221012_030000.WAV,Telephone Field,recover-20221013,001,1795
1727.8615,1727.8989,68437,81331,Rhinolophus ferrumequinum,0.022,0.022,-1,Echolocation,/mnt/ubna_data_02_mir/recover-20221013/UBNA_001/20221012_030000.WAV,Telephone Field,recover-20221013,001,1795
1727.8705,1727.8787,28046,38066,Eptesicus serotinus,0.009,0.025,-1,Echolocation,/mnt/ubna_data_02_mir/recover-20221013/UBNA_001/20221012_030000.WAV,Telephone Field,recover-20221013,001,1795
1727.8865,1727.8947,28046,40141,Eptesicus serotinus,0.007,0.022,-1,Echolocation,/mnt/ubna_data_02_mir/recover-20221013/UBNA_001/20221012_030000.WAV,Telephone Field,recover-20221013,001,1795
1727.8865,1727.9267,68437,82876,Rhinolophus ferrumequinum,0.025,0.025,-1,Echolocation,/mnt/ubna_data_02_mir/recover-20221013/UBNA_001/20221012_030000.WAV,Telephone Field,recover-20221013,001,1795
1727.8875,1727.8956,23750,32043,Plecotus austriacus,0.008,0.022,-1,Echolocation,/mnt/ubna_data_02_mir/recover-20221013/UBNA_001/20221012_030000.WAV,Telephone Field,recover-20221013,001,1795
1727.9075,1727.9428,68437,80851,Rhinolophus ferrumequinum,0.021,0.021,-1,Echolocation,/mnt/ubna_data_02_mir/recover-20221013/UBNA_001/20221012_030000.WAV,Telephone Field,recover-20221013,001,1795
1727.9395,1727.9468,28046,39758,Eptesicus serotinus,0.007,0.023,-1,Echolocation,/mnt/ubna_data_02_mir/recover-20221013/UBNA_001/20221012_030000.WAV,Telephone Field,recover-20221013,001,1795
1727.9565,1727.9977,68437,82890,Rhinolophus ferrumequinum,0.023,0.023,-1,Echolocation,/mnt/ubna_data_02_mir/recover-20221013/UBNA_001/20221012_030000.WAV,Telephone Field,recover-20221013,001,1795
1727.9805,1727.9883,27187,39877,Eptesicus serotinus,0.007,0.023,-1,Echolocation,/mnt/ubna_data_02_mir/recover-20221013/UBNA_001/20221012_030000.WAV,Telephone Field,recover-20221013,001,1795
1728.0015,1728.034,68437,80299,Rhinolophus ferrumequinum,0.029,0.029,-1,Echolocation,/mnt/ubna_data_02_mir/recover-20221013/UBNA_001/20221012_030000.WAV,Telephone Field,recover-20221013,001,1795
1728.0015,1728.0133,21171,25615,Nyctalus leisleri,0.016,0.034,-1,Echolocation,/mnt/ubna_data_02_mir/recover-20221013/UBNA_001/20221012_030000.WAV,Telephone Field,recover-20221013,001,1795
1728.0175,1728.0282,46953,51055,Pipistrellus pipistrellus,0.021,0.023,-1,Echolocation,/mnt/ubna_data_02_mir/recover-20221013/UBNA_001/20221012_030000.WAV,Telephone Field,recover-20221013,001,1795
1728.0185,1728.0606,68437,83217,Rhinolophus ferrumequinum,0.026,0.026,-1,Echolocation,/mnt/ubna_data_02_mir/recover-20221013/UBNA_001/20221012_030000.WAV,Telephone Field,recover-20221013,001,1795
1728.0295,1728.0663,68437,81765,Rhinolophus ferrumequinum,0.021,0.021,-1,Echolocation,/mnt/ubna_data_02_mir/recover-20221013/UBNA_001/20221012_030000.WAV,Telephone Field,recover-20221013,001,1795
1728.0445,1728.0841,68437,82248,Rhinolophus ferrumequinum,0.023,0.023,-1,Echolocation,/mnt/ubna_data_02_mir/recover-20221013/UBNA_001/20221012_030000.WAV,Telephone Field,recover-20221013,001,1795
1728.0645,1728.0999,68437,80871,Rhinolophus ferrumequinum,0.024,0.024,-1,Echolocation,/mnt/ubna_data_02_mir/recover-20221013/UBNA_001/20221012_030000.WAV,Telephone Field,recover-20221013,001,1795
1728.0735,1728.0828,46953,50889,Pipistrellus pipistrellus,0.034,0.037,-1,Echolocation,/mnt/ubna_data_02_mir/recover-20221013/UBNA_001/20221012_030000.WAV,Telephone Field,recover-20221013,001,1795
1728.0745,1728.0826,28046,43392,Eptesicus serotinus,0.007,0.022,-1,Echolocation,/mnt/ubna_data_02_mir/recover-20221013/UBNA_001/20221012_030000.WAV,Telephone Field,recover-20221013,001,1795
1728.0815,1728.0908,28906,37808,Eptesicus serotinus,0.01,0.024,-1,Echolocation,/mnt/ubna_data_02_mir/recover-20221013/UBNA_001/20221012_030000.WAV,Telephone Field,recover-20221013,001,1795
1728.1135,1728.1202,28906,39533,Eptesicus serotinus,0.006,0.023,-1,Echolocation,/mnt/ubna_data_02_mir/recover-20221013/UBNA_001/20221012_030000.WAV,Telephone Field,recover-20221013,001,1795
1728.1145,1728.1559,68437,82675,Rhinolophus ferrumequinum,0.029,0.029,-1,Echolocation,/mnt/ubna_data_02_mir/recover-20221013/UBNA_001/20221012_030000.WAV,Telephone Field,recover-20221013,001,1795
1728.1355,1728.175,68437,81644,Rhinolophus ferrumequinum,0.021,0.021,-1,Echolocation,/mnt/ubna_data_02_mir/recover-20221013/UBNA_001/20221012_030000.WAV,Telephone Field,recover-20221013,001,1795
1728.1395,1728.1487,28906,38008,Eptesicus serotinus,0.009,0.023,-1,Echolocation,/mnt/ubna_data_02_mir/recover-20221013/UBNA_001/20221012_030000.WAV,Telephone Field,recover-20221013,001,1795
1728.1675,1728.176,28046,40390,Eptesicus serotinus,0.008,0.023,-1,Echolocation,/mnt/ubna_data_02_mir/recover-20221013/UBNA_001/20221012_030000.WAV,Telephone Field,recover-20221013,001,1795
1728.1685,1728.208,68437,82073,Rhinolophus ferrumequinum,0.021,0.022,-1,Echolocation,/mnt/ubna_data_02_mir/recover-20221013/UBNA_001/20221012_030000.WAV,Telephone Field,recover-20221013,001,1795
1728.1785,1728.2156,68437,82119,Rhinolophus ferrumequinum,0.021,0.021,-1,Echolocation,/mnt/ubna_data_02_mir/recover-20221013/UBNA_001/20221012_030000.WAV,Telephone Field,recover-20221013,001,1795
1728.2495,1728.2903,68437,82581,Rhinolophus ferrumequinum,0.026,0.026,-1,Echolocation,/mnt/ubna_data_02_mir/recover-20221013/UBNA_001/20221012_030000.WAV,Telephone Field,recover-20221013,001,1795
1728.2765,1728.2858,28046,36856,Eptesicus serotinus,0.009,0.024,-1,Echolocation,/mnt/ubna_data_02_mir/recover-20221013/UBNA_001/20221012_030000.WAV,Telephone Field,recover-20221013,001,1795
1728.3025,1728.3143,22031,25801,Nyctalus leisleri,0.014,0.024,-1,Echolocation,/mnt/ubna_data_02_mir/recover-20221013/UBNA_001/20221012_030000.WAV,Telephone Field,recover-20221013,001,1795
1728.3475,1728.3584,42656,46157,Pipistrellus pipistrellus,0.034,0.04,-1,Echolocation,/mnt/ubna_data_02_mir/recover-20221013/UBNA_001/20221012_030000.WAV,Telephone Field,recover-20221013,001,1795
1728.3715,1728.3822,24609,29823,Nyctalus leisleri,0.014,0.031,-1,Echolocation,/mnt/ubna_data_02_mir/recover-20221013/UBNA_001/20221012_030000.WAV,Telephone Field,recover-20221013,001,1795
1728.3765,1728.4135,68437,82000,Rhinolophus ferrumequinum,0.021,0.022,-1,Echolocation,/mnt/ubna_data_02_mir/recover-20221013/UBNA_001/20221012_030000.WAV,Telephone Field,recover-20221013,001,1795
1728.4145,1728.4533,68437,82073,Rhinolophus ferrumequinum,0.025,0.025,-1,Echolocation,/mnt/ubna_data_02_mir/recover-20221013/UBNA_001/20221012_030000.WAV,Telephone Field,recover-20221013,001,1795
1728.4365,1728.4784,68437,82899,Rhinolophus ferrumequinum,0.023,0.023,-1,Echolocation,/mnt/ubna_data_02_mir/recover-20221013/UBNA_001/20221012_030000.WAV,Telephone Field,recover-20221013,001,1795
1728.4445,1728.4521,28046,38615,Eptesicus serotinus,0.006,0.022,-1,Echolocation,/mnt/ubna_data_02_mir/recover-20221013/UBNA_001/20221012_030000.WAV,Telephone Field,recover-20221013,001,1795
1728.4885,1728.5297,68437,82753,Rhinolophus ferrumequinum,0.027,0.027,-1,Echolocation,/mnt/ubna_data_02_mir/recover-20221013/UBNA_001/20221012_030000.WAV,Telephone Field,recover-20221013,001,1795
1728.4955,1728.5358,68437,82478,Rhinolophus ferrumequinum,0.023,0.024,-1,Echolocation,/mnt/ubna_data_02_mir/recover-20221013/UBNA_001/20221012_030000.WAV,Telephone Field,recover-20221013,001,1795
1728.5015,1728.5095,28046,38278,Eptesicus serotinus,0.008,0.021,-1,Echolocation,/mnt/ubna_data_02_mir/recover-20221013/UBNA_001/20221012_030000.WAV,Telephone Field,recover-20221013,001,1795
1728.5275,1728.5363,28046,41034,Eptesicus serotinus,0.008,0.022,-1,Echolocation,/mnt/ubna_data_02_mir/recover-20221013/UBNA_001/20221012_030000.WAV,Telephone Field,recover-20221013,001,1795
1728.5445,1728.5531,28046,36774,Eptesicus serotinus,0.007,0.021,-1,Echolocation,/mnt/ubna_data_02_mir/recover-20221013/UBNA_001/20221012_030000.WAV,Telephone Field,recover-20221013,001,1795
1728.5635,1728.6042,68437,82583,Rhinolophus ferrumequinum,0.036,0.036,-1,Echolocation,/mnt/ubna_data_02_mir/recover-20221013/UBNA_001/20221012_030000.WAV,Telephone Field,recover-20221013,001,1795
1728.5655,1728.5741,28046,37379,Eptesicus serotinus,0.007,0.021,-1,Echolocation,/mnt/ubna_data_02_mir/recover-20221013/UBNA_001/20221012_030000.WAV,Telephone Field,recover-20221013,001,1795
1728.5835,1728.6227,68437,82348,Rhinolophus ferrumequinum,0.022,0.022,-1,Echolocation,/mnt/ubna_data_02_mir/recover-20221013/UBNA_001/20221012_030000.WAV,Telephone Field,recover-20221013,001,1795
1728.6075,1728.6184,29765,36982,Eptesicus serotinus,0.013,0.027,-1,Echolocation,/mnt/ubna_data_02_mir/recover-20221013/UBNA_001/20221012_030000.WAV,Telephone Field,recover-20221013,001,1795
1728.6165,1728.626,28906,36853,Eptesicus serotinus,0.008,0.023,-1,Echolocation,/mnt/ubna_data_02_mir/recover-20221013/UBNA_001/20221012_030000.WAV,Telephone Field,recover-20221013,001,1795
1728.6315,1728.6392,47812,51108,Pipistrellus pipistrellus,0.02,0.022,-1,Echolocation,/mnt/ubna_data_02_mir/recover-20221013/UBNA_001/20221012_030000.WAV,Telephone Field,recover-20221013,001,1795
1728.6335,1728.6443,22890,28740,Nyctalus leisleri,0.009,0.023,-1,Echolocation,/mnt/ubna_data_02_mir/recover-20221013/UBNA_001/20221012_030000.WAV,Telephone Field,recover-20221013,001,1795
1728.6445,1728.6803,68437,81729,Rhinolophus ferrumequinum,0.022,0.022,-1,Echolocation,/mnt/ubna_data_02_mir/recover-20221013/UBNA_001/20221012_030000.WAV,Telephone Field,recover-20221013,001,1795
1728.6785,1728.7157,68437,81619,Rhinolophus ferrumequinum,0.021,0.022,-1,Echolocation,/mnt/ubna_data_02_mir/recover-20221013/UBNA_001/20221012_030000.WAV,Telephone Field,recover-20221013,001,1795
1728.7025,1728.737,68437,80883,Rhinolophus ferrumequinum,0.024,0.024,-1,Echolocation,/mnt/ubna_data_02_mir/recover-20221013/UBNA_001/20221012_030000.WAV,Telephone Field,recover-20221013,001,1795
1728.7115,1728.7173,28046,44217,Myotis daubentonii,0.008,0.03,-1,Echolocation,/mnt/ubna_data_02_mir/recover-20221013/UBNA_001/20221012_030000.WAV,Telephone Field,recover-20221013,001,1795
1728.7355,1728.7751,68437,81927,Rhinolophus ferrumequinum,0.024,0.024,-1,Echolocation,/mnt/ubna_data_02_mir/recover-20221013/UBNA_001/20221012_030000.WAV,Telephone Field,recover-20221013,001,1795
1728.7525,1728.7623,24609,31359,Nyctalus leisleri,0.008,0.023,-1,Echolocation,/mnt/ubna_data_02_mir/recover-20221013/UBNA_001/20221012_030000.WAV,Telephone Field,recover-20221013,001,1795
1728.7905,1728.8301,68437,82279,Rhinolophus ferrumequinum,0.022,0.022,-1,Echolocation,/mnt/ubna_data_02_mir/recover-20221013/UBNA_001/20221012_030000.WAV,Telephone Field,recover-20221013,001,1795
1728.8365,1728.8783,68437,82018,Rhinolophus ferrumequinum,0.024,0.024,-1,Echolocation,/mnt/ubna_data_02_mir/recover-20221013/UBNA_001/20221012_030000.WAV,Telephone Field,recover-20221013,001,1795
1728.8585,1728.8701,24609,29689,Nyctalus leisleri,0.019,0.039,-1,Echolocation,/mnt/ubna_data_02_mir/recover-20221013/UBNA_001/20221012_030000.WAV,Telephone Field,recover-20221013,001,1795
1728.8705,1728.9052,68437,81099,Rhinolophus ferrumequinum,0.021,0.022,-1,Echolocation,/mnt/ubna_data_02_mir/recover-20221013/UBNA_001/20221012_030000.WAV,Telephone Field,recover-20221013,001,1795
1728.8815,1728.89,25468,33218,Eptesicus serotinus,0.008,0.022,-1,Echolocation,/mnt/ubna_data_02_mir/recover-20221013/UBNA_001/20221012_030000.WAV,Telephone Field,recover-20221013,001,1795
1728.8935,1728.9317,68437,81634,Rhinolophus ferrumequinum,0.023,0.023,-1,Echolocation,/mnt/ubna_data_02_mir/recover-20221013/UBNA_001/20221012_030000.WAV,Telephone Field,recover-20221013,001,1795
1728.9435,1728.9838,68437,82209,Rhinolophus ferrumequinum,0.023,0.023,-1,Echolocation,/mnt/ubna_data_02_mir/recover-20221013/UBNA_001/20221012_030000.WAV,Telephone Field,recover-20221013,001,1795
1728.9645,1728.9716,23750,32586,Plecotus austriacus,0.009,0.023,-1,Echolocation,/mnt/ubna_data_02_mir/recover-20221013/UBNA_001/20221012_030000.WAV,Telephone Field,recover-20221013,001,1795
1728.9785,1728.9874,28046,38458,Eptesicus serotinus,0.008,0.023,-1,Echolocation,/mnt/ubna_data_02_mir/recover-20221013/UBNA_001/20221012_030000.WAV,Telephone Field,recover-20221013,001,1795
1728.9985,1729.0363,68437,81663,Rhinolophus ferrumequinum,0.022,0.022,-1,Echolocation,/mnt/ubna_data_02_mir/recover-20221013/UBNA_001/20221012_030000.WAV,Telephone Field,recover-20221013,001,1795
1729.0155,1729.0521,68437,81811,Rhinolophus ferrumequinum,0.022,0.022,-1,Echolocation,/mnt/ubna_data_02_mir/recover-20221013/UBNA_001/20221012_030000.WAV,Telephone Field,recover-20221013,001,1795
1729.0215,1729.0284,26328,37047,Eptesicus serotinus,0.011,0.041,-1,Echolocation,/mnt/ubna_data_02_mir/recover-20221013/UBNA_001/20221012_030000.WAV,Telephone Field,recover-20221013,001,1795
1729.0555,1729.0629,28046,39336,Eptesicus serotinus,0.006,0.021,-1,Echolocation,/mnt/ubna_data_02_mir/recover-20221013/UBNA_001/20221012_030000.WAV,Telephone Field,recover-20221013,001,1795
1729.0765,1729.115,68437,82272,Rhinolophus ferrumequinum,0.024,0.024,-1,Echolocation,/mnt/ubna_data_02_mir/recover-20221013/UBNA_001/20221012_030000.WAV,Telephone Field,recover-20221013,001,1795
1729.1455,1729.1826,68437,82196,Rhinolophus ferrumequinum,0.023,0.023,-1,Echolocation,/mnt/ubna_data_02_mir/recover-20221013/UBNA_001/20221012_030000.WAV,Telephone Field,recover-20221013,001,1795
1729.1625,1729.1984,68437,82233,Rhinolophus ferrumequinum,0.023,0.023,-1,Echolocation,/mnt/ubna_data_02_mir/recover-20221013/UBNA_001/20221012_030000.WAV,Telephone Field,recover-20221013,001,1795
1729.2675,1729.3081,68437,82875,Rhinolophus ferrumequinum,0.026,0.026,-1,Echolocation,/mnt/ubna_data_02_mir/recover-20221013/UBNA_001/20221012_030000.WAV,Telephone Field,recover-20221013,001,1795
1729.2835,1729.2962,22031,25952,Nyctalus leisleri,0.017,0.028,-1,Echolocation,/mnt/ubna_data_02_mir/recover-20221013/UBNA_001/20221012_030000.WAV,Telephone Field,recover-20221013,001,1795
1729.2895,1729.3261,68437,81269,Rhinolophus ferrumequinum,0.022,0.022,-1,Echolocation,/mnt/ubna_data_02_mir/recover-20221013/UBNA_001/20221012_030000.WAV,Telephone Field,recover-20221013,001,1795
1729.3655,1729.4078,68437,82898,Rhinolophus ferrumequinum,0.024,0.024,-1,Echolocation,/mnt/ubna_data_02_mir/recover-20221013/UBNA_001/20221012_030000.WAV,Telephone Field,recover-20221013,001,1795
1729.3935,1729.4025,28046,37086,Eptesicus serotinus,0.011,0.024,-1,Echolocation,/mnt/ubna_data_02_mir/recover-20221013/UBNA_001/20221012_030000.WAV,Telephone Field,recover-20221013,001,1795
1729.4165,1729.4568,68437,82503,Rhinolophus ferrumequinum,0.024,0.024,-1,Echolocation,/mnt/ubna_data_02_mir/recover-20221013/UBNA_001/20221012_030000.WAV,Telephone Field,recover-20221013,001,1795
1729.4575,1729.4941,68437,82448,Rhinolophus ferrumequinum,0.023,0.023,-1,Echolocation,/mnt/ubna_data_02_mir/recover-20221013/UBNA_001/20221012_030000.WAV,Telephone Field,recover-20221013,001,1795
1729.4585,1729.469,24609,31202,Nyctalus leisleri,0.014,0.037,-1,Echolocation,/mnt/ubna_data_02_mir/recover-20221013/UBNA_001/20221012_030000.WAV,Telephone Field,recover-20221013,001,1795
1729.5015,1729.5107,14296,22511,Plecotus auritus,0.01,0.023,-1,Echolocation,/mnt/ubna_data_02_mir/recover-20221013/UBNA_001/20221012_030000.WAV,Telephone Field,recover-20221013,001,1795
1729.5095,1729.5181,35781,49105,Myotis brandtii,0.006,0.022,-1,Echolocation,/mnt/ubna_data_02_mir/recover-20221013/UBNA_001/20221012_030000.WAV,Telephone Field,recover-20221013,001,1795
1729.5185,1729.5247,27187,37620,Myotis daubentonii,0.005,0.024,-1,Echolocation,/mnt/ubna_data_02_mir/recover-20221013/UBNA_001/20221012_030000.WAV,Telephone Field,recover-20221013,001,1795
1729.5285,1729.5695,68437,82296,Rhinolophus ferrumequinum,0.024,0.024,-1,Echolocation,/mnt/ubna_data_02_mir/recover-20221013/UBNA_001/20221012_030000.WAV,Telephone Field,recover-20221013,001,1795
1729.5655,1729.6046,68437,82047,Rhinolophus ferrumequinum,0.031,0.031,-1,Echolocation,/mnt/ubna_data_02_mir/recover-20221013/UBNA_001/20221012_030000.WAV,Telephone Field,recover-20221013,001,1795
1729.6095,1729.6461,68437,81154,Rhinolophus ferrumequinum,0.023,0.023,-1,Echolocation,/mnt/ubna_data_02_mir/recover-20221013/UBNA_001/20221012_030000.WAV,Telephone Field,recover-20221013,001,1795
1729.6315,1729.6689,68437,82500,Rhinolophus ferrumequinum,0.023,0.023,-1,Echolocation,/mnt/ubna_data_02_mir/recover-20221013/UBNA_001/20221012_030000.WAV,Telephone Field,recover-20221013,001,1795
1729.7445,1729.7825,68437,82248,Rhinolophus ferrumequinum,0.023,0.023,-1,Echolocation,/mnt/ubna_data_02_mir/recover-20221013/UBNA_001/20221012_030000.WAV,Telephone Field,recover-20221013,001,1795
1729.7695,1729.8055,68437,82007,Rhinolophus ferrumequinum,0.023,0.023,-1,Echolocation,/mnt/ubna_data_02_mir/recover-20221013/UBNA_001/20221012_030000.WAV,Telephone Field,recover-20221013,001,1795
1729.7855,1729.8227,68437,81397,Rhinolophus ferrumequinum,0.022,0.022,-1,Echolocation,/mnt/ubna_data_02_mir/recover-20221013/UBNA_001/20221012_030000.WAV,Telephone Field,recover-20221013,001,1795
1729.7915,1729.8029,22031,25935,Nyctalus leisleri,0.014,0.025,-1,Echolocation,/mnt/ubna_data_02_mir/recover-20221013/UBNA_001/20221012_030000.WAV,Telephone Field,recover-20221013,001,1795
1729.8275,1729.8663,68437,82275,Rhinolophus ferrumequinum,0.022,0.022,-1,Echolocation,/mnt/ubna_data_02_mir/recover-20221013/UBNA_001/20221012_030000.WAV,Telephone Field,recover-20221013,001,1795
1729.8425,1729.8493,27187,40372,Eptesicus serotinus,0.006,0.021,-1,Echolocation,/mnt/ubna_data_02_mir/recover-20221013/UBNA_001/20221012_030000.WAV,Telephone Field,recover-20221013,001,1795
1729.8485,1729.8851,68437,81484,Rhinolophus ferrumequinum,0.024,0.024,-1,Echolocation,/mnt/ubna_data_02_mir/recover-20221013/UBNA_001/20221012_030000.WAV,Telephone Field,recover-20221013,001,1795
1729.8535,1729.8613,27187,41505,Eptesicus serotinus,0.009,0.028,-1,Echolocation,/mnt/ubna_data_02_mir/recover-20221013/UBNA_001/20221012_030000.WAV,Telephone Field,recover-20221013,001,1795
1729.9205,1729.9296,28046,38384,Eptesicus serotinus,0.008,0.022,-1,Echolocation,/mnt/ubna_data_02_mir/recover-20221013/UBNA_001/20221012_030000.WAV,Telephone Field,recover-20221013,001,1795
1729.9585,1729.9971,68437,81714,Rhinolophus ferrumequinum,0.021,0.021,-1,Echolocation,/mnt/ubna_data_02_mir/recover-20221013/UBNA_001/20221012_030000.WAV,Telephone Field,recover-20221013,001,1795
1729.9635,1729.9742,25468,33600,Eptesicus serotinus,0.012,0.026,-1,Echolocation,/mnt/ubna_data_02_mir/recover-20221013/UBNA_001/20221012_030000.WAV,Telephone Field,recover-20221013,001,1795
1729.9865,1729.9966,28046,37711,Eptesicus serotinus,0.01,0.024,-1,Echolocation,/mnt/ubna_data_02_mir/recover-20221013/UBNA_001/20221012_030000.WAV,Telephone Field,recover-20221013,001,1795
1730.0015,1730.0107,22890,29575,Nyctalus leisleri,0.01,0.028,-1,Echolocation,/mnt/ubna_data_02_mir/recover-20221013/UBNA_001/20221012_030000.WAV,Telephone Field,recover-20221013,001,1795
1730.0015,1730.0327,68437,79713,Rhinolophus ferrumequinum,0.039,0.04,-1,Echolocation,/mnt/ubna_data_02_mir/recover-20221013/UBNA_001/20221012_030000.WAV,Telephone Field,recover-20221013,001,1795
1730.0125,1730.0225,22890,28154,Nyctalus leisleri,0.011,0.026,-1,Echolocation,/mnt/ubna_data_02_mir/recover-20221013/UBNA_001/20221012_030000.WAV,Telephone Field,recover-20221013,001,1795
1730.0475,1730.0841,68437,81075,Rhinolophus ferrumequinum,0.023,0.023,-1,Echolocation,/mnt/ubna_data_02_mir/recover-20221013/UBNA_001/20221012_030000.WAV,Telephone Field,recover-20221013,001,1795
1730.0595,1730.0686,28046,37498,Eptesicus serotinus,0.01,0.025,-1,Echolocation,/mnt/ubna_data_02_mir/recover-20221013/UBNA_001/20221012_030000.WAV,Telephone Field,recover-20221013,001,1795
1730.0705,1730.1099,68437,82349,Rhinolophus ferrumequinum,0.023,0.023,-1,Echolocation,/mnt/ubna_data_02_mir/recover-20221013/UBNA_001/20221012_030000.WAV,Telephone Field,recover-20221013,001,1795
1730.0845,1730.0943,14296,19931,Nyctalus noctula,0.01,0.022,-1,Echolocation,/mnt/ubna_data_02_mir/recover-20221013/UBNA_001/20221012_030000.WAV,Telephone Field,recover-20221013,001,1795
1730.1325,1730.1725,68437,83080,Rhinolophus ferrumequinum,0.032,0.032,-1,Echolocation,/mnt/ubna_data_02_mir/recover-20221013/UBNA_001/20221012_030000.WAV,Telephone Field,recover-20221013,001,1795
1730.1325,1730.1388,28046,38311,Eptesicus serotinus,0.011,0.039,-1,Echolocation,/mnt/ubna_data_02_mir/recover-20221013/UBNA_001/20221012_030000.WAV,Telephone Field,recover-20221013,001,1795
1730.1645,1730.2011,68437,82334,Rhinolophus ferrumequinum,0.024,0.024,-1,Echolocation,/mnt/ubna_data_02_mir/recover-20221013/UBNA_001/20221012_030000.WAV,Telephone Field,recover-20221013,001,1795
1730.1695,1730.1788999999999,28906,36442,Eptesicus serotinus,0.008,0.022,-1,Echolocation,/mnt/ubna_data_02_mir/recover-20221013/UBNA_001/20221012_030000.WAV,Telephone Field,recover-20221013,001,1795
1730.1895,1730.2273,68437,81993,Rhinolophus ferrumequinum,0.022,0.022,-1,Echolocation,/mnt/ubna_data_02_mir/recover-20221013/UBNA_001/20221012_030000.WAV,Telephone Field,recover-20221013,001,1795
1730.2015,1730.2152,45234,49059,Pipistrellus pipistrellus,0.034,0.037,-1,Echolocation,/mnt/ubna_data_02_mir/recover-20221013/UBNA_001/20221012_030000.WAV,Telephone Field,recover-20221013,001,1795
1730.2275,1730.2346,25468,37637,Plecotus austriacus,0.006,0.025,-1,Echolocation,/mnt/ubna_data_02_mir/recover-20221013/UBNA_001/20221012_030000.WAV,Telephone Field,recover-20221013,001,1795
1730.2335,1730.2456,37500,41932,Pipistrellus nathusii,0.015,0.023,-1,Echolocation,/mnt/ubna_data_02_mir/recover-20221013/UBNA_001/20221012_030000.WAV,Telephone Field,recover-20221013,001,1795
1730.2615,1730.3033,68437,82886,Rhinolophus ferrumequinum,0.026,0.026,-1,Echolocation,/mnt/ubna_data_02_mir/recover-20221013/UBNA_001/20221012_030000.WAV,Telephone Field,recover-20221013,001,1795
1730.2665,1730.275,24609,33395,Eptesicus serotinus,0.005,0.022,-1,Echolocation,/mnt/ubna_data_02_mir/recover-20221013/UBNA_001/20221012_030000.WAV,Telephone Field,recover-20221013,001,1795
1730.2725,1730.2809,28046,38011,Eptesicus serotinus,0.008,0.021,-1,Echolocation,/mnt/ubna_data_02_mir/recover-20221013/UBNA_001/20221012_030000.WAV,Telephone Field,recover-20221013,001,1795
1730.2935,1730.3303,68437,81971,Rhinolophus ferrumequinum,0.026,0.026,-1,Echolocation,/mnt/ubna_data_02_mir/recover-20221013/UBNA_001/20221012_030000.WAV,Telephone Field,recover-20221013,001,1795
1730.3185,1730.3548,68437,81325,Rhinolophus ferrumequinum,0.021,0.021,-1,Echolocation,/mnt/ubna_data_02_mir/recover-20221013/UBNA_001/20221012_030000.WAV,Telephone Field,recover-20221013,001,1795
1730.3645,1730.3796,22031,25832,Nyctalus leisleri,0.015,0.027,-1,Echolocation,/mnt/ubna_data_02_mir/recover-20221013/UBNA_001/20221012_030000.WAV,Telephone Field,recover-20221013,001,1795
1730.3695,1730.3749,52109,61848,Pipistrellus pipistrellus,0.018,0.023,-1,Echolocation,/mnt/ubna_data_02_mir/recover-20221013/UBNA_001/20221012_030000.WAV,Telephone Field,recover-20221013,001,1795
1730.3845,1730.392,22890,32067,Plecotus austriacus,0.019,0.034,-1,Echolocation,/mnt/ubna_data_02_mir/recover-20221013/UBNA_001/20221012_030000.WAV,Telephone Field,recover-20221013,001,1795
1730.3925,1730.432,68437,82230,Rhinolophus ferrumequinum,0.021,0.021,-1,Echolocation,/mnt/ubna_data_02_mir/recover-20221013/UBNA_001/20221012_030000.WAV,Telephone Field,recover-20221013,001,1795
1730.4205,1730.4588,68437,81530,Rhinolophus ferrumequinum,0.022,0.022,-1,Echolocation,/mnt/ubna_data_02_mir/recover-20221013/UBNA_001/20221012_030000.WAV,Telephone Field,recover-20221013,001,1795
1730.4465,1730.4877,68437,82676,Rhinolophus ferrumequinum,0.024,0.024,-1,Echolocation,/mnt/ubna_data_02_mir/recover-20221013/UBNA_001/20221012_030000.WAV,Telephone Field,recover-20221013,001,1795
1730.4555,1730.498,68437,82759,Rhinolophus ferrumequinum,0.023,0.023,-1,Echolocation,/mnt/ubna_data_02_mir/recover-20221013/UBNA_001/20221012_030000.WAV,Telephone Field,recover-20221013,001,1795
1730.5235,1730.5316,27187,39720,Eptesicus serotinus,0.009,0.027,-1,Echolocation,/mnt/ubna_data_02_mir/recover-20221013/UBNA_001/20221012_030000.WAV,Telephone Field,recover-20221013,001,1795
1730.5515,1730.5584,23750,37499,Plecotus austriacus,0.009,0.024,-1,Echolocation,/mnt/ubna_data_02_mir/recover-20221013/UBNA_001/20221012_030000.WAV,Telephone Field,recover-20221013,001,1795
1730.5645,1730.6025,68437,81897,Rhinolophus ferrumequinum,0.021,0.021,-1,Echolocation,/mnt/ubna_data_02_mir/recover-20221013/UBNA_001/20221012_030000.WAV,Telephone Field,recover-20221013,001,1795
1730.6035,1730.6107,28906,38892,Eptesicus serotinus,0.007,0.025,-1,Echolocation,/mnt/ubna_data_02_mir/recover-20221013/UBNA_001/20221012_030000.WAV,Telephone Field,recover-20221013,001,1795
1730.6095,1730.6459,68437,82281,Rhinolophus ferrumequinum,0.023,0.023,-1,Echolocation,/mnt/ubna_data_02_mir/recover-20221013/UBNA_001/20221012_030000.WAV,Telephone Field,recover-20221013,001,1795
1730.6675,1730.7078,68437,83205,Rhinolophus ferrumequinum,0.025,0.025,-1,Echolocation,/mnt/ubna_data_02_mir/recover-20221013/UBNA_001/20221012_030000.WAV,Telephone Field,recover-20221013,001,1795
1730.6785,1730.7157,68437,81965,Rhinolophus ferrumequinum,0.023,0.023,-1,Echolocation,/mnt/ubna_data_02_mir/recover-20221013/UBNA_001/20221012_030000.WAV,Telephone Field,recover-20221013,001,1795
1730.6885,1730.6976,28046,37745,Eptesicus serotinus,0.01,0.026,-1,Echolocation,/mnt/ubna_data_02_mir/recover-20221013/UBNA_001/20221012_030000.WAV,Telephone Field,recover-20221013,001,1795
1730.7275,1730.7665,68437,82019,Rhinolophus ferrumequinum,0.022,0.022,-1,Echolocation,/mnt/ubna_data_02_mir/recover-20221013/UBNA_001/20221012_030000.WAV,Telephone Field,recover-20221013,001,1795
1730.7465,1730.7857,68437,82090,Rhinolophus ferrumequinum,0.021,0.021,-1,Echolocation,/mnt/ubna_data_02_mir/recover-20221013/UBNA_001/20221012_030000.WAV,Telephone Field,recover-20221013,001,1795
1730.7475,1730.7556,27187,44941,Eptesicus serotinus,0.009,0.025,-1,Echolocation,/mnt/ubna_data_02_mir/recover-20221013/UBNA_001/20221012_030000.WAV,Telephone Field,recover-20221013,001,1795
1730.7715,1730.8105,68437,82654,Rhinolophus ferrumequinum,0.024,0.024,-1,Echolocation,/mnt/ubna_data_02_mir/recover-20221013/UBNA_001/20221012_030000.WAV,Telephone Field,recover-20221013,001,1795
1730.7945,1730.8015,27187,38878,Eptesicus serotinus,0.006,0.023,-1,Echolocation,/mnt/ubna_data_02_mir/recover-20221013/UBNA_001/20221012_030000.WAV,Telephone Field,recover-20221013,001,1795
1730.8165,1730.8282,28906,36128,Eptesicus serotinus,0.012,0.025,-1,Echolocation,/mnt/ubna_data_02_mir/recover-20221013/UBNA_001/20221012_030000.WAV,Telephone Field,recover-20221013,001,1795
1730.8355,1730.8739,68437,82522,Rhinolophus ferrumequinum,0.021,0.021,-1,Echolocation,/mnt/ubna_data_02_mir/recover-20221013/UBNA_001/20221012_030000.WAV,Telephone Field,recover-20221013,001,1795
1730.8425,1730.851,47812,52076,Pipistrellus pipistrellus,0.028,0.029,-1,Echolocation,/mnt/ubna_data_02_mir/recover-20221013/UBNA_001/20221012_030000.WAV,Telephone Field,recover-20221013,001,1795
1730.8585,1730.8972,68437,82164,Rhinolophus ferrumequinum,0.024,0.024,-1,Echolocation,/mnt/ubna_data_02_mir/recover-20221013/UBNA_001/20221012_030000.WAV,Telephone Field,recover-20221013,001,1795
1730.9155,1730.9224,28046,39043,Eptesicus serotinus,0.007,0.023,-1,Echolocation,/mnt/ubna_data_02_mir/recover-20221013/UBNA_001/20221012_030000.WAV,Telephone Field,recover-20221013,001,1795
1730.9255,1730.9376,22031,25887,Nyctalus leisleri,0.013,0.021,-1,Echolocation,/mnt/ubna_data_02_mir/recover-20221013/UBNA_001/20221012_030000.WAV,Telephone Field,recover-20221013,001,1795
1730.9355,1730.9743,68437,82153,Rhinolophus ferrumequinum,0.046,0.046,-1,Echolocation,/mnt/ubna_data_02_mir/recover-20221013/UBNA_001/20221012_030000.WAV,Telephone Field,recover-20221013,001,1795
1730.9595,1730.9707,23750,29076,Nyctalus leisleri,0.01,0.021,-1,Echolocation,/mnt/ubna_data_02_mir/recover-20221013/UBNA_001/20221012_030000.WAV,Telephone Field,recover-20221013,001,1795
1730.9615,1730.9993,68437,81393,Rhinolophus ferrumequinum,0.022,0.022,-1,Echolocation,/mnt/ubna_data_02_mir/recover-20221013/UBNA_001/20221012_030000.WAV,Telephone Field,recover-20221013,001,1795
1730.9815,1731.0225,68437,82754,Rhinolophus ferrumequinum,0.028,0.028,-1,Echolocation,/mnt/ubna_data_02_mir/recover-20221013/UBNA_001/20221012_030000.WAV,Telephone Field,recover-20221013,001,1795
1731.0265,1731.0346,27187,39032,Eptesicus serotinus,0.008,0.026,-1,Echolocation,/mnt/ubna_data_02_mir/recover-20221013/UBNA_001/20221012_030000.WAV,Telephone Field,recover-20221013,001,1795
1731.0345,1731.0776,68437,83646,Rhinolophus ferrumequinum,0.028,0.028,-1,Echolocation,/mnt/ubna_data_02_mir/recover-20221013/UBNA_001/20221012_030000.WAV,Telephone Field,recover-20221013,001,1795
1731.0395,1731.0527,23750,28716,Nyctalus leisleri,0.012,0.023,-1,Echolocation,/mnt/ubna_data_02_mir/recover-20221013/UBNA_001/20221012_030000.WAV,Telephone Field,recover-20221013,001,1795
1731.0545,1731.0615,28046,41646,Eptesicus serotinus,0.009,0.028,-1,Echolocation,/mnt/ubna_data_02_mir/recover-20221013/UBNA_001/20221012_030000.WAV,Telephone Field,recover-20221013,001,1795
1731.1005,1731.1391,68437,82037,Rhinolophus ferrumequinum,0.022,0.022,-1,Echolocation,/mnt/ubna_data_02_mir/recover-20221013/UBNA_001/20221012_030000.WAV,Telephone Field,recover-20221013,001,1795
1731.1015,1731.1091,28046,40861,Eptesicus serotinus,0.009,0.029,-1,Echolocation,/mnt/ubna_data_02_mir/recover-20221013/UBNA_001/20221012_030000.WAV,Telephone Field,recover-20221013,001,1795
1731.1255,1731.1648,68437,82189,Rhinolophus ferrumequinum,0.021,0.021,-1,Echolocation,/mnt/ubna_data_02_mir/recover-20221013/UBNA_001/20221012_030000.WAV,Telephone Field,recover-20221013,001,1795
1731.1315,1731.1441,22031,27104,Nyctalus leisleri,0.023,0.046,-1,Echolocation,/mnt/ubna_data_02_mir/recover-20221013/UBNA_001/20221012_030000.WAV,Telephone Field,recover-20221013,001,1795
1731.2085,1731.2167,25468,33759,Eptesicus serotinus,0.007,0.023,-1,Echolocation,/mnt/ubna_data_02_mir/recover-20221013/UBNA_001/20221012_030000.WAV,Telephone Field,recover-20221013,001,1795
1731.2465,1731.2856,68437,82104,Rhinolophus ferrumequinum,0.025,0.026,-1,Echolocation,/mnt/ubna_data_02_mir/recover-20221013/UBNA_001/20221012_030000.WAV,Telephone Field,recover-20221013,001,1795
1731.2585,1731.2699,24609,30526,Nyctalus leisleri,0.01,0.025,-1,Echolocation,/mnt/ubna_data_02_mir/recover-20221013/UBNA_001/20221012_030000.WAV,Telephone Field,recover-20221013,001,1795
1731.2635,1731.2776,24609,29557,Nyctalus leisleri,0.011,0.024,-1,Echolocation,/mnt/ubna_data_02_mir/recover-20221013/UBNA_001/20221012_030000.WAV,Telephone Field,recover-20221013,001,1795
1731.2905,1731.3308,68437,82336,Rhinolophus ferrumequinum,0.024,0.024,-1,Echolocation,/mnt/ubna_data_02_mir/recover-20221013/UBNA_001/20221012_030000.WAV,Telephone Field,recover-20221013,001,1795
1731.2965,1731.3377,68437,82453,Rhinolophus ferrumequinum,0.024,0.024,-1,Echolocation,/mnt/ubna_data_02_mir/recover-20221013/UBNA_001/20221012_030000.WAV,Telephone Field,recover-20221013,001,1795
1731.2965,1731.3048,26328,36641,Eptesicus serotinus,0.007,0.022,-1,Echolocation,/mnt/ubna_data_02_mir/recover-20221013/UBNA_001/20221012_030000.WAV,Telephone Field,recover-20221013,001,1795
1731.3075,1731.3479,68437,82786,Rhinolophus ferrumequinum,0.026,0.026,-1,Echolocation,/mnt/ubna_data_02_mir/recover-20221013/UBNA_001/20221012_030000.WAV,Telephone Field,recover-20221013,001,1795
1731.3395,1731.3465,28046,40055,Eptesicus serotinus,0.012,0.039,-1,Echolocation,/mnt/ubna_data_02_mir/recover-20221013/UBNA_001/20221012_030000.WAV,Telephone Field,recover-20221013,001,1795
1731.3695,1731.3812,49531,53795,Pipistrellus pipistrellus,0.031,0.036,-1,Echolocation,/mnt/ubna_data_02_mir/recover-20221013/UBNA_001/20221012_030000.WAV,Telephone Field,recover-20221013,001,1795
1731.3905,1731.4346,68437,83120,Rhinolophus ferrumequinum,0.037,0.037,-1,Echolocation,/mnt/ubna_data_02_mir/recover-20221013/UBNA_001/20221012_030000.WAV,Telephone Field,recover-20221013,001,1795
1731.4375,1731.4446,28046,43268,Eptesicus serotinus,0.007,0.024,-1,Echolocation,/mnt/ubna_data_02_mir/recover-20221013/UBNA_001/20221012_030000.WAV,Telephone Field,recover-20221013,001,1795
1731.4705,1731.5107,68437,82561,Rhinolophus ferrumequinum,0.022,0.022,-1,Echolocation,/mnt/ubna_data_02_mir/recover-20221013/UBNA_001/20221012_030000.WAV,Telephone Field,recover-20221013,001,1795
1731.4775,1731.5176,68437,82397,Rhinolophus ferrumequinum,0.023,0.023,-1,Echolocation,/mnt/ubna_data_02_mir/recover-20221013/UBNA_001/20221012_030000.WAV,Telephone Field,recover-20221013,001,1795
1731.5655,1731.6064,68437,82895,Rhinolophus ferrumequinum,0.03,0.03,-1,Echolocation,/mnt/ubna_data_02_mir/recover-20221013/UBNA_001/20221012_030000.WAV,Telephone Field,recover-20221013,001,1795
1731.6225,1731.6587,68437,82329,Rhinolophus ferrumequinum,0.022,0.022,-1,Echolocation,/mnt/ubna_data_02_mir/recover-20221013/UBNA_001/20221012_030000.WAV,Telephone Field,recover-20221013,001,1795
1731.6375,1731.6464,44375,49147,Pipistrellus pipistrellus,0.02,0.022,-1,Echolocation,/mnt/ubna_data_02_mir/recover-20221013/UBNA_001/20221012_030000.WAV,Telephone Field,recover-20221013,001,1795
1731.6675,1731.704,68437,81105,Rhinolophus ferrumequinum,0.022,0.022,-1,Echolocation,/mnt/ubna_data_02_mir/recover-20221013/UBNA_001/20221012_030000.WAV,Telephone Field,recover-20221013,001,1795
1731.7065,1731.7415,68437,81485,Rhinolophus ferrumequinum,0.022,0.022,-1,Echolocation,/mnt/ubna_data_02_mir/recover-20221013/UBNA_001/20221012_030000.WAV,Telephone Field,recover-20221013,001,1795
1731.7115,1731.7209,24609,32501,Nyctalus leisleri,0.007,0.023,-1,Echolocation,/mnt/ubna_data_02_mir/recover-20221013/UBNA_001/20221012_030000.WAV,Telephone Field,recover-20221013,001,1795
1731.7385,1731.7787,68437,82109,Rhinolophus ferrumequinum,0.023,0.023,-1,Echolocation,/mnt/ubna_data_02_mir/recover-20221013/UBNA_001/20221012_030000.WAV,Telephone Field,recover-20221013,001,1795
1731.7415,1731.7504,27187,39233,Eptesicus serotinus,0.009,0.023,-1,Echolocation,/mnt/ubna_data_02_mir/recover-20221013/UBNA_001/20221012_030000.WAV,Telephone Field,recover-20221013,001,1795
1731.7675,1731.806,68437,82687,Rhinolophus ferrumequinum,0.024,0.025,-1,Echolocation,/mnt/ubna_data_02_mir/recover-20221013/UBNA_001/20221012_030000.WAV,Telephone Field,recover-20221013,001,1795
1731.7935,1731.8279,68437,80996,Rhinolophus ferrumequinum,0.025,0.025,-1,Echolocation,/mnt/ubna_data_02_mir/recover-20221013/UBNA_001/20221012_030000.WAV,Telephone Field,recover-20221013,001,1795
1731.8135,1731.8515,68437,81702,Rhinolophus ferrumequinum,0.023,0.023,-1,Echolocation,/mnt/ubna_data_02_mir/recover-20221013/UBNA_001/20221012_030000.WAV,Telephone Field,recover-20221013,001,1795
1731.8425,1731.8517,26328,34196,Eptesicus serotinus,0.014,0.04,-1,Echolocation,/mnt/ubna_data_02_mir/recover-20221013/UBNA_001/20221012_030000.WAV,Telephone Field,recover-20221013,001,1795
1731.8595,1731.8676,28906,38152,Eptesicus serotinus,0.008,0.025,-1,Echolocation,/mnt/ubna_data_02_mir/recover-20221013/UBNA_001/20221012_030000.WAV,Telephone Field,recover-20221013,001,1795
1731.8795,1731.92,68437,82739,Rhinolophus ferrumequinum,0.03,0.03,-1,Echolocation,/mnt/ubna_data_02_mir/recover-20221013/UBNA_001/20221012_030000.WAV,Telephone Field,recover-20221013,001,1795
1731.8865,1731.9251,68437,82316,Rhinolophus ferrumequinum,0.023,0.023,-1,Echolocation,/mnt/ubna_data_02_mir/recover-20221013/UBNA_001/20221012_030000.WAV,Telephone Field,recover-20221013,001,1795
1731.8995,1731.9075,27187,36839,Eptesicus serotinus,0.007,0.022,-1,Echolocation,/mnt/ubna_data_02_mir/recover-20221013/UBNA_001/20221012_030000.WAV,Telephone Field,recover-20221013,001,1795
1731.9075,1731.9469,68437,82726,Rhinolophus ferrumequinum,0.022,0.022,-1,Echolocation,/mnt/ubna_data_02_mir/recover-20221013/UBNA_001/20221012_030000.WAV,Telephone Field,recover-20221013,001,1795
1731.9115,1731.9179,40937,51169,Myotis daubentonii,0.011,0.026,-1,Echolocation,/mnt/ubna_data_02_mir/recover-20221013/UBNA_001/20221012_030000.WAV,Telephone Field,recover-20221013,001,1795
1731.9225,1731.9611,68437,81971,Rhinolophus ferrumequinum,0.023,0.023,-1,Echolocation,/mnt/ubna_data_02_mir/recover-20221013/UBNA_001/20221012_030000.WAV,Telephone Field,recover-20221013,001,1795
1731.9395,1731.9784,68437,82517,Rhinolophus ferrumequinum,0.025,0.025,-1,Echolocation,/mnt/ubna_data_02_mir/recover-20221013/UBNA_001/20221012_030000.WAV,Telephone Field,recover-20221013,001,1795
1731.9475,1731.9882,68437,83104,Rhinolophus ferrumequinum,0.027,0.027,-1,Echolocation,/mnt/ubna_data_02_mir/recover-20221013/UBNA_001/20221012_030000.WAV,Telephone Field,recover-20221013,001,1795
1732.0015,1732.0344,68437,79446,Rhinolophus ferrumequinum,0.029,0.029,-1,Echolocation,/mnt/ubna_data_02_mir/recover-20221013/UBNA_001/20221012_030000.WAV,Telephone Field,recover-20221013,001,1795
1732.0015,1732.0122,48671,55722,Pipistrellus pipistrellus,0.016,0.022,-1,Echolocation,/mnt/ubna_data_02_mir/recover-20221013/UBNA_001/20221012_030000.WAV,Telephone Field,recover-20221013,001,1795
1732.0015,1732.0099,26328,36854,Eptesicus serotinus,0.007,0.031,-1,Echolocation,/mnt/ubna_data_02_mir/recover-20221013/UBNA_001/20221012_030000.WAV,Telephone Field,recover-20221013,001,1795
1732.0085,1732.0508,68437,81256,Rhinolophus ferrumequinum,0.021,0.021,-1,Echolocation,/mnt/ubna_data_02_mir/recover-20221013/UBNA_001/20221012_030000.WAV,Telephone Field,recover-20221013,001,1795
1732.0165,1732.0246,28906,39393,Eptesicus serotinus,0.007,0.022,-1,Echolocation,/mnt/ubna_data_02_mir/recover-20221013/UBNA_001/20221012_030000.WAV,Telephone Field,recover-20221013,001,1795
1732.0255,1732.0341,28906,36491,Eptesicus serotinus,0.008,0.022,-1,Echolocation,/mnt/ubna_data_02_mir/recover-20221013/UBNA_001/20221012_030000.WAV,Telephone Field,recover-20221013,001,1795
1732.0355,1732.0734,68437,80884,Rhinolophus ferrumequinum,0.023,0.023,-1,Echolocation,/mnt/ubna_data_02_mir/recover-20221013/UBNA_001/20221012_030000.WAV,Telephone Field,recover-20221013,001,1795
1732.0525,1732.0622,27187,35357,Eptesicus serotinus,0.009,0.022,-1,Echolocation,/mnt/ubna_data_02_mir/recover-20221013/UBNA_001/20221012_030000.WAV,Telephone Field,recover-20221013,001,1795
1732.0545,1732.0908,68437,82009,Rhinolophus ferrumequinum,0.021,0.021,-1,Echolocation,/mnt/ubna_data_02_mir/recover-20221013/UBNA_001/20221012_030000.WAV,Telephone Field,recover-20221013,001,1795
1732.0705,1732.1114,68437,82534,Rhinolophus ferrumequinum,0.025,0.025,-1,Echolocation,/mnt/ubna_data_02_mir/recover-20221013/UBNA_001/20221012_030000.WAV,Telephone Field,recover-20221013,001,1795
1732.0945,1732.1067,58125,63557,Pipistrellus pygmaeus,0.032,0.033,-1,Echolocation,/mnt/ubna_data_02_mir/recover-20221013/UBNA_001/20221012_030000.WAV,Telephone Field,recover-20221013,001,1795
1732.1355,1732.1747,68437,83017,Rhinolophus ferrumequinum,0.028,0.028,-1,Echolocation,/mnt/ubna_data_02_mir/recover-20221013/UBNA_001/20221012_030000.WAV,Telephone Field,recover-20221013,001,1795
1732.1475,1732.1576,22031,27964,Nyctalus leisleri,0.01,0.025,-1,Echolocation,/mnt/ubna_data_02_mir/recover-20221013/UBNA_001/20221012_030000.WAV,Telephone Field,recover-20221013,001,1795
1732.1715,1732.1902,20312,24051,Nyctalus leisleri,0.02,0.037,-1,Echolocation,/mnt/ubna_data_02_mir/recover-20221013/UBNA_001/20221012_030000.WAV,Telephone Field,recover-20221013,001,1795
1732.1905,1732.2307,68437,82080,Rhinolophus ferrumequinum,0.023,0.023,-1,Echolocation,/mnt/ubna_data_02_mir/recover-20221013/UBNA_001/20221012_030000.WAV,Telephone Field,recover-20221013,001,1795
1732.2115,1732.246,68437,79505,Rhinolophus ferrumequinum,0.039,0.039,-1,Echolocation,/mnt/ubna_data_02_mir/recover-20221013/UBNA_001/20221012_030000.WAV,Telephone Field,recover-20221013,001,1795
1732.2305,1732.2705,68437,82531,Rhinolophus ferrumequinum,0.022,0.022,-1,Echolocation,/mnt/ubna_data_02_mir/recover-20221013/UBNA_001/20221012_030000.WAV,Telephone Field,recover-20221013,001,1795
1732.2375,1732.2455,23750,32327,Plecotus austriacus,0.012,0.028,-1,Echolocation,/mnt/ubna_data_02_mir/recover-20221013/UBNA_001/20221012_030000.WAV,Telephone Field,recover-20221013,001,1795
1732.2485,1732.259,28906,35778,Eptesicus serotinus,0.01,0.024,-1,Echolocation,/mnt/ubna_data_02_mir/recover-20221013/UBNA_001/20221012_030000.WAV,Telephone Field,recover-20221013,001,1795
1732.2695,1732.3057,68437,81730,Rhinolophus ferrumequinum,0.022,0.022,-1,Echolocation,/mnt/ubna_data_02_mir/recover-20221013/UBNA_001/20221012_030000.WAV,Telephone Field,recover-20221013,001,1795
1732.3085,1732.3462,68437,82340,Rhinolophus ferrumequinum,0.031,0.031,-1,Echolocation,/mnt/ubna_data_02_mir/recover-20221013/UBNA_001/20221012_030000.WAV,Telephone Field,recover-20221013,001,1795
1732.3205,1732.3311,23750,30870,Nyctalus leisleri,0.014,0.039,-1,Echolocation,/mnt/ubna_data_02_mir/recover-20221013/UBNA_001/20221012_030000.WAV,Telephone Field,recover-20221013,001,1795
1732.3265,1732.3685,68437,83009,Rhinolophus ferrumequinum,0.035,0.035,-1,Echolocation,/mnt/ubna_data_02_mir/recover-20221013/UBNA_001/20221012_030000.WAV,Telephone Field,recover-20221013,001,1795
1732.3685,1732.3907,19453,22748,Nyctalus noctula,0.052,0.088,-1,Echolocation,/mnt/ubna_data_02_mir/recover-20221013/UBNA_001/20221012_030000.WAV,Telephone Field,recover-20221013,001,1795
1732.3935,1732.4322,68437,81742,Rhinolophus ferrumequinum,0.024,0.024,-1,Echolocation,/mnt/ubna_data_02_mir/recover-20221013/UBNA_001/20221012_030000.WAV,Telephone Field,recover-20221013,001,1795
1732.3995,1732.4412,68437,82096,Rhinolophus ferrumequinum,0.024,0.024,-1,Echolocation,/mnt/ubna_data_02_mir/recover-20221013/UBNA_001/20221012_030000.WAV,Telephone Field,recover-20221013,001,1795
1732.4355,1732.4715,68437,81597,Rhinolophus ferrumequinum,0.022,0.022,-1,Echolocation,/mnt/ubna_data_02_mir/recover-20221013/UBNA_001/20221012_030000.WAV,Telephone Field,recover-20221013,001,1795
1732.4355,1732.4423,25468,36030,Plecotus austriacus,0.009,0.028,-1,Echolocation,/mnt/ubna_data_02_mir/recover-20221013/UBNA_001/20221012_030000.WAV,Telephone Field,recover-20221013,001,1795
1732.4545,1732.4938,68437,81770,Rhinolophus ferrumequinum,0.026,0.026,-1,Echolocation,/mnt/ubna_data_02_mir/recover-20221013/UBNA_001/20221012_030000.WAV,Telephone Field,recover-20221013,001,1795
1732.4705,1732.4808,22031,27066,Nyctalus leisleri,0.01,0.022,-1,Echolocation,/mnt/ubna_data_02_mir/recover-20221013/UBNA_001/20221012_030000.WAV,Telephone Field,recover-20221013,001,1795
1732.4935,1732.5039,22890,28801,Nyctalus leisleri,0.009,0.022,-1,Echolocation,/mnt/ubna_data_02_mir/recover-20221013/UBNA_001/20221012_030000.WAV,Telephone Field,recover-20221013,001,1795
1732.5435,1732.5831,68437,82639,Rhinolophus ferrumequinum,0.025,0.025,-1,Echolocation,/mnt/ubna_data_02_mir/recover-20221013/UBNA_001/20221012_030000.WAV,Telephone Field,recover-20221013,001,1795
1732.6005,1732.61,22890,30207,Plecotus austriacus,0.009,0.027,-1,Echolocation,/mnt/ubna_data_02_mir/recover-20221013/UBNA_001/20221012_030000.WAV,Telephone Field,recover-20221013,001,1795
1732.6235,1732.6632,68437,82768,Rhinolophus ferrumequinum,0.024,0.024,-1,Echolocation,/mnt/ubna_data_02_mir/recover-20221013/UBNA_001/20221012_030000.WAV,Telephone Field,recover-20221013,001,1795
1732.6795,1732.7175,68437,81897,Rhinolophus ferrumequinum,0.022,0.022,-1,Echolocation,/mnt/ubna_data_02_mir/recover-20221013/UBNA_001/20221012_030000.WAV,Telephone Field,recover-20221013,001,1795
1732.6835,1732.6925,25468,34498,Nyctalus leisleri,0.006,0.023,-1,Echolocation,/mnt/ubna_data_02_mir/recover-20221013/UBNA_001/20221012_030000.WAV,Telephone Field,recover-20221013,001,1795
1732.7405,1732.7493,46953,53797,Pipistrellus pipistrellus,0.017,0.022,-1,Echolocation,/mnt/ubna_data_02_mir/recover-20221013/UBNA_001/20221012_030000.WAV,Telephone Field,recover-20221013,001,1795
1732.7545,1732.7616,27187,39166,Eptesicus serotinus,0.005,0.022,-1,Echolocation,/mnt/ubna_data_02_mir/recover-20221013/UBNA_001/20221012_030000.WAV,Telephone Field,recover-20221013,001,1795
1732.8015,1732.8094,23750,32626,Plecotus austriacus,0.01,0.025,-1,Echolocation,/mnt/ubna_data_02_mir/recover-20221013/UBNA_001/20221012_030000.WAV,Telephone Field,recover-20221013,001,1795
1732.8685,1732.9076,68437,82101,Rhinolophus ferrumequinum,0.022,0.022,-1,Echolocation,/mnt/ubna_data_02_mir/recover-20221013/UBNA_001/20221012_030000.WAV,Telephone Field,recover-20221013,001,1795
1732.9055,1732.9483,68437,82799,Rhinolophus ferrumequinum,0.032,0.032,-1,Echolocation,/mnt/ubna_data_02_mir/recover-20221013/UBNA_001/20221012_030000.WAV,Telephone Field,recover-20221013,001,1795
1732.9075,1732.9208,22890,28291,Nyctalus leisleri,0.017,0.032,-1,Echolocation,/mnt/ubna_data_02_mir/recover-20221013/UBNA_001/20221012_030000.WAV,Telephone Field,recover-20221013,001,1795
1732.9285,1732.968,68437,81913,Rhinolophus ferrumequinum,0.021,0.021,-1,Echolocation,/mnt/ubna_data_02_mir/recover-20221013/UBNA_001/20221012_030000.WAV,Telephone Field,recover-20221013,001,1795
1733.0395,1733.05,22890,27980,Nyctalus leisleri,0.01,0.024,-1,Echolocation,/mnt/ubna_data_02_mir/recover-20221013/UBNA_001/20221012_030000.WAV,Telephone Field,recover-20221013,001,1795
1733.0485,1733.0553,27187,42208,Eptesicus serotinus,0.005,0.022,-1,Echolocation,/mnt/ubna_data_02_mir/recover-20221013/UBNA_001/20221012_030000.WAV,Telephone Field,recover-20221013,001,1795
1733.0605,1733.0995,68437,81724,Rhinolophus ferrumequinum,0.022,0.022,-1,Echolocation,/mnt/ubna_data_02_mir/recover-20221013/UBNA_001/20221012_030000.WAV,Telephone Field,recover-20221013,001,1795
1733.0905,1733.1269,68437,80703,Rhinolophus ferrumequinum,0.025,0.025,-1,Echolocation,/mnt/ubna_data_02_mir/recover-20221013/UBNA_001/20221012_030000.WAV,Telephone Field,recover-20221013,001,1795
1733.0975,1733.1084,22890,27953,Nyctalus leisleri,0.012,0.025,-1,Echolocation,/mnt/ubna_data_02_mir/recover-20221013/UBNA_001/20221012_030000.WAV,Telephone Field,recover-20221013,001,1795
1733.1505,1733.1908,68437,82538,Rhinolophus ferrumequinum,0.022,0.022,-1,Echolocation,/mnt/ubna_data_02_mir/recover-20221013/UBNA_001/20221012_030000.WAV,Telephone Field,recover-20221013,001,1795
1733.1575,1733.1979,68437,83064,Rhinolophus ferrumequinum,0.027,0.027,-1,Echolocation,/mnt/ubna_data_02_mir/recover-20221013/UBNA_001/20221012_030000.WAV,Telephone Field,recover-20221013,001,1795
1733.1685,1733.1759,23750,32355,Plecotus austriacus,0.012,0.026,-1,Echolocation,/mnt/ubna_data_02_mir/recover-20221013/UBNA_001/20221012_030000.WAV,Telephone Field,recover-20221013,001,1795
1733.1885,1733.2267,68437,81377,Rhinolophus ferrumequinum,0.025,0.025,-1,Echolocation,/mnt/ubna_data_02_mir/recover-20221013/UBNA_001/20221012_030000.WAV,Telephone Field,recover-20221013,001,1795
1733.2085,1733.2203,38359,43264,Pipistrellus nathusii,0.017,0.03,-1,Echolocation,/mnt/ubna_data_02_mir/recover-20221013/UBNA_001/20221012_030000.WAV,Telephone Field,recover-20221013,001,1795
1733.2345,1733.2487,22031,25480,Nyctalus leisleri,0.016,0.027,-1,Echolocation,/mnt/ubna_data_02_mir/recover-20221013/UBNA_001/20221012_030000.WAV,Telephone Field,recover-20221013,001,1795
1733.2615,1733.2987,68437,81425,Rhinolophus ferrumequinum,0.022,0.022,-1,Echolocation,/mnt/ubna_data_02_mir/recover-20221013/UBNA_001/20221012_030000.WAV,Telephone Field,recover-20221013,001,1795
1733.2885,1733.3285,68437,81829,Rhinolophus ferrumequinum,0.022,0.022,-1,Echolocation,/mnt/ubna_data_02_mir/recover-20221013/UBNA_001/20221012_030000.WAV,Telephone Field,recover-20221013,001,1795
1733.3165,1733.3578,68437,82867,Rhinolophus ferrumequinum,0.035,0.035,-1,Echolocation,/mnt/ubna_data_02_mir/recover-20221013/UBNA_001/20221012_030000.WAV,Telephone Field,recover-20221013,001,1795
1733.3365,1733.3745,68437,82081,Rhinolophus ferrumequinum,0.024,0.024,-1,Echolocation,/mnt/ubna_data_02_mir/recover-20221013/UBNA_001/20221012_030000.WAV,Telephone Field,recover-20221013,001,1795
1733.3525,1733.392,68437,82382,Rhinolophus ferrumequinum,0.025,0.025,-1,Echolocation,/mnt/ubna_data_02_mir/recover-20221013/UBNA_001/20221012_030000.WAV,Telephone Field,recover-20221013,001,1795
1733.3895,1733.3976,23750,32396,Plecotus austriacus,0.01,0.026,-1,Echolocation,/mnt/ubna_data_02_mir/recover-20221013/UBNA_001/20221012_030000.WAV,Telephone Field,recover-20221013,001,1795
1733.3995,1733.4089,22890,29084,Nyctalus leisleri,0.007,0.021,-1,Echolocation,/mnt/ubna_data_02_mir/recover-20221013/UBNA_001/20221012_030000.WAV,Telephone Field,recover-20221013,001,1795
1733.4175,1733.4557,68437,82114,Rhinolophus ferrumequinum,0.026,0.026,-1,Echolocation,/mnt/ubna_data_02_mir/recover-20221013/UBNA_001/20221012_030000.WAV,Telephone Field,recover-20221013,001,1795
1733.4665,1733.5023,68437,81611,Rhinolophus ferrumequinum,0.026,0.026,-1,Echolocation,/mnt/ubna_data_02_mir/recover-20221013/UBNA_001/20221012_030000.WAV,Telephone Field,recover-20221013,001,1795
1733.4725,1733.4805,28046,38390,Eptesicus serotinus,0.007,0.023,-1,Echolocation,/mnt/ubna_data_02_mir/recover-20221013/UBNA_001/20221012_030000.WAV,Telephone Field,recover-20221013,001,1795
1733.5155,1733.557,68437,82907,Rhinolophus ferrumequinum,0.03,0.03,-1,Echolocation,/mnt/ubna_data_02_mir/recover-20221013/UBNA_001/20221012_030000.WAV,Telephone Field,recover-20221013,001,1795
1733.5225,1733.5633,68437,82605,Rhinolophus ferrumequinum,0.026,0.026,-1,Echolocation,/mnt/ubna_data_02_mir/recover-20221013/UBNA_001/20221012_030000.WAV,Telephone Field,recover-20221013,001,1795
1733.5305,1733.54,14296,21061,Nyctalus noctula,0.021,0.04,-1,Echolocation,/mnt/ubna_data_02_mir/recover-20221013/UBNA_001/20221012_030000.WAV,Telephone Field,recover-20221013,001,1795
1733.5515,1733.5859,68437,80712,Rhinolophus ferrumequinum,0.022,0.022,-1,Echolocation,/mnt/ubna_data_02_mir/recover-20221013/UBNA_001/20221012_030000.WAV,Telephone Field,recover-20221013,001,1795
1733.5545,1733.5613,27187,37622,Eptesicus serotinus,0.005,0.021,-1,Echolocation,/mnt/ubna_data_02_mir/recover-20221013/UBNA_001/20221012_030000.WAV,Telephone Field,recover-20221013,001,1795
1733.5795,1733.5894,23750,31197,Nyctalus leisleri,0.009,0.027,-1,Echolocation,/mnt/ubna_data_02_mir/recover-20221013/UBNA_001/20221012_030000.WAV,Telephone Field,recover-20221013,001,1795
1733.6435,1733.6842,68437,82527,Rhinolophus ferrumequinum,0.025,0.025,-1,Echolocation,/mnt/ubna_data_02_mir/recover-20221013/UBNA_001/20221012_030000.WAV,Telephone Field,recover-20221013,001,1795
1733.6545,1733.6648,22031,27343,Nyctalus leisleri,0.009,0.023,-1,Echolocation,/mnt/ubna_data_02_mir/recover-20221013/UBNA_001/20221012_030000.WAV,Telephone Field,recover-20221013,001,1795
1733.6725,1733.6827,26328,33119,Eptesicus serotinus,0.01,0.029,-1,Echolocation,/mnt/ubna_data_02_mir/recover-20221013/UBNA_001/20221012_030000.WAV,Telephone Field,recover-20221013,001,1795
1733.6805,1733.6912,24609,31326,Nyctalus leisleri,0.01,0.024,-1,Echolocation,/mnt/ubna_data_02_mir/recover-20221013/UBNA_001/20221012_030000.WAV,Telephone Field,recover-20221013,001,1795
1733.6875,1733.6997,22890,27448,Nyctalus leisleri,0.013,0.023,-1,Echolocation,/mnt/ubna_data_02_mir/recover-20221013/UBNA_001/20221012_030000.WAV,Telephone Field,recover-20221013,001,1795
1733.6945,1733.7313,68437,81673,Rhinolophus ferrumequinum,0.024,0.024,-1,Echolocation,/mnt/ubna_data_02_mir/recover-20221013/UBNA_001/20221012_030000.WAV,Telephone Field,recover-20221013,001,1795
1733.7135,1733.7212,46093,53863,Pipistrellus pipistrellus,0.014,0.022,-1,Echolocation,/mnt/ubna_data_02_mir/recover-20221013/UBNA_001/20221012_030000.WAV,Telephone Field,recover-20221013,001,1795
1733.7495,1733.7871,68437,81045,Rhinolophus ferrumequinum,0.023,0.023,-1,Echolocation,/mnt/ubna_data_02_mir/recover-20221013/UBNA_001/20221012_030000.WAV,Telephone Field,recover-20221013,001,1795
1733.7565,1733.794,68437,81592,Rhinolophus ferrumequinum,0.022,0.022,-1,Echolocation,/mnt/ubna_data_02_mir/recover-20221013/UBNA_001/20221012_030000.WAV,Telephone Field,recover-20221013,001,1795
1733.7855,1733.8248,68437,82306,Rhinolophus ferrumequinum,0.027,0.027,-1,Echolocation,/mnt/ubna_data_02_mir/recover-20221013/UBNA_001/20221012_030000.WAV,Telephone Field,recover-20221013,001,1795
1733.8055,1733.8251,21171,25215,Nyctalus leisleri,0.03,0.064,-1,Echolocation,/mnt/ubna_data_02_mir/recover-20221013/UBNA_001/20221012_030000.WAV,Telephone Field,recover-20221013,001,1795
1733.8355,1733.8773,68437,82989,Rhinolophus ferrumequinum,0.026,0.026,-1,Echolocation,/mnt/ubna_data_02_mir/recover-20221013/UBNA_001/20221012_030000.WAV,Telephone Field,recover-20221013,001,1795
1733.8495,1733.8582,23750,30987,Plecotus austriacus,0.008,0.023,-1,Echolocation,/mnt/ubna_data_02_mir/recover-20221013/UBNA_001/20221012_030000.WAV,Telephone Field,recover-20221013,001,1795
1733.8845,1733.8953,22890,29167,Nyctalus leisleri,0.011,0.027,-1,Echolocation,/mnt/ubna_data_02_mir/recover-20221013/UBNA_001/20221012_030000.WAV,Telephone Field,recover-20221013,001,1795
1733.8915,1733.8999,28046,37852,Eptesicus serotinus,0.007,0.021,-1,Echolocation,/mnt/ubna_data_02_mir/recover-20221013/UBNA_001/20221012_030000.WAV,Telephone Field,recover-20221013,001,1795
1733.9145,1733.9246,22890,29024,Nyctalus leisleri,0.01,0.024,-1,Echolocation,/mnt/ubna_data_02_mir/recover-20221013/UBNA_001/20221012_030000.WAV,Telephone Field,recover-20221013,001,1795
1734.0015,1734.0076,47812,54495,Pipistrellus pipistrellus,0.018,0.023,-1,Echolocation,/mnt/ubna_data_02_mir/recover-20221013/UBNA_001/20221012_030000.WAV,Telephone Field,recover-20221013,001,1795
1734.0015,1734.0094,25468,34821,Nyctalus leisleri,0.008,0.026,-1,Echolocation,/mnt/ubna_data_02_mir/recover-20221013/UBNA_001/20221012_030000.WAV,Telephone Field,recover-20221013,001,1795
1734.0015,1734.033,68437,79915,Rhinolophus ferrumequinum,0.027,0.028,-1,Echolocation,/mnt/ubna_data_02_mir/recover-20221013/UBNA_001/20221012_030000.WAV,Telephone Field,recover-20221013,001,1795
1734.0245,1734.0638,68437,81937,Rhinolophus ferrumequinum,0.021,0.021,-1,Echolocation,/mnt/ubna_data_02_mir/recover-20221013/UBNA_001/20221012_030000.WAV,Telephone Field,recover-20221013,001,1795
1734.0395,1734.0495,28046,35401,Eptesicus serotinus,0.009,0.022,-1,Echolocation,/mnt/ubna_data_02_mir/recover-20221013/UBNA_001/20221012_030000.WAV,Telephone Field,recover-20221013,001,1795
1734.0435,1734.0819,68437,82746,Rhinolophus ferrumequinum,0.022,0.022,-1,Echolocation,/mnt/ubna_data_02_mir/recover-20221013/UBNA_001/20221012_030000.WAV,Telephone Field,recover-20221013,001,1795
1734.0485,1734.06,22890,27911,Nyctalus leisleri,0.01,0.022,-1,Echolocation,/mnt/ubna_data_02_mir/recover-20221013/UBNA_001/20221012_030000.WAV,Telephone Field,recover-20221013,001,1795
1734.0715,1734.1086,68437,81674,Rhinolophus ferrumequinum,0.022,0.022,-1,Echolocation,/mnt/ubna_data_02_mir/recover-20221013/UBNA_001/20221012_030000.WAV,Telephone Field,recover-20221013,001,1795
1734.0905,1734.132,68437,83016,Rhinolophus ferrumequinum,0.043,0.043,-1,Echolocation,/mnt/ubna_data_02_mir/recover-20221013/UBNA_001/20221012_030000.WAV,Telephone Field,recover-20221013,001,1795
1734.1205,1734.1601,68437,82533,Rhinolophus ferrumequinum,0.023,0.023,-1,Echolocation,/mnt/ubna_data_02_mir/recover-20221013/UBNA_001/20221012_030000.WAV,Telephone Field,recover-20221013,001,1795
1734.1235,1734.1327,24609,32276,Nyctalus leisleri,0.007,0.022,-1,Echolocation,/mnt/ubna_data_02_mir/recover-20221013/UBNA_001/20221012_030000.WAV,Telephone Field,recover-20221013,001,1795
1734.1435,1734.1801,68437,81436,Rhinolophus ferrumequinum,0.023,0.023,-1,Echolocation,/mnt/ubna_data_02_mir/recover-20221013/UBNA_001/20221012_030000.WAV,Telephone Field,recover-20221013,001,1795
1734.1625,1734.201,68437,82071,Rhinolophus ferrumequinum,0.02,0.021,-1,Echolocation,/mnt/ubna_data_02_mir/recover-20221013/UBNA_001/20221012_030000.WAV,Telephone Field,recover-20221013,001,1795
1734.1745,1734.1831,28046,36699,Eptesicus serotinus,0.01,0.026,-1,Echolocation,/mnt/ubna_data_02_mir/recover-20221013/UBNA_001/20221012_030000.WAV,Telephone Field,recover-20221013,001,1795
1734.1885,1734.2306,68437,82113,Rhinolophus ferrumequinum,0.034,0.034,-1,Echolocation,/mnt/ubna_data_02_mir/recover-20221013/UBNA_001/20221012_030000.WAV,Telephone Field,recover-20221013,001,1795
1734.2115,1734.2204,28046,41687,Eptesicus serotinus,0.008,0.023,-1,Echolocation,/mnt/ubna_data_02_mir/recover-20221013/UBNA_001/20221012_030000.WAV,Telephone Field,recover-20221013,001,1795
1734.2235,1734.2596,68437,81388,Rhinolophus ferrumequinum,0.02,0.02,-1,Echolocation,/mnt/ubna_data_02_mir/recover-20221013/UBNA_001/20221012_030000.WAV,Telephone Field,recover-20221013,001,1795
1734.2395,1734.2768,68437,81507,Rhinolophus ferrumequinum,0.023,0.023,-1,Echolocation,/mnt/ubna_data_02_mir/recover-20221013/UBNA_001/20221012_030000.WAV,Telephone Field,recover-20221013,001,1795
1734.2755,1734.3166,68437,82905,Rhinolophus ferrumequinum,0.03,0.03,-1,Echolocation,/mnt/ubna_data_02_mir/recover-20221013/UBNA_001/20221012_030000.WAV,Telephone Field,recover-20221013,001,1795
1734.2855,1734.3227,68437,81849,Rhinolophus ferrumequinum,0.022,0.022,-1,Echolocation,/mnt/ubna_data_02_mir/recover-20221013/UBNA_001/20221012_030000.WAV,Telephone Field,recover-20221013,001,1795
1734.3165,1734.3579,68437,82484,Rhinolophus ferrumequinum,0.023,0.023,-1,Echolocation,/mnt/ubna_data_02_mir/recover-20221013/UBNA_001/20221012_030000.WAV,Telephone Field,recover-20221013,001,1795
1734.3665,1734.4097,68437,83311,Rhinolophus ferrumequinum,0.04,0.04,-1,Echolocation,/mnt/ubna_data_02_mir/recover-20221013/UBNA_001/20221012_030000.WAV,Telephone Field,recover-20221013,001,1795
1734.3805,1734.3904,28046,36849,Eptesicus serotinus,0.01,0.021,-1,Echolocation,/mnt/ubna_data_02_mir/recover-20221013/UBNA_001/20221012_030000.WAV,Telephone Field,recover-20221013,001,1795
1734.4025,1734.4402,68437,82210,Rhinolophus ferrumequinum,0.03,0.03,-1,Echolocation,/mnt/ubna_data_02_mir/recover-20221013/UBNA_001/20221012_030000.WAV,Telephone Field,recover-20221013,001,1795
1734.4045,1734.411,27187,38381,Eptesicus serotinus,0.005,0.022,-1,Echolocation,/mnt/ubna_data_02_mir/recover-20221013/UBNA_001/20221012_030000.WAV,Telephone Field,recover-20221013,001,1795
1734.4585,1734.4706,23750,29164,Nyctalus leisleri,0.009,0.021,-1,Echolocation,/mnt/ubna_data_02_mir/recover-20221013/UBNA_001/20221012_030000.WAV,Telephone Field,recover-20221013,001,1795
1734.4785,1734.521,68437,82970,Rhinolophus ferrumequinum,0.023,0.023,-1,Echolocation,/mnt/ubna_data_02_mir/recover-20221013/UBNA_001/20221012_030000.WAV,Telephone Field,recover-20221013,001,1795
1734.4845,1734.5252,68437,82414,Rhinolophus ferrumequinum,0.025,0.025,-1,Echolocation,/mnt/ubna_data_02_mir/recover-20221013/UBNA_001/20221012_030000.WAV,Telephone Field,recover-20221013,001,1795
1734.5035,1734.5138,22890,28342,Nyctalus leisleri,0.011,0.024,-1,Echolocation,/mnt/ubna_data_02_mir/recover-20221013/UBNA_001/20221012_030000.WAV,Telephone Field,recover-20221013,001,1795
1734.5165,1734.5542,68437,81882,Rhinolophus ferrumequinum,0.023,0.023,-1,Echolocation,/mnt/ubna_data_02_mir/recover-20221013/UBNA_001/20221012_030000.WAV,Telephone Field,recover-20221013,001,1795
1734.5435,1734.5817,68437,81527,Rhinolophus ferrumequinum,0.023,0.023,-1,Echolocation,/mnt/ubna_data_02_mir/recover-20221013/UBNA_001/20221012_030000.WAV,Telephone Field,recover-20221013,001,1795
1734.5485,1734.5867,68437,81918,Rhinolophus ferrumequinum,0.022,0.023,-1,Echolocation,/mnt/ubna_data_02_mir/recover-20221013/UBNA_001/20221012_030000.WAV,Telephone Field,recover-20221013,001,1795
1734.5695,1734.5802,45234,51483,Pipistrellus pipistrellus,0.02,0.024,-1,Echolocation,/mnt/ubna_data_02_mir/recover-20221013/UBNA_001/20221012_030000.WAV,Telephone Field,recover-20221013,001,1795
1734.5835,1734.622,68437,82114,Rhinolophus ferrumequinum,0.022,0.022,-1,Echolocation,/mnt/ubna_data_02_mir/recover-20221013/UBNA_001/20221012_030000.WAV,Telephone Field,recover-20221013,001,1795
1734.6145,1734.654,68437,82616,Rhinolophus ferrumequinum,0.021,0.021,-1,Echolocation,/mnt/ubna_data_02_mir/recover-20221013/UBNA_001/20221012_030000.WAV,Telephone Field,recover-20221013,001,1795
1734.6175,1734.6273,24609,31672,Eptesicus serotinus,0.007,0.021,-1,Echolocation,/mnt/ubna_data_02_mir/recover-20221013/UBNA_001/20221012_030000.WAV,Telephone Field,recover-20221013,001,1795
1734.6345,1734.6706,68437,81313,Rhinolophus ferrumequinum,0.025,0.025,-1,Echolocation,/mnt/ubna_data_02_mir/recover-20221013/UBNA_001/20221012_030000.WAV,Telephone Field,recover-20221013,001,1795
1734.6795,1734.6906,24609,31439,Eptesicus serotinus,0.008,0.021,-1,Echolocation,/mnt/ubna_data_02_mir/recover-20221013/UBNA_001/20221012_030000.WAV,Telephone Field,recover-20221013,001,1795
1734.7135,1734.7527,68437,82297,Rhinolophus ferrumequinum,0.021,0.021,-1,Echolocation,/mnt/ubna_data_02_mir/recover-20221013/UBNA_001/20221012_030000.WAV,Telephone Field,recover-20221013,001,1795
1734.7275,1734.7683,68437,83121,Rhinolophus ferrumequinum,0.026,0.026,-1,Echolocation,/mnt/ubna_data_02_mir/recover-20221013/UBNA_001/20221012_030000.WAV,Telephone Field,recover-20221013,001,1795
1734.7315,1734.7481,21171,24301,Nyctalus leisleri,0.021,0.034,-1,Echolocation,/mnt/ubna_data_02_mir/recover-20221013/UBNA_001/20221012_030000.WAV,Telephone Field,recover-20221013,001,1795
1734.7665,1734.8054,68437,82502,Rhinolophus ferrumequinum,0.021,0.021,-1,Echolocation,/mnt/ubna_data_02_mir/recover-20221013/UBNA_001/20221012_030000.WAV,Telephone Field,recover-20221013,001,1795
1734.7705,1734.7783,27187,37147,Eptesicus serotinus,0.006,0.023,-1,Echolocation,/mnt/ubna_data_02_mir/recover-20221013/UBNA_001/20221012_030000.WAV,Telephone Field,recover-20221013,001,1795
1734.7825,1734.7993,21171,24199,Nyctalus leisleri,0.014,0.024,-1,Echolocation,/mnt/ubna_data_02_mir/recover-20221013/UBNA_001/20221012_030000.WAV,Telephone Field,recover-20221013,001,1795
1734.8025,1734.8397,68437,82756,Rhinolophus ferrumequinum,0.021,0.021,-1,Echolocation,/mnt/ubna_data_02_mir/recover-20221013/UBNA_001/20221012_030000.WAV,Telephone Field,recover-20221013,001,1795
1734.8525,1734.8654,22890,26952,Nyctalus leisleri,0.017,0.027,-1,Echolocation,/mnt/ubna_data_02_mir/recover-20221013/UBNA_001/20221012_030000.WAV,Telephone Field,recover-20221013,001,1795
1734.8575,1734.8935,68437,81406,Rhinolophus ferrumequinum,0.021,0.021,-1,Echolocation,/mnt/ubna_data_02_mir/recover-20221013/UBNA_001/20221012_030000.WAV,Telephone Field,recover-20221013,001,1795
1734.8995,1734.94,68437,82835,Rhinolophus ferrumequinum,0.024,0.024,-1,Echolocation,/mnt/ubna_data_02_mir/recover-20221013/UBNA_001/20221012_030000.WAV,Telephone Field,recover-20221013,001,1795
1734.8995,1734.9062,50390,58371,Pipistrellus pipistrellus,0.021,0.025,-1,Echolocation,/mnt/ubna_data_02_mir/recover-20221013/UBNA_001/20221012_030000.WAV,Telephone Field,recover-20221013,001,1795
1734.9265,1734.9644,68437,81942,Rhinolophus ferrumequinum,0.021,0.021,-1,Echolocation,/mnt/ubna_data_02_mir/recover-20221013/UBNA_001/20221012_030000.WAV,Telephone Field,recover-20221013,001,1795
1734.9515,1734.9888,68437,82078,Rhinolophus ferrumequinum,0.022,0.022,-1,Echolocation,/mnt/ubna_data_02_mir/recover-20221013/UBNA_001/20221012_030000.WAV,Telephone Field,recover-20221013,001,1795
1734.9665,1735.0063,68437,82403,Rhinolophus ferrumequinum,0.021,0.021,-1,Echolocation,/mnt/ubna_data_02_mir/recover-20221013/UBNA_001/20221012_030000.WAV,Telephone Field,recover-20221013,001,1795
1734.9935,1735.0006,28046,39627,Eptesicus serotinus,0.007,0.025,-1,Echolocation,/mnt/ubna_data_02_mir/recover-20221013/UBNA_001/20221012_030000.WAV,Telephone Field,recover-20221013,001,1795
1734.9975,1735.0359,68437,82729,Rhinolophus ferrumequinum,0.022,0.022,-1,Echolocation,/mnt/ubna_data_02_mir/recover-20221013/UBNA_001/20221012_030000.WAV,Telephone Field,recover-20221013,001,1795
1735.0135,1735.047,68437,81040,Rhinolophus ferrumequinum,0.022,0.022,-1,Echolocation,/mnt/ubna_data_02_mir/recover-20221013/UBNA_001/20221012_030000.WAV,Telephone Field,recover-20221013,001,1795
1735.0225,1735.0606,68437,81739,Rhinolophus ferrumequinum,0.021,0.021,-1,Echolocation,/mnt/ubna_data_02_mir/recover-20221013/UBNA_001/20221012_030000.WAV,Telephone Field,recover-20221013,001,1795
1735.0275,1735.0659,68437,82278,Rhinolophus ferrumequinum,0.021,0.021,-1,Echolocation,/mnt/ubna_data_02_mir/recover-20221013/UBNA_001/20221012_030000.WAV,Telephone Field,recover-20221013,001,1795
1735.0375,1735.0796,68437,82782,Rhinolophus ferrumequinum,0.022,0.022,-1,Echolocation,/mnt/ubna_data_02_mir/recover-20221013/UBNA_001/20221012_030000.WAV,Telephone Field,recover-20221013,001,1795
1735.0875,1735.126,68437,83010,Rhinolophus ferrumequinum,0.024,0.024,-1,Echolocation,/mnt/ubna_data_02_mir/recover-20221013/UBNA_001/20221012_030000.WAV,Telephone Field,recover-20221013,001,1795
1735.1015,1735.1388,68437,82139,Rhinolophus ferrumequinum,0.021,0.021,-1,Echolocation,/mnt/ubna_data_02_mir/recover-20221013/UBNA_001/20221012_030000.WAV,Telephone Field,recover-20221013,001,1795
1735.1115,1735.1502,68437,82335,Rhinolophus ferrumequinum,0.022,0.022,-1,Echolocation,/mnt/ubna_data_02_mir/recover-20221013/UBNA_001/20221012_030000.WAV,Telephone Field,recover-20221013,001,1795
1735.1495,1735.1832,68437,81384,Rhinolophus ferrumequinum,0.021,0.021,-1,Echolocation,/mnt/ubna_data_02_mir/recover-20221013/UBNA_001/20221012_030000.WAV,Telephone Field,recover-20221013,001,1795
1735.1515,1735.1593,27187,40250,Eptesicus serotinus,0.007,0.021,-1,Echolocation,/mnt/ubna_data_02_mir/recover-20221013/UBNA_001/20221012_030000.WAV,Telephone Field,recover-20221013,001,1795
1735.1755,1735.2165,68437,82921,Rhinolophus ferrumequinum,0.027,0.027,-1,Echolocation,/mnt/ubna_data_02_mir/recover-20221013/UBNA_001/20221012_030000.WAV,Telephone Field,recover-20221013,001,1795
1735.2025,1735.2383,68437,81553,Rhinolophus ferrumequinum,0.022,0.022,-1,Echolocation,/mnt/ubna_data_02_mir/recover-20221013/UBNA_001/20221012_030000.WAV,Telephone Field,recover-20221013,001,1795
1735.2425,1735.2821,68437,81929,Rhinolophus ferrumequinum,0.024,0.024,-1,Echolocation,/mnt/ubna_data_02_mir/recover-20221013/UBNA_001/20221012_030000.WAV,Telephone Field,recover-20221013,001,1795
1735.2625,1735.2722,28046,35810,Eptesicus serotinus,0.008,0.021,-1,Echolocation,/mnt/ubna_data_02_mir/recover-20221013/UBNA_001/20221012_030000.WAV,Telephone Field,recover-20221013,001,1795
1735.2655,1735.3022,68437,82177,Rhinolophus ferrumequinum,0.021,0.022,-1,Echolocation,/mnt/ubna_data_02_mir/recover-20221013/UBNA_001/20221012_030000.WAV,Telephone Field,recover-20221013,001,1795
1735.2785,1735.3156,68437,81783,Rhinolophus ferrumequinum,0.021,0.021,-1,Echolocation,/mnt/ubna_data_02_mir/recover-20221013/UBNA_001/20221012_030000.WAV,Telephone Field,recover-20221013,001,1795
1735.2805,1735.291,23750,29915,Nyctalus leisleri,0.01,0.025,-1,Echolocation,/mnt/ubna_data_02_mir/recover-20221013/UBNA_001/20221012_030000.WAV,Telephone Field,recover-20221013,001,1795
1735.2935,1735.331,68437,81888,Rhinolophus ferrumequinum,0.022,0.022,-1,Echolocation,/mnt/ubna_data_02_mir/recover-20221013/UBNA_001/20221012_030000.WAV,Telephone Field,recover-20221013,001,1795
1735.3145,1735.353,68437,82718,Rhinolophus ferrumequinum,0.021,0.021,-1,Echolocation,/mnt/ubna_data_02_mir/recover-20221013/UBNA_001/20221012_030000.WAV,Telephone Field,recover-20221013,001,1795
1735.3475,1735.3886,68437,82805,Rhinolophus ferrumequinum,0.026,0.026,-1,Echolocation,/mnt/ubna_data_02_mir/recover-20221013/UBNA_001/20221012_030000.WAV,Telephone Field,recover-20221013,001,1795
1735.3585,1735.3984,68437,82653,Rhinolophus ferrumequinum,0.02,0.02,-1,Echolocation,/mnt/ubna_data_02_mir/recover-20221013/UBNA_001/20221012_030000.WAV,Telephone Field,recover-20221013,001,1795
1735.3755,1735.4151,68437,82430,Rhinolophus ferrumequinum,0.021,0.021,-1,Echolocation,/mnt/ubna_data_02_mir/recover-20221013/UBNA_001/20221012_030000.WAV,Telephone Field,recover-20221013,001,1795
1735.3775,1735.3888,44375,50465,Pipistrellus pipistrellus,0.016,0.026,-1,Echolocation,/mnt/ubna_data_02_mir/recover-20221013/UBNA_001/20221012_030000.WAV,Telephone Field,recover-20221013,001,1795
1735.3915,1735.4278,68437,81878,Rhinolophus ferrumequinum,0.021,0.021,-1,Echolocation,/mnt/ubna_data_02_mir/recover-20221013/UBNA_001/20221012_030000.WAV,Telephone Field,recover-20221013,001,1795
1735.3995,1735.4135,25468,29594,Nyctalus leisleri,0.022,0.045,-1,Echolocation,/mnt/ubna_data_02_mir/recover-20221013/UBNA_001/20221012_030000.WAV,Telephone Field,recover-20221013,001,1795
1735.4055,1735.4454,68437,82594,Rhinolophus ferrumequinum,0.021,0.021,-1,Echolocation,/mnt/ubna_data_02_mir/recover-20221013/UBNA_001/20221012_030000.WAV,Telephone Field,recover-20221013,001,1795
1735.4415,1735.4514,26328,35061,Eptesicus serotinus,0.009,0.022,-1,Echolocation,/mnt/ubna_data_02_mir/recover-20221013/UBNA_001/20221012_030000.WAV,Telephone Field,recover-20221013,001,1795
1735.4455,1735.4556,54687,58392,Pipistrellus pygmaeus,0.027,0.028,-1,Echolocation,/mnt/ubna_data_02_mir/recover-20221013/UBNA_001/20221012_030000.WAV,Telephone Field,recover-20221013,001,1795
1735.4475,1735.4835,68437,81755,Rhinolophus ferrumequinum,0.02,0.021,-1,Echolocation,/mnt/ubna_data_02_mir/recover-20221013/UBNA_001/20221012_030000.WAV,Telephone Field,recover-20221013,001,1795
1735.4995,1735.5081,27187,36264,Eptesicus serotinus,0.008,0.023,-1,Echolocation,/mnt/ubna_data_02_mir/recover-20221013/UBNA_001/20221012_030000.WAV,Telephone Field,recover-20221013,001,1795
1735.5275,1735.5348,26328,37532,Eptesicus serotinus,0.005,0.021,-1,Echolocation,/mnt/ubna_data_02_mir/recover-20221013/UBNA_001/20221012_030000.WAV,Telephone Field,recover-20221013,001,1795
1735.5375,1735.5449,34921,43909,Myotis daubentonii,0.008,0.022,-1,Echolocation,/mnt/ubna_data_02_mir/recover-20221013/UBNA_001/20221012_030000.WAV,Telephone Field,recover-20221013,001,1795
1735.5535,1735.564,22890,27872,Nyctalus leisleri,0.011,0.022,-1,Echolocation,/mnt/ubna_data_02_mir/recover-20221013/UBNA_001/20221012_030000.WAV,Telephone Field,recover-20221013,001,1795
1735.5555,1735.5969,68437,82716,Rhinolophus ferrumequinum,0.021,0.021,-1,Echolocation,/mnt/ubna_data_02_mir/recover-20221013/UBNA_001/20221012_030000.WAV,Telephone Field,recover-20221013,001,1795
1735.5755,1735.6163,68437,82683,Rhinolophus ferrumequinum,0.024,0.024,-1,Echolocation,/mnt/ubna_data_02_mir/recover-20221013/UBNA_001/20221012_030000.WAV,Telephone Field,recover-20221013,001,1795
1735.6275,1735.6673,68437,81538,Rhinolophus ferrumequinum,0.023,0.023,-1,Echolocation,/mnt/ubna_data_02_mir/recover-20221013/UBNA_001/20221012_030000.WAV,Telephone Field,recover-20221013,001,1795
1735.6335,1735.669,68437,81454,Rhinolophus ferrumequinum,0.025,0.025,-1,Echolocation,/mnt/ubna_data_02_mir/recover-20221013/UBNA_001/20221012_030000.WAV,Telephone Field,recover-20221013,001,1795
1735.6525,1735.6913,68437,82056,Rhinolophus ferrumequinum,0.025,0.025,-1,Echolocation,/mnt/ubna_data_02_mir/recover-20221013/UBNA_001/20221012_030000.WAV,Telephone Field,recover-20221013,001,1795
1735.6565,1735.6656,46093,54776,Pipistrellus pipistrellus,0.021,0.031,-1,Echolocation,/mnt/ubna_data_02_mir/recover-20221013/UBNA_001/20221012_030000.WAV,Telephone Field,recover-20221013,001,1795
1735.6625,1735.6692,27187,40624,Eptesicus serotinus,0.006,0.022,-1,Echolocation,/mnt/ubna_data_02_mir/recover-20221013/UBNA_001/20221012_030000.WAV,Telephone Field,recover-20221013,001,1795
1735.6845,1735.6918,26328,38549,Eptesicus serotinus,0.006,0.022,-1,Echolocation,/mnt/ubna_data_02_mir/recover-20221013/UBNA_001/20221012_030000.WAV,Telephone Field,recover-20221013,001,1795
1735.6875,1735.7016,15156,20495,Nyctalus noctula,0.015,0.022,-1,Echolocation,/mnt/ubna_data_02_mir/recover-20221013/UBNA_001/20221012_030000.WAV,Telephone Field,recover-20221013,001,1795
1735.6965,1735.7355,68437,81659,Rhinolophus ferrumequinum,0.021,0.021,-1,Echolocation,/mnt/ubna_data_02_mir/recover-20221013/UBNA_001/20221012_030000.WAV,Telephone Field,recover-20221013,001,1795
1735.7035,1735.7409,68437,81847,Rhinolophus ferrumequinum,0.02,0.02,-1,Echolocation,/mnt/ubna_data_02_mir/recover-20221013/UBNA_001/20221012_030000.WAV,Telephone Field,recover-20221013,001,1795
1735.7435,1735.7814,68437,81812,Rhinolophus ferrumequinum,0.029,0.029,-1,Echolocation,/mnt/ubna_data_02_mir/recover-20221013/UBNA_001/20221012_030000.WAV,Telephone Field,recover-20221013,001,1795
1735.7725,1735.7806,28046,39140,Eptesicus serotinus,0.009,0.027,-1,Echolocation,/mnt/ubna_data_02_mir/recover-20221013/UBNA_001/20221012_030000.WAV,Telephone Field,recover-20221013,001,1795
1735.7955,1735.8342,68437,81706,Rhinolophus ferrumequinum,0.022,0.022,-1,Echolocation,/mnt/ubna_data_02_mir/recover-20221013/UBNA_001/20221012_030000.WAV,Telephone Field,recover-20221013,001,1795
1735.8255,1735.8659,68437,82381,Rhinolophus ferrumequinum,0.025,0.025,-1,Echolocation,/mnt/ubna_data_02_mir/recover-20221013/UBNA_001/20221012_030000.WAV,Telephone Field,recover-20221013,001,1795
1735.8465,1735.8845,68437,82087,Rhinolophus ferrumequinum,0.021,0.021,-1,Echolocation,/mnt/ubna_data_02_mir/recover-20221013/UBNA_001/20221012_030000.WAV,Telephone Field,recover-20221013,001,1795
1735.8735,1735.915,68437,82406,Rhinolophus ferrumequinum,0.024,0.024,-1,Echolocation,/mnt/ubna_data_02_mir/recover-20221013/UBNA_001/20221012_030000.WAV,Telephone Field,recover-20221013,001,1795
1735.8775,1735.8847,27187,38856,Eptesicus serotinus,0.006,0.02,-1,Echolocation,/mnt/ubna_data_02_mir/recover-20221013/UBNA_001/20221012_030000.WAV,Telephone Field,recover-20221013,001,1795
1735.9075,1735.9158,26328,35244,Eptesicus serotinus,0.009,0.024,-1,Echolocation,/mnt/ubna_data_02_mir/recover-20221013/UBNA_001/20221012_030000.WAV,Telephone Field,recover-20221013,001,1795
1735.9395,1735.9784,68437,82429,Rhinolophus ferrumequinum,0.02,0.02,-1,Echolocation,/mnt/ubna_data_02_mir/recover-20221013/UBNA_001/20221012_030000.WAV,Telephone Field,recover-20221013,001,1795
1735.9495,1735.9883,68437,82360,Rhinolophus ferrumequinum,0.024,0.024,-1,Echolocation,/mnt/ubna_data_02_mir/recover-20221013/UBNA_001/20221012_030000.WAV,Telephone Field,recover-20221013,001,1795
1735.9575,1735.9958,68437,81966,Rhinolophus ferrumequinum,0.023,0.023,-1,Echolocation,/mnt/ubna_data_02_mir/recover-20221013/UBNA_001/20221012_030000.WAV,Telephone Field,recover-20221013,001,1795
1735.9845,1735.9976,38359,43001,Pipistrellus nathusii,0.02,0.027,-1,Echolocation,/mnt/ubna_data_02_mir/recover-20221013/UBNA_001/20221012_030000.WAV,Telephone Field,recover-20221013,001,1795
1736.0015,1736.0339,68437,80925,Rhinolophus ferrumequinum,0.032,0.032,-1,Echolocation,/mnt/ubna_data_02_mir/recover-20221013/UBNA_001/20221012_030000.WAV,Telephone Field,recover-20221013,001,1795
1736.0015,1736.0073,22890,36588,Plecotus austriacus,0.014,0.038,-1,Echolocation,/mnt/ubna_data_02_mir/recover-20221013/UBNA_001/20221012_030000.WAV,Telephone Field,recover-20221013,001,1795
1736.0105,1736.0545,68437,82613,Rhinolophus ferrumequinum,0.023,0.023,-1,Echolocation,/mnt/ubna_data_02_mir/recover-20221013/UBNA_001/20221012_030000.WAV,Telephone Field,recover-20221013,001,1795
1736.0285,1736.0411,25468,30217,Nyctalus leisleri,0.021,0.05,-1,Echolocation,/mnt/ubna_data_02_mir/recover-20221013/UBNA_001/20221012_030000.WAV,Telephone Field,recover-20221013,001,1795
1736.0545,1736.0923,68437,81730,Rhinolophus ferrumequinum,0.022,0.022,-1,Echolocation,/mnt/ubna_data_02_mir/recover-20221013/UBNA_001/20221012_030000.WAV,Telephone Field,recover-20221013,001,1795
1736.0835,1736.1244,68437,82519,Rhinolophus ferrumequinum,0.026,0.026,-1,Echolocation,/mnt/ubna_data_02_mir/recover-20221013/UBNA_001/20221012_030000.WAV,Telephone Field,recover-20221013,001,1795
1736.1005,1736.1403,68437,82886,Rhinolophus ferrumequinum,0.029,0.029,-1,Echolocation,/mnt/ubna_data_02_mir/recover-20221013/UBNA_001/20221012_030000.WAV,Telephone Field,recover-20221013,001,1795
1736.1155,1736.1231,28906,37885,Eptesicus serotinus,0.007,0.023,-1,Echolocation,/mnt/ubna_data_02_mir/recover-20221013/UBNA_001/20221012_030000.WAV,Telephone Field,recover-20221013,001,1795
1736.1275,1736.1429,22031,25957,Nyctalus leisleri,0.017,0.028,-1,Echolocation,/mnt/ubna_data_02_mir/recover-20221013/UBNA_001/20221012_030000.WAV,Telephone Field,recover-20221013,001,1795
1736.1285,1736.1373,42656,46781,Pipistrellus pipistrellus,0.018,0.022,-1,Echolocation,/mnt/ubna_data_02_mir/recover-20221013/UBNA_001/20221012_030000.WAV,Telephone Field,recover-20221013,001,1795
1736.1425,1736.1829,68437,82341,Rhinolophus ferrumequinum,0.023,0.023,-1,Echolocation,/mnt/ubna_data_02_mir/recover-20221013/UBNA_001/20221012_030000.WAV,Telephone Field,recover-20221013,001,1795
1736.2165,1736.23,23750,28849,Nyctalus leisleri,0.018,0.034,-1,Echolocation,/mnt/ubna_data_02_mir/recover-20221013/UBNA_001/20221012_030000.WAV,Telephone Field,recover-20221013,001,1795
1736.2465,1736.2847,68437,82312,Rhinolophus ferrumequinum,0.022,0.022,-1,Echolocation,/mnt/ubna_data_02_mir/recover-20221013/UBNA_001/20221012_030000.WAV,Telephone Field,recover-20221013,001,1795
1736.2675,1736.2755,27187,35547,Eptesicus serotinus,0.008,0.021,-1,Echolocation,/mnt/ubna_data_02_mir/recover-20221013/UBNA_001/20221012_030000.WAV,Telephone Field,recover-20221013,001,1795
1736.3265,1736.3663999999999,68437,82745,Rhinolophus ferrumequinum,0.021,0.021,-1,Echolocation,/mnt/ubna_data_02_mir/recover-20221013/UBNA_001/20221012_030000.WAV,Telephone Field,recover-20221013,001,1795
1736.3525,1736.3902,68437,82354,Rhinolophus ferrumequinum,0.031,0.031,-1,Echolocation,/mnt/ubna_data_02_mir/recover-20221013/UBNA_001/20221012_030000.WAV,Telephone Field,recover-20221013,001,1795
1736.3765,1736.4174,68437,83081,Rhinolophus ferrumequinum,0.025,0.025,-1,Echolocation,/mnt/ubna_data_02_mir/recover-20221013/UBNA_001/20221012_030000.WAV,Telephone Field,recover-20221013,001,1795
1736.4245,1736.4646,68437,82284,Rhinolophus ferrumequinum,0.023,0.023,-1,Echolocation,/mnt/ubna_data_02_mir/recover-20221013/UBNA_001/20221012_030000.WAV,Telephone Field,recover-20221013,001,1795
1736.4525,1736.4593,24609,39313,Myotis nattereri,0.008,0.023,-1,Echolocation,/mnt/ubna_data_02_mir/recover-20221013/UBNA_001/20221012_030000.WAV,Telephone Field,recover-20221013,001,1795
1736.4755,1736.4873,23750,29283,Nyctalus leisleri,0.014,0.03,-1,Echolocation,/mnt/ubna_data_02_mir/recover-20221013/UBNA_001/20221012_030000.WAV,Telephone Field,recover-20221013,001,1795
1736.4885,1736.5265,68437,82336,Rhinolophus ferrumequinum,0.024,0.024,-1,Echolocation,/mnt/ubna_data_02_mir/recover-20221013/UBNA_001/20221012_030000.WAV,Telephone Field,recover-20221013,001,1795
1736.5025,1736.5117,54687,58762,Pipistrellus pygmaeus,0.02,0.021,-1,Echolocation,/mnt/ubna_data_02_mir/recover-20221013/UBNA_001/20221012_030000.WAV,Telephone Field,recover-20221013,001,1795
1736.5295,1736.5683,68437,82246,Rhinolophus ferrumequinum,0.03,0.03,-1,Echolocation,/mnt/ubna_data_02_mir/recover-20221013/UBNA_001/20221012_030000.WAV,Telephone Field,recover-20221013,001,1795
1736.5435,1736.5554,22031,26947,Nyctalus leisleri,0.012,0.026,-1,Echolocation,/mnt/ubna_data_02_mir/recover-20221013/UBNA_001/20221012_030000.WAV,Telephone Field,recover-20221013,001,1795
1736.6025,1736.6119,50390,54511,Pipistrellus pipistrellus,0.02,0.026,-1,Echolocation,/mnt/ubna_data_02_mir/recover-20221013/UBNA_001/20221012_030000.WAV,Telephone Field,recover-20221013,001,1795
1736.6025,1736.6414,68437,82169,Rhinolophus ferrumequinum,0.024,0.024,-1,Echolocation,/mnt/ubna_data_02_mir/recover-20221013/UBNA_001/20221012_030000.WAV,Telephone Field,recover-20221013,001,1795
1736.6165,1736.6572,68437,82550,Rhinolophus ferrumequinum,0.022,0.022,-1,Echolocation,/mnt/ubna_data_02_mir/recover-20221013/UBNA_001/20221012_030000.WAV,Telephone Field,recover-20221013,001,1795
1736.6355,1736.6422,28046,41772,Eptesicus serotinus,0.007,0.026,-1,Echolocation,/mnt/ubna_data_02_mir/recover-20221013/UBNA_001/20221012_030000.WAV,Telephone Field,recover-20221013,001,1795
1736.6485,1736.6837,68437,81046,Rhinolophus ferrumequinum,0.024,0.024,-1,Echolocation,/mnt/ubna_data_02_mir/recover-20221013/UBNA_001/20221012_030000.WAV,Telephone Field,recover-20221013,001,1795
1736.6765,1736.7164,68437,82667,Rhinolophus ferrumequinum,0.025,0.025,-1,Echolocation,/mnt/ubna_data_02_mir/recover-20221013/UBNA_001/20221012_030000.WAV,Telephone Field,recover-20221013,001,1795
1736.7155,1736.7539,68437,81570,Rhinolophus ferrumequinum,0.022,0.022,-1,Echolocation,/mnt/ubna_data_02_mir/recover-20221013/UBNA_001/20221012_030000.WAV,Telephone Field,recover-20221013,001,1795
1736.7255,1736.733,26328,35452,Eptesicus serotinus,0.007,0.022,-1,Echolocation,/mnt/ubna_data_02_mir/recover-20221013/UBNA_001/20221012_030000.WAV,Telephone Field,recover-20221013,001,1795
1736.7335,1736.7405,28046,38514,Eptesicus serotinus,0.008,0.026,-1,Echolocation,/mnt/ubna_data_02_mir/recover-20221013/UBNA_001/20221012_030000.WAV,Telephone Field,recover-20221013,001,1795
1736.7625,1736.7707,27187,39668,Eptesicus serotinus,0.007,0.023,-1,Echolocation,/mnt/ubna_data_02_mir/recover-20221013/UBNA_001/20221012_030000.WAV,Telephone Field,recover-20221013,001,1795
1736.7675,1736.8055,68437,82699,Rhinolophus ferrumequinum,0.03,0.03,-1,Echolocation,/mnt/ubna_data_02_mir/recover-20221013/UBNA_001/20221012_030000.WAV,Telephone Field,recover-20221013,001,1795
1736.8125,1736.8531,68437,82709,Rhinolophus ferrumequinum,0.022,0.022,-1,Echolocation,/mnt/ubna_data_02_mir/recover-20221013/UBNA_001/20221012_030000.WAV,Telephone Field,recover-20221013,001,1795
1736.8225,1736.8637,68437,82629,Rhinolophus ferrumequinum,0.022,0.022,-1,Echolocation,/mnt/ubna_data_02_mir/recover-20221013/UBNA_001/20221012_030000.WAV,Telephone Field,recover-20221013,001,1795
1736.8295,1736.8363,40937,56427,Myotis mystacinus,0.005,0.023,-1,Echolocation,/mnt/ubna_data_02_mir/recover-20221013/UBNA_001/20221012_030000.WAV,Telephone Field,recover-20221013,001,1795
1736.8575,1736.8646,31484,48840,Myotis daubentonii,0.014,0.027,-1,Echolocation,/mnt/ubna_data_02_mir/recover-20221013/UBNA_001/20221012_030000.WAV,Telephone Field,recover-20221013,001,1795
1736.8765,1736.8892,22890,27089,Nyctalus leisleri,0.025,0.042,-1,Echolocation,/mnt/ubna_data_02_mir/recover-20221013/UBNA_001/20221012_030000.WAV,Telephone Field,recover-20221013,001,1795
1736.8855,1736.9242,68437,81969,Rhinolophus ferrumequinum,0.023,0.023,-1,Echolocation,/mnt/ubna_data_02_mir/recover-20221013/UBNA_001/20221012_030000.WAV,Telephone Field,recover-20221013,001,1795
1736.9155,1736.9538,68437,81295,Rhinolophus ferrumequinum,0.025,0.025,-1,Echolocation,/mnt/ubna_data_02_mir/recover-20221013/UBNA_001/20221012_030000.WAV,Telephone Field,recover-20221013,001,1795
1736.9675,1736.9783,28906,34731,Eptesicus serotinus,0.009,0.022,-1,Echolocation,/mnt/ubna_data_02_mir/recover-20221013/UBNA_001/20221012_030000.WAV,Telephone Field,recover-20221013,001,1795
1736.9905,1737.0273,68437,82198,Rhinolophus ferrumequinum,0.023,0.023,-1,Echolocation,/mnt/ubna_data_02_mir/recover-20221013/UBNA_001/20221012_030000.WAV,Telephone Field,recover-20221013,001,1795
1737.0305,1737.0676,68437,81763,Rhinolophus ferrumequinum,0.021,0.021,-1,Echolocation,/mnt/ubna_data_02_mir/recover-20221013/UBNA_001/20221012_030000.WAV,Telephone Field,recover-20221013,001,1795
1737.0585,1737.0971,68437,82274,Rhinolophus ferrumequinum,0.022,0.022,-1,Echolocation,/mnt/ubna_data_02_mir/recover-20221013/UBNA_001/20221012_030000.WAV,Telephone Field,recover-20221013,001,1795
1737.0675,1737.0784,22031,27277,Nyctalus leisleri,0.011,0.024,-1,Echolocation,/mnt/ubna_data_02_mir/recover-20221013/UBNA_001/20221012_030000.WAV,Telephone Field,recover-20221013,001,1795
1737.0905,1737.1265,68437,81829,Rhinolophus ferrumequinum,0.022,0.022,-1,Echolocation,/mnt/ubna_data_02_mir/recover-20221013/UBNA_001/20221012_030000.WAV,Telephone Field,recover-20221013,001,1795
1737.1005,1737.1091,28046,36520,Eptesicus serotinus,0.016,0.033,-1,Echolocation,/mnt/ubna_data_02_mir/recover-20221013/UBNA_001/20221012_030000.WAV,Telephone Field,recover-20221013,001,1795
1737.1075,1737.1464,68437,82337,Rhinolophus ferrumequinum,0.024,0.024,-1,Echolocation,/mnt/ubna_data_02_mir/recover-20221013/UBNA_001/20221012_030000.WAV,Telephone Field,recover-20221013,001,1795
1737.1095,1737.1185,28046,36140,Eptesicus serotinus,0.008,0.025,-1,Echolocation,/mnt/ubna_data_02_mir/recover-20221013/UBNA_001/20221012_030000.WAV,Telephone Field,recover-20221013,001,1795
1737.1365,1737.1453,28046,39926,Eptesicus serotinus,0.009,0.024,-1,Echolocation,/mnt/ubna_data_02_mir/recover-20221013/UBNA_001/20221012_030000.WAV,Telephone Field,recover-20221013,001,1795
1737.1525,1737.1946,68437,83292,Rhinolophus ferrumequinum,0.026,0.026,-1,Echolocation,/mnt/ubna_data_02_mir/recover-20221013/UBNA_001/20221012_030000.WAV,Telephone Field,recover-20221013,001,1795
1737.1655,1737.1775,22031,26111,Nyctalus leisleri,0.013,0.023,-1,Echolocation,/mnt/ubna_data_02_mir/recover-20221013/UBNA_001/20221012_030000.WAV,Telephone Field,recover-20221013,001,1795
1737.1665,1737.1727,38359,56832,Myotis brandtii,0.006,0.022,-1,Echolocation,/mnt/ubna_data_02_mir/recover-20221013/UBNA_001/20221012_030000.WAV,Telephone Field,recover-20221013,001,1795
1737.1765,1737.2163,68437,82642,Rhinolophus ferrumequinum,0.028,0.028,-1,Echolocation,/mnt/ubna_data_02_mir/recover-20221013/UBNA_001/20221012_030000.WAV,Telephone Field,recover-20221013,001,1795
1737.1835,1737.194,22890,28953,Nyctalus leisleri,0.014,0.036,-1,Echolocation,/mnt/ubna_data_02_mir/recover-20221013/UBNA_001/20221012_030000.WAV,Telephone Field,recover-20221013,001,1795
1737.2375,1737.2456,22890,30878,Plecotus austriacus,0.009,0.022,-1,Echolocation,/mnt/ubna_data_02_mir/recover-20221013/UBNA_001/20221012_030000.WAV,Telephone Field,recover-20221013,001,1795
1737.2485,1737.2868,68437,82210,Rhinolophus ferrumequinum,0.021,0.021,-1,Echolocation,/mnt/ubna_data_02_mir/recover-20221013/UBNA_001/20221012_030000.WAV,Telephone Field,recover-20221013,001,1795
1737.2515,1737.2594,28046,43287,Eptesicus serotinus,0.007,0.022,-1,Echolocation,/mnt/ubna_data_02_mir/recover-20221013/UBNA_001/20221012_030000.WAV,Telephone Field,recover-20221013,001,1795
1737.2735,1737.2871,23750,28733,Nyctalus leisleri,0.017,0.036,-1,Echolocation,/mnt/ubna_data_02_mir/recover-20221013/UBNA_001/20221012_030000.WAV,Telephone Field,recover-20221013,001,1795
1737.2925,1737.3014,28906,39678,Eptesicus serotinus,0.008,0.022,-1,Echolocation,/mnt/ubna_data_02_mir/recover-20221013/UBNA_001/20221012_030000.WAV,Telephone Field,recover-20221013,001,1795
1737.3085,1737.3457,68437,81363,Rhinolophus ferrumequinum,0.025,0.025,-1,Echolocation,/mnt/ubna_data_02_mir/recover-20221013/UBNA_001/20221012_030000.WAV,Telephone Field,recover-20221013,001,1795
1737.3185,1737.3267,27187,42621,Eptesicus serotinus,0.008,0.022,-1,Echolocation,/mnt/ubna_data_02_mir/recover-20221013/UBNA_001/20221012_030000.WAV,Telephone Field,recover-20221013,001,1795
1737.3205,1737.3569,68437,80612,Rhinolophus ferrumequinum,0.022,0.022,-1,Echolocation,/mnt/ubna_data_02_mir/recover-20221013/UBNA_001/20221012_030000.WAV,Telephone Field,recover-20221013,001,1795
1737.3465,1737.3547,26328,35572,Eptesicus serotinus,0.008,0.024,-1,Echolocation,/mnt/ubna_data_02_mir/recover-20221013/UBNA_001/20221012_030000.WAV,Telephone Field,recover-20221013,001,1795
1737.3865,1737.3958,29765,37782,Eptesicus serotinus,0.007,0.022,-1,Echolocation,/mnt/ubna_data_02_mir/recover-20221013/UBNA_001/20221012_030000.WAV,Telephone Field,recover-20221013,001,1795
1737.3995,1737.4378,68437,81991,Rhinolophus ferrumequinum,0.026,0.026,-1,Echolocation,/mnt/ubna_data_02_mir/recover-20221013/UBNA_001/20221012_030000.WAV,Telephone Field,recover-20221013,001,1795
1737.4075,1737.4155,23750,31866,Plecotus austriacus,0.009,0.023,-1,Echolocation,/mnt/ubna_data_02_mir/recover-20221013/UBNA_001/20221012_030000.WAV,Telephone Field,recover-20221013,001,1795
1737.4175,1737.4557,68437,82504,Rhinolophus ferrumequinum,0.025,0.026,-1,Echolocation,/mnt/ubna_data_02_mir/recover-20221013/UBNA_001/20221012_030000.WAV,Telephone Field,recover-20221013,001,1795
1737.4295,1737.4407,22031,27461,Nyctalus leisleri,0.01,0.024,-1,Echolocation,/mnt/ubna_data_02_mir/recover-20221013/UBNA_001/20221012_030000.WAV,Telephone Field,recover-20221013,001,1795
1737.4365,1737.4464,24609,30965,Nyctalus leisleri,0.009,0.023,-1,Echolocation,/mnt/ubna_data_02_mir/recover-20221013/UBNA_001/20221012_030000.WAV,Telephone Field,recover-20221013,001,1795
1737.4765,1737.5152,68437,81908,Rhinolophus ferrumequinum,0.022,0.022,-1,Echolocation,/mnt/ubna_data_02_mir/recover-20221013/UBNA_001/20221012_030000.WAV,Telephone Field,recover-20221013,001,1795
1737.4805,1737.4913,24609,31750,Nyctalus leisleri,0.008,0.024,-1,Echolocation,/mnt/ubna_data_02_mir/recover-20221013/UBNA_001/20221012_030000.WAV,Telephone Field,recover-20221013,001,1795
1737.4905,1737.5286,68437,81331,Rhinolophus ferrumequinum,0.021,0.022,-1,Echolocation,/mnt/ubna_data_02_mir/recover-20221013/UBNA_001/20221012_030000.WAV,Telephone Field,recover-20221013,001,1795
1737.5145,1737.5544,68437,82094,Rhinolophus ferrumequinum,0.025,0.025,-1,Echolocation,/mnt/ubna_data_02_mir/recover-20221013/UBNA_001/20221012_030000.WAV,Telephone Field,recover-20221013,001,1795
1737.5285,1737.5659,68437,81857,Rhinolophus ferrumequinum,0.022,0.022,-1,Echolocation,/mnt/ubna_data_02_mir/recover-20221013/UBNA_001/20221012_030000.WAV,Telephone Field,recover-20221013,001,1795
1737.5375,1737.5778,68437,82694,Rhinolophus ferrumequinum,0.022,0.022,-1,Echolocation,/mnt/ubna_data_02_mir/recover-20221013/UBNA_001/20221012_030000.WAV,Telephone Field,recover-20221013,001,1795
1737.5865,1737.6254,68437,82539,Rhinolophus ferrumequinum,0.022,0.022,-1,Echolocation,/mnt/ubna_data_02_mir/recover-20221013/UBNA_001/20221012_030000.WAV,Telephone Field,recover-20221013,001,1795
1737.5885,1737.5997,22031,27580,Nyctalus leisleri,0.01,0.025,-1,Echolocation,/mnt/ubna_data_02_mir/recover-20221013/UBNA_001/20221012_030000.WAV,Telephone Field,recover-20221013,001,1795
1737.6145,1737.6562,68437,82804,Rhinolophus ferrumequinum,0.025,0.025,-1,Echolocation,/mnt/ubna_data_02_mir/recover-20221013/UBNA_001/20221012_030000.WAV,Telephone Field,recover-20221013,001,1795
1737.6345,1737.645,28906,35773,Eptesicus serotinus,0.011,0.024,-1,Echolocation,/mnt/ubna_data_02_mir/recover-20221013/UBNA_001/20221012_030000.WAV,Telephone Field,recover-20221013,001,1795
1737.6715,1737.6814,24609,31456,Nyctalus leisleri,0.013,0.031,-1,Echolocation,/mnt/ubna_data_02_mir/recover-20221013/UBNA_001/20221012_030000.WAV,Telephone Field,recover-20221013,001,1795
1737.6715,1737.7135,68437,82599,Rhinolophus ferrumequinum,0.023,0.023,-1,Echolocation,/mnt/ubna_data_02_mir/recover-20221013/UBNA_001/20221012_030000.WAV,Telephone Field,recover-20221013,001,1795
1737.6785,1737.7185,68437,82545,Rhinolophus ferrumequinum,0.028,0.028,-1,Echolocation,/mnt/ubna_data_02_mir/recover-20221013/UBNA_001/20221012_030000.WAV,Telephone Field,recover-20221013,001,1795
1737.6925,1737.7338,68437,82594,Rhinolophus ferrumequinum,0.034,0.034,-1,Echolocation,/mnt/ubna_data_02_mir/recover-20221013/UBNA_001/20221012_030000.WAV,Telephone Field,recover-20221013,001,1795
1737.6965,1737.7052,26328,35112,Eptesicus serotinus,0.016,0.045,-1,Echolocation,/mnt/ubna_data_02_mir/recover-20221013/UBNA_001/20221012_030000.WAV,Telephone Field,recover-20221013,001,1795
1737.7595,1737.7991,68437,82765,Rhinolophus ferrumequinum,0.022,0.022,-1,Echolocation,/mnt/ubna_data_02_mir/recover-20221013/UBNA_001/20221012_030000.WAV,Telephone Field,recover-20221013,001,1795
1737.7615,1737.7686,24609,35451,Plecotus austriacus,0.015,0.034,-1,Echolocation,/mnt/ubna_data_02_mir/recover-20221013/UBNA_001/20221012_030000.WAV,Telephone Field,recover-20221013,001,1795
1737.8135,1737.8214,28046,37007,Eptesicus serotinus,0.015,0.042,-1,Echolocation,/mnt/ubna_data_02_mir/recover-20221013/UBNA_001/20221012_030000.WAV,Telephone Field,recover-20221013,001,1795
1737.8425,1737.8517,28906,39663,Eptesicus serotinus,0.009,0.025,-1,Echolocation,/mnt/ubna_data_02_mir/recover-20221013/UBNA_001/20221012_030000.WAV,Telephone Field,recover-20221013,001,1795
1737.8745,1737.9177,68437,82605,Rhinolophus ferrumequinum,0.024,0.024,-1,Echolocation,/mnt/ubna_data_02_mir/recover-20221013/UBNA_001/20221012_030000.WAV,Telephone Field,recover-20221013,001,1795
1737.9205,1737.931,22031,27269,Nyctalus leisleri,0.013,0.03,-1,Echolocation,/mnt/ubna_data_02_mir/recover-20221013/UBNA_001/20221012_030000.WAV,Telephone Field,recover-20221013,001,1795
1737.9585,1737.9698,29765,36876,Eptesicus serotinus,0.013,0.027,-1,Echolocation,/mnt/ubna_data_02_mir/recover-20221013/UBNA_001/20221012_030000.WAV,Telephone Field,recover-20221013,001,1795
1737.9835,1737.9945,22031,27723,Nyctalus leisleri,0.011,0.026,-1,Echolocation,/mnt/ubna_data_02_mir/recover-20221013/UBNA_001/20221012_030000.WAV,Telephone Field,recover-20221013,001,1795
1738.0015,1738.0349,68437,80131,Rhinolophus ferrumequinum,0.027,0.027,-1,Echolocation,/mnt/ubna_data_02_mir/recover-20221013/UBNA_001/20221012_030000.WAV,Telephone Field,recover-20221013,001,1795
1738.0015,1738.0107,27187,36592,Eptesicus serotinus,0.008,0.025,-1,Echolocation,/mnt/ubna_data_02_mir/recover-20221013/UBNA_001/20221012_030000.WAV,Telephone Field,recover-20221013,001,1795
1738.0015,1738.009,46953,52304,Pipistrellus pipistrellus,0.019,0.024,-1,Echolocation,/mnt/ubna_data_02_mir/recover-20221013/UBNA_001/20221012_030000.WAV,Telephone Field,recover-20221013,001,1795
1738.0125,1738.0566,68437,83170,Rhinolophus ferrumequinum,0.023,0.023,-1,Echolocation,/mnt/ubna_data_02_mir/recover-20221013/UBNA_001/20221012_030000.WAV,Telephone Field,recover-20221013,001,1795
1738.0185,1738.0606,68437,82486,Rhinolophus ferrumequinum,0.024,0.024,-1,Echolocation,/mnt/ubna_data_02_mir/recover-20221013/UBNA_001/20221012_030000.WAV,Telephone Field,recover-20221013,001,1795
1738.1095,1738.1507,68437,82140,Rhinolophus ferrumequinum,0.022,0.022,-1,Echolocation,/mnt/ubna_data_02_mir/recover-20221013/UBNA_001/20221012_030000.WAV,Telephone Field,recover-20221013,001,1795
1738.1345,1738.1726,68437,81086,Rhinolophus ferrumequinum,0.031,0.031,-1,Echolocation,/mnt/ubna_data_02_mir/recover-20221013/UBNA_001/20221012_030000.WAV,Telephone Field,recover-20221013,001,1795
1738.1785,1738.1905,22890,26529,Nyctalus leisleri,0.018,0.03,-1,Echolocation,/mnt/ubna_data_02_mir/recover-20221013/UBNA_001/20221012_030000.WAV,Telephone Field,recover-20221013,001,1795
1738.1955,1738.2327,68437,81645,Rhinolophus ferrumequinum,0.022,0.022,-1,Echolocation,/mnt/ubna_data_02_mir/recover-20221013/UBNA_001/20221012_030000.WAV,Telephone Field,recover-20221013,001,1795
1738.1975,1738.2146,21171,24463,Nyctalus leisleri,0.015,0.025,-1,Echolocation,/mnt/ubna_data_02_mir/recover-20221013/UBNA_001/20221012_030000.WAV,Telephone Field,recover-20221013,001,1795
1738.2605,1738.2985,68437,81843,Rhinolophus ferrumequinum,0.021,0.021,-1,Echolocation,/mnt/ubna_data_02_mir/recover-20221013/UBNA_001/20221012_030000.WAV,Telephone Field,recover-20221013,001,1795
1738.3055,1738.3466,68437,82758,Rhinolophus ferrumequinum,0.027,0.027,-1,Echolocation,/mnt/ubna_data_02_mir/recover-20221013/UBNA_001/20221012_030000.WAV,Telephone Field,recover-20221013,001,1795
1738.3255,1738.3349,24609,33176,Eptesicus serotinus,0.006,0.021,-1,Echolocation,/mnt/ubna_data_02_mir/recover-20221013/UBNA_001/20221012_030000.WAV,Telephone Field,recover-20221013,001,1795
1738.3965,1738.4082,23750,30174,Nyctalus leisleri,0.009,0.023,-1,Echolocation,/mnt/ubna_data_02_mir/recover-20221013/UBNA_001/20221012_030000.WAV,Telephone Field,recover-20221013,001,1795
1738.3985,1738.4379,68437,82193,Rhinolophus ferrumequinum,0.023,0.023,-1,Echolocation,/mnt/ubna_data_02_mir/recover-20221013/UBNA_001/20221012_030000.WAV,Telephone Field,recover-20221013,001,1795
1738.4265,1738.4661,68437,82108,Rhinolophus ferrumequinum,0.022,0.022,-1,Echolocation,/mnt/ubna_data_02_mir/recover-20221013/UBNA_001/20221012_030000.WAV,Telephone Field,recover-20221013,001,1795
1738.4325,1738.4712,68437,82260,Rhinolophus ferrumequinum,0.023,0.023,-1,Echolocation,/mnt/ubna_data_02_mir/recover-20221013/UBNA_001/20221012_030000.WAV,Telephone Field,recover-20221013,001,1795
1738.4585,1738.467,22890,29785,Plecotus austriacus,0.009,0.022,-1,Echolocation,/mnt/ubna_data_02_mir/recover-20221013/UBNA_001/20221012_030000.WAV,Telephone Field,recover-20221013,001,1795
1738.4945,1738.5028,23750,32027,Plecotus austriacus,0.009,0.025,-1,Echolocation,/mnt/ubna_data_02_mir/recover-20221013/UBNA_001/20221012_030000.WAV,Telephone Field,recover-20221013,001,1795
1738.5175,1738.5559,68437,82365,Rhinolophus ferrumequinum,0.023,0.023,-1,Echolocation,/mnt/ubna_data_02_mir/recover-20221013/UBNA_001/20221012_030000.WAV,Telephone Field,recover-20221013,001,1795
1738.5435,1738.5511,28046,38788,Eptesicus serotinus,0.007,0.021,-1,Echolocation,/mnt/ubna_data_02_mir/recover-20221013/UBNA_001/20221012_030000.WAV,Telephone Field,recover-20221013,001,1795
1738.5725,1738.6084,68437,81132,Rhinolophus ferrumequinum,0.025,0.025,-1,Echolocation,/mnt/ubna_data_02_mir/recover-20221013/UBNA_001/20221012_030000.WAV,Telephone Field,recover-20221013,001,1795
1738.6075,1738.6257,21171,23812,Nyctalus leisleri,0.021,0.032,-1,Echolocation,/mnt/ubna_data_02_mir/recover-20221013/UBNA_001/20221012_030000.WAV,Telephone Field,recover-20221013,001,1795
1738.6115,1738.65,68437,81347,Rhinolophus ferrumequinum,0.022,0.022,-1,Echolocation,/mnt/ubna_data_02_mir/recover-20221013/UBNA_001/20221012_030000.WAV,Telephone Field,recover-20221013,001,1795
1738.6675,1738.7067,68437,82684,Rhinolophus ferrumequinum,0.023,0.023,-1,Echolocation,/mnt/ubna_data_02_mir/recover-20221013/UBNA_001/20221012_030000.WAV,Telephone Field,recover-20221013,001,1795
1738.6715,1738.678,24609,36351,Plecotus austriacus,0.018,0.039,-1,Echolocation,/mnt/ubna_data_02_mir/recover-20221013/UBNA_001/20221012_030000.WAV,Telephone Field,recover-20221013,001,1795
1738.6875,1738.7259,68437,82016,Rhinolophus ferrumequinum,0.023,0.023,-1,Echolocation,/mnt/ubna_data_02_mir/recover-20221013/UBNA_001/20221012_030000.WAV,Telephone Field,recover-20221013,001,1795
1738.7275,1738.7649,68437,81616,Rhinolophus ferrumequinum,0.023,0.023,-1,Echolocation,/mnt/ubna_data_02_mir/recover-20221013/UBNA_001/20221012_030000.WAV,Telephone Field,recover-20221013,001,1795
1738.7515,1738.7892,68437,80971,Rhinolophus ferrumequinum,0.021,0.021,-1,Echolocation,/mnt/ubna_data_02_mir/recover-20221013/UBNA_001/20221012_030000.WAV,Telephone Field,recover-20221013,001,1795
1738.7625,1738.7703,22890,31102,Plecotus austriacus,0.011,0.025,-1,Echolocation,/mnt/ubna_data_02_mir/recover-20221013/UBNA_001/20221012_030000.WAV,Telephone Field,recover-20221013,001,1795
1738.8035,1738.8413,68437,81909,Rhinolophus ferrumequinum,0.023,0.024,-1,Echolocation,/mnt/ubna_data_02_mir/recover-20221013/UBNA_001/20221012_030000.WAV,Telephone Field,recover-20221013,001,1795
1738.8285,1738.8679,68437,82200,Rhinolophus ferrumequinum,0.024,0.024,-1,Echolocation,/mnt/ubna_data_02_mir/recover-20221013/UBNA_001/20221012_030000.WAV,Telephone Field,recover-20221013,001,1795
1738.8355,1738.874,68437,82360,Rhinolophus ferrumequinum,0.023,0.023,-1,Echolocation,/mnt/ubna_data_02_mir/recover-20221013/UBNA_001/20221012_030000.WAV,Telephone Field,recover-20221013,001,1795
1738.8415,1738.8524,23750,29576,Nyctalus leisleri,0.011,0.028,-1,Echolocation,/mnt/ubna_data_02_mir/recover-20221013/UBNA_001/20221012_030000.WAV,Telephone Field,recover-20221013,001,1795
1738.8555,1738.8975,68437,83348,Rhinolophus ferrumequinum,0.027,0.027,-1,Echolocation,/mnt/ubna_data_02_mir/recover-20221013/UBNA_001/20221012_030000.WAV,Telephone Field,recover-20221013,001,1795
1738.8885,1738.93,68437,82467,Rhinolophus ferrumequinum,0.029,0.029,-1,Echolocation,/mnt/ubna_data_02_mir/recover-20221013/UBNA_001/20221012_030000.WAV,Telephone Field,recover-20221013,001,1795
1738.9105,1738.9482,68437,82709,Rhinolophus ferrumequinum,0.023,0.023,-1,Echolocation,/mnt/ubna_data_02_mir/recover-20221013/UBNA_001/20221012_030000.WAV,Telephone Field,recover-20221013,001,1795
1738.9355,1738.9749,68437,82466,Rhinolophus ferrumequinum,0.026,0.026,-1,Echolocation,/mnt/ubna_data_02_mir/recover-20221013/UBNA_001/20221012_030000.WAV,Telephone Field,recover-20221013,001,1795
1738.9495,1738.9892,68437,82480,Rhinolophus ferrumequinum,0.023,0.023,-1,Echolocation,/mnt/ubna_data_02_mir/recover-20221013/UBNA_001/20221012_030000.WAV,Telephone Field,recover-20221013,001,1795
1738.9895,1739.0012,24609,30357,Nyctalus leisleri,0.011,0.025,-1,Echolocation,/mnt/ubna_data_02_mir/recover-20221013/UBNA_001/20221012_030000.WAV,Telephone Field,recover-20221013,001,1795
1739.0105,1739.0477,68437,82080,Rhinolophus ferrumequinum,0.022,0.022,-1,Echolocation,/mnt/ubna_data_02_mir/recover-20221013/UBNA_001/20221012_030000.WAV,Telephone Field,recover-20221013,001,1795
1739.0285,1739.0662,68437,82461,Rhinolophus ferrumequinum,0.025,0.025,-1,Echolocation,/mnt/ubna_data_02_mir/recover-20221013/UBNA_001/20221012_030000.WAV,Telephone Field,recover-20221013,001,1795
1739.0655,1739.1051,68437,82455,Rhinolophus ferrumequinum,0.023,0.023,-1,Echolocation,/mnt/ubna_data_02_mir/recover-20221013/UBNA_001/20221012_030000.WAV,Telephone Field,recover-20221013,001,1795
1739.1645,1739.1753,28906,37860,Eptesicus serotinus,0.01,0.023,-1,Echolocation,/mnt/ubna_data_02_mir/recover-20221013/UBNA_001/20221012_030000.WAV,Telephone Field,recover-20221013,001,1795
1739.2155,1739.252,68437,81747,Rhinolophus ferrumequinum,0.022,0.022,-1,Echolocation,/mnt/ubna_data_02_mir/recover-20221013/UBNA_001/20221012_030000.WAV,Telephone Field,recover-20221013,001,1795
1739.2555,1739.2969,68437,83131,Rhinolophus ferrumequinum,0.026,0.026,-1,Echolocation,/mnt/ubna_data_02_mir/recover-20221013/UBNA_001/20221012_030000.WAV,Telephone Field,recover-20221013,001,1795
1739.2645,1739.306,68437,82768,Rhinolophus ferrumequinum,0.026,0.026,-1,Echolocation,/mnt/ubna_data_02_mir/recover-20221013/UBNA_001/20221012_030000.WAV,Telephone Field,recover-20221013,001,1795
1739.2955,1739.3035,26328,34872,Eptesicus serotinus,0.007,0.022,-1,Echolocation,/mnt/ubna_data_02_mir/recover-20221013/UBNA_001/20221012_030000.WAV,Telephone Field,recover-20221013,001,1795
1739.3285,1739.3355,28046,40716,Eptesicus serotinus,0.007,0.025,-1,Echolocation,/mnt/ubna_data_02_mir/recover-20221013/UBNA_001/20221012_030000.WAV,Telephone Field,recover-20221013,001,1795
1739.3865,1739.3932,27187,43974,Eptesicus serotinus,0.006,0.023,-1,Echolocation,/mnt/ubna_data_02_mir/recover-20221013/UBNA_001/20221012_030000.WAV,Telephone Field,recover-20221013,001,1795
1739.4385,1739.4476,22890,30329,Plecotus austriacus,0.008,0.021,-1,Echolocation,/mnt/ubna_data_02_mir/recover-20221013/UBNA_001/20221012_030000.WAV,Telephone Field,recover-20221013,001,1795
1739.4625,1739.5056,68437,83697,Rhinolophus ferrumequinum,0.033,0.033,-1,Echolocation,/mnt/ubna_data_02_mir/recover-20221013/UBNA_001/20221012_030000.WAV,Telephone Field,recover-20221013,001,1795
1739.4835,1739.5233,68437,82102,Rhinolophus ferrumequinum,0.023,0.023,-1,Echolocation,/mnt/ubna_data_02_mir/recover-20221013/UBNA_001/20221012_030000.WAV,Telephone Field,recover-20221013,001,1795
1739.5205,1739.5555,68437,80729,Rhinolophus ferrumequinum,0.022,0.022,-1,Echolocation,/mnt/ubna_data_02_mir/recover-20221013/UBNA_001/20221012_030000.WAV,Telephone Field,recover-20221013,001,1795
1739.5485,1739.5558,27187,42240,Eptesicus serotinus,0.007,0.026,-1,Echolocation,/mnt/ubna_data_02_mir/recover-20221013/UBNA_001/20221012_030000.WAV,Telephone Field,recover-20221013,001,1795
1739.5745,1739.5901,22031,26561,Nyctalus leisleri,0.019,0.035,-1,Echolocation,/mnt/ubna_data_02_mir/recover-20221013/UBNA_001/20221012_030000.WAV,Telephone Field,recover-20221013,001,1795
1739.5755,1739.6133,68437,82333,Rhinolophus ferrumequinum,0.022,0.022,-1,Echolocation,/mnt/ubna_data_02_mir/recover-20221013/UBNA_001/20221012_030000.WAV,Telephone Field,recover-20221013,001,1795
1739.6175,1739.658,68437,82405,Rhinolophus ferrumequinum,0.022,0.022,-1,Echolocation,/mnt/ubna_data_02_mir/recover-20221013/UBNA_001/20221012_030000.WAV,Telephone Field,recover-20221013,001,1795
1739.6945,1739.7326,68437,81958,Rhinolophus ferrumequinum,0.021,0.022,-1,Echolocation,/mnt/ubna_data_02_mir/recover-20221013/UBNA_001/20221012_030000.WAV,Telephone Field,recover-20221013,001,1795
1739.7065,1739.7453,68437,82503,Rhinolophus ferrumequinum,0.024,0.024,-1,Echolocation,/mnt/ubna_data_02_mir/recover-20221013/UBNA_001/20221012_030000.WAV,Telephone Field,recover-20221013,001,1795
1739.7575,1739.7954,68437,81997,Rhinolophus ferrumequinum,0.023,0.023,-1,Echolocation,/mnt/ubna_data_02_mir/recover-20221013/UBNA_001/20221012_030000.WAV,Telephone Field,recover-20221013,001,1795
1739.7845,1739.8206,68437,81194,Rhinolophus ferrumequinum,0.023,0.023,-1,Echolocation,/mnt/ubna_data_02_mir/recover-20221013/UBNA_001/20221012_030000.WAV,Telephone Field,recover-20221013,001,1795
1739.7895,1739.8046,22031,25332,Nyctalus leisleri,0.014,0.021,-1,Echolocation,/mnt/ubna_data_02_mir/recover-20221013/UBNA_001/20221012_030000.WAV,Telephone Field,recover-20221013,001,1795
1739.7945,1739.8011,43515,51188,Pipistrellus pipistrellus,0.022,0.025,-1,Echolocation,/mnt/ubna_data_02_mir/recover-20221013/UBNA_001/20221012_030000.WAV,Telephone Field,recover-20221013,001,1795
1739.8055,1739.8166,25468,31962,Eptesicus serotinus,0.011,0.028,-1,Echolocation,/mnt/ubna_data_02_mir/recover-20221013/UBNA_001/20221012_030000.WAV,Telephone Field,recover-20221013,001,1795
1739.8255,1739.833,27187,38893,Eptesicus serotinus,0.007,0.025,-1,Echolocation,/mnt/ubna_data_02_mir/recover-20221013/UBNA_001/20221012_030000.WAV,Telephone Field,recover-20221013,001,1795
1739.8265,1739.8333,33203,41710,Myotis daubentonii,0.011,0.023,-1,Echolocation,/mnt/ubna_data_02_mir/recover-20221013/UBNA_001/20221012_030000.WAV,Telephone Field,recover-20221013,001,1795
1739.9125,1739.9208,28046,37464,Eptesicus serotinus,0.008,0.024,-1,Echolocation,/mnt/ubna_data_02_mir/recover-20221013/UBNA_001/20221012_030000.WAV,Telephone Field,recover-20221013,001,1795
1739.9415,1739.9616,18593,21767,Nyctalus noctula,0.013,0.024,-1,Echolocation,/mnt/ubna_data_02_mir/recover-20221013/UBNA_001/20221012_030000.WAV,Telephone Field,recover-20221013,001,1795
1739.9515,1739.995,68437,83825,Rhinolophus ferrumequinum,0.033,0.033,-1,Echolocation,/mnt/ubna_data_02_mir/recover-20221013/UBNA_001/20221012_030000.WAV,Telephone Field,recover-20221013,001,1795
1739.9645,1739.9732,39218,45785,Pipistrellus nathusii,0.009,0.024,-1,Echolocation,/mnt/ubna_data_02_mir/recover-20221013/UBNA_001/20221012_030000.WAV,Telephone Field,recover-20221013,001,1795
1740.0015,1740.0332,69296,81949,Rhinolophus ferrumequinum,0.03,0.03,-1,Echolocation,/mnt/ubna_data_02_mir/recover-20221013/UBNA_001/20221012_030000.WAV,Telephone Field,recover-20221013,001,1795
1740.0015,1740.0113,27187,35266,Eptesicus serotinus,0.012,0.035,-1,Echolocation,/mnt/ubna_data_02_mir/recover-20221013/UBNA_001/20221012_030000.WAV,Telephone Field,recover-20221013,001,1795
1740.0125,1740.0542,68437,82806,Rhinolophus ferrumequinum,0.022,0.022,-1,Echolocation,/mnt/ubna_data_02_mir/recover-20221013/UBNA_001/20221012_030000.WAV,Telephone Field,recover-20221013,001,1795
1740.0145,1740.0245,22031,27144,Nyctalus leisleri,0.011,0.025,-1,Echolocation,/mnt/ubna_data_02_mir/recover-20221013/UBNA_001/20221012_030000.WAV,Telephone Field,recover-20221013,001,1795
1740.0285,1740.0682,68437,82279,Rhinolophus ferrumequinum,0.021,0.021,-1,Echolocation,/mnt/ubna_data_02_mir/recover-20221013/UBNA_001/20221012_030000.WAV,Telephone Field,recover-20221013,001,1795
1740.0465,1740.0888,68437,83237,Rhinolophus ferrumequinum,0.034,0.034,-1,Echolocation,/mnt/ubna_data_02_mir/recover-20221013/UBNA_001/20221012_030000.WAV,Telephone Field,recover-20221013,001,1795
1740.0645,1740.0768,28906,35947,Eptesicus serotinus,0.02,0.035,-1,Echolocation,/mnt/ubna_data_02_mir/recover-20221013/UBNA_001/20221012_030000.WAV,Telephone Field,recover-20221013,001,1795
1740.0965,1740.138,68437,81922,Rhinolophus ferrumequinum,0.024,0.024,-1,Echolocation,/mnt/ubna_data_02_mir/recover-20221013/UBNA_001/20221012_030000.WAV,Telephone Field,recover-20221013,001,1795
1740.1025,1740.1404,68437,81836,Rhinolophus ferrumequinum,0.025,0.025,-1,Echolocation,/mnt/ubna_data_02_mir/recover-20221013/UBNA_001/20221012_030000.WAV,Telephone Field,recover-20221013,001,1795
1740.1275,1740.1677,68437,82818,Rhinolophus ferrumequinum,0.027,0.027,-1,Echolocation,/mnt/ubna_data_02_mir/recover-20221013/UBNA_001/20221012_030000.WAV,Telephone Field,recover-20221013,001,1795
1740.1345,1740.173,68437,82608,Rhinolophus ferrumequinum,0.026,0.026,-1,Echolocation,/mnt/ubna_data_02_mir/recover-20221013/UBNA_001/20221012_030000.WAV,Telephone Field,recover-20221013,001,1795
1740.2055,1740.2455,68437,82625,Rhinolophus ferrumequinum,0.023,0.023,-1,Echolocation,/mnt/ubna_data_02_mir/recover-20221013/UBNA_001/20221012_030000.WAV,Telephone Field,recover-20221013,001,1795
1740.3215,1740.357,68437,81589,Rhinolophus ferrumequinum,0.022,0.022,-1,Echolocation,/mnt/ubna_data_02_mir/recover-20221013/UBNA_001/20221012_030000.WAV,Telephone Field,recover-20221013,001,1795
1740.3315,1740.3705,68437,83009,Rhinolophus ferrumequinum,0.022,0.022,-1,Echolocation,/mnt/ubna_data_02_mir/recover-20221013/UBNA_001/20221012_030000.WAV,Telephone Field,recover-20221013,001,1795
1740.3865,1740.3963,28046,36851,Eptesicus serotinus,0.009,0.021,-1,Echolocation,/mnt/ubna_data_02_mir/recover-20221013/UBNA_001/20221012_030000.WAV,Telephone Field,recover-20221013,001,1795
1740.4075,1740.4436,68437,82175,Rhinolophus ferrumequinum,0.025,0.025,-1,Echolocation,/mnt/ubna_data_02_mir/recover-20221013/UBNA_001/20221012_030000.WAV,Telephone Field,recover-20221013,001,1795
1740.4415,1740.4524,28906,35788,Eptesicus serotinus,0.013,0.025,-1,Echolocation,/mnt/ubna_data_02_mir/recover-20221013/UBNA_001/20221012_030000.WAV,Telephone Field,recover-20221013,001,1795
1740.4715,1740.4821,23750,30341,Nyctalus leisleri,0.008,0.024,-1,Echolocation,/mnt/ubna_data_02_mir/recover-20221013/UBNA_001/20221012_030000.WAV,Telephone Field,recover-20221013,001,1795
1740.4875,1740.5051,21171,24310,Nyctalus leisleri,0.028,0.053,-1,Echolocation,/mnt/ubna_data_02_mir/recover-20221013/UBNA_001/20221012_030000.WAV,Telephone Field,recover-20221013,001,1795
1740.4935,1740.5015,27187,39200,Eptesicus serotinus,0.007,0.022,-1,Echolocation,/mnt/ubna_data_02_mir/recover-20221013/UBNA_001/20221012_030000.WAV,Telephone Field,recover-20221013,001,1795
1740.4945,1740.5308,68437,81862,Rhinolophus ferrumequinum,0.021,0.021,-1,Echolocation,/mnt/ubna_data_02_mir/recover-20221013/UBNA_001/20221012_030000.WAV,Telephone Field,recover-20221013,001,1795
1740.5435,1740.5504,28046,42722,Eptesicus serotinus,0.006,0.023,-1,Echolocation,/mnt/ubna_data_02_mir/recover-20221013/UBNA_001/20221012_030000.WAV,Telephone Field,recover-20221013,001,1795
1740.5445,1740.5846,68437,82693,Rhinolophus ferrumequinum,0.025,0.025,-1,Echolocation,/mnt/ubna_data_02_mir/recover-20221013/UBNA_001/20221012_030000.WAV,Telephone Field,recover-20221013,001,1795
1740.5975,1740.638,68437,82712,Rhinolophus ferrumequinum,0.024,0.024,-1,Echolocation,/mnt/ubna_data_02_mir/recover-20221013/UBNA_001/20221012_030000.WAV,Telephone Field,recover-20221013,001,1795
1740.6365,1740.6747,68437,81705,Rhinolophus ferrumequinum,0.021,0.021,-1,Echolocation,/mnt/ubna_data_02_mir/recover-20221013/UBNA_001/20221012_030000.WAV,Telephone Field,recover-20221013,001,1795
1740.6585,1740.6996,68437,82592,Rhinolophus ferrumequinum,0.028,0.028,-1,Echolocation,/mnt/ubna_data_02_mir/recover-20221013/UBNA_001/20221012_030000.WAV,Telephone Field,recover-20221013,001,1795
1740.7565,1740.7951,68437,82161,Rhinolophus ferrumequinum,0.022,0.022,-1,Echolocation,/mnt/ubna_data_02_mir/recover-20221013/UBNA_001/20221012_030000.WAV,Telephone Field,recover-20221013,001,1795
1740.8215,1740.8596,68437,82295,Rhinolophus ferrumequinum,0.021,0.021,-1,Echolocation,/mnt/ubna_data_02_mir/recover-20221013/UBNA_001/20221012_030000.WAV,Telephone Field,recover-20221013,001,1795
1740.8755,1740.917,68437,82980,Rhinolophus ferrumequinum,0.027,0.027,-1,Echolocation,/mnt/ubna_data_02_mir/recover-20221013/UBNA_001/20221012_030000.WAV,Telephone Field,recover-20221013,001,1795
1740.9215,1740.9289,25468,34555,Eptesicus serotinus,0.006,0.022,-1,Echolocation,/mnt/ubna_data_02_mir/recover-20221013/UBNA_001/20221012_030000.WAV,Telephone Field,recover-20221013,001,1795
1740.9285,1740.9695,68437,82506,Rhinolophus ferrumequinum,0.035,0.035,-1,Echolocation,/mnt/ubna_data_02_mir/recover-20221013/UBNA_001/20221012_030000.WAV,Telephone Field,recover-20221013,001,1795
1740.9695,1741.0085,68437,82680,Rhinolophus ferrumequinum,0.021,0.021,-1,Echolocation,/mnt/ubna_data_02_mir/recover-20221013/UBNA_001/20221012_030000.WAV,Telephone Field,recover-20221013,001,1795
1740.9725,1740.9896,22031,25730,Nyctalus leisleri,0.031,0.054,-1,Echolocation,/mnt/ubna_data_02_mir/recover-20221013/UBNA_001/20221012_030000.WAV,Telephone Field,recover-20221013,001,1795
1740.9945,1741.0358,68437,83135,Rhinolophus ferrumequinum,0.03,0.03,-1,Echolocation,/mnt/ubna_data_02_mir/recover-20221013/UBNA_001/20221012_030000.WAV,Telephone Field,recover-20221013,001,1795
1741.0665,1741.1001,68437,81294,Rhinolophus ferrumequinum,0.03,0.03,-1,Echolocation,/mnt/ubna_data_02_mir/recover-20221013/UBNA_001/20221012_030000.WAV,Telephone Field,recover-20221013,001,1795
1741.0765,1741.1111,68437,81455,Rhinolophus ferrumequinum,0.024,0.024,-1,Echolocation,/mnt/ubna_data_02_mir/recover-20221013/UBNA_001/20221012_030000.WAV,Telephone Field,recover-20221013,001,1795
1741.1495,1741.1852,68437,81435,Rhinolophus ferrumequinum,0.022,0.022,-1,Echolocation,/mnt/ubna_data_02_mir/recover-20221013/UBNA_001/20221012_030000.WAV,Telephone Field,recover-20221013,001,1795
1741.1705,1741.2094,68437,82270,Rhinolophus ferrumequinum,0.022,0.022,-1,Echolocation,/mnt/ubna_data_02_mir/recover-20221013/UBNA_001/20221012_030000.WAV,Telephone Field,recover-20221013,001,1795
1741.2465,1741.2864,68437,82504,Rhinolophus ferrumequinum,0.022,0.022,-1,Echolocation,/mnt/ubna_data_02_mir/recover-20221013/UBNA_001/20221012_030000.WAV,Telephone Field,recover-20221013,001,1795
1741.2505,1741.2587,24609,33271,Plecotus austriacus,0.006,0.021,-1,Echolocation,/mnt/ubna_data_02_mir/recover-20221013/UBNA_001/20221012_030000.WAV,Telephone Field,recover-20221013,001,1795
1741.2995,1741.3095,46953,50112,Pipistrellus pipistrellus,0.023,0.025,-1,Echolocation,/mnt/ubna_data_02_mir/recover-20221013/UBNA_001/20221012_030000.WAV,Telephone Field,recover-20221013,001,1795
1741.3105,1741.3496,68437,82402,Rhinolophus ferrumequinum,0.026,0.026,-1,Echolocation,/mnt/ubna_data_02_mir/recover-20221013/UBNA_001/20221012_030000.WAV,Telephone Field,recover-20221013,001,1795
1741.3365,1741.348,36640,43582,Eptesicus serotinus,0.004,0.021,-1,Echolocation,/mnt/ubna_data_02_mir/recover-20221013/UBNA_001/20221012_030000.WAV,Telephone Field,recover-20221013,001,1795
1741.4405,1741.4508,28906,36476,Eptesicus serotinus,0.009,0.021,-1,Echolocation,/mnt/ubna_data_02_mir/recover-20221013/UBNA_001/20221012_030000.WAV,Telephone Field,recover-20221013,001,1795
1741.4755,1741.5158,68437,82882,Rhinolophus ferrumequinum,0.032,0.032,-1,Echolocation,/mnt/ubna_data_02_mir/recover-20221013/UBNA_001/20221012_030000.WAV,Telephone Field,recover-20221013,001,1795
1741.5005,1741.5153,23750,28671,Nyctalus leisleri,0.015,0.028,-1,Echolocation,/mnt/ubna_data_02_mir/recover-20221013/UBNA_001/20221012_030000.WAV,Telephone Field,recover-20221013,001,1795
1741.5625,1741.6028,68437,82782,Rhinolophus ferrumequinum,0.035,0.035,-1,Echolocation,/mnt/ubna_data_02_mir/recover-20221013/UBNA_001/20221012_030000.WAV,Telephone Field,recover-20221013,001,1795
1741.5945,1741.6321,68437,81821,Rhinolophus ferrumequinum,0.022,0.022,-1,Echolocation,/mnt/ubna_data_02_mir/recover-20221013/UBNA_001/20221012_030000.WAV,Telephone Field,recover-20221013,001,1795
1741.6015,1741.6122,22890,27681,Nyctalus leisleri,0.011,0.022,-1,Echolocation,/mnt/ubna_data_02_mir/recover-20221013/UBNA_001/20221012_030000.WAV,Telephone Field,recover-20221013,001,1795
1741.6035,1741.6149,41796,44595,Pipistrellus pipistrellus,0.023,0.029,-1,Echolocation,/mnt/ubna_data_02_mir/recover-20221013/UBNA_001/20221012_030000.WAV,Telephone Field,recover-20221013,001,1795
1741.6275,1741.6351,23750,32198,Plecotus austriacus,0.01,0.024,-1,Echolocation,/mnt/ubna_data_02_mir/recover-20221013/UBNA_001/20221012_030000.WAV,Telephone Field,recover-20221013,001,1795
1741.6905,1741.6978,48671,53062,Pipistrellus pipistrellus,0.026,0.028,-1,Echolocation,/mnt/ubna_data_02_mir/recover-20221013/UBNA_001/20221012_030000.WAV,Telephone Field,recover-20221013,001,1795
1741.7365,1741.7455,22890,29674,Plecotus austriacus,0.008,0.021,-1,Echolocation,/mnt/ubna_data_02_mir/recover-20221013/UBNA_001/20221012_030000.WAV,Telephone Field,recover-20221013,001,1795
1741.7495,1741.7584,28906,37625,Eptesicus serotinus,0.008,0.021,-1,Echolocation,/mnt/ubna_data_02_mir/recover-20221013/UBNA_001/20221012_030000.WAV,Telephone Field,recover-20221013,001,1795
1741.7785,1741.8167,68437,81817,Rhinolophus ferrumequinum,0.022,0.022,-1,Echolocation,/mnt/ubna_data_02_mir/recover-20221013/UBNA_001/20221012_030000.WAV,Telephone Field,recover-20221013,001,1795
1741.7935,1741.8342,68437,82328,Rhinolophus ferrumequinum,0.037,0.037,-1,Echolocation,/mnt/ubna_data_02_mir/recover-20221013/UBNA_001/20221012_030000.WAV,Telephone Field,recover-20221013,001,1795
1741.7985,1741.8072,27187,37834,Eptesicus serotinus,0.008,0.024,-1,Echolocation,/mnt/ubna_data_02_mir/recover-20221013/UBNA_001/20221012_030000.WAV,Telephone Field,recover-20221013,001,1795
1741.8005,1741.8093,22890,29536,Plecotus austriacus,0.009,0.023,-1,Echolocation,/mnt/ubna_data_02_mir/recover-20221013/UBNA_001/20221012_030000.WAV,Telephone Field,recover-20221013,001,1795
1741.8205,1741.8576,68437,81427,Rhinolophus ferrumequinum,0.022,0.022,-1,Echolocation,/mnt/ubna_data_02_mir/recover-20221013/UBNA_001/20221012_030000.WAV,Telephone Field,recover-20221013,001,1795
1741.8295,1741.87,68437,82845,Rhinolophus ferrumequinum,0.022,0.022,-1,Echolocation,/mnt/ubna_data_02_mir/recover-20221013/UBNA_001/20221012_030000.WAV,Telephone Field,recover-20221013,001,1795
1741.8795,1741.9198,68437,82587,Rhinolophus ferrumequinum,0.022,0.022,-1,Echolocation,/mnt/ubna_data_02_mir/recover-20221013/UBNA_001/20221012_030000.WAV,Telephone Field,recover-20221013,001,1795
1741.9055,1741.9163,51250,56374,Pipistrellus pipistrellus,0.018,0.022,-1,Echolocation,/mnt/ubna_data_02_mir/recover-20221013/UBNA_001/20221012_030000.WAV,Telephone Field,recover-20221013,001,1795
1741.9155,1741.9249,22890,30067,Plecotus austriacus,0.009,0.025,-1,Echolocation,/mnt/ubna_data_02_mir/recover-20221013/UBNA_001/20221012_030000.WAV,Telephone Field,recover-20221013,001,1795
1741.9165,1741.955,68437,82827,Rhinolophus ferrumequinum,0.021,0.021,-1,Echolocation,/mnt/ubna_data_02_mir/recover-20221013/UBNA_001/20221012_030000.WAV,Telephone Field,recover-20221013,001,1795
1741.9375,1741.9477,23750,30465,Nyctalus leisleri,0.008,0.021,-1,Echolocation,/mnt/ubna_data_02_mir/recover-20221013/UBNA_001/20221012_030000.WAV,Telephone Field,recover-20221013,001,1795
1741.9395,1741.9781,68437,82339,Rhinolophus ferrumequinum,0.021,0.021,-1,Echolocation,/mnt/ubna_data_02_mir/recover-20221013/UBNA_001/20221012_030000.WAV,Telephone Field,recover-20221013,001,1795
1742.0015,1742.0105,22031,28218,Nyctalus leisleri,0.01,0.027,-1,Echolocation,/mnt/ubna_data_02_mir/recover-20221013/UBNA_001/20221012_030000.WAV,Telephone Field,recover-20221013,001,1795
1742.0015,1742.0372,68437,80929,Rhinolophus ferrumequinum,0.032,0.032,-1,Echolocation,/mnt/ubna_data_02_mir/recover-20221013/UBNA_001/20221012_030000.WAV,Telephone Field,recover-20221013,001,1795
1742.0015,1742.0099,46953,52835,Pipistrellus pipistrellus,0.018,0.025,-1,Echolocation,/mnt/ubna_data_02_mir/recover-20221013/UBNA_001/20221012_030000.WAV,Telephone Field,recover-20221013,001,1795
1742.0105,1742.0568,68437,83183,Rhinolophus ferrumequinum,0.025,0.025,-1,Echolocation,/mnt/ubna_data_02_mir/recover-20221013/UBNA_001/20221012_030000.WAV,Telephone Field,recover-20221013,001,1795
1742.0605,1742.0997,68437,81880,Rhinolophus ferrumequinum,0.021,0.021,-1,Echolocation,/mnt/ubna_data_02_mir/recover-20221013/UBNA_001/20221012_030000.WAV,Telephone Field,recover-20221013,001,1795
1742.0875,1742.127,68437,82667,Rhinolophus ferrumequinum,0.021,0.021,-1,Echolocation,/mnt/ubna_data_02_mir/recover-20221013/UBNA_001/20221012_030000.WAV,Telephone Field,recover-20221013,001,1795
1742.1435,1742.15,28046,41943,Myotis daubentonii,0.008,0.03,-1,Echolocation,/mnt/ubna_data_02_mir/recover-20221013/UBNA_001/20221012_030000.WAV,Telephone Field,recover-20221013,001,1795
1742.1865,1742.1944,28046,40638,Eptesicus serotinus,0.008,0.023,-1,Echolocation,/mnt/ubna_data_02_mir/recover-20221013/UBNA_001/20221012_030000.WAV,Telephone Field,recover-20221013,001,1795
1742.1935,1742.2319,68437,82196,Rhinolophus ferrumequinum,0.022,0.022,-1,Echolocation,/mnt/ubna_data_02_mir/recover-20221013/UBNA_001/20221012_030000.WAV,Telephone Field,recover-20221013,001,1795
1742.2465,1742.2844,68437,81915,Rhinolophus ferrumequinum,0.022,0.022,-1,Echolocation,/mnt/ubna_data_02_mir/recover-20221013/UBNA_001/20221012_030000.WAV,Telephone Field,recover-20221013,001,1795
1742.2765,1742.283,27187,40310,Eptesicus serotinus,0.006,0.025,-1,Echolocation,/mnt/ubna_data_02_mir/recover-20221013/UBNA_001/20221012_030000.WAV,Telephone Field,recover-20221013,001,1795
1742.2985,1742.3351,68437,81581,Rhinolophus ferrumequinum,0.022,0.022,-1,Echolocation,/mnt/ubna_data_02_mir/recover-20221013/UBNA_001/20221012_030000.WAV,Telephone Field,recover-20221013,001,1795
1742.3075,1742.3446,68437,82059,Rhinolophus ferrumequinum,0.022,0.022,-1,Echolocation,/mnt/ubna_data_02_mir/recover-20221013/UBNA_001/20221012_030000.WAV,Telephone Field,recover-20221013,001,1795
1742.3375,1742.3758,68437,81889,Rhinolophus ferrumequinum,0.023,0.023,-1,Echolocation,/mnt/ubna_data_02_mir/recover-20221013/UBNA_001/20221012_030000.WAV,Telephone Field,recover-20221013,001,1795
1742.3735,1742.4132,68437,82434,Rhinolophus ferrumequinum,0.027,0.027,-1,Echolocation,/mnt/ubna_data_02_mir/recover-20221013/UBNA_001/20221012_030000.WAV,Telephone Field,recover-20221013,001,1795
1742.3975,1742.4387,68437,83169,Rhinolophus ferrumequinum,0.024,0.024,-1,Echolocation,/mnt/ubna_data_02_mir/recover-20221013/UBNA_001/20221012_030000.WAV,Telephone Field,recover-20221013,001,1795
1742.4685,1742.5109,68437,82885,Rhinolophus ferrumequinum,0.028,0.028,-1,Echolocation,/mnt/ubna_data_02_mir/recover-20221013/UBNA_001/20221012_030000.WAV,Telephone Field,recover-20221013,001,1795
1742.4975,1742.5309,68437,80936,Rhinolophus ferrumequinum,0.024,0.024,-1,Echolocation,/mnt/ubna_data_02_mir/recover-20221013/UBNA_001/20221012_030000.WAV,Telephone Field,recover-20221013,001,1795
1742.5015,1742.5083,26328,38425,Eptesicus serotinus,0.005,0.021,-1,Echolocation,/mnt/ubna_data_02_mir/recover-20221013/UBNA_001/20221012_030000.WAV,Telephone Field,recover-20221013,001,1795
1742.5255,1742.562,68437,81972,Rhinolophus ferrumequinum,0.025,0.025,-1,Echolocation,/mnt/ubna_data_02_mir/recover-20221013/UBNA_001/20221012_030000.WAV,Telephone Field,recover-20221013,001,1795
1742.5275,1742.5426,19453,24483,Nyctalus noctula,0.023,0.045,-1,Echolocation,/mnt/ubna_data_02_mir/recover-20221013/UBNA_001/20221012_030000.WAV,Telephone Field,recover-20221013,001,1795
1742.5455,1742.5807,68437,80959,Rhinolophus ferrumequinum,0.022,0.022,-1,Echolocation,/mnt/ubna_data_02_mir/recover-20221013/UBNA_001/20221012_030000.WAV,Telephone Field,recover-20221013,001,1795
1742.5625,1742.5743,23750,29075,Nyctalus leisleri,0.01,0.023,-1,Echolocation,/mnt/ubna_data_02_mir/recover-20221013/UBNA_001/20221012_030000.WAV,Telephone Field,recover-20221013,001,1795
1742.5705,1742.6129,68437,82406,Rhinolophus ferrumequinum,0.028,0.028,-1,Echolocation,/mnt/ubna_data_02_mir/recover-20221013/UBNA_001/20221012_030000.WAV,Telephone Field,recover-20221013,001,1795
1742.6185,1742.6552,68437,81966,Rhinolophus ferrumequinum,0.024,0.024,-1,Echolocation,/mnt/ubna_data_02_mir/recover-20221013/UBNA_001/20221012_030000.WAV,Telephone Field,recover-20221013,001,1795
1742.6405,1742.6827,68437,83140,Rhinolophus ferrumequinum,0.022,0.022,-1,Echolocation,/mnt/ubna_data_02_mir/recover-20221013/UBNA_001/20221012_030000.WAV,Telephone Field,recover-20221013,001,1795
1742.6475,1742.688,68437,82856,Rhinolophus ferrumequinum,0.023,0.023,-1,Echolocation,/mnt/ubna_data_02_mir/recover-20221013/UBNA_001/20221012_030000.WAV,Telephone Field,recover-20221013,001,1795
1742.7045,1742.7426,68437,81834,Rhinolophus ferrumequinum,0.026,0.026,-1,Echolocation,/mnt/ubna_data_02_mir/recover-20221013/UBNA_001/20221012_030000.WAV,Telephone Field,recover-20221013,001,1795
1742.7065,1742.7134,26328,39246,Eptesicus serotinus,0.005,0.021,-1,Echolocation,/mnt/ubna_data_02_mir/recover-20221013/UBNA_001/20221012_030000.WAV,Telephone Field,recover-20221013,001,1795
1742.7745,1742.8151,68437,82645,Rhinolophus ferrumequinum,0.024,0.024,-1,Echolocation,/mnt/ubna_data_02_mir/recover-20221013/UBNA_001/20221012_030000.WAV,Telephone Field,recover-20221013,001,1795
1742.7985,1742.8064,34921,42141,Myotis daubentonii,0.009,0.025,-1,Echolocation,/mnt/ubna_data_02_mir/recover-20221013/UBNA_001/20221012_030000.WAV,Telephone Field,recover-20221013,001,1795
1742.7995,1742.807,27187,37987,Eptesicus serotinus,0.007,0.022,-1,Echolocation,/mnt/ubna_data_02_mir/recover-20221013/UBNA_001/20221012_030000.WAV,Telephone Field,recover-20221013,001,1795
1742.8285,1742.8381,22031,27970,Plecotus austriacus,0.008,0.021,-1,Echolocation,/mnt/ubna_data_02_mir/recover-20221013/UBNA_001/20221012_030000.WAV,Telephone Field,recover-20221013,001,1795
1742.8385,1742.8752,68437,81768,Rhinolophus ferrumequinum,0.021,0.021,-1,Echolocation,/mnt/ubna_data_02_mir/recover-20221013/UBNA_001/20221012_030000.WAV,Telephone Field,recover-20221013,001,1795
1742.8495,1742.8903,68437,82728,Rhinolophus ferrumequinum,0.024,0.024,-1,Echolocation,/mnt/ubna_data_02_mir/recover-20221013/UBNA_001/20221012_030000.WAV,Telephone Field,recover-20221013,001,1795
1742.8555,1742.8632,28046,40975,Eptesicus serotinus,0.008,0.023,-1,Echolocation,/mnt/ubna_data_02_mir/recover-20221013/UBNA_001/20221012_030000.WAV,Telephone Field,recover-20221013,001,1795
1742.8935,1742.9038,23750,30306,Nyctalus leisleri,0.009,0.025,-1,Echolocation,/mnt/ubna_data_02_mir/recover-20221013/UBNA_001/20221012_030000.WAV,Telephone Field,recover-20221013,001,1795
1742.9185,1742.9549,68437,81118,Rhinolophus ferrumequinum,0.025,0.025,-1,Echolocation,/mnt/ubna_data_02_mir/recover-20221013/UBNA_001/20221012_030000.WAV,Telephone Field,recover-20221013,001,1795
1742.9685,1743.0122,68437,83541,Rhinolophus ferrumequinum,0.034,0.035,-1,Echolocation,/mnt/ubna_data_02_mir/recover-20221013/UBNA_001/20221012_030000.WAV,Telephone Field,recover-20221013,001,1795
1742.9695,1742.9764,37500,48783,Myotis brandtii,0.006,0.023,-1,Echolocation,/mnt/ubna_data_02_mir/recover-20221013/UBNA_001/20221012_030000.WAV,Telephone Field,recover-20221013,001,1795
1742.9785,1743.0179,68437,82528,Rhinolophus ferrumequinum,0.022,0.022,-1,Echolocation,/mnt/ubna_data_02_mir/recover-20221013/UBNA_001/20221012_030000.WAV,Telephone Field,recover-20221013,001,1795
1743.0065,1743.0143,26328,35535,Eptesicus serotinus,0.008,0.022,-1,Echolocation,/mnt/ubna_data_02_mir/recover-20221013/UBNA_001/20221012_030000.WAV,Telephone Field,recover-20221013,001,1795
1743.0335,1743.076,68437,82844,Rhinolophus ferrumequinum,0.025,0.025,-1,Echolocation,/mnt/ubna_data_02_mir/recover-20221013/UBNA_001/20221012_030000.WAV,Telephone Field,recover-20221013,001,1795
1743.0365,1743.0446,46953,51195,Pipistrellus pipistrellus,0.026,0.028,-1,Echolocation,/mnt/ubna_data_02_mir/recover-20221013/UBNA_001/20221012_030000.WAV,Telephone Field,recover-20221013,001,1795
1743.0445,1743.051,25468,39523,Myotis nattereri,0.004,0.021,-1,Echolocation,/mnt/ubna_data_02_mir/recover-20221013/UBNA_001/20221012_030000.WAV,Telephone Field,recover-20221013,001,1795
1743.0505,1743.0889,68437,82796,Rhinolophus ferrumequinum,0.022,0.022,-1,Echolocation,/mnt/ubna_data_02_mir/recover-20221013/UBNA_001/20221012_030000.WAV,Telephone Field,recover-20221013,001,1795
1743.1015,1743.1413,68437,82614,Rhinolophus ferrumequinum,0.028,0.028,-1,Echolocation,/mnt/ubna_data_02_mir/recover-20221013/UBNA_001/20221012_030000.WAV,Telephone Field,recover-20221013,001,1795
1743.1715,1743.2098,68437,82102,Rhinolophus ferrumequinum,0.021,0.021,-1,Echolocation,/mnt/ubna_data_02_mir/recover-20221013/UBNA_001/20221012_030000.WAV,Telephone Field,recover-20221013,001,1795
1743.2515,1743.2923,68437,82376,Rhinolophus ferrumequinum,0.023,0.023,-1,Echolocation,/mnt/ubna_data_02_mir/recover-20221013/UBNA_001/20221012_030000.WAV,Telephone Field,recover-20221013,001,1795
1743.2835,1743.2913,34062,41644,Myotis daubentonii,0.01,0.026,-1,Echolocation,/mnt/ubna_data_02_mir/recover-20221013/UBNA_001/20221012_030000.WAV,Telephone Field,recover-20221013,001,1795
1743.2905,1743.327,68437,82109,Rhinolophus ferrumequinum,0.021,0.021,-1,Echolocation,/mnt/ubna_data_02_mir/recover-20221013/UBNA_001/20221012_030000.WAV,Telephone Field,recover-20221013,001,1795
1743.3175,1743.3552,68437,81339,Rhinolophus ferrumequinum,0.031,0.031,-1,Echolocation,/mnt/ubna_data_02_mir/recover-20221013/UBNA_001/20221012_030000.WAV,Telephone Field,recover-20221013,001,1795
1743.3495,1743.3916,68437,83492,Rhinolophus ferrumequinum,0.028,0.028,-1,Echolocation,/mnt/ubna_data_02_mir/recover-20221013/UBNA_001/20221012_030000.WAV,Telephone Field,recover-20221013,001,1795
1743.3695,1743.3846,23750,29244,Nyctalus leisleri,0.012,0.029,-1,Echolocation,/mnt/ubna_data_02_mir/recover-20221013/UBNA_001/20221012_030000.WAV,Telephone Field,recover-20221013,001,1795
1743.3865,1743.3973,26328,34104,Eptesicus serotinus,0.01,0.022,-1,Echolocation,/mnt/ubna_data_02_mir/recover-20221013/UBNA_001/20221012_030000.WAV,Telephone Field,recover-20221013,001,1795
1743.4015,1743.4384,68437,82216,Rhinolophus ferrumequinum,0.026,0.026,-1,Echolocation,/mnt/ubna_data_02_mir/recover-20221013/UBNA_001/20221012_030000.WAV,Telephone Field,recover-20221013,001,1795
1743.4595,1743.4945,68437,82332,Rhinolophus ferrumequinum,0.023,0.023,-1,Echolocation,/mnt/ubna_data_02_mir/recover-20221013/UBNA_001/20221012_030000.WAV,Telephone Field,recover-20221013,001,1795
1743.4755,1743.4875,25468,31808,Eptesicus serotinus,0.015,0.035,-1,Echolocation,/mnt/ubna_data_02_mir/recover-20221013/UBNA_001/20221012_030000.WAV,Telephone Field,recover-20221013,001,1795
1743.5275,1743.535,23750,32811,Plecotus austriacus,0.008,0.022,-1,Echolocation,/mnt/ubna_data_02_mir/recover-20221013/UBNA_001/20221012_030000.WAV,Telephone Field,recover-20221013,001,1795
1743.5555,1743.5621,27187,41695,Eptesicus serotinus,0.006,0.024,-1,Echolocation,/mnt/ubna_data_02_mir/recover-20221013/UBNA_001/20221012_030000.WAV,Telephone Field,recover-20221013,001,1795
1743.6065,1743.6466,68437,82013,Rhinolophus ferrumequinum,0.021,0.021,-1,Echolocation,/mnt/ubna_data_02_mir/recover-20221013/UBNA_001/20221012_030000.WAV,Telephone Field,recover-20221013,001,1795
1743.6875,1743.7298,68437,82954,Rhinolophus ferrumequinum,0.025,0.025,-1,Echolocation,/mnt/ubna_data_02_mir/recover-20221013/UBNA_001/20221012_030000.WAV,Telephone Field,recover-20221013,001,1795
1743.6945,1743.7357,68437,82657,Rhinolophus ferrumequinum,0.024,0.024,-1,Echolocation,/mnt/ubna_data_02_mir/recover-20221013/UBNA_001/20221012_030000.WAV,Telephone Field,recover-20221013,001,1795
1743.7175,1743.7604,68437,83508,Rhinolophus ferrumequinum,0.029,0.029,-1,Echolocation,/mnt/ubna_data_02_mir/recover-20221013/UBNA_001/20221012_030000.WAV,Telephone Field,recover-20221013,001,1795
1743.7235,1743.7332,25468,35300,Eptesicus serotinus,0.008,0.021,-1,Echolocation,/mnt/ubna_data_02_mir/recover-20221013/UBNA_001/20221012_030000.WAV,Telephone Field,recover-20221013,001,1795
1743.7355,1743.7751,68437,82235,Rhinolophus ferrumequinum,0.021,0.021,-1,Echolocation,/mnt/ubna_data_02_mir/recover-20221013/UBNA_001/20221012_030000.WAV,Telephone Field,recover-20221013,001,1795
1743.7445,1743.7526,28046,38268,Eptesicus serotinus,0.007,0.021,-1,Echolocation,/mnt/ubna_data_02_mir/recover-20221013/UBNA_001/20221012_030000.WAV,Telephone Field,recover-20221013,001,1795
1743.7625,1743.8021,68437,82707,Rhinolophus ferrumequinum,0.033,0.033,-1,Echolocation,/mnt/ubna_data_02_mir/recover-20221013/UBNA_001/20221012_030000.WAV,Telephone Field,recover-20221013,001,1795
1743.7685,1743.8102,68437,82519,Rhinolophus ferrumequinum,0.03,0.03,-1,Echolocation,/mnt/ubna_data_02_mir/recover-20221013/UBNA_001/20221012_030000.WAV,Telephone Field,recover-20221013,001,1795
1743.8105,1743.8494,68437,82302,Rhinolophus ferrumequinum,0.021,0.021,-1,Echolocation,/mnt/ubna_data_02_mir/recover-20221013/UBNA_001/20221012_030000.WAV,Telephone Field,recover-20221013,001,1795
1743.8945,1743.9333,68437,81561,Rhinolophus ferrumequinum,0.023,0.023,-1,Echolocation,/mnt/ubna_data_02_mir/recover-20221013/UBNA_001/20221012_030000.WAV,Telephone Field,recover-20221013,001,1795
1743.9015,1743.9406,68437,82049,Rhinolophus ferrumequinum,0.022,0.022,-1,Echolocation,/mnt/ubna_data_02_mir/recover-20221013/UBNA_001/20221012_030000.WAV,Telephone Field,recover-20221013,001,1795
1743.9335,1743.9717,68437,82399,Rhinolophus ferrumequinum,0.021,0.021,-1,Echolocation,/mnt/ubna_data_02_mir/recover-20221013/UBNA_001/20221012_030000.WAV,Telephone Field,recover-20221013,001,1795
1743.9405,1743.9494,27187,35748,Eptesicus serotinus,0.009,0.021,-1,Echolocation,/mnt/ubna_data_02_mir/recover-20221013/UBNA_001/20221012_030000.WAV,Telephone Field,recover-20221013,001,1795
1743.9605,1744.0,68437,82543,Rhinolophus ferrumequinum,0.024,0.024,-1,Echolocation,/mnt/ubna_data_02_mir/recover-20221013/UBNA_001/20221012_030000.WAV,Telephone Field,recover-20221013,001,1795
1744.0015,1744.0341,69296,81702,Rhinolophus ferrumequinum,0.027,0.027,-1,Echolocation,/mnt/ubna_data_02_mir/recover-20221013/UBNA_001/20221012_030000.WAV,Telephone Field,recover-20221013,001,1795
1744.0015,1744.0104,24609,33737,Eptesicus serotinus,0.006,0.024,-1,Echolocation,/mnt/ubna_data_02_mir/recover-20221013/UBNA_001/20221012_030000.WAV,Telephone Field,recover-20221013,001,1795
1744.0015,1744.012,46953,52942,Pipistrellus pipistrellus,0.016,0.021,-1,Echolocation,/mnt/ubna_data_02_mir/recover-20221013/UBNA_001/20221012_030000.WAV,Telephone Field,recover-20221013,001,1795
1744.0125,1744.0514,68437,81821,Rhinolophus ferrumequinum,0.022,0.022,-1,Echolocation,/mnt/ubna_data_02_mir/recover-20221013/UBNA_001/20221012_030000.WAV,Telephone Field,recover-20221013,001,1795
1744.0275,1744.0603,68437,81434,Rhinolophus ferrumequinum,0.021,0.021,-1,Echolocation,/mnt/ubna_data_02_mir/recover-20221013/UBNA_001/20221012_030000.WAV,Telephone Field,recover-20221013,001,1795
1744.0395,1744.0499,22890,27026,Nyctalus leisleri,0.012,0.022,-1,Echolocation,/mnt/ubna_data_02_mir/recover-20221013/UBNA_001/20221012_030000.WAV,Telephone Field,recover-20221013,001,1795
1744.0595,1744.0708,23750,28866,Nyctalus leisleri,0.011,0.022,-1,Echolocation,/mnt/ubna_data_02_mir/recover-20221013/UBNA_001/20221012_030000.WAV,Telephone Field,recover-20221013,001,1795
1744.0755,1744.1166,68437,82796,Rhinolophus ferrumequinum,0.03,0.03,-1,Echolocation,/mnt/ubna_data_02_mir/recover-20221013/UBNA_001/20221012_030000.WAV,Telephone Field,recover-20221013,001,1795
1744.1635,1744.1736,22031,26613,Nyctalus leisleri,0.009,0.021,-1,Echolocation,/mnt/ubna_data_02_mir/recover-20221013/UBNA_001/20221012_030000.WAV,Telephone Field,recover-20221013,001,1795
1744.1935,1744.1991,27187,41670,Plecotus auritus,0.006,0.026,-1,Echolocation,/mnt/ubna_data_02_mir/recover-20221013/UBNA_001/20221012_030000.WAV,Telephone Field,recover-20221013,001,1795
1744.1995,1744.2185,19453,22226,Nyctalus leisleri,0.013,0.026,-1,Echolocation,/mnt/ubna_data_02_mir/recover-20221013/UBNA_001/20221012_030000.WAV,Telephone Field,recover-20221013,001,1795
1744.2105,1744.218,27187,40700,Eptesicus serotinus,0.008,0.025,-1,Echolocation,/mnt/ubna_data_02_mir/recover-20221013/UBNA_001/20221012_030000.WAV,Telephone Field,recover-20221013,001,1795
1744.2115,1744.219,33203,41252,Myotis daubentonii,0.012,0.029,-1,Echolocation,/mnt/ubna_data_02_mir/recover-20221013/UBNA_001/20221012_030000.WAV,Telephone Field,recover-20221013,001,1795
1744.2245,1744.2638,68437,82179,Rhinolophus ferrumequinum,0.023,0.023,-1,Echolocation,/mnt/ubna_data_02_mir/recover-20221013/UBNA_001/20221012_030000.WAV,Telephone Field,recover-20221013,001,1795
1744.2875,1744.2968,28046,36835,Eptesicus serotinus,0.008,0.021,-1,Echolocation,/mnt/ubna_data_02_mir/recover-20221013/UBNA_001/20221012_030000.WAV,Telephone Field,recover-20221013,001,1795
1744.3175,1744.3591,68437,82827,Rhinolophus ferrumequinum,0.031,0.031,-1,Echolocation,/mnt/ubna_data_02_mir/recover-20221013/UBNA_001/20221012_030000.WAV,Telephone Field,recover-20221013,001,1795
1744.3485,1744.3893,68437,81667,Rhinolophus ferrumequinum,0.024,0.024,-1,Echolocation,/mnt/ubna_data_02_mir/recover-20221013/UBNA_001/20221012_030000.WAV,Telephone Field,recover-20221013,001,1795
1744.3695,1744.3774,26328,36899,Eptesicus serotinus,0.007,0.021,-1,Echolocation,/mnt/ubna_data_02_mir/recover-20221013/UBNA_001/20221012_030000.WAV,Telephone Field,recover-20221013,001,1795
1744.3835,1744.4231,68437,82497,Rhinolophus ferrumequinum,0.021,0.021,-1,Echolocation,/mnt/ubna_data_02_mir/recover-20221013/UBNA_001/20221012_030000.WAV,Telephone Field,recover-20221013,001,1795
1744.4115,1744.4511,68437,82574,Rhinolophus ferrumequinum,0.022,0.022,-1,Echolocation,/mnt/ubna_data_02_mir/recover-20221013/UBNA_001/20221012_030000.WAV,Telephone Field,recover-20221013,001,1795
1744.4235,1744.4609,68437,82452,Rhinolophus ferrumequinum,0.022,0.022,-1,Echolocation,/mnt/ubna_data_02_mir/recover-20221013/UBNA_001/20221012_030000.WAV,Telephone Field,recover-20221013,001,1795
1744.4515,1744.4937,68437,82738,Rhinolophus ferrumequinum,0.031,0.031,-1,Echolocation,/mnt/ubna_data_02_mir/recover-20221013/UBNA_001/20221012_030000.WAV,Telephone Field,recover-20221013,001,1795
1744.4725,1744.516,68437,83606,Rhinolophus ferrumequinum,0.048,0.048,-1,Echolocation,/mnt/ubna_data_02_mir/recover-20221013/UBNA_001/20221012_030000.WAV,Telephone Field,recover-20221013,001,1795
1744.4745,1744.4856,14296,19619,Nyctalus noctula,0.02,0.035,-1,Echolocation,/mnt/ubna_data_02_mir/recover-20221013/UBNA_001/20221012_030000.WAV,Telephone Field,recover-20221013,001,1795
1744.4825,1744.5176,68437,81524,Rhinolophus ferrumequinum,0.022,0.023,-1,Echolocation,/mnt/ubna_data_02_mir/recover-20221013/UBNA_001/20221012_030000.WAV,Telephone Field,recover-20221013,001,1795
1744.4885,1744.4989,24609,31986,Eptesicus serotinus,0.009,0.026,-1,Echolocation,/mnt/ubna_data_02_mir/recover-20221013/UBNA_001/20221012_030000.WAV,Telephone Field,recover-20221013,001,1795
1744.5435,1744.5539,22890,28249,Nyctalus leisleri,0.013,0.026,-1,Echolocation,/mnt/ubna_data_02_mir/recover-20221013/UBNA_001/20221012_030000.WAV,Telephone Field,recover-20221013,001,1795
1744.6015,1744.6419,68437,82587,Rhinolophus ferrumequinum,0.047,0.047,-1,Echolocation,/mnt/ubna_data_02_mir/recover-20221013/UBNA_001/20221012_030000.WAV,Telephone Field,recover-20221013,001,1795
1744.6215,1744.6287,50390,54992,Pipistrellus pipistrellus,0.033,0.036,-1,Echolocation,/mnt/ubna_data_02_mir/recover-20221013/UBNA_001/20221012_030000.WAV,Telephone Field,recover-20221013,001,1795
1744.7005,1744.7454,68437,83400,Rhinolophus ferrumequinum,0.042,0.042,-1,Echolocation,/mnt/ubna_data_02_mir/recover-20221013/UBNA_001/20221012_030000.WAV,Telephone Field,recover-20221013,001,1795
1744.7075,1744.7182,22890,29535,Nyctalus leisleri,0.01,0.027,-1,Echolocation,/mnt/ubna_data_02_mir/recover-20221013/UBNA_001/20221012_030000.WAV,Telephone Field,recover-20221013,001,1795
1744.7565,1744.7657,44375,48238,Pipistrellus pipistrellus,0.02,0.023,-1,Echolocation,/mnt/ubna_data_02_mir/recover-20221013/UBNA_001/20221012_030000.WAV,Telephone Field,recover-20221013,001,1795
1744.7615,1744.7973,68437,81998,Rhinolophus ferrumequinum,0.021,0.021,-1,Echolocation,/mnt/ubna_data_02_mir/recover-20221013/UBNA_001/20221012_030000.WAV,Telephone Field,recover-20221013,001,1795
1744.7645,1744.7733,26328,35646,Eptesicus serotinus,0.008,0.021,-1,Echolocation,/mnt/ubna_data_02_mir/recover-20221013/UBNA_001/20221012_030000.WAV,Telephone Field,recover-20221013,001,1795
1744.7945,1744.8324,68437,81911,Rhinolophus ferrumequinum,0.021,0.021,-1,Echolocation,/mnt/ubna_data_02_mir/recover-20221013/UBNA_001/20221012_030000.WAV,Telephone Field,recover-20221013,001,1795
1744.8245,1744.8643,68437,82275,Rhinolophus ferrumequinum,0.021,0.021,-1,Echolocation,/mnt/ubna_data_02_mir/recover-20221013/UBNA_001/20221012_030000.WAV,Telephone Field,recover-20221013,001,1795
1744.8355,1744.8434,28046,38519,Eptesicus serotinus,0.008,0.024,-1,Echolocation,/mnt/ubna_data_02_mir/recover-20221013/UBNA_001/20221012_030000.WAV,Telephone Field,recover-20221013,001,1795
1744.8485,1744.8858,68437,82420,Rhinolophus ferrumequinum,0.023,0.023,-1,Echolocation,/mnt/ubna_data_02_mir/recover-20221013/UBNA_001/20221012_030000.WAV,Telephone Field,recover-20221013,001,1795
1744.8895,1744.9288,68437,82376,Rhinolophus ferrumequinum,0.03,0.03,-1,Echolocation,/mnt/ubna_data_02_mir/recover-20221013/UBNA_001/20221012_030000.WAV,Telephone Field,recover-20221013,001,1795
1744.9145,1744.9544,68437,82501,Rhinolophus ferrumequinum,0.023,0.023,-1,Echolocation,/mnt/ubna_data_02_mir/recover-20221013/UBNA_001/20221012_030000.WAV,Telephone Field,recover-20221013,001,1795
1744.9175,1744.9382,21171,24637,Nyctalus leisleri,0.02,0.044,-1,Echolocation,/mnt/ubna_data_02_mir/recover-20221013/UBNA_001/20221012_030000.WAV,Telephone Field,recover-20221013,001,1795
1744.9345,1744.9749,68437,82678,Rhinolophus ferrumequinum,0.042,0.042,-1,Echolocation,/mnt/ubna_data_02_mir/recover-20221013/UBNA_001/20221012_030000.WAV,Telephone Field,recover-20221013,001,1795
1744.9695,1744.9904,18593,21653,Nyctalus noctula,0.014,0.029,-1,Echolocation,/mnt/ubna_data_02_mir/recover-20221013/UBNA_001/20221012_030000.WAV,Telephone Field,recover-20221013,001,1795
1744.9925,1745.0289,68437,81433,Rhinolophus ferrumequinum,0.02,0.02,-1,Echolocation,/mnt/ubna_data_02_mir/recover-20221013/UBNA_001/20221012_030000.WAV,Telephone Field,recover-20221013,001,1795
1745.0455,1745.0847,68437,82760,Rhinolophus ferrumequinum,0.023,0.023,-1,Echolocation,/mnt/ubna_data_02_mir/recover-20221013/UBNA_001/20221012_030000.WAV,Telephone Field,recover-20221013,001,1795
1745.0555,1745.0641,23750,30808,Nyctalus leisleri,0.006,0.02,-1,Echolocation,/mnt/ubna_data_02_mir/recover-20221013/UBNA_001/20221012_030000.WAV,Telephone Field,recover-20221013,001,1795
1745.0725,1745.1141,68437,82308,Rhinolophus ferrumequinum,0.021,0.021,-1,Echolocation,/mnt/ubna_data_02_mir/recover-20221013/UBNA_001/20221012_030000.WAV,Telephone Field,recover-20221013,001,1795
1745.0775,1745.1186,68437,82598,Rhinolophus ferrumequinum,0.021,0.021,-1,Echolocation,/mnt/ubna_data_02_mir/recover-20221013/UBNA_001/20221012_030000.WAV,Telephone Field,recover-20221013,001,1795
1745.1005,1745.1095,27187,37612,Eptesicus serotinus,0.008,0.021,-1,Echolocation,/mnt/ubna_data_02_mir/recover-20221013/UBNA_001/20221012_030000.WAV,Telephone Field,recover-20221013,001,1795
1745.1235,1745.1579,68437,81399,Rhinolophus ferrumequinum,0.02,0.02,-1,Echolocation,/mnt/ubna_data_02_mir/recover-20221013/UBNA_001/20221012_030000.WAV,Telephone Field,recover-20221013,001,1795
1745.1285,1745.139,23750,30014,Nyctalus leisleri,0.009,0.023,-1,Echolocation,/mnt/ubna_data_02_mir/recover-20221013/UBNA_001/20221012_030000.WAV,Telephone Field,recover-20221013,001,1795
1745.1535,1745.1963,68437,83372,Rhinolophus ferrumequinum,0.034,0.034,-1,Echolocation,/mnt/ubna_data_02_mir/recover-20221013/UBNA_001/20221012_030000.WAV,Telephone Field,recover-20221013,001,1795
1745.1945,1745.2009,28046,46323,Eptesicus serotinus,0.008,0.031,-1,Echolocation,/mnt/ubna_data_02_mir/recover-20221013/UBNA_001/20221012_030000.WAV,Telephone Field,recover-20221013,001,1795
1745.2025,1745.2374,68437,82294,Rhinolophus ferrumequinum,0.021,0.021,-1,Echolocation,/mnt/ubna_data_02_mir/recover-20221013/UBNA_001/20221012_030000.WAV,Telephone Field,recover-20221013,001,1795
1745.2265,1745.2362,24609,31543,Eptesicus serotinus,0.008,0.025,-1,Echolocation,/mnt/ubna_data_02_mir/recover-20221013/UBNA_001/20221012_030000.WAV,Telephone Field,recover-20221013,001,1795
1745.2325,1745.2429,36640,41938,Pipistrellus nathusii,0.013,0.026,-1,Echolocation,/mnt/ubna_data_02_mir/recover-20221013/UBNA_001/20221012_030000.WAV,Telephone Field,recover-20221013,001,1795
1745.2635,1745.2704,36640,46908,Myotis daubentonii,0.007,0.022,-1,Echolocation,/mnt/ubna_data_02_mir/recover-20221013/UBNA_001/20221012_030000.WAV,Telephone Field,recover-20221013,001,1795
1745.2655,1745.2708,27187,41248,Plecotus auritus,0.012,0.056,-1,Echolocation,/mnt/ubna_data_02_mir/recover-20221013/UBNA_001/20221012_030000.WAV,Telephone Field,recover-20221013,001,1795
1745.2745,1745.3067,68437,80447,Rhinolophus ferrumequinum,0.024,0.024,-1,Echolocation,/mnt/ubna_data_02_mir/recover-20221013/UBNA_001/20221012_030000.WAV,Telephone Field,recover-20221013,001,1795
1745.2875,1745.2999,54687,59189,Pipistrellus pygmaeus,0.019,0.021,-1,Echolocation,/mnt/ubna_data_02_mir/recover-20221013/UBNA_001/20221012_030000.WAV,Telephone Field,recover-20221013,001,1795
1745.3145,1745.3544,68437,82361,Rhinolophus ferrumequinum,0.022,0.022,-1,Echolocation,/mnt/ubna_data_02_mir/recover-20221013/UBNA_001/20221012_030000.WAV,Telephone Field,recover-20221013,001,1795
1745.3585,1745.3973,68437,82158,Rhinolophus ferrumequinum,0.021,0.021,-1,Echolocation,/mnt/ubna_data_02_mir/recover-20221013/UBNA_001/20221012_030000.WAV,Telephone Field,recover-20221013,001,1795
1745.3715,1745.4122,68437,82826,Rhinolophus ferrumequinum,0.027,0.027,-1,Echolocation,/mnt/ubna_data_02_mir/recover-20221013/UBNA_001/20221012_030000.WAV,Telephone Field,recover-20221013,001,1795
1745.4105,1745.4516,68437,82801,Rhinolophus ferrumequinum,0.038,0.038,-1,Echolocation,/mnt/ubna_data_02_mir/recover-20221013/UBNA_001/20221012_030000.WAV,Telephone Field,recover-20221013,001,1795
1745.4455,1745.4558,24609,30318,Nyctalus leisleri,0.008,0.021,-1,Echolocation,/mnt/ubna_data_02_mir/recover-20221013/UBNA_001/20221012_030000.WAV,Telephone Field,recover-20221013,001,1795
1745.4495,1745.4902,68437,82980,Rhinolophus ferrumequinum,0.029,0.029,-1,Echolocation,/mnt/ubna_data_02_mir/recover-20221013/UBNA_001/20221012_030000.WAV,Telephone Field,recover-20221013,001,1795
1745.5075,1745.546,68437,82401,Rhinolophus ferrumequinum,0.023,0.023,-1,Echolocation,/mnt/ubna_data_02_mir/recover-20221013/UBNA_001/20221012_030000.WAV,Telephone Field,recover-20221013,001,1795
1745.5165,1745.5239,27187,39651,Eptesicus serotinus,0.006,0.023,-1,Echolocation,/mnt/ubna_data_02_mir/recover-20221013/UBNA_001/20221012_030000.WAV,Telephone Field,recover-20221013,001,1795
1745.5475,1745.5578,22031,26880,Nyctalus leisleri,0.011,0.024,-1,Echolocation,/mnt/ubna_data_02_mir/recover-20221013/UBNA_001/20221012_030000.WAV,Telephone Field,recover-20221013,001,1795
1745.5895,1745.6306,68437,83060,Rhinolophus ferrumequinum,0.026,0.026,-1,Echolocation,/mnt/ubna_data_02_mir/recover-20221013/UBNA_001/20221012_030000.WAV,Telephone Field,recover-20221013,001,1795
1745.6005,1745.6385,68437,81324,Rhinolophus ferrumequinum,0.021,0.021,-1,Echolocation,/mnt/ubna_data_02_mir/recover-20221013/UBNA_001/20221012_030000.WAV,Telephone Field,recover-20221013,001,1795
1745.6115,1745.6492,68437,81708,Rhinolophus ferrumequinum,0.022,0.022,-1,Echolocation,/mnt/ubna_data_02_mir/recover-20221013/UBNA_001/20221012_030000.WAV,Telephone Field,recover-20221013,001,1795
1745.6375,1745.6738,68437,81549,Rhinolophus ferrumequinum,0.02,0.02,-1,Echolocation,/mnt/ubna_data_02_mir/recover-20221013/UBNA_001/20221012_030000.WAV,Telephone Field,recover-20221013,001,1795
1745.6475,1745.6588,24609,30674,Nyctalus leisleri,0.01,0.024,-1,Echolocation,/mnt/ubna_data_02_mir/recover-20221013/UBNA_001/20221012_030000.WAV,Telephone Field,recover-20221013,001,1795
1745.6695,1745.6765,27187,39447,Eptesicus serotinus,0.006,0.022,-1,Echolocation,/mnt/ubna_data_02_mir/recover-20221013/UBNA_001/20221012_030000.WAV,Telephone Field,recover-20221013,001,1795
1745.6825,1745.7201,68437,82204,Rhinolophus ferrumequinum,0.021,0.021,-1,Echolocation,/mnt/ubna_data_02_mir/recover-20221013/UBNA_001/20221012_030000.WAV,Telephone Field,recover-20221013,001,1795
1745.6845,1745.6994,48671,53267,Pipistrellus pipistrellus,0.047,0.055,-1,Echolocation,/mnt/ubna_data_02_mir/recover-20221013/UBNA_001/20221012_030000.WAV,Telephone Field,recover-20221013,001,1795
1745.7275,1745.7662,68437,82416,Rhinolophus ferrumequinum,0.02,0.02,-1,Echolocation,/mnt/ubna_data_02_mir/recover-20221013/UBNA_001/20221012_030000.WAV,Telephone Field,recover-20221013,001,1795
1745.8425,1745.8493,48671,54137,Pipistrellus pipistrellus,0.02,0.021,-1,Echolocation,/mnt/ubna_data_02_mir/recover-20221013/UBNA_001/20221012_030000.WAV,Telephone Field,recover-20221013,001,1795
1745.8435,1745.8566,22890,27060,Nyctalus leisleri,0.017,0.029,-1,Echolocation,/mnt/ubna_data_02_mir/recover-20221013/UBNA_001/20221012_030000.WAV,Telephone Field,recover-20221013,001,1795
1745.8515,1745.889,68437,81453,Rhinolophus ferrumequinum,0.022,0.022,-1,Echolocation,/mnt/ubna_data_02_mir/recover-20221013/UBNA_001/20221012_030000.WAV,Telephone Field,recover-20221013,001,1795
1745.8835,1745.8935,24609,31981,Eptesicus serotinus,0.006,0.021,-1,Echolocation,/mnt/ubna_data_02_mir/recover-20221013/UBNA_001/20221012_030000.WAV,Telephone Field,recover-20221013,001,1795
1745.8845,1745.9292,68437,83760,Rhinolophus ferrumequinum,0.031,0.031,-1,Echolocation,/mnt/ubna_data_02_mir/recover-20221013/UBNA_001/20221012_030000.WAV,Telephone Field,recover-20221013,001,1795
1745.8935,1745.9045,28046,35480,Eptesicus serotinus,0.013,0.03,-1,Echolocation,/mnt/ubna_data_02_mir/recover-20221013/UBNA_001/20221012_030000.WAV,Telephone Field,recover-20221013,001,1795
1745.9155,1745.9552,68437,81866,Rhinolophus ferrumequinum,0.02,0.02,-1,Echolocation,/mnt/ubna_data_02_mir/recover-20221013/UBNA_001/20221012_030000.WAV,Telephone Field,recover-20221013,001,1795
1745.9325,1745.9708,68437,82438,Rhinolophus ferrumequinum,0.02,0.02,-1,Echolocation,/mnt/ubna_data_02_mir/recover-20221013/UBNA_001/20221012_030000.WAV,Telephone Field,recover-20221013,001,1795
1745.9355,1745.9439,28046,37654,Eptesicus serotinus,0.007,0.021,-1,Echolocation,/mnt/ubna_data_02_mir/recover-20221013/UBNA_001/20221012_030000.WAV,Telephone Field,recover-20221013,001,1795
1745.9505,1745.9875,68437,82181,Rhinolophus ferrumequinum,0.021,0.021,-1,Echolocation,/mnt/ubna_data_02_mir/recover-20221013/UBNA_001/20221012_030000.WAV,Telephone Field,recover-20221013,001,1795
1745.9585,1745.9958,68437,81902,Rhinolophus ferrumequinum,0.02,0.021,-1,Echolocation,/mnt/ubna_data_02_mir/recover-20221013/UBNA_001/20221012_030000.WAV,Telephone Field,recover-20221013,001,1795
1745.9585,1745.9647,27187,40913,Eptesicus serotinus,0.006,0.026,-1,Echolocation,/mnt/ubna_data_02_mir/recover-20221013/UBNA_001/20221012_030000.WAV,Telephone Field,recover-20221013,001,1795
1745.9835,1745.9952,22890,28210,Nyctalus leisleri,0.013,0.026,-1,Echolocation,/mnt/ubna_data_02_mir/recover-20221013/UBNA_001/20221012_030000.WAV,Telephone Field,recover-20221013,001,1795
1746.0015,1746.0091,39218,47522,Myotis daubentonii,0.007,0.023,-1,Echolocation,/mnt/ubna_data_02_mir/recover-20221013/UBNA_001/20221012_030000.WAV,Telephone Field,recover-20221013,001,1795
1746.0015,1746.0104,26328,35193,Eptesicus serotinus,0.006,0.021,-1,Echolocation,/mnt/ubna_data_02_mir/recover-20221013/UBNA_001/20221012_030000.WAV,Telephone Field,recover-20221013,001,1795
1746.0015,1746.0311,69296,81484,Rhinolophus ferrumequinum,0.034,0.035,-1,Echolocation,/mnt/ubna_data_02_mir/recover-20221013/UBNA_001/20221012_030000.WAV,Telephone Field,recover-20221013,001,1795
1746.0165,1746.0235,25468,36868,Plecotus austriacus,0.006,0.024,-1,Echolocation,/mnt/ubna_data_02_mir/recover-20221013/UBNA_001/20221012_030000.WAV,Telephone Field,recover-20221013,001,1795
1746.0345,1746.0712,68437,82311,Rhinolophus ferrumequinum,0.028,0.028,-1,Echolocation,/mnt/ubna_data_02_mir/recover-20221013/UBNA_001/20221012_030000.WAV,Telephone Field,recover-20221013,001,1795
1746.0655,1746.0981,68437,81302,Rhinolophus ferrumequinum,0.022,0.022,-1,Echolocation,/mnt/ubna_data_02_mir/recover-20221013/UBNA_001/20221012_030000.WAV,Telephone Field,recover-20221013,001,1795
1746.0725,1746.081,22890,30341,Plecotus austriacus,0.008,0.022,-1,Echolocation,/mnt/ubna_data_02_mir/recover-20221013/UBNA_001/20221012_030000.WAV,Telephone Field,recover-20221013,001,1795
1746.1125,1746.1522,68437,82051,Rhinolophus ferrumequinum,0.022,0.022,-1,Echolocation,/mnt/ubna_data_02_mir/recover-20221013/UBNA_001/20221012_030000.WAV,Telephone Field,recover-20221013,001,1795
1746.1355,1746.1471,22031,25982,Nyctalus leisleri,0.014,0.023,-1,Echolocation,/mnt/ubna_data_02_mir/recover-20221013/UBNA_001/20221012_030000.WAV,Telephone Field,recover-20221013,001,1795
1746.1385,1746.1755,68437,81237,Rhinolophus ferrumequinum,0.021,0.021,-1,Echolocation,/mnt/ubna_data_02_mir/recover-20221013/UBNA_001/20221012_030000.WAV,Telephone Field,recover-20221013,001,1795
1746.1655,1746.1758,23750,30906,Eptesicus serotinus,0.008,0.025,-1,Echolocation,/mnt/ubna_data_02_mir/recover-20221013/UBNA_001/20221012_030000.WAV,Telephone Field,recover-20221013,001,1795
1746.1865,1746.2234,68437,82346,Rhinolophus ferrumequinum,0.027,0.028,-1,Echolocation,/mnt/ubna_data_02_mir/recover-20221013/UBNA_001/20221012_030000.WAV,Telephone Field,recover-20221013,001,1795
1746.1925,1746.199,27187,40247,Eptesicus serotinus,0.007,0.028,-1,Echolocation,/mnt/ubna_data_02_mir/recover-20221013/UBNA_001/20221012_030000.WAV,Telephone Field,recover-20221013,001,1795
1746.2105,1746.2505,68437,82238,Rhinolophus ferrumequinum,0.022,0.022,-1,Echolocation,/mnt/ubna_data_02_mir/recover-20221013/UBNA_001/20221012_030000.WAV,Telephone Field,recover-20221013,001,1795
1746.2195,1746.2597,68437,83096,Rhinolophus ferrumequinum,0.023,0.023,-1,Echolocation,/mnt/ubna_data_02_mir/recover-20221013/UBNA_001/20221012_030000.WAV,Telephone Field,recover-20221013,001,1795
1746.2345,1746.2734,68437,82588,Rhinolophus ferrumequinum,0.024,0.024,-1,Echolocation,/mnt/ubna_data_02_mir/recover-20221013/UBNA_001/20221012_030000.WAV,Telephone Field,recover-20221013,001,1795
1746.2535,1746.2626,40937,48879,Pipistrellus nathusii,0.006,0.021,-1,Echolocation,/mnt/ubna_data_02_mir/recover-20221013/UBNA_001/20221012_030000.WAV,Telephone Field,recover-20221013,001,1795
1746.2585,1746.2688,25468,32344,Nyctalus leisleri,0.011,0.029,-1,Echolocation,/mnt/ubna_data_02_mir/recover-20221013/UBNA_001/20221012_030000.WAV,Telephone Field,recover-20221013,001,1795
1746.3035,1746.3431,68437,82504,Rhinolophus ferrumequinum,0.028,0.028,-1,Echolocation,/mnt/ubna_data_02_mir/recover-20221013/UBNA_001/20221012_030000.WAV,Telephone Field,recover-20221013,001,1795
1746.3115,1746.3499,68437,82342,Rhinolophus ferrumequinum,0.024,0.025,-1,Echolocation,/mnt/ubna_data_02_mir/recover-20221013/UBNA_001/20221012_030000.WAV,Telephone Field,recover-20221013,001,1795
1746.3175,1746.3276,26328,35438,Eptesicus serotinus,0.01,0.023,-1,Echolocation,/mnt/ubna_data_02_mir/recover-20221013/UBNA_001/20221012_030000.WAV,Telephone Field,recover-20221013,001,1795
1746.3435,1746.3554,22890,28165,Nyctalus leisleri,0.013,0.027,-1,Echolocation,/mnt/ubna_data_02_mir/recover-20221013/UBNA_001/20221012_030000.WAV,Telephone Field,recover-20221013,001,1795
1746.3475,1746.3903,68437,83319,Rhinolophus ferrumequinum,0.039,0.039,-1,Echolocation,/mnt/ubna_data_02_mir/recover-20221013/UBNA_001/20221012_030000.WAV,Telephone Field,recover-20221013,001,1795
1746.3735,1746.3864,22890,27255,Nyctalus leisleri,0.012,0.021,-1,Echolocation,/mnt/ubna_data_02_mir/recover-20221013/UBNA_001/20221012_030000.WAV,Telephone Field,recover-20221013,001,1795
1746.4075,1746.4408,68437,81678,Rhinolophus ferrumequinum,0.024,0.024,-1,Echolocation,/mnt/ubna_data_02_mir/recover-20221013/UBNA_001/20221012_030000.WAV,Telephone Field,recover-20221013,001,1795
1746.4245,1746.4607,68437,82240,Rhinolophus ferrumequinum,0.021,0.021,-1,Echolocation,/mnt/ubna_data_02_mir/recover-20221013/UBNA_001/20221012_030000.WAV,Telephone Field,recover-20221013,001,1795
1746.4655,1746.4752,24609,31738,Eptesicus serotinus,0.008,0.021,-1,Echolocation,/mnt/ubna_data_02_mir/recover-20221013/UBNA_001/20221012_030000.WAV,Telephone Field,recover-20221013,001,1795
1746.4785,1746.5196,68437,82302,Rhinolophus ferrumequinum,0.022,0.022,-1,Echolocation,/mnt/ubna_data_02_mir/recover-20221013/UBNA_001/20221012_030000.WAV,Telephone Field,recover-20221013,001,1795
1746.4905,1746.4994,27187,37994,Eptesicus serotinus,0.008,0.022,-1,Echolocation,/mnt/ubna_data_02_mir/recover-20221013/UBNA_001/20221012_030000.WAV,Telephone Field,recover-20221013,001,1795
1746.5035,1746.511,22890,30946,Plecotus austriacus,0.011,0.022,-1,Echolocation,/mnt/ubna_data_02_mir/recover-20221013/UBNA_001/20221012_030000.WAV,Telephone Field,recover-20221013,001,1795
1746.5575,1746.5683,28906,37072,Eptesicus serotinus,0.013,0.028,-1,Echolocation,/mnt/ubna_data_02_mir/recover-20221013/UBNA_001/20221012_030000.WAV,Telephone Field,recover-20221013,001,1795
1746.5755,1746.6142,68437,81836,Rhinolophus ferrumequinum,0.021,0.021,-1,Echolocation,/mnt/ubna_data_02_mir/recover-20221013/UBNA_001/20221012_030000.WAV,Telephone Field,recover-20221013,001,1795
1746.5835,1746.5967,23750,30605,Nyctalus leisleri,0.017,0.04,-1,Echolocation,/mnt/ubna_data_02_mir/recover-20221013/UBNA_001/20221012_030000.WAV,Telephone Field,recover-20221013,001,1795
1746.5835,1746.6224,68437,81563,Rhinolophus ferrumequinum,0.021,0.021,-1,Echolocation,/mnt/ubna_data_02_mir/recover-20221013/UBNA_001/20221012_030000.WAV,Telephone Field,recover-20221013,001,1795
1746.6275,1746.6651,68437,82471,Rhinolophus ferrumequinum,0.022,0.022,-1,Echolocation,/mnt/ubna_data_02_mir/recover-20221013/UBNA_001/20221012_030000.WAV,Telephone Field,recover-20221013,001,1795
1746.6355,1746.6431,28046,37922,Eptesicus serotinus,0.009,0.026,-1,Echolocation,/mnt/ubna_data_02_mir/recover-20221013/UBNA_001/20221012_030000.WAV,Telephone Field,recover-20221013,001,1795
1746.6545,1746.6938,68437,82144,Rhinolophus ferrumequinum,0.024,0.024,-1,Echolocation,/mnt/ubna_data_02_mir/recover-20221013/UBNA_001/20221012_030000.WAV,Telephone Field,recover-20221013,001,1795
1746.6615,1746.7007,68437,82421,Rhinolophus ferrumequinum,0.021,0.021,-1,Echolocation,/mnt/ubna_data_02_mir/recover-20221013/UBNA_001/20221012_030000.WAV,Telephone Field,recover-20221013,001,1795
1746.6675,1746.6775,22890,29075,Nyctalus leisleri,0.008,0.022,-1,Echolocation,/mnt/ubna_data_02_mir/recover-20221013/UBNA_001/20221012_030000.WAV,Telephone Field,recover-20221013,001,1795
1746.6685,1746.7054,68437,82221,Rhinolophus ferrumequinum,0.022,0.022,-1,Echolocation,/mnt/ubna_data_02_mir/recover-20221013/UBNA_001/20221012_030000.WAV,Telephone Field,recover-20221013,001,1795
1746.6855,1746.7243,68437,82316,Rhinolophus ferrumequinum,0.027,0.027,-1,Echolocation,/mnt/ubna_data_02_mir/recover-20221013/UBNA_001/20221012_030000.WAV,Telephone Field,recover-20221013,001,1795
1746.7775,1746.818,68437,83215,Rhinolophus ferrumequinum,0.03,0.03,-1,Echolocation,/mnt/ubna_data_02_mir/recover-20221013/UBNA_001/20221012_030000.WAV,Telephone Field,recover-20221013,001,1795
1746.7875,1746.828,68437,82685,Rhinolophus ferrumequinum,0.027,0.027,-1,Echolocation,/mnt/ubna_data_02_mir/recover-20221013/UBNA_001/20221012_030000.WAV,Telephone Field,recover-20221013,001,1795
1746.8005,1746.8091,28046,37088,Eptesicus serotinus,0.007,0.022,-1,Echolocation,/mnt/ubna_data_02_mir/recover-20221013/UBNA_001/20221012_030000.WAV,Telephone Field,recover-20221013,001,1795
1746.8325,1746.8722,68437,82785,Rhinolophus ferrumequinum,0.023,0.023,-1,Echolocation,/mnt/ubna_data_02_mir/recover-20221013/UBNA_001/20221012_030000.WAV,Telephone Field,recover-20221013,001,1795
1746.8485,1746.8852,68437,82435,Rhinolophus ferrumequinum,0.021,0.021,-1,Echolocation,/mnt/ubna_data_02_mir/recover-20221013/UBNA_001/20221012_030000.WAV,Telephone Field,recover-20221013,001,1795
1746.8895,1746.8966,28046,39167,Eptesicus serotinus,0.005,0.022,-1,Echolocation,/mnt/ubna_data_02_mir/recover-20221013/UBNA_001/20221012_030000.WAV,Telephone Field,recover-20221013,001,1795
1746.9045,1746.9467,68437,82744,Rhinolophus ferrumequinum,0.043,0.043,-1,Echolocation,/mnt/ubna_data_02_mir/recover-20221013/UBNA_001/20221012_030000.WAV,Telephone Field,recover-20221013,001,1795
1746.9495,1746.9577,28046,37414,Eptesicus serotinus,0.009,0.024,-1,Echolocation,/mnt/ubna_data_02_mir/recover-20221013/UBNA_001/20221012_030000.WAV,Telephone Field,recover-20221013,001,1795
1746.9565,1746.995,68437,82912,Rhinolophus ferrumequinum,0.024,0.024,-1,Echolocation,/mnt/ubna_data_02_mir/recover-20221013/UBNA_001/20221012_030000.WAV,Telephone Field,recover-20221013,001,1795
1746.9735,1747.0127,68437,82182,Rhinolophus ferrumequinum,0.026,0.026,-1,Echolocation,/mnt/ubna_data_02_mir/recover-20221013/UBNA_001/20221012_030000.WAV,Telephone Field,recover-20221013,001,1795
1747.0055,1747.045,68437,82231,Rhinolophus ferrumequinum,0.025,0.025,-1,Echolocation,/mnt/ubna_data_02_mir/recover-20221013/UBNA_001/20221012_030000.WAV,Telephone Field,recover-20221013,001,1795
1747.0115,1747.0195,27187,38447,Eptesicus serotinus,0.009,0.029,-1,Echolocation,/mnt/ubna_data_02_mir/recover-20221013/UBNA_001/20221012_030000.WAV,Telephone Field,recover-20221013,001,1795
1747.0265,1747.0657,68437,81861,Rhinolophus ferrumequinum,0.028,0.028,-1,Echolocation,/mnt/ubna_data_02_mir/recover-20221013/UBNA_001/20221012_030000.WAV,Telephone Field,recover-20221013,001,1795
1747.0525,1747.0631,38359,43783,Pipistrellus nathusii,0.009,0.021,-1,Echolocation,/mnt/ubna_data_02_mir/recover-20221013/UBNA_001/20221012_030000.WAV,Telephone Field,recover-20221013,001,1795
1747.0565,1747.097,68437,82193,Rhinolophus ferrumequinum,0.026,0.026,-1,Echolocation,/mnt/ubna_data_02_mir/recover-20221013/UBNA_001/20221012_030000.WAV,Telephone Field,recover-20221013,001,1795
1747.0775,1747.1165,68437,82786,Rhinolophus ferrumequinum,0.022,0.022,-1,Echolocation,/mnt/ubna_data_02_mir/recover-20221013/UBNA_001/20221012_030000.WAV,Telephone Field,recover-20221013,001,1795
1747.0845,1747.1025,20312,23592,Nyctalus leisleri,0.013,0.022,-1,Echolocation,/mnt/ubna_data_02_mir/recover-20221013/UBNA_001/20221012_030000.WAV,Telephone Field,recover-20221013,001,1795
1747.0945,1747.1304,68437,81279,Rhinolophus ferrumequinum,0.021,0.021,-1,Echolocation,/mnt/ubna_data_02_mir/recover-20221013/UBNA_001/20221012_030000.WAV,Telephone Field,recover-20221013,001,1795
1747.1185,1747.1585,68437,82219,Rhinolophus ferrumequinum,0.022,0.022,-1,Echolocation,/mnt/ubna_data_02_mir/recover-20221013/UBNA_001/20221012_030000.WAV,Telephone Field,recover-20221013,001,1795
1747.1235,1747.1328,26328,37235,Eptesicus serotinus,0.008,0.022,-1,Echolocation,/mnt/ubna_data_02_mir/recover-20221013/UBNA_001/20221012_030000.WAV,Telephone Field,recover-20221013,001,1795
1747.1295,1747.1384,27187,36391,Eptesicus serotinus,0.009,0.023,-1,Echolocation,/mnt/ubna_data_02_mir/recover-20221013/UBNA_001/20221012_030000.WAV,Telephone Field,recover-20221013,001,1795
1747.2155,1747.2539,68437,82639,Rhinolophus ferrumequinum,0.04,0.04,-1,Echolocation,/mnt/ubna_data_02_mir/recover-20221013/UBNA_001/20221012_030000.WAV,Telephone Field,recover-20221013,001,1795
1747.2175,1747.2339,20312,24433,Nyctalus noctula,0.017,0.038,-1,Echolocation,/mnt/ubna_data_02_mir/recover-20221013/UBNA_001/20221012_030000.WAV,Telephone Field,recover-20221013,001,1795
1747.2225,1747.2326,28046,35385,Eptesicus serotinus,0.011,0.024,-1,Echolocation,/mnt/ubna_data_02_mir/recover-20221013/UBNA_001/20221012_030000.WAV,Telephone Field,recover-20221013,001,1795
1747.2445,1747.2844,68437,82716,Rhinolophus ferrumequinum,0.023,0.023,-1,Echolocation,/mnt/ubna_data_02_mir/recover-20221013/UBNA_001/20221012_030000.WAV,Telephone Field,recover-20221013,001,1795
1747.2555,1747.2627,23750,32422,Plecotus austriacus,0.009,0.025,-1,Echolocation,/mnt/ubna_data_02_mir/recover-20221013/UBNA_001/20221012_030000.WAV,Telephone Field,recover-20221013,001,1795
1747.2735,1747.3118,68437,82911,Rhinolophus ferrumequinum,0.025,0.025,-1,Echolocation,/mnt/ubna_data_02_mir/recover-20221013/UBNA_001/20221012_030000.WAV,Telephone Field,recover-20221013,001,1795
1747.3125,1747.3476,68437,81623,Rhinolophus ferrumequinum,0.024,0.024,-1,Echolocation,/mnt/ubna_data_02_mir/recover-20221013/UBNA_001/20221012_030000.WAV,Telephone Field,recover-20221013,001,1795
1747.3485,1747.3873,68437,82969,Rhinolophus ferrumequinum,0.025,0.025,-1,Echolocation,/mnt/ubna_data_02_mir/recover-20221013/UBNA_001/20221012_030000.WAV,Telephone Field,recover-20221013,001,1795
1747.3505,1747.3593,26328,36085,Eptesicus serotinus,0.007,0.021,-1,Echolocation,/mnt/ubna_data_02_mir/recover-20221013/UBNA_001/20221012_030000.WAV,Telephone Field,recover-20221013,001,1795
1747.3605,1747.3714,28046,35605,Eptesicus serotinus,0.017,0.031,-1,Echolocation,/mnt/ubna_data_02_mir/recover-20221013/UBNA_001/20221012_030000.WAV,Telephone Field,recover-20221013,001,1795
1747.3645,1747.374,14296,19084,Nyctalus noctula,0.009,0.022,-1,Echolocation,/mnt/ubna_data_02_mir/recover-20221013/UBNA_001/20221012_030000.WAV,Telephone Field,recover-20221013,001,1795
1747.3765,1747.4182,68437,83312,Rhinolophus ferrumequinum,0.031,0.031,-1,Echolocation,/mnt/ubna_data_02_mir/recover-20221013/UBNA_001/20221012_030000.WAV,Telephone Field,recover-20221013,001,1795
1747.3765,1747.3836,23750,37911,Myotis nattereri,0.007,0.022,-1,Echolocation,/mnt/ubna_data_02_mir/recover-20221013/UBNA_001/20221012_030000.WAV,Telephone Field,recover-20221013,001,1795
1747.3865,1747.3961,28906,37210,Eptesicus serotinus,0.01,0.025,-1,Echolocation,/mnt/ubna_data_02_mir/recover-20221013/UBNA_001/20221012_030000.WAV,Telephone Field,recover-20221013,001,1795
1747.4385,1747.4841,68437,84094,Rhinolophus ferrumequinum,0.061,0.061,-1,Echolocation,/mnt/ubna_data_02_mir/recover-20221013/UBNA_001/20221012_030000.WAV,Telephone Field,recover-20221013,001,1795
1747.4475,1747.4555,28046,38801,Eptesicus serotinus,0.008,0.024,-1,Echolocation,/mnt/ubna_data_02_mir/recover-20221013/UBNA_001/20221012_030000.WAV,Telephone Field,recover-20221013,001,1795
1747.4685,1747.5081,68437,82054,Rhinolophus ferrumequinum,0.024,0.024,-1,Echolocation,/mnt/ubna_data_02_mir/recover-20221013/UBNA_001/20221012_030000.WAV,Telephone Field,recover-20221013,001,1795
1747.4925,1747.5263,68437,81305,Rhinolophus ferrumequinum,0.023,0.023,-1,Echolocation,/mnt/ubna_data_02_mir/recover-20221013/UBNA_001/20221012_030000.WAV,Telephone Field,recover-20221013,001,1795
1747.4955,1747.5038,25468,34225,Eptesicus serotinus,0.006,0.022,-1,Echolocation,/mnt/ubna_data_02_mir/recover-20221013/UBNA_001/20221012_030000.WAV,Telephone Field,recover-20221013,001,1795
1747.5135,1747.5495,68437,81297,Rhinolophus ferrumequinum,0.022,0.022,-1,Echolocation,/mnt/ubna_data_02_mir/recover-20221013/UBNA_001/20221012_030000.WAV,Telephone Field,recover-20221013,001,1795
1747.5265,1747.5367,47812,52524,Pipistrellus pipistrellus,0.019,0.022,-1,Echolocation,/mnt/ubna_data_02_mir/recover-20221013/UBNA_001/20221012_030000.WAV,Telephone Field,recover-20221013,001,1795
1747.5505,1747.587,68437,81720,Rhinolophus ferrumequinum,0.024,0.024,-1,Echolocation,/mnt/ubna_data_02_mir/recover-20221013/UBNA_001/20221012_030000.WAV,Telephone Field,recover-20221013,001,1795
1747.5905,1747.6015,22890,28338,Nyctalus leisleri,0.011,0.025,-1,Echolocation,/mnt/ubna_data_02_mir/recover-20221013/UBNA_001/20221012_030000.WAV,Telephone Field,recover-20221013,001,1795
1747.6205,1747.631,23750,29722,Nyctalus leisleri,0.012,0.027,-1,Echolocation,/mnt/ubna_data_02_mir/recover-20221013/UBNA_001/20221012_030000.WAV,Telephone Field,recover-20221013,001,1795
1747.6325,1747.668,68437,81029,Rhinolophus ferrumequinum,0.021,0.021,-1,Echolocation,/mnt/ubna_data_02_mir/recover-20221013/UBNA_001/20221012_030000.WAV,Telephone Field,recover-20221013,001,1795
1747.6425,1747.6781,68437,81564,Rhinolophus ferrumequinum,0.029,0.029,-1,Echolocation,/mnt/ubna_data_02_mir/recover-20221013/UBNA_001/20221012_030000.WAV,Telephone Field,recover-20221013,001,1795
1747.6595,1747.6674,27187,36673,Eptesicus serotinus,0.009,0.024,-1,Echolocation,/mnt/ubna_data_02_mir/recover-20221013/UBNA_001/20221012_030000.WAV,Telephone Field,recover-20221013,001,1795
1747.7335,1747.7423,28046,40888,Eptesicus serotinus,0.008,0.022,-1,Echolocation,/mnt/ubna_data_02_mir/recover-20221013/UBNA_001/20221012_030000.WAV,Telephone Field,recover-20221013,001,1795
1747.7415,1747.7851,68437,83659,Rhinolophus ferrumequinum,0.031,0.031,-1,Echolocation,/mnt/ubna_data_02_mir/recover-20221013/UBNA_001/20221012_030000.WAV,Telephone Field,recover-20221013,001,1795
1747.7745,1747.809,68437,81812,Rhinolophus ferrumequinum,0.039,0.039,-1,Echolocation,/mnt/ubna_data_02_mir/recover-20221013/UBNA_001/20221012_030000.WAV,Telephone Field,recover-20221013,001,1795
1747.7945,1747.8081,22031,26315,Nyctalus leisleri,0.014,0.026,-1,Echolocation,/mnt/ubna_data_02_mir/recover-20221013/UBNA_001/20221012_030000.WAV,Telephone Field,recover-20221013,001,1795
1747.8125,1747.8226,28906,37238,Eptesicus serotinus,0.011,0.027,-1,Echolocation,/mnt/ubna_data_02_mir/recover-20221013/UBNA_001/20221012_030000.WAV,Telephone Field,recover-20221013,001,1795
1747.8275,1747.863,68437,81572,Rhinolophus ferrumequinum,0.022,0.022,-1,Echolocation,/mnt/ubna_data_02_mir/recover-20221013/UBNA_001/20221012_030000.WAV,Telephone Field,recover-20221013,001,1795
1747.8435,1747.8791,68437,81540,Rhinolophus ferrumequinum,0.021,0.021,-1,Echolocation,/mnt/ubna_data_02_mir/recover-20221013/UBNA_001/20221012_030000.WAV,Telephone Field,recover-20221013,001,1795
1747.8935,1747.9309,68437,82438,Rhinolophus ferrumequinum,0.025,0.025,-1,Echolocation,/mnt/ubna_data_02_mir/recover-20221013/UBNA_001/20221012_030000.WAV,Telephone Field,recover-20221013,001,1795
1747.9235,1747.9642,68437,82417,Rhinolophus ferrumequinum,0.025,0.025,-1,Echolocation,/mnt/ubna_data_02_mir/recover-20221013/UBNA_001/20221012_030000.WAV,Telephone Field,recover-20221013,001,1795
1747.9255,1747.9328,27187,38510,Eptesicus serotinus,0.006,0.022,-1,Echolocation,/mnt/ubna_data_02_mir/recover-20221013/UBNA_001/20221012_030000.WAV,Telephone Field,recover-20221013,001,1795
1747.9305,1747.9378,28046,40319,Eptesicus serotinus,0.006,0.022,-1,Echolocation,/mnt/ubna_data_02_mir/recover-20221013/UBNA_001/20221012_030000.WAV,Telephone Field,recover-20221013,001,1795
1747.9315,1747.9388,23750,32614,Plecotus austriacus,0.01,0.023,-1,Echolocation,/mnt/ubna_data_02_mir/recover-20221013/UBNA_001/20221012_030000.WAV,Telephone Field,recover-20221013,001,1795
1747.9575,1747.9698,22031,26787,Nyctalus leisleri,0.013,0.024,-1,Echolocation,/mnt/ubna_data_02_mir/recover-20221013/UBNA_001/20221012_030000.WAV,Telephone Field,recover-20221013,001,1795
1747.9635,1747.9739,22890,28297,Nyctalus leisleri,0.011,0.024,-1,Echolocation,/mnt/ubna_data_02_mir/recover-20221013/UBNA_001/20221012_030000.WAV,Telephone Field,recover-20221013,001,1795
1747.9875,1747.9974,27187,37159,Eptesicus serotinus,0.01,0.025,-1,Echolocation,/mnt/ubna_data_02_mir/recover-20221013/UBNA_001/20221012_030000.WAV,Telephone Field,recover-20221013,001,1795
1748.0015,1748.0364,68437,80593,Rhinolophus ferrumequinum,0.057,0.058,-1,Echolocation,/mnt/ubna_data_02_mir/recover-20221013/UBNA_001/20221012_030000.WAV,Telephone Field,recover-20221013,001,1795
1748.0015,1748.0117,29765,35255,Eptesicus serotinus,0.039,0.089,-1,Echolocation,/mnt/ubna_data_02_mir/recover-20221013/UBNA_001/20221012_030000.WAV,Telephone Field,recover-20221013,001,1795
1748.0015,1748.0131,52109,58133,Pipistrellus pygmaeus,0.017,0.026,-1,Echolocation,/mnt/ubna_data_02_mir/recover-20221013/UBNA_001/20221012_030000.WAV,Telephone Field,recover-20221013,001,1795
1748.0095,1748.0539,68437,83000,Rhinolophus ferrumequinum,0.024,0.024,-1,Echolocation,/mnt/ubna_data_02_mir/recover-20221013/UBNA_001/20221012_030000.WAV,Telephone Field,recover-20221013,001,1795
1748.0185,1748.0587,68437,81858,Rhinolophus ferrumequinum,0.021,0.021,-1,Echolocation,/mnt/ubna_data_02_mir/recover-20221013/UBNA_001/20221012_030000.WAV,Telephone Field,recover-20221013,001,1795
1748.0245,1748.0331,28906,40557,Eptesicus serotinus,0.008,0.021,-1,Echolocation,/mnt/ubna_data_02_mir/recover-20221013/UBNA_001/20221012_030000.WAV,Telephone Field,recover-20221013,001,1795
1748.0555,1748.0967,68437,82764,Rhinolophus ferrumequinum,0.024,0.024,-1,Echolocation,/mnt/ubna_data_02_mir/recover-20221013/UBNA_001/20221012_030000.WAV,Telephone Field,recover-20221013,001,1795
1748.0905,1748.0984,28046,37794,Eptesicus serotinus,0.007,0.021,-1,Echolocation,/mnt/ubna_data_02_mir/recover-20221013/UBNA_001/20221012_030000.WAV,Telephone Field,recover-20221013,001,1795
1748.1195,1748.1571,68437,82527,Rhinolophus ferrumequinum,0.021,0.021,-1,Echolocation,/mnt/ubna_data_02_mir/recover-20221013/UBNA_001/20221012_030000.WAV,Telephone Field,recover-20221013,001,1795
1748.1645,1748.1726,22890,30186,Plecotus austriacus,0.008,0.021,-1,Echolocation,/mnt/ubna_data_02_mir/recover-20221013/UBNA_001/20221012_030000.WAV,Telephone Field,recover-20221013,001,1795
1748.1655,1748.1732,28046,39453,Eptesicus serotinus,0.007,0.021,-1,Echolocation,/mnt/ubna_data_02_mir/recover-20221013/UBNA_001/20221012_030000.WAV,Telephone Field,recover-20221013,001,1795
1748.1835,1748.2225,68437,82689,Rhinolophus ferrumequinum,0.024,0.024,-1,Echolocation,/mnt/ubna_data_02_mir/recover-20221013/UBNA_001/20221012_030000.WAV,Telephone Field,recover-20221013,001,1795
1748.2105,1748.2271,22890,26366,Nyctalus leisleri,0.015,0.026,-1,Echolocation,/mnt/ubna_data_02_mir/recover-20221013/UBNA_001/20221012_030000.WAV,Telephone Field,recover-20221013,001,1795
1748.2845,1748.2952,23750,29799,Nyctalus leisleri,0.01,0.026,-1,Echolocation,/mnt/ubna_data_02_mir/recover-20221013/UBNA_001/20221012_030000.WAV,Telephone Field,recover-20221013,001,1795
1748.2855,1748.3256,68437,82546,Rhinolophus ferrumequinum,0.022,0.022,-1,Echolocation,/mnt/ubna_data_02_mir/recover-20221013/UBNA_001/20221012_030000.WAV,Telephone Field,recover-20221013,001,1795
1748.3155,1748.3237,23750,32490,Plecotus austriacus,0.009,0.023,-1,Echolocation,/mnt/ubna_data_02_mir/recover-20221013/UBNA_001/20221012_030000.WAV,Telephone Field,recover-20221013,001,1795
1748.3475,1748.3585,23750,29470,Nyctalus leisleri,0.011,0.027,-1,Echolocation,/mnt/ubna_data_02_mir/recover-20221013/UBNA_001/20221012_030000.WAV,Telephone Field,recover-20221013,001,1795
1748.3555,1748.4003,68437,83478,Rhinolophus ferrumequinum,0.041,0.041,-1,Echolocation,/mnt/ubna_data_02_mir/recover-20221013/UBNA_001/20221012_030000.WAV,Telephone Field,recover-20221013,001,1795
1748.3845,1748.4215,68437,82191,Rhinolophus ferrumequinum,0.021,0.021,-1,Echolocation,/mnt/ubna_data_02_mir/recover-20221013/UBNA_001/20221012_030000.WAV,Telephone Field,recover-20221013,001,1795
1748.4145,1748.4504,68437,81133,Rhinolophus ferrumequinum,0.022,0.022,-1,Echolocation,/mnt/ubna_data_02_mir/recover-20221013/UBNA_001/20221012_030000.WAV,Telephone Field,recover-20221013,001,1795
1748.4255,1748.4359,25468,31603,Nyctalus leisleri,0.011,0.028,-1,Echolocation,/mnt/ubna_data_02_mir/recover-20221013/UBNA_001/20221012_030000.WAV,Telephone Field,recover-20221013,001,1795
1748.4715,1748.4794,44375,50872,Pipistrellus pipistrellus,0.019,0.023,-1,Echolocation,/mnt/ubna_data_02_mir/recover-20221013/UBNA_001/20221012_030000.WAV,Telephone Field,recover-20221013,001,1795
1748.4715,1748.5113,68437,82145,Rhinolophus ferrumequinum,0.022,0.022,-1,Echolocation,/mnt/ubna_data_02_mir/recover-20221013/UBNA_001/20221012_030000.WAV,Telephone Field,recover-20221013,001,1795
1748.4765,1748.4827,33203,44636,Myotis daubentonii,0.008,0.024,-1,Echolocation,/mnt/ubna_data_02_mir/recover-20221013/UBNA_001/20221012_030000.WAV,Telephone Field,recover-20221013,001,1795
1748.4775,1748.486,28046,41663,Eptesicus serotinus,0.011,0.028,-1,Echolocation,/mnt/ubna_data_02_mir/recover-20221013/UBNA_001/20221012_030000.WAV,Telephone Field,recover-20221013,001,1795
1748.4805,1748.5208,68437,83049,Rhinolophus ferrumequinum,0.024,0.024,-1,Echolocation,/mnt/ubna_data_02_mir/recover-20221013/UBNA_001/20221012_030000.WAV,Telephone Field,recover-20221013,001,1795
1748.4845,1748.4923,22890,31108,Plecotus austriacus,0.01,0.023,-1,Echolocation,/mnt/ubna_data_02_mir/recover-20221013/UBNA_001/20221012_030000.WAV,Telephone Field,recover-20221013,001,1795
1748.5325,1748.5748,68437,82859,Rhinolophus ferrumequinum,0.025,0.025,-1,Echolocation,/mnt/ubna_data_02_mir/recover-20221013/UBNA_001/20221012_030000.WAV,Telephone Field,recover-20221013,001,1795
1748.5655,1748.6049,68437,82885,Rhinolophus ferrumequinum,0.022,0.022,-1,Echolocation,/mnt/ubna_data_02_mir/recover-20221013/UBNA_001/20221012_030000.WAV,Telephone Field,recover-20221013,001,1795
1748.5885,1748.6017,22031,25420,Nyctalus leisleri,0.014,0.022,-1,Echolocation,/mnt/ubna_data_02_mir/recover-20221013/UBNA_001/20221012_030000.WAV,Telephone Field,recover-20221013,001,1795
1748.6085,1748.6421,68437,80415,Rhinolophus ferrumequinum,0.024,0.024,-1,Echolocation,/mnt/ubna_data_02_mir/recover-20221013/UBNA_001/20221012_030000.WAV,Telephone Field,recover-20221013,001,1795
1748.6225,1748.6282,27187,42233,Plecotus auritus,0.006,0.027,-1,Echolocation,/mnt/ubna_data_02_mir/recover-20221013/UBNA_001/20221012_030000.WAV,Telephone Field,recover-20221013,001,1795
1748.6695,1748.676,30625,54334,Myotis daubentonii,0.01,0.021,-1,Echolocation,/mnt/ubna_data_02_mir/recover-20221013/UBNA_001/20221012_030000.WAV,Telephone Field,recover-20221013,001,1795
1748.6965,1748.7064,22031,27229,Nyctalus leisleri,0.009,0.021,-1,Echolocation,/mnt/ubna_data_02_mir/recover-20221013/UBNA_001/20221012_030000.WAV,Telephone Field,recover-20221013,001,1795
1748.7015,1748.7388,68437,82297,Rhinolophus ferrumequinum,0.023,0.023,-1,Echolocation,/mnt/ubna_data_02_mir/recover-20221013/UBNA_001/20221012_030000.WAV,Telephone Field,recover-20221013,001,1795
1748.7095,1748.7468,68437,81727,Rhinolophus ferrumequinum,0.022,0.022,-1,Echolocation,/mnt/ubna_data_02_mir/recover-20221013/UBNA_001/20221012_030000.WAV,Telephone Field,recover-20221013,001,1795
1748.7145,1748.7509,68437,81670,Rhinolophus ferrumequinum,0.023,0.023,-1,Echolocation,/mnt/ubna_data_02_mir/recover-20221013/UBNA_001/20221012_030000.WAV,Telephone Field,recover-20221013,001,1795
1748.8015,1748.8076,40937,54558,Myotis daubentonii,0.006,0.022,-1,Echolocation,/mnt/ubna_data_02_mir/recover-20221013/UBNA_001/20221012_030000.WAV,Telephone Field,recover-20221013,001,1795
1748.8205,1748.86,68437,82580,Rhinolophus ferrumequinum,0.021,0.021,-1,Echolocation,/mnt/ubna_data_02_mir/recover-20221013/UBNA_001/20221012_030000.WAV,Telephone Field,recover-20221013,001,1795
1748.8335,1748.8735,68437,82723,Rhinolophus ferrumequinum,0.021,0.021,-1,Echolocation,/mnt/ubna_data_02_mir/recover-20221013/UBNA_001/20221012_030000.WAV,Telephone Field,recover-20221013,001,1795
1748.8405,1748.8519000000001,22890,26959,Nyctalus leisleri,0.013,0.023,-1,Echolocation,/mnt/ubna_data_02_mir/recover-20221013/UBNA_001/20221012_030000.WAV,Telephone Field,recover-20221013,001,1795
1748.8675,1748.9092,68437,82935,Rhinolophus ferrumequinum,0.025,0.025,-1,Echolocation,/mnt/ubna_data_02_mir/recover-20221013/UBNA_001/20221012_030000.WAV,Telephone Field,recover-20221013,001,1795
1748.8715,1748.8792,28046,40878,Eptesicus serotinus,0.007,0.022,-1,Echolocation,/mnt/ubna_data_02_mir/recover-20221013/UBNA_001/20221012_030000.WAV,Telephone Field,recover-20221013,001,1795
1748.8935,1748.9303,68437,81884,Rhinolophus ferrumequinum,0.022,0.022,-1,Echolocation,/mnt/ubna_data_02_mir/recover-20221013/UBNA_001/20221012_030000.WAV,Telephone Field,recover-20221013,001,1795
1748.9005,1748.9364,68437,81717,Rhinolophus ferrumequinum,0.022,0.022,-1,Echolocation,/mnt/ubna_data_02_mir/recover-20221013/UBNA_001/20221012_030000.WAV,Telephone Field,recover-20221013,001,1795
1748.9115,1748.9189,28046,39003,Eptesicus serotinus,0.007,0.022,-1,Echolocation,/mnt/ubna_data_02_mir/recover-20221013/UBNA_001/20221012_030000.WAV,Telephone Field,recover-20221013,001,1795
1748.9355,1748.9792,68437,83299,Rhinolophus ferrumequinum,0.027,0.027,-1,Echolocation,/mnt/ubna_data_02_mir/recover-20221013/UBNA_001/20221012_030000.WAV,Telephone Field,recover-20221013,001,1795
1748.9465,1748.9853,68437,82355,Rhinolophus ferrumequinum,0.022,0.022,-1,Echolocation,/mnt/ubna_data_02_mir/recover-20221013/UBNA_001/20221012_030000.WAV,Telephone Field,recover-20221013,001,1795
1748.9535,1748.9666,14296,20426,Nyctalus noctula,0.018,0.026,-1,Echolocation,/mnt/ubna_data_02_mir/recover-20221013/UBNA_001/20221012_030000.WAV,Telephone Field,recover-20221013,001,1795
1748.9765,1749.0121,68437,82343,Rhinolophus ferrumequinum,0.026,0.026,-1,Echolocation,/mnt/ubna_data_02_mir/recover-20221013/UBNA_001/20221012_030000.WAV,Telephone Field,recover-20221013,001,1795
1748.9935,1749.0001,27187,42441,Eptesicus serotinus,0.007,0.025,-1,Echolocation,/mnt/ubna_data_02_mir/recover-20221013/UBNA_001/20221012_030000.WAV,Telephone Field,recover-20221013,001,1795
1749.0045,1749.0451,68437,82305,Rhinolophus ferrumequinum,0.021,0.021,-1,Echolocation,/mnt/ubna_data_02_mir/recover-20221013/UBNA_001/20221012_030000.WAV,Telephone Field,recover-20221013,001,1795
1749.0485,1749.0861,68437,82045,Rhinolophus ferrumequinum,0.022,0.022,-1,Echolocation,/mnt/ubna_data_02_mir/recover-20221013/UBNA_001/20221012_030000.WAV,Telephone Field,recover-20221013,001,1795
1749.0545,1749.0937,68437,82344,Rhinolophus ferrumequinum,0.022,0.022,-1,Echolocation,/mnt/ubna_data_02_mir/recover-20221013/UBNA_001/20221012_030000.WAV,Telephone Field,recover-20221013,001,1795
1749.0855,1749.1203,68437,81419,Rhinolophus ferrumequinum,0.022,0.022,-1,Echolocation,/mnt/ubna_data_02_mir/recover-20221013/UBNA_001/20221012_030000.WAV,Telephone Field,recover-20221013,001,1795
1749.1195,1749.1287,28906,38794,Eptesicus serotinus,0.009,0.023,-1,Echolocation,/mnt/ubna_data_02_mir/recover-20221013/UBNA_001/20221012_030000.WAV,Telephone Field,recover-20221013,001,1795
1749.1865,1749.1935,45234,48983,Pipistrellus pipistrellus,0.027,0.028,-1,Echolocation,/mnt/ubna_data_02_mir/recover-20221013/UBNA_001/20221012_030000.WAV,Telephone Field,recover-20221013,001,1795
1749.1955,1749.2341,68437,81972,Rhinolophus ferrumequinum,0.024,0.024,-1,Echolocation,/mnt/ubna_data_02_mir/recover-20221013/UBNA_001/20221012_030000.WAV,Telephone Field,recover-20221013,001,1795
1749.2025,1749.2439,68437,82673,Rhinolophus ferrumequinum,0.022,0.022,-1,Echolocation,/mnt/ubna_data_02_mir/recover-20221013/UBNA_001/20221012_030000.WAV,Telephone Field,recover-20221013,001,1795
1749.2745,1749.3148,68437,82666,Rhinolophus ferrumequinum,0.023,0.023,-1,Echolocation,/mnt/ubna_data_02_mir/recover-20221013/UBNA_001/20221012_030000.WAV,Telephone Field,recover-20221013,001,1795
1749.3155,1749.3513,68437,81868,Rhinolophus ferrumequinum,0.024,0.024,-1,Echolocation,/mnt/ubna_data_02_mir/recover-20221013/UBNA_001/20221012_030000.WAV,Telephone Field,recover-20221013,001,1795
1749.3795,1749.4196,68437,82705,Rhinolophus ferrumequinum,0.025,0.025,-1,Echolocation,/mnt/ubna_data_02_mir/recover-20221013/UBNA_001/20221012_030000.WAV,Telephone Field,recover-20221013,001,1795
1749.3815,1749.3908,22890,29828,Plecotus austriacus,0.007,0.022,-1,Echolocation,/mnt/ubna_data_02_mir/recover-20221013/UBNA_001/20221012_030000.WAV,Telephone Field,recover-20221013,001,1795
1749.4075,1749.444,68437,81862,Rhinolophus ferrumequinum,0.022,0.022,-1,Echolocation,/mnt/ubna_data_02_mir/recover-20221013/UBNA_001/20221012_030000.WAV,Telephone Field,recover-20221013,001,1795
1749.4375,1749.4484,23750,29253,Nyctalus leisleri,0.009,0.021,-1,Echolocation,/mnt/ubna_data_02_mir/recover-20221013/UBNA_001/20221012_030000.WAV,Telephone Field,recover-20221013,001,1795
1749.4505,1749.4615,27187,34002,Eptesicus serotinus,0.012,0.026,-1,Echolocation,/mnt/ubna_data_02_mir/recover-20221013/UBNA_001/20221012_030000.WAV,Telephone Field,recover-20221013,001,1795
1749.4675,1749.5041,68437,82085,Rhinolophus ferrumequinum,0.021,0.022,-1,Echolocation,/mnt/ubna_data_02_mir/recover-20221013/UBNA_001/20221012_030000.WAV,Telephone Field,recover-20221013,001,1795
1749.4755,1749.5139,68437,82200,Rhinolophus ferrumequinum,0.023,0.023,-1,Echolocation,/mnt/ubna_data_02_mir/recover-20221013/UBNA_001/20221012_030000.WAV,Telephone Field,recover-20221013,001,1795
1749.5975,1749.6045,28046,38780,Eptesicus serotinus,0.006,0.023,-1,Echolocation,/mnt/ubna_data_02_mir/recover-20221013/UBNA_001/20221012_030000.WAV,Telephone Field,recover-20221013,001,1795
1749.6095,1749.6267,22031,25129,Nyctalus leisleri,0.013,0.022,-1,Echolocation,/mnt/ubna_data_02_mir/recover-20221013/UBNA_001/20221012_030000.WAV,Telephone Field,recover-20221013,001,1795
1749.6245,1749.6619,68437,81643,Rhinolophus ferrumequinum,0.022,0.022,-1,Echolocation,/mnt/ubna_data_02_mir/recover-20221013/UBNA_001/20221012_030000.WAV,Telephone Field,recover-20221013,001,1795
1749.6505,1749.66,27187,35147,Eptesicus serotinus,0.01,0.023,-1,Echolocation,/mnt/ubna_data_02_mir/recover-20221013/UBNA_001/20221012_030000.WAV,Telephone Field,recover-20221013,001,1795
1749.6655,1749.7084,68437,83244,Rhinolophus ferrumequinum,0.025,0.025,-1,Echolocation,/mnt/ubna_data_02_mir/recover-20221013/UBNA_001/20221012_030000.WAV,Telephone Field,recover-20221013,001,1795
1749.6715,1749.6856,22031,25250,Nyctalus leisleri,0.015,0.024,-1,Echolocation,/mnt/ubna_data_02_mir/recover-20221013/UBNA_001/20221012_030000.WAV,Telephone Field,recover-20221013,001,1795
1749.6995,1749.737,68437,82701,Rhinolophus ferrumequinum,0.022,0.022,-1,Echolocation,/mnt/ubna_data_02_mir/recover-20221013/UBNA_001/20221012_030000.WAV,Telephone Field,recover-20221013,001,1795
1749.7165,1749.7377,18593,22026,Nyctalus noctula,0.025,0.038,-1,Echolocation,/mnt/ubna_data_02_mir/recover-20221013/UBNA_001/20221012_030000.WAV,Telephone Field,recover-20221013,001,1795
1749.7425,1749.7795,68437,80958,Rhinolophus ferrumequinum,0.023,0.023,-1,Echolocation,/mnt/ubna_data_02_mir/recover-20221013/UBNA_001/20221012_030000.WAV,Telephone Field,recover-20221013,001,1795
1749.7505,1749.7886,68437,82140,Rhinolophus ferrumequinum,0.024,0.024,-1,Echolocation,/mnt/ubna_data_02_mir/recover-20221013/UBNA_001/20221012_030000.WAV,Telephone Field,recover-20221013,001,1795
1749.7555,1749.7662,22031,26683,Nyctalus leisleri,0.01,0.021,-1,Echolocation,/mnt/ubna_data_02_mir/recover-20221013/UBNA_001/20221012_030000.WAV,Telephone Field,recover-20221013,001,1795
1749.7825,1749.8201,68437,81420,Rhinolophus ferrumequinum,0.021,0.021,-1,Echolocation,/mnt/ubna_data_02_mir/recover-20221013/UBNA_001/20221012_030000.WAV,Telephone Field,recover-20221013,001,1795
1749.8775,1749.9201,68437,83363,Rhinolophus ferrumequinum,0.023,0.023,-1,Echolocation,/mnt/ubna_data_02_mir/recover-20221013/UBNA_001/20221012_030000.WAV,Telephone Field,recover-20221013,001,1795
1749.9235,1749.9329,28906,38358,Eptesicus serotinus,0.009,0.023,-1,Echolocation,/mnt/ubna_data_02_mir/recover-20221013/UBNA_001/20221012_030000.WAV,Telephone Field,recover-20221013,001,1795
1749.9385,1749.9798,68437,82240,Rhinolophus ferrumequinum,0.023,0.023,-1,Echolocation,/mnt/ubna_data_02_mir/recover-20221013/UBNA_001/20221012_030000.WAV,Telephone Field,recover-20221013,001,1795
1749.9485,1749.9573,28046,37902,Eptesicus serotinus,0.009,0.021,-1,Echolocation,/mnt/ubna_data_02_mir/recover-20221013/UBNA_001/20221012_030000.WAV,Telephone Field,recover-20221013,001,1795
1749.9855,1749.9966,22890,29090,Nyctalus leisleri,0.009,0.021,-1,Echolocation,/mnt/ubna_data_02_mir/recover-20221013/UBNA_001/20221012_030000.WAV,Telephone Field,recover-20221013,001,1795
1750.0015,1750.013,22031,27969,Nyctalus leisleri,0.013,0.029,-1,Echolocation,/mnt/ubna_data_02_mir/recover-20221013/UBNA_001/20221012_030000.WAV,Telephone Field,recover-20221013,001,1795
1750.0025,1750.0374,68437,80895,Rhinolophus ferrumequinum,0.028,0.03,-1,Echolocation,/mnt/ubna_data_02_mir/recover-20221013/UBNA_001/20221012_030000.WAV,Telephone Field,recover-20221013,001,1795
1750.0145,1750.0271,34062,39642,Eptesicus serotinus,0.006,0.02,-1,Echolocation,/mnt/ubna_data_02_mir/recover-20221013/UBNA_001/20221012_030000.WAV,Telephone Field,recover-20221013,001,1795
1750.0435,1750.0486,39218,55664,Myotis mystacinus,0.006,0.02,-1,Echolocation,/mnt/ubna_data_02_mir/recover-20221013/UBNA_001/20221012_030000.WAV,Telephone Field,recover-20221013,001,1795
1750.0435,1750.0538,22890,30341,Nyctalus leisleri,0.009,0.026,-1,Echolocation,/mnt/ubna_data_02_mir/recover-20221013/UBNA_001/20221012_030000.WAV,Telephone Field,recover-20221013,001,1795
1750.0445,1750.0809,68437,82106,Rhinolophus ferrumequinum,0.02,0.02,-1,Echolocation,/mnt/ubna_data_02_mir/recover-20221013/UBNA_001/20221012_030000.WAV,Telephone Field,recover-20221013,001,1795
1750.0525,1750.0934,68437,82728,Rhinolophus ferrumequinum,0.021,0.022,-1,Echolocation,/mnt/ubna_data_02_mir/recover-20221013/UBNA_001/20221012_030000.WAV,Telephone Field,recover-20221013,001,1795
1750.0785,1750.0863,28046,38191,Eptesicus serotinus,0.024,0.048,-1,Echolocation,/mnt/ubna_data_02_mir/recover-20221013/UBNA_001/20221012_030000.WAV,Telephone Field,recover-20221013,001,1795
1750.0825,1750.1231,68437,82019,Rhinolophus ferrumequinum,0.023,0.023,-1,Echolocation,/mnt/ubna_data_02_mir/recover-20221013/UBNA_001/20221012_030000.WAV,Telephone Field,recover-20221013,001,1795
1750.1095,1750.1401,68437,80242,Rhinolophus ferrumequinum,0.023,0.023,-1,Echolocation,/mnt/ubna_data_02_mir/recover-20221013/UBNA_001/20221012_030000.WAV,Telephone Field,recover-20221013,001,1795
1750.1205,1750.1596,68437,81966,Rhinolophus ferrumequinum,0.037,0.037,-1,Echolocation,/mnt/ubna_data_02_mir/recover-20221013/UBNA_001/20221012_030000.WAV,Telephone Field,recover-20221013,001,1795
1750.1485,1750.1876,68437,82554,Rhinolophus ferrumequinum,0.024,0.024,-1,Echolocation,/mnt/ubna_data_02_mir/recover-20221013/UBNA_001/20221012_030000.WAV,Telephone Field,recover-20221013,001,1795
1750.1705,1750.1809,28906,36695,Eptesicus serotinus,0.009,0.022,-1,Echolocation,/mnt/ubna_data_02_mir/recover-20221013/UBNA_001/20221012_030000.WAV,Telephone Field,recover-20221013,001,1795
1750.1805,1750.2212,68437,82651,Rhinolophus ferrumequinum,0.023,0.023,-1,Echolocation,/mnt/ubna_data_02_mir/recover-20221013/UBNA_001/20221012_030000.WAV,Telephone Field,recover-20221013,001,1795
1750.1975,1750.2358,68437,81650,Rhinolophus ferrumequinum,0.021,0.021,-1,Echolocation,/mnt/ubna_data_02_mir/recover-20221013/UBNA_001/20221012_030000.WAV,Telephone Field,recover-20221013,001,1795
1750.1995,1750.21,28906,36289,Eptesicus serotinus,0.009,0.021,-1,Echolocation,/mnt/ubna_data_02_mir/recover-20221013/UBNA_001/20221012_030000.WAV,Telephone Field,recover-20221013,001,1795
1750.2155,1750.2525,68437,81657,Rhinolophus ferrumequinum,0.02,0.02,-1,Echolocation,/mnt/ubna_data_02_mir/recover-20221013/UBNA_001/20221012_030000.WAV,Telephone Field,recover-20221013,001,1795
1750.2725,1750.3131,68437,81821,Rhinolophus ferrumequinum,0.023,0.023,-1,Echolocation,/mnt/ubna_data_02_mir/recover-20221013/UBNA_001/20221012_030000.WAV,Telephone Field,recover-20221013,001,1795
1750.2895,1750.3288,68437,81809,Rhinolophus ferrumequinum,0.021,0.021,-1,Echolocation,/mnt/ubna_data_02_mir/recover-20221013/UBNA_001/20221012_030000.WAV,Telephone Field,recover-20221013,001,1795
1750.3205,1750.3582,68437,81949,Rhinolophus ferrumequinum,0.021,0.021,-1,Echolocation,/mnt/ubna_data_02_mir/recover-20221013/UBNA_001/20221012_030000.WAV,Telephone Field,recover-20221013,001,1795
1750.3395,1750.3768,68437,81934,Rhinolophus ferrumequinum,0.027,0.027,-1,Echolocation,/mnt/ubna_data_02_mir/recover-20221013/UBNA_001/20221012_030000.WAV,Telephone Field,recover-20221013,001,1795
1750.3555,1750.3656,14296,20860,Nyctalus noctula,0.01,0.021,-1,Echolocation,/mnt/ubna_data_02_mir/recover-20221013/UBNA_001/20221012_030000.WAV,Telephone Field,recover-20221013,001,1795
1750.3665,1750.3757,28906,38268,Eptesicus serotinus,0.008,0.02,-1,Echolocation,/mnt/ubna_data_02_mir/recover-20221013/UBNA_001/20221012_030000.WAV,Telephone Field,recover-20221013,001,1795
1750.3685,1750.4071,68437,82181,Rhinolophus ferrumequinum,0.021,0.021,-1,Echolocation,/mnt/ubna_data_02_mir/recover-20221013/UBNA_001/20221012_030000.WAV,Telephone Field,recover-20221013,001,1795
1750.3765,1750.4154,68437,81965,Rhinolophus ferrumequinum,0.021,0.021,-1,Echolocation,/mnt/ubna_data_02_mir/recover-20221013/UBNA_001/20221012_030000.WAV,Telephone Field,recover-20221013,001,1795
1750.3865,1750.4261,68437,81779,Rhinolophus ferrumequinum,0.02,0.02,-1,Echolocation,/mnt/ubna_data_02_mir/recover-20221013/UBNA_001/20221012_030000.WAV,Telephone Field,recover-20221013,001,1795
1750.3915,1750.43,68437,81631,Rhinolophus ferrumequinum,0.02,0.02,-1,Echolocation,/mnt/ubna_data_02_mir/recover-20221013/UBNA_001/20221012_030000.WAV,Telephone Field,recover-20221013,001,1795
1750.4075,1750.4453,68437,82773,Rhinolophus ferrumequinum,0.025,0.025,-1,Echolocation,/mnt/ubna_data_02_mir/recover-20221013/UBNA_001/20221012_030000.WAV,Telephone Field,recover-20221013,001,1795
1750.4195,1750.4589,68437,82453,Rhinolophus ferrumequinum,0.024,0.024,-1,Echolocation,/mnt/ubna_data_02_mir/recover-20221013/UBNA_001/20221012_030000.WAV,Telephone Field,recover-20221013,001,1795
1750.4835,1750.5188,68437,82165,Rhinolophus ferrumequinum,0.02,0.021,-1,Echolocation,/mnt/ubna_data_02_mir/recover-20221013/UBNA_001/20221012_030000.WAV,Telephone Field,recover-20221013,001,1795
1750.5205,1750.5598,68437,82776,Rhinolophus ferrumequinum,0.02,0.02,-1,Echolocation,/mnt/ubna_data_02_mir/recover-20221013/UBNA_001/20221012_030000.WAV,Telephone Field,recover-20221013,001,1795
1750.5205,1750.5314,50390,56099,Pipistrellus pipistrellus,0.02,0.024,-1,Echolocation,/mnt/ubna_data_02_mir/recover-20221013/UBNA_001/20221012_030000.WAV,Telephone Field,recover-20221013,001,1795
1750.5345,1750.5696,68437,81403,Rhinolophus ferrumequinum,0.021,0.021,-1,Echolocation,/mnt/ubna_data_02_mir/recover-20221013/UBNA_001/20221012_030000.WAV,Telephone Field,recover-20221013,001,1795
1750.5495,1750.5595,23750,29880,Nyctalus leisleri,0.008,0.02,-1,Echolocation,/mnt/ubna_data_02_mir/recover-20221013/UBNA_001/20221012_030000.WAV,Telephone Field,recover-20221013,001,1795
1750.5585,1750.567,28906,38727,Eptesicus serotinus,0.009,0.026,-1,Echolocation,/mnt/ubna_data_02_mir/recover-20221013/UBNA_001/20221012_030000.WAV,Telephone Field,recover-20221013,001,1795
1750.5895,1750.6295,68437,82952,Rhinolophus ferrumequinum,0.025,0.025,-1,Echolocation,/mnt/ubna_data_02_mir/recover-20221013/UBNA_001/20221012_030000.WAV,Telephone Field,recover-20221013,001,1795
1750.6145,1750.6235,32343,41834,Myotis daubentonii,0.007,0.023,-1,Echolocation,/mnt/ubna_data_02_mir/recover-20221013/UBNA_001/20221012_030000.WAV,Telephone Field,recover-20221013,001,1795
1750.6235,1750.6328,28906,36242,Eptesicus serotinus,0.008,0.021,-1,Echolocation,/mnt/ubna_data_02_mir/recover-20221013/UBNA_001/20221012_030000.WAV,Telephone Field,recover-20221013,001,1795
1750.6335,1750.6741,68437,82888,Rhinolophus ferrumequinum,0.024,0.024,-1,Echolocation,/mnt/ubna_data_02_mir/recover-20221013/UBNA_001/20221012_030000.WAV,Telephone Field,recover-20221013,001,1795
1750.6495,1750.6605,23750,29163,Nyctalus leisleri,0.011,0.025,-1,Echolocation,/mnt/ubna_data_02_mir/recover-20221013/UBNA_001/20221012_030000.WAV,Telephone Field,recover-20221013,001,1795
1750.6845,1750.7237,68437,82880,Rhinolophus ferrumequinum,0.023,0.023,-1,Echolocation,/mnt/ubna_data_02_mir/recover-20221013/UBNA_001/20221012_030000.WAV,Telephone Field,recover-20221013,001,1795
1750.7085,1750.7161,23750,34472,Plecotus austriacus,0.01,0.023,-1,Echolocation,/mnt/ubna_data_02_mir/recover-20221013/UBNA_001/20221012_030000.WAV,Telephone Field,recover-20221013,001,1795
1750.7385,1750.7771,68437,82435,Rhinolophus ferrumequinum,0.028,0.028,-1,Echolocation,/mnt/ubna_data_02_mir/recover-20221013/UBNA_001/20221012_030000.WAV,Telephone Field,recover-20221013,001,1795
1750.7595,1750.7982,68437,82507,Rhinolophus ferrumequinum,0.022,0.022,-1,Echolocation,/mnt/ubna_data_02_mir/recover-20221013/UBNA_001/20221012_030000.WAV,Telephone Field,recover-20221013,001,1795
1750.7955,1750.8368,68437,82594,Rhinolophus ferrumequinum,0.022,0.022,-1,Echolocation,/mnt/ubna_data_02_mir/recover-20221013/UBNA_001/20221012_030000.WAV,Telephone Field,recover-20221013,001,1795
1750.8225,1750.8334,22890,27740,Nyctalus leisleri,0.011,0.022,-1,Echolocation,/mnt/ubna_data_02_mir/recover-20221013/UBNA_001/20221012_030000.WAV,Telephone Field,recover-20221013,001,1795
1750.8375,1750.8759,68437,81984,Rhinolophus ferrumequinum,0.026,0.026,-1,Echolocation,/mnt/ubna_data_02_mir/recover-20221013/UBNA_001/20221012_030000.WAV,Telephone Field,recover-20221013,001,1795
1750.8795,1750.8884,27187,37345,Eptesicus serotinus,0.008,0.02,-1,Echolocation,/mnt/ubna_data_02_mir/recover-20221013/UBNA_001/20221012_030000.WAV,Telephone Field,recover-20221013,001,1795
1750.8865,1750.9265,68437,82616,Rhinolophus ferrumequinum,0.022,0.022,-1,Echolocation,/mnt/ubna_data_02_mir/recover-20221013/UBNA_001/20221012_030000.WAV,Telephone Field,recover-20221013,001,1795
1750.8995,1750.9386,68437,81824,Rhinolophus ferrumequinum,0.02,0.02,-1,Echolocation,/mnt/ubna_data_02_mir/recover-20221013/UBNA_001/20221012_030000.WAV,Telephone Field,recover-20221013,001,1795
1750.9095,1750.9517,68437,82146,Rhinolophus ferrumequinum,0.033,0.033,-1,Echolocation,/mnt/ubna_data_02_mir/recover-20221013/UBNA_001/20221012_030000.WAV,Telephone Field,recover-20221013,001,1795
1750.9175,1750.9278,28906,36914,Eptesicus serotinus,0.008,0.02,-1,Echolocation,/mnt/ubna_data_02_mir/recover-20221013/UBNA_001/20221012_030000.WAV,Telephone Field,recover-20221013,001,1795
1750.9355,1750.9743,68437,81762,Rhinolophus ferrumequinum,0.02,0.02,-1,Echolocation,/mnt/ubna_data_02_mir/recover-20221013/UBNA_001/20221012_030000.WAV,Telephone Field,recover-20221013,001,1795
1750.9505,1750.9615,22031,26560,Nyctalus leisleri,0.011,0.021,-1,Echolocation,/mnt/ubna_data_02_mir/recover-20221013/UBNA_001/20221012_030000.WAV,Telephone Field,recover-20221013,001,1795
1750.9805,1751.0192,68437,82097,Rhinolophus ferrumequinum,0.034,0.034,-1,Echolocation,/mnt/ubna_data_02_mir/recover-20221013/UBNA_001/20221012_030000.WAV,Telephone Field,recover-20221013,001,1795
1750.9975,1751.0359,68437,83369,Rhinolophus ferrumequinum,0.025,0.025,-1,Echolocation,/mnt/ubna_data_02_mir/recover-20221013/UBNA_001/20221012_030000.WAV,Telephone Field,recover-20221013,001,1795
1751.0155,1751.0569,68437,81877,Rhinolophus ferrumequinum,0.025,0.025,-1,Echolocation,/mnt/ubna_data_02_mir/recover-20221013/UBNA_001/20221012_030000.WAV,Telephone Field,recover-20221013,001,1795
1751.0195,1751.0297,28906,35492,Eptesicus serotinus,0.008,0.021,-1,Echolocation,/mnt/ubna_data_02_mir/recover-20221013/UBNA_001/20221012_030000.WAV,Telephone Field,recover-20221013,001,1795
1751.0535,1751.0929,68437,82197,Rhinolophus ferrumequinum,0.021,0.021,-1,Echolocation,/mnt/ubna_data_02_mir/recover-20221013/UBNA_001/20221012_030000.WAV,Telephone Field,recover-20221013,001,1795
1751.0755,1751.114,68437,82218,Rhinolophus ferrumequinum,0.021,0.021,-1,Echolocation,/mnt/ubna_data_02_mir/recover-20221013/UBNA_001/20221012_030000.WAV,Telephone Field,recover-20221013,001,1795
1751.1155,1751.1551,68437,82196,Rhinolophus ferrumequinum,0.025,0.026,-1,Echolocation,/mnt/ubna_data_02_mir/recover-20221013/UBNA_001/20221012_030000.WAV,Telephone Field,recover-20221013,001,1795
1751.1235,1751.1637,68437,82609,Rhinolophus ferrumequinum,0.027,0.027,-1,Echolocation,/mnt/ubna_data_02_mir/recover-20221013/UBNA_001/20221012_030000.WAV,Telephone Field,recover-20221013,001,1795
1751.1385,1751.1769,68437,82366,Rhinolophus ferrumequinum,0.022,0.022,-1,Echolocation,/mnt/ubna_data_02_mir/recover-20221013/UBNA_001/20221012_030000.WAV,Telephone Field,recover-20221013,001,1795
1751.1675,1751.2029,68437,82178,Rhinolophus ferrumequinum,0.024,0.024,-1,Echolocation,/mnt/ubna_data_02_mir/recover-20221013/UBNA_001/20221012_030000.WAV,Telephone Field,recover-20221013,001,1795
1751.1705,1751.1814,23750,28926,Nyctalus leisleri,0.01,0.022,-1,Echolocation,/mnt/ubna_data_02_mir/recover-20221013/UBNA_001/20221012_030000.WAV,Telephone Field,recover-20221013,001,1795
1751.1835,1751.221,68437,81782,Rhinolophus ferrumequinum,0.021,0.021,-1,Echolocation,/mnt/ubna_data_02_mir/recover-20221013/UBNA_001/20221012_030000.WAV,Telephone Field,recover-20221013,001,1795
1751.2035,1751.2422,68437,82474,Rhinolophus ferrumequinum,0.024,0.024,-1,Echolocation,/mnt/ubna_data_02_mir/recover-20221013/UBNA_001/20221012_030000.WAV,Telephone Field,recover-20221013,001,1795
1751.2145,1751.226,22031,25860,Nyctalus leisleri,0.012,0.021,-1,Echolocation,/mnt/ubna_data_02_mir/recover-20221013/UBNA_001/20221012_030000.WAV,Telephone Field,recover-20221013,001,1795
1751.2185,1751.2574,68437,81302,Rhinolophus ferrumequinum,0.021,0.021,-1,Echolocation,/mnt/ubna_data_02_mir/recover-20221013/UBNA_001/20221012_030000.WAV,Telephone Field,recover-20221013,001,1795
1751.2485,1751.2574,56406,61773,Pipistrellus pygmaeus,0.027,0.028,-1,Echolocation,/mnt/ubna_data_02_mir/recover-20221013/UBNA_001/20221012_030000.WAV,Telephone Field,recover-20221013,001,1795
1751.2545,1751.2922,68437,82003,Rhinolophus ferrumequinum,0.021,0.021,-1,Echolocation,/mnt/ubna_data_02_mir/recover-20221013/UBNA_001/20221012_030000.WAV,Telephone Field,recover-20221013,001,1795
1751.2745,1751.2829,22890,30845,Plecotus austriacus,0.013,0.029,-1,Echolocation,/mnt/ubna_data_02_mir/recover-20221013/UBNA_001/20221012_030000.WAV,Telephone Field,recover-20221013,001,1795
1751.2885,1751.2961,48671,55341,Pipistrellus pipistrellus,0.019,0.021,-1,Echolocation,/mnt/ubna_data_02_mir/recover-20221013/UBNA_001/20221012_030000.WAV,Telephone Field,recover-20221013,001,1795
1751.3435,1751.3829,68437,82408,Rhinolophus ferrumequinum,0.022,0.022,-1,Echolocation,/mnt/ubna_data_02_mir/recover-20221013/UBNA_001/20221012_030000.WAV,Telephone Field,recover-20221013,001,1795
1751.3825,1751.424,68437,83018,Rhinolophus ferrumequinum,0.024,0.024,-1,Echolocation,/mnt/ubna_data_02_mir/recover-20221013/UBNA_001/20221012_030000.WAV,Telephone Field,recover-20221013,001,1795
1751.4025,1751.4457,68437,83018,Rhinolophus ferrumequinum,0.03,0.03,-1,Echolocation,/mnt/ubna_data_02_mir/recover-20221013/UBNA_001/20221012_030000.WAV,Telephone Field,recover-20221013,001,1795
1751.4565,1751.4925,68437,81705,Rhinolophus ferrumequinum,0.022,0.022,-1,Echolocation,/mnt/ubna_data_02_mir/recover-20221013/UBNA_001/20221012_030000.WAV,Telephone Field,recover-20221013,001,1795
1751.4755,1751.4834,23750,32122,Plecotus austriacus,0.009,0.022,-1,Echolocation,/mnt/ubna_data_02_mir/recover-20221013/UBNA_001/20221012_030000.WAV,Telephone Field,recover-20221013,001,1795
1751.4915,1751.526,68437,81421,Rhinolophus ferrumequinum,0.02,0.02,-1,Echolocation,/mnt/ubna_data_02_mir/recover-20221013/UBNA_001/20221012_030000.WAV,Telephone Field,recover-20221013,001,1795
1751.4915,1751.5008,28906,38839,Eptesicus serotinus,0.01,0.025,-1,Echolocation,/mnt/ubna_data_02_mir/recover-20221013/UBNA_001/20221012_030000.WAV,Telephone Field,recover-20221013,001,1795
1751.5245,1751.5651,68437,82796,Rhinolophus ferrumequinum,0.024,0.024,-1,Echolocation,/mnt/ubna_data_02_mir/recover-20221013/UBNA_001/20221012_030000.WAV,Telephone Field,recover-20221013,001,1795
1751.5515,1751.5606,22890,30156,Plecotus austriacus,0.008,0.024,-1,Echolocation,/mnt/ubna_data_02_mir/recover-20221013/UBNA_001/20221012_030000.WAV,Telephone Field,recover-20221013,001,1795
1751.5645,1751.5759,28046,34631,Eptesicus serotinus,0.014,0.028,-1,Echolocation,/mnt/ubna_data_02_mir/recover-20221013/UBNA_001/20221012_030000.WAV,Telephone Field,recover-20221013,001,1795
1751.5655,1751.6048,68437,82083,Rhinolophus ferrumequinum,0.026,0.026,-1,Echolocation,/mnt/ubna_data_02_mir/recover-20221013/UBNA_001/20221012_030000.WAV,Telephone Field,recover-20221013,001,1795
1751.5735,1751.6113,68437,82443,Rhinolophus ferrumequinum,0.021,0.021,-1,Echolocation,/mnt/ubna_data_02_mir/recover-20221013/UBNA_001/20221012_030000.WAV,Telephone Field,recover-20221013,001,1795
1751.5815,1751.5915,29765,38465,Eptesicus serotinus,0.013,0.026,-1,Echolocation,/mnt/ubna_data_02_mir/recover-20221013/UBNA_001/20221012_030000.WAV,Telephone Field,recover-20221013,001,1795
1751.6105,1751.6526,68437,82629,Rhinolophus ferrumequinum,0.024,0.024,-1,Echolocation,/mnt/ubna_data_02_mir/recover-20221013/UBNA_001/20221012_030000.WAV,Telephone Field,recover-20221013,001,1795
1751.6165,1751.6259,45234,51029,Pipistrellus pipistrellus,0.024,0.026,-1,Echolocation,/mnt/ubna_data_02_mir/recover-20221013/UBNA_001/20221012_030000.WAV,Telephone Field,recover-20221013,001,1795
1751.6175,1751.658,68437,82394,Rhinolophus ferrumequinum,0.022,0.022,-1,Echolocation,/mnt/ubna_data_02_mir/recover-20221013/UBNA_001/20221012_030000.WAV,Telephone Field,recover-20221013,001,1795
1751.6325,1751.6707,68437,81925,Rhinolophus ferrumequinum,0.02,0.02,-1,Echolocation,/mnt/ubna_data_02_mir/recover-20221013/UBNA_001/20221012_030000.WAV,Telephone Field,recover-20221013,001,1795
1751.6395,1751.6534,23750,29785,Nyctalus leisleri,0.017,0.039,-1,Echolocation,/mnt/ubna_data_02_mir/recover-20221013/UBNA_001/20221012_030000.WAV,Telephone Field,recover-20221013,001,1795
1751.6515,1751.6909,68437,82504,Rhinolophus ferrumequinum,0.027,0.027,-1,Echolocation,/mnt/ubna_data_02_mir/recover-20221013/UBNA_001/20221012_030000.WAV,Telephone Field,recover-20221013,001,1795
1751.6545,1751.6644000000001,28046,37317,Eptesicus serotinus,0.014,0.027,-1,Echolocation,/mnt/ubna_data_02_mir/recover-20221013/UBNA_001/20221012_030000.WAV,Telephone Field,recover-20221013,001,1795
1751.7015,1751.7087,25468,38374,Plecotus austriacus,0.005,0.021,-1,Echolocation,/mnt/ubna_data_02_mir/recover-20221013/UBNA_001/20221012_030000.WAV,Telephone Field,recover-20221013,001,1795
1751.7175,1751.7572,68437,82500,Rhinolophus ferrumequinum,0.02,0.02,-1,Echolocation,/mnt/ubna_data_02_mir/recover-20221013/UBNA_001/20221012_030000.WAV,Telephone Field,recover-20221013,001,1795
1751.7385,1751.7786,68437,82939,Rhinolophus ferrumequinum,0.044,0.044,-1,Echolocation,/mnt/ubna_data_02_mir/recover-20221013/UBNA_001/20221012_030000.WAV,Telephone Field,recover-20221013,001,1795
1751.7745,1751.8136,68437,82083,Rhinolophus ferrumequinum,0.022,0.023,-1,Echolocation,/mnt/ubna_data_02_mir/recover-20221013/UBNA_001/20221012_030000.WAV,Telephone Field,recover-20221013,001,1795
1751.7895,1751.8259,68437,81450,Rhinolophus ferrumequinum,0.021,0.021,-1,Echolocation,/mnt/ubna_data_02_mir/recover-20221013/UBNA_001/20221012_030000.WAV,Telephone Field,recover-20221013,001,1795
1751.7995,1751.8376,68437,82718,Rhinolophus ferrumequinum,0.028,0.028,-1,Echolocation,/mnt/ubna_data_02_mir/recover-20221013/UBNA_001/20221012_030000.WAV,Telephone Field,recover-20221013,001,1795
1751.8025,1751.811,27187,38216,Eptesicus serotinus,0.009,0.024,-1,Echolocation,/mnt/ubna_data_02_mir/recover-20221013/UBNA_001/20221012_030000.WAV,Telephone Field,recover-20221013,001,1795
1751.8405,1751.8481,25468,38611,Eptesicus serotinus,0.005,0.02,-1,Echolocation,/mnt/ubna_data_02_mir/recover-20221013/UBNA_001/20221012_030000.WAV,Telephone Field,recover-20221013,001,1795
1751.8925,1751.929,68437,81968,Rhinolophus ferrumequinum,0.022,0.022,-1,Echolocation,/mnt/ubna_data_02_mir/recover-20221013/UBNA_001/20221012_030000.WAV,Telephone Field,recover-20221013,001,1795
1751.8985,1751.9347,68437,81935,Rhinolophus ferrumequinum,0.021,0.021,-1,Echolocation,/mnt/ubna_data_02_mir/recover-20221013/UBNA_001/20221012_030000.WAV,Telephone Field,recover-20221013,001,1795
1751.9275,1751.969,68437,82819,Rhinolophus ferrumequinum,0.022,0.022,-1,Echolocation,/mnt/ubna_data_02_mir/recover-20221013/UBNA_001/20221012_030000.WAV,Telephone Field,recover-20221013,001,1795
1751.9565,1751.9951,68437,81920,Rhinolophus ferrumequinum,0.023,0.023,-1,Echolocation,/mnt/ubna_data_02_mir/recover-20221013/UBNA_001/20221012_030000.WAV,Telephone Field,recover-20221013,001,1795
1752.0015,1752.034,69296,81910,Rhinolophus ferrumequinum,0.024,0.024,-1,Echolocation,/mnt/ubna_data_02_mir/recover-20221013/UBNA_001/20221012_030000.WAV,Telephone Field,recover-20221013,001,1795
1752.0015,1752.012,47812,53419,Pipistrellus pipistrellus,0.015,0.022,-1,Echolocation,/mnt/ubna_data_02_mir/recover-20221013/UBNA_001/20221012_030000.WAV,Telephone Field,recover-20221013,001,1795
1752.0015,1752.0103,22031,27956,Nyctalus leisleri,0.01,0.03,-1,Echolocation,/mnt/ubna_data_02_mir/recover-20221013/UBNA_001/20221012_030000.WAV,Telephone Field,recover-20221013,001,1795
1752.0115,1752.0512,68437,81835,Rhinolophus ferrumequinum,0.02,0.02,-1,Echolocation,/mnt/ubna_data_02_mir/recover-20221013/UBNA_001/20221012_030000.WAV,Telephone Field,recover-20221013,001,1795
1752.0255,1752.0634,68437,82247,Rhinolophus ferrumequinum,0.02,0.02,-1,Echolocation,/mnt/ubna_data_02_mir/recover-20221013/UBNA_001/20221012_030000.WAV,Telephone Field,recover-20221013,001,1795
1752.0265,1752.0363,28906,36833,Eptesicus serotinus,0.012,0.025,-1,Echolocation,/mnt/ubna_data_02_mir/recover-20221013/UBNA_001/20221012_030000.WAV,Telephone Field,recover-20221013,001,1795
1752.0345,1752.0731,68437,82744,Rhinolophus ferrumequinum,0.02,0.02,-1,Echolocation,/mnt/ubna_data_02_mir/recover-20221013/UBNA_001/20221012_030000.WAV,Telephone Field,recover-20221013,001,1795
1752.0505,1752.0875,68437,82369,Rhinolophus ferrumequinum,0.021,0.021,-1,Echolocation,/mnt/ubna_data_02_mir/recover-20221013/UBNA_001/20221012_030000.WAV,Telephone Field,recover-20221013,001,1795
1752.0675,1752.1061,68437,81899,Rhinolophus ferrumequinum,0.023,0.023,-1,Echolocation,/mnt/ubna_data_02_mir/recover-20221013/UBNA_001/20221012_030000.WAV,Telephone Field,recover-20221013,001,1795
1752.0785,1752.0895,28906,36007,Eptesicus serotinus,0.012,0.029,-1,Echolocation,/mnt/ubna_data_02_mir/recover-20221013/UBNA_001/20221012_030000.WAV,Telephone Field,recover-20221013,001,1795
1752.1165,1752.1574,68437,82563,Rhinolophus ferrumequinum,0.024,0.024,-1,Echolocation,/mnt/ubna_data_02_mir/recover-20221013/UBNA_001/20221012_030000.WAV,Telephone Field,recover-20221013,001,1795
1752.1295,1752.1376,22890,30565,Plecotus austriacus,0.009,0.022,-1,Echolocation,/mnt/ubna_data_02_mir/recover-20221013/UBNA_001/20221012_030000.WAV,Telephone Field,recover-20221013,001,1795
1752.1665,1752.2076,68437,82627,Rhinolophus ferrumequinum,0.031,0.031,-1,Echolocation,/mnt/ubna_data_02_mir/recover-20221013/UBNA_001/20221012_030000.WAV,Telephone Field,recover-20221013,001,1795
1752.1705,1752.1803,23750,30206,Nyctalus leisleri,0.008,0.023,-1,Echolocation,/mnt/ubna_data_02_mir/recover-20221013/UBNA_001/20221012_030000.WAV,Telephone Field,recover-20221013,001,1795
1752.2085,1752.2262,20312,23124,Nyctalus leisleri,0.013,0.021,-1,Echolocation,/mnt/ubna_data_02_mir/recover-20221013/UBNA_001/20221012_030000.WAV,Telephone Field,recover-20221013,001,1795
1752.2255,1752.2349,22890,29753,Plecotus austriacus,0.009,0.024,-1,Echolocation,/mnt/ubna_data_02_mir/recover-20221013/UBNA_001/20221012_030000.WAV,Telephone Field,recover-20221013,001,1795
1752.2275,1752.2702,68437,83241,Rhinolophus ferrumequinum,0.027,0.027,-1,Echolocation,/mnt/ubna_data_02_mir/recover-20221013/UBNA_001/20221012_030000.WAV,Telephone Field,recover-20221013,001,1795
1752.2945,1752.3023,27187,37436,Eptesicus serotinus,0.007,0.023,-1,Echolocation,/mnt/ubna_data_02_mir/recover-20221013/UBNA_001/20221012_030000.WAV,Telephone Field,recover-20221013,001,1795
1752.2985,1752.3142,51250,55026,Pipistrellus pygmaeus,0.012,0.022,-1,Echolocation,/mnt/ubna_data_02_mir/recover-20221013/UBNA_001/20221012_030000.WAV,Telephone Field,recover-20221013,001,1795
1752.3005,1752.3398,68437,82484,Rhinolophus ferrumequinum,0.023,0.023,-1,Echolocation,/mnt/ubna_data_02_mir/recover-20221013/UBNA_001/20221012_030000.WAV,Telephone Field,recover-20221013,001,1795
1752.3105,1752.3217,22890,27118,Nyctalus leisleri,0.014,0.025,-1,Echolocation,/mnt/ubna_data_02_mir/recover-20221013/UBNA_001/20221012_030000.WAV,Telephone Field,recover-20221013,001,1795
1752.3305,1752.3688,68437,82171,Rhinolophus ferrumequinum,0.024,0.024,-1,Echolocation,/mnt/ubna_data_02_mir/recover-20221013/UBNA_001/20221012_030000.WAV,Telephone Field,recover-20221013,001,1795
1752.3605,1752.3671,26328,37152,Plecotus auritus,0.012,0.038,-1,Echolocation,/mnt/ubna_data_02_mir/recover-20221013/UBNA_001/20221012_030000.WAV,Telephone Field,recover-20221013,001,1795
1752.3865,1752.4305,68437,82987,Rhinolophus ferrumequinum,0.025,0.025,-1,Echolocation,/mnt/ubna_data_02_mir/recover-20221013/UBNA_001/20221012_030000.WAV,Telephone Field,recover-20221013,001,1795
1752.4185,1752.4612,68437,83167,Rhinolophus ferrumequinum,0.033,0.033,-1,Echolocation,/mnt/ubna_data_02_mir/recover-20221013/UBNA_001/20221012_030000.WAV,Telephone Field,recover-20221013,001,1795
1752.4765,1752.5131,68437,80916,Rhinolophus ferrumequinum,0.024,0.024,-1,Echolocation,/mnt/ubna_data_02_mir/recover-20221013/UBNA_001/20221012_030000.WAV,Telephone Field,recover-20221013,001,1795
1752.5425,1752.5786,68437,81424,Rhinolophus ferrumequinum,0.022,0.022,-1,Echolocation,/mnt/ubna_data_02_mir/recover-20221013/UBNA_001/20221012_030000.WAV,Telephone Field,recover-20221013,001,1795
1752.5495,1752.5884,68437,82041,Rhinolophus ferrumequinum,0.021,0.021,-1,Echolocation,/mnt/ubna_data_02_mir/recover-20221013/UBNA_001/20221012_030000.WAV,Telephone Field,recover-20221013,001,1795
1752.5595,1752.5999,68437,82681,Rhinolophus ferrumequinum,0.021,0.021,-1,Echolocation,/mnt/ubna_data_02_mir/recover-20221013/UBNA_001/20221012_030000.WAV,Telephone Field,recover-20221013,001,1795
1752.6005,1752.6361,68437,81805,Rhinolophus ferrumequinum,0.021,0.021,-1,Echolocation,/mnt/ubna_data_02_mir/recover-20221013/UBNA_001/20221012_030000.WAV,Telephone Field,recover-20221013,001,1795
1752.6095,1752.6479,68437,82148,Rhinolophus ferrumequinum,0.021,0.021,-1,Echolocation,/mnt/ubna_data_02_mir/recover-20221013/UBNA_001/20221012_030000.WAV,Telephone Field,recover-20221013,001,1795
1752.6425,1752.6809,68437,82082,Rhinolophus ferrumequinum,0.02,0.02,-1,Echolocation,/mnt/ubna_data_02_mir/recover-20221013/UBNA_001/20221012_030000.WAV,Telephone Field,recover-20221013,001,1795
1752.6705,1752.71,68437,81930,Rhinolophus ferrumequinum,0.021,0.021,-1,Echolocation,/mnt/ubna_data_02_mir/recover-20221013/UBNA_001/20221012_030000.WAV,Telephone Field,recover-20221013,001,1795
1752.6735,1752.6805,24609,33536,Plecotus austriacus,0.008,0.023,-1,Echolocation,/mnt/ubna_data_02_mir/recover-20221013/UBNA_001/20221012_030000.WAV,Telephone Field,recover-20221013,001,1795
1752.6895,1752.7011,23750,29352,Nyctalus leisleri,0.009,0.021,-1,Echolocation,/mnt/ubna_data_02_mir/recover-20221013/UBNA_001/20221012_030000.WAV,Telephone Field,recover-20221013,001,1795
1752.7025,1752.713,24609,31350,Nyctalus leisleri,0.008,0.022,-1,Echolocation,/mnt/ubna_data_02_mir/recover-20221013/UBNA_001/20221012_030000.WAV,Telephone Field,recover-20221013,001,1795
1752.7135,1752.7222,28046,37647,Eptesicus serotinus,0.008,0.022,-1,Echolocation,/mnt/ubna_data_02_mir/recover-20221013/UBNA_001/20221012_030000.WAV,Telephone Field,recover-20221013,001,1795
1752.7375,1752.7789,68437,82972,Rhinolophus ferrumequinum,0.026,0.026,-1,Echolocation,/mnt/ubna_data_02_mir/recover-20221013/UBNA_001/20221012_030000.WAV,Telephone Field,recover-20221013,001,1795
1752.7765,1752.7865,23750,30988,Nyctalus leisleri,0.007,0.022,-1,Echolocation,/mnt/ubna_data_02_mir/recover-20221013/UBNA_001/20221012_030000.WAV,Telephone Field,recover-20221013,001,1795
1752.7815,1752.7908,26328,37254,Eptesicus serotinus,0.008,0.021,-1,Echolocation,/mnt/ubna_data_02_mir/recover-20221013/UBNA_001/20221012_030000.WAV,Telephone Field,recover-20221013,001,1795
1752.7835,1752.8223,68437,82100,Rhinolophus ferrumequinum,0.024,0.024,-1,Echolocation,/mnt/ubna_data_02_mir/recover-20221013/UBNA_001/20221012_030000.WAV,Telephone Field,recover-20221013,001,1795
1752.8435,1752.8508,27187,39306,Eptesicus serotinus,0.007,0.024,-1,Echolocation,/mnt/ubna_data_02_mir/recover-20221013/UBNA_001/20221012_030000.WAV,Telephone Field,recover-20221013,001,1795
1752.9125,1752.9508,68437,81514,Rhinolophus ferrumequinum,0.022,0.022,-1,Echolocation,/mnt/ubna_data_02_mir/recover-20221013/UBNA_001/20221012_030000.WAV,Telephone Field,recover-20221013,001,1795
1752.9265,1752.9656,68437,81897,Rhinolophus ferrumequinum,0.022,0.022,-1,Echolocation,/mnt/ubna_data_02_mir/recover-20221013/UBNA_001/20221012_030000.WAV,Telephone Field,recover-20221013,001,1795
1753.0205,1753.0583,68437,82393,Rhinolophus ferrumequinum,0.023,0.023,-1,Echolocation,/mnt/ubna_data_02_mir/recover-20221013/UBNA_001/20221012_030000.WAV,Telephone Field,recover-20221013,001,1795
1753.0335,1753.0642,68437,79057,Rhinolophus ferrumequinum,0.026,0.027,-1,Echolocation,/mnt/ubna_data_02_mir/recover-20221013/UBNA_001/20221012_030000.WAV,Telephone Field,recover-20221013,001,1795
1753.0425,1753.0505,43515,53660,Pipistrellus pipistrellus,0.013,0.022,-1,Echolocation,/mnt/ubna_data_02_mir/recover-20221013/UBNA_001/20221012_030000.WAV,Telephone Field,recover-20221013,001,1795
1753.0715,1753.1116,68437,82526,Rhinolophus ferrumequinum,0.023,0.023,-1,Echolocation,/mnt/ubna_data_02_mir/recover-20221013/UBNA_001/20221012_030000.WAV,Telephone Field,recover-20221013,001,1795
1753.1235,1753.1288,26328,38854,Plecotus austriacus,0.019,0.05,-1,Echolocation,/mnt/ubna_data_02_mir/recover-20221013/UBNA_001/20221012_030000.WAV,Telephone Field,recover-20221013,001,1795
1753.1775,1753.1844,23750,35893,Plecotus austriacus,0.01,0.024,-1,Echolocation,/mnt/ubna_data_02_mir/recover-20221013/UBNA_001/20221012_030000.WAV,Telephone Field,recover-20221013,001,1795
1753.1775,1753.1845,28906,41975,Eptesicus serotinus,0.006,0.024,-1,Echolocation,/mnt/ubna_data_02_mir/recover-20221013/UBNA_001/20221012_030000.WAV,Telephone Field,recover-20221013,001,1795
1753.1815,1753.2223,68437,82694,Rhinolophus ferrumequinum,0.024,0.024,-1,Echolocation,/mnt/ubna_data_02_mir/recover-20221013/UBNA_001/20221012_030000.WAV,Telephone Field,recover-20221013,001,1795
1753.2075,1753.2185,35781,41008,Pipistrellus nathusii,0.015,0.054,-1,Echolocation,/mnt/ubna_data_02_mir/recover-20221013/UBNA_001/20221012_030000.WAV,Telephone Field,recover-20221013,001,1795
1753.2575,1753.2993,68437,82594,Rhinolophus ferrumequinum,0.02,0.02,-1,Echolocation,/mnt/ubna_data_02_mir/recover-20221013/UBNA_001/20221012_030000.WAV,Telephone Field,recover-20221013,001,1795
1753.2595,1753.2709,23750,29664,Nyctalus leisleri,0.012,0.027,-1,Echolocation,/mnt/ubna_data_02_mir/recover-20221013/UBNA_001/20221012_030000.WAV,Telephone Field,recover-20221013,001,1795
1753.2945,1753.3274,68437,80804,Rhinolophus ferrumequinum,0.021,0.021,-1,Echolocation,/mnt/ubna_data_02_mir/recover-20221013/UBNA_001/20221012_030000.WAV,Telephone Field,recover-20221013,001,1795
1753.2975,1753.3058,27187,39396,Eptesicus serotinus,0.007,0.021,-1,Echolocation,/mnt/ubna_data_02_mir/recover-20221013/UBNA_001/20221012_030000.WAV,Telephone Field,recover-20221013,001,1795
1753.3185,1753.3588,68437,82052,Rhinolophus ferrumequinum,0.022,0.022,-1,Echolocation,/mnt/ubna_data_02_mir/recover-20221013/UBNA_001/20221012_030000.WAV,Telephone Field,recover-20221013,001,1795
1753.3285,1753.37,68437,82359,Rhinolophus ferrumequinum,0.022,0.022,-1,Echolocation,/mnt/ubna_data_02_mir/recover-20221013/UBNA_001/20221012_030000.WAV,Telephone Field,recover-20221013,001,1795
1753.3505,1753.3592,28906,39058,Eptesicus serotinus,0.007,0.022,-1,Echolocation,/mnt/ubna_data_02_mir/recover-20221013/UBNA_001/20221012_030000.WAV,Telephone Field,recover-20221013,001,1795
1753.3535,1753.3629,22890,28739,Nyctalus leisleri,0.007,0.02,-1,Echolocation,/mnt/ubna_data_02_mir/recover-20221013/UBNA_001/20221012_030000.WAV,Telephone Field,recover-20221013,001,1795
1753.3645,1753.4041,68437,82712,Rhinolophus ferrumequinum,0.022,0.022,-1,Echolocation,/mnt/ubna_data_02_mir/recover-20221013/UBNA_001/20221012_030000.WAV,Telephone Field,recover-20221013,001,1795
1753.3695,1753.3803,27187,34438,Eptesicus serotinus,0.012,0.025,-1,Echolocation,/mnt/ubna_data_02_mir/recover-20221013/UBNA_001/20221012_030000.WAV,Telephone Field,recover-20221013,001,1795
1753.3845,1753.4227,68437,82302,Rhinolophus ferrumequinum,0.022,0.022,-1,Echolocation,/mnt/ubna_data_02_mir/recover-20221013/UBNA_001/20221012_030000.WAV,Telephone Field,recover-20221013,001,1795
1753.3855,1753.3958,22031,26345,Nyctalus leisleri,0.011,0.022,-1,Echolocation,/mnt/ubna_data_02_mir/recover-20221013/UBNA_001/20221012_030000.WAV,Telephone Field,recover-20221013,001,1795
1753.3955,1753.4348,68437,82244,Rhinolophus ferrumequinum,0.021,0.021,-1,Echolocation,/mnt/ubna_data_02_mir/recover-20221013/UBNA_001/20221012_030000.WAV,Telephone Field,recover-20221013,001,1795
1753.3985,1753.4156,21171,24342,Nyctalus leisleri,0.014,0.023,-1,Echolocation,/mnt/ubna_data_02_mir/recover-20221013/UBNA_001/20221012_030000.WAV,Telephone Field,recover-20221013,001,1795
1753.4155,1753.4549,68437,82707,Rhinolophus ferrumequinum,0.026,0.026,-1,Echolocation,/mnt/ubna_data_02_mir/recover-20221013/UBNA_001/20221012_030000.WAV,Telephone Field,recover-20221013,001,1795
1753.4435,1753.4851,68437,82535,Rhinolophus ferrumequinum,0.024,0.024,-1,Echolocation,/mnt/ubna_data_02_mir/recover-20221013/UBNA_001/20221012_030000.WAV,Telephone Field,recover-20221013,001,1795
1753.4515,1753.4943,68437,83250,Rhinolophus ferrumequinum,0.027,0.027,-1,Echolocation,/mnt/ubna_data_02_mir/recover-20221013/UBNA_001/20221012_030000.WAV,Telephone Field,recover-20221013,001,1795
1753.4665,1753.4748,27187,38524,Eptesicus serotinus,0.007,0.02,-1,Echolocation,/mnt/ubna_data_02_mir/recover-20221013/UBNA_001/20221012_030000.WAV,Telephone Field,recover-20221013,001,1795
1753.4705,1753.4807,22031,26930,Nyctalus leisleri,0.009,0.02,-1,Echolocation,/mnt/ubna_data_02_mir/recover-20221013/UBNA_001/20221012_030000.WAV,Telephone Field,recover-20221013,001,1795
1753.4735,1753.5112,68437,82692,Rhinolophus ferrumequinum,0.022,0.022,-1,Echolocation,/mnt/ubna_data_02_mir/recover-20221013/UBNA_001/20221012_030000.WAV,Telephone Field,recover-20221013,001,1795
1753.5005,1753.5409,68437,82430,Rhinolophus ferrumequinum,0.023,0.023,-1,Echolocation,/mnt/ubna_data_02_mir/recover-20221013/UBNA_001/20221012_030000.WAV,Telephone Field,recover-20221013,001,1795
1753.5305,1753.5709,68437,82350,Rhinolophus ferrumequinum,0.023,0.023,-1,Echolocation,/mnt/ubna_data_02_mir/recover-20221013/UBNA_001/20221012_030000.WAV,Telephone Field,recover-20221013,001,1795
1753.5505,1753.5915,68437,82953,Rhinolophus ferrumequinum,0.022,0.022,-1,Echolocation,/mnt/ubna_data_02_mir/recover-20221013/UBNA_001/20221012_030000.WAV,Telephone Field,recover-20221013,001,1795
1753.6275,1753.6664,68437,81903,Rhinolophus ferrumequinum,0.023,0.023,-1,Echolocation,/mnt/ubna_data_02_mir/recover-20221013/UBNA_001/20221012_030000.WAV,Telephone Field,recover-20221013,001,1795
1753.6625,1753.6717,27187,36955,Eptesicus serotinus,0.009,0.021,-1,Echolocation,/mnt/ubna_data_02_mir/recover-20221013/UBNA_001/20221012_030000.WAV,Telephone Field,recover-20221013,001,1795
1753.6905,1753.729,68437,82198,Rhinolophus ferrumequinum,0.02,0.02,-1,Echolocation,/mnt/ubna_data_02_mir/recover-20221013/UBNA_001/20221012_030000.WAV,Telephone Field,recover-20221013,001,1795
1753.7125,1753.7543,68437,82152,Rhinolophus ferrumequinum,0.023,0.023,-1,Echolocation,/mnt/ubna_data_02_mir/recover-20221013/UBNA_001/20221012_030000.WAV,Telephone Field,recover-20221013,001,1795
1753.7195,1753.7606,68437,82728,Rhinolophus ferrumequinum,0.024,0.024,-1,Echolocation,/mnt/ubna_data_02_mir/recover-20221013/UBNA_001/20221012_030000.WAV,Telephone Field,recover-20221013,001,1795
1753.7205,1753.7284,23750,31192,Plecotus austriacus,0.008,0.02,-1,Echolocation,/mnt/ubna_data_02_mir/recover-20221013/UBNA_001/20221012_030000.WAV,Telephone Field,recover-20221013,001,1795
1753.7495,1753.7894000000001,68437,82550,Rhinolophus ferrumequinum,0.023,0.023,-1,Echolocation,/mnt/ubna_data_02_mir/recover-20221013/UBNA_001/20221012_030000.WAV,Telephone Field,recover-20221013,001,1795
1753.7855,1753.8238,68437,81868,Rhinolophus ferrumequinum,0.02,0.021,-1,Echolocation,/mnt/ubna_data_02_mir/recover-20221013/UBNA_001/20221012_030000.WAV,Telephone Field,recover-20221013,001,1795
1753.8325,1753.8739,68437,82272,Rhinolophus ferrumequinum,0.021,0.021,-1,Echolocation,/mnt/ubna_data_02_mir/recover-20221013/UBNA_001/20221012_030000.WAV,Telephone Field,recover-20221013,001,1795
1753.8545,1753.8946,68437,82081,Rhinolophus ferrumequinum,0.022,0.022,-1,Echolocation,/mnt/ubna_data_02_mir/recover-20221013/UBNA_001/20221012_030000.WAV,Telephone Field,recover-20221013,001,1795
1753.8645,1753.9051,68437,82952,Rhinolophus ferrumequinum,0.026,0.026,-1,Echolocation,/mnt/ubna_data_02_mir/recover-20221013/UBNA_001/20221012_030000.WAV,Telephone Field,recover-20221013,001,1795
1753.8945,1753.9031,28046,39132,Eptesicus serotinus,0.009,0.024,-1,Echolocation,/mnt/ubna_data_02_mir/recover-20221013/UBNA_001/20221012_030000.WAV,Telephone Field,recover-20221013,001,1795
1753.9215,1753.9329,22031,27237,Nyctalus leisleri,0.012,0.025,-1,Echolocation,/mnt/ubna_data_02_mir/recover-20221013/UBNA_001/20221012_030000.WAV,Telephone Field,recover-20221013,001,1795
1753.9255,1753.9342,28906,38460,Eptesicus serotinus,0.008,0.022,-1,Echolocation,/mnt/ubna_data_02_mir/recover-20221013/UBNA_001/20221012_030000.WAV,Telephone Field,recover-20221013,001,1795
1754.0015,1754.0338,68437,80177,Rhinolophus ferrumequinum,0.03,0.03,-1,Echolocation,/mnt/ubna_data_02_mir/recover-20221013/UBNA_001/20221012_030000.WAV,Telephone Field,recover-20221013,001,1795
1754.0015,1754.0093,26328,37123,Nyctalus leisleri,0.007,0.028,-1,Echolocation,/mnt/ubna_data_02_mir/recover-20221013/UBNA_001/20221012_030000.WAV,Telephone Field,recover-20221013,001,1795
1754.0085,1754.0494,68437,82064,Rhinolophus ferrumequinum,0.022,0.022,-1,Echolocation,/mnt/ubna_data_02_mir/recover-20221013/UBNA_001/20221012_030000.WAV,Telephone Field,recover-20221013,001,1795
1754.0445,1754.056,22890,27792,Nyctalus leisleri,0.012,0.023,-1,Echolocation,/mnt/ubna_data_02_mir/recover-20221013/UBNA_001/20221012_030000.WAV,Telephone Field,recover-20221013,001,1795
1754.0895,1754.0967,26328,37487,Eptesicus serotinus,0.006,0.023,-1,Echolocation,/mnt/ubna_data_02_mir/recover-20221013/UBNA_001/20221012_030000.WAV,Telephone Field,recover-20221013,001,1795
1754.1165,1754.1524,68437,81465,Rhinolophus ferrumequinum,0.024,0.024,-1,Echolocation,/mnt/ubna_data_02_mir/recover-20221013/UBNA_001/20221012_030000.WAV,Telephone Field,recover-20221013,001,1795
1754.1195,1754.1273,26328,35417,Eptesicus serotinus,0.007,0.021,-1,Echolocation,/mnt/ubna_data_02_mir/recover-20221013/UBNA_001/20221012_030000.WAV,Telephone Field,recover-20221013,001,1795
1754.1505,1754.1594,28046,36910,Eptesicus serotinus,0.01,0.027,-1,Echolocation,/mnt/ubna_data_02_mir/recover-20221013/UBNA_001/20221012_030000.WAV,Telephone Field,recover-20221013,001,1795
1754.1905,1754.2011,22890,28391,Nyctalus leisleri,0.009,0.021,-1,Echolocation,/mnt/ubna_data_02_mir/recover-20221013/UBNA_001/20221012_030000.WAV,Telephone Field,recover-20221013,001,1795
1754.2035,1754.2428,68437,82368,Rhinolophus ferrumequinum,0.022,0.022,-1,Echolocation,/mnt/ubna_data_02_mir/recover-20221013/UBNA_001/20221012_030000.WAV,Telephone Field,recover-20221013,001,1795
1754.2575,1754.2709,53828,58341,Pipistrellus pygmaeus,0.019,0.023,-1,Echolocation,/mnt/ubna_data_02_mir/recover-20221013/UBNA_001/20221012_030000.WAV,Telephone Field,recover-20221013,001,1795
1754.3165,1754.3555,68437,82343,Rhinolophus ferrumequinum,0.023,0.023,-1,Echolocation,/mnt/ubna_data_02_mir/recover-20221013/UBNA_001/20221012_030000.WAV,Telephone Field,recover-20221013,001,1795
1754.3475,1754.3599,26328,32296,Eptesicus serotinus,0.01,0.021,-1,Echolocation,/mnt/ubna_data_02_mir/recover-20221013/UBNA_001/20221012_030000.WAV,Telephone Field,recover-20221013,001,1795
1754.3655,1754.4004,68437,81707,Rhinolophus ferrumequinum,0.02,0.02,-1,Echolocation,/mnt/ubna_data_02_mir/recover-20221013/UBNA_001/20221012_030000.WAV,Telephone Field,recover-20221013,001,1795
1754.3665,1754.3732,32343,46095,Myotis daubentonii,0.01,0.021,-1,Echolocation,/mnt/ubna_data_02_mir/recover-20221013/UBNA_001/20221012_030000.WAV,Telephone Field,recover-20221013,001,1795
1754.3675,1754.3743,27187,44887,Eptesicus serotinus,0.007,0.024,-1,Echolocation,/mnt/ubna_data_02_mir/recover-20221013/UBNA_001/20221012_030000.WAV,Telephone Field,recover-20221013,001,1795
1754.3925,1754.4342,68437,83285,Rhinolophus ferrumequinum,0.024,0.024,-1,Echolocation,/mnt/ubna_data_02_mir/recover-20221013/UBNA_001/20221012_030000.WAV,Telephone Field,recover-20221013,001,1795
1754.4525,1754.4602,25468,33900,Eptesicus serotinus,0.006,0.021,-1,Echolocation,/mnt/ubna_data_02_mir/recover-20221013/UBNA_001/20221012_030000.WAV,Telephone Field,recover-20221013,001,1795
1754.5155,1754.5548,68437,82078,Rhinolophus ferrumequinum,0.022,0.022,-1,Echolocation,/mnt/ubna_data_02_mir/recover-20221013/UBNA_001/20221012_030000.WAV,Telephone Field,recover-20221013,001,1795
1754.5515,1754.5607,28046,38886,Eptesicus serotinus,0.009,0.023,-1,Echolocation,/mnt/ubna_data_02_mir/recover-20221013/UBNA_001/20221012_030000.WAV,Telephone Field,recover-20221013,001,1795
1754.5945,1754.6097,21171,25002,Nyctalus leisleri,0.019,0.038,-1,Echolocation,/mnt/ubna_data_02_mir/recover-20221013/UBNA_001/20221012_030000.WAV,Telephone Field,recover-20221013,001,1795
1754.6165,1754.6536,68437,82056,Rhinolophus ferrumequinum,0.022,0.022,-1,Echolocation,/mnt/ubna_data_02_mir/recover-20221013/UBNA_001/20221012_030000.WAV,Telephone Field,recover-20221013,001,1795
1754.6475,1754.6851,68437,81743,Rhinolophus ferrumequinum,0.021,0.021,-1,Echolocation,/mnt/ubna_data_02_mir/recover-20221013/UBNA_001/20221012_030000.WAV,Telephone Field,recover-20221013,001,1795
1754.6525,1754.6917,68437,82133,Rhinolophus ferrumequinum,0.022,0.022,-1,Echolocation,/mnt/ubna_data_02_mir/recover-20221013/UBNA_001/20221012_030000.WAV,Telephone Field,recover-20221013,001,1795
1754.6695,1754.6798,22890,28904,Nyctalus leisleri,0.01,0.026,-1,Echolocation,/mnt/ubna_data_02_mir/recover-20221013/UBNA_001/20221012_030000.WAV,Telephone Field,recover-20221013,001,1795
1754.7085,1754.7184,27187,35899,Eptesicus serotinus,0.012,0.028,-1,Echolocation,/mnt/ubna_data_02_mir/recover-20221013/UBNA_001/20221012_030000.WAV,Telephone Field,recover-20221013,001,1795
1754.7185,1754.7574,68437,82145,Rhinolophus ferrumequinum,0.021,0.022,-1,Echolocation,/mnt/ubna_data_02_mir/recover-20221013/UBNA_001/20221012_030000.WAV,Telephone Field,recover-20221013,001,1795
1754.7405,1754.7493,23750,30795,Nyctalus leisleri,0.006,0.02,-1,Echolocation,/mnt/ubna_data_02_mir/recover-20221013/UBNA_001/20221012_030000.WAV,Telephone Field,recover-20221013,001,1795
1754.8125,1754.823,22031,26861,Nyctalus leisleri,0.01,0.023,-1,Echolocation,/mnt/ubna_data_02_mir/recover-20221013/UBNA_001/20221012_030000.WAV,Telephone Field,recover-20221013,001,1795
1754.8345,1754.872,68437,81839,Rhinolophus ferrumequinum,0.021,0.021,-1,Echolocation,/mnt/ubna_data_02_mir/recover-20221013/UBNA_001/20221012_030000.WAV,Telephone Field,recover-20221013,001,1795
1754.8555,1754.8639,23750,32791,Plecotus austriacus,0.011,0.031,-1,Echolocation,/mnt/ubna_data_02_mir/recover-20221013/UBNA_001/20221012_030000.WAV,Telephone Field,recover-20221013,001,1795
1754.8735,1754.8813,28046,37949,Eptesicus serotinus,0.007,0.021,-1,Echolocation,/mnt/ubna_data_02_mir/recover-20221013/UBNA_001/20221012_030000.WAV,Telephone Field,recover-20221013,001,1795
1754.9265,1754.9653,68437,82002,Rhinolophus ferrumequinum,0.021,0.021,-1,Echolocation,/mnt/ubna_data_02_mir/recover-20221013/UBNA_001/20221012_030000.WAV,Telephone Field,recover-20221013,001,1795
1754.9265,1754.9388,22031,26613,Nyctalus leisleri,0.011,0.022,-1,Echolocation,/mnt/ubna_data_02_mir/recover-20221013/UBNA_001/20221012_030000.WAV,Telephone Field,recover-20221013,001,1795
1754.9415,1754.9798,68437,81919,Rhinolophus ferrumequinum,0.02,0.02,-1,Echolocation,/mnt/ubna_data_02_mir/recover-20221013/UBNA_001/20221012_030000.WAV,Telephone Field,recover-20221013,001,1795
1754.9695,1754.9773,27187,40247,Eptesicus serotinus,0.008,0.028,-1,Echolocation,/mnt/ubna_data_02_mir/recover-20221013/UBNA_001/20221012_030000.WAV,Telephone Field,recover-20221013,001,1795
1754.9765,1755.0155,68437,82462,Rhinolophus ferrumequinum,0.023,0.023,-1,Echolocation,/mnt/ubna_data_02_mir/recover-20221013/UBNA_001/20221012_030000.WAV,Telephone Field,recover-20221013,001,1795
1754.9825,1754.9897,26328,38509,Eptesicus serotinus,0.006,0.02,-1,Echolocation,/mnt/ubna_data_02_mir/recover-20221013/UBNA_001/20221012_030000.WAV,Telephone Field,recover-20221013,001,1795
1754.9825,1755.0244,68437,82769,Rhinolophus ferrumequinum,0.023,0.023,-1,Echolocation,/mnt/ubna_data_02_mir/recover-20221013/UBNA_001/20221012_030000.WAV,Telephone Field,recover-20221013,001,1795
1755.0285,1755.0697,68437,82601,Rhinolophus ferrumequinum,0.021,0.021,-1,Echolocation,/mnt/ubna_data_02_mir/recover-20221013/UBNA_001/20221012_030000.WAV,Telephone Field,recover-20221013,001,1795
1755.1245,1755.1316,28046,39272,Eptesicus serotinus,0.007,0.026,-1,Echolocation,/mnt/ubna_data_02_mir/recover-20221013/UBNA_001/20221012_030000.WAV,Telephone Field,recover-20221013,001,1795
1755.1305,1755.1698,68437,82416,Rhinolophus ferrumequinum,0.021,0.021,-1,Echolocation,/mnt/ubna_data_02_mir/recover-20221013/UBNA_001/20221012_030000.WAV,Telephone Field,recover-20221013,001,1795
1755.1335,1755.1436,22890,28716,Nyctalus leisleri,0.009,0.02,-1,Echolocation,/mnt/ubna_data_02_mir/recover-20221013/UBNA_001/20221012_030000.WAV,Telephone Field,recover-20221013,001,1795
1755.2195,1755.2299,28906,35674,Eptesicus serotinus,0.008,0.02,-1,Echolocation,/mnt/ubna_data_02_mir/recover-20221013/UBNA_001/20221012_030000.WAV,Telephone Field,recover-20221013,001,1795
1755.2255,1755.2657,68437,82822,Rhinolophus ferrumequinum,0.023,0.023,-1,Echolocation,/mnt/ubna_data_02_mir/recover-20221013/UBNA_001/20221012_030000.WAV,Telephone Field,recover-20221013,001,1795
1755.2445,1755.2628,20312,24666,Nyctalus noctula,0.016,0.034,-1,Echolocation,/mnt/ubna_data_02_mir/recover-20221013/UBNA_001/20221012_030000.WAV,Telephone Field,recover-20221013,001,1795
1755.2475,1755.2541,31484,53236,Myotis daubentonii,0.011,0.021,-1,Echolocation,/mnt/ubna_data_02_mir/recover-20221013/UBNA_001/20221012_030000.WAV,Telephone Field,recover-20221013,001,1795
1755.2515,1755.2613,22031,28593,Plecotus austriacus,0.011,0.03,-1,Echolocation,/mnt/ubna_data_02_mir/recover-20221013/UBNA_001/20221012_030000.WAV,Telephone Field,recover-20221013,001,1795
1755.2955,1755.3029,28046,40329,Eptesicus serotinus,0.007,0.023,-1,Echolocation,/mnt/ubna_data_02_mir/recover-20221013/UBNA_001/20221012_030000.WAV,Telephone Field,recover-20221013,001,1795
1755.3065,1755.3402,68437,81412,Rhinolophus ferrumequinum,0.021,0.021,-1,Echolocation,/mnt/ubna_data_02_mir/recover-20221013/UBNA_001/20221012_030000.WAV,Telephone Field,recover-20221013,001,1795
1755.3135,1755.3509,68437,81807,Rhinolophus ferrumequinum,0.02,0.02,-1,Echolocation,/mnt/ubna_data_02_mir/recover-20221013/UBNA_001/20221012_030000.WAV,Telephone Field,recover-20221013,001,1795
1755.3205,1755.3274,27187,43885,Eptesicus serotinus,0.006,0.02,-1,Echolocation,/mnt/ubna_data_02_mir/recover-20221013/UBNA_001/20221012_030000.WAV,Telephone Field,recover-20221013,001,1795
1755.3335,1755.3436,28046,36271,Eptesicus serotinus,0.009,0.022,-1,Echolocation,/mnt/ubna_data_02_mir/recover-20221013/UBNA_001/20221012_030000.WAV,Telephone Field,recover-20221013,001,1795
1755.3385,1755.3772,68437,82360,Rhinolophus ferrumequinum,0.021,0.021,-1,Echolocation,/mnt/ubna_data_02_mir/recover-20221013/UBNA_001/20221012_030000.WAV,Telephone Field,recover-20221013,001,1795
1755.3855,1755.3923,27187,38924,Eptesicus serotinus,0.005,0.021,-1,Echolocation,/mnt/ubna_data_02_mir/recover-20221013/UBNA_001/20221012_030000.WAV,Telephone Field,recover-20221013,001,1795
1755.4035,1755.4109,27187,39066,Eptesicus serotinus,0.006,0.021,-1,Echolocation,/mnt/ubna_data_02_mir/recover-20221013/UBNA_001/20221012_030000.WAV,Telephone Field,recover-20221013,001,1795
1755.4565,1755.4945,68437,82001,Rhinolophus ferrumequinum,0.021,0.021,-1,Echolocation,/mnt/ubna_data_02_mir/recover-20221013/UBNA_001/20221012_030000.WAV,Telephone Field,recover-20221013,001,1795
1755.4835,1755.4927,44375,52233,Pipistrellus pipistrellus,0.017,0.021,-1,Echolocation,/mnt/ubna_data_02_mir/recover-20221013/UBNA_001/20221012_030000.WAV,Telephone Field,recover-20221013,001,1795
1755.5055,1755.5438,68437,81994,Rhinolophus ferrumequinum,0.02,0.02,-1,Echolocation,/mnt/ubna_data_02_mir/recover-20221013/UBNA_001/20221012_030000.WAV,Telephone Field,recover-20221013,001,1795
1755.5075,1755.5211,22031,27467,Nyctalus leisleri,0.018,0.04,-1,Echolocation,/mnt/ubna_data_02_mir/recover-20221013/UBNA_001/20221012_030000.WAV,Telephone Field,recover-20221013,001,1795
1755.5425,1755.5522,22031,27590,Plecotus austriacus,0.008,0.022,-1,Echolocation,/mnt/ubna_data_02_mir/recover-20221013/UBNA_001/20221012_030000.WAV,Telephone Field,recover-20221013,001,1795
1755.5575,1755.5952,68437,81956,Rhinolophus ferrumequinum,0.033,0.033,-1,Echolocation,/mnt/ubna_data_02_mir/recover-20221013/UBNA_001/20221012_030000.WAV,Telephone Field,recover-20221013,001,1795
1755.5675,1755.6081,68437,81982,Rhinolophus ferrumequinum,0.028,0.028,-1,Echolocation,/mnt/ubna_data_02_mir/recover-20221013/UBNA_001/20221012_030000.WAV,Telephone Field,recover-20221013,001,1795
1755.6115,1755.6193,28046,38857,Eptesicus serotinus,0.008,0.024,-1,Echolocation,/mnt/ubna_data_02_mir/recover-20221013/UBNA_001/20221012_030000.WAV,Telephone Field,recover-20221013,001,1795
1755.6155,1755.624,23750,31575,Plecotus austriacus,0.008,0.024,-1,Echolocation,/mnt/ubna_data_02_mir/recover-20221013/UBNA_001/20221012_030000.WAV,Telephone Field,recover-20221013,001,1795
1755.6215,1755.6622,68437,82518,Rhinolophus ferrumequinum,0.021,0.021,-1,Echolocation,/mnt/ubna_data_02_mir/recover-20221013/UBNA_001/20221012_030000.WAV,Telephone Field,recover-20221013,001,1795
1755.6595,1755.6954,68437,81866,Rhinolophus ferrumequinum,0.021,0.021,-1,Echolocation,/mnt/ubna_data_02_mir/recover-20221013/UBNA_001/20221012_030000.WAV,Telephone Field,recover-20221013,001,1795
1755.6675,1755.6776,28046,36187,Eptesicus serotinus,0.01,0.023,-1,Echolocation,/mnt/ubna_data_02_mir/recover-20221013/UBNA_001/20221012_030000.WAV,Telephone Field,recover-20221013,001,1795
1755.6765,1755.686,28046,36741,Eptesicus serotinus,0.008,0.022,-1,Echolocation,/mnt/ubna_data_02_mir/recover-20221013/UBNA_001/20221012_030000.WAV,Telephone Field,recover-20221013,001,1795
1755.6895,1755.7289,68437,82448,Rhinolophus ferrumequinum,0.025,0.025,-1,Echolocation,/mnt/ubna_data_02_mir/recover-20221013/UBNA_001/20221012_030000.WAV,Telephone Field,recover-20221013,001,1795
1755.6915,1755.7019,22031,27885,Nyctalus leisleri,0.011,0.026,-1,Echolocation,/mnt/ubna_data_02_mir/recover-20221013/UBNA_001/20221012_030000.WAV,Telephone Field,recover-20221013,001,1795
1755.7315,1755.769,68437,81908,Rhinolophus ferrumequinum,0.02,0.02,-1,Echolocation,/mnt/ubna_data_02_mir/recover-20221013/UBNA_001/20221012_030000.WAV,Telephone Field,recover-20221013,001,1795
1755.7975,1755.8358,68437,81922,Rhinolophus ferrumequinum,0.021,0.021,-1,Echolocation,/mnt/ubna_data_02_mir/recover-20221013/UBNA_001/20221012_030000.WAV,Telephone Field,recover-20221013,001,1795
1755.7995,1755.8065,28046,40081,Eptesicus serotinus,0.006,0.022,-1,Echolocation,/mnt/ubna_data_02_mir/recover-20221013/UBNA_001/20221012_030000.WAV,Telephone Field,recover-20221013,001,1795
1755.8085,1755.8496,68437,82770,Rhinolophus ferrumequinum,0.022,0.022,-1,Echolocation,/mnt/ubna_data_02_mir/recover-20221013/UBNA_001/20221012_030000.WAV,Telephone Field,recover-20221013,001,1795
1755.8085,1755.8244,21171,24330,Nyctalus leisleri,0.018,0.028,-1,Echolocation,/mnt/ubna_data_02_mir/recover-20221013/UBNA_001/20221012_030000.WAV,Telephone Field,recover-20221013,001,1795
1755.8275,1755.8675,68437,82370,Rhinolophus ferrumequinum,0.02,0.02,-1,Echolocation,/mnt/ubna_data_02_mir/recover-20221013/UBNA_001/20221012_030000.WAV,Telephone Field,recover-20221013,001,1795
1755.8435,1755.854,23750,28984,Nyctalus leisleri,0.011,0.023,-1,Echolocation,/mnt/ubna_data_02_mir/recover-20221013/UBNA_001/20221012_030000.WAV,Telephone Field,recover-20221013,001,1795
1755.9035,1755.9111,27187,38430,Eptesicus serotinus,0.007,0.022,-1,Echolocation,/mnt/ubna_data_02_mir/recover-20221013/UBNA_001/20221012_030000.WAV,Telephone Field,recover-20221013,001,1795
1755.9225,1755.9333,22031,26310,Nyctalus leisleri,0.011,0.021,-1,Echolocation,/mnt/ubna_data_02_mir/recover-20221013/UBNA_001/20221012_030000.WAV,Telephone Field,recover-20221013,001,1795
1755.9475,1755.9833,68437,81646,Rhinolophus ferrumequinum,0.021,0.021,-1,Echolocation,/mnt/ubna_data_02_mir/recover-20221013/UBNA_001/20221012_030000.WAV,Telephone Field,recover-20221013,001,1795
1756.0015,1756.0343,68437,79851,Rhinolophus ferrumequinum,0.03,0.03,-1,Echolocation,/mnt/ubna_data_02_mir/recover-20221013/UBNA_001/20221012_030000.WAV,Telephone Field,recover-20221013,001,1795
1756.0015,1756.0084,25468,35543,Nyctalus leisleri,0.005,0.023,-1,Echolocation,/mnt/ubna_data_02_mir/recover-20221013/UBNA_001/20221012_030000.WAV,Telephone Field,recover-20221013,001,1795
1756.0025,1756.0109,54687,60482,Pipistrellus pygmaeus,0.033,0.034,-1,Echolocation,/mnt/ubna_data_02_mir/recover-20221013/UBNA_001/20221012_030000.WAV,Telephone Field,recover-20221013,001,1795
1756.0085,1756.0536,68437,82805,Rhinolophus ferrumequinum,0.031,0.031,-1,Echolocation,/mnt/ubna_data_02_mir/recover-20221013/UBNA_001/20221012_030000.WAV,Telephone Field,recover-20221013,001,1795
1756.0405,1756.0601,18593,21699,Nyctalus noctula,0.013,0.024,-1,Echolocation,/mnt/ubna_data_02_mir/recover-20221013/UBNA_001/20221012_030000.WAV,Telephone Field,recover-20221013,001,1795
1756.0615,1756.0714,23750,30459,Nyctalus leisleri,0.008,0.024,-1,Echolocation,/mnt/ubna_data_02_mir/recover-20221013/UBNA_001/20221012_030000.WAV,Telephone Field,recover-20221013,001,1795
1756.0825,1756.1231,68437,82718,Rhinolophus ferrumequinum,0.034,0.034,-1,Echolocation,/mnt/ubna_data_02_mir/recover-20221013/UBNA_001/20221012_030000.WAV,Telephone Field,recover-20221013,001,1795
1756.1265,1756.1433,22031,25890,Nyctalus leisleri,0.02,0.034,-1,Echolocation,/mnt/ubna_data_02_mir/recover-20221013/UBNA_001/20221012_030000.WAV,Telephone Field,recover-20221013,001,1795
1756.1485,1756.1882,68437,83115,Rhinolophus ferrumequinum,0.027,0.027,-1,Echolocation,/mnt/ubna_data_02_mir/recover-20221013/UBNA_001/20221012_030000.WAV,Telephone Field,recover-20221013,001,1795
1756.1565,1756.1657,27187,36068,Eptesicus serotinus,0.012,0.027,-1,Echolocation,/mnt/ubna_data_02_mir/recover-20221013/UBNA_001/20221012_030000.WAV,Telephone Field,recover-20221013,001,1795
1756.1805,1756.2196,68437,82587,Rhinolophus ferrumequinum,0.034,0.034,-1,Echolocation,/mnt/ubna_data_02_mir/recover-20221013/UBNA_001/20221012_030000.WAV,Telephone Field,recover-20221013,001,1795
1756.2015,1756.2411,68437,82698,Rhinolophus ferrumequinum,0.028,0.028,-1,Echolocation,/mnt/ubna_data_02_mir/recover-20221013/UBNA_001/20221012_030000.WAV,Telephone Field,recover-20221013,001,1795
1756.2235,1756.2303,27187,42821,Eptesicus serotinus,0.006,0.022,-1,Echolocation,/mnt/ubna_data_02_mir/recover-20221013/UBNA_001/20221012_030000.WAV,Telephone Field,recover-20221013,001,1795
1756.2245,1756.2677,68437,82521,Rhinolophus ferrumequinum,0.032,0.032,-1,Echolocation,/mnt/ubna_data_02_mir/recover-20221013/UBNA_001/20221012_030000.WAV,Telephone Field,recover-20221013,001,1795
1756.2485,1756.2853,68437,82549,Rhinolophus ferrumequinum,0.04,0.04,-1,Echolocation,/mnt/ubna_data_02_mir/recover-20221013/UBNA_001/20221012_030000.WAV,Telephone Field,recover-20221013,001,1795
1756.2725,1756.3123,68437,82204,Rhinolophus ferrumequinum,0.021,0.021,-1,Echolocation,/mnt/ubna_data_02_mir/recover-20221013/UBNA_001/20221012_030000.WAV,Telephone Field,recover-20221013,001,1795
1756.2755,1756.2845,28906,37129,Eptesicus serotinus,0.01,0.025,-1,Echolocation,/mnt/ubna_data_02_mir/recover-20221013/UBNA_001/20221012_030000.WAV,Telephone Field,recover-20221013,001,1795
1756.3185,1756.3522,68437,81413,Rhinolophus ferrumequinum,0.022,0.022,-1,Echolocation,/mnt/ubna_data_02_mir/recover-20221013/UBNA_001/20221012_030000.WAV,Telephone Field,recover-20221013,001,1795
1756.3265,1756.3619,68437,81903,Rhinolophus ferrumequinum,0.022,0.022,-1,Echolocation,/mnt/ubna_data_02_mir/recover-20221013/UBNA_001/20221012_030000.WAV,Telephone Field,recover-20221013,001,1795
1756.3685,1756.378,22031,28931,Plecotus austriacus,0.018,0.059,-1,Echolocation,/mnt/ubna_data_02_mir/recover-20221013/UBNA_001/20221012_030000.WAV,Telephone Field,recover-20221013,001,1795
1756.3935,1756.4308,68437,81707,Rhinolophus ferrumequinum,0.024,0.024,-1,Echolocation,/mnt/ubna_data_02_mir/recover-20221013/UBNA_001/20221012_030000.WAV,Telephone Field,recover-20221013,001,1795
1756.4175,1756.4258,34921,41436,Barbastellus barbastellus,0.071,0.129,-1,Echolocation,/mnt/ubna_data_02_mir/recover-20221013/UBNA_001/20221012_030000.WAV,Telephone Field,recover-20221013,001,1795
1756.4355,1756.4457,22890,29787,Nyctalus leisleri,0.008,0.024,-1,Echolocation,/mnt/ubna_data_02_mir/recover-20221013/UBNA_001/20221012_030000.WAV,Telephone Field,recover-20221013,001,1795
1756.4405,1756.4516,23750,30423,Nyctalus leisleri,0.01,0.024,-1,Echolocation,/mnt/ubna_data_02_mir/recover-20221013/UBNA_001/20221012_030000.WAV,Telephone Field,recover-20221013,001,1795
1756.4485,1756.4561,27187,38672,Eptesicus serotinus,0.006,0.023,-1,Echolocation,/mnt/ubna_data_02_mir/recover-20221013/UBNA_001/20221012_030000.WAV,Telephone Field,recover-20221013,001,1795
1756.4565,1756.4956,68437,82423,Rhinolophus ferrumequinum,0.022,0.022,-1,Echolocation,/mnt/ubna_data_02_mir/recover-20221013/UBNA_001/20221012_030000.WAV,Telephone Field,recover-20221013,001,1795
1756.5505,1756.591,68437,82324,Rhinolophus ferrumequinum,0.026,0.026,-1,Echolocation,/mnt/ubna_data_02_mir/recover-20221013/UBNA_001/20221012_030000.WAV,Telephone Field,recover-20221013,001,1795
1756.5515,1756.5583,27187,39560,Eptesicus serotinus,0.006,0.026,-1,Echolocation,/mnt/ubna_data_02_mir/recover-20221013/UBNA_001/20221012_030000.WAV,Telephone Field,recover-20221013,001,1795
1756.5985,1756.6352,68437,82088,Rhinolophus ferrumequinum,0.024,0.024,-1,Echolocation,/mnt/ubna_data_02_mir/recover-20221013/UBNA_001/20221012_030000.WAV,Telephone Field,recover-20221013,001,1795
1756.6035,1756.6127,25468,36167,Eptesicus serotinus,0.009,0.022,-1,Echolocation,/mnt/ubna_data_02_mir/recover-20221013/UBNA_001/20221012_030000.WAV,Telephone Field,recover-20221013,001,1795
1756.6155,1756.6264,28046,34910,Eptesicus serotinus,0.009,0.025,-1,Echolocation,/mnt/ubna_data_02_mir/recover-20221013/UBNA_001/20221012_030000.WAV,Telephone Field,recover-20221013,001,1795
1756.6495,1756.6623,25468,31259,Eptesicus serotinus,0.011,0.029,-1,Echolocation,/mnt/ubna_data_02_mir/recover-20221013/UBNA_001/20221012_030000.WAV,Telephone Field,recover-20221013,001,1795
1756.6685,1756.7058,68437,82143,Rhinolophus ferrumequinum,0.023,0.023,-1,Echolocation,/mnt/ubna_data_02_mir/recover-20221013/UBNA_001/20221012_030000.WAV,Telephone Field,recover-20221013,001,1795
1756.6915,1756.699,28046,38480,Eptesicus serotinus,0.007,0.022,-1,Echolocation,/mnt/ubna_data_02_mir/recover-20221013/UBNA_001/20221012_030000.WAV,Telephone Field,recover-20221013,001,1795
1756.7275,1756.7641,68437,81765,Rhinolophus ferrumequinum,0.023,0.023,-1,Echolocation,/mnt/ubna_data_02_mir/recover-20221013/UBNA_001/20221012_030000.WAV,Telephone Field,recover-20221013,001,1795
1756.7365,1756.7425,27187,43619,Myotis nattereri,0.006,0.029,-1,Echolocation,/mnt/ubna_data_02_mir/recover-20221013/UBNA_001/20221012_030000.WAV,Telephone Field,recover-20221013,001,1795
1756.7395,1756.7749,68437,82270,Rhinolophus ferrumequinum,0.022,0.022,-1,Echolocation,/mnt/ubna_data_02_mir/recover-20221013/UBNA_001/20221012_030000.WAV,Telephone Field,recover-20221013,001,1795
1756.7655,1756.8015,68437,81501,Rhinolophus ferrumequinum,0.022,0.022,-1,Echolocation,/mnt/ubna_data_02_mir/recover-20221013/UBNA_001/20221012_030000.WAV,Telephone Field,recover-20221013,001,1795
1756.7985,1756.8343,68437,81307,Rhinolophus ferrumequinum,0.025,0.025,-1,Echolocation,/mnt/ubna_data_02_mir/recover-20221013/UBNA_001/20221012_030000.WAV,Telephone Field,recover-20221013,001,1795
1756.8145,1756.8242,22890,28445,Nyctalus leisleri,0.009,0.022,-1,Echolocation,/mnt/ubna_data_02_mir/recover-20221013/UBNA_001/20221012_030000.WAV,Telephone Field,recover-20221013,001,1795
1756.8575,1756.865,28046,38060,Eptesicus serotinus,0.009,0.026,-1,Echolocation,/mnt/ubna_data_02_mir/recover-20221013/UBNA_001/20221012_030000.WAV,Telephone Field,recover-20221013,001,1795
1756.8605,1756.8943,68437,80776,Rhinolophus ferrumequinum,0.023,0.023,-1,Echolocation,/mnt/ubna_data_02_mir/recover-20221013/UBNA_001/20221012_030000.WAV,Telephone Field,recover-20221013,001,1795
1756.8725,1756.889,20312,23715,Nyctalus leisleri,0.013,0.022,-1,Echolocation,/mnt/ubna_data_02_mir/recover-20221013/UBNA_001/20221012_030000.WAV,Telephone Field,recover-20221013,001,1795
1756.8735,1756.9107,68437,81579,Rhinolophus ferrumequinum,0.023,0.023,-1,Echolocation,/mnt/ubna_data_02_mir/recover-20221013/UBNA_001/20221012_030000.WAV,Telephone Field,recover-20221013,001,1795
1756.8825,1756.8921,40078,44247,Barbastellus barbastellus,0.008,0.024,-1,Echolocation,/mnt/ubna_data_02_mir/recover-20221013/UBNA_001/20221012_030000.WAV,Telephone Field,recover-20221013,001,1795
1756.9075,1756.9478,68437,82544,Rhinolophus ferrumequinum,0.024,0.024,-1,Echolocation,/mnt/ubna_data_02_mir/recover-20221013/UBNA_001/20221012_030000.WAV,Telephone Field,recover-20221013,001,1795
1756.9225,1756.9624,68437,82756,Rhinolophus ferrumequinum,0.024,0.024,-1,Echolocation,/mnt/ubna_data_02_mir/recover-20221013/UBNA_001/20221012_030000.WAV,Telephone Field,recover-20221013,001,1795
1756.9755,1757.012,68437,82944,Rhinolophus ferrumequinum,0.026,0.026,-1,Echolocation,/mnt/ubna_data_02_mir/recover-20221013/UBNA_001/20221012_030000.WAV,Telephone Field,recover-20221013,001,1795
1756.9975,1757.0347,68437,81672,Rhinolophus ferrumequinum,0.022,0.022,-1,Echolocation,/mnt/ubna_data_02_mir/recover-20221013/UBNA_001/20221012_030000.WAV,Telephone Field,recover-20221013,001,1795
1757.0155,1757.0537,68437,82056,Rhinolophus ferrumequinum,0.022,0.022,-1,Echolocation,/mnt/ubna_data_02_mir/recover-20221013/UBNA_001/20221012_030000.WAV,Telephone Field,recover-20221013,001,1795
1757.0175,1757.035,21171,24511,Nyctalus leisleri,0.026,0.045,-1,Echolocation,/mnt/ubna_data_02_mir/recover-20221013/UBNA_001/20221012_030000.WAV,Telephone Field,recover-20221013,001,1795
1757.0245,1757.066,68437,82663,Rhinolophus ferrumequinum,0.031,0.031,-1,Echolocation,/mnt/ubna_data_02_mir/recover-20221013/UBNA_001/20221012_030000.WAV,Telephone Field,recover-20221013,001,1795
1757.0575,1757.0975,68437,82331,Rhinolophus ferrumequinum,0.024,0.024,-1,Echolocation,/mnt/ubna_data_02_mir/recover-20221013/UBNA_001/20221012_030000.WAV,Telephone Field,recover-20221013,001,1795
1757.0645,1757.1027,68437,82153,Rhinolophus ferrumequinum,0.022,0.022,-1,Echolocation,/mnt/ubna_data_02_mir/recover-20221013/UBNA_001/20221012_030000.WAV,Telephone Field,recover-20221013,001,1795
1757.0995,1757.1102,43515,46739,Pipistrellus pipistrellus,0.032,0.039,-1,Echolocation,/mnt/ubna_data_02_mir/recover-20221013/UBNA_001/20221012_030000.WAV,Telephone Field,recover-20221013,001,1795
1757.1015,1757.1397,68437,81999,Rhinolophus ferrumequinum,0.023,0.023,-1,Echolocation,/mnt/ubna_data_02_mir/recover-20221013/UBNA_001/20221012_030000.WAV,Telephone Field,recover-20221013,001,1795
1757.1225,1757.1608,68437,81861,Rhinolophus ferrumequinum,0.023,0.024,-1,Echolocation,/mnt/ubna_data_02_mir/recover-20221013/UBNA_001/20221012_030000.WAV,Telephone Field,recover-20221013,001,1795
1757.1315,1757.1698,68437,81811,Rhinolophus ferrumequinum,0.022,0.022,-1,Echolocation,/mnt/ubna_data_02_mir/recover-20221013/UBNA_001/20221012_030000.WAV,Telephone Field,recover-20221013,001,1795
1757.1595,1757.1687,26328,38703,Eptesicus serotinus,0.009,0.024,-1,Echolocation,/mnt/ubna_data_02_mir/recover-20221013/UBNA_001/20221012_030000.WAV,Telephone Field,recover-20221013,001,1795
1757.1845,1757.2227,68437,81850,Rhinolophus ferrumequinum,0.022,0.022,-1,Echolocation,/mnt/ubna_data_02_mir/recover-20221013/UBNA_001/20221012_030000.WAV,Telephone Field,recover-20221013,001,1795
1757.1905,1757.2304,68437,82166,Rhinolophus ferrumequinum,0.022,0.022,-1,Echolocation,/mnt/ubna_data_02_mir/recover-20221013/UBNA_001/20221012_030000.WAV,Telephone Field,recover-20221013,001,1795
1757.2135,1757.2202,26328,38083,Eptesicus serotinus,0.01,0.033,-1,Echolocation,/mnt/ubna_data_02_mir/recover-20221013/UBNA_001/20221012_030000.WAV,Telephone Field,recover-20221013,001,1795
1757.2445,1757.281,68437,81694,Rhinolophus ferrumequinum,0.023,0.023,-1,Echolocation,/mnt/ubna_data_02_mir/recover-20221013/UBNA_001/20221012_030000.WAV,Telephone Field,recover-20221013,001,1795
1757.2595,1757.2703,29765,36382,Eptesicus serotinus,0.022,0.041,-1,Echolocation,/mnt/ubna_data_02_mir/recover-20221013/UBNA_001/20221012_030000.WAV,Telephone Field,recover-20221013,001,1795
1757.2975,1757.3058,28046,40932,Eptesicus serotinus,0.008,0.022,-1,Echolocation,/mnt/ubna_data_02_mir/recover-20221013/UBNA_001/20221012_030000.WAV,Telephone Field,recover-20221013,001,1795
1757.3995,1757.435,68437,81185,Rhinolophus ferrumequinum,0.025,0.025,-1,Echolocation,/mnt/ubna_data_02_mir/recover-20221013/UBNA_001/20221012_030000.WAV,Telephone Field,recover-20221013,001,1795
1757.4165,1757.4259,26328,33474,Eptesicus serotinus,0.01,0.027,-1,Echolocation,/mnt/ubna_data_02_mir/recover-20221013/UBNA_001/20221012_030000.WAV,Telephone Field,recover-20221013,001,1795
1757.4585,1757.4995,68437,83146,Rhinolophus ferrumequinum,0.031,0.031,-1,Echolocation,/mnt/ubna_data_02_mir/recover-20221013/UBNA_001/20221012_030000.WAV,Telephone Field,recover-20221013,001,1795
1757.5255,1757.5655,68437,83248,Rhinolophus ferrumequinum,0.032,0.032,-1,Echolocation,/mnt/ubna_data_02_mir/recover-20221013/UBNA_001/20221012_030000.WAV,Telephone Field,recover-20221013,001,1795
1757.5595,1757.5985,68437,82081,Rhinolophus ferrumequinum,0.028,0.028,-1,Echolocation,/mnt/ubna_data_02_mir/recover-20221013/UBNA_001/20221012_030000.WAV,Telephone Field,recover-20221013,001,1795
1757.5815,1757.5897,28046,40247,Eptesicus serotinus,0.008,0.022,-1,Echolocation,/mnt/ubna_data_02_mir/recover-20221013/UBNA_001/20221012_030000.WAV,Telephone Field,recover-20221013,001,1795
1757.6325,1757.6396,27187,36719,Eptesicus serotinus,0.007,0.024,-1,Echolocation,/mnt/ubna_data_02_mir/recover-20221013/UBNA_001/20221012_030000.WAV,Telephone Field,recover-20221013,001,1795
1757.6495,1757.6894,68437,83037,Rhinolophus ferrumequinum,0.029,0.029,-1,Echolocation,/mnt/ubna_data_02_mir/recover-20221013/UBNA_001/20221012_030000.WAV,Telephone Field,recover-20221013,001,1795
1757.6815,1757.7167,68437,82292,Rhinolophus ferrumequinum,0.022,0.022,-1,Echolocation,/mnt/ubna_data_02_mir/recover-20221013/UBNA_001/20221012_030000.WAV,Telephone Field,recover-20221013,001,1795
1757.7205,1757.7587,68437,81951,Rhinolophus ferrumequinum,0.024,0.024,-1,Echolocation,/mnt/ubna_data_02_mir/recover-20221013/UBNA_001/20221012_030000.WAV,Telephone Field,recover-20221013,001,1795
1757.7215,1757.7291,51250,56321,Pipistrellus pipistrellus,0.02,0.023,-1,Echolocation,/mnt/ubna_data_02_mir/recover-20221013/UBNA_001/20221012_030000.WAV,Telephone Field,recover-20221013,001,1795
1757.7385,1757.7781,68437,82016,Rhinolophus ferrumequinum,0.022,0.022,-1,Echolocation,/mnt/ubna_data_02_mir/recover-20221013/UBNA_001/20221012_030000.WAV,Telephone Field,recover-20221013,001,1795
1757.7405,1757.7503,22031,28009,Nyctalus leisleri,0.008,0.023,-1,Echolocation,/mnt/ubna_data_02_mir/recover-20221013/UBNA_001/20221012_030000.WAV,Telephone Field,recover-20221013,001,1795
1757.7605,1757.7975,68437,81620,Rhinolophus ferrumequinum,0.024,0.024,-1,Echolocation,/mnt/ubna_data_02_mir/recover-20221013/UBNA_001/20221012_030000.WAV,Telephone Field,recover-20221013,001,1795
1757.8025,1757.8119,28046,40400,Eptesicus serotinus,0.01,0.022,-1,Echolocation,/mnt/ubna_data_02_mir/recover-20221013/UBNA_001/20221012_030000.WAV,Telephone Field,recover-20221013,001,1795
1757.8055,1757.8398,68437,81005,Rhinolophus ferrumequinum,0.026,0.026,-1,Echolocation,/mnt/ubna_data_02_mir/recover-20221013/UBNA_001/20221012_030000.WAV,Telephone Field,recover-20221013,001,1795
1757.8435,1757.8819,68437,81671,Rhinolophus ferrumequinum,0.024,0.024,-1,Echolocation,/mnt/ubna_data_02_mir/recover-20221013/UBNA_001/20221012_030000.WAV,Telephone Field,recover-20221013,001,1795
1757.8515,1757.8868,68437,81438,Rhinolophus ferrumequinum,0.022,0.022,-1,Echolocation,/mnt/ubna_data_02_mir/recover-20221013/UBNA_001/20221012_030000.WAV,Telephone Field,recover-20221013,001,1795
1757.8735,1757.8799,27187,36781,Eptesicus serotinus,0.005,0.022,-1,Echolocation,/mnt/ubna_data_02_mir/recover-20221013/UBNA_001/20221012_030000.WAV,Telephone Field,recover-20221013,001,1795
1757.8755,1757.8861,21171,25457,Nyctalus leisleri,0.012,0.022,-1,Echolocation,/mnt/ubna_data_02_mir/recover-20221013/UBNA_001/20221012_030000.WAV,Telephone Field,recover-20221013,001,1795
1757.8805,1757.9152,68437,80962,Rhinolophus ferrumequinum,0.022,0.022,-1,Echolocation,/mnt/ubna_data_02_mir/recover-20221013/UBNA_001/20221012_030000.WAV,Telephone Field,recover-20221013,001,1795
1757.8915,1757.9013,40078,45642,Pipistrellus nathusii,0.012,0.024,-1,Echolocation,/mnt/ubna_data_02_mir/recover-20221013/UBNA_001/20221012_030000.WAV,Telephone Field,recover-20221013,001,1795
1757.9285,1757.9709,68437,83201,Rhinolophus ferrumequinum,0.031,0.031,-1,Echolocation,/mnt/ubna_data_02_mir/recover-20221013/UBNA_001/20221012_030000.WAV,Telephone Field,recover-20221013,001,1795
1757.9545,1757.9892,68437,80998,Rhinolophus ferrumequinum,0.023,0.023,-1,Echolocation,/mnt/ubna_data_02_mir/recover-20221013/UBNA_001/20221012_030000.WAV,Telephone Field,recover-20221013,001,1795
1757.9795,1757.9904,22031,27923,Nyctalus leisleri,0.011,0.027,-1,Echolocation,/mnt/ubna_data_02_mir/recover-20221013/UBNA_001/20221012_030000.WAV,Telephone Field,recover-20221013,001,1795
1758.0015,1758.0328,68437,79584,Rhinolophus ferrumequinum,0.022,0.022,-1,Echolocation,/mnt/ubna_data_02_mir/recover-20221013/UBNA_001/20221012_030000.WAV,Telephone Field,recover-20221013,001,1795
1758.0015,1758.0113,47812,54854,Pipistrellus pipistrellus,0.018,0.025,-1,Echolocation,/mnt/ubna_data_02_mir/recover-20221013/UBNA_001/20221012_030000.WAV,Telephone Field,recover-20221013,001,1795
1758.0015,1758.0092,25468,34210,Nyctalus leisleri,0.008,0.024,-1,Echolocation,/mnt/ubna_data_02_mir/recover-20221013/UBNA_001/20221012_030000.WAV,Telephone Field,recover-20221013,001,1795
1758.0145,1758.0262,28046,37891,Eptesicus serotinus,0.02,0.036,-1,Echolocation,/mnt/ubna_data_02_mir/recover-20221013/UBNA_001/20221012_030000.WAV,Telephone Field,recover-20221013,001,1795
1758.0555,1758.0966,68437,82457,Rhinolophus ferrumequinum,0.024,0.024,-1,Echolocation,/mnt/ubna_data_02_mir/recover-20221013/UBNA_001/20221012_030000.WAV,Telephone Field,recover-20221013,001,1795
1758.0575,1758.0645,26328,40583,Eptesicus serotinus,0.005,0.022,-1,Echolocation,/mnt/ubna_data_02_mir/recover-20221013/UBNA_001/20221012_030000.WAV,Telephone Field,recover-20221013,001,1795
1758.1245,1758.1645,68437,81792,Rhinolophus ferrumequinum,0.026,0.026,-1,Echolocation,/mnt/ubna_data_02_mir/recover-20221013/UBNA_001/20221012_030000.WAV,Telephone Field,recover-20221013,001,1795
1758.1525,1758.1921,68437,82879,Rhinolophus ferrumequinum,0.022,0.022,-1,Echolocation,/mnt/ubna_data_02_mir/recover-20221013/UBNA_001/20221012_030000.WAV,Telephone Field,recover-20221013,001,1795
1758.2365,1758.2433,34921,44173,Myotis daubentonii,0.008,0.022,-1,Echolocation,/mnt/ubna_data_02_mir/recover-20221013/UBNA_001/20221012_030000.WAV,Telephone Field,recover-20221013,001,1795
1758.2585,1758.2967,68437,82014,Rhinolophus ferrumequinum,0.028,0.028,-1,Echolocation,/mnt/ubna_data_02_mir/recover-20221013/UBNA_001/20221012_030000.WAV,Telephone Field,recover-20221013,001,1795
1758.2815,1758.2887,28046,40373,Eptesicus serotinus,0.007,0.024,-1,Echolocation,/mnt/ubna_data_02_mir/recover-20221013/UBNA_001/20221012_030000.WAV,Telephone Field,recover-20221013,001,1795
1758.2905,1758.3297,68437,82781,Rhinolophus ferrumequinum,0.029,0.029,-1,Echolocation,/mnt/ubna_data_02_mir/recover-20221013/UBNA_001/20221012_030000.WAV,Telephone Field,recover-20221013,001,1795
1758.3045,1758.3441,68437,82119,Rhinolophus ferrumequinum,0.022,0.022,-1,Echolocation,/mnt/ubna_data_02_mir/recover-20221013/UBNA_001/20221012_030000.WAV,Telephone Field,recover-20221013,001,1795
1758.3095,1758.3186,28046,41007,Eptesicus serotinus,0.011,0.025,-1,Echolocation,/mnt/ubna_data_02_mir/recover-20221013/UBNA_001/20221012_030000.WAV,Telephone Field,recover-20221013,001,1795
1758.3105,1758.3485,68437,82450,Rhinolophus ferrumequinum,0.022,0.022,-1,Echolocation,/mnt/ubna_data_02_mir/recover-20221013/UBNA_001/20221012_030000.WAV,Telephone Field,recover-20221013,001,1795
1758.3505,1758.3596,28046,37036,Eptesicus serotinus,0.01,0.023,-1,Echolocation,/mnt/ubna_data_02_mir/recover-20221013/UBNA_001/20221012_030000.WAV,Telephone Field,recover-20221013,001,1795
1758.3625,1758.3712,26328,34703,Eptesicus serotinus,0.01,0.024,-1,Echolocation,/mnt/ubna_data_02_mir/recover-20221013/UBNA_001/20221012_030000.WAV,Telephone Field,recover-20221013,001,1795
1758.3635,1758.4036,68437,82634,Rhinolophus ferrumequinum,0.024,0.024,-1,Echolocation,/mnt/ubna_data_02_mir/recover-20221013/UBNA_001/20221012_030000.WAV,Telephone Field,recover-20221013,001,1795
1758.4055,1758.4497,68437,83310,Rhinolophus ferrumequinum,0.028,0.028,-1,Echolocation,/mnt/ubna_data_02_mir/recover-20221013/UBNA_001/20221012_030000.WAV,Telephone Field,recover-20221013,001,1795
1758.4295,1758.4741,68437,83295,Rhinolophus ferrumequinum,0.033,0.033,-1,Echolocation,/mnt/ubna_data_02_mir/recover-20221013/UBNA_001/20221012_030000.WAV,Telephone Field,recover-20221013,001,1795
1758.4495,1758.49,68437,83096,Rhinolophus ferrumequinum,0.048,0.048,-1,Echolocation,/mnt/ubna_data_02_mir/recover-20221013/UBNA_001/20221012_030000.WAV,Telephone Field,recover-20221013,001,1795
1758.4825,1758.5263,68437,83399,Rhinolophus ferrumequinum,0.026,0.026,-1,Echolocation,/mnt/ubna_data_02_mir/recover-20221013/UBNA_001/20221012_030000.WAV,Telephone Field,recover-20221013,001,1795
1758.5305,1758.5409,28906,37550,Eptesicus serotinus,0.011,0.027,-1,Echolocation,/mnt/ubna_data_02_mir/recover-20221013/UBNA_001/20221012_030000.WAV,Telephone Field,recover-20221013,001,1795
1758.5625,1758.5705,28046,38217,Eptesicus serotinus,0.008,0.023,-1,Echolocation,/mnt/ubna_data_02_mir/recover-20221013/UBNA_001/20221012_030000.WAV,Telephone Field,recover-20221013,001,1795
1758.5775,1758.6158,68437,82325,Rhinolophus ferrumequinum,0.027,0.027,-1,Echolocation,/mnt/ubna_data_02_mir/recover-20221013/UBNA_001/20221012_030000.WAV,Telephone Field,recover-20221013,001,1795
1758.5875,1758.5961,27187,35941,Eptesicus serotinus,0.009,0.022,-1,Echolocation,/mnt/ubna_data_02_mir/recover-20221013/UBNA_001/20221012_030000.WAV,Telephone Field,recover-20221013,001,1795
1758.5995,1758.6412,68437,82543,Rhinolophus ferrumequinum,0.028,0.028,-1,Echolocation,/mnt/ubna_data_02_mir/recover-20221013/UBNA_001/20221012_030000.WAV,Telephone Field,recover-20221013,001,1795
1758.6155,1758.633,20312,23635,Nyctalus leisleri,0.015,0.028,-1,Echolocation,/mnt/ubna_data_02_mir/recover-20221013/UBNA_001/20221012_030000.WAV,Telephone Field,recover-20221013,001,1795
1758.6655,1758.6723,28046,43077,Eptesicus serotinus,0.006,0.026,-1,Echolocation,/mnt/ubna_data_02_mir/recover-20221013/UBNA_001/20221012_030000.WAV,Telephone Field,recover-20221013,001,1795
1758.7225,1758.7295,27187,40958,Eptesicus serotinus,0.006,0.022,-1,Echolocation,/mnt/ubna_data_02_mir/recover-20221013/UBNA_001/20221012_030000.WAV,Telephone Field,recover-20221013,001,1795
1758.7475,1758.7555,27187,37493,Eptesicus serotinus,0.01,0.026,-1,Echolocation,/mnt/ubna_data_02_mir/recover-20221013/UBNA_001/20221012_030000.WAV,Telephone Field,recover-20221013,001,1795
1758.8045,1758.8426,68437,81479,Rhinolophus ferrumequinum,0.023,0.023,-1,Echolocation,/mnt/ubna_data_02_mir/recover-20221013/UBNA_001/20221012_030000.WAV,Telephone Field,recover-20221013,001,1795
1758.8225,1758.8604,68437,81780,Rhinolophus ferrumequinum,0.022,0.022,-1,Echolocation,/mnt/ubna_data_02_mir/recover-20221013/UBNA_001/20221012_030000.WAV,Telephone Field,recover-20221013,001,1795
1758.8425,1758.8511,24609,33930,Plecotus austriacus,0.008,0.027,-1,Echolocation,/mnt/ubna_data_02_mir/recover-20221013/UBNA_001/20221012_030000.WAV,Telephone Field,recover-20221013,001,1795
1758.8595,1758.8993,68437,82767,Rhinolophus ferrumequinum,0.022,0.022,-1,Echolocation,/mnt/ubna_data_02_mir/recover-20221013/UBNA_001/20221012_030000.WAV,Telephone Field,recover-20221013,001,1795
1758.8745,1758.912,68437,82293,Rhinolophus ferrumequinum,0.023,0.023,-1,Echolocation,/mnt/ubna_data_02_mir/recover-20221013/UBNA_001/20221012_030000.WAV,Telephone Field,recover-20221013,001,1795
1758.8885,1758.9266,68437,82317,Rhinolophus ferrumequinum,0.024,0.024,-1,Echolocation,/mnt/ubna_data_02_mir/recover-20221013/UBNA_001/20221012_030000.WAV,Telephone Field,recover-20221013,001,1795
1758.9195,1758.9265,24609,36087,Plecotus austriacus,0.006,0.022,-1,Echolocation,/mnt/ubna_data_02_mir/recover-20221013/UBNA_001/20221012_030000.WAV,Telephone Field,recover-20221013,001,1795
1758.9425,1758.9783,68437,81474,Rhinolophus ferrumequinum,0.022,0.022,-1,Echolocation,/mnt/ubna_data_02_mir/recover-20221013/UBNA_001/20221012_030000.WAV,Telephone Field,recover-20221013,001,1795
1758.9505,1758.9896,68437,82489,Rhinolophus ferrumequinum,0.023,0.023,-1,Echolocation,/mnt/ubna_data_02_mir/recover-20221013/UBNA_001/20221012_030000.WAV,Telephone Field,recover-20221013,001,1795
1758.9595,1758.9993,68437,82015,Rhinolophus ferrumequinum,0.024,0.024,-1,Echolocation,/mnt/ubna_data_02_mir/recover-20221013/UBNA_001/20221012_030000.WAV,Telephone Field,recover-20221013,001,1795
1758.9655,1758.9772,28906,37101,Eptesicus serotinus,0.032,0.051,-1,Echolocation,/mnt/ubna_data_02_mir/recover-20221013/UBNA_001/20221012_030000.WAV,Telephone Field,recover-20221013,001,1795
1759.0545,1759.0653,22890,28643,Nyctalus leisleri,0.011,0.024,-1,Echolocation,/mnt/ubna_data_02_mir/recover-20221013/UBNA_001/20221012_030000.WAV,Telephone Field,recover-20221013,001,1795
1759.0665,1759.1077,68437,82931,Rhinolophus ferrumequinum,0.028,0.028,-1,Echolocation,/mnt/ubna_data_02_mir/recover-20221013/UBNA_001/20221012_030000.WAV,Telephone Field,recover-20221013,001,1795
1759.0905,1759.1296,68437,82201,Rhinolophus ferrumequinum,0.023,0.023,-1,Echolocation,/mnt/ubna_data_02_mir/recover-20221013/UBNA_001/20221012_030000.WAV,Telephone Field,recover-20221013,001,1795
1759.1565,1759.1669,28046,36560,Eptesicus serotinus,0.013,0.025,-1,Echolocation,/mnt/ubna_data_02_mir/recover-20221013/UBNA_001/20221012_030000.WAV,Telephone Field,recover-20221013,001,1795
1759.1655,1759.2017,68437,81301,Rhinolophus ferrumequinum,0.027,0.027,-1,Echolocation,/mnt/ubna_data_02_mir/recover-20221013/UBNA_001/20221012_030000.WAV,Telephone Field,recover-20221013,001,1795
1759.1795,1759.1863,26328,41167,Eptesicus serotinus,0.006,0.023,-1,Echolocation,/mnt/ubna_data_02_mir/recover-20221013/UBNA_001/20221012_030000.WAV,Telephone Field,recover-20221013,001,1795
1759.2765,1759.3165,68437,83017,Rhinolophus ferrumequinum,0.022,0.022,-1,Echolocation,/mnt/ubna_data_02_mir/recover-20221013/UBNA_001/20221012_030000.WAV,Telephone Field,recover-20221013,001,1795
1759.2835,1759.3269,68437,82686,Rhinolophus ferrumequinum,0.024,0.024,-1,Echolocation,/mnt/ubna_data_02_mir/recover-20221013/UBNA_001/20221012_030000.WAV,Telephone Field,recover-20221013,001,1795
1759.3175,1759.3288,22890,28318,Nyctalus leisleri,0.011,0.023,-1,Echolocation,/mnt/ubna_data_02_mir/recover-20221013/UBNA_001/20221012_030000.WAV,Telephone Field,recover-20221013,001,1795
1759.3285,1759.3654,68437,81759,Rhinolophus ferrumequinum,0.022,0.022,-1,Echolocation,/mnt/ubna_data_02_mir/recover-20221013/UBNA_001/20221012_030000.WAV,Telephone Field,recover-20221013,001,1795
1759.3355,1759.374,68437,81701,Rhinolophus ferrumequinum,0.023,0.023,-1,Echolocation,/mnt/ubna_data_02_mir/recover-20221013/UBNA_001/20221012_030000.WAV,Telephone Field,recover-20221013,001,1795
1759.3445,1759.3517,23750,33347,Plecotus austriacus,0.009,0.024,-1,Echolocation,/mnt/ubna_data_02_mir/recover-20221013/UBNA_001/20221012_030000.WAV,Telephone Field,recover-20221013,001,1795
1759.4045,1759.4386,68437,80487,Rhinolophus ferrumequinum,0.023,0.023,-1,Echolocation,/mnt/ubna_data_02_mir/recover-20221013/UBNA_001/20221012_030000.WAV,Telephone Field,recover-20221013,001,1795
1759.4475,1759.4864,68437,82100,Rhinolophus ferrumequinum,0.022,0.022,-1,Echolocation,/mnt/ubna_data_02_mir/recover-20221013/UBNA_001/20221012_030000.WAV,Telephone Field,recover-20221013,001,1795
1759.5125,1759.521,28046,37215,Eptesicus serotinus,0.008,0.022,-1,Echolocation,/mnt/ubna_data_02_mir/recover-20221013/UBNA_001/20221012_030000.WAV,Telephone Field,recover-20221013,001,1795
1759.5135,1759.5233,45234,50404,Pipistrellus pipistrellus,0.024,0.027,-1,Echolocation,/mnt/ubna_data_02_mir/recover-20221013/UBNA_001/20221012_030000.WAV,Telephone Field,recover-20221013,001,1795
1759.5295,1759.5692,68437,82126,Rhinolophus ferrumequinum,0.023,0.023,-1,Echolocation,/mnt/ubna_data_02_mir/recover-20221013/UBNA_001/20221012_030000.WAV,Telephone Field,recover-20221013,001,1795
1759.5695,1759.5764,27187,39768,Eptesicus serotinus,0.006,0.022,-1,Echolocation,/mnt/ubna_data_02_mir/recover-20221013/UBNA_001/20221012_030000.WAV,Telephone Field,recover-20221013,001,1795
1759.6405,1759.6784,68437,81957,Rhinolophus ferrumequinum,0.023,0.023,-1,Echolocation,/mnt/ubna_data_02_mir/recover-20221013/UBNA_001/20221012_030000.WAV,Telephone Field,recover-20221013,001,1795
1759.6565,1759.6977,68437,82932,Rhinolophus ferrumequinum,0.029,0.029,-1,Echolocation,/mnt/ubna_data_02_mir/recover-20221013/UBNA_001/20221012_030000.WAV,Telephone Field,recover-20221013,001,1795
1759.6615,1759.6685,23750,33227,Plecotus austriacus,0.013,0.028,-1,Echolocation,/mnt/ubna_data_02_mir/recover-20221013/UBNA_001/20221012_030000.WAV,Telephone Field,recover-20221013,001,1795
1759.6765,1759.715,68437,82466,Rhinolophus ferrumequinum,0.022,0.022,-1,Echolocation,/mnt/ubna_data_02_mir/recover-20221013/UBNA_001/20221012_030000.WAV,Telephone Field,recover-20221013,001,1795
1759.6905,1759.6983,27187,38214,Eptesicus serotinus,0.011,0.031,-1,Echolocation,/mnt/ubna_data_02_mir/recover-20221013/UBNA_001/20221012_030000.WAV,Telephone Field,recover-20221013,001,1795
1759.7015,1759.7424,68437,82728,Rhinolophus ferrumequinum,0.032,0.032,-1,Echolocation,/mnt/ubna_data_02_mir/recover-20221013/UBNA_001/20221012_030000.WAV,Telephone Field,recover-20221013,001,1795
1759.7325,1759.7715,68437,82293,Rhinolophus ferrumequinum,0.022,0.022,-1,Echolocation,/mnt/ubna_data_02_mir/recover-20221013/UBNA_001/20221012_030000.WAV,Telephone Field,recover-20221013,001,1795
1759.7615,1759.803,68437,83277,Rhinolophus ferrumequinum,0.031,0.031,-1,Echolocation,/mnt/ubna_data_02_mir/recover-20221013/UBNA_001/20221012_030000.WAV,Telephone Field,recover-20221013,001,1795
1759.7935,1759.8344,68437,82645,Rhinolophus ferrumequinum,0.025,0.025,-1,Echolocation,/mnt/ubna_data_02_mir/recover-20221013/UBNA_001/20221012_030000.WAV,Telephone Field,recover-20221013,001,1795
1759.7985,1759.8068,14296,24928,Plecotus auritus,0.02,0.029,-1,Echolocation,/mnt/ubna_data_02_mir/recover-20221013/UBNA_001/20221012_030000.WAV,Telephone Field,recover-20221013,001,1795
1759.8015,1759.8406,68437,82730,Rhinolophus ferrumequinum,0.032,0.032,-1,Echolocation,/mnt/ubna_data_02_mir/recover-20221013/UBNA_001/20221012_030000.WAV,Telephone Field,recover-20221013,001,1795
1759.8095,1759.8458,68437,82022,Rhinolophus ferrumequinum,0.023,0.023,-1,Echolocation,/mnt/ubna_data_02_mir/recover-20221013/UBNA_001/20221012_030000.WAV,Telephone Field,recover-20221013,001,1795
1759.8165,1759.8271,24609,31699,Eptesicus serotinus,0.019,0.046,-1,Echolocation,/mnt/ubna_data_02_mir/recover-20221013/UBNA_001/20221012_030000.WAV,Telephone Field,recover-20221013,001,1795
1759.8725,1759.8834,22890,28075,Nyctalus leisleri,0.013,0.026,-1,Echolocation,/mnt/ubna_data_02_mir/recover-20221013/UBNA_001/20221012_030000.WAV,Telephone Field,recover-20221013,001,1795
1759.9385,1759.9459,23750,32512,Plecotus austriacus,0.012,0.025,-1,Echolocation,/mnt/ubna_data_02_mir/recover-20221013/UBNA_001/20221012_030000.WAV,Telephone Field,recover-20221013,001,1795
1760.0015,1760.0358,68437,80070,Rhinolophus ferrumequinum,0.032,0.033,-1,Echolocation,/mnt/ubna_data_02_mir/recover-20221013/UBNA_001/20221012_030000.WAV,Telephone Field,recover-20221013,001,1795
1760.0015,1760.0125,48671,55037,Pipistrellus pipistrellus,0.022,0.029,-1,Echolocation,/mnt/ubna_data_02_mir/recover-20221013/UBNA_001/20221012_030000.WAV,Telephone Field,recover-20221013,001,1795
1760.0015,1760.0099,22031,29215,Plecotus austriacus,0.008,0.028,-1,Echolocation,/mnt/ubna_data_02_mir/recover-20221013/UBNA_001/20221012_030000.WAV,Telephone Field,recover-20221013,001,1795
1760.0105,1760.0523,68437,82857,Rhinolophus ferrumequinum,0.023,0.024,-1,Echolocation,/mnt/ubna_data_02_mir/recover-20221013/UBNA_001/20221012_030000.WAV,Telephone Field,recover-20221013,001,1795
1760.0255,1760.0327,28046,38862,Eptesicus serotinus,0.006,0.023,-1,Echolocation,/mnt/ubna_data_02_mir/recover-20221013/UBNA_001/20221012_030000.WAV,Telephone Field,recover-20221013,001,1795
1760.0575,1760.0667,28906,39472,Eptesicus serotinus,0.008,0.023,-1,Echolocation,/mnt/ubna_data_02_mir/recover-20221013/UBNA_001/20221012_030000.WAV,Telephone Field,recover-20221013,001,1795
1760.0645,1760.1028,68437,81781,Rhinolophus ferrumequinum,0.022,0.022,-1,Echolocation,/mnt/ubna_data_02_mir/recover-20221013/UBNA_001/20221012_030000.WAV,Telephone Field,recover-20221013,001,1795
1760.0925,1760.1296,68437,81826,Rhinolophus ferrumequinum,0.023,0.023,-1,Echolocation,/mnt/ubna_data_02_mir/recover-20221013/UBNA_001/20221012_030000.WAV,Telephone Field,recover-20221013,001,1795
1760.1035,1760.1114,26328,39572,Eptesicus serotinus,0.007,0.022,-1,Echolocation,/mnt/ubna_data_02_mir/recover-20221013/UBNA_001/20221012_030000.WAV,Telephone Field,recover-20221013,001,1795
1760.1055,1760.1173,35781,41391,Pipistrellus nathusii,0.013,0.043,-1,Echolocation,/mnt/ubna_data_02_mir/recover-20221013/UBNA_001/20221012_030000.WAV,Telephone Field,recover-20221013,001,1795
1760.1235,1760.1643,68437,82855,Rhinolophus ferrumequinum,0.026,0.026,-1,Echolocation,/mnt/ubna_data_02_mir/recover-20221013/UBNA_001/20221012_030000.WAV,Telephone Field,recover-20221013,001,1795
1760.1325,1760.1424,28046,36097,Eptesicus serotinus,0.009,0.022,-1,Echolocation,/mnt/ubna_data_02_mir/recover-20221013/UBNA_001/20221012_030000.WAV,Telephone Field,recover-20221013,001,1795
1760.1335,1760.1765,68437,83317,Rhinolophus ferrumequinum,0.029,0.029,-1,Echolocation,/mnt/ubna_data_02_mir/recover-20221013/UBNA_001/20221012_030000.WAV,Telephone Field,recover-20221013,001,1795
1760.1725,1760.2126,68437,82375,Rhinolophus ferrumequinum,0.027,0.027,-1,Echolocation,/mnt/ubna_data_02_mir/recover-20221013/UBNA_001/20221012_030000.WAV,Telephone Field,recover-20221013,001,1795
1760.1885,1760.1945,47812,55764,Pipistrellus pipistrellus,0.023,0.026,-1,Echolocation,/mnt/ubna_data_02_mir/recover-20221013/UBNA_001/20221012_030000.WAV,Telephone Field,recover-20221013,001,1795
1760.1975,1760.2386,68437,83240,Rhinolophus ferrumequinum,0.028,0.028,-1,Echolocation,/mnt/ubna_data_02_mir/recover-20221013/UBNA_001/20221012_030000.WAV,Telephone Field,recover-20221013,001,1795
1760.2155,1760.2582,68437,83052,Rhinolophus ferrumequinum,0.022,0.022,-1,Echolocation,/mnt/ubna_data_02_mir/recover-20221013/UBNA_001/20221012_030000.WAV,Telephone Field,recover-20221013,001,1795
1760.2245,1760.2648,68437,81623,Rhinolophus ferrumequinum,0.023,0.023,-1,Echolocation,/mnt/ubna_data_02_mir/recover-20221013/UBNA_001/20221012_030000.WAV,Telephone Field,recover-20221013,001,1795
1760.2435,1760.2509,30625,47539,Myotis daubentonii,0.011,0.026,-1,Echolocation,/mnt/ubna_data_02_mir/recover-20221013/UBNA_001/20221012_030000.WAV,Telephone Field,recover-20221013,001,1795
1760.2865,1760.3267,68437,82219,Rhinolophus ferrumequinum,0.024,0.024,-1,Echolocation,/mnt/ubna_data_02_mir/recover-20221013/UBNA_001/20221012_030000.WAV,Telephone Field,recover-20221013,001,1795
1760.3135,1760.3538,68437,82476,Rhinolophus ferrumequinum,0.022,0.023,-1,Echolocation,/mnt/ubna_data_02_mir/recover-20221013/UBNA_001/20221012_030000.WAV,Telephone Field,recover-20221013,001,1795
1760.3205,1760.3622,68437,83153,Rhinolophus ferrumequinum,0.028,0.028,-1,Echolocation,/mnt/ubna_data_02_mir/recover-20221013/UBNA_001/20221012_030000.WAV,Telephone Field,recover-20221013,001,1795
1760.3765,1760.3842,23750,31839,Plecotus austriacus,0.009,0.022,-1,Echolocation,/mnt/ubna_data_02_mir/recover-20221013/UBNA_001/20221012_030000.WAV,Telephone Field,recover-20221013,001,1795
1760.4105,1760.4501,68437,82322,Rhinolophus ferrumequinum,0.028,0.028,-1,Echolocation,/mnt/ubna_data_02_mir/recover-20221013/UBNA_001/20221012_030000.WAV,Telephone Field,recover-20221013,001,1795
1760.4315,1760.4432,22890,28073,Nyctalus leisleri,0.014,0.027,-1,Echolocation,/mnt/ubna_data_02_mir/recover-20221013/UBNA_001/20221012_030000.WAV,Telephone Field,recover-20221013,001,1795
1760.4395,1760.4461000000001,48671,60331,Pipistrellus pipistrellus,0.013,0.022,-1,Echolocation,/mnt/ubna_data_02_mir/recover-20221013/UBNA_001/20221012_030000.WAV,Telephone Field,recover-20221013,001,1795
1760.4525,1760.4611,26328,36290,Eptesicus serotinus,0.009,0.025,-1,Echolocation,/mnt/ubna_data_02_mir/recover-20221013/UBNA_001/20221012_030000.WAV,Telephone Field,recover-20221013,001,1795
1760.4575,1760.4949,68437,82492,Rhinolophus ferrumequinum,0.03,0.03,-1,Echolocation,/mnt/ubna_data_02_mir/recover-20221013/UBNA_001/20221012_030000.WAV,Telephone Field,recover-20221013,001,1795
1760.4905,1760.5286,68437,81543,Rhinolophus ferrumequinum,0.023,0.023,-1,Echolocation,/mnt/ubna_data_02_mir/recover-20221013/UBNA_001/20221012_030000.WAV,Telephone Field,recover-20221013,001,1795
1760.5395,1760.5789,68437,82316,Rhinolophus ferrumequinum,0.022,0.022,-1,Echolocation,/mnt/ubna_data_02_mir/recover-20221013/UBNA_001/20221012_030000.WAV,Telephone Field,recover-20221013,001,1795
1760.5415,1760.5496,27187,42820,Eptesicus serotinus,0.008,0.022,-1,Echolocation,/mnt/ubna_data_02_mir/recover-20221013/UBNA_001/20221012_030000.WAV,Telephone Field,recover-20221013,001,1795
1760.5425,1760.5479,37500,60266,Myotis brandtii,0.007,0.022,-1,Echolocation,/mnt/ubna_data_02_mir/recover-20221013/UBNA_001/20221012_030000.WAV,Telephone Field,recover-20221013,001,1795
1760.5525,1760.5631,23750,30562,Nyctalus leisleri,0.008,0.026,-1,Echolocation,/mnt/ubna_data_02_mir/recover-20221013/UBNA_001/20221012_030000.WAV,Telephone Field,recover-20221013,001,1795
1760.5645,1760.5728,28906,38188,Eptesicus serotinus,0.007,0.023,-1,Echolocation,/mnt/ubna_data_02_mir/recover-20221013/UBNA_001/20221012_030000.WAV,Telephone Field,recover-20221013,001,1795
1760.5825,1760.6205,68437,82095,Rhinolophus ferrumequinum,0.023,0.023,-1,Echolocation,/mnt/ubna_data_02_mir/recover-20221013/UBNA_001/20221012_030000.WAV,Telephone Field,recover-20221013,001,1795
1760.5865,1760.5936,28046,38876,Eptesicus serotinus,0.009,0.026,-1,Echolocation,/mnt/ubna_data_02_mir/recover-20221013/UBNA_001/20221012_030000.WAV,Telephone Field,recover-20221013,001,1795
1760.6075,1760.6497,68437,83105,Rhinolophus ferrumequinum,0.026,0.026,-1,Echolocation,/mnt/ubna_data_02_mir/recover-20221013/UBNA_001/20221012_030000.WAV,Telephone Field,recover-20221013,001,1795
1760.6165,1760.6231,29765,39576,Eptesicus serotinus,0.031,0.075,-1,Echolocation,/mnt/ubna_data_02_mir/recover-20221013/UBNA_001/20221012_030000.WAV,Telephone Field,recover-20221013,001,1795
1760.6575,1760.6654,26328,37223,Eptesicus serotinus,0.007,0.023,-1,Echolocation,/mnt/ubna_data_02_mir/recover-20221013/UBNA_001/20221012_030000.WAV,Telephone Field,recover-20221013,001,1795
1760.6605,1760.6968,68437,82182,Rhinolophus ferrumequinum,0.022,0.022,-1,Echolocation,/mnt/ubna_data_02_mir/recover-20221013/UBNA_001/20221012_030000.WAV,Telephone Field,recover-20221013,001,1795
1760.6695,1760.6832,22031,26136,Nyctalus leisleri,0.015,0.029,-1,Echolocation,/mnt/ubna_data_02_mir/recover-20221013/UBNA_001/20221012_030000.WAV,Telephone Field,recover-20221013,001,1795
1760.7155,1760.7535,68437,82226,Rhinolophus ferrumequinum,0.031,0.031,-1,Echolocation,/mnt/ubna_data_02_mir/recover-20221013/UBNA_001/20221012_030000.WAV,Telephone Field,recover-20221013,001,1795
1760.7405,1760.7788,68437,81806,Rhinolophus ferrumequinum,0.023,0.023,-1,Echolocation,/mnt/ubna_data_02_mir/recover-20221013/UBNA_001/20221012_030000.WAV,Telephone Field,recover-20221013,001,1795
1760.7445,1760.7491,41796,58707,Myotis mystacinus,0.008,0.024,-1,Echolocation,/mnt/ubna_data_02_mir/recover-20221013/UBNA_001/20221012_030000.WAV,Telephone Field,recover-20221013,001,1795
1760.7565,1760.7654,25468,33125,Eptesicus serotinus,0.008,0.022,-1,Echolocation,/mnt/ubna_data_02_mir/recover-20221013/UBNA_001/20221012_030000.WAV,Telephone Field,recover-20221013,001,1795
1760.7685,1760.8093,68437,82519,Rhinolophus ferrumequinum,0.023,0.023,-1,Echolocation,/mnt/ubna_data_02_mir/recover-20221013/UBNA_001/20221012_030000.WAV,Telephone Field,recover-20221013,001,1795
1760.7915,1760.8332,68437,83175,Rhinolophus ferrumequinum,0.035,0.035,-1,Echolocation,/mnt/ubna_data_02_mir/recover-20221013/UBNA_001/20221012_030000.WAV,Telephone Field,recover-20221013,001,1795
1760.8075,1760.8165,28046,39248,Eptesicus serotinus,0.01,0.027,-1,Echolocation,/mnt/ubna_data_02_mir/recover-20221013/UBNA_001/20221012_030000.WAV,Telephone Field,recover-20221013,001,1795
1760.8155,1760.8568,68437,82756,Rhinolophus ferrumequinum,0.023,0.023,-1,Echolocation,/mnt/ubna_data_02_mir/recover-20221013/UBNA_001/20221012_030000.WAV,Telephone Field,recover-20221013,001,1795
1760.8315,1760.843,31484,38270,Eptesicus serotinus,0.01,0.032,-1,Echolocation,/mnt/ubna_data_02_mir/recover-20221013/UBNA_001/20221012_030000.WAV,Telephone Field,recover-20221013,001,1795
1760.8405,1760.8829,68437,82819,Rhinolophus ferrumequinum,0.025,0.025,-1,Echolocation,/mnt/ubna_data_02_mir/recover-20221013/UBNA_001/20221012_030000.WAV,Telephone Field,recover-20221013,001,1795
1760.8465,1760.8899,68437,83274,Rhinolophus ferrumequinum,0.025,0.025,-1,Echolocation,/mnt/ubna_data_02_mir/recover-20221013/UBNA_001/20221012_030000.WAV,Telephone Field,recover-20221013,001,1795
1760.8905,1760.8972,48671,55327,Pipistrellus pipistrellus,0.021,0.023,-1,Echolocation,/mnt/ubna_data_02_mir/recover-20221013/UBNA_001/20221012_030000.WAV,Telephone Field,recover-20221013,001,1795
1760.9215,1760.9605,68437,81738,Rhinolophus ferrumequinum,0.024,0.024,-1,Echolocation,/mnt/ubna_data_02_mir/recover-20221013/UBNA_001/20221012_030000.WAV,Telephone Field,recover-20221013,001,1795
1760.9385,1760.9752,68437,82069,Rhinolophus ferrumequinum,0.024,0.024,-1,Echolocation,/mnt/ubna_data_02_mir/recover-20221013/UBNA_001/20221012_030000.WAV,Telephone Field,recover-20221013,001,1795
1760.9595,1760.9958,68437,81290,Rhinolophus ferrumequinum,0.024,0.024,-1,Echolocation,/mnt/ubna_data_02_mir/recover-20221013/UBNA_001/20221012_030000.WAV,Telephone Field,recover-20221013,001,1795
1760.9825,1761.0157,68437,80745,Rhinolophus ferrumequinum,0.022,0.022,-1,Echolocation,/mnt/ubna_data_02_mir/recover-20221013/UBNA_001/20221012_030000.WAV,Telephone Field,recover-20221013,001,1795
1761.0015,1761.0439,68437,82721,Rhinolophus ferrumequinum,0.03,0.03,-1,Echolocation,/mnt/ubna_data_02_mir/recover-20221013/UBNA_001/20221012_030000.WAV,Telephone Field,recover-20221013,001,1795
1761.0355,1761.0431,23750,33137,Plecotus austriacus,0.008,0.022,-1,Echolocation,/mnt/ubna_data_02_mir/recover-20221013/UBNA_001/20221012_030000.WAV,Telephone Field,recover-20221013,001,1795
1761.0895,1761.1279,68437,82414,Rhinolophus ferrumequinum,0.025,0.025,-1,Echolocation,/mnt/ubna_data_02_mir/recover-20221013/UBNA_001/20221012_030000.WAV,Telephone Field,recover-20221013,001,1795
1761.1135,1761.1519,68437,81416,Rhinolophus ferrumequinum,0.022,0.022,-1,Echolocation,/mnt/ubna_data_02_mir/recover-20221013/UBNA_001/20221012_030000.WAV,Telephone Field,recover-20221013,001,1795
1761.1245,1761.1324,26328,37944,Eptesicus serotinus,0.007,0.022,-1,Echolocation,/mnt/ubna_data_02_mir/recover-20221013/UBNA_001/20221012_030000.WAV,Telephone Field,recover-20221013,001,1795
1761.1385,1761.1769,68437,82317,Rhinolophus ferrumequinum,0.022,0.022,-1,Echolocation,/mnt/ubna_data_02_mir/recover-20221013/UBNA_001/20221012_030000.WAV,Telephone Field,recover-20221013,001,1795
1761.1555,1761.1984,68437,83249,Rhinolophus ferrumequinum,0.027,0.027,-1,Echolocation,/mnt/ubna_data_02_mir/recover-20221013/UBNA_001/20221012_030000.WAV,Telephone Field,recover-20221013,001,1795
1761.1635,1761.2022,68437,82582,Rhinolophus ferrumequinum,0.027,0.027,-1,Echolocation,/mnt/ubna_data_02_mir/recover-20221013/UBNA_001/20221012_030000.WAV,Telephone Field,recover-20221013,001,1795
1761.1795,1761.2157,68437,81037,Rhinolophus ferrumequinum,0.023,0.024,-1,Echolocation,/mnt/ubna_data_02_mir/recover-20221013/UBNA_001/20221012_030000.WAV,Telephone Field,recover-20221013,001,1795
1761.1855,1761.1949,28046,36558,Eptesicus serotinus,0.008,0.022,-1,Echolocation,/mnt/ubna_data_02_mir/recover-20221013/UBNA_001/20221012_030000.WAV,Telephone Field,recover-20221013,001,1795
1761.2435,1761.2852,68437,82602,Rhinolophus ferrumequinum,0.024,0.024,-1,Echolocation,/mnt/ubna_data_02_mir/recover-20221013/UBNA_001/20221012_030000.WAV,Telephone Field,recover-20221013,001,1795
1761.2495,1761.2624,23750,28652,Nyctalus leisleri,0.016,0.032,-1,Echolocation,/mnt/ubna_data_02_mir/recover-20221013/UBNA_001/20221012_030000.WAV,Telephone Field,recover-20221013,001,1795
1761.2645,1761.2726,27187,40360,Eptesicus serotinus,0.008,0.023,-1,Echolocation,/mnt/ubna_data_02_mir/recover-20221013/UBNA_001/20221012_030000.WAV,Telephone Field,recover-20221013,001,1795
1761.2875,1761.3256,68437,81840,Rhinolophus ferrumequinum,0.03,0.03,-1,Echolocation,/mnt/ubna_data_02_mir/recover-20221013/UBNA_001/20221012_030000.WAV,Telephone Field,recover-20221013,001,1795
1761.2915,1761.2987,28046,40148,Eptesicus serotinus,0.007,0.023,-1,Echolocation,/mnt/ubna_data_02_mir/recover-20221013/UBNA_001/20221012_030000.WAV,Telephone Field,recover-20221013,001,1795
1761.3085,1761.3168,26328,37406,Eptesicus serotinus,0.007,0.024,-1,Echolocation,/mnt/ubna_data_02_mir/recover-20221013/UBNA_001/20221012_030000.WAV,Telephone Field,recover-20221013,001,1795
1761.3285,1761.3646,68437,81544,Rhinolophus ferrumequinum,0.023,0.023,-1,Echolocation,/mnt/ubna_data_02_mir/recover-20221013/UBNA_001/20221012_030000.WAV,Telephone Field,recover-20221013,001,1795
1761.3385,1761.3508,32343,37565,Pipistrellus nathusii,0.014,0.05,-1,Echolocation,/mnt/ubna_data_02_mir/recover-20221013/UBNA_001/20221012_030000.WAV,Telephone Field,recover-20221013,001,1795
1761.3555,1761.3906,68437,80952,Rhinolophus ferrumequinum,0.023,0.023,-1,Echolocation,/mnt/ubna_data_02_mir/recover-20221013/UBNA_001/20221012_030000.WAV,Telephone Field,recover-20221013,001,1795
1761.3595,1761.3689,22890,29844,Plecotus austriacus,0.009,0.027,-1,Echolocation,/mnt/ubna_data_02_mir/recover-20221013/UBNA_001/20221012_030000.WAV,Telephone Field,recover-20221013,001,1795
1761.3605,1761.3677,28046,40488,Eptesicus serotinus,0.008,0.027,-1,Echolocation,/mnt/ubna_data_02_mir/recover-20221013/UBNA_001/20221012_030000.WAV,Telephone Field,recover-20221013,001,1795
1761.3915,1761.4326,68437,82841,Rhinolophus ferrumequinum,0.037,0.037,-1,Echolocation,/mnt/ubna_data_02_mir/recover-20221013/UBNA_001/20221012_030000.WAV,Telephone Field,recover-20221013,001,1795
1761.4195,1761.429,14296,21590,Nyctalus noctula,0.02,0.047,-1,Echolocation,/mnt/ubna_data_02_mir/recover-20221013/UBNA_001/20221012_030000.WAV,Telephone Field,recover-20221013,001,1795
1761.4425,1761.4831,68437,82404,Rhinolophus ferrumequinum,0.026,0.026,-1,Echolocation,/mnt/ubna_data_02_mir/recover-20221013/UBNA_001/20221012_030000.WAV,Telephone Field,recover-20221013,001,1795
1761.4465,1761.4558,28046,37343,Eptesicus serotinus,0.012,0.027,-1,Echolocation,/mnt/ubna_data_02_mir/recover-20221013/UBNA_001/20221012_030000.WAV,Telephone Field,recover-20221013,001,1795
1761.4765,1761.4828,28046,43798,Myotis daubentonii,0.008,0.028,-1,Echolocation,/mnt/ubna_data_02_mir/recover-20221013/UBNA_001/20221012_030000.WAV,Telephone Field,recover-20221013,001,1795
1761.4965,1761.5077,50390,54994,Pipistrellus pipistrellus,0.022,0.028,-1,Echolocation,/mnt/ubna_data_02_mir/recover-20221013/UBNA_001/20221012_030000.WAV,Telephone Field,recover-20221013,001,1795
1761.4975,1761.544,68437,84251,Rhinolophus ferrumequinum,0.063,0.063,-1,Echolocation,/mnt/ubna_data_02_mir/recover-20221013/UBNA_001/20221012_030000.WAV,Telephone Field,recover-20221013,001,1795
1761.5295,1761.5745,68437,83101,Rhinolophus ferrumequinum,0.037,0.037,-1,Echolocation,/mnt/ubna_data_02_mir/recover-20221013/UBNA_001/20221012_030000.WAV,Telephone Field,recover-20221013,001,1795
1761.5505,1761.5578,28046,40117,Eptesicus serotinus,0.008,0.025,-1,Echolocation,/mnt/ubna_data_02_mir/recover-20221013/UBNA_001/20221012_030000.WAV,Telephone Field,recover-20221013,001,1795
1761.5585,1761.5997,68437,82919,Rhinolophus ferrumequinum,0.026,0.026,-1,Echolocation,/mnt/ubna_data_02_mir/recover-20221013/UBNA_001/20221012_030000.WAV,Telephone Field,recover-20221013,001,1795
1761.5625,1761.5718,27187,38216,Eptesicus serotinus,0.008,0.023,-1,Echolocation,/mnt/ubna_data_02_mir/recover-20221013/UBNA_001/20221012_030000.WAV,Telephone Field,recover-20221013,001,1795
1761.5785,1761.5888,23750,30012,Nyctalus leisleri,0.01,0.024,-1,Echolocation,/mnt/ubna_data_02_mir/recover-20221013/UBNA_001/20221012_030000.WAV,Telephone Field,recover-20221013,001,1795
1761.5815,1761.6209,68437,82901,Rhinolophus ferrumequinum,0.028,0.028,-1,Echolocation,/mnt/ubna_data_02_mir/recover-20221013/UBNA_001/20221012_030000.WAV,Telephone Field,recover-20221013,001,1795
1761.6235,1761.6309,26328,45991,Eptesicus serotinus,0.008,0.025,-1,Echolocation,/mnt/ubna_data_02_mir/recover-20221013/UBNA_001/20221012_030000.WAV,Telephone Field,recover-20221013,001,1795
1761.6245,1761.6292,37500,52038,Myotis daubentonii,0.007,0.023,-1,Echolocation,/mnt/ubna_data_02_mir/recover-20221013/UBNA_001/20221012_030000.WAV,Telephone Field,recover-20221013,001,1795
1761.6495,1761.6851,68437,80963,Rhinolophus ferrumequinum,0.022,0.022,-1,Echolocation,/mnt/ubna_data_02_mir/recover-20221013/UBNA_001/20221012_030000.WAV,Telephone Field,recover-20221013,001,1795
1761.6495,1761.658,47812,51520,Pipistrellus pipistrellus,0.026,0.027,-1,Echolocation,/mnt/ubna_data_02_mir/recover-20221013/UBNA_001/20221012_030000.WAV,Telephone Field,recover-20221013,001,1795
1761.6955,1761.7324,68437,81753,Rhinolophus ferrumequinum,0.022,0.022,-1,Echolocation,/mnt/ubna_data_02_mir/recover-20221013/UBNA_001/20221012_030000.WAV,Telephone Field,recover-20221013,001,1795
1761.7065,1761.7173,23750,30312,Nyctalus leisleri,0.008,0.022,-1,Echolocation,/mnt/ubna_data_02_mir/recover-20221013/UBNA_001/20221012_030000.WAV,Telephone Field,recover-20221013,001,1795
1761.7085,1761.7461,68437,82264,Rhinolophus ferrumequinum,0.022,0.022,-1,Echolocation,/mnt/ubna_data_02_mir/recover-20221013/UBNA_001/20221012_030000.WAV,Telephone Field,recover-20221013,001,1795
1761.7555,1761.7657,23750,28707,Nyctalus leisleri,0.01,0.023,-1,Echolocation,/mnt/ubna_data_02_mir/recover-20221013/UBNA_001/20221012_030000.WAV,Telephone Field,recover-20221013,001,1795
1761.7865,1761.8295,68437,83050,Rhinolophus ferrumequinum,0.036,0.036,-1,Echolocation,/mnt/ubna_data_02_mir/recover-20221013/UBNA_001/20221012_030000.WAV,Telephone Field,recover-20221013,001,1795
1761.7965,1761.8079,14296,19763,Nyctalus noctula,0.015,0.031,-1,Echolocation,/mnt/ubna_data_02_mir/recover-20221013/UBNA_001/20221012_030000.WAV,Telephone Field,recover-20221013,001,1795
1761.8645,1761.8727,28046,40448,Eptesicus serotinus,0.008,0.024,-1,Echolocation,/mnt/ubna_data_02_mir/recover-20221013/UBNA_001/20221012_030000.WAV,Telephone Field,recover-20221013,001,1795
1761.8865,1761.9264,68437,81997,Rhinolophus ferrumequinum,0.024,0.024,-1,Echolocation,/mnt/ubna_data_02_mir/recover-20221013/UBNA_001/20221012_030000.WAV,Telephone Field,recover-20221013,001,1795
1761.9145,1761.9569,68437,82690,Rhinolophus ferrumequinum,0.034,0.034,-1,Echolocation,/mnt/ubna_data_02_mir/recover-20221013/UBNA_001/20221012_030000.WAV,Telephone Field,recover-20221013,001,1795
1761.9805,1761.9923,22890,28037,Nyctalus leisleri,0.012,0.024,-1,Echolocation,/mnt/ubna_data_02_mir/recover-20221013/UBNA_001/20221012_030000.WAV,Telephone Field,recover-20221013,001,1795
1762.0015,1762.0098,25468,35229,Eptesicus serotinus,0.005,0.021,-1,Echolocation,/mnt/ubna_data_02_mir/recover-20221013/UBNA_001/20221012_030000.WAV,Telephone Field,recover-20221013,001,1795
1762.0025,1762.0421,68437,81433,Rhinolophus ferrumequinum,0.019,0.021,-1,Echolocation,/mnt/ubna_data_02_mir/recover-20221013/UBNA_001/20221012_030000.WAV,Telephone Field,recover-20221013,001,1795
1762.0095,1762.054,68437,81765,Rhinolophus ferrumequinum,0.021,0.021,-1,Echolocation,/mnt/ubna_data_02_mir/recover-20221013/UBNA_001/20221012_030000.WAV,Telephone Field,recover-20221013,001,1795
1762.0645,1762.1013,68437,82064,Rhinolophus ferrumequinum,0.021,0.021,-1,Echolocation,/mnt/ubna_data_02_mir/recover-20221013/UBNA_001/20221012_030000.WAV,Telephone Field,recover-20221013,001,1795
1762.0855,1762.1251,68437,82439,Rhinolophus ferrumequinum,0.022,0.022,-1,Echolocation,/mnt/ubna_data_02_mir/recover-20221013/UBNA_001/20221012_030000.WAV,Telephone Field,recover-20221013,001,1795
1762.0905,1762.0985,26328,34973,Eptesicus serotinus,0.012,0.029,-1,Echolocation,/mnt/ubna_data_02_mir/recover-20221013/UBNA_001/20221012_030000.WAV,Telephone Field,recover-20221013,001,1795
1762.1075,1762.1166,28906,38630,Eptesicus serotinus,0.012,0.028,-1,Echolocation,/mnt/ubna_data_02_mir/recover-20221013/UBNA_001/20221012_030000.WAV,Telephone Field,recover-20221013,001,1795
1762.1185,1762.1548,68437,82066,Rhinolophus ferrumequinum,0.022,0.022,-1,Echolocation,/mnt/ubna_data_02_mir/recover-20221013/UBNA_001/20221012_030000.WAV,Telephone Field,recover-20221013,001,1795
1762.1685,1762.2056,68437,80914,Rhinolophus ferrumequinum,0.023,0.023,-1,Echolocation,/mnt/ubna_data_02_mir/recover-20221013/UBNA_001/20221012_030000.WAV,Telephone Field,recover-20221013,001,1795
1762.1875,1762.2255,68437,82176,Rhinolophus ferrumequinum,0.026,0.026,-1,Echolocation,/mnt/ubna_data_02_mir/recover-20221013/UBNA_001/20221012_030000.WAV,Telephone Field,recover-20221013,001,1795
1762.1875,1762.1983,25468,31982,Nyctalus leisleri,0.008,0.023,-1,Echolocation,/mnt/ubna_data_02_mir/recover-20221013/UBNA_001/20221012_030000.WAV,Telephone Field,recover-20221013,001,1795
1762.2525,1762.2911,68437,81551,Rhinolophus ferrumequinum,0.02,0.02,-1,Echolocation,/mnt/ubna_data_02_mir/recover-20221013/UBNA_001/20221012_030000.WAV,Telephone Field,recover-20221013,001,1795
1762.2595,1762.2676,26328,39066,Eptesicus serotinus,0.007,0.021,-1,Echolocation,/mnt/ubna_data_02_mir/recover-20221013/UBNA_001/20221012_030000.WAV,Telephone Field,recover-20221013,001,1795
1762.2735,1762.3109,68437,81696,Rhinolophus ferrumequinum,0.021,0.021,-1,Echolocation,/mnt/ubna_data_02_mir/recover-20221013/UBNA_001/20221012_030000.WAV,Telephone Field,recover-20221013,001,1795
1762.2755,1762.2826,28046,37618,Eptesicus serotinus,0.009,0.023,-1,Echolocation,/mnt/ubna_data_02_mir/recover-20221013/UBNA_001/20221012_030000.WAV,Telephone Field,recover-20221013,001,1795
1762.3125,1762.3522,68437,82092,Rhinolophus ferrumequinum,0.021,0.021,-1,Echolocation,/mnt/ubna_data_02_mir/recover-20221013/UBNA_001/20221012_030000.WAV,Telephone Field,recover-20221013,001,1795
1762.3195,1762.3294,24609,31086,Nyctalus leisleri,0.01,0.026,-1,Echolocation,/mnt/ubna_data_02_mir/recover-20221013/UBNA_001/20221012_030000.WAV,Telephone Field,recover-20221013,001,1795
1762.3215,1762.3627,68437,82908,Rhinolophus ferrumequinum,0.022,0.022,-1,Echolocation,/mnt/ubna_data_02_mir/recover-20221013/UBNA_001/20221012_030000.WAV,Telephone Field,recover-20221013,001,1795
1762.4075,1762.4437,68437,81220,Rhinolophus ferrumequinum,0.021,0.021,-1,Echolocation,/mnt/ubna_data_02_mir/recover-20221013/UBNA_001/20221012_030000.WAV,Telephone Field,recover-20221013,001,1795
1762.4375,1762.4486,22890,28203,Nyctalus leisleri,0.011,0.022,-1,Echolocation,/mnt/ubna_data_02_mir/recover-20221013/UBNA_001/20221012_030000.WAV,Telephone Field,recover-20221013,001,1795
1762.4625,1762.5024,68437,82144,Rhinolophus ferrumequinum,0.026,0.026,-1,Echolocation,/mnt/ubna_data_02_mir/recover-20221013/UBNA_001/20221012_030000.WAV,Telephone Field,recover-20221013,001,1795
1762.4665,1762.4741,28046,39406,Eptesicus serotinus,0.007,0.023,-1,Echolocation,/mnt/ubna_data_02_mir/recover-20221013/UBNA_001/20221012_030000.WAV,Telephone Field,recover-20221013,001,1795
1762.4985,1762.538,68437,82483,Rhinolophus ferrumequinum,0.025,0.025,-1,Echolocation,/mnt/ubna_data_02_mir/recover-20221013/UBNA_001/20221012_030000.WAV,Telephone Field,recover-20221013,001,1795
1762.5145,1762.5234,47812,51900,Pipistrellus pipistrellus,0.022,0.025,-1,Echolocation,/mnt/ubna_data_02_mir/recover-20221013/UBNA_001/20221012_030000.WAV,Telephone Field,recover-20221013,001,1795
1762.5325,1762.5693,68437,81507,Rhinolophus ferrumequinum,0.021,0.021,-1,Echolocation,/mnt/ubna_data_02_mir/recover-20221013/UBNA_001/20221012_030000.WAV,Telephone Field,recover-20221013,001,1795
1762.5345,1762.5428,28046,39048,Eptesicus serotinus,0.008,0.023,-1,Echolocation,/mnt/ubna_data_02_mir/recover-20221013/UBNA_001/20221012_030000.WAV,Telephone Field,recover-20221013,001,1795
1762.5865,1762.5972,24609,31471,Nyctalus leisleri,0.007,0.02,-1,Echolocation,/mnt/ubna_data_02_mir/recover-20221013/UBNA_001/20221012_030000.WAV,Telephone Field,recover-20221013,001,1795
1762.6025,1762.6175,23750,28036,Nyctalus leisleri,0.017,0.032,-1,Echolocation,/mnt/ubna_data_02_mir/recover-20221013/UBNA_001/20221012_030000.WAV,Telephone Field,recover-20221013,001,1795
1762.6245,1762.6573,68437,80651,Rhinolophus ferrumequinum,0.022,0.023,-1,Echolocation,/mnt/ubna_data_02_mir/recover-20221013/UBNA_001/20221012_030000.WAV,Telephone Field,recover-20221013,001,1795
1762.6545,1762.6931,68437,82366,Rhinolophus ferrumequinum,0.022,0.022,-1,Echolocation,/mnt/ubna_data_02_mir/recover-20221013/UBNA_001/20221012_030000.WAV,Telephone Field,recover-20221013,001,1795
1762.7115,1762.7215,28046,36814,Eptesicus serotinus,0.009,0.021,-1,Echolocation,/mnt/ubna_data_02_mir/recover-20221013/UBNA_001/20221012_030000.WAV,Telephone Field,recover-20221013,001,1795
1762.7145,1762.7535,68437,82205,Rhinolophus ferrumequinum,0.026,0.026,-1,Echolocation,/mnt/ubna_data_02_mir/recover-20221013/UBNA_001/20221012_030000.WAV,Telephone Field,recover-20221013,001,1795
1762.7405,1762.7506,28906,35444,Eptesicus serotinus,0.012,0.024,-1,Echolocation,/mnt/ubna_data_02_mir/recover-20221013/UBNA_001/20221012_030000.WAV,Telephone Field,recover-20221013,001,1795
1762.7595,1762.7686,21171,27412,Plecotus austriacus,0.012,0.03,-1,Echolocation,/mnt/ubna_data_02_mir/recover-20221013/UBNA_001/20221012_030000.WAV,Telephone Field,recover-20221013,001,1795
1762.7885,1762.7991,22031,27574,Nyctalus leisleri,0.008,0.022,-1,Echolocation,/mnt/ubna_data_02_mir/recover-20221013/UBNA_001/20221012_030000.WAV,Telephone Field,recover-20221013,001,1795
1762.8145,1762.8229,27187,40464,Eptesicus serotinus,0.009,0.024,-1,Echolocation,/mnt/ubna_data_02_mir/recover-20221013/UBNA_001/20221012_030000.WAV,Telephone Field,recover-20221013,001,1795
1762.8505,1762.8898,68437,81935,Rhinolophus ferrumequinum,0.021,0.021,-1,Echolocation,/mnt/ubna_data_02_mir/recover-20221013/UBNA_001/20221012_030000.WAV,Telephone Field,recover-20221013,001,1795
1762.9155,1762.9507,68437,81370,Rhinolophus ferrumequinum,0.024,0.024,-1,Echolocation,/mnt/ubna_data_02_mir/recover-20221013/UBNA_001/20221012_030000.WAV,Telephone Field,recover-20221013,001,1795
1762.9245,1762.9319,23750,32048,Plecotus austriacus,0.009,0.021,-1,Echolocation,/mnt/ubna_data_02_mir/recover-20221013/UBNA_001/20221012_030000.WAV,Telephone Field,recover-20221013,001,1795
1762.9425,1762.9811,68437,82224,Rhinolophus ferrumequinum,0.021,0.021,-1,Echolocation,/mnt/ubna_data_02_mir/recover-20221013/UBNA_001/20221012_030000.WAV,Telephone Field,recover-20221013,001,1795
1762.9565,1763.0018,68437,83887,Rhinolophus ferrumequinum,0.046,0.046,-1,Echolocation,/mnt/ubna_data_02_mir/recover-20221013/UBNA_001/20221012_030000.WAV,Telephone Field,recover-20221013,001,1795
1762.9815,1763.0179,68437,81635,Rhinolophus ferrumequinum,0.028,0.028,-1,Echolocation,/mnt/ubna_data_02_mir/recover-20221013/UBNA_001/20221012_030000.WAV,Telephone Field,recover-20221013,001,1795
1762.9885,1763.0248,68437,82495,Rhinolophus ferrumequinum,0.023,0.023,-1,Echolocation,/mnt/ubna_data_02_mir/recover-20221013/UBNA_001/20221012_030000.WAV,Telephone Field,recover-20221013,001,1795
1762.9965,1763.035,68437,82167,Rhinolophus ferrumequinum,0.022,0.022,-1,Echolocation,/mnt/ubna_data_02_mir/recover-20221013/UBNA_001/20221012_030000.WAV,Telephone Field,recover-20221013,001,1795
1763.0125,1763.0196,27187,36849,Eptesicus serotinus,0.007,0.023,-1,Echolocation,/mnt/ubna_data_02_mir/recover-20221013/UBNA_001/20221012_030000.WAV,Telephone Field,recover-20221013,001,1795
1763.0445,1763.0829,68437,81829,Rhinolophus ferrumequinum,0.02,0.021,-1,Echolocation,/mnt/ubna_data_02_mir/recover-20221013/UBNA_001/20221012_030000.WAV,Telephone Field,recover-20221013,001,1795
1763.0785,1763.1181,68437,82151,Rhinolophus ferrumequinum,0.025,0.025,-1,Echolocation,/mnt/ubna_data_02_mir/recover-20221013/UBNA_001/20221012_030000.WAV,Telephone Field,recover-20221013,001,1795
1763.0845,1763.0929,25468,34044,Eptesicus serotinus,0.007,0.02,-1,Echolocation,/mnt/ubna_data_02_mir/recover-20221013/UBNA_001/20221012_030000.WAV,Telephone Field,recover-20221013,001,1795
1763.1075,1763.148,68437,82551,Rhinolophus ferrumequinum,0.022,0.022,-1,Echolocation,/mnt/ubna_data_02_mir/recover-20221013/UBNA_001/20221012_030000.WAV,Telephone Field,recover-20221013,001,1795
1763.1325,1763.1673,68437,80683,Rhinolophus ferrumequinum,0.021,0.021,-1,Echolocation,/mnt/ubna_data_02_mir/recover-20221013/UBNA_001/20221012_030000.WAV,Telephone Field,recover-20221013,001,1795
1763.1385,1763.1457,28046,38464,Eptesicus serotinus,0.008,0.024,-1,Echolocation,/mnt/ubna_data_02_mir/recover-20221013/UBNA_001/20221012_030000.WAV,Telephone Field,recover-20221013,001,1795
1763.1655,1763.2041,68437,82194,Rhinolophus ferrumequinum,0.03,0.03,-1,Echolocation,/mnt/ubna_data_02_mir/recover-20221013/UBNA_001/20221012_030000.WAV,Telephone Field,recover-20221013,001,1795
1763.1725,1763.1846,25468,30426,Eptesicus serotinus,0.061,0.139,-1,Echolocation,/mnt/ubna_data_02_mir/recover-20221013/UBNA_001/20221012_030000.WAV,Telephone Field,recover-20221013,001,1795
1763.1895,1763.2267,68437,81740,Rhinolophus ferrumequinum,0.021,0.021,-1,Echolocation,/mnt/ubna_data_02_mir/recover-20221013/UBNA_001/20221012_030000.WAV,Telephone Field,recover-20221013,001,1795
1763.2225,1763.2321,28046,36368,Eptesicus serotinus,0.017,0.03,-1,Echolocation,/mnt/ubna_data_02_mir/recover-20221013/UBNA_001/20221012_030000.WAV,Telephone Field,recover-20221013,001,1795
1763.2595,1763.273,22890,27882,Nyctalus leisleri,0.01,0.022,-1,Echolocation,/mnt/ubna_data_02_mir/recover-20221013/UBNA_001/20221012_030000.WAV,Telephone Field,recover-20221013,001,1795
1763.2705,1763.3116,68437,82307,Rhinolophus ferrumequinum,0.021,0.021,-1,Echolocation,/mnt/ubna_data_02_mir/recover-20221013/UBNA_001/20221012_030000.WAV,Telephone Field,recover-20221013,001,1795
1763.3245,1763.364,68437,82292,Rhinolophus ferrumequinum,0.022,0.022,-1,Echolocation,/mnt/ubna_data_02_mir/recover-20221013/UBNA_001/20221012_030000.WAV,Telephone Field,recover-20221013,001,1795
1763.3495,1763.3895,68437,81874,Rhinolophus ferrumequinum,0.026,0.026,-1,Echolocation,/mnt/ubna_data_02_mir/recover-20221013/UBNA_001/20221012_030000.WAV,Telephone Field,recover-20221013,001,1795
1763.3765,1763.4118,68437,81595,Rhinolophus ferrumequinum,0.021,0.021,-1,Echolocation,/mnt/ubna_data_02_mir/recover-20221013/UBNA_001/20221012_030000.WAV,Telephone Field,recover-20221013,001,1795
1763.4345,1763.4411,24609,38724,Plecotus austriacus,0.007,0.022,-1,Echolocation,/mnt/ubna_data_02_mir/recover-20221013/UBNA_001/20221012_030000.WAV,Telephone Field,recover-20221013,001,1795
1763.4715,1763.4792,28906,37953,Eptesicus serotinus,0.007,0.024,-1,Echolocation,/mnt/ubna_data_02_mir/recover-20221013/UBNA_001/20221012_030000.WAV,Telephone Field,recover-20221013,001,1795
1763.4845,1763.5045,19453,22118,Nyctalus leisleri,0.015,0.029,-1,Echolocation,/mnt/ubna_data_02_mir/recover-20221013/UBNA_001/20221012_030000.WAV,Telephone Field,recover-20221013,001,1795
1763.4915,1763.5305,68437,82257,Rhinolophus ferrumequinum,0.028,0.028,-1,Echolocation,/mnt/ubna_data_02_mir/recover-20221013/UBNA_001/20221012_030000.WAV,Telephone Field,recover-20221013,001,1795
1763.5255,1763.5665,68437,82810,Rhinolophus ferrumequinum,0.023,0.023,-1,Echolocation,/mnt/ubna_data_02_mir/recover-20221013/UBNA_001/20221012_030000.WAV,Telephone Field,recover-20221013,001,1795
1763.5315,1763.5703,68437,82057,Rhinolophus ferrumequinum,0.023,0.024,-1,Echolocation,/mnt/ubna_data_02_mir/recover-20221013/UBNA_001/20221012_030000.WAV,Telephone Field,recover-20221013,001,1795
1763.5635,1763.5995,68437,81406,Rhinolophus ferrumequinum,0.021,0.021,-1,Echolocation,/mnt/ubna_data_02_mir/recover-20221013/UBNA_001/20221012_030000.WAV,Telephone Field,recover-20221013,001,1795
1763.5865,1763.5959,40078,45821,Pipistrellus nathusii,0.005,0.021,-1,Echolocation,/mnt/ubna_data_02_mir/recover-20221013/UBNA_001/20221012_030000.WAV,Telephone Field,recover-20221013,001,1795
1763.6395,1763.6751,68437,81392,Rhinolophus ferrumequinum,0.022,0.022,-1,Echolocation,/mnt/ubna_data_02_mir/recover-20221013/UBNA_001/20221012_030000.WAV,Telephone Field,recover-20221013,001,1795
1763.6645,1763.7018,68437,81837,Rhinolophus ferrumequinum,0.026,0.026,-1,Echolocation,/mnt/ubna_data_02_mir/recover-20221013/UBNA_001/20221012_030000.WAV,Telephone Field,recover-20221013,001,1795
1763.6655,1763.6733,22890,30469,Plecotus austriacus,0.01,0.023,-1,Echolocation,/mnt/ubna_data_02_mir/recover-20221013/UBNA_001/20221012_030000.WAV,Telephone Field,recover-20221013,001,1795
1763.6855,1763.72,68437,81321,Rhinolophus ferrumequinum,0.026,0.026,-1,Echolocation,/mnt/ubna_data_02_mir/recover-20221013/UBNA_001/20221012_030000.WAV,Telephone Field,recover-20221013,001,1795
1763.6935,1763.7041,23750,29470,Nyctalus leisleri,0.008,0.021,-1,Echolocation,/mnt/ubna_data_02_mir/recover-20221013/UBNA_001/20221012_030000.WAV,Telephone Field,recover-20221013,001,1795
1763.7325,1763.7411,44375,50626,Pipistrellus pipistrellus,0.017,0.023,-1,Echolocation,/mnt/ubna_data_02_mir/recover-20221013/UBNA_001/20221012_030000.WAV,Telephone Field,recover-20221013,001,1795
1763.7445,1763.7558,28906,36850,Eptesicus serotinus,0.011,0.024,-1,Echolocation,/mnt/ubna_data_02_mir/recover-20221013/UBNA_001/20221012_030000.WAV,Telephone Field,recover-20221013,001,1795
1763.7445,1763.7813,68437,81703,Rhinolophus ferrumequinum,0.021,0.021,-1,Echolocation,/mnt/ubna_data_02_mir/recover-20221013/UBNA_001/20221012_030000.WAV,Telephone Field,recover-20221013,001,1795
1763.7665,1763.8046,68437,81847,Rhinolophus ferrumequinum,0.022,0.022,-1,Echolocation,/mnt/ubna_data_02_mir/recover-20221013/UBNA_001/20221012_030000.WAV,Telephone Field,recover-20221013,001,1795
1763.7805,1763.7918,23750,29479,Nyctalus leisleri,0.01,0.023,-1,Echolocation,/mnt/ubna_data_02_mir/recover-20221013/UBNA_001/20221012_030000.WAV,Telephone Field,recover-20221013,001,1795
1763.7925,1763.8027,28046,35171,Eptesicus serotinus,0.009,0.021,-1,Echolocation,/mnt/ubna_data_02_mir/recover-20221013/UBNA_001/20221012_030000.WAV,Telephone Field,recover-20221013,001,1795
1763.8215,1763.8608,68437,82656,Rhinolophus ferrumequinum,0.022,0.022,-1,Echolocation,/mnt/ubna_data_02_mir/recover-20221013/UBNA_001/20221012_030000.WAV,Telephone Field,recover-20221013,001,1795
1763.8655,1763.9012,68437,81481,Rhinolophus ferrumequinum,0.023,0.023,-1,Echolocation,/mnt/ubna_data_02_mir/recover-20221013/UBNA_001/20221012_030000.WAV,Telephone Field,recover-20221013,001,1795
1763.8845,1763.8962,33203,38637,Eptesicus serotinus,0.007,0.029,-1,Echolocation,/mnt/ubna_data_02_mir/recover-20221013/UBNA_001/20221012_030000.WAV,Telephone Field,recover-20221013,001,1795
1763.9135,1763.9569,68437,83014,Rhinolophus ferrumequinum,0.029,0.029,-1,Echolocation,/mnt/ubna_data_02_mir/recover-20221013/UBNA_001/20221012_030000.WAV,Telephone Field,recover-20221013,001,1795
1763.9375,1763.9769000000001,68437,82076,Rhinolophus ferrumequinum,0.021,0.021,-1,Echolocation,/mnt/ubna_data_02_mir/recover-20221013/UBNA_001/20221012_030000.WAV,Telephone Field,recover-20221013,001,1795
1763.9575,1763.997,68437,82252,Rhinolophus ferrumequinum,0.021,0.021,-1,Echolocation,/mnt/ubna_data_02_mir/recover-20221013/UBNA_001/20221012_030000.WAV,Telephone Field,recover-20221013,001,1795
1764.0015,1764.0361,68437,80201,Rhinolophus ferrumequinum,0.047,0.047,-1,Echolocation,/mnt/ubna_data_02_mir/recover-20221013/UBNA_001/20221012_030000.WAV,Telephone Field,recover-20221013,001,1795
1764.0015,1764.0102,47812,54868,Pipistrellus pipistrellus,0.029,0.038,-1,Echolocation,/mnt/ubna_data_02_mir/recover-20221013/UBNA_001/20221012_030000.WAV,Telephone Field,recover-20221013,001,1795
1764.0015,1764.0107,26328,35800,Eptesicus serotinus,0.009,0.034,-1,Echolocation,/mnt/ubna_data_02_mir/recover-20221013/UBNA_001/20221012_030000.WAV,Telephone Field,recover-20221013,001,1795
1764.0355,1764.075,68437,82359,Rhinolophus ferrumequinum,0.023,0.023,-1,Echolocation,/mnt/ubna_data_02_mir/recover-20221013/UBNA_001/20221012_030000.WAV,Telephone Field,recover-20221013,001,1795
1764.0365,1764.0446,28046,39237,Eptesicus serotinus,0.007,0.025,-1,Echolocation,/mnt/ubna_data_02_mir/recover-20221013/UBNA_001/20221012_030000.WAV,Telephone Field,recover-20221013,001,1795
1764.0435,1764.084,68437,82396,Rhinolophus ferrumequinum,0.022,0.022,-1,Echolocation,/mnt/ubna_data_02_mir/recover-20221013/UBNA_001/20221012_030000.WAV,Telephone Field,recover-20221013,001,1795
1764.0535,1764.0957,68437,82927,Rhinolophus ferrumequinum,0.026,0.026,-1,Echolocation,/mnt/ubna_data_02_mir/recover-20221013/UBNA_001/20221012_030000.WAV,Telephone Field,recover-20221013,001,1795
1764.0795,1764.0876,28046,37916,Eptesicus serotinus,0.007,0.021,-1,Echolocation,/mnt/ubna_data_02_mir/recover-20221013/UBNA_001/20221012_030000.WAV,Telephone Field,recover-20221013,001,1795
1764.0815,1764.1203,68437,83058,Rhinolophus ferrumequinum,0.022,0.022,-1,Echolocation,/mnt/ubna_data_02_mir/recover-20221013/UBNA_001/20221012_030000.WAV,Telephone Field,recover-20221013,001,1795
1764.1315,1764.1723,68437,82776,Rhinolophus ferrumequinum,0.035,0.035,-1,Echolocation,/mnt/ubna_data_02_mir/recover-20221013/UBNA_001/20221012_030000.WAV,Telephone Field,recover-20221013,001,1795
1764.1825,1764.2203,68437,82177,Rhinolophus ferrumequinum,0.022,0.022,-1,Echolocation,/mnt/ubna_data_02_mir/recover-20221013/UBNA_001/20221012_030000.WAV,Telephone Field,recover-20221013,001,1795
1764.2195,1764.255,68437,80270,Rhinolophus ferrumequinum,0.021,0.022,-1,Echolocation,/mnt/ubna_data_02_mir/recover-20221013/UBNA_001/20221012_030000.WAV,Telephone Field,recover-20221013,001,1795
1764.2485,1764.2867,68437,82839,Rhinolophus ferrumequinum,0.024,0.024,-1,Echolocation,/mnt/ubna_data_02_mir/recover-20221013/UBNA_001/20221012_030000.WAV,Telephone Field,recover-20221013,001,1795
1764.2635,1764.2709,28046,39489,Eptesicus serotinus,0.006,0.023,-1,Echolocation,/mnt/ubna_data_02_mir/recover-20221013/UBNA_001/20221012_030000.WAV,Telephone Field,recover-20221013,001,1795
1764.2635,1764.3046,68437,82660,Rhinolophus ferrumequinum,0.023,0.023,-1,Echolocation,/mnt/ubna_data_02_mir/recover-20221013/UBNA_001/20221012_030000.WAV,Telephone Field,recover-20221013,001,1795
1764.2875,1764.2972,29765,41371,Eptesicus serotinus,0.007,0.021,-1,Echolocation,/mnt/ubna_data_02_mir/recover-20221013/UBNA_001/20221012_030000.WAV,Telephone Field,recover-20221013,001,1795
1764.3305,1764.3671,68437,81769,Rhinolophus ferrumequinum,0.026,0.026,-1,Echolocation,/mnt/ubna_data_02_mir/recover-20221013/UBNA_001/20221012_030000.WAV,Telephone Field,recover-20221013,001,1795
1764.3825,1764.4206,68437,81985,Rhinolophus ferrumequinum,0.023,0.023,-1,Echolocation,/mnt/ubna_data_02_mir/recover-20221013/UBNA_001/20221012_030000.WAV,Telephone Field,recover-20221013,001,1795
1764.3885,1764.3969,27187,38430,Eptesicus serotinus,0.007,0.021,-1,Echolocation,/mnt/ubna_data_02_mir/recover-20221013/UBNA_001/20221012_030000.WAV,Telephone Field,recover-20221013,001,1795
1764.3905,1764.4324,68437,82796,Rhinolophus ferrumequinum,0.023,0.023,-1,Echolocation,/mnt/ubna_data_02_mir/recover-20221013/UBNA_001/20221012_030000.WAV,Telephone Field,recover-20221013,001,1795
1764.3985,1764.438,68437,82125,Rhinolophus ferrumequinum,0.022,0.022,-1,Echolocation,/mnt/ubna_data_02_mir/recover-20221013/UBNA_001/20221012_030000.WAV,Telephone Field,recover-20221013,001,1795
1764.4465,1764.4917,68437,83824,Rhinolophus ferrumequinum,0.042,0.042,-1,Echolocation,/mnt/ubna_data_02_mir/recover-20221013/UBNA_001/20221012_030000.WAV,Telephone Field,recover-20221013,001,1795
1764.4685,1764.5061,68437,82351,Rhinolophus ferrumequinum,0.027,0.027,-1,Echolocation,/mnt/ubna_data_02_mir/recover-20221013/UBNA_001/20221012_030000.WAV,Telephone Field,recover-20221013,001,1795
1764.5085,1764.5474,68437,82144,Rhinolophus ferrumequinum,0.022,0.022,-1,Echolocation,/mnt/ubna_data_02_mir/recover-20221013/UBNA_001/20221012_030000.WAV,Telephone Field,recover-20221013,001,1795
1764.5135,1764.5218,28046,38319,Eptesicus serotinus,0.008,0.021,-1,Echolocation,/mnt/ubna_data_02_mir/recover-20221013/UBNA_001/20221012_030000.WAV,Telephone Field,recover-20221013,001,1795
1764.5175,1764.5568,68437,82053,Rhinolophus ferrumequinum,0.021,0.021,-1,Echolocation,/mnt/ubna_data_02_mir/recover-20221013/UBNA_001/20221012_030000.WAV,Telephone Field,recover-20221013,001,1795
1764.5335,1764.5718,68437,81717,Rhinolophus ferrumequinum,0.021,0.021,-1,Echolocation,/mnt/ubna_data_02_mir/recover-20221013/UBNA_001/20221012_030000.WAV,Telephone Field,recover-20221013,001,1795
1764.5445,1764.5855999999999,68437,82312,Rhinolophus ferrumequinum,0.024,0.025,-1,Echolocation,/mnt/ubna_data_02_mir/recover-20221013/UBNA_001/20221012_030000.WAV,Telephone Field,recover-20221013,001,1795
1764.5455,1764.554,28046,39184,Eptesicus serotinus,0.008,0.021,-1,Echolocation,/mnt/ubna_data_02_mir/recover-20221013/UBNA_001/20221012_030000.WAV,Telephone Field,recover-20221013,001,1795
1764.5515,1764.5923,68437,83089,Rhinolophus ferrumequinum,0.023,0.023,-1,Echolocation,/mnt/ubna_data_02_mir/recover-20221013/UBNA_001/20221012_030000.WAV,Telephone Field,recover-20221013,001,1795
1764.5745,1764.6128,68437,82298,Rhinolophus ferrumequinum,0.024,0.024,-1,Echolocation,/mnt/ubna_data_02_mir/recover-20221013/UBNA_001/20221012_030000.WAV,Telephone Field,recover-20221013,001,1795
1764.5945,1764.6034,54687,59614,Pipistrellus pygmaeus,0.024,0.026,-1,Echolocation,/mnt/ubna_data_02_mir/recover-20221013/UBNA_001/20221012_030000.WAV,Telephone Field,recover-20221013,001,1795
1764.7265,1764.7645,68437,81879,Rhinolophus ferrumequinum,0.025,0.025,-1,Echolocation,/mnt/ubna_data_02_mir/recover-20221013/UBNA_001/20221012_030000.WAV,Telephone Field,recover-20221013,001,1795
1764.7365,1764.777,68437,82335,Rhinolophus ferrumequinum,0.023,0.023,-1,Echolocation,/mnt/ubna_data_02_mir/recover-20221013/UBNA_001/20221012_030000.WAV,Telephone Field,recover-20221013,001,1795
1764.7645,1764.8051,68437,82930,Rhinolophus ferrumequinum,0.023,0.023,-1,Echolocation,/mnt/ubna_data_02_mir/recover-20221013/UBNA_001/20221012_030000.WAV,Telephone Field,recover-20221013,001,1795
1764.7755,1764.7889,23750,29219,Nyctalus leisleri,0.015,0.036,-1,Echolocation,/mnt/ubna_data_02_mir/recover-20221013/UBNA_001/20221012_030000.WAV,Telephone Field,recover-20221013,001,1795
1764.7805,1764.8216,68437,82564,Rhinolophus ferrumequinum,0.026,0.026,-1,Echolocation,/mnt/ubna_data_02_mir/recover-20221013/UBNA_001/20221012_030000.WAV,Telephone Field,recover-20221013,001,1795
1764.7955,1764.8069,55546,60846,Pipistrellus pygmaeus,0.03,0.033,-1,Echolocation,/mnt/ubna_data_02_mir/recover-20221013/UBNA_001/20221012_030000.WAV,Telephone Field,recover-20221013,001,1795
1764.8125,1764.8539,68437,83094,Rhinolophus ferrumequinum,0.037,0.037,-1,Echolocation,/mnt/ubna_data_02_mir/recover-20221013/UBNA_001/20221012_030000.WAV,Telephone Field,recover-20221013,001,1795
1764.8455,1764.852,28046,41348,Eptesicus serotinus,0.006,0.026,-1,Echolocation,/mnt/ubna_data_02_mir/recover-20221013/UBNA_001/20221012_030000.WAV,Telephone Field,recover-20221013,001,1795
1764.8785,1764.9194,68437,82021,Rhinolophus ferrumequinum,0.022,0.022,-1,Echolocation,/mnt/ubna_data_02_mir/recover-20221013/UBNA_001/20221012_030000.WAV,Telephone Field,recover-20221013,001,1795
1764.8845,1764.8924,22890,30251,Plecotus austriacus,0.009,0.021,-1,Echolocation,/mnt/ubna_data_02_mir/recover-20221013/UBNA_001/20221012_030000.WAV,Telephone Field,recover-20221013,001,1795
1764.8855,1764.9257,68437,82885,Rhinolophus ferrumequinum,0.021,0.021,-1,Echolocation,/mnt/ubna_data_02_mir/recover-20221013/UBNA_001/20221012_030000.WAV,Telephone Field,recover-20221013,001,1795
1764.9115,1764.9516,68437,82759,Rhinolophus ferrumequinum,0.022,0.022,-1,Echolocation,/mnt/ubna_data_02_mir/recover-20221013/UBNA_001/20221012_030000.WAV,Telephone Field,recover-20221013,001,1795
1764.9155,1764.9241,45234,53298,Pipistrellus pipistrellus,0.014,0.024,-1,Echolocation,/mnt/ubna_data_02_mir/recover-20221013/UBNA_001/20221012_030000.WAV,Telephone Field,recover-20221013,001,1795
1764.9295,1764.9687,68437,82826,Rhinolophus ferrumequinum,0.025,0.025,-1,Echolocation,/mnt/ubna_data_02_mir/recover-20221013/UBNA_001/20221012_030000.WAV,Telephone Field,recover-20221013,001,1795
1764.9645,1764.9779,47812,51982,Pipistrellus pipistrellus,0.024,0.028,-1,Echolocation,/mnt/ubna_data_02_mir/recover-20221013/UBNA_001/20221012_030000.WAV,Telephone Field,recover-20221013,001,1795
1764.9805,1765.0194,68437,82396,Rhinolophus ferrumequinum,0.022,0.022,-1,Echolocation,/mnt/ubna_data_02_mir/recover-20221013/UBNA_001/20221012_030000.WAV,Telephone Field,recover-20221013,001,1795
1764.9805,1764.9899,28046,36707,Eptesicus serotinus,0.009,0.023,-1,Echolocation,/mnt/ubna_data_02_mir/recover-20221013/UBNA_001/20221012_030000.WAV,Telephone Field,recover-20221013,001,1795
1765.0435,1765.055,26328,33583,Eptesicus serotinus,0.014,0.027,-1,Echolocation,/mnt/ubna_data_02_mir/recover-20221013/UBNA_001/20221012_030000.WAV,Telephone Field,recover-20221013,001,1795
1765.0535,1765.0939,68437,82662,Rhinolophus ferrumequinum,0.021,0.021,-1,Echolocation,/mnt/ubna_data_02_mir/recover-20221013/UBNA_001/20221012_030000.WAV,Telephone Field,recover-20221013,001,1795
1765.0595,1765.0695,22890,27859,Nyctalus leisleri,0.009,0.021,-1,Echolocation,/mnt/ubna_data_02_mir/recover-20221013/UBNA_001/20221012_030000.WAV,Telephone Field,recover-20221013,001,1795
1765.0625,1765.0691,49531,53800,Pipistrellus pipistrellus,0.02,0.021,-1,Echolocation,/mnt/ubna_data_02_mir/recover-20221013/UBNA_001/20221012_030000.WAV,Telephone Field,recover-20221013,001,1795
1765.1185,1765.155,68437,81087,Rhinolophus ferrumequinum,0.021,0.021,-1,Echolocation,/mnt/ubna_data_02_mir/recover-20221013/UBNA_001/20221012_030000.WAV,Telephone Field,recover-20221013,001,1795
1765.1385,1765.151,22890,27185,Nyctalus leisleri,0.014,0.025,-1,Echolocation,/mnt/ubna_data_02_mir/recover-20221013/UBNA_001/20221012_030000.WAV,Telephone Field,recover-20221013,001,1795
1765.1395,1765.1479,48671,54073,Pipistrellus pipistrellus,0.023,0.026,-1,Echolocation,/mnt/ubna_data_02_mir/recover-20221013/UBNA_001/20221012_030000.WAV,Telephone Field,recover-20221013,001,1795
1765.2055,1765.2443,68437,82189,Rhinolophus ferrumequinum,0.022,0.022,-1,Echolocation,/mnt/ubna_data_02_mir/recover-20221013/UBNA_001/20221012_030000.WAV,Telephone Field,recover-20221013,001,1795
1765.2315,1765.2696,68437,81923,Rhinolophus ferrumequinum,0.022,0.022,-1,Echolocation,/mnt/ubna_data_02_mir/recover-20221013/UBNA_001/20221012_030000.WAV,Telephone Field,recover-20221013,001,1795
1765.2635,1765.3042,68437,82143,Rhinolophus ferrumequinum,0.024,0.024,-1,Echolocation,/mnt/ubna_data_02_mir/recover-20221013/UBNA_001/20221012_030000.WAV,Telephone Field,recover-20221013,001,1795
1765.2655,1765.2736,27187,38512,Eptesicus serotinus,0.007,0.021,-1,Echolocation,/mnt/ubna_data_02_mir/recover-20221013/UBNA_001/20221012_030000.WAV,Telephone Field,recover-20221013,001,1795
1765.2665,1765.2763,41796,47352,Pipistrellus nathusii,0.036,0.071,-1,Echolocation,/mnt/ubna_data_02_mir/recover-20221013/UBNA_001/20221012_030000.WAV,Telephone Field,recover-20221013,001,1795
1765.2815,1765.2909,22890,28757,Nyctalus leisleri,0.009,0.023,-1,Echolocation,/mnt/ubna_data_02_mir/recover-20221013/UBNA_001/20221012_030000.WAV,Telephone Field,recover-20221013,001,1795
1765.2905,1765.3315,68437,82850,Rhinolophus ferrumequinum,0.022,0.022,-1,Echolocation,/mnt/ubna_data_02_mir/recover-20221013/UBNA_001/20221012_030000.WAV,Telephone Field,recover-20221013,001,1795
1765.3015,1765.344,68437,82790,Rhinolophus ferrumequinum,0.021,0.021,-1,Echolocation,/mnt/ubna_data_02_mir/recover-20221013/UBNA_001/20221012_030000.WAV,Telephone Field,recover-20221013,001,1795
1765.3195,1765.3262,28046,38969,Eptesicus serotinus,0.007,0.025,-1,Echolocation,/mnt/ubna_data_02_mir/recover-20221013/UBNA_001/20221012_030000.WAV,Telephone Field,recover-20221013,001,1795
1765.3275,1765.363,68437,81018,Rhinolophus ferrumequinum,0.021,0.021,-1,Echolocation,/mnt/ubna_data_02_mir/recover-20221013/UBNA_001/20221012_030000.WAV,Telephone Field,recover-20221013,001,1795
1765.3435,1765.3861,68437,82825,Rhinolophus ferrumequinum,0.036,0.036,-1,Echolocation,/mnt/ubna_data_02_mir/recover-20221013/UBNA_001/20221012_030000.WAV,Telephone Field,recover-20221013,001,1795
1765.3725,1765.4171,68437,83375,Rhinolophus ferrumequinum,0.052,0.052,-1,Echolocation,/mnt/ubna_data_02_mir/recover-20221013/UBNA_001/20221012_030000.WAV,Telephone Field,recover-20221013,001,1795
1765.3735,1765.3811,27187,36600,Eptesicus serotinus,0.006,0.021,-1,Echolocation,/mnt/ubna_data_02_mir/recover-20221013/UBNA_001/20221012_030000.WAV,Telephone Field,recover-20221013,001,1795
1765.3945,1765.4325,68437,82185,Rhinolophus ferrumequinum,0.023,0.023,-1,Echolocation,/mnt/ubna_data_02_mir/recover-20221013/UBNA_001/20221012_030000.WAV,Telephone Field,recover-20221013,001,1795
1765.4025,1765.441,68437,82061,Rhinolophus ferrumequinum,0.023,0.023,-1,Echolocation,/mnt/ubna_data_02_mir/recover-20221013/UBNA_001/20221012_030000.WAV,Telephone Field,recover-20221013,001,1795
1765.4135,1765.4534,68437,82485,Rhinolophus ferrumequinum,0.022,0.022,-1,Echolocation,/mnt/ubna_data_02_mir/recover-20221013/UBNA_001/20221012_030000.WAV,Telephone Field,recover-20221013,001,1795
1765.4385,1765.4781,68437,82492,Rhinolophus ferrumequinum,0.021,0.022,-1,Echolocation,/mnt/ubna_data_02_mir/recover-20221013/UBNA_001/20221012_030000.WAV,Telephone Field,recover-20221013,001,1795
1765.5075,1765.5145,26328,38792,Eptesicus serotinus,0.004,0.021,-1,Echolocation,/mnt/ubna_data_02_mir/recover-20221013/UBNA_001/20221012_030000.WAV,Telephone Field,recover-20221013,001,1795
1765.5075,1765.5454,68437,81337,Rhinolophus ferrumequinum,0.025,0.025,-1,Echolocation,/mnt/ubna_data_02_mir/recover-20221013/UBNA_001/20221012_030000.WAV,Telephone Field,recover-20221013,001,1795
1765.5405,1765.5489,28906,37443,Eptesicus serotinus,0.008,0.023,-1,Echolocation,/mnt/ubna_data_02_mir/recover-20221013/UBNA_001/20221012_030000.WAV,Telephone Field,recover-20221013,001,1795
1765.5645,1765.6017,68437,81760,Rhinolophus ferrumequinum,0.021,0.021,-1,Echolocation,/mnt/ubna_data_02_mir/recover-20221013/UBNA_001/20221012_030000.WAV,Telephone Field,recover-20221013,001,1795
1765.5765,1765.5872,22031,27125,Nyctalus leisleri,0.011,0.024,-1,Echolocation,/mnt/ubna_data_02_mir/recover-20221013/UBNA_001/20221012_030000.WAV,Telephone Field,recover-20221013,001,1795
1765.6205,1765.6277,25468,34952,Plecotus austriacus,0.009,0.028,-1,Echolocation,/mnt/ubna_data_02_mir/recover-20221013/UBNA_001/20221012_030000.WAV,Telephone Field,recover-20221013,001,1795
1765.6475,1765.654,46093,51959,Pipistrellus pipistrellus,0.019,0.021,-1,Echolocation,/mnt/ubna_data_02_mir/recover-20221013/UBNA_001/20221012_030000.WAV,Telephone Field,recover-20221013,001,1795
1765.6505,1765.6922,68437,82679,Rhinolophus ferrumequinum,0.036,0.036,-1,Echolocation,/mnt/ubna_data_02_mir/recover-20221013/UBNA_001/20221012_030000.WAV,Telephone Field,recover-20221013,001,1795
1765.6885,1765.7272,68437,82780,Rhinolophus ferrumequinum,0.021,0.021,-1,Echolocation,/mnt/ubna_data_02_mir/recover-20221013/UBNA_001/20221012_030000.WAV,Telephone Field,recover-20221013,001,1795
1765.7215,1765.7599,68437,81229,Rhinolophus ferrumequinum,0.022,0.022,-1,Echolocation,/mnt/ubna_data_02_mir/recover-20221013/UBNA_001/20221012_030000.WAV,Telephone Field,recover-20221013,001,1795
1765.7555,1765.7895,68437,80740,Rhinolophus ferrumequinum,0.023,0.023,-1,Echolocation,/mnt/ubna_data_02_mir/recover-20221013/UBNA_001/20221012_030000.WAV,Telephone Field,recover-20221013,001,1795
1765.7685,1765.8036,68437,81623,Rhinolophus ferrumequinum,0.028,0.028,-1,Echolocation,/mnt/ubna_data_02_mir/recover-20221013/UBNA_001/20221012_030000.WAV,Telephone Field,recover-20221013,001,1795
1765.8205,1765.8273,48671,53239,Pipistrellus pipistrellus,0.031,0.033,-1,Echolocation,/mnt/ubna_data_02_mir/recover-20221013/UBNA_001/20221012_030000.WAV,Telephone Field,recover-20221013,001,1795
1765.8695,1765.9065,68437,81402,Rhinolophus ferrumequinum,0.021,0.022,-1,Echolocation,/mnt/ubna_data_02_mir/recover-20221013/UBNA_001/20221012_030000.WAV,Telephone Field,recover-20221013,001,1795
1765.8895,1765.8972,27187,39511,Eptesicus serotinus,0.006,0.021,-1,Echolocation,/mnt/ubna_data_02_mir/recover-20221013/UBNA_001/20221012_030000.WAV,Telephone Field,recover-20221013,001,1795
1765.9095,1765.9168,28046,40195,Eptesicus serotinus,0.006,0.022,-1,Echolocation,/mnt/ubna_data_02_mir/recover-20221013/UBNA_001/20221012_030000.WAV,Telephone Field,recover-20221013,001,1795
1765.9125,1765.949,68437,82199,Rhinolophus ferrumequinum,0.021,0.021,-1,Echolocation,/mnt/ubna_data_02_mir/recover-20221013/UBNA_001/20221012_030000.WAV,Telephone Field,recover-20221013,001,1795
1765.9235,1765.9638,68437,82122,Rhinolophus ferrumequinum,0.022,0.022,-1,Echolocation,/mnt/ubna_data_02_mir/recover-20221013/UBNA_001/20221012_030000.WAV,Telephone Field,recover-20221013,001,1795
1766.0015,1766.0369,68437,80597,Rhinolophus ferrumequinum,0.039,0.039,-1,Echolocation,/mnt/ubna_data_02_mir/recover-20221013/UBNA_001/20221012_030000.WAV,Telephone Field,recover-20221013,001,1795
1766.0015,1766.0094,23750,31811,Nyctalus leisleri,0.013,0.034,-1,Echolocation,/mnt/ubna_data_02_mir/recover-20221013/UBNA_001/20221012_030000.WAV,Telephone Field,recover-20221013,001,1795
1766.0465,1766.061,15156,20924,Nyctalus noctula,0.015,0.022,-1,Echolocation,/mnt/ubna_data_02_mir/recover-20221013/UBNA_001/20221012_030000.WAV,Telephone Field,recover-20221013,001,1795
1766.0555,1766.0933,68437,81889,Rhinolophus ferrumequinum,0.023,0.023,-1,Echolocation,/mnt/ubna_data_02_mir/recover-20221013/UBNA_001/20221012_030000.WAV,Telephone Field,recover-20221013,001,1795
1766.0855,1766.094,25468,33941,Eptesicus serotinus,0.007,0.024,-1,Echolocation,/mnt/ubna_data_02_mir/recover-20221013/UBNA_001/20221012_030000.WAV,Telephone Field,recover-20221013,001,1795
1766.1075,1766.1474,68437,82224,Rhinolophus ferrumequinum,0.022,0.022,-1,Echolocation,/mnt/ubna_data_02_mir/recover-20221013/UBNA_001/20221012_030000.WAV,Telephone Field,recover-20221013,001,1795
1766.1295,1766.1683,68437,82205,Rhinolophus ferrumequinum,0.021,0.021,-1,Echolocation,/mnt/ubna_data_02_mir/recover-20221013/UBNA_001/20221012_030000.WAV,Telephone Field,recover-20221013,001,1795
1766.1415,1766.1822,68437,82918,Rhinolophus ferrumequinum,0.022,0.022,-1,Echolocation,/mnt/ubna_data_02_mir/recover-20221013/UBNA_001/20221012_030000.WAV,Telephone Field,recover-20221013,001,1795
1766.1555,1766.1623,28046,44891,Eptesicus serotinus,0.009,0.031,-1,Echolocation,/mnt/ubna_data_02_mir/recover-20221013/UBNA_001/20221012_030000.WAV,Telephone Field,recover-20221013,001,1795
1766.1875,1766.1955,28046,39382,Eptesicus serotinus,0.009,0.025,-1,Echolocation,/mnt/ubna_data_02_mir/recover-20221013/UBNA_001/20221012_030000.WAV,Telephone Field,recover-20221013,001,1795
1766.1945,1766.2048,28906,36588,Eptesicus serotinus,0.01,0.024,-1,Echolocation,/mnt/ubna_data_02_mir/recover-20221013/UBNA_001/20221012_030000.WAV,Telephone Field,recover-20221013,001,1795
1766.2315,1766.2685,68437,81380,Rhinolophus ferrumequinum,0.021,0.021,-1,Echolocation,/mnt/ubna_data_02_mir/recover-20221013/UBNA_001/20221012_030000.WAV,Telephone Field,recover-20221013,001,1795
1766.2425,1766.2496,23750,32962,Plecotus austriacus,0.015,0.029,-1,Echolocation,/mnt/ubna_data_02_mir/recover-20221013/UBNA_001/20221012_030000.WAV,Telephone Field,recover-20221013,001,1795
1766.2875,1766.3273,68437,82340,Rhinolophus ferrumequinum,0.025,0.025,-1,Echolocation,/mnt/ubna_data_02_mir/recover-20221013/UBNA_001/20221012_030000.WAV,Telephone Field,recover-20221013,001,1795
1766.2895,1766.2975,28046,38304,Eptesicus serotinus,0.007,0.022,-1,Echolocation,/mnt/ubna_data_02_mir/recover-20221013/UBNA_001/20221012_030000.WAV,Telephone Field,recover-20221013,001,1795
1766.3075,1766.3501,68437,83068,Rhinolophus ferrumequinum,0.022,0.022,-1,Echolocation,/mnt/ubna_data_02_mir/recover-20221013/UBNA_001/20221012_030000.WAV,Telephone Field,recover-20221013,001,1795
1766.3505,1766.3871,68437,81110,Rhinolophus ferrumequinum,0.021,0.021,-1,Echolocation,/mnt/ubna_data_02_mir/recover-20221013/UBNA_001/20221012_030000.WAV,Telephone Field,recover-20221013,001,1795
1766.3735,1766.4124,68437,82165,Rhinolophus ferrumequinum,0.021,0.021,-1,Echolocation,/mnt/ubna_data_02_mir/recover-20221013/UBNA_001/20221012_030000.WAV,Telephone Field,recover-20221013,001,1795
1766.3805,1766.4201,68437,82413,Rhinolophus ferrumequinum,0.021,0.021,-1,Echolocation,/mnt/ubna_data_02_mir/recover-20221013/UBNA_001/20221012_030000.WAV,Telephone Field,recover-20221013,001,1795
1766.4075,1766.4229,32343,36762,Eptesicus serotinus,0.01,0.031,-1,Echolocation,/mnt/ubna_data_02_mir/recover-20221013/UBNA_001/20221012_030000.WAV,Telephone Field,recover-20221013,001,1795
1766.4335,1766.4733,68437,82716,Rhinolophus ferrumequinum,0.023,0.023,-1,Echolocation,/mnt/ubna_data_02_mir/recover-20221013/UBNA_001/20221012_030000.WAV,Telephone Field,recover-20221013,001,1795
1766.4545,1766.4956,68437,82687,Rhinolophus ferrumequinum,0.035,0.035,-1,Echolocation,/mnt/ubna_data_02_mir/recover-20221013/UBNA_001/20221012_030000.WAV,Telephone Field,recover-20221013,001,1795
1766.4835,1766.4905,27187,40657,Eptesicus serotinus,0.005,0.021,-1,Echolocation,/mnt/ubna_data_02_mir/recover-20221013/UBNA_001/20221012_030000.WAV,Telephone Field,recover-20221013,001,1795
1766.5055,1766.5469,68437,82281,Rhinolophus ferrumequinum,0.034,0.034,-1,Echolocation,/mnt/ubna_data_02_mir/recover-20221013/UBNA_001/20221012_030000.WAV,Telephone Field,recover-20221013,001,1795
1766.5105,1766.5195,22890,29769,Plecotus austriacus,0.007,0.021,-1,Echolocation,/mnt/ubna_data_02_mir/recover-20221013/UBNA_001/20221012_030000.WAV,Telephone Field,recover-20221013,001,1795
1766.5515,1766.5874,68437,81992,Rhinolophus ferrumequinum,0.025,0.025,-1,Echolocation,/mnt/ubna_data_02_mir/recover-20221013/UBNA_001/20221012_030000.WAV,Telephone Field,recover-20221013,001,1795
1766.6325,1766.6708,68437,81579,Rhinolophus ferrumequinum,0.025,0.025,-1,Echolocation,/mnt/ubna_data_02_mir/recover-20221013/UBNA_001/20221012_030000.WAV,Telephone Field,recover-20221013,001,1795
1766.6625,1766.6726,28906,37424,Eptesicus serotinus,0.009,0.023,-1,Echolocation,/mnt/ubna_data_02_mir/recover-20221013/UBNA_001/20221012_030000.WAV,Telephone Field,recover-20221013,001,1795
1766.6825,1766.692,24609,31027,Nyctalus leisleri,0.008,0.024,-1,Echolocation,/mnt/ubna_data_02_mir/recover-20221013/UBNA_001/20221012_030000.WAV,Telephone Field,recover-20221013,001,1795
1766.6905,1766.7312,68437,83043,Rhinolophus ferrumequinum,0.026,0.026,-1,Echolocation,/mnt/ubna_data_02_mir/recover-20221013/UBNA_001/20221012_030000.WAV,Telephone Field,recover-20221013,001,1795
1766.7255,1766.7635,68437,82326,Rhinolophus ferrumequinum,0.025,0.025,-1,Echolocation,/mnt/ubna_data_02_mir/recover-20221013/UBNA_001/20221012_030000.WAV,Telephone Field,recover-20221013,001,1795
1766.7595,1766.7933,68437,81470,Rhinolophus ferrumequinum,0.021,0.021,-1,Echolocation,/mnt/ubna_data_02_mir/recover-20221013/UBNA_001/20221012_030000.WAV,Telephone Field,recover-20221013,001,1795
1766.7695,1766.7763,28046,38121,Eptesicus serotinus,0.006,0.025,-1,Echolocation,/mnt/ubna_data_02_mir/recover-20221013/UBNA_001/20221012_030000.WAV,Telephone Field,recover-20221013,001,1795
1766.7795,1766.7896,23750,29886,Nyctalus leisleri,0.009,0.021,-1,Echolocation,/mnt/ubna_data_02_mir/recover-20221013/UBNA_001/20221012_030000.WAV,Telephone Field,recover-20221013,001,1795
1766.7795,1766.8169,68437,82154,Rhinolophus ferrumequinum,0.022,0.022,-1,Echolocation,/mnt/ubna_data_02_mir/recover-20221013/UBNA_001/20221012_030000.WAV,Telephone Field,recover-20221013,001,1795
1766.7895,1766.798,27187,35660,Eptesicus serotinus,0.009,0.021,-1,Echolocation,/mnt/ubna_data_02_mir/recover-20221013/UBNA_001/20221012_030000.WAV,Telephone Field,recover-20221013,001,1795
1766.8225,1766.8316,23750,31845,Plecotus austriacus,0.013,0.043,-1,Echolocation,/mnt/ubna_data_02_mir/recover-20221013/UBNA_001/20221012_030000.WAV,Telephone Field,recover-20221013,001,1795
1766.8515,1766.8924,68437,82738,Rhinolophus ferrumequinum,0.023,0.023,-1,Echolocation,/mnt/ubna_data_02_mir/recover-20221013/UBNA_001/20221012_030000.WAV,Telephone Field,recover-20221013,001,1795
1766.8685,1766.9064,68437,80685,Rhinolophus ferrumequinum,0.022,0.022,-1,Echolocation,/mnt/ubna_data_02_mir/recover-20221013/UBNA_001/20221012_030000.WAV,Telephone Field,recover-20221013,001,1795
1766.8795,1766.9202,68437,82776,Rhinolophus ferrumequinum,0.025,0.025,-1,Echolocation,/mnt/ubna_data_02_mir/recover-20221013/UBNA_001/20221012_030000.WAV,Telephone Field,recover-20221013,001,1795
1766.8935,1766.9022,28046,36909,Eptesicus serotinus,0.008,0.022,-1,Echolocation,/mnt/ubna_data_02_mir/recover-20221013/UBNA_001/20221012_030000.WAV,Telephone Field,recover-20221013,001,1795
1766.9145,1766.9546,68437,81931,Rhinolophus ferrumequinum,0.021,0.021,-1,Echolocation,/mnt/ubna_data_02_mir/recover-20221013/UBNA_001/20221012_030000.WAV,Telephone Field,recover-20221013,001,1795
1766.9335,1766.9735,68437,81709,Rhinolophus ferrumequinum,0.021,0.021,-1,Echolocation,/mnt/ubna_data_02_mir/recover-20221013/UBNA_001/20221012_030000.WAV,Telephone Field,recover-20221013,001,1795
1766.9465,1766.9842,68437,82029,Rhinolophus ferrumequinum,0.021,0.021,-1,Echolocation,/mnt/ubna_data_02_mir/recover-20221013/UBNA_001/20221012_030000.WAV,Telephone Field,recover-20221013,001,1795
1766.9525,1766.9609,46953,50506,Pipistrellus pipistrellus,0.02,0.022,-1,Echolocation,/mnt/ubna_data_02_mir/recover-20221013/UBNA_001/20221012_030000.WAV,Telephone Field,recover-20221013,001,1795
1766.9835,1766.9938,25468,31716,Nyctalus leisleri,0.009,0.022,-1,Echolocation,/mnt/ubna_data_02_mir/recover-20221013/UBNA_001/20221012_030000.WAV,Telephone Field,recover-20221013,001,1795
1766.9865,1767.0234,68437,81708,Rhinolophus ferrumequinum,0.021,0.021,-1,Echolocation,/mnt/ubna_data_02_mir/recover-20221013/UBNA_001/20221012_030000.WAV,Telephone Field,recover-20221013,001,1795
1767.0105,1767.0212,27187,35996,Eptesicus serotinus,0.011,0.024,-1,Echolocation,/mnt/ubna_data_02_mir/recover-20221013/UBNA_001/20221012_030000.WAV,Telephone Field,recover-20221013,001,1795
1767.0155,1767.0554,68437,82638,Rhinolophus ferrumequinum,0.023,0.023,-1,Echolocation,/mnt/ubna_data_02_mir/recover-20221013/UBNA_001/20221012_030000.WAV,Telephone Field,recover-20221013,001,1795
1767.0475,1767.0861,68437,81823,Rhinolophus ferrumequinum,0.022,0.022,-1,Echolocation,/mnt/ubna_data_02_mir/recover-20221013/UBNA_001/20221012_030000.WAV,Telephone Field,recover-20221013,001,1795
1767.0585,1767.0981,68437,82720,Rhinolophus ferrumequinum,0.021,0.021,-1,Echolocation,/mnt/ubna_data_02_mir/recover-20221013/UBNA_001/20221012_030000.WAV,Telephone Field,recover-20221013,001,1795
1767.0875,1767.0945,28906,40470,Eptesicus serotinus,0.006,0.027,-1,Echolocation,/mnt/ubna_data_02_mir/recover-20221013/UBNA_001/20221012_030000.WAV,Telephone Field,recover-20221013,001,1795
1767.0945,1767.1285,68437,80801,Rhinolophus ferrumequinum,0.024,0.024,-1,Echolocation,/mnt/ubna_data_02_mir/recover-20221013/UBNA_001/20221012_030000.WAV,Telephone Field,recover-20221013,001,1795
1767.1375,1767.1772,68437,82635,Rhinolophus ferrumequinum,0.023,0.023,-1,Echolocation,/mnt/ubna_data_02_mir/recover-20221013/UBNA_001/20221012_030000.WAV,Telephone Field,recover-20221013,001,1795
1767.1655,1767.207,68437,82411,Rhinolophus ferrumequinum,0.024,0.024,-1,Echolocation,/mnt/ubna_data_02_mir/recover-20221013/UBNA_001/20221012_030000.WAV,Telephone Field,recover-20221013,001,1795
1767.1885,1767.2283,68437,82062,Rhinolophus ferrumequinum,0.021,0.021,-1,Echolocation,/mnt/ubna_data_02_mir/recover-20221013/UBNA_001/20221012_030000.WAV,Telephone Field,recover-20221013,001,1795
1767.2215,1767.2622,68437,82960,Rhinolophus ferrumequinum,0.03,0.03,-1,Echolocation,/mnt/ubna_data_02_mir/recover-20221013/UBNA_001/20221012_030000.WAV,Telephone Field,recover-20221013,001,1795
1767.2565,1767.2953,68437,82522,Rhinolophus ferrumequinum,0.028,0.028,-1,Echolocation,/mnt/ubna_data_02_mir/recover-20221013/UBNA_001/20221012_030000.WAV,Telephone Field,recover-20221013,001,1795
1767.2635,1767.3004,68437,82074,Rhinolophus ferrumequinum,0.021,0.021,-1,Echolocation,/mnt/ubna_data_02_mir/recover-20221013/UBNA_001/20221012_030000.WAV,Telephone Field,recover-20221013,001,1795
1767.2755,1767.3135,68437,82142,Rhinolophus ferrumequinum,0.022,0.022,-1,Echolocation,/mnt/ubna_data_02_mir/recover-20221013/UBNA_001/20221012_030000.WAV,Telephone Field,recover-20221013,001,1795
1767.3435,1767.355,23750,29035,Nyctalus leisleri,0.012,0.024,-1,Echolocation,/mnt/ubna_data_02_mir/recover-20221013/UBNA_001/20221012_030000.WAV,Telephone Field,recover-20221013,001,1795
1767.3505,1767.3868,68437,81511,Rhinolophus ferrumequinum,0.021,0.021,-1,Echolocation,/mnt/ubna_data_02_mir/recover-20221013/UBNA_001/20221012_030000.WAV,Telephone Field,recover-20221013,001,1795
1767.3565,1767.3658,25468,32448,Nyctalus leisleri,0.008,0.024,-1,Echolocation,/mnt/ubna_data_02_mir/recover-20221013/UBNA_001/20221012_030000.WAV,Telephone Field,recover-20221013,001,1795
1767.3805,1767.4191,68437,81953,Rhinolophus ferrumequinum,0.022,0.022,-1,Echolocation,/mnt/ubna_data_02_mir/recover-20221013/UBNA_001/20221012_030000.WAV,Telephone Field,recover-20221013,001,1795
1767.3825,1767.3929,28906,37485,Eptesicus serotinus,0.01,0.023,-1,Echolocation,/mnt/ubna_data_02_mir/recover-20221013/UBNA_001/20221012_030000.WAV,Telephone Field,recover-20221013,001,1795
1767.3955,1767.4342,68437,82413,Rhinolophus ferrumequinum,0.023,0.023,-1,Echolocation,/mnt/ubna_data_02_mir/recover-20221013/UBNA_001/20221012_030000.WAV,Telephone Field,recover-20221013,001,1795
1767.4315,1767.4693,68437,82466,Rhinolophus ferrumequinum,0.023,0.023,-1,Echolocation,/mnt/ubna_data_02_mir/recover-20221013/UBNA_001/20221012_030000.WAV,Telephone Field,recover-20221013,001,1795
1767.4415,1767.4505,45234,50299,Pipistrellus pipistrellus,0.023,0.025,-1,Echolocation,/mnt/ubna_data_02_mir/recover-20221013/UBNA_001/20221012_030000.WAV,Telephone Field,recover-20221013,001,1795
1767.4775,1767.495,20312,23400,Nyctalus leisleri,0.015,0.026,-1,Echolocation,/mnt/ubna_data_02_mir/recover-20221013/UBNA_001/20221012_030000.WAV,Telephone Field,recover-20221013,001,1795
1767.4945,1767.5347,68437,82363,Rhinolophus ferrumequinum,0.021,0.021,-1,Echolocation,/mnt/ubna_data_02_mir/recover-20221013/UBNA_001/20221012_030000.WAV,Telephone Field,recover-20221013,001,1795
1767.5185,1767.5318,24609,30312,Nyctalus leisleri,0.012,0.031,-1,Echolocation,/mnt/ubna_data_02_mir/recover-20221013/UBNA_001/20221012_030000.WAV,Telephone Field,recover-20221013,001,1795
1767.5475,1767.5875,68437,82495,Rhinolophus ferrumequinum,0.022,0.022,-1,Echolocation,/mnt/ubna_data_02_mir/recover-20221013/UBNA_001/20221012_030000.WAV,Telephone Field,recover-20221013,001,1795
1767.5795,1767.5907,28046,35135,Eptesicus serotinus,0.011,0.023,-1,Echolocation,/mnt/ubna_data_02_mir/recover-20221013/UBNA_001/20221012_030000.WAV,Telephone Field,recover-20221013,001,1795
1767.5965,1767.6344,68437,81830,Rhinolophus ferrumequinum,0.025,0.025,-1,Echolocation,/mnt/ubna_data_02_mir/recover-20221013/UBNA_001/20221012_030000.WAV,Telephone Field,recover-20221013,001,1795
1767.6225,1767.6643,68437,82755,Rhinolophus ferrumequinum,0.023,0.023,-1,Echolocation,/mnt/ubna_data_02_mir/recover-20221013/UBNA_001/20221012_030000.WAV,Telephone Field,recover-20221013,001,1795
1767.6605,1767.6976,68437,81238,Rhinolophus ferrumequinum,0.024,0.024,-1,Echolocation,/mnt/ubna_data_02_mir/recover-20221013/UBNA_001/20221012_030000.WAV,Telephone Field,recover-20221013,001,1795
1767.7095,1767.7472,68437,81965,Rhinolophus ferrumequinum,0.024,0.024,-1,Echolocation,/mnt/ubna_data_02_mir/recover-20221013/UBNA_001/20221012_030000.WAV,Telephone Field,recover-20221013,001,1795
1767.7375,1767.7467,28906,37488,Eptesicus serotinus,0.009,0.026,-1,Echolocation,/mnt/ubna_data_02_mir/recover-20221013/UBNA_001/20221012_030000.WAV,Telephone Field,recover-20221013,001,1795
1767.7915,1767.8323,68437,83403,Rhinolophus ferrumequinum,0.032,0.032,-1,Echolocation,/mnt/ubna_data_02_mir/recover-20221013/UBNA_001/20221012_030000.WAV,Telephone Field,recover-20221013,001,1795
1767.8345,1767.8758,68437,82901,Rhinolophus ferrumequinum,0.032,0.032,-1,Echolocation,/mnt/ubna_data_02_mir/recover-20221013/UBNA_001/20221012_030000.WAV,Telephone Field,recover-20221013,001,1795
1767.8435,1767.8544,23750,29119,Nyctalus leisleri,0.009,0.021,-1,Echolocation,/mnt/ubna_data_02_mir/recover-20221013/UBNA_001/20221012_030000.WAV,Telephone Field,recover-20221013,001,1795
1767.8555,1767.8947,68437,82536,Rhinolophus ferrumequinum,0.022,0.022,-1,Echolocation,/mnt/ubna_data_02_mir/recover-20221013/UBNA_001/20221012_030000.WAV,Telephone Field,recover-20221013,001,1795
1767.8625,1767.8708,49531,55618,Pipistrellus pipistrellus,0.018,0.022,-1,Echolocation,/mnt/ubna_data_02_mir/recover-20221013/UBNA_001/20221012_030000.WAV,Telephone Field,recover-20221013,001,1795
1767.8795,1767.9179,68437,82081,Rhinolophus ferrumequinum,0.027,0.027,-1,Echolocation,/mnt/ubna_data_02_mir/recover-20221013/UBNA_001/20221012_030000.WAV,Telephone Field,recover-20221013,001,1795
1767.8885,1767.8953,24609,33591,Plecotus austriacus,0.012,0.027,-1,Echolocation,/mnt/ubna_data_02_mir/recover-20221013/UBNA_001/20221012_030000.WAV,Telephone Field,recover-20221013,001,1795
1767.9445,1767.9513,23750,35349,Plecotus austriacus,0.011,0.025,-1,Echolocation,/mnt/ubna_data_02_mir/recover-20221013/UBNA_001/20221012_030000.WAV,Telephone Field,recover-20221013,001,1795
1767.9465,1767.9535,28046,38606,Eptesicus serotinus,0.008,0.026,-1,Echolocation,/mnt/ubna_data_02_mir/recover-20221013/UBNA_001/20221012_030000.WAV,Telephone Field,recover-20221013,001,1795
1767.9525,1767.9665,45234,47692,Pipistrellus pipistrellus,0.054,0.058,-1,Echolocation,/mnt/ubna_data_02_mir/recover-20221013/UBNA_001/20221012_030000.WAV,Telephone Field,recover-20221013,001,1795
1767.9555,1767.992,68437,81660,Rhinolophus ferrumequinum,0.023,0.023,-1,Echolocation,/mnt/ubna_data_02_mir/recover-20221013/UBNA_001/20221012_030000.WAV,Telephone Field,recover-20221013,001,1795
1767.9795,1767.9875,28906,37395,Eptesicus serotinus,0.007,0.021,-1,Echolocation,/mnt/ubna_data_02_mir/recover-20221013/UBNA_001/20221012_030000.WAV,Telephone Field,recover-20221013,001,1795
1768.0015,1768.0118,22031,27239,Nyctalus leisleri,0.011,0.026,-1,Echolocation,/mnt/ubna_data_02_mir/recover-20221013/UBNA_001/20221012_030000.WAV,Telephone Field,recover-20221013,001,1795
1768.0015,1768.0336,69296,81695,Rhinolophus ferrumequinum,0.024,0.024,-1,Echolocation,/mnt/ubna_data_02_mir/recover-20221013/UBNA_001/20221012_030000.WAV,Telephone Field,recover-20221013,001,1795
1768.0015,1768.0102,27187,36968,Eptesicus serotinus,0.007,0.023,-1,Echolocation,/mnt/ubna_data_02_mir/recover-20221013/UBNA_001/20221012_030000.WAV,Telephone Field,recover-20221013,001,1795
1768.0405,1768.0805,68437,81471,Rhinolophus ferrumequinum,0.023,0.023,-1,Echolocation,/mnt/ubna_data_02_mir/recover-20221013/UBNA_001/20221012_030000.WAV,Telephone Field,recover-20221013,001,1795
1768.0555,1768.0958,68437,82800,Rhinolophus ferrumequinum,0.023,0.023,-1,Echolocation,/mnt/ubna_data_02_mir/recover-20221013/UBNA_001/20221012_030000.WAV,Telephone Field,recover-20221013,001,1795
1768.0645,1768.1022,68437,81387,Rhinolophus ferrumequinum,0.021,0.021,-1,Echolocation,/mnt/ubna_data_02_mir/recover-20221013/UBNA_001/20221012_030000.WAV,Telephone Field,recover-20221013,001,1795
1768.0765,1768.1125,68437,81528,Rhinolophus ferrumequinum,0.023,0.023,-1,Echolocation,/mnt/ubna_data_02_mir/recover-20221013/UBNA_001/20221012_030000.WAV,Telephone Field,recover-20221013,001,1795
1768.0795,1768.0871,24609,33707,Plecotus austriacus,0.007,0.026,-1,Echolocation,/mnt/ubna_data_02_mir/recover-20221013/UBNA_001/20221012_030000.WAV,Telephone Field,recover-20221013,001,1795
1768.0875,1768.1259,68437,82608,Rhinolophus ferrumequinum,0.026,0.027,-1,Echolocation,/mnt/ubna_data_02_mir/recover-20221013/UBNA_001/20221012_030000.WAV,Telephone Field,recover-20221013,001,1795
1768.0915,1768.1018,23750,30353,Nyctalus leisleri,0.01,0.029,-1,Echolocation,/mnt/ubna_data_02_mir/recover-20221013/UBNA_001/20221012_030000.WAV,Telephone Field,recover-20221013,001,1795
1768.1475,1768.189,68437,83301,Rhinolophus ferrumequinum,0.027,0.027,-1,Echolocation,/mnt/ubna_data_02_mir/recover-20221013/UBNA_001/20221012_030000.WAV,Telephone Field,recover-20221013,001,1795
1768.1645,1768.172,27187,40374,Eptesicus serotinus,0.007,0.023,-1,Echolocation,/mnt/ubna_data_02_mir/recover-20221013/UBNA_001/20221012_030000.WAV,Telephone Field,recover-20221013,001,1795
1768.1915,1768.1991,32343,42429,Myotis daubentonii,0.008,0.025,-1,Echolocation,/mnt/ubna_data_02_mir/recover-20221013/UBNA_001/20221012_030000.WAV,Telephone Field,recover-20221013,001,1795
1768.2225,1768.2618,68437,82454,Rhinolophus ferrumequinum,0.026,0.026,-1,Echolocation,/mnt/ubna_data_02_mir/recover-20221013/UBNA_001/20221012_030000.WAV,Telephone Field,recover-20221013,001,1795
1768.2425,1768.2749,68437,80073,Rhinolophus ferrumequinum,0.021,0.022,-1,Echolocation,/mnt/ubna_data_02_mir/recover-20221013/UBNA_001/20221012_030000.WAV,Telephone Field,recover-20221013,001,1795
1768.2585,1768.2989,68437,82123,Rhinolophus ferrumequinum,0.021,0.021,-1,Echolocation,/mnt/ubna_data_02_mir/recover-20221013/UBNA_001/20221012_030000.WAV,Telephone Field,recover-20221013,001,1795
1768.2925,1768.3009,28046,39259,Eptesicus serotinus,0.008,0.024,-1,Echolocation,/mnt/ubna_data_02_mir/recover-20221013/UBNA_001/20221012_030000.WAV,Telephone Field,recover-20221013,001,1795
1768.3325,1768.3681,68437,81762,Rhinolophus ferrumequinum,0.024,0.024,-1,Echolocation,/mnt/ubna_data_02_mir/recover-20221013/UBNA_001/20221012_030000.WAV,Telephone Field,recover-20221013,001,1795
1768.3455,1768.381,68437,81831,Rhinolophus ferrumequinum,0.021,0.021,-1,Echolocation,/mnt/ubna_data_02_mir/recover-20221013/UBNA_001/20221012_030000.WAV,Telephone Field,recover-20221013,001,1795
1768.4005,1768.4362,68437,81124,Rhinolophus ferrumequinum,0.021,0.021,-1,Echolocation,/mnt/ubna_data_02_mir/recover-20221013/UBNA_001/20221012_030000.WAV,Telephone Field,recover-20221013,001,1795
1768.4105,1768.4484,68437,81811,Rhinolophus ferrumequinum,0.023,0.023,-1,Echolocation,/mnt/ubna_data_02_mir/recover-20221013/UBNA_001/20221012_030000.WAV,Telephone Field,recover-20221013,001,1795
1768.4195,1768.4307,44375,48514,Pipistrellus pipistrellus,0.019,0.022,-1,Echolocation,/mnt/ubna_data_02_mir/recover-20221013/UBNA_001/20221012_030000.WAV,Telephone Field,recover-20221013,001,1795
1768.4495,1768.4865,68437,82192,Rhinolophus ferrumequinum,0.024,0.024,-1,Echolocation,/mnt/ubna_data_02_mir/recover-20221013/UBNA_001/20221012_030000.WAV,Telephone Field,recover-20221013,001,1795
1768.4585,1768.4716,22890,27597,Nyctalus leisleri,0.013,0.027,-1,Echolocation,/mnt/ubna_data_02_mir/recover-20221013/UBNA_001/20221012_030000.WAV,Telephone Field,recover-20221013,001,1795
1768.4615,1768.4975,68437,81719,Rhinolophus ferrumequinum,0.024,0.025,-1,Echolocation,/mnt/ubna_data_02_mir/recover-20221013/UBNA_001/20221012_030000.WAV,Telephone Field,recover-20221013,001,1795
1768.5045,1768.5418,68437,82206,Rhinolophus ferrumequinum,0.022,0.023,-1,Echolocation,/mnt/ubna_data_02_mir/recover-20221013/UBNA_001/20221012_030000.WAV,Telephone Field,recover-20221013,001,1795
1768.5125,1768.5489,68437,81947,Rhinolophus ferrumequinum,0.023,0.023,-1,Echolocation,/mnt/ubna_data_02_mir/recover-20221013/UBNA_001/20221012_030000.WAV,Telephone Field,recover-20221013,001,1795
1768.5375,1768.5761,68437,82252,Rhinolophus ferrumequinum,0.023,0.023,-1,Echolocation,/mnt/ubna_data_02_mir/recover-20221013/UBNA_001/20221012_030000.WAV,Telephone Field,recover-20221013,001,1795
1768.5805,1768.6212,68437,82630,Rhinolophus ferrumequinum,0.021,0.021,-1,Echolocation,/mnt/ubna_data_02_mir/recover-20221013/UBNA_001/20221012_030000.WAV,Telephone Field,recover-20221013,001,1795
1768.5935,1768.6039,23750,28800,Nyctalus leisleri,0.011,0.022,-1,Echolocation,/mnt/ubna_data_02_mir/recover-20221013/UBNA_001/20221012_030000.WAV,Telephone Field,recover-20221013,001,1795
1768.6145,1768.6511,68437,81563,Rhinolophus ferrumequinum,0.024,0.024,-1,Echolocation,/mnt/ubna_data_02_mir/recover-20221013/UBNA_001/20221012_030000.WAV,Telephone Field,recover-20221013,001,1795
1768.6385,1768.6513,21171,24595,Nyctalus leisleri,0.013,0.022,-1,Echolocation,/mnt/ubna_data_02_mir/recover-20221013/UBNA_001/20221012_030000.WAV,Telephone Field,recover-20221013,001,1795
1768.6865,1768.7228,68437,81849,Rhinolophus ferrumequinum,0.022,0.022,-1,Echolocation,/mnt/ubna_data_02_mir/recover-20221013/UBNA_001/20221012_030000.WAV,Telephone Field,recover-20221013,001,1795
1768.7145,1768.7544,68437,83031,Rhinolophus ferrumequinum,0.026,0.026,-1,Echolocation,/mnt/ubna_data_02_mir/recover-20221013/UBNA_001/20221012_030000.WAV,Telephone Field,recover-20221013,001,1795
1768.7575,1768.8013,68437,83207,Rhinolophus ferrumequinum,0.038,0.038,-1,Echolocation,/mnt/ubna_data_02_mir/recover-20221013/UBNA_001/20221012_030000.WAV,Telephone Field,recover-20221013,001,1795
1768.7855,1768.8267,68437,82378,Rhinolophus ferrumequinum,0.026,0.026,-1,Echolocation,/mnt/ubna_data_02_mir/recover-20221013/UBNA_001/20221012_030000.WAV,Telephone Field,recover-20221013,001,1795
1768.8175,1768.8259,48671,54483,Pipistrellus pipistrellus,0.019,0.022,-1,Echolocation,/mnt/ubna_data_02_mir/recover-20221013/UBNA_001/20221012_030000.WAV,Telephone Field,recover-20221013,001,1795
1768.8215,1768.8271,39218,58372,Myotis mystacinus,0.007,0.021,-1,Echolocation,/mnt/ubna_data_02_mir/recover-20221013/UBNA_001/20221012_030000.WAV,Telephone Field,recover-20221013,001,1795
1768.8305,1768.8654,68437,80796,Rhinolophus ferrumequinum,0.021,0.021,-1,Echolocation,/mnt/ubna_data_02_mir/recover-20221013/UBNA_001/20221012_030000.WAV,Telephone Field,recover-20221013,001,1795
1768.8615,1768.9003,68437,82582,Rhinolophus ferrumequinum,0.024,0.024,-1,Echolocation,/mnt/ubna_data_02_mir/recover-20221013/UBNA_001/20221012_030000.WAV,Telephone Field,recover-20221013,001,1795
1768.8955,1768.9359,68437,82422,Rhinolophus ferrumequinum,0.022,0.022,-1,Echolocation,/mnt/ubna_data_02_mir/recover-20221013/UBNA_001/20221012_030000.WAV,Telephone Field,recover-20221013,001,1795
1768.9155,1768.9224,23750,32473,Plecotus austriacus,0.01,0.022,-1,Echolocation,/mnt/ubna_data_02_mir/recover-20221013/UBNA_001/20221012_030000.WAV,Telephone Field,recover-20221013,001,1795
1768.9165,1768.9243,28046,38013,Eptesicus serotinus,0.007,0.022,-1,Echolocation,/mnt/ubna_data_02_mir/recover-20221013/UBNA_001/20221012_030000.WAV,Telephone Field,recover-20221013,001,1795
1768.9205,1768.9585,68437,81680,Rhinolophus ferrumequinum,0.026,0.026,-1,Echolocation,/mnt/ubna_data_02_mir/recover-20221013/UBNA_001/20221012_030000.WAV,Telephone Field,recover-20221013,001,1795
1768.9545,1768.9956,68437,82576,Rhinolophus ferrumequinum,0.023,0.023,-1,Echolocation,/mnt/ubna_data_02_mir/recover-20221013/UBNA_001/20221012_030000.WAV,Telephone Field,recover-20221013,001,1795
1768.9655,1769.0054,68437,82168,Rhinolophus ferrumequinum,0.023,0.023,-1,Echolocation,/mnt/ubna_data_02_mir/recover-20221013/UBNA_001/20221012_030000.WAV,Telephone Field,recover-20221013,001,1795
1768.9765,1768.9832,26328,39809,Eptesicus serotinus,0.01,0.037,-1,Echolocation,/mnt/ubna_data_02_mir/recover-20221013/UBNA_001/20221012_030000.WAV,Telephone Field,recover-20221013,001,1795
1768.9795,1769.0189,68437,82877,Rhinolophus ferrumequinum,0.023,0.023,-1,Echolocation,/mnt/ubna_data_02_mir/recover-20221013/UBNA_001/20221012_030000.WAV,Telephone Field,recover-20221013,001,1795
1768.9945,1769.0132,21171,24155,Nyctalus leisleri,0.019,0.03,-1,Echolocation,/mnt/ubna_data_02_mir/recover-20221013/UBNA_001/20221012_030000.WAV,Telephone Field,recover-20221013,001,1795
1768.9955,1769.0349,68437,82374,Rhinolophus ferrumequinum,0.022,0.022,-1,Echolocation,/mnt/ubna_data_02_mir/recover-20221013/UBNA_001/20221012_030000.WAV,Telephone Field,recover-20221013,001,1795
1769.0055,1769.0458,68437,82653,Rhinolophus ferrumequinum,0.024,0.024,-1,Echolocation,/mnt/ubna_data_02_mir/recover-20221013/UBNA_001/20221012_030000.WAV,Telephone Field,recover-20221013,001,1795
1769.0445,1769.0525,27187,40421,Eptesicus serotinus,0.008,0.023,-1,Echolocation,/mnt/ubna_data_02_mir/recover-20221013/UBNA_001/20221012_030000.WAV,Telephone Field,recover-20221013,001,1795
1769.0475,1769.0867,68437,82351,Rhinolophus ferrumequinum,0.022,0.022,-1,Echolocation,/mnt/ubna_data_02_mir/recover-20221013/UBNA_001/20221012_030000.WAV,Telephone Field,recover-20221013,001,1795
1769.0595,1769.099,68437,82500,Rhinolophus ferrumequinum,0.021,0.021,-1,Echolocation,/mnt/ubna_data_02_mir/recover-20221013/UBNA_001/20221012_030000.WAV,Telephone Field,recover-20221013,001,1795
1769.0935,1769.1166,16875,20542,Nyctalus noctula,0.022,0.031,-1,Echolocation,/mnt/ubna_data_02_mir/recover-20221013/UBNA_001/20221012_030000.WAV,Telephone Field,recover-20221013,001,1795
1769.0975,1769.1364,68437,82505,Rhinolophus ferrumequinum,0.022,0.022,-1,Echolocation,/mnt/ubna_data_02_mir/recover-20221013/UBNA_001/20221012_030000.WAV,Telephone Field,recover-20221013,001,1795
1769.1035,1769.1104,26328,38556,Eptesicus serotinus,0.006,0.022,-1,Echolocation,/mnt/ubna_data_02_mir/recover-20221013/UBNA_001/20221012_030000.WAV,Telephone Field,recover-20221013,001,1795
1769.1235,1769.1591,68437,81384,Rhinolophus ferrumequinum,0.029,0.029,-1,Echolocation,/mnt/ubna_data_02_mir/recover-20221013/UBNA_001/20221012_030000.WAV,Telephone Field,recover-20221013,001,1795
1769.2395,1769.248,25468,33737,Eptesicus serotinus,0.008,0.024,-1,Echolocation,/mnt/ubna_data_02_mir/recover-20221013/UBNA_001/20221012_030000.WAV,Telephone Field,recover-20221013,001,1795
1769.2465,1769.2565,46953,50979,Pipistrellus pipistrellus,0.032,0.035,-1,Echolocation,/mnt/ubna_data_02_mir/recover-20221013/UBNA_001/20221012_030000.WAV,Telephone Field,recover-20221013,001,1795
1769.2495,1769.2882,68437,82546,Rhinolophus ferrumequinum,0.022,0.022,-1,Echolocation,/mnt/ubna_data_02_mir/recover-20221013/UBNA_001/20221012_030000.WAV,Telephone Field,recover-20221013,001,1795
1769.2555,1769.2644,49531,53676,Pipistrellus pipistrellus,0.025,0.031,-1,Echolocation,/mnt/ubna_data_02_mir/recover-20221013/UBNA_001/20221012_030000.WAV,Telephone Field,recover-20221013,001,1795
1769.2815,1769.2885,49531,53651,Pipistrellus pipistrellus,0.025,0.028,-1,Echolocation,/mnt/ubna_data_02_mir/recover-20221013/UBNA_001/20221012_030000.WAV,Telephone Field,recover-20221013,001,1795
1769.2875,1769.3245,68437,83078,Rhinolophus ferrumequinum,0.021,0.021,-1,Echolocation,/mnt/ubna_data_02_mir/recover-20221013/UBNA_001/20221012_030000.WAV,Telephone Field,recover-20221013,001,1795
1769.3185,1769.3558,68437,82168,Rhinolophus ferrumequinum,0.022,0.022,-1,Echolocation,/mnt/ubna_data_02_mir/recover-20221013/UBNA_001/20221012_030000.WAV,Telephone Field,recover-20221013,001,1795
1769.3275,1769.3353,22890,30645,Plecotus austriacus,0.01,0.022,-1,Echolocation,/mnt/ubna_data_02_mir/recover-20221013/UBNA_001/20221012_030000.WAV,Telephone Field,recover-20221013,001,1795
1769.3435,1769.3632,20312,23097,Nyctalus leisleri,0.034,0.06,-1,Echolocation,/mnt/ubna_data_02_mir/recover-20221013/UBNA_001/20221012_030000.WAV,Telephone Field,recover-20221013,001,1795
1769.3605,1769.3715,22890,27902,Nyctalus leisleri,0.01,0.022,-1,Echolocation,/mnt/ubna_data_02_mir/recover-20221013/UBNA_001/20221012_030000.WAV,Telephone Field,recover-20221013,001,1795
1769.3715,1769.4095,68437,82209,Rhinolophus ferrumequinum,0.022,0.022,-1,Echolocation,/mnt/ubna_data_02_mir/recover-20221013/UBNA_001/20221012_030000.WAV,Telephone Field,recover-20221013,001,1795
1769.3745,1769.382,43515,46412,Pipistrellus pipistrellus,0.022,0.024,-1,Echolocation,/mnt/ubna_data_02_mir/recover-20221013/UBNA_001/20221012_030000.WAV,Telephone Field,recover-20221013,001,1795
1769.3775,1769.416,68437,82726,Rhinolophus ferrumequinum,0.022,0.022,-1,Echolocation,/mnt/ubna_data_02_mir/recover-20221013/UBNA_001/20221012_030000.WAV,Telephone Field,recover-20221013,001,1795
1769.4705,1769.4776,24609,34562,Plecotus austriacus,0.011,0.027,-1,Echolocation,/mnt/ubna_data_02_mir/recover-20221013/UBNA_001/20221012_030000.WAV,Telephone Field,recover-20221013,001,1795
1769.4875,1769.4979,28046,35308,Eptesicus serotinus,0.011,0.025,-1,Echolocation,/mnt/ubna_data_02_mir/recover-20221013/UBNA_001/20221012_030000.WAV,Telephone Field,recover-20221013,001,1795
1769.5115,1769.5499,68437,81776,Rhinolophus ferrumequinum,0.021,0.021,-1,Echolocation,/mnt/ubna_data_02_mir/recover-20221013/UBNA_001/20221012_030000.WAV,Telephone Field,recover-20221013,001,1795
1769.5635,1769.5708,28046,39408,Eptesicus serotinus,0.007,0.024,-1,Echolocation,/mnt/ubna_data_02_mir/recover-20221013/UBNA_001/20221012_030000.WAV,Telephone Field,recover-20221013,001,1795
1769.5775,1769.6128,68437,81648,Rhinolophus ferrumequinum,0.023,0.023,-1,Echolocation,/mnt/ubna_data_02_mir/recover-20221013/UBNA_001/20221012_030000.WAV,Telephone Field,recover-20221013,001,1795
1769.5885,1769.631,68437,83516,Rhinolophus ferrumequinum,0.035,0.035,-1,Echolocation,/mnt/ubna_data_02_mir/recover-20221013/UBNA_001/20221012_030000.WAV,Telephone Field,recover-20221013,001,1795
1769.6035,1769.6115,26328,33997,Eptesicus serotinus,0.008,0.023,-1,Echolocation,/mnt/ubna_data_02_mir/recover-20221013/UBNA_001/20221012_030000.WAV,Telephone Field,recover-20221013,001,1795
1769.6235,1769.6607,68437,81544,Rhinolophus ferrumequinum,0.021,0.021,-1,Echolocation,/mnt/ubna_data_02_mir/recover-20221013/UBNA_001/20221012_030000.WAV,Telephone Field,recover-20221013,001,1795
1769.6635,1769.7041,68437,81957,Rhinolophus ferrumequinum,0.023,0.023,-1,Echolocation,/mnt/ubna_data_02_mir/recover-20221013/UBNA_001/20221012_030000.WAV,Telephone Field,recover-20221013,001,1795
1769.6685,1769.7074,68437,82007,Rhinolophus ferrumequinum,0.023,0.023,-1,Echolocation,/mnt/ubna_data_02_mir/recover-20221013/UBNA_001/20221012_030000.WAV,Telephone Field,recover-20221013,001,1795
1769.7115,1769.7509,68437,82693,Rhinolophus ferrumequinum,0.022,0.022,-1,Echolocation,/mnt/ubna_data_02_mir/recover-20221013/UBNA_001/20221012_030000.WAV,Telephone Field,recover-20221013,001,1795
1769.7125,1769.7218,28046,38170,Eptesicus serotinus,0.009,0.024,-1,Echolocation,/mnt/ubna_data_02_mir/recover-20221013/UBNA_001/20221012_030000.WAV,Telephone Field,recover-20221013,001,1795
1769.7405,1769.7482,23750,32467,Plecotus austriacus,0.006,0.022,-1,Echolocation,/mnt/ubna_data_02_mir/recover-20221013/UBNA_001/20221012_030000.WAV,Telephone Field,recover-20221013,001,1795
1769.7975,1769.8341,68437,81963,Rhinolophus ferrumequinum,0.024,0.024,-1,Echolocation,/mnt/ubna_data_02_mir/recover-20221013/UBNA_001/20221012_030000.WAV,Telephone Field,recover-20221013,001,1795
1769.8125,1769.8208,23750,31745,Plecotus austriacus,0.009,0.026,-1,Echolocation,/mnt/ubna_data_02_mir/recover-20221013/UBNA_001/20221012_030000.WAV,Telephone Field,recover-20221013,001,1795
1769.8165,1769.8556,68437,82199,Rhinolophus ferrumequinum,0.022,0.022,-1,Echolocation,/mnt/ubna_data_02_mir/recover-20221013/UBNA_001/20221012_030000.WAV,Telephone Field,recover-20221013,001,1795
1769.8345,1769.8727,68437,81734,Rhinolophus ferrumequinum,0.023,0.023,-1,Echolocation,/mnt/ubna_data_02_mir/recover-20221013/UBNA_001/20221012_030000.WAV,Telephone Field,recover-20221013,001,1795
1769.8415,1769.8506,26328,35403,Eptesicus serotinus,0.01,0.022,-1,Echolocation,/mnt/ubna_data_02_mir/recover-20221013/UBNA_001/20221012_030000.WAV,Telephone Field,recover-20221013,001,1795
1769.8555,1769.8912,68437,81931,Rhinolophus ferrumequinum,0.022,0.022,-1,Echolocation,/mnt/ubna_data_02_mir/recover-20221013/UBNA_001/20221012_030000.WAV,Telephone Field,recover-20221013,001,1795
1769.8915,1769.9306,68437,82394,Rhinolophus ferrumequinum,0.023,0.023,-1,Echolocation,/mnt/ubna_data_02_mir/recover-20221013/UBNA_001/20221012_030000.WAV,Telephone Field,recover-20221013,001,1795
1769.9085,1769.9472,68437,81906,Rhinolophus ferrumequinum,0.022,0.022,-1,Echolocation,/mnt/ubna_data_02_mir/recover-20221013/UBNA_001/20221012_030000.WAV,Telephone Field,recover-20221013,001,1795
1769.9205,1769.9267,24609,35897,Plecotus austriacus,0.01,0.027,-1,Echolocation,/mnt/ubna_data_02_mir/recover-20221013/UBNA_001/20221012_030000.WAV,Telephone Field,recover-20221013,001,1795
1769.9785,1769.9878,24609,31319,Eptesicus serotinus,0.007,0.022,-1,Echolocation,/mnt/ubna_data_02_mir/recover-20221013/UBNA_001/20221012_030000.WAV,Telephone Field,recover-20221013,001,1795
1770.0015,1770.0096,24609,36529,Myotis nattereri,0.004,0.022,-1,Echolocation,/mnt/ubna_data_02_mir/recover-20221013/UBNA_001/20221012_030000.WAV,Telephone Field,recover-20221013,001,1795
1770.0015,1770.0331,68437,79511,Rhinolophus ferrumequinum,0.03,0.031,-1,Echolocation,/mnt/ubna_data_02_mir/recover-20221013/UBNA_001/20221012_030000.WAV,Telephone Field,recover-20221013,001,1795
1770.0155,1770.0564,68437,82774,Rhinolophus ferrumequinum,0.021,0.021,-1,Echolocation,/mnt/ubna_data_02_mir/recover-20221013/UBNA_001/20221012_030000.WAV,Telephone Field,recover-20221013,001,1795
1770.0405,1770.0813,68437,82507,Rhinolophus ferrumequinum,0.022,0.022,-1,Echolocation,/mnt/ubna_data_02_mir/recover-20221013/UBNA_001/20221012_030000.WAV,Telephone Field,recover-20221013,001,1795
1770.0525,1770.0863,68437,81194,Rhinolophus ferrumequinum,0.021,0.021,-1,Echolocation,/mnt/ubna_data_02_mir/recover-20221013/UBNA_001/20221012_030000.WAV,Telephone Field,recover-20221013,001,1795
1770.0625,1770.0974,68437,81354,Rhinolophus ferrumequinum,0.03,0.03,-1,Echolocation,/mnt/ubna_data_02_mir/recover-20221013/UBNA_001/20221012_030000.WAV,Telephone Field,recover-20221013,001,1795
1770.0805,1770.0873,24609,35868,Plecotus austriacus,0.008,0.024,-1,Echolocation,/mnt/ubna_data_02_mir/recover-20221013/UBNA_001/20221012_030000.WAV,Telephone Field,recover-20221013,001,1795
1770.1165,1770.1271,23750,29192,Nyctalus leisleri,0.012,0.024,-1,Echolocation,/mnt/ubna_data_02_mir/recover-20221013/UBNA_001/20221012_030000.WAV,Telephone Field,recover-20221013,001,1795
1770.1205,1770.1636,68437,82847,Rhinolophus ferrumequinum,0.024,0.024,-1,Echolocation,/mnt/ubna_data_02_mir/recover-20221013/UBNA_001/20221012_030000.WAV,Telephone Field,recover-20221013,001,1795
1770.1835,1770.1901,30625,41735,Myotis daubentonii,0.018,0.037,-1,Echolocation,/mnt/ubna_data_02_mir/recover-20221013/UBNA_001/20221012_030000.WAV,Telephone Field,recover-20221013,001,1795
1770.2215,1770.2608,68437,82620,Rhinolophus ferrumequinum,0.022,0.022,-1,Echolocation,/mnt/ubna_data_02_mir/recover-20221013/UBNA_001/20221012_030000.WAV,Telephone Field,recover-20221013,001,1795
1770.2225,1770.2311,27187,39921,Eptesicus serotinus,0.007,0.021,-1,Echolocation,/mnt/ubna_data_02_mir/recover-20221013/UBNA_001/20221012_030000.WAV,Telephone Field,recover-20221013,001,1795
1770.2565,1770.2963,68437,82396,Rhinolophus ferrumequinum,0.023,0.023,-1,Echolocation,/mnt/ubna_data_02_mir/recover-20221013/UBNA_001/20221012_030000.WAV,Telephone Field,recover-20221013,001,1795
1770.3265,1770.3663,68437,82273,Rhinolophus ferrumequinum,0.024,0.024,-1,Echolocation,/mnt/ubna_data_02_mir/recover-20221013/UBNA_001/20221012_030000.WAV,Telephone Field,recover-20221013,001,1795
1770.3355,1770.3408,39218,48586,Myotis daubentonii,0.012,0.033,-1,Echolocation,/mnt/ubna_data_02_mir/recover-20221013/UBNA_001/20221012_030000.WAV,Telephone Field,recover-20221013,001,1795
1770.3375,1770.3459,26328,37204,Eptesicus serotinus,0.008,0.028,-1,Echolocation,/mnt/ubna_data_02_mir/recover-20221013/UBNA_001/20221012_030000.WAV,Telephone Field,recover-20221013,001,1795
1770.3435,1770.3557,23750,28962,Nyctalus leisleri,0.014,0.028,-1,Echolocation,/mnt/ubna_data_02_mir/recover-20221013/UBNA_001/20221012_030000.WAV,Telephone Field,recover-20221013,001,1795
1770.3535,1770.3604,28046,39572,Eptesicus serotinus,0.006,0.023,-1,Echolocation,/mnt/ubna_data_02_mir/recover-20221013/UBNA_001/20221012_030000.WAV,Telephone Field,recover-20221013,001,1795
1770.3645,1770.4042,68437,82746,Rhinolophus ferrumequinum,0.027,0.027,-1,Echolocation,/mnt/ubna_data_02_mir/recover-20221013/UBNA_001/20221012_030000.WAV,Telephone Field,recover-20221013,001,1795
1770.3835,1770.4217,68437,82106,Rhinolophus ferrumequinum,0.025,0.025,-1,Echolocation,/mnt/ubna_data_02_mir/recover-20221013/UBNA_001/20221012_030000.WAV,Telephone Field,recover-20221013,001,1795
1770.3835,1770.3916,28906,36943,Eptesicus serotinus,0.007,0.022,-1,Echolocation,/mnt/ubna_data_02_mir/recover-20221013/UBNA_001/20221012_030000.WAV,Telephone Field,recover-20221013,001,1795
1770.3845,1770.3923,22890,30585,Plecotus austriacus,0.012,0.025,-1,Echolocation,/mnt/ubna_data_02_mir/recover-20221013/UBNA_001/20221012_030000.WAV,Telephone Field,recover-20221013,001,1795
1770.4215,1770.4609,68437,82245,Rhinolophus ferrumequinum,0.022,0.022,-1,Echolocation,/mnt/ubna_data_02_mir/recover-20221013/UBNA_001/20221012_030000.WAV,Telephone Field,recover-20221013,001,1795
1770.4265,1770.4663,68437,82250,Rhinolophus ferrumequinum,0.022,0.022,-1,Echolocation,/mnt/ubna_data_02_mir/recover-20221013/UBNA_001/20221012_030000.WAV,Telephone Field,recover-20221013,001,1795
1770.4595,1770.468,25468,34319,Eptesicus serotinus,0.007,0.023,-1,Echolocation,/mnt/ubna_data_02_mir/recover-20221013/UBNA_001/20221012_030000.WAV,Telephone Field,recover-20221013,001,1795
1770.4785,1770.5159,68437,82508,Rhinolophus ferrumequinum,0.022,0.022,-1,Echolocation,/mnt/ubna_data_02_mir/recover-20221013/UBNA_001/20221012_030000.WAV,Telephone Field,recover-20221013,001,1795
1770.4925,1770.5343,68437,83266,Rhinolophus ferrumequinum,0.029,0.029,-1,Echolocation,/mnt/ubna_data_02_mir/recover-20221013/UBNA_001/20221012_030000.WAV,Telephone Field,recover-20221013,001,1795
1770.5005,1770.5085,28046,37133,Eptesicus serotinus,0.007,0.022,-1,Echolocation,/mnt/ubna_data_02_mir/recover-20221013/UBNA_001/20221012_030000.WAV,Telephone Field,recover-20221013,001,1795
1770.5185,1770.5259,28046,38157,Eptesicus serotinus,0.007,0.021,-1,Echolocation,/mnt/ubna_data_02_mir/recover-20221013/UBNA_001/20221012_030000.WAV,Telephone Field,recover-20221013,001,1795
1770.5395,1770.5763,68437,80479,Rhinolophus ferrumequinum,0.03,0.031,-1,Echolocation,/mnt/ubna_data_02_mir/recover-20221013/UBNA_001/20221012_030000.WAV,Telephone Field,recover-20221013,001,1795
1770.5505,1770.5611,25468,32049,Nyctalus leisleri,0.01,0.027,-1,Echolocation,/mnt/ubna_data_02_mir/recover-20221013/UBNA_001/20221012_030000.WAV,Telephone Field,recover-20221013,001,1795
1770.5535,1770.5919,68437,81855,Rhinolophus ferrumequinum,0.021,0.022,-1,Echolocation,/mnt/ubna_data_02_mir/recover-20221013/UBNA_001/20221012_030000.WAV,Telephone Field,recover-20221013,001,1795
1770.5675,1770.6049,68437,82698,Rhinolophus ferrumequinum,0.022,0.022,-1,Echolocation,/mnt/ubna_data_02_mir/recover-20221013/UBNA_001/20221012_030000.WAV,Telephone Field,recover-20221013,001,1795
1770.5775,1770.615,68437,81421,Rhinolophus ferrumequinum,0.021,0.021,-1,Echolocation,/mnt/ubna_data_02_mir/recover-20221013/UBNA_001/20221012_030000.WAV,Telephone Field,recover-20221013,001,1795
1770.5825,1770.5913,37500,46748,Pipistrellus nathusii,0.006,0.022,-1,Echolocation,/mnt/ubna_data_02_mir/recover-20221013/UBNA_001/20221012_030000.WAV,Telephone Field,recover-20221013,001,1795
1770.5865,1770.5965,22031,27341,Nyctalus leisleri,0.008,0.022,-1,Echolocation,/mnt/ubna_data_02_mir/recover-20221013/UBNA_001/20221012_030000.WAV,Telephone Field,recover-20221013,001,1795
1770.6355,1770.6463,56406,61027,Pipistrellus pygmaeus,0.027,0.028,-1,Echolocation,/mnt/ubna_data_02_mir/recover-20221013/UBNA_001/20221012_030000.WAV,Telephone Field,recover-20221013,001,1795
1770.6465,1770.6843,68437,81863,Rhinolophus ferrumequinum,0.025,0.025,-1,Echolocation,/mnt/ubna_data_02_mir/recover-20221013/UBNA_001/20221012_030000.WAV,Telephone Field,recover-20221013,001,1795
1770.6615,1770.7015,68437,82217,Rhinolophus ferrumequinum,0.022,0.022,-1,Echolocation,/mnt/ubna_data_02_mir/recover-20221013/UBNA_001/20221012_030000.WAV,Telephone Field,recover-20221013,001,1795
1770.6875,1770.6976,44375,48987,Pipistrellus pipistrellus,0.017,0.021,-1,Echolocation,/mnt/ubna_data_02_mir/recover-20221013/UBNA_001/20221012_030000.WAV,Telephone Field,recover-20221013,001,1795
1770.6885,1770.6962,28046,39308,Eptesicus serotinus,0.007,0.024,-1,Echolocation,/mnt/ubna_data_02_mir/recover-20221013/UBNA_001/20221012_030000.WAV,Telephone Field,recover-20221013,001,1795
1770.7025,1770.7125,23750,29694,Nyctalus leisleri,0.009,0.021,-1,Echolocation,/mnt/ubna_data_02_mir/recover-20221013/UBNA_001/20221012_030000.WAV,Telephone Field,recover-20221013,001,1795
1770.7305,1770.7747,68437,83248,Rhinolophus ferrumequinum,0.049,0.049,-1,Echolocation,/mnt/ubna_data_02_mir/recover-20221013/UBNA_001/20221012_030000.WAV,Telephone Field,recover-20221013,001,1795
1770.7325,1770.7391,28046,40526,Eptesicus serotinus,0.006,0.023,-1,Echolocation,/mnt/ubna_data_02_mir/recover-20221013/UBNA_001/20221012_030000.WAV,Telephone Field,recover-20221013,001,1795
1770.7415,1770.7519,28046,34638,Eptesicus serotinus,0.011,0.023,-1,Echolocation,/mnt/ubna_data_02_mir/recover-20221013/UBNA_001/20221012_030000.WAV,Telephone Field,recover-20221013,001,1795
1770.7965,1770.8336,68437,82159,Rhinolophus ferrumequinum,0.022,0.022,-1,Echolocation,/mnt/ubna_data_02_mir/recover-20221013/UBNA_001/20221012_030000.WAV,Telephone Field,recover-20221013,001,1795
1770.8505,1770.8612,22890,27711,Nyctalus leisleri,0.011,0.021,-1,Echolocation,/mnt/ubna_data_02_mir/recover-20221013/UBNA_001/20221012_030000.WAV,Telephone Field,recover-20221013,001,1795
1770.8885,1770.895,28046,42921,Eptesicus serotinus,0.008,0.031,-1,Echolocation,/mnt/ubna_data_02_mir/recover-20221013/UBNA_001/20221012_030000.WAV,Telephone Field,recover-20221013,001,1795
1770.9225,1770.9649,68437,83364,Rhinolophus ferrumequinum,0.038,0.038,-1,Echolocation,/mnt/ubna_data_02_mir/recover-20221013/UBNA_001/20221012_030000.WAV,Telephone Field,recover-20221013,001,1795
1770.9505,1770.959,28046,39427,Eptesicus serotinus,0.009,0.025,-1,Echolocation,/mnt/ubna_data_02_mir/recover-20221013/UBNA_001/20221012_030000.WAV,Telephone Field,recover-20221013,001,1795
1770.9625,1771.0009,68437,82482,Rhinolophus ferrumequinum,0.03,0.03,-1,Echolocation,/mnt/ubna_data_02_mir/recover-20221013/UBNA_001/20221012_030000.WAV,Telephone Field,recover-20221013,001,1795
1770.9715,1770.9826,28906,36522,Eptesicus serotinus,0.021,0.037,-1,Echolocation,/mnt/ubna_data_02_mir/recover-20221013/UBNA_001/20221012_030000.WAV,Telephone Field,recover-20221013,001,1795
1771.0125,1771.02,28906,39094,Eptesicus serotinus,0.009,0.025,-1,Echolocation,/mnt/ubna_data_02_mir/recover-20221013/UBNA_001/20221012_030000.WAV,Telephone Field,recover-20221013,001,1795
1771.0215,1771.06,68437,81955,Rhinolophus ferrumequinum,0.024,0.024,-1,Echolocation,/mnt/ubna_data_02_mir/recover-20221013/UBNA_001/20221012_030000.WAV,Telephone Field,recover-20221013,001,1795
1771.0285,1771.0672,68437,81957,Rhinolophus ferrumequinum,0.021,0.021,-1,Echolocation,/mnt/ubna_data_02_mir/recover-20221013/UBNA_001/20221012_030000.WAV,Telephone Field,recover-20221013,001,1795
1771.0305,1771.0404,28906,36739,Eptesicus serotinus,0.008,0.022,-1,Echolocation,/mnt/ubna_data_02_mir/recover-20221013/UBNA_001/20221012_030000.WAV,Telephone Field,recover-20221013,001,1795
1771.0465,1771.0857,68437,82332,Rhinolophus ferrumequinum,0.028,0.028,-1,Echolocation,/mnt/ubna_data_02_mir/recover-20221013/UBNA_001/20221012_030000.WAV,Telephone Field,recover-20221013,001,1795
1771.0655,1771.1079,68437,83362,Rhinolophus ferrumequinum,0.025,0.025,-1,Echolocation,/mnt/ubna_data_02_mir/recover-20221013/UBNA_001/20221012_030000.WAV,Telephone Field,recover-20221013,001,1795
1771.1085,1771.1481,68437,82185,Rhinolophus ferrumequinum,0.038,0.038,-1,Echolocation,/mnt/ubna_data_02_mir/recover-20221013/UBNA_001/20221012_030000.WAV,Telephone Field,recover-20221013,001,1795
1771.1145,1771.1234,22890,29772,Plecotus austriacus,0.009,0.025,-1,Echolocation,/mnt/ubna_data_02_mir/recover-20221013/UBNA_001/20221012_030000.WAV,Telephone Field,recover-20221013,001,1795
1771.1455,1771.186,68437,81963,Rhinolophus ferrumequinum,0.035,0.035,-1,Echolocation,/mnt/ubna_data_02_mir/recover-20221013/UBNA_001/20221012_030000.WAV,Telephone Field,recover-20221013,001,1795
1771.1485,1771.1559,24609,33654,Plecotus austriacus,0.008,0.025,-1,Echolocation,/mnt/ubna_data_02_mir/recover-20221013/UBNA_001/20221012_030000.WAV,Telephone Field,recover-20221013,001,1795
1771.1875,1771.2279,68437,82522,Rhinolophus ferrumequinum,0.023,0.023,-1,Echolocation,/mnt/ubna_data_02_mir/recover-20221013/UBNA_001/20221012_030000.WAV,Telephone Field,recover-20221013,001,1795
1771.1905,1771.1976,28046,42106,Eptesicus serotinus,0.008,0.028,-1,Echolocation,/mnt/ubna_data_02_mir/recover-20221013/UBNA_001/20221012_030000.WAV,Telephone Field,recover-20221013,001,1795
1771.2095,1771.2497,68437,81949,Rhinolophus ferrumequinum,0.023,0.023,-1,Echolocation,/mnt/ubna_data_02_mir/recover-20221013/UBNA_001/20221012_030000.WAV,Telephone Field,recover-20221013,001,1795
1771.2475,1771.2543,28046,38781,Eptesicus serotinus,0.01,0.028,-1,Echolocation,/mnt/ubna_data_02_mir/recover-20221013/UBNA_001/20221012_030000.WAV,Telephone Field,recover-20221013,001,1795
1771.2945,1771.3114,18593,22686,Nyctalus noctula,0.014,0.024,-1,Echolocation,/mnt/ubna_data_02_mir/recover-20221013/UBNA_001/20221012_030000.WAV,Telephone Field,recover-20221013,001,1795
1771.2955,1771.3332,68437,82426,Rhinolophus ferrumequinum,0.023,0.023,-1,Echolocation,/mnt/ubna_data_02_mir/recover-20221013/UBNA_001/20221012_030000.WAV,Telephone Field,recover-20221013,001,1795
1771.3365,1771.3768,68437,82365,Rhinolophus ferrumequinum,0.022,0.023,-1,Echolocation,/mnt/ubna_data_02_mir/recover-20221013/UBNA_001/20221012_030000.WAV,Telephone Field,recover-20221013,001,1795
1771.3465,1771.3845,68437,81748,Rhinolophus ferrumequinum,0.021,0.021,-1,Echolocation,/mnt/ubna_data_02_mir/recover-20221013/UBNA_001/20221012_030000.WAV,Telephone Field,recover-20221013,001,1795
1771.3495,1771.3574,48671,56289,Pipistrellus pipistrellus,0.021,0.023,-1,Echolocation,/mnt/ubna_data_02_mir/recover-20221013/UBNA_001/20221012_030000.WAV,Telephone Field,recover-20221013,001,1795
1771.3655,1771.3754,23750,30045,Nyctalus leisleri,0.008,0.023,-1,Echolocation,/mnt/ubna_data_02_mir/recover-20221013/UBNA_001/20221012_030000.WAV,Telephone Field,recover-20221013,001,1795
1771.3795,1771.3881,28046,37881,Eptesicus serotinus,0.017,0.037,-1,Echolocation,/mnt/ubna_data_02_mir/recover-20221013/UBNA_001/20221012_030000.WAV,Telephone Field,recover-20221013,001,1795
1771.3865,1771.4239,68437,81992,Rhinolophus ferrumequinum,0.022,0.022,-1,Echolocation,/mnt/ubna_data_02_mir/recover-20221013/UBNA_001/20221012_030000.WAV,Telephone Field,recover-20221013,001,1795
1771.4155,1771.4222,28046,39755,Eptesicus serotinus,0.005,0.022,-1,Echolocation,/mnt/ubna_data_02_mir/recover-20221013/UBNA_001/20221012_030000.WAV,Telephone Field,recover-20221013,001,1795
1771.4445,1771.4525,26328,34785,Eptesicus serotinus,0.009,0.025,-1,Echolocation,/mnt/ubna_data_02_mir/recover-20221013/UBNA_001/20221012_030000.WAV,Telephone Field,recover-20221013,001,1795
1771.4535,1771.4612,45234,48986,Pipistrellus pipistrellus,0.029,0.031,-1,Echolocation,/mnt/ubna_data_02_mir/recover-20221013/UBNA_001/20221012_030000.WAV,Telephone Field,recover-20221013,001,1795
1771.4725,1771.4799,28046,39149,Eptesicus serotinus,0.007,0.021,-1,Echolocation,/mnt/ubna_data_02_mir/recover-20221013/UBNA_001/20221012_030000.WAV,Telephone Field,recover-20221013,001,1795
1771.4845,1771.5242,68437,82745,Rhinolophus ferrumequinum,0.023,0.023,-1,Echolocation,/mnt/ubna_data_02_mir/recover-20221013/UBNA_001/20221012_030000.WAV,Telephone Field,recover-20221013,001,1795
1771.4935,1771.5033,48671,53354,Pipistrellus pipistrellus,0.018,0.021,-1,Echolocation,/mnt/ubna_data_02_mir/recover-20221013/UBNA_001/20221012_030000.WAV,Telephone Field,recover-20221013,001,1795
1771.5025,1771.511,28046,38167,Eptesicus serotinus,0.008,0.022,-1,Echolocation,/mnt/ubna_data_02_mir/recover-20221013/UBNA_001/20221012_030000.WAV,Telephone Field,recover-20221013,001,1795
1771.5125,1771.5518,68437,82227,Rhinolophus ferrumequinum,0.026,0.026,-1,Echolocation,/mnt/ubna_data_02_mir/recover-20221013/UBNA_001/20221012_030000.WAV,Telephone Field,recover-20221013,001,1795
1771.5205,1771.528,26328,37784,Eptesicus serotinus,0.006,0.023,-1,Echolocation,/mnt/ubna_data_02_mir/recover-20221013/UBNA_001/20221012_030000.WAV,Telephone Field,recover-20221013,001,1795
1771.5315,1771.5427,23750,30106,Nyctalus leisleri,0.009,0.023,-1,Echolocation,/mnt/ubna_data_02_mir/recover-20221013/UBNA_001/20221012_030000.WAV,Telephone Field,recover-20221013,001,1795
1771.5415,1771.5496,47812,52854,Pipistrellus pipistrellus,0.022,0.023,-1,Echolocation,/mnt/ubna_data_02_mir/recover-20221013/UBNA_001/20221012_030000.WAV,Telephone Field,recover-20221013,001,1795
1771.5465,1771.5546,23750,32528,Plecotus austriacus,0.009,0.024,-1,Echolocation,/mnt/ubna_data_02_mir/recover-20221013/UBNA_001/20221012_030000.WAV,Telephone Field,recover-20221013,001,1795
1771.5605,1771.6,68437,81802,Rhinolophus ferrumequinum,0.021,0.021,-1,Echolocation,/mnt/ubna_data_02_mir/recover-20221013/UBNA_001/20221012_030000.WAV,Telephone Field,recover-20221013,001,1795
1771.5635,1771.5745,24609,30952,Nyctalus leisleri,0.009,0.024,-1,Echolocation,/mnt/ubna_data_02_mir/recover-20221013/UBNA_001/20221012_030000.WAV,Telephone Field,recover-20221013,001,1795
1771.5825,1771.6203,68437,81999,Rhinolophus ferrumequinum,0.022,0.022,-1,Echolocation,/mnt/ubna_data_02_mir/recover-20221013/UBNA_001/20221012_030000.WAV,Telephone Field,recover-20221013,001,1795
1771.6025,1771.6113,28906,36823,Eptesicus serotinus,0.007,0.022,-1,Echolocation,/mnt/ubna_data_02_mir/recover-20221013/UBNA_001/20221012_030000.WAV,Telephone Field,recover-20221013,001,1795
1771.6225,1771.659,68437,81063,Rhinolophus ferrumequinum,0.022,0.022,-1,Echolocation,/mnt/ubna_data_02_mir/recover-20221013/UBNA_001/20221012_030000.WAV,Telephone Field,recover-20221013,001,1795
1771.6635,1771.7031,68437,82426,Rhinolophus ferrumequinum,0.025,0.025,-1,Echolocation,/mnt/ubna_data_02_mir/recover-20221013/UBNA_001/20221012_030000.WAV,Telephone Field,recover-20221013,001,1795
1771.6675,1771.6752,27187,39198,Eptesicus serotinus,0.008,0.026,-1,Echolocation,/mnt/ubna_data_02_mir/recover-20221013/UBNA_001/20221012_030000.WAV,Telephone Field,recover-20221013,001,1795
1771.6945,1771.7388,68437,83498,Rhinolophus ferrumequinum,0.033,0.033,-1,Echolocation,/mnt/ubna_data_02_mir/recover-20221013/UBNA_001/20221012_030000.WAV,Telephone Field,recover-20221013,001,1795
1771.7185,1771.7571,68437,82297,Rhinolophus ferrumequinum,0.021,0.021,-1,Echolocation,/mnt/ubna_data_02_mir/recover-20221013/UBNA_001/20221012_030000.WAV,Telephone Field,recover-20221013,001,1795
1771.7195,1771.7256,38359,54191,Myotis daubentonii,0.006,0.021,-1,Echolocation,/mnt/ubna_data_02_mir/recover-20221013/UBNA_001/20221012_030000.WAV,Telephone Field,recover-20221013,001,1795
1771.7195,1771.7259,32343,58201,Myotis daubentonii,0.008,0.021,-1,Echolocation,/mnt/ubna_data_02_mir/recover-20221013/UBNA_001/20221012_030000.WAV,Telephone Field,recover-20221013,001,1795
1771.7225,1771.7318,26328,36335,Eptesicus serotinus,0.008,0.022,-1,Echolocation,/mnt/ubna_data_02_mir/recover-20221013/UBNA_001/20221012_030000.WAV,Telephone Field,recover-20221013,001,1795
1771.7605,1771.7707,28906,36125,Eptesicus serotinus,0.013,0.026,-1,Echolocation,/mnt/ubna_data_02_mir/recover-20221013/UBNA_001/20221012_030000.WAV,Telephone Field,recover-20221013,001,1795
1771.7615,1771.7997,68437,81881,Rhinolophus ferrumequinum,0.021,0.021,-1,Echolocation,/mnt/ubna_data_02_mir/recover-20221013/UBNA_001/20221012_030000.WAV,Telephone Field,recover-20221013,001,1795
1771.7815,1771.7934,23750,29784,Nyctalus leisleri,0.012,0.029,-1,Echolocation,/mnt/ubna_data_02_mir/recover-20221013/UBNA_001/20221012_030000.WAV,Telephone Field,recover-20221013,001,1795
1771.8545,1771.8987,68437,83548,Rhinolophus ferrumequinum,0.032,0.032,-1,Echolocation,/mnt/ubna_data_02_mir/recover-20221013/UBNA_001/20221012_030000.WAV,Telephone Field,recover-20221013,001,1795
1771.8795,1771.887,28046,38777,Eptesicus serotinus,0.006,0.021,-1,Echolocation,/mnt/ubna_data_02_mir/recover-20221013/UBNA_001/20221012_030000.WAV,Telephone Field,recover-20221013,001,1795
1771.9345,1771.944,22890,29309,Nyctalus leisleri,0.008,0.025,-1,Echolocation,/mnt/ubna_data_02_mir/recover-20221013/UBNA_001/20221012_030000.WAV,Telephone Field,recover-20221013,001,1795
1771.9385,1771.978,68437,82437,Rhinolophus ferrumequinum,0.027,0.027,-1,Echolocation,/mnt/ubna_data_02_mir/recover-20221013/UBNA_001/20221012_030000.WAV,Telephone Field,recover-20221013,001,1795
1771.9635,1771.9743,46953,50468,Pipistrellus pipistrellus,0.032,0.034,-1,Echolocation,/mnt/ubna_data_02_mir/recover-20221013/UBNA_001/20221012_030000.WAV,Telephone Field,recover-20221013,001,1795
1772.0015,1772.0356,68437,80199,Rhinolophus ferrumequinum,0.053,0.053,-1,Echolocation,/mnt/ubna_data_02_mir/recover-20221013/UBNA_001/20221012_030000.WAV,Telephone Field,recover-20221013,001,1795
1772.0015,1772.0114,27187,36833,Eptesicus serotinus,0.013,0.038,-1,Echolocation,/mnt/ubna_data_02_mir/recover-20221013/UBNA_001/20221012_030000.WAV,Telephone Field,recover-20221013,001,1795
1772.0335,1772.0424,41796,50296,Pipistrellus nathusii,0.006,0.027,-1,Echolocation,/mnt/ubna_data_02_mir/recover-20221013/UBNA_001/20221012_030000.WAV,Telephone Field,recover-20221013,001,1795
1772.0745,1772.0852,22890,28928,Nyctalus leisleri,0.01,0.023,-1,Echolocation,/mnt/ubna_data_02_mir/recover-20221013/UBNA_001/20221012_030000.WAV,Telephone Field,recover-20221013,001,1795
1772.0985,1772.1371,68437,82285,Rhinolophus ferrumequinum,0.025,0.025,-1,Echolocation,/mnt/ubna_data_02_mir/recover-20221013/UBNA_001/20221012_030000.WAV,Telephone Field,recover-20221013,001,1795
1772.1255,1772.1669,68437,82521,Rhinolophus ferrumequinum,0.025,0.025,-1,Echolocation,/mnt/ubna_data_02_mir/recover-20221013/UBNA_001/20221012_030000.WAV,Telephone Field,recover-20221013,001,1795
1772.1455,1772.1847,68437,82542,Rhinolophus ferrumequinum,0.036,0.036,-1,Echolocation,/mnt/ubna_data_02_mir/recover-20221013/UBNA_001/20221012_030000.WAV,Telephone Field,recover-20221013,001,1795
1772.1835,1772.1945,23750,31217,Nyctalus leisleri,0.012,0.035,-1,Echolocation,/mnt/ubna_data_02_mir/recover-20221013/UBNA_001/20221012_030000.WAV,Telephone Field,recover-20221013,001,1795
1772.2005,1772.2395,68437,82019,Rhinolophus ferrumequinum,0.028,0.028,-1,Echolocation,/mnt/ubna_data_02_mir/recover-20221013/UBNA_001/20221012_030000.WAV,Telephone Field,recover-20221013,001,1795
1772.2665,1772.2766,28046,34565,Eptesicus serotinus,0.011,0.024,-1,Echolocation,/mnt/ubna_data_02_mir/recover-20221013/UBNA_001/20221012_030000.WAV,Telephone Field,recover-20221013,001,1795
1772.3025,1772.3096,23750,32839,Plecotus austriacus,0.011,0.024,-1,Echolocation,/mnt/ubna_data_02_mir/recover-20221013/UBNA_001/20221012_030000.WAV,Telephone Field,recover-20221013,001,1795
1772.3365,1772.3772,68437,82830,Rhinolophus ferrumequinum,0.028,0.028,-1,Echolocation,/mnt/ubna_data_02_mir/recover-20221013/UBNA_001/20221012_030000.WAV,Telephone Field,recover-20221013,001,1795
1772.3555,1772.3963,68437,83410,Rhinolophus ferrumequinum,0.032,0.032,-1,Echolocation,/mnt/ubna_data_02_mir/recover-20221013/UBNA_001/20221012_030000.WAV,Telephone Field,recover-20221013,001,1795
1772.3955,1772.4408,68437,83440,Rhinolophus ferrumequinum,0.075,0.075,-1,Echolocation,/mnt/ubna_data_02_mir/recover-20221013/UBNA_001/20221012_030000.WAV,Telephone Field,recover-20221013,001,1795
1772.4875,1772.5274,68437,82169,Rhinolophus ferrumequinum,0.027,0.027,-1,Echolocation,/mnt/ubna_data_02_mir/recover-20221013/UBNA_001/20221012_030000.WAV,Telephone Field,recover-20221013,001,1795
1772.5115,1772.5197,47812,51753,Pipistrellus pipistrellus,0.026,0.028,-1,Echolocation,/mnt/ubna_data_02_mir/recover-20221013/UBNA_001/20221012_030000.WAV,Telephone Field,recover-20221013,001,1795
1772.5945,1772.6339,68437,82835,Rhinolophus ferrumequinum,0.023,0.023,-1,Echolocation,/mnt/ubna_data_02_mir/recover-20221013/UBNA_001/20221012_030000.WAV,Telephone Field,recover-20221013,001,1795
1772.6045,1772.6462,68437,82794,Rhinolophus ferrumequinum,0.026,0.026,-1,Echolocation,/mnt/ubna_data_02_mir/recover-20221013/UBNA_001/20221012_030000.WAV,Telephone Field,recover-20221013,001,1795
1772.6255,1772.6355,28046,36698,Eptesicus serotinus,0.014,0.028,-1,Echolocation,/mnt/ubna_data_02_mir/recover-20221013/UBNA_001/20221012_030000.WAV,Telephone Field,recover-20221013,001,1795
1772.6435,1772.6878,68437,83668,Rhinolophus ferrumequinum,0.037,0.037,-1,Echolocation,/mnt/ubna_data_02_mir/recover-20221013/UBNA_001/20221012_030000.WAV,Telephone Field,recover-20221013,001,1795
1772.6865,1772.7273,68437,82424,Rhinolophus ferrumequinum,0.023,0.023,-1,Echolocation,/mnt/ubna_data_02_mir/recover-20221013/UBNA_001/20221012_030000.WAV,Telephone Field,recover-20221013,001,1795
1772.6945,1772.7025,28046,42554,Eptesicus serotinus,0.008,0.024,-1,Echolocation,/mnt/ubna_data_02_mir/recover-20221013/UBNA_001/20221012_030000.WAV,Telephone Field,recover-20221013,001,1795
1772.7155,1772.7248,26328,35224,Eptesicus serotinus,0.01,0.023,-1,Echolocation,/mnt/ubna_data_02_mir/recover-20221013/UBNA_001/20221012_030000.WAV,Telephone Field,recover-20221013,001,1795
1772.7305,1772.7685,68437,81035,Rhinolophus ferrumequinum,0.024,0.025,-1,Echolocation,/mnt/ubna_data_02_mir/recover-20221013/UBNA_001/20221012_030000.WAV,Telephone Field,recover-20221013,001,1795
1772.7545,1772.7655,22890,29080,Nyctalus leisleri,0.015,0.036,-1,Echolocation,/mnt/ubna_data_02_mir/recover-20221013/UBNA_001/20221012_030000.WAV,Telephone Field,recover-20221013,001,1795
1772.7685,1772.8061,68437,81648,Rhinolophus ferrumequinum,0.023,0.023,-1,Echolocation,/mnt/ubna_data_02_mir/recover-20221013/UBNA_001/20221012_030000.WAV,Telephone Field,recover-20221013,001,1795
1772.7715,1772.7835,28906,35755,Eptesicus serotinus,0.012,0.026,-1,Echolocation,/mnt/ubna_data_02_mir/recover-20221013/UBNA_001/20221012_030000.WAV,Telephone Field,recover-20221013,001,1795
1772.7915,1772.8011,24609,32781,Eptesicus serotinus,0.007,0.023,-1,Echolocation,/mnt/ubna_data_02_mir/recover-20221013/UBNA_001/20221012_030000.WAV,Telephone Field,recover-20221013,001,1795
1772.8365,1772.8457,22890,29358,Plecotus austriacus,0.009,0.025,-1,Echolocation,/mnt/ubna_data_02_mir/recover-20221013/UBNA_001/20221012_030000.WAV,Telephone Field,recover-20221013,001,1795
1772.8765,1772.8857,25468,33924,Eptesicus serotinus,0.012,0.031,-1,Echolocation,/mnt/ubna_data_02_mir/recover-20221013/UBNA_001/20221012_030000.WAV,Telephone Field,recover-20221013,001,1795
1772.8955,1772.9051,24609,32730,Eptesicus serotinus,0.01,0.027,-1,Echolocation,/mnt/ubna_data_02_mir/recover-20221013/UBNA_001/20221012_030000.WAV,Telephone Field,recover-20221013,001,1795
1772.9085,1772.9482,68437,83108,Rhinolophus ferrumequinum,0.025,0.025,-1,Echolocation,/mnt/ubna_data_02_mir/recover-20221013/UBNA_001/20221012_030000.WAV,Telephone Field,recover-20221013,001,1795
1772.9375,1772.9821,68437,83498,Rhinolophus ferrumequinum,0.036,0.037,-1,Echolocation,/mnt/ubna_data_02_mir/recover-20221013/UBNA_001/20221012_030000.WAV,Telephone Field,recover-20221013,001,1795
1772.9895,1773.026,68437,81850,Rhinolophus ferrumequinum,0.023,0.023,-1,Echolocation,/mnt/ubna_data_02_mir/recover-20221013/UBNA_001/20221012_030000.WAV,Telephone Field,recover-20221013,001,1795
1773.0825,1773.1274,68437,83519,Rhinolophus ferrumequinum,0.045,0.045,-1,Echolocation,/mnt/ubna_data_02_mir/recover-20221013/UBNA_001/20221012_030000.WAV,Telephone Field,recover-20221013,001,1795
1773.0935,1773.1342,68437,82610,Rhinolophus ferrumequinum,0.025,0.025,-1,Echolocation,/mnt/ubna_data_02_mir/recover-20221013/UBNA_001/20221012_030000.WAV,Telephone Field,recover-20221013,001,1795
1773.1265,1773.136,23750,31380,Nyctalus leisleri,0.009,0.027,-1,Echolocation,/mnt/ubna_data_02_mir/recover-20221013/UBNA_001/20221012_030000.WAV,Telephone Field,recover-20221013,001,1795
1773.1655,1773.176,22890,28092,Nyctalus leisleri,0.01,0.023,-1,Echolocation,/mnt/ubna_data_02_mir/recover-20221013/UBNA_001/20221012_030000.WAV,Telephone Field,recover-20221013,001,1795
1773.1805,1773.2188,68437,81757,Rhinolophus ferrumequinum,0.023,0.023,-1,Echolocation,/mnt/ubna_data_02_mir/recover-20221013/UBNA_001/20221012_030000.WAV,Telephone Field,recover-20221013,001,1795
1773.2125,1773.253,68437,83282,Rhinolophus ferrumequinum,0.031,0.031,-1,Echolocation,/mnt/ubna_data_02_mir/recover-20221013/UBNA_001/20221012_030000.WAV,Telephone Field,recover-20221013,001,1795
1773.2425,1773.2812,68437,82088,Rhinolophus ferrumequinum,0.024,0.024,-1,Echolocation,/mnt/ubna_data_02_mir/recover-20221013/UBNA_001/20221012_030000.WAV,Telephone Field,recover-20221013,001,1795
1773.2655,1773.3016,68437,81603,Rhinolophus ferrumequinum,0.025,0.025,-1,Echolocation,/mnt/ubna_data_02_mir/recover-20221013/UBNA_001/20221012_030000.WAV,Telephone Field,recover-20221013,001,1795
1773.2985,1773.3365,68437,81974,Rhinolophus ferrumequinum,0.026,0.026,-1,Echolocation,/mnt/ubna_data_02_mir/recover-20221013/UBNA_001/20221012_030000.WAV,Telephone Field,recover-20221013,001,1795
1773.3125,1773.3514,68437,82599,Rhinolophus ferrumequinum,0.025,0.025,-1,Echolocation,/mnt/ubna_data_02_mir/recover-20221013/UBNA_001/20221012_030000.WAV,Telephone Field,recover-20221013,001,1795
1773.3285,1773.336,48671,52781,Pipistrellus pipistrellus,0.022,0.023,-1,Echolocation,/mnt/ubna_data_02_mir/recover-20221013/UBNA_001/20221012_030000.WAV,Telephone Field,recover-20221013,001,1795
1773.3365,1773.3755,68437,82026,Rhinolophus ferrumequinum,0.023,0.023,-1,Echolocation,/mnt/ubna_data_02_mir/recover-20221013/UBNA_001/20221012_030000.WAV,Telephone Field,recover-20221013,001,1795
1773.3545,1773.394,68437,82598,Rhinolophus ferrumequinum,0.024,0.024,-1,Echolocation,/mnt/ubna_data_02_mir/recover-20221013/UBNA_001/20221012_030000.WAV,Telephone Field,recover-20221013,001,1795
1773.4005,1773.4073,26328,38165,Eptesicus serotinus,0.005,0.023,-1,Echolocation,/mnt/ubna_data_02_mir/recover-20221013/UBNA_001/20221012_030000.WAV,Telephone Field,recover-20221013,001,1795
1773.4115,1773.4482,68437,81867,Rhinolophus ferrumequinum,0.022,0.022,-1,Echolocation,/mnt/ubna_data_02_mir/recover-20221013/UBNA_001/20221012_030000.WAV,Telephone Field,recover-20221013,001,1795
1773.4205,1773.4288,22890,30535,Plecotus austriacus,0.015,0.032,-1,Echolocation,/mnt/ubna_data_02_mir/recover-20221013/UBNA_001/20221012_030000.WAV,Telephone Field,recover-20221013,001,1795
1773.4385,1773.4714,68437,80582,Rhinolophus ferrumequinum,0.023,0.023,-1,Echolocation,/mnt/ubna_data_02_mir/recover-20221013/UBNA_001/20221012_030000.WAV,Telephone Field,recover-20221013,001,1795
1773.4595,1773.4992,68437,82653,Rhinolophus ferrumequinum,0.025,0.025,-1,Echolocation,/mnt/ubna_data_02_mir/recover-20221013/UBNA_001/20221012_030000.WAV,Telephone Field,recover-20221013,001,1795
1773.5135,1773.551,68437,81805,Rhinolophus ferrumequinum,0.024,0.024,-1,Echolocation,/mnt/ubna_data_02_mir/recover-20221013/UBNA_001/20221012_030000.WAV,Telephone Field,recover-20221013,001,1795
1773.5355,1773.5736,68437,81842,Rhinolophus ferrumequinum,0.023,0.023,-1,Echolocation,/mnt/ubna_data_02_mir/recover-20221013/UBNA_001/20221012_030000.WAV,Telephone Field,recover-20221013,001,1795
1773.5395,1773.552,31484,37622,Eptesicus serotinus,0.009,0.023,-1,Echolocation,/mnt/ubna_data_02_mir/recover-20221013/UBNA_001/20221012_030000.WAV,Telephone Field,recover-20221013,001,1795
1773.5445,1773.5852,68437,82929,Rhinolophus ferrumequinum,0.028,0.028,-1,Echolocation,/mnt/ubna_data_02_mir/recover-20221013/UBNA_001/20221012_030000.WAV,Telephone Field,recover-20221013,001,1795
1773.5945,1773.6015,27187,40531,Eptesicus serotinus,0.006,0.022,-1,Echolocation,/mnt/ubna_data_02_mir/recover-20221013/UBNA_001/20221012_030000.WAV,Telephone Field,recover-20221013,001,1795
1773.6115,1773.6585,68437,83905,Rhinolophus ferrumequinum,0.062,0.062,-1,Echolocation,/mnt/ubna_data_02_mir/recover-20221013/UBNA_001/20221012_030000.WAV,Telephone Field,recover-20221013,001,1795
1773.6255,1773.6363,22890,27617,Nyctalus leisleri,0.012,0.025,-1,Echolocation,/mnt/ubna_data_02_mir/recover-20221013/UBNA_001/20221012_030000.WAV,Telephone Field,recover-20221013,001,1795
1773.6545,1773.6935,68437,82596,Rhinolophus ferrumequinum,0.023,0.023,-1,Echolocation,/mnt/ubna_data_02_mir/recover-20221013/UBNA_001/20221012_030000.WAV,Telephone Field,recover-20221013,001,1795
1773.6575,1773.668,22031,27768,Nyctalus leisleri,0.01,0.025,-1,Echolocation,/mnt/ubna_data_02_mir/recover-20221013/UBNA_001/20221012_030000.WAV,Telephone Field,recover-20221013,001,1795
1773.6865,1773.7267,68437,83056,Rhinolophus ferrumequinum,0.031,0.032,-1,Echolocation,/mnt/ubna_data_02_mir/recover-20221013/UBNA_001/20221012_030000.WAV,Telephone Field,recover-20221013,001,1795
1773.7005,1773.7403,68437,82853,Rhinolophus ferrumequinum,0.027,0.027,-1,Echolocation,/mnt/ubna_data_02_mir/recover-20221013/UBNA_001/20221012_030000.WAV,Telephone Field,recover-20221013,001,1795
1773.7515,1773.7913,68437,81776,Rhinolophus ferrumequinum,0.022,0.023,-1,Echolocation,/mnt/ubna_data_02_mir/recover-20221013/UBNA_001/20221012_030000.WAV,Telephone Field,recover-20221013,001,1795
1773.7545,1773.7648,24609,31569,Nyctalus leisleri,0.009,0.024,-1,Echolocation,/mnt/ubna_data_02_mir/recover-20221013/UBNA_001/20221012_030000.WAV,Telephone Field,recover-20221013,001,1795
1773.7775,1773.817,68437,82176,Rhinolophus ferrumequinum,0.024,0.024,-1,Echolocation,/mnt/ubna_data_02_mir/recover-20221013/UBNA_001/20221012_030000.WAV,Telephone Field,recover-20221013,001,1795
1773.7785,1773.7891,42656,49561,Pipistrellus pipistrellus,0.015,0.023,-1,Echolocation,/mnt/ubna_data_02_mir/recover-20221013/UBNA_001/20221012_030000.WAV,Telephone Field,recover-20221013,001,1795
1773.8015,1773.8142,15156,20783,Nyctalus noctula,0.022,0.034,-1,Echolocation,/mnt/ubna_data_02_mir/recover-20221013/UBNA_001/20221012_030000.WAV,Telephone Field,recover-20221013,001,1795
1773.8055,1773.8438,68437,81737,Rhinolophus ferrumequinum,0.023,0.023,-1,Echolocation,/mnt/ubna_data_02_mir/recover-20221013/UBNA_001/20221012_030000.WAV,Telephone Field,recover-20221013,001,1795
1773.8215,1773.8589,68437,82878,Rhinolophus ferrumequinum,0.024,0.024,-1,Echolocation,/mnt/ubna_data_02_mir/recover-20221013/UBNA_001/20221012_030000.WAV,Telephone Field,recover-20221013,001,1795
1773.8385,1773.8451,27187,38555,Eptesicus serotinus,0.009,0.034,-1,Echolocation,/mnt/ubna_data_02_mir/recover-20221013/UBNA_001/20221012_030000.WAV,Telephone Field,recover-20221013,001,1795
1773.8535,1773.8928,68437,83008,Rhinolophus ferrumequinum,0.022,0.022,-1,Echolocation,/mnt/ubna_data_02_mir/recover-20221013/UBNA_001/20221012_030000.WAV,Telephone Field,recover-20221013,001,1795
1773.8795,1773.888,27187,36296,Eptesicus serotinus,0.009,0.024,-1,Echolocation,/mnt/ubna_data_02_mir/recover-20221013/UBNA_001/20221012_030000.WAV,Telephone Field,recover-20221013,001,1795
1773.9335,1773.9735,68437,83060,Rhinolophus ferrumequinum,0.024,0.024,-1,Echolocation,/mnt/ubna_data_02_mir/recover-20221013/UBNA_001/20221012_030000.WAV,Telephone Field,recover-20221013,001,1795
1773.9395,1773.9599,18593,21488,Nyctalus noctula,0.011,0.023,-1,Echolocation,/mnt/ubna_data_02_mir/recover-20221013/UBNA_001/20221012_030000.WAV,Telephone Field,recover-20221013,001,1795
1773.9795,1773.9882,28906,38490,Eptesicus serotinus,0.008,0.023,-1,Echolocation,/mnt/ubna_data_02_mir/recover-20221013/UBNA_001/20221012_030000.WAV,Telephone Field,recover-20221013,001,1795
1774.0015,1774.0105,22890,29089,Nyctalus leisleri,0.01,0.029,-1,Echolocation,/mnt/ubna_data_02_mir/recover-20221013/UBNA_001/20221012_030000.WAV,Telephone Field,recover-20221013,001,1795
1774.0015,1774.033,69296,83237,Rhinolophus ferrumequinum,0.031,0.031,-1,Echolocation,/mnt/ubna_data_02_mir/recover-20221013/UBNA_001/20221012_030000.WAV,Telephone Field,recover-20221013,001,1795
1774.0595,1774.0686,24609,32444,Eptesicus serotinus,0.008,0.021,-1,Echolocation,/mnt/ubna_data_02_mir/recover-20221013/UBNA_001/20221012_030000.WAV,Telephone Field,recover-20221013,001,1795
1774.0615,1774.0707,37500,43226,Pipistrellus nathusii,0.01,0.022,-1,Echolocation,/mnt/ubna_data_02_mir/recover-20221013/UBNA_001/20221012_030000.WAV,Telephone Field,recover-20221013,001,1795
1774.0835,1774.0922,28046,38393,Eptesicus serotinus,0.008,0.02,-1,Echolocation,/mnt/ubna_data_02_mir/recover-20221013/UBNA_001/20221012_030000.WAV,Telephone Field,recover-20221013,001,1795
1774.0855,1774.0962,22890,28223,Nyctalus leisleri,0.01,0.022,-1,Echolocation,/mnt/ubna_data_02_mir/recover-20221013/UBNA_001/20221012_030000.WAV,Telephone Field,recover-20221013,001,1795
1774.1245,1774.1614,68437,82348,Rhinolophus ferrumequinum,0.021,0.021,-1,Echolocation,/mnt/ubna_data_02_mir/recover-20221013/UBNA_001/20221012_030000.WAV,Telephone Field,recover-20221013,001,1795
1774.1585,1774.1681,28046,38615,Eptesicus serotinus,0.01,0.022,-1,Echolocation,/mnt/ubna_data_02_mir/recover-20221013/UBNA_001/20221012_030000.WAV,Telephone Field,recover-20221013,001,1795
1774.1625,1774.1996,68437,82140,Rhinolophus ferrumequinum,0.025,0.025,-1,Echolocation,/mnt/ubna_data_02_mir/recover-20221013/UBNA_001/20221012_030000.WAV,Telephone Field,recover-20221013,001,1795
1774.1695,1774.2091,68437,82444,Rhinolophus ferrumequinum,0.022,0.022,-1,Echolocation,/mnt/ubna_data_02_mir/recover-20221013/UBNA_001/20221012_030000.WAV,Telephone Field,recover-20221013,001,1795
1774.2145,1774.2561,68437,82763,Rhinolophus ferrumequinum,0.026,0.026,-1,Echolocation,/mnt/ubna_data_02_mir/recover-20221013/UBNA_001/20221012_030000.WAV,Telephone Field,recover-20221013,001,1795
1774.2515,1774.292,68437,82585,Rhinolophus ferrumequinum,0.023,0.023,-1,Echolocation,/mnt/ubna_data_02_mir/recover-20221013/UBNA_001/20221012_030000.WAV,Telephone Field,recover-20221013,001,1795
1774.2775,1774.3129,68437,81765,Rhinolophus ferrumequinum,0.02,0.02,-1,Echolocation,/mnt/ubna_data_02_mir/recover-20221013/UBNA_001/20221012_030000.WAV,Telephone Field,recover-20221013,001,1795
1774.3165,1774.3565,68437,82649,Rhinolophus ferrumequinum,0.021,0.021,-1,Echolocation,/mnt/ubna_data_02_mir/recover-20221013/UBNA_001/20221012_030000.WAV,Telephone Field,recover-20221013,001,1795
1774.3585,1774.3988,68437,82264,Rhinolophus ferrumequinum,0.022,0.022,-1,Echolocation,/mnt/ubna_data_02_mir/recover-20221013/UBNA_001/20221012_030000.WAV,Telephone Field,recover-20221013,001,1795
1774.3885,1774.4287,68437,82184,Rhinolophus ferrumequinum,0.021,0.021,-1,Echolocation,/mnt/ubna_data_02_mir/recover-20221013/UBNA_001/20221012_030000.WAV,Telephone Field,recover-20221013,001,1795
1774.4185,1774.4593,68437,83237,Rhinolophus ferrumequinum,0.032,0.032,-1,Echolocation,/mnt/ubna_data_02_mir/recover-20221013/UBNA_001/20221012_030000.WAV,Telephone Field,recover-20221013,001,1795
1774.4275,1774.4655,68437,81562,Rhinolophus ferrumequinum,0.025,0.025,-1,Echolocation,/mnt/ubna_data_02_mir/recover-20221013/UBNA_001/20221012_030000.WAV,Telephone Field,recover-20221013,001,1795
1774.4415,1774.4806,68437,82434,Rhinolophus ferrumequinum,0.022,0.022,-1,Echolocation,/mnt/ubna_data_02_mir/recover-20221013/UBNA_001/20221012_030000.WAV,Telephone Field,recover-20221013,001,1795
1774.4945,1774.5021,27187,38576,Eptesicus serotinus,0.008,0.022,-1,Echolocation,/mnt/ubna_data_02_mir/recover-20221013/UBNA_001/20221012_030000.WAV,Telephone Field,recover-20221013,001,1795
1774.5195,1774.5571,68437,81726,Rhinolophus ferrumequinum,0.021,0.021,-1,Echolocation,/mnt/ubna_data_02_mir/recover-20221013/UBNA_001/20221012_030000.WAV,Telephone Field,recover-20221013,001,1795
1774.5285,1774.5376,28046,42195,Eptesicus serotinus,0.009,0.023,-1,Echolocation,/mnt/ubna_data_02_mir/recover-20221013/UBNA_001/20221012_030000.WAV,Telephone Field,recover-20221013,001,1795
1774.5475,1774.5882,68437,82588,Rhinolophus ferrumequinum,0.021,0.021,-1,Echolocation,/mnt/ubna_data_02_mir/recover-20221013/UBNA_001/20221012_030000.WAV,Telephone Field,recover-20221013,001,1795
1774.5615,1774.6022,68437,82705,Rhinolophus ferrumequinum,0.021,0.021,-1,Echolocation,/mnt/ubna_data_02_mir/recover-20221013/UBNA_001/20221012_030000.WAV,Telephone Field,recover-20221013,001,1795
1774.5775,1774.5864,28906,38728,Eptesicus serotinus,0.009,0.022,-1,Echolocation,/mnt/ubna_data_02_mir/recover-20221013/UBNA_001/20221012_030000.WAV,Telephone Field,recover-20221013,001,1795
1774.5815,1774.6226,68437,83146,Rhinolophus ferrumequinum,0.031,0.031,-1,Echolocation,/mnt/ubna_data_02_mir/recover-20221013/UBNA_001/20221012_030000.WAV,Telephone Field,recover-20221013,001,1795
1774.6175,1774.628,28906,37272,Eptesicus serotinus,0.009,0.021,-1,Echolocation,/mnt/ubna_data_02_mir/recover-20221013/UBNA_001/20221012_030000.WAV,Telephone Field,recover-20221013,001,1795
1774.6295,1774.6393,29765,37668,Eptesicus serotinus,0.009,0.024,-1,Echolocation,/mnt/ubna_data_02_mir/recover-20221013/UBNA_001/20221012_030000.WAV,Telephone Field,recover-20221013,001,1795
1774.6515,1774.6917,68437,82744,Rhinolophus ferrumequinum,0.02,0.02,-1,Echolocation,/mnt/ubna_data_02_mir/recover-20221013/UBNA_001/20221012_030000.WAV,Telephone Field,recover-20221013,001,1795
1774.6845,1774.723,68437,82189,Rhinolophus ferrumequinum,0.025,0.025,-1,Echolocation,/mnt/ubna_data_02_mir/recover-20221013/UBNA_001/20221012_030000.WAV,Telephone Field,recover-20221013,001,1795
1774.6955,1774.701,26328,39921,Plecotus auritus,0.021,0.05,-1,Echolocation,/mnt/ubna_data_02_mir/recover-20221013/UBNA_001/20221012_030000.WAV,Telephone Field,recover-20221013,001,1795
1774.7055,1774.7485,68437,83574,Rhinolophus ferrumequinum,0.027,0.027,-1,Echolocation,/mnt/ubna_data_02_mir/recover-20221013/UBNA_001/20221012_030000.WAV,Telephone Field,recover-20221013,001,1795
1774.7135,1774.758,68437,83722,Rhinolophus ferrumequinum,0.029,0.029,-1,Echolocation,/mnt/ubna_data_02_mir/recover-20221013/UBNA_001/20221012_030000.WAV,Telephone Field,recover-20221013,001,1795
1774.7435,1774.7834,68437,82544,Rhinolophus ferrumequinum,0.021,0.022,-1,Echolocation,/mnt/ubna_data_02_mir/recover-20221013/UBNA_001/20221012_030000.WAV,Telephone Field,recover-20221013,001,1795
1774.7545,1774.7915,68437,82198,Rhinolophus ferrumequinum,0.02,0.02,-1,Echolocation,/mnt/ubna_data_02_mir/recover-20221013/UBNA_001/20221012_030000.WAV,Telephone Field,recover-20221013,001,1795
1774.7985,1774.8416,68437,82858,Rhinolophus ferrumequinum,0.039,0.039,-1,Echolocation,/mnt/ubna_data_02_mir/recover-20221013/UBNA_001/20221012_030000.WAV,Telephone Field,recover-20221013,001,1795
1774.8175,1774.8273,15156,20757,Nyctalus noctula,0.009,0.021,-1,Echolocation,/mnt/ubna_data_02_mir/recover-20221013/UBNA_001/20221012_030000.WAV,Telephone Field,recover-20221013,001,1795
1774.8285,1774.8355,28046,39823,Eptesicus serotinus,0.006,0.021,-1,Echolocation,/mnt/ubna_data_02_mir/recover-20221013/UBNA_001/20221012_030000.WAV,Telephone Field,recover-20221013,001,1795
1774.8315,1774.8687,68437,82366,Rhinolophus ferrumequinum,0.02,0.021,-1,Echolocation,/mnt/ubna_data_02_mir/recover-20221013/UBNA_001/20221012_030000.WAV,Telephone Field,recover-20221013,001,1795
1774.8345,1774.8536,19453,22376,Nyctalus leisleri,0.017,0.035,-1,Echolocation,/mnt/ubna_data_02_mir/recover-20221013/UBNA_001/20221012_030000.WAV,Telephone Field,recover-20221013,001,1795
1774.8555,1774.8626,27187,36335,Eptesicus serotinus,0.008,0.024,-1,Echolocation,/mnt/ubna_data_02_mir/recover-20221013/UBNA_001/20221012_030000.WAV,Telephone Field,recover-20221013,001,1795
1774.8725,1774.8789,48671,56389,Pipistrellus pipistrellus,0.023,0.026,-1,Echolocation,/mnt/ubna_data_02_mir/recover-20221013/UBNA_001/20221012_030000.WAV,Telephone Field,recover-20221013,001,1795
1774.8725,1774.8809,28906,41010,Eptesicus serotinus,0.009,0.021,-1,Echolocation,/mnt/ubna_data_02_mir/recover-20221013/UBNA_001/20221012_030000.WAV,Telephone Field,recover-20221013,001,1795
1774.8865,1774.9267,68437,82872,Rhinolophus ferrumequinum,0.024,0.024,-1,Echolocation,/mnt/ubna_data_02_mir/recover-20221013/UBNA_001/20221012_030000.WAV,Telephone Field,recover-20221013,001,1795
1774.9065,1774.9144,26328,35701,Eptesicus serotinus,0.008,0.021,-1,Echolocation,/mnt/ubna_data_02_mir/recover-20221013/UBNA_001/20221012_030000.WAV,Telephone Field,recover-20221013,001,1795
1774.9145,1774.9221,44375,50799,Pipistrellus pipistrellus,0.021,0.023,-1,Echolocation,/mnt/ubna_data_02_mir/recover-20221013/UBNA_001/20221012_030000.WAV,Telephone Field,recover-20221013,001,1795
1774.9145,1774.9469,68437,80673,Rhinolophus ferrumequinum,0.026,0.026,-1,Echolocation,/mnt/ubna_data_02_mir/recover-20221013/UBNA_001/20221012_030000.WAV,Telephone Field,recover-20221013,001,1795
1774.9355,1774.9756,68437,82058,Rhinolophus ferrumequinum,0.025,0.025,-1,Echolocation,/mnt/ubna_data_02_mir/recover-20221013/UBNA_001/20221012_030000.WAV,Telephone Field,recover-20221013,001,1795
1774.9755,1774.9829,27187,41285,Eptesicus serotinus,0.006,0.021,-1,Echolocation,/mnt/ubna_data_02_mir/recover-20221013/UBNA_001/20221012_030000.WAV,Telephone Field,recover-20221013,001,1795
1774.9895,1775.0286,68437,82324,Rhinolophus ferrumequinum,0.021,0.021,-1,Echolocation,/mnt/ubna_data_02_mir/recover-20221013/UBNA_001/20221012_030000.WAV,Telephone Field,recover-20221013,001,1795
1775.0285,1775.0385,26328,34133,Eptesicus serotinus,0.01,0.022,-1,Echolocation,/mnt/ubna_data_02_mir/recover-20221013/UBNA_001/20221012_030000.WAV,Telephone Field,recover-20221013,001,1795
1775.0335,1775.0441,28046,35331,Eptesicus serotinus,0.01,0.022,-1,Echolocation,/mnt/ubna_data_02_mir/recover-20221013/UBNA_001/20221012_030000.WAV,Telephone Field,recover-20221013,001,1795
1775.0355,1775.0811,68437,83490,Rhinolophus ferrumequinum,0.052,0.052,-1,Echolocation,/mnt/ubna_data_02_mir/recover-20221013/UBNA_001/20221012_030000.WAV,Telephone Field,recover-20221013,001,1795
1775.0825,1775.1242,68437,83400,Rhinolophus ferrumequinum,0.044,0.044,-1,Echolocation,/mnt/ubna_data_02_mir/recover-20221013/UBNA_001/20221012_030000.WAV,Telephone Field,recover-20221013,001,1795
1775.1055,1775.1447,68437,82321,Rhinolophus ferrumequinum,0.028,0.028,-1,Echolocation,/mnt/ubna_data_02_mir/recover-20221013/UBNA_001/20221012_030000.WAV,Telephone Field,recover-20221013,001,1795
1775.1305,1775.1378,26328,36594,Eptesicus serotinus,0.006,0.021,-1,Echolocation,/mnt/ubna_data_02_mir/recover-20221013/UBNA_001/20221012_030000.WAV,Telephone Field,recover-20221013,001,1795
1775.1525,1775.1928,68437,82221,Rhinolophus ferrumequinum,0.049,0.049,-1,Echolocation,/mnt/ubna_data_02_mir/recover-20221013/UBNA_001/20221012_030000.WAV,Telephone Field,recover-20221013,001,1795
1775.1595,1775.177,18593,22286,Nyctalus noctula,0.014,0.026,-1,Echolocation,/mnt/ubna_data_02_mir/recover-20221013/UBNA_001/20221012_030000.WAV,Telephone Field,recover-20221013,001,1795
1775.1625,1775.1997,68437,81999,Rhinolophus ferrumequinum,0.023,0.023,-1,Echolocation,/mnt/ubna_data_02_mir/recover-20221013/UBNA_001/20221012_030000.WAV,Telephone Field,recover-20221013,001,1795
1775.1715,1775.2123,68437,82390,Rhinolophus ferrumequinum,0.02,0.02,-1,Echolocation,/mnt/ubna_data_02_mir/recover-20221013/UBNA_001/20221012_030000.WAV,Telephone Field,recover-20221013,001,1795
1775.1755,1775.1839,28046,39564,Eptesicus serotinus,0.009,0.024,-1,Echolocation,/mnt/ubna_data_02_mir/recover-20221013/UBNA_001/20221012_030000.WAV,Telephone Field,recover-20221013,001,1795
1775.2445,1775.2863,68437,83003,Rhinolophus ferrumequinum,0.023,0.023,-1,Echolocation,/mnt/ubna_data_02_mir/recover-20221013/UBNA_001/20221012_030000.WAV,Telephone Field,recover-20221013,001,1795
1775.2545,1775.2616,25468,35630,Plecotus auritus,0.008,0.028,-1,Echolocation,/mnt/ubna_data_02_mir/recover-20221013/UBNA_001/20221012_030000.WAV,Telephone Field,recover-20221013,001,1795
1775.2545,1775.267,15156,22132,Nyctalus noctula,0.016,0.023,-1,Echolocation,/mnt/ubna_data_02_mir/recover-20221013/UBNA_001/20221012_030000.WAV,Telephone Field,recover-20221013,001,1795
1775.2765,1775.3159,68437,82279,Rhinolophus ferrumequinum,0.023,0.023,-1,Echolocation,/mnt/ubna_data_02_mir/recover-20221013/UBNA_001/20221012_030000.WAV,Telephone Field,recover-20221013,001,1795
1775.2815,1775.2955,22031,25919,Nyctalus leisleri,0.012,0.021,-1,Echolocation,/mnt/ubna_data_02_mir/recover-20221013/UBNA_001/20221012_030000.WAV,Telephone Field,recover-20221013,001,1795
1775.2825,1775.3226,68437,82218,Rhinolophus ferrumequinum,0.021,0.021,-1,Echolocation,/mnt/ubna_data_02_mir/recover-20221013/UBNA_001/20221012_030000.WAV,Telephone Field,recover-20221013,001,1795
1775.2915,1775.3252,68437,81141,Rhinolophus ferrumequinum,0.021,0.021,-1,Echolocation,/mnt/ubna_data_02_mir/recover-20221013/UBNA_001/20221012_030000.WAV,Telephone Field,recover-20221013,001,1795
1775.2935,1775.3012,28906,39485,Eptesicus serotinus,0.007,0.021,-1,Echolocation,/mnt/ubna_data_02_mir/recover-20221013/UBNA_001/20221012_030000.WAV,Telephone Field,recover-20221013,001,1795
1775.3035,1775.3171,48671,52366,Pipistrellus pipistrellus,0.041,0.047,-1,Echolocation,/mnt/ubna_data_02_mir/recover-20221013/UBNA_001/20221012_030000.WAV,Telephone Field,recover-20221013,001,1795
1775.3235,1775.3639,68437,82549,Rhinolophus ferrumequinum,0.021,0.021,-1,Echolocation,/mnt/ubna_data_02_mir/recover-20221013/UBNA_001/20221012_030000.WAV,Telephone Field,recover-20221013,001,1795
1775.3255,1775.3351,28046,36673,Eptesicus serotinus,0.015,0.028,-1,Echolocation,/mnt/ubna_data_02_mir/recover-20221013/UBNA_001/20221012_030000.WAV,Telephone Field,recover-20221013,001,1795
1775.3405,1775.3784,68437,82374,Rhinolophus ferrumequinum,0.021,0.021,-1,Echolocation,/mnt/ubna_data_02_mir/recover-20221013/UBNA_001/20221012_030000.WAV,Telephone Field,recover-20221013,001,1795
1775.3455,1775.3841,68437,82278,Rhinolophus ferrumequinum,0.021,0.021,-1,Echolocation,/mnt/ubna_data_02_mir/recover-20221013/UBNA_001/20221012_030000.WAV,Telephone Field,recover-20221013,001,1795
1775.3575,1775.3954,68437,82060,Rhinolophus ferrumequinum,0.02,0.021,-1,Echolocation,/mnt/ubna_data_02_mir/recover-20221013/UBNA_001/20221012_030000.WAV,Telephone Field,recover-20221013,001,1795
1775.3705,1775.4131,68437,82631,Rhinolophus ferrumequinum,0.025,0.025,-1,Echolocation,/mnt/ubna_data_02_mir/recover-20221013/UBNA_001/20221012_030000.WAV,Telephone Field,recover-20221013,001,1795
1775.3845,1775.3935,22890,29410,Plecotus austriacus,0.008,0.022,-1,Echolocation,/mnt/ubna_data_02_mir/recover-20221013/UBNA_001/20221012_030000.WAV,Telephone Field,recover-20221013,001,1795
1775.3965,1775.4371,68437,82965,Rhinolophus ferrumequinum,0.028,0.028,-1,Echolocation,/mnt/ubna_data_02_mir/recover-20221013/UBNA_001/20221012_030000.WAV,Telephone Field,recover-20221013,001,1795
1775.4375,1775.473,68437,82106,Rhinolophus ferrumequinum,0.021,0.021,-1,Echolocation,/mnt/ubna_data_02_mir/recover-20221013/UBNA_001/20221012_030000.WAV,Telephone Field,recover-20221013,001,1795
1775.4465,1775.4854,68437,81826,Rhinolophus ferrumequinum,0.021,0.021,-1,Echolocation,/mnt/ubna_data_02_mir/recover-20221013/UBNA_001/20221012_030000.WAV,Telephone Field,recover-20221013,001,1795
1775.4555,1775.4975,68437,82845,Rhinolophus ferrumequinum,0.025,0.025,-1,Echolocation,/mnt/ubna_data_02_mir/recover-20221013/UBNA_001/20221012_030000.WAV,Telephone Field,recover-20221013,001,1795
1775.4835,1775.4925,28046,35984,Eptesicus serotinus,0.008,0.021,-1,Echolocation,/mnt/ubna_data_02_mir/recover-20221013/UBNA_001/20221012_030000.WAV,Telephone Field,recover-20221013,001,1795
1775.5045,1775.5423,68437,81398,Rhinolophus ferrumequinum,0.022,0.022,-1,Echolocation,/mnt/ubna_data_02_mir/recover-20221013/UBNA_001/20221012_030000.WAV,Telephone Field,recover-20221013,001,1795
1775.5205,1775.5295,23750,31668,Nyctalus leisleri,0.006,0.021,-1,Echolocation,/mnt/ubna_data_02_mir/recover-20221013/UBNA_001/20221012_030000.WAV,Telephone Field,recover-20221013,001,1795
1775.5345,1775.5705,68437,81403,Rhinolophus ferrumequinum,0.022,0.022,-1,Echolocation,/mnt/ubna_data_02_mir/recover-20221013/UBNA_001/20221012_030000.WAV,Telephone Field,recover-20221013,001,1795
1775.5495,1775.5881,68437,82669,Rhinolophus ferrumequinum,0.024,0.024,-1,Echolocation,/mnt/ubna_data_02_mir/recover-20221013/UBNA_001/20221012_030000.WAV,Telephone Field,recover-20221013,001,1795
1775.6055,1775.6467,68437,83054,Rhinolophus ferrumequinum,0.04,0.04,-1,Echolocation,/mnt/ubna_data_02_mir/recover-20221013/UBNA_001/20221012_030000.WAV,Telephone Field,recover-20221013,001,1795
1775.6265,1775.6688,68437,82934,Rhinolophus ferrumequinum,0.026,0.026,-1,Echolocation,/mnt/ubna_data_02_mir/recover-20221013/UBNA_001/20221012_030000.WAV,Telephone Field,recover-20221013,001,1795
1775.6715,1775.682,22890,27685,Nyctalus leisleri,0.011,0.023,-1,Echolocation,/mnt/ubna_data_02_mir/recover-20221013/UBNA_001/20221012_030000.WAV,Telephone Field,recover-20221013,001,1795
1775.6845,1775.7221,68437,81364,Rhinolophus ferrumequinum,0.023,0.023,-1,Echolocation,/mnt/ubna_data_02_mir/recover-20221013/UBNA_001/20221012_030000.WAV,Telephone Field,recover-20221013,001,1795
1775.6875,1775.6954,23750,32101,Plecotus austriacus,0.012,0.026,-1,Echolocation,/mnt/ubna_data_02_mir/recover-20221013/UBNA_001/20221012_030000.WAV,Telephone Field,recover-20221013,001,1795
1775.7085,1775.719,22890,28483,Nyctalus leisleri,0.01,0.024,-1,Echolocation,/mnt/ubna_data_02_mir/recover-20221013/UBNA_001/20221012_030000.WAV,Telephone Field,recover-20221013,001,1795
1775.7195,1775.7259,25468,39215,Plecotus austriacus,0.006,0.025,-1,Echolocation,/mnt/ubna_data_02_mir/recover-20221013/UBNA_001/20221012_030000.WAV,Telephone Field,recover-20221013,001,1795
1775.7545,1775.7925,68437,82100,Rhinolophus ferrumequinum,0.022,0.022,-1,Echolocation,/mnt/ubna_data_02_mir/recover-20221013/UBNA_001/20221012_030000.WAV,Telephone Field,recover-20221013,001,1795
1775.7655,1775.7718,50390,55439,Pipistrellus pipistrellus,0.018,0.021,-1,Echolocation,/mnt/ubna_data_02_mir/recover-20221013/UBNA_001/20221012_030000.WAV,Telephone Field,recover-20221013,001,1795
1775.7765,1775.8153,68437,82452,Rhinolophus ferrumequinum,0.022,0.022,-1,Echolocation,/mnt/ubna_data_02_mir/recover-20221013/UBNA_001/20221012_030000.WAV,Telephone Field,recover-20221013,001,1795
1775.8105,1775.8462,68437,81453,Rhinolophus ferrumequinum,0.021,0.021,-1,Echolocation,/mnt/ubna_data_02_mir/recover-20221013/UBNA_001/20221012_030000.WAV,Telephone Field,recover-20221013,001,1795
1775.8395,1775.8782,68437,82532,Rhinolophus ferrumequinum,0.025,0.025,-1,Echolocation,/mnt/ubna_data_02_mir/recover-20221013/UBNA_001/20221012_030000.WAV,Telephone Field,recover-20221013,001,1795
1775.8905,1775.8999,22031,28591,Plecotus austriacus,0.009,0.027,-1,Echolocation,/mnt/ubna_data_02_mir/recover-20221013/UBNA_001/20221012_030000.WAV,Telephone Field,recover-20221013,001,1795
1775.9045,1775.9443,68437,82355,Rhinolophus ferrumequinum,0.023,0.023,-1,Echolocation,/mnt/ubna_data_02_mir/recover-20221013/UBNA_001/20221012_030000.WAV,Telephone Field,recover-20221013,001,1795
1775.9385,1775.9488,28046,36221,Eptesicus serotinus,0.009,0.021,-1,Echolocation,/mnt/ubna_data_02_mir/recover-20221013/UBNA_001/20221012_030000.WAV,Telephone Field,recover-20221013,001,1795
1775.9555,1775.9913,68437,81769,Rhinolophus ferrumequinum,0.022,0.022,-1,Echolocation,/mnt/ubna_data_02_mir/recover-20221013/UBNA_001/20221012_030000.WAV,Telephone Field,recover-20221013,001,1795
1776.0015,1776.0159,17734,22926,Nyctalus noctula,0.008,0.022,-1,Echolocation,/mnt/ubna_data_02_mir/recover-20221013/UBNA_001/20221012_030000.WAV,Telephone Field,recover-20221013,001,1795
1776.0015,1776.0104,22890,29601,Nyctalus leisleri,0.008,0.025,-1,Echolocation,/mnt/ubna_data_02_mir/recover-20221013/UBNA_001/20221012_030000.WAV,Telephone Field,recover-20221013,001,1795
1776.0015,1776.0335,68437,80413,Rhinolophus ferrumequinum,0.038,0.038,-1,Echolocation,/mnt/ubna_data_02_mir/recover-20221013/UBNA_001/20221012_030000.WAV,Telephone Field,recover-20221013,001,1795
1776.0155,1776.0621,68437,83887,Rhinolophus ferrumequinum,0.062,0.062,-1,Echolocation,/mnt/ubna_data_02_mir/recover-20221013/UBNA_001/20221012_030000.WAV,Telephone Field,recover-20221013,001,1795
1776.0435,1776.0828,68437,82352,Rhinolophus ferrumequinum,0.03,0.03,-1,Echolocation,/mnt/ubna_data_02_mir/recover-20221013/UBNA_001/20221012_030000.WAV,Telephone Field,recover-20221013,001,1795
1776.0625,1776.0733,23750,30179,Nyctalus leisleri,0.008,0.022,-1,Echolocation,/mnt/ubna_data_02_mir/recover-20221013/UBNA_001/20221012_030000.WAV,Telephone Field,recover-20221013,001,1795
1776.0795,1776.1175,68437,81904,Rhinolophus ferrumequinum,0.022,0.022,-1,Echolocation,/mnt/ubna_data_02_mir/recover-20221013/UBNA_001/20221012_030000.WAV,Telephone Field,recover-20221013,001,1795
1776.0865,1776.0932,28046,39142,Eptesicus serotinus,0.005,0.021,-1,Echolocation,/mnt/ubna_data_02_mir/recover-20221013/UBNA_001/20221012_030000.WAV,Telephone Field,recover-20221013,001,1795
1776.0875,1776.095,23750,32831,Plecotus austriacus,0.009,0.021,-1,Echolocation,/mnt/ubna_data_02_mir/recover-20221013/UBNA_001/20221012_030000.WAV,Telephone Field,recover-20221013,001,1795
1776.1505,1776.1608,28906,36175,Eptesicus serotinus,0.01,0.023,-1,Echolocation,/mnt/ubna_data_02_mir/recover-20221013/UBNA_001/20221012_030000.WAV,Telephone Field,recover-20221013,001,1795
1776.1775,1776.2156,68437,82164,Rhinolophus ferrumequinum,0.021,0.021,-1,Echolocation,/mnt/ubna_data_02_mir/recover-20221013/UBNA_001/20221012_030000.WAV,Telephone Field,recover-20221013,001,1795
1776.1935,1776.2003,28906,41283,Eptesicus serotinus,0.007,0.025,-1,Echolocation,/mnt/ubna_data_02_mir/recover-20221013/UBNA_001/20221012_030000.WAV,Telephone Field,recover-20221013,001,1795
1776.2155,1776.2242,26328,34908,Eptesicus serotinus,0.007,0.022,-1,Echolocation,/mnt/ubna_data_02_mir/recover-20221013/UBNA_001/20221012_030000.WAV,Telephone Field,recover-20221013,001,1795
1776.2255,1776.2341,23750,31639,Plecotus austriacus,0.007,0.022,-1,Echolocation,/mnt/ubna_data_02_mir/recover-20221013/UBNA_001/20221012_030000.WAV,Telephone Field,recover-20221013,001,1795
1776.2425,1776.2493,28906,41520,Eptesicus serotinus,0.008,0.029,-1,Echolocation,/mnt/ubna_data_02_mir/recover-20221013/UBNA_001/20221012_030000.WAV,Telephone Field,recover-20221013,001,1795
1776.2605,1776.298,68437,81872,Rhinolophus ferrumequinum,0.022,0.022,-1,Echolocation,/mnt/ubna_data_02_mir/recover-20221013/UBNA_001/20221012_030000.WAV,Telephone Field,recover-20221013,001,1795
1776.2725,1776.3062,68437,81698,Rhinolophus ferrumequinum,0.022,0.022,-1,Echolocation,/mnt/ubna_data_02_mir/recover-20221013/UBNA_001/20221012_030000.WAV,Telephone Field,recover-20221013,001,1795
1776.2805,1776.3183,68437,81918,Rhinolophus ferrumequinum,0.027,0.027,-1,Echolocation,/mnt/ubna_data_02_mir/recover-20221013/UBNA_001/20221012_030000.WAV,Telephone Field,recover-20221013,001,1795
1776.2905,1776.2986,28046,40901,Eptesicus serotinus,0.01,0.028,-1,Echolocation,/mnt/ubna_data_02_mir/recover-20221013/UBNA_001/20221012_030000.WAV,Telephone Field,recover-20221013,001,1795
1776.3085,1776.3492,68437,82973,Rhinolophus ferrumequinum,0.035,0.035,-1,Echolocation,/mnt/ubna_data_02_mir/recover-20221013/UBNA_001/20221012_030000.WAV,Telephone Field,recover-20221013,001,1795
1776.3195,1776.3593,68437,82454,Rhinolophus ferrumequinum,0.024,0.024,-1,Echolocation,/mnt/ubna_data_02_mir/recover-20221013/UBNA_001/20221012_030000.WAV,Telephone Field,recover-20221013,001,1795
1776.3555,1776.3954,68437,82464,Rhinolophus ferrumequinum,0.022,0.022,-1,Echolocation,/mnt/ubna_data_02_mir/recover-20221013/UBNA_001/20221012_030000.WAV,Telephone Field,recover-20221013,001,1795
1776.3615,1776.4021,68437,82135,Rhinolophus ferrumequinum,0.022,0.022,-1,Echolocation,/mnt/ubna_data_02_mir/recover-20221013/UBNA_001/20221012_030000.WAV,Telephone Field,recover-20221013,001,1795
1776.3965,1776.4046,27187,35380,Eptesicus serotinus,0.024,0.047,-1,Echolocation,/mnt/ubna_data_02_mir/recover-20221013/UBNA_001/20221012_030000.WAV,Telephone Field,recover-20221013,001,1795
1776.4285,1776.4688,68437,82366,Rhinolophus ferrumequinum,0.03,0.03,-1,Echolocation,/mnt/ubna_data_02_mir/recover-20221013/UBNA_001/20221012_030000.WAV,Telephone Field,recover-20221013,001,1795
1776.4325,1776.4428,23750,29595,Nyctalus leisleri,0.011,0.026,-1,Echolocation,/mnt/ubna_data_02_mir/recover-20221013/UBNA_001/20221012_030000.WAV,Telephone Field,recover-20221013,001,1795
1776.4415,1776.4608,20312,23157,Nyctalus leisleri,0.013,0.025,-1,Echolocation,/mnt/ubna_data_02_mir/recover-20221013/UBNA_001/20221012_030000.WAV,Telephone Field,recover-20221013,001,1795
1776.4935,1776.533,68437,82140,Rhinolophus ferrumequinum,0.022,0.022,-1,Echolocation,/mnt/ubna_data_02_mir/recover-20221013/UBNA_001/20221012_030000.WAV,Telephone Field,recover-20221013,001,1795
1776.5215,1776.5316,22890,29273,Nyctalus leisleri,0.008,0.023,-1,Echolocation,/mnt/ubna_data_02_mir/recover-20221013/UBNA_001/20221012_030000.WAV,Telephone Field,recover-20221013,001,1795
1776.5225,1776.5653,68437,82958,Rhinolophus ferrumequinum,0.038,0.038,-1,Echolocation,/mnt/ubna_data_02_mir/recover-20221013/UBNA_001/20221012_030000.WAV,Telephone Field,recover-20221013,001,1795
1776.5405,1776.5593,21171,25230,Nyctalus leisleri,0.026,0.052,-1,Echolocation,/mnt/ubna_data_02_mir/recover-20221013/UBNA_001/20221012_030000.WAV,Telephone Field,recover-20221013,001,1795
1776.5485,1776.5849,68437,80792,Rhinolophus ferrumequinum,0.022,0.022,-1,Echolocation,/mnt/ubna_data_02_mir/recover-20221013/UBNA_001/20221012_030000.WAV,Telephone Field,recover-20221013,001,1795
1776.5485,1776.556,28046,38378,Eptesicus serotinus,0.007,0.023,-1,Echolocation,/mnt/ubna_data_02_mir/recover-20221013/UBNA_001/20221012_030000.WAV,Telephone Field,recover-20221013,001,1795
1776.5715,1776.6088,68437,82291,Rhinolophus ferrumequinum,0.022,0.022,-1,Echolocation,/mnt/ubna_data_02_mir/recover-20221013/UBNA_001/20221012_030000.WAV,Telephone Field,recover-20221013,001,1795
1776.6025,1776.6115,14296,23899,Nyctalus noctula,0.013,0.029,-1,Echolocation,/mnt/ubna_data_02_mir/recover-20221013/UBNA_001/20221012_030000.WAV,Telephone Field,recover-20221013,001,1795
1776.6185,1776.6528,68437,80558,Rhinolophus ferrumequinum,0.021,0.022,-1,Echolocation,/mnt/ubna_data_02_mir/recover-20221013/UBNA_001/20221012_030000.WAV,Telephone Field,recover-20221013,001,1795
1776.6225,1776.6393,17734,22251,Nyctalus noctula,0.016,0.024,-1,Echolocation,/mnt/ubna_data_02_mir/recover-20221013/UBNA_001/20221012_030000.WAV,Telephone Field,recover-20221013,001,1795
1776.6475,1776.6573,47812,54760,Pipistrellus pipistrellus,0.021,0.024,-1,Echolocation,/mnt/ubna_data_02_mir/recover-20221013/UBNA_001/20221012_030000.WAV,Telephone Field,recover-20221013,001,1795
1776.6485,1776.6585,23750,30855,Nyctalus leisleri,0.008,0.024,-1,Echolocation,/mnt/ubna_data_02_mir/recover-20221013/UBNA_001/20221012_030000.WAV,Telephone Field,recover-20221013,001,1795
1776.6585,1776.67,23750,30254,Nyctalus leisleri,0.01,0.027,-1,Echolocation,/mnt/ubna_data_02_mir/recover-20221013/UBNA_001/20221012_030000.WAV,Telephone Field,recover-20221013,001,1795
1776.6655,1776.7043,68437,81850,Rhinolophus ferrumequinum,0.026,0.026,-1,Echolocation,/mnt/ubna_data_02_mir/recover-20221013/UBNA_001/20221012_030000.WAV,Telephone Field,recover-20221013,001,1795
1776.6855,1776.7241,68437,82265,Rhinolophus ferrumequinum,0.022,0.022,-1,Echolocation,/mnt/ubna_data_02_mir/recover-20221013/UBNA_001/20221012_030000.WAV,Telephone Field,recover-20221013,001,1795
1776.6975,1776.706,28906,38346,Eptesicus serotinus,0.008,0.024,-1,Echolocation,/mnt/ubna_data_02_mir/recover-20221013/UBNA_001/20221012_030000.WAV,Telephone Field,recover-20221013,001,1795
1776.6995,1776.7415,68437,82632,Rhinolophus ferrumequinum,0.025,0.025,-1,Echolocation,/mnt/ubna_data_02_mir/recover-20221013/UBNA_001/20221012_030000.WAV,Telephone Field,recover-20221013,001,1795
1776.7305,1776.7376,28046,40569,Eptesicus serotinus,0.006,0.021,-1,Echolocation,/mnt/ubna_data_02_mir/recover-20221013/UBNA_001/20221012_030000.WAV,Telephone Field,recover-20221013,001,1795
1776.7675,1776.8069,68437,82046,Rhinolophus ferrumequinum,0.023,0.023,-1,Echolocation,/mnt/ubna_data_02_mir/recover-20221013/UBNA_001/20221012_030000.WAV,Telephone Field,recover-20221013,001,1795
1776.7715,1776.7843,28906,37078,Eptesicus serotinus,0.017,0.03,-1,Echolocation,/mnt/ubna_data_02_mir/recover-20221013/UBNA_001/20221012_030000.WAV,Telephone Field,recover-20221013,001,1795
1776.7945,1776.8017,28046,38857,Eptesicus serotinus,0.006,0.021,-1,Echolocation,/mnt/ubna_data_02_mir/recover-20221013/UBNA_001/20221012_030000.WAV,Telephone Field,recover-20221013,001,1795
1776.8045,1776.8172,15156,21523,Nyctalus noctula,0.014,0.022,-1,Echolocation,/mnt/ubna_data_02_mir/recover-20221013/UBNA_001/20221012_030000.WAV,Telephone Field,recover-20221013,001,1795
1776.8135,1776.8514,68437,82488,Rhinolophus ferrumequinum,0.021,0.022,-1,Echolocation,/mnt/ubna_data_02_mir/recover-20221013/UBNA_001/20221012_030000.WAV,Telephone Field,recover-20221013,001,1795
1776.8235,1776.8612,68437,82595,Rhinolophus ferrumequinum,0.022,0.022,-1,Echolocation,/mnt/ubna_data_02_mir/recover-20221013/UBNA_001/20221012_030000.WAV,Telephone Field,recover-20221013,001,1795
1776.8235,1776.8317,28046,39522,Eptesicus serotinus,0.008,0.022,-1,Echolocation,/mnt/ubna_data_02_mir/recover-20221013/UBNA_001/20221012_030000.WAV,Telephone Field,recover-20221013,001,1795
1776.8355,1776.8459,24609,31644,Eptesicus serotinus,0.012,0.03,-1,Echolocation,/mnt/ubna_data_02_mir/recover-20221013/UBNA_001/20221012_030000.WAV,Telephone Field,recover-20221013,001,1795
1776.8365,1776.8755,68437,83148,Rhinolophus ferrumequinum,0.031,0.031,-1,Echolocation,/mnt/ubna_data_02_mir/recover-20221013/UBNA_001/20221012_030000.WAV,Telephone Field,recover-20221013,001,1795
1776.8505,1776.89,68437,82428,Rhinolophus ferrumequinum,0.021,0.021,-1,Echolocation,/mnt/ubna_data_02_mir/recover-20221013/UBNA_001/20221012_030000.WAV,Telephone Field,recover-20221013,001,1795
1776.8535,1776.862,28046,41238,Eptesicus serotinus,0.008,0.022,-1,Echolocation,/mnt/ubna_data_02_mir/recover-20221013/UBNA_001/20221012_030000.WAV,Telephone Field,recover-20221013,001,1795
1776.8845,1776.9237,68437,82418,Rhinolophus ferrumequinum,0.026,0.026,-1,Echolocation,/mnt/ubna_data_02_mir/recover-20221013/UBNA_001/20221012_030000.WAV,Telephone Field,recover-20221013,001,1795
1776.9025,1776.9115,24609,32010,Eptesicus serotinus,0.007,0.021,-1,Echolocation,/mnt/ubna_data_02_mir/recover-20221013/UBNA_001/20221012_030000.WAV,Telephone Field,recover-20221013,001,1795
1776.9115,1776.9507,68437,82253,Rhinolophus ferrumequinum,0.023,0.023,-1,Echolocation,/mnt/ubna_data_02_mir/recover-20221013/UBNA_001/20221012_030000.WAV,Telephone Field,recover-20221013,001,1795
1776.9515,1776.9938,68437,82904,Rhinolophus ferrumequinum,0.03,0.03,-1,Echolocation,/mnt/ubna_data_02_mir/recover-20221013/UBNA_001/20221012_030000.WAV,Telephone Field,recover-20221013,001,1795
1776.9785,1776.9889,28906,36247,Eptesicus serotinus,0.028,0.046,-1,Echolocation,/mnt/ubna_data_02_mir/recover-20221013/UBNA_001/20221012_030000.WAV,Telephone Field,recover-20221013,001,1795
1777.0305,1777.0388,28906,38337,Eptesicus serotinus,0.008,0.022,-1,Echolocation,/mnt/ubna_data_02_mir/recover-20221013/UBNA_001/20221012_030000.WAV,Telephone Field,recover-20221013,001,1795
1777.0315,1777.0403,23750,30835,Plecotus austriacus,0.006,0.022,-1,Echolocation,/mnt/ubna_data_02_mir/recover-20221013/UBNA_001/20221012_030000.WAV,Telephone Field,recover-20221013,001,1795
1777.0385,1777.0776,68437,81442,Rhinolophus ferrumequinum,0.022,0.022,-1,Echolocation,/mnt/ubna_data_02_mir/recover-20221013/UBNA_001/20221012_030000.WAV,Telephone Field,recover-20221013,001,1795
1777.0705,1777.1077,68437,81689,Rhinolophus ferrumequinum,0.021,0.021,-1,Echolocation,/mnt/ubna_data_02_mir/recover-20221013/UBNA_001/20221012_030000.WAV,Telephone Field,recover-20221013,001,1795
1777.0865,1777.1239,68437,81721,Rhinolophus ferrumequinum,0.023,0.024,-1,Echolocation,/mnt/ubna_data_02_mir/recover-20221013/UBNA_001/20221012_030000.WAV,Telephone Field,recover-20221013,001,1795
1777.1045,1777.1142,22890,29729,Nyctalus leisleri,0.006,0.022,-1,Echolocation,/mnt/ubna_data_02_mir/recover-20221013/UBNA_001/20221012_030000.WAV,Telephone Field,recover-20221013,001,1795
1777.1075,1777.1435,68437,82576,Rhinolophus ferrumequinum,0.022,0.022,-1,Echolocation,/mnt/ubna_data_02_mir/recover-20221013/UBNA_001/20221012_030000.WAV,Telephone Field,recover-20221013,001,1795
1777.1115,1777.1197,26328,34487,Eptesicus serotinus,0.011,0.026,-1,Echolocation,/mnt/ubna_data_02_mir/recover-20221013/UBNA_001/20221012_030000.WAV,Telephone Field,recover-20221013,001,1795
1777.1455,1777.1864,68437,82681,Rhinolophus ferrumequinum,0.029,0.029,-1,Echolocation,/mnt/ubna_data_02_mir/recover-20221013/UBNA_001/20221012_030000.WAV,Telephone Field,recover-20221013,001,1795
1777.1875,1777.2238,68437,81646,Rhinolophus ferrumequinum,0.022,0.022,-1,Echolocation,/mnt/ubna_data_02_mir/recover-20221013/UBNA_001/20221012_030000.WAV,Telephone Field,recover-20221013,001,1795
1777.1935,1777.2002,49531,55559,Pipistrellus pipistrellus,0.02,0.022,-1,Echolocation,/mnt/ubna_data_02_mir/recover-20221013/UBNA_001/20221012_030000.WAV,Telephone Field,recover-20221013,001,1795
1777.2285,1777.2717,68437,82734,Rhinolophus ferrumequinum,0.025,0.025,-1,Echolocation,/mnt/ubna_data_02_mir/recover-20221013/UBNA_001/20221012_030000.WAV,Telephone Field,recover-20221013,001,1795
1777.2485,1777.2848,68437,82385,Rhinolophus ferrumequinum,0.023,0.023,-1,Echolocation,/mnt/ubna_data_02_mir/recover-20221013/UBNA_001/20221012_030000.WAV,Telephone Field,recover-20221013,001,1795
1777.3255,1777.3615,68437,82172,Rhinolophus ferrumequinum,0.022,0.022,-1,Echolocation,/mnt/ubna_data_02_mir/recover-20221013/UBNA_001/20221012_030000.WAV,Telephone Field,recover-20221013,001,1795
1777.3455,1777.3826,68437,81729,Rhinolophus ferrumequinum,0.023,0.023,-1,Echolocation,/mnt/ubna_data_02_mir/recover-20221013/UBNA_001/20221012_030000.WAV,Telephone Field,recover-20221013,001,1795
1777.3755,1777.414,68437,82394,Rhinolophus ferrumequinum,0.026,0.026,-1,Echolocation,/mnt/ubna_data_02_mir/recover-20221013/UBNA_001/20221012_030000.WAV,Telephone Field,recover-20221013,001,1795
1777.3975,1777.438,68437,82341,Rhinolophus ferrumequinum,0.029,0.029,-1,Echolocation,/mnt/ubna_data_02_mir/recover-20221013/UBNA_001/20221012_030000.WAV,Telephone Field,recover-20221013,001,1795
1777.4105,1777.4177,28046,39441,Eptesicus serotinus,0.007,0.022,-1,Echolocation,/mnt/ubna_data_02_mir/recover-20221013/UBNA_001/20221012_030000.WAV,Telephone Field,recover-20221013,001,1795
1777.4605,1777.4969,68437,81385,Rhinolophus ferrumequinum,0.025,0.025,-1,Echolocation,/mnt/ubna_data_02_mir/recover-20221013/UBNA_001/20221012_030000.WAV,Telephone Field,recover-20221013,001,1795
1777.4675,1777.4756,28046,39529,Eptesicus serotinus,0.011,0.029,-1,Echolocation,/mnt/ubna_data_02_mir/recover-20221013/UBNA_001/20221012_030000.WAV,Telephone Field,recover-20221013,001,1795
1777.5115,1777.5505,68437,81725,Rhinolophus ferrumequinum,0.023,0.023,-1,Echolocation,/mnt/ubna_data_02_mir/recover-20221013/UBNA_001/20221012_030000.WAV,Telephone Field,recover-20221013,001,1795
1777.5375,1777.5774,68437,81755,Rhinolophus ferrumequinum,0.024,0.024,-1,Echolocation,/mnt/ubna_data_02_mir/recover-20221013/UBNA_001/20221012_030000.WAV,Telephone Field,recover-20221013,001,1795
1777.5505,1777.5894,68437,82411,Rhinolophus ferrumequinum,0.023,0.023,-1,Echolocation,/mnt/ubna_data_02_mir/recover-20221013/UBNA_001/20221012_030000.WAV,Telephone Field,recover-20221013,001,1795
1777.5655,1777.6039,68437,82565,Rhinolophus ferrumequinum,0.022,0.023,-1,Echolocation,/mnt/ubna_data_02_mir/recover-20221013/UBNA_001/20221012_030000.WAV,Telephone Field,recover-20221013,001,1795
1777.5755,1777.584,14296,23052,Plecotus auritus,0.026,0.041,-1,Echolocation,/mnt/ubna_data_02_mir/recover-20221013/UBNA_001/20221012_030000.WAV,Telephone Field,recover-20221013,001,1795
1777.5785,1777.6179,68437,82288,Rhinolophus ferrumequinum,0.024,0.024,-1,Echolocation,/mnt/ubna_data_02_mir/recover-20221013/UBNA_001/20221012_030000.WAV,Telephone Field,recover-20221013,001,1795
1777.5885,1777.6235,68437,81582,Rhinolophus ferrumequinum,0.022,0.022,-1,Echolocation,/mnt/ubna_data_02_mir/recover-20221013/UBNA_001/20221012_030000.WAV,Telephone Field,recover-20221013,001,1795
1777.5905,1777.599,28046,40919,Eptesicus serotinus,0.009,0.021,-1,Echolocation,/mnt/ubna_data_02_mir/recover-20221013/UBNA_001/20221012_030000.WAV,Telephone Field,recover-20221013,001,1795
1777.5995,1777.6083,25468,33505,Eptesicus serotinus,0.008,0.022,-1,Echolocation,/mnt/ubna_data_02_mir/recover-20221013/UBNA_001/20221012_030000.WAV,Telephone Field,recover-20221013,001,1795
1777.6205,1777.6599,68437,82430,Rhinolophus ferrumequinum,0.032,0.032,-1,Echolocation,/mnt/ubna_data_02_mir/recover-20221013/UBNA_001/20221012_030000.WAV,Telephone Field,recover-20221013,001,1795
1777.6595,1777.6702,22890,28950,Nyctalus leisleri,0.009,0.023,-1,Echolocation,/mnt/ubna_data_02_mir/recover-20221013/UBNA_001/20221012_030000.WAV,Telephone Field,recover-20221013,001,1795
1777.6785,1777.7167,68437,82093,Rhinolophus ferrumequinum,0.027,0.028,-1,Echolocation,/mnt/ubna_data_02_mir/recover-20221013/UBNA_001/20221012_030000.WAV,Telephone Field,recover-20221013,001,1795
1777.6805,1777.6911,22031,26613,Nyctalus leisleri,0.01,0.022,-1,Echolocation,/mnt/ubna_data_02_mir/recover-20221013/UBNA_001/20221012_030000.WAV,Telephone Field,recover-20221013,001,1795
1777.6875,1777.7209,68437,81198,Rhinolophus ferrumequinum,0.023,0.024,-1,Echolocation,/mnt/ubna_data_02_mir/recover-20221013/UBNA_001/20221012_030000.WAV,Telephone Field,recover-20221013,001,1795
1777.7315,1777.7417,24609,31460,Eptesicus serotinus,0.009,0.024,-1,Echolocation,/mnt/ubna_data_02_mir/recover-20221013/UBNA_001/20221012_030000.WAV,Telephone Field,recover-20221013,001,1795
1777.7915,1777.8022,25468,32190,Eptesicus serotinus,0.009,0.023,-1,Echolocation,/mnt/ubna_data_02_mir/recover-20221013/UBNA_001/20221012_030000.WAV,Telephone Field,recover-20221013,001,1795
1777.8145,1777.8525,68437,82353,Rhinolophus ferrumequinum,0.024,0.024,-1,Echolocation,/mnt/ubna_data_02_mir/recover-20221013/UBNA_001/20221012_030000.WAV,Telephone Field,recover-20221013,001,1795
1777.8305,1777.8686,68437,81584,Rhinolophus ferrumequinum,0.025,0.025,-1,Echolocation,/mnt/ubna_data_02_mir/recover-20221013/UBNA_001/20221012_030000.WAV,Telephone Field,recover-20221013,001,1795
1777.8315,1777.839,26328,38650,Eptesicus serotinus,0.01,0.034,-1,Echolocation,/mnt/ubna_data_02_mir/recover-20221013/UBNA_001/20221012_030000.WAV,Telephone Field,recover-20221013,001,1795
1777.8585,1777.899,68437,82804,Rhinolophus ferrumequinum,0.033,0.033,-1,Echolocation,/mnt/ubna_data_02_mir/recover-20221013/UBNA_001/20221012_030000.WAV,Telephone Field,recover-20221013,001,1795
1777.8795,1777.9155,68437,81234,Rhinolophus ferrumequinum,0.023,0.023,-1,Echolocation,/mnt/ubna_data_02_mir/recover-20221013/UBNA_001/20221012_030000.WAV,Telephone Field,recover-20221013,001,1795
1777.8815,1777.8918,23750,29178,Nyctalus leisleri,0.01,0.023,-1,Echolocation,/mnt/ubna_data_02_mir/recover-20221013/UBNA_001/20221012_030000.WAV,Telephone Field,recover-20221013,001,1795
1777.8915,1777.9321,68437,82767,Rhinolophus ferrumequinum,0.024,0.024,-1,Echolocation,/mnt/ubna_data_02_mir/recover-20221013/UBNA_001/20221012_030000.WAV,Telephone Field,recover-20221013,001,1795
1777.9215,1777.931,28906,39930,Eptesicus serotinus,0.009,0.022,-1,Echolocation,/mnt/ubna_data_02_mir/recover-20221013/UBNA_001/20221012_030000.WAV,Telephone Field,recover-20221013,001,1795
1777.9265,1777.9645,68437,82367,Rhinolophus ferrumequinum,0.023,0.023,-1,Echolocation,/mnt/ubna_data_02_mir/recover-20221013/UBNA_001/20221012_030000.WAV,Telephone Field,recover-20221013,001,1795
1777.9455,1777.9836,68437,82138,Rhinolophus ferrumequinum,0.033,0.033,-1,Echolocation,/mnt/ubna_data_02_mir/recover-20221013/UBNA_001/20221012_030000.WAV,Telephone Field,recover-20221013,001,1795
1777.9475,1777.9571,40937,48904,Pipistrellus nathusii,0.011,0.026,-1,Echolocation,/mnt/ubna_data_02_mir/recover-20221013/UBNA_001/20221012_030000.WAV,Telephone Field,recover-20221013,001,1795
1777.9605,1777.9965,68437,81767,Rhinolophus ferrumequinum,0.022,0.022,-1,Echolocation,/mnt/ubna_data_02_mir/recover-20221013/UBNA_001/20221012_030000.WAV,Telephone Field,recover-20221013,001,1795
1777.9655,1777.9736,28046,37298,Eptesicus serotinus,0.01,0.024,-1,Echolocation,/mnt/ubna_data_02_mir/recover-20221013/UBNA_001/20221012_030000.WAV,Telephone Field,recover-20221013,001,1795
1777.9835,1777.992,28906,38986,Eptesicus serotinus,0.011,0.026,-1,Echolocation,/mnt/ubna_data_02_mir/recover-20221013/UBNA_001/20221012_030000.WAV,Telephone Field,recover-20221013,001,1795
1778.0015,1778.0128,21171,25682,Nyctalus leisleri,0.023,0.049,-1,Echolocation,/mnt/ubna_data_02_mir/recover-20221013/UBNA_001/20221012_030000.WAV,Telephone Field,recover-20221013,001,1795
1778.0015,1778.034,69296,81350,Rhinolophus ferrumequinum,0.031,0.031,-1,Echolocation,/mnt/ubna_data_02_mir/recover-20221013/UBNA_001/20221012_030000.WAV,Telephone Field,recover-20221013,001,1795
1778.0525,1778.0916,68437,82070,Rhinolophus ferrumequinum,0.022,0.022,-1,Echolocation,/mnt/ubna_data_02_mir/recover-20221013/UBNA_001/20221012_030000.WAV,Telephone Field,recover-20221013,001,1795
1778.0585,1778.0695,23750,29348,Nyctalus leisleri,0.01,0.022,-1,Echolocation,/mnt/ubna_data_02_mir/recover-20221013/UBNA_001/20221012_030000.WAV,Telephone Field,recover-20221013,001,1795
1778.0725,1778.1117,68437,81490,Rhinolophus ferrumequinum,0.022,0.022,-1,Echolocation,/mnt/ubna_data_02_mir/recover-20221013/UBNA_001/20221012_030000.WAV,Telephone Field,recover-20221013,001,1795
1778.1005,1778.1093,22890,29869,Plecotus austriacus,0.008,0.021,-1,Echolocation,/mnt/ubna_data_02_mir/recover-20221013/UBNA_001/20221012_030000.WAV,Telephone Field,recover-20221013,001,1795
1778.1345,1778.1777,68437,82930,Rhinolophus ferrumequinum,0.022,0.022,-1,Echolocation,/mnt/ubna_data_02_mir/recover-20221013/UBNA_001/20221012_030000.WAV,Telephone Field,recover-20221013,001,1795
1778.1355,1778.1441,28046,38465,Eptesicus serotinus,0.007,0.021,-1,Echolocation,/mnt/ubna_data_02_mir/recover-20221013/UBNA_001/20221012_030000.WAV,Telephone Field,recover-20221013,001,1795
1778.1735,1778.2128,68437,82109,Rhinolophus ferrumequinum,0.022,0.022,-1,Echolocation,/mnt/ubna_data_02_mir/recover-20221013/UBNA_001/20221012_030000.WAV,Telephone Field,recover-20221013,001,1795
1778.2265,1778.2357,29765,39651,Eptesicus serotinus,0.008,0.025,-1,Echolocation,/mnt/ubna_data_02_mir/recover-20221013/UBNA_001/20221012_030000.WAV,Telephone Field,recover-20221013,001,1795
1778.2275,1778.2687,68437,82598,Rhinolophus ferrumequinum,0.025,0.025,-1,Echolocation,/mnt/ubna_data_02_mir/recover-20221013/UBNA_001/20221012_030000.WAV,Telephone Field,recover-20221013,001,1795
1778.2435,1778.2508,47812,54289,Pipistrellus pipistrellus,0.023,0.025,-1,Echolocation,/mnt/ubna_data_02_mir/recover-20221013/UBNA_001/20221012_030000.WAV,Telephone Field,recover-20221013,001,1795
1778.2635,1778.2702,27187,38177,Eptesicus serotinus,0.009,0.03,-1,Echolocation,/mnt/ubna_data_02_mir/recover-20221013/UBNA_001/20221012_030000.WAV,Telephone Field,recover-20221013,001,1795
1778.3115,1778.3194,27187,39672,Eptesicus serotinus,0.006,0.021,-1,Echolocation,/mnt/ubna_data_02_mir/recover-20221013/UBNA_001/20221012_030000.WAV,Telephone Field,recover-20221013,001,1795
1778.3785,1778.4164,68437,81456,Rhinolophus ferrumequinum,0.022,0.022,-1,Echolocation,/mnt/ubna_data_02_mir/recover-20221013/UBNA_001/20221012_030000.WAV,Telephone Field,recover-20221013,001,1795
1778.3915,1778.4314,68437,82001,Rhinolophus ferrumequinum,0.021,0.021,-1,Echolocation,/mnt/ubna_data_02_mir/recover-20221013/UBNA_001/20221012_030000.WAV,Telephone Field,recover-20221013,001,1795
1778.3925,1778.4049,23750,29005,Nyctalus leisleri,0.018,0.034,-1,Echolocation,/mnt/ubna_data_02_mir/recover-20221013/UBNA_001/20221012_030000.WAV,Telephone Field,recover-20221013,001,1795
1778.4425,1778.484,68437,82539,Rhinolophus ferrumequinum,0.026,0.026,-1,Echolocation,/mnt/ubna_data_02_mir/recover-20221013/UBNA_001/20221012_030000.WAV,Telephone Field,recover-20221013,001,1795
1778.4435,1778.4517,27187,39724,Eptesicus serotinus,0.007,0.024,-1,Echolocation,/mnt/ubna_data_02_mir/recover-20221013/UBNA_001/20221012_030000.WAV,Telephone Field,recover-20221013,001,1795
1778.4585,1778.4664,28046,38349,Eptesicus serotinus,0.008,0.024,-1,Echolocation,/mnt/ubna_data_02_mir/recover-20221013/UBNA_001/20221012_030000.WAV,Telephone Field,recover-20221013,001,1795
1778.5145,1778.5544,68437,82826,Rhinolophus ferrumequinum,0.021,0.021,-1,Echolocation,/mnt/ubna_data_02_mir/recover-20221013/UBNA_001/20221012_030000.WAV,Telephone Field,recover-20221013,001,1795
1778.5435,1778.5816,68437,82588,Rhinolophus ferrumequinum,0.022,0.022,-1,Echolocation,/mnt/ubna_data_02_mir/recover-20221013/UBNA_001/20221012_030000.WAV,Telephone Field,recover-20221013,001,1795
1778.6015,1778.6406,68437,82153,Rhinolophus ferrumequinum,0.021,0.021,-1,Echolocation,/mnt/ubna_data_02_mir/recover-20221013/UBNA_001/20221012_030000.WAV,Telephone Field,recover-20221013,001,1795
1778.6095,1778.6492,68437,82519,Rhinolophus ferrumequinum,0.021,0.021,-1,Echolocation,/mnt/ubna_data_02_mir/recover-20221013/UBNA_001/20221012_030000.WAV,Telephone Field,recover-20221013,001,1795
1778.6325,1778.6403,28046,39427,Eptesicus serotinus,0.007,0.021,-1,Echolocation,/mnt/ubna_data_02_mir/recover-20221013/UBNA_001/20221012_030000.WAV,Telephone Field,recover-20221013,001,1795
1778.6335,1778.6689,68437,81134,Rhinolophus ferrumequinum,0.02,0.021,-1,Echolocation,/mnt/ubna_data_02_mir/recover-20221013/UBNA_001/20221012_030000.WAV,Telephone Field,recover-20221013,001,1795
1778.7365,1778.7708,68437,80992,Rhinolophus ferrumequinum,0.022,0.022,-1,Echolocation,/mnt/ubna_data_02_mir/recover-20221013/UBNA_001/20221012_030000.WAV,Telephone Field,recover-20221013,001,1795
1778.7645,1778.773,28906,38378,Eptesicus serotinus,0.008,0.026,-1,Echolocation,/mnt/ubna_data_02_mir/recover-20221013/UBNA_001/20221012_030000.WAV,Telephone Field,recover-20221013,001,1795
1778.7895,1778.8263,68437,82153,Rhinolophus ferrumequinum,0.021,0.021,-1,Echolocation,/mnt/ubna_data_02_mir/recover-20221013/UBNA_001/20221012_030000.WAV,Telephone Field,recover-20221013,001,1795
1778.8335,1778.8745,68437,82386,Rhinolophus ferrumequinum,0.031,0.031,-1,Echolocation,/mnt/ubna_data_02_mir/recover-20221013/UBNA_001/20221012_030000.WAV,Telephone Field,recover-20221013,001,1795
1778.8755,1778.8854,22890,28041,Nyctalus leisleri,0.009,0.021,-1,Echolocation,/mnt/ubna_data_02_mir/recover-20221013/UBNA_001/20221012_030000.WAV,Telephone Field,recover-20221013,001,1795
1778.8985,1778.9415,68437,83351,Rhinolophus ferrumequinum,0.033,0.033,-1,Echolocation,/mnt/ubna_data_02_mir/recover-20221013/UBNA_001/20221012_030000.WAV,Telephone Field,recover-20221013,001,1795
1778.9205,1778.9601,68437,81857,Rhinolophus ferrumequinum,0.022,0.022,-1,Echolocation,/mnt/ubna_data_02_mir/recover-20221013/UBNA_001/20221012_030000.WAV,Telephone Field,recover-20221013,001,1795
1778.9265,1778.9646,68437,82308,Rhinolophus ferrumequinum,0.022,0.022,-1,Echolocation,/mnt/ubna_data_02_mir/recover-20221013/UBNA_001/20221012_030000.WAV,Telephone Field,recover-20221013,001,1795
1778.9625,1779.0003,68437,81707,Rhinolophus ferrumequinum,0.021,0.021,-1,Echolocation,/mnt/ubna_data_02_mir/recover-20221013/UBNA_001/20221012_030000.WAV,Telephone Field,recover-20221013,001,1795
1779.0455,1779.0854,68437,82175,Rhinolophus ferrumequinum,0.024,0.024,-1,Echolocation,/mnt/ubna_data_02_mir/recover-20221013/UBNA_001/20221012_030000.WAV,Telephone Field,recover-20221013,001,1795
1779.0905,1779.1069,22031,26294,Nyctalus leisleri,0.02,0.038,-1,Echolocation,/mnt/ubna_data_02_mir/recover-20221013/UBNA_001/20221012_030000.WAV,Telephone Field,recover-20221013,001,1795
1779.1205,1779.1271,23750,33883,Plecotus austriacus,0.019,0.035,-1,Echolocation,/mnt/ubna_data_02_mir/recover-20221013/UBNA_001/20221012_030000.WAV,Telephone Field,recover-20221013,001,1795
1779.1355,1779.1732,68437,81656,Rhinolophus ferrumequinum,0.023,0.023,-1,Echolocation,/mnt/ubna_data_02_mir/recover-20221013/UBNA_001/20221012_030000.WAV,Telephone Field,recover-20221013,001,1795
1779.2305,1779.2395,28046,38394,Eptesicus serotinus,0.008,0.023,-1,Echolocation,/mnt/ubna_data_02_mir/recover-20221013/UBNA_001/20221012_030000.WAV,Telephone Field,recover-20221013,001,1795
1779.2315,1779.2723,68437,82527,Rhinolophus ferrumequinum,0.022,0.022,-1,Echolocation,/mnt/ubna_data_02_mir/recover-20221013/UBNA_001/20221012_030000.WAV,Telephone Field,recover-20221013,001,1795
1779.2765,1779.2847,28906,36846,Eptesicus serotinus,0.006,0.021,-1,Echolocation,/mnt/ubna_data_02_mir/recover-20221013/UBNA_001/20221012_030000.WAV,Telephone Field,recover-20221013,001,1795
1779.3685,1779.378,23750,30183,Nyctalus leisleri,0.008,0.021,-1,Echolocation,/mnt/ubna_data_02_mir/recover-20221013/UBNA_001/20221012_030000.WAV,Telephone Field,recover-20221013,001,1795
1779.3845,1779.4259,68437,82899,Rhinolophus ferrumequinum,0.023,0.023,-1,Echolocation,/mnt/ubna_data_02_mir/recover-20221013/UBNA_001/20221012_030000.WAV,Telephone Field,recover-20221013,001,1795
1779.4025,1779.441,68437,81927,Rhinolophus ferrumequinum,0.021,0.021,-1,Echolocation,/mnt/ubna_data_02_mir/recover-20221013/UBNA_001/20221012_030000.WAV,Telephone Field,recover-20221013,001,1795
1779.4185,1779.4587,68437,82458,Rhinolophus ferrumequinum,0.023,0.023,-1,Echolocation,/mnt/ubna_data_02_mir/recover-20221013/UBNA_001/20221012_030000.WAV,Telephone Field,recover-20221013,001,1795
1779.4325,1779.4486,16015,20853,Nyctalus noctula,0.027,0.04,-1,Echolocation,/mnt/ubna_data_02_mir/recover-20221013/UBNA_001/20221012_030000.WAV,Telephone Field,recover-20221013,001,1795
1779.4505,1779.4585,28046,37570,Eptesicus serotinus,0.007,0.022,-1,Echolocation,/mnt/ubna_data_02_mir/recover-20221013/UBNA_001/20221012_030000.WAV,Telephone Field,recover-20221013,001,1795
1779.4675,1779.506,68437,82019,Rhinolophus ferrumequinum,0.02,0.021,-1,Echolocation,/mnt/ubna_data_02_mir/recover-20221013/UBNA_001/20221012_030000.WAV,Telephone Field,recover-20221013,001,1795
1779.5195,1779.5266,28046,38622,Eptesicus serotinus,0.009,0.03,-1,Echolocation,/mnt/ubna_data_02_mir/recover-20221013/UBNA_001/20221012_030000.WAV,Telephone Field,recover-20221013,001,1795
1779.5845,1779.6246,68437,82093,Rhinolophus ferrumequinum,0.024,0.024,-1,Echolocation,/mnt/ubna_data_02_mir/recover-20221013/UBNA_001/20221012_030000.WAV,Telephone Field,recover-20221013,001,1795
1779.5865,1779.595,33203,43091,Barbastellus barbastellus,0.008,0.025,-1,Echolocation,/mnt/ubna_data_02_mir/recover-20221013/UBNA_001/20221012_030000.WAV,Telephone Field,recover-20221013,001,1795
1779.6385,1779.681,68437,83368,Rhinolophus ferrumequinum,0.025,0.025,-1,Echolocation,/mnt/ubna_data_02_mir/recover-20221013/UBNA_001/20221012_030000.WAV,Telephone Field,recover-20221013,001,1795
1779.6755,1779.6848,23750,30454,Nyctalus leisleri,0.008,0.025,-1,Echolocation,/mnt/ubna_data_02_mir/recover-20221013/UBNA_001/20221012_030000.WAV,Telephone Field,recover-20221013,001,1795
1779.6825,1779.7219,68437,82486,Rhinolophus ferrumequinum,0.024,0.024,-1,Echolocation,/mnt/ubna_data_02_mir/recover-20221013/UBNA_001/20221012_030000.WAV,Telephone Field,recover-20221013,001,1795
1779.7115,1779.7504,68437,81696,Rhinolophus ferrumequinum,0.02,0.02,-1,Echolocation,/mnt/ubna_data_02_mir/recover-20221013/UBNA_001/20221012_030000.WAV,Telephone Field,recover-20221013,001,1795
1779.7195,1779.7304,28906,35866,Eptesicus serotinus,0.01,0.022,-1,Echolocation,/mnt/ubna_data_02_mir/recover-20221013/UBNA_001/20221012_030000.WAV,Telephone Field,recover-20221013,001,1795
1779.7975,1779.8053,23750,31762,Plecotus austriacus,0.01,0.023,-1,Echolocation,/mnt/ubna_data_02_mir/recover-20221013/UBNA_001/20221012_030000.WAV,Telephone Field,recover-20221013,001,1795
1779.8145,1779.8274,23750,28222,Nyctalus leisleri,0.019,0.038,-1,Echolocation,/mnt/ubna_data_02_mir/recover-20221013/UBNA_001/20221012_030000.WAV,Telephone Field,recover-20221013,001,1795
1779.8165,1779.8546,68437,82016,Rhinolophus ferrumequinum,0.022,0.022,-1,Echolocation,/mnt/ubna_data_02_mir/recover-20221013/UBNA_001/20221012_030000.WAV,Telephone Field,recover-20221013,001,1795
1779.8295,1779.8715,68437,82896,Rhinolophus ferrumequinum,0.022,0.022,-1,Echolocation,/mnt/ubna_data_02_mir/recover-20221013/UBNA_001/20221012_030000.WAV,Telephone Field,recover-20221013,001,1795
1779.8365,1779.8461,22890,28825,Nyctalus leisleri,0.009,0.022,-1,Echolocation,/mnt/ubna_data_02_mir/recover-20221013/UBNA_001/20221012_030000.WAV,Telephone Field,recover-20221013,001,1795
1779.8985,1779.9374,68437,82168,Rhinolophus ferrumequinum,0.021,0.022,-1,Echolocation,/mnt/ubna_data_02_mir/recover-20221013/UBNA_001/20221012_030000.WAV,Telephone Field,recover-20221013,001,1795
1779.9055,1779.9161,28046,36192,Eptesicus serotinus,0.014,0.026,-1,Echolocation,/mnt/ubna_data_02_mir/recover-20221013/UBNA_001/20221012_030000.WAV,Telephone Field,recover-20221013,001,1795
1779.9155,1779.9565,68437,82758,Rhinolophus ferrumequinum,0.027,0.027,-1,Echolocation,/mnt/ubna_data_02_mir/recover-20221013/UBNA_001/20221012_030000.WAV,Telephone Field,recover-20221013,001,1795
1779.9795,1779.9886,27187,38976,Eptesicus serotinus,0.007,0.021,-1,Echolocation,/mnt/ubna_data_02_mir/recover-20221013/UBNA_001/20221012_030000.WAV,Telephone Field,recover-20221013,001,1795
1779.9825,1779.988,37500,56080,Myotis daubentonii,0.006,0.023,-1,Echolocation,/mnt/ubna_data_02_mir/recover-20221013/UBNA_001/20221012_030000.WAV,Telephone Field,recover-20221013,001,1795
1779.9825,1779.9908,44375,52360,Pipistrellus pipistrellus,0.016,0.021,-1,Echolocation,/mnt/ubna_data_02_mir/recover-20221013/UBNA_001/20221012_030000.WAV,Telephone Field,recover-20221013,001,1795
1779.9855,1779.9957,22890,29379,Nyctalus leisleri,0.008,0.021,-1,Echolocation,/mnt/ubna_data_02_mir/recover-20221013/UBNA_001/20221012_030000.WAV,Telephone Field,recover-20221013,001,1795
1780.0015,1780.0349,69296,80927,Rhinolophus ferrumequinum,0.046,0.046,-1,Echolocation,/mnt/ubna_data_02_mir/recover-20221013/UBNA_001/20221012_030000.WAV,Telephone Field,recover-20221013,001,1795
1780.0015,1780.0148,18593,23880,Nyctalus leisleri,0.009,0.022,-1,Echolocation,/mnt/ubna_data_02_mir/recover-20221013/UBNA_001/20221012_030000.WAV,Telephone Field,recover-20221013,001,1795
1780.0015,1780.0161,55546,61655,Pipistrellus pygmaeus,0.025,0.03,-1,Echolocation,/mnt/ubna_data_02_mir/recover-20221013/UBNA_001/20221012_030000.WAV,Telephone Field,recover-20221013,001,1795
1780.0015,1780.01,25468,36690,Eptesicus serotinus,0.008,0.027,-1,Echolocation,/mnt/ubna_data_02_mir/recover-20221013/UBNA_001/20221012_030000.WAV,Telephone Field,recover-20221013,001,1795
1780.0235,1780.0343,22890,28066,Nyctalus leisleri,0.015,0.033,-1,Echolocation,/mnt/ubna_data_02_mir/recover-20221013/UBNA_001/20221012_030000.WAV,Telephone Field,recover-20221013,001,1795
1780.0505,1780.0608,27187,35434,Eptesicus serotinus,0.013,0.025,-1,Echolocation,/mnt/ubna_data_02_mir/recover-20221013/UBNA_001/20221012_030000.WAV,Telephone Field,recover-20221013,001,1795
1780.0675,1780.1069,68437,82757,Rhinolophus ferrumequinum,0.024,0.024,-1,Echolocation,/mnt/ubna_data_02_mir/recover-20221013/UBNA_001/20221012_030000.WAV,Telephone Field,recover-20221013,001,1795
1780.1005,1780.1418,68437,82695,Rhinolophus ferrumequinum,0.023,0.023,-1,Echolocation,/mnt/ubna_data_02_mir/recover-20221013/UBNA_001/20221012_030000.WAV,Telephone Field,recover-20221013,001,1795
1780.1435,1780.1513,25468,36411,Eptesicus serotinus,0.009,0.026,-1,Echolocation,/mnt/ubna_data_02_mir/recover-20221013/UBNA_001/20221012_030000.WAV,Telephone Field,recover-20221013,001,1795
1780.1605,1780.1704,28046,36240,Eptesicus serotinus,0.009,0.023,-1,Echolocation,/mnt/ubna_data_02_mir/recover-20221013/UBNA_001/20221012_030000.WAV,Telephone Field,recover-20221013,001,1795
1780.1765,1780.1886,26328,32769,Eptesicus serotinus,0.012,0.025,-1,Echolocation,/mnt/ubna_data_02_mir/recover-20221013/UBNA_001/20221012_030000.WAV,Telephone Field,recover-20221013,001,1795
1780.1765,1780.2147,68437,82427,Rhinolophus ferrumequinum,0.023,0.023,-1,Echolocation,/mnt/ubna_data_02_mir/recover-20221013/UBNA_001/20221012_030000.WAV,Telephone Field,recover-20221013,001,1795
1780.2365,1780.2776,68437,83022,Rhinolophus ferrumequinum,0.029,0.029,-1,Echolocation,/mnt/ubna_data_02_mir/recover-20221013/UBNA_001/20221012_030000.WAV,Telephone Field,recover-20221013,001,1795
1780.2765,1780.3165,68437,82185,Rhinolophus ferrumequinum,0.022,0.022,-1,Echolocation,/mnt/ubna_data_02_mir/recover-20221013/UBNA_001/20221012_030000.WAV,Telephone Field,recover-20221013,001,1795
1780.2825,1780.3208,68437,81997,Rhinolophus ferrumequinum,0.021,0.021,-1,Echolocation,/mnt/ubna_data_02_mir/recover-20221013/UBNA_001/20221012_030000.WAV,Telephone Field,recover-20221013,001,1795
1780.3055,1780.3448,68437,82638,Rhinolophus ferrumequinum,0.024,0.024,-1,Echolocation,/mnt/ubna_data_02_mir/recover-20221013/UBNA_001/20221012_030000.WAV,Telephone Field,recover-20221013,001,1795
1780.3265,1780.3671,68437,82347,Rhinolophus ferrumequinum,0.022,0.022,-1,Echolocation,/mnt/ubna_data_02_mir/recover-20221013/UBNA_001/20221012_030000.WAV,Telephone Field,recover-20221013,001,1795
1780.3655,1780.3719,39218,48562,Myotis daubentonii,0.008,0.022,-1,Echolocation,/mnt/ubna_data_02_mir/recover-20221013/UBNA_001/20221012_030000.WAV,Telephone Field,recover-20221013,001,1795
1780.3695,1780.4095,68437,82990,Rhinolophus ferrumequinum,0.038,0.038,-1,Echolocation,/mnt/ubna_data_02_mir/recover-20221013/UBNA_001/20221012_030000.WAV,Telephone Field,recover-20221013,001,1795
1780.3945,1780.4346,68437,82224,Rhinolophus ferrumequinum,0.022,0.022,-1,Echolocation,/mnt/ubna_data_02_mir/recover-20221013/UBNA_001/20221012_030000.WAV,Telephone Field,recover-20221013,001,1795
1780.4015,1780.4126,22031,26503,Nyctalus leisleri,0.011,0.022,-1,Echolocation,/mnt/ubna_data_02_mir/recover-20221013/UBNA_001/20221012_030000.WAV,Telephone Field,recover-20221013,001,1795
1780.4145,1780.4256,28906,35810,Eptesicus serotinus,0.011,0.024,-1,Echolocation,/mnt/ubna_data_02_mir/recover-20221013/UBNA_001/20221012_030000.WAV,Telephone Field,recover-20221013,001,1795
1780.4435,1780.4546,23750,29066,Nyctalus leisleri,0.016,0.032,-1,Echolocation,/mnt/ubna_data_02_mir/recover-20221013/UBNA_001/20221012_030000.WAV,Telephone Field,recover-20221013,001,1795
1780.4975,1780.5342,68437,81230,Rhinolophus ferrumequinum,0.022,0.022,-1,Echolocation,/mnt/ubna_data_02_mir/recover-20221013/UBNA_001/20221012_030000.WAV,Telephone Field,recover-20221013,001,1795
1780.5135,1780.5541,68437,82236,Rhinolophus ferrumequinum,0.023,0.023,-1,Echolocation,/mnt/ubna_data_02_mir/recover-20221013/UBNA_001/20221012_030000.WAV,Telephone Field,recover-20221013,001,1795
1780.5315,1780.5415,28906,37216,Eptesicus serotinus,0.009,0.022,-1,Echolocation,/mnt/ubna_data_02_mir/recover-20221013/UBNA_001/20221012_030000.WAV,Telephone Field,recover-20221013,001,1795
1780.5855,1780.6215,68437,81258,Rhinolophus ferrumequinum,0.023,0.023,-1,Echolocation,/mnt/ubna_data_02_mir/recover-20221013/UBNA_001/20221012_030000.WAV,Telephone Field,recover-20221013,001,1795
1780.6155,1780.6538,68437,82015,Rhinolophus ferrumequinum,0.022,0.022,-1,Echolocation,/mnt/ubna_data_02_mir/recover-20221013/UBNA_001/20221012_030000.WAV,Telephone Field,recover-20221013,001,1795
1780.6655,1780.6765,28906,36002,Eptesicus serotinus,0.011,0.025,-1,Echolocation,/mnt/ubna_data_02_mir/recover-20221013/UBNA_001/20221012_030000.WAV,Telephone Field,recover-20221013,001,1795
1780.6965,1780.7378,68437,82724,Rhinolophus ferrumequinum,0.022,0.022,-1,Echolocation,/mnt/ubna_data_02_mir/recover-20221013/UBNA_001/20221012_030000.WAV,Telephone Field,recover-20221013,001,1795
1780.7025,1780.7201,22890,26394,Nyctalus leisleri,0.016,0.024,-1,Echolocation,/mnt/ubna_data_02_mir/recover-20221013/UBNA_001/20221012_030000.WAV,Telephone Field,recover-20221013,001,1795
1780.7265,1780.7366,27187,34746,Eptesicus serotinus,0.012,0.024,-1,Echolocation,/mnt/ubna_data_02_mir/recover-20221013/UBNA_001/20221012_030000.WAV,Telephone Field,recover-20221013,001,1795
1780.7485,1780.7859,68437,81949,Rhinolophus ferrumequinum,0.023,0.023,-1,Echolocation,/mnt/ubna_data_02_mir/recover-20221013/UBNA_001/20221012_030000.WAV,Telephone Field,recover-20221013,001,1795
1780.7815,1780.822,68437,82542,Rhinolophus ferrumequinum,0.022,0.022,-1,Echolocation,/mnt/ubna_data_02_mir/recover-20221013/UBNA_001/20221012_030000.WAV,Telephone Field,recover-20221013,001,1795
1780.7855,1780.7964,25468,31918,Nyctalus leisleri,0.013,0.035,-1,Echolocation,/mnt/ubna_data_02_mir/recover-20221013/UBNA_001/20221012_030000.WAV,Telephone Field,recover-20221013,001,1795
1780.8025,1780.8467,68437,82682,Rhinolophus ferrumequinum,0.044,0.044,-1,Echolocation,/mnt/ubna_data_02_mir/recover-20221013/UBNA_001/20221012_030000.WAV,Telephone Field,recover-20221013,001,1795
1780.8335,1780.8722,68437,82410,Rhinolophus ferrumequinum,0.022,0.022,-1,Echolocation,/mnt/ubna_data_02_mir/recover-20221013/UBNA_001/20221012_030000.WAV,Telephone Field,recover-20221013,001,1795
1780.8515,1780.8914,68437,83274,Rhinolophus ferrumequinum,0.03,0.03,-1,Echolocation,/mnt/ubna_data_02_mir/recover-20221013/UBNA_001/20221012_030000.WAV,Telephone Field,recover-20221013,001,1795
1780.9355,1780.9771,68437,82717,Rhinolophus ferrumequinum,0.023,0.023,-1,Echolocation,/mnt/ubna_data_02_mir/recover-20221013/UBNA_001/20221012_030000.WAV,Telephone Field,recover-20221013,001,1795
1780.9405,1780.95,28046,40738,Eptesicus serotinus,0.011,0.026,-1,Echolocation,/mnt/ubna_data_02_mir/recover-20221013/UBNA_001/20221012_030000.WAV,Telephone Field,recover-20221013,001,1795
1780.9525,1780.962,26328,34119,Eptesicus serotinus,0.012,0.025,-1,Echolocation,/mnt/ubna_data_02_mir/recover-20221013/UBNA_001/20221012_030000.WAV,Telephone Field,recover-20221013,001,1795
1780.9845,1780.9949,28046,36189,Eptesicus serotinus,0.018,0.032,-1,Echolocation,/mnt/ubna_data_02_mir/recover-20221013/UBNA_001/20221012_030000.WAV,Telephone Field,recover-20221013,001,1795
1780.9965,1781.006,25468,32806,Eptesicus serotinus,0.011,0.032,-1,Echolocation,/mnt/ubna_data_02_mir/recover-20221013/UBNA_001/20221012_030000.WAV,Telephone Field,recover-20221013,001,1795
1781.0265,1781.0649,68437,82726,Rhinolophus ferrumequinum,0.029,0.029,-1,Echolocation,/mnt/ubna_data_02_mir/recover-20221013/UBNA_001/20221012_030000.WAV,Telephone Field,recover-20221013,001,1795
1781.0435,1781.0866,68437,82963,Rhinolophus ferrumequinum,0.03,0.03,-1,Echolocation,/mnt/ubna_data_02_mir/recover-20221013/UBNA_001/20221012_030000.WAV,Telephone Field,recover-20221013,001,1795
1781.0695,1781.1065,68437,82157,Rhinolophus ferrumequinum,0.023,0.023,-1,Echolocation,/mnt/ubna_data_02_mir/recover-20221013/UBNA_001/20221012_030000.WAV,Telephone Field,recover-20221013,001,1795
1781.0715,1781.0797,28046,41558,Eptesicus serotinus,0.009,0.024,-1,Echolocation,/mnt/ubna_data_02_mir/recover-20221013/UBNA_001/20221012_030000.WAV,Telephone Field,recover-20221013,001,1795
1781.1595,1781.2007,68437,82538,Rhinolophus ferrumequinum,0.029,0.029,-1,Echolocation,/mnt/ubna_data_02_mir/recover-20221013/UBNA_001/20221012_030000.WAV,Telephone Field,recover-20221013,001,1795
1781.1805,1781.1897,28046,38159,Eptesicus serotinus,0.009,0.021,-1,Echolocation,/mnt/ubna_data_02_mir/recover-20221013/UBNA_001/20221012_030000.WAV,Telephone Field,recover-20221013,001,1795
1781.1915,1781.1994,28046,38423,Eptesicus serotinus,0.009,0.024,-1,Echolocation,/mnt/ubna_data_02_mir/recover-20221013/UBNA_001/20221012_030000.WAV,Telephone Field,recover-20221013,001,1795
1781.2235,1781.2359,34062,38796,Pipistrellus nathusii,0.009,0.026,-1,Echolocation,/mnt/ubna_data_02_mir/recover-20221013/UBNA_001/20221012_030000.WAV,Telephone Field,recover-20221013,001,1795
1781.2355,1781.276,68437,82795,Rhinolophus ferrumequinum,0.022,0.022,-1,Echolocation,/mnt/ubna_data_02_mir/recover-20221013/UBNA_001/20221012_030000.WAV,Telephone Field,recover-20221013,001,1795
1781.2675,1781.2779,22890,28895,Nyctalus leisleri,0.009,0.022,-1,Echolocation,/mnt/ubna_data_02_mir/recover-20221013/UBNA_001/20221012_030000.WAV,Telephone Field,recover-20221013,001,1795
1781.2695,1781.308,68437,82491,Rhinolophus ferrumequinum,0.025,0.025,-1,Echolocation,/mnt/ubna_data_02_mir/recover-20221013/UBNA_001/20221012_030000.WAV,Telephone Field,recover-20221013,001,1795
1781.2915,1781.3322,68437,81740,Rhinolophus ferrumequinum,0.024,0.024,-1,Echolocation,/mnt/ubna_data_02_mir/recover-20221013/UBNA_001/20221012_030000.WAV,Telephone Field,recover-20221013,001,1795
1781.2935,1781.314,21171,24326,Nyctalus leisleri,0.014,0.025,-1,Echolocation,/mnt/ubna_data_02_mir/recover-20221013/UBNA_001/20221012_030000.WAV,Telephone Field,recover-20221013,001,1795
1781.3345,1781.3712,68437,81592,Rhinolophus ferrumequinum,0.021,0.021,-1,Echolocation,/mnt/ubna_data_02_mir/recover-20221013/UBNA_001/20221012_030000.WAV,Telephone Field,recover-20221013,001,1795
1781.3535,1781.363,24609,32165,Eptesicus serotinus,0.008,0.022,-1,Echolocation,/mnt/ubna_data_02_mir/recover-20221013/UBNA_001/20221012_030000.WAV,Telephone Field,recover-20221013,001,1795
1781.3685,1781.4104,68437,82823,Rhinolophus ferrumequinum,0.024,0.024,-1,Echolocation,/mnt/ubna_data_02_mir/recover-20221013/UBNA_001/20221012_030000.WAV,Telephone Field,recover-20221013,001,1795
1781.4285,1781.4366,22890,30207,Plecotus austriacus,0.01,0.023,-1,Echolocation,/mnt/ubna_data_02_mir/recover-20221013/UBNA_001/20221012_030000.WAV,Telephone Field,recover-20221013,001,1795
1781.4455,1781.4871,68437,83097,Rhinolophus ferrumequinum,0.025,0.025,-1,Echolocation,/mnt/ubna_data_02_mir/recover-20221013/UBNA_001/20221012_030000.WAV,Telephone Field,recover-20221013,001,1795
1781.4715,1781.4815,26328,34693,Eptesicus serotinus,0.01,0.021,-1,Echolocation,/mnt/ubna_data_02_mir/recover-20221013/UBNA_001/20221012_030000.WAV,Telephone Field,recover-20221013,001,1795
1781.5025,1781.5097,28046,40471,Eptesicus serotinus,0.009,0.028,-1,Echolocation,/mnt/ubna_data_02_mir/recover-20221013/UBNA_001/20221012_030000.WAV,Telephone Field,recover-20221013,001,1795
1781.5145,1781.5513,68437,81516,Rhinolophus ferrumequinum,0.022,0.022,-1,Echolocation,/mnt/ubna_data_02_mir/recover-20221013/UBNA_001/20221012_030000.WAV,Telephone Field,recover-20221013,001,1795
1781.5145,1781.5238,45234,51877,Pipistrellus pipistrellus,0.022,0.027,-1,Echolocation,/mnt/ubna_data_02_mir/recover-20221013/UBNA_001/20221012_030000.WAV,Telephone Field,recover-20221013,001,1795
1781.5425,1781.5842,68437,83062,Rhinolophus ferrumequinum,0.031,0.031,-1,Echolocation,/mnt/ubna_data_02_mir/recover-20221013/UBNA_001/20221012_030000.WAV,Telephone Field,recover-20221013,001,1795
1781.5655,1781.5723,28046,42372,Eptesicus serotinus,0.008,0.03,-1,Echolocation,/mnt/ubna_data_02_mir/recover-20221013/UBNA_001/20221012_030000.WAV,Telephone Field,recover-20221013,001,1795
1781.6385,1781.6487,23750,29945,Nyctalus leisleri,0.009,0.023,-1,Echolocation,/mnt/ubna_data_02_mir/recover-20221013/UBNA_001/20221012_030000.WAV,Telephone Field,recover-20221013,001,1795
1781.6505,1781.6895,68437,82559,Rhinolophus ferrumequinum,0.022,0.022,-1,Echolocation,/mnt/ubna_data_02_mir/recover-20221013/UBNA_001/20221012_030000.WAV,Telephone Field,recover-20221013,001,1795
1781.6515,1781.6623,28906,36244,Eptesicus serotinus,0.017,0.029,-1,Echolocation,/mnt/ubna_data_02_mir/recover-20221013/UBNA_001/20221012_030000.WAV,Telephone Field,recover-20221013,001,1795
1781.6995,1781.7066,47812,53197,Pipistrellus pipistrellus,0.025,0.026,-1,Echolocation,/mnt/ubna_data_02_mir/recover-20221013/UBNA_001/20221012_030000.WAV,Telephone Field,recover-20221013,001,1795
1781.7045,1781.7155,22890,29093,Nyctalus leisleri,0.012,0.028,-1,Echolocation,/mnt/ubna_data_02_mir/recover-20221013/UBNA_001/20221012_030000.WAV,Telephone Field,recover-20221013,001,1795
1781.7195,1781.7569,68437,81580,Rhinolophus ferrumequinum,0.024,0.024,-1,Echolocation,/mnt/ubna_data_02_mir/recover-20221013/UBNA_001/20221012_030000.WAV,Telephone Field,recover-20221013,001,1795
1781.7475,1781.76,22890,28241,Nyctalus leisleri,0.017,0.032,-1,Echolocation,/mnt/ubna_data_02_mir/recover-20221013/UBNA_001/20221012_030000.WAV,Telephone Field,recover-20221013,001,1795
1781.7865,1781.8263,68437,81647,Rhinolophus ferrumequinum,0.023,0.023,-1,Echolocation,/mnt/ubna_data_02_mir/recover-20221013/UBNA_001/20221012_030000.WAV,Telephone Field,recover-20221013,001,1795
1781.8125,1781.8204,25468,34190,Eptesicus serotinus,0.008,0.024,-1,Echolocation,/mnt/ubna_data_02_mir/recover-20221013/UBNA_001/20221012_030000.WAV,Telephone Field,recover-20221013,001,1795
1781.8195,1781.8567,68437,82031,Rhinolophus ferrumequinum,0.023,0.023,-1,Echolocation,/mnt/ubna_data_02_mir/recover-20221013/UBNA_001/20221012_030000.WAV,Telephone Field,recover-20221013,001,1795
1781.8525,1781.8661,39218,42767,Pipistrellus nathusii,0.016,0.025,-1,Echolocation,/mnt/ubna_data_02_mir/recover-20221013/UBNA_001/20221012_030000.WAV,Telephone Field,recover-20221013,001,1795
1781.8595,1781.8987,68437,82782,Rhinolophus ferrumequinum,0.025,0.025,-1,Echolocation,/mnt/ubna_data_02_mir/recover-20221013/UBNA_001/20221012_030000.WAV,Telephone Field,recover-20221013,001,1795
1781.8825,1781.9225,68437,82692,Rhinolophus ferrumequinum,0.032,0.032,-1,Echolocation,/mnt/ubna_data_02_mir/recover-20221013/UBNA_001/20221012_030000.WAV,Telephone Field,recover-20221013,001,1795
1781.9005,1781.9118,22031,26492,Nyctalus leisleri,0.011,0.022,-1,Echolocation,/mnt/ubna_data_02_mir/recover-20221013/UBNA_001/20221012_030000.WAV,Telephone Field,recover-20221013,001,1795
1781.9525,1781.991,68437,81537,Rhinolophus ferrumequinum,0.024,0.024,-1,Echolocation,/mnt/ubna_data_02_mir/recover-20221013/UBNA_001/20221012_030000.WAV,Telephone Field,recover-20221013,001,1795
1781.9625,1781.9698,28046,41104,Eptesicus serotinus,0.007,0.022,-1,Echolocation,/mnt/ubna_data_02_mir/recover-20221013/UBNA_001/20221012_030000.WAV,Telephone Field,recover-20221013,001,1795
1781.9805,1781.9906,22890,29689,Nyctalus leisleri,0.009,0.026,-1,Echolocation,/mnt/ubna_data_02_mir/recover-20221013/UBNA_001/20221012_030000.WAV,Telephone Field,recover-20221013,001,1795
1781.9835,1781.9926,27187,38632,Eptesicus serotinus,0.011,0.026,-1,Echolocation,/mnt/ubna_data_02_mir/recover-20221013/UBNA_001/20221012_030000.WAV,Telephone Field,recover-20221013,001,1795
1782.0015,1782.0104,22031,27914,Nyctalus leisleri,0.009,0.027,-1,Echolocation,/mnt/ubna_data_02_mir/recover-20221013/UBNA_001/20221012_030000.WAV,Telephone Field,recover-20221013,001,1795
1782.0015,1782.01,46953,51587,Pipistrellus pipistrellus,0.015,0.021,-1,Echolocation,/mnt/ubna_data_02_mir/recover-20221013/UBNA_001/20221012_030000.WAV,Telephone Field,recover-20221013,001,1795
1782.0505,1782.0583,28046,41049,Eptesicus serotinus,0.009,0.026,-1,Echolocation,/mnt/ubna_data_02_mir/recover-20221013/UBNA_001/20221012_030000.WAV,Telephone Field,recover-20221013,001,1795
1782.1025,1782.1434,68437,82304,Rhinolophus ferrumequinum,0.04,0.04,-1,Echolocation,/mnt/ubna_data_02_mir/recover-20221013/UBNA_001/20221012_030000.WAV,Telephone Field,recover-20221013,001,1795
1782.1365,1782.1442,27187,40889,Eptesicus serotinus,0.008,0.025,-1,Echolocation,/mnt/ubna_data_02_mir/recover-20221013/UBNA_001/20221012_030000.WAV,Telephone Field,recover-20221013,001,1795
1782.1565,1782.1948,68437,81855,Rhinolophus ferrumequinum,0.024,0.024,-1,Echolocation,/mnt/ubna_data_02_mir/recover-20221013/UBNA_001/20221012_030000.WAV,Telephone Field,recover-20221013,001,1795
1782.1675,1782.1756,25468,33660,Eptesicus serotinus,0.006,0.021,-1,Echolocation,/mnt/ubna_data_02_mir/recover-20221013/UBNA_001/20221012_030000.WAV,Telephone Field,recover-20221013,001,1795
1782.1905,1782.199,28046,37458,Eptesicus serotinus,0.008,0.022,-1,Echolocation,/mnt/ubna_data_02_mir/recover-20221013/UBNA_001/20221012_030000.WAV,Telephone Field,recover-20221013,001,1795
1782.2235,1782.2626,68437,82148,Rhinolophus ferrumequinum,0.022,0.022,-1,Echolocation,/mnt/ubna_data_02_mir/recover-20221013/UBNA_001/20221012_030000.WAV,Telephone Field,recover-20221013,001,1795
1782.2305,1782.2699,68437,82880,Rhinolophus ferrumequinum,0.022,0.022,-1,Echolocation,/mnt/ubna_data_02_mir/recover-20221013/UBNA_001/20221012_030000.WAV,Telephone Field,recover-20221013,001,1795
1782.2605,1782.2964,68437,81784,Rhinolophus ferrumequinum,0.021,0.021,-1,Echolocation,/mnt/ubna_data_02_mir/recover-20221013/UBNA_001/20221012_030000.WAV,Telephone Field,recover-20221013,001,1795
1782.3275,1782.3377,28906,36283,Eptesicus serotinus,0.01,0.022,-1,Echolocation,/mnt/ubna_data_02_mir/recover-20221013/UBNA_001/20221012_030000.WAV,Telephone Field,recover-20221013,001,1795
1782.3345,1782.3734,68437,81876,Rhinolophus ferrumequinum,0.021,0.021,-1,Echolocation,/mnt/ubna_data_02_mir/recover-20221013/UBNA_001/20221012_030000.WAV,Telephone Field,recover-20221013,001,1795
1782.3625,1782.4024,68437,82624,Rhinolophus ferrumequinum,0.021,0.021,-1,Echolocation,/mnt/ubna_data_02_mir/recover-20221013/UBNA_001/20221012_030000.WAV,Telephone Field,recover-20221013,001,1795
1782.4185,1782.4271,28046,39425,Eptesicus serotinus,0.008,0.021,-1,Echolocation,/mnt/ubna_data_02_mir/recover-20221013/UBNA_001/20221012_030000.WAV,Telephone Field,recover-20221013,001,1795
1782.4355,1782.4722,68437,81793,Rhinolophus ferrumequinum,0.022,0.022,-1,Echolocation,/mnt/ubna_data_02_mir/recover-20221013/UBNA_001/20221012_030000.WAV,Telephone Field,recover-20221013,001,1795
1782.4495,1782.4859,68437,82042,Rhinolophus ferrumequinum,0.022,0.022,-1,Echolocation,/mnt/ubna_data_02_mir/recover-20221013/UBNA_001/20221012_030000.WAV,Telephone Field,recover-20221013,001,1795
1782.4665,1782.4756,28046,36361,Eptesicus serotinus,0.009,0.023,-1,Echolocation,/mnt/ubna_data_02_mir/recover-20221013/UBNA_001/20221012_030000.WAV,Telephone Field,recover-20221013,001,1795
1782.4695,1782.5051,68437,81728,Rhinolophus ferrumequinum,0.021,0.021,-1,Echolocation,/mnt/ubna_data_02_mir/recover-20221013/UBNA_001/20221012_030000.WAV,Telephone Field,recover-20221013,001,1795
1782.4835,1782.5013,21171,24269,Nyctalus leisleri,0.015,0.023,-1,Echolocation,/mnt/ubna_data_02_mir/recover-20221013/UBNA_001/20221012_030000.WAV,Telephone Field,recover-20221013,001,1795
1782.5165,1782.5577,68437,82929,Rhinolophus ferrumequinum,0.022,0.022,-1,Echolocation,/mnt/ubna_data_02_mir/recover-20221013/UBNA_001/20221012_030000.WAV,Telephone Field,recover-20221013,001,1795
1782.5225,1782.5327,28906,36511,Eptesicus serotinus,0.012,0.026,-1,Echolocation,/mnt/ubna_data_02_mir/recover-20221013/UBNA_001/20221012_030000.WAV,Telephone Field,recover-20221013,001,1795
1782.5595,1782.57,24609,30740,Nyctalus leisleri,0.008,0.022,-1,Echolocation,/mnt/ubna_data_02_mir/recover-20221013/UBNA_001/20221012_030000.WAV,Telephone Field,recover-20221013,001,1795
1782.5685,1782.6067,68437,81781,Rhinolophus ferrumequinum,0.021,0.021,-1,Echolocation,/mnt/ubna_data_02_mir/recover-20221013/UBNA_001/20221012_030000.WAV,Telephone Field,recover-20221013,001,1795
1782.5985,1782.6094,23750,29789,Nyctalus leisleri,0.008,0.021,-1,Echolocation,/mnt/ubna_data_02_mir/recover-20221013/UBNA_001/20221012_030000.WAV,Telephone Field,recover-20221013,001,1795
1782.6125,1782.6221,27187,34689,Eptesicus serotinus,0.013,0.028,-1,Echolocation,/mnt/ubna_data_02_mir/recover-20221013/UBNA_001/20221012_030000.WAV,Telephone Field,recover-20221013,001,1795
1782.6305,1782.6387,44375,47285,Pipistrellus pipistrellus,0.028,0.03,-1,Echolocation,/mnt/ubna_data_02_mir/recover-20221013/UBNA_001/20221012_030000.WAV,Telephone Field,recover-20221013,001,1795
1782.6435,1782.6808,68437,81305,Rhinolophus ferrumequinum,0.022,0.023,-1,Echolocation,/mnt/ubna_data_02_mir/recover-20221013/UBNA_001/20221012_030000.WAV,Telephone Field,recover-20221013,001,1795
1782.7345,1782.7709,68437,81940,Rhinolophus ferrumequinum,0.022,0.022,-1,Echolocation,/mnt/ubna_data_02_mir/recover-20221013/UBNA_001/20221012_030000.WAV,Telephone Field,recover-20221013,001,1795
1782.7375,1782.7454,28046,40990,Eptesicus serotinus,0.008,0.024,-1,Echolocation,/mnt/ubna_data_02_mir/recover-20221013/UBNA_001/20221012_030000.WAV,Telephone Field,recover-20221013,001,1795
1782.7655,1782.776,22031,27115,Nyctalus leisleri,0.01,0.023,-1,Echolocation,/mnt/ubna_data_02_mir/recover-20221013/UBNA_001/20221012_030000.WAV,Telephone Field,recover-20221013,001,1795
1782.8045,1782.8159,24609,29762,Nyctalus leisleri,0.016,0.036,-1,Echolocation,/mnt/ubna_data_02_mir/recover-20221013/UBNA_001/20221012_030000.WAV,Telephone Field,recover-20221013,001,1795
1782.8165,1782.8545,68437,82154,Rhinolophus ferrumequinum,0.023,0.023,-1,Echolocation,/mnt/ubna_data_02_mir/recover-20221013/UBNA_001/20221012_030000.WAV,Telephone Field,recover-20221013,001,1795
1782.8615,1782.9011,68437,82304,Rhinolophus ferrumequinum,0.022,0.022,-1,Echolocation,/mnt/ubna_data_02_mir/recover-20221013/UBNA_001/20221012_030000.WAV,Telephone Field,recover-20221013,001,1795
1782.8645,1782.8762,37500,41610,Pipistrellus nathusii,0.031,0.041,-1,Echolocation,/mnt/ubna_data_02_mir/recover-20221013/UBNA_001/20221012_030000.WAV,Telephone Field,recover-20221013,001,1795
1782.8835,1782.9265,68437,82667,Rhinolophus ferrumequinum,0.023,0.023,-1,Echolocation,/mnt/ubna_data_02_mir/recover-20221013/UBNA_001/20221012_030000.WAV,Telephone Field,recover-20221013,001,1795
1782.9195,1782.9272,28046,39220,Eptesicus serotinus,0.007,0.021,-1,Echolocation,/mnt/ubna_data_02_mir/recover-20221013/UBNA_001/20221012_030000.WAV,Telephone Field,recover-20221013,001,1795
1782.9345,1782.9687,68437,80812,Rhinolophus ferrumequinum,0.022,0.022,-1,Echolocation,/mnt/ubna_data_02_mir/recover-20221013/UBNA_001/20221012_030000.WAV,Telephone Field,recover-20221013,001,1795
1782.9685,1783.0078,68437,82218,Rhinolophus ferrumequinum,0.022,0.022,-1,Echolocation,/mnt/ubna_data_02_mir/recover-20221013/UBNA_001/20221012_030000.WAV,Telephone Field,recover-20221013,001,1795
1782.9885,1782.9996,22890,27218,Nyctalus leisleri,0.012,0.023,-1,Echolocation,/mnt/ubna_data_02_mir/recover-20221013/UBNA_001/20221012_030000.WAV,Telephone Field,recover-20221013,001,1795
1782.9985,1783.0345,68437,81679,Rhinolophus ferrumequinum,0.022,0.022,-1,Echolocation,/mnt/ubna_data_02_mir/recover-20221013/UBNA_001/20221012_030000.WAV,Telephone Field,recover-20221013,001,1795
1783.0085,1783.051,68437,83160,Rhinolophus ferrumequinum,0.033,0.033,-1,Echolocation,/mnt/ubna_data_02_mir/recover-20221013/UBNA_001/20221012_030000.WAV,Telephone Field,recover-20221013,001,1795
1783.0145,1783.0243,28906,37404,Eptesicus serotinus,0.009,0.024,-1,Echolocation,/mnt/ubna_data_02_mir/recover-20221013/UBNA_001/20221012_030000.WAV,Telephone Field,recover-20221013,001,1795
1783.0685,1783.0777,26328,36660,Eptesicus serotinus,0.007,0.022,-1,Echolocation,/mnt/ubna_data_02_mir/recover-20221013/UBNA_001/20221012_030000.WAV,Telephone Field,recover-20221013,001,1795
1783.1235,1783.1341,22031,26721,Nyctalus leisleri,0.01,0.021,-1,Echolocation,/mnt/ubna_data_02_mir/recover-20221013/UBNA_001/20221012_030000.WAV,Telephone Field,recover-20221013,001,1795
1783.1525,1783.1605,28046,39686,Eptesicus serotinus,0.008,0.022,-1,Echolocation,/mnt/ubna_data_02_mir/recover-20221013/UBNA_001/20221012_030000.WAV,Telephone Field,recover-20221013,001,1795
1783.1705,1783.209,68437,82260,Rhinolophus ferrumequinum,0.022,0.022,-1,Echolocation,/mnt/ubna_data_02_mir/recover-20221013/UBNA_001/20221012_030000.WAV,Telephone Field,recover-20221013,001,1795
1783.1945,1783.2297,68437,81690,Rhinolophus ferrumequinum,0.022,0.022,-1,Echolocation,/mnt/ubna_data_02_mir/recover-20221013/UBNA_001/20221012_030000.WAV,Telephone Field,recover-20221013,001,1795
1783.2175,1783.2545,68437,81436,Rhinolophus ferrumequinum,0.021,0.021,-1,Echolocation,/mnt/ubna_data_02_mir/recover-20221013/UBNA_001/20221012_030000.WAV,Telephone Field,recover-20221013,001,1795
1783.2215,1783.2324,22890,27543,Nyctalus leisleri,0.011,0.021,-1,Echolocation,/mnt/ubna_data_02_mir/recover-20221013/UBNA_001/20221012_030000.WAV,Telephone Field,recover-20221013,001,1795
1783.2235,1783.2614,68437,82135,Rhinolophus ferrumequinum,0.021,0.021,-1,Echolocation,/mnt/ubna_data_02_mir/recover-20221013/UBNA_001/20221012_030000.WAV,Telephone Field,recover-20221013,001,1795
1783.2305,1783.2677,68437,82221,Rhinolophus ferrumequinum,0.022,0.022,-1,Echolocation,/mnt/ubna_data_02_mir/recover-20221013/UBNA_001/20221012_030000.WAV,Telephone Field,recover-20221013,001,1795
1783.2515,1783.2599,28046,39249,Eptesicus serotinus,0.009,0.025,-1,Echolocation,/mnt/ubna_data_02_mir/recover-20221013/UBNA_001/20221012_030000.WAV,Telephone Field,recover-20221013,001,1795
1783.2725,1783.284,35781,40426,Pipistrellus nathusii,0.015,0.03,-1,Echolocation,/mnt/ubna_data_02_mir/recover-20221013/UBNA_001/20221012_030000.WAV,Telephone Field,recover-20221013,001,1795
1783.2785,1783.2886,28046,36472,Eptesicus serotinus,0.009,0.021,-1,Echolocation,/mnt/ubna_data_02_mir/recover-20221013/UBNA_001/20221012_030000.WAV,Telephone Field,recover-20221013,001,1795
1783.2865,1783.297,27187,34969,Eptesicus serotinus,0.01,0.022,-1,Echolocation,/mnt/ubna_data_02_mir/recover-20221013/UBNA_001/20221012_030000.WAV,Telephone Field,recover-20221013,001,1795
1783.2985,1783.3089,46953,49894,Pipistrellus pipistrellus,0.028,0.031,-1,Echolocation,/mnt/ubna_data_02_mir/recover-20221013/UBNA_001/20221012_030000.WAV,Telephone Field,recover-20221013,001,1795
1783.3635,1783.4036,68437,81816,Rhinolophus ferrumequinum,0.024,0.024,-1,Echolocation,/mnt/ubna_data_02_mir/recover-20221013/UBNA_001/20221012_030000.WAV,Telephone Field,recover-20221013,001,1795
1783.4065,1783.4455,68437,82265,Rhinolophus ferrumequinum,0.023,0.023,-1,Echolocation,/mnt/ubna_data_02_mir/recover-20221013/UBNA_001/20221012_030000.WAV,Telephone Field,recover-20221013,001,1795
1783.4155,1783.4269,44375,48377,Pipistrellus pipistrellus,0.025,0.033,-1,Echolocation,/mnt/ubna_data_02_mir/recover-20221013/UBNA_001/20221012_030000.WAV,Telephone Field,recover-20221013,001,1795
1783.4395,1783.4781,68437,82090,Rhinolophus ferrumequinum,0.022,0.022,-1,Echolocation,/mnt/ubna_data_02_mir/recover-20221013/UBNA_001/20221012_030000.WAV,Telephone Field,recover-20221013,001,1795
1783.4735,1783.5142,68437,82642,Rhinolophus ferrumequinum,0.024,0.024,-1,Echolocation,/mnt/ubna_data_02_mir/recover-20221013/UBNA_001/20221012_030000.WAV,Telephone Field,recover-20221013,001,1795
1783.4865,1783.5259,68437,82388,Rhinolophus ferrumequinum,0.021,0.021,-1,Echolocation,/mnt/ubna_data_02_mir/recover-20221013/UBNA_001/20221012_030000.WAV,Telephone Field,recover-20221013,001,1795
1783.5225,1783.5605,68437,81992,Rhinolophus ferrumequinum,0.024,0.024,-1,Echolocation,/mnt/ubna_data_02_mir/recover-20221013/UBNA_001/20221012_030000.WAV,Telephone Field,recover-20221013,001,1795
1783.5875,1783.6109,20312,22968,Nyctalus leisleri,0.06,0.123,-1,Echolocation,/mnt/ubna_data_02_mir/recover-20221013/UBNA_001/20221012_030000.WAV,Telephone Field,recover-20221013,001,1795
1783.6175,1783.6537,68437,80812,Rhinolophus ferrumequinum,0.021,0.021,-1,Echolocation,/mnt/ubna_data_02_mir/recover-20221013/UBNA_001/20221012_030000.WAV,Telephone Field,recover-20221013,001,1795
1783.6865,1783.7006,22031,26624,Nyctalus leisleri,0.014,0.028,-1,Echolocation,/mnt/ubna_data_02_mir/recover-20221013/UBNA_001/20221012_030000.WAV,Telephone Field,recover-20221013,001,1795
1783.7025,1783.7416,68437,82394,Rhinolophus ferrumequinum,0.032,0.032,-1,Echolocation,/mnt/ubna_data_02_mir/recover-20221013/UBNA_001/20221012_030000.WAV,Telephone Field,recover-20221013,001,1795
1783.7435,1783.7521,22890,30015,Plecotus austriacus,0.008,0.021,-1,Echolocation,/mnt/ubna_data_02_mir/recover-20221013/UBNA_001/20221012_030000.WAV,Telephone Field,recover-20221013,001,1795
1783.7545,1783.7628,28046,40791,Eptesicus serotinus,0.008,0.024,-1,Echolocation,/mnt/ubna_data_02_mir/recover-20221013/UBNA_001/20221012_030000.WAV,Telephone Field,recover-20221013,001,1795
1783.7675,1783.7793,22890,27074,Nyctalus leisleri,0.011,0.021,-1,Echolocation,/mnt/ubna_data_02_mir/recover-20221013/UBNA_001/20221012_030000.WAV,Telephone Field,recover-20221013,001,1795
1783.8175,1783.8272,22890,28780,Nyctalus leisleri,0.008,0.022,-1,Echolocation,/mnt/ubna_data_02_mir/recover-20221013/UBNA_001/20221012_030000.WAV,Telephone Field,recover-20221013,001,1795
1783.8245,1783.8657,68437,82846,Rhinolophus ferrumequinum,0.024,0.024,-1,Echolocation,/mnt/ubna_data_02_mir/recover-20221013/UBNA_001/20221012_030000.WAV,Telephone Field,recover-20221013,001,1795
1783.8415,1783.8816,68437,82989,Rhinolophus ferrumequinum,0.027,0.027,-1,Echolocation,/mnt/ubna_data_02_mir/recover-20221013/UBNA_001/20221012_030000.WAV,Telephone Field,recover-20221013,001,1795
1783.8835,1783.8937,27187,36242,Eptesicus serotinus,0.011,0.027,-1,Echolocation,/mnt/ubna_data_02_mir/recover-20221013/UBNA_001/20221012_030000.WAV,Telephone Field,recover-20221013,001,1795
1783.9145,1783.9549,68437,82377,Rhinolophus ferrumequinum,0.025,0.025,-1,Echolocation,/mnt/ubna_data_02_mir/recover-20221013/UBNA_001/20221012_030000.WAV,Telephone Field,recover-20221013,001,1795
1783.9355,1783.9752,68437,82204,Rhinolophus ferrumequinum,0.026,0.026,-1,Echolocation,/mnt/ubna_data_02_mir/recover-20221013/UBNA_001/20221012_030000.WAV,Telephone Field,recover-20221013,001,1795
1783.9825,1783.992,28046,37025,Eptesicus serotinus,0.012,0.028,-1,Echolocation,/mnt/ubna_data_02_mir/recover-20221013/UBNA_001/20221012_030000.WAV,Telephone Field,recover-20221013,001,1795
1784.0015,1784.0145,61562,70174,Pipistrellus pygmaeus,0.025,0.026,-1,Echolocation,/mnt/ubna_data_02_mir/recover-20221013/UBNA_001/20221012_030000.WAV,Telephone Field,recover-20221013,001,1795
1784.0015,1784.0311,68437,81167,Rhinolophus ferrumequinum,0.051,0.051,-1,Echolocation,/mnt/ubna_data_02_mir/recover-20221013/UBNA_001/20221012_030000.WAV,Telephone Field,recover-20221013,001,1795
1784.0015,1784.0098,23750,32071,Nyctalus leisleri,0.009,0.031,-1,Echolocation,/mnt/ubna_data_02_mir/recover-20221013/UBNA_001/20221012_030000.WAV,Telephone Field,recover-20221013,001,1795
1784.0125,1784.0542,68437,82348,Rhinolophus ferrumequinum,0.021,0.021,-1,Echolocation,/mnt/ubna_data_02_mir/recover-20221013/UBNA_001/20221012_030000.WAV,Telephone Field,recover-20221013,001,1795
1784.0185,1784.0607,68437,82926,Rhinolophus ferrumequinum,0.021,0.021,-1,Echolocation,/mnt/ubna_data_02_mir/recover-20221013/UBNA_001/20221012_030000.WAV,Telephone Field,recover-20221013,001,1795
1784.0755,1784.1131,68437,81699,Rhinolophus ferrumequinum,0.021,0.021,-1,Echolocation,/mnt/ubna_data_02_mir/recover-20221013/UBNA_001/20221012_030000.WAV,Telephone Field,recover-20221013,001,1795
1784.1065,1784.1445,68437,82571,Rhinolophus ferrumequinum,0.022,0.022,-1,Echolocation,/mnt/ubna_data_02_mir/recover-20221013/UBNA_001/20221012_030000.WAV,Telephone Field,recover-20221013,001,1795
1784.1075,1784.1149,28906,42111,Eptesicus serotinus,0.007,0.022,-1,Echolocation,/mnt/ubna_data_02_mir/recover-20221013/UBNA_001/20221012_030000.WAV,Telephone Field,recover-20221013,001,1795
1784.1175,1784.1602,68437,82993,Rhinolophus ferrumequinum,0.024,0.024,-1,Echolocation,/mnt/ubna_data_02_mir/recover-20221013/UBNA_001/20221012_030000.WAV,Telephone Field,recover-20221013,001,1795
1784.1275,1784.1383,24609,31289,Eptesicus serotinus,0.01,0.029,-1,Echolocation,/mnt/ubna_data_02_mir/recover-20221013/UBNA_001/20221012_030000.WAV,Telephone Field,recover-20221013,001,1795
1784.1575,1784.1962,68437,82260,Rhinolophus ferrumequinum,0.024,0.024,-1,Echolocation,/mnt/ubna_data_02_mir/recover-20221013/UBNA_001/20221012_030000.WAV,Telephone Field,recover-20221013,001,1795
1784.1965,1784.208,23750,29189,Nyctalus leisleri,0.012,0.027,-1,Echolocation,/mnt/ubna_data_02_mir/recover-20221013/UBNA_001/20221012_030000.WAV,Telephone Field,recover-20221013,001,1795
1784.2135,1784.223,35781,41529,Barbastellus barbastellus,0.006,0.024,-1,Echolocation,/mnt/ubna_data_02_mir/recover-20221013/UBNA_001/20221012_030000.WAV,Telephone Field,recover-20221013,001,1795
1784.2145,1784.2546,68437,82505,Rhinolophus ferrumequinum,0.024,0.024,-1,Echolocation,/mnt/ubna_data_02_mir/recover-20221013/UBNA_001/20221012_030000.WAV,Telephone Field,recover-20221013,001,1795
1784.2375,1784.2789,68437,82629,Rhinolophus ferrumequinum,0.026,0.026,-1,Echolocation,/mnt/ubna_data_02_mir/recover-20221013/UBNA_001/20221012_030000.WAV,Telephone Field,recover-20221013,001,1795
1784.2625,1784.2739,23750,28443,Nyctalus leisleri,0.018,0.034,-1,Echolocation,/mnt/ubna_data_02_mir/recover-20221013/UBNA_001/20221012_030000.WAV,Telephone Field,recover-20221013,001,1795
1784.2835,1784.3223,68437,82082,Rhinolophus ferrumequinum,0.021,0.021,-1,Echolocation,/mnt/ubna_data_02_mir/recover-20221013/UBNA_001/20221012_030000.WAV,Telephone Field,recover-20221013,001,1795
1784.2905,1784.3273,68437,81466,Rhinolophus ferrumequinum,0.024,0.024,-1,Echolocation,/mnt/ubna_data_02_mir/recover-20221013/UBNA_001/20221012_030000.WAV,Telephone Field,recover-20221013,001,1795
1784.3075,1784.3392,68437,80776,Rhinolophus ferrumequinum,0.021,0.021,-1,Echolocation,/mnt/ubna_data_02_mir/recover-20221013/UBNA_001/20221012_030000.WAV,Telephone Field,recover-20221013,001,1795
1784.3455,1784.3842,68437,82658,Rhinolophus ferrumequinum,0.021,0.021,-1,Echolocation,/mnt/ubna_data_02_mir/recover-20221013/UBNA_001/20221012_030000.WAV,Telephone Field,recover-20221013,001,1795
1784.3865,1784.395,28906,41345,Eptesicus serotinus,0.008,0.021,-1,Echolocation,/mnt/ubna_data_02_mir/recover-20221013/UBNA_001/20221012_030000.WAV,Telephone Field,recover-20221013,001,1795
1784.4145,1784.4538,68437,82209,Rhinolophus ferrumequinum,0.021,0.021,-1,Echolocation,/mnt/ubna_data_02_mir/recover-20221013/UBNA_001/20221012_030000.WAV,Telephone Field,recover-20221013,001,1795
1784.4305,1784.4398,25468,33674,Eptesicus serotinus,0.009,0.021,-1,Echolocation,/mnt/ubna_data_02_mir/recover-20221013/UBNA_001/20221012_030000.WAV,Telephone Field,recover-20221013,001,1795
1784.4665,1784.5059,68437,82399,Rhinolophus ferrumequinum,0.021,0.021,-1,Echolocation,/mnt/ubna_data_02_mir/recover-20221013/UBNA_001/20221012_030000.WAV,Telephone Field,recover-20221013,001,1795
1784.4975,1784.5088,22890,28069,Nyctalus leisleri,0.012,0.024,-1,Echolocation,/mnt/ubna_data_02_mir/recover-20221013/UBNA_001/20221012_030000.WAV,Telephone Field,recover-20221013,001,1795
1784.5115,1784.5524,68437,82595,Rhinolophus ferrumequinum,0.031,0.031,-1,Echolocation,/mnt/ubna_data_02_mir/recover-20221013/UBNA_001/20221012_030000.WAV,Telephone Field,recover-20221013,001,1795
1784.5395,1784.5511,22890,28165,Nyctalus leisleri,0.011,0.024,-1,Echolocation,/mnt/ubna_data_02_mir/recover-20221013/UBNA_001/20221012_030000.WAV,Telephone Field,recover-20221013,001,1795
1784.5415,1784.5808,68437,83063,Rhinolophus ferrumequinum,0.028,0.028,-1,Echolocation,/mnt/ubna_data_02_mir/recover-20221013/UBNA_001/20221012_030000.WAV,Telephone Field,recover-20221013,001,1795
1784.5665,1784.6051,68437,81994,Rhinolophus ferrumequinum,0.021,0.021,-1,Echolocation,/mnt/ubna_data_02_mir/recover-20221013/UBNA_001/20221012_030000.WAV,Telephone Field,recover-20221013,001,1795
1784.5985,1784.636,68437,82221,Rhinolophus ferrumequinum,0.021,0.021,-1,Echolocation,/mnt/ubna_data_02_mir/recover-20221013/UBNA_001/20221012_030000.WAV,Telephone Field,recover-20221013,001,1795
1784.6085,1784.6468,68437,82573,Rhinolophus ferrumequinum,0.022,0.022,-1,Echolocation,/mnt/ubna_data_02_mir/recover-20221013/UBNA_001/20221012_030000.WAV,Telephone Field,recover-20221013,001,1795
1784.6405,1784.6821,68437,82273,Rhinolophus ferrumequinum,0.022,0.023,-1,Echolocation,/mnt/ubna_data_02_mir/recover-20221013/UBNA_001/20221012_030000.WAV,Telephone Field,recover-20221013,001,1795
1784.6635,1784.705,68437,82770,Rhinolophus ferrumequinum,0.036,0.036,-1,Echolocation,/mnt/ubna_data_02_mir/recover-20221013/UBNA_001/20221012_030000.WAV,Telephone Field,recover-20221013,001,1795
1784.7225,1784.7621,68437,82219,Rhinolophus ferrumequinum,0.022,0.022,-1,Echolocation,/mnt/ubna_data_02_mir/recover-20221013/UBNA_001/20221012_030000.WAV,Telephone Field,recover-20221013,001,1795
1784.7395,1784.7473,27187,40921,Eptesicus serotinus,0.008,0.024,-1,Echolocation,/mnt/ubna_data_02_mir/recover-20221013/UBNA_001/20221012_030000.WAV,Telephone Field,recover-20221013,001,1795
1784.7585,1784.8001,68437,83072,Rhinolophus ferrumequinum,0.03,0.03,-1,Echolocation,/mnt/ubna_data_02_mir/recover-20221013/UBNA_001/20221012_030000.WAV,Telephone Field,recover-20221013,001,1795
1784.7805,1784.8212,68437,82878,Rhinolophus ferrumequinum,0.029,0.029,-1,Echolocation,/mnt/ubna_data_02_mir/recover-20221013/UBNA_001/20221012_030000.WAV,Telephone Field,recover-20221013,001,1795
1784.7875,1784.7988,24609,31453,Nyctalus leisleri,0.011,0.028,-1,Echolocation,/mnt/ubna_data_02_mir/recover-20221013/UBNA_001/20221012_030000.WAV,Telephone Field,recover-20221013,001,1795
1784.8135,1784.8543,68437,82409,Rhinolophus ferrumequinum,0.022,0.022,-1,Echolocation,/mnt/ubna_data_02_mir/recover-20221013/UBNA_001/20221012_030000.WAV,Telephone Field,recover-20221013,001,1795
1784.8345,1784.8425,24609,33245,Plecotus austriacus,0.007,0.023,-1,Echolocation,/mnt/ubna_data_02_mir/recover-20221013/UBNA_001/20221012_030000.WAV,Telephone Field,recover-20221013,001,1795
1784.8705,1784.8809,22031,27332,Nyctalus leisleri,0.009,0.021,-1,Echolocation,/mnt/ubna_data_02_mir/recover-20221013/UBNA_001/20221012_030000.WAV,Telephone Field,recover-20221013,001,1795
1784.8915,1784.8989,24609,33893,Plecotus austriacus,0.008,0.024,-1,Echolocation,/mnt/ubna_data_02_mir/recover-20221013/UBNA_001/20221012_030000.WAV,Telephone Field,recover-20221013,001,1795
1784.9585,1784.9686,44375,47275,Pipistrellus pipistrellus,0.021,0.023,-1,Echolocation,/mnt/ubna_data_02_mir/recover-20221013/UBNA_001/20221012_030000.WAV,Telephone Field,recover-20221013,001,1795
1784.9645,1785.0035,68437,81606,Rhinolophus ferrumequinum,0.022,0.022,-1,Echolocation,/mnt/ubna_data_02_mir/recover-20221013/UBNA_001/20221012_030000.WAV,Telephone Field,recover-20221013,001,1795
1784.9745,1785.0123,68437,82249,Rhinolophus ferrumequinum,0.025,0.025,-1,Echolocation,/mnt/ubna_data_02_mir/recover-20221013/UBNA_001/20221012_030000.WAV,Telephone Field,recover-20221013,001,1795
1784.9845,1785.0258,68437,82497,Rhinolophus ferrumequinum,0.025,0.025,-1,Echolocation,/mnt/ubna_data_02_mir/recover-20221013/UBNA_001/20221012_030000.WAV,Telephone Field,recover-20221013,001,1795
1784.9925,1785.0064,24609,29402,Nyctalus leisleri,0.01,0.022,-1,Echolocation,/mnt/ubna_data_02_mir/recover-20221013/UBNA_001/20221012_030000.WAV,Telephone Field,recover-20221013,001,1795
1784.9955,1785.0358,68437,82500,Rhinolophus ferrumequinum,0.022,0.022,-1,Echolocation,/mnt/ubna_data_02_mir/recover-20221013/UBNA_001/20221012_030000.WAV,Telephone Field,recover-20221013,001,1795
1785.0035,1785.0108,28906,40376,Eptesicus serotinus,0.008,0.025,-1,Echolocation,/mnt/ubna_data_02_mir/recover-20221013/UBNA_001/20221012_030000.WAV,Telephone Field,recover-20221013,001,1795
1785.0095,1785.0472,68437,81618,Rhinolophus ferrumequinum,0.022,0.022,-1,Echolocation,/mnt/ubna_data_02_mir/recover-20221013/UBNA_001/20221012_030000.WAV,Telephone Field,recover-20221013,001,1795
1785.0405,1785.0798,68437,82544,Rhinolophus ferrumequinum,0.024,0.024,-1,Echolocation,/mnt/ubna_data_02_mir/recover-20221013/UBNA_001/20221012_030000.WAV,Telephone Field,recover-20221013,001,1795
1785.0505,1785.0873,68437,81380,Rhinolophus ferrumequinum,0.022,0.022,-1,Echolocation,/mnt/ubna_data_02_mir/recover-20221013/UBNA_001/20221012_030000.WAV,Telephone Field,recover-20221013,001,1795
1785.0695,1785.078,24609,32894,Plecotus austriacus,0.008,0.025,-1,Echolocation,/mnt/ubna_data_02_mir/recover-20221013/UBNA_001/20221012_030000.WAV,Telephone Field,recover-20221013,001,1795
1785.0805,1785.1231,68437,83016,Rhinolophus ferrumequinum,0.024,0.024,-1,Echolocation,/mnt/ubna_data_02_mir/recover-20221013/UBNA_001/20221012_030000.WAV,Telephone Field,recover-20221013,001,1795
1785.0865,1785.1305,68437,83046,Rhinolophus ferrumequinum,0.026,0.026,-1,Echolocation,/mnt/ubna_data_02_mir/recover-20221013/UBNA_001/20221012_030000.WAV,Telephone Field,recover-20221013,001,1795
1785.0945,1785.1367,68437,82607,Rhinolophus ferrumequinum,0.034,0.034,-1,Echolocation,/mnt/ubna_data_02_mir/recover-20221013/UBNA_001/20221012_030000.WAV,Telephone Field,recover-20221013,001,1795
1785.1265,1785.1653,68437,82142,Rhinolophus ferrumequinum,0.022,0.022,-1,Echolocation,/mnt/ubna_data_02_mir/recover-20221013/UBNA_001/20221012_030000.WAV,Telephone Field,recover-20221013,001,1795
1785.1935,1785.2321,68437,82604,Rhinolophus ferrumequinum,0.024,0.024,-1,Echolocation,/mnt/ubna_data_02_mir/recover-20221013/UBNA_001/20221012_030000.WAV,Telephone Field,recover-20221013,001,1795
1785.2035,1785.212,25468,35389,Eptesicus serotinus,0.008,0.022,-1,Echolocation,/mnt/ubna_data_02_mir/recover-20221013/UBNA_001/20221012_030000.WAV,Telephone Field,recover-20221013,001,1795
1785.2055,1785.2183,40078,43298,Pipistrellus nathusii,0.014,0.026,-1,Echolocation,/mnt/ubna_data_02_mir/recover-20221013/UBNA_001/20221012_030000.WAV,Telephone Field,recover-20221013,001,1795
1785.2335,1785.242,28906,40357,Eptesicus serotinus,0.009,0.023,-1,Echolocation,/mnt/ubna_data_02_mir/recover-20221013/UBNA_001/20221012_030000.WAV,Telephone Field,recover-20221013,001,1795
1785.2445,1785.2875,68437,83086,Rhinolophus ferrumequinum,0.026,0.026,-1,Echolocation,/mnt/ubna_data_02_mir/recover-20221013/UBNA_001/20221012_030000.WAV,Telephone Field,recover-20221013,001,1795
1785.2445,1785.2549,28046,37083,Eptesicus serotinus,0.021,0.035,-1,Echolocation,/mnt/ubna_data_02_mir/recover-20221013/UBNA_001/20221012_030000.WAV,Telephone Field,recover-20221013,001,1795
1785.2735,1785.3135,68437,82120,Rhinolophus ferrumequinum,0.021,0.021,-1,Echolocation,/mnt/ubna_data_02_mir/recover-20221013/UBNA_001/20221012_030000.WAV,Telephone Field,recover-20221013,001,1795
1785.3005,1785.3396,68437,81890,Rhinolophus ferrumequinum,0.025,0.026,-1,Echolocation,/mnt/ubna_data_02_mir/recover-20221013/UBNA_001/20221012_030000.WAV,Telephone Field,recover-20221013,001,1795
1785.3045,1785.312,28046,40943,Eptesicus serotinus,0.007,0.022,-1,Echolocation,/mnt/ubna_data_02_mir/recover-20221013/UBNA_001/20221012_030000.WAV,Telephone Field,recover-20221013,001,1795
1785.3535,1785.3957,68437,82592,Rhinolophus ferrumequinum,0.032,0.032,-1,Echolocation,/mnt/ubna_data_02_mir/recover-20221013/UBNA_001/20221012_030000.WAV,Telephone Field,recover-20221013,001,1795
1785.3585,1785.3656,27187,42293,Eptesicus serotinus,0.007,0.021,-1,Echolocation,/mnt/ubna_data_02_mir/recover-20221013/UBNA_001/20221012_030000.WAV,Telephone Field,recover-20221013,001,1795
1785.3775,1785.3865,25468,33269,Eptesicus serotinus,0.009,0.022,-1,Echolocation,/mnt/ubna_data_02_mir/recover-20221013/UBNA_001/20221012_030000.WAV,Telephone Field,recover-20221013,001,1795
1785.4415,1785.4838,68437,83047,Rhinolophus ferrumequinum,0.023,0.023,-1,Echolocation,/mnt/ubna_data_02_mir/recover-20221013/UBNA_001/20221012_030000.WAV,Telephone Field,recover-20221013,001,1795
1785.4535,1785.4951,68437,83030,Rhinolophus ferrumequinum,0.021,0.021,-1,Echolocation,/mnt/ubna_data_02_mir/recover-20221013/UBNA_001/20221012_030000.WAV,Telephone Field,recover-20221013,001,1795
1785.4585,1785.4661,28046,39913,Eptesicus serotinus,0.007,0.022,-1,Echolocation,/mnt/ubna_data_02_mir/recover-20221013/UBNA_001/20221012_030000.WAV,Telephone Field,recover-20221013,001,1795
1785.5245,1785.5372,22890,27728,Nyctalus leisleri,0.014,0.027,-1,Echolocation,/mnt/ubna_data_02_mir/recover-20221013/UBNA_001/20221012_030000.WAV,Telephone Field,recover-20221013,001,1795
1785.5535,1785.5605,25468,35188,Plecotus austriacus,0.006,0.022,-1,Echolocation,/mnt/ubna_data_02_mir/recover-20221013/UBNA_001/20221012_030000.WAV,Telephone Field,recover-20221013,001,1795
1785.5595,1785.601,68437,82936,Rhinolophus ferrumequinum,0.021,0.021,-1,Echolocation,/mnt/ubna_data_02_mir/recover-20221013/UBNA_001/20221012_030000.WAV,Telephone Field,recover-20221013,001,1795
1785.5695,1785.6091,68437,82552,Rhinolophus ferrumequinum,0.025,0.025,-1,Echolocation,/mnt/ubna_data_02_mir/recover-20221013/UBNA_001/20221012_030000.WAV,Telephone Field,recover-20221013,001,1795
1785.5695,1785.5775,26328,37141,Eptesicus serotinus,0.008,0.021,-1,Echolocation,/mnt/ubna_data_02_mir/recover-20221013/UBNA_001/20221012_030000.WAV,Telephone Field,recover-20221013,001,1795
1785.5805,1785.5894,25468,33560,Eptesicus serotinus,0.009,0.023,-1,Echolocation,/mnt/ubna_data_02_mir/recover-20221013/UBNA_001/20221012_030000.WAV,Telephone Field,recover-20221013,001,1795
1785.6185,1785.6584,68437,82437,Rhinolophus ferrumequinum,0.023,0.023,-1,Echolocation,/mnt/ubna_data_02_mir/recover-20221013/UBNA_001/20221012_030000.WAV,Telephone Field,recover-20221013,001,1795
1785.6265,1785.6673,68437,81942,Rhinolophus ferrumequinum,0.021,0.021,-1,Echolocation,/mnt/ubna_data_02_mir/recover-20221013/UBNA_001/20221012_030000.WAV,Telephone Field,recover-20221013,001,1795
1785.6505,1785.6912,68437,82859,Rhinolophus ferrumequinum,0.034,0.034,-1,Echolocation,/mnt/ubna_data_02_mir/recover-20221013/UBNA_001/20221012_030000.WAV,Telephone Field,recover-20221013,001,1795
1785.6715,1785.71,68437,81923,Rhinolophus ferrumequinum,0.022,0.022,-1,Echolocation,/mnt/ubna_data_02_mir/recover-20221013/UBNA_001/20221012_030000.WAV,Telephone Field,recover-20221013,001,1795
1785.6995,1785.7388,68437,82720,Rhinolophus ferrumequinum,0.023,0.023,-1,Echolocation,/mnt/ubna_data_02_mir/recover-20221013/UBNA_001/20221012_030000.WAV,Telephone Field,recover-20221013,001,1795
1785.6995,1785.7105999999999,22890,28497,Nyctalus leisleri,0.011,0.024,-1,Echolocation,/mnt/ubna_data_02_mir/recover-20221013/UBNA_001/20221012_030000.WAV,Telephone Field,recover-20221013,001,1795
1785.7105,1785.7208,22890,28856,Nyctalus leisleri,0.011,0.025,-1,Echolocation,/mnt/ubna_data_02_mir/recover-20221013/UBNA_001/20221012_030000.WAV,Telephone Field,recover-20221013,001,1795
1785.7175,1785.7284,22890,27504,Nyctalus leisleri,0.013,0.024,-1,Echolocation,/mnt/ubna_data_02_mir/recover-20221013/UBNA_001/20221012_030000.WAV,Telephone Field,recover-20221013,001,1795
1785.7635,1785.7721,31484,39770,Myotis daubentonii,0.007,0.024,-1,Echolocation,/mnt/ubna_data_02_mir/recover-20221013/UBNA_001/20221012_030000.WAV,Telephone Field,recover-20221013,001,1795
1785.7885,1785.8271,68437,82257,Rhinolophus ferrumequinum,0.021,0.021,-1,Echolocation,/mnt/ubna_data_02_mir/recover-20221013/UBNA_001/20221012_030000.WAV,Telephone Field,recover-20221013,001,1795
1785.7895,1785.8032,44375,47792,Pipistrellus pipistrellus,0.045,0.053,-1,Echolocation,/mnt/ubna_data_02_mir/recover-20221013/UBNA_001/20221012_030000.WAV,Telephone Field,recover-20221013,001,1795
1785.8095,1785.8488,68437,82013,Rhinolophus ferrumequinum,0.024,0.024,-1,Echolocation,/mnt/ubna_data_02_mir/recover-20221013/UBNA_001/20221012_030000.WAV,Telephone Field,recover-20221013,001,1795
1785.8175,1785.8278,27187,34135,Eptesicus serotinus,0.014,0.027,-1,Echolocation,/mnt/ubna_data_02_mir/recover-20221013/UBNA_001/20221012_030000.WAV,Telephone Field,recover-20221013,001,1795
1785.8495,1785.8578,50390,55736,Pipistrellus pipistrellus,0.024,0.028,-1,Echolocation,/mnt/ubna_data_02_mir/recover-20221013/UBNA_001/20221012_030000.WAV,Telephone Field,recover-20221013,001,1795
1785.8515,1785.8924,68437,82760,Rhinolophus ferrumequinum,0.026,0.026,-1,Echolocation,/mnt/ubna_data_02_mir/recover-20221013/UBNA_001/20221012_030000.WAV,Telephone Field,recover-20221013,001,1795
1785.8515,1785.8619,28906,36060,Eptesicus serotinus,0.014,0.028,-1,Echolocation,/mnt/ubna_data_02_mir/recover-20221013/UBNA_001/20221012_030000.WAV,Telephone Field,recover-20221013,001,1795
1785.8825,1785.9225,68437,82992,Rhinolophus ferrumequinum,0.025,0.025,-1,Echolocation,/mnt/ubna_data_02_mir/recover-20221013/UBNA_001/20221012_030000.WAV,Telephone Field,recover-20221013,001,1795
1785.8955,1785.9359,68437,81804,Rhinolophus ferrumequinum,0.023,0.023,-1,Echolocation,/mnt/ubna_data_02_mir/recover-20221013/UBNA_001/20221012_030000.WAV,Telephone Field,recover-20221013,001,1795
1785.9025,1785.9398,68437,81934,Rhinolophus ferrumequinum,0.023,0.023,-1,Echolocation,/mnt/ubna_data_02_mir/recover-20221013/UBNA_001/20221012_030000.WAV,Telephone Field,recover-20221013,001,1795
1785.9555,1785.9967,68437,82412,Rhinolophus ferrumequinum,0.024,0.024,-1,Echolocation,/mnt/ubna_data_02_mir/recover-20221013/UBNA_001/20221012_030000.WAV,Telephone Field,recover-20221013,001,1795
1786.0015,1786.0108,20312,25890,Nyctalus leisleri,0.013,0.033,-1,Echolocation,/mnt/ubna_data_02_mir/recover-20221013/UBNA_001/20221012_030000.WAV,Telephone Field,recover-20221013,001,1795
1786.0015,1786.0322,68437,79778,Rhinolophus ferrumequinum,0.022,0.022,-1,Echolocation,/mnt/ubna_data_02_mir/recover-20221013/UBNA_001/20221012_030000.WAV,Telephone Field,recover-20221013,001,1795
1786.0085,1786.0504,68437,81852,Rhinolophus ferrumequinum,0.022,0.022,-1,Echolocation,/mnt/ubna_data_02_mir/recover-20221013/UBNA_001/20221012_030000.WAV,Telephone Field,recover-20221013,001,1795
1786.0225,1786.0318,28046,37310,Eptesicus serotinus,0.011,0.03,-1,Echolocation,/mnt/ubna_data_02_mir/recover-20221013/UBNA_001/20221012_030000.WAV,Telephone Field,recover-20221013,001,1795
1786.0635,1786.0686,41796,53487,Myotis mystacinus,0.007,0.025,-1,Echolocation,/mnt/ubna_data_02_mir/recover-20221013/UBNA_001/20221012_030000.WAV,Telephone Field,recover-20221013,001,1795
1786.0925,1786.1304,68437,81825,Rhinolophus ferrumequinum,0.023,0.023,-1,Echolocation,/mnt/ubna_data_02_mir/recover-20221013/UBNA_001/20221012_030000.WAV,Telephone Field,recover-20221013,001,1795
1786.1145,1786.153,68437,82842,Rhinolophus ferrumequinum,0.022,0.022,-1,Echolocation,/mnt/ubna_data_02_mir/recover-20221013/UBNA_001/20221012_030000.WAV,Telephone Field,recover-20221013,001,1795
1786.1355,1786.1731,68437,82072,Rhinolophus ferrumequinum,0.022,0.022,-1,Echolocation,/mnt/ubna_data_02_mir/recover-20221013/UBNA_001/20221012_030000.WAV,Telephone Field,recover-20221013,001,1795
1786.3145,1786.3544,68437,82220,Rhinolophus ferrumequinum,0.024,0.024,-1,Echolocation,/mnt/ubna_data_02_mir/recover-20221013/UBNA_001/20221012_030000.WAV,Telephone Field,recover-20221013,001,1795
1786.3515,1786.3628,22890,28166,Nyctalus leisleri,0.011,0.022,-1,Echolocation,/mnt/ubna_data_02_mir/recover-20221013/UBNA_001/20221012_030000.WAV,Telephone Field,recover-20221013,001,1795
1786.4025,1786.4111,27187,42100,Eptesicus serotinus,0.008,0.022,-1,Echolocation,/mnt/ubna_data_02_mir/recover-20221013/UBNA_001/20221012_030000.WAV,Telephone Field,recover-20221013,001,1795
1786.4025,1786.4407,68437,81704,Rhinolophus ferrumequinum,0.022,0.022,-1,Echolocation,/mnt/ubna_data_02_mir/recover-20221013/UBNA_001/20221012_030000.WAV,Telephone Field,recover-20221013,001,1795
1786.4265,1786.436,28046,37318,Eptesicus serotinus,0.01,0.024,-1,Echolocation,/mnt/ubna_data_02_mir/recover-20221013/UBNA_001/20221012_030000.WAV,Telephone Field,recover-20221013,001,1795
1786.4495,1786.4749,17734,20580,Nyctalus noctula,0.045,0.066,-1,Echolocation,/mnt/ubna_data_02_mir/recover-20221013/UBNA_001/20221012_030000.WAV,Telephone Field,recover-20221013,001,1795
1786.4605,1786.467,27187,36680,Myotis daubentonii,0.005,0.022,-1,Echolocation,/mnt/ubna_data_02_mir/recover-20221013/UBNA_001/20221012_030000.WAV,Telephone Field,recover-20221013,001,1795
1786.4915,1786.4988,27187,39433,Eptesicus serotinus,0.007,0.022,-1,Echolocation,/mnt/ubna_data_02_mir/recover-20221013/UBNA_001/20221012_030000.WAV,Telephone Field,recover-20221013,001,1795
1786.4995,1786.5077,28046,39300,Eptesicus serotinus,0.007,0.021,-1,Echolocation,/mnt/ubna_data_02_mir/recover-20221013/UBNA_001/20221012_030000.WAV,Telephone Field,recover-20221013,001,1795
1786.5025,1786.5084,38359,55472,Myotis brandtii,0.008,0.022,-1,Echolocation,/mnt/ubna_data_02_mir/recover-20221013/UBNA_001/20221012_030000.WAV,Telephone Field,recover-20221013,001,1795
1786.5315,1786.5406,27187,43076,Eptesicus serotinus,0.011,0.027,-1,Echolocation,/mnt/ubna_data_02_mir/recover-20221013/UBNA_001/20221012_030000.WAV,Telephone Field,recover-20221013,001,1795
1786.5425,1786.5514,23750,30659,Nyctalus leisleri,0.007,0.022,-1,Echolocation,/mnt/ubna_data_02_mir/recover-20221013/UBNA_001/20221012_030000.WAV,Telephone Field,recover-20221013,001,1795
1786.5775,1786.5845,27187,39256,Eptesicus serotinus,0.006,0.023,-1,Echolocation,/mnt/ubna_data_02_mir/recover-20221013/UBNA_001/20221012_030000.WAV,Telephone Field,recover-20221013,001,1795
1786.6065,1786.6155,28906,38543,Eptesicus serotinus,0.008,0.022,-1,Echolocation,/mnt/ubna_data_02_mir/recover-20221013/UBNA_001/20221012_030000.WAV,Telephone Field,recover-20221013,001,1795
1786.7435,1786.7516,28046,39436,Eptesicus serotinus,0.007,0.022,-1,Echolocation,/mnt/ubna_data_02_mir/recover-20221013/UBNA_001/20221012_030000.WAV,Telephone Field,recover-20221013,001,1795
1786.7475,1786.7636,16015,20624,Nyctalus noctula,0.021,0.03,-1,Echolocation,/mnt/ubna_data_02_mir/recover-20221013/UBNA_001/20221012_030000.WAV,Telephone Field,recover-20221013,001,1795
1786.7785,1786.816,68437,82220,Rhinolophus ferrumequinum,0.022,0.022,-1,Echolocation,/mnt/ubna_data_02_mir/recover-20221013/UBNA_001/20221012_030000.WAV,Telephone Field,recover-20221013,001,1795
1786.7835,1786.7914,27187,38348,Eptesicus serotinus,0.007,0.023,-1,Echolocation,/mnt/ubna_data_02_mir/recover-20221013/UBNA_001/20221012_030000.WAV,Telephone Field,recover-20221013,001,1795
1786.7975,1786.8368,68437,82052,Rhinolophus ferrumequinum,0.023,0.023,-1,Echolocation,/mnt/ubna_data_02_mir/recover-20221013/UBNA_001/20221012_030000.WAV,Telephone Field,recover-20221013,001,1795
1786.8165,1786.8234,27187,39494,Eptesicus serotinus,0.006,0.023,-1,Echolocation,/mnt/ubna_data_02_mir/recover-20221013/UBNA_001/20221012_030000.WAV,Telephone Field,recover-20221013,001,1795
1786.8295,1786.8682,68437,82345,Rhinolophus ferrumequinum,0.024,0.024,-1,Echolocation,/mnt/ubna_data_02_mir/recover-20221013/UBNA_001/20221012_030000.WAV,Telephone Field,recover-20221013,001,1795
1786.8465,1786.8563,28046,36647,Eptesicus serotinus,0.012,0.028,-1,Echolocation,/mnt/ubna_data_02_mir/recover-20221013/UBNA_001/20221012_030000.WAV,Telephone Field,recover-20221013,001,1795
1786.8575,1786.8689,23750,30175,Nyctalus leisleri,0.011,0.025,-1,Echolocation,/mnt/ubna_data_02_mir/recover-20221013/UBNA_001/20221012_030000.WAV,Telephone Field,recover-20221013,001,1795
1786.8775,1786.8865,23750,31347,Nyctalus leisleri,0.007,0.025,-1,Echolocation,/mnt/ubna_data_02_mir/recover-20221013/UBNA_001/20221012_030000.WAV,Telephone Field,recover-20221013,001,1795
1786.9035,1786.9108,28046,39768,Eptesicus serotinus,0.007,0.027,-1,Echolocation,/mnt/ubna_data_02_mir/recover-20221013/UBNA_001/20221012_030000.WAV,Telephone Field,recover-20221013,001,1795
1786.9045,1786.9141,22890,29717,Nyctalus leisleri,0.009,0.027,-1,Echolocation,/mnt/ubna_data_02_mir/recover-20221013/UBNA_001/20221012_030000.WAV,Telephone Field,recover-20221013,001,1795
1786.9095,1786.9457,68437,81789,Rhinolophus ferrumequinum,0.022,0.022,-1,Echolocation,/mnt/ubna_data_02_mir/recover-20221013/UBNA_001/20221012_030000.WAV,Telephone Field,recover-20221013,001,1795
1786.9435,1786.9498,28046,46092,Myotis daubentonii,0.008,0.029,-1,Echolocation,/mnt/ubna_data_02_mir/recover-20221013/UBNA_001/20221012_030000.WAV,Telephone Field,recover-20221013,001,1795
1786.9535,1786.9908,68437,81469,Rhinolophus ferrumequinum,0.021,0.022,-1,Echolocation,/mnt/ubna_data_02_mir/recover-20221013/UBNA_001/20221012_030000.WAV,Telephone Field,recover-20221013,001,1795
1786.9605,1786.9687,29765,38546,Eptesicus serotinus,0.017,0.041,-1,Echolocation,/mnt/ubna_data_02_mir/recover-20221013/UBNA_001/20221012_030000.WAV,Telephone Field,recover-20221013,001,1795
1786.9895,1787.0323,68437,83112,Rhinolophus ferrumequinum,0.03,0.03,-1,Echolocation,/mnt/ubna_data_02_mir/recover-20221013/UBNA_001/20221012_030000.WAV,Telephone Field,recover-20221013,001,1795
1786.9915,1787.0023,28906,37136,Eptesicus serotinus,0.014,0.028,-1,Echolocation,/mnt/ubna_data_02_mir/recover-20221013/UBNA_001/20221012_030000.WAV,Telephone Field,recover-20221013,001,1795
1787.0225,1787.0306,28046,39643,Eptesicus serotinus,0.008,0.024,-1,Echolocation,/mnt/ubna_data_02_mir/recover-20221013/UBNA_001/20221012_030000.WAV,Telephone Field,recover-20221013,001,1795
1787.0305,1787.0387,27187,38566,Eptesicus serotinus,0.008,0.022,-1,Echolocation,/mnt/ubna_data_02_mir/recover-20221013/UBNA_001/20221012_030000.WAV,Telephone Field,recover-20221013,001,1795
1787.0905,1787.1004,23750,31234,Eptesicus serotinus,0.007,0.024,-1,Echolocation,/mnt/ubna_data_02_mir/recover-20221013/UBNA_001/20221012_030000.WAV,Telephone Field,recover-20221013,001,1795
1787.0975,1787.136,68437,81874,Rhinolophus ferrumequinum,0.022,0.022,-1,Echolocation,/mnt/ubna_data_02_mir/recover-20221013/UBNA_001/20221012_030000.WAV,Telephone Field,recover-20221013,001,1795
1787.1435,1787.1849,68437,82684,Rhinolophus ferrumequinum,0.033,0.033,-1,Echolocation,/mnt/ubna_data_02_mir/recover-20221013/UBNA_001/20221012_030000.WAV,Telephone Field,recover-20221013,001,1795
1787.1445,1787.1538,28906,37701,Eptesicus serotinus,0.01,0.026,-1,Echolocation,/mnt/ubna_data_02_mir/recover-20221013/UBNA_001/20221012_030000.WAV,Telephone Field,recover-20221013,001,1795
1787.1655,1787.1979,68437,80269,Rhinolophus ferrumequinum,0.021,0.021,-1,Echolocation,/mnt/ubna_data_02_mir/recover-20221013/UBNA_001/20221012_030000.WAV,Telephone Field,recover-20221013,001,1795
1787.1835,1787.2212,68437,82687,Rhinolophus ferrumequinum,0.023,0.023,-1,Echolocation,/mnt/ubna_data_02_mir/recover-20221013/UBNA_001/20221012_030000.WAV,Telephone Field,recover-20221013,001,1795
1787.2095,1787.2464,68437,81220,Rhinolophus ferrumequinum,0.024,0.024,-1,Echolocation,/mnt/ubna_data_02_mir/recover-20221013/UBNA_001/20221012_030000.WAV,Telephone Field,recover-20221013,001,1795
1787.2145,1787.2214,26328,37644,Eptesicus serotinus,0.005,0.022,-1,Echolocation,/mnt/ubna_data_02_mir/recover-20221013/UBNA_001/20221012_030000.WAV,Telephone Field,recover-20221013,001,1795
1787.2305,1787.2641,68437,80586,Rhinolophus ferrumequinum,0.022,0.022,-1,Echolocation,/mnt/ubna_data_02_mir/recover-20221013/UBNA_001/20221012_030000.WAV,Telephone Field,recover-20221013,001,1795
1787.2595,1787.2682,27187,37160,Eptesicus serotinus,0.009,0.025,-1,Echolocation,/mnt/ubna_data_02_mir/recover-20221013/UBNA_001/20221012_030000.WAV,Telephone Field,recover-20221013,001,1795
1787.2765,1787.3144,68437,81906,Rhinolophus ferrumequinum,0.028,0.028,-1,Echolocation,/mnt/ubna_data_02_mir/recover-20221013/UBNA_001/20221012_030000.WAV,Telephone Field,recover-20221013,001,1795
1787.2795,1787.29,22031,27341,Nyctalus leisleri,0.009,0.022,-1,Echolocation,/mnt/ubna_data_02_mir/recover-20221013/UBNA_001/20221012_030000.WAV,Telephone Field,recover-20221013,001,1795
1787.3135,1787.3255,22890,27107,Nyctalus leisleri,0.013,0.023,-1,Echolocation,/mnt/ubna_data_02_mir/recover-20221013/UBNA_001/20221012_030000.WAV,Telephone Field,recover-20221013,001,1795
1787.3895,1787.431,68437,82944,Rhinolophus ferrumequinum,0.024,0.024,-1,Echolocation,/mnt/ubna_data_02_mir/recover-20221013/UBNA_001/20221012_030000.WAV,Telephone Field,recover-20221013,001,1795
1787.4095,1787.4186,28046,37416,Eptesicus serotinus,0.01,0.026,-1,Echolocation,/mnt/ubna_data_02_mir/recover-20221013/UBNA_001/20221012_030000.WAV,Telephone Field,recover-20221013,001,1795
1787.4515,1787.4597,27187,39819,Eptesicus serotinus,0.009,0.026,-1,Echolocation,/mnt/ubna_data_02_mir/recover-20221013/UBNA_001/20221012_030000.WAV,Telephone Field,recover-20221013,001,1795
1787.5165,1787.5246,29765,45133,Myotis daubentonii,0.009,0.021,-1,Echolocation,/mnt/ubna_data_02_mir/recover-20221013/UBNA_001/20221012_030000.WAV,Telephone Field,recover-20221013,001,1795
1787.5515,1787.5576,33203,45511,Myotis daubentonii,0.018,0.039,-1,Echolocation,/mnt/ubna_data_02_mir/recover-20221013/UBNA_001/20221012_030000.WAV,Telephone Field,recover-20221013,001,1795
1787.5665,1787.6044,68437,81895,Rhinolophus ferrumequinum,0.022,0.022,-1,Echolocation,/mnt/ubna_data_02_mir/recover-20221013/UBNA_001/20221012_030000.WAV,Telephone Field,recover-20221013,001,1795
1787.5685,1787.5773,25468,33888,Eptesicus serotinus,0.008,0.022,-1,Echolocation,/mnt/ubna_data_02_mir/recover-20221013/UBNA_001/20221012_030000.WAV,Telephone Field,recover-20221013,001,1795
1787.5995,1787.6076,28046,39018,Eptesicus serotinus,0.008,0.022,-1,Echolocation,/mnt/ubna_data_02_mir/recover-20221013/UBNA_001/20221012_030000.WAV,Telephone Field,recover-20221013,001,1795
1787.6595,1787.6673,27187,36697,Eptesicus serotinus,0.009,0.025,-1,Echolocation,/mnt/ubna_data_02_mir/recover-20221013/UBNA_001/20221012_030000.WAV,Telephone Field,recover-20221013,001,1795
1787.7095,1787.7193,23750,29811,Nyctalus leisleri,0.008,0.022,-1,Echolocation,/mnt/ubna_data_02_mir/recover-20221013/UBNA_001/20221012_030000.WAV,Telephone Field,recover-20221013,001,1795
1787.7535,1787.7609,46093,56221,Pipistrellus pipistrellus,0.017,0.027,-1,Echolocation,/mnt/ubna_data_02_mir/recover-20221013/UBNA_001/20221012_030000.WAV,Telephone Field,recover-20221013,001,1795
1787.7685,1787.7754,28046,46758,Eptesicus serotinus,0.007,0.024,-1,Echolocation,/mnt/ubna_data_02_mir/recover-20221013/UBNA_001/20221012_030000.WAV,Telephone Field,recover-20221013,001,1795
1787.7955,1787.8035,28046,39051,Eptesicus serotinus,0.008,0.023,-1,Echolocation,/mnt/ubna_data_02_mir/recover-20221013/UBNA_001/20221012_030000.WAV,Telephone Field,recover-20221013,001,1795
1787.8185,1787.8266,22890,30675,Plecotus austriacus,0.01,0.022,-1,Echolocation,/mnt/ubna_data_02_mir/recover-20221013/UBNA_001/20221012_030000.WAV,Telephone Field,recover-20221013,001,1795
1787.8735,1787.8811,28046,38294,Eptesicus serotinus,0.007,0.022,-1,Echolocation,/mnt/ubna_data_02_mir/recover-20221013/UBNA_001/20221012_030000.WAV,Telephone Field,recover-20221013,001,1795
1787.8855,1787.8948,26328,34011,Eptesicus serotinus,0.032,0.059,-1,Echolocation,/mnt/ubna_data_02_mir/recover-20221013/UBNA_001/20221012_030000.WAV,Telephone Field,recover-20221013,001,1795
1787.9205,1787.959,68437,82097,Rhinolophus ferrumequinum,0.024,0.024,-1,Echolocation,/mnt/ubna_data_02_mir/recover-20221013/UBNA_001/20221012_030000.WAV,Telephone Field,recover-20221013,001,1795
1787.9275,1787.9349,25468,37551,Myotis nattereri,0.005,0.022,-1,Echolocation,/mnt/ubna_data_02_mir/recover-20221013/UBNA_001/20221012_030000.WAV,Telephone Field,recover-20221013,001,1795
1787.9795,1787.9879,26328,37757,Eptesicus serotinus,0.008,0.022,-1,Echolocation,/mnt/ubna_data_02_mir/recover-20221013/UBNA_001/20221012_030000.WAV,Telephone Field,recover-20221013,001,1795
1788.0015,1788.0099,46093,52800,Pipistrellus pipistrellus,0.019,0.025,-1,Echolocation,/mnt/ubna_data_02_mir/recover-20221013/UBNA_001/20221012_030000.WAV,Telephone Field,recover-20221013,001,1795
1788.0015,1788.0342,69296,82440,Rhinolophus ferrumequinum,0.024,0.024,-1,Echolocation,/mnt/ubna_data_02_mir/recover-20221013/UBNA_001/20221012_030000.WAV,Telephone Field,recover-20221013,001,1795
1788.0015,1788.0136,21171,25889,Nyctalus leisleri,0.017,0.031,-1,Echolocation,/mnt/ubna_data_02_mir/recover-20221013/UBNA_001/20221012_030000.WAV,Telephone Field,recover-20221013,001,1795
1788.0215,1788.0289,27187,35966,Eptesicus serotinus,0.007,0.022,-1,Echolocation,/mnt/ubna_data_02_mir/recover-20221013/UBNA_001/20221012_030000.WAV,Telephone Field,recover-20221013,001,1795
1788.0345,1788.0705,68437,81768,Rhinolophus ferrumequinum,0.022,0.022,-1,Echolocation,/mnt/ubna_data_02_mir/recover-20221013/UBNA_001/20221012_030000.WAV,Telephone Field,recover-20221013,001,1795
1788.0475,1788.0571,46953,51584,Pipistrellus pipistrellus,0.025,0.027,-1,Echolocation,/mnt/ubna_data_02_mir/recover-20221013/UBNA_001/20221012_030000.WAV,Telephone Field,recover-20221013,001,1795
1788.0815,1788.1213,68437,82440,Rhinolophus ferrumequinum,0.024,0.024,-1,Echolocation,/mnt/ubna_data_02_mir/recover-20221013/UBNA_001/20221012_030000.WAV,Telephone Field,recover-20221013,001,1795
1788.0845,1788.0929,22890,29789,Plecotus austriacus,0.009,0.022,-1,Echolocation,/mnt/ubna_data_02_mir/recover-20221013/UBNA_001/20221012_030000.WAV,Telephone Field,recover-20221013,001,1795
1788.0915,1788.0994,28046,39956,Eptesicus serotinus,0.008,0.022,-1,Echolocation,/mnt/ubna_data_02_mir/recover-20221013/UBNA_001/20221012_030000.WAV,Telephone Field,recover-20221013,001,1795
1788.1025,1788.1449,68437,82857,Rhinolophus ferrumequinum,0.025,0.025,-1,Echolocation,/mnt/ubna_data_02_mir/recover-20221013/UBNA_001/20221012_030000.WAV,Telephone Field,recover-20221013,001,1795
1788.1235,1788.1325,43515,48403,Pipistrellus pipistrellus,0.019,0.022,-1,Echolocation,/mnt/ubna_data_02_mir/recover-20221013/UBNA_001/20221012_030000.WAV,Telephone Field,recover-20221013,001,1795
1788.1515,1788.1616,22031,28172,Nyctalus leisleri,0.009,0.023,-1,Echolocation,/mnt/ubna_data_02_mir/recover-20221013/UBNA_001/20221012_030000.WAV,Telephone Field,recover-20221013,001,1795
1788.1725,1788.1813,47812,51724,Pipistrellus pipistrellus,0.038,0.04,-1,Echolocation,/mnt/ubna_data_02_mir/recover-20221013/UBNA_001/20221012_030000.WAV,Telephone Field,recover-20221013,001,1795
1788.1725,1788.1826,27187,33855,Eptesicus serotinus,0.01,0.023,-1,Echolocation,/mnt/ubna_data_02_mir/recover-20221013/UBNA_001/20221012_030000.WAV,Telephone Field,recover-20221013,001,1795
1788.1835,1788.194,23750,28930,Nyctalus leisleri,0.012,0.024,-1,Echolocation,/mnt/ubna_data_02_mir/recover-20221013/UBNA_001/20221012_030000.WAV,Telephone Field,recover-20221013,001,1795
1788.2295,1788.2377,28906,37558,Eptesicus serotinus,0.02,0.046,-1,Echolocation,/mnt/ubna_data_02_mir/recover-20221013/UBNA_001/20221012_030000.WAV,Telephone Field,recover-20221013,001,1795
1788.2595,1788.3003,68437,82890,Rhinolophus ferrumequinum,0.028,0.028,-1,Echolocation,/mnt/ubna_data_02_mir/recover-20221013/UBNA_001/20221012_030000.WAV,Telephone Field,recover-20221013,001,1795
1788.3245,1788.3663,68437,82960,Rhinolophus ferrumequinum,0.024,0.024,-1,Echolocation,/mnt/ubna_data_02_mir/recover-20221013/UBNA_001/20221012_030000.WAV,Telephone Field,recover-20221013,001,1795
1788.3565,1788.3947,68437,81337,Rhinolophus ferrumequinum,0.022,0.022,-1,Echolocation,/mnt/ubna_data_02_mir/recover-20221013/UBNA_001/20221012_030000.WAV,Telephone Field,recover-20221013,001,1795
1788.3625,1788.4012,68437,82145,Rhinolophus ferrumequinum,0.023,0.023,-1,Echolocation,/mnt/ubna_data_02_mir/recover-20221013/UBNA_001/20221012_030000.WAV,Telephone Field,recover-20221013,001,1795
1788.4425,1788.4801,68437,81903,Rhinolophus ferrumequinum,0.022,0.022,-1,Echolocation,/mnt/ubna_data_02_mir/recover-20221013/UBNA_001/20221012_030000.WAV,Telephone Field,recover-20221013,001,1795
1788.4835,1788.4902,26328,41725,Eptesicus serotinus,0.006,0.023,-1,Echolocation,/mnt/ubna_data_02_mir/recover-20221013/UBNA_001/20221012_030000.WAV,Telephone Field,recover-20221013,001,1795
1788.5105,1788.5298,21171,24697,Nyctalus leisleri,0.038,0.072,-1,Echolocation,/mnt/ubna_data_02_mir/recover-20221013/UBNA_001/20221012_030000.WAV,Telephone Field,recover-20221013,001,1795
1788.5365,1788.546,28906,37073,Eptesicus serotinus,0.009,0.023,-1,Echolocation,/mnt/ubna_data_02_mir/recover-20221013/UBNA_001/20221012_030000.WAV,Telephone Field,recover-20221013,001,1795
1788.5575,1788.5663,44375,51909,Pipistrellus pipistrellus,0.019,0.021,-1,Echolocation,/mnt/ubna_data_02_mir/recover-20221013/UBNA_001/20221012_030000.WAV,Telephone Field,recover-20221013,001,1795
1788.5825,1788.5892,23750,33259,Plecotus austriacus,0.012,0.028,-1,Echolocation,/mnt/ubna_data_02_mir/recover-20221013/UBNA_001/20221012_030000.WAV,Telephone Field,recover-20221013,001,1795
1788.5895,1788.6314,68437,83755,Rhinolophus ferrumequinum,0.029,0.029,-1,Echolocation,/mnt/ubna_data_02_mir/recover-20221013/UBNA_001/20221012_030000.WAV,Telephone Field,recover-20221013,001,1795
1788.5915,1788.6005,14296,21006,Nyctalus noctula,0.009,0.023,-1,Echolocation,/mnt/ubna_data_02_mir/recover-20221013/UBNA_001/20221012_030000.WAV,Telephone Field,recover-20221013,001,1795
1788.6155,1788.6554,68437,81414,Rhinolophus ferrumequinum,0.024,0.024,-1,Echolocation,/mnt/ubna_data_02_mir/recover-20221013/UBNA_001/20221012_030000.WAV,Telephone Field,recover-20221013,001,1795
1788.6765,1788.6853,28046,37043,Eptesicus serotinus,0.008,0.023,-1,Echolocation,/mnt/ubna_data_02_mir/recover-20221013/UBNA_001/20221012_030000.WAV,Telephone Field,recover-20221013,001,1795
1788.6855,1788.695,46953,50824,Pipistrellus pipistrellus,0.042,0.046,-1,Echolocation,/mnt/ubna_data_02_mir/recover-20221013/UBNA_001/20221012_030000.WAV,Telephone Field,recover-20221013,001,1795
1788.7135,1788.7557,68437,82753,Rhinolophus ferrumequinum,0.022,0.022,-1,Echolocation,/mnt/ubna_data_02_mir/recover-20221013/UBNA_001/20221012_030000.WAV,Telephone Field,recover-20221013,001,1795
1788.7135,1788.7209,26328,38032,Eptesicus serotinus,0.005,0.021,-1,Echolocation,/mnt/ubna_data_02_mir/recover-20221013/UBNA_001/20221012_030000.WAV,Telephone Field,recover-20221013,001,1795
1788.7255,1788.7652,68437,82546,Rhinolophus ferrumequinum,0.022,0.022,-1,Echolocation,/mnt/ubna_data_02_mir/recover-20221013/UBNA_001/20221012_030000.WAV,Telephone Field,recover-20221013,001,1795
1788.7835,1788.8228,68437,82056,Rhinolophus ferrumequinum,0.024,0.024,-1,Echolocation,/mnt/ubna_data_02_mir/recover-20221013/UBNA_001/20221012_030000.WAV,Telephone Field,recover-20221013,001,1795
1788.8045,1788.8431,68437,81716,Rhinolophus ferrumequinum,0.022,0.022,-1,Echolocation,/mnt/ubna_data_02_mir/recover-20221013/UBNA_001/20221012_030000.WAV,Telephone Field,recover-20221013,001,1795
1788.8065,1788.8147,27187,39310,Eptesicus serotinus,0.009,0.024,-1,Echolocation,/mnt/ubna_data_02_mir/recover-20221013/UBNA_001/20221012_030000.WAV,Telephone Field,recover-20221013,001,1795
1788.8145,1788.8544,68437,81549,Rhinolophus ferrumequinum,0.021,0.021,-1,Echolocation,/mnt/ubna_data_02_mir/recover-20221013/UBNA_001/20221012_030000.WAV,Telephone Field,recover-20221013,001,1795
1788.8695,1788.8853,23750,28709,Nyctalus leisleri,0.033,0.06,-1,Echolocation,/mnt/ubna_data_02_mir/recover-20221013/UBNA_001/20221012_030000.WAV,Telephone Field,recover-20221013,001,1795
1788.9025,1788.9403,68437,81910,Rhinolophus ferrumequinum,0.022,0.022,-1,Echolocation,/mnt/ubna_data_02_mir/recover-20221013/UBNA_001/20221012_030000.WAV,Telephone Field,recover-20221013,001,1795
1788.9235,1788.962,68437,82281,Rhinolophus ferrumequinum,0.022,0.022,-1,Echolocation,/mnt/ubna_data_02_mir/recover-20221013/UBNA_001/20221012_030000.WAV,Telephone Field,recover-20221013,001,1795
1788.9315,1788.9734,68437,82161,Rhinolophus ferrumequinum,0.022,0.022,-1,Echolocation,/mnt/ubna_data_02_mir/recover-20221013/UBNA_001/20221012_030000.WAV,Telephone Field,recover-20221013,001,1795
1788.9465,1788.9544,28046,40051,Eptesicus serotinus,0.007,0.022,-1,Echolocation,/mnt/ubna_data_02_mir/recover-20221013/UBNA_001/20221012_030000.WAV,Telephone Field,recover-20221013,001,1795
1788.9585,1788.9648,46953,51287,Pipistrellus pipistrellus,0.024,0.025,-1,Echolocation,/mnt/ubna_data_02_mir/recover-20221013/UBNA_001/20221012_030000.WAV,Telephone Field,recover-20221013,001,1795
1788.9645,1788.9739,28906,38034,Eptesicus serotinus,0.011,0.032,-1,Echolocation,/mnt/ubna_data_02_mir/recover-20221013/UBNA_001/20221012_030000.WAV,Telephone Field,recover-20221013,001,1795
1788.9675,1789.0091,68437,82280,Rhinolophus ferrumequinum,0.023,0.023,-1,Echolocation,/mnt/ubna_data_02_mir/recover-20221013/UBNA_001/20221012_030000.WAV,Telephone Field,recover-20221013,001,1795
1788.9925,1789.0011,29765,37766,Eptesicus serotinus,0.008,0.023,-1,Echolocation,/mnt/ubna_data_02_mir/recover-20221013/UBNA_001/20221012_030000.WAV,Telephone Field,recover-20221013,001,1795
1788.9925,1789.0361,68437,83179,Rhinolophus ferrumequinum,0.025,0.026,-1,Echolocation,/mnt/ubna_data_02_mir/recover-20221013/UBNA_001/20221012_030000.WAV,Telephone Field,recover-20221013,001,1795
1789.0195,1789.0643,68437,83563,Rhinolophus ferrumequinum,0.031,0.031,-1,Echolocation,/mnt/ubna_data_02_mir/recover-20221013/UBNA_001/20221012_030000.WAV,Telephone Field,recover-20221013,001,1795
1789.0195,1789.0268,44375,50415,Pipistrellus pipistrellus,0.025,0.032,-1,Echolocation,/mnt/ubna_data_02_mir/recover-20221013/UBNA_001/20221012_030000.WAV,Telephone Field,recover-20221013,001,1795
1789.0415,1789.0491,45234,53291,Pipistrellus pipistrellus,0.022,0.025,-1,Echolocation,/mnt/ubna_data_02_mir/recover-20221013/UBNA_001/20221012_030000.WAV,Telephone Field,recover-20221013,001,1795
1789.0675,1789.0732,33203,46366,Myotis daubentonii,0.01,0.022,-1,Echolocation,/mnt/ubna_data_02_mir/recover-20221013/UBNA_001/20221012_030000.WAV,Telephone Field,recover-20221013,001,1795
1789.0675,1789.085,20312,23591,Nyctalus leisleri,0.016,0.028,-1,Echolocation,/mnt/ubna_data_02_mir/recover-20221013/UBNA_001/20221012_030000.WAV,Telephone Field,recover-20221013,001,1795
1789.0675,1789.0737,26328,41478,Eptesicus serotinus,0.005,0.025,-1,Echolocation,/mnt/ubna_data_02_mir/recover-20221013/UBNA_001/20221012_030000.WAV,Telephone Field,recover-20221013,001,1795
1789.0745,1789.1146,68437,82425,Rhinolophus ferrumequinum,0.043,0.043,-1,Echolocation,/mnt/ubna_data_02_mir/recover-20221013/UBNA_001/20221012_030000.WAV,Telephone Field,recover-20221013,001,1795
1789.0845,1789.121,68437,81411,Rhinolophus ferrumequinum,0.022,0.022,-1,Echolocation,/mnt/ubna_data_02_mir/recover-20221013/UBNA_001/20221012_030000.WAV,Telephone Field,recover-20221013,001,1795
1789.0955,1789.131,68437,81430,Rhinolophus ferrumequinum,0.022,0.022,-1,Echolocation,/mnt/ubna_data_02_mir/recover-20221013/UBNA_001/20221012_030000.WAV,Telephone Field,recover-20221013,001,1795
1789.1075,1789.1433,68437,81533,Rhinolophus ferrumequinum,0.023,0.023,-1,Echolocation,/mnt/ubna_data_02_mir/recover-20221013/UBNA_001/20221012_030000.WAV,Telephone Field,recover-20221013,001,1795
1789.1175,1789.155,68437,81497,Rhinolophus ferrumequinum,0.021,0.021,-1,Echolocation,/mnt/ubna_data_02_mir/recover-20221013/UBNA_001/20221012_030000.WAV,Telephone Field,recover-20221013,001,1795
1789.1225,1789.1598,68437,81362,Rhinolophus ferrumequinum,0.023,0.023,-1,Echolocation,/mnt/ubna_data_02_mir/recover-20221013/UBNA_001/20221012_030000.WAV,Telephone Field,recover-20221013,001,1795
1789.1285,1789.1694,68437,82385,Rhinolophus ferrumequinum,0.023,0.023,-1,Echolocation,/mnt/ubna_data_02_mir/recover-20221013/UBNA_001/20221012_030000.WAV,Telephone Field,recover-20221013,001,1795
1789.1595,1789.171,22890,27901,Nyctalus leisleri,0.013,0.026,-1,Echolocation,/mnt/ubna_data_02_mir/recover-20221013/UBNA_001/20221012_030000.WAV,Telephone Field,recover-20221013,001,1795
1789.1995,1789.2082,57265,61870,Pipistrellus pygmaeus,0.021,0.021,-1,Echolocation,/mnt/ubna_data_02_mir/recover-20221013/UBNA_001/20221012_030000.WAV,Telephone Field,recover-20221013,001,1795
1789.2605,1789.2769,14296,18371,Nyctalus noctula,0.018,0.028,-1,Echolocation,/mnt/ubna_data_02_mir/recover-20221013/UBNA_001/20221012_030000.WAV,Telephone Field,recover-20221013,001,1795
1789.2805,1789.317,68437,81684,Rhinolophus ferrumequinum,0.022,0.022,-1,Echolocation,/mnt/ubna_data_02_mir/recover-20221013/UBNA_001/20221012_030000.WAV,Telephone Field,recover-20221013,001,1795
1789.2885,1789.297,24609,32671,Plecotus austriacus,0.007,0.023,-1,Echolocation,/mnt/ubna_data_02_mir/recover-20221013/UBNA_001/20221012_030000.WAV,Telephone Field,recover-20221013,001,1795
1789.3155,1789.3561,68437,82271,Rhinolophus ferrumequinum,0.027,0.027,-1,Echolocation,/mnt/ubna_data_02_mir/recover-20221013/UBNA_001/20221012_030000.WAV,Telephone Field,recover-20221013,001,1795
1789.3255,1789.3648,68437,81772,Rhinolophus ferrumequinum,0.022,0.022,-1,Echolocation,/mnt/ubna_data_02_mir/recover-20221013/UBNA_001/20221012_030000.WAV,Telephone Field,recover-20221013,001,1795
1789.3575,1789.3692,22890,27859,Nyctalus leisleri,0.013,0.027,-1,Echolocation,/mnt/ubna_data_02_mir/recover-20221013/UBNA_001/20221012_030000.WAV,Telephone Field,recover-20221013,001,1795
1789.3755,1789.4112,68437,81214,Rhinolophus ferrumequinum,0.022,0.022,-1,Echolocation,/mnt/ubna_data_02_mir/recover-20221013/UBNA_001/20221012_030000.WAV,Telephone Field,recover-20221013,001,1795
1789.4165,1789.4531,68437,81542,Rhinolophus ferrumequinum,0.025,0.025,-1,Echolocation,/mnt/ubna_data_02_mir/recover-20221013/UBNA_001/20221012_030000.WAV,Telephone Field,recover-20221013,001,1795
1789.4315,1789.472,68437,82563,Rhinolophus ferrumequinum,0.022,0.022,-1,Echolocation,/mnt/ubna_data_02_mir/recover-20221013/UBNA_001/20221012_030000.WAV,Telephone Field,recover-20221013,001,1795
1789.4385,1789.4769000000001,68437,82380,Rhinolophus ferrumequinum,0.021,0.021,-1,Echolocation,/mnt/ubna_data_02_mir/recover-20221013/UBNA_001/20221012_030000.WAV,Telephone Field,recover-20221013,001,1795
1789.4515,1789.4882,68437,81845,Rhinolophus ferrumequinum,0.024,0.024,-1,Echolocation,/mnt/ubna_data_02_mir/recover-20221013/UBNA_001/20221012_030000.WAV,Telephone Field,recover-20221013,001,1795
1789.4915,1789.5031,22031,26874,Nyctalus leisleri,0.011,0.024,-1,Echolocation,/mnt/ubna_data_02_mir/recover-20221013/UBNA_001/20221012_030000.WAV,Telephone Field,recover-20221013,001,1795
1789.4915,1789.5299,68437,81867,Rhinolophus ferrumequinum,0.026,0.026,-1,Echolocation,/mnt/ubna_data_02_mir/recover-20221013/UBNA_001/20221012_030000.WAV,Telephone Field,recover-20221013,001,1795
1789.4935,1789.5013,28046,40089,Eptesicus serotinus,0.007,0.022,-1,Echolocation,/mnt/ubna_data_02_mir/recover-20221013/UBNA_001/20221012_030000.WAV,Telephone Field,recover-20221013,001,1795
1789.4995,1789.5079,28046,38128,Eptesicus serotinus,0.007,0.022,-1,Echolocation,/mnt/ubna_data_02_mir/recover-20221013/UBNA_001/20221012_030000.WAV,Telephone Field,recover-20221013,001,1795
1789.5165,1789.5536,68437,81623,Rhinolophus ferrumequinum,0.021,0.021,-1,Echolocation,/mnt/ubna_data_02_mir/recover-20221013/UBNA_001/20221012_030000.WAV,Telephone Field,recover-20221013,001,1795
1789.5225,1789.5617,68437,81605,Rhinolophus ferrumequinum,0.022,0.022,-1,Echolocation,/mnt/ubna_data_02_mir/recover-20221013/UBNA_001/20221012_030000.WAV,Telephone Field,recover-20221013,001,1795
1789.5355,1789.5764,68437,82765,Rhinolophus ferrumequinum,0.026,0.026,-1,Echolocation,/mnt/ubna_data_02_mir/recover-20221013/UBNA_001/20221012_030000.WAV,Telephone Field,recover-20221013,001,1795
1789.5385,1789.5463,23750,31756,Plecotus austriacus,0.009,0.022,-1,Echolocation,/mnt/ubna_data_02_mir/recover-20221013/UBNA_001/20221012_030000.WAV,Telephone Field,recover-20221013,001,1795
1789.5805,1789.5894,28906,37120,Eptesicus serotinus,0.008,0.022,-1,Echolocation,/mnt/ubna_data_02_mir/recover-20221013/UBNA_001/20221012_030000.WAV,Telephone Field,recover-20221013,001,1795
1789.5845,1789.619,68437,81196,Rhinolophus ferrumequinum,0.023,0.023,-1,Echolocation,/mnt/ubna_data_02_mir/recover-20221013/UBNA_001/20221012_030000.WAV,Telephone Field,recover-20221013,001,1795
1789.5935,1789.6044,43515,48305,Pipistrellus pipistrellus,0.019,0.024,-1,Echolocation,/mnt/ubna_data_02_mir/recover-20221013/UBNA_001/20221012_030000.WAV,Telephone Field,recover-20221013,001,1795
1789.5945,1789.6294,68437,79973,Rhinolophus ferrumequinum,0.021,0.021,-1,Echolocation,/mnt/ubna_data_02_mir/recover-20221013/UBNA_001/20221012_030000.WAV,Telephone Field,recover-20221013,001,1795
1789.6175,1789.6245,23750,32619,Plecotus austriacus,0.01,0.023,-1,Echolocation,/mnt/ubna_data_02_mir/recover-20221013/UBNA_001/20221012_030000.WAV,Telephone Field,recover-20221013,001,1795
1789.6255,1789.6645,68437,81613,Rhinolophus ferrumequinum,0.022,0.022,-1,Echolocation,/mnt/ubna_data_02_mir/recover-20221013/UBNA_001/20221012_030000.WAV,Telephone Field,recover-20221013,001,1795
1789.6755,1789.7114,68437,81206,Rhinolophus ferrumequinum,0.022,0.022,-1,Echolocation,/mnt/ubna_data_02_mir/recover-20221013/UBNA_001/20221012_030000.WAV,Telephone Field,recover-20221013,001,1795
1789.6825,1789.6905,23750,31676,Plecotus austriacus,0.015,0.032,-1,Echolocation,/mnt/ubna_data_02_mir/recover-20221013/UBNA_001/20221012_030000.WAV,Telephone Field,recover-20221013,001,1795
1789.7165,1789.756,68437,81521,Rhinolophus ferrumequinum,0.028,0.028,-1,Echolocation,/mnt/ubna_data_02_mir/recover-20221013/UBNA_001/20221012_030000.WAV,Telephone Field,recover-20221013,001,1795
1789.7625,1789.7701,28046,40707,Eptesicus serotinus,0.007,0.022,-1,Echolocation,/mnt/ubna_data_02_mir/recover-20221013/UBNA_001/20221012_030000.WAV,Telephone Field,recover-20221013,001,1795
1789.7925,1789.8026,22031,27407,Nyctalus leisleri,0.009,0.023,-1,Echolocation,/mnt/ubna_data_02_mir/recover-20221013/UBNA_001/20221012_030000.WAV,Telephone Field,recover-20221013,001,1795
1789.8105,1789.8173,29765,44600,Myotis daubentonii,0.008,0.023,-1,Echolocation,/mnt/ubna_data_02_mir/recover-20221013/UBNA_001/20221012_030000.WAV,Telephone Field,recover-20221013,001,1795
1789.8395,1789.8785,68437,81740,Rhinolophus ferrumequinum,0.022,0.022,-1,Echolocation,/mnt/ubna_data_02_mir/recover-20221013/UBNA_001/20221012_030000.WAV,Telephone Field,recover-20221013,001,1795
1789.8815,1789.8881,28046,37971,Eptesicus serotinus,0.006,0.024,-1,Echolocation,/mnt/ubna_data_02_mir/recover-20221013/UBNA_001/20221012_030000.WAV,Telephone Field,recover-20221013,001,1795
1789.9085,1789.9485,68437,82810,Rhinolophus ferrumequinum,0.022,0.022,-1,Echolocation,/mnt/ubna_data_02_mir/recover-20221013/UBNA_001/20221012_030000.WAV,Telephone Field,recover-20221013,001,1795
1789.9155,1789.955,68437,82753,Rhinolophus ferrumequinum,0.022,0.022,-1,Echolocation,/mnt/ubna_data_02_mir/recover-20221013/UBNA_001/20221012_030000.WAV,Telephone Field,recover-20221013,001,1795
1789.9415,1789.9497,28906,38138,Eptesicus serotinus,0.008,0.026,-1,Echolocation,/mnt/ubna_data_02_mir/recover-20221013/UBNA_001/20221012_030000.WAV,Telephone Field,recover-20221013,001,1795
1789.9665,1789.9737,27187,39059,Eptesicus serotinus,0.006,0.021,-1,Echolocation,/mnt/ubna_data_02_mir/recover-20221013/UBNA_001/20221012_030000.WAV,Telephone Field,recover-20221013,001,1795
1789.9825,1789.9929,22031,27414,Nyctalus leisleri,0.01,0.023,-1,Echolocation,/mnt/ubna_data_02_mir/recover-20221013/UBNA_001/20221012_030000.WAV,Telephone Field,recover-20221013,001,1795
1790.0015,1790.0313,69296,81308,Rhinolophus ferrumequinum,0.049,0.049,-1,Echolocation,/mnt/ubna_data_02_mir/recover-20221013/UBNA_001/20221012_030000.WAV,Telephone Field,recover-20221013,001,1795
1790.0015,1790.0133,18593,22741,Nyctalus leisleri,0.012,0.024,-1,Echolocation,/mnt/ubna_data_02_mir/recover-20221013/UBNA_001/20221012_030000.WAV,Telephone Field,recover-20221013,001,1795
1790.0015,1790.01,26328,36265,Eptesicus serotinus,0.006,0.023,-1,Echolocation,/mnt/ubna_data_02_mir/recover-20221013/UBNA_001/20221012_030000.WAV,Telephone Field,recover-20221013,001,1795
1790.0225,1790.0309,28906,39747,Eptesicus serotinus,0.008,0.021,-1,Echolocation,/mnt/ubna_data_02_mir/recover-20221013/UBNA_001/20221012_030000.WAV,Telephone Field,recover-20221013,001,1795
1790.0685,1790.1071,68437,82237,Rhinolophus ferrumequinum,0.024,0.024,-1,Echolocation,/mnt/ubna_data_02_mir/recover-20221013/UBNA_001/20221012_030000.WAV,Telephone Field,recover-20221013,001,1795
1790.0785,1790.0852,24609,38832,Plecotus austriacus,0.006,0.022,-1,Echolocation,/mnt/ubna_data_02_mir/recover-20221013/UBNA_001/20221012_030000.WAV,Telephone Field,recover-20221013,001,1795
1790.1005,1790.146,68437,83457,Rhinolophus ferrumequinum,0.057,0.057,-1,Echolocation,/mnt/ubna_data_02_mir/recover-20221013/UBNA_001/20221012_030000.WAV,Telephone Field,recover-20221013,001,1795
1790.1255,1790.1656,68437,82797,Rhinolophus ferrumequinum,0.024,0.024,-1,Echolocation,/mnt/ubna_data_02_mir/recover-20221013/UBNA_001/20221012_030000.WAV,Telephone Field,recover-20221013,001,1795
1790.1575,1790.2006,68437,83096,Rhinolophus ferrumequinum,0.04,0.04,-1,Echolocation,/mnt/ubna_data_02_mir/recover-20221013/UBNA_001/20221012_030000.WAV,Telephone Field,recover-20221013,001,1795
1790.2025,1790.2226,65000,74372,Pipistrellus pygmaeus,0.03,0.031,-1,Echolocation,/mnt/ubna_data_02_mir/recover-20221013/UBNA_001/20221012_030000.WAV,Telephone Field,recover-20221013,001,1795
1790.2075,1790.2153,28046,38319,Eptesicus serotinus,0.007,0.022,-1,Echolocation,/mnt/ubna_data_02_mir/recover-20221013/UBNA_001/20221012_030000.WAV,Telephone Field,recover-20221013,001,1795
1790.2135,1790.2483,68437,81686,Rhinolophus ferrumequinum,0.022,0.022,-1,Echolocation,/mnt/ubna_data_02_mir/recover-20221013/UBNA_001/20221012_030000.WAV,Telephone Field,recover-20221013,001,1795
1790.2675,1790.2757,23750,33679,Plecotus austriacus,0.009,0.024,-1,Echolocation,/mnt/ubna_data_02_mir/recover-20221013/UBNA_001/20221012_030000.WAV,Telephone Field,recover-20221013,001,1795
1790.3145,1790.3574,68437,83049,Rhinolophus ferrumequinum,0.069,0.069,-1,Echolocation,/mnt/ubna_data_02_mir/recover-20221013/UBNA_001/20221012_030000.WAV,Telephone Field,recover-20221013,001,1795
1790.3235,1790.333,28906,37678,Eptesicus serotinus,0.013,0.028,-1,Echolocation,/mnt/ubna_data_02_mir/recover-20221013/UBNA_001/20221012_030000.WAV,Telephone Field,recover-20221013,001,1795
1790.3375,1790.3776,68437,82474,Rhinolophus ferrumequinum,0.025,0.025,-1,Echolocation,/mnt/ubna_data_02_mir/recover-20221013/UBNA_001/20221012_030000.WAV,Telephone Field,recover-20221013,001,1795
1790.3535,1790.39,68437,81340,Rhinolophus ferrumequinum,0.021,0.021,-1,Echolocation,/mnt/ubna_data_02_mir/recover-20221013/UBNA_001/20221012_030000.WAV,Telephone Field,recover-20221013,001,1795
1790.3705,1790.3803,24609,30829,Nyctalus leisleri,0.008,0.022,-1,Echolocation,/mnt/ubna_data_02_mir/recover-20221013/UBNA_001/20221012_030000.WAV,Telephone Field,recover-20221013,001,1795
1790.3815,1790.3935,28906,35425,Eptesicus serotinus,0.014,0.027,-1,Echolocation,/mnt/ubna_data_02_mir/recover-20221013/UBNA_001/20221012_030000.WAV,Telephone Field,recover-20221013,001,1795
1790.4395,1790.482,68437,82780,Rhinolophus ferrumequinum,0.021,0.021,-1,Echolocation,/mnt/ubna_data_02_mir/recover-20221013/UBNA_001/20221012_030000.WAV,Telephone Field,recover-20221013,001,1795
1790.4555,1790.4657,22890,28432,Nyctalus leisleri,0.009,0.022,-1,Echolocation,/mnt/ubna_data_02_mir/recover-20221013/UBNA_001/20221012_030000.WAV,Telephone Field,recover-20221013,001,1795
1790.4725,1790.4852,22031,25705,Nyctalus leisleri,0.013,0.022,-1,Echolocation,/mnt/ubna_data_02_mir/recover-20221013/UBNA_001/20221012_030000.WAV,Telephone Field,recover-20221013,001,1795
1790.4785,1790.5191,68437,82754,Rhinolophus ferrumequinum,0.03,0.03,-1,Echolocation,/mnt/ubna_data_02_mir/recover-20221013/UBNA_001/20221012_030000.WAV,Telephone Field,recover-20221013,001,1795
1790.5075,1790.5459,68437,82483,Rhinolophus ferrumequinum,0.021,0.021,-1,Echolocation,/mnt/ubna_data_02_mir/recover-20221013/UBNA_001/20221012_030000.WAV,Telephone Field,recover-20221013,001,1795
1790.5235,1790.5618,68437,82085,Rhinolophus ferrumequinum,0.021,0.021,-1,Echolocation,/mnt/ubna_data_02_mir/recover-20221013/UBNA_001/20221012_030000.WAV,Telephone Field,recover-20221013,001,1795
1790.5375,1790.5788,68437,82725,Rhinolophus ferrumequinum,0.024,0.024,-1,Echolocation,/mnt/ubna_data_02_mir/recover-20221013/UBNA_001/20221012_030000.WAV,Telephone Field,recover-20221013,001,1795
1790.5485,1790.5923,68437,83640,Rhinolophus ferrumequinum,0.025,0.025,-1,Echolocation,/mnt/ubna_data_02_mir/recover-20221013/UBNA_001/20221012_030000.WAV,Telephone Field,recover-20221013,001,1795
1790.5855,1790.5934,28046,40442,Eptesicus serotinus,0.007,0.022,-1,Echolocation,/mnt/ubna_data_02_mir/recover-20221013/UBNA_001/20221012_030000.WAV,Telephone Field,recover-20221013,001,1795
1790.6025,1790.6421,68437,82026,Rhinolophus ferrumequinum,0.026,0.026,-1,Echolocation,/mnt/ubna_data_02_mir/recover-20221013/UBNA_001/20221012_030000.WAV,Telephone Field,recover-20221013,001,1795
1790.6035,1790.6138,22031,26478,Nyctalus leisleri,0.011,0.021,-1,Echolocation,/mnt/ubna_data_02_mir/recover-20221013/UBNA_001/20221012_030000.WAV,Telephone Field,recover-20221013,001,1795
1790.6085,1790.6166,44375,51321,Pipistrellus pipistrellus,0.019,0.023,-1,Echolocation,/mnt/ubna_data_02_mir/recover-20221013/UBNA_001/20221012_030000.WAV,Telephone Field,recover-20221013,001,1795
1790.6225,1790.6556,68437,80575,Rhinolophus ferrumequinum,0.023,0.023,-1,Echolocation,/mnt/ubna_data_02_mir/recover-20221013/UBNA_001/20221012_030000.WAV,Telephone Field,recover-20221013,001,1795
1790.6375,1790.6762,68437,82199,Rhinolophus ferrumequinum,0.021,0.021,-1,Echolocation,/mnt/ubna_data_02_mir/recover-20221013/UBNA_001/20221012_030000.WAV,Telephone Field,recover-20221013,001,1795
1790.6505,1790.6914,68437,82557,Rhinolophus ferrumequinum,0.022,0.022,-1,Echolocation,/mnt/ubna_data_02_mir/recover-20221013/UBNA_001/20221012_030000.WAV,Telephone Field,recover-20221013,001,1795
1790.6575,1790.6685,50390,55349,Pipistrellus pipistrellus,0.031,0.036,-1,Echolocation,/mnt/ubna_data_02_mir/recover-20221013/UBNA_001/20221012_030000.WAV,Telephone Field,recover-20221013,001,1795
1790.6615,1790.7008,68437,82097,Rhinolophus ferrumequinum,0.021,0.021,-1,Echolocation,/mnt/ubna_data_02_mir/recover-20221013/UBNA_001/20221012_030000.WAV,Telephone Field,recover-20221013,001,1795
1790.6665,1790.705,68437,81885,Rhinolophus ferrumequinum,0.021,0.021,-1,Echolocation,/mnt/ubna_data_02_mir/recover-20221013/UBNA_001/20221012_030000.WAV,Telephone Field,recover-20221013,001,1795
1790.6855,1790.7231,68437,82086,Rhinolophus ferrumequinum,0.023,0.023,-1,Echolocation,/mnt/ubna_data_02_mir/recover-20221013/UBNA_001/20221012_030000.WAV,Telephone Field,recover-20221013,001,1795
1790.7335,1790.7701,68437,81041,Rhinolophus ferrumequinum,0.021,0.021,-1,Echolocation,/mnt/ubna_data_02_mir/recover-20221013/UBNA_001/20221012_030000.WAV,Telephone Field,recover-20221013,001,1795
1790.7635,1790.8038999999999,68437,81698,Rhinolophus ferrumequinum,0.024,0.024,-1,Echolocation,/mnt/ubna_data_02_mir/recover-20221013/UBNA_001/20221012_030000.WAV,Telephone Field,recover-20221013,001,1795
1790.7975,1790.8317,68437,81535,Rhinolophus ferrumequinum,0.021,0.021,-1,Echolocation,/mnt/ubna_data_02_mir/recover-20221013/UBNA_001/20221012_030000.WAV,Telephone Field,recover-20221013,001,1795
1790.8185,1790.8544,68437,81595,Rhinolophus ferrumequinum,0.021,0.021,-1,Echolocation,/mnt/ubna_data_02_mir/recover-20221013/UBNA_001/20221012_030000.WAV,Telephone Field,recover-20221013,001,1795
1790.8275,1790.8656,68437,81253,Rhinolophus ferrumequinum,0.021,0.021,-1,Echolocation,/mnt/ubna_data_02_mir/recover-20221013/UBNA_001/20221012_030000.WAV,Telephone Field,recover-20221013,001,1795
1790.8495,1790.8911,68437,82889,Rhinolophus ferrumequinum,0.027,0.027,-1,Echolocation,/mnt/ubna_data_02_mir/recover-20221013/UBNA_001/20221012_030000.WAV,Telephone Field,recover-20221013,001,1795
1790.8835,1790.9227,68437,82294,Rhinolophus ferrumequinum,0.024,0.024,-1,Echolocation,/mnt/ubna_data_02_mir/recover-20221013/UBNA_001/20221012_030000.WAV,Telephone Field,recover-20221013,001,1795
1790.8945,1790.9292,68437,80992,Rhinolophus ferrumequinum,0.023,0.023,-1,Echolocation,/mnt/ubna_data_02_mir/recover-20221013/UBNA_001/20221012_030000.WAV,Telephone Field,recover-20221013,001,1795
1790.9135,1790.9502,68437,81262,Rhinolophus ferrumequinum,0.023,0.023,-1,Echolocation,/mnt/ubna_data_02_mir/recover-20221013/UBNA_001/20221012_030000.WAV,Telephone Field,recover-20221013,001,1795
1790.9185,1790.9269,28046,40518,Eptesicus serotinus,0.01,0.027,-1,Echolocation,/mnt/ubna_data_02_mir/recover-20221013/UBNA_001/20221012_030000.WAV,Telephone Field,recover-20221013,001,1795
1790.9615,1790.9743,23750,28996,Nyctalus leisleri,0.012,0.027,-1,Echolocation,/mnt/ubna_data_02_mir/recover-20221013/UBNA_001/20221012_030000.WAV,Telephone Field,recover-20221013,001,1795
1790.9635,1791.005,68437,82768,Rhinolophus ferrumequinum,0.033,0.033,-1,Echolocation,/mnt/ubna_data_02_mir/recover-20221013/UBNA_001/20221012_030000.WAV,Telephone Field,recover-20221013,001,1795
1790.9765,1790.9849,23750,31986,Plecotus austriacus,0.008,0.023,-1,Echolocation,/mnt/ubna_data_02_mir/recover-20221013/UBNA_001/20221012_030000.WAV,Telephone Field,recover-20221013,001,1795
1791.0245,1791.0613,68437,81650,Rhinolophus ferrumequinum,0.022,0.022,-1,Echolocation,/mnt/ubna_data_02_mir/recover-20221013/UBNA_001/20221012_030000.WAV,Telephone Field,recover-20221013,001,1795
1791.0335,1791.0692,68437,81135,Rhinolophus ferrumequinum,0.021,0.021,-1,Echolocation,/mnt/ubna_data_02_mir/recover-20221013/UBNA_001/20221012_030000.WAV,Telephone Field,recover-20221013,001,1795
1791.0635,1791.0992,68437,81576,Rhinolophus ferrumequinum,0.021,0.021,-1,Echolocation,/mnt/ubna_data_02_mir/recover-20221013/UBNA_001/20221012_030000.WAV,Telephone Field,recover-20221013,001,1795
1791.0865,1791.1307,68437,83950,Rhinolophus ferrumequinum,0.034,0.034,-1,Echolocation,/mnt/ubna_data_02_mir/recover-20221013/UBNA_001/20221012_030000.WAV,Telephone Field,recover-20221013,001,1795
1791.1005,1791.1404,68437,83110,Rhinolophus ferrumequinum,0.023,0.023,-1,Echolocation,/mnt/ubna_data_02_mir/recover-20221013/UBNA_001/20221012_030000.WAV,Telephone Field,recover-20221013,001,1795
1791.1085,1791.1497,68437,83026,Rhinolophus ferrumequinum,0.024,0.024,-1,Echolocation,/mnt/ubna_data_02_mir/recover-20221013/UBNA_001/20221012_030000.WAV,Telephone Field,recover-20221013,001,1795
1791.1235,1791.1613,68437,82177,Rhinolophus ferrumequinum,0.021,0.021,-1,Echolocation,/mnt/ubna_data_02_mir/recover-20221013/UBNA_001/20221012_030000.WAV,Telephone Field,recover-20221013,001,1795
1791.1545,1791.1924,68437,81765,Rhinolophus ferrumequinum,0.024,0.025,-1,Echolocation,/mnt/ubna_data_02_mir/recover-20221013/UBNA_001/20221012_030000.WAV,Telephone Field,recover-20221013,001,1795
1791.1865,1791.2218,68437,80790,Rhinolophus ferrumequinum,0.021,0.021,-1,Echolocation,/mnt/ubna_data_02_mir/recover-20221013/UBNA_001/20221012_030000.WAV,Telephone Field,recover-20221013,001,1795
1791.2045,1791.2411,68437,81281,Rhinolophus ferrumequinum,0.023,0.023,-1,Echolocation,/mnt/ubna_data_02_mir/recover-20221013/UBNA_001/20221012_030000.WAV,Telephone Field,recover-20221013,001,1795
1791.2275,1791.2676,68437,82336,Rhinolophus ferrumequinum,0.022,0.022,-1,Echolocation,/mnt/ubna_data_02_mir/recover-20221013/UBNA_001/20221012_030000.WAV,Telephone Field,recover-20221013,001,1795
1791.2665,1791.3038999999999,68437,81900,Rhinolophus ferrumequinum,0.023,0.023,-1,Echolocation,/mnt/ubna_data_02_mir/recover-20221013/UBNA_001/20221012_030000.WAV,Telephone Field,recover-20221013,001,1795
1791.2755,1791.2866,22890,27750,Nyctalus leisleri,0.015,0.029,-1,Echolocation,/mnt/ubna_data_02_mir/recover-20221013/UBNA_001/20221012_030000.WAV,Telephone Field,recover-20221013,001,1795
1791.2865,1791.3285,68437,82267,Rhinolophus ferrumequinum,0.028,0.028,-1,Echolocation,/mnt/ubna_data_02_mir/recover-20221013/UBNA_001/20221012_030000.WAV,Telephone Field,recover-20221013,001,1795
1791.3065,1791.3415,68437,81566,Rhinolophus ferrumequinum,0.021,0.021,-1,Echolocation,/mnt/ubna_data_02_mir/recover-20221013/UBNA_001/20221012_030000.WAV,Telephone Field,recover-20221013,001,1795
1791.3075,1791.3142,28046,44231,Eptesicus serotinus,0.006,0.023,-1,Echolocation,/mnt/ubna_data_02_mir/recover-20221013/UBNA_001/20221012_030000.WAV,Telephone Field,recover-20221013,001,1795
1791.3075,1791.313,34921,45918,Myotis daubentonii,0.01,0.034,-1,Echolocation,/mnt/ubna_data_02_mir/recover-20221013/UBNA_001/20221012_030000.WAV,Telephone Field,recover-20221013,001,1795
1791.3225,1791.3615,68437,82242,Rhinolophus ferrumequinum,0.026,0.026,-1,Echolocation,/mnt/ubna_data_02_mir/recover-20221013/UBNA_001/20221012_030000.WAV,Telephone Field,recover-20221013,001,1795
1791.3425,1791.3843,68437,83025,Rhinolophus ferrumequinum,0.026,0.026,-1,Echolocation,/mnt/ubna_data_02_mir/recover-20221013/UBNA_001/20221012_030000.WAV,Telephone Field,recover-20221013,001,1795
1791.3585,1791.3965,68437,82507,Rhinolophus ferrumequinum,0.022,0.022,-1,Echolocation,/mnt/ubna_data_02_mir/recover-20221013/UBNA_001/20221012_030000.WAV,Telephone Field,recover-20221013,001,1795
1791.3695,1791.4061,68437,81726,Rhinolophus ferrumequinum,0.021,0.021,-1,Echolocation,/mnt/ubna_data_02_mir/recover-20221013/UBNA_001/20221012_030000.WAV,Telephone Field,recover-20221013,001,1795
1791.3875,1791.3941,35781,43303,Myotis daubentonii,0.008,0.021,-1,Echolocation,/mnt/ubna_data_02_mir/recover-20221013/UBNA_001/20221012_030000.WAV,Telephone Field,recover-20221013,001,1795
1791.4475,1791.4915,68437,83686,Rhinolophus ferrumequinum,0.055,0.055,-1,Echolocation,/mnt/ubna_data_02_mir/recover-20221013/UBNA_001/20221012_030000.WAV,Telephone Field,recover-20221013,001,1795
1791.4485,1791.4586,22031,27074,Nyctalus leisleri,0.009,0.022,-1,Echolocation,/mnt/ubna_data_02_mir/recover-20221013/UBNA_001/20221012_030000.WAV,Telephone Field,recover-20221013,001,1795
1791.4795,1791.5178,68437,82565,Rhinolophus ferrumequinum,0.026,0.026,-1,Echolocation,/mnt/ubna_data_02_mir/recover-20221013/UBNA_001/20221012_030000.WAV,Telephone Field,recover-20221013,001,1795
1791.5055,1791.5434,68437,81537,Rhinolophus ferrumequinum,0.021,0.021,-1,Echolocation,/mnt/ubna_data_02_mir/recover-20221013/UBNA_001/20221012_030000.WAV,Telephone Field,recover-20221013,001,1795
1791.5285,1791.5393,23750,29620,Nyctalus leisleri,0.012,0.026,-1,Echolocation,/mnt/ubna_data_02_mir/recover-20221013/UBNA_001/20221012_030000.WAV,Telephone Field,recover-20221013,001,1795
1791.5435,1791.5823,68437,82594,Rhinolophus ferrumequinum,0.022,0.022,-1,Echolocation,/mnt/ubna_data_02_mir/recover-20221013/UBNA_001/20221012_030000.WAV,Telephone Field,recover-20221013,001,1795
1791.5675,1791.6072,68437,82330,Rhinolophus ferrumequinum,0.026,0.026,-1,Echolocation,/mnt/ubna_data_02_mir/recover-20221013/UBNA_001/20221012_030000.WAV,Telephone Field,recover-20221013,001,1795
1791.5755,1791.6155,68437,82377,Rhinolophus ferrumequinum,0.024,0.024,-1,Echolocation,/mnt/ubna_data_02_mir/recover-20221013/UBNA_001/20221012_030000.WAV,Telephone Field,recover-20221013,001,1795
1791.5985,1791.6047,46093,51701,Pipistrellus pipistrellus,0.02,0.022,-1,Echolocation,/mnt/ubna_data_02_mir/recover-20221013/UBNA_001/20221012_030000.WAV,Telephone Field,recover-20221013,001,1795
1791.6065,1791.6172,29765,37326,Eptesicus serotinus,0.01,0.022,-1,Echolocation,/mnt/ubna_data_02_mir/recover-20221013/UBNA_001/20221012_030000.WAV,Telephone Field,recover-20221013,001,1795
1791.6315,1791.6691,68437,81543,Rhinolophus ferrumequinum,0.022,0.022,-1,Echolocation,/mnt/ubna_data_02_mir/recover-20221013/UBNA_001/20221012_030000.WAV,Telephone Field,recover-20221013,001,1795
1791.6495,1791.6894,68437,82460,Rhinolophus ferrumequinum,0.033,0.033,-1,Echolocation,/mnt/ubna_data_02_mir/recover-20221013/UBNA_001/20221012_030000.WAV,Telephone Field,recover-20221013,001,1795
1791.6585,1791.6996,68437,82384,Rhinolophus ferrumequinum,0.025,0.025,-1,Echolocation,/mnt/ubna_data_02_mir/recover-20221013/UBNA_001/20221012_030000.WAV,Telephone Field,recover-20221013,001,1795
1791.7115,1791.7495,68437,81802,Rhinolophus ferrumequinum,0.024,0.024,-1,Echolocation,/mnt/ubna_data_02_mir/recover-20221013/UBNA_001/20221012_030000.WAV,Telephone Field,recover-20221013,001,1795
1791.7405,1791.7505,29765,36878,Eptesicus serotinus,0.01,0.022,-1,Echolocation,/mnt/ubna_data_02_mir/recover-20221013/UBNA_001/20221012_030000.WAV,Telephone Field,recover-20221013,001,1795
1791.7765,1791.817,68437,82438,Rhinolophus ferrumequinum,0.025,0.025,-1,Echolocation,/mnt/ubna_data_02_mir/recover-20221013/UBNA_001/20221012_030000.WAV,Telephone Field,recover-20221013,001,1795
1791.8205,1791.858,68437,82128,Rhinolophus ferrumequinum,0.021,0.021,-1,Echolocation,/mnt/ubna_data_02_mir/recover-20221013/UBNA_001/20221012_030000.WAV,Telephone Field,recover-20221013,001,1795
1791.8795,1791.8895,25468,32195,Eptesicus serotinus,0.009,0.022,-1,Echolocation,/mnt/ubna_data_02_mir/recover-20221013/UBNA_001/20221012_030000.WAV,Telephone Field,recover-20221013,001,1795
1791.8845,1791.9267,68437,82632,Rhinolophus ferrumequinum,0.034,0.034,-1,Echolocation,/mnt/ubna_data_02_mir/recover-20221013/UBNA_001/20221012_030000.WAV,Telephone Field,recover-20221013,001,1795
1791.9085,1791.9492,68437,82553,Rhinolophus ferrumequinum,0.025,0.025,-1,Echolocation,/mnt/ubna_data_02_mir/recover-20221013/UBNA_001/20221012_030000.WAV,Telephone Field,recover-20221013,001,1795
1791.9105,1791.9186,27187,36569,Eptesicus serotinus,0.015,0.035,-1,Echolocation,/mnt/ubna_data_02_mir/recover-20221013/UBNA_001/20221012_030000.WAV,Telephone Field,recover-20221013,001,1795
1791.9255,1791.9629,68437,82034,Rhinolophus ferrumequinum,0.022,0.022,-1,Echolocation,/mnt/ubna_data_02_mir/recover-20221013/UBNA_001/20221012_030000.WAV,Telephone Field,recover-20221013,001,1795
1791.9825,1791.9931,22890,29118,Nyctalus leisleri,0.008,0.021,-1,Echolocation,/mnt/ubna_data_02_mir/recover-20221013/UBNA_001/20221012_030000.WAV,Telephone Field,recover-20221013,001,1795
1792.0015,1792.0342,68437,80549,Rhinolophus ferrumequinum,0.052,0.053,-1,Echolocation,/mnt/ubna_data_02_mir/recover-20221013/UBNA_001/20221012_030000.WAV,Telephone Field,recover-20221013,001,1795
1792.0015,1792.0138,25468,31739,Nyctalus leisleri,0.026,0.053,-1,Echolocation,/mnt/ubna_data_02_mir/recover-20221013/UBNA_001/20221012_030000.WAV,Telephone Field,recover-20221013,001,1795
1792.0505,1792.0873,68437,81606,Rhinolophus ferrumequinum,0.022,0.022,-1,Echolocation,/mnt/ubna_data_02_mir/recover-20221013/UBNA_001/20221012_030000.WAV,Telephone Field,recover-20221013,001,1795
1792.0775,1792.0838,28046,40091,Plecotus auritus,0.016,0.048,-1,Echolocation,/mnt/ubna_data_02_mir/recover-20221013/UBNA_001/20221012_030000.WAV,Telephone Field,recover-20221013,001,1795
1792.0825,1792.121,68437,82540,Rhinolophus ferrumequinum,0.021,0.021,-1,Echolocation,/mnt/ubna_data_02_mir/recover-20221013/UBNA_001/20221012_030000.WAV,Telephone Field,recover-20221013,001,1795
1792.1215,1792.1314,28046,36779,Eptesicus serotinus,0.01,0.023,-1,Echolocation,/mnt/ubna_data_02_mir/recover-20221013/UBNA_001/20221012_030000.WAV,Telephone Field,recover-20221013,001,1795
1792.1585,1792.165,26328,38910,Eptesicus serotinus,0.008,0.033,-1,Echolocation,/mnt/ubna_data_02_mir/recover-20221013/UBNA_001/20221012_030000.WAV,Telephone Field,recover-20221013,001,1795
1792.1725,1792.1829,23750,30181,Nyctalus leisleri,0.008,0.022,-1,Echolocation,/mnt/ubna_data_02_mir/recover-20221013/UBNA_001/20221012_030000.WAV,Telephone Field,recover-20221013,001,1795
1792.1985,1792.2052,28046,38641,Eptesicus serotinus,0.013,0.039,-1,Echolocation,/mnt/ubna_data_02_mir/recover-20221013/UBNA_001/20221012_030000.WAV,Telephone Field,recover-20221013,001,1795
1792.2065,1792.2152,23750,31137,Plecotus austriacus,0.006,0.021,-1,Echolocation,/mnt/ubna_data_02_mir/recover-20221013/UBNA_001/20221012_030000.WAV,Telephone Field,recover-20221013,001,1795
1792.2265,1792.2666,68437,81768,Rhinolophus ferrumequinum,0.022,0.022,-1,Echolocation,/mnt/ubna_data_02_mir/recover-20221013/UBNA_001/20221012_030000.WAV,Telephone Field,recover-20221013,001,1795
1792.2445,1792.2536,24609,32880,Eptesicus serotinus,0.008,0.029,-1,Echolocation,/mnt/ubna_data_02_mir/recover-20221013/UBNA_001/20221012_030000.WAV,Telephone Field,recover-20221013,001,1795
1792.3155,1792.3545,68437,82478,Rhinolophus ferrumequinum,0.025,0.025,-1,Echolocation,/mnt/ubna_data_02_mir/recover-20221013/UBNA_001/20221012_030000.WAV,Telephone Field,recover-20221013,001,1795
1792.3235,1792.365,68437,83366,Rhinolophus ferrumequinum,0.025,0.025,-1,Echolocation,/mnt/ubna_data_02_mir/recover-20221013/UBNA_001/20221012_030000.WAV,Telephone Field,recover-20221013,001,1795
1792.3815,1792.3915,22890,29543,Nyctalus leisleri,0.009,0.027,-1,Echolocation,/mnt/ubna_data_02_mir/recover-20221013/UBNA_001/20221012_030000.WAV,Telephone Field,recover-20221013,001,1795
1792.4485,1792.4858,68437,81458,Rhinolophus ferrumequinum,0.021,0.021,-1,Echolocation,/mnt/ubna_data_02_mir/recover-20221013/UBNA_001/20221012_030000.WAV,Telephone Field,recover-20221013,001,1795
1792.4545,1792.4623,28046,40487,Eptesicus serotinus,0.01,0.03,-1,Echolocation,/mnt/ubna_data_02_mir/recover-20221013/UBNA_001/20221012_030000.WAV,Telephone Field,recover-20221013,001,1795
1792.4915,1792.5301,68437,82182,Rhinolophus ferrumequinum,0.025,0.025,-1,Echolocation,/mnt/ubna_data_02_mir/recover-20221013/UBNA_001/20221012_030000.WAV,Telephone Field,recover-20221013,001,1795
1792.5285,1792.5664,68437,82160,Rhinolophus ferrumequinum,0.025,0.025,-1,Echolocation,/mnt/ubna_data_02_mir/recover-20221013/UBNA_001/20221012_030000.WAV,Telephone Field,recover-20221013,001,1795
1792.5365,1792.5774,68437,83062,Rhinolophus ferrumequinum,0.036,0.036,-1,Echolocation,/mnt/ubna_data_02_mir/recover-20221013/UBNA_001/20221012_030000.WAV,Telephone Field,recover-20221013,001,1795
1792.5565,1792.5669,28906,35778,Eptesicus serotinus,0.009,0.023,-1,Echolocation,/mnt/ubna_data_02_mir/recover-20221013/UBNA_001/20221012_030000.WAV,Telephone Field,recover-20221013,001,1795
1792.5865,1792.6293,68437,83546,Rhinolophus ferrumequinum,0.037,0.037,-1,Echolocation,/mnt/ubna_data_02_mir/recover-20221013/UBNA_001/20221012_030000.WAV,Telephone Field,recover-20221013,001,1795
1792.5905,1792.5994,25468,34534,Eptesicus serotinus,0.008,0.023,-1,Echolocation,/mnt/ubna_data_02_mir/recover-20221013/UBNA_001/20221012_030000.WAV,Telephone Field,recover-20221013,001,1795
1792.6145,1792.6538,68437,82536,Rhinolophus ferrumequinum,0.034,0.034,-1,Echolocation,/mnt/ubna_data_02_mir/recover-20221013/UBNA_001/20221012_030000.WAV,Telephone Field,recover-20221013,001,1795
1792.6395,1792.6472,28046,39830,Eptesicus serotinus,0.008,0.026,-1,Echolocation,/mnt/ubna_data_02_mir/recover-20221013/UBNA_001/20221012_030000.WAV,Telephone Field,recover-20221013,001,1795
1792.6515,1792.6622,28046,36262,Eptesicus serotinus,0.009,0.022,-1,Echolocation,/mnt/ubna_data_02_mir/recover-20221013/UBNA_001/20221012_030000.WAV,Telephone Field,recover-20221013,001,1795
1792.6525,1792.6904,68437,82280,Rhinolophus ferrumequinum,0.022,0.022,-1,Echolocation,/mnt/ubna_data_02_mir/recover-20221013/UBNA_001/20221012_030000.WAV,Telephone Field,recover-20221013,001,1795
1792.6565,1792.6669,26328,34618,Eptesicus serotinus,0.009,0.022,-1,Echolocation,/mnt/ubna_data_02_mir/recover-20221013/UBNA_001/20221012_030000.WAV,Telephone Field,recover-20221013,001,1795
1792.6875,1792.6965,28046,36387,Eptesicus serotinus,0.009,0.023,-1,Echolocation,/mnt/ubna_data_02_mir/recover-20221013/UBNA_001/20221012_030000.WAV,Telephone Field,recover-20221013,001,1795
1792.7415,1792.7516,22890,28058,Nyctalus leisleri,0.01,0.023,-1,Echolocation,/mnt/ubna_data_02_mir/recover-20221013/UBNA_001/20221012_030000.WAV,Telephone Field,recover-20221013,001,1795
1792.7555,1792.7723,21171,25789,Nyctalus leisleri,0.022,0.046,-1,Echolocation,/mnt/ubna_data_02_mir/recover-20221013/UBNA_001/20221012_030000.WAV,Telephone Field,recover-20221013,001,1795
1792.7675,1792.809,68437,82650,Rhinolophus ferrumequinum,0.024,0.024,-1,Echolocation,/mnt/ubna_data_02_mir/recover-20221013/UBNA_001/20221012_030000.WAV,Telephone Field,recover-20221013,001,1795
1792.7875,1792.8266,68437,82221,Rhinolophus ferrumequinum,0.028,0.028,-1,Echolocation,/mnt/ubna_data_02_mir/recover-20221013/UBNA_001/20221012_030000.WAV,Telephone Field,recover-20221013,001,1795
1792.8025,1792.8138,23750,29593,Nyctalus leisleri,0.016,0.034,-1,Echolocation,/mnt/ubna_data_02_mir/recover-20221013/UBNA_001/20221012_030000.WAV,Telephone Field,recover-20221013,001,1795
1792.8285,1792.8678,68437,82418,Rhinolophus ferrumequinum,0.023,0.023,-1,Echolocation,/mnt/ubna_data_02_mir/recover-20221013/UBNA_001/20221012_030000.WAV,Telephone Field,recover-20221013,001,1795
1792.8315,1792.8396,28906,40009,Eptesicus serotinus,0.009,0.026,-1,Echolocation,/mnt/ubna_data_02_mir/recover-20221013/UBNA_001/20221012_030000.WAV,Telephone Field,recover-20221013,001,1795
1792.8615,1792.9017,68437,82298,Rhinolophus ferrumequinum,0.026,0.026,-1,Echolocation,/mnt/ubna_data_02_mir/recover-20221013/UBNA_001/20221012_030000.WAV,Telephone Field,recover-20221013,001,1795
1792.8835,1792.8928,28906,38448,Eptesicus serotinus,0.012,0.025,-1,Echolocation,/mnt/ubna_data_02_mir/recover-20221013/UBNA_001/20221012_030000.WAV,Telephone Field,recover-20221013,001,1795
1792.8865,1792.93,68437,83094,Rhinolophus ferrumequinum,0.035,0.036,-1,Echolocation,/mnt/ubna_data_02_mir/recover-20221013/UBNA_001/20221012_030000.WAV,Telephone Field,recover-20221013,001,1795
1792.9435,1792.9832,68437,82263,Rhinolophus ferrumequinum,0.021,0.021,-1,Echolocation,/mnt/ubna_data_02_mir/recover-20221013/UBNA_001/20221012_030000.WAV,Telephone Field,recover-20221013,001,1795
1792.9575,1792.9953,68437,82648,Rhinolophus ferrumequinum,0.023,0.023,-1,Echolocation,/mnt/ubna_data_02_mir/recover-20221013/UBNA_001/20221012_030000.WAV,Telephone Field,recover-20221013,001,1795
1793.0195,1793.058,68437,81534,Rhinolophus ferrumequinum,0.027,0.027,-1,Echolocation,/mnt/ubna_data_02_mir/recover-20221013/UBNA_001/20221012_030000.WAV,Telephone Field,recover-20221013,001,1795
1793.0365,1793.0433,28906,39108,Eptesicus serotinus,0.008,0.027,-1,Echolocation,/mnt/ubna_data_02_mir/recover-20221013/UBNA_001/20221012_030000.WAV,Telephone Field,recover-20221013,001,1795
1793.0635,1793.1003,68437,81628,Rhinolophus ferrumequinum,0.022,0.022,-1,Echolocation,/mnt/ubna_data_02_mir/recover-20221013/UBNA_001/20221012_030000.WAV,Telephone Field,recover-20221013,001,1795
1793.0955,1793.1061,28906,35614,Eptesicus serotinus,0.01,0.022,-1,Echolocation,/mnt/ubna_data_02_mir/recover-20221013/UBNA_001/20221012_030000.WAV,Telephone Field,recover-20221013,001,1795
1793.1185,1793.1578,68437,82416,Rhinolophus ferrumequinum,0.023,0.023,-1,Echolocation,/mnt/ubna_data_02_mir/recover-20221013/UBNA_001/20221012_030000.WAV,Telephone Field,recover-20221013,001,1795
1793.1295,1793.1731,68437,83303,Rhinolophus ferrumequinum,0.029,0.029,-1,Echolocation,/mnt/ubna_data_02_mir/recover-20221013/UBNA_001/20221012_030000.WAV,Telephone Field,recover-20221013,001,1795
1793.1345,1793.1435,27187,37938,Eptesicus serotinus,0.012,0.029,-1,Echolocation,/mnt/ubna_data_02_mir/recover-20221013/UBNA_001/20221012_030000.WAV,Telephone Field,recover-20221013,001,1795
1793.1465,1793.1581,25468,30848,Eptesicus serotinus,0.017,0.042,-1,Echolocation,/mnt/ubna_data_02_mir/recover-20221013/UBNA_001/20221012_030000.WAV,Telephone Field,recover-20221013,001,1795
1793.1605,1793.2002,68437,82057,Rhinolophus ferrumequinum,0.022,0.022,-1,Echolocation,/mnt/ubna_data_02_mir/recover-20221013/UBNA_001/20221012_030000.WAV,Telephone Field,recover-20221013,001,1795
1793.2045,1793.2457,68437,82501,Rhinolophus ferrumequinum,0.027,0.027,-1,Echolocation,/mnt/ubna_data_02_mir/recover-20221013/UBNA_001/20221012_030000.WAV,Telephone Field,recover-20221013,001,1795
1793.2215,1793.23,22890,30378,Plecotus austriacus,0.009,0.021,-1,Echolocation,/mnt/ubna_data_02_mir/recover-20221013/UBNA_001/20221012_030000.WAV,Telephone Field,recover-20221013,001,1795
1793.2795,1793.3173,68437,82189,Rhinolophus ferrumequinum,0.024,0.024,-1,Echolocation,/mnt/ubna_data_02_mir/recover-20221013/UBNA_001/20221012_030000.WAV,Telephone Field,recover-20221013,001,1795
1793.2885,1793.3297,68437,83267,Rhinolophus ferrumequinum,0.027,0.027,-1,Echolocation,/mnt/ubna_data_02_mir/recover-20221013/UBNA_001/20221012_030000.WAV,Telephone Field,recover-20221013,001,1795
1793.2965,1793.3031,26328,39287,Eptesicus serotinus,0.005,0.021,-1,Echolocation,/mnt/ubna_data_02_mir/recover-20221013/UBNA_001/20221012_030000.WAV,Telephone Field,recover-20221013,001,1795
1793.3265,1793.3674,68437,82473,Rhinolophus ferrumequinum,0.025,0.025,-1,Echolocation,/mnt/ubna_data_02_mir/recover-20221013/UBNA_001/20221012_030000.WAV,Telephone Field,recover-20221013,001,1795
1793.3685,1793.4039,68437,81540,Rhinolophus ferrumequinum,0.021,0.021,-1,Echolocation,/mnt/ubna_data_02_mir/recover-20221013/UBNA_001/20221012_030000.WAV,Telephone Field,recover-20221013,001,1795
1793.3995,1793.408,44375,50399,Pipistrellus pipistrellus,0.022,0.023,-1,Echolocation,/mnt/ubna_data_02_mir/recover-20221013/UBNA_001/20221012_030000.WAV,Telephone Field,recover-20221013,001,1795
1793.4305,1793.4671,68437,81731,Rhinolophus ferrumequinum,0.023,0.024,-1,Echolocation,/mnt/ubna_data_02_mir/recover-20221013/UBNA_001/20221012_030000.WAV,Telephone Field,recover-20221013,001,1795
1793.4385,1793.4751,68437,81579,Rhinolophus ferrumequinum,0.022,0.022,-1,Echolocation,/mnt/ubna_data_02_mir/recover-20221013/UBNA_001/20221012_030000.WAV,Telephone Field,recover-20221013,001,1795
1793.4505,1793.4647,21171,24980,Nyctalus leisleri,0.014,0.023,-1,Echolocation,/mnt/ubna_data_02_mir/recover-20221013/UBNA_001/20221012_030000.WAV,Telephone Field,recover-20221013,001,1795
1793.4545,1793.494,68437,82245,Rhinolophus ferrumequinum,0.025,0.025,-1,Echolocation,/mnt/ubna_data_02_mir/recover-20221013/UBNA_001/20221012_030000.WAV,Telephone Field,recover-20221013,001,1795
1793.4665,1793.4771,23750,29471,Nyctalus leisleri,0.01,0.021,-1,Echolocation,/mnt/ubna_data_02_mir/recover-20221013/UBNA_001/20221012_030000.WAV,Telephone Field,recover-20221013,001,1795
1793.4755,1793.515,68437,82471,Rhinolophus ferrumequinum,0.032,0.032,-1,Echolocation,/mnt/ubna_data_02_mir/recover-20221013/UBNA_001/20221012_030000.WAV,Telephone Field,recover-20221013,001,1795
1793.4795,1793.4885,29765,39016,Eptesicus serotinus,0.007,0.022,-1,Echolocation,/mnt/ubna_data_02_mir/recover-20221013/UBNA_001/20221012_030000.WAV,Telephone Field,recover-20221013,001,1795
1793.5145,1793.525,27187,34107,Eptesicus serotinus,0.015,0.03,-1,Echolocation,/mnt/ubna_data_02_mir/recover-20221013/UBNA_001/20221012_030000.WAV,Telephone Field,recover-20221013,001,1795
1793.5485,1793.5592,22890,27727,Nyctalus leisleri,0.012,0.023,-1,Echolocation,/mnt/ubna_data_02_mir/recover-20221013/UBNA_001/20221012_030000.WAV,Telephone Field,recover-20221013,001,1795
1793.5485,1793.5869,68437,81818,Rhinolophus ferrumequinum,0.022,0.022,-1,Echolocation,/mnt/ubna_data_02_mir/recover-20221013/UBNA_001/20221012_030000.WAV,Telephone Field,recover-20221013,001,1795
1793.5845,1793.595,22890,29309,Nyctalus leisleri,0.01,0.024,-1,Echolocation,/mnt/ubna_data_02_mir/recover-20221013/UBNA_001/20221012_030000.WAV,Telephone Field,recover-20221013,001,1795
1793.6035,1793.6419,68437,82192,Rhinolophus ferrumequinum,0.022,0.022,-1,Echolocation,/mnt/ubna_data_02_mir/recover-20221013/UBNA_001/20221012_030000.WAV,Telephone Field,recover-20221013,001,1795
1793.6205,1793.6278,23750,32343,Plecotus austriacus,0.013,0.026,-1,Echolocation,/mnt/ubna_data_02_mir/recover-20221013/UBNA_001/20221012_030000.WAV,Telephone Field,recover-20221013,001,1795
1793.6225,1793.6587,68437,82118,Rhinolophus ferrumequinum,0.022,0.022,-1,Echolocation,/mnt/ubna_data_02_mir/recover-20221013/UBNA_001/20221012_030000.WAV,Telephone Field,recover-20221013,001,1795
1793.6295,1793.6685,68437,82607,Rhinolophus ferrumequinum,0.024,0.024,-1,Echolocation,/mnt/ubna_data_02_mir/recover-20221013/UBNA_001/20221012_030000.WAV,Telephone Field,recover-20221013,001,1795
1793.6345,1793.6751,68437,82673,Rhinolophus ferrumequinum,0.024,0.024,-1,Echolocation,/mnt/ubna_data_02_mir/recover-20221013/UBNA_001/20221012_030000.WAV,Telephone Field,recover-20221013,001,1795
1793.6415,1793.6803,68437,82611,Rhinolophus ferrumequinum,0.021,0.021,-1,Echolocation,/mnt/ubna_data_02_mir/recover-20221013/UBNA_001/20221012_030000.WAV,Telephone Field,recover-20221013,001,1795
1793.6525,1793.6939,68437,83096,Rhinolophus ferrumequinum,0.024,0.024,-1,Echolocation,/mnt/ubna_data_02_mir/recover-20221013/UBNA_001/20221012_030000.WAV,Telephone Field,recover-20221013,001,1795
1793.6835,1793.7203,68437,81640,Rhinolophus ferrumequinum,0.023,0.023,-1,Echolocation,/mnt/ubna_data_02_mir/recover-20221013/UBNA_001/20221012_030000.WAV,Telephone Field,recover-20221013,001,1795
1793.6955,1793.7052,28906,37908,Eptesicus serotinus,0.011,0.026,-1,Echolocation,/mnt/ubna_data_02_mir/recover-20221013/UBNA_001/20221012_030000.WAV,Telephone Field,recover-20221013,001,1795
1793.7015,1793.739,68437,82168,Rhinolophus ferrumequinum,0.021,0.021,-1,Echolocation,/mnt/ubna_data_02_mir/recover-20221013/UBNA_001/20221012_030000.WAV,Telephone Field,recover-20221013,001,1795
1793.7045,1793.7131,28906,39196,Eptesicus serotinus,0.01,0.029,-1,Echolocation,/mnt/ubna_data_02_mir/recover-20221013/UBNA_001/20221012_030000.WAV,Telephone Field,recover-20221013,001,1795
1793.7665,1793.8064,68437,82822,Rhinolophus ferrumequinum,0.027,0.027,-1,Echolocation,/mnt/ubna_data_02_mir/recover-20221013/UBNA_001/20221012_030000.WAV,Telephone Field,recover-20221013,001,1795
1793.8065,1793.8146,28046,39459,Eptesicus serotinus,0.007,0.023,-1,Echolocation,/mnt/ubna_data_02_mir/recover-20221013/UBNA_001/20221012_030000.WAV,Telephone Field,recover-20221013,001,1795
1793.8365,1793.8476,14296,18823,Nyctalus noctula,0.019,0.034,-1,Echolocation,/mnt/ubna_data_02_mir/recover-20221013/UBNA_001/20221012_030000.WAV,Telephone Field,recover-20221013,001,1795
1793.8425,1793.854,30625,37467,Eptesicus serotinus,0.011,0.023,-1,Echolocation,/mnt/ubna_data_02_mir/recover-20221013/UBNA_001/20221012_030000.WAV,Telephone Field,recover-20221013,001,1795
1793.8475,1793.8858,68437,82670,Rhinolophus ferrumequinum,0.023,0.023,-1,Echolocation,/mnt/ubna_data_02_mir/recover-20221013/UBNA_001/20221012_030000.WAV,Telephone Field,recover-20221013,001,1795
1793.8745,1793.9099,67578,79801,Rhinolophus ferrumequinum,0.022,0.022,-1,Echolocation,/mnt/ubna_data_02_mir/recover-20221013/UBNA_001/20221012_030000.WAV,Telephone Field,recover-20221013,001,1795
1793.8825,1793.8899,25468,34840,Plecotus austriacus,0.006,0.023,-1,Echolocation,/mnt/ubna_data_02_mir/recover-20221013/UBNA_001/20221012_030000.WAV,Telephone Field,recover-20221013,001,1795
1793.9235,1793.9602,68437,81819,Rhinolophus ferrumequinum,0.021,0.021,-1,Echolocation,/mnt/ubna_data_02_mir/recover-20221013/UBNA_001/20221012_030000.WAV,Telephone Field,recover-20221013,001,1795
1793.9495,1793.9609,23750,30019,Nyctalus leisleri,0.014,0.031,-1,Echolocation,/mnt/ubna_data_02_mir/recover-20221013/UBNA_001/20221012_030000.WAV,Telephone Field,recover-20221013,001,1795
1793.9865,1793.9958,26328,37516,Eptesicus serotinus,0.01,0.024,-1,Echolocation,/mnt/ubna_data_02_mir/recover-20221013/UBNA_001/20221012_030000.WAV,Telephone Field,recover-20221013,001,1795
1794.0015,1794.0105,25468,33486,Nyctalus leisleri,0.008,0.026,-1,Echolocation,/mnt/ubna_data_02_mir/recover-20221013/UBNA_001/20221012_030000.WAV,Telephone Field,recover-20221013,001,1795
1794.0015,1794.0329,68437,80033,Rhinolophus ferrumequinum,0.045,0.046,-1,Echolocation,/mnt/ubna_data_02_mir/recover-20221013/UBNA_001/20221012_030000.WAV,Telephone Field,recover-20221013,001,1795
1794.0015,1794.0097,45234,52089,Pipistrellus pipistrellus,0.032,0.038,-1,Echolocation,/mnt/ubna_data_02_mir/recover-20221013/UBNA_001/20221012_030000.WAV,Telephone Field,recover-20221013,001,1795
1794.0075,1794.0463,68437,81974,Rhinolophus ferrumequinum,0.023,0.023,-1,Echolocation,/mnt/ubna_data_02_mir/recover-20221013/UBNA_001/20221012_030000.WAV,Telephone Field,recover-20221013,001,1795
1794.0295,1794.039,28906,36957,Eptesicus serotinus,0.012,0.025,-1,Echolocation,/mnt/ubna_data_02_mir/recover-20221013/UBNA_001/20221012_030000.WAV,Telephone Field,recover-20221013,001,1795
1794.0585,1794.0647,34062,53722,Myotis daubentonii,0.008,0.025,-1,Echolocation,/mnt/ubna_data_02_mir/recover-20221013/UBNA_001/20221012_030000.WAV,Telephone Field,recover-20221013,001,1795
1794.0675,1794.1056,68437,81340,Rhinolophus ferrumequinum,0.021,0.021,-1,Echolocation,/mnt/ubna_data_02_mir/recover-20221013/UBNA_001/20221012_030000.WAV,Telephone Field,recover-20221013,001,1795
1794.0825,1794.1217,68437,82340,Rhinolophus ferrumequinum,0.022,0.022,-1,Echolocation,/mnt/ubna_data_02_mir/recover-20221013/UBNA_001/20221012_030000.WAV,Telephone Field,recover-20221013,001,1795
1794.0885,1794.0985,22890,28643,Nyctalus leisleri,0.009,0.024,-1,Echolocation,/mnt/ubna_data_02_mir/recover-20221013/UBNA_001/20221012_030000.WAV,Telephone Field,recover-20221013,001,1795
1794.1045,1794.1385,68437,80805,Rhinolophus ferrumequinum,0.021,0.021,-1,Echolocation,/mnt/ubna_data_02_mir/recover-20221013/UBNA_001/20221012_030000.WAV,Telephone Field,recover-20221013,001,1795
1794.1215,1794.1641,68437,83108,Rhinolophus ferrumequinum,0.038,0.038,-1,Echolocation,/mnt/ubna_data_02_mir/recover-20221013/UBNA_001/20221012_030000.WAV,Telephone Field,recover-20221013,001,1795
1794.1475,1794.1867,68437,82211,Rhinolophus ferrumequinum,0.024,0.024,-1,Echolocation,/mnt/ubna_data_02_mir/recover-20221013/UBNA_001/20221012_030000.WAV,Telephone Field,recover-20221013,001,1795
1794.1805,1794.1928,22890,27446,Nyctalus leisleri,0.012,0.022,-1,Echolocation,/mnt/ubna_data_02_mir/recover-20221013/UBNA_001/20221012_030000.WAV,Telephone Field,recover-20221013,001,1795
1794.1845,1794.2261,68437,82286,Rhinolophus ferrumequinum,0.034,0.035,-1,Echolocation,/mnt/ubna_data_02_mir/recover-20221013/UBNA_001/20221012_030000.WAV,Telephone Field,recover-20221013,001,1795
1794.1965,1794.2033,47812,52587,Pipistrellus pipistrellus,0.022,0.024,-1,Echolocation,/mnt/ubna_data_02_mir/recover-20221013/UBNA_001/20221012_030000.WAV,Telephone Field,recover-20221013,001,1795
1794.2065,1794.2149,27187,38170,Eptesicus serotinus,0.008,0.022,-1,Echolocation,/mnt/ubna_data_02_mir/recover-20221013/UBNA_001/20221012_030000.WAV,Telephone Field,recover-20221013,001,1795
1794.2135,1794.2234,26328,34317,Eptesicus serotinus,0.01,0.024,-1,Echolocation,/mnt/ubna_data_02_mir/recover-20221013/UBNA_001/20221012_030000.WAV,Telephone Field,recover-20221013,001,1795
1794.2165,1794.2502,68437,81148,Rhinolophus ferrumequinum,0.021,0.021,-1,Echolocation,/mnt/ubna_data_02_mir/recover-20221013/UBNA_001/20221012_030000.WAV,Telephone Field,recover-20221013,001,1795
1794.2445,1794.2821,68437,81954,Rhinolophus ferrumequinum,0.022,0.022,-1,Echolocation,/mnt/ubna_data_02_mir/recover-20221013/UBNA_001/20221012_030000.WAV,Telephone Field,recover-20221013,001,1795
1794.2655,1794.3055,68437,82473,Rhinolophus ferrumequinum,0.024,0.024,-1,Echolocation,/mnt/ubna_data_02_mir/recover-20221013/UBNA_001/20221012_030000.WAV,Telephone Field,recover-20221013,001,1795
1794.2755,1794.2848,26328,34947,Eptesicus serotinus,0.01,0.023,-1,Echolocation,/mnt/ubna_data_02_mir/recover-20221013/UBNA_001/20221012_030000.WAV,Telephone Field,recover-20221013,001,1795
1794.3305,1794.3648,68437,80943,Rhinolophus ferrumequinum,0.022,0.022,-1,Echolocation,/mnt/ubna_data_02_mir/recover-20221013/UBNA_001/20221012_030000.WAV,Telephone Field,recover-20221013,001,1795
1794.3565,1794.3965,68437,82826,Rhinolophus ferrumequinum,0.023,0.023,-1,Echolocation,/mnt/ubna_data_02_mir/recover-20221013/UBNA_001/20221012_030000.WAV,Telephone Field,recover-20221013,001,1795
1794.3915,1794.3999,28046,36644,Eptesicus serotinus,0.008,0.023,-1,Echolocation,/mnt/ubna_data_02_mir/recover-20221013/UBNA_001/20221012_030000.WAV,Telephone Field,recover-20221013,001,1795
1794.4155,1794.424,28046,38471,Eptesicus serotinus,0.012,0.028,-1,Echolocation,/mnt/ubna_data_02_mir/recover-20221013/UBNA_001/20221012_030000.WAV,Telephone Field,recover-20221013,001,1795
1794.4355,1794.4698,68437,81465,Rhinolophus ferrumequinum,0.021,0.021,-1,Echolocation,/mnt/ubna_data_02_mir/recover-20221013/UBNA_001/20221012_030000.WAV,Telephone Field,recover-20221013,001,1795
1794.4445,1794.454,28906,37736,Eptesicus serotinus,0.012,0.025,-1,Echolocation,/mnt/ubna_data_02_mir/recover-20221013/UBNA_001/20221012_030000.WAV,Telephone Field,recover-20221013,001,1795
1794.4665,1794.507,68437,82671,Rhinolophus ferrumequinum,0.028,0.028,-1,Echolocation,/mnt/ubna_data_02_mir/recover-20221013/UBNA_001/20221012_030000.WAV,Telephone Field,recover-20221013,001,1795
1794.4885,1794.5016,28046,34138,Eptesicus serotinus,0.027,0.044,-1,Echolocation,/mnt/ubna_data_02_mir/recover-20221013/UBNA_001/20221012_030000.WAV,Telephone Field,recover-20221013,001,1795
1794.5145,1794.5566,68437,82580,Rhinolophus ferrumequinum,0.025,0.025,-1,Echolocation,/mnt/ubna_data_02_mir/recover-20221013/UBNA_001/20221012_030000.WAV,Telephone Field,recover-20221013,001,1795
1794.5885,1794.5965,28906,38510,Eptesicus serotinus,0.007,0.021,-1,Echolocation,/mnt/ubna_data_02_mir/recover-20221013/UBNA_001/20221012_030000.WAV,Telephone Field,recover-20221013,001,1795
1794.6145,1794.6529,68437,82541,Rhinolophus ferrumequinum,0.028,0.028,-1,Echolocation,/mnt/ubna_data_02_mir/recover-20221013/UBNA_001/20221012_030000.WAV,Telephone Field,recover-20221013,001,1795
1794.7085,1794.7478,68437,81332,Rhinolophus ferrumequinum,0.025,0.025,-1,Echolocation,/mnt/ubna_data_02_mir/recover-20221013/UBNA_001/20221012_030000.WAV,Telephone Field,recover-20221013,001,1795
1794.7315,1794.7667,68437,81432,Rhinolophus ferrumequinum,0.021,0.021,-1,Echolocation,/mnt/ubna_data_02_mir/recover-20221013/UBNA_001/20221012_030000.WAV,Telephone Field,recover-20221013,001,1795
1794.7395,1794.7763,68437,81513,Rhinolophus ferrumequinum,0.023,0.023,-1,Echolocation,/mnt/ubna_data_02_mir/recover-20221013/UBNA_001/20221012_030000.WAV,Telephone Field,recover-20221013,001,1795
1794.7535,1794.7636,27187,34700,Eptesicus serotinus,0.012,0.025,-1,Echolocation,/mnt/ubna_data_02_mir/recover-20221013/UBNA_001/20221012_030000.WAV,Telephone Field,recover-20221013,001,1795
1794.7595,1794.7953,68437,81722,Rhinolophus ferrumequinum,0.021,0.021,-1,Echolocation,/mnt/ubna_data_02_mir/recover-20221013/UBNA_001/20221012_030000.WAV,Telephone Field,recover-20221013,001,1795
1794.7705,1794.8109,68437,81953,Rhinolophus ferrumequinum,0.025,0.025,-1,Echolocation,/mnt/ubna_data_02_mir/recover-20221013/UBNA_001/20221012_030000.WAV,Telephone Field,recover-20221013,001,1795
1794.8045,1794.8125,27187,41969,Eptesicus serotinus,0.008,0.024,-1,Echolocation,/mnt/ubna_data_02_mir/recover-20221013/UBNA_001/20221012_030000.WAV,Telephone Field,recover-20221013,001,1795
1794.8495,1794.8573,27187,38697,Eptesicus serotinus,0.007,0.021,-1,Echolocation,/mnt/ubna_data_02_mir/recover-20221013/UBNA_001/20221012_030000.WAV,Telephone Field,recover-20221013,001,1795
1794.8665,1794.8765,24609,31701,Eptesicus serotinus,0.011,0.032,-1,Echolocation,/mnt/ubna_data_02_mir/recover-20221013/UBNA_001/20221012_030000.WAV,Telephone Field,recover-20221013,001,1795
1794.8805,1794.9193,68437,81859,Rhinolophus ferrumequinum,0.022,0.022,-1,Echolocation,/mnt/ubna_data_02_mir/recover-20221013/UBNA_001/20221012_030000.WAV,Telephone Field,recover-20221013,001,1795
1794.9005,1794.9097,25468,32992,Eptesicus serotinus,0.008,0.024,-1,Echolocation,/mnt/ubna_data_02_mir/recover-20221013/UBNA_001/20221012_030000.WAV,Telephone Field,recover-20221013,001,1795
1794.9335,1794.9438,22890,28397,Nyctalus leisleri,0.009,0.022,-1,Echolocation,/mnt/ubna_data_02_mir/recover-20221013/UBNA_001/20221012_030000.WAV,Telephone Field,recover-20221013,001,1795
1794.9485,1794.9862,68437,81848,Rhinolophus ferrumequinum,0.022,0.022,-1,Echolocation,/mnt/ubna_data_02_mir/recover-20221013/UBNA_001/20221012_030000.WAV,Telephone Field,recover-20221013,001,1795
